school_name,year,school_unique_id,number_of_students,crimes_noncampus_murder_non_negligent_manslaughter,crimes_noncampus_negligent_manslaughter,crimes_noncampus_sex_offenses_forcible,crimes_noncampus_rape,crimes_noncampus_fondling,crimes_noncampus_sex_offenses_non_forcible,crimes_noncampus_incest,crimes_noncampus_statutory_rape,crimes_noncampus_robbery,crimes_noncampus_aggravated_assault,crimes_noncampus_burglary,crimes_noncampus_motor_vehicle_theft,crimes_noncampus_arson,crimes_on_campus_murder_non_negligent_manslaughter,crimes_on_campus_negligent_manslaughter,crimes_on_campus_sex_offenses_forcible,crimes_on_campus_rape,crimes_on_campus_fondling,crimes_on_campus_sex_offenses_non_forcible,crimes_on_campus_incest,crimes_on_campus_statutory_rape,crimes_on_campus_robbery,crimes_on_campus_aggravated_assault,crimes_on_campus_burglary,crimes_on_campus_motor_vehicle_theft,crimes_on_campus_arson,crimes_on_campus_student_housing_facilities_murder_non_negligent_manslaughter,crimes_on_campus_student_housing_facilities_negligent_manslaughter,crimes_on_campus_student_housing_facilities_sex_offenses_forcible,crimes_on_campus_student_housing_facilities_rape,crimes_on_campus_student_housing_facilities_fondling,crimes_on_campus_student_housing_facilities_sex_offenses_non_forcible,crimes_on_campus_student_housing_facilities_incest,crimes_on_campus_student_housing_facilities_statutory_rape,crimes_on_campus_student_housing_facilities_robbery,crimes_on_campus_student_housing_facilities_aggravated_assault,crimes_on_campus_student_housing_facilities_burglary,crimes_on_campus_student_housing_facilities_motor_vehicle_theft,crimes_on_campus_student_housing_facilities_arson,crimes_public_property_murder_non_negligent_manslaughter,crimes_public_property_negligent_manslaughter,crimes_public_property_sex_offenses_forcible,crimes_public_property_rape,crimes_public_property_fondling,crimes_public_property_sex_offenses_non_forcible,crimes_public_property_incest,crimes_public_property_statutory_rape,crimes_public_property_robbery,crimes_public_property_aggravated_assault,crimes_public_property_burglary,crimes_public_property_motor_vehicle_theft,crimes_public_property_arson,arrests_noncampus_illegal_weapons_possession,arrests_noncampus_drug_law_violations,arrests_noncampus_liquor_law_violations,arrests_on_campus_illegal_weapons_possession,arrests_on_campus_drug_law_violations,arrests_on_campus_liquor_law_violations,arrests_on_campus_student_housing_facilities_illegal_weapons_possession,arrests_on_campus_student_housing_facilities_drug_law_violations,arrests_on_campus_student_housing_facilities_liquor_law_violations,arrests_public_property_illegal_weapons_possession,arrests_public_property_drug_law_violations,arrests_public_property_liquor_law_violations,discipline_noncampus_illegal_weapons_possession,discipline_noncampus_drug_law_violations,discipline_noncampus_liquor_law_violations,discipline_on_campus_illegal_weapons_possession,discipline_on_campus_drug_law_violations,discipline_on_campus_liquor_law_violations,discipline_public_property_illegal_weapons_possession,discipline_public_property_drug_law_violations,discipline_public_property_liquor_law_violations,discipline_student_housing_facilities_illegal_weapons_possession,discipline_student_housing_facilities_drug_law_violations,discipline_student_housing_facilities_liquor_law_violations,hate_noncampus_murder_non_negligent_manslaughter,hate_noncampus_murder_non_negligent_manslaughter_race,hate_noncampus_murder_non_negligent_manslaughter_religion,hate_noncampus_murder_non_negligent_manslaughter_sexual_orientation,hate_noncampus_murder_non_negligent_manslaughter_gender,hate_noncampus_murder_non_negligent_manslaughter_gender_identity,hate_noncampus_murder_non_negligent_manslaughter_disability,hate_noncampus_murder_non_negligent_manslaughter_ethnicity_national_origin,hate_noncampus_murder_non_negligent_manslaughter_ethnicity,hate_noncampus_murder_non_negligent_manslaughter_national_origin,hate_noncampus_negligent_manslaughter,hate_noncampus_negligent_manslaughter_race,hate_noncampus_negligent_manslaughter_religion,hate_noncampus_negligent_manslaughter_sexual_orientation,hate_noncampus_negligent_manslaughter_gender,hate_noncampus_negligent_manslaughter_disability,hate_noncampus_negligent_manslaughter_ethnicity_national_origin,hate_noncampus_sex_offenses_forcible,hate_noncampus_sex_offenses_forcible_race,hate_noncampus_sex_offenses_forcible_religion,hate_noncampus_sex_offenses_forcible_sexual_orientation,hate_noncampus_sex_offenses_forcible_gender,hate_noncampus_sex_offenses_forcible_disability,hate_noncampus_sex_offenses_forcible_ethnicity_national_origin,hate_noncampus_sex_offenses_non_forcible,hate_noncampus_sex_offenses_non_forcible_race,hate_noncampus_sex_offenses_non_forcible_religion,hate_noncampus_sex_offenses_non_forcible_sexual_orientation,hate_noncampus_sex_offenses_non_forcible_gender,hate_noncampus_sex_offenses_non_forcible_disability,hate_noncampus_sex_offenses_non_forcible_ethnicity_national_origin,hate_noncampus_rape,hate_noncampus_rape_race,hate_noncampus_rape_religion,hate_noncampus_rape_forcible_sexual_orientation,hate_noncampus_rape_gender,hate_noncampus_rape_gender_identity,hate_noncampus_rape_disability,hate_noncampus_rape_ethnicity,hate_noncampus_rape_national_origin,hate_noncampus_fondling,hate_noncampus_fondling_race,hate_noncampus_fondling_religion,hate_noncampus_fondling_forcible_sexual_orientation,hate_noncampus_fondling_gender,hate_noncampus_fondling_gender_identity,hate_noncampus_fondling_disability,hate_noncampus_fondling_ethnicity,hate_noncampus_fondling_national_origin,hate_noncampus_incest,hate_noncampus_incest_race,hate_noncampus_incest_religion,hate_noncampus_incest_forcible_sexual_orientation,hate_noncampus_incest_gender,hate_noncampus_incest_gender_identity,hate_noncampus_incest_disability,hate_noncampus_incest_ethnicity,hate_noncampus_incest_national_origin,hate_noncampus_statutory_rape,hate_noncampus_statutory_rape_race,hate_noncampus_statutory_rape_religion,hate_noncampus_statutory_rape_forcible_sexual_orientation,hate_noncampus_statutory_rape_gender,hate_noncampus_statutory_rape_gender_identity,hate_noncampus_statutory_rape_disability,hate_noncampus_statutory_rape_ethnicity,hate_noncampus_statutory_rape_national_origin,hate_noncampus_robbery,hate_noncampus_robbery_race,hate_noncampus_robbery_religion,hate_noncampus_robbery_sexual_orientation,hate_noncampus_robbery_gender,hate_noncampus_robbery_gender_identity,hate_noncampus_robbery_disability,hate_noncampus_robbery_ethnicity_national_origin,hate_noncampus_robbery_ethnicity,hate_noncampus_robbery_national_origin,hate_noncampus_aggravated_assault,hate_noncampus_aggravated_assault_race,hate_noncampus_aggravated_assault_religion,hate_noncampus_aggravated_assault_sexual_orientation,hate_noncampus_aggravated_assault_gender,hate_noncampus_aggravated_assault_gender_identity,hate_noncampus_aggravated_assault_disability,hate_noncampus_aggravated_assault_ethnicity_national_origin,hate_noncampus_aggravated_assault_ethnicity,hate_noncampus_aggravated_assault_national_origin,hate_noncampus_burglary,hate_noncampus_burglary_race,hate_noncampus_burglary_religion,hate_noncampus_burglary_sexual_orientation,hate_noncampus_burglary_gender,hate_noncampus_burglary_gender_identity,hate_noncampus_burglary_disability,hate_noncampus_burglary_ethnicity_national_origin,hate_noncampus_burglary_ethnicity,hate_noncampus_burglary_national_origin,hate_noncampus_motor_vehicle_theft,hate_noncampus_motor_vehicle_theft_race,hate_noncampus_motor_vehicle_theft_religion,hate_noncampus_motor_vehicle_theft_sexual_orientation,hate_noncampus_motor_vehicle_theft_gender,hate_noncampus_motor_vehicle_theft_gender_identity,hate_noncampus_motor_vehicle_theft_disability,hate_noncampus_motor_vehicle_theft_ethnicity_national_origin,hate_noncampus_motor_vehicle_theft_ethnicity,hate_noncampus_motor_vehicle_theft_national_origin,hate_noncampus_arson,hate_noncampus_arson_race,hate_noncampus_arson_religion,hate_noncampus_arson_sexual_orientation,hate_noncampus_arson_gender,hate_noncampus_arson_gender_identity,hate_noncampus_arson_disability,hate_noncampus_arson_ethnicity_national_origin,hate_noncampus_arson_ethnicity,hate_noncampus_arson_national_origin,hate_noncampus_simple_assault,hate_noncampus_simple_assault_race,hate_noncampus_simple_assault_religion,hate_noncampus_simple_assault_sexual_orientation,hate_noncampus_simple_assault_gender,hate_noncampus_simple_assault_gender_identity,hate_noncampus_simple_assault_disability,hate_noncampus_simple_assault_ethnicity_national_origin,hate_noncampus_simple_assault_ethnicity,hate_noncampus_simple_assault_national_origin,hate_noncampus_larceny_theft,hate_noncampus_larceny_theft_race,hate_noncampus_larceny_theft_religion,hate_noncampus_larceny_theft_sexual_orientation,hate_noncampus_larceny_theft_gender,hate_noncampus_larceny_theft_gender_identity,hate_noncampus_larceny_theft_disability,hate_noncampus_larceny_theft_ethnicity_national_origin,hate_noncampus_larceny_theft_ethnicity,hate_noncampus_larceny_theft_national_origin,hate_noncampus_intimidation,hate_noncampus_intimidation_race,hate_noncampus_intimidation_religion,hate_noncampus_intimidation_sexual_orientation,hate_noncampus_intimidation_gender,hate_noncampus_intimidation_gender_identity,hate_noncampus_intimidation_disability,hate_noncampus_intimidation_ethnicity_national_origin,hate_noncampus_intimidation_ethnicity,hate_noncampus_intimidation_national_origin,hate_noncampus_destruction_damage_vandalism_of_property,hate_noncampus_destruction_damage_vandalism_of_property_race,hate_noncampus_destruction_damage_vandalism_of_property_religion,hate_noncampus_destruction_damage_vandalism_of_property_sexual_orientation,hate_noncampus_destruction_damage_vandalism_of_property_gender,hate_noncampus_destruction_damage_vandalism_of_property_gender_identity,hate_noncampus_destruction_damage_vandalism_of_property_disability,hate_noncampus_destruction_damage_vandalism_of_property_ethnicity_national_origin,hate_noncampus_destruction_damage_vandalism_of_property_ethnicity,hate_noncampus_destruction_damage_vandalism_of_property_national_origin,hate_on_campus_murder_non_negligent_manslaughter,hate_on_campus_murder_non_negligent_manslaughter_race,hate_on_campus_murder_non_negligent_manslaughter_religion,hate_on_campus_murder_non_negligent_manslaughter_sexual_orientation,hate_on_campus_murder_non_negligent_manslaughter_gender,hate_on_campus_murder_non_negligent_manslaughter_gender_identity,hate_on_campus_murder_non_negligent_manslaughter_disability,hate_on_campus_murder_non_negligent_manslaughter_ethnicity_national_origin,hate_on_campus_murder_non_negligent_manslaughter_ethnicity,hate_on_campus_murder_non_negligent_manslaughter_national_origin,hate_on_campus_negligent_manslaughter,hate_on_campus_negligent_manslaughter_race,hate_on_campus_negligent_manslaughter_religion,hate_on_campus_negligent_manslaughter_sexual_orientation,hate_on_campus_negligent_manslaughter_gender,hate_on_campus_negligent_manslaughter_disability,hate_on_campus_negligent_manslaughter_ethnicity_national_origin,hate_on_campus_sex_offenses_forcible,hate_on_campus_sex_offenses_forcible_race,hate_on_campus_sex_offenses_forcible_religion,hate_on_campus_sex_offenses_forcible_sexual_orientation,hate_on_campus_sex_offenses_forcible_gender,hate_on_campus_sex_offenses_forcible_disability,hate_on_campus_sex_offenses_forcible_ethnicity_national_origin,hate_on_campus_sex_offenses_non_forcible,hate_on_campus_sex_offenses_non_forcible_race,hate_on_campus_sex_offenses_non_forcible_religion,hate_on_campus_sex_offenses_non_forcible_sexual_orientation,hate_on_campus_sex_offenses_non_forcible_gender,hate_on_campus_sex_offenses_non_forcible_disability,hate_on_campus_sex_offenses_non_forcible_ethnicity_national_origin,hate_on_campus_rape,hate_on_campus_rape_race,hate_on_campus_rape_religion,hate_on_campus_rape_forcible_sexual_orientation,hate_on_campus_rape_gender,hate_on_campus_rape_gender_identity,hate_on_campus_rape_disability,hate_on_campus_rape_ethnicity,hate_on_campus_rape_national_origin,hate_on_campus_fondling,hate_on_campus_fondling_race,hate_on_campus_fondling_religion,hate_on_campus_fondling_forcible_sexual_orientation,hate_on_campus_fondling_gender,hate_on_campus_fondling_gender_identity,hate_on_campus_fondling_disability,hate_on_campus_fondling_ethnicity,hate_on_campus_fondling_national_origin,hate_on_campus_incest,hate_on_campus_incest_race,hate_on_campus_incest_religion,hate_on_campus_incest_forcible_sexual_orientation,hate_on_campus_incest_gender,hate_on_campus_incest_gender_identity,hate_on_campus_incest_disability,hate_on_campus_incest_ethnicity,hate_on_campus_incest_national_origin,hate_on_campus_statutory_rape,hate_on_campus_statutory_rape_race,hate_on_campus_statutory_rape_religion,hate_on_campus_statutory_rape_forcible_sexual_orientation,hate_on_campus_statutory_rape_gender,hate_on_campus_statutory_rape_gender_identity,hate_on_campus_statutory_rape_disability,hate_on_campus_statutory_rape_ethnicity,hate_on_campus_statutory_rape_national_origin,hate_on_campus_robbery,hate_on_campus_robbery_race,hate_on_campus_robbery_religion,hate_on_campus_robbery_sexual_orientation,hate_on_campus_robbery_gender,hate_on_campus_robbery_gender_identity,hate_on_campus_robbery_disability,hate_on_campus_robbery_ethnicity_national_origin,hate_on_campus_robbery_ethnicity,hate_on_campus_robbery_national_origin,hate_on_campus_aggravated_assault,hate_on_campus_aggravated_assault_race,hate_on_campus_aggravated_assault_religion,hate_on_campus_aggravated_assault_sexual_orientation,hate_on_campus_aggravated_assault_gender,hate_on_campus_aggravated_assault_gender_identity,hate_on_campus_aggravated_assault_disability,hate_on_campus_aggravated_assault_ethnicity_national_origin,hate_on_campus_aggravated_assault_ethnicity,hate_on_campus_aggravated_assault_national_origin,hate_on_campus_burglary,hate_on_campus_burglary_race,hate_on_campus_burglary_religion,hate_on_campus_burglary_sexual_orientation,hate_on_campus_burglary_gender,hate_on_campus_burglary_gender_identity,hate_on_campus_burglary_disability,hate_on_campus_burglary_ethnicity_national_origin,hate_on_campus_burglary_ethnicity,hate_on_campus_burglary_national_origin,hate_on_campus_motor_vehicle_theft,hate_on_campus_motor_vehicle_theft_race,hate_on_campus_motor_vehicle_theft_religion,hate_on_campus_motor_vehicle_theft_sexual_orientation,hate_on_campus_motor_vehicle_theft_gender,hate_on_campus_motor_vehicle_theft_gender_identity,hate_on_campus_motor_vehicle_theft_disability,hate_on_campus_motor_vehicle_theft_ethnicity_national_origin,hate_on_campus_motor_vehicle_theft_ethnicity,hate_on_campus_motor_vehicle_theft_national_origin,hate_on_campus_arson,hate_on_campus_arson_race,hate_on_campus_arson_religion,hate_on_campus_arson_sexual_orientation,hate_on_campus_arson_gender,hate_on_campus_arson_gender_identity,hate_on_campus_arson_disability,hate_on_campus_arson_ethnicity_national_origin,hate_on_campus_arson_ethnicity,hate_on_campus_arson_national_origin,hate_on_campus_simple_assault,hate_on_campus_simple_assault_race,hate_on_campus_simple_assault_religion,hate_on_campus_simple_assault_sexual_orientation,hate_on_campus_simple_assault_gender,hate_on_campus_simple_assault_gender_identity,hate_on_campus_simple_assault_disability,hate_on_campus_simple_assault_ethnicity_national_origin,hate_on_campus_simple_assault_ethnicity,hate_on_campus_simple_assault_national_origin,hate_on_campus_larceny_theft,hate_on_campus_larceny_theft_race,hate_on_campus_larceny_theft_religion,hate_on_campus_larceny_theft_sexual_orientation,hate_on_campus_larceny_theft_gender,hate_on_campus_larceny_theft_gender_identity,hate_on_campus_larceny_theft_disability,hate_on_campus_larceny_theft_ethnicity_national_origin,hate_on_campus_larceny_theft_ethnicity,hate_on_campus_larceny_theft_national_origin,hate_on_campus_intimidation,hate_on_campus_intimidation_race,hate_on_campus_intimidation_religion,hate_on_campus_intimidation_sexual_orientation,hate_on_campus_intimidation_gender,hate_on_campus_intimidation_gender_identity,hate_on_campus_intimidation_disability,hate_on_campus_intimidation_ethnicity_national_origin,hate_on_campus_intimidation_ethnicity,hate_on_campus_intimidation_national_origin,hate_on_campus_destruction_damage_vandalism_of_property,hate_on_campus_destruction_damage_vandalism_of_property_race,hate_on_campus_destruction_damage_vandalism_of_property_religion,hate_on_campus_destruction_damage_vandalism_of_property_sexual_orientation,hate_on_campus_destruction_damage_vandalism_of_property_gender,hate_on_campus_destruction_damage_vandalism_of_property_gender_identity,hate_on_campus_destruction_damage_vandalism_of_property_disability,hate_on_campus_destruction_damage_vandalism_of_property_ethnicity_national_origin,hate_on_campus_destruction_damage_vandalism_of_property_ethnicity,hate_on_campus_destruction_damage_vandalism_of_property_national_origin,hate_on_campus_student_housing_facilities_murder_non_negligent_manslaughter,hate_on_campus_student_housing_facilities_murder_non_negligent_manslaughter_race,hate_on_campus_student_housing_facilities_murder_non_negligent_manslaughter_religion,hate_on_campus_student_housing_facilities_murder_non_negligent_manslaughter_sexual_orientation,hate_on_campus_student_housing_facilities_murder_non_negligent_manslaughter_gender,hate_on_campus_student_housing_facilities_murder_non_negligent_manslaughter_gender_identity,hate_on_campus_student_housing_facilities_murder_non_negligent_manslaughter_disability,hate_on_campus_student_housing_facilities_murder_non_negligent_manslaughter_ethnicity_national_origin,hate_on_campus_student_housing_facilities_murder_non_negligent_manslaughter_ethnicity,hate_on_campus_student_housing_facilities_murder_non_negligent_manslaughter_national_origin,hate_on_campus_student_housing_facilities_negligent_manslaughter,hate_on_campus_student_housing_facilities_negligent_manslaughter_race,hate_on_campus_student_housing_facilities_negligent_manslaughter_religion,hate_on_campus_student_housing_facilities_negligent_manslaughter_sexual_orientation,hate_on_campus_student_housing_facilities_negligent_manslaughter_gender,hate_on_campus_student_housing_facilities_negligent_manslaughter_disability,hate_on_campus_student_housing_facilities_negligent_manslaughter_ethnicity_national_origin,hate_on_campus_student_housing_facilities_sex_offenses_forcible,hate_on_campus_student_housing_facilities_sex_offenses_forcible_race,hate_on_campus_student_housing_facilities_sex_offenses_forcible_religion,hate_on_campus_student_housing_facilities_sex_offenses_forcible_sexual_orientation,hate_on_campus_student_housing_facilities_sex_offenses_forcible_gender,hate_on_campus_student_housing_facilities_sex_offenses_forcible_disability,hate_on_campus_student_housing_facilities_sex_offenses_forcible_ethnicity_national_origin,hate_on_campus_student_housing_facilities_sex_offenses_non_forcible,hate_on_campus_student_housing_facilities_sex_offenses_non_forcible_race,hate_on_campus_student_housing_facilities_sex_offenses_non_forcible_religion,hate_on_campus_student_housing_facilities_sex_offenses_non_forcible_sexual_orientation,hate_on_campus_student_housing_facilities_sex_offenses_non_forcible_gender,hate_on_campus_student_housing_facilities_sex_offenses_non_forcible_disability,hate_on_campus_student_housing_facilities_sex_offenses_non_forcible_ethnicity_national_origin,hate_on_campus_student_housing_facilities_rape,hate_on_campus_student_housing_facilities_rape_race,hate_on_campus_student_housing_facilities_rape_religion,hate_on_campus_student_housing_facilities_rape_forcible_sexual_orientation,hate_on_campus_student_housing_facilities_rape_gender,hate_on_campus_student_housing_facilities_rape_gender_identity,hate_on_campus_student_housing_facilities_rape_disability,hate_on_campus_student_housing_facilities_rape_ethnicity,hate_on_campus_student_housing_facilities_rape_national_origin,hate_on_campus_student_housing_facilities_fondling,hate_on_campus_student_housing_facilities_fondling_race,hate_on_campus_student_housing_facilities_fondling_religion,hate_on_campus_student_housing_facilities_fondling_forcible_sexual_orientation,hate_on_campus_student_housing_facilities_fondling_gender,hate_on_campus_student_housing_facilities_fondling_gender_identity,hate_on_campus_student_housing_facilities_fondling_disability,hate_on_campus_student_housing_facilities_fondling_ethnicity,hate_on_campus_student_housing_facilities_fondling_national_origin,hate_on_campus_student_housing_facilities_incest,hate_on_campus_student_housing_facilities_incest_race,hate_on_campus_student_housing_facilities_incest_religion,hate_on_campus_student_housing_facilities_incest_forcible_sexual_orientation,hate_on_campus_student_housing_facilities_incest_gender,hate_on_campus_student_housing_facilities_incest_gender_identity,hate_on_campus_student_housing_facilities_incest_disability,hate_on_campus_student_housing_facilities_incest_ethnicity,hate_on_campus_student_housing_facilities_incest_national_origin,hate_on_campus_student_housing_facilities_statutory_rape,hate_on_campus_student_housing_facilities_statutory_rape_race,hate_on_campus_student_housing_facilities_statutory_rape_religion,hate_on_campus_student_housing_facilities_statutory_rape_forcible_sexual_orientation,hate_on_campus_student_housing_facilities_statutory_rape_gender,hate_on_campus_student_housing_facilities_statutory_rape_gender_identity,hate_on_campus_student_housing_facilities_statutory_rape_disability,hate_on_campus_student_housing_facilities_statutory_rape_ethnicity,hate_on_campus_student_housing_facilities_statutory_rape_national_origin,hate_on_campus_student_housing_facilities_robbery,hate_on_campus_student_housing_facilities_robbery_race,hate_on_campus_student_housing_facilities_robbery_religion,hate_on_campus_student_housing_facilities_robbery_sexual_orientation,hate_on_campus_student_housing_facilities_robbery_gender,hate_on_campus_student_housing_facilities_robbery_gender_identity,hate_on_campus_student_housing_facilities_robbery_disability,hate_on_campus_student_housing_facilities_robbery_ethnicity_national_origin,hate_on_campus_student_housing_facilities_robbery_ethnicity,hate_on_campus_student_housing_facilities_robbery_national_origin,hate_on_campus_student_housing_facilities_aggravated_assault,hate_on_campus_student_housing_facilities_aggravated_assault_race,hate_on_campus_student_housing_facilities_aggravated_assault_religion,hate_on_campus_student_housing_facilities_aggravated_assault_sexual_orientation,hate_on_campus_student_housing_facilities_aggravated_assault_gender,hate_on_campus_student_housing_facilities_aggravated_assault_gender_identity,hate_on_campus_student_housing_facilities_aggravated_assault_disability,hate_on_campus_student_housing_facilities_aggravated_assault_ethnicity_national_origin,hate_on_campus_student_housing_facilities_aggravated_assault_ethnicity,hate_on_campus_student_housing_facilities_aggravated_assault_national_origin,hate_on_campus_student_housing_facilities_burglary,hate_on_campus_student_housing_facilities_burglary_race,hate_on_campus_student_housing_facilities_burglary_religion,hate_on_campus_student_housing_facilities_burglary_sexual_orientation,hate_on_campus_student_housing_facilities_burglary_gender,hate_on_campus_student_housing_facilities_burglary_gender_identity,hate_on_campus_student_housing_facilities_burglary_disability,hate_on_campus_student_housing_facilities_burglary_ethnicity_national_origin,hate_on_campus_student_housing_facilities_burglary_ethnicity,hate_on_campus_student_housing_facilities_burglary_national_origin,hate_on_campus_student_housing_facilities_motor_vehicle_theft,hate_on_campus_student_housing_facilities_motor_vehicle_theft_race,hate_on_campus_student_housing_facilities_motor_vehicle_theft_religion,hate_on_campus_student_housing_facilities_motor_vehicle_theft_sexual_orientation,hate_on_campus_student_housing_facilities_motor_vehicle_theft_gender,hate_on_campus_student_housing_facilities_motor_vehicle_theft_gender_identity,hate_on_campus_student_housing_facilities_motor_vehicle_theft_disability,hate_on_campus_student_housing_facilities_motor_vehicle_theft_ethnicity_national_origin,hate_on_campus_student_housing_facilities_motor_vehicle_theft_ethnicity,hate_on_campus_student_housing_facilities_motor_vehicle_theft_national_origin,hate_on_campus_student_housing_facilities_arson,hate_on_campus_student_housing_facilities_arson_race,hate_on_campus_student_housing_facilities_arson_religion,hate_on_campus_student_housing_facilities_arson_sexual_orientation,hate_on_campus_student_housing_facilities_arson_gender,hate_on_campus_student_housing_facilities_arson_gender_identity,hate_on_campus_student_housing_facilities_arson_disability,hate_on_campus_student_housing_facilities_arson_ethnicity_national_origin,hate_on_campus_student_housing_facilities_arson_ethnicity,hate_on_campus_student_housing_facilities_arson_national_origin,hate_on_campus_student_housing_facilities_simple_assault,hate_on_campus_student_housing_facilities_simple_assault_race,hate_on_campus_student_housing_facilities_simple_assault_religion,hate_on_campus_student_housing_facilities_simple_assault_sexual_orientation,hate_on_campus_student_housing_facilities_simple_assault_gender,hate_on_campus_student_housing_facilities_simple_assault_gender_identity,hate_on_campus_student_housing_facilities_simple_assault_disability,hate_on_campus_student_housing_facilities_simple_assault_ethnicity_national_origin,hate_on_campus_student_housing_facilities_simple_assault_ethnicity,hate_on_campus_student_housing_facilities_simple_assault_national_origin,hate_on_campus_student_housing_facilities_larceny_theft,hate_on_campus_student_housing_facilities_larceny_theft_race,hate_on_campus_student_housing_facilities_larceny_theft_religion,hate_on_campus_student_housing_facilities_larceny_theft_sexual_orientation,hate_on_campus_student_housing_facilities_larceny_theft_gender,hate_on_campus_student_housing_facilities_larceny_theft_gender_identity,hate_on_campus_student_housing_facilities_larceny_theft_disability,hate_on_campus_student_housing_facilities_larceny_theft_ethnicity_national_origin,hate_on_campus_student_housing_facilities_larceny_theft_ethnicity,hate_on_campus_student_housing_facilities_larceny_theft_national_origin,hate_on_campus_student_housing_facilities_intimidation,hate_on_campus_student_housing_facilities_intimidation_race,hate_on_campus_student_housing_facilities_intimidation_religion,hate_on_campus_student_housing_facilities_intimidation_sexual_orientation,hate_on_campus_student_housing_facilities_intimidation_gender,hate_on_campus_student_housing_facilities_intimidation_gender_identity,hate_on_campus_student_housing_facilities_intimidation_disability,hate_on_campus_student_housing_facilities_intimidation_ethnicity_national_origin,hate_on_campus_student_housing_facilities_intimidation_ethnicity,hate_on_campus_student_housing_facilities_intimidation_national_origin,hate_on_campus_student_housing_facilities_destruction_damage_vandalism_of_property,hate_on_campus_student_housing_facilities_destruction_damage_vandalism_of_property_race,hate_on_campus_student_housing_facilities_destruction_damage_vandalism_of_property_religion,hate_on_campus_student_housing_facilities_destruction_damage_vandalism_of_property_sexual_orientation,hate_on_campus_student_housing_facilities_destruction_damage_vandalism_of_property_gender,hate_on_campus_student_housing_facilities_destruction_damage_vandalism_of_property_gender_identity,hate_on_campus_student_housing_facilities_destruction_damage_vandalism_of_property_disability,hate_on_campus_student_housing_facilities_destruction_damage_vandalism_of_property_ethnicity_national_origin,hate_on_campus_student_housing_facilities_destruction_damage_vandalism_of_property_ethnicity,hate_on_campus_student_housing_facilities_destruction_damage_vandalism_of_property_national_origin,hate_public_property_murder_non_negligent_manslaughter,hate_public_property_murder_non_negligent_manslaughter_race,hate_public_property_murder_non_negligent_manslaughter_religion,hate_public_property_murder_non_negligent_manslaughter_sexual_orientation,hate_public_property_murder_non_negligent_manslaughter_gender,hate_public_property_murder_non_negligent_manslaughter_gender_identity,hate_public_property_murder_non_negligent_manslaughter_disability,hate_public_property_murder_non_negligent_manslaughter_ethnicity_national_origin,hate_public_property_murder_non_negligent_manslaughter_ethnicity,hate_public_property_murder_non_negligent_manslaughter_national_origin,hate_public_property_negligent_manslaughter,hate_public_property_negligent_manslaughter_race,hate_public_property_negligent_manslaughter_religion,hate_public_property_negligent_manslaughter_sexual_orientation,hate_public_property_negligent_manslaughter_gender,hate_public_property_negligent_manslaughter_disability,hate_public_property_negligent_manslaughter_ethnicity_national_origin,hate_public_property_sex_offenses_forcible,hate_public_property_sex_offenses_forcible_race,hate_public_property_sex_offenses_forcible_religion,hate_public_property_sex_offenses_forcible_sexual_orientation,hate_public_property_sex_offenses_forcible_gender,hate_public_property_sex_offenses_forcible_disability,hate_public_property_sex_offenses_forcible_ethnicity_national_origin,hate_public_property_sex_offenses_non_forcible,hate_public_property_sex_offenses_non_forcible_race,hate_public_property_sex_offenses_non_forcible_religion,hate_public_property_sex_offenses_non_forcible_sexual_orientation,hate_public_property_sex_offenses_non_forcible_gender,hate_public_property_sex_offenses_non_forcible_disability,hate_public_property_sex_offenses_non_forcible_ethnicity_national_origin,hate_public_property_rape,hate_public_property_rape_race,hate_public_property_rape_religion,hate_public_property_rape_forcible_sexual_orientation,hate_public_property_rape_gender,hate_public_property_rape_gender_identity,hate_public_property_rape_disability,hate_public_property_rape_ethnicity,hate_public_property_rape_national_origin,hate_public_property_fondling,hate_public_property_fondling_race,hate_public_property_fondling_religion,hate_public_property_fondling_forcible_sexual_orientation,hate_public_property_fondling_gender,hate_public_property_fondling_gender_identity,hate_public_property_fondling_disability,hate_public_property_fondling_ethnicity,hate_public_property_fondling_national_origin,hate_public_property_incest,hate_public_property_incest_race,hate_public_property_incest_religion,hate_public_property_incest_forcible_sexual_orientation,hate_public_property_incest_gender,hate_public_property_incest_gender_identity,hate_public_property_incest_disability,hate_public_property_incest_ethnicity,hate_public_property_incest_national_origin,hate_public_property_statutory_rape,hate_public_property_statutory_rape_race,hate_public_property_statutory_rape_religion,hate_public_property_statutory_rape_forcible_sexual_orientation,hate_public_property_statutory_rape_gender,hate_public_property_statutory_rape_gender_identity,hate_public_property_statutory_rape_disability,hate_public_property_statutory_rape_ethnicity,hate_public_property_statutory_rape_national_origin,hate_public_property_robbery,hate_public_property_robbery_race,hate_public_property_robbery_religion,hate_public_property_robbery_sexual_orientation,hate_public_property_robbery_gender,hate_public_property_robbery_gender_identity,hate_public_property_robbery_disability,hate_public_property_robbery_ethnicity_national_origin,hate_public_property_robbery_ethnicity,hate_public_property_robbery_national_origin,hate_public_property_aggravated_assault,hate_public_property_aggravated_assault_race,hate_public_property_aggravated_assault_religion,hate_public_property_aggravated_assault_sexual_orientation,hate_public_property_aggravated_assault_gender,hate_public_property_aggravated_assault_gender_identity,hate_public_property_aggravated_assault_disability,hate_public_property_aggravated_assault_ethnicity_national_origin,hate_public_property_aggravated_assault_ethnicity,hate_public_property_aggravated_assault_national_origin,hate_public_property_burglary,hate_public_property_burglary_race,hate_public_property_burglary_religion,hate_public_property_burglary_sexual_orientation,hate_public_property_burglary_gender,hate_public_property_burglary_gender_identity,hate_public_property_burglary_disability,hate_public_property_burglary_ethnicity_national_origin,hate_public_property_burglary_ethnicity,hate_public_property_burglary_national_origin,hate_public_property_motor_vehicle_theft,hate_public_property_motor_vehicle_theft_race,hate_public_property_motor_vehicle_theft_religion,hate_public_property_motor_vehicle_theft_sexual_orientation,hate_public_property_motor_vehicle_theft_gender,hate_public_property_motor_vehicle_theft_gender_identity,hate_public_property_motor_vehicle_theft_disability,hate_public_property_motor_vehicle_theft_ethnicity_national_origin,hate_public_property_motor_vehicle_theft_ethnicity,hate_public_property_motor_vehicle_theft_national_origin,hate_public_property_arson,hate_public_property_arson_race,hate_public_property_arson_religion,hate_public_property_arson_sexual_orientation,hate_public_property_arson_gender,hate_public_property_arson_gender_identity,hate_public_property_arson_disability,hate_public_property_arson_ethnicity_national_origin,hate_public_property_arson_ethnicity,hate_public_property_arson_national_origin,hate_public_property_simple_assault,hate_public_property_simple_assault_race,hate_public_property_simple_assault_religion,hate_public_property_simple_assault_sexual_orientation,hate_public_property_simple_assault_gender,hate_public_property_simple_assault_gender_identity,hate_public_property_simple_assault_disability,hate_public_property_simple_assault_ethnicity_national_origin,hate_public_property_simple_assault_ethnicity,hate_public_property_simple_assault_national_origin,hate_public_property_larceny_theft,hate_public_property_larceny_theft_race,hate_public_property_larceny_theft_religion,hate_public_property_larceny_theft_sexual_orientation,hate_public_property_larceny_theft_gender,hate_public_property_larceny_theft_gender_identity,hate_public_property_larceny_theft_disability,hate_public_property_larceny_theft_ethnicity_national_origin,hate_public_property_larceny_theft_ethnicity,hate_public_property_larceny_theft_national_origin,hate_public_property_intimidation,hate_public_property_intimidation_race,hate_public_property_intimidation_religion,hate_public_property_intimidation_sexual_orientation,hate_public_property_intimidation_gender,hate_public_property_intimidation_gender_identity,hate_public_property_intimidation_disability,hate_public_property_intimidation_ethnicity_national_origin,hate_public_property_intimidation_ethnicity,hate_public_property_intimidation_national_origin,hate_public_property_destruction_damage_vandalism_of_property,hate_public_property_destruction_damage_vandalism_of_property_race,hate_public_property_destruction_damage_vandalism_of_property_religion,hate_public_property_destruction_damage_vandalism_of_property_sexual_orientation,hate_public_property_destruction_damage_vandalism_of_property_gender,hate_public_property_destruction_damage_vandalism_of_property_gender_identity,hate_public_property_destruction_damage_vandalism_of_property_disability,hate_public_property_destruction_damage_vandalism_of_property_ethnicity_national_origin,hate_public_property_destruction_damage_vandalism_of_property_ethnicity,hate_public_property_destruction_damage_vandalism_of_property_national_origin,vawa_noncampus_domestic_violence,vawa_noncampus_dating_violence,vawa_noncampus_stalking,vawa_on_campus_domestic_violence,vawa_on_campus_dating_violence,vawa_on_campus_stalking,vawa_on_campus_student_housing_facilities_domestic_violence,vawa_on_campus_student_housing_facilities_dating_violence,vawa_on_campus_student_housing_facilities_stalking,vawa_public_property_domestic_violence,vawa_public_property_dating_violence,vawa_public_property_stalking
Fortis College-Landover,2017,451909,550,,,,,,,,,,,,,,0,0,,0,0,,0,0,0,0,0,0,0,,,,,,,,,,,,,,0,0,,0,0,,0,0,0,0,0,0,0,,,,0,0,0,,,,0,0,0,,,,0,0,0,0,0,0,,,,,,,,,,,,,,,,,,,,,,,,,,,,,,,,,,,,,,,,,,,,,,,,,,,,,,,,,,,,,,,,,,,,,,,,,,,,,,,,,,,,,,,,,,,,,,,,,,,,,,,,,,,,,,,,,,,,,,,,,,,,,,,,,,,,,,,,,,,,,,,,,,,,,,,,,,,,,,,,,0,0,0,0,0,0,0,,0,0,,,,,,,,,,,,,,,,,,,,,,0,0,0,0,0,0,0,0,0,0,0,0,0,0,0,0,0,0,0,0,0,0,0,0,0,0,0,0,0,0,0,0,0,0,0,0,0,0,0,0,0,0,0,,0,0,0,0,0,0,0,0,0,,0,0,0,0,0,0,0,0,0,,0,0,0,0,0,0,0,0,0,,0,0,0,0,0,0,0,0,0,,0,0,0,0,0,0,0,0,0,,0,0,0,0,0,0,0,0,0,,0,0,0,0,0,0,0,0,0,,0,0,0,0,0,0,0,0,0,,0,0,,,,,,,,,,,,,,,,,,,,,,,,,,,,,,,,,,,,,,,,,,,,,,,,,,,,,,,,,,,,,,,,,,,,,,,,,,,,,,,,,,,,,,,,,,,,,,,,,,,,,,,,,,,,,,,,,,,,,,,,,,,,,,,,,,,,,,,,,,,,,,,,,,,,,,,,,,,,,,0,0,0,0,0,0,0,,0,0,,,,,,,,,,,,,,,,,,,,,,0,0,0,0,0,0,0,0,0,0,0,0,0,0,0,0,0,0,0,0,0,0,0,0,0,0,0,0,0,0,0,0,0,0,0,0,0,0,0,0,0,0,0,,0,0,0,0,0,0,0,0,0,,0,0,0,0,0,0,0,0,0,,0,0,0,0,0,0,0,0,0,,0,0,0,0,0,0,0,0,0,,0,0,0,0,0,0,0,0,0,,0,0,0,0,0,0,0,0,0,,0,0,0,0,0,0,0,0,0,,0,0,0,0,0,0,0,0,0,,0,0,,,,0,0,0,,,,0,0,0
Fortis College-Landover,2016,451909,619,,,,,,,,,,,,,,0,0,,0,0,,0,0,0,0,0,0,0,,,,,,,,,,,,,,0,0,,0,0,,0,0,0,0,0,0,0,,,,0,0,0,,,,0,0,0,,,,0,0,0,0,0,0,,,,,,,,,,,,,,,,,,,,,,,,,,,,,,,,,,,,,,,,,,,,,,,,,,,,,,,,,,,,,,,,,,,,,,,,,,,,,,,,,,,,,,,,,,,,,,,,,,,,,,,,,,,,,,,,,,,,,,,,,,,,,,,,,,,,,,,,,,,,,,,,,,,,,,,,,,,,,,,,,0,0,0,0,0,0,0,,0,0,,,,,,,,,,,,,,,,,,,,,,0,0,0,0,0,0,0,0,0,0,0,0,0,0,0,0,0,0,0,0,0,0,0,0,0,0,0,0,0,0,0,0,0,0,0,0,0,0,0,0,0,0,0,,0,0,0,0,0,0,0,0,0,,0,0,0,0,0,0,0,0,0,,0,0,0,0,0,0,0,0,0,,0,0,0,0,0,0,0,0,0,,0,0,0,0,0,0,0,0,0,,0,0,0,0,0,0,0,0,0,,0,0,0,0,0,0,0,0,0,,0,0,0,0,0,0,0,0,0,,0,0,,,,,,,,,,,,,,,,,,,,,,,,,,,,,,,,,,,,,,,,,,,,,,,,,,,,,,,,,,,,,,,,,,,,,,,,,,,,,,,,,,,,,,,,,,,,,,,,,,,,,,,,,,,,,,,,,,,,,,,,,,,,,,,,,,,,,,,,,,,,,,,,,,,,,,,,,,,,,,0,0,0,0,0,0,0,,0,0,,,,,,,,,,,,,,,,,,,,,,0,0,0,0,0,0,0,0,0,0,0,0,0,0,0,0,0,0,0,0,0,0,0,0,0,0,0,0,0,0,0,0,0,0,0,0,0,0,0,0,0,0,0,,0,0,0,0,0,0,0,0,0,,0,0,0,0,0,0,0,0,0,,0,0,0,0,0,0,0,0,0,,0,0,0,0,0,0,0,0,0,,0,0,0,0,0,0,0,0,0,,0,0,0,0,0,0,0,0,0,,0,0,0,0,0,0,0,0,0,,0,0,0,0,0,0,0,0,0,,0,0,,,,0,0,0,,,,0,0,0
Fortis College-Landover,2015,451909,514,,,,,,,,,,,,,,0,0,,0,0,,0,0,0,1,0,0,0,,,,,,,,,,,,,,0,0,,0,0,,0,0,0,0,0,0,0,,,,0,0,0,,,,0,0,0,,,,0,0,0,0,0,0,,,,,,,,,,,,,,,,,,,,,,,,,,,,,,,,,,,,,,,,,,,,,,,,,,,,,,,,,,,,,,,,,,,,,,,,,,,,,,,,,,,,,,,,,,,,,,,,,,,,,,,,,,,,,,,,,,,,,,,,,,,,,,,,,,,,,,,,,,,,,,,,,,,,,,,,,,,,,,,,,0,0,0,0,0,0,0,,0,0,,,,,,,,,,,,,,,,,,,,,,0,0,0,0,0,0,0,0,0,0,0,0,0,0,0,0,0,0,0,0,0,0,0,0,0,0,0,0,0,0,0,0,0,0,0,0,0,0,0,0,0,0,0,,0,0,0,0,0,0,0,0,0,,0,0,0,0,0,0,0,0,0,,0,0,0,0,0,0,0,0,0,,0,0,0,0,0,0,0,0,0,,0,0,0,0,0,0,0,0,0,,0,0,0,0,0,0,0,0,0,,0,0,0,0,0,0,0,0,0,,0,0,0,0,0,0,0,0,0,,0,0,,,,,,,,,,,,,,,,,,,,,,,,,,,,,,,,,,,,,,,,,,,,,,,,,,,,,,,,,,,,,,,,,,,,,,,,,,,,,,,,,,,,,,,,,,,,,,,,,,,,,,,,,,,,,,,,,,,,,,,,,,,,,,,,,,,,,,,,,,,,,,,,,,,,,,,,,,,,,,0,0,0,0,0,0,0,,0,0,,,,,,,,,,,,,,,,,,,,,,0,0,0,0,0,0,0,0,0,0,0,0,0,0,0,0,0,0,0,0,0,0,0,0,0,0,0,0,0,0,0,0,0,0,0,0,0,0,0,0,0,0,0,,0,0,0,0,0,0,0,0,0,,0,0,0,0,0,0,0,0,0,,0,0,0,0,0,0,0,0,0,,0,0,0,0,0,0,0,0,0,,0,0,0,0,0,0,0,0,0,,0,0,0,0,0,0,0,0,0,,0,0,0,0,0,0,0,0,0,,0,0,0,0,0,0,0,0,0,,0,0,,,,0,0,0,,,,0,0,0
Fortis College-Landover,2014,451909,499,,,,,,,,,,,,,,0,0,,0,0,,0,0,0,0,0,0,0,,,,,,,,,,,,,,0,0,,0,0,,0,0,0,0,0,0,0,,,,0,0,0,,,,0,0,0,,,,0,0,0,0,0,0,,,,,,,,,,,,,,,,,,,,,,,,,,,,,,,,,,,,,,,,,,,,,,,,,,,,,,,,,,,,,,,,,,,,,,,,,,,,,,,,,,,,,,,,,,,,,,,,,,,,,,,,,,,,,,,,,,,,,,,,,,,,,,,,,,,,,,,,,,,,,,,,,,,,,,,,,,,,,,,,,0,0,0,0,0,0,0,,0,0,,,,,,,,,,,,,,,,,,,,,,0,0,0,0,0,0,0,0,0,0,0,0,0,0,0,0,0,0,0,0,0,0,0,0,0,0,0,0,0,0,0,0,0,0,0,0,0,0,0,0,0,0,0,,0,0,0,0,0,0,0,0,0,,0,0,0,0,0,0,0,0,0,,0,0,0,0,0,0,0,0,0,,0,0,0,0,0,0,0,0,0,,0,0,0,0,0,0,0,0,0,,0,0,0,0,0,0,0,0,0,,0,0,0,0,0,0,0,0,0,,0,0,0,0,0,0,0,0,0,,0,0,,,,,,,,,,,,,,,,,,,,,,,,,,,,,,,,,,,,,,,,,,,,,,,,,,,,,,,,,,,,,,,,,,,,,,,,,,,,,,,,,,,,,,,,,,,,,,,,,,,,,,,,,,,,,,,,,,,,,,,,,,,,,,,,,,,,,,,,,,,,,,,,,,,,,,,,,,,,,,0,0,0,0,0,0,0,,0,0,,,,,,,,,,,,,,,,,,,,,,0,0,0,0,0,0,0,0,0,0,0,0,0,0,0,0,0,0,0,0,0,0,0,0,0,0,0,0,0,0,0,0,0,0,0,0,0,0,0,0,0,0,0,,0,0,0,0,0,0,0,0,0,,0,0,0,0,0,0,0,0,0,,0,0,0,0,0,0,0,0,0,,0,0,0,0,0,0,0,0,0,,0,0,0,0,0,0,0,0,0,,0,0,0,0,0,0,0,0,0,,0,0,0,0,0,0,0,0,0,,0,0,0,0,0,0,0,0,0,,0,0,,,,0,0,0,,,,0,0,0
Fortis College-Landover,2013,451909,487,,,,,,,,,,,,,,0,0,0,,,0,,,0,0,0,0,0,,,,,,,,,,,,,,0,0,0,,,0,,,0,0,0,0,0,,,,0,0,0,,,,0,0,0,,,,0,0,0,0,0,0,,,,,,,,,,,,,,,,,,,,,,,,,,,,,,,,,,,,,,,,,,,,,,,,,,,,,,,,,,,,,,,,,,,,,,,,,,,,,,,,,,,,,,,,,,,,,,,,,,,,,,,,,,,,,,,,,,,,,,,,,,,,,,,,,,,,,,,,,,,,,,,,,,,,,,,,,,,,,,,,,0,0,0,0,0,,0,0,,,,,,,,,,0,0,0,0,0,0,0,0,0,0,0,0,0,0,,,,,,,,,,,,,,,,,,,,,,,,,,,,,,,,,,,,,0,0,0,0,0,,0,0,,,0,0,0,0,0,,0,0,,,0,0,0,0,0,,0,0,,,0,0,0,0,0,,0,0,,,0,0,0,0,0,,0,0,,,0,0,0,0,0,,0,0,,,0,0,0,0,0,,0,0,,,0,0,0,0,0,,0,0,,,0,0,0,0,0,,0,0,,,,,,,,,,,,,,,,,,,,,,,,,,,,,,,,,,,,,,,,,,,,,,,,,,,,,,,,,,,,,,,,,,,,,,,,,,,,,,,,,,,,,,,,,,,,,,,,,,,,,,,,,,,,,,,,,,,,,,,,,,,,,,,,,,,,,,,,,,,,,,,,,,,,,,,,,,,,,,,,0,0,0,0,0,,0,0,,,,,,,,,,0,0,0,0,0,0,0,0,0,0,0,0,0,0,,,,,,,,,,,,,,,,,,,,,,,,,,,,,,,,,,,,,0,0,0,0,0,,0,0,,,0,0,0,0,0,,0,0,,,0,0,0,0,0,,0,0,,,0,0,0,0,0,,0,0,,,0,0,0,0,0,,0,0,,,0,0,0,0,0,,0,0,,,0,0,0,0,0,,0,0,,,0,0,0,0,0,,0,0,,,0,0,0,0,0,,0,0,,,,,,,,,,,,,,
Fortis College-Landover,2012,451909,451,,,,,,,,,,,,,,0,0,0,,,0,,,0,0,0,0,0,,,,,,,,,,,,,,0,0,0,,,0,,,0,0,0,1,0,,,,0,0,0,,,,0,0,0,,,,0,0,0,0,0,0,,,,,,,,,,,,,,,,,,,,,,,,,,,,,,,,,,,,,,,,,,,,,,,,,,,,,,,,,,,,,,,,,,,,,,,,,,,,,,,,,,,,,,,,,,,,,,,,,,,,,,,,,,,,,,,,,,,,,,,,,,,,,,,,,,,,,,,,,,,,,,,,,,,,,,,,,,,,,,,,,0,0,0,0,0,,0,0,,,,,,,,,,0,0,0,0,0,0,0,0,0,0,0,0,0,0,,,,,,,,,,,,,,,,,,,,,,,,,,,,,,,,,,,,,0,0,0,0,0,,0,0,,,0,0,0,0,0,,0,0,,,0,0,0,0,0,,0,0,,,0,0,0,0,0,,0,0,,,0,0,0,0,0,,0,0,,,0,0,0,0,0,,0,0,,,0,0,0,0,0,,0,0,,,0,0,0,0,0,,0,0,,,0,0,0,0,0,,0,0,,,,,,,,,,,,,,,,,,,,,,,,,,,,,,,,,,,,,,,,,,,,,,,,,,,,,,,,,,,,,,,,,,,,,,,,,,,,,,,,,,,,,,,,,,,,,,,,,,,,,,,,,,,,,,,,,,,,,,,,,,,,,,,,,,,,,,,,,,,,,,,,,,,,,,,,,,,,,,,,0,0,0,0,0,,0,0,,,,,,,,,,0,0,0,0,0,0,0,0,0,0,0,0,0,0,,,,,,,,,,,,,,,,,,,,,,,,,,,,,,,,,,,,,0,0,0,0,0,,0,0,,,0,0,0,0,0,,0,0,,,0,0,0,0,0,,0,0,,,0,0,0,0,0,,0,0,,,0,0,0,0,0,,0,0,,,0,0,0,0,0,,0,0,,,0,0,0,0,0,,0,0,,,0,0,0,0,0,,0,0,,,0,0,0,0,0,,0,0,,,,,,,,,,,,,,
Fortis College-Landover,2011,451909,420,,,,,,,,,,,,,,0,0,0,,,0,,,0,0,0,0,0,,,,,,,,,,,,,,0,0,0,,,0,,,0,0,0,0,0,,,,0,0,0,,,,0,0,0,,,,0,0,0,0,0,0,,,,,,,,,,,,,,,,,,,,,,,,,,,,,,,,,,,,,,,,,,,,,,,,,,,,,,,,,,,,,,,,,,,,,,,,,,,,,,,,,,,,,,,,,,,,,,,,,,,,,,,,,,,,,,,,,,,,,,,,,,,,,,,,,,,,,,,,,,,,,,,,,,,,,,,,,,,,,,,,,0,0,0,0,0,,0,0,,,,,,,,,,0,0,0,0,0,0,0,0,0,0,0,0,0,0,,,,,,,,,,,,,,,,,,,,,,,,,,,,,,,,,,,,,0,0,0,0,0,,0,0,,,0,0,0,0,0,,0,0,,,0,0,0,0,0,,0,0,,,0,0,0,0,0,,0,0,,,0,0,0,0,0,,0,0,,,0,0,0,0,0,,0,0,,,0,0,0,0,0,,0,0,,,0,0,0,0,0,,0,0,,,0,0,0,0,0,,0,0,,,,,,,,,,,,,,,,,,,,,,,,,,,,,,,,,,,,,,,,,,,,,,,,,,,,,,,,,,,,,,,,,,,,,,,,,,,,,,,,,,,,,,,,,,,,,,,,,,,,,,,,,,,,,,,,,,,,,,,,,,,,,,,,,,,,,,,,,,,,,,,,,,,,,,,,,,,,,,,,0,0,0,0,0,,0,0,,,,,,,,,,0,0,0,0,0,0,0,0,0,0,0,0,0,0,,,,,,,,,,,,,,,,,,,,,,,,,,,,,,,,,,,,,0,0,0,0,0,,0,0,,,0,0,0,0,0,,0,0,,,0,0,0,0,0,,0,0,,,0,0,0,0,0,,0,0,,,0,0,0,0,0,,0,0,,,0,0,0,0,0,,0,0,,,0,0,0,0,0,,0,0,,,0,0,0,0,0,,0,0,,,0,0,0,0,0,,0,0,,,,,,,,,,,,,,
Fortis College-Landover,2010,451909,272,,,,,,,,,,,,,,0,0,0,,,0,,,0,0,0,0,0,,,,,,,,,,,,,,0,0,0,,,0,,,0,0,0,0,0,,,,0,0,0,,,,0,0,0,,,,0,0,0,0,0,0,,,,,,,,,,,,,,,,,,,,,,,,,,,,,,,,,,,,,,,,,,,,,,,,,,,,,,,,,,,,,,,,,,,,,,,,,,,,,,,,,,,,,,,,,,,,,,,,,,,,,,,,,,,,,,,,,,,,,,,,,,,,,,,,,,,,,,,,,,,,,,,,,,,,,,,,,,,,,,,,,0,0,0,0,0,,0,0,,,,,,,,,,0,0,0,0,0,0,0,0,0,0,0,0,0,0,,,,,,,,,,,,,,,,,,,,,,,,,,,,,,,,,,,,,0,0,0,0,0,,0,0,,,0,0,0,0,0,,0,0,,,0,0,0,0,0,,0,0,,,0,0,0,0,0,,0,0,,,0,0,0,0,0,,0,0,,,0,0,0,0,0,,0,0,,,0,0,0,0,0,,0,0,,,0,0,0,0,0,,0,0,,,0,0,0,0,0,,0,0,,,,,,,,,,,,,,,,,,,,,,,,,,,,,,,,,,,,,,,,,,,,,,,,,,,,,,,,,,,,,,,,,,,,,,,,,,,,,,,,,,,,,,,,,,,,,,,,,,,,,,,,,,,,,,,,,,,,,,,,,,,,,,,,,,,,,,,,,,,,,,,,,,,,,,,,,,,,,,,,0,0,0,0,0,,0,0,,,,,,,,,,0,0,0,0,0,0,0,0,0,0,0,0,0,0,,,,,,,,,,,,,,,,,,,,,,,,,,,,,,,,,,,,,0,0,0,0,0,,0,0,,,0,0,0,0,0,,0,0,,,0,0,0,0,0,,0,0,,,0,0,0,0,0,,0,0,,,0,0,0,0,0,,0,0,,,0,0,0,0,0,,0,0,,,0,0,0,0,0,,0,0,,,0,0,0,0,0,,0,0,,,0,0,0,0,0,,0,0,,,,,,,,,,,,,,
Fortis College-Landover,2009,451909,309,,,,,,,,,,,,,,0,0,0,,,0,,,0,0,0,0,0,,,,,,,,,,,,,,0,0,0,,,0,,,0,0,0,0,0,,,,0,0,0,,,,0,0,0,,,,0,0,0,0,0,0,,,,,,,,,,,,,,,,,,,,,,,,,,,,,,,,,,,,,,,,,,,,,,,,,,,,,,,,,,,,,,,,,,,,,,,,,,,,,,,,,,,,,,,,,,,,,,,,,,,,,,,,,,,,,,,,,,,,,,,,,,,,,,,,,,,,,,,,,,,,,,,,,,,,,,,,,,,,,,,,,0,0,0,0,0,,0,0,,,,,,,,,,0,0,0,0,0,0,0,0,0,0,0,0,0,0,,,,,,,,,,,,,,,,,,,,,,,,,,,,,,,,,,,,,0,0,0,0,0,,0,0,,,0,0,0,0,0,,0,0,,,0,0,0,0,0,,0,0,,,0,0,0,0,0,,0,0,,,0,0,0,0,0,,0,0,,,0,0,0,0,0,,0,0,,,0,0,0,0,0,,0,0,,,0,0,0,0,0,,0,0,,,0,0,0,0,0,,0,0,,,,,,,,,,,,,,,,,,,,,,,,,,,,,,,,,,,,,,,,,,,,,,,,,,,,,,,,,,,,,,,,,,,,,,,,,,,,,,,,,,,,,,,,,,,,,,,,,,,,,,,,,,,,,,,,,,,,,,,,,,,,,,,,,,,,,,,,,,,,,,,,,,,,,,,,,,,,,,,,0,0,0,0,0,,0,0,,,,,,,,,,0,0,0,0,0,0,0,0,0,0,0,0,0,0,,,,,,,,,,,,,,,,,,,,,,,,,,,,,,,,,,,,,0,0,0,0,0,,0,0,,,0,0,0,0,0,,0,0,,,0,0,0,0,0,,0,0,,,0,0,0,0,0,,0,0,,,0,0,0,0,0,,0,0,,,0,0,0,0,0,,0,0,,,0,0,0,0,0,,0,0,,,0,0,0,0,0,,0,0,,,0,0,0,0,0,,0,0,,,,,,,,,,,,,,
