agency,year,state,population,ORI,officers_killed_by_felony,officers_killed_by_accident,officers_assaulted,actual_murder,actual_manslaughter,actual_rape_total,actual_rape_by_force,actual_rape_attempted,actual_robbery_total,actual_robbery_with_a_gun,actual_robbery_with_a_knife,actual_robbery_other_weapon,actual_robbery_unarmed,actual_assault_total,actual_assault_with_a_gun,actual_assault_with_a_knife,actual_assault_other_weapon,actual_assault_unarmed,actual_assault_simple,actual_burg_total,actual_burg_force_entry,actual_burg_nonforce_entry,actual_burg_attempted,actual_theft_total,actual_mtr_veh_theft_total,actual_mtr_veh_theft_car,actual_mtr_veh_theft_truck,actual_mtr_veh_theft_other,actual_all_crimes,actual_assault_aggravated,actual_index_violent,actual_index_property,actual_index_total,actual_arson_single_occupancy,actual_arson_other_residential,actual_arson_storage,actual_arson_industrial,actual_arson_other_commercial,actual_arson_community_public,actual_arson_all_oth_structures,actual_arson_total_structures,actual_arson_motor_vehicles,actual_arson_other_mobile,actual_arson_total_mobile,actual_arson_all_other,actual_arson_grand_total,tot_clr_murder,tot_clr_manslaughter,tot_clr_rape_total,tot_clr_rape_by_force,tot_clr_rape_attempted,tot_clr_robbery_total,tot_clr_robbery_with_a_gun,tot_clr_robbery_with_a_knife,tot_clr_robbery_other_weapon,tot_clr_robbery_unarmed,tot_clr_assault_total,tot_clr_assault_with_a_gun,tot_clr_assault_with_a_knife,tot_clr_assault_other_weapon,tot_clr_assault_unarmed,tot_clr_assault_simple,tot_clr_burg_total,tot_clr_burg_force_entry,tot_clr_burg_nonforce_entry,tot_clr_burg_attempted,tot_clr_theft_total,tot_clr_mtr_veh_theft_total,tot_clr_mtr_veh_theft_car,tot_clr_mtr_veh_theft_truck,tot_clr_mtr_veh_theft_other,tot_clr_all_crimes,tot_clr_assault_aggravated,tot_clr_index_violent,tot_clr_index_property,tot_clr_index_total,tot_clr_arson_single_occupancy,tot_clr_arson_other_residential,tot_clr_arson_storage,tot_clr_arson_industrial,tot_clr_arson_other_commercial,tot_clr_arson_community_public,tot_clr_arson_all_oth_structures,tot_clr_arson_total_structures,tot_clr_arson_motor_vehicles,tot_clr_arson_other_mobile,tot_clr_arson_total_mobile,tot_clr_arson_all_other,tot_clr_arson_grand_total,clr_18_murder,clr_18_manslaughter,clr_18_rape_total,clr_18_rape_by_force,clr_18_rape_attempted,clr_18_robbery_total,clr_18_robbery_with_a_gun,clr_18_robbery_with_a_knife,clr_18_robbery_other_weapon,clr_18_robbery_unarmed,clr_18_assault_total,clr_18_assault_with_a_gun,clr_18_assault_with_a_knife,clr_18_assault_other_weapon,clr_18_assault_unarmed,clr_18_assault_simple,clr_18_burg_total,clr_18_burg_force_entry,clr_18_burg_nonforce_entry,clr_18_burg_attempted,clr_18_theft_total,clr_18_mtr_veh_theft_total,clr_18_mtr_veh_theft_car,clr_18_mtr_veh_theft_truck,clr_18_mtr_veh_theft_other,clr_18_all_crimes,clr_18_assault_aggravated,clr_18_index_violent,clr_18_index_property,clr_18_index_total,clr_18_arson_single_occupancy,clr_18_arson_other_residential,clr_18_arson_storage,clr_18_arson_industrial,clr_18_arson_other_commercial,clr_18_arson_community_public,clr_18_arson_all_oth_structures,clr_18_arson_total_structures,clr_18_arson_motor_vehicles,clr_18_arson_other_mobile,clr_18_arson_total_mobile,clr_18_arson_all_other,clr_18_arson_grand_total,unfound_murder,unfound_manslaughter,unfound_rape_total,unfound_rape_by_force,unfound_rape_attempted,unfound_robbery_total,unfound_robbery_with_a_gun,unfound_robbery_with_a_knife,unfound_robbery_other_weapon,unfound_robbery_unarmed,unfound_assault_total,unfound_assault_with_a_gun,unfound_assault_with_a_knife,unfound_assault_other_weapon,unfound_assault_unarmed,unfound_assault_simple,unfound_burg_total,unfound_burg_force_entry,unfound_burg_nonforce_entry,unfound_burg_attempted,unfound_theft_total,unfound_mtr_veh_theft_total,unfound_mtr_veh_theft_car,unfound_mtr_veh_theft_truck,unfound_mtr_veh_theft_other,unfound_all_crimes,unfound_assault_aggravated,unfound_index_violent,unfound_index_property,unfound_index_total,unfound_arson_single_occupancy,unfound_arson_other_residential,unfound_arson_storage,unfound_arson_industrial,unfound_arson_other_commercial,unfound_arson_community_public,unfound_arson_all_oth_structures,unfound_arson_total_structures,unfound_arson_motor_vehicles,unfound_arson_other_mobile,unfound_arson_total_mobile,unfound_arson_all_other,unfound_arson_grand_total
Dadeville Police Department,2022,Alabama,2962,AL06202,0,0,0,0,0,0,0,0,1,0,0,0,1,68,0,1,0,2,65,6,5,1,0,42,7,6,1,0,124,3,4,55,59,0,0,0,0,0,0,0,0,0,0,0,0,0,0,0,0,0,0,0,0,0,0,0,23,0,0,0,1,22,0,0,0,0,7,1,0,1,0,31,1,1,8,9,0,0,0,0,0,0,0,0,0,0,0,0,0,0,0,0,0,0,0,0,0,0,0,0,0,0,0,0,0,0,0,0,0,0,0,0,0,0,0,0,0,0,0,0,0,0,0,0,0,0,0,0,0,0,0,0,0,0,0,0,0,0,0,0,0,0,0,0,0,0,0,0,0,0,0,0,0,0,0,0,0,0,0,0,0,0,0,0,0,0,0,0,0,0,0,0,0,0,0
Dadeville Police Department,2021,Alabama,2988,AL06202,0,0,0,0,0,1,1,0,0,0,0,0,0,83,9,4,1,5,64,6,3,3,0,47,4,3,1,0,141,19,20,57,77,0,0,0,0,0,0,0,0,0,0,0,0,0,0,0,0,0,0,0,0,0,0,0,41,3,0,0,5,33,1,0,1,0,4,0,0,0,0,46,8,8,5,13,0,0,0,0,0,0,0,0,0,0,0,0,0,0,0,0,0,0,0,0,0,0,0,1,0,0,0,0,1,0,0,0,0,0,0,0,0,0,1,0,0,0,0,0,0,0,0,0,0,0,0,0,0,0,0,0,0,0,0,0,0,0,0,0,0,0,0,0,0,0,0,0,0,0,0,0,0,0,0,0,0,0,0,0,0,0,0,0,0,0,0,0,0,0,0,0,0,0,0
Dadeville Police Department,2020,Alabama,3035,AL06202,0,0,0,1,0,0,0,0,0,0,0,0,0,45,1,3,3,0,38,7,6,1,0,25,1,1,0,0,79,7,8,33,41,0,0,0,0,0,0,0,0,0,0,0,0,0,0,0,0,0,0,0,0,0,0,0,17,1,2,2,0,12,3,3,0,0,2,0,0,0,0,22,5,5,5,10,0,0,0,0,0,0,0,0,0,0,0,0,0,0,0,0,0,0,0,0,0,0,0,0,0,0,0,0,0,0,0,0,0,1,0,0,0,0,1,0,0,1,1,0,0,0,0,0,0,0,0,0,0,0,0,0,0,0,0,0,0,0,0,0,0,0,0,0,0,0,0,0,0,0,0,0,0,0,0,0,0,0,0,0,0,0,0,0,0,0,0,0,0,0,0,0,0,0,0
Dadeville Police Department,2019,Alabama,3063,AL06202,0,0,0,0,0,1,1,0,1,1,0,0,0,80,2,4,6,2,66,3,2,1,0,58,2,2,0,0,145,14,16,63,79,0,0,0,0,0,0,0,0,0,0,0,0,0,0,0,0,0,0,1,1,0,0,0,33,1,2,1,2,27,0,0,0,0,14,0,0,0,0,48,6,7,14,21,0,0,0,0,0,0,0,0,0,0,0,0,0,0,0,0,0,0,0,0,0,0,0,0,0,0,0,0,0,0,0,0,0,0,0,0,0,0,0,0,0,0,0,0,0,0,0,0,0,0,0,0,0,0,0,0,0,0,0,0,0,1,0,0,0,1,3,0,0,1,0,2,0,0,0,0,1,0,0,0,0,5,1,2,1,3,0,0,0,0,0,0,0,0,0,0,0,0,0
Dadeville Police Department,2018,Alabama,3091,AL06202,0,0,0,0,0,2,2,0,4,2,0,0,2,133,1,5,10,0,117,18,7,7,4,81,11,10,1,0,249,16,22,110,132,0,0,0,0,0,0,0,0,0,0,0,0,0,0,0,1,1,0,2,0,0,0,2,81,1,2,6,0,72,3,0,3,0,18,2,2,0,0,107,9,12,23,35,0,0,0,0,0,0,0,0,0,0,0,0,0,0,0,0,0,0,0,0,0,0,0,1,0,0,0,0,1,0,0,0,0,0,0,0,0,0,1,0,0,0,0,0,0,0,0,0,0,0,0,0,0,0,0,0,0,0,1,1,0,0,0,0,0,0,5,0,0,0,0,5,3,0,3,0,3,2,1,0,1,14,0,1,8,9,0,0,0,0,0,0,0,0,0,0,0,0,0
Dadeville Police Department,2017,Alabama,3113,AL06202,0,0,0,1,0,1,1,0,4,2,1,0,1,152,2,3,7,3,137,22,11,9,2,95,2,1,1,0,279,15,21,121,142,2,0,0,0,0,0,0,2,0,0,0,0,2,0,0,0,0,0,2,0,1,0,1,94,0,2,6,2,84,6,4,1,1,34,2,1,1,0,138,10,12,42,54,0,0,0,0,0,0,0,0,0,0,0,0,0,0,0,0,0,0,0,0,0,0,0,3,0,0,0,0,3,0,0,0,0,0,0,0,0,0,3,0,0,0,0,0,0,0,0,0,0,0,0,0,0,0,0,0,0,0,1,1,0,0,0,0,0,0,1,0,0,0,0,1,0,0,0,0,2,0,0,0,0,4,0,1,2,3,0,0,0,0,0,0,0,0,0,0,0,0,0
Dadeville Police Department,2016,Alabama,3136,AL06202,0,0,0,0,0,4,4,0,9,7,0,0,2,145,2,0,6,2,135,27,14,13,0,76,13,11,1,1,275,10,23,117,140,0,0,0,0,0,0,0,0,0,0,0,1,1,0,0,1,1,0,4,3,0,0,1,103,0,0,3,1,99,2,1,1,0,22,4,3,1,0,136,4,9,28,37,0,0,0,0,0,0,0,0,0,0,0,0,0,0,0,1,1,0,0,0,0,0,0,1,0,0,0,0,1,0,0,0,0,0,0,0,0,0,2,0,1,0,1,0,0,0,0,0,0,0,0,0,0,0,0,0,0,0,0,0,0,0,0,0,0,0,1,0,0,0,0,1,1,0,1,0,1,1,1,0,0,4,0,0,3,3,0,0,0,0,0,0,0,0,0,0,0,0,0
Dadeville Police Department,2015,Alabama,3176,AL06202,0,0,0,0,0,2,2,0,4,3,0,0,1,136,6,4,12,1,113,14,11,3,0,72,8,5,0,3,236,23,29,94,123,0,0,0,0,0,0,0,0,0,0,0,0,0,0,0,1,1,0,0,0,0,0,0,115,4,3,9,1,98,4,2,2,0,23,3,3,0,0,146,17,18,30,48,0,0,0,0,0,0,0,0,0,0,0,0,0,0,0,0,0,0,0,0,0,0,0,0,0,0,0,0,0,1,0,1,0,0,0,0,0,0,1,0,0,1,1,0,0,0,0,0,0,0,0,0,0,0,0,0,0,0,1,1,0,0,0,0,0,0,2,0,0,0,0,2,2,1,1,0,6,0,0,0,0,11,0,1,8,9,0,0,0,0,0,0,0,0,0,0,0,0,0
Dadeville Police Department,2014,Alabama,3178,AL06202,0,0,1,0,0,10,10,0,4,4,0,0,0,155,4,5,8,10,128,22,15,7,0,79,6,6,0,0,277,27,41,108,149,1,0,0,0,0,0,0,1,0,0,0,0,1,0,0,10,10,0,2,2,0,0,0,147,2,5,7,10,123,7,5,2,0,49,4,4,0,0,219,24,36,60,96,0,0,0,0,0,0,0,0,0,0,0,0,0,0,0,0,0,0,0,0,0,0,0,5,0,1,0,0,4,1,1,0,0,2,0,0,0,0,8,1,1,3,4,0,0,0,0,0,0,0,0,0,0,0,0,0,0,0,0,0,0,0,0,0,0,0,1,0,0,0,0,1,0,0,0,0,2,0,0,0,0,3,0,0,2,2,0,0,0,0,0,0,0,0,0,0,0,0,0
Dadeville Police Department,2013,Alabama,3186,AL06202,0,0,0,0,0,3,3,0,1,1,0,0,0,140,2,2,5,4,127,34,25,8,1,107,10,10,0,0,295,13,17,151,168,0,0,0,0,0,0,0,0,0,0,0,0,0,0,0,2,2,0,0,0,0,0,0,133,1,1,5,3,123,11,8,3,0,79,9,9,0,0,234,10,12,99,111,0,0,0,0,0,0,0,0,0,0,0,0,0,0,0,0,0,0,0,0,0,0,0,2,0,0,0,0,2,2,2,0,0,1,1,1,0,0,6,0,0,4,4,0,0,0,0,0,0,0,0,0,0,0,0,0,0,0,0,0,0,0,0,0,0,0,0,0,0,0,0,0,1,1,0,0,5,2,2,0,0,8,0,0,8,8,0,0,0,0,0,0,0,0,0,0,0,0,0
Dadeville Police Department,2012,Alabama,3243,AL06202,0,0,2,0,0,0,0,0,0,0,0,0,0,166,1,3,19,19,124,32,28,4,0,102,10,7,2,1,311,42,42,145,187,1,0,0,0,0,0,0,1,0,0,0,0,1,0,0,0,0,0,0,0,0,0,0,152,1,3,19,16,113,9,8,1,0,56,3,3,0,0,220,39,39,68,107,0,0,0,0,0,0,0,0,0,0,0,0,0,0,0,0,0,0,0,0,0,0,0,1,0,0,0,0,1,0,0,0,0,2,0,0,0,0,3,0,0,2,2,0,0,0,0,0,0,0,0,0,0,0,0,0,0,0,2,1,1,0,0,0,0,0,6,0,0,0,1,5,4,4,0,0,3,1,1,0,0,16,1,3,8,11,0,0,0,0,0,0,0,0,0,0,0,0,0
Dadeville Police Department,2011,Alabama,3246,AL06202,0,0,2,0,0,1,1,0,2,1,0,0,1,168,0,3,12,15,138,39,33,6,0,85,5,4,1,0,301,30,33,130,163,0,1,0,0,0,0,0,1,0,0,0,0,1,0,0,1,1,0,2,1,0,0,1,162,0,3,12,14,133,12,12,0,0,50,5,4,1,0,233,29,32,68,100,0,1,0,0,0,0,0,1,0,0,0,0,1,0,0,0,0,0,0,0,0,0,0,1,0,0,0,0,1,0,0,0,0,0,0,0,0,0,1,0,0,0,0,0,0,0,0,0,0,0,0,0,0,0,0,0,0,0,0,0,0,1,1,0,0,0,3,0,0,0,1,2,2,1,1,0,5,0,0,0,0,11,1,2,7,9,0,0,0,0,0,0,0,0,0,0,0,0,0
Dadeville Police Department,2010,Alabama,3230,AL06202,0,0,1,0,0,1,1,0,0,0,0,0,0,162,7,2,8,19,126,8,7,1,0,171,13,8,1,4,356,36,37,193,230,0,1,0,0,0,0,0,1,0,0,0,0,1,0,0,0,0,0,0,0,0,0,0,113,4,1,5,12,91,1,1,0,0,41,1,1,0,0,157,22,22,44,66,0,1,0,0,0,0,0,1,0,0,0,0,1,0,0,0,0,0,0,0,0,0,0,8,0,0,2,1,5,0,0,0,0,3,0,0,0,0,11,3,3,3,6,0,0,0,0,0,0,0,0,0,0,0,0,0,0,0,0,0,0,0,0,0,0,0,1,0,0,0,0,1,0,0,0,0,4,1,1,0,0,6,0,0,5,5,0,0,0,0,0,0,0,0,0,0,0,0,0
Dadeville Police Department,2009,Alabama,3231,AL06202,0,0,0,0,0,1,1,0,4,3,0,0,1,147,0,0,7,60,80,12,11,1,0,84,7,4,1,2,255,67,72,103,175,0,0,0,0,0,0,0,0,0,0,0,0,0,0,0,0,0,0,0,0,0,0,0,0,0,0,0,0,0,0,0,0,0,0,0,0,0,0,0,0,0,0,0,0,0,0,0,0,0,0,0,0,0,0,0,0,0,0,0,0,0,0,0,0,0,0,0,0,0,0,0,0,0,0,0,0,0,0,0,0,0,0,0,0,0,0,0,0,0,0,0,0,0,0,0,0,0,0,0,0,0,0,0,0,0,0,0,0,0,2,0,0,1,0,1,0,0,0,0,1,0,0,0,0,3,1,1,1,2,0,0,0,0,0,0,0,0,0,0,0,0,0
Dadeville Police Department,2008,Alabama,3220,AL06202,0,0,0,0,0,0,0,0,4,0,0,1,3,186,4,3,6,13,160,53,51,2,0,140,6,6,0,0,389,26,30,199,229,0,0,0,0,0,0,0,0,0,0,0,0,0,0,0,0,0,0,0,0,0,0,0,0,0,0,0,0,0,0,0,0,0,0,0,0,0,0,0,0,0,0,0,0,0,0,0,0,0,0,0,0,0,0,0,0,0,0,0,0,0,0,0,0,0,0,0,0,0,0,0,0,0,0,0,0,0,0,0,0,0,0,0,0,0,0,0,0,0,0,0,0,0,0,0,0,0,0,0,0,0,0,0,0,0,0,0,0,0,2,0,0,0,1,1,0,0,0,0,0,0,0,0,0,2,1,1,0,1,0,0,0,0,0,0,0,0,0,0,0,0,0
Dadeville Police Department,2007,Alabama,3239,AL06202,0,0,1,0,0,2,2,0,9,6,0,0,3,228,12,2,8,27,179,56,52,4,0,179,12,10,1,1,488,49,60,249,309,2,0,0,0,0,0,0,2,0,0,0,0,2,0,0,0,0,0,0,0,0,0,0,0,0,0,0,0,0,0,0,0,0,0,0,0,0,0,1,0,0,1,1,1,0,0,0,0,0,0,1,0,0,0,0,1,0,0,0,0,0,0,0,0,0,0,0,0,0,0,0,0,0,0,0,0,0,0,0,0,0,0,0,0,0,0,0,0,0,0,0,0,0,0,0,0,0,0,0,0,0,1,1,0,0,0,0,0,0,0,0,0,0,0,0,0,0,0,0,0,0,0,0,0,1,0,1,0,1,0,0,0,0,0,0,0,0,0,0,0,0,0
Dadeville Police Department,2006,Alabama,3173,AL06202,0,0,0,0,0,1,1,0,1,0,1,0,0,153,3,1,2,13,134,28,24,4,0,176,5,4,0,1,364,19,21,209,230,0,0,0,0,0,0,0,0,0,0,0,0,0,0,0,0,0,0,0,0,0,0,0,0,0,0,0,0,0,0,0,0,0,0,0,0,0,0,0,0,0,0,0,0,0,0,0,0,0,0,0,0,0,0,0,0,0,0,0,0,0,0,0,0,0,0,0,0,0,0,0,0,0,0,0,0,0,0,0,0,0,0,0,0,0,0,0,0,0,0,0,0,0,0,0,0,0,0,0,0,0,1,1,0,0,0,0,0,0,3,0,0,0,0,3,0,0,0,0,1,0,0,0,0,5,0,1,1,2,0,0,0,0,0,0,0,0,0,0,0,0,0
Dadeville Police Department,2005,Alabama,3168,AL06202,0,0,0,0,0,2,2,0,4,2,0,0,2,186,4,3,4,2,173,44,28,16,0,194,17,13,2,2,447,13,19,255,274,0,0,0,0,0,0,0,0,0,0,0,0,0,0,0,1,1,0,2,2,0,0,0,174,4,3,4,3,160,14,7,7,0,104,12,9,1,2,307,14,17,130,147,0,0,0,0,0,0,0,0,0,0,0,0,0,0,0,0,0,0,0,0,0,0,0,0,0,0,0,0,0,0,0,0,0,0,0,0,0,0,0,0,0,0,0,0,0,0,0,0,0,0,0,0,0,0,0,0,0,0,2,2,0,0,0,0,0,0,0,0,0,0,0,0,0,0,0,0,0,0,0,0,0,2,0,2,0,2,0,0,0,0,0,0,0,0,0,0,0,0,0
Dadeville Police Department,2004,Alabama,3174,AL06202,0,0,0,1,0,5,4,1,1,1,0,0,0,181,4,7,0,8,162,16,10,6,0,187,20,13,3,4,411,19,26,223,249,0,0,0,0,0,0,0,0,0,0,0,0,0,1,0,5,4,1,1,0,1,0,0,168,4,7,0,7,150,5,1,4,0,117,15,9,2,4,312,18,25,137,162,0,0,0,0,0,0,0,0,0,0,0,0,0,0,0,0,0,0,0,0,0,0,0,3,0,0,0,1,2,0,0,0,0,7,0,0,0,0,10,1,1,7,8,0,0,0,0,0,0,0,0,0,0,0,0,0,0,0,0,0,0,0,0,0,0,0,1,0,0,0,0,1,1,0,1,0,2,0,0,0,0,4,0,0,3,3,0,0,0,0,0,0,0,0,0,0,0,0,0
Dadeville Police Department,2003,Alabama,3188,AL06202,0,0,0,0,0,3,2,1,2,0,2,0,0,174,5,0,1,3,165,36,24,12,0,199,11,10,0,1,425,9,14,246,260,0,0,0,0,0,0,0,0,0,0,0,0,0,0,0,3,2,1,1,0,1,0,0,169,4,0,3,3,159,28,20,8,0,136,11,10,0,1,348,10,14,175,189,0,0,0,0,0,0,0,0,0,0,0,0,0,0,0,0,0,0,0,0,0,0,0,2,0,0,0,0,2,0,0,0,0,2,1,1,0,0,5,0,0,3,3,0,0,0,0,0,0,0,0,0,0,0,0,0,0,0,1,1,0,0,0,0,0,0,0,0,0,0,0,0,0,0,0,0,1,0,0,0,0,2,0,1,1,2,0,0,0,0,0,0,0,0,0,0,0,0,0
Dadeville Police Department,2002,Alabama,3241,AL06202,0,0,1,0,0,1,1,0,5,1,0,0,4,212,10,5,7,5,185,31,21,10,0,191,15,10,0,5,455,27,33,237,270,0,0,0,0,0,0,0,0,0,0,0,0,0,0,0,1,1,0,4,0,0,0,4,225,10,5,5,5,200,14,9,5,0,112,13,8,0,5,369,25,30,139,169,0,0,0,0,0,0,0,0,0,0,0,0,0,0,0,0,0,0,0,0,0,0,0,2,0,0,0,1,1,0,0,0,0,7,0,0,0,0,9,1,1,7,8,0,0,0,0,0,0,0,0,0,0,0,0,0,0,0,0,0,0,0,0,0,0,0,4,0,0,0,0,4,3,0,3,0,13,0,0,0,0,20,0,0,16,16,0,0,0,0,0,0,0,0,0,0,0,0,0
Dadeville Police Department,2001,Alabama,3224,AL06202,0,0,0,0,0,0,0,0,1,1,0,0,0,189,3,10,4,7,165,18,12,6,0,150,10,9,0,1,368,24,25,178,203,0,0,0,0,0,0,0,0,0,0,0,0,0,0,0,0,0,0,2,2,0,0,0,166,3,10,3,5,145,8,6,2,0,72,7,6,0,1,255,21,23,87,110,0,0,0,0,0,0,0,0,0,0,0,0,0,0,0,0,0,0,0,0,0,0,0,5,0,1,0,0,4,3,2,1,0,1,1,1,0,0,10,1,1,5,6,0,0,0,0,0,0,0,0,0,0,0,0,0,0,0,0,0,0,0,0,0,0,0,0,0,0,0,0,0,1,1,0,0,3,0,0,0,0,4,0,0,4,4,0,0,0,0,0,0,0,0,0,0,0,0,0
Dadeville Police Department,2000,Alabama,3212,AL06202,0,0,0,0,0,2,2,0,2,0,0,0,2,186,5,5,5,6,165,31,19,12,0,129,8,3,0,5,358,21,25,168,193,0,0,0,0,0,0,0,0,0,0,0,0,0,0,0,2,2,0,0,0,0,0,0,167,5,3,5,5,149,13,7,6,0,53,7,3,0,4,242,18,20,73,93,0,0,0,0,0,0,0,0,0,0,0,0,0,0,0,0,0,0,0,0,0,0,0,3,0,0,0,0,3,0,0,0,0,2,0,0,0,0,5,0,0,2,2,0,0,0,0,0,0,0,0,0,0,0,0,0,0,0,1,1,0,0,0,0,0,0,0,0,0,0,0,0,0,0,0,0,3,0,0,0,0,4,0,1,3,4,0,0,0,0,0,0,0,0,0,0,0,0,0
Dadeville Police Department,1999,Alabama,3415,AL06202,0,0,0,1,0,1,0,1,7,1,1,2,3,146,4,2,10,1,129,30,19,10,1,104,11,8,1,2,300,17,26,145,171,0,0,0,0,0,0,0,0,0,0,0,0,0,1,0,1,0,1,6,0,1,2,3,125,4,2,10,1,108,11,7,3,1,41,10,7,1,2,195,17,25,62,87,0,0,0,0,0,0,0,0,0,0,0,0,0,0,0,0,0,0,0,0,0,0,0,6,0,0,0,0,6,2,1,0,1,4,0,0,0,0,12,0,0,6,6,0,0,0,0,0,0,0,0,0,0,0,0,0,0,0,0,0,0,0,0,0,0,0,1,0,0,0,1,0,2,0,2,0,3,1,1,0,0,7,1,1,6,7,0,0,0,0,0,0,0,0,0,0,0,0,0
Dadeville Police Department,1998,Alabama,3390,AL06202,0,0,0,0,0,0,0,0,1,0,0,1,0,155,5,8,6,1,135,23,19,4,0,116,4,3,0,1,299,20,21,143,164,0,0,0,0,0,0,0,0,0,0,0,0,0,0,0,0,0,0,1,0,0,1,0,87,3,5,2,0,77,9,9,0,0,34,2,1,0,1,133,10,11,45,56,0,0,0,0,0,0,0,0,0,0,0,0,0,0,0,0,0,0,0,0,0,0,0,0,0,0,0,0,0,0,0,0,0,3,0,0,0,0,3,0,0,3,3,0,0,0,0,0,0,0,0,0,0,0,0,0,0,0,0,0,0,0,0,0,0,0,0,0,0,0,0,0,0,0,0,0,3,1,0,1,0,4,0,0,4,4,0,0,0,0,0,0,0,0,0,0,0,0,0
Dadeville Police Department,1997,Alabama,3533,AL06202,0,0,0,1,0,3,3,0,2,0,0,0,2,79,6,2,5,6,60,33,16,17,0,51,3,3,0,0,172,19,25,87,112,0,0,0,0,0,0,0,0,0,0,0,0,0,1,0,3,3,0,1,0,0,0,1,42,1,1,2,5,33,12,7,5,0,24,2,2,0,0,85,9,14,38,52,0,0,0,0,0,0,0,0,0,0,0,0,0,0,0,0,0,0,0,0,0,0,0,0,0,0,0,0,0,5,3,2,0,7,1,1,0,0,13,0,0,13,13,0,0,0,0,0,0,0,0,0,0,0,0,0,0,0,0,0,0,0,0,0,0,0,0,0,0,0,0,0,1,0,1,0,0,0,0,0,0,1,0,0,1,1,0,0,0,0,0,0,0,0,0,0,0,0,0
Dadeville Police Department,1996,Alabama,3496,AL06202,0,0,0,1,0,0,0,0,3,0,0,0,3,36,2,3,3,2,26,29,18,11,0,47,4,1,2,1,120,10,14,80,94,0,0,0,0,0,0,0,0,0,0,0,0,0,1,0,0,0,0,1,0,0,0,1,19,0,1,2,1,15,10,8,2,0,17,2,1,1,0,50,4,6,29,35,0,0,0,0,0,0,0,0,0,0,0,0,0,0,0,0,0,0,0,0,0,0,0,2,0,1,0,0,1,2,2,0,0,4,0,0,0,0,8,1,1,6,7,0,0,0,0,0,0,0,0,0,0,0,0,0,0,0,0,0,0,0,0,0,0,0,2,0,0,0,0,2,1,1,0,0,6,0,0,0,0,9,0,0,7,7,0,0,0,0,0,0,0,0,0,0,0,0,0
Dadeville Police Department,1995,Alabama,3480,AL06202,0,0,0,0,0,2,1,1,2,1,0,1,0,20,2,0,3,2,13,23,20,3,0,38,0,0,0,0,87,7,11,63,74,1,0,0,0,1,0,0,2,0,0,0,0,2,0,0,2,1,1,1,0,0,1,0,15,2,0,2,1,10,2,2,0,0,6,0,0,0,0,27,5,8,9,17,1,0,0,0,0,0,0,1,0,0,0,0,1,0,0,0,0,0,1,0,0,1,0,1,0,0,0,0,1,1,1,0,0,0,0,0,0,0,3,0,1,1,2,0,0,0,0,0,0,0,0,0,0,0,0,0,0,0,0,0,0,0,0,0,0,0,7,0,0,0,1,6,0,0,0,0,1,0,0,0,0,8,1,1,1,2,0,0,0,0,0,0,0,0,0,0,0,0,0
Dadeville Police Department,1994,Alabama,3413,AL06202,0,0,0,0,0,1,0,0,0,0,0,0,0,5,0,0,0,4,1,16,0,0,0,20,0,0,0,0,44,4,5,38,43,2,0,0,0,0,0,0,2,0,0,0,0,2,0,0,0,0,0,0,0,0,0,0,0,0,0,0,0,0,0,0,0,0,0,0,0,0,0,0,0,0,0,0,0,0,0,0,0,0,0,0,0,0,0,0,0,0,0,0,0,0,0,0,0,0,0,0,0,0,0,0,0,0,0,0,0,0,0,0,0,0,0,0,0,0,0,0,0,0,0,0,0,0,0,0,0,0,0,0,0,0,0,0,0,0,0,0,0,0,0,0,0,0,0,0,0,0,0,0,0,0,0,0,0,0,0,0,0,0,0,0,0,0,0,0,0,0,0,0,0,0,0
Dadeville Police Department,1993,Alabama,3388,AL06202,0,0,0,2,0,1,0,0,0,0,0,0,0,0,0,0,0,0,0,9,0,0,0,11,1,0,0,0,24,0,3,21,24,0,0,0,0,0,0,0,0,0,0,0,0,0,0,0,0,0,0,0,0,0,0,0,0,0,0,0,0,0,0,0,0,0,0,0,0,0,0,0,0,0,0,0,0,0,0,0,0,0,0,0,0,0,0,0,0,0,0,0,0,0,0,0,0,0,0,0,0,0,0,0,0,0,0,0,0,0,0,0,0,0,0,0,0,0,0,0,0,0,0,0,0,0,0,0,0,0,0,0,0,0,0,0,0,0,0,0,0,0,0,0,0,0,0,0,0,0,0,0,0,0,0,0,0,0,0,0,0,0,0,0,0,0,0,0,0,0,0,0,0,0,0
Dadeville Police Department,1992,Alabama,3353,AL06202,0,0,0,0,0,2,0,0,1,0,0,0,0,1,0,0,0,1,0,4,0,0,0,10,1,0,0,0,19,1,4,15,19,0,0,0,0,0,0,0,0,0,0,0,0,0,0,0,1,0,0,1,0,0,0,0,1,0,0,0,1,0,1,0,0,0,4,1,0,0,0,9,1,3,6,9,0,0,0,0,0,0,0,0,0,0,0,0,0,0,0,0,0,0,0,0,0,0,0,0,0,0,0,0,0,0,0,0,0,0,0,0,0,0,0,0,0,0,0,0,0,0,0,0,0,0,0,0,0,0,0,0,0,0,0,0,0,0,0,0,0,0,0,0,0,0,0,0,0,0,0,0,0,0,0,0,0,0,0,0,0,0,0,0,0,0,0,0,0,0,0,0,0,0,0
Dadeville Police Department,1991,Alabama,3315,AL06202,0,0,0,0,0,0,0,0,2,0,0,0,0,3,0,1,1,1,0,14,0,0,0,7,1,0,0,0,27,3,5,22,27,0,0,0,0,0,0,0,0,0,0,0,0,0,0,0,0,0,0,0,0,0,0,0,3,0,1,1,1,0,6,0,0,0,3,1,0,0,0,13,3,3,10,13,0,0,0,0,0,0,0,0,0,0,0,0,0,0,0,0,0,0,0,0,0,0,0,0,0,0,0,0,0,0,0,0,0,0,0,0,0,0,0,0,0,0,0,0,0,0,0,0,0,0,0,0,0,0,0,0,0,0,0,0,0,0,0,0,0,0,0,0,0,0,0,0,0,0,0,0,0,0,0,0,0,0,0,0,0,0,0,0,0,0,0,0,0,0,0,0,0,0,0
Dadeville Police Department,1990,Alabama,3276,AL06202,0,0,1,0,0,1,0,0,1,0,0,0,0,3,0,0,0,3,0,6,0,0,0,3,0,0,0,0,14,3,5,9,14,0,0,0,0,0,0,0,0,0,0,0,0,0,0,0,0,0,0,0,0,0,0,0,0,0,0,0,0,0,0,0,0,0,0,0,0,0,0,0,0,0,0,0,0,0,0,0,0,0,0,0,0,0,0,0,0,0,0,0,0,0,0,0,0,0,0,0,0,0,0,0,0,0,0,0,0,0,0,0,0,0,0,0,0,0,0,0,0,0,0,0,0,0,0,0,0,0,0,0,0,0,0,0,0,0,0,0,0,0,0,0,0,0,0,0,0,0,0,0,0,0,0,0,0,0,0,0,0,0,0,0,0,0,0,0,0,0,0,0,0,0,0
Dadeville Police Department,1989,Alabama,,AL06202,,,,,,,,,,,,,,,,,,,,,,,,,,,,,,,,,,,,,,,,,,,,,,,,,,,,,,,,,,,,,,,,,,,,,,,,,,,,,,,,,,,,,,,,,,,,,,,,,,,,,,,,,,,,,,,,,,,,,,,,,,,,,,,,,,,,,,,,,,,,,,,,,,,,,,,,,,,,,,,,,,,,,,,,,,,,,,,
Dadeville Police Department,1988,Alabama,,AL06202,,,,,,,,,,,,,,,,,,,,,,,,,,,,,,,,,,,,,,,,,,,,,,,,,,,,,,,,,,,,,,,,,,,,,,,,,,,,,,,,,,,,,,,,,,,,,,,,,,,,,,,,,,,,,,,,,,,,,,,,,,,,,,,,,,,,,,,,,,,,,,,,,,,,,,,,,,,,,,,,,,,,,,,,,,,,,,,
Dadeville Police Department,1987,Alabama,3103,AL06202,0,0,0,0,0,2,2,0,0,0,0,0,0,8,0,1,0,6,1,7,2,5,0,14,1,1,0,0,32,7,9,22,31,0,0,0,0,0,0,0,0,0,0,0,0,0,0,0,2,2,0,0,0,0,0,0,7,0,1,0,6,0,1,0,1,0,6,1,1,0,0,17,7,9,8,17,0,0,0,0,0,0,0,0,0,0,0,0,0,0,0,0,0,0,0,0,0,0,0,0,0,0,0,0,0,0,0,0,0,0,1,1,0,0,1,0,0,1,1,0,0,0,0,0,0,0,0,0,0,0,0,0,0,0,0,0,0,0,0,0,0,0,0,0,0,0,0,0,1,1,0,0,0,0,0,0,0,1,0,0,1,1,0,0,0,0,0,0,0,0,0,0,0,0,0
Dadeville Police Department,1986,Alabama,3306,AL06202,0,0,0,0,0,0,0,0,0,0,0,0,0,15,0,2,4,3,6,16,15,1,0,14,5,4,1,0,53,9,9,38,47,1,0,0,1,0,1,0,3,0,0,0,0,3,0,0,0,0,0,0,0,0,0,0,13,0,2,4,2,5,7,7,0,0,5,3,3,0,0,30,8,8,17,25,1,0,0,0,0,1,0,2,0,0,0,0,2,0,0,0,0,0,0,0,0,0,0,0,0,0,0,0,0,0,0,0,0,0,1,1,0,0,2,0,0,2,2,0,0,0,0,0,1,0,1,0,0,0,0,1,0,0,0,0,0,0,0,0,0,0,0,0,0,0,0,0,0,0,0,0,0,0,0,0,0,0,0,0,0,0,0,0,0,0,0,0,0,0,0,0,0,0,0
Dadeville Police Department,1985,Alabama,3374,AL06202,0,0,0,0,0,1,1,0,2,0,1,0,1,4,0,3,0,1,0,22,19,0,3,12,0,0,0,0,41,4,7,34,41,0,0,0,0,0,0,0,0,0,0,0,0,0,0,0,1,1,0,1,0,1,0,0,4,0,3,0,1,0,13,10,0,3,5,0,0,0,0,24,4,6,18,24,0,0,0,0,0,0,0,0,0,0,0,0,0,0,0,0,0,0,0,0,0,0,0,0,0,0,0,0,0,0,0,0,0,0,0,0,0,0,0,0,0,0,0,0,0,0,0,0,0,0,0,0,0,0,0,0,0,0,0,0,0,0,0,0,0,0,0,0,0,0,0,0,0,0,0,0,0,0,0,0,0,0,0,0,0,0,0,0,0,0,0,0,0,0,0,0,0,0,0
Dadeville Police Department,1984,Alabama,3348,AL06202,0,0,0,2,0,0,0,0,1,0,1,0,0,4,0,2,0,1,1,15,11,4,0,12,1,0,1,0,35,3,6,28,34,0,0,0,0,0,0,0,0,0,0,0,0,0,2,0,0,0,0,1,0,1,0,0,4,0,2,0,1,1,6,6,0,0,3,0,0,0,0,16,3,6,9,15,0,0,0,0,0,0,0,0,0,0,0,0,0,0,0,0,0,0,0,0,0,0,0,0,0,0,0,0,0,4,4,0,0,0,0,0,0,0,4,0,0,4,4,0,0,0,0,0,0,0,0,0,0,0,0,0,0,0,0,0,0,0,0,0,0,0,0,0,0,0,0,0,0,0,0,0,0,0,0,0,0,0,0,0,0,0,0,0,0,0,0,0,0,0,0,0,0,0,0
Dadeville Police Department,1983,Alabama,3331,AL06202,0,0,0,1,0,0,0,0,2,0,0,0,2,0,0,0,0,0,0,34,28,5,1,14,0,0,0,0,51,0,3,48,51,0,0,0,0,0,0,0,0,0,0,0,0,0,1,0,0,0,0,1,0,0,0,1,0,0,0,0,0,0,11,9,1,1,1,0,0,0,0,14,0,2,12,14,0,0,0,0,0,0,0,0,0,0,0,0,0,0,0,0,0,0,0,0,0,0,0,0,0,0,0,0,0,1,1,0,0,0,0,0,0,0,1,0,0,1,1,0,0,0,0,0,0,0,0,0,0,0,0,0,0,0,0,0,0,0,0,0,0,0,0,0,0,0,0,0,0,0,0,0,0,0,0,0,0,0,0,0,0,0,0,0,0,0,0,0,0,0,0,0,0,0,0
Dadeville Police Department,1982,Alabama,3318,AL06202,0,0,1,1,0,0,0,0,0,0,0,0,0,4,0,3,0,1,0,26,24,2,0,16,4,3,1,0,51,4,5,46,51,0,0,0,0,0,0,0,0,0,0,0,0,0,1,0,0,0,0,0,0,0,0,0,4,0,3,0,1,0,6,5,1,0,1,2,2,0,0,14,4,5,9,14,0,0,0,0,0,0,0,0,0,0,0,0,0,0,0,0,0,0,0,0,0,0,0,0,0,0,0,0,0,2,2,0,0,1,1,1,0,0,4,0,0,4,4,0,0,0,0,0,0,0,0,0,0,0,0,0,0,0,0,0,0,0,0,0,0,0,0,0,0,0,0,0,0,0,0,0,0,0,0,0,0,0,0,0,0,0,0,0,0,0,0,0,0,0,0,0,0,0,0
Dadeville Police Department,1981,Alabama,3295,AL06202,0,0,2,0,0,0,0,0,0,0,0,0,0,6,3,1,0,0,2,32,28,4,0,24,4,1,2,1,70,4,4,64,68,1,0,0,0,0,0,0,1,0,0,0,3,4,0,0,0,0,0,0,0,0,0,0,6,3,1,0,0,2,9,9,0,0,2,3,1,2,0,20,4,4,14,18,0,0,0,0,0,0,0,0,0,0,0,0,0,0,0,0,0,0,0,0,0,0,0,0,0,0,0,0,0,9,9,0,0,0,0,0,0,0,9,0,0,9,9,0,0,0,0,0,0,0,0,0,0,0,0,0,0,0,0,0,0,0,0,0,0,0,0,0,0,0,0,0,0,0,0,0,0,0,0,0,0,0,0,0,0,0,0,0,0,0,0,0,0,0,0,0,0,0,0
Dadeville Police Department,1980,Alabama,3249,AL06202,0,0,1,0,0,0,0,0,3,0,1,1,1,2,0,1,0,1,0,28,21,6,1,7,5,5,0,0,45,2,5,40,45,0,0,0,0,0,0,0,0,0,0,0,0,0,0,0,0,0,0,2,0,1,1,0,2,0,1,0,1,0,6,6,0,0,1,2,2,0,0,13,2,4,9,13,0,0,0,0,0,0,0,0,0,0,0,0,0,0,0,0,0,0,1,0,0,1,0,0,0,0,0,0,0,1,1,0,0,0,0,0,0,0,2,0,1,1,2,0,0,0,0,0,0,0,0,0,0,0,0,0,0,0,0,0,0,0,0,0,0,0,0,0,0,0,0,0,0,0,0,0,0,0,0,0,0,0,0,0,0,0,0,0,0,0,0,0,0,0,0,0,0,0,0
Dadeville Police Department,1979,Alabama,3257,AL06202,0,0,0,3,0,0,0,0,1,0,1,0,0,2,0,2,0,0,0,15,8,7,0,3,8,6,2,0,32,2,6,26,32,0,0,0,0,0,0,0,0,0,0,0,0,0,3,0,0,0,0,1,0,1,0,0,2,0,2,0,0,0,5,2,3,0,0,6,5,1,0,17,2,6,11,17,0,0,0,0,0,0,0,0,0,0,0,0,0,0,0,0,0,0,0,0,0,0,0,0,0,0,0,0,0,1,1,0,0,0,3,3,0,0,4,0,0,4,4,0,0,0,0,0,0,0,0,0,0,0,0,0,0,0,0,0,0,0,0,0,0,0,0,0,0,0,0,0,0,0,0,0,0,0,0,0,0,0,0,0,0,0,0,0,0,0,0,0,0,0,0,0,0,0,0
Dadeville Police Department,1978,Alabama,3421,AL06202,0,0,0,0,0,0,0,0,0,0,0,0,0,2,2,0,0,0,0,8,7,1,0,7,2,1,1,0,19,2,2,17,19,,,,,,,,,,,,,,0,0,0,0,0,0,0,0,0,0,2,2,0,0,0,0,5,5,0,0,2,1,1,0,0,10,2,2,8,10,,,,,,,,,,,,,,0,0,0,0,0,0,0,0,0,0,0,0,0,0,0,0,3,3,0,0,1,0,0,0,0,4,0,0,4,4,,,,,,,,,,,,,,0,0,0,0,0,0,0,0,0,0,0,0,0,0,0,0,0,0,0,0,0,0,0,0,0,0,0,0,0,0,,,,,,,,,,,,,
Dadeville Police Department,1977,Alabama,2816,AL06202,0,0,0,0,0,0,0,0,0,0,0,0,0,6,1,1,2,1,1,10,5,5,0,0,3,1,2,0,19,5,5,13,18,,,,,,,,,,,,,,0,0,0,0,0,0,0,0,0,0,6,1,1,2,1,1,6,4,2,0,0,2,1,1,0,14,5,5,8,13,,,,,,,,,,,,,,0,0,0,0,0,0,0,0,0,0,0,0,0,0,0,0,2,2,0,0,0,1,1,0,0,3,0,0,3,3,,,,,,,,,,,,,,0,0,0,0,0,0,0,0,0,0,0,0,0,0,0,0,0,0,0,0,0,0,0,0,0,0,0,0,0,0,,,,,,,,,,,,,
Dadeville Police Department,1976,Alabama,2969,AL06202,0,0,1,1,0,0,0,0,0,0,0,0,0,6,2,2,0,2,0,13,12,0,1,6,1,1,0,0,27,6,7,20,27,,,,,,,,,,,,,,1,0,0,0,0,0,0,0,0,0,6,2,2,0,2,0,6,5,0,1,6,1,1,0,0,20,6,7,13,20,,,,,,,,,,,,,,0,0,0,0,0,0,0,0,0,0,0,0,0,0,0,0,2,2,0,0,0,0,0,0,0,2,0,0,2,2,,,,,,,,,,,,,,0,0,0,0,0,0,0,0,0,0,0,0,0,0,0,0,0,0,0,0,0,0,0,0,0,0,0,0,0,0,,,,,,,,,,,,,
