agency,year,state,population,ORI,officers_killed_by_felony,officers_killed_by_accident,officers_assaulted,actual_murder,actual_manslaughter,actual_rape_total,actual_rape_by_force,actual_rape_attempted,actual_robbery_total,actual_robbery_with_a_gun,actual_robbery_with_a_knife,actual_robbery_other_weapon,actual_robbery_unarmed,actual_assault_total,actual_assault_with_a_gun,actual_assault_with_a_knife,actual_assault_other_weapon,actual_assault_unarmed,actual_assault_simple,actual_burg_total,actual_burg_force_entry,actual_burg_nonforce_entry,actual_burg_attempted,actual_theft_total,actual_mtr_veh_theft_total,actual_mtr_veh_theft_car,actual_mtr_veh_theft_truck,actual_mtr_veh_theft_other,actual_all_crimes,actual_assault_aggravated,actual_index_violent,actual_index_property,actual_index_total,actual_arson_single_occupancy,actual_arson_other_residential,actual_arson_storage,actual_arson_industrial,actual_arson_other_commercial,actual_arson_community_public,actual_arson_all_oth_structures,actual_arson_total_structures,actual_arson_motor_vehicles,actual_arson_other_mobile,actual_arson_total_mobile,actual_arson_all_other,actual_arson_grand_total,tot_clr_murder,tot_clr_manslaughter,tot_clr_rape_total,tot_clr_rape_by_force,tot_clr_rape_attempted,tot_clr_robbery_total,tot_clr_robbery_with_a_gun,tot_clr_robbery_with_a_knife,tot_clr_robbery_other_weapon,tot_clr_robbery_unarmed,tot_clr_assault_total,tot_clr_assault_with_a_gun,tot_clr_assault_with_a_knife,tot_clr_assault_other_weapon,tot_clr_assault_unarmed,tot_clr_assault_simple,tot_clr_burg_total,tot_clr_burg_force_entry,tot_clr_burg_nonforce_entry,tot_clr_burg_attempted,tot_clr_theft_total,tot_clr_mtr_veh_theft_total,tot_clr_mtr_veh_theft_car,tot_clr_mtr_veh_theft_truck,tot_clr_mtr_veh_theft_other,tot_clr_all_crimes,tot_clr_assault_aggravated,tot_clr_index_violent,tot_clr_index_property,tot_clr_index_total,tot_clr_arson_single_occupancy,tot_clr_arson_other_residential,tot_clr_arson_storage,tot_clr_arson_industrial,tot_clr_arson_other_commercial,tot_clr_arson_community_public,tot_clr_arson_all_oth_structures,tot_clr_arson_total_structures,tot_clr_arson_motor_vehicles,tot_clr_arson_other_mobile,tot_clr_arson_total_mobile,tot_clr_arson_all_other,tot_clr_arson_grand_total,clr_18_murder,clr_18_manslaughter,clr_18_rape_total,clr_18_rape_by_force,clr_18_rape_attempted,clr_18_robbery_total,clr_18_robbery_with_a_gun,clr_18_robbery_with_a_knife,clr_18_robbery_other_weapon,clr_18_robbery_unarmed,clr_18_assault_total,clr_18_assault_with_a_gun,clr_18_assault_with_a_knife,clr_18_assault_other_weapon,clr_18_assault_unarmed,clr_18_assault_simple,clr_18_burg_total,clr_18_burg_force_entry,clr_18_burg_nonforce_entry,clr_18_burg_attempted,clr_18_theft_total,clr_18_mtr_veh_theft_total,clr_18_mtr_veh_theft_car,clr_18_mtr_veh_theft_truck,clr_18_mtr_veh_theft_other,clr_18_all_crimes,clr_18_assault_aggravated,clr_18_index_violent,clr_18_index_property,clr_18_index_total,clr_18_arson_single_occupancy,clr_18_arson_other_residential,clr_18_arson_storage,clr_18_arson_industrial,clr_18_arson_other_commercial,clr_18_arson_community_public,clr_18_arson_all_oth_structures,clr_18_arson_total_structures,clr_18_arson_motor_vehicles,clr_18_arson_other_mobile,clr_18_arson_total_mobile,clr_18_arson_all_other,clr_18_arson_grand_total,unfound_murder,unfound_manslaughter,unfound_rape_total,unfound_rape_by_force,unfound_rape_attempted,unfound_robbery_total,unfound_robbery_with_a_gun,unfound_robbery_with_a_knife,unfound_robbery_other_weapon,unfound_robbery_unarmed,unfound_assault_total,unfound_assault_with_a_gun,unfound_assault_with_a_knife,unfound_assault_other_weapon,unfound_assault_unarmed,unfound_assault_simple,unfound_burg_total,unfound_burg_force_entry,unfound_burg_nonforce_entry,unfound_burg_attempted,unfound_theft_total,unfound_mtr_veh_theft_total,unfound_mtr_veh_theft_car,unfound_mtr_veh_theft_truck,unfound_mtr_veh_theft_other,unfound_all_crimes,unfound_assault_aggravated,unfound_index_violent,unfound_index_property,unfound_index_total,unfound_arson_single_occupancy,unfound_arson_other_residential,unfound_arson_storage,unfound_arson_industrial,unfound_arson_other_commercial,unfound_arson_community_public,unfound_arson_all_oth_structures,unfound_arson_total_structures,unfound_arson_motor_vehicles,unfound_arson_other_mobile,unfound_arson_total_mobile,unfound_arson_all_other,unfound_arson_grand_total
Monterey Park Police Department,2022,California,58352,CA01948,0,0,0,0,0,7,7,0,70,16,8,12,34,221,17,12,32,16,144,245,187,43,15,709,273,238,29,6,1528,77,154,1230,1384,0,0,0,0,1,0,0,1,0,0,0,2,3,0,0,5,5,0,27,6,5,4,12,184,13,11,17,13,130,21,13,5,3,53,30,21,7,2,324,54,86,108,194,0,0,0,0,1,0,0,1,0,0,0,3,4,0,0,1,1,0,0,0,0,0,0,0,0,0,0,0,0,0,0,0,0,0,0,0,0,0,1,0,1,0,1,0,0,0,0,0,0,0,0,0,0,0,0,0,0,0,0,0,0,0,0,0,0,0,0,0,0,0,0,0,0,0,0,0,0,0,0,0,0,0,0,0,0,0,0,0,0,0,0,0,0,0,0,0,0,0,0
Monterey Park Police Department,2021,California,,CA01948,,,,,,,,,,,,,,,,,,,,,,,,,,,,,,,,,,,,,,,,,,,,,,,,,,,,,,,,,,,,,,,,,,,,,,,,,,,,,,,,,,,,,,,,,,,,,,,,,,,,,,,,,,,,,,,,,,,,,,,,,,,,,,,,,,,,,,,,,,,,,,,,,,,,,,,,,,,,,,,,,,,,,,,,,,,,,,,
Monterey Park Police Department,2020,California,59609,CA01948,0,0,12,2,0,11,10,1,51,13,7,10,21,204,4,10,22,13,155,212,147,50,15,781,237,105,119,13,1513,49,113,1245,1358,1,0,0,0,0,0,0,1,11,0,11,0,15,2,0,6,6,0,18,1,5,5,7,151,2,9,15,11,114,35,25,9,1,105,32,18,14,0,353,37,63,176,239,1,0,0,0,0,0,0,1,1,0,1,0,4,0,0,0,0,0,2,0,0,0,2,4,0,0,0,0,4,0,0,0,0,2,0,0,0,0,8,0,2,2,4,0,0,0,0,0,0,0,0,0,0,0,0,0,0,0,0,0,0,0,0,0,0,0,0,0,0,0,0,0,0,0,0,0,0,0,0,0,0,0,0,0,0,0,0,0,0,0,0,0,0,0,0,0,0,0,0
Monterey Park Police Department,2019,California,60424,CA01948,0,0,4,0,0,7,7,0,59,18,2,4,35,221,4,11,23,22,161,267,189,50,28,929,159,79,66,14,1642,60,126,1355,1481,0,0,0,0,0,0,0,0,0,0,0,0,0,0,0,4,4,0,14,4,0,0,10,193,4,10,17,18,144,49,35,12,2,193,31,20,8,3,484,49,67,273,340,0,0,0,0,0,0,0,0,0,0,0,0,0,0,0,0,0,0,0,0,0,0,0,7,0,0,0,2,5,2,0,1,1,3,0,0,0,0,12,2,2,5,7,0,0,0,0,0,0,0,0,0,0,0,0,0,0,0,0,0,0,0,0,0,0,0,0,0,0,0,0,0,0,0,0,0,0,0,0,0,0,0,0,0,0,0,0,0,0,0,0,0,0,0,0,0,0,0,0
Monterey Park Police Department,2018,California,61160,CA01948,0,0,11,0,0,4,4,0,73,26,9,6,32,239,2,11,24,10,192,356,254,80,22,1017,216,121,87,8,1907,47,124,1591,1715,0,0,0,0,1,0,0,0,0,0,0,0,2,0,0,2,2,0,33,8,6,4,15,147,1,10,23,8,105,33,19,8,6,84,26,16,9,1,325,42,77,143,220,0,0,0,0,0,0,0,0,0,0,0,0,0,0,0,0,0,0,5,2,1,1,1,1,0,0,0,0,1,0,0,0,0,1,1,1,0,0,8,0,5,2,7,0,0,0,0,0,0,0,0,0,0,0,0,0,0,0,0,0,0,1,1,0,0,0,1,0,0,1,0,0,0,0,0,0,2,0,0,0,0,4,1,2,2,4,0,0,0,0,0,0,0,0,0,0,0,0,0
Monterey Park Police Department,2017,California,61210,CA01948,0,0,10,1,0,10,10,0,55,22,4,5,24,233,6,8,16,16,187,439,315,85,39,955,219,147,62,10,1916,46,112,1617,1729,1,1,0,0,0,1,0,3,0,1,1,0,4,1,0,7,7,0,9,3,1,1,4,152,1,8,11,9,123,18,11,5,2,54,27,22,3,2,270,29,46,101,147,1,1,0,0,0,0,0,2,0,0,0,0,2,0,0,1,1,0,1,0,1,0,0,7,0,3,0,2,2,0,0,0,0,4,1,1,0,0,14,5,7,5,12,0,0,0,0,0,0,0,0,0,0,0,0,0,0,0,0,0,0,0,0,0,0,0,1,0,0,0,0,1,0,0,0,0,0,0,0,0,0,1,0,0,0,0,0,0,0,0,0,0,0,0,0,0,0,0,0
Monterey Park Police Department,2016,California,61710,CA01948,0,0,5,1,0,8,8,0,59,25,8,1,25,248,4,18,29,12,185,460,300,112,48,998,246,182,56,8,2021,63,131,1705,1836,0,0,0,0,1,0,0,1,0,0,0,0,1,0,0,3,3,0,9,3,2,0,4,135,2,9,17,7,100,24,12,9,3,48,20,18,2,0,239,35,47,92,139,0,0,0,0,0,0,0,0,0,0,0,0,0,0,0,0,0,0,0,0,0,0,0,0,0,0,0,0,0,4,1,1,2,2,0,0,0,0,6,0,0,6,6,0,0,0,0,0,0,0,0,0,0,0,0,0,0,0,0,0,0,0,0,0,0,0,0,0,0,0,0,0,0,0,0,0,5,0,0,0,0,5,0,0,5,5,0,0,0,0,0,0,0,0,0,0,0,0,0
Monterey Park Police Department,2015,California,61750,CA01948,0,0,6,0,0,6,5,1,57,15,5,4,33,218,1,13,14,12,178,378,257,93,28,728,243,173,61,9,1633,40,103,1352,1455,1,0,0,0,0,1,0,2,0,0,0,1,3,1,0,1,1,0,11,2,2,0,7,156,0,11,7,7,131,32,23,6,3,32,24,21,3,0,258,25,38,89,127,0,0,0,0,0,0,0,0,0,0,0,1,1,0,0,0,0,0,1,0,0,0,1,5,0,0,0,0,5,1,1,0,0,0,0,0,0,0,7,0,1,1,2,0,0,0,0,0,0,0,0,0,0,0,0,0,0,0,0,0,0,0,0,0,0,0,0,0,0,0,0,0,0,0,0,0,0,0,0,0,0,0,0,0,0,0,0,0,0,0,0,0,0,0,0,0,0,0,0
Monterey Park Police Department,2014,California,61284,CA01948,0,0,10,1,0,4,4,0,41,9,3,1,28,196,5,7,23,10,151,267,164,73,30,608,164,117,36,11,1281,45,91,1039,1130,0,0,0,0,0,0,0,0,0,0,0,0,0,1,0,5,5,0,10,0,0,1,9,162,0,4,18,3,137,20,7,9,4,40,17,10,6,1,255,25,41,77,118,0,0,0,0,0,0,0,0,0,0,0,0,0,0,0,0,0,0,1,0,0,0,1,3,0,0,2,0,1,0,0,0,0,0,0,0,0,0,4,2,3,0,3,0,0,0,0,0,0,0,0,0,0,0,0,0,0,0,1,1,0,0,0,0,0,0,0,0,0,0,0,0,1,0,1,0,0,0,0,0,0,2,0,1,1,2,0,0,0,0,0,0,0,0,0,0,0,0,0
Monterey Park Police Department,2013,California,61152,CA01948,0,0,6,0,0,8,8,0,60,17,6,4,33,225,9,7,13,7,189,316,203,84,29,637,209,142,58,9,1455,36,104,1162,1266,0,0,0,0,0,0,0,0,0,0,0,0,0,0,0,6,6,0,17,3,2,1,11,188,4,6,11,5,162,20,10,7,3,52,16,12,3,1,299,26,49,88,137,0,0,0,0,0,0,0,0,0,0,0,0,0,0,0,0,0,0,2,0,0,0,2,5,0,0,1,0,4,1,1,0,0,5,0,0,0,0,13,1,3,6,9,0,0,0,0,0,0,0,0,0,0,0,0,0,1,0,0,0,0,0,0,0,0,0,2,0,0,0,0,2,0,0,0,0,2,2,2,0,0,7,0,1,4,5,0,0,0,0,0,0,0,0,0,0,0,0,0
Monterey Park Police Department,2012,California,61270,CA01948,0,0,4,4,0,1,1,0,42,14,2,7,19,161,4,10,11,3,133,249,160,75,14,551,222,187,30,5,1232,28,75,1024,1099,0,2,0,0,0,0,0,2,0,0,0,0,2,2,0,2,2,0,8,2,0,2,4,118,4,7,8,1,98,23,13,9,1,51,6,3,3,0,211,20,32,81,113,0,1,0,0,0,0,0,1,0,0,0,0,1,0,0,0,0,0,2,0,0,0,2,4,0,0,0,0,4,2,1,1,0,4,0,0,0,0,12,0,2,6,8,0,0,0,0,0,0,0,0,0,0,0,0,0,1,0,2,2,0,0,0,0,0,0,2,0,0,0,0,2,3,3,0,0,2,0,0,0,0,10,0,3,5,8,0,0,0,0,0,0,0,0,0,0,0,0,0
Monterey Park Police Department,2011,California,60978,CA01948,0,0,9,1,0,1,0,1,60,14,6,3,37,176,10,9,17,4,136,213,122,79,12,635,191,162,22,7,1277,40,102,1039,1141,0,0,0,0,0,0,0,0,0,0,0,0,0,2,0,1,0,1,7,1,0,0,6,102,9,6,9,3,75,6,0,5,1,45,5,5,0,0,168,27,37,56,93,0,0,0,0,0,0,0,0,0,0,0,0,0,0,0,0,0,0,0,0,0,0,0,4,0,1,0,0,3,1,0,1,0,3,0,0,0,0,8,1,1,4,5,0,0,0,0,0,0,0,0,0,0,0,0,0,2,0,0,0,0,0,0,0,0,0,0,0,0,0,0,0,0,0,0,0,0,0,0,0,0,2,0,2,0,2,0,0,0,0,0,0,0,0,0,0,0,0,0
Monterey Park Police Department,2010,California,60269,CA01948,0,0,5,3,0,0,0,0,57,26,6,3,22,181,11,10,14,1,145,219,136,69,14,415,226,201,18,7,1101,36,96,860,956,0,0,0,0,0,0,0,0,0,0,0,0,0,3,0,0,0,0,8,1,1,2,4,99,1,5,9,1,83,19,7,10,2,23,10,10,0,0,162,16,27,52,79,0,0,0,0,0,0,0,0,0,0,0,0,0,0,0,0,0,0,0,0,0,0,0,6,0,0,0,0,6,2,0,1,1,2,2,2,0,0,12,0,0,6,6,0,0,0,0,0,0,0,0,0,0,0,0,0,0,0,0,0,0,0,0,0,0,0,0,0,0,0,0,0,0,0,0,0,0,0,0,0,0,0,0,0,0,0,0,0,0,0,0,0,0,0,0,0,0,0,0
Monterey Park Police Department,2009,California,61353,CA01948,0,0,5,1,0,4,4,0,95,31,9,9,46,160,2,11,31,2,114,249,150,86,13,524,193,154,26,13,1228,46,146,968,1114,1,0,0,0,0,0,0,1,1,0,1,0,2,0,0,4,4,0,12,4,1,0,7,86,0,3,16,3,64,33,18,14,1,48,6,6,0,0,189,22,38,87,125,0,0,0,0,0,0,0,0,0,0,0,0,0,0,0,0,0,0,0,0,0,0,0,7,0,0,2,0,5,1,1,0,0,2,0,0,0,0,10,2,2,3,5,0,0,0,0,0,0,0,0,0,0,0,0,0,0,0,2,2,0,0,0,0,0,0,1,0,0,0,0,1,0,0,0,0,0,0,0,0,0,3,0,2,0,2,0,0,0,0,0,0,0,0,0,0,0,0,0
Monterey Park Police Department,2008,California,61664,CA01948,0,0,5,2,0,1,1,0,78,21,6,2,49,136,3,13,11,6,103,309,199,92,18,698,235,183,39,13,1460,33,114,1243,1357,0,0,0,0,0,0,0,0,1,0,1,0,1,3,0,0,0,0,8,0,2,1,5,66,0,8,4,1,53,25,14,10,1,40,20,17,3,0,162,13,24,85,109,0,0,0,0,0,0,0,0,0,0,0,0,0,0,0,0,0,0,0,0,0,0,0,4,0,2,0,0,2,3,1,1,1,6,2,2,0,0,15,2,2,11,13,0,0,0,0,0,0,0,0,0,0,0,0,0,0,0,1,1,0,0,0,0,0,0,3,0,0,1,1,1,0,0,0,0,1,0,0,0,0,5,2,3,1,4,0,0,0,0,0,0,0,0,0,0,0,0,0
Monterey Park Police Department,2007,California,62472,CA01948,0,0,1,2,0,3,3,0,126,46,10,8,62,113,7,5,19,34,48,273,161,95,17,766,251,191,28,32,1534,65,196,1290,1486,0,0,0,0,0,0,0,0,0,0,0,0,0,2,0,1,1,0,40,8,4,5,23,86,1,6,11,19,49,30,15,14,1,75,28,23,1,4,262,37,80,133,213,0,0,0,0,0,0,0,0,0,0,0,0,0,0,0,0,0,0,0,0,0,0,0,0,0,0,0,0,0,0,0,0,0,0,0,0,0,0,0,0,0,0,0,0,0,0,0,0,0,0,0,0,0,0,0,0,0,0,0,0,0,1,0,0,0,1,1,0,0,0,0,1,0,0,0,0,8,1,1,0,0,11,0,1,9,10,0,0,0,0,0,0,0,0,0,0,0,0,0
Monterey Park Police Department,2006,California,62624,CA01948,0,0,0,1,0,7,4,3,108,43,1,9,55,127,11,15,6,16,79,313,212,77,24,744,317,293,12,12,1619,48,164,1376,1540,0,0,0,0,1,0,0,1,1,0,1,0,2,0,0,2,1,1,22,7,0,3,12,61,2,4,1,7,47,35,22,13,0,147,66,59,2,5,333,14,38,248,286,0,0,0,0,0,0,0,0,0,0,0,0,0,0,0,0,0,0,0,0,0,0,0,0,0,0,0,0,0,0,0,0,0,0,0,0,0,0,0,0,0,0,0,0,0,0,0,0,0,0,0,0,0,0,0,0,0,0,1,1,0,1,0,1,0,0,0,0,0,0,0,0,0,0,0,0,0,0,0,0,0,2,0,2,0,2,0,0,0,0,0,0,0,0,0,0,0,0,0
Monterey Park Police Department,2005,California,62812,CA01948,0,0,7,2,0,4,4,0,89,32,6,6,45,164,5,14,12,23,110,274,167,84,23,707,414,380,16,18,1655,54,149,1396,1545,1,0,0,0,0,0,0,1,0,0,0,0,1,1,0,1,1,0,18,7,1,0,10,71,1,3,5,11,51,50,31,18,1,104,66,62,2,2,311,20,40,220,260,0,0,0,0,0,0,0,0,0,0,0,0,0,0,0,0,0,0,0,0,0,0,0,2,0,0,0,1,1,13,2,10,1,16,13,13,0,0,44,1,1,42,43,0,0,0,0,0,0,0,0,0,0,0,0,0,0,0,0,0,0,0,0,0,0,0,1,0,0,0,0,1,1,0,1,0,2,0,0,0,0,4,0,0,3,3,0,0,0,0,0,0,0,0,0,0,0,0,0
Monterey Park Police Department,2004,California,62931,CA01948,0,0,10,1,0,6,6,0,97,29,13,8,47,196,5,9,16,29,137,275,161,91,23,715,508,451,36,21,1800,59,163,1500,1663,0,0,0,0,1,0,0,1,1,0,1,0,2,1,0,3,3,0,17,4,4,0,9,103,1,5,7,16,74,39,14,21,4,143,67,55,6,6,373,29,50,249,299,0,0,0,0,0,0,0,0,0,0,0,0,0,0,0,0,0,0,0,0,0,0,0,0,0,0,0,0,0,0,0,0,0,0,0,0,0,0,0,0,0,0,0,0,0,0,0,0,0,0,0,0,0,0,0,0,0,0,0,0,0,0,0,0,0,0,0,0,0,0,0,0,1,1,0,0,0,0,0,0,0,1,0,0,1,1,0,0,0,0,0,0,0,0,0,0,0,0,0
Monterey Park Police Department,2003,California,62471,CA01948,0,0,4,1,0,6,4,2,99,47,5,3,44,193,10,10,17,24,132,272,166,99,7,654,454,415,20,19,1684,61,167,1385,1552,1,2,0,0,1,1,0,5,0,0,0,0,5,0,0,5,4,1,13,5,1,1,6,98,0,6,3,14,75,49,25,20,4,86,40,37,2,1,295,23,41,179,220,0,0,0,0,3,1,0,4,0,0,0,0,4,0,0,0,0,0,0,0,0,0,0,0,0,0,0,0,0,0,0,0,0,0,0,0,0,0,3,0,0,3,3,0,0,0,0,3,0,0,3,0,0,0,0,3,0,0,0,0,0,1,0,1,0,0,0,0,0,0,0,0,0,0,0,0,1,0,0,0,0,2,0,1,1,2,0,0,0,0,0,0,0,0,0,0,0,0,0
Monterey Park Police Department,2002,California,62257,CA01948,0,0,4,1,0,5,5,0,114,52,16,5,41,215,9,17,9,24,156,413,236,139,38,755,392,350,28,14,1899,59,179,1564,1743,0,0,0,0,3,1,0,4,0,0,0,0,4,0,0,2,2,0,10,4,1,0,5,148,4,5,6,15,118,53,24,22,7,129,42,36,3,3,386,30,42,226,268,0,0,0,0,0,2,0,2,0,0,0,0,2,0,0,0,0,0,0,0,0,0,0,0,0,0,0,0,0,0,0,0,0,0,0,0,0,0,2,0,0,2,2,0,0,0,0,0,2,0,2,0,0,0,0,2,0,0,0,0,0,0,0,0,0,0,3,0,0,2,0,1,2,0,1,1,5,2,2,0,0,12,2,2,9,11,0,0,0,0,0,0,0,0,0,0,0,0,0
Monterey Park Police Department,2001,California,61167,CA01948,0,0,3,3,0,11,11,0,135,63,18,3,51,268,8,15,14,23,208,291,178,100,13,691,308,281,15,12,1709,60,209,1292,1501,1,1,0,0,0,0,0,2,0,0,0,0,2,1,0,5,5,0,22,5,3,2,12,231,5,9,9,14,194,38,20,18,0,121,18,16,0,2,439,37,65,180,245,1,2,0,0,0,0,0,3,0,0,0,0,3,0,0,0,0,0,0,0,0,0,0,0,0,0,0,0,0,0,0,0,0,0,0,0,0,0,2,0,0,2,2,0,2,0,0,0,0,0,2,0,0,0,0,2,0,0,2,2,0,0,0,0,0,0,1,0,0,0,0,1,2,2,0,0,5,1,1,0,0,11,0,2,8,10,0,0,0,0,0,0,0,0,0,0,0,0,0
Monterey Park Police Department,2000,California,60051,CA01948,0,0,9,0,0,4,4,0,96,50,7,6,33,278,20,12,29,20,197,264,176,78,10,587,306,274,23,9,1541,81,181,1163,1344,1,0,0,0,2,0,0,3,3,0,3,0,6,0,0,3,3,0,11,6,1,1,3,138,6,5,8,11,108,48,35,12,1,118,38,34,1,3,356,30,44,204,248,0,0,0,0,0,0,0,0,0,0,0,0,0,0,0,0,0,0,0,0,0,0,0,0,0,0,0,0,0,0,0,0,0,0,0,0,0,0,0,0,0,0,0,0,0,0,0,0,0,0,0,0,0,0,0,0,0,0,0,0,0,0,0,0,0,0,0,0,0,0,0,0,1,1,0,0,3,3,3,0,0,7,0,0,7,7,0,0,0,0,0,0,0,0,0,0,0,0,0
Monterey Park Police Department,1999,California,63447,CA01948,0,0,5,4,0,6,6,0,132,54,14,8,56,229,19,12,15,15,168,293,173,106,14,577,326,294,24,8,1570,61,203,1199,1402,0,0,0,0,0,1,0,1,2,0,2,0,3,3,0,3,3,0,21,5,2,0,14,135,10,3,10,9,103,38,14,21,3,111,35,30,3,2,346,32,59,184,243,0,0,0,0,0,0,0,0,0,0,0,0,0,0,0,0,0,0,0,0,0,0,0,0,0,0,0,0,0,0,0,0,0,0,0,0,0,0,0,0,0,0,0,0,0,0,0,0,0,0,0,0,0,0,0,0,0,0,1,1,0,1,1,0,0,0,3,0,0,1,1,1,0,0,0,0,1,0,0,0,0,6,2,4,1,5,0,0,0,0,0,0,0,0,0,0,0,0,0
Monterey Park Police Department,1998,California,63103,CA01948,0,0,11,2,0,4,2,2,140,50,15,6,69,325,22,20,38,35,210,399,275,97,27,750,422,354,60,8,2045,115,261,1574,1835,0,0,0,0,0,0,0,0,0,0,0,0,3,0,0,1,1,0,18,3,3,1,11,165,8,7,25,21,104,60,32,27,1,111,12,8,4,0,367,61,80,183,263,0,0,0,0,0,0,0,0,0,0,0,0,0,0,0,0,0,0,0,0,0,0,0,0,0,0,0,0,0,0,0,0,0,0,0,0,0,0,0,0,0,0,0,0,0,0,0,0,0,0,0,0,0,0,0,0,0,0,0,0,0,0,0,0,0,0,0,0,0,0,0,0,0,0,0,0,1,0,0,0,0,1,0,0,1,1,0,0,0,0,0,0,0,0,0,0,0,0,0
Monterey Park Police Department,1997,California,59462,CA01948,0,0,23,3,0,10,7,3,176,70,17,9,80,443,25,36,43,23,316,397,260,109,28,857,524,461,57,6,2412,127,316,1780,2096,0,0,0,0,1,0,0,1,1,0,1,0,2,0,0,0,0,0,20,6,2,1,11,113,1,9,3,7,93,35,20,11,4,117,19,15,1,3,304,20,40,171,211,0,0,0,0,0,0,0,0,0,0,0,0,0,0,0,0,0,0,0,0,0,0,0,0,0,0,0,0,0,0,0,0,0,0,0,0,0,0,0,0,0,0,0,0,0,0,0,0,0,0,0,0,0,0,0,0,0,0,0,0,0,0,0,0,0,0,1,0,0,0,0,1,1,1,0,0,0,2,2,0,0,4,0,0,3,3,0,0,0,0,0,0,0,0,0,0,0,0,0
Monterey Park Police Department,1996,California,58744,CA01948,0,0,10,1,0,9,7,2,226,92,25,7,102,409,22,28,27,23,309,403,276,100,27,922,571,506,55,10,2544,100,336,1899,2235,1,0,0,0,0,0,0,1,2,0,2,0,3,0,0,0,0,0,0,0,0,0,0,0,0,0,0,0,0,0,0,0,0,0,0,0,0,0,0,0,0,0,0,0,0,0,0,0,0,0,0,0,0,0,0,0,0,0,0,0,0,0,0,0,0,0,0,0,0,0,0,0,0,0,0,0,0,0,0,0,0,0,0,0,0,0,0,0,0,0,0,0,0,0,0,0,0,0,0,1,0,0,0,0,0,0,0,0,0,0,0,0,0,0,0,0,0,0,0,3,3,2,1,0,7,0,1,6,7,0,0,0,0,0,0,0,0,0,0,0,0,0
Monterey Park Police Department,1995,California,58212,CA01948,0,0,21,3,0,4,4,0,262,125,27,18,92,473,38,21,37,43,334,548,354,163,31,903,507,429,66,12,2700,139,408,1958,2366,0,0,0,0,0,0,0,0,0,0,0,0,0,3,0,1,1,0,41,13,4,3,21,183,2,15,14,30,122,52,23,28,1,177,34,28,5,1,491,61,106,263,369,0,0,0,0,0,0,0,0,0,0,0,0,0,0,0,0,0,0,0,0,0,0,0,0,0,0,0,0,0,0,0,0,0,0,0,0,0,0,0,0,0,0,0,0,0,0,0,0,0,0,0,0,0,0,0,0,0,0,0,0,0,0,0,0,0,0,0,0,0,0,0,0,0,0,0,0,1,1,1,0,0,2,0,0,2,2,0,0,0,0,0,0,0,0,0,0,0,0,0
Monterey Park Police Department,1994,California,60386,CA01948,0,0,5,6,0,9,7,2,251,119,30,12,90,463,49,16,51,61,286,679,467,179,33,1094,625,488,121,16,3130,177,443,2401,2844,0,1,0,0,0,0,0,1,0,0,0,2,3,0,0,1,1,0,42,21,4,2,15,227,8,8,27,40,144,51,27,23,1,106,38,24,12,2,466,83,126,196,322,0,1,0,0,0,0,0,1,0,0,0,0,1,0,0,0,0,0,0,0,0,0,0,0,0,0,0,0,0,0,0,0,0,0,0,0,0,0,0,0,0,0,0,0,0,0,0,0,0,0,0,0,0,0,0,0,0,0,1,1,0,1,0,1,0,0,1,0,0,0,0,1,2,1,1,0,4,1,1,0,0,10,0,2,7,9,0,0,0,0,0,0,0,0,0,0,0,0,0
Monterey Park Police Department,1993,California,59964,CA01948,0,0,8,6,0,9,8,1,296,142,38,19,97,532,44,37,56,72,323,758,539,187,32,933,681,538,125,18,3217,209,520,2374,2894,0,0,0,0,1,0,1,2,0,0,0,0,2,7,0,5,5,0,41,13,6,5,17,442,25,37,53,65,262,108,63,40,5,138,17,17,0,0,758,180,233,263,496,0,0,0,0,0,0,0,0,0,0,0,0,0,0,0,1,1,0,5,2,0,2,1,6,0,0,2,0,4,9,6,1,2,8,4,4,0,0,33,2,8,21,29,0,0,0,0,0,0,0,0,0,0,0,0,0,0,0,0,0,0,3,1,1,0,1,2,1,0,1,0,0,3,1,2,0,9,2,2,0,0,20,2,5,15,20,0,0,0,0,0,0,0,0,0,0,0,1,1
Monterey Park Police Department,1992,California,62996,CA01948,0,0,11,2,0,8,7,1,385,179,40,27,139,542,40,39,76,88,299,816,614,163,39,847,728,571,111,46,3333,243,638,2396,3034,1,0,0,0,0,0,0,1,1,0,1,3,5,2,0,6,6,0,68,35,10,3,20,469,23,23,55,85,283,74,40,27,7,88,32,24,7,1,743,186,262,198,460,1,0,0,0,0,0,0,1,0,0,0,3,4,1,0,0,0,0,9,3,0,0,6,14,3,3,1,3,4,8,5,3,0,7,5,4,1,0,45,10,20,21,41,0,0,0,0,0,0,0,0,0,0,0,1,1,0,0,0,0,0,5,1,1,0,3,6,0,0,3,1,2,2,0,1,1,6,4,3,1,0,23,4,9,12,21,0,0,0,0,0,0,0,0,0,0,0,0,0
Monterey Park Police Department,1991,California,62003,CA01948,0,0,8,7,0,12,10,2,332,154,34,9,135,534,32,50,77,62,313,783,576,184,23,1046,764,638,108,18,3491,221,572,2606,3178,4,0,0,0,0,1,2,7,5,0,5,1,13,5,0,9,7,2,73,32,7,2,32,409,8,26,48,48,279,89,57,29,3,146,59,42,14,3,791,130,217,295,512,0,0,0,0,0,0,0,0,0,0,0,1,1,0,0,5,3,2,8,2,1,0,5,9,0,2,4,1,2,8,6,2,0,28,4,4,0,0,63,7,20,41,61,0,0,0,0,0,0,0,0,0,0,0,1,1,0,0,0,0,0,3,1,1,0,1,1,0,1,0,0,0,2,1,1,0,5,3,3,0,0,14,1,4,10,14,0,0,0,0,0,0,0,0,0,0,0,0,0
Monterey Park Police Department,1990,California,60738,CA01948,0,0,20,0,0,11,8,3,339,128,30,11,170,413,22,33,52,116,190,830,605,191,34,1161,737,596,120,21,3494,223,573,2731,3304,0,0,1,0,0,1,0,2,0,0,0,1,3,0,0,5,4,1,64,19,6,5,34,210,18,11,23,62,96,75,40,28,7,174,56,40,16,0,585,114,183,306,489,0,0,0,0,0,1,0,1,0,0,0,0,1,0,0,0,0,0,11,3,2,2,4,13,3,3,0,2,5,10,7,3,0,26,10,7,3,0,71,8,19,47,66,0,0,0,0,0,1,0,1,0,0,0,0,1,0,0,0,0,0,0,0,0,0,0,2,2,0,0,0,0,2,1,1,0,3,1,1,0,0,8,2,2,6,8,0,0,0,0,0,0,0,0,0,0,0,0,0
Monterey Park Police Department,1989,California,63559,CA01948,0,0,23,3,0,18,7,11,255,91,32,11,121,424,20,40,75,101,188,721,508,176,37,960,896,723,158,15,3284,236,512,2584,3096,2,0,0,0,0,1,0,3,4,0,4,0,7,1,0,7,2,5,39,19,3,5,12,225,9,28,31,59,98,71,39,23,9,112,66,54,12,0,524,127,174,252,426,1,0,0,0,0,1,0,2,1,0,1,0,3,0,0,1,1,0,11,4,1,0,6,8,1,1,0,0,6,4,3,1,0,10,10,9,1,0,45,2,14,25,39,0,0,0,0,0,1,0,1,0,0,0,0,1,1,0,1,0,1,1,1,0,0,0,1,0,0,0,1,0,1,0,1,0,2,8,6,1,1,15,1,4,11,15,0,0,0,0,0,0,0,0,0,0,0,0,0
Monterey Park Police Department,1988,California,63520,CA01948,0,0,18,10,0,12,6,6,234,76,23,8,127,419,12,27,66,87,227,783,525,210,48,1044,768,587,164,17,3270,192,448,2595,3043,0,0,0,0,0,0,0,0,0,0,0,0,0,3,0,4,3,1,30,12,3,2,13,212,6,13,29,46,118,86,46,34,6,173,52,39,8,5,560,94,131,311,442,0,0,0,0,0,0,0,0,0,0,0,0,0,0,0,0,0,0,4,1,0,0,3,6,1,2,0,0,3,12,7,3,2,26,9,7,0,2,57,3,7,47,54,0,0,0,0,0,0,0,0,0,0,0,0,0,0,0,0,0,0,2,2,0,0,0,1,1,0,0,0,0,1,0,0,1,1,10,10,0,0,15,1,3,12,15,0,0,0,0,0,0,0,0,0,0,0,0,0
Monterey Park Police Department,1987,California,62388,CA01948,0,0,21,0,1,9,8,1,181,57,13,7,104,375,22,20,58,33,242,594,338,224,32,1135,651,489,141,21,2947,133,323,2381,2704,0,1,0,0,0,0,0,1,0,0,0,0,1,0,0,4,3,1,29,3,3,3,20,257,14,20,33,19,171,114,43,63,8,192,127,105,18,4,723,86,119,433,552,0,0,0,0,0,0,0,0,0,0,0,0,0,0,0,0,0,0,3,1,0,0,2,8,3,3,1,0,1,21,6,15,0,40,27,23,4,0,99,7,10,88,98,0,0,0,0,0,0,0,0,0,0,0,0,0,1,0,0,0,0,1,0,0,0,1,1,0,0,0,0,1,1,1,0,0,1,14,14,0,0,19,0,2,16,18,0,0,0,0,0,0,0,0,0,0,0,0,0
Monterey Park Police Department,1986,California,61560,CA01948,0,0,20,1,0,6,4,2,135,45,17,9,64,343,15,15,38,15,260,681,406,257,18,1091,544,359,149,36,2808,83,225,2323,2548,0,1,0,0,0,0,1,2,4,0,4,1,7,1,0,2,2,0,51,14,5,3,29,253,8,11,26,8,200,236,178,57,1,243,127,111,12,4,914,53,107,607,714,0,0,0,0,0,0,0,0,0,0,0,1,1,0,0,1,1,0,4,0,0,1,3,11,2,0,2,0,7,19,16,3,0,32,33,26,5,2,101,4,9,85,94,0,0,0,0,0,0,0,0,0,0,0,1,1,0,0,0,0,0,2,0,1,0,1,3,1,1,0,0,1,8,3,4,1,2,26,23,2,1,41,2,4,36,40,0,0,0,0,0,0,0,0,0,0,0,0,0
Monterey Park Police Department,1985,California,60590,CA01948,0,0,9,6,0,8,6,2,187,84,12,6,85,178,21,22,24,17,94,893,583,254,56,1328,475,306,121,48,3084,84,285,2705,2990,1,0,1,0,3,1,1,7,2,0,2,0,9,6,0,4,1,3,37,23,3,1,10,93,12,9,15,9,48,154,93,50,11,188,62,50,6,6,546,45,92,406,498,0,0,0,0,1,0,1,2,0,0,0,0,2,0,0,0,0,0,0,0,0,0,0,7,3,1,0,1,2,17,12,4,1,41,6,6,0,0,71,5,5,64,69,0,0,0,0,0,0,0,0,0,0,0,0,0,0,0,0,0,0,1,0,1,0,0,8,4,0,1,1,2,11,5,5,1,16,14,12,0,2,50,6,7,41,48,0,0,0,0,0,0,0,0,0,0,0,0,0
Monterey Park Police Department,1984,California,58884,CA01948,0,0,21,1,0,12,7,5,141,63,18,8,52,162,19,19,28,65,31,780,463,299,18,1240,349,230,92,27,2698,131,285,2382,2667,1,2,2,0,3,2,1,11,0,0,0,2,13,1,0,5,5,0,32,9,5,2,16,86,9,11,15,37,14,211,127,79,5,307,29,19,7,3,675,72,110,551,661,0,2,0,0,0,0,0,2,0,0,0,2,4,0,0,0,0,0,6,0,0,0,6,3,1,0,0,2,0,10,4,6,0,19,3,2,1,0,41,3,9,32,41,0,0,0,0,0,0,0,0,0,0,0,0,0,0,0,1,1,0,0,0,0,0,0,3,0,1,1,0,1,15,8,7,0,9,9,8,1,0,37,2,3,33,36,0,0,0,0,0,0,0,0,0,0,0,0,0
Monterey Park Police Department,1983,California,58085,CA01948,0,0,23,1,0,12,4,8,178,69,27,5,77,165,7,8,21,47,82,851,488,338,25,1189,319,220,86,13,2726,83,274,2370,2644,1,1,0,0,2,2,0,6,4,0,4,1,11,2,0,6,2,4,38,8,5,3,22,113,4,4,14,29,62,225,117,103,5,219,33,28,5,0,639,51,97,480,577,0,0,0,0,1,0,0,1,2,0,2,0,3,0,0,2,0,2,13,0,2,1,10,5,0,1,0,0,4,47,24,22,1,34,5,5,0,0,106,1,16,86,102,0,0,0,0,0,0,0,0,0,0,0,0,0,0,0,1,0,1,4,1,1,0,2,5,0,0,1,3,1,35,23,9,3,5,20,15,3,2,70,4,9,60,69,0,0,0,0,0,0,0,0,0,0,0,0,0
Monterey Park Police Department,1982,California,57047,CA01948,0,0,31,6,0,18,3,15,191,109,21,8,53,197,15,11,23,36,112,1017,623,346,48,1450,359,256,81,22,3257,85,300,2845,3145,1,2,0,0,4,9,0,16,2,0,2,1,19,2,0,8,1,7,51,20,8,1,22,106,8,3,11,21,63,251,172,69,10,281,43,36,6,1,745,43,104,578,682,1,0,0,0,1,0,0,2,1,0,1,0,3,0,0,0,0,0,9,2,1,1,5,9,1,0,3,0,5,41,23,17,1,76,6,5,1,0,141,4,13,123,136,0,0,0,0,0,0,0,0,0,0,0,0,0,0,0,0,0,0,0,0,0,0,0,0,0,0,0,0,0,0,0,0,0,0,0,0,0,0,1,0,0,1,1,0,0,0,0,0,0,0,0,1,0,1,0,1
Monterey Park Police Department,1981,California,55743,CA01948,0,0,19,3,0,8,5,3,165,84,23,5,53,250,18,19,30,7,176,1236,834,358,44,1481,342,244,61,37,3499,74,250,3073,3323,3,2,0,0,3,0,2,10,3,0,3,1,14,2,0,2,1,1,35,22,3,2,8,155,11,11,19,5,109,231,140,79,12,187,41,30,9,2,655,46,85,461,546,0,0,0,0,1,0,0,1,0,0,0,1,2,0,0,0,0,0,8,2,1,0,5,16,1,2,3,1,9,33,12,18,3,50,3,3,0,0,112,7,15,88,103,0,0,0,0,1,0,0,1,0,0,0,1,2,0,0,0,0,0,0,0,0,0,0,0,0,0,0,0,0,0,0,0,0,0,0,0,0,0,0,0,0,0,0,0,0,0,0,0,0,0,0,0,0,0,0,0
Monterey Park Police Department,1980,California,54298,CA01948,0,0,18,3,0,20,10,10,165,93,20,3,49,221,19,12,35,31,124,1344,861,447,36,1525,332,267,32,33,3635,97,285,3226,3511,8,3,0,0,3,4,3,21,3,0,3,1,25,0,0,5,4,1,39,23,3,0,13,121,10,8,21,15,67,253,169,78,6,253,55,48,5,2,728,54,98,563,661,1,0,0,0,0,1,0,2,0,0,0,0,2,0,0,0,0,0,5,1,1,0,3,11,3,2,2,2,2,37,20,16,1,75,11,9,1,1,139,9,14,123,137,0,0,0,0,0,0,0,0,0,0,0,0,0,0,0,0,0,0,0,0,0,0,0,0,0,0,0,0,0,0,0,0,0,0,0,0,0,0,0,0,0,0,0,0,0,0,0,0,0,0,0,0,0,0,0,0
Monterey Park Police Department,1979,California,52227,CA01948,0,0,11,7,0,12,10,2,132,79,9,6,38,171,14,16,23,44,74,1079,704,340,35,1397,360,268,48,44,3171,97,248,2849,3097,1,1,1,0,0,2,3,8,4,1,5,0,13,4,0,4,3,1,57,29,5,3,20,87,12,8,11,30,26,129,65,43,21,210,100,79,11,10,593,61,126,441,567,0,1,0,0,0,0,0,1,0,1,1,0,2,0,0,0,0,0,2,1,0,0,1,8,3,1,0,1,3,17,7,6,4,68,24,18,1,5,119,5,7,109,116,0,0,0,0,0,0,0,0,0,0,0,0,0,0,0,0,0,0,0,0,0,0,0,0,0,0,0,0,0,0,0,0,0,0,0,0,0,0,2,0,0,2,2,1,0,0,0,0,0,0,1,0,0,0,1,2
Monterey Park Police Department,1978,California,51393,CA01948,0,0,0,1,0,9,8,1,104,62,7,2,33,218,9,25,29,23,132,908,546,324,38,1235,283,213,25,45,2758,86,200,2426,2626,,,,,,,,,,,,,,1,0,7,5,2,49,35,2,1,11,153,5,15,21,25,87,122,68,43,11,227,63,52,3,8,622,66,123,412,535,,,,,,,,,,,,,,0,0,2,2,0,4,1,1,0,2,21,3,3,2,3,10,24,12,8,4,45,19,16,1,2,115,11,17,88,105,,,,,,,,,,,,,,0,0,0,0,0,0,0,0,0,0,0,0,0,0,0,0,0,0,0,0,0,0,0,0,0,0,0,0,0,0,,,,,,,,,,,,,
Monterey Park Police Department,1977,California,,CA01948,,,,,,,,,,,,,,,,,,,,,,,,,,,,,,,,,,,,,,,,,,,,,,,,,,,,,,,,,,,,,,,,,,,,,,,,,,,,,,,,,,,,,,,,,,,,,,,,,,,,,,,,,,,,,,,,,,,,,,,,,,,,,,,,,,,,,,,,,,,,,,,,,,,,,,,,,,,,,,,,,,,,,,,,,,,,,,,
Monterey Park Police Department,1976,California,48700,CA01948,0,0,5,1,0,6,5,1,81,51,5,3,22,159,5,16,11,7,120,695,432,219,44,1000,242,212,6,24,2184,39,127,1937,2064,,,,,,,,,,,,,,1,0,3,2,1,52,42,3,1,6,123,4,10,9,8,92,297,159,115,23,495,99,93,2,4,1070,31,87,891,978,,,,,,,,,,,,,,0,0,1,1,0,4,2,0,0,2,14,1,1,0,2,10,27,15,9,3,86,18,16,0,2,150,4,9,131,140,,,,,,,,,,,,,,0,0,0,0,0,0,0,0,0,0,0,0,0,0,0,0,0,0,0,0,0,0,0,0,0,0,0,0,0,0,,,,,,,,,,,,,
Monterey Park Police Department,1975,California,48515,CA01948,0,0,7,0,0,8,4,4,72,46,4,1,21,120,7,8,9,0,96,568,385,144,39,1003,188,155,12,21,1959,24,104,1759,1863,,,,,,,,,,,,,,0,6,10,6,4,35,24,2,1,8,101,5,8,6,0,82,305,196,82,27,528,80,75,0,5,1065,19,64,913,977,,,,,,,,,,,,,,0,0,0,0,0,4,1,0,0,3,9,3,2,1,0,3,35,18,16,1,89,28,27,0,1,165,6,10,152,162,,,,,,,,,,,,,,0,0,0,0,0,0,0,0,0,0,0,0,0,0,0,0,0,0,0,0,0,0,0,0,0,0,0,0,0,0,,,,,,,,,,,,,
Monterey Park Police Department,1974,California,47950,CA01948,0,0,0,1,1,7,7,0,51,32,3,1,15,103,10,6,8,2,77,554,361,161,32,909,195,152,19,24,1821,26,85,1658,1743,,,,,,,,,,,,,,1,1,5,5,0,25,16,1,1,7,92,7,4,7,2,72,191,117,55,19,345,52,40,4,8,712,20,51,588,639,,,,,,,,,,,,,,0,0,0,0,0,1,0,0,0,1,12,1,0,1,0,10,36,25,11,0,85,14,9,2,3,148,2,3,135,138,,,,,,,,,,,,,,0,0,0,0,0,0,0,0,0,0,0,0,0,0,0,0,0,0,0,0,0,0,0,0,0,0,0,0,0,0,,,,,,,,,,,,,
Monterey Park Police Department,1973,California,48800,CA01948,0,0,0,0,0,6,3,3,53,32,0,0,21,104,3,3,14,2,82,438,278,130,30,824,171,171,0,0,1514,22,81,1433,1514,,,,,,,,,,,,,,0,0,4,2,2,29,13,0,0,16,87,3,4,9,2,69,197,133,52,12,279,41,41,0,0,568,18,51,517,568,,,,,,,,,,,,,,0,0,1,0,1,7,3,0,0,4,12,0,0,4,1,7,19,14,4,1,58,9,9,0,0,99,5,13,86,99,,,,,,,,,,,,,,0,0,0,0,0,0,0,0,0,0,0,0,0,0,0,0,0,0,0,0,0,0,0,0,0,0,0,0,0,0,,,,,,,,,,,,,
Monterey Park Police Department,1972,California,50500,CA01948,0,0,0,0,0,5,5,0,55,37,0,0,18,129,6,11,4,3,105,529,311,184,34,1024,188,188,0,0,1825,24,84,1741,1825,,,,,,,,,,,,,,0,0,5,0,0,21,0,0,0,0,15,4,6,4,1,0,206,0,0,0,89,50,50,0,0,386,15,41,345,386,,,,,,,,,,,,,,0,0,1,0,0,3,0,0,0,0,8,0,4,3,1,0,21,0,0,0,19,22,22,0,0,74,8,12,62,74,,,,,,,,,,,,,,0,0,0,0,0,0,0,0,0,0,0,0,0,0,0,0,0,0,0,0,0,0,0,0,0,0,0,0,0,0,,,,,,,,,,,,,
Monterey Park Police Department,1971,California,49350,CA01948,0,0,0,6,2,5,4,1,65,50,0,0,15,157,4,7,4,0,142,581,324,208,49,1143,203,203,0,0,2020,15,91,1927,2018,,,,,,,,,,,,,,4,1,1,0,0,23,0,0,0,0,12,3,4,3,2,0,277,0,0,0,114,21,21,0,0,453,12,40,412,452,,,,,,,,,,,,,,0,0,0,0,0,4,0,0,0,0,6,1,2,2,1,0,21,0,0,0,50,13,13,0,0,94,6,10,84,94,,,,,,,,,,,,,,0,0,0,0,0,0,0,0,0,0,0,0,0,0,0,0,0,0,0,0,0,0,0,0,0,0,0,0,0,0,,,,,,,,,,,,,
Monterey Park Police Department,1970,California,49166,CA01948,0,0,0,0,0,3,2,1,30,22,0,0,8,190,1,5,4,2,178,429,247,154,28,1057,171,171,0,0,1702,12,45,1657,1702,,,,,,,,,,,,,,0,0,0,0,0,11,0,0,0,0,6,1,3,1,1,0,156,0,0,0,163,76,76,0,0,412,6,17,395,412,,,,,,,,,,,,,,0,0,0,0,0,4,0,0,0,0,0,0,0,0,0,0,25,0,0,0,122,38,38,0,0,189,0,4,185,189,,,,,,,,,,,,,,0,0,0,0,0,0,0,0,0,0,0,0,0,0,0,0,0,0,0,0,0,0,0,0,0,0,0,0,0,0,,,,,,,,,,,,,
Monterey Park Police Department,1969,California,48580,CA01948,0,0,0,1,0,5,4,1,32,25,0,0,7,175,1,3,6,6,159,458,251,166,41,956,171,171,0,0,1639,16,54,1585,1639,,,,,,,,,,,,,,2,0,3,0,0,12,0,0,0,0,30,2,5,4,19,0,196,0,0,0,225,41,41,0,0,509,30,47,462,509,,,,,,,,,,,,,,0,0,0,0,0,3,0,0,0,0,2,0,1,1,0,0,55,0,0,0,116,23,23,0,0,199,2,5,194,199,,,,,,,,,,,,,,0,0,0,0,0,0,0,0,0,0,0,0,0,0,0,0,0,0,0,0,0,0,0,0,0,0,0,0,0,0,,,,,,,,,,,,,
Monterey Park Police Department,1968,California,48201,CA01948,0,0,0,0,0,6,4,2,39,28,0,0,11,143,12,7,16,6,102,481,283,152,46,1003,177,177,0,0,1747,41,86,1661,1747,,,,,,,,,,,,,,0,0,3,2,1,9,8,0,0,1,114,8,4,9,6,87,182,107,50,25,274,37,37,0,0,532,27,39,493,532,,,,,,,,,,,,,,0,0,1,1,0,1,1,0,0,0,8,0,1,2,1,4,34,21,9,4,176,26,26,0,0,242,4,6,236,242,,,,,,,,,,,,,,0,0,0,0,0,0,0,0,0,0,0,0,0,0,0,0,0,0,0,0,0,0,0,0,0,0,0,0,0,0,,,,,,,,,,,,,
Monterey Park Police Department,1967,California,47891,CA01948,0,0,0,2,1,7,6,1,24,22,0,0,2,125,5,10,8,4,98,383,237,117,29,956,143,143,0,0,1543,27,60,1482,1542,,,,,,,,,,,,,,2,1,5,4,1,7,7,0,0,0,92,3,6,6,2,75,93,50,37,6,224,29,29,0,0,378,17,31,346,377,,,,,,,,,,,,,,0,0,1,1,0,0,0,0,0,0,5,0,0,1,0,4,19,6,11,2,90,13,13,0,0,124,1,2,122,124,,,,,,,,,,,,,,0,0,0,0,0,0,0,0,0,0,0,0,0,0,0,0,0,0,0,0,0,0,0,0,0,0,0,0,0,0,,,,,,,,,,,,,
Monterey Park Police Department,1966,California,47481,CA01948,0,0,0,0,1,5,3,2,28,21,0,0,7,81,3,2,5,2,69,316,181,119,16,937,166,166,0,0,1465,12,45,1419,1464,,,,,,,,,,,,,,0,1,1,1,0,15,13,0,0,2,54,3,3,3,2,43,73,52,20,1,183,49,49,0,0,333,11,27,305,332,,,,,,,,,,,,,,0,0,0,0,0,2,0,0,0,2,6,0,0,1,0,5,24,18,6,0,74,33,33,0,0,134,1,3,131,134,,,,,,,,,,,,,,0,0,0,0,0,0,0,0,0,0,0,0,0,0,0,0,0,0,0,0,0,0,0,0,0,0,0,0,0,0,,,,,,,,,,,,,
Monterey Park Police Department,1965,California,50100,CA01948,0,0,0,1,1,4,2,2,26,20,0,0,6,84,0,5,4,2,73,304,155,134,15,791,107,107,0,0,1245,11,42,1202,1244,,,,,,,,,,,,,,1,1,2,2,0,18,15,0,0,3,95,0,4,3,2,86,180,114,43,23,294,27,27,0,0,532,9,30,501,531,,,,,,,,,,,,,,0,0,0,0,0,3,2,0,0,1,8,0,1,1,0,6,8,6,2,0,93,12,12,0,0,118,2,5,113,118,,,,,,,,,,,,,,0,0,0,0,0,0,0,0,0,0,0,0,0,0,0,0,0,0,0,0,0,0,0,0,0,0,0,0,0,0,,,,,,,,,,,,,
Monterey Park Police Department,1964,California,48301,CA01948,0,0,0,1,0,6,1,5,26,19,0,0,7,99,2,4,7,0,86,280,157,102,21,765,113,113,0,0,1204,13,46,1158,1204,,,,,,,,,,,,,,1,0,1,0,1,10,10,0,0,0,74,1,2,4,0,67,93,57,30,6,192,30,30,0,0,334,7,19,315,334,,,,,,,,,,,,,,0,0,0,0,0,2,2,0,0,0,6,0,0,0,0,6,20,8,12,0,82,22,22,0,0,126,0,2,124,126,,,,,,,,,,,,,,0,0,0,0,0,0,0,0,0,0,0,0,0,0,0,0,0,0,0,0,0,0,0,0,0,0,0,0,0,0,,,,,,,,,,,,,
Monterey Park Police Department,1963,California,42993,CA01948,0,0,0,0,1,3,0,0,22,0,0,0,0,13,0,0,0,0,0,372,0,0,0,695,96,96,0,0,1202,13,38,1163,1201,,,,,,,,,,,,,,0,0,0,0,0,0,0,0,0,0,0,0,0,0,0,0,0,0,0,0,0,0,0,0,0,0,0,0,0,0,,,,,,,,,,,,,,0,0,0,0,0,0,0,0,0,0,0,0,0,0,0,0,0,0,0,0,0,0,0,0,0,0,0,0,0,0,,,,,,,,,,,,,,0,0,0,0,0,0,0,0,0,0,0,0,0,0,0,0,0,0,0,0,0,0,0,0,0,0,0,0,0,0,,,,,,,,,,,,,
Monterey Park Police Department,1962,California,42927,CA01948,0,0,0,0,0,2,0,0,17,0,0,0,0,10,0,0,0,0,0,246,0,0,0,648,77,77,0,0,1000,10,29,971,1000,,,,,,,,,,,,,,0,0,0,0,0,0,0,0,0,0,0,0,0,0,0,0,0,0,0,0,0,0,0,0,0,0,0,0,0,0,,,,,,,,,,,,,,0,0,0,0,0,0,0,0,0,0,0,0,0,0,0,0,0,0,0,0,0,0,0,0,0,0,0,0,0,0,,,,,,,,,,,,,,0,0,0,0,0,0,0,0,0,0,0,0,0,0,0,0,0,0,0,0,0,0,0,0,0,0,0,0,0,0,,,,,,,,,,,,,
Monterey Park Police Department,1961,California,37821,CA01948,0,0,0,1,1,3,0,0,18,0,0,0,0,11,0,0,0,0,0,302,0,0,0,719,84,84,0,0,1139,11,33,1105,1138,,,,,,,,,,,,,,0,0,0,0,0,0,0,0,0,0,0,0,0,0,0,0,0,0,0,0,0,0,0,0,0,0,0,0,0,0,,,,,,,,,,,,,,0,0,0,0,0,0,0,0,0,0,0,0,0,0,0,0,0,0,0,0,0,0,0,0,0,0,0,0,0,0,,,,,,,,,,,,,,0,0,0,0,0,0,0,0,0,0,0,0,0,0,0,0,0,0,0,0,0,0,0,0,0,0,0,0,0,0,,,,,,,,,,,,,
Monterey Park Police Department,1960,California,37821,CA01948,0,0,0,0,0,4,0,0,24,0,0,0,0,14,0,0,0,0,0,371,0,0,0,694,110,110,0,0,1217,14,42,1175,1217,,,,,,,,,,,,,,0,0,0,0,0,0,0,0,0,0,0,0,0,0,0,0,0,0,0,0,0,0,0,0,0,0,0,0,0,0,,,,,,,,,,,,,,0,0,0,0,0,0,0,0,0,0,0,0,0,0,0,0,0,0,0,0,0,0,0,0,0,0,0,0,0,0,,,,,,,,,,,,,,0,0,0,0,0,0,0,0,0,0,0,0,0,0,0,0,0,0,0,0,0,0,0,0,0,0,0,0,0,0,,,,,,,,,,,,,
