agency,year,state,population,ORI,officers_killed_by_felony,officers_killed_by_accident,officers_assaulted,actual_murder,actual_manslaughter,actual_rape_total,actual_rape_by_force,actual_rape_attempted,actual_robbery_total,actual_robbery_with_a_gun,actual_robbery_with_a_knife,actual_robbery_other_weapon,actual_robbery_unarmed,actual_assault_total,actual_assault_with_a_gun,actual_assault_with_a_knife,actual_assault_other_weapon,actual_assault_unarmed,actual_assault_simple,actual_burg_total,actual_burg_force_entry,actual_burg_nonforce_entry,actual_burg_attempted,actual_theft_total,actual_mtr_veh_theft_total,actual_mtr_veh_theft_car,actual_mtr_veh_theft_truck,actual_mtr_veh_theft_other,actual_all_crimes,actual_assault_aggravated,actual_index_violent,actual_index_property,actual_index_total,actual_arson_single_occupancy,actual_arson_other_residential,actual_arson_storage,actual_arson_industrial,actual_arson_other_commercial,actual_arson_community_public,actual_arson_all_oth_structures,actual_arson_total_structures,actual_arson_motor_vehicles,actual_arson_other_mobile,actual_arson_total_mobile,actual_arson_all_other,actual_arson_grand_total,tot_clr_murder,tot_clr_manslaughter,tot_clr_rape_total,tot_clr_rape_by_force,tot_clr_rape_attempted,tot_clr_robbery_total,tot_clr_robbery_with_a_gun,tot_clr_robbery_with_a_knife,tot_clr_robbery_other_weapon,tot_clr_robbery_unarmed,tot_clr_assault_total,tot_clr_assault_with_a_gun,tot_clr_assault_with_a_knife,tot_clr_assault_other_weapon,tot_clr_assault_unarmed,tot_clr_assault_simple,tot_clr_burg_total,tot_clr_burg_force_entry,tot_clr_burg_nonforce_entry,tot_clr_burg_attempted,tot_clr_theft_total,tot_clr_mtr_veh_theft_total,tot_clr_mtr_veh_theft_car,tot_clr_mtr_veh_theft_truck,tot_clr_mtr_veh_theft_other,tot_clr_all_crimes,tot_clr_assault_aggravated,tot_clr_index_violent,tot_clr_index_property,tot_clr_index_total,tot_clr_arson_single_occupancy,tot_clr_arson_other_residential,tot_clr_arson_storage,tot_clr_arson_industrial,tot_clr_arson_other_commercial,tot_clr_arson_community_public,tot_clr_arson_all_oth_structures,tot_clr_arson_total_structures,tot_clr_arson_motor_vehicles,tot_clr_arson_other_mobile,tot_clr_arson_total_mobile,tot_clr_arson_all_other,tot_clr_arson_grand_total,clr_18_murder,clr_18_manslaughter,clr_18_rape_total,clr_18_rape_by_force,clr_18_rape_attempted,clr_18_robbery_total,clr_18_robbery_with_a_gun,clr_18_robbery_with_a_knife,clr_18_robbery_other_weapon,clr_18_robbery_unarmed,clr_18_assault_total,clr_18_assault_with_a_gun,clr_18_assault_with_a_knife,clr_18_assault_other_weapon,clr_18_assault_unarmed,clr_18_assault_simple,clr_18_burg_total,clr_18_burg_force_entry,clr_18_burg_nonforce_entry,clr_18_burg_attempted,clr_18_theft_total,clr_18_mtr_veh_theft_total,clr_18_mtr_veh_theft_car,clr_18_mtr_veh_theft_truck,clr_18_mtr_veh_theft_other,clr_18_all_crimes,clr_18_assault_aggravated,clr_18_index_violent,clr_18_index_property,clr_18_index_total,clr_18_arson_single_occupancy,clr_18_arson_other_residential,clr_18_arson_storage,clr_18_arson_industrial,clr_18_arson_other_commercial,clr_18_arson_community_public,clr_18_arson_all_oth_structures,clr_18_arson_total_structures,clr_18_arson_motor_vehicles,clr_18_arson_other_mobile,clr_18_arson_total_mobile,clr_18_arson_all_other,clr_18_arson_grand_total,unfound_murder,unfound_manslaughter,unfound_rape_total,unfound_rape_by_force,unfound_rape_attempted,unfound_robbery_total,unfound_robbery_with_a_gun,unfound_robbery_with_a_knife,unfound_robbery_other_weapon,unfound_robbery_unarmed,unfound_assault_total,unfound_assault_with_a_gun,unfound_assault_with_a_knife,unfound_assault_other_weapon,unfound_assault_unarmed,unfound_assault_simple,unfound_burg_total,unfound_burg_force_entry,unfound_burg_nonforce_entry,unfound_burg_attempted,unfound_theft_total,unfound_mtr_veh_theft_total,unfound_mtr_veh_theft_car,unfound_mtr_veh_theft_truck,unfound_mtr_veh_theft_other,unfound_all_crimes,unfound_assault_aggravated,unfound_index_violent,unfound_index_property,unfound_index_total,unfound_arson_single_occupancy,unfound_arson_other_residential,unfound_arson_storage,unfound_arson_industrial,unfound_arson_other_commercial,unfound_arson_community_public,unfound_arson_all_oth_structures,unfound_arson_total_structures,unfound_arson_motor_vehicles,unfound_arson_other_mobile,unfound_arson_total_mobile,unfound_arson_all_other,unfound_arson_grand_total
St. Johns County Sheriff's Office,2022,Florida,290350,FL05500,0,0,0,0,0,10,10,0,4,1,0,1,2,165,33,21,44,6,61,77,35,42,0,469,6,4,0,2,734,104,118,555,673,0,0,0,0,0,0,0,0,1,0,1,2,3,0,0,0,0,0,2,0,0,0,2,93,22,12,26,3,30,2,2,0,0,63,2,2,0,0,163,63,65,68,133,0,0,0,0,0,0,0,0,0,0,0,1,1,0,0,0,0,0,0,0,0,0,0,10,1,0,7,0,2,0,0,0,0,5,0,0,0,0,15,8,8,5,13,0,0,0,0,0,0,0,0,0,0,0,0,0,0,0,0,0,0,0,0,0,0,0,0,0,0,0,0,0,0,0,0,0,0,0,0,0,0,0,0,0,0,0,0,0,0,0,0,0,0,0,0,0,0,0,0
St. Johns County Sheriff's Office,2021,Florida,,FL05500,,,,,,,,,,,,,,,,,,,,,,,,,,,,,,,,,,,,,,,,,,,,,,,,,,,,,,,,,,,,,,,,,,,,,,,,,,,,,,,,,,,,,,,,,,,,,,,,,,,,,,,,,,,,,,,,,,,,,,,,,,,,,,,,,,,,,,,,,,,,,,,,,,,,,,,,,,,,,,,,,,,,,,,,,,,,,,,
St. Johns County Sheriff's Office,2020,Florida,250782,FL05500,0,0,35,4,1,11,11,0,23,6,2,4,11,1126,55,40,51,109,871,225,84,136,5,1300,129,79,28,22,2823,255,293,1658,1951,0,1,0,0,1,1,0,2,1,0,1,0,4,3,1,6,6,0,10,0,0,0,0,583,0,0,0,0,435,47,21,25,1,238,26,20,4,2,916,148,167,313,480,0,1,0,0,0,1,0,2,0,0,0,0,2,0,1,0,0,0,0,0,0,0,0,96,0,0,0,0,87,3,2,0,1,14,1,1,0,0,115,9,9,18,27,0,0,0,0,0,0,0,0,0,0,0,0,0,0,0,0,0,0,0,0,0,0,0,0,0,0,0,0,0,0,0,0,0,0,0,0,0,0,0,0,0,0,0,0,0,0,0,0,0,0,0,0,0,0,0,0
St. Johns County Sheriff's Office,2019,Florida,239677,FL05500,0,0,29,5,0,24,24,0,32,14,2,4,12,1127,39,37,66,78,907,297,112,181,4,1657,150,92,30,28,3296,220,281,2108,2389,1,0,0,0,1,0,0,1,2,0,2,0,4,4,0,14,14,0,17,0,0,0,0,643,0,0,0,0,521,59,23,35,1,322,28,20,5,3,1090,122,157,412,569,1,0,0,0,1,0,0,1,1,0,1,0,3,0,0,2,2,0,0,0,0,0,0,120,0,0,0,0,106,4,0,4,0,29,8,5,3,0,163,14,16,41,57,0,0,0,0,0,0,0,0,0,0,0,0,0,0,0,0,0,0,0,0,0,0,0,0,0,0,0,0,0,0,0,0,0,0,0,0,0,0,0,0,0,0,0,0,0,0,0,0,0,0,0,0,0,0,0,0
St. Johns County Sheriff's Office,2018,Florida,,FL05500,,,,,,,,,,,,,,,,,,,,,,,,,,,,,,,,,,,,,,,,,,,,,,,,,,,,,,,,,,,,,,,,,,,,,,,,,,,,,,,,,,,,,,,,,,,,,,,,,,,,,,,,,,,,,,,,,,,,,,,,,,,,,,,,,,,,,,,,,,,,,,,,,,,,,,,,,,,,,,,,,,,,,,,,,,,,,,,
St. Johns County Sheriff's Office,2017,Florida,222377,FL05500,0,0,40,3,1,17,17,0,39,17,2,4,16,1243,57,45,94,63,984,524,242,264,18,2038,155,106,30,19,4026,259,318,2723,3041,0,0,0,0,0,2,0,2,4,0,4,0,6,2,2,9,9,0,17,0,0,0,0,724,0,0,0,0,567,76,35,38,3,320,29,23,5,1,1180,157,185,426,611,0,0,0,0,0,1,0,1,0,0,0,0,1,0,0,2,2,0,1,0,0,0,0,100,0,0,0,0,85,15,9,6,0,38,2,2,0,0,158,15,18,55,73,0,0,0,0,0,0,0,0,0,0,0,0,0,0,0,0,0,0,0,0,0,0,0,0,0,0,0,0,0,0,0,0,0,0,0,0,0,0,0,0,0,0,0,0,0,0,0,0,0,0,0,0,0,0,0,0
St. Johns County Sheriff's Office,2016,Florida,213590,FL05500,0,0,35,4,0,13,13,0,32,13,0,8,11,1287,41,52,95,109,990,602,270,317,15,2177,117,84,19,14,4236,297,346,2900,3246,2,1,0,0,0,1,0,4,0,0,0,0,4,2,0,6,6,0,14,0,0,0,0,729,0,0,0,0,544,65,19,45,1,275,20,18,0,2,1113,185,207,362,569,0,1,0,0,0,1,0,2,0,0,0,0,2,0,0,0,0,0,0,0,0,0,0,106,0,0,0,0,90,7,2,5,0,47,4,3,0,1,165,16,16,59,75,0,0,0,0,0,1,0,1,0,0,0,0,1,0,0,0,0,0,0,0,0,0,0,0,0,0,0,0,0,0,0,0,0,0,0,0,0,0,0,0,0,0,0,0,0,0,0,0,0,0,0,0,0,0,0,0
St. Johns County Sheriff's Office,2015,Florida,205441,FL05500,0,0,29,2,0,20,20,0,23,9,1,3,10,1176,32,52,71,111,910,467,186,265,16,2105,134,82,23,29,3935,266,311,2714,3025,1,1,0,0,2,0,1,5,1,0,1,2,8,0,0,8,8,0,13,0,0,0,0,713,0,0,0,0,529,83,37,45,1,429,28,18,8,2,1275,184,205,541,746,0,0,0,0,1,0,0,1,0,0,0,0,1,0,0,1,1,0,0,0,0,0,0,85,0,0,0,0,72,7,5,2,0,46,5,2,3,0,144,13,14,58,72,0,0,0,0,0,0,0,0,0,0,0,0,0,0,0,0,0,0,0,0,0,0,0,0,0,0,0,0,0,0,0,0,0,0,0,0,0,0,0,0,0,0,0,0,0,0,0,0,0,0,0,0,0,0,0,0
St. Johns County Sheriff's Office,2014,Florida,195704,FL05500,0,0,49,3,0,13,13,0,36,10,7,1,18,1399,31,50,76,220,1022,607,226,366,15,2279,133,91,13,29,4471,377,429,3020,3449,1,0,0,0,0,0,0,1,0,0,0,0,1,1,0,14,14,0,24,0,0,0,0,875,0,0,0,0,614,98,24,74,0,442,22,17,2,3,1476,261,300,562,862,0,0,0,0,0,0,0,0,0,0,0,0,0,0,0,4,4,0,6,0,0,0,0,95,0,0,0,0,76,18,5,13,0,45,9,6,2,1,177,19,29,72,101,0,0,0,0,0,0,0,0,0,0,0,0,0,0,0,0,0,0,0,0,0,0,0,0,0,0,0,0,0,0,0,0,0,0,0,0,0,0,0,0,0,0,0,0,0,0,0,0,0,0,0,0,0,0,0,0
St. Johns County Sheriff's Office,2013,Florida,186741,FL05500,0,0,55,2,0,9,8,1,34,10,1,7,16,1426,42,73,98,170,1043,683,291,351,41,2393,123,66,20,37,4674,383,428,3203,3631,2,0,0,0,0,0,0,2,2,0,2,0,4,4,0,6,5,1,16,0,0,0,0,802,0,0,0,0,547,107,41,60,6,485,28,24,0,4,1449,255,281,621,902,1,0,0,0,0,0,0,1,0,0,0,0,1,0,0,1,1,0,3,0,0,0,0,77,0,0,0,0,63,11,3,7,1,48,6,5,0,1,146,14,18,65,83,0,0,0,0,0,0,0,0,0,0,0,0,0,0,0,0,0,0,0,0,0,0,0,0,0,0,0,0,0,0,0,0,0,0,0,0,0,0,0,0,0,0,0,0,0,0,0,0,0,0,0,0,0,0,0,0
St. Johns County Sheriff's Office,2012,Florida,178524,FL05500,0,0,63,7,0,7,7,0,43,19,2,6,16,1508,42,70,122,194,1080,766,340,388,38,2637,136,73,16,47,5107,428,485,3542,4027,0,0,0,0,0,0,1,1,2,0,2,0,3,5,0,4,4,0,28,0,0,0,0,980,0,0,0,0,717,164,66,90,8,613,36,28,5,3,1832,263,300,815,1115,0,0,0,0,0,0,0,0,2,0,2,0,2,0,0,1,1,0,4,0,0,0,0,119,0,0,0,0,93,30,13,15,2,58,3,2,1,0,215,26,31,91,122,0,0,0,0,0,0,0,0,0,0,0,0,0,0,0,0,0,0,0,0,0,0,0,0,0,0,0,0,0,0,0,0,0,0,0,0,0,0,0,0,0,0,0,0,0,0,0,0,0,0,0,0,0,0,0,0
St. Johns County Sheriff's Office,2011,Florida,173217,FL05500,0,0,42,4,0,10,9,1,56,27,4,2,23,1498,50,61,156,180,1051,841,369,441,31,2768,180,92,35,53,5360,447,517,3792,4309,0,0,0,0,0,0,0,0,0,0,0,0,3,3,0,7,7,0,41,0,0,0,0,954,0,0,0,0,659,201,106,90,5,735,38,23,8,7,1979,295,346,974,1320,0,0,0,0,0,0,0,0,0,0,0,0,0,0,0,2,2,0,3,0,0,0,0,132,0,0,0,0,102,27,11,16,0,92,7,3,1,3,263,30,35,126,161,0,0,0,0,0,0,0,0,0,0,0,0,0,0,0,0,0,0,0,0,0,0,0,0,0,0,0,0,0,0,0,0,0,0,0,0,0,0,0,0,0,0,0,0,0,0,0,0,0,0,0,0,0,0,0,0
St. Johns County Sheriff's Office,2010,Florida,170888,FL05500,0,1,56,7,1,9,9,0,57,18,7,6,26,1422,54,65,184,118,1001,847,370,449,28,2608,148,63,29,56,5112,421,494,3616,4110,6,1,0,0,0,0,0,7,3,0,3,3,13,8,1,5,5,0,37,0,0,0,0,926,0,0,0,0,648,126,42,80,4,500,36,22,5,9,1644,278,328,667,995,4,0,0,0,0,0,0,4,1,0,1,0,5,0,0,1,1,0,2,0,0,0,0,124,0,0,0,0,110,33,8,24,1,93,7,1,2,4,262,14,17,135,152,1,0,0,0,0,0,0,1,1,0,1,0,2,0,0,0,0,0,0,0,0,0,0,0,0,0,0,0,0,0,0,0,0,0,0,0,0,0,0,0,0,0,0,0,0,0,0,0,0,0,0,0,0,0,0,0
St. Johns County Sheriff's Office,2009,Florida,168789,FL05500,0,0,34,3,0,13,13,0,61,26,8,5,22,1298,46,59,143,151,899,961,412,511,38,2927,218,97,33,88,5484,399,476,4109,4585,0,0,0,0,2,0,0,2,0,0,0,1,3,6,0,9,9,0,40,0,0,0,0,913,0,0,0,0,619,163,57,101,5,775,48,36,6,6,1957,294,349,989,1338,0,0,0,0,2,0,0,2,1,0,1,0,3,0,0,2,2,0,6,0,0,0,0,172,0,0,0,0,135,32,11,19,2,121,13,9,0,4,348,37,45,168,213,0,0,0,0,2,0,0,2,0,0,0,0,2,0,0,0,0,0,0,0,0,0,0,0,0,0,0,0,0,0,0,0,0,0,0,0,0,0,0,0,0,0,0,0,0,0,0,0,0,0,0,0,0,0,0,0
St. Johns County Sheriff's Office,2008,Florida,162602,FL05500,0,0,41,4,1,13,13,0,61,31,5,5,20,1419,29,63,143,232,952,945,455,447,43,3125,231,131,32,68,5806,467,545,4308,4853,3,1,0,0,0,0,0,4,1,0,1,2,7,4,1,7,7,0,37,0,0,0,0,978,0,0,0,0,644,184,83,95,6,563,49,36,6,7,1823,334,382,796,1178,0,0,0,0,0,0,0,0,0,0,0,0,0,0,0,1,1,0,6,0,0,0,0,127,0,0,0,0,96,59,16,41,2,123,14,10,2,2,330,31,38,196,234,0,0,0,0,0,0,0,0,0,0,0,0,0,0,0,0,0,0,0,0,0,0,0,0,0,0,0,0,0,0,0,0,0,0,0,0,0,0,0,0,0,0,0,0,0,0,0,0,0,0,0,0,0,0,0,0
St. Johns County Sheriff's Office,2007,Florida,157179,FL05500,0,0,60,3,0,15,15,0,63,23,4,5,31,1553,58,70,142,186,1097,1164,569,557,38,2491,251,125,46,80,5550,456,537,3916,4453,3,0,0,0,0,0,3,6,1,0,1,3,10,0,0,7,7,0,39,0,0,0,0,1105,0,0,0,0,802,141,67,71,3,452,46,28,9,9,1791,303,349,640,989,1,0,0,0,0,0,0,1,0,0,0,0,1,0,0,1,1,0,16,0,0,0,0,202,0,0,0,0,151,31,13,18,0,77,9,3,1,5,336,51,68,117,185,0,0,0,0,0,0,0,0,0,0,0,0,0,0,0,0,0,0,0,0,0,0,0,0,0,0,0,0,0,0,0,0,0,0,0,0,0,0,0,0,0,0,0,0,0,0,0,0,0,0,0,0,0,0,0,0
St. Johns County Sheriff's Office,2006,Florida,145929,FL05500,0,0,38,5,0,18,18,0,52,12,8,5,27,1318,40,55,192,171,860,882,437,418,27,2073,205,97,73,35,4567,458,533,3174,3707,2,4,0,0,0,0,0,6,7,0,7,1,14,2,0,1,1,0,14,0,0,0,0,670,0,0,0,0,451,51,26,22,3,152,14,9,5,0,907,219,236,220,456,2,1,0,0,0,0,0,3,0,0,0,0,3,0,0,1,1,0,1,0,0,0,0,96,0,0,0,0,61,5,1,4,0,16,4,4,0,0,123,35,37,25,62,0,0,0,0,0,0,0,0,0,0,0,0,0,0,0,0,0,0,0,0,0,0,0,0,0,0,0,0,0,0,0,0,0,0,0,0,0,0,0,0,0,0,0,0,0,0,0,0,0,0,0,0,0,0,0,0
St. Johns County Sheriff's Office,2005,Florida,137706,FL05500,0,0,40,3,0,10,10,0,48,14,5,12,17,1310,52,60,140,181,877,825,231,590,4,1833,192,98,69,25,4228,433,494,2857,3351,3,1,0,0,1,0,0,5,2,0,2,0,7,3,0,5,5,0,29,0,0,0,0,598,0,0,0,0,389,72,10,62,0,161,38,24,12,2,909,209,246,274,520,1,0,0,0,2,0,0,3,0,0,0,0,3,0,0,0,0,0,2,0,0,0,0,105,0,0,0,0,71,13,1,12,0,7,4,2,2,0,131,34,36,24,60,0,0,0,0,0,0,0,0,0,0,0,0,0,0,0,0,0,0,0,0,0,0,0,0,0,0,0,0,0,0,0,0,0,0,0,0,0,0,0,0,0,0,0,0,0,0,0,0,0,0,0,0,0,0,0,0
St. Johns County Sheriff's Office,2004,Florida,128330,FL05500,0,1,31,2,0,8,8,0,36,10,3,8,15,1537,45,60,170,187,1075,834,198,627,9,1937,208,116,61,31,4567,462,508,2984,3492,2,1,0,0,2,0,0,5,0,0,0,0,5,1,0,4,0,0,13,0,0,0,0,670,0,0,0,0,453,90,0,0,0,224,45,0,0,0,1047,217,235,359,594,0,0,0,0,0,0,0,0,0,0,0,0,0,0,0,0,0,0,0,0,0,0,0,113,0,0,0,0,70,19,0,0,0,29,8,0,0,0,169,43,43,56,99,0,0,0,0,0,0,0,0,0,0,0,0,0,0,0,0,0,0,0,0,0,0,0,0,0,0,0,0,0,0,0,0,0,0,0,0,0,0,0,0,0,0,0,0,0,0,0,0,0,0,0,0,0,0,0,0
St. Johns County Sheriff's Office,2003,Florida,121375,FL05500,0,0,26,3,0,6,4,2,52,20,8,14,10,1421,35,59,158,146,1023,587,178,402,7,1705,180,90,51,39,3958,398,459,2476,2935,4,0,0,0,0,0,0,4,0,0,0,0,4,3,0,1,1,0,30,0,0,0,0,787,0,0,0,0,561,55,9,46,0,287,34,20,9,5,1198,226,260,377,637,1,0,0,0,0,0,0,1,0,0,0,0,1,0,0,0,0,0,2,0,0,0,0,113,0,0,0,0,84,20,1,19,0,75,7,4,2,1,217,29,31,102,133,0,0,0,0,0,0,0,0,0,0,0,0,0,0,0,0,0,0,0,0,0,0,0,0,0,0,0,0,0,0,0,0,0,0,0,0,0,0,0,0,0,0,0,0,0,0,0,0,0,0,0,0,0,0,0,0
St. Johns County Sheriff's Office,2002,Florida,,FL05500,,,,,,,,,,,,,,,,,,,,,,,,,,,,,,,,,,,,,,,,,,,,,,,,,,,,,,,,,,,,,,,,,,,,,,,,,,,,,,,,,,,,,,,,,,,,,,,,,,,,,,,,,,,,,,,,,,,,,,,,,,,,,,,,,,,,,,,,,,,,,,,,,,,,,,,,,,,,,,,,,,,,,,,,,,,,,,,
St. Johns County Sheriff's Office,2001,Florida,109630,FL05500,0,0,27,7,0,3,3,0,35,10,2,21,2,1274,29,44,160,140,901,646,297,341,8,1640,144,77,47,20,3753,373,418,2434,2852,0,1,0,0,1,2,0,4,0,0,0,0,4,5,0,5,0,0,16,0,0,0,0,1003,0,0,0,0,689,143,0,0,0,349,52,0,0,0,1573,314,340,544,884,0,0,0,0,0,0,0,0,0,0,0,0,0,0,0,0,0,0,1,0,0,0,0,104,0,0,0,0,74,31,0,0,0,48,5,0,0,0,189,30,31,84,115,0,0,0,0,0,0,0,0,0,0,0,0,0,0,0,0,0,0,0,0,0,0,0,0,0,0,0,0,0,0,0,0,0,0,0,0,0,0,0,0,0,0,0,0,0,0,0,0,0,0,0,0,0,0,0,0
St. Johns County Sheriff's Office,2000,Florida,106860,FL05500,0,0,23,5,0,20,20,0,31,8,1,16,6,1337,39,48,168,127,955,621,309,294,18,1753,137,88,34,15,3912,382,438,2519,2957,1,0,0,0,1,2,1,5,0,0,0,3,8,4,0,15,15,0,9,0,0,0,0,1088,0,0,0,0,745,131,48,78,5,409,60,41,13,6,1717,343,371,601,972,0,0,1,0,0,0,0,1,0,0,0,0,1,0,0,1,1,0,0,0,0,0,0,163,0,0,0,0,122,20,7,13,0,98,7,5,1,1,290,41,42,126,168,0,0,1,0,0,0,0,1,0,0,0,0,1,0,0,0,0,0,0,0,0,0,0,0,0,0,0,0,0,0,0,0,0,0,0,0,0,0,0,0,0,0,0,0,0,0,0,0,0,0,0,0,0,0,0,0
St. Johns County Sheriff's Office,1999,Florida,100470,FL05500,0,0,24,1,0,9,9,0,39,14,4,10,11,1382,43,59,172,108,1000,687,391,279,17,1878,164,86,61,17,4165,382,431,2734,3165,1,1,0,0,0,0,0,2,2,0,2,1,5,1,0,10,10,0,26,0,0,0,0,1211,0,0,0,0,856,166,96,69,1,464,64,40,19,5,1942,355,392,694,1086,0,0,0,0,0,0,0,0,0,0,0,0,0,0,0,1,1,0,3,0,0,0,0,166,0,0,0,0,119,30,14,16,0,106,5,4,1,0,311,47,51,141,192,0,0,0,0,0,0,0,0,0,0,0,0,0,0,0,0,0,0,0,0,0,0,0,0,0,0,0,0,0,0,0,0,0,0,0,0,0,0,0,0,0,0,0,0,0,0,0,0,0,0,0,0,0,0,0,0
St. Johns County Sheriff's Office,1998,Florida,97255,FL05500,0,0,31,8,0,10,10,0,54,16,5,19,14,1474,66,71,216,115,1006,729,453,262,14,1814,163,100,48,15,4262,468,540,2716,3256,2,1,0,0,0,1,1,5,0,0,0,5,10,7,1,9,9,0,28,0,0,0,0,1217,0,0,0,0,800,147,81,60,6,431,77,49,22,6,1918,417,461,656,1117,0,0,0,0,0,0,1,1,0,0,0,0,1,0,0,1,1,0,0,0,0,0,0,118,0,0,0,0,75,37,18,18,1,98,13,6,7,0,268,43,44,149,193,0,0,0,0,0,0,1,1,0,0,0,0,1,0,0,0,0,0,0,0,0,0,0,0,0,0,0,0,0,0,0,0,0,0,0,0,0,0,0,0,0,0,0,0,0,0,0,0,0,0,0,0,0,0,0,0
St. Johns County Sheriff's Office,1997,Florida,85093,FL05500,0,0,18,6,1,8,7,1,60,18,4,22,16,1402,56,76,192,83,995,792,518,264,10,1664,145,93,38,14,4082,407,481,2605,3086,0,0,0,0,1,0,1,2,0,0,0,2,4,4,1,9,0,0,33,0,0,0,0,355,0,0,0,0,0,130,0,0,0,385,65,0,0,0,1793,355,401,580,981,0,0,0,0,0,0,0,0,0,0,0,0,0,0,0,0,0,0,7,0,0,0,0,46,0,0,0,0,0,24,0,0,0,69,6,0,0,0,231,46,53,99,152,0,0,0,0,0,0,0,0,0,0,0,0,0,0,0,0,0,0,0,0,0,0,0,0,0,0,0,0,0,0,0,0,0,0,0,0,0,0,0,0,0,0,0,0,0,0,0,0,0,0,0,0,0,0,0,0
St. Johns County Sheriff's Office,1996,Florida,,FL05500,,,,,,,,,,,,,,,,,,,,,,,,,,,,,,,,,,,,,,,,,,,,,,,,,,,,,,,,,,,,,,,,,,,,,,,,,,,,,,,,,,,,,,,,,,,,,,,,,,,,,,,,,,,,,,,,,,,,,,,,,,,,,,,,,,,,,,,,,,,,,,,,,,,,,,,,,,,,,,,,,,,,,,,,,,,,,,,
St. Johns County Sheriff's Office,1995,Florida,82260,FL05500,0,0,25,2,0,11,11,0,50,15,6,4,25,1358,78,77,121,150,932,777,518,253,6,1526,113,71,30,12,3842,426,489,2421,2910,0,1,0,0,0,1,1,3,1,0,1,1,5,2,0,5,5,0,28,11,2,2,13,1048,69,71,90,124,694,153,106,43,4,362,28,20,6,2,1627,354,389,544,933,0,1,0,0,0,0,0,1,0,0,0,0,1,0,0,0,0,0,6,0,0,0,6,180,11,12,17,32,108,57,36,18,3,151,10,6,2,2,404,72,78,218,296,0,0,0,0,0,0,0,0,0,0,0,0,0,0,0,1,1,0,2,1,0,0,1,11,0,0,2,2,7,39,21,10,8,72,3,3,0,0,128,4,7,114,121,0,0,0,0,0,0,0,0,0,0,0,0,0
St. Johns County Sheriff's Office,1994,Florida,76697,FL05500,0,0,22,6,0,9,9,0,35,12,4,1,18,1066,44,68,98,158,698,705,440,252,13,1702,136,80,36,20,3662,368,418,2546,2964,1,0,0,0,1,0,0,2,0,0,0,1,3,6,0,3,2,1,22,5,3,1,13,757,33,61,77,119,467,113,72,38,3,311,46,30,9,7,1259,290,321,471,792,1,0,0,0,0,0,0,1,0,0,0,0,1,0,0,1,1,0,9,1,1,1,6,122,5,9,19,31,58,40,27,12,1,148,14,8,5,1,334,64,74,202,276,0,0,0,0,0,0,0,0,0,0,0,0,0,0,0,1,1,0,11,2,0,0,9,9,0,1,2,4,2,120,88,26,6,216,5,3,2,0,362,7,19,341,360,0,0,0,0,0,0,0,0,0,0,0,0,0
St. Johns County Sheriff's Office,1993,Florida,75191,FL05500,0,0,52,3,0,16,14,2,46,15,6,4,21,1337,88,85,128,189,847,762,514,245,3,1697,152,99,36,17,4014,490,555,2612,3167,1,0,0,0,0,0,0,1,0,0,0,0,1,3,0,9,8,1,31,9,4,4,14,1137,70,76,105,162,724,136,89,44,3,346,69,44,21,4,1732,413,456,552,1008,1,0,0,0,0,0,0,1,0,0,0,0,1,0,0,4,3,1,11,3,1,3,4,194,9,10,14,54,107,54,32,20,2,147,22,12,9,1,432,87,102,223,325,0,0,0,0,0,0,0,0,0,0,0,0,0,0,0,5,5,0,6,3,0,0,3,14,1,0,3,7,3,125,75,35,15,305,6,4,1,1,464,11,22,439,461,1,0,0,0,0,0,0,1,1,0,1,1,3
St. Johns County Sheriff's Office,1992,Florida,71390,FL05500,0,0,46,9,1,16,13,3,62,16,7,6,33,1139,59,59,119,139,763,920,626,280,14,2591,233,195,17,21,4983,376,463,3756,4219,2,0,0,0,2,2,1,7,1,0,1,4,12,9,1,17,15,2,30,4,5,4,17,1064,52,56,106,120,730,129,85,44,0,395,91,80,7,4,1739,334,390,618,1008,0,0,0,0,1,1,0,2,0,0,0,1,3,0,1,5,5,0,9,1,1,2,5,216,7,10,37,45,117,48,34,14,0,181,33,28,2,3,493,99,113,262,375,0,0,0,0,0,0,0,0,0,0,0,0,0,0,0,4,4,0,6,4,1,0,1,12,0,0,1,5,6,53,27,21,5,49,2,2,0,0,126,6,16,104,120,0,0,0,0,0,0,0,0,0,0,0,0,0
St. Johns County Sheriff's Office,1991,Florida,70274,FL05500,0,0,37,7,0,20,19,1,62,31,6,4,21,837,53,61,115,107,501,904,603,295,6,2232,171,108,36,27,4240,336,425,3314,3739,1,1,0,0,0,2,1,5,0,0,0,2,7,7,0,14,14,0,43,22,2,4,15,870,52,60,121,113,524,163,100,62,1,442,66,43,20,3,1607,346,410,673,1083,0,0,0,0,0,2,0,2,0,0,0,0,2,0,0,5,5,0,13,7,0,1,5,154,10,5,15,46,78,51,34,17,0,172,16,10,6,0,411,76,94,239,333,0,0,0,0,0,0,0,0,0,0,0,0,0,0,0,2,2,0,4,1,0,1,2,18,1,0,6,5,6,52,29,19,4,42,6,3,1,2,124,12,18,100,118,0,0,0,0,0,0,0,0,0,0,0,0,0
St. Johns County Sheriff's Office,1990,Florida,68480,FL05500,0,0,38,2,0,14,14,0,65,23,8,12,22,808,79,64,155,55,455,878,573,302,3,2135,192,116,47,29,4108,353,434,3219,3653,4,0,0,0,1,3,1,9,3,0,3,2,14,2,0,8,8,0,37,15,3,6,13,585,63,56,132,34,300,110,74,36,0,384,57,38,13,6,1189,285,332,557,889,2,0,0,0,1,1,1,5,0,0,0,1,6,0,0,2,2,0,11,3,1,2,5,92,4,4,32,17,35,40,28,12,0,165,20,13,2,5,330,57,70,225,295,0,0,0,0,0,0,0,0,0,0,0,0,0,0,0,0,0,0,1,0,0,0,1,11,3,1,2,1,4,34,24,10,0,22,1,1,0,0,69,7,8,57,65,0,0,0,0,0,0,0,0,0,0,0,0,0
St. Johns County Sheriff's Office,1989,Florida,64839,FL05500,0,0,0,5,0,10,0,0,54,0,0,0,0,235,43,54,8,130,0,825,0,0,0,2248,151,0,0,0,3528,235,304,3224,3528,0,0,0,0,0,0,0,0,0,0,0,0,0,0,0,0,0,0,0,0,0,0,0,0,0,0,0,0,0,0,0,0,0,0,0,0,0,0,0,0,0,0,0,0,0,0,0,0,0,0,0,0,0,0,0,0,0,0,0,0,0,0,0,0,0,0,0,0,0,0,0,0,0,0,0,0,0,0,0,0,0,0,0,0,0,0,0,0,0,0,0,0,0,0,0,0,0,0,0,0,0,0,0,0,0,0,0,0,0,0,0,0,0,0,0,0,0,0,0,0,0,0,0,0,0,0,0,0,0,0,0,0,0,0,0,0,0,0,0,0,0,0
St. Johns County Sheriff's Office,1988,Florida,,FL05500,,,,,,,,,,,,,,,,,,,,,,,,,,,,,,,,,,,,,,,,,,,,,,,,,,,,,,,,,,,,,,,,,,,,,,,,,,,,,,,,,,,,,,,,,,,,,,,,,,,,,,,,,,,,,,,,,,,,,,,,,,,,,,,,,,,,,,,,,,,,,,,,,,,,,,,,,,,,,,,,,,,,,,,,,,,,,,,
St. Johns County Sheriff's Office,1987,Florida,59709,FL05500,0,0,39,5,0,24,22,2,54,23,6,5,20,593,49,51,71,175,247,776,420,337,19,1710,154,75,44,35,3334,346,429,2658,3087,1,1,0,0,0,1,0,3,0,0,0,15,18,4,0,10,9,1,19,4,3,2,10,187,28,24,22,58,55,146,68,72,6,258,49,31,9,9,680,132,165,460,625,0,1,0,0,0,2,0,3,0,0,0,4,7,0,0,0,0,0,0,0,0,0,0,18,3,4,2,4,5,20,8,11,1,41,4,2,0,2,84,13,13,66,79,0,0,0,0,0,1,0,1,0,0,0,0,1,0,0,1,1,0,2,2,0,0,0,6,1,1,1,1,2,120,56,47,17,90,16,10,2,4,236,4,7,227,234,1,0,0,0,0,0,0,1,0,0,0,0,1
St. Johns County Sheriff's Office,1986,Florida,52648,FL05500,0,0,36,8,0,28,22,6,62,30,8,7,17,690,74,54,88,376,98,902,445,400,57,1703,155,87,34,34,3571,592,690,2783,3473,3,1,0,0,1,5,6,16,0,0,0,7,23,8,0,6,6,0,9,5,0,1,3,174,23,16,27,83,25,154,68,79,7,228,50,25,17,8,639,149,172,442,614,2,0,0,0,0,3,4,9,0,0,0,1,10,0,0,1,1,0,1,1,0,0,0,8,0,0,3,5,0,24,11,12,1,44,8,3,1,4,88,8,10,78,88,1,0,0,0,0,0,1,2,0,0,0,0,2,1,0,5,5,0,1,0,0,0,1,3,0,0,1,1,1,65,24,33,8,46,14,7,5,2,135,2,9,125,134,0,0,0,0,0,0,0,0,0,0,0,0,0
St. Johns County Sheriff's Office,1985,Florida,50891,FL05500,0,0,19,4,0,21,17,4,33,7,6,6,14,539,47,39,58,263,132,761,455,274,32,1431,125,67,37,21,2932,407,465,2335,2800,1,1,0,0,3,2,2,9,0,0,0,9,18,2,0,7,5,2,14,2,3,3,6,377,37,29,41,158,112,152,93,55,4,288,48,34,11,3,897,265,288,497,785,1,0,0,0,2,2,2,7,0,0,0,2,9,0,0,0,0,0,1,0,1,0,0,14,3,1,0,7,3,26,16,10,0,43,5,2,2,1,90,11,12,75,87,0,0,0,0,0,0,0,0,0,0,0,1,1,0,0,2,2,0,2,1,0,0,1,1,0,0,0,0,1,13,2,11,0,24,8,5,3,0,50,0,4,45,49,0,0,0,0,0,0,0,0,0,0,0,0,0
St. Johns County Sheriff's Office,1984,Florida,45354,FL05500,0,0,20,1,0,26,17,9,32,17,3,3,9,458,55,44,60,140,159,683,448,200,35,1313,106,58,24,24,2637,299,358,2120,2478,5,1,0,0,0,1,4,11,4,0,4,3,18,1,0,10,8,2,4,1,1,0,2,241,31,30,37,58,85,97,67,28,2,252,39,26,7,6,649,156,171,393,564,1,0,0,0,0,0,3,4,1,0,1,0,5,0,0,1,0,1,1,0,0,0,1,15,3,3,2,3,4,15,11,4,0,52,9,4,2,3,94,11,13,77,90,1,0,0,0,0,0,0,1,0,0,0,0,1,0,0,2,1,1,2,2,0,0,0,3,1,0,1,1,0,14,7,7,0,17,5,3,2,0,43,3,7,36,43,0,0,0,0,0,0,0,0,0,0,0,0,0
St. Johns County Sheriff's Office,1983,Florida,40766,FL05500,0,0,6,3,0,21,10,11,24,13,5,0,6,389,48,44,57,34,206,414,294,96,24,1322,108,61,18,29,2294,183,231,1857,2088,3,1,0,0,1,0,1,6,7,0,7,0,13,1,0,16,6,10,8,2,3,0,3,330,42,39,46,30,173,69,54,15,0,337,63,41,11,11,827,157,182,472,654,0,0,1,0,0,0,0,1,2,0,2,0,3,0,0,4,1,3,1,0,1,0,0,23,2,3,2,2,14,26,22,4,0,81,12,5,2,5,147,9,14,119,133,0,0,0,0,0,0,0,0,0,0,0,0,0,0,0,0,0,0,3,3,0,0,0,8,0,1,0,0,7,11,3,6,2,34,13,11,1,1,69,1,4,58,62,0,0,0,0,0,0,0,0,0,0,0,0,0
St. Johns County Sheriff's Office,1982,Florida,39759,FL05500,0,0,8,2,0,16,12,4,41,25,3,2,11,395,71,42,48,145,89,497,386,102,9,1264,122,70,17,35,2350,306,365,1896,2261,4,0,0,0,1,1,0,6,3,1,4,3,13,0,0,14,10,4,16,9,2,0,5,346,60,36,44,126,80,108,89,18,1,280,55,36,6,13,823,266,296,447,743,2,0,0,0,0,0,0,2,0,0,0,2,4,0,0,4,0,4,2,1,0,0,1,24,2,1,6,7,8,26,23,3,0,51,14,4,3,7,122,16,22,92,114,0,0,0,0,0,0,0,0,0,0,0,1,1,0,0,0,0,0,0,0,0,0,0,0,0,0,0,0,0,0,0,0,0,0,0,0,0,0,0,0,0,0,0,0,0,0,0,0,0,0,0,0,0,0,0,0
St. Johns County Sheriff's Office,1981,Florida,38805,FL05500,0,0,7,4,0,18,11,7,40,24,4,2,10,232,33,37,27,78,57,645,386,235,24,1148,101,47,19,35,2202,175,237,1908,2145,3,0,0,0,0,0,0,3,2,1,3,8,14,1,0,4,3,1,5,3,0,0,2,58,7,14,9,21,7,95,69,23,3,129,22,9,7,6,316,51,61,248,309,1,0,0,0,0,0,0,1,0,0,0,1,2,0,0,0,0,0,0,0,0,0,0,7,0,1,0,4,2,22,18,4,0,36,2,1,0,1,67,5,5,60,65,0,0,0,0,0,0,0,0,0,0,0,0,0,0,0,0,0,0,0,0,0,0,0,0,0,0,0,0,0,0,0,0,0,0,0,0,0,0,0,0,0,0,0,0,0,0,0,0,0,0,0,0,0,0,0,0
St. Johns County Sheriff's Office,1980,Florida,35904,FL05500,0,0,4,4,0,10,4,6,30,14,0,2,14,304,29,24,45,125,81,698,464,205,29,1190,73,45,13,15,2320,223,267,1972,2239,3,0,0,0,0,2,1,6,4,0,4,1,11,4,0,1,1,0,6,3,0,0,3,154,16,15,22,48,53,94,70,24,0,166,19,14,1,4,445,101,112,280,392,0,0,0,0,0,1,0,1,0,0,0,0,1,0,0,0,0,0,0,0,0,0,0,12,1,2,4,2,3,16,8,8,0,47,3,1,0,2,79,9,9,67,76,0,0,0,0,0,1,0,1,0,0,0,0,1,0,0,0,0,0,0,0,0,0,0,0,0,0,0,0,0,0,0,0,0,0,0,0,0,0,0,0,0,0,0,0,0,0,0,0,0,0,0,0,0,0,0,0
St. Johns County Sheriff's Office,1979,Florida,29293,FL05500,0,0,9,1,0,4,2,2,30,19,4,0,7,323,29,22,50,29,193,432,275,151,6,1187,71,35,9,27,2052,130,165,1694,1859,3,0,0,0,0,0,0,3,1,0,1,0,4,1,0,4,2,2,8,5,1,0,2,307,26,18,43,27,193,72,50,22,0,243,23,13,3,7,658,114,127,338,465,0,0,0,0,0,0,0,0,0,0,0,0,0,0,0,0,0,0,1,1,0,0,0,25,1,2,3,0,19,17,11,6,0,57,1,1,0,0,101,6,7,75,82,0,0,0,0,0,0,0,0,0,0,0,0,0,0,0,0,0,0,0,0,0,0,0,0,0,0,0,0,0,0,0,0,0,0,0,0,0,0,0,0,0,0,0,0,0,0,0,0,0,0,0,0,0,0,0,0
St. Johns County Sheriff's Office,1978,Florida,28932,FL05500,0,0,11,0,0,5,3,2,18,7,2,2,7,376,45,19,49,51,212,489,328,133,28,1102,65,34,14,17,2055,164,187,1656,1843,,,,,,,,,,,,,,0,0,3,2,1,7,2,2,1,2,350,40,16,42,48,204,133,82,41,10,276,30,15,8,7,799,146,156,439,595,,,,,,,,,,,,,,0,0,0,0,0,1,0,0,0,1,31,2,3,5,1,20,38,24,10,4,86,8,3,0,5,164,11,12,132,144,,,,,,,,,,,,,,0,0,0,0,0,0,0,0,0,0,0,0,0,0,0,0,0,0,0,0,0,0,0,0,0,0,0,0,0,0,,,,,,,,,,,,,
St. Johns County Sheriff's Office,1977,Florida,29206,FL05500,0,0,4,2,0,5,5,0,16,6,6,1,3,167,15,18,23,45,66,366,268,71,27,660,55,24,10,21,1271,101,124,1081,1205,,,,,,,,,,,,,,3,0,1,1,0,4,1,2,0,1,140,12,14,19,35,60,68,55,10,3,123,21,9,4,8,360,80,88,212,300,,,,,,,,,,,,,,0,0,0,0,0,0,0,0,0,0,18,1,2,3,1,11,22,17,4,1,37,5,3,0,2,82,7,7,64,71,,,,,,,,,,,,,,0,0,0,0,0,0,0,0,0,0,0,0,0,0,0,0,0,0,0,0,0,0,0,0,0,0,0,0,0,0,,,,,,,,,,,,,
St. Johns County Sheriff's Office,1976,Florida,27364,FL05500,0,0,3,7,0,12,10,2,19,7,1,3,8,101,16,13,13,43,16,262,198,63,1,466,40,19,13,8,907,85,123,768,891,,,,,,,,,,,,,,6,0,9,8,1,7,3,1,0,3,95,16,11,13,39,16,108,92,15,1,136,21,12,8,1,382,79,101,265,366,,,,,,,,,,,,,,0,0,0,0,0,2,1,1,0,0,7,0,2,1,3,1,25,21,3,1,47,1,0,1,0,82,6,8,73,81,,,,,,,,,,,,,,0,0,0,0,0,0,0,0,0,0,0,0,0,0,0,0,0,0,0,0,0,0,0,0,0,0,0,0,0,0,,,,,,,,,,,,,
St. Johns County Sheriff's Office,1975,Florida,27112,FL05500,0,0,0,5,0,9,7,2,20,11,2,1,6,178,14,26,14,49,75,230,220,10,0,538,35,17,5,13,1015,103,137,803,940,,,,,,,,,,,,,,5,0,6,4,2,18,14,3,0,1,137,11,13,4,34,75,132,131,1,0,264,18,14,1,3,580,62,91,414,505,,,,,,,,,,,,,,0,0,1,0,1,1,1,0,0,0,1,0,0,0,1,0,54,54,0,0,78,1,1,0,0,136,1,3,133,136,,,,,,,,,,,,,,0,0,0,0,0,0,0,0,0,0,0,0,0,0,0,0,0,0,0,0,0,0,0,0,0,0,0,0,0,0,,,,,,,,,,,,,
St. Johns County Sheriff's Office,1974,Florida,24417,FL05500,0,0,0,6,0,11,6,5,22,10,5,0,7,153,11,19,17,44,62,228,202,20,6,568,53,29,10,14,1041,91,130,849,979,,,,,,,,,,,,,,5,0,5,4,1,7,4,2,0,1,115,8,16,9,31,51,129,125,4,0,231,29,23,2,4,521,64,81,389,470,,,,,,,,,,,,,,0,0,0,0,0,1,1,0,0,0,7,1,3,0,1,2,35,35,0,0,55,6,4,1,1,104,5,6,96,102,,,,,,,,,,,,,,0,0,0,0,0,0,0,0,0,0,0,0,0,0,0,0,0,0,0,0,0,0,0,0,0,0,0,0,0,0,,,,,,,,,,,,,
St. Johns County Sheriff's Office,1973,Florida,21569,FL05500,0,0,0,4,0,5,4,1,27,23,0,0,4,161,20,23,17,46,55,213,167,38,8,517,44,44,0,0,916,106,142,774,916,,,,,,,,,,,,,,3,0,4,3,1,20,18,0,0,2,124,16,19,14,47,28,111,97,13,1,197,35,35,0,0,466,96,123,343,466,,,,,,,,,,,,,,1,0,0,0,0,2,2,0,0,0,7,1,2,0,3,1,43,42,1,0,39,4,4,0,0,95,6,9,86,95,,,,,,,,,,,,,,0,0,0,0,0,0,0,0,0,0,0,0,0,0,0,0,0,0,0,0,0,0,0,0,0,0,0,0,0,0,,,,,,,,,,,,,
St. Johns County Sheriff's Office,1972,Florida,19906,FL05500,0,0,0,6,0,11,6,5,16,13,0,0,3,196,31,25,21,87,32,236,182,44,10,519,52,52,0,0,1004,164,197,807,1004,,,,,,,,,,,,,,7,0,8,6,2,10,9,0,0,1,108,24,7,12,52,13,86,75,8,3,83,27,27,0,0,316,95,120,196,316,,,,,,,,,,,,,,0,0,0,0,0,2,1,0,0,1,5,0,1,0,3,1,15,15,0,0,4,1,1,0,0,26,4,6,20,26,,,,,,,,,,,,,,0,0,0,0,0,0,0,0,0,0,0,0,0,0,0,0,0,0,0,0,0,0,0,0,0,0,0,0,0,0,,,,,,,,,,,,,
St. Johns County Sheriff's Office,1971,Florida,19059,FL05500,0,0,0,2,1,6,5,1,11,9,0,0,2,107,2,20,13,46,26,260,218,37,5,289,34,34,0,0,684,81,100,583,683,,,,,,,,,,,,,,1,1,3,3,0,2,2,0,0,0,38,2,4,6,16,10,28,25,2,1,17,6,6,0,0,86,28,34,51,85,,,,,,,,,,,,,,0,0,0,0,0,0,0,0,0,0,0,0,0,0,0,0,10,9,1,0,2,2,2,0,0,14,0,0,14,14,,,,,,,,,,,,,,0,0,0,0,0,0,0,0,0,0,0,0,0,0,0,0,0,0,0,0,0,0,0,0,0,0,0,0,0,0,,,,,,,,,,,,,
St. Johns County Sheriff's Office,1970,Florida,,FL05500,,,,,,,,,,,,,,,,,,,,,,,,,,,,,,,,,,,,,,,,,,,,,,,,,,,,,,,,,,,,,,,,,,,,,,,,,,,,,,,,,,,,,,,,,,,,,,,,,,,,,,,,,,,,,,,,,,,,,,,,,,,,,,,,,,,,,,,,,,,,,,,,,,,,,,,,,,,,,,,,,,,,,,,,,,,,,,,
St. Johns County Sheriff's Office,1969,Florida,12987,FL05500,0,0,0,3,0,2,0,2,8,4,0,0,4,39,4,2,1,22,10,45,36,4,5,30,10,10,0,0,127,29,42,85,127,,,,,,,,,,,,,,0,0,0,0,0,3,1,0,0,2,5,1,0,0,2,2,13,10,2,1,7,1,1,0,0,27,3,6,21,27,,,,,,,,,,,,,,0,0,0,0,0,0,0,0,0,0,0,0,0,0,0,0,2,2,0,0,2,0,0,0,0,4,0,0,4,4,,,,,,,,,,,,,,0,0,0,0,0,0,0,0,0,0,0,0,0,0,0,0,0,0,0,0,0,0,0,0,0,0,0,0,0,0,,,,,,,,,,,,,
