agency,year,state,population,ORI,officers_killed_by_felony,officers_killed_by_accident,officers_assaulted,actual_murder,actual_manslaughter,actual_rape_total,actual_rape_by_force,actual_rape_attempted,actual_robbery_total,actual_robbery_with_a_gun,actual_robbery_with_a_knife,actual_robbery_other_weapon,actual_robbery_unarmed,actual_assault_total,actual_assault_with_a_gun,actual_assault_with_a_knife,actual_assault_other_weapon,actual_assault_unarmed,actual_assault_simple,actual_burg_total,actual_burg_force_entry,actual_burg_nonforce_entry,actual_burg_attempted,actual_theft_total,actual_mtr_veh_theft_total,actual_mtr_veh_theft_car,actual_mtr_veh_theft_truck,actual_mtr_veh_theft_other,actual_all_crimes,actual_assault_aggravated,actual_index_violent,actual_index_property,actual_index_total,actual_arson_single_occupancy,actual_arson_other_residential,actual_arson_storage,actual_arson_industrial,actual_arson_other_commercial,actual_arson_community_public,actual_arson_all_oth_structures,actual_arson_total_structures,actual_arson_motor_vehicles,actual_arson_other_mobile,actual_arson_total_mobile,actual_arson_all_other,actual_arson_grand_total,tot_clr_murder,tot_clr_manslaughter,tot_clr_rape_total,tot_clr_rape_by_force,tot_clr_rape_attempted,tot_clr_robbery_total,tot_clr_robbery_with_a_gun,tot_clr_robbery_with_a_knife,tot_clr_robbery_other_weapon,tot_clr_robbery_unarmed,tot_clr_assault_total,tot_clr_assault_with_a_gun,tot_clr_assault_with_a_knife,tot_clr_assault_other_weapon,tot_clr_assault_unarmed,tot_clr_assault_simple,tot_clr_burg_total,tot_clr_burg_force_entry,tot_clr_burg_nonforce_entry,tot_clr_burg_attempted,tot_clr_theft_total,tot_clr_mtr_veh_theft_total,tot_clr_mtr_veh_theft_car,tot_clr_mtr_veh_theft_truck,tot_clr_mtr_veh_theft_other,tot_clr_all_crimes,tot_clr_assault_aggravated,tot_clr_index_violent,tot_clr_index_property,tot_clr_index_total,tot_clr_arson_single_occupancy,tot_clr_arson_other_residential,tot_clr_arson_storage,tot_clr_arson_industrial,tot_clr_arson_other_commercial,tot_clr_arson_community_public,tot_clr_arson_all_oth_structures,tot_clr_arson_total_structures,tot_clr_arson_motor_vehicles,tot_clr_arson_other_mobile,tot_clr_arson_total_mobile,tot_clr_arson_all_other,tot_clr_arson_grand_total,clr_18_murder,clr_18_manslaughter,clr_18_rape_total,clr_18_rape_by_force,clr_18_rape_attempted,clr_18_robbery_total,clr_18_robbery_with_a_gun,clr_18_robbery_with_a_knife,clr_18_robbery_other_weapon,clr_18_robbery_unarmed,clr_18_assault_total,clr_18_assault_with_a_gun,clr_18_assault_with_a_knife,clr_18_assault_other_weapon,clr_18_assault_unarmed,clr_18_assault_simple,clr_18_burg_total,clr_18_burg_force_entry,clr_18_burg_nonforce_entry,clr_18_burg_attempted,clr_18_theft_total,clr_18_mtr_veh_theft_total,clr_18_mtr_veh_theft_car,clr_18_mtr_veh_theft_truck,clr_18_mtr_veh_theft_other,clr_18_all_crimes,clr_18_assault_aggravated,clr_18_index_violent,clr_18_index_property,clr_18_index_total,clr_18_arson_single_occupancy,clr_18_arson_other_residential,clr_18_arson_storage,clr_18_arson_industrial,clr_18_arson_other_commercial,clr_18_arson_community_public,clr_18_arson_all_oth_structures,clr_18_arson_total_structures,clr_18_arson_motor_vehicles,clr_18_arson_other_mobile,clr_18_arson_total_mobile,clr_18_arson_all_other,clr_18_arson_grand_total,unfound_murder,unfound_manslaughter,unfound_rape_total,unfound_rape_by_force,unfound_rape_attempted,unfound_robbery_total,unfound_robbery_with_a_gun,unfound_robbery_with_a_knife,unfound_robbery_other_weapon,unfound_robbery_unarmed,unfound_assault_total,unfound_assault_with_a_gun,unfound_assault_with_a_knife,unfound_assault_other_weapon,unfound_assault_unarmed,unfound_assault_simple,unfound_burg_total,unfound_burg_force_entry,unfound_burg_nonforce_entry,unfound_burg_attempted,unfound_theft_total,unfound_mtr_veh_theft_total,unfound_mtr_veh_theft_car,unfound_mtr_veh_theft_truck,unfound_mtr_veh_theft_other,unfound_all_crimes,unfound_assault_aggravated,unfound_index_violent,unfound_index_property,unfound_index_total,unfound_arson_single_occupancy,unfound_arson_other_residential,unfound_arson_storage,unfound_arson_industrial,unfound_arson_other_commercial,unfound_arson_community_public,unfound_arson_all_oth_structures,unfound_arson_total_structures,unfound_arson_motor_vehicles,unfound_arson_other_mobile,unfound_arson_total_mobile,unfound_arson_all_other,unfound_arson_grand_total
Knox County Sheriff's Office,2020,Illinois,11419,IL04800,0,0,0,0,0,11,0,0,0,0,0,0,0,51,0,0,0,0,0,62,0,0,0,75,23,0,0,0,224,51,62,162,224,0,0,0,0,0,0,0,0,0,0,0,0,2,0,0,0,0,0,0,0,0,0,0,0,0,0,0,0,0,0,0,0,0,0,0,0,0,0,0,0,0,0,0,0,0,0,0,0,0,0,0,0,0,0,0,0,0,0,0,0,0,0,0,0,0,0,0,0,0,0,0,0,0,0,0,0,0,0,0,0,0,0,0,0,0,0,0,0,0,0,0,0,0,0,0,0,0,0,0,0,0,0,0,0,0,0,0,0,0,0,0,0,0,0,0,0,0,0,0,0,0,0,0,0,0,0,0,0,0,0,0,0,0,0,0,0,0,0,0,0,0,0
Knox County Sheriff's Office,2019,Illinois,11544,IL04800,0,0,0,0,0,9,0,0,0,0,0,0,0,42,0,0,0,0,0,72,0,0,0,81,18,0,0,0,223,42,51,172,223,0,0,0,0,0,0,0,0,0,0,0,0,1,0,0,0,0,0,0,0,0,0,0,0,0,0,0,0,0,0,0,0,0,0,0,0,0,0,0,0,0,0,0,0,0,0,0,0,0,0,0,0,0,0,0,0,0,0,0,0,0,0,0,0,0,0,0,0,0,0,0,0,0,0,0,0,0,0,0,0,0,0,0,0,0,0,0,0,0,0,0,0,0,0,0,0,0,0,0,0,0,0,0,0,0,0,0,0,0,0,0,0,0,0,0,0,0,0,0,0,0,0,0,0,0,0,0,0,0,0,0,0,0,0,0,0,0,0,0,0,0,0
Knox County Sheriff's Office,2018,Illinois,11653,IL04800,0,0,0,1,0,11,0,0,1,0,0,0,0,38,0,0,0,0,0,55,0,0,0,87,13,0,0,0,206,38,51,155,206,0,0,0,0,0,0,0,0,0,0,0,0,0,0,0,0,0,0,0,0,0,0,0,0,0,0,0,0,0,0,0,0,0,0,0,0,0,0,0,0,0,0,0,0,0,0,0,0,0,0,0,0,0,0,0,0,0,0,0,0,0,0,0,0,0,0,0,0,0,0,0,0,0,0,0,0,0,0,0,0,0,0,0,0,0,0,0,0,0,0,0,0,0,0,0,0,0,0,0,0,0,0,0,0,0,0,0,0,0,0,0,0,0,0,0,0,0,0,0,0,0,0,0,0,0,0,0,0,0,0,0,0,0,0,0,0,0,0,0,0,0,0
Knox County Sheriff's Office,2017,Illinois,11961,IL04800,0,0,0,0,0,4,0,0,1,0,0,0,0,25,0,0,0,0,0,54,0,0,0,69,5,0,0,0,159,25,30,129,159,0,0,0,0,0,0,0,0,0,0,0,0,1,0,0,0,0,0,0,0,0,0,0,0,0,0,0,0,0,0,0,0,0,0,0,0,0,0,0,0,0,0,0,0,0,0,0,0,0,0,0,0,0,0,0,0,0,0,0,0,0,0,0,0,0,0,0,0,0,0,0,0,0,0,0,0,0,0,0,0,0,0,0,0,0,0,0,0,0,0,0,0,0,0,0,0,0,0,0,0,0,0,0,0,0,0,0,0,0,0,0,0,0,0,0,0,0,0,0,0,0,0,0,0,0,0,0,0,0,0,0,0,0,0,0,0,0,0,0,0,0,0
Knox County Sheriff's Office,2016,Illinois,11808,IL04800,0,0,0,0,0,3,0,0,3,0,0,0,0,32,0,0,0,0,0,50,0,0,0,96,4,0,0,0,188,32,38,150,188,0,0,0,0,0,0,0,0,0,0,0,0,0,0,0,0,0,0,0,0,0,0,0,0,0,0,0,0,0,0,0,0,0,0,0,0,0,0,0,0,0,0,0,0,0,0,0,0,0,0,0,0,0,0,0,0,0,0,0,0,0,0,0,0,0,0,0,0,0,0,0,0,0,0,0,0,0,0,0,0,0,0,0,0,0,0,0,0,0,0,0,0,0,0,0,0,0,0,0,0,0,0,0,0,0,0,0,0,0,0,0,0,0,0,0,0,0,0,0,0,0,0,0,0,0,0,0,0,0,0,0,0,0,0,0,0,0,0,0,0,0,0
Knox County Sheriff's Office,2015,Illinois,12080,IL04800,0,0,0,0,0,10,0,0,1,0,0,0,0,44,0,0,0,0,0,42,0,0,0,117,9,0,0,0,224,44,55,169,224,0,0,0,0,0,0,0,0,0,0,0,0,1,0,0,0,0,0,0,0,0,0,0,0,0,0,0,0,0,0,0,0,0,0,0,0,0,0,0,0,0,0,0,0,0,0,0,0,0,0,0,0,0,0,0,0,0,0,0,0,0,0,0,0,0,0,0,0,0,0,0,0,0,0,0,0,0,0,0,0,0,0,0,0,0,0,0,0,0,0,0,0,0,0,0,0,0,0,0,0,0,0,0,0,0,0,0,0,0,0,0,0,0,0,0,0,0,0,0,0,0,0,0,0,0,0,0,0,0,0,0,0,0,0,0,0,0,0,0,0,0,0
Knox County Sheriff's Office,2014,Illinois,12247,IL04800,0,0,0,0,0,5,0,0,0,0,0,0,0,18,0,0,0,0,0,88,0,0,0,97,10,0,0,0,221,18,23,198,221,0,0,0,0,0,0,0,0,0,0,0,0,3,0,0,0,0,0,0,0,0,0,0,0,0,0,0,0,0,0,0,0,0,0,0,0,0,0,0,0,0,0,0,0,0,0,0,0,0,0,0,0,0,0,0,0,0,0,0,0,0,0,0,0,0,0,0,0,0,0,0,0,0,0,0,0,0,0,0,0,0,0,0,0,0,0,0,0,0,0,0,0,0,0,0,0,0,0,0,0,0,0,0,0,0,0,0,0,0,0,0,0,0,0,0,0,0,0,0,0,0,0,0,0,0,0,0,0,0,0,0,0,0,0,0,0,0,0,0,0,0,0
Knox County Sheriff's Office,2013,Illinois,12243,IL04800,0,0,0,0,0,7,0,0,2,0,0,0,0,16,0,0,0,0,0,87,0,0,0,146,12,0,0,0,271,16,25,246,271,0,0,0,0,0,0,0,0,0,0,0,0,1,0,0,0,0,0,0,0,0,0,0,0,0,0,0,0,0,0,0,0,0,0,0,0,0,0,0,0,0,0,0,0,0,0,0,0,0,0,0,0,0,0,0,0,0,0,0,0,0,0,0,0,0,0,0,0,0,0,0,0,0,0,0,0,0,0,0,0,0,0,0,0,0,0,0,0,0,0,0,0,0,0,0,0,0,0,0,0,0,0,0,0,0,0,0,0,0,0,0,0,0,0,0,0,0,0,0,0,0,0,0,0,0,0,0,0,0,0,0,0,0,0,0,0,0,0,0,0,0,0
Knox County Sheriff's Office,2012,Illinois,12412,IL04800,0,0,0,0,0,2,0,0,0,0,0,0,0,19,0,0,0,0,0,79,0,0,0,124,4,0,0,0,228,19,21,207,228,0,0,0,0,0,0,0,0,0,0,0,0,0,0,0,0,0,0,0,0,0,0,0,0,0,0,0,0,0,0,0,0,0,0,0,0,0,0,0,0,0,0,0,0,0,0,0,0,0,0,0,0,0,0,0,0,0,0,0,0,0,0,0,0,0,0,0,0,0,0,0,0,0,0,0,0,0,0,0,0,0,0,0,0,0,0,0,0,0,0,0,0,0,0,0,0,0,0,0,0,0,0,0,0,0,0,0,0,0,0,0,0,0,0,0,0,0,0,0,0,0,0,0,0,0,0,0,0,0,0,0,0,0,0,0,0,0,0,0,0,0,0
Knox County Sheriff's Office,2011,Illinois,12439,IL04800,0,0,0,0,0,4,0,0,0,0,0,0,0,9,0,0,0,0,0,58,0,0,0,143,11,0,0,0,225,9,13,212,225,0,0,0,0,0,0,0,0,0,0,0,0,0,0,0,0,0,0,0,0,0,0,0,0,0,0,0,0,0,0,0,0,0,0,0,0,0,0,0,0,0,0,0,0,0,0,0,0,0,0,0,0,0,0,0,0,0,0,0,0,0,0,0,0,0,0,0,0,0,0,0,0,0,0,0,0,0,0,0,0,0,0,0,0,0,0,0,0,0,0,0,0,0,0,0,0,0,0,0,0,0,0,0,0,0,0,0,0,0,0,0,0,0,0,0,0,0,0,0,0,0,0,0,0,0,0,0,0,0,0,0,0,0,0,0,0,0,0,0,0,0,0
Knox County Sheriff's Office,2010,Illinois,12402,IL04800,0,0,0,0,0,4,0,0,0,0,0,0,0,19,0,0,0,0,0,71,0,0,0,102,13,0,0,0,210,19,23,187,210,0,0,0,0,0,0,0,0,0,0,0,0,1,0,0,0,0,0,0,0,0,0,0,0,0,0,0,0,0,0,0,0,0,0,0,0,0,0,0,0,0,0,0,0,0,0,0,0,0,0,0,0,0,0,0,0,0,0,0,0,0,0,0,0,0,0,0,0,0,0,0,0,0,0,0,0,0,0,0,0,0,0,0,0,0,0,0,0,0,0,0,0,0,0,0,0,0,0,0,0,0,0,0,0,0,0,0,0,0,0,0,0,0,0,0,0,0,0,0,0,0,0,0,0,0,0,0,0,0,0,0,0,0,0,0,0,0,0,0,0,0,0
Knox County Sheriff's Office,2009,Illinois,,IL04800,,,,,,,,,,,,,,,,,,,,,,,,,,,,,,,,,,,,,,,,,,,,,,,,,,,,,,,,,,,,,,,,,,,,,,,,,,,,,,,,,,,,,,,,,,,,,,,,,,,,,,,,,,,,,,,,,,,,,,,,,,,,,,,,,,,,,,,,,,,,,,,,,,,,,,,,,,,,,,,,,,,,,,,,,,,,,,,
Knox County Sheriff's Office,2008,Illinois,,IL04800,,,,,,,,,,,,,,,,,,,,,,,,,,,,,,,,,,,,,,,,,,,,,,,,,,,,,,,,,,,,,,,,,,,,,,,,,,,,,,,,,,,,,,,,,,,,,,,,,,,,,,,,,,,,,,,,,,,,,,,,,,,,,,,,,,,,,,,,,,,,,,,,,,,,,,,,,,,,,,,,,,,,,,,,,,,,,,,
Knox County Sheriff's Office,2007,Illinois,,IL04800,,,,,,,,,,,,,,,,,,,,,,,,,,,,,,,,,,,,,,,,,,,,,,,,,,,,,,,,,,,,,,,,,,,,,,,,,,,,,,,,,,,,,,,,,,,,,,,,,,,,,,,,,,,,,,,,,,,,,,,,,,,,,,,,,,,,,,,,,,,,,,,,,,,,,,,,,,,,,,,,,,,,,,,,,,,,,,,
Knox County Sheriff's Office,2006,Illinois,,IL04800,,,,,,,,,,,,,,,,,,,,,,,,,,,,,,,,,,,,,,,,,,,,,,,,,,,,,,,,,,,,,,,,,,,,,,,,,,,,,,,,,,,,,,,,,,,,,,,,,,,,,,,,,,,,,,,,,,,,,,,,,,,,,,,,,,,,,,,,,,,,,,,,,,,,,,,,,,,,,,,,,,,,,,,,,,,,,,,
Knox County Sheriff's Office,2005,Illinois,,IL04800,,,,,,,,,,,,,,,,,,,,,,,,,,,,,,,,,,,,,,,,,,,,,,,,,,,,,,,,,,,,,,,,,,,,,,,,,,,,,,,,,,,,,,,,,,,,,,,,,,,,,,,,,,,,,,,,,,,,,,,,,,,,,,,,,,,,,,,,,,,,,,,,,,,,,,,,,,,,,,,,,,,,,,,,,,,,,,,
Knox County Sheriff's Office,2004,Illinois,,IL04800,,,,,,,,,,,,,,,,,,,,,,,,,,,,,,,,,,,,,,,,,,,,,,,,,,,,,,,,,,,,,,,,,,,,,,,,,,,,,,,,,,,,,,,,,,,,,,,,,,,,,,,,,,,,,,,,,,,,,,,,,,,,,,,,,,,,,,,,,,,,,,,,,,,,,,,,,,,,,,,,,,,,,,,,,,,,,,,
Knox County Sheriff's Office,2003,Illinois,,IL04800,,,,,,,,,,,,,,,,,,,,,,,,,,,,,,,,,,,,,,,,,,,,,,,,,,,,,,,,,,,,,,,,,,,,,,,,,,,,,,,,,,,,,,,,,,,,,,,,,,,,,,,,,,,,,,,,,,,,,,,,,,,,,,,,,,,,,,,,,,,,,,,,,,,,,,,,,,,,,,,,,,,,,,,,,,,,,,,
Knox County Sheriff's Office,2002,Illinois,,IL04800,,,,,,,,,,,,,,,,,,,,,,,,,,,,,,,,,,,,,,,,,,,,,,,,,,,,,,,,,,,,,,,,,,,,,,,,,,,,,,,,,,,,,,,,,,,,,,,,,,,,,,,,,,,,,,,,,,,,,,,,,,,,,,,,,,,,,,,,,,,,,,,,,,,,,,,,,,,,,,,,,,,,,,,,,,,,,,,
Knox County Sheriff's Office,2001,Illinois,,IL04800,,,,,,,,,,,,,,,,,,,,,,,,,,,,,,,,,,,,,,,,,,,,,,,,,,,,,,,,,,,,,,,,,,,,,,,,,,,,,,,,,,,,,,,,,,,,,,,,,,,,,,,,,,,,,,,,,,,,,,,,,,,,,,,,,,,,,,,,,,,,,,,,,,,,,,,,,,,,,,,,,,,,,,,,,,,,,,,
Knox County Sheriff's Office,2000,Illinois,,IL04800,,,,,,,,,,,,,,,,,,,,,,,,,,,,,,,,,,,,,,,,,,,,,,,,,,,,,,,,,,,,,,,,,,,,,,,,,,,,,,,,,,,,,,,,,,,,,,,,,,,,,,,,,,,,,,,,,,,,,,,,,,,,,,,,,,,,,,,,,,,,,,,,,,,,,,,,,,,,,,,,,,,,,,,,,,,,,,,
Knox County Sheriff's Office,1999,Illinois,,IL04800,,,,,,,,,,,,,,,,,,,,,,,,,,,,,,,,,,,,,,,,,,,,,,,,,,,,,,,,,,,,,,,,,,,,,,,,,,,,,,,,,,,,,,,,,,,,,,,,,,,,,,,,,,,,,,,,,,,,,,,,,,,,,,,,,,,,,,,,,,,,,,,,,,,,,,,,,,,,,,,,,,,,,,,,,,,,,,,
Knox County Sheriff's Office,1998,Illinois,,IL04800,,,,,,,,,,,,,,,,,,,,,,,,,,,,,,,,,,,,,,,,,,,,,,,,,,,,,,,,,,,,,,,,,,,,,,,,,,,,,,,,,,,,,,,,,,,,,,,,,,,,,,,,,,,,,,,,,,,,,,,,,,,,,,,,,,,,,,,,,,,,,,,,,,,,,,,,,,,,,,,,,,,,,,,,,,,,,,,
Knox County Sheriff's Office,1997,Illinois,,IL04800,,,,,,,,,,,,,,,,,,,,,,,,,,,,,,,,,,,,,,,,,,,,,,,,,,,,,,,,,,,,,,,,,,,,,,,,,,,,,,,,,,,,,,,,,,,,,,,,,,,,,,,,,,,,,,,,,,,,,,,,,,,,,,,,,,,,,,,,,,,,,,,,,,,,,,,,,,,,,,,,,,,,,,,,,,,,,,,
Knox County Sheriff's Office,1996,Illinois,,IL04800,,,,,,,,,,,,,,,,,,,,,,,,,,,,,,,,,,,,,,,,,,,,,,,,,,,,,,,,,,,,,,,,,,,,,,,,,,,,,,,,,,,,,,,,,,,,,,,,,,,,,,,,,,,,,,,,,,,,,,,,,,,,,,,,,,,,,,,,,,,,,,,,,,,,,,,,,,,,,,,,,,,,,,,,,,,,,,,
Knox County Sheriff's Office,1995,Illinois,,IL04800,,,,,,,,,,,,,,,,,,,,,,,,,,,,,,,,,,,,,,,,,,,,,,,,,,,,,,,,,,,,,,,,,,,,,,,,,,,,,,,,,,,,,,,,,,,,,,,,,,,,,,,,,,,,,,,,,,,,,,,,,,,,,,,,,,,,,,,,,,,,,,,,,,,,,,,,,,,,,,,,,,,,,,,,,,,,,,,
Knox County Sheriff's Office,1994,Illinois,14064,IL04800,0,0,0,1,0,0,0,0,0,0,0,0,0,62,1,2,0,2,57,77,41,31,5,119,7,2,3,2,270,5,6,204,210,0,0,0,0,0,0,0,0,0,0,0,1,1,1,0,0,0,0,0,0,0,0,0,49,1,1,0,2,45,10,5,4,1,15,2,0,2,0,78,4,5,27,32,0,0,0,0,0,0,0,0,0,0,0,0,0,0,0,0,0,0,0,0,0,0,0,3,0,0,0,0,3,3,1,2,0,5,0,0,0,0,12,0,0,8,8,0,0,0,0,0,0,0,0,0,0,0,0,0,0,0,0,0,0,0,0,0,0,0,1,0,0,0,0,1,2,1,0,1,9,2,0,2,0,15,0,0,13,13,0,0,0,0,0,0,0,0,0,0,0,0,0
Knox County Sheriff's Office,1993,Illinois,13999,IL04800,0,0,0,1,1,0,0,0,3,2,0,0,1,76,1,0,3,1,71,70,34,29,7,109,14,3,3,8,285,5,9,198,207,1,0,1,0,0,1,0,3,2,0,2,0,5,1,1,0,0,0,2,2,0,0,0,62,1,0,3,1,57,18,7,11,0,15,4,1,0,3,107,5,8,37,45,0,0,0,0,0,0,0,0,0,0,0,0,0,0,0,0,0,0,0,0,0,0,0,7,0,0,0,0,7,5,2,3,0,4,0,0,0,0,19,0,0,9,9,0,0,0,0,0,0,0,0,0,0,0,0,0,0,0,0,0,0,0,0,0,0,0,1,0,0,0,0,1,1,1,0,0,10,4,1,2,1,18,0,0,15,15,0,0,0,0,0,0,0,0,0,0,0,0,0
Knox County Sheriff's Office,1992,Illinois,14949,IL04800,0,0,0,0,0,0,0,0,3,2,0,0,1,67,3,1,3,3,57,114,66,28,20,147,5,2,0,3,344,10,13,267,280,1,0,0,0,0,0,0,1,0,0,0,0,1,0,0,0,0,0,2,2,0,0,0,51,3,1,3,2,42,25,15,4,6,33,1,1,0,0,117,9,11,59,70,0,0,0,0,0,0,0,0,0,0,0,0,0,0,0,0,0,0,0,0,0,0,0,8,0,1,1,0,6,3,2,0,1,14,0,0,0,0,25,2,2,17,19,0,0,0,0,0,0,0,0,0,0,0,0,0,0,0,0,0,0,0,0,0,0,0,0,0,0,0,0,0,1,0,0,1,5,2,2,0,0,10,0,0,8,8,0,0,0,0,0,0,0,0,0,0,0,0,0
Knox County Sheriff's Office,1991,Illinois,14836,IL04800,0,0,0,1,0,0,0,0,1,0,0,0,1,74,2,3,4,1,64,124,68,40,16,175,20,8,10,2,406,10,12,325,337,2,0,1,0,0,0,0,3,0,0,0,3,6,1,0,0,0,0,1,0,0,0,1,51,2,3,2,1,43,13,5,8,0,25,8,2,5,1,104,8,10,46,56,0,0,0,0,0,0,0,0,0,0,0,0,0,0,0,0,0,0,0,0,0,0,0,4,0,1,0,0,3,3,0,3,0,13,2,1,1,0,23,1,1,18,19,0,0,0,0,0,0,0,0,0,0,0,0,0,0,0,0,0,0,0,0,0,0,0,1,0,0,0,0,1,0,0,0,0,3,5,4,1,0,9,0,0,8,8,0,0,0,0,0,0,0,0,0,0,0,0,0
Knox County Sheriff's Office,1990,Illinois,14692,IL04800,0,0,0,0,0,0,0,0,1,1,0,0,0,53,0,0,2,2,49,106,60,32,14,173,10,5,2,3,352,4,5,293,298,2,0,0,0,1,0,0,3,1,0,1,0,4,0,0,0,0,0,0,0,0,0,0,39,0,0,2,2,35,15,11,3,1,25,3,1,2,0,85,4,4,43,47,0,0,0,0,0,0,0,0,0,0,0,0,0,0,0,0,0,0,0,0,0,0,0,2,0,0,0,0,2,5,5,0,0,13,1,1,0,0,21,0,0,19,19,0,0,0,0,0,0,0,0,0,0,0,0,0,0,0,0,0,0,1,1,0,0,0,1,0,0,0,0,1,4,0,4,0,9,3,2,1,0,18,0,1,16,17,0,0,0,0,0,0,0,0,0,0,0,0,0
Knox County Sheriff's Office,1989,Illinois,16208,IL04800,0,0,0,1,0,0,0,0,2,0,0,0,2,67,0,4,1,1,61,111,61,38,12,128,2,0,1,1,317,6,9,243,252,1,0,0,0,0,1,0,2,0,0,0,0,2,1,0,0,0,0,0,0,0,0,0,53,0,3,1,1,48,7,3,4,0,12,0,0,0,0,76,5,6,19,25,0,0,0,0,0,0,0,0,0,0,0,0,0,0,0,0,0,0,0,0,0,0,0,2,0,1,0,0,1,2,1,1,0,3,0,0,0,0,8,1,1,5,6,0,0,0,0,0,0,0,0,0,0,0,0,0,0,0,0,0,0,0,0,0,0,0,0,0,0,0,0,0,3,2,0,1,9,2,1,1,0,15,0,0,14,14,0,0,0,0,0,0,0,0,0,0,0,0,0
Knox County Sheriff's Office,1988,Illinois,16044,IL04800,0,0,0,0,0,0,0,0,0,0,0,0,0,45,1,1,2,3,38,129,75,38,16,114,10,5,0,5,301,7,7,255,262,2,0,0,0,0,0,0,2,0,0,0,0,2,0,0,0,0,0,0,0,0,0,0,39,1,1,2,3,32,23,11,9,3,9,5,4,0,1,76,7,7,37,44,0,0,0,0,0,0,0,0,0,0,0,0,0,0,0,0,0,0,0,0,0,0,0,5,1,0,0,1,3,3,0,3,0,4,0,0,0,0,12,2,2,7,9,0,0,0,0,0,0,0,0,0,0,0,0,0,0,0,0,0,0,0,0,0,0,0,0,0,0,0,0,0,0,0,0,0,0,1,1,0,0,1,0,0,1,1,0,0,0,0,0,0,0,0,0,0,0,0,0
Knox County Sheriff's Office,1987,Illinois,16318,IL04800,0,0,0,1,0,0,0,0,0,0,0,0,0,47,3,0,2,2,40,111,55,47,9,130,11,2,3,6,307,7,8,254,262,1,0,1,0,0,0,0,2,0,0,0,0,2,1,0,0,0,0,0,0,0,0,0,38,2,0,1,1,34,20,11,8,1,18,4,2,0,2,85,4,5,42,47,0,0,0,0,0,0,0,0,0,0,0,0,0,0,0,0,0,0,0,0,0,0,0,5,0,0,0,0,5,4,1,3,0,9,3,2,0,1,22,0,0,16,16,0,0,0,0,0,0,0,0,0,0,0,0,0,0,0,0,0,0,0,0,0,0,0,0,0,0,0,0,0,2,0,1,1,3,1,1,0,0,7,0,0,6,6,0,0,0,0,0,0,0,0,0,0,0,0,0
Knox County Sheriff's Office,1986,Illinois,16842,IL04800,0,0,0,0,0,0,0,0,0,0,0,0,0,38,2,4,2,2,28,147,77,48,22,124,3,2,0,1,318,10,10,276,286,0,0,1,0,0,1,0,2,0,0,0,0,2,0,0,0,0,0,0,0,0,0,0,28,1,4,2,2,19,13,7,6,0,10,1,1,0,0,55,9,9,24,33,0,0,0,0,0,0,0,0,0,0,0,0,0,0,0,0,0,0,0,0,0,0,0,1,0,1,0,0,0,4,2,2,0,1,1,1,0,0,7,1,1,6,7,0,0,0,0,0,0,0,0,0,0,0,0,0,0,0,0,0,0,0,0,0,0,0,0,0,0,0,0,0,2,1,1,0,3,2,1,1,0,7,0,0,7,7,0,0,0,0,0,0,0,0,0,0,0,0,0
Knox County Sheriff's Office,1985,Illinois,15718,IL04800,0,0,0,0,0,3,3,0,0,0,0,0,0,35,1,1,1,4,28,108,62,39,7,151,9,6,1,2,308,7,10,270,280,0,0,0,0,0,0,0,0,0,0,0,2,2,0,0,2,2,0,0,0,0,0,0,28,1,1,1,1,24,14,10,4,0,14,3,2,0,1,61,4,6,31,37,0,0,0,0,0,0,0,0,0,0,0,0,0,0,0,0,0,0,0,0,0,0,0,1,0,0,0,0,1,1,1,0,0,0,0,0,0,0,2,0,0,1,1,0,0,0,0,0,0,0,0,0,0,0,0,0,0,0,0,0,0,0,0,0,0,0,0,0,0,0,0,0,0,0,0,0,3,0,0,0,0,3,0,0,3,3,0,0,0,0,0,0,0,0,0,0,0,0,0
Knox County Sheriff's Office,1984,Illinois,17028,IL04800,0,0,0,1,0,2,2,0,2,0,1,0,1,47,1,1,1,4,40,139,87,44,8,147,8,2,0,6,346,7,12,294,306,0,0,0,0,0,0,0,0,0,0,0,0,0,1,0,2,2,0,1,0,1,0,0,38,1,1,1,2,33,24,17,7,0,17,1,1,0,0,84,5,9,42,51,0,0,0,0,0,0,0,0,0,0,0,0,0,0,0,0,0,0,0,0,0,0,0,2,0,0,0,0,2,2,2,0,0,2,0,0,0,0,6,0,0,4,4,0,0,0,0,0,0,0,0,0,0,0,0,0,0,0,0,0,0,0,0,0,0,0,0,0,0,0,0,0,0,0,0,0,1,0,0,0,0,1,0,0,1,1,0,0,0,0,0,0,0,0,0,0,0,0,0
Knox County Sheriff's Office,1983,Illinois,17332,IL04800,0,0,0,0,0,0,0,0,3,2,0,0,1,47,4,0,1,2,40,106,65,30,11,157,8,3,3,2,321,7,10,271,281,0,0,0,0,0,0,0,0,0,0,0,0,0,0,0,0,0,0,2,2,0,0,0,32,2,0,1,1,28,10,7,1,2,15,2,1,1,0,61,4,6,27,33,0,0,0,0,0,0,0,0,0,0,0,0,0,0,0,0,0,0,0,0,0,0,0,1,0,0,0,0,1,2,2,0,0,3,0,0,0,0,6,0,0,5,5,0,0,0,0,0,0,0,0,0,0,0,0,0,0,0,1,0,1,0,0,0,0,0,2,0,0,0,1,1,3,1,2,0,3,2,1,1,0,11,1,2,8,10,0,0,0,0,0,0,0,0,0,0,0,0,0
Knox County Sheriff's Office,1982,Illinois,17275,IL04800,0,0,0,0,0,2,2,0,2,0,0,1,1,57,3,0,0,7,47,275,199,63,13,241,17,7,4,6,599,10,14,538,552,0,0,0,0,0,1,0,1,0,0,0,4,5,0,0,2,2,0,1,0,0,1,0,41,1,0,0,7,33,17,10,5,2,23,1,0,0,1,85,8,11,41,52,0,0,0,0,0,0,0,0,0,0,0,0,0,0,0,0,0,0,1,0,0,1,0,3,1,0,0,0,2,3,1,2,0,4,0,0,0,0,11,1,2,7,9,0,0,0,0,0,0,0,0,0,0,0,0,0,0,0,0,0,0,0,0,0,0,0,0,0,0,0,0,0,0,0,0,0,0,0,0,0,0,0,0,0,0,0,0,0,0,0,0,0,0,0,0,0,0,0,0
Knox County Sheriff's Office,1981,Illinois,17285,IL04800,0,0,0,2,0,4,3,1,2,0,0,0,2,72,1,2,2,6,61,226,141,69,16,220,16,3,5,8,547,11,19,467,486,1,0,0,0,2,0,0,3,0,0,0,2,5,2,0,1,0,1,1,0,0,0,1,49,1,1,2,4,41,10,4,6,0,25,1,1,0,0,89,8,12,36,48,0,0,0,0,0,0,0,0,0,0,0,0,0,0,0,0,0,0,0,0,0,0,0,3,0,1,0,0,2,1,1,0,0,5,1,1,0,0,10,1,1,7,8,0,0,0,0,0,0,0,0,0,0,0,0,0,0,0,0,0,0,0,0,0,0,0,0,0,0,0,0,0,0,0,0,0,0,0,0,0,0,0,0,0,0,0,0,0,0,0,0,0,0,0,0,0,0,0,0
Knox County Sheriff's Office,1980,Illinois,17135,IL04800,0,0,0,1,0,0,0,0,1,0,1,0,0,64,4,2,0,10,48,207,123,69,15,194,20,10,3,7,491,16,18,425,443,1,0,0,0,0,1,0,2,0,0,0,1,4,2,0,0,0,0,0,0,0,0,0,46,3,1,0,6,36,13,5,8,0,19,5,4,0,1,85,10,12,37,49,0,0,0,0,0,0,0,0,0,0,0,0,0,0,0,0,0,0,0,0,0,0,0,0,0,0,0,0,0,1,1,0,0,3,1,0,0,1,5,0,0,5,5,0,0,0,0,0,0,0,0,0,0,0,0,0,0,0,0,0,0,0,0,0,0,0,0,0,0,0,0,0,0,0,0,0,0,0,0,0,0,0,0,0,0,0,0,0,0,0,0,0,0,0,0,0,0,0,0
Knox County Sheriff's Office,1979,Illinois,17912,IL04800,0,0,0,0,0,0,0,0,3,2,1,0,0,78,5,1,2,10,60,150,98,38,14,230,25,6,3,16,486,18,21,405,426,0,0,0,0,0,0,0,0,0,0,0,0,0,0,0,0,0,0,2,1,1,0,0,54,5,1,1,7,40,31,21,10,0,24,6,1,1,4,117,14,16,61,77,0,0,0,0,0,0,0,0,0,0,0,0,0,0,0,0,0,0,0,0,0,0,0,1,0,0,0,0,1,4,2,2,0,2,2,0,0,2,9,0,0,8,8,0,0,0,0,0,0,0,0,0,0,0,0,0,0,0,0,0,0,0,0,0,0,0,0,0,0,0,0,0,0,0,0,0,0,0,0,0,0,0,0,0,0,0,0,0,0,0,0,0,0,0,0,0,0,0,0
Knox County Sheriff's Office,1978,Illinois,18379,IL04800,0,0,0,3,0,2,1,1,3,1,1,0,1,51,3,3,4,10,31,197,104,77,16,190,21,8,8,5,467,20,28,408,436,,,,,,,,,,,,,,2,0,2,2,0,2,2,0,0,0,37,0,2,5,8,22,25,16,7,2,21,5,2,3,0,94,15,21,51,72,,,,,,,,,,,,,,0,0,0,0,0,0,0,0,0,0,1,0,0,1,0,0,7,3,2,2,5,1,0,1,0,14,1,1,13,14,,,,,,,,,,,,,,0,0,0,0,0,0,0,0,0,0,0,0,0,0,0,0,0,0,0,0,0,0,0,0,0,0,0,0,0,0,,,,,,,,,,,,,
Knox County Sheriff's Office,1977,Illinois,17941,IL04800,0,0,0,1,0,4,3,1,1,0,0,1,0,37,4,2,1,10,20,150,104,32,14,163,32,15,11,6,388,17,23,345,368,,,,,,,,,,,,,,1,0,2,1,1,0,0,0,0,0,25,3,2,0,5,15,15,11,2,2,8,2,0,1,1,53,10,13,25,38,,,,,,,,,,,,,,0,0,0,0,0,0,0,0,0,0,0,0,0,0,0,0,4,3,1,0,3,0,0,0,0,7,0,0,7,7,,,,,,,,,,,,,,0,0,0,0,0,0,0,0,0,0,0,0,0,0,0,0,0,0,0,0,0,0,0,0,0,0,0,0,0,0,,,,,,,,,,,,,
Knox County Sheriff's Office,1976,Illinois,16286,IL04800,0,0,0,0,0,2,2,0,1,1,0,0,0,41,2,3,1,16,19,159,108,38,13,173,13,4,2,7,389,22,25,345,370,,,,,,,,,,,,,,0,0,1,1,0,1,1,0,0,0,32,2,1,0,15,14,17,14,3,0,8,0,0,0,0,59,18,20,25,45,,,,,,,,,,,,,,0,0,0,0,0,1,1,0,0,0,1,1,0,0,0,0,8,5,3,0,0,0,0,0,0,10,1,2,8,10,,,,,,,,,,,,,,0,0,0,0,0,0,0,0,0,0,0,0,0,0,0,0,0,0,0,0,0,0,0,0,0,0,0,0,0,0,,,,,,,,,,,,,
Knox County Sheriff's Office,1975,Illinois,,IL04800,,,,,,,,,,,,,,,,,,,,,,,,,,,,,,,,,,,,,,,,,,,,,,,,,,,,,,,,,,,,,,,,,,,,,,,,,,,,,,,,,,,,,,,,,,,,,,,,,,,,,,,,,,,,,,,,,,,,,,,,,,,,,,,,,,,,,,,,,,,,,,,,,,,,,,,,,,,,,,,,,,,,,,,,,,,,,,,
Knox County Sheriff's Office,1974,Illinois,15427,IL04800,0,0,0,1,2,9,9,0,1,1,0,0,0,54,2,4,8,16,24,217,170,30,17,266,27,17,7,3,577,30,41,510,551,,,,,,,,,,,,,,3,0,5,5,0,3,3,0,0,0,48,0,4,6,16,22,36,33,2,1,21,4,3,1,0,120,26,37,61,98,,,,,,,,,,,,,,0,0,0,0,0,0,0,0,0,0,3,0,0,0,1,2,20,17,2,1,2,0,0,0,0,25,1,1,22,23,,,,,,,,,,,,,,0,0,0,0,0,0,0,0,0,0,0,0,0,0,0,0,0,0,0,0,0,0,0,0,0,0,0,0,0,0,,,,,,,,,,,,,
Knox County Sheriff's Office,1973,Illinois,,IL04800,,,,,,,,,,,,,,,,,,,,,,,,,,,,,,,,,,,,,,,,,,,,,,,,,,,,,,,,,,,,,,,,,,,,,,,,,,,,,,,,,,,,,,,,,,,,,,,,,,,,,,,,,,,,,,,,,,,,,,,,,,,,,,,,,,,,,,,,,,,,,,,,,,,,,,,,,,,,,,,,,,,,,,,,,,,,,,,
Knox County Sheriff's Office,1972,Illinois,20116,IL04800,0,0,0,0,0,3,1,2,2,2,0,0,0,28,0,2,0,2,24,119,92,21,6,178,14,14,0,0,320,4,9,311,320,,,,,,,,,,,,,,0,0,2,0,2,0,0,0,0,0,22,0,1,0,2,19,10,7,3,0,14,6,6,0,0,35,3,5,30,35,,,,,,,,,,,,,,0,0,1,0,1,0,0,0,0,0,0,0,0,0,0,0,5,4,1,0,3,0,0,0,0,9,0,1,8,9,,,,,,,,,,,,,,0,0,0,0,0,0,0,0,0,0,0,0,0,0,0,0,0,0,0,0,0,0,0,0,0,0,0,0,0,0,,,,,,,,,,,,,
Knox County Sheriff's Office,1971,Illinois,19304,IL04800,0,0,0,0,0,1,1,0,2,1,0,0,1,33,3,1,1,1,27,129,101,22,6,187,5,5,0,0,330,6,9,321,330,,,,,,,,,,,,,,0,0,1,1,0,1,0,0,0,1,27,2,1,0,1,23,16,12,3,1,24,3,3,0,0,49,4,6,43,49,,,,,,,,,,,,,,0,0,0,0,0,0,0,0,0,0,1,0,0,0,0,1,2,1,0,1,4,3,3,0,0,9,0,0,9,9,,,,,,,,,,,,,,0,0,0,0,0,0,0,0,0,0,0,0,0,0,0,0,0,0,0,0,0,0,0,0,0,0,0,0,0,0,,,,,,,,,,,,,
Knox County Sheriff's Office,1970,Illinois,18124,IL04800,0,0,0,0,2,0,0,0,1,0,0,0,1,8,1,0,1,0,6,100,79,17,4,142,9,9,0,0,256,2,3,251,254,,,,,,,,,,,,,,0,2,0,0,0,1,0,0,0,1,7,1,0,1,0,5,7,6,1,0,10,2,2,0,0,24,2,3,19,22,,,,,,,,,,,,,,0,0,0,0,0,1,0,0,0,1,0,0,0,0,0,0,0,0,0,0,0,1,1,0,0,2,0,1,1,2,,,,,,,,,,,,,,0,0,0,0,0,0,0,0,0,0,0,0,0,0,0,0,0,0,0,0,0,0,0,0,0,0,0,0,0,0,,,,,,,,,,,,,
Knox County Sheriff's Office,1969,Illinois,16589,IL04800,0,0,0,0,0,1,0,1,1,1,0,0,0,6,0,1,0,0,5,66,56,6,4,65,7,7,0,0,141,1,3,138,141,,,,,,,,,,,,,,0,1,1,0,1,0,0,0,0,0,5,0,1,0,0,4,4,4,0,0,4,5,5,0,0,16,1,2,13,15,,,,,,,,,,,,,,0,1,0,0,0,0,0,0,0,0,0,0,0,0,0,0,1,1,0,0,0,1,1,0,0,3,0,0,2,2,,,,,,,,,,,,,,0,0,0,0,0,0,0,0,0,0,0,0,0,0,0,0,0,0,0,0,0,0,0,0,0,0,0,0,0,0,,,,,,,,,,,,,
Knox County Sheriff's Office,1968,Illinois,,IL04800,,,,,,,,,,,,,,,,,,,,,,,,,,,,,,,,,,,,,,,,,,,,,,,,,,,,,,,,,,,,,,,,,,,,,,,,,,,,,,,,,,,,,,,,,,,,,,,,,,,,,,,,,,,,,,,,,,,,,,,,,,,,,,,,,,,,,,,,,,,,,,,,,,,,,,,,,,,,,,,,,,,,,,,,,,,,,,,
Knox County Sheriff's Office,1967,Illinois,,IL04800,,,,,,,,,,,,,,,,,,,,,,,,,,,,,,,,,,,,,,,,,,,,,,,,,,,,,,,,,,,,,,,,,,,,,,,,,,,,,,,,,,,,,,,,,,,,,,,,,,,,,,,,,,,,,,,,,,,,,,,,,,,,,,,,,,,,,,,,,,,,,,,,,,,,,,,,,,,,,,,,,,,,,,,,,,,,,,,
Knox County Sheriff's Office,1966,Illinois,,IL04800,,,,,,,,,,,,,,,,,,,,,,,,,,,,,,,,,,,,,,,,,,,,,,,,,,,,,,,,,,,,,,,,,,,,,,,,,,,,,,,,,,,,,,,,,,,,,,,,,,,,,,,,,,,,,,,,,,,,,,,,,,,,,,,,,,,,,,,,,,,,,,,,,,,,,,,,,,,,,,,,,,,,,,,,,,,,,,,
Knox County Sheriff's Office,1965,Illinois,19076,IL04800,0,0,0,0,0,0,0,0,3,3,0,0,0,30,0,0,0,3,27,56,56,0,0,153,15,15,0,0,230,3,6,224,230,,,,,,,,,,,,,,0,0,0,0,0,2,2,0,0,0,27,0,0,0,2,25,3,3,0,0,0,13,13,0,0,20,2,4,16,20,,,,,,,,,,,,,,0,0,0,0,0,0,0,0,0,0,0,0,0,0,0,0,0,0,0,0,0,3,3,0,0,3,0,0,3,3,,,,,,,,,,,,,,0,0,0,0,0,0,0,0,0,0,0,0,0,0,0,0,0,0,0,0,0,0,0,0,0,0,0,0,0,0,,,,,,,,,,,,,
Knox County Sheriff's Office,1964,Illinois,18900,IL04800,0,0,0,1,0,0,0,0,4,4,0,0,0,46,2,0,1,18,25,49,47,2,0,137,7,7,0,0,219,21,26,193,219,,,,,,,,,,,,,,1,0,0,0,0,3,3,0,0,0,38,2,0,1,12,23,3,3,0,0,7,5,5,0,0,34,15,19,15,34,,,,,,,,,,,,,,0,0,0,0,0,2,2,0,0,0,0,0,0,0,0,0,1,1,0,0,4,3,3,0,0,10,0,2,8,10,,,,,,,,,,,,,,0,0,0,0,0,0,0,0,0,0,0,0,0,0,0,0,0,0,0,0,0,0,0,0,0,0,0,0,0,0,,,,,,,,,,,,,
Knox County Sheriff's Office,1963,Illinois,17825,IL04800,0,0,0,1,0,2,0,0,4,0,0,0,0,7,0,0,0,0,0,91,0,0,0,101,9,9,0,0,215,7,14,201,215,,,,,,,,,,,,,,0,0,0,0,0,0,0,0,0,0,0,0,0,0,0,0,0,0,0,0,0,0,0,0,0,0,0,0,0,0,,,,,,,,,,,,,,0,0,0,0,0,0,0,0,0,0,0,0,0,0,0,0,0,0,0,0,0,0,0,0,0,0,0,0,0,0,,,,,,,,,,,,,,0,0,0,0,0,0,0,0,0,0,0,0,0,0,0,0,0,0,0,0,0,0,0,0,0,0,0,0,0,0,,,,,,,,,,,,,
Knox County Sheriff's Office,1962,Illinois,17933,IL04800,0,0,0,0,0,0,0,0,1,0,0,0,0,1,0,0,0,0,0,49,0,0,0,70,3,3,0,0,124,1,2,122,124,,,,,,,,,,,,,,0,0,0,0,0,0,0,0,0,0,0,0,0,0,0,0,0,0,0,0,0,0,0,0,0,0,0,0,0,0,,,,,,,,,,,,,,0,0,0,0,0,0,0,0,0,0,0,0,0,0,0,0,0,0,0,0,0,0,0,0,0,0,0,0,0,0,,,,,,,,,,,,,,0,0,0,0,0,0,0,0,0,0,0,0,0,0,0,0,0,0,0,0,0,0,0,0,0,0,0,0,0,0,,,,,,,,,,,,,
Knox County Sheriff's Office,1961,Illinois,18008,IL04800,0,0,0,0,0,0,0,0,1,0,0,0,0,0,0,0,0,0,0,69,0,0,0,99,0,0,0,0,169,0,1,168,169,,,,,,,,,,,,,,0,0,0,0,0,0,0,0,0,0,0,0,0,0,0,0,0,0,0,0,0,0,0,0,0,0,0,0,0,0,,,,,,,,,,,,,,0,0,0,0,0,0,0,0,0,0,0,0,0,0,0,0,0,0,0,0,0,0,0,0,0,0,0,0,0,0,,,,,,,,,,,,,,0,0,0,0,0,0,0,0,0,0,0,0,0,0,0,0,0,0,0,0,0,0,0,0,0,0,0,0,0,0,,,,,,,,,,,,,
Knox County Sheriff's Office,1960,Illinois,18008,IL04800,0,0,0,0,0,1,0,0,0,0,0,0,0,0,0,0,0,0,0,40,0,0,0,38,0,0,0,0,79,0,1,78,79,,,,,,,,,,,,,,0,0,0,0,0,0,0,0,0,0,0,0,0,0,0,0,0,0,0,0,0,0,0,0,0,0,0,0,0,0,,,,,,,,,,,,,,0,0,0,0,0,0,0,0,0,0,0,0,0,0,0,0,0,0,0,0,0,0,0,0,0,0,0,0,0,0,,,,,,,,,,,,,,0,0,0,0,0,0,0,0,0,0,0,0,0,0,0,0,0,0,0,0,0,0,0,0,0,0,0,0,0,0,,,,,,,,,,,,,
