agency,year,state,population,ORI,officers_killed_by_felony,officers_killed_by_accident,officers_assaulted,actual_murder,actual_manslaughter,actual_rape_total,actual_rape_by_force,actual_rape_attempted,actual_robbery_total,actual_robbery_with_a_gun,actual_robbery_with_a_knife,actual_robbery_other_weapon,actual_robbery_unarmed,actual_assault_total,actual_assault_with_a_gun,actual_assault_with_a_knife,actual_assault_other_weapon,actual_assault_unarmed,actual_assault_simple,actual_burg_total,actual_burg_force_entry,actual_burg_nonforce_entry,actual_burg_attempted,actual_theft_total,actual_mtr_veh_theft_total,actual_mtr_veh_theft_car,actual_mtr_veh_theft_truck,actual_mtr_veh_theft_other,actual_all_crimes,actual_assault_aggravated,actual_index_violent,actual_index_property,actual_index_total,actual_arson_single_occupancy,actual_arson_other_residential,actual_arson_storage,actual_arson_industrial,actual_arson_other_commercial,actual_arson_community_public,actual_arson_all_oth_structures,actual_arson_total_structures,actual_arson_motor_vehicles,actual_arson_other_mobile,actual_arson_total_mobile,actual_arson_all_other,actual_arson_grand_total,tot_clr_murder,tot_clr_manslaughter,tot_clr_rape_total,tot_clr_rape_by_force,tot_clr_rape_attempted,tot_clr_robbery_total,tot_clr_robbery_with_a_gun,tot_clr_robbery_with_a_knife,tot_clr_robbery_other_weapon,tot_clr_robbery_unarmed,tot_clr_assault_total,tot_clr_assault_with_a_gun,tot_clr_assault_with_a_knife,tot_clr_assault_other_weapon,tot_clr_assault_unarmed,tot_clr_assault_simple,tot_clr_burg_total,tot_clr_burg_force_entry,tot_clr_burg_nonforce_entry,tot_clr_burg_attempted,tot_clr_theft_total,tot_clr_mtr_veh_theft_total,tot_clr_mtr_veh_theft_car,tot_clr_mtr_veh_theft_truck,tot_clr_mtr_veh_theft_other,tot_clr_all_crimes,tot_clr_assault_aggravated,tot_clr_index_violent,tot_clr_index_property,tot_clr_index_total,tot_clr_arson_single_occupancy,tot_clr_arson_other_residential,tot_clr_arson_storage,tot_clr_arson_industrial,tot_clr_arson_other_commercial,tot_clr_arson_community_public,tot_clr_arson_all_oth_structures,tot_clr_arson_total_structures,tot_clr_arson_motor_vehicles,tot_clr_arson_other_mobile,tot_clr_arson_total_mobile,tot_clr_arson_all_other,tot_clr_arson_grand_total,clr_18_murder,clr_18_manslaughter,clr_18_rape_total,clr_18_rape_by_force,clr_18_rape_attempted,clr_18_robbery_total,clr_18_robbery_with_a_gun,clr_18_robbery_with_a_knife,clr_18_robbery_other_weapon,clr_18_robbery_unarmed,clr_18_assault_total,clr_18_assault_with_a_gun,clr_18_assault_with_a_knife,clr_18_assault_other_weapon,clr_18_assault_unarmed,clr_18_assault_simple,clr_18_burg_total,clr_18_burg_force_entry,clr_18_burg_nonforce_entry,clr_18_burg_attempted,clr_18_theft_total,clr_18_mtr_veh_theft_total,clr_18_mtr_veh_theft_car,clr_18_mtr_veh_theft_truck,clr_18_mtr_veh_theft_other,clr_18_all_crimes,clr_18_assault_aggravated,clr_18_index_violent,clr_18_index_property,clr_18_index_total,clr_18_arson_single_occupancy,clr_18_arson_other_residential,clr_18_arson_storage,clr_18_arson_industrial,clr_18_arson_other_commercial,clr_18_arson_community_public,clr_18_arson_all_oth_structures,clr_18_arson_total_structures,clr_18_arson_motor_vehicles,clr_18_arson_other_mobile,clr_18_arson_total_mobile,clr_18_arson_all_other,clr_18_arson_grand_total,unfound_murder,unfound_manslaughter,unfound_rape_total,unfound_rape_by_force,unfound_rape_attempted,unfound_robbery_total,unfound_robbery_with_a_gun,unfound_robbery_with_a_knife,unfound_robbery_other_weapon,unfound_robbery_unarmed,unfound_assault_total,unfound_assault_with_a_gun,unfound_assault_with_a_knife,unfound_assault_other_weapon,unfound_assault_unarmed,unfound_assault_simple,unfound_burg_total,unfound_burg_force_entry,unfound_burg_nonforce_entry,unfound_burg_attempted,unfound_theft_total,unfound_mtr_veh_theft_total,unfound_mtr_veh_theft_car,unfound_mtr_veh_theft_truck,unfound_mtr_veh_theft_other,unfound_all_crimes,unfound_assault_aggravated,unfound_index_violent,unfound_index_property,unfound_index_total,unfound_arson_single_occupancy,unfound_arson_other_residential,unfound_arson_storage,unfound_arson_industrial,unfound_arson_other_commercial,unfound_arson_community_public,unfound_arson_all_oth_structures,unfound_arson_total_structures,unfound_arson_motor_vehicles,unfound_arson_other_mobile,unfound_arson_total_mobile,unfound_arson_all_other,unfound_arson_grand_total
Finney County Sheriff's Office,2022,Kansas,8048,KS02800,0,0,0,0,0,8,7,1,0,0,0,0,0,103,7,7,9,8,72,55,40,14,1,46,39,23,14,2,252,31,39,141,180,0,0,0,0,0,0,0,0,1,0,1,0,1,0,0,5,4,1,0,0,0,0,0,57,4,5,6,7,35,7,3,3,1,3,4,4,0,0,76,22,27,14,41,0,0,0,0,0,0,0,0,0,0,0,0,0,0,0,1,1,0,0,0,0,0,0,1,0,0,0,0,1,0,0,0,0,0,0,0,0,0,2,0,1,0,1,0,0,0,0,0,0,0,0,0,0,0,0,0,0,0,0,0,0,0,0,0,0,0,0,0,0,0,0,0,0,0,0,0,0,0,0,0,0,0,0,0,0,0,0,0,0,0,0,0,0,0,0,0,0,0,0
Finney County Sheriff's Office,2021,Kansas,8035,KS02800,0,0,0,0,0,5,5,0,1,0,1,0,0,118,11,6,11,6,84,56,47,9,0,91,26,17,9,0,300,34,40,176,216,0,0,0,0,0,0,0,0,0,0,0,3,3,0,0,3,3,0,0,0,0,0,0,79,7,6,11,4,51,4,4,0,0,4,5,4,1,0,95,28,31,13,44,0,0,0,0,0,0,0,0,0,0,0,0,0,0,0,0,0,0,0,0,0,0,0,2,0,0,1,0,1,0,0,0,0,0,1,1,0,0,3,1,1,1,2,0,0,0,0,0,0,0,0,0,0,0,0,0,0,0,0,0,0,0,0,0,0,0,0,0,0,0,0,0,0,0,0,0,0,0,0,0,0,0,0,0,0,0,0,0,0,0,0,0,0,0,0,0,0,0,0
Finney County Sheriff's Office,2020,Kansas,7904,KS02800,0,0,0,1,0,3,3,0,2,1,0,0,1,117,9,4,14,6,84,66,60,6,0,64,28,11,12,5,285,33,39,162,201,1,0,0,0,0,0,0,1,3,0,3,0,4,1,0,2,2,0,1,1,0,0,0,60,9,0,6,2,43,3,0,3,0,6,6,3,3,0,79,17,21,15,36,0,0,0,0,0,0,0,0,0,0,0,0,0,0,0,0,0,0,0,0,0,0,0,1,0,0,0,1,0,0,0,0,0,0,0,0,0,0,1,1,1,0,1,0,0,0,0,0,0,0,0,0,0,0,0,0,0,0,0,0,0,0,0,0,0,0,0,0,0,0,0,0,0,0,0,0,0,0,0,0,0,0,0,0,0,0,0,0,0,0,0,0,0,0,0,0,0,0,0
Finney County Sheriff's Office,2019,Kansas,7908,KS02800,0,0,0,1,0,5,5,0,2,0,0,0,2,98,6,3,7,4,78,28,26,2,0,83,24,13,9,2,242,20,28,136,164,0,0,0,0,0,0,0,0,0,0,0,0,1,1,0,1,1,0,2,0,0,0,2,63,4,3,5,2,49,1,1,0,0,8,5,2,3,0,82,14,18,15,33,0,0,0,0,0,0,0,0,0,0,0,0,1,0,0,0,0,0,0,0,0,0,0,3,0,0,0,0,3,0,0,0,0,1,0,0,0,0,4,0,0,1,1,0,0,0,0,0,0,0,0,0,0,0,0,0,0,0,0,0,0,0,0,0,0,0,0,0,0,0,0,0,0,0,0,0,0,0,0,0,0,0,0,0,0,0,0,0,0,0,0,0,0,0,0,0,0,0,0
Finney County Sheriff's Office,2018,Kansas,7958,KS02800,0,0,0,1,0,7,7,0,2,0,0,1,1,119,9,3,5,6,96,50,38,11,1,95,7,0,4,3,281,23,33,152,185,0,0,0,0,0,0,0,0,0,0,0,0,0,1,0,1,1,0,0,0,0,0,0,25,0,1,0,2,22,2,2,0,0,3,0,0,0,0,32,3,5,5,10,0,0,0,0,0,0,0,0,0,0,0,0,0,0,0,0,0,0,0,0,0,0,0,0,0,0,0,0,0,1,1,0,0,0,0,0,0,0,1,0,0,1,1,0,0,0,0,0,0,0,0,0,0,0,0,0,0,0,0,0,0,0,0,0,0,0,0,0,0,0,0,0,0,0,0,0,0,0,0,0,0,0,0,0,0,0,0,0,0,0,0,0,0,0,0,0,0,0,0
Finney County Sheriff's Office,2017,Kansas,7774,KS02800,0,0,0,0,0,2,2,0,3,2,0,1,0,90,1,5,10,9,65,46,30,16,0,96,20,13,5,2,257,25,30,162,192,0,0,0,0,0,0,0,0,0,0,0,0,0,0,0,1,1,0,0,0,0,0,0,65,1,4,5,8,47,9,8,1,0,4,2,0,2,0,81,18,19,15,34,0,0,0,0,0,0,0,0,0,0,0,0,0,0,0,0,0,0,0,0,0,0,0,1,0,0,0,0,1,0,0,0,0,1,0,0,0,0,2,0,0,1,1,0,0,0,0,0,0,0,0,0,0,0,0,0,0,0,0,0,0,0,0,0,0,0,0,0,0,0,0,0,0,0,0,0,0,0,0,0,0,0,0,0,0,0,0,0,0,0,0,0,0,0,0,0,0,0,0
Finney County Sheriff's Office,2016,Kansas,7748,KS02800,0,0,0,1,0,5,5,0,3,2,0,0,1,85,9,9,2,5,60,39,28,11,0,68,6,4,0,2,210,25,34,116,150,2,0,0,0,0,0,0,2,1,0,1,0,3,1,0,0,0,0,2,2,0,0,0,57,3,8,2,2,42,6,4,2,0,9,2,2,0,0,77,15,18,17,35,0,0,0,0,0,0,0,0,0,0,0,0,0,0,0,0,0,0,0,0,0,0,0,3,0,0,0,0,3,0,0,0,0,0,0,0,0,0,3,0,0,0,0,0,0,0,0,0,0,0,0,0,0,0,0,0,0,0,0,0,0,0,0,0,0,0,0,0,0,0,0,0,0,0,0,0,0,0,0,0,0,0,0,0,0,0,0,0,0,0,0,0,0,0,0,0,0,0,0
Finney County Sheriff's Office,2015,Kansas,8009,KS02800,0,0,0,0,0,8,8,0,1,0,0,0,1,80,4,3,10,2,61,42,33,9,0,85,11,6,3,2,228,19,28,139,167,0,0,1,0,0,0,0,1,0,0,0,0,1,0,0,2,2,0,1,0,0,0,1,55,1,2,6,2,44,6,4,2,0,13,0,0,0,0,77,11,14,19,33,0,0,0,0,0,0,0,0,0,0,0,0,0,0,0,0,0,0,0,0,0,0,0,1,0,0,0,0,1,1,0,1,0,0,0,0,0,0,2,0,0,1,1,0,0,0,0,0,0,0,0,0,0,0,0,0,0,0,0,0,0,0,0,0,0,0,0,0,0,0,0,0,0,0,0,0,0,0,0,0,0,0,0,0,0,0,0,0,0,0,0,0,0,0,0,0,0,0,0
Finney County Sheriff's Office,2014,Kansas,8015,KS02800,0,0,0,0,0,1,1,0,1,0,0,0,1,106,4,4,7,5,86,49,36,13,0,124,8,5,3,0,290,20,22,182,204,0,0,0,0,0,0,0,0,1,0,1,0,1,0,0,0,0,0,1,0,0,0,1,76,4,3,5,4,60,13,9,4,0,19,2,2,0,0,111,16,17,34,51,0,0,0,0,0,0,0,0,0,0,0,0,0,0,0,0,0,0,0,0,0,0,0,2,0,0,0,1,1,1,1,0,0,1,0,0,0,0,4,1,1,2,3,0,0,0,0,0,0,0,0,0,0,0,0,0,0,0,0,0,0,0,0,0,0,0,0,0,0,0,0,0,0,0,0,0,0,0,0,0,0,0,0,0,0,0,0,0,0,0,0,0,0,0,0,0,0,0,0
Finney County Sheriff's Office,2013,Kansas,8092,KS02800,0,0,0,1,0,4,4,0,0,0,0,0,0,114,2,4,9,5,94,110,105,5,0,167,3,3,0,0,401,20,25,282,307,1,0,0,0,0,0,0,1,1,0,1,0,2,0,0,1,1,0,0,0,0,0,0,72,2,3,6,2,59,33,33,0,0,14,1,1,0,0,122,13,14,49,63,1,0,0,0,0,0,0,1,0,0,0,0,1,0,0,0,0,0,0,0,0,0,0,3,0,0,0,0,3,0,0,0,0,0,0,0,0,0,3,0,0,0,0,0,0,0,0,0,0,0,0,0,0,0,0,0,0,0,0,0,0,0,0,0,0,0,0,0,0,0,0,0,0,0,0,0,0,0,0,0,0,0,0,0,0,0,0,0,0,0,0,0,0,0,0,0,0,0,0
Finney County Sheriff's Office,2012,Kansas,8132,KS02800,0,0,0,0,0,8,8,0,3,0,0,0,3,103,6,3,10,7,77,57,44,12,1,140,6,3,2,1,319,26,37,205,242,0,0,0,0,1,0,0,1,1,0,1,0,2,0,0,3,3,0,2,0,0,0,2,72,5,1,6,5,55,4,3,1,0,9,1,1,0,0,91,17,22,14,36,0,0,0,0,0,0,0,0,0,0,0,0,0,0,0,3,3,0,0,0,0,0,0,3,2,0,0,0,1,0,0,0,0,0,1,1,0,0,7,2,5,1,6,0,0,0,0,0,0,0,0,0,0,0,0,0,0,0,0,0,0,0,0,0,0,0,0,0,0,0,0,0,0,0,0,0,0,0,0,0,0,0,0,0,0,0,0,0,0,0,0,0,0,0,0,0,0,0,0
Finney County Sheriff's Office,2011,Kansas,8076,KS02800,0,0,0,0,0,5,5,0,2,0,0,0,2,113,6,4,3,5,95,48,40,8,0,115,9,3,5,1,296,18,25,176,201,2,0,0,0,0,0,0,2,2,0,2,0,4,0,0,2,2,0,1,0,0,0,1,87,6,4,2,2,73,10,9,1,0,16,3,2,1,0,119,14,17,29,46,0,0,0,0,0,0,0,0,0,0,0,0,0,0,0,0,0,0,0,0,0,0,0,6,1,0,0,0,5,2,2,0,0,2,0,0,0,0,10,1,1,4,5,0,0,0,0,0,0,0,0,0,0,0,0,0,0,0,0,0,0,0,0,0,0,0,0,0,0,0,0,0,0,0,0,0,0,0,0,0,0,0,0,0,0,0,0,0,0,0,0,0,0,0,0,0,0,0,0
Finney County Sheriff's Office,2010,Kansas,8024,KS02800,0,0,0,0,0,5,5,0,0,0,0,0,0,144,1,11,5,1,126,75,57,16,2,170,11,5,5,1,407,18,23,258,281,1,0,0,0,0,0,0,1,1,0,1,0,2,0,0,3,3,0,0,0,0,0,0,119,0,9,7,1,102,9,5,4,0,16,1,0,1,0,148,17,20,26,46,0,0,0,0,0,0,0,0,0,0,0,0,0,0,0,1,1,0,0,0,0,0,0,4,0,0,1,0,3,0,0,0,0,2,0,0,0,0,7,1,2,2,4,0,0,0,0,0,0,0,0,0,0,0,0,0,0,0,0,0,0,0,0,0,0,0,0,0,0,0,0,0,0,0,0,0,0,0,0,0,0,0,0,0,0,0,0,0,0,0,0,0,0,0,0,0,0,0,0
Finney County Sheriff's Office,2009,Kansas,10534,KS02800,0,0,0,0,0,10,10,0,1,0,1,0,0,169,4,11,6,3,145,96,83,13,0,153,9,6,2,1,441,24,35,261,296,0,0,0,0,0,0,1,1,1,0,1,1,3,0,0,3,3,0,1,0,1,0,0,125,1,6,4,2,112,20,18,2,0,18,3,3,0,0,170,13,17,41,58,0,0,0,0,0,0,0,0,0,0,0,0,0,0,0,2,2,0,0,0,0,0,0,14,0,0,0,0,14,0,0,0,0,4,1,1,0,0,21,0,2,5,7,0,0,0,0,0,0,0,0,0,0,0,0,0,0,0,0,0,0,0,0,0,0,0,0,0,0,0,0,0,0,0,0,0,0,0,0,0,0,0,0,0,0,0,0,0,0,0,0,0,0,0,0,0,0,0,0
Finney County Sheriff's Office,2008,Kansas,10435,KS02800,0,0,0,0,0,11,10,1,3,1,0,0,2,181,18,4,5,8,146,65,52,13,0,180,16,10,3,3,458,35,49,263,312,1,0,0,0,0,0,0,1,0,0,0,1,2,0,0,3,3,0,2,0,0,0,2,129,8,3,4,6,108,3,2,1,0,13,5,4,0,1,156,21,26,22,48,0,0,0,0,0,0,0,0,0,0,0,1,1,0,0,1,1,0,0,0,0,0,0,17,2,0,1,1,13,1,1,0,0,0,1,1,0,0,21,4,5,3,8,0,0,0,0,0,0,0,0,0,0,0,1,1,0,0,0,0,0,0,0,0,0,0,0,0,0,0,0,0,0,0,0,0,0,0,0,0,0,0,0,0,0,0,0,0,0,0,0,0,0,0,0,0,0,0,0
Finney County Sheriff's Office,2007,Kansas,10031,KS02800,0,0,0,1,0,5,4,1,3,0,0,0,3,160,10,4,13,11,122,95,79,16,0,180,18,10,1,7,469,38,47,300,347,2,0,0,0,0,0,0,2,2,0,2,3,7,1,0,0,0,0,1,0,0,0,1,109,4,4,7,8,86,8,6,2,0,15,5,4,0,1,141,23,25,30,55,0,0,0,0,0,0,0,0,0,0,0,2,2,0,0,0,0,0,0,0,0,0,0,21,2,0,1,0,18,2,1,1,0,3,1,0,0,1,27,3,3,6,9,0,0,0,0,0,0,0,0,0,0,0,0,0,0,0,0,0,0,0,0,0,0,0,0,0,0,0,0,0,0,0,0,0,0,0,0,0,0,0,0,0,0,0,0,0,0,0,0,0,0,0,0,0,0,0,0
Finney County Sheriff's Office,2006,Kansas,10073,KS02800,0,0,0,0,0,5,4,1,3,0,2,0,1,114,15,1,7,4,87,64,49,15,0,204,13,5,3,5,409,27,35,287,322,1,0,0,0,0,0,0,1,5,0,5,0,6,0,0,3,3,0,1,0,1,0,0,66,3,0,5,1,57,9,5,4,0,20,6,2,1,3,106,9,13,36,49,1,0,0,0,0,0,0,1,0,0,0,0,1,0,0,0,0,0,0,0,0,0,0,7,2,0,2,0,3,2,2,0,0,1,2,0,0,2,12,4,4,5,9,0,0,0,0,0,0,0,0,0,0,0,0,0,0,0,0,0,0,0,0,0,0,0,0,0,0,0,0,0,0,0,0,0,0,0,0,0,0,0,0,0,0,0,0,0,0,0,0,0,0,0,0,0,0,0,0
Finney County Sheriff's Office,2005,Kansas,10049,KS02800,0,0,0,0,0,9,9,0,0,0,0,0,0,132,6,3,10,7,106,55,39,16,0,157,15,10,2,3,370,26,35,229,264,1,0,0,0,1,0,0,2,0,0,0,0,2,0,0,2,2,0,0,0,0,0,0,95,3,2,9,2,79,9,6,3,0,9,2,2,0,0,117,16,18,20,38,0,0,0,0,0,0,0,0,0,0,0,0,0,0,0,0,0,0,0,0,0,0,0,6,2,0,0,0,4,1,1,0,0,0,1,1,0,0,8,2,2,2,4,0,0,0,0,0,0,0,0,0,0,0,0,0,0,0,0,0,0,0,0,0,0,0,0,0,0,0,0,0,0,0,0,0,0,0,0,0,0,0,0,0,0,0,0,0,0,0,0,0,0,0,0,0,0,0,0
Finney County Sheriff's Office,2004,Kansas,10068,KS02800,0,0,0,0,0,2,2,0,3,1,0,1,1,127,3,4,10,3,107,77,52,23,2,197,18,11,3,4,429,20,25,297,322,1,0,0,0,0,0,0,1,4,0,4,0,5,0,0,1,1,0,1,1,0,0,0,92,2,2,9,1,78,5,3,2,0,10,5,5,0,0,116,14,16,22,38,0,0,0,0,0,0,0,0,1,0,1,1,2,0,0,0,0,0,0,0,0,0,0,8,1,2,1,0,4,0,0,0,0,2,2,2,0,0,12,4,4,4,8,0,0,0,0,0,0,0,0,0,0,0,0,0,0,0,0,0,0,0,0,0,0,0,0,0,0,0,0,0,0,0,0,0,0,0,0,0,0,0,0,0,0,0,0,0,0,0,0,0,0,0,0,0,0,0,0
Finney County Sheriff's Office,2003,Kansas,10113,KS02800,0,0,0,0,0,7,7,0,0,0,0,0,0,136,0,2,15,3,116,128,91,36,1,247,20,8,6,6,547,20,27,404,431,1,0,2,0,0,0,0,3,3,0,3,3,9,0,0,1,1,0,0,0,0,0,0,71,0,2,4,1,64,7,4,3,0,11,3,3,0,0,94,7,8,22,30,1,0,0,0,0,0,0,1,0,0,0,0,1,0,0,0,0,0,0,0,0,0,0,5,0,0,1,0,4,1,1,0,0,0,3,3,0,0,9,1,1,4,5,0,0,0,0,0,0,0,0,0,0,0,0,0,0,0,0,0,0,0,0,0,0,0,0,0,0,0,0,0,0,0,0,0,0,0,0,0,0,0,0,0,0,0,0,0,0,0,0,0,0,0,0,0,0,0,0
Finney County Sheriff's Office,2002,Kansas,10149,KS02800,0,0,0,0,0,12,12,0,3,2,1,0,0,168,7,9,28,1,123,111,80,31,0,258,30,17,8,5,598,45,60,415,475,2,0,0,0,0,0,1,3,8,1,9,4,16,0,0,2,2,0,1,0,1,0,0,81,2,2,10,0,67,7,6,1,0,7,2,1,1,0,100,14,17,16,33,0,0,0,0,0,0,0,0,0,0,0,0,0,0,0,0,0,0,0,0,0,0,0,7,2,1,0,0,4,2,2,0,0,1,1,1,0,0,11,3,3,4,7,0,0,0,0,0,0,0,0,0,0,0,0,0,0,0,0,0,0,0,0,0,0,0,0,0,0,0,0,0,0,0,0,0,0,0,0,0,0,0,0,0,0,0,0,0,0,0,0,0,0,0,0,0,0,0,0
Finney County Sheriff's Office,2001,Kansas,10069,KS02800,0,0,0,0,0,20,19,1,1,0,0,1,0,212,3,5,25,3,176,215,175,39,1,311,33,19,12,2,802,36,57,569,626,7,0,1,0,0,0,0,8,0,0,0,2,10,0,0,3,3,0,0,0,0,0,0,108,2,3,7,2,94,10,5,4,1,18,2,1,1,0,141,14,17,30,47,0,0,0,0,0,0,0,0,0,0,0,0,0,0,0,0,0,0,0,0,0,0,0,9,0,1,0,0,8,4,1,2,1,5,1,1,0,0,19,1,1,10,11,0,0,0,0,0,0,0,0,0,0,0,0,0,0,0,0,0,0,0,0,0,0,0,0,0,0,0,0,0,0,0,0,0,0,0,0,0,0,0,0,0,0,0,0,0,0,0,0,0,0,0,0,0,0,0,0
Finney County Sheriff's Office,2000,Kansas,10046,KS02800,0,0,0,2,0,7,7,0,1,0,0,0,1,212,10,8,21,1,172,116,86,30,0,372,45,28,12,5,755,40,50,533,583,0,0,0,0,0,0,0,0,0,0,0,0,0,1,0,2,2,0,0,0,0,0,0,127,9,6,13,0,99,7,3,4,0,13,12,7,4,1,162,28,31,32,63,0,0,0,0,0,0,0,0,0,0,0,0,0,0,0,0,0,0,0,0,0,0,0,9,1,0,3,0,5,2,1,1,0,1,4,2,1,1,16,4,4,7,11,0,0,0,0,0,0,0,0,0,0,0,0,0,0,0,0,0,0,0,0,0,0,0,0,0,0,0,0,0,0,0,0,0,0,0,0,0,0,0,0,0,0,0,0,0,0,0,0,0,0,0,0,0,0,0,0
Finney County Sheriff's Office,1999,Kansas,,KS02800,,,,,,,,,,,,,,,,,,,,,,,,,,,,,,,,,,,,,,,,,,,,,,,,,,,,,,,,,,,,,,,,,,,,,,,,,,,,,,,,,,,,,,,,,,,,,,,,,,,,,,,,,,,,,,,,,,,,,,,,,,,,,,,,,,,,,,,,,,,,,,,,,,,,,,,,,,,,,,,,,,,,,,,,,,,,,,,
Finney County Sheriff's Office,1998,Kansas,,KS02800,,,,,,,,,,,,,,,,,,,,,,,,,,,,,,,,,,,,,,,,,,,,,,,,,,,,,,,,,,,,,,,,,,,,,,,,,,,,,,,,,,,,,,,,,,,,,,,,,,,,,,,,,,,,,,,,,,,,,,,,,,,,,,,,,,,,,,,,,,,,,,,,,,,,,,,,,,,,,,,,,,,,,,,,,,,,,,,
Finney County Sheriff's Office,1997,Kansas,,KS02800,,,,,,,,,,,,,,,,,,,,,,,,,,,,,,,,,,,,,,,,,,,,,,,,,,,,,,,,,,,,,,,,,,,,,,,,,,,,,,,,,,,,,,,,,,,,,,,,,,,,,,,,,,,,,,,,,,,,,,,,,,,,,,,,,,,,,,,,,,,,,,,,,,,,,,,,,,,,,,,,,,,,,,,,,,,,,,,
Finney County Sheriff's Office,1996,Kansas,,KS02800,,,,,,,,,,,,,,,,,,,,,,,,,,,,,,,,,,,,,,,,,,,,,,,,,,,,,,,,,,,,,,,,,,,,,,,,,,,,,,,,,,,,,,,,,,,,,,,,,,,,,,,,,,,,,,,,,,,,,,,,,,,,,,,,,,,,,,,,,,,,,,,,,,,,,,,,,,,,,,,,,,,,,,,,,,,,,,,
Finney County Sheriff's Office,1995,Kansas,,KS02800,,,,,,,,,,,,,,,,,,,,,,,,,,,,,,,,,,,,,,,,,,,,,,,,,,,,,,,,,,,,,,,,,,,,,,,,,,,,,,,,,,,,,,,,,,,,,,,,,,,,,,,,,,,,,,,,,,,,,,,,,,,,,,,,,,,,,,,,,,,,,,,,,,,,,,,,,,,,,,,,,,,,,,,,,,,,,,,
Finney County Sheriff's Office,1994,Kansas,,KS02800,,,,,,,,,,,,,,,,,,,,,,,,,,,,,,,,,,,,,,,,,,,,,,,,,,,,,,,,,,,,,,,,,,,,,,,,,,,,,,,,,,,,,,,,,,,,,,,,,,,,,,,,,,,,,,,,,,,,,,,,,,,,,,,,,,,,,,,,,,,,,,,,,,,,,,,,,,,,,,,,,,,,,,,,,,,,,,,
Finney County Sheriff's Office,1993,Kansas,,KS02800,,,,,,,,,,,,,,,,,,,,,,,,,,,,,,,,,,,,,,,,,,,,,,,,,,,,,,,,,,,,,,,,,,,,,,,,,,,,,,,,,,,,,,,,,,,,,,,,,,,,,,,,,,,,,,,,,,,,,,,,,,,,,,,,,,,,,,,,,,,,,,,,,,,,,,,,,,,,,,,,,,,,,,,,,,,,,,,
Finney County Sheriff's Office,1992,Kansas,7711,KS02800,0,0,0,0,0,2,2,0,1,0,0,0,1,229,10,6,3,11,199,145,91,46,8,290,19,9,3,7,687,30,33,455,488,1,0,0,0,0,0,0,1,0,0,0,0,1,0,0,3,3,0,0,0,0,0,0,219,9,7,2,11,190,32,22,10,0,74,10,6,2,2,338,29,32,116,148,0,0,0,0,0,0,0,0,0,0,0,0,0,0,0,0,0,0,0,0,0,0,0,11,1,0,0,0,10,8,6,2,0,14,1,0,0,1,34,1,1,23,24,0,0,0,0,0,0,0,0,0,0,0,0,0,0,0,1,1,0,1,1,0,0,0,56,0,3,1,3,49,5,2,3,0,21,6,5,1,0,90,7,9,32,41,0,0,0,0,0,0,0,0,0,0,0,0,0
Finney County Sheriff's Office,1991,Kansas,7626,KS02800,0,0,1,2,0,8,8,0,0,0,0,0,0,95,3,13,3,6,70,162,102,56,4,328,26,16,7,3,625,25,35,520,555,2,0,0,0,0,0,0,2,0,0,0,2,4,1,0,4,4,0,0,0,0,0,0,81,3,10,1,4,63,25,13,11,1,61,12,8,4,0,184,18,23,98,121,0,0,0,0,0,0,0,0,0,0,0,0,0,0,0,0,0,0,0,0,0,0,0,0,0,0,0,0,0,3,3,0,0,9,1,0,1,0,13,0,0,13,13,0,0,0,0,0,0,0,0,0,0,0,0,0,0,0,1,1,0,1,0,0,0,1,2,0,0,0,0,2,4,0,4,0,19,7,5,0,2,34,0,2,30,32,0,0,0,0,0,0,0,0,0,0,0,0,0
Finney County Sheriff's Office,1990,Kansas,7573,KS02800,0,0,2,1,0,4,4,0,1,1,0,0,0,133,9,7,4,5,108,112,65,39,8,293,16,8,5,3,561,25,31,422,453,0,0,0,0,0,0,0,0,0,0,0,1,1,1,0,3,3,0,0,0,0,0,0,66,7,5,0,4,50,13,8,5,0,30,4,3,1,0,117,16,20,47,67,0,0,0,0,0,0,0,0,0,0,0,0,0,0,0,0,0,0,0,0,0,0,0,2,0,0,0,1,1,0,0,0,0,0,0,0,0,0,2,1,1,0,1,0,0,0,0,0,0,0,0,0,0,0,0,0,0,0,2,2,0,0,0,0,0,0,3,1,0,0,0,2,4,0,4,0,13,2,1,1,0,25,1,3,20,23,0,0,0,0,0,0,0,0,0,0,0,1,1
Finney County Sheriff's Office,1989,Kansas,6012,KS02800,0,0,4,1,0,8,8,0,2,1,0,1,0,173,10,10,4,14,135,152,82,66,4,281,24,16,7,1,645,38,49,461,510,1,0,0,0,0,0,0,1,0,0,0,3,4,0,0,6,6,0,1,0,0,1,0,140,12,12,7,8,101,13,5,7,1,50,14,8,4,2,224,39,46,77,123,0,0,0,0,0,0,0,0,0,0,0,0,0,0,0,0,0,0,0,0,0,0,0,6,3,1,0,2,0,2,1,0,1,1,1,0,1,0,10,6,6,4,10,0,0,0,0,0,0,0,0,0,0,0,0,0,0,0,1,0,1,0,0,0,0,0,4,0,0,0,0,4,0,0,0,0,12,7,6,1,0,24,0,1,19,20,0,0,0,0,0,0,0,0,0,0,0,0,0
Finney County Sheriff's Office,1988,Kansas,6125,KS02800,0,0,2,0,0,6,6,0,0,0,0,0,0,180,8,7,2,9,154,119,73,37,9,316,28,20,5,3,658,26,32,472,504,1,0,0,0,1,0,0,2,1,0,1,6,9,3,0,5,5,0,0,0,0,0,0,132,6,5,0,9,112,22,17,5,0,58,9,8,1,0,229,20,28,89,117,0,0,0,0,0,0,0,0,0,0,0,0,0,0,0,0,0,0,0,0,0,0,0,2,0,0,0,0,2,2,2,0,0,2,0,0,0,0,6,0,0,4,4,0,0,0,0,0,0,0,0,0,0,0,0,0,0,0,1,0,1,0,0,0,0,0,0,0,0,0,0,0,3,0,3,0,20,10,6,3,1,34,0,1,33,34,0,0,0,0,0,0,0,0,0,0,0,0,0
Finney County Sheriff's Office,1987,Kansas,6119,KS02800,0,0,0,4,0,1,1,0,2,0,0,0,2,167,10,7,10,7,133,94,59,33,2,293,19,10,7,2,586,34,41,412,453,0,0,0,0,1,0,0,1,3,0,3,2,6,2,0,0,0,0,1,0,0,0,1,131,8,7,4,7,105,17,12,5,0,59,6,3,2,1,216,26,29,82,111,0,0,0,0,0,0,0,0,0,0,0,0,0,0,0,0,0,0,0,0,0,0,0,0,0,0,0,0,0,0,0,0,0,5,2,2,0,0,7,0,0,7,7,0,0,0,0,0,0,0,0,0,0,0,0,0,0,0,1,1,0,0,0,0,0,0,9,2,3,0,0,4,2,0,1,1,19,5,2,3,0,36,5,6,26,32,0,0,0,0,0,0,0,0,0,0,0,0,0
Finney County Sheriff's Office,1986,Kansas,7187,KS02800,0,0,3,2,0,1,1,0,0,0,0,0,0,155,12,4,14,7,118,101,62,34,5,261,20,7,8,5,541,37,40,383,423,0,0,0,0,0,0,0,0,1,0,1,0,1,0,0,1,1,0,0,0,0,0,0,119,6,4,6,6,97,9,8,1,0,40,2,1,0,1,171,22,23,51,74,0,0,0,0,0,0,0,0,0,0,0,0,0,0,0,0,0,0,0,0,0,0,0,1,0,1,0,0,0,1,1,0,0,0,0,0,0,0,2,1,1,1,2,0,0,0,0,0,0,0,0,0,0,0,0,0,0,0,1,1,0,0,0,0,0,0,4,0,0,0,0,4,6,3,3,0,14,7,6,1,0,32,0,1,27,28,0,0,0,0,0,0,0,0,0,0,0,0,0
Finney County Sheriff's Office,1985,Kansas,8564,KS02800,0,0,1,0,1,5,3,2,2,0,0,0,2,127,7,6,9,6,99,97,68,26,3,287,24,15,6,3,548,28,35,413,448,2,0,0,1,0,0,0,3,2,0,2,0,5,0,0,4,3,1,0,0,0,0,0,87,8,4,5,4,66,8,5,1,2,47,2,1,1,0,148,21,25,57,82,0,0,0,0,0,0,0,0,0,0,0,0,0,0,0,0,0,0,0,0,0,0,0,0,0,0,0,0,0,1,1,0,0,3,1,1,0,0,5,0,0,5,5,0,0,0,0,0,0,0,0,0,0,0,0,0,0,0,4,4,0,1,0,0,0,1,3,1,0,0,0,2,1,0,0,1,18,5,3,0,2,34,1,6,26,32,2,0,0,0,0,0,0,2,0,0,0,0,2
Finney County Sheriff's Office,1984,Kansas,6458,KS02800,0,0,2,1,0,4,4,0,0,0,0,0,0,98,8,11,5,2,72,77,39,29,9,234,18,11,4,3,436,26,31,333,364,2,0,0,0,1,0,0,3,1,0,1,0,4,1,0,4,4,0,0,0,0,0,0,73,5,9,4,0,55,11,7,3,1,35,1,1,0,0,125,18,23,47,70,0,0,0,0,0,0,0,0,0,0,0,0,0,0,0,0,0,0,0,0,0,0,0,4,0,2,0,0,2,2,2,0,0,6,0,0,0,0,12,2,2,8,10,0,0,0,0,0,0,0,0,0,0,0,0,0,0,0,2,2,0,0,0,0,0,0,2,0,0,0,0,2,1,0,0,1,8,5,2,3,0,19,0,2,15,17,1,0,0,0,0,0,0,1,0,0,0,0,1
Finney County Sheriff's Office,1983,Kansas,5725,KS02800,0,0,0,0,0,2,1,1,0,0,0,0,0,81,5,11,5,13,47,89,52,30,7,213,22,12,6,4,413,34,36,330,366,1,0,0,0,0,0,0,1,3,2,5,0,6,0,0,2,1,1,0,0,0,0,0,58,5,5,4,9,35,12,6,6,0,32,6,2,2,2,111,23,25,51,76,0,0,0,0,0,0,0,0,0,1,1,0,1,0,0,0,0,0,0,0,0,0,0,5,1,0,1,1,2,2,1,1,0,3,0,0,0,0,10,3,3,5,8,0,0,0,0,0,0,0,0,0,0,0,0,0,1,0,1,1,0,2,0,1,0,1,2,0,0,0,0,2,3,1,2,0,15,4,4,0,0,29,0,4,23,27,0,0,0,1,0,0,0,1,0,0,0,0,1
Finney County Sheriff's Office,1982,Kansas,5685,KS02800,0,0,5,0,0,2,1,1,3,2,0,0,1,46,9,4,2,3,28,117,80,31,6,304,22,13,2,7,497,18,23,446,469,1,0,0,1,1,0,0,3,0,0,0,0,3,0,0,1,1,0,3,2,0,0,1,40,8,3,2,2,25,20,13,7,0,52,3,1,1,1,119,15,19,75,94,0,0,0,0,0,0,0,0,0,0,0,0,0,0,0,0,0,0,0,0,0,0,0,1,0,0,1,0,0,1,0,1,0,3,1,0,0,1,6,1,1,5,6,0,0,0,0,0,0,0,0,0,0,0,0,0,0,0,0,0,0,0,0,0,0,0,0,0,0,0,0,0,0,0,0,0,0,0,0,0,0,0,0,0,0,0,0,0,0,0,0,0,0,0,0,0,0,0,0
Finney County Sheriff's Office,1981,Kansas,5621,KS02800,0,0,6,1,0,5,1,4,2,0,1,1,0,47,9,1,5,3,29,122,69,49,4,229,24,11,4,9,434,18,26,379,405,1,0,0,0,1,0,1,3,1,0,1,0,4,1,0,3,1,2,1,0,0,1,0,44,8,1,5,4,26,23,9,10,4,57,5,5,0,0,134,18,23,85,108,0,0,0,0,0,0,0,0,0,0,0,0,0,0,0,0,0,0,0,0,0,0,0,3,0,0,2,0,1,4,0,3,1,12,1,1,0,0,20,2,2,17,19,0,0,0,0,0,0,0,0,0,0,0,0,0,0,0,0,0,0,0,0,0,0,0,0,0,0,0,0,0,0,0,0,0,0,0,0,0,0,0,0,0,0,0,0,0,0,0,0,0,0,0,0,0,0,0,0
Finney County Sheriff's Office,1980,Kansas,5559,KS02800,0,0,3,0,0,2,2,0,6,4,1,0,1,50,8,0,4,2,36,131,78,44,9,213,22,7,12,3,426,14,22,368,390,0,0,0,0,0,0,0,0,1,0,1,1,2,0,0,2,2,0,2,2,0,0,0,36,7,0,4,0,25,11,6,5,0,30,5,3,2,0,86,11,15,46,61,0,0,0,0,0,0,0,0,0,0,0,0,0,0,0,0,0,0,0,0,0,0,0,1,0,0,0,0,1,2,0,2,0,10,3,1,2,0,16,0,0,15,15,0,0,0,0,0,0,0,0,0,0,0,0,0,0,0,0,0,0,0,0,0,0,0,0,0,0,0,0,0,0,0,0,0,0,0,0,0,0,1,0,0,1,1,0,0,0,0,0,0,1,1,0,0,0,0,1
Finney County Sheriff's Office,1979,Kansas,5250,KS02800,0,0,3,1,0,0,0,0,2,1,0,0,1,49,12,7,1,4,25,99,66,25,8,229,22,11,4,7,402,24,27,350,377,0,0,0,0,0,0,0,0,0,0,0,0,0,1,0,2,1,1,4,3,1,0,0,43,6,7,1,4,25,14,11,1,2,43,10,4,6,0,117,18,25,67,92,0,0,0,0,0,0,0,0,0,0,0,0,0,0,0,0,0,0,0,0,0,0,0,3,1,0,0,0,2,7,5,1,1,16,3,2,1,0,29,1,1,26,27,0,0,0,0,0,0,0,0,0,0,0,0,0,0,0,0,0,0,0,0,0,0,0,0,0,0,0,0,0,0,0,0,0,0,0,0,0,0,0,0,0,0,0,0,0,0,0,0,0,0,0,0,0,0,0,0
Finney County Sheriff's Office,1978,Kansas,7991,KS02800,0,0,2,0,0,2,1,1,2,1,1,0,0,34,5,3,1,10,15,119,79,35,5,166,20,5,12,3,343,19,23,305,328,,,,,,,,,,,,,,0,0,0,0,0,0,0,0,0,0,18,2,1,0,5,10,31,14,15,2,27,10,3,5,2,86,8,8,68,76,,,,,,,,,,,,,,0,0,0,0,0,0,0,0,0,0,1,0,0,0,0,1,21,9,11,1,14,4,1,1,2,40,0,0,39,39,,,,,,,,,,,,,,0,0,0,0,0,0,0,0,0,0,0,0,0,0,0,0,0,0,0,0,0,0,0,0,0,0,0,0,0,0,,,,,,,,,,,,,
Finney County Sheriff's Office,1977,Kansas,6897,KS02800,0,0,2,0,0,0,0,0,1,1,0,0,0,18,5,2,3,8,0,94,60,25,9,190,30,9,17,4,333,18,19,314,333,,,,,,,,,,,,,,0,0,0,0,0,0,0,0,0,0,18,5,2,2,9,0,39,28,7,4,34,13,5,8,0,104,18,18,86,104,,,,,,,,,,,,,,0,0,0,0,0,0,0,0,0,0,0,0,0,0,0,0,24,19,4,1,8,0,0,0,0,32,0,0,32,32,,,,,,,,,,,,,,0,0,0,0,0,0,0,0,0,0,0,0,0,0,0,0,0,0,0,0,0,0,0,0,0,0,0,0,0,0,,,,,,,,,,,,,
Finney County Sheriff's Office,1976,Kansas,5510,KS02800,0,0,0,0,0,2,2,0,2,0,0,0,2,13,5,0,1,7,0,117,80,28,9,189,14,3,9,2,337,13,17,320,337,,,,,,,,,,,,,,0,0,1,1,0,0,0,0,0,0,8,4,0,0,4,0,21,16,3,2,14,11,1,9,1,55,8,9,46,55,,,,,,,,,,,,,,0,0,0,0,0,0,0,0,0,0,0,0,0,0,0,0,12,9,2,1,2,3,1,2,0,17,0,0,17,17,,,,,,,,,,,,,,0,0,0,0,0,0,0,0,0,0,0,0,0,0,0,0,0,0,0,0,0,0,0,0,0,0,0,0,0,0,,,,,,,,,,,,,
Finney County Sheriff's Office,1975,Kansas,5188,KS02800,0,0,0,0,0,0,0,0,0,0,0,0,0,12,2,2,2,3,3,86,57,25,4,164,11,3,8,0,273,9,9,261,270,,,,,,,,,,,,,,0,0,0,0,0,0,0,0,0,0,10,1,1,2,3,3,18,14,4,0,22,10,3,7,0,60,7,7,50,57,,,,,,,,,,,,,,0,0,0,0,0,0,0,0,0,0,0,0,0,0,0,0,8,5,3,0,3,1,0,1,0,12,0,0,12,12,,,,,,,,,,,,,,0,0,0,0,0,0,0,0,0,0,0,0,0,0,0,0,0,0,0,0,0,0,0,0,0,0,0,0,0,0,,,,,,,,,,,,,
Finney County Sheriff's Office,1974,Kansas,4458,KS02800,0,0,0,0,0,0,0,0,0,0,0,0,0,19,4,0,1,8,6,67,43,23,1,119,6,2,4,0,211,13,13,192,205,,,,,,,,,,,,,,0,0,0,0,0,0,0,0,0,0,17,4,0,1,6,6,13,13,0,0,21,5,1,4,0,56,11,11,39,50,,,,,,,,,,,,,,0,0,0,0,0,0,0,0,0,0,1,1,0,0,0,0,4,4,0,0,5,0,0,0,0,10,1,1,9,10,,,,,,,,,,,,,,0,0,0,0,0,0,0,0,0,0,0,0,0,0,0,0,0,0,0,0,0,0,0,0,0,0,0,0,0,0,,,,,,,,,,,,,
Finney County Sheriff's Office,1973,Kansas,4767,KS02800,0,0,0,1,1,2,2,0,0,0,0,0,0,15,4,0,0,10,1,63,44,16,3,79,6,6,0,0,166,14,17,148,165,,,,,,,,,,,,,,1,1,1,1,0,0,0,0,0,0,13,2,0,1,9,1,9,9,0,0,18,2,2,0,0,44,12,14,29,43,,,,,,,,,,,,,,0,0,0,0,0,0,0,0,0,0,0,0,0,0,0,0,0,0,0,0,0,0,0,0,0,0,0,0,0,0,,,,,,,,,,,,,,0,0,0,0,0,0,0,0,0,0,0,0,0,0,0,0,0,0,0,0,0,0,0,0,0,0,0,0,0,0,,,,,,,,,,,,,
Finney County Sheriff's Office,1972,Kansas,4246,KS02800,0,0,0,1,0,1,0,1,1,0,0,0,1,11,1,0,0,6,4,56,38,14,4,103,8,8,0,0,177,7,10,167,177,,,,,,,,,,,,,,1,0,1,0,1,0,0,0,0,0,8,1,0,0,2,5,5,5,0,0,8,3,3,0,0,21,3,5,16,21,,,,,,,,,,,,,,0,0,0,0,0,0,0,0,0,0,0,0,0,0,0,0,0,0,0,0,0,1,1,0,0,1,0,0,1,1,,,,,,,,,,,,,,0,0,0,0,0,0,0,0,0,0,0,0,0,0,0,0,0,0,0,0,0,0,0,0,0,0,0,0,0,0,,,,,,,,,,,,,
Finney County Sheriff's Office,1971,Kansas,4090,KS02800,0,0,0,1,1,4,2,2,0,0,0,0,0,19,2,2,0,8,7,34,23,8,3,125,15,15,0,0,192,12,17,174,191,,,,,,,,,,,,,,1,1,4,2,2,0,0,0,0,0,13,1,2,0,7,3,11,8,3,0,19,10,10,0,0,56,10,15,40,55,,,,,,,,,,,,,,0,0,0,0,0,0,0,0,0,0,2,0,2,0,0,0,3,2,1,0,0,1,1,0,0,6,2,2,4,6,,,,,,,,,,,,,,0,0,0,0,0,0,0,0,0,0,0,0,0,0,0,0,0,0,0,0,0,0,0,0,0,0,0,0,0,0,,,,,,,,,,,,,
Finney County Sheriff's Office,1970,Kansas,4239,KS02800,0,0,0,0,0,0,0,0,1,1,0,0,0,1,0,0,0,0,1,29,29,0,0,91,0,0,0,0,121,0,1,120,121,,,,,,,,,,,,,,0,0,0,0,0,0,0,0,0,0,1,0,0,0,0,1,11,11,0,0,9,0,0,0,0,20,0,0,20,20,,,,,,,,,,,,,,0,0,0,0,0,0,0,0,0,0,0,0,0,0,0,0,2,2,0,0,1,0,0,0,0,3,0,0,3,3,,,,,,,,,,,,,,0,0,0,0,0,0,0,0,0,0,0,0,0,0,0,0,0,0,0,0,0,0,0,0,0,0,0,0,0,0,,,,,,,,,,,,,
Finney County Sheriff's Office,1969,Kansas,4786,KS02800,0,0,0,0,1,1,1,0,1,0,0,0,1,3,0,1,0,1,1,18,15,3,0,77,5,5,0,0,105,2,4,100,104,,,,,,,,,,,,,,0,1,1,1,0,1,0,0,0,1,2,0,1,0,1,0,5,4,1,0,9,2,2,0,0,21,2,4,16,20,,,,,,,,,,,,,,0,0,0,0,0,0,0,0,0,0,0,0,0,0,0,0,3,3,0,0,5,1,1,0,0,9,0,0,9,9,,,,,,,,,,,,,,0,0,0,0,0,0,0,0,0,0,0,0,0,0,0,0,0,0,0,0,0,0,0,0,0,0,0,0,0,0,,,,,,,,,,,,,
Finney County Sheriff's Office,1968,Kansas,4698,KS02800,0,0,0,0,0,2,2,0,0,0,0,0,0,9,0,1,0,6,2,10,1,8,1,68,1,1,0,0,88,7,9,79,88,,,,,,,,,,,,,,0,0,0,0,0,0,0,0,0,0,9,0,1,0,6,2,5,1,3,1,25,1,1,0,0,38,7,7,31,38,,,,,,,,,,,,,,0,0,0,0,0,0,0,0,0,0,0,0,0,0,0,0,1,1,0,0,13,0,0,0,0,14,0,0,14,14,,,,,,,,,,,,,,0,0,0,0,0,0,0,0,0,0,0,0,0,0,0,0,0,0,0,0,0,0,0,0,0,0,0,0,0,0,,,,,,,,,,,,,
Finney County Sheriff's Office,1967,Kansas,4658,KS02800,0,0,0,0,1,1,0,1,1,1,0,0,0,10,0,0,3,6,1,21,11,10,0,74,9,9,0,0,116,9,11,104,115,,,,,,,,,,,,,,0,0,1,0,1,0,0,0,0,0,7,0,0,2,4,1,10,4,6,0,31,5,5,0,0,53,6,7,46,53,,,,,,,,,,,,,,0,0,0,0,0,0,0,0,0,0,0,0,0,0,0,0,2,0,2,0,2,0,0,0,0,4,0,0,4,4,,,,,,,,,,,,,,0,0,0,0,0,0,0,0,0,0,0,0,0,0,0,0,0,0,0,0,0,0,0,0,0,0,0,0,0,0,,,,,,,,,,,,,
Finney County Sheriff's Office,1966,Kansas,4171,KS02800,0,0,0,1,0,1,1,0,0,0,0,0,0,8,0,0,1,5,2,18,16,2,0,54,4,4,0,0,84,6,8,76,84,,,,,,,,,,,,,,1,0,1,1,0,0,0,0,0,0,8,0,0,1,5,2,10,9,1,0,9,2,2,0,0,29,6,8,21,29,,,,,,,,,,,,,,0,0,0,0,0,0,0,0,0,0,2,0,0,0,2,0,4,4,0,0,3,0,0,0,0,9,2,2,7,9,,,,,,,,,,,,,,0,0,0,0,0,0,0,0,0,0,0,0,0,0,0,0,0,0,0,0,0,0,0,0,0,0,0,0,0,0,,,,,,,,,,,,,
Finney County Sheriff's Office,1965,Kansas,4055,KS02800,0,0,0,0,0,1,0,1,0,0,0,0,0,4,1,0,0,3,0,33,32,0,1,46,2,2,0,0,86,4,5,81,86,,,,,,,,,,,,,,0,0,1,0,1,0,0,0,0,0,4,1,0,0,3,0,16,16,0,0,9,1,1,0,0,31,4,5,26,31,,,,,,,,,,,,,,0,0,0,0,0,0,0,0,0,0,0,0,0,0,0,0,6,6,0,0,1,0,0,0,0,7,0,0,7,7,,,,,,,,,,,,,,0,0,0,0,0,0,0,0,0,0,0,0,0,0,0,0,0,0,0,0,0,0,0,0,0,0,0,0,0,0,,,,,,,,,,,,,
Finney County Sheriff's Office,1964,Kansas,4361,KS02800,0,0,0,0,0,0,0,0,2,0,0,0,2,1,0,0,0,0,1,21,17,3,1,48,6,6,0,0,77,0,2,75,77,,,,,,,,,,,,,,0,0,0,0,0,2,1,0,0,1,1,0,0,0,0,1,3,2,0,1,18,5,5,0,0,28,0,2,26,28,,,,,,,,,,,,,,0,0,0,0,0,0,0,0,0,0,0,0,0,0,0,0,1,0,0,1,6,3,3,0,0,10,0,0,10,10,,,,,,,,,,,,,,0,0,0,0,0,0,0,0,0,0,0,0,0,0,0,0,0,0,0,0,0,0,0,0,0,0,0,0,0,0,,,,,,,,,,,,,
Finney County Sheriff's Office,1963,Kansas,4229,KS02800,0,0,0,0,0,0,0,0,1,0,0,0,0,2,0,0,0,0,0,19,0,0,0,35,3,3,0,0,60,2,3,57,60,,,,,,,,,,,,,,0,0,0,0,0,0,0,0,0,0,0,0,0,0,0,0,0,0,0,0,0,0,0,0,0,0,0,0,0,0,,,,,,,,,,,,,,0,0,0,0,0,0,0,0,0,0,0,0,0,0,0,0,0,0,0,0,0,0,0,0,0,0,0,0,0,0,,,,,,,,,,,,,,0,0,0,0,0,0,0,0,0,0,0,0,0,0,0,0,0,0,0,0,0,0,0,0,0,0,0,0,0,0,,,,,,,,,,,,,
Finney County Sheriff's Office,1962,Kansas,4098,KS02800,0,0,0,0,0,0,0,0,0,0,0,0,0,1,0,0,0,0,0,24,0,0,0,48,5,5,0,0,78,1,1,77,78,,,,,,,,,,,,,,0,0,0,0,0,0,0,0,0,0,0,0,0,0,0,0,0,0,0,0,0,0,0,0,0,0,0,0,0,0,,,,,,,,,,,,,,0,0,0,0,0,0,0,0,0,0,0,0,0,0,0,0,0,0,0,0,0,0,0,0,0,0,0,0,0,0,,,,,,,,,,,,,,0,0,0,0,0,0,0,0,0,0,0,0,0,0,0,0,0,0,0,0,0,0,0,0,0,0,0,0,0,0,,,,,,,,,,,,,
Finney County Sheriff's Office,1961,Kansas,4282,KS02800,0,0,0,0,0,0,0,0,0,0,0,0,0,0,0,0,0,0,0,21,0,0,0,62,2,2,0,0,85,0,0,85,85,,,,,,,,,,,,,,0,0,0,0,0,0,0,0,0,0,0,0,0,0,0,0,0,0,0,0,0,0,0,0,0,0,0,0,0,0,,,,,,,,,,,,,,0,0,0,0,0,0,0,0,0,0,0,0,0,0,0,0,0,0,0,0,0,0,0,0,0,0,0,0,0,0,,,,,,,,,,,,,,0,0,0,0,0,0,0,0,0,0,0,0,0,0,0,0,0,0,0,0,0,0,0,0,0,0,0,0,0,0,,,,,,,,,,,,,
Finney County Sheriff's Office,1960,Kansas,4282,KS02800,0,0,0,0,0,2,0,0,1,0,0,0,0,2,0,0,0,0,0,7,0,0,0,62,6,6,0,0,80,2,5,75,80,,,,,,,,,,,,,,0,0,0,0,0,0,0,0,0,0,0,0,0,0,0,0,0,0,0,0,0,0,0,0,0,0,0,0,0,0,,,,,,,,,,,,,,0,0,0,0,0,0,0,0,0,0,0,0,0,0,0,0,0,0,0,0,0,0,0,0,0,0,0,0,0,0,,,,,,,,,,,,,,0,0,0,0,0,0,0,0,0,0,0,0,0,0,0,0,0,0,0,0,0,0,0,0,0,0,0,0,0,0,,,,,,,,,,,,,
