agency,year,state,population,ORI,officers_killed_by_felony,officers_killed_by_accident,officers_assaulted,actual_murder,actual_manslaughter,actual_rape_total,actual_rape_by_force,actual_rape_attempted,actual_robbery_total,actual_robbery_with_a_gun,actual_robbery_with_a_knife,actual_robbery_other_weapon,actual_robbery_unarmed,actual_assault_total,actual_assault_with_a_gun,actual_assault_with_a_knife,actual_assault_other_weapon,actual_assault_unarmed,actual_assault_simple,actual_burg_total,actual_burg_force_entry,actual_burg_nonforce_entry,actual_burg_attempted,actual_theft_total,actual_mtr_veh_theft_total,actual_mtr_veh_theft_car,actual_mtr_veh_theft_truck,actual_mtr_veh_theft_other,actual_all_crimes,actual_assault_aggravated,actual_index_violent,actual_index_property,actual_index_total,actual_arson_single_occupancy,actual_arson_other_residential,actual_arson_storage,actual_arson_industrial,actual_arson_other_commercial,actual_arson_community_public,actual_arson_all_oth_structures,actual_arson_total_structures,actual_arson_motor_vehicles,actual_arson_other_mobile,actual_arson_total_mobile,actual_arson_all_other,actual_arson_grand_total,tot_clr_murder,tot_clr_manslaughter,tot_clr_rape_total,tot_clr_rape_by_force,tot_clr_rape_attempted,tot_clr_robbery_total,tot_clr_robbery_with_a_gun,tot_clr_robbery_with_a_knife,tot_clr_robbery_other_weapon,tot_clr_robbery_unarmed,tot_clr_assault_total,tot_clr_assault_with_a_gun,tot_clr_assault_with_a_knife,tot_clr_assault_other_weapon,tot_clr_assault_unarmed,tot_clr_assault_simple,tot_clr_burg_total,tot_clr_burg_force_entry,tot_clr_burg_nonforce_entry,tot_clr_burg_attempted,tot_clr_theft_total,tot_clr_mtr_veh_theft_total,tot_clr_mtr_veh_theft_car,tot_clr_mtr_veh_theft_truck,tot_clr_mtr_veh_theft_other,tot_clr_all_crimes,tot_clr_assault_aggravated,tot_clr_index_violent,tot_clr_index_property,tot_clr_index_total,tot_clr_arson_single_occupancy,tot_clr_arson_other_residential,tot_clr_arson_storage,tot_clr_arson_industrial,tot_clr_arson_other_commercial,tot_clr_arson_community_public,tot_clr_arson_all_oth_structures,tot_clr_arson_total_structures,tot_clr_arson_motor_vehicles,tot_clr_arson_other_mobile,tot_clr_arson_total_mobile,tot_clr_arson_all_other,tot_clr_arson_grand_total,clr_18_murder,clr_18_manslaughter,clr_18_rape_total,clr_18_rape_by_force,clr_18_rape_attempted,clr_18_robbery_total,clr_18_robbery_with_a_gun,clr_18_robbery_with_a_knife,clr_18_robbery_other_weapon,clr_18_robbery_unarmed,clr_18_assault_total,clr_18_assault_with_a_gun,clr_18_assault_with_a_knife,clr_18_assault_other_weapon,clr_18_assault_unarmed,clr_18_assault_simple,clr_18_burg_total,clr_18_burg_force_entry,clr_18_burg_nonforce_entry,clr_18_burg_attempted,clr_18_theft_total,clr_18_mtr_veh_theft_total,clr_18_mtr_veh_theft_car,clr_18_mtr_veh_theft_truck,clr_18_mtr_veh_theft_other,clr_18_all_crimes,clr_18_assault_aggravated,clr_18_index_violent,clr_18_index_property,clr_18_index_total,clr_18_arson_single_occupancy,clr_18_arson_other_residential,clr_18_arson_storage,clr_18_arson_industrial,clr_18_arson_other_commercial,clr_18_arson_community_public,clr_18_arson_all_oth_structures,clr_18_arson_total_structures,clr_18_arson_motor_vehicles,clr_18_arson_other_mobile,clr_18_arson_total_mobile,clr_18_arson_all_other,clr_18_arson_grand_total,unfound_murder,unfound_manslaughter,unfound_rape_total,unfound_rape_by_force,unfound_rape_attempted,unfound_robbery_total,unfound_robbery_with_a_gun,unfound_robbery_with_a_knife,unfound_robbery_other_weapon,unfound_robbery_unarmed,unfound_assault_total,unfound_assault_with_a_gun,unfound_assault_with_a_knife,unfound_assault_other_weapon,unfound_assault_unarmed,unfound_assault_simple,unfound_burg_total,unfound_burg_force_entry,unfound_burg_nonforce_entry,unfound_burg_attempted,unfound_theft_total,unfound_mtr_veh_theft_total,unfound_mtr_veh_theft_car,unfound_mtr_veh_theft_truck,unfound_mtr_veh_theft_other,unfound_all_crimes,unfound_assault_aggravated,unfound_index_violent,unfound_index_property,unfound_index_total,unfound_arson_single_occupancy,unfound_arson_other_residential,unfound_arson_storage,unfound_arson_industrial,unfound_arson_other_commercial,unfound_arson_community_public,unfound_arson_all_oth_structures,unfound_arson_total_structures,unfound_arson_motor_vehicles,unfound_arson_other_mobile,unfound_arson_total_mobile,unfound_arson_all_other,unfound_arson_grand_total
Sp: Alger County,2022,Michigan,0,MI02002,0,0,0,0,0,3,3,0,0,0,0,0,0,48,0,4,5,2,37,6,5,1,0,10,3,3,0,0,71,11,14,20,34,1,0,0,0,0,0,0,1,0,0,0,0,1,0,0,4,4,0,0,0,0,0,0,33,0,4,2,1,26,2,2,0,0,3,1,1,0,0,44,7,11,7,18,1,0,0,0,0,0,0,1,0,0,0,0,1,0,0,0,0,0,0,0,0,0,0,1,0,0,0,0,1,0,0,0,0,0,0,0,0,0,1,0,0,0,0,0,0,0,0,0,0,0,0,0,0,0,0,0,0,0,0,0,0,0,0,0,0,0,0,0,0,0,0,0,0,0,0,0,0,0,0,0,0,0,0,0,0,0,0,0,0,0,0,0,0,0,0,0,0,0,0
Sp: Alger County,2021,Michigan,0,MI02002,0,0,0,0,0,7,7,0,0,0,0,0,0,35,0,6,1,1,27,4,4,0,0,8,4,2,0,2,59,8,15,17,32,0,1,0,0,0,0,0,1,0,0,0,0,1,0,0,4,4,0,0,0,0,0,0,33,0,3,2,1,27,2,2,0,0,9,2,1,0,1,50,6,10,13,23,0,0,0,0,0,0,0,0,0,0,0,0,0,0,0,2,2,0,0,0,0,0,0,2,0,0,0,0,2,1,1,0,0,0,0,0,0,0,5,0,2,1,3,0,0,0,0,0,0,0,0,0,0,0,0,0,0,0,0,0,0,0,0,0,0,0,0,0,0,0,0,0,0,0,0,0,0,0,0,0,0,0,0,0,0,0,0,0,0,0,0,0,0,0,0,0,0,0,0
Sp: Alger County,2020,Michigan,0,MI02002,0,0,0,0,0,6,6,0,0,0,0,0,0,48,1,5,8,2,32,8,8,0,0,16,4,3,1,0,83,16,22,29,51,0,1,0,0,0,0,0,1,0,0,0,0,1,0,0,0,0,0,0,0,0,0,0,36,1,4,7,2,22,1,1,0,0,6,4,3,1,0,47,14,14,11,25,0,0,0,0,0,0,0,0,0,0,0,0,0,0,0,0,0,0,0,0,0,0,0,4,0,0,0,0,4,0,0,0,0,1,3,2,1,0,8,0,0,4,4,0,0,0,0,0,0,0,0,0,0,0,0,0,0,0,0,0,0,0,0,0,0,0,0,0,0,0,0,0,0,0,0,0,0,0,0,0,0,0,0,0,0,0,0,0,0,0,0,0,0,0,0,0,0,0,0
Sp: Alger County,2019,Michigan,0,MI02002,0,0,0,0,0,5,5,0,0,0,0,0,0,49,1,2,3,0,43,9,6,3,0,13,2,2,0,0,78,6,11,24,35,0,0,0,0,0,0,0,0,0,0,0,0,0,0,0,3,3,0,0,0,0,0,0,38,0,3,3,0,32,3,2,1,0,4,1,1,0,0,49,6,9,8,17,0,0,0,0,0,0,0,0,0,0,0,0,0,0,0,1,1,0,0,0,0,0,0,7,0,0,0,0,7,2,1,1,0,1,1,1,0,0,12,0,1,4,5,0,0,0,0,0,0,0,0,0,0,0,0,0,0,0,0,0,0,0,0,0,0,0,0,0,0,0,0,0,0,0,0,0,0,0,0,0,0,0,0,0,0,0,0,0,0,0,0,0,0,0,0,0,0,0,0
Sp: Alger County,2018,Michigan,0,MI02002,0,0,0,0,0,2,2,0,0,0,0,0,0,42,4,3,5,4,26,6,6,0,0,12,1,1,0,0,64,16,18,20,38,0,0,1,0,0,0,0,1,0,0,0,0,1,0,0,5,4,0,0,0,0,0,0,42,3,2,6,4,27,3,3,0,0,5,1,1,0,0,57,15,20,10,30,0,0,1,0,0,0,0,1,0,0,0,0,1,0,0,1,1,0,0,0,0,0,0,1,0,0,1,0,0,1,1,0,0,0,0,0,0,0,3,1,2,1,3,0,0,0,0,0,0,0,0,0,0,0,0,0,0,0,0,0,0,0,0,0,0,0,0,0,0,0,0,0,0,0,0,0,0,0,0,0,0,0,0,0,0,0,0,0,0,0,0,0,0,0,0,0,0,0,0
Sp: Alger County,2017,Michigan,0,MI02002,0,0,0,1,0,6,6,0,0,0,0,0,0,47,5,2,3,2,35,17,15,2,0,14,1,1,0,0,86,12,19,32,51,0,0,0,0,0,0,0,0,0,0,0,0,0,1,0,3,3,0,0,0,0,0,0,42,5,2,2,2,31,10,8,2,0,9,1,1,0,0,66,11,15,20,35,0,0,0,0,0,0,0,0,0,0,0,0,0,0,0,2,2,0,0,0,0,0,0,0,0,0,0,0,0,2,2,0,0,2,0,0,0,0,6,0,2,4,6,0,0,0,0,0,0,0,0,0,0,0,0,0,0,0,0,0,0,0,0,0,0,0,0,0,0,0,0,0,0,0,0,0,0,0,0,0,0,0,0,0,0,0,0,0,0,0,0,0,0,0,0,0,0,0,0
Sp: Alger County,2016,Michigan,0,MI02002,0,0,0,0,0,4,4,0,0,0,0,0,0,32,1,1,3,2,25,7,7,0,0,17,2,2,0,0,62,7,11,26,37,0,0,0,0,0,0,0,0,0,0,0,0,0,0,0,3,3,0,0,0,0,0,0,30,1,1,2,2,24,1,1,0,0,6,2,2,0,0,42,6,9,9,18,0,0,0,0,0,0,0,0,0,0,0,0,0,0,0,0,0,0,0,0,0,0,0,1,0,0,0,0,1,0,0,0,0,1,2,2,0,0,4,0,0,3,3,0,0,0,0,0,0,0,0,0,0,0,0,0,0,0,0,0,0,0,0,0,0,0,0,0,0,0,0,0,0,0,0,0,0,0,0,0,0,0,0,0,0,0,0,0,0,0,0,0,0,0,0,0,0,0,0
Sp: Alger County,2015,Michigan,0,MI02002,0,0,0,0,0,7,7,0,0,0,0,0,0,43,0,1,5,5,32,17,16,0,1,15,0,0,0,0,82,11,18,32,50,0,0,0,0,0,0,0,0,0,0,0,0,0,0,0,5,5,0,0,0,0,0,0,44,0,5,5,5,29,5,5,0,0,2,0,0,0,0,56,15,20,7,27,0,0,0,0,0,0,0,0,0,0,0,0,0,0,0,0,0,0,0,0,0,0,0,0,0,0,0,0,0,1,1,0,0,0,0,0,0,0,1,0,0,1,1,0,0,0,0,0,0,0,0,0,0,0,0,0,0,0,0,0,0,0,0,0,0,0,0,0,0,0,0,0,0,0,0,0,0,0,0,0,0,0,0,0,0,0,0,0,0,0,0,0,0,0,0,0,0,0,0
Sp: Alger County,2014,Michigan,0,MI02002,0,0,0,0,0,11,11,0,0,0,0,0,0,32,1,10,1,1,19,13,13,0,0,16,1,1,0,0,77,13,24,34,58,0,1,0,0,0,0,0,1,1,0,1,2,4,0,0,6,6,0,0,0,0,0,0,27,1,5,1,1,19,5,5,0,0,5,1,1,0,0,46,8,14,13,27,0,0,0,0,0,0,0,0,0,0,0,2,2,0,0,3,3,0,0,0,0,0,0,0,0,0,0,0,0,0,0,0,0,0,0,0,0,0,3,0,3,0,3,0,0,0,0,0,0,0,0,0,0,0,0,0,0,0,0,0,0,0,0,0,0,0,0,0,0,0,0,0,0,0,0,0,0,0,0,0,0,0,0,0,0,0,0,0,0,0,0,0,0,0,0,0,0,0,0
Sp: Alger County,2013,Michigan,0,MI02002,0,0,0,0,0,4,4,0,1,0,1,0,0,32,4,1,0,2,25,21,21,0,0,28,1,1,0,0,88,7,12,51,63,1,0,0,0,0,0,0,1,0,0,0,0,1,0,0,2,2,0,1,0,1,0,0,30,5,1,0,2,22,9,9,0,0,12,0,0,0,0,55,8,11,22,33,1,0,0,0,0,0,0,1,0,0,0,0,1,0,0,0,0,0,0,0,0,0,0,1,0,0,0,0,1,5,5,0,0,0,0,0,0,0,6,0,0,5,5,0,0,0,0,0,0,0,0,0,0,0,0,0,0,0,0,0,0,0,0,0,0,0,0,0,0,0,0,0,0,0,0,0,0,0,0,0,0,0,0,0,0,0,0,0,0,0,0,0,0,0,0,0,0,0,0
Sp: Alger County,2012,Michigan,0,MI02002,0,0,0,1,0,1,1,0,1,1,0,0,0,41,2,3,3,0,33,27,27,0,0,28,2,2,0,0,101,8,11,57,68,0,0,0,0,0,0,0,0,0,0,0,0,0,0,0,1,1,0,1,1,0,0,0,36,1,3,3,0,29,4,4,0,0,5,2,2,0,0,49,7,9,11,20,0,0,0,0,0,0,0,0,0,0,0,0,0,0,0,0,0,0,0,0,0,0,0,2,0,0,0,0,2,2,2,0,0,0,2,2,0,0,6,0,0,4,4,0,0,0,0,0,0,0,0,0,0,0,0,0,0,0,0,0,0,0,0,0,0,0,0,0,0,0,0,0,0,0,0,0,0,0,0,0,0,0,0,0,0,0,0,0,0,0,0,0,0,0,0,0,0,0,0
Sp: Alger County,2011,Michigan,0,MI02002,0,0,0,0,0,1,1,0,0,0,0,0,0,60,2,7,2,0,49,21,21,0,0,40,1,0,1,0,123,11,12,62,74,0,0,0,0,0,0,0,0,0,0,0,0,0,0,0,0,0,0,0,0,0,0,0,41,2,8,2,0,29,6,6,0,0,11,0,0,0,0,58,12,12,17,29,0,0,0,0,0,0,0,0,0,0,0,0,0,0,0,0,0,0,0,0,0,0,0,3,1,0,0,0,2,2,2,0,0,0,0,0,0,0,5,1,1,2,3,0,0,0,0,0,0,0,0,0,0,0,0,0,0,0,0,0,0,0,0,0,0,0,0,0,0,0,0,0,0,0,0,0,0,0,0,0,0,0,0,0,0,0,0,0,0,0,0,0,0,0,0,0,0,0,0
Sp: Alger County,2010,Michigan,0,MI02002,0,0,0,0,0,5,5,0,0,0,0,0,0,59,0,2,2,4,51,32,32,0,0,30,7,6,1,0,134,8,13,70,83,1,0,0,0,0,0,0,1,0,0,0,0,1,0,0,6,6,0,0,0,0,0,0,46,0,2,3,4,37,8,8,0,0,9,4,2,2,0,73,9,15,21,36,0,0,0,0,0,0,0,0,0,0,0,0,0,0,0,2,2,0,0,0,0,0,0,1,0,0,0,0,1,3,3,0,0,2,2,1,1,0,10,0,2,7,9,0,0,0,0,0,0,0,0,0,0,0,0,0,0,0,0,0,0,0,0,0,0,0,0,0,0,0,0,0,0,0,0,0,0,0,0,0,0,0,0,0,0,0,0,0,0,0,0,0,0,0,0,0,0,0,0
Sp: Alger County,2009,Michigan,0,MI02002,0,0,0,0,0,5,5,0,0,0,0,0,0,47,1,7,1,0,38,27,27,0,0,36,3,2,1,0,119,9,14,67,81,0,0,1,0,0,0,0,1,0,0,0,0,1,0,0,1,1,0,0,0,0,0,0,27,1,5,0,0,21,7,7,0,0,4,3,3,0,0,42,6,7,14,21,0,0,0,0,0,0,0,0,0,0,0,0,0,0,0,0,0,0,0,0,0,0,0,1,0,0,0,0,1,1,1,0,0,0,2,2,0,0,4,0,0,3,3,0,0,0,0,0,0,0,0,0,0,0,0,0,0,0,0,0,0,0,0,0,0,0,0,0,0,0,0,0,0,0,0,0,0,0,0,0,0,0,0,0,0,0,0,0,0,0,0,0,0,0,0,0,0,0,0
Sp: Alger County,2008,Michigan,0,MI02002,0,0,0,0,0,5,5,0,0,0,0,0,0,60,3,1,0,1,55,36,36,0,0,35,4,4,0,0,140,5,10,75,85,0,0,0,0,0,0,0,0,0,0,0,0,0,0,0,4,4,0,0,0,0,0,0,37,3,1,0,1,32,8,8,0,0,4,2,2,0,0,55,5,9,14,23,0,0,0,0,0,0,0,0,0,0,0,0,0,0,0,0,0,0,0,0,0,0,0,9,0,0,0,1,8,1,1,0,0,0,0,0,0,0,10,1,1,1,2,0,0,0,0,0,0,0,0,0,0,0,0,0,0,0,0,0,0,0,0,0,0,0,0,0,0,0,0,0,0,0,0,0,0,0,0,0,0,0,0,0,0,0,0,0,0,0,0,0,0,0,0,0,0,0,0
Sp: Alger County,2007,Michigan,0,MI02002,0,0,0,0,0,5,5,0,0,0,0,0,0,55,0,0,1,0,54,28,28,0,0,40,2,1,1,0,130,1,6,70,76,0,0,0,0,0,0,0,0,0,0,0,0,0,0,0,1,1,0,0,0,0,0,0,36,0,0,1,0,35,4,4,0,0,11,1,1,0,0,53,1,2,16,18,0,0,0,0,0,0,0,0,0,0,0,0,0,0,0,1,1,0,0,0,0,0,0,5,0,0,0,0,5,1,1,0,0,2,0,0,0,0,9,0,1,3,4,0,0,0,0,0,0,0,0,0,0,0,0,0,0,0,0,0,0,0,0,0,0,0,0,0,0,0,0,0,0,0,0,0,0,0,0,0,0,0,0,0,0,0,0,0,0,0,0,0,0,0,0,0,0,0,0
Sp: Alger County,2006,Michigan,0,MI02002,0,0,0,0,0,5,5,0,0,0,0,0,0,51,2,0,0,0,49,30,30,0,0,44,0,0,0,0,132,2,7,76,83,0,0,0,0,0,0,1,1,0,0,0,1,2,0,0,3,3,0,0,0,0,0,0,30,2,0,0,0,28,6,6,0,0,11,0,0,0,0,51,2,5,18,23,0,0,0,0,0,0,1,1,0,0,0,0,1,0,0,1,1,0,0,0,0,0,0,5,2,0,0,0,3,3,3,0,0,2,0,0,0,0,11,2,3,5,8,0,0,0,0,0,0,0,0,0,0,0,0,0,0,0,0,0,0,0,0,0,0,0,0,0,0,0,0,0,0,0,0,0,0,0,0,0,0,0,0,0,0,0,0,0,0,0,0,0,0,0,0,0,0,0,0
Sp: Alger County,2005,Michigan,0,MI02002,0,0,0,1,0,1,1,0,0,0,0,0,0,51,2,1,3,0,45,38,35,2,1,51,8,6,2,0,150,6,8,97,105,0,0,0,0,0,0,0,0,0,0,0,0,0,1,0,0,0,0,0,0,0,0,0,37,1,1,3,0,32,11,9,2,0,16,2,2,0,0,67,5,6,29,35,0,0,0,0,0,0,0,0,0,0,0,0,0,0,0,0,0,0,0,0,0,0,0,6,0,0,0,0,6,2,0,2,0,7,0,0,0,0,15,0,0,9,9,0,0,0,0,0,0,0,0,0,0,0,0,0,0,0,0,0,0,0,0,0,0,0,0,0,0,0,0,0,0,0,0,0,0,0,0,0,0,0,0,0,0,0,0,0,0,0,0,0,0,0,0,0,0,0,0
Sp: Alger County,2004,Michigan,0,MI02002,0,0,0,0,0,2,2,0,1,0,1,0,0,55,1,2,2,0,50,36,35,1,0,38,14,9,5,0,147,5,8,89,97,0,0,0,0,0,0,0,0,0,0,0,1,1,0,0,2,2,0,0,0,0,0,0,39,1,1,2,0,35,3,2,1,0,7,7,6,1,0,59,4,6,18,24,0,0,0,0,0,0,0,0,0,0,0,1,1,0,0,0,0,0,0,0,0,0,0,3,0,0,0,0,3,0,0,0,0,2,0,0,0,0,5,0,0,2,2,0,0,0,0,0,0,0,0,0,0,0,0,0,0,0,0,0,0,0,0,0,0,0,0,0,0,0,0,0,0,0,0,0,0,0,0,0,0,0,0,0,0,0,0,0,0,0,0,0,0,0,0,0,0,0,0
Sp: Alger County,2003,Michigan,0,MI02002,0,0,0,0,0,1,1,0,0,0,0,0,0,64,8,0,1,0,55,46,45,1,0,64,11,6,5,0,189,9,10,124,134,0,1,0,0,0,0,0,1,0,0,0,2,3,0,0,1,1,0,0,0,0,0,0,50,7,0,1,0,42,9,8,1,0,13,3,2,1,0,77,8,9,26,35,0,1,0,0,0,0,0,1,0,0,0,0,1,0,0,1,1,0,0,0,0,0,0,5,0,0,0,0,5,2,2,0,0,6,1,1,0,0,15,0,1,9,10,0,0,0,0,0,0,0,0,0,0,0,0,0,0,0,0,0,0,0,0,0,0,0,0,0,0,0,0,0,0,0,0,0,0,0,0,0,0,0,0,0,0,0,0,0,0,0,0,0,0,0,0,0,0,0,0
Sp: Alger County,2002,Michigan,0,MI02002,0,0,0,0,0,2,2,0,1,1,0,0,0,65,2,1,3,0,59,41,40,1,0,66,10,5,3,2,188,6,9,120,129,0,0,0,0,0,0,1,1,0,0,0,2,3,0,0,1,1,0,0,0,0,0,0,49,1,1,1,0,46,6,6,0,0,15,2,0,1,1,75,3,4,25,29,0,0,0,0,0,0,0,0,0,0,0,2,2,0,0,1,1,0,0,0,0,0,0,2,0,0,0,0,2,3,3,0,0,2,1,0,1,0,10,0,1,7,8,0,0,0,0,0,0,0,0,0,0,0,1,1,0,0,0,0,0,0,0,0,0,0,0,0,0,0,0,0,0,0,0,0,0,0,0,0,0,0,0,0,0,0,0,0,0,0,0,0,0,0,0,0,0,0,0
Sp: Alger County,2001,Michigan,0,MI02002,0,0,0,0,0,8,8,0,0,0,0,0,0,115,1,4,6,1,103,45,43,2,0,53,4,2,1,1,226,12,20,103,123,0,0,0,0,0,0,1,1,0,0,0,0,1,0,0,5,5,0,0,0,0,0,0,81,1,3,4,1,72,10,9,1,0,7,1,1,0,0,104,9,14,18,32,0,0,0,0,0,0,0,0,0,0,0,0,0,0,0,2,2,0,0,0,0,0,0,9,0,0,1,0,8,5,5,0,0,2,0,0,0,0,18,1,3,7,10,0,0,0,0,0,0,0,0,0,0,0,0,0,0,0,0,0,0,0,0,0,0,0,0,0,0,0,0,0,0,0,0,0,0,0,0,0,0,0,0,0,0,0,0,0,0,0,0,0,0,0,0,0,0,0,0
Sp: Alger County,2000,Michigan,0,MI02002,0,0,0,0,0,6,6,0,0,0,0,0,0,82,0,3,8,13,58,46,46,0,0,55,6,5,1,0,195,24,30,107,137,0,0,0,0,0,0,0,0,0,0,0,0,0,0,0,3,3,0,0,0,0,0,0,56,0,1,8,7,40,10,10,0,0,8,1,1,0,0,78,16,19,19,38,0,0,0,0,0,0,0,0,0,0,0,0,0,0,0,0,0,0,0,0,0,0,0,1,0,0,0,0,1,2,2,0,0,3,0,0,0,0,6,0,0,5,5,0,0,0,0,0,0,0,0,0,0,0,0,0,0,0,0,0,0,0,0,0,0,0,0,0,0,0,0,0,0,0,0,0,0,0,0,0,0,0,0,0,0,0,0,0,0,0,0,0,0,0,0,0,0,0,0
Sp: Alger County,1999,Michigan,0,MI02002,0,0,0,2,0,4,4,0,0,0,0,0,0,75,4,4,8,0,59,25,21,4,0,51,11,5,3,3,169,16,22,88,110,0,0,0,0,0,0,0,0,0,0,0,1,1,0,0,2,2,0,0,0,0,0,0,63,4,2,8,0,49,5,5,0,0,13,2,1,1,0,85,14,16,20,36,0,0,0,0,0,0,0,0,0,0,0,0,0,0,0,2,2,0,0,0,0,0,0,4,0,0,0,0,4,1,1,0,0,3,1,1,0,0,11,0,2,5,7,0,0,0,0,0,0,0,0,0,0,0,0,0,0,0,0,0,0,0,0,0,0,0,0,0,0,0,0,0,0,0,0,0,0,0,0,0,0,0,0,0,0,0,0,0,0,0,0,0,0,0,0,0,0,0,0
Sp: Alger County,1998,Michigan,0,MI02002,0,0,0,0,0,4,4,0,0,0,0,0,0,52,0,2,6,3,41,31,30,1,0,34,9,3,4,2,135,11,15,79,94,1,0,0,0,0,0,2,3,0,0,0,2,5,0,0,1,1,0,0,0,0,0,0,41,0,2,6,3,30,8,7,1,0,8,2,1,0,1,60,11,12,18,30,0,0,0,0,0,0,0,0,0,0,0,0,0,0,0,0,0,0,0,0,0,0,0,2,0,0,0,1,1,5,4,1,0,2,1,1,0,0,10,1,1,8,9,0,0,0,0,0,0,0,0,0,0,0,0,0,0,0,0,0,0,0,0,0,0,0,0,0,0,0,0,0,0,0,0,0,0,0,0,0,0,0,0,0,0,0,0,0,0,0,0,0,0,0,0,0,0,0,0
Sp: Alger County,1997,Michigan,0,MI02002,0,0,0,0,0,9,9,0,0,0,0,0,0,76,0,3,8,7,58,52,48,2,2,51,4,1,0,3,192,18,27,107,134,0,0,0,0,0,0,0,0,0,0,0,0,0,0,0,5,5,0,0,0,0,0,0,32,0,2,3,2,25,13,13,0,0,4,1,0,0,1,55,7,12,18,30,0,0,0,0,0,0,0,0,0,0,0,0,0,0,0,3,3,0,0,0,0,0,0,4,0,1,0,1,2,10,10,0,0,1,1,0,0,1,19,2,5,12,17,0,0,0,0,0,0,0,0,0,0,0,0,0,0,0,0,0,0,1,0,0,0,1,15,0,0,1,1,13,6,2,0,4,4,1,1,0,0,28,2,3,12,15,0,0,0,0,0,0,1,1,0,0,0,0,1
Sp: Alger County,1996,Michigan,0,MI02002,0,0,0,0,0,2,2,0,1,0,0,0,1,77,1,0,19,7,50,58,56,0,2,47,9,5,0,4,195,27,30,115,145,0,0,0,0,0,1,0,1,0,0,0,0,1,0,0,1,1,0,0,0,0,0,0,32,1,0,15,2,14,10,10,0,0,5,3,3,0,0,52,18,19,19,38,0,0,0,0,0,1,0,1,0,0,0,0,1,0,0,1,1,0,0,0,0,0,0,1,0,0,0,0,1,5,5,0,0,4,1,1,0,0,12,0,1,10,11,0,0,0,0,0,0,0,0,0,0,0,0,0,0,0,1,1,0,0,0,0,0,0,9,0,0,0,0,9,14,12,0,2,6,2,2,0,0,32,0,1,22,23,0,0,0,0,0,0,0,0,0,0,0,0,0
Sp: Alger County,1995,Michigan,0,MI02002,0,0,0,1,0,5,5,0,1,0,0,0,1,62,3,0,3,4,52,38,36,1,1,49,4,3,0,1,160,10,17,91,108,0,0,0,0,0,0,0,0,0,0,0,0,0,0,0,1,1,0,0,0,0,0,0,18,1,0,1,3,13,7,7,0,0,8,1,1,0,0,35,5,6,16,22,0,0,0,0,0,0,0,0,0,0,0,0,0,0,0,1,1,0,0,0,0,0,0,3,1,0,0,0,2,6,6,0,0,5,0,0,0,0,15,1,2,11,13,0,0,0,0,0,0,0,0,0,0,0,0,0,0,0,1,1,0,0,0,0,0,0,8,0,0,2,1,5,4,4,0,0,8,6,6,0,0,27,3,4,18,22,0,0,0,0,0,0,0,0,0,0,0,0,0
Sp: Alger County,1994,Michigan,0,MI02002,0,0,0,2,0,6,6,0,0,0,0,0,0,76,4,0,3,5,64,47,47,0,0,45,3,0,2,1,180,12,20,96,116,0,0,0,0,0,0,1,1,0,0,0,0,1,0,0,1,1,0,0,0,0,0,0,17,1,0,0,5,11,7,7,0,0,4,0,0,0,0,29,6,7,11,18,0,0,0,0,0,0,0,0,0,0,0,0,0,0,0,1,1,0,0,0,0,0,0,0,0,0,0,0,0,6,6,0,0,4,0,0,0,0,11,0,1,10,11,0,0,0,0,0,0,0,0,0,0,0,0,0,0,0,0,0,0,0,0,0,0,0,5,0,0,0,0,5,12,12,0,0,4,1,0,0,1,22,0,0,17,17,0,0,0,0,0,0,0,0,0,0,0,0,0
Sp: Alger County,1993,Michigan,0,MI02002,0,0,0,0,0,0,0,0,2,0,0,0,2,73,5,2,6,1,59,40,37,0,3,42,2,0,1,1,163,14,16,85,101,0,0,0,0,0,0,0,0,1,0,1,0,1,0,0,0,0,0,0,0,0,0,0,21,1,0,4,2,14,7,7,0,0,4,1,0,1,0,34,7,7,12,19,0,0,0,0,0,0,0,0,0,0,0,0,0,0,0,0,0,0,0,0,0,0,0,1,0,0,0,0,1,1,1,0,0,1,0,0,0,0,3,0,0,2,2,0,0,0,0,0,0,0,0,0,0,0,0,0,0,0,0,0,0,0,0,0,0,0,5,0,0,0,0,5,5,5,0,0,4,2,2,0,0,16,0,0,11,11,0,0,0,0,0,0,0,0,0,0,0,0,0
Sp: Alger County,1992,Michigan,0,MI02002,0,0,0,0,0,7,7,0,0,0,0,0,0,53,4,1,6,6,36,57,52,0,5,43,9,4,1,4,172,17,24,112,136,0,0,0,0,0,0,1,1,0,1,1,1,3,1,0,1,1,0,0,0,0,0,0,12,1,0,1,1,9,9,8,0,1,8,2,2,0,0,33,3,5,19,24,0,0,0,0,0,0,0,0,0,0,0,0,0,0,0,0,0,0,0,0,0,0,0,0,0,0,0,0,0,1,1,0,0,1,1,1,0,0,3,0,0,3,3,0,0,0,0,0,0,0,0,0,0,0,0,0,0,0,0,0,0,0,0,0,0,0,2,0,0,0,0,2,9,7,0,2,9,4,4,0,0,25,0,0,23,23,0,0,0,0,0,0,0,0,1,0,1,0,1
Sp: Alger County,1991,Michigan,0,MI02002,0,0,0,0,0,6,6,0,0,0,0,0,0,38,4,1,11,2,20,54,54,0,0,51,7,0,0,7,157,18,24,113,137,0,0,0,0,0,0,0,0,1,0,1,0,1,0,0,2,2,0,0,0,0,0,0,14,2,1,3,1,7,2,2,0,0,6,5,0,0,5,30,7,9,14,23,0,0,0,0,0,0,0,0,1,0,1,0,1,0,0,2,2,0,0,0,0,0,0,1,0,0,1,0,0,1,1,0,0,1,1,0,0,1,6,1,3,3,6,0,0,0,0,0,0,0,0,0,0,0,0,0,0,0,1,1,0,0,0,0,0,0,2,0,0,0,0,2,2,2,0,0,4,0,0,0,0,9,0,1,6,7,0,0,0,0,0,0,0,0,0,0,0,0,0
Sp: Alger County,1990,Michigan,0,MI02002,0,0,0,0,0,2,2,0,1,0,0,0,1,48,3,1,3,5,36,50,49,0,1,59,7,4,2,1,169,12,15,118,133,1,0,0,0,0,0,0,1,1,0,1,0,2,0,0,0,0,0,0,0,0,0,0,18,3,0,0,2,13,8,8,0,0,7,2,2,0,0,35,5,5,17,22,0,0,0,0,0,0,0,0,0,0,0,0,0,0,0,0,0,0,0,0,0,0,0,1,1,0,0,0,0,0,0,0,0,1,1,1,0,0,3,1,1,2,3,0,0,0,0,0,0,0,0,0,0,0,0,0,1,0,0,0,0,1,0,0,1,0,0,0,0,0,0,0,5,4,0,1,4,2,2,0,0,14,0,2,12,14,0,0,0,0,0,0,0,0,0,0,0,1,1
Sp: Alger County,1989,Michigan,0,MI02002,0,0,1,0,0,3,3,0,1,1,0,0,0,32,2,3,0,0,27,52,49,1,2,49,7,5,1,1,146,5,9,110,119,1,0,0,0,0,0,0,1,0,0,0,1,2,0,0,3,3,0,1,1,0,0,0,12,2,1,0,0,9,9,8,1,0,8,2,2,0,0,35,3,7,19,26,0,0,0,0,0,0,0,0,0,0,0,0,0,0,0,2,2,0,0,0,0,0,0,0,0,0,0,0,0,3,3,0,0,3,1,1,0,0,9,0,2,7,9,0,0,0,0,0,0,0,0,0,0,0,0,0,0,0,0,0,0,1,0,0,1,0,0,0,0,0,0,0,4,2,0,2,4,0,0,0,0,9,0,1,8,9,0,0,0,0,0,0,0,0,0,0,0,0,0
Sp: Alger County,1988,Michigan,0,MI02002,0,0,2,0,0,3,3,0,0,0,0,0,0,46,6,3,4,0,33,77,74,2,1,57,17,5,2,10,201,13,16,152,168,1,0,0,0,0,0,0,1,0,0,0,0,1,0,0,2,2,0,0,0,0,0,0,19,4,0,4,0,11,45,45,0,0,4,4,0,1,3,74,8,10,53,63,0,0,0,0,0,0,0,0,0,0,0,0,0,0,0,0,0,0,0,0,0,0,0,0,0,0,0,0,0,3,3,0,0,0,0,0,0,0,3,0,0,3,3,0,0,0,0,0,0,0,0,0,0,0,0,0,0,0,0,0,0,0,0,0,0,0,0,0,0,0,0,0,3,3,0,0,3,1,1,0,0,8,0,0,8,8,0,0,0,0,0,0,1,1,0,0,0,0,1
Sp: Alger County,1987,Michigan,0,MI02002,0,0,0,1,0,4,4,0,0,0,0,0,0,48,1,1,3,5,38,76,75,0,1,47,19,10,4,5,199,10,15,146,161,2,2,0,0,0,0,0,4,0,0,0,0,4,1,0,3,3,0,0,0,0,0,0,14,1,0,3,0,10,9,9,0,0,5,9,5,2,2,41,4,8,23,31,0,0,0,0,0,0,0,0,0,0,0,0,0,0,0,1,1,0,0,0,0,0,0,2,0,0,0,0,2,3,3,0,0,0,5,2,2,1,11,0,1,8,9,0,0,0,0,0,0,0,0,0,0,0,0,0,0,0,0,0,0,0,0,0,0,0,1,0,0,0,0,1,6,6,0,0,4,1,0,0,1,12,0,0,11,11,0,0,0,0,0,0,0,0,0,0,0,0,0
Sp: Alger County,1986,Michigan,0,MI02002,0,0,0,0,0,3,3,0,2,0,0,2,0,36,0,2,4,1,29,64,64,0,0,82,7,6,1,0,197,7,12,156,168,0,1,0,0,0,1,1,3,0,0,0,0,3,0,0,2,2,0,1,0,0,1,0,10,0,2,0,0,8,12,12,0,0,11,2,1,1,0,39,2,5,26,31,0,0,0,0,0,0,1,1,0,0,0,0,1,0,0,0,0,0,0,0,0,0,0,1,0,0,0,0,1,1,1,0,0,2,1,1,0,0,5,0,0,4,4,0,0,0,0,0,0,0,0,0,0,0,0,0,0,0,0,0,0,0,0,0,0,0,2,0,0,1,0,1,7,7,0,0,9,0,0,0,0,18,1,1,16,17,0,0,0,0,0,0,0,0,0,0,0,0,0
Sp: Alger County,1985,Michigan,0,MI02002,0,0,1,0,0,5,5,0,0,0,0,0,0,58,2,1,6,4,45,63,63,0,0,62,9,7,2,0,199,13,18,136,154,1,0,0,0,0,0,0,1,0,0,0,1,2,0,0,0,0,0,0,0,0,0,0,25,2,0,4,3,16,10,10,0,0,6,4,2,2,0,45,9,9,20,29,0,0,0,0,0,0,0,0,0,0,0,0,0,0,0,0,0,0,0,0,0,0,0,6,0,0,0,0,6,4,4,0,0,0,2,1,1,0,12,0,0,6,6,0,0,0,0,0,0,0,0,0,0,0,0,0,0,0,0,0,0,1,0,0,1,0,0,0,0,0,0,0,6,6,0,0,5,3,3,0,0,15,0,1,14,15,0,0,0,0,0,0,0,0,0,0,0,0,0
Sp: Alger County,1984,Michigan,0,MI02002,0,0,0,0,0,7,7,0,4,2,0,2,0,35,3,1,2,0,29,71,67,2,2,68,9,7,1,1,196,6,17,150,167,1,0,0,0,0,0,0,1,1,0,1,0,2,0,0,0,0,0,1,1,0,0,0,12,2,0,1,0,9,10,9,1,0,8,3,2,0,1,34,3,4,21,25,0,0,0,0,0,0,0,0,0,0,0,0,0,0,0,0,0,0,0,0,0,0,0,4,0,0,0,0,4,4,4,0,0,2,1,0,0,1,11,0,0,7,7,0,0,0,0,0,0,0,0,0,0,0,0,0,0,0,0,0,0,1,0,0,1,0,3,0,0,0,0,3,3,3,0,0,3,0,0,0,0,10,0,1,6,7,0,0,0,0,0,0,0,0,0,0,0,0,0
Sp: Alger County,1983,Michigan,0,MI02002,0,0,0,0,0,1,1,0,3,0,0,3,0,31,1,1,4,1,24,51,49,2,0,73,4,3,1,0,164,7,11,129,140,0,1,0,0,0,0,0,1,0,0,0,0,1,0,0,0,0,0,0,0,0,0,0,11,1,1,1,0,8,5,5,0,0,10,1,1,0,0,27,3,3,16,19,0,0,0,0,0,0,0,0,0,0,0,0,0,0,0,0,0,0,0,0,0,0,0,1,0,0,0,0,1,1,1,0,0,3,0,0,0,0,5,0,0,4,4,0,0,0,0,0,0,0,0,0,0,0,0,0,0,0,0,0,0,0,0,0,0,0,2,0,0,0,0,2,5,5,0,0,6,2,1,0,1,15,0,0,13,13,0,0,0,0,0,0,0,0,0,0,0,0,0
Sp: Alger County,1982,Michigan,,MI02002,,,,,,,,,,,,,,,,,,,,,,,,,,,,,,,,,,,,,,,,,,,,,,,,,,,,,,,,,,,,,,,,,,,,,,,,,,,,,,,,,,,,,,,,,,,,,,,,,,,,,,,,,,,,,,,,,,,,,,,,,,,,,,,,,,,,,,,,,,,,,,,,,,,,,,,,,,,,,,,,,,,,,,,,,,,,,,,
Sp: Alger County,1981,Michigan,0,MI02002,0,0,0,0,0,0,0,0,4,0,0,3,1,34,0,1,8,0,25,107,101,5,1,89,9,5,1,3,250,9,13,212,225,0,0,0,0,0,0,0,0,0,0,0,0,7,0,0,0,0,0,0,0,0,0,0,20,0,1,8,0,11,8,8,0,0,11,1,1,0,0,40,9,9,20,29,0,0,0,0,0,0,0,0,0,0,0,0,0,0,0,0,0,0,0,0,0,0,0,2,0,0,0,0,2,3,3,0,0,3,0,0,0,0,8,0,0,6,6,0,0,0,0,0,0,0,0,0,0,0,0,0,0,0,0,0,0,0,0,0,0,0,0,0,0,0,0,0,0,0,0,0,0,0,0,0,0,1,0,0,1,1,0,0,0,0,0,0,0,0,0,0,0,0,1
Sp: Alger County,1980,Michigan,0,MI02002,0,0,0,0,0,0,0,0,2,0,0,2,0,31,0,0,7,2,22,94,85,9,0,98,7,3,1,3,242,9,11,209,220,0,0,0,0,0,0,0,0,0,0,0,0,10,0,0,0,0,0,0,0,0,0,0,4,0,0,1,2,1,12,12,0,0,8,3,1,0,2,27,3,3,23,26,0,0,0,0,0,0,0,0,0,0,0,0,0,0,0,0,0,0,0,0,0,0,0,0,0,0,0,0,0,7,7,0,0,2,0,0,0,0,9,0,0,9,9,0,0,0,0,0,0,0,0,0,0,0,0,0,0,0,0,0,0,0,0,0,0,0,0,0,0,0,0,0,0,0,0,0,0,0,0,0,0,0,0,0,0,0,0,0,0,0,0,0,0,0,0,0,0,0,0
Sp: Alger County,1979,Michigan,0,MI02002,0,0,0,0,0,2,2,0,0,0,0,0,0,42,0,0,17,1,24,75,67,4,4,104,9,5,3,1,232,18,20,188,208,0,0,0,0,0,0,0,0,0,0,0,0,0,0,0,0,0,0,1,0,0,1,0,11,0,0,6,0,5,15,15,0,0,17,3,0,3,0,47,6,7,35,42,0,0,0,0,0,0,0,0,0,0,0,0,0,0,0,0,0,0,0,0,0,0,0,3,0,0,0,0,3,6,6,0,0,1,0,0,0,0,10,0,0,7,7,0,0,0,0,0,0,0,0,0,0,0,0,0,0,0,0,0,0,0,0,0,0,0,0,0,0,0,0,0,0,0,0,0,0,0,0,0,0,0,0,0,0,0,0,0,0,0,0,0,0,0,0,0,0,0,0
