agency,year,state,population,ORI,officers_killed_by_felony,officers_killed_by_accident,officers_assaulted,actual_murder,actual_manslaughter,actual_rape_total,actual_rape_by_force,actual_rape_attempted,actual_robbery_total,actual_robbery_with_a_gun,actual_robbery_with_a_knife,actual_robbery_other_weapon,actual_robbery_unarmed,actual_assault_total,actual_assault_with_a_gun,actual_assault_with_a_knife,actual_assault_other_weapon,actual_assault_unarmed,actual_assault_simple,actual_burg_total,actual_burg_force_entry,actual_burg_nonforce_entry,actual_burg_attempted,actual_theft_total,actual_mtr_veh_theft_total,actual_mtr_veh_theft_car,actual_mtr_veh_theft_truck,actual_mtr_veh_theft_other,actual_all_crimes,actual_assault_aggravated,actual_index_violent,actual_index_property,actual_index_total,actual_arson_single_occupancy,actual_arson_other_residential,actual_arson_storage,actual_arson_industrial,actual_arson_other_commercial,actual_arson_community_public,actual_arson_all_oth_structures,actual_arson_total_structures,actual_arson_motor_vehicles,actual_arson_other_mobile,actual_arson_total_mobile,actual_arson_all_other,actual_arson_grand_total,tot_clr_murder,tot_clr_manslaughter,tot_clr_rape_total,tot_clr_rape_by_force,tot_clr_rape_attempted,tot_clr_robbery_total,tot_clr_robbery_with_a_gun,tot_clr_robbery_with_a_knife,tot_clr_robbery_other_weapon,tot_clr_robbery_unarmed,tot_clr_assault_total,tot_clr_assault_with_a_gun,tot_clr_assault_with_a_knife,tot_clr_assault_other_weapon,tot_clr_assault_unarmed,tot_clr_assault_simple,tot_clr_burg_total,tot_clr_burg_force_entry,tot_clr_burg_nonforce_entry,tot_clr_burg_attempted,tot_clr_theft_total,tot_clr_mtr_veh_theft_total,tot_clr_mtr_veh_theft_car,tot_clr_mtr_veh_theft_truck,tot_clr_mtr_veh_theft_other,tot_clr_all_crimes,tot_clr_assault_aggravated,tot_clr_index_violent,tot_clr_index_property,tot_clr_index_total,tot_clr_arson_single_occupancy,tot_clr_arson_other_residential,tot_clr_arson_storage,tot_clr_arson_industrial,tot_clr_arson_other_commercial,tot_clr_arson_community_public,tot_clr_arson_all_oth_structures,tot_clr_arson_total_structures,tot_clr_arson_motor_vehicles,tot_clr_arson_other_mobile,tot_clr_arson_total_mobile,tot_clr_arson_all_other,tot_clr_arson_grand_total,clr_18_murder,clr_18_manslaughter,clr_18_rape_total,clr_18_rape_by_force,clr_18_rape_attempted,clr_18_robbery_total,clr_18_robbery_with_a_gun,clr_18_robbery_with_a_knife,clr_18_robbery_other_weapon,clr_18_robbery_unarmed,clr_18_assault_total,clr_18_assault_with_a_gun,clr_18_assault_with_a_knife,clr_18_assault_other_weapon,clr_18_assault_unarmed,clr_18_assault_simple,clr_18_burg_total,clr_18_burg_force_entry,clr_18_burg_nonforce_entry,clr_18_burg_attempted,clr_18_theft_total,clr_18_mtr_veh_theft_total,clr_18_mtr_veh_theft_car,clr_18_mtr_veh_theft_truck,clr_18_mtr_veh_theft_other,clr_18_all_crimes,clr_18_assault_aggravated,clr_18_index_violent,clr_18_index_property,clr_18_index_total,clr_18_arson_single_occupancy,clr_18_arson_other_residential,clr_18_arson_storage,clr_18_arson_industrial,clr_18_arson_other_commercial,clr_18_arson_community_public,clr_18_arson_all_oth_structures,clr_18_arson_total_structures,clr_18_arson_motor_vehicles,clr_18_arson_other_mobile,clr_18_arson_total_mobile,clr_18_arson_all_other,clr_18_arson_grand_total,unfound_murder,unfound_manslaughter,unfound_rape_total,unfound_rape_by_force,unfound_rape_attempted,unfound_robbery_total,unfound_robbery_with_a_gun,unfound_robbery_with_a_knife,unfound_robbery_other_weapon,unfound_robbery_unarmed,unfound_assault_total,unfound_assault_with_a_gun,unfound_assault_with_a_knife,unfound_assault_other_weapon,unfound_assault_unarmed,unfound_assault_simple,unfound_burg_total,unfound_burg_force_entry,unfound_burg_nonforce_entry,unfound_burg_attempted,unfound_theft_total,unfound_mtr_veh_theft_total,unfound_mtr_veh_theft_car,unfound_mtr_veh_theft_truck,unfound_mtr_veh_theft_other,unfound_all_crimes,unfound_assault_aggravated,unfound_index_violent,unfound_index_property,unfound_index_total,unfound_arson_single_occupancy,unfound_arson_other_residential,unfound_arson_storage,unfound_arson_industrial,unfound_arson_other_commercial,unfound_arson_community_public,unfound_arson_all_oth_structures,unfound_arson_total_structures,unfound_arson_motor_vehicles,unfound_arson_other_mobile,unfound_arson_total_mobile,unfound_arson_all_other,unfound_arson_grand_total
Saginaw County Sheriff's Office,2022,Michigan,41308,MI73173,0,0,0,0,1,15,14,1,5,1,0,0,4,454,11,29,32,24,358,44,30,11,3,286,24,17,0,7,833,96,116,358,474,0,0,0,0,0,0,0,0,0,0,0,4,4,0,0,3,3,0,2,0,0,0,2,140,5,9,17,1,108,8,6,2,0,79,2,2,0,0,235,32,37,90,127,0,0,0,0,0,0,0,0,0,0,0,1,1,0,0,0,0,0,0,0,0,0,0,15,0,3,3,0,9,0,0,0,0,1,0,0,0,0,16,6,6,1,7,0,0,0,0,0,0,0,0,0,0,0,0,0,0,0,0,0,0,0,0,0,0,0,0,0,0,0,0,0,0,0,0,0,0,0,0,0,0,0,0,0,0,0,0,0,0,0,0,0,0,0,0,0,0,0,0
Saginaw County Sheriff's Office,2021,Michigan,42393,MI73173,0,0,0,5,0,18,18,0,9,4,1,3,1,436,24,11,50,9,342,28,18,9,1,295,30,28,1,1,821,94,126,353,479,0,0,0,0,0,0,0,0,0,0,0,0,0,2,0,2,2,0,2,2,0,0,0,144,11,6,19,0,108,2,1,1,0,91,5,5,0,0,248,36,42,98,140,0,0,0,0,0,0,0,0,0,0,0,0,0,0,0,0,0,0,0,0,0,0,0,12,0,0,3,0,9,0,0,0,0,2,1,1,0,0,15,3,3,3,6,0,0,0,0,0,0,0,0,0,0,0,0,0,0,0,0,0,0,0,0,0,0,0,0,0,0,0,0,0,0,0,0,0,0,0,0,0,0,0,0,0,0,0,0,0,0,0,0,0,0,0,0,0,0,0,0
Saginaw County Sheriff's Office,2020,Michigan,40757,MI73173,0,0,0,0,1,14,14,0,4,1,2,1,0,414,12,7,31,11,353,51,35,15,1,291,28,24,0,4,805,61,79,372,451,0,0,0,0,0,0,0,0,0,0,0,0,2,0,1,3,3,0,1,0,1,0,0,152,5,3,17,5,122,4,2,2,0,36,0,0,0,0,198,30,34,41,75,0,0,0,0,0,0,0,0,0,0,0,0,1,0,0,0,0,0,0,0,0,0,0,12,0,0,1,1,10,0,0,0,0,1,0,0,0,0,13,2,2,1,3,0,0,0,0,0,0,0,0,0,0,0,0,0,0,0,0,0,0,0,0,0,0,0,0,0,0,0,0,0,0,0,0,0,0,0,0,0,0,0,0,0,0,0,0,0,0,0,0,0,0,0,0,0,0,0,0
Saginaw County Sheriff's Office,2019,Michigan,40937,MI73173,0,0,0,0,0,28,27,1,10,1,1,1,7,429,14,14,18,15,368,74,55,19,0,435,13,11,1,1,990,61,99,523,622,0,0,0,0,0,0,0,0,0,0,0,0,1,0,0,5,5,0,2,0,0,0,2,122,3,8,7,4,100,5,3,2,0,170,1,1,0,0,306,22,29,177,206,0,0,0,0,0,0,0,0,0,0,0,0,1,0,0,0,0,0,0,0,0,0,0,15,0,2,1,0,12,0,0,0,0,12,0,0,0,0,27,3,3,12,15,0,0,0,0,0,0,0,0,0,0,0,0,0,0,0,0,0,0,0,0,0,0,0,0,0,0,0,0,0,0,0,0,0,0,0,0,0,0,0,0,0,0,0,0,0,0,0,0,0,0,0,0,0,0,0,0
Saginaw County Sheriff's Office,2018,Michigan,42337,MI73173,0,0,0,4,1,31,31,0,6,3,0,2,1,457,9,10,34,23,381,78,55,19,4,406,21,16,2,3,1006,76,117,507,624,1,0,0,0,0,0,0,1,0,0,0,0,2,2,0,3,3,0,0,0,0,0,0,132,2,4,13,9,104,15,10,5,0,147,3,3,0,0,303,28,33,166,199,0,0,0,0,0,0,0,0,0,0,0,0,1,0,0,0,0,0,0,0,0,0,0,11,0,0,2,1,8,3,2,1,0,12,1,1,0,0,27,3,3,16,19,0,0,0,0,0,0,0,0,0,0,0,0,0,0,0,0,0,0,0,0,0,0,0,0,0,0,0,0,0,0,0,0,0,0,0,0,0,0,0,0,0,0,0,0,0,0,0,0,0,0,0,0,0,0,0,0
Saginaw County Sheriff's Office,2017,Michigan,42421,MI73173,0,0,0,0,0,18,17,1,11,4,0,1,6,433,13,7,23,13,377,77,53,22,2,372,19,14,1,4,931,56,85,469,554,0,0,0,0,0,0,0,0,1,0,1,0,1,0,0,0,0,0,2,0,0,1,1,160,4,2,14,3,137,14,12,2,0,164,2,0,0,2,342,23,25,180,205,0,0,0,0,0,0,0,0,0,0,0,0,0,0,0,0,0,0,0,0,0,0,0,15,0,1,4,0,10,0,0,0,0,17,1,0,0,1,33,5,5,18,23,0,0,0,0,0,0,0,0,0,0,0,0,0,0,0,0,0,0,0,0,0,0,0,0,0,0,0,0,0,0,0,0,0,0,0,0,0,0,0,0,0,0,0,0,0,0,0,0,0,0,0,0,0,0,0,0
Saginaw County Sheriff's Office,2016,Michigan,40058,MI73173,0,0,0,2,0,10,10,0,11,2,2,0,7,527,14,10,38,13,452,80,50,24,6,382,32,21,2,9,1048,75,98,498,596,0,0,1,0,0,0,0,1,0,0,0,3,4,1,0,0,0,0,4,0,0,0,4,147,1,5,29,5,107,10,5,4,1,142,6,4,0,2,310,40,45,158,203,0,0,0,0,0,0,0,0,0,0,0,0,0,0,0,0,0,0,1,0,0,0,1,9,0,1,3,0,5,2,1,1,0,11,3,2,0,1,26,4,5,16,21,0,0,0,0,0,0,0,0,0,0,0,0,0,0,0,0,0,0,0,0,0,0,0,0,0,0,0,0,0,0,0,0,0,0,0,0,0,0,0,0,0,0,0,0,0,0,0,0,0,0,0,0,0,0,0,0
Saginaw County Sheriff's Office,2015,Michigan,40624,MI73173,0,0,0,0,0,24,23,1,15,4,1,3,7,437,7,16,24,21,369,99,64,24,11,467,42,23,1,18,1089,68,107,613,720,0,0,0,0,1,0,0,1,0,0,0,4,5,0,0,1,1,0,7,0,0,2,5,117,3,6,11,5,92,6,5,1,0,144,3,2,0,1,281,25,33,156,189,0,0,0,0,1,0,0,1,0,0,0,2,3,0,0,0,0,0,0,0,0,0,0,15,0,0,0,0,15,0,0,0,0,13,1,1,0,0,29,0,0,14,14,0,0,0,0,0,0,0,0,0,0,0,0,0,0,0,0,0,0,0,0,0,0,0,0,0,0,0,0,0,0,0,0,0,0,0,0,0,0,0,0,0,0,0,0,0,0,0,0,0,0,0,0,0,0,0,0
Saginaw County Sheriff's Office,2014,Michigan,41110,MI73173,0,0,0,2,0,29,29,0,8,1,2,0,5,512,7,11,25,13,456,179,154,21,4,413,30,20,0,10,1177,56,95,626,721,0,0,0,0,0,0,0,0,0,0,0,4,4,1,1,8,8,0,2,0,1,0,1,172,6,5,11,7,143,13,11,2,0,140,4,4,0,0,342,29,40,158,198,0,0,0,0,0,0,0,0,0,0,0,1,1,0,0,4,4,0,1,0,0,0,1,22,0,0,1,0,21,1,1,0,0,7,0,0,0,0,35,1,6,8,14,0,0,0,0,0,0,0,0,0,0,0,0,0,0,0,0,0,0,0,0,0,0,0,0,0,0,0,0,0,0,0,0,0,0,0,0,0,0,0,0,0,0,0,0,0,0,0,0,0,0,0,0,0,0,0,0
Saginaw County Sheriff's Office,2013,Michigan,41327,MI73173,0,0,0,0,2,26,26,0,9,4,1,1,3,575,11,9,38,12,505,116,87,24,5,451,26,18,2,6,1208,70,105,596,701,0,0,0,0,0,0,0,0,0,0,0,3,3,0,0,9,9,0,1,0,0,0,1,209,5,6,19,7,172,11,8,2,1,134,2,2,0,0,367,37,47,148,195,0,0,0,0,0,0,0,0,0,0,0,1,1,0,0,2,2,0,0,0,0,0,0,6,0,0,0,1,5,0,0,0,0,6,1,1,0,0,15,1,3,7,10,0,0,0,0,0,0,0,0,0,0,0,0,0,0,0,0,0,0,0,0,0,0,0,0,0,0,0,0,0,0,0,0,0,0,0,0,0,0,0,0,0,0,0,0,0,0,0,0,0,0,0,0,0,0,0,0
Saginaw County Sheriff's Office,2012,Michigan,41418,MI73173,0,0,0,0,0,13,13,0,15,6,1,0,8,567,6,15,30,14,502,167,138,29,0,418,38,23,2,13,1219,65,93,624,717,0,0,0,0,0,0,0,0,0,0,0,1,1,0,0,6,6,0,5,0,1,0,4,192,2,11,10,2,167,12,10,2,0,114,4,2,0,2,334,25,36,131,167,0,0,0,0,0,0,0,0,0,0,0,1,1,0,0,1,1,0,0,0,0,0,0,22,0,0,2,0,20,2,2,0,0,5,0,0,0,0,30,2,3,7,10,0,0,0,0,0,0,0,0,0,0,0,0,0,0,0,0,0,0,0,0,0,0,0,0,0,0,0,0,0,0,0,0,0,0,0,0,0,0,0,0,0,0,0,0,0,0,0,0,0,0,0,0,0,0,0,0
Saginaw County Sheriff's Office,2011,Michigan,41879,MI73173,0,0,0,1,0,10,10,0,9,4,1,0,4,405,13,13,20,13,346,180,140,35,5,348,31,22,2,7,988,59,79,563,642,1,0,2,0,0,0,0,3,1,0,1,0,4,1,0,5,5,0,4,3,0,0,1,89,5,4,6,8,66,9,7,2,0,123,5,4,0,1,238,23,33,139,172,0,0,2,0,0,0,0,2,0,0,0,0,2,0,0,2,2,0,1,1,0,0,0,13,1,1,0,2,9,1,1,0,0,13,0,0,0,0,30,4,7,14,21,0,0,0,0,0,0,0,0,0,0,0,0,0,0,0,0,0,0,0,0,0,0,0,0,0,0,0,0,0,0,0,0,0,0,0,0,0,0,0,0,0,0,0,0,0,0,0,0,0,0,0,0,0,0,0,0
Saginaw County Sheriff's Office,2010,Michigan,41915,MI73173,0,0,0,0,0,19,19,0,10,1,1,0,8,496,13,12,29,10,432,136,89,41,6,328,22,15,0,7,1012,64,93,487,580,0,0,0,0,0,0,0,0,0,0,0,1,1,0,0,2,2,0,6,1,1,0,4,123,5,6,13,5,94,12,8,4,0,78,3,3,0,0,224,29,37,93,130,0,0,0,0,0,0,0,0,0,0,0,0,0,0,0,0,0,0,0,0,0,0,0,7,0,1,4,0,2,2,1,1,0,11,0,0,0,0,20,5,5,13,18,0,0,0,0,0,0,0,0,0,0,0,0,0,0,0,0,0,0,0,0,0,0,0,0,0,0,0,0,0,0,0,0,0,0,0,0,0,0,0,0,0,0,0,0,0,0,0,0,0,0,0,0,0,0,0,0
Saginaw County Sheriff's Office,2009,Michigan,39933,MI73173,0,0,0,1,0,9,8,1,8,0,1,2,5,507,4,10,39,19,435,135,95,33,7,319,31,8,3,20,1012,72,90,487,577,0,0,0,0,0,0,0,0,0,0,0,2,2,0,0,1,1,0,1,0,0,1,0,93,2,5,12,9,65,11,8,1,2,53,0,0,0,0,159,28,30,64,94,0,0,0,0,0,0,0,0,0,0,0,0,0,0,0,0,0,0,0,0,0,0,0,11,0,1,1,2,7,2,1,0,1,3,0,0,0,0,16,4,4,5,9,0,0,0,0,0,0,0,0,0,0,0,0,0,0,0,0,0,0,0,0,0,0,0,0,0,0,0,0,0,0,0,0,0,0,0,0,0,0,0,0,0,0,0,0,0,0,0,0,0,0,0,0,0,0,0,0
Saginaw County Sheriff's Office,2008,Michigan,38907,MI73173,0,0,0,1,0,6,6,0,13,3,0,1,9,500,17,16,50,33,384,164,120,36,8,431,37,14,5,18,1153,116,136,633,769,0,0,0,0,0,0,0,0,0,0,0,1,1,0,0,2,2,0,4,1,0,0,3,109,4,7,13,5,80,6,4,1,1,58,4,2,0,2,183,29,35,68,103,0,0,0,0,0,0,0,0,0,0,0,0,0,0,0,0,0,0,0,0,0,0,0,5,0,0,2,0,3,0,0,0,0,7,0,0,0,0,12,2,2,7,9,0,0,0,0,0,0,0,0,0,0,0,0,0,0,0,0,0,0,0,0,0,0,0,0,0,0,0,0,0,0,0,0,0,0,0,0,0,0,0,0,0,0,0,0,0,0,0,0,0,0,0,0,0,0,0,0
Saginaw County Sheriff's Office,2007,Michigan,42724,MI73173,0,0,0,0,0,11,10,1,11,3,2,0,6,533,17,7,31,26,452,230,190,25,15,447,45,22,8,15,1281,81,103,726,829,0,0,0,0,0,0,0,0,1,0,1,2,4,0,0,1,1,0,2,0,1,0,1,103,4,4,12,7,76,4,4,0,0,55,1,1,0,0,166,27,30,60,90,0,0,0,0,0,0,0,0,0,0,0,0,0,0,0,0,0,0,2,0,1,0,1,2,0,0,1,0,1,0,0,0,0,4,0,0,0,0,8,1,3,4,7,0,0,0,0,0,0,0,0,0,0,0,0,0,0,0,0,0,0,0,0,0,0,0,0,0,0,0,0,0,0,0,0,0,0,0,0,0,0,0,0,0,0,0,0,0,0,0,0,0,0,0,0,0,0,0,0
Saginaw County Sheriff's Office,2006,Michigan,41517,MI73173,0,0,0,2,0,15,15,0,13,4,1,2,6,635,18,11,35,21,550,177,125,40,12,569,73,50,4,19,1487,85,115,822,937,0,0,0,0,0,0,0,0,2,0,2,1,3,0,0,3,3,0,5,1,1,2,1,141,10,5,5,8,113,10,9,1,0,52,10,7,0,3,221,28,36,72,108,0,0,0,0,0,0,0,0,0,0,0,0,0,0,0,0,0,0,1,0,1,0,0,8,0,0,0,0,8,1,1,0,0,7,3,3,0,0,20,0,1,11,12,0,0,0,0,0,0,0,0,0,0,0,0,0,0,0,0,0,0,0,0,0,0,0,0,0,0,0,0,0,0,0,0,0,0,0,0,0,0,0,0,0,0,0,0,0,0,0,0,0,0,0,0,0,0,0,0
Saginaw County Sheriff's Office,2005,Michigan,41432,MI73173,0,0,0,2,0,14,14,0,10,2,0,2,6,645,10,11,43,12,569,192,153,31,8,632,74,40,4,30,1574,76,102,903,1005,0,0,0,0,0,0,0,0,2,0,2,3,5,0,0,0,0,0,2,0,0,0,2,117,3,8,17,4,85,8,6,2,0,65,7,6,0,1,199,32,34,80,114,0,0,0,0,0,0,0,0,0,0,0,0,0,0,0,0,0,0,0,0,0,0,0,16,0,0,4,0,12,0,0,0,0,11,3,3,0,0,30,4,4,14,18,0,0,0,0,0,0,0,0,0,0,0,0,0,0,0,0,0,0,0,0,0,0,0,0,0,0,0,0,0,0,0,0,0,0,0,0,0,0,0,0,0,0,0,0,0,0,0,0,0,0,0,0,0,0,0,0
Saginaw County Sheriff's Office,2004,Michigan,41520,MI73173,0,0,0,0,0,23,23,0,8,3,1,0,4,643,32,20,42,14,535,214,158,54,2,663,72,50,6,16,1628,108,139,954,1093,0,1,0,0,0,0,0,1,1,0,1,2,5,0,0,1,1,0,0,0,0,0,0,140,8,10,21,7,94,9,9,0,0,67,5,2,2,1,222,46,47,81,128,0,0,0,0,0,0,0,0,0,0,0,0,0,0,0,0,0,0,0,0,0,0,0,16,1,1,6,0,8,2,2,0,0,10,2,1,1,0,30,8,8,14,22,0,0,0,0,0,0,0,0,0,0,0,0,0,0,0,0,0,0,0,0,0,0,0,0,0,0,0,0,0,0,0,0,0,0,0,0,0,0,0,0,0,0,0,0,0,0,0,0,0,0,0,0,0,0,0,0
Saginaw County Sheriff's Office,2003,Michigan,41484,MI73173,0,0,0,1,0,22,22,0,15,6,1,2,6,630,15,17,39,19,540,188,138,40,10,649,65,62,3,0,1577,90,128,909,1037,0,0,0,0,0,0,0,0,0,0,0,6,7,1,0,0,0,0,3,1,1,0,1,125,4,9,14,8,90,28,23,5,0,49,3,2,1,0,209,35,39,80,119,0,0,0,0,0,0,0,0,0,0,0,0,0,0,0,0,0,0,0,0,0,0,0,16,4,3,0,0,9,3,3,0,0,8,1,1,0,0,28,7,7,12,19,0,0,0,0,0,0,0,0,0,0,0,0,0,0,0,0,0,0,0,0,0,0,0,0,0,0,0,0,0,0,0,0,0,0,0,0,0,0,0,0,0,0,0,0,0,0,0,0,0,0,0,0,0,0,0,0
Saginaw County Sheriff's Office,2002,Michigan,41303,MI73173,0,0,0,0,0,16,16,0,8,5,0,1,2,606,11,10,48,15,522,136,101,35,0,616,48,42,3,3,1435,84,108,805,913,0,0,0,0,0,0,0,0,0,0,0,5,5,0,0,0,0,0,0,0,0,0,0,144,4,5,18,9,108,8,6,2,0,41,4,4,0,0,197,36,36,53,89,0,0,0,0,0,0,0,0,0,0,0,0,0,0,0,0,0,0,0,0,0,0,0,10,0,0,0,1,9,3,3,0,0,6,0,0,0,0,19,1,1,9,10,0,0,0,0,0,0,0,0,0,0,0,0,0,0,0,0,0,0,0,0,0,0,0,0,0,0,0,0,0,0,0,0,0,0,0,0,0,0,0,0,0,0,0,0,0,0,0,0,0,0,0,0,0,0,0,0
Saginaw County Sheriff's Office,2001,Michigan,43468,MI73173,0,0,0,1,0,18,18,0,5,2,3,0,0,511,14,7,42,28,420,198,162,36,0,795,76,67,6,3,1605,91,115,1070,1185,0,0,0,0,0,0,1,1,0,0,0,0,1,0,0,4,4,0,0,0,0,0,0,91,1,4,17,7,62,2,1,1,0,40,6,6,0,0,143,29,33,48,81,0,0,0,0,0,0,0,0,0,0,0,0,0,0,0,0,0,0,0,0,0,0,0,12,0,3,1,0,8,0,0,0,0,6,0,0,0,0,18,4,4,6,10,0,0,0,0,0,0,0,0,0,0,0,0,0,0,0,0,0,0,0,0,0,0,0,0,0,0,0,0,0,0,0,0,0,0,0,0,0,0,0,0,0,0,0,0,0,0,0,0,0,0,0,0,0,0,0,0
Saginaw County Sheriff's Office,2000,Michigan,,MI73173,,,,,,,,,,,,,,,,,,,,,,,,,,,,,,,,,,,,,,,,,,,,,,,,,,,,,,,,,,,,,,,,,,,,,,,,,,,,,,,,,,,,,,,,,,,,,,,,,,,,,,,,,,,,,,,,,,,,,,,,,,,,,,,,,,,,,,,,,,,,,,,,,,,,,,,,,,,,,,,,,,,,,,,,,,,,,,,
Saginaw County Sheriff's Office,1999,Michigan,,MI73173,,,,,,,,,,,,,,,,,,,,,,,,,,,,,,,,,,,,,,,,,,,,,,,,,,,,,,,,,,,,,,,,,,,,,,,,,,,,,,,,,,,,,,,,,,,,,,,,,,,,,,,,,,,,,,,,,,,,,,,,,,,,,,,,,,,,,,,,,,,,,,,,,,,,,,,,,,,,,,,,,,,,,,,,,,,,,,,
Saginaw County Sheriff's Office,1998,Michigan,33056,MI73173,0,0,0,3,0,22,22,0,17,0,0,17,0,768,7,4,35,49,673,286,220,66,0,1169,79,79,0,0,2344,95,137,1534,1671,0,0,0,0,0,0,0,0,0,0,0,0,0,0,0,0,0,0,0,0,0,0,0,70,0,2,4,4,60,9,3,6,0,26,0,0,0,0,105,10,10,35,45,0,0,0,0,0,0,0,0,0,0,0,0,0,0,0,0,0,0,0,0,0,0,0,3,0,0,1,0,2,1,0,1,0,10,0,0,0,0,14,1,1,11,12,0,0,0,0,0,0,0,0,0,0,0,0,0,0,0,0,0,0,0,0,0,0,0,1,0,0,0,0,1,0,0,0,0,0,0,0,0,0,1,0,0,0,0,0,0,0,0,0,0,0,0,0,0,0,0,0
Saginaw County Sheriff's Office,1997,Michigan,28933,MI73173,0,0,0,0,0,17,17,0,10,0,0,10,0,680,22,11,54,44,549,208,177,31,0,1146,85,85,0,0,2146,131,158,1439,1597,0,0,0,0,0,0,0,0,0,0,0,0,0,0,0,2,2,0,0,0,0,0,0,31,1,3,3,0,24,2,1,1,0,23,2,2,0,0,60,7,9,27,36,0,0,0,0,0,0,0,0,0,0,0,0,0,0,0,0,0,0,0,0,0,0,0,7,0,2,0,0,5,2,1,1,0,5,1,1,0,0,15,2,2,8,10,0,0,0,0,0,0,0,0,0,0,0,0,0,0,0,0,0,0,0,0,0,0,0,3,0,0,1,0,2,0,0,0,0,0,0,0,0,0,3,1,1,0,1,0,0,0,0,0,0,0,0,0,0,0,0,0
Saginaw County Sheriff's Office,1996,Michigan,28401,MI73173,0,0,0,0,0,21,21,0,11,0,0,11,0,717,33,11,52,51,570,197,162,34,1,1233,106,106,0,0,2285,147,179,1536,1715,0,0,0,0,0,0,0,0,0,0,0,0,0,0,0,0,0,0,1,0,0,1,0,64,3,1,5,1,54,7,5,2,0,67,6,6,0,0,145,10,11,80,91,0,0,0,0,0,0,0,0,0,0,0,0,0,0,0,0,0,0,0,0,0,0,0,2,0,0,0,0,2,0,0,0,0,4,2,2,0,0,8,0,0,6,6,0,0,0,0,0,0,0,0,0,0,0,0,0,0,0,0,0,0,0,0,0,0,0,0,0,0,0,0,0,0,0,0,0,0,0,0,0,0,0,0,0,0,0,0,0,0,0,0,0,0,0,0,0,0,0,0
Saginaw County Sheriff's Office,1995,Michigan,28268,MI73173,0,0,0,3,0,10,10,0,21,0,0,21,0,641,16,8,84,61,472,215,172,43,0,1072,87,87,0,0,2049,169,203,1374,1577,0,0,0,0,0,0,0,0,0,0,0,0,0,0,0,1,1,0,0,0,0,0,0,66,1,1,5,7,52,7,5,2,0,75,4,4,0,0,153,14,15,86,101,0,0,0,0,0,0,0,0,0,0,0,0,0,0,0,0,0,0,0,0,0,0,0,9,0,0,0,2,7,1,1,0,0,6,0,0,0,0,16,2,2,7,9,0,0,0,0,0,0,0,0,0,0,0,0,0,0,0,0,0,0,0,0,0,0,0,1,0,0,0,0,1,0,0,0,0,0,0,0,0,0,1,0,0,0,0,0,0,0,0,0,0,0,0,0,0,0,0,0
Saginaw County Sheriff's Office,1994,Michigan,30552,MI73173,0,0,0,5,0,14,14,0,13,1,0,12,0,432,8,16,43,95,270,189,149,40,0,832,61,61,0,0,1546,162,194,1082,1276,0,0,0,0,0,0,0,0,0,0,0,0,0,0,0,7,7,0,4,0,0,4,0,60,1,3,5,15,36,17,12,5,0,43,3,3,0,0,134,24,35,63,98,0,0,0,0,0,0,0,0,0,0,0,0,0,0,0,0,0,0,0,0,0,0,0,5,0,0,0,2,3,1,1,0,0,7,1,1,0,0,14,2,2,9,11,0,0,0,0,0,0,0,0,0,0,0,0,0,0,0,1,1,0,0,0,0,0,0,1,0,0,0,1,0,1,0,1,0,2,0,0,0,0,5,1,2,3,5,0,0,0,0,0,0,0,0,0,0,0,0,0
Saginaw County Sheriff's Office,1993,Michigan,30495,MI73173,0,0,0,1,0,0,0,0,25,0,0,25,0,467,33,12,40,90,292,197,170,27,0,906,92,91,1,0,1704,175,201,1195,1396,0,0,0,0,0,0,0,0,0,0,0,0,0,2,0,0,0,0,2,0,0,2,0,116,13,4,10,16,73,20,13,7,0,99,18,18,0,0,263,43,47,137,184,0,0,0,0,0,0,0,0,0,0,0,0,0,0,0,0,0,0,1,0,0,1,0,6,1,1,1,1,2,1,1,0,0,7,3,3,0,0,19,4,5,11,16,0,0,0,0,0,0,0,0,0,0,0,0,0,0,0,0,0,0,0,0,0,0,0,2,0,0,0,0,2,0,0,0,0,0,0,0,0,0,2,0,0,0,0,0,0,0,0,0,0,0,0,0,0,0,0,0
Saginaw County Sheriff's Office,1992,Michigan,27705,MI73173,0,0,0,3,0,19,19,0,21,0,0,21,0,490,17,12,32,109,320,275,231,44,0,884,301,301,0,0,1993,170,213,1460,1673,0,0,0,0,0,0,0,0,0,0,0,0,0,2,0,7,7,0,6,0,0,6,0,129,7,3,13,34,72,26,20,6,0,148,63,63,0,0,381,57,72,237,309,0,0,0,0,0,0,0,0,0,0,0,0,0,0,0,0,0,0,0,0,0,0,0,5,0,0,1,1,3,5,3,2,0,8,7,7,0,0,25,2,2,20,22,0,0,0,0,0,0,0,0,0,0,0,0,0,0,0,0,0,0,0,0,0,0,0,1,0,0,0,0,1,0,0,0,0,3,1,1,0,0,5,0,0,4,4,0,0,0,0,0,0,0,0,0,0,0,0,0
Saginaw County Sheriff's Office,1991,Michigan,27503,MI73173,0,0,0,0,0,22,22,0,17,0,0,17,0,477,12,12,27,100,326,265,224,41,0,906,135,135,0,0,1822,151,190,1306,1496,0,0,0,0,0,0,0,0,0,0,0,0,0,0,0,3,3,0,5,0,0,5,0,99,1,2,10,20,66,36,31,5,0,125,8,8,0,0,276,33,41,169,210,0,0,0,0,0,0,0,0,0,0,0,0,0,0,0,0,0,0,0,0,0,0,0,9,0,0,0,2,7,2,2,0,0,13,1,1,0,0,25,2,2,16,18,0,0,0,0,0,0,0,0,0,0,0,0,0,0,0,0,0,0,0,0,0,0,0,0,0,0,0,0,0,0,0,0,0,2,0,0,0,0,2,0,0,2,2,0,0,0,0,0,0,0,0,0,0,0,0,0
Saginaw County Sheriff's Office,1990,Michigan,27290,MI73173,0,0,0,0,0,12,12,0,9,0,0,8,1,442,10,17,25,125,265,233,195,38,0,966,82,82,0,0,1744,177,198,1281,1479,0,0,0,0,0,0,0,0,0,0,0,0,0,0,0,5,5,0,5,0,0,4,1,87,5,6,6,19,51,44,35,9,0,164,7,7,0,0,312,36,46,215,261,0,0,0,0,0,0,0,0,0,0,0,0,0,0,0,0,0,0,1,0,0,0,1,2,0,1,0,0,1,2,1,1,0,11,0,0,0,0,16,1,2,13,15,0,0,0,0,0,0,0,0,0,0,0,0,0,0,0,0,0,0,0,0,0,0,0,0,0,0,0,0,0,0,0,0,0,0,0,0,0,0,0,0,0,0,0,0,0,0,0,0,0,0,0,0,0,0,0,0
Saginaw County Sheriff's Office,1989,Michigan,28463,MI73173,0,0,8,3,0,13,13,0,14,1,0,12,1,388,8,10,39,89,242,276,218,51,7,787,93,93,0,0,1574,146,176,1156,1332,0,0,0,0,0,0,0,0,0,0,0,0,0,0,0,0,0,0,5,1,0,4,0,94,2,4,12,27,49,68,53,14,1,135,26,26,0,0,328,45,50,229,279,0,0,0,0,0,0,0,0,0,0,0,0,0,0,0,0,0,0,0,0,0,0,0,5,0,0,0,2,3,2,1,1,0,15,1,1,0,0,23,2,2,18,20,0,0,0,0,0,0,0,0,0,0,0,0,0,1,0,0,0,0,0,0,0,0,0,0,0,0,0,0,0,0,0,0,0,3,0,0,0,0,4,0,1,3,4,0,0,0,0,0,0,0,0,0,0,0,0,0
Saginaw County Sheriff's Office,1988,Michigan,26980,MI73173,0,0,3,4,0,6,6,0,15,2,0,13,0,405,13,12,33,102,245,257,221,36,0,819,101,101,0,0,1607,160,185,1177,1362,0,0,0,0,0,0,0,0,0,0,0,0,0,0,0,0,0,0,3,0,0,3,0,52,4,1,4,10,33,41,36,5,0,143,32,32,0,0,271,19,22,216,238,0,0,0,0,0,0,0,0,0,0,0,0,0,0,0,0,0,0,0,0,0,0,0,1,0,0,0,1,0,0,0,0,0,14,2,2,0,0,17,1,1,16,17,0,0,0,0,0,0,0,0,0,0,0,0,0,0,0,0,0,0,0,0,0,0,0,1,0,0,0,0,1,0,0,0,0,0,0,0,0,0,1,0,0,0,0,0,0,0,0,0,0,0,0,0,0,0,0,0
Saginaw County Sheriff's Office,1987,Michigan,29322,MI73173,0,0,4,2,0,6,6,0,9,0,0,9,0,283,9,10,23,72,169,220,184,36,0,834,72,61,5,6,1438,114,131,1138,1269,8,1,2,0,0,0,0,11,1,0,1,0,12,1,0,1,1,0,5,0,0,5,0,52,5,5,7,15,20,55,46,9,0,183,10,8,1,1,310,32,39,251,290,1,1,0,0,0,0,0,2,1,0,1,0,3,0,0,0,0,0,0,0,0,0,0,4,1,0,0,2,1,1,0,1,0,15,2,2,0,0,22,3,3,18,21,0,0,0,0,0,0,0,0,0,0,0,0,0,0,0,0,0,0,0,0,0,0,0,0,0,0,0,0,0,1,1,0,0,1,1,1,0,0,3,0,0,3,3,0,0,0,0,0,0,0,0,0,0,0,0,0
Saginaw County Sheriff's Office,1986,Michigan,30780,MI73173,0,0,20,2,0,18,18,0,22,0,1,21,0,349,16,11,49,90,183,278,231,47,0,817,50,38,5,7,1541,166,208,1150,1358,3,0,0,0,0,2,0,5,0,0,0,0,5,0,0,5,5,0,5,0,0,5,0,64,6,2,14,17,25,45,38,7,0,179,14,11,1,2,313,39,49,239,288,1,0,0,0,0,0,0,1,0,0,0,0,1,0,0,0,0,0,1,0,0,1,0,4,3,0,1,0,0,6,6,0,0,18,1,0,0,1,30,4,5,25,30,0,0,0,0,0,0,0,0,0,0,0,0,0,0,0,0,0,0,0,0,0,0,0,2,0,0,1,0,1,2,2,0,0,0,0,0,0,0,4,1,1,2,3,0,0,0,0,0,0,0,0,0,0,0,0,0
Saginaw County Sheriff's Office,1985,Michigan,27157,MI73173,0,0,4,1,0,10,10,0,16,0,0,16,0,406,8,16,56,84,242,255,217,38,0,791,57,37,15,5,1543,164,191,1110,1301,1,0,0,0,3,0,0,4,1,0,1,2,7,0,0,1,1,0,2,0,0,2,0,49,8,8,4,14,15,29,26,3,0,107,12,8,2,2,201,34,37,149,186,0,0,0,0,0,0,0,0,0,0,0,1,1,0,0,0,0,0,0,0,0,0,0,0,0,0,0,0,0,5,5,0,0,4,0,0,0,0,9,0,0,9,9,0,0,0,0,0,0,0,0,0,0,0,0,0,0,0,0,0,0,0,0,0,0,0,3,0,0,0,0,3,0,0,0,0,5,2,2,0,0,10,0,0,7,7,0,0,0,0,0,0,0,0,0,0,0,0,0
Saginaw County Sheriff's Office,1984,Michigan,30303,MI73173,0,0,0,0,0,3,3,0,11,0,1,10,0,388,6,10,42,75,255,289,254,35,0,773,65,57,2,6,1532,133,147,1130,1277,0,0,0,0,0,0,0,0,2,0,2,1,3,1,0,0,0,0,3,0,0,3,0,44,3,6,9,9,17,40,35,5,0,125,9,7,1,1,223,27,31,175,206,0,0,0,0,0,0,0,0,0,0,0,1,1,0,0,0,0,0,0,0,0,0,0,3,0,1,0,1,1,1,1,0,0,7,1,1,0,0,12,2,2,9,11,0,0,0,0,0,0,0,0,0,0,0,0,0,0,0,0,0,0,0,0,0,0,0,3,0,0,1,1,1,4,3,1,0,3,0,0,0,0,10,2,2,7,9,0,0,0,0,0,0,0,0,0,0,0,0,0
Saginaw County Sheriff's Office,1983,Michigan,,MI73173,,,,,,,,,,,,,,,,,,,,,,,,,,,,,,,,,,,,,,,,,,,,,,,,,,,,,,,,,,,,,,,,,,,,,,,,,,,,,,,,,,,,,,,,,,,,,,,,,,,,,,,,,,,,,,,,,,,,,,,,,,,,,,,,,,,,,,,,,,,,,,,,,,,,,,,,,,,,,,,,,,,,,,,,,,,,,,,
Saginaw County Sheriff's Office,1982,Michigan,,MI73173,,,,,,,,,,,,,,,,,,,,,,,,,,,,,,,,,,,,,,,,,,,,,,,,,,,,,,,,,,,,,,,,,,,,,,,,,,,,,,,,,,,,,,,,,,,,,,,,,,,,,,,,,,,,,,,,,,,,,,,,,,,,,,,,,,,,,,,,,,,,,,,,,,,,,,,,,,,,,,,,,,,,,,,,,,,,,,,
Saginaw County Sheriff's Office,1981,Michigan,32373,MI73173,0,0,13,1,1,11,6,5,12,7,0,2,3,248,16,11,7,9,205,424,312,69,43,1055,86,68,8,10,1864,43,67,1591,1658,26,0,0,0,0,0,0,26,0,0,0,0,26,0,1,3,2,1,2,0,0,1,1,212,11,8,5,7,181,97,53,13,31,483,41,37,3,1,839,31,36,621,657,0,0,0,0,0,0,0,0,0,0,0,0,0,0,0,0,0,0,0,0,0,0,0,6,0,0,0,0,6,6,1,0,5,17,0,0,0,0,29,0,0,23,23,0,0,0,0,0,0,0,0,0,0,0,0,0,0,0,0,0,0,0,0,0,0,0,0,0,0,0,0,0,0,0,0,0,0,0,0,0,0,0,0,0,0,0,0,0,0,0,0,0,0,0,0,0,0,0,0
Saginaw County Sheriff's Office,1980,Michigan,32468,MI73173,0,0,0,0,0,18,13,5,13,5,1,2,5,275,11,19,8,2,235,394,311,56,27,1130,101,75,11,15,1952,40,71,1646,1717,0,0,0,0,0,0,0,0,0,0,0,0,21,1,0,6,3,3,3,2,0,0,1,243,8,13,6,2,214,100,69,11,20,566,54,43,3,8,973,29,39,720,759,0,0,0,0,0,0,0,0,0,0,0,0,0,0,0,3,1,2,0,0,0,0,0,14,0,0,1,0,13,3,1,0,2,18,2,2,0,0,40,1,4,23,27,0,0,0,0,0,0,0,0,0,0,0,0,0,0,0,0,0,0,0,0,0,0,0,0,0,0,0,0,0,0,0,0,0,0,0,0,0,0,1,0,0,1,1,0,0,0,0,0,0,0,0,0,0,0,0,1
Saginaw County Sheriff's Office,1979,Michigan,30691,MI73173,0,0,1,1,1,15,10,5,17,11,1,2,3,220,14,9,14,3,180,320,226,56,38,943,95,72,9,14,1631,40,73,1377,1450,0,0,0,0,0,0,0,0,0,0,0,0,19,1,1,9,6,3,7,5,1,1,0,188,7,6,11,3,161,110,60,18,32,488,46,37,6,3,850,27,44,644,688,0,0,0,0,0,0,0,0,0,0,0,0,0,0,0,3,3,0,0,0,0,0,0,11,0,0,2,1,8,1,1,0,0,8,0,0,0,0,23,3,6,9,15,0,0,0,0,0,0,0,0,0,0,0,0,0,0,0,0,0,0,0,0,0,0,0,0,0,0,0,0,0,0,0,0,0,0,0,0,0,0,0,0,0,0,0,0,0,0,0,0,0,0,0,0,0,0,0,0
Saginaw County Sheriff's Office,1978,Michigan,27396,MI73173,0,0,0,3,1,22,18,4,11,4,0,4,3,307,24,8,32,8,235,434,324,62,48,858,90,61,6,23,1726,72,108,1382,1490,,,,,,,,,,,,,,2,1,15,10,5,5,2,0,1,2,230,19,9,16,3,183,148,87,28,33,399,44,27,4,13,844,47,69,591,660,,,,,,,,,,,,,,0,0,7,5,2,1,1,0,0,0,21,0,1,2,1,17,12,8,3,1,42,3,1,0,2,86,4,12,57,69,,,,,,,,,,,,,,0,0,0,0,0,0,0,0,0,0,0,0,0,0,0,0,0,0,0,0,0,0,0,0,0,0,0,0,0,0,,,,,,,,,,,,,
Saginaw County Sheriff's Office,1977,Michigan,34108,MI73173,0,0,0,0,10,26,20,4,34,15,1,8,7,349,25,19,19,5,263,539,363,38,51,1106,104,54,3,22,2168,86,146,1749,1895,,,,,,,,,,,,,,1,5,12,12,0,15,9,1,3,2,219,17,14,8,5,175,156,97,14,45,447,50,39,1,10,905,44,72,653,725,,,,,,,,,,,,,,1,0,7,7,0,1,1,0,0,0,19,2,0,0,0,17,30,26,3,1,66,5,3,0,2,129,2,11,101,112,,,,,,,,,,,,,,0,0,0,0,0,0,0,0,0,0,0,0,0,0,0,0,0,0,0,0,0,0,0,0,0,0,0,0,0,0,,,,,,,,,,,,,
Saginaw County Sheriff's Office,1976,Michigan,40952,MI73173,0,0,1,5,2,22,18,4,26,15,3,2,6,254,20,21,11,17,185,564,450,40,74,914,89,56,3,30,1876,69,122,1567,1689,,,,,,,,,,,,,,5,2,5,5,0,10,4,1,1,4,53,7,8,5,10,23,66,41,3,22,71,17,14,1,2,229,30,50,154,204,,,,,,,,,,,,,,4,0,1,1,0,6,2,0,0,4,8,1,2,2,2,1,12,11,1,0,17,2,1,0,1,50,7,18,31,49,,,,,,,,,,,,,,0,0,0,0,0,0,0,0,0,0,0,0,0,0,0,0,0,0,0,0,0,0,0,0,0,0,0,0,0,0,,,,,,,,,,,,,
Saginaw County Sheriff's Office,1975,Michigan,48773,MI73173,0,0,1,5,1,11,11,0,48,30,9,1,8,267,24,8,107,46,82,776,648,67,61,928,61,35,1,25,2097,185,249,1765,2014,,,,,,,,,,,,,,4,1,3,3,0,13,10,1,0,2,62,7,4,33,11,7,81,70,8,3,64,12,7,1,4,240,55,75,157,232,,,,,,,,,,,,,,0,0,0,0,0,3,3,0,0,0,20,1,2,13,1,3,34,31,2,1,38,2,1,0,1,97,17,20,74,94,,,,,,,,,,,,,,0,0,0,0,0,0,0,0,0,0,0,0,0,0,0,0,0,0,0,0,0,0,0,0,0,0,0,0,0,0,,,,,,,,,,,,,
Saginaw County Sheriff's Office,1974,Michigan,44130,MI73173,0,0,13,7,0,13,10,3,40,25,3,4,8,228,25,9,11,11,172,938,815,66,57,1333,79,56,9,14,2638,56,116,2350,2466,,,,,,,,,,,,,,4,0,4,3,1,3,2,0,0,1,53,8,7,2,7,29,306,296,10,0,104,6,6,0,0,480,24,35,416,451,,,,,,,,,,,,,,0,0,0,0,0,1,1,0,0,0,20,3,2,2,2,11,141,134,7,0,43,4,4,0,0,209,9,10,188,198,,,,,,,,,,,,,,0,0,0,0,0,0,0,0,0,0,0,0,0,0,0,0,0,0,0,0,0,0,0,0,0,0,0,0,0,0,,,,,,,,,,,,,
Saginaw County Sheriff's Office,1973,Michigan,46185,MI73173,0,0,0,8,0,15,12,3,68,53,0,0,15,358,46,17,30,12,253,986,818,80,88,1414,104,104,0,0,2700,105,196,2504,2700,,,,,,,,,,,,,,2,0,1,1,0,14,10,0,0,4,65,12,8,2,4,39,92,82,5,5,127,12,12,0,0,274,26,43,231,274,,,,,,,,,,,,,,0,0,0,0,0,3,3,0,0,0,19,1,5,1,2,10,27,20,4,3,61,6,6,0,0,106,9,12,94,106,,,,,,,,,,,,,,0,0,0,0,0,0,0,0,0,0,0,0,0,0,0,0,0,0,0,0,0,0,0,0,0,0,0,0,0,0,,,,,,,,,,,,,
Saginaw County Sheriff's Office,1972,Michigan,62177,MI73173,0,0,0,6,0,14,12,2,50,37,0,0,13,367,35,15,30,7,280,875,727,66,82,1260,82,82,0,0,2374,87,157,2217,2374,,,,,,,,,,,,,,2,0,1,1,0,7,6,0,0,1,49,3,4,4,4,34,85,82,3,0,99,10,10,0,0,219,15,25,194,219,,,,,,,,,,,,,,0,0,0,0,0,2,1,0,0,1,14,0,3,1,1,9,28,27,1,0,49,3,3,0,0,87,5,7,80,87,,,,,,,,,,,,,,0,0,0,0,0,0,0,0,0,0,0,0,0,0,0,0,0,0,0,0,0,0,0,0,0,0,0,0,0,0,,,,,,,,,,,,,
Saginaw County Sheriff's Office,1971,Michigan,74257,MI73173,0,0,0,3,1,21,19,2,61,46,0,0,15,348,32,18,28,23,247,861,769,51,41,1238,116,116,0,0,2402,101,186,2215,2401,,,,,,,,,,,,,,1,1,6,5,1,9,9,0,0,0,27,4,4,4,4,11,69,63,3,3,77,24,24,0,0,203,16,32,170,202,,,,,,,,,,,,,,0,0,1,0,1,0,0,0,0,0,12,0,2,2,3,5,19,17,1,1,46,17,17,0,0,90,7,8,82,90,,,,,,,,,,,,,,0,0,0,0,0,0,0,0,0,0,0,0,0,0,0,0,0,0,0,0,0,0,0,0,0,0,0,0,0,0,,,,,,,,,,,,,
Saginaw County Sheriff's Office,1970,Michigan,76797,MI73173,0,0,0,7,0,11,7,4,27,17,0,0,10,330,28,14,20,6,262,852,765,27,60,1221,80,80,0,0,2266,68,113,2153,2266,,,,,,,,,,,,,,3,0,1,1,0,1,1,0,0,0,49,5,2,2,3,37,79,68,9,2,108,19,19,0,0,223,12,17,206,223,,,,,,,,,,,,,,0,0,1,1,0,0,0,0,0,0,24,0,0,0,3,21,36,28,7,1,65,15,15,0,0,120,3,4,116,120,,,,,,,,,,,,,,0,0,0,0,0,0,0,0,0,0,0,0,0,0,0,0,0,0,0,0,0,0,0,0,0,0,0,0,0,0,,,,,,,,,,,,,
Saginaw County Sheriff's Office,1969,Michigan,110986,MI73173,0,0,0,2,0,7,5,2,34,28,0,0,6,91,7,3,0,0,81,351,294,25,32,672,59,59,0,0,1135,10,53,1082,1135,,,,,,,,,,,,,,1,0,0,0,0,8,7,0,0,1,21,3,2,0,0,16,29,22,4,3,29,8,8,0,0,80,5,14,66,80,,,,,,,,,,,,,,0,0,0,0,0,1,0,0,0,1,10,0,2,0,0,8,15,10,3,2,10,7,7,0,0,35,2,3,32,35,,,,,,,,,,,,,,0,0,0,0,0,0,0,0,0,0,0,0,0,0,0,0,0,0,0,0,0,0,0,0,0,0,0,0,0,0,,,,,,,,,,,,,
Saginaw County Sheriff's Office,1968,Michigan,106673,MI73173,0,0,0,1,0,6,4,2,17,14,0,0,3,80,2,3,1,2,72,223,173,16,34,590,37,37,0,0,882,8,32,850,882,,,,,,,,,,,,,,1,0,3,2,1,2,2,0,0,0,22,2,3,0,1,16,38,30,6,2,34,8,8,0,0,92,6,12,80,92,,,,,,,,,,,,,,0,0,0,0,0,0,0,0,0,0,2,0,0,0,0,2,12,8,3,1,18,4,4,0,0,34,0,0,34,34,,,,,,,,,,,,,,0,0,0,0,0,0,0,0,0,0,0,0,0,0,0,0,0,0,0,0,0,0,0,0,0,0,0,0,0,0,,,,,,,,,,,,,
Saginaw County Sheriff's Office,1967,Michigan,107272,MI73173,0,0,0,0,0,2,2,0,10,6,0,0,4,67,1,3,0,1,62,226,195,11,20,695,32,32,0,0,970,5,17,953,970,,,,,,,,,,,,,,0,0,0,0,0,4,2,0,0,2,12,1,1,0,1,9,51,50,0,1,128,7,7,0,0,193,3,7,186,193,,,,,,,,,,,,,,0,0,0,0,0,0,0,0,0,0,0,0,0,0,0,0,17,17,0,0,49,3,3,0,0,69,0,0,69,69,,,,,,,,,,,,,,0,0,0,0,0,0,0,0,0,0,0,0,0,0,0,0,0,0,0,0,0,0,0,0,0,0,0,0,0,0,,,,,,,,,,,,,
Saginaw County Sheriff's Office,1966,Michigan,100385,MI73173,0,0,0,1,0,7,5,2,9,6,0,0,3,60,1,0,0,3,56,185,151,13,21,638,37,37,0,0,881,4,21,860,881,,,,,,,,,,,,,,1,0,2,0,2,3,1,0,0,1,18,1,0,0,2,15,44,37,0,1,111,8,8,0,0,172,3,9,163,172,,,,,,,,,,,,,,0,0,0,0,0,0,0,0,0,0,0,0,0,0,0,0,22,18,0,1,44,4,4,0,0,70,0,0,70,70,,,,,,,,,,,,,,0,0,0,0,0,0,0,0,0,0,0,0,0,0,0,0,0,0,0,0,0,0,0,0,0,0,0,0,0,0,,,,,,,,,,,,,
Saginaw County Sheriff's Office,1965,Michigan,97500,MI73173,0,0,0,1,0,7,4,3,11,5,0,0,6,56,2,4,0,1,49,201,158,22,21,671,42,42,0,0,940,7,26,914,940,,,,,,,,,,,,,,1,0,2,1,1,1,0,0,0,1,16,2,3,0,1,10,34,20,3,0,103,8,8,0,0,155,6,10,145,155,,,,,,,,,,,,,,0,0,1,1,0,0,0,0,0,0,0,0,0,0,0,0,21,9,1,0,46,4,4,0,0,72,0,1,71,72,,,,,,,,,,,,,,0,0,0,0,0,0,0,0,0,0,0,0,0,0,0,0,0,0,0,0,0,0,0,0,0,0,0,0,0,0,,,,,,,,,,,,,
Saginaw County Sheriff's Office,1964,Michigan,93790,MI73173,0,0,0,2,0,2,2,0,2,0,0,0,2,44,1,1,0,1,41,155,108,14,18,582,44,44,0,0,790,3,9,781,790,,,,,,,,,,,,,,2,0,1,1,0,0,0,0,0,0,18,1,1,0,0,16,54,29,1,3,98,27,27,0,0,184,2,5,179,184,,,,,,,,,,,,,,0,0,0,0,0,0,0,0,0,0,2,0,0,0,0,2,16,4,0,2,47,18,18,0,0,81,0,0,81,81,,,,,,,,,,,,,,0,0,0,0,0,0,0,0,0,0,0,0,0,0,0,0,0,0,0,0,0,0,0,0,0,0,0,0,0,0,,,,,,,,,,,,,
Saginaw County Sheriff's Office,1963,Michigan,97742,MI73173,0,0,0,1,0,2,0,0,1,0,0,0,0,10,0,0,0,0,0,144,0,0,0,549,13,13,0,0,720,10,14,706,720,,,,,,,,,,,,,,0,0,0,0,0,0,0,0,0,0,0,0,0,0,0,0,0,0,0,0,0,0,0,0,0,0,0,0,0,0,,,,,,,,,,,,,,0,0,0,0,0,0,0,0,0,0,0,0,0,0,0,0,0,0,0,0,0,0,0,0,0,0,0,0,0,0,,,,,,,,,,,,,,0,0,0,0,0,0,0,0,0,0,0,0,0,0,0,0,0,0,0,0,0,0,0,0,0,0,0,0,0,0,,,,,,,,,,,,,
Saginaw County Sheriff's Office,1962,Michigan,93195,MI73173,0,0,0,0,0,0,0,0,3,0,0,0,0,2,0,0,0,0,0,152,0,0,0,477,20,20,0,0,654,2,5,649,654,,,,,,,,,,,,,,0,0,0,0,0,0,0,0,0,0,0,0,0,0,0,0,0,0,0,0,0,0,0,0,0,0,0,0,0,0,,,,,,,,,,,,,,0,0,0,0,0,0,0,0,0,0,0,0,0,0,0,0,0,0,0,0,0,0,0,0,0,0,0,0,0,0,,,,,,,,,,,,,,0,0,0,0,0,0,0,0,0,0,0,0,0,0,0,0,0,0,0,0,0,0,0,0,0,0,0,0,0,0,,,,,,,,,,,,,
Saginaw County Sheriff's Office,1961,Michigan,89717,MI73173,0,0,0,1,0,4,0,0,5,0,0,0,0,3,0,0,0,0,0,176,0,0,0,556,16,16,0,0,761,3,13,748,761,,,,,,,,,,,,,,0,0,0,0,0,0,0,0,0,0,0,0,0,0,0,0,0,0,0,0,0,0,0,0,0,0,0,0,0,0,,,,,,,,,,,,,,0,0,0,0,0,0,0,0,0,0,0,0,0,0,0,0,0,0,0,0,0,0,0,0,0,0,0,0,0,0,,,,,,,,,,,,,,0,0,0,0,0,0,0,0,0,0,0,0,0,0,0,0,0,0,0,0,0,0,0,0,0,0,0,0,0,0,,,,,,,,,,,,,
Saginaw County Sheriff's Office,1960,Michigan,89717,MI73173,0,0,0,1,0,3,0,0,4,0,0,0,0,5,0,0,0,0,0,189,0,0,0,473,12,12,0,0,687,5,13,674,687,,,,,,,,,,,,,,0,0,0,0,0,0,0,0,0,0,0,0,0,0,0,0,0,0,0,0,0,0,0,0,0,0,0,0,0,0,,,,,,,,,,,,,,0,0,0,0,0,0,0,0,0,0,0,0,0,0,0,0,0,0,0,0,0,0,0,0,0,0,0,0,0,0,,,,,,,,,,,,,,0,0,0,0,0,0,0,0,0,0,0,0,0,0,0,0,0,0,0,0,0,0,0,0,0,0,0,0,0,0,,,,,,,,,,,,,
