agency,year,state,population,ORI,officers_killed_by_felony,officers_killed_by_accident,officers_assaulted,actual_murder,actual_manslaughter,actual_rape_total,actual_rape_by_force,actual_rape_attempted,actual_robbery_total,actual_robbery_with_a_gun,actual_robbery_with_a_knife,actual_robbery_other_weapon,actual_robbery_unarmed,actual_assault_total,actual_assault_with_a_gun,actual_assault_with_a_knife,actual_assault_other_weapon,actual_assault_unarmed,actual_assault_simple,actual_burg_total,actual_burg_force_entry,actual_burg_nonforce_entry,actual_burg_attempted,actual_theft_total,actual_mtr_veh_theft_total,actual_mtr_veh_theft_car,actual_mtr_veh_theft_truck,actual_mtr_veh_theft_other,actual_all_crimes,actual_assault_aggravated,actual_index_violent,actual_index_property,actual_index_total,actual_arson_single_occupancy,actual_arson_other_residential,actual_arson_storage,actual_arson_industrial,actual_arson_other_commercial,actual_arson_community_public,actual_arson_all_oth_structures,actual_arson_total_structures,actual_arson_motor_vehicles,actual_arson_other_mobile,actual_arson_total_mobile,actual_arson_all_other,actual_arson_grand_total,tot_clr_murder,tot_clr_manslaughter,tot_clr_rape_total,tot_clr_rape_by_force,tot_clr_rape_attempted,tot_clr_robbery_total,tot_clr_robbery_with_a_gun,tot_clr_robbery_with_a_knife,tot_clr_robbery_other_weapon,tot_clr_robbery_unarmed,tot_clr_assault_total,tot_clr_assault_with_a_gun,tot_clr_assault_with_a_knife,tot_clr_assault_other_weapon,tot_clr_assault_unarmed,tot_clr_assault_simple,tot_clr_burg_total,tot_clr_burg_force_entry,tot_clr_burg_nonforce_entry,tot_clr_burg_attempted,tot_clr_theft_total,tot_clr_mtr_veh_theft_total,tot_clr_mtr_veh_theft_car,tot_clr_mtr_veh_theft_truck,tot_clr_mtr_veh_theft_other,tot_clr_all_crimes,tot_clr_assault_aggravated,tot_clr_index_violent,tot_clr_index_property,tot_clr_index_total,tot_clr_arson_single_occupancy,tot_clr_arson_other_residential,tot_clr_arson_storage,tot_clr_arson_industrial,tot_clr_arson_other_commercial,tot_clr_arson_community_public,tot_clr_arson_all_oth_structures,tot_clr_arson_total_structures,tot_clr_arson_motor_vehicles,tot_clr_arson_other_mobile,tot_clr_arson_total_mobile,tot_clr_arson_all_other,tot_clr_arson_grand_total,clr_18_murder,clr_18_manslaughter,clr_18_rape_total,clr_18_rape_by_force,clr_18_rape_attempted,clr_18_robbery_total,clr_18_robbery_with_a_gun,clr_18_robbery_with_a_knife,clr_18_robbery_other_weapon,clr_18_robbery_unarmed,clr_18_assault_total,clr_18_assault_with_a_gun,clr_18_assault_with_a_knife,clr_18_assault_other_weapon,clr_18_assault_unarmed,clr_18_assault_simple,clr_18_burg_total,clr_18_burg_force_entry,clr_18_burg_nonforce_entry,clr_18_burg_attempted,clr_18_theft_total,clr_18_mtr_veh_theft_total,clr_18_mtr_veh_theft_car,clr_18_mtr_veh_theft_truck,clr_18_mtr_veh_theft_other,clr_18_all_crimes,clr_18_assault_aggravated,clr_18_index_violent,clr_18_index_property,clr_18_index_total,clr_18_arson_single_occupancy,clr_18_arson_other_residential,clr_18_arson_storage,clr_18_arson_industrial,clr_18_arson_other_commercial,clr_18_arson_community_public,clr_18_arson_all_oth_structures,clr_18_arson_total_structures,clr_18_arson_motor_vehicles,clr_18_arson_other_mobile,clr_18_arson_total_mobile,clr_18_arson_all_other,clr_18_arson_grand_total,unfound_murder,unfound_manslaughter,unfound_rape_total,unfound_rape_by_force,unfound_rape_attempted,unfound_robbery_total,unfound_robbery_with_a_gun,unfound_robbery_with_a_knife,unfound_robbery_other_weapon,unfound_robbery_unarmed,unfound_assault_total,unfound_assault_with_a_gun,unfound_assault_with_a_knife,unfound_assault_other_weapon,unfound_assault_unarmed,unfound_assault_simple,unfound_burg_total,unfound_burg_force_entry,unfound_burg_nonforce_entry,unfound_burg_attempted,unfound_theft_total,unfound_mtr_veh_theft_total,unfound_mtr_veh_theft_car,unfound_mtr_veh_theft_truck,unfound_mtr_veh_theft_other,unfound_all_crimes,unfound_assault_aggravated,unfound_index_violent,unfound_index_property,unfound_index_total,unfound_arson_single_occupancy,unfound_arson_other_residential,unfound_arson_storage,unfound_arson_industrial,unfound_arson_other_commercial,unfound_arson_community_public,unfound_arson_all_oth_structures,unfound_arson_total_structures,unfound_arson_motor_vehicles,unfound_arson_other_mobile,unfound_arson_total_mobile,unfound_arson_all_other,unfound_arson_grand_total
Sp: Missaukee County,2022,Michigan,0,MI57057,0,0,0,0,0,12,12,0,0,0,0,0,0,31,1,1,1,0,28,14,14,0,0,11,2,2,0,0,71,3,15,28,43,0,0,0,0,0,0,0,0,1,0,1,0,1,0,0,7,7,0,0,0,0,0,0,25,1,1,1,0,22,7,6,1,0,7,5,5,0,0,52,3,10,20,30,0,0,0,0,0,0,0,0,1,0,1,0,1,0,0,2,2,0,0,0,0,0,0,4,0,0,1,0,3,1,1,0,0,0,1,1,0,0,8,1,3,2,5,0,0,0,0,0,0,0,0,0,0,0,0,0,0,0,0,0,0,0,0,0,0,0,0,0,0,0,0,0,0,0,0,0,0,0,0,0,0,0,0,0,0,0,0,0,0,0,0,0,0,0,0,0,0,0,0
Sp: Missaukee County,2021,Michigan,0,MI57057,0,0,0,1,0,4,4,0,0,0,0,0,0,47,2,1,2,3,39,5,4,1,0,14,6,5,1,0,77,8,13,25,38,0,0,0,0,0,0,0,0,0,0,0,0,0,0,0,6,6,0,0,0,0,0,0,44,1,1,2,3,37,2,2,0,0,8,2,2,0,0,62,7,13,12,25,0,0,0,0,0,0,0,0,0,0,0,0,0,0,0,1,1,0,0,0,0,0,0,2,0,0,0,0,2,0,0,0,0,1,0,0,0,0,4,0,1,1,2,0,0,0,0,0,0,0,0,0,0,0,0,0,0,0,0,0,0,0,0,0,0,0,0,0,0,0,0,0,0,0,0,0,0,0,0,0,0,0,0,0,0,0,0,0,0,0,0,0,0,0,0,0,0,0,0
Sp: Missaukee County,2020,Michigan,0,MI57057,0,0,0,0,0,11,11,0,0,0,0,0,0,30,1,2,1,0,26,7,6,0,1,15,3,3,0,0,66,4,15,25,40,0,0,0,0,0,0,0,0,0,0,0,0,0,0,0,4,4,0,0,0,0,0,0,25,1,2,1,0,21,1,1,0,0,7,4,3,0,1,41,4,8,12,20,0,0,0,0,0,0,0,0,0,0,0,0,0,0,0,0,0,0,0,0,0,0,0,2,0,1,0,0,1,0,0,0,0,0,0,0,0,0,2,1,1,0,1,0,0,0,0,0,0,0,0,0,0,0,0,0,0,0,0,0,0,0,0,0,0,0,0,0,0,0,0,0,0,0,0,0,0,0,0,0,0,0,0,0,0,0,0,0,0,0,0,0,0,0,0,0,0,0,0
Sp: Missaukee County,2019,Michigan,0,MI57057,0,0,0,0,0,1,1,0,0,0,0,0,0,15,0,0,0,3,12,2,2,0,0,3,5,2,1,2,26,3,4,10,14,0,0,0,0,0,0,0,0,0,0,0,0,0,0,0,0,0,0,0,0,0,0,0,14,0,0,0,2,12,1,1,0,0,1,0,0,0,0,16,2,2,2,4,0,0,0,0,0,0,0,0,0,0,0,0,0,0,0,0,0,0,0,0,0,0,0,1,0,0,0,0,1,0,0,0,0,0,0,0,0,0,1,0,0,0,0,0,0,0,0,0,0,0,0,0,0,0,0,0,0,0,0,0,0,0,0,0,0,0,0,0,0,0,0,0,0,0,0,0,0,0,0,0,0,0,0,0,0,0,0,0,0,0,0,0,0,0,0,0,0,0,0
Sp: Missaukee County,2018,Michigan,,MI57057,,,,,,,,,,,,,,,,,,,,,,,,,,,,,,,,,,,,,,,,,,,,,,,,,,,,,,,,,,,,,,,,,,,,,,,,,,,,,,,,,,,,,,,,,,,,,,,,,,,,,,,,,,,,,,,,,,,,,,,,,,,,,,,,,,,,,,,,,,,,,,,,,,,,,,,,,,,,,,,,,,,,,,,,,,,,,,,
Sp: Missaukee County,2017,Michigan,0,MI57057,0,0,0,0,0,1,1,0,0,0,0,0,0,17,1,0,1,2,13,5,4,1,0,3,2,1,1,0,28,4,5,10,15,0,0,0,0,0,0,0,0,0,0,0,0,0,0,0,0,0,0,0,0,0,0,0,15,0,0,1,1,13,1,0,1,0,1,0,0,0,0,17,2,2,2,4,0,0,0,0,0,0,0,0,0,0,0,0,0,0,0,0,0,0,0,0,0,0,0,0,0,0,0,0,0,1,0,1,0,0,0,0,0,0,1,0,0,1,1,0,0,0,0,0,0,0,0,0,0,0,0,0,0,0,0,0,0,0,0,0,0,0,0,0,0,0,0,0,0,0,0,0,0,0,0,0,0,0,0,0,0,0,0,0,0,0,0,0,0,0,0,0,0,0,0
Sp: Missaukee County,2016,Michigan,0,MI57057,0,0,0,0,0,5,5,0,0,0,0,0,0,9,0,0,3,0,6,1,1,0,0,5,1,1,0,0,21,3,8,7,15,0,0,0,0,0,0,0,0,0,0,0,0,0,0,0,2,2,0,0,0,0,0,0,5,0,0,2,0,3,1,1,0,0,1,1,1,0,0,10,2,4,3,7,0,0,0,0,0,0,0,0,0,0,0,0,0,0,0,1,1,0,0,0,0,0,0,0,0,0,0,0,0,0,0,0,0,0,1,1,0,0,2,0,1,1,2,0,0,0,0,0,0,0,0,0,0,0,0,0,0,0,0,0,0,0,0,0,0,0,0,0,0,0,0,0,0,0,0,0,0,0,0,0,0,0,0,0,0,0,0,0,0,0,0,0,0,0,0,0,0,0,0
Sp: Missaukee County,2015,Michigan,0,MI57057,0,0,0,0,0,2,2,0,0,0,0,0,0,15,0,0,1,0,14,4,4,0,0,10,1,1,0,0,32,1,3,15,18,0,0,0,0,0,0,0,0,0,0,0,0,0,0,0,0,0,0,0,0,0,0,0,15,0,0,0,0,15,2,2,0,0,6,1,1,0,0,24,0,0,9,9,0,0,0,0,0,0,0,0,0,0,0,0,0,0,0,0,0,0,0,0,0,0,0,1,0,0,0,0,1,0,0,0,0,1,0,0,0,0,2,0,0,1,1,0,0,0,0,0,0,0,0,0,0,0,0,0,0,0,0,0,0,0,0,0,0,0,0,0,0,0,0,0,0,0,0,0,0,0,0,0,0,0,0,0,0,0,0,0,0,0,0,0,0,0,0,0,0,0,0
Sp: Missaukee County,2014,Michigan,0,MI57057,0,0,0,0,0,2,2,0,0,0,0,0,0,14,0,1,3,0,10,1,1,0,0,7,0,0,0,0,24,4,6,8,14,0,0,0,0,0,0,0,0,0,0,0,0,0,0,0,4,4,0,0,0,0,0,0,11,0,1,2,0,8,0,0,0,0,1,0,0,0,0,16,3,7,1,8,0,0,0,0,0,0,0,0,0,0,0,0,0,0,0,1,1,0,0,0,0,0,0,0,0,0,0,0,0,0,0,0,0,1,0,0,0,0,2,0,1,1,2,0,0,0,0,0,0,0,0,0,0,0,0,0,0,0,0,0,0,0,0,0,0,0,0,0,0,0,0,0,0,0,0,0,0,0,0,0,0,0,0,0,0,0,0,0,0,0,0,0,0,0,0,0,0,0,0
Sp: Missaukee County,2013,Michigan,0,MI57057,0,0,0,0,0,4,4,0,0,0,0,0,0,16,1,0,0,0,15,4,4,0,0,10,1,1,0,0,35,1,5,15,20,0,0,0,0,0,0,0,0,0,0,0,0,0,0,0,3,3,0,0,0,0,0,0,13,1,0,0,0,12,1,1,0,0,3,1,1,0,0,21,1,4,5,9,0,0,0,0,0,0,0,0,0,0,0,0,0,0,0,1,1,0,0,0,0,0,0,1,0,0,0,0,1,1,1,0,0,0,1,1,0,0,4,0,1,2,3,0,0,0,0,0,0,0,0,0,0,0,0,0,0,0,0,0,0,0,0,0,0,0,0,0,0,0,0,0,0,0,0,0,0,0,0,0,0,0,0,0,0,0,0,0,0,0,0,0,0,0,0,0,0,0,0
Sp: Missaukee County,2012,Michigan,,MI57057,,,,,,,,,,,,,,,,,,,,,,,,,,,,,,,,,,,,,,,,,,,,,,,,,,,,,,,,,,,,,,,,,,,,,,,,,,,,,,,,,,,,,,,,,,,,,,,,,,,,,,,,,,,,,,,,,,,,,,,,,,,,,,,,,,,,,,,,,,,,,,,,,,,,,,,,,,,,,,,,,,,,,,,,,,,,,,,
Sp: Missaukee County,2011,Michigan,0,MI57057,0,0,0,0,0,0,0,0,0,0,0,0,0,8,1,0,1,0,6,5,5,0,0,10,0,0,0,0,24,2,2,16,18,0,0,0,0,0,0,0,0,1,0,1,0,1,0,0,0,0,0,0,0,0,0,0,7,1,0,1,1,4,0,0,0,0,6,0,0,0,0,13,3,3,6,9,0,0,0,0,0,0,0,0,0,0,0,0,0,0,0,0,0,0,0,0,0,0,0,2,0,0,0,1,1,0,0,0,0,0,0,0,0,0,2,1,1,0,1,0,0,0,0,0,0,0,0,0,0,0,0,0,0,0,0,0,0,0,0,0,0,0,0,0,0,0,0,0,0,0,0,0,0,0,0,0,0,0,0,0,0,0,0,0,0,0,0,0,0,0,0,0,0,0,0
Sp: Missaukee County,2010,Michigan,0,MI57057,0,0,0,0,0,1,1,0,0,0,0,0,0,10,0,0,2,1,7,12,12,0,0,14,0,0,0,0,37,3,4,26,30,0,0,0,0,0,0,0,0,0,0,0,0,0,0,0,0,0,0,0,0,0,0,0,9,0,0,2,0,7,1,1,0,0,5,0,0,0,0,15,2,2,6,8,0,0,0,0,0,0,0,0,0,0,0,0,0,0,0,0,0,0,0,0,0,0,0,1,0,0,0,0,1,1,1,0,0,0,0,0,0,0,2,0,0,1,1,0,0,0,0,0,0,0,0,0,0,0,0,0,0,0,0,0,0,0,0,0,0,0,0,0,0,0,0,0,0,0,0,0,0,0,0,0,0,0,0,0,0,0,0,0,0,0,0,0,0,0,0,0,0,0,0
Sp: Missaukee County,2009,Michigan,0,MI57057,0,0,0,0,0,2,2,0,0,0,0,0,0,14,1,0,0,0,13,6,6,0,0,16,3,2,1,0,42,1,3,26,29,0,0,0,0,0,0,0,0,0,0,0,1,1,0,0,5,5,0,0,0,0,0,0,13,0,0,0,1,12,2,2,0,0,5,1,1,0,0,27,1,6,9,15,0,0,0,0,0,0,0,0,0,0,0,1,1,0,0,1,1,0,0,0,0,0,0,2,0,0,0,0,2,1,1,0,0,1,1,1,0,0,7,0,1,4,5,0,0,0,0,0,0,0,0,0,0,0,1,1,0,0,0,0,0,0,0,0,0,0,0,0,0,0,0,0,0,0,0,0,0,0,0,0,0,0,0,0,0,0,0,0,0,0,0,0,0,0,0,0,0,0,0
Sp: Missaukee County,2008,Michigan,0,MI57057,0,0,0,1,0,6,6,0,0,0,0,0,0,24,1,1,2,2,18,7,7,0,0,18,5,4,0,1,63,6,13,32,45,1,1,0,0,0,0,0,2,0,0,0,0,2,1,0,2,2,0,0,0,0,0,0,20,1,1,1,1,16,3,3,0,0,3,4,4,0,0,33,4,7,10,17,0,0,0,0,0,0,0,0,0,0,0,0,0,0,0,0,0,0,0,0,0,0,0,0,0,0,0,0,0,1,1,0,0,2,0,0,0,0,3,0,0,3,3,0,0,0,0,0,0,0,0,0,0,0,0,0,0,0,0,0,0,0,0,0,0,0,0,0,0,0,0,0,0,0,0,0,0,0,0,0,0,0,0,0,0,0,0,0,0,0,0,0,0,0,0,0,0,0,0
Sp: Missaukee County,2007,Michigan,0,MI57057,0,0,0,0,0,5,5,0,0,0,0,0,0,20,1,0,1,1,17,13,13,0,0,23,4,2,2,0,65,3,8,40,48,0,0,0,0,0,0,0,0,0,0,0,0,0,0,0,2,2,0,0,0,0,0,0,16,1,0,0,1,14,1,1,0,0,5,2,2,0,0,26,2,4,8,12,0,0,0,0,0,0,0,0,0,0,0,0,0,0,0,0,0,0,0,0,0,0,0,3,0,0,0,1,2,1,1,0,0,1,1,1,0,0,6,1,1,3,4,0,0,0,0,0,0,0,0,0,0,0,0,0,0,0,0,0,0,0,0,0,0,0,0,0,0,0,0,0,0,0,0,0,0,0,0,0,0,0,0,0,0,0,0,0,0,0,0,0,0,0,0,0,0,0,0
Sp: Missaukee County,2006,Michigan,0,MI57057,0,0,0,0,0,7,7,0,0,0,0,0,0,18,0,1,0,0,17,18,18,0,0,23,3,3,0,0,69,1,8,44,52,0,0,0,0,0,0,0,0,0,0,0,0,0,0,0,3,3,0,0,0,0,0,0,10,0,1,0,0,9,2,2,0,0,3,1,1,0,0,19,1,4,6,10,0,0,0,0,0,0,0,0,0,0,0,0,0,0,0,1,1,0,0,0,0,0,0,1,0,0,0,0,1,0,0,0,0,1,0,0,0,0,3,0,1,1,2,0,0,0,0,0,0,0,0,0,0,0,0,0,0,0,0,0,0,0,0,0,0,0,0,0,0,0,0,0,0,0,0,0,0,0,0,0,0,0,0,0,0,0,0,0,0,0,0,0,0,0,0,0,0,0,0
Sp: Missaukee County,2005,Michigan,0,MI57057,0,0,0,0,0,3,3,0,0,0,0,0,0,32,0,1,2,1,28,28,25,2,1,20,2,1,1,0,85,4,7,50,57,0,0,0,0,0,0,0,0,0,0,0,0,0,0,0,0,0,0,0,0,0,0,0,24,0,0,0,1,23,5,5,0,0,3,0,0,0,0,32,1,1,8,9,0,0,0,0,0,0,0,0,0,0,0,0,0,0,0,0,0,0,0,0,0,0,0,2,0,0,0,0,2,1,1,0,0,0,0,0,0,0,3,0,0,1,1,0,0,0,0,0,0,0,0,0,0,0,0,0,0,0,0,0,0,0,0,0,0,0,0,0,0,0,0,0,0,0,0,0,0,0,0,0,0,0,0,0,0,0,0,0,0,0,0,0,0,0,0,0,0,0,0
Sp: Missaukee County,2004,Michigan,0,MI57057,0,0,0,0,0,1,1,0,0,0,0,0,0,14,1,0,0,2,11,14,14,0,0,19,3,1,0,2,51,3,4,36,40,0,0,0,0,0,0,0,0,0,0,0,0,0,0,0,0,0,0,0,0,0,0,0,8,1,0,0,2,5,5,5,0,0,4,0,0,0,0,17,3,3,9,12,0,0,0,0,0,0,0,0,0,0,0,0,0,0,0,0,0,0,0,0,0,0,0,2,0,0,0,1,1,1,1,0,0,1,0,0,0,0,4,1,1,2,3,0,0,0,0,0,0,0,0,0,0,0,0,0,0,0,0,0,0,0,0,0,0,0,0,0,0,0,0,0,0,0,0,0,0,0,0,0,0,0,0,0,0,0,0,0,0,0,0,0,0,0,0,0,0,0,0
Sp: Missaukee County,2003,Michigan,0,MI57057,0,0,0,0,0,1,1,0,0,0,0,0,0,20,1,0,3,0,16,15,15,0,0,20,2,1,1,0,60,4,5,39,44,0,1,0,0,0,0,1,2,0,0,0,0,2,0,0,1,1,0,0,0,0,0,0,9,0,0,0,0,9,1,1,0,0,3,1,1,0,0,15,0,1,5,6,0,0,0,0,0,0,0,0,0,0,0,0,0,0,0,1,1,0,0,0,0,0,0,2,0,0,0,0,2,0,0,0,0,0,1,1,0,0,4,0,1,1,2,0,0,0,0,0,0,0,0,0,0,0,0,0,0,0,0,0,0,0,0,0,0,0,0,0,0,0,0,0,0,0,0,0,0,0,0,0,0,0,0,0,0,0,0,0,0,0,0,0,0,0,0,0,0,0,0
Sp: Missaukee County,2002,Michigan,0,MI57057,0,0,0,0,0,5,5,0,0,0,0,0,0,17,1,0,0,2,14,30,30,0,0,19,4,4,0,0,76,3,8,54,62,0,0,1,0,0,0,0,1,0,0,0,0,1,0,0,5,5,0,0,0,0,0,0,10,1,0,0,1,8,6,6,0,0,5,4,4,0,0,30,2,7,15,22,0,0,0,0,0,0,0,0,0,0,0,0,0,0,0,0,0,0,0,0,0,0,0,2,0,0,0,0,2,3,3,0,0,1,3,3,0,0,9,0,0,7,7,0,0,0,0,0,0,0,0,0,0,0,0,0,0,0,0,0,0,0,0,0,0,0,0,0,0,0,0,0,0,0,0,0,0,0,0,0,0,0,0,0,0,0,0,0,0,0,0,0,0,0,0,0,0,0,0
Sp: Missaukee County,2001,Michigan,0,MI57057,0,0,0,0,0,2,2,0,0,0,0,0,0,24,3,2,2,0,17,32,31,1,0,23,3,3,0,0,84,7,9,58,67,0,0,0,0,0,0,0,0,0,0,0,0,0,0,0,1,1,0,0,0,0,0,0,13,3,1,2,0,7,6,6,0,0,4,1,1,0,0,25,6,7,11,18,0,0,0,0,0,0,0,0,0,0,0,0,0,0,0,0,0,0,0,0,0,0,0,5,1,0,0,0,4,1,1,0,0,2,0,0,0,0,8,1,1,3,4,0,0,0,0,0,0,0,0,0,0,0,0,0,0,0,0,0,0,0,0,0,0,0,0,0,0,0,0,0,0,0,0,0,0,0,0,0,0,0,0,0,0,0,0,0,0,0,0,0,0,0,0,0,0,0,0
Sp: Missaukee County,2000,Michigan,0,MI57057,0,0,0,0,0,3,3,0,1,0,0,0,1,35,3,1,2,0,29,26,26,0,0,16,4,4,0,0,85,6,10,46,56,0,0,0,0,0,0,0,0,0,0,0,0,0,0,0,1,1,0,1,0,0,0,1,17,3,1,0,0,13,10,10,0,0,3,4,4,0,0,36,4,6,17,23,0,0,0,0,0,0,0,0,0,0,0,0,0,0,0,0,0,0,0,0,0,0,0,0,0,0,0,0,0,2,2,0,0,2,2,2,0,0,6,0,0,6,6,0,0,0,0,0,0,0,0,0,0,0,0,0,0,0,0,0,0,0,0,0,0,0,0,0,0,0,0,0,0,0,0,0,0,0,0,0,0,0,0,0,0,0,0,0,0,0,0,0,0,0,0,0,0,0,0
Sp: Missaukee County,1999,Michigan,0,MI57057,0,0,0,0,0,4,4,0,2,1,0,0,1,33,0,2,2,1,28,25,25,0,0,28,2,0,2,0,94,5,11,55,66,0,0,0,0,0,0,0,0,0,0,0,0,0,0,0,3,3,0,0,0,0,0,0,16,0,2,1,1,12,2,2,0,0,7,0,0,0,0,28,4,7,9,16,0,0,0,0,0,0,0,0,0,0,0,0,0,0,0,0,0,0,0,0,0,0,0,1,0,1,0,0,0,1,1,0,0,3,0,0,0,0,5,1,1,4,5,0,0,0,0,0,0,0,0,0,0,0,0,0,0,0,0,0,0,0,0,0,0,0,0,0,0,0,0,0,0,0,0,0,0,0,0,0,0,0,0,0,0,0,0,0,0,0,0,0,0,0,0,0,0,0,0
Sp: Missaukee County,1998,Michigan,0,MI57057,0,0,0,0,0,5,5,0,0,0,0,0,0,28,1,2,0,1,24,27,27,0,0,22,5,5,0,0,87,4,9,54,63,0,0,0,0,0,0,0,0,0,0,0,0,0,0,0,1,1,0,0,0,0,0,0,14,0,2,0,0,12,4,4,0,0,2,3,3,0,0,24,2,3,9,12,0,0,0,0,0,0,0,0,0,0,0,0,0,0,0,0,0,0,0,0,0,0,0,5,0,0,0,0,5,2,2,0,0,1,0,0,0,0,8,0,0,3,3,0,0,0,0,0,0,0,0,0,0,0,0,0,0,0,0,0,0,0,0,0,0,0,0,0,0,0,0,0,0,0,0,0,0,0,0,0,0,0,0,0,0,0,0,0,0,0,0,0,0,0,0,0,0,0,0
Sp: Missaukee County,1997,Michigan,0,MI57057,0,0,0,0,0,6,6,0,0,0,0,0,0,31,0,1,0,3,27,42,42,0,0,33,1,1,0,0,113,4,10,76,86,0,0,0,0,0,0,0,0,0,0,0,0,0,0,0,2,2,0,0,0,0,0,0,14,0,1,0,3,10,8,8,0,0,8,1,1,0,0,33,4,6,17,23,0,0,0,0,0,0,0,0,0,0,0,0,0,0,0,0,0,0,0,0,0,0,0,3,0,1,0,0,2,5,5,0,0,3,1,1,0,0,12,1,1,9,10,0,0,0,0,0,0,0,0,0,0,0,0,0,0,0,1,1,0,0,0,0,0,0,1,0,0,0,0,1,9,8,0,1,2,0,0,0,0,13,0,1,11,12,0,0,0,0,0,0,0,0,0,0,0,0,0
Sp: Missaukee County,1996,Michigan,0,MI57057,0,0,0,0,0,7,7,0,0,0,0,0,0,24,0,2,1,0,21,32,31,0,1,30,2,1,0,1,97,3,10,66,76,0,0,0,0,1,0,0,1,0,0,0,1,2,0,0,4,4,0,0,0,0,0,0,13,0,0,0,0,13,5,5,0,0,5,1,1,0,0,28,0,4,11,15,0,0,0,0,0,0,0,0,0,0,0,0,0,0,0,1,1,0,0,0,0,0,0,0,0,0,0,0,0,3,3,0,0,3,0,0,0,0,7,0,1,6,7,0,0,0,0,0,0,0,0,0,0,0,0,0,0,0,0,0,0,0,0,0,0,0,1,0,0,1,0,0,2,2,0,0,3,1,1,0,0,7,1,1,6,7,0,0,0,0,0,0,0,0,0,0,0,0,0
Sp: Missaukee County,1995,Michigan,0,MI57057,0,0,0,0,0,3,3,0,0,0,0,0,0,21,0,0,1,2,18,25,20,0,5,27,1,0,0,1,78,3,6,54,60,0,0,0,0,0,0,1,1,0,0,0,0,1,0,0,0,0,0,0,0,0,0,0,7,0,0,0,1,6,4,3,0,1,6,1,0,0,1,19,1,1,12,13,0,0,0,0,0,0,1,1,0,0,0,0,1,0,0,0,0,0,0,0,0,0,0,0,0,0,0,0,0,2,2,0,0,2,1,0,0,1,5,0,0,5,5,0,0,0,0,0,0,0,0,0,0,0,0,0,0,0,0,0,0,0,0,0,0,0,4,0,1,0,0,3,0,0,0,0,1,1,1,0,0,6,1,1,2,3,0,0,0,0,0,0,0,0,0,0,0,0,0
Sp: Missaukee County,1994,Michigan,0,MI57057,0,0,0,0,0,3,3,0,0,0,0,0,0,28,1,0,0,2,25,24,23,0,1,33,3,2,1,0,92,3,6,61,67,1,0,0,0,0,0,0,1,0,0,0,0,1,2,0,0,0,0,0,0,0,0,0,13,0,0,0,2,11,8,8,0,0,2,0,0,0,0,25,2,4,10,14,0,0,0,0,0,0,0,0,0,0,0,0,0,0,0,0,0,0,0,0,0,0,0,1,0,0,0,1,0,3,3,0,0,1,0,0,0,0,5,1,1,4,5,0,0,0,0,0,0,0,0,0,0,0,0,0,0,0,1,1,0,0,0,0,0,0,6,0,0,0,0,6,4,2,0,2,0,1,1,0,0,12,0,1,5,6,0,0,0,0,0,0,0,0,0,0,0,0,0
Sp: Missaukee County,1993,Michigan,0,MI57057,0,0,0,0,0,0,0,0,1,1,0,0,0,66,2,1,8,0,55,87,84,1,2,43,8,7,0,1,222,11,12,140,152,1,0,0,0,0,0,0,1,1,0,1,0,2,0,0,0,0,0,0,0,0,0,0,21,0,0,3,0,18,6,5,0,1,2,2,2,0,0,39,3,3,10,13,0,0,0,0,0,0,0,0,0,0,0,0,0,0,0,0,0,0,0,0,0,0,0,3,0,0,2,0,1,3,2,0,1,2,2,2,0,0,11,2,2,7,9,0,0,0,0,0,0,0,0,0,0,0,0,0,0,0,0,0,0,0,0,0,0,0,3,0,0,1,0,2,8,7,0,1,1,1,1,0,0,13,1,1,10,11,0,0,0,0,0,0,0,0,0,0,0,0,0
Sp: Missaukee County,1992,Michigan,0,MI57057,0,0,0,0,0,7,7,0,0,0,0,0,0,28,1,0,0,2,25,31,29,0,2,29,6,5,0,1,105,3,10,70,80,3,0,0,0,0,0,0,3,0,0,0,1,4,0,0,0,0,0,0,0,0,0,0,7,0,0,0,1,6,1,0,0,1,0,3,3,0,0,12,1,1,5,6,1,0,0,0,0,0,0,1,0,0,0,0,1,0,0,0,0,0,0,0,0,0,0,0,0,0,0,0,0,0,0,0,0,0,1,1,0,0,1,0,0,1,1,0,0,0,0,0,0,0,0,0,0,0,0,0,0,0,0,0,0,0,0,0,0,0,0,0,0,0,0,0,2,1,0,1,1,0,0,0,0,3,0,0,3,3,0,0,0,0,0,0,0,0,0,0,0,0,0
Sp: Missaukee County,1991,Michigan,0,MI57057,0,0,0,0,0,1,1,0,1,0,0,0,1,17,1,4,1,0,11,10,7,0,3,11,1,0,0,1,41,6,8,22,30,0,0,0,0,0,0,0,0,0,0,0,0,0,0,0,1,1,0,2,0,1,0,1,5,0,0,1,0,4,2,1,0,1,1,0,0,0,0,11,1,4,3,7,0,0,0,0,0,0,0,0,0,0,0,0,0,0,0,1,1,0,0,0,0,0,0,1,0,0,0,0,1,1,0,0,1,1,0,0,0,0,4,0,1,2,3,0,0,0,0,0,0,0,0,0,0,0,0,0,0,0,0,0,0,0,0,0,0,0,1,0,0,0,0,1,0,0,0,0,2,0,0,0,0,3,0,0,2,2,0,0,0,0,0,0,0,0,0,0,0,0,0
Sp: Missaukee County,1990,Michigan,0,MI57057,0,0,0,0,0,1,1,0,1,0,1,0,0,17,1,0,1,0,15,13,12,1,0,24,1,0,1,0,57,2,4,38,42,0,0,0,0,0,0,0,0,0,0,0,0,0,0,0,0,0,0,0,0,0,0,0,3,0,0,0,0,3,1,1,0,0,0,0,0,0,0,4,0,0,1,1,0,0,0,0,0,0,0,0,0,0,0,0,0,0,0,0,0,0,0,0,0,0,0,0,0,0,0,0,0,0,0,0,0,0,0,0,0,0,0,0,0,0,0,0,0,0,0,0,0,0,0,0,0,0,0,0,0,0,1,1,0,0,0,0,0,0,0,0,0,0,0,0,2,1,0,1,0,0,0,0,0,3,0,1,2,3,0,0,0,0,0,0,0,0,0,0,0,0,0
Sp: Missaukee County,1989,Michigan,0,MI57057,0,0,0,0,0,0,0,0,0,0,0,0,0,11,5,0,0,0,6,9,9,0,0,11,3,1,0,2,37,5,5,26,31,1,1,0,0,0,0,0,2,1,0,1,0,3,0,0,0,0,0,0,0,0,0,0,3,3,0,0,0,0,0,0,0,0,2,2,1,0,1,7,3,3,4,7,0,0,0,0,0,0,0,0,0,0,0,0,0,0,0,0,0,0,0,0,0,0,0,0,0,0,0,0,0,0,0,0,0,0,1,0,0,1,1,0,0,1,1,0,0,0,0,0,0,0,0,0,0,0,0,0,0,0,0,0,0,0,0,0,0,0,1,0,0,0,0,1,10,3,0,7,2,0,0,0,0,13,0,0,12,12,0,0,0,0,0,0,0,0,0,0,0,0,0
Sp: Missaukee County,1988,Michigan,0,MI57057,0,0,0,0,0,0,0,0,0,0,0,0,0,3,0,0,0,1,2,11,11,0,0,13,2,1,0,1,29,1,1,26,27,0,0,0,0,0,0,0,0,0,0,0,0,0,0,0,0,0,0,0,0,0,0,0,1,0,0,0,0,1,1,1,0,0,0,1,1,0,0,3,0,0,2,2,0,0,0,0,0,0,0,0,0,0,0,0,0,0,0,0,0,0,0,0,0,0,0,0,0,0,0,0,0,0,0,0,0,0,0,0,0,0,0,0,0,0,0,0,0,0,0,0,0,0,0,0,0,0,0,0,0,0,0,0,0,0,0,0,0,0,1,0,0,0,0,1,5,5,0,0,0,0,0,0,0,6,0,0,5,5,0,0,0,0,0,0,0,0,0,0,0,0,0
Sp: Missaukee County,1987,Michigan,0,MI57057,0,0,0,0,0,0,0,0,0,0,0,0,0,7,0,0,0,0,7,16,16,0,0,11,1,0,0,1,37,0,0,30,30,0,0,0,0,0,0,0,0,2,0,2,0,2,0,0,0,0,0,0,0,0,0,0,0,0,0,0,0,0,1,1,0,0,5,0,0,0,0,6,0,0,6,6,0,0,0,0,0,0,0,0,0,0,0,0,0,0,0,0,0,0,0,0,0,0,0,0,0,0,0,0,0,0,0,0,0,0,0,0,0,0,0,0,0,0,0,0,0,0,0,0,0,0,0,0,0,0,0,0,0,0,0,0,0,1,0,0,1,0,0,0,0,0,0,0,3,3,0,0,1,0,0,0,0,5,0,1,4,5,0,0,0,0,0,0,0,0,0,0,0,0,0
Sp: Missaukee County,1986,Michigan,0,MI57057,0,0,0,0,0,0,0,0,0,0,0,0,0,8,4,0,1,0,3,15,15,0,0,10,3,1,1,1,36,5,5,28,33,0,0,0,0,0,0,0,0,0,0,0,0,0,0,0,0,0,0,0,0,0,0,0,4,4,0,0,0,0,1,1,0,0,1,0,0,0,0,6,4,4,2,6,0,0,0,0,0,0,0,0,0,0,0,0,0,0,0,0,0,0,0,0,0,0,0,0,0,0,0,0,0,0,0,0,0,0,0,0,0,0,0,0,0,0,0,0,0,0,0,0,0,0,0,0,0,0,0,0,0,0,0,0,0,0,0,0,0,0,0,0,0,0,0,0,8,8,0,0,0,1,1,0,0,9,0,0,9,9,0,0,0,0,0,0,0,0,0,0,0,0,0
Sp: Missaukee County,1985,Michigan,0,MI57057,0,0,0,0,0,0,0,0,0,0,0,0,0,4,0,0,1,0,3,16,15,0,1,16,1,0,0,1,41,1,1,37,38,2,0,0,0,0,0,1,3,1,0,1,0,4,0,0,0,0,0,0,0,0,0,0,0,0,0,0,0,0,0,0,0,0,1,0,0,0,0,2,0,0,2,2,1,0,0,0,0,0,0,1,0,0,0,0,1,0,0,0,0,0,0,0,0,0,0,0,0,0,0,0,0,0,0,0,0,0,0,0,0,0,0,0,0,0,0,0,0,0,0,0,0,0,0,0,0,0,0,0,0,0,0,0,0,0,0,0,0,0,0,0,0,0,0,0,7,7,0,0,0,0,0,0,0,7,0,0,7,7,0,0,0,0,0,0,0,0,0,0,0,0,0
Sp: Missaukee County,1984,Michigan,0,MI57057,0,0,0,0,0,1,1,0,0,0,0,0,0,5,0,0,0,0,5,11,10,1,0,10,1,1,0,0,28,0,1,22,23,0,0,0,0,0,0,0,0,0,0,0,0,0,1,0,0,0,0,0,0,0,0,0,0,0,-1,0,0,1,1,1,0,0,2,0,0,0,0,4,-1,0,3,3,0,0,0,0,0,0,0,0,0,0,0,0,0,0,0,0,0,0,0,0,0,0,0,0,0,0,0,0,0,0,0,0,0,0,0,0,0,0,-1,0,0,-1,-1,0,0,0,0,0,0,0,0,0,0,0,-1,-1,0,0,0,0,0,0,0,0,0,0,0,0,0,0,0,0,8,7,1,0,0,1,1,0,0,9,0,0,9,9,0,0,0,0,0,0,0,0,0,0,0,0,0
Sp: Missaukee County,1983,Michigan,0,MI57057,0,0,0,0,0,0,0,0,1,0,0,1,0,4,0,1,0,0,3,15,14,0,1,21,0,0,0,0,42,1,2,37,39,0,0,0,0,0,0,0,0,0,0,0,1,1,0,0,0,0,0,1,0,0,1,0,2,0,1,0,0,1,0,0,0,0,1,0,0,0,0,5,1,2,2,4,0,0,0,0,0,0,0,0,0,0,0,1,1,0,0,0,0,0,1,0,0,1,0,0,0,0,0,0,0,0,0,0,0,0,0,0,0,0,2,0,1,1,2,0,0,0,0,0,0,0,0,0,0,0,1,1,0,0,0,0,0,0,0,0,0,0,0,0,0,0,0,0,1,1,0,0,2,1,1,0,0,4,0,0,4,4,0,0,0,0,0,0,0,0,0,0,0,0,0
Sp: Missaukee County,1982,Michigan,,MI57057,,,,,,,,,,,,,,,,,,,,,,,,,,,,,,,,,,,,,,,,,,,,,,,,,,,,,,,,,,,,,,,,,,,,,,,,,,,,,,,,,,,,,,,,,,,,,,,,,,,,,,,,,,,,,,,,,,,,,,,,,,,,,,,,,,,,,,,,,,,,,,,,,,,,,,,,,,,,,,,,,,,,,,,,,,,,,,,
Sp: Missaukee County,1981,Michigan,0,MI57057,0,0,0,0,0,1,1,0,1,0,0,1,0,13,0,0,2,0,11,23,23,0,0,22,2,0,0,2,63,2,4,48,52,0,0,0,0,0,0,0,0,0,0,0,0,1,0,0,0,0,0,0,0,0,0,0,2,0,0,0,0,2,2,2,0,0,2,0,0,0,0,6,0,0,4,4,0,0,0,0,0,0,0,0,0,0,0,0,0,0,0,0,0,0,0,0,0,0,0,0,0,0,0,0,0,0,0,0,0,0,0,0,0,0,0,0,0,0,0,0,0,0,0,0,0,0,0,0,0,0,0,0,0,0,0,0,0,0,0,0,0,0,0,0,0,0,0,0,0,0,0,0,0,0,0,0,0,0,0,0,0,0,0,0,0,0,0,0,0,0,0,0,0,0,0
Sp: Missaukee County,1980,Michigan,0,MI57057,0,0,0,0,0,1,1,0,1,0,0,1,0,4,1,1,0,0,2,31,31,0,0,19,1,0,0,1,58,2,4,52,56,0,0,0,0,0,0,0,0,0,0,0,0,1,0,0,2,2,0,0,0,0,0,0,1,0,0,0,0,1,4,4,0,0,1,0,0,0,0,8,0,2,5,7,0,0,0,0,0,0,0,0,0,0,0,0,0,0,0,0,0,0,0,0,0,0,0,1,0,0,0,0,1,1,1,0,0,0,0,0,0,0,2,0,0,1,1,0,0,0,0,0,0,0,0,0,0,0,0,0,0,0,0,0,0,0,0,0,0,0,0,0,0,0,0,0,0,0,0,0,0,0,0,0,0,0,0,0,0,0,0,0,0,0,0,0,0,0,0,0,0,0,0
Sp: Missaukee County,1979,Michigan,0,MI57057,0,0,0,0,0,2,2,0,1,0,0,1,0,5,0,0,0,0,5,33,32,0,1,23,4,2,0,2,68,0,3,60,63,0,0,0,0,0,0,0,0,0,0,0,0,0,0,0,0,0,0,0,0,0,0,0,0,0,0,0,0,0,3,3,0,0,1,0,0,0,0,4,0,0,4,4,0,0,0,0,0,0,0,0,0,0,0,0,0,0,0,0,0,0,0,0,0,0,0,0,0,0,0,0,0,1,1,0,0,1,0,0,0,0,2,0,0,2,2,0,0,0,0,0,0,0,0,0,0,0,0,0,0,0,0,0,0,0,0,0,0,0,0,0,0,0,0,0,0,0,0,0,0,0,0,0,0,0,0,0,0,0,0,0,0,0,0,0,0,0,0,0,0,0,0
