agency,year,state,population,ORI,officers_killed_by_felony,officers_killed_by_accident,officers_assaulted,actual_murder,actual_manslaughter,actual_rape_total,actual_rape_by_force,actual_rape_attempted,actual_robbery_total,actual_robbery_with_a_gun,actual_robbery_with_a_knife,actual_robbery_other_weapon,actual_robbery_unarmed,actual_assault_total,actual_assault_with_a_gun,actual_assault_with_a_knife,actual_assault_other_weapon,actual_assault_unarmed,actual_assault_simple,actual_burg_total,actual_burg_force_entry,actual_burg_nonforce_entry,actual_burg_attempted,actual_theft_total,actual_mtr_veh_theft_total,actual_mtr_veh_theft_car,actual_mtr_veh_theft_truck,actual_mtr_veh_theft_other,actual_all_crimes,actual_assault_aggravated,actual_index_violent,actual_index_property,actual_index_total,actual_arson_single_occupancy,actual_arson_other_residential,actual_arson_storage,actual_arson_industrial,actual_arson_other_commercial,actual_arson_community_public,actual_arson_all_oth_structures,actual_arson_total_structures,actual_arson_motor_vehicles,actual_arson_other_mobile,actual_arson_total_mobile,actual_arson_all_other,actual_arson_grand_total,tot_clr_murder,tot_clr_manslaughter,tot_clr_rape_total,tot_clr_rape_by_force,tot_clr_rape_attempted,tot_clr_robbery_total,tot_clr_robbery_with_a_gun,tot_clr_robbery_with_a_knife,tot_clr_robbery_other_weapon,tot_clr_robbery_unarmed,tot_clr_assault_total,tot_clr_assault_with_a_gun,tot_clr_assault_with_a_knife,tot_clr_assault_other_weapon,tot_clr_assault_unarmed,tot_clr_assault_simple,tot_clr_burg_total,tot_clr_burg_force_entry,tot_clr_burg_nonforce_entry,tot_clr_burg_attempted,tot_clr_theft_total,tot_clr_mtr_veh_theft_total,tot_clr_mtr_veh_theft_car,tot_clr_mtr_veh_theft_truck,tot_clr_mtr_veh_theft_other,tot_clr_all_crimes,tot_clr_assault_aggravated,tot_clr_index_violent,tot_clr_index_property,tot_clr_index_total,tot_clr_arson_single_occupancy,tot_clr_arson_other_residential,tot_clr_arson_storage,tot_clr_arson_industrial,tot_clr_arson_other_commercial,tot_clr_arson_community_public,tot_clr_arson_all_oth_structures,tot_clr_arson_total_structures,tot_clr_arson_motor_vehicles,tot_clr_arson_other_mobile,tot_clr_arson_total_mobile,tot_clr_arson_all_other,tot_clr_arson_grand_total,clr_18_murder,clr_18_manslaughter,clr_18_rape_total,clr_18_rape_by_force,clr_18_rape_attempted,clr_18_robbery_total,clr_18_robbery_with_a_gun,clr_18_robbery_with_a_knife,clr_18_robbery_other_weapon,clr_18_robbery_unarmed,clr_18_assault_total,clr_18_assault_with_a_gun,clr_18_assault_with_a_knife,clr_18_assault_other_weapon,clr_18_assault_unarmed,clr_18_assault_simple,clr_18_burg_total,clr_18_burg_force_entry,clr_18_burg_nonforce_entry,clr_18_burg_attempted,clr_18_theft_total,clr_18_mtr_veh_theft_total,clr_18_mtr_veh_theft_car,clr_18_mtr_veh_theft_truck,clr_18_mtr_veh_theft_other,clr_18_all_crimes,clr_18_assault_aggravated,clr_18_index_violent,clr_18_index_property,clr_18_index_total,clr_18_arson_single_occupancy,clr_18_arson_other_residential,clr_18_arson_storage,clr_18_arson_industrial,clr_18_arson_other_commercial,clr_18_arson_community_public,clr_18_arson_all_oth_structures,clr_18_arson_total_structures,clr_18_arson_motor_vehicles,clr_18_arson_other_mobile,clr_18_arson_total_mobile,clr_18_arson_all_other,clr_18_arson_grand_total,unfound_murder,unfound_manslaughter,unfound_rape_total,unfound_rape_by_force,unfound_rape_attempted,unfound_robbery_total,unfound_robbery_with_a_gun,unfound_robbery_with_a_knife,unfound_robbery_other_weapon,unfound_robbery_unarmed,unfound_assault_total,unfound_assault_with_a_gun,unfound_assault_with_a_knife,unfound_assault_other_weapon,unfound_assault_unarmed,unfound_assault_simple,unfound_burg_total,unfound_burg_force_entry,unfound_burg_nonforce_entry,unfound_burg_attempted,unfound_theft_total,unfound_mtr_veh_theft_total,unfound_mtr_veh_theft_car,unfound_mtr_veh_theft_truck,unfound_mtr_veh_theft_other,unfound_all_crimes,unfound_assault_aggravated,unfound_index_violent,unfound_index_property,unfound_index_total,unfound_arson_single_occupancy,unfound_arson_other_residential,unfound_arson_storage,unfound_arson_industrial,unfound_arson_other_commercial,unfound_arson_community_public,unfound_arson_all_oth_structures,unfound_arson_total_structures,unfound_arson_motor_vehicles,unfound_arson_other_mobile,unfound_arson_total_mobile,unfound_arson_all_other,unfound_arson_grand_total
Mifflin Co. Regional Police Department,2019,Pennsylvania,16923,PA04401,0,0,0,0,0,4,4,0,2,0,1,0,1,27,0,1,0,7,19,12,6,4,2,114,4,1,0,3,163,8,14,130,144,0,0,0,0,0,0,0,0,0,0,0,0,0,0,0,0,0,0,1,0,0,0,1,17,0,1,0,7,9,0,0,0,0,29,0,0,0,0,47,8,9,29,38,0,0,0,0,0,0,0,0,0,0,0,0,0,0,0,0,0,0,0,0,0,0,0,8,0,1,0,0,7,0,0,0,0,2,0,0,0,0,10,1,1,2,3,0,0,0,0,0,0,0,0,0,0,0,0,0,0,0,0,0,0,0,0,0,0,0,0,0,0,0,0,0,0,0,0,0,1,0,0,0,0,1,0,0,1,1,0,0,0,0,0,0,0,0,0,0,0,0,0
Mifflin Co. Regional Police Department,2018,Pennsylvania,16941,PA04401,0,0,0,0,0,2,2,0,1,1,0,0,0,40,1,4,1,13,21,18,8,8,2,109,2,2,0,0,172,19,22,129,151,0,0,0,0,0,0,0,0,0,0,0,0,0,0,0,0,0,0,0,0,0,0,0,32,0,4,1,11,16,1,0,1,0,37,1,1,0,0,71,16,16,39,55,0,0,0,0,0,0,0,0,0,0,0,0,0,0,0,0,0,0,0,0,0,0,0,11,0,0,0,3,8,1,0,1,0,5,1,1,0,0,18,3,3,7,10,0,0,0,0,0,0,0,0,0,0,0,0,0,0,0,0,0,0,0,0,0,0,0,0,0,0,0,0,0,0,0,0,0,2,0,0,0,0,2,0,0,2,2,0,0,0,0,0,0,0,0,0,0,0,0,0
Mifflin Co. Regional Police Department,2017,Pennsylvania,16872,PA04401,0,0,0,0,0,3,2,1,4,2,0,0,2,28,0,0,2,7,19,21,7,12,2,131,2,2,0,0,189,9,16,154,170,0,0,0,0,0,0,0,0,0,0,0,0,0,0,0,0,0,0,1,0,0,0,1,20,0,0,2,6,12,4,1,2,1,34,2,2,0,0,61,8,9,40,49,0,0,0,0,0,0,0,0,0,0,0,0,0,0,0,0,0,0,0,0,0,0,0,5,0,0,0,0,5,1,1,0,0,3,0,0,0,0,9,0,0,4,4,0,0,0,0,0,0,0,0,0,0,0,0,0,0,0,0,0,0,0,0,0,0,0,0,0,0,0,0,0,0,0,0,0,3,0,0,0,0,3,0,0,3,3,0,0,0,0,0,0,0,0,0,0,0,0,0
Mifflin Co. Regional Police Department,2016,Pennsylvania,16889,PA04401,0,0,0,0,0,2,1,1,3,0,1,1,1,30,1,2,9,3,15,21,13,5,3,132,7,4,1,2,195,15,20,160,180,0,0,0,0,0,0,0,0,0,0,0,0,0,0,0,0,0,0,1,0,0,1,0,18,1,2,3,3,9,2,1,1,0,32,1,0,0,1,54,9,10,35,45,0,0,0,0,0,0,0,0,0,0,0,0,0,0,0,0,0,0,0,0,0,0,0,8,0,0,0,2,6,0,0,0,0,6,0,0,0,0,14,2,2,6,8,0,0,0,0,0,0,0,0,0,0,0,0,0,0,0,0,0,0,0,0,0,0,0,0,0,0,0,0,0,0,0,0,0,0,0,0,0,0,0,0,0,0,0,0,0,0,0,0,0,0,0,0,0,0,0,0
Mifflin Co. Regional Police Department,2015,Pennsylvania,16863,PA04401,0,0,0,0,0,4,2,2,0,0,0,0,0,16,0,2,1,3,10,38,18,15,5,115,10,7,0,3,183,6,10,163,173,0,0,0,0,0,0,0,0,0,0,0,0,0,0,0,1,0,1,0,0,0,0,0,10,0,2,1,3,4,4,1,3,0,28,3,3,0,0,46,6,7,35,42,0,0,0,0,0,0,0,0,0,0,0,0,0,0,0,0,0,0,0,0,0,0,0,2,0,0,0,1,1,0,0,0,0,5,0,0,0,0,7,1,1,5,6,0,0,0,0,0,0,0,0,0,0,0,0,0,0,0,0,0,0,0,0,0,0,0,0,0,0,0,0,0,0,0,0,0,1,0,0,0,0,1,0,0,1,1,0,0,0,0,0,0,0,0,0,0,0,0,0
Mifflin Co. Regional Police Department,2014,Pennsylvania,16898,PA04401,0,0,0,0,0,2,2,0,1,0,1,0,0,17,2,0,0,4,11,25,13,7,5,160,8,5,1,2,213,6,9,193,202,0,0,0,0,0,0,0,0,0,0,0,0,0,0,0,0,0,0,1,0,1,0,0,13,2,0,0,4,7,3,0,2,1,37,2,1,0,1,56,6,7,42,49,0,0,0,0,0,0,0,0,0,0,0,0,0,0,0,0,0,0,0,0,0,0,0,7,0,0,0,0,7,0,0,0,0,2,0,0,0,0,9,0,0,2,2,0,0,0,0,0,0,0,0,0,0,0,0,0,0,0,0,0,0,0,0,0,0,0,0,0,0,0,0,0,0,0,0,0,1,0,0,0,0,1,0,0,1,1,0,0,0,0,0,0,0,0,0,0,0,0,0
Mifflin Co. Regional Police Department,2013,Pennsylvania,16944,PA04401,0,0,0,0,0,1,0,1,2,1,0,0,1,32,0,0,0,10,22,31,16,8,7,223,6,4,1,1,295,10,13,260,273,0,0,0,0,0,0,0,0,0,0,0,0,0,0,0,1,0,1,1,1,0,0,0,22,0,0,0,8,14,3,1,2,0,45,1,1,0,0,73,8,10,49,59,0,0,0,0,0,0,0,0,0,0,0,0,0,0,0,0,0,0,0,0,0,0,0,8,0,0,0,0,8,0,0,0,0,8,0,0,0,0,16,0,0,8,8,0,0,0,0,0,0,0,0,0,0,0,0,0,0,0,0,0,0,0,0,0,0,0,0,0,0,0,0,0,0,0,0,0,1,0,0,0,0,1,0,0,1,1,0,0,0,0,0,0,0,0,0,0,0,0,0
Mifflin Co. Regional Police Department,2012,Pennsylvania,20833,PA04401,0,0,0,0,0,3,3,0,0,0,0,0,0,29,0,0,1,6,22,32,21,10,1,257,10,1,2,7,333,7,10,301,311,1,0,1,0,0,0,0,2,0,0,0,0,2,0,0,2,2,0,0,0,0,0,0,22,0,0,1,5,16,8,7,1,0,66,3,0,0,3,101,6,8,77,85,0,0,0,0,0,0,0,0,0,0,0,0,0,0,0,1,1,0,0,0,0,0,0,1,0,0,0,0,1,0,0,0,0,1,0,0,0,0,3,0,1,1,2,0,0,0,0,0,0,0,0,0,0,0,0,0,0,0,0,0,0,0,0,0,0,0,0,0,0,0,0,0,0,0,0,0,1,0,0,0,0,1,0,0,1,1,0,0,0,0,0,0,0,0,0,0,0,0,0
Mifflin Co. Regional Police Department,2011,Pennsylvania,20835,PA04401,0,0,0,0,0,4,4,0,0,0,0,0,0,35,2,0,0,11,22,38,28,10,0,231,9,5,2,2,321,13,17,282,299,2,0,0,0,0,0,0,2,1,0,1,1,4,0,0,2,2,0,0,0,0,0,0,25,2,0,0,8,15,9,7,2,0,47,2,2,0,0,85,10,12,58,70,0,0,0,0,0,0,0,0,0,0,0,0,0,0,0,0,0,0,0,0,0,0,0,2,0,0,0,0,2,0,0,0,0,0,0,0,0,0,2,0,0,0,0,0,0,0,0,0,0,0,0,0,0,0,0,0,0,0,0,0,0,0,0,0,0,0,0,0,0,0,0,0,0,0,0,0,2,0,0,0,0,2,0,0,2,2,0,0,0,0,0,0,0,0,0,0,0,0,0
Mifflin Co. Regional Police Department,2010,Pennsylvania,30424,PA04401,0,0,0,0,0,7,7,0,3,0,0,1,2,81,0,7,6,17,51,83,60,23,0,480,29,22,1,6,684,30,40,593,633,0,0,0,0,0,0,1,1,0,0,0,0,1,0,0,0,0,0,1,0,0,1,0,56,0,7,5,16,28,15,12,3,0,98,6,5,0,1,176,28,29,119,148,0,0,0,0,0,0,0,0,0,0,0,0,0,0,0,0,0,0,0,0,0,0,0,2,0,1,0,0,1,0,0,0,0,1,0,0,0,0,3,1,1,1,2,0,0,0,0,0,0,0,0,0,0,0,0,0,0,0,0,0,0,0,0,0,0,0,0,0,0,0,0,0,0,0,0,0,1,0,0,0,0,1,0,0,1,1,0,0,0,0,0,0,0,0,0,0,0,0,0
Mifflin Co. Regional Police Department,2009,Pennsylvania,26265,PA04401,0,0,0,0,0,3,3,0,1,0,0,0,1,73,2,1,13,28,29,92,54,37,1,636,32,30,0,2,840,44,48,763,811,1,1,0,0,0,0,1,3,0,0,0,0,3,0,0,0,0,0,1,0,0,0,1,36,2,1,8,19,6,5,3,2,0,144,6,6,0,0,192,30,31,155,186,0,0,0,0,0,0,0,0,0,0,0,0,0,0,0,0,0,0,0,0,0,0,0,0,0,0,0,0,0,0,0,0,0,0,0,0,0,0,0,0,0,0,0,0,0,0,0,0,0,0,0,0,0,0,0,0,0,0,0,0,0,0,0,0,0,0,1,0,0,0,0,1,0,0,0,0,2,0,0,0,0,3,0,0,2,2,0,0,0,0,0,0,0,0,0,0,0,0,0
Mifflin Co. Regional Police Department,2008,Pennsylvania,26321,PA04401,0,0,0,0,0,7,6,1,10,0,2,0,8,95,1,3,19,50,22,78,44,31,3,571,45,33,2,10,807,73,90,695,785,0,1,0,0,0,0,0,1,0,0,0,0,1,0,0,1,1,0,6,0,1,0,5,63,0,2,11,43,7,11,5,5,1,119,15,12,1,2,215,56,63,145,208,0,0,0,0,0,0,0,0,0,0,0,0,0,0,0,0,0,0,0,0,0,0,0,0,0,0,0,0,0,0,0,0,0,0,0,0,0,0,0,0,0,0,0,0,0,0,0,0,0,0,0,0,0,0,0,0,0,0,0,0,0,0,0,0,0,0,0,0,0,0,0,0,0,0,0,0,2,0,0,0,0,2,0,0,2,2,0,0,0,0,0,0,0,0,0,0,0,0,0
Mifflin Co. Regional Police Department,2007,Pennsylvania,26255,PA04401,0,0,0,0,0,6,6,0,3,0,1,0,2,88,1,3,7,49,28,73,32,41,0,511,17,11,2,4,700,60,69,603,672,1,1,0,0,0,0,0,2,0,0,0,0,2,0,0,2,2,0,3,1,1,0,1,45,1,3,4,31,6,11,4,7,0,114,6,4,1,1,181,39,44,131,175,0,0,0,0,0,0,0,0,0,0,0,0,0,0,0,0,0,0,0,0,0,0,0,0,0,0,0,0,0,0,0,0,0,0,0,0,0,0,0,0,0,0,0,0,0,0,0,0,0,0,0,0,0,0,0,0,0,0,0,0,0,0,0,0,0,0,0,0,0,0,0,0,0,0,0,0,0,0,0,0,0,0,0,0,0,0,0,0,0,0,0,0,0,0,0,0,0,0,0
Mifflin Co. Regional Police Department,2006,Pennsylvania,22502,PA04401,0,0,0,1,0,11,10,1,4,1,3,0,0,86,8,8,8,40,22,135,72,37,26,532,20,13,1,6,792,64,80,690,770,0,0,0,0,1,0,2,3,0,0,0,0,3,1,0,5,4,1,0,0,0,0,0,63,6,8,6,33,10,16,8,6,2,108,4,1,1,2,198,53,59,129,188,0,0,0,0,0,0,1,1,0,0,0,0,1,0,0,0,0,0,0,0,0,0,0,0,0,0,0,0,0,0,0,0,0,0,0,0,0,0,1,0,0,1,1,0,0,0,0,0,0,1,1,0,0,0,0,1,0,0,0,0,0,0,0,0,0,0,0,0,0,0,0,0,0,0,0,0,5,0,0,0,0,5,0,0,5,5,0,0,0,0,0,0,0,0,0,0,0,0,0
Mifflin Co. Regional Police Department,2005,Pennsylvania,19256,PA04401,0,0,0,0,0,4,4,0,14,1,5,0,8,68,3,3,3,40,19,114,68,29,17,504,29,19,3,7,734,49,67,648,715,0,1,0,0,0,0,0,1,0,0,0,0,1,0,0,1,1,0,5,0,1,0,4,43,2,2,2,33,4,15,10,4,1,88,4,3,1,0,157,39,45,108,153,0,1,0,0,0,0,0,1,0,0,0,0,1,0,0,0,0,0,0,0,0,0,0,1,0,0,0,1,0,1,1,0,0,13,0,0,0,0,15,1,1,14,15,0,0,0,0,0,0,0,0,0,0,0,0,0,0,0,0,0,0,0,0,0,0,0,0,0,0,0,0,0,1,0,1,0,5,3,2,1,0,9,0,0,9,9,0,0,0,0,0,0,0,0,0,0,0,0,0
Mifflin Co. Regional Police Department,2004,Pennsylvania,19409,PA04401,0,0,0,0,0,8,6,2,27,3,7,1,16,80,4,3,4,53,16,154,96,54,4,531,36,23,2,11,846,64,99,731,830,1,0,1,0,3,1,1,7,2,1,3,0,10,1,0,2,2,0,7,1,0,1,5,40,0,2,2,31,5,13,5,8,0,82,7,4,1,2,152,35,45,102,147,0,0,0,0,0,0,0,0,0,0,0,0,0,0,0,0,0,0,0,0,0,0,0,6,0,0,0,6,0,0,0,0,0,2,0,0,0,0,8,6,6,2,8,0,0,0,0,0,0,0,0,0,0,0,0,0,0,0,0,0,0,1,1,0,0,0,3,0,1,1,0,1,3,2,1,0,5,0,0,0,0,12,2,3,8,11,0,0,0,0,0,0,0,0,0,0,0,0,0
Mifflin Co. Regional Police Department,2003,Pennsylvania,,PA04401,,,,,,,,,,,,,,,,,,,,,,,,,,,,,,,,,,,,,,,,,,,,,,,,,,,,,,,,,,,,,,,,,,,,,,,,,,,,,,,,,,,,,,,,,,,,,,,,,,,,,,,,,,,,,,,,,,,,,,,,,,,,,,,,,,,,,,,,,,,,,,,,,,,,,,,,,,,,,,,,,,,,,,,,,,,,,,,
Mifflin Co. Regional Police Department,2002,Pennsylvania,,PA04401,,,,,,,,,,,,,,,,,,,,,,,,,,,,,,,,,,,,,,,,,,,,,,,,,,,,,,,,,,,,,,,,,,,,,,,,,,,,,,,,,,,,,,,,,,,,,,,,,,,,,,,,,,,,,,,,,,,,,,,,,,,,,,,,,,,,,,,,,,,,,,,,,,,,,,,,,,,,,,,,,,,,,,,,,,,,,,,
Mifflin Co. Regional Police Department,2001,Pennsylvania,,PA04401,,,,,,,,,,,,,,,,,,,,,,,,,,,,,,,,,,,,,,,,,,,,,,,,,,,,,,,,,,,,,,,,,,,,,,,,,,,,,,,,,,,,,,,,,,,,,,,,,,,,,,,,,,,,,,,,,,,,,,,,,,,,,,,,,,,,,,,,,,,,,,,,,,,,,,,,,,,,,,,,,,,,,,,,,,,,,,,
Mifflin Co. Regional Police Department,2000,Pennsylvania,19657,PA04401,0,0,0,0,0,8,7,1,3,0,1,0,2,79,5,0,7,55,12,69,35,22,12,483,22,14,0,8,669,67,78,579,657,0,1,3,0,0,0,0,4,1,0,1,0,5,0,0,1,1,0,0,0,0,0,0,13,0,0,0,10,3,23,15,5,3,42,6,4,0,2,85,10,11,71,82,0,0,0,0,0,0,0,0,0,0,0,0,0,0,0,0,0,0,0,0,0,0,0,0,0,0,0,0,0,0,0,0,0,0,0,0,0,0,0,0,0,0,0,0,0,0,0,0,0,0,0,0,0,0,0,0,0,0,0,0,0,0,0,0,0,0,0,0,0,0,0,0,0,0,0,0,0,0,0,0,0,0,0,0,0,0,0,0,0,0,0,0,0,0,0,0,0,0,0
Mifflin Co. Regional Police Department,1999,Pennsylvania,18068,PA04401,0,0,1,0,0,6,5,1,15,4,6,1,4,75,6,0,10,41,18,71,40,28,3,380,18,17,1,0,567,57,78,471,549,0,2,0,0,0,0,0,2,0,0,0,0,2,0,0,1,1,0,1,0,1,0,0,15,1,0,0,13,1,2,1,1,0,21,1,1,0,0,41,14,16,24,40,0,0,0,0,0,0,0,0,0,0,0,0,0,0,0,0,0,0,0,0,0,0,0,0,0,0,0,0,0,0,0,0,0,0,0,0,0,0,0,0,0,0,0,0,0,0,0,0,0,0,0,0,0,0,0,0,0,0,0,0,0,0,0,0,0,0,3,0,0,0,1,2,0,0,0,0,0,0,0,0,0,3,1,1,0,1,0,0,0,0,0,0,0,0,0,0,0,0,0
Mifflin Co. Regional Police Department,1998,Pennsylvania,,PA04401,,,,,,,,,,,,,,,,,,,,,,,,,,,,,,,,,,,,,,,,,,,,,,,,,,,,,,,,,,,,,,,,,,,,,,,,,,,,,,,,,,,,,,,,,,,,,,,,,,,,,,,,,,,,,,,,,,,,,,,,,,,,,,,,,,,,,,,,,,,,,,,,,,,,,,,,,,,,,,,,,,,,,,,,,,,,,,,
Mifflin Co. Regional Police Department,1997,Pennsylvania,,PA04401,,,,,,,,,,,,,,,,,,,,,,,,,,,,,,,,,,,,,,,,,,,,,,,,,,,,,,,,,,,,,,,,,,,,,,,,,,,,,,,,,,,,,,,,,,,,,,,,,,,,,,,,,,,,,,,,,,,,,,,,,,,,,,,,,,,,,,,,,,,,,,,,,,,,,,,,,,,,,,,,,,,,,,,,,,,,,,,
Mifflin Co. Regional Police Department,1996,Pennsylvania,,PA04401,,,,,,,,,,,,,,,,,,,,,,,,,,,,,,,,,,,,,,,,,,,,,,,,,,,,,,,,,,,,,,,,,,,,,,,,,,,,,,,,,,,,,,,,,,,,,,,,,,,,,,,,,,,,,,,,,,,,,,,,,,,,,,,,,,,,,,,,,,,,,,,,,,,,,,,,,,,,,,,,,,,,,,,,,,,,,,,
Mifflin Co. Regional Police Department,1995,Pennsylvania,,PA04401,,,,,,,,,,,,,,,,,,,,,,,,,,,,,,,,,,,,,,,,,,,,,,,,,,,,,,,,,,,,,,,,,,,,,,,,,,,,,,,,,,,,,,,,,,,,,,,,,,,,,,,,,,,,,,,,,,,,,,,,,,,,,,,,,,,,,,,,,,,,,,,,,,,,,,,,,,,,,,,,,,,,,,,,,,,,,,,
Mifflin Co. Regional Police Department,1994,Pennsylvania,17210,PA04401,0,0,1,0,0,2,2,0,2,1,0,0,1,115,1,5,0,19,90,61,30,25,6,372,23,20,2,1,578,25,29,459,488,0,1,1,0,0,0,0,2,0,1,1,0,3,1,0,1,1,0,2,1,0,0,1,99,1,5,0,16,77,35,14,21,0,257,18,16,1,1,415,22,26,312,338,0,1,0,0,0,0,0,1,0,1,1,0,2,0,0,0,0,0,0,0,0,0,0,4,1,0,0,0,3,2,0,2,0,47,2,2,0,0,55,1,1,51,52,0,0,0,0,0,0,0,0,0,0,0,0,0,0,0,0,0,0,0,0,0,0,0,7,0,1,0,1,5,2,1,0,1,3,4,4,0,0,16,2,2,9,11,0,0,0,0,0,0,0,0,0,0,0,0,0
Mifflin Co. Regional Police Department,1993,Pennsylvania,17205,PA04401,0,0,1,0,0,4,0,4,4,1,0,0,3,30,0,0,0,6,24,61,56,5,0,286,6,6,0,0,392,6,14,354,368,0,1,0,0,0,0,0,1,0,0,0,0,1,0,0,3,0,3,1,0,0,0,1,24,0,0,0,5,19,0,0,0,0,68,1,1,0,0,97,5,9,69,78,0,0,0,0,0,0,0,0,0,0,0,0,0,0,0,0,0,0,0,0,0,0,0,1,0,0,0,0,1,0,0,0,0,23,0,0,0,0,24,0,0,23,23,0,0,0,0,0,0,0,0,0,0,0,0,0,0,0,0,0,0,0,0,0,0,0,0,0,0,0,0,0,2,2,0,0,33,3,3,0,0,38,0,0,38,38,0,0,0,0,0,0,0,0,0,0,0,0,0
Mifflin Co. Regional Police Department,1992,Pennsylvania,9440,PA04401,0,0,2,0,0,0,0,0,0,0,0,0,0,21,0,0,0,3,18,29,29,0,0,254,11,8,3,0,316,3,3,295,298,0,0,0,0,1,0,0,1,0,0,0,0,1,0,0,0,0,0,0,0,0,0,0,17,0,0,0,3,14,2,2,0,0,42,0,0,0,0,62,3,3,45,48,0,0,0,0,1,0,0,1,0,0,0,0,1,0,0,0,0,0,0,0,0,0,0,2,0,0,0,0,2,1,1,0,0,13,0,0,0,0,16,0,0,14,14,0,0,0,0,0,0,0,0,0,0,0,0,0,1,0,0,0,0,0,0,0,0,0,0,0,0,0,0,0,1,1,0,0,27,2,2,0,0,31,0,1,30,31,0,0,0,0,0,0,0,0,0,0,0,0,0
Mifflin Co. Regional Police Department,1991,Pennsylvania,9403,PA04401,0,0,0,0,0,0,0,0,1,0,0,0,1,13,0,0,0,6,7,39,38,1,0,232,5,5,0,0,290,6,7,276,283,0,0,0,0,0,0,0,0,0,0,0,0,0,0,0,0,0,0,0,0,0,0,0,13,0,0,0,6,7,2,2,0,0,57,1,1,0,0,73,6,6,60,66,0,0,0,0,0,0,0,0,0,0,0,0,0,0,0,0,0,0,0,0,0,0,0,4,0,0,0,1,3,0,0,0,0,19,0,0,0,0,23,1,1,19,20,0,0,0,0,0,0,0,0,0,0,0,0,0,0,0,0,0,0,0,0,0,0,0,0,0,0,0,0,0,4,4,0,0,61,7,7,0,0,72,0,0,72,72,0,0,0,0,0,0,0,0,0,0,0,0,0
Mifflin Co. Regional Police Department,1990,Pennsylvania,9341,PA04401,0,0,0,0,0,0,0,0,2,0,0,0,2,35,0,0,0,8,27,34,34,0,0,276,2,1,1,0,349,8,10,312,322,0,0,0,0,0,0,0,0,0,0,0,0,0,0,0,0,0,0,2,0,0,0,2,36,0,0,0,8,28,6,6,0,0,72,2,1,1,0,118,8,10,80,90,0,0,0,0,0,0,0,0,0,0,0,0,0,0,0,0,0,0,0,0,0,0,0,0,0,0,0,0,0,2,2,0,0,21,1,0,1,0,24,0,0,24,24,0,0,0,0,0,0,0,0,0,0,0,0,0,0,0,0,0,0,1,0,0,0,1,0,0,0,0,0,0,2,2,0,0,52,4,4,0,0,59,0,1,58,59,0,0,0,0,0,0,0,0,0,0,0,0,0
Mifflin Co. Regional Police Department,1989,Pennsylvania,9099,PA04401,0,0,0,1,0,0,0,0,3,0,1,0,2,28,0,1,0,4,23,36,32,4,0,214,4,3,1,0,286,5,9,254,263,0,0,0,0,0,0,0,0,0,0,0,0,0,1,0,0,0,0,1,0,0,0,1,28,0,1,0,4,23,8,8,0,0,59,0,0,0,0,97,5,7,67,74,0,0,0,0,0,0,0,0,0,0,0,0,0,0,0,0,0,0,1,0,0,0,1,1,0,0,0,1,0,0,0,0,0,21,0,0,0,0,23,1,2,21,23,0,0,0,0,0,0,0,0,0,0,0,0,0,0,0,0,0,0,0,0,0,0,0,0,0,0,0,0,0,3,3,0,0,50,4,4,0,0,57,0,0,57,57,0,0,0,0,0,0,0,0,0,0,0,0,0
Mifflin Co. Regional Police Department,1988,Pennsylvania,9229,PA04401,0,0,0,0,0,1,1,0,1,0,1,0,0,19,2,0,0,4,13,43,30,13,0,222,12,9,2,1,298,6,8,277,285,0,0,0,0,0,0,0,0,0,0,0,0,0,0,0,1,1,0,2,0,1,1,0,18,2,0,0,4,12,4,3,1,0,67,2,1,0,1,94,6,9,73,82,0,0,0,0,0,0,0,0,0,0,0,0,0,0,0,0,0,0,0,0,0,0,0,2,0,0,0,0,2,1,0,1,0,7,1,0,0,1,11,0,0,9,9,0,0,0,0,0,0,0,0,0,0,0,0,0,0,0,0,0,0,0,0,0,0,0,0,0,0,0,0,0,0,0,0,0,52,3,3,0,0,55,0,0,55,55,0,0,0,0,0,0,0,0,0,0,0,0,0
Mifflin Co. Regional Police Department,1987,Pennsylvania,9176,PA04401,0,0,0,0,0,2,2,0,4,0,1,0,3,25,1,0,1,1,22,45,37,8,0,247,20,18,2,0,345,3,9,314,323,0,1,0,0,0,1,0,2,0,0,0,0,2,0,0,1,1,0,1,0,0,0,1,23,1,0,1,1,20,5,4,1,0,58,4,4,0,0,93,3,5,68,73,0,1,0,0,0,0,0,1,0,0,0,0,1,0,0,0,0,0,0,0,0,0,0,3,0,0,0,0,3,1,1,0,0,23,1,1,0,0,28,0,0,25,25,0,0,0,0,0,0,0,0,0,0,0,0,0,0,0,0,0,0,0,0,0,0,0,0,0,0,0,0,0,5,3,2,0,59,9,9,0,0,73,0,0,73,73,0,0,0,0,0,0,0,0,0,0,0,0,0
Mifflin Co. Regional Police Department,1986,Pennsylvania,9378,PA04401,0,0,0,0,0,0,0,0,4,0,1,0,3,7,0,0,0,5,2,87,63,24,0,312,20,17,3,0,432,5,9,421,430,0,0,1,0,0,1,0,2,0,0,0,0,2,0,0,0,0,0,3,0,1,0,2,7,0,0,0,5,2,8,4,4,0,64,4,3,1,0,86,5,8,76,84,0,0,0,0,0,0,0,0,0,0,0,0,0,0,0,0,0,0,1,0,0,0,1,0,0,0,0,0,0,3,2,1,0,25,1,1,0,0,30,0,1,29,30,0,0,0,0,0,0,0,0,0,0,0,0,0,0,0,0,0,0,0,0,0,0,0,0,0,0,0,0,0,1,1,0,0,63,6,6,0,0,70,0,0,70,70,0,0,0,0,0,0,0,0,0,0,0,0,0
Mifflin Co. Regional Police Department,1985,Pennsylvania,9397,PA04401,0,0,0,0,0,0,0,0,3,1,0,0,2,14,1,1,0,5,7,56,45,11,0,335,15,13,1,1,426,7,10,409,419,1,1,0,0,1,0,0,3,0,0,0,0,3,0,0,0,0,0,1,0,0,0,1,12,1,1,0,3,7,17,17,0,0,74,5,5,0,0,109,5,6,96,102,0,0,0,0,0,0,0,0,0,0,0,0,0,0,0,0,0,0,0,0,0,0,0,4,1,1,0,1,1,6,6,0,0,17,0,0,0,0,27,3,3,23,26,0,0,0,0,0,0,0,0,0,0,0,0,0,0,0,0,0,0,0,0,0,0,0,2,0,1,0,0,1,0,0,0,0,30,3,3,0,0,35,1,1,33,34,0,0,0,0,0,0,0,0,0,0,0,0,0
Mifflin Co. Regional Police Department,1984,Pennsylvania,9435,PA04401,0,0,0,0,0,0,0,0,2,0,0,0,2,5,0,0,0,1,4,61,53,8,0,273,9,9,0,0,352,1,3,345,348,0,1,0,0,0,0,0,1,0,1,1,0,2,0,0,0,0,0,1,0,0,0,1,3,0,0,0,1,2,12,12,0,0,61,5,5,0,0,82,1,2,78,80,0,0,0,0,0,0,0,0,0,0,0,0,0,0,0,0,0,0,0,0,0,0,0,1,0,0,0,0,1,2,2,0,0,34,1,1,0,0,38,0,0,37,37,0,0,0,0,0,0,0,0,0,0,0,0,0,0,0,0,0,0,0,0,0,0,0,0,0,0,0,0,0,2,1,1,0,26,5,5,0,0,33,0,0,33,33,0,0,0,0,0,0,0,0,0,0,0,0,0
Mifflin Co. Regional Police Department,1983,Pennsylvania,9889,PA04401,0,0,0,0,0,0,0,0,4,1,0,0,3,2,0,0,0,1,1,72,63,9,0,304,11,7,2,2,400,1,5,394,399,3,3,0,0,1,0,0,7,0,0,0,0,7,0,0,0,0,0,3,0,0,0,3,1,0,0,0,0,1,25,25,0,0,44,2,2,0,0,76,0,3,72,75,0,0,0,0,1,0,0,1,0,0,0,0,1,0,0,0,0,0,1,0,0,0,1,0,0,0,0,0,0,17,17,0,0,16,1,1,0,0,36,0,1,35,36,0,0,0,0,1,0,0,1,0,0,0,0,1,0,0,0,0,0,0,0,0,0,0,0,0,0,0,0,0,1,1,0,0,24,0,0,0,0,25,0,0,25,25,0,0,0,0,0,0,0,0,0,0,0,0,0
Mifflin Co. Regional Police Department,1982,Pennsylvania,9865,PA04401,0,0,0,0,0,0,0,0,5,1,0,1,3,0,0,0,0,0,0,72,67,5,0,438,7,6,1,0,527,0,5,522,527,0,1,3,0,0,0,1,5,0,0,0,0,5,0,0,0,0,0,1,0,1,0,0,0,0,0,0,0,0,6,6,0,0,33,0,0,0,0,41,0,1,40,41,0,0,1,0,0,0,0,1,0,0,0,0,1,0,0,0,0,0,1,0,1,0,0,0,0,0,0,0,0,3,3,0,0,12,0,0,0,0,17,0,1,16,17,0,0,1,0,0,0,0,1,0,0,0,0,1,0,0,0,0,0,0,0,0,0,0,0,0,0,0,0,0,0,0,0,0,0,0,0,0,0,0,0,0,0,0,0,0,0,0,0,0,0,0,0,0,0,0,0
Mifflin Co. Regional Police Department,1981,Pennsylvania,9865,PA04401,0,0,0,0,0,0,0,0,2,0,1,0,1,11,0,2,1,4,4,74,59,15,0,481,11,10,0,1,584,7,9,571,580,1,1,2,0,0,1,0,5,0,0,0,0,5,0,0,0,0,0,0,0,0,0,0,8,0,1,1,2,4,15,15,0,0,55,3,3,0,0,81,4,4,73,77,0,0,0,0,0,0,0,0,0,0,0,0,0,0,0,0,0,0,0,0,0,0,0,3,0,0,0,0,3,2,2,0,0,22,0,0,0,0,27,0,0,24,24,0,0,0,0,0,0,0,0,0,0,0,0,0,0,0,0,0,0,0,0,0,0,0,0,0,0,0,0,0,0,0,0,0,0,0,0,0,0,0,0,0,0,0,0,0,0,0,0,0,0,0,0,0,0,0,0
Mifflin Co. Regional Police Department,1980,Pennsylvania,9832,PA04401,0,0,0,0,0,1,1,0,5,0,1,1,3,19,2,1,0,3,13,55,40,15,0,409,11,11,0,0,509,6,12,484,496,1,0,3,1,2,0,0,7,2,0,2,0,9,0,0,0,0,0,1,0,0,0,1,5,0,0,0,2,3,21,20,1,0,60,1,1,0,0,88,2,3,82,85,0,0,0,0,0,0,0,0,0,0,0,0,0,0,0,0,0,0,0,0,0,0,0,1,0,0,0,0,1,5,5,0,0,38,0,0,0,0,44,0,0,43,43,0,0,0,0,0,0,0,0,0,0,0,0,0,0,0,0,0,0,0,0,0,0,0,0,0,0,0,0,0,0,0,0,0,0,0,0,0,0,0,0,0,0,0,0,0,0,0,0,0,0,0,0,0,0,0,0
Mifflin Co. Regional Police Department,1979,Pennsylvania,9640,PA04401,0,0,0,0,0,0,0,0,4,0,0,0,4,56,1,4,3,2,46,59,41,15,3,375,21,20,1,0,520,10,14,460,474,0,1,2,0,1,0,0,4,1,0,1,0,5,0,0,0,0,0,2,0,0,0,2,11,1,1,2,2,5,16,10,6,0,40,8,8,0,0,78,6,8,65,73,0,0,0,0,1,0,0,1,0,0,0,0,1,0,0,0,0,0,1,0,0,0,1,2,0,0,0,0,2,9,5,4,0,24,4,4,0,0,41,0,1,38,39,0,0,0,0,1,0,0,1,0,0,0,0,1,0,0,0,0,0,0,0,0,0,0,0,0,0,0,0,0,0,0,0,0,0,0,0,0,0,0,0,0,0,0,0,0,0,0,0,0,0,0,0,0,0,0,0
Mifflin Co. Regional Police Department,1978,Pennsylvania,10394,PA04401,0,0,0,0,0,2,2,0,5,1,0,0,4,44,0,4,0,15,25,53,43,8,2,303,8,6,1,1,415,19,26,364,390,,,,,,,,,,,,,,0,0,1,1,0,5,1,0,0,4,12,0,3,0,4,5,15,9,4,2,36,3,3,0,0,72,7,13,54,67,,,,,,,,,,,,,,0,0,0,0,0,1,0,0,0,1,1,0,0,0,0,1,9,4,3,2,22,2,2,0,0,35,0,1,33,34,,,,,,,,,,,,,,0,0,0,0,0,0,0,0,0,0,0,0,0,0,0,0,0,0,0,0,0,0,0,0,0,0,0,0,0,0,,,,,,,,,,,,,
Mifflin Co. Regional Police Department,1977,Pennsylvania,10446,PA04401,0,0,0,0,0,0,0,0,2,1,0,0,1,40,1,1,0,15,23,50,46,4,0,281,8,5,2,1,381,17,19,339,358,,,,,,,,,,,,,,0,0,0,0,0,0,0,0,0,0,15,1,1,0,4,9,17,14,3,0,66,0,0,0,0,98,6,6,83,89,,,,,,,,,,,,,,0,0,0,0,0,0,0,0,0,0,5,0,0,0,0,5,7,5,2,0,36,0,0,0,0,48,0,0,43,43,,,,,,,,,,,,,,0,0,0,0,0,0,0,0,0,0,0,0,0,0,0,0,0,0,0,0,0,0,0,0,0,0,0,0,0,0,,,,,,,,,,,,,
Mifflin Co. Regional Police Department,1976,Pennsylvania,10535,PA04401,0,0,2,3,1,0,0,0,8,0,0,0,8,42,1,0,0,10,31,41,34,3,4,252,14,13,1,0,361,11,22,307,329,,,,,,,,,,,,,,3,1,0,0,0,4,0,0,0,4,7,1,0,0,2,4,16,13,1,2,38,5,4,1,0,74,3,10,59,69,,,,,,,,,,,,,,0,0,0,0,0,2,0,0,0,2,4,0,0,0,0,4,7,4,1,2,28,3,2,1,0,44,0,2,38,40,,,,,,,,,,,,,,0,0,0,0,0,0,0,0,0,0,0,0,0,0,0,0,0,0,0,0,0,0,0,0,0,0,0,0,0,0,,,,,,,,,,,,,
Mifflin Co. Regional Police Department,1975,Pennsylvania,10324,PA04401,0,0,4,0,0,0,0,0,5,1,0,0,4,19,0,0,1,3,15,110,77,30,3,352,13,10,2,1,499,4,9,475,484,,,,,,,,,,,,,,0,0,0,0,0,2,1,0,0,1,12,0,0,1,2,9,24,16,7,1,49,6,5,0,1,93,3,5,79,84,,,,,,,,,,,,,,0,0,0,0,0,1,0,0,0,1,7,0,0,0,2,5,20,13,7,0,39,3,3,0,0,70,2,3,62,65,,,,,,,,,,,,,,0,0,0,0,0,0,0,0,0,0,0,0,0,0,0,0,0,0,0,0,0,0,0,0,0,0,0,0,0,0,,,,,,,,,,,,,
Mifflin Co. Regional Police Department,1974,Pennsylvania,10600,PA04401,0,0,1,0,0,0,0,0,1,0,1,0,0,12,1,1,2,1,7,132,79,28,25,341,17,17,0,0,503,5,6,490,496,,,,,,,,,,,,,,0,0,0,0,0,0,0,0,0,0,7,1,1,1,0,4,12,7,3,2,61,4,4,0,0,84,3,3,77,80,,,,,,,,,,,,,,0,0,0,0,0,0,0,0,0,0,3,0,1,1,0,1,4,1,1,2,42,3,3,0,0,52,2,2,49,51,,,,,,,,,,,,,,0,0,0,0,0,0,0,0,0,0,0,0,0,0,0,0,0,0,0,0,0,0,0,0,0,0,0,0,0,0,,,,,,,,,,,,,
Mifflin Co. Regional Police Department,1973,Pennsylvania,10687,PA04401,0,0,0,1,0,3,2,1,0,0,0,0,0,12,0,1,0,1,10,68,21,32,15,185,25,25,0,0,284,2,6,278,284,,,,,,,,,,,,,,1,0,1,1,0,0,0,0,0,0,5,0,0,0,2,3,4,0,4,0,19,4,4,0,0,31,2,4,27,31,,,,,,,,,,,,,,0,0,0,0,0,0,0,0,0,0,1,0,0,0,0,1,2,0,2,0,12,0,0,0,0,14,0,0,14,14,,,,,,,,,,,,,,0,0,0,0,0,0,0,0,0,0,0,0,0,0,0,0,0,0,0,0,0,0,0,0,0,0,0,0,0,0,,,,,,,,,,,,,
Mifflin Co. Regional Police Department,1972,Pennsylvania,10787,PA04401,0,0,0,0,0,2,1,1,4,0,0,0,4,35,0,5,1,15,14,53,38,9,6,232,31,31,0,0,343,21,27,316,343,,,,,,,,,,,,,,0,0,2,1,1,3,0,0,0,3,6,0,0,0,1,5,5,4,1,0,14,1,1,0,0,26,1,6,20,26,,,,,,,,,,,,,,0,0,0,0,0,0,0,0,0,0,1,0,0,0,0,1,1,0,1,0,8,0,0,0,0,9,0,0,9,9,,,,,,,,,,,,,,0,0,0,0,0,0,0,0,0,0,0,0,0,0,0,0,0,0,0,0,0,0,0,0,0,0,0,0,0,0,,,,,,,,,,,,,
Mifflin Co. Regional Police Department,1971,Pennsylvania,12005,PA04401,0,0,0,0,0,3,2,1,3,0,0,0,3,58,0,1,5,39,13,47,44,0,3,232,42,42,0,0,372,45,51,321,372,,,,,,,,,,,,,,0,0,3,2,1,1,0,0,0,1,15,0,1,0,8,6,8,7,0,1,15,2,2,0,0,38,9,13,25,38,,,,,,,,,,,,,,0,0,1,0,1,1,0,0,0,1,8,0,0,0,2,6,0,0,0,0,8,2,2,0,0,14,2,4,10,14,,,,,,,,,,,,,,0,0,0,0,0,0,0,0,0,0,0,0,0,0,0,0,0,0,0,0,0,0,0,0,0,0,0,0,0,0,,,,,,,,,,,,,
Mifflin Co. Regional Police Department,1970,Pennsylvania,11098,PA04401,0,0,0,0,0,0,0,0,0,0,0,0,0,28,2,0,0,19,7,45,39,6,0,180,27,27,0,0,273,21,21,252,273,,,,,,,,,,,,,,0,0,0,0,0,0,0,0,0,0,16,1,0,0,8,7,18,18,0,0,13,0,0,0,0,40,9,9,31,40,,,,,,,,,,,,,,0,0,0,0,0,0,0,0,0,0,0,0,0,0,0,0,15,15,0,0,1,0,0,0,0,16,0,0,16,16,,,,,,,,,,,,,,0,0,0,0,0,0,0,0,0,0,0,0,0,0,0,0,0,0,0,0,0,0,0,0,0,0,0,0,0,0,,,,,,,,,,,,,
Mifflin Co. Regional Police Department,1969,Pennsylvania,12205,PA04401,0,0,0,0,0,0,0,0,1,1,0,0,0,7,0,1,0,1,5,46,40,5,1,159,11,11,0,0,219,2,3,216,219,,,,,,,,,,,,,,0,0,0,0,0,0,0,0,0,0,7,0,1,0,1,5,8,8,0,0,21,5,5,0,0,36,2,2,34,36,,,,,,,,,,,,,,0,0,0,0,0,0,0,0,0,0,0,0,0,0,0,0,3,3,0,0,6,1,1,0,0,10,0,0,10,10,,,,,,,,,,,,,,0,0,0,0,0,0,0,0,0,0,0,0,0,0,0,0,0,0,0,0,0,0,0,0,0,0,0,0,0,0,,,,,,,,,,,,,
Mifflin Co. Regional Police Department,1968,Pennsylvania,11958,PA04401,0,0,0,0,1,1,1,0,4,0,0,0,4,23,0,0,0,1,22,78,65,11,2,164,9,9,0,0,258,1,6,251,257,,,,,,,,,,,,,,0,1,1,1,0,3,0,0,0,3,23,0,0,0,1,22,30,29,1,0,21,3,3,0,0,60,1,5,54,59,,,,,,,,,,,,,,0,0,0,0,0,0,0,0,0,0,0,0,0,0,0,0,21,20,1,0,3,2,2,0,0,26,0,0,26,26,,,,,,,,,,,,,,0,0,0,0,0,0,0,0,0,0,0,0,0,0,0,0,0,0,0,0,0,0,0,0,0,0,0,0,0,0,,,,,,,,,,,,,
Mifflin Co. Regional Police Department,1967,Pennsylvania,11922,PA04401,0,0,0,0,0,0,0,0,2,0,0,0,2,11,0,0,0,0,11,64,50,11,3,120,11,11,0,0,197,0,2,195,197,,,,,,,,,,,,,,0,0,0,0,0,1,0,0,0,1,11,0,0,0,0,11,11,5,2,4,26,2,2,0,0,40,0,1,39,40,,,,,,,,,,,,,,0,0,0,0,0,0,0,0,0,0,1,0,0,0,0,1,3,2,1,0,10,0,0,0,0,13,0,0,13,13,,,,,,,,,,,,,,0,0,0,0,0,0,0,0,0,0,0,0,0,0,0,0,0,0,0,0,0,0,0,0,0,0,0,0,0,0,,,,,,,,,,,,,
Mifflin Co. Regional Police Department,1966,Pennsylvania,11972,PA04401,0,0,0,0,0,1,1,0,1,0,0,0,1,11,0,0,0,1,10,39,24,15,0,134,11,11,0,0,187,1,3,184,187,,,,,,,,,,,,,,0,0,1,1,0,0,0,0,0,0,11,0,0,0,1,10,16,11,5,0,35,7,7,0,0,60,1,2,58,60,,,,,,,,,,,,,,0,0,0,0,0,0,0,0,0,0,0,0,0,0,0,0,9,4,5,0,24,4,4,0,0,37,0,0,37,37,,,,,,,,,,,,,,0,0,0,0,0,0,0,0,0,0,0,0,0,0,0,0,0,0,0,0,0,0,0,0,0,0,0,0,0,0,,,,,,,,,,,,,
Mifflin Co. Regional Police Department,1965,Pennsylvania,12029,PA04401,0,0,0,0,0,0,0,0,1,0,0,0,1,4,0,0,0,0,4,40,37,3,0,131,10,10,0,0,182,0,1,181,182,,,,,,,,,,,,,,0,0,0,0,0,1,0,0,0,1,4,0,0,0,0,4,13,12,1,0,35,4,4,0,0,53,0,1,52,53,,,,,,,,,,,,,,0,0,0,0,0,0,0,0,0,0,0,0,0,0,0,0,8,8,0,0,18,4,4,0,0,30,0,0,30,30,,,,,,,,,,,,,,0,0,0,0,0,0,0,0,0,0,0,0,0,0,0,0,0,0,0,0,0,0,0,0,0,0,0,0,0,0,,,,,,,,,,,,,
Mifflin Co. Regional Police Department,1964,Pennsylvania,12194,PA04401,0,0,0,0,0,0,0,0,0,0,0,0,0,15,0,0,0,2,13,28,24,4,0,168,5,5,0,0,203,2,2,201,203,,,,,,,,,,,,,,0,0,0,0,0,0,0,0,0,0,14,0,0,0,2,12,5,5,0,0,56,2,2,0,0,65,2,2,63,65,,,,,,,,,,,,,,0,0,0,0,0,0,0,0,0,0,0,0,0,0,0,0,2,2,0,0,41,1,1,0,0,44,0,0,44,44,,,,,,,,,,,,,,0,0,0,0,0,0,0,0,0,0,0,0,0,0,0,0,0,0,0,0,0,0,0,0,0,0,0,0,0,0,,,,,,,,,,,,,
Mifflin Co. Regional Police Department,1963,Pennsylvania,11997,PA04401,0,0,0,0,1,0,0,0,1,0,0,0,0,0,0,0,0,0,0,18,0,0,0,154,5,5,0,0,179,0,1,177,178,,,,,,,,,,,,,,0,0,0,0,0,0,0,0,0,0,0,0,0,0,0,0,0,0,0,0,0,0,0,0,0,0,0,0,0,0,,,,,,,,,,,,,,0,0,0,0,0,0,0,0,0,0,0,0,0,0,0,0,0,0,0,0,0,0,0,0,0,0,0,0,0,0,,,,,,,,,,,,,,0,0,0,0,0,0,0,0,0,0,0,0,0,0,0,0,0,0,0,0,0,0,0,0,0,0,0,0,0,0,,,,,,,,,,,,,
Mifflin Co. Regional Police Department,1962,Pennsylvania,12249,PA04401,0,0,0,0,0,0,0,0,1,0,0,0,0,3,0,0,0,0,0,20,0,0,0,94,7,7,0,0,125,3,4,121,125,,,,,,,,,,,,,,0,0,0,0,0,0,0,0,0,0,0,0,0,0,0,0,0,0,0,0,0,0,0,0,0,0,0,0,0,0,,,,,,,,,,,,,,0,0,0,0,0,0,0,0,0,0,0,0,0,0,0,0,0,0,0,0,0,0,0,0,0,0,0,0,0,0,,,,,,,,,,,,,,0,0,0,0,0,0,0,0,0,0,0,0,0,0,0,0,0,0,0,0,0,0,0,0,0,0,0,0,0,0,,,,,,,,,,,,,
Mifflin Co. Regional Police Department,1961,Pennsylvania,12640,PA04401,0,0,0,0,0,0,0,0,1,0,0,0,0,0,0,0,0,0,0,29,0,0,0,96,5,5,0,0,131,0,1,130,131,,,,,,,,,,,,,,0,0,0,0,0,0,0,0,0,0,0,0,0,0,0,0,0,0,0,0,0,0,0,0,0,0,0,0,0,0,,,,,,,,,,,,,,0,0,0,0,0,0,0,0,0,0,0,0,0,0,0,0,0,0,0,0,0,0,0,0,0,0,0,0,0,0,,,,,,,,,,,,,,0,0,0,0,0,0,0,0,0,0,0,0,0,0,0,0,0,0,0,0,0,0,0,0,0,0,0,0,0,0,,,,,,,,,,,,,
Mifflin Co. Regional Police Department,1960,Pennsylvania,12640,PA04401,0,0,0,0,0,0,0,0,0,0,0,0,0,0,0,0,0,0,0,38,0,0,0,107,4,4,0,0,149,0,0,149,149,,,,,,,,,,,,,,0,0,0,0,0,0,0,0,0,0,0,0,0,0,0,0,0,0,0,0,0,0,0,0,0,0,0,0,0,0,,,,,,,,,,,,,,0,0,0,0,0,0,0,0,0,0,0,0,0,0,0,0,0,0,0,0,0,0,0,0,0,0,0,0,0,0,,,,,,,,,,,,,,0,0,0,0,0,0,0,0,0,0,0,0,0,0,0,0,0,0,0,0,0,0,0,0,0,0,0,0,0,0,,,,,,,,,,,,,
