agency,year,state,population,ORI,officers_killed_by_felony,officers_killed_by_accident,officers_assaulted,actual_murder,actual_manslaughter,actual_rape_total,actual_rape_by_force,actual_rape_attempted,actual_robbery_total,actual_robbery_with_a_gun,actual_robbery_with_a_knife,actual_robbery_other_weapon,actual_robbery_unarmed,actual_assault_total,actual_assault_with_a_gun,actual_assault_with_a_knife,actual_assault_other_weapon,actual_assault_unarmed,actual_assault_simple,actual_burg_total,actual_burg_force_entry,actual_burg_nonforce_entry,actual_burg_attempted,actual_theft_total,actual_mtr_veh_theft_total,actual_mtr_veh_theft_car,actual_mtr_veh_theft_truck,actual_mtr_veh_theft_other,actual_all_crimes,actual_assault_aggravated,actual_index_violent,actual_index_property,actual_index_total,actual_arson_single_occupancy,actual_arson_other_residential,actual_arson_storage,actual_arson_industrial,actual_arson_other_commercial,actual_arson_community_public,actual_arson_all_oth_structures,actual_arson_total_structures,actual_arson_motor_vehicles,actual_arson_other_mobile,actual_arson_total_mobile,actual_arson_all_other,actual_arson_grand_total,tot_clr_murder,tot_clr_manslaughter,tot_clr_rape_total,tot_clr_rape_by_force,tot_clr_rape_attempted,tot_clr_robbery_total,tot_clr_robbery_with_a_gun,tot_clr_robbery_with_a_knife,tot_clr_robbery_other_weapon,tot_clr_robbery_unarmed,tot_clr_assault_total,tot_clr_assault_with_a_gun,tot_clr_assault_with_a_knife,tot_clr_assault_other_weapon,tot_clr_assault_unarmed,tot_clr_assault_simple,tot_clr_burg_total,tot_clr_burg_force_entry,tot_clr_burg_nonforce_entry,tot_clr_burg_attempted,tot_clr_theft_total,tot_clr_mtr_veh_theft_total,tot_clr_mtr_veh_theft_car,tot_clr_mtr_veh_theft_truck,tot_clr_mtr_veh_theft_other,tot_clr_all_crimes,tot_clr_assault_aggravated,tot_clr_index_violent,tot_clr_index_property,tot_clr_index_total,tot_clr_arson_single_occupancy,tot_clr_arson_other_residential,tot_clr_arson_storage,tot_clr_arson_industrial,tot_clr_arson_other_commercial,tot_clr_arson_community_public,tot_clr_arson_all_oth_structures,tot_clr_arson_total_structures,tot_clr_arson_motor_vehicles,tot_clr_arson_other_mobile,tot_clr_arson_total_mobile,tot_clr_arson_all_other,tot_clr_arson_grand_total,clr_18_murder,clr_18_manslaughter,clr_18_rape_total,clr_18_rape_by_force,clr_18_rape_attempted,clr_18_robbery_total,clr_18_robbery_with_a_gun,clr_18_robbery_with_a_knife,clr_18_robbery_other_weapon,clr_18_robbery_unarmed,clr_18_assault_total,clr_18_assault_with_a_gun,clr_18_assault_with_a_knife,clr_18_assault_other_weapon,clr_18_assault_unarmed,clr_18_assault_simple,clr_18_burg_total,clr_18_burg_force_entry,clr_18_burg_nonforce_entry,clr_18_burg_attempted,clr_18_theft_total,clr_18_mtr_veh_theft_total,clr_18_mtr_veh_theft_car,clr_18_mtr_veh_theft_truck,clr_18_mtr_veh_theft_other,clr_18_all_crimes,clr_18_assault_aggravated,clr_18_index_violent,clr_18_index_property,clr_18_index_total,clr_18_arson_single_occupancy,clr_18_arson_other_residential,clr_18_arson_storage,clr_18_arson_industrial,clr_18_arson_other_commercial,clr_18_arson_community_public,clr_18_arson_all_oth_structures,clr_18_arson_total_structures,clr_18_arson_motor_vehicles,clr_18_arson_other_mobile,clr_18_arson_total_mobile,clr_18_arson_all_other,clr_18_arson_grand_total,unfound_murder,unfound_manslaughter,unfound_rape_total,unfound_rape_by_force,unfound_rape_attempted,unfound_robbery_total,unfound_robbery_with_a_gun,unfound_robbery_with_a_knife,unfound_robbery_other_weapon,unfound_robbery_unarmed,unfound_assault_total,unfound_assault_with_a_gun,unfound_assault_with_a_knife,unfound_assault_other_weapon,unfound_assault_unarmed,unfound_assault_simple,unfound_burg_total,unfound_burg_force_entry,unfound_burg_nonforce_entry,unfound_burg_attempted,unfound_theft_total,unfound_mtr_veh_theft_total,unfound_mtr_veh_theft_car,unfound_mtr_veh_theft_truck,unfound_mtr_veh_theft_other,unfound_all_crimes,unfound_assault_aggravated,unfound_index_violent,unfound_index_property,unfound_index_total,unfound_arson_single_occupancy,unfound_arson_other_residential,unfound_arson_storage,unfound_arson_industrial,unfound_arson_other_commercial,unfound_arson_community_public,unfound_arson_all_oth_structures,unfound_arson_total_structures,unfound_arson_motor_vehicles,unfound_arson_other_mobile,unfound_arson_total_mobile,unfound_arson_all_other,unfound_arson_grand_total
Electra Police Department,2021,Texas,2732,TX24302,0,0,0,0,0,0,0,0,0,0,0,0,0,15,1,0,1,1,12,3,1,2,0,7,7,7,0,0,32,3,3,17,20,0,0,0,0,0,0,0,0,0,0,0,0,0,0,0,0,0,0,0,0,0,0,0,11,1,0,1,2,7,1,0,1,0,3,2,2,0,0,17,4,4,6,10,0,0,0,0,0,0,0,0,0,0,0,0,0,0,0,0,0,0,0,0,0,0,0,2,0,0,1,1,0,0,0,0,0,0,0,0,0,0,2,2,2,0,2,0,0,0,0,0,0,0,0,0,0,0,0,0,0,0,0,0,0,0,0,0,0,0,0,0,0,0,0,0,0,0,0,0,0,0,0,0,0,0,0,0,0,0,0,0,0,0,0,0,0,0,0,0,0,0,0
Electra Police Department,2020,Texas,2723,TX24302,0,0,0,0,0,0,0,0,3,1,0,0,2,21,3,0,4,1,13,5,4,1,0,21,4,3,0,1,54,8,11,30,41,0,0,0,0,0,0,0,0,0,0,0,0,0,0,0,0,0,0,2,0,0,0,2,18,3,0,2,0,13,0,0,0,0,1,2,2,0,0,23,5,7,3,10,0,0,0,0,0,0,0,0,0,0,0,0,0,0,0,0,0,0,0,0,0,0,0,0,0,0,0,0,0,0,0,0,0,1,1,1,0,0,2,0,0,2,2,0,0,0,0,0,0,0,0,0,0,0,0,0,0,0,0,0,0,0,0,0,0,0,0,0,0,0,0,0,0,0,0,0,0,0,0,0,0,0,0,0,0,0,0,0,0,0,0,0,0,0,0,0,0,0,0
Electra Police Department,2019,Texas,2696,TX24302,0,0,0,0,0,0,0,0,1,0,0,0,1,33,0,1,2,2,28,17,8,8,1,26,5,5,0,0,82,5,6,48,54,0,0,0,0,0,0,0,0,0,0,0,0,0,0,0,0,0,0,1,0,0,0,1,23,0,1,1,1,20,7,3,3,1,8,3,3,0,0,42,3,4,18,22,0,0,0,0,0,0,0,0,0,0,0,0,0,0,0,0,0,0,0,0,0,0,0,0,0,0,0,0,0,0,0,0,0,0,1,1,0,0,1,0,0,1,1,0,0,0,0,0,0,0,0,0,0,0,0,0,0,0,0,0,0,0,0,0,0,0,0,0,0,0,0,0,0,0,0,0,0,0,0,0,0,0,0,0,0,0,0,0,0,0,0,0,0,0,0,0,0,0,0
Electra Police Department,2018,Texas,2699,TX24302,0,0,0,0,0,1,1,0,0,0,0,0,0,34,3,0,1,0,30,19,17,2,0,26,4,3,0,1,84,4,5,49,54,0,0,0,0,0,0,0,0,0,0,0,0,0,0,0,0,0,0,0,0,0,0,0,28,3,0,1,0,24,3,2,1,0,7,2,2,0,0,40,4,4,12,16,0,0,0,0,0,0,0,0,0,0,0,0,0,0,0,0,0,0,0,0,0,0,0,0,0,0,0,0,0,0,0,0,0,1,1,1,0,0,2,0,0,2,2,0,0,0,0,0,0,0,0,0,0,0,0,0,0,0,0,0,0,0,0,0,0,0,0,0,0,0,0,0,0,0,0,0,0,0,0,0,0,0,0,0,0,0,0,0,0,0,0,0,0,0,0,0,0,0,0
Electra Police Department,2017,Texas,2711,TX24302,0,0,0,0,0,1,1,0,0,0,0,0,0,33,2,2,3,2,24,12,4,8,0,28,5,5,0,0,79,9,10,45,55,0,0,0,0,0,0,0,0,0,0,0,0,0,0,0,0,0,0,0,0,0,0,0,20,0,2,2,0,16,0,0,0,0,2,1,1,0,0,23,4,4,3,7,0,0,0,0,0,0,0,0,0,0,0,0,0,0,0,0,0,0,0,0,0,0,0,1,0,0,0,0,1,0,0,0,0,0,0,0,0,0,1,0,0,0,0,0,0,0,0,0,0,0,0,0,0,0,0,0,0,0,0,0,0,0,0,0,0,0,0,0,0,0,0,0,0,0,0,0,0,0,0,0,0,0,0,0,0,0,0,0,0,0,0,0,0,0,0,0,0,0,0
Electra Police Department,2016,Texas,2695,TX24302,0,0,0,0,0,0,0,0,0,0,0,0,0,35,0,1,1,3,30,21,6,14,1,37,3,3,0,0,96,5,5,61,66,0,0,0,0,0,0,0,0,0,0,0,0,0,0,0,0,0,0,0,0,0,0,0,18,0,0,0,2,16,4,1,3,0,5,1,1,0,0,28,2,2,10,12,0,0,0,0,0,0,0,0,0,0,0,0,0,0,0,0,0,0,0,0,0,0,0,2,0,0,0,0,2,0,0,0,0,0,0,0,0,0,2,0,0,0,0,0,0,0,0,0,0,0,0,0,0,0,0,0,0,0,0,0,0,0,0,0,0,0,1,0,0,0,0,1,0,0,0,0,0,0,0,0,0,1,0,0,0,0,0,0,0,0,0,0,0,0,0,0,0,0,0
Electra Police Department,2015,Texas,2738,TX24302,0,0,2,0,0,1,1,0,0,0,0,0,0,24,1,1,2,2,18,30,20,9,1,54,5,2,2,1,114,6,7,89,96,0,0,0,0,0,0,0,0,0,0,0,0,0,0,0,1,1,0,0,0,0,0,0,14,0,1,1,1,11,2,1,1,0,8,3,1,1,1,28,3,4,13,17,0,0,0,0,0,0,0,0,0,0,0,0,0,0,0,0,0,0,0,0,0,0,0,1,0,0,0,0,1,0,0,0,0,0,0,0,0,0,1,0,0,0,0,0,0,0,0,0,0,0,0,0,0,0,0,0,0,0,0,0,0,0,0,0,0,0,1,0,0,0,0,1,4,1,3,0,1,0,0,0,0,6,0,0,5,5,0,0,0,0,0,0,0,0,0,0,0,0,0
Electra Police Department,2014,Texas,,TX24302,,,,,,,,,,,,,,,,,,,,,,,,,,,,,,,,,,,,,,,,,,,,,,,,,,,,,,,,,,,,,,,,,,,,,,,,,,,,,,,,,,,,,,,,,,,,,,,,,,,,,,,,,,,,,,,,,,,,,,,,,,,,,,,,,,,,,,,,,,,,,,,,,,,,,,,,,,,,,,,,,,,,,,,,,,,,,,,
Electra Police Department,2013,Texas,2762,TX24302,0,0,0,0,0,1,1,0,1,0,1,0,0,26,0,1,1,1,23,13,6,7,0,20,2,2,0,0,63,3,5,35,40,0,0,0,0,0,0,0,0,0,0,0,0,0,0,0,1,1,0,1,0,1,0,0,25,0,1,0,1,23,4,2,2,0,8,0,0,0,0,39,2,4,12,16,0,0,0,0,0,0,0,0,0,0,0,0,0,0,0,0,0,0,0,0,0,0,0,8,0,0,0,0,8,0,0,0,0,0,0,0,0,0,8,0,0,0,0,0,0,0,0,0,0,0,0,0,0,0,0,0,0,0,0,0,0,0,0,0,0,0,3,0,0,0,0,3,1,0,1,0,0,0,0,0,0,4,0,0,1,1,0,0,0,0,0,0,0,0,0,0,0,0,0
Electra Police Department,2012,Texas,2814,TX24302,0,0,1,0,0,0,0,0,0,0,0,0,0,22,0,0,1,2,19,23,10,13,0,25,4,3,0,1,74,3,3,52,55,0,0,0,0,0,0,0,0,0,0,0,0,0,0,0,0,0,0,0,0,0,0,0,19,0,0,1,2,16,6,1,5,0,4,2,2,0,0,31,3,3,12,15,0,0,0,0,0,0,0,0,0,0,0,0,0,0,0,0,0,0,0,0,0,0,0,3,0,0,0,0,3,3,0,3,0,1,0,0,0,0,7,0,0,4,4,0,0,0,0,0,0,0,0,0,0,0,0,0,0,0,0,0,0,0,0,0,0,0,4,0,0,0,0,4,1,0,1,0,2,1,1,0,0,8,0,0,4,4,0,0,0,0,0,0,0,0,0,0,0,0,0
Electra Police Department,2011,Texas,2850,TX24302,0,0,0,0,0,0,0,0,0,0,0,0,0,36,1,1,1,4,29,5,2,2,1,18,6,6,0,0,66,7,7,30,37,0,0,0,0,0,0,0,0,0,0,0,1,1,0,0,0,0,0,0,0,0,0,0,23,1,1,0,4,17,3,2,1,0,5,5,5,0,0,36,6,6,13,19,0,0,0,0,0,0,0,0,0,0,0,0,0,0,0,0,0,0,0,0,0,0,0,5,0,0,0,1,4,0,0,0,0,4,0,0,0,0,9,1,1,4,5,0,0,0,0,0,0,0,0,0,0,0,0,0,0,0,0,0,0,0,0,0,0,0,1,0,0,0,0,1,0,0,0,0,1,1,1,0,0,3,0,0,2,2,0,0,0,0,0,0,0,0,0,0,0,0,0
Electra Police Department,2010,Texas,2791,TX24302,0,0,2,0,0,0,0,0,0,0,0,0,0,40,0,1,1,4,34,21,9,12,0,50,1,1,0,0,112,6,6,72,78,0,0,0,0,0,0,0,0,0,0,0,0,0,0,0,0,0,0,0,0,0,0,0,29,0,1,1,3,24,1,0,1,0,16,1,1,0,0,47,5,5,18,23,0,0,0,0,0,0,0,0,0,0,0,0,0,0,0,0,0,0,0,0,0,0,0,2,0,0,0,0,2,0,0,0,0,2,0,0,0,0,4,0,0,2,2,0,0,0,0,0,0,0,0,0,0,0,0,0,0,0,0,0,0,0,0,0,0,0,1,0,0,0,0,1,1,0,1,0,0,1,1,0,0,3,0,0,2,2,0,0,0,0,0,0,0,0,0,0,0,0,0
Electra Police Department,2009,Texas,2867,TX24302,0,0,0,0,0,0,0,0,1,0,0,0,1,30,2,0,2,1,25,21,12,9,0,43,8,7,1,0,104,5,6,73,79,0,0,0,0,0,0,0,0,1,0,1,0,1,0,0,0,0,0,0,0,0,0,0,9,1,0,0,1,7,2,1,1,0,4,1,0,1,0,16,2,2,7,9,0,0,0,0,0,0,0,0,0,0,0,0,0,0,0,0,0,0,0,0,0,0,0,2,0,0,0,0,2,0,0,0,0,0,0,0,0,0,2,0,0,0,0,0,0,0,0,0,0,0,0,0,0,0,0,0,0,0,0,0,0,0,0,0,0,0,1,0,0,0,0,1,0,0,0,0,0,0,0,0,0,1,0,0,0,0,0,0,0,0,0,0,0,0,0,0,0,0,0
Electra Police Department,2008,Texas,2921,TX24302,0,0,9,0,0,0,0,0,1,0,0,0,1,61,1,4,4,4,48,49,18,27,4,67,9,8,0,1,187,13,14,125,139,0,0,0,0,0,0,0,0,0,0,0,0,0,0,0,0,0,0,0,0,0,0,0,42,1,4,4,3,30,8,2,5,1,5,4,3,0,1,59,12,12,17,29,0,0,0,0,0,0,0,0,0,0,0,0,0,0,0,0,0,0,0,0,0,0,0,4,0,1,0,0,3,2,1,1,0,0,0,0,0,0,6,1,1,2,3,0,0,0,0,0,0,0,0,0,0,0,0,0,0,0,0,0,0,0,0,0,0,0,0,0,0,0,0,0,1,1,0,0,0,1,1,0,0,2,0,0,2,2,0,0,0,0,0,0,0,0,0,0,0,0,0
Electra Police Department,2007,Texas,2854,TX24302,0,0,0,0,0,0,0,0,1,1,0,0,0,33,2,4,1,0,26,43,20,22,1,43,12,5,1,6,137,7,8,103,111,1,1,0,0,0,0,1,3,2,0,2,0,5,0,0,0,0,0,0,0,0,0,0,15,1,2,1,0,11,4,1,3,0,0,1,0,0,1,20,4,4,5,9,0,0,0,0,0,0,0,0,0,0,0,0,0,0,0,0,0,0,0,0,0,0,0,3,0,0,0,0,3,0,0,0,0,0,0,0,0,0,3,0,0,0,0,0,0,0,0,0,0,0,0,0,0,0,0,0,0,0,0,0,0,0,0,0,0,0,2,1,0,0,0,1,0,0,0,0,0,0,0,0,0,2,1,1,0,1,0,0,0,0,0,0,0,0,0,0,0,0,0
Electra Police Department,2006,Texas,3021,TX24302,0,0,0,0,0,1,1,0,0,0,0,0,0,33,0,0,1,1,31,30,19,11,0,43,9,8,0,1,117,2,3,83,86,0,0,1,0,0,0,0,1,0,0,0,0,1,0,0,1,1,0,0,0,0,0,0,11,0,0,1,1,9,4,2,2,0,3,1,0,0,1,20,2,3,8,11,0,0,0,0,0,0,0,0,0,0,0,0,0,0,0,0,0,0,0,0,0,0,0,1,0,0,0,0,1,0,0,0,0,0,1,0,0,1,2,0,0,1,1,0,0,0,0,0,0,0,0,0,0,0,0,0,0,0,0,0,0,0,0,0,0,0,0,0,0,0,0,0,1,1,0,0,0,0,0,0,0,1,0,0,1,1,0,0,0,0,0,0,0,0,0,0,0,0,0
Electra Police Department,2005,Texas,3050,TX24302,0,0,0,0,0,0,0,0,0,0,0,0,0,40,0,3,2,0,35,52,31,19,2,84,13,12,0,1,191,5,5,151,156,1,0,1,0,0,0,0,2,0,0,0,0,2,0,0,0,0,0,0,0,0,0,0,20,0,2,1,0,17,1,1,0,0,2,2,2,0,0,26,3,3,6,9,0,0,1,0,0,0,0,1,0,0,0,0,1,0,0,0,0,0,0,0,0,0,0,2,0,0,0,0,2,1,1,0,0,0,0,0,0,0,4,0,0,2,2,0,0,1,0,0,0,0,1,0,0,0,0,1,0,0,1,0,1,0,0,0,0,0,0,0,0,0,0,0,0,0,0,0,1,3,3,0,0,5,0,1,4,5,0,0,0,0,0,0,0,0,0,0,0,0,0
Electra Police Department,2004,Texas,3106,TX24302,0,0,0,0,0,0,0,0,2,1,0,0,1,62,3,2,3,1,53,45,30,14,1,84,7,6,0,1,200,9,11,136,147,0,0,0,0,0,0,0,0,0,0,0,0,0,0,0,0,0,0,1,1,0,0,0,29,0,0,2,1,26,0,0,0,0,8,2,2,0,0,40,3,4,10,14,0,0,0,0,0,0,0,0,0,0,0,0,0,0,0,0,0,0,0,0,0,0,0,6,0,0,0,0,6,0,0,0,0,1,1,1,0,0,8,0,0,2,2,0,0,0,0,0,0,0,0,0,0,0,0,0,0,0,0,0,0,0,0,0,0,0,0,0,0,0,0,0,0,0,0,0,0,0,0,0,0,0,0,0,0,0,0,0,0,0,0,0,0,0,0,0,0,0,0
Electra Police Department,2003,Texas,3137,TX24302,0,0,0,0,0,0,0,0,1,1,0,0,0,46,1,4,3,2,36,43,25,18,0,117,25,21,1,3,232,10,11,185,196,0,0,0,0,0,0,0,0,0,0,0,0,0,0,0,0,0,0,1,1,0,0,0,27,1,3,3,1,19,3,1,2,0,4,2,2,0,0,37,8,9,9,18,0,0,0,0,0,0,0,0,0,0,0,0,0,0,0,0,0,0,0,0,0,0,0,5,0,1,1,0,3,0,0,0,0,0,0,0,0,0,5,2,2,0,2,0,0,0,0,0,0,0,0,0,0,0,0,0,0,0,0,0,0,0,0,0,0,0,1,1,0,0,0,0,0,0,0,0,0,1,1,0,0,2,1,1,1,2,0,0,0,0,0,0,0,0,0,0,0,0,0
Electra Police Department,2002,Texas,3309,TX24302,0,0,3,0,0,0,0,0,2,1,1,0,0,51,0,3,0,3,45,44,17,22,5,76,15,13,0,2,188,6,8,135,143,0,0,0,0,0,0,0,0,0,0,0,0,0,0,0,0,0,0,2,1,1,0,0,29,0,1,0,3,25,5,4,0,1,11,7,6,0,1,54,4,6,23,29,0,0,0,0,0,0,0,0,0,0,0,0,0,0,0,0,0,0,1,0,1,0,0,7,0,0,0,0,7,1,1,0,0,4,1,1,0,0,14,0,1,6,7,0,0,0,0,0,0,0,0,0,0,0,0,0,0,0,0,0,0,0,0,0,0,0,3,0,0,0,1,2,1,0,1,0,0,1,1,0,0,5,1,1,2,3,0,0,0,0,0,0,0,0,0,0,0,0,0
Electra Police Department,2001,Texas,3240,TX24302,0,0,1,0,0,5,2,3,4,1,0,3,0,64,2,5,3,3,51,33,11,21,1,94,7,4,1,2,212,13,22,139,161,0,0,3,1,0,0,0,4,0,0,0,1,5,0,0,0,0,0,1,1,0,0,0,41,1,3,2,3,32,3,1,2,0,18,3,2,0,1,68,9,10,26,36,0,0,1,0,0,0,0,1,0,0,0,1,2,0,0,0,0,0,0,0,0,0,0,9,1,0,0,0,8,2,0,2,0,4,2,2,0,0,19,1,1,10,11,0,0,1,0,0,0,0,1,0,0,0,1,2,0,0,1,1,0,0,0,0,0,0,0,0,0,0,0,0,0,0,0,0,2,0,0,0,0,3,0,1,2,3,0,0,0,0,0,0,0,0,0,0,0,0,0
Electra Police Department,2000,Texas,3168,TX24302,0,0,3,0,0,0,0,0,2,1,0,0,1,75,1,3,2,2,67,49,14,30,5,119,9,6,2,1,256,8,10,179,189,2,0,0,0,0,0,0,2,0,0,0,0,2,0,0,0,0,0,1,0,0,0,1,59,1,2,1,1,54,3,1,0,2,27,3,3,0,0,93,5,6,33,39,0,0,0,0,0,0,0,0,0,0,0,0,0,0,0,0,0,0,0,0,0,0,0,17,0,1,0,0,16,1,1,0,0,2,2,2,0,0,22,1,1,5,6,0,0,0,0,0,0,0,0,0,0,0,0,0,0,0,0,0,0,0,0,0,0,0,2,1,0,0,0,1,1,0,0,1,3,1,0,1,0,7,1,1,5,6,0,0,0,0,0,0,0,0,0,0,0,0,0
Electra Police Department,1999,Texas,3003,TX24302,0,0,3,0,0,1,1,0,0,0,0,0,0,53,0,1,1,3,48,37,14,19,4,116,7,4,1,2,216,5,6,162,168,0,0,0,0,0,0,0,0,0,0,0,2,2,0,0,0,0,0,0,0,0,0,0,54,0,1,1,4,48,10,1,6,3,29,3,2,0,1,98,6,6,44,50,0,0,0,0,0,0,0,0,0,0,0,2,2,0,0,0,0,0,0,0,0,0,0,9,0,1,0,0,8,2,0,2,0,11,1,0,0,1,25,1,1,16,17,0,0,0,0,0,0,0,0,0,0,0,2,2,0,0,0,0,0,0,0,0,0,0,3,0,0,0,0,3,1,0,1,0,0,0,0,0,0,4,0,0,1,1,0,0,0,0,0,0,0,0,0,0,0,0,0
Electra Police Department,1998,Texas,3118,TX24302,0,0,0,0,0,1,1,0,0,0,0,0,0,50,0,1,3,9,37,54,15,38,1,71,6,4,2,0,183,13,14,132,146,1,0,0,0,0,0,0,1,0,0,0,0,1,0,0,0,0,0,0,0,0,0,0,41,0,1,1,9,30,9,2,7,0,25,3,2,1,0,78,11,11,37,48,0,0,0,0,0,0,0,0,0,0,0,0,0,0,0,0,0,0,0,0,0,0,0,9,0,0,0,0,9,4,1,3,0,6,0,0,0,0,19,0,0,10,10,0,0,0,0,0,0,0,0,0,0,0,0,0,0,0,0,0,0,0,0,0,0,0,1,0,0,0,0,1,1,0,0,1,0,0,0,0,0,2,0,0,1,1,0,0,0,0,0,0,0,0,0,0,0,0,0
Electra Police Department,1997,Texas,3205,TX24302,0,0,0,0,0,1,1,0,0,0,0,0,0,58,4,2,2,9,41,25,12,12,1,118,11,6,5,0,213,17,18,154,172,0,0,0,0,0,0,0,0,0,0,0,0,0,0,0,1,1,0,0,0,0,0,0,46,2,2,2,5,35,2,1,0,1,33,8,5,3,0,90,11,12,43,55,0,0,0,0,0,0,0,0,0,0,0,0,0,0,0,0,0,0,0,0,0,0,0,5,1,0,1,0,3,0,0,0,0,4,3,1,2,0,12,2,2,7,9,0,0,0,0,0,0,0,0,0,0,0,0,0,0,0,0,0,0,0,0,0,0,0,5,0,0,0,2,3,7,1,1,5,9,6,6,0,0,27,2,2,22,24,0,0,0,0,0,0,0,0,0,0,0,0,0
Electra Police Department,1996,Texas,3154,TX24302,0,0,0,0,0,0,0,0,0,0,0,0,0,61,1,3,0,1,56,33,18,10,5,83,2,2,0,0,180,5,5,119,124,0,0,1,0,0,0,0,1,0,0,0,0,1,0,0,0,0,0,0,0,0,0,0,35,0,2,0,0,33,6,6,0,0,7,1,1,0,0,49,2,2,14,16,0,0,0,0,0,0,0,0,0,0,0,0,0,0,0,0,0,0,0,0,0,0,0,6,0,2,0,0,4,3,3,0,0,4,0,0,0,0,13,2,2,7,9,0,0,0,0,0,0,0,0,0,0,0,0,0,0,0,0,0,0,0,0,0,0,0,1,0,0,0,0,1,1,0,1,0,1,0,0,0,0,3,0,0,2,2,0,0,0,0,0,0,0,0,0,0,0,0,0
Electra Police Department,1995,Texas,3088,TX24302,0,0,0,0,0,0,0,0,0,0,0,0,0,28,0,0,0,0,28,29,16,12,1,51,0,0,0,0,108,0,0,80,80,0,0,0,0,0,0,0,0,0,0,0,0,0,0,0,0,0,0,0,0,0,0,0,14,0,0,0,0,14,2,1,1,0,6,0,0,0,0,22,0,0,8,8,0,0,0,0,0,0,0,0,0,0,0,0,0,0,0,0,0,0,0,0,0,0,0,0,0,0,0,0,0,0,0,0,0,0,0,0,0,0,0,0,0,0,0,0,0,0,0,0,0,0,0,0,0,0,0,0,0,0,0,0,0,0,0,0,0,0,2,0,1,0,1,0,0,0,0,0,1,0,0,0,0,3,2,2,1,3,0,0,0,0,0,0,0,0,0,0,0,0,0
Electra Police Department,1994,Texas,3101,TX24302,0,0,0,0,0,0,0,0,0,0,0,0,0,33,0,0,0,7,26,35,22,13,0,63,2,2,0,0,134,7,7,101,108,0,0,0,0,0,0,0,0,1,0,1,0,1,0,0,0,0,0,0,0,0,0,0,22,0,0,0,5,17,4,4,0,0,3,1,1,0,0,30,5,5,8,13,0,0,0,0,0,0,0,0,0,0,0,0,0,0,0,0,0,0,0,0,0,0,0,1,0,0,0,0,1,0,0,0,0,0,0,0,0,0,1,0,0,0,0,0,0,0,0,0,0,0,0,0,0,0,0,0,0,0,0,0,0,0,0,0,0,0,0,0,0,0,0,0,0,0,0,0,0,0,0,0,0,0,0,0,0,0,0,0,0,0,0,0,0,0,0,0,0,0,0
Electra Police Department,1993,Texas,3043,TX24302,0,0,0,0,0,0,0,0,0,0,0,0,0,23,0,0,0,6,17,16,14,2,0,16,1,1,0,0,57,6,6,34,40,0,0,0,0,0,0,0,0,1,0,1,0,1,0,0,0,0,0,0,0,0,0,0,18,0,0,0,5,13,3,2,1,0,0,1,1,0,0,23,5,5,5,10,0,0,0,0,0,0,0,0,1,0,1,0,1,0,0,0,0,0,0,0,0,0,0,1,0,0,0,1,0,0,0,0,0,0,0,0,0,0,1,1,1,0,1,0,0,0,0,0,0,0,0,0,0,0,0,0,0,0,0,0,0,0,0,0,0,0,0,0,0,0,0,0,0,0,0,0,0,0,0,0,0,0,0,0,0,0,0,0,0,0,0,0,0,0,0,0,0,0,0
Electra Police Department,1992,Texas,3235,TX24302,0,0,0,0,0,0,0,0,0,0,0,0,0,13,1,2,1,2,7,4,3,1,0,12,0,0,0,0,29,6,6,16,22,0,0,0,0,0,0,0,0,0,0,0,0,0,0,0,0,0,0,0,0,0,0,0,7,0,1,1,0,5,1,1,0,0,0,0,0,0,0,8,2,2,1,3,0,0,0,0,0,0,0,0,0,0,0,0,0,0,0,0,0,0,0,0,0,0,0,0,0,0,0,0,0,0,0,0,0,0,0,0,0,0,0,0,0,0,0,0,0,0,0,0,0,0,0,0,0,0,0,0,0,0,0,0,0,0,0,0,0,0,0,0,0,0,0,0,0,0,0,0,0,0,0,0,0,0,0,0,0,0,0,0,0,0,0,0,0,0,0,0,0,0,0
Electra Police Department,1991,Texas,3179,TX24302,0,0,0,0,0,0,0,0,1,0,0,0,1,18,1,0,3,5,9,24,13,11,0,20,1,0,1,0,66,9,10,47,57,2,0,0,0,0,0,0,2,0,0,0,0,2,0,0,0,0,0,0,0,0,0,0,18,1,0,3,5,9,1,1,0,0,2,0,0,0,0,21,9,9,3,12,0,0,0,0,0,0,0,0,0,0,0,0,0,0,0,0,0,0,0,0,0,0,0,0,0,0,0,0,0,0,0,0,0,0,0,0,0,0,0,0,0,0,0,0,0,0,0,0,0,0,0,0,0,0,0,0,0,0,0,0,0,0,0,0,0,0,0,0,0,0,0,0,0,0,0,0,0,0,0,0,0,0,0,0,0,0,0,0,0,0,0,0,0,0,0,0,0,0,0
Electra Police Department,1990,Texas,3113,TX24302,0,0,0,0,0,1,1,0,0,0,0,0,0,6,1,0,0,3,2,16,7,9,0,16,1,0,1,0,40,4,5,33,38,0,0,0,0,0,0,0,0,0,0,0,0,0,0,0,1,1,0,0,0,0,0,0,4,1,0,0,3,0,2,2,0,0,0,0,0,0,0,7,4,5,2,7,0,0,0,0,0,0,0,0,0,0,0,0,0,0,0,0,0,0,0,0,0,0,0,0,0,0,0,0,0,0,0,0,0,0,0,0,0,0,0,0,0,0,0,0,0,0,0,0,0,0,0,0,0,0,0,0,0,0,0,0,0,0,0,0,0,0,0,0,0,0,0,0,0,0,0,0,0,0,0,0,0,0,0,0,0,0,0,0,0,0,0,0,0,0,0,0,0,0,0
Electra Police Department,1989,Texas,3269,TX24302,0,0,0,1,0,0,0,0,0,0,0,0,0,0,0,0,0,0,0,9,4,5,0,17,0,0,0,0,28,0,1,27,28,0,0,0,0,0,0,0,0,0,1,1,0,1,1,0,0,0,0,0,0,0,0,0,0,0,0,0,0,0,0,0,0,0,2,0,0,0,0,3,0,1,2,3,0,0,0,0,0,0,0,0,0,0,0,0,0,0,0,0,0,0,0,0,0,0,0,0,0,0,0,0,0,0,0,0,0,0,0,0,0,0,0,0,0,0,0,0,0,0,0,0,0,0,0,0,0,0,0,0,0,0,0,0,0,0,0,0,0,0,0,0,0,0,0,0,0,0,0,0,0,0,0,0,0,0,0,0,0,0,0,0,0,0,0,0,0,0,0,0,0,0,0
Electra Police Department,1988,Texas,3430,TX24302,0,0,0,0,0,0,0,0,3,1,1,0,1,3,1,1,0,1,0,23,17,6,0,25,0,0,0,0,56,3,6,50,56,2,0,0,0,0,0,0,2,0,0,0,0,2,0,0,0,0,0,3,1,1,0,1,3,1,1,0,1,0,0,0,0,0,1,0,0,0,0,8,3,6,2,8,1,0,0,0,0,0,0,1,0,0,0,0,1,0,0,0,0,0,0,0,0,0,0,0,0,0,0,0,0,0,0,0,0,0,0,0,0,0,0,0,0,0,0,0,0,0,0,0,0,0,0,0,0,0,0,0,0,0,0,0,0,0,0,0,0,0,0,0,0,0,0,0,0,0,0,0,0,0,0,0,0,0,0,0,0,0,0,0,0,0,0,0,0,0,0,0,0,0,0
Electra Police Department,1987,Texas,3492,TX24302,0,0,1,0,0,0,0,0,1,0,0,0,1,0,0,0,0,0,0,12,7,5,0,23,0,0,0,0,38,0,1,37,38,0,0,1,0,0,0,0,1,1,0,1,0,2,0,0,0,0,0,0,0,0,0,0,0,0,0,0,0,0,0,0,0,0,0,0,0,0,0,0,0,0,0,0,0,0,0,0,0,0,0,0,0,0,0,0,0,0,0,0,0,0,0,0,0,0,0,0,0,0,0,0,0,0,0,0,0,0,0,0,0,0,0,0,0,0,0,0,0,0,0,0,0,0,0,0,0,0,0,0,0,0,0,0,0,0,0,0,0,0,0,0,0,0,0,0,0,0,0,0,0,0,0,0,0,0,0,0,0,0,0,0,0,0,0,0,0,0,0,0,0,0,0
Electra Police Department,1986,Texas,3755,TX24302,0,0,0,0,0,0,0,0,1,1,0,0,0,4,0,0,0,2,2,16,9,7,0,41,0,0,0,0,62,2,3,57,60,0,0,0,0,0,0,0,0,0,0,0,0,0,0,0,0,0,0,0,0,0,0,0,3,0,0,0,2,1,0,0,0,0,1,0,0,0,0,4,2,2,1,3,0,0,0,0,0,0,0,0,0,0,0,0,0,0,0,0,0,0,0,0,0,0,0,0,0,0,0,0,0,0,0,0,0,1,0,0,0,0,1,0,0,1,1,0,0,0,0,0,0,0,0,0,0,0,0,0,0,0,0,0,0,0,0,0,0,0,0,0,0,0,0,0,0,0,0,0,0,0,0,0,0,0,0,0,0,0,0,0,0,0,0,0,0,0,0,0,0,0,0
Electra Police Department,1985,Texas,4157,TX24302,0,0,2,0,0,0,0,0,0,0,0,0,0,29,2,5,0,8,14,38,29,9,0,46,3,0,2,1,116,15,15,87,102,0,0,0,0,0,0,0,0,0,0,0,0,0,0,0,0,0,0,0,0,0,0,0,6,0,1,0,1,4,1,1,0,0,4,0,0,0,0,11,2,2,5,7,0,0,0,0,0,0,0,0,0,0,0,0,0,0,0,0,0,0,0,0,0,0,0,0,0,0,0,0,0,0,0,0,0,0,0,0,0,0,0,0,0,0,0,0,0,0,0,0,0,0,0,0,0,0,0,0,0,0,0,0,0,0,0,0,0,0,0,0,0,0,0,0,1,1,0,0,1,0,0,0,0,2,0,0,2,2,0,0,0,0,0,0,0,0,0,0,0,0,0
Electra Police Department,1984,Texas,4060,TX24302,0,0,1,0,0,0,0,0,0,0,0,0,0,9,1,1,0,1,6,14,4,10,0,19,9,5,1,3,55,3,3,46,49,0,0,2,0,2,0,0,4,0,0,0,0,4,0,0,0,0,0,0,0,0,0,0,2,0,1,0,1,0,0,0,0,0,1,5,3,0,2,8,2,2,6,8,0,0,0,0,0,0,0,0,0,0,0,0,0,0,0,0,0,0,0,0,0,0,0,0,0,0,0,0,0,0,0,0,0,0,0,0,0,0,0,0,0,0,0,0,0,0,0,0,0,0,0,0,0,0,0,0,0,0,0,0,0,0,0,0,0,0,4,0,0,0,2,2,0,0,0,0,0,0,0,0,0,4,2,2,0,2,0,0,0,0,0,0,0,0,0,0,0,0,0
Electra Police Department,1983,Texas,4172,TX24302,0,0,0,0,0,0,0,0,1,0,1,0,0,5,1,2,0,1,1,37,32,5,0,38,6,2,3,1,88,4,5,82,87,1,0,0,0,0,0,0,1,0,0,0,0,1,0,0,0,0,0,0,0,0,0,0,4,1,1,0,1,1,1,1,0,0,8,3,1,2,0,17,3,3,13,16,1,0,0,0,0,0,0,1,0,0,0,0,1,0,0,0,0,0,0,0,0,0,0,2,1,1,0,0,0,1,1,0,0,4,0,0,0,0,7,2,2,5,7,0,0,0,0,0,0,0,0,0,0,0,0,0,0,0,0,0,0,0,0,0,0,0,1,0,0,1,0,0,6,6,0,0,4,1,1,0,0,12,1,1,11,12,0,0,0,0,0,0,0,0,0,0,0,0,0
Electra Police Department,1982,Texas,4055,TX24302,0,0,1,1,0,0,0,0,1,1,0,0,0,0,0,0,0,0,0,30,17,13,0,27,3,1,0,2,62,0,2,60,62,0,0,0,0,0,0,0,0,0,0,0,0,0,0,0,0,0,0,0,0,0,0,0,0,0,0,0,0,0,1,0,1,0,2,2,1,0,1,5,0,0,5,5,0,0,0,0,0,0,0,0,0,0,0,0,0,0,0,0,0,0,0,0,0,0,0,0,0,0,0,0,0,0,0,0,0,0,0,0,0,0,0,0,0,0,0,0,0,0,0,0,0,0,0,0,0,0,0,0,0,0,0,0,0,0,0,0,0,0,0,0,0,0,0,0,0,0,0,0,0,0,0,0,0,0,0,0,0,0,0,0,0,0,0,0,0,0,0,0,0,0,0
Electra Police Department,1981,Texas,3915,TX24302,0,0,0,0,0,0,0,0,1,0,1,0,0,0,0,0,0,0,0,31,20,11,0,27,2,0,1,1,62,0,1,61,62,1,0,0,0,0,0,0,1,0,0,0,0,1,0,0,0,0,0,1,0,1,0,0,0,0,0,0,0,0,1,1,0,0,0,0,0,0,0,2,0,1,1,2,0,0,0,0,0,0,0,0,0,0,0,0,0,0,0,0,0,0,0,0,0,0,0,0,0,0,0,0,0,0,0,0,0,0,0,0,0,0,0,0,0,0,0,0,0,0,0,0,0,0,0,0,0,0,0,0,0,0,0,0,0,0,0,0,0,0,0,0,0,0,0,0,0,0,0,0,0,0,0,0,0,0,0,0,0,0,0,0,0,0,0,0,0,0,0,0,0,0,0
Electra Police Department,1980,Texas,3760,TX24302,0,0,0,0,0,0,0,0,1,1,0,0,0,0,0,0,0,0,0,25,19,6,0,51,4,2,0,2,81,0,1,80,81,0,0,0,0,0,0,0,0,0,0,0,0,0,0,0,0,0,0,0,0,0,0,0,0,0,0,0,0,0,2,2,0,0,8,3,3,0,0,13,0,0,13,13,0,0,0,0,0,0,0,0,0,0,0,0,0,0,0,0,0,0,0,0,0,0,0,0,0,0,0,0,0,1,1,0,0,0,1,1,0,0,2,0,0,2,2,0,0,0,0,0,0,0,0,0,0,0,0,0,0,0,0,0,0,0,0,0,0,0,0,0,0,0,0,0,0,0,0,0,0,0,0,0,0,0,0,0,0,0,0,0,0,0,0,0,0,0,0,0,0,0,0
Electra Police Department,1979,Texas,3738,TX24302,0,0,0,0,0,0,0,0,0,0,0,0,0,2,0,1,0,0,1,18,17,1,0,46,2,1,1,0,68,1,1,66,67,0,0,0,0,0,0,0,0,0,0,0,0,0,0,0,0,0,0,0,0,0,0,0,1,0,1,0,0,0,2,2,0,0,8,1,1,0,0,12,1,1,11,12,0,0,0,0,0,0,0,0,0,0,0,0,0,0,0,0,0,0,0,0,0,0,0,0,0,0,0,0,0,0,0,0,0,2,1,1,0,0,3,0,0,3,3,0,0,0,0,0,0,0,0,0,0,0,0,0,0,0,0,0,0,0,0,0,0,0,0,0,0,0,0,0,0,0,0,0,0,0,0,0,0,0,0,0,0,0,0,0,0,0,0,0,0,0,0,0,0,0,0
Electra Police Department,1978,Texas,4100,TX24302,0,0,0,0,0,0,0,0,1,0,1,0,0,0,0,0,0,0,0,27,19,8,0,55,8,5,3,0,91,0,1,90,91,,,,,,,,,,,,,,0,0,0,0,0,0,0,0,0,0,0,0,0,0,0,0,3,3,0,0,5,4,3,1,0,12,0,0,12,12,,,,,,,,,,,,,,0,0,0,0,0,0,0,0,0,0,0,0,0,0,0,0,0,0,0,0,0,1,1,0,0,1,0,0,1,1,,,,,,,,,,,,,,0,0,0,0,0,0,0,0,0,0,0,0,0,0,0,0,0,0,0,0,0,0,0,0,0,0,0,0,0,0,,,,,,,,,,,,,
Electra Police Department,1977,Texas,3910,TX24302,0,0,0,0,0,0,0,0,0,0,0,0,0,0,0,0,0,0,0,43,19,22,2,63,4,3,0,1,110,0,0,110,110,,,,,,,,,,,,,,0,0,0,0,0,0,0,0,0,0,0,0,0,0,0,0,1,1,0,0,2,2,2,0,0,5,0,0,5,5,,,,,,,,,,,,,,0,0,0,0,0,0,0,0,0,0,0,0,0,0,0,0,0,0,0,0,0,0,0,0,0,0,0,0,0,0,,,,,,,,,,,,,,0,0,0,0,0,0,0,0,0,0,0,0,0,0,0,0,0,0,0,0,0,0,0,0,0,0,0,0,0,0,,,,,,,,,,,,,
Electra Police Department,1976,Texas,3835,TX24302,0,0,0,0,0,0,0,0,0,0,0,0,0,7,0,0,0,7,0,43,39,4,0,43,4,2,1,1,97,7,7,90,97,,,,,,,,,,,,,,0,0,0,0,0,0,0,0,0,0,7,0,0,0,7,0,10,9,1,0,11,0,0,0,0,28,7,7,21,28,,,,,,,,,,,,,,0,0,0,0,0,0,0,0,0,0,3,0,0,0,3,0,3,2,1,0,2,0,0,0,0,8,3,3,5,8,,,,,,,,,,,,,,0,0,0,0,0,0,0,0,0,0,0,0,0,0,0,0,0,0,0,0,0,0,0,0,0,0,0,0,0,0,,,,,,,,,,,,,
Electra Police Department,1975,Texas,4000,TX24302,0,0,0,0,0,0,0,0,0,0,0,0,0,1,0,1,0,0,0,15,14,1,0,2,2,0,1,1,20,1,1,19,20,,,,,,,,,,,,,,0,0,0,0,0,0,0,0,0,0,1,0,1,0,0,0,1,1,0,0,2,0,0,0,0,4,1,1,3,4,,,,,,,,,,,,,,0,0,0,0,0,0,0,0,0,0,0,0,0,0,0,0,1,1,0,0,1,0,0,0,0,2,0,0,2,2,,,,,,,,,,,,,,0,0,0,0,0,0,0,0,0,0,0,0,0,0,0,0,0,0,0,0,0,0,0,0,0,0,0,0,0,0,,,,,,,,,,,,,
Electra Police Department,1974,Texas,,TX24302,,,,,,,,,,,,,,,,,,,,,,,,,,,,,,,,,,,,,,,,,,,,,,,,,,,,,,,,,,,,,,,,,,,,,,,,,,,,,,,,,,,,,,,,,,,,,,,,,,,,,,,,,,,,,,,,,,,,,,,,,,,,,,,,,,,,,,,,,,,,,,,,,,,,,,,,,,,,,,,,,,,,,,,,,,,,,,,
Electra Police Department,1973,Texas,4021,TX24302,0,0,0,0,0,0,0,0,0,0,0,0,0,0,0,0,0,0,0,9,9,0,0,5,1,1,0,0,15,0,0,15,15,,,,,,,,,,,,,,0,0,0,0,0,0,0,0,0,0,0,0,0,0,0,0,4,4,0,0,0,0,0,0,0,4,0,0,4,4,,,,,,,,,,,,,,0,0,0,0,0,0,0,0,0,0,0,0,0,0,0,0,3,3,0,0,0,0,0,0,0,3,0,0,3,3,,,,,,,,,,,,,,0,0,0,0,0,0,0,0,0,0,0,0,0,0,0,0,0,0,0,0,0,0,0,0,0,0,0,0,0,0,,,,,,,,,,,,,
Electra Police Department,1972,Texas,4046,TX24302,0,0,0,0,0,0,0,0,0,0,0,0,0,0,0,0,0,0,0,8,7,1,0,8,1,1,0,0,17,0,0,17,17,,,,,,,,,,,,,,0,0,0,0,0,0,0,0,0,0,0,0,0,0,0,0,2,2,0,0,1,0,0,0,0,3,0,0,3,3,,,,,,,,,,,,,,0,0,0,0,0,0,0,0,0,0,0,0,0,0,0,0,2,2,0,0,1,0,0,0,0,3,0,0,3,3,,,,,,,,,,,,,,0,0,0,0,0,0,0,0,0,0,0,0,0,0,0,0,0,0,0,0,0,0,0,0,0,0,0,0,0,0,,,,,,,,,,,,,
Electra Police Department,1971,Texas,3992,TX24302,0,0,0,0,0,0,0,0,0,0,0,0,0,0,0,0,0,0,0,8,8,0,0,9,0,0,0,0,17,0,0,17,17,,,,,,,,,,,,,,0,0,0,0,0,0,0,0,0,0,0,0,0,0,0,0,1,1,0,0,0,0,0,0,0,1,0,0,1,1,,,,,,,,,,,,,,0,0,0,0,0,0,0,0,0,0,0,0,0,0,0,0,0,0,0,0,0,0,0,0,0,0,0,0,0,0,,,,,,,,,,,,,,0,0,0,0,0,0,0,0,0,0,0,0,0,0,0,0,0,0,0,0,0,0,0,0,0,0,0,0,0,0,,,,,,,,,,,,,
Electra Police Department,1970,Texas,,TX24302,,,,,,,,,,,,,,,,,,,,,,,,,,,,,,,,,,,,,,,,,,,,,,,,,,,,,,,,,,,,,,,,,,,,,,,,,,,,,,,,,,,,,,,,,,,,,,,,,,,,,,,,,,,,,,,,,,,,,,,,,,,,,,,,,,,,,,,,,,,,,,,,,,,,,,,,,,,,,,,,,,,,,,,,,,,,,,,
Electra Police Department,1969,Texas,3000,TX24302,0,0,0,0,0,0,0,0,0,0,0,0,0,2,0,0,0,2,0,16,11,4,1,39,23,23,0,0,80,2,2,78,80,,,,,,,,,,,,,,0,0,0,0,0,0,0,0,0,0,1,0,0,0,1,0,4,2,1,1,11,13,13,0,0,29,1,1,28,29,,,,,,,,,,,,,,0,0,0,0,0,0,0,0,0,0,1,0,0,0,1,0,3,2,0,1,7,1,1,0,0,12,1,1,11,12,,,,,,,,,,,,,,0,0,0,0,0,0,0,0,0,0,0,0,0,0,0,0,0,0,0,0,0,0,0,0,0,0,0,0,0,0,,,,,,,,,,,,,
Electra Police Department,1968,Texas,2810,TX24302,0,0,0,0,0,0,0,0,0,0,0,0,0,9,0,0,0,1,8,26,25,1,0,54,7,7,0,0,88,1,1,87,88,,,,,,,,,,,,,,0,0,0,0,0,0,0,0,0,0,9,0,0,0,1,8,8,7,1,0,4,1,1,0,0,14,1,1,13,14,,,,,,,,,,,,,,0,0,0,0,0,0,0,0,0,0,0,0,0,0,0,0,6,5,1,0,3,1,1,0,0,10,0,0,10,10,,,,,,,,,,,,,,0,0,0,0,0,0,0,0,0,0,0,0,0,0,0,0,0,0,0,0,0,0,0,0,0,0,0,0,0,0,,,,,,,,,,,,,
Electra Police Department,1967,Texas,4324,TX24302,0,0,0,0,0,0,0,0,0,0,0,0,0,3,0,0,0,0,3,27,20,5,2,39,5,5,0,0,71,0,0,71,71,,,,,,,,,,,,,,0,0,0,0,0,0,0,0,0,0,3,0,0,0,0,3,5,5,0,0,10,3,3,0,0,18,0,0,18,18,,,,,,,,,,,,,,0,0,0,0,0,0,0,0,0,0,1,0,0,0,0,1,2,2,0,0,4,1,1,0,0,7,0,0,7,7,,,,,,,,,,,,,,0,0,0,0,0,0,0,0,0,0,0,0,0,0,0,0,0,0,0,0,0,0,0,0,0,0,0,0,0,0,,,,,,,,,,,,,
Electra Police Department,1966,Texas,4275,TX24302,0,0,0,0,0,0,0,0,0,0,0,0,0,2,0,0,0,0,2,8,6,2,0,27,4,4,0,0,39,0,0,39,39,,,,,,,,,,,,,,0,0,0,0,0,0,0,0,0,0,2,0,0,0,0,2,3,2,1,0,7,0,0,0,0,10,0,0,10,10,,,,,,,,,,,,,,0,0,0,0,0,0,0,0,0,0,0,0,0,0,0,0,1,0,1,0,2,0,0,0,0,3,0,0,3,3,,,,,,,,,,,,,,0,0,0,0,0,0,0,0,0,0,0,0,0,0,0,0,0,0,0,0,0,0,0,0,0,0,0,0,0,0,,,,,,,,,,,,,
Electra Police Department,1965,Texas,4355,TX24302,0,0,0,0,0,0,0,0,1,1,0,0,0,10,1,0,0,0,9,8,7,1,0,33,5,5,0,0,48,1,2,46,48,,,,,,,,,,,,,,0,0,0,0,0,1,1,0,0,0,10,1,0,0,0,9,3,2,1,0,3,0,0,0,0,8,1,2,6,8,,,,,,,,,,,,,,0,0,0,0,0,0,0,0,0,0,0,0,0,0,0,0,2,1,1,0,1,0,0,0,0,3,0,0,3,3,,,,,,,,,,,,,,0,0,0,0,0,0,0,0,0,0,0,0,0,0,0,0,0,0,0,0,0,0,0,0,0,0,0,0,0,0,,,,,,,,,,,,,
Electra Police Department,1964,Texas,4436,TX24302,0,0,0,0,0,0,0,0,0,0,0,0,0,5,0,0,0,0,5,12,9,3,0,50,3,3,0,0,65,0,0,65,65,,,,,,,,,,,,,,0,0,0,0,0,0,0,0,0,0,3,0,0,0,0,3,4,3,0,0,9,1,1,0,0,14,0,0,14,14,,,,,,,,,,,,,,0,0,0,0,0,0,0,0,0,0,0,0,0,0,0,0,0,0,0,0,0,0,0,0,0,0,0,0,0,0,,,,,,,,,,,,,,0,0,0,0,0,0,0,0,0,0,0,0,0,0,0,0,0,0,0,0,0,0,0,0,0,0,0,0,0,0,,,,,,,,,,,,,
Electra Police Department,1963,Texas,4761,TX24302,0,0,0,0,0,0,0,0,0,0,0,0,0,0,0,0,0,0,0,23,0,0,0,77,3,3,0,0,103,0,0,103,103,,,,,,,,,,,,,,0,0,0,0,0,0,0,0,0,0,0,0,0,0,0,0,0,0,0,0,0,0,0,0,0,0,0,0,0,0,,,,,,,,,,,,,,0,0,0,0,0,0,0,0,0,0,0,0,0,0,0,0,0,0,0,0,0,0,0,0,0,0,0,0,0,0,,,,,,,,,,,,,,0,0,0,0,0,0,0,0,0,0,0,0,0,0,0,0,0,0,0,0,0,0,0,0,0,0,0,0,0,0,,,,,,,,,,,,,
Electra Police Department,1962,Texas,,TX24302,,,,,,,,,,,,,,,,,,,,,,,,,,,,,,,,,,,,,,,,,,,,,,,,,,,,,,,,,,,,,,,,,,,,,,,,,,,,,,,,,,,,,,,,,,,,,,,,,,,,,,,,,,,,,,,,,,,,,,,,,,,,,,,,,,,,,,,,,,,,,,,,,,,,,,,,,,,,,,,,,,,,,,,,,,,,,,,
Electra Police Department,1961,Texas,4759,TX24302,0,0,0,0,0,0,0,0,0,0,0,0,0,1,0,0,0,0,0,21,0,0,0,47,4,4,0,0,73,1,1,72,73,,,,,,,,,,,,,,0,0,0,0,0,0,0,0,0,0,0,0,0,0,0,0,0,0,0,0,0,0,0,0,0,0,0,0,0,0,,,,,,,,,,,,,,0,0,0,0,0,0,0,0,0,0,0,0,0,0,0,0,0,0,0,0,0,0,0,0,0,0,0,0,0,0,,,,,,,,,,,,,,0,0,0,0,0,0,0,0,0,0,0,0,0,0,0,0,0,0,0,0,0,0,0,0,0,0,0,0,0,0,,,,,,,,,,,,,
Electra Police Department,1960,Texas,4759,TX24302,0,0,0,0,0,0,0,0,0,0,0,0,0,1,0,0,0,0,0,6,0,0,0,36,1,1,0,0,44,1,1,43,44,,,,,,,,,,,,,,0,0,0,0,0,0,0,0,0,0,0,0,0,0,0,0,0,0,0,0,0,0,0,0,0,0,0,0,0,0,,,,,,,,,,,,,,0,0,0,0,0,0,0,0,0,0,0,0,0,0,0,0,0,0,0,0,0,0,0,0,0,0,0,0,0,0,,,,,,,,,,,,,,0,0,0,0,0,0,0,0,0,0,0,0,0,0,0,0,0,0,0,0,0,0,0,0,0,0,0,0,0,0,,,,,,,,,,,,,
