agency,year,state,population,ORI,officers_killed_by_felony,officers_killed_by_accident,officers_assaulted,actual_murder,actual_manslaughter,actual_rape_total,actual_rape_by_force,actual_rape_attempted,actual_robbery_total,actual_robbery_with_a_gun,actual_robbery_with_a_knife,actual_robbery_other_weapon,actual_robbery_unarmed,actual_assault_total,actual_assault_with_a_gun,actual_assault_with_a_knife,actual_assault_other_weapon,actual_assault_unarmed,actual_assault_simple,actual_burg_total,actual_burg_force_entry,actual_burg_nonforce_entry,actual_burg_attempted,actual_theft_total,actual_mtr_veh_theft_total,actual_mtr_veh_theft_car,actual_mtr_veh_theft_truck,actual_mtr_veh_theft_other,actual_all_crimes,actual_assault_aggravated,actual_index_violent,actual_index_property,actual_index_total,actual_arson_single_occupancy,actual_arson_other_residential,actual_arson_storage,actual_arson_industrial,actual_arson_other_commercial,actual_arson_community_public,actual_arson_all_oth_structures,actual_arson_total_structures,actual_arson_motor_vehicles,actual_arson_other_mobile,actual_arson_total_mobile,actual_arson_all_other,actual_arson_grand_total,tot_clr_murder,tot_clr_manslaughter,tot_clr_rape_total,tot_clr_rape_by_force,tot_clr_rape_attempted,tot_clr_robbery_total,tot_clr_robbery_with_a_gun,tot_clr_robbery_with_a_knife,tot_clr_robbery_other_weapon,tot_clr_robbery_unarmed,tot_clr_assault_total,tot_clr_assault_with_a_gun,tot_clr_assault_with_a_knife,tot_clr_assault_other_weapon,tot_clr_assault_unarmed,tot_clr_assault_simple,tot_clr_burg_total,tot_clr_burg_force_entry,tot_clr_burg_nonforce_entry,tot_clr_burg_attempted,tot_clr_theft_total,tot_clr_mtr_veh_theft_total,tot_clr_mtr_veh_theft_car,tot_clr_mtr_veh_theft_truck,tot_clr_mtr_veh_theft_other,tot_clr_all_crimes,tot_clr_assault_aggravated,tot_clr_index_violent,tot_clr_index_property,tot_clr_index_total,tot_clr_arson_single_occupancy,tot_clr_arson_other_residential,tot_clr_arson_storage,tot_clr_arson_industrial,tot_clr_arson_other_commercial,tot_clr_arson_community_public,tot_clr_arson_all_oth_structures,tot_clr_arson_total_structures,tot_clr_arson_motor_vehicles,tot_clr_arson_other_mobile,tot_clr_arson_total_mobile,tot_clr_arson_all_other,tot_clr_arson_grand_total,clr_18_murder,clr_18_manslaughter,clr_18_rape_total,clr_18_rape_by_force,clr_18_rape_attempted,clr_18_robbery_total,clr_18_robbery_with_a_gun,clr_18_robbery_with_a_knife,clr_18_robbery_other_weapon,clr_18_robbery_unarmed,clr_18_assault_total,clr_18_assault_with_a_gun,clr_18_assault_with_a_knife,clr_18_assault_other_weapon,clr_18_assault_unarmed,clr_18_assault_simple,clr_18_burg_total,clr_18_burg_force_entry,clr_18_burg_nonforce_entry,clr_18_burg_attempted,clr_18_theft_total,clr_18_mtr_veh_theft_total,clr_18_mtr_veh_theft_car,clr_18_mtr_veh_theft_truck,clr_18_mtr_veh_theft_other,clr_18_all_crimes,clr_18_assault_aggravated,clr_18_index_violent,clr_18_index_property,clr_18_index_total,clr_18_arson_single_occupancy,clr_18_arson_other_residential,clr_18_arson_storage,clr_18_arson_industrial,clr_18_arson_other_commercial,clr_18_arson_community_public,clr_18_arson_all_oth_structures,clr_18_arson_total_structures,clr_18_arson_motor_vehicles,clr_18_arson_other_mobile,clr_18_arson_total_mobile,clr_18_arson_all_other,clr_18_arson_grand_total,unfound_murder,unfound_manslaughter,unfound_rape_total,unfound_rape_by_force,unfound_rape_attempted,unfound_robbery_total,unfound_robbery_with_a_gun,unfound_robbery_with_a_knife,unfound_robbery_other_weapon,unfound_robbery_unarmed,unfound_assault_total,unfound_assault_with_a_gun,unfound_assault_with_a_knife,unfound_assault_other_weapon,unfound_assault_unarmed,unfound_assault_simple,unfound_burg_total,unfound_burg_force_entry,unfound_burg_nonforce_entry,unfound_burg_attempted,unfound_theft_total,unfound_mtr_veh_theft_total,unfound_mtr_veh_theft_car,unfound_mtr_veh_theft_truck,unfound_mtr_veh_theft_other,unfound_all_crimes,unfound_assault_aggravated,unfound_index_violent,unfound_index_property,unfound_index_total,unfound_arson_single_occupancy,unfound_arson_other_residential,unfound_arson_storage,unfound_arson_industrial,unfound_arson_other_commercial,unfound_arson_community_public,unfound_arson_all_oth_structures,unfound_arson_total_structures,unfound_arson_motor_vehicles,unfound_arson_other_mobile,unfound_arson_total_mobile,unfound_arson_all_other,unfound_arson_grand_total
Cochran County Sheriff's Office,2021,Texas,2844,TX04000,0,0,0,0,0,1,1,0,0,0,0,0,0,15,5,0,2,1,7,11,9,2,0,9,1,0,1,0,37,8,9,21,30,0,0,0,0,0,0,0,0,0,0,0,0,0,0,0,0,0,0,0,0,0,0,0,4,1,0,1,1,1,1,0,1,0,0,0,0,0,0,5,3,3,1,4,0,0,0,0,0,0,0,0,0,0,0,0,0,0,0,0,0,0,0,0,0,0,0,0,0,0,0,0,0,0,0,0,0,0,0,0,0,0,0,0,0,0,0,0,0,0,0,0,0,0,0,0,0,0,0,0,0,0,0,0,0,0,0,0,0,0,0,0,0,0,0,0,0,0,0,0,0,0,0,0,0,0,0,0,0,0,0,0,0,0,0,0,0,0,0,0,0,0,0
Cochran County Sheriff's Office,2020,Texas,,TX04000,,,,,,,,,,,,,,,,,,,,,,,,,,,,,,,,,,,,,,,,,,,,,,,,,,,,,,,,,,,,,,,,,,,,,,,,,,,,,,,,,,,,,,,,,,,,,,,,,,,,,,,,,,,,,,,,,,,,,,,,,,,,,,,,,,,,,,,,,,,,,,,,,,,,,,,,,,,,,,,,,,,,,,,,,,,,,,,
Cochran County Sheriff's Office,2019,Texas,2782,TX04000,0,0,0,0,0,0,0,0,0,0,0,0,0,5,0,0,0,3,2,12,10,2,0,15,0,0,0,0,33,3,3,28,31,0,0,0,0,0,0,0,0,0,0,0,0,1,0,0,0,0,0,0,0,0,0,0,2,0,0,0,1,1,2,1,1,0,1,0,0,0,0,5,1,1,3,4,0,0,0,0,0,0,0,0,0,0,0,0,0,0,0,0,0,0,0,0,0,0,0,0,0,0,0,0,0,0,0,0,0,0,0,0,0,0,0,0,0,0,0,0,0,0,0,0,0,0,0,0,0,0,0,0,0,0,0,0,0,0,0,0,0,0,0,0,0,0,0,0,0,0,0,0,0,0,0,0,0,0,0,0,0,0,0,0,0,0,0,0,0,0,0,0,0,0,0
Cochran County Sheriff's Office,2018,Texas,2803,TX04000,0,0,0,0,0,0,0,0,0,0,0,0,0,0,0,0,0,0,0,2,2,0,0,0,0,0,0,0,2,0,0,2,2,0,0,0,0,0,0,0,0,0,0,0,0,0,0,0,0,0,0,0,0,0,0,0,0,0,0,0,0,0,0,0,0,0,0,0,0,0,0,0,0,0,0,0,0,0,0,0,0,0,0,0,0,0,0,0,0,0,0,0,0,0,0,0,0,0,0,0,0,0,0,0,0,0,0,0,0,0,0,0,0,0,0,0,0,0,0,0,0,0,0,0,0,0,0,0,0,0,0,0,0,0,0,0,0,0,0,0,0,0,2,0,0,0,0,2,0,0,0,0,1,0,0,0,0,3,0,0,1,1,0,0,0,0,0,0,0,0,0,0,0,0,0
Cochran County Sheriff's Office,2017,Texas,2839,TX04000,0,0,0,0,0,0,0,0,0,0,0,0,0,9,0,0,0,5,4,0,0,0,0,1,2,1,1,0,12,5,5,3,8,0,0,0,0,0,0,0,0,0,0,0,0,0,0,0,0,0,0,0,0,0,0,0,0,0,0,0,0,0,0,0,0,0,0,0,0,0,0,0,0,0,0,0,0,0,0,0,0,0,0,0,0,0,0,0,0,0,0,0,0,0,0,0,0,0,0,0,0,0,0,0,0,0,0,0,0,0,0,0,0,0,0,0,0,0,0,0,0,0,0,0,0,0,0,0,0,0,0,0,0,0,0,0,0,0,0,0,0,0,2,0,0,0,0,2,0,0,0,0,0,0,0,0,0,2,0,0,0,0,0,0,0,0,0,0,0,0,0,0,0,0,0
Cochran County Sheriff's Office,2016,Texas,2909,TX04000,0,0,2,0,0,4,2,2,0,0,0,0,0,14,0,1,0,2,11,20,10,10,0,50,6,4,2,0,94,3,7,76,83,0,0,0,0,0,0,0,0,0,0,0,0,0,0,0,2,0,2,0,0,0,0,0,12,0,1,0,2,9,2,1,1,0,13,3,3,0,0,32,3,5,18,23,0,0,0,0,0,0,0,0,0,0,0,0,0,0,0,2,0,2,0,0,0,0,0,1,0,1,0,0,0,0,0,0,0,2,0,0,0,0,5,1,3,2,5,0,0,0,0,0,0,0,0,0,0,0,0,0,0,0,1,1,0,0,0,0,0,0,5,0,0,0,0,5,3,0,3,0,12,0,0,0,0,21,0,1,15,16,0,0,0,0,0,0,0,0,0,0,0,0,0
Cochran County Sheriff's Office,2015,Texas,2892,TX04000,0,0,0,0,0,0,0,0,1,1,0,0,0,18,1,2,1,1,13,39,24,13,2,59,5,4,0,1,122,5,6,103,109,0,0,0,0,0,0,0,0,0,0,0,0,0,0,0,0,0,0,0,0,0,0,0,18,1,2,1,1,13,8,6,2,0,7,2,1,0,1,35,5,5,17,22,0,0,0,0,0,0,0,0,0,0,0,0,0,0,0,0,0,0,0,0,0,0,0,2,0,1,0,0,1,1,1,0,0,0,0,0,0,0,3,1,1,1,2,0,0,0,0,0,0,0,0,0,0,0,0,0,0,0,1,1,0,0,0,0,0,0,7,0,0,0,0,7,15,5,9,1,14,0,0,0,0,37,0,1,29,30,0,0,0,0,0,0,0,0,0,0,0,0,0
Cochran County Sheriff's Office,2014,Texas,3008,TX04000,0,0,1,0,0,0,0,0,0,0,0,0,0,20,0,1,3,1,15,46,28,17,1,74,6,3,0,3,148,5,5,128,133,1,0,0,0,0,1,0,2,0,0,0,0,2,0,0,0,0,0,0,0,0,0,0,15,0,1,3,1,10,2,1,1,0,14,0,0,0,0,33,5,5,18,23,1,0,0,0,0,1,0,2,0,0,0,0,2,0,0,0,0,0,0,0,0,0,0,6,0,0,1,0,5,0,0,0,0,8,0,0,0,0,14,1,1,8,9,0,0,0,0,0,0,0,0,0,0,0,0,0,0,0,0,0,0,0,0,0,0,0,8,0,0,0,0,8,14,9,5,0,9,0,0,0,0,31,0,0,23,23,0,0,0,0,0,0,0,0,0,0,0,0,0
Cochran County Sheriff's Office,2013,Texas,3030,TX04000,0,0,0,0,0,2,2,0,0,0,0,0,0,27,0,0,1,5,21,37,20,17,0,70,4,2,0,2,141,6,8,112,120,0,0,0,0,0,0,1,1,0,0,0,0,1,0,0,1,1,0,0,0,0,0,0,25,0,0,1,4,20,4,3,1,0,12,1,0,0,1,43,5,6,17,23,0,0,0,0,0,0,0,0,0,0,0,0,0,0,0,0,0,0,0,0,0,0,0,0,0,0,0,0,0,0,0,0,0,5,0,0,0,0,5,0,0,5,5,0,0,0,0,0,0,0,0,0,0,0,0,0,0,0,0,0,0,0,0,0,0,0,2,0,0,0,0,2,4,2,2,0,10,2,2,0,0,18,0,0,16,16,0,0,0,0,0,0,0,0,0,0,0,0,0
Cochran County Sheriff's Office,2012,Texas,3156,TX04000,0,0,2,0,0,3,2,1,0,0,0,0,0,18,0,1,0,2,15,49,33,14,2,63,10,6,0,4,143,3,6,122,128,0,0,0,0,0,0,0,0,0,0,0,0,0,0,0,2,2,0,0,0,0,0,0,17,0,1,0,1,15,6,5,1,0,4,8,6,0,2,37,2,4,18,22,0,0,0,0,0,0,0,0,0,0,0,0,0,0,0,0,0,0,0,0,0,0,0,0,0,0,0,0,0,1,1,0,0,1,0,0,0,0,2,0,0,2,2,0,0,0,0,0,0,0,0,0,0,0,0,0,0,0,0,0,0,0,0,0,0,0,4,0,0,0,0,4,6,4,0,2,8,3,3,0,0,21,0,0,17,17,0,0,0,0,0,0,0,0,0,0,0,0,0
Cochran County Sheriff's Office,2011,Texas,3193,TX04000,0,0,0,0,0,1,1,0,0,0,0,0,0,17,0,0,1,0,16,18,15,0,3,61,6,5,0,1,104,1,2,86,88,0,0,0,0,0,0,0,0,1,0,1,0,1,0,0,1,1,0,0,0,0,0,0,17,0,0,1,0,16,2,2,0,0,20,3,3,0,0,44,1,2,26,28,0,0,0,0,0,0,0,0,1,0,1,0,1,0,0,0,0,0,0,0,0,0,0,3,0,0,0,0,3,1,1,0,0,1,0,0,0,0,6,0,0,3,3,0,0,0,0,0,0,0,0,1,0,1,0,1,0,0,0,0,0,0,0,0,0,0,2,0,0,0,0,2,8,6,2,0,14,1,1,0,0,25,0,0,23,23,0,0,0,0,0,0,0,0,0,0,0,0,0
Cochran County Sheriff's Office,2010,Texas,3127,TX04000,0,0,0,0,0,0,0,0,0,0,0,0,0,20,0,0,0,0,20,22,14,7,1,46,5,0,0,5,94,0,0,74,74,0,0,0,0,0,0,0,0,1,0,1,0,1,0,0,0,0,0,0,0,0,0,0,20,0,0,0,0,20,4,3,1,0,11,2,0,0,2,37,0,0,17,17,0,0,0,0,0,0,0,0,0,0,0,0,0,0,0,0,0,0,0,0,0,0,0,4,0,0,0,0,4,1,1,0,0,2,1,0,0,1,8,0,0,4,4,0,0,0,0,0,0,0,0,0,0,0,0,0,0,0,0,0,0,0,0,0,0,0,1,0,0,0,0,1,6,0,6,0,20,0,0,0,0,27,0,0,26,26,0,0,0,0,0,0,0,0,0,0,0,0,0
Cochran County Sheriff's Office,2009,Texas,2909,TX04000,0,0,1,1,0,0,0,0,0,0,0,0,0,15,0,2,0,0,13,25,14,10,1,38,4,1,0,3,84,2,3,68,71,0,0,0,0,0,0,0,0,1,0,1,0,1,1,0,0,0,0,0,0,0,0,0,15,0,2,0,0,13,0,0,0,0,5,1,0,0,1,22,2,3,6,9,0,0,0,0,0,0,0,0,0,0,0,0,0,0,0,0,0,0,0,0,0,0,0,1,0,0,0,0,1,0,0,0,0,0,0,0,0,0,1,0,0,0,0,0,0,0,0,0,0,0,0,0,0,0,0,0,0,0,0,0,0,0,0,0,0,0,0,0,0,0,0,0,6,6,0,0,25,0,0,0,0,31,0,0,31,31,0,0,0,0,0,0,0,0,0,0,0,0,0
Cochran County Sheriff's Office,2008,Texas,3018,TX04000,0,0,0,0,0,1,0,1,2,0,0,0,2,29,0,2,1,1,25,30,16,9,5,42,5,3,0,2,115,4,7,83,90,1,0,1,0,0,0,0,2,0,0,0,4,6,0,0,0,0,0,1,0,0,0,1,28,0,2,0,1,25,4,3,1,0,3,1,1,0,0,40,3,4,11,15,0,0,0,0,0,0,0,0,0,0,0,3,3,0,0,0,0,0,0,0,0,0,0,4,0,0,0,0,4,0,0,0,0,1,0,0,0,0,8,0,0,4,4,0,0,0,0,0,0,0,0,0,0,0,3,3,0,0,0,0,0,1,0,0,0,1,8,0,0,0,0,8,7,2,5,0,8,1,1,0,0,25,0,1,16,17,0,0,0,0,0,0,0,0,0,0,0,0,0
Cochran County Sheriff's Office,2007,Texas,3148,TX04000,0,0,1,0,0,0,0,0,0,0,0,0,0,14,1,0,2,1,10,25,7,18,0,44,2,2,0,0,85,4,4,71,75,0,0,0,0,0,0,0,0,0,0,0,0,0,0,0,0,0,0,0,0,0,0,0,12,1,0,1,0,10,3,0,3,0,3,1,1,0,0,19,2,2,7,9,0,0,0,0,0,0,0,0,0,0,0,0,0,0,0,0,0,0,0,0,0,0,0,0,0,0,0,0,0,1,0,1,0,1,1,1,0,0,3,0,0,3,3,0,0,0,0,0,0,0,0,0,0,0,0,0,0,0,0,0,0,0,0,0,0,0,1,0,0,0,0,1,5,0,5,0,11,1,1,0,0,18,0,0,17,17,0,0,0,0,0,0,0,0,0,0,0,0,0
Cochran County Sheriff's Office,2006,Texas,3382,TX04000,0,0,0,0,0,0,0,0,1,0,1,0,0,15,0,1,0,1,13,32,10,21,1,34,2,0,0,2,84,2,3,68,71,0,0,0,0,0,0,0,0,0,0,0,0,0,0,0,0,0,0,1,0,1,0,0,15,0,1,0,1,13,5,1,4,0,6,0,0,0,0,27,2,3,11,14,0,0,0,0,0,0,0,0,0,0,0,0,0,0,0,0,0,0,0,0,0,0,0,0,0,0,0,0,0,0,0,0,0,3,0,0,0,0,3,0,0,3,3,0,0,0,0,0,0,0,0,0,0,0,0,0,0,0,0,0,0,0,0,0,0,0,0,0,0,0,0,0,6,1,5,0,14,0,0,0,0,20,0,0,20,20,0,0,0,0,0,0,0,0,0,0,0,0,0
Cochran County Sheriff's Office,2005,Texas,3395,TX04000,0,0,1,0,0,2,2,0,1,0,0,0,1,26,0,3,2,1,20,32,17,15,0,38,9,7,2,0,108,6,9,79,88,0,0,0,0,0,0,0,0,0,0,0,0,0,0,0,2,2,0,0,0,0,0,0,25,0,2,2,1,20,5,4,1,0,9,8,6,2,0,49,5,7,22,29,0,0,0,0,0,0,0,0,0,0,0,0,0,0,0,0,0,0,0,0,0,0,0,0,0,0,0,0,0,0,0,0,0,0,0,0,0,0,0,0,0,0,0,0,0,0,0,0,0,0,0,0,0,0,0,0,0,0,0,0,0,0,0,0,0,0,1,0,0,0,0,1,3,0,3,0,4,1,1,0,0,9,0,0,8,8,0,0,0,0,0,0,0,0,0,0,0,0,0
Cochran County Sheriff's Office,2004,Texas,3545,TX04000,0,0,0,0,0,0,0,0,0,0,0,0,0,22,0,2,1,0,19,10,7,3,0,51,7,5,0,2,92,3,3,70,73,2,0,0,0,0,0,0,2,0,0,0,0,2,0,0,0,0,0,0,0,0,0,0,22,0,2,1,0,19,5,3,2,0,6,4,3,0,1,37,3,3,15,18,0,0,0,0,0,0,0,0,0,0,0,0,0,0,0,0,0,0,0,0,0,0,0,0,0,0,0,0,0,0,0,0,0,2,2,1,0,1,4,0,0,4,4,0,0,0,0,0,0,0,0,0,0,0,0,0,0,0,0,0,0,0,0,0,0,0,0,0,0,0,0,0,2,0,2,0,7,0,0,0,0,9,0,0,9,9,0,0,0,0,0,0,0,0,0,0,0,0,0
Cochran County Sheriff's Office,2003,Texas,3536,TX04000,0,0,1,0,0,0,0,0,0,0,0,0,0,42,0,0,3,6,33,28,19,8,1,54,1,1,0,0,126,9,9,84,93,0,0,0,0,0,0,0,0,0,0,0,1,1,0,0,0,0,0,0,0,0,0,0,37,0,0,3,4,30,3,3,0,0,8,1,1,0,0,50,7,7,13,20,0,0,0,0,0,0,0,0,0,0,0,1,1,0,0,0,0,0,0,0,0,0,0,3,0,0,0,0,3,0,0,0,0,2,1,1,0,0,6,0,0,3,3,0,0,0,0,0,0,0,0,0,0,0,0,0,0,0,2,2,0,0,0,0,0,0,2,0,0,0,0,2,0,0,0,0,2,2,2,0,0,8,0,2,4,6,0,0,0,0,0,0,0,0,0,0,0,0,0
Cochran County Sheriff's Office,2002,Texas,3896,TX04000,0,0,1,0,0,0,0,0,1,0,1,0,0,20,1,0,0,5,14,30,17,12,1,46,4,3,0,1,101,6,7,80,87,0,0,0,0,0,0,0,0,0,0,0,0,0,0,0,0,0,0,0,0,0,0,0,21,1,0,0,5,15,3,2,1,0,9,3,3,0,0,36,6,6,15,21,0,0,0,0,0,0,0,0,0,0,0,0,0,0,0,0,0,0,0,0,0,0,0,3,0,0,0,1,2,3,2,1,0,3,0,0,0,0,9,1,1,6,7,0,0,0,0,0,0,0,0,0,0,0,0,0,0,0,1,1,0,0,0,0,0,0,2,0,0,0,0,2,1,0,1,0,2,1,1,0,0,7,0,1,4,5,0,0,0,0,0,0,0,0,0,0,0,0,0
Cochran County Sheriff's Office,2001,Texas,3815,TX04000,0,0,1,0,0,1,1,0,0,0,0,0,0,22,0,2,3,4,13,16,9,5,2,36,2,2,0,0,78,9,10,55,65,1,0,0,0,0,0,0,1,0,0,0,0,1,0,0,1,1,0,0,0,0,0,0,17,0,2,2,3,10,2,1,0,1,2,1,1,0,0,24,7,8,6,14,1,0,0,0,0,0,0,1,0,0,0,0,1,0,0,1,1,0,0,0,0,0,0,2,0,0,1,0,1,1,0,0,1,1,0,0,0,0,5,1,2,2,4,0,0,0,0,0,0,0,0,0,0,0,0,0,0,0,0,0,0,0,0,0,0,0,0,0,0,0,0,0,0,0,0,0,4,0,0,0,0,4,0,0,4,4,0,0,0,0,0,0,0,0,0,0,0,0,0
Cochran County Sheriff's Office,2000,Texas,3730,TX04000,0,0,5,0,0,0,0,0,0,0,0,0,0,26,0,2,1,3,20,22,12,9,1,40,3,3,0,0,91,6,6,65,71,0,0,0,0,0,0,0,0,0,0,0,0,0,0,0,0,0,0,0,0,0,0,0,22,0,2,1,2,17,5,3,2,0,8,2,2,0,0,37,5,5,15,20,0,0,0,0,0,0,0,0,0,0,0,0,0,0,0,0,0,0,0,0,0,0,0,2,0,0,0,0,2,2,2,0,0,1,1,1,0,0,6,0,0,4,4,0,0,0,0,0,0,0,0,0,0,0,0,0,0,0,1,0,1,0,0,0,0,0,0,0,0,0,0,0,0,0,0,0,7,0,0,0,0,8,0,1,7,8,0,0,0,0,0,0,0,0,0,0,0,0,0
Cochran County Sheriff's Office,1999,Texas,4009,TX04000,0,0,1,0,0,0,0,0,0,0,0,0,0,18,0,1,0,2,15,32,11,18,3,42,4,3,1,0,97,3,3,79,82,0,0,0,0,0,0,0,0,0,0,0,1,1,0,0,0,0,0,0,0,0,0,0,17,0,1,0,1,15,4,0,4,0,9,3,3,0,0,33,2,2,16,18,0,0,0,0,0,0,0,0,0,0,0,0,0,0,0,0,0,0,0,0,0,0,0,3,0,0,0,0,3,1,0,1,0,3,1,1,0,0,8,0,0,5,5,0,0,0,0,0,0,0,0,0,0,0,0,0,0,0,0,0,0,0,0,0,0,0,1,0,0,0,1,0,3,0,3,0,3,0,0,0,0,7,1,1,6,7,0,0,0,0,0,0,0,0,0,0,0,0,0
Cochran County Sheriff's Office,1998,Texas,4044,TX04000,0,0,2,0,0,0,0,0,0,0,0,0,0,28,1,0,1,3,23,48,11,29,8,87,4,2,1,1,167,5,5,139,144,0,0,0,0,0,0,0,0,0,0,0,0,0,0,0,0,0,0,0,0,0,0,0,28,1,0,1,3,23,4,2,2,0,5,4,2,1,1,41,5,5,13,18,0,0,0,0,0,0,0,0,0,0,0,0,0,0,0,0,0,0,0,0,0,0,0,5,0,0,0,0,5,2,1,1,0,0,2,0,1,1,9,0,0,4,4,0,0,0,0,0,0,0,0,0,0,0,0,0,0,0,0,0,0,0,0,0,0,0,0,0,0,0,0,0,1,0,1,0,4,0,0,0,0,5,0,0,5,5,0,0,0,0,0,0,0,0,0,0,0,0,0
Cochran County Sheriff's Office,1997,Texas,4419,TX04000,0,0,1,0,0,0,0,0,0,0,0,0,0,34,0,1,2,6,25,29,14,12,3,70,6,5,0,1,139,9,9,105,114,0,0,0,0,0,0,0,0,0,0,0,0,0,0,0,0,0,0,0,0,0,0,0,32,0,1,1,6,24,7,5,2,0,14,5,4,0,1,58,8,8,26,34,0,0,0,0,0,0,0,0,0,0,0,0,0,0,0,0,0,0,0,0,0,0,0,9,0,0,0,0,9,1,1,0,0,5,5,4,0,1,20,0,0,11,11,0,0,0,0,0,0,0,0,0,0,0,0,0,0,0,0,0,0,0,0,0,0,0,0,0,0,0,0,0,2,0,2,0,7,1,1,0,0,10,0,0,10,10,0,0,0,0,0,0,0,0,0,0,0,0,0
Cochran County Sheriff's Office,1996,Texas,4349,TX04000,0,0,2,0,0,0,0,0,0,0,0,0,0,23,2,0,2,4,15,37,15,19,3,65,1,1,0,0,127,8,8,104,112,1,0,0,0,0,0,0,1,0,0,0,0,1,0,0,0,0,0,0,0,0,0,0,24,3,0,2,4,15,6,6,0,0,12,1,1,0,0,43,9,9,19,28,0,0,0,0,0,0,0,0,0,0,0,0,0,0,0,0,0,0,0,0,0,0,0,5,1,0,0,0,4,5,5,0,0,4,1,1,0,0,15,1,1,10,11,0,0,0,0,0,0,0,0,0,0,0,0,0,0,0,0,0,0,0,0,0,0,0,2,1,0,0,0,1,3,0,3,0,6,1,1,0,0,12,1,1,10,11,0,0,0,0,0,0,0,0,0,0,0,0,0
Cochran County Sheriff's Office,1995,Texas,4258,TX04000,0,0,1,0,0,1,1,0,1,0,1,0,0,25,0,4,2,1,18,29,12,14,3,82,5,5,0,0,144,7,9,117,126,0,0,0,0,0,0,0,0,0,0,0,1,1,0,0,0,0,0,1,0,1,0,0,24,0,4,2,1,17,5,2,3,0,17,5,5,0,0,53,7,8,28,36,0,0,0,0,0,0,0,0,0,0,0,1,1,0,0,0,0,0,0,0,0,0,0,0,0,0,0,0,0,2,0,2,0,7,5,5,0,0,15,0,0,15,15,0,0,0,0,0,0,0,0,0,0,0,1,1,0,0,0,0,0,0,0,0,0,0,2,0,0,0,0,2,3,0,2,1,9,2,2,0,0,16,0,0,14,14,0,0,0,0,0,0,0,0,0,0,0,0,0
Cochran County Sheriff's Office,1994,Texas,4361,TX04000,0,0,3,0,0,0,0,0,1,0,0,0,1,36,1,3,2,6,24,46,19,20,7,84,6,3,2,1,173,12,13,136,149,0,0,0,0,0,0,0,0,0,0,0,0,0,0,0,0,0,0,1,0,0,0,1,24,1,2,0,4,17,10,5,5,0,23,4,3,1,0,62,7,8,37,45,0,0,0,0,0,0,0,0,0,0,0,0,0,0,0,0,0,0,0,0,0,0,0,4,0,0,0,1,3,6,3,3,0,12,1,0,1,0,23,1,1,19,20,0,0,0,0,0,0,0,0,0,0,0,0,0,0,0,0,0,0,0,0,0,0,0,3,0,0,0,1,2,1,0,1,0,11,1,1,0,0,16,1,1,13,14,0,0,0,0,0,0,0,0,0,0,0,0,0
Cochran County Sheriff's Office,1993,Texas,4279,TX04000,0,0,5,0,0,0,0,0,0,0,0,0,0,44,3,4,3,4,30,42,16,26,0,113,1,0,0,1,201,14,14,157,171,0,0,0,0,0,0,0,0,0,0,0,1,1,0,0,0,0,0,0,0,0,0,0,29,1,3,2,4,19,7,3,4,0,15,1,0,0,1,52,10,10,23,33,0,0,0,0,0,0,0,0,0,0,0,0,0,0,0,0,0,0,0,0,0,0,0,4,0,1,0,1,2,5,2,3,0,6,0,0,0,0,15,2,2,11,13,0,0,0,0,0,0,0,0,0,0,0,0,0,0,0,1,1,0,0,0,0,0,0,1,0,0,1,0,0,3,0,3,0,6,0,0,0,0,11,1,2,9,11,0,0,0,0,0,0,0,0,0,0,0,0,0
Cochran County Sheriff's Office,1992,Texas,4549,TX04000,0,0,4,0,0,1,0,1,0,0,0,0,0,44,2,4,5,2,31,36,14,15,7,141,3,2,0,1,225,13,14,180,194,0,0,0,0,0,0,0,0,0,0,0,0,0,0,0,1,0,1,0,0,0,0,0,27,2,1,4,2,18,4,3,1,0,33,2,1,0,1,67,9,10,39,49,0,0,0,0,0,0,0,0,0,0,0,0,0,0,0,0,0,0,0,0,0,0,0,2,0,0,0,0,2,3,2,1,0,12,2,1,0,1,19,0,0,17,17,0,0,0,0,0,0,0,0,0,0,0,0,0,0,0,0,0,0,0,0,0,0,0,2,0,0,0,0,2,2,0,1,1,13,0,0,0,0,17,0,0,15,15,0,0,0,0,0,0,0,0,0,0,0,0,0
Cochran County Sheriff's Office,1991,Texas,4470,TX04000,0,0,0,0,0,2,0,2,0,0,0,0,0,59,1,3,1,6,48,30,20,7,3,90,3,1,0,2,185,11,13,124,137,1,0,0,0,0,0,0,1,0,0,0,0,1,0,0,0,0,0,0,0,0,0,0,41,1,3,1,3,33,6,4,2,0,12,2,1,0,1,61,8,8,20,28,0,0,0,0,0,0,0,0,0,0,0,0,0,0,0,0,0,0,0,0,0,0,0,1,0,0,0,0,1,2,0,2,0,2,0,0,0,0,5,0,0,4,4,0,0,0,0,0,0,0,0,0,0,0,0,0,0,0,1,1,0,0,0,0,0,0,2,0,0,0,0,2,2,1,1,0,12,2,2,0,0,19,0,1,16,17,0,0,0,0,0,0,0,0,0,0,0,0,0
Cochran County Sheriff's Office,1990,Texas,4377,TX04000,0,0,6,0,0,0,0,0,0,0,0,0,0,76,2,0,4,14,56,39,30,6,3,77,7,2,3,2,200,20,20,124,144,0,0,0,0,0,0,0,0,1,0,1,0,1,0,0,0,0,0,0,0,0,0,0,68,2,0,3,10,53,8,7,1,0,5,4,1,3,0,85,15,15,17,32,0,0,0,0,0,0,0,0,0,0,0,0,0,0,0,0,0,0,0,0,0,0,0,3,0,0,0,1,2,1,1,0,0,1,0,0,0,0,5,1,1,2,3,0,0,0,0,0,0,0,0,0,0,0,0,0,0,0,0,0,0,0,0,0,0,0,2,0,0,0,0,2,2,0,2,0,5,6,3,2,1,15,0,0,13,13,0,0,0,0,0,0,0,0,0,0,0,0,0
Cochran County Sheriff's Office,1989,Texas,4440,TX04000,0,0,3,0,0,0,0,0,1,0,0,0,1,48,0,4,4,4,36,59,46,10,3,97,10,3,2,5,216,12,13,167,180,1,0,0,0,0,0,0,1,0,0,0,0,1,0,0,0,0,0,1,0,0,0,1,45,0,4,4,4,33,9,9,0,0,11,8,3,1,4,74,12,13,28,41,0,0,0,0,0,0,0,0,0,0,0,0,0,0,0,0,0,0,0,0,0,0,0,5,0,0,0,2,3,0,0,0,0,2,3,0,0,3,10,2,2,5,7,0,0,0,0,0,0,0,0,0,0,0,0,0,0,0,2,2,0,0,0,0,0,0,2,0,0,0,0,2,3,0,2,1,2,3,3,0,0,12,0,2,8,10,0,0,0,0,0,0,0,0,0,0,0,0,0
Cochran County Sheriff's Office,1988,Texas,4599,TX04000,0,0,3,0,0,0,0,0,0,0,0,0,0,36,2,0,3,4,27,43,24,17,2,74,12,4,4,4,168,9,9,132,141,2,0,0,0,0,0,0,2,1,0,1,0,3,0,0,0,0,0,0,0,0,0,0,26,1,0,1,3,21,9,3,6,0,9,8,3,2,3,53,5,5,27,32,1,0,0,0,0,0,0,1,0,0,0,0,1,0,0,0,0,0,0,0,0,0,0,1,0,0,0,1,0,0,0,0,0,0,0,0,0,0,2,1,1,1,2,1,0,0,0,0,0,0,1,0,0,0,0,1,0,0,0,0,0,0,0,0,0,0,3,0,0,0,0,3,6,1,4,1,0,2,2,0,0,11,0,0,8,8,0,0,0,0,0,0,0,0,0,0,0,0,0
Cochran County Sheriff's Office,1987,Texas,4630,TX04000,0,0,1,0,0,2,0,2,0,0,0,0,0,30,2,5,1,10,12,33,21,8,4,64,8,1,4,3,137,18,20,105,125,0,0,0,0,0,0,0,0,0,0,0,0,0,0,0,1,0,1,0,0,0,0,0,26,2,5,1,8,10,30,28,2,0,16,2,1,1,0,75,16,17,48,65,0,0,0,0,0,0,0,0,0,0,0,0,0,0,0,0,0,0,0,0,0,0,0,0,0,0,0,0,0,20,20,0,0,4,0,0,0,0,24,0,0,24,24,0,0,0,0,0,0,0,0,0,0,0,0,0,0,0,0,0,0,1,0,0,0,1,3,1,0,0,0,2,8,0,5,3,3,1,1,0,0,16,1,2,12,14,0,0,0,0,0,0,0,0,0,0,0,0,0
Cochran County Sheriff's Office,1986,Texas,4959,TX04000,0,0,1,0,0,2,1,1,1,0,0,0,1,10,2,4,2,1,1,37,21,10,6,93,11,3,3,5,155,9,12,142,154,1,0,0,0,0,0,0,1,0,0,0,0,1,0,0,1,0,1,0,0,0,0,0,4,1,1,1,0,1,6,1,2,3,7,9,2,2,5,27,3,4,22,26,0,0,0,0,0,0,0,0,0,0,0,0,0,0,0,0,0,0,0,0,0,0,0,1,0,0,1,0,0,0,0,0,0,1,6,0,2,4,8,1,1,7,8,0,0,0,0,0,0,0,0,0,0,0,0,0,0,0,0,0,0,0,0,0,0,0,4,0,0,0,3,1,4,0,4,0,14,5,4,0,1,27,3,3,23,26,0,0,0,0,0,0,0,0,0,0,0,0,0
Cochran County Sheriff's Office,1985,Texas,4914,TX04000,0,0,0,0,0,3,3,0,0,0,0,0,0,12,0,2,2,5,3,32,15,16,1,90,9,3,5,1,147,9,12,132,144,1,0,0,0,0,0,0,1,0,0,0,0,1,0,0,0,0,0,0,0,0,0,0,9,0,2,1,3,3,3,0,3,0,12,4,1,2,1,29,6,6,20,26,1,0,0,0,0,0,0,1,0,0,0,0,1,0,0,0,0,0,0,0,0,0,0,2,0,0,0,1,1,0,0,0,0,1,0,0,0,0,4,1,1,2,3,1,0,0,0,0,0,0,1,0,0,0,0,1,0,0,0,0,0,0,0,0,0,0,2,0,0,0,1,1,10,1,9,0,11,7,6,1,0,30,1,1,28,29,0,0,0,0,0,0,0,0,0,0,0,0,0
Cochran County Sheriff's Office,1984,Texas,5065,TX04000,0,0,1,0,0,1,0,1,0,0,0,0,0,5,0,2,1,1,1,18,16,2,0,70,6,0,3,3,100,4,5,94,99,0,0,0,0,0,0,0,0,0,0,0,0,0,0,0,0,0,0,0,0,0,0,0,4,0,2,1,1,0,8,7,1,0,0,1,0,0,1,13,4,4,9,13,0,0,0,0,0,0,0,0,0,0,0,0,0,0,0,0,0,0,0,0,0,0,0,0,0,0,0,0,0,5,5,0,0,0,0,0,0,0,5,0,0,5,5,0,0,0,0,0,0,0,0,0,0,0,0,0,0,0,0,0,0,0,0,0,0,0,0,0,0,0,0,0,0,0,0,0,0,0,0,0,0,0,0,0,0,0,0,0,0,0,0,0,0,0,0,0,0,0,0
Cochran County Sheriff's Office,1983,Texas,5292,TX04000,0,0,0,0,0,0,0,0,0,0,0,0,0,6,0,0,1,0,5,15,4,11,0,76,1,0,1,0,99,1,1,93,94,0,0,0,0,0,0,0,0,0,1,1,0,1,0,0,0,0,0,0,0,0,0,0,3,0,0,1,0,2,7,2,5,0,6,1,0,1,0,17,1,1,14,15,0,0,0,0,0,0,0,0,0,0,0,0,0,0,0,0,0,0,0,0,0,0,0,0,0,0,0,0,0,5,0,5,0,1,0,0,0,0,6,0,0,6,6,0,0,0,0,0,0,0,0,0,0,0,0,0,0,0,0,0,0,0,0,0,0,0,0,0,0,0,0,0,0,0,0,0,0,0,0,0,0,0,0,0,0,0,0,0,0,0,0,0,0,0,0,0,0,0,0
Cochran County Sheriff's Office,1982,Texas,5143,TX04000,0,0,2,0,0,1,0,1,0,0,0,0,0,6,2,0,0,0,4,14,9,5,0,86,8,3,1,4,118,2,3,111,114,1,0,1,0,0,0,0,2,0,1,1,0,3,0,0,0,0,0,0,0,0,0,0,3,2,0,0,0,1,2,2,0,0,3,1,1,0,0,9,2,2,6,8,0,0,0,0,0,0,0,0,0,0,0,0,0,0,0,0,0,0,0,0,0,0,0,0,0,0,0,0,0,1,1,0,0,1,1,1,0,0,3,0,0,3,3,0,0,0,0,0,0,0,0,0,0,0,0,0,0,0,0,0,0,0,0,0,0,0,0,0,0,0,0,0,0,0,0,0,0,0,0,0,0,0,0,0,0,0,0,0,0,0,0,0,0,0,0,0,0,0,0
Cochran County Sheriff's Office,1981,Texas,2238,TX04000,0,0,0,0,0,3,3,0,1,1,0,0,0,22,1,3,0,5,13,9,5,3,1,64,9,3,2,4,108,9,13,82,95,0,0,0,0,0,0,0,0,0,0,0,0,0,0,0,3,3,0,1,1,0,0,0,19,0,3,0,3,13,1,0,0,1,9,6,2,1,3,39,6,10,16,26,0,0,0,0,0,0,0,0,0,0,0,0,0,0,0,0,0,0,0,0,0,0,0,0,0,0,0,0,0,0,0,0,0,0,4,2,1,1,4,0,0,4,4,0,0,0,0,0,0,0,0,0,0,0,0,0,0,0,0,0,0,0,0,0,0,0,0,0,0,0,0,0,0,0,0,0,0,0,0,0,0,0,0,0,0,0,0,0,0,0,0,0,0,0,0,0,0,0,0
Cochran County Sheriff's Office,1980,Texas,2149,TX04000,0,0,0,1,0,5,4,1,1,0,1,0,0,33,2,5,0,2,24,70,52,12,6,110,11,9,1,1,232,9,16,192,208,0,0,0,0,0,0,1,1,0,0,0,0,1,1,0,6,6,0,1,0,1,0,0,15,0,2,0,1,12,15,14,0,1,14,7,7,0,0,60,3,11,37,48,0,0,0,0,0,0,1,1,0,0,0,0,1,0,0,0,0,0,1,0,1,0,0,2,0,1,0,0,1,15,14,0,1,6,2,2,0,0,27,1,2,24,26,0,0,0,0,0,0,1,1,0,0,0,0,1,0,0,0,0,0,0,0,0,0,0,0,0,0,0,0,0,0,0,0,0,0,0,0,0,0,0,0,0,0,0,0,0,0,0,0,0,0,0,0,0,0,0,0
Cochran County Sheriff's Office,1979,Texas,2397,TX04000,0,0,1,0,0,0,0,0,0,0,0,0,0,2,1,0,0,1,0,19,14,5,0,40,3,1,0,2,64,2,2,62,64,0,0,0,0,0,0,0,0,0,0,0,0,0,0,0,0,0,0,0,0,0,0,0,2,1,0,0,1,0,5,4,1,0,4,2,0,1,1,13,2,2,11,13,0,0,0,0,0,0,0,0,0,0,0,0,0,0,0,0,0,0,0,0,0,0,0,0,0,0,0,0,0,1,1,0,0,0,0,0,0,0,1,0,0,1,1,0,0,0,0,0,0,0,0,0,0,0,0,0,0,0,0,0,0,0,0,0,0,0,0,0,0,0,0,0,0,0,0,0,0,0,0,0,0,0,0,0,0,0,0,0,0,0,0,0,0,0,0,0,0,0,0
Cochran County Sheriff's Office,1978,Texas,2610,TX04000,0,0,0,0,0,1,0,1,0,0,0,0,0,3,0,0,0,2,1,23,18,4,1,40,9,4,4,1,76,2,3,72,75,,,,,,,,,,,,,,0,0,0,0,0,0,0,0,0,0,1,0,0,0,0,1,6,5,1,0,5,6,2,3,1,18,0,0,17,17,,,,,,,,,,,,,,0,0,0,0,0,0,0,0,0,0,0,0,0,0,0,0,3,2,1,0,2,3,1,1,1,8,0,0,8,8,,,,,,,,,,,,,,0,0,0,0,0,0,0,0,0,0,0,0,0,0,0,0,0,0,0,0,0,0,0,0,0,0,0,0,0,0,,,,,,,,,,,,,
Cochran County Sheriff's Office,1977,Texas,1795,TX04000,0,0,0,0,0,0,0,0,0,0,0,0,0,2,1,0,0,0,1,3,2,1,0,36,3,2,1,0,44,1,1,42,43,,,,,,,,,,,,,,0,0,0,0,0,0,0,0,0,0,0,0,0,0,0,0,0,0,0,0,3,2,1,1,0,5,0,0,5,5,,,,,,,,,,,,,,0,0,0,0,0,0,0,0,0,0,0,0,0,0,0,0,0,0,0,0,0,1,1,0,0,1,0,0,1,1,,,,,,,,,,,,,,0,0,0,0,0,0,0,0,0,0,0,0,0,0,0,0,0,0,0,0,0,0,0,0,0,0,0,0,0,0,,,,,,,,,,,,,
Cochran County Sheriff's Office,1976,Texas,1640,TX04000,0,0,0,1,0,2,1,1,0,0,0,0,0,8,1,2,0,1,4,17,8,7,2,36,3,2,1,0,67,4,7,56,63,,,,,,,,,,,,,,1,0,2,1,1,0,0,0,0,0,12,1,2,0,1,8,2,1,1,0,6,3,2,1,0,26,4,7,11,18,,,,,,,,,,,,,,0,0,0,0,0,0,0,0,0,0,0,0,0,0,0,0,0,0,0,0,0,0,0,0,0,0,0,0,0,0,,,,,,,,,,,,,,0,0,0,0,0,0,0,0,0,0,0,0,0,0,0,0,0,0,0,0,0,0,0,0,0,0,0,0,0,0,,,,,,,,,,,,,
Cochran County Sheriff's Office,1975,Texas,4974,TX04000,0,0,0,0,0,0,0,0,1,1,0,0,0,8,1,2,0,1,4,41,31,8,2,47,4,2,2,0,101,4,5,92,97,,,,,,,,,,,,,,0,0,0,0,0,0,0,0,0,0,7,1,1,0,1,4,4,3,1,0,3,2,1,1,0,16,3,3,9,12,,,,,,,,,,,,,,0,0,0,0,0,0,0,0,0,0,1,0,1,0,0,0,1,1,0,0,1,0,0,0,0,3,1,1,2,3,,,,,,,,,,,,,,0,0,0,0,0,0,0,0,0,0,0,0,0,0,0,0,0,0,0,0,0,0,0,0,0,0,0,0,0,0,,,,,,,,,,,,,
Cochran County Sheriff's Office,1974,Texas,5701,TX04000,0,0,0,1,0,0,0,0,1,1,0,0,0,4,1,0,0,1,2,24,17,6,1,38,0,0,0,0,68,2,4,62,66,,,,,,,,,,,,,,1,0,0,0,0,0,0,0,0,0,4,1,0,0,1,2,7,5,1,1,1,0,0,0,0,13,2,3,8,11,,,,,,,,,,,,,,0,0,0,0,0,0,0,0,0,0,0,0,0,0,0,0,2,2,0,0,0,0,0,0,0,2,0,0,2,2,,,,,,,,,,,,,,0,0,0,0,0,0,0,0,0,0,0,0,0,0,0,0,0,0,0,0,0,0,0,0,0,0,0,0,0,0,,,,,,,,,,,,,
Cochran County Sheriff's Office,1973,Texas,5005,TX04000,0,0,0,0,0,1,1,0,1,1,0,0,0,4,0,1,0,1,2,24,20,4,0,41,6,6,0,0,75,2,4,71,75,,,,,,,,,,,,,,0,0,1,1,0,1,1,0,0,0,4,0,1,0,1,2,3,1,2,0,1,6,6,0,0,14,2,4,10,14,,,,,,,,,,,,,,0,0,0,0,0,0,0,0,0,0,0,0,0,0,0,0,1,1,0,0,0,2,2,0,0,3,0,0,3,3,,,,,,,,,,,,,,0,0,0,0,0,0,0,0,0,0,0,0,0,0,0,0,0,0,0,0,0,0,0,0,0,0,0,0,0,0,,,,,,,,,,,,,
Cochran County Sheriff's Office,1972,Texas,4917,TX04000,0,0,0,2,0,0,0,0,1,1,0,0,0,7,0,0,0,6,1,7,1,6,0,4,2,2,0,0,22,6,9,13,22,,,,,,,,,,,,,,2,0,0,0,0,1,1,0,0,0,7,0,0,0,6,1,6,0,6,0,3,1,1,0,0,19,6,9,10,19,,,,,,,,,,,,,,0,0,0,0,0,0,0,0,0,0,0,0,0,0,0,0,3,0,3,0,1,0,0,0,0,4,0,0,4,4,,,,,,,,,,,,,,0,0,0,0,0,0,0,0,0,0,0,0,0,0,0,0,0,0,0,0,0,0,0,0,0,0,0,0,0,0,,,,,,,,,,,,,
Cochran County Sheriff's Office,1971,Texas,6305,TX04000,0,0,0,1,0,1,0,1,0,0,0,0,0,3,0,3,0,0,0,19,15,4,0,0,1,1,0,0,25,3,5,20,25,,,,,,,,,,,,,,1,0,1,0,1,0,0,0,0,0,3,0,3,0,0,0,12,8,4,0,0,1,1,0,0,18,3,5,13,18,,,,,,,,,,,,,,0,0,0,0,0,0,0,0,0,0,0,0,0,0,0,0,1,1,0,0,0,1,1,0,0,2,0,0,2,2,,,,,,,,,,,,,,0,0,0,0,0,0,0,0,0,0,0,0,0,0,0,0,0,0,0,0,0,0,0,0,0,0,0,0,0,0,,,,,,,,,,,,,
Cochran County Sheriff's Office,1970,Texas,5326,TX04000,0,0,0,0,0,0,0,0,0,0,0,0,0,9,0,0,0,8,1,14,12,2,0,5,1,1,0,0,28,8,8,20,28,,,,,,,,,,,,,,0,0,0,0,0,0,0,0,0,0,9,0,0,0,8,1,7,7,0,0,5,1,1,0,0,21,8,8,13,21,,,,,,,,,,,,,,0,0,0,0,0,0,0,0,0,0,0,0,0,0,0,0,2,2,0,0,0,0,0,0,0,2,0,0,2,2,,,,,,,,,,,,,,0,0,0,0,0,0,0,0,0,0,0,0,0,0,0,0,0,0,0,0,0,0,0,0,0,0,0,0,0,0,,,,,,,,,,,,,
Cochran County Sheriff's Office,1969,Texas,6471,TX04000,0,0,0,0,0,0,0,0,0,0,0,0,0,6,1,1,0,4,0,19,19,0,0,6,0,0,0,0,31,6,6,25,31,,,,,,,,,,,,,,0,0,0,0,0,0,0,0,0,0,6,1,1,0,4,0,7,7,0,0,5,0,0,0,0,18,6,6,12,18,,,,,,,,,,,,,,0,0,0,0,0,0,0,0,0,0,0,0,0,0,0,0,3,3,0,0,1,0,0,0,0,4,0,0,4,4,,,,,,,,,,,,,,0,0,0,0,0,0,0,0,0,0,0,0,0,0,0,0,0,0,0,0,0,0,0,0,0,0,0,0,0,0,,,,,,,,,,,,,
Cochran County Sheriff's Office,1968,Texas,6667,TX04000,0,0,0,1,0,0,0,0,0,0,0,0,0,6,3,1,0,1,1,17,17,0,0,10,2,2,0,0,35,5,6,29,35,,,,,,,,,,,,,,1,0,0,0,0,0,0,0,0,0,6,3,1,0,1,1,6,6,0,0,10,2,2,0,0,24,5,6,18,24,,,,,,,,,,,,,,0,0,0,0,0,0,0,0,0,0,0,0,0,0,0,0,0,0,0,0,1,1,1,0,0,2,0,0,2,2,,,,,,,,,,,,,,0,0,0,0,0,0,0,0,0,0,0,0,0,0,0,0,0,0,0,0,0,0,0,0,0,0,0,0,0,0,,,,,,,,,,,,,
Cochran County Sheriff's Office,1967,Texas,7958,TX04000,0,0,0,0,0,0,0,0,0,0,0,0,0,22,1,1,0,18,2,17,10,7,0,15,1,1,0,0,53,20,20,33,53,,,,,,,,,,,,,,0,0,0,0,0,0,0,0,0,0,22,1,1,0,18,2,3,2,1,0,6,0,0,0,0,29,20,20,9,29,,,,,,,,,,,,,,0,0,0,0,0,0,0,0,0,0,5,0,0,0,4,1,0,0,0,0,2,0,0,0,0,6,4,4,2,6,,,,,,,,,,,,,,0,0,0,0,0,0,0,0,0,0,0,0,0,0,0,0,0,0,0,0,0,0,0,0,0,0,0,0,0,0,,,,,,,,,,,,,
Cochran County Sheriff's Office,1966,Texas,7974,TX04000,0,0,0,1,0,0,0,0,0,0,0,0,0,5,1,2,0,1,1,0,0,0,0,10,1,1,0,0,16,4,5,11,16,,,,,,,,,,,,,,1,0,0,0,0,0,0,0,0,0,4,1,2,0,0,1,0,0,0,0,7,1,1,0,0,12,3,4,8,12,,,,,,,,,,,,,,0,0,0,0,0,0,0,0,0,0,0,0,0,0,0,0,0,0,0,0,1,0,0,0,0,1,0,0,1,1,,,,,,,,,,,,,,0,0,0,0,0,0,0,0,0,0,0,0,0,0,0,0,0,0,0,0,0,0,0,0,0,0,0,0,0,0,,,,,,,,,,,,,
Cochran County Sheriff's Office,1965,Texas,7828,TX04000,0,0,0,0,0,0,0,0,0,0,0,0,0,18,5,3,2,7,1,10,9,1,0,24,9,9,0,0,60,17,17,43,60,,,,,,,,,,,,,,0,0,0,0,0,0,0,0,0,0,16,4,2,2,7,1,3,2,1,0,17,9,9,0,0,44,15,15,29,44,,,,,,,,,,,,,,0,0,0,0,0,0,0,0,0,0,0,0,0,0,0,0,1,1,0,0,3,0,0,0,0,4,0,0,4,4,,,,,,,,,,,,,,0,0,0,0,0,0,0,0,0,0,0,0,0,0,0,0,0,0,0,0,0,0,0,0,0,0,0,0,0,0,,,,,,,,,,,,,
Cochran County Sheriff's Office,1964,Texas,6363,TX04000,0,0,0,0,0,0,0,0,1,1,0,0,0,5,0,1,2,2,0,5,5,0,0,48,4,4,0,0,63,5,6,57,63,,,,,,,,,,,,,,0,0,0,0,0,0,0,0,0,0,5,0,1,2,2,0,1,1,0,0,20,0,0,0,0,26,5,5,21,26,,,,,,,,,,,,,,0,0,0,0,0,0,0,0,0,0,0,0,0,0,0,0,0,0,0,0,5,0,0,0,0,5,0,0,5,5,,,,,,,,,,,,,,0,0,0,0,0,0,0,0,0,0,0,0,0,0,0,0,0,0,0,0,0,0,0,0,0,0,0,0,0,0,,,,,,,,,,,,,
Cochran County Sheriff's Office,1963,Texas,6450,TX04000,0,0,0,1,0,2,0,0,4,0,0,0,0,7,0,0,0,0,0,17,0,0,0,31,1,1,0,0,63,7,14,49,63,,,,,,,,,,,,,,0,0,0,0,0,0,0,0,0,0,0,0,0,0,0,0,0,0,0,0,0,0,0,0,0,0,0,0,0,0,,,,,,,,,,,,,,0,0,0,0,0,0,0,0,0,0,0,0,0,0,0,0,0,0,0,0,0,0,0,0,0,0,0,0,0,0,,,,,,,,,,,,,,0,0,0,0,0,0,0,0,0,0,0,0,0,0,0,0,0,0,0,0,0,0,0,0,0,0,0,0,0,0,,,,,,,,,,,,,
Cochran County Sheriff's Office,1962,Texas,6182,TX04000,0,0,0,0,0,1,0,0,0,0,0,0,0,18,0,0,0,0,0,24,0,0,0,37,5,5,0,0,85,18,19,66,85,,,,,,,,,,,,,,0,0,0,0,0,0,0,0,0,0,0,0,0,0,0,0,0,0,0,0,0,0,0,0,0,0,0,0,0,0,,,,,,,,,,,,,,0,0,0,0,0,0,0,0,0,0,0,0,0,0,0,0,0,0,0,0,0,0,0,0,0,0,0,0,0,0,,,,,,,,,,,,,,0,0,0,0,0,0,0,0,0,0,0,0,0,0,0,0,0,0,0,0,0,0,0,0,0,0,0,0,0,0,,,,,,,,,,,,,
Cochran County Sheriff's Office,1961,Texas,6417,TX04000,0,0,0,0,0,4,0,0,0,0,0,0,0,13,0,0,0,0,0,28,0,0,0,57,3,3,0,0,105,13,17,88,105,,,,,,,,,,,,,,0,0,0,0,0,0,0,0,0,0,0,0,0,0,0,0,0,0,0,0,0,0,0,0,0,0,0,0,0,0,,,,,,,,,,,,,,0,0,0,0,0,0,0,0,0,0,0,0,0,0,0,0,0,0,0,0,0,0,0,0,0,0,0,0,0,0,,,,,,,,,,,,,,0,0,0,0,0,0,0,0,0,0,0,0,0,0,0,0,0,0,0,0,0,0,0,0,0,0,0,0,0,0,,,,,,,,,,,,,
Cochran County Sheriff's Office,1960,Texas,6417,TX04000,0,0,0,1,0,0,0,0,1,0,0,0,0,5,0,0,0,0,0,3,0,0,0,13,0,0,0,0,23,5,7,16,23,,,,,,,,,,,,,,0,0,0,0,0,0,0,0,0,0,0,0,0,0,0,0,0,0,0,0,0,0,0,0,0,0,0,0,0,0,,,,,,,,,,,,,,0,0,0,0,0,0,0,0,0,0,0,0,0,0,0,0,0,0,0,0,0,0,0,0,0,0,0,0,0,0,,,,,,,,,,,,,,0,0,0,0,0,0,0,0,0,0,0,0,0,0,0,0,0,0,0,0,0,0,0,0,0,0,0,0,0,0,,,,,,,,,,,,,
