agency,year,state,population,ORI,offenses_burg_resident_day,offenses_burg_resident_night,offenses_burg_resident_unk,offenses_burg_nonresident_day,offenses_burg_nonresident_night,offenses_burg_nonresident_unk,offenses_burg_total,offenses_motor_vehicle_theft,offenses_murder,offenses_rape,offenses_robbery_bank,offenses_robbery_chain_store,offenses_robbery_gas_station,offenses_robbery_highway,offenses_robbery_house,offenses_robbery_misc,offenses_robbery_residence,offenses_robbery_total,offenses_theft_under_50,offenses_theft_50_to_200,offenses_theft_over_200,offenses_theft_total,offenses_theft_auto_part,offenses_theft_bicycle,offenses_theft_coin_machine,offenses_theft_from_auto,offenses_theft_from_building,offenses_theft_pick_pocket,offenses_theft_purse_snatch,offenses_theft_shoplift,offenses_theft_all_other,auto_stolen_recover_local,auto_stolen_recovered_other,auto_theft_total,auto_stole_oth_recover_local,value_burg_resident_night,value_burg_resident_day,value_burg_resident_unk,value_burg_nonresident_night,value_burg_nonresident_day,value_burg_nonresident_unk,value_burg_total,value_motor_vehicle_theft,value_murder,value_rape,value_robbery_bank,value_robbery_chain_store,value_robbery_gas_station,value_robbery_highway,value_robbery_house,value_robbery_misc,value_robbery_residence,value_robbery_total,value_theft_under_50,value_theft_50_to_200,value_theft_over_200,value_theft_total,value_total_all_values,value_theft_auto_part,value_theft_bicycle,value_theft_coin_machine,value_theft_from_auto,value_theft_from_building,value_theft_pick_pocket,value_theft_purse_snatch,value_theft_shoplift,value_theft_all_other,value_stolen_clothing_or_fur,value_stolen_consumable_good,value_stolen_currency,value_stolen_guns,value_stolen_household_good,value_stolen_jewel_metal,value_stolen_livestock,value_stolen_local_mtr_veh,value_stolen_misc,value_stolen_office_equip,value_stolen_tv_and_radio,value_stolen_total,value_recovered_clothing_or_fur,value_recovered_consumable_good,value_recovered_currency,value_recovered_guns,value_recovered_house_good,value_recovered_jewel_metal,value_recovered_livestock,value_recovered_local_mtv_veh,value_recovered_misc,value_recovered_office_equip,value_recovered_tv_and_radio,value_recovered_total,price,in_2023_dollars
Many Police Department,2023,Louisiana,2489,LA04301,0,0,0,0,0,0,0,0,0,0,0,0,0,0,0,0,0,0,0,0,0,0,0,0,0,0,0,0,0,0,0,0,0,0,0,0,0,0,0,0,0,0,0,0,0,0,0,0,0,0,0,0,0,0,0,0,0,0,0,0,0,0,0,0,0,0,0,0,0,0,0,0,0,0,0,0,0,0,0,0,0,0,0,0,0,0,0,0,0,0,0,1,1
Many Police Department,2023,Louisiana,2489,LA04301,0,0,0,0,0,0,0,0,0,0,0,0,0,0,0,0,0,0,0,0,0,0,0,0,0,0,0,0,0,0,0,0,0,0,0,0,0,0,0,0,0,0,0,0,0,0,0,0,0,0,0,0,0,0,0,0,0,0,0,0,0,0,0,0,0,0,0,0,0,0,0,0,0,0,0,0,0,0,0,0,0,0,0,0,0,0,0,0,0,0,0,1,1
Many Police Department,2022,Louisiana,2456,LA04301,0,0,0,0,0,0,0,0,0,0,0,0,0,0,0,0,0,0,0,0,0,0,0,0,0,0,0,0,0,0,0,0,0,0,0,0,0,0,0,0,0,0,0,0,0,0,0,0,0,0,0,0,0,0,0,0,0,0,0,0,0,0,0,0,0,0,0,0,0,0,0,0,0,0,0,0,0,0,0,0,0,0,0,0,0,0,0,0,0,0,0,1,1.04116338383745
Many Police Department,2022,Louisiana,2456,LA04301,0,0,0,0,0,0,0,0,0,0,0,0,0,0,0,0,0,0,0,0,0,0,0,0,0,0,0,0,0,0,0,0,0,0,0,0,0,0,0,0,0,0,0,0,0,0,0,0,0,0,0,0,0,0,0,0,0,0,0,0,0,0,0,0,0,0,0,0,0,0,0,0,0,0,0,0,0,0,0,0,0,0,0,0,0,0,0,0,0,0,0,1,1.04116338383745
Many Police Department,2021,Louisiana,2650,LA04301,0,0,0,0,0,0,0,0,0,0,0,0,0,0,0,0,0,0,0,0,0,0,0,0,0,0,0,0,0,0,0,0,0,0,0,0,0,0,0,0,0,0,0,0,0,0,0,0,0,0,0,0,0,0,0,0,0,0,0,0,0,0,0,0,0,0,0,0,0,0,0,0,0,0,0,0,0,0,0,0,0,0,0,0,0,0,0,0,0,0,0,1,1.12448560525052
Many Police Department,2021,Louisiana,2650,LA04301,0,0,0,0,0,0,0,0,0,0,0,0,0,0,0,0,0,0,0,0,0,0,0,0,0,0,0,0,0,0,0,0,0,0,0,0,0,0,0,0,0,0,0,0,0,0,0,0,0,0,0,0,0,0,0,0,0,0,0,0,0,0,0,0,0,0,0,0,0,0,0,0,0,0,0,0,0,0,0,0,0,0,0,0,0,0,0,0,0,0,0,1,1.12448560525052
Many Police Department,2020,Louisiana,2673,LA04301,0,0,0,1,0,0,1,0,0,0,0,0,0,0,0,0,0,0,1,0,0,1,0,0,0,0,0,0,0,1,0,20,0,0,0,0,0,0,11773124,0,0,0,0,0,0,0,0,0,0,0,0,0,0,0,0,0,0,0,0,235,1177312,117731,23546,1177312,0,0,0,0,0,0,0,0,0,0,0,0,0,0,0,0,0,0,0,0,0,0,0,0,0,0,0,1,1.17731235192711
Many Police Department,2020,Louisiana,2673,LA04301,0,0,0,1,0,0,1,0,0,0,0,0,0,0,0,0,0,0,1,0,0,1,0,0,0,0,0,0,0,1,0,20,0,0,0,0,0,0,11773124,0,0,0,0,0,0,0,0,0,0,0,0,0,0,0,0,0,0,0,0,235,1177312,117731,23546,1177312,0,0,0,0,0,0,0,0,0,0,0,0,0,0,0,0,0,0,0,0,0,0,0,0,0,0,0,1,1.17731235192711
Many Police Department,2019,Louisiana,2704,LA04301,0,0,0,0,0,0,0,0,0,0,0,0,0,0,0,0,0,0,0,0,0,0,0,0,0,0,0,0,0,0,0,0,0,0,0,0,0,0,0,0,0,0,0,0,0,0,0,0,0,0,0,0,0,0,0,0,0,0,0,0,0,0,0,0,0,0,0,0,0,0,0,0,0,0,0,0,0,0,0,0,0,0,0,0,0,0,0,0,0,0,0,1,1.19183549339627
Many Police Department,2019,Louisiana,2704,LA04301,0,0,0,0,0,0,0,0,0,0,0,0,0,0,0,0,0,0,0,0,0,0,0,0,0,0,0,0,0,0,0,0,0,0,0,0,0,0,0,0,0,0,0,0,0,0,0,0,0,0,0,0,0,0,0,0,0,0,0,0,0,0,0,0,0,0,0,0,0,0,0,0,0,0,0,0,0,0,0,0,0,0,0,0,0,0,0,0,0,0,0,1,1.19183549339627
Many Police Department,2018,Louisiana,2714,LA04301,1,2,7,1,2,4,17,0,0,1,0,0,0,0,0,0,0,0,27,12,22,61,1,1,1,8,14,0,0,28,8,0,0,0,0,340,0,3519,485,0,1456,5800,0,0,0,0,0,0,0,0,0,0,0,430,1611,34038,36079,41879,598,121,61,3582,23736,0,0,2611,5369,366,16133,4753,0,1592,0,0,0,9943,1253,7839,41879,0,15786,0,0,963,0,0,0,517,0,504,17770,1,1.21343405628813
Many Police Department,2018,Louisiana,2714,LA04301,1,2,7,1,2,4,17,0,0,1,0,0,0,0,0,0,0,0,27,12,22,61,1,1,1,8,14,0,0,28,8,0,0,0,0,340,0,3519,485,0,1456,5800,0,0,0,0,0,0,0,0,0,0,0,430,1611,34038,36079,41879,598,121,61,3582,23736,0,0,2611,5369,366,16133,4753,0,1592,0,0,0,9943,1253,7839,41879,0,15786,0,0,963,0,0,0,517,0,504,17770,1,1.21343405628813
Many Police Department,2017,Louisiana,2780,LA04301,5,3,8,0,0,0,16,5,0,1,0,0,0,0,0,0,0,0,43,52,40,135,2,4,2,29,28,0,0,57,13,4,1,5,0,471,2331,9670,0,0,0,12472,62154,0,0,0,0,0,0,0,0,0,0,889,7243,48282,56414,131040,559,472,1044,8719,33580,0,0,8524,3515,2587,2146,10622,3579,915,16719,0,62154,18985,0,13333,131040,219,1855,68,0,236,0,0,62154,2761,0,943,68236,1,1.24307319386626
Many Police Department,2017,Louisiana,2780,LA04301,5,3,8,0,0,0,16,5,0,1,0,0,0,0,0,0,0,0,43,52,40,135,2,4,2,29,28,0,0,57,13,4,1,5,0,471,2331,9670,0,0,0,12472,62154,0,0,0,0,0,0,0,0,0,0,889,7243,48282,56414,131040,559,472,1044,8719,33580,0,0,8524,3515,2587,2146,10622,3579,915,16719,0,62154,18985,0,13333,131040,219,1855,68,0,236,0,0,62154,2761,0,943,68236,1,1.24307319386626
Many Police Department,2016,Louisiana,2778,LA04301,9,3,2,0,0,0,14,0,0,0,0,0,0,0,0,0,1,1,51,39,53,143,2,6,1,11,30,0,0,79,14,0,0,0,0,480,15678,8252,0,0,0,24410,0,0,0,0,0,0,0,0,0,25,25,1284,5671,47132,54087,78522,692,1981,301,5954,25353,0,0,9852,9955,1063,4469,11137,2356,1605,5921,1270,0,21938,0,28764,78522,132,2571,518,0,190,18,1270,0,8211,0,6043,18953,1,1.26955202032162
Many Police Department,2016,Louisiana,2778,LA04301,9,3,2,0,0,0,14,0,0,0,0,0,0,0,0,0,1,1,51,39,53,143,2,6,1,11,30,0,0,79,14,0,0,0,0,480,15678,8252,0,0,0,24410,0,0,0,0,0,0,0,0,0,25,25,1284,5671,47132,54087,78522,692,1981,301,5954,25353,0,0,9852,9955,1063,4469,11137,2356,1605,5921,1270,0,21938,0,28764,78522,132,2571,518,0,190,18,1270,0,8211,0,6043,18953,1,1.26955202032162
Many Police Department,2015,Louisiana,2784,LA04301,6,0,1,0,8,0,15,6,0,0,0,0,0,1,0,0,0,1,65,58,66,189,1,8,0,28,50,0,4,85,13,2,1,3,0,0,1468,1157,1906,0,0,4532,40495,0,0,0,0,0,4499,0,0,0,4499,1867,7266,57514,66646,116173,450,1084,0,9467,23438,0,947,16534,14726,1198,7438,27116,8228,675,27,0,40495,11751,0,19244,116173,504,5536,161,771,32,27,0,32139,1090,0,3197,43457,1,1.28556847539769
Many Police Department,2015,Louisiana,2784,LA04301,6,0,1,0,8,0,15,6,0,0,0,0,0,1,0,0,0,1,65,58,66,189,1,8,0,28,50,0,4,85,13,2,1,3,0,0,1468,1157,1906,0,0,4532,40495,0,0,0,0,0,4499,0,0,0,4499,1867,7266,57514,66646,116173,450,1084,0,9467,23438,0,947,16534,14726,1198,7438,27116,8228,675,27,0,40495,11751,0,19244,116173,504,5536,161,771,32,27,0,32139,1090,0,3197,43457,1,1.28556847539769
Many Police Department,2014,Louisiana,2806,LA04301,7,2,3,2,2,0,16,3,0,0,0,1,0,0,0,0,0,1,51,35,60,146,4,0,3,16,43,0,0,61,19,0,0,0,0,399,2516,2355,45,0,0,5316,11970,0,0,0,206,0,0,0,0,0,206,1140,4339,82167,87646,105138,991,0,1351,14574,50113,0,0,10038,10579,1109,1820,7410,1384,301,673,0,11970,21090,0,59380,105138,633,904,2197,772,0,158,0,4505,3391,0,5338,17898,1,1.28709350845562
Many Police Department,2014,Louisiana,2806,LA04301,7,2,3,2,2,0,16,3,0,0,0,1,0,0,0,0,0,1,51,35,60,146,4,0,3,16,43,0,0,61,19,0,0,0,0,399,2516,2355,45,0,0,5316,11970,0,0,0,206,0,0,0,0,0,206,1140,4339,82167,87646,105138,991,0,1351,14574,50113,0,0,10038,10579,1109,1820,7410,1384,301,673,0,11970,21090,0,59380,105138,633,904,2197,772,0,158,0,4505,3391,0,5338,17898,1,1.28709350845562
Many Police Department,2013,Louisiana,2814,LA04301,6,1,4,0,1,3,15,1,3,0,0,0,0,1,1,0,3,5,47,61,75,183,4,3,1,25,52,0,0,76,22,1,0,1,0,1177,896,5245,118,0,1766,9202,6540,0,0,0,0,0,285,0,0,3872,4157,1407,7759,65183,74349,94247,3106,288,52,7471,27896,0,0,15141,20394,3386,4998,12785,3721,2269,3335,0,6540,31922,719,24453,94130,1522,2982,4434,909,1278,2158,0,6540,6535,719,8684,35761,1,1.30797303509051
Many Police Department,2013,Louisiana,2814,LA04301,6,1,4,0,1,3,15,1,3,0,0,0,0,1,1,0,3,5,47,61,75,183,4,3,1,25,52,0,0,76,22,1,0,1,0,1177,896,5245,118,0,1766,9202,6540,0,0,0,0,0,285,0,0,3872,4157,1407,7759,65183,74349,94247,3106,288,52,7471,27896,0,0,15141,20394,3386,4998,12785,3721,2269,3335,0,6540,31922,719,24453,94130,1522,2982,4434,909,1278,2158,0,6540,6535,719,8684,35761,1,1.30797303509051
Many Police Department,2012,Louisiana,2901,LA04301,5,7,8,0,9,1,30,1,0,1,0,0,1,0,0,0,2,3,44,51,63,158,0,1,3,30,63,0,1,43,17,0,0,0,0,14763,4021,3112,6131,0,664,28691,66357,0,0,0,0,45,0,0,0,398,443,1293,6008,64829,72130,167621,0,53,2170,10491,40742,0,130,10168,8296,1729,5758,34711,3869,1481,13907,0,66357,13263,0,26545,167621,1194,1277,3900,0,32,3052,0,66357,5062,0,3928,84802,1,1.32713265123532
Many Police Department,2012,Louisiana,2901,LA04301,5,7,8,0,9,1,30,1,0,1,0,0,1,0,0,0,2,3,44,51,63,158,0,1,3,30,63,0,1,43,17,0,0,0,0,14763,4021,3112,6131,0,664,28691,66357,0,0,0,0,45,0,0,0,398,443,1293,6008,64829,72130,167621,0,53,2170,10491,40742,0,130,10168,8296,1729,5758,34711,3869,1481,13907,0,66357,13263,0,26545,167621,1194,1277,3900,0,32,3052,0,66357,5062,0,3928,84802,1,1.32713265123532
Many Police Department,2011,Louisiana,2879,LA04301,14,0,1,0,1,0,16,1,0,0,0,0,0,0,0,0,0,0,31,25,33,89,1,0,0,13,43,0,0,20,12,1,0,1,0,0,6780,0,1084,0,0,7863,10837,0,0,0,0,0,0,0,0,0,0,814,3466,40520,44801,63501,163,0,0,4080,22715,0,0,3682,14161,379,749,20360,1490,0,2723,0,10837,16066,0,10898,63501,332,390,2818,0,0,853,0,8128,1314,0,786,14620,1,1.35459550174677
Many Police Department,2011,Louisiana,2879,LA04301,14,0,1,0,1,0,16,1,0,0,0,0,0,0,0,0,0,0,31,25,33,89,1,0,0,13,43,0,0,20,12,1,0,1,0,0,6780,0,1084,0,0,7863,10837,0,0,0,0,0,0,0,0,0,0,814,3466,40520,44801,63501,163,0,0,4080,22715,0,0,3682,14161,379,749,20360,1490,0,2723,0,10837,16066,0,10898,63501,332,390,2818,0,0,853,0,8128,1314,0,786,14620,1,1.35459550174677
Many Police Department,2010,Louisiana,2853,LA04301,6,5,2,0,6,1,20,2,0,0,0,0,0,2,0,0,1,3,51,36,27,114,3,2,0,19,36,0,0,30,24,0,1,1,0,1432,6686,559,4919,0,4891,18487,50305,0,0,0,0,0,14,0,0,559,573,1492,4819,29758,36070,105435,1118,126,0,6485,12905,0,0,10322,5114,1188,1636,16123,3214,1065,272,0,50305,9456,0,22162,105435,922,141,1118,0,317,56,0,50305,739,0,3203,56801,1,1.3973579356326
Many Police Department,2010,Louisiana,2853,LA04301,6,5,2,0,6,1,20,2,0,0,0,0,0,2,0,0,1,3,51,36,27,114,3,2,0,19,36,0,0,30,24,0,1,1,0,1432,6686,559,4919,0,4891,18487,50305,0,0,0,0,0,14,0,0,559,573,1492,4819,29758,36070,105435,1118,126,0,6485,12905,0,0,10322,5114,1188,1636,16123,3214,1065,272,0,50305,9456,0,22162,105435,922,141,1118,0,317,56,0,50305,739,0,3203,56801,1,1.3973579356326
Many Police Department,2009,Louisiana,2739,LA04301,2,2,8,0,12,1,25,2,0,0,0,0,0,1,0,0,0,1,44,37,32,113,2,4,0,15,33,0,0,39,20,0,1,1,0,767,2890,3693,9512,0,0,16862,15623,0,0,0,0,0,143,0,0,0,143,1308,4640,24936,30884,63512,710,483,0,5143,14302,0,0,5100,5146,1785,1799,13237,1342,4738,6094,0,15623,10538,710,7644,63512,1527,1169,1534,312,818,129,0,2414,2152,710,2287,13052,1,1.42027521282265
Many Police Department,2009,Louisiana,2739,LA04301,2,2,8,0,12,1,25,2,0,0,0,0,0,1,0,0,0,1,44,37,32,113,2,4,0,15,33,0,0,39,20,0,1,1,0,767,2890,3693,9512,0,0,16862,15623,0,0,0,0,0,143,0,0,0,143,1308,4640,24936,30884,63512,710,483,0,5143,14302,0,0,5100,5146,1785,1799,13237,1342,4738,6094,0,15623,10538,710,7644,63512,1527,1169,1534,312,818,129,0,2414,2152,710,2287,13052,1,1.42027521282265
Many Police Department,2008,Louisiana,2741,LA04301,0,2,0,0,3,0,5,2,0,0,0,0,0,0,0,0,0,0,12,5,9,26,0,0,0,0,7,0,0,11,8,1,0,1,0,50,0,0,509,0,0,559,15851,0,0,0,0,0,0,0,0,0,0,354,828,14895,16077,32487,0,0,0,0,11676,0,0,1427,2988,0,316,12754,972,705,0,123,7925,10197,177,106,33275,0,24,785,972,0,0,54,7925,8350,0,106,18217,1,1.41522547733228
Many Police Department,2008,Louisiana,2741,LA04301,0,2,0,0,3,0,5,2,0,0,0,0,0,0,0,0,0,0,12,5,9,26,0,0,0,0,7,0,0,11,8,1,0,1,0,50,0,0,509,0,0,559,15851,0,0,0,0,0,0,0,0,0,0,354,828,14895,16077,32487,0,0,0,0,11676,0,0,1427,2988,0,316,12754,972,705,0,123,7925,10197,177,106,33275,0,24,785,972,0,0,54,7925,8350,0,106,18217,1,1.41522547733228
Many Police Department,2007,Louisiana,2777,LA04301,0,0,0,0,0,0,0,0,0,0,0,0,0,0,0,0,0,0,0,0,0,0,0,0,0,0,0,0,0,0,0,0,0,0,0,0,0,0,0,0,0,0,0,0,0,0,0,0,0,0,0,0,0,0,0,0,0,0,0,0,0,0,0,0,0,0,0,0,0,0,0,0,0,0,0,0,0,0,0,0,0,0,0,0,0,0,0,0,0,0,0,1,1.46955740283082
Many Police Department,2007,Louisiana,2777,LA04301,0,0,0,0,0,0,0,0,0,0,0,0,0,0,0,0,0,0,0,0,0,0,0,0,0,0,0,0,0,0,0,0,0,0,0,0,0,0,0,0,0,0,0,0,0,0,0,0,0,0,0,0,0,0,0,0,0,0,0,0,0,0,0,0,0,0,0,0,0,0,0,0,0,0,0,0,0,0,0,0,0,0,0,0,0,0,0,0,0,0,0,1,1.46955740283082
Many Police Department,2006,Louisiana,2663,LA04301,0,0,0,0,0,0,0,2,0,0,0,0,0,0,0,0,0,0,6,1,1,8,0,0,0,0,1,0,0,6,1,0,2,2,0,0,0,0,0,0,0,0,16626,0,0,0,0,0,0,0,0,0,0,65,113,4383,4562,21188,0,0,0,0,4383,0,0,65,113,0,42,113,0,14,0,9,16626,0,4383,0,21188,0,8,113,0,32,0,0,16626,0,4383,0,21162,1,1.51147906246125
Many Police Department,2006,Louisiana,2663,LA04301,0,0,0,0,0,0,0,2,0,0,0,0,0,0,0,0,0,0,6,1,1,8,0,0,0,0,1,0,0,6,1,0,2,2,0,0,0,0,0,0,0,0,16626,0,0,0,0,0,0,0,0,0,0,65,113,4383,4562,21188,0,0,0,0,4383,0,0,65,113,0,42,113,0,14,0,9,16626,0,4383,0,21188,0,8,113,0,32,0,0,16626,0,4383,0,21162,1,1.51147906246125
Many Police Department,2005,Louisiana,2809,LA04301,0,0,0,0,3,0,3,0,0,0,0,0,0,1,2,0,0,3,5,2,6,13,0,0,0,1,6,0,0,4,2,0,0,0,0,0,0,0,754,0,0,754,0,0,0,0,0,0,99855,11062,0,0,110917,156,452,50202,50811,162482,0,0,0,335,47470,0,0,117,2888,0,101,154567,429,0,6241,55,0,754,0,335,162482,0,101,40239,429,0,0,23,0,0,0,0,40792,1,1.56023853211009
Many Police Department,2005,Louisiana,2809,LA04301,0,0,0,0,3,0,3,0,0,0,0,0,0,1,2,0,0,3,5,2,6,13,0,0,0,1,6,0,0,4,2,0,0,0,0,0,0,0,754,0,0,754,0,0,0,0,0,0,99855,11062,0,0,110917,156,452,50202,50811,162482,0,0,0,335,47470,0,0,117,2888,0,101,154567,429,0,6241,55,0,754,0,335,162482,0,101,40239,429,0,0,23,0,0,0,0,40792,1,1.56023853211009
Many Police Department,2004,Louisiana,2820,LA04301,0,0,0,0,2,0,2,1,0,1,0,0,0,0,0,0,0,0,34,7,11,52,0,0,0,0,2,0,0,38,12,1,0,1,0,0,0,0,419,0,0,419,807,0,0,0,0,0,0,0,0,0,0,721,1166,11939,13827,15053,0,0,0,0,1458,0,0,2421,9947,0,1584,9973,0,1049,0,126,807,1413,0,89,15053,0,1078,9111,0,1049,0,126,807,994,0,0,13163,1,1.61317347569046
Many Police Department,2004,Louisiana,2820,LA04301,0,0,0,0,2,0,2,1,0,1,0,0,0,0,0,0,0,0,34,7,11,52,0,0,0,0,2,0,0,38,12,1,0,1,0,0,0,0,419,0,0,419,807,0,0,0,0,0,0,0,0,0,0,721,1166,11939,13827,15053,0,0,0,0,1458,0,0,2421,9947,0,1584,9973,0,1049,0,126,807,1413,0,89,15053,0,1078,9111,0,1049,0,126,807,994,0,0,13163,1,1.61317347569046
Many Police Department,2003,Louisiana,2851,LA04301,0,3,0,0,0,0,3,0,1,0,0,0,0,0,0,0,0,0,30,9,13,52,0,1,0,2,7,0,0,32,10,0,0,0,0,124,0,0,0,0,0,124,0,0,0,0,0,0,0,0,0,0,0,846,1742,23641,26230,26354,0,83,0,999,1497,0,0,2261,21390,0,321,22298,0,646,0,5,0,1506,0,1579,26354,0,305,7609,0,608,0,5,0,512,0,442,9481,1,1.65636194790487
Many Police Department,2003,Louisiana,2851,LA04301,0,3,0,0,0,0,3,0,1,0,0,0,0,0,0,0,0,0,30,9,13,52,0,1,0,2,7,0,0,32,10,0,0,0,0,124,0,0,0,0,0,124,0,0,0,0,0,0,0,0,0,0,0,846,1742,23641,26230,26354,0,83,0,999,1497,0,0,2261,21390,0,321,22298,0,646,0,5,0,1506,0,1579,26354,0,305,7609,0,608,0,5,0,512,0,442,9481,1,1.65636194790487
Many Police Department,2002,Louisiana,2898,LA04301,0,1,0,0,1,0,2,2,0,0,0,0,0,0,0,0,0,0,30,5,11,46,0,0,0,2,3,0,1,27,13,0,2,2,0,212,0,0,12705,0,0,12916,16940,0,0,0,0,0,0,0,0,0,0,776,584,15330,16691,46547,0,0,0,296,1177,0,954,845,13418,0,446,13645,212,391,0,0,16940,14609,0,296,46547,0,429,9024,212,391,0,0,16940,10975,0,0,37970,1,1.69396293722493
Many Police Department,2002,Louisiana,2898,LA04301,0,1,0,0,1,0,2,2,0,0,0,0,0,0,0,0,0,0,30,5,11,46,0,0,0,2,3,0,1,27,13,0,2,2,0,212,0,0,12705,0,0,12916,16940,0,0,0,0,0,0,0,0,0,0,776,584,15330,16691,46547,0,0,0,296,1177,0,954,845,13418,0,446,13645,212,391,0,0,16940,14609,0,296,46547,0,429,9024,212,391,0,0,16940,10975,0,0,37970,1,1.69396293722493
Many Police Department,2001,Louisiana,2887,LA04301,0,1,0,0,0,0,1,3,0,1,0,0,0,0,0,0,0,0,26,25,13,64,1,4,0,0,13,0,3,24,19,1,1,2,0,0,0,0,0,0,0,0,18499,0,0,0,0,0,0,0,0,0,0,630,4170,17699,22498,40997,120,533,0,0,4989,0,824,1020,15011,0,435,16532,258,473,533,0,18499,4016,0,250,40997,0,365,8895,0,473,0,0,18499,1050,0,250,29531,1,1.7208297251506
Many Police Department,2001,Louisiana,2887,LA04301,0,1,0,0,0,0,1,3,0,1,0,0,0,0,0,0,0,0,26,25,13,64,1,4,0,0,13,0,3,24,19,1,1,2,0,0,0,0,0,0,0,0,18499,0,0,0,0,0,0,0,0,0,0,630,4170,17699,22498,40997,120,533,0,0,4989,0,824,1020,15011,0,435,16532,258,473,533,0,18499,4016,0,250,40997,0,365,8895,0,473,0,0,18499,1050,0,250,29531,1,1.7208297251506
Many Police Department,2000,Louisiana,2889,LA04301,0,4,0,0,1,0,5,6,0,0,0,0,0,1,0,0,1,2,40,18,15,73,3,4,0,3,14,1,6,32,10,5,0,5,0,1239,0,0,8835,0,0,10074,124747,0,0,0,0,0,0,0,0,354,354,989,3150,17615,21754,156928,575,814,0,587,9141,740,1258,563,8076,0,393,10840,425,345,628,0,124747,9228,0,10323,156928,0,340,7839,0,209,9,0,124747,3008,0,641,136792,1,1.76946331784747
Many Police Department,2000,Louisiana,2889,LA04301,0,4,0,0,1,0,5,6,0,0,0,0,0,1,0,0,1,2,40,18,15,73,3,4,0,3,14,1,6,32,10,5,0,5,0,1239,0,0,8835,0,0,10074,124747,0,0,0,0,0,0,0,0,354,354,989,3150,17615,21754,156928,575,814,0,587,9141,740,1258,563,8076,0,393,10840,425,345,628,0,124747,9228,0,10323,156928,0,340,7839,0,209,9,0,124747,3008,0,641,136792,1,1.76946331784747
Many Police Department,1999,Louisiana,3038,LA04301,6,2,0,0,1,0,9,4,1,0,0,1,0,0,0,0,0,1,42,20,20,82,2,4,0,6,18,0,7,39,6,2,1,3,0,384,1659,0,3658,0,0,5702,52498,0,0,0,353,0,0,0,0,0,353,882,3649,20196,24727,83281,1189,750,0,796,9951,0,8149,1065,2828,0,276,10123,823,1233,1829,0,52498,12336,503,3658,83281,0,271,3861,0,763,0,0,25060,5071,137,1738,36901,1,1.82921556856271
Many Police Department,1999,Louisiana,3038,LA04301,6,2,0,0,1,0,9,4,1,0,0,1,0,0,0,0,0,1,42,20,20,82,2,4,0,6,18,0,7,39,6,2,1,3,0,384,1659,0,3658,0,0,5702,52498,0,0,0,353,0,0,0,0,0,353,882,3649,20196,24727,83281,1189,750,0,796,9951,0,8149,1065,2828,0,276,10123,823,1233,1829,0,52498,12336,503,3658,83281,0,271,3861,0,763,0,0,25060,5071,137,1738,36901,1,1.82921556856271
Many Police Department,1998,Louisiana,3160,LA04301,0,3,0,0,2,0,5,7,0,0,0,0,0,0,0,0,1,1,43,22,27,92,8,9,0,9,24,0,3,32,7,2,3,5,1,4757,0,0,572,0,0,5329,154399,0,0,0,0,0,0,0,0,187,187,1129,4486,49438,55053,214968,5991,1636,0,2277,39172,0,1991,512,3475,19,226,12281,150,7157,15234,0,103930,70035,1869,4067,214968,19,211,6303,0,176,4019,0,44114,19504,1869,636,76850,1,1.86923930269414
Many Police Department,1998,Louisiana,3160,LA04301,0,3,0,0,2,0,5,7,0,0,0,0,0,0,0,0,1,1,43,22,27,92,8,9,0,9,24,0,3,32,7,2,3,5,1,4757,0,0,572,0,0,5329,154399,0,0,0,0,0,0,0,0,187,187,1129,4486,49438,55053,214968,5991,1636,0,2277,39172,0,1991,512,3475,19,226,12281,150,7157,15234,0,103930,70035,1869,4067,214968,19,211,6303,0,176,4019,0,44114,19504,1869,636,76850,1,1.86923930269414
Many Police Department,1997,Louisiana,3331,LA04301,1,8,0,1,6,0,16,10,0,0,0,0,0,0,0,0,0,0,44,24,22,90,0,3,1,5,34,0,6,30,11,5,3,8,0,23624,2278,0,26131,47,0,52081,160592,0,0,0,0,0,0,0,0,0,0,1596,3907,57005,62508,275181,0,425,3797,6188,23269,0,10463,955,17601,47,308,46959,85,4292,4034,0,150152,64114,0,5133,275124,47,306,26173,0,3969,57,0,100797,56898,0,0,188248,1,1.89825511369536
Many Police Department,1997,Louisiana,3331,LA04301,1,8,0,1,6,0,16,10,0,0,0,0,0,0,0,0,0,0,44,24,22,90,0,3,1,5,34,0,6,30,11,5,3,8,0,23624,2278,0,26131,47,0,52081,160592,0,0,0,0,0,0,0,0,0,0,1596,3907,57005,62508,275181,0,425,3797,6188,23269,0,10463,955,17601,47,308,46959,85,4292,4034,0,150152,64114,0,5133,275124,47,306,26173,0,3969,57,0,100797,56898,0,0,188248,1,1.89825511369536
Many Police Department,1996,Louisiana,3331,LA04301,0,5,0,0,4,0,9,3,0,0,0,0,0,0,0,0,0,0,45,21,28,94,6,3,0,6,30,0,12,25,12,1,4,5,0,2201,0,0,1164,0,0,3365,42738,0,0,0,0,0,0,0,0,0,0,1408,4773,40238,46419,92522,3786,291,0,2949,18352,0,6922,820,13299,340,1035,22519,1762,1507,3400,0,42738,14265,583,4373,92522,340,1035,14102,97,375,0,0,91304,2869,0,2389,112511,1,1.94263043247264
Many Police Department,1996,Louisiana,3331,LA04301,0,5,0,0,4,0,9,3,0,0,0,0,0,0,0,0,0,0,45,21,28,94,6,3,0,6,30,0,12,25,12,1,4,5,0,2201,0,0,1164,0,0,3365,42738,0,0,0,0,0,0,0,0,0,0,1408,4773,40238,46419,92522,3786,291,0,2949,18352,0,6922,820,13299,340,1035,22519,1762,1507,3400,0,42738,14265,583,4373,92522,340,1035,14102,97,375,0,0,91304,2869,0,2389,112511,1,1.94263043247264
Many Police Department,1995,Louisiana,3325,LA04301,4,10,2,0,4,1,21,0,0,0,0,0,0,0,0,1,0,1,76,36,36,148,9,6,2,14,35,0,4,62,16,0,0,0,0,3969,3199,500,420,0,0,8088,0,0,0,0,0,0,0,0,0,0,0,2361,7262,47644,57268,65356,5237,1220,154,8526,29092,0,2775,2733,7530,0,830,14713,1770,10526,11825,0,0,14827,530,10334,65356,146,734,6941,120,8602,8026,0,0,6747,0,4199,35514,1,1.99957289729848
Many Police Department,1995,Louisiana,3325,LA04301,4,10,2,0,4,1,21,0,0,0,0,0,0,0,0,1,0,1,76,36,36,148,9,6,2,14,35,0,4,62,16,0,0,0,0,3969,3199,500,420,0,0,8088,0,0,0,0,0,0,0,0,0,0,0,2361,7262,47644,57268,65356,5237,1220,154,8526,29092,0,2775,2733,7530,0,830,14713,1770,10526,11825,0,0,14827,530,10334,65356,146,734,6941,120,8602,8026,0,0,6747,0,4199,35514,1,1.99957289729848
Many Police Department,1994,Louisiana,3260,LA04301,7,11,1,2,2,2,25,2,0,0,1,2,0,0,0,0,0,3,72,54,34,160,8,21,2,13,49,1,0,62,6,2,2,4,0,19985,24656,206,452,1367,6825,53491,41319,0,0,2796,1079,0,0,0,0,0,3875,3034,11351,55505,69891,168575,4738,2469,719,6231,47354,72,0,4895,3289,44355,1597,41432,2235,18187,4808,1011,1038,25636,18707,9567,168575,57713,615,4132,802,6695,255,4,0,24020,10827,1941,107004,1,2.05566930904593
Many Police Department,1994,Louisiana,3260,LA04301,7,11,1,2,2,2,25,2,0,0,1,2,0,0,0,0,0,3,72,54,34,160,8,21,2,13,49,1,0,62,6,2,2,4,0,19985,24656,206,452,1367,6825,53491,41319,0,0,2796,1079,0,0,0,0,0,3875,3034,11351,55505,69891,168575,4738,2469,719,6231,47354,72,0,4895,3289,44355,1597,41432,2235,18187,4808,1011,1038,25636,18707,9567,168575,57713,615,4132,802,6695,255,4,0,24020,10827,1941,107004,1,2.05566930904593
Many Police Department,1993,Louisiana,3245,LA04301,3,3,2,0,0,0,8,1,1,0,0,0,0,1,0,0,0,1,23,23,10,56,2,7,0,5,12,1,0,19,10,0,0,0,0,1371,1128,616,0,0,0,3115,21093,422,0,0,0,0,14765,0,0,0,14765,728,5368,8899,14995,54390,390,1034,0,1624,3312,1687,0,1173,5775,1057,127,19483,2594,911,2653,0,21093,6366,105,0,54390,909,97,0,422,127,17,0,0,1495,0,0,3067,1,2.10926968560715
Many Police Department,1993,Louisiana,3245,LA04301,3,3,2,0,0,0,8,1,1,0,0,0,0,1,0,0,0,1,23,23,10,56,2,7,0,5,12,1,0,19,10,0,0,0,0,1371,1128,616,0,0,0,3115,21093,422,0,0,0,0,14765,0,0,0,14765,728,5368,8899,14995,54390,390,1034,0,1624,3312,1687,0,1173,5775,1057,127,19483,2594,911,2653,0,21093,6366,105,0,54390,909,97,0,422,127,17,0,0,1495,0,0,3067,1,2.10926968560715
Many Police Department,1992,Louisiana,3160,LA04301,0,0,0,0,0,0,0,0,0,0,0,0,0,0,0,0,0,0,0,0,0,0,0,0,0,0,0,0,0,0,0,0,0,0,0,0,0,0,0,0,0,0,0,0,0,0,0,0,0,0,0,0,0,0,0,0,0,0,0,0,0,0,0,0,0,0,0,0,0,0,0,0,0,0,0,0,0,0,0,0,0,0,0,0,0,0,0,0,0,0,0,1,2.17152809122224
Many Police Department,1992,Louisiana,3160,LA04301,0,0,0,0,0,0,0,0,0,0,0,0,0,0,0,0,0,0,0,0,0,0,0,0,0,0,0,0,0,0,0,0,0,0,0,0,0,0,0,0,0,0,0,0,0,0,0,0,0,0,0,0,0,0,0,0,0,0,0,0,0,0,0,0,0,0,0,0,0,0,0,0,0,0,0,0,0,0,0,0,0,0,0,0,0,0,0,0,0,0,0,1,2.17152809122224
Many Police Department,1991,Louisiana,3135,LA04301,0,0,0,0,0,0,0,0,0,0,0,0,0,0,0,0,0,0,0,0,0,0,0,0,0,0,0,0,0,0,0,0,0,0,0,0,0,0,0,0,0,0,0,0,0,0,0,0,0,0,0,0,0,0,0,0,0,0,0,0,0,0,0,0,0,0,0,0,0,0,0,0,0,0,0,0,0,0,0,0,0,0,0,0,0,0,0,0,0,0,0,1,2.23729976136572
Many Police Department,1991,Louisiana,3135,LA04301,0,0,0,0,0,0,0,0,0,0,0,0,0,0,0,0,0,0,0,0,0,0,0,0,0,0,0,0,0,0,0,0,0,0,0,0,0,0,0,0,0,0,0,0,0,0,0,0,0,0,0,0,0,0,0,0,0,0,0,0,0,0,0,0,0,0,0,0,0,0,0,0,0,0,0,0,0,0,0,0,0,0,0,0,0,0,0,0,0,0,0,1,2.23729976136572
Many Police Department,1990,Louisiana,3112,LA04301,0,0,0,0,0,0,0,0,0,0,0,0,0,0,0,0,0,0,0,0,0,0,0,0,0,0,0,0,0,0,0,0,0,0,0,0,0,0,0,0,0,0,0,0,0,0,0,0,0,0,0,0,0,0,0,0,0,0,0,0,0,0,0,0,0,0,0,0,0,0,0,0,0,0,0,0,0,0,0,0,0,0,0,0,0,0,0,0,0,0,0,1,2.33204860003827
Many Police Department,1990,Louisiana,3112,LA04301,0,0,0,0,0,0,0,0,0,0,0,0,0,0,0,0,0,0,0,0,0,0,0,0,0,0,0,0,0,0,0,0,0,0,0,0,0,0,0,0,0,0,0,0,0,0,0,0,0,0,0,0,0,0,0,0,0,0,0,0,0,0,0,0,0,0,0,0,0,0,0,0,0,0,0,0,0,0,0,0,0,0,0,0,0,0,0,0,0,0,0,1,2.33204860003827
Many Police Department,1989,Louisiana,4165,LA04301,0,0,0,0,0,0,0,0,0,0,0,0,0,0,0,0,0,0,0,0,0,0,0,0,0,0,0,0,0,0,0,0,0,0,0,0,0,0,0,0,0,0,0,0,0,0,0,0,0,0,0,0,0,0,0,0,0,0,0,0,0,0,0,0,0,0,0,0,0,0,0,0,0,0,0,0,0,0,0,0,0,0,0,0,0,0,0,0,0,0,0,1,2.45793156762571
Many Police Department,1989,Louisiana,4165,LA04301,0,0,0,0,0,0,0,0,0,0,0,0,0,0,0,0,0,0,0,0,0,0,0,0,0,0,0,0,0,0,0,0,0,0,0,0,0,0,0,0,0,0,0,0,0,0,0,0,0,0,0,0,0,0,0,0,0,0,0,0,0,0,0,0,0,0,0,0,0,0,0,0,0,0,0,0,0,0,0,0,0,0,0,0,0,0,0,0,0,0,0,1,2.45793156762571
Many Police Department,1988,Louisiana,4151,LA04301,0,0,0,0,0,0,0,0,0,0,0,0,0,0,0,0,0,0,0,0,0,0,0,0,0,0,0,0,0,0,0,0,0,0,0,0,0,0,0,0,0,0,0,0,0,0,0,0,0,0,0,0,0,0,0,0,0,0,0,0,0,0,0,0,0,0,0,0,0,0,0,0,0,0,0,0,0,0,0,0,0,0,0,0,0,0,0,0,0,0,0,1,2.57657599887252
Many Police Department,1988,Louisiana,4151,LA04301,0,0,0,0,0,0,0,0,0,0,0,0,0,0,0,0,0,0,0,0,0,0,0,0,0,0,0,0,0,0,0,0,0,0,0,0,0,0,0,0,0,0,0,0,0,0,0,0,0,0,0,0,0,0,0,0,0,0,0,0,0,0,0,0,0,0,0,0,0,0,0,0,0,0,0,0,0,0,0,0,0,0,0,0,0,0,0,0,0,0,0,1,2.57657599887252
Many Police Department,1987,Louisiana,4152,LA04301,0,0,0,0,0,0,0,0,0,0,0,0,0,0,0,0,0,0,0,0,0,0,0,0,0,0,0,0,0,0,0,0,0,0,0,0,0,0,0,0,0,0,0,0,0,0,0,0,0,0,0,0,0,0,0,0,0,0,0,0,0,0,0,0,0,0,0,0,0,0,0,0,0,0,0,0,0,0,0,0,0,0,0,0,0,0,0,0,0,0,0,1,2.68164209754309
Many Police Department,1987,Louisiana,4152,LA04301,0,0,0,0,0,0,0,0,0,0,0,0,0,0,0,0,0,0,0,0,0,0,0,0,0,0,0,0,0,0,0,0,0,0,0,0,0,0,0,0,0,0,0,0,0,0,0,0,0,0,0,0,0,0,0,0,0,0,0,0,0,0,0,0,0,0,0,0,0,0,0,0,0,0,0,0,0,0,0,0,0,0,0,0,0,0,0,0,0,0,0,1,2.68164209754309
Many Police Department,1986,Louisiana,4084,LA04301,0,0,0,0,0,0,0,0,0,0,0,0,0,0,0,0,0,0,0,0,0,0,0,0,0,0,0,0,0,0,0,0,0,0,0,0,0,0,0,0,0,0,0,0,0,0,0,0,0,0,0,0,0,0,0,0,0,0,0,0,0,0,0,0,0,0,0,0,0,0,0,0,0,0,0,0,0,0,0,0,0,0,0,0,0,0,0,0,0,0,0,1,2.7799125674751
Many Police Department,1986,Louisiana,4084,LA04301,0,0,0,0,0,0,0,0,0,0,0,0,0,0,0,0,0,0,0,0,0,0,0,0,0,0,0,0,0,0,0,0,0,0,0,0,0,0,0,0,0,0,0,0,0,0,0,0,0,0,0,0,0,0,0,0,0,0,0,0,0,0,0,0,0,0,0,0,0,0,0,0,0,0,0,0,0,0,0,0,0,0,0,0,0,0,0,0,0,0,0,1,2.7799125674751
Many Police Department,1985,Louisiana,4084,LA04301,0,0,0,0,0,0,0,0,0,0,0,0,0,0,0,0,0,0,0,0,0,0,0,0,0,0,0,0,0,0,0,0,0,0,0,0,0,0,0,0,0,0,0,0,0,0,0,0,0,0,0,0,0,0,0,0,0,0,0,0,0,0,0,0,0,0,0,0,0,0,0,0,0,0,0,0,0,0,0,0,0,0,0,0,0,0,0,0,0,0,0,1,2.83267663464518
Many Police Department,1985,Louisiana,4084,LA04301,0,0,0,0,0,0,0,0,0,0,0,0,0,0,0,0,0,0,0,0,0,0,0,0,0,0,0,0,0,0,0,0,0,0,0,0,0,0,0,0,0,0,0,0,0,0,0,0,0,0,0,0,0,0,0,0,0,0,0,0,0,0,0,0,0,0,0,0,0,0,0,0,0,0,0,0,0,0,0,0,0,0,0,0,0,0,0,0,0,0,0,1,2.83267663464518
Many Police Department,1984,Louisiana,4068,LA04301,0,0,0,0,0,0,0,0,0,0,0,0,0,0,0,0,0,0,0,0,0,0,0,0,0,0,0,0,0,0,0,0,0,0,0,0,0,0,0,0,0,0,0,0,0,0,0,0,0,0,0,0,0,0,0,0,0,0,0,0,0,0,0,0,0,0,0,0,0,0,0,0,0,0,0,0,0,0,0,0,0,0,0,0,0,0,0,0,0,0,0,1,2.9331132680892
Many Police Department,1984,Louisiana,4068,LA04301,0,0,0,0,0,0,0,0,0,0,0,0,0,0,0,0,0,0,0,0,0,0,0,0,0,0,0,0,0,0,0,0,0,0,0,0,0,0,0,0,0,0,0,0,0,0,0,0,0,0,0,0,0,0,0,0,0,0,0,0,0,0,0,0,0,0,0,0,0,0,0,0,0,0,0,0,0,0,0,0,0,0,0,0,0,0,0,0,0,0,0,1,2.9331132680892
Many Police Department,1983,Louisiana,4252,LA04301,0,1,0,0,5,0,6,3,0,0,0,0,0,1,0,0,0,1,3,1,3,7,1,0,0,0,1,0,0,3,2,0,2,2,0,600,0,0,11396,0,0,11995,82462,0,0,0,0,0,245,0,0,0,245,86,306,3980,4372,99074,1043,0,0,0,704,0,0,86,2539,0,70,3182,0,3839,0,0,82462,5421,0,4099,99074,0,70,948,0,3839,0,0,44133,4072,0,3579,56642,1,3.05925284471218
Many Police Department,1983,Louisiana,4252,LA04301,0,1,0,0,5,0,6,3,0,0,0,0,0,1,0,0,0,1,3,1,3,7,1,0,0,0,1,0,0,3,2,0,2,2,0,600,0,0,11396,0,0,11995,82462,0,0,0,0,0,245,0,0,0,245,86,306,3980,4372,99074,1043,0,0,0,704,0,0,86,2539,0,70,3182,0,3839,0,0,82462,5421,0,4099,99074,0,70,948,0,3839,0,0,44133,4072,0,3579,56642,1,3.05925284471218
Many Police Department,1982,Louisiana,4180,LA04301,2,10,2,1,14,0,29,3,0,2,0,0,1,1,0,0,1,3,27,23,20,70,15,1,1,16,8,1,2,15,11,2,0,2,0,4954,88,1326,20972,85,0,27426,41837,0,0,0,0,2526,63,0,0,79,2668,1351,6988,42715,51054,122979,14335,253,1263,9106,2722,158,1484,1768,19965,9946,1475,9971,1831,47,1326,0,41837,50978,0,5573,122979,1389,186,79,0,0,0,0,14209,4168,0,0,20031,1,3.15752936096719
Many Police Department,1982,Louisiana,4180,LA04301,2,10,2,1,14,0,29,3,0,2,0,0,1,1,0,0,1,3,27,23,20,70,15,1,1,16,8,1,2,15,11,2,0,2,0,4954,88,1326,20972,85,0,27426,41837,0,0,0,0,2526,63,0,0,79,2668,1351,6988,42715,51054,122979,14335,253,1263,9106,2722,158,1484,1768,19965,9946,1475,9971,1831,47,1326,0,41837,50978,0,5573,122979,1389,186,79,0,0,0,0,14209,4168,0,0,20031,1,3.15752936096719
Many Police Department,1981,Louisiana,4125,LA04301,0,1,0,0,7,1,9,3,2,0,0,0,0,0,0,0,1,1,20,27,16,63,13,0,3,14,11,0,0,7,15,2,0,2,0,2329,0,0,6763,0,580,9671,65213,0,0,0,0,0,0,0,0,402,402,1166,10077,60283,71527,146816,3854,0,3495,7718,50052,0,0,104,6303,747,3438,14038,4598,7,0,0,65213,53414,0,5395,146850,44,305,851,0,7,0,0,62532,40247,0,3636,107622,1,3.35113096874714
Many Police Department,1981,Louisiana,4125,LA04301,0,1,0,0,7,1,9,3,2,0,0,0,0,0,0,0,1,1,20,27,16,63,13,0,3,14,11,0,0,7,15,2,0,2,0,2329,0,0,6763,0,580,9671,65213,0,0,0,0,0,0,0,0,402,402,1166,10077,60283,71527,146816,3854,0,3495,7718,50052,0,0,104,6303,747,3438,14038,4598,7,0,0,65213,53414,0,5395,146850,44,305,851,0,7,0,0,62532,40247,0,3636,107622,1,3.35113096874714
Many Police Department,1980,Louisiana,4024,LA04301,1,1,0,0,14,0,16,0,0,0,0,0,0,0,0,0,0,0,26,34,15,75,20,3,1,17,8,0,0,12,14,0,0,0,0,7395,610,0,44536,0,0,52541,0,0,0,0,0,0,0,0,0,0,0,2130,13104,23390,38624,91165,16757,887,148,8637,5128,0,0,569,6496,285,185,22396,4566,0,0,0,2218,55443,1960,4112,91165,137,185,1046,333,0,0,0,2218,8959,0,555,13433,1,3.69746081504702
Many Police Department,1980,Louisiana,4024,LA04301,1,1,0,0,14,0,16,0,0,0,0,0,0,0,0,0,0,0,26,34,15,75,20,3,1,17,8,0,0,12,14,0,0,0,0,7395,610,0,44536,0,0,52541,0,0,0,0,0,0,0,0,0,0,0,2130,13104,23390,38624,91165,16757,887,148,8637,5128,0,0,569,6496,285,185,22396,4566,0,0,0,2218,55443,1960,4112,91165,137,185,1046,333,0,0,0,2218,8959,0,555,13433,1,3.69746081504702
Many Police Department,1979,Louisiana,3372,LA04301,4,2,6,0,15,3,30,8,1,0,0,0,0,0,0,0,0,0,39,48,12,99,23,1,6,13,4,0,2,8,42,4,2,6,1,168,1218,3292,14023,0,2183,20883,94385,0,0,0,0,0,0,0,0,0,0,3069,21127,23049,47245,162513,9417,525,2078,6256,1289,0,1511,2297,23872,2200,1188,4152,6197,0,315,0,94385,49634,0,4442,162513,2200,285,1176,0,0,0,0,63757,3997,0,2099,73515,1,4.19843724882306
Many Police Department,1979,Louisiana,3372,LA04301,4,2,6,0,15,3,30,8,1,0,0,0,0,0,0,0,0,0,39,48,12,99,23,1,6,13,4,0,2,8,42,4,2,6,1,168,1218,3292,14023,0,2183,20883,94385,0,0,0,0,0,0,0,0,0,0,3069,21127,23049,47245,162513,9417,525,2078,6256,1289,0,1511,2297,23872,2200,1188,4152,6197,0,315,0,94385,49634,0,4442,162513,2200,285,1176,0,0,0,0,63757,3997,0,2099,73515,1,4.19843724882306
Many Police Department,1978,Louisiana,3314,LA04301,4,3,3,0,13,3,26,7,1,0,0,0,1,0,0,0,0,1,44,50,19,113,31,4,11,15,6,2,1,6,37,4,1,5,0,514,4741,444,10682,0,584,16965,63175,0,0,0,0,934,0,0,0,0,934,4881,24350,86936,116167,197240,31080,1980,2662,7053,1294,570,280,775,70471,836,841,9482,1588,934,57966,0,63175,55211,0,7207,197240,107,117,2485,0,0,234,0,45425,8132,0,2737,59237,1,4.67094915687277
Many Police Department,1978,Louisiana,3314,LA04301,4,3,3,0,13,3,26,7,1,0,0,0,1,0,0,0,0,1,44,50,19,113,31,4,11,15,6,2,1,6,37,4,1,5,0,514,4741,444,10682,0,584,16965,63175,0,0,0,0,934,0,0,0,0,934,4881,24350,86936,116167,197240,31080,1980,2662,7053,1294,570,280,775,70471,836,841,9482,1588,934,57966,0,63175,55211,0,7207,197240,107,117,2485,0,0,234,0,45425,8132,0,2737,59237,1,4.67094915687277
Many Police Department,1977,Louisiana,3282,LA04301,4,3,2,2,14,8,33,3,0,0,0,0,0,0,0,0,0,0,37,23,9,69,14,3,9,12,5,0,1,4,21,1,0,1,0,1674,8808,5279,14841,2363,4897,37861,42708,0,0,0,0,0,0,0,0,0,0,6631,13202,51169,71002,151571,8848,1433,1473,42703,1835,0,332,256,14127,930,573,17837,10633,769,0,0,42708,69016,251,8858,151576,0,5,5,2162,0,0,0,0,4298,0,352,6822,1,5.02738759796508
Many Police Department,1977,Louisiana,3282,LA04301,4,3,2,2,14,8,33,3,0,0,0,0,0,0,0,0,0,0,37,23,9,69,14,3,9,12,5,0,1,4,21,1,0,1,0,1674,8808,5279,14841,2363,4897,37861,42708,0,0,0,0,0,0,0,0,0,0,6631,13202,51169,71002,151571,8848,1433,1473,42703,1835,0,332,256,14127,930,573,17837,10633,769,0,0,42708,69016,251,8858,151576,0,5,5,2162,0,0,0,0,4298,0,352,6822,1,5.02738759796508
Many Police Department,1976,Louisiana,3543,LA04301,0,0,2,1,6,3,12,4,0,0,0,0,0,0,0,0,0,0,14,16,11,41,9,0,2,19,5,0,0,4,2,1,3,4,0,0,0,2142,34910,134,3341,40526,56407,0,0,0,0,0,0,0,0,0,0,1906,9423,18569,29898,126832,6425,0,1076,12374,9370,0,0,509,145,321,648,23361,2490,1076,268,0,56407,19880,0,22461,126912,0,0,0,937,0,0,0,2142,0,0,9905,12984,1,5.35425245277493
Many Police Department,1976,Louisiana,3543,LA04301,0,0,2,1,6,3,12,4,0,0,0,0,0,0,0,0,0,0,14,16,11,41,9,0,2,19,5,0,0,4,2,1,3,4,0,0,0,2142,34910,134,3341,40526,56407,0,0,0,0,0,0,0,0,0,0,1906,9423,18569,29898,126832,6425,0,1076,12374,9370,0,0,509,145,321,648,23361,2490,1076,268,0,56407,19880,0,22461,126912,0,0,0,937,0,0,0,2142,0,0,9905,12984,1,5.35425245277493
Many Police Department,1975,Louisiana,3552,LA04301,1,1,1,0,0,0,3,1,0,0,0,0,0,0,0,0,0,0,2,5,1,8,0,2,0,1,2,0,0,2,1,1,0,1,0,1042,2548,2265,0,0,0,5854,5662,0,0,0,0,0,0,0,0,0,0,283,2633,2831,5747,17269,0,1132,0,849,934,0,0,0,2831,0,0,425,3114,0,2265,0,5662,3476,0,2265,17269,0,0,0,1132,0,2265,0,5662,2265,0,2265,13588,1,5.66184422421803
Many Police Department,1975,Louisiana,3552,LA04301,1,1,1,0,0,0,3,1,0,0,0,0,0,0,0,0,0,0,2,5,1,8,0,2,0,1,2,0,0,2,1,1,0,1,0,1042,2548,2265,0,0,0,5854,5662,0,0,0,0,0,0,0,0,0,0,283,2633,2831,5747,17269,0,1132,0,849,934,0,0,0,2831,0,0,425,3114,0,2265,0,5662,3476,0,2265,17269,0,0,0,1132,0,2265,0,5662,2265,0,2265,13588,1,5.66184422421803
Many Police Department,1974,Louisiana,,LA04301,,,,,,,,,,,,,,,,,,,,,,,,,,,,,,,,,,,,,,,,,,,,,,,,,,,,,,,,,,,,,,,,,,,,,,,,,,,,,,,,,,,,,,,,,,,,,
Many Police Department,1973,Louisiana,,LA04301,,,,,,,,,,,,,,,,,,,,,,,,,,,,,,,,,,,,,,,,,,,,,,,,,,,,,,,,,,,,,,,,,,,,,,,,,,,,,,,,,,,,,,,,,,,,,
Many Police Department,1972,Louisiana,,LA04301,,,,,,,,,,,,,,,,,,,,,,,,,,,,,,,,,,,,,,,,,,,,,,,,,,,,,,,,,,,,,,,,,,,,,,,,,,,,,,,,,,,,,,,,,,,,,
Many Police Department,1971,Louisiana,,LA04301,,,,,,,,,,,,,,,,,,,,,,,,,,,,,,,,,,,,,,,,,,,,,,,,,,,,,,,,,,,,,,,,,,,,,,,,,,,,,,,,,,,,,,,,,,,,,
Many Police Department,1970,Louisiana,,LA04301,,,,,,,,,,,,,,,,,,,,,,,,,,,,,,,,,,,,,,,,,,,,,,,,,,,,,,,,,,,,,,,,,,,,,,,,,,,,,,,,,,,,,,,,,,,,,
Many Police Department,1969,Louisiana,,LA04301,,,,,,,,,,,,,,,,,,,,,,,,,,,,,,,,,,,,,,,,,,,,,,,,,,,,,,,,,,,,,,,,,,,,,,,,,,,,,,,,,,,,,,,,,,,,,
Many Police Department,1968,Louisiana,,LA04301,,,,,,,,,,,,,,,,,,,,,,,,,,,,,,,,,,,,,,,,,,,,,,,,,,,,,,,,,,,,,,,,,,,,,,,,,,,,,,,,,,,,,,,,,,,,,
Many Police Department,1967,Louisiana,,LA04301,,,,,,,,,,,,,,,,,,,,,,,,,,,,,,,,,,,,,,,,,,,,,,,,,,,,,,,,,,,,,,,,,,,,,,,,,,,,,,,,,,,,,,,,,,,,,
Many Police Department,1966,Louisiana,,LA04301,,,,,,,,,,,,,,,,,,,,,,,,,,,,,,,,,,,,,,,,,,,,,,,,,,,,,,,,,,,,,,,,,,,,,,,,,,,,,,,,,,,,,,,,,,,,,
Many Police Department,1965,Louisiana,4559,LA04301,0,0,0,0,0,0,0,0,0,0,0,0,0,0,0,0,0,0,0,0,0,0,0,0,0,0,0,0,0,0,0,0,0,0,0,0,0,0,0,0,0,0,0,0,0,0,0,0,0,0,0,0,0,0,0,0,0,0,0,0,0,0,0,0,0,0,0,0,0,0,0,0,0,0,0,0,0,0,0,0,0,0,0,0,0,0,0,0,0,0,0,1,9.67050780216874
Many Police Department,1965,Louisiana,4559,LA04301,0,0,0,0,0,0,0,0,0,0,0,0,0,0,0,0,0,0,0,0,0,0,0,0,0,0,0,0,0,0,0,0,0,0,0,0,0,0,0,0,0,0,0,0,0,0,0,0,0,0,0,0,0,0,0,0,0,0,0,0,0,0,0,0,0,0,0,0,0,0,0,0,0,0,0,0,0,0,0,0,0,0,0,0,0,0,0,0,0,0,0,1,9.67050780216874
Many Police Department,1964,Louisiana,4234,LA04301,0,0,0,0,0,0,0,0,0,0,0,0,0,0,0,0,0,0,0,0,0,0,0,0,0,0,0,0,0,0,0,0,0,0,0,0,0,0,0,0,0,0,0,0,0,0,0,0,0,0,0,0,0,0,0,0,0,0,0,0,0,0,0,0,0,0,0,0,0,0,0,0,0,0,0,0,0,0,0,0,0,0,0,0,0,0,0,0,0,0,0,1,9.82380171950564
Many Police Department,1964,Louisiana,4234,LA04301,0,0,0,0,0,0,0,0,0,0,0,0,0,0,0,0,0,0,0,0,0,0,0,0,0,0,0,0,0,0,0,0,0,0,0,0,0,0,0,0,0,0,0,0,0,0,0,0,0,0,0,0,0,0,0,0,0,0,0,0,0,0,0,0,0,0,0,0,0,0,0,0,0,0,0,0,0,0,0,0,0,0,0,0,0,0,0,0,0,0,0,1,9.82380171950564
Many Police Department,1963,Louisiana,4610,LA04301,0,0,0,0,0,0,0,0,0,0,0,0,0,0,0,0,0,0,0,0,0,0,0,0,0,0,0,0,0,0,0,0,0,0,0,0,0,0,0,0,0,0,0,0,0,0,0,0,0,0,0,0,0,0,0,0,0,0,0,0,0,0,0,0,0,0,0,0,0,0,0,0,0,0,0,0,0,0,0,0,0,0,0,0,0,0,0,0,0,0,0,1,9.94943945578232
Many Police Department,1963,Louisiana,4610,LA04301,0,0,0,0,0,0,0,0,0,0,0,0,0,0,0,0,0,0,0,0,0,0,0,0,0,0,0,0,0,0,0,0,0,0,0,0,0,0,0,0,0,0,0,0,0,0,0,0,0,0,0,0,0,0,0,0,0,0,0,0,0,0,0,0,0,0,0,0,0,0,0,0,0,0,0,0,0,0,0,0,0,0,0,0,0,0,0,0,0,0,0,1,9.94943945578232
Many Police Department,1962,Louisiana,3678,LA04301,0,0,0,0,0,0,0,0,0,0,0,0,0,0,0,0,0,0,0,0,0,0,0,0,0,0,0,0,0,0,0,0,0,0,0,0,0,0,0,0,0,0,0,0,0,0,0,0,0,0,0,0,0,0,0,0,0,0,0,0,0,0,0,0,0,0,0,0,0,0,0,0,0,0,0,0,0,0,0,0,0,0,0,0,0,0,0,0,0,0,0,1,10.0727796143251
Many Police Department,1962,Louisiana,3678,LA04301,0,0,0,0,0,0,0,0,0,0,0,0,0,0,0,0,0,0,0,0,0,0,0,0,0,0,0,0,0,0,0,0,0,0,0,0,0,0,0,0,0,0,0,0,0,0,0,0,0,0,0,0,0,0,0,0,0,0,0,0,0,0,0,0,0,0,0,0,0,0,0,0,0,0,0,0,0,0,0,0,0,0,0,0,0,0,0,0,0,0,0,1,10.0727796143251
Many Police Department,1961,Louisiana,3164,LA04301,0,0,0,0,0,0,0,0,0,0,0,0,0,0,0,0,0,0,0,0,0,0,0,0,0,0,0,0,0,0,0,0,0,0,0,0,0,0,0,0,0,0,0,0,0,0,0,0,0,0,0,0,0,0,0,0,0,0,0,0,0,0,0,0,0,0,0,0,0,0,0,0,0,0,0,0,0,0,0,0,0,0,0,0,0,0,0,0,0,0,0,1,10.1935294117647
Many Police Department,1961,Louisiana,3164,LA04301,0,0,0,0,0,0,0,0,0,0,0,0,0,0,0,0,0,0,0,0,0,0,0,0,0,0,0,0,0,0,0,0,0,0,0,0,0,0,0,0,0,0,0,0,0,0,0,0,0,0,0,0,0,0,0,0,0,0,0,0,0,0,0,0,0,0,0,0,0,0,0,0,0,0,0,0,0,0,0,0,0,0,0,0,0,0,0,0,0,0,0,1,10.1935294117647
Many Police Department,1960,Louisiana,3164,LA04301,0,0,0,0,0,0,0,0,0,0,0,0,0,0,0,0,0,0,0,0,0,0,0,0,0,0,0,0,0,0,0,0,0,0,0,0,0,0,0,0,0,0,0,0,0,0,0,0,0,0,0,0,0,0,0,0,0,0,0,0,0,0,0,0,0,0,0,0,0,0,0,0,0,0,0,0,0,0,0,0,0,0,0,0,0,0,0,0,0,0,0,1,10.302673992674
Many Police Department,1960,Louisiana,3164,LA04301,0,0,0,0,0,0,0,0,0,0,0,0,0,0,0,0,0,0,0,0,0,0,0,0,0,0,0,0,0,0,0,0,0,0,0,0,0,0,0,0,0,0,0,0,0,0,0,0,0,0,0,0,0,0,0,0,0,0,0,0,0,0,0,0,0,0,0,0,0,0,0,0,0,0,0,0,0,0,0,0,0,0,0,0,0,0,0,0,0,0,0,1,10.302673992674
