agency,year,state,population,ORI,offenses_burg_resident_day,offenses_burg_resident_night,offenses_burg_resident_unk,offenses_burg_nonresident_day,offenses_burg_nonresident_night,offenses_burg_nonresident_unk,offenses_burg_total,offenses_motor_vehicle_theft,offenses_murder,offenses_rape,offenses_robbery_bank,offenses_robbery_chain_store,offenses_robbery_gas_station,offenses_robbery_highway,offenses_robbery_house,offenses_robbery_misc,offenses_robbery_residence,offenses_robbery_total,offenses_theft_under_50,offenses_theft_50_to_200,offenses_theft_over_200,offenses_theft_total,offenses_theft_auto_part,offenses_theft_bicycle,offenses_theft_coin_machine,offenses_theft_from_auto,offenses_theft_from_building,offenses_theft_pick_pocket,offenses_theft_purse_snatch,offenses_theft_shoplift,offenses_theft_all_other,auto_stolen_recover_local,auto_stolen_recovered_other,auto_theft_total,auto_stole_oth_recover_local,value_burg_resident_night,value_burg_resident_day,value_burg_resident_unk,value_burg_nonresident_night,value_burg_nonresident_day,value_burg_nonresident_unk,value_burg_total,value_motor_vehicle_theft,value_murder,value_rape,value_robbery_bank,value_robbery_chain_store,value_robbery_gas_station,value_robbery_highway,value_robbery_house,value_robbery_misc,value_robbery_residence,value_robbery_total,value_theft_under_50,value_theft_50_to_200,value_theft_over_200,value_theft_total,value_total_all_values,value_theft_auto_part,value_theft_bicycle,value_theft_coin_machine,value_theft_from_auto,value_theft_from_building,value_theft_pick_pocket,value_theft_purse_snatch,value_theft_shoplift,value_theft_all_other,value_stolen_clothing_or_fur,value_stolen_consumable_good,value_stolen_currency,value_stolen_guns,value_stolen_household_good,value_stolen_jewel_metal,value_stolen_livestock,value_stolen_local_mtr_veh,value_stolen_misc,value_stolen_office_equip,value_stolen_tv_and_radio,value_stolen_total,value_recovered_clothing_or_fur,value_recovered_consumable_good,value_recovered_currency,value_recovered_guns,value_recovered_house_good,value_recovered_jewel_metal,value_recovered_livestock,value_recovered_local_mtv_veh,value_recovered_misc,value_recovered_office_equip,value_recovered_tv_and_radio,value_recovered_total,price,in_2023_dollars
Pinckney Police Department,2023,Michigan,2372,MI47667,1,9000000,1800,0,10000,0,9011801,120000,0,10,289,0,0,0,30,0,1810000,1810319,1200000,0,2,1200002,10,0,0,0,0,0,0,10,2,18890,0,279,12016,400000238,808022029,0,0,2000,0,18002026,0,0,100000,18808,0,0,18791,0,0,18000403,10000000,2,0,0,426000279,0,0,0,0,790000000,279001200,10000,0,397000297,0,12,0,290010000,100000,0,0,18000000,10000000,0,100,0,100000,808010000,200000,10001,100000000,300001000,228,2436000,100000,300202,10,300012,426000000,1,1
Pinckney Police Department,2023,Michigan,2372,MI47667,1,9000000,1800,0,10000,0,9011801,120000,0,10,289,0,0,0,30,0,1810000,1810319,1200000,0,2,1200002,10,0,0,0,0,0,0,10,2,18890,0,279,12016,400000238,808022029,0,0,2000,0,18002026,0,0,100000,18808,0,0,18791,0,0,18000403,10000000,2,0,0,426000279,0,0,0,0,790000000,279001200,10000,0,397000297,0,12,0,290010000,100000,0,0,18000000,10000000,0,100,0,100000,808010000,200000,10001,100000000,300001000,228,2436000,100000,300202,10,300012,426000000,1,1
Pinckney Police Department,2022,Michigan,2451,MI47667,0,10000,0,100000,100000,0,210000,100001,0,0,0,0,1000000,0,10,3050,0,1003060,1,7130000,6,7130007,0,0,10,0,100000,0,0,0,100000,0,0,0,0,0,2082,104116,10422045,0,10,6991412,104116338,0,0,0,0,10411634,3123490,0,0,1,0,52162288,0,208233,3176,0,1041163,2186549,105157502,0,17401,10412,0,0,0,10515771,0,0,104116,10,10411634,104116,10411634,0,208,0,0,0,104116,318,10412675,0,0,319647570,104116,106,0,0,0,1,1.04116338383745
Pinckney Police Department,2022,Michigan,2451,MI47667,0,10000,0,100000,100000,0,210000,100001,0,0,0,0,1000000,0,10,3050,0,1003060,1,7130000,6,7130007,0,0,10,0,100000,0,0,0,100000,0,0,0,0,0,2082,104116,10422045,0,10,6991412,104116338,0,0,0,0,10411634,3123490,0,0,1,0,52162288,0,208233,3176,0,1041163,2186549,105157502,0,17401,10412,0,0,0,10515771,0,0,104116,10,10411634,104116,10411634,0,208,0,0,0,104116,318,10412675,0,0,319647570,104116,106,0,0,0,1,1.04116338383745
Pinckney Police Department,2021,Michigan,2425,MI47667,0,0,0,0,110003,10000,120003,559100,0,10,6010,7000000,431,4300,64012,4,20000,7094757,5591000,1,100,5591101,0,100000,6400000,0,430000,0,0,1000011,100000,100,50,640,919,1124608,191174811,224907354,0,1124,11244861,416060697,393569962,1,75340536,224897200,0,11323570,11320,71967,0,1,0,112,0,0,1023300617,62,6,563367295,0,0,719670787,562254047,0,11252323,102328,67581647,1023281901,0,114360,0,0,78713993,1028904329,787139924,112,0,0,78713992,112449,11256101,11244856,134938273,7534166,1012038,112449,135163,11,134938,1023281901,1,1.12448560525052
Pinckney Police Department,2021,Michigan,2425,MI47667,0,0,0,0,110003,10000,120003,559100,0,10,6010,7000000,431,4300,64012,4,20000,7094757,5591000,1,100,5591101,0,100000,6400000,0,430000,0,0,1000011,100000,100,50,640,919,1124608,191174811,224907354,0,1124,11244861,416060697,393569962,1,75340536,224897200,0,11323570,11320,71967,0,1,0,112,0,0,1023300617,62,6,563367295,0,0,719670787,562254047,0,11252323,102328,67581647,1023281901,0,114360,0,0,78713993,1028904329,787139924,112,0,0,78713992,112449,11256101,11244856,134938273,7534166,1012038,112449,135163,11,134938,1023281901,1,1.12448560525052
Pinckney Police Department,2020,Michigan,2419,MI47667,0,0,0,2300000,10000,0,2310000,2234102,0,0,10,0,2000000,400000,7,10000,0,2410017,301001,0,1,301002,1,5000004,0,1,0,30,0,10,0,5000100,4000,10,3410,153,588679732,588696205,11773124,1177,0,0,0,0,0,588656765,0,0,589,0,0,27,1,1177312,0,0,0,589,588656176,118,353193706,0,11785253,11773,11773126,353193717,0,11773645,1177312,0,0,0,259008717,471,494471188,1177,118,0,3661441,588656176,0,600429,0,1000715500,118,0,118673,1000715,0,58866,0,1,1.17731235192711
Pinckney Police Department,2020,Michigan,2419,MI47667,0,0,0,2300000,10000,0,2310000,2234102,0,0,10,0,2000000,400000,7,10000,0,2410017,301001,0,1,301002,1,5000004,0,1,0,30,0,10,0,5000100,4000,10,3410,153,588679732,588696205,11773124,1177,0,0,0,0,0,588656765,0,0,589,0,0,27,1,1177312,0,0,0,589,588656176,118,353193706,0,11785253,11773,11773126,353193717,0,11773645,1177312,0,0,0,259008717,471,494471188,1177,118,0,3661441,588656176,0,600429,0,1000715500,118,0,118673,1000715,0,58866,0,1,1.17731235192711
Pinckney Police Department,2019,Michigan,2410,MI47667,0,0,0,0,100000,0,100000,5000,0,0,10050,10,68050,500500,0,680,0,579290,10000,1,680000,690001,0,0,0,1,100000,0,0,5000010,100000,0,0,0,500,0,0,0,0,0,5959177,6,595917747,11918355,23836710,11918355,0,11918355,11942,0,119184,119183549,0,811044172,11918355,0,5983825,59592,0,0,0,119,59591775,0,119184,60,59598,0,0,0,119184,0,0,595918345,595917747,0,2,0,0,0,0,0,5959177,0,2383671,2385,119184,200,0,0,5959177,1,1.19183549339627
Pinckney Police Department,2019,Michigan,2410,MI47667,0,0,0,0,100000,0,100000,5000,0,0,10050,10,68050,500500,0,680,0,579290,10000,1,680000,690001,0,0,0,1,100000,0,0,5000010,100000,0,0,0,500,0,0,0,0,0,5959177,6,595917747,11918355,23836710,11918355,0,11918355,11942,0,119184,119183549,0,811044172,11918355,0,5983825,59592,0,0,0,119,59591775,0,119184,60,59598,0,0,0,119184,0,0,595918345,595917747,0,2,0,0,0,0,0,5959177,0,2383671,2385,119184,200,0,0,5959177,1,1.19183549339627
Pinckney Police Department,2018,Michigan,2479,MI47667,1,1,0,0,1,0,3,0,0,5,0,0,0,0,0,0,0,0,3,1,3,7,0,0,0,1,3,0,0,1,2,0,0,0,0,364,4490,0,0,0,0,4854,0,0,0,0,0,0,0,0,0,0,0,15,121,3035,3171,8024,0,0,0,121,1104,0,0,244,1701,0,0,4492,0,0,0,0,0,1833,1699,0,8024,0,0,0,0,0,0,0,0,244,0,0,244,1,1.21343405628813
Pinckney Police Department,2018,Michigan,2479,MI47667,1,1,0,0,1,0,3,0,0,5,0,0,0,0,0,0,0,0,3,1,3,7,0,0,0,1,3,0,0,1,2,0,0,0,0,364,4490,0,0,0,0,4854,0,0,0,0,0,0,0,0,0,0,0,15,121,3035,3171,8024,0,0,0,121,1104,0,0,244,1701,0,0,4492,0,0,0,0,0,1833,1699,0,8024,0,0,0,0,0,0,0,0,244,0,0,244,1,1.21343405628813
Pinckney Police Department,2017,Michigan,2463,MI47667,0,0,0,4,2,0,6,1,0,1,0,0,0,0,0,0,0,0,5,3,3,11,1,0,0,0,3,0,0,1,6,0,0,0,0,0,0,0,1244,3985,0,5230,19392,0,0,0,0,0,0,0,0,0,0,88,336,19951,20375,44997,93,0,0,0,2961,0,0,155,17166,1,165,19777,3294,0,0,0,9696,12063,0,0,44997,0,0,0,1305,0,0,0,0,1437,0,0,2742,1,1.24307319386626
Pinckney Police Department,2017,Michigan,2463,MI47667,0,0,0,4,2,0,6,1,0,1,0,0,0,0,0,0,0,0,5,3,3,11,1,0,0,0,3,0,0,1,6,0,0,0,0,0,0,0,1244,3985,0,5230,19392,0,0,0,0,0,0,0,0,0,0,88,336,19951,20375,44997,93,0,0,0,2961,0,0,155,17166,1,165,19777,3294,0,0,0,9696,12063,0,0,44997,0,0,0,1305,0,0,0,0,1437,0,0,2742,1,1.24307319386626
Pinckney Police Department,2016,Michigan,2439,MI47667,1,1,0,2,0,0,4,1,0,0,0,0,0,0,0,0,0,0,3,3,4,10,0,0,0,1,4,0,0,2,3,0,0,0,0,0,0,0,0,0,0,0,6348,0,0,0,0,0,0,0,0,0,0,33,381,8608,9021,15369,0,0,0,127,7125,0,0,254,1516,0,4223,482,0,3301,0,0,6348,0,1016,0,15369,0,0,482,0,0,0,0,0,0,0,0,482,1,1.26955202032162
Pinckney Police Department,2016,Michigan,2439,MI47667,1,1,0,2,0,0,4,1,0,0,0,0,0,0,0,0,0,0,3,3,4,10,0,0,0,1,4,0,0,2,3,0,0,0,0,0,0,0,0,0,0,0,6348,0,0,0,0,0,0,0,0,0,0,33,381,8608,9021,15369,0,0,0,127,7125,0,0,254,1516,0,4223,482,0,3301,0,0,6348,0,1016,0,15369,0,0,482,0,0,0,0,0,0,0,0,482,1,1.26955202032162
Pinckney Police Department,2015,Michigan,2502,MI47667,0,2,0,1,1,0,4,0,0,1,0,0,0,0,0,0,0,0,9,6,6,21,3,0,0,2,5,0,0,1,10,0,0,0,0,1671,0,0,3214,0,0,4885,0,0,0,0,0,0,0,0,0,0,0,198,803,3947,4948,9833,386,0,0,1221,721,0,0,26,2594,0,145,5914,0,0,643,0,0,2328,643,161,9833,0,0,0,0,0,0,0,0,66,0,0,66,1,1.28556847539769
Pinckney Police Department,2015,Michigan,2502,MI47667,0,2,0,1,1,0,4,0,0,1,0,0,0,0,0,0,0,0,9,6,6,21,3,0,0,2,5,0,0,1,10,0,0,0,0,1671,0,0,3214,0,0,4885,0,0,0,0,0,0,0,0,0,0,0,198,803,3947,4948,9833,386,0,0,1221,721,0,0,26,2594,0,145,5914,0,0,643,0,0,2328,643,161,9833,0,0,0,0,0,0,0,0,66,0,0,66,1,1.28556847539769
Pinckney Police Department,2014,Michigan,2483,MI47667,3,0,0,3,2,0,8,0,0,0,0,0,0,0,0,0,0,0,8,10,12,30,5,0,0,2,6,0,0,2,15,0,0,0,0,0,3,0,1,1396,0,1400,0,0,0,0,0,0,0,0,0,0,0,97,1152,55120,56368,57769,39900,0,0,708,1847,0,0,134,13780,129,1282,1068,644,0,2510,0,0,48378,3604,154,57769,0,129,0,0,0,0,0,0,1931,0,0,2059,1,1.28709350845562
Pinckney Police Department,2014,Michigan,2483,MI47667,3,0,0,3,2,0,8,0,0,0,0,0,0,0,0,0,0,0,8,10,12,30,5,0,0,2,6,0,0,2,15,0,0,0,0,0,3,0,1,1396,0,1400,0,0,0,0,0,0,0,0,0,0,0,97,1152,55120,56368,57769,39900,0,0,708,1847,0,0,134,13780,129,1282,1068,644,0,2510,0,0,48378,3604,154,57769,0,129,0,0,0,0,0,0,1931,0,0,2059,1,1.28709350845562
Pinckney Police Department,2013,Michigan,2461,MI47667,0,1,0,0,2,0,3,2,0,0,0,0,0,0,0,0,0,0,14,9,11,34,5,3,0,5,3,0,0,7,11,0,0,1,0,0,0,0,916,0,0,916,4977,0,0,0,0,0,0,0,0,0,0,157,985,11387,12529,18421,262,523,0,3754,4022,0,0,81,3887,445,233,2574,0,0,2616,0,3322,5177,3401,654,18421,0,33,0,0,0,0,0,52,65,0,0,150,1,1.30797303509051
Pinckney Police Department,2013,Michigan,2461,MI47667,0,1,0,0,2,0,3,2,0,0,0,0,0,0,0,0,0,0,14,9,11,34,5,3,0,5,3,0,0,7,11,0,0,1,0,0,0,0,916,0,0,916,4977,0,0,0,0,0,0,0,0,0,0,157,985,11387,12529,18421,262,523,0,3754,4022,0,0,81,3887,445,233,2574,0,0,2616,0,3322,5177,3401,654,18421,0,33,0,0,0,0,0,52,65,0,0,150,1,1.30797303509051
Pinckney Police Department,2012,Michigan,2439,MI47667,2,1,0,1,0,0,4,0,0,0,0,1,0,0,0,0,0,1,10,3,10,23,1,2,0,6,3,0,0,4,7,0,0,0,0,0,4141,0,0,1228,0,5368,0,0,0,0,502,0,0,0,0,0,502,224,499,12953,13676,19546,332,1885,0,2881,5310,0,0,88,3181,664,204,1757,0,305,3716,0,0,7591,2256,3052,19546,0,32,502,0,0,0,0,0,159,1128,0,1821,1,1.32713265123532
Pinckney Police Department,2012,Michigan,2439,MI47667,2,1,0,1,0,0,4,0,0,0,0,1,0,0,0,0,0,1,10,3,10,23,1,2,0,6,3,0,0,4,7,0,0,0,0,0,4141,0,0,1228,0,5368,0,0,0,0,502,0,0,0,0,0,502,224,499,12953,13676,19546,332,1885,0,2881,5310,0,0,88,3181,664,204,1757,0,305,3716,0,0,7591,2256,3052,19546,0,32,502,0,0,0,0,0,159,1128,0,1821,1,1.32713265123532
Pinckney Police Department,2011,Michigan,2425,MI47667,2,3,0,1,0,0,6,3,0,0,0,0,0,0,0,0,0,0,19,10,14,43,2,1,0,7,7,0,0,8,18,0,0,1,0,230,1231,0,0,0,0,1462,19583,0,0,0,0,0,0,0,0,0,0,404,1147,48048,49599,70644,135,75,0,941,31628,0,0,451,16368,35,606,1134,0,524,41613,0,19583,4778,1626,745,70644,0,381,419,0,34,29964,0,2032,913,0,0,33742,1,1.35459550174677
Pinckney Police Department,2011,Michigan,2425,MI47667,2,3,0,1,0,0,6,3,0,0,0,0,0,0,0,0,0,0,19,10,14,43,2,1,0,7,7,0,0,8,18,0,0,1,0,230,1231,0,0,0,0,1462,19583,0,0,0,0,0,0,0,0,0,0,404,1147,48048,49599,70644,135,75,0,941,31628,0,0,451,16368,35,606,1134,0,524,41613,0,19583,4778,1626,745,70644,0,381,419,0,34,29964,0,2032,913,0,0,33742,1,1.35459550174677
Pinckney Police Department,2010,Michigan,2427,MI47667,8,2,0,1,2,0,13,2,0,2,0,0,0,0,0,0,0,0,20,10,20,50,3,2,0,8,9,0,0,7,21,0,0,2,0,1118,7490,0,0,0,0,8608,14672,0,0,0,0,0,0,0,0,0,0,307,1508,36969,38784,62064,699,3630,0,2831,23460,0,0,176,7987,42,896,6305,210,0,18273,0,14672,14932,5581,1153,62064,0,46,1397,0,0,12824,0,14672,3658,1738,0,34336,1,1.3973579356326
Pinckney Police Department,2010,Michigan,2427,MI47667,8,2,0,1,2,0,13,2,0,2,0,0,0,0,0,0,0,0,20,10,20,50,3,2,0,8,9,0,0,7,21,0,0,2,0,1118,7490,0,0,0,0,8608,14672,0,0,0,0,0,0,0,0,0,0,307,1508,36969,38784,62064,699,3630,0,2831,23460,0,0,176,7987,42,896,6305,210,0,18273,0,14672,14932,5581,1153,62064,0,46,1397,0,0,12824,0,14672,3658,1738,0,34336,1,1.3973579356326
Pinckney Police Department,2009,Michigan,2449,MI47667,3,1,0,3,3,0,10,1,0,2,0,0,0,0,0,0,0,0,39,15,22,76,3,2,0,11,13,0,0,8,39,0,0,0,0,0,7101,0,1,1,0,7104,1,0,0,0,0,0,0,0,0,0,0,608,2092,65095,67795,74901,1420,327,0,2629,6386,0,0,119,56915,8730,274,1057,923,2872,0,0,1,46569,4262,10212,74901,0,0,0,0,0,0,0,0,0,0,0,0,1,1.42027521282265
Pinckney Police Department,2009,Michigan,2449,MI47667,3,1,0,3,3,0,10,1,0,2,0,0,0,0,0,0,0,0,39,15,22,76,3,2,0,11,13,0,0,8,39,0,0,0,0,0,7101,0,1,1,0,7104,1,0,0,0,0,0,0,0,0,0,0,608,2092,65095,67795,74901,1420,327,0,2629,6386,0,0,119,56915,8730,274,1057,923,2872,0,0,1,46569,4262,10212,74901,0,0,0,0,0,0,0,0,0,0,0,0,1,1.42027521282265
Pinckney Police Department,2008,Michigan,2460,MI47667,5,8,1,0,2,0,16,4,0,4,0,0,0,0,0,0,0,0,20,22,29,71,7,0,1,12,7,0,0,10,34,0,0,0,0,0,0,689,1741,0,0,2430,61562,0,0,0,0,0,0,0,0,0,0,309,3009,44312,47629,111622,1238,0,28,9227,6705,0,0,15255,15175,212,16206,2859,0,5137,130,0,61562,17590,3326,4599,111622,0,843,0,0,276,0,0,0,1560,0,212,2891,1,1.41522547733228
Pinckney Police Department,2008,Michigan,2460,MI47667,5,8,1,0,2,0,16,4,0,4,0,0,0,0,0,0,0,0,20,22,29,71,7,0,1,12,7,0,0,10,34,0,0,0,0,0,0,689,1741,0,0,2430,61562,0,0,0,0,0,0,0,0,0,0,309,3009,44312,47629,111622,1238,0,28,9227,6705,0,0,15255,15175,212,16206,2859,0,5137,130,0,61562,17590,3326,4599,111622,0,843,0,0,276,0,0,0,1560,0,212,2891,1,1.41522547733228
Pinckney Police Department,2007,Michigan,2470,MI47667,1,1,1,1,1,0,5,2,0,1,0,0,0,0,0,0,0,0,17,7,24,48,1,3,0,10,7,0,0,12,15,0,0,0,0,1176,0,37,0,0,0,1212,1031629,0,0,0,0,0,0,0,0,0,0,320,1192,30418,31931,1064772,4703,697,0,4012,4788,0,0,3370,14362,955,2535,7136,0,1234,0,0,1031629,13457,1984,5841,1064772,0,275,1058,0,0,0,0,0,376,0,0,1709,1,1.46955740283082
Pinckney Police Department,2007,Michigan,2470,MI47667,1,1,1,1,1,0,5,2,0,1,0,0,0,0,0,0,0,0,17,7,24,48,1,3,0,10,7,0,0,12,15,0,0,0,0,1176,0,37,0,0,0,1212,1031629,0,0,0,0,0,0,0,0,0,0,320,1192,30418,31931,1064772,4703,697,0,4012,4788,0,0,3370,14362,955,2535,7136,0,1234,0,0,1031629,13457,1984,5841,1064772,0,275,1058,0,0,0,0,0,376,0,0,1709,1,1.46955740283082
Pinckney Police Department,2006,Michigan,2429,MI47667,6,0,0,1,1,0,8,4,0,0,0,0,0,0,0,0,0,0,27,10,11,48,3,0,0,4,3,0,0,6,32,0,0,3,0,0,4905,0,0,24,0,4929,90689,0,0,0,0,0,0,0,0,0,0,719,1385,14811,16915,112533,6227,0,0,1187,4837,0,0,110,4554,438,1758,3585,0,378,0,0,90689,13856,695,1134,112533,378,104,0,0,0,0,0,37787,6699,302,0,45270,1,1.51147906246125
Pinckney Police Department,2006,Michigan,2429,MI47667,6,0,0,1,1,0,8,4,0,0,0,0,0,0,0,0,0,0,27,10,11,48,3,0,0,4,3,0,0,6,32,0,0,3,0,0,4905,0,0,24,0,4929,90689,0,0,0,0,0,0,0,0,0,0,719,1385,14811,16915,112533,6227,0,0,1187,4837,0,0,110,4554,438,1758,3585,0,378,0,0,90689,13856,695,1134,112533,378,104,0,0,0,0,0,37787,6699,302,0,45270,1,1.51147906246125
Pinckney Police Department,2005,Michigan,2436,MI47667,2,3,0,1,1,0,7,1,0,0,0,0,0,0,1,0,0,1,31,14,17,62,2,2,1,7,7,1,0,6,36,0,0,1,0,2,0,0,0,4603,0,4604,2340,0,0,0,0,0,0,1248,0,0,1248,905,1704,49071,51680,59873,4681,234,624,9344,12849,5679,0,198,18071,164,6948,12039,546,390,4369,0,2340,23700,9205,172,59873,70,267,0,312,0,0,0,2340,5004,0,0,7993,1,1.56023853211009
Pinckney Police Department,2005,Michigan,2436,MI47667,2,3,0,1,1,0,7,1,0,0,0,0,0,0,1,0,0,1,31,14,17,62,2,2,1,7,7,1,0,6,36,0,0,1,0,2,0,0,0,4603,0,4604,2340,0,0,0,0,0,0,1248,0,0,1248,905,1704,49071,51680,59873,4681,234,624,9344,12849,5679,0,198,18071,164,6948,12039,546,390,4369,0,2340,23700,9205,172,59873,70,267,0,312,0,0,0,2340,5004,0,0,7993,1,1.56023853211009
Pinckney Police Department,2004,Michigan,2417,MI47667,0,1,0,4,0,0,5,3,0,0,0,0,0,1,0,0,0,1,30,10,15,55,1,4,0,3,7,0,0,8,32,0,0,1,0,0,0,0,0,145,0,145,105663,0,0,0,0,0,5,0,0,0,5,908,1357,31483,33748,139560,73,2823,0,6169,11762,0,0,239,12683,0,1875,1139,0,4836,484,0,105663,18097,2791,4677,139560,0,1453,363,0,3465,0,0,59687,177,0,0,65146,1,1.61317347569046
Pinckney Police Department,2004,Michigan,2417,MI47667,0,1,0,4,0,0,5,3,0,0,0,0,0,1,0,0,0,1,30,10,15,55,1,4,0,3,7,0,0,8,32,0,0,1,0,0,0,0,0,145,0,145,105663,0,0,0,0,0,5,0,0,0,5,908,1357,31483,33748,139560,73,2823,0,6169,11762,0,0,239,12683,0,1875,1139,0,4836,484,0,105663,18097,2791,4677,139560,0,1453,363,0,3465,0,0,59687,177,0,0,65146,1,1.61317347569046
Pinckney Police Department,2003,Michigan,2402,MI47667,4,5,0,2,1,0,12,5,0,0,0,0,0,0,0,0,0,0,32,9,13,54,4,2,1,3,4,0,0,3,37,0,0,0,0,381,8239,0,83,124,0,8827,104599,0,0,0,0,0,0,0,0,0,0,860,1312,21738,23910,137336,8809,911,0,2147,4961,0,0,88,6995,0,480,414,0,414,215,0,104599,27651,621,2940,137336,0,106,0,0,0,0,0,0,66,0,0,172,1,1.65636194790487
Pinckney Police Department,2003,Michigan,2402,MI47667,4,5,0,2,1,0,12,5,0,0,0,0,0,0,0,0,0,0,32,9,13,54,4,2,1,3,4,0,0,3,37,0,0,0,0,381,8239,0,83,124,0,8827,104599,0,0,0,0,0,0,0,0,0,0,860,1312,21738,23910,137336,8809,911,0,2147,4961,0,0,88,6995,0,480,414,0,414,215,0,104599,27651,621,2940,137336,0,106,0,0,0,0,0,0,66,0,0,172,1,1.65636194790487
Pinckney Police Department,2002,Michigan,2166,MI47667,2,1,1,1,0,0,5,2,0,0,0,0,0,0,0,0,0,0,27,8,15,50,4,0,1,7,8,0,1,3,26,0,0,1,0,0,0,0,0,0,0,0,53868,0,0,0,0,0,0,0,0,0,0,671,1213,28997,30881,84749,2338,0,17,2644,2885,0,0,19,22979,34,569,661,0,10604,508,0,27103,42051,2880,339,84749,0,3,0,0,0,0,0,25409,68,0,0,25481,1,1.69396293722493
Pinckney Police Department,2002,Michigan,2166,MI47667,2,1,1,1,0,0,5,2,0,0,0,0,0,0,0,0,0,0,27,8,15,50,4,0,1,7,8,0,1,3,26,0,0,1,0,0,0,0,0,0,0,0,53868,0,0,0,0,0,0,0,0,0,0,671,1213,28997,30881,84749,2338,0,17,2644,2885,0,0,19,22979,34,569,661,0,10604,508,0,27103,42051,2880,339,84749,0,3,0,0,0,0,0,25409,68,0,0,25481,1,1.69396293722493
Pinckney Police Department,2001,Michigan,2152,MI47667,5,3,0,3,0,0,11,1,0,0,0,0,0,0,0,0,0,0,71,13,16,100,1,2,0,15,8,1,1,9,63,0,0,0,0,0,2168,0,0,2605,0,4774,25812,0,0,0,0,0,0,0,0,0,0,2160,1592,17931,21682,52268,120,714,0,9041,549,3080,172,282,7723,0,2179,4801,28,3751,0,0,25812,11025,1394,3278,52268,0,124,0,0,0,0,0,0,0,0,0,124,1,1.7208297251506
Pinckney Police Department,2001,Michigan,2152,MI47667,5,3,0,3,0,0,11,1,0,0,0,0,0,0,0,0,0,0,71,13,16,100,1,2,0,15,8,1,1,9,63,0,0,0,0,0,2168,0,0,2605,0,4774,25812,0,0,0,0,0,0,0,0,0,0,2160,1592,17931,21682,52268,120,714,0,9041,549,3080,172,282,7723,0,2179,4801,28,3751,0,0,25812,11025,1394,3278,52268,0,124,0,0,0,0,0,0,0,0,0,124,1,1.7208297251506
Pinckney Police Department,2000,Michigan,2141,MI47667,4,1,0,5,0,0,10,4,0,1,0,0,0,0,0,0,0,0,33,7,18,58,1,4,1,10,9,0,0,1,32,0,0,1,0,0,1062,0,0,2300,0,3362,100859,0,0,0,0,0,0,0,0,0,0,897,1150,17389,19436,123657,354,1451,0,9130,4215,0,0,14,4271,0,741,366,0,310,1946,0,100859,14294,0,5140,123657,0,145,0,0,80,0,0,8847,1601,0,0,10673,1,1.76946331784747
Pinckney Police Department,2000,Michigan,2141,MI47667,4,1,0,5,0,0,10,4,0,1,0,0,0,0,0,0,0,0,33,7,18,58,1,4,1,10,9,0,0,1,32,0,0,1,0,0,1062,0,0,2300,0,3362,100859,0,0,0,0,0,0,0,0,0,0,897,1150,17389,19436,123657,354,1451,0,9130,4215,0,0,14,4271,0,741,366,0,310,1946,0,100859,14294,0,5140,123657,0,145,0,0,80,0,0,8847,1601,0,0,10673,1,1.76946331784747
Pinckney Police Department,1999,Michigan,1996,MI47667,2,1,0,1,1,0,5,3,0,1,0,0,0,0,0,0,1,1,24,13,14,51,1,4,0,9,7,0,1,3,26,0,0,2,0,0,0,0,0,1646,0,1646,13719,0,0,0,0,0,0,0,0,2927,2927,410,2665,26204,29278,47571,183,1244,0,7055,1163,0,448,24,19161,0,165,7372,0,2469,0,0,13719,22150,476,1220,47571,0,20,0,0,0,0,0,12805,915,110,0,13849,1,1.82921556856271
Pinckney Police Department,1999,Michigan,1996,MI47667,2,1,0,1,1,0,5,3,0,1,0,0,0,0,0,0,1,1,24,13,14,51,1,4,0,9,7,0,1,3,26,0,0,2,0,0,0,0,0,1646,0,1646,13719,0,0,0,0,0,0,0,0,2927,2927,410,2665,26204,29278,47571,183,1244,0,7055,1163,0,448,24,19161,0,165,7372,0,2469,0,0,13719,22150,476,1220,47571,0,20,0,0,0,0,0,12805,915,110,0,13849,1,1.82921556856271
Pinckney Police Department,1998,Michigan,1964,MI47667,7,2,0,0,2,1,12,2,0,0,0,1,0,0,1,0,0,2,22,15,22,59,3,3,1,7,13,2,1,5,24,0,0,1,0,187,2056,0,0,0,0,2243,34581,0,0,0,851,0,0,1495,0,0,2346,407,2439,39733,42579,81749,2056,1168,0,2471,9010,935,93,2667,24179,0,1325,9367,0,10748,505,0,35329,21401,1308,1766,81749,0,821,0,0,0,0,0,15889,944,0,0,17653,1,1.86923930269414
Pinckney Police Department,1998,Michigan,1964,MI47667,7,2,0,0,2,1,12,2,0,0,0,1,0,0,1,0,0,2,22,15,22,59,3,3,1,7,13,2,1,5,24,0,0,1,0,187,2056,0,0,0,0,2243,34581,0,0,0,851,0,0,1495,0,0,2346,407,2439,39733,42579,81749,2056,1168,0,2471,9010,935,93,2667,24179,0,1325,9367,0,10748,505,0,35329,21401,1308,1766,81749,0,821,0,0,0,0,0,15889,944,0,0,17653,1,1.86923930269414
Pinckney Police Department,1997,Michigan,1902,MI47667,7,6,0,2,0,0,15,6,0,3,0,0,0,0,0,0,0,0,30,13,24,67,3,1,0,13,13,1,0,9,27,0,0,1,0,6221,9892,0,0,3208,0,19320,68337,0,0,0,0,0,0,0,0,0,0,850,2792,44717,48360,136018,6245,152,0,13404,20118,19,0,480,7942,2094,1775,15780,1082,8622,6055,0,68337,26109,621,5543,136018,0,66,4746,0,42,0,0,2847,224,0,522,8447,1,1.89825511369536
Pinckney Police Department,1997,Michigan,1902,MI47667,7,6,0,2,0,0,15,6,0,3,0,0,0,0,0,0,0,0,30,13,24,67,3,1,0,13,13,1,0,9,27,0,0,1,0,6221,9892,0,0,3208,0,19320,68337,0,0,0,0,0,0,0,0,0,0,850,2792,44717,48360,136018,6245,152,0,13404,20118,19,0,480,7942,2094,1775,15780,1082,8622,6055,0,68337,26109,621,5543,136018,0,66,4746,0,42,0,0,2847,224,0,522,8447,1,1.89825511369536
Pinckney Police Department,1996,Michigan,1867,MI47667,5,4,3,5,5,2,24,3,0,2,0,0,0,0,0,0,0,0,24,22,24,70,3,6,0,16,11,0,1,5,28,0,0,2,0,14362,1783,796,5634,11677,3885,38138,8742,0,0,0,0,0,0,0,0,0,0,585,4653,26775,32013,78892,814,1943,0,11116,5410,0,837,365,11528,97,791,21043,2446,2075,9189,0,11073,20518,606,11056,78892,0,150,0,0,0,971,0,4857,971,0,0,6949,1,1.94263043247264
Pinckney Police Department,1996,Michigan,1867,MI47667,5,4,3,5,5,2,24,3,0,2,0,0,0,0,0,0,0,0,24,22,24,70,3,6,0,16,11,0,1,5,28,0,0,2,0,14362,1783,796,5634,11677,3885,38138,8742,0,0,0,0,0,0,0,0,0,0,585,4653,26775,32013,78892,814,1943,0,11116,5410,0,837,365,11528,97,791,21043,2446,2075,9189,0,11073,20518,606,11056,78892,0,150,0,0,0,971,0,4857,971,0,0,6949,1,1.94263043247264
Pinckney Police Department,1995,Michigan,1859,MI47667,0,0,0,1,0,1,2,3,0,0,0,0,0,0,0,0,0,0,3,3,8,14,1,1,0,6,0,0,0,2,4,0,0,0,0,0,0,0,0,10,0,10,20296,0,0,0,0,0,0,0,0,0,0,92,748,21619,22459,42765,5399,150,0,14621,0,0,0,82,2208,300,400,0,0,0,1250,0,20296,4679,0,15841,42765,0,4,0,0,0,0,0,0,0,0,0,4,1,1.99957289729848
Pinckney Police Department,1995,Michigan,1859,MI47667,0,0,0,1,0,1,2,3,0,0,0,0,0,0,0,0,0,0,3,3,8,14,1,1,0,6,0,0,0,2,4,0,0,0,0,0,0,0,0,10,0,10,20296,0,0,0,0,0,0,0,0,0,0,92,748,21619,22459,42765,5399,150,0,14621,0,0,0,82,2208,300,400,0,0,0,1250,0,20296,4679,0,15841,42765,0,4,0,0,0,0,0,0,0,0,0,4,1,1.99957289729848
Pinckney Police Department,1994,Michigan,1741,MI47667,1,2,1,0,1,1,6,2,0,0,0,0,0,0,1,0,0,1,6,7,6,19,1,3,0,7,1,0,0,0,7,0,0,0,0,352,14595,32891,2,0,6373,54212,10379,0,0,0,0,0,0,1242,0,0,1242,103,1727,6917,8747,74580,12,516,0,3754,411,0,0,0,4054,3597,1242,997,0,1645,2158,0,10379,43810,0,10751,74580,0,0,0,0,0,0,0,0,0,0,1614,1614,1,2.05566930904593
Pinckney Police Department,1994,Michigan,1741,MI47667,1,2,1,0,1,1,6,2,0,0,0,0,0,0,1,0,0,1,6,7,6,19,1,3,0,7,1,0,0,0,7,0,0,0,0,352,14595,32891,2,0,6373,54212,10379,0,0,0,0,0,0,1242,0,0,1242,103,1727,6917,8747,74580,12,516,0,3754,411,0,0,0,4054,3597,1242,997,0,1645,2158,0,10379,43810,0,10751,74580,0,0,0,0,0,0,0,0,0,0,1614,1614,1,2.05566930904593
Pinckney Police Department,1993,Michigan,1738,MI47667,0,1,1,0,0,1,3,2,0,0,0,0,0,0,0,0,0,0,16,4,12,32,2,4,0,8,2,0,0,4,12,1,1,2,0,2,0,2,0,0,2,6,151867,0,0,0,0,0,0,0,0,0,0,118,814,11658,12590,164464,23,1375,0,5864,529,0,0,36,4763,0,70,612,0,0,1371,0,151867,8237,0,2308,164464,0,6,0,0,0,0,0,73824,764,0,580,75174,1,2.10926968560715
Pinckney Police Department,1993,Michigan,1738,MI47667,0,1,1,0,0,1,3,2,0,0,0,0,0,0,0,0,0,0,16,4,12,32,2,4,0,8,2,0,0,4,12,1,1,2,0,2,0,2,0,0,2,6,151867,0,0,0,0,0,0,0,0,0,0,118,814,11658,12590,164464,23,1375,0,5864,529,0,0,36,4763,0,70,612,0,0,1371,0,151867,8237,0,2308,164464,0,6,0,0,0,0,0,73824,764,0,580,75174,1,2.10926968560715
Pinckney Police Department,1992,Michigan,1626,MI47667,3,5,3,0,6,6,23,2,0,0,0,0,0,0,0,0,0,0,5,10,7,22,2,3,2,5,1,0,0,0,9,0,0,0,0,11,2198,1262,790,0,35567,39828,20847,0,0,0,0,0,0,0,0,0,0,30,2578,11450,14058,74733,2063,2476,871,1596,5394,0,0,0,1659,0,24,979,0,0,1205,0,20847,38812,0,12866,74733,0,0,0,0,0,0,0,0,54,0,0,54,1,2.17152809122224
Pinckney Police Department,1992,Michigan,1626,MI47667,3,5,3,0,6,6,23,2,0,0,0,0,0,0,0,0,0,0,5,10,7,22,2,3,2,5,1,0,0,0,9,0,0,0,0,11,2198,1262,790,0,35567,39828,20847,0,0,0,0,0,0,0,0,0,0,30,2578,11450,14058,74733,2063,2476,871,1596,5394,0,0,0,1659,0,24,979,0,0,1205,0,20847,38812,0,12866,74733,0,0,0,0,0,0,0,0,54,0,0,54,1,2.17152809122224
Pinckney Police Department,1991,Michigan,1615,MI47667,0,2,0,0,1,2,5,4,0,2,0,0,0,0,0,0,0,0,35,4,11,50,1,2,0,10,5,0,0,2,30,2,0,2,0,4,0,0,2,0,338,345,33336,0,0,0,0,0,0,0,0,0,0,620,1145,20655,22420,56100,2,291,0,3902,10654,0,0,20,7551,0,1430,4564,0,0,0,0,33336,12281,671,3819,56100,0,0,0,0,0,0,0,0,22,0,0,22,1,2.23729976136572
Pinckney Police Department,1991,Michigan,1615,MI47667,0,2,0,0,1,2,5,4,0,2,0,0,0,0,0,0,0,0,35,4,11,50,1,2,0,10,5,0,0,2,30,2,0,2,0,4,0,0,2,0,338,345,33336,0,0,0,0,0,0,0,0,0,0,620,1145,20655,22420,56100,2,291,0,3902,10654,0,0,20,7551,0,1430,4564,0,0,0,0,33336,12281,671,3819,56100,0,0,0,0,0,0,0,0,22,0,0,22,1,2.23729976136572
Pinckney Police Department,1990,Michigan,1603,MI47667,3,4,0,0,17,2,26,2,0,0,0,0,0,0,0,1,0,1,21,12,12,45,0,3,0,16,3,0,0,1,22,2,0,2,0,1488,3111,0,15727,0,5,20331,21921,0,0,0,0,0,0,0,2,0,2,378,2857,15767,19002,61256,0,793,0,6525,6639,0,0,2,5042,597,133,1665,4093,536,6483,0,21921,15361,0,10466,61256,128,47,0,3335,0,0,0,21921,205,0,700,26336,1,2.33204860003827
Pinckney Police Department,1990,Michigan,1603,MI47667,3,4,0,0,17,2,26,2,0,0,0,0,0,0,0,1,0,1,21,12,12,45,0,3,0,16,3,0,0,1,22,2,0,2,0,1488,3111,0,15727,0,5,20331,21921,0,0,0,0,0,0,0,2,0,2,378,2857,15767,19002,61256,0,793,0,6525,6639,0,0,2,5042,597,133,1665,4093,536,6483,0,21921,15361,0,10466,61256,128,47,0,3335,0,0,0,21921,205,0,700,26336,1,2.33204860003827
Pinckney Police Department,1989,Michigan,1796,MI47667,0,1,1,1,2,5,10,8,0,0,0,0,0,0,0,0,0,0,24,11,9,44,2,3,0,11,4,0,0,2,22,3,0,3,0,2,0,737,39,2,393,1175,41539,0,0,0,0,0,0,0,0,0,0,740,2888,12103,15731,58445,774,1020,0,6961,1504,0,0,5,5466,0,285,600,0,270,0,0,41551,14674,843,221,58445,0,2,0,0,0,0,0,2212,725,0,0,2940,1,2.45793156762571
Pinckney Police Department,1989,Michigan,1796,MI47667,0,1,1,1,2,5,10,8,0,0,0,0,0,0,0,0,0,0,24,11,9,44,2,3,0,11,4,0,0,2,22,3,0,3,0,2,0,737,39,2,393,1175,41539,0,0,0,0,0,0,0,0,0,0,740,2888,12103,15731,58445,774,1020,0,6961,1504,0,0,5,5466,0,285,600,0,270,0,0,41551,14674,843,221,58445,0,2,0,0,0,0,0,2212,725,0,0,2940,1,2.45793156762571
Pinckney Police Department,1988,Michigan,1615,MI47667,1,2,0,0,4,1,8,2,0,0,0,0,1,1,0,0,0,2,21,6,10,37,1,0,0,5,5,0,0,2,24,1,0,1,0,5,3,0,11754,0,3,11765,18809,0,0,0,0,3623,3,0,0,0,3625,124,1742,40769,42635,76833,3,0,0,10956,22282,0,0,8,9386,0,5158,21599,0,0,13,0,18809,15748,0,15506,76833,0,0,0,0,0,0,0,6441,178,0,1206,7825,1,2.57657599887252
Pinckney Police Department,1988,Michigan,1615,MI47667,1,2,0,0,4,1,8,2,0,0,0,0,1,1,0,0,0,2,21,6,10,37,1,0,0,5,5,0,0,2,24,1,0,1,0,5,3,0,11754,0,3,11765,18809,0,0,0,0,3623,3,0,0,0,3625,124,1742,40769,42635,76833,3,0,0,10956,22282,0,0,8,9386,0,5158,21599,0,0,13,0,18809,15748,0,15506,76833,0,0,0,0,0,0,0,6441,178,0,1206,7825,1,2.57657599887252
Pinckney Police Department,1987,Michigan,1548,MI47667,1,2,3,0,4,1,11,1,0,1,0,0,0,0,0,0,0,0,21,22,16,59,2,3,1,25,8,0,0,3,17,1,0,1,0,3489,1676,1504,5755,0,27,12451,12872,0,0,0,0,0,0,0,0,0,0,263,6683,22646,29592,54915,491,1199,3,9568,9512,0,0,397,8423,1327,142,8082,670,0,617,0,15554,19959,0,8562,54915,174,0,107,0,0,0,0,1341,737,0,609,2969,1,2.68164209754309
Pinckney Police Department,1987,Michigan,1548,MI47667,1,2,3,0,4,1,11,1,0,1,0,0,0,0,0,0,0,0,21,22,16,59,2,3,1,25,8,0,0,3,17,1,0,1,0,3489,1676,1504,5755,0,27,12451,12872,0,0,0,0,0,0,0,0,0,0,263,6683,22646,29592,54915,491,1199,3,9568,9512,0,0,397,8423,1327,142,8082,670,0,617,0,15554,19959,0,8562,54915,174,0,107,0,0,0,0,1341,737,0,609,2969,1,2.68164209754309
Pinckney Police Department,1986,Michigan,1482,MI47667,1,2,0,0,4,3,10,2,0,0,0,0,0,0,0,0,0,0,36,14,7,57,3,3,1,16,6,0,1,2,25,0,0,0,0,701,69,0,356,0,1526,2652,13346,0,0,0,0,0,0,0,0,0,0,842,4862,81807,87512,103510,5115,973,42,3019,62387,0,28,31,15918,167,350,976,0,0,55598,0,13346,30724,0,2349,103510,0,0,0,0,0,0,0,0,2224,0,222,2446,1,2.7799125674751
Pinckney Police Department,1986,Michigan,1482,MI47667,1,2,0,0,4,3,10,2,0,0,0,0,0,0,0,0,0,0,36,14,7,57,3,3,1,16,6,0,1,2,25,0,0,0,0,701,69,0,356,0,1526,2652,13346,0,0,0,0,0,0,0,0,0,0,842,4862,81807,87512,103510,5115,973,42,3019,62387,0,28,31,15918,167,350,976,0,0,55598,0,13346,30724,0,2349,103510,0,0,0,0,0,0,0,0,2224,0,222,2446,1,2.7799125674751
Pinckney Police Department,1985,Michigan,1416,MI47667,0,1,3,0,3,1,8,3,0,0,0,0,0,0,0,0,0,0,22,16,4,42,2,6,0,5,7,0,0,0,22,0,0,0,0,340,0,20,496,0,3,858,1493,0,0,0,0,0,0,0,0,0,0,142,5575,13600,19316,21667,3158,1770,0,2411,1997,0,0,0,9980,0,201,1912,0,62,283,0,6,16582,0,2620,21667,0,0,0,0,0,0,0,0,0,0,0,0,1,2.83267663464518
Pinckney Police Department,1985,Michigan,1416,MI47667,0,1,3,0,3,1,8,3,0,0,0,0,0,0,0,0,0,0,22,16,4,42,2,6,0,5,7,0,0,0,22,0,0,0,0,340,0,20,496,0,3,858,1493,0,0,0,0,0,0,0,0,0,0,142,5575,13600,19316,21667,3158,1770,0,2411,1997,0,0,0,9980,0,201,1912,0,62,283,0,6,16582,0,2620,21667,0,0,0,0,0,0,0,0,0,0,0,0,1,2.83267663464518
Pinckney Police Department,1984,Michigan,1414,MI47667,0,5,4,1,3,1,14,6,0,0,0,0,0,0,0,0,0,0,40,14,11,65,4,2,2,6,12,0,0,2,37,1,0,1,0,241,0,543,2608,3,12,3405,43460,0,0,0,0,0,0,0,0,0,0,534,4059,15150,19743,66608,1030,730,6,1194,11639,0,0,6,5139,689,264,7764,0,733,0,0,46029,6072,0,5057,66608,0,3,0,0,733,0,0,2566,147,0,0,3449,1,2.9331132680892
Pinckney Police Department,1984,Michigan,1414,MI47667,0,5,4,1,3,1,14,6,0,0,0,0,0,0,0,0,0,0,40,14,11,65,4,2,2,6,12,0,0,2,37,1,0,1,0,241,0,543,2608,3,12,3405,43460,0,0,0,0,0,0,0,0,0,0,534,4059,15150,19743,66608,1030,730,6,1194,11639,0,0,6,5139,689,264,7764,0,733,0,0,46029,6072,0,5057,66608,0,3,0,0,733,0,0,2566,147,0,0,3449,1,2.9331132680892
Pinckney Police Department,1983,Michigan,1364,MI47667,2,3,2,0,4,2,13,1,0,0,0,0,0,0,0,0,0,0,27,17,3,47,1,6,0,5,8,0,0,0,27,0,0,0,0,6125,385,6,24,0,132,6672,3,0,0,0,0,0,0,0,0,0,0,535,5764,6223,12522,19197,229,2203,0,982,2059,0,0,0,7049,184,113,1704,0,0,511,0,3674,11191,0,1820,19197,0,0,1022,0,0,3,0,0,76,0,0,1101,1,3.05925284471218
Pinckney Police Department,1983,Michigan,1364,MI47667,2,3,2,0,4,2,13,1,0,0,0,0,0,0,0,0,0,0,27,17,3,47,1,6,0,5,8,0,0,0,27,0,0,0,0,6125,385,6,24,0,132,6672,3,0,0,0,0,0,0,0,0,0,0,535,5764,6223,12522,19197,229,2203,0,982,2059,0,0,0,7049,184,113,1704,0,0,511,0,3674,11191,0,1820,19197,0,0,1022,0,0,3,0,0,76,0,0,1101,1,3.05925284471218
Pinckney Police Department,1982,Michigan,1371,MI47667,1,2,0,0,1,0,4,0,0,0,0,0,0,0,0,0,0,0,12,0,1,13,0,0,0,2,2,0,0,0,9,0,0,0,0,0,0,0,0,0,0,0,0,0,0,0,0,0,0,0,0,0,0,0,0,1415,1415,1415,0,0,0,0,1415,0,0,0,0,0,0,0,0,0,0,0,0,1415,0,0,1415,0,0,0,0,0,0,0,0,0,0,0,0,1,3.15752936096719
Pinckney Police Department,1982,Michigan,1371,MI47667,1,2,0,0,1,0,4,0,0,0,0,0,0,0,0,0,0,0,12,0,1,13,0,0,0,2,2,0,0,0,9,0,0,0,0,0,0,0,0,0,0,0,0,0,0,0,0,0,0,0,0,0,0,0,0,1415,1415,1415,0,0,0,0,1415,0,0,0,0,0,0,0,0,0,0,0,0,1415,0,0,1415,0,0,0,0,0,0,0,0,0,0,0,0,1,3.15752936096719
Pinckney Police Department,1981,Michigan,1385,MI47667,0,1,1,1,1,5,9,5,0,0,0,0,0,0,0,0,0,0,59,14,6,79,10,6,0,10,6,0,0,0,47,2,0,2,0,0,0,0,0,0,0,0,0,0,0,0,0,0,0,0,0,0,0,509,4521,17724,22754,22754,4310,5023,0,1977,1605,0,0,0,9839,268,111,473,828,50,392,0,0,19540,0,1092,22754,0,190344,0,0,0,0,0,0,0,0,0,190344,1,3.35113096874714
Pinckney Police Department,1981,Michigan,1385,MI47667,0,1,1,1,1,5,9,5,0,0,0,0,0,0,0,0,0,0,59,14,6,79,10,6,0,10,6,0,0,0,47,2,0,2,0,0,0,0,0,0,0,0,0,0,0,0,0,0,0,0,0,0,0,509,4521,17724,22754,22754,4310,5023,0,1977,1605,0,0,0,9839,268,111,473,828,50,392,0,0,19540,0,1092,22754,0,190344,0,0,0,0,0,0,0,0,0,190344,1,3.35113096874714
Pinckney Police Department,1980,Michigan,1389,MI47667,0,0,2,1,1,9,13,3,0,1,0,0,0,0,0,0,0,0,51,9,6,66,5,4,0,9,5,0,1,1,41,2,0,2,0,0,0,185,0,0,359,544,651,0,0,0,0,0,0,0,0,0,0,695,3520,11299,15515,16709,1083,370,0,4093,2067,0,0,89,7813,370,89,821,185,229,370,0,1479,11651,0,1516,16709,0,0,148,0,0,0,0,0,89,0,0,237,1,3.69746081504702
Pinckney Police Department,1980,Michigan,1389,MI47667,0,0,2,1,1,9,13,3,0,1,0,0,0,0,0,0,0,0,51,9,6,66,5,4,0,9,5,0,1,1,41,2,0,2,0,0,0,185,0,0,359,544,651,0,0,0,0,0,0,0,0,0,0,695,3520,11299,15515,16709,1083,370,0,4093,2067,0,0,89,7813,370,89,821,185,229,370,0,1479,11651,0,1516,16709,0,0,148,0,0,0,0,0,89,0,0,237,1,3.69746081504702
Pinckney Police Department,1979,Michigan,1357,MI47667,5,2,3,1,2,7,20,6,1,0,0,0,0,0,0,0,0,0,56,3,3,62,7,7,0,14,6,0,0,2,26,6,0,6,0,0,0,0,0,0,1595,1595,840,0,0,0,0,0,0,0,0,0,0,134,1171,15576,16882,19317,0,592,0,4173,4198,0,0,0,7918,25,0,50,756,0,4198,0,8397,5890,0,0,19317,0,0,0,0,0,0,0,0,0,0,0,0,1,4.19843724882306
Pinckney Police Department,1979,Michigan,1357,MI47667,5,2,3,1,2,7,20,6,1,0,0,0,0,0,0,0,0,0,56,3,3,62,7,7,0,14,6,0,0,2,26,6,0,6,0,0,0,0,0,0,1595,1595,840,0,0,0,0,0,0,0,0,0,0,134,1171,15576,16882,19317,0,592,0,4173,4198,0,0,0,7918,25,0,50,756,0,4198,0,8397,5890,0,0,19317,0,0,0,0,0,0,0,0,0,0,0,0,1,4.19843724882306
Pinckney Police Department,1978,Michigan,1371,MI47667,0,1,2,2,5,6,16,1,0,1,0,0,0,0,0,0,0,0,20,5,4,29,2,4,0,1,3,0,0,0,19,0,0,0,0,0,0,0,210,3559,22897,26666,0,0,0,0,0,0,0,0,0,0,0,402,10757,1868,13027,39694,0,163,0,5,537,0,0,0,12322,579,481,280,1868,0,117,0,22897,9277,140,4054,39694,0,0,0,0,0,14,0,22897,0,0,2055,24966,1,4.67094915687277
Pinckney Police Department,1978,Michigan,1371,MI47667,0,1,2,2,5,6,16,1,0,1,0,0,0,0,0,0,0,0,20,5,4,29,2,4,0,1,3,0,0,0,19,0,0,0,0,0,0,0,210,3559,22897,26666,0,0,0,0,0,0,0,0,0,0,0,402,10757,1868,13027,39694,0,163,0,5,537,0,0,0,12322,579,481,280,1868,0,117,0,22897,9277,140,4054,39694,0,0,0,0,0,14,0,22897,0,0,2055,24966,1,4.67094915687277
Pinckney Police Department,1977,Michigan,1466,MI47667,0,0,7,1,2,12,22,7,0,0,0,0,0,0,0,0,0,0,31,2,0,33,0,0,0,2,0,0,0,0,31,0,0,0,0,0,0,930,0,0,1634,2564,11990,0,0,0,0,0,0,0,0,0,0,0,11799,0,11799,26354,0,0,0,1508,0,0,0,0,10291,0,121,50,0,0,0,0,14253,4419,0,7511,26354,0,0,0,0,0,0,0,0,5465,0,754,6219,1,5.02738759796508
Pinckney Police Department,1977,Michigan,1466,MI47667,0,0,7,1,2,12,22,7,0,0,0,0,0,0,0,0,0,0,31,2,0,33,0,0,0,2,0,0,0,0,31,0,0,0,0,0,0,930,0,0,1634,2564,11990,0,0,0,0,0,0,0,0,0,0,0,11799,0,11799,26354,0,0,0,1508,0,0,0,0,10291,0,121,50,0,0,0,0,14253,4419,0,7511,26354,0,0,0,0,0,0,0,0,5465,0,754,6219,1,5.02738759796508
Pinckney Police Department,1976,Michigan,1400,MI47667,0,2,3,0,10,2,17,2,0,0,0,0,0,0,0,0,0,0,15,20,15,50,12,4,1,13,7,0,1,2,10,0,0,0,0,3721,0,0,6655,0,0,10377,63180,0,0,0,0,0,0,0,0,0,0,2479,9723,22809,35011,108568,3346,910,0,13000,4540,0,241,32,12941,4851,32,2292,3614,589,0,0,63180,26091,0,7919,108568,4690,32,0,0,0,0,0,0,3887,0,2409,11019,1,5.35425245277493
Pinckney Police Department,1976,Michigan,1400,MI47667,0,2,3,0,10,2,17,2,0,0,0,0,0,0,0,0,0,0,15,20,15,50,12,4,1,13,7,0,1,2,10,0,0,0,0,3721,0,0,6655,0,0,10377,63180,0,0,0,0,0,0,0,0,0,0,2479,9723,22809,35011,108568,3346,910,0,13000,4540,0,241,32,12941,4851,32,2292,3614,589,0,0,63180,26091,0,7919,108568,4690,32,0,0,0,0,0,0,3887,0,2409,11019,1,5.35425245277493
Pinckney Police Department,1975,Michigan,1345,MI47667,2,3,6,0,9,4,24,2,0,0,0,0,0,0,0,0,0,0,25,18,2,45,9,9,2,8,7,0,1,0,9,0,0,0,0,19494,0,5747,9461,0,2236,36938,2831,0,0,0,0,0,0,0,0,0,0,1755,11386,7247,20388,60157,4252,4433,345,4614,1868,0,538,34,4303,4801,323,7621,0,0,15887,1285,2831,19556,255,7598,60157,0,11,130,0,0,0,0,0,2282,0,1274,3697,1,5.66184422421803
Pinckney Police Department,1975,Michigan,1345,MI47667,2,3,6,0,9,4,24,2,0,0,0,0,0,0,0,0,0,0,25,18,2,45,9,9,2,8,7,0,1,0,9,0,0,0,0,19494,0,5747,9461,0,2236,36938,2831,0,0,0,0,0,0,0,0,0,0,1755,11386,7247,20388,60157,4252,4433,345,4614,1868,0,538,34,4303,4801,323,7621,0,0,15887,1285,2831,19556,255,7598,60157,0,11,130,0,0,0,0,0,2282,0,1274,3697,1,5.66184422421803
Pinckney Police Department,1974,Michigan,1079,MI47667,0,1,0,0,0,0,1,0,0,0,0,0,0,0,0,0,0,0,2,2,1,5,1,1,0,2,1,0,0,0,0,0,0,0,0,0,0,0,0,0,0,0,0,0,0,0,0,0,0,0,0,0,0,0,1551,3028,4579,4579,130,433,0,989,3028,0,0,0,0,3028,0,0,0,0,0,0,0,1551,0,0,4579,0,0,0,0,0,0,0,0,0,0,0,0,1,6.17951495690384
Pinckney Police Department,1974,Michigan,1079,MI47667,0,1,0,0,0,0,1,0,0,0,0,0,0,0,0,0,0,0,2,2,1,5,1,1,0,2,1,0,0,0,0,0,0,0,0,0,0,0,0,0,0,0,0,0,0,0,0,0,0,0,0,0,0,0,1551,3028,4579,4579,130,433,0,989,3028,0,0,0,0,3028,0,0,0,0,0,0,0,1551,0,0,4579,0,0,0,0,0,0,0,0,0,0,0,0,1,6.17951495690384
Pinckney Police Department,1973,Michigan,1011,MI47667,0,0,0,0,2,2,4,1,0,0,0,0,0,0,0,0,0,0,2,0,4,6,1,0,0,3,1,0,0,0,1,1,0,1,0,0,0,0,220,0,0,220,0,0,0,0,0,0,0,0,0,0,0,7,0,8084,8091,8311,474,0,0,3431,4179,0,0,0,7,0,0,41,0,0,0,0,0,8269,0,0,8311,0,0,0,0,0,0,0,0,7,0,0,7,1,6.86264827327328
Pinckney Police Department,1973,Michigan,1011,MI47667,0,0,0,0,2,2,4,1,0,0,0,0,0,0,0,0,0,0,2,0,4,6,1,0,0,3,1,0,0,0,1,1,0,1,0,0,0,0,220,0,0,220,0,0,0,0,0,0,0,0,0,0,0,7,0,8084,8091,8311,474,0,0,3431,4179,0,0,0,7,0,0,41,0,0,0,0,0,8269,0,0,8311,0,0,0,0,0,0,0,0,7,0,0,7,1,6.86264827327328
Pinckney Police Department,1972,Michigan,999,MI47667,1,1,1,0,7,2,12,1,0,0,1,0,0,0,0,0,0,1,4,12,7,23,10,2,0,7,1,0,0,1,3,0,1,1,1,0,364,0,6762,0,0,7126,7287,0,0,22086,0,0,0,0,0,0,22086,51,2426,9094,11571,48070,1370,656,0,3301,619,0,0,0,5625,583,0,22253,0,0,0,0,7287,17947,0,0,48070,0,0,21131,0,0,0,0,7287,291,0,0,28709,1,7.28660621761658
Pinckney Police Department,1972,Michigan,999,MI47667,1,1,1,0,7,2,12,1,0,0,1,0,0,0,0,0,0,1,4,12,7,23,10,2,0,7,1,0,0,1,3,0,1,1,1,0,364,0,6762,0,0,7126,7287,0,0,22086,0,0,0,0,0,0,22086,51,2426,9094,11571,48070,1370,656,0,3301,619,0,0,0,5625,583,0,22253,0,0,0,0,7287,17947,0,0,48070,0,0,21131,0,0,0,0,7287,291,0,0,28709,1,7.28660621761658
Pinckney Police Department,1971,Michigan,937,MI47667,0,1,1,0,4,0,6,0,0,0,0,0,0,0,0,0,0,0,1,9,6,16,3,4,2,4,2,0,0,0,1,0,0,0,0,0,0,0,8195,0,0,8195,0,0,0,0,0,0,0,0,0,0,0,30,2250,4673,6953,15148,715,1309,903,1987,256,0,0,0,1783,0,0,534,0,0,0,0,0,14606,0,0,15140,0,0,0,0,0,0,0,0,1339,0,0,1339,1,7.52504424778761
Pinckney Police Department,1971,Michigan,937,MI47667,0,1,1,0,4,0,6,0,0,0,0,0,0,0,0,0,0,0,1,9,6,16,3,4,2,4,2,0,0,0,1,0,0,0,0,0,0,0,8195,0,0,8195,0,0,0,0,0,0,0,0,0,0,0,30,2250,4673,6953,15148,715,1309,903,1987,256,0,0,0,1783,0,0,534,0,0,0,0,0,14606,0,0,15140,0,0,0,0,0,0,0,0,1339,0,0,1339,1,7.52504424778761
Pinckney Police Department,1970,Michigan,921,MI47667,0,0,0,0,0,0,0,0,0,0,0,0,0,0,0,0,0,0,0,0,0,0,0,0,0,0,0,0,0,0,0,0,0,0,0,0,0,0,0,0,0,0,0,0,0,0,0,0,0,0,0,0,0,0,0,0,0,0,0,0,0,0,0,0,0,0,0,0,0,0,0,0,0,0,0,0,0,0,0,0,0,0,0,0,0,0,0,0,0,0,0,1,7.84807684052372
Pinckney Police Department,1970,Michigan,921,MI47667,0,0,0,0,0,0,0,0,0,0,0,0,0,0,0,0,0,0,0,0,0,0,0,0,0,0,0,0,0,0,0,0,0,0,0,0,0,0,0,0,0,0,0,0,0,0,0,0,0,0,0,0,0,0,0,0,0,0,0,0,0,0,0,0,0,0,0,0,0,0,0,0,0,0,0,0,0,0,0,0,0,0,0,0,0,0,0,0,0,0,0,1,7.84807684052372
