agency,year,state,population,ORI,offenses_burg_resident_day,offenses_burg_resident_night,offenses_burg_resident_unk,offenses_burg_nonresident_day,offenses_burg_nonresident_night,offenses_burg_nonresident_unk,offenses_burg_total,offenses_motor_vehicle_theft,offenses_murder,offenses_rape,offenses_robbery_bank,offenses_robbery_chain_store,offenses_robbery_gas_station,offenses_robbery_highway,offenses_robbery_house,offenses_robbery_misc,offenses_robbery_residence,offenses_robbery_total,offenses_theft_under_50,offenses_theft_50_to_200,offenses_theft_over_200,offenses_theft_total,offenses_theft_auto_part,offenses_theft_bicycle,offenses_theft_coin_machine,offenses_theft_from_auto,offenses_theft_from_building,offenses_theft_pick_pocket,offenses_theft_purse_snatch,offenses_theft_shoplift,offenses_theft_all_other,auto_stolen_recover_local,auto_stolen_recovered_other,auto_theft_total,auto_stole_oth_recover_local,value_burg_resident_night,value_burg_resident_day,value_burg_resident_unk,value_burg_nonresident_night,value_burg_nonresident_day,value_burg_nonresident_unk,value_burg_total,value_motor_vehicle_theft,value_murder,value_rape,value_robbery_bank,value_robbery_chain_store,value_robbery_gas_station,value_robbery_highway,value_robbery_house,value_robbery_misc,value_robbery_residence,value_robbery_total,value_theft_under_50,value_theft_50_to_200,value_theft_over_200,value_theft_total,value_total_all_values,value_theft_auto_part,value_theft_bicycle,value_theft_coin_machine,value_theft_from_auto,value_theft_from_building,value_theft_pick_pocket,value_theft_purse_snatch,value_theft_shoplift,value_theft_all_other,value_stolen_clothing_or_fur,value_stolen_consumable_good,value_stolen_currency,value_stolen_guns,value_stolen_household_good,value_stolen_jewel_metal,value_stolen_livestock,value_stolen_local_mtr_veh,value_stolen_misc,value_stolen_office_equip,value_stolen_tv_and_radio,value_stolen_total,value_recovered_clothing_or_fur,value_recovered_consumable_good,value_recovered_currency,value_recovered_guns,value_recovered_house_good,value_recovered_jewel_metal,value_recovered_livestock,value_recovered_local_mtv_veh,value_recovered_misc,value_recovered_office_equip,value_recovered_tv_and_radio,value_recovered_total,price,in_2023_dollars
Aitkin County Sheriff's Office,2023,Minnesota,13193,MN00100,13,7510001,5357100,1620000,400000,98803,14985917,2003521,0,2,25720,20000,40030,300,9937,150530,170000,416517,88126,3650002,80001,3818129,7050002,5000006,450008,100000,1230030,1000450,0,100010,300002,1015260,1000100,10,2200060,1424100228,270059727,101080000,10150000,350000001,303000020,10351698,201000000,2000011,366600800,15018247,0,10540000,70186,402154500,500000,18003147,20001001,134360202,24000100,200000,498061130,139001,26500001,305651408,401000000,86000000,777080665,10000,47000000,5785,3000,40100200,57,1030000521,100300,3070000,4000,605000000,60560079,5000,793000400,190151,1305180,769010002,501001,130570002,1100201604,520001003,450921932,35517003,100100,768210743,0,20212,498000002,1,1
Aitkin County Sheriff's Office,2023,Minnesota,13193,MN00100,13,7510001,5357100,1620000,400000,98803,14985917,2003521,0,2,25720,20000,40030,300,9937,150530,170000,416517,88126,3650002,80001,3818129,7050002,5000006,450008,100000,1230030,1000450,0,100010,300002,1015260,1000100,10,2200060,1424100228,270059727,101080000,10150000,350000001,303000020,10351698,201000000,2000011,366600800,15018247,0,10540000,70186,402154500,500000,18003147,20001001,134360202,24000100,200000,498061130,139001,26500001,305651408,401000000,86000000,777080665,10000,47000000,5785,3000,40100200,57,1030000521,100300,3070000,4000,605000000,60560079,5000,793000400,190151,1305180,769010002,501001,130570002,1100201604,520001003,450921932,35517003,100100,768210743,0,20212,498000002,1,1
Aitkin County Sheriff's Office,2022,Minnesota,13017,MN00100,1000015,9020000,0,210002,110000,5197004,15537021,432241,411000,10,38995,3450070,4081110,4230,9140,3146095,2020001,12749641,318723,1500001,43000,1861724,7510001,100006,7920040,100000,1650000,1001700,24,200010,1700003,3000100,3000300,110,573,555877450,126070155,626270708,10859334,16658630,28215583,125100661,313390179,52370523,195118505,229884108,8329307,10463692,149565,521632538,624699,178152647,272784816,401160577,41646650,1353549,970514822,95787,27070770,755780876,313598411,1026692153,852765510,11453,13535413,177027558,52058,99806008,2551131,978693591,105782,10411634,41649659,1146429564,276220647,989108339,53100374,10419,490673233,365448351,625218622,37055051,1073560353,676769735,1263192526,600515987,105053,474012211,1042,210649234,1501357602,1,1.04116338383745
Aitkin County Sheriff's Office,2022,Minnesota,13017,MN00100,1000015,9020000,0,210002,110000,5197004,15537021,432241,411000,10,38995,3450070,4081110,4230,9140,3146095,2020001,12749641,318723,1500001,43000,1861724,7510001,100006,7920040,100000,1650000,1001700,24,200010,1700003,3000100,3000300,110,573,555877450,126070155,626270708,10859334,16658630,28215583,125100661,313390179,52370523,195118505,229884108,8329307,10463692,149565,521632538,624699,178152647,272784816,401160577,41646650,1353549,970514822,95787,27070770,755780876,313598411,1026692153,852765510,11453,13535413,177027558,52058,99806008,2551131,978693591,105782,10411634,41649659,1146429564,276220647,989108339,53100374,10419,490673233,365448351,625218622,37055051,1073560353,676769735,1263192526,600515987,105053,474012211,1042,210649234,1501357602,1,1.04116338383745
Aitkin County Sheriff's Office,2021,Minnesota,12963,MN00100,4250000,7018151,205200,2820002,100000,2600002,16993355,399725,180000,0,2035,4820000,130324,4810,500,341701,4520001,9819371,3015029,1700000,110131,4825160,2500004,2,40000,1200000,9411001,0,1000,700110,600005,5000101,4003000,100,8400,1022287211,337493115,792762464,11256101,225,3485917,258632479,1124598,44979432,1433610289,11246740,0,11550716,377741,341545860,1012037,59713118,11244861,977853622,1165812944,112451,550023765,271001,22489715,391433796,1515019546,647029916,199091362,11245,9220975,809632304,337,56899015,48375,551017802,114529,78717,5622,322858639,939316595,1113245247,529637032,562279145,9366976,337390661,11779032,70137544,304745722,78719615,1278923935,888915,115260,397405073,1124,78714,1121157131,1,1.12448560525052
Aitkin County Sheriff's Office,2021,Minnesota,12963,MN00100,4250000,7018151,205200,2820002,100000,2600002,16993355,399725,180000,0,2035,4820000,130324,4810,500,341701,4520001,9819371,3015029,1700000,110131,4825160,2500004,2,40000,1200000,9411001,0,1000,700110,600005,5000101,4003000,100,8400,1022287211,337493115,792762464,11256101,225,3485917,258632479,1124598,44979432,1433610289,11246740,0,11550716,377741,341545860,1012037,59713118,11244861,977853622,1165812944,112451,550023765,271001,22489715,391433796,1515019546,647029916,199091362,11245,9220975,809632304,337,56899015,48375,551017802,114529,78717,5622,322858639,939316595,1113245247,529637032,562279145,9366976,337390661,11779032,70137544,304745722,78719615,1278923935,888915,115260,397405073,1124,78714,1121157131,1,1.12448560525052
Aitkin County Sheriff's Office,2020,Minnesota,12884,MN00100,600023,7020001,8650111,6500001,110001,8307000,31187137,435877,5110000,2,46347,3850000,3401071,6010720,325910,72628,3005400,16712076,72007,251002,109201,432210,100000,2100002,7000000,500000,7498003,995,42,9000011,800009,2000101,1006600,17,1009460,1429496817,1164743816,943168707,11855535,12715091,80410487,259013243,943144925,317874343,483523365,954430548,26018614,16658971,117899968,590304531,1412775,130920112,20073181,1127513843,7475936,1177312,1551770824,224584,15305063,481963310,990119688,812937129,1067965010,117745363,24959061,353193907,824256692,130093106,12246442,1671793547,121381,11777,40048634,1834495485,610848526,235469535,96541850,17662,14953044,1694176102,954485386,54960631,1437619072,223704653,1778979030,198262989,121569,548487234,47104,3037500,963076823,1,1.17731235192711
Aitkin County Sheriff's Office,2020,Minnesota,12884,MN00100,600023,7020001,8650111,6500001,110001,8307000,31187137,435877,5110000,2,46347,3850000,3401071,6010720,325910,72628,3005400,16712076,72007,251002,109201,432210,100000,2100002,7000000,500000,7498003,995,42,9000011,800009,2000101,1006600,17,1009460,1429496817,1164743816,943168707,11855535,12715091,80410487,259013243,943144925,317874343,483523365,954430548,26018614,16658971,117899968,590304531,1412775,130920112,20073181,1127513843,7475936,1177312,1551770824,224584,15305063,481963310,990119688,812937129,1067965010,117745363,24959061,353193907,824256692,130093106,12246442,1671793547,121381,11777,40048634,1834495485,610848526,235469535,96541850,17662,14953044,1694176102,954485386,54960631,1437619072,223704653,1778979030,198262989,121569,548487234,47104,3037500,963076823,1,1.17731235192711
Aitkin County Sheriff's Office,2019,Minnesota,12900,MN00100,6000034,10320001,2359000,2000000,101000,0,20780035,57187,94384,1520,12875,4460010,1003567,7000,0,10064,3010001,8503517,520420,200,58111,578731,110000,100,9100000,400000,1330005,13005200,22,12800010,500001,3000100,6000010,10,5009,298436478,10867340,476734317,131272337,0,129075784,2671,1004836624,73893811,572320179,21861,0,32656293,727205514,1280985,596158,241942879,584952981,589178413,23838024,476974,588862455,125205,3699,26339805,1300292523,651219033,932087529,238379136,119184,2384049,1585,47792609,1681683,1299101882,119660,119185,10727,154938736,249701533,333722281,164474252,1036922554,4600497,249106430,239321,123672005,121805655,405228837,452672800,27924716,120614,135204564,1573224,407614,742525437,1,1.19183549339627
Aitkin County Sheriff's Office,2019,Minnesota,12900,MN00100,6000034,10320001,2359000,2000000,101000,0,20780035,57187,94384,1520,12875,4460010,1003567,7000,0,10064,3010001,8503517,520420,200,58111,578731,110000,100,9100000,400000,1330005,13005200,22,12800010,500001,3000100,6000010,10,5009,298436478,10867340,476734317,131272337,0,129075784,2671,1004836624,73893811,572320179,21861,0,32656293,727205514,1280985,596158,241942879,584952981,589178413,23838024,476974,588862455,125205,3699,26339805,1300292523,651219033,932087529,238379136,119184,2384049,1585,47792609,1681683,1299101882,119660,119185,10727,154938736,249701533,333722281,164474252,1036922554,4600497,249106430,239321,123672005,121805655,405228837,452672800,27924716,120614,135204564,1573224,407614,742525437,1,1.19183549339627
Aitkin County Sheriff's Office,2018,Minnesota,12811,MN00100,0,0,39,1,1,22,63,12,1,2,0,0,0,0,0,1,0,1,64,10,17,91,0,1,0,17,0,0,0,0,73,5,1,6,0,0,0,45249,1,1,6618,51869,21849,1,2,0,0,0,0,0,1,0,1,484,1069,19480,21034,116606,0,121,0,11822,0,0,0,0,9090,633,5,3599,248,379,0,0,24640,60629,1092,3532,94757,38,0,729,2,1,0,0,8498,4276,0,12,13556,1,1.21343405628813
Aitkin County Sheriff's Office,2018,Minnesota,12811,MN00100,0,0,39,1,1,22,63,12,1,2,0,0,0,0,0,1,0,1,64,10,17,91,0,1,0,17,0,0,0,0,73,5,1,6,0,0,0,45249,1,1,6618,51869,21849,1,2,0,0,0,0,0,1,0,1,484,1069,19480,21034,116606,0,121,0,11822,0,0,0,0,9090,633,5,3599,248,379,0,0,24640,60629,1092,3532,94757,38,0,729,2,1,0,0,8498,4276,0,12,13556,1,1.21343405628813
Aitkin County Sheriff's Office,2017,Minnesota,12612,MN00100,1,6,60,0,7,43,117,13,0,4,0,0,0,0,0,0,0,0,88,10,40,138,0,1,1,10,0,0,0,2,124,8,5,13,0,7,6,42995,4903,0,18640,66552,38543,0,5,0,0,0,0,0,0,0,0,699,1142,190317,192158,297257,0,218,1,8153,0,0,0,2,183783,2321,298,30468,4722,4622,2674,1,50973,188827,2859,9492,297257,1,0,35,1740,1244,0,0,32329,110998,0,375,146722,1,1.24307319386626
Aitkin County Sheriff's Office,2017,Minnesota,12612,MN00100,1,6,60,0,7,43,117,13,0,4,0,0,0,0,0,0,0,0,88,10,40,138,0,1,1,10,0,0,0,2,124,8,5,13,0,7,6,42995,4903,0,18640,66552,38543,0,5,0,0,0,0,0,0,0,0,699,1142,190317,192158,297257,0,218,1,8153,0,0,0,2,183783,2321,298,30468,4722,4622,2674,1,50973,188827,2859,9492,297257,1,0,35,1740,1244,0,0,32329,110998,0,375,146722,1,1.24307319386626
Aitkin County Sheriff's Office,2016,Minnesota,12957,MN00100,3,1,64,3,4,29,104,16,1,4,0,0,0,0,0,2,0,2,91,16,36,143,1,3,0,8,0,0,0,3,128,5,4,9,0,1,10159,430002,863,2667,57838,501531,96520,1,4,0,0,0,0,0,3,0,3,703,2011,963824,966538,1564597,4639,4,0,757,0,0,0,55,961084,541,1028,7701,3133,1325,25,0,158410,1387867,0,4567,1564597,0,1,0,447,0,0,0,79986,28781,0,763,109977,1,1.26955202032162
Aitkin County Sheriff's Office,2016,Minnesota,12957,MN00100,3,1,64,3,4,29,104,16,1,4,0,0,0,0,0,2,0,2,91,16,36,143,1,3,0,8,0,0,0,3,128,5,4,9,0,1,10159,430002,863,2667,57838,501531,96520,1,4,0,0,0,0,0,3,0,3,703,2011,963824,966538,1564597,4639,4,0,757,0,0,0,55,961084,541,1028,7701,3133,1325,25,0,158410,1387867,0,4567,1564597,0,1,0,447,0,0,0,79986,28781,0,763,109977,1,1.26955202032162
Aitkin County Sheriff's Office,2015,Minnesota,12986,MN00100,0,3,37,1,8,37,86,6,0,9,0,0,0,0,0,0,0,0,67,14,26,107,1,1,0,11,1,1,0,2,90,3,1,4,0,4,0,183762,2594960,276,43834,2822836,17999,0,12,0,0,0,0,0,0,0,0,553,1639,57322,59514,2900361,1864,1,0,296,257,129,0,3,56965,2192,1162,168204,7330,2884,3474,0,17999,94082,1,2603033,2900361,1562,0,0,0,0,0,0,16712,1,0,388,18664,1,1.28556847539769
Aitkin County Sheriff's Office,2015,Minnesota,12986,MN00100,0,3,37,1,8,37,86,6,0,9,0,0,0,0,0,0,0,0,67,14,26,107,1,1,0,11,1,1,0,2,90,3,1,4,0,4,0,183762,2594960,276,43834,2822836,17999,0,12,0,0,0,0,0,0,0,0,553,1639,57322,59514,2900361,1864,1,0,296,257,129,0,3,56965,2192,1162,168204,7330,2884,3474,0,17999,94082,1,2603033,2900361,1562,0,0,0,0,0,0,16712,1,0,388,18664,1,1.28556847539769
Aitkin County Sheriff's Office,2014,Minnesota,15649,MN00100,6,3,71,1,4,18,103,15,0,8,0,0,0,0,0,0,0,0,156,29,53,238,2,7,3,22,2,1,0,15,187,5,6,11,0,1304,27721,76933,441,129,17671,124199,552457,0,0,0,0,0,0,0,0,0,0,1164,4012,121969,127144,803800,1802,9,133,5917,1031,1004,0,199,117759,680,5918,57206,5072,4994,10172,1,598150,100777,5764,15776,804509,232,837,126,327,0,0,0,56381,5370,1,103,63376,1,1.28709350845562
Aitkin County Sheriff's Office,2014,Minnesota,15649,MN00100,6,3,71,1,4,18,103,15,0,8,0,0,0,0,0,0,0,0,156,29,53,238,2,7,3,22,2,1,0,15,187,5,6,11,0,1304,27721,76933,441,129,17671,124199,552457,0,0,0,0,0,0,0,0,0,0,1164,4012,121969,127144,803800,1802,9,133,5917,1031,1004,0,199,117759,680,5918,57206,5072,4994,10172,1,598150,100777,5764,15776,804509,232,837,126,327,0,0,0,56381,5370,1,103,63376,1,1.28709350845562
Aitkin County Sheriff's Office,2013,Minnesota,15887,MN00100,8,12,88,1,9,49,167,24,0,14,0,0,0,0,0,1,0,1,170,30,64,264,1,3,0,30,0,0,0,19,211,8,9,17,0,1316,10241,168663,8023,131,56198,244573,177611,0,0,0,0,0,0,0,2445,0,2445,908,3569,213510,217987,642615,1,65,0,22398,0,0,0,373,195152,3896,2411,50133,10504,27248,33880,0,231039,255450,7381,20675,642618,222,0,493,0,0,0,0,141175,11959,705,2029,156583,1,1.30797303509051
Aitkin County Sheriff's Office,2013,Minnesota,15887,MN00100,8,12,88,1,9,49,167,24,0,14,0,0,0,0,0,1,0,1,170,30,64,264,1,3,0,30,0,0,0,19,211,8,9,17,0,1316,10241,168663,8023,131,56198,244573,177611,0,0,0,0,0,0,0,2445,0,2445,908,3569,213510,217987,642615,1,65,0,22398,0,0,0,373,195152,3896,2411,50133,10504,27248,33880,0,231039,255450,7381,20675,642618,222,0,493,0,0,0,0,141175,11959,705,2029,156583,1,1.30797303509051
Aitkin County Sheriff's Office,2012,Minnesota,16324,MN00100,5,6,93,6,16,55,181,29,0,8,1,0,0,0,0,0,1,2,145,41,59,245,2,4,1,29,0,0,0,11,198,10,11,21,0,1643,1692,71222,25570,551,103831,204508,278912,0,0,1,0,0,0,0,0,1,3,1067,6117,183500,190684,674106,3,4,1,11581,0,0,0,337,178864,1494,6921,11918,13121,22786,1804,2402,362449,222409,7128,21781,674213,199,0,1,5707,1,0,1327,242880,7841,0,198,258154,1,1.32713265123532
Aitkin County Sheriff's Office,2012,Minnesota,16324,MN00100,5,6,93,6,16,55,181,29,0,8,1,0,0,0,0,0,1,2,145,41,59,245,2,4,1,29,0,0,0,11,198,10,11,21,0,1643,1692,71222,25570,551,103831,204508,278912,0,0,1,0,0,0,0,0,1,3,1067,6117,183500,190684,674106,3,4,1,11581,0,0,0,337,178864,1494,6921,11918,13121,22786,1804,2402,362449,222409,7128,21781,674213,199,0,1,5707,1,0,1327,242880,7841,0,198,258154,1,1.32713265123532
Aitkin County Sheriff's Office,2011,Minnesota,16327,MN00100,7,11,77,4,12,31,142,31,0,6,0,0,0,0,0,0,0,0,148,40,48,236,2,7,1,23,8,0,1,14,181,10,8,18,0,12361,2365,80173,2495,1574,28142,127110,161961,0,0,0,0,0,0,0,0,0,0,1630,4797,210016,216443,505513,3,169,1,2539,17306,0,0,393,196033,12659,1517,24849,4997,12346,11457,2845,224429,190631,4065,15720,505515,0,0,0,0,0,41,0,122961,344,0,481,123826,1,1.35459550174677
Aitkin County Sheriff's Office,2011,Minnesota,16327,MN00100,7,11,77,4,12,31,142,31,0,6,0,0,0,0,0,0,0,0,148,40,48,236,2,7,1,23,8,0,1,14,181,10,8,18,0,12361,2365,80173,2495,1574,28142,127110,161961,0,0,0,0,0,0,0,0,0,0,1630,4797,210016,216443,505513,3,169,1,2539,17306,0,0,393,196033,12659,1517,24849,4997,12346,11457,2845,224429,190631,4065,15720,505515,0,0,0,0,0,41,0,122961,344,0,481,123826,1,1.35459550174677
Aitkin County Sheriff's Office,2010,Minnesota,16202,MN00100,4,2,51,1,5,46,109,15,0,4,0,0,0,0,0,0,0,0,141,24,49,214,2,5,0,30,2,0,1,6,168,5,1,6,0,1,6,110750,6,1,44903,155667,36794,0,0,0,0,0,0,0,0,0,0,1321,3763,106238,111322,303783,1,674,0,10944,281,0,0,815,98607,11412,562,8908,33021,12867,18170,0,65955,139727,1049,12111,303783,0,0,0,978,0,0,0,16771,1481,0,386,19616,1,1.3973579356326
Aitkin County Sheriff's Office,2010,Minnesota,16202,MN00100,4,2,51,1,5,46,109,15,0,4,0,0,0,0,0,0,0,0,141,24,49,214,2,5,0,30,2,0,1,6,168,5,1,6,0,1,6,110750,6,1,44903,155667,36794,0,0,0,0,0,0,0,0,0,0,1321,3763,106238,111322,303783,1,674,0,10944,281,0,0,815,98607,11412,562,8908,33021,12867,18170,0,65955,139727,1049,12111,303783,0,0,0,978,0,0,0,16771,1481,0,386,19616,1,1.3973579356326
Aitkin County Sheriff's Office,2009,Minnesota,15811,MN00100,2,8,58,2,6,45,121,26,1,11,0,0,0,0,0,0,0,0,115,16,45,176,2,3,0,20,9,0,0,5,137,9,3,12,0,8696,825,19877,12990,3,30287,72678,80042,0,0,0,0,0,0,0,0,0,0,778,2885,295147,298810,451531,243,4,0,4024,473,0,0,43,294024,7,18665,72106,1008,4872,2417,0,193511,156486,0,2458,451531,0,0,0,179,0,0,0,30120,1862,0,0,32161,1,1.42027521282265
Aitkin County Sheriff's Office,2009,Minnesota,15811,MN00100,2,8,58,2,6,45,121,26,1,11,0,0,0,0,0,0,0,0,115,16,45,176,2,3,0,20,9,0,0,5,137,9,3,12,0,8696,825,19877,12990,3,30287,72678,80042,0,0,0,0,0,0,0,0,0,0,778,2885,295147,298810,451531,243,4,0,4024,473,0,0,43,294024,7,18665,72106,1008,4872,2417,0,193511,156486,0,2458,451531,0,0,0,179,0,0,0,30120,1862,0,0,32161,1,1.42027521282265
Aitkin County Sheriff's Office,2008,Minnesota,15939,MN00100,6,8,77,2,5,40,138,28,2,0,0,1,0,0,0,0,0,1,165,29,53,247,14,5,0,18,28,0,0,8,175,8,0,8,0,1504,1279,34622,249,3,38902,76559,107696,0,0,0,1132,0,0,0,0,0,1132,706,5229,192411,198347,383734,2969,8,0,9636,9492,0,0,30,176801,3773,1855,64430,11969,2450,5662,0,131554,134608,4887,23138,384324,0,3,0,0,0,0,0,25045,691,0,4,25743,1,1.41522547733228
Aitkin County Sheriff's Office,2008,Minnesota,15939,MN00100,6,8,77,2,5,40,138,28,2,0,0,1,0,0,0,0,0,1,165,29,53,247,14,5,0,18,28,0,0,8,175,8,0,8,0,1504,1279,34622,249,3,38902,76559,107696,0,0,0,1132,0,0,0,0,0,1132,706,5229,192411,198347,383734,2969,8,0,9636,9492,0,0,30,176801,3773,1855,64430,11969,2450,5662,0,131554,134608,4887,23138,384324,0,3,0,0,0,0,0,25045,691,0,4,25743,1,1.41522547733228
Aitkin County Sheriff's Office,2007,Minnesota,16264,MN00100,1,2,100,2,0,27,132,29,1,0,0,0,0,0,0,0,0,0,177,27,46,250,0,9,0,26,46,0,0,16,153,14,0,14,0,3,1,66631,0,1,37612,104249,71582,0,0,0,0,0,0,0,0,0,0,1243,4159,104738,110140,285971,0,13,0,7977,18646,0,0,1530,81985,1040,1569,32023,4146,2820,29476,0,108606,97990,943,7367,285982,0,0,2939,0,0,28736,0,32120,1618,0,210,65623,1,1.46955740283082
Aitkin County Sheriff's Office,2007,Minnesota,16264,MN00100,1,2,100,2,0,27,132,29,1,0,0,0,0,0,0,0,0,0,177,27,46,250,0,9,0,26,46,0,0,16,153,14,0,14,0,3,1,66631,0,1,37612,104249,71582,0,0,0,0,0,0,0,0,0,0,1243,4159,104738,110140,285971,0,13,0,7977,18646,0,0,1530,81985,1040,1569,32023,4146,2820,29476,0,108606,97990,943,7367,285982,0,0,2939,0,0,28736,0,32120,1618,0,210,65623,1,1.46955740283082
Aitkin County Sheriff's Office,2006,Minnesota,16282,MN00100,0,0,97,3,1,36,137,34,1,0,0,0,0,0,0,0,0,0,136,18,69,223,0,0,0,29,11,0,0,2,181,11,0,11,0,0,0,95240,2,153,12394,107788,118627,0,0,0,0,0,0,0,0,0,0,739,3186,168794,172720,399135,0,0,0,8108,3417,0,0,0,162945,899,195,23168,7563,14427,18295,2,163553,161858,381,10544,400885,0,0,1239,5,0,38,2,64094,4262,0,3,69643,1,1.51147906246125
Aitkin County Sheriff's Office,2006,Minnesota,16282,MN00100,0,0,97,3,1,36,137,34,1,0,0,0,0,0,0,0,0,0,136,18,69,223,0,0,0,29,11,0,0,2,181,11,0,11,0,0,0,95240,2,153,12394,107788,118627,0,0,0,0,0,0,0,0,0,0,739,3186,168794,172720,399135,0,0,0,8108,3417,0,0,0,162945,899,195,23168,7563,14427,18295,2,163553,161858,381,10544,400885,0,0,1239,5,0,38,2,64094,4262,0,3,69643,1,1.51147906246125
Aitkin County Sheriff's Office,2005,Minnesota,16131,MN00100,0,3,164,0,1,11,179,33,0,11,0,0,0,0,0,0,0,0,184,15,48,247,0,0,0,46,18,0,0,1,182,3,0,3,0,5,0,5096045,2,0,16041,5112092,329393,0,0,0,0,0,0,0,0,0,0,621,3033,102746,106400,5547885,0,0,0,9819,9446,0,0,12,87440,2421,727,75099,4940155,3078,6670,629,361044,144885,4720,8773,5548202,0,0,0,0,0,0,0,197370,0,0,0,197370,1,1.56023853211009
Aitkin County Sheriff's Office,2005,Minnesota,16131,MN00100,0,3,164,0,1,11,179,33,0,11,0,0,0,0,0,0,0,0,184,15,48,247,0,0,0,46,18,0,0,1,182,3,0,3,0,5,0,5096045,2,0,16041,5112092,329393,0,0,0,0,0,0,0,0,0,0,621,3033,102746,106400,5547885,0,0,0,9819,9446,0,0,12,87440,2421,727,75099,4940155,3078,6670,629,361044,144885,4720,8773,5548202,0,0,0,0,0,0,0,197370,0,0,0,197370,1,1.56023853211009
Aitkin County Sheriff's Office,2004,Minnesota,15912,MN00100,2,2,181,1,0,42,228,47,0,13,0,0,0,0,0,0,0,0,190,18,61,269,4,0,1,30,24,0,0,6,204,18,0,18,0,6041,50,114145,0,1736,19332,141304,298524,0,0,0,0,0,0,0,0,0,0,923,3449,392461,396833,836661,392,0,81,2649,11563,0,0,8,383955,2494,4388,198020,10399,3310,74495,1234,373546,151630,50,18910,838476,0,2,0,3,0,0,0,77455,4041,0,0,81501,1,1.61317347569046
Aitkin County Sheriff's Office,2004,Minnesota,15912,MN00100,2,2,181,1,0,42,228,47,0,13,0,0,0,0,0,0,0,0,190,18,61,269,4,0,1,30,24,0,0,6,204,18,0,18,0,6041,50,114145,0,1736,19332,141304,298524,0,0,0,0,0,0,0,0,0,0,923,3449,392461,396833,836661,392,0,81,2649,11563,0,0,8,383955,2494,4388,198020,10399,3310,74495,1234,373546,151630,50,18910,838476,0,2,0,3,0,0,0,77455,4041,0,0,81501,1,1.61317347569046
Aitkin County Sheriff's Office,2003,Minnesota,15616,MN00100,2,3,128,0,6,57,196,40,1,9,0,0,0,0,0,0,0,0,149,17,47,213,13,0,2,35,45,0,0,1,117,5,0,5,0,1660,3,88708,290,0,81246,171907,185985,0,0,0,0,0,0,0,0,0,0,462,3313,137162,140937,498828,11235,0,3,13696,25659,0,0,0,90351,239,1136,8010,8066,197,13383,2,341878,113115,2,12809,498837,0,0,0,0,0,0,0,35285,3,0,2,35290,1,1.65636194790487
Aitkin County Sheriff's Office,2003,Minnesota,15616,MN00100,2,3,128,0,6,57,196,40,1,9,0,0,0,0,0,0,0,0,149,17,47,213,13,0,2,35,45,0,0,1,117,5,0,5,0,1660,3,88708,290,0,81246,171907,185985,0,0,0,0,0,0,0,0,0,0,462,3313,137162,140937,498828,11235,0,3,13696,25659,0,0,0,90351,239,1136,8010,8066,197,13383,2,341878,113115,2,12809,498837,0,0,0,0,0,0,0,35285,3,0,2,35290,1,1.65636194790487
Aitkin County Sheriff's Office,2002,Minnesota,15612,MN00100,2,2,128,0,6,54,192,60,0,13,0,0,0,0,0,0,2,2,199,32,69,300,4,0,1,45,52,0,0,10,188,16,0,16,0,1475,5268,67777,14,0,24518,99053,310283,0,0,0,0,0,0,0,0,2710,2710,793,5832,391019,397644,809691,6779,0,2,10960,73772,0,0,41,307959,4038,5685,35392,3647,1797,5546,322,533497,201903,7770,11961,811559,0,0,0,0,0,0,0,124179,1021,0,0,125201,1,1.69396293722493
Aitkin County Sheriff's Office,2002,Minnesota,15612,MN00100,2,2,128,0,6,54,192,60,0,13,0,0,0,0,0,0,2,2,199,32,69,300,4,0,1,45,52,0,0,10,188,16,0,16,0,1475,5268,67777,14,0,24518,99053,310283,0,0,0,0,0,0,0,0,2710,2710,793,5832,391019,397644,809691,6779,0,2,10960,73772,0,0,41,307959,4038,5685,35392,3647,1797,5546,322,533497,201903,7770,11961,811559,0,0,0,0,0,0,0,124179,1021,0,0,125201,1,1.69396293722493
Aitkin County Sheriff's Office,2001,Minnesota,15465,MN00100,0,6,137,0,2,29,174,34,0,11,0,0,0,0,0,1,0,1,157,33,76,266,0,0,0,42,75,0,0,13,137,9,0,9,0,611,0,184604,3,0,17577,202795,138191,0,0,0,0,0,0,0,602,0,602,1134,5624,166552,173310,514898,0,0,0,30054,31119,0,0,114,115220,4889,5102,61086,11149,2974,6360,0,183342,187472,23868,31853,518095,0,45,2,0,0,2,0,23243,17759,0,2,41052,1,1.7208297251506
Aitkin County Sheriff's Office,2001,Minnesota,15465,MN00100,0,6,137,0,2,29,174,34,0,11,0,0,0,0,0,1,0,1,157,33,76,266,0,0,0,42,75,0,0,13,137,9,0,9,0,611,0,184604,3,0,17577,202795,138191,0,0,0,0,0,0,0,602,0,602,1134,5624,166552,173310,514898,0,0,0,30054,31119,0,0,114,115220,4889,5102,61086,11149,2974,6360,0,183342,187472,23868,31853,518095,0,45,2,0,0,2,0,23243,17759,0,2,41052,1,1.7208297251506
Aitkin County Sheriff's Office,2000,Minnesota,15301,MN00100,3,5,164,0,5,24,201,25,3,6,0,0,0,0,0,0,0,0,172,23,45,240,0,0,1,36,48,0,0,0,155,2,0,2,0,363,980,101902,11,0,47783,151038,164603,0,0,0,0,0,0,0,0,0,0,1039,5294,228999,235332,550972,0,0,2,24519,56223,0,0,0,154589,12361,1065,41678,3564,5726,13860,2,238625,195565,10155,28373,550974,0,0,0,0,0,0,0,53086,671,0,0,53756,1,1.76946331784747
Aitkin County Sheriff's Office,2000,Minnesota,15301,MN00100,3,5,164,0,5,24,201,25,3,6,0,0,0,0,0,0,0,0,172,23,45,240,0,0,1,36,48,0,0,0,155,2,0,2,0,363,980,101902,11,0,47783,151038,164603,0,0,0,0,0,0,0,0,0,0,1039,5294,228999,235332,550972,0,0,2,24519,56223,0,0,0,154589,12361,1065,41678,3564,5726,13860,2,238625,195565,10155,28373,550974,0,0,0,0,0,0,0,53086,671,0,0,53756,1,1.76946331784747
Aitkin County Sheriff's Office,1999,Minnesota,14302,MN00100,5,5,178,2,4,45,239,49,0,12,0,0,0,0,0,0,0,0,163,21,62,246,0,1,3,41,38,0,0,4,159,19,5,24,0,82,4,44955,4,55,6410,51509,527319,0,0,0,0,0,0,0,0,0,0,587,5091,229471,235149,813977,0,549,0,16289,37062,0,0,0,181250,560,17485,34772,15581,278,13812,0,583203,138978,549,8758,813977,0,0,82,2,0,0,0,210276,40704,0,3110,254173,1,1.82921556856271
Aitkin County Sheriff's Office,1999,Minnesota,14302,MN00100,5,5,178,2,4,45,239,49,0,12,0,0,0,0,0,0,0,0,163,21,62,246,0,1,3,41,38,0,0,4,159,19,5,24,0,82,4,44955,4,55,6410,51509,527319,0,0,0,0,0,0,0,0,0,0,587,5091,229471,235149,813977,0,549,0,16289,37062,0,0,0,181250,560,17485,34772,15581,278,13812,0,583203,138978,549,8758,813977,0,0,82,2,0,0,0,210276,40704,0,3110,254173,1,1.82921556856271
Aitkin County Sheriff's Office,1998,Minnesota,13983,MN00100,5,1,221,0,7,70,304,29,0,18,0,0,0,0,0,0,0,0,179,33,61,273,1,0,1,65,50,0,0,10,146,9,7,16,0,0,346,36381,3084,0,14722,54533,286203,0,0,0,0,0,0,0,0,0,0,901,7808,143060,151769,492505,0,0,0,31063,17139,0,0,135,103806,2187,647,19448,7383,21964,5731,0,305144,118893,421,11062,492879,0,122,454,0,0,30,0,145545,23874,0,0,170024,1,1.86923930269414
Aitkin County Sheriff's Office,1998,Minnesota,13983,MN00100,5,1,221,0,7,70,304,29,0,18,0,0,0,0,0,0,0,0,179,33,61,273,1,0,1,65,50,0,0,10,146,9,7,16,0,0,346,36381,3084,0,14722,54533,286203,0,0,0,0,0,0,0,0,0,0,901,7808,143060,151769,492505,0,0,0,31063,17139,0,0,135,103806,2187,647,19448,7383,21964,5731,0,305144,118893,421,11062,492879,0,122,454,0,0,30,0,145545,23874,0,0,170024,1,1.86923930269414
Aitkin County Sheriff's Office,1997,Minnesota,13535,MN00100,1,1,214,0,5,64,285,35,0,8,0,0,0,0,0,0,0,0,179,32,67,278,1,2,1,59,54,0,0,5,156,9,5,14,0,0,807,35748,95,0,42394,79043,234909,0,0,0,0,0,0,0,0,0,0,750,6879,185851,193480,507432,4556,475,0,14161,36285,0,0,0,138003,636,401,17673,1993,190,4842,0,348377,115980,0,17341,507432,0,186,266,0,0,712,0,132498,18983,0,0,152644,1,1.89825511369536
Aitkin County Sheriff's Office,1997,Minnesota,13535,MN00100,1,1,214,0,5,64,285,35,0,8,0,0,0,0,0,0,0,0,179,32,67,278,1,2,1,59,54,0,0,5,156,9,5,14,0,0,807,35748,95,0,42394,79043,234909,0,0,0,0,0,0,0,0,0,0,750,6879,185851,193480,507432,4556,475,0,14161,36285,0,0,0,138003,636,401,17673,1993,190,4842,0,348377,115980,0,17341,507432,0,186,266,0,0,712,0,132498,18983,0,0,152644,1,1.89825511369536
Aitkin County Sheriff's Office,1996,Minnesota,13455,MN00100,1,1,224,1,0,51,278,46,0,13,0,0,0,0,0,0,0,0,186,36,86,308,0,0,1,42,78,0,0,12,175,21,10,31,0,0,0,21060,0,0,15131,36191,324711,0,0,0,0,0,0,0,0,0,0,1032,8981,222468,232480,593382,0,0,262,8880,69560,0,0,8,153771,884,2263,26431,39641,1972,10490,971,346468,151935,1360,10966,593382,97,60,0,1554,340,0,0,225928,43365,0,2117,273462,1,1.94263043247264
Aitkin County Sheriff's Office,1996,Minnesota,13455,MN00100,1,1,224,1,0,51,278,46,0,13,0,0,0,0,0,0,0,0,186,36,86,308,0,0,1,42,78,0,0,12,175,21,10,31,0,0,0,21060,0,0,15131,36191,324711,0,0,0,0,0,0,0,0,0,0,1032,8981,222468,232480,593382,0,0,262,8880,69560,0,0,8,153771,884,2263,26431,39641,1972,10490,971,346468,151935,1360,10966,593382,97,60,0,1554,340,0,0,225928,43365,0,2117,273462,1,1.94263043247264
Aitkin County Sheriff's Office,1995,Minnesota,13317,MN00100,0,2,212,0,8,83,305,32,0,20,0,0,0,0,0,0,0,0,146,35,64,245,1,0,1,38,68,0,0,7,130,16,2,18,0,6387,0,10760,35992,0,22051,75190,224842,0,0,0,0,0,0,0,0,0,0,988,8728,399217,408933,708965,0,0,0,29558,152535,0,0,2,227639,1880,100,56058,5919,1230,107377,1000,236140,261502,0,38562,709766,0,0,4039,4999,0,0,1000,234850,1412,0,0,246299,1,1.99957289729848
Aitkin County Sheriff's Office,1995,Minnesota,13317,MN00100,0,2,212,0,8,83,305,32,0,20,0,0,0,0,0,0,0,0,146,35,64,245,1,0,1,38,68,0,0,7,130,16,2,18,0,6387,0,10760,35992,0,22051,75190,224842,0,0,0,0,0,0,0,0,0,0,988,8728,399217,408933,708965,0,0,0,29558,152535,0,0,2,227639,1880,100,56058,5919,1230,107377,1000,236140,261502,0,38562,709766,0,0,4039,4999,0,0,1000,234850,1412,0,0,246299,1,1.99957289729848
Aitkin County Sheriff's Office,1994,Minnesota,12933,MN00100,1,3,228,0,12,94,338,31,0,25,0,0,0,0,0,0,0,0,168,42,82,292,0,1,3,47,66,0,0,8,167,17,4,21,0,206,0,32469,391,0,40445,73511,239794,0,0,0,0,0,0,0,0,0,0,1075,10671,189009,200755,514059,0,308,185,26736,45648,0,0,469,127408,3887,386,29503,5030,1558,8406,308,266302,176426,0,22253,514059,925,0,391,0,0,49,308,142766,37701,0,3700,185841,1,2.05566930904593
Aitkin County Sheriff's Office,1994,Minnesota,12933,MN00100,1,3,228,0,12,94,338,31,0,25,0,0,0,0,0,0,0,0,168,42,82,292,0,1,3,47,66,0,0,8,167,17,4,21,0,206,0,32469,391,0,40445,73511,239794,0,0,0,0,0,0,0,0,0,0,1075,10671,189009,200755,514059,0,308,185,26736,45648,0,0,469,127408,3887,386,29503,5030,1558,8406,308,266302,176426,0,22253,514059,925,0,391,0,0,49,308,142766,37701,0,3700,185841,1,2.05566930904593
Aitkin County Sheriff's Office,1993,Minnesota,12792,MN00100,0,3,260,1,9,115,388,21,0,16,0,0,0,0,0,0,0,0,173,45,99,317,1,4,0,59,72,0,0,18,163,9,5,14,0,0,0,40184,0,0,61219,101403,142971,0,0,0,0,0,0,0,0,0,0,1000,10230,231370,242600,486973,1476,1012,0,24746,45653,0,0,190,169522,542,468,30323,6068,5600,32666,2890,169758,212157,253,26248,486973,0,13,700,0,0,26366,0,135869,11841,0,274,175063,1,2.10926968560715
Aitkin County Sheriff's Office,1993,Minnesota,12792,MN00100,0,3,260,1,9,115,388,21,0,16,0,0,0,0,0,0,0,0,173,45,99,317,1,4,0,59,72,0,0,18,163,9,5,14,0,0,0,40184,0,0,61219,101403,142971,0,0,0,0,0,0,0,0,0,0,1000,10230,231370,242600,486973,1476,1012,0,24746,45653,0,0,190,169522,542,468,30323,6068,5600,32666,2890,169758,212157,253,26248,486973,0,13,700,0,0,26366,0,135869,11841,0,274,175063,1,2.10926968560715
Aitkin County Sheriff's Office,1992,Minnesota,12722,MN00100,1,8,213,1,8,102,333,31,0,4,0,0,0,1,0,0,0,1,144,47,81,272,1,0,0,40,60,0,1,11,159,12,8,20,0,1216,0,56492,641,0,29570,87919,260032,0,0,0,0,0,87,0,0,0,87,1107,11505,173155,185768,533805,0,0,0,38221,43315,0,217,226,103788,2508,1433,42186,12766,3192,434,380,273061,189505,0,8339,533805,0,0,1414,0,0,0,380,176875,23941,0,0,202610,1,2.17152809122224
Aitkin County Sheriff's Office,1992,Minnesota,12722,MN00100,1,8,213,1,8,102,333,31,0,4,0,0,0,1,0,0,0,1,144,47,81,272,1,0,0,40,60,0,1,11,159,12,8,20,0,1216,0,56492,641,0,29570,87919,260032,0,0,0,0,0,87,0,0,0,87,1107,11505,173155,185768,533805,0,0,0,38221,43315,0,217,226,103788,2508,1433,42186,12766,3192,434,380,273061,189505,0,8339,533805,0,0,1414,0,0,0,380,176875,23941,0,0,202610,1,2.17152809122224
Aitkin County Sheriff's Office,1991,Minnesota,12586,MN00100,3,4,162,0,7,40,216,20,1,6,0,0,0,0,1,0,1,2,83,26,56,165,0,0,1,38,31,0,0,6,89,11,3,14,0,0,5356,47399,1678,0,18091,72524,152248,0,0,0,0,0,0,0,0,1119,1119,517,7009,132363,139889,365781,0,0,0,16710,21125,0,0,1738,100316,6566,5240,17968,9607,3508,3647,559,164553,131676,425,22031,365781,996,7,848,0,0,0,0,110634,12981,0,1454,126920,1,2.23729976136572
Aitkin County Sheriff's Office,1991,Minnesota,12586,MN00100,3,4,162,0,7,40,216,20,1,6,0,0,0,0,1,0,1,2,83,26,56,165,0,0,1,38,31,0,0,6,89,11,3,14,0,0,5356,47399,1678,0,18091,72524,152248,0,0,0,0,0,0,0,0,1119,1119,517,7009,132363,139889,365781,0,0,0,16710,21125,0,0,1738,100316,6566,5240,17968,9607,3508,3647,559,164553,131676,425,22031,365781,996,7,848,0,0,0,0,110634,12981,0,1454,126920,1,2.23729976136572
Aitkin County Sheriff's Office,1990,Minnesota,12425,MN00100,2,5,243,0,10,69,329,35,0,11,0,0,0,0,0,0,1,1,158,55,84,297,2,1,5,55,41,0,0,3,190,16,8,24,0,0,0,123613,1632,0,38871,164116,382062,0,0,0,0,0,0,0,0,1586,1586,1432,14314,207347,223093,770856,0,280,746,26800,31832,0,0,0,163435,2603,1698,31725,11089,9788,4501,1632,399086,284228,0,24507,770856,443,0,226,1516,0,0,0,273493,11136,0,0,286814,1,2.33204860003827
Aitkin County Sheriff's Office,1990,Minnesota,12425,MN00100,2,5,243,0,10,69,329,35,0,11,0,0,0,0,0,0,1,1,158,55,84,297,2,1,5,55,41,0,0,3,190,16,8,24,0,0,0,123613,1632,0,38871,164116,382062,0,0,0,0,0,0,0,0,1586,1586,1432,14314,207347,223093,770856,0,280,746,26800,31832,0,0,0,163435,2603,1698,31725,11089,9788,4501,1632,399086,284228,0,24507,770856,443,0,226,1516,0,0,0,273493,11136,0,0,286814,1,2.33204860003827
Aitkin County Sheriff's Office,1989,Minnesota,13140,MN00100,1,3,179,0,0,30,213,37,0,9,0,0,0,0,0,0,0,0,79,65,86,230,1,3,0,46,41,0,0,3,136,12,5,17,0,0,2704,75227,0,0,25093,103024,373114,0,0,0,0,0,0,0,0,0,0,1116,17309,169791,188216,664354,123,737,0,45120,35089,0,0,61,107085,3911,1519,15667,16080,9144,6631,123,375203,211974,0,24102,664354,0,74,2593,737,37,0,0,140901,7054,0,860,152257,1,2.45793156762571
Aitkin County Sheriff's Office,1989,Minnesota,13140,MN00100,1,3,179,0,0,30,213,37,0,9,0,0,0,0,0,0,0,0,79,65,86,230,1,3,0,46,41,0,0,3,136,12,5,17,0,0,2704,75227,0,0,25093,103024,373114,0,0,0,0,0,0,0,0,0,0,1116,17309,169791,188216,664354,123,737,0,45120,35089,0,0,61,107085,3911,1519,15667,16080,9144,6631,123,375203,211974,0,24102,664354,0,74,2593,737,37,0,0,140901,7054,0,860,152257,1,2.45793156762571
Aitkin County Sheriff's Office,1988,Minnesota,13692,MN00100,2,2,195,0,5,40,244,32,1,6,0,0,0,0,0,0,0,0,67,35,58,160,0,2,0,31,23,0,0,2,102,19,5,24,0,515,0,147110,1430,0,65435,214490,201854,0,0,0,0,0,0,0,0,0,0,1301,10958,148352,160611,576955,0,873,0,20492,14089,0,0,0,125157,7928,2203,16822,17585,9330,5256,2577,223098,256047,1997,34111,576955,0,0,57,1288,0,0,0,168606,3687,0,1265,174903,1,2.57657599887252
Aitkin County Sheriff's Office,1988,Minnesota,13692,MN00100,2,2,195,0,5,40,244,32,1,6,0,0,0,0,0,0,0,0,67,35,58,160,0,2,0,31,23,0,0,2,102,19,5,24,0,515,0,147110,1430,0,65435,214490,201854,0,0,0,0,0,0,0,0,0,0,1301,10958,148352,160611,576955,0,873,0,20492,14089,0,0,0,125157,7928,2203,16822,17585,9330,5256,2577,223098,256047,1997,34111,576955,0,0,57,1288,0,0,0,168606,3687,0,1265,174903,1,2.57657599887252
Aitkin County Sheriff's Office,1987,Minnesota,13696,MN00100,1,4,250,6,10,40,311,26,0,6,1,1,0,0,0,0,1,3,72,39,74,185,1,2,2,44,34,0,0,6,96,16,6,22,0,2118,0,355492,9823,1099,44062,412595,96874,0,0,0,0,0,0,0,0,536,536,1228,13389,271409,286027,796032,94,94,134,70605,81187,0,0,590,133323,4945,4980,31783,61833,26824,29230,0,118394,469244,5363,43435,796032,335,48,1437,4599,0,0,0,89165,28023,5363,0,128971,1,2.68164209754309
Aitkin County Sheriff's Office,1987,Minnesota,13696,MN00100,1,4,250,6,10,40,311,26,0,6,1,1,0,0,0,0,1,3,72,39,74,185,1,2,2,44,34,0,0,6,96,16,6,22,0,2118,0,355492,9823,1099,44062,412595,96874,0,0,0,0,0,0,0,0,536,536,1228,13389,271409,286027,796032,94,94,134,70605,81187,0,0,590,133323,4945,4980,31783,61833,26824,29230,0,118394,469244,5363,43435,796032,335,48,1437,4599,0,0,0,89165,28023,5363,0,128971,1,2.68164209754309
Aitkin County Sheriff's Office,1986,Minnesota,13769,MN00100,2,5,211,1,19,31,269,34,0,3,1,0,0,1,0,0,0,2,87,42,73,202,1,6,4,46,28,0,0,7,110,17,3,20,0,0,556,198997,32533,6394,23704,262185,132880,0,0,0,0,0,361,0,0,0,361,815,13608,151655,166078,561503,0,2293,83,42566,25014,0,0,131,95990,3308,6758,37990,16410,23187,6844,0,100077,328591,4170,34168,561503,0,0,556,2613,0,1390,0,55459,98715,0,1668,160401,1,2.7799125674751
Aitkin County Sheriff's Office,1986,Minnesota,13769,MN00100,2,5,211,1,19,31,269,34,0,3,1,0,0,1,0,0,0,2,87,42,73,202,1,6,4,46,28,0,0,7,110,17,3,20,0,0,556,198997,32533,6394,23704,262185,132880,0,0,0,0,0,361,0,0,0,361,815,13608,151655,166078,561503,0,2293,83,42566,25014,0,0,131,95990,3308,6758,37990,16410,23187,6844,0,100077,328591,4170,34168,561503,0,0,556,2613,0,1390,0,55459,98715,0,1668,160401,1,2.7799125674751
Aitkin County Sheriff's Office,1985,Minnesota,13702,MN00100,3,11,220,2,11,30,277,33,0,3,0,0,0,0,0,0,1,1,59,55,111,225,1,4,3,40,34,0,0,2,141,8,6,14,0,0,246,177130,10254,0,55127,242758,285678,0,0,0,0,0,0,0,0,0,0,1501,17973,273733,293208,821643,850,1394,1515,52722,42278,0,0,6,194443,6113,12130,46487,16095,17956,19679,385,230093,440694,567,31446,821643,1700,3300,20373,1558,5665,1133,227,76397,103308,0,8405,222065,1,2.83267663464518
Aitkin County Sheriff's Office,1985,Minnesota,13702,MN00100,3,11,220,2,11,30,277,33,0,3,0,0,0,0,0,0,1,1,59,55,111,225,1,4,3,40,34,0,0,2,141,8,6,14,0,0,246,177130,10254,0,55127,242758,285678,0,0,0,0,0,0,0,0,0,0,1501,17973,273733,293208,821643,850,1394,1515,52722,42278,0,0,6,194443,6113,12130,46487,16095,17956,19679,385,230093,440694,567,31446,821643,1700,3300,20373,1558,5665,1133,227,76397,103308,0,8405,222065,1,2.83267663464518
Aitkin County Sheriff's Office,1984,Minnesota,13408,MN00100,16,27,100,2,20,20,185,35,0,2,0,0,0,0,0,0,0,0,129,23,60,212,9,5,0,32,39,0,0,4,123,4,3,7,0,19183,15739,121504,5511,185,39310,201432,185455,0,0,0,0,0,0,0,0,0,0,205,8415,201690,210310,597197,352,587,0,42090,38330,0,0,0,128951,5881,3256,25644,20843,18505,24714,2933,190462,277736,4473,22749,597197,0,0,0,0,0,0,2933,27425,3138,0,587,34083,1,2.9331132680892
Aitkin County Sheriff's Office,1984,Minnesota,13408,MN00100,16,27,100,2,20,20,185,35,0,2,0,0,0,0,0,0,0,0,129,23,60,212,9,5,0,32,39,0,0,4,123,4,3,7,0,19183,15739,121504,5511,185,39310,201432,185455,0,0,0,0,0,0,0,0,0,0,205,8415,201690,210310,597197,352,587,0,42090,38330,0,0,0,128951,5881,3256,25644,20843,18505,24714,2933,190462,277736,4473,22749,597197,0,0,0,0,0,0,2933,27425,3138,0,587,34083,1,2.9331132680892
Aitkin County Sheriff's Office,1983,Minnesota,13678,MN00100,13,23,140,2,30,45,253,28,0,1,0,0,0,0,0,0,0,0,134,24,57,215,11,4,0,30,26,1,0,12,131,0,1,1,0,83756,36472,238720,81128,0,31455,471532,81431,0,0,0,0,0,0,0,0,0,0,823,10114,210339,221276,774239,2967,875,0,20595,19200,0,0,1658,176384,6984,7400,54023,27487,17640,18401,15296,108509,475047,0,43854,774643,857,306,5537,535,1331,612,0,3059,36687,0,1147,50071,1,3.05925284471218
Aitkin County Sheriff's Office,1983,Minnesota,13678,MN00100,13,23,140,2,30,45,253,28,0,1,0,0,0,0,0,0,0,0,134,24,57,215,11,4,0,30,26,1,0,12,131,0,1,1,0,83756,36472,238720,81128,0,31455,471532,81431,0,0,0,0,0,0,0,0,0,0,823,10114,210339,221276,774239,2967,875,0,20595,19200,0,0,1658,176384,6984,7400,54023,27487,17640,18401,15296,108509,475047,0,43854,774643,857,306,5537,535,1331,612,0,3059,36687,0,1147,50071,1,3.05925284471218
Aitkin County Sheriff's Office,1982,Minnesota,13642,MN00100,7,11,239,3,26,12,298,23,0,1,0,0,0,0,0,0,0,0,153,18,90,261,5,4,2,28,18,0,2,0,202,1,1,2,0,3120,58885,239098,33893,995,2618,338607,64729,0,0,0,0,0,0,0,0,0,0,793,5529,263581,269902,673239,205,474,171,11705,21989,0,79,0,235280,5614,2359,25848,23783,22952,42731,11809,76523,422951,0,38670,673239,0,0,0,0,0,0,0,43258,1342,0,0,44600,1,3.15752936096719
Aitkin County Sheriff's Office,1982,Minnesota,13642,MN00100,7,11,239,3,26,12,298,23,0,1,0,0,0,0,0,0,0,0,153,18,90,261,5,4,2,28,18,0,2,0,202,1,1,2,0,3120,58885,239098,33893,995,2618,338607,64729,0,0,0,0,0,0,0,0,0,0,793,5529,263581,269902,673239,205,474,171,11705,21989,0,79,0,235280,5614,2359,25848,23783,22952,42731,11809,76523,422951,0,38670,673239,0,0,0,0,0,0,0,43258,1342,0,0,44600,1,3.15752936096719
Aitkin County Sheriff's Office,1981,Minnesota,13500,MN00100,5,14,216,2,13,27,277,38,1,0,0,0,1,0,0,0,1,2,216,16,51,283,13,7,1,44,43,0,4,3,168,1,2,3,0,8927,1079,187224,4108,0,8106,209446,50770,0,0,0,0,0,0,0,0,0,0,757,5962,143103,149822,410038,0,1609,0,13632,13937,0,235,570,119840,1552,2962,5871,22553,13230,1394,3016,51105,264957,0,43397,410038,0,0,235,6518,0,0,0,28904,2011,0,0,37667,1,3.35113096874714
Aitkin County Sheriff's Office,1981,Minnesota,13500,MN00100,5,14,216,2,13,27,277,38,1,0,0,0,1,0,0,0,1,2,216,16,51,283,13,7,1,44,43,0,4,3,168,1,2,3,0,8927,1079,187224,4108,0,8106,209446,50770,0,0,0,0,0,0,0,0,0,0,757,5962,143103,149822,410038,0,1609,0,13632,13937,0,235,570,119840,1552,2962,5871,22553,13230,1394,3016,51105,264957,0,43397,410038,0,0,235,6518,0,0,0,28904,2011,0,0,37667,1,3.35113096874714
Aitkin County Sheriff's Office,1980,Minnesota,13405,MN00100,10,26,183,2,41,41,303,44,1,0,0,0,0,0,1,0,0,1,183,30,56,269,20,11,0,47,68,1,2,2,118,2,1,3,0,34786,22566,216945,11887,4437,28045,318666,30434,14790,0,0,0,0,0,0,0,0,0,1268,12032,152254,165554,529443,2030,2426,0,26233,61348,0,0,0,73517,2270,15485,164700,18894,18635,37880,1398,24917,215115,0,30149,529443,0,0,96134,0,0,11647,0,13093,9318,0,1793,131985,1,3.69746081504702
Aitkin County Sheriff's Office,1980,Minnesota,13405,MN00100,10,26,183,2,41,41,303,44,1,0,0,0,0,0,1,0,0,1,183,30,56,269,20,11,0,47,68,1,2,2,118,2,1,3,0,34786,22566,216945,11887,4437,28045,318666,30434,14790,0,0,0,0,0,0,0,0,0,1268,12032,152254,165554,529443,2030,2426,0,26233,61348,0,0,0,73517,2270,15485,164700,18894,18635,37880,1398,24917,215115,0,30149,529443,0,0,96134,0,0,11647,0,13093,9318,0,1793,131985,1,3.69746081504702
Aitkin County Sheriff's Office,1979,Minnesota,13777,MN00100,11,30,228,2,30,25,326,45,0,2,0,1,0,0,1,0,0,2,146,38,72,256,15,6,3,60,46,2,1,0,123,3,4,7,0,17214,6138,235045,34750,4320,5475,302942,254681,0,0,0,210,0,0,0,0,0,210,1579,17209,265429,284217,842051,487,1260,1679,59458,36547,168,0,0,184618,1847,18209,112892,19943,30703,6571,7725,272882,339616,827,30838,842051,0,0,0,0,0,0,2204,157441,39432,0,0,199077,1,4.19843724882306
Aitkin County Sheriff's Office,1979,Minnesota,13777,MN00100,11,30,228,2,30,25,326,45,0,2,0,1,0,0,1,0,0,2,146,38,72,256,15,6,3,60,46,2,1,0,123,3,4,7,0,17214,6138,235045,34750,4320,5475,302942,254681,0,0,0,210,0,0,0,0,0,210,1579,17209,265429,284217,842051,487,1260,1679,59458,36547,168,0,0,184618,1847,18209,112892,19943,30703,6571,7725,272882,339616,827,30838,842051,0,0,0,0,0,0,2204,157441,39432,0,0,199077,1,4.19843724882306
Aitkin County Sheriff's Office,1978,Minnesota,12961,MN00100,6,27,232,0,21,41,327,24,0,1,0,0,0,0,1,0,1,2,194,29,44,267,13,1,1,80,37,2,0,1,132,0,0,0,0,3111,10837,90537,13831,0,19856,138171,7123,0,0,0,0,0,0,280,0,0,280,794,14569,120964,136326,281901,1205,0,0,41698,8898,0,0,528,83998,5348,313,11743,28409,12177,1004,3120,11561,172587,0,35639,281901,0,0,0,0,0,0,0,0,2335,0,0,2335,1,4.67094915687277
Aitkin County Sheriff's Office,1978,Minnesota,12961,MN00100,6,27,232,0,21,41,327,24,0,1,0,0,0,0,1,0,1,2,194,29,44,267,13,1,1,80,37,2,0,1,132,0,0,0,0,3111,10837,90537,13831,0,19856,138171,7123,0,0,0,0,0,0,280,0,0,280,794,14569,120964,136326,281901,1205,0,0,41698,8898,0,0,528,83998,5348,313,11743,28409,12177,1004,3120,11561,172587,0,35639,281901,0,0,0,0,0,0,0,0,2335,0,0,2335,1,4.67094915687277
Aitkin County Sheriff's Office,1977,Minnesota,16000,MN00100,13,20,323,2,8,8,374,21,0,0,0,0,0,0,0,0,0,0,150,14,26,190,5,1,1,41,18,0,1,0,123,1,0,1,0,7018,1523,179714,7390,0,3152,198798,4273,0,0,0,0,0,0,0,0,0,0,437,8044,154889,163370,366441,201,603,0,10216,16832,0,0,0,135518,377,7596,12664,10864,16802,0,0,22377,259665,0,36097,366441,0,0,0,0,0,0,0,2765,10558,0,0,13323,1,5.02738759796508
Aitkin County Sheriff's Office,1977,Minnesota,16000,MN00100,13,20,323,2,8,8,374,21,0,0,0,0,0,0,0,0,0,0,150,14,26,190,5,1,1,41,18,0,1,0,123,1,0,1,0,7018,1523,179714,7390,0,3152,198798,4273,0,0,0,0,0,0,0,0,0,0,437,8044,154889,163370,366441,201,603,0,10216,16832,0,0,0,135518,377,7596,12664,10864,16802,0,0,22377,259665,0,36097,366441,0,0,0,0,0,0,0,2765,10558,0,0,13323,1,5.02738759796508
Aitkin County Sheriff's Office,1976,Minnesota,12400,MN00100,55,9,196,3,42,14,319,2,0,0,0,0,0,0,1,0,0,1,39,45,57,141,6,0,0,31,51,0,0,0,53,1,0,1,0,44628,104954,570624,15110,4658,10896,750870,9638,0,0,0,0,0,0,0,0,0,0,1633,27906,461794,491333,1251840,2736,0,0,28121,289253,0,0,0,171224,0,26322,19323,0,365712,2329,0,38668,730202,187,69097,1251840,0,0,0,0,0,0,0,375,1071,0,0,1446,1,5.35425245277493
Aitkin County Sheriff's Office,1976,Minnesota,12400,MN00100,55,9,196,3,42,14,319,2,0,0,0,0,0,0,1,0,0,1,39,45,57,141,6,0,0,31,51,0,0,0,53,1,0,1,0,44628,104954,570624,15110,4658,10896,750870,9638,0,0,0,0,0,0,0,0,0,0,1633,27906,461794,491333,1251840,2736,0,0,28121,289253,0,0,0,171224,0,26322,19323,0,365712,2329,0,38668,730202,187,69097,1251840,0,0,0,0,0,0,0,375,1071,0,0,1446,1,5.35425245277493
Aitkin County Sheriff's Office,1975,Minnesota,12642,MN00100,11,13,162,1,13,56,256,9,0,2,0,0,0,2,0,0,0,2,57,56,56,169,14,1,1,26,50,0,1,1,75,0,3,3,0,12784,9484,242701,9268,0,135833,410070,136054,0,0,0,0,0,0,0,0,0,0,2701,33626,251844,288171,834295,4835,0,0,29204,116475,0,283,91,137283,1314,10237,8476,4801,11658,57864,67942,174662,461355,1415,34571,834295,0,0,0,0,0,0,0,21515,3256,0,0,24771,1,5.66184422421803
Aitkin County Sheriff's Office,1975,Minnesota,12642,MN00100,11,13,162,1,13,56,256,9,0,2,0,0,0,2,0,0,0,2,57,56,56,169,14,1,1,26,50,0,1,1,75,0,3,3,0,12784,9484,242701,9268,0,135833,410070,136054,0,0,0,0,0,0,0,0,0,0,2701,33626,251844,288171,834295,4835,0,0,29204,116475,0,283,91,137283,1314,10237,8476,4801,11658,57864,67942,174662,461355,1415,34571,834295,0,0,0,0,0,0,0,21515,3256,0,0,24771,1,5.66184422421803
Aitkin County Sheriff's Office,1974,Minnesota,12331,MN00100,11,17,193,1,23,27,272,23,1,0,0,0,0,1,1,0,0,2,61,78,55,194,24,5,3,14,19,1,0,3,125,4,4,8,0,30786,25738,222654,58162,3090,71849,412279,130048,0,0,0,0,0,43,507,0,0,550,5129,48188,181295,234611,777488,20794,1817,3399,18582,10184,0,0,87,179750,6464,0,15381,0,0,17605,0,211908,526130,0,0,777488,0,0,0,0,0,0,0,73598,5630,0,0,79228,1,6.17951495690384
Aitkin County Sheriff's Office,1974,Minnesota,12331,MN00100,11,17,193,1,23,27,272,23,1,0,0,0,0,1,1,0,0,2,61,78,55,194,24,5,3,14,19,1,0,3,125,4,4,8,0,30786,25738,222654,58162,3090,71849,412279,130048,0,0,0,0,0,43,507,0,0,550,5129,48188,181295,234611,777488,20794,1817,3399,18582,10184,0,0,87,179750,6464,0,15381,0,0,17605,0,211908,526130,0,0,777488,0,0,0,0,0,0,0,73598,5630,0,0,79228,1,6.17951495690384
Aitkin County Sheriff's Office,1973,Minnesota,11492,MN00100,10,26,116,4,29,20,205,9,0,0,0,0,0,0,1,0,0,1,33,26,72,131,6,1,2,18,8,1,1,1,93,5,2,7,0,24905,5531,136889,20965,1894,19449,209633,83381,0,0,0,0,0,0,858,0,0,858,21,4015,189663,193698,487571,2381,172,34,7398,4234,686,0,0,178793,446,0,12819,0,0,3157,0,121050,350098,0,0,487571,0,0,82,0,0,0,0,96249,5243,0,0,101574,1,6.86264827327328
Aitkin County Sheriff's Office,1973,Minnesota,11492,MN00100,10,26,116,4,29,20,205,9,0,0,0,0,0,0,1,0,0,1,33,26,72,131,6,1,2,18,8,1,1,1,93,5,2,7,0,24905,5531,136889,20965,1894,19449,209633,83381,0,0,0,0,0,0,858,0,0,858,21,4015,189663,193698,487571,2381,172,34,7398,4234,686,0,0,178793,446,0,12819,0,0,3157,0,121050,350098,0,0,487571,0,0,82,0,0,0,0,96249,5243,0,0,101574,1,6.86264827327328
Aitkin County Sheriff's Office,1972,Minnesota,11478,MN00100,10,25,103,2,24,16,180,6,0,0,0,0,0,0,0,0,0,0,19,10,77,106,11,0,1,9,13,0,3,0,69,2,2,4,0,22756,3986,126998,41898,0,19135,214773,72866,0,0,0,0,0,0,0,0,0,0,0,1873,183120,184992,472631,7768,0,0,17852,6886,0,6011,0,146475,1392,0,8984,0,0,8707,0,94872,358676,0,0,472631,124,0,4423,0,0,0,0,68931,34160,0,0,107638,1,7.28660621761658
Aitkin County Sheriff's Office,1972,Minnesota,11478,MN00100,10,25,103,2,24,16,180,6,0,0,0,0,0,0,0,0,0,0,19,10,77,106,11,0,1,9,13,0,3,0,69,2,2,4,0,22756,3986,126998,41898,0,19135,214773,72866,0,0,0,0,0,0,0,0,0,0,0,1873,183120,184992,472631,7768,0,0,17852,6886,0,6011,0,146475,1392,0,8984,0,0,8707,0,94872,358676,0,0,472631,124,0,4423,0,0,0,0,68931,34160,0,0,107638,1,7.28660621761658
Aitkin County Sheriff's Office,1971,Minnesota,11528,MN00100,1,0,21,0,0,0,22,0,0,0,0,0,0,0,0,0,0,0,0,3,14,17,0,0,0,3,0,0,0,0,14,0,0,0,0,0,0,0,0,0,0,0,0,0,0,0,0,0,0,0,0,0,0,0,0,0,0,0,0,0,0,0,0,0,0,0,0,0,0,0,0,0,0,0,0,0,0,0,0,0,0,0,0,0,0,0,0,0,0,0,0,1,7.52504424778761
Aitkin County Sheriff's Office,1971,Minnesota,11528,MN00100,1,0,21,0,0,0,22,0,0,0,0,0,0,0,0,0,0,0,0,3,14,17,0,0,0,3,0,0,0,0,14,0,0,0,0,0,0,0,0,0,0,0,0,0,0,0,0,0,0,0,0,0,0,0,0,0,0,0,0,0,0,0,0,0,0,0,0,0,0,0,0,0,0,0,0,0,0,0,0,0,0,0,0,0,0,0,0,0,0,0,0,1,7.52504424778761
Aitkin County Sheriff's Office,1970,Minnesota,11403,MN00100,0,0,0,0,0,0,0,0,0,0,0,0,0,0,0,0,0,0,0,0,0,0,2,0,0,11,1,0,0,2,85,0,0,0,0,0,0,0,0,0,0,0,0,0,0,0,0,0,0,0,0,0,0,0,0,0,0,0,0,0,0,0,0,0,0,0,0,0,0,0,0,0,0,0,0,0,0,0,0,0,0,0,0,0,0,0,0,0,0,0,0,1,7.84807684052372
Aitkin County Sheriff's Office,1970,Minnesota,11403,MN00100,0,0,0,0,0,0,0,0,0,0,0,0,0,0,0,0,0,0,0,0,0,0,2,0,0,11,1,0,0,2,85,0,0,0,0,0,0,0,0,0,0,0,0,0,0,0,0,0,0,0,0,0,0,0,0,0,0,0,0,0,0,0,0,0,0,0,0,0,0,0,0,0,0,0,0,0,0,0,0,0,0,0,0,0,0,0,0,0,0,0,0,1,7.84807684052372
Aitkin County Sheriff's Office,1969,Minnesota,12169,MN00100,0,0,0,0,0,0,0,0,0,0,0,0,0,0,0,0,0,0,0,0,0,0,5,0,0,8,2,0,0,1,43,0,0,0,0,0,0,0,0,0,0,0,0,0,0,0,0,0,0,0,0,0,0,0,0,0,0,0,0,0,0,0,0,0,0,0,0,0,0,0,0,0,0,0,0,0,0,0,0,0,0,0,0,0,0,0,0,0,0,0,0,1,8.30626760563381
Aitkin County Sheriff's Office,1969,Minnesota,12169,MN00100,0,0,0,0,0,0,0,0,0,0,0,0,0,0,0,0,0,0,0,0,0,0,5,0,0,8,2,0,0,1,43,0,0,0,0,0,0,0,0,0,0,0,0,0,0,0,0,0,0,0,0,0,0,0,0,0,0,0,0,0,0,0,0,0,0,0,0,0,0,0,0,0,0,0,0,0,0,0,0,0,0,0,0,0,0,0,0,0,0,0,0,1,8.30626760563381
Aitkin County Sheriff's Office,1968,Minnesota,11871,MN00100,0,0,0,0,0,0,0,0,0,0,0,0,0,0,0,0,0,0,0,0,0,0,7,0,0,3,6,0,0,3,83,0,0,0,0,0,0,0,0,0,0,0,0,0,0,0,0,0,0,0,0,0,0,0,0,0,0,0,0,0,0,0,0,0,0,0,0,0,0,0,0,0,0,0,0,0,0,0,0,0,0,0,0,0,0,0,0,0,0,0,0,1,8.75998802108289
Aitkin County Sheriff's Office,1968,Minnesota,11871,MN00100,0,0,0,0,0,0,0,0,0,0,0,0,0,0,0,0,0,0,0,0,0,0,7,0,0,3,6,0,0,3,83,0,0,0,0,0,0,0,0,0,0,0,0,0,0,0,0,0,0,0,0,0,0,0,0,0,0,0,0,0,0,0,0,0,0,0,0,0,0,0,0,0,0,0,0,0,0,0,0,0,0,0,0,0,0,0,0,0,0,0,0,1,8.75998802108289
Aitkin County Sheriff's Office,1967,Minnesota,11315,MN00100,0,0,0,0,0,0,0,0,0,0,0,0,0,0,0,0,0,0,0,0,0,0,3,0,0,8,3,0,0,2,57,0,0,0,0,0,0,0,0,0,0,0,0,0,0,0,0,0,0,0,0,0,0,0,0,0,0,0,0,0,0,0,0,0,0,0,0,0,0,0,0,0,0,0,0,0,0,0,0,0,0,0,0,0,0,0,0,0,0,0,0,1,9.13419685236073
Aitkin County Sheriff's Office,1967,Minnesota,11315,MN00100,0,0,0,0,0,0,0,0,0,0,0,0,0,0,0,0,0,0,0,0,0,0,3,0,0,8,3,0,0,2,57,0,0,0,0,0,0,0,0,0,0,0,0,0,0,0,0,0,0,0,0,0,0,0,0,0,0,0,0,0,0,0,0,0,0,0,0,0,0,0,0,0,0,0,0,0,0,0,0,0,0,0,0,0,0,0,0,0,0,0,0,1,9.13419685236073
Aitkin County Sheriff's Office,1966,Minnesota,11793,MN00100,0,0,0,0,0,0,0,0,0,0,0,0,0,0,0,0,0,0,0,0,0,0,7,0,1,16,22,0,0,2,25,0,0,0,0,0,0,0,0,0,0,0,0,0,0,0,0,0,0,0,0,0,0,0,0,0,0,0,0,0,0,0,0,0,0,0,0,0,0,0,0,0,0,0,0,0,0,0,0,0,0,0,0,0,0,0,0,0,0,0,0,1,9.38746854942234
Aitkin County Sheriff's Office,1966,Minnesota,11793,MN00100,0,0,0,0,0,0,0,0,0,0,0,0,0,0,0,0,0,0,0,0,0,0,7,0,1,16,22,0,0,2,25,0,0,0,0,0,0,0,0,0,0,0,0,0,0,0,0,0,0,0,0,0,0,0,0,0,0,0,0,0,0,0,0,0,0,0,0,0,0,0,0,0,0,0,0,0,0,0,0,0,0,0,0,0,0,0,0,0,0,0,0,1,9.38746854942234
Aitkin County Sheriff's Office,1965,Minnesota,11510,MN00100,0,0,0,0,0,0,0,0,0,0,0,0,0,0,0,0,0,0,0,0,0,0,0,0,0,0,0,0,0,0,0,0,0,0,0,0,0,0,0,0,0,0,0,0,0,0,0,0,0,0,0,0,0,0,0,0,0,0,0,0,0,0,0,0,0,0,0,0,0,0,0,0,0,0,0,0,0,0,0,0,0,0,0,0,0,0,0,0,0,0,0,1,9.67050780216874
Aitkin County Sheriff's Office,1965,Minnesota,11510,MN00100,0,0,0,0,0,0,0,0,0,0,0,0,0,0,0,0,0,0,0,0,0,0,0,0,0,0,0,0,0,0,0,0,0,0,0,0,0,0,0,0,0,0,0,0,0,0,0,0,0,0,0,0,0,0,0,0,0,0,0,0,0,0,0,0,0,0,0,0,0,0,0,0,0,0,0,0,0,0,0,0,0,0,0,0,0,0,0,0,0,0,0,1,9.67050780216874
Aitkin County Sheriff's Office,1964,Minnesota,11635,MN00100,0,0,0,0,0,0,0,0,0,0,0,0,0,0,0,0,0,0,0,0,0,0,0,0,0,0,0,0,0,0,0,0,0,0,0,0,0,0,0,0,0,0,0,0,0,0,0,0,0,0,0,0,0,0,0,0,0,0,0,0,0,0,0,0,0,0,0,0,0,0,0,0,0,0,0,0,0,0,0,0,0,0,0,0,0,0,0,0,0,0,0,1,9.82380171950564
Aitkin County Sheriff's Office,1964,Minnesota,11635,MN00100,0,0,0,0,0,0,0,0,0,0,0,0,0,0,0,0,0,0,0,0,0,0,0,0,0,0,0,0,0,0,0,0,0,0,0,0,0,0,0,0,0,0,0,0,0,0,0,0,0,0,0,0,0,0,0,0,0,0,0,0,0,0,0,0,0,0,0,0,0,0,0,0,0,0,0,0,0,0,0,0,0,0,0,0,0,0,0,0,0,0,0,1,9.82380171950564
Aitkin County Sheriff's Office,1963,Minnesota,11663,MN00100,0,0,0,0,0,0,0,0,0,0,0,0,0,0,0,0,0,0,0,0,0,0,0,0,0,0,0,0,0,0,0,0,0,0,0,0,0,0,0,0,0,0,0,0,0,0,0,0,0,0,0,0,0,0,0,0,0,0,0,0,0,0,0,0,0,0,0,0,0,0,0,0,0,0,0,0,0,0,0,0,0,0,0,0,0,0,0,0,0,0,0,1,9.94943945578232
Aitkin County Sheriff's Office,1963,Minnesota,11663,MN00100,0,0,0,0,0,0,0,0,0,0,0,0,0,0,0,0,0,0,0,0,0,0,0,0,0,0,0,0,0,0,0,0,0,0,0,0,0,0,0,0,0,0,0,0,0,0,0,0,0,0,0,0,0,0,0,0,0,0,0,0,0,0,0,0,0,0,0,0,0,0,0,0,0,0,0,0,0,0,0,0,0,0,0,0,0,0,0,0,0,0,0,1,9.94943945578232
Aitkin County Sheriff's Office,1962,Minnesota,11731,MN00100,0,0,0,0,0,0,0,0,0,0,0,0,0,0,0,0,0,0,0,0,0,0,0,0,0,0,0,0,0,0,0,0,0,0,0,0,0,0,0,0,0,0,0,0,0,0,0,0,0,0,0,0,0,0,0,0,0,0,0,0,0,0,0,0,0,0,0,0,0,0,0,0,0,0,0,0,0,0,0,0,0,0,0,0,0,0,0,0,0,0,0,1,10.0727796143251
Aitkin County Sheriff's Office,1962,Minnesota,11731,MN00100,0,0,0,0,0,0,0,0,0,0,0,0,0,0,0,0,0,0,0,0,0,0,0,0,0,0,0,0,0,0,0,0,0,0,0,0,0,0,0,0,0,0,0,0,0,0,0,0,0,0,0,0,0,0,0,0,0,0,0,0,0,0,0,0,0,0,0,0,0,0,0,0,0,0,0,0,0,0,0,0,0,0,0,0,0,0,0,0,0,0,0,1,10.0727796143251
Aitkin County Sheriff's Office,1961,Minnesota,12162,MN00100,0,0,0,0,0,0,0,0,0,0,0,0,0,0,0,0,0,0,0,0,0,0,0,0,0,0,0,0,0,0,0,0,0,0,0,0,0,0,0,0,0,0,0,0,0,0,0,0,0,0,0,0,0,0,0,0,0,0,0,0,0,0,0,0,0,0,0,0,0,0,0,0,0,0,0,0,0,0,0,0,0,0,0,0,0,0,0,0,0,0,0,1,10.1935294117647
Aitkin County Sheriff's Office,1961,Minnesota,12162,MN00100,0,0,0,0,0,0,0,0,0,0,0,0,0,0,0,0,0,0,0,0,0,0,0,0,0,0,0,0,0,0,0,0,0,0,0,0,0,0,0,0,0,0,0,0,0,0,0,0,0,0,0,0,0,0,0,0,0,0,0,0,0,0,0,0,0,0,0,0,0,0,0,0,0,0,0,0,0,0,0,0,0,0,0,0,0,0,0,0,0,0,0,1,10.1935294117647
Aitkin County Sheriff's Office,1960,Minnesota,12162,MN00100,0,0,0,0,0,0,0,0,0,0,0,0,0,0,0,0,0,0,0,0,0,0,0,0,0,0,0,0,0,0,0,0,0,0,0,0,0,0,0,0,0,0,0,0,0,0,0,0,0,0,0,0,0,0,0,0,0,0,0,0,0,0,0,0,0,0,0,0,0,0,0,0,0,0,0,0,0,0,0,0,0,0,0,0,0,0,0,0,0,0,0,1,10.302673992674
Aitkin County Sheriff's Office,1960,Minnesota,12162,MN00100,0,0,0,0,0,0,0,0,0,0,0,0,0,0,0,0,0,0,0,0,0,0,0,0,0,0,0,0,0,0,0,0,0,0,0,0,0,0,0,0,0,0,0,0,0,0,0,0,0,0,0,0,0,0,0,0,0,0,0,0,0,0,0,0,0,0,0,0,0,0,0,0,0,0,0,0,0,0,0,0,0,0,0,0,0,0,0,0,0,0,0,1,10.302673992674
