agency,year,state,population,ORI,offenses_burg_resident_day,offenses_burg_resident_night,offenses_burg_resident_unk,offenses_burg_nonresident_day,offenses_burg_nonresident_night,offenses_burg_nonresident_unk,offenses_burg_total,offenses_motor_vehicle_theft,offenses_murder,offenses_rape,offenses_robbery_bank,offenses_robbery_chain_store,offenses_robbery_gas_station,offenses_robbery_highway,offenses_robbery_house,offenses_robbery_misc,offenses_robbery_residence,offenses_robbery_total,offenses_theft_under_50,offenses_theft_50_to_200,offenses_theft_over_200,offenses_theft_total,offenses_theft_auto_part,offenses_theft_bicycle,offenses_theft_coin_machine,offenses_theft_from_auto,offenses_theft_from_building,offenses_theft_pick_pocket,offenses_theft_purse_snatch,offenses_theft_shoplift,offenses_theft_all_other,auto_stolen_recover_local,auto_stolen_recovered_other,auto_theft_total,auto_stole_oth_recover_local,value_burg_resident_night,value_burg_resident_day,value_burg_resident_unk,value_burg_nonresident_night,value_burg_nonresident_day,value_burg_nonresident_unk,value_burg_total,value_motor_vehicle_theft,value_murder,value_rape,value_robbery_bank,value_robbery_chain_store,value_robbery_gas_station,value_robbery_highway,value_robbery_house,value_robbery_misc,value_robbery_residence,value_robbery_total,value_theft_under_50,value_theft_50_to_200,value_theft_over_200,value_theft_total,value_total_all_values,value_theft_auto_part,value_theft_bicycle,value_theft_coin_machine,value_theft_from_auto,value_theft_from_building,value_theft_pick_pocket,value_theft_purse_snatch,value_theft_shoplift,value_theft_all_other,value_stolen_clothing_or_fur,value_stolen_consumable_good,value_stolen_currency,value_stolen_guns,value_stolen_household_good,value_stolen_jewel_metal,value_stolen_livestock,value_stolen_local_mtr_veh,value_stolen_misc,value_stolen_office_equip,value_stolen_tv_and_radio,value_stolen_total,value_recovered_clothing_or_fur,value_recovered_consumable_good,value_recovered_currency,value_recovered_guns,value_recovered_house_good,value_recovered_jewel_metal,value_recovered_livestock,value_recovered_local_mtv_veh,value_recovered_misc,value_recovered_office_equip,value_recovered_tv_and_radio,value_recovered_total,price,in_2023_dollars
Nodaway County Sheriff's Office,2023,Missouri,10142,MO07400,780006,4000000,0,10000,100000,0,4890006,2446236,0,10,21199,0,140004,0,122502,169,66300,350174,3992002,1,323991,4315994,2,0,0,0,3000001,0,0,100010,100001,2100,200,0,4225,1000302,365010707,0,10076000,0,10,40000773,501000000,10000003,85100011,232365,100,10000000,900227867,804321900,0,65100000,31400000,79500000,33014000,200100,773002564,182725,10000001,800002,0,0,604020391,10000,0,207002804,62014,300485,222000024,660002600,101790,25001,240400000,290100004,278000000,790000001,314,11490,1363990,365003850,790200000,200010012,950000000,2,100770802,21500000,100000,300,10,1,773000000,1,1
Nodaway County Sheriff's Office,2023,Missouri,10142,MO07400,780006,4000000,0,10000,100000,0,4890006,2446236,0,10,21199,0,140004,0,122502,169,66300,350174,3992002,1,323991,4315994,2,0,0,0,3000001,0,0,100010,100001,2100,200,0,4225,1000302,365010707,0,10076000,0,10,40000773,501000000,10000003,85100011,232365,100,10000000,900227867,804321900,0,65100000,31400000,79500000,33014000,200100,773002564,182725,10000001,800002,0,0,604020391,10000,0,207002804,62014,300485,222000024,660002600,101790,25001,240400000,290100004,278000000,790000001,314,11490,1363990,365003850,790200000,200010012,950000000,2,100770802,21500000,100000,300,10,1,773000000,1,1
Nodaway County Sheriff's Office,2022,Missouri,10295,MO07400,2,3000000,2700105,2110001,100000,41501,7951609,2885001,38,1,84878,5050000,6810306,3010,12,1204903,54000,13207109,2010000,0,204002,2214002,11,0,35,0,328001,2000,0,85,0,2000100,0,10,1010020,155341629,743661943,208602290,72881437,10411638,19782107,20824329,2082327,37481882,97875748,12911169,5,10411634,43512,316232659,104220,105282,78753605,93704895,273201272,1056,578916063,21490,44145329,476332566,676756199,208252,586249973,37492293,105189,208238469,52,32380760,520977386,104147782,1665861,1,279035952,743390670,530993326,864165611,586,468552082,3559738,868347983,156278625,1041164,19782141,124940651,496458103,3321191,104220,922595924,0,565352759,58305149,1,1.04116338383745
Nodaway County Sheriff's Office,2022,Missouri,10295,MO07400,2,3000000,2700105,2110001,100000,41501,7951609,2885001,38,1,84878,5050000,6810306,3010,12,1204903,54000,13207109,2010000,0,204002,2214002,11,0,35,0,328001,2000,0,85,0,2000100,0,10,1010020,155341629,743661943,208602290,72881437,10411638,19782107,20824329,2082327,37481882,97875748,12911169,5,10411634,43512,316232659,104220,105282,78753605,93704895,273201272,1056,578916063,21490,44145329,476332566,676756199,208252,586249973,37492293,105189,208238469,52,32380760,520977386,104147782,1665861,1,279035952,743390670,530993326,864165611,586,468552082,3559738,868347983,156278625,1041164,19782141,124940651,496458103,3321191,104220,922595924,0,565352759,58305149,1,1.04116338383745
Nodaway County Sheriff's Office,2021,Missouri,10103,MO07400,8530008,8730004,5681000,0,6250000,202002,29393014,39000,69162,0,11253,2510175,818,402500,3500,55,10200,2938501,119710,500001,1,619712,30,9400003,7450000,0,8963051,300,44,5100719,160001,100,2000000,106,1003987,357924107,18321787,900713082,11244856,0,224900,59607919,112448561,640956799,1600705603,236156971,53526639,11581077,118185,113238849,112673,48583585,94748376,349827602,7652126,112786,348613876,1627,40819953,34414919,0,157427985,628621766,337356926,8,11245658,118245,34634160,225101785,14577,112449,84339,3373,292481089,1131288792,67487128,303611690,989559091,5397531,801773474,428100047,85594721,764746010,179920004,573612445,17230190,114135,444936986,11,669068936,342979354,1,1.12448560525052
Nodaway County Sheriff's Office,2021,Missouri,10103,MO07400,8530008,8730004,5681000,0,6250000,202002,29393014,39000,69162,0,11253,2510175,818,402500,3500,55,10200,2938501,119710,500001,1,619712,30,9400003,7450000,0,8963051,300,44,5100719,160001,100,2000000,106,1003987,357924107,18321787,900713082,11244856,0,224900,59607919,112448561,640956799,1600705603,236156971,53526639,11581077,118185,113238849,112673,48583585,94748376,349827602,7652126,112786,348613876,1627,40819953,34414919,0,157427985,628621766,337356926,8,11245658,118245,34634160,225101785,14577,112449,84339,3373,292481089,1131288792,67487128,303611690,989559091,5397531,801773474,428100047,85594721,764746010,179920004,573612445,17230190,114135,444936986,11,669068936,342979354,1,1.12448560525052
Nodaway County Sheriff's Office,2020,Missouri,10390,MO07400,1400000,5001207,350002,4000001,100000,4520,10855730,518088,150130,0,2125,10025,33120,1200,0,910,20000,67380,3889130,100000,10,3989140,200000,100003,100000,0,3018030,0,0,100010,500000,100,1000035,0,6,178480691,859502580,589833488,11949720,307867180,123735535,588670113,241559771,11773128,1021318711,11773394,146,11773124,588740913,942255348,106076,35696530,28255498,579120077,15305062,235498,1057265349,0,129504365,254306652,706387411,0,111870616,11773,2355,718163001,17016,23664038,333179419,647526515,7129038,1,2802,1153766306,949655464,1118446734,1460,706410957,600429,859515602,765849914,270783,6004319,188371351,585807332,83666881,119497,728921690,2354625,189547,1645882669,1,1.17731235192711
Nodaway County Sheriff's Office,2020,Missouri,10390,MO07400,1400000,5001207,350002,4000001,100000,4520,10855730,518088,150130,0,2125,10025,33120,1200,0,910,20000,67380,3889130,100000,10,3989140,200000,100003,100000,0,3018030,0,0,100010,500000,100,1000035,0,6,178480691,859502580,589833488,11949720,307867180,123735535,588670113,241559771,11773128,1021318711,11773394,146,11773124,588740913,942255348,106076,35696530,28255498,579120077,15305062,235498,1057265349,0,129504365,254306652,706387411,0,111870616,11773,2355,718163001,17016,23664038,333179419,647526515,7129038,1,2802,1153766306,949655464,1118446734,1460,706410957,600429,859515602,765849914,270783,6004319,188371351,585807332,83666881,119497,728921690,2354625,189547,1645882669,1,1.17731235192711
Nodaway County Sheriff's Office,2019,Missouri,10504,MO07400,1800000,6010000,180000,400000,100000,76000,8566000,1425005,192852,25000,84631,9530536,21902,10,30000,1200139,20000,10887218,1662225,0,110003,1772228,1110015,200000,0,0,1900002,20,0,100010,300001,100,312,9000000,142500,701037804,357587303,238367105,11918355,1191847,2504046,25147791,41952609,36708534,389611261,23839451,6197545,11977947,61867,595917866,5065424,119367,518448446,912946765,11918362,1598371,62000759,61,5363260,188314912,357550648,357669834,912975861,358754402,119184,476735510,60,18116069,238378,0,121531,0,1192,39,634437870,750874238,275,548246711,238367,1072812246,1156116184,37328288,5453,619756841,674519719,6653065,3363121,864715640,0,143032,62072570,1,1.19183549339627
Nodaway County Sheriff's Office,2019,Missouri,10504,MO07400,1800000,6010000,180000,400000,100000,76000,8566000,1425005,192852,25000,84631,9530536,21902,10,30000,1200139,20000,10887218,1662225,0,110003,1772228,1110015,200000,0,0,1900002,20,0,100010,300001,100,312,9000000,142500,701037804,357587303,238367105,11918355,1191847,2504046,25147791,41952609,36708534,389611261,23839451,6197545,11977947,61867,595917866,5065424,119367,518448446,912946765,11918362,1598371,62000759,61,5363260,188314912,357550648,357669834,912975861,358754402,119184,476735510,60,18116069,238378,0,121531,0,1192,39,634437870,750874238,275,548246711,238367,1072812246,1156116184,37328288,5453,619756841,674519719,6653065,3363121,864715640,0,143032,62072570,1,1.19183549339627
Nodaway County Sheriff's Office,2018,Missouri,10609,MO07400,8,5,6,2,4,11,36,7,0,1,0,0,0,0,0,0,0,0,7,8,28,43,5,1,0,6,19,0,0,0,12,3,3,7,1,6146,14422,54071,5058,3150,9368,92214,171034,0,0,0,0,0,0,0,0,0,0,115,1099,74475,75302,504975,5758,2427,0,4174,27933,0,0,0,36732,6412,3407,10239,2657,13541,15999,0,169699,108377,1380,8092,333942,1213,32,0,1820,607,0,0,166240,22030,0,49,191991,1,1.21343405628813
Nodaway County Sheriff's Office,2018,Missouri,10609,MO07400,8,5,6,2,4,11,36,7,0,1,0,0,0,0,0,0,0,0,7,8,28,43,5,1,0,6,19,0,0,0,12,3,3,7,1,6146,14422,54071,5058,3150,9368,92214,171034,0,0,0,0,0,0,0,0,0,0,115,1099,74475,75302,504975,5758,2427,0,4174,27933,0,0,0,36732,6412,3407,10239,2657,13541,15999,0,169699,108377,1380,8092,333942,1213,32,0,1820,607,0,0,166240,22030,0,49,191991,1,1.21343405628813
Nodaway County Sheriff's Office,2017,Missouri,10748,MO07400,5,2,2,1,5,3,18,8,0,0,0,0,0,0,0,0,0,0,10,9,19,38,2,0,2,7,16,0,0,0,11,4,1,5,1,5625,2209,2874,9391,124,2266,22490,40456,0,0,0,0,0,0,0,0,0,0,259,1113,25888,27259,90129,25,0,184,2082,18917,0,0,0,6051,786,2591,3609,654,1576,6215,0,39778,31962,186,2848,90129,373,0,0,0,0,0,0,8329,11020,186,1146,21054,1,1.24307319386626
Nodaway County Sheriff's Office,2017,Missouri,10748,MO07400,5,2,2,1,5,3,18,8,0,0,0,0,0,0,0,0,0,0,10,9,19,38,2,0,2,7,16,0,0,0,11,4,1,5,1,5625,2209,2874,9391,124,2266,22490,40456,0,0,0,0,0,0,0,0,0,0,259,1113,25888,27259,90129,25,0,184,2082,18917,0,0,0,6051,786,2591,3609,654,1576,6215,0,39778,31962,186,2848,90129,373,0,0,0,0,0,0,8329,11020,186,1146,21054,1,1.24307319386626
Nodaway County Sheriff's Office,2016,Missouri,10811,MO07400,5,2,7,0,2,9,25,4,0,4,0,0,0,0,0,0,0,0,4,7,20,31,1,0,2,5,8,0,0,0,15,0,3,3,0,127,10881,8252,980,0,5980,26220,21582,0,0,0,0,0,0,0,0,0,0,123,880,59920,60923,108726,171,0,171,1078,10932,0,0,0,48571,184,6167,2510,381,2105,4221,0,21582,66268,851,4456,108726,0,0,0,381,0,0,0,16568,36277,343,127,53696,1,1.26955202032162
Nodaway County Sheriff's Office,2016,Missouri,10811,MO07400,5,2,7,0,2,9,25,4,0,4,0,0,0,0,0,0,0,0,4,7,20,31,1,0,2,5,8,0,0,0,15,0,3,3,0,127,10881,8252,980,0,5980,26220,21582,0,0,0,0,0,0,0,0,0,0,123,880,59920,60923,108726,171,0,171,1078,10932,0,0,0,48571,184,6167,2510,381,2105,4221,0,21582,66268,851,4456,108726,0,0,0,381,0,0,0,16568,36277,343,127,53696,1,1.26955202032162
Nodaway County Sheriff's Office,2015,Missouri,11009,MO07400,2,5,10,0,8,2,27,7,0,3,0,0,0,0,0,0,0,0,8,5,25,38,3,0,1,6,8,0,0,0,20,1,3,4,1,3974,4983,64806,8873,0,19,82654,46919,0,0,0,0,0,0,0,0,0,0,280,686,44073,45040,174614,570,0,129,2965,7431,0,0,0,33947,4191,6730,2875,4352,16234,604,1543,41524,86138,2183,8240,174614,0,22,0,0,156,0,0,30339,5798,0,45,36360,1,1.28556847539769
Nodaway County Sheriff's Office,2015,Missouri,11009,MO07400,2,5,10,0,8,2,27,7,0,3,0,0,0,0,0,0,0,0,8,5,25,38,3,0,1,6,8,0,0,0,20,1,3,4,1,3974,4983,64806,8873,0,19,82654,46919,0,0,0,0,0,0,0,0,0,0,280,686,44073,45040,174614,570,0,129,2965,7431,0,0,0,33947,4191,6730,2875,4352,16234,604,1543,41524,86138,2183,8240,174614,0,22,0,0,156,0,0,30339,5798,0,45,36360,1,1.28556847539769
Nodaway County Sheriff's Office,2014,Missouri,11183,MO07400,6,1,7,0,3,6,23,5,0,0,1,0,0,0,0,0,0,1,4,7,12,23,5,0,0,2,5,0,0,0,11,4,0,4,1,30,6043,10028,1577,0,80730,98407,48009,0,0,15808,0,0,0,0,0,0,15808,59,861,48256,49176,211400,767,0,0,597,16902,0,0,0,30910,0,378,21735,8712,3500,2445,28831,48009,91062,1682,5045,211400,0,32,15808,1191,0,0,0,42989,97,708,0,60824,1,1.28709350845562
Nodaway County Sheriff's Office,2014,Missouri,11183,MO07400,6,1,7,0,3,6,23,5,0,0,1,0,0,0,0,0,0,1,4,7,12,23,5,0,0,2,5,0,0,0,11,4,0,4,1,30,6043,10028,1577,0,80730,98407,48009,0,0,15808,0,0,0,0,0,0,15808,59,861,48256,49176,211400,767,0,0,597,16902,0,0,0,30910,0,378,21735,8712,3500,2445,28831,48009,91062,1682,5045,211400,0,32,15808,1191,0,0,0,42989,97,708,0,60824,1,1.28709350845562
Nodaway County Sheriff's Office,2013,Missouri,11457,MO07400,6,2,6,0,3,8,25,10,1,0,0,0,0,0,0,0,0,0,6,15,30,51,2,0,1,13,12,0,0,0,23,1,2,3,0,6535,8926,10561,753,0,9332,36107,76758,0,0,0,0,0,0,0,0,0,0,42,2311,72837,75190,187804,1046,0,65,6138,17420,0,0,0,51312,991,2561,4885,5820,2200,12844,13930,75862,41040,5886,22825,187804,0,0,0,0,0,0,0,53627,1883,0,0,55510,1,1.30797303509051
Nodaway County Sheriff's Office,2013,Missouri,11457,MO07400,6,2,6,0,3,8,25,10,1,0,0,0,0,0,0,0,0,0,6,15,30,51,2,0,1,13,12,0,0,0,23,1,2,3,0,6535,8926,10561,753,0,9332,36107,76758,0,0,0,0,0,0,0,0,0,0,42,2311,72837,75190,187804,1046,0,65,6138,17420,0,0,0,51312,991,2561,4885,5820,2200,12844,13930,75862,41040,5886,22825,187804,0,0,0,0,0,0,0,53627,1883,0,0,55510,1,1.30797303509051
Nodaway County Sheriff's Office,2012,Missouri,11473,MO07400,9,2,10,0,4,9,34,9,0,3,0,0,0,1,0,0,0,1,8,16,35,59,8,1,0,11,16,0,0,0,23,7,2,9,2,325,15494,9401,53364,0,17559,96144,72568,0,0,0,0,0,360,0,0,0,360,186,2518,60738,63441,232512,2790,113,0,15527,7666,0,0,0,37346,790,9216,7088,5939,4583,4682,2256,72329,100123,6835,18673,232512,464,0,360,0,0,0,0,45985,1112,0,265,48187,1,1.32713265123532
Nodaway County Sheriff's Office,2012,Missouri,11473,MO07400,9,2,10,0,4,9,34,9,0,3,0,0,0,1,0,0,0,1,8,16,35,59,8,1,0,11,16,0,0,0,23,7,2,9,2,325,15494,9401,53364,0,17559,96144,72568,0,0,0,0,0,360,0,0,0,360,186,2518,60738,63441,232512,2790,113,0,15527,7666,0,0,0,37346,790,9216,7088,5939,4583,4682,2256,72329,100123,6835,18673,232512,464,0,360,0,0,0,0,45985,1112,0,265,48187,1,1.32713265123532
Nodaway County Sheriff's Office,2011,Missouri,11439,MO07400,2,5,12,0,5,11,35,10,0,2,0,0,0,0,0,0,1,1,12,14,45,71,11,1,0,11,9,0,0,0,39,2,2,4,0,2196,539,23995,3624,0,12869,40645,47004,0,0,0,0,0,0,0,0,0,0,303,1829,105568,107700,194104,33194,81,0,14674,11792,0,0,0,47958,76,5157,2963,2032,6193,0,7450,47004,102286,10877,13322,194104,76,30,107,2235,515,0,0,19168,6063,0,0,28193,1,1.35459550174677
Nodaway County Sheriff's Office,2011,Missouri,11439,MO07400,2,5,12,0,5,11,35,10,0,2,0,0,0,0,0,0,1,1,12,14,45,71,11,1,0,11,9,0,0,0,39,2,2,4,0,2196,539,23995,3624,0,12869,40645,47004,0,0,0,0,0,0,0,0,0,0,303,1829,105568,107700,194104,33194,81,0,14674,11792,0,0,0,47958,76,5157,2963,2032,6193,0,7450,47004,102286,10877,13322,194104,76,30,107,2235,515,0,0,19168,6063,0,0,28193,1,1.35459550174677
Nodaway County Sheriff's Office,2010,Missouri,11398,MO07400,1,4,12,0,12,13,42,4,0,2,0,0,0,0,0,0,0,0,15,5,29,49,5,0,0,14,10,0,0,0,20,1,4,5,0,4645,9600,13834,88932,0,37896,154907,28136,0,0,0,0,0,0,0,0,0,0,257,665,57514,58436,241479,1995,0,0,7048,8317,0,0,0,42997,140,2654,3310,3703,5486,1293,3563,61065,145909,3668,12101,241479,0,0,0,2795,140,0,0,22008,33314,321,1397,59976,1,1.3973579356326
Nodaway County Sheriff's Office,2010,Missouri,11398,MO07400,1,4,12,0,12,13,42,4,0,2,0,0,0,0,0,0,0,0,15,5,29,49,5,0,0,14,10,0,0,0,20,1,4,5,0,4645,9600,13834,88932,0,37896,154907,28136,0,0,0,0,0,0,0,0,0,0,257,665,57514,58436,241479,1995,0,0,7048,8317,0,0,0,42997,140,2654,3310,3703,5486,1293,3563,61065,145909,3668,12101,241479,0,0,0,2795,140,0,0,22008,33314,321,1397,59976,1,1.3973579356326
Nodaway County Sheriff's Office,2009,Missouri,11259,MO07400,6,4,14,0,12,8,44,5,0,0,0,0,0,0,0,0,0,0,17,12,24,53,5,0,0,14,8,0,0,0,26,3,1,4,0,1229,8333,22791,15514,0,8499,56365,39768,0,0,0,0,0,0,0,0,0,0,403,1660,47024,49088,145220,966,0,0,5133,8628,0,0,0,34736,107,3735,10186,4850,3032,568,3125,31956,83522,1271,2868,145220,57,0,0,1988,0,0,0,16333,12946,0,57,31381,1,1.42027521282265
Nodaway County Sheriff's Office,2009,Missouri,11259,MO07400,6,4,14,0,12,8,44,5,0,0,0,0,0,0,0,0,0,0,17,12,24,53,5,0,0,14,8,0,0,0,26,3,1,4,0,1229,8333,22791,15514,0,8499,56365,39768,0,0,0,0,0,0,0,0,0,0,403,1660,47024,49088,145220,966,0,0,5133,8628,0,0,0,34736,107,3735,10186,4850,3032,568,3125,31956,83522,1271,2868,145220,57,0,0,1988,0,0,0,16333,12946,0,57,31381,1,1.42027521282265
Nodaway County Sheriff's Office,2008,Missouri,11265,MO07400,1,1,18,1,12,22,55,13,1,0,0,0,0,0,0,0,0,0,23,13,42,78,6,2,0,15,6,0,0,0,49,10,1,11,1,142,21,37644,10402,524,22160,70891,44084,0,0,0,0,0,0,0,0,0,0,299,1919,72069,74287,189262,3525,2972,0,11640,9421,0,0,0,47218,6288,1441,9247,5944,6298,8024,607,44650,93953,2123,10688,189262,7,0,0,425,0,0,0,26252,1063,0,0,27747,1,1.41522547733228
Nodaway County Sheriff's Office,2008,Missouri,11265,MO07400,1,1,18,1,12,22,55,13,1,0,0,0,0,0,0,0,0,0,23,13,42,78,6,2,0,15,6,0,0,0,49,10,1,11,1,142,21,37644,10402,524,22160,70891,44084,0,0,0,0,0,0,0,0,0,0,299,1919,72069,74287,189262,3525,2972,0,11640,9421,0,0,0,47218,6288,1441,9247,5944,6298,8024,607,44650,93953,2123,10688,189262,7,0,0,425,0,0,0,26252,1063,0,0,27747,1,1.41522547733228
Nodaway County Sheriff's Office,2007,Missouri,11097,MO07400,2,7,18,1,16,19,63,14,0,0,0,0,0,0,0,0,0,0,22,13,26,61,10,0,0,11,8,0,0,0,32,5,2,7,0,126949,59,52360,103993,1659,32341,317361,141048,0,0,0,0,0,0,0,0,0,0,267,1556,26583,28407,486816,1871,0,0,6745,6260,0,0,0,13530,838,6619,2697,4254,3536,116859,0,141665,184490,3571,22287,486816,0,0,0,0,0,0,0,83030,103,0,0,83133,1,1.46955740283082
Nodaway County Sheriff's Office,2007,Missouri,11097,MO07400,2,7,18,1,16,19,63,14,0,0,0,0,0,0,0,0,0,0,22,13,26,61,10,0,0,11,8,0,0,0,32,5,2,7,0,126949,59,52360,103993,1659,32341,317361,141048,0,0,0,0,0,0,0,0,0,0,267,1556,26583,28407,486816,1871,0,0,6745,6260,0,0,0,13530,838,6619,2697,4254,3536,116859,0,141665,184490,3571,22287,486816,0,0,0,0,0,0,0,83030,103,0,0,83133,1,1.46955740283082
Nodaway County Sheriff's Office,2006,Missouri,11225,MO07400,2,4,13,0,9,15,43,6,0,1,0,0,0,0,0,0,0,0,22,23,45,90,5,1,1,33,8,0,1,2,39,1,3,4,1,27532,1617,26369,60698,0,32474,148690,22778,0,0,0,0,0,0,0,0,0,0,511,4043,153362,157916,329052,1829,180,76,24991,8449,0,296,20,123981,874,615,27043,8200,7074,936,1965,32829,227472,3167,19211,329052,0,5,0,0,0,0,0,12243,17996,0,0,30243,1,1.51147906246125
Nodaway County Sheriff's Office,2006,Missouri,11225,MO07400,2,4,13,0,9,15,43,6,0,1,0,0,0,0,0,0,0,0,22,23,45,90,5,1,1,33,8,0,1,2,39,1,3,4,1,27532,1617,26369,60698,0,32474,148690,22778,0,0,0,0,0,0,0,0,0,0,511,4043,153362,157916,329052,1829,180,76,24991,8449,0,296,20,123981,874,615,27043,8200,7074,936,1965,32829,227472,3167,19211,329052,0,5,0,0,0,0,0,12243,17996,0,0,30243,1,1.51147906246125
Nodaway County Sheriff's Office,2005,Missouri,11333,MO07400,5,3,13,1,14,12,48,7,0,1,0,0,0,0,0,0,0,0,23,9,31,63,3,1,0,9,13,0,0,1,36,3,2,5,0,12507,335,19506,18004,1482,22002,73837,72200,0,0,0,0,0,0,0,0,0,0,314,1560,57548,59422,205458,5461,390,0,2759,23569,0,0,0,27243,234,390,6331,1404,5915,3027,624,71186,94252,7016,15078,205458,0,0,0,0,312,0,0,25160,5757,0,0,31230,1,1.56023853211009
Nodaway County Sheriff's Office,2005,Missouri,11333,MO07400,5,3,13,1,14,12,48,7,0,1,0,0,0,0,0,0,0,0,23,9,31,63,3,1,0,9,13,0,0,1,36,3,2,5,0,12507,335,19506,18004,1482,22002,73837,72200,0,0,0,0,0,0,0,0,0,0,314,1560,57548,59422,205458,5461,390,0,2759,23569,0,0,0,27243,234,390,6331,1404,5915,3027,624,71186,94252,7016,15078,205458,0,0,0,0,312,0,0,25160,5757,0,0,31230,1,1.56023853211009
Nodaway County Sheriff's Office,2004,Missouri,11219,MO07400,2,2,16,0,9,14,43,10,1,0,0,0,0,0,0,0,0,0,31,21,38,90,2,0,3,20,11,0,0,0,54,3,4,7,1,258,355,20573,6330,0,27411,54927,82272,0,0,0,0,0,0,0,0,0,0,561,3588,132900,137049,274248,936,0,747,8864,15291,0,0,0,111772,242,550,28402,5985,2131,2178,0,81828,146583,1533,5644,274248,0,79,0,726,908,0,0,85861,34273,0,139,121987,1,1.61317347569046
Nodaway County Sheriff's Office,2004,Missouri,11219,MO07400,2,2,16,0,9,14,43,10,1,0,0,0,0,0,0,0,0,0,31,21,38,90,2,0,3,20,11,0,0,0,54,3,4,7,1,258,355,20573,6330,0,27411,54927,82272,0,0,0,0,0,0,0,0,0,0,561,3588,132900,137049,274248,936,0,747,8864,15291,0,0,0,111772,242,550,28402,5985,2131,2178,0,81828,146583,1533,5644,274248,0,79,0,726,908,0,0,85861,34273,0,139,121987,1,1.61317347569046
Nodaway County Sheriff's Office,2003,Missouri,11149,MO07400,8,8,23,3,8,10,60,7,0,0,0,0,0,0,0,0,0,0,24,23,47,94,4,0,0,20,10,0,0,0,60,4,1,5,0,20350,3985,22811,6110,345,1706,55308,48366,0,0,0,0,0,0,0,0,0,0,376,4131,175218,179725,283399,704,0,0,7056,5133,0,0,0,167397,870,1196,23451,5342,1612,3188,34610,48366,154413,0,10652,283399,0,0,83,1822,1988,9358,0,39753,18634,0,1681,73319,1,1.65636194790487
Nodaway County Sheriff's Office,2003,Missouri,11149,MO07400,8,8,23,3,8,10,60,7,0,0,0,0,0,0,0,0,0,0,24,23,47,94,4,0,0,20,10,0,0,0,60,4,1,5,0,20350,3985,22811,6110,345,1706,55308,48366,0,0,0,0,0,0,0,0,0,0,376,4131,175218,179725,283399,704,0,0,7056,5133,0,0,0,167397,870,1196,23451,5342,1612,3188,34610,48366,154413,0,10652,283399,0,0,83,1822,1988,9358,0,39753,18634,0,1681,73319,1,1.65636194790487
Nodaway County Sheriff's Office,2002,Missouri,11487,MO07400,2,2,5,1,12,10,32,2,2,0,0,0,0,0,0,0,0,0,50,14,48,112,9,0,2,13,37,0,0,0,51,1,2,3,0,0,364,2033,29400,395,4262,36454,1694,0,0,0,0,0,0,0,0,0,0,317,3076,131883,135276,173425,2417,0,302,4120,94786,0,0,0,33652,0,2031,18424,898,1355,20588,3049,1694,112909,9656,2820,173425,0,0,69,423,0,0,0,1694,3903,0,644,6734,1,1.69396293722493
Nodaway County Sheriff's Office,2002,Missouri,11487,MO07400,2,2,5,1,12,10,32,2,2,0,0,0,0,0,0,0,0,0,50,14,48,112,9,0,2,13,37,0,0,0,51,1,2,3,0,0,364,2033,29400,395,4262,36454,1694,0,0,0,0,0,0,0,0,0,0,317,3076,131883,135276,173425,2417,0,302,4120,94786,0,0,0,33652,0,2031,18424,898,1355,20588,3049,1694,112909,9656,2820,173425,0,0,69,423,0,0,0,1694,3903,0,644,6734,1,1.69396293722493
Nodaway County Sheriff's Office,2001,Missouri,11401,MO07400,2,3,12,1,7,10,35,4,0,0,0,0,0,0,0,0,0,0,29,14,32,75,1,7,0,17,14,0,0,0,36,0,1,1,0,2237,619,8785,10313,0,7857,29812,0,0,0,0,0,0,0,0,0,0,0,367,1817,50140,52324,82135,129,726,0,4930,25411,0,0,0,21127,0,2440,3769,8167,3356,1623,6797,0,47648,1797,6539,82135,0,0,0,619,0,0,0,0,5940,0,0,6560,1,1.7208297251506
Nodaway County Sheriff's Office,2001,Missouri,11401,MO07400,2,3,12,1,7,10,35,4,0,0,0,0,0,0,0,0,0,0,29,14,32,75,1,7,0,17,14,0,0,0,36,0,1,1,0,2237,619,8785,10313,0,7857,29812,0,0,0,0,0,0,0,0,0,0,0,367,1817,50140,52324,82135,129,726,0,4930,25411,0,0,0,21127,0,2440,3769,8167,3356,1623,6797,0,47648,1797,6539,82135,0,0,0,619,0,0,0,0,5940,0,0,6560,1,1.7208297251506
Nodaway County Sheriff's Office,2000,Missouri,11331,MO07400,2,2,8,0,9,12,33,2,1,0,0,0,0,0,0,0,0,0,20,8,26,54,1,1,1,10,11,0,0,0,30,0,1,1,1,0,0,1840,8792,0,15746,26379,15925,0,0,0,0,0,0,0,0,0,0,200,1136,43010,44346,86651,1946,0,1769,9184,9714,0,0,0,21733,0,0,6563,5485,2477,0,2831,15925,43566,5025,4778,86651,0,0,0,0,0,0,4650,0,237,0,0,4887,1,1.76946331784747
Nodaway County Sheriff's Office,2000,Missouri,11331,MO07400,2,2,8,0,9,12,33,2,1,0,0,0,0,0,0,0,0,0,20,8,26,54,1,1,1,10,11,0,0,0,30,0,1,1,1,0,0,1840,8792,0,15746,26379,15925,0,0,0,0,0,0,0,0,0,0,200,1136,43010,44346,86651,1946,0,1769,9184,9714,0,0,0,21733,0,0,6563,5485,2477,0,2831,15925,43566,5025,4778,86651,0,0,0,0,0,0,4650,0,237,0,0,4887,1,1.76946331784747
Nodaway County Sheriff's Office,1999,Missouri,10824,MO07400,3,3,12,0,15,7,40,2,0,0,0,0,0,0,0,0,0,0,23,23,40,86,3,5,1,16,20,0,0,0,41,1,0,1,0,1829,1921,8451,36235,0,24693,73128,0,0,0,0,0,0,0,0,0,0,0,165,3267,108337,111769,184897,3750,2488,366,5522,41227,0,0,0,58416,366,6777,25499,1829,1943,0,28536,0,114659,1921,3366,184897,366,457,0,6219,0,0,0,0,85840,0,3521,96403,1,1.82921556856271
Nodaway County Sheriff's Office,1999,Missouri,10824,MO07400,3,3,12,0,15,7,40,2,0,0,0,0,0,0,0,0,0,0,23,23,40,86,3,5,1,16,20,0,0,0,41,1,0,1,0,1829,1921,8451,36235,0,24693,73128,0,0,0,0,0,0,0,0,0,0,0,165,3267,108337,111769,184897,3750,2488,366,5522,41227,0,0,0,58416,366,6777,25499,1829,1943,0,28536,0,114659,1921,3366,184897,366,457,0,6219,0,0,0,0,85840,0,3521,96403,1,1.82921556856271
Nodaway County Sheriff's Office,1998,Missouri,10856,MO07400,1,3,8,0,22,15,49,6,0,1,0,0,0,0,0,0,0,0,28,18,38,84,4,4,0,27,13,0,0,0,36,2,1,3,0,514,561,14010,22106,0,9060,46251,0,0,0,0,0,0,0,0,0,0,0,325,3682,94841,98849,145100,2374,1150,0,14632,14851,0,0,0,65842,0,3602,30489,935,0,0,9907,0,84877,1495,13795,145100,0,0,187,0,0,0,0,0,1897,0,0,2084,1,1.86923930269414
Nodaway County Sheriff's Office,1998,Missouri,10856,MO07400,1,3,8,0,22,15,49,6,0,1,0,0,0,0,0,0,0,0,28,18,38,84,4,4,0,27,13,0,0,0,36,2,1,3,0,514,561,14010,22106,0,9060,46251,0,0,0,0,0,0,0,0,0,0,0,325,3682,94841,98849,145100,2374,1150,0,14632,14851,0,0,0,65842,0,3602,30489,935,0,0,9907,0,84877,1495,13795,145100,0,0,187,0,0,0,0,0,1897,0,0,2084,1,1.86923930269414
Nodaway County Sheriff's Office,1997,Missouri,10830,MO07400,5,3,6,0,16,10,40,9,0,2,0,0,0,0,0,0,0,0,22,17,41,80,5,3,3,18,17,0,0,0,34,4,2,6,1,1898,1813,8362,5778,0,12796,30647,132878,0,0,0,0,0,0,0,0,0,0,222,3455,49698,53375,216900,923,1348,712,10801,13770,0,0,0,25824,0,197,18440,1158,0,190,4651,132878,51876,0,7515,216904,133,0,1792,2107,0,0,0,56948,8586,0,968,70533,1,1.89825511369536
Nodaway County Sheriff's Office,1997,Missouri,10830,MO07400,5,3,6,0,16,10,40,9,0,2,0,0,0,0,0,0,0,0,22,17,41,80,5,3,3,18,17,0,0,0,34,4,2,6,1,1898,1813,8362,5778,0,12796,30647,132878,0,0,0,0,0,0,0,0,0,0,222,3455,49698,53375,216900,923,1348,712,10801,13770,0,0,0,25824,0,197,18440,1158,0,190,4651,132878,51876,0,7515,216904,133,0,1792,2107,0,0,0,56948,8586,0,968,70533,1,1.89825511369536
Nodaway County Sheriff's Office,1996,Missouri,10744,MO07400,0,5,10,0,15,7,37,2,0,1,0,0,0,0,0,0,0,0,31,11,45,87,7,1,8,20,16,0,0,1,34,1,1,2,1,9126,0,14249,45693,0,8052,77120,38853,0,0,0,0,0,0,0,0,0,0,348,1997,128892,131236,247209,9713,155,15153,8693,71526,0,0,616,25380,0,4138,72759,2088,777,5051,466,38853,107249,0,15838,247219,87,785,23698,181,618,583,0,52451,14550,0,0,92953,1,1.94263043247264
Nodaway County Sheriff's Office,1996,Missouri,10744,MO07400,0,5,10,0,15,7,37,2,0,1,0,0,0,0,0,0,0,0,31,11,45,87,7,1,8,20,16,0,0,1,34,1,1,2,1,9126,0,14249,45693,0,8052,77120,38853,0,0,0,0,0,0,0,0,0,0,348,1997,128892,131236,247209,9713,155,15153,8693,71526,0,0,616,25380,0,4138,72759,2088,777,5051,466,38853,107249,0,15838,247219,87,785,23698,181,618,583,0,52451,14550,0,0,92953,1,1.94263043247264
Nodaway County Sheriff's Office,1995,Missouri,10674,MO07400,4,4,12,3,19,9,51,5,0,0,0,0,0,0,0,0,0,0,15,17,32,64,5,1,0,4,10,0,0,0,44,2,0,2,1,1350,1200,16031,20894,646,11150,51269,27994,0,0,0,0,0,0,0,0,0,0,128,3293,71023,74444,153707,1000,0,0,1034,24683,0,0,0,47728,0,1330,29372,5817,0,3299,7078,27994,70365,0,8452,153707,0,0,0,1478,0,0,0,27994,1216,0,2100,32787,1,1.99957289729848
Nodaway County Sheriff's Office,1995,Missouri,10674,MO07400,4,4,12,3,19,9,51,5,0,0,0,0,0,0,0,0,0,0,15,17,32,64,5,1,0,4,10,0,0,0,44,2,0,2,1,1350,1200,16031,20894,646,11150,51269,27994,0,0,0,0,0,0,0,0,0,0,128,3293,71023,74444,153707,1000,0,0,1034,24683,0,0,0,47728,0,1330,29372,5817,0,3299,7078,27994,70365,0,8452,153707,0,0,0,1478,0,0,0,27994,1216,0,2100,32787,1,1.99957289729848
Nodaway County Sheriff's Office,1994,Missouri,10981,MO07400,0,5,7,1,7,5,25,2,1,0,0,0,0,0,0,0,0,0,26,20,36,82,5,2,0,9,13,0,0,0,53,1,1,2,0,6321,0,1825,40484,0,1583,50214,617,0,0,0,0,0,0,0,0,0,0,892,4697,100752,106342,157172,1480,288,0,21887,19998,0,0,0,62690,4934,518,19453,1573,2672,13023,6167,617,103186,0,5030,157172,0,0,870,0,1850,0,0,617,4740,0,0,8077,1,2.05566930904593
Nodaway County Sheriff's Office,1994,Missouri,10981,MO07400,0,5,7,1,7,5,25,2,1,0,0,0,0,0,0,0,0,0,26,20,36,82,5,2,0,9,13,0,0,0,53,1,1,2,0,6321,0,1825,40484,0,1583,50214,617,0,0,0,0,0,0,0,0,0,0,892,4697,100752,106342,157172,1480,288,0,21887,19998,0,0,0,62690,4934,518,19453,1573,2672,13023,6167,617,103186,0,5030,157172,0,0,870,0,1850,0,0,617,4740,0,0,8077,1,2.05566930904593
Nodaway County Sheriff's Office,1993,Missouri,10890,MO07400,4,10,4,1,19,3,41,2,0,2,0,0,0,0,0,0,0,0,15,9,28,52,2,0,1,14,13,0,0,2,20,1,3,4,0,29287,2742,9087,8743,316,3776,53951,0,0,0,0,0,0,0,0,0,0,0,460,1396,40580,42436,96387,2995,0,63,7720,7903,0,0,70,23685,0,1371,2833,1793,3480,23761,2057,0,57332,0,3761,96387,0,0,435,1107,0,15693,0,0,10578,0,1086,28899,1,2.10926968560715
Nodaway County Sheriff's Office,1993,Missouri,10890,MO07400,4,10,4,1,19,3,41,2,0,2,0,0,0,0,0,0,0,0,15,9,28,52,2,0,1,14,13,0,0,2,20,1,3,4,0,29287,2742,9087,8743,316,3776,53951,0,0,0,0,0,0,0,0,0,0,0,460,1396,40580,42436,96387,2995,0,63,7720,7903,0,0,70,23685,0,1371,2833,1793,3480,23761,2057,0,57332,0,3761,96387,0,0,435,1107,0,15693,0,0,10578,0,1086,28899,1,2.10926968560715
Nodaway County Sheriff's Office,1992,Missouri,11209,MO07400,1,0,0,0,1,2,4,0,0,0,0,0,0,0,0,0,0,0,1,0,0,1,0,0,1,0,0,0,0,0,0,0,0,0,0,0,1520,0,434,0,2215,4169,0,0,0,0,0,0,0,0,0,0,0,65,0,0,65,4234,0,0,65,0,0,0,0,0,0,0,434,282,0,0,0,0,0,3518,0,0,4234,0,0,0,0,0,0,0,0,0,0,0,0,1,2.17152809122224
Nodaway County Sheriff's Office,1992,Missouri,11209,MO07400,1,0,0,0,1,2,4,0,0,0,0,0,0,0,0,0,0,0,1,0,0,1,0,0,1,0,0,0,0,0,0,0,0,0,0,0,1520,0,434,0,2215,4169,0,0,0,0,0,0,0,0,0,0,0,65,0,0,65,4234,0,0,65,0,0,0,0,0,0,0,434,282,0,0,0,0,0,3518,0,0,4234,0,0,0,0,0,0,0,0,0,0,0,0,1,2.17152809122224
Nodaway County Sheriff's Office,1991,Missouri,11134,MO07400,0,0,0,0,0,0,0,0,0,0,0,0,0,0,0,0,0,0,0,0,0,0,0,0,0,0,0,0,0,0,0,0,0,0,0,0,0,0,0,0,0,0,0,0,0,0,0,0,0,0,0,0,0,0,0,0,0,0,0,0,0,0,0,0,0,0,0,0,0,0,0,0,0,0,0,0,0,0,0,0,0,0,0,0,0,0,0,0,0,0,0,1,2.23729976136572
Nodaway County Sheriff's Office,1991,Missouri,11134,MO07400,0,0,0,0,0,0,0,0,0,0,0,0,0,0,0,0,0,0,0,0,0,0,0,0,0,0,0,0,0,0,0,0,0,0,0,0,0,0,0,0,0,0,0,0,0,0,0,0,0,0,0,0,0,0,0,0,0,0,0,0,0,0,0,0,0,0,0,0,0,0,0,0,0,0,0,0,0,0,0,0,0,0,0,0,0,0,0,0,0,0,0,1,2.23729976136572
Nodaway County Sheriff's Office,1990,Missouri,11046,MO07400,6,14,9,2,20,11,62,1,0,1,0,0,0,0,0,0,0,0,29,29,34,92,8,9,4,13,22,0,0,0,36,0,0,0,0,11178,8820,1173,45655,364,6087,73275,6996,0,0,0,0,0,0,0,0,0,0,725,6991,49684,57401,137672,4398,3095,1835,5445,20233,0,0,0,22395,2661,3428,24601,350,875,979,5550,6996,77272,0,14960,137672,0,0,0,0,0,0,0,0,233,0,0,233,1,2.33204860003827
Nodaway County Sheriff's Office,1990,Missouri,11046,MO07400,6,14,9,2,20,11,62,1,0,1,0,0,0,0,0,0,0,0,29,29,34,92,8,9,4,13,22,0,0,0,36,0,0,0,0,11178,8820,1173,45655,364,6087,73275,6996,0,0,0,0,0,0,0,0,0,0,725,6991,49684,57401,137672,4398,3095,1835,5445,20233,0,0,0,22395,2661,3428,24601,350,875,979,5550,6996,77272,0,14960,137672,0,0,0,0,0,0,0,0,233,0,0,233,1,2.33204860003827
Nodaway County Sheriff's Office,1989,Missouri,11900,MO07400,10,13,19,2,17,13,74,6,1,0,0,0,0,0,0,0,0,0,52,69,64,185,55,18,4,20,35,0,1,1,51,6,0,6,1,13887,7298,29793,4233,8603,15072,78885,50388,0,0,0,0,0,0,0,0,0,0,2642,17493,91224,111359,240632,28650,5302,393,13818,25550,0,202,7,37437,3775,651,13597,2827,1770,11075,492,50388,110378,3495,42185,240632,37,0,1116,2089,0,0,492,50388,614,0,0,54736,1,2.45793156762571
Nodaway County Sheriff's Office,1989,Missouri,11900,MO07400,10,13,19,2,17,13,74,6,1,0,0,0,0,0,0,0,0,0,52,69,64,185,55,18,4,20,35,0,1,1,51,6,0,6,1,13887,7298,29793,4233,8603,15072,78885,50388,0,0,0,0,0,0,0,0,0,0,2642,17493,91224,111359,240632,28650,5302,393,13818,25550,0,202,7,37437,3775,651,13597,2827,1770,11075,492,50388,110378,3495,42185,240632,37,0,1116,2089,0,0,492,50388,614,0,0,54736,1,2.45793156762571
Nodaway County Sheriff's Office,1988,Missouri,11930,MO07400,8,5,17,1,10,6,47,9,0,0,0,0,0,0,0,0,0,0,46,65,56,167,54,17,5,17,31,0,0,0,42,6,2,8,1,1752,4777,22944,3762,691,15459,49385,165571,0,0,0,0,0,0,0,0,0,0,2656,19806,154476,176939,391895,25297,8294,1080,11754,21427,0,0,0,109087,2579,587,4107,773,1226,5687,464,165571,177874,0,33570,392438,412,0,2718,0,0,386,0,164282,30125,6441,1546,205912,1,2.57657599887252
Nodaway County Sheriff's Office,1988,Missouri,11930,MO07400,8,5,17,1,10,6,47,9,0,0,0,0,0,0,0,0,0,0,46,65,56,167,54,17,5,17,31,0,0,0,42,6,2,8,1,1752,4777,22944,3762,691,15459,49385,165571,0,0,0,0,0,0,0,0,0,0,2656,19806,154476,176939,391895,25297,8294,1080,11754,21427,0,0,0,109087,2579,587,4107,773,1226,5687,464,165571,177874,0,33570,392438,412,0,2718,0,0,386,0,164282,30125,6441,1546,205912,1,2.57657599887252
Nodaway County Sheriff's Office,1987,Missouri,12047,MO07400,15,23,21,2,13,9,83,4,0,2,0,0,0,0,0,0,0,0,63,56,61,180,59,20,0,13,36,0,0,1,51,1,0,1,0,9678,4744,11821,32931,2816,5213,67202,5363,0,0,0,0,0,0,0,0,0,0,2679,17138,119802,139620,212185,39452,9075,0,3808,14256,0,0,804,72227,6326,161,10772,0,2448,6503,15554,5363,131411,10343,23306,212185,4438,0,190,0,1030,804,7240,4022,44134,0,1657,63517,1,2.68164209754309
Nodaway County Sheriff's Office,1987,Missouri,12047,MO07400,15,23,21,2,13,9,83,4,0,2,0,0,0,0,0,0,0,0,63,56,61,180,59,20,0,13,36,0,0,1,51,1,0,1,0,9678,4744,11821,32931,2816,5213,67202,5363,0,0,0,0,0,0,0,0,0,0,2679,17138,119802,139620,212185,39452,9075,0,3808,14256,0,0,804,72227,6326,161,10772,0,2448,6503,15554,5363,131411,10343,23306,212185,4438,0,190,0,1030,804,7240,4022,44134,0,1657,63517,1,2.68164209754309
Nodaway County Sheriff's Office,1986,Missouri,12785,MO07400,19,20,36,3,22,26,126,8,0,1,0,0,0,0,0,0,0,0,60,96,72,228,66,18,5,15,59,0,3,3,59,8,3,11,1,5279,8429,19056,20974,1501,54720,109959,93180,0,0,0,0,0,0,0,0,0,0,3222,28758,175212,207192,410332,29981,5930,3489,13527,84234,0,806,170,69059,7406,3594,16051,0,1668,64513,14317,93180,152803,4848,51954,410332,322,0,1293,556,639,0,0,107218,45716,0,1529,157274,1,2.7799125674751
Nodaway County Sheriff's Office,1986,Missouri,12785,MO07400,19,20,36,3,22,26,126,8,0,1,0,0,0,0,0,0,0,0,60,96,72,228,66,18,5,15,59,0,3,3,59,8,3,11,1,5279,8429,19056,20974,1501,54720,109959,93180,0,0,0,0,0,0,0,0,0,0,3222,28758,175212,207192,410332,29981,5930,3489,13527,84234,0,806,170,69059,7406,3594,16051,0,1668,64513,14317,93180,152803,4848,51954,410332,322,0,1293,556,639,0,0,107218,45716,0,1529,157274,1,2.7799125674751
Nodaway County Sheriff's Office,1985,Missouri,12635,MO07400,7,12,25,1,17,16,78,3,0,0,0,0,0,0,0,0,0,0,30,60,105,195,37,7,3,29,54,0,0,0,65,2,0,2,0,20356,3609,40380,21047,283,8390,94065,7082,0,0,0,0,0,0,0,0,0,0,2368,17543,112032,131943,233090,11849,2266,1785,16954,37615,0,0,0,61475,3889,2974,19673,23865,4759,10260,5000,7082,110304,28947,16336,233090,0,0,5127,5589,170,0,708,8073,26129,850,0,46646,1,2.83267663464518
Nodaway County Sheriff's Office,1985,Missouri,12635,MO07400,7,12,25,1,17,16,78,3,0,0,0,0,0,0,0,0,0,0,30,60,105,195,37,7,3,29,54,0,0,0,65,2,0,2,0,20356,3609,40380,21047,283,8390,94065,7082,0,0,0,0,0,0,0,0,0,0,2368,17543,112032,131943,233090,11849,2266,1785,16954,37615,0,0,0,61475,3889,2974,19673,23865,4759,10260,5000,7082,110304,28947,16336,233090,0,0,5127,5589,170,0,708,8073,26129,850,0,46646,1,2.83267663464518
Nodaway County Sheriff's Office,1984,Missouri,12667,MO07400,4,0,9,1,22,19,55,7,1,0,0,0,0,0,0,0,0,0,47,48,67,162,17,7,0,19,62,0,1,0,56,3,2,5,1,0,23465,1945,8529,0,24861,58800,356373,0,0,0,0,0,0,0,0,0,0,2188,14064,128940,145192,560365,7544,2047,0,17587,37142,0,0,0,80872,745,6074,8999,7377,0,16000,41724,356373,102665,0,20409,560365,0,0,5491,0,0,0,0,356080,44067,0,0,405638,1,2.9331132680892
Nodaway County Sheriff's Office,1984,Missouri,12667,MO07400,4,0,9,1,22,19,55,7,1,0,0,0,0,0,0,0,0,0,47,48,67,162,17,7,0,19,62,0,1,0,56,3,2,5,1,0,23465,1945,8529,0,24861,58800,356373,0,0,0,0,0,0,0,0,0,0,2188,14064,128940,145192,560365,7544,2047,0,17587,37142,0,0,0,80872,745,6074,8999,7377,0,16000,41724,356373,102665,0,20409,560365,0,0,5491,0,0,0,0,356080,44067,0,0,405638,1,2.9331132680892
Nodaway County Sheriff's Office,1983,Missouri,12560,MO07400,0,0,6,0,2,14,22,3,0,0,0,0,0,0,0,0,2,2,17,20,65,102,19,0,0,14,23,0,0,0,46,2,1,3,0,0,0,6424,4711,0,10346,21482,0,0,0,0,0,0,0,0,0,673,673,1416,7024,107802,116242,137786,30394,0,0,9016,37124,0,0,0,39709,0,3276,1423,9040,0,5048,12451,0,104085,0,2463,137786,0,0,0,4237,0,0,0,0,11472,0,0,15709,1,3.05925284471218
Nodaway County Sheriff's Office,1983,Missouri,12560,MO07400,0,0,6,0,2,14,22,3,0,0,0,0,0,0,0,0,2,2,17,20,65,102,19,0,0,14,23,0,0,0,46,2,1,3,0,0,0,6424,4711,0,10346,21482,0,0,0,0,0,0,0,0,0,673,673,1416,7024,107802,116242,137786,30394,0,0,9016,37124,0,0,0,39709,0,3276,1423,9040,0,5048,12451,0,104085,0,2463,137786,0,0,0,4237,0,0,0,0,11472,0,0,15709,1,3.05925284471218
Nodaway County Sheriff's Office,1982,Missouri,12512,MO07400,1,1,17,0,8,6,33,7,0,0,0,0,0,0,0,0,0,0,9,27,59,95,16,0,0,19,26,0,0,0,34,1,1,2,1,3158,0,21746,5185,0,4326,34414,72386,0,0,0,0,0,0,0,0,0,0,995,10098,142269,153361,260161,16037,0,0,17597,40028,0,0,0,79699,0,774,1111,2706,0,1547,45532,72386,135581,0,489,260127,0,0,0,0,0,0,0,0,10546,0,0,10546,1,3.15752936096719
Nodaway County Sheriff's Office,1982,Missouri,12512,MO07400,1,1,17,0,8,6,33,7,0,0,0,0,0,0,0,0,0,0,9,27,59,95,16,0,0,19,26,0,0,0,34,1,1,2,1,3158,0,21746,5185,0,4326,34414,72386,0,0,0,0,0,0,0,0,0,0,995,10098,142269,153361,260161,16037,0,0,17597,40028,0,0,0,79699,0,774,1111,2706,0,1547,45532,72386,135581,0,489,260127,0,0,0,0,0,0,0,0,10546,0,0,10546,1,3.15752936096719
Nodaway County Sheriff's Office,1981,Missouri,12479,MO07400,0,0,3,0,0,1,4,1,0,0,0,0,0,0,0,0,0,0,0,5,6,11,0,0,0,2,0,0,0,0,9,1,0,1,0,0,0,2346,0,0,60,2406,6702,0,0,0,0,0,0,0,0,0,0,67,1508,7145,8720,17828,67,0,0,1984,0,0,0,0,6669,0,0,0,2597,1005,0,0,6702,7523,0,0,17828,0,0,0,0,1005,0,0,6702,0,0,0,7708,1,3.35113096874714
Nodaway County Sheriff's Office,1981,Missouri,12479,MO07400,0,0,3,0,0,1,4,1,0,0,0,0,0,0,0,0,0,0,0,5,6,11,0,0,0,2,0,0,0,0,9,1,0,1,0,0,0,2346,0,0,60,2406,6702,0,0,0,0,0,0,0,0,0,0,67,1508,7145,8720,17828,67,0,0,1984,0,0,0,0,6669,0,0,0,2597,1005,0,0,6702,7523,0,0,17828,0,0,0,0,1005,0,0,6702,0,0,0,7708,1,3.35113096874714
Nodaway County Sheriff's Office,1980,Missouri,12386,MO07400,0,0,0,0,0,0,0,0,0,0,0,0,0,0,0,0,0,0,0,0,0,0,0,0,0,0,0,0,0,0,0,0,0,0,0,0,0,0,0,0,0,0,0,0,0,0,0,0,0,0,0,0,0,0,0,0,0,0,0,0,0,0,0,0,0,0,0,0,0,0,0,0,0,0,0,0,0,0,0,0,0,0,0,0,0,0,0,0,0,0,0,1,3.69746081504702
Nodaway County Sheriff's Office,1980,Missouri,12386,MO07400,0,0,0,0,0,0,0,0,0,0,0,0,0,0,0,0,0,0,0,0,0,0,0,0,0,0,0,0,0,0,0,0,0,0,0,0,0,0,0,0,0,0,0,0,0,0,0,0,0,0,0,0,0,0,0,0,0,0,0,0,0,0,0,0,0,0,0,0,0,0,0,0,0,0,0,0,0,0,0,0,0,0,0,0,0,0,0,0,0,0,0,1,3.69746081504702
Nodaway County Sheriff's Office,1979,Missouri,12014,MO07400,0,0,0,0,0,0,0,0,0,0,0,0,0,0,0,0,0,0,0,0,0,0,0,0,0,0,0,0,0,0,0,0,0,0,0,0,0,0,0,0,0,0,0,0,0,0,0,0,0,0,0,0,0,0,0,0,0,0,0,0,0,0,0,0,0,0,0,0,0,0,0,0,0,0,0,0,0,0,0,0,0,0,0,0,0,0,0,0,0,0,0,1,4.19843724882306
Nodaway County Sheriff's Office,1979,Missouri,12014,MO07400,0,0,0,0,0,0,0,0,0,0,0,0,0,0,0,0,0,0,0,0,0,0,0,0,0,0,0,0,0,0,0,0,0,0,0,0,0,0,0,0,0,0,0,0,0,0,0,0,0,0,0,0,0,0,0,0,0,0,0,0,0,0,0,0,0,0,0,0,0,0,0,0,0,0,0,0,0,0,0,0,0,0,0,0,0,0,0,0,0,0,0,1,4.19843724882306
Nodaway County Sheriff's Office,1978,Missouri,13307,MO07400,1,0,1,0,14,0,16,2,0,0,0,0,0,0,0,0,0,0,5,8,7,20,0,0,0,0,8,5,0,0,7,1,1,2,0,0,4961,2335,6941,0,0,14237,32697,0,0,0,0,0,0,0,0,0,0,570,7941,10416,18927,65860,0,0,0,0,7941,570,0,0,10416,0,374,584,0,1401,2335,13546,32697,13289,0,1635,65860,0,140,0,0,0,0,0,32697,2569,0,0,35406,1,4.67094915687277
Nodaway County Sheriff's Office,1978,Missouri,13307,MO07400,1,0,1,0,14,0,16,2,0,0,0,0,0,0,0,0,0,0,5,8,7,20,0,0,0,0,8,5,0,0,7,1,1,2,0,0,4961,2335,6941,0,0,14237,32697,0,0,0,0,0,0,0,0,0,0,570,7941,10416,18927,65860,0,0,0,0,7941,570,0,0,10416,0,374,584,0,1401,2335,13546,32697,13289,0,1635,65860,0,140,0,0,0,0,0,32697,2569,0,0,35406,1,4.67094915687277
Nodaway County Sheriff's Office,1977,Missouri,11136,MO07400,0,0,0,0,0,0,0,0,0,0,0,0,0,0,0,0,0,0,0,0,0,0,0,0,0,0,0,0,0,0,0,0,0,0,0,0,0,0,0,0,0,0,0,0,0,0,0,0,0,0,0,0,0,0,0,0,0,0,0,0,0,0,0,0,0,0,0,0,0,0,0,0,0,0,0,0,0,0,0,0,0,0,0,0,0,0,0,0,0,0,0,1,5.02738759796508
Nodaway County Sheriff's Office,1977,Missouri,11136,MO07400,0,0,0,0,0,0,0,0,0,0,0,0,0,0,0,0,0,0,0,0,0,0,0,0,0,0,0,0,0,0,0,0,0,0,0,0,0,0,0,0,0,0,0,0,0,0,0,0,0,0,0,0,0,0,0,0,0,0,0,0,0,0,0,0,0,0,0,0,0,0,0,0,0,0,0,0,0,0,0,0,0,0,0,0,0,0,0,0,0,0,0,1,5.02738759796508
Nodaway County Sheriff's Office,1976,Missouri,11033,MO07400,0,0,0,0,4,0,4,2,0,0,0,0,0,0,0,0,0,0,5,12,5,22,3,0,0,4,9,0,0,0,6,0,0,0,0,0,0,0,5729,0,0,5729,27039,0,0,0,0,0,0,0,0,0,0,728,7196,18713,26637,59405,937,0,0,4390,7780,0,0,0,13530,0,1590,2051,0,0,268,12047,27039,9290,2650,4471,59405,0,0,0,0,0,0,0,0,80,2650,0,2731,1,5.35425245277493
Nodaway County Sheriff's Office,1976,Missouri,11033,MO07400,0,0,0,0,4,0,4,2,0,0,0,0,0,0,0,0,0,0,5,12,5,22,3,0,0,4,9,0,0,0,6,0,0,0,0,0,0,0,5729,0,0,5729,27039,0,0,0,0,0,0,0,0,0,0,728,7196,18713,26637,59405,937,0,0,4390,7780,0,0,0,13530,0,1590,2051,0,0,268,12047,27039,9290,2650,4471,59405,0,0,0,0,0,0,0,0,80,2650,0,2731,1,5.35425245277493
Nodaway County Sheriff's Office,1975,Missouri,11675,MO07400,5,13,2,0,30,7,57,2,0,0,0,0,0,0,0,0,0,0,11,52,65,128,12,0,0,27,27,0,0,0,62,1,1,2,0,46161,5345,1274,70813,0,9812,133421,13022,0,0,0,0,0,0,0,0,0,0,1829,32459,272510,306810,453270,8017,0,0,35545,38042,0,0,0,225194,2905,6324,2984,8346,9161,0,169233,13022,166928,849,73485,453270,0,0,0,2208,0,0,0,13022,5322,0,2661,23214,1,5.66184422421803
Nodaway County Sheriff's Office,1975,Missouri,11675,MO07400,5,13,2,0,30,7,57,2,0,0,0,0,0,0,0,0,0,0,11,52,65,128,12,0,0,27,27,0,0,0,62,1,1,2,0,46161,5345,1274,70813,0,9812,133421,13022,0,0,0,0,0,0,0,0,0,0,1829,32459,272510,306810,453270,8017,0,0,35545,38042,0,0,0,225194,2905,6324,2984,8346,9161,0,169233,13022,166928,849,73485,453270,0,0,0,2208,0,0,0,13022,5322,0,2661,23214,1,5.66184422421803
Nodaway County Sheriff's Office,1974,Missouri,12165,MO07400,7,6,15,1,54,2,85,3,0,0,0,0,0,0,0,0,1,1,17,40,36,93,14,2,2,15,18,0,0,0,42,3,1,4,0,23352,9776,26257,149761,222,7094,216481,20392,0,0,0,0,0,0,0,0,1298,1298,3621,27147,166519,197300,435489,7082,1471,433,23309,24409,0,0,0,140609,4808,0,24434,0,0,5741,0,20392,380720,0,0,436107,3090,0,0,0,0,0,0,20392,16129,0,0,39611,1,6.17951495690384
Nodaway County Sheriff's Office,1974,Missouri,12165,MO07400,7,6,15,1,54,2,85,3,0,0,0,0,0,0,0,0,1,1,17,40,36,93,14,2,2,15,18,0,0,0,42,3,1,4,0,23352,9776,26257,149761,222,7094,216481,20392,0,0,0,0,0,0,0,0,1298,1298,3621,27147,166519,197300,435489,7082,1471,433,23309,24409,0,0,0,140609,4808,0,24434,0,0,5741,0,20392,380720,0,0,436107,3090,0,0,0,0,0,0,20392,16129,0,0,39611,1,6.17951495690384
Nodaway County Sheriff's Office,1973,Missouri,12098,MO07400,2,1,4,0,15,0,22,2,0,0,0,0,0,1,0,0,0,1,0,2,7,9,2,1,0,8,5,0,0,0,15,0,2,2,0,18639,1215,22283,50166,0,0,92303,39076,0,0,0,0,0,34,0,0,0,34,0,329,13403,13732,145145,0,206,0,4131,124,0,0,0,9271,2196,0,103,0,0,0,0,39076,103756,0,0,145131,0,0,0,0,0,0,0,19517,686,0,0,20204,1,6.86264827327328
Nodaway County Sheriff's Office,1973,Missouri,12098,MO07400,2,1,4,0,15,0,22,2,0,0,0,0,0,1,0,0,0,1,0,2,7,9,2,1,0,8,5,0,0,0,15,0,2,2,0,18639,1215,22283,50166,0,0,92303,39076,0,0,0,0,0,34,0,0,0,34,0,329,13403,13732,145145,0,206,0,4131,124,0,0,0,9271,2196,0,103,0,0,0,0,39076,103756,0,0,145131,0,0,0,0,0,0,0,19517,686,0,0,20204,1,6.86264827327328
Nodaway County Sheriff's Office,1972,Missouri,11939,MO07400,0,0,0,0,0,0,0,0,0,0,0,0,0,0,0,0,0,0,0,0,0,0,3,0,0,0,19,0,0,0,45,0,0,0,0,0,0,0,0,0,0,0,0,0,0,0,0,0,0,0,0,0,0,0,0,0,0,0,0,0,0,0,0,0,0,0,0,0,0,0,0,0,0,0,0,0,0,0,0,0,0,0,0,0,0,0,0,0,0,0,0,1,7.28660621761658
Nodaway County Sheriff's Office,1972,Missouri,11939,MO07400,0,0,0,0,0,0,0,0,0,0,0,0,0,0,0,0,0,0,0,0,0,0,3,0,0,0,19,0,0,0,45,0,0,0,0,0,0,0,0,0,0,0,0,0,0,0,0,0,0,0,0,0,0,0,0,0,0,0,0,0,0,0,0,0,0,0,0,0,0,0,0,0,0,0,0,0,0,0,0,0,0,0,0,0,0,0,0,0,0,0,0,1,7.28660621761658
Nodaway County Sheriff's Office,1971,Missouri,12792,MO07400,0,0,0,0,0,0,0,0,0,0,0,0,0,0,0,0,0,0,0,0,0,0,4,0,0,0,27,0,0,0,39,0,0,0,0,0,0,0,0,0,0,0,0,0,0,0,0,0,0,0,0,0,0,0,0,0,0,0,0,0,0,0,0,0,0,0,0,0,0,0,0,0,0,0,0,0,0,0,0,0,0,0,0,0,0,0,0,0,0,0,0,1,7.52504424778761
Nodaway County Sheriff's Office,1971,Missouri,12792,MO07400,0,0,0,0,0,0,0,0,0,0,0,0,0,0,0,0,0,0,0,0,0,0,4,0,0,0,27,0,0,0,39,0,0,0,0,0,0,0,0,0,0,0,0,0,0,0,0,0,0,0,0,0,0,0,0,0,0,0,0,0,0,0,0,0,0,0,0,0,0,0,0,0,0,0,0,0,0,0,0,0,0,0,0,0,0,0,0,0,0,0,0,1,7.52504424778761
Nodaway County Sheriff's Office,1970,Missouri,12497,MO07400,0,0,0,0,0,0,0,0,0,0,0,0,0,0,0,0,0,0,0,0,0,0,4,1,0,1,19,0,0,0,28,0,0,0,0,0,0,0,0,0,0,0,0,0,0,0,0,0,0,0,0,0,0,0,0,0,0,0,0,0,0,0,0,0,0,0,0,0,0,0,0,0,0,0,0,0,0,0,0,0,0,0,0,0,0,0,0,0,0,0,0,1,7.84807684052372
Nodaway County Sheriff's Office,1970,Missouri,12497,MO07400,0,0,0,0,0,0,0,0,0,0,0,0,0,0,0,0,0,0,0,0,0,0,4,1,0,1,19,0,0,0,28,0,0,0,0,0,0,0,0,0,0,0,0,0,0,0,0,0,0,0,0,0,0,0,0,0,0,0,0,0,0,0,0,0,0,0,0,0,0,0,0,0,0,0,0,0,0,0,0,0,0,0,0,0,0,0,0,0,0,0,0,1,7.84807684052372
Nodaway County Sheriff's Office,1969,Missouri,11940,MO07400,0,0,0,0,0,0,0,0,0,0,0,0,0,0,0,0,0,0,0,0,0,0,4,0,0,3,18,0,0,0,31,0,0,0,0,0,0,0,0,0,0,0,0,0,0,0,0,0,0,0,0,0,0,0,0,0,0,0,0,0,0,0,0,0,0,0,0,0,0,0,0,0,0,0,0,0,0,0,0,0,0,0,0,0,0,0,0,0,0,0,0,1,8.30626760563381
Nodaway County Sheriff's Office,1969,Missouri,11940,MO07400,0,0,0,0,0,0,0,0,0,0,0,0,0,0,0,0,0,0,0,0,0,0,4,0,0,3,18,0,0,0,31,0,0,0,0,0,0,0,0,0,0,0,0,0,0,0,0,0,0,0,0,0,0,0,0,0,0,0,0,0,0,0,0,0,0,0,0,0,0,0,0,0,0,0,0,0,0,0,0,0,0,0,0,0,0,0,0,0,0,0,0,1,8.30626760563381
Nodaway County Sheriff's Office,1968,Missouri,12161,MO07400,0,0,0,0,0,0,0,0,0,0,0,0,0,0,0,0,0,0,0,0,0,0,6,0,0,4,10,0,0,1,29,0,0,0,0,0,0,0,0,0,0,0,0,0,0,0,0,0,0,0,0,0,0,0,0,0,0,0,0,0,0,0,0,0,0,0,0,0,0,0,0,0,0,0,0,0,0,0,0,0,0,0,0,0,0,0,0,0,0,0,0,1,8.75998802108289
Nodaway County Sheriff's Office,1968,Missouri,12161,MO07400,0,0,0,0,0,0,0,0,0,0,0,0,0,0,0,0,0,0,0,0,0,0,6,0,0,4,10,0,0,1,29,0,0,0,0,0,0,0,0,0,0,0,0,0,0,0,0,0,0,0,0,0,0,0,0,0,0,0,0,0,0,0,0,0,0,0,0,0,0,0,0,0,0,0,0,0,0,0,0,0,0,0,0,0,0,0,0,0,0,0,0,1,8.75998802108289
Nodaway County Sheriff's Office,1967,Missouri,12001,MO07400,0,0,0,0,0,0,0,0,0,0,0,0,0,0,0,0,0,0,0,0,0,0,8,0,0,2,9,0,0,1,30,0,0,0,0,0,0,0,0,0,0,0,0,0,0,0,0,0,0,0,0,0,0,0,0,0,0,0,0,0,0,0,0,0,0,0,0,0,0,0,0,0,0,0,0,0,0,0,0,0,0,0,0,0,0,0,0,0,0,0,0,1,9.13419685236073
Nodaway County Sheriff's Office,1967,Missouri,12001,MO07400,0,0,0,0,0,0,0,0,0,0,0,0,0,0,0,0,0,0,0,0,0,0,8,0,0,2,9,0,0,1,30,0,0,0,0,0,0,0,0,0,0,0,0,0,0,0,0,0,0,0,0,0,0,0,0,0,0,0,0,0,0,0,0,0,0,0,0,0,0,0,0,0,0,0,0,0,0,0,0,0,0,0,0,0,0,0,0,0,0,0,0,1,9.13419685236073
Nodaway County Sheriff's Office,1966,Missouri,12975,MO07400,0,0,0,0,0,0,0,0,0,0,0,0,0,0,0,0,0,0,0,0,0,0,0,0,0,0,0,0,0,0,0,0,0,0,0,0,0,0,0,0,0,0,0,0,0,0,0,0,0,0,0,0,0,0,0,0,0,0,0,0,0,0,0,0,0,0,0,0,0,0,0,0,0,0,0,0,0,0,0,0,0,0,0,0,0,0,0,0,0,0,0,1,9.38746854942234
Nodaway County Sheriff's Office,1966,Missouri,12975,MO07400,0,0,0,0,0,0,0,0,0,0,0,0,0,0,0,0,0,0,0,0,0,0,0,0,0,0,0,0,0,0,0,0,0,0,0,0,0,0,0,0,0,0,0,0,0,0,0,0,0,0,0,0,0,0,0,0,0,0,0,0,0,0,0,0,0,0,0,0,0,0,0,0,0,0,0,0,0,0,0,0,0,0,0,0,0,0,0,0,0,0,0,1,9.38746854942234
Nodaway County Sheriff's Office,1965,Missouri,12920,MO07400,0,0,0,0,0,0,0,0,0,0,0,0,0,0,0,0,0,0,0,0,0,0,0,0,0,0,0,0,0,0,0,0,0,0,0,0,0,0,0,0,0,0,0,0,0,0,0,0,0,0,0,0,0,0,0,0,0,0,0,0,0,0,0,0,0,0,0,0,0,0,0,0,0,0,0,0,0,0,0,0,0,0,0,0,0,0,0,0,0,0,0,1,9.67050780216874
Nodaway County Sheriff's Office,1965,Missouri,12920,MO07400,0,0,0,0,0,0,0,0,0,0,0,0,0,0,0,0,0,0,0,0,0,0,0,0,0,0,0,0,0,0,0,0,0,0,0,0,0,0,0,0,0,0,0,0,0,0,0,0,0,0,0,0,0,0,0,0,0,0,0,0,0,0,0,0,0,0,0,0,0,0,0,0,0,0,0,0,0,0,0,0,0,0,0,0,0,0,0,0,0,0,0,1,9.67050780216874
Nodaway County Sheriff's Office,1964,Missouri,13666,MO07400,0,0,0,0,0,0,0,0,0,0,0,0,0,0,0,0,0,0,0,0,0,0,0,0,0,0,0,0,0,0,0,0,0,0,0,0,0,0,0,0,0,0,0,0,0,0,0,0,0,0,0,0,0,0,0,0,0,0,0,0,0,0,0,0,0,0,0,0,0,0,0,0,0,0,0,0,0,0,0,0,0,0,0,0,0,0,0,0,0,0,0,1,9.82380171950564
Nodaway County Sheriff's Office,1964,Missouri,13666,MO07400,0,0,0,0,0,0,0,0,0,0,0,0,0,0,0,0,0,0,0,0,0,0,0,0,0,0,0,0,0,0,0,0,0,0,0,0,0,0,0,0,0,0,0,0,0,0,0,0,0,0,0,0,0,0,0,0,0,0,0,0,0,0,0,0,0,0,0,0,0,0,0,0,0,0,0,0,0,0,0,0,0,0,0,0,0,0,0,0,0,0,0,1,9.82380171950564
Nodaway County Sheriff's Office,1963,Missouri,13124,MO07400,0,0,0,0,0,0,0,0,0,0,0,0,0,0,0,0,0,0,0,0,0,0,0,0,0,0,0,0,0,0,0,0,0,0,0,0,0,0,0,0,0,0,0,0,0,0,0,0,0,0,0,0,0,0,0,0,0,0,0,0,0,0,0,0,0,0,0,0,0,0,0,0,0,0,0,0,0,0,0,0,0,0,0,0,0,0,0,0,0,0,0,1,9.94943945578232
Nodaway County Sheriff's Office,1963,Missouri,13124,MO07400,0,0,0,0,0,0,0,0,0,0,0,0,0,0,0,0,0,0,0,0,0,0,0,0,0,0,0,0,0,0,0,0,0,0,0,0,0,0,0,0,0,0,0,0,0,0,0,0,0,0,0,0,0,0,0,0,0,0,0,0,0,0,0,0,0,0,0,0,0,0,0,0,0,0,0,0,0,0,0,0,0,0,0,0,0,0,0,0,0,0,0,1,9.94943945578232
Nodaway County Sheriff's Office,1962,Missouri,13648,MO07400,0,0,0,0,0,0,0,0,0,0,0,0,0,0,0,0,0,0,0,0,0,0,0,0,0,0,0,0,0,0,0,0,0,0,0,0,0,0,0,0,0,0,0,0,0,0,0,0,0,0,0,0,0,0,0,0,0,0,0,0,0,0,0,0,0,0,0,0,0,0,0,0,0,0,0,0,0,0,0,0,0,0,0,0,0,0,0,0,0,0,0,1,10.0727796143251
Nodaway County Sheriff's Office,1962,Missouri,13648,MO07400,0,0,0,0,0,0,0,0,0,0,0,0,0,0,0,0,0,0,0,0,0,0,0,0,0,0,0,0,0,0,0,0,0,0,0,0,0,0,0,0,0,0,0,0,0,0,0,0,0,0,0,0,0,0,0,0,0,0,0,0,0,0,0,0,0,0,0,0,0,0,0,0,0,0,0,0,0,0,0,0,0,0,0,0,0,0,0,0,0,0,0,1,10.0727796143251
Nodaway County Sheriff's Office,1961,Missouri,14408,MO07400,0,0,0,0,0,0,0,0,0,0,0,0,0,0,0,0,0,0,0,0,0,0,0,0,0,0,0,0,0,0,0,0,0,0,0,0,0,0,0,0,0,0,0,0,0,0,0,0,0,0,0,0,0,0,0,0,0,0,0,0,0,0,0,0,0,0,0,0,0,0,0,0,0,0,0,0,0,0,0,0,0,0,0,0,0,0,0,0,0,0,0,1,10.1935294117647
Nodaway County Sheriff's Office,1961,Missouri,14408,MO07400,0,0,0,0,0,0,0,0,0,0,0,0,0,0,0,0,0,0,0,0,0,0,0,0,0,0,0,0,0,0,0,0,0,0,0,0,0,0,0,0,0,0,0,0,0,0,0,0,0,0,0,0,0,0,0,0,0,0,0,0,0,0,0,0,0,0,0,0,0,0,0,0,0,0,0,0,0,0,0,0,0,0,0,0,0,0,0,0,0,0,0,1,10.1935294117647
Nodaway County Sheriff's Office,1960,Missouri,14408,MO07400,0,0,0,0,0,0,0,0,0,0,0,0,0,0,0,0,0,0,0,0,0,0,0,0,0,0,0,0,0,0,0,0,0,0,0,0,0,0,0,0,0,0,0,0,0,0,0,0,0,0,0,0,0,0,0,0,0,0,0,0,0,0,0,0,0,0,0,0,0,0,0,0,0,0,0,0,0,0,0,0,0,0,0,0,0,0,0,0,0,0,0,1,10.302673992674
Nodaway County Sheriff's Office,1960,Missouri,14408,MO07400,0,0,0,0,0,0,0,0,0,0,0,0,0,0,0,0,0,0,0,0,0,0,0,0,0,0,0,0,0,0,0,0,0,0,0,0,0,0,0,0,0,0,0,0,0,0,0,0,0,0,0,0,0,0,0,0,0,0,0,0,0,0,0,0,0,0,0,0,0,0,0,0,0,0,0,0,0,0,0,0,0,0,0,0,0,0,0,0,0,0,0,1,10.302673992674
