agency,year,state,population,ORI,offenses_burg_resident_day,offenses_burg_resident_night,offenses_burg_resident_unk,offenses_burg_nonresident_day,offenses_burg_nonresident_night,offenses_burg_nonresident_unk,offenses_burg_total,offenses_motor_vehicle_theft,offenses_murder,offenses_rape,offenses_robbery_bank,offenses_robbery_chain_store,offenses_robbery_gas_station,offenses_robbery_highway,offenses_robbery_house,offenses_robbery_misc,offenses_robbery_residence,offenses_robbery_total,offenses_theft_under_50,offenses_theft_50_to_200,offenses_theft_over_200,offenses_theft_total,offenses_theft_auto_part,offenses_theft_bicycle,offenses_theft_coin_machine,offenses_theft_from_auto,offenses_theft_from_building,offenses_theft_pick_pocket,offenses_theft_purse_snatch,offenses_theft_shoplift,offenses_theft_all_other,auto_stolen_recover_local,auto_stolen_recovered_other,auto_theft_total,auto_stole_oth_recover_local,value_burg_resident_night,value_burg_resident_day,value_burg_resident_unk,value_burg_nonresident_night,value_burg_nonresident_day,value_burg_nonresident_unk,value_burg_total,value_motor_vehicle_theft,value_murder,value_rape,value_robbery_bank,value_robbery_chain_store,value_robbery_gas_station,value_robbery_highway,value_robbery_house,value_robbery_misc,value_robbery_residence,value_robbery_total,value_theft_under_50,value_theft_50_to_200,value_theft_over_200,value_theft_total,value_total_all_values,value_theft_auto_part,value_theft_bicycle,value_theft_coin_machine,value_theft_from_auto,value_theft_from_building,value_theft_pick_pocket,value_theft_purse_snatch,value_theft_shoplift,value_theft_all_other,value_stolen_clothing_or_fur,value_stolen_consumable_good,value_stolen_currency,value_stolen_guns,value_stolen_household_good,value_stolen_jewel_metal,value_stolen_livestock,value_stolen_local_mtr_veh,value_stolen_misc,value_stolen_office_equip,value_stolen_tv_and_radio,value_stolen_total,value_recovered_clothing_or_fur,value_recovered_consumable_good,value_recovered_currency,value_recovered_guns,value_recovered_house_good,value_recovered_jewel_metal,value_recovered_livestock,value_recovered_local_mtv_veh,value_recovered_misc,value_recovered_office_equip,value_recovered_tv_and_radio,value_recovered_total,price,in_2023_dollars
Belleville Police,2023,New Jersey,37323,NJ00701,2880052,9080002,10876037,700009,5280000,2951029,31767129,9376052,1635822,4668135,110235,10883,4235020,5004471,95815,6227860,6379611,22063895,5622732,4420009,3939506,13982247,123,9800115,9341307,111012,8670292,3017376,204619,9300034,9200012,9000215,11330,6013,2378270,952102037,285626038,528109600,111014001,534209630,217400024,1524970547,309000000,993501023,1111101600,402955224,250019052,666993080,1909021,628193202,201700,571590581,410000018,892671925,382000013,308059,674421504,1163904,1139000108,1126201936,307000140,111060,689463335,26001,88800200,694016589,501952443,84562476,666556000,100209198,24613130,5000132,669073000,102662515,650000017,290002014,23299,740251899,35589380,1004602410,895448760,129714031,197649442,800005076,1054036639,161489036,1006950,643935460,165120,165965200,1354100005,1,1
Belleville Police,2023,New Jersey,37323,NJ00701,2880052,9080002,10876037,700009,5280000,2951029,31767129,9376052,1635822,4668135,110235,10883,4235020,5004471,95815,6227860,6379611,22063895,5622732,4420009,3939506,13982247,123,9800115,9341307,111012,8670292,3017376,204619,9300034,9200012,9000215,11330,6013,2378270,952102037,285626038,528109600,111014001,534209630,217400024,1524970547,309000000,993501023,1111101600,402955224,250019052,666993080,1909021,628193202,201700,571590581,410000018,892671925,382000013,308059,674421504,1163904,1139000108,1126201936,307000140,111060,689463335,26001,88800200,694016589,501952443,84562476,666556000,100209198,24613130,5000132,669073000,102662515,650000017,290002014,23299,740251899,35589380,1004602410,895448760,129714031,197649442,800005076,1054036639,161489036,1006950,643935460,165120,165965200,1354100005,1,1
Belleville Police,2022,New Jersey,37348,NJ00701,1330030,1489012,7932010,3490002,210451,5107038,19558543,5141705,948674,1400101,485951,5030453,7982303,3314031,3037474,169514,9929552,29949278,4879699,17213107,3758548,25851354,1300088,7800011,8042074,100014,12100743,2012272,202208,5200015,500570,3051860,1058040,6001103,183230,417315295,437283450,446396419,668964133,208247191,636983775,636457633,1210873224,995353277,1708863803,999770096,65615367,11950473,421751196,671464903,312350369,197834984,373779295,752040950,802632982,508578,417929907,1321111,397767371,218178263,962148318,208967015,107595217,12494,229055990,390458512,104521701,112664017,1768322468,833194386,520695908,41742,338133426,386771687,945438939,312353192,688266176,531225769,47268818,1206977764,849867312,267796633,645437863,666349804,302844467,162362486,1154546,743561288,1146489,4188615,1702396879,1,1.04116338383745
Belleville Police,2022,New Jersey,37348,NJ00701,1330030,1489012,7932010,3490002,210451,5107038,19558543,5141705,948674,1400101,485951,5030453,7982303,3314031,3037474,169514,9929552,29949278,4879699,17213107,3758548,25851354,1300088,7800011,8042074,100014,12100743,2012272,202208,5200015,500570,3051860,1058040,6001103,183230,417315295,437283450,446396419,668964133,208247191,636983775,636457633,1210873224,995353277,1708863803,999770096,65615367,11950473,421751196,671464903,312350369,197834984,373779295,752040950,802632982,508578,417929907,1321111,397767371,218178263,962148318,208967015,107595217,12494,229055990,390458512,104521701,112664017,1768322468,833194386,520695908,41742,338133426,386771687,945438939,312353192,688266176,531225769,47268818,1206977764,849867312,267796633,645437863,666349804,302844467,162362486,1154546,743561288,1146489,4188615,1702396879,1,1.04116338383745
Belleville Police,2021,New Jersey,38053,NJ00701,15,0,1,6300003,7000000,9810002,23110021,7343918,9000000,3000000,3500,1,3000000,6480002,25,0,110000,9593528,4904016,3000010,21,7904047,45,3000000,1870,15,12,0,0,7,2,30,15970,20,174550,31,225027561,21104008,11244856,112,11245,14882567,0,224897121,169,42506,1,618,0,0,0,787141048,2738,0,56224280,0,563,0,67469137,230520336,344092595,112449,562430416,0,112448567,337346244,1212195,16873203,22489712,2,1,674691370,661197536,27250,438549386,0,0,0,148848160,75097,0,0,224898920,0,0,0,112449,3466,0,3,0,1,1.12448560525052
Belleville Police,2021,New Jersey,38053,NJ00701,15,0,1,6300003,7000000,9810002,23110021,7343918,9000000,3000000,3500,1,3000000,6480002,25,0,110000,9593528,4904016,3000010,21,7904047,45,3000000,1870,15,12,0,0,7,2,30,15970,20,174550,31,225027561,21104008,11244856,112,11245,14882567,0,224897121,169,42506,1,618,0,0,0,787141048,2738,0,56224280,0,563,0,67469137,230520336,344092595,112449,562430416,0,112448567,337346244,1212195,16873203,22489712,2,1,674691370,661197536,27250,438549386,0,0,0,148848160,75097,0,0,224898920,0,0,0,112449,3466,0,3,0,1,1.12448560525052
Belleville Police,2020,New Jersey,36533,NJ00701,1750081,7430004,12316004,1780000,8130002,753009,32159100,4618544,9988251,1020180,1222784,5020200,7794662,2008751,1759,1486995,4159500,21694651,8240053,4500018,2608723,15348794,507,7400000,500085,1300010,9400190,9058380,102998,7803062,420005,2031265,4008210,1000598,144692,949385724,1337945748,957864391,366051134,8568,319875766,632338821,831182520,850019531,696264511,43895312,2361838,130933817,943041050,1087244778,942439,248648390,187204445,1520382940,1184552841,162422,819892399,1335682,376269059,1264327019,425128338,406421332,903845399,235478953,202733188,1003084250,2551310,140089293,1265111601,824191298,11899779,47092605,394408232,848258696,1192617441,482701956,379101523,424098181,5168401,631276284,49555432,363814258,133597054,1165543195,1094779953,124186469,122535,395569871,74,121984871,1120860225,1,1.17731235192711
Belleville Police,2020,New Jersey,36533,NJ00701,1750081,7430004,12316004,1780000,8130002,753009,32159100,4618544,9988251,1020180,1222784,5020200,7794662,2008751,1759,1486995,4159500,21694651,8240053,4500018,2608723,15348794,507,7400000,500085,1300010,9400190,9058380,102998,7803062,420005,2031265,4008210,1000598,144692,949385724,1337945748,957864391,366051134,8568,319875766,632338821,831182520,850019531,696264511,43895312,2361838,130933817,943041050,1087244778,942439,248648390,187204445,1520382940,1184552841,162422,819892399,1335682,376269059,1264327019,425128338,406421332,903845399,235478953,202733188,1003084250,2551310,140089293,1265111601,824191298,11899779,47092605,394408232,848258696,1192617441,482701956,379101523,424098181,5168401,631276284,49555432,363814258,133597054,1165543195,1094779953,124186469,122535,395569871,74,121984871,1120860225,1,1.17731235192711
Belleville Police,2019,New Jersey,36531,NJ00701,7450055,6724013,10196400,8160001,1080005,1049606,34660080,6494465,746812,2820051,277909,3360152,289715,3958042,2950,548946,3411500,11849214,443225,1500034,4751447,6694706,200101,8000001,12910490,200019,6450111,5001551,301999,11300062,3170014,5011220,16600,1000137,10229136,2065878822,709894204,17815557,45698548,1205068,484361946,286358441,1573854643,488652668,1527697502,51321847,141847605,313049298,572709,1081580223,727258,967174545,282178982,2088561607,299962542,955559196,244666306,698515,609325962,1139045282,1751640840,650306979,1211239680,477943910,251358106,1143005925,120336680,157565676,1931940583,953866912,11253930,25648332,674589735,194248,1074070256,167291995,314653160,1013372596,3765616,732115838,1086492730,1231804906,1087409125,870043785,967306773,122135950,184030842,897832052,47673506,861496843,2279588112,1,1.19183549339627
Belleville Police,2019,New Jersey,36531,NJ00701,7450055,6724013,10196400,8160001,1080005,1049606,34660080,6494465,746812,2820051,277909,3360152,289715,3958042,2950,548946,3411500,11849214,443225,1500034,4751447,6694706,200101,8000001,12910490,200019,6450111,5001551,301999,11300062,3170014,5011220,16600,1000137,10229136,2065878822,709894204,17815557,45698548,1205068,484361946,286358441,1573854643,488652668,1527697502,51321847,141847605,313049298,572709,1081580223,727258,967174545,282178982,2088561607,299962542,955559196,244666306,698515,609325962,1139045282,1751640840,650306979,1211239680,477943910,251358106,1143005925,120336680,157565676,1931940583,953866912,11253930,25648332,674589735,194248,1074070256,167291995,314653160,1013372596,3765616,732115838,1086492730,1231804906,1087409125,870043785,967306773,122135950,184030842,897832052,47673506,861496843,2279588112,1,1.19183549339627
Belleville Police,2018,New Jersey,36075,NJ00701,27,11,20,5,15,9,87,88,0,1,0,0,2,6,4,4,1,17,151,98,165,414,12,12,2,148,73,1,1,51,114,12,28,70,30,12620,73819,34779,12403,8737,25579,167937,1032362,0,0,0,0,1517,1553,381,170,0,3621,2176,13508,568275,583959,2820240,10160,3228,170,91797,398487,607,49,4752,74710,25941,0,312082,0,0,86315,0,910804,452737,0,0,1787879,689,0,152,0,0,0,0,384537,42645,0,0,428023,1,1.21343405628813
Belleville Police,2018,New Jersey,36075,NJ00701,27,11,20,5,15,9,87,88,0,1,0,0,2,6,4,4,1,17,151,98,165,414,12,12,2,148,73,1,1,51,114,12,28,70,30,12620,73819,34779,12403,8737,25579,167937,1032362,0,0,0,0,1517,1553,381,170,0,3621,2176,13508,568275,583959,2820240,10160,3228,170,91797,398487,607,49,4752,74710,25941,0,312082,0,0,86315,0,910804,452737,0,0,1787879,689,0,152,0,0,0,0,384537,42645,0,0,428023,1,1.21343405628813
Belleville Police,2017,New Jersey,36409,NJ00701,35,5,16,10,9,10,85,91,0,2,0,3,3,18,6,10,1,41,165,116,190,471,17,11,0,178,81,2,0,66,116,5,39,44,24,472,73453,39474,19205,16757,26589,175951,1490196,0,0,0,60,1594,5376,1355,2956,25,11365,2630,14783,384570,401983,2079495,12431,2262,0,71625,214586,360,0,8074,92645,4226,0,146204,0,0,121292,0,1117274,690499,0,0,2079495,643,0,489,0,0,373,0,764241,268162,0,0,1033907,1,1.24307319386626
Belleville Police,2017,New Jersey,36409,NJ00701,35,5,16,10,9,10,85,91,0,2,0,3,3,18,6,10,1,41,165,116,190,471,17,11,0,178,81,2,0,66,116,5,39,44,24,472,73453,39474,19205,16757,26589,175951,1490196,0,0,0,60,1594,5376,1355,2956,25,11365,2630,14783,384570,401983,2079495,12431,2262,0,71625,214586,360,0,8074,92645,4226,0,146204,0,0,121292,0,1117274,690499,0,0,2079495,643,0,489,0,0,373,0,764241,268162,0,0,1033907,1,1.24307319386626
Belleville Police,2016,New Jersey,36258,NJ00701,35,7,17,9,8,17,93,88,0,3,1,4,1,21,2,3,0,32,148,103,168,419,21,21,1,155,85,0,0,59,77,2,38,40,26,0,59914,38335,40207,9598,48179,196233,801849,0,0,0,421,2539,6773,567,1143,0,11444,1563,12522,236276,250361,1259887,12402,8201,0,49777,113003,0,0,10070,56908,6239,0,78832,0,0,101761,0,568759,504297,0,0,1259887,203,0,38,0,0,1016,0,346588,174566,0,0,522410,1,1.26955202032162
Belleville Police,2016,New Jersey,36258,NJ00701,35,7,17,9,8,17,93,88,0,3,1,4,1,21,2,3,0,32,148,103,168,419,21,21,1,155,85,0,0,59,77,2,38,40,26,0,59914,38335,40207,9598,48179,196233,801849,0,0,0,421,2539,6773,567,1143,0,11444,1563,12522,236276,250361,1259887,12402,8201,0,49777,113003,0,0,10070,56908,6239,0,78832,0,0,101761,0,568759,504297,0,0,1259887,203,0,38,0,0,1016,0,346588,174566,0,0,522410,1,1.26955202032162
Belleville Police,2015,New Jersey,36452,NJ00701,24,9,37,10,13,46,139,108,2,3,0,1,2,33,7,9,5,57,124,129,215,468,15,19,0,129,132,1,0,81,91,6,58,64,20,13981,35205,34305,9236,0,27857,120584,750566,0,0,0,45,450,13579,6595,1948,2668,25285,2326,16995,626069,645390,1541825,21996,9031,0,78472,465175,1928,0,17785,51002,10587,0,56787,0,0,262329,0,700142,511979,0,0,1541825,1158,0,0,0,0,3344,0,531090,72102,0,0,607695,1,1.28556847539769
Belleville Police,2015,New Jersey,36452,NJ00701,24,9,37,10,13,46,139,108,2,3,0,1,2,33,7,9,5,57,124,129,215,468,15,19,0,129,132,1,0,81,91,6,58,64,20,13981,35205,34305,9236,0,27857,120584,750566,0,0,0,45,450,13579,6595,1948,2668,25285,2326,16995,626069,645390,1541825,21996,9031,0,78472,465175,1928,0,17785,51002,10587,0,56787,0,0,262329,0,700142,511979,0,0,1541825,1158,0,0,0,0,3344,0,531090,72102,0,0,607695,1,1.28556847539769
Belleville Police,2014,New Jersey,36286,NJ00701,37,14,24,16,25,15,131,167,2,7,0,9,2,29,3,13,4,60,155,149,229,533,23,14,0,170,188,1,0,29,108,9,97,106,28,34558,50132,60931,1740,15708,107073,270143,1127687,0,669,0,20886,3089,12127,1931,27299,386,65718,2947,22265,330445,355657,1819874,14100,3276,0,91350,111935,0,0,3093,131904,59141,0,119500,0,0,70894,0,1102009,468330,0,0,1819874,1129,0,5528,0,0,1228,0,784870,25905,0,0,818660,1,1.28709350845562
Belleville Police,2014,New Jersey,36286,NJ00701,37,14,24,16,25,15,131,167,2,7,0,9,2,29,3,13,4,60,155,149,229,533,23,14,0,170,188,1,0,29,108,9,97,106,28,34558,50132,60931,1740,15708,107073,270143,1127687,0,669,0,20886,3089,12127,1931,27299,386,65718,2947,22265,330445,355657,1819874,14100,3276,0,91350,111935,0,0,3093,131904,59141,0,119500,0,0,70894,0,1102009,468330,0,0,1819874,1129,0,5528,0,0,1228,0,784870,25905,0,0,818660,1,1.28709350845562
Belleville Police,2013,New Jersey,36229,NJ00701,82,45,0,18,7,0,152,164,0,1,4,2,1,7,1,46,1,62,152,133,238,523,39,15,1,138,108,1,0,103,118,20,104,124,30,124251,317652,0,1138,417238,0,860279,1870205,0,0,13523,602,170,3819,0,43316,4186,65616,2285,17930,375908,396122,3192222,40855,5258,0,68527,188635,523,0,17773,74552,0,0,74687,0,0,0,0,1870205,1247330,0,0,3192222,0,0,145,0,0,0,0,1192414,22331,0,0,1214890,1,1.30797303509051
Belleville Police,2013,New Jersey,36229,NJ00701,82,45,0,18,7,0,152,164,0,1,4,2,1,7,1,46,1,62,152,133,238,523,39,15,1,138,108,1,0,103,118,20,104,124,30,124251,317652,0,1138,417238,0,860279,1870205,0,0,13523,602,170,3819,0,43316,4186,65616,2285,17930,375908,396122,3192222,40855,5258,0,68527,188635,523,0,17773,74552,0,0,74687,0,0,0,0,1870205,1247330,0,0,3192222,0,0,145,0,0,0,0,1192414,22331,0,0,1214890,1,1.30797303509051
Belleville Police,2012,New Jersey,36158,NJ00701,73,67,0,51,13,0,204,175,0,1,3,3,1,0,1,32,1,41,154,98,229,481,22,16,2,151,129,1,3,59,98,57,92,149,31,141572,308594,0,28268,98548,0,576982,2352741,0,0,2247,889,0,0,0,10940,0,14076,1189,13648,1160828,1175666,4119464,28082,6755,0,57563,904079,0,584,12179,166424,0,0,73227,0,0,0,0,2352741,1693496,0,0,4119464,0,0,45,0,0,0,0,1725007,20292,0,0,1745344,1,1.32713265123532
Belleville Police,2012,New Jersey,36158,NJ00701,73,67,0,51,13,0,204,175,0,1,3,3,1,0,1,32,1,41,154,98,229,481,22,16,2,151,129,1,3,59,98,57,92,149,31,141572,308594,0,28268,98548,0,576982,2352741,0,0,2247,889,0,0,0,10940,0,14076,1189,13648,1160828,1175666,4119464,28082,6755,0,57563,904079,0,584,12179,166424,0,0,73227,0,0,0,0,2352741,1693496,0,0,4119464,0,0,45,0,0,0,0,1725007,20292,0,0,1745344,1,1.32713265123532
Belleville Police,2011,New Jersey,36046,NJ00701,70,51,0,26,17,0,164,212,2,3,5,1,0,1,2,49,2,60,175,176,286,637,15,29,0,269,109,0,0,87,128,73,109,182,56,163337,72893,0,17752,27024,0,281007,2259465,0,0,1395,542,0,406,1623,15906,22169,42041,2029,25148,673755,700933,3283446,15713,13068,0,113122,288402,0,0,18592,252036,2968,0,120919,0,0,8669,0,2259465,891424,0,0,3283446,65,0,0,0,0,0,0,1440341,34071,0,0,1474477,1,1.35459550174677
Belleville Police,2011,New Jersey,36046,NJ00701,70,51,0,26,17,0,164,212,2,3,5,1,0,1,2,49,2,60,175,176,286,637,15,29,0,269,109,0,0,87,128,73,109,182,56,163337,72893,0,17752,27024,0,281007,2259465,0,0,1395,542,0,406,1623,15906,22169,42041,2029,25148,673755,700933,3283446,15713,13068,0,113122,288402,0,0,18592,252036,2968,0,120919,0,0,8669,0,2259465,891424,0,0,3283446,65,0,0,0,0,0,0,1440341,34071,0,0,1474477,1,1.35459550174677
Belleville Police,2010,New Jersey,35926,NJ00701,65,48,0,28,18,0,159,130,0,1,6,1,0,6,1,21,0,35,139,116,211,466,8,26,0,165,119,0,1,77,70,38,74,112,25,104686,134768,0,11374,418940,0,669769,1353341,0,0,7365,0,0,27214,838,12213,0,47630,2086,18356,323581,344023,2414763,4472,8209,0,79294,151560,0,419,19215,80853,0,0,63809,0,0,413520,0,1351245,586189,0,0,2414763,0,0,590,0,0,0,0,959985,23555,0,0,984130,1,1.3973579356326
Belleville Police,2010,New Jersey,35926,NJ00701,65,48,0,28,18,0,159,130,0,1,6,1,0,6,1,21,0,35,139,116,211,466,8,26,0,165,119,0,1,77,70,38,74,112,25,104686,134768,0,11374,418940,0,669769,1353341,0,0,7365,0,0,27214,838,12213,0,47630,2086,18356,323581,344023,2414763,4472,8209,0,79294,151560,0,419,19215,80853,0,0,63809,0,0,413520,0,1351245,586189,0,0,2414763,0,0,590,0,0,0,0,959985,23555,0,0,984130,1,1.3973579356326
Belleville Police,2009,New Jersey,33610,NJ00701,74,62,0,10,10,0,156,129,1,0,7,1,0,4,7,27,0,46,100,114,164,378,6,14,0,149,100,0,1,57,51,36,80,116,26,123517,142647,0,7206,6363,0,279733,1139771,0,0,1314,0,0,966,10290,5014,0,17583,1378,16288,381526,399191,1836278,6249,4559,0,101283,140523,0,43,14221,132313,0,0,90973,0,0,89227,0,1139771,516307,0,0,1836278,0,0,1902,0,0,0,0,1059809,22081,0,0,1083792,1,1.42027521282265
Belleville Police,2009,New Jersey,33610,NJ00701,74,62,0,10,10,0,156,129,1,0,7,1,0,4,7,27,0,46,100,114,164,378,6,14,0,149,100,0,1,57,51,36,80,116,26,123517,142647,0,7206,6363,0,279733,1139771,0,0,1314,0,0,966,10290,5014,0,17583,1378,16288,381526,399191,1836278,6249,4559,0,101283,140523,0,43,14221,132313,0,0,90973,0,0,89227,0,1139771,516307,0,0,1836278,0,0,1902,0,0,0,0,1059809,22081,0,0,1083792,1,1.42027521282265
Belleville Police,2008,New Jersey,33679,NJ00701,67,48,0,17,4,2,138,175,1,0,4,4,0,0,6,50,0,64,130,127,244,501,16,28,0,189,117,1,1,90,59,39,111,150,25,102394,157783,0,11746,63946,35805,371675,2361587,0,0,531,2151,0,0,1811,27574,0,32068,2106,18910,323860,344876,3110206,13530,10743,0,115760,133456,1415,0,15389,54584,0,0,112976,0,0,165363,0,2361587,458958,0,0,3110206,0,0,852,0,0,9199,0,1921452,37085,0,0,1968587,1,1.41522547733228
Belleville Police,2008,New Jersey,33679,NJ00701,67,48,0,17,4,2,138,175,1,0,4,4,0,0,6,50,0,64,130,127,244,501,16,28,0,189,117,1,1,90,59,39,111,150,25,102394,157783,0,11746,63946,35805,371675,2361587,0,0,531,2151,0,0,1811,27574,0,32068,2106,18910,323860,344876,3110206,13530,10743,0,115760,133456,1415,0,15389,54584,0,0,112976,0,0,165363,0,2361587,458958,0,0,3110206,0,0,852,0,0,9199,0,1921452,37085,0,0,1968587,1,1.41522547733228
Belleville Police,2007,New Jersey,34291,NJ00701,72,43,0,18,17,0,150,181,1,1,4,4,0,1,2,48,0,59,103,127,218,448,11,25,0,155,95,0,0,68,94,71,100,171,13,54447,98446,0,29354,26687,0,208934,2116089,0,0,463,1489,0,411,19339,56437,0,78139,1580,18969,453799,474348,2877511,4585,6393,0,96557,269248,0,0,11687,85878,0,0,252367,0,0,175421,0,2116089,333634,0,0,2877511,0,0,2138,0,0,294,0,1980890,31454,0,0,2014776,1,1.46955740283082
Belleville Police,2007,New Jersey,34291,NJ00701,72,43,0,18,17,0,150,181,1,1,4,4,0,1,2,48,0,59,103,127,218,448,11,25,0,155,95,0,0,68,94,71,100,171,13,54447,98446,0,29354,26687,0,208934,2116089,0,0,463,1489,0,411,19339,56437,0,78139,1580,18969,453799,474348,2877511,4585,6393,0,96557,269248,0,0,11687,85878,0,0,252367,0,0,175421,0,2116089,333634,0,0,2877511,0,0,2138,0,0,294,0,1980890,31454,0,0,2014776,1,1.46955740283082
Belleville Police,2006,New Jersey,34928,NJ00701,64,49,0,32,14,1,160,215,0,2,2,6,0,2,0,46,1,57,144,127,230,501,18,27,4,169,54,0,0,86,143,63,137,200,22,57716,82141,0,16573,76912,2907,236249,3024167,0,0,0,1354,0,393,0,39286,8121,49155,1880,18922,510043,530845,3840416,30260,9472,243,89304,184446,0,0,15768,201352,0,0,96175,0,0,33780,0,3024167,686293,0,0,3840416,0,0,243,0,0,0,0,2396903,65186,0,0,2462332,1,1.51147906246125
Belleville Police,2006,New Jersey,34928,NJ00701,64,49,0,32,14,1,160,215,0,2,2,6,0,2,0,46,1,57,144,127,230,501,18,27,4,169,54,0,0,86,143,63,137,200,22,57716,82141,0,16573,76912,2907,236249,3024167,0,0,0,1354,0,393,0,39286,8121,49155,1880,18922,510043,530845,3840416,30260,9472,243,89304,184446,0,0,15768,201352,0,0,96175,0,0,33780,0,3024167,686293,0,0,3840416,0,0,243,0,0,0,0,2396903,65186,0,0,2462332,1,1.51147906246125
Belleville Police,2005,New Jersey,35477,NJ00701,73,52,7,20,12,0,164,262,1,7,6,2,1,1,4,32,2,48,131,145,224,500,20,40,3,121,19,0,2,93,202,60,182,242,49,44620,172594,780,3507,34079,0,255580,4175354,0,0,1145,1404,0,0,5055,7051,1966,16621,2069,23536,511504,537109,4984664,29691,11741,90,98654,50283,0,1392,18640,326617,1560,0,127701,0,0,77466,0,4175354,602583,0,0,4984664,0,0,21141,0,0,0,0,3912298,40694,0,0,3974133,1,1.56023853211009
Belleville Police,2005,New Jersey,35477,NJ00701,73,52,7,20,12,0,164,262,1,7,6,2,1,1,4,32,2,48,131,145,224,500,20,40,3,121,19,0,2,93,202,60,182,242,49,44620,172594,780,3507,34079,0,255580,4175354,0,0,1145,1404,0,0,5055,7051,1966,16621,2069,23536,511504,537109,4984664,29691,11741,90,98654,50283,0,1392,18640,326617,1560,0,127701,0,0,77466,0,4175354,602583,0,0,4984664,0,0,21141,0,0,0,0,3912298,40694,0,0,3974133,1,1.56023853211009
Belleville Police,2004,New Jersey,35853,NJ00701,56,55,0,24,9,0,144,247,1,3,3,1,0,0,2,26,4,36,98,103,180,381,31,31,2,77,22,1,1,64,152,60,171,231,39,117483,195891,0,1326,45687,0,360386,3655612,0,0,4252,0,0,0,323,9198,49795,63569,1773,18663,763591,784027,4863594,44185,11287,137,181014,60058,0,323,13201,473821,0,0,152768,0,0,10042,0,3655612,1045172,0,0,4863594,0,0,89379,0,0,0,0,3446706,33047,0,0,3569133,1,1.61317347569046
Belleville Police,2004,New Jersey,35853,NJ00701,56,55,0,24,9,0,144,247,1,3,3,1,0,0,2,26,4,36,98,103,180,381,31,31,2,77,22,1,1,64,152,60,171,231,39,117483,195891,0,1326,45687,0,360386,3655612,0,0,4252,0,0,0,323,9198,49795,63569,1773,18663,763591,784027,4863594,44185,11287,137,181014,60058,0,323,13201,473821,0,0,152768,0,0,10042,0,3655612,1045172,0,0,4863594,0,0,89379,0,0,0,0,3446706,33047,0,0,3569133,1,1.61317347569046
Belleville Police,2003,New Jersey,36066,NJ00701,74,49,0,71,31,5,230,312,1,11,2,2,5,27,1,4,1,42,92,161,250,503,18,28,3,135,20,14,15,106,164,65,219,284,106,132305,129089,0,29647,104341,17806,413188,4382730,0,0,601,0,585,7578,580,812,1592,11747,2942,27756,523207,553904,5361569,27405,10455,315,125069,76377,2289,7452,25491,279052,3884,0,48888,0,0,128070,0,4382730,797997,0,0,5361569,75,0,2854,0,0,497,0,3775177,32072,0,0,3810674,1,1.65636194790487
Belleville Police,2003,New Jersey,36066,NJ00701,74,49,0,71,31,5,230,312,1,11,2,2,5,27,1,4,1,42,92,161,250,503,18,28,3,135,20,14,15,106,164,65,219,284,106,132305,129089,0,29647,104341,17806,413188,4382730,0,0,601,0,585,7578,580,812,1592,11747,2942,27756,523207,553904,5361569,27405,10455,315,125069,76377,2289,7452,25491,279052,3884,0,48888,0,0,128070,0,4382730,797997,0,0,5361569,75,0,2854,0,0,497,0,3775177,32072,0,0,3810674,1,1.65636194790487
Belleville Police,2002,New Jersey,36679,NJ00701,29,32,43,67,27,15,213,244,0,11,1,7,13,19,3,14,0,57,142,182,236,560,3,53,4,171,24,3,2,116,185,48,157,205,93,34650,68219,87471,42112,306016,20131,558600,4311347,0,0,335,1281,2358,6513,8648,4352,0,23487,3351,33283,497514,534147,5427581,762,19194,839,154435,65141,518,296,27125,265835,9545,0,91537,0,0,159646,0,4311347,855505,0,0,5427581,51,0,97,0,0,8841,0,3748952,35378,0,0,3793318,1,1.69396293722493
Belleville Police,2002,New Jersey,36679,NJ00701,29,32,43,67,27,15,213,244,0,11,1,7,13,19,3,14,0,57,142,182,236,560,3,53,4,171,24,3,2,116,185,48,157,205,93,34650,68219,87471,42112,306016,20131,558600,4311347,0,0,335,1281,2358,6513,8648,4352,0,23487,3351,33283,497514,534147,5427581,762,19194,839,154435,65141,518,296,27125,265835,9545,0,91537,0,0,159646,0,4311347,855505,0,0,5427581,51,0,97,0,0,8841,0,3748952,35378,0,0,3793318,1,1.69396293722493
Belleville Police,2001,New Jersey,36227,NJ00701,18,14,82,55,32,38,239,250,0,8,7,2,10,21,1,30,0,71,109,174,222,505,12,60,1,129,24,4,0,116,159,55,162,217,80,15629,31095,101314,44070,119697,185714,497519,4461423,0,0,3151,1566,2232,5911,0,57834,0,70693,3185,31663,419593,454442,5484078,10506,25159,224,133557,85043,602,0,36359,162992,236,0,173663,0,0,169028,0,4461251,679900,0,0,5484078,236,0,11325,0,0,0,0,4012287,41057,0,0,4064904,1,1.7208297251506
Belleville Police,2001,New Jersey,36227,NJ00701,18,14,82,55,32,38,239,250,0,8,7,2,10,21,1,30,0,71,109,174,222,505,12,60,1,129,24,4,0,116,159,55,162,217,80,15629,31095,101314,44070,119697,185714,497519,4461423,0,0,3151,1566,2232,5911,0,57834,0,70693,3185,31663,419593,454442,5484078,10506,25159,224,133557,85043,602,0,36359,162992,236,0,173663,0,0,169028,0,4461251,679900,0,0,5484078,236,0,11325,0,0,0,0,4012287,41057,0,0,4064904,1,1.7208297251506
Belleville Police,2000,New Jersey,35928,NJ00701,15,14,62,58,26,30,205,217,0,5,3,3,4,9,3,26,0,48,125,167,211,503,7,61,2,123,34,5,2,106,163,41,141,182,54,10121,47630,153984,283362,176122,29548,700768,3929606,0,0,531,26542,1347,1327,0,86123,0,115870,3155,31505,574646,609306,5355550,1380,20669,265,169362,83996,672,260,28975,303725,48264,0,400353,0,0,265287,0,3929606,712039,0,0,5355550,209,0,117,0,0,885,0,3332165,139835,0,0,3473211,1,1.76946331784747
Belleville Police,2000,New Jersey,35928,NJ00701,15,14,62,58,26,30,205,217,0,5,3,3,4,9,3,26,0,48,125,167,211,503,7,61,2,123,34,5,2,106,163,41,141,182,54,10121,47630,153984,283362,176122,29548,700768,3929606,0,0,531,26542,1347,1327,0,86123,0,115870,3155,31505,574646,609306,5355550,1380,20669,265,169362,83996,672,260,28975,303725,48264,0,400353,0,0,265287,0,3929606,712039,0,0,5355550,209,0,117,0,0,885,0,3332165,139835,0,0,3473211,1,1.76946331784747
Belleville Police,1999,New Jersey,32622,NJ00701,8,80,3,6,89,4,190,210,0,7,2,1,4,17,3,10,1,38,122,185,229,536,11,58,1,119,6,3,5,124,209,53,131,184,65,134171,8049,4207,139123,9512,13262,308323,3400603,0,0,0,183,1171,3589,4904,3408,220,13474,3146,33195,508685,545026,4267426,5277,18896,366,88925,8460,924,1430,28508,392239,9759,0,140672,0,0,190974,0,3400603,525418,0,0,4267426,2590,0,448,0,0,0,0,3132715,32057,0,0,3167810,1,1.82921556856271
Belleville Police,1999,New Jersey,32622,NJ00701,8,80,3,6,89,4,190,210,0,7,2,1,4,17,3,10,1,38,122,185,229,536,11,58,1,119,6,3,5,124,209,53,131,184,65,134171,8049,4207,139123,9512,13262,308323,3400603,0,0,0,183,1171,3589,4904,3408,220,13474,3146,33195,508685,545026,4267426,5277,18896,366,88925,8460,924,1430,28508,392239,9759,0,140672,0,0,190974,0,3400603,525418,0,0,4267426,2590,0,448,0,0,0,0,3132715,32057,0,0,3167810,1,1.82921556856271
Belleville Police,1998,New Jersey,32961,NJ00701,0,122,0,0,80,4,206,218,0,7,5,3,5,23,5,6,0,47,133,221,288,642,39,72,1,184,4,6,7,134,195,45,122,167,52,196665,0,0,207712,0,3838,408214,3759975,0,0,1436,1090,4249,8240,2985,439,0,18438,4770,43338,657529,705638,4892265,31833,28940,187,109435,2322,1131,10094,31306,490391,6411,0,139479,0,0,440761,0,3602959,522927,280,179447,4892265,1608,0,824,0,0,2028,0,3084619,34033,0,122061,3245173,1,1.86923930269414
Belleville Police,1998,New Jersey,32961,NJ00701,0,122,0,0,80,4,206,218,0,7,5,3,5,23,5,6,0,47,133,221,288,642,39,72,1,184,4,6,7,134,195,45,122,167,52,196665,0,0,207712,0,3838,408214,3759975,0,0,1436,1090,4249,8240,2985,439,0,18438,4770,43338,657529,705638,4892265,31833,28940,187,109435,2322,1131,10094,31306,490391,6411,0,139479,0,0,440761,0,3602959,522927,280,179447,4892265,1608,0,824,0,0,2028,0,3084619,34033,0,122061,3245173,1,1.86923930269414
Belleville Police,1997,New Jersey,35199,NJ00701,0,116,0,0,82,0,198,254,0,9,3,2,4,27,9,11,0,56,117,241,315,673,15,64,0,162,2,5,0,202,224,42,156,198,53,212132,0,0,245572,0,0,457703,4473532,0,0,822,970,416,114180,55638,16496,0,188521,4125,45456,624380,673960,5793718,17652,29966,0,154155,2278,2278,0,58831,408801,15545,0,330116,0,0,332681,0,4473532,641882,0,0,5793756,1185,0,107411,0,0,51036,0,3377660,63922,0,0,3601214,1,1.89825511369536
Belleville Police,1997,New Jersey,35199,NJ00701,0,116,0,0,82,0,198,254,0,9,3,2,4,27,9,11,0,56,117,241,315,673,15,64,0,162,2,5,0,202,224,42,156,198,53,212132,0,0,245572,0,0,457703,4473532,0,0,822,970,416,114180,55638,16496,0,188521,4125,45456,624380,673960,5793718,17652,29966,0,154155,2278,2278,0,58831,408801,15545,0,330116,0,0,332681,0,4473532,641882,0,0,5793756,1185,0,107411,0,0,51036,0,3377660,63922,0,0,3601214,1,1.89825511369536
Belleville Police,1996,New Jersey,34915,NJ00701,0,179,0,1,123,0,303,277,0,8,3,3,5,37,3,10,0,61,152,241,273,666,12,45,0,208,0,9,17,146,229,57,167,224,67,270018,0,0,220428,1063,0,491509,5200227,0,0,878,1360,1201,12961,39,31696,0,48134,4956,48154,629282,682392,6422262,10743,22420,0,157470,0,1762,4017,33942,452038,15986,0,171629,0,0,285223,0,5200227,749197,0,0,6422262,1791,0,826,0,0,931,0,4062817,66947,0,0,4133311,1,1.94263043247264
Belleville Police,1996,New Jersey,34915,NJ00701,0,179,0,1,123,0,303,277,0,8,3,3,5,37,3,10,0,61,152,241,273,666,12,45,0,208,0,9,17,146,229,57,167,224,67,270018,0,0,220428,1063,0,491509,5200227,0,0,878,1360,1201,12961,39,31696,0,48134,4956,48154,629282,682392,6422262,10743,22420,0,157470,0,1762,4017,33942,452038,15986,0,171629,0,0,285223,0,5200227,749197,0,0,6422262,1791,0,826,0,0,931,0,4062817,66947,0,0,4133311,1,1.94263043247264
Belleville Police,1995,New Jersey,34728,NJ00701,25,162,18,7,76,0,288,328,0,2,2,3,6,44,4,9,0,68,167,281,359,807,2,90,0,268,3,3,1,170,271,87,187,274,91,300618,54190,13289,418725,20246,0,807068,5832190,0,0,306,800,830,43885,7788,2701,0,56310,5913,57678,659957,723547,7419115,400,44047,0,213946,42031,1290,380,28424,392990,15151,0,199003,0,0,303713,0,5832190,1057060,0,0,7419115,4455,0,4023,0,0,12337,0,4909787,55366,0,0,4985969,1,1.99957289729848
Belleville Police,1995,New Jersey,34728,NJ00701,25,162,18,7,76,0,288,328,0,2,2,3,6,44,4,9,0,68,167,281,359,807,2,90,0,268,3,3,1,170,271,87,187,274,91,300618,54190,13289,418725,20246,0,807068,5832190,0,0,306,800,830,43885,7788,2701,0,56310,5913,57678,659957,723547,7419115,400,44047,0,213946,42031,1290,380,28424,392990,15151,0,199003,0,0,303713,0,5832190,1057060,0,0,7419115,4455,0,4023,0,0,12337,0,4909787,55366,0,0,4985969,1,1.99957289729848
Belleville Police,1994,New Jersey,34885,NJ00701,129,78,4,68,45,0,324,312,0,7,7,6,11,54,5,13,0,96,147,240,307,694,14,82,0,200,45,6,3,179,165,78,175,253,79,157230,475569,1028,136986,187683,0,958495,4666349,0,0,806,3293,2467,44768,1583,1679,0,54597,5684,48401,471285,525369,6204810,3795,37210,0,176276,79051,1090,997,29195,197757,52570,0,209329,0,0,509549,0,4665732,767630,0,0,6204810,3096,0,9840,0,0,2331,0,3873469,66563,0,0,3955299,1,2.05566930904593
Belleville Police,1994,New Jersey,34885,NJ00701,129,78,4,68,45,0,324,312,0,7,7,6,11,54,5,13,0,96,147,240,307,694,14,82,0,200,45,6,3,179,165,78,175,253,79,157230,475569,1028,136986,187683,0,958495,4666349,0,0,806,3293,2467,44768,1583,1679,0,54597,5684,48401,471285,525369,6204810,3795,37210,0,176276,79051,1090,997,29195,197757,52570,0,209329,0,0,509549,0,4665732,767630,0,0,6204810,3096,0,9840,0,0,2331,0,3873469,66563,0,0,3955299,1,2.05566930904593
Belleville Police,1993,New Jersey,34775,NJ00701,94,68,7,105,48,0,322,464,1,4,3,2,4,31,3,18,0,61,143,202,278,623,20,65,2,123,74,12,2,168,157,89,325,414,85,507914,148940,2267,105632,303028,0,1067782,7728988,0,0,350,844,1090,8268,5906,12213,0,28671,4845,44592,823919,873356,9698797,28566,32164,3693,146472,220271,2449,127,37184,402430,29633,0,483607,0,0,548473,0,7728988,908306,0,0,9698797,3455,0,1744,0,0,15872,0,7048970,52985,0,0,7123010,1,2.10926968560715
Belleville Police,1993,New Jersey,34775,NJ00701,94,68,7,105,48,0,322,464,1,4,3,2,4,31,3,18,0,61,143,202,278,623,20,65,2,123,74,12,2,168,157,89,325,414,85,507914,148940,2267,105632,303028,0,1067782,7728988,0,0,350,844,1090,8268,5906,12213,0,28671,4845,44592,823919,873356,9698797,28566,32164,3693,146472,220271,2449,127,37184,402430,29633,0,483607,0,0,548473,0,7728988,908306,0,0,9698797,3455,0,1744,0,0,15872,0,7048970,52985,0,0,7123010,1,2.10926968560715
Belleville Police,1992,New Jersey,34473,NJ00701,45,81,1,127,43,10,307,490,0,8,2,2,0,29,3,42,0,78,144,225,349,718,18,45,1,222,46,31,15,173,167,45,387,432,151,205144,120300,0,89363,252056,23843,690707,8056152,0,0,2172,434,0,64642,6330,250742,0,324320,6391,47511,873929,927831,9999010,16501,18814,109,316416,158365,11186,5911,35491,365038,21633,0,327792,0,0,684811,0,6414058,897966,1652750,0,9999010,1318,0,3737,0,0,311,0,5538139,48075,1685323,0,7276904,1,2.17152809122224
Belleville Police,1992,New Jersey,34473,NJ00701,45,81,1,127,43,10,307,490,0,8,2,2,0,29,3,42,0,78,144,225,349,718,18,45,1,222,46,31,15,173,167,45,387,432,151,205144,120300,0,89363,252056,23843,690707,8056152,0,0,2172,434,0,64642,6330,250742,0,324320,6391,47511,873929,927831,9999010,16501,18814,109,316416,158365,11186,5911,35491,365038,21633,0,327792,0,0,684811,0,6414058,897966,1652750,0,9999010,1318,0,3737,0,0,311,0,5538139,48075,1685323,0,7276904,1,2.17152809122224
Belleville Police,1991,New Jersey,34345,NJ00701,52,60,5,111,63,0,291,961,1,4,2,3,3,22,13,41,0,84,244,237,398,879,53,70,5,258,76,3,11,247,156,63,407,470,119,80109,93855,9509,138977,388279,0,710727,9101029,0,0,1262,3121,20337,11251,4452,26302,0,66725,8484,52069,747359,807911,10686393,61338,38285,3141,298138,166811,689,3926,45332,190251,34853,0,208514,0,0,393915,0,8200496,946760,901856,0,10686393,3669,0,2271,0,0,13871,0,6997658,57060,1063389,0,8137936,1,2.23729976136572
Belleville Police,1991,New Jersey,34345,NJ00701,52,60,5,111,63,0,291,961,1,4,2,3,3,22,13,41,0,84,244,237,398,879,53,70,5,258,76,3,11,247,156,63,407,470,119,80109,93855,9509,138977,388279,0,710727,9101029,0,0,1262,3121,20337,11251,4452,26302,0,66725,8484,52069,747359,807911,10686393,61338,38285,3141,298138,166811,689,3926,45332,190251,34853,0,208514,0,0,393915,0,8200496,946760,901856,0,10686393,3669,0,2271,0,0,13871,0,6997658,57060,1063389,0,8137936,1,2.23729976136572
Belleville Police,1990,New Jersey,34213,NJ00701,59,49,9,101,51,1,270,541,1,5,8,3,0,28,2,21,2,64,314,200,455,969,118,73,1,271,80,11,11,229,175,43,386,429,112,99467,136728,5410,107358,431543,0,780506,8853623,0,0,4636,2449,0,23584,1761,19613,15634,67676,7351,47891,819543,874784,10576589,130343,35249,0,397239,77993,2689,2425,40053,188793,51522,0,176021,0,0,484213,0,8853623,1011211,0,0,10576589,5476,0,368,0,0,1504,0,7675052,53894,0,0,7736294,1,2.33204860003827
Belleville Police,1990,New Jersey,34213,NJ00701,59,49,9,101,51,1,270,541,1,5,8,3,0,28,2,21,2,64,314,200,455,969,118,73,1,271,80,11,11,229,175,43,386,429,112,99467,136728,5410,107358,431543,0,780506,8853623,0,0,4636,2449,0,23584,1761,19613,15634,67676,7351,47891,819543,874784,10576589,130343,35249,0,397239,77993,2689,2425,40053,188793,51522,0,176021,0,0,484213,0,8853623,1011211,0,0,10576589,5476,0,368,0,0,1504,0,7675052,53894,0,0,7736294,1,2.33204860003827
Belleville Police,1989,New Jersey,36110,NJ00701,64,55,0,94,32,1,246,403,0,2,5,3,1,26,4,10,3,52,259,214,406,879,155,63,2,190,141,11,8,223,86,42,274,316,78,72888,93200,0,47229,170384,2458,386158,7725490,0,0,1227,998,2458,14177,1389,16193,2458,38899,8676,49692,1086583,1144951,9295499,186547,33457,393,275111,357391,5614,1379,34391,250667,62704,0,288104,0,0,215799,0,7744908,983984,0,0,9295499,6850,0,2008,0,0,7932,0,6536724,40816,0,0,6591873,1,2.45793156762571
Belleville Police,1989,New Jersey,36110,NJ00701,64,55,0,94,32,1,246,403,0,2,5,3,1,26,4,10,3,52,259,214,406,879,155,63,2,190,141,11,8,223,86,42,274,316,78,72888,93200,0,47229,170384,2458,386158,7725490,0,0,1227,998,2458,14177,1389,16193,2458,38899,8676,49692,1086583,1144951,9295499,186547,33457,393,275111,357391,5614,1379,34391,250667,62704,0,288104,0,0,215799,0,7744908,983984,0,0,9295499,6850,0,2008,0,0,7932,0,6536724,40816,0,0,6591873,1,2.45793156762571
Belleville Police,1988,New Jersey,36185,NJ00701,134,75,1,35,19,0,264,449,1,5,0,1,2,27,3,9,5,47,278,255,423,956,201,67,7,169,165,4,17,261,65,63,264,327,60,146334,295832,0,8304,67581,0,518052,8872705,0,0,0,386,1232,44938,2551,3932,4406,57445,10711,64950,1076509,1152170,10600371,225775,41102,747,212439,247027,1515,3321,325210,95034,40218,0,169268,0,0,355482,0,8906200,1129202,0,0,10600371,9430,0,14272,0,0,271,0,7365980,345174,0,0,7735126,1,2.57657599887252
Belleville Police,1988,New Jersey,36185,NJ00701,134,75,1,35,19,0,264,449,1,5,0,1,2,27,3,9,5,47,278,255,423,956,201,67,7,169,165,4,17,261,65,63,264,327,60,146334,295832,0,8304,67581,0,518052,8872705,0,0,0,386,1232,44938,2551,3932,4406,57445,10711,64950,1076509,1152170,10600371,225775,41102,747,212439,247027,1515,3321,325210,95034,40218,0,169268,0,0,355482,0,8906200,1129202,0,0,10600371,9430,0,14272,0,0,271,0,7365980,345174,0,0,7735126,1,2.57657599887252
Belleville Police,1987,New Jersey,36095,NJ00701,121,87,2,67,27,0,304,452,0,3,0,1,1,31,0,13,4,50,208,194,371,773,137,82,2,155,135,8,8,161,85,30,238,268,70,193690,386140,0,34888,479722,0,1094440,9602531,0,0,0,13408,2145,101760,0,12639,4103,134055,8249,52836,1047892,1108977,11940003,241849,46301,335,235226,332840,2883,1024,39817,208701,59838,0,349356,0,0,489917,0,9691830,1349062,0,0,11940003,10716,0,14835,0,0,2950,0,6527358,86030,0,0,6641888,1,2.68164209754309
Belleville Police,1987,New Jersey,36095,NJ00701,121,87,2,67,27,0,304,452,0,3,0,1,1,31,0,13,4,50,208,194,371,773,137,82,2,155,135,8,8,161,85,30,238,268,70,193690,386140,0,34888,479722,0,1094440,9602531,0,0,0,13408,2145,101760,0,12639,4103,134055,8249,52836,1047892,1108977,11940003,241849,46301,335,235226,332840,2883,1024,39817,208701,59838,0,349356,0,0,489917,0,9691830,1349062,0,0,11940003,10716,0,14835,0,0,2950,0,6527358,86030,0,0,6641888,1,2.68164209754309
Belleville Police,1986,New Jersey,35759,NJ00701,140,77,0,64,29,0,310,610,2,8,0,3,5,41,4,4,1,58,217,210,354,781,135,71,0,145,160,5,5,205,55,56,317,373,96,96844,354008,0,28224,281472,0,760548,10147039,0,0,0,3189,934,28794,459,4267,2780,40423,11943,60663,1156569,1229174,12177185,179146,38760,0,184967,724548,2841,1362,40167,57383,283865,0,181170,0,0,315456,0,10172893,1223801,0,0,12177185,5999,0,1963,0,0,19793,0,7801822,78552,0,0,7908128,1,2.7799125674751
Belleville Police,1986,New Jersey,35759,NJ00701,140,77,0,64,29,0,310,610,2,8,0,3,5,41,4,4,1,58,217,210,354,781,135,71,0,145,160,5,5,205,55,56,317,373,96,96844,354008,0,28224,281472,0,760548,10147039,0,0,0,3189,934,28794,459,4267,2780,40423,11943,60663,1156569,1229174,12177185,179146,38760,0,184967,724548,2841,1362,40167,57383,283865,0,181170,0,0,315456,0,10172893,1223801,0,0,12177185,5999,0,1963,0,0,19793,0,7801822,78552,0,0,7908128,1,2.7799125674751
Belleville Police,1985,New Jersey,35171,NJ00701,113,69,0,13,73,0,268,400,3,9,0,1,3,31,1,15,1,52,320,256,286,862,118,82,2,122,175,13,9,304,37,34,244,278,69,216773,257788,0,109905,10368,0,594834,7075613,0,0,0,751,850,24792,241,5651,17,32301,17529,72182,581367,671078,8373826,196460,36542,637,125680,251596,1946,6206,44850,7161,8269,0,170547,0,0,379590,0,7075613,739807,0,0,8373826,2875,0,2175,0,0,3821,0,4765216,94150,0,0,4868238,1,2.83267663464518
Belleville Police,1985,New Jersey,35171,NJ00701,113,69,0,13,73,0,268,400,3,9,0,1,3,31,1,15,1,52,320,256,286,862,118,82,2,122,175,13,9,304,37,34,244,278,69,216773,257788,0,109905,10368,0,594834,7075613,0,0,0,751,850,24792,241,5651,17,32301,17529,72182,581367,671078,8373826,196460,36542,637,125680,251596,1946,6206,44850,7161,8269,0,170547,0,0,379590,0,7075613,739807,0,0,8373826,2875,0,2175,0,0,3821,0,4765216,94150,0,0,4868238,1,2.83267663464518
Belleville Police,1984,New Jersey,35533,NJ00701,92,93,0,13,64,0,262,316,1,3,0,4,3,30,2,0,3,42,258,279,313,850,109,106,1,171,148,35,5,231,44,20,194,214,43,88143,245293,0,155300,3892,0,492628,4769210,0,0,0,4854,4872,26202,3520,0,733,40181,14560,88319,763513,866392,6168411,121105,61507,205,206010,378295,14369,4200,45358,35341,44519,0,156455,0,0,255674,0,4813207,898556,0,0,6168411,5101,0,3939,0,0,4400,0,3342576,64663,0,0,3420679,1,2.9331132680892
Belleville Police,1984,New Jersey,35533,NJ00701,92,93,0,13,64,0,262,316,1,3,0,4,3,30,2,0,3,42,258,279,313,850,109,106,1,171,148,35,5,231,44,20,194,214,43,88143,245293,0,155300,3892,0,492628,4769210,0,0,0,4854,4872,26202,3520,0,733,40181,14560,88319,763513,866392,6168411,121105,61507,205,206010,378295,14369,4200,45358,35341,44519,0,156455,0,0,255674,0,4813207,898556,0,0,6168411,5101,0,3939,0,0,4400,0,3342576,64663,0,0,3420679,1,2.9331132680892
Belleville Police,1983,New Jersey,35932,NJ00701,110,69,7,10,66,0,262,316,1,4,2,2,3,27,1,1,3,39,244,273,322,839,85,145,4,160,144,14,9,217,61,28,192,220,61,92227,402613,11264,94558,14535,0,615197,3553016,0,0,35258,23070,30898,53971,11013,76,9453,163740,14342,92206,643443,749991,5081945,79005,94127,1771,201764,232001,5390,6574,42842,86516,49474,0,284737,0,0,438131,0,3553016,756587,0,0,5081945,997,0,1572,0,0,135555,0,2589505,69831,0,0,2797460,1,3.05925284471218
Belleville Police,1983,New Jersey,35932,NJ00701,110,69,7,10,66,0,262,316,1,4,2,2,3,27,1,1,3,39,244,273,322,839,85,145,4,160,144,14,9,217,61,28,192,220,61,92227,402613,11264,94558,14535,0,615197,3553016,0,0,35258,23070,30898,53971,11013,76,9453,163740,14342,92206,643443,749991,5081945,79005,94127,1771,201764,232001,5390,6574,42842,86516,49474,0,284737,0,0,438131,0,3553016,756587,0,0,5081945,997,0,1572,0,0,135555,0,2589505,69831,0,0,2797460,1,3.05925284471218
Belleville Police,1982,New Jersey,35788,NJ00701,138,99,3,21,106,2,369,276,2,0,0,0,1,34,3,0,2,40,280,286,226,792,96,98,1,147,153,7,8,246,36,25,144,169,73,120043,168397,0,128676,45554,0,462670,2933929,0,0,0,0,799,42418,1910,0,695,45822,16877,90877,509745,617499,4059920,74335,42320,47,160753,241276,1383,9419,40363,47603,41724,0,195966,0,0,241927,0,2933929,646375,0,0,4059920,13154,0,695,0,0,6460,0,1924059,69418,0,0,2013787,1,3.15752936096719
Belleville Police,1982,New Jersey,35788,NJ00701,138,99,3,21,106,2,369,276,2,0,0,0,1,34,3,0,2,40,280,286,226,792,96,98,1,147,153,7,8,246,36,25,144,169,73,120043,168397,0,128676,45554,0,462670,2933929,0,0,0,0,799,42418,1910,0,695,45822,16877,90877,509745,617499,4059920,74335,42320,47,160753,241276,1383,9419,40363,47603,41724,0,195966,0,0,241927,0,2933929,646375,0,0,4059920,13154,0,695,0,0,6460,0,1924059,69418,0,0,2013787,1,3.15752936096719
Belleville Police,1981,New Jersey,35610,NJ00701,209,94,3,14,93,8,421,340,0,4,2,4,3,27,7,1,1,45,317,387,207,911,133,142,3,146,170,7,20,211,79,24,199,223,84,153730,428020,0,127149,6394,0,715292,3308404,0,3016,335,1642,1729,38263,13790,0,251,56011,20335,134189,432872,587396,4670119,79935,67123,536,96070,254059,865,5151,25462,58196,11558,0,303971,0,0,394220,0,3308404,651966,0,0,4670119,389,0,4135,0,0,22821,0,2114899,56751,0,0,2198995,1,3.35113096874714
Belleville Police,1981,New Jersey,35610,NJ00701,209,94,3,14,93,8,421,340,0,4,2,4,3,27,7,1,1,45,317,387,207,911,133,142,3,146,170,7,20,211,79,24,199,223,84,153730,428020,0,127149,6394,0,715292,3308404,0,3016,335,1642,1729,38263,13790,0,251,56011,20335,134189,432872,587396,4670119,79935,67123,536,96070,254059,865,5151,25462,58196,11558,0,303971,0,0,394220,0,3308404,651966,0,0,4670119,389,0,4135,0,0,22821,0,2114899,56751,0,0,2198995,1,3.35113096874714
Belleville Police,1980,New Jersey,35327,NJ00701,230,114,3,22,95,0,464,368,0,7,0,3,5,9,13,6,1,37,329,408,299,1036,180,168,3,169,206,21,25,158,106,35,232,267,94,330675,453028,15252,156506,54131,0,1009592,3221154,0,111,0,8134,30230,303247,12960,1856,1479,357907,23142,166963,736342,926447,5515210,110151,79865,1442,148497,461399,6914,17833,18155,82191,71206,0,302859,0,0,1025358,0,3228549,887239,0,0,5515210,647,0,6626,0,0,8763,0,2289653,47054,0,0,2352742,1,3.69746081504702
Belleville Police,1980,New Jersey,35327,NJ00701,230,114,3,22,95,0,464,368,0,7,0,3,5,9,13,6,1,37,329,408,299,1036,180,168,3,169,206,21,25,158,106,35,232,267,94,330675,453028,15252,156506,54131,0,1009592,3221154,0,111,0,8134,30230,303247,12960,1856,1479,357907,23142,166963,736342,926447,5515210,110151,79865,1442,148497,461399,6914,17833,18155,82191,71206,0,302859,0,0,1025358,0,3228549,887239,0,0,5515210,647,0,6626,0,0,8763,0,2289653,47054,0,0,2352742,1,3.69746081504702
Belleville Police,1979,New Jersey,36145,NJ00701,123,79,0,20,111,0,333,325,4,4,0,2,4,8,7,1,1,23,347,317,264,928,225,161,4,152,144,7,30,136,69,45,189,234,108,224406,224616,0,244735,9048,0,702806,2981058,0,0,0,1595,630,19363,8212,336,252,30388,28843,139968,604172,772983,4487235,162093,95170,273,179131,220926,4543,8292,24086,78469,6592,0,163496,0,0,307149,0,2981058,1028940,0,0,4487235,554,0,1272,0,0,38626,0,2000765,12641,0,0,2053859,1,4.19843724882306
Belleville Police,1979,New Jersey,36145,NJ00701,123,79,0,20,111,0,333,325,4,4,0,2,4,8,7,1,1,23,347,317,264,928,225,161,4,152,144,7,30,136,69,45,189,234,108,224406,224616,0,244735,9048,0,702806,2981058,0,0,0,1595,630,19363,8212,336,252,30388,28843,139968,604172,772983,4487235,162093,95170,273,179131,220926,4543,8292,24086,78469,6592,0,163496,0,0,307149,0,2981058,1028940,0,0,4487235,554,0,1272,0,0,38626,0,2000765,12641,0,0,2053859,1,4.19843724882306
Belleville Police,1978,New Jersey,36483,NJ00701,119,80,0,13,103,3,318,233,2,4,0,1,1,5,6,1,4,18,339,366,247,952,288,161,9,145,126,2,13,150,58,36,114,150,110,196474,223832,0,87426,7987,0,515719,2017850,0,561,0,0,163,6535,6385,0,8034,21117,33388,176819,562471,772678,3327925,224519,90672,2466,207843,192172,3527,4503,17894,29081,17829,0,260854,0,0,243333,0,1919559,787559,98791,0,3327925,2186,0,4321,0,0,34019,0,1164734,20865,111402,0,1337526,1,4.67094915687277
Belleville Police,1978,New Jersey,36483,NJ00701,119,80,0,13,103,3,318,233,2,4,0,1,1,5,6,1,4,18,339,366,247,952,288,161,9,145,126,2,13,150,58,36,114,150,110,196474,223832,0,87426,7987,0,515719,2017850,0,561,0,0,163,6535,6385,0,8034,21117,33388,176819,562471,772678,3327925,224519,90672,2466,207843,192172,3527,4503,17894,29081,17829,0,260854,0,0,243333,0,1919559,787559,98791,0,3327925,2186,0,4321,0,0,34019,0,1164734,20865,111402,0,1337526,1,4.67094915687277
Belleville Police,1977,New Jersey,36670,NJ00701,114,57,9,6,81,11,278,162,1,4,2,1,4,5,2,2,2,18,216,356,194,766,251,133,9,101,164,1,9,51,47,23,55,78,70,169850,520289,9703,368196,3268,8999,1080305,1946720,0,0,70680,402,4726,2112,75,2262,4665,84923,23850,181926,534351,740127,3852075,226821,66593,5580,144638,247981,754,1734,6324,39701,18335,0,372087,0,0,250927,0,1946720,1264006,0,0,3852075,226,0,118621,0,0,10558,0,1048210,43763,0,0,1221379,1,5.02738759796508
Belleville Police,1977,New Jersey,36670,NJ00701,114,57,9,6,81,11,278,162,1,4,2,1,4,5,2,2,2,18,216,356,194,766,251,133,9,101,164,1,9,51,47,23,55,78,70,169850,520289,9703,368196,3268,8999,1080305,1946720,0,0,70680,402,4726,2112,75,2262,4665,84923,23850,181926,534351,740127,3852075,226821,66593,5580,144638,247981,754,1734,6324,39701,18335,0,372087,0,0,250927,0,1946720,1264006,0,0,3852075,226,0,118621,0,0,10558,0,1048210,43763,0,0,1221379,1,5.02738759796508
Belleville Police,1976,New Jersey,38389,NJ00701,113,69,21,25,116,26,370,177,1,1,1,0,1,5,3,1,2,13,237,464,213,914,200,170,8,257,172,2,11,36,58,33,74,107,46,140008,237750,58763,156307,24164,21674,638666,2063261,0,0,107085,0,6425,664,4487,2677,1135,122473,29224,259344,733163,1021731,3846131,148773,93876,4348,465301,177301,1339,6206,2367,122222,25074,0,307961,0,0,184090,0,2063261,1265745,0,0,3846131,54,0,12518,0,0,0,0,1361426,45816,0,0,1419814,1,5.35425245277493
Belleville Police,1976,New Jersey,38389,NJ00701,113,69,21,25,116,26,370,177,1,1,1,0,1,5,3,1,2,13,237,464,213,914,200,170,8,257,172,2,11,36,58,33,74,107,46,140008,237750,58763,156307,24164,21674,638666,2063261,0,0,107085,0,6425,664,4487,2677,1135,122473,29224,259344,733163,1021731,3846131,148773,93876,4348,465301,177301,1339,6206,2367,122222,25074,0,307961,0,0,184090,0,2063261,1265745,0,0,3846131,54,0,12518,0,0,0,0,1361426,45816,0,0,1419814,1,5.35425245277493
Belleville Police,1975,New Jersey,38200,NJ00701,129,67,3,18,156,5,378,217,1,2,1,2,2,9,8,0,0,22,278,405,177,860,178,206,7,216,157,0,10,48,38,43,105,148,74,110853,415313,1806,190702,17790,963,737427,1810403,1132,0,3901,31423,849,32544,16731,0,0,85449,37187,234802,717610,989600,3624011,135941,114986,1302,510642,195634,0,5254,10990,14851,71113,0,426286,0,0,277459,0,1810403,1039883,0,0,3624011,0,0,18809,0,0,2435,0,1291184,58215,0,0,1370642,1,5.66184422421803
Belleville Police,1975,New Jersey,38200,NJ00701,129,67,3,18,156,5,378,217,1,2,1,2,2,9,8,0,0,22,278,405,177,860,178,206,7,216,157,0,10,48,38,43,105,148,74,110853,415313,1806,190702,17790,963,737427,1810403,1132,0,3901,31423,849,32544,16731,0,0,85449,37187,234802,717610,989600,3624011,135941,114986,1302,510642,195634,0,5254,10990,14851,71113,0,426286,0,0,277459,0,1810403,1039883,0,0,3624011,0,0,18809,0,0,2435,0,1291184,58215,0,0,1370642,1,5.66184422421803
Belleville Police,1974,New Jersey,38273,NJ00701,104,51,0,13,179,0,347,156,1,2,0,1,1,12,7,6,1,28,243,343,97,683,121,169,4,151,136,3,15,40,44,28,81,109,72,121026,378854,0,383939,18421,0,902246,1222246,0,328,0,278,1854,86705,20547,17074,1051,127817,33888,215041,267029,515959,2768287,83461,94942,1761,144730,149087,1217,6896,4579,29235,47088,0,279876,0,0,245957,0,1222246,973113,0,0,2768287,3794,0,10085,0,0,16036,0,990576,416672,0,0,1437164,1,6.17951495690384
Belleville Police,1974,New Jersey,38273,NJ00701,104,51,0,13,179,0,347,156,1,2,0,1,1,12,7,6,1,28,243,343,97,683,121,169,4,151,136,3,15,40,44,28,81,109,72,121026,378854,0,383939,18421,0,902246,1222246,0,328,0,278,1854,86705,20547,17074,1051,127817,33888,215041,267029,515959,2768287,83461,94942,1761,144730,149087,1217,6896,4579,29235,47088,0,279876,0,0,245957,0,1222246,973113,0,0,2768287,3794,0,10085,0,0,16036,0,990576,416672,0,0,1437164,1,6.17951495690384
Belleville Police,1973,New Jersey,38595,NJ00701,87,65,3,8,125,0,288,126,0,0,1,6,1,13,0,3,1,25,0,196,300,496,110,159,2,68,101,2,3,16,35,27,58,85,65,105465,227661,0,300975,17589,0,651691,975525,0,0,10294,3658,364,4900,0,11042,515,30772,0,36290,407676,443965,2101954,69066,78317,124,108732,153524,563,268,2724,30655,10267,0,185964,0,0,136917,0,975525,793288,0,0,2101961,0,0,3370,0,0,0,0,702872,100627,0,0,806869,1,6.86264827327328
Belleville Police,1973,New Jersey,38595,NJ00701,87,65,3,8,125,0,288,126,0,0,1,6,1,13,0,3,1,25,0,196,300,496,110,159,2,68,101,2,3,16,35,27,58,85,65,105465,227661,0,300975,17589,0,651691,975525,0,0,10294,3658,364,4900,0,11042,515,30772,0,36290,407676,443965,2101954,69066,78317,124,108732,153524,563,268,2724,30655,10267,0,185964,0,0,136917,0,975525,793288,0,0,2101961,0,0,3370,0,0,0,0,702872,100627,0,0,806869,1,6.86264827327328
Belleville Police,1972,New Jersey,38641,NJ00701,66,19,16,2,58,0,161,104,0,0,0,3,2,9,3,1,0,18,0,104,277,381,23,124,1,91,98,0,16,13,14,17,38,55,52,83002,189036,32156,152727,2011,0,458932,920080,0,0,0,56471,3935,3192,9108,729,0,73434,0,22042,559065,581107,2033553,18719,57571,510,112972,341917,0,4306,3097,42007,19849,0,188264,0,0,182187,0,920080,723108,0,0,2033488,0,0,2958,0,0,10587,0,529736,28724,0,0,572006,1,7.28660621761658
Belleville Police,1972,New Jersey,38641,NJ00701,66,19,16,2,58,0,161,104,0,0,0,3,2,9,3,1,0,18,0,104,277,381,23,124,1,91,98,0,16,13,14,17,38,55,52,83002,189036,32156,152727,2011,0,458932,920080,0,0,0,56471,3935,3192,9108,729,0,73434,0,22042,559065,581107,2033553,18719,57571,510,112972,341917,0,4306,3097,42007,19849,0,188264,0,0,182187,0,920080,723108,0,0,2033488,0,0,2958,0,0,10587,0,529736,28724,0,0,572006,1,7.28660621761658
Belleville Police,1971,New Jersey,35275,NJ00701,94,15,16,7,64,0,196,121,0,0,1,0,0,7,3,2,0,13,0,123,245,368,78,130,3,45,81,0,7,10,14,35,54,89,62,10512,330808,112522,170698,10761,0,635302,1482622,0,0,71285,0,0,79224,10791,22274,0,183573,0,27158,549208,576366,2877863,98157,59004,1008,228212,146949,0,1332,2528,39145,19573,0,308896,0,0,238529,0,1482622,828274,0,0,2877893,1753,0,16141,0,0,6780,0,1212759,199955,0,0,1437389,1,7.52504424778761
Belleville Police,1971,New Jersey,35275,NJ00701,94,15,16,7,64,0,196,121,0,0,1,0,0,7,3,2,0,13,0,123,245,368,78,130,3,45,81,0,7,10,14,35,54,89,62,10512,330808,112522,170698,10761,0,635302,1482622,0,0,71285,0,0,79224,10791,22274,0,183573,0,27158,549208,576366,2877863,98157,59004,1008,228212,146949,0,1332,2528,39145,19573,0,308896,0,0,238529,0,1482622,828274,0,0,2877893,1753,0,16141,0,0,6780,0,1212759,199955,0,0,1437389,1,7.52504424778761
Belleville Police,1970,New Jersey,34643,NJ00701,115,7,0,4,98,5,229,113,0,0,0,0,2,5,2,0,1,10,0,112,204,316,82,95,1,41,69,0,7,9,12,23,65,88,56,41077,768444,0,505707,68828,0,1384055,1116389,0,0,0,0,2551,337,7840,0,11772,22500,0,26966,405957,432923,2955868,112659,37577,39,78316,188990,0,1397,738,14079,19243,0,451845,0,0,201515,0,1116389,1167025,0,0,2956017,0,0,4677,0,0,2511,0,699852,46092,0,0,753133,1,7.84807684052372
Belleville Police,1970,New Jersey,34643,NJ00701,115,7,0,4,98,5,229,113,0,0,0,0,2,5,2,0,1,10,0,112,204,316,82,95,1,41,69,0,7,9,12,23,65,88,56,41077,768444,0,505707,68828,0,1384055,1116389,0,0,0,0,2551,337,7840,0,11772,22500,0,26966,405957,432923,2955868,112659,37577,39,78316,188990,0,1397,738,14079,19243,0,451845,0,0,201515,0,1116389,1167025,0,0,2956017,0,0,4677,0,0,2511,0,699852,46092,0,0,753133,1,7.84807684052372
Belleville Police,1969,New Jersey,38029,NJ00701,119,0,0,0,66,0,185,148,0,0,1,0,1,3,2,1,1,9,0,75,234,309,109,65,6,35,74,0,4,3,13,54,56,110,57,0,473117,0,635180,0,0,1108297,1833609,0,0,0,0,2575,889,8215,125,1661,13464,0,18016,502405,520421,3475791,147370,31273,2442,62986,250883,0,5781,1088,18589,18722,0,278086,0,0,583050,0,1949896,646061,0,0,3475816,914,0,6695,0,0,10092,0,1429965,38691,0,0,1486357,1,8.30626760563381
Belleville Police,1969,New Jersey,38029,NJ00701,119,0,0,0,66,0,185,148,0,0,1,0,1,3,2,1,1,9,0,75,234,309,109,65,6,35,74,0,4,3,13,54,56,110,57,0,473117,0,635180,0,0,1108297,1833609,0,0,0,0,2575,889,8215,125,1661,13464,0,18016,502405,520421,3475791,147370,31273,2442,62986,250883,0,5781,1088,18589,18722,0,278086,0,0,583050,0,1949896,646061,0,0,3475816,914,0,6695,0,0,10092,0,1429965,38691,0,0,1486357,1,8.30626760563381
Belleville Police,1968,New Jersey,37947,NJ00701,126,1,1,0,84,0,212,137,0,0,1,1,3,1,3,0,0,9,38,62,234,334,110,82,4,41,79,0,8,5,5,29,61,90,77,0,696515,0,398553,0,0,1095069,1746961,0,0,10074,28339,15085,438,2234,0,0,56169,12737,26735,471594,511066,3409265,172940,31921,2164,91621,203749,0,1953,1402,5309,98261,0,201856,0,0,194551,0,1746961,1167671,0,0,3409300,0,0,28426,0,0,3504,0,1268227,160965,0,0,1461122,1,8.75998802108289
Belleville Police,1968,New Jersey,37947,NJ00701,126,1,1,0,84,0,212,137,0,0,1,1,3,1,3,0,0,9,38,62,234,334,110,82,4,41,79,0,8,5,5,29,61,90,77,0,696515,0,398553,0,0,1095069,1746961,0,0,10074,28339,15085,438,2234,0,0,56169,12737,26735,471594,511066,3409265,172940,31921,2164,91621,203749,0,1953,1402,5309,98261,0,201856,0,0,194551,0,1746961,1167671,0,0,3409300,0,0,28426,0,0,3504,0,1268227,160965,0,0,1461122,1,8.75998802108289
Belleville Police,1967,New Jersey,37981,NJ00701,28,1,0,0,13,0,42,28,0,0,0,0,0,0,1,0,0,1,1,13,20,34,5,9,0,5,8,0,2,0,5,3,16,19,24,0,85140,0,76334,0,0,161474,584589,0,0,0,0,0,0,0,0,0,0,18,2457,59546,62021,808084,10404,3033,0,36007,9271,0,521,0,2777,0,0,17008,0,0,103691,0,584589,102805,0,0,808093,0,0,18,0,0,0,0,467671,6248,0,0,473937,1,9.13419685236073
Belleville Police,1967,New Jersey,37981,NJ00701,28,1,0,0,13,0,42,28,0,0,0,0,0,0,1,0,0,1,1,13,20,34,5,9,0,5,8,0,2,0,5,3,16,19,24,0,85140,0,76334,0,0,161474,584589,0,0,0,0,0,0,0,0,0,0,18,2457,59546,62021,808084,10404,3033,0,36007,9271,0,521,0,2777,0,0,17008,0,0,103691,0,584589,102805,0,0,808093,0,0,18,0,0,0,0,467671,6248,0,0,473937,1,9.13419685236073
Belleville Police,1966,New Jersey,34000,NJ00701,98,8,0,1,52,0,159,76,0,0,0,0,0,0,2,0,0,2,5,82,89,176,8,58,6,30,55,1,2,1,15,19,38,57,53,88965,472959,0,215593,0,0,793279,1095518,0,0,0,0,0,0,0,0,0,0,94,21488,204628,226210,2099273,8036,18766,2403,53480,105515,94,131,0,37766,19197,0,151110,0,0,367810,0,1092795,474912,0,0,2099273,0,0,2854,0,0,10326,0,760385,19057,0,0,792622,1,9.38746854942234
Belleville Police,1966,New Jersey,34000,NJ00701,98,8,0,1,52,0,159,76,0,0,0,0,0,0,2,0,0,2,5,82,89,176,8,58,6,30,55,1,2,1,15,19,38,57,53,88965,472959,0,215593,0,0,793279,1095518,0,0,0,0,0,0,0,0,0,0,94,21488,204628,226210,2099273,8036,18766,2403,53480,105515,94,131,0,37766,19197,0,151110,0,0,367810,0,1092795,474912,0,0,2099273,0,0,2854,0,0,10326,0,760385,19057,0,0,792622,1,9.38746854942234
Belleville Police,1965,New Jersey,37320,NJ00701,102,16,0,3,47,0,168,66,0,0,0,0,1,0,1,0,1,3,2,78,79,159,10,56,5,20,34,0,2,1,31,26,30,56,51,142302,543995,0,125349,8703,0,820359,810630,0,0,0,0,0,0,696,0,14506,15202,29,22474,704825,727338,2373539,11247,19660,3356,40577,574631,0,870,164,76803,41815,0,655670,0,0,358718,0,810630,506686,0,0,2373539,0,0,490198,0,0,0,0,649616,27696,0,0,1167511,1,9.67050780216874
Belleville Police,1965,New Jersey,37320,NJ00701,102,16,0,3,47,0,168,66,0,0,0,0,1,0,1,0,1,3,2,78,79,159,10,56,5,20,34,0,2,1,31,26,30,56,51,142302,543995,0,125349,8703,0,820359,810630,0,0,0,0,0,0,696,0,14506,15202,29,22474,704825,727338,2373539,11247,19660,3356,40577,574631,0,870,164,76803,41815,0,655670,0,0,358718,0,810630,506686,0,0,2373539,0,0,490198,0,0,0,0,649616,27696,0,0,1167511,1,9.67050780216874
Belleville Police,1964,New Jersey,38007,NJ00701,76,2,0,1,46,0,125,73,0,0,0,0,0,0,1,0,0,1,2,99,63,164,25,65,0,11,31,0,1,2,29,23,31,54,42,11396,402796,0,142573,1474,0,558257,1041323,0,0,0,0,0,0,3930,0,0,3930,29,27487,196515,224051,1827581,29550,19088,0,47390,62224,0,0,59,65721,80555,0,167123,0,0,196938,0,1041323,341397,0,0,1827483,0,0,10030,0,0,4961,0,766257,21858,0,0,803106,1,9.82380171950564
Belleville Police,1964,New Jersey,38007,NJ00701,76,2,0,1,46,0,125,73,0,0,0,0,0,0,1,0,0,1,2,99,63,164,25,65,0,11,31,0,1,2,29,23,31,54,42,11396,402796,0,142573,1474,0,558257,1041323,0,0,0,0,0,0,3930,0,0,3930,29,27487,196515,224051,1827581,29550,19088,0,47390,62224,0,0,59,65721,80555,0,167123,0,0,196938,0,1041323,341397,0,0,1827483,0,0,10030,0,0,4961,0,766257,21858,0,0,803106,1,9.82380171950564
Belleville Police,1963,New Jersey,35825,NJ00701,45,13,0,1,42,0,101,42,0,0,0,0,0,1,3,1,0,5,3,90,61,154,17,67,0,31,0,0,0,0,39,0,0,40,0,0,0,0,0,0,0,372328,346489,0,0,0,0,0,0,0,0,0,43598,0,0,0,204361,966777,0,0,0,0,0,0,0,0,0,29291,0,167419,0,0,124885,0,394247,250945,0,0,966787,0,0,9074,0,0,13929,0,386038,24874,0,0,433915,1,9.94943945578232
Belleville Police,1963,New Jersey,35825,NJ00701,45,13,0,1,42,0,101,42,0,0,0,0,0,1,3,1,0,5,3,90,61,154,17,67,0,31,0,0,0,0,39,0,0,40,0,0,0,0,0,0,0,372328,346489,0,0,0,0,0,0,0,0,0,43598,0,0,0,204361,966777,0,0,0,0,0,0,0,0,0,29291,0,167419,0,0,124885,0,394247,250945,0,0,966787,0,0,9074,0,0,13929,0,386038,24874,0,0,433915,1,9.94943945578232
Belleville Police,1962,New Jersey,35379,NJ00701,63,18,0,1,57,0,139,49,0,0,0,0,1,1,0,0,1,3,0,52,48,100,9,29,0,19,0,0,0,0,43,0,0,46,0,0,0,0,0,0,0,397774,479716,0,0,0,0,0,0,0,0,0,22351,0,0,0,107466,1007308,0,0,0,0,0,0,0,0,0,26643,0,160449,0,0,194667,0,479716,149843,0,0,1011317,755,0,7424,0,0,7051,0,466622,20206,0,0,502058,1,10.0727796143251
Belleville Police,1962,New Jersey,35379,NJ00701,63,18,0,1,57,0,139,49,0,0,0,0,1,1,0,0,1,3,0,52,48,100,9,29,0,19,0,0,0,0,43,0,0,46,0,0,0,0,0,0,0,397774,479716,0,0,0,0,0,0,0,0,0,22351,0,0,0,107466,1007308,0,0,0,0,0,0,0,0,0,26643,0,160449,0,0,194667,0,479716,149843,0,0,1011317,755,0,7424,0,0,7051,0,466622,20206,0,0,502058,1,10.0727796143251
Belleville Police,1961,New Jersey,35005,NJ00701,16,18,0,4,44,0,82,96,0,0,0,0,0,1,2,0,0,3,0,63,31,94,11,31,0,18,0,0,3,0,31,0,0,85,0,0,0,0,0,0,0,330016,992850,0,0,0,0,0,0,0,0,0,6626,0,0,0,114371,1443862,0,0,0,0,0,0,0,0,0,21722,0,226541,0,0,44250,0,992850,158509,0,0,1443873,510,0,14505,0,0,1019,0,872821,27961,0,0,916816,1,10.1935294117647
Belleville Police,1961,New Jersey,35005,NJ00701,16,18,0,4,44,0,82,96,0,0,0,0,0,1,2,0,0,3,0,63,31,94,11,31,0,18,0,0,3,0,31,0,0,85,0,0,0,0,0,0,0,330016,992850,0,0,0,0,0,0,0,0,0,6626,0,0,0,114371,1443862,0,0,0,0,0,0,0,0,0,21722,0,226541,0,0,44250,0,992850,158509,0,0,1443873,510,0,14505,0,0,1019,0,872821,27961,0,0,916816,1,10.1935294117647
Belleville Police,1960,New Jersey,35005,NJ00701,8,13,0,5,54,0,80,93,0,0,0,0,0,0,5,0,0,5,2,92,37,131,42,47,0,6,0,0,3,1,0,0,0,89,0,0,0,0,0,0,0,105438,1058600,0,0,0,0,0,0,0,0,0,76539,0,0,0,126579,0,0,0,0,0,0,0,0,0,0,4574,0,125250,0,0,32144,0,1058600,146494,0,0,0,0,0,0,0,0,0,0,0,0,0,0,0,1,10.302673992674
Belleville Police,1960,New Jersey,35005,NJ00701,8,13,0,5,54,0,80,93,0,0,0,0,0,0,5,0,0,5,2,92,37,131,42,47,0,6,0,0,3,1,0,0,0,89,0,0,0,0,0,0,0,105438,1058600,0,0,0,0,0,0,0,0,0,76539,0,0,0,126579,0,0,0,0,0,0,0,0,0,0,4574,0,125250,0,0,32144,0,1058600,146494,0,0,0,0,0,0,0,0,0,0,0,0,0,0,0,1,10.302673992674
