agency,year,state,population,ORI,offenses_burg_resident_day,offenses_burg_resident_night,offenses_burg_resident_unk,offenses_burg_nonresident_day,offenses_burg_nonresident_night,offenses_burg_nonresident_unk,offenses_burg_total,offenses_motor_vehicle_theft,offenses_murder,offenses_rape,offenses_robbery_bank,offenses_robbery_chain_store,offenses_robbery_gas_station,offenses_robbery_highway,offenses_robbery_house,offenses_robbery_misc,offenses_robbery_residence,offenses_robbery_total,offenses_theft_under_50,offenses_theft_50_to_200,offenses_theft_over_200,offenses_theft_total,offenses_theft_auto_part,offenses_theft_bicycle,offenses_theft_coin_machine,offenses_theft_from_auto,offenses_theft_from_building,offenses_theft_pick_pocket,offenses_theft_purse_snatch,offenses_theft_shoplift,offenses_theft_all_other,auto_stolen_recover_local,auto_stolen_recovered_other,auto_theft_total,auto_stole_oth_recover_local,value_burg_resident_night,value_burg_resident_day,value_burg_resident_unk,value_burg_nonresident_night,value_burg_nonresident_day,value_burg_nonresident_unk,value_burg_total,value_motor_vehicle_theft,value_murder,value_rape,value_robbery_bank,value_robbery_chain_store,value_robbery_gas_station,value_robbery_highway,value_robbery_house,value_robbery_misc,value_robbery_residence,value_robbery_total,value_theft_under_50,value_theft_50_to_200,value_theft_over_200,value_theft_total,value_total_all_values,value_theft_auto_part,value_theft_bicycle,value_theft_coin_machine,value_theft_from_auto,value_theft_from_building,value_theft_pick_pocket,value_theft_purse_snatch,value_theft_shoplift,value_theft_all_other,value_stolen_clothing_or_fur,value_stolen_consumable_good,value_stolen_currency,value_stolen_guns,value_stolen_household_good,value_stolen_jewel_metal,value_stolen_livestock,value_stolen_local_mtr_veh,value_stolen_misc,value_stolen_office_equip,value_stolen_tv_and_radio,value_stolen_total,value_recovered_clothing_or_fur,value_recovered_consumable_good,value_recovered_currency,value_recovered_guns,value_recovered_house_good,value_recovered_jewel_metal,value_recovered_livestock,value_recovered_local_mtv_veh,value_recovered_misc,value_recovered_office_equip,value_recovered_tv_and_radio,value_recovered_total,price,in_2023_dollars
Dinwiddie County Sheriff's Office,2023,Virginia,28322,VA02700,8010036,6001400,8000100,800005,100001,6350023,29261565,4026406,767004,2760003,9117169,9810001,269183,5420300,66414,105630,131099,24919796,517607,4,50029,567640,1,2500016,1520210,9000000,7970004,3002596,1122,3100076,15,4000100,8700,240,147400,370404794,698216296,402043000,10351000,2930,129000035,700025062,703210300,20000001,98500746,202020697,50000111,10313000,1311355758,801856700,200000,977023992,110500006,695407167,266000014,100000,1268273450,462500,90001009,736477712,540400084,697600000,696218078,11000,244000013,340008365,700677840,200600602,910430082,1050022172,400000,35000033,200002000,1047286131,720000017,980001000,900002423,550021262,1080000,1677016245,12910000,85014111,1198064161,180000000,645046740,158671024,102910,720196309,0,20300135,1339065740,1,1
Dinwiddie County Sheriff's Office,2023,Virginia,28322,VA02700,8010036,6001400,8000100,800005,100001,6350023,29261565,4026406,767004,2760003,9117169,9810001,269183,5420300,66414,105630,131099,24919796,517607,4,50029,567640,1,2500016,1520210,9000000,7970004,3002596,1122,3100076,15,4000100,8700,240,147400,370404794,698216296,402043000,10351000,2930,129000035,700025062,703210300,20000001,98500746,202020697,50000111,10313000,1311355758,801856700,200000,977023992,110500006,695407167,266000014,100000,1268273450,462500,90001009,736477712,540400084,697600000,696218078,11000,244000013,340008365,700677840,200600602,910430082,1050022172,400000,35000033,200002000,1047286131,720000017,980001000,900002423,550021262,1080000,1677016245,12910000,85014111,1198064161,180000000,645046740,158671024,102910,720196309,0,20300135,1339065740,1,1
Dinwiddie County Sheriff's Office,2022,Virginia,28021,VA02700,10051,8585868,7005000,3500003,100001,7066508,26267431,11915543,704001,610009,18609,6810000,6156126,7017400,861023,140715,417000,21420873,6701425,3500004,150014,10351443,17,3200040,344,300000,4538032,2015437,12,5200011,9500020,4000100,2006900,420,321768,1000559005,1441500492,630488148,10567808,36,69758025,427063946,394780003,1004722669,542135601,11156360,833162,11707986,1060502,3383781,104116,548805305,97869464,597322075,251961548,208233,389760277,10596,156383812,1330414920,984940962,815439162,425058939,208293073,29172944,239486757,521057599,203406865,1140844554,1030839208,1147060,28,187415656,797028396,691853075,728814369,1371217804,270716676,113642983,1783526461,1061987,151569450,1324516124,895402592,1118428303,118531278,106511,685989346,10411749,734790971,1461817524,1,1.04116338383745
Dinwiddie County Sheriff's Office,2022,Virginia,28021,VA02700,10051,8585868,7005000,3500003,100001,7066508,26267431,11915543,704001,610009,18609,6810000,6156126,7017400,861023,140715,417000,21420873,6701425,3500004,150014,10351443,17,3200040,344,300000,4538032,2015437,12,5200011,9500020,4000100,2006900,420,321768,1000559005,1441500492,630488148,10567808,36,69758025,427063946,394780003,1004722669,542135601,11156360,833162,11707986,1060502,3383781,104116,548805305,97869464,597322075,251961548,208233,389760277,10596,156383812,1330414920,984940962,815439162,425058939,208293073,29172944,239486757,521057599,203406865,1140844554,1030839208,1147060,28,187415656,797028396,691853075,728814369,1371217804,270716676,113642983,1783526461,1061987,151569450,1324516124,895402592,1118428303,118531278,106511,685989346,10411749,734790971,1461817524,1,1.04116338383745
Dinwiddie County Sheriff's Office,2021,Virginia,28717,VA02700,3000038,4104194,2549016,6000035,100000,9430013,25183296,4074775,390002,50351,80872,6320000,29136,2514800,14910,4924993,114001,13998712,2760003,12677503,100013,15537519,5000713,2,0,300010,7294070,4000710,153,5400010,600017,8000100,2003300,27,2395516,1151811010,1089339123,449879703,11807099,11357417,51726375,990457098,1465204744,640956801,558421454,136548329,3375012,124243290,899874776,456541493,224898,770287371,624090640,747897104,506018529,224907,496084198,404881,112771406,1288857687,564154682,243113788,844715475,579122456,168672849,1127895943,225215354,169460438,587701528,955840877,116890,13099134,9002632,1548529296,757903307,719674161,365471986,281122780,169561184,817545543,1591147,88540881,764657054,730920141,1613363300,203817534,11360633,577729040,1068279,366099211,1193079499,1,1.12448560525052
Dinwiddie County Sheriff's Office,2021,Virginia,28717,VA02700,3000038,4104194,2549016,6000035,100000,9430013,25183296,4074775,390002,50351,80872,6320000,29136,2514800,14910,4924993,114001,13998712,2760003,12677503,100013,15537519,5000713,2,0,300010,7294070,4000710,153,5400010,600017,8000100,2003300,27,2395516,1151811010,1089339123,449879703,11807099,11357417,51726375,990457098,1465204744,640956801,558421454,136548329,3375012,124243290,899874776,456541493,224898,770287371,624090640,747897104,506018529,224907,496084198,404881,112771406,1288857687,564154682,243113788,844715475,579122456,168672849,1127895943,225215354,169460438,587701528,955840877,116890,13099134,9002632,1548529296,757903307,719674161,365471986,281122780,169561184,817545543,1591147,88540881,764657054,730920141,1613363300,203817534,11360633,577729040,1068279,366099211,1193079499,1,1.12448560525052
Dinwiddie County Sheriff's Office,2020,Virginia,28574,VA02700,4390093,3320671,7530074,3600000,9110002,5137109,33087949,3408861,10000,15,70642,3950000,112207,7044300,57520,127953,130000,11492622,2473315,6500000,229360,9202675,56,8000011,6220000,130000,7314015,5006219,57,3600010,200016,6001610,1368800,322,5328498,1766441264,1417764407,354542906,12431241,118,254317734,605283,353269171,859438019,1031090928,3889243,157,129788091,1177766939,591783942,117848966,502746611,241387896,817291645,1038095186,2119162,1440024713,495672,161056339,743555708,2256321011,580650452,626641177,211927996,151873390,11790355,707565194,247824650,44149360,270792437,119026,11773125,2355,474618876,1110617615,470927295,238996590,1059616793,118354033,2108591564,1089014,38788922,1100808398,153056492,2211877937,159198538,11890855,1027956256,176603,539562835,1804834402,1,1.17731235192711
Dinwiddie County Sheriff's Office,2020,Virginia,28574,VA02700,4390093,3320671,7530074,3600000,9110002,5137109,33087949,3408861,10000,15,70642,3950000,112207,7044300,57520,127953,130000,11492622,2473315,6500000,229360,9202675,56,8000011,6220000,130000,7314015,5006219,57,3600010,200016,6001610,1368800,322,5328498,1766441264,1417764407,354542906,12431241,118,254317734,605283,353269171,859438019,1031090928,3889243,157,129788091,1177766939,591783942,117848966,502746611,241387896,817291645,1038095186,2119162,1440024713,495672,161056339,743555708,2256321011,580650452,626641177,211927996,151873390,11790355,707565194,247824650,44149360,270792437,119026,11773125,2355,474618876,1110617615,470927295,238996590,1059616793,118354033,2108591564,1089014,38788922,1100808398,153056492,2211877937,159198538,11890855,1027956256,176603,539562835,1804834402,1,1.17731235192711
Dinwiddie County Sheriff's Office,2019,Virginia,28425,VA02700,8960036,2638,2915400,11300001,100002,9013511,32291588,3944153,730000,300000,48566,8840000,6874507,8034000,201,47051,61501,23905826,3811500,6,953007,4764513,7500020,53,5000150,600000,11130006,9100900,201043,13800011,800021,1000100,0,138,208000,1047863862,1771439666,482430098,12980280,171654242,147787637,715244931,1519567049,262204264,1352743212,358194053,536326171,185062256,1073317826,364743494,476746,17538,409039152,823322831,709440100,238367,1155111883,739173,107265321,844309284,1659154445,887084079,1025266032,1311030961,56016275,1958202229,924066,354810116,1193444753,786625133,125178,858160,196652856,560282362,428727079,1048820002,1143052863,858146170,16322187,1185910811,241023700,137460351,958235778,333718705,1142196981,136489029,127395,1096064058,3051101,47918,1989175990,1,1.19183549339627
Dinwiddie County Sheriff's Office,2019,Virginia,28425,VA02700,8960036,2638,2915400,11300001,100002,9013511,32291588,3944153,730000,300000,48566,8840000,6874507,8034000,201,47051,61501,23905826,3811500,6,953007,4764513,7500020,53,5000150,600000,11130006,9100900,201043,13800011,800021,1000100,0,138,208000,1047863862,1771439666,482430098,12980280,171654242,147787637,715244931,1519567049,262204264,1352743212,358194053,536326171,185062256,1073317826,364743494,476746,17538,409039152,823322831,709440100,238367,1155111883,739173,107265321,844309284,1659154445,887084079,1025266032,1311030961,56016275,1958202229,924066,354810116,1193444753,786625133,125178,858160,196652856,560282362,428727079,1048820002,1143052863,858146170,16322187,1185910811,241023700,137460351,958235778,333718705,1142196981,136489029,127395,1096064058,3051101,47918,1989175990,1,1.19183549339627
Dinwiddie County Sheriff's Office,2018,Virginia,28162,VA02700,23,14,0,7,3,0,47,13,2,11,0,1,0,0,0,2,1,4,73,47,116,236,3,3,0,0,0,1,0,6,223,0,0,0,0,14474,2813145,0,1984,4953,0,2834556,396612,0,0,0,408,0,0,0,170,201,779,1510,5884,222092,229486,3858046,595,522,0,0,0,1,0,256,228112,26009,3444,26355,18585,11008,0,0,395823,2930290,5172,45264,3461949,722,113,25,4553,0,0,0,330661,2827221,136,4137,3167568,1,1.21343405628813
Dinwiddie County Sheriff's Office,2018,Virginia,28162,VA02700,23,14,0,7,3,0,47,13,2,11,0,1,0,0,0,2,1,4,73,47,116,236,3,3,0,0,0,1,0,6,223,0,0,0,0,14474,2813145,0,1984,4953,0,2834556,396612,0,0,0,408,0,0,0,170,201,779,1510,5884,222092,229486,3858046,595,522,0,0,0,1,0,256,228112,26009,3444,26355,18585,11008,0,0,395823,2930290,5172,45264,3461949,722,113,25,4553,0,0,0,330661,2827221,136,4137,3167568,1,1.21343405628813
Dinwiddie County Sheriff's Office,2017,Virginia,28130,VA02700,17,11,0,3,22,0,53,15,0,5,0,2,0,1,0,0,1,4,70,33,99,202,17,5,0,0,0,3,0,5,172,0,0,5,0,2071,34956,0,17550,49178,0,103756,77537,0,0,0,0,0,1,0,0,249,250,1122,4785,143154,149061,330603,3524,2670,0,0,0,155,0,262,142697,35491,1733,18852,20355,13520,0,0,77530,145223,2650,15496,330851,5135,75,249,2486,0,0,0,4602,23750,0,497,36794,1,1.24307319386626
Dinwiddie County Sheriff's Office,2017,Virginia,28130,VA02700,17,11,0,3,22,0,53,15,0,5,0,2,0,1,0,0,1,4,70,33,99,202,17,5,0,0,0,3,0,5,172,0,0,5,0,2071,34956,0,17550,49178,0,103756,77537,0,0,0,0,0,1,0,0,249,250,1122,4785,143154,149061,330603,3524,2670,0,0,0,155,0,262,142697,35491,1733,18852,20355,13520,0,0,77530,145223,2650,15496,330851,5135,75,249,2486,0,0,0,4602,23750,0,497,36794,1,1.24307319386626
Dinwiddie County Sheriff's Office,2016,Virginia,27665,VA02700,32,19,0,5,6,0,62,32,0,0,0,5,0,0,0,2,1,8,53,44,127,224,14,7,0,0,0,3,0,8,192,0,0,11,0,21614,47884,0,42230,9628,0,121356,302649,0,0,0,6899,0,0,0,927,1866,9692,854,5883,250352,257089,690786,1459,1333,0,0,0,2666,0,441,251191,30114,3732,117043,23517,2901,0,25,303283,161430,1955,46786,690786,1861,27,29,508,444,0,25,103462,25956,99,8026,140438,1,1.26955202032162
Dinwiddie County Sheriff's Office,2016,Virginia,27665,VA02700,32,19,0,5,6,0,62,32,0,0,0,5,0,0,0,2,1,8,53,44,127,224,14,7,0,0,0,3,0,8,192,0,0,11,0,21614,47884,0,42230,9628,0,121356,302649,0,0,0,6899,0,0,0,927,1866,9692,854,5883,250352,257089,690786,1459,1333,0,0,0,2666,0,441,251191,30114,3732,117043,23517,2901,0,25,303283,161430,1955,46786,690786,1861,27,29,508,444,0,25,103462,25956,99,8026,140438,1,1.26955202032162
Dinwiddie County Sheriff's Office,2015,Virginia,27751,VA02700,37,15,0,9,34,0,95,18,1,5,0,0,0,1,0,0,0,1,66,31,133,230,7,6,0,0,0,4,0,6,207,0,0,6,0,17169,82634,0,10979,6416,0,117198,149254,0,0,0,0,0,77,0,0,0,77,1121,3814,305955,310890,577420,8739,978,0,0,0,989,0,64,300120,99638,953,13662,16382,25306,0,0,149254,205862,11772,54590,577420,9950,117,257,3792,45,0,0,44352,35339,3210,2974,100037,1,1.28556847539769
Dinwiddie County Sheriff's Office,2015,Virginia,27751,VA02700,37,15,0,9,34,0,95,18,1,5,0,0,0,1,0,0,0,1,66,31,133,230,7,6,0,0,0,4,0,6,207,0,0,6,0,17169,82634,0,10979,6416,0,117198,149254,0,0,0,0,0,77,0,0,0,77,1121,3814,305955,310890,577420,8739,978,0,0,0,989,0,64,300120,99638,953,13662,16382,25306,0,0,149254,205862,11772,54590,577420,9950,117,257,3792,45,0,0,44352,35339,3210,2974,100037,1,1.28556847539769
Dinwiddie County Sheriff's Office,2014,Virginia,27896,VA02700,42,19,0,5,12,0,78,15,1,11,0,0,0,2,1,0,0,3,82,48,132,262,29,4,0,2,0,3,0,7,217,0,0,3,0,41116,116611,0,12438,4927,0,175092,184802,0,0,0,0,0,131,1030,0,0,1161,1485,6701,301538,309724,670779,15812,1028,0,1377,0,7833,0,116,284240,53349,2198,36829,23670,1635,87981,0,184802,233313,16413,31274,671463,171,169,515,1158,0,4994,0,90097,4500,1212,37,102853,1,1.28709350845562
Dinwiddie County Sheriff's Office,2014,Virginia,27896,VA02700,42,19,0,5,12,0,78,15,1,11,0,0,0,2,1,0,0,3,82,48,132,262,29,4,0,2,0,3,0,7,217,0,0,3,0,41116,116611,0,12438,4927,0,175092,184802,0,0,0,0,0,131,1030,0,0,1161,1485,6701,301538,309724,670779,15812,1028,0,1377,0,7833,0,116,284240,53349,2198,36829,23670,1635,87981,0,184802,233313,16413,31274,671463,171,169,515,1158,0,4994,0,90097,4500,1212,37,102853,1,1.28709350845562
Dinwiddie County Sheriff's Office,2013,Virginia,28058,VA02700,70,19,0,4,11,0,104,19,4,10,0,1,0,0,3,0,2,6,62,52,152,266,36,0,1,1,0,9,0,1,218,0,0,7,0,15187,126175,0,14520,9156,0,165037,73457,0,0,0,0,0,0,10238,0,184,10422,973,7542,293474,301989,550905,18729,0,146,1570,0,11940,0,47,271571,4077,6590,63621,26288,25031,63341,1308,82925,215032,20761,43945,552919,0,67,2233,3151,0,18704,0,37539,16287,2655,1537,82172,1,1.30797303509051
Dinwiddie County Sheriff's Office,2013,Virginia,28058,VA02700,70,19,0,4,11,0,104,19,4,10,0,1,0,0,3,0,2,6,62,52,152,266,36,0,1,1,0,9,0,1,218,0,0,7,0,15187,126175,0,14520,9156,0,165037,73457,0,0,0,0,0,0,10238,0,184,10422,973,7542,293474,301989,550905,18729,0,146,1570,0,11940,0,47,271571,4077,6590,63621,26288,25031,63341,1308,82925,215032,20761,43945,552919,0,67,2233,3151,0,18704,0,37539,16287,2655,1537,82172,1,1.30797303509051
Dinwiddie County Sheriff's Office,2012,Virginia,28226,VA02700,54,41,0,4,12,0,111,32,2,9,0,2,0,0,0,1,3,6,66,50,164,280,18,2,0,1,0,14,0,3,242,0,0,14,0,173293,262472,0,65785,21189,0,522739,226397,0,0,0,4346,0,0,0,80,53085,57511,1275,7086,428893,437254,1243902,10946,333,0,1214,0,9213,0,146,415849,14657,5675,154641,92658,13254,116302,0,253484,412679,74155,106845,1244349,479,0,1,5646,0,299,0,71734,43965,0,5355,127479,1,1.32713265123532
Dinwiddie County Sheriff's Office,2012,Virginia,28226,VA02700,54,41,0,4,12,0,111,32,2,9,0,2,0,0,0,1,3,6,66,50,164,280,18,2,0,1,0,14,0,3,242,0,0,14,0,173293,262472,0,65785,21189,0,522739,226397,0,0,0,4346,0,0,0,80,53085,57511,1275,7086,428893,437254,1243902,10946,333,0,1214,0,9213,0,146,415849,14657,5675,154641,92658,13254,116302,0,253484,412679,74155,106845,1244349,479,0,1,5646,0,299,0,71734,43965,0,5355,127479,1,1.32713265123532
Dinwiddie County Sheriff's Office,2011,Virginia,28335,VA02700,65,45,0,6,13,0,129,31,1,7,0,0,0,1,1,0,4,6,82,40,151,273,30,2,0,0,0,39,0,3,199,0,0,14,0,132573,279407,0,20696,4161,0,436837,91546,0,0,0,0,0,14,443,0,1975,2431,1342,5380,280714,287437,818252,21472,677,0,0,0,23202,0,225,243352,4841,5725,70397,32468,7121,158795,0,87645,314190,33450,105108,819742,176,526,252,2505,1626,10299,0,47278,31005,3034,12476,109176,1,1.35459550174677
Dinwiddie County Sheriff's Office,2011,Virginia,28335,VA02700,65,45,0,6,13,0,129,31,1,7,0,0,0,1,1,0,4,6,82,40,151,273,30,2,0,0,0,39,0,3,199,0,0,14,0,132573,279407,0,20696,4161,0,436837,91546,0,0,0,0,0,14,443,0,1975,2431,1342,5380,280714,287437,818252,21472,677,0,0,0,23202,0,225,243352,4841,5725,70397,32468,7121,158795,0,87645,314190,33450,105108,819742,176,526,252,2505,1626,10299,0,47278,31005,3034,12476,109176,1,1.35459550174677
Dinwiddie County Sheriff's Office,2010,Virginia,28001,VA02700,79,37,0,7,14,0,137,54,1,9,2,2,0,2,2,0,0,8,104,43,135,282,38,1,0,0,0,30,0,4,209,0,0,18,0,70771,495091,0,66369,9580,0,641811,284188,0,0,8541,1958,0,57,5939,0,0,16494,1403,6386,335411,343199,1285692,15444,140,0,0,0,31970,0,131,295515,14593,5922,48758,64151,3095,232737,0,278783,374988,100343,162323,1285692,140,112,4642,9160,0,1069,0,177467,34847,9881,15219,252536,1,1.3973579356326
Dinwiddie County Sheriff's Office,2010,Virginia,28001,VA02700,79,37,0,7,14,0,137,54,1,9,2,2,0,2,2,0,0,8,104,43,135,282,38,1,0,0,0,30,0,4,209,0,0,18,0,70771,495091,0,66369,9580,0,641811,284188,0,0,8541,1958,0,57,5939,0,0,16494,1403,6386,335411,343199,1285692,15444,140,0,0,0,31970,0,131,295515,14593,5922,48758,64151,3095,232737,0,278783,374988,100343,162323,1285692,140,112,4642,9160,0,1069,0,177467,34847,9881,15219,252536,1,1.3973579356326
Dinwiddie County Sheriff's Office,2009,Virginia,26346,VA02700,68,41,0,11,8,0,128,41,3,8,4,2,0,1,1,2,1,11,98,59,147,304,33,2,0,27,17,6,1,17,201,0,0,13,0,90321,375261,0,2414,142535,0,610531,196998,0,0,42439,13778,0,145,57,13778,426,70623,1544,8627,465019,475190,1353342,20852,156,0,19189,90195,5174,1,516,339248,11899,1710,128311,75600,13521,112098,0,332279,448128,185553,44385,1353484,3,72,19696,0,966,15921,0,51850,16298,2912,426,108144,1,1.42027521282265
Dinwiddie County Sheriff's Office,2009,Virginia,26346,VA02700,68,41,0,11,8,0,128,41,3,8,4,2,0,1,1,2,1,11,98,59,147,304,33,2,0,27,17,6,1,17,201,0,0,13,0,90321,375261,0,2414,142535,0,610531,196998,0,0,42439,13778,0,145,57,13778,426,70623,1544,8627,465019,475190,1353342,20852,156,0,19189,90195,5174,1,516,339248,11899,1710,128311,75600,13521,112098,0,332279,448128,185553,44385,1353484,3,72,19696,0,966,15921,0,51850,16298,2912,426,108144,1,1.42027521282265
Dinwiddie County Sheriff's Office,2008,Virginia,25794,VA02700,59,42,1,14,13,0,129,50,0,10,1,0,0,1,3,0,3,8,78,69,169,316,58,0,1,24,12,0,0,8,213,0,0,19,0,39904,118539,0,64352,28743,0,251538,311910,0,0,1644,0,0,751,144,0,914,3455,1618,11545,394930,408093,974996,45221,0,1,14529,16752,0,0,459,331132,17269,50910,53708,52484,11980,48411,0,311202,382871,26558,19604,974996,0,0,57,3326,0,1,0,141143,10706,425,0,155658,1,1.41522547733228
Dinwiddie County Sheriff's Office,2008,Virginia,25794,VA02700,59,42,1,14,13,0,129,50,0,10,1,0,0,1,3,0,3,8,78,69,169,316,58,0,1,24,12,0,0,8,213,0,0,19,0,39904,118539,0,64352,28743,0,251538,311910,0,0,1644,0,0,751,144,0,914,3455,1618,11545,394930,408093,974996,45221,0,1,14529,16752,0,0,459,331132,17269,50910,53708,52484,11980,48411,0,311202,382871,26558,19604,974996,0,0,57,3326,0,1,0,141143,10706,425,0,155658,1,1.41522547733228
Dinwiddie County Sheriff's Office,2007,Virginia,25311,VA02700,44,33,1,14,3,0,95,46,5,12,2,5,0,1,1,0,5,14,57,69,143,269,23,3,0,28,15,0,0,9,191,0,0,20,0,40733,78138,0,73845,36554,0,229270,539767,0,0,8300,3571,0,184,0,0,713,12768,1556,10715,314168,326439,1108243,3888,1580,0,21417,20999,0,0,425,278130,3552,16269,42982,25860,3556,108633,0,515962,326004,32861,32565,1108243,37,119,2253,2131,0,3821,0,256733,28022,1984,1617,296715,1,1.46955740283082
Dinwiddie County Sheriff's Office,2007,Virginia,25311,VA02700,44,33,1,14,3,0,95,46,5,12,2,5,0,1,1,0,5,14,57,69,143,269,23,3,0,28,15,0,0,9,191,0,0,20,0,40733,78138,0,73845,36554,0,229270,539767,0,0,8300,3571,0,184,0,0,713,12768,1556,10715,314168,326439,1108243,3888,1580,0,21417,20999,0,0,425,278130,3552,16269,42982,25860,3556,108633,0,515962,326004,32861,32565,1108243,37,119,2253,2131,0,3821,0,256733,28022,1984,1617,296715,1,1.46955740283082
Dinwiddie County Sheriff's Office,2006,Virginia,25158,VA02700,38,23,1,8,5,0,75,48,3,1,1,3,2,3,2,1,1,13,73,51,125,249,35,3,4,31,8,0,0,8,160,0,0,19,0,95841,72593,453,2237,11292,0,182417,457803,0,0,8547,2408,2121,6546,1511,12787,7557,41478,2024,7576,279510,289110,970808,34427,756,719,13251,40039,0,0,240,199677,1028,2007,91884,21194,28785,60006,2154,471947,231209,17471,43122,970808,0,63,30612,2530,0,0,0,193692,13612,756,5988,247254,1,1.51147906246125
Dinwiddie County Sheriff's Office,2006,Virginia,25158,VA02700,38,23,1,8,5,0,75,48,3,1,1,3,2,3,2,1,1,13,73,51,125,249,35,3,4,31,8,0,0,8,160,0,0,19,0,95841,72593,453,2237,11292,0,182417,457803,0,0,8547,2408,2121,6546,1511,12787,7557,41478,2024,7576,279510,289110,970808,34427,756,719,13251,40039,0,0,240,199677,1028,2007,91884,21194,28785,60006,2154,471947,231209,17471,43122,970808,0,63,30612,2530,0,0,0,193692,13612,756,5988,247254,1,1.51147906246125
Dinwiddie County Sheriff's Office,2005,Virginia,25048,VA02700,0,0,0,0,0,0,0,0,0,0,0,0,0,0,0,0,0,0,0,0,0,0,0,0,0,0,0,0,0,0,0,0,0,0,0,0,0,0,0,0,0,0,0,0,0,0,0,0,0,0,0,0,0,0,0,0,0,0,0,0,0,0,0,0,0,0,0,0,0,0,0,0,0,0,0,0,0,0,0,0,0,0,0,0,0,0,0,0,0,0,0,1,1.56023853211009
Dinwiddie County Sheriff's Office,2005,Virginia,25048,VA02700,0,0,0,0,0,0,0,0,0,0,0,0,0,0,0,0,0,0,0,0,0,0,0,0,0,0,0,0,0,0,0,0,0,0,0,0,0,0,0,0,0,0,0,0,0,0,0,0,0,0,0,0,0,0,0,0,0,0,0,0,0,0,0,0,0,0,0,0,0,0,0,0,0,0,0,0,0,0,0,0,0,0,0,0,0,0,0,0,0,0,0,1,1.56023853211009
Dinwiddie County Sheriff's Office,2004,Virginia,24616,VA02700,16,20,0,9,3,0,48,55,4,6,0,0,1,0,1,2,1,5,236,74,179,489,30,8,1,30,10,0,0,11,399,0,0,28,0,42278,19313,0,18390,31399,0,111380,558766,0,2,0,0,113,0,121,807,484,1524,6433,11967,357069,375469,1047142,8371,1807,276,23052,48736,0,0,631,292597,4307,5040,47314,13586,80628,21500,11405,558306,251002,14564,39489,1047142,16,16,1089,1210,2565,1613,0,335234,24641,5807,1403,373595,1,1.61317347569046
Dinwiddie County Sheriff's Office,2004,Virginia,24616,VA02700,16,20,0,9,3,0,48,55,4,6,0,0,1,0,1,2,1,5,236,74,179,489,30,8,1,30,10,0,0,11,399,0,0,28,0,42278,19313,0,18390,31399,0,111380,558766,0,2,0,0,113,0,121,807,484,1524,6433,11967,357069,375469,1047142,8371,1807,276,23052,48736,0,0,631,292597,4307,5040,47314,13586,80628,21500,11405,558306,251002,14564,39489,1047142,16,16,1089,1210,2565,1613,0,335234,24641,5807,1403,373595,1,1.61317347569046
Dinwiddie County Sheriff's Office,2003,Virginia,24576,VA02700,28,20,0,11,8,0,67,22,2,5,1,0,0,1,0,1,0,3,292,89,155,536,18,10,4,30,20,0,2,5,447,0,0,12,0,34982,51309,0,11214,56442,0,153947,257067,0,0,3937,0,0,7485,0,414,0,11836,7169,15270,451316,473754,896605,9700,3303,5466,37333,26773,0,547,230,390403,16762,7979,94982,22980,19686,6261,0,260041,431809,11724,24382,896605,0,141,298,1656,149,0,0,105345,38298,414,1756,148057,1,1.65636194790487
Dinwiddie County Sheriff's Office,2003,Virginia,24576,VA02700,28,20,0,11,8,0,67,22,2,5,1,0,0,1,0,1,0,3,292,89,155,536,18,10,4,30,20,0,2,5,447,0,0,12,0,34982,51309,0,11214,56442,0,153947,257067,0,0,3937,0,0,7485,0,414,0,11836,7169,15270,451316,473754,896605,9700,3303,5466,37333,26773,0,547,230,390403,16762,7979,94982,22980,19686,6261,0,260041,431809,11724,24382,896605,0,141,298,1656,149,0,0,105345,38298,414,1756,148057,1,1.65636194790487
Dinwiddie County Sheriff's Office,2002,Virginia,24824,VA02700,42,21,0,14,13,0,90,30,3,6,1,0,3,0,1,2,1,8,290,86,139,515,12,10,3,27,14,0,1,4,444,0,0,17,0,41685,76891,0,7609,26123,0,152308,273097,0,0,18939,0,3105,0,508,26341,369,49262,7128,15779,406810,429718,904385,9674,2888,363,123321,17324,0,847,129,275172,4574,27632,58606,129531,17760,43133,6996,296728,284692,6588,28145,904385,0,7,3423,1186,423,2964,5302,200315,12539,0,0,226159,1,1.69396293722493
Dinwiddie County Sheriff's Office,2002,Virginia,24824,VA02700,42,21,0,14,13,0,90,30,3,6,1,0,3,0,1,2,1,8,290,86,139,515,12,10,3,27,14,0,1,4,444,0,0,17,0,41685,76891,0,7609,26123,0,152308,273097,0,0,18939,0,3105,0,508,26341,369,49262,7128,15779,406810,429718,904385,9674,2888,363,123321,17324,0,847,129,275172,4574,27632,58606,129531,17760,43133,6996,296728,284692,6588,28145,904385,0,7,3423,1186,423,2964,5302,200315,12539,0,0,226159,1,1.69396293722493
Dinwiddie County Sheriff's Office,2001,Virginia,24464,VA02700,60,33,0,17,17,0,127,31,4,6,1,0,3,2,0,0,2,8,304,97,171,572,17,15,6,46,23,0,1,10,454,0,0,18,0,26225,183864,0,9268,13261,0,232618,391222,0,0,1721,0,9981,16692,0,0,396,28789,8126,17738,686236,712100,1364730,3918,4447,1781,35497,32918,0,1304,339,631896,1291,16406,104349,20507,97838,66421,5679,405944,607837,9747,28712,1364730,0,3481,3495,5111,17570,6711,860,249004,333431,172,3027,622863,1,1.7208297251506
Dinwiddie County Sheriff's Office,2001,Virginia,24464,VA02700,60,33,0,17,17,0,127,31,4,6,1,0,3,2,0,0,2,8,304,97,171,572,17,15,6,46,23,0,1,10,454,0,0,18,0,26225,183864,0,9268,13261,0,232618,391222,0,0,1721,0,9981,16692,0,0,396,28789,8126,17738,686236,712100,1364730,3918,4447,1781,35497,32918,0,1304,339,631896,1291,16406,104349,20507,97838,66421,5679,405944,607837,9747,28712,1364730,0,3481,3495,5111,17570,6711,860,249004,333431,172,3027,622863,1,1.7208297251506
Dinwiddie County Sheriff's Office,2000,Virginia,24092,VA02700,37,27,0,13,9,0,86,40,2,11,2,1,4,0,2,2,3,14,217,72,143,432,13,10,7,32,15,1,0,11,343,0,0,20,0,112097,156879,0,7777,30541,0,307294,439535,0,0,40365,416,2817,0,2417,177,6699,52891,5998,13559,569226,588784,1388503,24118,4760,382,19652,43888,177,0,948,494859,3270,13834,121815,14363,197638,26871,2123,469978,461412,44705,32493,1388503,0,5,24889,1239,4087,0,0,213574,16546,10219,745,271305,1,1.76946331784747
Dinwiddie County Sheriff's Office,2000,Virginia,24092,VA02700,37,27,0,13,9,0,86,40,2,11,2,1,4,0,2,2,3,14,217,72,143,432,13,10,7,32,15,1,0,11,343,0,0,20,0,112097,156879,0,7777,30541,0,307294,439535,0,0,40365,416,2817,0,2417,177,6699,52891,5998,13559,569226,588784,1388503,24118,4760,382,19652,43888,177,0,948,494859,3270,13834,121815,14363,197638,26871,2123,469978,461412,44705,32493,1388503,0,5,24889,1239,4087,0,0,213574,16546,10219,745,271305,1,1.76946331784747
Dinwiddie County Sheriff's Office,1999,Virginia,24532,VA02700,44,14,0,14,9,0,81,34,0,3,0,0,2,1,3,1,2,9,188,86,160,434,4,14,1,51,26,0,1,16,321,0,0,18,0,18347,92619,0,33758,13745,0,158469,291484,0,0,0,0,512,0,5736,1043,110,7401,4531,15825,449778,470134,927487,1163,4910,183,37760,54919,0,311,388,370500,2479,12784,132404,15969,18574,144726,4,313434,230355,19790,36968,927487,0,801,6852,1035,732,40609,0,173501,25362,0,2460,251353,1,1.82921556856271
Dinwiddie County Sheriff's Office,1999,Virginia,24532,VA02700,44,14,0,14,9,0,81,34,0,3,0,0,2,1,3,1,2,9,188,86,160,434,4,14,1,51,26,0,1,16,321,0,0,18,0,18347,92619,0,33758,13745,0,158469,291484,0,0,0,0,512,0,5736,1043,110,7401,4531,15825,449778,470134,927487,1163,4910,183,37760,54919,0,311,388,370500,2479,12784,132404,15969,18574,144726,4,313434,230355,19790,36968,927487,0,801,6852,1035,732,40609,0,173501,25362,0,2460,251353,1,1.82921556856271
Dinwiddie County Sheriff's Office,1998,Virginia,24147,VA02700,52,25,0,16,13,0,106,40,4,7,0,0,2,1,1,3,5,12,202,66,128,396,10,8,1,68,35,0,5,40,229,0,0,18,0,39718,111545,0,18188,25487,0,194937,450610,0,0,0,0,1065,748,174,1750,1720,5456,5350,12730,244311,262391,913394,8458,2823,9,55730,21042,0,551,2120,171658,17649,7879,40772,33015,19694,51727,0,465555,189892,22008,65203,913394,0,243,3034,1510,4299,1215,0,174540,8671,0,1122,194635,1,1.86923930269414
Dinwiddie County Sheriff's Office,1998,Virginia,24147,VA02700,52,25,0,16,13,0,106,40,4,7,0,0,2,1,1,3,5,12,202,66,128,396,10,8,1,68,35,0,5,40,229,0,0,18,0,39718,111545,0,18188,25487,0,194937,450610,0,0,0,0,1065,748,174,1750,1720,5456,5350,12730,244311,262391,913394,8458,2823,9,55730,21042,0,551,2120,171658,17649,7879,40772,33015,19694,51727,0,465555,189892,22008,65203,913394,0,243,3034,1510,4299,1215,0,174540,8671,0,1122,194635,1,1.86923930269414
Dinwiddie County Sheriff's Office,1997,Virginia,24435,VA02700,41,20,7,8,12,4,92,20,1,9,0,2,0,1,2,4,3,12,118,60,117,295,17,12,5,50,51,0,0,24,136,1,2,9,0,22961,130315,8394,22553,7825,962,193011,225883,0,0,0,1270,0,399,4935,1171,1832,9607,3489,12278,194575,210342,638843,17887,3085,569,54279,58176,0,0,955,75391,220,8525,38197,60869,12720,59831,0,227781,165327,14525,50847,638843,114,270,4535,9102,0,0,0,90158,8113,0,4123,116414,1,1.89825511369536
Dinwiddie County Sheriff's Office,1997,Virginia,24435,VA02700,41,20,7,8,12,4,92,20,1,9,0,2,0,1,2,4,3,12,118,60,117,295,17,12,5,50,51,0,0,24,136,1,2,9,0,22961,130315,8394,22553,7825,962,193011,225883,0,0,0,1270,0,399,4935,1171,1832,9607,3489,12278,194575,210342,638843,17887,3085,569,54279,58176,0,0,955,75391,220,8525,38197,60869,12720,59831,0,227781,165327,14525,50847,638843,114,270,4535,9102,0,0,0,90158,8113,0,4123,116414,1,1.89825511369536
Dinwiddie County Sheriff's Office,1996,Virginia,24221,VA02700,22,16,22,1,5,17,83,14,0,2,0,2,0,1,0,2,0,5,82,62,123,267,33,11,3,38,78,1,1,19,83,4,5,9,6,21433,15232,23834,21346,1263,9948,93056,137150,0,0,0,1416,0,78,0,437,0,1931,3046,14958,248437,266441,498578,9513,2875,466,40109,116682,21,474,763,95537,0,398,54941,15720,19005,27964,0,137150,213670,4952,24778,498578,0,146,558,583,1943,155,0,78871,13262,0,291,95809,1,1.94263043247264
Dinwiddie County Sheriff's Office,1996,Virginia,24221,VA02700,22,16,22,1,5,17,83,14,0,2,0,2,0,1,0,2,0,5,82,62,123,267,33,11,3,38,78,1,1,19,83,4,5,9,6,21433,15232,23834,21346,1263,9948,93056,137150,0,0,0,1416,0,78,0,437,0,1931,3046,14958,248437,266441,498578,9513,2875,466,40109,116682,21,474,763,95537,0,398,54941,15720,19005,27964,0,137150,213670,4952,24778,498578,0,146,558,583,1943,155,0,78871,13262,0,291,95809,1,1.94263043247264
Dinwiddie County Sheriff's Office,1995,Virginia,24015,VA02700,22,19,33,3,9,9,95,9,2,4,0,2,1,1,0,5,0,9,56,49,90,195,38,4,2,26,43,0,0,13,69,3,3,6,2,28860,68479,61715,40493,1026,16566,217140,63526,0,0,0,320,558,550,0,12041,0,13469,2304,12045,217700,232048,526184,16888,1820,420,25093,68001,0,0,494,119333,3681,392,46060,24213,45186,57986,0,63526,252446,0,32693,526184,0,124,1684,2899,0,800,0,33993,62833,0,3443,105775,1,1.99957289729848
Dinwiddie County Sheriff's Office,1995,Virginia,24015,VA02700,22,19,33,3,9,9,95,9,2,4,0,2,1,1,0,5,0,9,56,49,90,195,38,4,2,26,43,0,0,13,69,3,3,6,2,28860,68479,61715,40493,1026,16566,217140,63526,0,0,0,320,558,550,0,12041,0,13469,2304,12045,217700,232048,526184,16888,1820,420,25093,68001,0,0,494,119333,3681,392,46060,24213,45186,57986,0,63526,252446,0,32693,526184,0,124,1684,2899,0,800,0,33993,62833,0,3443,105775,1,1.99957289729848
Dinwiddie County Sheriff's Office,1994,Virginia,20431,VA02700,24,20,28,0,7,4,83,11,6,3,0,1,1,0,1,1,1,5,76,49,86,211,36,8,3,22,42,0,0,17,83,7,2,9,6,8328,23400,72362,22614,0,1172,127875,116084,0,0,0,101,312,0,2463,1408,765,5049,2866,12057,220380,235302,484310,15467,2401,95,21770,60632,0,0,1266,133672,1443,541,51114,17736,6617,62550,0,116084,200701,0,27523,484310,103,95,2263,2487,4728,894,0,103801,54198,0,3821,172390,1,2.05566930904593
Dinwiddie County Sheriff's Office,1994,Virginia,20431,VA02700,24,20,28,0,7,4,83,11,6,3,0,1,1,0,1,1,1,5,76,49,86,211,36,8,3,22,42,0,0,17,83,7,2,9,6,8328,23400,72362,22614,0,1172,127875,116084,0,0,0,101,312,0,2463,1408,765,5049,2866,12057,220380,235302,484310,15467,2401,95,21770,60632,0,0,1266,133672,1443,541,51114,17736,6617,62550,0,116084,200701,0,27523,484310,103,95,2263,2487,4728,894,0,103801,54198,0,3821,172390,1,2.05566930904593
Dinwiddie County Sheriff's Office,1993,Virginia,20241,VA02700,30,21,20,3,24,7,105,24,4,6,0,2,1,2,0,3,1,9,77,49,108,234,44,5,6,41,53,0,0,14,71,12,8,20,0,26798,61019,29798,56841,1287,9435,185177,256276,0,0,0,1856,361,8047,0,854,462,11580,3054,14297,196854,214205,667238,29977,17241,2445,35054,59410,0,0,335,69743,3383,629,61247,23468,14162,21449,0,263659,199969,5800,73472,667238,0,0,13063,1529,2761,2019,2141,237082,32297,0,3955,294846,1,2.10926968560715
Dinwiddie County Sheriff's Office,1993,Virginia,20241,VA02700,30,21,20,3,24,7,105,24,4,6,0,2,1,2,0,3,1,9,77,49,108,234,44,5,6,41,53,0,0,14,71,12,8,20,0,26798,61019,29798,56841,1287,9435,185177,256276,0,0,0,1856,361,8047,0,854,462,11580,3054,14297,196854,214205,667238,29977,17241,2445,35054,59410,0,0,335,69743,3383,629,61247,23468,14162,21449,0,263659,199969,5800,73472,667238,0,0,13063,1529,2761,2019,2141,237082,32297,0,3955,294846,1,2.10926968560715
Dinwiddie County Sheriff's Office,1992,Virginia,21203,VA02700,37,32,26,1,30,2,128,13,2,1,1,3,2,0,1,2,2,11,74,59,108,241,41,9,9,34,47,0,0,19,82,5,2,7,4,41624,91912,32404,102650,0,1411,270001,55808,0,0,13366,21893,2932,0,1405,267,6525,46388,2682,15225,177718,195624,567822,29809,2973,2132,34312,46353,0,0,3672,76373,11166,98,84095,30008,5231,67222,0,55808,251567,2389,60238,567822,0,11,1092,10619,651,9804,0,34202,26380,2389,5179,90327,1,2.17152809122224
Dinwiddie County Sheriff's Office,1992,Virginia,21203,VA02700,37,32,26,1,30,2,128,13,2,1,1,3,2,0,1,2,2,11,74,59,108,241,41,9,9,34,47,0,0,19,82,5,2,7,4,41624,91912,32404,102650,0,1411,270001,55808,0,0,13366,21893,2932,0,1405,267,6525,46388,2682,15225,177718,195624,567822,29809,2973,2132,34312,46353,0,0,3672,76373,11166,98,84095,30008,5231,67222,0,55808,251567,2389,60238,567822,0,11,1092,10619,651,9804,0,34202,26380,2389,5179,90327,1,2.17152809122224
Dinwiddie County Sheriff's Office,1991,Virginia,20901,VA02700,31,30,20,1,25,8,115,22,4,4,1,1,0,0,0,3,0,5,53,41,116,210,27,6,1,29,62,0,0,6,79,10,8,18,5,11936,56429,110905,49335,0,9211,237816,275512,0,0,23268,11629,0,0,0,77889,0,112787,1902,11623,228005,241530,867645,19713,2175,45,26494,87700,0,0,2490,102914,4318,1284,165211,23328,26089,50592,24883,275512,219971,22304,54152,867645,112,0,12122,0,671,1119,0,220922,38173,0,5258,278376,1,2.23729976136572
Dinwiddie County Sheriff's Office,1991,Virginia,20901,VA02700,31,30,20,1,25,8,115,22,4,4,1,1,0,0,0,3,0,5,53,41,116,210,27,6,1,29,62,0,0,6,79,10,8,18,5,11936,56429,110905,49335,0,9211,237816,275512,0,0,23268,11629,0,0,0,77889,0,112787,1902,11623,228005,241530,867645,19713,2175,45,26494,87700,0,0,2490,102914,4318,1284,165211,23328,26089,50592,24883,275512,219971,22304,54152,867645,112,0,12122,0,671,1119,0,220922,38173,0,5258,278376,1,2.23729976136572
Dinwiddie County Sheriff's Office,1990,Virginia,20574,VA02700,41,26,21,3,24,13,128,21,5,3,2,2,2,0,0,3,0,9,50,56,81,187,37,3,1,26,46,0,0,0,74,6,9,15,3,17717,49362,64516,20538,641,4564,157339,294771,0,0,41753,20863,548,0,0,599,0,63763,2910,16054,173633,192597,708469,54041,933,198,23612,59693,0,0,0,54120,1847,1756,94702,17061,1458,31385,0,294771,207594,10781,47114,708469,1049,103,17532,2157,175,4373,324,205220,21828,0,5058,257820,1,2.33204860003827
Dinwiddie County Sheriff's Office,1990,Virginia,20574,VA02700,41,26,21,3,24,13,128,21,5,3,2,2,2,0,0,3,0,9,50,56,81,187,37,3,1,26,46,0,0,0,74,6,9,15,3,17717,49362,64516,20538,641,4564,157339,294771,0,0,41753,20863,548,0,0,599,0,63763,2910,16054,173633,192597,708469,54041,933,198,23612,59693,0,0,0,54120,1847,1756,94702,17061,1458,31385,0,294771,207594,10781,47114,708469,1049,103,17532,2157,175,4373,324,205220,21828,0,5058,257820,1,2.33204860003827
Dinwiddie County Sheriff's Office,1989,Virginia,20985,VA02700,48,25,40,6,26,11,156,21,5,8,0,2,0,0,1,2,1,6,52,39,81,172,26,2,2,13,42,0,4,2,81,6,3,9,4,20354,147449,52415,48815,3097,41876,314006,372377,0,0,0,4682,0,0,713,147,74,5616,2640,12044,155184,169868,861866,14369,966,578,18838,46145,0,9254,472,79246,6398,1037,84275,39939,29190,37444,1106,372377,187882,14858,87360,861866,81,877,11056,10576,2704,5511,0,169351,35866,0,12513,248536,1,2.45793156762571
Dinwiddie County Sheriff's Office,1989,Virginia,20985,VA02700,48,25,40,6,26,11,156,21,5,8,0,2,0,0,1,2,1,6,52,39,81,172,26,2,2,13,42,0,4,2,81,6,3,9,4,20354,147449,52415,48815,3097,41876,314006,372377,0,0,0,4682,0,0,713,147,74,5616,2640,12044,155184,169868,861866,14369,966,578,18838,46145,0,9254,472,79246,6398,1037,84275,39939,29190,37444,1106,372377,187882,14858,87360,861866,81,877,11056,10576,2704,5511,0,169351,35866,0,12513,248536,1,2.45793156762571
Dinwiddie County Sheriff's Office,1988,Virginia,20944,VA02700,30,19,25,3,14,6,97,9,2,4,0,1,2,0,0,0,0,3,37,37,92,166,30,4,0,18,41,0,0,4,69,5,4,9,4,8835,24346,69251,134386,167,18822,255808,131380,0,0,0,451,1342,0,0,0,0,1793,1791,10482,159529,171801,560781,20275,1688,0,13074,72389,0,0,564,63811,407,23,125276,15807,5053,58084,0,131380,193457,90,31205,560781,0,10,52,0,0,22468,2239,131380,6127,0,1546,163821,1,2.57657599887252
Dinwiddie County Sheriff's Office,1988,Virginia,20944,VA02700,30,19,25,3,14,6,97,9,2,4,0,1,2,0,0,0,0,3,37,37,92,166,30,4,0,18,41,0,0,4,69,5,4,9,4,8835,24346,69251,134386,167,18822,255808,131380,0,0,0,451,1342,0,0,0,0,1793,1791,10482,159529,171801,560781,20275,1688,0,13074,72389,0,0,564,63811,407,23,125276,15807,5053,58084,0,131380,193457,90,31205,560781,0,10,52,0,0,22468,2239,131380,6127,0,1546,163821,1,2.57657599887252
Dinwiddie County Sheriff's Office,1987,Virginia,21140,VA02700,36,22,12,1,15,3,89,12,0,5,0,0,2,0,0,0,0,2,38,44,35,117,24,3,6,18,19,0,0,2,45,9,1,10,2,25422,56205,8233,18133,67,751,108810,183558,0,0,0,0,2751,0,0,0,0,2751,1676,13875,112390,127941,423061,23727,1097,5677,14985,54622,0,0,16,27817,3178,306,29865,12875,2338,8230,0,183558,148225,8045,26441,423061,1435,0,979,1730,0,2384,3175,181016,27412,0,5910,224040,1,2.68164209754309
Dinwiddie County Sheriff's Office,1987,Virginia,21140,VA02700,36,22,12,1,15,3,89,12,0,5,0,0,2,0,0,0,0,2,38,44,35,117,24,3,6,18,19,0,0,2,45,9,1,10,2,25422,56205,8233,18133,67,751,108810,183558,0,0,0,0,2751,0,0,0,0,2751,1676,13875,112390,127941,423061,23727,1097,5677,14985,54622,0,0,16,27817,3178,306,29865,12875,2338,8230,0,183558,148225,8045,26441,423061,1435,0,979,1730,0,2384,3175,181016,27412,0,5910,224040,1,2.68164209754309
Dinwiddie County Sheriff's Office,1986,Virginia,21551,VA02700,35,20,12,9,23,8,107,11,1,7,0,2,4,1,1,0,0,8,40,34,60,134,20,5,1,19,15,0,1,1,72,4,0,4,0,20805,124287,38727,27944,6413,3408,221584,94517,133436,0,0,5029,2877,0,417,0,0,8323,2046,10108,114282,126436,584296,18895,1640,28,13271,15270,0,242,56,77034,9446,1012,166119,13510,17358,64538,1668,97297,176611,2032,34704,584296,0,0,5251,834,0,0,0,55320,28252,278,2002,91937,1,2.7799125674751
Dinwiddie County Sheriff's Office,1986,Virginia,21551,VA02700,35,20,12,9,23,8,107,11,1,7,0,2,4,1,1,0,0,8,40,34,60,134,20,5,1,19,15,0,1,1,72,4,0,4,0,20805,124287,38727,27944,6413,3408,221584,94517,133436,0,0,5029,2877,0,417,0,0,8323,2046,10108,114282,126436,584296,18895,1640,28,13271,15270,0,242,56,77034,9446,1012,166119,13510,17358,64538,1668,97297,176611,2032,34704,584296,0,0,5251,834,0,0,0,55320,28252,278,2002,91937,1,2.7799125674751
Dinwiddie County Sheriff's Office,1985,Virginia,21206,VA02700,24,17,13,0,19,5,78,8,3,6,0,1,1,3,1,4,1,11,29,34,51,114,14,1,2,13,11,0,3,4,66,6,0,6,1,6801,30924,15129,22885,0,623,76363,66177,1445,246,0,708,850,4374,130,99,79,6240,1527,11761,129368,142656,293128,23041,57,1161,11546,15840,0,552,99,90360,572,501,35581,6303,7507,35760,3428,66177,129380,0,7920,293128,0,0,1292,0,0,1275,0,58240,6181,0,819,67806,1,2.83267663464518
Dinwiddie County Sheriff's Office,1985,Virginia,21206,VA02700,24,17,13,0,19,5,78,8,3,6,0,1,1,3,1,4,1,11,29,34,51,114,14,1,2,13,11,0,3,4,66,6,0,6,1,6801,30924,15129,22885,0,623,76363,66177,1445,246,0,708,850,4374,130,99,79,6240,1527,11761,129368,142656,293128,23041,57,1161,11546,15840,0,552,99,90360,572,501,35581,6303,7507,35760,3428,66177,129380,0,7920,293128,0,0,1292,0,0,1275,0,58240,6181,0,819,67806,1,2.83267663464518
Dinwiddie County Sheriff's Office,1984,Virginia,22140,VA02700,27,15,17,2,19,5,85,3,2,6,2,0,7,0,0,1,2,12,18,29,30,77,11,7,1,6,4,1,0,1,46,0,1,1,0,16836,46686,31414,84741,88,2367,182132,10853,0,0,35872,0,6843,0,0,205,1511,44431,1455,7919,68770,78144,315559,23128,2003,73,1939,4854,117,0,15,46015,0,18338,119425,8189,3872,12287,0,10853,107487,0,35109,315559,0,352,35945,1481,23,440,0,7333,10633,0,88,56295,1,2.9331132680892
Dinwiddie County Sheriff's Office,1984,Virginia,22140,VA02700,27,15,17,2,19,5,85,3,2,6,2,0,7,0,0,1,2,12,18,29,30,77,11,7,1,6,4,1,0,1,46,0,1,1,0,16836,46686,31414,84741,88,2367,182132,10853,0,0,35872,0,6843,0,0,205,1511,44431,1455,7919,68770,78144,315559,23128,2003,73,1939,4854,117,0,15,46015,0,18338,119425,8189,3872,12287,0,10853,107487,0,35109,315559,0,352,35945,1481,23,440,0,7333,10633,0,88,56295,1,2.9331132680892
Dinwiddie County Sheriff's Office,1983,Virginia,22775,VA02700,13,10,18,0,21,6,68,2,1,3,0,0,2,0,0,1,1,4,20,33,49,102,20,8,3,13,13,0,0,4,41,2,0,2,1,8107,42303,16367,56422,0,7801,131000,14378,0,0,0,0,670,0,0,187,1224,2080,1787,11331,97318,110436,257895,13424,4705,2096,8829,30146,0,0,229,51007,636,10022,24092,8563,5583,2631,260,14378,172826,0,18903,257895,0,0,1805,0,0,0,0,14378,7648,0,1315,25147,1,3.05925284471218
Dinwiddie County Sheriff's Office,1983,Virginia,22775,VA02700,13,10,18,0,21,6,68,2,1,3,0,0,2,0,0,1,1,4,20,33,49,102,20,8,3,13,13,0,0,4,41,2,0,2,1,8107,42303,16367,56422,0,7801,131000,14378,0,0,0,0,670,0,0,187,1224,2080,1787,11331,97318,110436,257895,13424,4705,2096,8829,30146,0,0,229,51007,636,10022,24092,8563,5583,2631,260,14378,172826,0,18903,257895,0,0,1805,0,0,0,0,14378,7648,0,1315,25147,1,3.05925284471218
Dinwiddie County Sheriff's Office,1982,Virginia,22533,VA02700,29,21,16,2,20,3,91,6,0,1,1,1,1,0,0,1,0,4,15,37,37,89,12,2,3,24,10,1,1,5,31,4,0,4,0,23435,36116,30991,40792,31733,2444,165511,22845,0,0,2327,3158,145,0,0,616,0,6246,1127,14518,47442,63087,257689,9119,632,2760,17467,8446,85,332,632,23615,3315,2280,22043,14004,11301,3552,0,22845,138063,954,39333,257689,0,0,6713,0,474,316,0,19056,5425,0,0,31983,1,3.15752936096719
Dinwiddie County Sheriff's Office,1982,Virginia,22533,VA02700,29,21,16,2,20,3,91,6,0,1,1,1,1,0,0,1,0,4,15,37,37,89,12,2,3,24,10,1,1,5,31,4,0,4,0,23435,36116,30991,40792,31733,2444,165511,22845,0,0,2327,3158,145,0,0,616,0,6246,1127,14518,47442,63087,257689,9119,632,2760,17467,8446,85,332,632,23615,3315,2280,22043,14004,11301,3552,0,22845,138063,954,39333,257689,0,0,6713,0,474,316,0,19056,5425,0,0,31983,1,3.15752936096719
Dinwiddie County Sheriff's Office,1981,Virginia,22275,VA02700,49,20,12,3,42,9,135,12,2,4,0,0,1,5,1,2,0,9,24,57,79,160,17,9,11,27,28,1,2,0,65,8,1,9,0,21605,66205,6367,52720,64,3318,150278,61158,0,0,0,0,536,52281,5027,3552,0,61396,1836,18984,181809,202629,475462,6846,2560,3793,12292,52619,922,653,0,122943,335,1103,131465,11126,12627,25251,235,63052,196219,720,33330,475462,0,1005,251,2346,0,1763,134,56969,20784,0,2698,85950,1,3.35113096874714
Dinwiddie County Sheriff's Office,1981,Virginia,22275,VA02700,49,20,12,3,42,9,135,12,2,4,0,0,1,5,1,2,0,9,24,57,79,160,17,9,11,27,28,1,2,0,65,8,1,9,0,21605,66205,6367,52720,64,3318,150278,61158,0,0,0,0,536,52281,5027,3552,0,61396,1836,18984,181809,202629,475462,6846,2560,3793,12292,52619,922,653,0,122943,335,1103,131465,11126,12627,25251,235,63052,196219,720,33330,475462,0,1005,251,2346,0,1763,134,56969,20784,0,2698,85950,1,3.35113096874714
Dinwiddie County Sheriff's Office,1980,Virginia,22324,VA02700,42,32,19,0,46,12,151,11,2,2,0,0,3,0,2,2,1,8,29,53,72,154,24,8,5,39,28,1,0,0,49,6,4,10,1,50744,98519,12926,69986,0,2562,234737,105932,0,0,0,0,5746,0,5291,1257,555,12849,2792,20883,141824,165498,519016,14720,3217,1379,33273,42550,1109,0,0,69250,92,2858,47853,16317,11754,86761,924,105932,201042,0,45482,519016,0,0,3590,6042,0,9026,0,83747,11762,0,4622,118788,1,3.69746081504702
Dinwiddie County Sheriff's Office,1980,Virginia,22324,VA02700,42,32,19,0,46,12,151,11,2,2,0,0,3,0,2,2,1,8,29,53,72,154,24,8,5,39,28,1,0,0,49,6,4,10,1,50744,98519,12926,69986,0,2562,234737,105932,0,0,0,0,5746,0,5291,1257,555,12849,2792,20883,141824,165498,519016,14720,3217,1379,33273,42550,1109,0,0,69250,92,2858,47853,16317,11754,86761,924,105932,201042,0,45482,519016,0,0,3590,6042,0,9026,0,83747,11762,0,4622,118788,1,3.69746081504702
Dinwiddie County Sheriff's Office,1979,Virginia,21604,VA02700,36,5,18,1,55,5,120,7,2,1,0,0,0,1,0,2,0,3,20,44,26,90,14,13,4,16,9,1,0,0,33,3,4,7,1,462,64824,30451,81122,84,11315,188258,104961,0,0,0,0,0,252,0,6298,0,6550,1902,18952,66407,87260,387029,8724,5202,5290,7696,9724,680,0,0,49945,600,10517,34259,35909,6004,3758,1889,104961,135912,15450,37769,387029,0,609,1436,9530,0,0,0,104961,45066,0,4786,166388,1,4.19843724882306
Dinwiddie County Sheriff's Office,1979,Virginia,21604,VA02700,36,5,18,1,55,5,120,7,2,1,0,0,0,1,0,2,0,3,20,44,26,90,14,13,4,16,9,1,0,0,33,3,4,7,1,462,64824,30451,81122,84,11315,188258,104961,0,0,0,0,0,252,0,6298,0,6550,1902,18952,66407,87260,387029,8724,5202,5290,7696,9724,680,0,0,49945,600,10517,34259,35909,6004,3758,1889,104961,135912,15450,37769,387029,0,609,1436,9530,0,0,0,104961,45066,0,4786,166388,1,4.19843724882306
Dinwiddie County Sheriff's Office,1978,Virginia,20031,VA02700,27,21,25,2,21,5,101,9,4,4,0,0,3,0,1,1,0,5,23,15,15,53,5,1,5,13,10,0,0,1,18,3,5,8,0,36550,88351,48839,53352,51,2406,229549,116914,0,0,0,0,7992,0,1551,350,0,9893,2153,7436,26835,36424,392780,1588,467,1527,14826,8062,0,0,187,9767,1028,2368,42576,22860,28325,30940,12915,116914,57009,23205,54641,392780,0,0,1971,7006,10668,0,1401,118899,6208,0,5857,152011,1,4.67094915687277
Dinwiddie County Sheriff's Office,1978,Virginia,20031,VA02700,27,21,25,2,21,5,101,9,4,4,0,0,3,0,1,1,0,5,23,15,15,53,5,1,5,13,10,0,0,1,18,3,5,8,0,36550,88351,48839,53352,51,2406,229549,116914,0,0,0,0,7992,0,1551,350,0,9893,2153,7436,26835,36424,392780,1588,467,1527,14826,8062,0,0,187,9767,1028,2368,42576,22860,28325,30940,12915,116914,57009,23205,54641,392780,0,0,1971,7006,10668,0,1401,118899,6208,0,5857,152011,1,4.67094915687277
Dinwiddie County Sheriff's Office,1977,Virginia,20242,VA02700,22,6,26,2,14,30,100,10,2,9,0,2,0,2,0,0,2,6,21,31,9,61,19,11,0,8,2,0,0,0,21,8,1,9,1,25770,51687,76617,11860,171,10135,176240,30541,0,0,0,75,0,0,0,0,156,231,3092,17867,27475,48434,255447,20270,4620,0,12699,352,0,0,0,10492,8969,1262,22975,19803,21246,6033,1005,30541,81982,1005,60625,255447,0,0,0,5978,15,0,0,28028,20260,0,4218,58499,1,5.02738759796508
Dinwiddie County Sheriff's Office,1977,Virginia,20242,VA02700,22,6,26,2,14,30,100,10,2,9,0,2,0,2,0,0,2,6,21,31,9,61,19,11,0,8,2,0,0,0,21,8,1,9,1,25770,51687,76617,11860,171,10135,176240,30541,0,0,0,75,0,0,0,0,156,231,3092,17867,27475,48434,255447,20270,4620,0,12699,352,0,0,0,10492,8969,1262,22975,19803,21246,6033,1005,30541,81982,1005,60625,255447,0,0,0,5978,15,0,0,28028,20260,0,4218,58499,1,5.02738759796508
Dinwiddie County Sheriff's Office,1976,Virginia,23524,VA02700,23,9,5,2,35,4,78,0,2,5,0,0,1,0,0,2,1,4,8,36,28,72,11,2,1,30,15,0,0,0,13,0,0,0,0,22740,32634,6088,47166,996,8192,117815,0,0,0,0,0,1371,0,0,6355,803,8529,589,24812,58827,84228,210572,10816,1285,70,37646,17246,0,0,0,17166,7212,4771,57007,11442,2104,4749,509,0,57483,268,65027,210572,616,16,1001,2249,0,0,1339,0,10334,0,5836,21390,1,5.35425245277493
Dinwiddie County Sheriff's Office,1976,Virginia,23524,VA02700,23,9,5,2,35,4,78,0,2,5,0,0,1,0,0,2,1,4,8,36,28,72,11,2,1,30,15,0,0,0,13,0,0,0,0,22740,32634,6088,47166,996,8192,117815,0,0,0,0,0,1371,0,0,6355,803,8529,589,24812,58827,84228,210572,10816,1285,70,37646,17246,0,0,0,17166,7212,4771,57007,11442,2104,4749,509,0,57483,268,65027,210572,616,16,1001,2249,0,0,1339,0,10334,0,5836,21390,1,5.35425245277493
Dinwiddie County Sheriff's Office,1975,Virginia,21137,VA02700,35,17,7,0,32,1,92,1,5,2,0,1,0,0,1,0,1,3,20,27,29,76,6,9,4,16,18,0,0,2,21,1,0,1,0,46852,81044,34481,124674,0,0,287050,56618,0,0,0,849,0,0,0,0,164,1013,2797,16742,84894,104433,449114,2123,7451,193,23372,43851,0,0,300,27143,3669,13237,68084,20671,14415,15179,13588,56618,138234,16346,89072,449114,0,2452,7972,5577,0,0,13588,56618,8646,11578,8663,115094,1,5.66184422421803
Dinwiddie County Sheriff's Office,1975,Virginia,21137,VA02700,35,17,7,0,32,1,92,1,5,2,0,1,0,0,1,0,1,3,20,27,29,76,6,9,4,16,18,0,0,2,21,1,0,1,0,46852,81044,34481,124674,0,0,287050,56618,0,0,0,849,0,0,0,0,164,1013,2797,16742,84894,104433,449114,2123,7451,193,23372,43851,0,0,300,27143,3669,13237,68084,20671,14415,15179,13588,56618,138234,16346,89072,449114,0,2452,7972,5577,0,0,13588,56618,8646,11578,8663,115094,1,5.66184422421803
Dinwiddie County Sheriff's Office,1974,Virginia,22853,VA02700,0,0,0,0,0,0,0,0,0,0,0,0,0,0,0,0,0,0,0,0,0,0,0,0,0,0,0,0,0,0,0,0,0,0,0,0,0,0,0,0,0,0,0,0,0,0,0,0,0,0,0,0,0,0,0,0,0,0,0,0,0,0,0,0,0,0,0,0,0,0,0,0,0,0,0,0,0,0,0,0,0,0,0,0,0,0,0,0,0,0,0,1,6.17951495690384
Dinwiddie County Sheriff's Office,1974,Virginia,22853,VA02700,0,0,0,0,0,0,0,0,0,0,0,0,0,0,0,0,0,0,0,0,0,0,0,0,0,0,0,0,0,0,0,0,0,0,0,0,0,0,0,0,0,0,0,0,0,0,0,0,0,0,0,0,0,0,0,0,0,0,0,0,0,0,0,0,0,0,0,0,0,0,0,0,0,0,0,0,0,0,0,0,0,0,0,0,0,0,0,0,0,0,0,1,6.17951495690384
Dinwiddie County Sheriff's Office,1973,Virginia,21925,VA02700,0,0,0,0,0,0,0,0,0,0,0,0,0,0,0,0,0,0,0,0,0,0,0,0,0,0,0,0,0,0,0,0,0,0,0,0,0,0,0,0,0,0,0,0,0,0,0,0,0,0,0,0,0,0,0,0,0,0,0,0,0,0,0,0,0,0,0,0,0,0,0,0,0,0,0,0,0,0,0,0,0,0,0,0,0,0,0,0,0,0,0,1,6.86264827327328
Dinwiddie County Sheriff's Office,1973,Virginia,21925,VA02700,0,0,0,0,0,0,0,0,0,0,0,0,0,0,0,0,0,0,0,0,0,0,0,0,0,0,0,0,0,0,0,0,0,0,0,0,0,0,0,0,0,0,0,0,0,0,0,0,0,0,0,0,0,0,0,0,0,0,0,0,0,0,0,0,0,0,0,0,0,0,0,0,0,0,0,0,0,0,0,0,0,0,0,0,0,0,0,0,0,0,0,1,6.86264827327328
Dinwiddie County Sheriff's Office,1972,Virginia,25904,VA02700,0,0,0,0,0,0,0,0,0,0,0,0,0,0,0,0,0,0,0,0,0,0,0,0,0,0,0,0,0,0,0,0,0,0,0,0,0,0,0,0,0,0,0,0,0,0,0,0,0,0,0,0,0,0,0,0,0,0,0,0,0,0,0,0,0,0,0,0,0,0,0,0,0,0,0,0,0,0,0,0,0,0,0,0,0,0,0,0,0,0,0,1,7.28660621761658
Dinwiddie County Sheriff's Office,1972,Virginia,25904,VA02700,0,0,0,0,0,0,0,0,0,0,0,0,0,0,0,0,0,0,0,0,0,0,0,0,0,0,0,0,0,0,0,0,0,0,0,0,0,0,0,0,0,0,0,0,0,0,0,0,0,0,0,0,0,0,0,0,0,0,0,0,0,0,0,0,0,0,0,0,0,0,0,0,0,0,0,0,0,0,0,0,0,0,0,0,0,0,0,0,0,0,0,1,7.28660621761658
Dinwiddie County Sheriff's Office,1971,Virginia,25617,VA02700,0,0,0,0,0,0,0,0,0,0,0,0,0,0,0,0,0,0,0,0,0,0,0,0,0,0,0,0,0,0,0,0,0,0,0,0,0,0,0,0,0,0,0,0,0,0,0,0,0,0,0,0,0,0,0,0,0,0,0,0,0,0,0,0,0,0,0,0,0,0,0,0,0,0,0,0,0,0,0,0,0,0,0,0,0,0,0,0,0,0,0,1,7.52504424778761
Dinwiddie County Sheriff's Office,1971,Virginia,25617,VA02700,0,0,0,0,0,0,0,0,0,0,0,0,0,0,0,0,0,0,0,0,0,0,0,0,0,0,0,0,0,0,0,0,0,0,0,0,0,0,0,0,0,0,0,0,0,0,0,0,0,0,0,0,0,0,0,0,0,0,0,0,0,0,0,0,0,0,0,0,0,0,0,0,0,0,0,0,0,0,0,0,0,0,0,0,0,0,0,0,0,0,0,1,7.52504424778761
Dinwiddie County Sheriff's Office,1970,Virginia,25046,VA02700,0,0,0,0,0,0,0,0,0,0,0,0,0,0,0,0,0,0,0,0,0,0,0,0,0,0,0,0,0,0,0,0,0,0,0,0,0,0,0,0,0,0,0,0,0,0,0,0,0,0,0,0,0,0,0,0,0,0,0,0,0,0,0,0,0,0,0,0,0,0,0,0,0,0,0,0,0,0,0,0,0,0,0,0,0,0,0,0,0,0,0,1,7.84807684052372
Dinwiddie County Sheriff's Office,1970,Virginia,25046,VA02700,0,0,0,0,0,0,0,0,0,0,0,0,0,0,0,0,0,0,0,0,0,0,0,0,0,0,0,0,0,0,0,0,0,0,0,0,0,0,0,0,0,0,0,0,0,0,0,0,0,0,0,0,0,0,0,0,0,0,0,0,0,0,0,0,0,0,0,0,0,0,0,0,0,0,0,0,0,0,0,0,0,0,0,0,0,0,0,0,0,0,0,1,7.84807684052372
Dinwiddie County Sheriff's Office,1969,Virginia,24870,VA02700,0,0,0,0,0,0,0,0,0,0,0,0,0,0,0,0,0,0,0,0,0,0,0,0,0,0,0,0,0,0,0,0,0,0,0,0,0,0,0,0,0,0,0,0,0,0,0,0,0,0,0,0,0,0,0,0,0,0,0,0,0,0,0,0,0,0,0,0,0,0,0,0,0,0,0,0,0,0,0,0,0,0,0,0,0,0,0,0,0,0,0,1,8.30626760563381
Dinwiddie County Sheriff's Office,1969,Virginia,24870,VA02700,0,0,0,0,0,0,0,0,0,0,0,0,0,0,0,0,0,0,0,0,0,0,0,0,0,0,0,0,0,0,0,0,0,0,0,0,0,0,0,0,0,0,0,0,0,0,0,0,0,0,0,0,0,0,0,0,0,0,0,0,0,0,0,0,0,0,0,0,0,0,0,0,0,0,0,0,0,0,0,0,0,0,0,0,0,0,0,0,0,0,0,1,8.30626760563381
Dinwiddie County Sheriff's Office,1968,Virginia,25157,VA02700,0,0,0,0,0,0,0,0,0,0,0,0,0,0,0,0,0,0,0,0,0,0,0,0,0,0,0,0,0,0,0,0,0,0,0,0,0,0,0,0,0,0,0,0,0,0,0,0,0,0,0,0,0,0,0,0,0,0,0,0,0,0,0,0,0,0,0,0,0,0,0,0,0,0,0,0,0,0,0,0,0,0,0,0,0,0,0,0,0,0,0,1,8.75998802108289
Dinwiddie County Sheriff's Office,1968,Virginia,25157,VA02700,0,0,0,0,0,0,0,0,0,0,0,0,0,0,0,0,0,0,0,0,0,0,0,0,0,0,0,0,0,0,0,0,0,0,0,0,0,0,0,0,0,0,0,0,0,0,0,0,0,0,0,0,0,0,0,0,0,0,0,0,0,0,0,0,0,0,0,0,0,0,0,0,0,0,0,0,0,0,0,0,0,0,0,0,0,0,0,0,0,0,0,1,8.75998802108289
Dinwiddie County Sheriff's Office,1967,Virginia,25253,VA02700,0,0,0,0,0,0,0,0,0,0,0,0,0,0,0,0,0,0,0,0,0,0,0,0,0,0,0,0,0,0,0,0,0,0,0,0,0,0,0,0,0,0,0,0,0,0,0,0,0,0,0,0,0,0,0,0,0,0,0,0,0,0,0,0,0,0,0,0,0,0,0,0,0,0,0,0,0,0,0,0,0,0,0,0,0,0,0,0,0,0,0,1,9.13419685236073
Dinwiddie County Sheriff's Office,1967,Virginia,25253,VA02700,0,0,0,0,0,0,0,0,0,0,0,0,0,0,0,0,0,0,0,0,0,0,0,0,0,0,0,0,0,0,0,0,0,0,0,0,0,0,0,0,0,0,0,0,0,0,0,0,0,0,0,0,0,0,0,0,0,0,0,0,0,0,0,0,0,0,0,0,0,0,0,0,0,0,0,0,0,0,0,0,0,0,0,0,0,0,0,0,0,0,0,1,9.13419685236073
Dinwiddie County Sheriff's Office,1966,Virginia,24837,VA02700,0,0,0,0,0,0,0,0,0,0,0,0,0,0,0,0,0,0,0,0,0,0,0,0,0,0,0,0,0,0,0,0,0,0,0,0,0,0,0,0,0,0,0,0,0,0,0,0,0,0,0,0,0,0,0,0,0,0,0,0,0,0,0,0,0,0,0,0,0,0,0,0,0,0,0,0,0,0,0,0,0,0,0,0,0,0,0,0,0,0,0,1,9.38746854942234
Dinwiddie County Sheriff's Office,1966,Virginia,24837,VA02700,0,0,0,0,0,0,0,0,0,0,0,0,0,0,0,0,0,0,0,0,0,0,0,0,0,0,0,0,0,0,0,0,0,0,0,0,0,0,0,0,0,0,0,0,0,0,0,0,0,0,0,0,0,0,0,0,0,0,0,0,0,0,0,0,0,0,0,0,0,0,0,0,0,0,0,0,0,0,0,0,0,0,0,0,0,0,0,0,0,0,0,1,9.38746854942234
Dinwiddie County Sheriff's Office,1965,Virginia,23490,VA02700,0,0,0,0,0,0,0,0,0,0,0,0,0,0,0,0,0,0,0,0,0,0,0,0,0,0,0,0,0,0,0,0,0,0,0,0,0,0,0,0,0,0,0,0,0,0,0,0,0,0,0,0,0,0,0,0,0,0,0,0,0,0,0,0,0,0,0,0,0,0,0,0,0,0,0,0,0,0,0,0,0,0,0,0,0,0,0,0,0,0,0,1,9.67050780216874
Dinwiddie County Sheriff's Office,1965,Virginia,23490,VA02700,0,0,0,0,0,0,0,0,0,0,0,0,0,0,0,0,0,0,0,0,0,0,0,0,0,0,0,0,0,0,0,0,0,0,0,0,0,0,0,0,0,0,0,0,0,0,0,0,0,0,0,0,0,0,0,0,0,0,0,0,0,0,0,0,0,0,0,0,0,0,0,0,0,0,0,0,0,0,0,0,0,0,0,0,0,0,0,0,0,0,0,1,9.67050780216874
Dinwiddie County Sheriff's Office,1964,Virginia,24253,VA02700,0,0,0,0,0,0,0,0,0,0,0,0,0,0,0,0,0,0,0,0,0,0,0,0,0,0,0,0,0,0,0,0,0,0,0,0,0,0,0,0,0,0,0,0,0,0,0,0,0,0,0,0,0,0,0,0,0,0,0,0,0,0,0,0,0,0,0,0,0,0,0,0,0,0,0,0,0,0,0,0,0,0,0,0,0,0,0,0,0,0,0,1,9.82380171950564
Dinwiddie County Sheriff's Office,1964,Virginia,24253,VA02700,0,0,0,0,0,0,0,0,0,0,0,0,0,0,0,0,0,0,0,0,0,0,0,0,0,0,0,0,0,0,0,0,0,0,0,0,0,0,0,0,0,0,0,0,0,0,0,0,0,0,0,0,0,0,0,0,0,0,0,0,0,0,0,0,0,0,0,0,0,0,0,0,0,0,0,0,0,0,0,0,0,0,0,0,0,0,0,0,0,0,0,1,9.82380171950564
Dinwiddie County Sheriff's Office,1963,Virginia,23635,VA02700,0,0,0,0,0,0,0,0,0,0,0,0,0,0,0,0,0,0,0,0,0,0,0,0,0,0,0,0,0,0,0,0,0,0,0,0,0,0,0,0,0,0,0,0,0,0,0,0,0,0,0,0,0,0,0,0,0,0,0,0,0,0,0,0,0,0,0,0,0,0,0,0,0,0,0,0,0,0,0,0,0,0,0,0,0,0,0,0,0,0,0,1,9.94943945578232
Dinwiddie County Sheriff's Office,1963,Virginia,23635,VA02700,0,0,0,0,0,0,0,0,0,0,0,0,0,0,0,0,0,0,0,0,0,0,0,0,0,0,0,0,0,0,0,0,0,0,0,0,0,0,0,0,0,0,0,0,0,0,0,0,0,0,0,0,0,0,0,0,0,0,0,0,0,0,0,0,0,0,0,0,0,0,0,0,0,0,0,0,0,0,0,0,0,0,0,0,0,0,0,0,0,0,0,1,9.94943945578232
Dinwiddie County Sheriff's Office,1962,Virginia,23449,VA02700,0,0,0,0,0,0,0,0,0,0,0,0,0,0,0,0,0,0,0,0,0,0,0,0,0,0,0,0,0,0,0,0,0,0,0,0,0,0,0,0,0,0,0,0,0,0,0,0,0,0,0,0,0,0,0,0,0,0,0,0,0,0,0,0,0,0,0,0,0,0,0,0,0,0,0,0,0,0,0,0,0,0,0,0,0,0,0,0,0,0,0,1,10.0727796143251
Dinwiddie County Sheriff's Office,1962,Virginia,23449,VA02700,0,0,0,0,0,0,0,0,0,0,0,0,0,0,0,0,0,0,0,0,0,0,0,0,0,0,0,0,0,0,0,0,0,0,0,0,0,0,0,0,0,0,0,0,0,0,0,0,0,0,0,0,0,0,0,0,0,0,0,0,0,0,0,0,0,0,0,0,0,0,0,0,0,0,0,0,0,0,0,0,0,0,0,0,0,0,0,0,0,0,0,1,10.0727796143251
Dinwiddie County Sheriff's Office,1961,Virginia,22183,VA02700,0,0,0,0,0,0,0,0,0,0,0,0,0,0,0,0,0,0,0,0,0,0,0,0,0,0,0,0,0,0,0,0,0,0,0,0,0,0,0,0,0,0,0,0,0,0,0,0,0,0,0,0,0,0,0,0,0,0,0,0,0,0,0,0,0,0,0,0,0,0,0,0,0,0,0,0,0,0,0,0,0,0,0,0,0,0,0,0,0,0,0,1,10.1935294117647
Dinwiddie County Sheriff's Office,1961,Virginia,22183,VA02700,0,0,0,0,0,0,0,0,0,0,0,0,0,0,0,0,0,0,0,0,0,0,0,0,0,0,0,0,0,0,0,0,0,0,0,0,0,0,0,0,0,0,0,0,0,0,0,0,0,0,0,0,0,0,0,0,0,0,0,0,0,0,0,0,0,0,0,0,0,0,0,0,0,0,0,0,0,0,0,0,0,0,0,0,0,0,0,0,0,0,0,1,10.1935294117647
Dinwiddie County Sheriff's Office,1960,Virginia,22183,VA02700,0,0,0,0,0,0,0,0,0,0,0,0,0,0,0,0,0,0,0,0,0,0,0,0,0,0,0,0,0,0,0,0,0,0,0,0,0,0,0,0,0,0,0,0,0,0,0,0,0,0,0,0,0,0,0,0,0,0,0,0,0,0,0,0,0,0,0,0,0,0,0,0,0,0,0,0,0,0,0,0,0,0,0,0,0,0,0,0,0,0,0,1,10.302673992674
Dinwiddie County Sheriff's Office,1960,Virginia,22183,VA02700,0,0,0,0,0,0,0,0,0,0,0,0,0,0,0,0,0,0,0,0,0,0,0,0,0,0,0,0,0,0,0,0,0,0,0,0,0,0,0,0,0,0,0,0,0,0,0,0,0,0,0,0,0,0,0,0,0,0,0,0,0,0,0,0,0,0,0,0,0,0,0,0,0,0,0,0,0,0,0,0,0,0,0,0,0,0,0,0,0,0,0,1,10.302673992674
