agency,ORI,year,state,population,aggravated_assault_total_adult,aggravated_assault_total_juvenile,aggravated_assault_total_arrests,aggravated_assault_total_male_adult,aggravated_assault_total_female_adult,aggravated_assault_total_male_juvenile,aggravated_assault_total_female_juvenile,aggravated_assault_total_male,aggravated_assault_total_female,aggravated_assault_adult_american_indian,aggravated_assault_adult_asian,aggravated_assault_adult_black,aggravated_assault_adult_white,aggravated_assault_juvenile_american_indian,aggravated_assault_juvenile_asian,aggravated_assault_juvenile_black,aggravated_assault_juvenile_white,aggravated_assault_total_american_indian,aggravated_assault_total_asian,aggravated_assault_total_black,aggravated_assault_total_white,aggravated_assault_adult_hispanic,aggravated_assault_adult_non_hispanic,aggravated_assault_juvenile_hispanic,aggravated_assault_juvenile_non_hispanic,aggravated_assault_total_hispanic,aggravated_assault_total_non_hispanic,all_other_offenses_excluding_traffic_total_adult,all_other_offenses_excluding_traffic_total_juvenile,all_other_offenses_excluding_traffic_total_arrests,all_other_offenses_excluding_traffic_total_male_adult,all_other_offenses_excluding_traffic_total_female_adult,all_other_offenses_excluding_traffic_total_male_juvenile,all_other_offenses_excluding_traffic_total_female_juvenile,all_other_offenses_excluding_traffic_total_male,all_other_offenses_excluding_traffic_total_female,all_other_offenses_excluding_traffic_adult_american_indian,all_other_offenses_excluding_traffic_adult_asian,all_other_offenses_excluding_traffic_adult_black,all_other_offenses_excluding_traffic_adult_white,all_other_offenses_excluding_traffic_juvenile_american_indian,all_other_offenses_excluding_traffic_juvenile_asian,all_other_offenses_excluding_traffic_juvenile_black,all_other_offenses_excluding_traffic_juvenile_white,all_other_offenses_excluding_traffic_total_american_indian,all_other_offenses_excluding_traffic_total_asian,all_other_offenses_excluding_traffic_total_black,all_other_offenses_excluding_traffic_total_white,all_other_offenses_excluding_traffic_adult_hispanic,all_other_offenses_excluding_traffic_adult_non_hispanic,all_other_offenses_excluding_traffic_juvenile_hispanic,all_other_offenses_excluding_traffic_juvenile_non_hispanic,all_other_offenses_excluding_traffic_total_hispanic,all_other_offenses_excluding_traffic_total_non_hispanic,arson_total_adult,arson_total_juvenile,arson_total_arrests,arson_total_male_adult,arson_total_female_adult,arson_total_male_juvenile,arson_total_female_juvenile,arson_total_male,arson_total_female,arson_adult_american_indian,arson_adult_asian,arson_adult_black,arson_adult_white,arson_juvenile_american_indian,arson_juvenile_asian,arson_juvenile_black,arson_juvenile_white,arson_total_american_indian,arson_total_asian,arson_total_black,arson_total_white,arson_adult_hispanic,arson_adult_non_hispanic,arson_juvenile_hispanic,arson_juvenile_non_hispanic,arson_total_hispanic,arson_total_non_hispanic,burglary_total_adult,burglary_total_juvenile,burglary_total_arrests,burglary_total_male_adult,burglary_total_female_adult,burglary_total_male_juvenile,burglary_total_female_juvenile,burglary_total_male,burglary_total_female,burglary_adult_american_indian,burglary_adult_asian,burglary_adult_black,burglary_adult_white,burglary_juvenile_american_indian,burglary_juvenile_asian,burglary_juvenile_black,burglary_juvenile_white,burglary_total_american_indian,burglary_total_asian,burglary_total_black,burglary_total_white,burglary_adult_hispanic,burglary_adult_non_hispanic,burglary_juvenile_hispanic,burglary_juvenile_non_hispanic,burglary_total_hispanic,burglary_total_non_hispanic,curfew_loitering_total_adult,curfew_loitering_total_juvenile,curfew_loitering_total_arrests,curfew_loitering_total_male_adult,curfew_loitering_total_female_adult,curfew_loitering_total_male_juvenile,curfew_loitering_total_female_juvenile,curfew_loitering_total_male,curfew_loitering_total_female,curfew_loitering_adult_american_indian,curfew_loitering_adult_asian,curfew_loitering_adult_black,curfew_loitering_adult_white,curfew_loitering_juvenile_american_indian,curfew_loitering_juvenile_asian,curfew_loitering_juvenile_black,curfew_loitering_juvenile_white,curfew_loitering_total_american_indian,curfew_loitering_total_asian,curfew_loitering_total_black,curfew_loitering_total_white,curfew_loitering_adult_hispanic,curfew_loitering_adult_non_hispanic,curfew_loitering_juvenile_hispanic,curfew_loitering_juvenile_non_hispanic,curfew_loitering_total_hispanic,curfew_loitering_total_non_hispanic,disorderly_conduct_total_adult,disorderly_conduct_total_juvenile,disorderly_conduct_total_arrests,disorderly_conduct_total_male_adult,disorderly_conduct_total_female_adult,disorderly_conduct_total_male_juvenile,disorderly_conduct_total_female_juvenile,disorderly_conduct_total_male,disorderly_conduct_total_female,disorderly_conduct_adult_american_indian,disorderly_conduct_adult_asian,disorderly_conduct_adult_black,disorderly_conduct_adult_white,disorderly_conduct_juvenile_american_indian,disorderly_conduct_juvenile_asian,disorderly_conduct_juvenile_black,disorderly_conduct_juvenile_white,disorderly_conduct_total_american_indian,disorderly_conduct_total_asian,disorderly_conduct_total_black,disorderly_conduct_total_white,disorderly_conduct_adult_hispanic,disorderly_conduct_adult_non_hispanic,disorderly_conduct_juvenile_hispanic,disorderly_conduct_juvenile_non_hispanic,disorderly_conduct_total_hispanic,disorderly_conduct_total_non_hispanic,drug_possess_drug_total_adult_american_indian,drug_possess_drug_total_adult_asian,drug_possess_drug_total_adult_black,drug_possess_drug_total_adult_white,drug_possess_drug_total_adult_hispanic,drug_possess_drug_total_adult_non_hispanic,drug_possess_drug_total_total_adult,drug_possess_drug_total_juvenile_american_indian,drug_possess_drug_total_juvenile_asian,drug_possess_drug_total_juvenile_black,drug_possess_drug_total_juvenile_white,drug_possess_drug_total_juvenile_hispanic,drug_possess_drug_total_juvenile_non_hispanic,drug_possess_drug_total_total_juvenile,drug_possess_drug_total_total_arrests,drug_possess_drug_total_total_male_adult,drug_possess_drug_total_total_female_adult,drug_possess_drug_total_total_male_juvenile,drug_possess_drug_total_total_female_juvenile,drug_possess_drug_total_total_male,drug_possess_drug_total_total_female,drug_possess_drug_total_total_american_indian,drug_possess_drug_total_total_asian,drug_possess_drug_total_total_black,drug_possess_drug_total_total_white,drug_possess_drug_total_total_hispanic,drug_possess_drug_total_total_non_hispanic,drug_possess_marijuana_total_adult,drug_possess_marijuana_total_juvenile,drug_possess_marijuana_total_arrests,drug_possess_marijuana_total_male_adult,drug_possess_marijuana_total_female_adult,drug_possess_marijuana_total_male_juvenile,drug_possess_marijuana_total_female_juvenile,drug_possess_marijuana_total_male,drug_possess_marijuana_total_female,drug_possess_marijuana_adult_american_indian,drug_possess_marijuana_adult_asian,drug_possess_marijuana_adult_black,drug_possess_marijuana_adult_white,drug_possess_marijuana_juvenile_american_indian,drug_possess_marijuana_juvenile_asian,drug_possess_marijuana_juvenile_black,drug_possess_marijuana_juvenile_white,drug_possess_marijuana_total_american_indian,drug_possess_marijuana_total_asian,drug_possess_marijuana_total_black,drug_possess_marijuana_total_white,drug_possess_marijuana_adult_hispanic,drug_possess_marijuana_adult_non_hispanic,drug_possess_marijuana_juvenile_hispanic,drug_possess_marijuana_juvenile_non_hispanic,drug_possess_marijuana_total_hispanic,drug_possess_marijuana_total_non_hispanic,drug_possess_opium_and_cocaine_and_derivatives_including_heroin_total_adult,drug_possess_opium_and_cocaine_and_derivatives_including_heroin_total_juvenile,drug_possess_opium_and_cocaine_and_derivatives_including_heroin_total_arrests,drug_possess_opium_and_cocaine_and_derivatives_including_heroin_total_male_adult,drug_possess_opium_and_cocaine_and_derivatives_including_heroin_total_female_adult,drug_possess_opium_and_cocaine_and_derivatives_including_heroin_total_male_juvenile,drug_possess_opium_and_cocaine_and_derivatives_including_heroin_total_female_juvenile,drug_possess_opium_and_cocaine_and_derivatives_including_heroin_total_male,drug_possess_opium_and_cocaine_and_derivatives_including_heroin_total_female,drug_possess_opium_and_cocaine_and_derivatives_including_heroin_adult_american_indian,drug_possess_opium_and_cocaine_and_derivatives_including_heroin_adult_asian,drug_possess_opium_and_cocaine_and_derivatives_including_heroin_adult_black,drug_possess_opium_and_cocaine_and_derivatives_including_heroin_adult_white,drug_possess_opium_and_cocaine_and_derivatives_including_heroin_juvenile_american_indian,drug_possess_opium_and_cocaine_and_derivatives_including_heroin_juvenile_asian,drug_possess_opium_and_cocaine_and_derivatives_including_heroin_juvenile_black,drug_possess_opium_and_cocaine_and_derivatives_including_heroin_juvenile_white,drug_possess_opium_and_cocaine_and_derivatives_including_heroin_total_american_indian,drug_possess_opium_and_cocaine_and_derivatives_including_heroin_total_asian,drug_possess_opium_and_cocaine_and_derivatives_including_heroin_total_black,drug_possess_opium_and_cocaine_and_derivatives_including_heroin_total_white,drug_possess_opium_and_cocaine_and_derivatives_including_heroin_adult_hispanic,drug_possess_opium_and_cocaine_and_derivatives_including_heroin_adult_non_hispanic,drug_possess_opium_and_cocaine_and_derivatives_including_heroin_juvenile_hispanic,drug_possess_opium_and_cocaine_and_derivatives_including_heroin_juvenile_non_hispanic,drug_possess_opium_and_cocaine_and_derivatives_including_heroin_total_hispanic,drug_possess_opium_and_cocaine_and_derivatives_including_heroin_total_non_hispanic,drug_possess_other_drug_total_adult,drug_possess_other_drug_total_juvenile,drug_possess_other_drug_total_arrests,drug_possess_other_drug_total_male_adult,drug_possess_other_drug_total_female_adult,drug_possess_other_drug_total_male_juvenile,drug_possess_other_drug_total_female_juvenile,drug_possess_other_drug_total_male,drug_possess_other_drug_total_female,drug_possess_other_drug_adult_american_indian,drug_possess_other_drug_adult_asian,drug_possess_other_drug_adult_black,drug_possess_other_drug_adult_white,drug_possess_other_drug_juvenile_american_indian,drug_possess_other_drug_juvenile_asian,drug_possess_other_drug_juvenile_black,drug_possess_other_drug_juvenile_white,drug_possess_other_drug_total_american_indian,drug_possess_other_drug_total_asian,drug_possess_other_drug_total_black,drug_possess_other_drug_total_white,drug_possess_other_drug_adult_hispanic,drug_possess_other_drug_adult_non_hispanic,drug_possess_other_drug_juvenile_hispanic,drug_possess_other_drug_juvenile_non_hispanic,drug_possess_other_drug_total_hispanic,drug_possess_other_drug_total_non_hispanic,drug_possess_synthetic_narcotics_total_adult,drug_possess_synthetic_narcotics_total_juvenile,drug_possess_synthetic_narcotics_total_arrests,drug_possess_synthetic_narcotics_total_male_adult,drug_possess_synthetic_narcotics_total_female_adult,drug_possess_synthetic_narcotics_total_male_juvenile,drug_possess_synthetic_narcotics_total_female_juvenile,drug_possess_synthetic_narcotics_total_male,drug_possess_synthetic_narcotics_total_female,drug_possess_synthetic_narcotics_adult_american_indian,drug_possess_synthetic_narcotics_adult_asian,drug_possess_synthetic_narcotics_adult_black,drug_possess_synthetic_narcotics_adult_white,drug_possess_synthetic_narcotics_juvenile_american_indian,drug_possess_synthetic_narcotics_juvenile_asian,drug_possess_synthetic_narcotics_juvenile_black,drug_possess_synthetic_narcotics_juvenile_white,drug_possess_synthetic_narcotics_total_american_indian,drug_possess_synthetic_narcotics_total_asian,drug_possess_synthetic_narcotics_total_black,drug_possess_synthetic_narcotics_total_white,drug_possess_synthetic_narcotics_adult_hispanic,drug_possess_synthetic_narcotics_adult_non_hispanic,drug_possess_synthetic_narcotics_juvenile_hispanic,drug_possess_synthetic_narcotics_juvenile_non_hispanic,drug_possess_synthetic_narcotics_total_hispanic,drug_possess_synthetic_narcotics_total_non_hispanic,drug_sale_drug_total_adult_american_indian,drug_sale_drug_total_adult_asian,drug_sale_drug_total_adult_black,drug_sale_drug_total_adult_white,drug_sale_drug_total_adult_hispanic,drug_sale_drug_total_adult_non_hispanic,drug_sale_drug_total_total_adult,drug_sale_drug_total_juvenile_american_indian,drug_sale_drug_total_juvenile_asian,drug_sale_drug_total_juvenile_black,drug_sale_drug_total_juvenile_white,drug_sale_drug_total_juvenile_hispanic,drug_sale_drug_total_juvenile_non_hispanic,drug_sale_drug_total_total_juvenile,drug_sale_drug_total_total_arrests,drug_sale_drug_total_total_male_adult,drug_sale_drug_total_total_female_adult,drug_sale_drug_total_total_male_juvenile,drug_sale_drug_total_total_female_juvenile,drug_sale_drug_total_total_male,drug_sale_drug_total_total_female,drug_sale_drug_total_total_american_indian,drug_sale_drug_total_total_asian,drug_sale_drug_total_total_black,drug_sale_drug_total_total_white,drug_sale_drug_total_total_hispanic,drug_sale_drug_total_total_non_hispanic,drug_sale_marijuana_total_adult,drug_sale_marijuana_total_juvenile,drug_sale_marijuana_total_arrests,drug_sale_marijuana_total_male_adult,drug_sale_marijuana_total_female_adult,drug_sale_marijuana_total_male_juvenile,drug_sale_marijuana_total_female_juvenile,drug_sale_marijuana_total_male,drug_sale_marijuana_total_female,drug_sale_marijuana_adult_american_indian,drug_sale_marijuana_adult_asian,drug_sale_marijuana_adult_black,drug_sale_marijuana_adult_white,drug_sale_marijuana_juvenile_american_indian,drug_sale_marijuana_juvenile_asian,drug_sale_marijuana_juvenile_black,drug_sale_marijuana_juvenile_white,drug_sale_marijuana_total_american_indian,drug_sale_marijuana_total_asian,drug_sale_marijuana_total_black,drug_sale_marijuana_total_white,drug_sale_marijuana_adult_hispanic,drug_sale_marijuana_adult_non_hispanic,drug_sale_marijuana_juvenile_hispanic,drug_sale_marijuana_juvenile_non_hispanic,drug_sale_marijuana_total_hispanic,drug_sale_marijuana_total_non_hispanic,drug_sale_opium_and_cocaine_and_derivatives_including_heroin_total_adult,drug_sale_opium_and_cocaine_and_derivatives_including_heroin_total_juvenile,drug_sale_opium_and_cocaine_and_derivatives_including_heroin_total_arrests,drug_sale_opium_and_cocaine_and_derivatives_including_heroin_total_male_adult,drug_sale_opium_and_cocaine_and_derivatives_including_heroin_total_female_adult,drug_sale_opium_and_cocaine_and_derivatives_including_heroin_total_male_juvenile,drug_sale_opium_and_cocaine_and_derivatives_including_heroin_total_female_juvenile,drug_sale_opium_and_cocaine_and_derivatives_including_heroin_total_male,drug_sale_opium_and_cocaine_and_derivatives_including_heroin_total_female,drug_sale_opium_and_cocaine_and_derivatives_including_heroin_adult_american_indian,drug_sale_opium_and_cocaine_and_derivatives_including_heroin_adult_asian,drug_sale_opium_and_cocaine_and_derivatives_including_heroin_adult_black,drug_sale_opium_and_cocaine_and_derivatives_including_heroin_adult_white,drug_sale_opium_and_cocaine_and_derivatives_including_heroin_juvenile_american_indian,drug_sale_opium_and_cocaine_and_derivatives_including_heroin_juvenile_asian,drug_sale_opium_and_cocaine_and_derivatives_including_heroin_juvenile_black,drug_sale_opium_and_cocaine_and_derivatives_including_heroin_juvenile_white,drug_sale_opium_and_cocaine_and_derivatives_including_heroin_total_american_indian,drug_sale_opium_and_cocaine_and_derivatives_including_heroin_total_asian,drug_sale_opium_and_cocaine_and_derivatives_including_heroin_total_black,drug_sale_opium_and_cocaine_and_derivatives_including_heroin_total_white,drug_sale_opium_and_cocaine_and_derivatives_including_heroin_adult_hispanic,drug_sale_opium_and_cocaine_and_derivatives_including_heroin_adult_non_hispanic,drug_sale_opium_and_cocaine_and_derivatives_including_heroin_juvenile_hispanic,drug_sale_opium_and_cocaine_and_derivatives_including_heroin_juvenile_non_hispanic,drug_sale_opium_and_cocaine_and_derivatives_including_heroin_total_hispanic,drug_sale_opium_and_cocaine_and_derivatives_including_heroin_total_non_hispanic,drug_sale_other_drug_total_adult,drug_sale_other_drug_total_juvenile,drug_sale_other_drug_total_arrests,drug_sale_other_drug_total_male_adult,drug_sale_other_drug_total_female_adult,drug_sale_other_drug_total_male_juvenile,drug_sale_other_drug_total_female_juvenile,drug_sale_other_drug_total_male,drug_sale_other_drug_total_female,drug_sale_other_drug_adult_american_indian,drug_sale_other_drug_adult_asian,drug_sale_other_drug_adult_black,drug_sale_other_drug_adult_white,drug_sale_other_drug_juvenile_american_indian,drug_sale_other_drug_juvenile_asian,drug_sale_other_drug_juvenile_black,drug_sale_other_drug_juvenile_white,drug_sale_other_drug_total_american_indian,drug_sale_other_drug_total_asian,drug_sale_other_drug_total_black,drug_sale_other_drug_total_white,drug_sale_other_drug_adult_hispanic,drug_sale_other_drug_adult_non_hispanic,drug_sale_other_drug_juvenile_hispanic,drug_sale_other_drug_juvenile_non_hispanic,drug_sale_other_drug_total_hispanic,drug_sale_other_drug_total_non_hispanic,drug_sale_synthetic_narcotics_total_adult,drug_sale_synthetic_narcotics_total_juvenile,drug_sale_synthetic_narcotics_total_arrests,drug_sale_synthetic_narcotics_total_male_adult,drug_sale_synthetic_narcotics_total_female_adult,drug_sale_synthetic_narcotics_total_male_juvenile,drug_sale_synthetic_narcotics_total_female_juvenile,drug_sale_synthetic_narcotics_total_male,drug_sale_synthetic_narcotics_total_female,drug_sale_synthetic_narcotics_adult_american_indian,drug_sale_synthetic_narcotics_adult_asian,drug_sale_synthetic_narcotics_adult_black,drug_sale_synthetic_narcotics_adult_white,drug_sale_synthetic_narcotics_juvenile_american_indian,drug_sale_synthetic_narcotics_juvenile_asian,drug_sale_synthetic_narcotics_juvenile_black,drug_sale_synthetic_narcotics_juvenile_white,drug_sale_synthetic_narcotics_total_american_indian,drug_sale_synthetic_narcotics_total_asian,drug_sale_synthetic_narcotics_total_black,drug_sale_synthetic_narcotics_total_white,drug_sale_synthetic_narcotics_adult_hispanic,drug_sale_synthetic_narcotics_adult_non_hispanic,drug_sale_synthetic_narcotics_juvenile_hispanic,drug_sale_synthetic_narcotics_juvenile_non_hispanic,drug_sale_synthetic_narcotics_total_hispanic,drug_sale_synthetic_narcotics_total_non_hispanic,drug_total_drug_total_adult,drug_total_drug_total_juvenile,drug_total_drug_total_arrests,drug_total_drug_total_male_adult,drug_total_drug_total_female_adult,drug_total_drug_total_male_juvenile,drug_total_drug_total_female_juvenile,drug_total_drug_total_male,drug_total_drug_total_female,drug_total_drug_adult_american_indian,drug_total_drug_adult_asian,drug_total_drug_adult_black,drug_total_drug_adult_white,drug_total_drug_juvenile_american_indian,drug_total_drug_juvenile_asian,drug_total_drug_juvenile_black,drug_total_drug_juvenile_white,drug_total_drug_total_american_indian,drug_total_drug_total_asian,drug_total_drug_total_black,drug_total_drug_total_white,drug_total_drug_adult_hispanic,drug_total_drug_adult_non_hispanic,drug_total_drug_juvenile_hispanic,drug_total_drug_juvenile_non_hispanic,drug_total_drug_total_hispanic,drug_total_drug_total_non_hispanic,drunkenness_total_adult,drunkenness_total_juvenile,drunkenness_total_arrests,drunkenness_total_male_adult,drunkenness_total_female_adult,drunkenness_total_male_juvenile,drunkenness_total_female_juvenile,drunkenness_total_male,drunkenness_total_female,drunkenness_adult_american_indian,drunkenness_adult_asian,drunkenness_adult_black,drunkenness_adult_white,drunkenness_juvenile_american_indian,drunkenness_juvenile_asian,drunkenness_juvenile_black,drunkenness_juvenile_white,drunkenness_total_american_indian,drunkenness_total_asian,drunkenness_total_black,drunkenness_total_white,drunkenness_adult_hispanic,drunkenness_adult_non_hispanic,drunkenness_juvenile_hispanic,drunkenness_juvenile_non_hispanic,drunkenness_total_hispanic,drunkenness_total_non_hispanic,dui_total_adult,dui_total_juvenile,dui_total_arrests,dui_total_male_adult,dui_total_female_adult,dui_total_male_juvenile,dui_total_female_juvenile,dui_total_male,dui_total_female,dui_adult_american_indian,dui_adult_asian,dui_adult_black,dui_adult_white,dui_juvenile_american_indian,dui_juvenile_asian,dui_juvenile_black,dui_juvenile_white,dui_total_american_indian,dui_total_asian,dui_total_black,dui_total_white,dui_adult_hispanic,dui_adult_non_hispanic,dui_juvenile_hispanic,dui_juvenile_non_hispanic,dui_total_hispanic,dui_total_non_hispanic,embezzlement_total_adult,embezzlement_total_juvenile,embezzlement_total_arrests,embezzlement_total_male_adult,embezzlement_total_female_adult,embezzlement_total_male_juvenile,embezzlement_total_female_juvenile,embezzlement_total_male,embezzlement_total_female,embezzlement_adult_american_indian,embezzlement_adult_asian,embezzlement_adult_black,embezzlement_adult_white,embezzlement_juvenile_american_indian,embezzlement_juvenile_asian,embezzlement_juvenile_black,embezzlement_juvenile_white,embezzlement_total_american_indian,embezzlement_total_asian,embezzlement_total_black,embezzlement_total_white,embezzlement_adult_hispanic,embezzlement_adult_non_hispanic,embezzlement_juvenile_hispanic,embezzlement_juvenile_non_hispanic,embezzlement_total_hispanic,embezzlement_total_non_hispanic,family_offenses_total_adult,family_offenses_total_juvenile,family_offenses_total_arrests,family_offenses_total_male_adult,family_offenses_total_female_adult,family_offenses_total_male_juvenile,family_offenses_total_female_juvenile,family_offenses_total_male,family_offenses_total_female,family_offenses_adult_american_indian,family_offenses_adult_asian,family_offenses_adult_black,family_offenses_adult_white,family_offenses_juvenile_american_indian,family_offenses_juvenile_asian,family_offenses_juvenile_black,family_offenses_juvenile_white,family_offenses_total_american_indian,family_offenses_total_asian,family_offenses_total_black,family_offenses_total_white,family_offenses_adult_hispanic,family_offenses_adult_non_hispanic,family_offenses_juvenile_hispanic,family_offenses_juvenile_non_hispanic,family_offenses_total_hispanic,family_offenses_total_non_hispanic,forgery_and_counterfeiting_total_adult,forgery_and_counterfeiting_total_juvenile,forgery_and_counterfeiting_total_arrests,forgery_and_counterfeiting_total_male_adult,forgery_and_counterfeiting_total_female_adult,forgery_and_counterfeiting_total_male_juvenile,forgery_and_counterfeiting_total_female_juvenile,forgery_and_counterfeiting_total_male,forgery_and_counterfeiting_total_female,forgery_and_counterfeiting_adult_american_indian,forgery_and_counterfeiting_adult_asian,forgery_and_counterfeiting_adult_black,forgery_and_counterfeiting_adult_white,forgery_and_counterfeiting_juvenile_american_indian,forgery_and_counterfeiting_juvenile_asian,forgery_and_counterfeiting_juvenile_black,forgery_and_counterfeiting_juvenile_white,forgery_and_counterfeiting_total_american_indian,forgery_and_counterfeiting_total_asian,forgery_and_counterfeiting_total_black,forgery_and_counterfeiting_total_white,forgery_and_counterfeiting_adult_hispanic,forgery_and_counterfeiting_adult_non_hispanic,forgery_and_counterfeiting_juvenile_hispanic,forgery_and_counterfeiting_juvenile_non_hispanic,forgery_and_counterfeiting_total_hispanic,forgery_and_counterfeiting_total_non_hispanic,fraud_total_adult,fraud_total_juvenile,fraud_total_arrests,fraud_total_male_adult,fraud_total_female_adult,fraud_total_male_juvenile,fraud_total_female_juvenile,fraud_total_male,fraud_total_female,fraud_adult_american_indian,fraud_adult_asian,fraud_adult_black,fraud_adult_white,fraud_juvenile_american_indian,fraud_juvenile_asian,fraud_juvenile_black,fraud_juvenile_white,fraud_total_american_indian,fraud_total_asian,fraud_total_black,fraud_total_white,fraud_adult_hispanic,fraud_adult_non_hispanic,fraud_juvenile_hispanic,fraud_juvenile_non_hispanic,fraud_total_hispanic,fraud_total_non_hispanic,gambling_bookmaking_horse_and_sport_book_total_adult,gambling_bookmaking_horse_and_sport_book_total_juvenile,gambling_bookmaking_horse_and_sport_book_total_arrests,gambling_bookmaking_horse_and_sport_book_total_male_adult,gambling_bookmaking_horse_and_sport_book_total_female_adult,gambling_bookmaking_horse_and_sport_book_total_male_juvenile,gambling_bookmaking_horse_and_sport_book_total_female_juvenile,gambling_bookmaking_horse_and_sport_book_total_male,gambling_bookmaking_horse_and_sport_book_total_female,gambling_bookmaking_horse_and_sport_book_adult_american_indian,gambling_bookmaking_horse_and_sport_book_adult_asian,gambling_bookmaking_horse_and_sport_book_adult_black,gambling_bookmaking_horse_and_sport_book_adult_white,gambling_bookmaking_horse_and_sport_book_juvenile_american_indian,gambling_bookmaking_horse_and_sport_book_juvenile_asian,gambling_bookmaking_horse_and_sport_book_juvenile_black,gambling_bookmaking_horse_and_sport_book_juvenile_white,gambling_bookmaking_horse_and_sport_book_total_american_indian,gambling_bookmaking_horse_and_sport_book_total_asian,gambling_bookmaking_horse_and_sport_book_total_black,gambling_bookmaking_horse_and_sport_book_total_white,gambling_bookmaking_horse_and_sport_book_adult_hispanic,gambling_bookmaking_horse_and_sport_book_adult_non_hispanic,gambling_bookmaking_horse_and_sport_book_juvenile_hispanic,gambling_bookmaking_horse_and_sport_book_juvenile_non_hispanic,gambling_bookmaking_horse_and_sport_book_total_hispanic,gambling_bookmaking_horse_and_sport_book_total_non_hispanic,gambling_number_and_lottery_total_adult,gambling_number_and_lottery_total_juvenile,gambling_number_and_lottery_total_arrests,gambling_number_and_lottery_total_male_adult,gambling_number_and_lottery_total_female_adult,gambling_number_and_lottery_total_male_juvenile,gambling_number_and_lottery_total_female_juvenile,gambling_number_and_lottery_total_male,gambling_number_and_lottery_total_female,gambling_number_and_lottery_adult_american_indian,gambling_number_and_lottery_adult_asian,gambling_number_and_lottery_adult_black,gambling_number_and_lottery_adult_white,gambling_number_and_lottery_juvenile_american_indian,gambling_number_and_lottery_juvenile_asian,gambling_number_and_lottery_juvenile_black,gambling_number_and_lottery_juvenile_white,gambling_number_and_lottery_total_american_indian,gambling_number_and_lottery_total_asian,gambling_number_and_lottery_total_black,gambling_number_and_lottery_total_white,gambling_number_and_lottery_adult_hispanic,gambling_number_and_lottery_adult_non_hispanic,gambling_number_and_lottery_juvenile_hispanic,gambling_number_and_lottery_juvenile_non_hispanic,gambling_number_and_lottery_total_hispanic,gambling_number_and_lottery_total_non_hispanic,gambling_other_total_adult,gambling_other_total_juvenile,gambling_other_total_arrests,gambling_other_total_male_adult,gambling_other_total_female_adult,gambling_other_total_male_juvenile,gambling_other_total_female_juvenile,gambling_other_total_male,gambling_other_total_female,gambling_other_adult_american_indian,gambling_other_adult_asian,gambling_other_adult_black,gambling_other_adult_white,gambling_other_juvenile_american_indian,gambling_other_juvenile_asian,gambling_other_juvenile_black,gambling_other_juvenile_white,gambling_other_total_american_indian,gambling_other_total_asian,gambling_other_total_black,gambling_other_total_white,gambling_other_adult_hispanic,gambling_other_adult_non_hispanic,gambling_other_juvenile_hispanic,gambling_other_juvenile_non_hispanic,gambling_other_total_hispanic,gambling_other_total_non_hispanic,gambling_total_adult_american_indian,gambling_total_adult_asian,gambling_total_adult_black,gambling_total_adult_white,gambling_total_adult_hispanic,gambling_total_adult_non_hispanic,gambling_total_total_adult,gambling_total_juvenile_american_indian,gambling_total_juvenile_asian,gambling_total_juvenile_black,gambling_total_juvenile_white,gambling_total_juvenile_hispanic,gambling_total_juvenile_non_hispanic,gambling_total_total_juvenile,gambling_total_total_arrests,gambling_total_total_male_adult,gambling_total_total_female_adult,gambling_total_total_male_juvenile,gambling_total_total_female_juvenile,gambling_total_total_male,gambling_total_total_female,gambling_total_total_american_indian,gambling_total_total_asian,gambling_total_total_black,gambling_total_total_white,gambling_total_total_hispanic,gambling_total_total_non_hispanic,human_trafficking_commercial_sex_acts_total_adult,human_trafficking_commercial_sex_acts_total_juvenile,human_trafficking_commercial_sex_acts_total_arrests,human_trafficking_commercial_sex_acts_total_male_adult,human_trafficking_commercial_sex_acts_total_female_adult,human_trafficking_commercial_sex_acts_total_male_juvenile,human_trafficking_commercial_sex_acts_total_female_juvenile,human_trafficking_commercial_sex_acts_total_male,human_trafficking_commercial_sex_acts_total_female,human_trafficking_commercial_sex_acts_adult_american_indian,human_trafficking_commercial_sex_acts_adult_asian,human_trafficking_commercial_sex_acts_adult_black,human_trafficking_commercial_sex_acts_adult_white,human_trafficking_commercial_sex_acts_juvenile_american_indian,human_trafficking_commercial_sex_acts_juvenile_asian,human_trafficking_commercial_sex_acts_juvenile_black,human_trafficking_commercial_sex_acts_juvenile_white,human_trafficking_commercial_sex_acts_total_american_indian,human_trafficking_commercial_sex_acts_total_asian,human_trafficking_commercial_sex_acts_total_black,human_trafficking_commercial_sex_acts_total_white,human_trafficking_commercial_sex_acts_adult_hispanic,human_trafficking_commercial_sex_acts_adult_non_hispanic,human_trafficking_commercial_sex_acts_juvenile_hispanic,human_trafficking_commercial_sex_acts_juvenile_non_hispanic,human_trafficking_commercial_sex_acts_total_hispanic,human_trafficking_commercial_sex_acts_total_non_hispanic,human_trafficking_involuntary_servitude_total_adult,human_trafficking_involuntary_servitude_total_juvenile,human_trafficking_involuntary_servitude_total_arrests,human_trafficking_involuntary_servitude_total_male_adult,human_trafficking_involuntary_servitude_total_female_adult,human_trafficking_involuntary_servitude_total_male_juvenile,human_trafficking_involuntary_servitude_total_female_juvenile,human_trafficking_involuntary_servitude_total_male,human_trafficking_involuntary_servitude_total_female,human_trafficking_involuntary_servitude_adult_american_indian,human_trafficking_involuntary_servitude_adult_asian,human_trafficking_involuntary_servitude_adult_black,human_trafficking_involuntary_servitude_adult_white,human_trafficking_involuntary_servitude_juvenile_american_indian,human_trafficking_involuntary_servitude_juvenile_asian,human_trafficking_involuntary_servitude_juvenile_black,human_trafficking_involuntary_servitude_juvenile_white,human_trafficking_involuntary_servitude_total_american_indian,human_trafficking_involuntary_servitude_total_asian,human_trafficking_involuntary_servitude_total_black,human_trafficking_involuntary_servitude_total_white,human_trafficking_involuntary_servitude_adult_hispanic,human_trafficking_involuntary_servitude_adult_non_hispanic,human_trafficking_involuntary_servitude_juvenile_hispanic,human_trafficking_involuntary_servitude_juvenile_non_hispanic,human_trafficking_involuntary_servitude_total_hispanic,human_trafficking_involuntary_servitude_total_non_hispanic,liquor_laws_total_adult,liquor_laws_total_juvenile,liquor_laws_total_arrests,liquor_laws_total_male_adult,liquor_laws_total_female_adult,liquor_laws_total_male_juvenile,liquor_laws_total_female_juvenile,liquor_laws_total_male,liquor_laws_total_female,liquor_laws_adult_american_indian,liquor_laws_adult_asian,liquor_laws_adult_black,liquor_laws_adult_white,liquor_laws_juvenile_american_indian,liquor_laws_juvenile_asian,liquor_laws_juvenile_black,liquor_laws_juvenile_white,liquor_laws_total_american_indian,liquor_laws_total_asian,liquor_laws_total_black,liquor_laws_total_white,liquor_laws_adult_hispanic,liquor_laws_adult_non_hispanic,liquor_laws_juvenile_hispanic,liquor_laws_juvenile_non_hispanic,liquor_laws_total_hispanic,liquor_laws_total_non_hispanic,motor_vehicle_theft_total_adult,motor_vehicle_theft_total_juvenile,motor_vehicle_theft_total_arrests,motor_vehicle_theft_total_male_adult,motor_vehicle_theft_total_female_adult,motor_vehicle_theft_total_male_juvenile,motor_vehicle_theft_total_female_juvenile,motor_vehicle_theft_total_male,motor_vehicle_theft_total_female,motor_vehicle_theft_adult_american_indian,motor_vehicle_theft_adult_asian,motor_vehicle_theft_adult_black,motor_vehicle_theft_adult_white,motor_vehicle_theft_juvenile_american_indian,motor_vehicle_theft_juvenile_asian,motor_vehicle_theft_juvenile_black,motor_vehicle_theft_juvenile_white,motor_vehicle_theft_total_american_indian,motor_vehicle_theft_total_asian,motor_vehicle_theft_total_black,motor_vehicle_theft_total_white,motor_vehicle_theft_adult_hispanic,motor_vehicle_theft_adult_non_hispanic,motor_vehicle_theft_juvenile_hispanic,motor_vehicle_theft_juvenile_non_hispanic,motor_vehicle_theft_total_hispanic,motor_vehicle_theft_total_non_hispanic,murder_and_nonnegligent_manslaughter_total_adult,murder_and_nonnegligent_manslaughter_total_juvenile,murder_and_nonnegligent_manslaughter_total_arrests,murder_and_nonnegligent_manslaughter_total_male_adult,murder_and_nonnegligent_manslaughter_total_female_adult,murder_and_nonnegligent_manslaughter_total_male_juvenile,murder_and_nonnegligent_manslaughter_total_female_juvenile,murder_and_nonnegligent_manslaughter_total_male,murder_and_nonnegligent_manslaughter_total_female,murder_and_nonnegligent_manslaughter_adult_american_indian,murder_and_nonnegligent_manslaughter_adult_asian,murder_and_nonnegligent_manslaughter_adult_black,murder_and_nonnegligent_manslaughter_adult_white,murder_and_nonnegligent_manslaughter_juvenile_american_indian,murder_and_nonnegligent_manslaughter_juvenile_asian,murder_and_nonnegligent_manslaughter_juvenile_black,murder_and_nonnegligent_manslaughter_juvenile_white,murder_and_nonnegligent_manslaughter_total_american_indian,murder_and_nonnegligent_manslaughter_total_asian,murder_and_nonnegligent_manslaughter_total_black,murder_and_nonnegligent_manslaughter_total_white,murder_and_nonnegligent_manslaughter_adult_hispanic,murder_and_nonnegligent_manslaughter_adult_non_hispanic,murder_and_nonnegligent_manslaughter_juvenile_hispanic,murder_and_nonnegligent_manslaughter_juvenile_non_hispanic,murder_and_nonnegligent_manslaughter_total_hispanic,murder_and_nonnegligent_manslaughter_total_non_hispanic,negligent_manslaughter_total_adult,negligent_manslaughter_total_juvenile,negligent_manslaughter_total_arrests,negligent_manslaughter_total_male_adult,negligent_manslaughter_total_female_adult,negligent_manslaughter_total_male_juvenile,negligent_manslaughter_total_female_juvenile,negligent_manslaughter_total_male,negligent_manslaughter_total_female,negligent_manslaughter_adult_american_indian,negligent_manslaughter_adult_asian,negligent_manslaughter_adult_black,negligent_manslaughter_adult_white,negligent_manslaughter_juvenile_american_indian,negligent_manslaughter_juvenile_asian,negligent_manslaughter_juvenile_black,negligent_manslaughter_juvenile_white,negligent_manslaughter_total_american_indian,negligent_manslaughter_total_asian,negligent_manslaughter_total_black,negligent_manslaughter_total_white,negligent_manslaughter_adult_hispanic,negligent_manslaughter_adult_non_hispanic,negligent_manslaughter_juvenile_hispanic,negligent_manslaughter_juvenile_non_hispanic,negligent_manslaughter_total_hispanic,negligent_manslaughter_total_non_hispanic,other_assault_total_adult,other_assault_total_juvenile,other_assault_total_arrests,other_assault_total_male_adult,other_assault_total_female_adult,other_assault_total_male_juvenile,other_assault_total_female_juvenile,other_assault_total_male,other_assault_total_female,other_assault_adult_american_indian,other_assault_adult_asian,other_assault_adult_black,other_assault_adult_white,other_assault_juvenile_american_indian,other_assault_juvenile_asian,other_assault_juvenile_black,other_assault_juvenile_white,other_assault_total_american_indian,other_assault_total_asian,other_assault_total_black,other_assault_total_white,other_assault_adult_hispanic,other_assault_adult_non_hispanic,other_assault_juvenile_hispanic,other_assault_juvenile_non_hispanic,other_assault_total_hispanic,other_assault_total_non_hispanic,other_sex_offenses_total_adult,other_sex_offenses_total_juvenile,other_sex_offenses_total_arrests,other_sex_offenses_total_male_adult,other_sex_offenses_total_female_adult,other_sex_offenses_total_male_juvenile,other_sex_offenses_total_female_juvenile,other_sex_offenses_total_male,other_sex_offenses_total_female,other_sex_offenses_adult_american_indian,other_sex_offenses_adult_asian,other_sex_offenses_adult_black,other_sex_offenses_adult_white,other_sex_offenses_juvenile_american_indian,other_sex_offenses_juvenile_asian,other_sex_offenses_juvenile_black,other_sex_offenses_juvenile_white,other_sex_offenses_total_american_indian,other_sex_offenses_total_asian,other_sex_offenses_total_black,other_sex_offenses_total_white,other_sex_offenses_adult_hispanic,other_sex_offenses_adult_non_hispanic,other_sex_offenses_juvenile_hispanic,other_sex_offenses_juvenile_non_hispanic,other_sex_offenses_total_hispanic,other_sex_offenses_total_non_hispanic,prostitution_and_commercialized_vice_total_adult,prostitution_and_commercialized_vice_assisting_or_promoting_prostitution_total_adult,prostitution_and_commercialized_vice_prostitution_total_adult,prostitution_and_commercialized_vice_purchasing_prostitution_total_adult,prostitution_and_commercialized_vice_total_juvenile,prostitution_and_commercialized_vice_assisting_or_promoting_prostitution_total_juvenile,prostitution_and_commercialized_vice_prostitution_total_juvenile,prostitution_and_commercialized_vice_purchasing_prostitution_total_juvenile,prostitution_and_commercialized_vice_total_arrests,prostitution_and_commercialized_vice_assisting_or_promoting_prostitution_total_arrests,prostitution_and_commercialized_vice_prostitution_total_arrests,prostitution_and_commercialized_vice_purchasing_prostitution_total_arrests,prostitution_and_commercialized_vice_total_male_adult,prostitution_and_commercialized_vice_total_female_adult,prostitution_and_commercialized_vice_assisting_or_promoting_prostitution_total_male_adult,prostitution_and_commercialized_vice_assisting_or_promoting_prostitution_total_female_adult,prostitution_and_commercialized_vice_prostitution_total_male_adult,prostitution_and_commercialized_vice_prostitution_total_female_adult,prostitution_and_commercialized_vice_purchasing_prostitution_total_male_adult,prostitution_and_commercialized_vice_purchasing_prostitution_total_female_adult,prostitution_and_commercialized_vice_total_male_juvenile,prostitution_and_commercialized_vice_total_female_juvenile,prostitution_and_commercialized_vice_total_male,prostitution_and_commercialized_vice_total_female,prostitution_and_commercialized_vice_assisting_or_promoting_prostitution_total_male_juvenile,prostitution_and_commercialized_vice_assisting_or_promoting_prostitution_total_female_juvenile,prostitution_and_commercialized_vice_assisting_or_promoting_prostitution_total_male,prostitution_and_commercialized_vice_assisting_or_promoting_prostitution_total_female,prostitution_and_commercialized_vice_prostitution_total_male_juvenile,prostitution_and_commercialized_vice_prostitution_total_female_juvenile,prostitution_and_commercialized_vice_prostitution_total_male,prostitution_and_commercialized_vice_prostitution_total_female,prostitution_and_commercialized_vice_purchasing_prostitution_total_male_juvenile,prostitution_and_commercialized_vice_purchasing_prostitution_total_female_juvenile,prostitution_and_commercialized_vice_purchasing_prostitution_total_male,prostitution_and_commercialized_vice_purchasing_prostitution_total_female,prostitution_and_commercialized_vice_adult_american_indian,prostitution_and_commercialized_vice_adult_asian,prostitution_and_commercialized_vice_adult_black,prostitution_and_commercialized_vice_adult_white,prostitution_and_commercialized_vice_assisting_or_promoting_prostitution_adult_american_indian,prostitution_and_commercialized_vice_assisting_or_promoting_prostitution_adult_asian,prostitution_and_commercialized_vice_assisting_or_promoting_prostitution_adult_black,prostitution_and_commercialized_vice_assisting_or_promoting_prostitution_adult_white,prostitution_and_commercialized_vice_prostitution_adult_american_indian,prostitution_and_commercialized_vice_prostitution_adult_asian,prostitution_and_commercialized_vice_prostitution_adult_black,prostitution_and_commercialized_vice_prostitution_adult_white,prostitution_and_commercialized_vice_purchasing_prostitution_adult_american_indian,prostitution_and_commercialized_vice_purchasing_prostitution_adult_asian,prostitution_and_commercialized_vice_purchasing_prostitution_adult_black,prostitution_and_commercialized_vice_purchasing_prostitution_adult_white,prostitution_and_commercialized_vice_juvenile_american_indian,prostitution_and_commercialized_vice_juvenile_asian,prostitution_and_commercialized_vice_juvenile_black,prostitution_and_commercialized_vice_juvenile_white,prostitution_and_commercialized_vice_assisting_or_promoting_prostitution_juvenile_american_indian,prostitution_and_commercialized_vice_assisting_or_promoting_prostitution_juvenile_asian,prostitution_and_commercialized_vice_assisting_or_promoting_prostitution_juvenile_black,prostitution_and_commercialized_vice_assisting_or_promoting_prostitution_juvenile_white,prostitution_and_commercialized_vice_prostitution_juvenile_american_indian,prostitution_and_commercialized_vice_prostitution_juvenile_asian,prostitution_and_commercialized_vice_prostitution_juvenile_black,prostitution_and_commercialized_vice_prostitution_juvenile_white,prostitution_and_commercialized_vice_purchasing_prostitution_juvenile_american_indian,prostitution_and_commercialized_vice_purchasing_prostitution_juvenile_asian,prostitution_and_commercialized_vice_purchasing_prostitution_juvenile_black,prostitution_and_commercialized_vice_purchasing_prostitution_juvenile_white,prostitution_and_commercialized_vice_total_american_indian,prostitution_and_commercialized_vice_total_asian,prostitution_and_commercialized_vice_total_black,prostitution_and_commercialized_vice_total_white,prostitution_and_commercialized_vice_assisting_or_promoting_prostitution_total_american_indian,prostitution_and_commercialized_vice_assisting_or_promoting_prostitution_total_asian,prostitution_and_commercialized_vice_assisting_or_promoting_prostitution_total_black,prostitution_and_commercialized_vice_assisting_or_promoting_prostitution_total_white,prostitution_and_commercialized_vice_prostitution_total_american_indian,prostitution_and_commercialized_vice_prostitution_total_asian,prostitution_and_commercialized_vice_prostitution_total_black,prostitution_and_commercialized_vice_prostitution_total_white,prostitution_and_commercialized_vice_purchasing_prostitution_total_american_indian,prostitution_and_commercialized_vice_purchasing_prostitution_total_asian,prostitution_and_commercialized_vice_purchasing_prostitution_total_black,prostitution_and_commercialized_vice_purchasing_prostitution_total_white,prostitution_and_commercialized_vice_adult_hispanic,prostitution_and_commercialized_vice_assisting_or_promoting_prostitution_adult_hispanic,prostitution_and_commercialized_vice_prostitution_adult_hispanic,prostitution_and_commercialized_vice_purchasing_prostitution_adult_hispanic,prostitution_and_commercialized_vice_adult_non_hispanic,prostitution_and_commercialized_vice_assisting_or_promoting_prostitution_adult_non_hispanic,prostitution_and_commercialized_vice_prostitution_adult_non_hispanic,prostitution_and_commercialized_vice_purchasing_prostitution_adult_non_hispanic,prostitution_and_commercialized_vice_juvenile_hispanic,prostitution_and_commercialized_vice_assisting_or_promoting_prostitution_juvenile_hispanic,prostitution_and_commercialized_vice_prostitution_juvenile_hispanic,prostitution_and_commercialized_vice_purchasing_prostitution_juvenile_hispanic,prostitution_and_commercialized_vice_juvenile_non_hispanic,prostitution_and_commercialized_vice_assisting_or_promoting_prostitution_juvenile_non_hispanic,prostitution_and_commercialized_vice_prostitution_juvenile_non_hispanic,prostitution_and_commercialized_vice_purchasing_prostitution_juvenile_non_hispanic,prostitution_and_commercialized_vice_total_hispanic,prostitution_and_commercialized_vice_total_non_hispanic,prostitution_and_commercialized_vice_assisting_or_promoting_prostitution_total_hispanic,prostitution_and_commercialized_vice_assisting_or_promoting_prostitution_total_non_hispanic,prostitution_and_commercialized_vice_prostitution_total_hispanic,prostitution_and_commercialized_vice_prostitution_total_non_hispanic,prostitution_and_commercialized_vice_purchasing_prostitution_total_hispanic,prostitution_and_commercialized_vice_purchasing_prostitution_total_non_hispanic,rape_total_adult,rape_total_juvenile,rape_total_arrests,rape_total_male_adult,rape_total_female_adult,rape_total_male_juvenile,rape_total_female_juvenile,rape_total_male,rape_total_female,rape_adult_american_indian,rape_adult_asian,rape_adult_black,rape_adult_white,rape_juvenile_american_indian,rape_juvenile_asian,rape_juvenile_black,rape_juvenile_white,rape_total_american_indian,rape_total_asian,rape_total_black,rape_total_white,rape_adult_hispanic,rape_adult_non_hispanic,rape_juvenile_hispanic,rape_juvenile_non_hispanic,rape_total_hispanic,rape_total_non_hispanic,robbery_total_adult,robbery_total_juvenile,robbery_total_arrests,robbery_total_male_adult,robbery_total_female_adult,robbery_total_male_juvenile,robbery_total_female_juvenile,robbery_total_male,robbery_total_female,robbery_adult_american_indian,robbery_adult_asian,robbery_adult_black,robbery_adult_white,robbery_juvenile_american_indian,robbery_juvenile_asian,robbery_juvenile_black,robbery_juvenile_white,robbery_total_american_indian,robbery_total_asian,robbery_total_black,robbery_total_white,robbery_adult_hispanic,robbery_adult_non_hispanic,robbery_juvenile_hispanic,robbery_juvenile_non_hispanic,robbery_total_hispanic,robbery_total_non_hispanic,runaways_total_adult,runaways_total_juvenile,runaways_total_arrests,runaways_total_male_adult,runaways_total_female_adult,runaways_total_male_juvenile,runaways_total_female_juvenile,runaways_total_male,runaways_total_female,runaways_adult_american_indian,runaways_adult_asian,runaways_adult_black,runaways_adult_white,runaways_juvenile_american_indian,runaways_juvenile_asian,runaways_juvenile_black,runaways_juvenile_white,runaways_total_american_indian,runaways_total_asian,runaways_total_black,runaways_total_white,runaways_adult_hispanic,runaways_adult_non_hispanic,runaways_juvenile_hispanic,runaways_juvenile_non_hispanic,runaways_total_hispanic,runaways_total_non_hispanic,stolen_property_buying_receiving_possessing_total_adult,stolen_property_buying_receiving_possessing_total_juvenile,stolen_property_buying_receiving_possessing_total_arrests,stolen_property_buying_receiving_possessing_total_male_adult,stolen_property_buying_receiving_possessing_total_female_adult,stolen_property_buying_receiving_possessing_total_male_juvenile,stolen_property_buying_receiving_possessing_total_female_juvenile,stolen_property_buying_receiving_possessing_total_male,stolen_property_buying_receiving_possessing_total_female,stolen_property_buying_receiving_possessing_adult_american_indian,stolen_property_buying_receiving_possessing_adult_asian,stolen_property_buying_receiving_possessing_adult_black,stolen_property_buying_receiving_possessing_adult_white,stolen_property_buying_receiving_possessing_juvenile_american_indian,stolen_property_buying_receiving_possessing_juvenile_asian,stolen_property_buying_receiving_possessing_juvenile_black,stolen_property_buying_receiving_possessing_juvenile_white,stolen_property_buying_receiving_possessing_total_american_indian,stolen_property_buying_receiving_possessing_total_asian,stolen_property_buying_receiving_possessing_total_black,stolen_property_buying_receiving_possessing_total_white,stolen_property_buying_receiving_possessing_adult_hispanic,stolen_property_buying_receiving_possessing_adult_non_hispanic,stolen_property_buying_receiving_possessing_juvenile_hispanic,stolen_property_buying_receiving_possessing_juvenile_non_hispanic,stolen_property_buying_receiving_possessing_total_hispanic,stolen_property_buying_receiving_possessing_total_non_hispanic,suspicion_total_adult,suspicion_total_juvenile,suspicion_total_arrests,suspicion_total_male_adult,suspicion_total_female_adult,suspicion_total_male_juvenile,suspicion_total_female_juvenile,suspicion_total_male,suspicion_total_female,suspicion_adult_american_indian,suspicion_adult_asian,suspicion_adult_black,suspicion_adult_white,suspicion_juvenile_american_indian,suspicion_juvenile_asian,suspicion_juvenile_black,suspicion_juvenile_white,suspicion_total_american_indian,suspicion_total_asian,suspicion_total_black,suspicion_total_white,suspicion_adult_hispanic,suspicion_adult_non_hispanic,suspicion_juvenile_hispanic,suspicion_juvenile_non_hispanic,suspicion_total_hispanic,suspicion_total_non_hispanic,theft_total_adult,theft_total_juvenile,theft_total_arrests,theft_total_male_adult,theft_total_female_adult,theft_total_male_juvenile,theft_total_female_juvenile,theft_total_male,theft_total_female,theft_adult_american_indian,theft_adult_asian,theft_adult_black,theft_adult_white,theft_juvenile_american_indian,theft_juvenile_asian,theft_juvenile_black,theft_juvenile_white,theft_total_american_indian,theft_total_asian,theft_total_black,theft_total_white,theft_adult_hispanic,theft_adult_non_hispanic,theft_juvenile_hispanic,theft_juvenile_non_hispanic,theft_total_hispanic,theft_total_non_hispanic,vagrancy_total_adult,vagrancy_total_juvenile,vagrancy_total_arrests,vagrancy_total_male_adult,vagrancy_total_female_adult,vagrancy_total_male_juvenile,vagrancy_total_female_juvenile,vagrancy_total_male,vagrancy_total_female,vagrancy_adult_american_indian,vagrancy_adult_asian,vagrancy_adult_black,vagrancy_adult_white,vagrancy_juvenile_american_indian,vagrancy_juvenile_asian,vagrancy_juvenile_black,vagrancy_juvenile_white,vagrancy_total_american_indian,vagrancy_total_asian,vagrancy_total_black,vagrancy_total_white,vagrancy_adult_hispanic,vagrancy_adult_non_hispanic,vagrancy_juvenile_hispanic,vagrancy_juvenile_non_hispanic,vagrancy_total_hispanic,vagrancy_total_non_hispanic,vandalism_total_adult,vandalism_total_juvenile,vandalism_total_arrests,vandalism_total_male_adult,vandalism_total_female_adult,vandalism_total_male_juvenile,vandalism_total_female_juvenile,vandalism_total_male,vandalism_total_female,vandalism_adult_american_indian,vandalism_adult_asian,vandalism_adult_black,vandalism_adult_white,vandalism_juvenile_american_indian,vandalism_juvenile_asian,vandalism_juvenile_black,vandalism_juvenile_white,vandalism_total_american_indian,vandalism_total_asian,vandalism_total_black,vandalism_total_white,vandalism_adult_hispanic,vandalism_adult_non_hispanic,vandalism_juvenile_hispanic,vandalism_juvenile_non_hispanic,vandalism_total_hispanic,vandalism_total_non_hispanic,weapons_carrying_possessing_etc_total_adult,weapons_carrying_possessing_etc_total_juvenile,weapons_carrying_possessing_etc_total_arrests,weapons_carrying_possessing_etc_total_male_adult,weapons_carrying_possessing_etc_total_female_adult,weapons_carrying_possessing_etc_total_male_juvenile,weapons_carrying_possessing_etc_total_female_juvenile,weapons_carrying_possessing_etc_total_male,weapons_carrying_possessing_etc_total_female,weapons_carrying_possessing_etc_adult_american_indian,weapons_carrying_possessing_etc_adult_asian,weapons_carrying_possessing_etc_adult_black,weapons_carrying_possessing_etc_adult_white,weapons_carrying_possessing_etc_juvenile_american_indian,weapons_carrying_possessing_etc_juvenile_asian,weapons_carrying_possessing_etc_juvenile_black,weapons_carrying_possessing_etc_juvenile_white,weapons_carrying_possessing_etc_total_american_indian,weapons_carrying_possessing_etc_total_asian,weapons_carrying_possessing_etc_total_black,weapons_carrying_possessing_etc_total_white,weapons_carrying_possessing_etc_adult_hispanic,weapons_carrying_possessing_etc_adult_non_hispanic,weapons_carrying_possessing_etc_juvenile_hispanic,weapons_carrying_possessing_etc_juvenile_non_hispanic,weapons_carrying_possessing_etc_total_hispanic,weapons_carrying_possessing_etc_total_non_hispanic,all_arrests_total_total_adult,all_arrests_total_total_juvenile,all_arrests_total_total_arrests,all_arrests_total_total_male_adult,all_arrests_total_total_female_adult,all_arrests_total_total_male_juvenile,all_arrests_total_total_female_juvenile,all_arrests_total_total_male,all_arrests_total_total_female,all_arrests_total_adult_american_indian,all_arrests_total_adult_asian,all_arrests_total_adult_black,all_arrests_total_adult_white,all_arrests_total_juvenile_american_indian,all_arrests_total_juvenile_asian,all_arrests_total_juvenile_black,all_arrests_total_juvenile_white,all_arrests_total_total_american_indian,all_arrests_total_total_asian,all_arrests_total_total_black,all_arrests_total_total_white,all_arrests_total_adult_hispanic,all_arrests_total_adult_non_hispanic,all_arrests_total_juvenile_hispanic,all_arrests_total_juvenile_non_hispanic,all_arrests_total_total_hispanic,all_arrests_total_total_non_hispanic
Marked Tree Police Department,AR05601,2023,Arkansas,2183,6,0,6,5,1,0,0,5,1,0,0,3,3,0,0,0,0,0,0,3,3,0,4,0,0,4,4,82,0,82,52,30,0,0,52,30,0,0,29,52,0,0,0,0,0,0,29,52,1,60,0,0,61,60,0,0,0,0,0,0,0,0,0,0,0,0,0,0,0,0,0,0,0,0,0,0,0,0,0,0,0,6,0,6,4,2,0,0,4,2,0,0,1,5,0,0,0,0,0,0,1,5,0,6,0,0,6,6,0,0,0,0,0,0,0,0,0,0,0,0,0,0,0,0,0,0,0,0,0,0,0,0,0,0,0,0,0,0,0,0,0,0,0,0,0,0,0,0,0,0,0,0,0,0,0,0,0,0,0,0,0,0,0,0,28,26,0,37,55,0,0,0,0,0,0,0,55,37,18,0,0,37,18,0,0,28,26,37,37,16,0,16,12,4,0,0,12,4,0,0,11,4,0,0,0,0,0,0,11,4,0,12,0,0,12,12,1,0,1,1,0,0,0,1,0,0,0,1,0,0,0,0,0,0,0,1,0,0,1,0,0,1,1,34,0,34,20,14,0,0,20,14,0,0,13,21,0,0,0,0,0,0,13,21,0,24,0,0,24,24,4,0,4,4,0,0,0,4,0,0,0,3,1,0,0,0,0,0,0,3,1,0,0,0,0,0,0,0,0,0,0,0,0,0,0,0,0,0,0,0,0,0,0,0,0,0,0,0,0,0,0,0,0,0,0,0,0,0,0,0,0,0,0,0,0,0,0,0,0,0,0,0,0,0,0,0,0,0,0,0,0,0,0,0,0,0,0,0,0,0,0,0,0,0,0,0,0,0,0,0,0,0,0,0,0,0,0,0,0,0,0,0,0,0,0,0,0,0,0,0,0,0,0,0,0,0,0,0,0,0,0,0,0,0,0,0,0,0,0,0,0,0,0,0,0,0,0,0,0,0,0,0,0,0,0,0,0,0,0,0,0,0,55,0,55,37,18,0,0,37,18,0,0,28,26,0,0,0,0,0,0,28,26,0,37,0,0,37,37,0,0,0,0,0,0,0,0,0,0,0,0,0,0,0,0,0,0,0,0,0,0,0,0,0,0,0,0,0,0,0,0,0,0,0,0,0,0,0,0,0,0,0,0,0,0,0,0,0,0,0,0,0,0,0,0,0,0,0,0,0,0,0,0,0,0,0,0,0,0,0,0,0,0,0,0,0,0,0,0,0,0,0,0,0,0,0,0,0,0,0,0,0,0,0,0,0,0,0,0,0,0,0,0,0,0,0,0,0,0,0,0,0,0,0,0,0,0,0,0,0,0,0,0,0,0,0,0,0,0,0,0,0,0,0,0,0,0,0,0,0,0,0,0,0,0,0,0,0,0,0,0,0,0,0,0,0,0,0,0,0,0,0,0,0,0,0,0,0,0,0,0,0,0,0,0,0,0,0,0,0,0,0,0,0,0,0,0,0,0,0,0,0,0,0,0,0,0,0,0,0,0,0,0,0,0,0,0,0,0,0,0,0,0,0,0,0,0,0,0,0,0,0,0,0,0,0,0,0,0,0,0,0,0,0,0,0,0,0,0,0,0,0,0,0,0,0,0,0,0,0,0,0,0,0,0,0,0,0,0,0,0,0,0,0,0,0,0,0,0,0,0,0,0,0,0,0,0,0,0,0,0,0,0,0,0,0,0,0,0,0,0,0,0,0,0,0,0,0,0,0,0,0,0,0,0,0,0,0,0,0,0,0,0,0,0,0,0,0,0,0,0,0,0,0,0,0,0,0,0,0,0,0,0,0,0,0,0,0,0,0,0,0,0,0,0,0,0,0,0,0,0,0,0,0,0,0,0,0,0,0,0,0,0,0,0,0,0,0,0,0,0,0,0,0,0,0,0,0,0,0,0,0,0,0,0,0,0,0,0,0,0,0,0,0,0,0,0,0,0,0,0,0,0,0,0,0,0,0,0,0,0,0,0,0,0,0,0,0,0,0,0,0,0,0,0,0,0,0,0,0,0,26,0,26,14,12,0,0,14,12,0,0,9,17,0,0,0,0,0,0,9,17,0,18,0,0,18,18,0,0,0,0,0,0,0,0,0,0,0,0,0,0,0,0,0,0,0,0,0,0,0,0,0,0,0,0,0,0,0,0,0,0,0,0,0,0,0,0,0,0,0,0,0,0,0,0,0,0,0,0,0,0,0,0,0,0,0,0,0,0,0,0,0,0,0,0,0,0,0,0,0,0,0,0,0,0,0,0,0,0,0,0,0,0,0,0,0,0,0,0,0,0,0,0,0,0,0,0,0,0,0,0,0,0,0,0,0,0,0,0,0,0,0,0,0,0,0,0,0,0,0,0,0,0,0,0,0,0,0,0,0,0,0,0,0,0,0,0,0,0,0,0,0,0,0,0,0,0,0,0,0,0,0,0,0,0,0,0,0,0,0,0,0,0,0,0,0,0,0,0,0,0,0,0,0,0,0,0,0,0,0,0,0,0,0,0,0,0,0,0,0,0,0,0,0,0,0,0,0,0,0,0,0,0,0,0,0,0,0,0,0,0,0,0,0,0,0,0,0,0,0,0,0,0,0,0,0,0,0,0,0,0,0,0,0,0,0,0,0,0,0,0,0,0,0,0,0,0,0,0,0,0,0,0,0,0,0,0,0,0,0,0,0,0,0,0,0,0,4,0,4,4,0,0,0,4,0,0,0,1,3,0,0,0,0,0,0,1,3,0,3,0,0,3,3,0,0,0,0,0,0,0,0,0,0,0,0,0,0,0,0,0,0,0,0,0,0,0,0,0,0,0,1,0,1,0,1,0,0,0,1,0,0,1,0,0,0,0,0,0,0,1,0,0,1,0,0,1,1,1,0,1,1,0,0,0,1,0,0,0,0,1,0,0,0,0,0,0,0,1,0,1,0,0,1,1,291,0,291,191,100,0,0,191,100,0,0,128,159,0,0,0,0,0,0,128,159,1,204,0,0,205,204
Marked Tree Police Department,AR05601,2022,Arkansas,2200,8,0,8,5,3,0,0,5,3,0,0,5,3,0,0,0,0,0,0,5,3,0,5,0,0,5,5,116,0,116,75,41,0,0,75,41,0,0,54,61,0,0,0,0,0,0,54,61,1,65,0,0,66,65,0,0,0,0,0,0,0,0,0,0,0,0,0,0,0,0,0,0,0,0,0,0,0,0,0,0,0,0,0,0,0,0,0,0,0,0,0,0,0,0,0,0,0,0,0,0,0,0,0,0,0,0,0,0,0,0,0,0,0,0,0,0,0,0,0,0,0,0,0,0,0,0,0,0,0,0,0,0,0,0,0,3,1,4,1,2,1,0,2,2,0,0,3,0,0,0,1,0,0,0,4,0,0,2,0,1,3,3,0,0,42,42,1,48,86,0,0,0,0,0,0,0,86,61,25,0,0,61,25,0,0,42,42,49,48,31,0,31,22,9,0,0,22,9,0,0,20,10,0,0,0,0,0,0,20,10,0,15,0,0,15,15,2,0,2,2,0,0,0,2,0,0,0,2,0,0,0,0,0,0,0,2,0,0,2,0,0,2,2,47,0,47,33,14,0,0,33,14,0,0,16,30,0,0,0,0,0,0,16,30,1,28,0,0,29,28,6,0,6,4,2,0,0,4,2,0,0,4,2,0,0,0,0,0,0,4,2,0,3,0,0,3,3,0,0,4,4,0,4,8,0,0,0,0,0,0,0,8,4,4,0,0,4,4,0,0,4,4,4,4,7,0,7,3,4,0,0,3,4,0,0,3,4,0,0,0,0,0,0,3,4,0,3,0,0,3,3,0,0,0,0,0,0,0,0,0,0,0,0,0,0,0,0,0,0,0,0,0,0,0,0,0,0,0,1,0,1,1,0,0,0,1,0,0,0,1,0,0,0,0,0,0,0,1,0,0,1,0,0,1,1,0,0,0,0,0,0,0,0,0,0,0,0,0,0,0,0,0,0,0,0,0,0,0,0,0,0,0,94,0,94,65,29,0,0,65,29,0,0,46,46,0,0,0,0,0,0,46,46,1,52,0,0,53,52,0,0,0,0,0,0,0,0,0,0,0,0,0,0,0,0,0,0,0,0,0,0,0,0,0,0,0,2,0,2,2,0,0,0,2,0,0,0,0,2,0,0,0,0,0,0,0,2,0,0,0,0,0,0,0,0,0,0,0,0,0,0,0,0,0,0,0,0,0,0,0,0,0,0,0,0,0,0,0,0,0,0,0,0,0,0,0,0,0,0,0,0,0,0,0,0,0,0,0,0,0,0,0,0,0,0,0,0,0,0,0,0,0,0,0,0,0,0,0,0,0,0,0,0,0,0,0,0,0,0,0,0,0,0,0,2,0,2,0,2,0,0,0,2,0,0,2,0,0,0,0,0,0,0,2,0,0,2,0,0,2,2,0,0,0,0,0,0,0,0,0,0,0,0,0,0,0,0,0,0,0,0,0,0,0,0,0,0,0,0,0,0,0,0,0,0,0,0,0,0,0,0,0,0,0,0,0,0,0,0,0,0,0,0,0,0,0,0,0,0,0,0,0,0,0,0,0,0,0,0,0,0,0,0,0,0,0,0,0,0,0,0,0,0,0,0,0,0,0,0,0,0,0,0,0,0,0,0,0,0,0,0,0,0,0,0,0,0,0,0,0,0,0,0,0,0,0,0,0,0,0,0,0,0,0,0,0,0,0,0,0,0,0,0,0,0,0,0,0,0,0,0,0,0,0,0,0,0,0,0,0,0,0,0,0,0,0,0,0,0,0,0,0,0,0,0,0,0,0,0,0,0,0,0,0,0,0,0,0,0,0,0,0,0,0,0,0,0,0,0,0,0,0,0,0,0,0,0,0,0,0,0,0,0,0,0,0,0,0,0,0,0,0,0,0,0,0,0,1,0,1,1,0,0,0,1,0,0,0,1,0,0,0,0,0,0,0,1,0,0,1,0,0,1,1,0,0,0,0,0,0,0,0,0,0,0,0,0,0,0,0,0,0,0,0,0,0,0,0,0,0,0,19,2,21,14,5,2,0,16,5,0,0,8,10,0,0,2,0,0,0,10,10,1,14,0,2,17,16,0,0,0,0,0,0,0,0,0,0,0,0,0,0,0,0,0,0,0,0,0,0,0,0,0,0,0,0,0,0,0,0,0,0,0,0,0,0,0,0,0,0,0,0,0,0,0,0,0,0,0,0,0,0,0,0,0,0,0,0,0,0,0,0,0,0,0,0,0,0,0,0,0,0,0,0,0,0,0,0,0,0,0,0,0,0,0,0,0,0,0,0,0,0,0,0,0,0,0,0,0,0,0,0,0,0,0,0,0,0,0,0,0,0,0,0,0,0,0,0,0,0,0,0,0,0,0,0,0,0,0,0,0,0,0,0,0,0,0,0,0,0,0,0,0,0,0,0,0,0,0,0,0,0,0,0,0,0,0,0,0,0,0,0,0,0,0,0,0,0,0,0,0,0,0,0,0,0,0,0,0,0,0,0,0,0,0,0,0,0,0,0,0,0,0,0,0,0,0,0,0,0,0,0,0,0,0,0,0,0,0,0,0,0,0,0,0,0,0,0,0,0,0,0,0,0,0,0,0,0,0,0,0,0,0,0,0,0,0,0,0,0,0,0,0,0,0,0,0,0,0,0,0,0,0,0,0,0,0,0,0,0,0,0,0,0,0,0,0,0,7,0,7,3,4,0,0,3,4,0,0,4,3,0,0,0,0,0,0,4,3,0,7,0,0,7,7,0,0,0,0,0,0,0,0,0,0,0,0,0,0,0,0,0,0,0,0,0,0,0,0,0,0,0,0,0,0,0,0,0,0,0,0,0,0,0,0,0,0,0,0,0,0,0,0,0,0,0,0,0,0,0,0,0,0,0,0,0,0,0,0,0,0,0,0,0,0,0,0,0,0,0,0,0,0,0,0,0,440,3,443,296,144,3,0,299,144,0,0,215,217,0,0,3,0,0,0,218,217,5,252,0,3,260,255
Marked Tree Police Department,AR05601,2021,Arkansas,2366,9,0,9,8,1,0,0,8,1,0,0,5,4,0,0,0,0,0,0,5,4,1,8,0,0,9,8,110,3,113,64,46,3,0,67,46,0,0,42,65,0,0,0,3,0,0,42,68,2,55,0,2,59,57,0,0,0,0,0,0,0,0,0,0,0,0,0,0,0,0,0,0,0,0,0,0,0,0,0,0,0,2,0,2,2,0,0,0,2,0,0,0,0,2,0,0,0,0,0,0,0,2,0,0,0,0,0,0,0,0,0,0,0,0,0,0,0,0,0,0,0,0,0,0,0,0,0,0,0,0,0,0,0,0,0,1,0,1,1,0,0,0,1,0,0,0,1,0,0,0,0,0,0,0,1,0,0,0,0,0,0,0,0,0,24,37,0,48,61,0,0,0,0,0,0,0,61,45,16,0,0,45,16,0,0,24,37,48,48,18,0,18,14,4,0,0,14,4,0,0,9,9,0,0,0,0,0,0,9,9,0,13,0,0,13,13,3,0,3,2,1,0,0,2,1,0,0,2,1,0,0,0,0,0,0,2,1,0,2,0,0,2,2,37,0,37,28,9,0,0,28,9,0,0,12,25,0,0,0,0,0,0,12,25,0,31,0,0,31,31,3,0,3,1,2,0,0,1,2,0,0,1,2,0,0,0,0,0,0,1,2,0,2,0,0,2,2,0,0,4,7,0,3,11,0,0,0,0,0,0,0,11,10,1,0,0,10,1,0,0,4,7,3,3,8,0,8,7,1,0,0,7,1,0,0,3,5,0,0,0,0,0,0,3,5,0,3,0,0,3,3,0,0,0,0,0,0,0,0,0,0,0,0,0,0,0,0,0,0,0,0,0,0,0,0,0,0,0,3,0,3,3,0,0,0,3,0,0,0,1,2,0,0,0,0,0,0,1,2,0,0,0,0,0,0,0,0,0,0,0,0,0,0,0,0,0,0,0,0,0,0,0,0,0,0,0,0,0,0,0,0,0,72,0,72,55,17,0,0,55,17,0,0,28,44,0,0,0,0,0,0,28,44,0,51,0,0,51,51,0,0,0,0,0,0,0,0,0,0,0,0,0,0,0,0,0,0,0,0,0,0,0,0,0,0,0,3,0,3,3,0,0,0,3,0,0,0,3,0,0,0,0,0,0,0,3,0,0,2,0,0,2,2,0,0,0,0,0,0,0,0,0,0,0,0,0,0,0,0,0,0,0,0,0,0,0,0,0,0,0,0,0,0,0,0,0,0,0,0,0,0,0,0,0,0,0,0,0,0,0,0,0,0,0,0,0,0,0,0,0,0,0,0,0,0,0,0,0,0,0,0,0,0,0,0,0,0,0,0,0,0,0,0,0,0,0,0,0,0,0,0,0,0,0,0,0,0,0,0,0,0,0,0,0,0,0,0,0,0,0,0,0,0,0,0,0,0,0,0,0,0,0,0,0,0,0,0,0,0,0,0,0,0,0,0,0,0,0,0,0,0,0,0,0,0,0,0,0,0,0,0,0,0,0,0,0,0,0,0,0,0,0,0,0,0,0,0,0,0,0,0,0,0,0,0,0,0,0,0,0,0,0,0,0,0,0,0,0,0,0,0,0,0,0,3,0,0,1,3,0,0,0,0,0,0,0,3,3,0,0,0,3,0,0,0,3,0,1,1,0,0,0,0,0,0,0,0,0,0,0,0,0,0,0,0,0,0,0,0,0,0,0,0,0,0,0,0,0,0,0,0,0,0,0,0,0,0,0,0,0,0,0,0,0,0,0,0,0,0,0,0,0,0,0,0,0,0,0,0,0,0,0,0,0,0,0,0,0,0,0,0,0,0,0,0,0,0,0,0,0,0,0,0,0,0,0,0,0,0,0,0,0,0,0,0,0,0,0,0,0,0,0,0,0,0,0,0,0,0,0,0,0,0,0,0,0,0,0,0,0,0,0,0,0,0,0,0,0,0,0,0,0,0,0,0,0,0,0,0,0,0,0,0,0,0,0,0,0,0,0,0,0,0,0,0,0,0,0,0,0,0,20,0,20,12,8,0,0,12,8,0,0,8,12,0,0,0,0,0,0,8,12,0,14,0,0,14,14,0,0,0,0,0,0,0,0,0,0,0,0,0,0,0,0,0,0,0,0,0,0,0,0,0,0,0,0,0,0,0,0,0,0,0,0,0,0,0,0,0,0,0,0,0,0,0,0,0,0,0,0,0,0,0,0,0,0,0,0,0,0,0,0,0,0,0,0,0,0,0,0,0,0,0,0,0,0,0,0,0,0,0,0,0,0,0,0,0,0,0,0,0,0,0,0,0,0,0,0,0,0,0,0,0,0,0,0,0,0,0,0,0,0,0,0,0,0,0,0,0,0,0,0,0,0,0,0,0,0,0,0,0,0,0,1,0,1,1,0,0,0,1,0,0,0,0,1,0,0,0,0,0,0,0,1,0,0,0,0,0,0,0,0,0,0,0,0,0,0,0,0,0,0,0,0,0,0,0,0,0,0,0,0,0,0,0,0,0,0,0,0,0,0,0,0,0,0,0,0,0,0,0,0,0,0,0,0,0,0,0,0,0,0,0,0,1,0,1,1,0,0,0,1,0,0,0,0,1,0,0,0,0,0,0,0,1,0,1,0,0,1,1,0,0,0,0,0,0,0,0,0,0,0,0,0,0,0,0,0,0,0,0,0,0,0,0,0,0,0,1,0,1,1,0,0,0,1,0,0,0,0,1,0,0,0,0,0,0,0,1,0,1,0,0,1,1,1,0,1,0,1,0,0,0,1,0,0,0,1,0,0,0,0,0,0,0,1,0,1,0,0,1,1,6,0,6,4,2,0,0,4,2,0,0,2,4,0,0,0,0,0,0,2,4,0,1,0,0,1,1,1,0,1,1,0,0,0,1,0,0,0,1,0,0,0,0,0,0,0,1,0,0,1,0,0,1,1,375,3,378,266,109,3,0,269,109,0,0,149,223,0,0,0,3,0,0,149,226,3,238,0,2,243,240
Marked Tree Police Department,AR05601,2020,Arkansas,2405,9,0,9,6,3,0,0,6,3,0,0,4,5,0,0,0,0,0,0,4,5,0,8,0,0,8,8,51,0,51,35,16,0,0,35,16,0,0,16,34,0,0,0,0,0,0,16,34,0,33,0,0,33,33,0,0,0,0,0,0,0,0,0,0,0,0,0,0,0,0,0,0,0,0,0,0,0,0,0,0,0,1,0,1,0,1,0,0,0,1,0,0,1,0,0,0,0,0,0,0,1,0,0,1,0,0,1,1,0,0,0,0,0,0,0,0,0,0,0,0,0,0,0,0,0,0,0,0,0,0,0,0,0,0,0,3,0,3,2,1,0,0,2,1,0,0,3,0,0,0,0,0,0,0,3,0,0,3,0,0,3,3,0,0,29,34,0,40,65,0,0,0,0,0,0,0,65,49,16,0,0,49,16,0,0,29,34,40,40,28,0,28,22,6,0,0,22,6,0,0,16,10,0,0,0,0,0,0,16,10,0,17,0,0,17,17,7,0,7,4,3,0,0,4,3,0,0,0,7,0,0,0,0,0,0,0,7,0,5,0,0,5,5,26,0,26,20,6,0,0,20,6,0,0,11,15,0,0,0,0,0,0,11,15,0,14,0,0,14,14,4,0,4,3,1,0,0,3,1,0,0,2,2,0,0,0,0,0,0,2,2,0,4,0,0,4,4,0,0,2,0,0,1,2,0,0,0,0,0,0,0,2,2,0,0,0,2,0,0,0,2,0,1,1,1,0,1,1,0,0,0,1,0,0,0,1,0,0,0,0,0,0,0,1,0,0,0,0,0,0,0,0,0,0,0,0,0,0,0,0,0,0,0,0,0,0,0,0,0,0,0,0,0,0,0,0,0,0,1,0,1,1,0,0,0,1,0,0,0,1,0,0,0,0,0,0,0,1,0,0,1,0,0,1,1,0,0,0,0,0,0,0,0,0,0,0,0,0,0,0,0,0,0,0,0,0,0,0,0,0,0,0,67,0,67,51,16,0,0,51,16,0,0,31,34,0,0,0,0,0,0,31,34,0,41,0,0,41,41,0,0,0,0,0,0,0,0,0,0,0,0,0,0,0,0,0,0,0,0,0,0,0,0,0,0,0,6,0,6,5,1,0,0,5,1,0,0,2,4,0,0,0,0,0,0,2,4,0,4,0,0,4,4,0,0,0,0,0,0,0,0,0,0,0,0,0,0,0,0,0,0,0,0,0,0,0,0,0,0,0,0,0,0,0,0,0,0,0,0,0,0,0,0,0,0,0,0,0,0,0,0,0,0,0,0,0,0,0,0,0,0,0,0,0,0,0,0,0,0,0,0,0,0,0,0,0,0,0,0,0,0,0,0,0,0,0,0,0,0,0,0,0,0,0,0,0,0,0,0,0,0,0,0,0,0,0,0,0,0,0,0,0,0,0,0,0,0,0,0,0,0,0,0,0,0,0,0,0,0,0,0,0,0,0,0,0,0,0,0,0,0,0,0,0,0,0,0,0,0,0,0,0,0,0,0,0,0,0,0,0,0,0,0,0,0,0,0,0,0,0,0,0,0,0,0,0,0,0,0,0,0,0,0,0,0,0,0,0,0,0,0,0,0,0,0,0,0,0,0,0,0,0,0,0,0,0,0,0,0,0,0,0,0,0,0,0,0,0,0,0,0,0,0,0,0,0,0,0,0,0,0,0,0,0,0,0,0,0,0,0,0,0,0,0,0,0,0,0,0,0,0,0,0,0,0,0,0,0,0,0,0,0,0,0,0,0,0,0,0,0,0,0,0,0,0,0,0,0,0,0,0,0,0,0,0,0,0,0,0,0,0,0,0,0,0,0,0,0,0,0,0,0,0,0,0,0,0,0,0,0,0,0,0,0,0,0,0,0,0,0,0,0,0,0,0,0,0,0,0,0,0,0,0,0,0,0,0,0,0,0,0,0,0,0,0,0,0,0,0,0,0,0,0,0,0,0,0,0,0,0,0,0,0,0,0,0,0,0,0,0,0,0,0,0,0,0,0,0,0,0,0,14,0,14,10,4,0,0,10,4,0,0,6,8,0,0,0,0,0,0,6,8,0,10,0,0,10,10,0,0,0,0,0,0,0,0,0,0,0,0,0,0,0,0,0,0,0,0,0,0,0,0,0,0,0,0,0,0,0,0,0,0,0,0,0,0,0,0,0,0,0,0,0,0,0,0,0,0,0,0,0,0,0,0,0,0,0,0,0,0,0,0,0,0,0,0,0,0,0,0,0,0,0,0,0,0,0,0,0,0,0,0,0,0,0,0,0,0,0,0,0,0,0,0,0,0,0,0,0,0,0,0,0,0,0,0,0,0,0,0,0,0,0,0,0,0,0,0,0,0,0,0,0,0,0,0,0,0,0,0,0,0,0,0,0,0,0,0,0,0,0,0,0,0,0,0,0,0,0,0,0,0,0,0,0,0,0,0,0,0,0,0,0,0,0,0,0,0,0,0,0,0,0,0,0,0,0,0,0,0,0,0,0,0,0,0,0,0,0,0,0,0,0,0,0,0,0,0,0,0,0,0,0,0,0,0,0,0,0,0,0,0,0,0,1,0,1,1,0,0,0,1,0,0,0,0,1,0,0,0,0,0,0,0,1,0,0,0,0,0,0,0,0,0,0,0,0,0,0,0,0,0,0,0,0,0,0,0,0,0,0,0,0,0,0,0,0,0,10,0,10,6,4,0,0,6,4,0,0,5,5,0,0,0,0,0,0,5,5,0,6,0,0,6,6,0,0,0,0,0,0,0,0,0,0,0,0,0,0,0,0,0,0,0,0,0,0,0,0,0,0,0,3,0,3,2,1,0,0,2,1,0,0,3,0,0,0,0,0,0,0,3,0,0,1,0,0,1,1,1,0,1,1,0,0,0,1,0,0,0,0,1,0,0,0,0,0,0,0,1,0,1,0,0,1,1,300,0,300,221,79,0,0,221,79,0,0,133,160,0,0,0,0,0,0,133,160,0,190,0,0,190,190
Marked Tree Police Department,AR05601,2019,Arkansas,2462,8,0,8,4,4,0,0,4,4,0,0,3,5,0,0,0,0,0,0,3,5,0,7,0,0,7,7,29,0,29,21,8,0,0,21,8,0,0,12,17,0,0,0,0,0,0,12,17,0,22,0,0,22,22,0,0,0,0,0,0,0,0,0,0,0,0,0,0,0,0,0,0,0,0,0,0,0,0,0,0,0,2,0,2,2,0,0,0,2,0,0,0,1,1,0,0,0,0,0,0,1,1,0,2,0,0,2,2,0,0,0,0,0,0,0,0,0,0,0,0,0,0,0,0,0,0,0,0,0,0,0,0,0,0,0,2,1,3,1,1,1,0,2,1,0,0,2,0,0,0,0,1,0,0,2,1,0,2,0,0,2,2,0,0,8,5,0,11,13,0,0,0,0,0,0,0,13,9,4,0,0,9,4,0,0,8,5,11,11,5,0,5,4,1,0,0,4,1,0,0,3,2,0,0,0,0,0,0,3,2,0,4,0,0,4,4,0,0,0,0,0,0,0,0,0,0,0,0,0,0,0,0,0,0,0,0,0,0,0,0,0,0,0,8,0,8,5,3,0,0,5,3,0,0,5,3,0,0,0,0,0,0,5,3,0,7,0,0,7,7,0,0,0,0,0,0,0,0,0,0,0,0,0,0,0,0,0,0,0,0,0,0,0,0,0,0,0,0,0,2,0,0,2,2,0,0,0,0,0,0,0,2,1,1,0,0,1,1,0,0,2,0,2,2,0,0,0,0,0,0,0,0,0,0,0,0,0,0,0,0,0,0,0,0,0,0,0,0,0,0,0,0,0,0,0,0,0,0,0,0,0,0,0,0,0,0,0,0,0,0,0,0,0,0,0,0,0,0,2,0,2,1,1,0,0,1,1,0,0,2,0,0,0,0,0,0,0,2,0,0,2,0,0,2,2,0,0,0,0,0,0,0,0,0,0,0,0,0,0,0,0,0,0,0,0,0,0,0,0,0,0,0,15,0,15,10,5,0,0,10,5,0,0,10,5,0,0,0,0,0,0,10,5,0,13,0,0,13,13,3,0,3,1,2,0,0,1,2,0,0,1,2,0,0,0,0,0,0,1,2,0,2,0,0,2,2,2,0,2,1,1,0,0,1,1,0,0,2,0,0,0,0,0,0,0,2,0,0,1,0,0,1,1,0,0,0,0,0,0,0,0,0,0,0,0,0,0,0,0,0,0,0,0,0,0,0,0,0,0,0,0,0,0,0,0,0,0,0,0,0,0,0,0,0,0,0,0,0,0,0,0,0,0,0,0,0,0,4,0,4,4,0,0,0,4,0,0,0,1,3,0,0,0,0,0,0,1,3,0,4,0,0,4,4,1,0,1,0,1,0,0,0,1,0,0,1,0,0,0,0,0,0,0,1,0,0,1,0,0,1,1,0,0,0,0,0,0,0,0,0,0,0,0,0,0,0,0,0,0,0,0,0,0,0,0,0,0,0,0,0,0,0,0,0,0,0,0,0,0,0,0,0,0,0,0,0,0,0,0,0,0,0,0,0,0,0,0,0,0,0,0,0,0,0,0,0,0,0,0,0,0,0,0,0,0,0,0,0,0,0,0,0,0,0,0,0,0,0,0,0,0,0,0,0,0,0,0,0,0,0,0,0,0,0,0,0,0,0,0,0,0,0,0,0,0,0,0,0,0,0,0,0,0,0,0,0,0,0,0,0,0,0,0,0,0,0,0,0,0,0,0,0,0,0,0,0,0,0,0,0,0,0,0,0,0,0,0,0,0,0,0,0,0,0,0,0,0,0,0,0,0,0,0,0,0,0,0,0,0,0,0,0,0,0,0,0,0,0,0,0,1,2,3,1,0,2,0,3,0,0,0,0,1,0,0,2,0,0,0,2,1,0,1,0,2,3,3,0,0,0,0,0,0,0,0,0,0,0,0,0,0,0,0,0,0,0,0,0,0,0,0,0,0,0,0,0,0,0,0,0,0,0,0,0,0,0,0,0,0,0,0,0,0,0,0,0,0,0,0,0,0,14,4,18,9,5,1,3,10,8,0,0,11,3,0,0,1,3,0,0,12,6,1,11,0,4,16,15,1,0,1,1,0,0,0,1,0,0,0,1,0,0,0,0,0,0,0,1,0,0,1,0,0,1,1,0,0,0,0,0,0,0,0,0,0,0,0,0,0,0,0,0,0,0,0,0,0,0,0,0,0,0,0,0,0,0,0,0,0,0,0,0,0,0,0,0,0,0,0,0,0,0,0,0,0,0,0,0,0,0,0,0,0,0,0,0,0,0,0,0,0,0,0,0,0,0,0,0,0,0,0,0,0,0,0,0,0,0,0,0,0,0,0,0,0,0,0,0,0,0,0,0,0,0,0,0,0,0,0,0,0,0,0,0,0,0,0,0,0,0,0,0,0,0,0,0,0,0,0,0,0,0,0,0,0,0,0,0,0,0,0,0,0,0,0,0,0,0,0,0,0,0,0,0,0,0,0,0,0,0,0,0,0,0,0,0,0,0,0,0,0,0,0,0,0,0,0,0,0,0,0,0,0,0,0,0,0,0,0,0,0,0,0,0,0,0,0,0,0,0,0,0,0,0,0,0,0,0,0,0,0,0,0,0,0,0,0,0,0,0,0,0,0,0,0,0,0,0,0,0,0,0,0,0,0,0,0,0,0,0,0,0,0,0,0,0,0,0,4,0,4,2,2,0,0,2,2,0,0,2,2,0,0,0,0,0,0,2,2,0,3,0,0,3,3,0,0,0,0,0,0,0,0,0,0,0,0,0,0,0,0,0,0,0,0,0,0,0,0,0,0,0,4,0,4,2,2,0,0,2,2,0,0,2,2,0,0,0,0,0,0,2,2,0,3,0,0,3,3,0,0,0,0,0,0,0,0,0,0,0,0,0,0,0,0,0,0,0,0,0,0,0,0,0,0,0,120,7,127,79,41,4,3,83,44,0,0,69,51,0,0,3,4,0,0,72,55,1,99,0,6,106,105
Marked Tree Police Department,AR05601,2018,Arkansas,2493,6,0,6,3,3,0,0,3,3,0,0,1,4,0,0,0,0,0,0,1,4,0,6,0,0,6,6,56,3,59,45,11,3,0,48,11,0,0,24,32,0,0,3,0,0,0,27,32,0,42,0,3,45,45,1,0,1,0,1,0,0,0,1,0,0,1,0,0,0,0,0,0,0,1,0,0,1,0,0,1,1,6,0,6,1,5,0,0,1,5,0,0,6,0,0,0,0,0,0,0,6,0,0,5,0,0,5,5,0,0,0,0,0,0,0,0,0,0,0,0,0,0,0,0,0,0,0,0,0,0,0,0,0,0,0,3,0,3,3,0,0,0,3,0,0,0,1,2,0,0,0,0,0,0,1,2,0,2,0,0,2,2,0,0,0,0,0,0,0,0,0,0,0,0,0,0,0,0,0,0,0,0,0,0,0,0,0,0,0,8,0,8,6,2,0,0,6,2,0,0,4,4,0,0,0,0,0,0,4,4,0,7,0,0,7,7,1,0,1,1,0,0,0,1,0,0,0,1,0,0,0,0,0,0,0,1,0,0,0,0,0,0,0,8,0,8,8,0,0,0,8,0,0,0,3,5,0,0,0,0,0,0,3,5,0,7,0,0,7,7,2,0,2,2,0,0,0,2,0,0,0,0,2,0,0,0,0,0,0,0,2,0,2,0,0,2,2,0,0,0,0,0,0,0,0,0,0,0,0,0,0,0,0,0,0,0,0,0,0,0,0,0,0,0,1,0,1,1,0,0,0,1,0,0,0,1,0,0,0,0,0,0,0,1,0,0,1,0,0,1,1,0,0,0,0,0,0,0,0,0,0,0,0,0,0,0,0,0,0,0,0,0,0,0,0,0,0,0,0,0,0,0,0,0,0,0,0,0,0,0,0,0,0,0,0,0,0,0,0,0,0,0,0,0,0,0,0,0,0,0,0,0,0,0,0,0,0,0,0,0,0,0,0,0,0,0,0,0,0,0,0,0,0,0,0,0,0,0,0,0,0,0,0,0,0,0,0,0,0,0,0,0,0,0,0,0,0,0,0,9,0,9,7,2,0,0,7,2,0,0,2,7,0,0,0,0,0,0,2,7,0,8,0,0,8,8,3,0,3,2,1,0,0,2,1,0,0,1,2,0,0,0,0,0,0,1,2,0,2,0,0,2,2,0,0,0,0,0,0,0,0,0,0,0,0,0,0,0,0,0,0,0,0,0,0,0,0,0,0,0,0,0,0,0,0,0,0,0,0,0,0,0,0,0,0,0,0,0,0,0,0,0,0,0,0,0,0,4,0,4,4,0,0,0,4,0,0,0,2,2,0,0,0,0,0,0,2,2,0,3,0,0,3,3,1,0,1,1,0,0,0,1,0,0,0,1,0,0,0,0,0,0,0,1,0,0,0,0,0,0,0,0,0,0,0,0,0,0,0,0,0,0,0,0,0,0,0,0,0,0,0,0,0,0,0,0,0,0,0,0,0,0,0,0,0,0,0,0,0,0,0,0,0,0,0,0,0,0,0,0,0,0,0,0,0,0,0,0,0,0,0,0,0,0,0,0,0,0,0,0,0,0,0,0,0,0,0,0,0,0,0,0,0,0,0,0,0,0,0,0,0,0,0,0,0,0,0,0,0,0,0,0,0,0,0,0,0,0,0,0,0,0,0,0,0,0,0,0,0,0,0,0,0,0,0,0,0,0,0,0,0,0,0,0,0,0,0,0,0,0,0,0,0,0,0,0,0,0,0,0,0,0,0,0,0,0,0,0,0,0,0,0,0,0,0,0,0,0,0,0,0,0,0,0,0,0,0,0,0,0,0,0,0,0,0,0,0,0,0,0,0,0,0,0,0,0,0,0,0,0,0,0,0,0,0,0,0,0,0,0,0,0,0,0,0,0,0,0,0,0,0,0,0,0,0,0,0,0,0,0,0,0,0,0,0,0,0,0,0,0,0,0,0,0,0,0,0,0,0,0,0,0,0,0,0,0,0,0,0,0,0,0,0,0,0,0,0,0,0,0,0,27,1,28,18,9,1,0,19,9,0,0,14,13,0,0,0,1,0,0,14,14,0,22,0,1,23,23,0,0,0,0,0,0,0,0,0,0,0,0,0,0,0,0,0,0,0,0,0,0,0,0,0,0,0,0,0,0,0,0,0,0,0,0,0,0,0,0,0,0,0,0,0,0,0,0,0,0,0,0,0,0,0,0,0,0,0,0,0,0,0,0,0,0,0,0,0,0,0,0,0,0,0,0,0,0,0,0,0,0,0,0,0,0,0,0,0,0,0,0,0,0,0,0,0,0,0,0,0,0,0,0,0,0,0,0,0,0,0,0,0,0,0,0,0,0,0,0,0,0,0,0,0,0,0,0,0,0,0,0,0,0,0,0,0,0,0,0,0,0,0,0,0,0,0,0,0,0,0,0,0,0,0,0,0,0,0,0,0,0,3,0,3,3,0,0,0,3,0,0,0,3,0,0,0,0,0,0,0,3,0,0,3,0,0,3,3,0,0,0,0,0,0,0,0,0,0,0,0,0,0,0,0,0,0,0,0,0,0,0,0,0,0,0,3,0,3,3,0,0,0,3,0,0,0,1,2,0,0,0,0,0,0,1,2,0,2,0,0,2,2,0,0,0,0,0,0,0,0,0,0,0,0,0,0,0,0,0,0,0,0,0,0,0,0,0,0,0,6,0,6,3,3,0,0,3,3,0,0,0,6,0,0,0,0,0,0,0,6,0,5,0,0,5,5,1,0,1,1,0,0,0,1,0,0,0,1,0,0,0,0,0,0,0,1,0,0,1,0,0,1,1,2,0,2,1,1,0,0,1,1,0,0,2,0,0,0,0,0,0,0,2,0,0,2,0,0,2,2,0,0,0,0,0,0,0,0,0,0,0,0,0,0,0,0,0,0,0,0,0,0,0,0,0,0,0,151,4,155,113,38,4,0,117,38,0,0,69,81,0,0,3,1,0,0,72,82,0,121,0,4,125,125
Marked Tree Police Department,AR05601,2017,Arkansas,2496,6,0,6,4,2,0,0,4,2,0,0,2,4,0,0,0,0,0,0,2,4,0,3,0,0,3,3,76,2,78,60,16,2,0,62,16,0,0,26,50,0,0,2,0,0,0,28,50,0,55,0,2,57,57,0,0,0,0,0,0,0,0,0,0,0,0,0,0,0,0,0,0,0,0,0,0,0,0,0,0,0,7,0,7,6,1,0,0,6,1,0,0,4,3,0,0,0,0,0,0,4,3,0,6,0,0,6,6,0,0,0,0,0,0,0,0,0,0,0,0,0,0,0,0,0,0,0,0,0,0,0,0,0,0,0,0,0,0,0,0,0,0,0,0,0,0,0,0,0,0,0,0,0,0,0,0,0,0,0,0,0,0,0,0,0,0,0,0,0,0,0,0,0,0,0,0,0,0,0,0,0,0,0,0,0,0,0,0,0,22,0,22,16,6,0,0,16,6,0,0,10,12,0,0,0,0,0,0,10,12,0,19,0,0,19,19,1,0,1,1,0,0,0,1,0,0,0,1,0,0,0,0,0,0,0,1,0,0,1,0,0,1,1,3,0,3,3,0,0,0,3,0,0,0,0,3,0,0,0,0,0,0,0,3,0,2,0,0,2,2,2,0,2,2,0,0,0,2,0,0,0,0,2,0,0,0,0,0,0,0,2,0,2,0,0,2,2,0,0,0,0,0,0,0,0,0,0,0,0,0,0,0,0,0,0,0,0,0,0,0,0,0,0,0,6,0,6,4,2,0,0,4,2,0,0,2,4,0,0,0,0,0,0,2,4,0,6,0,0,6,6,0,0,0,0,0,0,0,0,0,0,0,0,0,0,0,0,0,0,0,0,0,0,0,0,0,0,0,0,0,0,0,0,0,0,0,0,0,0,0,0,0,0,0,0,0,0,0,0,0,0,0,0,0,0,0,0,0,0,0,0,0,0,0,0,0,0,0,0,0,0,0,0,0,0,0,0,0,0,0,0,0,0,0,0,0,0,0,0,0,0,0,0,0,0,0,0,0,0,0,0,0,0,0,0,0,0,0,0,2,0,2,1,1,0,0,1,1,0,0,1,1,0,0,0,0,0,0,1,1,1,1,0,0,2,1,5,0,5,4,1,0,0,4,1,0,0,2,3,0,0,0,0,0,0,2,3,0,4,0,0,4,4,0,0,0,0,0,0,0,0,0,0,0,0,0,0,0,0,0,0,0,0,0,0,0,0,0,0,0,0,0,0,0,0,0,0,0,0,0,0,0,0,0,0,0,0,0,0,0,0,0,0,0,0,0,0,5,0,5,4,1,0,0,4,1,0,0,1,4,0,0,0,0,0,0,1,4,0,4,0,0,4,4,4,0,4,2,2,0,0,2,2,0,0,0,4,0,0,0,0,0,0,0,4,1,3,0,0,4,3,0,0,0,0,0,0,0,0,0,0,0,0,0,0,0,0,0,0,0,0,0,0,0,0,0,0,0,0,0,0,0,0,0,0,0,0,0,0,0,0,0,0,0,0,0,0,0,0,0,0,0,0,0,0,0,0,0,0,0,0,0,0,0,0,0,0,0,0,0,0,0,0,0,0,0,0,0,0,0,0,0,0,0,0,0,0,0,0,0,0,0,0,0,0,0,0,0,0,0,0,0,0,0,0,0,0,0,0,0,0,0,0,0,0,0,0,0,0,0,0,0,0,0,0,0,0,0,0,0,0,0,0,0,0,0,0,0,0,0,0,0,0,0,0,0,0,0,0,0,0,0,0,0,0,0,0,0,0,0,0,0,0,0,0,0,0,0,0,0,0,0,0,0,0,0,0,0,0,0,0,0,0,0,0,0,0,0,0,0,0,0,0,0,0,0,0,0,0,0,0,0,0,0,0,0,0,0,0,0,0,0,0,0,0,0,0,0,0,0,0,0,0,0,0,0,0,0,0,0,0,0,0,0,0,0,0,0,0,0,0,0,0,0,0,0,0,0,0,0,0,0,0,0,0,0,0,0,0,0,0,0,0,0,0,0,0,0,0,0,0,33,0,33,24,9,0,0,24,9,0,0,17,15,0,0,0,0,0,0,17,15,1,27,0,0,28,27,0,0,0,0,0,0,0,0,0,0,0,0,0,0,0,0,0,0,0,0,0,0,0,0,0,0,0,0,0,0,0,0,0,0,0,0,0,0,0,0,0,0,0,0,0,0,0,0,0,0,0,0,0,0,0,0,0,0,0,0,0,0,0,0,0,0,0,0,0,0,0,0,0,0,0,0,0,0,0,0,0,0,0,0,0,0,0,0,0,0,0,0,0,0,0,0,0,0,0,0,0,0,0,0,0,0,0,0,0,0,0,0,0,0,0,0,0,0,0,0,0,0,0,0,0,0,0,0,0,0,0,0,0,0,0,1,0,1,1,0,0,0,1,0,0,0,1,0,0,0,0,0,0,0,1,0,0,1,0,0,1,1,0,0,0,0,0,0,0,0,0,0,0,0,0,0,0,0,0,0,0,0,0,0,0,0,0,0,0,0,0,0,0,0,0,0,0,0,0,0,0,0,0,0,0,0,0,0,0,0,0,0,0,0,0,0,2,0,2,1,1,0,0,1,1,0,0,0,2,0,0,0,0,0,0,0,2,0,2,0,0,2,2,0,0,0,0,0,0,0,0,0,0,0,0,0,0,0,0,0,0,0,0,0,0,0,0,0,0,0,4,0,4,3,1,0,0,3,1,0,0,1,3,0,0,0,0,0,0,1,3,0,3,0,0,3,3,0,0,0,0,0,0,0,0,0,0,0,0,0,0,0,0,0,0,0,0,0,0,0,0,0,0,0,2,0,2,2,0,0,0,2,0,0,0,0,2,0,0,0,0,0,0,0,2,0,1,0,0,1,1,4,2,6,4,0,2,0,6,0,0,0,3,1,0,0,2,0,0,0,5,1,0,4,0,2,6,6,185,4,189,142,43,4,0,146,43,0,0,71,113,0,0,4,0,0,0,75,113,3,144,0,4,151,148
Marked Tree Police Department,AR05601,2016,Arkansas,2489,6,0,6,5,1,0,0,5,1,0,0,3,3,0,0,0,0,0,0,3,3,0,0,0,0,0,0,64,9,73,53,11,9,0,62,11,0,0,25,38,0,0,9,0,0,0,34,38,0,0,0,0,0,0,1,0,1,1,0,0,0,1,0,0,0,0,1,0,0,0,0,0,0,0,1,0,0,0,0,0,0,4,0,4,4,0,0,0,4,0,0,0,2,2,0,0,0,0,0,0,2,2,0,0,0,0,0,0,0,0,0,0,0,0,0,0,0,0,0,0,0,0,0,0,0,0,0,0,0,0,0,0,0,0,0,4,0,4,4,0,0,0,4,0,0,0,0,4,0,0,0,0,0,0,0,4,0,0,0,0,0,0,0,0,5,12,0,0,17,0,0,0,0,0,0,0,17,13,4,0,0,13,4,0,0,5,12,0,0,11,0,11,9,2,0,0,9,2,0,0,5,6,0,0,0,0,0,0,5,6,0,0,0,0,0,0,0,0,0,0,0,0,0,0,0,0,0,0,0,0,0,0,0,0,0,0,0,0,0,0,0,0,0,5,0,5,3,2,0,0,3,2,0,0,0,5,0,0,0,0,0,0,0,5,0,0,0,0,0,0,1,0,1,1,0,0,0,1,0,0,0,0,1,0,0,0,0,0,0,0,1,0,0,0,0,0,0,0,0,8,3,0,0,11,0,0,0,0,0,0,0,11,9,2,0,0,9,2,0,0,8,3,0,0,3,0,3,2,1,0,0,2,1,0,0,2,1,0,0,0,0,0,0,2,1,0,0,0,0,0,0,0,0,0,0,0,0,0,0,0,0,0,0,0,0,0,0,0,0,0,0,0,0,0,0,0,0,0,6,0,6,6,0,0,0,6,0,0,0,5,1,0,0,0,0,0,0,5,1,0,0,0,0,0,0,2,0,2,1,1,0,0,1,1,0,0,1,1,0,0,0,0,0,0,1,1,0,0,0,0,0,0,28,0,28,22,6,0,0,22,6,0,0,13,15,0,0,0,0,0,0,13,15,0,0,0,0,0,0,0,0,0,0,0,0,0,0,0,0,0,0,0,0,0,0,0,0,0,0,0,0,0,0,0,0,0,6,0,6,4,2,0,0,4,2,0,0,2,4,0,0,0,0,0,0,2,4,0,0,0,0,0,0,0,0,0,0,0,0,0,0,0,0,0,0,0,0,0,0,0,0,0,0,0,0,0,0,0,0,0,0,0,0,0,0,0,0,0,0,0,0,0,0,0,0,0,0,0,0,0,0,0,0,0,0,0,0,3,0,3,3,0,0,0,3,0,0,0,1,2,0,0,0,0,0,0,1,2,0,0,0,0,0,0,4,0,4,0,4,0,0,0,4,0,0,2,2,0,0,0,0,0,0,2,2,0,0,0,0,0,0,0,0,0,0,0,0,0,0,0,0,0,0,0,0,0,0,0,0,0,0,0,0,0,0,0,0,0,0,0,0,0,0,0,0,0,0,0,0,0,0,0,0,0,0,0,0,0,0,0,0,0,0,0,0,0,0,0,0,0,0,0,0,0,0,0,0,0,0,0,0,0,0,0,0,0,0,0,0,0,0,0,0,0,0,0,0,0,0,0,0,0,0,0,0,0,0,0,0,0,0,0,0,0,0,0,0,0,0,0,0,0,0,0,0,0,0,0,0,0,0,0,0,0,0,0,0,0,0,0,0,0,0,0,0,0,0,0,0,0,0,0,0,0,0,0,0,0,0,0,0,0,0,0,0,0,0,0,0,0,0,0,0,0,0,0,0,0,0,0,0,0,0,0,0,0,0,0,0,0,0,0,0,0,0,0,0,0,0,0,0,0,0,0,0,0,0,0,0,0,0,0,0,0,0,0,0,0,0,0,0,0,0,0,0,0,0,1,0,1,1,0,0,0,1,0,0,0,1,0,0,0,0,0,0,0,1,0,0,0,0,0,0,0,0,0,0,0,0,0,0,0,0,0,0,0,0,0,0,0,0,0,0,0,0,0,0,0,0,0,0,22,0,22,16,6,0,0,16,6,0,0,12,10,0,0,0,0,0,0,12,10,0,0,0,0,0,0,0,0,0,0,0,0,0,0,0,0,0,0,0,0,0,0,0,0,0,0,0,0,0,0,0,0,0,0,0,0,0,0,0,0,0,0,0,0,0,0,0,0,0,0,0,0,0,0,0,0,0,0,0,0,0,0,0,0,0,0,0,0,0,0,0,0,0,0,0,0,0,0,0,0,0,0,0,0,0,0,0,0,0,0,0,0,0,0,0,0,0,0,0,0,0,0,0,0,0,0,0,0,0,0,0,0,0,0,0,0,0,0,0,0,0,0,0,0,0,0,0,0,0,0,0,0,0,0,0,0,0,0,0,0,0,0,0,0,0,0,0,0,0,0,0,0,0,0,0,0,0,0,0,0,0,0,0,0,0,0,0,0,0,0,0,0,0,0,0,0,0,0,0,0,0,0,0,0,0,0,0,0,0,0,0,0,0,0,0,0,0,0,0,0,0,0,0,0,0,0,0,0,0,0,0,0,0,0,0,0,0,0,0,0,0,0,1,0,1,1,0,0,0,1,0,0,0,0,1,0,0,0,0,0,0,0,1,0,0,0,0,0,0,0,0,0,0,0,0,0,0,0,0,0,0,0,0,0,0,0,0,0,0,0,0,0,0,0,0,0,14,0,14,11,3,0,0,11,3,0,0,5,9,0,0,0,0,0,0,5,9,0,0,0,0,0,0,0,0,0,0,0,0,0,0,0,0,0,0,0,0,0,0,0,0,0,0,0,0,0,0,0,0,0,0,0,0,0,0,0,0,0,0,0,0,0,0,0,0,0,0,0,0,0,0,0,0,0,0,0,0,1,0,1,1,0,0,0,1,0,0,0,0,1,0,0,0,0,0,0,0,1,0,0,0,0,0,0,215,9,224,170,45,9,0,179,45,0,0,92,122,0,0,9,0,0,0,101,122,0,0,0,0,0,0
Marked Tree Police Department,AR05601,2015,Arkansas,,,,,,,,,,,,,,,,,,,,,,,,,,,,,,,,,,,,,,,,,,,,,,,,,,,,,,,,,,,,,,,,,,,,,,,,,,,,,,,,,,,,,,,,,,,,,,,,,,,,,,,,,,,,,,,,,,,,,,,,,,,,,,,,,,,,,,,,,,,,,,,,,,,,,,,,,,,,,,,,,,,,,,,,,,,,,,,,,,,,,,,,,,,,,,,,,,,,,,,,,,,,,,,,,,,,,,,,,,,,,,,,,,,,,,,,,,,,,,,,,,,,,,,,,,,,,,,,,,,,,,,,,,,,,,,,,,,,,,,,,,,,,,,,,,,,,,,,,,,,,,,,,,,,,,,,,,,,,,,,,,,,,,,,,,,,,,,,,,,,,,,,,,,,,,,,,,,,,,,,,,,,,,,,,,,,,,,,,,,,,,,,,,,,,,,,,,,,,,,,,,,,,,,,,,,,,,,,,,,,,,,,,,,,,,,,,,,,,,,,,,,,,,,,,,,,,,,,,,,,,,,,,,,,,,,,,,,,,,,,,,,,,,,,,,,,,,,,,,,,,,,,,,,,,,,,,,,,,,,,,,,,,,,,,,,,,,,,,,,,,,,,,,,,,,,,,,,,,,,,,,,,,,,,,,,,,,,,,,,,,,,,,,,,,,,,,,,,,,,,,,,,,,,,,,,,,,,,,,,,,,,,,,,,,,,,,,,,,,,,,,,,,,,,,,,,,,,,,,,,,,,,,,,,,,,,,,,,,,,,,,,,,,,,,,,,,,,,,,,,,,,,,,,,,,,,,,,,,,,,,,,,,,,,,,,,,,,,,,,,,,,,,,,,,,,,,,,,,,,,,,,,,,,,,,,,,,,,,,,,,,,,,,,,,,,,,,,,,,,,,,,,,,,,,,,,,,,,,,,,,,,,,,,,,,,,,,,,,,,,,,,,,,,,,,,,,,,,,,,,,,,,,,,,,,,,,,,,,,,,,,,,,,,,,,,,,,,,,,,,,,,,,,,,,,,,,,,,,,,,,,,,,,,,,,,,,,,,,,,,,,,,,,,,,,,,,,,,,,,,,,,,,,,,,,,,,,,,,,,,,,,,,,,,,,,,,,,,,,,,,,,,,,,,,,,,,,,,,,,,,,,,,,,,,,,,,,,,,,,,,,,,,,,,,,,,,,,,,,,,,,,,,,,,,,,,,,,,,,,,,,,,,,,,,,,,,,,,,,,,,,,,,,,,,,,,,,,,,,,,,,,,,,,,,,,,,,,,,,,,,,,,,,,,,,,,,,,,,,,,,,,,,,,,,,,,,,,,,,,,,,,,,,,,,,,,,,,,,,,,,,,,,,,,,,,,,,,,,,,,,,,,,,,,,,,,,,,,,,,,,,,,,,,,,,,,,,,,,,,,,,,,,,,,,,,,,,,,,,,,,,,,,,,,,,,,,,,,,,,,,,,,,,,,,,,,,,,,,,,,,,,,
Marked Tree Police Department,AR05601,2014,Arkansas,,,,,,,,,,,,,,,,,,,,,,,,,,,,,,,,,,,,,,,,,,,,,,,,,,,,,,,,,,,,,,,,,,,,,,,,,,,,,,,,,,,,,,,,,,,,,,,,,,,,,,,,,,,,,,,,,,,,,,,,,,,,,,,,,,,,,,,,,,,,,,,,,,,,,,,,,,,,,,,,,,,,,,,,,,,,,,,,,,,,,,,,,,,,,,,,,,,,,,,,,,,,,,,,,,,,,,,,,,,,,,,,,,,,,,,,,,,,,,,,,,,,,,,,,,,,,,,,,,,,,,,,,,,,,,,,,,,,,,,,,,,,,,,,,,,,,,,,,,,,,,,,,,,,,,,,,,,,,,,,,,,,,,,,,,,,,,,,,,,,,,,,,,,,,,,,,,,,,,,,,,,,,,,,,,,,,,,,,,,,,,,,,,,,,,,,,,,,,,,,,,,,,,,,,,,,,,,,,,,,,,,,,,,,,,,,,,,,,,,,,,,,,,,,,,,,,,,,,,,,,,,,,,,,,,,,,,,,,,,,,,,,,,,,,,,,,,,,,,,,,,,,,,,,,,,,,,,,,,,,,,,,,,,,,,,,,,,,,,,,,,,,,,,,,,,,,,,,,,,,,,,,,,,,,,,,,,,,,,,,,,,,,,,,,,,,,,,,,,,,,,,,,,,,,,,,,,,,,,,,,,,,,,,,,,,,,,,,,,,,,,,,,,,,,,,,,,,,,,,,,,,,,,,,,,,,,,,,,,,,,,,,,,,,,,,,,,,,,,,,,,,,,,,,,,,,,,,,,,,,,,,,,,,,,,,,,,,,,,,,,,,,,,,,,,,,,,,,,,,,,,,,,,,,,,,,,,,,,,,,,,,,,,,,,,,,,,,,,,,,,,,,,,,,,,,,,,,,,,,,,,,,,,,,,,,,,,,,,,,,,,,,,,,,,,,,,,,,,,,,,,,,,,,,,,,,,,,,,,,,,,,,,,,,,,,,,,,,,,,,,,,,,,,,,,,,,,,,,,,,,,,,,,,,,,,,,,,,,,,,,,,,,,,,,,,,,,,,,,,,,,,,,,,,,,,,,,,,,,,,,,,,,,,,,,,,,,,,,,,,,,,,,,,,,,,,,,,,,,,,,,,,,,,,,,,,,,,,,,,,,,,,,,,,,,,,,,,,,,,,,,,,,,,,,,,,,,,,,,,,,,,,,,,,,,,,,,,,,,,,,,,,,,,,,,,,,,,,,,,,,,,,,,,,,,,,,,,,,,,,,,,,,,,,,,,,,,,,,,,,,,,,,,,,,,,,,,,,,,,,,,,,,,,,,,,,,,,,,,,,,,,,,,,,,,,,,,,,,,,,,,,,,,,,,,,,,,,,,,,,,,,,,,,,,,,,,,,,,,,,,,,,,,,,,,,,,,,,,,,,,,,,,,,,,,,,,,,,,,,,,,,,,,,,,,,,,,,,,,,,,,,,
Marked Tree Police Department,AR05601,2013,Arkansas,,,,,,,,,,,,,,,,,,,,,,,,,,,,,,,,,,,,,,,,,,,,,,,,,,,,,,,,,,,,,,,,,,,,,,,,,,,,,,,,,,,,,,,,,,,,,,,,,,,,,,,,,,,,,,,,,,,,,,,,,,,,,,,,,,,,,,,,,,,,,,,,,,,,,,,,,,,,,,,,,,,,,,,,,,,,,,,,,,,,,,,,,,,,,,,,,,,,,,,,,,,,,,,,,,,,,,,,,,,,,,,,,,,,,,,,,,,,,,,,,,,,,,,,,,,,,,,,,,,,,,,,,,,,,,,,,,,,,,,,,,,,,,,,,,,,,,,,,,,,,,,,,,,,,,,,,,,,,,,,,,,,,,,,,,,,,,,,,,,,,,,,,,,,,,,,,,,,,,,,,,,,,,,,,,,,,,,,,,,,,,,,,,,,,,,,,,,,,,,,,,,,,,,,,,,,,,,,,,,,,,,,,,,,,,,,,,,,,,,,,,,,,,,,,,,,,,,,,,,,,,,,,,,,,,,,,,,,,,,,,,,,,,,,,,,,,,,,,,,,,,,,,,,,,,,,,,,,,,,,,,,,,,,,,,,,,,,,,,,,,,,,,,,,,,,,,,,,,,,,,,,,,,,,,,,,,,,,,,,,,,,,,,,,,,,,,,,,,,,,,,,,,,,,,,,,,,,,,,,,,,,,,,,,,,,,,,,,,,,,,,,,,,,,,,,,,,,,,,,,,,,,,,,,,,,,,,,,,,,,,,,,,,,,,,,,,,,,,,,,,,,,,,,,,,,,,,,,,,,,,,,,,,,,,,,,,,,,,,,,,,,,,,,,,,,,,,,,,,,,,,,,,,,,,,,,,,,,,,,,,,,,,,,,,,,,,,,,,,,,,,,,,,,,,,,,,,,,,,,,,,,,,,,,,,,,,,,,,,,,,,,,,,,,,,,,,,,,,,,,,,,,,,,,,,,,,,,,,,,,,,,,,,,,,,,,,,,,,,,,,,,,,,,,,,,,,,,,,,,,,,,,,,,,,,,,,,,,,,,,,,,,,,,,,,,,,,,,,,,,,,,,,,,,,,,,,,,,,,,,,,,,,,,,,,,,,,,,,,,,,,,,,,,,,,,,,,,,,,,,,,,,,,,,,,,,,,,,,,,,,,,,,,,,,,,,,,,,,,,,,,,,,,,,,,,,,,,,,,,,,,,,,,,,,,,,,,,,,,,,,,,,,,,,,,,,,,,,,,,,,,,,,,,,,,,,,,,,,,,,,,,,,,,,,,,,,,,,,,,,,,,,,,,,,,,,,,,,,,,,,,,,,,,,,,,,,,,,,,,,,,,,,,,,,,,,,,,,,,,,,,,,,,,,,,,,,,,,,,,,,,,,,,,,,,,,,,,,,,,,,,,,,,,,,,,,,,,,,,,,,,,,,,,,,,,,,,,,,,,,,,,,,,,,,,,,,,,,,,,,,,,,
Marked Tree Police Department,AR05601,2012,Arkansas,,,,,,,,,,,,,,,,,,,,,,,,,,,,,,,,,,,,,,,,,,,,,,,,,,,,,,,,,,,,,,,,,,,,,,,,,,,,,,,,,,,,,,,,,,,,,,,,,,,,,,,,,,,,,,,,,,,,,,,,,,,,,,,,,,,,,,,,,,,,,,,,,,,,,,,,,,,,,,,,,,,,,,,,,,,,,,,,,,,,,,,,,,,,,,,,,,,,,,,,,,,,,,,,,,,,,,,,,,,,,,,,,,,,,,,,,,,,,,,,,,,,,,,,,,,,,,,,,,,,,,,,,,,,,,,,,,,,,,,,,,,,,,,,,,,,,,,,,,,,,,,,,,,,,,,,,,,,,,,,,,,,,,,,,,,,,,,,,,,,,,,,,,,,,,,,,,,,,,,,,,,,,,,,,,,,,,,,,,,,,,,,,,,,,,,,,,,,,,,,,,,,,,,,,,,,,,,,,,,,,,,,,,,,,,,,,,,,,,,,,,,,,,,,,,,,,,,,,,,,,,,,,,,,,,,,,,,,,,,,,,,,,,,,,,,,,,,,,,,,,,,,,,,,,,,,,,,,,,,,,,,,,,,,,,,,,,,,,,,,,,,,,,,,,,,,,,,,,,,,,,,,,,,,,,,,,,,,,,,,,,,,,,,,,,,,,,,,,,,,,,,,,,,,,,,,,,,,,,,,,,,,,,,,,,,,,,,,,,,,,,,,,,,,,,,,,,,,,,,,,,,,,,,,,,,,,,,,,,,,,,,,,,,,,,,,,,,,,,,,,,,,,,,,,,,,,,,,,,,,,,,,,,,,,,,,,,,,,,,,,,,,,,,,,,,,,,,,,,,,,,,,,,,,,,,,,,,,,,,,,,,,,,,,,,,,,,,,,,,,,,,,,,,,,,,,,,,,,,,,,,,,,,,,,,,,,,,,,,,,,,,,,,,,,,,,,,,,,,,,,,,,,,,,,,,,,,,,,,,,,,,,,,,,,,,,,,,,,,,,,,,,,,,,,,,,,,,,,,,,,,,,,,,,,,,,,,,,,,,,,,,,,,,,,,,,,,,,,,,,,,,,,,,,,,,,,,,,,,,,,,,,,,,,,,,,,,,,,,,,,,,,,,,,,,,,,,,,,,,,,,,,,,,,,,,,,,,,,,,,,,,,,,,,,,,,,,,,,,,,,,,,,,,,,,,,,,,,,,,,,,,,,,,,,,,,,,,,,,,,,,,,,,,,,,,,,,,,,,,,,,,,,,,,,,,,,,,,,,,,,,,,,,,,,,,,,,,,,,,,,,,,,,,,,,,,,,,,,,,,,,,,,,,,,,,,,,,,,,,,,,,,,,,,,,,,,,,,,,,,,,,,,,,,,,,,,,,,,,,,,,,,,,,,,,,,,,,,,,,,,,,,,,,,,,,,,,,,,,,,,,,,,,,,,,,,,,,,,,,,,,,,,,,,,,,,,,,,,,,,,,,,
Marked Tree Police Department,AR05601,2011,Arkansas,2585,0,0,0,0,0,0,0,0,0,0,0,0,0,0,0,0,0,0,0,0,0,0,0,0,0,0,0,22,0,22,18,4,0,0,18,4,0,0,8,14,0,0,0,0,0,0,8,14,0,0,0,0,0,0,0,0,0,0,0,0,0,0,0,0,0,0,0,0,0,0,0,0,0,0,0,0,0,0,0,0,0,1,0,1,1,0,0,0,1,0,0,0,1,0,0,0,0,0,0,0,1,0,0,0,0,0,0,0,0,0,0,0,0,0,0,0,0,0,0,0,0,0,0,0,0,0,0,0,0,0,0,0,0,0,0,0,0,0,0,0,0,0,0,0,0,0,0,0,0,0,0,0,0,0,0,0,0,0,0,0,0,0,0,0,5,15,0,0,20,0,0,0,0,0,0,0,20,12,8,0,0,12,8,0,0,5,15,0,0,12,0,12,9,3,0,0,9,3,0,0,5,7,0,0,0,0,0,0,5,7,0,0,0,0,0,0,6,0,6,2,4,0,0,2,4,0,0,0,6,0,0,0,0,0,0,0,6,0,0,0,0,0,0,2,0,2,1,1,0,0,1,1,0,0,0,2,0,0,0,0,0,0,0,2,0,0,0,0,0,0,0,0,0,0,0,0,0,0,0,0,0,0,0,0,0,0,0,0,0,0,0,0,0,0,0,0,0,0,0,2,5,0,0,7,0,0,0,0,0,0,0,7,5,2,0,0,5,2,0,0,2,5,0,0,3,0,3,2,1,0,0,2,1,0,0,2,1,0,0,0,0,0,0,2,1,0,0,0,0,0,0,2,0,2,2,0,0,0,2,0,0,0,0,2,0,0,0,0,0,0,0,2,0,0,0,0,0,0,2,0,2,1,1,0,0,1,1,0,0,0,2,0,0,0,0,0,0,0,2,0,0,0,0,0,0,0,0,0,0,0,0,0,0,0,0,0,0,0,0,0,0,0,0,0,0,0,0,0,0,0,0,0,27,0,27,17,10,0,0,17,10,0,0,7,20,0,0,0,0,0,0,7,20,0,0,0,0,0,0,16,0,16,15,1,0,0,15,1,0,0,3,13,0,0,0,0,0,0,3,13,0,0,0,0,0,0,8,0,8,7,1,0,0,7,1,0,0,1,7,0,0,0,0,0,0,1,7,0,0,0,0,0,0,0,0,0,0,0,0,0,0,0,0,0,0,0,0,0,0,0,0,0,0,0,0,0,0,0,0,0,0,0,0,0,0,0,0,0,0,0,0,0,0,0,0,0,0,0,0,0,0,0,0,0,0,0,0,0,0,0,0,0,0,0,0,0,0,0,0,0,0,0,0,0,0,0,0,0,0,0,0,0,0,0,3,0,3,1,2,0,0,1,2,0,0,2,1,0,0,0,0,0,0,2,1,0,0,0,0,0,0,0,0,0,0,0,0,0,0,0,0,0,0,0,0,0,0,0,0,0,0,0,0,0,0,0,0,0,0,0,0,0,0,0,0,0,0,0,0,0,0,0,0,0,0,0,0,0,0,0,0,0,0,0,0,0,0,0,0,0,0,0,0,0,0,0,0,0,0,0,0,0,0,0,0,0,0,0,0,0,0,0,0,0,0,0,0,0,0,0,0,0,0,0,0,0,0,0,0,0,0,0,0,0,0,0,0,0,0,0,0,0,0,0,0,0,0,0,0,0,0,0,0,0,0,0,0,0,0,0,0,0,0,0,0,0,0,0,0,0,0,0,0,0,0,0,0,0,0,0,0,0,0,0,0,0,0,0,0,0,0,0,0,2,0,2,0,2,0,0,0,2,0,0,0,2,0,0,0,0,0,0,0,2,0,0,0,0,0,0,0,0,0,0,0,0,0,0,0,0,0,0,0,0,0,0,0,0,0,0,0,0,0,0,0,0,0,0,0,0,0,0,0,0,0,0,0,0,0,0,0,0,0,0,0,0,0,0,0,0,0,0,0,0,0,0,0,0,0,0,0,0,0,0,0,0,0,0,0,0,0,0,0,0,0,0,0,0,0,0,0,0,0,0,0,0,0,0,0,0,0,0,0,0,0,0,0,0,0,0,0,0,0,0,0,0,0,0,0,0,0,0,0,0,0,0,0,0,0,0,0,0,0,0,0,0,0,0,0,0,0,0,0,0,0,0,0,0,0,0,0,0,0,0,0,0,0,0,0,0,0,0,0,0,0,0,0,0,0,0,0,0,0,0,0,0,0,0,0,0,0,0,0,0,0,0,0,0,0,0,0,0,0,0,0,0,0,0,0,0,0,0,0,0,0,0,0,0,0,0,0,0,0,0,0,0,0,0,0,0,0,0,0,0,0,0,0,0,0,0,0,0,0,0,0,0,0,0,0,0,0,0,0,0,0,0,0,0,0,0,0,0,0,0,0,0,0,0,0,0,0,0,0,0,0,0,0,0,0,0,0,0,0,0,0,0,0,0,0,0,1,0,1,1,0,0,0,1,0,0,0,0,1,0,0,0,0,0,0,0,1,0,0,0,0,0,0,0,0,0,0,0,0,0,0,0,0,0,0,0,0,0,0,0,0,0,0,0,0,0,0,0,0,0,0,0,0,0,0,0,0,0,0,0,0,0,0,0,0,0,0,0,0,0,0,0,0,0,0,0,0,0,0,0,0,0,0,0,0,0,0,0,0,0,0,0,0,0,0,0,0,0,0,0,0,0,0,0,9,0,9,3,6,0,0,3,6,0,0,6,3,0,0,0,0,0,0,6,3,0,0,0,0,0,0,0,0,0,0,0,0,0,0,0,0,0,0,0,0,0,0,0,0,0,0,0,0,0,0,0,0,0,0,0,0,0,0,0,0,0,0,0,0,0,0,0,0,0,0,0,0,0,0,0,0,0,0,0,0,0,0,0,0,0,0,0,0,0,0,0,0,0,0,0,0,0,0,0,0,0,0,0,0,0,0,0,143,0,143,97,46,0,0,97,46,0,0,42,101,0,0,0,0,0,0,42,101,0,0,0,0,0,0
Marked Tree Police Department,AR05601,2010,Arkansas,2566,0,0,0,0,0,0,0,0,0,0,0,0,0,0,0,0,0,0,0,0,0,0,0,0,0,0,0,19,0,19,13,6,0,0,13,6,0,0,8,10,0,0,0,0,0,0,8,10,0,0,0,0,0,0,0,0,0,0,0,0,0,0,0,0,0,0,0,0,0,0,0,0,0,0,0,0,0,0,0,0,0,0,0,0,0,0,0,0,0,0,0,0,0,0,0,0,0,0,0,0,0,0,0,0,0,0,0,0,0,0,0,0,0,0,0,0,0,0,0,0,0,0,0,0,0,0,0,0,0,0,0,0,0,0,0,0,0,0,0,0,0,0,0,0,0,0,0,0,0,0,0,0,0,0,0,0,0,0,0,0,0,0,0,0,15,21,0,0,37,0,0,0,0,0,0,0,37,31,6,0,0,31,6,0,0,15,21,0,0,21,0,21,19,2,0,0,19,2,0,0,10,10,0,0,0,0,0,0,10,10,0,0,0,0,0,0,8,0,8,6,2,0,0,6,2,0,0,4,4,0,0,0,0,0,0,4,4,0,0,0,0,0,0,8,0,8,6,2,0,0,6,2,0,0,1,7,0,0,0,0,0,0,1,7,0,0,0,0,0,0,0,0,0,0,0,0,0,0,0,0,0,0,0,0,0,0,0,0,0,0,0,0,0,0,0,0,0,0,0,5,6,0,0,11,0,0,0,0,0,0,0,11,9,2,0,0,9,2,0,0,5,6,0,0,4,0,4,3,1,0,0,3,1,0,0,3,1,0,0,0,0,0,0,3,1,0,0,0,0,0,0,4,0,4,3,1,0,0,3,1,0,0,2,2,0,0,0,0,0,0,2,2,0,0,0,0,0,0,3,0,3,3,0,0,0,3,0,0,0,0,3,0,0,0,0,0,0,0,3,0,0,0,0,0,0,0,0,0,0,0,0,0,0,0,0,0,0,0,0,0,0,0,0,0,0,0,0,0,0,0,0,0,48,0,48,40,8,0,0,40,8,0,0,20,27,0,0,0,0,0,0,20,27,0,0,0,0,0,0,16,0,16,13,3,0,0,13,3,0,0,4,12,0,0,0,0,0,0,4,12,0,0,0,0,0,0,13,0,13,12,1,0,0,12,1,0,0,2,11,0,0,0,0,0,0,2,11,0,0,0,0,0,0,0,0,0,0,0,0,0,0,0,0,0,0,0,0,0,0,0,0,0,0,0,0,0,0,0,0,0,0,0,0,0,0,0,0,0,0,0,0,0,0,0,0,0,0,0,0,0,0,0,0,0,0,0,0,0,0,0,0,0,0,0,0,0,0,0,0,0,0,0,0,0,0,0,0,0,0,0,0,0,0,0,7,0,7,6,1,0,0,6,1,0,0,1,6,0,0,0,0,0,0,1,6,0,0,0,0,0,0,0,0,0,0,0,0,0,0,0,0,0,0,0,0,0,0,0,0,0,0,0,0,0,0,0,0,0,0,0,0,0,0,0,0,0,0,0,0,0,0,0,0,0,0,0,0,0,0,0,0,0,0,0,0,0,0,0,0,0,0,0,0,0,0,0,0,0,0,0,0,0,0,0,0,0,0,0,0,0,0,0,0,0,0,0,0,0,0,0,0,0,0,0,0,0,0,0,0,0,0,0,0,0,0,0,0,0,0,0,0,0,0,0,0,0,0,0,0,0,0,0,0,0,0,0,0,0,0,0,0,0,0,0,0,0,0,0,0,0,0,0,0,0,0,0,0,0,0,0,0,0,0,0,0,0,0,0,0,0,0,0,0,1,0,1,1,0,0,0,1,0,0,0,0,1,0,0,0,0,0,0,0,1,0,0,0,0,0,0,0,0,0,0,0,0,0,0,0,0,0,0,0,0,0,0,0,0,0,0,0,0,0,0,0,0,0,0,0,0,0,0,0,0,0,0,0,0,0,0,0,0,0,0,0,0,0,0,0,0,0,0,0,0,0,0,0,0,0,0,0,0,0,0,0,0,0,0,0,0,0,0,0,0,0,0,0,0,0,0,0,3,0,3,3,0,0,0,3,0,0,0,0,2,0,0,0,0,0,0,0,2,0,0,0,0,0,0,0,0,0,0,0,0,0,0,0,0,0,0,0,0,0,0,0,0,0,0,0,0,0,0,0,0,0,0,0,0,0,0,0,0,0,0,0,0,0,0,0,0,0,0,0,0,0,0,0,0,0,0,0,0,0,0,0,0,0,0,0,0,0,0,0,0,0,0,0,0,0,0,0,0,0,0,0,0,0,0,0,0,0,0,0,0,0,0,0,0,0,0,0,0,0,0,0,0,0,0,0,0,0,0,0,0,0,0,0,0,0,0,0,0,0,0,0,0,0,0,0,0,0,0,0,0,0,0,0,0,0,0,0,0,0,0,0,0,0,0,0,0,0,0,0,0,0,0,0,0,0,0,0,0,0,0,0,0,0,0,0,0,1,0,1,1,0,0,0,1,0,0,0,0,1,0,0,0,0,0,0,0,1,0,0,0,0,0,0,0,0,0,0,0,0,0,0,0,0,0,0,0,0,0,0,0,0,0,0,0,0,0,0,0,0,0,0,0,0,0,0,0,0,0,0,0,0,0,0,0,0,0,0,0,0,0,0,0,0,0,0,0,0,0,0,0,0,0,0,0,0,0,0,0,0,0,0,0,0,0,0,0,0,0,0,0,0,0,0,0,13,0,13,6,7,0,0,6,7,0,0,6,7,0,0,0,0,0,0,6,7,0,0,0,0,0,0,3,0,3,3,0,0,0,3,0,0,0,3,0,0,0,0,0,0,0,3,0,0,0,0,0,0,0,0,0,0,0,0,0,0,0,0,0,0,0,0,0,0,0,0,0,0,0,0,0,0,0,0,0,0,0,0,0,0,0,0,0,0,0,0,0,0,0,0,0,0,0,0,0,0,0,0,0,0,0,0,0,220,0,220,178,42,0,0,178,42,0,0,84,131,0,0,0,0,0,0,84,131,0,0,0,0,0,0
Marked Tree Police Department,AR05601,2009,Arkansas,,,,,,,,,,,,,,,,,,,,,,,,,,,,,,,,,,,,,,,,,,,,,,,,,,,,,,,,,,,,,,,,,,,,,,,,,,,,,,,,,,,,,,,,,,,,,,,,,,,,,,,,,,,,,,,,,,,,,,,,,,,,,,,,,,,,,,,,,,,,,,,,,,,,,,,,,,,,,,,,,,,,,,,,,,,,,,,,,,,,,,,,,,,,,,,,,,,,,,,,,,,,,,,,,,,,,,,,,,,,,,,,,,,,,,,,,,,,,,,,,,,,,,,,,,,,,,,,,,,,,,,,,,,,,,,,,,,,,,,,,,,,,,,,,,,,,,,,,,,,,,,,,,,,,,,,,,,,,,,,,,,,,,,,,,,,,,,,,,,,,,,,,,,,,,,,,,,,,,,,,,,,,,,,,,,,,,,,,,,,,,,,,,,,,,,,,,,,,,,,,,,,,,,,,,,,,,,,,,,,,,,,,,,,,,,,,,,,,,,,,,,,,,,,,,,,,,,,,,,,,,,,,,,,,,,,,,,,,,,,,,,,,,,,,,,,,,,,,,,,,,,,,,,,,,,,,,,,,,,,,,,,,,,,,,,,,,,,,,,,,,,,,,,,,,,,,,,,,,,,,,,,,,,,,,,,,,,,,,,,,,,,,,,,,,,,,,,,,,,,,,,,,,,,,,,,,,,,,,,,,,,,,,,,,,,,,,,,,,,,,,,,,,,,,,,,,,,,,,,,,,,,,,,,,,,,,,,,,,,,,,,,,,,,,,,,,,,,,,,,,,,,,,,,,,,,,,,,,,,,,,,,,,,,,,,,,,,,,,,,,,,,,,,,,,,,,,,,,,,,,,,,,,,,,,,,,,,,,,,,,,,,,,,,,,,,,,,,,,,,,,,,,,,,,,,,,,,,,,,,,,,,,,,,,,,,,,,,,,,,,,,,,,,,,,,,,,,,,,,,,,,,,,,,,,,,,,,,,,,,,,,,,,,,,,,,,,,,,,,,,,,,,,,,,,,,,,,,,,,,,,,,,,,,,,,,,,,,,,,,,,,,,,,,,,,,,,,,,,,,,,,,,,,,,,,,,,,,,,,,,,,,,,,,,,,,,,,,,,,,,,,,,,,,,,,,,,,,,,,,,,,,,,,,,,,,,,,,,,,,,,,,,,,,,,,,,,,,,,,,,,,,,,,,,,,,,,,,,,,,,,,,,,,,,,,,,,,,,,,,,,,,,,,,,,,,,,,,,,,,,,,,,,,,,,,,,,,,,,,,,,,,,,,,,,,,,,,,,,,,,,,,,,,,,,,,,,,,,,,,,,,,,,,,,,,,,,,,,,,,,,,,,,,,,,,,,,,,,,,,,,,,,,,,,,,,,,,,,,,,,,,,,,,,,,,,,,,,,,,,,,,,,,,,,,,,,,,,,,,,,,,,,,,,,,,,,,,,,,,,,,,,,,,,,,,,,,,,,,,,,,,,
Marked Tree Police Department,AR05601,2008,Arkansas,2632,0,0,0,0,0,0,0,0,0,0,0,0,0,0,0,0,0,0,0,0,0,0,0,0,0,0,0,35,0,35,28,7,0,0,28,7,0,0,18,16,0,0,0,0,0,0,18,16,0,0,0,0,0,0,0,0,0,0,0,0,0,0,0,0,0,0,0,0,0,0,0,0,0,0,0,0,0,0,0,0,0,1,0,1,1,0,0,0,1,0,0,0,0,1,0,0,0,0,0,0,0,1,0,0,0,0,0,0,0,0,0,0,0,0,0,0,0,0,0,0,0,0,0,0,0,0,0,0,0,0,0,0,0,0,0,3,0,3,2,1,0,0,2,1,0,0,3,0,0,0,0,0,0,0,3,0,0,0,0,0,0,0,0,0,1,0,0,0,1,0,0,0,0,0,0,0,1,0,1,0,0,0,1,0,0,1,0,0,0,0,0,0,0,0,0,0,0,0,0,0,0,0,0,0,0,0,0,0,0,0,0,0,0,0,0,0,1,0,1,0,1,0,0,0,1,0,0,1,0,0,0,0,0,0,0,1,0,0,0,0,0,0,0,0,0,0,0,0,0,0,0,0,0,0,0,0,0,0,0,0,0,0,0,0,0,0,0,0,0,0,0,0,0,0,0,0,0,0,0,0,0,0,0,0,0,0,0,0,0,0,0,0,0,0,0,0,0,0,0,2,0,0,0,2,0,0,0,0,0,0,0,2,1,1,0,0,1,1,0,0,2,0,0,0,1,0,1,0,1,0,0,0,1,0,0,1,0,0,0,0,0,0,0,1,0,0,0,0,0,0,0,1,0,1,1,0,0,0,1,0,0,0,1,0,0,0,0,0,0,0,1,0,0,0,0,0,0,0,0,0,0,0,0,0,0,0,0,0,0,0,0,0,0,0,0,0,0,0,0,0,0,0,0,0,0,0,0,0,0,0,0,0,0,0,0,0,0,0,0,0,0,0,0,0,0,0,0,0,0,0,0,0,3,0,3,1,2,0,0,1,2,0,0,3,0,0,0,0,0,0,0,3,0,0,0,0,0,0,0,32,0,32,29,3,0,0,29,3,0,0,9,18,0,0,0,0,0,0,9,18,0,0,0,0,0,0,21,0,21,18,3,0,0,18,3,0,0,3,18,0,0,0,0,0,0,3,18,0,0,0,0,0,0,0,0,0,0,0,0,0,0,0,0,0,0,0,0,0,0,0,0,0,0,0,0,0,0,0,0,0,0,0,0,0,0,0,0,0,0,0,0,0,0,0,0,0,0,0,0,0,0,0,0,0,0,0,0,0,0,0,0,0,0,0,0,0,0,0,0,0,0,0,0,0,0,0,0,0,0,0,0,0,0,0,21,0,21,7,14,0,0,7,14,0,0,8,13,0,0,0,0,0,0,8,13,0,0,0,0,0,0,0,0,0,0,0,0,0,0,0,0,0,0,0,0,0,0,0,0,0,0,0,0,0,0,0,0,0,0,0,0,0,0,0,0,0,0,0,0,0,0,0,0,0,0,0,0,0,0,0,0,0,0,0,0,0,0,0,0,0,0,0,0,0,0,0,0,0,0,0,0,0,0,0,0,0,0,0,0,0,0,0,0,0,1,0,0,0,1,0,0,0,0,0,0,0,1,1,0,0,0,1,0,0,0,1,0,0,0,0,0,0,0,0,0,0,0,0,0,0,0,0,0,0,0,0,0,0,0,0,0,0,0,0,0,0,0,0,0,0,0,0,0,0,0,0,0,0,0,0,0,0,0,0,0,0,0,0,0,0,0,0,0,0,0,0,0,0,0,0,0,0,0,0,0,0,0,0,0,0,0,0,0,0,0,0,0,0,0,0,0,0,0,0,0,0,0,0,0,0,0,0,0,0,0,0,0,0,0,0,0,0,0,0,0,0,0,0,0,0,0,0,0,0,0,0,0,0,0,0,0,0,0,0,0,0,0,0,0,0,0,0,0,0,0,0,0,0,0,0,0,0,0,0,0,0,0,0,0,0,0,0,0,0,0,0,0,0,0,0,0,0,0,0,0,0,0,0,0,0,0,0,0,0,0,0,0,0,0,0,0,0,0,0,0,0,0,0,0,0,0,0,0,0,0,0,0,0,0,0,0,0,0,0,0,0,0,0,0,0,0,0,0,0,0,0,0,0,0,0,0,0,0,0,0,0,0,0,0,0,0,0,0,0,0,0,0,0,0,0,0,0,0,0,0,0,0,0,0,0,0,0,0,0,0,0,0,0,0,0,0,0,0,0,0,0,0,0,0,0,0,0,0,0,0,0,0,0,0,0,0,0,0,0,0,0,0,0,0,0,0,0,0,0,0,0,0,0,0,0,0,0,0,0,0,0,0,0,0,0,0,0,0,0,0,0,0,0,0,0,0,0,0,0,0,0,0,0,0,0,0,0,0,0,0,0,0,0,0,0,0,0,0,0,0,0,0,0,0,0,0,0,0,0,0,0,0,0,0,0,0,0,0,0,0,0,0,0,0,0,0,0,0,0,0,0,0,0,0,0,0,0,0,0,0,0,0,0,0,0,0,0,0,0,0,0,0,0,0,0,0,0,0,0,2,0,2,2,0,0,0,2,0,0,0,0,2,0,0,0,0,0,0,0,2,0,0,0,0,0,0,0,0,0,0,0,0,0,0,0,0,0,0,0,0,0,0,0,0,0,0,0,0,0,0,0,0,0,19,0,19,12,7,0,0,12,7,0,0,10,9,0,0,0,0,0,0,10,9,0,0,0,0,0,0,0,0,0,0,0,0,0,0,0,0,0,0,0,0,0,0,0,0,0,0,0,0,0,0,0,0,0,1,0,1,0,1,0,0,0,1,0,0,1,0,0,0,0,0,0,0,1,0,0,0,0,0,0,0,0,0,0,0,0,0,0,0,0,0,0,0,0,0,0,0,0,0,0,0,0,0,0,0,0,0,0,145,0,145,103,42,0,0,103,42,0,0,62,77,0,0,0,0,0,0,62,77,0,0,0,0,0,0
Marked Tree Police Department,AR05601,2007,Arkansas,2666,0,0,0,0,0,0,0,0,0,0,0,0,0,0,0,0,0,0,0,0,0,0,0,0,0,0,0,41,1,42,30,11,1,0,31,11,0,0,18,22,0,0,0,1,0,0,18,23,0,0,0,0,0,0,1,0,1,1,0,0,0,1,0,0,0,0,1,0,0,0,0,0,0,0,1,0,0,0,0,0,0,1,0,1,1,0,0,0,1,0,0,0,0,1,0,0,0,0,0,0,0,1,0,0,0,0,0,0,0,0,0,0,0,0,0,0,0,0,0,0,0,0,0,0,0,0,0,0,0,0,0,0,0,0,0,0,0,0,0,0,0,0,0,0,0,0,0,0,0,0,0,0,0,0,0,0,0,0,0,0,0,0,0,0,5,14,0,0,20,0,0,0,0,0,0,0,20,17,3,0,0,17,3,0,0,5,14,0,0,11,0,11,11,0,0,0,11,0,0,0,3,8,0,0,0,0,0,0,3,8,0,0,0,0,0,0,4,0,4,2,2,0,0,2,2,0,0,2,1,0,0,0,0,0,0,2,1,0,0,0,0,0,0,5,0,5,4,1,0,0,4,1,0,0,0,5,0,0,0,0,0,0,0,5,0,0,0,0,0,0,0,0,0,0,0,0,0,0,0,0,0,0,0,0,0,0,0,0,0,0,0,0,0,0,0,0,0,0,0,4,0,0,0,4,0,0,0,0,0,0,0,4,4,0,0,0,4,0,0,0,4,0,0,0,0,0,0,0,0,0,0,0,0,0,0,0,0,0,0,0,0,0,0,0,0,0,0,0,0,0,0,2,0,2,2,0,0,0,2,0,0,0,2,0,0,0,0,0,0,0,2,0,0,0,0,0,0,0,2,0,2,2,0,0,0,2,0,0,0,2,0,0,0,0,0,0,0,2,0,0,0,0,0,0,0,0,0,0,0,0,0,0,0,0,0,0,0,0,0,0,0,0,0,0,0,0,0,0,0,0,0,0,24,0,24,21,3,0,0,21,3,0,0,9,14,0,0,0,0,0,0,9,14,0,0,0,0,0,0,26,0,26,20,6,0,0,20,6,0,0,7,18,0,0,0,0,0,0,7,18,0,0,0,0,0,0,16,0,16,15,1,0,0,15,1,0,0,2,13,0,0,0,0,0,0,2,13,0,0,0,0,0,0,0,0,0,0,0,0,0,0,0,0,0,0,0,0,0,0,0,0,0,0,0,0,0,0,0,0,0,0,0,0,0,0,0,0,0,0,0,0,0,0,0,0,0,0,0,0,0,0,0,0,0,0,0,0,1,0,1,1,0,0,0,1,0,0,0,1,0,0,0,0,0,0,0,1,0,0,0,0,0,0,0,18,0,18,4,14,0,0,4,14,0,0,6,12,0,0,0,0,0,0,6,12,0,0,0,0,0,0,0,0,0,0,0,0,0,0,0,0,0,0,0,0,0,0,0,0,0,0,0,0,0,0,0,0,0,0,0,0,0,0,0,0,0,0,0,0,0,0,0,0,0,0,0,0,0,0,0,0,0,0,0,0,0,0,0,0,0,0,0,0,0,0,0,0,0,0,0,0,0,0,0,0,0,0,0,0,0,0,0,0,0,0,0,0,0,0,0,0,0,0,0,0,0,0,0,0,0,0,0,0,0,0,0,0,0,0,0,0,0,0,0,0,0,0,0,0,0,0,0,0,0,0,0,0,0,0,0,0,0,0,0,0,0,0,0,0,0,0,0,0,0,0,0,0,0,0,0,0,0,0,0,0,0,0,0,0,0,0,0,0,3,0,3,3,0,0,0,3,0,0,0,0,3,0,0,0,0,0,0,0,3,0,0,0,0,0,0,0,0,0,0,0,0,0,0,0,0,0,0,0,0,0,0,0,0,0,0,0,0,0,0,0,0,0,0,0,0,0,0,0,0,0,0,0,0,0,0,0,0,0,0,0,0,0,0,0,0,0,0,0,0,0,0,0,0,0,0,0,0,0,0,0,0,0,0,0,0,0,0,0,0,0,0,0,0,0,0,0,2,0,2,2,0,0,0,2,0,0,0,1,1,0,0,0,0,0,0,1,1,0,0,0,0,0,0,0,0,0,0,0,0,0,0,0,0,0,0,0,0,0,0,0,0,0,0,0,0,0,0,0,0,0,0,0,0,0,0,0,0,0,0,0,0,0,0,0,0,0,0,0,0,0,0,0,0,0,0,0,0,0,0,0,0,0,0,0,0,0,0,0,0,0,0,0,0,0,0,0,0,0,0,0,0,0,0,0,0,0,0,0,0,0,0,0,0,0,0,0,0,0,0,0,0,0,0,0,0,0,0,0,0,0,0,0,0,0,0,0,0,0,0,0,0,0,0,0,0,0,0,0,0,0,0,0,0,0,0,0,0,0,0,0,0,0,0,0,0,0,0,0,0,0,0,0,0,0,0,0,0,0,0,0,0,0,0,0,0,1,0,1,1,0,0,0,1,0,0,0,1,0,0,0,0,0,0,0,1,0,0,0,0,0,0,0,0,0,0,0,0,0,0,0,0,0,0,0,0,0,0,0,0,0,0,0,0,0,0,0,0,0,0,0,0,0,0,0,0,0,0,0,0,0,0,0,0,0,0,0,0,0,0,0,0,0,0,0,0,0,0,0,0,0,0,0,0,0,0,0,0,0,0,0,0,0,0,0,0,0,0,0,0,0,0,0,0,14,0,14,12,2,0,0,12,2,0,0,3,9,0,0,0,0,0,0,3,9,0,0,0,0,0,0,0,0,0,0,0,0,0,0,0,0,0,0,0,0,0,0,0,0,0,0,0,0,0,0,0,0,0,1,0,1,1,0,0,0,1,0,0,0,0,1,0,0,0,0,0,0,0,1,0,0,0,0,0,0,1,0,1,1,0,0,0,1,0,0,0,0,1,0,0,0,0,0,0,0,1,0,0,0,0,0,0,198,1,199,155,43,1,0,156,43,0,0,66,124,0,0,0,1,0,0,66,125,0,0,0,0,0,0
Marked Tree Police Department,AR05601,2006,Arkansas,2751,1,0,1,1,0,0,0,1,0,0,0,0,1,0,0,0,0,0,0,0,1,0,0,0,0,0,0,37,1,38,29,8,1,0,30,8,0,0,22,15,0,0,1,0,0,0,23,15,0,0,0,0,0,0,0,0,0,0,0,0,0,0,0,0,0,0,0,0,0,0,0,0,0,0,0,0,0,0,0,0,0,6,0,6,5,1,0,0,5,1,0,0,1,5,0,0,0,0,0,0,1,5,0,0,0,0,0,0,0,0,0,0,0,0,0,0,0,0,0,0,0,0,0,0,0,0,0,0,0,0,0,0,0,0,0,0,0,0,0,0,0,0,0,0,0,0,0,0,0,0,0,0,0,0,0,0,0,0,0,0,0,0,0,0,7,9,0,0,16,0,0,0,0,0,0,0,16,12,4,0,0,12,4,0,0,7,9,0,0,10,0,10,8,2,0,0,8,2,0,0,4,6,0,0,0,0,0,0,4,6,0,0,0,0,0,0,5,0,5,4,1,0,0,4,1,0,0,3,2,0,0,0,0,0,0,3,2,0,0,0,0,0,0,1,0,1,0,1,0,0,0,1,0,0,0,1,0,0,0,0,0,0,0,1,0,0,0,0,0,0,0,0,0,0,0,0,0,0,0,0,0,0,0,0,0,0,0,0,0,0,0,0,0,0,0,0,0,0,0,15,6,0,0,21,0,0,0,0,0,0,0,21,20,1,0,0,20,1,0,0,15,6,0,0,6,0,6,5,1,0,0,5,1,0,0,4,2,0,0,0,0,0,0,4,2,0,0,0,0,0,0,14,0,14,14,0,0,0,14,0,0,0,11,3,0,0,0,0,0,0,11,3,0,0,0,0,0,0,1,0,1,1,0,0,0,1,0,0,0,0,1,0,0,0,0,0,0,0,1,0,0,0,0,0,0,0,0,0,0,0,0,0,0,0,0,0,0,0,0,0,0,0,0,0,0,0,0,0,0,0,0,0,37,0,37,32,5,0,0,32,5,0,0,22,15,0,0,0,0,0,0,22,15,0,0,0,0,0,0,21,1,22,21,0,1,0,22,0,0,0,2,18,0,0,0,1,0,0,2,19,0,0,0,0,0,0,13,0,13,10,3,0,0,10,3,0,0,3,10,0,0,0,0,0,0,3,10,0,0,0,0,0,0,0,0,0,0,0,0,0,0,0,0,0,0,0,0,0,0,0,0,0,0,0,0,0,0,0,0,0,0,0,0,0,0,0,0,0,0,0,0,0,0,0,0,0,0,0,0,0,0,0,0,0,0,0,0,2,0,2,1,1,0,0,1,1,0,0,1,1,0,0,0,0,0,0,1,1,0,0,0,0,0,0,19,0,19,9,10,0,0,9,10,0,0,5,14,0,0,0,0,0,0,5,14,0,0,0,0,0,0,0,0,0,0,0,0,0,0,0,0,0,0,0,0,0,0,0,0,0,0,0,0,0,0,0,0,0,0,0,0,0,0,0,0,0,0,0,0,0,0,0,0,0,0,0,0,0,0,0,0,0,0,0,0,0,0,0,0,0,0,0,0,0,0,0,0,0,0,0,0,0,0,0,0,0,0,0,0,0,0,0,0,0,0,0,0,0,0,0,0,0,0,0,0,0,0,0,0,0,0,0,0,0,0,0,0,0,0,0,0,0,0,0,0,0,0,0,0,0,0,0,0,0,0,0,0,0,0,0,0,0,0,0,0,0,0,0,0,0,0,0,0,0,0,0,0,0,0,0,0,0,0,0,0,0,0,0,0,0,0,0,0,6,1,7,3,3,0,1,3,4,0,0,0,6,0,0,0,1,0,0,0,7,0,0,0,0,0,0,0,0,0,0,0,0,0,0,0,0,0,0,0,0,0,0,0,0,0,0,0,0,0,0,0,0,0,0,0,0,0,0,0,0,0,0,0,0,0,0,0,0,0,0,0,0,0,0,0,0,0,0,0,0,0,0,0,0,0,0,0,0,0,0,0,0,0,0,0,0,0,0,0,0,0,0,0,0,0,0,0,11,0,11,5,6,0,0,5,6,0,0,3,8,0,0,0,0,0,0,3,8,0,0,0,0,0,0,0,0,0,0,0,0,0,0,0,0,0,0,0,0,0,0,0,0,0,0,0,0,0,0,0,0,0,0,0,0,0,0,0,0,0,0,0,0,0,0,0,0,0,0,0,0,0,0,0,0,0,0,0,0,0,0,0,0,0,0,0,0,0,0,0,0,0,0,0,0,0,0,0,0,0,0,0,0,0,0,0,0,0,0,0,0,0,0,0,0,0,0,0,0,0,0,0,0,0,0,0,0,0,0,0,0,0,0,0,0,0,0,0,0,0,0,0,0,0,0,0,0,0,0,0,0,0,0,0,0,0,0,0,0,0,0,0,0,0,0,0,0,0,0,0,0,0,0,0,0,0,0,0,0,0,0,0,0,0,0,0,0,1,0,1,1,0,0,0,1,0,0,0,0,1,0,0,0,0,0,0,0,1,0,0,0,0,0,0,0,0,0,0,0,0,0,0,0,0,0,0,0,0,0,0,0,0,0,0,0,0,0,0,0,0,0,1,0,1,1,0,0,0,1,0,0,0,1,0,0,0,0,0,0,0,1,0,0,0,0,0,0,0,0,0,0,0,0,0,0,0,0,0,0,0,0,0,0,0,0,0,0,0,0,0,0,0,0,0,0,14,0,14,10,4,0,0,10,4,0,0,7,7,0,0,0,0,0,0,7,7,0,0,0,0,0,0,4,0,4,4,0,0,0,4,0,0,0,4,0,0,0,0,0,0,0,4,0,0,0,0,0,0,0,2,0,2,2,0,0,0,2,0,0,0,1,1,0,0,0,0,0,0,1,1,0,0,0,0,0,0,0,0,0,0,0,0,0,0,0,0,0,0,0,0,0,0,0,0,0,0,0,0,0,0,0,0,0,249,3,252,198,51,2,1,200,52,0,0,116,132,0,0,1,2,0,0,117,134,0,0,0,0,0,0
Marked Tree Police Department,AR05601,2005,Arkansas,2756,3,0,3,3,0,0,0,3,0,0,0,1,2,0,0,0,0,0,0,1,2,0,0,0,0,0,0,23,1,24,16,7,1,0,17,7,0,0,9,13,0,0,0,2,0,0,9,15,0,0,0,0,0,0,0,0,0,0,0,0,0,0,0,0,0,0,0,0,0,0,0,0,0,0,0,0,0,0,0,0,0,1,1,2,1,0,0,1,1,1,0,0,0,1,0,0,1,0,0,0,1,1,0,0,0,0,0,0,0,0,0,0,0,0,0,0,0,0,0,0,0,0,0,0,0,0,0,0,0,0,0,0,0,0,0,0,0,0,0,0,0,0,0,0,0,0,0,0,0,0,0,0,0,0,0,0,0,0,0,0,0,0,0,0,0,3,0,0,3,0,0,0,0,0,0,0,3,3,0,0,0,3,0,0,0,0,3,0,0,1,0,1,1,0,0,0,1,0,0,0,0,1,0,0,0,0,0,0,0,1,0,0,0,0,0,0,1,0,1,1,0,0,0,1,0,0,0,0,1,0,0,0,0,0,0,0,1,0,0,0,0,0,0,1,0,1,1,0,0,0,1,0,0,0,0,1,0,0,0,0,0,0,0,1,0,0,0,0,0,0,0,0,0,0,0,0,0,0,0,0,0,0,0,0,0,0,0,0,0,0,0,0,0,0,0,0,0,0,0,0,0,0,0,0,0,0,0,0,0,0,0,0,0,0,0,0,0,0,0,0,0,0,0,0,0,0,0,0,0,0,0,0,0,0,0,0,0,0,0,0,0,0,0,0,0,0,0,0,0,0,0,0,0,0,0,0,0,0,0,0,0,0,0,0,0,0,0,0,0,0,0,0,0,0,0,0,0,0,0,0,0,0,0,0,0,0,0,0,0,0,0,0,0,0,0,0,0,0,0,0,0,0,0,0,0,0,0,0,0,0,0,0,0,0,0,0,0,0,0,0,0,0,0,0,0,0,0,0,0,0,0,0,3,0,3,3,0,0,0,3,0,0,0,0,3,0,0,0,0,0,0,0,3,0,0,0,0,0,0,8,0,8,7,1,0,0,7,1,0,0,0,7,0,0,0,0,0,0,0,7,0,0,0,0,0,0,9,0,9,6,3,0,0,6,3,0,0,1,8,0,0,0,0,0,0,1,8,0,0,0,0,0,0,0,0,0,0,0,0,0,0,0,0,0,0,0,0,0,0,0,0,0,0,0,0,0,0,0,0,0,0,0,0,0,0,0,0,0,0,0,0,0,0,0,0,0,0,0,0,0,0,0,0,0,0,0,0,1,0,1,0,1,0,0,0,1,0,0,1,0,0,0,0,0,0,0,1,0,0,0,0,0,0,0,12,0,12,9,3,0,0,9,3,0,0,3,8,0,0,0,0,0,0,3,8,0,0,0,0,0,0,0,0,0,0,0,0,0,0,0,0,0,0,0,0,0,0,0,0,0,0,0,0,0,0,0,0,0,0,0,0,0,0,0,0,0,0,0,0,0,0,0,0,0,0,0,0,0,0,0,0,0,0,0,0,0,0,0,0,0,0,0,0,0,0,0,0,0,0,0,0,0,0,0,0,0,0,0,0,0,0,0,0,0,0,0,0,0,0,0,0,0,0,0,0,0,0,0,0,0,0,0,0,0,0,0,0,0,0,0,0,0,0,0,0,0,0,0,0,0,0,0,0,0,0,0,0,0,0,0,0,0,0,0,0,0,0,0,0,0,0,0,0,0,0,0,0,0,0,0,0,0,0,0,0,0,0,0,0,0,0,0,0,3,0,3,2,1,0,0,2,1,0,0,1,2,0,0,0,0,0,0,1,2,0,0,0,0,0,0,1,0,1,1,0,0,0,1,0,0,0,0,1,0,0,0,0,0,0,0,1,0,0,0,0,0,0,0,0,0,0,0,0,0,0,0,0,0,0,0,0,0,0,0,0,0,0,0,0,0,0,0,0,0,0,0,0,0,0,0,0,0,0,0,0,0,0,0,0,0,0,0,0,0,0,0,0,0,0,0,0,7,0,7,7,0,0,0,7,0,0,0,3,3,0,0,0,0,0,0,3,3,0,0,0,0,0,0,0,0,0,0,0,0,0,0,0,0,0,0,0,0,0,0,0,0,0,0,0,0,0,0,0,0,0,0,0,0,0,0,0,0,0,0,0,0,0,0,0,0,0,0,0,0,0,0,0,0,0,0,0,0,0,0,0,0,0,0,0,0,0,0,0,0,0,0,0,0,0,0,0,0,0,0,0,0,0,0,0,0,0,0,0,0,0,0,0,0,0,0,0,0,0,0,0,0,0,0,0,0,0,0,0,0,0,0,0,0,0,0,0,0,0,0,0,0,0,0,0,0,0,0,0,0,0,0,0,0,0,0,0,0,0,0,0,0,0,0,0,0,0,0,0,0,0,0,0,0,0,0,0,0,0,0,0,0,0,0,0,0,3,0,3,3,0,0,0,3,0,0,0,3,0,0,0,0,0,0,0,3,0,0,0,0,0,0,0,0,0,0,0,0,0,0,0,0,0,0,0,0,0,0,0,0,0,0,0,0,0,0,0,0,0,0,0,0,0,0,0,0,0,0,0,0,0,0,0,0,0,0,0,0,0,0,0,0,0,0,0,0,0,0,0,0,0,0,0,0,0,0,0,0,0,0,0,0,0,0,0,0,0,0,0,0,0,0,0,0,4,2,6,3,1,0,2,3,3,0,0,0,4,0,0,2,0,0,0,2,4,0,0,0,0,0,0,0,0,0,0,0,0,0,0,0,0,0,0,0,0,0,0,0,0,0,0,0,0,0,0,0,0,0,2,0,2,2,0,0,0,2,0,0,0,2,0,0,0,0,0,0,0,2,0,0,0,0,0,0,0,0,0,0,0,0,0,0,0,0,0,0,0,0,0,0,0,0,0,0,0,0,0,0,0,0,0,0,86,4,90,69,17,1,3,70,20,0,0,24,58,0,0,3,2,0,0,27,60,0,0,0,0,0,0
Marked Tree Police Department,AR05601,2004,Arkansas,2778,0,0,0,0,0,0,0,0,0,0,0,0,0,0,0,0,0,0,0,0,0,0,0,0,0,0,0,25,0,25,19,6,0,0,19,6,0,0,11,12,0,0,0,0,0,0,11,12,0,0,0,0,0,0,0,0,0,0,0,0,0,0,0,0,0,0,0,0,0,0,0,0,0,0,0,0,0,0,0,0,0,2,0,2,2,0,0,0,2,0,0,0,2,0,0,0,0,0,0,0,2,0,0,0,0,0,0,0,0,0,0,0,0,0,0,0,0,0,0,0,0,0,0,0,0,0,0,0,0,0,0,0,0,0,0,4,1,5,2,2,1,0,3,2,0,0,2,2,0,0,0,1,0,0,2,3,0,0,0,0,0,0,0,0,7,18,0,0,28,0,0,0,2,0,0,2,30,25,3,2,0,27,3,0,0,7,20,0,0,9,0,9,9,0,0,0,9,0,0,0,3,4,0,0,0,0,0,0,3,4,0,0,0,0,0,0,12,2,14,10,2,2,0,12,2,0,0,2,9,0,0,0,2,0,0,2,11,0,0,0,0,0,0,3,0,3,2,1,0,0,2,1,0,0,1,2,0,0,0,0,0,0,1,2,0,0,0,0,0,0,4,0,4,4,0,0,0,4,0,0,0,1,3,0,0,0,0,0,0,1,3,0,0,0,0,0,0,0,0,0,6,0,0,7,0,0,0,0,0,0,0,7,5,2,0,0,5,2,0,0,0,6,0,0,0,0,0,0,0,0,0,0,0,0,0,0,0,0,0,0,0,0,0,0,0,0,0,0,0,0,0,7,0,7,5,2,0,0,5,2,0,0,0,6,0,0,0,0,0,0,0,6,0,0,0,0,0,0,0,0,0,0,0,0,0,0,0,0,0,0,0,0,0,0,0,0,0,0,0,0,0,0,0,0,0,0,0,0,0,0,0,0,0,0,0,0,0,0,0,0,0,0,0,0,0,0,0,0,0,0,0,0,35,2,37,30,5,2,0,32,5,0,0,7,24,0,0,0,2,0,0,7,26,0,0,0,0,0,0,1,0,1,1,0,0,0,1,0,0,0,0,1,0,0,0,0,0,0,0,1,0,0,0,0,0,0,11,0,11,10,1,0,0,10,1,0,0,2,9,0,0,0,0,0,0,2,9,0,0,0,0,0,0,0,0,0,0,0,0,0,0,0,0,0,0,0,0,0,0,0,0,0,0,0,0,0,0,0,0,0,0,0,0,0,0,0,0,0,0,0,0,0,0,0,0,0,0,0,0,0,0,0,0,0,0,0,0,1,0,1,1,0,0,0,1,0,0,0,1,0,0,0,0,0,0,0,1,0,0,0,0,0,0,0,3,0,3,1,2,0,0,1,2,0,0,2,1,0,0,0,0,0,0,2,1,0,0,0,0,0,0,0,0,0,0,0,0,0,0,0,0,0,0,0,0,0,0,0,0,0,0,0,0,0,0,0,0,0,0,0,0,0,0,0,0,0,0,0,0,0,0,0,0,0,0,0,0,0,0,0,0,0,0,0,0,0,0,0,0,0,0,0,0,0,0,0,0,0,0,0,0,0,0,0,0,0,0,0,0,0,0,0,0,0,0,0,0,0,0,0,0,0,0,0,0,0,0,0,0,0,0,0,0,0,0,0,0,0,0,0,0,0,0,0,0,0,0,0,0,0,0,0,0,0,0,0,0,0,0,0,0,0,0,0,0,0,0,0,0,0,0,0,0,0,0,0,0,0,0,0,0,0,0,0,0,0,0,0,0,0,0,0,0,0,0,0,0,0,0,0,0,0,0,0,0,0,0,0,0,0,0,0,0,0,0,0,0,0,0,0,0,0,0,0,0,0,0,0,0,0,0,0,0,0,0,0,0,0,0,0,0,0,0,0,0,0,0,0,0,0,0,0,0,0,0,0,0,0,0,0,0,0,0,0,0,0,0,0,0,0,0,0,0,0,0,0,0,0,0,0,0,0,0,0,0,0,0,0,0,0,0,0,0,0,0,0,0,0,0,0,0,11,1,12,8,3,1,0,9,3,0,0,5,6,0,0,1,0,0,0,6,6,0,0,0,0,0,0,0,0,0,0,0,0,0,0,0,0,0,0,0,0,0,0,0,0,0,0,0,0,0,0,0,0,0,0,0,0,0,0,0,0,0,0,0,0,0,0,0,0,0,0,0,0,0,0,0,0,0,0,0,0,0,0,0,0,0,0,0,0,0,0,0,0,0,0,0,0,0,0,0,0,0,0,0,0,0,0,0,0,0,0,0,0,0,0,0,0,0,0,0,0,0,0,0,0,0,0,0,0,0,0,0,0,0,0,0,0,0,0,0,0,0,0,0,0,0,0,0,0,0,0,0,0,0,0,0,0,0,0,0,0,0,0,0,0,0,0,0,0,0,0,0,0,0,0,0,0,0,0,0,0,0,0,0,0,0,0,0,0,0,0,0,0,0,0,0,0,0,0,0,0,0,0,0,0,0,0,0,0,0,0,0,0,0,0,0,0,0,0,0,0,0,0,0,0,0,0,0,0,0,0,0,0,0,0,0,0,0,0,0,0,0,0,1,0,1,1,0,0,0,1,0,0,0,0,1,0,0,0,0,0,0,0,1,0,0,0,0,0,0,0,0,0,0,0,0,0,0,0,0,0,0,0,0,0,0,0,0,0,0,0,0,0,0,0,0,0,3,1,4,3,0,1,0,4,0,0,0,0,2,0,0,1,0,0,0,1,2,0,0,0,0,0,0,0,0,0,0,0,0,0,0,0,0,0,0,0,0,0,0,0,0,0,0,0,0,0,0,0,0,0,1,0,1,1,0,0,0,1,0,0,0,0,1,0,0,0,0,0,0,0,1,0,0,0,0,0,0,0,0,0,0,0,0,0,0,0,0,0,0,0,0,0,0,0,0,0,0,0,0,0,0,0,0,0,168,9,177,139,29,9,0,148,29,0,0,46,107,0,0,2,7,0,0,48,114,0,0,0,0,0,0
Marked Tree Police Department,AR05601,2003,Arkansas,2770,5,0,5,4,1,0,0,4,1,0,0,1,4,0,0,0,0,0,0,1,4,0,0,0,0,0,0,68,1,69,47,21,0,1,47,22,0,0,24,40,0,0,0,1,0,0,24,41,0,0,0,0,0,0,1,0,1,0,1,0,0,0,1,0,0,0,1,0,0,0,0,0,0,0,1,0,0,0,0,0,0,5,1,6,5,0,1,0,6,0,0,0,0,5,0,0,0,1,0,0,0,6,0,0,0,0,0,0,0,2,2,0,0,2,0,2,0,0,0,0,0,0,0,2,0,0,0,2,0,0,0,0,0,0,0,5,0,5,5,0,0,0,5,0,0,0,4,1,0,0,0,0,0,0,4,1,0,0,0,0,0,0,0,0,22,32,0,0,57,0,0,0,1,0,0,1,58,44,13,1,0,45,13,0,0,22,33,0,0,17,0,17,16,1,0,0,16,1,0,0,4,12,0,0,0,0,0,0,4,12,0,0,0,0,0,0,29,0,29,21,8,0,0,21,8,0,0,16,11,0,0,0,0,0,0,16,11,0,0,0,0,0,0,3,0,3,3,0,0,0,3,0,0,0,1,2,0,0,0,0,0,0,1,2,0,0,0,0,0,0,8,1,9,4,4,1,0,5,4,0,0,1,7,0,0,0,1,0,0,1,8,0,0,0,0,0,0,0,0,3,3,0,0,7,0,0,0,0,0,0,0,7,5,2,0,0,5,2,0,0,3,3,0,0,0,0,0,0,0,0,0,0,0,0,0,0,0,0,0,0,0,0,0,0,0,0,0,0,0,0,0,6,0,6,4,2,0,0,4,2,0,0,3,2,0,0,0,0,0,0,3,2,0,0,0,0,0,0,1,0,1,1,0,0,0,1,0,0,0,0,1,0,0,0,0,0,0,0,1,0,0,0,0,0,0,0,0,0,0,0,0,0,0,0,0,0,0,0,0,0,0,0,0,0,0,0,0,0,0,0,0,0,73,2,75,56,17,2,0,58,17,0,0,27,42,0,0,0,2,0,0,27,44,0,0,0,0,0,0,14,0,14,11,3,0,0,11,3,0,0,5,6,0,0,0,0,0,0,5,6,0,0,0,0,0,0,22,0,22,21,1,0,0,21,1,0,0,3,17,0,0,0,0,0,0,3,17,0,0,0,0,0,0,0,0,0,0,0,0,0,0,0,0,0,0,0,0,0,0,0,0,0,0,0,0,0,0,0,0,0,0,0,0,0,0,0,0,0,0,0,0,0,0,0,0,0,0,0,0,0,0,0,0,0,0,0,0,2,0,2,1,1,0,0,1,1,0,0,0,2,0,0,0,0,0,0,0,2,0,0,0,0,0,0,13,0,13,8,5,0,0,8,5,0,0,6,7,0,0,0,0,0,0,6,7,0,0,0,0,0,0,0,0,0,0,0,0,0,0,0,0,0,0,0,0,0,0,0,0,0,0,0,0,0,0,0,0,0,0,0,0,0,0,0,0,0,0,0,0,0,0,0,0,0,0,0,0,0,0,0,0,0,0,0,0,0,0,0,0,0,0,0,0,0,0,0,0,0,0,0,0,0,0,0,0,0,0,0,0,0,0,0,0,0,1,0,0,0,1,0,0,0,0,0,0,0,1,1,0,0,0,1,0,0,0,1,0,0,0,0,0,0,0,0,0,0,0,0,0,0,0,0,0,0,0,0,0,0,0,0,0,0,0,0,0,0,0,0,0,0,0,0,0,0,0,0,0,0,0,0,0,0,0,0,0,0,0,0,0,0,0,0,0,7,0,7,7,0,0,0,7,0,0,0,2,5,0,0,0,0,0,0,2,5,0,0,0,0,0,0,0,0,0,0,0,0,0,0,0,0,0,0,0,0,0,0,0,0,0,0,0,0,0,0,0,0,0,0,0,0,0,0,0,0,0,0,0,0,0,0,0,0,0,0,0,0,0,0,0,0,0,0,0,0,0,0,0,0,0,0,0,0,0,0,0,0,0,0,0,0,0,0,0,0,0,0,0,0,0,0,0,21,0,21,16,5,0,0,16,5,0,0,9,11,0,0,0,0,0,0,9,11,0,0,0,0,0,0,0,0,0,0,0,0,0,0,0,0,0,0,0,0,0,0,0,0,0,0,0,0,0,0,0,0,0,0,0,0,0,0,0,0,0,0,0,0,0,0,0,0,0,0,0,0,0,0,0,0,0,0,0,0,0,0,0,0,0,0,0,0,0,0,0,0,0,0,0,0,0,0,0,0,0,0,0,0,0,0,0,0,0,0,0,0,0,0,0,0,0,0,0,0,0,0,0,0,0,0,0,0,0,0,0,0,0,0,0,0,0,0,0,0,0,0,0,0,0,0,0,0,0,0,0,0,0,0,0,0,0,0,0,0,0,0,0,0,0,0,0,0,0,0,0,0,0,0,0,0,0,0,0,0,0,0,0,0,0,0,0,0,0,0,0,0,0,0,0,0,0,0,0,0,0,0,0,0,0,0,0,0,0,0,0,0,0,0,0,0,0,0,0,0,0,0,0,0,0,0,0,0,0,0,0,0,0,0,0,0,0,0,0,0,0,0,1,0,1,1,0,0,0,1,0,0,0,1,0,0,0,0,0,0,0,1,0,0,0,0,0,0,0,0,0,0,0,0,0,0,0,0,0,0,0,0,0,0,0,0,0,0,0,0,0,0,0,0,0,0,3,3,6,3,0,3,0,6,0,0,0,1,2,0,0,3,0,0,0,4,2,0,0,0,0,0,0,1,0,1,1,0,0,0,1,0,0,0,0,1,0,0,0,0,0,0,0,1,0,0,0,0,0,0,4,0,4,3,1,0,0,3,1,0,0,2,2,0,0,0,0,0,0,2,2,0,0,0,0,0,0,0,0,0,0,0,0,0,0,0,0,0,0,0,0,0,0,0,0,0,0,0,0,0,0,0,0,0,374,11,385,288,86,10,1,298,87,0,0,136,216,0,0,5,6,0,0,141,222,0,0,0,0,0,0
Marked Tree Police Department,AR05601,2002,Arkansas,2838,5,0,5,5,0,0,0,5,0,0,0,2,3,0,0,0,0,0,0,2,3,0,0,0,0,0,0,66,0,66,58,8,0,0,58,8,0,1,30,35,0,0,0,0,0,1,30,35,0,0,0,0,0,0,0,0,0,0,0,0,0,0,0,0,0,0,0,0,0,0,0,0,0,0,0,0,0,0,0,0,0,2,4,6,2,0,4,0,6,0,0,0,0,2,0,0,4,0,0,0,4,2,0,0,0,0,0,0,0,0,0,0,0,0,0,0,0,0,0,0,0,0,0,0,0,0,0,0,0,0,0,0,0,0,0,12,1,13,7,5,1,0,8,5,0,0,8,4,0,0,1,0,0,0,9,4,0,0,0,0,0,0,0,0,12,24,0,0,36,0,0,0,0,0,0,0,36,31,5,0,0,31,5,0,0,12,24,0,0,5,0,5,5,0,0,0,5,0,0,0,1,4,0,0,0,0,0,0,1,4,0,0,0,0,0,0,0,0,0,0,0,0,0,0,0,0,0,0,0,0,0,0,0,0,0,0,0,0,0,0,0,0,0,2,0,2,2,0,0,0,2,0,0,0,0,2,0,0,0,0,0,0,0,2,0,0,0,0,0,0,29,0,29,24,5,0,0,24,5,0,0,11,18,0,0,0,0,0,0,11,18,0,0,0,0,0,0,0,0,2,1,0,0,3,0,0,0,0,0,0,0,3,3,0,0,0,3,0,0,0,2,1,0,0,0,0,0,0,0,0,0,0,0,0,0,0,0,0,0,0,0,0,0,0,0,0,0,0,0,0,0,0,0,0,0,0,0,0,0,0,0,0,0,0,0,0,0,0,0,0,0,0,0,0,0,0,0,0,0,0,0,0,0,0,0,0,0,0,0,0,0,0,0,0,0,0,0,0,0,0,0,0,0,0,0,3,0,3,3,0,0,0,3,0,0,0,2,1,0,0,0,0,0,0,2,1,0,0,0,0,0,0,39,0,39,34,5,0,0,34,5,0,0,14,25,0,0,0,0,0,0,14,25,0,0,0,0,0,0,17,3,20,14,3,3,0,17,3,0,0,9,8,0,0,0,3,0,0,9,11,0,0,0,0,0,0,11,1,12,11,0,1,0,12,0,0,0,4,7,0,0,1,0,0,0,5,7,0,0,0,0,0,0,0,0,0,0,0,0,0,0,0,0,0,0,0,0,0,0,0,0,0,0,0,0,0,0,0,0,0,0,0,0,0,0,0,0,0,0,0,0,0,0,0,0,0,0,0,0,0,0,0,0,0,0,0,0,2,0,2,2,0,0,0,2,0,0,0,0,2,0,0,0,0,0,0,0,2,0,0,0,0,0,0,6,0,6,5,1,0,0,5,1,0,0,1,5,0,0,0,0,0,0,1,5,0,0,0,0,0,0,0,0,0,0,0,0,0,0,0,0,0,0,0,0,0,0,0,0,0,0,0,0,0,0,0,0,0,0,0,0,0,0,0,0,0,0,0,0,0,0,0,0,0,0,0,0,0,0,0,0,0,0,0,0,0,0,0,0,0,0,0,0,0,0,0,0,0,0,0,0,0,0,0,0,0,0,0,0,0,0,0,0,0,0,0,0,0,0,0,0,0,0,0,0,0,0,0,0,0,0,0,0,0,0,0,0,0,0,0,0,0,0,0,0,0,0,0,0,0,0,0,0,0,0,0,0,0,0,0,0,0,0,0,0,0,0,0,0,0,0,0,0,0,0,0,0,0,0,0,0,0,0,0,0,0,0,0,0,0,0,0,0,0,0,0,0,0,0,0,0,0,0,0,0,0,0,0,0,0,0,0,0,0,0,0,0,0,0,0,0,0,0,0,0,0,0,0,0,0,0,0,0,0,0,0,0,0,0,0,0,0,0,0,0,0,0,0,0,0,0,0,0,0,0,0,0,0,0,0,0,0,0,0,0,0,0,0,0,0,0,0,0,0,0,0,0,0,0,0,0,0,0,0,0,0,0,0,0,0,0,0,0,0,0,0,0,0,0,0,0,5,0,5,5,0,0,0,5,0,0,0,2,3,0,0,0,0,0,0,2,3,0,0,0,0,0,0,1,0,1,1,0,0,0,1,0,0,0,1,0,0,0,0,0,0,0,1,0,0,0,0,0,0,0,0,0,0,0,0,0,0,0,0,0,0,0,0,0,0,0,0,0,0,0,0,0,0,0,0,0,0,0,0,0,0,0,0,0,0,0,0,0,0,0,0,0,0,0,0,0,0,0,0,0,0,0,0,0,0,0,0,0,0,0,0,0,0,0,0,0,0,0,0,0,0,0,0,0,0,0,0,0,0,0,0,0,0,0,0,0,0,0,0,0,0,0,0,0,0,0,0,0,0,0,0,0,0,0,0,0,0,0,1,0,1,1,0,0,0,1,0,0,0,1,0,0,0,0,0,0,0,1,0,0,0,0,0,0,0,1,0,1,1,0,0,0,1,0,0,0,1,0,0,0,0,0,0,0,1,0,0,0,0,0,0,0,0,0,0,0,0,0,0,0,0,0,0,0,0,0,0,0,0,0,0,0,0,0,0,0,0,0,0,7,0,7,5,2,0,0,5,2,0,0,4,3,0,0,0,0,0,0,4,3,0,0,0,0,0,0,0,0,0,0,0,0,0,0,0,0,0,0,0,0,0,0,0,0,0,0,0,0,0,0,0,0,0,10,4,14,9,1,4,0,13,1,0,0,6,4,0,0,3,1,0,0,9,5,0,0,0,0,0,0,0,0,0,0,0,0,0,0,0,0,0,0,0,0,0,0,0,0,0,0,0,0,0,0,0,0,0,0,0,0,0,0,0,0,0,0,0,0,0,0,0,0,0,0,0,0,0,0,0,0,0,0,0,0,2,0,2,2,0,0,0,2,0,0,0,1,1,0,0,0,0,0,0,1,1,0,0,0,0,0,0,265,13,278,230,35,13,0,243,35,0,1,112,152,0,0,9,4,0,1,121,156,0,0,0,0,0,0
Marked Tree Police Department,AR05601,2001,Arkansas,2820,3,0,3,3,0,0,0,3,0,0,0,2,1,0,0,0,0,0,0,2,1,0,0,0,0,0,0,74,1,75,70,4,1,0,71,4,0,0,27,47,0,0,0,1,0,0,27,48,0,0,0,0,0,0,0,0,0,0,0,0,0,0,0,0,0,0,0,0,0,0,0,0,0,0,0,0,0,0,0,0,0,2,2,4,2,0,2,0,4,0,0,0,0,2,0,0,2,0,0,0,2,2,0,0,0,0,0,0,0,6,6,0,0,5,1,5,1,0,0,0,0,0,0,1,5,0,0,1,5,0,0,0,0,0,0,18,0,18,14,4,0,0,14,4,0,0,11,7,0,0,0,0,0,0,11,7,0,0,0,0,0,0,0,0,12,38,0,0,50,0,0,0,0,0,0,0,50,40,10,0,0,40,10,0,0,12,38,0,0,10,0,10,9,1,0,0,9,1,0,0,2,8,0,0,0,0,0,0,2,8,0,0,0,0,0,0,2,0,2,1,1,0,0,1,1,0,0,1,1,0,0,0,0,0,0,1,1,0,0,0,0,0,0,0,0,0,0,0,0,0,0,0,0,0,0,0,0,0,0,0,0,0,0,0,0,0,0,0,0,0,38,0,38,30,8,0,0,30,8,0,0,9,29,0,0,0,0,0,0,9,29,0,0,0,0,0,0,0,0,48,6,0,0,54,0,0,0,0,0,0,0,54,46,8,0,0,46,8,0,0,48,6,0,0,0,0,0,0,0,0,0,0,0,0,0,0,0,0,0,0,0,0,0,0,0,0,0,0,0,0,0,0,0,0,0,0,0,0,0,0,0,0,0,0,0,0,0,0,0,0,0,0,0,0,0,0,0,0,0,0,0,0,0,0,0,0,0,0,0,0,0,0,0,0,0,0,0,0,0,0,0,0,0,0,0,54,0,54,46,8,0,0,46,8,0,0,48,6,0,0,0,0,0,0,48,6,0,0,0,0,0,0,104,0,104,86,18,0,0,86,18,0,0,60,44,0,0,0,0,0,0,60,44,0,0,0,0,0,0,23,0,23,16,7,0,0,16,7,0,0,9,14,0,0,0,0,0,0,9,14,0,0,0,0,0,0,25,1,26,21,4,1,0,22,4,0,0,6,19,0,0,0,1,0,0,6,20,0,0,0,0,0,0,0,0,0,0,0,0,0,0,0,0,0,0,0,0,0,0,0,0,0,0,0,0,0,0,0,0,0,0,0,0,0,0,0,0,0,0,0,0,0,0,0,0,0,0,0,0,0,0,0,0,0,0,0,0,2,0,2,1,1,0,0,1,1,0,0,2,0,0,0,0,0,0,0,2,0,0,0,0,0,0,0,9,0,9,4,5,0,0,4,5,0,0,0,9,0,0,0,0,0,0,0,9,0,0,0,0,0,0,0,0,0,0,0,0,0,0,0,0,0,0,0,0,0,0,0,0,0,0,0,0,0,0,0,0,0,0,0,0,0,0,0,0,0,0,0,0,0,0,0,0,0,0,0,0,0,0,0,0,0,0,0,0,0,0,0,0,0,0,0,0,0,0,0,0,0,0,0,0,0,0,0,0,0,0,0,0,0,0,0,0,0,0,0,0,0,0,0,0,0,0,0,0,0,0,0,0,0,0,0,0,0,0,0,0,0,0,0,0,0,0,0,0,0,0,0,0,0,0,0,0,0,0,0,0,0,0,0,0,0,0,0,0,0,0,0,0,0,0,0,0,0,0,0,0,0,0,0,0,0,0,0,0,0,0,0,0,0,0,0,0,0,0,0,0,0,0,0,0,0,0,0,0,0,0,0,0,0,0,0,0,0,0,0,0,0,0,0,3,0,3,3,0,0,0,3,0,0,0,1,2,0,0,0,0,0,0,1,2,0,0,0,0,0,0,0,0,0,0,0,0,0,0,0,0,0,0,0,0,0,0,0,0,0,0,0,0,0,0,0,0,0,0,0,0,0,0,0,0,0,0,0,0,0,0,0,0,0,0,0,0,0,0,0,0,0,0,0,0,5,0,5,5,0,0,0,5,0,0,0,3,2,0,0,0,0,0,0,3,2,0,0,0,0,0,0,1,0,1,1,0,0,0,1,0,0,0,1,0,0,0,0,0,0,0,1,0,0,0,0,0,0,0,0,0,0,0,0,0,0,0,0,0,0,0,0,0,0,0,0,0,0,0,0,0,0,0,0,0,0,0,0,0,0,0,0,0,0,0,0,0,0,0,0,0,0,0,0,0,0,0,0,0,0,0,0,0,0,0,0,0,0,0,0,0,0,0,0,0,0,0,0,0,0,0,0,0,0,0,0,0,0,0,0,0,0,0,0,0,0,0,0,0,0,0,0,0,0,0,0,0,0,0,0,0,0,0,0,0,0,0,1,0,1,1,0,0,0,1,0,0,0,1,0,0,0,0,0,0,0,1,0,0,0,0,0,0,0,0,0,0,0,0,0,0,0,0,0,0,0,0,0,0,0,0,0,0,0,0,0,0,0,0,0,0,0,0,0,0,0,0,0,0,0,0,0,0,0,0,0,0,0,0,0,0,0,0,0,0,0,0,0,2,0,2,2,0,0,0,2,0,0,0,2,0,0,0,0,0,0,0,2,0,0,0,0,0,0,0,0,0,0,0,0,0,0,0,0,0,0,0,0,0,0,0,0,0,0,0,0,0,0,0,0,0,0,14,1,15,14,0,1,0,15,0,0,0,10,4,0,0,1,0,0,0,11,4,0,0,0,0,0,0,0,0,0,0,0,0,0,0,0,0,0,0,0,0,0,0,0,0,0,0,0,0,0,0,0,0,0,0,0,0,0,0,0,0,0,0,0,0,0,0,0,0,0,0,0,0,0,0,0,0,0,0,0,0,0,0,0,0,0,0,0,0,0,0,0,0,0,0,0,0,0,0,0,0,0,0,0,0,0,0,0,494,11,505,415,79,10,1,425,80,0,0,255,239,0,0,4,7,0,0,259,246,0,0,0,0,0,0
Marked Tree Police Department,AR05601,2000,Arkansas,,,,,,,,,,,,,,,,,,,,,,,,,,,,,,,,,,,,,,,,,,,,,,,,,,,,,,,,,,,,,,,,,,,,,,,,,,,,,,,,,,,,,,,,,,,,,,,,,,,,,,,,,,,,,,,,,,,,,,,,,,,,,,,,,,,,,,,,,,,,,,,,,,,,,,,,,,,,,,,,,,,,,,,,,,,,,,,,,,,,,,,,,,,,,,,,,,,,,,,,,,,,,,,,,,,,,,,,,,,,,,,,,,,,,,,,,,,,,,,,,,,,,,,,,,,,,,,,,,,,,,,,,,,,,,,,,,,,,,,,,,,,,,,,,,,,,,,,,,,,,,,,,,,,,,,,,,,,,,,,,,,,,,,,,,,,,,,,,,,,,,,,,,,,,,,,,,,,,,,,,,,,,,,,,,,,,,,,,,,,,,,,,,,,,,,,,,,,,,,,,,,,,,,,,,,,,,,,,,,,,,,,,,,,,,,,,,,,,,,,,,,,,,,,,,,,,,,,,,,,,,,,,,,,,,,,,,,,,,,,,,,,,,,,,,,,,,,,,,,,,,,,,,,,,,,,,,,,,,,,,,,,,,,,,,,,,,,,,,,,,,,,,,,,,,,,,,,,,,,,,,,,,,,,,,,,,,,,,,,,,,,,,,,,,,,,,,,,,,,,,,,,,,,,,,,,,,,,,,,,,,,,,,,,,,,,,,,,,,,,,,,,,,,,,,,,,,,,,,,,,,,,,,,,,,,,,,,,,,,,,,,,,,,,,,,,,,,,,,,,,,,,,,,,,,,,,,,,,,,,,,,,,,,,,,,,,,,,,,,,,,,,,,,,,,,,,,,,,,,,,,,,,,,,,,,,,,,,,,,,,,,,,,,,,,,,,,,,,,,,,,,,,,,,,,,,,,,,,,,,,,,,,,,,,,,,,,,,,,,,,,,,,,,,,,,,,,,,,,,,,,,,,,,,,,,,,,,,,,,,,,,,,,,,,,,,,,,,,,,,,,,,,,,,,,,,,,,,,,,,,,,,,,,,,,,,,,,,,,,,,,,,,,,,,,,,,,,,,,,,,,,,,,,,,,,,,,,,,,,,,,,,,,,,,,,,,,,,,,,,,,,,,,,,,,,,,,,,,,,,,,,,,,,,,,,,,,,,,,,,,,,,,,,,,,,,,,,,,,,,,,,,,,,,,,,,,,,,,,,,,,,,,,,,,,,,,,,,,,,,,,,,,,,,,,,,,,,,,,,,,,,,,,,,,,,,,,,,,,,,,,,,,,,,,,,,,,,,,,,,,,,,,,,,,,,,,,,,,,,,,,,,,,,,,,,,,,,,,,,,,,,,,,,,,,,,,,,,,,,,,,,,,,,,,,,,,,,,,,,,,,,,,,,,,,,,,,,,,,,,,,,,,,,,,,,,,,,,,,,,,,,,,,,,,,,,,,,,,,,,,,,,,,,,,,,,,,,,,,,,,,,,
Marked Tree Police Department,AR05601,1999,Arkansas,3071,4,0,4,4,0,0,0,4,0,0,0,2,2,0,0,0,0,0,0,2,2,0,0,0,0,0,0,113,1,114,98,15,1,0,99,15,0,0,56,57,0,0,1,0,0,0,57,57,0,0,0,0,0,0,0,0,0,0,0,0,0,0,0,0,0,0,0,0,0,0,0,0,0,0,0,0,0,0,0,0,0,0,0,0,0,0,0,0,0,0,0,0,0,0,0,0,0,0,0,0,0,0,0,0,0,0,0,0,0,0,0,0,0,0,0,0,0,0,0,0,0,0,0,0,0,0,0,0,0,0,0,0,0,0,0,26,1,27,22,4,1,0,23,4,0,0,11,15,0,0,0,1,0,0,11,16,0,0,0,0,0,0,0,0,37,23,0,0,60,0,0,0,0,0,0,0,60,51,9,0,0,51,9,0,0,37,23,0,0,17,0,17,15,2,0,0,15,2,0,0,6,11,0,0,0,0,0,0,6,11,0,0,0,0,0,0,2,0,2,1,1,0,0,1,1,0,0,0,2,0,0,0,0,0,0,0,2,0,0,0,0,0,0,3,0,3,2,1,0,0,2,1,0,0,1,2,0,0,0,0,0,0,1,2,0,0,0,0,0,0,38,0,38,33,5,0,0,33,5,0,0,30,8,0,0,0,0,0,0,30,8,0,0,0,0,0,0,0,0,0,0,0,0,0,0,0,0,0,0,0,0,0,0,0,0,0,0,0,0,0,0,0,0,0,0,0,0,0,0,0,0,0,0,0,0,0,0,0,0,0,0,0,0,0,0,0,0,0,0,0,0,0,0,0,0,0,0,0,0,0,0,0,0,0,0,0,0,0,0,0,0,0,0,0,0,0,0,0,0,0,0,0,0,0,0,0,0,0,0,0,0,0,0,0,0,0,0,0,0,0,0,0,0,0,0,0,0,0,0,0,0,0,0,0,0,0,0,0,0,0,0,0,0,0,0,0,0,0,0,0,0,0,60,0,60,51,9,0,0,51,9,0,0,37,23,0,0,0,0,0,0,37,23,0,0,0,0,0,0,45,0,45,36,9,0,0,36,9,0,0,22,23,0,0,0,0,0,0,22,23,0,0,0,0,0,0,48,2,50,43,5,2,0,45,5,0,0,15,33,0,0,0,2,0,0,15,35,0,0,0,0,0,0,0,0,0,0,0,0,0,0,0,0,0,0,0,0,0,0,0,0,0,0,0,0,0,0,0,0,0,0,0,0,0,0,0,0,0,0,0,0,0,0,0,0,0,0,0,0,0,0,0,0,0,0,0,0,0,0,0,0,0,0,0,0,0,0,0,0,0,0,0,0,0,0,0,0,0,0,0,0,0,0,0,10,0,10,7,3,0,0,7,3,0,0,1,9,0,0,0,0,0,0,1,9,0,0,0,0,0,0,0,0,0,0,0,0,0,0,0,0,0,0,0,0,0,0,0,0,0,0,0,0,0,0,0,0,0,0,0,0,0,0,0,0,0,0,0,0,0,0,0,0,0,0,0,0,0,0,0,0,0,0,0,0,1,0,1,1,0,0,0,1,0,0,0,1,0,0,0,0,0,0,0,1,0,0,0,0,0,0,0,0,0,1,0,0,0,1,0,0,0,0,0,0,0,1,1,0,0,0,1,0,0,0,1,0,0,0,0,0,0,0,0,0,0,0,0,0,0,0,0,0,0,0,0,0,0,0,0,0,0,0,0,0,0,0,0,0,0,0,0,0,0,0,0,0,0,0,0,0,0,0,0,0,0,0,0,0,0,0,0,0,1,0,1,1,0,0,0,1,0,0,0,1,0,0,0,0,0,0,0,1,0,0,0,0,0,0,0,1,0,1,1,0,0,0,1,0,0,0,1,0,0,0,0,0,0,0,1,0,0,0,0,0,0,0,0,0,0,0,0,0,0,0,0,0,0,0,0,0,0,0,0,0,0,0,0,0,0,0,0,0,0,0,0,0,0,0,0,0,0,0,0,0,0,0,0,0,0,0,0,0,0,0,0,0,0,0,0,0,22,0,22,16,6,0,0,16,6,0,0,18,4,0,0,0,0,0,0,18,4,0,0,0,0,0,0,0,0,0,0,0,0,0,0,0,0,0,0,0,0,0,0,0,0,0,0,0,0,0,0,0,0,0,0,0,0,0,0,0,0,0,0,0,0,0,0,0,0,0,0,0,0,0,0,0,0,0,0,0,0,0,0,0,0,0,0,0,0,0,0,0,0,0,0,0,0,0,0,0,0,0,0,0,0,0,0,0,0,0,0,0,0,0,0,0,0,0,0,0,0,0,0,0,0,0,0,0,0,0,0,0,0,0,0,0,0,0,0,0,0,0,0,0,0,0,0,0,0,0,0,0,0,0,0,0,0,0,0,0,0,0,0,0,0,0,0,0,0,0,0,0,0,0,0,0,0,0,0,0,0,0,0,0,0,0,0,0,0,0,0,0,0,0,0,0,0,0,0,0,0,0,0,0,0,0,0,0,0,0,0,0,0,0,0,0,0,0,0,0,0,0,0,0,0,0,0,0,0,0,0,0,0,0,0,0,0,0,0,0,0,0,0,4,0,4,3,1,0,0,3,1,0,0,2,2,0,0,0,0,0,0,2,2,0,0,0,0,0,0,0,0,0,0,0,0,0,0,0,0,0,0,0,0,0,0,0,0,0,0,0,0,0,0,0,0,0,13,1,14,10,3,1,0,11,3,0,0,6,7,0,0,0,1,0,0,6,8,0,0,0,0,0,0,0,0,0,0,0,0,0,0,0,0,0,0,0,0,0,0,0,0,0,0,0,0,0,0,0,0,0,0,0,0,0,0,0,0,0,0,0,0,0,0,0,0,0,0,0,0,0,0,0,0,0,0,0,0,6,0,6,5,1,0,0,5,1,0,0,2,4,0,0,0,0,0,0,2,4,0,0,0,0,0,0,475,5,480,401,74,5,0,406,74,0,0,250,225,0,0,1,4,0,0,251,229,0,0,0,0,0,0
Marked Tree Police Department,AR05601,1998,Arkansas,3075,4,1,5,4,0,1,0,5,0,0,0,2,2,0,0,1,0,0,0,3,2,0,0,0,0,0,0,141,2,143,118,23,1,1,119,24,0,0,93,48,0,0,0,2,0,0,93,50,0,0,0,0,0,0,0,0,0,0,0,0,0,0,0,0,0,0,0,0,0,0,0,0,0,0,0,0,0,0,0,0,0,1,0,1,1,0,0,0,1,0,0,0,1,0,0,0,0,0,0,0,1,0,0,0,0,0,0,0,0,0,0,0,0,0,0,0,0,0,0,0,0,0,0,0,0,0,0,0,0,0,0,0,0,0,0,22,1,23,16,6,1,0,17,6,0,0,15,7,0,0,0,1,0,0,15,8,0,0,0,0,0,0,0,0,19,12,0,0,31,0,0,0,0,0,0,0,31,24,7,0,0,24,7,0,0,19,12,0,0,14,0,14,11,3,0,0,11,3,0,0,8,6,0,0,0,0,0,0,8,6,0,0,0,0,0,0,1,0,1,1,0,0,0,1,0,0,0,0,1,0,0,0,0,0,0,0,1,0,0,0,0,0,0,1,0,1,1,0,0,0,1,0,0,0,0,1,0,0,0,0,0,0,0,1,0,0,0,0,0,0,15,0,15,11,4,0,0,11,4,0,0,11,4,0,0,0,0,0,0,11,4,0,0,0,0,0,0,0,0,2,0,0,0,2,0,0,0,0,0,0,0,2,1,1,0,0,1,1,0,0,2,0,0,0,2,0,2,1,1,0,0,1,1,0,0,2,0,0,0,0,0,0,0,2,0,0,0,0,0,0,0,0,0,0,0,0,0,0,0,0,0,0,0,0,0,0,0,0,0,0,0,0,0,0,0,0,0,0,0,0,0,0,0,0,0,0,0,0,0,0,0,0,0,0,0,0,0,0,0,0,0,0,0,0,0,0,0,0,0,0,0,0,0,0,0,0,0,0,0,0,0,0,0,0,0,0,0,0,0,0,0,0,33,0,33,25,8,0,0,25,8,0,0,21,12,0,0,0,0,0,0,21,12,0,0,0,0,0,0,28,0,28,23,5,0,0,23,5,0,0,10,18,0,0,0,0,0,0,10,18,0,0,0,0,0,0,51,1,52,45,6,1,0,46,6,0,0,13,38,0,0,0,1,0,0,13,39,0,0,0,0,0,0,0,0,0,0,0,0,0,0,0,0,0,0,0,0,0,0,0,0,0,0,0,0,0,0,0,0,0,0,0,0,0,0,0,0,0,0,0,0,0,0,0,0,0,0,0,0,0,0,0,0,0,0,0,0,2,0,2,0,2,0,0,0,2,0,0,2,0,0,0,0,0,0,0,2,0,0,0,0,0,0,0,12,0,12,7,5,0,0,7,5,0,0,4,8,0,0,0,0,0,0,4,8,0,0,0,0,0,0,0,0,0,0,0,0,0,0,0,0,0,0,0,0,0,0,0,0,0,0,0,0,0,0,0,0,0,0,0,0,0,0,0,0,0,0,0,0,0,0,0,0,0,0,0,0,0,0,0,0,0,0,0,0,0,0,0,0,0,0,0,0,0,0,0,0,0,0,0,0,0,0,0,0,0,0,0,0,0,0,0,0,0,0,0,0,0,0,0,0,0,0,0,0,0,0,0,0,0,0,0,0,0,0,0,0,0,0,0,0,0,0,0,0,0,0,0,0,0,0,0,0,0,0,0,0,0,0,0,0,0,0,0,0,0,0,0,0,0,0,0,0,0,0,0,0,0,0,0,0,0,0,0,0,0,0,0,0,0,0,0,0,0,0,0,0,0,0,0,0,0,0,0,0,0,0,0,0,0,0,0,0,0,0,0,0,0,0,0,0,0,0,0,0,0,0,0,0,0,0,0,0,0,0,0,0,0,0,0,0,0,0,0,0,0,0,0,0,0,0,0,0,0,0,0,0,0,0,0,0,0,0,0,0,0,0,0,0,0,0,0,0,0,0,0,0,0,0,0,0,0,0,0,0,0,0,0,0,0,0,0,0,0,0,0,0,0,0,0,0,15,2,17,14,1,2,0,16,1,0,0,8,7,0,0,2,0,0,0,10,7,0,0,0,0,0,0,3,0,3,3,0,0,0,3,0,0,0,2,1,0,0,0,0,0,0,2,1,0,0,0,0,0,0,0,0,0,0,0,0,0,0,0,0,0,0,0,0,0,0,0,0,0,0,0,0,0,0,0,0,0,0,0,0,0,0,0,0,0,0,0,0,0,0,0,0,0,0,0,0,0,0,0,0,0,0,0,0,0,0,0,0,0,0,0,0,0,0,0,0,0,0,0,0,0,0,0,0,0,0,0,0,0,0,0,0,0,0,0,0,0,0,0,0,0,0,0,0,0,0,0,0,0,0,0,0,0,0,0,0,0,0,0,0,0,0,0,0,0,0,0,0,0,0,0,0,0,0,0,0,0,0,0,0,0,0,0,0,0,1,0,1,1,0,0,0,1,0,0,0,1,0,0,0,0,0,0,0,1,0,0,0,0,0,0,0,0,0,0,0,0,0,0,0,0,0,0,0,0,0,0,0,0,0,0,0,0,0,0,0,0,0,0,14,0,14,11,3,0,0,11,3,0,0,12,2,0,0,0,0,0,0,12,2,0,0,0,0,0,0,1,1,2,1,0,1,0,2,0,0,0,1,0,0,0,1,0,0,0,2,0,0,0,0,0,0,0,7,1,8,5,2,1,0,6,2,0,0,6,1,0,0,1,0,0,0,7,1,0,0,0,0,0,0,0,0,0,0,0,0,0,0,0,0,0,0,0,0,0,0,0,0,0,0,0,0,0,0,0,0,0,0,0,0,0,0,0,0,0,0,0,0,0,0,0,0,0,0,0,0,0,0,0,0,0,0,0,0,10,0,10,10,0,0,0,10,0,0,0,10,0,0,0,0,0,0,0,10,0,0,0,0,0,0,0,411,9,420,334,77,8,1,342,78,0,0,243,168,0,0,5,4,0,0,248,172,0,0,0,0,0,0
Marked Tree Police Department,AR05601,1997,Arkansas,2991,4,0,4,4,0,0,0,4,0,0,0,3,1,0,0,0,0,0,0,3,1,0,0,0,0,0,0,127,0,127,107,20,0,0,107,20,2,0,69,56,0,0,0,0,2,0,69,56,0,0,0,0,0,0,0,0,0,0,0,0,0,0,0,0,0,0,0,0,0,0,0,0,0,0,0,0,0,0,0,0,0,5,0,5,5,0,0,0,5,0,0,0,2,3,0,0,0,0,0,0,2,3,0,0,0,0,0,0,0,0,0,0,0,0,0,0,0,0,0,0,0,0,0,0,0,0,0,0,0,0,0,0,0,0,0,20,1,21,17,3,1,0,18,3,0,0,15,5,0,0,1,0,0,0,16,5,0,0,0,0,0,0,0,0,14,12,0,0,26,0,0,0,0,0,0,0,26,21,5,0,0,21,5,0,0,14,12,0,0,10,0,10,8,2,0,0,8,2,0,0,4,6,0,0,0,0,0,0,4,6,0,0,0,0,0,0,2,0,2,1,1,0,0,1,1,0,0,0,2,0,0,0,0,0,0,0,2,0,0,0,0,0,0,1,0,1,1,0,0,0,1,0,0,0,1,0,0,0,0,0,0,0,1,0,0,0,0,0,0,0,13,0,13,11,2,0,0,11,2,0,0,9,4,0,0,0,0,0,0,9,4,0,0,0,0,0,0,0,0,0,0,0,0,0,0,0,0,0,0,0,0,0,0,0,0,0,0,0,0,0,0,0,0,0,0,0,0,0,0,0,0,0,0,0,0,0,0,0,0,0,0,0,0,0,0,0,0,0,0,0,0,0,0,0,0,0,0,0,0,0,0,0,0,0,0,0,0,0,0,0,0,0,0,0,0,0,0,0,0,0,0,0,0,0,0,0,0,0,0,0,0,0,0,0,0,0,0,0,0,0,0,0,0,0,0,0,0,0,0,0,0,0,0,0,0,0,0,0,0,0,0,0,0,0,0,0,0,0,0,0,0,0,26,0,26,21,5,0,0,21,5,0,0,14,12,0,0,0,0,0,0,14,12,0,0,0,0,0,0,46,0,46,45,1,0,0,45,1,0,0,10,36,0,0,0,0,0,0,10,36,0,0,0,0,0,0,74,0,74,63,11,0,0,63,11,0,0,21,53,0,0,0,0,0,0,21,53,0,0,0,0,0,0,0,0,0,0,0,0,0,0,0,0,0,0,0,0,0,0,0,0,0,0,0,0,0,0,0,0,0,0,0,0,0,0,0,0,0,0,0,0,0,0,0,0,0,0,0,0,0,0,0,0,0,0,0,0,2,0,2,1,1,0,0,1,1,0,0,1,1,0,0,0,0,0,0,1,1,0,0,0,0,0,0,2,0,2,0,2,0,0,0,2,0,0,0,2,0,0,0,0,0,0,0,2,0,0,0,0,0,0,0,0,0,0,0,0,0,0,0,0,0,0,0,0,0,0,0,0,0,0,0,0,0,0,0,0,0,0,0,0,0,0,0,0,0,0,0,0,0,0,0,0,0,0,0,0,0,0,0,0,0,0,0,0,0,0,0,0,0,0,0,0,0,0,0,0,0,0,0,0,0,0,0,0,0,0,0,0,0,0,0,0,0,0,0,0,0,0,0,0,0,0,0,0,0,0,0,0,0,0,0,0,0,0,0,0,0,0,0,0,0,0,0,0,0,0,0,0,0,0,0,0,0,0,0,0,0,0,0,0,0,0,0,0,0,0,0,0,0,0,0,0,0,0,0,0,0,0,0,0,0,0,0,0,0,0,0,0,0,0,0,0,0,0,0,0,0,0,0,0,0,0,0,0,0,0,0,0,0,0,0,0,0,0,0,0,0,0,0,1,0,1,1,0,0,0,1,0,0,0,1,0,0,0,0,0,0,0,1,0,0,0,0,0,0,0,0,0,0,0,0,0,0,0,0,0,0,0,0,0,0,0,0,0,0,0,0,0,0,0,0,0,0,0,0,0,0,0,0,0,0,0,0,0,0,0,0,0,0,0,0,0,0,0,0,0,0,0,0,0,14,1,15,13,1,1,0,14,1,0,0,12,2,0,0,1,0,0,0,13,2,0,0,0,0,0,0,0,0,0,0,0,0,0,0,0,0,0,0,0,0,0,0,0,0,0,0,0,0,0,0,0,0,0,0,0,0,0,0,0,0,0,0,0,0,0,0,0,0,0,0,0,0,0,0,0,0,0,0,0,0,0,0,0,0,0,0,0,0,0,0,0,0,0,0,0,0,0,0,0,0,0,0,0,0,0,0,0,0,0,0,0,0,0,0,0,0,0,0,0,0,0,0,0,0,0,0,0,0,0,0,0,0,0,0,0,0,0,0,0,0,0,0,0,0,0,0,0,0,0,0,0,0,0,0,0,0,0,0,0,0,0,0,0,0,0,0,0,0,0,0,0,0,0,0,0,0,0,0,0,0,0,0,0,0,0,0,0,0,0,0,0,0,0,0,0,0,0,0,0,0,0,0,0,0,0,0,0,0,0,0,0,0,0,0,0,0,0,0,0,0,0,0,0,0,0,0,0,0,0,0,0,0,0,0,0,0,0,0,0,0,0,0,15,1,16,15,0,1,0,16,0,0,0,12,3,0,0,0,1,0,0,12,4,0,0,0,0,0,0,0,0,0,0,0,0,0,0,0,0,0,0,0,0,0,0,0,0,0,0,0,0,0,0,0,0,0,1,1,2,1,0,1,0,2,0,0,0,1,0,0,0,1,0,0,0,2,0,0,0,0,0,0,0,0,0,0,0,0,0,0,0,0,0,0,0,0,0,0,0,0,0,0,0,0,0,0,0,0,0,0,0,0,0,0,0,0,0,0,0,0,0,0,0,0,0,0,0,0,0,0,0,0,0,0,0,0,0,5,0,5,5,0,0,0,5,0,0,0,5,0,0,0,0,0,0,0,5,0,0,0,0,0,0,0,394,4,398,340,54,4,0,344,54,2,0,194,198,0,0,3,1,2,0,197,199,0,0,0,0,0,0
Marked Tree Police Department,AR05601,1996,Arkansas,2976,10,4,14,10,0,3,1,13,1,0,0,8,2,0,0,4,0,0,0,12,2,0,0,0,0,0,0,130,1,131,110,20,1,0,111,20,0,0,67,63,0,0,1,0,0,0,68,63,0,0,0,0,0,0,3,0,3,3,0,0,0,3,0,0,0,3,0,0,0,0,0,0,0,3,0,0,0,0,0,0,0,5,0,5,4,1,0,0,4,1,0,0,1,4,0,0,0,0,0,0,1,4,0,0,0,0,0,0,0,0,0,0,0,0,0,0,0,0,0,0,0,0,0,0,0,0,0,0,0,0,0,0,0,0,0,23,2,25,15,8,1,1,16,9,0,0,8,15,0,0,2,0,0,0,10,15,0,0,0,0,0,0,0,0,12,18,0,0,30,0,0,1,0,0,0,1,31,27,3,1,0,28,3,0,0,13,18,0,0,18,1,19,16,2,1,0,17,2,0,0,7,11,0,0,1,0,0,0,8,11,0,0,0,0,0,0,2,0,2,2,0,0,0,2,0,0,0,2,0,0,0,0,0,0,0,2,0,0,0,0,0,0,0,4,0,4,4,0,0,0,4,0,0,0,1,3,0,0,0,0,0,0,1,3,0,0,0,0,0,0,6,0,6,5,1,0,0,5,1,0,0,2,4,0,0,0,0,0,0,2,4,0,0,0,0,0,0,0,0,0,0,0,0,0,0,0,0,0,0,0,0,0,0,0,0,0,0,0,0,0,0,0,0,0,0,0,0,0,0,0,0,0,0,0,0,0,0,0,0,0,0,0,0,0,0,0,0,0,0,0,0,0,0,0,0,0,0,0,0,0,0,0,0,0,0,0,0,0,0,0,0,0,0,0,0,0,0,0,0,0,0,0,0,0,0,0,0,0,0,0,0,0,0,0,0,0,0,0,0,0,0,0,0,0,0,0,0,0,0,0,0,0,0,0,0,0,0,0,0,0,0,0,0,0,0,0,0,0,0,0,0,0,30,1,31,27,3,1,0,28,3,0,0,12,18,0,0,1,0,0,0,13,18,0,0,0,0,0,0,84,0,84,69,15,0,0,69,15,1,0,20,63,0,0,0,0,1,0,20,63,0,0,0,0,0,0,82,0,82,65,17,0,0,65,17,0,0,21,61,0,0,0,0,0,0,21,61,0,0,0,0,0,0,0,0,0,0,0,0,0,0,0,0,0,0,0,0,0,0,0,0,0,0,0,0,0,0,0,0,0,0,0,0,0,0,0,0,0,0,0,0,0,0,0,0,0,0,0,0,0,0,0,0,0,0,0,0,2,0,2,2,0,0,0,2,0,0,0,1,1,0,0,0,0,0,0,1,1,0,0,0,0,0,0,3,0,3,3,0,0,0,3,0,0,0,0,3,0,0,0,0,0,0,0,3,0,0,0,0,0,0,0,0,0,0,0,0,0,0,0,0,0,0,0,0,0,0,0,0,0,0,0,0,0,0,0,0,0,0,0,0,0,0,0,0,0,0,0,0,0,0,0,0,0,0,0,0,0,0,0,0,0,0,0,0,0,0,0,0,0,0,0,0,0,0,0,0,0,0,0,0,0,0,0,0,0,0,0,0,0,0,0,0,0,0,0,0,0,0,0,0,0,0,0,0,0,0,0,0,0,0,0,0,0,0,0,0,0,0,0,0,0,0,0,0,0,0,0,0,0,0,0,0,0,0,0,0,0,0,0,0,0,0,0,0,0,0,0,0,0,0,0,0,0,0,0,0,0,0,0,0,0,0,0,0,0,0,0,0,0,0,0,0,0,0,0,0,0,0,0,0,0,0,0,0,0,0,0,0,0,0,0,0,0,0,0,0,0,0,0,2,0,2,1,1,0,0,1,1,0,0,1,1,0,0,0,0,0,0,1,1,0,0,0,0,0,0,0,0,0,0,0,0,0,0,0,0,0,0,0,0,0,0,0,0,0,0,0,0,0,0,0,0,0,0,0,0,0,0,0,0,0,0,0,0,0,0,0,0,0,0,0,0,0,0,0,0,0,0,0,0,13,0,13,12,1,0,0,12,1,0,0,11,2,0,0,0,0,0,0,11,2,0,0,0,0,0,0,0,0,0,0,0,0,0,0,0,0,0,0,0,0,0,0,0,0,0,0,0,0,0,0,0,0,0,0,0,0,0,0,0,0,0,0,0,0,0,0,0,0,0,0,0,0,0,0,0,0,0,0,0,0,0,0,0,0,0,0,0,0,0,0,0,0,0,0,0,0,0,0,0,0,0,0,0,0,0,0,0,0,0,0,0,0,0,0,0,0,0,0,0,0,0,0,0,0,0,0,0,0,0,0,0,0,0,0,0,0,0,0,0,0,0,0,0,0,0,0,0,0,0,0,0,0,0,0,0,0,0,0,0,0,0,0,0,0,0,0,0,0,0,0,0,0,0,0,0,0,0,0,0,0,0,0,0,0,0,0,0,0,0,0,0,0,0,0,0,0,0,0,0,0,0,0,0,0,0,0,0,0,0,0,0,0,0,0,0,0,0,0,0,0,0,0,0,0,0,0,0,0,0,0,0,0,0,0,0,0,0,0,0,0,0,0,7,0,7,5,2,0,0,5,2,0,0,4,3,0,0,0,0,0,0,4,3,0,0,0,0,0,0,6,1,7,5,1,1,0,6,1,0,0,2,4,0,0,1,0,0,0,3,4,0,0,0,0,0,0,4,1,5,3,1,1,0,4,1,0,0,0,4,0,0,1,0,0,0,1,4,0,0,0,0,0,0,0,0,0,0,0,0,0,0,0,0,0,0,0,0,0,0,0,0,0,0,0,0,0,0,0,0,0,0,0,0,0,0,0,0,0,0,0,0,0,0,0,0,0,0,0,0,0,0,0,0,0,0,0,0,9,2,11,8,1,2,0,10,1,0,0,5,4,0,0,2,0,0,0,7,4,0,0,0,0,0,0,473,14,487,396,77,12,2,408,79,1,0,188,284,0,0,14,0,1,0,202,284,0,0,0,0,0,0
Marked Tree Police Department,AR05601,1995,Arkansas,2946,13,5,18,10,3,5,0,15,3,0,0,7,6,0,0,5,0,0,0,12,6,0,0,0,0,0,0,112,1,113,95,17,1,0,96,17,0,0,57,55,0,0,1,0,0,0,58,55,0,0,0,0,0,0,0,0,0,0,0,0,0,0,0,0,0,0,0,0,0,0,0,0,0,0,0,0,0,0,0,0,0,1,0,1,1,0,0,0,1,0,0,0,1,0,0,0,0,0,0,0,1,0,0,0,0,0,0,0,0,0,0,0,0,0,0,0,0,0,0,0,0,0,0,0,0,0,0,0,0,0,0,0,0,0,0,4,2,6,3,1,2,0,5,1,0,0,2,2,0,0,2,0,0,0,4,2,0,0,0,0,0,0,0,0,8,21,0,0,29,0,0,1,0,0,0,1,30,22,7,1,0,23,7,0,0,9,21,0,0,12,0,12,10,2,0,0,10,2,0,0,2,10,0,0,0,0,0,0,2,10,0,0,0,0,0,0,2,0,2,2,0,0,0,2,0,0,0,0,2,0,0,0,0,0,0,0,2,0,0,0,0,0,0,4,0,4,3,1,0,0,3,1,0,0,3,1,0,0,0,0,0,0,3,1,0,0,0,0,0,0,11,1,12,7,4,1,0,8,4,0,0,3,8,0,0,1,0,0,0,4,8,0,0,0,0,0,0,1,0,0,2,0,0,3,0,0,0,0,0,0,0,3,3,0,0,0,3,0,1,0,0,2,0,0,3,0,3,3,0,0,0,3,0,1,0,0,2,0,0,0,0,1,0,0,2,0,0,0,0,0,0,0,0,0,0,0,0,0,0,0,0,0,0,0,0,0,0,0,0,0,0,0,0,0,0,0,0,0,0,0,0,0,0,0,0,0,0,0,0,0,0,0,0,0,0,0,0,0,0,0,0,0,0,0,0,0,0,0,0,0,0,0,0,0,0,0,0,0,0,0,0,0,0,0,0,0,0,0,0,0,0,0,32,1,33,25,7,1,0,26,7,1,0,8,23,0,0,1,0,1,0,9,23,0,0,0,0,0,0,39,0,39,34,5,0,0,34,5,1,0,10,28,0,0,0,0,1,0,10,28,0,0,0,0,0,0,123,0,123,108,15,0,0,108,15,2,0,29,92,0,0,0,0,2,0,29,92,0,0,0,0,0,0,0,0,0,0,0,0,0,0,0,0,0,0,0,0,0,0,0,0,0,0,0,0,0,0,0,0,0,1,0,1,1,0,0,0,1,0,0,0,1,0,0,0,0,0,0,0,1,0,0,0,0,0,0,0,8,1,9,5,3,1,0,6,3,0,0,5,3,0,0,1,0,0,0,6,3,0,0,0,0,0,0,2,0,2,1,1,0,0,1,1,1,0,1,0,0,0,0,0,1,0,1,0,0,0,0,0,0,0,0,0,0,0,0,0,0,0,0,0,0,0,0,0,0,0,0,0,0,0,0,0,0,0,0,0,0,0,0,0,0,0,0,0,0,0,0,0,0,0,0,0,0,0,0,0,0,0,0,0,0,0,0,0,0,0,0,0,0,0,0,0,0,0,0,0,0,0,0,0,0,0,0,0,0,0,0,0,0,0,0,0,0,0,0,0,0,0,0,0,0,0,0,0,0,0,0,0,0,0,0,0,0,0,0,0,0,0,0,0,0,0,0,0,0,0,0,0,0,0,0,0,0,0,0,0,0,0,0,0,0,0,0,0,0,0,0,0,0,0,0,0,0,0,0,0,0,0,0,0,0,0,0,0,0,0,0,0,0,0,0,0,0,0,0,0,0,0,0,0,0,0,0,0,0,0,0,0,0,0,0,0,0,0,0,0,0,0,0,0,1,1,0,0,1,0,1,0,0,0,0,0,0,0,1,0,0,0,1,0,0,0,0,0,0,0,0,0,0,0,0,0,0,0,0,0,0,0,0,0,0,0,0,0,0,0,0,0,0,0,0,0,0,0,0,0,0,0,0,0,0,0,0,0,0,0,0,0,0,0,0,0,0,0,0,0,0,0,0,0,6,1,7,5,1,1,0,6,1,0,0,3,3,0,0,1,0,0,0,4,3,0,0,0,0,0,0,1,1,2,1,0,1,0,2,0,0,0,1,0,0,0,0,1,0,0,1,1,0,0,0,0,0,0,0,0,0,0,0,0,0,0,0,0,0,0,0,0,0,0,0,0,0,0,0,0,0,0,0,0,0,0,0,0,0,0,0,0,0,0,0,0,0,0,0,0,0,0,0,0,0,0,0,0,0,0,0,0,0,0,0,0,0,0,0,0,0,0,0,0,0,0,0,0,0,0,0,0,0,0,0,0,0,0,0,0,0,0,0,0,0,0,0,0,0,0,0,0,0,0,0,0,0,0,0,0,0,0,0,0,0,0,0,0,0,0,0,0,0,0,0,0,0,0,0,0,0,0,0,0,0,0,0,0,0,0,0,0,0,4,1,5,4,0,1,0,5,0,0,0,3,1,0,0,1,0,0,0,4,1,0,0,0,0,0,0,0,0,0,0,0,0,0,0,0,0,0,0,0,0,0,0,0,0,0,0,0,0,0,0,0,0,0,12,0,12,7,5,0,0,7,5,0,0,11,1,0,0,0,0,0,0,11,1,0,0,0,0,0,0,5,0,5,5,0,0,0,5,0,0,0,0,5,0,0,0,0,0,0,0,5,0,0,0,0,0,0,5,7,12,4,1,7,0,11,1,0,0,2,3,0,0,7,0,0,0,9,3,0,0,0,0,0,0,0,0,0,0,0,0,0,0,0,0,0,0,0,0,0,0,0,0,0,0,0,0,0,0,0,0,0,0,0,0,0,0,0,0,0,0,0,0,0,0,0,0,0,0,0,0,0,0,0,0,0,0,0,0,8,1,9,7,1,1,0,8,1,0,0,3,5,0,0,1,0,0,0,4,5,0,0,0,0,0,0,440,24,464,366,74,24,0,390,74,7,0,160,273,0,0,23,1,7,0,183,274,0,0,0,0,0,0
Marked Tree Police Department,AR05601,1994,Arkansas,3071,11,1,12,8,3,1,0,9,3,0,0,9,2,0,0,1,0,0,0,10,2,0,0,0,0,0,0,78,1,79,64,14,1,0,65,14,0,0,35,43,0,0,1,0,0,0,36,43,0,0,0,0,0,0,0,0,0,0,0,0,0,0,0,0,0,0,0,0,0,0,0,0,0,0,0,0,0,0,0,0,0,8,3,11,7,1,3,0,10,1,0,0,4,4,0,0,3,0,0,0,7,4,0,0,0,0,0,0,0,0,0,0,0,0,0,0,0,0,0,0,0,0,0,0,0,0,0,0,0,0,0,0,0,0,0,14,0,14,10,4,0,0,10,4,0,0,10,4,0,0,0,0,0,0,10,4,0,0,0,0,0,0,0,0,8,6,0,0,14,0,0,1,0,0,0,1,15,13,1,0,1,13,2,0,0,9,6,0,0,9,0,9,9,0,0,0,9,0,0,0,5,4,0,0,0,0,0,0,5,4,0,0,0,0,0,0,3,1,4,2,1,0,1,2,2,0,0,3,0,0,0,1,0,0,0,4,0,0,0,0,0,0,0,0,0,0,0,0,0,0,0,0,0,0,0,0,0,0,0,0,0,0,0,0,0,0,0,0,0,0,2,0,2,2,0,0,0,2,0,0,0,0,2,0,0,0,0,0,0,0,2,0,0,0,0,0,0,0,0,6,6,0,0,12,0,0,0,0,0,0,0,12,11,1,0,0,11,1,0,0,6,6,0,0,10,0,10,9,1,0,0,9,1,0,0,4,6,0,0,0,0,0,0,4,6,0,0,0,0,0,0,2,0,2,2,0,0,0,2,0,0,0,2,0,0,0,0,0,0,0,2,0,0,0,0,0,0,0,0,0,0,0,0,0,0,0,0,0,0,0,0,0,0,0,0,0,0,0,0,0,0,0,0,0,0,0,0,0,0,0,0,0,0,0,0,0,0,0,0,0,0,0,0,0,0,0,0,0,0,0,0,0,26,1,27,24,2,0,1,24,3,0,0,14,12,0,0,1,0,0,0,15,12,0,0,0,0,0,0,37,0,37,34,3,0,0,34,3,0,0,9,28,0,0,0,0,0,0,9,28,0,0,0,0,0,0,73,0,73,64,9,0,0,64,9,0,0,17,56,0,0,0,0,0,0,17,56,0,0,0,0,0,0,0,0,0,0,0,0,0,0,0,0,0,0,0,0,0,0,0,0,0,0,0,0,0,0,0,0,0,3,0,3,3,0,0,0,3,0,0,0,0,3,0,0,0,0,0,0,0,3,0,0,0,0,0,0,5,0,5,1,4,0,0,1,4,0,0,0,5,0,0,0,0,0,0,0,5,0,0,0,0,0,0,1,0,1,1,0,0,0,1,0,0,0,0,1,0,0,0,0,0,0,0,1,0,0,0,0,0,0,0,0,0,0,0,0,0,0,0,0,0,0,0,0,0,0,0,0,0,0,0,0,0,0,0,0,0,0,0,0,0,0,0,0,0,0,0,0,0,0,0,0,0,0,0,0,0,0,0,0,0,0,0,0,0,0,0,0,0,0,0,0,0,0,0,0,0,0,0,0,0,0,0,0,0,0,0,0,0,0,0,0,0,0,0,0,0,0,0,0,0,0,0,0,0,0,0,0,0,0,0,0,0,0,0,0,0,0,0,0,0,0,0,0,0,0,0,0,0,0,0,0,0,0,0,0,0,0,0,0,0,0,0,0,0,0,0,0,0,0,0,0,0,0,0,0,0,0,0,0,0,0,0,0,0,0,0,0,0,0,0,0,0,0,0,0,0,0,0,0,0,0,0,0,0,0,0,0,0,0,0,0,0,0,0,0,0,0,0,0,1,1,0,0,1,0,1,0,0,0,0,0,0,0,1,0,0,0,1,0,0,0,0,0,0,0,0,0,0,0,0,0,0,0,0,0,0,0,0,0,0,0,0,0,0,0,0,0,0,0,0,0,0,0,0,0,0,0,0,0,0,0,0,0,0,0,0,0,0,0,0,0,0,0,0,0,0,0,0,0,8,0,8,7,1,0,0,7,1,0,0,5,3,0,0,0,0,0,0,5,3,0,0,0,0,0,0,0,0,0,0,0,0,0,0,0,0,0,0,0,0,0,0,0,0,0,0,0,0,0,0,0,0,0,0,0,0,0,0,0,0,0,0,0,0,0,0,0,0,0,0,0,0,0,0,0,0,0,0,0,0,0,0,0,0,0,0,0,0,0,0,0,0,0,0,0,0,0,0,0,0,0,0,0,0,0,0,0,0,0,0,0,0,0,0,0,0,0,0,0,0,0,0,0,0,0,0,0,0,0,0,0,0,0,0,0,0,0,0,0,0,0,0,0,0,0,0,0,0,0,0,0,0,0,0,0,0,0,0,0,0,0,1,1,2,1,0,1,0,2,0,0,0,1,0,0,0,1,0,0,0,2,0,0,0,0,0,0,0,2,0,2,2,0,0,0,2,0,0,0,2,0,0,0,0,0,0,0,2,0,0,0,0,0,0,0,0,0,0,0,0,0,0,0,0,0,0,0,0,0,0,0,0,0,0,0,0,0,0,0,0,0,0,2,0,2,1,1,0,0,1,1,0,0,1,1,0,0,0,0,0,0,1,1,0,0,0,0,0,0,0,0,0,0,0,0,0,0,0,0,0,0,0,0,0,0,0,0,0,0,0,0,0,0,0,0,0,12,3,15,11,1,3,0,14,1,0,0,11,1,0,0,3,0,0,0,14,1,0,0,0,0,0,0,0,0,0,0,0,0,0,0,0,0,0,0,0,0,0,0,0,0,0,0,0,0,0,0,0,0,0,0,0,0,0,0,0,0,0,0,0,0,0,0,0,0,0,0,0,0,0,0,0,0,0,0,0,0,0,0,0,0,0,0,0,0,0,0,0,0,0,0,0,0,0,0,0,0,0,0,0,0,0,0,0,333,13,346,286,47,10,3,296,50,0,0,146,187,0,0,13,0,0,0,159,187,0,0,0,0,0,0
Marked Tree Police Department,AR05601,1993,Arkansas,3035,13,0,13,11,2,0,0,11,2,0,0,7,6,0,0,0,0,0,0,7,6,0,0,0,0,0,0,119,0,119,106,13,0,0,106,13,0,0,48,71,0,0,0,0,0,0,48,71,0,0,0,0,0,0,2,0,2,1,1,0,0,1,1,0,0,1,1,0,0,0,0,0,0,1,1,0,0,0,0,0,0,2,6,8,2,0,6,0,8,0,0,0,1,1,0,0,0,6,0,0,1,7,0,0,0,0,0,0,0,0,0,0,0,0,0,0,0,0,0,0,0,0,0,0,0,0,0,0,0,0,0,0,0,0,0,10,1,11,7,3,1,0,8,3,0,0,4,6,0,0,0,1,0,0,4,7,0,0,0,0,0,0,0,0,11,15,0,0,26,0,0,0,0,0,0,0,26,25,1,0,0,25,1,0,0,11,15,0,0,15,0,15,14,1,0,0,14,1,0,0,2,13,0,0,0,0,0,0,2,13,0,0,0,0,0,0,11,0,11,11,0,0,0,11,0,0,0,9,2,0,0,0,0,0,0,9,2,0,0,0,0,0,0,0,0,0,0,0,0,0,0,0,0,0,0,0,0,0,0,0,0,0,0,0,0,0,0,0,0,0,0,0,0,0,0,0,0,0,0,0,0,0,0,0,0,0,0,0,0,0,0,0,0,0,0,0,0,0,0,5,3,0,0,8,0,0,0,0,0,0,0,8,4,4,0,0,4,4,0,0,5,3,0,0,3,0,3,1,2,0,0,1,2,0,0,1,2,0,0,0,0,0,0,1,2,0,0,0,0,0,0,5,0,5,3,2,0,0,3,2,0,0,4,1,0,0,0,0,0,0,4,1,0,0,0,0,0,0,0,0,0,0,0,0,0,0,0,0,0,0,0,0,0,0,0,0,0,0,0,0,0,0,0,0,0,0,0,0,0,0,0,0,0,0,0,0,0,0,0,0,0,0,0,0,0,0,0,0,0,0,0,0,34,0,34,29,5,0,0,29,5,0,0,16,18,0,0,0,0,0,0,16,18,0,0,0,0,0,0,120,0,120,111,9,0,0,111,9,0,0,29,91,0,0,0,0,0,0,29,91,0,0,0,0,0,0,143,0,143,127,16,0,0,127,16,0,0,29,114,0,0,0,0,0,0,29,114,0,0,0,0,0,0,0,0,0,0,0,0,0,0,0,0,0,0,0,0,0,0,0,0,0,0,0,0,0,0,0,0,0,0,0,0,0,0,0,0,0,0,0,0,0,0,0,0,0,0,0,0,0,0,0,0,0,0,0,0,1,0,1,1,0,0,0,1,0,0,0,0,1,0,0,0,0,0,0,0,1,0,0,0,0,0,0,0,0,0,0,0,0,0,0,0,0,0,0,0,0,0,0,0,0,0,0,0,0,0,0,0,0,0,0,0,0,0,0,0,0,0,0,0,0,0,0,0,0,0,0,0,0,0,0,0,0,0,0,0,0,0,0,0,0,0,0,0,0,0,0,0,0,0,0,0,0,0,0,0,0,0,0,0,0,0,0,0,2,0,2,2,0,0,0,2,0,0,0,2,0,0,0,0,0,0,0,2,0,0,0,0,0,0,0,0,0,2,0,0,0,2,0,0,0,0,0,0,0,2,2,0,0,0,2,0,0,0,2,0,0,0,0,0,0,0,0,0,0,0,0,0,0,0,0,0,0,0,0,0,0,0,0,0,0,0,0,0,0,0,0,0,0,0,0,0,0,0,0,0,0,0,0,0,0,0,0,0,0,0,0,0,0,0,0,0,0,0,0,0,0,0,0,0,0,0,0,0,0,0,0,0,0,0,0,0,0,0,0,0,0,0,0,0,0,0,0,0,0,0,0,0,0,0,0,0,0,0,0,0,0,0,0,0,0,0,0,0,0,0,0,0,0,0,0,0,0,0,0,0,0,0,0,0,0,0,0,0,0,0,0,0,0,0,0,0,0,0,0,0,0,0,0,0,0,0,0,0,0,0,0,0,0,0,0,0,0,0,0,0,0,0,0,0,32,0,32,27,5,0,0,27,5,0,0,19,13,0,0,0,0,0,0,19,13,0,0,0,0,0,0,0,0,0,0,0,0,0,0,0,0,0,0,0,0,0,0,0,0,0,0,0,0,0,0,0,0,0,1,0,0,0,0,0,0,0,1,0,0,0,0,1,0,0,0,0,0,0,0,0,0,1,0,0,0,0,0,0,0,0,0,0,0,0,0,0,1,0,0,0,0,0,0,0,0,0,0,0,0,0,0,0,0,0,0,0,0,0,0,0,0,0,0,0,0,0,0,0,1,0,0,0,0,0,0,0,0,0,0,0,0,0,0,0,0,0,0,0,0,0,0,0,0,0,0,0,0,0,0,0,0,0,0,0,0,0,0,0,0,0,0,0,0,0,0,0,0,0,0,0,0,0,0,0,0,0,0,0,0,0,0,0,0,2,0,2,1,1,0,0,1,1,0,0,2,0,0,0,0,0,0,0,2,0,0,0,0,0,0,0,0,0,0,0,0,0,0,0,0,0,0,0,0,0,0,0,0,0,0,0,0,0,0,0,0,0,0,1,0,1,1,0,0,0,1,0,0,0,0,1,0,0,0,0,0,0,0,1,0,0,0,0,0,0,0,0,0,0,0,0,0,0,0,0,0,0,0,0,0,0,0,0,0,0,0,0,0,0,0,0,0,14,10,24,10,4,10,0,20,4,0,0,5,9,0,0,0,10,0,0,5,19,0,0,0,0,0,0,0,0,0,0,0,0,0,0,0,0,0,0,0,0,0,0,0,0,0,0,0,0,0,0,0,0,0,0,0,0,0,0,0,0,0,0,0,0,0,0,0,0,0,0,0,0,0,0,0,0,0,0,0,0,4,0,4,4,0,0,0,4,0,0,0,2,2,0,0,0,0,0,0,2,2,0,0,0,0,0,0,570,17,587,500,70,17,0,517,70,0,0,200,370,0,0,0,17,0,0,200,387,0,0,0,0,0,0
Marked Tree Police Department,AR05601,1992,Arkansas,3163,6,0,6,5,1,0,0,5,1,0,0,4,2,0,0,0,0,0,0,4,2,0,0,0,0,0,0,28,12,40,28,0,9,3,37,3,0,0,10,18,0,0,6,6,0,0,16,24,0,0,0,0,0,0,0,0,0,0,0,0,0,0,0,0,0,0,0,0,0,0,0,0,0,0,0,0,0,0,0,0,0,9,2,11,9,0,2,0,11,0,0,0,2,7,0,0,0,2,0,0,2,9,0,0,0,0,0,0,0,1,1,0,0,0,1,0,1,0,0,0,0,0,0,1,0,0,0,1,0,0,0,0,0,0,0,22,2,24,21,1,1,1,22,2,0,0,7,15,0,0,0,2,0,0,7,17,0,0,0,0,0,0,0,0,7,16,0,0,23,0,0,1,0,0,0,1,24,20,3,1,0,21,3,0,0,8,16,0,0,10,1,11,10,0,1,0,11,0,0,0,1,9,0,0,1,0,0,0,2,9,0,0,0,0,0,0,13,0,13,10,3,0,0,10,3,0,0,6,7,0,0,0,0,0,0,6,7,0,0,0,0,0,0,0,0,0,0,0,0,0,0,0,0,0,0,0,0,0,0,0,0,0,0,0,0,0,0,0,0,0,0,0,0,0,0,0,0,0,0,0,0,0,0,0,0,0,0,0,0,0,0,0,0,0,0,0,0,0,0,4,8,0,0,12,0,0,1,0,0,0,1,13,11,1,1,0,12,1,0,0,5,8,0,0,9,0,9,9,0,0,0,9,0,0,0,2,7,0,0,0,0,0,0,2,7,0,0,0,0,0,0,3,1,4,2,1,1,0,3,1,0,0,2,1,0,0,1,0,0,0,3,1,0,0,0,0,0,0,0,0,0,0,0,0,0,0,0,0,0,0,0,0,0,0,0,0,0,0,0,0,0,0,0,0,0,0,0,0,0,0,0,0,0,0,0,0,0,0,0,0,0,0,0,0,0,0,0,0,0,0,0,0,35,2,37,31,4,2,0,33,4,0,0,11,24,0,0,2,0,0,0,13,24,0,0,0,0,0,0,199,1,200,188,11,1,0,189,11,4,0,49,146,0,0,0,1,4,0,49,147,0,0,0,0,0,0,182,0,182,140,42,0,0,140,42,1,0,36,145,0,0,0,0,1,0,36,145,0,0,0,0,0,0,0,0,0,0,0,0,0,0,0,0,0,0,0,0,0,0,0,0,0,0,0,0,0,0,0,0,0,1,0,1,1,0,0,0,1,0,0,0,0,1,0,0,0,0,0,0,0,1,0,0,0,0,0,0,0,3,3,0,0,1,2,1,2,0,0,0,0,0,0,0,3,0,0,0,3,0,0,0,0,0,0,1,0,1,1,0,0,0,1,0,0,0,0,1,0,0,0,0,0,0,0,1,0,0,0,0,0,0,0,0,0,0,0,0,0,0,0,0,0,0,0,0,0,0,0,0,0,0,0,0,0,0,0,0,0,0,0,0,0,0,0,0,0,0,0,0,0,0,0,0,0,0,0,0,0,0,0,0,0,0,0,0,0,0,0,0,0,0,0,0,0,0,0,0,0,0,0,0,0,0,0,0,0,0,0,0,0,0,0,0,0,0,0,0,0,0,0,0,0,0,0,0,0,0,0,0,0,0,0,0,0,0,0,0,0,0,0,0,0,0,0,0,0,0,0,0,0,0,0,0,0,0,0,0,0,0,0,0,0,0,0,0,0,0,0,0,0,0,0,0,0,0,0,0,0,0,0,0,0,0,0,0,0,0,0,0,0,0,0,0,1,3,4,1,0,1,2,2,2,0,0,0,1,0,0,0,3,0,0,0,4,0,0,0,0,0,0,1,1,2,1,0,1,0,2,0,0,0,0,1,0,0,0,1,0,0,0,2,0,0,0,0,0,0,2,0,2,2,0,0,0,2,0,0,0,1,1,0,0,0,0,0,0,1,1,0,0,0,0,0,0,0,0,0,0,0,0,0,0,0,0,0,0,0,0,0,0,0,0,0,0,0,0,0,0,0,0,0,8,1,9,7,1,1,0,8,1,0,0,3,5,0,0,1,0,0,0,4,5,0,0,0,0,0,0,0,0,0,0,0,0,0,0,0,0,0,0,0,0,0,0,0,0,0,0,0,0,0,0,0,0,0,0,0,0,0,0,0,0,0,0,0,0,0,0,0,0,0,0,0,0,0,0,0,0,0,0,0,0,0,0,0,0,0,0,0,0,0,0,0,0,0,0,0,0,0,0,0,0,0,0,0,0,0,0,0,0,0,0,0,0,0,0,0,0,0,0,0,0,0,0,0,0,0,0,0,0,0,0,0,0,0,0,0,0,0,0,0,0,0,0,0,0,0,0,0,0,0,0,0,0,0,0,0,0,0,0,0,0,0,1,0,1,1,0,0,0,1,0,0,0,1,0,0,0,0,0,0,0,1,0,0,0,0,0,0,0,1,0,1,0,1,0,0,0,1,0,0,1,0,0,0,0,0,0,0,1,0,0,0,0,0,0,0,0,0,0,0,0,0,0,0,0,0,0,0,0,0,0,0,0,0,0,0,0,0,0,0,0,0,0,0,3,3,0,0,3,0,3,0,0,0,0,0,0,0,2,1,0,0,2,1,0,0,0,0,0,0,3,0,3,3,0,0,0,3,0,0,0,1,2,0,0,0,0,0,0,1,2,0,0,0,0,0,0,11,3,14,11,0,3,0,14,0,0,0,3,8,0,0,0,3,0,0,3,11,0,0,0,0,0,0,0,1,1,0,0,1,0,1,0,0,0,0,0,0,0,0,1,0,0,0,1,0,0,0,0,0,0,0,0,0,0,0,0,0,0,0,0,0,0,0,0,0,0,0,0,0,0,0,0,0,0,0,0,0,6,1,7,6,0,0,1,6,1,0,0,2,4,0,0,1,0,0,0,3,4,0,0,0,0,0,0,587,40,627,518,69,30,10,548,79,5,0,153,429,0,0,17,23,5,0,170,452,0,0,0,0,0,0
Marked Tree Police Department,AR05601,1991,Arkansas,3128,10,0,10,9,1,0,0,9,1,0,0,3,7,0,0,0,0,0,0,3,7,0,0,0,0,0,0,11,1,12,11,0,1,0,12,0,0,0,5,6,0,0,1,0,0,0,6,6,0,0,0,0,0,0,0,0,0,0,0,0,0,0,0,0,0,0,0,0,0,0,0,0,0,0,0,0,0,0,0,0,0,6,0,6,6,0,0,0,6,0,0,0,4,2,0,0,0,0,0,0,4,2,0,0,0,0,0,0,0,0,0,0,0,0,0,0,0,0,0,0,0,0,0,0,0,0,0,0,0,0,0,0,0,0,0,14,1,15,13,1,1,0,14,1,1,0,8,5,0,0,0,1,1,0,8,6,0,0,0,0,0,0,0,0,10,8,0,0,18,0,0,0,2,0,0,2,20,16,2,2,0,18,2,0,0,10,10,0,0,14,1,15,13,1,1,0,14,1,0,0,6,8,0,0,0,1,0,0,6,9,0,0,0,0,0,0,4,1,5,3,1,1,0,4,1,0,0,4,0,0,0,0,1,0,0,4,1,0,0,0,0,0,0,0,0,0,0,0,0,0,0,0,0,0,0,0,0,0,0,0,0,0,0,0,0,0,0,0,0,0,0,0,0,0,0,0,0,0,0,0,0,0,0,0,0,0,0,0,0,0,0,0,0,0,0,0,0,0,0,2,6,0,0,8,0,0,1,0,0,0,1,9,6,2,1,0,7,2,0,0,3,6,0,0,4,0,4,3,1,0,0,3,1,0,0,2,2,0,0,0,0,0,0,2,2,0,0,0,0,0,0,2,1,3,2,0,1,0,3,0,0,0,0,2,0,0,1,0,0,0,1,2,0,0,0,0,0,0,2,0,2,1,1,0,0,1,1,0,0,0,2,0,0,0,0,0,0,0,2,0,0,0,0,0,0,0,0,0,0,0,0,0,0,0,0,0,0,0,0,0,0,0,0,0,0,0,0,0,0,0,0,0,26,3,29,22,4,3,0,25,4,0,0,12,14,0,0,1,2,0,0,13,16,0,0,0,0,0,0,169,1,170,146,23,1,0,147,23,3,2,33,131,0,0,0,1,3,2,33,132,0,0,0,0,0,0,228,2,230,207,21,2,0,209,21,0,2,42,184,0,0,0,2,0,2,42,186,0,0,0,0,0,0,0,0,0,0,0,0,0,0,0,0,0,0,0,0,0,0,0,0,0,0,0,0,0,0,0,0,0,0,0,0,0,0,0,0,0,0,0,0,0,0,0,0,0,0,0,0,0,0,0,0,0,0,0,0,0,0,0,0,0,0,0,0,0,0,0,0,0,0,0,0,0,0,0,0,0,0,0,0,0,0,0,3,0,3,1,2,0,0,1,2,0,0,2,1,0,0,0,0,0,0,2,1,0,0,0,0,0,0,0,0,0,0,0,0,0,0,0,0,0,0,0,0,0,0,0,0,0,0,0,0,0,0,0,0,0,0,0,0,0,0,0,0,0,0,0,0,0,0,0,0,0,0,0,0,0,0,0,0,0,0,0,0,0,0,0,0,0,0,0,0,0,0,0,0,0,0,0,0,0,0,0,0,0,0,0,0,0,0,0,0,0,0,0,0,0,0,0,0,0,0,0,0,0,0,0,0,0,0,0,0,0,0,0,0,0,0,0,0,0,0,0,0,0,0,0,0,0,0,0,0,0,0,0,0,0,0,0,0,0,0,0,0,0,0,0,0,0,0,0,0,0,0,0,0,0,0,0,0,0,0,0,0,0,0,0,0,0,0,0,0,2,0,2,2,0,0,0,2,0,0,0,0,2,0,0,0,0,0,0,0,2,0,0,0,0,0,0,4,0,4,4,0,0,0,4,0,0,0,3,1,0,0,0,0,0,0,3,1,0,0,0,0,0,0,5,0,5,5,0,0,0,5,0,0,0,1,4,0,0,0,0,0,0,1,4,0,0,0,0,0,0,0,0,0,0,0,0,0,0,0,0,0,0,0,0,0,0,0,0,0,0,0,0,0,0,0,0,0,15,0,15,15,0,0,0,15,0,0,0,0,15,0,0,0,0,0,0,0,15,0,0,0,0,0,0,1,0,1,1,0,0,0,1,0,0,0,1,0,0,0,0,0,0,0,1,0,0,0,0,0,0,0,0,0,0,0,0,0,0,0,0,0,0,0,0,0,0,0,0,0,0,0,0,0,0,0,0,0,0,0,0,0,0,0,0,0,0,0,0,0,0,0,0,0,0,0,0,0,0,0,0,0,0,0,0,0,0,0,0,0,0,0,0,0,0,0,0,0,0,0,0,0,0,0,0,0,0,0,0,0,0,0,0,0,0,0,0,0,0,0,0,0,0,0,0,0,0,0,0,0,0,0,0,0,0,0,0,0,0,0,0,0,0,0,0,0,0,0,0,0,0,0,0,0,0,0,0,0,0,0,0,0,0,0,0,0,0,2,0,2,2,0,0,0,2,0,0,0,2,0,0,0,0,0,0,0,2,0,0,0,0,0,0,0,0,0,0,0,0,0,0,0,0,0,0,0,0,0,0,0,0,0,0,0,0,0,0,0,0,0,0,1,0,1,1,0,0,0,1,0,0,0,1,0,0,0,0,0,0,0,1,0,0,0,0,0,0,0,0,0,0,0,0,0,0,0,0,0,0,0,0,0,0,0,0,0,0,0,0,0,0,0,0,0,0,5,0,5,3,2,0,0,3,2,0,0,4,1,0,0,0,0,0,0,4,1,0,0,0,0,0,0,0,1,1,0,0,1,0,1,0,0,0,0,0,0,0,0,1,0,0,0,1,0,0,0,0,0,0,0,0,0,0,0,0,0,0,0,0,0,0,0,0,0,0,0,0,0,0,0,0,0,0,0,0,0,6,1,7,6,0,1,0,7,0,0,0,4,2,0,0,0,1,0,0,4,3,0,0,0,0,0,0,560,16,576,498,62,16,0,514,62,4,4,149,403,0,0,4,12,4,4,153,415,0,0,0,0,0,0
Marked Tree Police Department,AR05601,1990,Arkansas,3100,9,1,10,7,2,1,0,8,2,0,0,2,7,0,0,1,0,0,0,3,7,0,0,0,0,0,0,31,6,37,25,6,5,1,30,7,0,0,9,22,0,0,1,5,0,0,10,27,0,0,0,0,0,0,0,1,1,0,0,1,0,1,0,0,0,0,0,0,0,0,2,0,0,0,2,0,0,0,0,0,0,2,3,5,2,0,3,0,5,0,0,0,2,0,0,0,3,0,0,0,5,0,0,0,0,0,0,0,0,0,0,0,0,0,0,0,0,0,0,0,0,0,0,0,0,0,0,0,0,0,0,0,0,0,0,37,2,39,21,16,2,0,23,16,0,0,15,22,0,0,0,2,0,0,15,24,0,0,0,0,0,0,0,0,0,12,0,0,12,0,0,0,0,0,0,0,12,12,0,0,0,12,0,0,0,0,12,0,0,12,0,12,12,0,0,0,12,0,0,0,0,12,0,0,0,0,0,0,0,12,0,0,0,0,0,0,0,0,0,0,0,0,0,0,0,0,0,0,0,0,0,0,0,0,0,0,0,0,0,0,0,0,0,0,0,0,0,0,0,0,0,0,0,0,0,0,0,0,0,0,0,0,0,0,0,0,0,0,0,0,0,0,0,0,0,0,0,0,0,0,0,0,0,0,0,0,0,0,0,0,0,0,0,0,0,0,0,0,0,1,1,0,0,2,0,0,1,0,0,0,1,3,2,0,1,0,3,0,0,0,2,1,0,0,1,0,1,1,0,0,0,1,0,0,0,0,1,0,0,0,0,0,0,0,1,0,0,0,0,0,0,1,1,2,1,0,1,0,2,0,0,0,1,0,0,0,1,0,0,0,2,0,0,0,0,0,0,0,0,0,0,0,0,0,0,0,0,0,0,0,0,0,0,0,0,0,0,0,0,0,0,0,0,0,0,0,0,0,0,0,0,0,0,0,0,0,0,0,0,0,0,0,0,0,0,0,0,0,0,0,0,0,14,1,15,14,0,1,0,15,0,0,0,1,13,0,0,1,0,0,0,2,13,0,0,0,0,0,0,57,0,57,53,4,0,0,53,4,0,0,9,48,0,0,0,0,0,0,9,48,0,0,0,0,0,0,97,0,97,78,19,0,0,78,19,0,0,15,82,0,0,0,0,0,0,15,82,0,0,0,0,0,0,0,0,0,0,0,0,0,0,0,0,0,0,0,0,0,0,0,0,0,0,0,0,0,0,0,0,0,1,0,1,0,1,0,0,0,1,0,0,1,0,0,0,0,0,0,0,1,0,0,0,0,0,0,0,0,0,0,0,0,0,0,0,0,0,0,0,0,0,0,0,0,0,0,0,0,0,0,0,0,0,0,25,0,25,7,18,0,0,7,18,0,0,3,22,0,0,0,0,0,0,3,22,0,0,0,0,0,0,0,0,0,0,0,0,0,0,0,0,0,0,0,0,0,0,0,0,0,0,0,0,0,0,0,0,0,0,0,0,0,0,0,0,0,0,0,0,0,0,0,0,0,0,0,0,0,0,0,0,0,0,0,0,0,0,0,0,0,0,0,0,0,0,0,0,0,0,0,0,0,0,0,0,0,0,0,0,0,0,0,0,0,0,0,0,0,0,0,0,0,0,0,0,0,0,0,0,0,0,0,0,0,0,0,0,0,0,0,0,0,0,0,0,0,0,0,0,0,0,0,0,0,0,0,0,0,0,0,0,0,0,0,0,0,0,0,0,0,0,0,0,0,0,0,0,0,0,0,0,0,0,0,0,0,0,0,0,0,0,0,0,83,2,85,73,10,2,0,75,10,0,0,5,78,0,0,0,2,0,0,5,80,0,0,0,0,0,0,0,4,4,0,0,4,0,4,0,0,0,0,0,0,0,2,2,0,0,2,2,0,0,0,0,0,0,0,0,0,0,0,0,0,0,0,0,0,0,0,0,0,0,0,0,0,0,0,0,0,0,0,0,0,0,0,0,0,0,0,0,0,0,0,0,0,0,0,0,0,0,0,0,0,0,0,0,0,0,0,0,40,1,41,35,5,0,1,35,6,0,0,24,16,0,0,1,0,0,0,25,16,0,0,0,0,0,0,3,0,3,3,0,0,0,3,0,0,0,1,2,0,0,0,0,0,0,1,2,0,0,0,0,0,0,0,0,0,0,0,0,0,0,0,0,0,0,0,0,0,0,0,0,0,0,0,0,0,0,0,0,0,0,0,0,0,0,0,0,0,0,0,0,0,0,0,0,0,0,0,0,0,0,0,0,0,0,0,0,0,0,0,0,0,0,0,0,0,0,0,0,0,0,0,0,0,0,0,0,0,0,0,0,0,0,0,0,0,0,0,0,0,0,0,0,0,0,0,0,0,0,0,0,0,0,0,0,0,0,0,0,0,0,2,0,2,2,0,0,0,2,0,0,0,1,1,0,0,0,0,0,0,1,1,0,0,0,0,0,0,1,0,1,0,1,0,0,0,1,0,0,1,0,0,0,0,0,0,0,1,0,0,0,0,0,0,0,0,3,3,0,0,2,1,2,1,0,0,0,0,0,0,0,3,0,0,0,3,0,0,0,0,0,0,0,0,0,0,0,0,0,0,0,0,0,0,0,0,0,0,0,0,0,0,0,0,0,0,0,0,0,1,0,1,1,0,0,0,1,0,0,0,1,0,0,0,0,0,0,0,1,0,0,0,0,0,0,0,30,4,34,19,11,4,0,23,11,0,0,19,11,0,0,4,0,0,0,23,11,0,0,0,0,0,0,0,0,0,0,0,0,0,0,0,0,0,0,0,0,0,0,0,0,0,0,0,0,0,0,0,0,0,0,0,0,0,0,0,0,0,0,0,0,0,0,0,0,0,0,0,0,0,0,0,0,0,0,0,0,4,1,5,3,1,1,0,4,1,0,0,1,3,0,0,0,1,0,0,1,4,0,0,0,0,0,0,465,31,496,371,94,28,3,399,97,0,0,112,353,0,0,15,17,0,0,127,370,0,0,0,0,0,0
Marked Tree Police Department,AR05601,1989,Arkansas,3145,7,0,7,7,0,0,0,7,0,0,0,3,4,0,0,0,0,0,0,3,4,0,0,0,0,0,0,69,12,81,52,17,11,1,63,18,0,0,18,51,0,0,2,10,0,0,20,61,0,0,0,0,0,0,2,0,2,2,0,0,0,2,0,0,0,0,2,0,0,0,0,0,0,0,2,0,0,0,0,0,0,5,6,11,5,0,3,3,8,3,0,0,2,3,0,0,0,6,0,0,2,9,0,0,0,0,0,0,0,0,0,0,0,0,0,0,0,0,0,0,0,0,0,0,0,0,0,0,0,0,0,0,0,0,0,45,5,50,32,13,2,3,34,16,0,0,9,36,0,0,0,5,0,0,9,41,0,0,0,0,0,0,0,0,2,14,0,0,16,0,0,0,0,0,0,0,16,14,2,0,0,14,2,0,0,2,14,0,0,15,0,15,13,2,0,0,13,2,0,0,1,14,0,0,0,0,0,0,1,14,0,0,0,0,0,0,1,0,1,1,0,0,0,1,0,0,0,1,0,0,0,0,0,0,0,1,0,0,0,0,0,0,0,0,0,0,0,0,0,0,0,0,0,0,0,0,0,0,0,0,0,0,0,0,0,0,0,0,0,0,0,0,0,0,0,0,0,0,0,0,0,0,0,0,0,0,0,0,0,0,0,0,0,0,0,0,0,0,0,3,5,0,0,8,0,0,0,0,0,0,0,8,7,1,0,0,7,1,0,0,3,5,0,0,8,0,8,7,1,0,0,7,1,0,0,3,5,0,0,0,0,0,0,3,5,0,0,0,0,0,0,0,0,0,0,0,0,0,0,0,0,0,0,0,0,0,0,0,0,0,0,0,0,0,0,0,0,0,0,0,0,0,0,0,0,0,0,0,0,0,0,0,0,0,0,0,0,0,0,0,0,0,0,0,0,0,0,0,0,0,0,0,0,0,0,0,0,0,0,0,0,0,0,0,0,0,0,0,0,0,0,0,24,0,24,21,3,0,0,21,3,0,0,5,19,0,0,0,0,0,0,5,19,0,0,0,0,0,0,103,2,105,93,10,1,1,94,11,0,0,6,97,0,0,0,2,0,0,6,99,0,0,0,0,0,0,39,0,39,35,4,0,0,35,4,0,0,4,35,0,0,0,0,0,0,4,35,0,0,0,0,0,0,0,0,0,0,0,0,0,0,0,0,0,0,0,0,0,0,0,0,0,0,0,0,0,0,0,0,0,0,0,0,0,0,0,0,0,0,0,0,0,0,0,0,0,0,0,0,0,0,0,0,0,0,0,0,1,0,1,0,1,0,0,0,1,0,0,0,1,0,0,0,0,0,0,0,1,0,0,0,0,0,0,9,0,9,6,3,0,0,6,3,0,0,4,5,0,0,0,0,0,0,4,5,0,0,0,0,0,0,0,0,0,0,0,0,0,0,0,0,0,0,0,0,0,0,0,0,0,0,0,0,0,0,0,0,0,0,0,0,0,0,0,0,0,0,0,0,0,0,0,0,0,0,0,0,0,0,0,0,0,0,0,0,0,0,0,0,0,0,0,0,0,0,0,0,0,0,0,0,0,0,0,0,0,0,0,0,0,0,0,0,0,0,0,0,0,0,0,0,0,0,0,0,0,0,0,0,0,0,0,0,0,0,0,0,0,0,0,0,0,0,0,0,0,0,0,0,0,0,0,0,0,0,0,0,0,0,0,0,0,0,0,0,0,0,0,0,0,0,0,0,0,0,0,0,0,0,0,0,0,0,0,0,0,0,0,0,0,0,0,0,111,10,121,101,10,7,3,108,13,0,0,6,105,0,0,0,10,0,0,6,115,0,0,0,0,0,0,1,0,1,1,0,0,0,1,0,0,0,1,0,0,0,0,0,0,0,1,0,0,0,0,0,0,0,0,0,0,0,0,0,0,0,0,0,0,0,0,0,0,0,0,0,0,0,0,0,0,0,0,0,0,0,0,0,0,0,0,0,0,0,0,0,0,0,0,0,0,0,0,0,0,0,0,0,0,0,0,0,51,12,63,45,6,11,1,56,7,0,0,14,37,0,0,6,6,0,0,20,43,0,0,0,0,0,0,2,0,2,1,1,0,0,1,1,0,0,1,1,0,0,0,0,0,0,1,1,0,0,0,0,0,0,0,0,0,0,0,0,0,0,0,0,0,0,0,0,0,0,0,0,0,0,0,0,0,0,0,0,0,0,0,0,0,0,0,0,0,0,0,0,0,0,0,0,0,0,0,0,0,0,0,0,0,0,0,0,0,0,0,0,0,0,0,0,0,0,0,0,0,0,0,0,0,0,0,0,0,0,0,0,0,0,0,0,0,0,0,0,0,0,0,0,0,0,0,0,0,0,0,0,0,0,0,0,0,0,0,0,0,0,1,1,2,1,0,1,0,2,0,0,0,0,1,0,0,0,1,0,0,0,2,0,0,0,0,0,0,8,3,11,6,2,3,0,9,2,0,0,5,3,0,0,1,2,0,0,6,5,0,0,0,0,0,0,0,0,0,0,0,0,0,0,0,0,0,0,0,0,0,0,0,0,0,0,0,0,0,0,0,0,0,3,0,3,2,1,0,0,2,1,0,0,1,2,0,0,0,0,0,0,1,2,0,0,0,0,0,0,0,0,0,0,0,0,0,0,0,0,0,0,0,0,0,0,0,0,0,0,0,0,0,0,0,0,0,19,1,20,12,7,0,1,12,8,0,0,15,4,0,0,0,1,0,0,15,5,0,0,0,0,0,0,0,0,0,0,0,0,0,0,0,0,0,0,0,0,0,0,0,0,0,0,0,0,0,0,0,0,0,0,0,0,0,0,0,0,0,0,0,0,0,0,0,0,0,0,0,0,0,0,0,0,0,0,0,0,21,0,21,21,0,0,0,21,0,0,0,5,16,0,0,0,0,0,0,5,16,0,0,0,0,0,0,569,52,621,485,84,39,13,524,97,0,0,109,460,0,0,9,43,0,0,118,503,0,0,0,0,0,0
Marked Tree Police Department,AR05601,1988,Arkansas,3212,13,0,13,12,1,0,0,12,1,0,0,5,8,0,0,0,0,0,0,5,8,0,0,0,0,0,0,41,4,45,38,3,3,1,41,4,0,0,11,30,0,0,1,3,0,0,12,33,0,0,0,0,0,0,1,0,1,1,0,0,0,1,0,0,0,1,0,0,0,0,0,0,0,1,0,0,0,0,0,0,0,2,0,2,2,0,0,0,2,0,0,0,1,1,0,0,0,0,0,0,1,1,0,0,0,0,0,0,0,0,0,0,0,0,0,0,0,0,0,0,0,0,0,0,0,0,0,0,0,0,0,0,0,0,0,64,6,70,48,16,6,0,54,16,0,0,34,30,0,0,2,4,0,0,36,34,0,0,0,0,0,0,0,1,4,22,0,0,27,0,0,0,2,0,0,2,29,25,2,2,0,27,2,0,1,4,24,0,0,25,2,27,23,2,2,0,25,2,0,1,3,21,0,0,0,2,0,1,3,23,0,0,0,0,0,0,2,0,2,2,0,0,0,2,0,0,0,1,1,0,0,0,0,0,0,1,1,0,0,0,0,0,0,0,0,0,0,0,0,0,0,0,0,0,0,0,0,0,0,0,0,0,0,0,0,0,0,0,0,0,0,0,0,0,0,0,0,0,0,0,0,0,0,0,0,0,0,0,0,0,0,0,0,0,0,0,0,0,0,0,1,0,0,1,0,0,0,1,0,0,1,2,1,0,1,0,2,0,0,0,0,2,0,0,1,1,2,1,0,1,0,2,0,0,0,0,1,0,0,0,1,0,0,0,2,0,0,0,0,0,0,0,0,0,0,0,0,0,0,0,0,0,0,0,0,0,0,0,0,0,0,0,0,0,0,0,0,0,0,0,0,0,0,0,0,0,0,0,0,0,0,0,0,0,0,0,0,0,0,0,0,0,0,0,0,0,0,0,0,0,0,0,0,0,0,0,0,0,0,0,0,0,0,0,0,0,0,0,0,0,0,0,28,3,31,26,2,3,0,29,2,0,1,4,23,0,0,0,3,0,1,4,26,0,0,0,0,0,0,109,13,122,94,15,13,0,107,15,0,2,10,97,0,0,0,13,0,2,10,110,0,0,0,0,0,0,27,0,27,25,2,0,0,25,2,0,1,4,22,0,0,0,0,0,1,4,22,0,0,0,0,0,0,0,0,0,0,0,0,0,0,0,0,0,0,0,0,0,0,0,0,0,0,0,0,0,0,0,0,0,0,0,0,0,0,0,0,0,0,0,0,0,0,0,0,0,0,0,0,0,0,0,0,0,0,0,0,1,0,1,1,0,0,0,1,0,0,0,1,0,0,0,0,0,0,0,1,0,0,0,0,0,0,0,1,0,1,0,1,0,0,0,1,0,0,1,0,0,0,0,0,0,0,1,0,0,0,0,0,0,0,0,0,0,0,0,0,0,0,0,0,0,0,0,0,0,0,0,0,0,0,0,0,0,0,0,0,0,0,0,0,0,0,0,0,0,0,0,0,0,0,0,0,0,0,0,0,0,0,0,0,0,0,0,0,0,0,0,0,0,0,0,0,0,0,0,0,0,0,0,0,0,0,0,0,0,0,0,0,0,0,0,0,0,0,0,0,0,0,0,0,0,0,0,0,0,0,0,0,0,0,0,0,0,0,0,0,0,0,0,0,0,0,0,0,0,0,0,0,0,0,0,0,0,0,0,0,0,0,0,0,0,0,0,0,0,0,0,0,0,0,0,0,0,0,0,0,0,0,0,0,0,0,0,0,0,0,0,0,0,0,0,0,20,2,22,18,2,2,0,20,2,0,0,1,19,0,0,0,7,0,0,1,26,0,0,0,0,0,0,0,0,0,0,0,0,0,0,0,0,0,0,0,0,0,0,0,0,0,0,0,0,0,0,0,0,0,1,0,1,1,0,0,0,1,0,0,0,1,0,0,0,0,0,0,0,1,0,0,0,0,0,0,0,0,0,0,0,0,0,0,0,0,0,0,0,0,0,0,0,0,0,0,0,0,0,0,0,0,0,0,4,0,4,4,0,0,0,4,0,0,0,0,4,0,0,0,0,0,0,0,4,0,0,0,0,0,0,1,0,1,1,0,0,0,1,0,0,0,0,1,0,0,0,0,0,0,0,1,0,0,0,0,0,0,1,0,0,0,0,0,0,0,1,0,0,0,0,1,0,0,0,0,0,0,0,0,0,1,0,0,0,0,0,0,0,0,0,0,0,0,0,0,1,0,0,0,0,0,0,0,0,0,0,0,0,0,0,0,0,0,0,0,0,0,0,0,0,0,0,0,0,0,0,0,1,0,0,0,0,0,0,0,0,0,0,0,0,0,0,0,0,0,0,0,0,0,0,0,0,0,0,0,0,0,0,0,0,0,0,0,0,0,2,0,2,2,0,0,0,2,0,0,0,2,0,0,0,0,0,0,0,2,0,0,0,0,0,0,0,1,0,1,1,0,0,0,1,0,0,0,0,1,0,0,0,0,0,0,0,1,0,0,0,0,0,0,0,0,0,0,0,0,0,0,0,0,0,0,0,0,0,0,0,0,0,0,0,0,0,0,0,0,0,0,0,0,0,0,0,0,0,0,0,0,0,0,0,0,0,0,0,0,0,0,0,0,0,0,0,0,0,0,0,0,0,0,0,0,0,0,0,0,0,0,0,0,0,0,0,0,0,0,0,0,0,0,0,9,1,10,5,4,1,0,6,4,0,0,4,5,0,0,0,1,0,0,4,6,0,0,0,0,0,0,0,0,0,0,0,0,0,0,0,0,0,0,0,0,0,0,0,0,0,0,0,0,0,0,0,0,0,0,0,0,0,0,0,0,0,0,0,0,0,0,0,0,0,0,0,0,0,0,0,0,0,0,0,0,6,0,6,6,0,0,0,6,0,0,1,2,3,0,0,0,0,0,1,2,3,0,0,0,0,0,0,388,35,423,337,51,34,1,371,52,0,7,91,290,0,0,3,37,0,7,94,327,0,0,0,0,0,0
Marked Tree Police Department,AR05601,1987,Arkansas,3202,16,0,16,14,2,0,0,14,2,0,0,13,3,0,0,0,0,0,0,13,3,0,0,0,0,0,0,6,0,6,3,3,0,0,3,3,0,0,2,4,0,0,0,0,0,0,2,4,0,0,0,0,0,0,0,0,0,0,0,0,0,0,0,0,0,0,0,0,0,0,0,0,0,0,0,0,0,0,0,0,0,2,0,2,2,0,0,0,2,0,0,0,1,1,0,0,0,0,0,0,1,1,0,0,0,0,0,0,0,0,0,0,0,0,0,0,0,0,0,0,0,0,0,0,0,0,0,0,0,0,0,0,0,0,0,75,11,86,56,19,6,5,62,24,0,0,26,49,0,0,3,8,0,0,29,57,0,0,0,0,0,0,0,0,3,8,0,0,11,0,0,0,1,0,0,1,12,11,0,1,0,12,0,0,0,3,9,0,0,8,1,9,8,0,1,0,9,0,0,0,1,7,0,0,0,1,0,0,1,8,0,0,0,0,0,0,2,0,2,2,0,0,0,2,0,0,0,1,1,0,0,0,0,0,0,1,1,0,0,0,0,0,0,1,0,1,1,0,0,0,1,0,0,0,1,0,0,0,0,0,0,0,1,0,0,0,0,0,0,0,0,0,0,0,0,0,0,0,0,0,0,0,0,0,0,0,0,0,0,0,0,0,0,0,0,0,0,0,0,0,1,0,0,1,0,0,0,0,0,0,0,1,1,0,0,0,1,0,0,0,0,1,0,0,1,0,1,1,0,0,0,1,0,0,0,0,1,0,0,0,0,0,0,0,1,0,0,0,0,0,0,0,0,0,0,0,0,0,0,0,0,0,0,0,0,0,0,0,0,0,0,0,0,0,0,0,0,0,0,0,0,0,0,0,0,0,0,0,0,0,0,0,0,0,0,0,0,0,0,0,0,0,0,0,0,0,0,0,0,0,0,0,0,0,0,0,0,0,0,0,0,0,0,0,0,0,0,0,0,0,0,0,12,1,13,12,0,1,0,13,0,0,0,3,9,0,0,0,1,0,0,3,10,0,0,0,0,0,0,46,0,46,42,4,0,0,42,4,0,1,9,36,0,0,0,0,0,1,9,36,0,0,0,0,0,0,50,0,50,49,1,0,0,49,1,0,0,6,44,0,0,0,0,0,0,6,44,0,0,0,0,0,0,0,0,0,0,0,0,0,0,0,0,0,0,0,0,0,0,0,0,0,0,0,0,0,0,0,0,0,0,0,0,0,0,0,0,0,0,0,0,0,0,0,0,0,0,0,0,0,0,0,0,0,0,0,0,0,0,0,0,0,0,0,0,0,0,0,0,0,0,0,0,0,0,0,0,0,0,0,0,0,0,0,14,0,14,6,8,0,0,6,8,0,0,5,9,0,0,0,0,0,0,5,9,0,0,0,0,0,0,0,0,0,0,0,0,0,0,0,0,0,0,0,0,0,0,0,0,0,0,0,0,0,0,0,0,0,0,0,0,0,0,0,0,0,0,0,0,0,0,0,0,0,0,0,0,0,0,0,0,0,0,0,0,0,0,0,0,0,0,0,0,0,0,0,0,0,0,0,0,0,0,0,0,0,0,0,0,0,0,0,0,0,0,0,0,0,0,0,0,0,0,0,0,0,0,0,0,0,0,0,0,0,0,0,0,0,0,0,0,0,0,0,0,0,0,0,0,0,0,0,0,0,0,0,0,0,0,0,0,0,0,0,0,0,0,0,0,0,0,0,0,0,0,0,0,0,0,0,0,0,0,0,0,0,0,0,0,0,0,0,0,7,6,13,6,1,6,0,12,1,0,0,0,7,0,0,0,6,0,0,0,13,0,0,0,0,0,0,1,2,3,1,0,2,0,3,0,0,0,1,0,0,0,0,2,0,0,1,2,0,0,0,0,0,0,1,0,1,0,1,0,0,0,1,0,0,1,0,0,0,0,0,0,0,1,0,0,0,0,0,0,0,0,0,0,0,0,0,0,0,0,0,0,0,0,0,0,0,0,0,0,0,0,0,0,0,0,0,0,0,0,0,0,0,0,0,0,0,0,0,0,0,0,0,0,0,0,0,0,0,0,0,0,0,0,0,0,0,0,0,0,0,0,0,0,0,0,0,0,0,0,0,0,0,0,0,0,0,0,0,0,0,0,0,0,0,0,0,0,0,0,0,0,0,0,0,0,0,0,0,0,0,0,0,0,0,0,0,0,0,0,0,0,0,0,0,0,0,0,0,0,0,0,0,0,0,0,0,0,0,0,0,0,0,0,0,0,0,0,0,0,0,0,0,0,0,0,0,0,0,0,0,0,0,0,0,0,0,0,0,0,0,0,0,0,0,0,0,0,0,0,0,0,0,0,0,0,0,0,0,0,0,0,0,0,0,0,0,0,0,0,0,0,0,0,0,0,0,0,0,0,0,0,0,0,0,0,0,0,0,0,0,0,0,0,0,0,0,0,0,0,0,0,0,0,0,0,0,0,0,0,0,0,0,0,0,0,0,0,0,0,0,0,0,0,0,0,0,0,0,0,0,0,0,0,0,0,0,0,0,0,0,0,0,0,0,0,0,0,0,0,0,6,1,7,6,0,1,0,7,0,0,0,2,4,0,0,0,1,0,0,2,5,0,0,0,0,0,0,0,0,0,0,0,0,0,0,0,0,0,0,0,0,0,0,0,0,0,0,0,0,0,0,0,0,0,14,2,16,12,2,1,1,13,3,0,0,9,5,0,0,1,1,0,0,10,6,0,0,0,0,0,0,0,0,0,0,0,0,0,0,0,0,0,0,0,0,0,0,0,0,0,0,0,0,0,0,0,0,0,0,0,0,0,0,0,0,0,0,0,0,0,0,0,0,0,0,0,0,0,0,0,0,0,0,0,0,5,0,5,5,0,0,0,5,0,0,0,2,3,0,0,0,0,0,0,2,3,0,0,0,0,0,0,279,25,304,238,41,19,6,257,47,0,1,86,192,0,0,4,21,0,1,90,213,0,0,0,0,0,0
Marked Tree Police Department,AR05601,1986,Arkansas,3173,11,2,13,11,0,2,0,13,0,0,0,4,7,0,0,1,1,0,0,5,8,0,11,0,2,13,13,15,0,15,14,1,0,0,14,1,0,0,4,11,0,0,0,0,0,0,4,11,0,15,0,0,15,15,0,0,0,0,0,0,0,0,0,0,0,0,0,0,0,0,0,0,0,0,0,0,0,0,0,0,0,4,0,4,4,0,0,0,4,0,0,0,0,4,0,0,2,0,0,0,2,4,0,4,0,2,6,6,0,0,0,0,0,0,0,0,0,0,0,0,0,0,0,0,0,0,0,0,0,0,0,0,0,0,0,39,4,43,28,11,4,0,32,11,0,0,15,24,0,0,0,4,0,0,15,28,0,39,0,4,43,43,0,0,3,2,0,5,5,0,0,0,0,0,0,0,5,5,0,0,0,5,0,0,0,3,2,5,5,5,0,5,5,0,0,0,5,0,0,0,3,2,0,0,0,0,0,0,3,2,0,5,0,0,5,5,0,0,0,0,0,0,0,0,0,0,0,0,0,0,0,0,0,0,0,0,0,0,0,0,0,0,0,0,0,0,0,0,0,0,0,0,0,0,0,0,0,0,0,0,0,0,0,0,0,0,0,0,0,0,0,0,0,0,0,0,0,0,0,0,0,0,0,0,0,0,0,0,0,0,0,0,0,0,0,0,0,0,0,0,0,0,0,0,0,0,0,0,0,0,0,0,0,0,0,0,0,0,0,0,0,0,0,0,0,0,0,0,0,0,0,0,0,0,0,0,0,0,0,0,0,0,0,0,0,0,0,0,0,0,0,0,0,0,0,0,0,0,0,0,0,0,0,0,0,0,0,0,0,0,0,0,0,0,0,0,0,0,0,0,0,0,0,0,0,0,0,0,0,0,0,0,0,0,0,0,0,0,0,0,0,0,0,0,0,0,0,0,0,0,0,0,0,0,0,0,0,0,0,0,0,0,0,0,0,0,0,0,0,0,0,0,5,0,5,5,0,0,0,5,0,0,0,3,2,0,0,0,0,0,0,3,2,0,5,0,0,5,5,62,2,64,58,4,2,0,60,4,0,0,3,59,0,0,0,2,0,0,3,61,1,61,0,2,64,63,51,2,53,45,6,2,0,47,6,0,0,4,47,0,0,0,2,0,0,4,49,0,51,0,2,53,53,0,0,0,0,0,0,0,0,0,0,0,0,0,0,0,0,0,0,0,0,0,0,0,0,0,0,0,0,0,0,0,0,0,0,0,0,0,0,0,0,0,0,0,0,0,0,0,0,0,0,0,0,0,0,2,0,2,0,2,0,0,0,2,0,0,0,2,0,0,0,0,0,0,0,2,0,2,0,0,2,2,32,0,32,18,14,0,0,18,14,0,0,6,26,0,0,0,0,0,0,6,26,0,32,0,0,32,32,0,0,0,0,0,0,0,0,0,0,0,0,0,0,0,0,0,0,0,0,0,0,0,0,0,0,0,0,0,0,0,0,0,0,0,0,0,0,0,0,0,0,0,0,0,0,0,0,0,0,0,0,0,0,0,0,0,0,0,0,0,0,0,0,0,0,0,0,0,0,0,0,0,0,0,0,0,0,0,0,0,0,0,0,0,0,0,0,0,0,0,0,0,0,0,0,0,0,0,0,0,0,0,0,0,0,0,0,0,0,0,0,0,0,0,0,0,0,0,0,0,0,0,0,0,0,0,0,0,0,0,0,0,0,0,0,0,0,0,0,0,0,0,0,0,0,0,0,0,0,0,0,0,0,0,0,0,0,0,0,0,0,7,9,16,6,1,9,0,15,1,0,0,1,6,0,0,0,9,0,0,1,15,0,7,0,9,16,16,2,0,2,2,0,0,0,2,0,0,0,0,2,0,0,0,0,0,0,0,2,0,2,0,0,2,2,0,0,0,0,0,0,0,0,0,0,0,0,0,0,0,0,0,0,0,0,0,0,0,0,0,0,0,0,0,0,0,0,0,0,0,0,0,0,0,0,0,0,0,0,0,0,0,0,0,0,0,0,0,0,19,2,21,18,1,2,0,20,1,0,0,8,11,0,0,0,2,0,0,8,13,0,19,0,2,21,21,0,0,0,0,0,0,0,0,0,0,0,0,0,0,0,0,0,0,0,0,0,0,0,0,0,0,0,0,0,0,0,0,0,0,0,0,0,0,0,0,0,0,0,0,0,0,0,0,0,0,0,0,0,0,0,0,0,0,0,0,0,0,0,0,0,0,0,0,0,0,0,0,0,0,0,0,0,0,0,0,0,0,0,0,0,0,0,0,0,0,0,0,0,0,0,0,0,0,0,0,0,0,0,0,0,0,0,0,0,0,0,0,0,0,0,0,0,0,0,0,0,0,0,0,0,0,0,0,0,0,0,0,0,0,0,0,0,0,0,0,0,0,0,0,0,0,0,0,0,0,0,0,0,0,0,0,0,0,0,0,0,0,0,0,0,0,0,0,0,0,0,0,0,0,0,0,0,0,0,0,0,0,0,0,0,0,0,0,0,0,0,0,0,0,0,0,0,0,0,0,0,0,0,0,0,0,0,0,0,0,0,0,0,0,0,0,0,0,0,0,0,0,0,0,0,0,0,0,0,0,0,0,0,0,0,0,0,0,0,0,0,0,0,0,0,0,0,0,0,0,0,0,0,0,0,0,0,0,0,0,0,0,0,0,0,0,0,0,0,0,10,8,18,9,1,7,1,16,2,0,0,8,2,0,0,7,1,0,0,15,3,0,10,0,8,18,18,0,0,0,0,0,0,0,0,0,0,0,0,0,0,0,0,0,0,0,0,0,0,0,0,0,0,0,2,6,8,2,0,6,0,8,0,0,0,0,2,0,0,0,6,0,0,0,8,0,2,0,6,8,8,1,0,1,1,0,0,0,1,0,0,0,1,0,0,0,0,0,0,0,1,0,0,1,0,0,1,1,272,35,307,231,41,34,1,265,42,0,0,63,209,0,0,10,27,0,0,73,236,1,271,0,37,309,308
Marked Tree Police Department,AR05601,1985,Arkansas,3253,1,0,1,1,0,0,0,1,0,0,0,1,0,0,0,0,0,0,0,1,0,0,1,0,0,1,1,59,4,63,50,9,4,0,54,9,0,0,19,40,0,0,0,4,0,0,19,44,0,59,0,4,63,63,0,0,0,0,0,0,0,0,0,0,0,0,0,0,0,0,0,0,0,0,0,0,0,0,0,0,0,5,0,5,2,3,0,0,2,3,0,0,1,4,0,0,0,0,0,0,1,4,0,5,0,0,5,5,0,0,0,0,0,0,0,0,0,0,0,0,0,0,0,0,0,0,0,0,0,0,0,0,0,0,0,44,8,52,30,14,3,5,33,19,0,0,11,33,0,0,4,4,0,0,15,37,0,44,0,8,52,52,0,0,2,1,0,3,3,0,0,0,0,0,0,0,3,3,0,0,0,3,0,0,0,2,1,3,3,3,0,3,3,0,0,0,3,0,0,0,2,1,0,0,0,0,0,0,2,1,0,3,0,0,3,3,0,0,0,0,0,0,0,0,0,0,0,0,0,0,0,0,0,0,0,0,0,0,0,0,0,0,0,0,0,0,0,0,0,0,0,0,0,0,0,0,0,0,0,0,0,0,0,0,0,0,0,0,0,0,0,0,0,0,0,0,0,0,0,0,0,0,0,0,0,0,0,0,0,0,0,0,0,0,0,0,0,0,0,0,0,0,0,0,0,0,0,0,0,0,0,0,0,0,0,0,0,0,0,0,0,0,0,0,0,0,0,0,0,0,0,0,0,0,0,0,0,0,0,0,0,0,0,0,0,0,0,0,0,0,0,0,0,0,0,0,0,0,0,0,0,0,0,0,0,0,0,0,0,0,0,0,0,0,0,0,0,0,0,0,0,0,0,0,0,0,0,0,0,0,0,0,0,0,0,0,0,0,0,0,0,0,0,0,0,0,0,0,0,0,0,0,0,0,0,0,0,0,0,0,0,0,0,0,0,0,0,0,0,0,0,0,3,0,3,3,0,0,0,3,0,0,0,2,1,0,0,0,0,0,0,2,1,0,3,0,0,3,3,76,1,77,69,7,1,0,70,7,0,0,8,68,0,0,0,1,0,0,8,69,0,76,0,1,77,77,44,1,45,40,4,1,0,41,4,0,0,3,41,0,0,0,1,0,0,3,42,0,44,0,1,45,45,0,0,0,0,0,0,0,0,0,0,0,0,0,0,0,0,0,0,0,0,0,0,0,0,0,0,0,0,0,0,0,0,0,0,0,0,0,0,0,0,0,0,0,0,0,0,0,0,0,0,0,0,0,0,0,0,0,0,0,0,0,0,0,0,0,0,0,0,0,0,0,0,0,0,0,0,0,0,0,0,0,24,1,25,13,11,1,0,14,11,0,0,3,21,0,0,1,0,0,0,4,21,0,24,0,1,25,25,0,0,0,0,0,0,0,0,0,0,0,0,0,0,0,0,0,0,0,0,0,0,0,0,0,0,0,0,0,0,0,0,0,0,0,0,0,0,0,0,0,0,0,0,0,0,0,0,0,0,0,0,0,0,2,0,2,2,0,0,0,2,0,0,0,1,1,0,0,0,0,0,0,1,1,0,2,0,0,2,2,0,0,1,1,0,2,2,0,0,0,0,0,0,0,2,2,0,0,0,2,0,0,0,1,1,2,2,0,0,0,0,0,0,0,0,0,0,0,0,0,0,0,0,0,0,0,0,0,0,0,0,0,0,0,0,0,0,0,0,0,0,0,0,0,0,0,0,0,0,0,0,0,0,0,0,0,0,0,0,0,0,13,1,14,12,1,1,0,13,1,0,0,1,12,0,0,0,1,0,0,1,13,0,13,0,1,14,14,1,0,1,1,0,0,0,1,0,0,0,1,0,0,0,0,0,0,0,1,0,0,1,0,0,1,1,0,0,0,0,0,0,0,0,0,0,0,0,0,0,0,0,0,0,0,0,0,0,0,0,0,0,0,0,0,0,0,0,0,0,0,0,0,0,0,0,0,0,0,0,0,0,0,0,0,0,0,0,0,0,24,3,27,24,0,2,1,26,1,0,0,10,14,0,0,2,1,0,0,12,15,0,24,0,3,27,27,2,0,2,2,0,0,0,2,0,0,0,0,2,0,0,0,0,0,0,0,2,0,2,0,0,2,2,0,0,0,0,0,0,0,0,0,0,0,0,0,0,0,0,0,0,0,0,0,0,0,0,0,0,0,0,0,0,0,0,0,0,0,0,0,0,0,0,0,0,0,0,0,0,0,0,0,0,0,0,0,0,0,0,0,0,0,0,0,0,0,0,0,0,0,0,0,0,0,0,0,0,0,0,0,0,0,0,0,0,0,0,0,0,0,0,0,0,0,0,0,0,0,0,0,0,0,0,0,0,0,0,0,0,0,0,0,0,0,0,0,0,0,0,0,0,0,0,0,0,0,0,0,0,0,0,0,0,0,0,0,0,0,0,0,0,0,0,0,0,0,0,0,0,0,0,0,0,0,0,0,0,0,0,0,0,0,0,0,0,0,0,0,0,0,0,0,0,0,0,0,0,0,0,0,0,0,0,0,0,0,0,0,0,0,0,0,6,0,6,6,0,0,0,6,0,0,0,4,2,0,0,0,0,0,0,4,2,0,6,0,0,6,6,0,0,0,0,0,0,0,0,0,0,0,0,0,0,0,0,0,0,0,0,0,0,0,0,0,0,0,10,3,13,9,1,2,1,11,2,0,0,4,6,0,0,3,0,0,0,7,6,0,10,0,3,13,13,0,0,0,0,0,0,0,0,0,0,0,0,0,0,0,0,0,0,0,0,0,0,0,0,0,0,0,0,0,0,0,0,0,0,0,0,0,0,0,0,0,0,0,0,0,0,0,0,0,0,0,0,0,0,2,0,2,2,0,0,0,2,0,0,0,2,0,0,0,0,0,0,0,2,0,0,2,0,0,2,2,324,22,346,274,50,15,7,289,57,0,0,76,248,0,0,10,12,0,0,86,260,0,324,0,22,346,346
Marked Tree Police Department,AR05601,1984,Arkansas,3239,4,0,4,4,0,0,0,4,0,0,0,4,0,0,0,0,0,0,0,4,0,0,4,0,0,4,4,63,4,67,56,7,4,0,60,7,0,0,24,39,0,0,0,4,0,0,24,43,0,63,0,4,67,67,0,0,0,0,0,0,0,0,0,0,0,0,0,0,0,0,0,0,0,0,0,0,0,0,0,0,0,0,3,3,0,0,3,0,3,0,0,0,0,0,0,0,1,2,0,0,1,2,0,0,0,3,3,3,0,0,0,0,0,0,0,0,0,0,0,0,0,0,0,0,0,0,0,0,0,0,0,0,0,0,0,38,11,49,28,10,9,2,37,12,0,0,10,28,0,0,5,6,0,0,15,34,0,38,0,11,49,49,0,0,0,6,0,6,6,0,0,1,2,0,3,3,9,6,0,1,2,7,2,0,0,1,8,9,9,6,3,9,6,0,1,2,7,2,0,0,0,6,0,0,1,2,0,0,1,8,0,6,0,3,9,9,0,0,0,0,0,0,0,0,0,0,0,0,0,0,0,0,0,0,0,0,0,0,0,0,0,0,0,0,0,0,0,0,0,0,0,0,0,0,0,0,0,0,0,0,0,0,0,0,0,0,0,0,0,0,0,0,0,0,0,0,0,0,0,0,0,0,0,0,0,0,0,0,0,0,0,0,0,0,0,0,0,0,0,0,0,0,0,0,0,0,0,0,0,0,0,0,0,0,0,0,0,0,0,0,0,0,0,0,0,0,0,0,0,0,0,0,0,0,0,0,0,0,0,0,0,0,0,0,0,0,0,0,0,0,0,0,0,0,0,0,0,0,0,0,0,0,0,0,0,0,0,0,0,0,0,0,0,0,0,0,0,0,0,0,0,0,0,0,0,0,0,0,0,0,0,0,0,0,0,0,0,0,0,0,0,0,0,0,0,0,0,0,0,0,0,0,0,0,0,0,0,0,0,0,0,0,0,0,0,0,0,0,0,0,0,0,6,3,9,6,0,1,2,7,2,0,0,0,6,0,0,1,2,0,0,1,8,0,6,0,3,9,9,83,3,86,79,4,3,0,82,4,0,0,15,68,0,0,0,3,0,0,15,71,0,83,0,3,86,86,52,3,55,45,7,3,0,48,7,0,0,5,47,0,0,0,3,0,0,5,50,0,52,0,3,55,55,0,0,0,0,0,0,0,0,0,0,0,0,0,0,0,0,0,0,0,0,0,0,0,0,0,0,0,0,0,0,0,0,0,0,0,0,0,0,0,0,0,0,0,0,0,0,0,0,0,0,0,0,0,0,0,0,0,0,0,0,0,0,0,0,0,0,0,0,0,0,0,0,0,0,0,0,0,0,0,0,0,23,0,23,6,17,0,0,6,17,0,0,3,20,0,0,0,0,0,0,3,20,0,23,0,0,23,23,0,0,0,0,0,0,0,0,0,0,0,0,0,0,0,0,0,0,0,0,0,0,0,0,0,0,0,0,0,0,0,0,0,0,0,0,0,0,0,0,0,0,0,0,0,0,0,0,0,0,0,0,0,0,0,0,0,0,0,0,0,0,0,0,0,0,0,0,0,0,0,0,0,0,0,0,0,0,0,0,0,0,0,0,0,0,0,0,0,0,0,0,0,0,0,0,0,0,0,0,0,0,0,0,0,0,0,0,0,0,0,0,0,0,0,0,0,0,0,0,0,0,0,0,0,0,0,0,0,0,0,0,0,0,0,0,0,0,0,0,0,0,0,0,0,0,0,0,0,0,0,0,0,0,0,0,0,0,0,0,0,0,37,5,42,36,1,4,1,40,2,0,0,0,37,0,0,1,4,0,0,1,41,0,37,0,5,42,42,0,0,0,0,0,0,0,0,0,0,0,0,0,0,0,0,0,0,0,0,0,0,0,0,0,0,0,0,0,0,0,0,0,0,0,0,0,0,0,0,0,0,0,0,0,0,0,0,0,0,0,0,0,0,0,0,0,0,0,0,0,0,0,0,0,0,0,0,0,0,0,0,0,0,0,0,0,0,0,0,0,26,1,27,22,4,1,0,23,4,0,0,12,14,0,0,0,1,0,0,12,15,0,26,0,1,27,27,2,0,2,2,0,0,0,2,0,0,0,0,2,0,0,0,0,0,0,0,2,0,2,0,0,2,2,0,0,0,0,0,0,0,0,0,0,0,0,0,0,0,0,0,0,0,0,0,0,0,0,0,0,0,0,0,0,0,0,0,0,0,0,0,0,0,0,0,0,0,0,0,0,0,0,0,0,0,0,0,0,0,0,0,0,0,0,0,0,0,0,0,0,0,0,0,0,0,0,0,0,0,0,0,0,0,0,0,0,0,0,0,0,0,0,0,0,0,0,0,0,0,0,0,0,0,0,0,0,0,0,0,0,0,0,0,0,0,0,0,0,0,0,0,0,0,0,0,0,0,0,0,0,0,0,0,0,0,0,0,0,0,0,0,0,0,0,0,0,0,0,0,0,0,0,0,0,0,0,0,0,0,0,0,0,0,0,0,0,0,0,0,0,0,0,0,0,0,0,0,0,0,0,0,0,0,0,0,0,0,0,0,0,0,0,0,0,0,0,0,0,0,0,0,0,0,0,0,0,0,0,0,0,0,0,0,0,0,0,0,0,0,0,0,0,0,0,0,0,0,0,0,0,0,0,0,0,0,0,0,0,0,0,0,0,0,0,0,0,0,10,4,14,8,2,1,3,9,5,0,0,6,4,0,0,4,0,0,0,10,4,0,10,0,4,14,14,0,0,0,0,0,0,0,0,0,0,0,0,0,0,0,0,0,0,0,0,0,0,0,0,0,0,0,0,0,0,0,0,0,0,0,0,0,0,0,0,0,0,0,0,0,0,0,0,0,0,0,0,0,0,5,2,7,5,0,2,0,7,0,0,0,2,3,0,0,0,2,0,0,2,5,0,5,0,2,7,7,361,45,406,309,52,33,12,342,64,0,0,81,280,0,0,14,31,0,0,95,311,0,361,0,45,406,406
Marked Tree Police Department,AR05601,1983,Arkansas,3270,10,0,10,8,2,0,0,8,2,0,0,0,10,0,0,0,0,0,0,0,10,0,10,0,0,10,10,150,8,158,120,30,7,1,127,31,0,0,63,87,0,0,2,6,0,0,65,93,0,150,0,8,158,158,0,0,0,0,0,0,0,0,0,0,0,0,0,0,0,0,0,0,0,0,0,0,0,0,0,0,0,3,0,3,3,0,0,0,3,0,0,0,0,3,0,0,0,0,0,0,0,3,0,3,0,0,3,3,0,0,0,0,0,0,0,0,0,0,0,0,0,0,0,0,0,0,0,0,0,0,0,0,0,0,0,73,5,78,60,13,5,0,65,13,0,0,15,58,0,0,3,2,0,0,18,60,0,73,0,5,78,78,0,0,1,1,0,2,2,0,0,0,0,0,0,0,2,1,1,0,0,1,1,0,0,1,1,2,2,2,0,2,1,1,0,0,1,1,0,0,1,1,0,0,0,0,0,0,1,1,0,2,0,0,2,2,0,0,0,0,0,0,0,0,0,0,0,0,0,0,0,0,0,0,0,0,0,0,0,0,0,0,0,0,0,0,0,0,0,0,0,0,0,0,0,0,0,0,0,0,0,0,0,0,0,0,0,0,0,0,0,0,0,0,0,0,0,0,0,0,0,0,0,0,0,0,0,0,0,0,0,0,0,0,0,0,0,0,0,0,1,0,1,1,0,0,0,0,0,0,0,1,1,0,0,0,1,0,0,0,0,1,1,1,1,0,1,1,0,0,0,1,0,0,0,0,1,0,0,0,0,0,0,0,1,0,1,0,0,1,1,0,0,0,0,0,0,0,0,0,0,0,0,0,0,0,0,0,0,0,0,0,0,0,0,0,0,0,0,0,0,0,0,0,0,0,0,0,0,0,0,0,0,0,0,0,0,0,0,0,0,0,0,0,0,0,0,0,0,0,0,0,0,0,0,0,0,0,0,0,0,0,0,0,0,0,0,0,0,0,0,0,3,0,3,2,1,0,0,2,1,0,0,1,2,0,0,0,0,0,0,1,2,0,3,0,0,3,3,138,4,142,119,19,4,0,123,19,0,0,12,126,0,0,1,3,0,0,13,129,0,138,0,4,142,142,50,1,51,46,4,1,0,47,4,1,0,2,47,0,0,0,1,1,0,2,48,1,49,0,1,51,50,0,0,0,0,0,0,0,0,0,0,0,0,0,0,0,0,0,0,0,0,0,0,0,0,0,0,0,0,0,0,0,0,0,0,0,0,0,0,0,0,0,0,0,0,0,0,0,0,0,0,0,0,0,0,0,0,0,0,0,0,0,0,0,0,0,0,0,0,0,0,0,0,0,0,0,0,0,0,0,0,0,16,0,16,6,10,0,0,6,10,0,1,5,10,0,0,0,0,0,1,5,10,0,16,0,0,16,16,0,0,0,0,0,0,0,0,0,0,0,0,0,0,0,0,0,0,0,0,0,0,0,0,0,0,0,0,0,0,0,0,0,0,0,0,0,0,0,0,0,0,0,0,0,0,0,0,0,0,0,0,0,0,4,0,4,4,0,0,0,4,0,0,0,4,0,0,0,0,0,0,0,4,0,0,4,0,0,4,4,0,0,4,0,0,4,4,0,0,0,0,0,0,0,4,4,0,0,0,4,0,0,0,4,0,4,4,0,0,0,0,0,0,0,0,0,0,0,0,0,0,0,0,0,0,0,0,0,0,0,0,0,0,0,0,0,0,0,0,0,0,0,0,0,0,0,0,0,0,0,0,0,0,0,0,0,0,0,0,0,0,21,1,22,15,6,1,0,16,6,0,0,3,18,0,0,0,1,0,0,3,19,0,21,0,1,22,22,0,0,0,0,0,0,0,0,0,0,0,0,0,0,0,0,0,0,0,0,0,0,0,0,0,0,0,0,0,0,0,0,0,0,0,0,0,0,0,0,0,0,0,0,0,0,0,0,0,0,0,0,0,0,0,0,0,0,0,0,0,0,0,0,0,0,0,0,0,0,0,0,0,0,0,0,0,0,0,0,0,24,2,26,20,4,2,0,22,4,0,0,10,14,0,0,2,0,0,0,12,14,0,24,0,2,26,26,0,0,0,0,0,0,0,0,0,0,0,0,0,0,0,0,0,0,0,0,0,0,0,0,0,0,0,0,0,0,0,0,0,0,0,0,0,0,0,0,0,0,0,0,0,0,0,0,0,0,0,0,0,0,0,0,0,0,0,0,0,0,0,0,0,0,0,0,0,0,0,0,0,0,0,0,0,0,0,0,0,0,0,0,0,0,0,0,0,0,0,0,0,0,0,0,0,0,0,0,0,0,0,0,0,0,0,0,0,0,0,0,0,0,0,0,0,0,0,0,0,0,0,0,0,0,0,0,0,0,0,0,0,0,0,0,0,0,0,0,0,0,0,0,0,0,0,0,0,0,0,0,0,0,0,0,0,0,0,0,0,0,4,0,4,2,2,0,0,2,2,0,0,0,4,0,0,0,0,0,0,0,4,0,4,0,0,4,4,0,0,0,0,0,0,0,0,0,0,0,0,0,0,0,0,0,0,0,0,0,0,0,0,0,0,0,3,0,3,2,1,0,0,2,1,0,0,1,2,0,0,0,0,0,0,1,2,0,3,0,0,3,3,0,0,0,0,0,0,0,0,0,0,0,0,0,0,0,0,0,0,0,0,0,0,0,0,0,0,0,12,2,14,10,2,2,0,12,2,0,0,4,8,0,0,0,2,0,0,4,10,0,12,0,2,14,14,0,0,0,0,0,0,0,0,0,0,0,0,0,0,0,0,0,0,0,0,0,0,0,0,0,0,0,11,0,11,11,0,0,0,11,0,0,0,1,10,0,0,0,0,0,0,1,10,0,11,0,0,11,11,0,0,0,0,0,0,0,0,0,0,0,0,0,0,0,0,0,0,0,0,0,0,0,0,0,0,0,532,23,555,436,96,22,1,458,97,1,1,127,403,0,0,8,15,1,1,135,418,1,531,0,23,555,554
Marked Tree Police Department,AR05601,1982,Arkansas,3219,26,1,27,23,3,0,1,23,4,0,0,5,21,0,0,1,0,0,0,6,21,0,26,0,1,27,27,98,6,104,80,18,5,1,85,19,0,0,29,69,0,0,1,5,0,0,30,74,0,98,0,6,104,104,0,0,0,0,0,0,0,0,0,0,0,0,0,0,0,0,0,0,0,0,0,0,0,0,0,0,0,6,1,7,6,0,1,0,7,0,0,0,3,3,0,0,0,1,0,0,3,4,0,6,0,1,7,7,0,0,0,0,0,0,0,0,0,0,0,0,0,0,0,0,0,0,0,0,0,0,0,0,0,0,0,125,5,130,95,30,3,2,98,32,0,0,58,67,0,0,2,3,0,0,60,70,0,125,0,5,130,130,0,0,6,6,0,12,12,0,0,0,0,0,0,0,12,12,0,0,0,12,0,0,0,6,6,12,12,12,0,12,12,0,0,0,12,0,0,0,6,6,0,0,0,0,0,0,6,6,0,12,0,0,12,12,0,0,0,0,0,0,0,0,0,0,0,0,0,0,0,0,0,0,0,0,0,0,0,0,0,0,0,0,0,0,0,0,0,0,0,0,0,0,0,0,0,0,0,0,0,0,0,0,0,0,0,0,0,0,0,0,0,0,0,0,0,0,0,0,0,0,0,0,0,0,0,0,0,0,0,0,0,0,0,0,0,0,0,0,0,0,0,0,0,0,0,0,0,0,0,0,0,0,0,0,0,0,0,0,0,0,0,0,0,0,0,0,0,0,0,0,0,0,0,0,0,0,0,0,0,0,0,0,0,0,0,0,0,0,0,0,0,0,0,0,0,0,0,0,0,0,0,0,0,0,0,0,0,0,0,0,0,0,0,0,0,0,0,0,0,0,0,0,0,0,0,0,0,0,0,0,0,0,0,0,0,0,0,0,0,0,0,0,0,0,0,0,0,0,0,0,0,0,0,0,0,0,0,0,0,0,0,0,0,0,0,0,0,0,0,0,12,0,12,12,0,0,0,12,0,0,0,6,6,0,0,0,0,0,0,6,6,0,12,0,0,12,12,207,5,212,186,21,5,0,191,21,0,0,59,148,0,0,1,4,0,0,60,152,0,207,0,5,212,212,74,4,78,69,5,4,0,73,5,0,0,22,52,0,0,0,4,0,0,22,56,0,74,0,4,78,78,0,0,0,0,0,0,0,0,0,0,0,0,0,0,0,0,0,0,0,0,0,0,0,0,0,0,0,0,0,0,0,0,0,0,0,0,0,0,0,0,0,0,0,0,0,0,0,0,0,0,0,0,0,0,0,0,0,0,0,0,0,0,0,0,0,0,0,0,0,0,0,0,0,0,0,0,0,0,0,0,0,0,0,0,0,0,0,0,0,0,0,0,0,0,0,0,0,0,0,0,0,0,0,0,0,0,0,0,0,0,0,0,0,0,0,0,0,0,0,0,0,0,0,0,0,0,0,0,0,0,0,0,0,0,0,0,0,0,0,0,0,0,0,0,0,0,0,0,0,0,0,0,0,0,0,0,0,0,0,0,0,0,0,0,0,0,0,0,0,0,0,0,0,0,0,0,0,0,0,0,0,0,0,0,0,0,0,0,0,0,0,0,0,0,0,0,0,0,0,0,0,0,0,0,0,0,0,0,0,0,0,0,0,0,0,0,0,0,0,0,0,0,0,0,0,0,0,0,0,0,0,0,0,0,0,0,0,0,0,0,0,0,0,0,0,0,0,0,0,0,0,0,0,0,0,0,0,0,0,0,0,0,0,0,0,0,0,0,0,0,26,2,28,24,2,2,0,26,2,0,0,1,25,0,0,0,2,0,0,1,27,0,26,0,2,28,28,0,0,0,0,0,0,0,0,0,0,0,0,0,0,0,0,0,0,0,0,0,0,0,0,0,0,0,1,0,1,0,1,0,0,0,1,0,0,1,0,0,0,0,0,0,0,1,0,0,1,0,0,1,1,0,0,0,0,0,0,0,0,0,0,0,0,0,0,0,0,0,0,0,0,0,0,0,0,0,0,0,11,0,11,9,2,0,0,9,2,0,0,6,5,0,0,0,0,0,0,6,5,0,11,0,0,11,11,1,1,2,1,0,0,1,1,1,0,0,1,0,0,0,0,1,0,0,1,1,0,1,0,1,2,2,0,0,0,0,0,0,0,0,0,0,0,0,0,0,0,0,0,0,0,0,0,0,0,0,0,0,0,0,0,0,0,0,0,0,0,0,0,0,0,0,0,0,0,0,0,0,0,0,0,0,0,0,0,0,0,0,0,0,0,0,0,0,0,0,0,0,0,0,0,0,0,0,0,0,0,0,0,0,0,0,0,0,0,0,0,0,0,0,0,0,0,0,0,0,0,0,0,0,0,0,0,0,0,0,0,0,0,0,0,1,1,0,0,1,0,1,0,0,0,0,0,0,0,1,0,0,0,1,0,0,0,0,1,1,1,2,0,2,2,0,0,0,2,0,0,0,2,0,0,0,0,0,0,0,2,0,0,2,0,0,2,2,0,0,0,0,0,0,0,0,0,0,0,0,0,0,0,0,0,0,0,0,0,0,0,0,0,0,0,2,1,3,2,0,1,0,3,0,0,0,2,0,0,0,1,0,0,0,3,0,0,2,0,1,3,3,0,0,0,0,0,0,0,0,0,0,0,0,0,0,0,0,0,0,0,0,0,0,0,0,0,0,0,14,3,17,10,4,3,0,13,4,0,0,9,5,0,0,1,2,0,0,10,7,0,14,0,3,17,17,0,0,0,0,0,0,0,0,0,0,0,0,0,0,0,0,0,0,0,0,0,0,0,0,0,0,0,0,0,0,0,0,0,0,0,0,0,0,0,0,0,0,0,0,0,0,0,0,0,0,0,0,0,0,5,3,8,5,0,2,1,7,1,0,0,3,2,0,0,0,3,0,0,3,5,0,5,0,3,8,8,634,33,667,548,86,27,6,575,92,0,0,219,415,0,0,8,25,0,0,227,440,0,634,0,33,667,667
Marked Tree Police Department,AR05601,1981,Arkansas,3223,12,0,12,12,0,0,0,12,0,0,0,3,9,0,0,0,0,0,0,3,9,2,10,0,0,12,10,65,8,73,53,12,7,1,60,13,0,0,28,37,0,0,1,7,0,0,29,44,0,65,0,8,73,73,0,0,0,0,0,0,0,0,0,0,0,0,0,0,0,0,0,0,0,0,0,0,0,0,0,0,0,0,0,0,0,0,0,0,0,0,0,0,0,0,0,0,0,0,0,0,0,0,0,0,0,0,0,0,0,0,0,0,0,0,0,0,0,0,0,0,0,0,0,0,0,0,0,0,0,0,0,0,0,0,0,150,9,159,120,30,7,2,127,32,0,0,71,79,0,0,6,3,0,0,77,82,0,150,0,9,159,159,0,0,3,1,0,4,4,0,0,0,0,0,0,0,4,4,0,0,0,4,0,0,0,3,1,4,4,4,0,4,4,0,0,0,4,0,0,0,3,1,0,0,0,0,0,0,3,1,0,4,0,0,4,4,0,0,0,0,0,0,0,0,0,0,0,0,0,0,0,0,0,0,0,0,0,0,0,0,0,0,0,0,0,0,0,0,0,0,0,0,0,0,0,0,0,0,0,0,0,0,0,0,0,0,0,0,0,0,0,0,0,0,0,0,0,0,0,0,0,0,0,0,0,0,0,0,0,0,0,0,0,0,0,0,0,0,0,0,1,0,1,1,0,0,0,0,0,0,0,1,1,0,0,0,1,0,0,0,0,1,1,1,1,0,1,1,0,0,0,1,0,0,0,0,1,0,0,0,0,0,0,0,1,0,1,0,0,1,1,0,0,0,0,0,0,0,0,0,0,0,0,0,0,0,0,0,0,0,0,0,0,0,0,0,0,0,0,0,0,0,0,0,0,0,0,0,0,0,0,0,0,0,0,0,0,0,0,0,0,0,0,0,0,0,0,0,0,0,0,0,0,0,0,0,0,0,0,0,0,0,0,0,0,0,0,0,0,0,0,0,5,0,5,5,0,0,0,5,0,0,0,3,2,0,0,0,0,0,0,3,2,0,5,0,0,5,5,140,4,144,124,16,3,1,127,17,0,0,31,109,0,0,1,3,0,0,32,112,0,140,0,4,144,144,66,2,68,60,6,2,0,62,6,0,0,14,52,0,0,0,2,0,0,14,54,1,65,0,2,68,67,0,0,0,0,0,0,0,0,0,0,0,0,0,0,0,0,0,0,0,0,0,0,0,0,0,0,0,0,0,0,0,0,0,0,0,0,0,0,0,0,0,0,0,0,0,0,0,0,0,0,0,0,0,0,1,0,1,1,0,0,0,1,0,0,0,1,0,0,0,0,0,0,0,1,0,0,1,0,0,1,1,0,0,0,0,0,0,0,0,0,0,0,0,0,0,0,0,0,0,0,0,0,0,0,0,0,0,0,0,0,0,0,0,0,0,0,0,0,0,0,0,0,0,0,0,0,0,0,0,0,0,0,0,0,0,0,0,0,0,0,0,0,0,0,0,0,0,0,0,0,0,0,0,0,0,0,0,0,0,0,0,0,0,0,0,0,0,0,0,0,0,0,0,0,0,0,0,0,0,0,0,0,0,0,0,0,0,0,0,0,0,0,0,0,0,0,0,0,0,0,0,0,0,0,0,0,0,0,0,0,0,0,0,0,0,0,0,0,0,0,0,0,0,0,0,0,0,0,0,0,0,0,0,0,0,0,0,0,0,0,0,0,0,0,0,0,0,0,0,0,0,0,0,0,0,0,0,0,0,0,0,0,0,0,0,0,0,0,0,0,14,3,17,11,3,2,1,13,4,0,0,2,12,0,0,0,3,0,0,2,15,0,14,0,3,17,17,1,0,1,1,0,0,0,1,0,0,0,0,1,0,0,0,0,0,0,0,1,0,1,0,0,1,1,0,0,0,0,0,0,0,0,0,0,0,0,0,0,0,0,0,0,0,0,0,0,0,0,0,0,0,0,0,0,0,0,0,0,0,0,0,0,0,0,0,0,0,0,0,0,0,0,0,0,0,0,0,0,23,2,25,21,2,2,0,23,2,0,0,3,20,0,0,2,0,0,0,5,20,0,23,0,2,25,25,0,0,0,0,0,0,0,0,0,0,0,0,0,0,0,0,0,0,0,0,0,0,0,0,0,0,0,0,0,0,0,0,0,0,0,0,0,0,0,0,0,0,0,0,0,0,0,0,0,0,0,0,0,0,0,0,0,0,0,0,0,0,0,0,0,0,0,0,0,0,0,0,0,0,0,0,0,0,0,0,0,0,0,0,0,0,0,0,0,0,0,0,0,0,0,0,0,0,0,0,0,0,0,0,0,0,0,0,0,0,0,0,0,0,0,0,0,0,0,0,0,0,0,0,0,0,0,0,0,0,0,0,0,0,0,0,0,0,0,0,0,0,0,0,0,0,0,0,0,0,0,0,0,0,0,0,0,0,0,0,0,0,0,0,0,0,0,0,0,0,0,0,0,0,0,0,0,0,0,0,0,0,0,0,0,0,0,0,0,0,0,0,0,0,0,0,0,0,0,0,0,0,0,0,0,0,0,0,0,0,0,0,0,0,0,0,1,0,1,1,0,0,0,1,0,0,0,1,0,0,0,0,0,0,0,1,0,0,1,0,0,1,1,0,0,0,0,0,0,0,0,0,0,0,0,0,0,0,0,0,0,0,0,0,0,0,0,0,0,0,12,7,19,11,1,6,1,17,2,0,0,4,8,0,0,4,3,0,0,8,11,0,12,0,7,19,19,10,2,12,10,0,2,0,12,0,0,0,5,5,0,0,1,1,0,0,6,6,0,10,0,2,12,12,0,0,0,0,0,0,0,0,0,0,0,0,0,0,0,0,0,0,0,0,0,0,0,0,0,0,0,11,0,11,11,0,0,0,11,0,0,0,1,10,0,0,0,0,0,0,1,10,0,11,0,0,11,11,521,37,558,451,70,31,6,482,76,0,0,173,348,0,0,15,22,0,0,188,370,3,518,0,37,558,555
Marked Tree Police Department,AR05601,1980,Arkansas,3209,39,2,41,35,4,2,0,37,4,0,0,22,17,0,0,2,0,0,0,24,17,0,33,0,2,35,35,42,6,48,34,8,6,0,40,8,0,0,12,30,0,0,1,5,0,0,13,35,1,36,0,6,43,42,0,0,0,0,0,0,0,0,0,0,0,0,0,0,0,0,0,0,0,0,0,0,0,0,0,0,0,0,1,1,0,0,1,0,1,0,0,0,0,0,0,0,0,1,0,0,0,1,0,0,0,1,1,1,0,2,2,0,0,2,0,2,0,0,0,0,0,0,0,0,2,0,0,0,2,0,0,0,2,2,2,111,18,129,83,28,12,6,95,34,0,0,56,55,0,0,7,11,0,0,63,66,1,106,0,18,125,124,0,0,0,0,0,0,0,0,0,0,0,0,0,0,0,0,0,0,0,0,0,0,0,0,0,0,0,0,0,0,0,0,0,0,0,0,0,0,0,0,0,0,0,0,0,0,0,0,0,0,0,0,0,0,0,0,0,0,0,0,0,0,0,0,0,0,0,0,0,0,0,0,0,0,0,0,0,0,0,0,0,0,0,0,0,0,0,0,0,0,0,0,0,0,0,0,0,0,0,0,0,0,0,0,0,0,0,0,0,0,0,0,0,0,0,0,0,0,0,0,0,0,0,0,0,0,0,0,0,0,0,0,0,0,0,0,0,0,0,0,0,0,0,0,0,0,0,0,0,0,0,0,0,0,0,0,0,0,0,0,0,0,0,0,0,0,0,0,0,0,0,0,0,0,0,0,0,0,0,0,0,0,0,0,0,0,0,0,0,0,0,0,0,0,0,0,0,0,0,0,0,0,0,0,0,0,0,0,0,0,0,0,0,0,0,0,0,0,0,0,0,0,0,0,0,0,0,0,0,0,0,0,0,0,0,0,0,0,0,0,0,0,0,0,0,0,0,0,0,0,0,0,0,0,0,0,0,0,0,0,0,0,0,0,0,0,0,0,0,0,0,0,0,0,0,0,0,0,0,0,0,0,0,0,0,0,0,0,0,0,0,0,0,0,0,0,0,85,0,85,79,6,0,0,79,6,0,0,19,66,0,0,0,0,0,0,19,66,1,76,0,0,77,76,46,1,47,41,5,1,0,42,5,0,0,15,31,0,0,0,1,0,0,15,32,0,37,0,1,38,38,0,0,0,0,0,0,0,0,0,0,0,0,0,0,0,0,0,0,0,0,0,0,0,0,0,0,0,0,0,0,0,0,0,0,0,0,0,0,0,0,0,0,0,0,0,0,0,0,0,0,0,0,0,0,1,0,1,0,1,0,0,0,1,0,0,1,0,0,0,0,0,0,0,1,0,0,1,0,0,1,1,0,0,0,0,0,0,0,0,0,0,0,0,0,0,0,0,0,0,0,0,0,0,0,0,0,0,0,0,0,0,0,0,0,0,0,0,0,0,0,0,0,0,0,0,0,0,0,0,0,0,0,0,0,0,0,0,0,0,0,0,0,0,0,0,0,0,0,0,0,0,0,0,0,0,0,0,0,0,0,0,0,3,0,3,3,0,0,0,3,0,0,0,3,0,0,0,0,0,0,0,3,0,0,3,0,0,3,3,0,0,3,0,0,3,3,0,0,0,0,0,0,0,3,3,0,0,0,3,0,0,0,3,0,3,3,0,0,0,0,0,0,0,0,0,0,0,0,0,0,0,0,0,0,0,0,0,0,0,0,0,0,0,0,0,0,0,0,0,0,0,0,0,0,0,0,0,0,0,0,0,0,0,0,0,0,0,0,0,0,26,9,35,25,1,9,0,34,1,0,0,4,22,0,0,0,9,0,0,4,31,0,24,1,8,33,32,0,1,1,0,0,1,0,1,0,0,0,0,0,0,0,0,1,0,0,0,1,0,0,0,1,1,1,0,0,0,0,0,0,0,0,0,0,0,0,0,0,0,0,0,0,0,0,0,0,0,0,0,0,0,0,0,0,0,0,0,0,0,0,0,0,0,0,0,0,0,0,0,0,0,0,0,0,0,0,0,0,7,0,7,5,2,0,0,5,2,0,0,3,4,0,0,0,0,0,0,3,4,0,6,0,0,6,6,1,0,1,1,0,0,0,1,0,0,0,1,0,0,0,0,0,0,0,1,0,0,1,0,0,1,1,0,0,0,0,0,0,0,0,0,0,0,0,0,0,0,0,0,0,0,0,0,0,0,0,0,0,0,0,0,0,0,0,0,0,0,0,0,0,0,0,0,0,0,0,0,0,0,0,0,0,0,0,0,0,0,0,0,0,0,0,0,0,0,0,0,0,0,0,0,0,0,0,0,0,0,0,0,0,0,0,0,0,0,0,0,0,0,0,0,0,0,0,0,0,0,0,0,0,0,0,0,0,0,0,0,0,0,0,0,0,0,0,0,0,0,0,0,0,0,0,0,0,0,0,0,0,0,0,0,0,0,0,0,0,0,0,0,0,0,0,0,0,0,0,0,0,0,0,0,0,0,0,0,0,0,0,0,0,0,0,0,0,0,0,0,0,0,0,0,0,0,0,0,0,0,0,0,0,0,0,0,0,0,0,0,0,0,0,0,0,0,0,0,0,0,0,0,0,0,0,0,0,0,0,0,0,0,0,0,0,0,0,0,0,0,0,0,0,0,0,0,0,0,0,0,0,0,0,0,0,0,0,0,0,0,0,0,0,0,0,0,0,0,25,9,34,21,4,7,2,28,6,0,0,15,10,0,0,4,5,0,0,19,15,0,20,0,9,29,29,0,0,0,0,0,0,0,0,0,0,0,0,0,0,0,0,0,0,0,0,0,0,0,0,0,0,0,0,0,0,0,0,0,0,0,0,0,0,0,0,0,0,0,0,0,0,0,0,0,0,0,0,0,0,3,0,3,3,0,0,0,3,0,0,0,2,1,0,0,0,0,0,0,2,1,0,3,0,0,3,3,392,49,441,333,59,41,8,374,67,0,0,156,236,0,0,14,35,0,0,170,271,3,349,1,48,401,397
Marked Tree Police Department,AR05601,1979,Arkansas,3176,36,5,41,28,8,3,2,31,10,0,0,20,16,0,0,1,4,0,0,21,20,0,0,0,0,0,0,19,16,35,15,4,15,1,30,5,0,0,6,13,0,0,1,15,0,0,7,28,0,0,0,0,0,0,0,0,0,0,0,0,0,0,0,0,0,0,0,0,0,0,0,0,0,0,0,0,0,0,0,0,0,2,6,8,2,0,6,0,8,0,0,0,2,0,0,0,0,6,0,0,2,6,0,0,0,0,0,0,0,2,2,0,0,2,0,2,0,0,0,0,0,0,0,0,2,0,0,0,2,0,0,0,0,0,0,99,7,106,77,22,6,1,83,23,0,0,41,58,0,0,1,6,0,0,42,64,0,0,0,0,0,0,0,0,0,3,0,0,3,0,0,0,0,0,0,0,3,3,0,0,0,3,0,0,0,0,3,0,0,3,0,3,3,0,0,0,3,0,0,0,0,3,0,0,0,0,0,0,0,3,0,0,0,0,0,0,0,0,0,0,0,0,0,0,0,0,0,0,0,0,0,0,0,0,0,0,0,0,0,0,0,0,0,0,0,0,0,0,0,0,0,0,0,0,0,0,0,0,0,0,0,0,0,0,0,0,0,0,0,0,0,0,0,0,0,0,0,0,0,0,0,0,0,0,0,0,0,0,0,0,0,0,0,0,0,0,0,0,0,0,0,0,0,0,0,0,0,0,0,0,0,0,0,0,0,0,0,0,0,0,0,0,0,0,0,0,0,0,0,0,0,0,0,0,0,0,0,0,0,0,0,0,0,0,0,0,0,0,0,0,0,0,0,0,0,0,0,0,0,0,0,0,0,0,0,0,0,0,0,0,0,0,0,0,0,0,0,0,0,0,0,0,0,0,0,0,0,0,0,0,0,0,0,0,0,0,0,0,0,0,0,0,0,0,0,0,0,0,0,0,0,0,0,0,0,0,0,0,0,0,0,0,0,0,0,0,0,0,0,0,0,0,3,0,3,3,0,0,0,3,0,0,0,0,3,0,0,0,0,0,0,0,3,0,0,0,0,0,0,106,7,113,99,7,7,0,106,7,0,0,19,87,0,0,0,7,0,0,19,94,0,0,0,0,0,0,79,8,87,67,12,8,0,75,12,0,0,17,62,0,0,0,8,0,0,17,70,0,0,0,0,0,0,0,0,0,0,0,0,0,0,0,0,0,0,0,0,0,0,0,0,0,0,0,0,0,0,0,0,0,0,0,0,0,0,0,0,0,0,0,0,0,0,0,0,0,0,0,0,0,0,0,0,0,0,0,0,1,0,1,1,0,0,0,1,0,0,0,1,0,0,0,0,0,0,0,1,0,0,0,0,0,0,0,0,0,0,0,0,0,0,0,0,0,0,0,0,0,0,0,0,0,0,0,0,0,0,0,0,0,0,0,0,0,0,0,0,0,0,0,0,0,0,0,0,0,0,0,0,0,0,0,0,0,0,0,0,0,0,0,0,0,0,0,0,0,0,0,0,0,0,0,0,0,0,0,0,0,0,0,0,0,0,0,0,5,0,5,5,0,0,0,5,0,0,0,5,0,0,0,0,0,0,0,5,0,0,0,0,0,0,0,0,0,5,0,0,0,5,0,0,0,0,0,0,0,5,5,0,0,0,5,0,0,0,5,0,0,0,0,0,0,0,0,0,0,0,0,0,0,0,0,0,0,0,0,0,0,0,0,0,0,0,0,0,0,0,0,0,0,0,0,0,0,0,0,0,0,0,0,0,0,0,0,0,0,0,0,0,0,0,0,0,12,21,33,11,1,20,1,31,2,0,0,0,12,0,0,1,20,0,0,1,32,0,0,0,0,0,0,0,0,0,0,0,0,0,0,0,0,0,0,0,0,0,0,0,0,0,0,0,0,0,0,0,0,0,1,1,2,1,0,1,0,2,0,0,0,1,0,0,0,1,0,0,0,2,0,0,0,0,0,0,0,0,0,0,0,0,0,0,0,0,0,0,0,0,0,0,0,0,0,0,0,0,0,0,0,0,0,0,8,0,8,7,1,0,0,7,1,0,0,5,3,0,0,0,0,0,0,5,3,0,0,0,0,0,0,3,4,7,3,0,4,0,7,0,0,0,3,0,0,0,4,0,0,0,7,0,0,0,0,0,0,0,0,0,0,0,0,0,0,0,0,0,0,0,0,0,0,0,0,0,0,0,0,0,0,0,0,0,0,0,0,0,0,0,0,0,0,0,0,0,0,0,0,0,0,0,0,0,0,0,0,0,0,0,0,0,0,0,0,0,0,0,0,0,0,0,0,0,0,0,0,0,0,0,0,0,0,0,0,0,0,0,0,0,0,0,0,0,0,0,0,0,0,0,0,0,0,0,0,0,0,0,0,0,0,0,0,0,0,0,0,0,0,0,0,0,0,0,0,0,0,0,0,0,0,0,0,0,0,0,0,0,0,0,0,0,0,2,3,5,2,0,3,0,5,0,0,0,2,0,0,0,3,0,0,0,5,0,0,0,0,0,0,0,0,0,0,0,0,0,0,0,0,0,0,0,0,0,0,0,0,0,0,0,0,0,0,0,0,0,0,4,0,4,4,0,0,0,4,0,0,0,3,1,0,0,0,0,0,0,3,1,0,0,0,0,0,0,0,0,0,0,0,0,0,0,0,0,0,0,0,0,0,0,0,0,0,0,0,0,0,0,0,0,0,12,9,21,10,2,9,0,19,2,0,0,7,5,0,0,3,6,0,0,10,11,0,0,0,0,0,0,0,0,0,0,0,0,0,0,0,0,0,0,0,0,0,0,0,0,0,0,0,0,0,0,0,0,0,0,0,0,0,0,0,0,0,0,0,0,0,0,0,0,0,0,0,0,0,0,0,0,0,0,0,0,4,1,5,4,0,1,0,5,0,0,0,1,3,0,0,0,1,0,0,1,4,0,0,0,0,0,0,407,90,497,350,57,85,5,435,62,0,0,138,269,0,0,15,75,0,0,153,344,0,0,0,0,0,0
Marked Tree Police Department,AR05601,1978,Arkansas,,,,,,,,,,,,,,,,,,,,,,,,,,,,,,,,,,,,,,,,,,,,,,,,,,,,,,,,,,,,,,,,,,,,,,,,,,,,,,,,,,,,,,,,,,,,,,,,,,,,,,,,,,,,,,,,,,,,,,,,,,,,,,,,,,,,,,,,,,,,,,,,,,,,,,,,,,,,,,,,,,,,,,,,,,,,,,,,,,,,,,,,,,,,,,,,,,,,,,,,,,,,,,,,,,,,,,,,,,,,,,,,,,,,,,,,,,,,,,,,,,,,,,,,,,,,,,,,,,,,,,,,,,,,,,,,,,,,,,,,,,,,,,,,,,,,,,,,,,,,,,,,,,,,,,,,,,,,,,,,,,,,,,,,,,,,,,,,,,,,,,,,,,,,,,,,,,,,,,,,,,,,,,,,,,,,,,,,,,,,,,,,,,,,,,,,,,,,,,,,,,,,,,,,,,,,,,,,,,,,,,,,,,,,,,,,,,,,,,,,,,,,,,,,,,,,,,,,,,,,,,,,,,,,,,,,,,,,,,,,,,,,,,,,,,,,,,,,,,,,,,,,,,,,,,,,,,,,,,,,,,,,,,,,,,,,,,,,,,,,,,,,,,,,,,,,,,,,,,,,,,,,,,,,,,,,,,,,,,,,,,,,,,,,,,,,,,,,,,,,,,,,,,,,,,,,,,,,,,,,,,,,,,,,,,,,,,,,,,,,,,,,,,,,,,,,,,,,,,,,,,,,,,,,,,,,,,,,,,,,,,,,,,,,,,,,,,,,,,,,,,,,,,,,,,,,,,,,,,,,,,,,,,,,,,,,,,,,,,,,,,,,,,,,,,,,,,,,,,,,,,,,,,,,,,,,,,,,,,,,,,,,,,,,,,,,,,,,,,,,,,,,,,,,,,,,,,,,,,,,,,,,,,,,,,,,,,,,,,,,,,,,,,,,,,,,,,,,,,,,,,,,,,,,,,,,,,,,,,,,,,,,,,,,,,,,,,,,,,,,,,,,,,,,,,,,,,,,,,,,,,,,,,,,,,,,,,,,,,,,,,,,,,,,,,,,,,,,,,,,,,,,,,,,,,,,,,,,,,,,,,,,,,,,,,,,,,,,,,,,,,,,,,,,,,,,,,,,,,,,,,,,,,,,,,,,,,,,,,,,,,,,,,,,,,,,,,,,,,,,,,,,,,,,,,,,,,,,,,,,,,,,,,,,,,,,,,,,,,,,,,,,,,,,,,,,,,,,,,,,,,,,,,,,,,,,,,,,,,,,,,,,,,,,,,,,,,,,,,,,,,,,,,,,,,,,,,,,,,,,,,,,,,,,,,,,,,,,,,,,,,,,,,,,,,,,,,,,,,,,,,,,,,,,,,,,,,,,,,,,,,,,,,,,,,,,,,,,,,,,,,,,,,,,,,,,,,,,,,,,,,,,,,,,,,,,,,,,,,,,,,,,,,,,,,,,,,,,,,,,,,,,
Marked Tree Police Department,AR05601,1977,Arkansas,3024,36,0,36,33,3,0,0,33,3,0,0,19,17,0,0,0,0,0,0,19,17,0,0,0,0,0,0,16,3,19,10,6,3,0,13,6,0,0,7,9,0,0,0,4,0,0,7,13,0,0,0,0,0,0,0,0,0,0,0,0,0,0,0,0,0,0,0,0,0,0,0,0,0,0,0,0,0,0,0,0,0,1,5,6,1,0,5,0,6,0,0,0,0,1,0,0,0,5,0,0,0,6,0,0,0,0,0,0,0,0,0,0,0,0,0,0,0,0,0,0,0,0,0,0,0,0,0,0,0,0,0,0,0,0,0,21,5,26,19,2,3,2,22,4,0,0,10,11,0,0,1,4,0,0,11,15,0,0,0,0,0,0,0,0,0,1,0,0,1,0,0,0,0,0,0,0,1,1,0,0,0,1,0,0,0,0,1,0,0,1,0,1,1,0,0,0,1,0,0,0,0,1,0,0,0,0,0,0,0,1,0,0,0,0,0,0,0,0,0,0,0,0,0,0,0,0,0,0,0,0,0,0,0,0,0,0,0,0,0,0,0,0,0,0,0,0,0,0,0,0,0,0,0,0,0,0,0,0,0,0,0,0,0,0,0,0,0,0,0,0,0,0,0,0,0,0,0,0,0,0,0,0,0,0,0,0,0,0,0,0,0,0,0,0,0,0,0,0,0,2,4,0,0,6,0,0,0,0,0,0,0,6,6,0,0,0,6,0,0,0,2,4,0,0,6,0,6,6,0,0,0,6,0,0,0,2,4,0,0,0,0,0,0,2,4,0,0,0,0,0,0,0,0,0,0,0,0,0,0,0,0,0,0,0,0,0,0,0,0,0,0,0,0,0,0,0,0,0,0,0,0,0,0,0,0,0,0,0,0,0,0,0,0,0,0,0,0,0,0,0,0,0,0,0,0,0,0,0,0,0,0,0,0,0,0,0,0,0,0,0,0,0,0,0,0,0,0,0,0,0,0,0,7,0,7,7,0,0,0,7,0,0,0,2,5,0,0,0,0,0,0,2,5,0,0,0,0,0,0,154,3,157,135,19,2,1,137,20,0,0,41,111,0,0,0,3,0,0,41,114,0,0,0,0,0,0,101,0,101,94,7,0,0,94,7,0,0,26,73,0,0,0,0,0,0,26,73,0,0,0,0,0,0,0,0,0,0,0,0,0,0,0,0,0,0,0,0,0,0,0,0,0,0,0,0,0,0,0,0,0,0,0,0,0,0,0,0,0,0,0,0,0,0,0,0,0,0,0,0,0,0,0,0,0,0,0,0,0,0,0,0,0,0,0,0,0,0,0,0,0,0,0,0,0,0,0,0,0,0,0,0,0,0,0,0,0,0,0,0,0,0,0,0,0,0,0,0,0,0,0,0,0,0,0,0,0,0,0,0,0,0,0,0,0,0,0,0,0,0,0,0,0,0,0,0,0,0,0,0,0,0,0,0,0,0,0,0,0,0,0,0,0,0,0,0,0,0,0,0,0,0,0,0,0,0,0,0,0,0,0,0,0,0,0,0,19,7,26,17,2,7,0,24,2,0,0,16,3,0,0,7,0,0,0,23,3,0,0,0,0,0,0,0,0,12,7,0,0,19,0,0,7,0,0,0,7,26,17,2,7,0,24,2,0,0,19,7,0,0,0,0,0,0,0,0,0,0,0,0,0,0,0,0,0,0,0,0,0,0,0,0,0,0,0,0,0,0,0,0,0,0,0,0,0,0,0,0,0,0,0,0,0,0,0,0,0,0,0,0,0,0,0,0,17,10,27,15,2,10,0,25,2,0,0,5,12,0,0,0,10,0,0,5,22,0,0,0,0,0,0,0,1,1,0,0,1,0,1,0,0,0,0,0,0,0,0,1,0,0,0,1,0,0,0,0,0,0,0,0,0,0,0,0,0,0,0,0,0,0,0,0,0,0,0,0,0,0,0,0,0,0,0,0,0,0,0,0,0,0,0,0,0,0,0,0,0,0,0,0,0,0,0,0,0,0,0,0,0,0,0,0,5,0,5,3,2,0,0,3,2,0,0,1,4,0,0,0,0,0,0,1,4,0,0,0,0,0,0,0,0,0,0,0,0,0,0,0,0,0,0,0,0,0,0,0,0,0,0,0,0,0,0,0,0,0,0,0,0,0,0,0,0,0,0,0,0,0,0,0,0,0,0,0,0,0,0,0,0,0,0,0,0,0,0,0,0,0,0,0,0,0,0,0,0,0,0,0,0,0,0,0,0,0,0,0,0,0,0,0,0,0,0,0,0,0,0,0,0,0,0,0,0,0,0,0,0,0,0,0,0,0,0,0,0,0,0,0,0,0,0,0,0,0,0,0,0,0,0,0,0,0,0,0,0,0,0,0,0,0,0,0,0,0,0,0,0,0,0,0,0,0,0,0,0,0,0,0,0,0,0,0,0,0,0,0,0,0,0,0,0,2,0,2,1,1,0,0,1,1,0,0,0,2,0,0,0,0,0,0,0,2,0,0,0,0,0,0,0,0,0,0,0,0,0,0,0,0,0,0,0,0,0,0,0,0,0,0,0,0,0,0,0,0,0,0,2,2,0,0,2,0,2,0,0,0,0,0,0,0,1,1,0,0,1,1,0,0,0,0,0,0,4,0,4,3,1,0,0,3,1,0,0,4,0,0,0,0,0,0,0,4,0,0,0,0,0,0,0,6,5,11,2,4,5,0,7,4,0,0,3,3,0,0,0,5,0,0,3,8,0,0,0,0,0,0,3,0,3,3,0,0,0,3,0,0,0,0,3,0,0,0,0,0,0,0,3,0,0,0,0,0,0,0,3,3,0,0,3,0,3,0,0,0,0,0,0,0,0,3,0,0,0,3,0,0,0,0,0,0,5,2,7,4,1,2,0,6,1,0,0,2,2,0,0,1,1,0,0,3,3,0,0,0,0,0,0,430,53,483,378,52,50,3,428,55,0,0,152,273,0,0,17,37,0,0,169,310,0,0,0,0,0,0
