agency,year,state,state_abb,population,ORI,ORI9,FIPS_state_code,FIPS_county_code,FIPS_state_county_code,agency_type,group,geographic_division,suburban_agency,mtr_veh_theft_tot_arrests,mtr_veh_theft_tot_adult,mtr_veh_theft_tot_juv,mtr_veh_theft_tot_male,mtr_veh_theft_tot_female,mtr_veh_theft_tot_male_adult,mtr_veh_theft_tot_male_juv,mtr_veh_theft_tot_female_adult,mtr_veh_theft_tot_female_juv,mtr_veh_theft_male_under_10,mtr_veh_theft_male_10_12,mtr_veh_theft_male_13_14,mtr_veh_theft_male_15,mtr_veh_theft_male_16,mtr_veh_theft_male_17,mtr_veh_theft_male_18,mtr_veh_theft_male_19,mtr_veh_theft_male_20,mtr_veh_theft_male_21,mtr_veh_theft_male_22,mtr_veh_theft_male_23,mtr_veh_theft_male_24,mtr_veh_theft_male_25_29,mtr_veh_theft_male_30_34,mtr_veh_theft_male_35_39,mtr_veh_theft_male_40_44,mtr_veh_theft_male_45_49,mtr_veh_theft_male_50_54,mtr_veh_theft_male_55_59,mtr_veh_theft_male_60_64,mtr_veh_theft_male_over_64,mtr_veh_theft_female_under_10,mtr_veh_theft_female_10_12,mtr_veh_theft_female_13_14,mtr_veh_theft_female_15,mtr_veh_theft_female_16,mtr_veh_theft_female_17,mtr_veh_theft_female_18,mtr_veh_theft_female_19,mtr_veh_theft_female_20,mtr_veh_theft_female_21,mtr_veh_theft_female_22,mtr_veh_theft_female_23,mtr_veh_theft_female_24,mtr_veh_theft_female_25_29,mtr_veh_theft_female_30_34,mtr_veh_theft_female_35_39,mtr_veh_theft_female_40_44,mtr_veh_theft_female_45_49,mtr_veh_theft_female_50_54,mtr_veh_theft_female_55_59,mtr_veh_theft_female_60_64,mtr_veh_theft_female_over_64,mtr_veh_theft_adult_white,mtr_veh_theft_adult_black,mtr_veh_theft_adult_asian,mtr_veh_theft_adult_indian,mtr_veh_theft_juv_white,mtr_veh_theft_juv_black,mtr_veh_theft_juv_asian,mtr_veh_theft_juv_indian
Aurora,1980,South Dakota,SD,3614,SD00100,SD0010000,46,003,46003,sheriffs office,"non-msa cnty under 10,000",west north central,non-suburban,0,0,0,0,0,0,0,0,0,0,0,0,0,0,0,0,0,0,0,0,0,0,0,0,0,0,0,0,0,0,0,0,0,0,0,0,0,0,0,0,0,0,0,0,0,0,0,0,0,0,0,0,0,0,0,0,0,0,0,0,0
Beadle,1980,South Dakota,SD,6210,SD00200,SD0020000,46,005,46005,sheriffs office,"non-msa cnty under 10,000",west north central,non-suburban,0,0,0,0,0,0,0,0,0,0,0,0,0,0,0,0,0,0,0,0,0,0,0,0,0,0,0,0,0,0,0,0,0,0,0,0,0,0,0,0,0,0,0,0,0,0,0,0,0,0,0,0,0,0,0,0,0,0,0,0,0
Huron,1980,South Dakota,SD,13e3,SD00201,SD0020100,46,005,46005,local police department,"cities 10,000-24,999",west north central,non-suburban,10,3,7,7,3,3,4,0,4,0,0,1,1,2,0,0,1,0,0,0,0,2,0,0,0,0,0,0,0,0,0,0,0,0,1,2,0,0,0,0,0,0,0,0,0,0,0,0,0,0,0,0,0,3,0,0,0,7,0,0,0
Bennett,1980,South Dakota,SD,3031,SD00300,SD0030000,46,007,46007,sheriffs office,"non-msa cnty under 10,000",west north central,non-suburban,2,2,0,2,0,2,0,0,0,0,0,0,0,0,0,1,0,0,0,0,0,0,0,1,0,0,0,0,0,0,0,0,0,0,0,0,0,0,0,0,0,0,0,0,0,0,0,0,0,0,0,0,0,0,0,0,2,0,0,0,0
Bon Homme,1980,South Dakota,SD,8061,SD00400,SD0040000,46,009,46009,sheriffs office,"non-msa cnty under 10,000",west north central,non-suburban,0,0,0,0,0,0,0,0,0,0,0,0,0,0,0,0,0,0,0,0,0,0,0,0,0,0,0,0,0,0,0,0,0,0,0,0,0,0,0,0,0,0,0,0,0,0,0,0,0,0,0,0,0,0,0,0,0,0,0,0,0
Brookings,1980,South Dakota,SD,9348,SD00500,SD0050000,46,011,46011,sheriffs office,"non-msa cnty under 10,000",west north central,non-suburban,3,0,3,3,0,0,3,0,3,0,0,0,0,0,3,0,0,0,0,0,0,0,0,0,0,0,0,0,0,0,0,0,0,0,0,0,0,0,0,0,0,0,0,0,0,0,0,0,0,0,0,0,0,0,0,0,0,3,0,0,0
Brookings,1980,South Dakota,SD,14915,SD00501,SD0050100,46,011,46011,local police department,"cities 10,000-24,999",west north central,non-suburban,4,3,1,4,0,3,1,0,1,0,0,0,0,0,1,1,0,1,0,0,1,0,0,0,0,0,0,0,0,0,0,0,0,0,0,0,0,0,0,0,0,0,0,0,0,0,0,0,0,0,0,0,0,3,0,0,0,1,0,0,0
Brown,1980,South Dakota,SD,10964,SD00600,SD0060000,46,013,46013,sheriffs office,"non-msa cnty 10,000-24,999",west north central,non-suburban,2,1,1,2,0,1,1,0,1,0,0,0,0,1,0,0,0,0,0,0,0,0,0,1,0,0,0,0,0,0,0,0,0,0,0,0,0,0,0,0,0,0,0,0,0,0,0,0,0,0,0,0,0,1,0,0,0,1,0,0,0
Aberdeen,1980,South Dakota,SD,25937,SD00601,SD0060100,46,013,46013,local police department,"cities 25,000-49,999",west north central,non-suburban,14,5,9,14,0,5,9,0,9,0,0,3,1,3,2,0,2,0,1,0,0,0,0,2,0,0,0,0,0,0,0,0,0,0,0,0,0,0,0,0,0,0,0,0,0,0,0,0,0,0,0,0,0,4,0,0,1,9,0,0,0
Brule,1980,South Dakota,SD,2988,SD00700,SD0070000,46,015,46015,sheriffs office,"non-msa cnty under 10,000",west north central,non-suburban,3,3,0,2,1,2,0,1,0,0,0,0,0,0,0,0,0,1,0,0,0,0,0,0,1,0,0,0,0,0,0,0,0,0,0,0,0,0,0,0,0,0,0,0,0,0,0,1,0,0,0,0,0,1,0,0,2,0,0,0,0
Butte,1980,South Dakota,SD,3683,SD00900,SD0090000,46,019,46019,sheriffs office,"non-msa cnty under 10,000",west north central,non-suburban,0,0,0,0,0,0,0,0,0,0,0,0,0,0,0,0,0,0,0,0,0,0,0,0,0,0,0,0,0,0,0,0,0,0,0,0,0,0,0,0,0,0,0,0,0,0,0,0,0,0,0,0,0,0,0,0,0,0,0,0,0
Belle Fourche,1980,South Dakota,SD,4690,SD00901,SD0090100,46,019,46019,local police department,"cities 2,500-9,999",west north central,non-suburban,2,0,2,2,0,0,2,0,2,0,0,0,2,0,0,0,0,0,0,0,0,0,0,0,0,0,0,0,0,0,0,0,0,0,0,0,0,0,0,0,0,0,0,0,0,0,0,0,0,0,0,0,0,0,0,0,0,2,0,0,0
Charles Mix,1980,South Dakota,SD,9693,SD01100,SD0110000,46,023,46023,sheriffs office,"non-msa cnty under 10,000",west north central,non-suburban,3,3,0,2,1,2,0,1,0,0,0,0,0,0,0,0,0,0,0,0,0,0,2,0,0,0,0,0,0,0,0,0,0,0,0,0,0,0,0,0,0,0,0,0,0,1,0,0,0,0,0,0,0,0,0,0,3,0,0,0,0
Clark,1980,South Dakota,SD,4889,SD01200,SD0120000,46,025,46025,sheriffs office,"non-msa cnty under 10,000",west north central,non-suburban,0,0,0,0,0,0,0,0,0,0,0,0,0,0,0,0,0,0,0,0,0,0,0,0,0,0,0,0,0,0,0,0,0,0,0,0,0,0,0,0,0,0,0,0,0,0,0,0,0,0,0,0,0,0,0,0,0,0,0,0,0
Vermillion,1980,South Dakota,SD,10140,SD01301,SD0130100,46,027,46027,local police department,"cities 10,000-24,999",west north central,non-suburban,0,0,0,0,0,0,0,0,0,0,0,0,0,0,0,0,0,0,0,0,0,0,0,0,0,0,0,0,0,0,0,0,0,0,0,0,0,0,0,0,0,0,0,0,0,0,0,0,0,0,0,0,0,0,0,0,0,0,0,0,0
Codington,1980,South Dakota,SD,5266,SD01400,SD0140000,46,029,46029,sheriffs office,"non-msa cnty under 10,000",west north central,non-suburban,2,0,2,2,0,0,2,0,2,0,0,2,0,0,0,0,0,0,0,0,0,0,0,0,0,0,0,0,0,0,0,0,0,0,0,0,0,0,0,0,0,0,0,0,0,0,0,0,0,0,0,0,0,0,0,0,0,2,0,0,0
Watertown,1980,South Dakota,SD,15632,SD01401,SD0140100,46,029,46029,local police department,"cities 10,000-24,999",west north central,non-suburban,16,4,12,14,2,4,10,0,10,0,0,6,2,2,0,1,1,0,0,1,0,0,1,0,0,0,0,0,0,0,0,0,0,0,2,0,0,0,0,0,0,0,0,0,0,0,0,0,0,0,0,0,0,4,0,0,0,11,0,0,1
Custer,1980,South Dakota,SD,5868,SD01600,SD0160000,46,033,46033,sheriffs office,"non-msa cnty under 10,000",west north central,non-suburban,0,0,0,0,0,0,0,0,0,0,0,0,0,0,0,0,0,0,0,0,0,0,0,0,0,0,0,0,0,0,0,0,0,0,0,0,0,0,0,0,0,0,0,0,0,0,0,0,0,0,0,0,0,0,0,0,0,0,0,0,0
Mitchell,1980,South Dakota,SD,13917,SD01701,SD0170100,46,035,46035,local police department,"cities 10,000-24,999",west north central,non-suburban,7,1,6,6,1,1,5,0,5,0,0,3,0,0,2,0,0,0,0,0,0,0,1,0,0,0,0,0,0,0,0,0,0,1,0,0,0,0,0,0,0,0,0,0,0,0,0,0,0,0,0,0,0,1,0,0,0,2,1,0,3
Day,1980,South Dakota,SD,8106,SD01800,SD0180000,46,037,46037,sheriffs office,"non-msa cnty under 10,000",west north central,non-suburban,0,0,0,0,0,0,0,0,0,0,0,0,0,0,0,0,0,0,0,0,0,0,0,0,0,0,0,0,0,0,0,0,0,0,0,0,0,0,0,0,0,0,0,0,0,0,0,0,0,0,0,0,0,0,0,0,0,0,0,0,0
Deuel,1980,South Dakota,SD,5271,SD01900,SD0190000,46,039,46039,sheriffs office,"non-msa cnty under 10,000",west north central,non-suburban,0,0,0,0,0,0,0,0,0,0,0,0,0,0,0,0,0,0,0,0,0,0,0,0,0,0,0,0,0,0,0,0,0,0,0,0,0,0,0,0,0,0,0,0,0,0,0,0,0,0,0,0,0,0,0,0,0,0,0,0,0
Edmunds,1980,South Dakota,SD,5174,SD02200,SD0220000,46,045,46045,sheriffs office,"non-msa cnty under 10,000",west north central,non-suburban,2,2,0,2,0,2,0,0,0,0,0,0,0,0,0,0,0,0,0,0,0,0,2,0,0,0,0,0,0,0,0,0,0,0,0,0,0,0,0,0,0,0,0,0,0,0,0,0,0,0,0,0,0,0,0,2,0,0,0,0,0
Fall River,1980,South Dakota,SD,3700,SD02300,SD0230000,46,047,46047,sheriffs office,"non-msa cnty under 10,000",west north central,non-suburban,0,0,0,0,0,0,0,0,0,0,0,0,0,0,0,0,0,0,0,0,0,0,0,0,0,0,0,0,0,0,0,0,0,0,0,0,0,0,0,0,0,0,0,0,0,0,0,0,0,0,0,0,0,0,0,0,0,0,0,0,0
Hot Springs,1980,South Dakota,SD,4731,SD02302,SD0230200,46,047,46047,local police department,"cities 2,500-9,999",west north central,non-suburban,4,0,4,4,0,0,4,0,4,0,0,2,2,0,0,0,0,0,0,0,0,0,0,0,0,0,0,0,0,0,0,0,0,0,0,0,0,0,0,0,0,0,0,0,0,0,0,0,0,0,0,0,0,0,0,0,0,0,0,0,4
Faulk,1980,South Dakota,SD,3298,SD02400,SD0240000,46,049,46049,sheriffs office,"non-msa cnty under 10,000",west north central,non-suburban,0,0,0,0,0,0,0,0,0,0,0,0,0,0,0,0,0,0,0,0,0,0,0,0,0,0,0,0,0,0,0,0,0,0,0,0,0,0,0,0,0,0,0,0,0,0,0,0,0,0,0,0,0,0,0,0,0,0,0,0,0
Grant,1980,South Dakota,SD,4891,SD02500,SD0250000,46,051,46051,sheriffs office,"non-msa cnty under 10,000",west north central,non-suburban,1,1,0,1,0,1,0,0,0,0,0,0,0,0,0,0,0,0,0,0,0,0,1,0,0,0,0,0,0,0,0,0,0,0,0,0,0,0,0,0,0,0,0,0,0,0,0,0,0,0,0,0,0,1,0,0,0,0,0,0,0
Milbank,1980,South Dakota,SD,4108,SD02501,SD0250100,46,051,46051,local police department,"cities 2,500-9,999",west north central,non-suburban,0,0,0,0,0,0,0,0,0,0,0,0,0,0,0,0,0,0,0,0,0,0,0,0,0,0,0,0,0,0,0,0,0,0,0,0,0,0,0,0,0,0,0,0,0,0,0,0,0,0,0,0,0,0,0,0,0,0,0,0,0
Gregory,1980,South Dakota,SD,5979,SD02600,SD0260000,46,053,46053,sheriffs office,"non-msa cnty under 10,000",west north central,non-suburban,3,3,0,3,0,3,0,0,0,0,0,0,0,0,0,0,0,0,0,1,0,2,0,0,0,0,0,0,0,0,0,0,0,0,0,0,0,0,0,0,0,0,0,0,0,0,0,0,0,0,0,0,0,0,0,0,3,0,0,0,0
Haakon,1980,South Dakota,SD,2781,SD02700,SD0270000,46,055,46055,sheriffs office,"non-msa cnty under 10,000",west north central,non-suburban,3,3,0,3,0,3,0,0,0,0,0,0,0,0,0,1,0,0,0,0,0,0,1,1,0,0,0,0,0,0,0,0,0,0,0,0,0,0,0,0,0,0,0,0,0,0,0,0,0,0,0,0,0,2,0,0,1,0,0,0,0
Hamlin,1980,South Dakota,SD,5248,SD02800,SD0280000,46,057,46057,sheriffs office,"non-msa cnty under 10,000",west north central,non-suburban,2,2,0,2,0,2,0,0,0,0,0,0,0,0,0,0,0,0,0,0,0,0,0,1,0,0,1,0,0,0,0,0,0,0,0,0,0,0,0,0,0,0,0,0,0,0,0,0,0,0,0,0,0,2,0,0,0,0,0,0,0
Hand,1980,South Dakota,SD,4956,SD02900,SD0290000,46,059,46059,sheriffs office,"non-msa cnty under 10,000",west north central,non-suburban,1,1,0,1,0,1,0,0,0,0,0,0,0,0,0,1,0,0,0,0,0,0,0,0,0,0,0,0,0,0,0,0,0,0,0,0,0,0,0,0,0,0,0,0,0,0,0,0,0,0,0,0,0,1,0,0,0,0,0,0,0
Hughes,1980,South Dakota,SD,2245,SD03200,SD0320000,46,065,46065,sheriffs office,"non-msa cnty under 10,000",west north central,non-suburban,0,0,0,0,0,0,0,0,0,0,0,0,0,0,0,0,0,0,0,0,0,0,0,0,0,0,0,0,0,0,0,0,0,0,0,0,0,0,0,0,0,0,0,0,0,0,0,0,0,0,0,0,0,0,0,0,0,0,0,0,0
Pierre,1980,South Dakota,SD,11966,SD03201,SD0320100,46,065,46065,local police department,"cities 10,000-24,999",west north central,non-suburban,7,6,1,5,2,4,1,2,1,0,0,0,0,0,1,1,1,0,0,0,0,0,0,1,0,0,0,1,0,0,0,0,0,0,0,0,0,0,0,0,0,1,0,0,0,1,0,0,0,0,0,0,0,2,0,0,4,1,0,0,0
Hutchinson,1980,South Dakota,SD,9357,SD03300,SD0330000,46,067,46067,sheriffs office,"non-msa cnty under 10,000",west north central,non-suburban,0,0,0,0,0,0,0,0,0,0,0,0,0,0,0,0,0,0,0,0,0,0,0,0,0,0,0,0,0,0,0,0,0,0,0,0,0,0,0,0,0,0,0,0,0,0,0,0,0,0,0,0,0,0,0,0,0,0,0,0,0
Jerauld,1980,South Dakota,SD,2921,SD03600,SD0360000,46,073,46073,sheriffs office,"non-msa cnty under 10,000",west north central,non-suburban,1,1,0,1,0,1,0,0,0,0,0,0,0,0,0,0,0,0,1,0,0,0,0,0,0,0,0,0,0,0,0,0,0,0,0,0,0,0,0,0,0,0,0,0,0,0,0,0,0,0,0,0,0,1,0,0,0,0,0,0,0
Jones,1980,South Dakota,SD,1454,SD03700,SD0370000,46,075,46075,sheriffs office,"non-msa cnty under 10,000",west north central,non-suburban,7,7,0,5,2,5,0,2,0,0,0,0,0,0,0,1,0,0,0,0,0,1,2,1,0,0,0,0,0,0,0,0,0,0,0,0,0,1,0,0,0,0,0,0,1,0,0,0,0,0,0,0,0,1,1,0,5,0,0,0,0
Kingsbury,1980,South Dakota,SD,6684,SD03800,SD0380000,46,077,46077,sheriffs office,"non-msa cnty under 10,000",west north central,non-suburban,1,0,1,1,0,0,1,0,1,0,0,1,0,0,0,0,0,0,0,0,0,0,0,0,0,0,0,0,0,0,0,0,0,0,0,0,0,0,0,0,0,0,0,0,0,0,0,0,0,0,0,0,0,0,0,0,0,1,0,0,0
Lake,1980,South Dakota,SD,4553,SD03900,SD0390000,46,079,46079,sheriffs office,"non-msa cnty under 10,000",west north central,non-suburban,0,0,0,0,0,0,0,0,0,0,0,0,0,0,0,0,0,0,0,0,0,0,0,0,0,0,0,0,0,0,0,0,0,0,0,0,0,0,0,0,0,0,0,0,0,0,0,0,0,0,0,0,0,0,0,0,0,0,0,0,0
Madison,1980,South Dakota,SD,6213,SD03901,SD0390100,46,079,46079,local police department,"cities 2,500-9,999",west north central,non-suburban,2,1,1,2,0,1,1,0,1,0,0,0,0,0,1,0,0,0,1,0,0,0,0,0,0,0,0,0,0,0,0,0,0,0,0,0,0,0,0,0,0,0,0,0,0,0,0,0,0,0,0,0,0,0,1,0,0,1,0,0,0
Lawrence,1980,South Dakota,SD,6766,SD04000,SD0400000,46,081,46081,sheriffs office,"non-msa cnty under 10,000",west north central,non-suburban,5,3,2,4,1,2,2,1,2,0,0,0,0,1,1,0,0,0,0,0,0,0,1,1,0,0,0,0,0,0,0,0,0,0,0,0,0,0,0,0,0,0,0,0,0,0,1,0,0,0,0,0,0,3,0,0,0,2,0,0,0
Deadwood,1980,South Dakota,SD,2034,SD04001,SD0400100,46,081,46081,local police department,"cities under 2,500",west north central,non-suburban,0,0,0,0,0,0,0,0,0,0,0,0,0,0,0,0,0,0,0,0,0,0,0,0,0,0,0,0,0,0,0,0,0,0,0,0,0,0,0,0,0,0,0,0,0,0,0,0,0,0,0,0,0,0,0,0,0,0,0,0,0
Lead,1980,South Dakota,SD,4334,SD04002,SD0400200,46,081,46081,local police department,"cities 2,500-9,999",west north central,non-suburban,0,0,0,0,0,0,0,0,0,0,0,0,0,0,0,0,0,0,0,0,0,0,0,0,0,0,0,0,0,0,0,0,0,0,0,0,0,0,0,0,0,0,0,0,0,0,0,0,0,0,0,0,0,0,0,0,0,0,0,0,0
Spearfish,1980,South Dakota,SD,5252,SD04003,SD0400300,46,081,46081,local police department,"cities 2,500-9,999",west north central,non-suburban,1,1,0,1,0,1,0,0,0,0,0,0,0,0,0,0,1,0,0,0,0,0,0,0,0,0,0,0,0,0,0,0,0,0,0,0,0,0,0,0,0,0,0,0,0,0,0,0,0,0,0,0,0,1,0,0,0,0,0,0,0
Lincoln,1980,South Dakota,SD,11222,SD04100,SD0410000,46,083,46083,sheriffs office,"non-msa cnty 10,000-24,999",west north central,non-suburban,2,1,1,2,0,1,1,0,1,0,0,0,1,0,0,0,0,0,0,0,0,0,1,0,0,0,0,0,0,0,0,0,0,0,0,0,0,0,0,0,0,0,0,0,0,0,0,0,0,0,0,0,0,1,0,0,0,1,0,0,0
Lyman,1980,South Dakota,SD,3853,SD04200,SD0420000,46,085,46085,sheriffs office,"non-msa cnty under 10,000",west north central,non-suburban,2,2,0,2,0,2,0,0,0,0,0,0,0,0,0,0,0,0,0,0,0,0,0,1,0,1,0,0,0,0,0,0,0,0,0,0,0,0,0,0,0,0,0,0,0,0,0,0,0,0,0,0,0,2,0,0,0,0,0,0,0
Mccook,1980,South Dakota,SD,6445,SD04300,SD0430000,46,087,46087,sheriffs office,"non-msa cnty under 10,000",west north central,non-suburban,0,0,0,0,0,0,0,0,0,0,0,0,0,0,0,0,0,0,0,0,0,0,0,0,0,0,0,0,0,0,0,0,0,0,0,0,0,0,0,0,0,0,0,0,0,0,0,0,0,0,0,0,0,0,0,0,0,0,0,0,0
Marshall,1980,South Dakota,SD,5410,SD04500,SD0450000,46,091,46091,sheriffs office,"non-msa cnty under 10,000",west north central,non-suburban,0,0,0,0,0,0,0,0,0,0,0,0,0,0,0,0,0,0,0,0,0,0,0,0,0,0,0,0,0,0,0,0,0,0,0,0,0,0,0,0,0,0,0,0,0,0,0,0,0,0,0,0,0,0,0,0,0,0,0,0,0
Sturgis,1980,South Dakota,SD,5182,SD04601,SD0460100,46,093,46093,local police department,"cities 2,500-9,999",west north central,suburban,1,1,0,1,0,1,0,0,0,0,0,0,0,0,0,1,0,0,0,0,0,0,0,0,0,0,0,0,0,0,0,0,0,0,0,0,0,0,0,0,0,0,0,0,0,0,0,0,0,0,0,0,0,1,0,0,0,0,0,0,0
Miner,1980,South Dakota,SD,3741,SD04800,SD0480000,46,097,46097,sheriffs office,"non-msa cnty under 10,000",west north central,non-suburban,3,1,2,3,0,1,2,0,2,0,0,0,0,0,2,0,0,0,0,0,0,0,1,0,0,0,0,0,0,0,0,0,0,0,0,0,0,0,0,0,0,0,0,0,0,0,0,0,0,0,0,0,0,1,0,0,0,2,0,0,0
Minnehaha,1980,South Dakota,SD,28958,SD04900,SD0490000,46,099,46099,sheriffs office,"msa cnty 25,000-99,999",west north central,suburban,4,2,2,4,0,2,2,0,2,0,1,0,1,0,0,0,1,0,0,0,0,0,0,0,1,0,0,0,0,0,0,0,0,0,0,0,0,0,0,0,0,0,0,0,0,0,0,0,0,0,0,0,0,1,1,0,0,2,0,0,0
Sioux Falls,1980,South Dakota,SD,81071,SD04902,SD0490200,46,099,46099,local police department,"cities 50,000-99,999",west north central,non-suburban,64,11,53,58,6,9,49,2,49,0,3,11,15,10,10,1,3,1,1,1,0,0,1,0,1,0,0,0,0,0,0,0,0,0,1,2,1,0,0,1,0,1,0,0,0,0,0,0,0,0,0,0,0,10,0,0,1,46,0,0,7
Moody,1980,South Dakota,SD,6682,SD05000,SD0500000,46,101,46101,sheriffs office,"non-msa cnty under 10,000",west north central,non-suburban,3,0,3,3,0,0,3,0,3,0,0,0,2,1,0,0,0,0,0,0,0,0,0,0,0,0,0,0,0,0,0,0,0,0,0,0,0,0,0,0,0,0,0,0,0,0,0,0,0,0,0,0,0,0,0,0,0,0,0,0,3
Pennington,1980,South Dakota,SD,23913,SD05100,SD0510000,46,103,46103,sheriffs office,"msa cnty 10,000-24,999",west north central,suburban,12,4,8,12,0,4,8,0,8,0,0,3,2,3,0,0,3,0,0,0,0,0,0,0,0,0,0,1,0,0,0,0,0,0,0,0,0,0,0,0,0,0,0,0,0,0,0,0,0,0,0,0,0,4,0,0,0,6,0,0,2
Rapid City,1980,South Dakota,SD,46340,SD05101,SD0510100,46,103,46103,local police department,"cities 25,000-49,999",west north central,suburban,29,12,17,28,1,11,17,1,17,0,0,4,3,3,7,1,2,1,3,0,0,0,3,0,0,1,0,0,0,0,0,0,0,0,0,0,0,0,0,0,0,0,0,0,0,0,0,0,0,0,0,0,1,6,1,1,4,15,0,0,2
Perkins,1980,South Dakota,SD,4570,SD05200,SD0520000,46,105,46105,sheriffs office,"non-msa cnty under 10,000",west north central,non-suburban,0,0,0,0,0,0,0,0,0,0,0,0,0,0,0,0,0,0,0,0,0,0,0,0,0,0,0,0,0,0,0,0,0,0,0,0,0,0,0,0,0,0,0,0,0,0,0,0,0,0,0,0,0,0,0,0,0,0,0,0,0
Potter,1980,South Dakota,SD,3686,SD05300,SD0530000,46,107,46107,sheriffs office,"non-msa cnty under 10,000",west north central,non-suburban,1,1,0,1,0,1,0,0,0,0,0,0,0,0,0,0,0,0,0,1,0,0,0,0,0,0,0,0,0,0,0,0,0,0,0,0,0,0,0,0,0,0,0,0,0,0,0,0,0,0,0,0,0,0,0,0,1,0,0,0,0
Roberts,1980,South Dakota,SD,8118,SD05400,SD0540000,46,109,46109,sheriffs office,"non-msa cnty under 10,000",west north central,non-suburban,2,0,2,2,0,0,2,0,2,0,0,0,0,1,1,0,0,0,0,0,0,0,0,0,0,0,0,0,0,0,0,0,0,0,0,0,0,0,0,0,0,0,0,0,0,0,0,0,0,0,0,0,0,0,0,0,0,0,0,0,2
Sanborn,1980,South Dakota,SD,3206,SD05500,SD0550000,46,111,46111,sheriffs office,"non-msa cnty under 10,000",west north central,non-suburban,0,0,0,0,0,0,0,0,0,0,0,0,0,0,0,0,0,0,0,0,0,0,0,0,0,0,0,0,0,0,0,0,0,0,0,0,0,0,0,0,0,0,0,0,0,0,0,0,0,0,0,0,0,0,0,0,0,0,0,0,0
Spink,1980,South Dakota,SD,6201,SD05700,SD0570000,46,115,46115,sheriffs office,"non-msa cnty under 10,000",west north central,non-suburban,0,0,0,0,0,0,0,0,0,0,0,0,0,0,0,0,0,0,0,0,0,0,0,0,0,0,0,0,0,0,0,0,0,0,0,0,0,0,0,0,0,0,0,0,0,0,0,0,0,0,0,0,0,0,0,0,0,0,0,0,0
Stanley,1980,South Dakota,SD,754,SD05800,SD0580000,46,117,46117,sheriffs office,"non-msa cnty under 10,000",west north central,non-suburban,1,1,0,1,0,1,0,0,0,0,0,0,0,0,0,0,0,0,0,0,0,0,0,0,1,0,0,0,0,0,0,0,0,0,0,0,0,0,0,0,0,0,0,0,0,0,0,0,0,0,0,0,0,1,0,0,0,0,0,0,0
Fort Pierre,1980,South Dakota,SD,1788,SD05801,SD0580100,46,117,46117,local police department,"cities under 2,500",west north central,non-suburban,0,0,0,0,0,0,0,0,0,0,0,0,0,0,0,0,0,0,0,0,0,0,0,0,0,0,0,0,0,0,0,0,0,0,0,0,0,0,0,0,0,0,0,0,0,0,0,0,0,0,0,0,0,0,0,0,0,0,0,0,0
Tripp,1980,South Dakota,SD,3696,SD06100,SD0610000,46,123,46123,sheriffs office,"non-msa cnty under 10,000",west north central,non-suburban,0,0,0,0,0,0,0,0,0,0,0,0,0,0,0,0,0,0,0,0,0,0,0,0,0,0,0,0,0,0,0,0,0,0,0,0,0,0,0,0,0,0,0,0,0,0,0,0,0,0,0,0,0,0,0,0,0,0,0,0,0
Turner,1980,South Dakota,SD,9260,SD06200,SD0620000,46,125,46125,sheriffs office,"non-msa cnty under 10,000",west north central,non-suburban,2,0,2,2,0,0,2,0,2,0,0,0,0,1,1,0,0,0,0,0,0,0,0,0,0,0,0,0,0,0,0,0,0,0,0,0,0,0,0,0,0,0,0,0,0,0,0,0,0,0,0,0,0,0,0,0,0,2,0,0,0
Union,1980,South Dakota,SD,10745,SD06300,SD0630000,46,127,46127,sheriffs office,"non-msa cnty 10,000-24,999",west north central,non-suburban,0,0,0,0,0,0,0,0,0,0,0,0,0,0,0,0,0,0,0,0,0,0,0,0,0,0,0,0,0,0,0,0,0,0,0,0,0,0,0,0,0,0,0,0,0,0,0,0,0,0,0,0,0,0,0,0,0,0,0,0,0
Mobridge,1980,South Dakota,SD,4157,SD06401,SD0640100,46,129,46129,local police department,"cities 2,500-9,999",west north central,non-suburban,4,3,1,3,1,3,0,0,0,0,0,0,0,0,0,0,1,0,0,0,0,0,0,1,0,1,0,0,0,0,0,0,1,0,0,0,0,0,0,0,0,0,0,0,0,0,0,0,0,0,0,0,0,1,0,0,2,0,0,0,1
Yankton,1980,South Dakota,SD,6941,SD06600,SD0660000,46,135,46135,sheriffs office,"non-msa cnty under 10,000",west north central,non-suburban,2,1,1,1,1,1,0,0,0,0,0,0,0,0,0,0,0,1,0,0,0,0,0,0,0,0,0,0,0,0,0,0,0,0,0,0,1,0,0,0,0,0,0,0,0,0,0,0,0,0,0,0,0,1,0,0,0,0,0,0,1
Aurora,1981,South Dakota,SD,3597,SD00100,SD0010000,46,003,46003,sheriffs office,"non-msa cnty under 10,000",west north central,non-suburban,2,0,2,2,0,0,2,0,2,0,0,0,1,0,1,0,0,0,0,0,0,0,0,0,0,0,0,0,0,0,0,0,0,0,0,0,0,0,0,0,0,0,0,0,0,0,0,0,0,0,0,0,0,0,0,0,0,0,0,0,2
Beadle,1981,South Dakota,SD,6181,SD00200,SD0020000,46,005,46005,sheriffs office,"non-msa cnty under 10,000",west north central,non-suburban,2,0,2,2,0,0,2,0,2,0,0,1,0,1,0,0,0,0,0,0,0,0,0,0,0,0,0,0,0,0,0,0,0,0,0,0,0,0,0,0,0,0,0,0,0,0,0,0,0,0,0,0,0,0,0,0,0,0,0,0,2
Huron,1981,South Dakota,SD,12939,SD00201,SD0020100,46,005,46005,local police department,"cities 10,000-24,999",west north central,non-suburban,4,1,3,4,0,1,3,0,3,0,0,2,1,0,0,0,0,0,0,0,0,0,0,1,0,0,0,0,0,0,0,0,0,0,0,0,0,0,0,0,0,0,0,0,0,0,0,0,0,0,0,0,0,1,0,0,0,3,0,0,0
Bennett,1981,South Dakota,SD,3017,SD00300,SD0030000,46,007,46007,sheriffs office,"non-msa cnty under 10,000",west north central,non-suburban,1,1,0,1,0,1,0,0,0,0,0,0,0,0,0,0,0,0,0,1,0,0,0,0,0,0,0,0,0,0,0,0,0,0,0,0,0,0,0,0,0,0,0,0,0,0,0,0,0,0,0,0,0,0,0,0,1,0,0,0,0
Bon Homme,1981,South Dakota,SD,8023,SD00400,SD0040000,46,009,46009,sheriffs office,"non-msa cnty under 10,000",west north central,non-suburban,0,0,0,0,0,0,0,0,0,0,0,0,0,0,0,0,0,0,0,0,0,0,0,0,0,0,0,0,0,0,0,0,0,0,0,0,0,0,0,0,0,0,0,0,0,0,0,0,0,0,0,0,0,0,0,0,0,0,0,0,0
Brookings,1981,South Dakota,SD,9304,SD00500,SD0050000,46,011,46011,sheriffs office,"non-msa cnty under 10,000",west north central,non-suburban,0,0,0,0,0,0,0,0,0,0,0,0,0,0,0,0,0,0,0,0,0,0,0,0,0,0,0,0,0,0,0,0,0,0,0,0,0,0,0,0,0,0,0,0,0,0,0,0,0,0,0,0,0,0,0,0,0,0,0,0,0
Brookings,1981,South Dakota,SD,14846,SD00501,SD0050100,46,011,46011,local police department,"cities 10,000-24,999",west north central,non-suburban,1,0,1,1,0,0,1,0,1,0,0,0,0,1,0,0,0,0,0,0,0,0,0,0,0,0,0,0,0,0,0,0,0,0,0,0,0,0,0,0,0,0,0,0,0,0,0,0,0,0,0,0,0,0,0,0,0,1,0,0,0
Brown,1981,South Dakota,SD,10913,SD00600,SD0060000,46,013,46013,sheriffs office,"non-msa cnty 10,000-24,999",west north central,non-suburban,2,2,0,2,0,2,0,0,0,0,0,0,0,0,0,1,0,0,0,0,0,0,1,0,0,0,0,0,0,0,0,0,0,0,0,0,0,0,0,0,0,0,0,0,0,0,0,0,0,0,0,0,0,2,0,0,0,0,0,0,0
Aberdeen,1981,South Dakota,SD,25816,SD00601,SD0060100,46,013,46013,local police department,"cities 25,000-49,999",west north central,non-suburban,34,20,14,25,9,13,12,7,12,0,0,3,2,5,2,2,2,0,3,1,0,0,3,0,1,1,0,0,0,0,0,0,0,0,0,1,1,0,0,1,2,0,0,0,1,0,0,0,1,1,0,1,0,16,0,0,4,13,0,0,1
Brule,1981,South Dakota,SD,2974,SD00700,SD0070000,46,015,46015,sheriffs office,"non-msa cnty under 10,000",west north central,non-suburban,5,2,3,5,0,2,3,0,3,0,0,0,2,1,0,1,0,0,0,0,0,0,1,0,0,0,0,0,0,0,0,0,0,0,0,0,0,0,0,0,0,0,0,0,0,0,0,0,0,0,0,0,0,1,0,0,1,3,0,0,0
Chamberlain,1981,South Dakota,SD,2171,SD00701,SD0070100,46,015,46015,local police department,"cities under 2,500",west north central,non-suburban,0,0,0,0,0,0,0,0,0,0,0,0,0,0,0,0,0,0,0,0,0,0,0,0,0,0,0,0,0,0,0,0,0,0,0,0,0,0,0,0,0,0,0,0,0,0,0,0,0,0,0,0,0,0,0,0,0,0,0,0,0
Belle Fourche,1981,South Dakota,SD,4668,SD00901,SD0090100,46,019,46019,local police department,"cities 2,500-9,999",west north central,non-suburban,2,1,1,2,0,1,1,0,1,0,0,0,0,0,1,0,0,0,0,0,0,0,1,0,0,0,0,0,0,0,0,0,0,0,0,0,0,0,0,0,0,0,0,0,0,0,0,0,0,0,0,0,0,1,0,0,0,1,0,0,0
Charles Mix,1981,South Dakota,SD,9648,SD01100,SD0110000,46,023,46023,sheriffs office,"non-msa cnty under 10,000",west north central,non-suburban,2,1,1,1,1,0,1,1,1,0,0,0,1,0,0,0,0,0,0,0,0,0,0,0,0,0,0,0,0,0,0,0,0,0,0,0,0,0,0,0,0,0,0,0,0,1,0,0,0,0,0,0,0,0,0,0,1,0,0,0,1
Clark,1981,South Dakota,SD,4866,SD01200,SD0120000,46,025,46025,sheriffs office,"non-msa cnty under 10,000",west north central,non-suburban,0,0,0,0,0,0,0,0,0,0,0,0,0,0,0,0,0,0,0,0,0,0,0,0,0,0,0,0,0,0,0,0,0,0,0,0,0,0,0,0,0,0,0,0,0,0,0,0,0,0,0,0,0,0,0,0,0,0,0,0,0
Clay,1981,South Dakota,SD,3536,SD01300,SD0130000,46,027,46027,sheriffs office,"non-msa cnty under 10,000",west north central,non-suburban,0,0,0,0,0,0,0,0,0,0,0,0,0,0,0,0,0,0,0,0,0,0,0,0,0,0,0,0,0,0,0,0,0,0,0,0,0,0,0,0,0,0,0,0,0,0,0,0,0,0,0,0,0,0,0,0,0,0,0,0,0
Vermillion,1981,South Dakota,SD,10093,SD01301,SD0130100,46,027,46027,local police department,"cities 10,000-24,999",west north central,non-suburban,3,0,3,3,0,0,3,0,3,0,0,1,1,1,0,0,0,0,0,0,0,0,0,0,0,0,0,0,0,0,0,0,0,0,0,0,0,0,0,0,0,0,0,0,0,0,0,0,0,0,0,0,0,0,0,0,0,3,0,0,0
Codington,1981,South Dakota,SD,5241,SD01400,SD0140000,46,029,46029,sheriffs office,"non-msa cnty under 10,000",west north central,non-suburban,1,1,0,1,0,1,0,0,0,0,0,0,0,0,0,0,0,1,0,0,0,0,0,0,0,0,0,0,0,0,0,0,0,0,0,0,0,0,0,0,0,0,0,0,0,0,0,0,0,0,0,0,0,0,0,0,1,0,0,0,0
Watertown,1981,South Dakota,SD,15559,SD01401,SD0140100,46,029,46029,local police department,"cities 10,000-24,999",west north central,non-suburban,2,0,2,1,1,0,1,0,1,0,0,1,0,0,0,0,0,0,0,0,0,0,0,0,0,0,0,0,0,0,0,0,0,0,0,1,0,0,0,0,0,0,0,0,0,0,0,0,0,0,0,0,0,0,0,0,0,2,0,0,0
Corson,1981,South Dakota,SD,5101,SD01500,SD0150000,46,031,46031,sheriffs office,"non-msa cnty under 10,000",west north central,non-suburban,0,0,0,0,0,0,0,0,0,0,0,0,0,0,0,0,0,0,0,0,0,0,0,0,0,0,0,0,0,0,0,0,0,0,0,0,0,0,0,0,0,0,0,0,0,0,0,0,0,0,0,0,0,0,0,0,0,0,0,0,0
Custer,1981,South Dakota,SD,5841,SD01600,SD0160000,46,033,46033,sheriffs office,"non-msa cnty under 10,000",west north central,non-suburban,4,1,3,4,0,1,3,0,3,0,0,0,2,0,1,1,0,0,0,0,0,0,0,0,0,0,0,0,0,0,0,0,0,0,0,0,0,0,0,0,0,0,0,0,0,0,0,0,0,0,0,0,0,1,0,0,0,3,0,0,0
Mitchell,1981,South Dakota,SD,13852,SD01701,SD0170100,46,035,46035,local police department,"cities 10,000-24,999",west north central,non-suburban,0,0,0,0,0,0,0,0,0,0,0,0,0,0,0,0,0,0,0,0,0,0,0,0,0,0,0,0,0,0,0,0,0,0,0,0,0,0,0,0,0,0,0,0,0,0,0,0,0,0,0,0,0,0,0,0,0,0,0,0,0
Day,1981,South Dakota,SD,8068,SD01800,SD0180000,46,037,46037,sheriffs office,"non-msa cnty under 10,000",west north central,non-suburban,3,3,0,3,0,3,0,0,0,0,0,0,0,0,0,0,1,0,0,0,1,0,0,1,0,0,0,0,0,0,0,0,0,0,0,0,0,0,0,0,0,0,0,0,0,0,0,0,0,0,0,0,0,0,0,0,3,0,0,0,0
Deuel,1981,South Dakota,SD,5246,SD01900,SD0190000,46,039,46039,sheriffs office,"non-msa cnty under 10,000",west north central,non-suburban,0,0,0,0,0,0,0,0,0,0,0,0,0,0,0,0,0,0,0,0,0,0,0,0,0,0,0,0,0,0,0,0,0,0,0,0,0,0,0,0,0,0,0,0,0,0,0,0,0,0,0,0,0,0,0,0,0,0,0,0,0
Edmunds,1981,South Dakota,SD,5150,SD02200,SD0220000,46,045,46045,sheriffs office,"non-msa cnty under 10,000",west north central,non-suburban,0,0,0,0,0,0,0,0,0,0,0,0,0,0,0,0,0,0,0,0,0,0,0,0,0,0,0,0,0,0,0,0,0,0,0,0,0,0,0,0,0,0,0,0,0,0,0,0,0,0,0,0,0,0,0,0,0,0,0,0,0
Fall River,1981,South Dakota,SD,13046,SD02300,SD0230000,46,047,46047,sheriffs office,"non-msa cnty 10,000-24,999",west north central,non-suburban,4,0,4,4,0,0,4,0,4,0,0,0,3,0,1,0,0,0,0,0,0,0,0,0,0,0,0,0,0,0,0,0,0,0,0,0,0,0,0,0,0,0,0,0,0,0,0,0,0,0,0,0,0,0,0,0,0,4,0,0,0
Hot Springs,1981,South Dakota,SD,4709,SD02302,SD0230200,46,047,46047,local police department,"cities 2,500-9,999",west north central,non-suburban,1,1,0,1,0,1,0,0,0,0,0,0,0,0,0,0,0,0,0,0,1,0,0,0,0,0,0,0,0,0,0,0,0,0,0,0,0,0,0,0,0,0,0,0,0,0,0,0,0,0,0,0,0,0,0,0,1,0,0,0,0
Faulk,1981,South Dakota,SD,3283,SD02400,SD0240000,46,049,46049,sheriffs office,"non-msa cnty under 10,000",west north central,non-suburban,0,0,0,0,0,0,0,0,0,0,0,0,0,0,0,0,0,0,0,0,0,0,0,0,0,0,0,0,0,0,0,0,0,0,0,0,0,0,0,0,0,0,0,0,0,0,0,0,0,0,0,0,0,0,0,0,0,0,0,0,0
Grant,1981,South Dakota,SD,4869,SD02500,SD0250000,46,051,46051,sheriffs office,"non-msa cnty under 10,000",west north central,non-suburban,1,1,0,1,0,1,0,0,0,0,0,0,0,0,0,0,1,0,0,0,0,0,0,0,0,0,0,0,0,0,0,0,0,0,0,0,0,0,0,0,0,0,0,0,0,0,0,0,0,0,0,0,0,1,0,0,0,0,0,0,0
Milbank,1981,South Dakota,SD,4088,SD02501,SD0250100,46,051,46051,local police department,"cities 2,500-9,999",west north central,non-suburban,0,0,0,0,0,0,0,0,0,0,0,0,0,0,0,0,0,0,0,0,0,0,0,0,0,0,0,0,0,0,0,0,0,0,0,0,0,0,0,0,0,0,0,0,0,0,0,0,0,0,0,0,0,0,0,0,0,0,0,0,0
Gregory,1981,South Dakota,SD,5951,SD02600,SD0260000,46,053,46053,sheriffs office,"non-msa cnty under 10,000",west north central,non-suburban,0,0,0,0,0,0,0,0,0,0,0,0,0,0,0,0,0,0,0,0,0,0,0,0,0,0,0,0,0,0,0,0,0,0,0,0,0,0,0,0,0,0,0,0,0,0,0,0,0,0,0,0,0,0,0,0,0,0,0,0,0
Haakon,1981,South Dakota,SD,2768,SD02700,SD0270000,46,055,46055,sheriffs office,"non-msa cnty under 10,000",west north central,non-suburban,0,0,0,0,0,0,0,0,0,0,0,0,0,0,0,0,0,0,0,0,0,0,0,0,0,0,0,0,0,0,0,0,0,0,0,0,0,0,0,0,0,0,0,0,0,0,0,0,0,0,0,0,0,0,0,0,0,0,0,0,0
Hand,1981,South Dakota,SD,4933,SD02900,SD0290000,46,059,46059,sheriffs office,"non-msa cnty under 10,000",west north central,non-suburban,0,0,0,0,0,0,0,0,0,0,0,0,0,0,0,0,0,0,0,0,0,0,0,0,0,0,0,0,0,0,0,0,0,0,0,0,0,0,0,0,0,0,0,0,0,0,0,0,0,0,0,0,0,0,0,0,0,0,0,0,0
Hughes,1981,South Dakota,SD,2235,SD03200,SD0320000,46,065,46065,sheriffs office,"non-msa cnty under 10,000",west north central,non-suburban,0,0,0,0,0,0,0,0,0,0,0,0,0,0,0,0,0,0,0,0,0,0,0,0,0,0,0,0,0,0,0,0,0,0,0,0,0,0,0,0,0,0,0,0,0,0,0,0,0,0,0,0,0,0,0,0,0,0,0,0,0
Pierre,1981,South Dakota,SD,11910,SD03201,SD0320100,46,065,46065,local police department,"cities 10,000-24,999",west north central,non-suburban,8,4,4,7,1,3,4,1,4,0,0,0,0,0,4,1,1,0,1,0,0,0,0,0,0,0,0,0,0,0,0,0,0,0,0,0,0,0,0,0,0,0,0,0,1,0,0,0,0,0,0,0,0,3,0,0,1,0,0,0,4
Jerauld,1981,South Dakota,SD,2907,SD03600,SD0360000,46,073,46073,sheriffs office,"non-msa cnty under 10,000",west north central,non-suburban,2,0,2,2,0,0,2,0,2,0,0,0,1,1,0,0,0,0,0,0,0,0,0,0,0,0,0,0,0,0,0,0,0,0,0,0,0,0,0,0,0,0,0,0,0,0,0,0,0,0,0,0,0,0,0,0,0,0,0,0,2
Jones,1981,South Dakota,SD,1447,SD03700,SD0370000,46,075,46075,sheriffs office,"non-msa cnty under 10,000",west north central,non-suburban,4,2,2,4,0,2,2,0,2,0,0,1,0,1,0,0,2,0,0,0,0,0,0,0,0,0,0,0,0,0,0,0,0,0,0,0,0,0,0,0,0,0,0,0,0,0,0,0,0,0,0,0,0,2,0,0,0,2,0,0,0
Kingsbury,1981,South Dakota,SD,6653,SD03800,SD0380000,46,077,46077,sheriffs office,"non-msa cnty under 10,000",west north central,non-suburban,1,1,0,0,1,0,0,1,0,0,0,0,0,0,0,0,0,0,0,0,0,0,0,0,0,0,0,0,0,0,0,0,0,0,0,0,0,0,0,0,1,0,0,0,0,0,0,0,0,0,0,0,0,1,0,0,0,0,0,0,0
Lake,1981,South Dakota,SD,4532,SD03900,SD0390000,46,079,46079,sheriffs office,"non-msa cnty under 10,000",west north central,non-suburban,0,0,0,0,0,0,0,0,0,0,0,0,0,0,0,0,0,0,0,0,0,0,0,0,0,0,0,0,0,0,0,0,0,0,0,0,0,0,0,0,0,0,0,0,0,0,0,0,0,0,0,0,0,0,0,0,0,0,0,0,0
Madison,1981,South Dakota,SD,6184,SD03901,SD0390100,46,079,46079,local police department,"cities 2,500-9,999",west north central,non-suburban,0,0,0,0,0,0,0,0,0,0,0,0,0,0,0,0,0,0,0,0,0,0,0,0,0,0,0,0,0,0,0,0,0,0,0,0,0,0,0,0,0,0,0,0,0,0,0,0,0,0,0,0,0,0,0,0,0,0,0,0,0
Lawrence,1981,South Dakota,SD,6735,SD04000,SD0400000,46,081,46081,sheriffs office,"non-msa cnty under 10,000",west north central,non-suburban,14,12,2,14,0,12,2,0,2,0,0,0,0,0,2,3,2,0,0,0,0,0,4,2,0,0,1,0,0,0,0,0,0,0,0,0,0,0,0,0,0,0,0,0,0,0,0,0,0,0,0,0,0,10,0,0,2,1,0,0,1
Deadwood,1981,South Dakota,SD,2024,SD04001,SD0400100,46,081,46081,local police department,"cities under 2,500",west north central,non-suburban,0,0,0,0,0,0,0,0,0,0,0,0,0,0,0,0,0,0,0,0,0,0,0,0,0,0,0,0,0,0,0,0,0,0,0,0,0,0,0,0,0,0,0,0,0,0,0,0,0,0,0,0,0,0,0,0,0,0,0,0,0
Lead,1981,South Dakota,SD,4314,SD04002,SD0400200,46,081,46081,local police department,"cities 2,500-9,999",west north central,non-suburban,0,0,0,0,0,0,0,0,0,0,0,0,0,0,0,0,0,0,0,0,0,0,0,0,0,0,0,0,0,0,0,0,0,0,0,0,0,0,0,0,0,0,0,0,0,0,0,0,0,0,0,0,0,0,0,0,0,0,0,0,0
Spearfish,1981,South Dakota,SD,5227,SD04003,SD0400300,46,081,46081,local police department,"cities 2,500-9,999",west north central,non-suburban,9,8,1,9,0,8,1,0,1,0,0,1,0,0,0,0,2,1,1,0,0,0,2,0,0,2,0,0,0,0,0,0,0,0,0,0,0,0,0,0,0,0,0,0,0,0,0,0,0,0,0,0,0,8,0,0,0,1,0,0,0
Lincoln,1981,South Dakota,SD,11170,SD04100,SD0410000,46,083,46083,sheriffs office,"non-msa cnty 10,000-24,999",west north central,non-suburban,3,2,1,3,0,2,1,0,1,0,0,1,0,0,0,0,0,0,0,0,0,0,1,1,0,0,0,0,0,0,0,0,0,0,0,0,0,0,0,0,0,0,0,0,0,0,0,0,0,0,0,0,0,2,0,0,0,1,0,0,0
Lyman,1981,South Dakota,SD,3835,SD04200,SD0420000,46,085,46085,sheriffs office,"non-msa cnty under 10,000",west north central,non-suburban,5,4,1,5,0,4,1,0,1,0,0,0,0,0,1,0,1,0,0,0,0,1,1,1,0,0,0,0,0,0,0,0,0,0,0,0,0,0,0,0,0,0,0,0,0,0,0,0,0,0,0,0,0,1,0,0,3,1,0,0,0
Marshall,1981,South Dakota,SD,5385,SD04500,SD0450000,46,091,46091,sheriffs office,"non-msa cnty under 10,000",west north central,non-suburban,0,0,0,0,0,0,0,0,0,0,0,0,0,0,0,0,0,0,0,0,0,0,0,0,0,0,0,0,0,0,0,0,0,0,0,0,0,0,0,0,0,0,0,0,0,0,0,0,0,0,0,0,0,0,0,0,0,0,0,0,0
Sturgis,1981,South Dakota,SD,5158,SD04601,SD0460100,46,093,46093,local police department,"cities 2,500-9,999",west north central,non-suburban,3,3,0,3,0,3,0,0,0,0,0,0,0,0,0,2,0,0,0,0,0,0,1,0,0,0,0,0,0,0,0,0,0,0,0,0,0,0,0,0,0,0,0,0,0,0,0,0,0,0,0,0,0,3,0,0,0,0,0,0,0
Miner,1981,South Dakota,SD,3724,SD04800,SD0480000,46,097,46097,sheriffs office,"non-msa cnty under 10,000",west north central,non-suburban,0,0,0,0,0,0,0,0,0,0,0,0,0,0,0,0,0,0,0,0,0,0,0,0,0,0,0,0,0,0,0,0,0,0,0,0,0,0,0,0,0,0,0,0,0,0,0,0,0,0,0,0,0,0,0,0,0,0,0,0,0
Minnehaha,1981,South Dakota,SD,28901,SD04900,SD0490000,46,099,46099,sheriffs office,"msa cnty 25,000-99,999",west north central,suburban,37,30,7,32,5,25,7,5,7,0,1,2,2,2,0,5,2,0,3,1,3,0,3,3,3,1,1,0,0,0,0,0,0,0,0,0,0,0,0,0,3,0,0,0,1,0,0,0,0,1,0,0,0,28,1,0,1,7,0,0,0
Sioux Falls,1981,South Dakota,SD,80609,SD04902,SD0490200,46,099,46099,local police department,"cities 50,000-99,999",west north central,non-suburban,48,14,34,44,4,12,32,2,32,0,1,15,6,7,3,2,0,1,2,1,1,1,0,1,2,0,1,0,0,0,0,0,0,1,0,0,1,0,0,0,0,0,1,0,0,0,1,0,0,0,0,0,0,14,0,0,0,30,0,0,4
Moody,1981,South Dakota,SD,6651,SD05000,SD0500000,46,101,46101,sheriffs office,"non-msa cnty under 10,000",west north central,non-suburban,1,0,1,1,0,0,1,0,1,0,0,0,0,0,1,0,0,0,0,0,0,0,0,0,0,0,0,0,0,0,0,0,0,0,0,0,0,0,0,0,0,0,0,0,0,0,0,0,0,0,0,0,0,0,0,0,0,1,0,0,0
Pennington,1981,South Dakota,SD,23801,SD05100,SD0510000,46,103,46103,sheriffs office,"non-msa cnty 10,000-24,999",west north central,non-suburban,6,4,2,6,0,4,2,0,2,0,0,0,1,1,0,2,0,0,0,0,0,0,1,0,1,0,0,0,0,0,0,0,0,0,0,0,0,0,0,0,0,0,0,0,0,0,0,0,0,0,0,0,0,3,0,0,1,0,0,0,2
Rapid City,1981,South Dakota,SD,46124,SD05101,SD0510100,46,103,46103,local police department,"cities 25,000-49,999",west north central,non-suburban,25,9,16,23,2,7,16,2,16,0,0,1,5,4,6,3,1,0,1,1,1,0,0,0,0,0,0,0,0,0,0,0,0,0,0,0,0,0,0,0,0,0,0,1,0,1,0,0,0,0,0,0,0,2,0,0,7,13,0,0,3
Potter,1981,South Dakota,SD,3669,SD05300,SD0530000,46,107,46107,sheriffs office,"non-msa cnty under 10,000",west north central,non-suburban,0,0,0,0,0,0,0,0,0,0,0,0,0,0,0,0,0,0,0,0,0,0,0,0,0,0,0,0,0,0,0,0,0,0,0,0,0,0,0,0,0,0,0,0,0,0,0,0,0,0,0,0,0,0,0,0,0,0,0,0,0
Sanborn,1981,South Dakota,SD,3191,SD05500,SD0550000,46,111,46111,sheriffs office,"non-msa cnty under 10,000",west north central,non-suburban,1,1,0,1,0,1,0,0,0,0,0,0,0,0,0,0,0,0,0,0,0,0,0,0,0,0,0,0,0,0,1,0,0,0,0,0,0,0,0,0,0,0,0,0,0,0,0,0,0,0,0,0,0,1,0,0,0,0,0,0,0
Spink,1981,South Dakota,SD,6172,SD05700,SD0570000,46,115,46115,sheriffs office,"non-msa cnty under 10,000",west north central,non-suburban,3,3,0,3,0,3,0,0,0,0,0,0,0,0,0,0,0,0,0,2,0,0,0,0,1,0,0,0,0,0,0,0,0,0,0,0,0,0,0,0,0,0,0,0,0,0,0,0,0,0,0,0,0,3,0,0,0,0,0,0,0
Stanley,1981,South Dakota,SD,750,SD05800,SD0580000,46,117,46117,sheriffs office,"non-msa cnty under 10,000",west north central,non-suburban,1,1,0,1,0,1,0,0,0,0,0,0,0,0,0,0,0,0,0,0,0,0,1,0,0,0,0,0,0,0,0,0,0,0,0,0,0,0,0,0,0,0,0,0,0,0,0,0,0,0,0,0,0,1,0,0,0,0,0,0,0
Fort Pierre,1981,South Dakota,SD,1780,SD05801,SD0580100,46,117,46117,local police department,"cities under 2,500",west north central,non-suburban,3,0,3,3,0,0,3,0,3,0,1,2,0,0,0,0,0,0,0,0,0,0,0,0,0,0,0,0,0,0,0,0,0,0,0,0,0,0,0,0,0,0,0,0,0,0,0,0,0,0,0,0,0,0,0,0,0,0,0,0,3
Sully,1981,South Dakota,SD,1982,SD05900,SD0590000,46,119,46119,sheriffs office,"non-msa cnty under 10,000",west north central,non-suburban,0,0,0,0,0,0,0,0,0,0,0,0,0,0,0,0,0,0,0,0,0,0,0,0,0,0,0,0,0,0,0,0,0,0,0,0,0,0,0,0,0,0,0,0,0,0,0,0,0,0,0,0,0,0,0,0,0,0,0,0,0
Tripp,1981,South Dakota,SD,10974,SD06100,SD0610000,46,123,46123,sheriffs office,"non-msa cnty 10,000-24,999",west north central,non-suburban,2,0,2,2,0,0,2,0,2,0,0,1,1,0,0,0,0,0,0,0,0,0,0,0,0,0,0,0,0,0,0,0,0,0,0,0,0,0,0,0,0,0,0,0,0,0,0,0,0,0,0,0,0,0,0,0,0,0,0,0,2
Turner,1981,South Dakota,SD,9217,SD06200,SD0620000,46,125,46125,sheriffs office,"non-msa cnty under 10,000",west north central,non-suburban,0,0,0,0,0,0,0,0,0,0,0,0,0,0,0,0,0,0,0,0,0,0,0,0,0,0,0,0,0,0,0,0,0,0,0,0,0,0,0,0,0,0,0,0,0,0,0,0,0,0,0,0,0,0,0,0,0,0,0,0,0
Union,1981,South Dakota,SD,10695,SD06300,SD0630000,46,127,46127,sheriffs office,"non-msa cnty 10,000-24,999",west north central,non-suburban,0,0,0,0,0,0,0,0,0,0,0,0,0,0,0,0,0,0,0,0,0,0,0,0,0,0,0,0,0,0,0,0,0,0,0,0,0,0,0,0,0,0,0,0,0,0,0,0,0,0,0,0,0,0,0,0,0,0,0,0,0
Mobridge,1981,South Dakota,SD,4137,SD06401,SD0640100,46,129,46129,local police department,"cities 2,500-9,999",west north central,non-suburban,3,2,1,2,1,1,1,1,1,0,0,0,0,0,1,1,0,0,0,0,0,0,0,0,0,0,0,0,0,0,0,0,0,0,0,0,0,0,0,1,0,0,0,0,0,0,0,0,0,0,0,0,0,0,0,0,2,0,0,0,1
Yankton,1981,South Dakota,SD,6909,SD06600,SD0660000,46,135,46135,sheriffs office,"non-msa cnty under 10,000",west north central,non-suburban,3,3,0,3,0,3,0,0,0,0,0,0,0,0,0,1,0,0,0,0,0,0,0,1,0,0,0,0,1,0,0,0,0,0,0,0,0,0,0,0,0,0,0,0,0,0,0,0,0,0,0,0,0,2,1,0,0,0,0,0,0
Aurora,1982,South Dakota,SD,3629,SD00100,SD0010000,46,003,46003,sheriffs office,"non-msa cnty under 10,000",west north central,non-suburban,0,0,0,0,0,0,0,0,0,0,0,0,0,0,0,0,0,0,0,0,0,0,0,0,0,0,0,0,0,0,0,0,0,0,0,0,0,0,0,0,0,0,0,0,0,0,0,0,0,0,0,0,0,0,0,0,0,0,0,0,0
Beadle,1982,South Dakota,SD,6235,SD00200,SD0020000,46,005,46005,sheriffs office,"non-msa cnty under 10,000",west north central,non-suburban,0,0,0,0,0,0,0,0,0,0,0,0,0,0,0,0,0,0,0,0,0,0,0,0,0,0,0,0,0,0,0,0,0,0,0,0,0,0,0,0,0,0,0,0,0,0,0,0,0,0,0,0,0,0,0,0,0,0,0,0,0
Bennett,1982,South Dakota,SD,3043,SD00300,SD0030000,46,007,46007,sheriffs office,"non-msa cnty under 10,000",west north central,non-suburban,0,0,0,0,0,0,0,0,0,0,0,0,0,0,0,0,0,0,0,0,0,0,0,0,0,0,0,0,0,0,0,0,0,0,0,0,0,0,0,0,0,0,0,0,0,0,0,0,0,0,0,0,0,0,0,0,0,0,0,0,0
Bon Homme,1982,South Dakota,SD,8094,SD00400,SD0040000,46,009,46009,sheriffs office,"non-msa cnty under 10,000",west north central,non-suburban,2,1,1,2,0,1,1,0,1,0,0,0,0,0,1,1,0,0,0,0,0,0,0,0,0,0,0,0,0,0,0,0,0,0,0,0,0,0,0,0,0,0,0,0,0,0,0,0,0,0,0,0,0,1,0,0,0,1,0,0,0
Brookings,1982,South Dakota,SD,14975,SD00501,SD0050100,46,011,46011,local police department,"cities 10,000-24,999",west north central,non-suburban,1,1,0,1,0,1,0,0,0,0,0,0,0,0,0,0,0,0,0,0,0,0,1,0,0,0,0,0,0,0,0,0,0,0,0,0,0,0,0,0,0,0,0,0,0,0,0,0,0,0,0,0,0,1,0,0,0,0,0,0,0
Brown,1982,South Dakota,SD,11008,SD00600,SD0060000,46,013,46013,sheriffs office,"non-msa cnty 10,000-24,999",west north central,non-suburban,2,0,2,2,0,0,2,0,2,0,1,1,0,0,0,0,0,0,0,0,0,0,0,0,0,0,0,0,0,0,0,0,0,0,0,0,0,0,0,0,0,0,0,0,0,0,0,0,0,0,0,0,0,0,0,0,0,2,0,0,0
Aberdeen,1982,South Dakota,SD,26042,SD00601,SD0060100,46,013,46013,local police department,"cities 25,000-49,999",west north central,non-suburban,28,5,23,25,3,4,21,1,21,0,5,5,6,1,4,3,0,1,0,0,0,0,0,0,0,0,0,0,0,0,0,0,0,0,1,1,0,0,0,0,1,0,0,0,0,0,0,0,0,0,0,0,0,5,0,0,0,18,0,0,5
Brule,1982,South Dakota,SD,3e3,SD00700,SD0070000,46,015,46015,sheriffs office,"non-msa cnty under 10,000",west north central,non-suburban,2,2,0,2,0,2,0,0,0,0,0,0,0,0,0,0,0,0,0,0,0,0,1,1,0,0,0,0,0,0,0,0,0,0,0,0,0,0,0,0,0,0,0,0,0,0,0,0,0,0,0,0,0,2,0,0,0,0,0,0,0
Chamberlain,1982,South Dakota,SD,2190,SD00701,SD0070100,46,015,46015,local police department,"cities under 2,500",west north central,non-suburban,4,1,3,4,0,1,3,0,3,0,2,1,0,0,0,0,0,0,0,1,0,0,0,0,0,0,0,0,0,0,0,0,0,0,0,0,0,0,0,0,0,0,0,0,0,0,0,0,0,0,0,0,0,1,0,0,0,3,0,0,0
Belle Fourche,1982,South Dakota,SD,4709,SD00901,SD0090100,46,019,46019,local police department,"cities 2,500-9,999",west north central,non-suburban,1,1,0,1,0,1,0,0,0,0,0,0,0,0,0,0,0,1,0,0,0,0,0,0,0,0,0,0,0,0,0,0,0,0,0,0,0,0,0,0,0,0,0,0,0,0,0,0,0,0,0,0,0,1,0,0,0,0,0,0,0
Charles Mix,1982,South Dakota,SD,9732,SD01100,SD0110000,46,023,46023,sheriffs office,"non-msa cnty under 10,000",west north central,non-suburban,1,0,1,0,1,0,0,0,0,0,0,0,0,0,0,0,0,0,0,0,0,0,0,0,0,0,0,0,0,0,0,0,0,0,1,0,0,0,0,0,0,0,0,0,0,0,0,0,0,0,0,0,0,0,0,0,0,0,0,0,1
Clark,1982,South Dakota,SD,4909,SD01200,SD0120000,46,025,46025,sheriffs office,"non-msa cnty under 10,000",west north central,non-suburban,0,0,0,0,0,0,0,0,0,0,0,0,0,0,0,0,0,0,0,0,0,0,0,0,0,0,0,0,0,0,0,0,0,0,0,0,0,0,0,0,0,0,0,0,0,0,0,0,0,0,0,0,0,0,0,0,0,0,0,0,0
Vermillion,1982,South Dakota,SD,10181,SD01301,SD0130100,46,027,46027,local police department,"cities 10,000-24,999",west north central,non-suburban,0,0,0,0,0,0,0,0,0,0,0,0,0,0,0,0,0,0,0,0,0,0,0,0,0,0,0,0,0,0,0,0,0,0,0,0,0,0,0,0,0,0,0,0,0,0,0,0,0,0,0,0,0,0,0,0,0,0,0,0,0
Codington,1982,South Dakota,SD,5289,SD01400,SD0140000,46,029,46029,sheriffs office,"non-msa cnty under 10,000",west north central,non-suburban,1,1,0,0,1,0,0,1,0,0,0,0,0,0,0,0,0,0,0,0,0,0,0,0,0,0,0,0,0,0,0,0,0,0,0,0,0,0,1,0,0,0,0,0,0,0,0,0,0,0,0,0,0,1,0,0,0,0,0,0,0
Watertown,1982,South Dakota,SD,15695,SD01401,SD0140100,46,029,46029,local police department,"cities 10,000-24,999",west north central,non-suburban,8,5,3,5,3,4,1,1,1,0,0,0,1,0,0,0,0,2,0,1,0,1,0,0,0,0,0,0,0,0,0,0,0,0,1,0,1,0,1,0,0,0,0,0,0,0,0,0,0,0,0,0,0,4,0,0,1,3,0,0,0
Custer,1982,South Dakota,SD,5892,SD01600,SD0160000,46,033,46033,sheriffs office,"non-msa cnty under 10,000",west north central,non-suburban,3,3,0,3,0,3,0,0,0,0,0,0,0,0,0,0,0,0,0,0,0,0,3,0,0,0,0,0,0,0,0,0,0,0,0,0,0,0,0,0,0,0,0,0,0,0,0,0,0,0,0,0,0,1,0,0,0,0,0,0,0
Mitchell,1982,South Dakota,SD,13973,SD01701,SD0170100,46,035,46035,local police department,"cities 10,000-24,999",west north central,non-suburban,0,0,0,0,0,0,0,0,0,0,0,0,0,0,0,0,0,0,0,0,0,0,0,0,0,0,0,0,0,0,0,0,0,0,0,0,0,0,0,0,0,0,0,0,0,0,0,0,0,0,0,0,0,0,0,0,0,0,0,0,0
Day,1982,South Dakota,SD,8139,SD01800,SD0180000,46,037,46037,sheriffs office,"non-msa cnty under 10,000",west north central,non-suburban,0,0,0,0,0,0,0,0,0,0,0,0,0,0,0,0,0,0,0,0,0,0,0,0,0,0,0,0,0,0,0,0,0,0,0,0,0,0,0,0,0,0,0,0,0,0,0,0,0,0,0,0,0,0,0,0,0,0,0,0,0
Deuel,1982,South Dakota,SD,5292,SD01900,SD0190000,46,039,46039,sheriffs office,"non-msa cnty under 10,000",west north central,non-suburban,0,0,0,0,0,0,0,0,0,0,0,0,0,0,0,0,0,0,0,0,0,0,0,0,0,0,0,0,0,0,0,0,0,0,0,0,0,0,0,0,0,0,0,0,0,0,0,0,0,0,0,0,0,0,0,0,0,0,0,0,0
Edmunds,1982,South Dakota,SD,5195,SD02200,SD0220000,46,045,46045,sheriffs office,"non-msa cnty under 10,000",west north central,non-suburban,2,2,0,2,0,2,0,0,0,0,0,0,0,0,0,0,0,0,2,0,0,0,0,0,0,0,0,0,0,0,0,0,0,0,0,0,0,0,0,0,0,0,0,0,0,0,0,0,0,0,0,0,0,2,0,0,0,0,0,0,0
Fall River,1982,South Dakota,SD,13160,SD02300,SD0230000,46,047,46047,sheriffs office,"non-msa cnty 10,000-24,999",west north central,non-suburban,0,0,0,0,0,0,0,0,0,0,0,0,0,0,0,0,0,0,0,0,0,0,0,0,0,0,0,0,0,0,0,0,0,0,0,0,0,0,0,0,0,0,0,0,0,0,0,0,0,0,0,0,0,0,0,0,0,0,0,0,0
Hot Springs,1982,South Dakota,SD,4750,SD02302,SD0230200,46,047,46047,local police department,"cities 2,500-9,999",west north central,non-suburban,0,0,0,0,0,0,0,0,0,0,0,0,0,0,0,0,0,0,0,0,0,0,0,0,0,0,0,0,0,0,0,0,0,0,0,0,0,0,0,0,0,0,0,0,0,0,0,0,0,0,0,0,0,0,0,0,0,0,0,0,0
Grant,1982,South Dakota,SD,4910,SD02500,SD0250000,46,051,46051,sheriffs office,"non-msa cnty under 10,000",west north central,non-suburban,0,0,0,0,0,0,0,0,0,0,0,0,0,0,0,0,0,0,0,0,0,0,0,0,0,0,0,0,0,0,0,0,0,0,0,0,0,0,0,0,0,0,0,0,0,0,0,0,0,0,0,0,0,0,0,0,0,0,0,0,0
Haakon,1982,South Dakota,SD,2792,SD02700,SD0270000,46,055,46055,sheriffs office,"non-msa cnty under 10,000",west north central,non-suburban,0,0,0,0,0,0,0,0,0,0,0,0,0,0,0,0,0,0,0,0,0,0,0,0,0,0,0,0,0,0,0,0,0,0,0,0,0,0,0,0,0,0,0,0,0,0,0,0,0,0,0,0,0,0,0,0,0,0,0,0,0
Hamlin,1982,South Dakota,SD,5269,SD02800,SD0280000,46,057,46057,sheriffs office,"non-msa cnty under 10,000",west north central,non-suburban,0,0,0,0,0,0,0,0,0,0,0,0,0,0,0,0,0,0,0,0,0,0,0,0,0,0,0,0,0,0,0,0,0,0,0,0,0,0,0,0,0,0,0,0,0,0,0,0,0,0,0,0,0,0,0,0,0,0,0,0,0
Hand,1982,South Dakota,SD,4976,SD02900,SD0290000,46,059,46059,sheriffs office,"non-msa cnty under 10,000",west north central,non-suburban,0,0,0,0,0,0,0,0,0,0,0,0,0,0,0,0,0,0,0,0,0,0,0,0,0,0,0,0,0,0,0,0,0,0,0,0,0,0,0,0,0,0,0,0,0,0,0,0,0,0,0,0,0,0,0,0,0,0,0,0,0
Hughes,1982,South Dakota,SD,2254,SD03200,SD0320000,46,065,46065,sheriffs office,"non-msa cnty under 10,000",west north central,non-suburban,1,1,0,1,0,1,0,0,0,0,0,0,0,0,0,0,1,0,0,0,0,0,0,0,0,0,0,0,0,0,0,0,0,0,0,0,0,0,0,0,0,0,0,0,0,0,0,0,0,0,0,0,0,1,0,0,0,0,0,0,0
Pierre,1982,South Dakota,SD,12014,SD03201,SD0320100,46,065,46065,local police department,"cities 10,000-24,999",west north central,non-suburban,9,9,0,8,1,8,0,1,0,0,0,0,0,0,0,2,1,1,0,1,1,0,0,1,0,1,0,0,0,0,0,0,0,0,0,0,0,0,0,0,0,0,0,0,0,1,0,0,0,0,0,0,0,5,1,0,3,0,0,0,0
Hutchinson,1982,South Dakota,SD,9395,SD03300,SD0330000,46,067,46067,sheriffs office,"non-msa cnty under 10,000",west north central,non-suburban,0,0,0,0,0,0,0,0,0,0,0,0,0,0,0,0,0,0,0,0,0,0,0,0,0,0,0,0,0,0,0,0,0,0,0,0,0,0,0,0,0,0,0,0,0,0,0,0,0,0,0,0,0,0,0,0,0,0,0,0,0
Jerauld,1982,South Dakota,SD,2933,SD03600,SD0360000,46,073,46073,sheriffs office,"non-msa cnty under 10,000",west north central,non-suburban,0,0,0,0,0,0,0,0,0,0,0,0,0,0,0,0,0,0,0,0,0,0,0,0,0,0,0,0,0,0,0,0,0,0,0,0,0,0,0,0,0,0,0,0,0,0,0,0,0,0,0,0,0,0,0,0,0,0,0,0,0
Jones,1982,South Dakota,SD,1460,SD03700,SD0370000,46,075,46075,sheriffs office,"non-msa cnty under 10,000",west north central,non-suburban,1,1,0,1,0,1,0,0,0,0,0,0,0,0,0,0,0,0,0,1,0,0,0,0,0,0,0,0,0,0,0,0,0,0,0,0,0,0,0,0,0,0,0,0,0,0,0,0,0,0,0,0,0,0,0,0,1,0,0,0,0
Kingsbury,1982,South Dakota,SD,6711,SD03800,SD0380000,46,077,46077,sheriffs office,"non-msa cnty under 10,000",west north central,non-suburban,1,1,0,1,0,1,0,0,0,0,0,0,0,0,0,0,0,0,0,1,0,0,0,0,0,0,0,0,0,0,0,0,0,0,0,0,0,0,0,0,0,0,0,0,0,0,0,0,0,0,0,0,0,1,0,0,0,0,0,0,0
Lake,1982,South Dakota,SD,4572,SD03900,SD0390000,46,079,46079,sheriffs office,"non-msa cnty under 10,000",west north central,non-suburban,3,1,2,3,0,1,2,0,2,0,0,0,0,1,1,0,0,0,0,0,0,0,0,1,0,0,0,0,0,0,0,0,0,0,0,0,0,0,0,0,0,0,0,0,0,0,0,0,0,0,0,0,0,1,0,0,0,2,0,0,0
Madison,1982,South Dakota,SD,6238,SD03901,SD0390100,46,079,46079,local police department,"cities 2,500-9,999",west north central,non-suburban,2,0,2,2,0,0,2,0,2,0,0,0,0,1,1,0,0,0,0,0,0,0,0,0,0,0,0,0,0,0,0,0,0,0,0,0,0,0,0,0,0,0,0,0,0,0,0,0,0,0,0,0,0,0,0,0,0,2,0,0,0
Lawrence,1982,South Dakota,SD,6793,SD04000,SD0400000,46,081,46081,sheriffs office,"non-msa cnty under 10,000",west north central,non-suburban,3,3,0,3,0,3,0,0,0,0,0,0,0,0,0,0,0,0,1,0,1,0,0,1,0,0,0,0,0,0,0,0,0,0,0,0,0,0,0,0,0,0,0,0,0,0,0,0,0,0,0,0,0,3,0,0,0,0,0,0,0
Deadwood,1982,South Dakota,SD,2042,SD04001,SD0400100,46,081,46081,local police department,"cities under 2,500",west north central,non-suburban,0,0,0,0,0,0,0,0,0,0,0,0,0,0,0,0,0,0,0,0,0,0,0,0,0,0,0,0,0,0,0,0,0,0,0,0,0,0,0,0,0,0,0,0,0,0,0,0,0,0,0,0,0,0,0,0,0,0,0,0,0
Lead,1982,South Dakota,SD,4352,SD04002,SD0400200,46,081,46081,local police department,"cities 2,500-9,999",west north central,non-suburban,0,0,0,0,0,0,0,0,0,0,0,0,0,0,0,0,0,0,0,0,0,0,0,0,0,0,0,0,0,0,0,0,0,0,0,0,0,0,0,0,0,0,0,0,0,0,0,0,0,0,0,0,0,0,0,0,0,0,0,0,0
Spearfish,1982,South Dakota,SD,5273,SD04003,SD0400300,46,081,46081,local police department,"cities 2,500-9,999",west north central,non-suburban,1,1,0,1,0,1,0,0,0,0,0,0,0,0,0,0,0,0,0,1,0,0,0,0,0,0,0,0,0,0,0,0,0,0,0,0,0,0,0,0,0,0,0,0,0,0,0,0,0,0,0,0,0,1,0,0,0,0,0,0,0
Lincoln,1982,South Dakota,SD,11267,SD04100,SD0410000,46,083,46083,sheriffs office,"non-msa cnty 10,000-24,999",west north central,non-suburban,4,2,2,4,0,2,2,0,2,0,0,0,0,0,2,0,0,0,0,0,0,0,2,0,0,0,0,0,0,0,0,0,0,0,0,0,0,0,0,0,0,0,0,0,0,0,0,0,0,0,0,0,0,0,2,0,0,2,0,0,0
Lyman,1982,South Dakota,SD,3869,SD04200,SD0420000,46,085,46085,sheriffs office,"non-msa cnty under 10,000",west north central,non-suburban,0,0,0,0,0,0,0,0,0,0,0,0,0,0,0,0,0,0,0,0,0,0,0,0,0,0,0,0,0,0,0,0,0,0,0,0,0,0,0,0,0,0,0,0,0,0,0,0,0,0,0,0,0,0,0,0,0,0,0,0,0
Sturgis,1982,South Dakota,SD,5203,SD04601,SD0460100,46,093,46093,local police department,"cities 2,500-9,999",west north central,non-suburban,2,0,2,0,2,0,0,0,0,0,0,0,0,0,0,0,0,0,0,0,0,0,0,0,0,0,0,0,0,0,0,0,0,0,0,2,0,0,0,0,0,0,0,0,0,0,0,0,0,0,0,0,0,0,0,0,0,2,0,0,0
Miner,1982,South Dakota,SD,3756,SD04800,SD0480000,46,097,46097,sheriffs office,"non-msa cnty under 10,000",west north central,non-suburban,1,0,1,1,0,0,1,0,1,0,0,0,0,1,0,0,0,0,0,0,0,0,0,0,0,0,0,0,0,0,0,0,0,0,0,0,0,0,0,0,0,0,0,0,0,0,0,0,0,0,0,0,0,0,0,0,0,1,0,0,0
Minnehaha,1982,South Dakota,SD,29075,SD04900,SD0490000,46,099,46099,sheriffs office,"msa cnty 25,000-99,999",west north central,suburban,8,6,2,7,1,5,2,1,2,0,0,1,0,1,0,2,1,1,0,0,0,0,1,0,0,0,0,0,0,0,0,0,0,0,0,0,0,1,0,0,0,0,0,0,0,0,0,0,0,0,0,0,0,6,0,0,0,2,0,0,0
Sioux Falls,1982,South Dakota,SD,81399,SD04902,SD0490200,46,099,46099,local police department,"cities 50,000-99,999",west north central,non-suburban,27,4,23,24,3,3,21,1,21,0,0,6,9,1,5,0,0,1,0,0,0,0,1,1,0,0,0,0,0,0,0,1,0,0,0,0,1,0,0,0,0,0,0,0,0,0,0,1,0,0,0,0,0,4,0,0,0,19,0,0,4
Pennington,1982,South Dakota,SD,24010,SD05100,SD0510000,46,103,46103,sheriffs office,"non-msa cnty 10,000-24,999",west north central,non-suburban,10,7,3,9,1,6,3,1,3,0,0,0,1,2,0,1,2,1,1,0,0,0,0,1,0,0,0,0,0,0,0,0,0,0,0,0,0,0,0,0,0,0,0,0,1,0,0,0,0,0,0,0,0,4,1,0,2,3,0,0,0
Rapid City,1982,South Dakota,SD,46527,SD05101,SD0510100,46,103,46103,local police department,"cities 25,000-49,999",west north central,non-suburban,18,13,5,17,1,12,5,1,5,0,0,0,1,3,1,1,0,0,1,1,1,0,1,2,0,0,3,2,0,0,0,0,0,0,0,0,0,1,0,0,0,0,0,0,0,0,0,0,0,0,0,0,0,7,0,0,6,2,0,0,3
Spink,1982,South Dakota,SD,6226,SD05700,SD0570000,46,115,46115,sheriffs office,"non-msa cnty under 10,000",west north central,non-suburban,0,0,0,0,0,0,0,0,0,0,0,0,0,0,0,0,0,0,0,0,0,0,0,0,0,0,0,0,0,0,0,0,0,0,0,0,0,0,0,0,0,0,0,0,0,0,0,0,0,0,0,0,0,0,0,0,0,0,0,0,0
Redfield,1982,South Dakota,SD,3018,SD05701,SD0570100,46,115,46115,local police department,"cities 2,500-9,999",west north central,non-suburban,1,0,1,1,0,0,1,0,1,0,0,0,0,1,0,0,0,0,0,0,0,0,0,0,0,0,0,0,0,0,0,0,0,0,0,0,0,0,0,0,0,0,0,0,0,0,0,0,0,0,0,0,0,0,0,0,0,1,0,0,0
Fort Pierre,1982,South Dakota,SD,1795,SD05801,SD0580100,46,117,46117,local police department,"cities under 2,500",west north central,non-suburban,1,0,1,1,0,0,1,0,1,0,0,1,0,0,0,0,0,0,0,0,0,0,0,0,0,0,0,0,0,0,0,0,0,0,0,0,0,0,0,0,0,0,0,0,0,0,0,0,0,0,0,0,0,0,0,0,0,1,0,0,0
Sully,1982,South Dakota,SD,1999,SD05900,SD0590000,46,119,46119,sheriffs office,"non-msa cnty under 10,000",west north central,non-suburban,0,0,0,0,0,0,0,0,0,0,0,0,0,0,0,0,0,0,0,0,0,0,0,0,0,0,0,0,0,0,0,0,0,0,0,0,0,0,0,0,0,0,0,0,0,0,0,0,0,0,0,0,0,0,0,0,0,0,0,0,0
Tripp,1982,South Dakota,SD,14550,SD06100,SD0610000,46,123,46123,sheriffs office,"non-msa cnty 10,000-24,999",west north central,non-suburban,2,0,2,2,0,0,2,0,2,0,0,0,1,1,0,0,0,0,0,0,0,0,0,0,0,0,0,0,0,0,0,0,0,0,0,0,0,0,0,0,0,0,0,0,0,0,0,0,0,0,0,0,0,0,0,0,0,0,0,0,2
Mobridge,1982,South Dakota,SD,4174,SD06401,SD0640100,46,129,46129,local police department,"cities 2,500-9,999",west north central,non-suburban,1,0,1,1,0,0,1,0,1,0,0,0,1,0,0,0,0,0,0,0,0,0,0,0,0,0,0,0,0,0,0,0,0,0,0,0,0,0,0,0,0,0,0,0,0,0,0,0,0,0,0,0,0,0,0,0,0,0,0,0,1
Yankton,1982,South Dakota,SD,6970,SD06600,SD0660000,46,135,46135,sheriffs office,"non-msa cnty under 10,000",west north central,non-suburban,4,2,2,4,0,2,2,0,2,0,0,1,0,1,0,1,1,0,0,0,0,0,0,0,0,0,0,0,0,0,0,0,0,0,0,0,0,0,0,0,0,0,0,0,0,0,0,0,0,0,0,0,0,2,0,0,0,2,0,0,0
Yankton,1982,South Dakota,SD,12040,SD06601,SD0660100,46,135,46135,local police department,"cities 10,000-24,999",west north central,non-suburban,5,1,4,5,0,1,4,0,4,0,0,1,1,2,0,0,0,0,0,0,0,0,1,0,0,0,0,0,0,0,0,0,0,0,0,0,0,0,0,0,0,0,0,0,0,0,0,0,0,0,0,0,0,0,0,0,1,2,0,0,2
Aurora,1983,South Dakota,SD,3676,SD00100,SD0010000,46,003,46003,sheriffs office,"non-msa cnty under 10,000",west north central,non-suburban,1,1,0,1,0,1,0,0,0,0,0,0,0,0,0,0,0,0,0,0,0,0,1,0,0,0,0,0,0,0,0,0,0,0,0,0,0,0,0,0,0,0,0,0,0,0,0,0,0,0,0,0,0,1,0,0,0,0,0,0,0
Bon Homme,1983,South Dakota,SD,8199,SD00400,SD0040000,46,009,46009,sheriffs office,"non-msa cnty under 10,000",west north central,non-suburban,0,0,0,0,0,0,0,0,0,0,0,0,0,0,0,0,0,0,0,0,0,0,0,0,0,0,0,0,0,0,0,0,0,0,0,0,0,0,0,0,0,0,0,0,0,0,0,0,0,0,0,0,0,0,0,0,0,0,0,0,0
Brookings,1983,South Dakota,SD,15170,SD00501,SD0050100,46,011,46011,local police department,"cities 10,000-24,999",west north central,non-suburban,0,0,0,0,0,0,0,0,0,0,0,0,0,0,0,0,0,0,0,0,0,0,0,0,0,0,0,0,0,0,0,0,0,0,0,0,0,0,0,0,0,0,0,0,0,0,0,0,0,0,0,0,0,0,0,0,0,0,0,0,0
Brown,1983,South Dakota,SD,11151,SD00600,SD0060000,46,013,46013,sheriffs office,"non-msa cnty 10,000-24,999",west north central,non-suburban,0,0,0,0,0,0,0,0,0,0,0,0,0,0,0,0,0,0,0,0,0,0,0,0,0,0,0,0,0,0,0,0,0,0,0,0,0,0,0,0,0,0,0,0,0,0,0,0,0,0,0,0,0,0,0,0,0,0,0,0,0
Aberdeen,1983,South Dakota,SD,26381,SD00601,SD0060100,46,013,46013,local police department,"cities 25,000-49,999",west north central,non-suburban,9,7,2,8,1,6,2,1,2,0,0,0,1,0,1,0,0,1,2,1,0,1,0,0,0,0,1,0,0,0,0,0,0,0,0,0,0,1,0,0,0,0,0,0,0,0,0,0,0,0,0,0,0,6,0,1,0,2,0,0,0
Brule,1983,South Dakota,SD,3039,SD00700,SD0070000,46,015,46015,sheriffs office,"non-msa cnty under 10,000",west north central,non-suburban,0,0,0,0,0,0,0,0,0,0,0,0,0,0,0,0,0,0,0,0,0,0,0,0,0,0,0,0,0,0,0,0,0,0,0,0,0,0,0,0,0,0,0,0,0,0,0,0,0,0,0,0,0,0,0,0,0,0,0,0,0
Chamberlain,1983,South Dakota,SD,2218,SD00701,SD0070100,46,015,46015,local police department,"cities under 2,500",west north central,non-suburban,0,0,0,0,0,0,0,0,0,0,0,0,0,0,0,0,0,0,0,0,0,0,0,0,0,0,0,0,0,0,0,0,0,0,0,0,0,0,0,0,0,0,0,0,0,0,0,0,0,0,0,0,0,0,0,0,0,0,0,0,0
Belle Fourche,1983,South Dakota,SD,4770,SD00901,SD0090100,46,019,46019,local police department,"cities 2,500-9,999",west north central,non-suburban,1,1,0,1,0,1,0,0,0,0,0,0,0,0,0,0,0,0,0,0,0,1,0,0,0,0,0,0,0,0,0,0,0,0,0,0,0,0,0,0,0,0,0,0,0,0,0,0,0,0,0,0,0,1,0,0,0,0,0,0,0
Clark,1983,South Dakota,SD,4972,SD01200,SD0120000,46,025,46025,sheriffs office,"non-msa cnty under 10,000",west north central,non-suburban,0,0,0,0,0,0,0,0,0,0,0,0,0,0,0,0,0,0,0,0,0,0,0,0,0,0,0,0,0,0,0,0,0,0,0,0,0,0,0,0,0,0,0,0,0,0,0,0,0,0,0,0,0,0,0,0,0,0,0,0,0
Vermillion,1983,South Dakota,SD,10313,SD01301,SD0130100,46,027,46027,local police department,"cities 10,000-24,999",west north central,non-suburban,2,0,2,2,0,0,2,0,2,0,0,0,1,1,0,0,0,0,0,0,0,0,0,0,0,0,0,0,0,0,0,0,0,0,0,0,0,0,0,0,0,0,0,0,0,0,0,0,0,0,0,0,0,0,0,0,0,0,0,0,2
Watertown,1983,South Dakota,SD,15899,SD01401,SD0140100,46,029,46029,local police department,"cities 10,000-24,999",west north central,non-suburban,1,1,0,0,1,0,0,1,0,0,0,0,0,0,0,0,0,0,0,0,0,0,0,0,0,0,0,0,0,0,0,0,0,0,0,0,0,1,0,0,0,0,0,0,0,0,0,0,0,0,0,0,0,1,0,0,0,0,0,0,0
Custer,1983,South Dakota,SD,5968,SD01600,SD0160000,46,033,46033,sheriffs office,"non-msa cnty under 10,000",west north central,non-suburban,1,0,1,1,0,0,1,0,1,0,0,0,0,1,0,0,0,0,0,0,0,0,0,0,0,0,0,0,0,0,0,0,0,0,0,0,0,0,0,0,0,0,0,0,0,0,0,0,0,0,0,0,0,0,0,0,0,1,0,0,0
Mitchell,1983,South Dakota,SD,14154,SD01701,SD0170100,46,035,46035,local police department,"cities 10,000-24,999",west north central,non-suburban,1,1,0,1,0,1,0,0,0,0,0,0,0,0,0,0,0,0,0,0,0,0,1,0,0,0,0,0,0,0,0,0,0,0,0,0,0,0,0,0,0,0,0,0,0,0,0,0,0,0,0,0,0,0,0,0,1,0,0,0,0
Day,1983,South Dakota,SD,8245,SD01800,SD0180000,46,037,46037,sheriffs office,"non-msa cnty under 10,000",west north central,non-suburban,2,2,0,2,0,2,0,0,0,0,0,0,0,0,0,0,0,0,0,1,1,0,0,0,0,0,0,0,0,0,0,0,0,0,0,0,0,0,0,0,0,0,0,0,0,0,0,0,0,0,0,0,0,2,0,0,0,0,0,0,0
Deuel,1983,South Dakota,SD,5360,SD01900,SD0190000,46,039,46039,sheriffs office,"non-msa cnty under 10,000",west north central,non-suburban,2,2,0,1,1,1,0,1,0,0,0,0,0,0,0,1,0,0,0,0,0,0,0,0,0,0,0,0,0,0,0,0,0,0,0,0,0,0,0,0,0,0,0,0,0,1,0,0,0,0,0,0,0,2,0,0,0,0,0,0,0
Edmunds,1983,South Dakota,SD,5262,SD02200,SD0220000,46,045,46045,sheriffs office,"non-msa cnty under 10,000",west north central,non-suburban,0,0,0,0,0,0,0,0,0,0,0,0,0,0,0,0,0,0,0,0,0,0,0,0,0,0,0,0,0,0,0,0,0,0,0,0,0,0,0,0,0,0,0,0,0,0,0,0,0,0,0,0,0,0,0,0,0,0,0,0,0
Fall River,1983,South Dakota,SD,13331,SD02300,SD0230000,46,047,46047,sheriffs office,"non-msa cnty 10,000-24,999",west north central,non-suburban,0,0,0,0,0,0,0,0,0,0,0,0,0,0,0,0,0,0,0,0,0,0,0,0,0,0,0,0,0,0,0,0,0,0,0,0,0,0,0,0,0,0,0,0,0,0,0,0,0,0,0,0,0,0,0,0,0,0,0,0,0
Hot Springs,1983,South Dakota,SD,4811,SD02302,SD0230200,46,047,46047,local police department,"cities 2,500-9,999",west north central,non-suburban,4,4,0,4,0,4,0,0,0,0,0,0,0,0,0,0,1,0,1,0,0,1,1,0,0,0,0,0,0,0,0,0,0,0,0,0,0,0,0,0,0,0,0,0,0,0,0,0,0,0,0,0,0,0,0,0,4,0,0,0,0
Grant,1983,South Dakota,SD,4973,SD02500,SD0250000,46,051,46051,sheriffs office,"non-msa cnty under 10,000",west north central,non-suburban,1,1,0,1,0,1,0,0,0,0,0,0,0,0,0,0,0,0,0,0,0,0,0,0,0,1,0,0,0,0,0,0,0,0,0,0,0,0,0,0,0,0,0,0,0,0,0,0,0,0,0,0,0,1,0,0,0,0,0,0,0
Haakon,1983,South Dakota,SD,2828,SD02700,SD0270000,46,055,46055,sheriffs office,"non-msa cnty under 10,000",west north central,non-suburban,0,0,0,0,0,0,0,0,0,0,0,0,0,0,0,0,0,0,0,0,0,0,0,0,0,0,0,0,0,0,0,0,0,0,0,0,0,0,0,0,0,0,0,0,0,0,0,0,0,0,0,0,0,0,0,0,0,0,0,0,0
Hughes,1983,South Dakota,SD,2283,SD03200,SD0320000,46,065,46065,sheriffs office,"non-msa cnty under 10,000",west north central,non-suburban,1,1,0,1,0,1,0,0,0,0,0,0,0,0,0,0,1,0,0,0,0,0,0,0,0,0,0,0,0,0,0,0,0,0,0,0,0,0,0,0,0,0,0,0,0,0,0,0,0,0,0,0,0,1,0,0,0,0,0,0,0
Pierre,1983,South Dakota,SD,12170,SD03201,SD0320100,46,065,46065,local police department,"cities 10,000-24,999",west north central,non-suburban,6,2,4,4,2,2,2,0,2,0,0,1,1,0,0,0,0,0,0,1,0,0,0,1,0,0,0,0,0,0,0,0,0,1,1,0,0,0,0,0,0,0,0,0,0,0,0,0,0,0,0,0,0,1,0,0,1,1,0,0,3
Jones,1983,South Dakota,SD,1479,SD03700,SD0370000,46,075,46075,sheriffs office,"non-msa cnty under 10,000",west north central,non-suburban,2,1,1,2,0,1,1,0,1,0,0,0,0,0,1,0,0,0,0,0,0,1,0,0,0,0,0,0,0,0,0,0,0,0,0,0,0,0,0,0,0,0,0,0,0,0,0,0,0,0,0,0,0,1,0,0,0,1,0,0,0
Kingsbury,1983,South Dakota,SD,6798,SD03800,SD0380000,46,077,46077,sheriffs office,"non-msa cnty under 10,000",west north central,non-suburban,0,0,0,0,0,0,0,0,0,0,0,0,0,0,0,0,0,0,0,0,0,0,0,0,0,0,0,0,0,0,0,0,0,0,0,0,0,0,0,0,0,0,0,0,0,0,0,0,0,0,0,0,0,0,0,0,0,0,0,0,0
Lake,1983,South Dakota,SD,4631,SD03900,SD0390000,46,079,46079,sheriffs office,"non-msa cnty under 10,000",west north central,non-suburban,0,0,0,0,0,0,0,0,0,0,0,0,0,0,0,0,0,0,0,0,0,0,0,0,0,0,0,0,0,0,0,0,0,0,0,0,0,0,0,0,0,0,0,0,0,0,0,0,0,0,0,0,0,0,0,0,0,0,0,0,0
Madison,1983,South Dakota,SD,6319,SD03901,SD0390100,46,079,46079,local police department,"cities 2,500-9,999",west north central,non-suburban,0,0,0,0,0,0,0,0,0,0,0,0,0,0,0,0,0,0,0,0,0,0,0,0,0,0,0,0,0,0,0,0,0,0,0,0,0,0,0,0,0,0,0,0,0,0,0,0,0,0,0,0,0,0,0,0,0,0,0,0,0
Lawrence,1983,South Dakota,SD,6881,SD04000,SD0400000,46,081,46081,sheriffs office,"non-msa cnty under 10,000",west north central,non-suburban,7,5,2,4,3,2,2,3,2,0,0,1,1,0,0,0,0,0,0,0,0,0,1,1,0,0,0,0,0,0,0,0,0,0,0,0,0,0,0,0,1,0,0,0,2,0,0,0,0,0,0,0,0,3,0,0,2,2,0,0,0
Deadwood,1983,South Dakota,SD,2068,SD04001,SD0400100,46,081,46081,local police department,"cities under 2,500",west north central,non-suburban,0,0,0,0,0,0,0,0,0,0,0,0,0,0,0,0,0,0,0,0,0,0,0,0,0,0,0,0,0,0,0,0,0,0,0,0,0,0,0,0,0,0,0,0,0,0,0,0,0,0,0,0,0,0,0,0,0,0,0,0,0
Lead,1983,South Dakota,SD,4408,SD04002,SD0400200,46,081,46081,local police department,"cities 2,500-9,999",west north central,non-suburban,0,0,0,0,0,0,0,0,0,0,0,0,0,0,0,0,0,0,0,0,0,0,0,0,0,0,0,0,0,0,0,0,0,0,0,0,0,0,0,0,0,0,0,0,0,0,0,0,0,0,0,0,0,0,0,0,0,0,0,0,0
Spearfish,1983,South Dakota,SD,5341,SD04003,SD0400300,46,081,46081,local police department,"cities 2,500-9,999",west north central,non-suburban,0,0,0,0,0,0,0,0,0,0,0,0,0,0,0,0,0,0,0,0,0,0,0,0,0,0,0,0,0,0,0,0,0,0,0,0,0,0,0,0,0,0,0,0,0,0,0,0,0,0,0,0,0,0,0,0,0,0,0,0,0
Lincoln,1983,South Dakota,SD,11413,SD04100,SD0410000,46,083,46083,sheriffs office,"non-msa cnty 10,000-24,999",west north central,non-suburban,0,0,0,0,0,0,0,0,0,0,0,0,0,0,0,0,0,0,0,0,0,0,0,0,0,0,0,0,0,0,0,0,0,0,0,0,0,0,0,0,0,0,0,0,0,0,0,0,0,0,0,0,0,0,0,0,0,0,0,0,0
Lyman,1983,South Dakota,SD,3919,SD04200,SD0420000,46,085,46085,sheriffs office,"non-msa cnty under 10,000",west north central,non-suburban,0,0,0,0,0,0,0,0,0,0,0,0,0,0,0,0,0,0,0,0,0,0,0,0,0,0,0,0,0,0,0,0,0,0,0,0,0,0,0,0,0,0,0,0,0,0,0,0,0,0,0,0,0,0,0,0,0,0,0,0,0
Marshall,1983,South Dakota,SD,5502,SD04500,SD0450000,46,091,46091,sheriffs office,"non-msa cnty under 10,000",west north central,non-suburban,2,2,0,2,0,2,0,0,0,0,0,0,0,0,0,0,0,0,0,0,0,1,1,0,0,0,0,0,0,0,0,0,0,0,0,0,0,0,0,0,0,0,0,0,0,0,0,0,0,0,0,0,0,2,0,0,0,0,0,0,0
Sturgis,1983,South Dakota,SD,5270,SD04601,SD0460100,46,093,46093,local police department,"cities 2,500-9,999",west north central,non-suburban,0,0,0,0,0,0,0,0,0,0,0,0,0,0,0,0,0,0,0,0,0,0,0,0,0,0,0,0,0,0,0,0,0,0,0,0,0,0,0,0,0,0,0,0,0,0,0,0,0,0,0,0,0,0,0,0,0,0,0,0,0
Miner,1983,South Dakota,SD,3804,SD04800,SD0480000,46,097,46097,sheriffs office,"non-msa cnty under 10,000",west north central,non-suburban,0,0,0,0,0,0,0,0,0,0,0,0,0,0,0,0,0,0,0,0,0,0,0,0,0,0,0,0,0,0,0,0,0,0,0,0,0,0,0,0,0,0,0,0,0,0,0,0,0,0,0,0,0,0,0,0,0,0,0,0,0
Minnehaha,1983,South Dakota,SD,29453,SD04900,SD0490000,46,099,46099,sheriffs office,"msa cnty 25,000-99,999",west north central,suburban,11,7,4,10,1,7,3,0,3,0,0,1,1,1,0,1,1,0,0,0,1,1,1,1,0,1,0,0,0,0,0,0,0,1,0,0,0,0,0,0,0,0,0,0,0,0,0,0,0,0,0,0,0,7,0,0,0,4,0,0,0
Sioux Falls,1983,South Dakota,SD,82503,SD04902,SD0490200,46,099,46099,local police department,"cities 50,000-99,999",west north central,non-suburban,31,7,24,24,7,7,17,0,17,0,2,6,3,4,2,3,0,0,0,0,0,1,2,0,0,0,0,0,1,0,0,0,2,4,0,1,0,0,0,0,0,0,0,0,0,0,0,0,0,0,0,0,0,5,0,0,2,23,0,0,1
Moody,1983,South Dakota,SD,6796,SD05000,SD0500000,46,101,46101,sheriffs office,"non-msa cnty under 10,000",west north central,non-suburban,0,0,0,0,0,0,0,0,0,0,0,0,0,0,0,0,0,0,0,0,0,0,0,0,0,0,0,0,0,0,0,0,0,0,0,0,0,0,0,0,0,0,0,0,0,0,0,0,0,0,0,0,0,0,0,0,0,0,0,0,0
Pennington,1983,South Dakota,SD,24322,SD05100,SD0510000,46,103,46103,sheriffs office,"non-msa cnty 10,000-24,999",west north central,non-suburban,3,3,0,3,0,3,0,0,0,0,0,0,0,0,0,0,0,0,1,1,0,0,0,0,0,0,1,0,0,0,0,0,0,0,0,0,0,0,0,0,0,0,0,0,0,0,0,0,0,0,0,0,0,1,0,1,1,0,0,0,0
Rapid City,1983,South Dakota,SD,47132,SD05101,SD0510100,46,103,46103,local police department,"cities 25,000-49,999",west north central,non-suburban,16,9,7,16,0,9,7,0,7,0,0,1,3,1,2,2,0,1,1,0,1,0,1,1,0,1,0,1,0,0,0,0,0,0,0,0,0,0,0,0,0,0,0,0,0,0,0,0,0,0,0,0,0,5,0,0,4,7,0,0,0
Potter,1983,South Dakota,SD,3749,SD05300,SD0530000,46,107,46107,sheriffs office,"non-msa cnty under 10,000",west north central,non-suburban,1,1,0,1,0,1,0,0,0,0,0,0,0,0,0,0,0,0,0,0,0,0,0,0,0,0,0,0,0,1,0,0,0,0,0,0,0,0,0,0,0,0,0,0,0,0,0,0,0,0,0,0,0,1,0,0,0,0,0,0,0
Spink,1983,South Dakota,SD,6307,SD05700,SD0570000,46,115,46115,sheriffs office,"non-msa cnty under 10,000",west north central,non-suburban,2,0,2,2,0,0,2,0,2,0,0,0,2,0,0,0,0,0,0,0,0,0,0,0,0,0,0,0,0,0,0,0,0,0,0,0,0,0,0,0,0,0,0,0,0,0,0,0,0,0,0,0,0,0,0,0,0,2,0,0,0
Redfield,1983,South Dakota,SD,3057,SD05701,SD0570100,46,115,46115,local police department,"cities 2,500-9,999",west north central,non-suburban,0,0,0,0,0,0,0,0,0,0,0,0,0,0,0,0,0,0,0,0,0,0,0,0,0,0,0,0,0,0,0,0,0,0,0,0,0,0,0,0,0,0,0,0,0,0,0,0,0,0,0,0,0,0,0,0,0,0,0,0,0
Fort Pierre,1983,South Dakota,SD,1818,SD05801,SD0580100,46,117,46117,local police department,"cities under 2,500",west north central,non-suburban,0,0,0,0,0,0,0,0,0,0,0,0,0,0,0,0,0,0,0,0,0,0,0,0,0,0,0,0,0,0,0,0,0,0,0,0,0,0,0,0,0,0,0,0,0,0,0,0,0,0,0,0,0,0,0,0,0,0,0,0,0
Sully,1983,South Dakota,SD,2025,SD05900,SD0590000,46,119,46119,sheriffs office,"non-msa cnty under 10,000",west north central,non-suburban,1,1,0,1,0,1,0,0,0,0,0,0,0,0,0,0,0,0,0,0,0,0,0,0,0,0,0,0,0,0,1,0,0,0,0,0,0,0,0,0,0,0,0,0,0,0,0,0,0,0,0,0,0,0,0,0,0,0,0,0,0
Tripp,1983,South Dakota,SD,14739,SD06100,SD0610000,46,123,46123,sheriffs office,"non-msa cnty 10,000-24,999",west north central,non-suburban,3,1,2,3,0,1,2,0,2,0,0,1,0,0,1,0,0,0,0,0,0,0,0,0,1,0,0,0,0,0,0,0,0,0,0,0,0,0,0,0,0,0,0,0,0,0,0,0,0,0,0,0,0,1,0,0,0,0,0,0,2
Union,1983,South Dakota,SD,10928,SD06300,SD0630000,46,127,46127,sheriffs office,"non-msa cnty 10,000-24,999",west north central,non-suburban,0,0,0,0,0,0,0,0,0,0,0,0,0,0,0,0,0,0,0,0,0,0,0,0,0,0,0,0,0,0,0,0,0,0,0,0,0,0,0,0,0,0,0,0,0,0,0,0,0,0,0,0,0,0,0,0,0,0,0,0,0
Mobridge,1983,South Dakota,SD,4228,SD06401,SD0640100,46,129,46129,local police department,"cities 2,500-9,999",west north central,non-suburban,1,1,0,1,0,1,0,0,0,0,0,0,0,0,0,0,0,0,0,0,0,0,0,0,1,0,0,0,0,0,0,0,0,0,0,0,0,0,0,0,0,0,0,0,0,0,0,0,0,0,0,0,0,1,0,0,0,0,0,0,0
Yankton,1983,South Dakota,SD,7060,SD06600,SD0660000,46,135,46135,sheriffs office,"non-msa cnty under 10,000",west north central,non-suburban,1,1,0,1,0,1,0,0,0,0,0,0,0,0,0,0,0,0,0,0,0,0,1,0,0,0,0,0,0,0,0,0,0,0,0,0,0,0,0,0,0,0,0,0,0,0,0,0,0,0,0,0,0,1,0,0,0,0,0,0,0
Yankton,1983,South Dakota,SD,12196,SD06601,SD0660100,46,135,46135,local police department,"cities 10,000-24,999",west north central,non-suburban,1,0,1,1,0,0,1,0,1,0,0,0,0,0,1,0,0,0,0,0,0,0,0,0,0,0,0,0,0,0,0,0,0,0,0,0,0,0,0,0,0,0,0,0,0,0,0,0,0,0,0,0,0,0,0,0,0,1,0,0,0
Aurora,1984,South Dakota,SD,3630,SD00100,SD0010000,46,003,46003,sheriffs office,"non-msa cnty under 10,000",west north central,non-suburban,1,0,1,1,0,0,1,0,1,0,0,0,0,1,0,0,0,0,0,0,0,0,0,0,0,0,0,0,0,0,0,0,0,0,0,0,0,0,0,0,0,0,0,0,0,0,0,0,0,0,0,0,0,0,0,0,0,1,0,0,0
Bon Homme,1984,South Dakota,SD,7841,SD00400,SD0040000,46,009,46009,sheriffs office,"non-msa cnty under 10,000",west north central,non-suburban,0,0,0,0,0,0,0,0,0,0,0,0,0,0,0,0,0,0,0,0,0,0,0,0,0,0,0,0,0,0,0,0,0,0,0,0,0,0,0,0,0,0,0,0,0,0,0,0,0,0,0,0,0,0,0,0,0,0,0,0,0
Brookings,1984,South Dakota,SD,15481,SD00501,SD0050100,46,011,46011,local police department,"cities 10,000-24,999",west north central,non-suburban,10,5,5,9,1,5,4,0,4,0,0,0,3,1,0,2,1,0,0,1,0,0,0,0,0,1,0,0,0,0,0,0,0,0,0,1,0,0,0,0,0,0,0,0,0,0,0,0,0,0,0,0,0,4,0,0,1,5,0,0,0
Brown,1984,South Dakota,SD,11278,SD00600,SD0060000,46,013,46013,sheriffs office,"non-msa cnty 10,000-24,999",west north central,non-suburban,0,0,0,0,0,0,0,0,0,0,0,0,0,0,0,0,0,0,0,0,0,0,0,0,0,0,0,0,0,0,0,0,0,0,0,0,0,0,0,0,0,0,0,0,0,0,0,0,0,0,0,0,0,0,0,0,0,0,0,0,0
Aberdeen,1984,South Dakota,SD,26658,SD00601,SD0060100,46,013,46013,local police department,"cities 25,000-49,999",west north central,non-suburban,27,9,18,19,8,8,11,1,11,0,0,3,5,2,1,0,0,2,2,0,0,0,2,0,0,2,0,0,0,0,0,0,0,1,5,1,0,0,0,0,0,0,0,1,0,0,0,0,0,0,0,0,0,5,0,0,4,10,0,0,8
Brule,1984,South Dakota,SD,3159,SD00700,SD0070000,46,015,46015,sheriffs office,"non-msa cnty under 10,000",west north central,non-suburban,0,0,0,0,0,0,0,0,0,0,0,0,0,0,0,0,0,0,0,0,0,0,0,0,0,0,0,0,0,0,0,0,0,0,0,0,0,0,0,0,0,0,0,0,0,0,0,0,0,0,0,0,0,0,0,0,0,0,0,0,0
Chamberlain,1984,South Dakota,SD,2245,SD00701,SD0070100,46,015,46015,local police department,"cities under 2,500",west north central,non-suburban,0,0,0,0,0,0,0,0,0,0,0,0,0,0,0,0,0,0,0,0,0,0,0,0,0,0,0,0,0,0,0,0,0,0,0,0,0,0,0,0,0,0,0,0,0,0,0,0,0,0,0,0,0,0,0,0,0,0,0,0,0
Belle Fourche,1984,South Dakota,SD,4763,SD00901,SD0090100,46,019,46019,local police department,"cities 2,500-9,999",west north central,non-suburban,0,0,0,0,0,0,0,0,0,0,0,0,0,0,0,0,0,0,0,0,0,0,0,0,0,0,0,0,0,0,0,0,0,0,0,0,0,0,0,0,0,0,0,0,0,0,0,0,0,0,0,0,0,0,0,0,0,0,0,0,0
Charles Mix,1984,South Dakota,SD,9771,SD01100,SD0110000,46,023,46023,sheriffs office,"non-msa cnty under 10,000",west north central,non-suburban,4,2,2,2,2,2,0,0,0,0,0,0,0,0,0,0,0,0,0,0,0,0,0,0,1,1,0,0,0,0,0,0,0,1,0,1,0,0,0,0,0,0,0,0,0,0,0,0,0,0,0,0,0,1,0,0,1,0,1,0,1
Clark,1984,South Dakota,SD,4894,SD01200,SD0120000,46,025,46025,sheriffs office,"non-msa cnty under 10,000",west north central,non-suburban,0,0,0,0,0,0,0,0,0,0,0,0,0,0,0,0,0,0,0,0,0,0,0,0,0,0,0,0,0,0,0,0,0,0,0,0,0,0,0,0,0,0,0,0,0,0,0,0,0,0,0,0,0,0,0,0,0,0,0,0,0
Vermillion,1984,South Dakota,SD,10202,SD01301,SD0130100,46,027,46027,local police department,"cities 10,000-24,999",west north central,non-suburban,1,0,1,1,0,0,1,0,1,0,0,0,1,0,0,0,0,0,0,0,0,0,0,0,0,0,0,0,0,0,0,0,0,0,0,0,0,0,0,0,0,0,0,0,0,0,0,0,0,0,0,0,0,0,0,0,0,1,0,0,0
Watertown,1984,South Dakota,SD,16577,SD01401,SD0140100,46,029,46029,local police department,"cities 10,000-24,999",west north central,non-suburban,2,2,0,1,1,1,0,1,0,0,0,0,0,0,0,0,0,0,0,0,0,0,1,0,0,0,0,0,0,0,0,0,0,0,0,0,0,0,1,0,0,0,0,0,0,0,0,0,0,0,0,0,0,2,0,0,0,0,0,0,0
Custer,1984,South Dakota,SD,6365,SD01600,SD0160000,46,033,46033,sheriffs office,"non-msa cnty under 10,000",west north central,non-suburban,3,1,2,3,0,1,2,0,2,0,0,0,0,1,1,0,0,0,1,0,0,0,0,0,0,0,0,0,0,0,0,0,0,0,0,0,0,0,0,0,0,0,0,0,0,0,0,0,0,0,0,0,0,1,0,0,0,1,0,0,1
Mitchell,1984,South Dakota,SD,14032,SD01701,SD0170100,46,035,46035,local police department,"cities 10,000-24,999",west north central,non-suburban,6,1,5,6,0,1,5,0,5,0,0,3,2,0,0,0,0,0,0,0,0,0,1,0,0,0,0,0,0,0,0,0,0,0,0,0,0,0,0,0,0,0,0,0,0,0,0,0,0,0,0,0,0,1,0,0,0,5,0,0,0
Day,1984,South Dakota,SD,8151,SD01800,SD0180000,46,037,46037,sheriffs office,"non-msa cnty under 10,000",west north central,non-suburban,0,0,0,0,0,0,0,0,0,0,0,0,0,0,0,0,0,0,0,0,0,0,0,0,0,0,0,0,0,0,0,0,0,0,0,0,0,0,0,0,0,0,0,0,0,0,0,0,0,0,0,0,0,0,0,0,0,0,0,0,0
Deuel,1984,South Dakota,SD,5363,SD01900,SD0190000,46,039,46039,sheriffs office,"non-msa cnty under 10,000",west north central,non-suburban,0,0,0,0,0,0,0,0,0,0,0,0,0,0,0,0,0,0,0,0,0,0,0,0,0,0,0,0,0,0,0,0,0,0,0,0,0,0,0,0,0,0,0,0,0,0,0,0,0,0,0,0,0,0,0,0,0,0,0,0,0
Edmunds,1984,South Dakota,SD,5017,SD02200,SD0220000,46,045,46045,sheriffs office,"non-msa cnty under 10,000",west north central,non-suburban,0,0,0,0,0,0,0,0,0,0,0,0,0,0,0,0,0,0,0,0,0,0,0,0,0,0,0,0,0,0,0,0,0,0,0,0,0,0,0,0,0,0,0,0,0,0,0,0,0,0,0,0,0,0,0,0,0,0,0,0,0
Fall River,1984,South Dakota,SD,14918,SD02300,SD0230000,46,047,46047,sheriffs office,"non-msa cnty 10,000-24,999",west north central,non-suburban,0,0,0,0,0,0,0,0,0,0,0,0,0,0,0,0,0,0,0,0,0,0,0,0,0,0,0,0,0,0,0,0,0,0,0,0,0,0,0,0,0,0,0,0,0,0,0,0,0,0,0,0,0,0,0,0,0,0,0,0,0
Grant,1984,South Dakota,SD,5078,SD02500,SD0250000,46,051,46051,sheriffs office,"non-msa cnty under 10,000",west north central,non-suburban,0,0,0,0,0,0,0,0,0,0,0,0,0,0,0,0,0,0,0,0,0,0,0,0,0,0,0,0,0,0,0,0,0,0,0,0,0,0,0,0,0,0,0,0,0,0,0,0,0,0,0,0,0,0,0,0,0,0,0,0,0
Milbank,1984,South Dakota,SD,4260,SD02501,SD0250100,46,051,46051,local police department,"cities 2,500-9,999",west north central,non-suburban,0,0,0,0,0,0,0,0,0,0,0,0,0,0,0,0,0,0,0,0,0,0,0,0,0,0,0,0,0,0,0,0,0,0,0,0,0,0,0,0,0,0,0,0,0,0,0,0,0,0,0,0,0,0,0,0,0,0,0,0,0
Harding,1984,South Dakota,SD,1729,SD03100,SD0310000,46,063,46063,sheriffs office,"non-msa cnty under 10,000",west north central,non-suburban,0,0,0,0,0,0,0,0,0,0,0,0,0,0,0,0,0,0,0,0,0,0,0,0,0,0,0,0,0,0,0,0,0,0,0,0,0,0,0,0,0,0,0,0,0,0,0,0,0,0,0,0,0,0,0,0,0,0,0,0,0
Hughes,1984,South Dakota,SD,2311,SD03200,SD0320000,46,065,46065,sheriffs office,"non-msa cnty under 10,000",west north central,non-suburban,0,0,0,0,0,0,0,0,0,0,0,0,0,0,0,0,0,0,0,0,0,0,0,0,0,0,0,0,0,0,0,0,0,0,0,0,0,0,0,0,0,0,0,0,0,0,0,0,0,0,0,0,0,0,0,0,0,0,0,0,0
Pierre,1984,South Dakota,SD,12357,SD03201,SD0320100,46,065,46065,local police department,"cities 10,000-24,999",west north central,non-suburban,7,2,5,6,1,2,4,0,4,0,0,1,1,2,0,0,0,0,0,0,0,2,0,0,0,0,0,0,0,0,0,0,0,0,1,0,0,0,0,0,0,0,0,0,0,0,0,0,0,0,0,0,0,1,0,0,1,3,0,0,2
Jones,1984,South Dakota,SD,1458,SD03700,SD0370000,46,075,46075,sheriffs office,"non-msa cnty under 10,000",west north central,non-suburban,2,2,0,1,1,1,0,1,0,0,0,0,0,0,0,0,0,0,0,0,0,0,1,0,0,0,0,0,0,0,0,0,0,0,0,0,0,0,0,0,0,0,0,1,0,0,0,0,0,0,0,0,0,2,0,0,0,0,0,0,0
Kingsbury,1984,South Dakota,SD,6752,SD03800,SD0380000,46,077,46077,sheriffs office,"non-msa cnty under 10,000",west north central,non-suburban,0,0,0,0,0,0,0,0,0,0,0,0,0,0,0,0,0,0,0,0,0,0,0,0,0,0,0,0,0,0,0,0,0,0,0,0,0,0,0,0,0,0,0,0,0,0,0,0,0,0,0,0,0,0,0,0,0,0,0,0,0
Lake,1984,South Dakota,SD,4627,SD03900,SD0390000,46,079,46079,sheriffs office,"non-msa cnty under 10,000",west north central,non-suburban,1,1,0,1,0,1,0,0,0,0,0,0,0,0,0,0,1,0,0,0,0,0,0,0,0,0,0,0,0,0,0,0,0,0,0,0,0,0,0,0,0,0,0,0,0,0,0,0,0,0,0,0,0,1,0,0,0,0,0,0,0
Madison,1984,South Dakota,SD,6402,SD03901,SD0390100,46,079,46079,local police department,"cities 2,500-9,999",west north central,non-suburban,1,1,0,1,0,1,0,0,0,0,0,0,0,0,0,0,1,0,0,0,0,0,0,0,0,0,0,0,0,0,0,0,0,0,0,0,0,0,0,0,0,0,0,0,0,0,0,0,0,0,0,0,0,1,0,0,0,0,0,0,0
Lawrence,1984,South Dakota,SD,7083,SD04000,SD0400000,46,081,46081,sheriffs office,"non-msa cnty under 10,000",west north central,non-suburban,1,1,0,1,0,1,0,0,0,0,0,0,0,0,0,0,0,0,0,0,0,0,0,0,1,0,0,0,0,0,0,0,0,0,0,0,0,0,0,0,0,0,0,0,0,0,0,0,0,0,0,0,0,0,0,0,1,0,0,0,0
Deadwood,1984,South Dakota,SD,2019,SD04001,SD0400100,46,081,46081,local police department,"cities under 2,500",west north central,non-suburban,0,0,0,0,0,0,0,0,0,0,0,0,0,0,0,0,0,0,0,0,0,0,0,0,0,0,0,0,0,0,0,0,0,0,0,0,0,0,0,0,0,0,0,0,0,0,0,0,0,0,0,0,0,0,0,0,0,0,0,0,0
Lead,1984,South Dakota,SD,4336,SD04002,SD0400200,46,081,46081,local police department,"cities 2,500-9,999",west north central,non-suburban,1,0,1,1,0,0,1,0,1,0,0,0,0,0,1,0,0,0,0,0,0,0,0,0,0,0,0,0,0,0,0,0,0,0,0,0,0,0,0,0,0,0,0,0,0,0,0,0,0,0,0,0,0,0,0,0,0,1,0,0,0
Spearfish,1984,South Dakota,SD,5504,SD04003,SD0400300,46,081,46081,local police department,"cities 2,500-9,999",west north central,non-suburban,0,0,0,0,0,0,0,0,0,0,0,0,0,0,0,0,0,0,0,0,0,0,0,0,0,0,0,0,0,0,0,0,0,0,0,0,0,0,0,0,0,0,0,0,0,0,0,0,0,0,0,0,0,0,0,0,0,0,0,0,0
Lincoln,1984,South Dakota,SD,11193,SD04100,SD0410000,46,083,46083,sheriffs office,"non-msa cnty 10,000-24,999",west north central,non-suburban,5,2,3,3,2,2,1,0,1,0,0,0,0,0,1,0,0,0,0,0,0,0,1,0,1,0,0,0,0,0,0,0,0,2,0,0,0,0,0,0,0,0,0,0,0,0,0,0,0,0,0,0,0,2,0,0,0,3,0,0,0
Lyman,1984,South Dakota,SD,3795,SD04200,SD0420000,46,085,46085,sheriffs office,"non-msa cnty under 10,000",west north central,non-suburban,0,0,0,0,0,0,0,0,0,0,0,0,0,0,0,0,0,0,0,0,0,0,0,0,0,0,0,0,0,0,0,0,0,0,0,0,0,0,0,0,0,0,0,0,0,0,0,0,0,0,0,0,0,0,0,0,0,0,0,0,0
Marshall,1984,South Dakota,SD,5380,SD04500,SD0450000,46,091,46091,sheriffs office,"non-msa cnty under 10,000",west north central,non-suburban,1,1,0,1,0,1,0,0,0,0,0,0,0,0,0,0,0,0,0,0,0,0,1,0,0,0,0,0,0,0,0,0,0,0,0,0,0,0,0,0,0,0,0,0,0,0,0,0,0,0,0,0,0,1,0,0,0,0,0,0,0
Sturgis,1984,South Dakota,SD,5219,SD04601,SD0460100,46,093,46093,local police department,"cities 2,500-9,999",west north central,non-suburban,0,0,0,0,0,0,0,0,0,0,0,0,0,0,0,0,0,0,0,0,0,0,0,0,0,0,0,0,0,0,0,0,0,0,0,0,0,0,0,0,0,0,0,0,0,0,0,0,0,0,0,0,0,0,0,0,0,0,0,0,0
Miner,1984,South Dakota,SD,3669,SD04800,SD0480000,46,097,46097,sheriffs office,"non-msa cnty under 10,000",west north central,non-suburban,0,0,0,0,0,0,0,0,0,0,0,0,0,0,0,0,0,0,0,0,0,0,0,0,0,0,0,0,0,0,0,0,0,0,0,0,0,0,0,0,0,0,0,0,0,0,0,0,0,0,0,0,0,0,0,0,0,0,0,0,0
Minnehaha,1984,South Dakota,SD,29594,SD04900,SD0490000,46,099,46099,sheriffs office,"msa cnty 25,000-99,999",west north central,suburban,47,32,15,43,4,28,15,4,15,0,0,6,2,3,4,2,4,1,3,0,6,1,5,3,0,2,1,0,0,0,0,0,0,0,0,0,0,0,0,0,0,0,2,0,0,1,0,1,0,0,0,0,0,30,0,0,2,15,0,0,0
Sioux Falls,1984,South Dakota,SD,84611,SD04902,SD0490200,46,099,46099,local police department,"cities 50,000-99,999",west north central,non-suburban,36,10,26,29,7,10,19,0,19,0,0,1,2,7,9,1,1,1,0,0,0,4,0,2,0,1,0,0,0,0,0,0,0,4,2,1,0,0,0,0,0,0,0,0,0,0,0,0,0,0,0,0,0,6,0,0,4,21,0,0,5
Moody,1984,South Dakota,SD,6909,SD05000,SD0500000,46,101,46101,sheriffs office,"non-msa cnty under 10,000",west north central,non-suburban,4,1,3,2,2,1,1,0,1,0,0,0,0,1,0,0,0,0,1,0,0,0,0,0,0,0,0,0,0,0,0,0,0,0,1,1,0,0,0,0,0,0,0,0,0,0,0,0,0,0,0,0,0,0,0,0,1,0,1,0,2
Pennington,1984,South Dakota,SD,25241,SD05100,SD0510000,46,103,46103,sheriffs office,"non-msa cnty 25,000-99,999",west north central,non-suburban,2,2,0,1,1,1,0,1,0,0,0,0,0,0,0,0,0,0,0,1,0,0,0,0,0,0,0,0,0,0,0,0,0,0,0,0,0,0,0,0,0,0,0,1,0,0,0,0,0,0,0,0,0,1,0,0,1,0,0,0,0
Rapid City,1984,South Dakota,SD,48764,SD05101,SD0510100,46,103,46103,local police department,"cities 25,000-49,999",west north central,non-suburban,23,9,14,23,0,9,13,0,13,1,2,1,3,4,3,0,1,2,0,1,1,0,1,2,0,1,0,0,0,0,0,0,0,0,0,0,0,0,0,0,0,0,0,0,0,0,0,0,0,0,0,0,0,7,0,0,2,9,0,0,5
Potter,1984,South Dakota,SD,3813,SD05300,SD0530000,46,107,46107,sheriffs office,"non-msa cnty under 10,000",west north central,non-suburban,0,0,0,0,0,0,0,0,0,0,0,0,0,0,0,0,0,0,0,0,0,0,0,0,0,0,0,0,0,0,0,0,0,0,0,0,0,0,0,0,0,0,0,0,0,0,0,0,0,0,0,0,0,0,0,0,0,0,0,0,0
Spink,1984,South Dakota,SD,6177,SD05700,SD0570000,46,115,46115,sheriffs office,"non-msa cnty under 10,000",west north central,non-suburban,3,3,0,3,0,3,0,0,0,0,0,0,0,0,0,0,0,2,0,1,0,0,0,0,0,0,0,0,0,0,0,0,0,0,0,0,0,0,0,0,0,0,0,0,0,0,0,0,0,0,0,0,0,3,0,0,0,0,0,0,0
Redfield,1984,South Dakota,SD,3051,SD05701,SD0570100,46,115,46115,local police department,"cities 2,500-9,999",west north central,non-suburban,0,0,0,0,0,0,0,0,0,0,0,0,0,0,0,0,0,0,0,0,0,0,0,0,0,0,0,0,0,0,0,0,0,0,0,0,0,0,0,0,0,0,0,0,0,0,0,0,0,0,0,0,0,0,0,0,0,0,0,0,0
Stanley,1984,South Dakota,SD,757,SD05800,SD0580000,46,117,46117,sheriffs office,"non-msa cnty under 10,000",west north central,non-suburban,0,0,0,0,0,0,0,0,0,0,0,0,0,0,0,0,0,0,0,0,0,0,0,0,0,0,0,0,0,0,0,0,0,0,0,0,0,0,0,0,0,0,0,0,0,0,0,0,0,0,0,0,0,0,0,0,0,0,0,0,0
Fort Pierre,1984,South Dakota,SD,1684,SD05801,SD0580100,46,117,46117,local police department,"cities under 2,500",west north central,non-suburban,0,0,0,0,0,0,0,0,0,0,0,0,0,0,0,0,0,0,0,0,0,0,0,0,0,0,0,0,0,0,0,0,0,0,0,0,0,0,0,0,0,0,0,0,0,0,0,0,0,0,0,0,0,0,0,0,0,0,0,0,0
Mobridge,1984,South Dakota,SD,4203,SD06401,SD0640100,46,129,46129,local police department,"cities 2,500-9,999",west north central,non-suburban,0,0,0,0,0,0,0,0,0,0,0,0,0,0,0,0,0,0,0,0,0,0,0,0,0,0,0,0,0,0,0,0,0,0,0,0,0,0,0,0,0,0,0,0,0,0,0,0,0,0,0,0,0,0,0,0,0,0,0,0,0
Yankton,1984,South Dakota,SD,7038,SD06600,SD0660000,46,135,46135,sheriffs office,"non-msa cnty under 10,000",west north central,non-suburban,0,0,0,0,0,0,0,0,0,0,0,0,0,0,0,0,0,0,0,0,0,0,0,0,0,0,0,0,0,0,0,0,0,0,0,0,0,0,0,0,0,0,0,0,0,0,0,0,0,0,0,0,0,0,0,0,0,0,0,0,0
Yankton,1984,South Dakota,SD,12257,SD06601,SD0660100,46,135,46135,local police department,"cities 10,000-24,999",west north central,non-suburban,3,3,0,3,0,3,0,0,0,0,0,0,0,0,0,0,1,0,1,0,1,0,0,0,0,0,0,0,0,0,0,0,0,0,0,0,0,0,0,0,0,0,0,0,0,0,0,0,0,0,0,0,0,2,0,0,1,0,0,0,0
Aurora,1985,South Dakota,SD,3509,SD00100,SD0010000,46,003,46003,sheriffs office,"non-msa cnty under 10,000",west north central,non-suburban,0,0,0,0,0,0,0,0,0,0,0,0,0,0,0,0,0,0,0,0,0,0,0,0,0,0,0,0,0,0,0,0,0,0,0,0,0,0,0,0,0,0,0,0,0,0,0,0,0,0,0,0,0,0,0,0,0,0,0,0,0
Bon Homme,1985,South Dakota,SD,7920,SD00400,SD0040000,46,009,46009,sheriffs office,"non-msa cnty under 10,000",west north central,non-suburban,1,0,1,1,0,0,1,0,1,0,0,0,0,0,1,0,0,0,0,0,0,0,0,0,0,0,0,0,0,0,0,0,0,0,0,0,0,0,0,0,0,0,0,0,0,0,0,0,0,0,0,0,0,0,0,0,0,0,0,0,1
Brookings,1985,South Dakota,SD,15520,SD00501,SD0050100,46,011,46011,local police department,"cities 10,000-24,999",west north central,non-suburban,1,1,0,1,0,1,0,0,0,0,0,0,0,0,0,0,0,0,1,0,0,0,0,0,0,0,0,0,0,0,0,0,0,0,0,0,0,0,0,0,0,0,0,0,0,0,0,0,0,0,0,0,0,1,0,0,0,0,0,0,0
Brown,1985,South Dakota,SD,10171,SD00600,SD0060000,46,013,46013,sheriffs office,"non-msa cnty 10,000-24,999",west north central,non-suburban,5,0,5,3,2,0,3,0,3,0,0,2,1,0,0,0,0,0,0,0,0,0,0,0,0,0,0,0,0,0,0,0,1,0,1,0,0,0,0,0,0,0,0,0,0,0,0,0,0,0,0,0,0,0,0,0,0,5,0,0,0
Aberdeen,1985,South Dakota,SD,26726,SD00601,SD0060100,46,013,46013,local police department,"cities 25,000-49,999",west north central,non-suburban,12,6,6,11,1,6,5,0,5,0,0,0,1,3,1,0,2,1,0,1,0,0,1,1,0,0,0,0,0,0,0,0,0,0,1,0,0,0,0,0,0,0,0,0,0,0,0,0,0,0,0,0,0,4,0,0,2,6,0,0,0
Chamberlain,1985,South Dakota,SD,2251,SD00701,SD0070100,46,015,46015,local police department,"cities under 2,500",west north central,non-suburban,0,0,0,0,0,0,0,0,0,0,0,0,0,0,0,0,0,0,0,0,0,0,0,0,0,0,0,0,0,0,0,0,0,0,0,0,0,0,0,0,0,0,0,0,0,0,0,0,0,0,0,0,0,0,0,0,0,0,0,0,0
Belle Fourche,1985,South Dakota,SD,4775,SD00901,SD0090100,46,019,46019,local police department,"cities 2,500-9,999",west north central,non-suburban,0,0,0,0,0,0,0,0,0,0,0,0,0,0,0,0,0,0,0,0,0,0,0,0,0,0,0,0,0,0,0,0,0,0,0,0,0,0,0,0,0,0,0,0,0,0,0,0,0,0,0,0,0,0,0,0,0,0,0,0,0
Charles Mix,1985,South Dakota,SD,9725,SD01100,SD0110000,46,023,46023,sheriffs office,"non-msa cnty under 10,000",west north central,non-suburban,3,3,0,3,0,3,0,0,0,0,0,0,0,0,0,0,0,0,2,0,0,1,0,0,0,0,0,0,0,0,0,0,0,0,0,0,0,0,0,0,0,0,0,0,0,0,0,0,0,0,0,0,0,2,0,0,1,0,0,0,0
Clark,1985,South Dakota,SD,5013,SD01200,SD0120000,46,025,46025,sheriffs office,"non-msa cnty under 10,000",west north central,non-suburban,1,1,0,1,0,1,0,0,0,0,0,0,0,0,0,0,1,0,0,0,0,0,0,0,0,0,0,0,0,0,0,0,0,0,0,0,0,0,0,0,0,0,0,0,0,0,0,0,0,0,0,0,0,0,0,0,0,0,0,0,0
Vermillion,1985,South Dakota,SD,10228,SD01301,SD0130100,46,027,46027,local police department,"cities 10,000-24,999",west north central,non-suburban,0,0,0,0,0,0,0,0,0,0,0,0,0,0,0,0,0,0,0,0,0,0,0,0,0,0,0,0,0,0,0,0,0,0,0,0,0,0,0,0,0,0,0,0,0,0,0,0,0,0,0,0,0,0,0,0,0,0,0,0,0
Watertown,1985,South Dakota,SD,16619,SD01401,SD0140100,46,029,46029,local police department,"cities 10,000-24,999",west north central,non-suburban,3,2,1,3,0,2,1,0,1,0,0,1,0,0,0,0,0,0,0,0,0,0,2,0,0,0,0,0,0,0,0,0,0,0,0,0,0,0,0,0,0,0,0,0,0,0,0,0,0,0,0,0,0,2,0,0,0,1,0,0,0
Corson,1985,South Dakota,SD,5213,SD01500,SD0150000,46,031,46031,sheriffs office,"non-msa cnty under 10,000",west north central,non-suburban,0,0,0,0,0,0,0,0,0,0,0,0,0,0,0,0,0,0,0,0,0,0,0,0,0,0,0,0,0,0,0,0,0,0,0,0,0,0,0,0,0,0,0,0,0,0,0,0,0,0,0,0,0,0,0,0,0,0,0,0,0
Custer,1985,South Dakota,SD,6617,SD01600,SD0160000,46,033,46033,sheriffs office,"non-msa cnty under 10,000",west north central,non-suburban,7,1,6,7,0,1,6,0,6,0,0,0,0,2,4,0,0,0,0,0,0,0,1,0,0,0,0,0,0,0,0,0,0,0,0,0,0,0,0,0,0,0,0,0,0,0,0,0,0,0,0,0,0,1,0,0,0,4,0,0,2
Mitchell,1985,South Dakota,SD,14068,SD01701,SD0170100,46,035,46035,local police department,"cities 10,000-24,999",west north central,non-suburban,8,4,4,4,4,3,1,1,1,0,0,1,0,0,0,0,0,0,0,0,0,0,1,0,0,2,0,0,0,0,0,0,0,0,3,0,0,0,0,0,1,0,0,0,0,0,0,0,0,0,0,0,0,4,0,0,0,4,0,0,0
Day,1985,South Dakota,SD,8020,SD01800,SD0180000,46,037,46037,sheriffs office,"non-msa cnty under 10,000",west north central,non-suburban,0,0,0,0,0,0,0,0,0,0,0,0,0,0,0,0,0,0,0,0,0,0,0,0,0,0,0,0,0,0,0,0,0,0,0,0,0,0,0,0,0,0,0,0,0,0,0,0,0,0,0,0,0,0,0,0,0,0,0,0,0
Deuel,1985,South Dakota,SD,5213,SD01900,SD0190000,46,039,46039,sheriffs office,"non-msa cnty under 10,000",west north central,non-suburban,0,0,0,0,0,0,0,0,0,0,0,0,0,0,0,0,0,0,0,0,0,0,0,0,0,0,0,0,0,0,0,0,0,0,0,0,0,0,0,0,0,0,0,0,0,0,0,0,0,0,0,0,0,0,0,0,0,0,0,0,0
Edmunds,1985,South Dakota,SD,5013,SD02200,SD0220000,46,045,46045,sheriffs office,"non-msa cnty under 10,000",west north central,non-suburban,1,1,0,1,0,1,0,0,0,0,0,0,0,0,0,0,0,0,0,0,0,0,1,0,0,0,0,0,0,0,0,0,0,0,0,0,0,0,0,0,0,0,0,0,0,0,0,0,0,0,0,0,0,1,0,0,0,0,0,0,0
Grant,1985,South Dakota,SD,5253,SD02500,SD0250000,46,051,46051,sheriffs office,"non-msa cnty under 10,000",west north central,non-suburban,2,1,1,1,1,1,0,0,0,0,0,0,0,0,0,0,1,0,0,0,0,0,0,0,0,0,0,0,0,0,0,0,0,0,1,0,0,0,0,0,0,0,0,0,0,0,0,0,0,0,0,0,0,1,0,0,0,1,0,0,0
Milbank,1985,South Dakota,SD,4271,SD02501,SD0250100,46,051,46051,local police department,"cities 2,500-9,999",west north central,non-suburban,0,0,0,0,0,0,0,0,0,0,0,0,0,0,0,0,0,0,0,0,0,0,0,0,0,0,0,0,0,0,0,0,0,0,0,0,0,0,0,0,0,0,0,0,0,0,0,0,0,0,0,0,0,0,0,0,0,0,0,0,0
Hughes,1985,South Dakota,SD,2349,SD03200,SD0320000,46,065,46065,sheriffs office,"non-msa cnty under 10,000",west north central,non-suburban,2,2,0,2,0,2,0,0,0,0,0,0,0,0,0,0,0,0,0,1,0,0,1,0,0,0,0,0,0,0,0,0,0,0,0,0,0,0,0,0,0,0,0,0,0,0,0,0,0,0,0,0,0,2,0,0,0,0,0,0,0
Pierre,1985,South Dakota,SD,12388,SD03201,SD0320100,46,065,46065,local police department,"cities 10,000-24,999",west north central,non-suburban,2,2,0,2,0,2,0,0,0,0,0,0,0,0,0,1,0,0,0,0,0,0,1,0,0,0,0,0,0,0,0,0,0,0,0,0,0,0,0,0,0,0,0,0,0,0,0,0,0,0,0,0,0,1,0,0,1,0,0,0,0
Jones,1985,South Dakota,SD,1504,SD03700,SD0370000,46,075,46075,sheriffs office,"non-msa cnty under 10,000",west north central,non-suburban,1,0,1,1,0,0,1,0,1,0,0,0,0,0,1,0,0,0,0,0,0,0,0,0,0,0,0,0,0,0,0,0,0,0,0,0,0,0,0,0,0,0,0,0,0,0,0,0,0,0,0,0,0,0,0,0,0,1,0,0,0
Kingsbury,1985,South Dakota,SD,6517,SD03800,SD0380000,46,077,46077,sheriffs office,"non-msa cnty under 10,000",west north central,non-suburban,1,1,0,1,0,1,0,0,0,0,0,0,0,0,0,0,0,1,0,0,0,0,0,0,0,0,0,0,0,0,0,0,0,0,0,0,0,0,0,0,0,0,0,0,0,0,0,0,0,0,0,0,0,1,0,0,0,0,0,0,0
Lake,1985,South Dakota,SD,4610,SD03900,SD0390000,46,079,46079,sheriffs office,"non-msa cnty under 10,000",west north central,non-suburban,1,1,0,1,0,1,0,0,0,0,0,0,0,0,0,0,0,0,0,1,0,0,0,0,0,0,0,0,0,0,0,0,0,0,0,0,0,0,0,0,0,0,0,0,0,0,0,0,0,0,0,0,0,1,0,0,0,0,0,0,0
Madison,1985,South Dakota,SD,6418,SD03901,SD0390100,46,079,46079,local police department,"cities 2,500-9,999",west north central,non-suburban,0,0,0,0,0,0,0,0,0,0,0,0,0,0,0,0,0,0,0,0,0,0,0,0,0,0,0,0,0,0,0,0,0,0,0,0,0,0,0,0,0,0,0,0,0,0,0,0,0,0,0,0,0,0,0,0,0,0,0,0,0
Lawrence,1985,South Dakota,SD,7360,SD04000,SD0400000,46,081,46081,sheriffs office,"non-msa cnty under 10,000",west north central,non-suburban,5,3,2,4,1,2,2,1,2,0,0,0,2,0,0,0,0,0,0,0,0,0,1,1,0,0,0,0,0,0,0,0,0,0,0,0,0,0,0,0,0,0,0,0,0,1,0,0,0,0,0,0,0,2,0,0,1,1,0,0,1
Lead,1985,South Dakota,SD,4347,SD04002,SD0400200,46,081,46081,local police department,"cities 2,500-9,999",west north central,non-suburban,0,0,0,0,0,0,0,0,0,0,0,0,0,0,0,0,0,0,0,0,0,0,0,0,0,0,0,0,0,0,0,0,0,0,0,0,0,0,0,0,0,0,0,0,0,0,0,0,0,0,0,0,0,0,0,0,0,0,0,0,0
Spearfish,1985,South Dakota,SD,5518,SD04003,SD0400300,46,081,46081,local police department,"cities 2,500-9,999",west north central,non-suburban,2,1,1,2,0,1,1,0,1,0,0,0,1,0,0,0,0,0,1,0,0,0,0,0,0,0,0,0,0,0,0,0,0,0,0,0,0,0,0,0,0,0,0,0,0,0,0,0,0,0,0,0,0,1,0,0,0,1,0,0,0
Lincoln,1985,South Dakota,SD,11443,SD04100,SD0410000,46,083,46083,sheriffs office,"non-msa cnty 10,000-24,999",west north central,non-suburban,0,0,0,0,0,0,0,0,0,0,0,0,0,0,0,0,0,0,0,0,0,0,0,0,0,0,0,0,0,0,0,0,0,0,0,0,0,0,0,0,0,0,0,0,0,0,0,0,0,0,0,0,0,0,0,0,0,0,0,0,0
Lyman,1985,South Dakota,SD,3910,SD04200,SD0420000,46,085,46085,sheriffs office,"non-msa cnty under 10,000",west north central,non-suburban,1,0,1,1,0,0,1,0,1,0,0,0,0,0,1,0,0,0,0,0,0,0,0,0,0,0,0,0,0,0,0,0,0,0,0,0,0,0,0,0,0,0,0,0,0,0,0,0,0,0,0,0,0,0,0,0,0,1,0,0,0
Marshall,1985,South Dakota,SD,5314,SD04500,SD0450000,46,091,46091,sheriffs office,"non-msa cnty under 10,000",west north central,non-suburban,0,0,0,0,0,0,0,0,0,0,0,0,0,0,0,0,0,0,0,0,0,0,0,0,0,0,0,0,0,0,0,0,0,0,0,0,0,0,0,0,0,0,0,0,0,0,0,0,0,0,0,0,0,0,0,0,0,0,0,0,0
Sturgis,1985,South Dakota,SD,5232,SD04601,SD0460100,46,093,46093,local police department,"cities 2,500-9,999",west north central,non-suburban,1,1,0,1,0,1,0,0,0,0,0,0,0,0,0,0,0,0,1,0,0,0,0,0,0,0,0,0,0,0,0,0,0,0,0,0,0,0,0,0,0,0,0,0,0,0,0,0,0,0,0,0,0,1,0,0,0,0,0,0,0
Miner,1985,South Dakota,SD,3509,SD04800,SD0480000,46,097,46097,sheriffs office,"non-msa cnty under 10,000",west north central,non-suburban,0,0,0,0,0,0,0,0,0,0,0,0,0,0,0,0,0,0,0,0,0,0,0,0,0,0,0,0,0,0,0,0,0,0,0,0,0,0,0,0,0,0,0,0,0,0,0,0,0,0,0,0,0,0,0,0,0,0,0,0,0
Minnehaha,1985,South Dakota,SD,33574,SD04900,SD0490000,46,099,46099,sheriffs office,"msa cnty 25,000-99,999",west north central,suburban,35,27,8,28,7,22,6,5,6,0,0,1,4,0,1,1,3,1,0,1,0,1,5,4,3,1,1,1,0,0,0,0,0,1,1,0,0,1,0,0,0,1,0,0,2,1,0,0,0,0,0,0,0,25,0,0,2,8,0,0,0
Sioux Falls,1985,South Dakota,SD,84827,SD04902,SD0490200,46,099,46099,local police department,"cities 50,000-99,999",west north central,non-suburban,42,15,27,31,11,13,18,2,18,0,0,9,1,5,3,3,4,0,0,1,1,0,2,1,1,0,0,0,0,0,0,0,0,4,2,1,2,2,0,0,0,0,0,0,0,0,0,0,0,0,0,0,0,11,0,0,4,18,0,0,9
Moody,1985,South Dakota,SD,6918,SD05000,SD0500000,46,101,46101,sheriffs office,"non-msa cnty under 10,000",west north central,non-suburban,0,0,0,0,0,0,0,0,0,0,0,0,0,0,0,0,0,0,0,0,0,0,0,0,0,0,0,0,0,0,0,0,0,0,0,0,0,0,0,0,0,0,0,0,0,0,0,0,0,0,0,0,0,0,0,0,0,0,0,0,0
Pennington,1985,South Dakota,SD,26002,SD05100,SD0510000,46,103,46103,sheriffs office,"msa cnty 25,000-99,999",west north central,suburban,9,7,2,9,0,7,2,0,2,0,0,0,1,1,0,1,0,2,2,0,0,1,1,0,0,0,0,0,0,0,0,0,0,0,0,0,0,0,0,0,0,0,0,0,0,0,0,0,0,0,0,0,0,4,0,0,3,1,0,0,1
Rapid City,1985,South Dakota,SD,48888,SD05101,SD0510100,46,103,46103,local police department,"cities 25,000-49,999",west north central,suburban,22,11,11,17,5,10,7,1,7,0,0,1,0,2,4,0,0,1,1,3,0,0,3,1,1,0,0,0,0,0,0,0,0,3,0,1,0,0,0,0,0,0,0,0,1,0,0,0,0,0,0,0,0,5,0,0,6,5,0,0,6
Potter,1985,South Dakota,SD,3709,SD05300,SD0530000,46,107,46107,sheriffs office,"non-msa cnty under 10,000",west north central,non-suburban,0,0,0,0,0,0,0,0,0,0,0,0,0,0,0,0,0,0,0,0,0,0,0,0,0,0,0,0,0,0,0,0,0,0,0,0,0,0,0,0,0,0,0,0,0,0,0,0,0,0,0,0,0,0,0,0,0,0,0,0,0
Spink,1985,South Dakota,SD,6064,SD05700,SD0570000,46,115,46115,sheriffs office,"non-msa cnty under 10,000",west north central,non-suburban,2,2,0,2,0,2,0,0,0,0,0,0,0,0,0,0,0,0,0,0,0,2,0,0,0,0,0,0,0,0,0,0,0,0,0,0,0,0,0,0,0,0,0,0,0,0,0,0,0,0,0,0,0,1,0,0,0,0,0,0,0
Redfield,1985,South Dakota,SD,3059,SD05701,SD0570100,46,115,46115,local police department,"cities 2,500-9,999",west north central,non-suburban,1,1,0,1,0,1,0,0,0,0,0,0,0,0,0,0,0,0,0,0,0,1,0,0,0,0,0,0,0,0,0,0,0,0,0,0,0,0,0,0,0,0,0,0,0,0,0,0,0,0,0,0,0,0,0,0,0,0,0,0,0
Fort Pierre,1985,South Dakota,SD,1688,SD05801,SD0580100,46,117,46117,local police department,"cities under 2,500",west north central,non-suburban,0,0,0,0,0,0,0,0,0,0,0,0,0,0,0,0,0,0,0,0,0,0,0,0,0,0,0,0,0,0,0,0,0,0,0,0,0,0,0,0,0,0,0,0,0,0,0,0,0,0,0,0,0,0,0,0,0,0,0,0,0
Sully,1985,South Dakota,SD,1905,SD05900,SD0590000,46,119,46119,sheriffs office,"non-msa cnty under 10,000",west north central,non-suburban,0,0,0,0,0,0,0,0,0,0,0,0,0,0,0,0,0,0,0,0,0,0,0,0,0,0,0,0,0,0,0,0,0,0,0,0,0,0,0,0,0,0,0,0,0,0,0,0,0,0,0,0,0,0,0,0,0,0,0,0,0
Mobridge,1985,South Dakota,SD,4214,SD06401,SD0640100,46,129,46129,local police department,"cities 2,500-9,999",west north central,non-suburban,0,0,0,0,0,0,0,0,0,0,0,0,0,0,0,0,0,0,0,0,0,0,0,0,0,0,0,0,0,0,0,0,0,0,0,0,0,0,0,0,0,0,0,0,0,0,0,0,0,0,0,0,0,0,0,0,0,0,0,0,0
Yankton,1985,South Dakota,SD,6861,SD06600,SD0660000,46,135,46135,sheriffs office,"non-msa cnty under 10,000",west north central,non-suburban,0,0,0,0,0,0,0,0,0,0,0,0,0,0,0,0,0,0,0,0,0,0,0,0,0,0,0,0,0,0,0,0,0,0,0,0,0,0,0,0,0,0,0,0,0,0,0,0,0,0,0,0,0,0,0,0,0,0,0,0,0
Yankton,1985,South Dakota,SD,12288,SD06601,SD0660100,46,135,46135,local police department,"cities 10,000-24,999",west north central,non-suburban,1,1,0,0,1,0,0,1,0,0,0,0,0,0,0,0,0,0,0,0,0,0,0,0,0,0,0,0,0,0,0,0,0,0,0,0,0,0,0,0,0,1,0,0,0,0,0,0,0,0,0,0,0,0,0,0,1,0,0,0,0
Aurora,1986,South Dakota,SD,3494,SD00100,SD0010000,46,003,46003,sheriffs office,"non-msa cnty under 10,000",west north central,non-suburban,3,1,2,3,0,1,2,0,2,0,0,2,0,0,0,0,0,0,0,0,0,0,0,0,0,0,1,0,0,0,0,0,0,0,0,0,0,0,0,0,0,0,0,0,0,0,0,0,0,0,0,0,0,1,0,0,0,2,0,0,0
Huron,1986,South Dakota,SD,12418,SD00201,SD0020100,46,005,46005,local police department,"cities 10,000-24,999",west north central,non-suburban,7,3,4,4,3,3,1,0,1,0,0,1,0,0,0,1,0,0,0,0,0,1,1,0,0,0,0,0,0,0,0,0,0,0,2,1,0,0,0,0,0,0,0,0,0,0,0,0,0,0,0,0,0,3,0,0,0,3,0,0,1
Bon Homme,1986,South Dakota,SD,7895,SD00400,SD0040000,46,009,46009,sheriffs office,"non-msa cnty under 10,000",west north central,non-suburban,1,1,0,1,0,1,0,0,0,0,0,0,0,0,0,0,0,0,1,0,0,0,0,0,0,0,0,0,0,0,0,0,0,0,0,0,0,0,0,0,0,0,0,0,0,0,0,0,0,0,0,0,0,0,0,0,1,0,0,0,0
Brookings,1986,South Dakota,SD,10016,SD00500,SD0050000,46,011,46011,sheriffs office,"non-msa cnty 10,000-24,999",west north central,non-suburban,0,0,0,0,0,0,0,0,0,0,0,0,0,0,0,0,0,0,0,0,0,0,0,0,0,0,0,0,0,0,0,0,0,0,0,0,0,0,0,0,0,0,0,0,0,0,0,0,0,0,0,0,0,0,0,0,0,0,0,0,0
Brookings,1986,South Dakota,SD,15075,SD00501,SD0050100,46,011,46011,local police department,"cities 10,000-24,999",west north central,non-suburban,1,1,0,1,0,1,0,0,0,0,0,0,0,0,0,0,1,0,0,0,0,0,0,0,0,0,0,0,0,0,0,0,0,0,0,0,0,0,0,0,0,0,0,0,0,0,0,0,0,0,0,0,0,1,0,0,0,0,0,0,0
Brown,1986,South Dakota,SD,11055,SD00600,SD0060000,46,013,46013,sheriffs office,"non-msa cnty 10,000-24,999",west north central,non-suburban,0,0,0,0,0,0,0,0,0,0,0,0,0,0,0,0,0,0,0,0,0,0,0,0,0,0,0,0,0,0,0,0,0,0,0,0,0,0,0,0,0,0,0,0,0,0,0,0,0,0,0,0,0,0,0,0,0,0,0,0,0
Aberdeen,1986,South Dakota,SD,25844,SD00601,SD0060100,46,013,46013,local police department,"cities 25,000-49,999",west north central,non-suburban,9,4,5,6,3,3,3,1,3,0,0,0,0,3,0,0,0,0,0,1,0,0,0,0,1,0,1,0,0,0,0,0,0,1,0,1,0,0,0,0,0,0,0,0,0,1,0,0,0,0,0,0,0,2,0,0,2,5,0,0,0
Brule,1986,South Dakota,SD,3158,SD00700,SD0070000,46,015,46015,sheriffs office,"non-msa cnty under 10,000",west north central,non-suburban,0,0,0,0,0,0,0,0,0,0,0,0,0,0,0,0,0,0,0,0,0,0,0,0,0,0,0,0,0,0,0,0,0,0,0,0,0,0,0,0,0,0,0,0,0,0,0,0,0,0,0,0,0,0,0,0,0,0,0,0,0
Chamberlain,1986,South Dakota,SD,2244,SD00701,SD0070100,46,015,46015,local police department,"cities under 2,500",west north central,non-suburban,0,0,0,0,0,0,0,0,0,0,0,0,0,0,0,0,0,0,0,0,0,0,0,0,0,0,0,0,0,0,0,0,0,0,0,0,0,0,0,0,0,0,0,0,0,0,0,0,0,0,0,0,0,0,0,0,0,0,0,0,0
Belle Fourche,1986,South Dakota,SD,4626,SD00901,SD0090100,46,019,46019,local police department,"cities 2,500-9,999",west north central,non-suburban,5,5,0,5,0,5,0,0,0,0,0,0,0,0,0,1,0,0,0,0,0,2,0,0,1,0,1,0,0,0,0,0,0,0,0,0,0,0,0,0,0,0,0,0,0,0,0,0,0,0,0,0,0,3,0,0,0,0,0,0,0
Charles Mix,1986,South Dakota,SD,9749,SD01100,SD0110000,46,023,46023,sheriffs office,"non-msa cnty under 10,000",west north central,non-suburban,0,0,0,0,0,0,0,0,0,0,0,0,0,0,0,0,0,0,0,0,0,0,0,0,0,0,0,0,0,0,0,0,0,0,0,0,0,0,0,0,0,0,0,0,0,0,0,0,0,0,0,0,0,0,0,0,0,0,0,0,0
Clark,1986,South Dakota,SD,4968,SD01200,SD0120000,46,025,46025,sheriffs office,"non-msa cnty under 10,000",west north central,non-suburban,2,2,0,2,0,2,0,0,0,0,0,0,0,0,0,1,0,0,0,0,1,0,0,0,0,0,0,0,0,0,0,0,0,0,0,0,0,0,0,0,0,0,0,0,0,0,0,0,0,0,0,0,0,1,0,0,0,0,0,0,0
Clay,1986,South Dakota,SD,3668,SD01300,SD0130000,46,027,46027,sheriffs office,"non-msa cnty under 10,000",west north central,non-suburban,3,3,0,3,0,3,0,0,0,0,0,0,0,0,0,0,0,0,0,0,0,0,1,2,0,0,0,0,0,0,0,0,0,0,0,0,0,0,0,0,0,0,0,0,0,0,0,0,0,0,0,0,0,1,0,0,2,0,0,0,0
Vermillion,1986,South Dakota,SD,10038,SD01301,SD0130100,46,027,46027,local police department,"cities 10,000-24,999",west north central,non-suburban,1,1,0,1,0,1,0,0,0,0,0,0,0,0,0,0,0,0,0,0,0,0,0,1,0,0,0,0,0,0,0,0,0,0,0,0,0,0,0,0,0,0,0,0,0,0,0,0,0,0,0,0,0,0,0,0,1,0,0,0,0
Watertown,1986,South Dakota,SD,16512,SD01401,SD0140100,46,029,46029,local police department,"cities 10,000-24,999",west north central,non-suburban,8,1,7,6,2,1,5,0,5,0,0,1,2,2,0,0,0,0,0,1,0,0,0,0,0,0,0,0,0,0,0,0,0,0,0,2,0,0,0,0,0,0,0,0,0,0,0,0,0,0,0,0,0,1,0,0,0,7,0,0,0
Custer,1986,South Dakota,SD,6664,SD01600,SD0160000,46,033,46033,sheriffs office,"non-msa cnty under 10,000",west north central,non-suburban,3,3,0,3,0,3,0,0,0,0,0,0,0,0,0,0,0,0,1,0,0,0,1,1,0,0,0,0,0,0,0,0,0,0,0,0,0,0,0,0,0,0,0,0,0,0,0,0,0,0,0,0,0,3,0,0,0,0,0,0,0
Mitchell,1986,South Dakota,SD,13936,SD01701,SD0170100,46,035,46035,local police department,"cities 10,000-24,999",west north central,non-suburban,5,2,3,2,3,2,0,0,0,0,0,0,0,0,0,0,0,0,1,0,0,0,1,0,0,0,0,0,0,0,0,0,0,3,0,0,0,0,0,0,0,0,0,0,0,0,0,0,0,0,0,0,0,2,0,0,0,3,0,0,0
Day,1986,South Dakota,SD,7981,SD01800,SD0180000,46,037,46037,sheriffs office,"non-msa cnty under 10,000",west north central,non-suburban,1,0,1,0,1,0,0,0,0,0,0,0,0,0,0,0,0,0,0,0,0,0,0,0,0,0,0,0,0,0,0,0,0,0,0,1,0,0,0,0,0,0,0,0,0,0,0,0,0,0,0,0,0,0,0,0,0,0,0,0,1
Deuel,1986,South Dakota,SD,5245,SD01900,SD0190000,46,039,46039,sheriffs office,"non-msa cnty under 10,000",west north central,non-suburban,0,0,0,0,0,0,0,0,0,0,0,0,0,0,0,0,0,0,0,0,0,0,0,0,0,0,0,0,0,0,0,0,0,0,0,0,0,0,0,0,0,0,0,0,0,0,0,0,0,0,0,0,0,0,0,0,0,0,0,0,0
Edmunds,1986,South Dakota,SD,5008,SD02200,SD0220000,46,045,46045,sheriffs office,"non-msa cnty under 10,000",west north central,non-suburban,2,0,2,2,0,0,2,0,2,0,0,0,0,2,0,0,0,0,0,0,0,0,0,0,0,0,0,0,0,0,0,0,0,0,0,0,0,0,0,0,0,0,0,0,0,0,0,0,0,0,0,0,0,0,0,0,0,2,0,0,0
Grant,1986,South Dakota,SD,5136,SD02500,SD0250000,46,051,46051,sheriffs office,"non-msa cnty under 10,000",west north central,non-suburban,0,0,0,0,0,0,0,0,0,0,0,0,0,0,0,0,0,0,0,0,0,0,0,0,0,0,0,0,0,0,0,0,0,0,0,0,0,0,0,0,0,0,0,0,0,0,0,0,0,0,0,0,0,0,0,0,0,0,0,0,0
Milbank,1986,South Dakota,SD,4374,SD02501,SD0250100,46,051,46051,local police department,"cities 2,500-9,999",west north central,non-suburban,0,0,0,0,0,0,0,0,0,0,0,0,0,0,0,0,0,0,0,0,0,0,0,0,0,0,0,0,0,0,0,0,0,0,0,0,0,0,0,0,0,0,0,0,0,0,0,0,0,0,0,0,0,0,0,0,0,0,0,0,0
Haakon,1986,South Dakota,SD,2944,SD02700,SD0270000,46,055,46055,sheriffs office,"non-msa cnty under 10,000",west north central,non-suburban,1,1,0,0,1,0,0,1,0,0,0,0,0,0,0,0,0,0,0,0,0,0,0,0,0,0,0,0,0,0,0,0,0,0,0,0,0,0,0,0,0,0,0,0,0,1,0,0,0,0,0,0,0,0,0,0,1,0,0,0,0
Harding,1986,South Dakota,SD,1861,SD03100,SD0310000,46,063,46063,sheriffs office,"non-msa cnty under 10,000",west north central,non-suburban,3,1,2,3,0,1,2,0,2,0,0,0,2,0,0,0,0,0,0,0,0,0,1,0,0,0,0,0,0,0,0,0,0,0,0,0,0,0,0,0,0,0,0,0,0,0,0,0,0,0,0,0,0,1,0,0,0,0,0,0,0
Hughes,1986,South Dakota,SD,2320,SD03200,SD0320000,46,065,46065,sheriffs office,"non-msa cnty under 10,000",west north central,non-suburban,0,0,0,0,0,0,0,0,0,0,0,0,0,0,0,0,0,0,0,0,0,0,0,0,0,0,0,0,0,0,0,0,0,0,0,0,0,0,0,0,0,0,0,0,0,0,0,0,0,0,0,0,0,0,0,0,0,0,0,0,0
Pierre,1986,South Dakota,SD,12441,SD03201,SD0320100,46,065,46065,local police department,"cities 10,000-24,999",west north central,non-suburban,17,4,13,7,10,2,5,2,5,0,1,2,2,0,0,0,1,0,0,0,0,1,0,0,0,0,0,0,0,0,0,0,1,6,1,0,0,1,0,0,0,0,0,1,0,0,0,0,0,0,0,0,0,3,0,0,1,5,0,0,8
Jackson,1986,South Dakota,SD,3326,SD03500,SD0350000,46,071,46071,sheriffs office,"non-msa cnty under 10,000",west north central,non-suburban,0,0,0,0,0,0,0,0,0,0,0,0,0,0,0,0,0,0,0,0,0,0,0,0,0,0,0,0,0,0,0,0,0,0,0,0,0,0,0,0,0,0,0,0,0,0,0,0,0,0,0,0,0,0,0,0,0,0,0,0,0
Jones,1986,South Dakota,SD,1508,SD03700,SD0370000,46,075,46075,sheriffs office,"non-msa cnty under 10,000",west north central,non-suburban,1,1,0,1,0,1,0,0,0,0,0,0,0,0,0,0,0,0,0,0,0,0,0,1,0,0,0,0,0,0,0,0,0,0,0,0,0,0,0,0,0,0,0,0,0,0,0,0,0,0,0,0,0,0,1,0,0,0,0,0,0
Lake,1986,South Dakota,SD,4620,SD03900,SD0390000,46,079,46079,sheriffs office,"non-msa cnty under 10,000",west north central,non-suburban,2,0,2,2,0,0,2,0,2,0,0,0,2,0,0,0,0,0,0,0,0,0,0,0,0,0,0,0,0,0,0,0,0,0,0,0,0,0,0,0,0,0,0,0,0,0,0,0,0,0,0,0,0,0,0,0,0,0,0,0,2
Madison,1986,South Dakota,SD,6369,SD03901,SD0390100,46,079,46079,local police department,"cities 2,500-9,999",west north central,non-suburban,0,0,0,0,0,0,0,0,0,0,0,0,0,0,0,0,0,0,0,0,0,0,0,0,0,0,0,0,0,0,0,0,0,0,0,0,0,0,0,0,0,0,0,0,0,0,0,0,0,0,0,0,0,0,0,0,0,0,0,0,0
Lawrence,1986,South Dakota,SD,7291,SD04000,SD0400000,46,081,46081,sheriffs office,"non-msa cnty under 10,000",west north central,non-suburban,4,2,2,4,0,2,2,0,2,0,0,0,0,2,0,1,0,0,0,0,0,0,0,0,1,0,0,0,0,0,0,0,0,0,0,0,0,0,0,0,0,0,0,0,0,0,0,0,0,0,0,0,0,2,0,0,0,2,0,0,0
Deadwood,1986,South Dakota,SD,2050,SD04001,SD0400100,46,081,46081,local police department,"cities under 2,500",west north central,non-suburban,2,2,0,2,0,2,0,0,0,0,0,0,0,0,0,0,0,0,0,0,0,0,0,1,0,1,0,0,0,0,0,0,0,0,0,0,0,0,0,0,0,0,0,0,0,0,0,0,0,0,0,0,0,2,0,0,0,0,0,0,0
Lead,1986,South Dakota,SD,4169,SD04002,SD0400200,46,081,46081,local police department,"cities 2,500-9,999",west north central,non-suburban,0,0,0,0,0,0,0,0,0,0,0,0,0,0,0,0,0,0,0,0,0,0,0,0,0,0,0,0,0,0,0,0,0,0,0,0,0,0,0,0,0,0,0,0,0,0,0,0,0,0,0,0,0,0,0,0,0,0,0,0,0
Spearfish,1986,South Dakota,SD,5728,SD04003,SD0400300,46,081,46081,local police department,"cities 2,500-9,999",west north central,non-suburban,3,3,0,3,0,3,0,0,0,0,0,0,0,0,0,2,0,0,1,0,0,0,0,0,0,0,0,0,0,0,0,0,0,0,0,0,0,0,0,0,0,0,0,0,0,0,0,0,0,0,0,0,0,2,0,0,1,0,0,0,0
Lincoln,1986,South Dakota,SD,11476,SD04100,SD0410000,46,083,46083,sheriffs office,"non-msa cnty 10,000-24,999",west north central,non-suburban,2,2,0,2,0,2,0,0,0,0,0,0,0,0,0,0,0,0,1,0,1,0,0,0,0,0,0,0,0,0,0,0,0,0,0,0,0,0,0,0,0,0,0,0,0,0,0,0,0,0,0,0,0,2,0,0,0,0,0,0,0
Lyman,1986,South Dakota,SD,3910,SD04200,SD0420000,46,085,46085,sheriffs office,"non-msa cnty under 10,000",west north central,non-suburban,0,0,0,0,0,0,0,0,0,0,0,0,0,0,0,0,0,0,0,0,0,0,0,0,0,0,0,0,0,0,0,0,0,0,0,0,0,0,0,0,0,0,0,0,0,0,0,0,0,0,0,0,0,0,0,0,0,0,0,0,0
Salem,1986,South Dakota,SD,1409,SD04301,SD0430100,46,087,46087,local police department,"cities under 2,500",west north central,non-suburban,0,0,0,0,0,0,0,0,0,0,0,0,0,0,0,0,0,0,0,0,0,0,0,0,0,0,0,0,0,0,0,0,0,0,0,0,0,0,0,0,0,0,0,0,0,0,0,0,0,0,0,0,0,0,0,0,0,0,0,0,0
Marshall,1986,South Dakota,SD,5279,SD04500,SD0450000,46,091,46091,sheriffs office,"non-msa cnty under 10,000",west north central,non-suburban,0,0,0,0,0,0,0,0,0,0,0,0,0,0,0,0,0,0,0,0,0,0,0,0,0,0,0,0,0,0,0,0,0,0,0,0,0,0,0,0,0,0,0,0,0,0,0,0,0,0,0,0,0,0,0,0,0,0,0,0,0
Sturgis,1986,South Dakota,SD,5065,SD04601,SD0460100,46,093,46093,local police department,"cities 2,500-9,999",west north central,non-suburban,2,2,0,1,1,1,0,1,0,0,0,0,0,0,0,0,0,0,0,0,0,0,0,0,1,0,0,0,0,0,0,0,0,0,0,0,0,0,0,0,0,0,0,0,0,0,1,0,0,0,0,0,0,2,0,0,0,0,0,0,0
Miner,1986,South Dakota,SD,3554,SD04800,SD0480000,46,097,46097,sheriffs office,"non-msa cnty under 10,000",west north central,non-suburban,0,0,0,0,0,0,0,0,0,0,0,0,0,0,0,0,0,0,0,0,0,0,0,0,0,0,0,0,0,0,0,0,0,0,0,0,0,0,0,0,0,0,0,0,0,0,0,0,0,0,0,0,0,0,0,0,0,0,0,0,0
Minnehaha,1986,South Dakota,SD,30463,SD04900,SD0490000,46,099,46099,sheriffs office,"msa cnty 25,000-99,999",west north central,suburban,5,5,0,4,1,4,0,1,0,0,0,0,0,0,0,1,0,0,1,0,0,0,2,0,0,0,0,0,0,0,0,0,0,0,0,0,0,0,0,0,0,0,1,0,0,0,0,0,0,0,0,0,0,5,0,0,0,0,0,0,0
Sioux Falls,1986,South Dakota,SD,88050,SD04902,SD0490200,46,099,46099,local police department,"cities 50,000-99,999",west north central,non-suburban,55,27,28,52,3,26,25,1,25,1,3,6,2,8,6,0,4,2,3,5,3,0,5,1,2,0,0,1,0,0,0,0,0,0,0,1,1,0,0,0,0,0,0,0,1,0,0,0,0,0,0,0,0,16,1,0,10,20,0,3,5
Moody,1986,South Dakota,SD,6943,SD05000,SD0500000,46,101,46101,sheriffs office,"non-msa cnty under 10,000",west north central,non-suburban,2,0,2,2,0,0,2,0,2,0,0,0,0,2,0,0,0,0,0,0,0,0,0,0,0,0,0,0,0,0,0,0,0,0,0,0,0,0,0,0,0,0,0,0,0,0,0,0,0,0,0,0,0,0,0,0,0,0,0,0,2
Pennington,1986,South Dakota,SD,25649,SD05100,SD0510000,46,103,46103,sheriffs office,"msa cnty 25,000-99,999",west north central,suburban,6,4,2,6,0,4,2,0,2,0,0,2,0,0,0,1,1,0,0,0,0,0,0,1,0,0,1,0,0,0,0,0,0,0,0,0,0,0,0,0,0,0,0,0,0,0,0,0,0,0,0,0,0,3,0,0,1,2,0,0,0
Rapid City,1986,South Dakota,SD,49300,SD05101,SD0510100,46,103,46103,local police department,"cities 25,000-49,999",west north central,suburban,19,13,6,15,4,11,4,2,4,0,0,0,2,2,0,1,1,0,1,0,1,0,2,3,2,0,0,0,0,0,0,0,0,0,0,2,0,1,0,0,0,0,0,0,0,1,0,0,0,0,0,0,0,2,1,0,10,4,0,0,2
Potter,1986,South Dakota,SD,3723,SD05300,SD0530000,46,107,46107,sheriffs office,"non-msa cnty under 10,000",west north central,non-suburban,0,0,0,0,0,0,0,0,0,0,0,0,0,0,0,0,0,0,0,0,0,0,0,0,0,0,0,0,0,0,0,0,0,0,0,0,0,0,0,0,0,0,0,0,0,0,0,0,0,0,0,0,0,0,0,0,0,0,0,0,0
Spink,1986,South Dakota,SD,6126,SD05700,SD0570000,46,115,46115,sheriffs office,"non-msa cnty under 10,000",west north central,non-suburban,0,0,0,0,0,0,0,0,0,0,0,0,0,0,0,0,0,0,0,0,0,0,0,0,0,0,0,0,0,0,0,0,0,0,0,0,0,0,0,0,0,0,0,0,0,0,0,0,0,0,0,0,0,0,0,0,0,0,0,0,0
Redfield,1986,South Dakota,SD,3029,SD05701,SD0570100,46,115,46115,local police department,"cities 2,500-9,999",west north central,non-suburban,2,1,1,1,1,1,0,0,0,0,0,0,0,0,0,1,0,0,0,0,0,0,0,0,0,0,0,0,0,0,0,0,0,0,1,0,0,0,0,0,0,0,0,0,0,0,0,0,0,0,0,0,0,1,0,0,0,1,0,0,0
Fort Pierre,1986,South Dakota,SD,1674,SD05801,SD0580100,46,117,46117,local police department,"cities under 2,500",west north central,non-suburban,1,1,0,1,0,1,0,0,0,0,0,0,0,0,0,0,0,0,0,0,0,1,0,0,0,0,0,0,0,0,0,0,0,0,0,0,0,0,0,0,0,0,0,0,0,0,0,0,0,0,0,0,0,1,0,0,0,0,0,0,0
Union,1986,South Dakota,SD,10850,SD06300,SD0630000,46,127,46127,sheriffs office,"non-msa cnty 10,000-24,999",west north central,non-suburban,3,3,0,0,3,0,0,3,0,0,0,0,0,0,0,0,0,0,0,0,0,0,0,0,0,0,0,0,0,0,0,0,0,0,0,0,0,0,0,0,0,0,1,0,1,0,0,0,1,0,0,0,0,3,0,0,0,0,0,0,0
Mobridge,1986,South Dakota,SD,4148,SD06401,SD0640100,46,129,46129,local police department,"cities 2,500-9,999",west north central,non-suburban,3,1,2,3,0,1,2,0,2,0,1,0,1,0,0,1,0,0,0,0,0,0,0,0,0,0,0,0,0,0,0,0,0,0,0,0,0,0,0,0,0,0,0,0,0,0,0,0,0,0,0,0,0,1,0,0,0,0,0,0,2
Yankton,1986,South Dakota,SD,7007,SD06600,SD0660000,46,135,46135,sheriffs office,"non-msa cnty under 10,000",west north central,non-suburban,0,0,0,0,0,0,0,0,0,0,0,0,0,0,0,0,0,0,0,0,0,0,0,0,0,0,0,0,0,0,0,0,0,0,0,0,0,0,0,0,0,0,0,0,0,0,0,0,0,0,0,0,0,0,0,0,0,0,0,0,0
Yankton,1986,South Dakota,SD,12151,SD06601,SD0660100,46,135,46135,local police department,"cities 10,000-24,999",west north central,non-suburban,3,1,2,3,0,1,2,0,2,0,0,0,0,2,0,0,0,0,0,0,0,0,0,1,0,0,0,0,0,0,0,0,0,0,0,0,0,0,0,0,0,0,0,0,0,0,0,0,0,0,0,0,0,1,0,0,0,1,1,0,0
Aurora,1987,South Dakota,SD,3308,SD00100,SD0010000,46,003,46003,sheriffs office,"non-msa cnty under 10,000",west north central,non-suburban,2,0,2,2,0,0,2,0,2,0,0,0,1,0,1,0,0,0,0,0,0,0,0,0,0,0,0,0,0,0,0,0,0,0,0,0,0,0,0,0,0,0,0,0,0,0,0,0,0,0,0,0,0,0,0,0,0,0,0,0,0
Huron,1987,South Dakota,SD,12271,SD00201,SD0020100,46,005,46005,local police department,"cities 10,000-24,999",west north central,non-suburban,2,0,2,2,0,0,2,0,2,0,0,1,1,0,0,0,0,0,0,0,0,0,0,0,0,0,0,0,0,0,0,0,0,0,0,0,0,0,0,0,0,0,0,0,0,0,0,0,0,0,0,0,0,0,0,0,0,0,0,0,2
Bon Homme,1987,South Dakota,SD,6817,SD00400,SD0040000,46,009,46009,sheriffs office,"non-msa cnty under 10,000",west north central,non-suburban,1,0,1,0,1,0,0,0,0,0,0,0,0,0,0,0,0,0,0,0,0,0,0,0,0,0,0,0,0,0,0,0,0,0,1,0,0,0,0,0,0,0,0,0,0,0,0,0,0,0,0,0,0,0,0,0,0,1,0,0,0
Brookings,1987,South Dakota,SD,14838,SD00501,SD0050100,46,011,46011,local police department,"cities 10,000-24,999",west north central,non-suburban,4,4,0,4,0,4,0,0,0,0,0,0,0,0,0,0,0,0,1,0,0,1,2,0,0,0,0,0,0,0,0,0,0,0,0,0,0,0,0,0,0,0,0,0,0,0,0,0,0,0,0,0,0,4,0,0,0,0,0,0,0
Brown,1987,South Dakota,SD,11058,SD00600,SD0060000,46,013,46013,sheriffs office,"non-msa cnty 10,000-24,999",west north central,non-suburban,2,0,2,1,1,0,1,0,1,0,0,0,0,0,1,0,0,0,0,0,0,0,0,0,0,0,0,0,0,0,0,0,0,0,1,0,0,0,0,0,0,0,0,0,0,0,0,0,0,0,0,0,0,0,0,0,0,1,0,0,1
Aberdeen,1987,South Dakota,SD,25735,SD00601,SD0060100,46,013,46013,local police department,"cities 25,000-49,999",west north central,non-suburban,14,13,1,11,3,10,1,3,1,0,0,0,0,1,0,2,0,0,2,0,0,1,4,0,1,0,0,0,0,0,0,0,0,0,0,0,0,0,2,1,0,0,0,0,0,0,0,0,0,0,0,0,0,6,0,0,7,1,0,0,0
Brule,1987,South Dakota,SD,3248,SD00700,SD0070000,46,015,46015,sheriffs office,"non-msa cnty under 10,000",west north central,non-suburban,0,0,0,0,0,0,0,0,0,0,0,0,0,0,0,0,0,0,0,0,0,0,0,0,0,0,0,0,0,0,0,0,0,0,0,0,0,0,0,0,0,0,0,0,0,0,0,0,0,0,0,0,0,0,0,0,0,0,0,0,0
Chamberlain,1987,South Dakota,SD,2266,SD00701,SD0070100,46,015,46015,local police department,"cities under 2,500",west north central,non-suburban,0,0,0,0,0,0,0,0,0,0,0,0,0,0,0,0,0,0,0,0,0,0,0,0,0,0,0,0,0,0,0,0,0,0,0,0,0,0,0,0,0,0,0,0,0,0,0,0,0,0,0,0,0,0,0,0,0,0,0,0,0
Belle Fourche,1987,South Dakota,SD,4562,SD00901,SD0090100,46,019,46019,local police department,"cities 2,500-9,999",west north central,non-suburban,1,0,1,1,0,0,1,0,1,0,0,0,0,1,0,0,0,0,0,0,0,0,0,0,0,0,0,0,0,0,0,0,0,0,0,0,0,0,0,0,0,0,0,0,0,0,0,0,0,0,0,0,0,0,0,0,0,0,0,0,1
Charles Mix,1987,South Dakota,SD,9424,SD01100,SD0110000,46,023,46023,sheriffs office,"non-msa cnty under 10,000",west north central,non-suburban,0,0,0,0,0,0,0,0,0,0,0,0,0,0,0,0,0,0,0,0,0,0,0,0,0,0,0,0,0,0,0,0,0,0,0,0,0,0,0,0,0,0,0,0,0,0,0,0,0,0,0,0,0,0,0,0,0,0,0,0,0
Clark,1987,South Dakota,SD,4812,SD01200,SD0120000,46,025,46025,sheriffs office,"non-msa cnty under 10,000",west north central,non-suburban,0,0,0,0,0,0,0,0,0,0,0,0,0,0,0,0,0,0,0,0,0,0,0,0,0,0,0,0,0,0,0,0,0,0,0,0,0,0,0,0,0,0,0,0,0,0,0,0,0,0,0,0,0,0,0,0,0,0,0,0,0
Clay,1987,South Dakota,SD,3539,SD01300,SD0130000,46,027,46027,sheriffs office,"non-msa cnty under 10,000",west north central,non-suburban,0,0,0,0,0,0,0,0,0,0,0,0,0,0,0,0,0,0,0,0,0,0,0,0,0,0,0,0,0,0,0,0,0,0,0,0,0,0,0,0,0,0,0,0,0,0,0,0,0,0,0,0,0,0,0,0,0,0,0,0,0
Vermillion,1987,South Dakota,SD,9294,SD01301,SD0130100,46,027,46027,local police department,"cities 2,500-9,999",west north central,non-suburban,3,3,0,3,0,3,0,0,0,0,0,0,0,0,0,0,0,0,0,1,0,0,2,0,0,0,0,0,0,0,0,0,0,0,0,0,0,0,0,0,0,0,0,0,0,0,0,0,0,0,0,0,0,1,0,0,2,0,0,0,0
Watertown,1987,South Dakota,SD,16712,SD01401,SD0140100,46,029,46029,local police department,"cities 10,000-24,999",west north central,non-suburban,4,0,4,4,0,0,4,0,4,0,1,1,1,1,0,0,0,0,0,0,0,0,0,0,0,0,0,0,0,0,0,0,0,0,0,0,0,0,0,0,0,0,0,0,0,0,0,0,0,0,0,0,0,0,0,0,0,3,0,0,1
Custer,1987,South Dakota,SD,6918,SD01600,SD0160000,46,033,46033,sheriffs office,"non-msa cnty under 10,000",west north central,non-suburban,4,0,4,4,0,0,4,0,4,0,0,0,1,1,2,0,0,0,0,0,0,0,0,0,0,0,0,0,0,0,0,0,0,0,0,0,0,0,0,0,0,0,0,0,0,0,0,0,0,0,0,0,0,0,0,0,0,0,0,0,0
Mitchell,1987,South Dakota,SD,13655,SD01701,SD0170100,46,035,46035,local police department,"cities 10,000-24,999",west north central,non-suburban,2,2,0,2,0,2,0,0,0,0,0,0,0,0,0,1,0,0,0,0,0,0,1,0,0,0,0,0,0,0,0,0,0,0,0,0,0,0,0,0,0,0,0,0,0,0,0,0,0,0,0,0,0,2,0,0,0,0,0,0,0
Day,1987,South Dakota,SD,7920,SD01800,SD0180000,46,037,46037,sheriffs office,"non-msa cnty under 10,000",west north central,non-suburban,0,0,0,0,0,0,0,0,0,0,0,0,0,0,0,0,0,0,0,0,0,0,0,0,0,0,0,0,0,0,0,0,0,0,0,0,0,0,0,0,0,0,0,0,0,0,0,0,0,0,0,0,0,0,0,0,0,0,0,0,0
Deuel,1987,South Dakota,SD,5013,SD01900,SD0190000,46,039,46039,sheriffs office,"non-msa cnty under 10,000",west north central,non-suburban,0,0,0,0,0,0,0,0,0,0,0,0,0,0,0,0,0,0,0,0,0,0,0,0,0,0,0,0,0,0,0,0,0,0,0,0,0,0,0,0,0,0,0,0,0,0,0,0,0,0,0,0,0,0,0,0,0,0,0,0,0
Edmunds,1987,South Dakota,SD,5013,SD02200,SD0220000,46,045,46045,sheriffs office,"non-msa cnty under 10,000",west north central,non-suburban,0,0,0,0,0,0,0,0,0,0,0,0,0,0,0,0,0,0,0,0,0,0,0,0,0,0,0,0,0,0,0,0,0,0,0,0,0,0,0,0,0,0,0,0,0,0,0,0,0,0,0,0,0,0,0,0,0,0,0,0,0
Grant,1987,South Dakota,SD,4793,SD02500,SD0250000,46,051,46051,sheriffs office,"non-msa cnty under 10,000",west north central,non-suburban,0,0,0,0,0,0,0,0,0,0,0,0,0,0,0,0,0,0,0,0,0,0,0,0,0,0,0,0,0,0,0,0,0,0,0,0,0,0,0,0,0,0,0,0,0,0,0,0,0,0,0,0,0,0,0,0,0,0,0,0,0
Milbank,1987,South Dakota,SD,4130,SD02501,SD0250100,46,051,46051,local police department,"cities 2,500-9,999",west north central,non-suburban,0,0,0,0,0,0,0,0,0,0,0,0,0,0,0,0,0,0,0,0,0,0,0,0,0,0,0,0,0,0,0,0,0,0,0,0,0,0,0,0,0,0,0,0,0,0,0,0,0,0,0,0,0,0,0,0,0,0,0,0,0
Haakon,1987,South Dakota,SD,2807,SD02700,SD0270000,46,055,46055,sheriffs office,"non-msa cnty under 10,000",west north central,non-suburban,1,1,0,1,0,1,0,0,0,0,0,0,0,0,0,0,0,0,0,0,0,0,1,0,0,0,0,0,0,0,0,0,0,0,0,0,0,0,0,0,0,0,0,0,0,0,0,0,0,0,0,0,0,0,0,0,1,0,0,0,0
Harding,1987,South Dakota,SD,1805,SD03100,SD0310000,46,063,46063,sheriffs office,"non-msa cnty under 10,000",west north central,non-suburban,0,0,0,0,0,0,0,0,0,0,0,0,0,0,0,0,0,0,0,0,0,0,0,0,0,0,0,0,0,0,0,0,0,0,0,0,0,0,0,0,0,0,0,0,0,0,0,0,0,0,0,0,0,0,0,0,0,0,0,0,0
Hughes,1987,South Dakota,SD,2306,SD03200,SD0320000,46,065,46065,sheriffs office,"non-msa cnty under 10,000",west north central,non-suburban,0,0,0,0,0,0,0,0,0,0,0,0,0,0,0,0,0,0,0,0,0,0,0,0,0,0,0,0,0,0,0,0,0,0,0,0,0,0,0,0,0,0,0,0,0,0,0,0,0,0,0,0,0,0,0,0,0,0,0,0,0
Pierre,1987,South Dakota,SD,12632,SD03201,SD0320100,46,065,46065,local police department,"cities 10,000-24,999",west north central,non-suburban,8,3,5,8,0,3,5,0,5,0,0,0,3,1,1,1,1,0,0,1,0,0,0,0,0,0,0,0,0,0,0,0,0,0,0,0,0,0,0,0,0,0,0,0,0,0,0,0,0,0,0,0,0,3,0,0,0,3,0,0,2
Hyde,1987,South Dakota,SD,1905,SD03400,SD0340000,46,069,46069,sheriffs office,"non-msa cnty under 10,000",west north central,non-suburban,2,1,1,2,0,1,1,0,1,0,0,0,1,0,0,0,0,0,0,0,0,1,0,0,0,0,0,0,0,0,0,0,0,0,0,0,0,0,0,0,0,0,0,0,0,0,0,0,0,0,0,0,0,1,0,0,0,0,0,0,1
Jones,1987,South Dakota,SD,1504,SD03700,SD0370000,46,075,46075,sheriffs office,"non-msa cnty under 10,000",west north central,non-suburban,5,2,3,5,0,2,3,0,3,0,0,0,2,0,1,0,0,0,0,0,0,1,1,0,0,0,0,0,0,0,0,0,0,0,0,0,0,0,0,0,0,0,0,0,0,0,0,0,0,0,0,0,0,1,1,0,0,3,0,0,0
Lake,1987,South Dakota,SD,4551,SD03900,SD0390000,46,079,46079,sheriffs office,"non-msa cnty under 10,000",west north central,non-suburban,0,0,0,0,0,0,0,0,0,0,0,0,0,0,0,0,0,0,0,0,0,0,0,0,0,0,0,0,0,0,0,0,0,0,0,0,0,0,0,0,0,0,0,0,0,0,0,0,0,0,0,0,0,0,0,0,0,0,0,0,0
Madison,1987,South Dakota,SD,6276,SD03901,SD0390100,46,079,46079,local police department,"cities 2,500-9,999",west north central,non-suburban,0,0,0,0,0,0,0,0,0,0,0,0,0,0,0,0,0,0,0,0,0,0,0,0,0,0,0,0,0,0,0,0,0,0,0,0,0,0,0,0,0,0,0,0,0,0,0,0,0,0,0,0,0,0,0,0,0,0,0,0,0
Lawrence,1987,South Dakota,SD,7419,SD04000,SD0400000,46,081,46081,sheriffs office,"non-msa cnty under 10,000",west north central,non-suburban,1,1,0,1,0,1,0,0,0,0,0,0,0,0,0,1,0,0,0,0,0,0,0,0,0,0,0,0,0,0,0,0,0,0,0,0,0,0,0,0,0,0,0,0,0,0,0,0,0,0,0,0,0,0,0,0,1,0,0,0,0
Deadwood,1987,South Dakota,SD,2025,SD04001,SD0400100,46,081,46081,local police department,"cities under 2,500",west north central,non-suburban,0,0,0,0,0,0,0,0,0,0,0,0,0,0,0,0,0,0,0,0,0,0,0,0,0,0,0,0,0,0,0,0,0,0,0,0,0,0,0,0,0,0,0,0,0,0,0,0,0,0,0,0,0,0,0,0,0,0,0,0,0
Lead,1987,South Dakota,SD,4e3,SD04002,SD0400200,46,081,46081,local police department,"cities 2,500-9,999",west north central,non-suburban,2,1,1,2,0,1,1,0,1,0,1,0,0,0,0,0,0,0,1,0,0,0,0,0,0,0,0,0,0,0,0,0,0,0,0,0,0,0,0,0,0,0,0,0,0,0,0,0,0,0,0,0,0,1,0,0,0,1,0,0,0
Spearfish,1987,South Dakota,SD,6005,SD04003,SD0400300,46,081,46081,local police department,"cities 2,500-9,999",west north central,non-suburban,0,0,0,0,0,0,0,0,0,0,0,0,0,0,0,0,0,0,0,0,0,0,0,0,0,0,0,0,0,0,0,0,0,0,0,0,0,0,0,0,0,0,0,0,0,0,0,0,0,0,0,0,0,0,0,0,0,0,0,0,0
Lincoln,1987,South Dakota,SD,11600,SD04100,SD0410000,46,083,46083,sheriffs office,"non-msa cnty 10,000-24,999",west north central,non-suburban,0,0,0,0,0,0,0,0,0,0,0,0,0,0,0,0,0,0,0,0,0,0,0,0,0,0,0,0,0,0,0,0,0,0,0,0,0,0,0,0,0,0,0,0,0,0,0,0,0,0,0,0,0,0,0,0,0,0,0,0,0
Lyman,1987,South Dakota,SD,3709,SD04200,SD0420000,46,085,46085,sheriffs office,"non-msa cnty under 10,000",west north central,non-suburban,0,0,0,0,0,0,0,0,0,0,0,0,0,0,0,0,0,0,0,0,0,0,0,0,0,0,0,0,0,0,0,0,0,0,0,0,0,0,0,0,0,0,0,0,0,0,0,0,0,0,0,0,0,0,0,0,0,0,0,0,0
Salem,1987,South Dakota,SD,1323,SD04301,SD0430100,46,087,46087,local police department,"cities under 2,500",west north central,non-suburban,0,0,0,0,0,0,0,0,0,0,0,0,0,0,0,0,0,0,0,0,0,0,0,0,0,0,0,0,0,0,0,0,0,0,0,0,0,0,0,0,0,0,0,0,0,0,0,0,0,0,0,0,0,0,0,0,0,0,0,0,0
Marshall,1987,South Dakota,SD,5013,SD04500,SD0450000,46,091,46091,sheriffs office,"non-msa cnty under 10,000",west north central,non-suburban,0,0,0,0,0,0,0,0,0,0,0,0,0,0,0,0,0,0,0,0,0,0,0,0,0,0,0,0,0,0,0,0,0,0,0,0,0,0,0,0,0,0,0,0,0,0,0,0,0,0,0,0,0,0,0,0,0,0,0,0,0
Sturgis,1987,South Dakota,SD,5334,SD04601,SD0460100,46,093,46093,local police department,"cities 2,500-9,999",west north central,non-suburban,0,0,0,0,0,0,0,0,0,0,0,0,0,0,0,0,0,0,0,0,0,0,0,0,0,0,0,0,0,0,0,0,0,0,0,0,0,0,0,0,0,0,0,0,0,0,0,0,0,0,0,0,0,0,0,0,0,0,0,0,0
Miner,1987,South Dakota,SD,3509,SD04800,SD0480000,46,097,46097,sheriffs office,"non-msa cnty under 10,000",west north central,non-suburban,0,0,0,0,0,0,0,0,0,0,0,0,0,0,0,0,0,0,0,0,0,0,0,0,0,0,0,0,0,0,0,0,0,0,0,0,0,0,0,0,0,0,0,0,0,0,0,0,0,0,0,0,0,0,0,0,0,0,0,0,0
Moody,1987,South Dakota,SD,6717,SD05000,SD0500000,46,101,46101,sheriffs office,"non-msa cnty under 10,000",west north central,non-suburban,6,1,5,4,2,1,3,0,3,0,0,1,0,1,1,0,0,0,0,0,0,1,0,0,0,0,0,0,0,0,0,0,0,1,1,0,0,0,0,0,0,0,0,0,0,0,0,0,0,0,0,0,0,0,0,0,1,1,0,0,4
Pennington,1987,South Dakota,SD,23680,SD05100,SD0510000,46,103,46103,sheriffs office,"msa cnty 10,000-24,999",west north central,suburban,2,2,0,2,0,2,0,0,0,0,0,0,0,0,0,1,0,0,0,0,0,0,0,1,0,0,0,0,0,0,0,0,0,0,0,0,0,0,0,0,0,0,0,0,0,0,0,0,0,0,0,0,0,0,0,0,2,0,0,0,0
Rapid City,1987,South Dakota,SD,52614,SD05101,SD0510100,46,103,46103,local police department,"cities 50,000-99,999",west north central,suburban,24,9,15,17,7,8,9,1,9,0,0,1,1,3,4,0,0,0,0,2,1,0,2,0,0,3,0,0,0,0,0,1,1,3,1,0,0,1,0,0,0,0,0,0,0,0,0,0,0,0,0,0,0,5,0,0,4,11,0,0,4
Potter,1987,South Dakota,SD,3709,SD05300,SD0530000,46,107,46107,sheriffs office,"non-msa cnty under 10,000",west north central,non-suburban,0,0,0,0,0,0,0,0,0,0,0,0,0,0,0,0,0,0,0,0,0,0,0,0,0,0,0,0,0,0,0,0,0,0,0,0,0,0,0,0,0,0,0,0,0,0,0,0,0,0,0,0,0,0,0,0,0,0,0,0,0
Spink,1987,South Dakota,SD,8923,SD05700,SD0570000,46,115,46115,sheriffs office,"non-msa cnty under 10,000",west north central,non-suburban,1,1,0,1,0,1,0,0,0,0,0,0,0,0,0,0,0,0,0,0,0,0,0,0,1,0,0,0,0,0,0,0,0,0,0,0,0,0,0,0,0,0,0,0,0,0,0,0,0,0,0,0,0,0,0,0,0,0,0,0,0
Fort Pierre,1987,South Dakota,SD,1805,SD05801,SD0580100,46,117,46117,local police department,"cities under 2,500",west north central,non-suburban,1,1,0,0,1,0,0,1,0,0,0,0,0,0,0,0,0,0,0,0,0,0,0,0,0,0,0,0,0,0,0,0,0,0,0,0,0,0,0,0,0,0,0,1,0,0,0,0,0,0,0,0,0,0,0,0,1,0,0,0,0
Sully,1987,South Dakota,SD,1905,SD05900,SD0590000,46,119,46119,sheriffs office,"non-msa cnty under 10,000",west north central,non-suburban,0,0,0,0,0,0,0,0,0,0,0,0,0,0,0,0,0,0,0,0,0,0,0,0,0,0,0,0,0,0,0,0,0,0,0,0,0,0,0,0,0,0,0,0,0,0,0,0,0,0,0,0,0,0,0,0,0,0,0,0,0
Union,1987,South Dakota,SD,10527,SD06300,SD0630000,46,127,46127,sheriffs office,"non-msa cnty 10,000-24,999",west north central,non-suburban,3,0,3,3,0,0,3,0,3,0,0,1,0,1,1,0,0,0,0,0,0,0,0,0,0,0,0,0,0,0,0,0,0,0,0,0,0,0,0,0,0,0,0,0,0,0,0,0,0,0,0,0,0,0,0,0,0,2,0,0,0
Mobridge,1987,South Dakota,SD,4181,SD06401,SD0640100,46,129,46129,local police department,"cities 2,500-9,999",west north central,non-suburban,0,0,0,0,0,0,0,0,0,0,0,0,0,0,0,0,0,0,0,0,0,0,0,0,0,0,0,0,0,0,0,0,0,0,0,0,0,0,0,0,0,0,0,0,0,0,0,0,0,0,0,0,0,0,0,0,0,0,0,0,0
Yankton,1987,South Dakota,SD,7239,SD06600,SD0660000,46,135,46135,sheriffs office,"non-msa cnty under 10,000",west north central,non-suburban,0,0,0,0,0,0,0,0,0,0,0,0,0,0,0,0,0,0,0,0,0,0,0,0,0,0,0,0,0,0,0,0,0,0,0,0,0,0,0,0,0,0,0,0,0,0,0,0,0,0,0,0,0,0,0,0,0,0,0,0,0
Yankton,1987,South Dakota,SD,11609,SD06601,SD0660100,46,135,46135,local police department,"cities 10,000-24,999",west north central,non-suburban,4,2,2,2,2,0,2,2,2,0,0,0,2,0,0,0,0,0,0,0,0,0,0,0,0,0,0,0,0,0,0,0,0,0,0,0,0,0,0,0,0,1,0,0,1,0,0,0,0,0,0,0,0,0,0,0,2,0,0,0,2
Aurora,1988,South Dakota,SD,3328,SD00100,SD0010000,46,003,46003,sheriffs office,"non-msa cnty under 10,000",west north central,non-suburban,4,0,4,4,0,0,4,0,4,0,2,0,1,1,0,0,0,0,0,0,0,0,0,0,0,0,0,0,0,0,0,0,0,0,0,0,0,0,0,0,0,0,0,0,0,0,0,0,0,0,0,0,0,0,0,0,0,2,0,0,2
Beadle,1988,South Dakota,SD,6179,SD00200,SD0020000,46,005,46005,sheriffs office,"non-msa cnty under 10,000",west north central,non-suburban,2,1,1,2,0,1,1,0,1,0,0,0,1,0,0,0,0,0,0,0,0,0,1,0,0,0,0,0,0,0,0,0,0,0,0,0,0,0,0,0,0,0,0,0,0,0,0,0,0,0,0,0,0,0,0,0,1,1,0,0,0
Huron,1988,South Dakota,SD,12478,SD00201,SD0020100,46,005,46005,local police department,"cities 10,000-24,999",west north central,non-suburban,1,1,0,1,0,1,0,0,0,0,0,0,0,0,0,0,0,1,0,0,0,0,0,0,0,0,0,0,0,0,0,0,0,0,0,0,0,0,0,0,0,0,0,0,0,0,0,0,0,0,0,0,0,0,0,0,1,0,0,0,0
Brookings,1988,South Dakota,SD,14744,SD00501,SD0050100,46,011,46011,local police department,"cities 10,000-24,999",west north central,non-suburban,4,4,0,4,0,4,0,0,0,0,0,0,0,0,0,0,0,0,2,0,0,0,2,0,0,0,0,0,0,0,0,0,0,0,0,0,0,0,0,0,0,0,0,0,0,0,0,0,0,0,0,0,0,4,0,0,0,0,0,0,0
Brown,1988,South Dakota,SD,11124,SD00600,SD0060000,46,013,46013,sheriffs office,"non-msa cnty 10,000-24,999",west north central,non-suburban,3,1,2,3,0,1,2,0,2,0,0,0,1,1,0,0,0,0,0,0,0,0,1,0,0,0,0,0,0,0,0,0,0,0,0,0,0,0,0,0,0,0,0,0,0,0,0,0,0,0,0,0,0,1,0,0,0,2,0,0,0
Aberdeen,1988,South Dakota,SD,25887,SD00601,SD0060100,46,013,46013,local police department,"cities 25,000-49,999",west north central,non-suburban,12,12,0,9,3,9,0,3,0,0,0,0,0,0,0,1,3,1,0,0,0,1,1,0,1,1,0,0,0,0,0,0,0,0,0,0,0,0,1,0,0,0,0,0,2,0,0,0,0,0,0,0,0,12,0,0,0,0,0,0,0
Chamberlain,1988,South Dakota,SD,2197,SD00701,SD0070100,46,015,46015,local police department,"cities under 2,500",west north central,non-suburban,4,1,3,4,0,1,3,0,3,0,0,3,0,0,0,0,0,1,0,0,0,0,0,0,0,0,0,0,0,0,0,0,0,0,0,0,0,0,0,0,0,0,0,0,0,0,0,0,0,0,0,0,0,0,0,0,0,0,0,0,0
Belle Fourche,1988,South Dakota,SD,4589,SD00901,SD0090100,46,019,46019,local police department,"cities 2,500-9,999",west north central,non-suburban,0,0,0,0,0,0,0,0,0,0,0,0,0,0,0,0,0,0,0,0,0,0,0,0,0,0,0,0,0,0,0,0,0,0,0,0,0,0,0,0,0,0,0,0,0,0,0,0,0,0,0,0,0,0,0,0,0,0,0,0,0
Clark,1988,South Dakota,SD,4841,SD01200,SD0120000,46,025,46025,sheriffs office,"non-msa cnty under 10,000",west north central,non-suburban,1,1,0,1,0,1,0,0,0,0,0,0,0,0,0,0,0,0,1,0,0,0,0,0,0,0,0,0,0,0,0,0,0,0,0,0,0,0,0,0,0,0,0,0,0,0,0,0,0,0,0,0,0,1,0,0,0,0,0,0,0
Clay,1988,South Dakota,SD,3560,SD01300,SD0130000,46,027,46027,sheriffs office,"non-msa cnty under 10,000",west north central,non-suburban,0,0,0,0,0,0,0,0,0,0,0,0,0,0,0,0,0,0,0,0,0,0,0,0,0,0,0,0,0,0,0,0,0,0,0,0,0,0,0,0,0,0,0,0,0,0,0,0,0,0,0,0,0,0,0,0,0,0,0,0,0
Vermillion,1988,South Dakota,SD,9348,SD01301,SD0130100,46,027,46027,local police department,"cities 2,500-9,999",west north central,non-suburban,5,2,3,5,0,2,3,0,3,0,0,0,1,2,0,0,1,0,0,0,0,0,0,0,0,0,1,0,0,0,0,0,0,0,0,0,0,0,0,0,0,0,0,0,0,0,0,0,0,0,0,0,0,2,0,0,0,3,0,0,0
Watertown,1988,South Dakota,SD,16960,SD01401,SD0140100,46,029,46029,local police department,"cities 10,000-24,999",west north central,non-suburban,2,2,0,2,0,2,0,0,0,0,0,0,0,0,0,0,1,0,0,0,0,0,0,1,0,0,0,0,0,0,0,0,0,0,0,0,0,0,0,0,0,0,0,0,0,0,0,0,0,0,0,0,0,2,0,0,0,0,0,0,0
Custer,1988,South Dakota,SD,7059,SD01600,SD0160000,46,033,46033,sheriffs office,"non-msa cnty under 10,000",west north central,non-suburban,0,0,0,0,0,0,0,0,0,0,0,0,0,0,0,0,0,0,0,0,0,0,0,0,0,0,0,0,0,0,0,0,0,0,0,0,0,0,0,0,0,0,0,0,0,0,0,0,0,0,0,0,0,0,0,0,0,0,0,0,0
Mitchell,1988,South Dakota,SD,13815,SD01701,SD0170100,46,035,46035,local police department,"cities 10,000-24,999",west north central,non-suburban,1,1,0,1,0,1,0,0,0,0,0,0,0,0,0,0,0,0,0,0,0,1,0,0,0,0,0,0,0,0,0,0,0,0,0,0,0,0,0,0,0,0,0,0,0,0,0,0,0,0,0,0,0,1,0,0,0,0,0,0,0
Day,1988,South Dakota,SD,7765,SD01800,SD0180000,46,037,46037,sheriffs office,"non-msa cnty under 10,000",west north central,non-suburban,0,0,0,0,0,0,0,0,0,0,0,0,0,0,0,0,0,0,0,0,0,0,0,0,0,0,0,0,0,0,0,0,0,0,0,0,0,0,0,0,0,0,0,0,0,0,0,0,0,0,0,0,0,0,0,0,0,0,0,0,0
Deuel,1988,South Dakota,SD,4841,SD01900,SD0190000,46,039,46039,sheriffs office,"non-msa cnty under 10,000",west north central,non-suburban,0,0,0,0,0,0,0,0,0,0,0,0,0,0,0,0,0,0,0,0,0,0,0,0,0,0,0,0,0,0,0,0,0,0,0,0,0,0,0,0,0,0,0,0,0,0,0,0,0,0,0,0,0,0,0,0,0,0,0,0,0
Edmunds,1988,South Dakota,SD,4841,SD02200,SD0220000,46,045,46045,sheriffs office,"non-msa cnty under 10,000",west north central,non-suburban,1,1,0,1,0,1,0,0,0,0,0,0,0,0,0,0,0,0,0,0,0,0,0,0,0,0,0,1,0,0,0,0,0,0,0,0,0,0,0,0,0,0,0,0,0,0,0,0,0,0,0,0,0,1,0,0,0,0,0,0,0
Grant,1988,South Dakota,SD,4875,SD02500,SD0250000,46,051,46051,sheriffs office,"non-msa cnty under 10,000",west north central,non-suburban,4,4,0,4,0,4,0,0,0,0,0,0,0,0,0,0,0,0,0,0,0,0,4,0,0,0,0,0,0,0,0,0,0,0,0,0,0,0,0,0,0,0,0,0,0,0,0,0,0,0,0,0,0,4,0,0,0,0,0,0,0
Milbank,1988,South Dakota,SD,4201,SD02501,SD0250100,46,051,46051,local police department,"cities 2,500-9,999",west north central,non-suburban,0,0,0,0,0,0,0,0,0,0,0,0,0,0,0,0,0,0,0,0,0,0,0,0,0,0,0,0,0,0,0,0,0,0,0,0,0,0,0,0,0,0,0,0,0,0,0,0,0,0,0,0,0,0,0,0,0,0,0,0,0
Haakon,1988,South Dakota,SD,2824,SD02700,SD0270000,46,055,46055,sheriffs office,"non-msa cnty under 10,000",west north central,non-suburban,1,1,0,1,0,1,0,0,0,0,0,0,0,0,0,1,0,0,0,0,0,0,0,0,0,0,0,0,0,0,0,0,0,0,0,0,0,0,0,0,0,0,0,0,0,0,0,0,0,0,0,0,0,0,0,0,1,0,0,0,0
Hand,1988,South Dakota,SD,4538,SD02900,SD0290000,46,059,46059,sheriffs office,"non-msa cnty under 10,000",west north central,non-suburban,0,0,0,0,0,0,0,0,0,0,0,0,0,0,0,0,0,0,0,0,0,0,0,0,0,0,0,0,0,0,0,0,0,0,0,0,0,0,0,0,0,0,0,0,0,0,0,0,0,0,0,0,0,0,0,0,0,0,0,0,0
Harding,1988,South Dakota,SD,1714,SD03100,SD0310000,46,063,46063,sheriffs office,"non-msa cnty under 10,000",west north central,non-suburban,1,0,1,1,0,0,1,0,1,0,0,0,0,1,0,0,0,0,0,0,0,0,0,0,0,0,0,0,0,0,0,0,0,0,0,0,0,0,0,0,0,0,0,0,0,0,0,0,0,0,0,0,0,0,0,0,0,1,0,0,0
Pierre,1988,South Dakota,SD,12792,SD03201,SD0320100,46,065,46065,local police department,"cities 10,000-24,999",west north central,non-suburban,8,1,7,5,3,1,4,0,4,0,1,2,0,0,1,0,0,0,0,0,0,0,0,1,0,0,0,0,0,0,0,0,0,2,1,0,0,0,0,0,0,0,0,0,0,0,0,0,0,0,0,0,0,0,0,0,1,3,0,0,4
Hyde,1988,South Dakota,SD,1714,SD03400,SD0340000,46,069,46069,sheriffs office,"non-msa cnty under 10,000",west north central,non-suburban,0,0,0,0,0,0,0,0,0,0,0,0,0,0,0,0,0,0,0,0,0,0,0,0,0,0,0,0,0,0,0,0,0,0,0,0,0,0,0,0,0,0,0,0,0,0,0,0,0,0,0,0,0,0,0,0,0,0,0,0,0
Jackson,1988,South Dakota,SD,3530,SD03500,SD0350000,46,071,46071,sheriffs office,"non-msa cnty under 10,000",west north central,non-suburban,1,1,0,1,0,1,0,0,0,0,0,0,0,0,0,0,1,0,0,0,0,0,0,0,0,0,0,0,0,0,0,0,0,0,0,0,0,0,0,0,0,0,0,0,0,0,0,0,0,0,0,0,0,0,0,0,1,0,0,0,0
Jones,1988,South Dakota,SD,1513,SD03700,SD0370000,46,075,46075,sheriffs office,"non-msa cnty under 10,000",west north central,non-suburban,0,0,0,0,0,0,0,0,0,0,0,0,0,0,0,0,0,0,0,0,0,0,0,0,0,0,0,0,0,0,0,0,0,0,0,0,0,0,0,0,0,0,0,0,0,0,0,0,0,0,0,0,0,0,0,0,0,0,0,0,0
Lake,1988,South Dakota,SD,4451,SD03900,SD0390000,46,079,46079,sheriffs office,"non-msa cnty under 10,000",west north central,non-suburban,0,0,0,0,0,0,0,0,0,0,0,0,0,0,0,0,0,0,0,0,0,0,0,0,0,0,0,0,0,0,0,0,0,0,0,0,0,0,0,0,0,0,0,0,0,0,0,0,0,0,0,0,0,0,0,0,0,0,0,0,0
Madison,1988,South Dakota,SD,6138,SD03901,SD0390100,46,079,46079,local police department,"cities 2,500-9,999",west north central,non-suburban,1,1,0,1,0,1,0,0,0,0,0,0,0,0,0,0,0,0,0,0,0,0,0,1,0,0,0,0,0,0,0,0,0,0,0,0,0,0,0,0,0,0,0,0,0,0,0,0,0,0,0,0,0,1,0,0,0,0,0,0,0
Lawrence,1988,South Dakota,SD,7656,SD04000,SD0400000,46,081,46081,sheriffs office,"non-msa cnty under 10,000",west north central,non-suburban,1,1,0,1,0,1,0,0,0,0,0,0,0,0,0,0,0,0,0,0,0,1,0,0,0,0,0,0,0,0,0,0,0,0,0,0,0,0,0,0,0,0,0,0,0,0,0,0,0,0,0,0,0,1,0,0,0,0,0,0,0
Lead,1988,South Dakota,SD,4127,SD04002,SD0400200,46,081,46081,local police department,"cities 2,500-9,999",west north central,non-suburban,1,1,0,1,0,1,0,0,0,0,0,0,0,0,0,0,0,0,0,0,0,0,0,0,0,1,0,0,0,0,0,0,0,0,0,0,0,0,0,0,0,0,0,0,0,0,0,0,0,0,0,0,0,1,0,0,0,0,0,0,0
Spearfish,1988,South Dakota,SD,6196,SD04003,SD0400300,46,081,46081,local police department,"cities 2,500-9,999",west north central,non-suburban,0,0,0,0,0,0,0,0,0,0,0,0,0,0,0,0,0,0,0,0,0,0,0,0,0,0,0,0,0,0,0,0,0,0,0,0,0,0,0,0,0,0,0,0,0,0,0,0,0,0,0,0,0,0,0,0,0,0,0,0,0
Lincoln,1988,South Dakota,SD,11749,SD04100,SD0410000,46,083,46083,sheriffs office,"non-msa cnty 10,000-24,999",west north central,non-suburban,0,0,0,0,0,0,0,0,0,0,0,0,0,0,0,0,0,0,0,0,0,0,0,0,0,0,0,0,0,0,0,0,0,0,0,0,0,0,0,0,0,0,0,0,0,0,0,0,0,0,0,0,0,0,0,0,0,0,0,0,0
Lyman,1988,South Dakota,SD,3630,SD04200,SD0420000,46,085,46085,sheriffs office,"non-msa cnty under 10,000",west north central,non-suburban,0,0,0,0,0,0,0,0,0,0,0,0,0,0,0,0,0,0,0,0,0,0,0,0,0,0,0,0,0,0,0,0,0,0,0,0,0,0,0,0,0,0,0,0,0,0,0,0,0,0,0,0,0,0,0,0,0,0,0,0,0
Salem,1988,South Dakota,SD,1309,SD04301,SD0430100,46,087,46087,local police department,"cities under 2,500",west north central,non-suburban,0,0,0,0,0,0,0,0,0,0,0,0,0,0,0,0,0,0,0,0,0,0,0,0,0,0,0,0,0,0,0,0,0,0,0,0,0,0,0,0,0,0,0,0,0,0,0,0,0,0,0,0,0,0,0,0,0,0,0,0,0
Marshall,1988,South Dakota,SD,5042,SD04500,SD0450000,46,091,46091,sheriffs office,"non-msa cnty under 10,000",west north central,non-suburban,0,0,0,0,0,0,0,0,0,0,0,0,0,0,0,0,0,0,0,0,0,0,0,0,0,0,0,0,0,0,0,0,0,0,0,0,0,0,0,0,0,0,0,0,0,0,0,0,0,0,0,0,0,0,0,0,0,0,0,0,0
Sturgis,1988,South Dakota,SD,5411,SD04601,SD0460100,46,093,46093,local police department,"cities 2,500-9,999",west north central,non-suburban,2,2,0,0,2,0,0,2,0,0,0,0,0,0,0,0,0,0,0,0,0,0,0,0,0,0,0,0,0,0,0,0,0,0,0,0,0,0,0,0,0,0,0,0,0,1,0,0,1,0,0,0,0,2,0,0,0,0,0,0,0
Miner,1988,South Dakota,SD,3328,SD04800,SD0480000,46,097,46097,sheriffs office,"non-msa cnty under 10,000",west north central,non-suburban,0,0,0,0,0,0,0,0,0,0,0,0,0,0,0,0,0,0,0,0,0,0,0,0,0,0,0,0,0,0,0,0,0,0,0,0,0,0,0,0,0,0,0,0,0,0,0,0,0,0,0,0,0,0,0,0,0,0,0,0,0
Moody,1988,South Dakota,SD,6757,SD05000,SD0500000,46,101,46101,sheriffs office,"non-msa cnty under 10,000",west north central,non-suburban,2,0,2,0,2,0,0,0,0,0,0,0,0,0,0,0,0,0,0,0,0,0,0,0,0,0,0,0,0,0,0,0,0,1,1,0,0,0,0,0,0,0,0,0,0,0,0,0,0,0,0,0,0,0,0,0,0,0,0,0,2
Rapid City,1988,South Dakota,SD,55428,SD05101,SD0510100,46,103,46103,local police department,"cities 50,000-99,999",west north central,suburban,0,0,0,0,0,0,0,0,0,0,0,0,0,0,0,0,0,0,0,0,0,0,0,0,0,0,0,0,0,0,0,0,0,0,0,0,0,0,0,0,0,0,0,0,0,0,0,0,0,0,0,0,0,0,0,0,0,0,0,0,0
Potter,1988,South Dakota,SD,3731,SD05300,SD0530000,46,107,46107,sheriffs office,"non-msa cnty under 10,000",west north central,non-suburban,0,0,0,0,0,0,0,0,0,0,0,0,0,0,0,0,0,0,0,0,0,0,0,0,0,0,0,0,0,0,0,0,0,0,0,0,0,0,0,0,0,0,0,0,0,0,0,0,0,0,0,0,0,0,0,0,0,0,0,0,0
Spink,1988,South Dakota,SD,8673,SD05700,SD0570000,46,115,46115,sheriffs office,"non-msa cnty under 10,000",west north central,non-suburban,0,0,0,0,0,0,0,0,0,0,0,0,0,0,0,0,0,0,0,0,0,0,0,0,0,0,0,0,0,0,0,0,0,0,0,0,0,0,0,0,0,0,0,0,0,0,0,0,0,0,0,0,0,0,0,0,0,0,0,0,0
Fort Pierre,1988,South Dakota,SD,1748,SD05801,SD0580100,46,117,46117,local police department,"cities under 2,500",west north central,non-suburban,2,1,1,2,0,1,1,0,1,0,0,0,0,0,1,0,0,0,0,0,0,0,1,0,0,0,0,0,0,0,0,0,0,0,0,0,0,0,0,0,0,0,0,0,0,0,0,0,0,0,0,0,0,0,0,0,1,0,0,0,1
Union,1988,South Dakota,SD,10589,SD06300,SD0630000,46,127,46127,sheriffs office,"non-msa cnty 10,000-24,999",west north central,non-suburban,0,0,0,0,0,0,0,0,0,0,0,0,0,0,0,0,0,0,0,0,0,0,0,0,0,0,0,0,0,0,0,0,0,0,0,0,0,0,0,0,0,0,0,0,0,0,0,0,0,0,0,0,0,0,0,0,0,0,0,0,0
Mobridge,1988,South Dakota,SD,4143,SD06401,SD0640100,46,129,46129,local police department,"cities 2,500-9,999",west north central,non-suburban,1,1,0,1,0,1,0,0,0,0,0,0,0,0,0,0,0,0,0,1,0,0,0,0,0,0,0,0,0,0,0,0,0,0,0,0,0,0,0,0,0,0,0,0,0,0,0,0,0,0,0,0,0,0,0,0,0,0,0,0,0
Yankton,1988,South Dakota,SD,7282,SD06600,SD0660000,46,135,46135,sheriffs office,"non-msa cnty under 10,000",west north central,non-suburban,1,1,0,1,0,1,0,0,0,0,0,0,0,0,0,0,0,0,0,0,0,0,1,0,0,0,0,0,0,0,0,0,0,0,0,0,0,0,0,0,0,0,0,0,0,0,0,0,0,0,0,0,0,1,0,0,0,0,0,0,0
Yankton,1988,South Dakota,SD,11677,SD06601,SD0660100,46,135,46135,local police department,"cities 10,000-24,999",west north central,non-suburban,0,0,0,0,0,0,0,0,0,0,0,0,0,0,0,0,0,0,0,0,0,0,0,0,0,0,0,0,0,0,0,0,0,0,0,0,0,0,0,0,0,0,0,0,0,0,0,0,0,0,0,0,0,0,0,0,0,0,0,0,0
Aurora,1989,South Dakota,SD,3409,SD00100,SD0010000,46,003,46003,sheriffs office,"non-msa cnty under 10,000",west north central,non-suburban,16,3,13,16,0,3,13,0,13,0,0,4,2,5,2,1,0,0,0,0,1,0,0,0,0,1,0,0,0,0,0,0,0,0,0,0,0,0,0,0,0,0,0,0,0,0,0,0,0,0,0,0,0,3,0,0,0,5,0,0,8
Huron,1989,South Dakota,SD,12283,SD00201,SD0020100,46,005,46005,local police department,"cities 10,000-24,999",west north central,non-suburban,3,3,0,3,0,3,0,0,0,0,0,0,0,0,0,0,0,0,0,0,0,1,1,0,0,1,0,0,0,0,0,0,0,0,0,0,0,0,0,0,0,0,0,0,0,0,0,0,0,0,0,0,0,3,0,0,0,0,0,0,0
Bon Homme,1989,South Dakota,SD,6818,SD00400,SD0040000,46,009,46009,sheriffs office,"non-msa cnty under 10,000",west north central,non-suburban,0,0,0,0,0,0,0,0,0,0,0,0,0,0,0,0,0,0,0,0,0,0,0,0,0,0,0,0,0,0,0,0,0,0,0,0,0,0,0,0,0,0,0,0,0,0,0,0,0,0,0,0,0,0,0,0,0,0,0,0,0
Brookings,1989,South Dakota,SD,14478,SD00501,SD0050100,46,011,46011,local police department,"cities 10,000-24,999",west north central,non-suburban,10,2,8,7,3,2,5,0,5,0,0,1,3,0,1,0,0,0,0,0,0,0,1,0,0,0,0,0,1,0,0,0,0,1,2,0,0,0,0,0,0,0,0,0,0,0,0,0,0,0,0,0,0,1,0,0,0,1,0,0,7
Brown,1989,South Dakota,SD,11089,SD00600,SD0060000,46,013,46013,sheriffs office,"non-msa cnty 10,000-24,999",west north central,non-suburban,1,1,0,1,0,1,0,0,0,0,0,0,0,0,0,0,0,0,0,0,0,0,1,0,0,0,0,0,0,0,0,0,0,0,0,0,0,0,0,0,0,0,0,0,0,0,0,0,0,0,0,0,0,1,0,0,0,0,0,0,0
Aberdeen,1989,South Dakota,SD,25809,SD00601,SD0060100,46,013,46013,local police department,"cities 25,000-49,999",west north central,non-suburban,17,13,4,14,3,13,1,0,1,0,0,0,1,0,0,1,2,1,2,0,0,0,2,1,3,0,1,0,0,0,0,0,0,0,2,1,0,0,0,0,0,0,0,0,0,0,0,0,0,0,0,0,0,7,0,0,6,4,0,0,0
Chamberlain,1989,South Dakota,SD,2126,SD00701,SD0070100,46,015,46015,local police department,"cities under 2,500",west north central,non-suburban,0,0,0,0,0,0,0,0,0,0,0,0,0,0,0,0,0,0,0,0,0,0,0,0,0,0,0,0,0,0,0,0,0,0,0,0,0,0,0,0,0,0,0,0,0,0,0,0,0,0,0,0,0,0,0,0,0,0,0,0,0
Belle Fourche,1989,South Dakota,SD,4502,SD00901,SD0090100,46,019,46019,local police department,"cities 2,500-9,999",west north central,non-suburban,0,0,0,0,0,0,0,0,0,0,0,0,0,0,0,0,0,0,0,0,0,0,0,0,0,0,0,0,0,0,0,0,0,0,0,0,0,0,0,0,0,0,0,0,0,0,0,0,0,0,0,0,0,0,0,0,0,0,0,0,0
Charles Mix,1989,South Dakota,SD,9325,SD01100,SD0110000,46,023,46023,sheriffs office,"non-msa cnty under 10,000",west north central,non-suburban,4,3,1,3,1,2,1,1,1,0,0,0,0,0,1,0,1,0,0,0,0,0,1,0,0,0,0,0,0,0,0,0,0,0,0,0,0,0,0,0,0,0,0,0,1,0,0,0,0,0,0,0,0,0,0,0,3,0,0,0,1
Clark,1989,South Dakota,SD,4713,SD01200,SD0120000,46,025,46025,sheriffs office,"non-msa cnty under 10,000",west north central,non-suburban,2,1,1,2,0,1,1,0,1,0,0,0,0,0,1,1,0,0,0,0,0,0,0,0,0,0,0,0,0,0,0,0,0,0,0,0,0,0,0,0,0,0,0,0,0,0,0,0,0,0,0,0,0,1,0,0,0,1,0,0,0
Vermillion,1989,South Dakota,SD,9285,SD01301,SD0130100,46,027,46027,local police department,"cities 2,500-9,999",west north central,non-suburban,5,1,4,5,0,1,4,0,4,0,0,0,2,1,1,0,1,0,0,0,0,0,0,0,0,0,0,0,0,0,0,0,0,0,0,0,0,0,0,0,0,0,0,0,0,0,0,0,0,0,0,0,0,1,0,0,0,3,0,0,1
Codington,1989,South Dakota,SD,5875,SD01400,SD0140000,46,029,46029,sheriffs office,"non-msa cnty under 10,000",west north central,non-suburban,1,1,0,1,0,1,0,0,0,0,0,0,0,0,0,0,0,0,0,0,0,0,0,0,0,1,0,0,0,0,0,0,0,0,0,0,0,0,0,0,0,0,0,0,0,0,0,0,0,0,0,0,0,0,0,0,0,0,0,0,0
Watertown,1989,South Dakota,SD,16885,SD01401,SD0140100,46,029,46029,local police department,"cities 10,000-24,999",west north central,non-suburban,8,7,1,8,0,7,1,0,1,0,0,1,0,0,0,1,1,2,0,0,0,0,0,0,1,1,0,1,0,0,0,0,0,0,0,0,0,0,0,0,0,0,0,0,0,0,0,0,0,0,0,0,0,7,0,0,0,0,0,0,1
Custer,1989,South Dakota,SD,6818,SD01600,SD0160000,46,033,46033,sheriffs office,"non-msa cnty under 10,000",west north central,non-suburban,3,2,1,3,0,2,1,0,1,0,0,1,0,0,0,0,0,0,0,0,0,2,0,0,0,0,0,0,0,0,0,0,0,0,0,0,0,0,0,0,0,0,0,0,0,0,0,0,0,0,0,0,0,2,0,0,0,1,0,0,0
Mitchell,1989,South Dakota,SD,13666,SD01701,SD0170100,46,035,46035,local police department,"cities 10,000-24,999",west north central,non-suburban,0,0,0,0,0,0,0,0,0,0,0,0,0,0,0,0,0,0,0,0,0,0,0,0,0,0,0,0,0,0,0,0,0,0,0,0,0,0,0,0,0,0,0,0,0,0,0,0,0,0,0,0,0,0,0,0,0,0,0,0,0
Day,1989,South Dakota,SD,7620,SD01800,SD0180000,46,037,46037,sheriffs office,"non-msa cnty under 10,000",west north central,non-suburban,1,1,0,1,0,1,0,0,0,0,0,0,0,0,0,0,0,1,0,0,0,0,0,0,0,0,0,0,0,0,0,0,0,0,0,0,0,0,0,0,0,0,0,0,0,0,0,0,0,0,0,0,0,1,0,0,0,0,0,0,0
Deuel,1989,South Dakota,SD,4913,SD01900,SD0190000,46,039,46039,sheriffs office,"non-msa cnty under 10,000",west north central,non-suburban,3,3,0,3,0,3,0,0,0,0,0,0,0,0,0,0,2,0,0,0,0,0,0,1,0,0,0,0,0,0,0,0,0,0,0,0,0,0,0,0,0,0,0,0,0,0,0,0,0,0,0,0,0,3,0,0,0,0,0,0,0
Edmunds,1989,South Dakota,SD,4813,SD02200,SD0220000,46,045,46045,sheriffs office,"non-msa cnty under 10,000",west north central,non-suburban,4,1,3,4,0,1,3,0,3,0,0,0,3,0,0,0,1,0,0,0,0,0,0,0,0,0,0,0,0,0,0,0,0,0,0,0,0,0,0,0,0,0,0,0,0,0,0,0,0,0,0,0,0,1,0,0,0,3,0,0,0
Haakon,1989,South Dakota,SD,2707,SD02700,SD0270000,46,055,46055,sheriffs office,"non-msa cnty under 10,000",west north central,non-suburban,0,0,0,0,0,0,0,0,0,0,0,0,0,0,0,0,0,0,0,0,0,0,0,0,0,0,0,0,0,0,0,0,0,0,0,0,0,0,0,0,0,0,0,0,0,0,0,0,0,0,0,0,0,0,0,0,0,0,0,0,0
Hand,1989,South Dakota,SD,4612,SD02900,SD0290000,46,059,46059,sheriffs office,"non-msa cnty under 10,000",west north central,non-suburban,0,0,0,0,0,0,0,0,0,0,0,0,0,0,0,0,0,0,0,0,0,0,0,0,0,0,0,0,0,0,0,0,0,0,0,0,0,0,0,0,0,0,0,0,0,0,0,0,0,0,0,0,0,0,0,0,0,0,0,0,0
Harding,1989,South Dakota,SD,1705,SD03100,SD0310000,46,063,46063,sheriffs office,"non-msa cnty under 10,000",west north central,non-suburban,0,0,0,0,0,0,0,0,0,0,0,0,0,0,0,0,0,0,0,0,0,0,0,0,0,0,0,0,0,0,0,0,0,0,0,0,0,0,0,0,0,0,0,0,0,0,0,0,0,0,0,0,0,0,0,0,0,0,0,0,0
Hughes,1989,South Dakota,SD,2316,SD03200,SD0320000,46,065,46065,sheriffs office,"non-msa cnty under 10,000",west north central,non-suburban,0,0,0,0,0,0,0,0,0,0,0,0,0,0,0,0,0,0,0,0,0,0,0,0,0,0,0,0,0,0,0,0,0,0,0,0,0,0,0,0,0,0,0,0,0,0,0,0,0,0,0,0,0,0,0,0,0,0,0,0,0
Hyde,1989,South Dakota,SD,1805,SD03400,SD0340000,46,069,46069,sheriffs office,"non-msa cnty under 10,000",west north central,non-suburban,0,0,0,0,0,0,0,0,0,0,0,0,0,0,0,0,0,0,0,0,0,0,0,0,0,0,0,0,0,0,0,0,0,0,0,0,0,0,0,0,0,0,0,0,0,0,0,0,0,0,0,0,0,0,0,0,0,0,0,0,0
Jackson,1989,South Dakota,SD,3309,SD03500,SD0350000,46,071,46071,sheriffs office,"non-msa cnty under 10,000",west north central,non-suburban,0,0,0,0,0,0,0,0,0,0,0,0,0,0,0,0,0,0,0,0,0,0,0,0,0,0,0,0,0,0,0,0,0,0,0,0,0,0,0,0,0,0,0,0,0,0,0,0,0,0,0,0,0,0,0,0,0,0,0,0,0
Jones,1989,South Dakota,SD,1404,SD03700,SD0370000,46,075,46075,sheriffs office,"non-msa cnty under 10,000",west north central,non-suburban,0,0,0,0,0,0,0,0,0,0,0,0,0,0,0,0,0,0,0,0,0,0,0,0,0,0,0,0,0,0,0,0,0,0,0,0,0,0,0,0,0,0,0,0,0,0,0,0,0,0,0,0,0,0,0,0,0,0,0,0,0
Lake,1989,South Dakota,SD,4502,SD03900,SD0390000,46,079,46079,sheriffs office,"non-msa cnty under 10,000",west north central,non-suburban,1,1,0,1,0,1,0,0,0,0,0,0,0,0,0,0,0,0,0,1,0,0,0,0,0,0,0,0,0,0,0,0,0,0,0,0,0,0,0,0,0,0,0,0,0,0,0,0,0,0,0,0,0,1,0,0,0,0,0,0,0
Madison,1989,South Dakota,SD,5926,SD03901,SD0390100,46,079,46079,local police department,"cities 2,500-9,999",west north central,non-suburban,4,3,1,3,1,2,1,1,1,0,0,1,0,0,0,0,0,0,0,0,0,0,1,1,0,0,0,0,0,0,0,0,0,0,0,0,0,0,1,0,0,0,0,0,0,0,0,0,0,0,0,0,0,3,0,0,0,1,0,0,0
Lawrence,1989,South Dakota,SD,7691,SD04000,SD0400000,46,081,46081,sheriffs office,"non-msa cnty under 10,000",west north central,non-suburban,0,0,0,0,0,0,0,0,0,0,0,0,0,0,0,0,0,0,0,0,0,0,0,0,0,0,0,0,0,0,0,0,0,0,0,0,0,0,0,0,0,0,0,0,0,0,0,0,0,0,0,0,0,0,0,0,0,0,0,0,0
Lead,1989,South Dakota,SD,3820,SD04002,SD0400200,46,081,46081,local police department,"cities 2,500-9,999",west north central,non-suburban,2,0,2,2,0,0,2,0,2,0,1,1,0,0,0,0,0,0,0,0,0,0,0,0,0,0,0,0,0,0,0,0,0,0,0,0,0,0,0,0,0,0,0,0,0,0,0,0,0,0,0,0,0,0,0,0,0,2,0,0,0
Spearfish,1989,South Dakota,SD,6186,SD04003,SD0400300,46,081,46081,local police department,"cities 2,500-9,999",west north central,non-suburban,0,0,0,0,0,0,0,0,0,0,0,0,0,0,0,0,0,0,0,0,0,0,0,0,0,0,0,0,0,0,0,0,0,0,0,0,0,0,0,0,0,0,0,0,0,0,0,0,0,0,0,0,0,0,0,0,0,0,0,0,0
Lincoln,1989,South Dakota,SD,12092,SD04100,SD0410000,46,083,46083,sheriffs office,"non-msa cnty 10,000-24,999",west north central,non-suburban,0,0,0,0,0,0,0,0,0,0,0,0,0,0,0,0,0,0,0,0,0,0,0,0,0,0,0,0,0,0,0,0,0,0,0,0,0,0,0,0,0,0,0,0,0,0,0,0,0,0,0,0,0,0,0,0,0,0,0,0,0
Lyman,1989,South Dakota,SD,3710,SD04200,SD0420000,46,085,46085,sheriffs office,"non-msa cnty under 10,000",west north central,non-suburban,0,0,0,0,0,0,0,0,0,0,0,0,0,0,0,0,0,0,0,0,0,0,0,0,0,0,0,0,0,0,0,0,0,0,0,0,0,0,0,0,0,0,0,0,0,0,0,0,0,0,0,0,0,0,0,0,0,0,0,0,0
Salem,1989,South Dakota,SD,1313,SD04301,SD0430100,46,087,46087,local police department,"cities under 2,500",west north central,non-suburban,2,0,2,2,0,0,2,0,2,0,0,1,1,0,0,0,0,0,0,0,0,0,0,0,0,0,0,0,0,0,0,0,0,0,0,0,0,0,0,0,0,0,0,0,0,0,0,0,0,0,0,0,0,0,0,0,0,2,0,0,0
Marshall,1989,South Dakota,SD,5013,SD04500,SD0450000,46,091,46091,sheriffs office,"non-msa cnty under 10,000",west north central,non-suburban,0,0,0,0,0,0,0,0,0,0,0,0,0,0,0,0,0,0,0,0,0,0,0,0,0,0,0,0,0,0,0,0,0,0,0,0,0,0,0,0,0,0,0,0,0,0,0,0,0,0,0,0,0,0,0,0,0,0,0,0,0
Miner,1989,South Dakota,SD,3409,SD04800,SD0480000,46,097,46097,sheriffs office,"non-msa cnty under 10,000",west north central,non-suburban,3,1,2,3,0,1,2,0,2,0,0,1,1,0,0,0,0,0,0,0,0,1,0,0,0,0,0,0,0,0,0,0,0,0,0,0,0,0,0,0,0,0,0,0,0,0,0,0,0,0,0,0,0,1,0,0,0,2,0,0,0
Moody,1989,South Dakota,SD,6718,SD05000,SD0500000,46,101,46101,sheriffs office,"non-msa cnty under 10,000",west north central,non-suburban,2,1,1,2,0,1,1,0,1,0,0,0,0,1,0,0,0,0,0,0,0,0,1,0,0,0,0,0,0,0,0,0,0,0,0,0,0,0,0,0,0,0,0,0,0,0,0,0,0,0,0,0,0,0,0,0,1,0,0,0,1
Rapid City,1989,South Dakota,SD,55929,SD05101,SD0510100,46,103,46103,local police department,"cities 50,000-99,999",west north central,suburban,15,9,6,13,2,7,6,2,6,0,0,4,2,1,-1,1,1,0,0,0,1,0,0,1,2,0,1,0,0,0,0,1,0,0,0,-1,0,0,0,0,1,0,1,0,0,0,0,0,0,0,0,0,0,2,1,0,6,3,0,0,3
Perkins,1989,South Dakota,SD,4612,SD05200,SD0520000,46,105,46105,sheriffs office,"non-msa cnty under 10,000",west north central,non-suburban,1,0,1,1,0,0,1,0,1,0,0,0,0,1,0,0,0,0,0,0,0,0,0,0,0,0,0,0,0,0,0,0,0,0,0,0,0,0,0,0,0,0,0,0,0,0,0,0,0,0,0,0,0,0,0,0,0,1,0,0,0
Potter,1989,South Dakota,SD,3610,SD05300,SD0530000,46,107,46107,sheriffs office,"non-msa cnty under 10,000",west north central,non-suburban,1,1,0,0,1,0,0,1,0,0,0,0,0,0,0,0,0,0,0,0,0,0,0,0,0,0,0,0,0,0,0,0,0,0,0,0,0,0,0,0,0,0,0,1,0,0,0,0,0,0,0,0,0,0,0,0,1,0,0,0,0
Spink,1989,South Dakota,SD,8623,SD05700,SD0570000,46,115,46115,sheriffs office,"non-msa cnty under 10,000",west north central,non-suburban,1,1,0,1,0,1,0,0,0,0,0,0,0,0,0,0,0,0,0,0,0,0,0,1,0,0,0,0,0,0,0,0,0,0,0,0,0,0,0,0,0,0,0,0,0,0,0,0,0,0,0,0,0,1,0,0,0,0,0,0,0
Fort Pierre,1989,South Dakota,SD,1795,SD05801,SD0580100,46,117,46117,local police department,"cities under 2,500",west north central,non-suburban,1,1,0,1,0,1,0,0,0,0,0,0,0,0,0,0,0,0,0,0,0,0,0,0,0,0,0,0,1,0,0,0,0,0,0,0,0,0,0,0,0,0,0,0,0,0,0,0,0,0,0,0,0,1,0,0,0,0,0,0,0
Sully,1989,South Dakota,SD,1805,SD05900,SD0590000,46,119,46119,sheriffs office,"non-msa cnty under 10,000",west north central,non-suburban,0,0,0,0,0,0,0,0,0,0,0,0,0,0,0,0,0,0,0,0,0,0,0,0,0,0,0,0,0,0,0,0,0,0,0,0,0,0,0,0,0,0,0,0,0,0,0,0,0,0,0,0,0,0,0,0,0,0,0,0,0
Union,1989,South Dakota,SD,10628,SD06300,SD0630000,46,127,46127,sheriffs office,"non-msa cnty 10,000-24,999",west north central,non-suburban,2,2,0,2,0,2,0,0,0,0,0,0,0,0,0,1,1,0,0,0,0,0,0,0,0,0,0,0,0,0,0,0,0,0,0,0,0,0,0,0,0,0,0,0,0,0,0,0,0,0,0,0,0,2,0,0,0,0,0,0,0
Mobridge,1989,South Dakota,SD,4101,SD06401,SD0640100,46,129,46129,local police department,"cities 2,500-9,999",west north central,non-suburban,0,0,0,0,0,0,0,0,0,0,0,0,0,0,0,0,0,0,0,0,0,0,0,0,0,0,0,0,0,0,0,0,0,0,0,0,0,0,0,0,0,0,0,0,0,0,0,0,0,0,0,0,0,0,0,0,0,0,0,0,0
Yankton,1989,South Dakota,SD,7289,SD06600,SD0660000,46,135,46135,sheriffs office,"non-msa cnty under 10,000",west north central,non-suburban,0,0,0,0,0,0,0,0,0,0,0,0,0,0,0,0,0,0,0,0,0,0,0,0,0,0,0,0,0,0,0,0,0,0,0,0,0,0,0,0,0,0,0,0,0,0,0,0,0,0,0,0,0,0,0,0,0,0,0,0,0
Yankton,1989,South Dakota,SD,11661,SD06601,SD0660100,46,135,46135,local police department,"cities 10,000-24,999",west north central,non-suburban,7,4,3,7,0,4,3,0,3,0,0,1,2,0,0,2,0,0,0,0,0,0,1,0,1,0,0,0,0,0,0,0,0,0,0,0,0,0,0,0,0,0,0,0,0,0,0,0,0,0,0,0,0,4,0,0,0,2,0,0,1
Aurora,1990,South Dakota,SD,3135,SD00100,SD0010000,46,003,46003,sheriffs office,"non-msa cnty under 10,000",west north central,non-suburban,8,0,8,8,0,0,8,0,8,0,0,2,2,1,3,0,0,0,0,0,0,0,0,0,0,0,0,0,0,0,0,0,0,0,0,0,0,0,0,0,0,0,0,0,0,0,0,0,0,0,0,0,0,0,0,0,0,4,0,0,4
Beadle,1990,South Dakota,SD,5805,SD00200,SD0020000,46,005,46005,sheriffs office,"non-msa cnty under 10,000",west north central,non-suburban,0,0,0,0,0,0,0,0,0,0,0,0,0,0,0,0,0,0,0,0,0,0,0,0,0,0,0,0,0,0,0,0,0,0,0,0,0,0,0,0,0,0,0,0,0,0,0,0,0,0,0,0,0,0,0,0,0,0,0,0,0
Huron,1990,South Dakota,SD,12448,SD00201,SD0020100,46,005,46005,local police department,"cities 10,000-24,999",west north central,non-suburban,5,0,5,4,1,0,4,0,4,0,0,0,2,1,1,0,0,0,0,0,0,0,0,0,0,0,0,0,0,0,0,0,0,0,0,1,0,0,0,0,0,0,0,0,0,0,0,0,0,0,0,0,0,0,0,0,0,5,0,0,0
Bennett,1990,South Dakota,SD,3206,SD00300,SD0030000,46,007,46007,sheriffs office,"non-msa cnty under 10,000",west north central,non-suburban,0,0,0,0,0,0,0,0,0,0,0,0,0,0,0,0,0,0,0,0,0,0,0,0,0,0,0,0,0,0,0,0,0,0,0,0,0,0,0,0,0,0,0,0,0,0,0,0,0,0,0,0,0,0,0,0,0,0,0,0,0
Bon Homme,1990,South Dakota,SD,7089,SD00400,SD0040000,46,009,46009,sheriffs office,"non-msa cnty under 10,000",west north central,non-suburban,0,0,0,0,0,0,0,0,0,0,0,0,0,0,0,0,0,0,0,0,0,0,0,0,0,0,0,0,0,0,0,0,0,0,0,0,0,0,0,0,0,0,0,0,0,0,0,0,0,0,0,0,0,0,0,0,0,0,0,0,0
Brookings,1990,South Dakota,SD,8937,SD00500,SD0050000,46,011,46011,sheriffs office,"non-msa cnty under 10,000",west north central,non-suburban,1,1,0,1,0,1,0,0,0,0,0,0,0,0,0,0,0,0,0,0,1,0,0,0,0,0,0,0,0,0,0,0,0,0,0,0,0,0,0,0,0,0,0,0,0,0,0,0,0,0,0,0,0,1,0,0,0,0,0,0,0
Brookings,1990,South Dakota,SD,16270,SD00501,SD0050100,46,011,46011,local police department,"cities 10,000-24,999",west north central,non-suburban,9,9,0,8,1,8,0,1,0,0,0,0,0,0,0,1,1,0,3,0,0,1,1,0,1,0,0,0,0,0,0,0,0,0,0,0,0,0,0,0,0,0,0,0,1,0,0,0,0,0,0,0,0,9,0,0,0,0,0,0,0
Brown,1990,South Dakota,SD,10653,SD00600,SD0060000,46,013,46013,sheriffs office,"non-msa cnty 10,000-24,999",west north central,non-suburban,0,0,0,0,0,0,0,0,0,0,0,0,0,0,0,0,0,0,0,0,0,0,0,0,0,0,0,0,0,0,0,0,0,0,0,0,0,0,0,0,0,0,0,0,0,0,0,0,0,0,0,0,0,0,0,0,0,0,0,0,0
Aberdeen,1990,South Dakota,SD,24927,SD00601,SD0060100,46,013,46013,local police department,"cities 10,000-24,999",west north central,non-suburban,16,6,10,11,5,5,6,1,6,0,0,3,0,2,1,2,1,0,0,0,0,0,0,1,0,0,1,0,0,0,0,0,1,3,0,0,0,0,0,0,0,0,1,0,0,0,0,0,0,0,0,0,0,4,0,0,2,10,0,0,0
Chamberlain,1990,South Dakota,SD,2347,SD00701,SD0070100,46,015,46015,local police department,"cities under 2,500",west north central,non-suburban,0,0,0,0,0,0,0,0,0,0,0,0,0,0,0,0,0,0,0,0,0,0,0,0,0,0,0,0,0,0,0,0,0,0,0,0,0,0,0,0,0,0,0,0,0,0,0,0,0,0,0,0,0,0,0,0,0,0,0,0,0
Butte,1990,South Dakota,SD,3579,SD00900,SD0090000,46,019,46019,sheriffs office,"non-msa cnty under 10,000",west north central,non-suburban,0,0,0,0,0,0,0,0,0,0,0,0,0,0,0,0,0,0,0,0,0,0,0,0,0,0,0,0,0,0,0,0,0,0,0,0,0,0,0,0,0,0,0,0,0,0,0,0,0,0,0,0,0,0,0,0,0,0,0,0,0
Belle Fourche,1990,South Dakota,SD,4335,SD00901,SD0090100,46,019,46019,local police department,"cities 2,500-9,999",west north central,non-suburban,1,0,1,1,0,0,1,0,1,0,0,0,0,1,0,0,0,0,0,0,0,0,0,0,0,0,0,0,0,0,0,0,0,0,0,0,0,0,0,0,0,0,0,0,0,0,0,0,0,0,0,0,0,0,0,0,0,1,0,0,0
Charles Mix,1990,South Dakota,SD,9131,SD01100,SD0110000,46,023,46023,sheriffs office,"non-msa cnty under 10,000",west north central,non-suburban,0,0,0,0,0,0,0,0,0,0,0,0,0,0,0,0,0,0,0,0,0,0,0,0,0,0,0,0,0,0,0,0,0,0,0,0,0,0,0,0,0,0,0,0,0,0,0,0,0,0,0,0,0,0,0,0,0,0,0,0,0
Clay,1990,South Dakota,SD,3152,SD01300,SD0130000,46,027,46027,sheriffs office,"non-msa cnty under 10,000",west north central,non-suburban,1,1,0,0,1,0,0,1,0,0,0,0,0,0,0,0,0,0,0,0,0,0,0,0,0,0,0,0,0,0,0,0,0,0,0,0,0,0,0,1,0,0,0,0,0,0,0,0,0,0,0,0,0,0,0,0,1,0,0,0,0
Vermillion,1990,South Dakota,SD,10034,SD01301,SD0130100,46,027,46027,local police department,"cities 10,000-24,999",west north central,non-suburban,2,2,0,1,1,1,0,1,0,0,0,0,0,0,0,0,0,0,0,0,0,0,0,1,0,0,0,0,0,0,0,0,0,0,0,0,0,0,0,0,0,0,0,0,1,0,0,0,0,0,0,0,0,1,0,0,1,0,0,0,0
Codington,1990,South Dakota,SD,5106,SD01400,SD0140000,46,029,46029,sheriffs office,"non-msa cnty under 10,000",west north central,non-suburban,2,1,1,1,1,1,0,0,0,0,0,0,0,0,0,0,0,0,0,0,0,0,0,1,0,0,0,0,0,0,0,0,0,0,1,0,0,0,0,0,0,0,0,0,0,0,0,0,0,0,0,0,0,1,0,0,0,1,0,0,0
Watertown,1990,South Dakota,SD,17592,SD01401,SD0140100,46,029,46029,local police department,"cities 10,000-24,999",west north central,non-suburban,5,2,3,3,2,2,1,0,1,0,0,0,1,0,0,0,1,0,0,0,0,0,0,0,1,0,0,0,0,0,0,0,0,1,0,1,0,0,0,0,0,0,0,0,0,0,0,0,0,0,0,0,0,2,0,0,0,1,0,0,2
Custer,1990,South Dakota,SD,6179,SD01600,SD0160000,46,033,46033,sheriffs office,"non-msa cnty under 10,000",west north central,non-suburban,0,0,0,0,0,0,0,0,0,0,0,0,0,0,0,0,0,0,0,0,0,0,0,0,0,0,0,0,0,0,0,0,0,0,0,0,0,0,0,0,0,0,0,0,0,0,0,0,0,0,0,0,0,0,0,0,0,0,0,0,0
Davison,1990,South Dakota,SD,3705,SD01700,SD0170000,46,035,46035,sheriffs office,"non-msa cnty under 10,000",west north central,non-suburban,4,0,4,4,0,0,4,0,4,0,0,0,1,3,0,0,0,0,0,0,0,0,0,0,0,0,0,0,0,0,0,0,0,0,0,0,0,0,0,0,0,0,0,0,0,0,0,0,0,0,0,0,0,0,0,0,0,2,0,0,2
Mitchell,1990,South Dakota,SD,13798,SD01701,SD0170100,46,035,46035,local police department,"cities 10,000-24,999",west north central,non-suburban,7,3,4,5,2,2,3,1,3,0,0,1,0,1,1,0,0,0,0,0,0,0,0,1,0,0,0,0,1,0,0,0,0,1,0,0,0,0,0,0,0,0,0,0,0,0,0,0,0,0,1,0,0,3,0,0,0,1,0,0,3
Day,1990,South Dakota,SD,4961,SD01800,SD0180000,46,037,46037,sheriffs office,"non-msa cnty under 10,000",west north central,non-suburban,1,1,0,1,0,1,0,0,0,0,0,0,0,0,0,0,0,0,0,0,0,0,0,0,0,0,0,0,1,0,0,0,0,0,0,0,0,0,0,0,0,0,0,0,0,0,0,0,0,0,0,0,0,1,0,0,0,0,0,0,0
Deuel,1990,South Dakota,SD,4522,SD01900,SD0190000,46,039,46039,sheriffs office,"non-msa cnty under 10,000",west north central,non-suburban,0,0,0,0,0,0,0,0,0,0,0,0,0,0,0,0,0,0,0,0,0,0,0,0,0,0,0,0,0,0,0,0,0,0,0,0,0,0,0,0,0,0,0,0,0,0,0,0,0,0,0,0,0,0,0,0,0,0,0,0,0
Douglas,1990,South Dakota,SD,3746,SD02100,SD0210000,46,043,46043,sheriffs office,"non-msa cnty under 10,000",west north central,non-suburban,0,0,0,0,0,0,0,0,0,0,0,0,0,0,0,0,0,0,0,0,0,0,0,0,0,0,0,0,0,0,0,0,0,0,0,0,0,0,0,0,0,0,0,0,0,0,0,0,0,0,0,0,0,0,0,0,0,0,0,0,0
Edmunds,1990,South Dakota,SD,4356,SD02200,SD0220000,46,045,46045,sheriffs office,"non-msa cnty under 10,000",west north central,non-suburban,0,0,0,0,0,0,0,0,0,0,0,0,0,0,0,0,0,0,0,0,0,0,0,0,0,0,0,0,0,0,0,0,0,0,0,0,0,0,0,0,0,0,0,0,0,0,0,0,0,0,0,0,0,0,0,0,0,0,0,0,0
Fall River,1990,South Dakota,SD,12930,SD02300,SD0230000,46,047,46047,sheriffs office,"non-msa cnty 10,000-24,999",west north central,non-suburban,0,0,0,0,0,0,0,0,0,0,0,0,0,0,0,0,0,0,0,0,0,0,0,0,0,0,0,0,0,0,0,0,0,0,0,0,0,0,0,0,0,0,0,0,0,0,0,0,0,0,0,0,0,0,0,0,0,0,0,0,0
Hot Springs,1990,South Dakota,SD,4325,SD02302,SD0230200,46,047,46047,local police department,"cities 2,500-9,999",west north central,non-suburban,1,1,0,1,0,1,0,0,0,0,0,0,0,0,0,0,0,0,0,0,0,0,0,0,0,0,1,0,0,0,0,0,0,0,0,0,0,0,0,0,0,0,0,0,0,0,0,0,0,0,0,0,0,1,0,0,0,0,0,0,0
Milbank,1990,South Dakota,SD,3879,SD02501,SD0250100,46,051,46051,local police department,"cities 2,500-9,999",west north central,non-suburban,0,0,0,0,0,0,0,0,0,0,0,0,0,0,0,0,0,0,0,0,0,0,0,0,0,0,0,0,0,0,0,0,0,0,0,0,0,0,0,0,0,0,0,0,0,0,0,0,0,0,0,0,0,0,0,0,0,0,0,0,0
Haakon,1990,South Dakota,SD,2624,SD02700,SD0270000,46,055,46055,sheriffs office,"non-msa cnty under 10,000",west north central,non-suburban,0,0,0,0,0,0,0,0,0,0,0,0,0,0,0,0,0,0,0,0,0,0,0,0,0,0,0,0,0,0,0,0,0,0,0,0,0,0,0,0,0,0,0,0,0,0,0,0,0,0,0,0,0,0,0,0,0,0,0,0,0
Hand,1990,South Dakota,SD,4272,SD02900,SD0290000,46,059,46059,sheriffs office,"non-msa cnty under 10,000",west north central,non-suburban,0,0,0,0,0,0,0,0,0,0,0,0,0,0,0,0,0,0,0,0,0,0,0,0,0,0,0,0,0,0,0,0,0,0,0,0,0,0,0,0,0,0,0,0,0,0,0,0,0,0,0,0,0,0,0,0,0,0,0,0,0
Harding,1990,South Dakota,SD,1669,SD03100,SD0310000,46,063,46063,sheriffs office,"non-msa cnty under 10,000",west north central,non-suburban,0,0,0,0,0,0,0,0,0,0,0,0,0,0,0,0,0,0,0,0,0,0,0,0,0,0,0,0,0,0,0,0,0,0,0,0,0,0,0,0,0,0,0,0,0,0,0,0,0,0,0,0,0,0,0,0,0,0,0,0,0
Pierre,1990,South Dakota,SD,12906,SD03201,SD0320100,46,065,46065,local police department,"cities 10,000-24,999",west north central,non-suburban,14,4,10,8,6,2,6,2,6,0,2,0,1,1,2,1,0,0,0,1,0,0,0,0,0,0,0,0,0,0,0,0,0,3,1,0,0,1,0,1,0,0,0,0,0,0,0,0,0,0,0,0,0,4,0,0,0,4,0,0,6
Jackson,1990,South Dakota,SD,2075,SD03500,SD0350000,46,071,46071,sheriffs office,"non-msa cnty under 10,000",west north central,non-suburban,1,1,0,1,0,1,0,0,0,0,0,0,0,0,0,0,0,0,0,0,0,0,0,0,1,0,0,0,0,0,0,0,0,0,0,0,0,0,0,0,0,0,0,0,0,0,0,0,0,0,0,0,0,0,0,0,1,0,0,0,0
Jerauld,1990,South Dakota,SD,2425,SD03600,SD0360000,46,073,46073,sheriffs office,"non-msa cnty under 10,000",west north central,non-suburban,0,0,0,0,0,0,0,0,0,0,0,0,0,0,0,0,0,0,0,0,0,0,0,0,0,0,0,0,0,0,0,0,0,0,0,0,0,0,0,0,0,0,0,0,0,0,0,0,0,0,0,0,0,0,0,0,0,0,0,0,0
Lake,1990,South Dakota,SD,4293,SD03900,SD0390000,46,079,46079,sheriffs office,"non-msa cnty under 10,000",west north central,non-suburban,1,1,0,1,0,1,0,0,0,0,0,0,0,0,0,0,0,0,0,0,0,1,0,0,0,0,0,0,0,0,0,0,0,0,0,0,0,0,0,0,0,0,0,0,0,0,0,0,0,0,0,0,0,1,0,0,0,0,0,0,0
Madison,1990,South Dakota,SD,6257,SD03901,SD0390100,46,079,46079,local police department,"cities 2,500-9,999",west north central,non-suburban,1,1,0,1,0,1,0,0,0,0,0,0,0,0,0,0,0,0,0,0,0,0,1,0,0,0,0,0,0,0,0,0,0,0,0,0,0,0,0,0,0,0,0,0,0,0,0,0,0,0,0,0,0,1,0,0,0,0,0,0,0
Lawrence,1990,South Dakota,SD,8227,SD04000,SD0400000,46,081,46081,sheriffs office,"non-msa cnty under 10,000",west north central,non-suburban,2,1,1,2,0,1,1,0,1,0,0,0,0,0,1,0,0,0,1,0,0,0,0,0,0,0,0,0,0,0,0,0,0,0,0,0,0,0,0,0,0,0,0,0,0,0,0,0,0,0,0,0,0,1,0,0,0,1,0,0,0
Deadwood,1990,South Dakota,SD,1830,SD04001,SD0400100,46,081,46081,local police department,"cities under 2,500",west north central,non-suburban,0,0,0,0,0,0,0,0,0,0,0,0,0,0,0,0,0,0,0,0,0,0,0,0,0,0,0,0,0,0,0,0,0,0,0,0,0,0,0,0,0,0,0,0,0,0,0,0,0,0,0,0,0,0,0,0,0,0,0,0,0
Lead,1990,South Dakota,SD,3632,SD04002,SD0400200,46,081,46081,local police department,"cities 2,500-9,999",west north central,non-suburban,0,0,0,0,0,0,0,0,0,0,0,0,0,0,0,0,0,0,0,0,0,0,0,0,0,0,0,0,0,0,0,0,0,0,0,0,0,0,0,0,0,0,0,0,0,0,0,0,0,0,0,0,0,0,0,0,0,0,0,0,0
Spearfish,1990,South Dakota,SD,6966,SD04003,SD0400300,46,081,46081,local police department,"cities 2,500-9,999",west north central,non-suburban,0,0,0,0,0,0,0,0,0,0,0,0,0,0,0,0,0,0,0,0,0,0,0,0,0,0,0,0,0,0,0,0,0,0,0,0,0,0,0,0,0,0,0,0,0,0,0,0,0,0,0,0,0,0,0,0,0,0,0,0,0
Lincoln,1990,South Dakota,SD,12267,SD04100,SD0410000,46,083,46083,sheriffs office,"non-msa cnty 10,000-24,999",west north central,non-suburban,1,1,0,1,0,1,0,0,0,0,0,0,0,0,0,0,0,0,0,0,0,0,0,0,1,0,0,0,0,0,0,0,0,0,0,0,0,0,0,0,0,0,0,0,0,0,0,0,0,0,0,0,0,1,0,0,0,0,0,0,0
Canton,1990,South Dakota,SD,2787,SD04101,SD0410100,46,083,46083,local police department,"cities 2,500-9,999",west north central,non-suburban,1,0,1,1,0,0,1,0,1,0,0,0,0,0,1,0,0,0,0,0,0,0,0,0,0,0,0,0,0,0,0,0,0,0,0,0,0,0,0,0,0,0,0,0,0,0,0,0,0,0,0,0,0,0,0,0,0,0,0,0,1
Lyman,1990,South Dakota,SD,3638,SD04200,SD0420000,46,085,46085,sheriffs office,"non-msa cnty under 10,000",west north central,non-suburban,0,0,0,0,0,0,0,0,0,0,0,0,0,0,0,0,0,0,0,0,0,0,0,0,0,0,0,0,0,0,0,0,0,0,0,0,0,0,0,0,0,0,0,0,0,0,0,0,0,0,0,0,0,0,0,0,0,0,0,0,0
Marshall,1990,South Dakota,SD,4844,SD04500,SD0450000,46,091,46091,sheriffs office,"non-msa cnty under 10,000",west north central,non-suburban,0,0,0,0,0,0,0,0,0,0,0,0,0,0,0,0,0,0,0,0,0,0,0,0,0,0,0,0,0,0,0,0,0,0,0,0,0,0,0,0,0,0,0,0,0,0,0,0,0,0,0,0,0,0,0,0,0,0,0,0,0
Sturgis,1990,South Dakota,SD,5330,SD04601,SD0460100,46,093,46093,local police department,"cities 2,500-9,999",west north central,non-suburban,1,1,0,1,0,1,0,0,0,0,0,0,0,0,0,0,0,0,1,0,0,0,0,0,0,0,0,0,0,0,0,0,0,0,0,0,0,0,0,0,0,0,0,0,0,0,0,0,0,0,0,0,0,1,0,0,0,0,0,0,0
Miner,1990,South Dakota,SD,3272,SD04800,SD0480000,46,097,46097,sheriffs office,"non-msa cnty under 10,000",west north central,non-suburban,0,0,0,0,0,0,0,0,0,0,0,0,0,0,0,0,0,0,0,0,0,0,0,0,0,0,0,0,0,0,0,0,0,0,0,0,0,0,0,0,0,0,0,0,0,0,0,0,0,0,0,0,0,0,0,0,0,0,0,0,0
Moody,1990,South Dakota,SD,6507,SD05000,SD0500000,46,101,46101,sheriffs office,"non-msa cnty under 10,000",west north central,non-suburban,13,1,12,10,3,1,9,0,9,0,0,1,4,2,2,0,0,0,0,0,1,0,0,0,0,0,0,0,0,0,0,0,0,0,2,1,0,0,0,0,0,0,0,0,0,0,0,0,0,0,0,0,0,0,0,0,1,0,0,0,12
Rapid City,1990,South Dakota,SD,54523,SD05101,SD0510100,46,103,46103,local police department,"cities 50,000-99,999",west north central,suburban,20,12,8,18,2,11,7,1,7,0,0,2,1,5,-1,3,1,1,0,0,0,2,2,2,0,0,0,0,0,0,0,0,0,0,0,1,0,0,0,0,0,0,1,0,0,0,0,0,0,0,0,0,0,3,1,0,8,-1,0,2,7
Perkins,1990,South Dakota,SD,3932,SD05200,SD0520000,46,105,46105,sheriffs office,"non-msa cnty under 10,000",west north central,non-suburban,0,0,0,0,0,0,0,0,0,0,0,0,0,0,0,0,0,0,0,0,0,0,0,0,0,0,0,0,0,0,0,0,0,0,0,0,0,0,0,0,0,0,0,0,0,0,0,0,0,0,0,0,0,0,0,0,0,0,0,0,0
Potter,1990,South Dakota,SD,3190,SD05300,SD0530000,46,107,46107,sheriffs office,"non-msa cnty under 10,000",west north central,non-suburban,3,3,0,3,0,3,0,0,0,0,0,0,0,0,0,0,0,0,0,0,0,0,2,0,0,0,1,0,0,0,0,0,0,0,0,0,0,0,0,0,0,0,0,0,0,0,0,0,0,0,0,0,0,2,0,0,1,0,0,0,0
Spink,1990,South Dakota,SD,7981,SD05700,SD0570000,46,115,46115,sheriffs office,"non-msa cnty under 10,000",west north central,non-suburban,1,1,0,1,0,1,0,0,0,0,0,0,0,0,0,0,0,0,0,1,0,0,0,0,0,0,0,0,0,0,0,0,0,0,0,0,0,0,0,0,0,0,0,0,0,0,0,0,0,0,0,0,0,1,0,0,0,0,0,0,0
Fort Pierre,1990,South Dakota,SD,1854,SD05801,SD0580100,46,117,46117,local police department,"cities under 2,500",west north central,non-suburban,2,2,0,2,0,2,0,0,0,0,0,0,0,0,0,0,0,0,0,0,1,0,0,1,0,0,0,0,0,0,0,0,0,0,0,0,0,0,0,0,0,0,0,0,0,0,0,0,0,0,0,0,0,1,0,0,1,0,0,0,0
Winner,1990,South Dakota,SD,3354,SD06101,SD0610100,46,123,46123,local police department,"cities 2,500-9,999",west north central,non-suburban,4,2,2,4,0,2,2,0,2,0,0,0,0,0,2,1,0,0,0,0,0,0,0,0,0,0,0,1,0,0,0,0,0,0,0,0,0,0,0,0,0,0,0,0,0,0,0,0,0,0,0,0,0,0,0,0,2,1,0,0,1
Union,1990,South Dakota,SD,8713,SD06300,SD0630000,46,127,46127,sheriffs office,"non-msa cnty under 10,000",west north central,non-suburban,1,1,0,1,0,1,0,0,0,0,0,0,0,0,0,0,0,0,0,0,0,0,0,0,0,1,0,0,0,0,0,0,0,0,0,0,0,0,0,0,0,0,0,0,0,0,0,0,0,0,0,0,0,1,0,0,0,0,0,0,0
Beresford,1990,South Dakota,SD,1849,SD06301,SD0630100,46,127,46127,local police department,"cities under 2,500",west north central,non-suburban,2,2,0,2,0,2,0,0,0,0,0,0,0,0,0,0,1,0,0,1,0,0,0,0,0,0,0,0,0,0,0,0,0,0,0,0,0,0,0,0,0,0,0,0,0,0,0,0,0,0,0,0,0,2,0,0,0,0,0,0,0
Walworth,1990,South Dakota,SD,1612,SD06400,SD0640000,46,129,46129,sheriffs office,"non-msa cnty under 10,000",west north central,non-suburban,0,0,0,0,0,0,0,0,0,0,0,0,0,0,0,0,0,0,0,0,0,0,0,0,0,0,0,0,0,0,0,0,0,0,0,0,0,0,0,0,0,0,0,0,0,0,0,0,0,0,0,0,0,0,0,0,0,0,0,0,0
Mobridge,1990,South Dakota,SD,3768,SD06401,SD0640100,46,129,46129,local police department,"cities 2,500-9,999",west north central,non-suburban,0,0,0,0,0,0,0,0,0,0,0,0,0,0,0,0,0,0,0,0,0,0,0,0,0,0,0,0,0,0,0,0,0,0,0,0,0,0,0,0,0,0,0,0,0,0,0,0,0,0,0,0,0,0,0,0,0,0,0,0,0
Yankton,1990,South Dakota,SD,6549,SD06600,SD0660000,46,135,46135,sheriffs office,"non-msa cnty under 10,000",west north central,non-suburban,0,0,0,0,0,0,0,0,0,0,0,0,0,0,0,0,0,0,0,0,0,0,0,0,0,0,0,0,0,0,0,0,0,0,0,0,0,0,0,0,0,0,0,0,0,0,0,0,0,0,0,0,0,0,0,0,0,0,0,0,0
Yankton,1990,South Dakota,SD,12703,SD06601,SD0660100,46,135,46135,local police department,"cities 10,000-24,999",west north central,non-suburban,1,1,0,1,0,1,0,0,0,0,0,0,0,0,0,0,0,0,0,0,0,0,0,0,0,0,1,0,0,0,0,0,0,0,0,0,0,0,0,0,0,0,0,0,0,0,0,0,0,0,0,0,0,1,0,0,0,0,0,0,0
Aurora,1991,South Dakota,SD,3166,SD00100,SD0010000,46,003,46003,sheriffs office,"non-msa cnty under 10,000",west north central,non-suburban,2,1,1,2,0,1,1,0,1,0,0,0,0,0,1,0,0,0,0,0,0,0,0,0,0,0,0,1,0,0,0,0,0,0,0,0,0,0,0,0,0,0,0,0,0,0,0,0,0,0,0,0,0,1,0,0,0,1,0,0,0
Beadle,1991,South Dakota,SD,5863,SD00200,SD0020000,46,005,46005,sheriffs office,"non-msa cnty under 10,000",west north central,non-suburban,0,0,0,0,0,0,0,0,0,0,0,0,0,0,0,0,0,0,0,0,0,0,0,0,0,0,0,0,0,0,0,0,0,0,0,0,0,0,0,0,0,0,0,0,0,0,0,0,0,0,0,0,0,0,0,0,0,0,0,0,0
Huron,1991,South Dakota,SD,12573,SD00201,SD0020100,46,005,46005,local police department,"cities 10,000-24,999",west north central,non-suburban,2,0,2,2,0,0,2,0,2,0,0,1,0,1,0,0,0,0,0,0,0,0,0,0,0,0,0,0,0,0,0,0,0,0,0,0,0,0,0,0,0,0,0,0,0,0,0,0,0,0,0,0,0,0,0,0,0,2,0,0,0
Bennett,1991,South Dakota,SD,3238,SD00300,SD0030000,46,007,46007,sheriffs office,"non-msa cnty under 10,000",west north central,non-suburban,3,3,0,3,0,3,0,0,0,0,0,0,0,0,0,0,3,0,0,0,0,0,0,0,0,0,0,0,0,0,0,0,0,0,0,0,0,0,0,0,0,0,0,0,0,0,0,0,0,0,0,0,0,2,0,0,1,0,0,0,0
Bon Homme,1991,South Dakota,SD,7160,SD00400,SD0040000,46,009,46009,sheriffs office,"non-msa cnty under 10,000",west north central,non-suburban,0,0,0,0,0,0,0,0,0,0,0,0,0,0,0,0,0,0,0,0,0,0,0,0,0,0,0,0,0,0,0,0,0,0,0,0,0,0,0,0,0,0,0,0,0,0,0,0,0,0,0,0,0,0,0,0,0,0,0,0,0
Brookings,1991,South Dakota,SD,9026,SD00500,SD0050000,46,011,46011,sheriffs office,"non-msa cnty under 10,000",west north central,non-suburban,0,0,0,0,0,0,0,0,0,0,0,0,0,0,0,0,0,0,0,0,0,0,0,0,0,0,0,0,0,0,0,0,0,0,0,0,0,0,0,0,0,0,0,0,0,0,0,0,0,0,0,0,0,0,0,0,0,0,0,0,0
Brookings,1991,South Dakota,SD,16433,SD00501,SD0050100,46,011,46011,local police department,"cities 10,000-24,999",west north central,non-suburban,3,2,1,3,0,2,1,0,1,0,0,0,0,0,1,0,1,1,0,0,0,0,0,0,0,0,0,0,0,0,0,0,0,0,0,0,0,0,0,0,0,0,0,0,0,0,0,0,0,0,0,0,0,2,0,0,0,1,0,0,0
Brown,1991,South Dakota,SD,10760,SD00600,SD0060000,46,013,46013,sheriffs office,"non-msa cnty 10,000-24,999",west north central,non-suburban,3,2,1,3,0,2,1,0,1,0,0,0,0,0,1,0,1,0,0,0,0,0,0,1,0,0,0,0,0,0,0,0,0,0,0,0,0,0,0,0,0,0,0,0,0,0,0,0,0,0,0,0,0,1,0,0,1,1,0,0,0
Aberdeen,1991,South Dakota,SD,25177,SD00601,SD0060100,46,013,46013,local police department,"cities 25,000-49,999",west north central,non-suburban,15,6,9,10,5,5,5,1,5,0,0,0,1,1,3,0,0,0,1,1,1,0,1,0,0,0,0,1,0,0,0,0,0,2,1,0,1,1,0,0,0,0,0,0,0,0,0,0,0,0,0,0,0,3,0,0,3,8,0,0,1
Chamberlain,1991,South Dakota,SD,2370,SD00701,SD0070100,46,015,46015,local police department,"cities under 2,500",west north central,non-suburban,2,0,2,2,0,0,2,0,2,0,0,1,0,0,1,0,0,0,0,0,0,0,0,0,0,0,0,0,0,0,0,0,0,0,0,0,0,0,0,0,0,0,0,0,0,0,0,0,0,0,0,0,0,0,0,0,0,1,0,0,1
Butte,1991,South Dakota,SD,3614,SD00900,SD0090000,46,019,46019,sheriffs office,"non-msa cnty under 10,000",west north central,non-suburban,1,1,0,1,0,1,0,0,0,0,0,0,0,0,0,1,0,0,0,0,0,0,0,0,0,0,0,0,0,0,0,0,0,0,0,0,0,0,0,0,0,0,0,0,0,0,0,0,0,0,0,0,0,1,0,0,0,0,0,0,0
Belle Fourche,1991,South Dakota,SD,4378,SD00901,SD0090100,46,019,46019,local police department,"cities 2,500-9,999",west north central,non-suburban,3,0,3,2,1,0,2,0,2,0,0,2,0,0,0,0,0,0,0,0,0,0,0,0,0,0,0,0,0,0,0,0,1,0,0,0,0,0,0,0,0,0,0,0,0,0,0,0,0,0,0,0,0,0,0,0,0,3,0,0,0
Campbell,1991,South Dakota,SD,1984,SD01000,SD0100000,46,021,46021,sheriffs office,"non-msa cnty under 10,000",west north central,non-suburban,0,0,0,0,0,0,0,0,0,0,0,0,0,0,0,0,0,0,0,0,0,0,0,0,0,0,0,0,0,0,0,0,0,0,0,0,0,0,0,0,0,0,0,0,0,0,0,0,0,0,0,0,0,0,0,0,0,0,0,0,0
Charles Mix,1991,South Dakota,SD,9222,SD01100,SD0110000,46,023,46023,sheriffs office,"non-msa cnty under 10,000",west north central,non-suburban,4,3,1,4,0,3,1,0,1,0,0,0,0,0,1,0,2,0,0,0,0,0,1,0,0,0,0,0,0,0,0,0,0,0,0,0,0,0,0,0,0,0,0,0,0,0,0,0,0,0,0,0,0,0,0,0,3,0,0,0,1
Clark,1991,South Dakota,SD,4447,SD01200,SD0120000,46,025,46025,sheriffs office,"non-msa cnty under 10,000",west north central,non-suburban,0,0,0,0,0,0,0,0,0,0,0,0,0,0,0,0,0,0,0,0,0,0,0,0,0,0,0,0,0,0,0,0,0,0,0,0,0,0,0,0,0,0,0,0,0,0,0,0,0,0,0,0,0,0,0,0,0,0,0,0,0
Clay,1991,South Dakota,SD,3183,SD01300,SD0130000,46,027,46027,sheriffs office,"non-msa cnty under 10,000",west north central,non-suburban,1,0,1,1,0,0,1,0,1,0,0,0,0,0,1,0,0,0,0,0,0,0,0,0,0,0,0,0,0,0,0,0,0,0,0,0,0,0,0,0,0,0,0,0,0,0,0,0,0,0,0,0,0,0,0,0,0,0,0,0,1
Vermillion,1991,South Dakota,SD,10134,SD01301,SD0130100,46,027,46027,local police department,"cities 10,000-24,999",west north central,non-suburban,0,0,0,0,0,0,0,0,0,0,0,0,0,0,0,0,0,0,0,0,0,0,0,0,0,0,0,0,0,0,0,0,0,0,0,0,0,0,0,0,0,0,0,0,0,0,0,0,0,0,0,0,0,0,0,0,0,0,0,0,0
Codington,1991,South Dakota,SD,5157,SD01400,SD0140000,46,029,46029,sheriffs office,"non-msa cnty under 10,000",west north central,non-suburban,2,0,2,2,0,0,2,0,2,0,0,2,0,0,0,0,0,0,0,0,0,0,0,0,0,0,0,0,0,0,0,0,0,0,0,0,0,0,0,0,0,0,0,0,0,0,0,0,0,0,0,0,0,0,0,0,0,2,0,0,0
Watertown,1991,South Dakota,SD,17768,SD01401,SD0140100,46,029,46029,local police department,"cities 10,000-24,999",west north central,non-suburban,10,3,7,10,0,3,7,0,7,0,0,3,1,2,1,1,0,0,0,0,0,0,1,0,0,1,0,0,0,0,0,0,0,0,0,0,0,0,0,0,0,0,0,0,0,0,0,0,0,0,0,0,0,3,0,0,0,7,0,0,0
Corson,1991,South Dakota,SD,3449,SD01500,SD0150000,46,031,46031,sheriffs office,"non-msa cnty under 10,000",west north central,non-suburban,2,0,2,1,1,0,1,0,1,0,0,0,0,0,1,0,0,0,0,0,0,0,0,0,0,0,0,0,0,0,0,0,0,0,0,0,1,0,0,0,0,0,0,0,0,0,0,0,0,0,0,0,0,0,0,0,0,2,0,0,0
Mclaughlin,1991,South Dakota,SD,787,SD01502,SD0150200,46,031,46031,local police department,"cities under 2,500",west north central,non-suburban,0,0,0,0,0,0,0,0,0,0,0,0,0,0,0,0,0,0,0,0,0,0,0,0,0,0,0,0,0,0,0,0,0,0,0,0,0,0,0,0,0,0,0,0,0,0,0,0,0,0,0,0,0,0,0,0,0,0,0,0,0
Custer,1991,South Dakota,SD,6241,SD01600,SD0160000,46,033,46033,sheriffs office,"non-msa cnty under 10,000",west north central,non-suburban,7,2,5,7,0,2,5,0,5,0,0,1,1,1,2,2,0,0,0,0,0,0,0,0,0,0,0,0,0,0,0,0,0,0,0,0,0,0,0,0,0,0,0,0,0,0,0,0,0,0,0,0,0,1,0,0,1,5,0,0,0
Davison,1991,South Dakota,SD,3742,SD01700,SD0170000,46,035,46035,sheriffs office,"non-msa cnty under 10,000",west north central,non-suburban,0,0,0,0,0,0,0,0,0,0,0,0,0,0,0,0,0,0,0,0,0,0,0,0,0,0,0,0,0,0,0,0,0,0,0,0,0,0,0,0,0,0,0,0,0,0,0,0,0,0,0,0,0,0,0,0,0,0,0,0,0
Mitchell,1991,South Dakota,SD,13936,SD01701,SD0170100,46,035,46035,local police department,"cities 10,000-24,999",west north central,non-suburban,10,7,3,8,2,7,1,0,1,0,0,0,1,0,0,2,0,1,1,0,0,0,0,1,1,0,0,1,0,0,0,0,0,0,0,1,1,0,0,0,0,0,0,0,0,0,0,0,0,0,0,0,0,3,0,0,4,3,0,0,0
Day,1991,South Dakota,SD,5010,SD01800,SD0180000,46,037,46037,sheriffs office,"non-msa cnty under 10,000",west north central,non-suburban,2,0,2,0,2,0,0,0,0,0,0,0,0,0,0,0,0,0,0,0,0,0,0,0,0,0,0,0,0,0,0,0,0,0,0,1,1,0,0,0,0,0,0,0,0,0,0,0,0,0,0,0,0,0,0,0,0,0,0,0,2
Deuel,1991,South Dakota,SD,4567,SD01900,SD0190000,46,039,46039,sheriffs office,"non-msa cnty under 10,000",west north central,non-suburban,3,0,3,3,0,0,3,0,3,0,0,0,1,0,2,0,0,0,0,0,0,0,0,0,0,0,0,0,0,0,0,0,0,0,0,0,0,0,0,0,0,0,0,0,0,0,0,0,0,0,0,0,0,0,0,0,0,3,0,0,0
Edmunds,1991,South Dakota,SD,4399,SD02200,SD0220000,46,045,46045,sheriffs office,"non-msa cnty under 10,000",west north central,non-suburban,0,0,0,0,0,0,0,0,0,0,0,0,0,0,0,0,0,0,0,0,0,0,0,0,0,0,0,0,0,0,0,0,0,0,0,0,0,0,0,0,0,0,0,0,0,0,0,0,0,0,0,0,0,0,0,0,0,0,0,0,0
Fall River,1991,South Dakota,SD,13059,SD02300,SD0230000,46,047,46047,sheriffs office,"non-msa cnty 10,000-24,999",west north central,non-suburban,0,0,0,0,0,0,0,0,0,0,0,0,0,0,0,0,0,0,0,0,0,0,0,0,0,0,0,0,0,0,0,0,0,0,0,0,0,0,0,0,0,0,0,0,0,0,0,0,0,0,0,0,0,0,0,0,0,0,0,0,0
Hot Springs,1991,South Dakota,SD,4368,SD02302,SD0230200,46,047,46047,local police department,"cities 2,500-9,999",west north central,non-suburban,0,0,0,0,0,0,0,0,0,0,0,0,0,0,0,0,0,0,0,0,0,0,0,0,0,0,0,0,0,0,0,0,0,0,0,0,0,0,0,0,0,0,0,0,0,0,0,0,0,0,0,0,0,0,0,0,0,0,0,0,0
Faulk,1991,South Dakota,SD,2771,SD02400,SD0240000,46,049,46049,sheriffs office,"non-msa cnty under 10,000",west north central,non-suburban,0,0,0,0,0,0,0,0,0,0,0,0,0,0,0,0,0,0,0,0,0,0,0,0,0,0,0,0,0,0,0,0,0,0,0,0,0,0,0,0,0,0,0,0,0,0,0,0,0,0,0,0,0,0,0,0,0,0,0,0,0
Milbank,1991,South Dakota,SD,3917,SD02501,SD0250100,46,051,46051,local police department,"cities 2,500-9,999",west north central,non-suburban,0,0,0,0,0,0,0,0,0,0,0,0,0,0,0,0,0,0,0,0,0,0,0,0,0,0,0,0,0,0,0,0,0,0,0,0,0,0,0,0,0,0,0,0,0,0,0,0,0,0,0,0,0,0,0,0,0,0,0,0,0
Gregory,1991,South Dakota,SD,1397,SD02601,SD0260100,46,053,46053,local police department,"cities under 2,500",west north central,non-suburban,0,0,0,0,0,0,0,0,0,0,0,0,0,0,0,0,0,0,0,0,0,0,0,0,0,0,0,0,0,0,0,0,0,0,0,0,0,0,0,0,0,0,0,0,0,0,0,0,0,0,0,0,0,0,0,0,0,0,0,0,0
Burke,1991,South Dakota,SD,763,SD02603,SD0260300,46,053,46053,local police department,"cities under 2,500",west north central,non-suburban,1,1,0,1,0,1,0,0,0,0,0,0,0,0,0,0,0,0,0,0,1,0,0,0,0,0,0,0,0,0,0,0,0,0,0,0,0,0,0,0,0,0,0,0,0,0,0,0,0,0,0,0,0,1,0,0,0,0,0,0,0
Haakon,1991,South Dakota,SD,1562,SD02700,SD0270000,46,055,46055,sheriffs office,"non-msa cnty under 10,000",west north central,non-suburban,0,0,0,0,0,0,0,0,0,0,0,0,0,0,0,0,0,0,0,0,0,0,0,0,0,0,0,0,0,0,0,0,0,0,0,0,0,0,0,0,0,0,0,0,0,0,0,0,0,0,0,0,0,0,0,0,0,0,0,0,0
Philip,1991,South Dakota,SD,1087,SD02701,SD0270100,46,055,46055,local police department,"cities under 2,500",west north central,non-suburban,0,0,0,0,0,0,0,0,0,0,0,0,0,0,0,0,0,0,0,0,0,0,0,0,0,0,0,0,0,0,0,0,0,0,0,0,0,0,0,0,0,0,0,0,0,0,0,0,0,0,0,0,0,0,0,0,0,0,0,0,0
Hamlin,1991,South Dakota,SD,4646,SD02800,SD0280000,46,057,46057,sheriffs office,"non-msa cnty under 10,000",west north central,non-suburban,0,0,0,0,0,0,0,0,0,0,0,0,0,0,0,0,0,0,0,0,0,0,0,0,0,0,0,0,0,0,0,0,0,0,0,0,0,0,0,0,0,0,0,0,0,0,0,0,0,0,0,0,0,0,0,0,0,0,0,0,0
Hand,1991,South Dakota,SD,2620,SD02900,SD0290000,46,059,46059,sheriffs office,"non-msa cnty under 10,000",west north central,non-suburban,2,1,1,2,0,1,1,0,1,0,0,0,0,1,0,0,0,0,0,0,0,0,0,0,1,0,0,0,0,0,0,0,0,0,0,0,0,0,0,0,0,0,0,0,0,0,0,0,0,0,0,0,0,1,0,0,0,0,0,0,1
Miller,1991,South Dakota,SD,1694,SD02901,SD0290100,46,059,46059,local police department,"cities under 2,500",west north central,non-suburban,0,0,0,0,0,0,0,0,0,0,0,0,0,0,0,0,0,0,0,0,0,0,0,0,0,0,0,0,0,0,0,0,0,0,0,0,0,0,0,0,0,0,0,0,0,0,0,0,0,0,0,0,0,0,0,0,0,0,0,0,0
Harding,1991,South Dakota,SD,1685,SD03100,SD0310000,46,063,46063,sheriffs office,"non-msa cnty under 10,000",west north central,non-suburban,7,0,7,7,0,0,7,0,7,0,0,2,1,4,0,0,0,0,0,0,0,0,0,0,0,0,0,0,0,0,0,0,0,0,0,0,0,0,0,0,0,0,0,0,0,0,0,0,0,0,0,0,0,0,0,0,0,3,2,0,2
Hughes,1991,South Dakota,SD,1930,SD03200,SD0320000,46,065,46065,sheriffs office,"non-msa cnty under 10,000",west north central,non-suburban,0,0,0,0,0,0,0,0,0,0,0,0,0,0,0,0,0,0,0,0,0,0,0,0,0,0,0,0,0,0,0,0,0,0,0,0,0,0,0,0,0,0,0,0,0,0,0,0,0,0,0,0,0,0,0,0,0,0,0,0,0
Pierre,1991,South Dakota,SD,13035,SD03201,SD0320100,46,065,46065,local police department,"cities 10,000-24,999",west north central,non-suburban,5,4,1,5,0,4,1,0,1,0,0,1,0,0,0,1,0,0,0,0,0,0,0,1,2,0,0,0,0,0,0,0,0,0,0,0,0,0,0,0,0,0,0,0,0,0,0,0,0,0,0,0,0,2,1,0,1,0,0,0,1
Hutchinson,1991,South Dakota,SD,10363,SD03300,SD0330000,46,067,46067,sheriffs office,"non-msa cnty 10,000-24,999",west north central,non-suburban,0,0,0,0,0,0,0,0,0,0,0,0,0,0,0,0,0,0,0,0,0,0,0,0,0,0,0,0,0,0,0,0,0,0,0,0,0,0,0,0,0,0,0,0,0,0,0,0,0,0,0,0,0,0,0,0,0,0,0,0,0
Parkston,1991,South Dakota,SD,1587,SD03302,SD0330200,46,067,46067,local police department,"cities under 2,500",west north central,non-suburban,0,0,0,0,0,0,0,0,0,0,0,0,0,0,0,0,0,0,0,0,0,0,0,0,0,0,0,0,0,0,0,0,0,0,0,0,0,0,0,0,0,0,0,0,0,0,0,0,0,0,0,0,0,0,0,0,0,0,0,0,0
Hyde,1991,South Dakota,SD,1713,SD03400,SD0340000,46,069,46069,sheriffs office,"non-msa cnty under 10,000",west north central,non-suburban,0,0,0,0,0,0,0,0,0,0,0,0,0,0,0,0,0,0,0,0,0,0,0,0,0,0,0,0,0,0,0,0,0,0,0,0,0,0,0,0,0,0,0,0,0,0,0,0,0,0,0,0,0,0,0,0,0,0,0,0,0
Jackson,1991,South Dakota,SD,2095,SD03500,SD0350000,46,071,46071,sheriffs office,"non-msa cnty under 10,000",west north central,non-suburban,0,0,0,0,0,0,0,0,0,0,0,0,0,0,0,0,0,0,0,0,0,0,0,0,0,0,0,0,0,0,0,0,0,0,0,0,0,0,0,0,0,0,0,0,0,0,0,0,0,0,0,0,0,0,0,0,0,0,0,0,0
Kadoka,1991,South Dakota,SD,743,SD03501,SD0350100,46,071,46071,local police department,"cities under 2,500",west north central,non-suburban,0,0,0,0,0,0,0,0,0,0,0,0,0,0,0,0,0,0,0,0,0,0,0,0,0,0,0,0,0,0,0,0,0,0,0,0,0,0,0,0,0,0,0,0,0,0,0,0,0,0,0,0,0,0,0,0,0,0,0,0,0
Jerauld,1991,South Dakota,SD,2449,SD03600,SD0360000,46,073,46073,sheriffs office,"non-msa cnty under 10,000",west north central,non-suburban,0,0,0,0,0,0,0,0,0,0,0,0,0,0,0,0,0,0,0,0,0,0,0,0,0,0,0,0,0,0,0,0,0,0,0,0,0,0,0,0,0,0,0,0,0,0,0,0,0,0,0,0,0,0,0,0,0,0,0,0,0
Jones,1991,South Dakota,SD,651,SD03700,SD0370000,46,075,46075,sheriffs office,"non-msa cnty under 10,000",west north central,non-suburban,1,0,1,1,0,0,1,0,1,0,0,0,0,1,0,0,0,0,0,0,0,0,0,0,0,0,0,0,0,0,0,0,0,0,0,0,0,0,0,0,0,0,0,0,0,0,0,0,0,0,0,0,0,0,0,0,0,1,0,0,0
Murdo,1991,South Dakota,SD,685,SD03701,SD0370100,46,075,46075,local police department,"cities under 2,500",west north central,non-suburban,2,0,2,2,0,0,2,0,2,0,0,2,0,0,0,0,0,0,0,0,0,0,0,0,0,0,0,0,0,0,0,0,0,0,0,0,0,0,0,0,0,0,0,0,0,0,0,0,0,0,0,0,0,0,0,0,0,1,0,0,1
Lake,1991,South Dakota,SD,4336,SD03900,SD0390000,46,079,46079,sheriffs office,"non-msa cnty under 10,000",west north central,non-suburban,0,0,0,0,0,0,0,0,0,0,0,0,0,0,0,0,0,0,0,0,0,0,0,0,0,0,0,0,0,0,0,0,0,0,0,0,0,0,0,0,0,0,0,0,0,0,0,0,0,0,0,0,0,0,0,0,0,0,0,0,0
Madison,1991,South Dakota,SD,6319,SD03901,SD0390100,46,079,46079,local police department,"cities 2,500-9,999",west north central,non-suburban,0,0,0,0,0,0,0,0,0,0,0,0,0,0,0,0,0,0,0,0,0,0,0,0,0,0,0,0,0,0,0,0,0,0,0,0,0,0,0,0,0,0,0,0,0,0,0,0,0,0,0,0,0,0,0,0,0,0,0,0,0
Deadwood,1991,South Dakota,SD,1848,SD04001,SD0400100,46,081,46081,local police department,"cities under 2,500",west north central,non-suburban,3,3,0,3,0,3,0,0,0,0,0,0,0,0,0,0,1,0,1,0,0,0,0,0,1,0,0,0,0,0,0,0,0,0,0,0,0,0,0,0,0,0,0,0,0,0,0,0,0,0,0,0,0,3,0,0,0,0,0,0,0
Lead,1991,South Dakota,SD,3668,SD04002,SD0400200,46,081,46081,local police department,"cities 2,500-9,999",west north central,non-suburban,2,1,1,2,0,1,1,0,1,0,0,0,0,0,1,0,0,0,1,0,0,0,0,0,0,0,0,0,0,0,0,0,0,0,0,0,0,0,0,0,0,0,0,0,0,0,0,0,0,0,0,0,0,1,0,0,0,1,0,0,0
Spearfish,1991,South Dakota,SD,7036,SD04003,SD0400300,46,081,46081,local police department,"cities 2,500-9,999",west north central,non-suburban,0,0,0,0,0,0,0,0,0,0,0,0,0,0,0,0,0,0,0,0,0,0,0,0,0,0,0,0,0,0,0,0,0,0,0,0,0,0,0,0,0,0,0,0,0,0,0,0,0,0,0,0,0,0,0,0,0,0,0,0,0
Canton,1991,South Dakota,SD,2815,SD04101,SD0410100,46,083,46083,local police department,"cities 2,500-9,999",west north central,non-suburban,0,0,0,0,0,0,0,0,0,0,0,0,0,0,0,0,0,0,0,0,0,0,0,0,0,0,0,0,0,0,0,0,0,0,0,0,0,0,0,0,0,0,0,0,0,0,0,0,0,0,0,0,0,0,0,0,0,0,0,0,0
Lyman,1991,South Dakota,SD,3674,SD04200,SD0420000,46,085,46085,sheriffs office,"non-msa cnty under 10,000",west north central,non-suburban,1,1,0,1,0,1,0,0,0,0,0,0,0,0,0,1,0,0,0,0,0,0,0,0,0,0,0,0,0,0,0,0,0,0,0,0,0,0,0,0,0,0,0,0,0,0,0,0,0,0,0,0,0,1,0,0,0,0,0,0,0
Salem,1991,South Dakota,SD,1301,SD04301,SD0430100,46,087,46087,local police department,"cities under 2,500",west north central,non-suburban,0,0,0,0,0,0,0,0,0,0,0,0,0,0,0,0,0,0,0,0,0,0,0,0,0,0,0,0,0,0,0,0,0,0,0,0,0,0,0,0,0,0,0,0,0,0,0,0,0,0,0,0,0,0,0,0,0,0,0,0,0
Marshall,1991,South Dakota,SD,4892,SD04500,SD0450000,46,091,46091,sheriffs office,"non-msa cnty under 10,000",west north central,non-suburban,0,0,0,0,0,0,0,0,0,0,0,0,0,0,0,0,0,0,0,0,0,0,0,0,0,0,0,0,0,0,0,0,0,0,0,0,0,0,0,0,0,0,0,0,0,0,0,0,0,0,0,0,0,0,0,0,0,0,0,0,0
Meade,1991,South Dakota,SD,16714,SD04600,SD0460000,46,093,46093,sheriffs office,"non-msa cnty 10,000-24,999",west north central,non-suburban,3,2,1,3,0,2,1,0,1,0,0,1,0,0,0,0,0,0,0,0,0,0,0,0,1,1,0,0,0,0,0,0,0,0,0,0,0,0,0,0,0,0,0,0,0,0,0,0,0,0,0,0,0,1,0,0,1,1,0,0,0
Sturgis,1991,South Dakota,SD,5383,SD04601,SD0460100,46,093,46093,local police department,"cities 2,500-9,999",west north central,non-suburban,2,0,2,1,1,0,1,0,1,0,0,1,0,0,0,0,0,0,0,0,0,0,0,0,0,0,0,0,0,0,0,0,0,0,0,1,0,0,0,0,0,0,0,0,0,0,0,0,0,0,0,0,0,0,0,0,0,1,0,0,1
Miner,1991,South Dakota,SD,3304,SD04800,SD0480000,46,097,46097,sheriffs office,"non-msa cnty under 10,000",west north central,non-suburban,0,0,0,0,0,0,0,0,0,0,0,0,0,0,0,0,0,0,0,0,0,0,0,0,0,0,0,0,0,0,0,0,0,0,0,0,0,0,0,0,0,0,0,0,0,0,0,0,0,0,0,0,0,0,0,0,0,0,0,0,0
Minnehaha,1991,South Dakota,SD,19647,SD04900,SD0490000,46,099,46099,sheriffs office,"msa cnty 10,000-24,999",west north central,suburban,1,1,0,1,0,1,0,0,0,0,0,0,0,0,0,0,0,0,0,0,0,0,0,1,0,0,0,0,0,0,0,0,0,0,0,0,0,0,0,0,0,0,0,0,0,0,0,0,0,0,0,0,0,1,0,0,0,0,0,0,0
Sioux Falls,1991,South Dakota,SD,101885,SD04902,SD0490200,46,099,46099,local police department,"cities 100,000-249,999",west north central,non-suburban,11,2,9,10,1,2,8,0,8,0,0,0,1,4,3,0,0,0,0,0,0,0,0,1,0,1,0,0,0,0,0,0,0,1,0,0,0,0,0,0,0,0,0,0,0,0,0,0,0,0,0,0,0,2,0,0,0,9,0,0,0
Brandon,1991,South Dakota,SD,3578,SD04903,SD0490300,46,099,46099,local police department,"cities 2,500-9,999",west north central,suburban,0,0,0,0,0,0,0,0,0,0,0,0,0,0,0,0,0,0,0,0,0,0,0,0,0,0,0,0,0,0,0,0,0,0,0,0,0,0,0,0,0,0,0,0,0,0,0,0,0,0,0,0,0,0,0,0,0,0,0,0,0
Moody,1991,South Dakota,SD,6572,SD05000,SD0500000,46,101,46101,sheriffs office,"non-msa cnty under 10,000",west north central,non-suburban,0,0,0,0,0,0,0,0,0,0,0,0,0,0,0,0,0,0,0,0,0,0,0,0,0,0,0,0,0,0,0,0,0,0,0,0,0,0,0,0,0,0,0,0,0,0,0,0,0,0,0,0,0,0,0,0,0,0,0,0,0
Pennington,1991,South Dakota,SD,24382,SD05100,SD0510000,46,103,46103,sheriffs office,"msa cnty 10,000-24,999",west north central,suburban,3,0,3,3,0,0,3,0,3,0,0,1,1,1,0,0,0,0,0,0,0,0,0,0,0,0,0,0,0,0,0,0,0,0,0,0,0,0,0,0,0,0,0,0,0,0,0,0,0,0,0,0,0,0,0,0,0,3,0,0,0
Rapid City,1991,South Dakota,SD,55070,SD05101,SD0510100,46,103,46103,local police department,"cities 50,000-99,999",west north central,suburban,10,7,3,10,0,7,3,0,3,0,0,2,1,-1,1,3,0,0,1,1,0,1,1,0,0,0,0,0,0,0,0,0,0,0,0,0,0,0,0,0,0,0,0,0,0,0,0,0,0,0,0,0,0,4,1,0,2,3,0,0,0
Box Elder,1991,South Dakota,SD,2706,SD05103,SD0510300,46,103,46103,local police department,"cities 2,500-9,999",west north central,suburban,3,0,3,3,0,0,3,0,3,0,0,0,3,0,0,0,0,0,0,0,0,0,0,0,0,0,0,0,0,0,0,0,0,0,0,0,0,0,0,0,0,0,0,0,0,0,0,0,0,0,0,0,0,0,0,0,0,1,0,0,2
Perkins,1991,South Dakota,SD,3971,SD05200,SD0520000,46,105,46105,sheriffs office,"non-msa cnty under 10,000",west north central,non-suburban,0,0,0,0,0,0,0,0,0,0,0,0,0,0,0,0,0,0,0,0,0,0,0,0,0,0,0,0,0,0,0,0,0,0,0,0,0,0,0,0,0,0,0,0,0,0,0,0,0,0,0,0,0,0,0,0,0,0,0,0,0
Potter,1991,South Dakota,SD,3222,SD05300,SD0530000,46,107,46107,sheriffs office,"non-msa cnty under 10,000",west north central,non-suburban,0,0,0,0,0,0,0,0,0,0,0,0,0,0,0,0,0,0,0,0,0,0,0,0,0,0,0,0,0,0,0,0,0,0,0,0,0,0,0,0,0,0,0,0,0,0,0,0,0,0,0,0,0,0,0,0,0,0,0,0,0
Sisseton,1991,South Dakota,SD,2202,SD05401,SD0540100,46,109,46109,local police department,"cities under 2,500",west north central,non-suburban,-1,0,-1,-1,0,0,-1,0,-1,0,0,0,0,-1,0,0,0,0,0,0,0,0,0,0,0,0,0,0,0,0,0,0,0,0,0,0,0,0,0,0,0,0,0,0,0,0,0,0,0,0,0,0,0,0,0,0,0,0,0,0,-1
Sanborn,1991,South Dakota,SD,2861,SD05500,SD0550000,46,111,46111,sheriffs office,"non-msa cnty under 10,000",west north central,non-suburban,0,0,0,0,0,0,0,0,0,0,0,0,0,0,0,0,0,0,0,0,0,0,0,0,0,0,0,0,0,0,0,0,0,0,0,0,0,0,0,0,0,0,0,0,0,0,0,0,0,0,0,0,0,0,0,0,0,0,0,0,0
Spink,1991,South Dakota,SD,8061,SD05700,SD0570000,46,115,46115,sheriffs office,"non-msa cnty under 10,000",west north central,non-suburban,0,0,0,0,0,0,0,0,0,0,0,0,0,0,0,0,0,0,0,0,0,0,0,0,0,0,0,0,0,0,0,0,0,0,0,0,0,0,0,0,0,0,0,0,0,0,0,0,0,0,0,0,0,0,0,0,0,0,0,0,0
Fort Pierre,1991,South Dakota,SD,1872,SD05801,SD0580100,46,117,46117,local police department,"cities under 2,500",west north central,non-suburban,0,0,0,0,0,0,0,0,0,0,0,0,0,0,0,0,0,0,0,0,0,0,0,0,0,0,0,0,0,0,0,0,0,0,0,0,0,0,0,0,0,0,0,0,0,0,0,0,0,0,0,0,0,0,0,0,0,0,0,0,0
Sully,1991,South Dakota,SD,1604,SD05900,SD0590000,46,119,46119,sheriffs office,"non-msa cnty under 10,000",west north central,non-suburban,1,1,0,1,0,1,0,0,0,0,0,0,0,0,0,0,0,0,0,0,0,0,0,1,0,0,0,0,0,0,0,0,0,0,0,0,0,0,0,0,0,0,0,0,0,0,0,0,0,0,0,0,0,1,0,0,0,0,0,0,0
Winner,1991,South Dakota,SD,3387,SD06101,SD0610100,46,123,46123,local police department,"cities 2,500-9,999",west north central,non-suburban,1,1,0,1,0,1,0,0,0,0,0,0,0,0,0,0,1,0,0,0,0,0,0,0,0,0,0,0,0,0,0,0,0,0,0,0,0,0,0,0,0,0,0,0,0,0,0,0,0,0,0,0,0,0,0,0,1,0,0,0,0
Turner,1991,South Dakota,SD,7668,SD06200,SD0620000,46,125,46125,sheriffs office,"non-msa cnty under 10,000",west north central,non-suburban,0,0,0,0,0,0,0,0,0,0,0,0,0,0,0,0,0,0,0,0,0,0,0,0,0,0,0,0,0,0,0,0,0,0,0,0,0,0,0,0,0,0,0,0,0,0,0,0,0,0,0,0,0,0,0,0,0,0,0,0,0
Union,1991,South Dakota,SD,8800,SD06300,SD0630000,46,127,46127,sheriffs office,"non-msa cnty under 10,000",west north central,non-suburban,0,0,0,0,0,0,0,0,0,0,0,0,0,0,0,0,0,0,0,0,0,0,0,0,0,0,0,0,0,0,0,0,0,0,0,0,0,0,0,0,0,0,0,0,0,0,0,0,0,0,0,0,0,0,0,0,0,0,0,0,0
Beresford,1991,South Dakota,SD,1866,SD06301,SD0630100,46,127,46127,local police department,"cities under 2,500",west north central,non-suburban,1,1,0,1,0,1,0,0,0,0,0,0,0,0,0,0,0,0,0,0,0,0,0,0,0,0,0,1,0,0,0,0,0,0,0,0,0,0,0,0,0,0,0,0,0,0,0,0,0,0,0,0,0,1,0,0,0,0,0,0,0
Mobridge,1991,South Dakota,SD,3805,SD06401,SD0640100,46,129,46129,local police department,"cities 2,500-9,999",west north central,non-suburban,0,0,0,0,0,0,0,0,0,0,0,0,0,0,0,0,0,0,0,0,0,0,0,0,0,0,0,0,0,0,0,0,0,0,0,0,0,0,0,0,0,0,0,0,0,0,0,0,0,0,0,0,0,0,0,0,0,0,0,0,0
Yankton,1991,South Dakota,SD,6614,SD06600,SD0660000,46,135,46135,sheriffs office,"non-msa cnty under 10,000",west north central,non-suburban,1,1,0,1,0,1,0,0,0,0,0,0,0,0,0,0,0,0,0,0,0,0,0,0,1,0,0,0,0,0,0,0,0,0,0,0,0,0,0,0,0,0,0,0,0,0,0,0,0,0,0,0,0,1,0,0,0,0,0,0,0
Yankton,1991,South Dakota,SD,12830,SD06601,SD0660100,46,135,46135,local police department,"cities 10,000-24,999",west north central,non-suburban,3,0,3,2,1,0,2,0,2,0,0,0,1,0,1,0,0,0,0,0,0,0,0,0,0,0,0,0,0,0,0,0,0,0,0,1,0,0,0,0,0,0,0,0,0,0,0,0,0,0,0,0,0,0,0,0,0,3,0,0,0
Aurora,1992,South Dakota,SD,3202,SD00100,SD0010000,46,003,46003,sheriffs office,"non-msa cnty under 10,000",west north central,non-suburban,2,1,1,2,0,1,1,0,1,0,0,0,0,0,1,0,0,0,0,0,0,0,0,0,0,1,0,0,0,0,0,0,0,0,0,0,0,0,0,0,0,0,0,0,0,0,0,0,0,0,0,0,0,1,0,0,0,1,0,0,0
Beadle,1992,South Dakota,SD,5929,SD00200,SD0020000,46,005,46005,sheriffs office,"non-msa cnty under 10,000",west north central,non-suburban,0,0,0,0,0,0,0,0,0,0,0,0,0,0,0,0,0,0,0,0,0,0,0,0,0,0,0,0,0,0,0,0,0,0,0,0,0,0,0,0,0,0,0,0,0,0,0,0,0,0,0,0,0,0,0,0,0,0,0,0,0
Huron,1992,South Dakota,SD,12716,SD00201,SD0020100,46,005,46005,local police department,"cities 10,000-24,999",west north central,non-suburban,13,1,12,8,5,1,7,0,7,0,0,1,3,3,0,0,0,0,0,0,0,0,1,0,0,0,0,0,0,0,0,1,3,0,0,1,0,0,0,0,0,0,0,0,0,0,0,0,0,0,0,0,0,1,0,0,0,7,1,0,4
Bennett,1992,South Dakota,SD,3274,SD00300,SD0030000,46,007,46007,sheriffs office,"non-msa cnty under 10,000",west north central,non-suburban,0,0,0,0,0,0,0,0,0,0,0,0,0,0,0,0,0,0,0,0,0,0,0,0,0,0,0,0,0,0,0,0,0,0,0,0,0,0,0,0,0,0,0,0,0,0,0,0,0,0,0,0,0,0,0,0,0,0,0,0,0
Bon Homme,1992,South Dakota,SD,7241,SD00400,SD0040000,46,009,46009,sheriffs office,"non-msa cnty under 10,000",west north central,non-suburban,0,0,0,0,0,0,0,0,0,0,0,0,0,0,0,0,0,0,0,0,0,0,0,0,0,0,0,0,0,0,0,0,0,0,0,0,0,0,0,0,0,0,0,0,0,0,0,0,0,0,0,0,0,0,0,0,0,0,0,0,0
Brookings,1992,South Dakota,SD,16620,SD00501,SD0050100,46,011,46011,local police department,"cities 10,000-24,999",west north central,non-suburban,14,10,4,14,0,10,4,0,4,0,2,0,0,0,2,1,0,1,2,0,1,2,3,0,0,0,0,0,0,0,0,0,0,0,0,0,0,0,0,0,0,0,0,0,0,0,0,0,0,0,0,0,0,10,0,0,0,4,0,0,0
Brown,1992,South Dakota,SD,10882,SD00600,SD0060000,46,013,46013,sheriffs office,"non-msa cnty 10,000-24,999",west north central,non-suburban,1,0,1,1,0,0,1,0,1,0,0,1,0,0,0,0,0,0,0,0,0,0,0,0,0,0,0,0,0,0,0,0,0,0,0,0,0,0,0,0,0,0,0,0,0,0,0,0,0,0,0,0,0,0,0,0,0,1,0,0,0
Aberdeen,1992,South Dakota,SD,25463,SD00601,SD0060100,46,013,46013,local police department,"cities 25,000-49,999",west north central,non-suburban,32,12,20,30,2,12,18,0,18,0,1,3,10,3,1,3,1,1,1,1,0,0,1,1,2,0,0,1,0,0,0,0,0,2,0,0,0,0,0,0,0,0,0,0,0,0,0,0,0,0,0,0,0,10,0,0,2,20,0,0,0
Chamberlain,1992,South Dakota,SD,2396,SD00701,SD0070100,46,015,46015,local police department,"cities under 2,500",west north central,non-suburban,0,0,0,0,0,0,0,0,0,0,0,0,0,0,0,0,0,0,0,0,0,0,0,0,0,0,0,0,0,0,0,0,0,0,0,0,0,0,0,0,0,0,0,0,0,0,0,0,0,0,0,0,0,0,0,0,0,0,0,0,0
Butte,1992,South Dakota,SD,3655,SD00900,SD0090000,46,019,46019,sheriffs office,"non-msa cnty under 10,000",west north central,non-suburban,0,0,0,0,0,0,0,0,0,0,0,0,0,0,0,0,0,0,0,0,0,0,0,0,0,0,0,0,0,0,0,0,0,0,0,0,0,0,0,0,0,0,0,0,0,0,0,0,0,0,0,0,0,0,0,0,0,0,0,0,0
Belle Fourche,1992,South Dakota,SD,4427,SD00901,SD0090100,46,019,46019,local police department,"cities 2,500-9,999",west north central,non-suburban,0,0,0,0,0,0,0,0,0,0,0,0,0,0,0,0,0,0,0,0,0,0,0,0,0,0,0,0,0,0,0,0,0,0,0,0,0,0,0,0,0,0,0,0,0,0,0,0,0,0,0,0,0,0,0,0,0,0,0,0,0
Charles Mix,1992,South Dakota,SD,9326,SD01100,SD0110000,46,023,46023,sheriffs office,"non-msa cnty under 10,000",west north central,non-suburban,7,5,2,7,0,5,0,0,0,2,0,0,0,0,0,0,0,0,0,0,0,1,2,0,2,0,0,0,0,0,0,0,0,0,0,0,0,0,0,0,0,0,0,0,0,0,0,0,0,0,0,0,0,5,0,0,0,0,0,0,2
Clay,1992,South Dakota,SD,3219,SD01300,SD0130000,46,027,46027,sheriffs office,"non-msa cnty under 10,000",west north central,non-suburban,3,3,0,3,0,3,0,0,0,0,0,0,0,0,0,0,0,0,0,0,0,0,0,1,1,0,0,0,0,1,0,0,0,0,0,0,0,0,0,0,0,0,0,0,0,0,0,0,0,0,0,0,0,3,0,0,0,0,0,0,0
Vermillion,1992,South Dakota,SD,10249,SD01301,SD0130100,46,027,46027,local police department,"cities 10,000-24,999",west north central,non-suburban,0,0,0,0,0,0,0,0,0,0,0,0,0,0,0,0,0,0,0,0,0,0,0,0,0,0,0,0,0,0,0,0,0,0,0,0,0,0,0,0,0,0,0,0,0,0,0,0,0,0,0,0,0,0,0,0,0,0,0,0,0
Watertown,1992,South Dakota,SD,17970,SD01401,SD0140100,46,029,46029,local police department,"cities 10,000-24,999",west north central,non-suburban,7,2,5,7,0,2,5,0,5,0,3,1,1,0,0,1,0,1,0,0,0,0,0,0,0,0,0,0,0,0,0,0,0,0,0,0,0,0,0,0,0,0,0,0,0,0,0,0,0,0,0,0,0,1,0,0,1,5,0,0,0
Mclaughlin,1992,South Dakota,SD,795,SD01502,SD0150200,46,031,46031,local police department,"cities under 2,500",west north central,non-suburban,1,1,0,1,0,1,0,0,0,0,0,0,0,0,0,0,1,0,0,0,0,0,0,0,0,0,0,0,0,0,0,0,0,0,0,0,0,0,0,0,0,0,0,0,0,0,0,0,0,0,0,0,0,0,0,0,1,0,0,0,0
Custer,1992,South Dakota,SD,6312,SD01600,SD0160000,46,033,46033,sheriffs office,"non-msa cnty under 10,000",west north central,non-suburban,2,0,2,2,0,0,2,0,2,0,0,0,1,0,1,0,0,0,0,0,0,0,0,0,0,0,0,0,0,0,0,0,0,0,0,0,0,0,0,0,0,0,0,0,0,0,0,0,0,0,0,0,0,0,0,0,0,2,0,0,0
Mitchell,1992,South Dakota,SD,14094,SD01701,SD0170100,46,035,46035,local police department,"cities 10,000-24,999",west north central,non-suburban,8,1,7,8,0,1,7,0,7,0,0,3,3,1,0,0,0,0,0,0,0,0,1,0,0,0,0,0,0,0,0,0,0,0,0,0,0,0,0,0,0,0,0,0,0,0,0,0,0,0,0,0,0,1,0,0,0,7,0,0,0
Day,1992,South Dakota,SD,5067,SD01800,SD0180000,46,037,46037,sheriffs office,"non-msa cnty under 10,000",west north central,non-suburban,0,0,0,0,0,0,0,0,0,0,0,0,0,0,0,0,0,0,0,0,0,0,0,0,0,0,0,0,0,0,0,0,0,0,0,0,0,0,0,0,0,0,0,0,0,0,0,0,0,0,0,0,0,0,0,0,0,0,0,0,0
Deuel,1992,South Dakota,SD,4618,SD01900,SD0190000,46,039,46039,sheriffs office,"non-msa cnty under 10,000",west north central,non-suburban,0,0,0,0,0,0,0,0,0,0,0,0,0,0,0,0,0,0,0,0,0,0,0,0,0,0,0,0,0,0,0,0,0,0,0,0,0,0,0,0,0,0,0,0,0,0,0,0,0,0,0,0,0,0,0,0,0,0,0,0,0
Douglas,1992,South Dakota,SD,3826,SD02100,SD0210000,46,043,46043,sheriffs office,"non-msa cnty under 10,000",west north central,non-suburban,0,0,0,0,0,0,0,0,0,0,0,0,0,0,0,0,0,0,0,0,0,0,0,0,0,0,0,0,0,0,0,0,0,0,0,0,0,0,0,0,0,0,0,0,0,0,0,0,0,0,0,0,0,0,0,0,0,0,0,0,0
Edmunds,1992,South Dakota,SD,4449,SD02200,SD0220000,46,045,46045,sheriffs office,"non-msa cnty under 10,000",west north central,non-suburban,0,0,0,0,0,0,0,0,0,0,0,0,0,0,0,0,0,0,0,0,0,0,0,0,0,0,0,0,0,0,0,0,0,0,0,0,0,0,0,0,0,0,0,0,0,0,0,0,0,0,0,0,0,0,0,0,0,0,0,0,0
Fall River,1992,South Dakota,SD,13207,SD02300,SD0230000,46,047,46047,sheriffs office,"non-msa cnty 10,000-24,999",west north central,non-suburban,0,0,0,0,0,0,0,0,0,0,0,0,0,0,0,0,0,0,0,0,0,0,0,0,0,0,0,0,0,0,0,0,0,0,0,0,0,0,0,0,0,0,0,0,0,0,0,0,0,0,0,0,0,0,0,0,0,0,0,0,0
Hot Springs,1992,South Dakota,SD,4417,SD02302,SD0230200,46,047,46047,local police department,"cities 2,500-9,999",west north central,non-suburban,2,2,0,2,0,2,0,0,0,0,0,0,0,0,0,0,0,0,1,0,0,0,0,1,0,0,0,0,0,0,0,0,0,0,0,0,0,0,0,0,0,0,0,0,0,0,0,0,0,0,0,0,0,1,0,0,1,0,0,0,0
Faulk,1992,South Dakota,SD,2802,SD02400,SD0240000,46,049,46049,sheriffs office,"non-msa cnty under 10,000",west north central,non-suburban,0,0,0,0,0,0,0,0,0,0,0,0,0,0,0,0,0,0,0,0,0,0,0,0,0,0,0,0,0,0,0,0,0,0,0,0,0,0,0,0,0,0,0,0,0,0,0,0,0,0,0,0,0,0,0,0,0,0,0,0,0
Gregory,1992,South Dakota,SD,3287,SD02600,SD0260000,46,053,46053,sheriffs office,"non-msa cnty under 10,000",west north central,non-suburban,0,0,0,0,0,0,0,0,0,0,0,0,0,0,0,0,0,0,0,0,0,0,0,0,0,0,0,0,0,0,0,0,0,0,0,0,0,0,0,0,0,0,0,0,0,0,0,0,0,0,0,0,0,0,0,0,0,0,0,0,0
Gregory,1992,South Dakota,SD,1412,SD02601,SD0260100,46,053,46053,local police department,"cities under 2,500",west north central,non-suburban,0,0,0,0,0,0,0,0,0,0,0,0,0,0,0,0,0,0,0,0,0,0,0,0,0,0,0,0,0,0,0,0,0,0,0,0,0,0,0,0,0,0,0,0,0,0,0,0,0,0,0,0,0,0,0,0,0,0,0,0,0
Burke,1992,South Dakota,SD,771,SD02603,SD0260300,46,053,46053,local police department,"cities under 2,500",west north central,non-suburban,2,0,2,2,0,0,2,0,2,0,0,1,1,0,0,0,0,0,0,0,0,0,0,0,0,0,0,0,0,0,0,0,0,0,0,0,0,0,0,0,0,0,0,0,0,0,0,0,0,0,0,0,0,0,0,0,0,0,0,0,2
Haakon,1992,South Dakota,SD,1579,SD02700,SD0270000,46,055,46055,sheriffs office,"non-msa cnty under 10,000",west north central,non-suburban,1,0,1,0,1,0,0,0,0,0,0,0,0,0,0,0,0,0,0,0,0,0,0,0,0,0,0,0,0,0,0,0,0,0,1,0,0,0,0,0,0,0,0,0,0,0,0,0,0,0,0,0,0,0,0,0,0,0,0,0,1
Philip,1992,South Dakota,SD,1099,SD02701,SD0270100,46,055,46055,local police department,"cities under 2,500",west north central,non-suburban,0,0,0,0,0,0,0,0,0,0,0,0,0,0,0,0,0,0,0,0,0,0,0,0,0,0,0,0,0,0,0,0,0,0,0,0,0,0,0,0,0,0,0,0,0,0,0,0,0,0,0,0,0,0,0,0,0,0,0,0,0
Hand,1992,South Dakota,SD,2649,SD02900,SD0290000,46,059,46059,sheriffs office,"non-msa cnty under 10,000",west north central,non-suburban,0,0,0,0,0,0,0,0,0,0,0,0,0,0,0,0,0,0,0,0,0,0,0,0,0,0,0,0,0,0,0,0,0,0,0,0,0,0,0,0,0,0,0,0,0,0,0,0,0,0,0,0,0,0,0,0,0,0,0,0,0
Miller,1992,South Dakota,SD,1713,SD02901,SD0290100,46,059,46059,local police department,"cities under 2,500",west north central,non-suburban,0,0,0,0,0,0,0,0,0,0,0,0,0,0,0,0,0,0,0,0,0,0,0,0,0,0,0,0,0,0,0,0,0,0,0,0,0,0,0,0,0,0,0,0,0,0,0,0,0,0,0,0,0,0,0,0,0,0,0,0,0
Hanson,1992,South Dakota,SD,3058,SD03000,SD0300000,46,061,46061,sheriffs office,"non-msa cnty under 10,000",west north central,non-suburban,2,1,1,2,0,1,1,0,1,0,0,0,0,1,0,1,0,0,0,0,0,0,0,0,0,0,0,0,0,0,0,0,0,0,0,0,0,0,0,0,0,0,0,0,0,0,0,0,0,0,0,0,0,1,0,0,0,0,0,0,1
Pierre,1992,South Dakota,SD,13183,SD03201,SD0320100,46,065,46065,local police department,"cities 10,000-24,999",west north central,non-suburban,32,2,30,17,15,2,15,0,15,0,5,1,4,2,3,0,1,0,0,0,0,0,0,1,0,0,0,0,0,0,0,0,5,4,3,2,1,0,0,0,0,0,0,0,0,0,0,0,0,0,0,0,0,2,0,0,0,26,0,0,4
Parkston,1992,South Dakota,SD,1605,SD03302,SD0330200,46,067,46067,local police department,"cities under 2,500",west north central,non-suburban,0,0,0,0,0,0,0,0,0,0,0,0,0,0,0,0,0,0,0,0,0,0,0,0,0,0,0,0,0,0,0,0,0,0,0,0,0,0,0,0,0,0,0,0,0,0,0,0,0,0,0,0,0,0,0,0,0,0,0,0,0
Hyde,1992,South Dakota,SD,1732,SD03400,SD0340000,46,069,46069,sheriffs office,"non-msa cnty under 10,000",west north central,non-suburban,0,0,0,0,0,0,0,0,0,0,0,0,0,0,0,0,0,0,0,0,0,0,0,0,0,0,0,0,0,0,0,0,0,0,0,0,0,0,0,0,0,0,0,0,0,0,0,0,0,0,0,0,0,0,0,0,0,0,0,0,0
Jackson,1992,South Dakota,SD,2118,SD03500,SD0350000,46,071,46071,sheriffs office,"non-msa cnty under 10,000",west north central,non-suburban,4,0,4,3,1,0,3,0,3,0,0,0,2,0,1,0,0,0,0,0,0,0,0,0,0,0,0,0,0,0,0,0,0,0,1,0,0,0,0,0,0,0,0,0,0,0,0,0,0,0,0,0,0,0,0,0,0,4,0,0,0
Lake,1992,South Dakota,SD,4385,SD03900,SD0390000,46,079,46079,sheriffs office,"non-msa cnty under 10,000",west north central,non-suburban,0,0,0,0,0,0,0,0,0,0,0,0,0,0,0,0,0,0,0,0,0,0,0,0,0,0,0,0,0,0,0,0,0,0,0,0,0,0,0,0,0,0,0,0,0,0,0,0,0,0,0,0,0,0,0,0,0,0,0,0,0
Madison,1992,South Dakota,SD,6390,SD03901,SD0390100,46,079,46079,local police department,"cities 2,500-9,999",west north central,non-suburban,0,0,0,0,0,0,0,0,0,0,0,0,0,0,0,0,0,0,0,0,0,0,0,0,0,0,0,0,0,0,0,0,0,0,0,0,0,0,0,0,0,0,0,0,0,0,0,0,0,0,0,0,0,0,0,0,0,0,0,0,0
Lawrence,1992,South Dakota,SD,8403,SD04000,SD0400000,46,081,46081,sheriffs office,"non-msa cnty under 10,000",west north central,non-suburban,0,0,0,0,0,0,0,0,0,0,0,0,0,0,0,0,0,0,0,0,0,0,0,0,0,0,0,0,0,0,0,0,0,0,0,0,0,0,0,0,0,0,0,0,0,0,0,0,0,0,0,0,0,0,0,0,0,0,0,0,0
Deadwood,1992,South Dakota,SD,1869,SD04001,SD0400100,46,081,46081,local police department,"cities under 2,500",west north central,non-suburban,4,0,4,4,0,0,4,0,4,0,0,0,1,1,2,0,0,0,0,0,0,0,0,0,0,0,0,0,0,0,0,0,0,0,0,0,0,0,0,0,0,0,0,0,0,0,0,0,0,0,0,0,0,0,0,0,0,4,0,0,0
Lead,1992,South Dakota,SD,3709,SD04002,SD0400200,46,081,46081,local police department,"cities 2,500-9,999",west north central,non-suburban,2,1,1,1,1,1,0,0,0,0,0,0,0,0,0,0,0,0,0,0,0,1,0,0,0,0,0,0,0,0,0,0,0,0,0,0,1,0,0,0,0,0,0,0,0,0,0,0,0,0,0,0,0,1,0,0,0,1,0,0,0
Spearfish,1992,South Dakota,SD,7116,SD04003,SD0400300,46,081,46081,local police department,"cities 2,500-9,999",west north central,non-suburban,2,2,0,2,0,2,0,0,0,0,0,0,0,0,0,2,0,0,0,0,0,0,0,0,0,0,0,0,0,0,0,0,0,0,0,0,0,0,0,0,0,0,0,0,0,0,0,0,0,0,0,0,0,2,0,0,0,0,0,0,0
Canton,1992,South Dakota,SD,2847,SD04101,SD0410100,46,083,46083,local police department,"cities 2,500-9,999",west north central,suburban,1,1,0,1,0,1,0,0,0,0,0,0,0,0,0,0,1,0,0,0,0,0,0,0,0,0,0,0,0,0,0,0,0,0,0,0,0,0,0,0,0,0,0,0,0,0,0,0,0,0,0,0,0,1,0,0,0,0,0,0,0
Lyman,1992,South Dakota,SD,3715,SD04200,SD0420000,46,085,46085,sheriffs office,"non-msa cnty under 10,000",west north central,non-suburban,1,1,0,1,0,1,0,0,0,0,0,0,0,0,0,0,0,0,0,0,0,0,0,0,1,0,0,0,0,0,0,0,0,0,0,0,0,0,0,0,0,0,0,0,0,0,0,0,0,0,0,0,0,1,0,0,0,0,0,0,0
Mccook,1992,South Dakota,SD,4493,SD04300,SD0430000,46,087,46087,sheriffs office,"non-msa cnty under 10,000",west north central,non-suburban,0,0,0,0,0,0,0,0,0,0,0,0,0,0,0,0,0,0,0,0,0,0,0,0,0,0,0,0,0,0,0,0,0,0,0,0,0,0,0,0,0,0,0,0,0,0,0,0,0,0,0,0,0,0,0,0,0,0,0,0,0
Salem,1992,South Dakota,SD,1315,SD04301,SD0430100,46,087,46087,local police department,"cities under 2,500",west north central,non-suburban,1,1,0,1,0,1,0,0,0,0,0,0,0,0,0,1,0,0,0,0,0,0,0,0,0,0,0,0,0,0,0,0,0,0,0,0,0,0,0,0,0,0,0,0,0,0,0,0,0,0,0,0,0,1,0,0,0,0,0,0,0
Marshall,1992,South Dakota,SD,4947,SD04500,SD0450000,46,091,46091,sheriffs office,"non-msa cnty under 10,000",west north central,non-suburban,0,0,0,0,0,0,0,0,0,0,0,0,0,0,0,0,0,0,0,0,0,0,0,0,0,0,0,0,0,0,0,0,0,0,0,0,0,0,0,0,0,0,0,0,0,0,0,0,0,0,0,0,0,0,0,0,0,0,0,0,0
Meade,1992,South Dakota,SD,16904,SD04600,SD0460000,46,093,46093,sheriffs office,"non-msa cnty 10,000-24,999",west north central,non-suburban,7,4,3,6,1,4,2,0,2,0,0,1,1,0,0,1,1,1,0,0,0,0,1,0,0,0,0,0,0,0,0,0,1,0,0,0,0,0,0,0,0,0,0,0,0,0,0,0,0,0,0,0,0,4,0,0,0,3,0,0,0
Sturgis,1992,South Dakota,SD,5444,SD04601,SD0460100,46,093,46093,local police department,"cities 2,500-9,999",west north central,non-suburban,10,1,9,1,9,1,0,0,0,0,0,0,0,0,0,1,0,0,0,0,0,0,0,0,0,0,0,0,0,0,0,0,1,3,0,4,1,0,0,0,0,0,0,0,0,0,0,0,0,0,0,0,0,1,0,0,0,8,0,0,1
Miner,1992,South Dakota,SD,3341,SD04800,SD0480000,46,097,46097,sheriffs office,"non-msa cnty under 10,000",west north central,non-suburban,0,0,0,0,0,0,0,0,0,0,0,0,0,0,0,0,0,0,0,0,0,0,0,0,0,0,0,0,0,0,0,0,0,0,0,0,0,0,0,0,0,0,0,0,0,0,0,0,0,0,0,0,0,0,0,0,0,0,0,0,0
Minnehaha,1992,South Dakota,SD,19870,SD04900,SD0490000,46,099,46099,sheriffs office,"msa cnty 10,000-24,999",west north central,suburban,0,0,0,0,0,0,0,0,0,0,0,0,0,0,0,0,0,0,0,0,0,0,0,0,0,0,0,0,0,0,0,0,0,0,0,0,0,0,0,0,0,0,0,0,0,0,0,0,0,0,0,0,0,0,0,0,0,0,0,0,0
Sioux Falls,1992,South Dakota,SD,103044,SD04902,SD0490200,46,099,46099,local police department,"cities 100,000-249,999",west north central,non-suburban,25,11,14,17,8,8,8,3,8,1,2,2,1,2,1,1,0,2,0,0,0,1,1,1,2,0,0,0,0,0,0,1,2,0,0,2,0,1,0,0,0,0,0,0,1,0,1,0,0,0,0,0,0,8,1,0,2,11,1,0,2
Brandon,1992,South Dakota,SD,3618,SD04903,SD0490300,46,099,46099,local police department,"cities 2,500-9,999",west north central,suburban,0,0,0,0,0,0,0,0,0,0,0,0,0,0,0,0,0,0,0,0,0,0,0,0,0,0,0,0,0,0,0,0,0,0,0,0,0,0,0,0,0,0,0,0,0,0,0,0,0,0,0,0,0,0,0,0,0,0,0,0,0
Moody,1992,South Dakota,SD,6646,SD05000,SD0500000,46,101,46101,sheriffs office,"non-msa cnty under 10,000",west north central,non-suburban,1,0,1,0,1,0,0,0,0,0,0,0,0,0,0,0,0,0,0,0,0,0,0,0,0,0,0,0,0,0,0,0,0,0,0,1,0,0,0,0,0,0,0,0,0,0,0,0,0,0,0,0,0,0,0,0,0,0,0,0,1
Pennington,1992,South Dakota,SD,24713,SD05100,SD0510000,46,103,46103,sheriffs office,"msa cnty 10,000-24,999",west north central,suburban,11,8,3,11,0,8,3,0,3,0,0,2,0,0,1,0,0,0,1,1,1,0,3,1,0,1,0,0,0,0,0,0,0,0,0,0,0,0,0,0,0,0,0,0,0,0,0,0,0,0,0,0,0,5,1,0,2,3,0,0,0
Rapid City,1992,South Dakota,SD,55696,SD05101,SD0510100,46,103,46103,local police department,"cities 50,000-99,999",west north central,suburban,15,3,12,13,2,3,10,0,10,0,0,0,5,1,4,0,0,0,0,0,0,0,0,1,2,0,0,0,0,0,0,2,0,0,0,0,0,0,0,0,0,0,0,0,0,0,0,0,0,0,0,0,0,1,0,0,2,10,0,0,2
Box Elder,1992,South Dakota,SD,2736,SD05103,SD0510300,46,103,46103,local police department,"cities 2,500-9,999",west north central,suburban,1,1,0,0,1,0,0,1,0,0,0,0,0,0,0,0,0,0,0,0,0,0,0,0,0,0,0,0,0,0,0,0,0,0,0,0,0,0,0,0,0,0,0,0,0,0,1,0,0,0,0,0,0,1,0,0,0,0,0,0,0
Perkins,1992,South Dakota,SD,4016,SD05200,SD0520000,46,105,46105,sheriffs office,"non-msa cnty under 10,000",west north central,non-suburban,1,1,0,1,0,1,0,0,0,0,0,0,0,0,0,1,0,0,0,0,0,0,0,0,0,0,0,0,0,0,0,0,0,0,0,0,0,0,0,0,0,0,0,0,0,0,0,0,0,0,0,0,0,1,0,0,0,0,0,0,0
Potter,1992,South Dakota,SD,3258,SD05300,SD0530000,46,107,46107,sheriffs office,"non-msa cnty under 10,000",west north central,non-suburban,0,0,0,0,0,0,0,0,0,0,0,0,0,0,0,0,0,0,0,0,0,0,0,0,0,0,0,0,0,0,0,0,0,0,0,0,0,0,0,0,0,0,0,0,0,0,0,0,0,0,0,0,0,0,0,0,0,0,0,0,0
Spink,1992,South Dakota,SD,8152,SD05700,SD0570000,46,115,46115,sheriffs office,"non-msa cnty under 10,000",west north central,non-suburban,0,0,0,0,0,0,0,0,0,0,0,0,0,0,0,0,0,0,0,0,0,0,0,0,0,0,0,0,0,0,0,0,0,0,0,0,0,0,0,0,0,0,0,0,0,0,0,0,0,0,0,0,0,0,0,0,0,0,0,0,0
Fort Pierre,1992,South Dakota,SD,1893,SD05801,SD0580100,46,117,46117,local police department,"cities under 2,500",west north central,non-suburban,2,2,0,1,1,1,0,1,0,0,0,0,0,0,0,0,0,0,0,0,0,0,1,0,0,0,0,0,0,0,0,0,0,0,0,0,0,0,0,0,0,0,1,0,0,0,0,0,0,0,0,0,0,2,0,0,0,0,0,0,0
Sully,1992,South Dakota,SD,1622,SD05900,SD0590000,46,119,46119,sheriffs office,"non-msa cnty under 10,000",west north central,non-suburban,0,0,0,0,0,0,0,0,0,0,0,0,0,0,0,0,0,0,0,0,0,0,0,0,0,0,0,0,0,0,0,0,0,0,0,0,0,0,0,0,0,0,0,0,0,0,0,0,0,0,0,0,0,0,0,0,0,0,0,0,0
Winner,1992,South Dakota,SD,3425,SD06101,SD0610100,46,123,46123,local police department,"cities 2,500-9,999",west north central,non-suburban,6,3,3,6,0,3,3,0,3,0,0,0,1,1,1,1,0,1,1,0,0,0,0,0,0,0,0,0,0,0,0,0,0,0,0,0,0,0,0,0,0,0,0,0,0,0,0,0,0,0,0,0,0,1,0,0,2,0,0,0,3
Turner,1992,South Dakota,SD,7755,SD06200,SD0620000,46,125,46125,sheriffs office,"non-msa cnty under 10,000",west north central,non-suburban,0,0,0,0,0,0,0,0,0,0,0,0,0,0,0,0,0,0,0,0,0,0,0,0,0,0,0,0,0,0,0,0,0,0,0,0,0,0,0,0,0,0,0,0,0,0,0,0,0,0,0,0,0,0,0,0,0,0,0,0,0
Union,1992,South Dakota,SD,8900,SD06300,SD0630000,46,127,46127,sheriffs office,"non-msa cnty under 10,000",west north central,non-suburban,3,0,3,3,0,0,3,0,3,0,1,2,0,0,0,0,0,0,0,0,0,0,0,0,0,0,0,0,0,0,0,0,0,0,0,0,0,0,0,0,0,0,0,0,0,0,0,0,0,0,0,0,0,0,0,0,0,2,0,0,1
Beresford,1992,South Dakota,SD,1886,SD06301,SD0630100,46,127,46127,local police department,"cities under 2,500",west north central,suburban,0,0,0,0,0,0,0,0,0,0,0,0,0,0,0,0,0,0,0,0,0,0,0,0,0,0,0,0,0,0,0,0,0,0,0,0,0,0,0,0,0,0,0,0,0,0,0,0,0,0,0,0,0,0,0,0,0,0,0,0,0
Mobridge,1992,South Dakota,SD,3848,SD06401,SD0640100,46,129,46129,local police department,"cities 2,500-9,999",west north central,non-suburban,0,0,0,0,0,0,0,0,0,0,0,0,0,0,0,0,0,0,0,0,0,0,0,0,0,0,0,0,0,0,0,0,0,0,0,0,0,0,0,0,0,0,0,0,0,0,0,0,0,0,0,0,0,0,0,0,0,0,0,0,0
Yankton,1992,South Dakota,SD,6689,SD06600,SD0660000,46,135,46135,sheriffs office,"non-msa cnty under 10,000",west north central,non-suburban,0,0,0,0,0,0,0,0,0,0,0,0,0,0,0,0,0,0,0,0,0,0,0,0,0,0,0,0,0,0,0,0,0,0,0,0,0,0,0,0,0,0,0,0,0,0,0,0,0,0,0,0,0,0,0,0,0,0,0,0,0
Yankton,1992,South Dakota,SD,12976,SD06601,SD0660100,46,135,46135,local police department,"cities 10,000-24,999",west north central,non-suburban,1,0,1,1,0,0,1,0,1,0,0,0,0,0,1,0,0,0,0,0,0,0,0,0,0,0,0,0,0,0,0,0,0,0,0,0,0,0,0,0,0,0,0,0,0,0,0,0,0,0,0,0,0,0,0,0,0,1,0,0,0
Aurora,1993,South Dakota,SD,3023,SD00100,SD0010000,46,003,46003,sheriffs office,"non-msa cnty under 10,000",west north central,non-suburban,2,0,2,2,0,0,2,0,2,0,0,0,1,0,1,0,0,0,0,0,0,0,0,0,0,0,0,0,0,0,0,0,0,0,0,0,0,0,0,0,0,0,0,0,0,0,0,0,0,0,0,0,0,0,0,0,0,1,0,0,1
Beadle,1993,South Dakota,SD,5765,SD00200,SD0020000,46,005,46005,sheriffs office,"non-msa cnty under 10,000",west north central,non-suburban,2,1,1,2,0,1,1,0,1,0,0,0,0,1,0,0,1,0,0,0,0,0,0,0,0,0,0,0,0,0,0,0,0,0,0,0,0,0,0,0,0,0,0,0,0,0,0,0,0,0,0,0,0,1,0,0,0,0,0,0,1
Bennett,1993,South Dakota,SD,3106,SD00300,SD0030000,46,007,46007,sheriffs office,"non-msa cnty under 10,000",west north central,non-suburban,0,0,0,0,0,0,0,0,0,0,0,0,0,0,0,0,0,0,0,0,0,0,0,0,0,0,0,0,0,0,0,0,0,0,0,0,0,0,0,0,0,0,0,0,0,0,0,0,0,0,0,0,0,0,0,0,0,0,0,0,0
Bon Homme,1993,South Dakota,SD,7020,SD00400,SD0040000,46,009,46009,sheriffs office,"non-msa cnty under 10,000",west north central,non-suburban,0,0,0,0,0,0,0,0,0,0,0,0,0,0,0,0,0,0,0,0,0,0,0,0,0,0,0,0,0,0,0,0,0,0,0,0,0,0,0,0,0,0,0,0,0,0,0,0,0,0,0,0,0,0,0,0,0,0,0,0,0
Brookings,1993,South Dakota,SD,16726,SD00501,SD0050100,46,011,46011,local police department,"cities 10,000-24,999",west north central,non-suburban,1,0,1,0,1,0,0,0,0,0,0,0,0,0,0,0,0,0,0,0,0,0,0,0,0,0,0,0,0,0,0,0,0,0,0,0,1,0,0,0,0,0,0,0,0,0,0,0,0,0,0,0,0,0,0,0,0,1,0,0,0
Brown,1993,South Dakota,SD,10682,SD00600,SD0060000,46,013,46013,sheriffs office,"non-msa cnty 10,000-24,999",west north central,non-suburban,3,2,1,3,0,2,1,0,1,0,0,1,0,0,0,0,0,0,0,0,0,0,0,0,1,0,0,0,0,1,0,0,0,0,0,0,0,0,0,0,0,0,0,0,0,0,0,0,0,0,0,0,0,2,0,0,0,0,0,0,1
Aberdeen,1993,South Dakota,SD,25199,SD00601,SD0060100,46,013,46013,local police department,"cities 25,000-49,999",west north central,non-suburban,25,7,18,7,18,7,0,0,0,0,0,0,0,0,0,1,0,0,0,1,0,0,2,1,1,1,0,0,0,0,0,0,11,2,5,0,0,0,0,0,0,0,0,0,0,0,0,0,0,0,0,0,0,3,1,0,3,0,0,0,18
Chamberlain,1993,South Dakota,SD,2440,SD00701,SD0070100,46,015,46015,local police department,"cities under 2,500",west north central,non-suburban,0,0,0,0,0,0,0,0,0,0,0,0,0,0,0,0,0,0,0,0,0,0,0,0,0,0,0,0,0,0,0,0,0,0,0,0,0,0,0,0,0,0,0,0,0,0,0,0,0,0,0,0,0,0,0,0,0,0,0,0,0
Kimball,1993,South Dakota,SD,739,SD00702,SD0070200,46,015,46015,local police department,"cities under 2,500",west north central,non-suburban,0,0,0,0,0,0,0,0,0,0,0,0,0,0,0,0,0,0,0,0,0,0,0,0,0,0,0,0,0,0,0,0,0,0,0,0,0,0,0,0,0,0,0,0,0,0,0,0,0,0,0,0,0,0,0,0,0,0,0,0,0
Belle Fourche,1993,South Dakota,SD,4693,SD00901,SD0090100,46,019,46019,local police department,"cities 2,500-9,999",west north central,non-suburban,2,0,2,2,0,0,2,0,2,0,0,0,2,0,0,0,0,0,0,0,0,0,0,0,0,0,0,0,0,0,0,0,0,0,0,0,0,0,0,0,0,0,0,0,0,0,0,0,0,0,0,0,0,0,0,0,0,2,0,0,0
Charles Mix,1993,South Dakota,SD,9356,SD01100,SD0110000,46,023,46023,sheriffs office,"non-msa cnty under 10,000",west north central,non-suburban,9,5,4,6,3,4,0,1,0,2,0,0,0,0,0,1,0,0,0,0,1,0,0,0,2,0,0,0,0,0,0,0,0,2,0,0,0,0,0,0,0,0,0,0,0,1,0,0,0,0,0,0,0,0,0,0,5,0,0,0,4
Clay,1993,South Dakota,SD,3190,SD01300,SD0130000,46,027,46027,sheriffs office,"non-msa cnty under 10,000",west north central,non-suburban,6,3,3,6,0,3,3,0,3,0,0,1,2,0,0,1,0,1,0,0,0,0,1,0,0,0,0,0,0,0,0,0,0,0,0,0,0,0,0,0,0,0,0,0,0,0,0,0,0,0,0,0,0,2,0,0,1,3,0,0,0
Vermillion,1993,South Dakota,SD,10112,SD01301,SD0130100,46,027,46027,local police department,"cities 10,000-24,999",west north central,non-suburban,0,0,0,0,0,0,0,0,0,0,0,0,0,0,0,0,0,0,0,0,0,0,0,0,0,0,0,0,0,0,0,0,0,0,0,0,0,0,0,0,0,0,0,0,0,0,0,0,0,0,0,0,0,0,0,0,0,0,0,0,0
Watertown,1993,South Dakota,SD,18256,SD01401,SD0140100,46,029,46029,local police department,"cities 10,000-24,999",west north central,non-suburban,8,2,6,3,5,2,1,0,1,0,0,0,0,0,1,0,1,0,0,0,0,0,0,0,0,0,1,0,0,0,0,0,0,1,1,1,2,0,0,0,0,0,0,0,0,0,0,0,0,0,0,0,0,2,0,0,0,6,0,0,0
Mclaughlin,1993,South Dakota,SD,789,SD01502,SD0150200,46,031,46031,local police department,"cities under 2,500",west north central,non-suburban,0,0,0,0,0,0,0,0,0,0,0,0,0,0,0,0,0,0,0,0,0,0,0,0,0,0,0,0,0,0,0,0,0,0,0,0,0,0,0,0,0,0,0,0,0,0,0,0,0,0,0,0,0,0,0,0,0,0,0,0,0
Custer,1993,South Dakota,SD,6422,SD01600,SD0160000,46,033,46033,sheriffs office,"non-msa cnty under 10,000",west north central,non-suburban,7,1,6,7,0,1,6,0,6,0,0,0,5,1,0,1,0,0,0,0,0,0,0,0,0,0,0,0,0,0,0,0,0,0,0,0,0,0,0,0,0,0,0,0,0,0,0,0,0,0,0,0,0,1,0,0,0,6,0,0,0
Mitchell,1993,South Dakota,SD,13946,SD01701,SD0170100,46,035,46035,local police department,"cities 10,000-24,999",west north central,non-suburban,15,5,10,11,4,5,6,0,6,0,0,2,0,2,2,1,0,1,0,0,0,0,0,0,2,0,0,1,0,0,0,0,0,1,3,0,0,0,0,0,0,0,0,0,0,0,0,0,0,0,0,0,0,4,0,0,1,9,0,1,0
Day,1993,South Dakota,SD,4908,SD01800,SD0180000,46,037,46037,sheriffs office,"non-msa cnty under 10,000",west north central,non-suburban,0,0,0,0,0,0,0,0,0,0,0,0,0,0,0,0,0,0,0,0,0,0,0,0,0,0,0,0,0,0,0,0,0,0,0,0,0,0,0,0,0,0,0,0,0,0,0,0,0,0,0,0,0,0,0,0,0,0,0,0,0
Deuel,1993,South Dakota,SD,4525,SD01900,SD0190000,46,039,46039,sheriffs office,"non-msa cnty under 10,000",west north central,non-suburban,1,1,0,1,0,1,0,0,0,0,0,0,0,0,0,0,0,0,0,1,0,0,0,0,0,0,0,0,0,0,0,0,0,0,0,0,0,0,0,0,0,0,0,0,0,0,0,0,0,0,0,0,0,1,0,0,0,0,0,0,0
Eagle Butte,1993,South Dakota,SD,505,SD02004,SD0200400,46,041,46041,local police department,"cities under 2,500",west north central,non-suburban,0,0,0,0,0,0,0,0,0,0,0,0,0,0,0,0,0,0,0,0,0,0,0,0,0,0,0,0,0,0,0,0,0,0,0,0,0,0,0,0,0,0,0,0,0,0,0,0,0,0,0,0,0,0,0,0,0,0,0,0,0
Douglas,1993,South Dakota,SD,3687,SD02100,SD0210000,46,043,46043,sheriffs office,"non-msa cnty under 10,000",west north central,non-suburban,0,0,0,0,0,0,0,0,0,0,0,0,0,0,0,0,0,0,0,0,0,0,0,0,0,0,0,0,0,0,0,0,0,0,0,0,0,0,0,0,0,0,0,0,0,0,0,0,0,0,0,0,0,0,0,0,0,0,0,0,0
Edmunds,1993,South Dakota,SD,4320,SD02200,SD0220000,46,045,46045,sheriffs office,"non-msa cnty under 10,000",west north central,non-suburban,2,2,0,2,0,2,0,0,0,0,0,0,0,0,0,0,2,0,0,0,0,0,0,0,0,0,0,0,0,0,0,0,0,0,0,0,0,0,0,0,0,0,0,0,0,0,0,0,0,0,0,0,0,2,0,0,0,0,0,0,0
Hot Springs,1993,South Dakota,SD,4112,SD02302,SD0230200,46,047,46047,local police department,"cities 2,500-9,999",west north central,non-suburban,0,0,0,0,0,0,0,0,0,0,0,0,0,0,0,0,0,0,0,0,0,0,0,0,0,0,0,0,0,0,0,0,0,0,0,0,0,0,0,0,0,0,0,0,0,0,0,0,0,0,0,0,0,0,0,0,0,0,0,0,0
Haakon,1993,South Dakota,SD,1462,SD02700,SD0270000,46,055,46055,sheriffs office,"non-msa cnty under 10,000",west north central,non-suburban,1,1,0,1,0,1,0,0,0,0,0,0,0,0,0,0,0,0,0,0,0,0,0,0,1,0,0,0,0,0,0,0,0,0,0,0,0,0,0,0,0,0,0,0,0,0,0,0,0,0,0,0,0,1,0,0,0,0,0,0,0
Hand,1993,South Dakota,SD,2632,SD02900,SD0290000,46,059,46059,sheriffs office,"non-msa cnty under 10,000",west north central,non-suburban,0,0,0,0,0,0,0,0,0,0,0,0,0,0,0,0,0,0,0,0,0,0,0,0,0,0,0,0,0,0,0,0,0,0,0,0,0,0,0,0,0,0,0,0,0,0,0,0,0,0,0,0,0,0,0,0,0,0,0,0,0
Miller,1993,South Dakota,SD,1648,SD02901,SD0290100,46,059,46059,local police department,"cities under 2,500",west north central,non-suburban,0,0,0,0,0,0,0,0,0,0,0,0,0,0,0,0,0,0,0,0,0,0,0,0,0,0,0,0,0,0,0,0,0,0,0,0,0,0,0,0,0,0,0,0,0,0,0,0,0,0,0,0,0,0,0,0,0,0,0,0,0
Hanson,1993,South Dakota,SD,2983,SD03000,SD0300000,46,061,46061,sheriffs office,"non-msa cnty under 10,000",west north central,non-suburban,0,0,0,0,0,0,0,0,0,0,0,0,0,0,0,0,0,0,0,0,0,0,0,0,0,0,0,0,0,0,0,0,0,0,0,0,0,0,0,0,0,0,0,0,0,0,0,0,0,0,0,0,0,0,0,0,0,0,0,0,0
Harding,1993,South Dakota,SD,1624,SD03100,SD0310000,46,063,46063,sheriffs office,"non-msa cnty under 10,000",west north central,non-suburban,4,0,4,4,0,0,4,0,4,0,0,1,1,2,0,0,0,0,0,0,0,0,0,0,0,0,0,0,0,0,0,0,0,0,0,0,0,0,0,0,0,0,0,0,0,0,0,0,0,0,0,0,0,0,0,0,0,4,0,0,0
Hughes,1993,South Dakota,SD,1990,SD03200,SD0320000,46,065,46065,sheriffs office,"non-msa cnty under 10,000",west north central,non-suburban,0,0,0,0,0,0,0,0,0,0,0,0,0,0,0,0,0,0,0,0,0,0,0,0,0,0,0,0,0,0,0,0,0,0,0,0,0,0,0,0,0,0,0,0,0,0,0,0,0,0,0,0,0,0,0,0,0,0,0,0,0
Pierre,1993,South Dakota,SD,13371,SD03201,SD0320100,46,065,46065,local police department,"cities 10,000-24,999",west north central,non-suburban,21,5,16,16,5,5,11,0,11,0,0,4,6,1,0,0,1,0,1,0,0,1,1,1,0,0,0,0,0,0,0,0,0,3,2,0,0,0,0,0,0,0,0,0,0,0,0,0,0,0,0,0,0,2,0,0,3,8,0,0,8
Hyde,1993,South Dakota,SD,1661,SD03400,SD0340000,46,069,46069,sheriffs office,"non-msa cnty under 10,000",west north central,non-suburban,0,0,0,0,0,0,0,0,0,0,0,0,0,0,0,0,0,0,0,0,0,0,0,0,0,0,0,0,0,0,0,0,0,0,0,0,0,0,0,0,0,0,0,0,0,0,0,0,0,0,0,0,0,0,0,0,0,0,0,0,0
Jackson,1993,South Dakota,SD,2124,SD03500,SD0350000,46,071,46071,sheriffs office,"non-msa cnty under 10,000",west north central,non-suburban,1,1,0,1,0,1,0,0,0,0,0,0,0,0,0,0,0,0,0,0,0,1,0,0,0,0,0,0,0,0,0,0,0,0,0,0,0,0,0,0,0,0,0,0,0,0,0,0,0,0,0,0,0,1,0,0,0,0,0,0,0
Kadoka,1993,South Dakota,SD,735,SD03501,SD0350100,46,071,46071,local police department,"cities under 2,500",west north central,non-suburban,0,0,0,0,0,0,0,0,0,0,0,0,0,0,0,0,0,0,0,0,0,0,0,0,0,0,0,0,0,0,0,0,0,0,0,0,0,0,0,0,0,0,0,0,0,0,0,0,0,0,0,0,0,0,0,0,0,0,0,0,0
Lake,1993,South Dakota,SD,4380,SD03900,SD0390000,46,079,46079,sheriffs office,"non-msa cnty under 10,000",west north central,non-suburban,0,0,0,0,0,0,0,0,0,0,0,0,0,0,0,0,0,0,0,0,0,0,0,0,0,0,0,0,0,0,0,0,0,0,0,0,0,0,0,0,0,0,0,0,0,0,0,0,0,0,0,0,0,0,0,0,0,0,0,0,0
Madison,1993,South Dakota,SD,6308,SD03901,SD0390100,46,079,46079,local police department,"cities 2,500-9,999",west north central,non-suburban,4,4,0,4,0,4,0,0,0,0,0,0,0,0,0,0,0,0,2,0,0,0,0,2,0,0,0,0,0,0,0,0,0,0,0,0,0,0,0,0,0,0,0,0,0,0,0,0,0,0,0,0,0,4,0,0,0,0,0,0,0
Lawrence,1993,South Dakota,SD,8666,SD04000,SD0400000,46,081,46081,sheriffs office,"non-msa cnty under 10,000",west north central,non-suburban,4,4,0,2,2,2,0,2,0,0,0,0,0,0,0,0,1,1,0,0,0,0,0,0,0,0,0,0,0,0,0,0,0,0,0,0,0,0,0,0,0,0,1,0,0,1,0,0,0,0,0,0,0,4,0,0,0,0,0,0,0
Deadwood,1993,South Dakota,SD,1873,SD04001,SD0400100,46,081,46081,local police department,"cities under 2,500",west north central,non-suburban,0,0,0,0,0,0,0,0,0,0,0,0,0,0,0,0,0,0,0,0,0,0,0,0,0,0,0,0,0,0,0,0,0,0,0,0,0,0,0,0,0,0,0,0,0,0,0,0,0,0,0,0,0,0,0,0,0,0,0,0,0
Lead,1993,South Dakota,SD,3681,SD04002,SD0400200,46,081,46081,local police department,"cities 2,500-9,999",west north central,non-suburban,2,0,2,2,0,0,2,0,2,0,0,1,0,1,0,0,0,0,0,0,0,0,0,0,0,0,0,0,0,0,0,0,0,0,0,0,0,0,0,0,0,0,0,0,0,0,0,0,0,0,0,0,0,0,0,0,0,2,0,0,0
Spearfish,1993,South Dakota,SD,7306,SD04003,SD0400300,46,081,46081,local police department,"cities 2,500-9,999",west north central,non-suburban,0,0,0,0,0,0,0,0,0,0,0,0,0,0,0,0,0,0,0,0,0,0,0,0,0,0,0,0,0,0,0,0,0,0,0,0,0,0,0,0,0,0,0,0,0,0,0,0,0,0,0,0,0,0,0,0,0,0,0,0,0
Canton,1993,South Dakota,SD,2848,SD04101,SD0410100,46,083,46083,local police department,"cities 2,500-9,999",west north central,suburban,1,1,0,1,0,1,0,0,0,0,0,0,0,0,0,0,0,1,0,0,0,0,0,0,0,0,0,0,0,0,0,0,0,0,0,0,0,0,0,0,0,0,0,0,0,0,0,0,0,0,0,0,0,1,0,0,0,0,0,0,0
Lyman,1993,South Dakota,SD,3696,SD04200,SD0420000,46,085,46085,sheriffs office,"non-msa cnty under 10,000",west north central,non-suburban,0,0,0,0,0,0,0,0,0,0,0,0,0,0,0,0,0,0,0,0,0,0,0,0,0,0,0,0,0,0,0,0,0,0,0,0,0,0,0,0,0,0,0,0,0,0,0,0,0,0,0,0,0,0,0,0,0,0,0,0,0
Mccook,1993,South Dakota,SD,4365,SD04300,SD0430000,46,087,46087,sheriffs office,"non-msa cnty under 10,000",west north central,non-suburban,1,1,0,1,0,1,0,0,0,0,0,0,0,0,0,0,0,1,0,0,0,0,0,0,0,0,0,0,0,0,0,0,0,0,0,0,0,0,0,0,0,0,0,0,0,0,0,0,0,0,0,0,0,1,0,0,0,0,0,0,0
Salem,1993,South Dakota,SD,1255,SD04301,SD0430100,46,087,46087,local police department,"cities under 2,500",west north central,non-suburban,0,0,0,0,0,0,0,0,0,0,0,0,0,0,0,0,0,0,0,0,0,0,0,0,0,0,0,0,0,0,0,0,0,0,0,0,0,0,0,0,0,0,0,0,0,0,0,0,0,0,0,0,0,0,0,0,0,0,0,0,0
Marshall,1993,South Dakota,SD,4783,SD04500,SD0450000,46,091,46091,sheriffs office,"non-msa cnty under 10,000",west north central,non-suburban,0,0,0,0,0,0,0,0,0,0,0,0,0,0,0,0,0,0,0,0,0,0,0,0,0,0,0,0,0,0,0,0,0,0,0,0,0,0,0,0,0,0,0,0,0,0,0,0,0,0,0,0,0,0,0,0,0,0,0,0,0
Meade,1993,South Dakota,SD,17885,SD04600,SD0460000,46,093,46093,sheriffs office,"non-msa cnty 10,000-24,999",west north central,non-suburban,2,0,2,1,1,0,1,0,1,0,0,0,0,0,1,0,0,0,0,0,0,0,0,0,0,0,0,0,0,0,0,0,0,0,0,1,0,0,0,0,0,0,0,0,0,0,0,0,0,0,0,0,0,0,0,0,0,2,0,0,0
Sturgis,1993,South Dakota,SD,5618,SD04601,SD0460100,46,093,46093,local police department,"cities 2,500-9,999",west north central,non-suburban,3,3,0,2,1,2,0,1,0,0,0,0,0,0,0,0,1,0,0,0,0,0,1,0,0,0,0,0,0,0,0,0,0,0,0,0,0,0,1,0,0,0,0,0,0,0,0,0,0,0,0,0,0,3,0,0,0,0,0,0,0
Miner,1993,South Dakota,SD,3138,SD04800,SD0480000,46,097,46097,sheriffs office,"non-msa cnty under 10,000",west north central,non-suburban,1,1,0,0,1,0,0,1,0,0,0,0,0,0,0,0,0,0,0,0,0,0,0,0,0,0,0,0,0,0,0,0,0,0,0,0,0,1,0,0,0,0,0,0,0,0,0,0,0,0,0,0,0,1,0,0,0,0,0,0,0
Minnehaha,1993,South Dakota,SD,20646,SD04900,SD0490000,46,099,46099,sheriffs office,"msa cnty 10,000-24,999",west north central,suburban,2,0,2,1,1,0,1,0,1,0,0,0,1,0,0,0,0,0,0,0,0,0,0,0,0,0,0,0,0,0,0,0,0,1,0,0,0,0,0,0,0,0,0,0,0,0,0,0,0,0,0,0,0,0,0,0,0,2,0,0,0
Sioux Falls,1993,South Dakota,SD,106315,SD04902,SD0490200,46,099,46099,local police department,"cities 100,000-249,999",west north central,non-suburban,63,10,53,47,16,8,39,2,39,0,6,14,12,3,4,0,1,0,0,0,0,1,3,1,1,0,0,1,0,0,0,0,1,7,2,1,3,0,0,0,0,0,0,0,1,0,0,1,0,0,0,0,0,5,0,0,5,43,5,0,5
Moody,1993,South Dakota,SD,6729,SD05000,SD0500000,46,101,46101,sheriffs office,"non-msa cnty under 10,000",west north central,non-suburban,0,0,0,0,0,0,0,0,0,0,0,0,0,0,0,0,0,0,0,0,0,0,0,0,0,0,0,0,0,0,0,0,0,0,0,0,0,0,0,0,0,0,0,0,0,0,0,0,0,0,0,0,0,0,0,0,0,0,0,0,0
Pennington,1993,South Dakota,SD,25314,SD05100,SD0510000,46,103,46103,sheriffs office,"msa cnty 25,000-99,999",west north central,suburban,9,3,6,6,3,3,3,0,3,0,0,1,0,0,2,1,0,0,0,0,0,0,2,0,0,0,0,0,0,0,0,1,1,0,1,0,0,0,0,0,0,0,0,0,0,0,0,0,0,0,0,0,0,2,0,0,1,4,0,0,2
Rapid City,1993,South Dakota,SD,57617,SD05101,SD0510100,46,103,46103,local police department,"cities 50,000-99,999",west north central,suburban,17,1,16,10,7,1,9,0,9,0,1,4,2,0,2,-1,0,0,0,0,0,0,1,1,0,0,0,0,0,0,0,0,0,6,0,0,1,0,0,0,0,0,0,0,0,0,0,0,0,0,0,0,0,2,0,0,-1,6,2,0,8
Box Elder,1993,South Dakota,SD,2922,SD05103,SD0510300,46,103,46103,local police department,"cities 2,500-9,999",west north central,suburban,1,1,0,1,0,1,0,0,0,0,0,0,0,0,0,0,0,0,1,0,0,0,0,0,0,0,0,0,0,0,0,0,0,0,0,0,0,0,0,0,0,0,0,0,0,0,0,0,0,0,0,0,0,0,0,0,1,0,0,0,0
Perkins,1993,South Dakota,SD,3790,SD05200,SD0520000,46,105,46105,sheriffs office,"non-msa cnty under 10,000",west north central,non-suburban,0,0,0,0,0,0,0,0,0,0,0,0,0,0,0,0,0,0,0,0,0,0,0,0,0,0,0,0,0,0,0,0,0,0,0,0,0,0,0,0,0,0,0,0,0,0,0,0,0,0,0,0,0,0,0,0,0,0,0,0,0
Potter,1993,South Dakota,SD,3128,SD05300,SD0530000,46,107,46107,sheriffs office,"non-msa cnty under 10,000",west north central,non-suburban,0,0,0,0,0,0,0,0,0,0,0,0,0,0,0,0,0,0,0,0,0,0,0,0,0,0,0,0,0,0,0,0,0,0,0,0,0,0,0,0,0,0,0,0,0,0,0,0,0,0,0,0,0,0,0,0,0,0,0,0,0
Sanborn,1993,South Dakota,SD,2814,SD05500,SD0550000,46,111,46111,sheriffs office,"non-msa cnty under 10,000",west north central,non-suburban,0,0,0,0,0,0,0,0,0,0,0,0,0,0,0,0,0,0,0,0,0,0,0,0,0,0,0,0,0,0,0,0,0,0,0,0,0,0,0,0,0,0,0,0,0,0,0,0,0,0,0,0,0,0,0,0,0,0,0,0,0
Spink,1993,South Dakota,SD,7955,SD05700,SD0570000,46,115,46115,sheriffs office,"non-msa cnty under 10,000",west north central,non-suburban,0,0,0,0,0,0,0,0,0,0,0,0,0,0,0,0,0,0,0,0,0,0,0,0,0,0,0,0,0,0,0,0,0,0,0,0,0,0,0,0,0,0,0,0,0,0,0,0,0,0,0,0,0,0,0,0,0,0,0,0,0
Fort Pierre,1993,South Dakota,SD,1920,SD05801,SD0580100,46,117,46117,local police department,"cities under 2,500",west north central,non-suburban,4,0,4,4,0,0,4,0,4,0,0,3,0,1,0,0,0,0,0,0,0,0,0,0,0,0,0,0,0,0,0,0,0,0,0,0,0,0,0,0,0,0,0,0,0,0,0,0,0,0,0,0,0,0,0,0,0,4,0,0,0
Winner,1993,South Dakota,SD,3310,SD06101,SD0610100,46,123,46123,local police department,"cities 2,500-9,999",west north central,non-suburban,2,0,2,2,0,0,2,0,2,0,0,1,1,0,0,0,0,0,0,0,0,0,0,0,0,0,0,0,0,0,0,0,0,0,0,0,0,0,0,0,0,0,0,0,0,0,0,0,0,0,0,0,0,0,0,0,0,0,0,0,2
Turner,1993,South Dakota,SD,7584,SD06200,SD0620000,46,125,46125,sheriffs office,"non-msa cnty under 10,000",west north central,non-suburban,2,2,0,2,0,2,0,0,0,0,0,0,0,0,0,0,0,0,2,0,0,0,0,0,0,0,0,0,0,0,0,0,0,0,0,0,0,0,0,0,0,0,0,0,0,0,0,0,0,0,0,0,0,2,0,0,0,0,0,0,0
Union,1993,South Dakota,SD,9061,SD06300,SD0630000,46,127,46127,sheriffs office,"non-msa cnty under 10,000",west north central,non-suburban,0,0,0,0,0,0,0,0,0,0,0,0,0,0,0,0,0,0,0,0,0,0,0,0,0,0,0,0,0,0,0,0,0,0,0,0,0,0,0,0,0,0,0,0,0,0,0,0,0,0,0,0,0,0,0,0,0,0,0,0,0
Beresford,1993,South Dakota,SD,1854,SD06301,SD0630100,46,127,46127,local police department,"cities under 2,500",west north central,suburban,2,0,2,2,0,0,2,0,2,0,0,0,2,0,0,0,0,0,0,0,0,0,0,0,0,0,0,0,0,0,0,0,0,0,0,0,0,0,0,0,0,0,0,0,0,0,0,0,0,0,0,0,0,0,0,0,0,1,0,0,1
Mobridge,1993,South Dakota,SD,3577,SD06401,SD0640100,46,129,46129,local police department,"cities 2,500-9,999",west north central,non-suburban,2,1,1,1,1,1,0,0,0,0,0,0,0,0,0,0,0,0,0,0,0,0,0,1,0,0,0,0,0,0,0,0,0,0,1,0,0,0,0,0,0,0,0,0,0,0,0,0,0,0,0,0,0,0,0,0,1,0,0,0,1
Yankton,1993,South Dakota,SD,6760,SD06600,SD0660000,46,135,46135,sheriffs office,"non-msa cnty under 10,000",west north central,non-suburban,0,0,0,0,0,0,0,0,0,0,0,0,0,0,0,0,0,0,0,0,0,0,0,0,0,0,0,0,0,0,0,0,0,0,0,0,0,0,0,0,0,0,0,0,0,0,0,0,0,0,0,0,0,0,0,0,0,0,0,0,0
Yankton,1993,South Dakota,SD,13337,SD06601,SD0660100,46,135,46135,local police department,"cities 10,000-24,999",west north central,non-suburban,2,2,0,2,0,2,0,0,0,0,0,0,0,0,0,0,0,1,0,0,1,0,0,0,0,0,0,0,0,0,0,0,0,0,0,0,0,0,0,0,0,0,0,0,0,0,0,0,0,0,0,0,0,2,0,0,0,0,0,0,0
Aurora,1994,South Dakota,SD,3048,SD00100,SD0010000,46,003,46003,sheriffs office,"non-msa cnty under 10,000",west north central,non-suburban,2,0,2,2,0,0,0,0,0,2,0,0,0,0,0,0,0,0,0,0,0,0,0,0,0,0,0,0,0,0,0,0,0,0,0,0,0,0,0,0,0,0,0,0,0,0,0,0,0,0,0,0,0,0,0,0,0,1,0,0,1
Beadle,1994,South Dakota,SD,5813,SD00200,SD0020000,46,005,46005,sheriffs office,"non-msa cnty under 10,000",west north central,non-suburban,2,2,0,2,0,2,0,0,0,0,0,0,0,0,0,1,1,0,0,0,0,0,0,0,0,0,0,0,0,0,0,0,0,0,0,0,0,0,0,0,0,0,0,0,0,0,0,0,0,0,0,0,0,2,0,0,0,0,0,0,0
Bennett,1994,South Dakota,SD,3132,SD00300,SD0030000,46,007,46007,sheriffs office,"non-msa cnty under 10,000",west north central,non-suburban,2,2,0,1,1,1,0,1,0,0,0,0,0,0,0,0,0,0,0,0,0,0,1,0,0,0,0,0,0,0,0,0,0,0,0,0,0,0,0,0,0,0,0,0,1,0,0,0,0,0,0,0,0,0,0,0,2,0,0,0,0
Bon Homme,1994,South Dakota,SD,7078,SD00400,SD0040000,46,009,46009,sheriffs office,"non-msa cnty under 10,000",west north central,non-suburban,0,0,0,0,0,0,0,0,0,0,0,0,0,0,0,0,0,0,0,0,0,0,0,0,0,0,0,0,0,0,0,0,0,0,0,0,0,0,0,0,0,0,0,0,0,0,0,0,0,0,0,0,0,0,0,0,0,0,0,0,0
Brookings,1994,South Dakota,SD,9292,SD00500,SD0050000,46,011,46011,sheriffs office,"non-msa cnty under 10,000",west north central,non-suburban,0,0,0,0,0,0,0,0,0,0,0,0,0,0,0,0,0,0,0,0,0,0,0,0,0,0,0,0,0,0,0,0,0,0,0,0,0,0,0,0,0,0,0,0,0,0,0,0,0,0,0,0,0,0,0,0,0,0,0,0,0
Brookings,1994,South Dakota,SD,16866,SD00501,SD0050100,46,011,46011,local police department,"cities 10,000-24,999",west north central,non-suburban,12,10,2,10,2,9,1,1,1,0,0,0,0,0,1,0,0,1,2,2,1,0,1,1,1,0,0,0,0,0,0,0,0,0,1,0,0,0,0,0,0,0,0,0,0,0,0,1,0,0,0,0,0,10,0,0,0,2,0,0,0
South Dakota State Univ,1994,South Dakota,SD,0,SD005UN,SD005UN00,46,011,46011,special jurisdiction,"cities under 2,500",west north central,non-suburban,1,1,0,1,0,1,0,0,0,0,0,0,0,0,0,0,0,0,0,1,0,0,0,0,0,0,0,0,0,0,0,0,0,0,0,0,0,0,0,0,0,0,0,0,0,0,0,0,0,0,0,0,0,1,0,0,0,0,0,0,0
Brown,1994,South Dakota,SD,10771,SD00600,SD0060000,46,013,46013,sheriffs office,"non-msa cnty 10,000-24,999",west north central,non-suburban,1,1,0,1,0,1,0,0,0,0,0,0,0,0,0,1,0,0,0,0,0,0,0,0,0,0,0,0,0,0,0,0,0,0,0,0,0,0,0,0,0,0,0,0,0,0,0,0,0,0,0,0,0,1,0,0,0,0,0,0,0
Aberdeen,1994,South Dakota,SD,25410,SD00601,SD0060100,46,013,46013,local police department,"cities 25,000-49,999",west north central,non-suburban,5,3,2,5,0,3,2,0,2,0,1,0,0,1,0,0,0,0,1,1,0,0,1,0,0,0,0,0,0,0,0,0,0,0,0,0,0,0,0,0,0,0,0,0,0,0,0,0,0,0,0,0,0,3,0,0,0,1,0,0,1
Belle Fourche,1994,South Dakota,SD,4732,SD00901,SD0090100,46,019,46019,local police department,"cities 2,500-9,999",west north central,non-suburban,6,4,2,6,0,4,2,0,2,0,0,0,1,0,1,3,0,0,0,0,0,0,0,0,1,0,0,0,0,0,0,0,0,0,0,0,0,0,0,0,0,0,0,0,0,0,0,0,0,0,0,0,0,4,0,0,0,2,0,0,0
Clay,1994,South Dakota,SD,3216,SD01300,SD0130000,46,027,46027,sheriffs office,"non-msa cnty under 10,000",west north central,non-suburban,0,0,0,0,0,0,0,0,0,0,0,0,0,0,0,0,0,0,0,0,0,0,0,0,0,0,0,0,0,0,0,0,0,0,0,0,0,0,0,0,0,0,0,0,0,0,0,0,0,0,0,0,0,0,0,0,0,0,0,0,0
Vermillion,1994,South Dakota,SD,10196,SD01301,SD0130100,46,027,46027,local police department,"cities 10,000-24,999",west north central,non-suburban,3,1,2,1,2,0,1,1,1,0,0,0,0,0,1,0,0,0,0,0,0,0,0,0,0,0,0,0,0,0,0,0,0,0,1,0,0,0,0,0,0,0,0,0,1,0,0,0,0,0,0,0,0,1,0,0,0,2,0,0,0
Watertown,1994,South Dakota,SD,18409,SD01401,SD0140100,46,029,46029,local police department,"cities 10,000-24,999",west north central,non-suburban,0,0,0,0,0,0,0,0,0,0,0,0,0,0,0,0,0,0,0,0,0,0,0,0,0,0,0,0,0,0,0,0,0,0,0,0,0,0,0,0,0,0,0,0,0,0,0,0,0,0,0,0,0,0,0,0,0,0,0,0,0
Custer,1994,South Dakota,SD,6475,SD01600,SD0160000,46,033,46033,sheriffs office,"non-msa cnty under 10,000",west north central,non-suburban,4,3,1,4,0,3,1,0,1,0,0,0,0,0,1,2,0,0,0,1,0,0,0,0,0,0,0,0,0,0,0,0,0,0,0,0,0,0,0,0,0,0,0,0,0,0,0,0,0,0,0,0,0,3,0,0,0,1,0,0,0
Mitchell,1994,South Dakota,SD,14063,SD01701,SD0170100,46,035,46035,local police department,"cities 10,000-24,999",west north central,non-suburban,9,3,6,9,0,3,6,0,6,0,0,5,1,0,0,0,0,2,0,0,0,0,0,1,0,0,0,0,0,0,0,0,0,0,0,0,0,0,0,0,0,0,0,0,0,0,0,0,0,0,0,0,0,3,0,0,0,4,0,0,2
Day,1994,South Dakota,SD,4949,SD01800,SD0180000,46,037,46037,sheriffs office,"non-msa cnty under 10,000",west north central,non-suburban,0,0,0,0,0,0,0,0,0,0,0,0,0,0,0,0,0,0,0,0,0,0,0,0,0,0,0,0,0,0,0,0,0,0,0,0,0,0,0,0,0,0,0,0,0,0,0,0,0,0,0,0,0,0,0,0,0,0,0,0,0
Deuel,1994,South Dakota,SD,4562,SD01900,SD0190000,46,039,46039,sheriffs office,"non-msa cnty under 10,000",west north central,non-suburban,0,0,0,0,0,0,0,0,0,0,0,0,0,0,0,0,0,0,0,0,0,0,0,0,0,0,0,0,0,0,0,0,0,0,0,0,0,0,0,0,0,0,0,0,0,0,0,0,0,0,0,0,0,0,0,0,0,0,0,0,0
Eagle Butte,1994,South Dakota,SD,509,SD02004,SD0200400,46,041,46041,local police department,"cities under 2,500",west north central,non-suburban,0,0,0,0,0,0,0,0,0,0,0,0,0,0,0,0,0,0,0,0,0,0,0,0,0,0,0,0,0,0,0,0,0,0,0,0,0,0,0,0,0,0,0,0,0,0,0,0,0,0,0,0,0,0,0,0,0,0,0,0,0
Douglas,1994,South Dakota,SD,3717,SD02100,SD0210000,46,043,46043,sheriffs office,"non-msa cnty under 10,000",west north central,non-suburban,0,0,0,0,0,0,0,0,0,0,0,0,0,0,0,0,0,0,0,0,0,0,0,0,0,0,0,0,0,0,0,0,0,0,0,0,0,0,0,0,0,0,0,0,0,0,0,0,0,0,0,0,0,0,0,0,0,0,0,0,0
Edmunds,1994,South Dakota,SD,4356,SD02200,SD0220000,46,045,46045,sheriffs office,"non-msa cnty under 10,000",west north central,non-suburban,0,0,0,0,0,0,0,0,0,0,0,0,0,0,0,0,0,0,0,0,0,0,0,0,0,0,0,0,0,0,0,0,0,0,0,0,0,0,0,0,0,0,0,0,0,0,0,0,0,0,0,0,0,0,0,0,0,0,0,0,0
Fall River,1994,South Dakota,SD,13734,SD02300,SD0230000,46,047,46047,sheriffs office,"non-msa cnty 10,000-24,999",west north central,non-suburban,0,0,0,0,0,0,0,0,0,0,0,0,0,0,0,0,0,0,0,0,0,0,0,0,0,0,0,0,0,0,0,0,0,0,0,0,0,0,0,0,0,0,0,0,0,0,0,0,0,0,0,0,0,0,0,0,0,0,0,0,0
Hot Springs,1994,South Dakota,SD,4146,SD02302,SD0230200,46,047,46047,local police department,"cities 2,500-9,999",west north central,non-suburban,0,0,0,0,0,0,0,0,0,0,0,0,0,0,0,0,0,0,0,0,0,0,0,0,0,0,0,0,0,0,0,0,0,0,0,0,0,0,0,0,0,0,0,0,0,0,0,0,0,0,0,0,0,0,0,0,0,0,0,0,0
Faulk,1994,South Dakota,SD,2730,SD02400,SD0240000,46,049,46049,sheriffs office,"non-msa cnty under 10,000",west north central,non-suburban,0,0,0,0,0,0,0,0,0,0,0,0,0,0,0,0,0,0,0,0,0,0,0,0,0,0,0,0,0,0,0,0,0,0,0,0,0,0,0,0,0,0,0,0,0,0,0,0,0,0,0,0,0,0,0,0,0,0,0,0,0
Haakon,1994,South Dakota,SD,1474,SD02700,SD0270000,46,055,46055,sheriffs office,"non-msa cnty under 10,000",west north central,non-suburban,0,0,0,0,0,0,0,0,0,0,0,0,0,0,0,0,0,0,0,0,0,0,0,0,0,0,0,0,0,0,0,0,0,0,0,0,0,0,0,0,0,0,0,0,0,0,0,0,0,0,0,0,0,0,0,0,0,0,0,0,0
Hand,1994,South Dakota,SD,2654,SD02900,SD0290000,46,059,46059,sheriffs office,"non-msa cnty under 10,000",west north central,non-suburban,0,0,0,0,0,0,0,0,0,0,0,0,0,0,0,0,0,0,0,0,0,0,0,0,0,0,0,0,0,0,0,0,0,0,0,0,0,0,0,0,0,0,0,0,0,0,0,0,0,0,0,0,0,0,0,0,0,0,0,0,0
Miller,1994,South Dakota,SD,1661,SD02901,SD0290100,46,059,46059,local police department,"cities under 2,500",west north central,non-suburban,0,0,0,0,0,0,0,0,0,0,0,0,0,0,0,0,0,0,0,0,0,0,0,0,0,0,0,0,0,0,0,0,0,0,0,0,0,0,0,0,0,0,0,0,0,0,0,0,0,0,0,0,0,0,0,0,0,0,0,0,0
Harding,1994,South Dakota,SD,1637,SD03100,SD0310000,46,063,46063,sheriffs office,"non-msa cnty under 10,000",west north central,non-suburban,3,0,3,3,0,0,3,0,3,0,0,0,1,2,0,0,0,0,0,0,0,0,0,0,0,0,0,0,0,0,0,0,0,0,0,0,0,0,0,0,0,0,0,0,0,0,0,0,0,0,0,0,0,0,0,0,0,2,0,0,1
Pierre,1994,South Dakota,SD,13483,SD03201,SD0320100,46,065,46065,local police department,"cities 10,000-24,999",west north central,non-suburban,13,4,9,10,3,3,7,1,7,0,0,2,3,2,0,0,0,0,0,0,0,0,2,1,0,0,0,0,0,0,0,0,0,1,0,0,1,0,0,0,1,0,0,0,0,0,0,0,0,0,0,0,0,2,0,0,2,0,0,0,9
Hyde,1994,South Dakota,SD,1674,SD03400,SD0340000,46,069,46069,sheriffs office,"non-msa cnty under 10,000",west north central,non-suburban,0,0,0,0,0,0,0,0,0,0,0,0,0,0,0,0,0,0,0,0,0,0,0,0,0,0,0,0,0,0,0,0,0,0,0,0,0,0,0,0,0,0,0,0,0,0,0,0,0,0,0,0,0,0,0,0,0,0,0,0,0
Lake,1994,South Dakota,SD,4416,SD03900,SD0390000,46,079,46079,sheriffs office,"non-msa cnty under 10,000",west north central,non-suburban,1,1,0,1,0,1,0,0,0,0,0,0,0,0,0,0,0,0,0,1,0,0,0,0,0,0,0,0,0,0,0,0,0,0,0,0,0,0,0,0,0,0,0,0,0,0,0,0,0,0,0,0,0,1,0,0,0,0,0,0,0
Madison,1994,South Dakota,SD,6360,SD03901,SD0390100,46,079,46079,local police department,"cities 2,500-9,999",west north central,non-suburban,2,2,0,2,0,2,0,0,0,0,0,0,0,0,0,0,0,0,0,0,0,0,1,0,0,1,0,0,0,0,0,0,0,0,0,0,0,0,0,0,0,0,0,0,0,0,0,0,0,0,0,0,0,2,0,0,0,0,0,0,0
Lawrence,1994,South Dakota,SD,8738,SD04000,SD0400000,46,081,46081,sheriffs office,"non-msa cnty under 10,000",west north central,non-suburban,0,0,0,0,0,0,0,0,0,0,0,0,0,0,0,0,0,0,0,0,0,0,0,0,0,0,0,0,0,0,0,0,0,0,0,0,0,0,0,0,0,0,0,0,0,0,0,0,0,0,0,0,0,0,0,0,0,0,0,0,0
Deadwood,1994,South Dakota,SD,1888,SD04001,SD0400100,46,081,46081,local police department,"cities under 2,500",west north central,non-suburban,0,0,0,0,0,0,0,0,0,0,0,0,0,0,0,0,0,0,0,0,0,0,0,0,0,0,0,0,0,0,0,0,0,0,0,0,0,0,0,0,0,0,0,0,0,0,0,0,0,0,0,0,0,0,0,0,0,0,0,0,0
Lead,1994,South Dakota,SD,3711,SD04002,SD0400200,46,081,46081,local police department,"cities 2,500-9,999",west north central,non-suburban,0,0,0,0,0,0,0,0,0,0,0,0,0,0,0,0,0,0,0,0,0,0,0,0,0,0,0,0,0,0,0,0,0,0,0,0,0,0,0,0,0,0,0,0,0,0,0,0,0,0,0,0,0,0,0,0,0,0,0,0,0
Spearfish,1994,South Dakota,SD,7367,SD04003,SD0400300,46,081,46081,local police department,"cities 2,500-9,999",west north central,non-suburban,4,2,2,2,2,2,0,0,0,0,0,0,0,0,0,2,0,0,0,0,0,0,0,0,0,0,0,0,0,0,0,0,0,2,0,0,0,0,0,0,0,0,0,0,0,0,0,0,0,0,0,0,0,2,0,0,0,2,0,0,0
Canton,1994,South Dakota,SD,2871,SD04101,SD0410100,46,083,46083,local police department,"cities 2,500-9,999",west north central,suburban,0,0,0,0,0,0,0,0,0,0,0,0,0,0,0,0,0,0,0,0,0,0,0,0,0,0,0,0,0,0,0,0,0,0,0,0,0,0,0,0,0,0,0,0,0,0,0,0,0,0,0,0,0,0,0,0,0,0,0,0,0
Lyman,1994,South Dakota,SD,3727,SD04200,SD0420000,46,085,46085,sheriffs office,"non-msa cnty under 10,000",west north central,non-suburban,0,0,0,0,0,0,0,0,0,0,0,0,0,0,0,0,0,0,0,0,0,0,0,0,0,0,0,0,0,0,0,0,0,0,0,0,0,0,0,0,0,0,0,0,0,0,0,0,0,0,0,0,0,0,0,0,0,0,0,0,0
Mccook,1994,South Dakota,SD,4401,SD04300,SD0430000,46,087,46087,sheriffs office,"non-msa cnty under 10,000",west north central,non-suburban,0,0,0,0,0,0,0,0,0,0,0,0,0,0,0,0,0,0,0,0,0,0,0,0,0,0,0,0,0,0,0,0,0,0,0,0,0,0,0,0,0,0,0,0,0,0,0,0,0,0,0,0,0,0,0,0,0,0,0,0,0
Salem,1994,South Dakota,SD,1265,SD04301,SD0430100,46,087,46087,local police department,"cities under 2,500",west north central,non-suburban,0,0,0,0,0,0,0,0,0,0,0,0,0,0,0,0,0,0,0,0,0,0,0,0,0,0,0,0,0,0,0,0,0,0,0,0,0,0,0,0,0,0,0,0,0,0,0,0,0,0,0,0,0,0,0,0,0,0,0,0,0
Marshall,1994,South Dakota,SD,4823,SD04500,SD0450000,46,091,46091,sheriffs office,"non-msa cnty under 10,000",west north central,non-suburban,0,0,0,0,0,0,0,0,0,0,0,0,0,0,0,0,0,0,0,0,0,0,0,0,0,0,0,0,0,0,0,0,0,0,0,0,0,0,0,0,0,0,0,0,0,0,0,0,0,0,0,0,0,0,0,0,0,0,0,0,0
Meade,1994,South Dakota,SD,18035,SD04600,SD0460000,46,093,46093,sheriffs office,"non-msa cnty 10,000-24,999",west north central,non-suburban,0,0,0,0,0,0,0,0,0,0,0,0,0,0,0,0,0,0,0,0,0,0,0,0,0,0,0,0,0,0,0,0,0,0,0,0,0,0,0,0,0,0,0,0,0,0,0,0,0,0,0,0,0,0,0,0,0,0,0,0,0
Sturgis,1994,South Dakota,SD,5665,SD04601,SD0460100,46,093,46093,local police department,"cities 2,500-9,999",west north central,non-suburban,7,4,3,4,3,3,1,1,1,0,0,0,0,0,1,0,0,2,1,0,0,0,0,0,0,0,0,0,0,0,0,0,0,1,0,1,0,0,1,0,0,0,0,0,0,0,0,0,0,0,0,0,0,3,0,0,1,3,0,0,0
Miner,1994,South Dakota,SD,3164,SD04800,SD0480000,46,097,46097,sheriffs office,"non-msa cnty under 10,000",west north central,non-suburban,0,0,0,0,0,0,0,0,0,0,0,0,0,0,0,0,0,0,0,0,0,0,0,0,0,0,0,0,0,0,0,0,0,0,0,0,0,0,0,0,0,0,0,0,0,0,0,0,0,0,0,0,0,0,0,0,0,0,0,0,0
Minnehaha,1994,South Dakota,SD,20819,SD04900,SD0490000,46,099,46099,sheriffs office,"msa cnty 10,000-24,999",west north central,suburban,4,0,4,4,0,0,4,0,4,0,1,1,2,0,0,0,0,0,0,0,0,0,0,0,0,0,0,0,0,0,0,0,0,0,0,0,0,0,0,0,0,0,0,0,0,0,0,0,0,0,0,0,0,0,0,0,0,2,0,0,2
Sioux Falls,1994,South Dakota,SD,107258,SD04902,SD0490200,46,099,46099,local police department,"cities 100,000-249,999",west north central,non-suburban,66,7,59,40,26,5,34,2,34,1,0,10,10,9,5,0,0,0,0,0,0,0,1,1,2,1,0,0,0,0,0,1,4,13,2,3,1,0,0,0,0,1,0,0,0,0,1,0,0,0,0,0,0,5,0,0,2,40,5,0,14
Moody,1994,South Dakota,SD,6785,SD05000,SD0500000,46,101,46101,sheriffs office,"non-msa cnty under 10,000",west north central,non-suburban,0,0,0,0,0,0,0,0,0,0,0,0,0,0,0,0,0,0,0,0,0,0,0,0,0,0,0,0,0,0,0,0,0,0,0,0,0,0,0,0,0,0,0,0,0,0,0,0,0,0,0,0,0,0,0,0,0,0,0,0,0
Pennington,1994,South Dakota,SD,25526,SD05100,SD0510000,46,103,46103,sheriffs office,"msa cnty 25,000-99,999",west north central,suburban,13,3,10,13,0,3,10,0,10,0,0,3,2,5,0,0,1,1,0,0,0,1,0,0,0,0,0,0,0,0,0,0,0,0,0,0,0,0,0,0,0,0,0,0,0,0,0,0,0,0,0,0,0,2,0,0,1,5,2,0,3
Rapid City,1994,South Dakota,SD,58100,SD05101,SD0510100,46,103,46103,local police department,"cities 50,000-99,999",west north central,non-suburban,7,1,6,4,3,1,3,0,3,0,0,0,0,0,3,0,0,0,0,0,0,0,1,0,0,0,0,0,0,0,0,0,0,1,1,1,0,0,0,0,0,0,0,0,0,0,0,0,0,0,0,0,0,1,0,0,0,5,0,0,1
Box Elder,1994,South Dakota,SD,2946,SD05103,SD0510300,46,103,46103,local police department,"cities 2,500-9,999",west north central,suburban,1,1,0,0,1,0,0,1,0,0,0,0,0,0,0,0,0,0,0,0,0,0,0,0,0,0,0,0,0,0,0,0,0,0,0,0,0,1,0,0,0,0,0,0,0,0,0,0,0,0,0,0,0,1,0,0,0,0,0,0,0
Perkins,1994,South Dakota,SD,3821,SD05200,SD0520000,46,105,46105,sheriffs office,"non-msa cnty under 10,000",west north central,non-suburban,0,0,0,0,0,0,0,0,0,0,0,0,0,0,0,0,0,0,0,0,0,0,0,0,0,0,0,0,0,0,0,0,0,0,0,0,0,0,0,0,0,0,0,0,0,0,0,0,0,0,0,0,0,0,0,0,0,0,0,0,0
Potter,1994,South Dakota,SD,3154,SD05300,SD0530000,46,107,46107,sheriffs office,"non-msa cnty under 10,000",west north central,non-suburban,1,1,0,1,0,1,0,0,0,0,0,0,0,0,0,0,0,0,0,0,0,0,0,0,1,0,0,0,0,0,0,0,0,0,0,0,0,0,0,0,0,0,0,0,0,0,0,0,0,0,0,0,0,0,0,0,1,0,0,0,0
Sanborn,1994,South Dakota,SD,2837,SD05500,SD0550000,46,111,46111,sheriffs office,"non-msa cnty under 10,000",west north central,non-suburban,0,0,0,0,0,0,0,0,0,0,0,0,0,0,0,0,0,0,0,0,0,0,0,0,0,0,0,0,0,0,0,0,0,0,0,0,0,0,0,0,0,0,0,0,0,0,0,0,0,0,0,0,0,0,0,0,0,0,0,0,0
Spink,1994,South Dakota,SD,8021,SD05700,SD0570000,46,115,46115,sheriffs office,"non-msa cnty under 10,000",west north central,non-suburban,1,1,0,1,0,1,0,0,0,0,0,0,0,0,0,0,0,0,1,0,0,0,0,0,0,0,0,0,0,0,0,0,0,0,0,0,0,0,0,0,0,0,0,0,0,0,0,0,0,0,0,0,0,0,0,1,0,0,0,0,0
Fort Pierre,1994,South Dakota,SD,1936,SD05801,SD0580100,46,117,46117,local police department,"cities under 2,500",west north central,non-suburban,1,1,0,1,0,1,0,0,0,0,0,0,0,0,0,0,0,0,0,0,0,0,0,0,0,0,0,0,0,1,0,0,0,0,0,0,0,0,0,0,0,0,0,0,0,0,0,0,0,0,0,0,0,1,0,0,0,0,0,0,0
Winner,1994,South Dakota,SD,3337,SD06101,SD0610100,46,123,46123,local police department,"cities 2,500-9,999",west north central,non-suburban,7,1,6,5,2,1,4,0,4,0,0,0,1,2,1,0,0,0,1,0,0,0,0,0,0,0,0,0,0,0,0,0,1,1,0,0,0,0,0,0,0,0,0,0,0,0,0,0,0,0,0,0,0,0,0,0,1,0,0,0,6
Turner,1994,South Dakota,SD,7647,SD06200,SD0620000,46,125,46125,sheriffs office,"non-msa cnty under 10,000",west north central,non-suburban,0,0,0,0,0,0,0,0,0,0,0,0,0,0,0,0,0,0,0,0,0,0,0,0,0,0,0,0,0,0,0,0,0,0,0,0,0,0,0,0,0,0,0,0,0,0,0,0,0,0,0,0,0,0,0,0,0,0,0,0,0
Mobridge,1994,South Dakota,SD,3607,SD06401,SD0640100,46,129,46129,local police department,"cities 2,500-9,999",west north central,non-suburban,0,0,0,0,0,0,0,0,0,0,0,0,0,0,0,0,0,0,0,0,0,0,0,0,0,0,0,0,0,0,0,0,0,0,0,0,0,0,0,0,0,0,0,0,0,0,0,0,0,0,0,0,0,0,0,0,0,0,0,0,0
Yankton,1994,South Dakota,SD,6816,SD06600,SD0660000,46,135,46135,sheriffs office,"non-msa cnty under 10,000",west north central,non-suburban,0,0,0,0,0,0,0,0,0,0,0,0,0,0,0,0,0,0,0,0,0,0,0,0,0,0,0,0,0,0,0,0,0,0,0,0,0,0,0,0,0,0,0,0,0,0,0,0,0,0,0,0,0,0,0,0,0,0,0,0,0
Yankton,1994,South Dakota,SD,13448,SD06601,SD0660100,46,135,46135,local police department,"cities 10,000-24,999",west north central,non-suburban,4,1,3,4,0,1,3,0,3,0,0,2,1,0,0,0,1,0,0,0,0,0,0,0,0,0,0,0,0,0,0,0,0,0,0,0,0,0,0,0,0,0,0,0,0,0,0,0,0,0,0,0,0,1,0,0,0,3,0,0,0
Beadle,1995,South Dakota,SD,5673,SD00200,SD0020000,46,005,46005,sheriffs office,"non-msa cnty under 10,000",west north central,non-suburban,3,3,0,3,0,3,0,0,0,0,0,0,0,0,0,0,1,0,0,0,0,0,0,0,2,0,0,0,0,0,0,0,0,0,0,0,0,0,0,0,0,0,0,0,0,0,0,0,0,0,0,0,0,2,0,0,0,0,0,0,0
Bennett,1995,South Dakota,SD,3335,SD00300,SD0030000,46,007,46007,sheriffs office,"non-msa cnty under 10,000",west north central,non-suburban,1,0,1,1,0,0,1,0,1,0,0,1,0,0,0,0,0,0,0,0,0,0,0,0,0,0,0,0,0,0,0,0,0,0,0,0,0,0,0,0,0,0,0,0,0,0,0,0,0,0,0,0,0,0,0,0,0,0,0,0,1
Bon Homme,1995,South Dakota,SD,7044,SD00400,SD0040000,46,009,46009,sheriffs office,"non-msa cnty under 10,000",west north central,non-suburban,0,0,0,0,0,0,0,0,0,0,0,0,0,0,0,0,0,0,0,0,0,0,0,0,0,0,0,0,0,0,0,0,0,0,0,0,0,0,0,0,0,0,0,0,0,0,0,0,0,0,0,0,0,0,0,0,0,0,0,0,0
Brookings,1995,South Dakota,SD,9228,SD00500,SD0050000,46,011,46011,sheriffs office,"non-msa cnty under 10,000",west north central,non-suburban,0,0,0,0,0,0,0,0,0,0,0,0,0,0,0,0,0,0,0,0,0,0,0,0,0,0,0,0,0,0,0,0,0,0,0,0,0,0,0,0,0,0,0,0,0,0,0,0,0,0,0,0,0,0,0,0,0,0,0,0,0
Brookings,1995,South Dakota,SD,17432,SD00501,SD0050100,46,011,46011,local police department,"cities 10,000-24,999",west north central,non-suburban,3,1,2,2,1,1,1,0,1,0,0,0,0,0,1,0,0,0,0,0,0,1,0,0,0,0,0,0,0,0,0,0,0,0,0,0,1,0,0,0,0,0,0,0,0,0,0,0,0,0,0,0,0,1,0,0,0,2,0,0,0
Brown,1995,South Dakota,SD,10816,SD00600,SD0060000,46,013,46013,sheriffs office,"non-msa cnty 10,000-24,999",west north central,non-suburban,0,0,0,0,0,0,0,0,0,0,0,0,0,0,0,0,0,0,0,0,0,0,0,0,0,0,0,0,0,0,0,0,0,0,0,0,0,0,0,0,0,0,0,0,0,0,0,0,0,0,0,0,0,0,0,0,0,0,0,0,0
Aberdeen,1995,South Dakota,SD,25369,SD00601,SD0060100,46,013,46013,local police department,"cities 25,000-49,999",west north central,non-suburban,15,6,9,11,4,5,6,1,6,0,0,5,0,1,0,0,0,2,0,1,0,0,0,2,0,0,0,0,0,0,0,0,0,2,1,0,0,0,0,0,0,0,0,0,0,1,0,0,0,0,0,0,0,5,0,0,1,9,0,0,0
Belle Fourche,1995,South Dakota,SD,4995,SD00901,SD0090100,46,019,46019,local police department,"cities 2,500-9,999",west north central,non-suburban,4,2,2,3,1,2,1,0,1,0,0,0,1,0,0,0,0,2,0,0,0,0,0,0,0,0,0,0,0,0,0,0,1,0,0,0,0,0,0,0,0,0,0,0,0,0,0,0,0,0,0,0,0,2,0,0,0,1,0,0,1
Charles Mix,1995,South Dakota,SD,9449,SD01100,SD0110000,46,023,46023,sheriffs office,"non-msa cnty under 10,000",west north central,non-suburban,6,2,4,5,1,2,3,0,3,0,0,0,0,1,2,0,1,0,0,0,0,0,1,0,0,0,0,0,0,0,0,0,0,0,0,1,0,0,0,0,0,0,0,0,0,0,0,0,0,0,0,0,0,1,0,0,1,1,0,0,3
Clay,1995,South Dakota,SD,3145,SD01300,SD0130000,46,027,46027,sheriffs office,"non-msa cnty under 10,000",west north central,non-suburban,0,0,0,0,0,0,0,0,0,0,0,0,0,0,0,0,0,0,0,0,0,0,0,0,0,0,0,0,0,0,0,0,0,0,0,0,0,0,0,0,0,0,0,0,0,0,0,0,0,0,0,0,0,0,0,0,0,0,0,0,0
Vermillion,1995,South Dakota,SD,10493,SD01301,SD0130100,46,027,46027,local police department,"cities 10,000-24,999",west north central,non-suburban,5,1,4,1,4,1,0,0,0,0,0,0,0,0,0,0,0,0,0,0,0,1,0,0,0,0,0,0,0,0,0,0,0,0,4,0,0,0,0,0,0,0,0,0,0,0,0,0,0,0,0,0,0,1,0,0,0,2,0,0,2
Corson,1995,South Dakota,SD,3501,SD01500,SD0150000,46,031,46031,sheriffs office,"non-msa cnty under 10,000",west north central,non-suburban,1,0,1,0,1,0,0,0,0,0,0,0,0,0,0,0,0,0,0,0,0,0,0,0,0,0,0,0,0,0,0,0,1,0,0,0,0,0,0,0,0,0,0,0,0,0,0,0,0,0,0,0,0,0,0,0,0,0,0,0,1
Mclaughlin,1995,South Dakota,SD,782,SD01502,SD0150200,46,031,46031,local police department,"cities under 2,500",west north central,non-suburban,0,0,0,0,0,0,0,0,0,0,0,0,0,0,0,0,0,0,0,0,0,0,0,0,0,0,0,0,0,0,0,0,0,0,0,0,0,0,0,0,0,0,0,0,0,0,0,0,0,0,0,0,0,0,0,0,0,0,0,0,0
Mitchell,1995,South Dakota,SD,14085,SD01701,SD0170100,46,035,46035,local police department,"cities 10,000-24,999",west north central,non-suburban,8,3,5,7,1,3,4,0,4,0,0,1,1,1,1,0,0,0,0,0,0,0,0,0,1,0,0,0,2,0,0,0,0,1,0,0,0,0,0,0,0,0,0,0,0,0,0,0,0,0,0,0,0,3,0,0,0,2,0,0,3
Day,1995,South Dakota,SD,6811,SD01800,SD0180000,46,037,46037,sheriffs office,"non-msa cnty under 10,000",west north central,non-suburban,0,0,0,0,0,0,0,0,0,0,0,0,0,0,0,0,0,0,0,0,0,0,0,0,0,0,0,0,0,0,0,0,0,0,0,0,0,0,0,0,0,0,0,0,0,0,0,0,0,0,0,0,0,0,0,0,0,0,0,0,0
Deuel,1995,South Dakota,SD,4545,SD01900,SD0190000,46,039,46039,sheriffs office,"non-msa cnty under 10,000",west north central,non-suburban,3,2,1,3,0,2,1,0,1,0,0,0,1,0,0,0,0,0,0,0,0,1,0,0,1,0,0,0,0,0,0,0,0,0,0,0,0,0,0,0,0,0,0,0,0,0,0,0,0,0,0,0,0,2,0,0,0,1,0,0,0
Eagle Butte,1995,South Dakota,SD,517,SD02004,SD0200400,46,041,46041,local police department,"cities under 2,500",west north central,non-suburban,0,0,0,0,0,0,0,0,0,0,0,0,0,0,0,0,0,0,0,0,0,0,0,0,0,0,0,0,0,0,0,0,0,0,0,0,0,0,0,0,0,0,0,0,0,0,0,0,0,0,0,0,0,0,0,0,0,0,0,0,0
Fall River,1995,South Dakota,SD,11724,SD02300,SD0230000,46,047,46047,sheriffs office,"non-msa cnty 10,000-24,999",west north central,non-suburban,0,0,0,0,0,0,0,0,0,0,0,0,0,0,0,0,0,0,0,0,0,0,0,0,0,0,0,0,0,0,0,0,0,0,0,0,0,0,0,0,0,0,0,0,0,0,0,0,0,0,0,0,0,0,0,0,0,0,0,0,0
Hot Springs,1995,South Dakota,SD,4235,SD02302,SD0230200,46,047,46047,local police department,"cities 2,500-9,999",west north central,non-suburban,1,1,0,1,0,1,0,0,0,0,0,0,0,0,0,0,0,0,0,0,0,0,0,0,1,0,0,0,0,0,0,0,0,0,0,0,0,0,0,0,0,0,0,0,0,0,0,0,0,0,0,0,0,1,0,0,0,0,0,0,0
Hand,1995,South Dakota,SD,2620,SD02900,SD0290000,46,059,46059,sheriffs office,"non-msa cnty under 10,000",west north central,non-suburban,0,0,0,0,0,0,0,0,0,0,0,0,0,0,0,0,0,0,0,0,0,0,0,0,0,0,0,0,0,0,0,0,0,0,0,0,0,0,0,0,0,0,0,0,0,0,0,0,0,0,0,0,0,0,0,0,0,0,0,0,0
Miller,1995,South Dakota,SD,1635,SD02901,SD0290100,46,059,46059,local police department,"cities under 2,500",west north central,non-suburban,0,0,0,0,0,0,0,0,0,0,0,0,0,0,0,0,0,0,0,0,0,0,0,0,0,0,0,0,0,0,0,0,0,0,0,0,0,0,0,0,0,0,0,0,0,0,0,0,0,0,0,0,0,0,0,0,0,0,0,0,0
Harding,1995,South Dakota,SD,1558,SD03100,SD0310000,46,063,46063,sheriffs office,"non-msa cnty under 10,000",west north central,non-suburban,5,0,5,5,0,0,5,0,5,0,0,1,1,2,1,0,0,0,0,0,0,0,0,0,0,0,0,0,0,0,0,0,0,0,0,0,0,0,0,0,0,0,0,0,0,0,0,0,0,0,0,0,0,0,0,0,0,5,0,0,0
Pierre,1995,South Dakota,SD,13738,SD03201,SD0320100,46,065,46065,local police department,"cities 10,000-24,999",west north central,non-suburban,11,2,9,5,6,2,3,0,3,0,0,2,0,0,1,1,0,0,0,0,0,1,0,0,0,0,0,0,0,0,0,0,0,3,2,1,0,0,0,0,0,0,0,0,0,0,0,0,0,0,0,0,0,1,0,0,1,4,0,0,5
Parkston,1995,South Dakota,SD,1617,SD03302,SD0330200,46,067,46067,local police department,"cities under 2,500",west north central,non-suburban,0,0,0,0,0,0,0,0,0,0,0,0,0,0,0,0,0,0,0,0,0,0,0,0,0,0,0,0,0,0,0,0,0,0,0,0,0,0,0,0,0,0,0,0,0,0,0,0,0,0,0,0,0,0,0,0,0,0,0,0,0
Jerauld,1995,South Dakota,SD,2421,SD03600,SD0360000,46,073,46073,sheriffs office,"non-msa cnty under 10,000",west north central,non-suburban,0,0,0,0,0,0,0,0,0,0,0,0,0,0,0,0,0,0,0,0,0,0,0,0,0,0,0,0,0,0,0,0,0,0,0,0,0,0,0,0,0,0,0,0,0,0,0,0,0,0,0,0,0,0,0,0,0,0,0,0,0
Lake,1995,South Dakota,SD,4423,SD03900,SD0390000,46,079,46079,sheriffs office,"non-msa cnty under 10,000",west north central,non-suburban,1,1,0,0,1,0,0,1,0,0,0,0,0,0,0,0,0,0,0,0,0,0,0,0,0,0,0,0,0,0,0,0,0,0,0,0,0,0,0,0,0,0,1,0,0,0,0,0,0,0,0,0,0,1,0,0,0,0,0,0,0
Madison,1995,South Dakota,SD,6413,SD03901,SD0390100,46,079,46079,local police department,"cities 2,500-9,999",west north central,non-suburban,0,0,0,0,0,0,0,0,0,0,0,0,0,0,0,0,0,0,0,0,0,0,0,0,0,0,0,0,0,0,0,0,0,0,0,0,0,0,0,0,0,0,0,0,0,0,0,0,0,0,0,0,0,0,0,0,0,0,0,0,0
Lawrence,1995,South Dakota,SD,8862,SD04000,SD0400000,46,081,46081,sheriffs office,"non-msa cnty under 10,000",west north central,non-suburban,0,0,0,0,0,0,0,0,0,0,0,0,0,0,0,0,0,0,0,0,0,0,0,0,0,0,0,0,0,0,0,0,0,0,0,0,0,0,0,0,0,0,0,0,0,0,0,0,0,0,0,0,0,0,0,0,0,0,0,0,0
Deadwood,1995,South Dakota,SD,1951,SD04001,SD0400100,46,081,46081,local police department,"cities under 2,500",west north central,non-suburban,6,2,4,6,0,2,4,0,4,0,1,0,0,2,1,0,0,0,0,0,0,0,0,0,1,0,1,0,0,0,0,0,0,0,0,0,0,0,0,0,0,0,0,0,0,0,0,0,0,0,0,0,0,2,0,0,0,3,0,0,1
Lead,1995,South Dakota,SD,3884,SD04002,SD0400200,46,081,46081,local police department,"cities 2,500-9,999",west north central,non-suburban,0,0,0,0,0,0,0,0,0,0,0,0,0,0,0,0,0,0,0,0,0,0,0,0,0,0,0,0,0,0,0,0,0,0,0,0,0,0,0,0,0,0,0,0,0,0,0,0,0,0,0,0,0,0,0,0,0,0,0,0,0
Spearfish,1995,South Dakota,SD,7675,SD04003,SD0400300,46,081,46081,local police department,"cities 2,500-9,999",west north central,non-suburban,8,6,2,8,0,6,2,0,2,0,1,0,0,1,0,1,1,1,1,1,1,0,0,0,0,0,0,0,0,0,0,0,0,0,0,0,0,0,0,0,0,0,0,0,0,0,0,0,0,0,0,0,0,6,0,0,0,1,0,0,1
Canton,1995,South Dakota,SD,2888,SD04101,SD0410100,46,083,46083,local police department,"cities 2,500-9,999",west north central,suburban,1,1,0,1,0,1,0,0,0,0,0,0,0,0,0,0,0,0,0,0,0,0,0,1,0,0,0,0,0,0,0,0,0,0,0,0,0,0,0,0,0,0,0,0,0,0,0,0,0,0,0,0,0,1,0,0,0,0,0,0,0
Lyman,1995,South Dakota,SD,3781,SD04200,SD0420000,46,085,46085,sheriffs office,"non-msa cnty under 10,000",west north central,non-suburban,1,1,0,1,0,1,0,0,0,0,0,0,0,0,0,0,0,0,0,0,0,0,0,0,0,1,0,0,0,0,0,0,0,0,0,0,0,0,0,0,0,0,0,0,0,0,0,0,0,0,0,0,0,0,0,0,1,0,0,0,0
Mccook,1995,South Dakota,SD,4584,SD04300,SD0430000,46,087,46087,sheriffs office,"non-msa cnty under 10,000",west north central,non-suburban,0,0,0,0,0,0,0,0,0,0,0,0,0,0,0,0,0,0,0,0,0,0,0,0,0,0,0,0,0,0,0,0,0,0,0,0,0,0,0,0,0,0,0,0,0,0,0,0,0,0,0,0,0,0,0,0,0,0,0,0,0
Marshall,1995,South Dakota,SD,4823,SD04500,SD0450000,46,091,46091,sheriffs office,"non-msa cnty under 10,000",west north central,non-suburban,1,1,0,1,0,1,0,0,0,0,0,0,0,0,0,0,0,0,0,0,0,0,0,0,0,1,0,0,0,0,0,0,0,0,0,0,0,0,0,0,0,0,0,0,0,0,0,0,0,0,0,0,0,0,0,0,1,0,0,0,0
Meade,1995,South Dakota,SD,17614,SD04600,SD0460000,46,093,46093,sheriffs office,"non-msa cnty 10,000-24,999",west north central,non-suburban,1,1,0,1,0,1,0,0,0,0,0,0,0,0,0,0,0,1,0,0,0,0,0,0,0,0,0,0,0,0,0,0,0,0,0,0,0,0,0,0,0,0,0,0,0,0,0,0,0,0,0,0,0,1,0,0,0,0,0,0,0
Sturgis,1995,South Dakota,SD,5583,SD04601,SD0460100,46,093,46093,local police department,"cities 2,500-9,999",west north central,non-suburban,16,7,9,15,1,7,8,0,8,0,0,0,1,3,4,4,0,2,0,0,0,0,0,0,0,1,0,0,0,0,0,0,0,0,1,0,0,0,0,0,0,0,0,0,0,0,0,0,0,0,0,0,0,4,0,0,3,7,0,1,1
Miner,1995,South Dakota,SD,3100,SD04800,SD0480000,46,097,46097,sheriffs office,"non-msa cnty under 10,000",west north central,non-suburban,0,0,0,0,0,0,0,0,0,0,0,0,0,0,0,0,0,0,0,0,0,0,0,0,0,0,0,0,0,0,0,0,0,0,0,0,0,0,0,0,0,0,0,0,0,0,0,0,0,0,0,0,0,0,0,0,0,0,0,0,0
Minnehaha,1995,South Dakota,SD,21314,SD04900,SD0490000,46,099,46099,sheriffs office,"msa cnty 10,000-24,999",west north central,suburban,2,1,1,2,0,1,1,0,1,0,1,0,0,0,0,0,0,0,0,1,0,0,0,0,0,0,0,0,0,0,0,0,0,0,0,0,0,0,0,0,0,0,0,0,0,0,0,0,0,0,0,0,0,1,0,0,0,1,0,0,0
Sioux Falls,1995,South Dakota,SD,110385,SD04902,SD0490200,46,099,46099,local police department,"cities 100,000-249,999",west north central,non-suburban,78,9,69,60,18,8,51,1,51,1,4,10,21,11,5,1,0,0,0,2,1,0,0,1,2,1,0,0,0,0,0,0,0,7,4,5,1,0,0,0,1,0,0,0,0,0,0,0,0,0,0,0,0,7,0,0,2,55,0,0,14
Moody,1995,South Dakota,SD,6701,SD05000,SD0500000,46,101,46101,sheriffs office,"non-msa cnty under 10,000",west north central,non-suburban,2,2,0,2,0,2,0,0,0,0,0,0,0,0,0,0,0,0,0,0,0,0,1,0,0,0,1,0,0,0,0,0,0,0,0,0,0,0,0,0,0,0,0,0,0,0,0,0,0,0,0,0,0,0,0,0,2,0,0,0,0
Pennington,1995,South Dakota,SD,26203,SD05100,SD0510000,46,103,46103,sheriffs office,"msa cnty 25,000-99,999",west north central,suburban,7,6,1,6,1,5,1,1,1,0,0,0,0,1,0,0,0,2,0,0,0,0,1,1,1,0,0,0,0,0,0,0,0,0,0,0,0,0,0,0,0,0,0,0,0,0,1,0,0,0,0,0,0,5,0,1,0,1,0,0,0
Rapid City,1995,South Dakota,SD,58248,SD05101,SD0510100,46,103,46103,local police department,"cities 50,000-99,999",west north central,non-suburban,13,3,10,11,2,2,9,1,9,0,0,2,3,3,1,0,0,1,0,0,0,0,0,0,0,0,1,0,0,0,0,0,0,0,0,0,1,1,0,0,0,0,0,0,0,0,0,0,0,0,0,0,0,2,0,0,1,4,0,0,6
Perkins,1995,South Dakota,SD,3808,SD05200,SD0520000,46,105,46105,sheriffs office,"non-msa cnty under 10,000",west north central,non-suburban,2,0,2,2,0,0,2,0,2,0,0,0,2,0,0,0,0,0,0,0,0,0,0,0,0,0,0,0,0,0,0,0,0,0,0,0,0,0,0,0,0,0,0,0,0,0,0,0,0,0,0,0,0,0,0,0,0,2,0,0,0
Potter,1995,South Dakota,SD,3112,SD05300,SD0530000,46,107,46107,sheriffs office,"non-msa cnty under 10,000",west north central,non-suburban,0,0,0,0,0,0,0,0,0,0,0,0,0,0,0,0,0,0,0,0,0,0,0,0,0,0,0,0,0,0,0,0,0,0,0,0,0,0,0,0,0,0,0,0,0,0,0,0,0,0,0,0,0,0,0,0,0,0,0,0,0
Sanborn,1995,South Dakota,SD,2799,SD05500,SD0550000,46,111,46111,sheriffs office,"non-msa cnty under 10,000",west north central,non-suburban,1,0,1,1,0,0,1,0,1,0,0,0,1,0,0,0,0,0,0,0,0,0,0,0,0,0,0,0,0,0,0,0,0,0,0,0,0,0,0,0,0,0,0,0,0,0,0,0,0,0,0,0,0,0,0,0,0,1,0,0,0
Spink,1995,South Dakota,SD,7954,SD05700,SD0570000,46,115,46115,sheriffs office,"non-msa cnty under 10,000",west north central,non-suburban,1,1,0,1,0,1,0,0,0,0,0,0,0,0,0,0,0,0,0,0,0,0,1,0,0,0,0,0,0,0,0,0,0,0,0,0,0,0,0,0,0,0,0,0,0,0,0,0,0,0,0,0,0,0,0,0,1,0,0,0,0
Fort Pierre,1995,South Dakota,SD,2054,SD05801,SD0580100,46,117,46117,local police department,"cities under 2,500",west north central,non-suburban,2,1,1,2,0,1,1,0,1,0,0,0,0,0,1,0,0,0,0,0,0,0,1,0,0,0,0,0,0,0,0,0,0,0,0,0,0,0,0,0,0,0,0,0,0,0,0,0,0,0,0,0,0,1,0,0,0,1,0,0,0
Sully,1995,South Dakota,SD,1575,SD05900,SD0590000,46,119,46119,sheriffs office,"non-msa cnty under 10,000",west north central,non-suburban,0,0,0,0,0,0,0,0,0,0,0,0,0,0,0,0,0,0,0,0,0,0,0,0,0,0,0,0,0,0,0,0,0,0,0,0,0,0,0,0,0,0,0,0,0,0,0,0,0,0,0,0,0,0,0,0,0,0,0,0,0
Todd,1995,South Dakota,SD,9039,SD06000,SD0600000,46,121,46121,sheriffs office,"non-msa cnty under 10,000",west north central,non-suburban,0,0,0,0,0,0,0,0,0,0,0,0,0,0,0,0,0,0,0,0,0,0,0,0,0,0,0,0,0,0,0,0,0,0,0,0,0,0,0,0,0,0,0,0,0,0,0,0,0,0,0,0,0,0,0,0,0,0,0,0,0
Winner,1995,South Dakota,SD,3352,SD06101,SD0610100,46,123,46123,local police department,"cities 2,500-9,999",west north central,non-suburban,8,4,4,7,1,4,3,0,3,0,0,1,2,0,0,2,0,2,0,0,0,0,0,0,0,0,0,0,0,0,0,0,0,0,0,0,1,0,0,0,0,0,0,0,0,0,0,0,0,0,0,0,0,3,0,0,1,0,0,0,4
Mobridge,1995,South Dakota,SD,3644,SD06401,SD0640100,46,129,46129,local police department,"cities 2,500-9,999",west north central,non-suburban,0,0,0,0,0,0,0,0,0,0,0,0,0,0,0,0,0,0,0,0,0,0,0,0,0,0,0,0,0,0,0,0,0,0,0,0,0,0,0,0,0,0,0,0,0,0,0,0,0,0,0,0,0,0,0,0,0,0,0,0,0
Yankton,1995,South Dakota,SD,6821,SD06600,SD0660000,46,135,46135,sheriffs office,"non-msa cnty under 10,000",west north central,non-suburban,3,3,0,3,0,3,0,0,0,0,0,0,0,0,0,0,0,2,0,0,0,0,0,1,0,0,0,0,0,0,0,0,0,0,0,0,0,0,0,0,0,0,0,0,0,0,0,0,0,0,0,0,0,3,0,0,0,0,0,0,0
Yankton,1995,South Dakota,SD,13756,SD06601,SD0660100,46,135,46135,local police department,"cities 10,000-24,999",west north central,non-suburban,6,3,3,5,1,3,2,0,2,0,0,0,1,0,1,0,0,0,0,1,0,0,2,0,0,0,0,0,0,0,0,0,0,1,0,0,0,0,0,0,0,0,0,0,0,0,0,0,0,0,0,0,0,3,0,0,0,3,0,0,0
Aurora,1996,South Dakota,SD,3061,SD00100,SD0010000,46,003,46003,sheriffs office,"non-msa cnty under 10,000",west north central,non-suburban,0,0,0,0,0,0,0,0,0,0,0,0,0,0,0,0,0,0,0,0,0,0,0,0,0,0,0,0,0,0,0,0,0,0,0,0,0,0,0,0,0,0,0,0,0,0,0,0,0,0,0,0,0,0,0,0,0,0,0,0,0
Beadle,1996,South Dakota,SD,5696,SD00200,SD0020000,46,005,46005,sheriffs office,"non-msa cnty under 10,000",west north central,non-suburban,1,1,0,1,0,1,0,0,0,0,0,0,0,0,0,0,1,0,0,0,0,0,0,0,0,0,0,0,0,0,0,0,0,0,0,0,0,0,0,0,0,0,0,0,0,0,0,0,0,0,0,0,0,1,0,0,0,0,0,0,0
Bennett,1996,South Dakota,SD,3348,SD00300,SD0030000,46,007,46007,sheriffs office,"non-msa cnty under 10,000",west north central,non-suburban,0,0,0,0,0,0,0,0,0,0,0,0,0,0,0,0,0,0,0,0,0,0,0,0,0,0,0,0,0,0,0,0,0,0,0,0,0,0,0,0,0,0,0,0,0,0,0,0,0,0,0,0,0,0,0,0,0,0,0,0,0
Brookings,1996,South Dakota,SD,9266,SD00500,SD0050000,46,011,46011,sheriffs office,"non-msa cnty under 10,000",west north central,non-suburban,0,0,0,0,0,0,0,0,0,0,0,0,0,0,0,0,0,0,0,0,0,0,0,0,0,0,0,0,0,0,0,0,0,0,0,0,0,0,0,0,0,0,0,0,0,0,0,0,0,0,0,0,0,0,0,0,0,0,0,0,0
Brookings,1996,South Dakota,SD,17503,SD00501,SD0050100,46,011,46011,local police department,"cities 10,000-24,999",west north central,non-suburban,7,5,2,3,4,3,0,2,0,0,0,0,0,0,0,0,0,0,0,0,1,0,1,0,1,0,0,0,0,0,0,0,0,0,1,1,0,0,0,0,0,0,0,1,0,0,1,0,0,0,0,0,0,5,0,0,0,2,0,0,0
Aberdeen,1996,South Dakota,SD,25473,SD00601,SD0060100,46,013,46013,local police department,"cities 25,000-49,999",west north central,non-suburban,14,6,8,8,6,6,2,0,2,0,0,0,0,1,1,0,0,0,2,1,1,0,1,1,0,0,0,0,0,0,0,0,0,2,1,1,2,0,0,0,0,0,0,0,0,0,0,0,0,0,0,0,0,4,0,0,2,5,0,0,3
Butte,1996,South Dakota,SD,4053,SD00900,SD0090000,46,019,46019,sheriffs office,"non-msa cnty under 10,000",west north central,non-suburban,4,4,0,4,0,4,0,0,0,0,0,0,0,0,0,1,1,2,0,0,0,0,0,0,0,0,0,0,0,0,0,0,0,0,0,0,0,0,0,0,0,0,0,0,0,0,0,0,0,0,0,0,0,3,0,0,1,0,0,0,0
Belle Fourche,1996,South Dakota,SD,5015,SD00901,SD0090100,46,019,46019,local police department,"cities 2,500-9,999",west north central,non-suburban,2,0,2,1,1,0,1,0,1,0,0,1,0,0,0,0,0,0,0,0,0,0,0,0,0,0,0,0,0,0,0,0,0,0,1,0,0,0,0,0,0,0,0,0,0,0,0,0,0,0,0,0,0,0,0,0,0,2,0,0,0
Charles Mix,1996,South Dakota,SD,9487,SD01100,SD0110000,46,023,46023,sheriffs office,"non-msa cnty under 10,000",west north central,non-suburban,5,2,3,3,2,2,1,0,1,0,0,0,0,1,0,0,0,1,0,0,0,0,0,0,0,1,0,0,0,0,0,0,0,0,0,1,1,0,0,0,0,0,0,0,0,0,0,0,0,0,0,0,0,2,0,0,0,0,0,0,3
Clay,1996,South Dakota,SD,3157,SD01300,SD0130000,46,027,46027,sheriffs office,"non-msa cnty under 10,000",west north central,non-suburban,0,0,0,0,0,0,0,0,0,0,0,0,0,0,0,0,0,0,0,0,0,0,0,0,0,0,0,0,0,0,0,0,0,0,0,0,0,0,0,0,0,0,0,0,0,0,0,0,0,0,0,0,0,0,0,0,0,0,0,0,0
Vermillion,1996,South Dakota,SD,10536,SD01301,SD0130100,46,027,46027,local police department,"cities 10,000-24,999",west north central,non-suburban,3,1,2,3,0,1,2,0,2,0,0,2,0,0,0,0,0,0,0,0,0,0,1,0,0,0,0,0,0,0,0,0,0,0,0,0,0,0,0,0,0,0,0,0,0,0,0,0,0,0,0,0,0,0,0,0,1,0,0,0,2
Watertown,1996,South Dakota,SD,19572,SD01401,SD0140100,46,029,46029,local police department,"cities 10,000-24,999",west north central,non-suburban,17,3,14,11,6,2,9,1,9,0,0,3,1,3,2,0,0,0,0,1,0,0,0,1,0,0,0,0,0,0,0,0,0,1,0,3,1,0,0,0,0,0,0,0,0,1,0,0,0,0,0,0,0,2,1,0,0,12,0,0,2
Mclaughlin,1996,South Dakota,SD,785,SD01502,SD0150200,46,031,46031,local police department,"cities under 2,500",west north central,non-suburban,0,0,0,0,0,0,0,0,0,0,0,0,0,0,0,0,0,0,0,0,0,0,0,0,0,0,0,0,0,0,0,0,0,0,0,0,0,0,0,0,0,0,0,0,0,0,0,0,0,0,0,0,0,0,0,0,0,0,0,0,0
Custer,1996,South Dakota,SD,6716,SD01600,SD0160000,46,033,46033,sheriffs office,"non-msa cnty under 10,000",west north central,non-suburban,1,1,0,1,0,1,0,0,0,0,0,0,0,0,0,0,0,0,0,0,0,0,0,0,0,1,0,0,0,0,0,0,0,0,0,0,0,0,0,0,0,0,0,0,0,0,0,0,0,0,0,0,0,1,0,0,0,0,0,0,0
Mitchell,1996,South Dakota,SD,14143,SD01701,SD0170100,46,035,46035,local police department,"cities 10,000-24,999",west north central,non-suburban,3,1,2,3,0,1,2,0,2,0,0,0,0,2,0,0,0,0,0,0,0,0,0,0,0,0,1,0,0,0,0,0,0,0,0,0,0,0,0,0,0,0,0,0,0,0,0,0,0,0,0,0,0,1,0,0,0,1,0,0,1
Day,1996,South Dakota,SD,6839,SD01800,SD0180000,46,037,46037,sheriffs office,"non-msa cnty under 10,000",west north central,non-suburban,1,1,0,1,0,1,0,0,0,0,0,0,0,0,0,0,0,0,0,0,0,0,0,1,0,0,0,0,0,0,0,0,0,0,0,0,0,0,0,0,0,0,0,0,0,0,0,0,0,0,0,0,0,1,0,0,0,0,0,0,0
Deuel,1996,South Dakota,SD,4563,SD01900,SD0190000,46,039,46039,sheriffs office,"non-msa cnty under 10,000",west north central,non-suburban,4,4,0,3,1,3,0,1,0,0,0,0,0,0,0,3,0,0,0,0,0,0,0,0,0,0,0,0,0,0,0,0,0,0,0,0,0,0,0,0,0,0,0,0,1,0,0,0,0,0,0,0,0,4,0,0,0,0,0,0,0
Eagle Butte,1996,South Dakota,SD,519,SD02004,SD0200400,46,041,46041,local police department,"cities under 2,500",west north central,non-suburban,0,0,0,0,0,0,0,0,0,0,0,0,0,0,0,0,0,0,0,0,0,0,0,0,0,0,0,0,0,0,0,0,0,0,0,0,0,0,0,0,0,0,0,0,0,0,0,0,0,0,0,0,0,0,0,0,0,0,0,0,0
Edmunds,1996,South Dakota,SD,4335,SD02200,SD0220000,46,045,46045,sheriffs office,"non-msa cnty under 10,000",west north central,non-suburban,0,0,0,0,0,0,0,0,0,0,0,0,0,0,0,0,0,0,0,0,0,0,0,0,0,0,0,0,0,0,0,0,0,0,0,0,0,0,0,0,0,0,0,0,0,0,0,0,0,0,0,0,0,0,0,0,0,0,0,0,0
Hot Springs,1996,South Dakota,SD,4252,SD02302,SD0230200,46,047,46047,local police department,"cities 2,500-9,999",west north central,non-suburban,2,0,2,2,0,0,2,0,2,0,0,2,0,0,0,0,0,0,0,0,0,0,0,0,0,0,0,0,0,0,0,0,0,0,0,0,0,0,0,0,0,0,0,0,0,0,0,0,0,0,0,0,0,0,0,0,0,2,0,0,0
Faulk,1996,South Dakota,SD,2608,SD02400,SD0240000,46,049,46049,sheriffs office,"non-msa cnty under 10,000",west north central,non-suburban,1,1,0,1,0,1,0,0,0,0,0,0,0,0,0,0,0,0,0,0,0,0,0,1,0,0,0,0,0,0,0,0,0,0,0,0,0,0,0,0,0,0,0,0,0,0,0,0,0,0,0,0,0,1,0,0,0,0,0,0,0
Hand,1996,South Dakota,SD,2630,SD02900,SD0290000,46,059,46059,sheriffs office,"non-msa cnty under 10,000",west north central,non-suburban,1,1,0,1,0,1,0,0,0,0,0,0,0,0,0,1,0,0,0,0,0,0,0,0,0,0,0,0,0,0,0,0,0,0,0,0,0,0,0,0,0,0,0,0,0,0,0,0,0,0,0,0,0,1,0,0,0,0,0,0,0
Miller,1996,South Dakota,SD,1641,SD02901,SD0290100,46,059,46059,local police department,"cities under 2,500",west north central,non-suburban,0,0,0,0,0,0,0,0,0,0,0,0,0,0,0,0,0,0,0,0,0,0,0,0,0,0,0,0,0,0,0,0,0,0,0,0,0,0,0,0,0,0,0,0,0,0,0,0,0,0,0,0,0,0,0,0,0,0,0,0,0
Harding,1996,South Dakota,SD,1564,SD03100,SD0310000,46,063,46063,sheriffs office,"non-msa cnty under 10,000",west north central,non-suburban,3,0,3,3,0,0,3,0,3,0,0,0,0,2,1,0,0,0,0,0,0,0,0,0,0,0,0,0,0,0,0,0,0,0,0,0,0,0,0,0,0,0,0,0,0,0,0,0,0,0,0,0,0,0,0,0,0,2,1,0,0
Hughes,1996,South Dakota,SD,1997,SD03200,SD0320000,46,065,46065,sheriffs office,"non-msa cnty under 10,000",west north central,non-suburban,1,1,0,1,0,1,0,0,0,0,0,0,0,0,0,0,1,0,0,0,0,0,0,0,0,0,0,0,0,0,0,0,0,0,0,0,0,0,0,0,0,0,0,0,0,0,0,0,0,0,0,0,0,1,0,0,0,0,0,0,0
Pierre,1996,South Dakota,SD,13794,SD03201,SD0320100,46,065,46065,local police department,"cities 10,000-24,999",west north central,non-suburban,3,1,2,3,0,1,2,0,2,0,0,0,1,1,0,0,0,0,0,0,0,0,0,0,0,1,0,0,0,0,0,0,0,0,0,0,0,0,0,0,0,0,0,0,0,0,0,0,0,0,0,0,0,1,0,0,0,0,0,0,2
Parkston,1996,South Dakota,SD,1623,SD03302,SD0330200,46,067,46067,local police department,"cities under 2,500",west north central,non-suburban,4,0,4,1,3,0,1,0,1,0,0,0,1,0,0,0,0,0,0,0,0,0,0,0,0,0,0,0,0,0,0,0,0,2,1,0,0,0,0,0,0,0,0,0,0,0,0,0,0,0,0,0,0,0,0,0,0,2,0,0,2
Hyde,1996,South Dakota,SD,1684,SD03400,SD0340000,46,069,46069,sheriffs office,"non-msa cnty under 10,000",west north central,non-suburban,0,0,0,0,0,0,0,0,0,0,0,0,0,0,0,0,0,0,0,0,0,0,0,0,0,0,0,0,0,0,0,0,0,0,0,0,0,0,0,0,0,0,0,0,0,0,0,0,0,0,0,0,0,0,0,0,0,0,0,0,0
Jerauld,1996,South Dakota,SD,2430,SD03600,SD0360000,46,073,46073,sheriffs office,"non-msa cnty under 10,000",west north central,non-suburban,0,0,0,0,0,0,0,0,0,0,0,0,0,0,0,0,0,0,0,0,0,0,0,0,0,0,0,0,0,0,0,0,0,0,0,0,0,0,0,0,0,0,0,0,0,0,0,0,0,0,0,0,0,0,0,0,0,0,0,0,0
Kingsbury,1996,South Dakota,SD,5854,SD03800,SD0380000,46,077,46077,sheriffs office,"non-msa cnty under 10,000",west north central,non-suburban,0,0,0,0,0,0,0,0,0,0,0,0,0,0,0,0,0,0,0,0,0,0,0,0,0,0,0,0,0,0,0,0,0,0,0,0,0,0,0,0,0,0,0,0,0,0,0,0,0,0,0,0,0,0,0,0,0,0,0,0,0
Lake,1996,South Dakota,SD,4441,SD03900,SD0390000,46,079,46079,sheriffs office,"non-msa cnty under 10,000",west north central,non-suburban,0,0,0,0,0,0,0,0,0,0,0,0,0,0,0,0,0,0,0,0,0,0,0,0,0,0,0,0,0,0,0,0,0,0,0,0,0,0,0,0,0,0,0,0,0,0,0,0,0,0,0,0,0,0,0,0,0,0,0,0,0
Madison,1996,South Dakota,SD,6439,SD03901,SD0390100,46,079,46079,local police department,"cities 2,500-9,999",west north central,non-suburban,11,7,4,9,2,5,4,2,4,0,0,0,3,0,1,4,0,1,0,0,0,0,0,0,0,0,0,0,0,0,0,0,0,0,0,0,0,0,0,0,0,0,0,0,1,0,1,0,0,0,0,0,0,7,0,0,0,4,0,0,0
Lawrence,1996,South Dakota,SD,8898,SD04000,SD0400000,46,081,46081,sheriffs office,"non-msa cnty under 10,000",west north central,non-suburban,0,0,0,0,0,0,0,0,0,0,0,0,0,0,0,0,0,0,0,0,0,0,0,0,0,0,0,0,0,0,0,0,0,0,0,0,0,0,0,0,0,0,0,0,0,0,0,0,0,0,0,0,0,0,0,0,0,0,0,0,0
Deadwood,1996,South Dakota,SD,1959,SD04001,SD0400100,46,081,46081,local police department,"cities under 2,500",west north central,non-suburban,1,1,0,1,0,1,0,0,0,0,0,0,0,0,0,0,0,0,0,0,0,1,0,0,0,0,0,0,0,0,0,0,0,0,0,0,0,0,0,0,0,0,0,0,0,0,0,0,0,0,0,0,0,0,0,0,1,0,0,0,0
Lead,1996,South Dakota,SD,3900,SD04002,SD0400200,46,081,46081,local police department,"cities 2,500-9,999",west north central,non-suburban,0,0,0,0,0,0,0,0,0,0,0,0,0,0,0,0,0,0,0,0,0,0,0,0,0,0,0,0,0,0,0,0,0,0,0,0,0,0,0,0,0,0,0,0,0,0,0,0,0,0,0,0,0,0,0,0,0,0,0,0,0
Spearfish,1996,South Dakota,SD,7706,SD04003,SD0400300,46,081,46081,local police department,"cities 2,500-9,999",west north central,non-suburban,1,1,0,1,0,1,0,0,0,0,0,0,0,0,0,0,0,0,0,0,0,0,0,0,0,0,0,1,0,0,0,0,0,0,0,0,0,0,0,0,0,0,0,0,0,0,0,0,0,0,0,0,0,1,0,0,0,0,0,0,0
Canton,1996,South Dakota,SD,2899,SD04101,SD0410100,46,083,46083,local police department,"cities 2,500-9,999",west north central,suburban,0,0,0,0,0,0,0,0,0,0,0,0,0,0,0,0,0,0,0,0,0,0,0,0,0,0,0,0,0,0,0,0,0,0,0,0,0,0,0,0,0,0,0,0,0,0,0,0,0,0,0,0,0,0,0,0,0,0,0,0,0
Harrisburg,1996,South Dakota,SD,823,SD04103,SD0410300,46,083,46083,local police department,"cities under 2,500",west north central,suburban,0,0,0,0,0,0,0,0,0,0,0,0,0,0,0,0,0,0,0,0,0,0,0,0,0,0,0,0,0,0,0,0,0,0,0,0,0,0,0,0,0,0,0,0,0,0,0,0,0,0,0,0,0,0,0,0,0,0,0,0,0
Lyman,1996,South Dakota,SD,3796,SD04200,SD0420000,46,085,46085,sheriffs office,"non-msa cnty under 10,000",west north central,non-suburban,0,0,0,0,0,0,0,0,0,0,0,0,0,0,0,0,0,0,0,0,0,0,0,0,0,0,0,0,0,0,0,0,0,0,0,0,0,0,0,0,0,0,0,0,0,0,0,0,0,0,0,0,0,0,0,0,0,0,0,0,0
Marshall,1996,South Dakota,SD,4842,SD04500,SD0450000,46,091,46091,sheriffs office,"non-msa cnty under 10,000",west north central,non-suburban,1,0,1,1,0,0,1,0,1,0,0,0,0,1,0,0,0,0,0,0,0,0,0,0,0,0,0,0,0,0,0,0,0,0,0,0,0,0,0,0,0,0,0,0,0,0,0,0,0,0,0,0,0,0,0,0,0,0,0,0,1
Meade,1996,South Dakota,SD,17686,SD04600,SD0460000,46,093,46093,sheriffs office,"non-msa cnty 10,000-24,999",west north central,non-suburban,1,0,1,0,1,0,0,0,0,0,0,0,0,0,0,0,0,0,0,0,0,0,0,0,0,0,0,0,0,0,0,0,0,1,0,0,0,0,0,0,0,0,0,0,0,0,0,0,0,0,0,0,0,0,0,0,0,1,0,0,0
Sturgis,1996,South Dakota,SD,5606,SD04601,SD0460100,46,093,46093,local police department,"cities 2,500-9,999",west north central,non-suburban,6,5,1,5,1,4,1,1,1,0,0,0,1,0,0,0,2,0,0,0,0,0,0,0,1,0,1,0,0,0,0,0,0,0,0,0,0,0,0,0,0,0,0,0,0,0,1,0,0,0,0,0,0,5,0,0,0,1,0,0,0
Miner,1996,South Dakota,SD,3112,SD04800,SD0480000,46,097,46097,sheriffs office,"non-msa cnty under 10,000",west north central,non-suburban,0,0,0,0,0,0,0,0,0,0,0,0,0,0,0,0,0,0,0,0,0,0,0,0,0,0,0,0,0,0,0,0,0,0,0,0,0,0,0,0,0,0,0,0,0,0,0,0,0,0,0,0,0,0,0,0,0,0,0,0,0
Minnehaha,1996,South Dakota,SD,21401,SD04900,SD0490000,46,099,46099,sheriffs office,"msa cnty 10,000-24,999",west north central,suburban,7,1,6,6,1,1,5,0,5,0,0,1,3,0,1,1,0,0,0,0,0,0,0,0,0,0,0,0,0,0,0,0,0,0,1,0,0,0,0,0,0,0,0,0,0,0,0,0,0,0,0,0,0,1,0,0,0,6,0,0,0
Sioux Falls,1996,South Dakota,SD,110891,SD04902,SD0490200,46,099,46099,local police department,"cities 100,000-249,999",west north central,non-suburban,72,9,63,59,13,8,51,1,51,0,0,14,14,9,14,0,0,0,1,0,2,0,3,1,1,0,0,0,0,0,0,0,2,3,4,2,1,1,0,0,0,0,0,0,0,0,0,0,0,0,0,0,0,8,1,0,0,43,1,0,19
Moody,1996,South Dakota,SD,6728,SD05000,SD0500000,46,101,46101,sheriffs office,"non-msa cnty under 10,000",west north central,non-suburban,0,0,0,0,0,0,0,0,0,0,0,0,0,0,0,0,0,0,0,0,0,0,0,0,0,0,0,0,0,0,0,0,0,0,0,0,0,0,0,0,0,0,0,0,0,0,0,0,0,0,0,0,0,0,0,0,0,0,0,0,0
Pennington,1996,South Dakota,SD,26310,SD05100,SD0510000,46,103,46103,sheriffs office,"msa cnty 25,000-99,999",west north central,suburban,6,2,4,4,2,2,2,0,2,0,0,0,0,0,2,0,0,0,0,0,0,0,2,0,0,0,0,0,0,0,0,0,2,0,0,0,0,0,0,0,0,0,0,0,0,0,0,0,0,0,0,0,0,2,0,0,0,2,0,0,2
Rapid City,1996,South Dakota,SD,58487,SD05101,SD0510100,46,103,46103,local police department,"cities 50,000-99,999",west north central,non-suburban,12,0,12,9,3,0,9,0,9,0,0,2,4,1,2,0,0,0,0,0,0,0,0,0,0,0,0,0,0,0,0,0,0,2,1,0,0,0,0,0,0,0,0,0,0,0,0,0,0,0,0,0,0,0,0,0,0,4,0,0,8
Box Elder,1996,South Dakota,SD,3105,SD05103,SD0510300,46,103,46103,local police department,"cities 2,500-9,999",west north central,suburban,0,0,0,0,0,0,0,0,0,0,0,0,0,0,0,0,0,0,0,0,0,0,0,0,0,0,0,0,0,0,0,0,0,0,0,0,0,0,0,0,0,0,0,0,0,0,0,0,0,0,0,0,0,0,0,0,0,0,0,0,0
Perkins,1996,South Dakota,SD,3823,SD05200,SD0520000,46,105,46105,sheriffs office,"non-msa cnty under 10,000",west north central,non-suburban,1,1,0,1,0,1,0,0,0,0,0,0,0,0,0,0,0,0,0,0,0,0,0,1,0,0,0,0,0,0,0,0,0,0,0,0,0,0,0,0,0,0,0,0,0,0,0,0,0,0,0,0,0,1,0,0,0,0,0,0,0
Potter,1996,South Dakota,SD,3124,SD05300,SD0530000,46,107,46107,sheriffs office,"non-msa cnty under 10,000",west north central,non-suburban,0,0,0,0,0,0,0,0,0,0,0,0,0,0,0,0,0,0,0,0,0,0,0,0,0,0,0,0,0,0,0,0,0,0,0,0,0,0,0,0,0,0,0,0,0,0,0,0,0,0,0,0,0,0,0,0,0,0,0,0,0
Sisseton,1996,South Dakota,SD,2214,SD05401,SD0540100,46,109,46109,local police department,"cities under 2,500",west north central,non-suburban,2,0,2,1,1,0,1,0,1,0,0,1,0,0,0,0,0,0,0,0,0,0,0,0,0,0,0,0,0,0,0,0,0,0,0,0,1,0,0,0,0,0,0,0,0,0,0,0,0,0,0,0,0,0,0,0,0,0,0,0,2
Sanborn,1996,South Dakota,SD,2810,SD05500,SD0550000,46,111,46111,sheriffs office,"non-msa cnty under 10,000",west north central,non-suburban,0,0,0,0,0,0,0,0,0,0,0,0,0,0,0,0,0,0,0,0,0,0,0,0,0,0,0,0,0,0,0,0,0,0,0,0,0,0,0,0,0,0,0,0,0,0,0,0,0,0,0,0,0,0,0,0,0,0,0,0,0
Spink,1996,South Dakota,SD,7986,SD05700,SD0570000,46,115,46115,sheriffs office,"non-msa cnty under 10,000",west north central,non-suburban,2,2,0,2,0,2,0,0,0,0,0,0,0,0,0,1,0,0,0,0,0,0,1,0,0,0,0,0,0,0,0,0,0,0,0,0,0,0,0,0,0,0,0,0,0,0,0,0,0,0,0,0,0,0,0,0,2,0,0,0,0
Stanley,1996,South Dakota,SD,653,SD05800,SD0580000,46,117,46117,sheriffs office,"non-msa cnty under 10,000",west north central,non-suburban,0,0,0,0,0,0,0,0,0,0,0,0,0,0,0,0,0,0,0,0,0,0,0,0,0,0,0,0,0,0,0,0,0,0,0,0,0,0,0,0,0,0,0,0,0,0,0,0,0,0,0,0,0,0,0,0,0,0,0,0,0
Sully,1996,South Dakota,SD,1581,SD05900,SD0590000,46,119,46119,sheriffs office,"non-msa cnty under 10,000",west north central,non-suburban,0,0,0,0,0,0,0,0,0,0,0,0,0,0,0,0,0,0,0,0,0,0,0,0,0,0,0,0,0,0,0,0,0,0,0,0,0,0,0,0,0,0,0,0,0,0,0,0,0,0,0,0,0,0,0,0,0,0,0,0,0
Winner,1996,South Dakota,SD,3365,SD06101,SD0610100,46,123,46123,local police department,"cities 2,500-9,999",west north central,non-suburban,0,0,0,0,0,0,0,0,0,0,0,0,0,0,0,0,0,0,0,0,0,0,0,0,0,0,0,0,0,0,0,0,0,0,0,0,0,0,0,0,0,0,0,0,0,0,0,0,0,0,0,0,0,0,0,0,0,0,0,0,0
North Sioux City,1996,South Dakota,SD,2648,SD06305,SD0630500,46,127,46127,local police department,"cities 2,500-9,999",west north central,suburban,0,0,0,0,0,0,0,0,0,0,0,0,0,0,0,0,0,0,0,0,0,0,0,0,0,0,0,0,0,0,0,0,0,0,0,0,0,0,0,0,0,0,0,0,0,0,0,0,0,0,0,0,0,0,0,0,0,0,0,0,0
Mobridge,1996,South Dakota,SD,3659,SD06401,SD0640100,46,129,46129,local police department,"cities 2,500-9,999",west north central,non-suburban,0,0,0,0,0,0,0,0,0,0,0,0,0,0,0,0,0,0,0,0,0,0,0,0,0,0,0,0,0,0,0,0,0,0,0,0,0,0,0,0,0,0,0,0,0,0,0,0,0,0,0,0,0,0,0,0,0,0,0,0,0
Yankton,1996,South Dakota,SD,6849,SD06600,SD0660000,46,135,46135,sheriffs office,"non-msa cnty under 10,000",west north central,non-suburban,0,0,0,0,0,0,0,0,0,0,0,0,0,0,0,0,0,0,0,0,0,0,0,0,0,0,0,0,0,0,0,0,0,0,0,0,0,0,0,0,0,0,0,0,0,0,0,0,0,0,0,0,0,0,0,0,0,0,0,0,0
Yankton,1996,South Dakota,SD,13812,SD06601,SD0660100,46,135,46135,local police department,"cities 10,000-24,999",west north central,non-suburban,14,4,10,14,0,4,9,0,9,1,0,2,3,1,3,2,1,0,0,0,1,0,0,0,0,0,0,0,0,0,0,0,0,0,0,0,0,0,0,0,0,0,0,0,0,0,0,0,0,0,0,0,0,3,0,0,1,8,0,0,2
Beadle,1997,South Dakota,SD,5742,SD00200,SD0020000,46,005,46005,sheriffs office,"non-msa cnty under 10,000",west north central,non-suburban,0,0,0,0,0,0,0,0,0,0,0,0,0,0,0,0,0,0,0,0,0,0,0,0,0,0,0,0,0,0,0,0,0,0,0,0,0,0,0,0,0,0,0,0,0,0,0,0,0,0,0,0,0,0,0,0,0,0,0,0,0
Aberdeen,1997,South Dakota,SD,25681,SD00601,SD0060100,46,013,46013,local police department,"cities 25,000-49,999",west north central,non-suburban,38,28,10,33,5,23,10,5,10,0,0,4,5,0,1,3,2,1,0,0,1,0,7,5,1,2,1,0,0,0,0,0,0,0,0,0,0,0,0,0,1,1,0,0,1,0,2,0,0,0,0,0,0,23,1,0,4,9,0,0,1
Charles Mix,1997,South Dakota,SD,9564,SD01100,SD0110000,46,023,46023,sheriffs office,"non-msa cnty under 10,000",west north central,non-suburban,0,0,0,0,0,0,0,0,0,0,0,0,0,0,0,0,0,0,0,0,0,0,0,0,0,0,0,0,0,0,0,0,0,0,0,0,0,0,0,0,0,0,0,0,0,0,0,0,0,0,0,0,0,0,0,0,0,0,0,0,0
Clay,1997,South Dakota,SD,3182,SD01300,SD0130000,46,027,46027,sheriffs office,"non-msa cnty under 10,000",west north central,non-suburban,0,0,0,0,0,0,0,0,0,0,0,0,0,0,0,0,0,0,0,0,0,0,0,0,0,0,0,0,0,0,0,0,0,0,0,0,0,0,0,0,0,0,0,0,0,0,0,0,0,0,0,0,0,0,0,0,0,0,0,0,0
Vermillion,1997,South Dakota,SD,10622,SD01301,SD0130100,46,027,46027,local police department,"cities 10,000-24,999",west north central,non-suburban,5,3,2,3,2,3,0,0,0,0,0,0,0,0,0,0,0,0,0,1,0,0,1,0,1,0,0,0,0,0,0,0,0,0,2,0,0,0,0,0,0,0,0,0,0,0,0,0,0,0,0,0,0,2,0,0,1,1,0,0,1
Mitchell,1997,South Dakota,SD,14258,SD01701,SD0170100,46,035,46035,local police department,"cities 10,000-24,999",west north central,non-suburban,3,1,2,2,1,0,2,1,2,0,0,0,0,1,1,0,0,0,0,0,0,0,0,0,0,0,0,0,0,0,0,0,0,0,0,0,0,1,0,0,0,0,0,0,0,0,0,0,0,0,0,0,0,0,0,0,1,1,0,0,1
Deuel,1997,South Dakota,SD,4600,SD01900,SD0190000,46,039,46039,sheriffs office,"non-msa cnty under 10,000",west north central,non-suburban,0,0,0,0,0,0,0,0,0,0,0,0,0,0,0,0,0,0,0,0,0,0,0,0,0,0,0,0,0,0,0,0,0,0,0,0,0,0,0,0,0,0,0,0,0,0,0,0,0,0,0,0,0,0,0,0,0,0,0,0,0
Douglas,1997,South Dakota,SD,3669,SD02100,SD0210000,46,043,46043,sheriffs office,"non-msa cnty under 10,000",west north central,non-suburban,0,0,0,0,0,0,0,0,0,0,0,0,0,0,0,0,0,0,0,0,0,0,0,0,0,0,0,0,0,0,0,0,0,0,0,0,0,0,0,0,0,0,0,0,0,0,0,0,0,0,0,0,0,0,0,0,0,0,0,0,0
Hughes,1997,South Dakota,SD,2013,SD03200,SD0320000,46,065,46065,sheriffs office,"non-msa cnty under 10,000",west north central,non-suburban,1,1,0,1,0,1,0,0,0,0,0,0,0,0,0,0,0,0,0,1,0,0,0,0,0,0,0,0,0,0,0,0,0,0,0,0,0,0,0,0,0,0,0,0,0,0,0,0,0,0,0,0,0,1,0,0,0,0,0,0,0
Hyde,1997,South Dakota,SD,1697,SD03400,SD0340000,46,069,46069,sheriffs office,"non-msa cnty under 10,000",west north central,non-suburban,0,0,0,0,0,0,0,0,0,0,0,0,0,0,0,0,0,0,0,0,0,0,0,0,0,0,0,0,0,0,0,0,0,0,0,0,0,0,0,0,0,0,0,0,0,0,0,0,0,0,0,0,0,0,0,0,0,0,0,0,0
Lake,1997,South Dakota,SD,4477,SD03900,SD0390000,46,079,46079,sheriffs office,"non-msa cnty under 10,000",west north central,non-suburban,0,0,0,0,0,0,0,0,0,0,0,0,0,0,0,0,0,0,0,0,0,0,0,0,0,0,0,0,0,0,0,0,0,0,0,0,0,0,0,0,0,0,0,0,0,0,0,0,0,0,0,0,0,0,0,0,0,0,0,0,0
Lawrence,1997,South Dakota,SD,8970,SD04000,SD0400000,46,081,46081,sheriffs office,"non-msa cnty under 10,000",west north central,non-suburban,0,0,0,0,0,0,0,0,0,0,0,0,0,0,0,0,0,0,0,0,0,0,0,0,0,0,0,0,0,0,0,0,0,0,0,0,0,0,0,0,0,0,0,0,0,0,0,0,0,0,0,0,0,0,0,0,0,0,0,0,0
Spearfish,1997,South Dakota,SD,7769,SD04003,SD0400300,46,081,46081,local police department,"cities 2,500-9,999",west north central,non-suburban,4,1,3,3,1,0,3,1,3,0,0,3,0,0,0,0,0,0,0,0,0,0,0,0,0,0,0,0,0,0,0,0,0,0,0,0,0,0,0,0,1,0,0,0,0,0,0,0,0,0,0,0,0,1,0,0,0,3,0,0,0
Canton,1997,South Dakota,SD,2922,SD04101,SD0410100,46,083,46083,local police department,"cities 2,500-9,999",west north central,suburban,0,0,0,0,0,0,0,0,0,0,0,0,0,0,0,0,0,0,0,0,0,0,0,0,0,0,0,0,0,0,0,0,0,0,0,0,0,0,0,0,0,0,0,0,0,0,0,0,0,0,0,0,0,0,0,0,0,0,0,0,0
Mccook,1997,South Dakota,SD,4639,SD04300,SD0430000,46,087,46087,sheriffs office,"non-msa cnty under 10,000",west north central,non-suburban,0,0,0,0,0,0,0,0,0,0,0,0,0,0,0,0,0,0,0,0,0,0,0,0,0,0,0,0,0,0,0,0,0,0,0,0,0,0,0,0,0,0,0,0,0,0,0,0,0,0,0,0,0,0,0,0,0,0,0,0,0
Meade,1997,South Dakota,SD,17831,SD04600,SD0460000,46,093,46093,sheriffs office,"non-msa cnty 10,000-24,999",west north central,non-suburban,5,0,5,5,0,0,5,0,5,0,0,1,0,2,2,0,0,0,0,0,0,0,0,0,0,0,0,0,0,0,0,0,0,0,0,0,0,0,0,0,0,0,0,0,0,0,0,0,0,0,0,0,0,0,0,0,0,4,0,0,1
Sturgis,1997,South Dakota,SD,5651,SD04601,SD0460100,46,093,46093,local police department,"cities 2,500-9,999",west north central,non-suburban,8,8,0,5,3,5,0,3,0,0,0,0,0,0,0,1,0,0,0,1,0,0,2,1,0,0,0,0,0,0,0,0,0,0,0,0,0,0,0,0,0,0,0,1,1,1,0,0,0,0,0,0,0,7,0,0,1,0,0,0,0
Miner,1997,South Dakota,SD,3137,SD04800,SD0480000,46,097,46097,sheriffs office,"non-msa cnty under 10,000",west north central,non-suburban,0,0,0,0,0,0,0,0,0,0,0,0,0,0,0,0,0,0,0,0,0,0,0,0,0,0,0,0,0,0,0,0,0,0,0,0,0,0,0,0,0,0,0,0,0,0,0,0,0,0,0,0,0,0,0,0,0,0,0,0,0
Sioux Falls,1997,South Dakota,SD,111852,SD04902,SD0490200,46,099,46099,local police department,"cities 100,000-249,999",west north central,non-suburban,82,25,57,65,17,19,46,6,46,0,2,15,13,8,8,4,3,1,1,1,1,0,1,2,4,1,0,0,0,0,0,0,1,8,2,0,0,3,0,1,0,0,1,0,0,0,0,1,0,0,0,0,0,16,4,0,5,39,0,0,18
Brandon,1997,South Dakota,SD,4403,SD04903,SD0490300,46,099,46099,local police department,"cities 2,500-9,999",west north central,suburban,0,0,0,0,0,0,0,0,0,0,0,0,0,0,0,0,0,0,0,0,0,0,0,0,0,0,0,0,0,0,0,0,0,0,0,0,0,0,0,0,0,0,0,0,0,0,0,0,0,0,0,0,0,0,0,0,0,0,0,0,0
Pennington,1997,South Dakota,SD,26525,SD05100,SD0510000,46,103,46103,sheriffs office,"msa cnty 25,000-99,999",west north central,suburban,4,1,3,3,1,1,2,0,2,0,0,0,1,0,1,0,0,0,1,0,0,0,0,0,0,0,0,0,0,0,0,0,0,1,0,0,0,0,0,0,0,0,0,0,0,0,0,0,0,0,0,0,0,0,0,0,1,3,0,0,0
Rapid City,1997,South Dakota,SD,58966,SD05101,SD0510100,46,103,46103,local police department,"cities 50,000-99,999",west north central,non-suburban,8,0,8,5,3,0,5,0,5,0,2,0,0,1,2,0,0,0,0,0,0,0,0,0,0,0,0,0,0,0,0,0,2,0,0,1,0,0,0,0,0,0,0,0,0,0,0,0,0,0,0,0,0,0,0,0,0,5,0,0,3
Sanborn,1997,South Dakota,SD,2833,SD05500,SD0550000,46,111,46111,sheriffs office,"non-msa cnty under 10,000",west north central,non-suburban,0,0,0,0,0,0,0,0,0,0,0,0,0,0,0,0,0,0,0,0,0,0,0,0,0,0,0,0,0,0,0,0,0,0,0,0,0,0,0,0,0,0,0,0,0,0,0,0,0,0,0,0,0,0,0,0,0,0,0,0,0
Spink,1997,South Dakota,SD,8051,SD05700,SD0570000,46,115,46115,sheriffs office,"non-msa cnty under 10,000",west north central,non-suburban,0,0,0,0,0,0,0,0,0,0,0,0,0,0,0,0,0,0,0,0,0,0,0,0,0,0,0,0,0,0,0,0,0,0,0,0,0,0,0,0,0,0,0,0,0,0,0,0,0,0,0,0,0,0,0,0,0,0,0,0,0
Winner,1997,South Dakota,SD,3392,SD06101,SD0610100,46,123,46123,local police department,"cities 2,500-9,999",west north central,non-suburban,2,2,0,2,0,2,0,0,0,0,0,0,0,0,0,0,1,0,0,0,0,1,0,0,0,0,0,0,0,0,0,0,0,0,0,0,0,0,0,0,0,0,0,0,0,0,0,0,0,0,0,0,0,0,0,0,2,0,0,0,0
North Sioux City,1997,South Dakota,SD,2669,SD06305,SD0630500,46,127,46127,local police department,"cities 2,500-9,999",west north central,suburban,5,2,3,3,2,1,2,1,2,0,0,0,1,1,0,1,0,0,0,0,0,0,0,0,0,0,0,0,0,0,0,0,0,0,1,0,0,0,0,0,0,0,0,0,0,0,1,0,0,0,0,0,0,0,0,1,1,3,0,0,0
Yankton,1997,South Dakota,SD,6905,SD06600,SD0660000,46,135,46135,sheriffs office,"non-msa cnty under 10,000",west north central,non-suburban,3,2,1,3,0,2,1,0,1,0,0,0,0,1,0,0,1,0,0,0,1,0,0,0,0,0,0,0,0,0,0,0,0,0,0,0,0,0,0,0,0,0,0,0,0,0,0,0,0,0,0,0,0,2,0,0,0,1,0,0,0
Yankton,1997,South Dakota,SD,13925,SD06601,SD0660100,46,135,46135,local police department,"cities 10,000-24,999",west north central,non-suburban,1,1,0,1,0,1,0,0,0,0,0,0,0,0,0,1,0,0,0,0,0,0,0,0,0,0,0,0,0,0,0,0,0,0,0,0,0,0,0,0,0,0,0,0,0,0,0,0,0,0,0,0,0,1,0,0,0,0,0,0,0
Aurora,1998,South Dakota,SD,3018,SD00100,SD0010000,46,003,46003,sheriffs office,"non-msa cnty under 10,000",west north central,non-suburban,1,1,0,1,0,1,0,0,0,0,0,0,0,0,0,1,0,0,0,0,0,0,0,0,0,0,0,0,0,0,0,0,0,0,0,0,0,0,0,0,0,0,0,0,0,0,0,0,0,0,0,0,0,1,0,0,0,0,0,0,0
Beadle,1998,South Dakota,SD,5643,SD00200,SD0020000,46,005,46005,sheriffs office,"non-msa cnty under 10,000",west north central,non-suburban,1,1,0,1,0,1,0,0,0,0,0,0,0,0,0,0,0,0,1,0,0,0,0,0,0,0,0,0,0,0,0,0,0,0,0,0,0,0,0,0,0,0,0,0,0,0,0,0,0,0,0,0,0,1,0,0,0,0,0,0,0
Brookings,1998,South Dakota,SD,8213,SD00500,SD0050000,46,011,46011,sheriffs office,"non-msa cnty under 10,000",west north central,non-suburban,2,2,0,2,0,2,0,0,0,0,0,0,0,0,0,1,1,0,0,0,0,0,0,0,0,0,0,0,0,0,0,0,0,0,0,0,0,0,0,0,0,0,0,0,0,0,0,0,0,0,0,0,0,2,0,0,0,0,0,0,0
Brookings,1998,South Dakota,SD,17392,SD00501,SD0050100,46,011,46011,local police department,"cities 10,000-24,999",west north central,non-suburban,1,1,0,1,0,1,0,0,0,0,0,0,0,0,0,0,0,0,1,0,0,0,0,0,0,0,0,0,0,0,0,0,0,0,0,0,0,0,0,0,0,0,0,0,0,0,0,0,0,0,0,0,0,1,0,0,0,0,0,0,0
Brown,1998,South Dakota,SD,9494,SD00600,SD0060000,46,013,46013,sheriffs office,"non-msa cnty under 10,000",west north central,non-suburban,2,2,0,2,0,2,0,0,0,0,0,0,0,0,0,0,0,0,0,0,0,0,2,0,0,0,0,0,0,0,0,0,0,0,0,0,0,0,0,0,0,0,0,0,0,0,0,0,0,0,0,0,0,2,0,0,0,0,0,0,0
Aberdeen,1998,South Dakota,SD,25004,SD00601,SD0060100,46,013,46013,local police department,"cities 25,000-49,999",west north central,non-suburban,24,18,6,22,2,17,5,1,5,0,1,0,1,3,0,2,1,7,1,0,0,0,5,0,1,0,0,0,0,0,0,0,0,1,0,0,0,0,0,0,0,0,0,0,0,1,0,0,0,0,0,0,0,6,0,0,12,5,1,0,0
Groton,1998,South Dakota,SD,1203,SD00602,SD0060200,46,013,46013,local police department,"cities under 2,500",west north central,non-suburban,0,0,0,0,0,0,0,0,0,0,0,0,0,0,0,0,0,0,0,0,0,0,0,0,0,0,0,0,0,0,0,0,0,0,0,0,0,0,0,0,0,0,0,0,0,0,0,0,0,0,0,0,0,0,0,0,0,0,0,0,0
Butte,1998,South Dakota,SD,4048,SD00900,SD0090000,46,019,46019,sheriffs office,"non-msa cnty under 10,000",west north central,non-suburban,2,2,0,2,0,2,0,0,0,0,0,0,0,0,0,0,0,0,0,0,0,0,1,0,0,0,1,0,0,0,0,0,0,0,0,0,0,0,0,0,0,0,0,0,0,0,0,0,0,0,0,0,0,2,0,0,0,0,0,0,0
Charles Mix,1998,South Dakota,SD,7256,SD01100,SD0110000,46,023,46023,sheriffs office,"non-msa cnty under 10,000",west north central,non-suburban,0,0,0,0,0,0,0,0,0,0,0,0,0,0,0,0,0,0,0,0,0,0,0,0,0,0,0,0,0,0,0,0,0,0,0,0,0,0,0,0,0,0,0,0,0,0,0,0,0,0,0,0,0,0,0,0,0,0,0,0,0
Lake Andes,1998,South Dakota,SD,849,SD01101,SD0110100,46,023,46023,local police department,"cities under 2,500",west north central,non-suburban,0,0,0,0,0,0,0,0,0,0,0,0,0,0,0,0,0,0,0,0,0,0,0,0,0,0,0,0,0,0,0,0,0,0,0,0,0,0,0,0,0,0,0,0,0,0,0,0,0,0,0,0,0,0,0,0,0,0,0,0,0
Platte,1998,South Dakota,SD,1388,SD01102,SD0110200,46,023,46023,local police department,"cities under 2,500",west north central,non-suburban,0,0,0,0,0,0,0,0,0,0,0,0,0,0,0,0,0,0,0,0,0,0,0,0,0,0,0,0,0,0,0,0,0,0,0,0,0,0,0,0,0,0,0,0,0,0,0,0,0,0,0,0,0,0,0,0,0,0,0,0,0
Clay County,1998,South Dakota,SD,4862,SD01300,SD0130000,46,027,46027,sheriffs office,"non-msa cnty under 10,000",west north central,non-suburban,0,0,0,0,0,0,0,0,0,0,0,0,0,0,0,0,0,0,0,0,0,0,0,0,0,0,0,0,0,0,0,0,0,0,0,0,0,0,0,0,0,0,0,0,0,0,0,0,0,0,0,0,0,0,0,0,0,0,0,0,0
Vermillion,1998,South Dakota,SD,10508,SD01301,SD0130100,46,027,46027,local police department,"cities 10,000-24,999",west north central,non-suburban,10,1,9,7,3,1,6,0,6,0,0,1,3,2,0,0,0,0,0,0,0,0,1,0,0,0,0,0,0,0,0,0,0,2,1,0,0,0,0,0,0,0,0,0,0,0,0,0,0,0,0,0,0,1,0,0,0,7,0,0,2
Corson,1998,South Dakota,SD,3471,SD01500,SD0150000,46,031,46031,sheriffs office,"non-msa cnty under 10,000",west north central,non-suburban,1,1,0,1,0,1,0,0,0,0,0,0,0,0,0,0,1,0,0,0,0,0,0,0,0,0,0,0,0,0,0,0,0,0,0,0,0,0,0,0,0,0,0,0,0,0,0,0,0,0,0,0,0,0,0,0,1,0,0,0,0
Davison,1998,South Dakota,SD,4579,SD01700,SD0170000,46,035,46035,sheriffs office,"non-msa cnty under 10,000",west north central,non-suburban,1,1,0,1,0,1,0,0,0,0,0,0,0,0,0,0,0,0,0,0,0,0,1,0,0,0,0,0,0,0,0,0,0,0,0,0,0,0,0,0,0,0,0,0,0,0,0,0,0,0,0,0,0,1,0,0,0,0,0,0,0
Mitchell,1998,South Dakota,SD,14228,SD01701,SD0170100,46,035,46035,local police department,"cities 10,000-24,999",west north central,non-suburban,10,7,3,8,2,7,1,0,1,0,0,0,0,1,0,0,0,1,2,0,0,0,4,0,0,0,0,0,0,0,0,0,0,0,0,0,2,0,0,0,0,0,0,0,0,0,0,0,0,0,0,0,0,5,0,0,2,0,0,0,3
Deuel,1998,South Dakota,SD,4553,SD01900,SD0190000,46,039,46039,sheriffs office,"non-msa cnty under 10,000",west north central,non-suburban,1,1,0,1,0,1,0,0,0,0,0,0,0,0,0,0,0,1,0,0,0,0,0,0,0,0,0,0,0,0,0,0,0,0,0,0,0,0,0,0,0,0,0,0,0,0,0,0,0,0,0,0,0,1,0,0,0,0,0,0,0
Edmunds,1998,South Dakota,SD,4248,SD02200,SD0220000,46,045,46045,sheriffs office,"non-msa cnty under 10,000",west north central,non-suburban,0,0,0,0,0,0,0,0,0,0,0,0,0,0,0,0,0,0,0,0,0,0,0,0,0,0,0,0,0,0,0,0,0,0,0,0,0,0,0,0,0,0,0,0,0,0,0,0,0,0,0,0,0,0,0,0,0,0,0,0,0
Hot Springs,1998,South Dakota,SD,4053,SD02302,SD0230200,46,047,46047,local police department,"cities 2,500-9,999",west north central,non-suburban,0,0,0,0,0,0,0,0,0,0,0,0,0,0,0,0,0,0,0,0,0,0,0,0,0,0,0,0,0,0,0,0,0,0,0,0,0,0,0,0,0,0,0,0,0,0,0,0,0,0,0,0,0,0,0,0,0,0,0,0,0
Faulk,1998,South Dakota,SD,2532,SD02400,SD0240000,46,049,46049,sheriffs office,"non-msa cnty under 10,000",west north central,non-suburban,0,0,0,0,0,0,0,0,0,0,0,0,0,0,0,0,0,0,0,0,0,0,0,0,0,0,0,0,0,0,0,0,0,0,0,0,0,0,0,0,0,0,0,0,0,0,0,0,0,0,0,0,0,0,0,0,0,0,0,0,0
Milbank,1998,South Dakota,SD,3658,SD02501,SD0250100,46,051,46051,local police department,"cities 2,500-9,999",west north central,non-suburban,4,2,2,4,0,2,2,0,2,0,0,2,0,0,0,1,0,1,0,0,0,0,0,0,0,0,0,0,0,0,0,0,0,0,0,0,0,0,0,0,0,0,0,0,0,0,0,0,0,0,0,0,0,2,0,0,0,2,0,0,0
Gregory,1998,South Dakota,SD,3007,SD02600,SD0260000,46,053,46053,sheriffs office,"non-msa cnty under 10,000",west north central,non-suburban,0,0,0,0,0,0,0,0,0,0,0,0,0,0,0,0,0,0,0,0,0,0,0,0,0,0,0,0,0,0,0,0,0,0,0,0,0,0,0,0,0,0,0,0,0,0,0,0,0,0,0,0,0,0,0,0,0,0,0,0,0
Harding,1998,South Dakota,SD,1497,SD03100,SD0310000,46,063,46063,sheriffs office,"non-msa cnty under 10,000",west north central,non-suburban,1,0,1,1,0,0,1,0,1,0,0,0,0,0,1,0,0,0,0,0,0,0,0,0,0,0,0,0,0,0,0,0,0,0,0,0,0,0,0,0,0,0,0,0,0,0,0,0,0,0,0,0,0,0,0,0,0,0,0,0,1
Hughes,1998,South Dakota,SD,2076,SD03200,SD0320000,46,065,46065,sheriffs office,"non-msa cnty under 10,000",west north central,non-suburban,1,1,0,1,0,1,0,0,0,0,0,0,0,0,0,0,0,0,0,0,0,0,0,1,0,0,0,0,0,0,0,0,0,0,0,0,0,0,0,0,0,0,0,0,0,0,0,0,0,0,0,0,0,0,0,0,1,0,0,0,0
Pierre,1998,South Dakota,SD,13328,SD03201,SD0320100,46,065,46065,local police department,"cities 10,000-24,999",west north central,non-suburban,8,6,2,6,2,5,1,1,1,0,0,0,0,0,1,1,1,0,1,0,1,0,0,1,0,0,0,0,0,0,0,0,0,1,0,0,0,1,0,0,0,0,0,0,0,0,0,0,0,0,0,0,0,2,0,0,4,1,0,0,1
Hyde,1998,South Dakota,SD,1648,SD03400,SD0340000,46,069,46069,sheriffs office,"non-msa cnty under 10,000",west north central,non-suburban,0,0,0,0,0,0,0,0,0,0,0,0,0,0,0,0,0,0,0,0,0,0,0,0,0,0,0,0,0,0,0,0,0,0,0,0,0,0,0,0,0,0,0,0,0,0,0,0,0,0,0,0,0,0,0,0,0,0,0,0,0
Jerauld,1998,South Dakota,SD,2278,SD03600,SD0360000,46,073,46073,sheriffs office,"non-msa cnty under 10,000",west north central,non-suburban,0,0,0,0,0,0,0,0,0,0,0,0,0,0,0,0,0,0,0,0,0,0,0,0,0,0,0,0,0,0,0,0,0,0,0,0,0,0,0,0,0,0,0,0,0,0,0,0,0,0,0,0,0,0,0,0,0,0,0,0,0
Kingsbury,1998,South Dakota,SD,4906,SD03800,SD0380000,46,077,46077,sheriffs office,"non-msa cnty under 10,000",west north central,non-suburban,0,0,0,0,0,0,0,0,0,0,0,0,0,0,0,0,0,0,0,0,0,0,0,0,0,0,0,0,0,0,0,0,0,0,0,0,0,0,0,0,0,0,0,0,0,0,0,0,0,0,0,0,0,0,0,0,0,0,0,0,0
Arlington,1998,South Dakota,SD,924,SD03802,SD0380200,46,077,46077,local police department,"cities under 2,500",west north central,non-suburban,0,0,0,0,0,0,0,0,0,0,0,0,0,0,0,0,0,0,0,0,0,0,0,0,0,0,0,0,0,0,0,0,0,0,0,0,0,0,0,0,0,0,0,0,0,0,0,0,0,0,0,0,0,0,0,0,0,0,0,0,0
Lake,1998,South Dakota,SD,4430,SD03900,SD0390000,46,079,46079,sheriffs office,"non-msa cnty under 10,000",west north central,non-suburban,0,0,0,0,0,0,0,0,0,0,0,0,0,0,0,0,0,0,0,0,0,0,0,0,0,0,0,0,0,0,0,0,0,0,0,0,0,0,0,0,0,0,0,0,0,0,0,0,0,0,0,0,0,0,0,0,0,0,0,0,0
Madison,1998,South Dakota,SD,6217,SD03901,SD0390100,46,079,46079,local police department,"cities 2,500-9,999",west north central,non-suburban,3,3,0,3,0,3,0,0,0,0,0,0,0,0,0,0,0,0,0,0,0,0,1,0,0,0,2,0,0,0,0,0,0,0,0,0,0,0,0,0,0,0,0,0,0,0,0,0,0,0,0,0,0,1,2,0,0,0,0,0,0
Lawrence,1998,South Dakota,SD,8539,SD04000,SD0400000,46,081,46081,sheriffs office,"non-msa cnty under 10,000",west north central,non-suburban,0,0,0,0,0,0,0,0,0,0,0,0,0,0,0,0,0,0,0,0,0,0,0,0,0,0,0,0,0,0,0,0,0,0,0,0,0,0,0,0,0,0,0,0,0,0,0,0,0,0,0,0,0,0,0,0,0,0,0,0,0
Deadwood,1998,South Dakota,SD,1814,SD04001,SD0400100,46,081,46081,local police department,"cities under 2,500",west north central,non-suburban,3,2,1,3,0,2,1,0,1,0,0,0,0,0,1,0,0,0,0,1,0,0,0,1,0,0,0,0,0,0,0,0,0,0,0,0,0,0,0,0,0,0,0,0,0,0,0,0,0,0,0,0,0,2,0,0,0,1,0,0,0
Canton,1998,South Dakota,SD,3194,SD04101,SD0410100,46,083,46083,local police department,"cities 2,500-9,999",west north central,suburban,2,0,2,0,2,0,0,0,0,0,0,0,0,0,0,0,0,0,0,0,0,0,0,0,0,0,0,0,0,0,0,0,0,1,1,0,0,0,0,0,0,0,0,0,0,0,0,0,0,0,0,0,0,0,0,0,0,0,0,0,2
Mccook,1998,South Dakota,SD,4393,SD04300,SD0430000,46,087,46087,sheriffs office,"non-msa cnty under 10,000",west north central,non-suburban,1,1,0,1,0,1,0,0,0,0,0,0,0,0,0,0,0,0,0,0,0,0,0,0,0,1,0,0,0,0,0,0,0,0,0,0,0,0,0,0,0,0,0,0,0,0,0,0,0,0,0,0,0,1,0,0,0,0,0,0,0
Salem,1998,South Dakota,SD,1293,SD04301,SD0430100,46,087,46087,local police department,"cities under 2,500",west north central,non-suburban,0,0,0,0,0,0,0,0,0,0,0,0,0,0,0,0,0,0,0,0,0,0,0,0,0,0,0,0,0,0,0,0,0,0,0,0,0,0,0,0,0,0,0,0,0,0,0,0,0,0,0,0,0,0,0,0,0,0,0,0,0
Marshall,1998,South Dakota,SD,4625,SD04500,SD0450000,46,091,46091,sheriffs office,"non-msa cnty under 10,000",west north central,non-suburban,0,0,0,0,0,0,0,0,0,0,0,0,0,0,0,0,0,0,0,0,0,0,0,0,0,0,0,0,0,0,0,0,0,0,0,0,0,0,0,0,0,0,0,0,0,0,0,0,0,0,0,0,0,0,0,0,0,0,0,0,0
Meade,1998,South Dakota,SD,17182,SD04600,SD0460000,46,093,46093,sheriffs office,"non-msa cnty 10,000-24,999",west north central,non-suburban,0,0,0,0,0,0,0,0,0,0,0,0,0,0,0,0,0,0,0,0,0,0,0,0,0,0,0,0,0,0,0,0,0,0,0,0,0,0,0,0,0,0,0,0,0,0,0,0,0,0,0,0,0,0,0,0,0,0,0,0,0
Sturgis,1998,South Dakota,SD,4817,SD04601,SD0460100,46,093,46093,local police department,"cities 2,500-9,999",west north central,non-suburban,5,0,5,5,0,0,5,0,5,0,0,1,0,0,4,0,0,0,0,0,0,0,0,0,0,0,0,0,0,0,0,0,0,0,0,0,0,0,0,0,0,0,0,0,0,0,0,0,0,0,0,0,0,0,0,0,0,5,0,0,0
Miner,1998,South Dakota,SD,2926,SD04800,SD0480000,46,097,46097,sheriffs office,"non-msa cnty under 10,000",west north central,non-suburban,0,0,0,0,0,0,0,0,0,0,0,0,0,0,0,0,0,0,0,0,0,0,0,0,0,0,0,0,0,0,0,0,0,0,0,0,0,0,0,0,0,0,0,0,0,0,0,0,0,0,0,0,0,0,0,0,0,0,0,0,0
Minnehaha,1998,South Dakota,SD,22917,SD04900,SD0490000,46,099,46099,sheriffs office,"msa cnty 10,000-24,999",west north central,suburban,5,3,2,5,0,3,2,0,2,0,0,0,1,1,0,1,0,1,0,0,0,0,0,0,1,0,0,0,0,0,0,0,0,0,0,0,0,0,0,0,0,0,0,0,0,0,0,0,0,0,0,0,0,3,0,0,0,2,0,0,0
Sioux Falls,1998,South Dakota,SD,113026,SD04902,SD0490200,46,099,46099,local police department,"cities 100,000-249,999",west north central,non-suburban,35,18,17,26,9,14,11,4,11,1,3,2,1,2,3,1,0,0,2,0,0,1,3,2,3,1,1,0,0,0,0,0,2,1,1,1,0,2,1,1,0,0,0,0,0,0,0,0,0,0,0,0,0,11,3,0,4,9,0,0,8
Brandon,1998,South Dakota,SD,4602,SD04903,SD0490300,46,099,46099,local police department,"cities 2,500-9,999",west north central,suburban,0,0,0,0,0,0,0,0,0,0,0,0,0,0,0,0,0,0,0,0,0,0,0,0,0,0,0,0,0,0,0,0,0,0,0,0,0,0,0,0,0,0,0,0,0,0,0,0,0,0,0,0,0,0,0,0,0,0,0,0,0
Pennington,1998,South Dakota,SD,26433,SD05100,SD0510000,46,103,46103,sheriffs office,"msa cnty 25,000-99,999",west north central,suburban,2,1,1,2,0,1,1,0,1,0,0,0,0,0,1,1,0,0,0,0,0,0,0,0,0,0,0,0,0,0,0,0,0,0,0,0,0,0,0,0,0,0,0,0,0,0,0,0,0,0,0,0,0,1,0,0,0,1,0,0,0
Rapid City,1998,South Dakota,SD,57830,SD05101,SD0510100,46,103,46103,local police department,"cities 50,000-99,999",west north central,non-suburban,18,2,16,15,3,2,13,0,13,0,0,4,2,3,4,1,0,0,0,0,0,0,0,0,0,1,0,0,0,0,0,0,0,1,0,2,0,0,0,0,0,0,0,0,0,0,0,0,0,0,0,0,0,0,0,0,2,3,1,0,12
Box Elder,1998,South Dakota,SD,2927,SD05103,SD0510300,46,103,46103,local police department,"cities 2,500-9,999",west north central,suburban,0,0,0,0,0,0,0,0,0,0,0,0,0,0,0,0,0,0,0,0,0,0,0,0,0,0,0,0,0,0,0,0,0,0,0,0,0,0,0,0,0,0,0,0,0,0,0,0,0,0,0,0,0,0,0,0,0,0,0,0,0
Perkins,1998,South Dakota,SD,2137,SD05200,SD0520000,46,105,46105,sheriffs office,"non-msa cnty under 10,000",west north central,non-suburban,0,0,0,0,0,0,0,0,0,0,0,0,0,0,0,0,0,0,0,0,0,0,0,0,0,0,0,0,0,0,0,0,0,0,0,0,0,0,0,0,0,0,0,0,0,0,0,0,0,0,0,0,0,0,0,0,0,0,0,0,0
Lemmon,1998,South Dakota,SD,1405,SD05201,SD0520100,46,105,46105,local police department,"cities under 2,500",west north central,non-suburban,2,0,2,2,0,0,2,0,2,0,0,0,1,0,1,0,0,0,0,0,0,0,0,0,0,0,0,0,0,0,0,0,0,0,0,0,0,0,0,0,0,0,0,0,0,0,0,0,0,0,0,0,0,0,0,0,0,2,0,0,0
Potter,1998,South Dakota,SD,2925,SD05300,SD0530000,46,107,46107,sheriffs office,"non-msa cnty under 10,000",west north central,non-suburban,1,0,1,1,0,0,1,0,1,0,0,0,0,1,0,0,0,0,0,0,0,0,0,0,0,0,0,0,0,0,0,0,0,0,0,0,0,0,0,0,0,0,0,0,0,0,0,0,0,0,0,0,0,0,0,0,0,0,0,0,1
Spink,1998,South Dakota,SD,7700,SD05700,SD0570000,46,115,46115,sheriffs office,"non-msa cnty under 10,000",west north central,non-suburban,0,0,0,0,0,0,0,0,0,0,0,0,0,0,0,0,0,0,0,0,0,0,0,0,0,0,0,0,0,0,0,0,0,0,0,0,0,0,0,0,0,0,0,0,0,0,0,0,0,0,0,0,0,0,0,0,0,0,0,0,0
Sully,1998,South Dakota,SD,1539,SD05900,SD0590000,46,119,46119,sheriffs office,"non-msa cnty under 10,000",west north central,non-suburban,0,0,0,0,0,0,0,0,0,0,0,0,0,0,0,0,0,0,0,0,0,0,0,0,0,0,0,0,0,0,0,0,0,0,0,0,0,0,0,0,0,0,0,0,0,0,0,0,0,0,0,0,0,0,0,0,0,0,0,0,0
Winner,1998,South Dakota,SD,3360,SD06101,SD0610100,46,123,46123,local police department,"cities 2,500-9,999",west north central,non-suburban,2,0,2,2,0,0,2,0,2,0,0,0,1,0,1,0,0,0,0,0,0,0,0,0,0,0,0,0,0,0,0,0,0,0,0,0,0,0,0,0,0,0,0,0,0,0,0,0,0,0,0,0,0,0,0,0,0,0,0,0,2
North Sioux City,1998,South Dakota,SD,2325,SD06305,SD0630500,46,127,46127,local police department,"cities under 2,500",west north central,suburban,1,1,0,1,0,1,0,0,0,0,0,0,0,0,0,0,0,0,0,0,0,0,0,0,1,0,0,0,0,0,0,0,0,0,0,0,0,0,0,0,0,0,0,0,0,0,0,0,0,0,0,0,0,1,0,0,0,0,0,0,0
Yankton,1998,South Dakota,SD,6998,SD06600,SD0660000,46,135,46135,sheriffs office,"non-msa cnty under 10,000",west north central,non-suburban,1,1,0,0,1,0,0,1,0,0,0,0,0,0,0,0,0,0,0,0,0,0,0,0,0,0,0,0,0,0,0,0,0,0,0,0,0,0,0,0,0,0,0,0,0,0,0,0,0,0,1,0,0,1,0,0,0,0,0,0,0
Yankton,1998,South Dakota,SD,14015,SD06601,SD0660100,46,135,46135,local police department,"cities 10,000-24,999",west north central,non-suburban,2,2,0,2,0,2,0,0,0,0,0,0,0,0,0,1,0,0,0,0,0,0,1,0,0,0,0,0,0,0,0,0,0,0,0,0,0,0,0,0,0,0,0,0,0,0,0,0,0,0,0,0,0,1,0,0,1,0,0,0,0
Aurora,1999,South Dakota,SD,2955,SD00100,SD0010000,46,003,46003,sheriffs office,"non-msa cnty under 10,000",west north central,non-suburban,0,0,0,0,0,0,0,0,0,0,0,0,0,0,0,0,0,0,0,0,0,0,0,0,0,0,0,0,0,0,0,0,0,0,0,0,0,0,0,0,0,0,0,0,0,0,0,0,0,0,0,0,0,0,0,0,0,0,0,0,0
Beadle,1999,South Dakota,SD,5368,SD00200,SD0020000,46,005,46005,sheriffs office,"non-msa cnty under 10,000",west north central,non-suburban,0,0,0,0,0,0,0,0,0,0,0,0,0,0,0,0,0,0,0,0,0,0,0,0,0,0,0,0,0,0,0,0,0,0,0,0,0,0,0,0,0,0,0,0,0,0,0,0,0,0,0,0,0,0,0,0,0,0,0,0,0
Huron,1999,South Dakota,SD,11698,SD00201,SD0020100,46,005,46005,local police department,"cities 10,000-24,999",west north central,non-suburban,4,3,1,3,1,2,1,1,1,0,0,0,1,0,0,1,0,0,0,0,0,0,0,0,0,0,1,0,0,0,0,0,0,0,0,0,0,1,0,0,0,0,0,0,0,0,0,0,0,0,0,0,0,2,1,0,0,1,0,0,0
Bon Homme,1999,South Dakota,SD,7643,SD00400,SD0040000,46,009,46009,sheriffs office,"non-msa cnty under 10,000",west north central,non-suburban,0,0,0,0,0,0,0,0,0,0,0,0,0,0,0,0,0,0,0,0,0,0,0,0,0,0,0,0,0,0,0,0,0,0,0,0,0,0,0,0,0,0,0,0,0,0,0,0,0,0,0,0,0,0,0,0,0,0,0,0,0
Brookings,1999,South Dakota,SD,8791,SD00500,SD0050000,46,011,46011,sheriffs office,"non-msa cnty under 10,000",west north central,non-suburban,4,1,3,4,0,1,3,0,3,0,0,1,0,1,1,0,0,0,1,0,0,0,0,0,0,0,0,0,0,0,0,0,0,0,0,0,0,0,0,0,0,0,0,0,0,0,0,0,0,0,0,0,0,1,0,0,0,3,0,0,0
Brookings,1999,South Dakota,SD,17021,SD00501,SD0050100,46,011,46011,local police department,"cities 10,000-24,999",west north central,non-suburban,4,3,1,3,1,3,0,0,0,0,0,0,0,0,0,0,0,0,1,0,0,0,2,0,0,0,0,0,0,0,0,0,0,0,0,1,0,0,0,0,0,0,0,0,0,0,0,0,0,0,0,0,0,3,0,0,0,0,0,0,1
Brown,1999,South Dakota,SD,9317,SD00600,SD0060000,46,013,46013,sheriffs office,"non-msa cnty under 10,000",west north central,non-suburban,11,8,3,10,1,7,3,1,3,0,0,0,0,0,3,4,3,0,0,0,0,0,0,0,0,0,0,0,0,0,0,0,0,0,0,0,0,0,1,0,0,0,0,0,0,0,0,0,0,0,0,0,0,8,0,0,0,3,0,0,0
Aberdeen,1999,South Dakota,SD,24695,SD00601,SD0060100,46,013,46013,local police department,"cities 10,000-24,999",west north central,non-suburban,21,11,10,18,3,10,8,1,8,0,0,2,1,3,2,0,5,1,1,0,0,0,0,2,1,0,0,0,0,0,0,0,0,0,1,1,0,0,0,0,0,0,0,1,0,0,0,0,0,0,0,0,0,6,0,0,5,7,1,0,2
Groton,1999,South Dakota,SD,1179,SD00602,SD0060200,46,013,46013,local police department,"cities under 2,500",west north central,non-suburban,0,0,0,0,0,0,0,0,0,0,0,0,0,0,0,0,0,0,0,0,0,0,0,0,0,0,0,0,0,0,0,0,0,0,0,0,0,0,0,0,0,0,0,0,0,0,0,0,0,0,0,0,0,0,0,0,0,0,0,0,0
Charles Mix,1999,South Dakota,SD,7084,SD01100,SD0110000,46,023,46023,sheriffs office,"non-msa cnty under 10,000",west north central,non-suburban,1,1,0,1,0,1,0,0,0,0,0,0,0,0,0,0,0,1,0,0,0,0,0,0,0,0,0,0,0,0,0,0,0,0,0,0,0,0,0,0,0,0,0,0,0,0,0,0,0,0,0,0,0,1,0,0,0,0,0,0,0
Lake Andes,1999,South Dakota,SD,830,SD01101,SD0110100,46,023,46023,local police department,"cities under 2,500",west north central,non-suburban,0,0,0,0,0,0,0,0,0,0,0,0,0,0,0,0,0,0,0,0,0,0,0,0,0,0,0,0,0,0,0,0,0,0,0,0,0,0,0,0,0,0,0,0,0,0,0,0,0,0,0,0,0,0,0,0,0,0,0,0,0
Platte,1999,South Dakota,SD,1359,SD01102,SD0110200,46,023,46023,local police department,"cities under 2,500",west north central,non-suburban,1,1,0,1,0,1,0,0,0,0,0,0,0,0,0,1,0,0,0,0,0,0,0,0,0,0,0,0,0,0,0,0,0,0,0,0,0,0,0,0,0,0,0,0,0,0,0,0,0,0,0,0,0,0,0,0,1,0,0,0,0
Clay County,1999,South Dakota,SD,3178,SD01300,SD0130000,46,027,46027,sheriffs office,"non-msa cnty under 10,000",west north central,non-suburban,0,0,0,0,0,0,0,0,0,0,0,0,0,0,0,0,0,0,0,0,0,0,0,0,0,0,0,0,0,0,0,0,0,0,0,0,0,0,0,0,0,0,0,0,0,0,0,0,0,0,0,0,0,0,0,0,0,0,0,0,0
Vermillion,1999,South Dakota,SD,11885,SD01301,SD0130100,46,027,46027,local police department,"cities 10,000-24,999",west north central,non-suburban,2,2,0,2,0,2,0,0,0,0,0,0,0,0,0,0,0,0,0,0,0,0,0,0,2,0,0,0,0,0,0,0,0,0,0,0,0,0,0,0,0,0,0,0,0,0,0,0,0,0,0,0,0,1,0,0,1,0,0,0,0
Corson,1999,South Dakota,SD,3374,SD01500,SD0150000,46,031,46031,sheriffs office,"non-msa cnty under 10,000",west north central,non-suburban,0,0,0,0,0,0,0,0,0,0,0,0,0,0,0,0,0,0,0,0,0,0,0,0,0,0,0,0,0,0,0,0,0,0,0,0,0,0,0,0,0,0,0,0,0,0,0,0,0,0,0,0,0,0,0,0,0,0,0,0,0
Mitchell,1999,South Dakota,SD,14288,SD01701,SD0170100,46,035,46035,local police department,"cities 10,000-24,999",west north central,non-suburban,9,7,2,8,1,6,2,1,2,0,0,0,0,1,1,2,1,0,0,0,0,1,1,1,0,0,0,0,0,0,0,0,0,0,0,0,0,0,0,0,0,0,0,0,0,0,0,1,0,0,0,0,0,4,0,0,3,1,0,0,1
Deuel,1999,South Dakota,SD,4481,SD01900,SD0190000,46,039,46039,sheriffs office,"non-msa cnty under 10,000",west north central,non-suburban,0,0,0,0,0,0,0,0,0,0,0,0,0,0,0,0,0,0,0,0,0,0,0,0,0,0,0,0,0,0,0,0,0,0,0,0,0,0,0,0,0,0,0,0,0,0,0,0,0,0,0,0,0,0,0,0,0,0,0,0,0
Dewey,1999,South Dakota,SD,4938,SD02000,SD0200000,46,041,46041,sheriffs office,"non-msa cnty under 10,000",west north central,non-suburban,3,2,1,2,1,2,0,0,0,0,0,0,0,0,0,0,0,0,0,0,0,0,0,0,2,0,0,0,0,0,0,0,0,0,0,1,0,0,0,0,0,0,0,0,0,0,0,0,0,0,0,0,0,0,0,0,2,0,0,0,1
Hot Springs,1999,South Dakota,SD,4104,SD02302,SD0230200,46,047,46047,local police department,"cities 2,500-9,999",west north central,non-suburban,1,1,0,1,0,1,0,0,0,0,0,0,0,0,0,1,0,0,0,0,0,0,0,0,0,0,0,0,0,0,0,0,0,0,0,0,0,0,0,0,0,0,0,0,0,0,0,0,0,0,0,0,0,0,0,0,1,0,0,0,0
Milbank,1999,South Dakota,SD,3638,SD02501,SD0250100,46,051,46051,local police department,"cities 2,500-9,999",west north central,non-suburban,0,0,0,0,0,0,0,0,0,0,0,0,0,0,0,0,0,0,0,0,0,0,0,0,0,0,0,0,0,0,0,0,0,0,0,0,0,0,0,0,0,0,0,0,0,0,0,0,0,0,0,0,0,0,0,0,0,0,0,0,0
Gregory,1999,South Dakota,SD,2960,SD02600,SD0260000,46,053,46053,sheriffs office,"non-msa cnty under 10,000",west north central,non-suburban,0,0,0,0,0,0,0,0,0,0,0,0,0,0,0,0,0,0,0,0,0,0,0,0,0,0,0,0,0,0,0,0,0,0,0,0,0,0,0,0,0,0,0,0,0,0,0,0,0,0,0,0,0,0,0,0,0,0,0,0,0
Hand,1999,South Dakota,SD,2472,SD02900,SD0290000,46,059,46059,sheriffs office,"non-msa cnty under 10,000",west north central,non-suburban,2,1,1,1,1,0,1,1,1,0,0,1,0,0,0,0,0,0,0,0,0,0,0,0,0,0,0,0,0,0,0,0,0,0,0,0,0,1,0,0,0,0,0,0,0,0,0,0,0,0,0,0,0,1,0,0,0,1,0,0,0
Miller,1999,South Dakota,SD,1644,SD02901,SD0290100,46,059,46059,local police department,"cities under 2,500",west north central,non-suburban,0,0,0,0,0,0,0,0,0,0,0,0,0,0,0,0,0,0,0,0,0,0,0,0,0,0,0,0,0,0,0,0,0,0,0,0,0,0,0,0,0,0,0,0,0,0,0,0,0,0,0,0,0,0,0,0,0,0,0,0,0
Hughes,1999,South Dakota,SD,2092,SD03200,SD0320000,46,065,46065,sheriffs office,"non-msa cnty under 10,000",west north central,non-suburban,0,0,0,0,0,0,0,0,0,0,0,0,0,0,0,0,0,0,0,0,0,0,0,0,0,0,0,0,0,0,0,0,0,0,0,0,0,0,0,0,0,0,0,0,0,0,0,0,0,0,0,0,0,0,0,0,0,0,0,0,0
Pierre,1999,South Dakota,SD,13176,SD03201,SD0320100,46,065,46065,local police department,"cities 10,000-24,999",west north central,non-suburban,3,1,2,3,0,1,2,0,2,0,0,0,0,0,2,1,0,0,0,0,0,0,0,0,0,0,0,0,0,0,0,0,0,0,0,0,0,0,0,0,0,0,0,0,0,0,0,0,0,0,0,0,0,0,0,0,1,0,0,0,2
Parkston,1999,South Dakota,SD,1519,SD03302,SD0330200,46,067,46067,local police department,"cities under 2,500",west north central,non-suburban,0,0,0,0,0,0,0,0,0,0,0,0,0,0,0,0,0,0,0,0,0,0,0,0,0,0,0,0,0,0,0,0,0,0,0,0,0,0,0,0,0,0,0,0,0,0,0,0,0,0,0,0,0,0,0,0,0,0,0,0,0
Hyde,1999,South Dakota,SD,1594,SD03400,SD0340000,46,069,46069,sheriffs office,"non-msa cnty under 10,000",west north central,non-suburban,0,0,0,0,0,0,0,0,0,0,0,0,0,0,0,0,0,0,0,0,0,0,0,0,0,0,0,0,0,0,0,0,0,0,0,0,0,0,0,0,0,0,0,0,0,0,0,0,0,0,0,0,0,0,0,0,0,0,0,0,0
Jerauld,1999,South Dakota,SD,2207,SD03600,SD0360000,46,073,46073,sheriffs office,"non-msa cnty under 10,000",west north central,non-suburban,0,0,0,0,0,0,0,0,0,0,0,0,0,0,0,0,0,0,0,0,0,0,0,0,0,0,0,0,0,0,0,0,0,0,0,0,0,0,0,0,0,0,0,0,0,0,0,0,0,0,0,0,0,0,0,0,0,0,0,0,0
Madison,1999,South Dakota,SD,6605,SD03901,SD0390100,46,079,46079,local police department,"cities 2,500-9,999",west north central,non-suburban,1,1,0,1,0,1,0,0,0,0,0,0,0,0,0,0,0,0,0,0,0,1,0,0,0,0,0,0,0,0,0,0,0,0,0,0,0,0,0,0,0,0,0,0,0,0,0,0,0,0,0,0,0,1,0,0,0,0,0,0,0
Lawrence,1999,South Dakota,SD,8513,SD04000,SD0400000,46,081,46081,sheriffs office,"non-msa cnty under 10,000",west north central,non-suburban,0,0,0,0,0,0,0,0,0,0,0,0,0,0,0,0,0,0,0,0,0,0,0,0,0,0,0,0,0,0,0,0,0,0,0,0,0,0,0,0,0,0,0,0,0,0,0,0,0,0,0,0,0,0,0,0,0,0,0,0,0
Lead,1999,South Dakota,SD,3329,SD04002,SD0400200,46,081,46081,local police department,"cities 2,500-9,999",west north central,non-suburban,0,0,0,0,0,0,0,0,0,0,0,0,0,0,0,0,0,0,0,0,0,0,0,0,0,0,0,0,0,0,0,0,0,0,0,0,0,0,0,0,0,0,0,0,0,0,0,0,0,0,0,0,0,0,0,0,0,0,0,0,0
Spearfish,1999,South Dakota,SD,8791,SD04003,SD0400300,46,081,46081,local police department,"cities 2,500-9,999",west north central,non-suburban,0,0,0,0,0,0,0,0,0,0,0,0,0,0,0,0,0,0,0,0,0,0,0,0,0,0,0,0,0,0,0,0,0,0,0,0,0,0,0,0,0,0,0,0,0,0,0,0,0,0,0,0,0,0,0,0,0,0,0,0,0
Canton,1999,South Dakota,SD,3173,SD04101,SD0410100,46,083,46083,local police department,"cities 2,500-9,999",west north central,suburban,9,0,9,0,9,0,0,0,0,0,0,0,0,0,0,0,0,0,0,0,0,0,0,0,0,0,0,0,0,0,0,0,0,0,5,4,0,0,0,0,0,0,0,0,0,0,0,0,0,0,0,0,0,0,0,0,0,9,0,0,0
Lyman,1999,South Dakota,SD,3742,SD04200,SD0420000,46,085,46085,sheriffs office,"non-msa cnty under 10,000",west north central,non-suburban,1,1,0,1,0,1,0,0,0,0,0,0,0,0,0,0,0,0,0,0,0,0,0,0,1,0,0,0,0,0,0,0,0,0,0,0,0,0,0,0,0,0,0,0,0,0,0,0,0,0,0,0,0,1,0,0,0,0,0,0,0
Mccook,1999,South Dakota,SD,4259,SD04300,SD0430000,46,087,46087,sheriffs office,"non-msa cnty under 10,000",west north central,non-suburban,0,0,0,0,0,0,0,0,0,0,0,0,0,0,0,0,0,0,0,0,0,0,0,0,0,0,0,0,0,0,0,0,0,0,0,0,0,0,0,0,0,0,0,0,0,0,0,0,0,0,0,0,0,0,0,0,0,0,0,0,0
Salem,1999,South Dakota,SD,1301,SD04301,SD0430100,46,087,46087,local police department,"cities under 2,500",west north central,non-suburban,1,1,0,1,0,1,0,0,0,0,0,0,0,0,0,1,0,0,0,0,0,0,0,0,0,0,0,0,0,0,0,0,0,0,0,0,0,0,0,0,0,0,0,0,0,0,0,0,0,0,0,0,0,1,0,0,0,0,0,0,0
Marshall,1999,South Dakota,SD,4532,SD04500,SD0450000,46,091,46091,sheriffs office,"non-msa cnty under 10,000",west north central,non-suburban,0,0,0,0,0,0,0,0,0,0,0,0,0,0,0,0,0,0,0,0,0,0,0,0,0,0,0,0,0,0,0,0,0,0,0,0,0,0,0,0,0,0,0,0,0,0,0,0,0,0,0,0,0,0,0,0,0,0,0,0,0
Meade,1999,South Dakota,SD,16709,SD04600,SD0460000,46,093,46093,sheriffs office,"non-msa cnty 10,000-24,999",west north central,non-suburban,0,0,0,0,0,0,0,0,0,0,0,0,0,0,0,0,0,0,0,0,0,0,0,0,0,0,0,0,0,0,0,0,0,0,0,0,0,0,0,0,0,0,0,0,0,0,0,0,0,0,0,0,0,0,0,0,0,0,0,0,0
Sturgis,1999,South Dakota,SD,5052,SD04601,SD0460100,46,093,46093,local police department,"cities 2,500-9,999",west north central,non-suburban,0,0,0,0,0,0,0,0,0,0,0,0,0,0,0,0,0,0,0,0,0,0,0,0,0,0,0,0,0,0,0,0,0,0,0,0,0,0,0,0,0,0,0,0,0,0,0,0,0,0,0,0,0,0,0,0,0,0,0,0,0
Miner,1999,South Dakota,SD,2780,SD04800,SD0480000,46,097,46097,sheriffs office,"non-msa cnty under 10,000",west north central,non-suburban,2,2,0,2,0,2,0,0,0,0,0,0,0,0,0,0,0,0,0,0,0,1,1,0,0,0,0,0,0,0,0,0,0,0,0,0,0,0,0,0,0,0,0,0,0,0,0,0,0,0,0,0,0,2,0,0,0,0,0,0,0
Minnehaha,1999,South Dakota,SD,20076,SD04900,SD0490000,46,099,46099,sheriffs office,"msa cnty 10,000-24,999",west north central,suburban,3,2,1,2,1,1,1,1,1,0,0,0,1,0,0,0,0,0,0,0,0,0,1,0,0,0,0,0,0,0,0,0,0,0,0,0,0,0,0,0,1,0,0,0,0,0,0,0,0,0,0,0,0,2,0,0,0,1,0,0,0
Sioux Falls,1999,South Dakota,SD,115835,SD04902,SD0490200,46,099,46099,local police department,"cities 100,000-249,999",west north central,non-suburban,31,13,18,26,5,12,14,1,14,0,0,0,4,2,8,3,2,1,1,0,1,1,1,2,0,0,0,0,0,0,0,0,0,1,1,1,1,1,0,0,0,0,0,0,0,0,0,0,0,0,0,0,0,10,2,0,1,14,1,0,3
Brandon,1999,South Dakota,SD,5008,SD04903,SD0490300,46,099,46099,local police department,"cities 2,500-9,999",west north central,suburban,0,0,0,0,0,0,0,0,0,0,0,0,0,0,0,0,0,0,0,0,0,0,0,0,0,0,0,0,0,0,0,0,0,0,0,0,0,0,0,0,0,0,0,0,0,0,0,0,0,0,0,0,0,0,0,0,0,0,0,0,0
Pennington,1999,South Dakota,SD,27017,SD05100,SD0510000,46,103,46103,sheriffs office,"msa cnty 25,000-99,999",west north central,suburban,3,1,2,2,1,1,1,0,1,0,0,0,0,0,1,0,0,0,0,0,0,0,0,1,0,0,0,0,0,0,0,0,0,1,0,0,0,0,0,0,0,0,0,0,0,0,0,0,0,0,0,0,0,0,0,0,1,1,0,0,1
Rapid City,1999,South Dakota,SD,57120,SD05101,SD0510100,46,103,46103,local police department,"cities 50,000-99,999",west north central,non-suburban,9,1,8,5,4,0,5,1,5,0,0,3,2,0,0,0,0,0,0,0,0,0,0,0,0,0,0,0,0,0,0,0,0,0,1,2,0,0,0,0,0,0,0,0,1,0,0,0,0,0,0,0,0,0,0,0,1,4,0,0,4
Box Elder,1999,South Dakota,SD,2966,SD05103,SD0510300,46,103,46103,local police department,"cities 2,500-9,999",west north central,suburban,1,0,1,1,0,0,1,0,1,0,0,0,1,0,0,0,0,0,0,0,0,0,0,0,0,0,0,0,0,0,0,0,0,0,0,0,0,0,0,0,0,0,0,0,0,0,0,0,0,0,0,0,0,0,0,0,0,0,0,0,1
Perkins,1999,South Dakota,SD,2122,SD05200,SD0520000,46,105,46105,sheriffs office,"non-msa cnty under 10,000",west north central,non-suburban,0,0,0,0,0,0,0,0,0,0,0,0,0,0,0,0,0,0,0,0,0,0,0,0,0,0,0,0,0,0,0,0,0,0,0,0,0,0,0,0,0,0,0,0,0,0,0,0,0,0,0,0,0,0,0,0,0,0,0,0,0
Potter,1999,South Dakota,SD,2838,SD05300,SD0530000,46,107,46107,sheriffs office,"non-msa cnty under 10,000",west north central,non-suburban,1,1,0,1,0,1,0,0,0,0,0,0,0,0,0,0,0,0,0,0,0,1,0,0,0,0,0,0,0,0,0,0,0,0,0,0,0,0,0,0,0,0,0,0,0,0,0,0,0,0,0,0,0,1,0,0,0,0,0,0,0
Sisseton,1999,South Dakota,SD,2098,SD05401,SD0540100,46,109,46109,local police department,"cities under 2,500",west north central,non-suburban,7,3,4,5,2,3,2,0,2,0,0,2,0,0,0,0,0,1,0,0,0,1,0,0,1,0,0,0,0,0,0,0,0,2,0,0,0,0,0,0,0,0,0,0,0,0,0,0,0,0,0,0,0,0,0,0,3,1,0,0,3
Spink,1999,South Dakota,SD,7520,SD05700,SD0570000,46,115,46115,sheriffs office,"non-msa cnty under 10,000",west north central,non-suburban,0,0,0,0,0,0,0,0,0,0,0,0,0,0,0,0,0,0,0,0,0,0,0,0,0,0,0,0,0,0,0,0,0,0,0,0,0,0,0,0,0,0,0,0,0,0,0,0,0,0,0,0,0,0,0,0,0,0,0,0,0
Stanley,1999,South Dakota,SD,2909,SD05800,SD0580000,46,117,46117,sheriffs office,"non-msa cnty under 10,000",west north central,non-suburban,3,2,1,3,0,2,1,0,1,0,0,1,0,0,0,1,1,0,0,0,0,0,0,0,0,0,0,0,0,0,0,0,0,0,0,0,0,0,0,0,0,0,0,0,0,0,0,0,0,0,0,0,0,2,0,0,0,1,0,0,0
Winner,1999,South Dakota,SD,3294,SD06101,SD0610100,46,123,46123,local police department,"cities 2,500-9,999",west north central,non-suburban,0,0,0,0,0,0,0,0,0,0,0,0,0,0,0,0,0,0,0,0,0,0,0,0,0,0,0,0,0,0,0,0,0,0,0,0,0,0,0,0,0,0,0,0,0,0,0,0,0,0,0,0,0,0,0,0,0,0,0,0,0
Beresford,1999,South Dakota,SD,1847,SD06301,SD0630100,46,127,46127,local police department,"cities under 2,500",west north central,suburban,1,1,0,1,0,1,0,0,0,0,0,0,0,0,0,0,0,1,0,0,0,0,0,0,0,0,0,0,0,0,0,0,0,0,0,0,0,0,0,0,0,0,0,0,0,0,0,0,0,0,0,0,0,1,0,0,0,0,0,0,0
Elk Point,1999,South Dakota,SD,1634,SD06302,SD0630200,46,127,46127,local police department,"cities under 2,500",west north central,non-suburban,0,0,0,0,0,0,0,0,0,0,0,0,0,0,0,0,0,0,0,0,0,0,0,0,0,0,0,0,0,0,0,0,0,0,0,0,0,0,0,0,0,0,0,0,0,0,0,0,0,0,0,0,0,0,0,0,0,0,0,0,0
Alcester,1999,South Dakota,SD,1065,SD06303,SD0630300,46,127,46127,local police department,"cities under 2,500",west north central,non-suburban,0,0,0,0,0,0,0,0,0,0,0,0,0,0,0,0,0,0,0,0,0,0,0,0,0,0,0,0,0,0,0,0,0,0,0,0,0,0,0,0,0,0,0,0,0,0,0,0,0,0,0,0,0,0,0,0,0,0,0,0,0
North Sioux City,1999,South Dakota,SD,2396,SD06305,SD0630500,46,127,46127,local police department,"cities under 2,500",west north central,suburban,1,1,0,1,0,1,0,0,0,0,0,0,0,0,0,0,0,0,0,0,1,0,0,0,0,0,0,0,0,0,0,0,0,0,0,0,0,0,0,0,0,0,0,0,0,0,0,0,0,0,0,0,0,1,0,0,0,0,0,0,0
Walworth,1999,South Dakota,SD,1582,SD06400,SD0640000,46,129,46129,sheriffs office,"non-msa cnty under 10,000",west north central,non-suburban,0,0,0,0,0,0,0,0,0,0,0,0,0,0,0,0,0,0,0,0,0,0,0,0,0,0,0,0,0,0,0,0,0,0,0,0,0,0,0,0,0,0,0,0,0,0,0,0,0,0,0,0,0,0,0,0,0,0,0,0,0
Yankton,1999,South Dakota,SD,6680,SD06600,SD0660000,46,135,46135,sheriffs office,"non-msa cnty under 10,000",west north central,non-suburban,1,1,0,1,0,1,0,0,0,0,0,0,0,0,0,1,0,0,0,0,0,0,0,0,0,0,0,0,0,0,0,0,0,0,0,0,0,0,0,0,0,0,0,0,0,0,0,0,0,0,0,0,0,1,0,0,0,0,0,0,0
Yankton,1999,South Dakota,SD,14227,SD06601,SD0660100,46,135,46135,local police department,"cities 10,000-24,999",west north central,non-suburban,0,0,0,0,0,0,0,0,0,0,0,0,0,0,0,0,0,0,0,0,0,0,0,0,0,0,0,0,0,0,0,0,0,0,0,0,0,0,0,0,0,0,0,0,0,0,0,0,0,0,0,0,0,0,0,0,0,0,0,0,0
Ziebach,1999,South Dakota,SD,2161,SD06700,SD0670000,46,137,46137,sheriffs office,"non-msa cnty under 10,000",west north central,non-suburban,0,0,0,0,0,0,0,0,0,0,0,0,0,0,0,0,0,0,0,0,0,0,0,0,0,0,0,0,0,0,0,0,0,0,0,0,0,0,0,0,0,0,0,0,0,0,0,0,0,0,0,0,0,0,0,0,0,0,0,0,0
Aurora,2e3,South Dakota,SD,3058,SD00100,SD0010000,46,003,46003,sheriffs office,"non-msa cnty under 10,000",west north central,non-suburban,0,0,0,0,0,0,0,0,0,0,0,0,0,0,0,0,0,0,0,0,0,0,0,0,0,0,0,0,0,0,0,0,0,0,0,0,0,0,0,0,0,0,0,0,0,0,0,0,0,0,0,0,0,0,0,0,0,0,0,0,0
Huron,2e3,South Dakota,SD,11893,SD00201,SD0020100,46,005,46005,local police department,"cities 10,000-24,999",west north central,non-suburban,8,2,6,7,1,1,6,1,6,0,1,1,2,1,1,0,0,0,0,0,0,0,0,1,0,0,0,0,0,0,0,0,0,0,0,0,0,0,1,0,0,0,0,0,0,0,0,0,0,0,0,0,0,0,0,0,2,4,0,0,2
Bon Homme,2e3,South Dakota,SD,7260,SD00400,SD0040000,46,009,46009,sheriffs office,"non-msa cnty under 10,000",west north central,non-suburban,2,2,0,2,0,2,0,0,0,0,0,0,0,0,0,0,1,0,0,1,0,0,0,0,0,0,0,0,0,0,0,0,0,0,0,0,0,0,0,0,0,0,0,0,0,0,0,0,0,0,0,0,0,0,0,0,2,0,0,0,0
Brookings,2e3,South Dakota,SD,9716,SD00500,SD0050000,46,011,46011,sheriffs office,"non-msa cnty under 10,000",west north central,non-suburban,2,1,1,2,0,1,1,0,1,0,0,0,0,0,1,0,0,0,0,0,0,0,0,0,0,1,0,0,0,0,0,0,0,0,0,0,0,0,0,0,0,0,0,0,0,0,0,0,0,0,0,0,0,1,0,0,0,1,0,0,0
Brookings,2e3,South Dakota,SD,18504,SD00501,SD0050100,46,011,46011,local police department,"cities 10,000-24,999",west north central,non-suburban,7,4,3,7,0,4,3,0,3,0,0,0,2,1,0,2,0,0,0,0,0,0,2,0,0,0,0,0,0,0,0,0,0,0,0,0,0,0,0,0,0,0,0,0,0,0,0,0,0,0,0,0,0,4,0,0,0,3,0,0,0
Brown,2e3,South Dakota,SD,9446,SD00600,SD0060000,46,013,46013,sheriffs office,"non-msa cnty under 10,000",west north central,non-suburban,3,1,2,3,0,1,2,0,2,0,0,1,1,0,0,0,0,0,0,0,1,0,0,0,0,0,0,0,0,0,0,0,0,0,0,0,0,0,0,0,0,0,0,0,0,0,0,0,0,0,0,0,0,1,0,0,0,2,0,0,0
Aberdeen,2e3,South Dakota,SD,24658,SD00601,SD0060100,46,013,46013,local police department,"cities 10,000-24,999",west north central,non-suburban,11,8,3,9,2,6,3,2,3,0,1,0,0,2,0,1,2,0,0,0,1,0,1,0,1,0,0,0,0,0,0,0,0,0,0,0,0,0,1,0,0,0,0,0,0,0,1,0,0,0,0,0,0,6,0,0,2,3,0,0,0
Groton,2e3,South Dakota,SD,1356,SD00602,SD0060200,46,013,46013,local police department,"cities under 2,500",west north central,non-suburban,0,0,0,0,0,0,0,0,0,0,0,0,0,0,0,0,0,0,0,0,0,0,0,0,0,0,0,0,0,0,0,0,0,0,0,0,0,0,0,0,0,0,0,0,0,0,0,0,0,0,0,0,0,0,0,0,0,0,0,0,0
Belle Fourche,2e3,South Dakota,SD,4565,SD00901,SD0090100,46,019,46019,local police department,"cities 2,500-9,999",west north central,non-suburban,0,0,0,0,0,0,0,0,0,0,0,0,0,0,0,0,0,0,0,0,0,0,0,0,0,0,0,0,0,0,0,0,0,0,0,0,0,0,0,0,0,0,0,0,0,0,0,0,0,0,0,0,0,0,0,0,0,0,0,0,0
Charles Mix,2e3,South Dakota,SD,7164,SD01100,SD0110000,46,023,46023,sheriffs office,"non-msa cnty under 10,000",west north central,non-suburban,4,3,1,4,0,3,1,0,1,0,0,0,0,0,1,0,1,1,0,0,0,0,0,1,0,0,0,0,0,0,0,0,0,0,0,0,0,0,0,0,0,0,0,0,0,0,0,0,0,0,0,0,0,1,0,0,2,1,0,0,0
Lake Andes,2e3,South Dakota,SD,819,SD01101,SD0110100,46,023,46023,local police department,"cities under 2,500",west north central,non-suburban,0,0,0,0,0,0,0,0,0,0,0,0,0,0,0,0,0,0,0,0,0,0,0,0,0,0,0,0,0,0,0,0,0,0,0,0,0,0,0,0,0,0,0,0,0,0,0,0,0,0,0,0,0,0,0,0,0,0,0,0,0
Platte,2e3,South Dakota,SD,1367,SD01102,SD0110200,46,023,46023,local police department,"cities under 2,500",west north central,non-suburban,1,0,1,0,1,0,0,0,0,0,0,0,0,0,0,0,0,0,0,0,0,0,0,0,0,0,0,0,0,0,0,0,0,1,0,0,0,0,0,0,0,0,0,0,0,0,0,0,0,0,0,0,0,0,0,0,0,1,0,0,0
Clay,2e3,South Dakota,SD,3772,SD01300,SD0130000,46,027,46027,sheriffs office,"non-msa cnty under 10,000",west north central,non-suburban,0,0,0,0,0,0,0,0,0,0,0,0,0,0,0,0,0,0,0,0,0,0,0,0,0,0,0,0,0,0,0,0,0,0,0,0,0,0,0,0,0,0,0,0,0,0,0,0,0,0,0,0,0,0,0,0,0,0,0,0,0
Vermillion,2e3,South Dakota,SD,9765,SD01301,SD0130100,46,027,46027,local police department,"cities 2,500-9,999",west north central,non-suburban,5,3,2,4,1,3,1,0,1,0,0,0,0,0,1,0,0,3,0,0,0,0,0,0,0,0,0,0,0,0,0,0,0,1,0,0,0,0,0,0,0,0,0,0,0,0,0,0,0,0,0,0,0,3,0,0,0,2,0,0,0
Watertown,2e3,South Dakota,SD,20237,SD01401,SD0140100,46,029,46029,local police department,"cities 10,000-24,999",west north central,non-suburban,9,4,5,9,0,4,5,0,5,0,1,2,1,0,1,1,1,0,0,0,0,0,1,1,0,0,0,0,0,0,0,0,0,0,0,0,0,0,0,0,0,0,0,0,0,0,0,0,0,0,0,0,0,3,0,0,1,4,0,0,1
Mclaughlin,2e3,South Dakota,SD,775,SD01502,SD0150200,46,031,46031,local police department,"cities under 2,500",west north central,non-suburban,0,0,0,0,0,0,0,0,0,0,0,0,0,0,0,0,0,0,0,0,0,0,0,0,0,0,0,0,0,0,0,0,0,0,0,0,0,0,0,0,0,0,0,0,0,0,0,0,0,0,0,0,0,0,0,0,0,0,0,0,0
Davison,2e3,South Dakota,SD,4183,SD01700,SD0170000,46,035,46035,sheriffs office,"non-msa cnty under 10,000",west north central,non-suburban,0,0,0,0,0,0,0,0,0,0,0,0,0,0,0,0,0,0,0,0,0,0,0,0,0,0,0,0,0,0,0,0,0,0,0,0,0,0,0,0,0,0,0,0,0,0,0,0,0,0,0,0,0,0,0,0,0,0,0,0,0
Mitchell,2e3,South Dakota,SD,14558,SD01701,SD0170100,46,035,46035,local police department,"cities 10,000-24,999",west north central,non-suburban,15,11,4,10,5,9,1,2,1,0,0,0,0,0,1,2,0,0,2,3,0,1,0,0,1,0,0,0,0,0,0,0,0,2,0,1,0,1,0,1,0,0,0,0,0,0,0,0,0,0,0,0,0,4,0,0,7,3,0,0,1
Day,2e3,South Dakota,SD,4315,SD01800,SD0180000,46,037,46037,sheriffs office,"non-msa cnty under 10,000",west north central,non-suburban,0,0,0,0,0,0,0,0,0,0,0,0,0,0,0,0,0,0,0,0,0,0,0,0,0,0,0,0,0,0,0,0,0,0,0,0,0,0,0,0,0,0,0,0,0,0,0,0,0,0,0,0,0,0,0,0,0,0,0,0,0
Deuel,2e3,South Dakota,SD,4498,SD01900,SD0190000,46,039,46039,sheriffs office,"non-msa cnty under 10,000",west north central,non-suburban,1,1,0,1,0,1,0,0,0,0,0,0,0,0,0,0,0,0,0,0,0,0,0,0,1,0,0,0,0,0,0,0,0,0,0,0,0,0,0,0,0,0,0,0,0,0,0,0,0,0,0,0,0,1,0,0,0,0,0,0,0
Dewey,2e3,South Dakota,SD,5552,SD02000,SD0200000,46,041,46041,sheriffs office,"non-msa cnty under 10,000",west north central,non-suburban,2,2,0,2,0,2,0,0,0,0,0,0,0,0,0,1,0,0,0,0,0,0,1,0,0,0,0,0,0,0,0,0,0,0,0,0,0,0,0,0,0,0,0,0,0,0,0,0,0,0,0,0,0,0,0,0,2,0,0,0,0
Eagle Butte,2e3,South Dakota,SD,619,SD02004,SD0200400,46,041,46041,local police department,"cities under 2,500",west north central,non-suburban,0,0,0,0,0,0,0,0,0,0,0,0,0,0,0,0,0,0,0,0,0,0,0,0,0,0,0,0,0,0,0,0,0,0,0,0,0,0,0,0,0,0,0,0,0,0,0,0,0,0,0,0,0,0,0,0,0,0,0,0,0
Edmunds,2e3,South Dakota,SD,4367,SD02200,SD0220000,46,045,46045,sheriffs office,"non-msa cnty under 10,000",west north central,non-suburban,0,0,0,0,0,0,0,0,0,0,0,0,0,0,0,0,0,0,0,0,0,0,0,0,0,0,0,0,0,0,0,0,0,0,0,0,0,0,0,0,0,0,0,0,0,0,0,0,0,0,0,0,0,0,0,0,0,0,0,0,0
Hot Springs,2e3,South Dakota,SD,4129,SD02302,SD0230200,46,047,46047,local police department,"cities 2,500-9,999",west north central,non-suburban,0,0,0,0,0,0,0,0,0,0,0,0,0,0,0,0,0,0,0,0,0,0,0,0,0,0,0,0,0,0,0,0,0,0,0,0,0,0,0,0,0,0,0,0,0,0,0,0,0,0,0,0,0,0,0,0,0,0,0,0,0
Faulk,2e3,South Dakota,SD,2640,SD02400,SD0240000,46,049,46049,sheriffs office,"non-msa cnty under 10,000",west north central,non-suburban,0,0,0,0,0,0,0,0,0,0,0,0,0,0,0,0,0,0,0,0,0,0,0,0,0,0,0,0,0,0,0,0,0,0,0,0,0,0,0,0,0,0,0,0,0,0,0,0,0,0,0,0,0,0,0,0,0,0,0,0,0
Milbank,2e3,South Dakota,SD,3640,SD02501,SD0250100,46,051,46051,local police department,"cities 2,500-9,999",west north central,non-suburban,2,2,0,2,0,2,0,0,0,0,0,0,0,0,0,0,0,0,1,0,0,0,0,0,0,0,0,1,0,0,0,0,0,0,0,0,0,0,0,0,0,0,0,0,0,0,0,0,0,0,0,0,0,1,0,0,1,0,0,0,0
Estelline,2e3,South Dakota,SD,675,SD02803,SD0280300,46,057,46057,local police department,"cities under 2,500",west north central,non-suburban,0,0,0,0,0,0,0,0,0,0,0,0,0,0,0,0,0,0,0,0,0,0,0,0,0,0,0,0,0,0,0,0,0,0,0,0,0,0,0,0,0,0,0,0,0,0,0,0,0,0,0,0,0,0,0,0,0,0,0,0,0
Miller,2e3,South Dakota,SD,1530,SD02901,SD0290100,46,059,46059,local police department,"cities under 2,500",west north central,non-suburban,0,0,0,0,0,0,0,0,0,0,0,0,0,0,0,0,0,0,0,0,0,0,0,0,0,0,0,0,0,0,0,0,0,0,0,0,0,0,0,0,0,0,0,0,0,0,0,0,0,0,0,0,0,0,0,0,0,0,0,0,0
Hughes,2e3,South Dakota,SD,2605,SD03200,SD0320000,46,065,46065,sheriffs office,"non-msa cnty under 10,000",west north central,non-suburban,0,0,0,0,0,0,0,0,0,0,0,0,0,0,0,0,0,0,0,0,0,0,0,0,0,0,0,0,0,0,0,0,0,0,0,0,0,0,0,0,0,0,0,0,0,0,0,0,0,0,0,0,0,0,0,0,0,0,0,0,0
Pierre,2e3,South Dakota,SD,13876,SD03201,SD0320100,46,065,46065,local police department,"cities 10,000-24,999",west north central,non-suburban,4,0,4,2,2,0,2,0,2,0,0,0,0,0,2,0,0,0,0,0,0,0,0,0,0,0,0,0,0,0,0,0,0,0,1,0,1,0,0,0,0,0,0,0,0,0,0,0,0,0,0,0,0,0,0,0,0,2,0,0,2
Hutchinson,2e3,South Dakota,SD,5690,SD03300,SD0330000,46,067,46067,sheriffs office,"non-msa cnty under 10,000",west north central,non-suburban,0,0,0,0,0,0,0,0,0,0,0,0,0,0,0,0,0,0,0,0,0,0,0,0,0,0,0,0,0,0,0,0,0,0,0,0,0,0,0,0,0,0,0,0,0,0,0,0,0,0,0,0,0,0,0,0,0,0,0,0,0
Parkston,2e3,South Dakota,SD,1674,SD03302,SD0330200,46,067,46067,local police department,"cities under 2,500",west north central,non-suburban,0,0,0,0,0,0,0,0,0,0,0,0,0,0,0,0,0,0,0,0,0,0,0,0,0,0,0,0,0,0,0,0,0,0,0,0,0,0,0,0,0,0,0,0,0,0,0,0,0,0,0,0,0,0,0,0,0,0,0,0,0
Hyde,2e3,South Dakota,SD,1671,SD03400,SD0340000,46,069,46069,sheriffs office,"non-msa cnty under 10,000",west north central,non-suburban,0,0,0,0,0,0,0,0,0,0,0,0,0,0,0,0,0,0,0,0,0,0,0,0,0,0,0,0,0,0,0,0,0,0,0,0,0,0,0,0,0,0,0,0,0,0,0,0,0,0,0,0,0,0,0,0,0,0,0,0,0
Kadoka,2e3,South Dakota,SD,706,SD03501,SD0350100,46,071,46071,local police department,"cities under 2,500",west north central,non-suburban,0,0,0,0,0,0,0,0,0,0,0,0,0,0,0,0,0,0,0,0,0,0,0,0,0,0,0,0,0,0,0,0,0,0,0,0,0,0,0,0,0,0,0,0,0,0,0,0,0,0,0,0,0,0,0,0,0,0,0,0,0
Madison,2e3,South Dakota,SD,6540,SD03901,SD0390100,46,079,46079,local police department,"cities 2,500-9,999",west north central,non-suburban,1,0,1,1,0,0,1,0,1,0,0,0,0,0,1,0,0,0,0,0,0,0,0,0,0,0,0,0,0,0,0,0,0,0,0,0,0,0,0,0,0,0,0,0,0,0,0,0,0,0,0,0,0,0,0,0,0,1,0,0,0
Lawrence,2e3,South Dakota,SD,7945,SD04000,SD0400000,46,081,46081,sheriffs office,"non-msa cnty under 10,000",west north central,non-suburban,0,0,0,0,0,0,0,0,0,0,0,0,0,0,0,0,0,0,0,0,0,0,0,0,0,0,0,0,0,0,0,0,0,0,0,0,0,0,0,0,0,0,0,0,0,0,0,0,0,0,0,0,0,0,0,0,0,0,0,0,0
Deadwood,2e3,South Dakota,SD,1380,SD04001,SD0400100,46,081,46081,local police department,"cities under 2,500",west north central,non-suburban,0,0,0,0,0,0,0,0,0,0,0,0,0,0,0,0,0,0,0,0,0,0,0,0,0,0,0,0,0,0,0,0,0,0,0,0,0,0,0,0,0,0,0,0,0,0,0,0,0,0,0,0,0,0,0,0,0,0,0,0,0
Lead,2e3,South Dakota,SD,3027,SD04002,SD0400200,46,081,46081,local police department,"cities 2,500-9,999",west north central,non-suburban,0,0,0,0,0,0,0,0,0,0,0,0,0,0,0,0,0,0,0,0,0,0,0,0,0,0,0,0,0,0,0,0,0,0,0,0,0,0,0,0,0,0,0,0,0,0,0,0,0,0,0,0,0,0,0,0,0,0,0,0,0
Spearfish,2e3,South Dakota,SD,8606,SD04003,SD0400300,46,081,46081,local police department,"cities 2,500-9,999",west north central,non-suburban,7,7,0,6,1,6,0,1,0,0,0,0,0,0,0,2,0,0,0,1,0,0,0,0,2,1,0,0,0,0,0,0,0,0,0,0,0,1,0,0,0,0,0,0,0,0,0,0,0,0,0,0,0,7,0,0,0,0,0,0,0
Canton,2e3,South Dakota,SD,3110,SD04101,SD0410100,46,083,46083,local police department,"cities 2,500-9,999",west north central,suburban,0,0,0,0,0,0,0,0,0,0,0,0,0,0,0,0,0,0,0,0,0,0,0,0,0,0,0,0,0,0,0,0,0,0,0,0,0,0,0,0,0,0,0,0,0,0,0,0,0,0,0,0,0,0,0,0,0,0,0,0,0
Tea,2e3,South Dakota,SD,1742,SD04105,SD0410500,46,083,46083,local police department,"cities under 2,500",west north central,suburban,1,1,0,1,0,1,0,0,0,0,0,0,0,0,0,0,0,0,0,1,0,0,0,0,0,0,0,0,0,0,0,0,0,0,0,0,0,0,0,0,0,0,0,0,0,0,0,0,0,0,0,0,0,1,0,0,0,0,0,0,0
Lyman,2e3,South Dakota,SD,3895,SD04200,SD0420000,46,085,46085,sheriffs office,"non-msa cnty under 10,000",west north central,non-suburban,0,0,0,0,0,0,0,0,0,0,0,0,0,0,0,0,0,0,0,0,0,0,0,0,0,0,0,0,0,0,0,0,0,0,0,0,0,0,0,0,0,0,0,0,0,0,0,0,0,0,0,0,0,0,0,0,0,0,0,0,0
Mccook,2e3,South Dakota,SD,4461,SD04300,SD0430000,46,087,46087,sheriffs office,"non-msa cnty under 10,000",west north central,non-suburban,1,1,0,1,0,1,0,0,0,0,0,0,0,0,0,0,0,0,0,0,0,0,0,0,0,0,0,0,0,1,0,0,0,0,0,0,0,0,0,0,0,0,0,0,0,0,0,0,0,0,0,0,0,1,0,0,0,0,0,0,0
Eureka,2e3,South Dakota,SD,1101,SD04401,SD0440100,46,089,46089,local police department,"cities under 2,500",west north central,non-suburban,0,0,0,0,0,0,0,0,0,0,0,0,0,0,0,0,0,0,0,0,0,0,0,0,0,0,0,0,0,0,0,0,0,0,0,0,0,0,0,0,0,0,0,0,0,0,0,0,0,0,0,0,0,0,0,0,0,0,0,0,0
Marshall,2e3,South Dakota,SD,4576,SD04500,SD0450000,46,091,46091,sheriffs office,"non-msa cnty under 10,000",west north central,non-suburban,0,0,0,0,0,0,0,0,0,0,0,0,0,0,0,0,0,0,0,0,0,0,0,0,0,0,0,0,0,0,0,0,0,0,0,0,0,0,0,0,0,0,0,0,0,0,0,0,0,0,0,0,0,0,0,0,0,0,0,0,0
Meade,2e3,South Dakota,SD,17322,SD04600,SD0460000,46,093,46093,sheriffs office,"non-msa cnty 10,000-24,999",west north central,non-suburban,0,0,0,0,0,0,0,0,0,0,0,0,0,0,0,0,0,0,0,0,0,0,0,0,0,0,0,0,0,0,0,0,0,0,0,0,0,0,0,0,0,0,0,0,0,0,0,0,0,0,0,0,0,0,0,0,0,0,0,0,0
Sturgis,2e3,South Dakota,SD,6442,SD04601,SD0460100,46,093,46093,local police department,"cities 2,500-9,999",west north central,non-suburban,0,0,0,0,0,0,0,0,0,0,0,0,0,0,0,0,0,0,0,0,0,0,0,0,0,0,0,0,0,0,0,0,0,0,0,0,0,0,0,0,0,0,0,0,0,0,0,0,0,0,0,0,0,0,0,0,0,0,0,0,0
Faith,2e3,South Dakota,SD,489,SD04602,SD0460200,46,093,46093,local police department,"cities under 2,500",west north central,non-suburban,0,0,0,0,0,0,0,0,0,0,0,0,0,0,0,0,0,0,0,0,0,0,0,0,0,0,0,0,0,0,0,0,0,0,0,0,0,0,0,0,0,0,0,0,0,0,0,0,0,0,0,0,0,0,0,0,0,0,0,0,0
Miner,2e3,South Dakota,SD,2884,SD04800,SD0480000,46,097,46097,sheriffs office,"non-msa cnty under 10,000",west north central,non-suburban,0,0,0,0,0,0,0,0,0,0,0,0,0,0,0,0,0,0,0,0,0,0,0,0,0,0,0,0,0,0,0,0,0,0,0,0,0,0,0,0,0,0,0,0,0,0,0,0,0,0,0,0,0,0,0,0,0,0,0,0,0
Minnehaha,2e3,South Dakota,SD,24068,SD04900,SD0490000,46,099,46099,sheriffs office,"msa cnty 10,000-24,999",west north central,suburban,3,3,0,3,0,3,0,0,0,0,0,0,0,0,0,0,0,0,1,1,0,1,0,0,0,0,0,0,0,0,0,0,0,0,0,0,0,0,0,0,0,0,0,0,0,0,0,0,0,0,0,0,0,1,1,0,1,0,0,0,0
Sioux Falls,2e3,South Dakota,SD,123975,SD04902,SD0490200,46,099,46099,local police department,"cities 100,000-249,999",west north central,non-suburban,56,16,40,50,6,15,35,1,35,0,1,25,3,4,2,1,1,1,2,1,0,0,3,2,3,1,0,0,0,0,0,1,0,2,0,1,1,0,1,0,0,0,0,0,0,0,0,0,0,0,0,0,0,6,2,0,8,33,0,0,7
Brandon,2e3,South Dakota,SD,5693,SD04903,SD0490300,46,099,46099,local police department,"cities 2,500-9,999",west north central,suburban,0,0,0,0,0,0,0,0,0,0,0,0,0,0,0,0,0,0,0,0,0,0,0,0,0,0,0,0,0,0,0,0,0,0,0,0,0,0,0,0,0,0,0,0,0,0,0,0,0,0,0,0,0,0,0,0,0,0,0,0,0
Pennington,2e3,South Dakota,SD,26117,SD05100,SD0510000,46,103,46103,sheriffs office,"msa cnty 25,000-99,999",west north central,suburban,2,2,0,2,0,2,0,0,0,0,0,0,0,0,0,0,0,0,0,0,0,0,1,0,0,0,1,0,0,0,0,0,0,0,0,0,0,0,0,0,0,0,0,0,0,0,0,0,0,0,0,0,0,1,0,0,1,0,0,0,0
Rapid City,2e3,South Dakota,SD,59607,SD05101,SD0510100,46,103,46103,local police department,"cities 50,000-99,999",west north central,non-suburban,14,3,11,11,3,3,8,0,8,0,0,2,3,3,0,0,1,0,1,0,1,0,0,0,0,0,0,0,0,0,0,0,0,1,0,1,1,0,0,0,0,0,0,0,0,0,0,0,0,0,0,0,0,1,0,0,2,3,0,0,8
Box Elder,2e3,South Dakota,SD,2841,SD05103,SD0510300,46,103,46103,local police department,"cities 2,500-9,999",west north central,suburban,0,0,0,0,0,0,0,0,0,0,0,0,0,0,0,0,0,0,0,0,0,0,0,0,0,0,0,0,0,0,0,0,0,0,0,0,0,0,0,0,0,0,0,0,0,0,0,0,0,0,0,0,0,0,0,0,0,0,0,0,0
Perkins,2e3,South Dakota,SD,1965,SD05200,SD0520000,46,105,46105,sheriffs office,"non-msa cnty under 10,000",west north central,non-suburban,0,0,0,0,0,0,0,0,0,0,0,0,0,0,0,0,0,0,0,0,0,0,0,0,0,0,0,0,0,0,0,0,0,0,0,0,0,0,0,0,0,0,0,0,0,0,0,0,0,0,0,0,0,0,0,0,0,0,0,0,0
Lemmon,2e3,South Dakota,SD,1398,SD05201,SD0520100,46,105,46105,local police department,"cities under 2,500",west north central,non-suburban,1,1,0,1,0,1,0,0,0,0,0,0,0,0,0,1,0,0,0,0,0,0,0,0,0,0,0,0,0,0,0,0,0,0,0,0,0,0,0,0,0,0,0,0,0,0,0,0,0,0,0,0,0,1,0,0,0,0,0,0,0
Gettysburg,2e3,South Dakota,SD,1352,SD05301,SD0530100,46,107,46107,local police department,"cities under 2,500",west north central,non-suburban,0,0,0,0,0,0,0,0,0,0,0,0,0,0,0,0,0,0,0,0,0,0,0,0,0,0,0,0,0,0,0,0,0,0,0,0,0,0,0,0,0,0,0,0,0,0,0,0,0,0,0,0,0,0,0,0,0,0,0,0,0
Sisseton,2e3,South Dakota,SD,2572,SD05401,SD0540100,46,109,46109,local police department,"cities 2,500-9,999",west north central,non-suburban,3,3,0,3,0,3,0,0,0,0,0,0,0,0,0,1,0,0,0,0,0,0,0,1,0,0,1,0,0,0,0,0,0,0,0,0,0,0,0,0,0,0,0,0,0,0,0,0,0,0,0,0,0,0,0,0,3,0,0,0,0
Spink,2e3,South Dakota,SD,7454,SD05700,SD0570000,46,115,46115,sheriffs office,"non-msa cnty under 10,000",west north central,non-suburban,0,0,0,0,0,0,0,0,0,0,0,0,0,0,0,0,0,0,0,0,0,0,0,0,0,0,0,0,0,0,0,0,0,0,0,0,0,0,0,0,0,0,0,0,0,0,0,0,0,0,0,0,0,0,0,0,0,0,0,0,0
Stanley,2e3,South Dakota,SD,2772,SD05800,SD0580000,46,117,46117,sheriffs office,"non-msa cnty under 10,000",west north central,non-suburban,2,2,0,1,1,1,0,1,0,0,0,0,0,0,0,0,1,0,0,0,0,0,0,0,0,0,0,0,0,0,0,0,0,0,0,0,0,0,0,0,0,0,0,0,0,0,1,0,0,0,0,0,0,1,0,0,1,0,0,0,0
Sully,2e3,South Dakota,SD,1556,SD05900,SD0590000,46,119,46119,sheriffs office,"non-msa cnty under 10,000",west north central,non-suburban,0,0,0,0,0,0,0,0,0,0,0,0,0,0,0,0,0,0,0,0,0,0,0,0,0,0,0,0,0,0,0,0,0,0,0,0,0,0,0,0,0,0,0,0,0,0,0,0,0,0,0,0,0,0,0,0,0,0,0,0,0
Winner,2e3,South Dakota,SD,3137,SD06101,SD0610100,46,123,46123,local police department,"cities 2,500-9,999",west north central,non-suburban,0,0,0,0,0,0,0,0,0,0,0,0,0,0,0,0,0,0,0,0,0,0,0,0,0,0,0,0,0,0,0,0,0,0,0,0,0,0,0,0,0,0,0,0,0,0,0,0,0,0,0,0,0,0,0,0,0,0,0,0,0
Beresford,2e3,South Dakota,SD,2006,SD06301,SD0630100,46,127,46127,local police department,"cities under 2,500",west north central,non-suburban,2,1,1,2,0,1,1,0,1,0,0,0,1,0,0,0,0,0,0,0,0,0,1,0,0,0,0,0,0,0,0,0,0,0,0,0,0,0,0,0,0,0,0,0,0,0,0,0,0,0,0,0,0,0,1,0,0,0,0,0,1
Elk Point,2e3,South Dakota,SD,1714,SD06302,SD0630200,46,127,46127,local police department,"cities under 2,500",west north central,non-suburban,0,0,0,0,0,0,0,0,0,0,0,0,0,0,0,0,0,0,0,0,0,0,0,0,0,0,0,0,0,0,0,0,0,0,0,0,0,0,0,0,0,0,0,0,0,0,0,0,0,0,0,0,0,0,0,0,0,0,0,0,0
Alcester,2e3,South Dakota,SD,880,SD06303,SD0630300,46,127,46127,local police department,"cities under 2,500",west north central,non-suburban,1,1,0,1,0,1,0,0,0,0,0,0,0,0,0,0,0,1,0,0,0,0,0,0,0,0,0,0,0,0,0,0,0,0,0,0,0,0,0,0,0,0,0,0,0,0,0,0,0,0,0,0,0,1,0,0,0,0,0,0,0
North Sioux City,2e3,South Dakota,SD,2288,SD06305,SD0630500,46,127,46127,local police department,"cities under 2,500",west north central,non-suburban,0,0,0,0,0,0,0,0,0,0,0,0,0,0,0,0,0,0,0,0,0,0,0,0,0,0,0,0,0,0,0,0,0,0,0,0,0,0,0,0,0,0,0,0,0,0,0,0,0,0,0,0,0,0,0,0,0,0,0,0,0
Walworth,2e3,South Dakota,SD,1664,SD06400,SD0640000,46,129,46129,sheriffs office,"non-msa cnty under 10,000",west north central,non-suburban,3,1,2,3,0,1,2,0,2,0,0,0,0,0,2,0,0,0,0,0,0,0,0,0,1,0,0,0,0,0,0,0,0,0,0,0,0,0,0,0,0,0,0,0,0,0,0,0,0,0,0,0,0,1,0,0,0,2,0,0,0
Mobridge,2e3,South Dakota,SD,3574,SD06401,SD0640100,46,129,46129,local police department,"cities 2,500-9,999",west north central,non-suburban,1,1,0,0,1,0,0,1,0,0,0,0,0,0,0,0,0,0,0,0,0,0,0,0,0,0,0,0,0,0,0,0,0,0,0,0,0,0,1,0,0,0,0,0,0,0,0,0,0,0,0,0,0,0,0,0,1,0,0,0,0
Yankton,2e3,South Dakota,SD,8124,SD06600,SD0660000,46,135,46135,sheriffs office,"non-msa cnty under 10,000",west north central,non-suburban,2,0,2,1,1,0,1,0,1,0,0,0,0,0,1,0,0,0,0,0,0,0,0,0,0,0,0,0,0,0,0,0,0,1,0,0,0,0,0,0,0,0,0,0,0,0,0,0,0,0,0,0,0,0,0,0,0,2,0,0,0
Yankton,2e3,South Dakota,SD,13528,SD06601,SD0660100,46,135,46135,local police department,"cities 10,000-24,999",west north central,non-suburban,7,6,1,6,1,5,1,1,1,0,0,0,0,1,0,2,2,0,0,1,0,0,0,0,0,0,0,0,0,0,0,0,0,0,0,0,0,0,0,0,0,1,0,0,0,0,0,0,0,0,0,0,0,6,0,0,0,1,0,0,0
Ziebach,2e3,South Dakota,SD,2320,SD06700,SD0670000,46,137,46137,sheriffs office,"non-msa cnty under 10,000",west north central,non-suburban,0,0,0,0,0,0,0,0,0,0,0,0,0,0,0,0,0,0,0,0,0,0,0,0,0,0,0,0,0,0,0,0,0,0,0,0,0,0,0,0,0,0,0,0,0,0,0,0,0,0,0,0,0,0,0,0,0,0,0,0,0
Aurora,2001,South Dakota,SD,3065,SD00100,SD0010000,46,003,46003,sheriffs office,"non-msa cnty under 10,000",west north central,non-suburban,0,0,0,0,0,0,0,0,0,0,0,0,0,0,0,0,0,0,0,0,0,0,0,0,0,0,0,0,0,0,0,0,0,0,0,0,0,0,0,0,0,0,0,0,0,0,0,0,0,0,0,0,0,0,0,0,0,0,0,0,0
Huron,2001,South Dakota,SD,11921,SD00201,SD0020100,46,005,46005,local police department,"cities 10,000-24,999",west north central,non-suburban,3,3,0,3,0,3,0,0,0,0,0,0,0,0,0,0,0,0,0,1,0,0,1,0,1,0,0,0,0,0,0,0,0,0,0,0,0,0,0,0,0,0,0,0,0,0,0,0,0,0,0,0,0,2,1,0,0,0,0,0,0
Bon Homme,2001,South Dakota,SD,7277,SD00400,SD0040000,46,009,46009,sheriffs office,"non-msa cnty under 10,000",west north central,non-suburban,0,0,0,0,0,0,0,0,0,0,0,0,0,0,0,0,0,0,0,0,0,0,0,0,0,0,0,0,0,0,0,0,0,0,0,0,0,0,0,0,0,0,0,0,0,0,0,0,0,0,0,0,0,0,0,0,0,0,0,0,0
Brookings,2001,South Dakota,SD,9739,SD00500,SD0050000,46,011,46011,sheriffs office,"non-msa cnty under 10,000",west north central,non-suburban,1,1,0,1,0,1,0,0,0,0,0,0,0,0,0,0,0,0,0,0,0,0,0,1,0,0,0,0,0,0,0,0,0,0,0,0,0,0,0,0,0,0,0,0,0,0,0,0,0,0,0,0,0,1,0,0,0,0,0,0,0
Brookings,2001,South Dakota,SD,18547,SD00501,SD0050100,46,011,46011,local police department,"cities 10,000-24,999",west north central,non-suburban,4,3,1,3,1,3,0,0,0,0,0,0,0,0,0,1,0,1,1,0,0,0,0,0,0,0,0,0,0,0,0,0,0,0,0,1,0,0,0,0,0,0,0,0,0,0,0,0,0,0,0,0,0,3,0,0,0,0,0,0,1
Brown,2001,South Dakota,SD,9468,SD00600,SD0060000,46,013,46013,sheriffs office,"non-msa cnty under 10,000",west north central,non-suburban,1,1,0,1,0,1,0,0,0,0,0,0,0,0,0,0,1,0,0,0,0,0,0,0,0,0,0,0,0,0,0,0,0,0,0,0,0,0,0,0,0,0,0,0,0,0,0,0,0,0,0,0,0,1,0,0,0,0,0,0,0
Aberdeen,2001,South Dakota,SD,24715,SD00601,SD0060100,46,013,46013,local police department,"cities 10,000-24,999",west north central,non-suburban,8,6,2,8,0,6,2,0,2,0,0,0,1,0,1,1,2,0,0,0,0,0,1,0,1,1,0,0,0,0,0,0,0,0,0,0,0,0,0,0,0,0,0,0,0,0,0,0,0,0,0,0,0,4,1,0,1,0,0,0,2
Groton,2001,South Dakota,SD,1359,SD00602,SD0060200,46,013,46013,local police department,"cities under 2,500",west north central,non-suburban,0,0,0,0,0,0,0,0,0,0,0,0,0,0,0,0,0,0,0,0,0,0,0,0,0,0,0,0,0,0,0,0,0,0,0,0,0,0,0,0,0,0,0,0,0,0,0,0,0,0,0,0,0,0,0,0,0,0,0,0,0
Belle Fourche,2001,South Dakota,SD,4576,SD00901,SD0090100,46,019,46019,local police department,"cities 2,500-9,999",west north central,non-suburban,0,0,0,0,0,0,0,0,0,0,0,0,0,0,0,0,0,0,0,0,0,0,0,0,0,0,0,0,0,0,0,0,0,0,0,0,0,0,0,0,0,0,0,0,0,0,0,0,0,0,0,0,0,0,0,0,0,0,0,0,0
Charles Mix,2001,South Dakota,SD,7181,SD01100,SD0110000,46,023,46023,sheriffs office,"non-msa cnty under 10,000",west north central,non-suburban,4,1,3,2,2,0,2,1,2,0,0,0,0,2,0,0,0,0,0,0,0,0,0,0,0,0,0,0,0,0,0,0,0,1,0,0,0,0,0,0,0,0,0,0,0,0,0,1,0,0,0,0,0,0,0,0,1,0,0,0,3
Lake Andes,2001,South Dakota,SD,821,SD01101,SD0110100,46,023,46023,local police department,"cities under 2,500",west north central,non-suburban,1,1,0,0,1,0,0,1,0,0,0,0,0,0,0,0,0,0,0,0,0,0,0,0,0,0,0,0,0,0,0,0,0,0,0,0,0,0,0,0,0,0,0,0,1,0,0,0,0,0,0,0,0,0,0,0,1,0,0,0,0
Clay,2001,South Dakota,SD,3780,SD01300,SD0130000,46,027,46027,sheriffs office,"non-msa cnty under 10,000",west north central,non-suburban,0,0,0,0,0,0,0,0,0,0,0,0,0,0,0,0,0,0,0,0,0,0,0,0,0,0,0,0,0,0,0,0,0,0,0,0,0,0,0,0,0,0,0,0,0,0,0,0,0,0,0,0,0,0,0,0,0,0,0,0,0
Vermillion,2001,South Dakota,SD,9788,SD01301,SD0130100,46,027,46027,local police department,"cities 2,500-9,999",west north central,non-suburban,0,0,0,0,0,0,0,0,0,0,0,0,0,0,0,0,0,0,0,0,0,0,0,0,0,0,0,0,0,0,0,0,0,0,0,0,0,0,0,0,0,0,0,0,0,0,0,0,0,0,0,0,0,0,0,0,0,0,0,0,0
Codington,2001,South Dakota,SD,5673,SD01400,SD0140000,46,029,46029,sheriffs office,"non-msa cnty under 10,000",west north central,non-suburban,0,0,0,0,0,0,0,0,0,0,0,0,0,0,0,0,0,0,0,0,0,0,0,0,0,0,0,0,0,0,0,0,0,0,0,0,0,0,0,0,0,0,0,0,0,0,0,0,0,0,0,0,0,0,0,0,0,0,0,0,0
Watertown,2001,South Dakota,SD,20284,SD01401,SD0140100,46,029,46029,local police department,"cities 10,000-24,999",west north central,non-suburban,1,1,0,1,0,1,0,0,0,0,0,0,0,0,0,0,0,0,0,0,1,0,0,0,0,0,0,0,0,0,0,0,0,0,0,0,0,0,0,0,0,0,0,0,0,0,0,0,0,0,0,0,0,0,0,0,1,0,0,0,0
Corson,2001,South Dakota,SD,3414,SD01500,SD0150000,46,031,46031,sheriffs office,"non-msa cnty under 10,000",west north central,non-suburban,0,0,0,0,0,0,0,0,0,0,0,0,0,0,0,0,0,0,0,0,0,0,0,0,0,0,0,0,0,0,0,0,0,0,0,0,0,0,0,0,0,0,0,0,0,0,0,0,0,0,0,0,0,0,0,0,0,0,0,0,0
Davison,2001,South Dakota,SD,4193,SD01700,SD0170000,46,035,46035,sheriffs office,"non-msa cnty under 10,000",west north central,non-suburban,0,0,0,0,0,0,0,0,0,0,0,0,0,0,0,0,0,0,0,0,0,0,0,0,0,0,0,0,0,0,0,0,0,0,0,0,0,0,0,0,0,0,0,0,0,0,0,0,0,0,0,0,0,0,0,0,0,0,0,0,0
Mitchell,2001,South Dakota,SD,14592,SD01701,SD0170100,46,035,46035,local police department,"cities 10,000-24,999",west north central,non-suburban,17,9,8,14,3,8,6,1,6,0,0,0,4,2,0,0,3,3,0,0,0,0,1,0,0,0,0,1,0,0,0,0,0,2,0,0,0,0,0,0,0,0,0,0,0,1,0,0,0,0,0,0,0,2,0,0,7,8,0,0,0
Day,2001,South Dakota,SD,4325,SD01800,SD0180000,46,037,46037,sheriffs office,"non-msa cnty under 10,000",west north central,non-suburban,0,0,0,0,0,0,0,0,0,0,0,0,0,0,0,0,0,0,0,0,0,0,0,0,0,0,0,0,0,0,0,0,0,0,0,0,0,0,0,0,0,0,0,0,0,0,0,0,0,0,0,0,0,0,0,0,0,0,0,0,0
Deuel,2001,South Dakota,SD,4508,SD01900,SD0190000,46,039,46039,sheriffs office,"non-msa cnty under 10,000",west north central,non-suburban,0,0,0,0,0,0,0,0,0,0,0,0,0,0,0,0,0,0,0,0,0,0,0,0,0,0,0,0,0,0,0,0,0,0,0,0,0,0,0,0,0,0,0,0,0,0,0,0,0,0,0,0,0,0,0,0,0,0,0,0,0
Dewey,2001,South Dakota,SD,5565,SD02000,SD0200000,46,041,46041,sheriffs office,"non-msa cnty under 10,000",west north central,non-suburban,1,1,0,1,0,1,0,0,0,0,0,0,0,0,0,0,0,1,0,0,0,0,0,0,0,0,0,0,0,0,0,0,0,0,0,0,0,0,0,0,0,0,0,0,0,0,0,0,0,0,0,0,0,0,0,0,1,0,0,0,0
Edmunds,2001,South Dakota,SD,4377,SD02200,SD0220000,46,045,46045,sheriffs office,"non-msa cnty under 10,000",west north central,non-suburban,1,1,0,1,0,1,0,0,0,0,0,0,0,0,0,0,1,0,0,0,0,0,0,0,0,0,0,0,0,0,0,0,0,0,0,0,0,0,0,0,0,0,0,0,0,0,0,0,0,0,0,0,0,1,0,0,0,0,0,0,0
Hot Springs,2001,South Dakota,SD,4139,SD02302,SD0230200,46,047,46047,local police department,"cities 2,500-9,999",west north central,non-suburban,0,0,0,0,0,0,0,0,0,0,0,0,0,0,0,0,0,0,0,0,0,0,0,0,0,0,0,0,0,0,0,0,0,0,0,0,0,0,0,0,0,0,0,0,0,0,0,0,0,0,0,0,0,0,0,0,0,0,0,0,0
Faulk,2001,South Dakota,SD,2646,SD02400,SD0240000,46,049,46049,sheriffs office,"non-msa cnty under 10,000",west north central,non-suburban,0,0,0,0,0,0,0,0,0,0,0,0,0,0,0,0,0,0,0,0,0,0,0,0,0,0,0,0,0,0,0,0,0,0,0,0,0,0,0,0,0,0,0,0,0,0,0,0,0,0,0,0,0,0,0,0,0,0,0,0,0
Milbank,2001,South Dakota,SD,3648,SD02501,SD0250100,46,051,46051,local police department,"cities 2,500-9,999",west north central,non-suburban,0,0,0,0,0,0,0,0,0,0,0,0,0,0,0,0,0,0,0,0,0,0,0,0,0,0,0,0,0,0,0,0,0,0,0,0,0,0,0,0,0,0,0,0,0,0,0,0,0,0,0,0,0,0,0,0,0,0,0,0,0
Estelline,2001,South Dakota,SD,677,SD02803,SD0280300,46,057,46057,local police department,"cities under 2,500",west north central,non-suburban,0,0,0,0,0,0,0,0,0,0,0,0,0,0,0,0,0,0,0,0,0,0,0,0,0,0,0,0,0,0,0,0,0,0,0,0,0,0,0,0,0,0,0,0,0,0,0,0,0,0,0,0,0,0,0,0,0,0,0,0,0
Hand,2001,South Dakota,SD,2216,SD02900,SD0290000,46,059,46059,sheriffs office,"non-msa cnty under 10,000",west north central,non-suburban,0,0,0,0,0,0,0,0,0,0,0,0,0,0,0,0,0,0,0,0,0,0,0,0,0,0,0,0,0,0,0,0,0,0,0,0,0,0,0,0,0,0,0,0,0,0,0,0,0,0,0,0,0,0,0,0,0,0,0,0,0
Miller,2001,South Dakota,SD,1534,SD02901,SD0290100,46,059,46059,local police department,"cities under 2,500",west north central,non-suburban,0,0,0,0,0,0,0,0,0,0,0,0,0,0,0,0,0,0,0,0,0,0,0,0,0,0,0,0,0,0,0,0,0,0,0,0,0,0,0,0,0,0,0,0,0,0,0,0,0,0,0,0,0,0,0,0,0,0,0,0,0
Pierre,2001,South Dakota,SD,13908,SD03201,SD0320100,46,065,46065,local police department,"cities 10,000-24,999",west north central,non-suburban,3,3,0,3,0,3,0,0,0,0,0,0,0,0,0,0,0,0,1,0,0,0,0,1,1,0,0,0,0,0,0,0,0,0,0,0,0,0,0,0,0,0,0,0,0,0,0,0,0,0,0,0,0,2,0,0,1,0,0,0,0
Parkston,2001,South Dakota,SD,1678,SD03302,SD0330200,46,067,46067,local police department,"cities under 2,500",west north central,non-suburban,0,0,0,0,0,0,0,0,0,0,0,0,0,0,0,0,0,0,0,0,0,0,0,0,0,0,0,0,0,0,0,0,0,0,0,0,0,0,0,0,0,0,0,0,0,0,0,0,0,0,0,0,0,0,0,0,0,0,0,0,0
Hyde,2001,South Dakota,SD,1675,SD03400,SD0340000,46,069,46069,sheriffs office,"non-msa cnty under 10,000",west north central,non-suburban,0,0,0,0,0,0,0,0,0,0,0,0,0,0,0,0,0,0,0,0,0,0,0,0,0,0,0,0,0,0,0,0,0,0,0,0,0,0,0,0,0,0,0,0,0,0,0,0,0,0,0,0,0,0,0,0,0,0,0,0,0
Kadoka,2001,South Dakota,SD,708,SD03501,SD0350100,46,071,46071,local police department,"cities under 2,500",west north central,non-suburban,0,0,0,0,0,0,0,0,0,0,0,0,0,0,0,0,0,0,0,0,0,0,0,0,0,0,0,0,0,0,0,0,0,0,0,0,0,0,0,0,0,0,0,0,0,0,0,0,0,0,0,0,0,0,0,0,0,0,0,0,0
Madison,2001,South Dakota,SD,6555,SD03901,SD0390100,46,079,46079,local police department,"cities 2,500-9,999",west north central,non-suburban,3,3,0,3,0,3,0,0,0,0,0,0,0,0,0,1,0,0,0,0,0,0,0,1,0,1,0,0,0,0,0,0,0,0,0,0,0,0,0,0,0,0,0,0,0,0,0,0,0,0,0,0,0,2,0,0,1,0,0,0,0
Lawrence,2001,South Dakota,SD,7964,SD04000,SD0400000,46,081,46081,sheriffs office,"non-msa cnty under 10,000",west north central,non-suburban,0,0,0,0,0,0,0,0,0,0,0,0,0,0,0,0,0,0,0,0,0,0,0,0,0,0,0,0,0,0,0,0,0,0,0,0,0,0,0,0,0,0,0,0,0,0,0,0,0,0,0,0,0,0,0,0,0,0,0,0,0
Deadwood,2001,South Dakota,SD,1383,SD04001,SD0400100,46,081,46081,local police department,"cities under 2,500",west north central,non-suburban,0,0,0,0,0,0,0,0,0,0,0,0,0,0,0,0,0,0,0,0,0,0,0,0,0,0,0,0,0,0,0,0,0,0,0,0,0,0,0,0,0,0,0,0,0,0,0,0,0,0,0,0,0,0,0,0,0,0,0,0,0
Lead,2001,South Dakota,SD,3034,SD04002,SD0400200,46,081,46081,local police department,"cities 2,500-9,999",west north central,non-suburban,2,0,2,2,0,0,2,0,2,0,0,0,0,2,0,0,0,0,0,0,0,0,0,0,0,0,0,0,0,0,0,0,0,0,0,0,0,0,0,0,0,0,0,0,0,0,0,0,0,0,0,0,0,0,0,0,0,2,0,0,0
Spearfish,2001,South Dakota,SD,8626,SD04003,SD0400300,46,081,46081,local police department,"cities 2,500-9,999",west north central,non-suburban,0,0,0,0,0,0,0,0,0,0,0,0,0,0,0,0,0,0,0,0,0,0,0,0,0,0,0,0,0,0,0,0,0,0,0,0,0,0,0,0,0,0,0,0,0,0,0,0,0,0,0,0,0,0,0,0,0,0,0,0,0
Tea,2001,South Dakota,SD,1746,SD04105,SD0410500,46,083,46083,local police department,"cities under 2,500",west north central,suburban,2,0,2,2,0,0,2,0,2,0,0,1,1,0,0,0,0,0,0,0,0,0,0,0,0,0,0,0,0,0,0,0,0,0,0,0,0,0,0,0,0,0,0,0,0,0,0,0,0,0,0,0,0,0,0,0,0,0,1,0,1
Lyman,2001,South Dakota,SD,3904,SD04200,SD0420000,46,085,46085,sheriffs office,"non-msa cnty under 10,000",west north central,non-suburban,0,0,0,0,0,0,0,0,0,0,0,0,0,0,0,0,0,0,0,0,0,0,0,0,0,0,0,0,0,0,0,0,0,0,0,0,0,0,0,0,0,0,0,0,0,0,0,0,0,0,0,0,0,0,0,0,0,0,0,0,0
Mccook,2001,South Dakota,SD,4472,SD04300,SD0430000,46,087,46087,sheriffs office,"non-msa cnty under 10,000",west north central,non-suburban,1,1,0,1,0,1,0,0,0,0,0,0,0,0,0,0,0,0,0,0,0,0,0,0,1,0,0,0,0,0,0,0,0,0,0,0,0,0,0,0,0,0,0,0,0,0,0,0,0,0,0,0,0,0,0,0,1,0,0,0,0
Salem,2001,South Dakota,SD,1374,SD04301,SD0430100,46,087,46087,local police department,"cities under 2,500",west north central,non-suburban,0,0,0,0,0,0,0,0,0,0,0,0,0,0,0,0,0,0,0,0,0,0,0,0,0,0,0,0,0,0,0,0,0,0,0,0,0,0,0,0,0,0,0,0,0,0,0,0,0,0,0,0,0,0,0,0,0,0,0,0,0
Marshall,2001,South Dakota,SD,4587,SD04500,SD0450000,46,091,46091,sheriffs office,"non-msa cnty under 10,000",west north central,non-suburban,0,0,0,0,0,0,0,0,0,0,0,0,0,0,0,0,0,0,0,0,0,0,0,0,0,0,0,0,0,0,0,0,0,0,0,0,0,0,0,0,0,0,0,0,0,0,0,0,0,0,0,0,0,0,0,0,0,0,0,0,0
Meade,2001,South Dakota,SD,17362,SD04600,SD0460000,46,093,46093,sheriffs office,"non-msa cnty 10,000-24,999",west north central,non-suburban,1,1,0,1,0,1,0,0,0,0,0,0,0,0,0,0,0,0,0,0,0,0,1,0,0,0,0,0,0,0,0,0,0,0,0,0,0,0,0,0,0,0,0,0,0,0,0,0,0,0,0,0,0,1,0,0,0,0,0,0,0
Sturgis,2001,South Dakota,SD,6457,SD04601,SD0460100,46,093,46093,local police department,"cities 2,500-9,999",west north central,non-suburban,2,2,0,2,0,2,0,0,0,0,0,0,0,0,0,1,1,0,0,0,0,0,0,0,0,0,0,0,0,0,0,0,0,0,0,0,0,0,0,0,0,0,0,0,0,0,0,0,0,0,0,0,0,2,0,0,0,0,0,0,0
Miner,2001,South Dakota,SD,2891,SD04800,SD0480000,46,097,46097,sheriffs office,"non-msa cnty under 10,000",west north central,non-suburban,0,0,0,0,0,0,0,0,0,0,0,0,0,0,0,0,0,0,0,0,0,0,0,0,0,0,0,0,0,0,0,0,0,0,0,0,0,0,0,0,0,0,0,0,0,0,0,0,0,0,0,0,0,0,0,0,0,0,0,0,0
Minnehaha,2001,South Dakota,SD,24125,SD04900,SD0490000,46,099,46099,sheriffs office,"msa cnty 10,000-24,999",west north central,suburban,1,1,0,1,0,1,0,0,0,0,0,0,0,0,0,0,0,0,0,0,0,1,0,0,0,0,0,0,0,0,0,0,0,0,0,0,0,0,0,0,0,0,0,0,0,0,0,0,0,0,0,0,0,1,0,0,0,0,0,0,0
Sioux Falls,2001,South Dakota,SD,124263,SD04902,SD0490200,46,099,46099,local police department,"cities 100,000-249,999",west north central,non-suburban,30,9,21,25,5,7,18,2,18,0,2,6,2,0,8,1,0,1,1,1,0,2,0,0,1,0,0,0,0,0,0,0,1,1,0,0,1,0,1,0,0,0,0,0,0,1,0,0,0,0,0,0,0,5,0,0,4,13,1,0,7
Brandon,2001,South Dakota,SD,5706,SD04903,SD0490300,46,099,46099,local police department,"cities 2,500-9,999",west north central,suburban,0,0,0,0,0,0,0,0,0,0,0,0,0,0,0,0,0,0,0,0,0,0,0,0,0,0,0,0,0,0,0,0,0,0,0,0,0,0,0,0,0,0,0,0,0,0,0,0,0,0,0,0,0,0,0,0,0,0,0,0,0
Pennington,2001,South Dakota,SD,26177,SD05100,SD0510000,46,103,46103,sheriffs office,"msa cnty 25,000-99,999",west north central,suburban,8,5,3,6,2,4,2,1,2,0,0,0,0,1,1,2,0,1,0,0,1,0,0,0,0,0,0,0,0,0,0,0,0,0,0,1,0,0,0,0,0,0,0,0,0,0,0,1,0,0,0,0,0,2,0,0,3,2,0,0,1
Rapid City,2001,South Dakota,SD,59746,SD05101,SD0510100,46,103,46103,local police department,"cities 50,000-99,999",west north central,non-suburban,12,5,7,10,2,3,7,2,7,0,0,0,4,1,2,1,0,0,1,0,1,0,0,0,0,0,0,0,0,0,0,0,0,0,0,0,0,1,0,0,0,0,0,0,0,1,0,0,0,0,0,0,0,1,0,0,4,6,0,0,1
Box Elder,2001,South Dakota,SD,2848,SD05103,SD0510300,46,103,46103,local police department,"cities 2,500-9,999",west north central,suburban,0,0,0,0,0,0,0,0,0,0,0,0,0,0,0,0,0,0,0,0,0,0,0,0,0,0,0,0,0,0,0,0,0,0,0,0,0,0,0,0,0,0,0,0,0,0,0,0,0,0,0,0,0,0,0,0,0,0,0,0,0
Perkins,2001,South Dakota,SD,1970,SD05200,SD0520000,46,105,46105,sheriffs office,"non-msa cnty under 10,000",west north central,non-suburban,0,0,0,0,0,0,0,0,0,0,0,0,0,0,0,0,0,0,0,0,0,0,0,0,0,0,0,0,0,0,0,0,0,0,0,0,0,0,0,0,0,0,0,0,0,0,0,0,0,0,0,0,0,0,0,0,0,0,0,0,0
Lemmon,2001,South Dakota,SD,1401,SD05201,SD0520100,46,105,46105,local police department,"cities under 2,500",west north central,non-suburban,0,0,0,0,0,0,0,0,0,0,0,0,0,0,0,0,0,0,0,0,0,0,0,0,0,0,0,0,0,0,0,0,0,0,0,0,0,0,0,0,0,0,0,0,0,0,0,0,0,0,0,0,0,0,0,0,0,0,0,0,0
Sanborn,2001,South Dakota,SD,2681,SD05500,SD0550000,46,111,46111,sheriffs office,"non-msa cnty under 10,000",west north central,non-suburban,1,1,0,1,0,1,0,0,0,0,0,0,0,0,0,0,1,0,0,0,0,0,0,0,0,0,0,0,0,0,0,0,0,0,0,0,0,0,0,0,0,0,0,0,0,0,0,0,0,0,0,0,0,1,0,0,0,0,0,0,0
Stanley,2001,South Dakota,SD,2778,SD05800,SD0580000,46,117,46117,sheriffs office,"non-msa cnty under 10,000",west north central,non-suburban,0,0,0,0,0,0,0,0,0,0,0,0,0,0,0,0,0,0,0,0,0,0,0,0,0,0,0,0,0,0,0,0,0,0,0,0,0,0,0,0,0,0,0,0,0,0,0,0,0,0,0,0,0,0,0,0,0,0,0,0,0
Sully,2001,South Dakota,SD,1560,SD05900,SD0590000,46,119,46119,sheriffs office,"non-msa cnty under 10,000",west north central,non-suburban,0,0,0,0,0,0,0,0,0,0,0,0,0,0,0,0,0,0,0,0,0,0,0,0,0,0,0,0,0,0,0,0,0,0,0,0,0,0,0,0,0,0,0,0,0,0,0,0,0,0,0,0,0,0,0,0,0,0,0,0,0
Winner,2001,South Dakota,SD,3144,SD06101,SD0610100,46,123,46123,local police department,"cities 2,500-9,999",west north central,non-suburban,1,0,1,1,0,0,1,0,1,0,0,1,0,0,0,0,0,0,0,0,0,0,0,0,0,0,0,0,0,0,0,0,0,0,0,0,0,0,0,0,0,0,0,0,0,0,0,0,0,0,0,0,0,0,0,0,0,0,0,0,1
Beresford,2001,South Dakota,SD,2011,SD06301,SD0630100,46,127,46127,local police department,"cities under 2,500",west north central,non-suburban,0,0,0,0,0,0,0,0,0,0,0,0,0,0,0,0,0,0,0,0,0,0,0,0,0,0,0,0,0,0,0,0,0,0,0,0,0,0,0,0,0,0,0,0,0,0,0,0,0,0,0,0,0,0,0,0,0,0,0,0,0
Elk Point,2001,South Dakota,SD,1718,SD06302,SD0630200,46,127,46127,local police department,"cities under 2,500",west north central,non-suburban,0,0,0,0,0,0,0,0,0,0,0,0,0,0,0,0,0,0,0,0,0,0,0,0,0,0,0,0,0,0,0,0,0,0,0,0,0,0,0,0,0,0,0,0,0,0,0,0,0,0,0,0,0,0,0,0,0,0,0,0,0
Alcester,2001,South Dakota,SD,882,SD06303,SD0630300,46,127,46127,local police department,"cities under 2,500",west north central,non-suburban,1,0,1,0,1,0,0,0,0,0,0,0,0,0,0,0,0,0,0,0,0,0,0,0,0,0,0,0,0,0,0,0,1,0,0,0,0,0,0,0,0,0,0,0,0,0,0,0,0,0,0,0,0,0,0,0,0,1,0,0,0
North Sioux City,2001,South Dakota,SD,2293,SD06305,SD0630500,46,127,46127,local police department,"cities under 2,500",west north central,non-suburban,1,1,0,1,0,1,0,0,0,0,0,0,0,0,0,0,0,0,0,0,0,0,0,0,0,0,0,1,0,0,0,0,0,0,0,0,0,0,0,0,0,0,0,0,0,0,0,0,0,0,0,0,0,1,0,0,0,0,0,0,0
Walworth,2001,South Dakota,SD,1668,SD06400,SD0640000,46,129,46129,sheriffs office,"non-msa cnty under 10,000",west north central,non-suburban,0,0,0,0,0,0,0,0,0,0,0,0,0,0,0,0,0,0,0,0,0,0,0,0,0,0,0,0,0,0,0,0,0,0,0,0,0,0,0,0,0,0,0,0,0,0,0,0,0,0,0,0,0,0,0,0,0,0,0,0,0
Mobridge,2001,South Dakota,SD,3582,SD06401,SD0640100,46,129,46129,local police department,"cities 2,500-9,999",west north central,non-suburban,1,0,1,1,0,0,1,0,1,0,0,0,0,0,1,0,0,0,0,0,0,0,0,0,0,0,0,0,0,0,0,0,0,0,0,0,0,0,0,0,0,0,0,0,0,0,0,0,0,0,0,0,0,0,0,0,0,0,0,0,1
Yankton,2001,South Dakota,SD,8143,SD06600,SD0660000,46,135,46135,sheriffs office,"non-msa cnty under 10,000",west north central,non-suburban,1,1,0,1,0,1,0,0,0,0,0,0,0,0,0,1,0,0,0,0,0,0,0,0,0,0,0,0,0,0,0,0,0,0,0,0,0,0,0,0,0,0,0,0,0,0,0,0,0,0,0,0,0,1,0,0,0,0,0,0,0
Yankton,2001,South Dakota,SD,13559,SD06601,SD0660100,46,135,46135,local police department,"cities 10,000-24,999",west north central,non-suburban,1,0,1,0,1,0,0,0,0,0,0,0,0,0,0,0,0,0,0,0,0,0,0,0,0,0,0,0,0,0,0,0,0,1,0,0,0,0,0,0,0,0,0,0,0,0,0,0,0,0,0,0,0,0,0,0,0,1,0,0,0
Ziebach,2001,South Dakota,SD,2326,SD06700,SD0670000,46,137,46137,sheriffs office,"non-msa cnty under 10,000",west north central,non-suburban,0,0,0,0,0,0,0,0,0,0,0,0,0,0,0,0,0,0,0,0,0,0,0,0,0,0,0,0,0,0,0,0,0,0,0,0,0,0,0,0,0,0,0,0,0,0,0,0,0,0,0,0,0,0,0,0,0,0,0,0,0
Sd Div Of Criminal Inves,2001,South Dakota,SD,0,SDDCI00,SDDCI0000,46,065,46065,special jurisdiction,non-msa state police,west north central,non-suburban,0,0,0,0,0,0,0,0,0,0,0,0,0,0,0,0,0,0,0,0,0,0,0,0,0,0,0,0,0,0,0,0,0,0,0,0,0,0,0,0,0,0,0,0,0,0,0,0,0,0,0,0,0,0,0,0,0,0,0,0,0
Aurora,2002,South Dakota,SD,3083,SD00100,SD0010000,46,003,46003,sheriffs office,"non-msa cnty under 10,000",west north central,non-suburban,0,0,0,0,0,0,0,0,0,0,0,0,0,0,0,0,0,0,0,0,0,0,0,0,0,0,0,0,0,0,0,0,0,0,0,0,0,0,0,0,0,0,0,0,0,0,0,0,0,0,0,0,0,0,0,0,0,0,0,0,0
Beadle,2002,South Dakota,SD,5172,SD00200,SD0020000,46,005,46005,sheriffs office,"non-msa cnty under 10,000",west north central,non-suburban,0,0,0,0,0,0,0,0,0,0,0,0,0,0,0,0,0,0,0,0,0,0,0,0,0,0,0,0,0,0,0,0,0,0,0,0,0,0,0,0,0,0,0,0,0,0,0,0,0,0,0,0,0,0,0,0,0,0,0,0,0
Huron,2002,South Dakota,SD,11991,SD00201,SD0020100,46,005,46005,local police department,"cities 10,000-24,999",west north central,non-suburban,0,0,0,0,0,0,0,0,0,0,0,0,0,0,0,0,0,0,0,0,0,0,0,0,0,0,0,0,0,0,0,0,0,0,0,0,0,0,0,0,0,0,0,0,0,0,0,0,0,0,0,0,0,0,0,0,0,0,0,0,0
Bon Homme,2002,South Dakota,SD,7319,SD00400,SD0040000,46,009,46009,sheriffs office,"non-msa cnty under 10,000",west north central,non-suburban,0,0,0,0,0,0,0,0,0,0,0,0,0,0,0,0,0,0,0,0,0,0,0,0,0,0,0,0,0,0,0,0,0,0,0,0,0,0,0,0,0,0,0,0,0,0,0,0,0,0,0,0,0,0,0,0,0,0,0,0,0
Brookings,2002,South Dakota,SD,9796,SD00500,SD0050000,46,011,46011,sheriffs office,"non-msa cnty under 10,000",west north central,non-suburban,0,0,0,0,0,0,0,0,0,0,0,0,0,0,0,0,0,0,0,0,0,0,0,0,0,0,0,0,0,0,0,0,0,0,0,0,0,0,0,0,0,0,0,0,0,0,0,0,0,0,0,0,0,0,0,0,0,0,0,0,0
Brookings,2002,South Dakota,SD,18656,SD00501,SD0050100,46,011,46011,local police department,"cities 10,000-24,999",west north central,non-suburban,0,0,0,0,0,0,0,0,0,0,0,0,0,0,0,0,0,0,0,0,0,0,0,0,0,0,0,0,0,0,0,0,0,0,0,0,0,0,0,0,0,0,0,0,0,0,0,0,0,0,0,0,0,0,0,0,0,0,0,0,0
South Dakota State Univ,2002,South Dakota,SD,0,SD005UN,SD005UN00,46,011,46011,special jurisdiction,"cities under 2,500",west north central,non-suburban,0,0,0,0,0,0,0,0,0,0,0,0,0,0,0,0,0,0,0,0,0,0,0,0,0,0,0,0,0,0,0,0,0,0,0,0,0,0,0,0,0,0,0,0,0,0,0,0,0,0,0,0,0,0,0,0,0,0,0,0,0
Brown,2002,South Dakota,SD,9524,SD00600,SD0060000,46,013,46013,sheriffs office,"non-msa cnty under 10,000",west north central,non-suburban,0,0,0,0,0,0,0,0,0,0,0,0,0,0,0,0,0,0,0,0,0,0,0,0,0,0,0,0,0,0,0,0,0,0,0,0,0,0,0,0,0,0,0,0,0,0,0,0,0,0,0,0,0,0,0,0,0,0,0,0,0
Aberdeen,2002,South Dakota,SD,24861,SD00601,SD0060100,46,013,46013,local police department,"cities 10,000-24,999",west north central,non-suburban,7,6,1,5,2,4,1,2,1,0,0,0,1,0,0,0,1,0,1,0,0,0,1,0,1,0,0,0,0,0,0,0,0,0,0,0,0,0,0,0,0,0,0,0,1,0,0,0,0,0,1,0,0,4,0,0,2,1,0,0,0
Groton,2002,South Dakota,SD,1367,SD00602,SD0060200,46,013,46013,local police department,"cities under 2,500",west north central,non-suburban,2,0,2,2,0,0,2,0,2,0,0,0,2,0,0,0,0,0,0,0,0,0,0,0,0,0,0,0,0,0,0,0,0,0,0,0,0,0,0,0,0,0,0,0,0,0,0,0,0,0,0,0,0,0,0,0,0,2,0,0,0
Belle Fourche,2002,South Dakota,SD,4603,SD00901,SD0090100,46,019,46019,local police department,"cities 2,500-9,999",west north central,non-suburban,0,0,0,0,0,0,0,0,0,0,0,0,0,0,0,0,0,0,0,0,0,0,0,0,0,0,0,0,0,0,0,0,0,0,0,0,0,0,0,0,0,0,0,0,0,0,0,0,0,0,0,0,0,0,0,0,0,0,0,0,0
Charles Mix,2002,South Dakota,SD,7223,SD01100,SD0110000,46,023,46023,sheriffs office,"non-msa cnty under 10,000",west north central,non-suburban,1,0,1,1,0,0,1,0,1,0,0,0,0,1,0,0,0,0,0,0,0,0,0,0,0,0,0,0,0,0,0,0,0,0,0,0,0,0,0,0,0,0,0,0,0,0,0,0,0,0,0,0,0,0,0,0,0,0,0,0,1
Platte,2002,South Dakota,SD,1378,SD01102,SD0110200,46,023,46023,local police department,"cities under 2,500",west north central,non-suburban,0,0,0,0,0,0,0,0,0,0,0,0,0,0,0,0,0,0,0,0,0,0,0,0,0,0,0,0,0,0,0,0,0,0,0,0,0,0,0,0,0,0,0,0,0,0,0,0,0,0,0,0,0,0,0,0,0,0,0,0,0
Clark,2002,South Dakota,SD,2881,SD01200,SD0120000,46,025,46025,sheriffs office,"non-msa cnty under 10,000",west north central,non-suburban,0,0,0,0,0,0,0,0,0,0,0,0,0,0,0,0,0,0,0,0,0,0,0,0,0,0,0,0,0,0,0,0,0,0,0,0,0,0,0,0,0,0,0,0,0,0,0,0,0,0,0,0,0,0,0,0,0,0,0,0,0
Clay,2002,South Dakota,SD,3803,SD01300,SD0130000,46,027,46027,sheriffs office,"non-msa cnty under 10,000",west north central,non-suburban,0,0,0,0,0,0,0,0,0,0,0,0,0,0,0,0,0,0,0,0,0,0,0,0,0,0,0,0,0,0,0,0,0,0,0,0,0,0,0,0,0,0,0,0,0,0,0,0,0,0,0,0,0,0,0,0,0,0,0,0,0
Vermillion,2002,South Dakota,SD,9845,SD01301,SD0130100,46,027,46027,local police department,"cities 2,500-9,999",west north central,non-suburban,1,1,0,1,0,1,0,0,0,0,0,0,0,0,0,0,0,0,1,0,0,0,0,0,0,0,0,0,0,0,0,0,0,0,0,0,0,0,0,0,0,0,0,0,0,0,0,0,0,0,0,0,0,1,0,0,0,0,0,0,0
Codington,2002,South Dakota,SD,5707,SD01400,SD0140000,46,029,46029,sheriffs office,"non-msa cnty under 10,000",west north central,non-suburban,0,0,0,0,0,0,0,0,0,0,0,0,0,0,0,0,0,0,0,0,0,0,0,0,0,0,0,0,0,0,0,0,0,0,0,0,0,0,0,0,0,0,0,0,0,0,0,0,0,0,0,0,0,0,0,0,0,0,0,0,0
Watertown,2002,South Dakota,SD,20403,SD01401,SD0140100,46,029,46029,local police department,"cities 10,000-24,999",west north central,non-suburban,7,4,3,6,1,3,3,1,3,0,0,0,0,3,0,1,1,0,0,0,0,0,0,1,0,0,0,0,0,0,0,0,0,0,0,0,0,0,1,0,0,0,0,0,0,0,0,0,0,0,0,0,0,3,0,0,1,2,0,0,1
Corson,2002,South Dakota,SD,3433,SD01500,SD0150000,46,031,46031,sheriffs office,"non-msa cnty under 10,000",west north central,non-suburban,0,0,0,0,0,0,0,0,0,0,0,0,0,0,0,0,0,0,0,0,0,0,0,0,0,0,0,0,0,0,0,0,0,0,0,0,0,0,0,0,0,0,0,0,0,0,0,0,0,0,0,0,0,0,0,0,0,0,0,0,0
Mclaughlin,2002,South Dakota,SD,782,SD01502,SD0150200,46,031,46031,local police department,"cities under 2,500",west north central,non-suburban,0,0,0,0,0,0,0,0,0,0,0,0,0,0,0,0,0,0,0,0,0,0,0,0,0,0,0,0,0,0,0,0,0,0,0,0,0,0,0,0,0,0,0,0,0,0,0,0,0,0,0,0,0,0,0,0,0,0,0,0,0
Davison,2002,South Dakota,SD,4217,SD01700,SD0170000,46,035,46035,sheriffs office,"non-msa cnty under 10,000",west north central,non-suburban,3,3,0,3,0,3,0,0,0,0,0,0,0,0,0,0,1,2,0,0,0,0,0,0,0,0,0,0,0,0,0,0,0,0,0,0,0,0,0,0,0,0,0,0,0,0,0,0,0,0,0,0,0,3,0,0,0,0,0,0,0
Mitchell,2002,South Dakota,SD,14678,SD01701,SD0170100,46,035,46035,local police department,"cities 10,000-24,999",west north central,non-suburban,6,6,0,6,0,6,0,0,0,0,0,0,0,0,0,0,2,1,2,0,0,0,0,0,1,0,0,0,0,0,0,0,0,0,0,0,0,0,0,0,0,0,0,0,0,0,0,0,0,0,0,0,0,4,0,0,2,0,0,0,0
Day,2002,South Dakota,SD,4351,SD01800,SD0180000,46,037,46037,sheriffs office,"non-msa cnty under 10,000",west north central,non-suburban,0,0,0,0,0,0,0,0,0,0,0,0,0,0,0,0,0,0,0,0,0,0,0,0,0,0,0,0,0,0,0,0,0,0,0,0,0,0,0,0,0,0,0,0,0,0,0,0,0,0,0,0,0,0,0,0,0,0,0,0,0
Deuel,2002,South Dakota,SD,4535,SD01900,SD0190000,46,039,46039,sheriffs office,"non-msa cnty under 10,000",west north central,non-suburban,0,0,0,0,0,0,0,0,0,0,0,0,0,0,0,0,0,0,0,0,0,0,0,0,0,0,0,0,0,0,0,0,0,0,0,0,0,0,0,0,0,0,0,0,0,0,0,0,0,0,0,0,0,0,0,0,0,0,0,0,0
Dewey,2002,South Dakota,SD,5599,SD02000,SD0200000,46,041,46041,sheriffs office,"non-msa cnty under 10,000",west north central,non-suburban,3,3,0,3,0,3,0,0,0,0,0,0,0,0,0,0,0,0,1,1,0,1,0,0,0,0,0,0,0,0,0,0,0,0,0,0,0,0,0,0,0,0,0,0,0,0,0,0,0,0,0,0,0,0,0,0,3,0,0,0,0
Edmunds,2002,South Dakota,SD,4403,SD02200,SD0220000,46,045,46045,sheriffs office,"non-msa cnty under 10,000",west north central,non-suburban,1,1,0,1,0,1,0,0,0,0,0,0,0,0,0,0,0,0,0,0,0,1,0,0,0,0,0,0,0,0,0,0,0,0,0,0,0,0,0,0,0,0,0,0,0,0,0,0,0,0,0,0,0,1,0,0,0,0,0,0,0
Hot Springs,2002,South Dakota,SD,4163,SD02302,SD0230200,46,047,46047,local police department,"cities 2,500-9,999",west north central,non-suburban,2,2,0,2,0,2,0,0,0,0,0,0,0,0,0,0,1,0,0,0,0,0,0,0,1,0,0,0,0,0,0,0,0,0,0,0,0,0,0,0,0,0,0,0,0,0,0,0,0,0,0,0,0,1,0,0,1,0,0,0,0
Milbank,2002,South Dakota,SD,3670,SD02501,SD0250100,46,051,46051,local police department,"cities 2,500-9,999",west north central,non-suburban,0,0,0,0,0,0,0,0,0,0,0,0,0,0,0,0,0,0,0,0,0,0,0,0,0,0,0,0,0,0,0,0,0,0,0,0,0,0,0,0,0,0,0,0,0,0,0,0,0,0,0,0,0,0,0,0,0,0,0,0,0
Gregory,2002,South Dakota,SD,2797,SD02600,SD0260000,46,053,46053,sheriffs office,"non-msa cnty under 10,000",west north central,non-suburban,0,0,0,0,0,0,0,0,0,0,0,0,0,0,0,0,0,0,0,0,0,0,0,0,0,0,0,0,0,0,0,0,0,0,0,0,0,0,0,0,0,0,0,0,0,0,0,0,0,0,0,0,0,0,0,0,0,0,0,0,0
Estelline,2002,South Dakota,SD,680,SD02803,SD0280300,46,057,46057,local police department,"cities under 2,500",west north central,non-suburban,0,0,0,0,0,0,0,0,0,0,0,0,0,0,0,0,0,0,0,0,0,0,0,0,0,0,0,0,0,0,0,0,0,0,0,0,0,0,0,0,0,0,0,0,0,0,0,0,0,0,0,0,0,0,0,0,0,0,0,0,0
Hand,2002,South Dakota,SD,2229,SD02900,SD0290000,46,059,46059,sheriffs office,"non-msa cnty under 10,000",west north central,non-suburban,0,0,0,0,0,0,0,0,0,0,0,0,0,0,0,0,0,0,0,0,0,0,0,0,0,0,0,0,0,0,0,0,0,0,0,0,0,0,0,0,0,0,0,0,0,0,0,0,0,0,0,0,0,0,0,0,0,0,0,0,0
Miller,2002,South Dakota,SD,1543,SD02901,SD0290100,46,059,46059,local police department,"cities under 2,500",west north central,non-suburban,0,0,0,0,0,0,0,0,0,0,0,0,0,0,0,0,0,0,0,0,0,0,0,0,0,0,0,0,0,0,0,0,0,0,0,0,0,0,0,0,0,0,0,0,0,0,0,0,0,0,0,0,0,0,0,0,0,0,0,0,0
Buffalo,2002,South Dakota,SD,383,SD03101,SD0310100,46,063,46063,local police department,"cities under 2,500",west north central,non-suburban,0,0,0,0,0,0,0,0,0,0,0,0,0,0,0,0,0,0,0,0,0,0,0,0,0,0,0,0,0,0,0,0,0,0,0,0,0,0,0,0,0,0,0,0,0,0,0,0,0,0,0,0,0,0,0,0,0,0,0,0,0
Hughes,2002,South Dakota,SD,2627,SD03200,SD0320000,46,065,46065,sheriffs office,"non-msa cnty under 10,000",west north central,non-suburban,1,1,0,1,0,1,0,0,0,0,0,0,0,0,0,0,0,0,0,0,0,0,0,0,0,1,0,0,0,0,0,0,0,0,0,0,0,0,0,0,0,0,0,0,0,0,0,0,0,0,0,0,0,1,0,0,0,0,0,0,0
Pierre,2002,South Dakota,SD,13990,SD03201,SD0320100,46,065,46065,local police department,"cities 10,000-24,999",west north central,non-suburban,6,5,1,6,0,5,1,0,1,0,0,0,1,0,0,0,0,0,2,1,0,1,0,0,0,1,0,0,0,0,0,0,0,0,0,0,0,0,0,0,0,0,0,0,0,0,0,0,0,0,0,0,0,4,0,0,1,0,0,0,1
Hutchinson,2002,South Dakota,SD,5736,SD03300,SD0330000,46,067,46067,sheriffs office,"non-msa cnty under 10,000",west north central,non-suburban,0,0,0,0,0,0,0,0,0,0,0,0,0,0,0,0,0,0,0,0,0,0,0,0,0,0,0,0,0,0,0,0,0,0,0,0,0,0,0,0,0,0,0,0,0,0,0,0,0,0,0,0,0,0,0,0,0,0,0,0,0
Parkston,2002,South Dakota,SD,1688,SD03302,SD0330200,46,067,46067,local police department,"cities under 2,500",west north central,non-suburban,0,0,0,0,0,0,0,0,0,0,0,0,0,0,0,0,0,0,0,0,0,0,0,0,0,0,0,0,0,0,0,0,0,0,0,0,0,0,0,0,0,0,0,0,0,0,0,0,0,0,0,0,0,0,0,0,0,0,0,0,0
Hyde,2002,South Dakota,SD,1685,SD03400,SD0340000,46,069,46069,sheriffs office,"non-msa cnty under 10,000",west north central,non-suburban,0,0,0,0,0,0,0,0,0,0,0,0,0,0,0,0,0,0,0,0,0,0,0,0,0,0,0,0,0,0,0,0,0,0,0,0,0,0,0,0,0,0,0,0,0,0,0,0,0,0,0,0,0,0,0,0,0,0,0,0,0
Kadoka,2002,South Dakota,SD,712,SD03501,SD0350100,46,071,46071,local police department,"cities under 2,500",west north central,non-suburban,0,0,0,0,0,0,0,0,0,0,0,0,0,0,0,0,0,0,0,0,0,0,0,0,0,0,0,0,0,0,0,0,0,0,0,0,0,0,0,0,0,0,0,0,0,0,0,0,0,0,0,0,0,0,0,0,0,0,0,0,0
Jerauld,2002,South Dakota,SD,2314,SD03600,SD0360000,46,073,46073,sheriffs office,"non-msa cnty under 10,000",west north central,non-suburban,0,0,0,0,0,0,0,0,0,0,0,0,0,0,0,0,0,0,0,0,0,0,0,0,0,0,0,0,0,0,0,0,0,0,0,0,0,0,0,0,0,0,0,0,0,0,0,0,0,0,0,0,0,0,0,0,0,0,0,0,0
Madison,2002,South Dakota,SD,6594,SD03901,SD0390100,46,079,46079,local police department,"cities 2,500-9,999",west north central,non-suburban,5,5,0,5,0,5,0,0,0,0,0,0,0,0,0,2,0,0,1,0,0,0,0,1,1,0,0,0,0,0,0,0,0,0,0,0,0,0,0,0,0,0,0,0,0,0,0,0,0,0,0,0,0,5,0,0,0,0,0,0,0
Lawrence,2002,South Dakota,SD,8011,SD04000,SD0400000,46,081,46081,sheriffs office,"non-msa cnty under 10,000",west north central,non-suburban,2,2,0,2,0,2,0,0,0,0,0,0,0,0,0,0,0,0,0,0,0,0,1,0,1,0,0,0,0,0,0,0,0,0,0,0,0,0,0,0,0,0,0,0,0,0,0,0,0,0,0,0,0,2,0,0,0,0,0,0,0
Deadwood,2002,South Dakota,SD,1391,SD04001,SD0400100,46,081,46081,local police department,"cities under 2,500",west north central,non-suburban,1,1,0,1,0,1,0,0,0,0,0,0,0,0,0,0,0,0,1,0,0,0,0,0,0,0,0,0,0,0,0,0,0,0,0,0,0,0,0,0,0,0,0,0,0,0,0,0,0,0,0,0,0,0,0,0,1,0,0,0,0
Lead,2002,South Dakota,SD,3052,SD04002,SD0400200,46,081,46081,local police department,"cities 2,500-9,999",west north central,non-suburban,1,0,1,0,1,0,0,0,0,0,0,0,0,0,0,0,0,0,0,0,0,0,0,0,0,0,0,0,0,0,0,0,0,0,1,0,0,0,0,0,0,0,0,0,0,0,0,0,0,0,0,0,0,0,0,0,0,1,0,0,0
Spearfish,2002,South Dakota,SD,8677,SD04003,SD0400300,46,081,46081,local police department,"cities 2,500-9,999",west north central,non-suburban,2,0,2,2,0,0,2,0,2,0,1,1,0,0,0,0,0,0,0,0,0,0,0,0,0,0,0,0,0,0,0,0,0,0,0,0,0,0,0,0,0,0,0,0,0,0,0,0,0,0,0,0,0,0,0,0,0,0,0,0,2
Whitewood,2002,South Dakota,SD,851,SD04004,SD0400400,46,081,46081,local police department,"cities under 2,500",west north central,non-suburban,2,2,0,2,0,2,0,0,0,0,0,0,0,0,0,0,0,0,0,0,0,0,2,0,0,0,0,0,0,0,0,0,0,0,0,0,0,0,0,0,0,0,0,0,0,0,0,0,0,0,0,0,0,2,0,0,0,0,0,0,0
Lyman,2002,South Dakota,SD,3927,SD04200,SD0420000,46,085,46085,sheriffs office,"non-msa cnty under 10,000",west north central,non-suburban,0,0,0,0,0,0,0,0,0,0,0,0,0,0,0,0,0,0,0,0,0,0,0,0,0,0,0,0,0,0,0,0,0,0,0,0,0,0,0,0,0,0,0,0,0,0,0,0,0,0,0,0,0,0,0,0,0,0,0,0,0
Mccook,2002,South Dakota,SD,3792,SD04300,SD0430000,46,087,46087,sheriffs office,"non-msa cnty under 10,000",west north central,non-suburban,0,0,0,0,0,0,0,0,0,0,0,0,0,0,0,0,0,0,0,0,0,0,0,0,0,0,0,0,0,0,0,0,0,0,0,0,0,0,0,0,0,0,0,0,0,0,0,0,0,0,0,0,0,0,0,0,0,0,0,0,0
Salem,2002,South Dakota,SD,1382,SD04301,SD0430100,46,087,46087,local police department,"cities under 2,500",west north central,non-suburban,1,1,0,1,0,1,0,0,0,0,0,0,0,0,0,0,1,0,0,0,0,0,0,0,0,0,0,0,0,0,0,0,0,0,0,0,0,0,0,0,0,0,0,0,0,0,0,0,0,0,0,0,0,1,0,0,0,0,0,0,0
Canistota,2002,South Dakota,SD,706,SD04303,SD0430300,46,087,46087,local police department,"cities under 2,500",west north central,non-suburban,0,0,0,0,0,0,0,0,0,0,0,0,0,0,0,0,0,0,0,0,0,0,0,0,0,0,0,0,0,0,0,0,0,0,0,0,0,0,0,0,0,0,0,0,0,0,0,0,0,0,0,0,0,0,0,0,0,0,0,0,0
Eureka,2002,South Dakota,SD,1110,SD04401,SD0440100,46,089,46089,local police department,"cities under 2,500",west north central,non-suburban,0,0,0,0,0,0,0,0,0,0,0,0,0,0,0,0,0,0,0,0,0,0,0,0,0,0,0,0,0,0,0,0,0,0,0,0,0,0,0,0,0,0,0,0,0,0,0,0,0,0,0,0,0,0,0,0,0,0,0,0,0
Marshall,2002,South Dakota,SD,4614,SD04500,SD0450000,46,091,46091,sheriffs office,"non-msa cnty under 10,000",west north central,non-suburban,2,2,0,1,1,1,0,1,0,0,0,0,0,0,0,0,0,0,0,0,0,0,0,1,0,0,0,0,0,0,0,0,0,0,0,0,0,0,0,0,0,0,0,0,0,0,0,1,0,0,0,0,0,2,0,0,0,0,0,0,0
Meade,2002,South Dakota,SD,17465,SD04600,SD0460000,46,093,46093,sheriffs office,"non-msa cnty 10,000-24,999",west north central,non-suburban,0,0,0,0,0,0,0,0,0,0,0,0,0,0,0,0,0,0,0,0,0,0,0,0,0,0,0,0,0,0,0,0,0,0,0,0,0,0,0,0,0,0,0,0,0,0,0,0,0,0,0,0,0,0,0,0,0,0,0,0,0
Sturgis,2002,South Dakota,SD,6495,SD04601,SD0460100,46,093,46093,local police department,"cities 2,500-9,999",west north central,non-suburban,1,1,0,1,0,1,0,0,0,0,0,0,0,0,0,0,0,0,0,0,0,0,0,0,1,0,0,0,0,0,0,0,0,0,0,0,0,0,0,0,0,0,0,0,0,0,0,0,0,0,0,0,0,1,0,0,0,0,0,0,0
Mellette,2002,South Dakota,SD,2101,SD04700,SD0470000,46,095,46095,sheriffs office,"non-msa cnty under 10,000",west north central,non-suburban,0,0,0,0,0,0,0,0,0,0,0,0,0,0,0,0,0,0,0,0,0,0,0,0,0,0,0,0,0,0,0,0,0,0,0,0,0,0,0,0,0,0,0,0,0,0,0,0,0,0,0,0,0,0,0,0,0,0,0,0,0
Minnehaha,2002,South Dakota,SD,24271,SD04900,SD0490000,46,099,46099,sheriffs office,"msa cnty 10,000-24,999",west north central,suburban,1,1,0,1,0,1,0,0,0,0,0,0,0,0,0,0,0,0,0,0,0,1,0,0,0,0,0,0,0,0,0,0,0,0,0,0,0,0,0,0,0,0,0,0,0,0,0,0,0,0,0,0,0,1,0,0,0,0,0,0,0
Sioux Falls,2002,South Dakota,SD,124997,SD04902,SD0490200,46,099,46099,local police department,"cities 100,000-249,999",west north central,non-suburban,40,12,28,29,11,10,19,2,19,0,0,3,4,10,2,1,0,1,3,1,0,0,0,1,2,0,1,0,0,0,0,0,1,4,2,0,2,0,0,1,0,0,0,0,0,0,1,0,0,0,0,0,0,8,1,0,3,14,1,0,13
Brandon,2002,South Dakota,SD,5740,SD04903,SD0490300,46,099,46099,local police department,"cities 2,500-9,999",west north central,suburban,0,0,0,0,0,0,0,0,0,0,0,0,0,0,0,0,0,0,0,0,0,0,0,0,0,0,0,0,0,0,0,0,0,0,0,0,0,0,0,0,0,0,0,0,0,0,0,0,0,0,0,0,0,0,0,0,0,0,0,0,0
Pennington,2002,South Dakota,SD,26332,SD05100,SD0510000,46,103,46103,sheriffs office,"msa cnty 25,000-99,999",west north central,suburban,5,4,1,3,2,2,1,2,1,0,0,0,0,1,0,0,0,0,0,0,0,0,1,0,0,1,0,0,0,0,0,0,0,0,0,0,0,0,0,0,0,1,1,0,0,0,0,0,0,0,0,0,0,4,0,0,0,0,0,0,1
Rapid City,2002,South Dakota,SD,60098,SD05101,SD0510100,46,103,46103,local police department,"cities 50,000-99,999",west north central,non-suburban,18,5,13,12,6,5,7,0,7,0,1,0,0,2,4,0,0,0,1,0,1,0,0,0,3,0,0,0,0,0,0,0,0,5,0,0,1,0,0,0,0,0,0,0,0,0,0,0,0,0,0,0,0,3,0,0,2,3,0,1,9
Box Elder,2002,South Dakota,SD,2864,SD05103,SD0510300,46,103,46103,local police department,"cities 2,500-9,999",west north central,suburban,4,2,2,2,2,0,2,2,2,0,0,2,0,0,0,0,0,0,0,0,0,0,0,0,0,0,0,0,0,0,0,0,0,0,0,0,0,0,0,2,0,0,0,0,0,0,0,0,0,0,0,0,0,0,0,0,2,2,0,0,0
Perkins,2002,South Dakota,SD,1982,SD05200,SD0520000,46,105,46105,sheriffs office,"non-msa cnty under 10,000",west north central,non-suburban,2,2,0,2,0,2,0,0,0,0,0,0,0,0,0,0,0,0,0,0,2,0,0,0,0,0,0,0,0,0,0,0,0,0,0,0,0,0,0,0,0,0,0,0,0,0,0,0,0,0,0,0,0,2,0,0,0,0,0,0,0
Lemmon,2002,South Dakota,SD,1409,SD05201,SD0520100,46,105,46105,local police department,"cities under 2,500",west north central,non-suburban,0,0,0,0,0,0,0,0,0,0,0,0,0,0,0,0,0,0,0,0,0,0,0,0,0,0,0,0,0,0,0,0,0,0,0,0,0,0,0,0,0,0,0,0,0,0,0,0,0,0,0,0,0,0,0,0,0,0,0,0,0
Gettysburg,2002,South Dakota,SD,1363,SD05301,SD0530100,46,107,46107,local police department,"cities under 2,500",west north central,non-suburban,0,0,0,0,0,0,0,0,0,0,0,0,0,0,0,0,0,0,0,0,0,0,0,0,0,0,0,0,0,0,0,0,0,0,0,0,0,0,0,0,0,0,0,0,0,0,0,0,0,0,0,0,0,0,0,0,0,0,0,0,0
Sisseton,2002,South Dakota,SD,2593,SD05401,SD0540100,46,109,46109,local police department,"cities 2,500-9,999",west north central,non-suburban,11,3,8,9,2,2,7,1,7,0,0,7,0,0,0,0,0,0,0,0,0,0,1,0,0,1,0,0,0,0,0,0,0,1,0,0,0,0,0,0,0,0,0,0,0,0,1,0,0,0,0,0,0,0,0,0,3,0,0,0,8
Sanborn,2002,South Dakota,SD,2697,SD05500,SD0550000,46,111,46111,sheriffs office,"non-msa cnty under 10,000",west north central,non-suburban,0,0,0,0,0,0,0,0,0,0,0,0,0,0,0,0,0,0,0,0,0,0,0,0,0,0,0,0,0,0,0,0,0,0,0,0,0,0,0,0,0,0,0,0,0,0,0,0,0,0,0,0,0,0,0,0,0,0,0,0,0
Spink,2002,South Dakota,SD,7515,SD05700,SD0570000,46,115,46115,sheriffs office,"non-msa cnty under 10,000",west north central,non-suburban,1,1,0,1,0,1,0,0,0,0,0,0,0,0,0,0,0,0,1,0,0,0,0,0,0,0,0,0,0,0,0,0,0,0,0,0,0,0,0,0,0,0,0,0,0,0,0,0,0,0,0,0,0,0,0,0,1,0,0,0,0
Stanley,2002,South Dakota,SD,2795,SD05800,SD0580000,46,117,46117,sheriffs office,"non-msa cnty under 10,000",west north central,non-suburban,0,0,0,0,0,0,0,0,0,0,0,0,0,0,0,0,0,0,0,0,0,0,0,0,0,0,0,0,0,0,0,0,0,0,0,0,0,0,0,0,0,0,0,0,0,0,0,0,0,0,0,0,0,0,0,0,0,0,0,0,0
Sully,2002,South Dakota,SD,1569,SD05900,SD0590000,46,119,46119,sheriffs office,"non-msa cnty under 10,000",west north central,non-suburban,1,1,0,1,0,1,0,0,0,0,0,0,0,0,0,0,0,0,0,0,0,0,0,0,0,0,0,1,0,0,0,0,0,0,0,0,0,0,0,0,0,0,0,0,0,0,0,0,0,0,0,0,0,1,0,0,0,0,0,0,0
Winner,2002,South Dakota,SD,3162,SD06101,SD0610100,46,123,46123,local police department,"cities 2,500-9,999",west north central,non-suburban,1,0,1,1,0,0,1,0,1,0,1,0,0,0,0,0,0,0,0,0,0,0,0,0,0,0,0,0,0,0,0,0,0,0,0,0,0,0,0,0,0,0,0,0,0,0,0,0,0,0,0,0,0,0,0,0,0,0,0,0,1
Turner,2002,South Dakota,SD,8487,SD06200,SD0620000,46,125,46125,sheriffs office,"non-msa cnty under 10,000",west north central,non-suburban,0,0,0,0,0,0,0,0,0,0,0,0,0,0,0,0,0,0,0,0,0,0,0,0,0,0,0,0,0,0,0,0,0,0,0,0,0,0,0,0,0,0,0,0,0,0,0,0,0,0,0,0,0,0,0,0,0,0,0,0,0
Chancellor-davis,2002,South Dakota,SD,435,SD06203,SD0620300,46,125,46125,local police department,"cities under 2,500",west north central,non-suburban,0,0,0,0,0,0,0,0,0,0,0,0,0,0,0,0,0,0,0,0,0,0,0,0,0,0,0,0,0,0,0,0,0,0,0,0,0,0,0,0,0,0,0,0,0,0,0,0,0,0,0,0,0,0,0,0,0,0,0,0,0
Beresford,2002,South Dakota,SD,2022,SD06301,SD0630100,46,127,46127,local police department,"cities under 2,500",west north central,non-suburban,2,2,0,2,0,2,0,0,0,0,0,0,0,0,0,0,0,0,0,0,0,0,0,2,0,0,0,0,0,0,0,0,0,0,0,0,0,0,0,0,0,0,0,0,0,0,0,0,0,0,0,0,0,2,0,0,0,0,0,0,0
Elk Point,2002,South Dakota,SD,1728,SD06302,SD0630200,46,127,46127,local police department,"cities under 2,500",west north central,non-suburban,0,0,0,0,0,0,0,0,0,0,0,0,0,0,0,0,0,0,0,0,0,0,0,0,0,0,0,0,0,0,0,0,0,0,0,0,0,0,0,0,0,0,0,0,0,0,0,0,0,0,0,0,0,0,0,0,0,0,0,0,0
North Sioux City,2002,South Dakota,SD,2307,SD06305,SD0630500,46,127,46127,local police department,"cities under 2,500",west north central,non-suburban,1,1,0,1,0,1,0,0,0,0,0,0,0,0,0,0,0,0,0,0,1,0,0,0,0,0,0,0,0,0,0,0,0,0,0,0,0,0,0,0,0,0,0,0,0,0,0,0,0,0,0,0,0,1,0,0,0,0,0,0,0
Walworth,2002,South Dakota,SD,1679,SD06400,SD0640000,46,129,46129,sheriffs office,"non-msa cnty under 10,000",west north central,non-suburban,2,0,2,2,0,0,2,0,2,0,0,0,0,1,1,0,0,0,0,0,0,0,0,0,0,0,0,0,0,0,0,0,0,0,0,0,0,0,0,0,0,0,0,0,0,0,0,0,0,0,0,0,0,0,0,0,0,0,0,0,2
Mobridge,2002,South Dakota,SD,3603,SD06401,SD0640100,46,129,46129,local police department,"cities 2,500-9,999",west north central,non-suburban,2,2,0,1,1,1,0,1,0,0,0,0,0,0,0,0,1,0,0,0,0,0,0,0,0,0,0,0,0,0,0,0,0,0,0,0,0,0,0,0,0,0,0,0,0,0,0,0,1,0,0,0,0,0,0,0,2,0,0,0,0
Yankton,2002,South Dakota,SD,8192,SD06600,SD0660000,46,135,46135,sheriffs office,"non-msa cnty under 10,000",west north central,non-suburban,0,0,0,0,0,0,0,0,0,0,0,0,0,0,0,0,0,0,0,0,0,0,0,0,0,0,0,0,0,0,0,0,0,0,0,0,0,0,0,0,0,0,0,0,0,0,0,0,0,0,0,0,0,0,0,0,0,0,0,0,0
Yankton,2002,South Dakota,SD,13639,SD06601,SD0660100,46,135,46135,local police department,"cities 10,000-24,999",west north central,non-suburban,0,0,0,0,0,0,0,0,0,0,0,0,0,0,0,0,0,0,0,0,0,0,0,0,0,0,0,0,0,0,0,0,0,0,0,0,0,0,0,0,0,0,0,0,0,0,0,0,0,0,0,0,0,0,0,0,0,0,0,0,0
Ziebach,2002,South Dakota,SD,2339,SD06700,SD0670000,46,137,46137,sheriffs office,"non-msa cnty under 10,000",west north central,non-suburban,1,1,0,1,0,1,0,0,0,0,0,0,0,0,0,0,0,0,0,0,0,0,0,0,1,0,0,0,0,0,0,0,0,0,0,0,0,0,0,0,0,0,0,0,0,0,0,0,0,0,0,0,0,0,0,0,1,0,0,0,0
Div Of Criminal Invest,2002,South Dakota,SD,0,SDDCI00,SDDCI0000,46,065,46065,special jurisdiction,non-msa state police,west north central,non-suburban,3,3,0,3,0,3,0,0,0,0,0,0,0,0,0,0,0,2,0,1,0,0,0,0,0,0,0,0,0,0,0,0,0,0,0,0,0,0,0,0,0,0,0,0,0,0,0,0,0,0,0,0,0,3,0,0,0,0,0,0,0
Aurora,2003,South Dakota,SD,2974,SD00100,SD0010000,46,003,46003,sheriffs office,"non-msa cnty under 10,000",west north central,non-suburban,0,0,0,0,0,0,0,0,0,0,0,0,0,0,0,0,0,0,0,0,0,0,0,0,0,0,0,0,0,0,0,0,0,0,0,0,0,0,0,0,0,0,0,0,0,0,0,0,0,0,0,0,0,0,0,0,0,0,0,0,0
Beadle,2003,South Dakota,SD,5021,SD00200,SD0020000,46,005,46005,sheriffs office,"non-msa cnty under 10,000",west north central,non-suburban,0,0,0,0,0,0,0,0,0,0,0,0,0,0,0,0,0,0,0,0,0,0,0,0,0,0,0,0,0,0,0,0,0,0,0,0,0,0,0,0,0,0,0,0,0,0,0,0,0,0,0,0,0,0,0,0,0,0,0,0,0
Bennett,2003,South Dakota,SD,3550,SD00300,SD0030000,46,007,46007,sheriffs office,"non-msa cnty under 10,000",west north central,non-suburban,0,0,0,0,0,0,0,0,0,0,0,0,0,0,0,0,0,0,0,0,0,0,0,0,0,0,0,0,0,0,0,0,0,0,0,0,0,0,0,0,0,0,0,0,0,0,0,0,0,0,0,0,0,0,0,0,0,0,0,0,0
Bon Homme,2003,South Dakota,SD,4566,SD00400,SD0040000,46,009,46009,sheriffs office,"non-msa cnty under 10,000",west north central,non-suburban,0,0,0,0,0,0,0,0,0,0,0,0,0,0,0,0,0,0,0,0,0,0,0,0,0,0,0,0,0,0,0,0,0,0,0,0,0,0,0,0,0,0,0,0,0,0,0,0,0,0,0,0,0,0,0,0,0,0,0,0,0
Scotland,2003,South Dakota,SD,859,SD00401,SD0040100,46,009,46009,local police department,"cities under 2,500",west north central,non-suburban,0,0,0,0,0,0,0,0,0,0,0,0,0,0,0,0,0,0,0,0,0,0,0,0,0,0,0,0,0,0,0,0,0,0,0,0,0,0,0,0,0,0,0,0,0,0,0,0,0,0,0,0,0,0,0,0,0,0,0,0,0
Tyndall,2003,South Dakota,SD,1201,SD00403,SD0040300,46,009,46009,local police department,"cities under 2,500",west north central,non-suburban,0,0,0,0,0,0,0,0,0,0,0,0,0,0,0,0,0,0,0,0,0,0,0,0,0,0,0,0,0,0,0,0,0,0,0,0,0,0,0,0,0,0,0,0,0,0,0,0,0,0,0,0,0,0,0,0,0,0,0,0,0
Avon,2003,South Dakota,SD,552,SD00404,SD0040400,46,009,46009,local police department,"cities under 2,500",west north central,non-suburban,0,0,0,0,0,0,0,0,0,0,0,0,0,0,0,0,0,0,0,0,0,0,0,0,0,0,0,0,0,0,0,0,0,0,0,0,0,0,0,0,0,0,0,0,0,0,0,0,0,0,0,0,0,0,0,0,0,0,0,0,0
Brookings,2003,South Dakota,SD,9730,SD00500,SD0050000,46,011,46011,sheriffs office,"non-msa cnty under 10,000",west north central,non-suburban,0,0,0,0,0,0,0,0,0,0,0,0,0,0,0,0,0,0,0,0,0,0,0,0,0,0,0,0,0,0,0,0,0,0,0,0,0,0,0,0,0,0,0,0,0,0,0,0,0,0,0,0,0,0,0,0,0,0,0,0,0
Brookings,2003,South Dakota,SD,18783,SD00501,SD0050100,46,011,46011,local police department,"cities 10,000-24,999",west north central,non-suburban,0,0,0,0,0,0,0,0,0,0,0,0,0,0,0,0,0,0,0,0,0,0,0,0,0,0,0,0,0,0,0,0,0,0,0,0,0,0,0,0,0,0,0,0,0,0,0,0,0,0,0,0,0,0,0,0,0,0,0,0,0
South Dakota State Univ,2003,South Dakota,SD,0,SD005UN,SD005UN00,46,011,46011,special jurisdiction,"cities under 2,500",west north central,non-suburban,0,0,0,0,0,0,0,0,0,0,0,0,0,0,0,0,0,0,0,0,0,0,0,0,0,0,0,0,0,0,0,0,0,0,0,0,0,0,0,0,0,0,0,0,0,0,0,0,0,0,0,0,0,0,0,0,0,0,0,0,0
Brown,2003,South Dakota,SD,9385,SD00600,SD0060000,46,013,46013,sheriffs office,"non-msa cnty under 10,000",west north central,non-suburban,5,2,3,5,0,2,3,0,3,0,0,0,0,1,2,2,0,0,0,0,0,0,0,0,0,0,0,0,0,0,0,0,0,0,0,0,0,0,0,0,0,0,0,0,0,0,0,0,0,0,0,0,0,2,0,0,0,3,0,0,0
Aberdeen,2003,South Dakota,SD,24416,SD00601,SD0060100,46,013,46013,local police department,"cities 10,000-24,999",west north central,non-suburban,9,7,2,4,5,4,0,3,0,0,0,0,0,0,0,0,1,1,0,0,0,1,1,0,0,0,0,0,0,0,0,0,0,0,0,1,1,0,0,1,1,0,0,0,0,0,1,0,0,0,0,0,0,5,1,0,1,1,0,0,1
Butte,2003,South Dakota,SD,3906,SD00900,SD0090000,46,019,46019,sheriffs office,"non-msa cnty under 10,000",west north central,non-suburban,0,0,0,0,0,0,0,0,0,0,0,0,0,0,0,0,0,0,0,0,0,0,0,0,0,0,0,0,0,0,0,0,0,0,0,0,0,0,0,0,0,0,0,0,0,0,0,0,0,0,0,0,0,0,0,0,0,0,0,0,0
Belle Fourche,2003,South Dakota,SD,4515,SD00901,SD0090100,46,019,46019,local police department,"cities 2,500-9,999",west north central,non-suburban,0,0,0,0,0,0,0,0,0,0,0,0,0,0,0,0,0,0,0,0,0,0,0,0,0,0,0,0,0,0,0,0,0,0,0,0,0,0,0,0,0,0,0,0,0,0,0,0,0,0,0,0,0,0,0,0,0,0,0,0,0
Charles Mix,2003,South Dakota,SD,7103,SD01100,SD0110000,46,023,46023,sheriffs office,"non-msa cnty under 10,000",west north central,non-suburban,3,0,3,1,2,0,1,0,1,0,0,1,0,0,0,0,0,0,0,0,0,0,0,0,0,0,0,0,0,0,0,0,1,1,0,0,0,0,0,0,0,0,0,0,0,0,0,0,0,0,0,0,0,0,0,0,0,0,0,0,3
Lake Andes,2003,South Dakota,SD,801,SD01101,SD0110100,46,023,46023,local police department,"cities under 2,500",west north central,non-suburban,0,0,0,0,0,0,0,0,0,0,0,0,0,0,0,0,0,0,0,0,0,0,0,0,0,0,0,0,0,0,0,0,0,0,0,0,0,0,0,0,0,0,0,0,0,0,0,0,0,0,0,0,0,0,0,0,0,0,0,0,0
Platte,2003,South Dakota,SD,1342,SD01102,SD0110200,46,023,46023,local police department,"cities under 2,500",west north central,non-suburban,0,0,0,0,0,0,0,0,0,0,0,0,0,0,0,0,0,0,0,0,0,0,0,0,0,0,0,0,0,0,0,0,0,0,0,0,0,0,0,0,0,0,0,0,0,0,0,0,0,0,0,0,0,0,0,0,0,0,0,0,0
Clark,2003,South Dakota,SD,2774,SD01200,SD0120000,46,025,46025,sheriffs office,"non-msa cnty under 10,000",west north central,non-suburban,0,0,0,0,0,0,0,0,0,0,0,0,0,0,0,0,0,0,0,0,0,0,0,0,0,0,0,0,0,0,0,0,0,0,0,0,0,0,0,0,0,0,0,0,0,0,0,0,0,0,0,0,0,0,0,0,0,0,0,0,0
Clay,2003,South Dakota,SD,2954,SD01300,SD0130000,46,027,46027,sheriffs office,"non-msa cnty under 10,000",west north central,non-suburban,0,0,0,0,0,0,0,0,0,0,0,0,0,0,0,0,0,0,0,0,0,0,0,0,0,0,0,0,0,0,0,0,0,0,0,0,0,0,0,0,0,0,0,0,0,0,0,0,0,0,0,0,0,0,0,0,0,0,0,0,0
Vermillion,2003,South Dakota,SD,10108,SD01301,SD0130100,46,027,46027,local police department,"cities 10,000-24,999",west north central,non-suburban,0,0,0,0,0,0,0,0,0,0,0,0,0,0,0,0,0,0,0,0,0,0,0,0,0,0,0,0,0,0,0,0,0,0,0,0,0,0,0,0,0,0,0,0,0,0,0,0,0,0,0,0,0,0,0,0,0,0,0,0,0
Codington,2003,South Dakota,SD,5721,SD01400,SD0140000,46,029,46029,sheriffs office,"non-msa cnty under 10,000",west north central,non-suburban,0,0,0,0,0,0,0,0,0,0,0,0,0,0,0,0,0,0,0,0,0,0,0,0,0,0,0,0,0,0,0,0,0,0,0,0,0,0,0,0,0,0,0,0,0,0,0,0,0,0,0,0,0,0,0,0,0,0,0,0,0
Watertown,2003,South Dakota,SD,20277,SD01401,SD0140100,46,029,46029,local police department,"cities 10,000-24,999",west north central,non-suburban,10,5,5,8,2,4,4,1,4,0,0,3,0,0,1,0,0,0,1,0,0,0,1,0,1,0,0,1,0,0,0,0,0,0,1,0,0,1,0,0,0,0,0,0,0,0,0,0,0,0,0,0,0,4,1,0,0,5,0,0,0
Corson,2003,South Dakota,SD,3352,SD01500,SD0150000,46,031,46031,sheriffs office,"non-msa cnty under 10,000",west north central,non-suburban,0,0,0,0,0,0,0,0,0,0,0,0,0,0,0,0,0,0,0,0,0,0,0,0,0,0,0,0,0,0,0,0,0,0,0,0,0,0,0,0,0,0,0,0,0,0,0,0,0,0,0,0,0,0,0,0,0,0,0,0,0
Mclaughlin,2003,South Dakota,SD,801,SD01502,SD0150200,46,031,46031,local police department,"cities under 2,500",west north central,non-suburban,0,0,0,0,0,0,0,0,0,0,0,0,0,0,0,0,0,0,0,0,0,0,0,0,0,0,0,0,0,0,0,0,0,0,0,0,0,0,0,0,0,0,0,0,0,0,0,0,0,0,0,0,0,0,0,0,0,0,0,0,0
Custer,2003,South Dakota,SD,7181,SD01600,SD0160000,46,033,46033,sheriffs office,"non-msa cnty under 10,000",west north central,non-suburban,1,1,0,1,0,1,0,0,0,0,0,0,0,0,0,0,0,0,0,0,0,0,0,1,0,0,0,0,0,0,0,0,0,0,0,0,0,0,0,0,0,0,0,0,0,0,0,0,0,0,0,0,0,1,0,0,0,0,0,0,0
Davison,2003,South Dakota,SD,4160,SD01700,SD0170000,46,035,46035,sheriffs office,"non-msa cnty under 10,000",west north central,non-suburban,2,0,2,2,0,0,2,0,2,0,2,0,0,0,0,0,0,0,0,0,0,0,0,0,0,0,0,0,0,0,0,0,0,0,0,0,0,0,0,0,0,0,0,0,0,0,0,0,0,0,0,0,0,0,0,0,0,2,0,0,0
Mitchell,2003,South Dakota,SD,14688,SD01701,SD0170100,46,035,46035,local police department,"cities 10,000-24,999",west north central,non-suburban,7,5,2,5,2,5,0,0,0,0,0,0,0,0,0,0,1,1,0,0,0,0,2,0,0,0,1,0,0,0,0,0,0,1,0,1,0,0,0,0,0,0,0,0,0,0,0,0,0,0,0,0,0,2,0,0,3,0,0,0,2
Day,2003,South Dakota,SD,4207,SD01800,SD0180000,46,037,46037,sheriffs office,"non-msa cnty under 10,000",west north central,non-suburban,0,0,0,0,0,0,0,0,0,0,0,0,0,0,0,0,0,0,0,0,0,0,0,0,0,0,0,0,0,0,0,0,0,0,0,0,0,0,0,0,0,0,0,0,0,0,0,0,0,0,0,0,0,0,0,0,0,0,0,0,0
Webster,2003,South Dakota,SD,1892,SD01801,SD0180100,46,037,46037,local police department,"cities under 2,500",west north central,non-suburban,1,1,0,1,0,1,0,0,0,0,0,0,0,0,0,0,1,0,0,0,0,0,0,0,0,0,0,0,0,0,0,0,0,0,0,0,0,0,0,0,0,0,0,0,0,0,0,0,0,0,0,0,0,1,0,0,0,0,0,0,0
Deuel,2003,South Dakota,SD,4426,SD01900,SD0190000,46,039,46039,sheriffs office,"non-msa cnty under 10,000",west north central,non-suburban,0,0,0,0,0,0,0,0,0,0,0,0,0,0,0,0,0,0,0,0,0,0,0,0,0,0,0,0,0,0,0,0,0,0,0,0,0,0,0,0,0,0,0,0,0,0,0,0,0,0,0,0,0,0,0,0,0,0,0,0,0
Dewey,2003,South Dakota,SD,5621,SD02000,SD0200000,46,041,46041,sheriffs office,"non-msa cnty under 10,000",west north central,non-suburban,1,0,1,1,0,0,1,0,1,0,0,0,0,1,0,0,0,0,0,0,0,0,0,0,0,0,0,0,0,0,0,0,0,0,0,0,0,0,0,0,0,0,0,0,0,0,0,0,0,0,0,0,0,0,0,0,0,0,0,0,1
Edmunds,2003,South Dakota,SD,4269,SD02200,SD0220000,46,045,46045,sheriffs office,"non-msa cnty under 10,000",west north central,non-suburban,1,1,0,1,0,1,0,0,0,0,0,0,0,0,0,0,1,0,0,0,0,0,0,0,0,0,0,0,0,0,0,0,0,0,0,0,0,0,0,0,0,0,0,0,0,0,0,0,0,0,0,0,0,1,0,0,0,0,0,0,0
Hot Springs,2003,South Dakota,SD,4059,SD02302,SD0230200,46,047,46047,local police department,"cities 2,500-9,999",west north central,non-suburban,1,1,0,1,0,1,0,0,0,0,0,0,0,0,0,0,0,0,0,0,0,0,1,0,0,0,0,0,0,0,0,0,0,0,0,0,0,0,0,0,0,0,0,0,0,0,0,0,0,0,0,0,0,0,0,0,1,0,0,0,0
Milbank,2003,South Dakota,SD,3551,SD02501,SD0250100,46,051,46051,local police department,"cities 2,500-9,999",west north central,non-suburban,0,0,0,0,0,0,0,0,0,0,0,0,0,0,0,0,0,0,0,0,0,0,0,0,0,0,0,0,0,0,0,0,0,0,0,0,0,0,0,0,0,0,0,0,0,0,0,0,0,0,0,0,0,0,0,0,0,0,0,0,0
Hamlin,2003,South Dakota,SD,4215,SD02800,SD0280000,46,057,46057,sheriffs office,"non-msa cnty under 10,000",west north central,non-suburban,0,0,0,0,0,0,0,0,0,0,0,0,0,0,0,0,0,0,0,0,0,0,0,0,0,0,0,0,0,0,0,0,0,0,0,0,0,0,0,0,0,0,0,0,0,0,0,0,0,0,0,0,0,0,0,0,0,0,0,0,0
Estelline,2003,South Dakota,SD,683,SD02803,SD0280300,46,057,46057,local police department,"cities under 2,500",west north central,non-suburban,0,0,0,0,0,0,0,0,0,0,0,0,0,0,0,0,0,0,0,0,0,0,0,0,0,0,0,0,0,0,0,0,0,0,0,0,0,0,0,0,0,0,0,0,0,0,0,0,0,0,0,0,0,0,0,0,0,0,0,0,0
Miller,2003,South Dakota,SD,1454,SD02901,SD0290100,46,059,46059,local police department,"cities under 2,500",west north central,non-suburban,0,0,0,0,0,0,0,0,0,0,0,0,0,0,0,0,0,0,0,0,0,0,0,0,0,0,0,0,0,0,0,0,0,0,0,0,0,0,0,0,0,0,0,0,0,0,0,0,0,0,0,0,0,0,0,0,0,0,0,0,0
Harding,2003,South Dakota,SD,918,SD03100,SD0310000,46,063,46063,sheriffs office,"non-msa cnty under 10,000",west north central,non-suburban,1,1,0,0,1,0,0,1,0,0,0,0,0,0,0,0,0,0,0,0,0,0,0,0,0,0,0,0,0,0,0,0,0,0,0,0,0,1,0,0,0,0,0,0,0,0,0,0,0,0,0,0,0,1,0,0,0,0,0,0,0
Hughes,2003,South Dakota,SD,2737,SD03200,SD0320000,46,065,46065,sheriffs office,"non-msa cnty under 10,000",west north central,non-suburban,0,0,0,0,0,0,0,0,0,0,0,0,0,0,0,0,0,0,0,0,0,0,0,0,0,0,0,0,0,0,0,0,0,0,0,0,0,0,0,0,0,0,0,0,0,0,0,0,0,0,0,0,0,0,0,0,0,0,0,0,0
Pierre,2003,South Dakota,SD,14072,SD03201,SD0320100,46,065,46065,local police department,"cities 10,000-24,999",west north central,non-suburban,0,0,0,0,0,0,0,0,0,0,0,0,0,0,0,0,0,0,0,0,0,0,0,0,0,0,0,0,0,0,0,0,0,0,0,0,0,0,0,0,0,0,0,0,0,0,0,0,0,0,0,0,0,0,0,0,0,0,0,0,0
Hutchinson,2003,South Dakota,SD,5632,SD03300,SD0330000,46,067,46067,sheriffs office,"non-msa cnty under 10,000",west north central,non-suburban,0,0,0,0,0,0,0,0,0,0,0,0,0,0,0,0,0,0,0,0,0,0,0,0,0,0,0,0,0,0,0,0,0,0,0,0,0,0,0,0,0,0,0,0,0,0,0,0,0,0,0,0,0,0,0,0,0,0,0,0,0
Parkston,2003,South Dakota,SD,1643,SD03302,SD0330200,46,067,46067,local police department,"cities under 2,500",west north central,non-suburban,0,0,0,0,0,0,0,0,0,0,0,0,0,0,0,0,0,0,0,0,0,0,0,0,0,0,0,0,0,0,0,0,0,0,0,0,0,0,0,0,0,0,0,0,0,0,0,0,0,0,0,0,0,0,0,0,0,0,0,0,0
Hyde,2003,South Dakota,SD,784,SD03400,SD0340000,46,069,46069,sheriffs office,"non-msa cnty under 10,000",west north central,non-suburban,1,0,1,1,0,0,1,0,1,0,0,0,1,0,0,0,0,0,0,0,0,0,0,0,0,0,0,0,0,0,0,0,0,0,0,0,0,0,0,0,0,0,0,0,0,0,0,0,0,0,0,0,0,0,0,0,0,1,0,0,0
Jerauld,2003,South Dakota,SD,2230,SD03600,SD0360000,46,073,46073,sheriffs office,"non-msa cnty under 10,000",west north central,non-suburban,0,0,0,0,0,0,0,0,0,0,0,0,0,0,0,0,0,0,0,0,0,0,0,0,0,0,0,0,0,0,0,0,0,0,0,0,0,0,0,0,0,0,0,0,0,0,0,0,0,0,0,0,0,0,0,0,0,0,0,0,0
Murdo,2003,South Dakota,SD,566,SD03701,SD0370100,46,075,46075,local police department,"cities under 2,500",west north central,non-suburban,0,0,0,0,0,0,0,0,0,0,0,0,0,0,0,0,0,0,0,0,0,0,0,0,0,0,0,0,0,0,0,0,0,0,0,0,0,0,0,0,0,0,0,0,0,0,0,0,0,0,0,0,0,0,0,0,0,0,0,0,0
Kingsbury,2003,South Dakota,SD,5686,SD03800,SD0380000,46,077,46077,sheriffs office,"non-msa cnty under 10,000",west north central,non-suburban,0,0,0,0,0,0,0,0,0,0,0,0,0,0,0,0,0,0,0,0,0,0,0,0,0,0,0,0,0,0,0,0,0,0,0,0,0,0,0,0,0,0,0,0,0,0,0,0,0,0,0,0,0,0,0,0,0,0,0,0,0
Madison,2003,South Dakota,SD,6533,SD03901,SD0390100,46,079,46079,local police department,"cities 2,500-9,999",west north central,non-suburban,3,3,0,2,1,2,0,1,0,0,0,0,0,0,0,1,0,0,0,0,0,1,0,0,0,0,0,0,0,0,0,0,0,0,0,0,0,0,0,0,0,0,0,0,1,0,0,0,0,0,0,0,0,2,0,0,1,0,0,0,0
Lawrence,2003,South Dakota,SD,7900,SD04000,SD0400000,46,081,46081,sheriffs office,"non-msa cnty under 10,000",west north central,non-suburban,0,0,0,0,0,0,0,0,0,0,0,0,0,0,0,0,0,0,0,0,0,0,0,0,0,0,0,0,0,0,0,0,0,0,0,0,0,0,0,0,0,0,0,0,0,0,0,0,0,0,0,0,0,0,0,0,0,0,0,0,0
Deadwood,2003,South Dakota,SD,1318,SD04001,SD0400100,46,081,46081,local police department,"cities under 2,500",west north central,non-suburban,0,0,0,0,0,0,0,0,0,0,0,0,0,0,0,0,0,0,0,0,0,0,0,0,0,0,0,0,0,0,0,0,0,0,0,0,0,0,0,0,0,0,0,0,0,0,0,0,0,0,0,0,0,0,0,0,0,0,0,0,0
Lead,2003,South Dakota,SD,2963,SD04002,SD0400200,46,081,46081,local police department,"cities 2,500-9,999",west north central,non-suburban,0,0,0,0,0,0,0,0,0,0,0,0,0,0,0,0,0,0,0,0,0,0,0,0,0,0,0,0,0,0,0,0,0,0,0,0,0,0,0,0,0,0,0,0,0,0,0,0,0,0,0,0,0,0,0,0,0,0,0,0,0
Spearfish,2003,South Dakota,SD,8687,SD04003,SD0400300,46,081,46081,local police department,"cities 2,500-9,999",west north central,non-suburban,1,1,0,1,0,1,0,0,0,0,0,0,0,0,0,0,0,0,0,0,0,0,0,0,0,0,1,0,0,0,0,0,0,0,0,0,0,0,0,0,0,0,0,0,0,0,0,0,0,0,0,0,0,1,0,0,0,0,0,0,0
Whitewood,2003,South Dakota,SD,840,SD04004,SD0400400,46,081,46081,local police department,"cities under 2,500",west north central,non-suburban,0,0,0,0,0,0,0,0,0,0,0,0,0,0,0,0,0,0,0,0,0,0,0,0,0,0,0,0,0,0,0,0,0,0,0,0,0,0,0,0,0,0,0,0,0,0,0,0,0,0,0,0,0,0,0,0,0,0,0,0,0
Lincoln,2003,South Dakota,SD,8543,SD04100,SD0410000,46,083,46083,sheriffs office,"msa cnty under 10,000",west north central,suburban,0,0,0,0,0,0,0,0,0,0,0,0,0,0,0,0,0,0,0,0,0,0,0,0,0,0,0,0,0,0,0,0,0,0,0,0,0,0,0,0,0,0,0,0,0,0,0,0,0,0,0,0,0,0,0,0,0,0,0,0,0
Lennox,2003,South Dakota,SD,1976,SD04102,SD0410200,46,083,46083,local police department,"cities under 2,500",west north central,suburban,0,0,0,0,0,0,0,0,0,0,0,0,0,0,0,0,0,0,0,0,0,0,0,0,0,0,0,0,0,0,0,0,0,0,0,0,0,0,0,0,0,0,0,0,0,0,0,0,0,0,0,0,0,0,0,0,0,0,0,0,0
Tea,2003,South Dakota,SD,1954,SD04105,SD0410500,46,083,46083,local police department,"cities under 2,500",west north central,suburban,0,0,0,0,0,0,0,0,0,0,0,0,0,0,0,0,0,0,0,0,0,0,0,0,0,0,0,0,0,0,0,0,0,0,0,0,0,0,0,0,0,0,0,0,0,0,0,0,0,0,0,0,0,0,0,0,0,0,0,0,0
Worthing,2003,South Dakota,SD,632,SD04106,SD0410600,46,083,46083,local police department,"cities under 2,500",west north central,suburban,0,0,0,0,0,0,0,0,0,0,0,0,0,0,0,0,0,0,0,0,0,0,0,0,0,0,0,0,0,0,0,0,0,0,0,0,0,0,0,0,0,0,0,0,0,0,0,0,0,0,0,0,0,0,0,0,0,0,0,0,0
Lyman,2003,South Dakota,SD,3994,SD04200,SD0420000,46,085,46085,sheriffs office,"non-msa cnty under 10,000",west north central,non-suburban,1,1,0,1,0,1,0,0,0,0,0,0,0,0,0,0,0,0,0,1,0,0,0,0,0,0,0,0,0,0,0,0,0,0,0,0,0,0,0,0,0,0,0,0,0,0,0,0,0,0,0,0,0,0,0,0,1,0,0,0,0
Mccook,2003,South Dakota,SD,3246,SD04300,SD0430000,46,087,46087,sheriffs office,"msa cnty under 10,000",west north central,suburban,0,0,0,0,0,0,0,0,0,0,0,0,0,0,0,0,0,0,0,0,0,0,0,0,0,0,0,0,0,0,0,0,0,0,0,0,0,0,0,0,0,0,0,0,0,0,0,0,0,0,0,0,0,0,0,0,0,0,0,0,0
Canistota,2003,South Dakota,SD,706,SD04303,SD0430300,46,087,46087,local police department,"cities under 2,500",west north central,suburban,0,0,0,0,0,0,0,0,0,0,0,0,0,0,0,0,0,0,0,0,0,0,0,0,0,0,0,0,0,0,0,0,0,0,0,0,0,0,0,0,0,0,0,0,0,0,0,0,0,0,0,0,0,0,0,0,0,0,0,0,0
Marshall,2003,South Dakota,SD,4423,SD04500,SD0450000,46,091,46091,sheriffs office,"non-msa cnty under 10,000",west north central,non-suburban,0,0,0,0,0,0,0,0,0,0,0,0,0,0,0,0,0,0,0,0,0,0,0,0,0,0,0,0,0,0,0,0,0,0,0,0,0,0,0,0,0,0,0,0,0,0,0,0,0,0,0,0,0,0,0,0,0,0,0,0,0
Meade,2003,South Dakota,SD,17663,SD04600,SD0460000,46,093,46093,sheriffs office,"msa cnty 10,000-24,999",west north central,suburban,0,0,0,0,0,0,0,0,0,0,0,0,0,0,0,0,0,0,0,0,0,0,0,0,0,0,0,0,0,0,0,0,0,0,0,0,0,0,0,0,0,0,0,0,0,0,0,0,0,0,0,0,0,0,0,0,0,0,0,0,0
Sturgis,2003,South Dakota,SD,6431,SD04601,SD0460100,46,093,46093,local police department,"cities 2,500-9,999",west north central,suburban,5,2,3,3,2,1,2,1,2,0,0,0,0,1,1,1,0,0,0,0,0,0,0,0,0,0,0,0,0,0,0,0,0,1,0,0,0,0,0,0,0,0,0,0,0,0,0,1,0,0,0,0,0,2,0,0,0,2,1,0,0
Mellette,2003,South Dakota,SD,1947,SD04700,SD0470000,46,095,46095,sheriffs office,"non-msa cnty under 10,000",west north central,non-suburban,0,0,0,0,0,0,0,0,0,0,0,0,0,0,0,0,0,0,0,0,0,0,0,0,0,0,0,0,0,0,0,0,0,0,0,0,0,0,0,0,0,0,0,0,0,0,0,0,0,0,0,0,0,0,0,0,0,0,0,0,0
Minnehaha,2003,South Dakota,SD,24978,SD04900,SD0490000,46,099,46099,sheriffs office,"msa cnty 10,000-24,999",west north central,suburban,1,1,0,1,0,1,0,0,0,0,0,0,0,0,0,0,0,0,1,0,0,0,0,0,0,0,0,0,0,0,0,0,0,0,0,0,0,0,0,0,0,0,0,0,0,0,0,0,0,0,0,0,0,1,0,0,0,0,0,0,0
Sioux Falls,2003,South Dakota,SD,131048,SD04902,SD0490200,46,099,46099,local police department,"cities 100,000-249,999",west north central,non-suburban,29,14,15,22,7,9,13,5,13,0,0,1,3,1,8,1,0,1,2,0,0,1,2,0,1,1,0,0,0,0,0,0,1,1,0,0,0,0,0,0,0,0,0,1,0,2,0,0,1,1,0,0,0,8,1,1,4,14,0,0,1
Brandon,2003,South Dakota,SD,6238,SD04903,SD0490300,46,099,46099,local police department,"cities 2,500-9,999",west north central,suburban,0,0,0,0,0,0,0,0,0,0,0,0,0,0,0,0,0,0,0,0,0,0,0,0,0,0,0,0,0,0,0,0,0,0,0,0,0,0,0,0,0,0,0,0,0,0,0,0,0,0,0,0,0,0,0,0,0,0,0,0,0
Garretson,2003,South Dakota,SD,1161,SD04905,SD0490500,46,099,46099,local police department,"cities under 2,500",west north central,suburban,0,0,0,0,0,0,0,0,0,0,0,0,0,0,0,0,0,0,0,0,0,0,0,0,0,0,0,0,0,0,0,0,0,0,0,0,0,0,0,0,0,0,0,0,0,0,0,0,0,0,0,0,0,0,0,0,0,0,0,0,0
Moody,2003,South Dakota,SD,5982,SD05000,SD0500000,46,101,46101,sheriffs office,"non-msa cnty under 10,000",west north central,non-suburban,0,0,0,0,0,0,0,0,0,0,0,0,0,0,0,0,0,0,0,0,0,0,0,0,0,0,0,0,0,0,0,0,0,0,0,0,0,0,0,0,0,0,0,0,0,0,0,0,0,0,0,0,0,0,0,0,0,0,0,0,0
Pennington,2003,South Dakota,SD,27818,SD05100,SD0510000,46,103,46103,sheriffs office,"msa cnty 25,000-99,999",west north central,suburban,2,1,1,1,1,1,0,0,0,0,0,0,0,0,0,0,0,0,0,0,1,0,0,0,0,0,0,0,0,0,0,0,0,1,0,0,0,0,0,0,0,0,0,0,0,0,0,0,0,0,0,0,0,0,0,0,1,0,0,0,1
Rapid City,2003,South Dakota,SD,60519,SD05101,SD0510100,46,103,46103,local police department,"cities 50,000-99,999",west north central,non-suburban,16,3,13,12,4,3,9,0,9,0,1,5,1,2,0,0,0,0,0,1,0,0,1,0,0,0,0,0,1,0,0,0,0,3,0,1,0,0,0,0,0,0,0,0,0,0,0,0,0,0,0,0,0,1,0,0,2,1,0,0,12
Box Elder,2003,South Dakota,SD,2907,SD05103,SD0510300,46,103,46103,local police department,"cities 2,500-9,999",west north central,suburban,0,0,0,0,0,0,0,0,0,0,0,0,0,0,0,0,0,0,0,0,0,0,0,0,0,0,0,0,0,0,0,0,0,0,0,0,0,0,0,0,0,0,0,0,0,0,0,0,0,0,0,0,0,0,0,0,0,0,0,0,0
Lemmon,2003,South Dakota,SD,1349,SD05201,SD0520100,46,105,46105,local police department,"cities under 2,500",west north central,non-suburban,0,0,0,0,0,0,0,0,0,0,0,0,0,0,0,0,0,0,0,0,0,0,0,0,0,0,0,0,0,0,0,0,0,0,0,0,0,0,0,0,0,0,0,0,0,0,0,0,0,0,0,0,0,0,0,0,0,0,0,0,0
Gettysburg,2003,South Dakota,SD,1266,SD05301,SD0530100,46,107,46107,local police department,"cities under 2,500",west north central,non-suburban,0,0,0,0,0,0,0,0,0,0,0,0,0,0,0,0,0,0,0,0,0,0,0,0,0,0,0,0,0,0,0,0,0,0,0,0,0,0,0,0,0,0,0,0,0,0,0,0,0,0,0,0,0,0,0,0,0,0,0,0,0
Roberts,2003,South Dakota,SD,7245,SD05400,SD0540000,46,109,46109,sheriffs office,"non-msa cnty under 10,000",west north central,non-suburban,2,1,1,1,1,0,1,1,1,0,0,0,0,1,0,0,0,0,0,0,0,0,0,0,0,0,0,0,0,0,0,0,0,0,0,0,0,1,0,0,0,0,0,0,0,0,0,0,0,0,0,0,0,1,0,0,0,0,0,0,1
Sisseton,2003,South Dakota,SD,2579,SD05401,SD0540100,46,109,46109,local police department,"cities 2,500-9,999",west north central,non-suburban,2,2,0,1,1,1,0,1,0,0,0,0,0,0,0,0,0,0,0,0,0,0,0,0,0,0,1,0,0,0,0,0,0,0,0,0,0,0,1,0,0,0,0,0,0,0,0,0,0,0,0,0,0,0,0,0,2,0,0,0,0
Sanborn,2003,South Dakota,SD,2600,SD05500,SD0550000,46,111,46111,sheriffs office,"non-msa cnty under 10,000",west north central,non-suburban,0,0,0,0,0,0,0,0,0,0,0,0,0,0,0,0,0,0,0,0,0,0,0,0,0,0,0,0,0,0,0,0,0,0,0,0,0,0,0,0,0,0,0,0,0,0,0,0,0,0,0,0,0,0,0,0,0,0,0,0,0
Spink,2003,South Dakota,SD,7153,SD05700,SD0570000,46,115,46115,sheriffs office,"non-msa cnty under 10,000",west north central,non-suburban,0,0,0,0,0,0,0,0,0,0,0,0,0,0,0,0,0,0,0,0,0,0,0,0,0,0,0,0,0,0,0,0,0,0,0,0,0,0,0,0,0,0,0,0,0,0,0,0,0,0,0,0,0,0,0,0,0,0,0,0,0
Stanley,2003,South Dakota,SD,2775,SD05800,SD0580000,46,117,46117,sheriffs office,"non-msa cnty under 10,000",west north central,non-suburban,0,0,0,0,0,0,0,0,0,0,0,0,0,0,0,0,0,0,0,0,0,0,0,0,0,0,0,0,0,0,0,0,0,0,0,0,0,0,0,0,0,0,0,0,0,0,0,0,0,0,0,0,0,0,0,0,0,0,0,0,0
Winner,2003,South Dakota,SD,3081,SD06101,SD0610100,46,123,46123,local police department,"cities 2,500-9,999",west north central,non-suburban,1,0,1,1,0,0,1,0,1,0,0,0,0,1,0,0,0,0,0,0,0,0,0,0,0,0,0,0,0,0,0,0,0,0,0,0,0,0,0,0,0,0,0,0,0,0,0,0,0,0,0,0,0,0,0,0,0,0,0,0,1
Turner,2003,South Dakota,SD,5933,SD06200,SD0620000,46,125,46125,sheriffs office,"msa cnty under 10,000",west north central,suburban,0,0,0,0,0,0,0,0,0,0,0,0,0,0,0,0,0,0,0,0,0,0,0,0,0,0,0,0,0,0,0,0,0,0,0,0,0,0,0,0,0,0,0,0,0,0,0,0,0,0,0,0,0,0,0,0,0,0,0,0,0
Centerville,2003,South Dakota,SD,888,SD06202,SD0620200,46,125,46125,local police department,"cities under 2,500",west north central,suburban,0,0,0,0,0,0,0,0,0,0,0,0,0,0,0,0,0,0,0,0,0,0,0,0,0,0,0,0,0,0,0,0,0,0,0,0,0,0,0,0,0,0,0,0,0,0,0,0,0,0,0,0,0,0,0,0,0,0,0,0,0
Viborg,2003,South Dakota,SD,829,SD06206,SD0620600,46,125,46125,local police department,"cities under 2,500",west north central,suburban,2,2,0,2,0,2,0,0,0,0,0,0,0,0,0,0,1,0,0,1,0,0,0,0,0,0,0,0,0,0,0,0,0,0,0,0,0,0,0,0,0,0,0,0,0,0,0,0,0,0,0,0,0,2,0,0,0,0,0,0,0
Union,2003,South Dakota,SD,5729,SD06300,SD0630000,46,127,46127,sheriffs office,"msa cnty under 10,000",west north central,suburban,0,0,0,0,0,0,0,0,0,0,0,0,0,0,0,0,0,0,0,0,0,0,0,0,0,0,0,0,0,0,0,0,0,0,0,0,0,0,0,0,0,0,0,0,0,0,0,0,0,0,0,0,0,0,0,0,0,0,0,0,0
Beresford,2003,South Dakota,SD,1990,SD06301,SD0630100,46,127,46127,local police department,"cities under 2,500",west north central,suburban,0,0,0,0,0,0,0,0,0,0,0,0,0,0,0,0,0,0,0,0,0,0,0,0,0,0,0,0,0,0,0,0,0,0,0,0,0,0,0,0,0,0,0,0,0,0,0,0,0,0,0,0,0,0,0,0,0,0,0,0,0
Elk Point,2003,South Dakota,SD,1798,SD06302,SD0630200,46,127,46127,local police department,"cities under 2,500",west north central,suburban,0,0,0,0,0,0,0,0,0,0,0,0,0,0,0,0,0,0,0,0,0,0,0,0,0,0,0,0,0,0,0,0,0,0,0,0,0,0,0,0,0,0,0,0,0,0,0,0,0,0,0,0,0,0,0,0,0,0,0,0,0
Jefferson,2003,South Dakota,SD,594,SD06304,SD0630400,46,127,46127,local police department,"cities under 2,500",west north central,suburban,0,0,0,0,0,0,0,0,0,0,0,0,0,0,0,0,0,0,0,0,0,0,0,0,0,0,0,0,0,0,0,0,0,0,0,0,0,0,0,0,0,0,0,0,0,0,0,0,0,0,0,0,0,0,0,0,0,0,0,0,0
North Sioux City,2003,South Dakota,SD,2352,SD06305,SD0630500,46,127,46127,local police department,"cities under 2,500",west north central,suburban,0,0,0,0,0,0,0,0,0,0,0,0,0,0,0,0,0,0,0,0,0,0,0,0,0,0,0,0,0,0,0,0,0,0,0,0,0,0,0,0,0,0,0,0,0,0,0,0,0,0,0,0,0,0,0,0,0,0,0,0,0
Mobridge,2003,South Dakota,SD,3403,SD06401,SD0640100,46,129,46129,local police department,"cities 2,500-9,999",west north central,non-suburban,2,2,0,2,0,2,0,0,0,0,0,0,0,0,0,0,0,0,1,0,0,0,0,1,0,0,0,0,0,0,0,0,0,0,0,0,0,0,0,0,0,0,0,0,0,0,0,0,0,0,0,0,0,2,0,0,0,0,0,0,0
Yankton,2003,South Dakota,SD,8043,SD06600,SD0660000,46,135,46135,sheriffs office,"non-msa cnty under 10,000",west north central,non-suburban,3,1,2,3,0,1,2,0,2,0,0,0,2,0,0,0,0,0,1,0,0,0,0,0,0,0,0,0,0,0,0,0,0,0,0,0,0,0,0,0,0,0,0,0,0,0,0,0,0,0,0,0,0,1,0,0,0,2,0,0,0
Yankton,2003,South Dakota,SD,13497,SD06601,SD0660100,46,135,46135,local police department,"cities 10,000-24,999",west north central,non-suburban,2,2,0,2,0,2,0,0,0,0,0,0,0,0,0,1,0,1,0,0,0,0,0,0,0,0,0,0,0,0,0,0,0,0,0,0,0,0,0,0,0,0,0,0,0,0,0,0,0,0,0,0,0,2,0,0,0,0,0,0,0
Div Of Criminal Invest,2003,South Dakota,SD,0,SDDCI00,SDDCI0000,46,065,46065,special jurisdiction,non-msa state police,west north central,non-suburban,0,0,0,0,0,0,0,0,0,0,0,0,0,0,0,0,0,0,0,0,0,0,0,0,0,0,0,0,0,0,0,0,0,0,0,0,0,0,0,0,0,0,0,0,0,0,0,0,0,0,0,0,0,0,0,0,0,0,0,0,0
Martin,2004,South Dakota,SD,1058,SD00301,SD0030100,46,007,46007,local police department,"cities under 2,500",west north central,non-suburban,0,0,0,0,0,0,0,0,0,0,0,0,0,0,0,0,0,0,0,0,0,0,0,0,0,0,0,0,0,0,0,0,0,0,0,0,0,0,0,0,0,0,0,0,0,0,0,0,0,0,0,0,0,0,0,0,0,0,0,0,0
Brookings,2004,South Dakota,SD,9885,SD00500,SD0050000,46,011,46011,sheriffs office,"non-msa cnty under 10,000",west north central,non-suburban,0,0,0,0,0,0,0,0,0,0,0,0,0,0,0,0,0,0,0,0,0,0,0,0,0,0,0,0,0,0,0,0,0,0,0,0,0,0,0,0,0,0,0,0,0,0,0,0,0,0,0,0,0,0,0,0,0,0,0,0,0
Brookings,2004,South Dakota,SD,18623,SD00501,SD0050100,46,011,46011,local police department,"cities 10,000-24,999",west north central,non-suburban,0,0,0,0,0,0,0,0,0,0,0,0,0,0,0,0,0,0,0,0,0,0,0,0,0,0,0,0,0,0,0,0,0,0,0,0,0,0,0,0,0,0,0,0,0,0,0,0,0,0,0,0,0,0,0,0,0,0,0,0,0
South Dakota State Univ,2004,South Dakota,SD,0,SD005UN,SD005UN00,46,011,46011,special jurisdiction,"cities under 2,500",west north central,non-suburban,0,0,0,0,0,0,0,0,0,0,0,0,0,0,0,0,0,0,0,0,0,0,0,0,0,0,0,0,0,0,0,0,0,0,0,0,0,0,0,0,0,0,0,0,0,0,0,0,0,0,0,0,0,0,0,0,0,0,0,0,0
Brown,2004,South Dakota,SD,9321,SD00600,SD0060000,46,013,46013,sheriffs office,"non-msa cnty under 10,000",west north central,non-suburban,0,0,0,0,0,0,0,0,0,0,0,0,0,0,0,0,0,0,0,0,0,0,0,0,0,0,0,0,0,0,0,0,0,0,0,0,0,0,0,0,0,0,0,0,0,0,0,0,0,0,0,0,0,0,0,0,0,0,0,0,0
Aberdeen,2004,South Dakota,SD,24293,SD00601,SD0060100,46,013,46013,local police department,"cities 10,000-24,999",west north central,non-suburban,6,3,3,4,2,3,1,0,1,0,0,1,0,0,0,0,0,0,0,0,0,0,0,0,1,1,0,0,0,1,0,0,0,1,1,0,0,0,0,0,0,0,0,0,0,0,0,0,0,0,0,0,0,3,0,0,0,1,0,0,2
Groton,2004,South Dakota,SD,1350,SD00602,SD0060200,46,013,46013,local police department,"cities under 2,500",west north central,non-suburban,0,0,0,0,0,0,0,0,0,0,0,0,0,0,0,0,0,0,0,0,0,0,0,0,0,0,0,0,0,0,0,0,0,0,0,0,0,0,0,0,0,0,0,0,0,0,0,0,0,0,0,0,0,0,0,0,0,0,0,0,0
Chamberlain,2004,South Dakota,SD,2299,SD00701,SD0070100,46,015,46015,local police department,"cities under 2,500",west north central,non-suburban,0,0,0,0,0,0,0,0,0,0,0,0,0,0,0,0,0,0,0,0,0,0,0,0,0,0,0,0,0,0,0,0,0,0,0,0,0,0,0,0,0,0,0,0,0,0,0,0,0,0,0,0,0,0,0,0,0,0,0,0,0
Butte,2004,South Dakota,SD,4675,SD00900,SD0090000,46,019,46019,sheriffs office,"non-msa cnty under 10,000",west north central,non-suburban,1,1,0,1,0,1,0,0,0,0,0,0,0,0,0,0,0,0,0,0,0,0,1,0,0,0,0,0,0,0,0,0,0,0,0,0,0,0,0,0,0,0,0,0,0,0,0,0,0,0,0,0,0,1,0,0,0,0,0,0,0
Belle Fourche,2004,South Dakota,SD,4616,SD00901,SD0090100,46,019,46019,local police department,"cities 2,500-9,999",west north central,non-suburban,0,0,0,0,0,0,0,0,0,0,0,0,0,0,0,0,0,0,0,0,0,0,0,0,0,0,0,0,0,0,0,0,0,0,0,0,0,0,0,0,0,0,0,0,0,0,0,0,0,0,0,0,0,0,0,0,0,0,0,0,0
Campbell,2004,South Dakota,SD,1693,SD01000,SD0100000,46,021,46021,sheriffs office,"non-msa cnty under 10,000",west north central,non-suburban,0,0,0,0,0,0,0,0,0,0,0,0,0,0,0,0,0,0,0,0,0,0,0,0,0,0,0,0,0,0,0,0,0,0,0,0,0,0,0,0,0,0,0,0,0,0,0,0,0,0,0,0,0,0,0,0,0,0,0,0,0
Charles Mix,2004,South Dakota,SD,5487,SD01100,SD0110000,46,023,46023,sheriffs office,"non-msa cnty under 10,000",west north central,non-suburban,0,0,0,0,0,0,0,0,0,0,0,0,0,0,0,0,0,0,0,0,0,0,0,0,0,0,0,0,0,0,0,0,0,0,0,0,0,0,0,0,0,0,0,0,0,0,0,0,0,0,0,0,0,0,0,0,0,0,0,0,0
Lake Andes,2004,South Dakota,SD,797,SD01101,SD0110100,46,023,46023,local police department,"cities under 2,500",west north central,non-suburban,0,0,0,0,0,0,0,0,0,0,0,0,0,0,0,0,0,0,0,0,0,0,0,0,0,0,0,0,0,0,0,0,0,0,0,0,0,0,0,0,0,0,0,0,0,0,0,0,0,0,0,0,0,0,0,0,0,0,0,0,0
Wagner,2004,South Dakota,SD,1633,SD01103,SD0110300,46,023,46023,local police department,"cities under 2,500",west north central,non-suburban,2,2,0,0,2,0,0,2,0,0,0,0,0,0,0,0,0,0,0,0,0,0,0,0,0,0,0,0,0,0,0,0,0,0,0,0,0,0,1,0,0,0,0,0,0,0,0,0,1,0,0,0,0,1,0,0,1,0,0,0,0
Clark,2004,South Dakota,SD,1225,SD01201,SD0120100,46,025,46025,local police department,"cities under 2,500",west north central,non-suburban,0,0,0,0,0,0,0,0,0,0,0,0,0,0,0,0,0,0,0,0,0,0,0,0,0,0,0,0,0,0,0,0,0,0,0,0,0,0,0,0,0,0,0,0,0,0,0,0,0,0,0,0,0,0,0,0,0,0,0,0,0
Clay,2004,South Dakota,SD,2953,SD01300,SD0130000,46,027,46027,sheriffs office,"non-msa cnty under 10,000",west north central,non-suburban,0,0,0,0,0,0,0,0,0,0,0,0,0,0,0,0,0,0,0,0,0,0,0,0,0,0,0,0,0,0,0,0,0,0,0,0,0,0,0,0,0,0,0,0,0,0,0,0,0,0,0,0,0,0,0,0,0,0,0,0,0
Vermillion,2004,South Dakota,SD,10157,SD01301,SD0130100,46,027,46027,local police department,"cities 10,000-24,999",west north central,non-suburban,0,0,0,0,0,0,0,0,0,0,0,0,0,0,0,0,0,0,0,0,0,0,0,0,0,0,0,0,0,0,0,0,0,0,0,0,0,0,0,0,0,0,0,0,0,0,0,0,0,0,0,0,0,0,0,0,0,0,0,0,0
Codington,2004,South Dakota,SD,5787,SD01400,SD0140000,46,029,46029,sheriffs office,"non-msa cnty under 10,000",west north central,non-suburban,2,0,2,2,0,0,2,0,2,0,0,0,2,0,0,0,0,0,0,0,0,0,0,0,0,0,0,0,0,0,0,0,0,0,0,0,0,0,0,0,0,0,0,0,0,0,0,0,0,0,0,0,0,0,0,0,0,0,0,0,2
Watertown,2004,South Dakota,SD,20365,SD01401,SD0140100,46,029,46029,local police department,"cities 10,000-24,999",west north central,non-suburban,8,5,3,6,2,3,3,2,3,0,0,1,1,1,0,0,1,0,0,2,0,0,0,0,0,0,0,0,0,0,0,0,0,0,0,0,0,0,0,0,0,0,0,1,0,1,0,0,0,0,0,0,0,5,0,0,0,2,0,0,1
Corson,2004,South Dakota,SD,3321,SD01500,SD0150000,46,031,46031,sheriffs office,"non-msa cnty under 10,000",west north central,non-suburban,0,0,0,0,0,0,0,0,0,0,0,0,0,0,0,0,0,0,0,0,0,0,0,0,0,0,0,0,0,0,0,0,0,0,0,0,0,0,0,0,0,0,0,0,0,0,0,0,0,0,0,0,0,0,0,0,0,0,0,0,0
Mclaughlin,2004,South Dakota,SD,787,SD01502,SD0150200,46,031,46031,local police department,"cities under 2,500",west north central,non-suburban,0,0,0,0,0,0,0,0,0,0,0,0,0,0,0,0,0,0,0,0,0,0,0,0,0,0,0,0,0,0,0,0,0,0,0,0,0,0,0,0,0,0,0,0,0,0,0,0,0,0,0,0,0,0,0,0,0,0,0,0,0
Davison,2004,South Dakota,SD,4102,SD01700,SD0170000,46,035,46035,sheriffs office,"non-msa cnty under 10,000",west north central,non-suburban,3,1,2,3,0,1,2,0,2,0,0,1,1,0,0,0,0,0,0,0,0,0,1,0,0,0,0,0,0,0,0,0,0,0,0,0,0,0,0,0,0,0,0,0,0,0,0,0,0,0,0,0,0,0,0,0,1,1,0,0,1
Mitchell,2004,South Dakota,SD,14803,SD01701,SD0170100,46,035,46035,local police department,"cities 10,000-24,999",west north central,non-suburban,2,2,0,2,0,2,0,0,0,0,0,0,0,0,0,0,0,0,0,1,0,1,0,0,0,0,0,0,0,0,0,0,0,0,0,0,0,0,0,0,0,0,0,0,0,0,0,0,0,0,0,0,0,1,0,0,1,0,0,0,0
Day,2004,South Dakota,SD,3475,SD01800,SD0180000,46,037,46037,sheriffs office,"non-msa cnty under 10,000",west north central,non-suburban,0,0,0,0,0,0,0,0,0,0,0,0,0,0,0,0,0,0,0,0,0,0,0,0,0,0,0,0,0,0,0,0,0,0,0,0,0,0,0,0,0,0,0,0,0,0,0,0,0,0,0,0,0,0,0,0,0,0,0,0,0
Deuel,2004,South Dakota,SD,4402,SD01900,SD0190000,46,039,46039,sheriffs office,"non-msa cnty under 10,000",west north central,non-suburban,0,0,0,0,0,0,0,0,0,0,0,0,0,0,0,0,0,0,0,0,0,0,0,0,0,0,0,0,0,0,0,0,0,0,0,0,0,0,0,0,0,0,0,0,0,0,0,0,0,0,0,0,0,0,0,0,0,0,0,0,0
Dewey,2004,South Dakota,SD,5737,SD02000,SD0200000,46,041,46041,sheriffs office,"non-msa cnty under 10,000",west north central,non-suburban,0,0,0,0,0,0,0,0,0,0,0,0,0,0,0,0,0,0,0,0,0,0,0,0,0,0,0,0,0,0,0,0,0,0,0,0,0,0,0,0,0,0,0,0,0,0,0,0,0,0,0,0,0,0,0,0,0,0,0,0,0
Edmunds,2004,South Dakota,SD,4257,SD02200,SD0220000,46,045,46045,sheriffs office,"non-msa cnty under 10,000",west north central,non-suburban,0,0,0,0,0,0,0,0,0,0,0,0,0,0,0,0,0,0,0,0,0,0,0,0,0,0,0,0,0,0,0,0,0,0,0,0,0,0,0,0,0,0,0,0,0,0,0,0,0,0,0,0,0,0,0,0,0,0,0,0,0
Hot Springs,2004,South Dakota,SD,4073,SD02302,SD0230200,46,047,46047,local police department,"cities 2,500-9,999",west north central,non-suburban,0,0,0,0,0,0,0,0,0,0,0,0,0,0,0,0,0,0,0,0,0,0,0,0,0,0,0,0,0,0,0,0,0,0,0,0,0,0,0,0,0,0,0,0,0,0,0,0,0,0,0,0,0,0,0,0,0,0,0,0,0
Faulk,2004,South Dakota,SD,2490,SD02400,SD0240000,46,049,46049,sheriffs office,"non-msa cnty under 10,000",west north central,non-suburban,1,1,0,1,0,1,0,0,0,0,0,0,0,0,0,0,0,0,0,0,0,0,1,0,0,0,0,0,0,0,0,0,0,0,0,0,0,0,0,0,0,0,0,0,0,0,0,0,0,0,0,0,0,1,0,0,0,0,0,0,0
Miller,2004,South Dakota,SD,1447,SD02901,SD0290100,46,059,46059,local police department,"cities under 2,500",west north central,non-suburban,0,0,0,0,0,0,0,0,0,0,0,0,0,0,0,0,0,0,0,0,0,0,0,0,0,0,0,0,0,0,0,0,0,0,0,0,0,0,0,0,0,0,0,0,0,0,0,0,0,0,0,0,0,0,0,0,0,0,0,0,0
Hanson,2004,South Dakota,SD,3540,SD03000,SD0300000,46,061,46061,sheriffs office,"non-msa cnty under 10,000",west north central,non-suburban,1,1,0,1,0,1,0,0,0,0,0,0,0,0,0,0,0,0,0,0,0,0,0,0,0,0,0,0,1,0,0,0,0,0,0,0,0,0,0,0,0,0,0,0,0,0,0,0,0,0,0,0,0,1,0,0,0,0,0,0,0
Hughes,2004,South Dakota,SD,2769,SD03200,SD0320000,46,065,46065,sheriffs office,"non-msa cnty under 10,000",west north central,non-suburban,1,0,1,1,0,0,1,0,1,0,0,1,0,0,0,0,0,0,0,0,0,0,0,0,0,0,0,0,0,0,0,0,0,0,0,0,0,0,0,0,0,0,0,0,0,0,0,0,0,0,0,0,0,0,0,0,0,0,0,0,1
Pierre,2004,South Dakota,SD,14059,SD03201,SD0320100,46,065,46065,local police department,"cities 10,000-24,999",west north central,non-suburban,3,2,1,3,0,2,1,0,1,0,0,0,0,0,1,0,0,1,0,0,1,0,0,0,0,0,0,0,0,0,0,0,0,0,0,0,0,0,0,0,0,0,0,0,0,0,0,0,0,0,0,0,0,0,0,0,2,0,0,0,1
Hutchinson,2004,South Dakota,SD,3511,SD03300,SD0330000,46,067,46067,sheriffs office,"non-msa cnty under 10,000",west north central,non-suburban,0,0,0,0,0,0,0,0,0,0,0,0,0,0,0,0,0,0,0,0,0,0,0,0,0,0,0,0,0,0,0,0,0,0,0,0,0,0,0,0,0,0,0,0,0,0,0,0,0,0,0,0,0,0,0,0,0,0,0,0,0
Freeman,2004,South Dakota,SD,1276,SD03301,SD0330100,46,067,46067,local police department,"cities under 2,500",west north central,non-suburban,1,1,0,1,0,1,0,0,0,0,0,0,0,0,0,0,1,0,0,0,0,0,0,0,0,0,0,0,0,0,0,0,0,0,0,0,0,0,0,0,0,0,0,0,0,0,0,0,0,0,0,0,0,1,0,0,0,0,0,0,0
Parkston,2004,South Dakota,SD,1608,SD03302,SD0330200,46,067,46067,local police department,"cities under 2,500",west north central,non-suburban,0,0,0,0,0,0,0,0,0,0,0,0,0,0,0,0,0,0,0,0,0,0,0,0,0,0,0,0,0,0,0,0,0,0,0,0,0,0,0,0,0,0,0,0,0,0,0,0,0,0,0,0,0,0,0,0,0,0,0,0,0
Kadoka,2004,South Dakota,SD,681,SD03501,SD0350100,46,071,46071,local police department,"cities under 2,500",west north central,non-suburban,0,0,0,0,0,0,0,0,0,0,0,0,0,0,0,0,0,0,0,0,0,0,0,0,0,0,0,0,0,0,0,0,0,0,0,0,0,0,0,0,0,0,0,0,0,0,0,0,0,0,0,0,0,0,0,0,0,0,0,0,0
Jerauld,2004,South Dakota,SD,2199,SD03600,SD0360000,46,073,46073,sheriffs office,"non-msa cnty under 10,000",west north central,non-suburban,0,0,0,0,0,0,0,0,0,0,0,0,0,0,0,0,0,0,0,0,0,0,0,0,0,0,0,0,0,0,0,0,0,0,0,0,0,0,0,0,0,0,0,0,0,0,0,0,0,0,0,0,0,0,0,0,0,0,0,0,0
Murdo,2004,South Dakota,SD,567,SD03701,SD0370100,46,075,46075,local police department,"cities under 2,500",west north central,non-suburban,0,0,0,0,0,0,0,0,0,0,0,0,0,0,0,0,0,0,0,0,0,0,0,0,0,0,0,0,0,0,0,0,0,0,0,0,0,0,0,0,0,0,0,0,0,0,0,0,0,0,0,0,0,0,0,0,0,0,0,0,0
Kingsbury,2004,South Dakota,SD,5603,SD03800,SD0380000,46,077,46077,sheriffs office,"non-msa cnty under 10,000",west north central,non-suburban,1,1,0,1,0,1,0,0,0,0,0,0,0,0,0,0,0,0,0,0,0,0,0,0,1,0,0,0,0,0,0,0,0,0,0,0,0,0,0,0,0,0,0,0,0,0,0,0,0,0,0,0,0,1,0,0,0,0,0,0,0
Madison,2004,South Dakota,SD,6357,SD03901,SD0390100,46,079,46079,local police department,"cities 2,500-9,999",west north central,non-suburban,2,2,0,1,1,1,0,1,0,0,0,0,0,0,0,0,0,0,0,0,0,0,1,0,0,0,0,0,0,0,0,0,0,0,0,0,0,0,1,0,0,0,0,0,0,0,0,0,0,0,0,0,0,2,0,0,0,0,0,0,0
Lawrence,2004,South Dakota,SD,7989,SD04000,SD0400000,46,081,46081,sheriffs office,"non-msa cnty under 10,000",west north central,non-suburban,0,0,0,0,0,0,0,0,0,0,0,0,0,0,0,0,0,0,0,0,0,0,0,0,0,0,0,0,0,0,0,0,0,0,0,0,0,0,0,0,0,0,0,0,0,0,0,0,0,0,0,0,0,0,0,0,0,0,0,0,0
Deadwood,2004,South Dakota,SD,1318,SD04001,SD0400100,46,081,46081,local police department,"cities under 2,500",west north central,non-suburban,0,0,0,0,0,0,0,0,0,0,0,0,0,0,0,0,0,0,0,0,0,0,0,0,0,0,0,0,0,0,0,0,0,0,0,0,0,0,0,0,0,0,0,0,0,0,0,0,0,0,0,0,0,0,0,0,0,0,0,0,0
Lead,2004,South Dakota,SD,2964,SD04002,SD0400200,46,081,46081,local police department,"cities 2,500-9,999",west north central,non-suburban,0,0,0,0,0,0,0,0,0,0,0,0,0,0,0,0,0,0,0,0,0,0,0,0,0,0,0,0,0,0,0,0,0,0,0,0,0,0,0,0,0,0,0,0,0,0,0,0,0,0,0,0,0,0,0,0,0,0,0,0,0
Spearfish,2004,South Dakota,SD,8946,SD04003,SD0400300,46,081,46081,local police department,"cities 2,500-9,999",west north central,non-suburban,8,6,2,6,2,5,1,1,1,0,0,0,1,0,0,2,0,0,1,0,0,0,0,1,0,1,0,0,0,0,0,0,0,0,1,0,0,1,0,0,0,0,0,0,0,0,0,0,0,0,0,0,0,5,1,0,0,1,0,0,1
Lincoln,2004,South Dakota,SD,9525,SD04100,SD0410000,46,083,46083,sheriffs office,"msa cnty under 10,000",west north central,suburban,0,0,0,0,0,0,0,0,0,0,0,0,0,0,0,0,0,0,0,0,0,0,0,0,0,0,0,0,0,0,0,0,0,0,0,0,0,0,0,0,0,0,0,0,0,0,0,0,0,0,0,0,0,0,0,0,0,0,0,0,0
Tea,2004,South Dakota,SD,2004,SD04105,SD0410500,46,083,46083,local police department,"cities under 2,500",west north central,suburban,0,0,0,0,0,0,0,0,0,0,0,0,0,0,0,0,0,0,0,0,0,0,0,0,0,0,0,0,0,0,0,0,0,0,0,0,0,0,0,0,0,0,0,0,0,0,0,0,0,0,0,0,0,0,0,0,0,0,0,0,0
Mccook,2004,South Dakota,SD,2729,SD04300,SD0430000,46,087,46087,sheriffs office,"msa cnty under 10,000",west north central,suburban,0,0,0,0,0,0,0,0,0,0,0,0,0,0,0,0,0,0,0,0,0,0,0,0,0,0,0,0,0,0,0,0,0,0,0,0,0,0,0,0,0,0,0,0,0,0,0,0,0,0,0,0,0,0,0,0,0,0,0,0,0
Marshall,2004,South Dakota,SD,4309,SD04500,SD0450000,46,091,46091,sheriffs office,"non-msa cnty under 10,000",west north central,non-suburban,2,2,0,1,1,1,0,1,0,0,0,0,0,0,0,0,0,0,0,0,0,0,0,1,0,0,0,0,0,0,0,0,0,0,0,0,0,0,1,0,0,0,0,0,0,0,0,0,0,0,0,0,0,2,0,0,0,0,0,0,0
Meade,2004,South Dakota,SD,17981,SD04600,SD0460000,46,093,46093,sheriffs office,"msa cnty 10,000-24,999",west north central,suburban,0,0,0,0,0,0,0,0,0,0,0,0,0,0,0,0,0,0,0,0,0,0,0,0,0,0,0,0,0,0,0,0,0,0,0,0,0,0,0,0,0,0,0,0,0,0,0,0,0,0,0,0,0,0,0,0,0,0,0,0,0
Sturgis,2004,South Dakota,SD,6444,SD04601,SD0460100,46,093,46093,local police department,"cities 2,500-9,999",west north central,suburban,1,1,0,1,0,1,0,0,0,0,0,0,0,0,0,1,0,0,0,0,0,0,0,0,0,0,0,0,0,0,0,0,0,0,0,0,0,0,0,0,0,0,0,0,0,0,0,0,0,0,0,0,0,1,0,0,0,0,0,0,0
Faith,2004,South Dakota,SD,503,SD04602,SD0460200,46,093,46093,local police department,"cities under 2,500",west north central,suburban,0,0,0,0,0,0,0,0,0,0,0,0,0,0,0,0,0,0,0,0,0,0,0,0,0,0,0,0,0,0,0,0,0,0,0,0,0,0,0,0,0,0,0,0,0,0,0,0,0,0,0,0,0,0,0,0,0,0,0,0,0
Mellette,2004,South Dakota,SD,2136,SD04700,SD0470000,46,095,46095,sheriffs office,"non-msa cnty under 10,000",west north central,non-suburban,0,0,0,0,0,0,0,0,0,0,0,0,0,0,0,0,0,0,0,0,0,0,0,0,0,0,0,0,0,0,0,0,0,0,0,0,0,0,0,0,0,0,0,0,0,0,0,0,0,0,0,0,0,0,0,0,0,0,0,0,0
Miner,2004,South Dakota,SD,2740,SD04800,SD0480000,46,097,46097,sheriffs office,"non-msa cnty under 10,000",west north central,non-suburban,0,0,0,0,0,0,0,0,0,0,0,0,0,0,0,0,0,0,0,0,0,0,0,0,0,0,0,0,0,0,0,0,0,0,0,0,0,0,0,0,0,0,0,0,0,0,0,0,0,0,0,0,0,0,0,0,0,0,0,0,0
Minnehaha,2004,South Dakota,SD,20151,SD04900,SD0490000,46,099,46099,sheriffs office,"msa cnty 10,000-24,999",west north central,suburban,2,2,0,2,0,2,0,0,0,0,0,0,0,0,0,0,0,0,0,0,0,0,2,0,0,0,0,0,0,0,0,0,0,0,0,0,0,0,0,0,0,0,0,0,0,0,0,0,0,0,0,0,0,2,0,0,0,0,0,0,0
Sioux Falls,2004,South Dakota,SD,134985,SD04902,SD0490200,46,099,46099,local police department,"cities 100,000-249,999",west north central,non-suburban,48,16,32,28,20,13,15,3,15,0,0,8,7,0,0,2,0,0,2,0,0,3,2,2,0,1,1,0,0,0,0,0,5,6,5,1,0,0,0,0,0,0,0,0,0,1,0,0,0,1,1,0,0,9,1,0,6,20,0,0,12
Brandon,2004,South Dakota,SD,6578,SD04903,SD0490300,46,099,46099,local police department,"cities 2,500-9,999",west north central,suburban,0,0,0,0,0,0,0,0,0,0,0,0,0,0,0,0,0,0,0,0,0,0,0,0,0,0,0,0,0,0,0,0,0,0,0,0,0,0,0,0,0,0,0,0,0,0,0,0,0,0,0,0,0,0,0,0,0,0,0,0,0
Moody,2004,South Dakota,SD,3658,SD05000,SD0500000,46,101,46101,sheriffs office,"non-msa cnty under 10,000",west north central,non-suburban,0,0,0,0,0,0,0,0,0,0,0,0,0,0,0,0,0,0,0,0,0,0,0,0,0,0,0,0,0,0,0,0,0,0,0,0,0,0,0,0,0,0,0,0,0,0,0,0,0,0,0,0,0,0,0,0,0,0,0,0,0
Pennington,2004,South Dakota,SD,28362,SD05100,SD0510000,46,103,46103,sheriffs office,"msa cnty 25,000-99,999",west north central,suburban,8,7,1,8,0,7,1,0,1,0,0,0,0,1,0,1,1,1,0,0,1,0,1,1,1,0,0,0,0,0,0,0,0,0,0,0,0,0,0,0,0,0,0,0,0,0,0,0,0,0,0,0,0,3,0,0,4,1,0,0,0
Rapid City,2004,South Dakota,SD,61400,SD05101,SD0510100,46,103,46103,local police department,"cities 50,000-99,999",west north central,non-suburban,13,10,3,12,1,9,3,1,3,0,0,1,0,1,1,2,2,1,1,0,0,1,1,0,0,0,0,0,0,1,0,0,0,0,0,0,0,0,0,0,1,0,0,0,0,0,0,0,0,0,0,0,0,4,1,0,5,1,0,0,2
Box Elder,2004,South Dakota,SD,2909,SD05103,SD0510300,46,103,46103,local police department,"cities 2,500-9,999",west north central,suburban,1,1,0,1,0,1,0,0,0,0,0,0,0,0,0,0,0,0,0,0,0,0,0,1,0,0,0,0,0,0,0,0,0,0,0,0,0,0,0,0,0,0,0,0,0,0,0,0,0,0,0,0,0,0,0,0,1,0,0,0,0
Perkins,2004,South Dakota,SD,1901,SD05200,SD0520000,46,105,46105,sheriffs office,"non-msa cnty under 10,000",west north central,non-suburban,3,2,1,3,0,2,1,0,1,0,0,0,0,0,1,0,2,0,0,0,0,0,0,0,0,0,0,0,0,0,0,0,0,0,0,0,0,0,0,0,0,0,0,0,0,0,0,0,0,0,0,0,0,0,0,0,2,1,0,0,0
Lemmon,2004,South Dakota,SD,1313,SD05201,SD0520100,46,105,46105,local police department,"cities under 2,500",west north central,non-suburban,1,1,0,1,0,1,0,0,0,0,0,0,0,0,0,0,0,1,0,0,0,0,0,0,0,0,0,0,0,0,0,0,0,0,0,0,0,0,0,0,0,0,0,0,0,0,0,0,0,0,0,0,0,1,0,0,0,0,0,0,0
Potter,2004,South Dakota,SD,1262,SD05300,SD0530000,46,107,46107,sheriffs office,"non-msa cnty under 10,000",west north central,non-suburban,0,0,0,0,0,0,0,0,0,0,0,0,0,0,0,0,0,0,0,0,0,0,0,0,0,0,0,0,0,0,0,0,0,0,0,0,0,0,0,0,0,0,0,0,0,0,0,0,0,0,0,0,0,0,0,0,0,0,0,0,0
Gettysburg,2004,South Dakota,SD,1268,SD05301,SD0530100,46,107,46107,local police department,"cities under 2,500",west north central,non-suburban,0,0,0,0,0,0,0,0,0,0,0,0,0,0,0,0,0,0,0,0,0,0,0,0,0,0,0,0,0,0,0,0,0,0,0,0,0,0,0,0,0,0,0,0,0,0,0,0,0,0,0,0,0,0,0,0,0,0,0,0,0
Roberts,2004,South Dakota,SD,6926,SD05400,SD0540000,46,109,46109,sheriffs office,"non-msa cnty under 10,000",west north central,non-suburban,1,1,0,1,0,1,0,0,0,0,0,0,0,0,0,0,0,0,0,0,0,0,0,0,0,1,0,0,0,0,0,0,0,0,0,0,0,0,0,0,0,0,0,0,0,0,0,0,0,0,0,0,0,0,0,0,1,0,0,0,0
Sisseton,2004,South Dakota,SD,2616,SD05401,SD0540100,46,109,46109,local police department,"cities 2,500-9,999",west north central,non-suburban,0,0,0,0,0,0,0,0,0,0,0,0,0,0,0,0,0,0,0,0,0,0,0,0,0,0,0,0,0,0,0,0,0,0,0,0,0,0,0,0,0,0,0,0,0,0,0,0,0,0,0,0,0,0,0,0,0,0,0,0,0
Spink,2004,South Dakota,SD,7032,SD05700,SD0570000,46,115,46115,sheriffs office,"non-msa cnty under 10,000",west north central,non-suburban,1,0,1,1,0,0,1,0,1,0,0,0,0,0,1,0,0,0,0,0,0,0,0,0,0,0,0,0,0,0,0,0,0,0,0,0,0,0,0,0,0,0,0,0,0,0,0,0,0,0,0,0,0,0,0,0,0,1,0,0,0
Stanley,2004,South Dakota,SD,2776,SD05800,SD0580000,46,117,46117,sheriffs office,"non-msa cnty under 10,000",west north central,non-suburban,0,0,0,0,0,0,0,0,0,0,0,0,0,0,0,0,0,0,0,0,0,0,0,0,0,0,0,0,0,0,0,0,0,0,0,0,0,0,0,0,0,0,0,0,0,0,0,0,0,0,0,0,0,0,0,0,0,0,0,0,0
Tripp,2004,South Dakota,SD,3203,SD06100,SD0610000,46,123,46123,sheriffs office,"non-msa cnty under 10,000",west north central,non-suburban,1,1,0,1,0,1,0,0,0,0,0,0,0,0,0,0,0,0,0,0,0,0,0,0,0,1,0,0,0,0,0,0,0,0,0,0,0,0,0,0,0,0,0,0,0,0,0,0,0,0,0,0,0,0,0,0,1,0,0,0,0
Winner,2004,South Dakota,SD,3027,SD06101,SD0610100,46,123,46123,local police department,"cities 2,500-9,999",west north central,non-suburban,0,0,0,0,0,0,0,0,0,0,0,0,0,0,0,0,0,0,0,0,0,0,0,0,0,0,0,0,0,0,0,0,0,0,0,0,0,0,0,0,0,0,0,0,0,0,0,0,0,0,0,0,0,0,0,0,0,0,0,0,0
Turner,2004,South Dakota,SD,5900,SD06200,SD0620000,46,125,46125,sheriffs office,"msa cnty under 10,000",west north central,suburban,1,0,1,1,0,0,1,0,1,0,0,0,0,0,1,0,0,0,0,0,0,0,0,0,0,0,0,0,0,0,0,0,0,0,0,0,0,0,0,0,0,0,0,0,0,0,0,0,0,0,0,0,0,0,0,0,0,1,0,0,0
Union,2004,South Dakota,SD,5851,SD06300,SD0630000,46,127,46127,sheriffs office,"msa cnty under 10,000",west north central,suburban,1,1,0,1,0,1,0,0,0,0,0,0,0,0,0,0,0,0,0,0,0,0,1,0,0,0,0,0,0,0,0,0,0,0,0,0,0,0,0,0,0,0,0,0,0,0,0,0,0,0,0,0,0,1,0,0,0,0,0,0,0
Beresford,2004,South Dakota,SD,1973,SD06301,SD0630100,46,127,46127,local police department,"cities under 2,500",west north central,suburban,1,1,0,0,1,0,0,1,0,0,0,0,0,0,0,0,0,0,0,0,0,0,0,0,0,0,0,0,0,0,0,0,0,0,0,0,0,0,0,0,0,0,0,0,0,0,1,0,0,0,0,0,0,0,0,0,1,0,0,0,0
Elk Point,2004,South Dakota,SD,1810,SD06302,SD0630200,46,127,46127,local police department,"cities under 2,500",west north central,suburban,2,2,0,1,1,1,0,1,0,0,0,0,0,0,0,0,1,0,0,0,0,0,0,0,0,0,0,0,0,0,0,0,0,0,0,0,0,0,0,1,0,0,0,0,0,0,0,0,0,0,0,0,0,2,0,0,0,0,0,0,0
Jefferson,2004,South Dakota,SD,590,SD06304,SD0630400,46,127,46127,local police department,"cities under 2,500",west north central,suburban,0,0,0,0,0,0,0,0,0,0,0,0,0,0,0,0,0,0,0,0,0,0,0,0,0,0,0,0,0,0,0,0,0,0,0,0,0,0,0,0,0,0,0,0,0,0,0,0,0,0,0,0,0,0,0,0,0,0,0,0,0
North Sioux City,2004,South Dakota,SD,2419,SD06305,SD0630500,46,127,46127,local police department,"cities under 2,500",west north central,suburban,0,0,0,0,0,0,0,0,0,0,0,0,0,0,0,0,0,0,0,0,0,0,0,0,0,0,0,0,0,0,0,0,0,0,0,0,0,0,0,0,0,0,0,0,0,0,0,0,0,0,0,0,0,0,0,0,0,0,0,0,0
Walworth,2004,South Dakota,SD,1566,SD06400,SD0640000,46,129,46129,sheriffs office,"non-msa cnty under 10,000",west north central,non-suburban,0,0,0,0,0,0,0,0,0,0,0,0,0,0,0,0,0,0,0,0,0,0,0,0,0,0,0,0,0,0,0,0,0,0,0,0,0,0,0,0,0,0,0,0,0,0,0,0,0,0,0,0,0,0,0,0,0,0,0,0,0
Mobridge,2004,South Dakota,SD,3337,SD06401,SD0640100,46,129,46129,local police department,"cities 2,500-9,999",west north central,non-suburban,0,0,0,0,0,0,0,0,0,0,0,0,0,0,0,0,0,0,0,0,0,0,0,0,0,0,0,0,0,0,0,0,0,0,0,0,0,0,0,0,0,0,0,0,0,0,0,0,0,0,0,0,0,0,0,0,0,0,0,0,0
Yankton,2004,South Dakota,SD,8080,SD06600,SD0660000,46,135,46135,sheriffs office,"non-msa cnty under 10,000",west north central,non-suburban,0,0,0,0,0,0,0,0,0,0,0,0,0,0,0,0,0,0,0,0,0,0,0,0,0,0,0,0,0,0,0,0,0,0,0,0,0,0,0,0,0,0,0,0,0,0,0,0,0,0,0,0,0,0,0,0,0,0,0,0,0
Yankton,2004,South Dakota,SD,13556,SD06601,SD0660100,46,135,46135,local police department,"cities 10,000-24,999",west north central,non-suburban,0,0,0,0,0,0,0,0,0,0,0,0,0,0,0,0,0,0,0,0,0,0,0,0,0,0,0,0,0,0,0,0,0,0,0,0,0,0,0,0,0,0,0,0,0,0,0,0,0,0,0,0,0,0,0,0,0,0,0,0,0
Ziebach,2004,South Dakota,SD,2351,SD06700,SD0670000,46,137,46137,sheriffs office,"non-msa cnty under 10,000",west north central,non-suburban,0,0,0,0,0,0,0,0,0,0,0,0,0,0,0,0,0,0,0,0,0,0,0,0,0,0,0,0,0,0,0,0,0,0,0,0,0,0,0,0,0,0,0,0,0,0,0,0,0,0,0,0,0,0,0,0,0,0,0,0,0
Div Of Criminal Invest,2004,South Dakota,SD,0,SDDCI00,SDDCI0000,46,065,46065,special jurisdiction,non-msa state police,west north central,non-suburban,0,0,0,0,0,0,0,0,0,0,0,0,0,0,0,0,0,0,0,0,0,0,0,0,0,0,0,0,0,0,0,0,0,0,0,0,0,0,0,0,0,0,0,0,0,0,0,0,0,0,0,0,0,0,0,0,0,0,0,0,0
Aurora,2005,South Dakota,SD,2954,SD00100,SD0010000,46,003,46003,sheriffs office,"non-msa cnty under 10,000",west north central,non-suburban,0,0,0,0,0,0,0,0,0,0,0,0,0,0,0,0,0,0,0,0,0,0,0,0,0,0,0,0,0,0,0,0,0,0,0,0,0,0,0,0,0,0,0,0,0,0,0,0,0,0,0,0,0,0,0,0,0,0,0,0,0
Brookings,2005,South Dakota,SD,9515,SD00500,SD0050000,46,011,46011,sheriffs office,"non-msa cnty under 10,000",west north central,non-suburban,0,0,0,0,0,0,0,0,0,0,0,0,0,0,0,0,0,0,0,0,0,0,0,0,0,0,0,0,0,0,0,0,0,0,0,0,0,0,0,0,0,0,0,0,0,0,0,0,0,0,0,0,0,0,0,0,0,0,0,0,0
Brookings,2005,South Dakota,SD,18828,SD00501,SD0050100,46,011,46011,local police department,"cities 10,000-24,999",west north central,non-suburban,2,1,1,1,1,1,0,0,0,0,0,0,0,0,0,0,0,0,1,0,0,0,0,0,0,0,0,0,0,0,0,0,0,0,1,0,0,0,0,0,0,0,0,0,0,0,0,0,0,0,0,0,0,1,0,0,0,0,0,0,1
Brown,2005,South Dakota,SD,9325,SD00600,SD0060000,46,013,46013,sheriffs office,"non-msa cnty under 10,000",west north central,non-suburban,0,0,0,0,0,0,0,0,0,0,0,0,0,0,0,0,0,0,0,0,0,0,0,0,0,0,0,0,0,0,0,0,0,0,0,0,0,0,0,0,0,0,0,0,0,0,0,0,0,0,0,0,0,0,0,0,0,0,0,0,0
Aberdeen,2005,South Dakota,SD,24355,SD00601,SD0060100,46,013,46013,local police department,"cities 10,000-24,999",west north central,non-suburban,6,1,5,4,2,1,3,0,3,0,0,2,0,1,0,0,0,0,0,0,0,0,0,0,0,1,0,0,0,0,0,0,1,1,0,0,0,0,0,0,0,0,0,0,0,0,0,0,0,0,0,0,0,1,0,0,0,2,0,0,3
Butte,2005,South Dakota,SD,4651,SD00900,SD0090000,46,019,46019,sheriffs office,"non-msa cnty under 10,000",west north central,non-suburban,0,0,0,0,0,0,0,0,0,0,0,0,0,0,0,0,0,0,0,0,0,0,0,0,0,0,0,0,0,0,0,0,0,0,0,0,0,0,0,0,0,0,0,0,0,0,0,0,0,0,0,0,0,0,0,0,0,0,0,0,0
Belle Fourche,2005,South Dakota,SD,4683,SD00901,SD0090100,46,019,46019,local police department,"cities 2,500-9,999",west north central,non-suburban,1,1,0,1,0,1,0,0,0,0,0,0,0,0,0,0,0,0,0,0,0,1,0,0,0,0,0,0,0,0,0,0,0,0,0,0,0,0,0,0,0,0,0,0,0,0,0,0,0,0,0,0,0,1,0,0,0,0,0,0,0
Charles Mix,2005,South Dakota,SD,6239,SD01100,SD0110000,46,023,46023,sheriffs office,"non-msa cnty under 10,000",west north central,non-suburban,1,1,0,0,1,0,0,1,0,0,0,0,0,0,0,0,0,0,0,0,0,0,0,0,0,0,0,0,0,0,0,0,0,0,0,0,0,0,0,0,0,0,0,0,1,0,0,0,0,0,0,0,0,0,0,0,1,0,0,0,0
Wagner,2005,South Dakota,SD,1602,SD01103,SD0110300,46,023,46023,local police department,"cities under 2,500",west north central,non-suburban,1,1,0,1,0,1,0,0,0,0,0,0,0,0,0,0,1,0,0,0,0,0,0,0,0,0,0,0,0,0,0,0,0,0,0,0,0,0,0,0,0,0,0,0,0,0,0,0,0,0,0,0,0,0,0,0,1,0,0,0,0
Clay,2005,South Dakota,SD,2914,SD01300,SD0130000,46,027,46027,sheriffs office,"non-msa cnty under 10,000",west north central,non-suburban,0,0,0,0,0,0,0,0,0,0,0,0,0,0,0,0,0,0,0,0,0,0,0,0,0,0,0,0,0,0,0,0,0,0,0,0,0,0,0,0,0,0,0,0,0,0,0,0,0,0,0,0,0,0,0,0,0,0,0,0,0
Vermillion,2005,South Dakota,SD,10040,SD01301,SD0130100,46,027,46027,local police department,"cities 10,000-24,999",west north central,non-suburban,0,0,0,0,0,0,0,0,0,0,0,0,0,0,0,0,0,0,0,0,0,0,0,0,0,0,0,0,0,0,0,0,0,0,0,0,0,0,0,0,0,0,0,0,0,0,0,0,0,0,0,0,0,0,0,0,0,0,0,0,0
Codington,2005,South Dakota,SD,5745,SD01400,SD0140000,46,029,46029,sheriffs office,"non-msa cnty under 10,000",west north central,non-suburban,4,1,3,4,0,1,3,0,3,0,0,0,1,1,1,1,0,0,0,0,0,0,0,0,0,0,0,0,0,0,0,0,0,0,0,0,0,0,0,0,0,0,0,0,0,0,0,0,0,0,0,0,0,1,0,0,0,2,0,1,0
Watertown,2005,South Dakota,SD,20339,SD01401,SD0140100,46,029,46029,local police department,"cities 10,000-24,999",west north central,non-suburban,0,0,0,0,0,0,0,0,0,0,0,0,0,0,0,0,0,0,0,0,0,0,0,0,0,0,0,0,0,0,0,0,0,0,0,0,0,0,0,0,0,0,0,0,0,0,0,0,0,0,0,0,0,0,0,0,0,0,0,0,0
Corson,2005,South Dakota,SD,3390,SD01500,SD0150000,46,031,46031,sheriffs office,"non-msa cnty under 10,000",west north central,non-suburban,0,0,0,0,0,0,0,0,0,0,0,0,0,0,0,0,0,0,0,0,0,0,0,0,0,0,0,0,0,0,0,0,0,0,0,0,0,0,0,0,0,0,0,0,0,0,0,0,0,0,0,0,0,0,0,0,0,0,0,0,0
Mclaughlin,2005,South Dakota,SD,791,SD01502,SD0150200,46,031,46031,local police department,"cities under 2,500",west north central,non-suburban,0,0,0,0,0,0,0,0,0,0,0,0,0,0,0,0,0,0,0,0,0,0,0,0,0,0,0,0,0,0,0,0,0,0,0,0,0,0,0,0,0,0,0,0,0,0,0,0,0,0,0,0,0,0,0,0,0,0,0,0,0
Custer,2005,South Dakota,SD,7381,SD01600,SD0160000,46,033,46033,sheriffs office,"non-msa cnty under 10,000",west north central,non-suburban,0,0,0,0,0,0,0,0,0,0,0,0,0,0,0,0,0,0,0,0,0,0,0,0,0,0,0,0,0,0,0,0,0,0,0,0,0,0,0,0,0,0,0,0,0,0,0,0,0,0,0,0,0,0,0,0,0,0,0,0,0
Davison,2005,South Dakota,SD,4149,SD01700,SD0170000,46,035,46035,sheriffs office,"non-msa cnty under 10,000",west north central,non-suburban,0,0,0,0,0,0,0,0,0,0,0,0,0,0,0,0,0,0,0,0,0,0,0,0,0,0,0,0,0,0,0,0,0,0,0,0,0,0,0,0,0,0,0,0,0,0,0,0,0,0,0,0,0,0,0,0,0,0,0,0,0
Mitchell,2005,South Dakota,SD,14985,SD01701,SD0170100,46,035,46035,local police department,"cities 10,000-24,999",west north central,non-suburban,6,6,0,4,2,4,0,2,0,0,0,0,0,0,0,1,1,1,0,1,0,0,0,0,0,0,0,0,0,0,0,0,0,0,0,0,0,0,0,1,0,0,0,0,1,0,0,0,0,0,0,0,0,3,0,0,3,0,0,0,0
Deuel,2005,South Dakota,SD,4292,SD01900,SD0190000,46,039,46039,sheriffs office,"non-msa cnty under 10,000",west north central,non-suburban,1,1,0,1,0,1,0,0,0,0,0,0,0,0,0,0,0,0,0,0,0,0,1,0,0,0,0,0,0,0,0,0,0,0,0,0,0,0,0,0,0,0,0,0,0,0,0,0,0,0,0,0,0,0,0,0,1,0,0,0,0
Dewey,2005,South Dakota,SD,5713,SD02000,SD0200000,46,041,46041,sheriffs office,"non-msa cnty under 10,000",west north central,non-suburban,0,0,0,0,0,0,0,0,0,0,0,0,0,0,0,0,0,0,0,0,0,0,0,0,0,0,0,0,0,0,0,0,0,0,0,0,0,0,0,0,0,0,0,0,0,0,0,0,0,0,0,0,0,0,0,0,0,0,0,0,0
Hot Springs,2005,South Dakota,SD,4128,SD02302,SD0230200,46,047,46047,local police department,"cities 2,500-9,999",west north central,non-suburban,0,0,0,0,0,0,0,0,0,0,0,0,0,0,0,0,0,0,0,0,0,0,0,0,0,0,0,0,0,0,0,0,0,0,0,0,0,0,0,0,0,0,0,0,0,0,0,0,0,0,0,0,0,0,0,0,0,0,0,0,0
Faulk,2005,South Dakota,SD,2454,SD02400,SD0240000,46,049,46049,sheriffs office,"non-msa cnty under 10,000",west north central,non-suburban,1,1,0,1,0,1,0,0,0,0,0,0,0,0,0,0,0,0,0,0,0,0,1,0,0,0,0,0,0,0,0,0,0,0,0,0,0,0,0,0,0,0,0,0,0,0,0,0,0,0,0,0,0,1,0,0,0,0,0,0,0
Estelline,2005,South Dakota,SD,684,SD02803,SD0280300,46,057,46057,local police department,"cities under 2,500",west north central,non-suburban,0,0,0,0,0,0,0,0,0,0,0,0,0,0,0,0,0,0,0,0,0,0,0,0,0,0,0,0,0,0,0,0,0,0,0,0,0,0,0,0,0,0,0,0,0,0,0,0,0,0,0,0,0,0,0,0,0,0,0,0,0
Hand,2005,South Dakota,SD,2008,SD02900,SD0290000,46,059,46059,sheriffs office,"non-msa cnty under 10,000",west north central,non-suburban,0,0,0,0,0,0,0,0,0,0,0,0,0,0,0,0,0,0,0,0,0,0,0,0,0,0,0,0,0,0,0,0,0,0,0,0,0,0,0,0,0,0,0,0,0,0,0,0,0,0,0,0,0,0,0,0,0,0,0,0,0
Pierre,2005,South Dakota,SD,14075,SD03201,SD0320100,46,065,46065,local police department,"cities 10,000-24,999",west north central,non-suburban,1,0,1,1,0,0,1,0,1,0,0,0,1,0,0,0,0,0,0,0,0,0,0,0,0,0,0,0,0,0,0,0,0,0,0,0,0,0,0,0,0,0,0,0,0,0,0,0,0,0,0,0,0,0,0,0,0,0,0,0,1
Parkston,2005,South Dakota,SD,1588,SD03302,SD0330200,46,067,46067,local police department,"cities under 2,500",west north central,non-suburban,0,0,0,0,0,0,0,0,0,0,0,0,0,0,0,0,0,0,0,0,0,0,0,0,0,0,0,0,0,0,0,0,0,0,0,0,0,0,0,0,0,0,0,0,0,0,0,0,0,0,0,0,0,0,0,0,0,0,0,0,0
Kadoka,2005,South Dakota,SD,682,SD03501,SD0350100,46,071,46071,local police department,"cities under 2,500",west north central,non-suburban,0,0,0,0,0,0,0,0,0,0,0,0,0,0,0,0,0,0,0,0,0,0,0,0,0,0,0,0,0,0,0,0,0,0,0,0,0,0,0,0,0,0,0,0,0,0,0,0,0,0,0,0,0,0,0,0,0,0,0,0,0
Kingsbury,2005,South Dakota,SD,5512,SD03800,SD0380000,46,077,46077,sheriffs office,"non-msa cnty under 10,000",west north central,non-suburban,2,1,1,2,0,1,1,0,1,0,0,0,0,1,0,0,0,0,0,0,0,0,0,1,0,0,0,0,0,0,0,0,0,0,0,0,0,0,0,0,0,0,0,0,0,0,0,0,0,0,0,0,0,1,0,0,0,1,0,0,0
Madison,2005,South Dakota,SD,6203,SD03901,SD0390100,46,079,46079,local police department,"cities 2,500-9,999",west north central,non-suburban,0,0,0,0,0,0,0,0,0,0,0,0,0,0,0,0,0,0,0,0,0,0,0,0,0,0,0,0,0,0,0,0,0,0,0,0,0,0,0,0,0,0,0,0,0,0,0,0,0,0,0,0,0,0,0,0,0,0,0,0,0
Lawrence,2005,South Dakota,SD,8043,SD04000,SD0400000,46,081,46081,sheriffs office,"non-msa cnty under 10,000",west north central,non-suburban,0,0,0,0,0,0,0,0,0,0,0,0,0,0,0,0,0,0,0,0,0,0,0,0,0,0,0,0,0,0,0,0,0,0,0,0,0,0,0,0,0,0,0,0,0,0,0,0,0,0,0,0,0,0,0,0,0,0,0,0,0
Spearfish,2005,South Dakota,SD,9265,SD04003,SD0400300,46,081,46081,local police department,"cities 2,500-9,999",west north central,non-suburban,5,5,0,4,1,4,0,1,0,0,0,0,0,0,0,2,0,0,0,0,0,0,0,0,2,0,0,0,0,0,0,0,0,0,0,0,0,0,0,0,0,0,0,0,0,0,0,1,0,0,0,0,0,5,0,0,0,0,0,0,0
Lincoln,2005,South Dakota,SD,10406,SD04100,SD0410000,46,083,46083,sheriffs office,"msa cnty 10,000-24,999",west north central,suburban,0,0,0,0,0,0,0,0,0,0,0,0,0,0,0,0,0,0,0,0,0,0,0,0,0,0,0,0,0,0,0,0,0,0,0,0,0,0,0,0,0,0,0,0,0,0,0,0,0,0,0,0,0,0,0,0,0,0,0,0,0
Canton,2005,South Dakota,SD,3093,SD04101,SD0410100,46,083,46083,local police department,"cities 2,500-9,999",west north central,suburban,2,1,1,1,1,1,0,0,0,0,0,0,0,0,0,1,0,0,0,0,0,0,0,0,0,0,0,0,0,0,0,0,0,0,1,0,0,0,0,0,0,0,0,0,0,0,0,0,0,0,0,0,0,1,0,0,0,1,0,0,0
Lyman,2005,South Dakota,SD,4003,SD04200,SD0420000,46,085,46085,sheriffs office,"non-msa cnty under 10,000",west north central,non-suburban,1,1,0,1,0,1,0,0,0,0,0,0,0,0,0,0,0,0,0,0,0,0,0,0,0,1,0,0,0,0,0,0,0,0,0,0,0,0,0,0,0,0,0,0,0,0,0,0,0,0,0,0,0,1,0,0,0,0,0,0,0
Mccook,2005,South Dakota,SD,2790,SD04300,SD0430000,46,087,46087,sheriffs office,"msa cnty under 10,000",west north central,suburban,0,0,0,0,0,0,0,0,0,0,0,0,0,0,0,0,0,0,0,0,0,0,0,0,0,0,0,0,0,0,0,0,0,0,0,0,0,0,0,0,0,0,0,0,0,0,0,0,0,0,0,0,0,0,0,0,0,0,0,0,0
Salem,2005,South Dakota,SD,1403,SD04301,SD0430100,46,087,46087,local police department,"cities under 2,500",west north central,suburban,0,0,0,0,0,0,0,0,0,0,0,0,0,0,0,0,0,0,0,0,0,0,0,0,0,0,0,0,0,0,0,0,0,0,0,0,0,0,0,0,0,0,0,0,0,0,0,0,0,0,0,0,0,0,0,0,0,0,0,0,0
Marshall,2005,South Dakota,SD,4383,SD04500,SD0450000,46,091,46091,sheriffs office,"non-msa cnty under 10,000",west north central,non-suburban,0,0,0,0,0,0,0,0,0,0,0,0,0,0,0,0,0,0,0,0,0,0,0,0,0,0,0,0,0,0,0,0,0,0,0,0,0,0,0,0,0,0,0,0,0,0,0,0,0,0,0,0,0,0,0,0,0,0,0,0,0
Meade,2005,South Dakota,SD,18102,SD04600,SD0460000,46,093,46093,sheriffs office,"msa cnty 10,000-24,999",west north central,suburban,1,1,0,0,1,0,0,1,0,0,0,0,0,0,0,0,0,0,0,0,0,0,0,0,0,0,0,0,0,0,0,0,0,0,0,0,0,0,0,0,0,0,0,0,0,0,0,1,0,0,0,0,0,1,0,0,0,0,0,0,0
Sturgis,2005,South Dakota,SD,6421,SD04601,SD0460100,46,093,46093,local police department,"cities 2,500-9,999",west north central,suburban,1,0,1,1,0,0,1,0,1,0,0,0,0,1,0,0,0,0,0,0,0,0,0,0,0,0,0,0,0,0,0,0,0,0,0,0,0,0,0,0,0,0,0,0,0,0,0,0,0,0,0,0,0,0,0,0,0,0,0,0,1
Miner,2005,South Dakota,SD,2640,SD04800,SD0480000,46,097,46097,sheriffs office,"non-msa cnty under 10,000",west north central,non-suburban,0,0,0,0,0,0,0,0,0,0,0,0,0,0,0,0,0,0,0,0,0,0,0,0,0,0,0,0,0,0,0,0,0,0,0,0,0,0,0,0,0,0,0,0,0,0,0,0,0,0,0,0,0,0,0,0,0,0,0,0,0
Minnehaha,2005,South Dakota,SD,25522,SD04900,SD0490000,46,099,46099,sheriffs office,"msa cnty 25,000-99,999",west north central,suburban,0,0,0,0,0,0,0,0,0,0,0,0,0,0,0,0,0,0,0,0,0,0,0,0,0,0,0,0,0,0,0,0,0,0,0,0,0,0,0,0,0,0,0,0,0,0,0,0,0,0,0,0,0,0,0,0,0,0,0,0,0
Sioux Falls,2005,South Dakota,SD,137590,SD04902,SD0490200,46,099,46099,local police department,"cities 100,000-249,999",west north central,non-suburban,0,0,0,0,0,0,0,0,0,0,0,0,0,0,0,0,0,0,0,0,0,0,0,0,0,0,0,0,0,0,0,0,0,0,0,0,0,0,0,0,0,0,0,0,0,0,0,0,0,0,0,0,0,0,0,0,0,0,0,0,0
Brandon,2005,South Dakota,SD,6858,SD04903,SD0490300,46,099,46099,local police department,"cities 2,500-9,999",west north central,suburban,0,0,0,0,0,0,0,0,0,0,0,0,0,0,0,0,0,0,0,0,0,0,0,0,0,0,0,0,0,0,0,0,0,0,0,0,0,0,0,0,0,0,0,0,0,0,0,0,0,0,0,0,0,0,0,0,0,0,0,0,0
Pennington,2005,South Dakota,SD,28503,SD05100,SD0510000,46,103,46103,sheriffs office,"msa cnty 25,000-99,999",west north central,suburban,7,5,2,6,1,5,1,0,1,0,0,0,0,0,1,0,0,0,1,0,0,0,2,1,0,0,1,0,0,0,0,0,0,1,0,0,0,0,0,0,0,0,0,0,0,0,0,0,0,0,0,0,0,3,0,0,2,0,0,0,2
Rapid City,2005,South Dakota,SD,61862,SD05101,SD0510100,46,103,46103,local police department,"cities 50,000-99,999",west north central,non-suburban,10,3,7,9,1,3,6,0,6,0,0,1,0,3,2,0,0,0,1,0,1,0,0,0,1,0,0,0,0,0,0,0,0,0,1,0,0,0,0,0,0,0,0,0,0,0,0,0,0,0,0,0,0,2,0,0,1,1,0,0,6
Box Elder,2005,South Dakota,SD,2873,SD05103,SD0510300,46,103,46103,local police department,"cities 2,500-9,999",west north central,suburban,0,0,0,0,0,0,0,0,0,0,0,0,0,0,0,0,0,0,0,0,0,0,0,0,0,0,0,0,0,0,0,0,0,0,0,0,0,0,0,0,0,0,0,0,0,0,0,0,0,0,0,0,0,0,0,0,0,0,0,0,0
Perkins,2005,South Dakota,SD,1874,SD05200,SD0520000,46,105,46105,sheriffs office,"non-msa cnty under 10,000",west north central,non-suburban,0,0,0,0,0,0,0,0,0,0,0,0,0,0,0,0,0,0,0,0,0,0,0,0,0,0,0,0,0,0,0,0,0,0,0,0,0,0,0,0,0,0,0,0,0,0,0,0,0,0,0,0,0,0,0,0,0,0,0,0,0
Potter,2005,South Dakota,SD,784,SD05300,SD0530000,46,107,46107,sheriffs office,"non-msa cnty under 10,000",west north central,non-suburban,0,0,0,0,0,0,0,0,0,0,0,0,0,0,0,0,0,0,0,0,0,0,0,0,0,0,0,0,0,0,0,0,0,0,0,0,0,0,0,0,0,0,0,0,0,0,0,0,0,0,0,0,0,0,0,0,0,0,0,0,0
Roberts,2005,South Dakota,SD,6340,SD05400,SD0540000,46,109,46109,sheriffs office,"non-msa cnty under 10,000",west north central,non-suburban,4,1,3,2,2,1,1,0,1,0,0,0,1,0,0,0,0,0,0,0,0,0,0,0,1,0,0,0,0,0,0,0,0,1,0,0,1,0,0,0,0,0,0,0,0,0,0,0,0,0,0,0,0,0,0,0,1,0,0,0,3
Sisseton,2005,South Dakota,SD,2574,SD05401,SD0540100,46,109,46109,local police department,"cities 2,500-9,999",west north central,non-suburban,0,0,0,0,0,0,0,0,0,0,0,0,0,0,0,0,0,0,0,0,0,0,0,0,0,0,0,0,0,0,0,0,0,0,0,0,0,0,0,0,0,0,0,0,0,0,0,0,0,0,0,0,0,0,0,0,0,0,0,0,0
New Effington,2005,South Dakota,SD,229,SD05403,SD0540300,46,109,46109,local police department,"cities under 2,500",west north central,non-suburban,0,0,0,0,0,0,0,0,0,0,0,0,0,0,0,0,0,0,0,0,0,0,0,0,0,0,0,0,0,0,0,0,0,0,0,0,0,0,0,0,0,0,0,0,0,0,0,0,0,0,0,0,0,0,0,0,0,0,0,0,0
Spink,2005,South Dakota,SD,7027,SD05700,SD0570000,46,115,46115,sheriffs office,"non-msa cnty under 10,000",west north central,non-suburban,1,0,1,1,0,0,1,0,1,0,0,0,0,0,1,0,0,0,0,0,0,0,0,0,0,0,0,0,0,0,0,0,0,0,0,0,0,0,0,0,0,0,0,0,0,0,0,0,0,0,0,0,0,0,0,0,0,1,0,0,0
Stanley,2005,South Dakota,SD,2820,SD05800,SD0580000,46,117,46117,sheriffs office,"non-msa cnty under 10,000",west north central,non-suburban,0,0,0,0,0,0,0,0,0,0,0,0,0,0,0,0,0,0,0,0,0,0,0,0,0,0,0,0,0,0,0,0,0,0,0,0,0,0,0,0,0,0,0,0,0,0,0,0,0,0,0,0,0,0,0,0,0,0,0,0,0
Tripp,2005,South Dakota,SD,3165,SD06100,SD0610000,46,123,46123,sheriffs office,"non-msa cnty under 10,000",west north central,non-suburban,1,1,0,1,0,1,0,0,0,0,0,0,0,0,0,0,1,0,0,0,0,0,0,0,0,0,0,0,0,0,0,0,0,0,0,0,0,0,0,0,0,0,0,0,0,0,0,0,0,0,0,0,0,1,0,0,0,0,0,0,0
Winner,2005,South Dakota,SD,2950,SD06101,SD0610100,46,123,46123,local police department,"cities 2,500-9,999",west north central,non-suburban,1,0,1,1,0,0,1,0,1,0,0,0,0,1,0,0,0,0,0,0,0,0,0,0,0,0,0,0,0,0,0,0,0,0,0,0,0,0,0,0,0,0,0,0,0,0,0,0,0,0,0,0,0,0,0,0,0,0,0,0,1
Turner,2005,South Dakota,SD,6349,SD06200,SD0620000,46,125,46125,sheriffs office,"msa cnty under 10,000",west north central,suburban,0,0,0,0,0,0,0,0,0,0,0,0,0,0,0,0,0,0,0,0,0,0,0,0,0,0,0,0,0,0,0,0,0,0,0,0,0,0,0,0,0,0,0,0,0,0,0,0,0,0,0,0,0,0,0,0,0,0,0,0,0
Viborg,2005,South Dakota,SD,818,SD06206,SD0620600,46,125,46125,local police department,"cities under 2,500",west north central,suburban,0,0,0,0,0,0,0,0,0,0,0,0,0,0,0,0,0,0,0,0,0,0,0,0,0,0,0,0,0,0,0,0,0,0,0,0,0,0,0,0,0,0,0,0,0,0,0,0,0,0,0,0,0,0,0,0,0,0,0,0,0
Union,2005,South Dakota,SD,6019,SD06300,SD0630000,46,127,46127,sheriffs office,"msa cnty under 10,000",west north central,suburban,0,0,0,0,0,0,0,0,0,0,0,0,0,0,0,0,0,0,0,0,0,0,0,0,0,0,0,0,0,0,0,0,0,0,0,0,0,0,0,0,0,0,0,0,0,0,0,0,0,0,0,0,0,0,0,0,0,0,0,0,0
North Sioux City,2005,South Dakota,SD,2502,SD06305,SD0630500,46,127,46127,local police department,"cities 2,500-9,999",west north central,suburban,0,0,0,0,0,0,0,0,0,0,0,0,0,0,0,0,0,0,0,0,0,0,0,0,0,0,0,0,0,0,0,0,0,0,0,0,0,0,0,0,0,0,0,0,0,0,0,0,0,0,0,0,0,0,0,0,0,0,0,0,0
Walworth,2005,South Dakota,SD,1544,SD06400,SD0640000,46,129,46129,sheriffs office,"non-msa cnty under 10,000",west north central,non-suburban,1,1,0,1,0,1,0,0,0,0,0,0,0,0,0,0,0,0,0,0,0,0,0,1,0,0,0,0,0,0,0,0,0,0,0,0,0,0,0,0,0,0,0,0,0,0,0,0,0,0,0,0,0,1,0,0,0,0,0,0,0
Mobridge,2005,South Dakota,SD,3306,SD06401,SD0640100,46,129,46129,local police department,"cities 2,500-9,999",west north central,non-suburban,3,2,1,3,0,2,1,0,1,0,0,0,1,0,0,0,0,0,0,0,0,0,2,0,0,0,0,0,0,0,0,0,0,0,0,0,0,0,0,0,0,0,0,0,0,0,0,0,0,0,0,0,0,0,0,0,2,0,0,0,1
Yankton,2005,South Dakota,SD,8082,SD06600,SD0660000,46,135,46135,sheriffs office,"non-msa cnty under 10,000",west north central,non-suburban,1,1,0,1,0,1,0,0,0,0,0,0,0,0,0,0,1,0,0,0,0,0,0,0,0,0,0,0,0,0,0,0,0,0,0,0,0,0,0,0,0,0,0,0,0,0,0,0,0,0,0,0,0,0,0,0,1,0,0,0,0
Yankton,2005,South Dakota,SD,13579,SD06601,SD0660100,46,135,46135,local police department,"cities 10,000-24,999",west north central,non-suburban,1,1,0,1,0,1,0,0,0,0,0,0,0,0,0,0,0,0,0,0,1,0,0,0,0,0,0,0,0,0,0,0,0,0,0,0,0,0,0,0,0,0,0,0,0,0,0,0,0,0,0,0,0,1,0,0,0,0,0,0,0
Ziebach,2005,South Dakota,SD,2446,SD06700,SD0670000,46,137,46137,sheriffs office,"non-msa cnty under 10,000",west north central,non-suburban,0,0,0,0,0,0,0,0,0,0,0,0,0,0,0,0,0,0,0,0,0,0,0,0,0,0,0,0,0,0,0,0,0,0,0,0,0,0,0,0,0,0,0,0,0,0,0,0,0,0,0,0,0,0,0,0,0,0,0,0,0
Div Of Criminal Invest,2005,South Dakota,SD,0,SDDCI00,SDDCI0000,46,065,46065,special jurisdiction,non-msa state police,west north central,non-suburban,1,0,1,1,0,0,1,0,1,0,0,0,0,1,0,0,0,0,0,0,0,0,0,0,0,0,0,0,0,0,0,0,0,0,0,0,0,0,0,0,0,0,0,0,0,0,0,0,0,0,0,0,0,0,0,0,0,0,0,0,1
Aurora,2006,South Dakota,SD,2923,SD00100,SD0010000,46,003,46003,sheriffs office,"non-msa cnty under 10,000",west north central,non-suburban,0,0,0,0,0,0,0,0,0,0,0,0,0,0,0,0,0,0,0,0,0,0,0,0,0,0,0,0,0,0,0,0,0,0,0,0,0,0,0,0,0,0,0,0,0,0,0,0,0,0,0,0,0,0,0,0,0,0,0,0,0
Bennett,2006,South Dakota,SD,2557,SD00300,SD0030000,46,007,46007,sheriffs office,"non-msa cnty under 10,000",west north central,non-suburban,1,1,0,0,1,0,0,1,0,0,0,0,0,0,0,0,0,0,0,0,0,0,0,0,0,0,0,0,0,0,0,0,0,0,0,0,0,0,0,0,0,0,1,0,0,0,0,0,0,0,0,0,0,0,0,0,1,0,0,0,0
Martin,2006,South Dakota,SD,1056,SD00301,SD0030100,46,007,46007,local police department,"cities under 2,500",west north central,non-suburban,0,0,0,0,0,0,0,0,0,0,0,0,0,0,0,0,0,0,0,0,0,0,0,0,0,0,0,0,0,0,0,0,0,0,0,0,0,0,0,0,0,0,0,0,0,0,0,0,0,0,0,0,0,0,0,0,0,0,0,0,0
Brookings,2006,South Dakota,SD,9479,SD00500,SD0050000,46,011,46011,sheriffs office,"non-msa cnty under 10,000",west north central,non-suburban,2,2,0,2,0,2,0,0,0,0,0,0,0,0,0,1,0,0,0,0,0,0,1,0,0,0,0,0,0,0,0,0,0,0,0,0,0,0,0,0,0,0,0,0,0,0,0,0,0,0,0,0,0,2,0,0,0,0,0,0,0
Brookings,2006,South Dakota,SD,18859,SD00501,SD0050100,46,011,46011,local police department,"cities 10,000-24,999",west north central,non-suburban,0,0,0,0,0,0,0,0,0,0,0,0,0,0,0,0,0,0,0,0,0,0,0,0,0,0,0,0,0,0,0,0,0,0,0,0,0,0,0,0,0,0,0,0,0,0,0,0,0,0,0,0,0,0,0,0,0,0,0,0,0
Brown,2006,South Dakota,SD,9314,SD00600,SD0060000,46,013,46013,sheriffs office,"non-msa cnty under 10,000",west north central,non-suburban,0,0,0,0,0,0,0,0,0,0,0,0,0,0,0,0,0,0,0,0,0,0,0,0,0,0,0,0,0,0,0,0,0,0,0,0,0,0,0,0,0,0,0,0,0,0,0,0,0,0,0,0,0,0,0,0,0,0,0,0,0
Aberdeen,2006,South Dakota,SD,24284,SD00601,SD0060100,46,013,46013,local police department,"cities 10,000-24,999",west north central,non-suburban,21,16,5,18,3,13,5,3,5,0,3,0,1,1,0,6,6,0,0,0,0,0,1,0,0,0,0,0,0,0,0,0,0,0,0,0,0,0,0,0,0,0,3,0,0,0,0,0,0,0,0,0,0,2,0,0,14,2,0,0,3
Chamberlain,2006,South Dakota,SD,2276,SD00701,SD0070100,46,015,46015,local police department,"cities under 2,500",west north central,non-suburban,1,1,0,1,0,1,0,0,0,0,0,0,0,0,0,0,0,0,0,0,0,0,1,0,0,0,0,0,0,0,0,0,0,0,0,0,0,0,0,0,0,0,0,0,0,0,0,0,0,0,0,0,0,0,0,0,1,0,0,0,0
Butte,2006,South Dakota,SD,4687,SD00900,SD0090000,46,019,46019,sheriffs office,"non-msa cnty under 10,000",west north central,non-suburban,0,0,0,0,0,0,0,0,0,0,0,0,0,0,0,0,0,0,0,0,0,0,0,0,0,0,0,0,0,0,0,0,0,0,0,0,0,0,0,0,0,0,0,0,0,0,0,0,0,0,0,0,0,0,0,0,0,0,0,0,0
Belle Fourche,2006,South Dakota,SD,4711,SD00901,SD0090100,46,019,46019,local police department,"cities 2,500-9,999",west north central,non-suburban,0,0,0,0,0,0,0,0,0,0,0,0,0,0,0,0,0,0,0,0,0,0,0,0,0,0,0,0,0,0,0,0,0,0,0,0,0,0,0,0,0,0,0,0,0,0,0,0,0,0,0,0,0,0,0,0,0,0,0,0,0
Charles Mix,2006,South Dakota,SD,6324,SD01100,SD0110000,46,023,46023,sheriffs office,"non-msa cnty under 10,000",west north central,non-suburban,6,4,2,5,1,4,1,0,1,0,0,0,0,1,0,0,0,0,0,0,0,0,0,0,2,0,2,0,0,0,0,0,0,0,1,0,0,0,0,0,0,0,0,0,0,0,0,0,0,0,0,0,0,0,0,0,4,0,0,0,2
Wagner,2006,South Dakota,SD,1613,SD01103,SD0110300,46,023,46023,local police department,"cities under 2,500",west north central,non-suburban,1,1,0,1,0,1,0,0,0,0,0,0,0,0,0,0,0,0,0,0,0,0,0,1,0,0,0,0,0,0,0,0,0,0,0,0,0,0,0,0,0,0,0,0,0,0,0,0,0,0,0,0,0,0,0,0,1,0,0,0,0
Clark,2006,South Dakota,SD,1195,SD01201,SD0120100,46,025,46025,local police department,"cities under 2,500",west north central,non-suburban,0,0,0,0,0,0,0,0,0,0,0,0,0,0,0,0,0,0,0,0,0,0,0,0,0,0,0,0,0,0,0,0,0,0,0,0,0,0,0,0,0,0,0,0,0,0,0,0,0,0,0,0,0,0,0,0,0,0,0,0,0
Vermillion,2006,South Dakota,SD,10041,SD01301,SD0130100,46,027,46027,local police department,"cities 10,000-24,999",west north central,non-suburban,1,1,0,1,0,1,0,0,0,0,0,0,0,0,0,0,0,0,1,0,0,0,0,0,0,0,0,0,0,0,0,0,0,0,0,0,0,0,0,0,0,0,0,0,0,0,0,0,0,0,0,0,0,1,0,0,0,0,0,0,0
Codington,2006,South Dakota,SD,5790,SD01400,SD0140000,46,029,46029,sheriffs office,"non-msa cnty under 10,000",west north central,non-suburban,0,0,0,0,0,0,0,0,0,0,0,0,0,0,0,0,0,0,0,0,0,0,0,0,0,0,0,0,0,0,0,0,0,0,0,0,0,0,0,0,0,0,0,0,0,0,0,0,0,0,0,0,0,0,0,0,0,0,0,0,0
Watertown,2006,South Dakota,SD,20421,SD01401,SD0140100,46,029,46029,local police department,"cities 10,000-24,999",west north central,non-suburban,5,5,0,4,1,4,0,1,0,0,0,0,0,0,0,0,0,0,0,0,0,0,0,1,1,0,1,0,1,0,0,0,0,0,0,0,0,0,0,0,0,0,0,0,0,0,0,0,0,1,0,0,0,5,0,0,0,0,0,0,0
Corson,2006,South Dakota,SD,3403,SD01500,SD0150000,46,031,46031,sheriffs office,"non-msa cnty under 10,000",west north central,non-suburban,0,0,0,0,0,0,0,0,0,0,0,0,0,0,0,0,0,0,0,0,0,0,0,0,0,0,0,0,0,0,0,0,0,0,0,0,0,0,0,0,0,0,0,0,0,0,0,0,0,0,0,0,0,0,0,0,0,0,0,0,0
Custer,2006,South Dakota,SD,7627,SD01600,SD0160000,46,033,46033,sheriffs office,"non-msa cnty under 10,000",west north central,non-suburban,0,0,0,0,0,0,0,0,0,0,0,0,0,0,0,0,0,0,0,0,0,0,0,0,0,0,0,0,0,0,0,0,0,0,0,0,0,0,0,0,0,0,0,0,0,0,0,0,0,0,0,0,0,0,0,0,0,0,0,0,0
Davison,2006,South Dakota,SD,4113,SD01700,SD0170000,46,035,46035,sheriffs office,"non-msa cnty under 10,000",west north central,non-suburban,0,0,0,0,0,0,0,0,0,0,0,0,0,0,0,0,0,0,0,0,0,0,0,0,0,0,0,0,0,0,0,0,0,0,0,0,0,0,0,0,0,0,0,0,0,0,0,0,0,0,0,0,0,0,0,0,0,0,0,0,0
Mitchell,2006,South Dakota,SD,14809,SD01701,SD0170100,46,035,46035,local police department,"cities 10,000-24,999",west north central,non-suburban,4,3,1,4,0,3,1,0,1,0,0,0,0,0,1,0,0,0,1,0,0,0,0,1,0,0,1,0,0,0,0,0,0,0,0,0,0,0,0,0,0,0,0,0,0,0,0,0,0,0,0,0,0,2,0,0,1,1,0,0,0
Deuel,2006,South Dakota,SD,4329,SD01900,SD0190000,46,039,46039,sheriffs office,"non-msa cnty under 10,000",west north central,non-suburban,0,0,0,0,0,0,0,0,0,0,0,0,0,0,0,0,0,0,0,0,0,0,0,0,0,0,0,0,0,0,0,0,0,0,0,0,0,0,0,0,0,0,0,0,0,0,0,0,0,0,0,0,0,0,0,0,0,0,0,0,0
Dewey,2006,South Dakota,SD,4810,SD02000,SD0200000,46,041,46041,sheriffs office,"non-msa cnty under 10,000",west north central,non-suburban,0,0,0,0,0,0,0,0,0,0,0,0,0,0,0,0,0,0,0,0,0,0,0,0,0,0,0,0,0,0,0,0,0,0,0,0,0,0,0,0,0,0,0,0,0,0,0,0,0,0,0,0,0,0,0,0,0,0,0,0,0
Edmunds,2006,South Dakota,SD,4144,SD02200,SD0220000,46,045,46045,sheriffs office,"non-msa cnty under 10,000",west north central,non-suburban,0,0,0,0,0,0,0,0,0,0,0,0,0,0,0,0,0,0,0,0,0,0,0,0,0,0,0,0,0,0,0,0,0,0,0,0,0,0,0,0,0,0,0,0,0,0,0,0,0,0,0,0,0,0,0,0,0,0,0,0,0
Hot Springs,2006,South Dakota,SD,4134,SD02302,SD0230200,46,047,46047,local police department,"cities 2,500-9,999",west north central,non-suburban,0,0,0,0,0,0,0,0,0,0,0,0,0,0,0,0,0,0,0,0,0,0,0,0,0,0,0,0,0,0,0,0,0,0,0,0,0,0,0,0,0,0,0,0,0,0,0,0,0,0,0,0,0,0,0,0,0,0,0,0,0
Faulk,2006,South Dakota,SD,2404,SD02400,SD0240000,46,049,46049,sheriffs office,"non-msa cnty under 10,000",west north central,non-suburban,0,0,0,0,0,0,0,0,0,0,0,0,0,0,0,0,0,0,0,0,0,0,0,0,0,0,0,0,0,0,0,0,0,0,0,0,0,0,0,0,0,0,0,0,0,0,0,0,0,0,0,0,0,0,0,0,0,0,0,0,0
Hamlin,2006,South Dakota,SD,5059,SD02800,SD0280000,46,057,46057,sheriffs office,"non-msa cnty under 10,000",west north central,non-suburban,0,0,0,0,0,0,0,0,0,0,0,0,0,0,0,0,0,0,0,0,0,0,0,0,0,0,0,0,0,0,0,0,0,0,0,0,0,0,0,0,0,0,0,0,0,0,0,0,0,0,0,0,0,0,0,0,0,0,0,0,0
Miller,2006,South Dakota,SD,1375,SD02901,SD0290100,46,059,46059,local police department,"cities under 2,500",west north central,non-suburban,0,0,0,0,0,0,0,0,0,0,0,0,0,0,0,0,0,0,0,0,0,0,0,0,0,0,0,0,0,0,0,0,0,0,0,0,0,0,0,0,0,0,0,0,0,0,0,0,0,0,0,0,0,0,0,0,0,0,0,0,0
Hughes,2006,South Dakota,SD,2845,SD03200,SD0320000,46,065,46065,sheriffs office,"non-msa cnty under 10,000",west north central,non-suburban,0,0,0,0,0,0,0,0,0,0,0,0,0,0,0,0,0,0,0,0,0,0,0,0,0,0,0,0,0,0,0,0,0,0,0,0,0,0,0,0,0,0,0,0,0,0,0,0,0,0,0,0,0,0,0,0,0,0,0,0,0
Pierre,2006,South Dakota,SD,14160,SD03201,SD0320100,46,065,46065,local police department,"cities 10,000-24,999",west north central,non-suburban,3,1,2,3,0,1,2,0,2,0,0,0,1,0,1,1,0,0,0,0,0,0,0,0,0,0,0,0,0,0,0,0,0,0,0,0,0,0,0,0,0,0,0,0,0,0,0,0,0,0,0,0,0,0,0,0,0,1,0,0,1
Parkston,2006,South Dakota,SD,1572,SD03302,SD0330200,46,067,46067,local police department,"cities under 2,500",west north central,non-suburban,0,0,0,0,0,0,0,0,0,0,0,0,0,0,0,0,0,0,0,0,0,0,0,0,0,0,0,0,0,0,0,0,0,0,0,0,0,0,0,0,0,0,0,0,0,0,0,0,0,0,0,0,0,0,0,0,0,0,0,0,0
Kadoka,2006,South Dakota,SD,673,SD03501,SD0350100,46,071,46071,local police department,"cities under 2,500",west north central,non-suburban,0,0,0,0,0,0,0,0,0,0,0,0,0,0,0,0,0,0,0,0,0,0,0,0,0,0,0,0,0,0,0,0,0,0,0,0,0,0,0,0,0,0,0,0,0,0,0,0,0,0,0,0,0,0,0,0,0,0,0,0,0
Jerauld,2006,South Dakota,SD,2152,SD03600,SD0360000,46,073,46073,sheriffs office,"non-msa cnty under 10,000",west north central,non-suburban,0,0,0,0,0,0,0,0,0,0,0,0,0,0,0,0,0,0,0,0,0,0,0,0,0,0,0,0,0,0,0,0,0,0,0,0,0,0,0,0,0,0,0,0,0,0,0,0,0,0,0,0,0,0,0,0,0,0,0,0,0
Madison,2006,South Dakota,SD,6271,SD03901,SD0390100,46,079,46079,local police department,"cities 2,500-9,999",west north central,non-suburban,2,0,2,2,0,0,2,0,2,0,0,0,0,1,1,0,0,0,0,0,0,0,0,0,0,0,0,0,0,0,0,0,0,0,0,0,0,0,0,0,0,0,0,0,0,0,0,0,0,0,0,0,0,0,0,0,0,2,0,0,0
Lawrence,2006,South Dakota,SD,8090,SD04000,SD0400000,46,081,46081,sheriffs office,"non-msa cnty under 10,000",west north central,non-suburban,0,0,0,0,0,0,0,0,0,0,0,0,0,0,0,0,0,0,0,0,0,0,0,0,0,0,0,0,0,0,0,0,0,0,0,0,0,0,0,0,0,0,0,0,0,0,0,0,0,0,0,0,0,0,0,0,0,0,0,0,0
Deadwood,2006,South Dakota,SD,1306,SD04001,SD0400100,46,081,46081,local police department,"cities under 2,500",west north central,non-suburban,0,0,0,0,0,0,0,0,0,0,0,0,0,0,0,0,0,0,0,0,0,0,0,0,0,0,0,0,0,0,0,0,0,0,0,0,0,0,0,0,0,0,0,0,0,0,0,0,0,0,0,0,0,0,0,0,0,0,0,0,0
Lead,2006,South Dakota,SD,2913,SD04002,SD0400200,46,081,46081,local police department,"cities 2,500-9,999",west north central,non-suburban,0,0,0,0,0,0,0,0,0,0,0,0,0,0,0,0,0,0,0,0,0,0,0,0,0,0,0,0,0,0,0,0,0,0,0,0,0,0,0,0,0,0,0,0,0,0,0,0,0,0,0,0,0,0,0,0,0,0,0,0,0
Lincoln,2006,South Dakota,SD,11208,SD04100,SD0410000,46,083,46083,sheriffs office,"msa cnty 10,000-24,999",west north central,suburban,0,0,0,0,0,0,0,0,0,0,0,0,0,0,0,0,0,0,0,0,0,0,0,0,0,0,0,0,0,0,0,0,0,0,0,0,0,0,0,0,0,0,0,0,0,0,0,0,0,0,0,0,0,0,0,0,0,0,0,0,0
Canton,2006,South Dakota,SD,3189,SD04101,SD0410100,46,083,46083,local police department,"cities 2,500-9,999",west north central,suburban,1,0,1,1,0,0,1,0,1,0,0,0,1,0,0,0,0,0,0,0,0,0,0,0,0,0,0,0,0,0,0,0,0,0,0,0,0,0,0,0,0,0,0,0,0,0,0,0,0,0,0,0,0,0,0,0,0,1,0,0,0
Mccook,2006,South Dakota,SD,5379,SD04300,SD0430000,46,087,46087,sheriffs office,"msa cnty under 10,000",west north central,suburban,1,1,0,1,0,1,0,0,0,0,0,0,0,0,0,0,0,0,0,0,0,0,0,0,0,1,0,0,0,0,0,0,0,0,0,0,0,0,0,0,0,0,0,0,0,0,0,0,0,0,0,0,0,1,0,0,0,0,0,0,0
Marshall,2006,South Dakota,SD,4452,SD04500,SD0450000,46,091,46091,sheriffs office,"non-msa cnty under 10,000",west north central,non-suburban,0,0,0,0,0,0,0,0,0,0,0,0,0,0,0,0,0,0,0,0,0,0,0,0,0,0,0,0,0,0,0,0,0,0,0,0,0,0,0,0,0,0,0,0,0,0,0,0,0,0,0,0,0,0,0,0,0,0,0,0,0
Meade,2006,South Dakota,SD,18027,SD04600,SD0460000,46,093,46093,sheriffs office,"msa cnty 10,000-24,999",west north central,suburban,0,0,0,0,0,0,0,0,0,0,0,0,0,0,0,0,0,0,0,0,0,0,0,0,0,0,0,0,0,0,0,0,0,0,0,0,0,0,0,0,0,0,0,0,0,0,0,0,0,0,0,0,0,0,0,0,0,0,0,0,0
Sturgis,2006,South Dakota,SD,6308,SD04601,SD0460100,46,093,46093,local police department,"cities 2,500-9,999",west north central,suburban,3,3,0,2,1,2,0,1,0,0,0,0,0,0,0,0,0,0,0,0,0,0,1,0,0,1,0,0,0,0,0,0,0,0,0,0,0,0,0,0,0,0,0,0,0,0,0,0,0,1,0,0,0,3,0,0,0,0,0,0,0
Miner,2006,South Dakota,SD,2604,SD04800,SD0480000,46,097,46097,sheriffs office,"non-msa cnty under 10,000",west north central,non-suburban,0,0,0,0,0,0,0,0,0,0,0,0,0,0,0,0,0,0,0,0,0,0,0,0,0,0,0,0,0,0,0,0,0,0,0,0,0,0,0,0,0,0,0,0,0,0,0,0,0,0,0,0,0,0,0,0,0,0,0,0,0
Minnehaha,2006,South Dakota,SD,25813,SD04900,SD0490000,46,099,46099,sheriffs office,"msa cnty 25,000-99,999",west north central,suburban,0,0,0,0,0,0,0,0,0,0,0,0,0,0,0,0,0,0,0,0,0,0,0,0,0,0,0,0,0,0,0,0,0,0,0,0,0,0,0,0,0,0,0,0,0,0,0,0,0,0,0,0,0,0,0,0,0,0,0,0,0
Sioux Falls,2006,South Dakota,SD,140593,SD04902,SD0490200,46,099,46099,local police department,"cities 100,000-249,999",west north central,non-suburban,8,4,4,6,2,2,4,2,4,0,0,0,1,3,0,1,0,0,0,0,0,0,1,0,0,0,0,0,0,0,0,0,0,0,0,0,0,0,0,0,0,1,0,1,0,0,0,0,0,0,0,0,0,2,2,0,0,2,0,0,2
Brandon,2006,South Dakota,SD,7231,SD04903,SD0490300,46,099,46099,local police department,"cities 2,500-9,999",west north central,suburban,1,0,1,0,1,0,0,0,0,0,0,0,0,0,0,0,0,0,0,0,0,0,0,0,0,0,0,0,0,0,0,0,0,0,1,0,0,0,0,0,0,0,0,0,0,0,0,0,0,0,0,0,0,0,0,0,0,1,0,0,0
Colman,2006,South Dakota,SD,563,SD05002,SD0500200,46,101,46101,local police department,"cities under 2,500",west north central,non-suburban,2,0,2,2,0,0,2,0,2,0,2,0,0,0,0,0,0,0,0,0,0,0,0,0,0,0,0,0,0,0,0,0,0,0,0,0,0,0,0,0,0,0,0,0,0,0,0,0,0,0,0,0,0,0,0,0,0,2,0,0,0
Pennington,2006,South Dakota,SD,28640,SD05100,SD0510000,46,103,46103,sheriffs office,"msa cnty 25,000-99,999",west north central,suburban,0,0,0,0,0,0,0,0,0,0,0,0,0,0,0,0,0,0,0,0,0,0,0,0,0,0,0,0,0,0,0,0,0,0,0,0,0,0,0,0,0,0,0,0,0,0,0,0,0,0,0,0,0,0,0,0,0,0,0,0,0
Rapid City,2006,South Dakota,SD,62647,SD05101,SD0510100,46,103,46103,local police department,"cities 50,000-99,999",west north central,non-suburban,8,7,1,8,0,7,1,0,1,0,0,0,0,0,1,2,0,0,0,2,0,1,1,0,1,0,0,0,0,0,0,0,0,0,0,0,0,0,0,0,0,0,0,0,0,0,0,0,0,0,0,0,0,3,0,0,4,1,0,0,0
Box Elder,2006,South Dakota,SD,3015,SD05103,SD0510300,46,103,46103,local police department,"cities 2,500-9,999",west north central,suburban,0,0,0,0,0,0,0,0,0,0,0,0,0,0,0,0,0,0,0,0,0,0,0,0,0,0,0,0,0,0,0,0,0,0,0,0,0,0,0,0,0,0,0,0,0,0,0,0,0,0,0,0,0,0,0,0,0,0,0,0,0
Potter,2006,South Dakota,SD,752,SD05300,SD0530000,46,107,46107,sheriffs office,"non-msa cnty under 10,000",west north central,non-suburban,1,1,0,0,1,0,0,1,0,0,0,0,0,0,0,0,0,0,0,0,0,0,0,0,0,0,0,0,0,0,0,0,0,0,0,0,0,0,0,0,0,0,0,0,0,0,0,1,0,0,0,0,0,1,0,0,0,0,0,0,0
Stanley,2006,South Dakota,SD,2851,SD05800,SD0580000,46,117,46117,sheriffs office,"non-msa cnty under 10,000",west north central,non-suburban,0,0,0,0,0,0,0,0,0,0,0,0,0,0,0,0,0,0,0,0,0,0,0,0,0,0,0,0,0,0,0,0,0,0,0,0,0,0,0,0,0,0,0,0,0,0,0,0,0,0,0,0,0,0,0,0,0,0,0,0,0
Tripp,2006,South Dakota,SD,3172,SD06100,SD0610000,46,123,46123,sheriffs office,"non-msa cnty under 10,000",west north central,non-suburban,1,1,0,1,0,1,0,0,0,0,0,0,0,0,0,0,0,0,0,0,0,1,0,0,0,0,0,0,0,0,0,0,0,0,0,0,0,0,0,0,0,0,0,0,0,0,0,0,0,0,0,0,0,0,0,0,1,0,0,0,0
Winner,2006,South Dakota,SD,2940,SD06101,SD0610100,46,123,46123,local police department,"cities 2,500-9,999",west north central,non-suburban,4,2,2,4,0,2,2,0,2,0,1,0,0,1,0,1,0,0,0,0,0,1,0,0,0,0,0,0,0,0,0,0,0,0,0,0,0,0,0,0,0,0,0,0,0,0,0,0,0,0,0,0,0,0,0,0,2,0,0,0,2
Turner,2006,South Dakota,SD,6284,SD06200,SD0620000,46,125,46125,sheriffs office,"msa cnty under 10,000",west north central,suburban,0,0,0,0,0,0,0,0,0,0,0,0,0,0,0,0,0,0,0,0,0,0,0,0,0,0,0,0,0,0,0,0,0,0,0,0,0,0,0,0,0,0,0,0,0,0,0,0,0,0,0,0,0,0,0,0,0,0,0,0,0
Viborg,2006,South Dakota,SD,805,SD06206,SD0620600,46,125,46125,local police department,"cities under 2,500",west north central,suburban,0,0,0,0,0,0,0,0,0,0,0,0,0,0,0,0,0,0,0,0,0,0,0,0,0,0,0,0,0,0,0,0,0,0,0,0,0,0,0,0,0,0,0,0,0,0,0,0,0,0,0,0,0,0,0,0,0,0,0,0,0
North Sioux City,2006,South Dakota,SD,2513,SD06305,SD0630500,46,127,46127,local police department,"cities 2,500-9,999",west north central,suburban,0,0,0,0,0,0,0,0,0,0,0,0,0,0,0,0,0,0,0,0,0,0,0,0,0,0,0,0,0,0,0,0,0,0,0,0,0,0,0,0,0,0,0,0,0,0,0,0,0,0,0,0,0,0,0,0,0,0,0,0,0
Mobridge,2006,South Dakota,SD,3304,SD06401,SD0640100,46,129,46129,local police department,"cities 2,500-9,999",west north central,non-suburban,1,1,0,1,0,1,0,0,0,0,0,0,0,0,0,0,0,0,0,0,1,0,0,0,0,0,0,0,0,0,0,0,0,0,0,0,0,0,0,0,0,0,0,0,0,0,0,0,0,0,0,0,0,0,0,0,1,0,0,0,0
Yankton,2006,South Dakota,SD,8063,SD06600,SD0660000,46,135,46135,sheriffs office,"non-msa cnty under 10,000",west north central,non-suburban,2,2,0,2,0,2,0,0,0,0,0,0,0,0,0,1,0,0,0,0,0,1,0,0,0,0,0,0,0,0,0,0,0,0,0,0,0,0,0,0,0,0,0,0,0,0,0,0,0,0,0,0,0,1,0,0,1,0,0,0,0
Yankton,2006,South Dakota,SD,13822,SD06601,SD0660100,46,135,46135,local police department,"cities 10,000-24,999",west north central,non-suburban,1,0,1,1,0,0,1,0,1,0,0,0,0,1,0,0,0,0,0,0,0,0,0,0,0,0,0,0,0,0,0,0,0,0,0,0,0,0,0,0,0,0,0,0,0,0,0,0,0,0,0,0,0,0,0,0,0,1,0,0,0
Ziebach,2006,South Dakota,SD,2219,SD06700,SD0670000,46,137,46137,sheriffs office,"non-msa cnty under 10,000",west north central,non-suburban,1,1,0,1,0,1,0,0,0,0,0,0,0,0,0,0,0,0,0,0,0,1,0,0,0,0,0,0,0,0,0,0,0,0,0,0,0,0,0,0,0,0,0,0,0,0,0,0,0,0,0,0,0,1,0,0,0,0,0,0,0
Div Of Criminal Invest,2006,South Dakota,SD,0,SDDCI00,SDDCI0000,46,065,46065,special jurisdiction,non-msa state police,west north central,non-suburban,0,0,0,0,0,0,0,0,0,0,0,0,0,0,0,0,0,0,0,0,0,0,0,0,0,0,0,0,0,0,0,0,0,0,0,0,0,0,0,0,0,0,0,0,0,0,0,0,0,0,0,0,0,0,0,0,0,0,0,0,0
Aurora,2007,South Dakota,SD,2919,SD00100,SD0010000,46,003,46003,sheriffs office,"non-msa cnty under 10,000",west north central,non-suburban,0,0,0,0,0,0,0,0,0,0,0,0,0,0,0,0,0,0,0,0,0,0,0,0,0,0,0,0,0,0,0,0,0,0,0,0,0,0,0,0,0,0,0,0,0,0,0,0,0,0,0,0,0,0,0,0,0,0,0,0,0
Beadle,2007,South Dakota,SD,4877,SD00200,SD0020000,46,005,46005,sheriffs office,"non-msa cnty under 10,000",west north central,non-suburban,0,0,0,0,0,0,0,0,0,0,0,0,0,0,0,0,0,0,0,0,0,0,0,0,0,0,0,0,0,0,0,0,0,0,0,0,0,0,0,0,0,0,0,0,0,0,0,0,0,0,0,0,0,0,0,0,0,0,0,0,0
Bennett,2007,South Dakota,SD,2554,SD00300,SD0030000,46,007,46007,sheriffs office,"non-msa cnty under 10,000",west north central,non-suburban,0,0,0,0,0,0,0,0,0,0,0,0,0,0,0,0,0,0,0,0,0,0,0,0,0,0,0,0,0,0,0,0,0,0,0,0,0,0,0,0,0,0,0,0,0,0,0,0,0,0,0,0,0,0,0,0,0,0,0,0,0
Martin,2007,South Dakota,SD,1029,SD00301,SD0030100,46,007,46007,local police department,"cities under 2,500",west north central,non-suburban,1,1,0,1,0,1,0,0,0,0,0,0,0,0,0,0,0,0,0,0,0,0,0,1,0,0,0,0,0,0,0,0,0,0,0,0,0,0,0,0,0,0,0,0,0,0,0,0,0,0,0,0,0,0,0,0,1,0,0,0,0
Brookings,2007,South Dakota,SD,9737,SD00500,SD0050000,46,011,46011,sheriffs office,"non-msa cnty under 10,000",west north central,non-suburban,0,0,0,0,0,0,0,0,0,0,0,0,0,0,0,0,0,0,0,0,0,0,0,0,0,0,0,0,0,0,0,0,0,0,0,0,0,0,0,0,0,0,0,0,0,0,0,0,0,0,0,0,0,0,0,0,0,0,0,0,0
Brown,2007,South Dakota,SD,9616,SD00600,SD0060000,46,013,46013,sheriffs office,"non-msa cnty under 10,000",west north central,non-suburban,2,1,1,1,1,1,0,0,0,0,0,0,0,0,0,0,0,0,1,0,0,0,0,0,0,0,0,0,0,0,0,0,0,1,0,0,0,0,0,0,0,0,0,0,0,0,0,0,0,0,0,0,0,0,0,0,1,0,1,0,0
Aberdeen,2007,South Dakota,SD,23992,SD00601,SD0060100,46,013,46013,local police department,"cities 10,000-24,999",west north central,non-suburban,7,2,5,1,6,1,0,1,0,0,0,0,0,0,0,1,0,0,0,0,0,0,0,0,0,0,0,0,0,0,0,0,0,2,2,0,1,0,0,0,0,0,1,0,0,0,0,0,0,0,0,0,0,1,0,0,1,0,1,0,4
Butte,2007,South Dakota,SD,4762,SD00900,SD0090000,46,019,46019,sheriffs office,"non-msa cnty under 10,000",west north central,non-suburban,0,0,0,0,0,0,0,0,0,0,0,0,0,0,0,0,0,0,0,0,0,0,0,0,0,0,0,0,0,0,0,0,0,0,0,0,0,0,0,0,0,0,0,0,0,0,0,0,0,0,0,0,0,0,0,0,0,0,0,0,0
Belle Fourche,2007,South Dakota,SD,4769,SD00901,SD0090100,46,019,46019,local police department,"cities 2,500-9,999",west north central,non-suburban,1,0,1,1,0,0,1,0,1,0,0,0,1,0,0,0,0,0,0,0,0,0,0,0,0,0,0,0,0,0,0,0,0,0,0,0,0,0,0,0,0,0,0,0,0,0,0,0,0,0,0,0,0,0,0,0,0,1,0,0,0
Campbell,2007,South Dakota,SD,1475,SD01000,SD0100000,46,021,46021,sheriffs office,"non-msa cnty under 10,000",west north central,non-suburban,0,0,0,0,0,0,0,0,0,0,0,0,0,0,0,0,0,0,0,0,0,0,0,0,0,0,0,0,0,0,0,0,0,0,0,0,0,0,0,0,0,0,0,0,0,0,0,0,0,0,0,0,0,0,0,0,0,0,0,0,0
Charles Mix,2007,South Dakota,SD,6410,SD01100,SD0110000,46,023,46023,sheriffs office,"non-msa cnty under 10,000",west north central,non-suburban,0,0,0,0,0,0,0,0,0,0,0,0,0,0,0,0,0,0,0,0,0,0,0,0,0,0,0,0,0,0,0,0,0,0,0,0,0,0,0,0,0,0,0,0,0,0,0,0,0,0,0,0,0,0,0,0,0,0,0,0,0
Wagner,2007,South Dakota,SD,1596,SD01103,SD0110300,46,023,46023,local police department,"cities under 2,500",west north central,non-suburban,0,0,0,0,0,0,0,0,0,0,0,0,0,0,0,0,0,0,0,0,0,0,0,0,0,0,0,0,0,0,0,0,0,0,0,0,0,0,0,0,0,0,0,0,0,0,0,0,0,0,0,0,0,0,0,0,0,0,0,0,0
Clay,2007,South Dakota,SD,2950,SD01300,SD0130000,46,027,46027,sheriffs office,"non-msa cnty under 10,000",west north central,non-suburban,0,0,0,0,0,0,0,0,0,0,0,0,0,0,0,0,0,0,0,0,0,0,0,0,0,0,0,0,0,0,0,0,0,0,0,0,0,0,0,0,0,0,0,0,0,0,0,0,0,0,0,0,0,0,0,0,0,0,0,0,0
Vermillion,2007,South Dakota,SD,9810,SD01301,SD0130100,46,027,46027,local police department,"cities 2,500-9,999",west north central,non-suburban,0,0,0,0,0,0,0,0,0,0,0,0,0,0,0,0,0,0,0,0,0,0,0,0,0,0,0,0,0,0,0,0,0,0,0,0,0,0,0,0,0,0,0,0,0,0,0,0,0,0,0,0,0,0,0,0,0,0,0,0,0
Codington,2007,South Dakota,SD,6175,SD01400,SD0140000,46,029,46029,sheriffs office,"non-msa cnty under 10,000",west north central,non-suburban,0,0,0,0,0,0,0,0,0,0,0,0,0,0,0,0,0,0,0,0,0,0,0,0,0,0,0,0,0,0,0,0,0,0,0,0,0,0,0,0,0,0,0,0,0,0,0,0,0,0,0,0,0,0,0,0,0,0,0,0,0
Watertown,2007,South Dakota,SD,20568,SD01401,SD0140100,46,029,46029,local police department,"cities 10,000-24,999",west north central,non-suburban,4,4,0,4,0,4,0,0,0,0,0,0,0,0,0,2,1,0,0,0,0,0,0,1,0,0,0,0,0,0,0,0,0,0,0,0,0,0,0,0,0,0,0,0,0,0,0,0,0,0,0,0,0,3,0,0,1,0,0,0,0
Corson,2007,South Dakota,SD,3387,SD01500,SD0150000,46,031,46031,sheriffs office,"non-msa cnty under 10,000",west north central,non-suburban,0,0,0,0,0,0,0,0,0,0,0,0,0,0,0,0,0,0,0,0,0,0,0,0,0,0,0,0,0,0,0,0,0,0,0,0,0,0,0,0,0,0,0,0,0,0,0,0,0,0,0,0,0,0,0,0,0,0,0,0,0
Mclaughlin,2007,South Dakota,SD,755,SD01502,SD0150200,46,031,46031,local police department,"cities under 2,500",west north central,non-suburban,0,0,0,0,0,0,0,0,0,0,0,0,0,0,0,0,0,0,0,0,0,0,0,0,0,0,0,0,0,0,0,0,0,0,0,0,0,0,0,0,0,0,0,0,0,0,0,0,0,0,0,0,0,0,0,0,0,0,0,0,0
Davison,2007,South Dakota,SD,4427,SD01700,SD0170000,46,035,46035,sheriffs office,"non-msa cnty under 10,000",west north central,non-suburban,1,1,0,1,0,1,0,0,0,0,0,0,0,0,0,0,1,0,0,0,0,0,0,0,0,0,0,0,0,0,0,0,0,0,0,0,0,0,0,0,0,0,0,0,0,0,0,0,0,0,0,0,0,1,0,0,0,0,0,0,0
Mitchell,2007,South Dakota,SD,14894,SD01701,SD0170100,46,035,46035,local police department,"cities 10,000-24,999",west north central,non-suburban,8,4,4,7,1,4,3,0,3,0,0,0,3,0,0,1,0,0,0,1,0,0,1,0,0,0,0,1,0,0,0,0,0,0,0,1,0,0,0,0,0,0,0,0,0,0,0,0,0,0,0,0,0,2,0,0,2,1,0,0,3
Deuel,2007,South Dakota,SD,4327,SD01900,SD0190000,46,039,46039,sheriffs office,"non-msa cnty under 10,000",west north central,non-suburban,0,0,0,0,0,0,0,0,0,0,0,0,0,0,0,0,0,0,0,0,0,0,0,0,0,0,0,0,0,0,0,0,0,0,0,0,0,0,0,0,0,0,0,0,0,0,0,0,0,0,0,0,0,0,0,0,0,0,0,0,0
Dewey,2007,South Dakota,SD,5714,SD02000,SD0200000,46,041,46041,sheriffs office,"non-msa cnty under 10,000",west north central,non-suburban,0,0,0,0,0,0,0,0,0,0,0,0,0,0,0,0,0,0,0,0,0,0,0,0,0,0,0,0,0,0,0,0,0,0,0,0,0,0,0,0,0,0,0,0,0,0,0,0,0,0,0,0,0,0,0,0,0,0,0,0,0
Eagle Butte,2007,South Dakota,SD,950,SD02004,SD0200400,46,041,46041,local police department,"cities under 2,500",west north central,non-suburban,0,0,0,0,0,0,0,0,0,0,0,0,0,0,0,0,0,0,0,0,0,0,0,0,0,0,0,0,0,0,0,0,0,0,0,0,0,0,0,0,0,0,0,0,0,0,0,0,0,0,0,0,0,0,0,0,0,0,0,0,0
Hot Springs,2007,South Dakota,SD,4095,SD02302,SD0230200,46,047,46047,local police department,"cities 2,500-9,999",west north central,non-suburban,0,0,0,0,0,0,0,0,0,0,0,0,0,0,0,0,0,0,0,0,0,0,0,0,0,0,0,0,0,0,0,0,0,0,0,0,0,0,0,0,0,0,0,0,0,0,0,0,0,0,0,0,0,0,0,0,0,0,0,0,0
Hamlin,2007,South Dakota,SD,5028,SD02800,SD0280000,46,057,46057,sheriffs office,"non-msa cnty under 10,000",west north central,non-suburban,0,0,0,0,0,0,0,0,0,0,0,0,0,0,0,0,0,0,0,0,0,0,0,0,0,0,0,0,0,0,0,0,0,0,0,0,0,0,0,0,0,0,0,0,0,0,0,0,0,0,0,0,0,0,0,0,0,0,0,0,0
Estelline,2007,South Dakota,SD,668,SD02803,SD0280300,46,057,46057,local police department,"cities under 2,500",west north central,non-suburban,0,0,0,0,0,0,0,0,0,0,0,0,0,0,0,0,0,0,0,0,0,0,0,0,0,0,0,0,0,0,0,0,0,0,0,0,0,0,0,0,0,0,0,0,0,0,0,0,0,0,0,0,0,0,0,0,0,0,0,0,0
Miller,2007,South Dakota,SD,1343,SD02901,SD0290100,46,059,46059,local police department,"cities under 2,500",west north central,non-suburban,0,0,0,0,0,0,0,0,0,0,0,0,0,0,0,0,0,0,0,0,0,0,0,0,0,0,0,0,0,0,0,0,0,0,0,0,0,0,0,0,0,0,0,0,0,0,0,0,0,0,0,0,0,0,0,0,0,0,0,0,0
Hanson,2007,South Dakota,SD,3823,SD03000,SD0300000,46,061,46061,sheriffs office,"non-msa cnty under 10,000",west north central,non-suburban,0,0,0,0,0,0,0,0,0,0,0,0,0,0,0,0,0,0,0,0,0,0,0,0,0,0,0,0,0,0,0,0,0,0,0,0,0,0,0,0,0,0,0,0,0,0,0,0,0,0,0,0,0,0,0,0,0,0,0,0,0
Pierre,2007,South Dakota,SD,14124,SD03201,SD0320100,46,065,46065,local police department,"cities 10,000-24,999",west north central,non-suburban,4,3,1,3,1,3,0,0,0,0,0,0,0,0,0,0,0,0,1,0,0,0,1,0,1,0,0,0,0,0,0,0,0,1,0,0,0,0,0,0,0,0,0,0,0,0,0,0,0,0,0,0,0,2,0,0,1,0,0,0,1
Hutchinson,2007,South Dakota,SD,3428,SD03300,SD0330000,46,067,46067,sheriffs office,"non-msa cnty under 10,000",west north central,non-suburban,0,0,0,0,0,0,0,0,0,0,0,0,0,0,0,0,0,0,0,0,0,0,0,0,0,0,0,0,0,0,0,0,0,0,0,0,0,0,0,0,0,0,0,0,0,0,0,0,0,0,0,0,0,0,0,0,0,0,0,0,0
Parkston,2007,South Dakota,SD,1506,SD03302,SD0330200,46,067,46067,local police department,"cities under 2,500",west north central,non-suburban,0,0,0,0,0,0,0,0,0,0,0,0,0,0,0,0,0,0,0,0,0,0,0,0,0,0,0,0,0,0,0,0,0,0,0,0,0,0,0,0,0,0,0,0,0,0,0,0,0,0,0,0,0,0,0,0,0,0,0,0,0
Jerauld,2007,South Dakota,SD,2069,SD03600,SD0360000,46,073,46073,sheriffs office,"non-msa cnty under 10,000",west north central,non-suburban,0,0,0,0,0,0,0,0,0,0,0,0,0,0,0,0,0,0,0,0,0,0,0,0,0,0,0,0,0,0,0,0,0,0,0,0,0,0,0,0,0,0,0,0,0,0,0,0,0,0,0,0,0,0,0,0,0,0,0,0,0
Kingsbury,2007,South Dakota,SD,5484,SD03800,SD0380000,46,077,46077,sheriffs office,"non-msa cnty under 10,000",west north central,non-suburban,0,0,0,0,0,0,0,0,0,0,0,0,0,0,0,0,0,0,0,0,0,0,0,0,0,0,0,0,0,0,0,0,0,0,0,0,0,0,0,0,0,0,0,0,0,0,0,0,0,0,0,0,0,0,0,0,0,0,0,0,0
Madison,2007,South Dakota,SD,6221,SD03901,SD0390100,46,079,46079,local police department,"cities 2,500-9,999",west north central,non-suburban,1,1,0,0,1,0,0,1,0,0,0,0,0,0,0,0,0,0,0,0,0,0,0,0,0,0,0,0,0,0,0,0,0,0,0,0,0,0,0,0,0,0,0,0,0,0,0,0,1,0,0,0,0,1,0,0,0,0,0,0,0
Lawrence,2007,South Dakota,SD,8396,SD04000,SD0400000,46,081,46081,sheriffs office,"non-msa cnty under 10,000",west north central,non-suburban,0,0,0,0,0,0,0,0,0,0,0,0,0,0,0,0,0,0,0,0,0,0,0,0,0,0,0,0,0,0,0,0,0,0,0,0,0,0,0,0,0,0,0,0,0,0,0,0,0,0,0,0,0,0,0,0,0,0,0,0,0
Deadwood,2007,South Dakota,SD,1269,SD04001,SD0400100,46,081,46081,local police department,"cities under 2,500",west north central,non-suburban,1,1,0,1,0,1,0,0,0,0,0,0,0,0,0,0,0,0,0,0,0,0,0,0,0,1,0,0,0,0,0,0,0,0,0,0,0,0,0,0,0,0,0,0,0,0,0,0,0,0,0,0,0,0,0,0,1,0,0,0,0
Lead,2007,South Dakota,SD,2837,SD04002,SD0400200,46,081,46081,local police department,"cities 2,500-9,999",west north central,non-suburban,0,0,0,0,0,0,0,0,0,0,0,0,0,0,0,0,0,0,0,0,0,0,0,0,0,0,0,0,0,0,0,0,0,0,0,0,0,0,0,0,0,0,0,0,0,0,0,0,0,0,0,0,0,0,0,0,0,0,0,0,0
Spearfish,2007,South Dakota,SD,9796,SD04003,SD0400300,46,081,46081,local police department,"cities 2,500-9,999",west north central,non-suburban,0,0,0,0,0,0,0,0,0,0,0,0,0,0,0,0,0,0,0,0,0,0,0,0,0,0,0,0,0,0,0,0,0,0,0,0,0,0,0,0,0,0,0,0,0,0,0,0,0,0,0,0,0,0,0,0,0,0,0,0,0
Whitewood,2007,South Dakota,SD,810,SD04004,SD0400400,46,081,46081,local police department,"cities under 2,500",west north central,non-suburban,1,0,1,1,0,0,1,0,1,0,0,1,0,0,0,0,0,0,0,0,0,0,0,0,0,0,0,0,0,0,0,0,0,0,0,0,0,0,0,0,0,0,0,0,0,0,0,0,0,0,0,0,0,0,0,0,0,1,0,0,0
Lincoln,2007,South Dakota,SD,12698,SD04100,SD0410000,46,083,46083,sheriffs office,"msa cnty 10,000-24,999",west north central,suburban,1,1,0,1,0,1,0,0,0,0,0,0,0,0,0,0,0,0,0,0,0,0,0,0,0,1,0,0,0,0,0,0,0,0,0,0,0,0,0,0,0,0,0,0,0,0,0,0,0,0,0,0,0,1,0,0,0,0,0,0,0
Canton,2007,South Dakota,SD,3237,SD04101,SD0410100,46,083,46083,local police department,"cities 2,500-9,999",west north central,suburban,1,1,0,1,0,1,0,0,0,0,0,0,0,0,0,0,0,0,0,0,0,0,0,1,0,0,0,0,0,0,0,0,0,0,0,0,0,0,0,0,0,0,0,0,0,0,0,0,0,0,0,0,0,1,0,0,0,0,0,0,0
Lennox,2007,South Dakota,SD,2154,SD04102,SD0410200,46,083,46083,local police department,"cities under 2,500",west north central,suburban,0,0,0,0,0,0,0,0,0,0,0,0,0,0,0,0,0,0,0,0,0,0,0,0,0,0,0,0,0,0,0,0,0,0,0,0,0,0,0,0,0,0,0,0,0,0,0,0,0,0,0,0,0,0,0,0,0,0,0,0,0
Mccook,2007,South Dakota,SD,5346,SD04300,SD0430000,46,087,46087,sheriffs office,"msa cnty under 10,000",west north central,suburban,0,0,0,0,0,0,0,0,0,0,0,0,0,0,0,0,0,0,0,0,0,0,0,0,0,0,0,0,0,0,0,0,0,0,0,0,0,0,0,0,0,0,0,0,0,0,0,0,0,0,0,0,0,0,0,0,0,0,0,0,0
Mcpherson,2007,South Dakota,SD,1207,SD04400,SD0440000,46,089,46089,sheriffs office,"non-msa cnty under 10,000",west north central,non-suburban,0,0,0,0,0,0,0,0,0,0,0,0,0,0,0,0,0,0,0,0,0,0,0,0,0,0,0,0,0,0,0,0,0,0,0,0,0,0,0,0,0,0,0,0,0,0,0,0,0,0,0,0,0,0,0,0,0,0,0,0,0
Marshall,2007,South Dakota,SD,4466,SD04500,SD0450000,46,091,46091,sheriffs office,"non-msa cnty under 10,000",west north central,non-suburban,0,0,0,0,0,0,0,0,0,0,0,0,0,0,0,0,0,0,0,0,0,0,0,0,0,0,0,0,0,0,0,0,0,0,0,0,0,0,0,0,0,0,0,0,0,0,0,0,0,0,0,0,0,0,0,0,0,0,0,0,0
Meade,2007,South Dakota,SD,18216,SD04600,SD0460000,46,093,46093,sheriffs office,"msa cnty 10,000-24,999",west north central,suburban,1,1,0,1,0,1,0,0,0,0,0,0,0,0,0,0,0,1,0,0,0,0,0,0,0,0,0,0,0,0,0,0,0,0,0,0,0,0,0,0,0,0,0,0,0,0,0,0,0,0,0,0,0,1,0,0,0,0,0,0,0
Sturgis,2007,South Dakota,SD,6090,SD04601,SD0460100,46,093,46093,local police department,"cities 2,500-9,999",west north central,suburban,2,2,0,2,0,2,0,0,0,0,0,0,0,0,0,0,0,1,0,0,1,0,0,0,0,0,0,0,0,0,0,0,0,0,0,0,0,0,0,0,0,0,0,0,0,0,0,0,0,0,0,0,0,2,0,0,0,0,0,0,0
Miner,2007,South Dakota,SD,2541,SD04800,SD0480000,46,097,46097,sheriffs office,"non-msa cnty under 10,000",west north central,non-suburban,0,0,0,0,0,0,0,0,0,0,0,0,0,0,0,0,0,0,0,0,0,0,0,0,0,0,0,0,0,0,0,0,0,0,0,0,0,0,0,0,0,0,0,0,0,0,0,0,0,0,0,0,0,0,0,0,0,0,0,0,0
Minnehaha,2007,South Dakota,SD,29846,SD04900,SD0490000,46,099,46099,sheriffs office,"msa cnty 25,000-99,999",west north central,suburban,3,0,3,2,1,0,2,0,2,0,0,1,0,1,0,0,0,0,0,0,0,0,0,0,0,0,0,0,0,0,0,0,0,0,1,0,0,0,0,0,0,0,0,0,0,0,0,0,0,0,0,0,0,0,0,0,0,1,0,0,1
Sioux Falls,2007,South Dakota,SD,144985,SD04902,SD0490200,46,099,46099,local police department,"cities 100,000-249,999",west north central,non-suburban,14,4,10,10,4,4,6,0,6,0,0,2,1,1,2,0,0,0,1,0,0,1,1,0,1,0,0,0,0,0,0,0,0,0,0,1,3,0,0,0,0,0,0,0,0,0,0,0,0,0,0,0,0,2,0,0,2,4,0,1,5
Brandon,2007,South Dakota,SD,7956,SD04903,SD0490300,46,099,46099,local police department,"cities 2,500-9,999",west north central,suburban,0,0,0,0,0,0,0,0,0,0,0,0,0,0,0,0,0,0,0,0,0,0,0,0,0,0,0,0,0,0,0,0,0,0,0,0,0,0,0,0,0,0,0,0,0,0,0,0,0,0,0,0,0,0,0,0,0,0,0,0,0
Moody,2007,South Dakota,SD,3878,SD05000,SD0500000,46,101,46101,sheriffs office,"non-msa cnty under 10,000",west north central,non-suburban,0,0,0,0,0,0,0,0,0,0,0,0,0,0,0,0,0,0,0,0,0,0,0,0,0,0,0,0,0,0,0,0,0,0,0,0,0,0,0,0,0,0,0,0,0,0,0,0,0,0,0,0,0,0,0,0,0,0,0,0,0
Pennington,2007,South Dakota,SD,30090,SD05100,SD0510000,46,103,46103,sheriffs office,"msa cnty 25,000-99,999",west north central,suburban,0,0,0,0,0,0,0,0,0,0,0,0,0,0,0,0,0,0,0,0,0,0,0,0,0,0,0,0,0,0,0,0,0,0,0,0,0,0,0,0,0,0,0,0,0,0,0,0,0,0,0,0,0,0,0,0,0,0,0,0,0
Rapid City,2007,South Dakota,SD,63162,SD05101,SD0510100,46,103,46103,local police department,"cities 50,000-99,999",west north central,non-suburban,10,7,3,10,0,7,3,0,3,0,0,0,1,2,0,2,1,0,0,0,0,2,1,1,0,0,0,0,0,0,0,0,0,0,0,0,0,0,0,0,0,0,0,0,0,0,0,0,0,0,0,0,0,2,0,0,5,0,0,0,3
Box Elder,2007,South Dakota,SD,3112,SD05103,SD0510300,46,103,46103,local police department,"cities 2,500-9,999",west north central,suburban,0,0,0,0,0,0,0,0,0,0,0,0,0,0,0,0,0,0,0,0,0,0,0,0,0,0,0,0,0,0,0,0,0,0,0,0,0,0,0,0,0,0,0,0,0,0,0,0,0,0,0,0,0,0,0,0,0,0,0,0,0
Perkins,2007,South Dakota,SD,1815,SD05200,SD0520000,46,105,46105,sheriffs office,"non-msa cnty under 10,000",west north central,non-suburban,0,0,0,0,0,0,0,0,0,0,0,0,0,0,0,0,0,0,0,0,0,0,0,0,0,0,0,0,0,0,0,0,0,0,0,0,0,0,0,0,0,0,0,0,0,0,0,0,0,0,0,0,0,0,0,0,0,0,0,0,0
Roberts,2007,South Dakota,SD,6453,SD05400,SD0540000,46,109,46109,sheriffs office,"non-msa cnty under 10,000",west north central,non-suburban,0,0,0,0,0,0,0,0,0,0,0,0,0,0,0,0,0,0,0,0,0,0,0,0,0,0,0,0,0,0,0,0,0,0,0,0,0,0,0,0,0,0,0,0,0,0,0,0,0,0,0,0,0,0,0,0,0,0,0,0,0
Sanborn,2007,South Dakota,SD,2528,SD05500,SD0550000,46,111,46111,sheriffs office,"non-msa cnty under 10,000",west north central,non-suburban,0,0,0,0,0,0,0,0,0,0,0,0,0,0,0,0,0,0,0,0,0,0,0,0,0,0,0,0,0,0,0,0,0,0,0,0,0,0,0,0,0,0,0,0,0,0,0,0,0,0,0,0,0,0,0,0,0,0,0,0,0
Spink,2007,South Dakota,SD,6940,SD05700,SD0570000,46,115,46115,sheriffs office,"non-msa cnty under 10,000",west north central,non-suburban,3,3,0,2,1,2,0,1,0,0,0,0,0,0,0,0,0,1,0,0,0,0,0,0,0,1,0,0,0,0,0,0,0,0,0,0,0,0,0,0,1,0,0,0,0,0,0,0,0,0,0,0,0,3,0,0,0,0,0,0,0
Stanley,2007,South Dakota,SD,2856,SD05800,SD0580000,46,117,46117,sheriffs office,"non-msa cnty under 10,000",west north central,non-suburban,0,0,0,0,0,0,0,0,0,0,0,0,0,0,0,0,0,0,0,0,0,0,0,0,0,0,0,0,0,0,0,0,0,0,0,0,0,0,0,0,0,0,0,0,0,0,0,0,0,0,0,0,0,0,0,0,0,0,0,0,0
Tripp,2007,South Dakota,SD,3206,SD06100,SD0610000,46,123,46123,sheriffs office,"non-msa cnty under 10,000",west north central,non-suburban,0,0,0,0,0,0,0,0,0,0,0,0,0,0,0,0,0,0,0,0,0,0,0,0,0,0,0,0,0,0,0,0,0,0,0,0,0,0,0,0,0,0,0,0,0,0,0,0,0,0,0,0,0,0,0,0,0,0,0,0,0
Winner,2007,South Dakota,SD,2892,SD06101,SD0610100,46,123,46123,local police department,"cities 2,500-9,999",west north central,non-suburban,2,0,2,2,0,0,2,0,2,0,0,0,0,0,2,0,0,0,0,0,0,0,0,0,0,0,0,0,0,0,0,0,0,0,0,0,0,0,0,0,0,0,0,0,0,0,0,0,0,0,0,0,0,0,0,0,0,0,0,0,2
Turner,2007,South Dakota,SD,6735,SD06200,SD0620000,46,125,46125,sheriffs office,"msa cnty under 10,000",west north central,suburban,1,1,0,0,1,0,0,1,0,0,0,0,0,0,0,0,0,0,0,0,0,0,0,0,0,0,0,0,0,0,0,0,0,0,0,0,0,0,0,0,0,0,0,0,0,0,0,0,0,1,0,0,0,1,0,0,0,0,0,0,0
Viborg,2007,South Dakota,SD,793,SD06206,SD0620600,46,125,46125,local police department,"cities under 2,500",west north central,suburban,0,0,0,0,0,0,0,0,0,0,0,0,0,0,0,0,0,0,0,0,0,0,0,0,0,0,0,0,0,0,0,0,0,0,0,0,0,0,0,0,0,0,0,0,0,0,0,0,0,0,0,0,0,0,0,0,0,0,0,0,0
Union,2007,South Dakota,SD,6555,SD06300,SD0630000,46,127,46127,sheriffs office,"msa cnty under 10,000",west north central,suburban,0,0,0,0,0,0,0,0,0,0,0,0,0,0,0,0,0,0,0,0,0,0,0,0,0,0,0,0,0,0,0,0,0,0,0,0,0,0,0,0,0,0,0,0,0,0,0,0,0,0,0,0,0,0,0,0,0,0,0,0,0
North Sioux City,2007,South Dakota,SD,2545,SD06305,SD0630500,46,127,46127,local police department,"cities 2,500-9,999",west north central,suburban,0,0,0,0,0,0,0,0,0,0,0,0,0,0,0,0,0,0,0,0,0,0,0,0,0,0,0,0,0,0,0,0,0,0,0,0,0,0,0,0,0,0,0,0,0,0,0,0,0,0,0,0,0,0,0,0,0,0,0,0,0
Walworth,2007,South Dakota,SD,1439,SD06400,SD0640000,46,129,46129,sheriffs office,"non-msa cnty under 10,000",west north central,non-suburban,2,0,2,2,0,0,2,0,2,0,0,0,0,1,1,0,0,0,0,0,0,0,0,0,0,0,0,0,0,0,0,0,0,0,0,0,0,0,0,0,0,0,0,0,0,0,0,0,0,0,0,0,0,0,0,0,0,0,0,0,2
Mobridge,2007,South Dakota,SD,3188,SD06401,SD0640100,46,129,46129,local police department,"cities 2,500-9,999",west north central,non-suburban,5,0,5,5,0,0,5,0,5,0,0,0,0,0,5,0,0,0,0,0,0,0,0,0,0,0,0,0,0,0,0,0,0,0,0,0,0,0,0,0,0,0,0,0,0,0,0,0,0,0,0,0,0,0,0,0,0,0,0,0,4
Yankton,2007,South Dakota,SD,8272,SD06600,SD0660000,46,135,46135,sheriffs office,"non-msa cnty under 10,000",west north central,non-suburban,0,0,0,0,0,0,0,0,0,0,0,0,0,0,0,0,0,0,0,0,0,0,0,0,0,0,0,0,0,0,0,0,0,0,0,0,0,0,0,0,0,0,0,0,0,0,0,0,0,0,0,0,0,0,0,0,0,0,0,0,0
Yankton,2007,South Dakota,SD,13805,SD06601,SD0660100,46,135,46135,local police department,"cities 10,000-24,999",west north central,non-suburban,3,3,0,3,0,3,0,0,0,0,0,0,0,0,0,0,0,1,0,0,0,0,0,0,2,0,0,0,0,0,0,0,0,0,0,0,0,0,0,0,0,0,0,0,0,0,0,0,0,0,0,0,0,2,0,0,1,0,0,0,0
Div Of Criminal Invest,2007,South Dakota,SD,0,SDDCI00,SDDCI0000,46,065,46065,special jurisdiction,non-msa state police,west north central,non-suburban,4,4,0,4,0,4,0,0,0,0,0,0,0,0,0,0,0,0,0,0,0,0,0,2,0,1,0,1,0,0,0,0,0,0,0,0,0,0,0,0,0,0,0,0,0,0,0,0,0,0,0,0,0,4,0,0,0,0,0,0,0
Aurora,2008,South Dakota,SD,2836,SD00100,SD0010000,46,003,46003,sheriffs office,"non-msa cnty under 10,000",west north central,non-suburban,0,0,0,0,0,0,0,0,0,0,0,0,0,0,0,0,0,0,0,0,0,0,0,0,0,0,0,0,0,0,0,0,0,0,0,0,0,0,0,0,0,0,0,0,0,0,0,0,0,0,0,0,0,0,0,0,0,0,0,0,0
Beadle,2008,South Dakota,SD,4762,SD00200,SD0020000,46,005,46005,sheriffs office,"non-msa cnty under 10,000",west north central,non-suburban,0,0,0,0,0,0,0,0,0,0,0,0,0,0,0,0,0,0,0,0,0,0,0,0,0,0,0,0,0,0,0,0,0,0,0,0,0,0,0,0,0,0,0,0,0,0,0,0,0,0,0,0,0,0,0,0,0,0,0,0,0
Bennett,2008,South Dakota,SD,2431,SD00300,SD0030000,46,007,46007,sheriffs office,"non-msa cnty under 10,000",west north central,non-suburban,2,1,1,1,1,1,0,0,0,0,0,0,0,0,0,0,0,0,0,0,0,0,0,0,0,1,0,0,0,0,0,0,0,0,0,1,0,0,0,0,0,0,0,0,0,0,0,0,0,0,0,0,0,0,0,0,1,0,0,0,1
Martin,2008,South Dakota,SD,1002,SD00301,SD0030100,46,007,46007,local police department,"cities under 2,500",west north central,non-suburban,0,0,0,0,0,0,0,0,0,0,0,0,0,0,0,0,0,0,0,0,0,0,0,0,0,0,0,0,0,0,0,0,0,0,0,0,0,0,0,0,0,0,0,0,0,0,0,0,0,0,0,0,0,0,0,0,0,0,0,0,0
Brookings,2008,South Dakota,SD,9887,SD00500,SD0050000,46,011,46011,sheriffs office,"non-msa cnty under 10,000",west north central,non-suburban,0,0,0,0,0,0,0,0,0,0,0,0,0,0,0,0,0,0,0,0,0,0,0,0,0,0,0,0,0,0,0,0,0,0,0,0,0,0,0,0,0,0,0,0,0,0,0,0,0,0,0,0,0,0,0,0,0,0,0,0,0
Brookings,2008,South Dakota,SD,19546,SD00501,SD0050100,46,011,46011,local police department,"cities 10,000-24,999",west north central,non-suburban,0,0,0,0,0,0,0,0,0,0,0,0,0,0,0,0,0,0,0,0,0,0,0,0,0,0,0,0,0,0,0,0,0,0,0,0,0,0,0,0,0,0,0,0,0,0,0,0,0,0,0,0,0,0,0,0,0,0,0,0,0
Brown,2008,South Dakota,SD,9378,SD00600,SD0060000,46,013,46013,sheriffs office,"non-msa cnty under 10,000",west north central,non-suburban,0,0,0,0,0,0,0,0,0,0,0,0,0,0,0,0,0,0,0,0,0,0,0,0,0,0,0,0,0,0,0,0,0,0,0,0,0,0,0,0,0,0,0,0,0,0,0,0,0,0,0,0,0,0,0,0,0,0,0,0,0
Aberdeen,2008,South Dakota,SD,24382,SD00601,SD0060100,46,013,46013,local police department,"cities 10,000-24,999",west north central,non-suburban,6,5,1,5,1,5,0,0,0,0,0,0,0,0,0,0,1,1,0,0,0,0,2,0,0,1,0,0,0,0,0,0,0,0,0,1,0,0,0,0,0,0,0,0,0,0,0,0,0,0,0,0,0,3,0,0,2,1,0,0,0
Chamberlain,2008,South Dakota,SD,2249,SD00701,SD0070100,46,015,46015,local police department,"cities under 2,500",west north central,non-suburban,1,0,1,1,0,0,1,0,1,0,0,0,0,1,0,0,0,0,0,0,0,0,0,0,0,0,0,0,0,0,0,0,0,0,0,0,0,0,0,0,0,0,0,0,0,0,0,0,0,0,0,0,0,0,0,0,0,1,0,0,0
Belle Fourche,2008,South Dakota,SD,4926,SD00901,SD0090100,46,019,46019,local police department,"cities 2,500-9,999",west north central,non-suburban,0,0,0,0,0,0,0,0,0,0,0,0,0,0,0,0,0,0,0,0,0,0,0,0,0,0,0,0,0,0,0,0,0,0,0,0,0,0,0,0,0,0,0,0,0,0,0,0,0,0,0,0,0,0,0,0,0,0,0,0,0
Charles Mix,2008,South Dakota,SD,6106,SD01100,SD0110000,46,023,46023,sheriffs office,"non-msa cnty under 10,000",west north central,non-suburban,7,0,7,2,5,0,2,0,2,0,0,1,0,0,1,0,0,0,0,0,0,0,0,0,0,0,0,0,0,0,0,0,0,2,3,0,0,0,0,0,0,0,0,0,0,0,0,0,0,0,0,0,0,0,0,0,0,0,0,0,7
Clark,2008,South Dakota,SD,2357,SD01200,SD0120000,46,025,46025,sheriffs office,"non-msa cnty under 10,000",west north central,non-suburban,0,0,0,0,0,0,0,0,0,0,0,0,0,0,0,0,0,0,0,0,0,0,0,0,0,0,0,0,0,0,0,0,0,0,0,0,0,0,0,0,0,0,0,0,0,0,0,0,0,0,0,0,0,0,0,0,0,0,0,0,0
Clay,2008,South Dakota,SD,2940,SD01300,SD0130000,46,027,46027,sheriffs office,"non-msa cnty under 10,000",west north central,non-suburban,0,0,0,0,0,0,0,0,0,0,0,0,0,0,0,0,0,0,0,0,0,0,0,0,0,0,0,0,0,0,0,0,0,0,0,0,0,0,0,0,0,0,0,0,0,0,0,0,0,0,0,0,0,0,0,0,0,0,0,0,0
Vermillion,2008,South Dakota,SD,10251,SD01301,SD0130100,46,027,46027,local police department,"cities 10,000-24,999",west north central,non-suburban,1,1,0,1,0,1,0,0,0,0,0,0,0,0,0,1,0,0,0,0,0,0,0,0,0,0,0,0,0,0,0,0,0,0,0,0,0,0,0,0,0,0,0,0,0,0,0,0,0,0,0,0,0,1,0,0,0,0,0,0,0
Codington,2008,South Dakota,SD,5912,SD01400,SD0140000,46,029,46029,sheriffs office,"non-msa cnty under 10,000",west north central,non-suburban,1,1,0,1,0,1,0,0,0,0,0,0,0,0,0,0,1,0,0,0,0,0,0,0,0,0,0,0,0,0,0,0,0,0,0,0,0,0,0,0,0,0,0,0,0,0,0,0,0,0,0,0,0,1,0,0,0,0,0,0,0
Watertown,2008,South Dakota,SD,20565,SD01401,SD0140100,46,029,46029,local police department,"cities 10,000-24,999",west north central,non-suburban,8,7,1,7,1,6,1,1,1,0,0,1,0,0,0,0,1,1,0,0,0,0,2,0,2,0,0,0,0,0,0,0,0,0,0,0,0,0,0,0,0,0,0,0,1,0,0,0,0,0,0,0,0,4,0,0,3,1,0,0,0
Custer,2008,South Dakota,SD,7551,SD01600,SD0160000,46,033,46033,sheriffs office,"non-msa cnty under 10,000",west north central,non-suburban,1,1,0,1,0,1,0,0,0,0,0,0,0,0,0,0,0,0,0,0,0,0,0,0,0,0,0,0,1,0,0,0,0,0,0,0,0,0,0,0,0,0,0,0,0,0,0,0,0,0,0,0,0,0,0,0,0,0,0,0,0
Davison,2008,South Dakota,SD,4242,SD01700,SD0170000,46,035,46035,sheriffs office,"non-msa cnty under 10,000",west north central,non-suburban,1,1,0,1,0,1,0,0,0,0,0,0,0,0,0,1,0,0,0,0,0,0,0,0,0,0,0,0,0,0,0,0,0,0,0,0,0,0,0,0,0,0,0,0,0,0,0,0,0,0,0,0,0,1,0,0,0,0,0,0,0
Mitchell,2008,South Dakota,SD,14861,SD01701,SD0170100,46,035,46035,local police department,"cities 10,000-24,999",west north central,non-suburban,9,1,8,2,7,1,1,0,1,0,0,0,0,1,0,0,0,1,0,0,0,0,0,0,0,0,0,0,0,0,0,0,1,3,0,3,0,0,0,0,0,0,0,0,0,0,0,0,0,0,0,0,0,0,0,0,1,1,2,0,5
Deuel,2008,South Dakota,SD,4241,SD01900,SD0190000,46,039,46039,sheriffs office,"non-msa cnty under 10,000",west north central,non-suburban,0,0,0,0,0,0,0,0,0,0,0,0,0,0,0,0,0,0,0,0,0,0,0,0,0,0,0,0,0,0,0,0,0,0,0,0,0,0,0,0,0,0,0,0,0,0,0,0,0,0,0,0,0,0,0,0,0,0,0,0,0
Dewey,2008,South Dakota,SD,5092,SD02000,SD0200000,46,041,46041,sheriffs office,"non-msa cnty under 10,000",west north central,non-suburban,0,0,0,0,0,0,0,0,0,0,0,0,0,0,0,0,0,0,0,0,0,0,0,0,0,0,0,0,0,0,0,0,0,0,0,0,0,0,0,0,0,0,0,0,0,0,0,0,0,0,0,0,0,0,0,0,0,0,0,0,0
Corsica,2008,South Dakota,SD,575,SD02102,SD0210200,46,043,46043,local police department,"cities under 2,500",west north central,non-suburban,0,0,0,0,0,0,0,0,0,0,0,0,0,0,0,0,0,0,0,0,0,0,0,0,0,0,0,0,0,0,0,0,0,0,0,0,0,0,0,0,0,0,0,0,0,0,0,0,0,0,0,0,0,0,0,0,0,0,0,0,0
Edmunds,2008,South Dakota,SD,3977,SD02200,SD0220000,46,045,46045,sheriffs office,"non-msa cnty under 10,000",west north central,non-suburban,0,0,0,0,0,0,0,0,0,0,0,0,0,0,0,0,0,0,0,0,0,0,0,0,0,0,0,0,0,0,0,0,0,0,0,0,0,0,0,0,0,0,0,0,0,0,0,0,0,0,0,0,0,0,0,0,0,0,0,0,0
Hot Springs,2008,South Dakota,SD,4040,SD02302,SD0230200,46,047,46047,local police department,"cities 2,500-9,999",west north central,non-suburban,0,0,0,0,0,0,0,0,0,0,0,0,0,0,0,0,0,0,0,0,0,0,0,0,0,0,0,0,0,0,0,0,0,0,0,0,0,0,0,0,0,0,0,0,0,0,0,0,0,0,0,0,0,0,0,0,0,0,0,0,0
Faulk,2008,South Dakota,SD,2241,SD02400,SD0240000,46,049,46049,sheriffs office,"non-msa cnty under 10,000",west north central,non-suburban,0,0,0,0,0,0,0,0,0,0,0,0,0,0,0,0,0,0,0,0,0,0,0,0,0,0,0,0,0,0,0,0,0,0,0,0,0,0,0,0,0,0,0,0,0,0,0,0,0,0,0,0,0,0,0,0,0,0,0,0,0
Hamlin,2008,South Dakota,SD,4982,SD02800,SD0280000,46,057,46057,sheriffs office,"non-msa cnty under 10,000",west north central,non-suburban,0,0,0,0,0,0,0,0,0,0,0,0,0,0,0,0,0,0,0,0,0,0,0,0,0,0,0,0,0,0,0,0,0,0,0,0,0,0,0,0,0,0,0,0,0,0,0,0,0,0,0,0,0,0,0,0,0,0,0,0,0
Estelline,2008,South Dakota,SD,662,SD02803,SD0280300,46,057,46057,local police department,"cities under 2,500",west north central,non-suburban,0,0,0,0,0,0,0,0,0,0,0,0,0,0,0,0,0,0,0,0,0,0,0,0,0,0,0,0,0,0,0,0,0,0,0,0,0,0,0,0,0,0,0,0,0,0,0,0,0,0,0,0,0,0,0,0,0,0,0,0,0
Hand,2008,South Dakota,SD,1911,SD02900,SD0290000,46,059,46059,sheriffs office,"non-msa cnty under 10,000",west north central,non-suburban,0,0,0,0,0,0,0,0,0,0,0,0,0,0,0,0,0,0,0,0,0,0,0,0,0,0,0,0,0,0,0,0,0,0,0,0,0,0,0,0,0,0,0,0,0,0,0,0,0,0,0,0,0,0,0,0,0,0,0,0,0
Hanson,2008,South Dakota,SD,3694,SD03000,SD0300000,46,061,46061,sheriffs office,"non-msa cnty under 10,000",west north central,non-suburban,0,0,0,0,0,0,0,0,0,0,0,0,0,0,0,0,0,0,0,0,0,0,0,0,0,0,0,0,0,0,0,0,0,0,0,0,0,0,0,0,0,0,0,0,0,0,0,0,0,0,0,0,0,0,0,0,0,0,0,0,0
Hughes,2008,South Dakota,SD,2920,SD03200,SD0320000,46,065,46065,sheriffs office,"non-msa cnty under 10,000",west north central,non-suburban,0,0,0,0,0,0,0,0,0,0,0,0,0,0,0,0,0,0,0,0,0,0,0,0,0,0,0,0,0,0,0,0,0,0,0,0,0,0,0,0,0,0,0,0,0,0,0,0,0,0,0,0,0,0,0,0,0,0,0,0,0
Pierre,2008,South Dakota,SD,14051,SD03201,SD0320100,46,065,46065,local police department,"cities 10,000-24,999",west north central,non-suburban,8,0,8,8,0,0,8,0,8,0,0,0,2,2,4,0,0,0,0,0,0,0,0,0,0,0,0,0,0,0,0,0,0,0,0,0,0,0,0,0,0,0,0,0,0,0,0,0,0,0,0,0,0,0,0,0,0,0,0,0,8
Madison,2008,South Dakota,SD,6294,SD03901,SD0390100,46,079,46079,local police department,"cities 2,500-9,999",west north central,non-suburban,0,0,0,0,0,0,0,0,0,0,0,0,0,0,0,0,0,0,0,0,0,0,0,0,0,0,0,0,0,0,0,0,0,0,0,0,0,0,0,0,0,0,0,0,0,0,0,0,0,0,0,0,0,0,0,0,0,0,0,0,0
Lawrence,2008,South Dakota,SD,8465,SD04000,SD0400000,46,081,46081,sheriffs office,"non-msa cnty under 10,000",west north central,non-suburban,0,0,0,0,0,0,0,0,0,0,0,0,0,0,0,0,0,0,0,0,0,0,0,0,0,0,0,0,0,0,0,0,0,0,0,0,0,0,0,0,0,0,0,0,0,0,0,0,0,0,0,0,0,0,0,0,0,0,0,0,0
Deadwood,2008,South Dakota,SD,1283,SD04001,SD0400100,46,081,46081,local police department,"cities under 2,500",west north central,non-suburban,0,0,0,0,0,0,0,0,0,0,0,0,0,0,0,0,0,0,0,0,0,0,0,0,0,0,0,0,0,0,0,0,0,0,0,0,0,0,0,0,0,0,0,0,0,0,0,0,0,0,0,0,0,0,0,0,0,0,0,0,0
Lead,2008,South Dakota,SD,2874,SD04002,SD0400200,46,081,46081,local police department,"cities 2,500-9,999",west north central,non-suburban,0,0,0,0,0,0,0,0,0,0,0,0,0,0,0,0,0,0,0,0,0,0,0,0,0,0,0,0,0,0,0,0,0,0,0,0,0,0,0,0,0,0,0,0,0,0,0,0,0,0,0,0,0,0,0,0,0,0,0,0,0
Spearfish,2008,South Dakota,SD,10144,SD04003,SD0400300,46,081,46081,local police department,"cities 10,000-24,999",west north central,non-suburban,1,1,0,1,0,1,0,0,0,0,0,0,0,0,0,0,0,0,0,0,0,0,0,1,0,0,0,0,0,0,0,0,0,0,0,0,0,0,0,0,0,0,0,0,0,0,0,0,0,0,0,0,0,1,0,0,0,0,0,0,0
Whitewood,2008,South Dakota,SD,845,SD04004,SD0400400,46,081,46081,local police department,"cities under 2,500",west north central,non-suburban,0,0,0,0,0,0,0,0,0,0,0,0,0,0,0,0,0,0,0,0,0,0,0,0,0,0,0,0,0,0,0,0,0,0,0,0,0,0,0,0,0,0,0,0,0,0,0,0,0,0,0,0,0,0,0,0,0,0,0,0,0
Lincoln,2008,South Dakota,SD,17873,SD04100,SD0410000,46,083,46083,sheriffs office,"msa cnty 10,000-24,999",west north central,suburban,3,2,1,3,0,2,1,0,1,0,0,0,1,0,0,0,1,0,0,0,0,0,0,1,0,0,0,0,0,0,0,0,0,0,0,0,0,0,0,0,0,0,0,0,0,0,0,0,0,0,0,0,0,1,1,0,0,1,0,0,0
Canton,2008,South Dakota,SD,4275,SD04101,SD0410100,46,083,46083,local police department,"cities 2,500-9,999",west north central,suburban,1,0,1,1,0,0,1,0,1,0,0,0,1,0,0,0,0,0,0,0,0,0,0,0,0,0,0,0,0,0,0,0,0,0,0,0,0,0,0,0,0,0,0,0,0,0,0,0,0,0,0,0,0,0,0,0,0,1,0,0,0
Lennox,2008,South Dakota,SD,2846,SD04102,SD0410200,46,083,46083,local police department,"cities 2,500-9,999",west north central,suburban,0,0,0,0,0,0,0,0,0,0,0,0,0,0,0,0,0,0,0,0,0,0,0,0,0,0,0,0,0,0,0,0,0,0,0,0,0,0,0,0,0,0,0,0,0,0,0,0,0,0,0,0,0,0,0,0,0,0,0,0,0
Mccook,2008,South Dakota,SD,5758,SD04300,SD0430000,46,087,46087,sheriffs office,"msa cnty under 10,000",west north central,suburban,0,0,0,0,0,0,0,0,0,0,0,0,0,0,0,0,0,0,0,0,0,0,0,0,0,0,0,0,0,0,0,0,0,0,0,0,0,0,0,0,0,0,0,0,0,0,0,0,0,0,0,0,0,0,0,0,0,0,0,0,0
Mcpherson,2008,South Dakota,SD,1148,SD04400,SD0440000,46,089,46089,sheriffs office,"non-msa cnty under 10,000",west north central,non-suburban,0,0,0,0,0,0,0,0,0,0,0,0,0,0,0,0,0,0,0,0,0,0,0,0,0,0,0,0,0,0,0,0,0,0,0,0,0,0,0,0,0,0,0,0,0,0,0,0,0,0,0,0,0,0,0,0,0,0,0,0,0
Marshall,2008,South Dakota,SD,4297,SD04500,SD0450000,46,091,46091,sheriffs office,"non-msa cnty under 10,000",west north central,non-suburban,0,0,0,0,0,0,0,0,0,0,0,0,0,0,0,0,0,0,0,0,0,0,0,0,0,0,0,0,0,0,0,0,0,0,0,0,0,0,0,0,0,0,0,0,0,0,0,0,0,0,0,0,0,0,0,0,0,0,0,0,0
Sturgis,2008,South Dakota,SD,5937,SD04601,SD0460100,46,093,46093,local police department,"cities 2,500-9,999",west north central,suburban,1,1,0,1,0,1,0,0,0,0,0,0,0,0,0,0,0,0,0,0,0,0,1,0,0,0,0,0,0,0,0,0,0,0,0,0,0,0,0,0,0,0,0,0,0,0,0,0,0,0,0,0,0,0,0,0,1,0,0,0,0
Miner,2008,South Dakota,SD,2434,SD04800,SD0480000,46,097,46097,sheriffs office,"non-msa cnty under 10,000",west north central,non-suburban,0,0,0,0,0,0,0,0,0,0,0,0,0,0,0,0,0,0,0,0,0,0,0,0,0,0,0,0,0,0,0,0,0,0,0,0,0,0,0,0,0,0,0,0,0,0,0,0,0,0,0,0,0,0,0,0,0,0,0,0,0
Minnehaha,2008,South Dakota,SD,25569,SD04900,SD0490000,46,099,46099,sheriffs office,"msa cnty 25,000-99,999",west north central,suburban,2,0,2,2,0,0,2,0,2,0,0,0,0,0,2,0,0,0,0,0,0,0,0,0,0,0,0,0,0,0,0,0,0,0,0,0,0,0,0,0,0,0,0,0,0,0,0,0,0,0,0,0,0,0,0,0,0,1,0,0,1
Sioux Falls,2008,South Dakota,SD,155110,SD04902,SD0490200,46,099,46099,local police department,"cities 100,000-249,999",west north central,non-suburban,34,18,16,28,6,13,15,5,15,0,0,3,8,2,2,2,4,0,1,0,0,0,5,0,0,0,1,0,0,0,0,0,0,0,0,1,0,1,1,0,0,0,0,1,2,0,0,0,0,0,0,0,0,11,3,0,4,8,0,0,8
Brandon,2008,South Dakota,SD,7445,SD04903,SD0490300,46,099,46099,local police department,"cities 2,500-9,999",west north central,suburban,0,0,0,0,0,0,0,0,0,0,0,0,0,0,0,0,0,0,0,0,0,0,0,0,0,0,0,0,0,0,0,0,0,0,0,0,0,0,0,0,0,0,0,0,0,0,0,0,0,0,0,0,0,0,0,0,0,0,0,0,0
Moody,2008,South Dakota,SD,3721,SD05000,SD0500000,46,101,46101,sheriffs office,"non-msa cnty under 10,000",west north central,non-suburban,0,0,0,0,0,0,0,0,0,0,0,0,0,0,0,0,0,0,0,0,0,0,0,0,0,0,0,0,0,0,0,0,0,0,0,0,0,0,0,0,0,0,0,0,0,0,0,0,0,0,0,0,0,0,0,0,0,0,0,0,0
Colman,2008,South Dakota,SD,542,SD05002,SD0500200,46,101,46101,local police department,"cities under 2,500",west north central,non-suburban,0,0,0,0,0,0,0,0,0,0,0,0,0,0,0,0,0,0,0,0,0,0,0,0,0,0,0,0,0,0,0,0,0,0,0,0,0,0,0,0,0,0,0,0,0,0,0,0,0,0,0,0,0,0,0,0,0,0,0,0,0
Pennington,2008,South Dakota,SD,29627,SD05100,SD0510000,46,103,46103,sheriffs office,"msa cnty 25,000-99,999",west north central,suburban,0,0,0,0,0,0,0,0,0,0,0,0,0,0,0,0,0,0,0,0,0,0,0,0,0,0,0,0,0,0,0,0,0,0,0,0,0,0,0,0,0,0,0,0,0,0,0,0,0,0,0,0,0,0,0,0,0,0,0,0,0
Rapid City,2008,South Dakota,SD,64556,SD05101,SD0510100,46,103,46103,local police department,"cities 50,000-99,999",west north central,non-suburban,13,9,4,8,5,6,2,3,2,0,0,0,0,0,2,1,0,1,0,0,0,0,2,0,2,0,0,0,0,0,0,0,0,1,1,0,0,0,0,0,0,0,0,1,0,0,0,0,2,0,0,0,0,3,0,0,6,0,0,0,4
Box Elder,2008,South Dakota,SD,3312,SD05103,SD0510300,46,103,46103,local police department,"cities 2,500-9,999",west north central,suburban,0,0,0,0,0,0,0,0,0,0,0,0,0,0,0,0,0,0,0,0,0,0,0,0,0,0,0,0,0,0,0,0,0,0,0,0,0,0,0,0,0,0,0,0,0,0,0,0,0,0,0,0,0,0,0,0,0,0,0,0,0
Lemmon,2008,South Dakota,SD,1167,SD05201,SD0520100,46,105,46105,local police department,"cities under 2,500",west north central,non-suburban,1,1,0,1,0,1,0,0,0,0,0,0,0,0,0,0,0,0,0,0,1,0,0,0,0,0,0,0,0,0,0,0,0,0,0,0,0,0,0,0,0,0,0,0,0,0,0,0,0,0,0,0,0,0,0,0,1,0,0,0,0
Gettysburg,2008,South Dakota,SD,1061,SD05301,SD0530100,46,107,46107,local police department,"cities under 2,500",west north central,non-suburban,0,0,0,0,0,0,0,0,0,0,0,0,0,0,0,0,0,0,0,0,0,0,0,0,0,0,0,0,0,0,0,0,0,0,0,0,0,0,0,0,0,0,0,0,0,0,0,0,0,0,0,0,0,0,0,0,0,0,0,0,0
Roberts,2008,South Dakota,SD,6261,SD05400,SD0540000,46,109,46109,sheriffs office,"non-msa cnty under 10,000",west north central,non-suburban,0,0,0,0,0,0,0,0,0,0,0,0,0,0,0,0,0,0,0,0,0,0,0,0,0,0,0,0,0,0,0,0,0,0,0,0,0,0,0,0,0,0,0,0,0,0,0,0,0,0,0,0,0,0,0,0,0,0,0,0,0
Sisseton,2008,South Dakota,SD,2447,SD05401,SD0540100,46,109,46109,local police department,"cities under 2,500",west north central,non-suburban,4,1,3,3,1,1,2,0,2,0,0,0,1,0,1,0,1,0,0,0,0,0,0,0,0,0,0,0,0,0,0,0,0,0,0,1,0,0,0,0,0,0,0,0,0,0,0,0,0,0,0,0,0,0,0,0,1,0,0,0,3
Sanborn,2008,South Dakota,SD,2423,SD05500,SD0550000,46,111,46111,sheriffs office,"non-msa cnty under 10,000",west north central,non-suburban,0,0,0,0,0,0,0,0,0,0,0,0,0,0,0,0,0,0,0,0,0,0,0,0,0,0,0,0,0,0,0,0,0,0,0,0,0,0,0,0,0,0,0,0,0,0,0,0,0,0,0,0,0,0,0,0,0,0,0,0,0
Spink,2008,South Dakota,SD,6675,SD05700,SD0570000,46,115,46115,sheriffs office,"non-msa cnty under 10,000",west north central,non-suburban,3,2,1,3,0,2,1,0,1,0,0,0,1,0,0,0,0,0,1,0,0,0,0,1,0,0,0,0,0,0,0,0,0,0,0,0,0,0,0,0,0,0,0,0,0,0,0,0,0,0,0,0,0,2,0,0,0,1,0,0,0
Stanley,2008,South Dakota,SD,2796,SD05800,SD0580000,46,117,46117,sheriffs office,"non-msa cnty under 10,000",west north central,non-suburban,0,0,0,0,0,0,0,0,0,0,0,0,0,0,0,0,0,0,0,0,0,0,0,0,0,0,0,0,0,0,0,0,0,0,0,0,0,0,0,0,0,0,0,0,0,0,0,0,0,0,0,0,0,0,0,0,0,0,0,0,0
Sully,2008,South Dakota,SD,1398,SD05900,SD0590000,46,119,46119,sheriffs office,"non-msa cnty under 10,000",west north central,non-suburban,1,1,0,1,0,1,0,0,0,0,0,0,0,0,0,0,0,0,0,0,0,0,1,0,0,0,0,0,0,0,0,0,0,0,0,0,0,0,0,0,0,0,0,0,0,0,0,0,0,0,0,0,0,1,0,0,0,0,0,0,0
Winner,2008,South Dakota,SD,2768,SD06101,SD0610100,46,123,46123,local police department,"cities 2,500-9,999",west north central,non-suburban,3,2,1,3,0,2,1,0,1,0,0,1,0,0,0,0,0,0,0,0,1,0,1,0,0,0,0,0,0,0,0,0,0,0,0,0,0,0,0,0,0,0,0,0,0,0,0,0,0,0,0,0,0,0,0,0,2,0,0,0,1
Turner,2008,South Dakota,SD,6516,SD06200,SD0620000,46,125,46125,sheriffs office,"msa cnty under 10,000",west north central,suburban,2,2,0,1,1,1,0,1,0,0,0,0,0,0,0,0,0,0,0,0,0,0,1,0,0,0,0,0,0,0,0,0,0,0,0,0,0,0,0,0,0,0,0,0,1,0,0,0,0,0,0,0,0,2,0,0,0,0,0,0,0
Centerville,2008,South Dakota,SD,843,SD06202,SD0620200,46,125,46125,local police department,"cities under 2,500",west north central,suburban,0,0,0,0,0,0,0,0,0,0,0,0,0,0,0,0,0,0,0,0,0,0,0,0,0,0,0,0,0,0,0,0,0,0,0,0,0,0,0,0,0,0,0,0,0,0,0,0,0,0,0,0,0,0,0,0,0,0,0,0,0
Viborg,2008,South Dakota,SD,771,SD06206,SD0620600,46,125,46125,local police department,"cities under 2,500",west north central,suburban,0,0,0,0,0,0,0,0,0,0,0,0,0,0,0,0,0,0,0,0,0,0,0,0,0,0,0,0,0,0,0,0,0,0,0,0,0,0,0,0,0,0,0,0,0,0,0,0,0,0,0,0,0,0,0,0,0,0,0,0,0
Union,2008,South Dakota,SD,6574,SD06300,SD0630000,46,127,46127,sheriffs office,"msa cnty under 10,000",west north central,suburban,0,0,0,0,0,0,0,0,0,0,0,0,0,0,0,0,0,0,0,0,0,0,0,0,0,0,0,0,0,0,0,0,0,0,0,0,0,0,0,0,0,0,0,0,0,0,0,0,0,0,0,0,0,0,0,0,0,0,0,0,0
Jefferson,2008,South Dakota,SD,596,SD06304,SD0630400,46,127,46127,local police department,"cities under 2,500",west north central,suburban,0,0,0,0,0,0,0,0,0,0,0,0,0,0,0,0,0,0,0,0,0,0,0,0,0,0,0,0,0,0,0,0,0,0,0,0,0,0,0,0,0,0,0,0,0,0,0,0,0,0,0,0,0,0,0,0,0,0,0,0,0
North Sioux City,2008,South Dakota,SD,2549,SD06305,SD0630500,46,127,46127,local police department,"cities 2,500-9,999",west north central,suburban,0,0,0,0,0,0,0,0,0,0,0,0,0,0,0,0,0,0,0,0,0,0,0,0,0,0,0,0,0,0,0,0,0,0,0,0,0,0,0,0,0,0,0,0,0,0,0,0,0,0,0,0,0,0,0,0,0,0,0,0,0
Mobridge,2008,South Dakota,SD,3086,SD06401,SD0640100,46,129,46129,local police department,"cities 2,500-9,999",west north central,non-suburban,0,0,0,0,0,0,0,0,0,0,0,0,0,0,0,0,0,0,0,0,0,0,0,0,0,0,0,0,0,0,0,0,0,0,0,0,0,0,0,0,0,0,0,0,0,0,0,0,0,0,0,0,0,0,0,0,0,0,0,0,0
Yankton,2008,South Dakota,SD,8041,SD06600,SD0660000,46,135,46135,sheriffs office,"non-msa cnty under 10,000",west north central,non-suburban,0,0,0,0,0,0,0,0,0,0,0,0,0,0,0,0,0,0,0,0,0,0,0,0,0,0,0,0,0,0,0,0,0,0,0,0,0,0,0,0,0,0,0,0,0,0,0,0,0,0,0,0,0,0,0,0,0,0,0,0,0
Yankton,2008,South Dakota,SD,13660,SD06601,SD0660100,46,135,46135,local police department,"cities 10,000-24,999",west north central,non-suburban,2,2,0,2,0,2,0,0,0,0,0,0,0,0,0,1,1,0,0,0,0,0,0,0,0,0,0,0,0,0,0,0,0,0,0,0,0,0,0,0,0,0,0,0,0,0,0,0,0,0,0,0,0,2,0,0,0,0,0,0,0
Div Of Criminal Invest,2008,South Dakota,SD,0,SDDCI00,SDDCI0000,46,065,46065,special jurisdiction,non-msa state police,west north central,non-suburban,0,0,0,0,0,0,0,0,0,0,0,0,0,0,0,0,0,0,0,0,0,0,0,0,0,0,0,0,0,0,0,0,0,0,0,0,0,0,0,0,0,0,0,0,0,0,0,0,0,0,0,0,0,0,0,0,0,0,0,0,0
Aurora,2009,South Dakota,SD,2853,SD00100,SD0010000,46,003,46003,sheriffs office,"non-msa cnty under 10,000",west north central,non-suburban,0,0,0,0,0,0,0,0,0,0,0,0,0,0,0,0,0,0,0,0,0,0,0,0,0,0,0,0,0,0,0,0,0,0,0,0,0,0,0,0,0,0,0,0,0,0,0,0,0,0,0,0,0,0,0,0,0,0,0,0,0
Beadle,2009,South Dakota,SD,4849,SD00200,SD0020000,46,005,46005,sheriffs office,"non-msa cnty under 10,000",west north central,non-suburban,1,1,0,1,0,1,0,0,0,0,0,0,0,0,0,0,0,0,0,0,0,0,0,0,1,0,0,0,0,0,0,0,0,0,0,0,0,0,0,0,0,0,0,0,0,0,0,0,0,0,0,0,0,0,0,0,1,0,0,0,0
Bennett,2009,South Dakota,SD,2395,SD00300,SD0030000,46,007,46007,sheriffs office,"non-msa cnty under 10,000",west north central,non-suburban,0,0,0,0,0,0,0,0,0,0,0,0,0,0,0,0,0,0,0,0,0,0,0,0,0,0,0,0,0,0,0,0,0,0,0,0,0,0,0,0,0,0,0,0,0,0,0,0,0,0,0,0,0,0,0,0,0,0,0,0,0
Martin,2009,South Dakota,SD,986,SD00301,SD0030100,46,007,46007,local police department,"cities under 2,500",west north central,non-suburban,0,0,0,0,0,0,0,0,0,0,0,0,0,0,0,0,0,0,0,0,0,0,0,0,0,0,0,0,0,0,0,0,0,0,0,0,0,0,0,0,0,0,0,0,0,0,0,0,0,0,0,0,0,0,0,0,0,0,0,0,0
Bon Homme,2009,South Dakota,SD,3218,SD00400,SD0040000,46,009,46009,sheriffs office,"non-msa cnty under 10,000",west north central,non-suburban,0,0,0,0,0,0,0,0,0,0,0,0,0,0,0,0,0,0,0,0,0,0,0,0,0,0,0,0,0,0,0,0,0,0,0,0,0,0,0,0,0,0,0,0,0,0,0,0,0,0,0,0,0,0,0,0,0,0,0,0,0
Springfield,2009,South Dakota,SD,1479,SD00402,SD0040200,46,009,46009,local police department,"cities under 2,500",west north central,non-suburban,0,0,0,0,0,0,0,0,0,0,0,0,0,0,0,0,0,0,0,0,0,0,0,0,0,0,0,0,0,0,0,0,0,0,0,0,0,0,0,0,0,0,0,0,0,0,0,0,0,0,0,0,0,0,0,0,0,0,0,0,0
Brookings,2009,South Dakota,SD,9902,SD00500,SD0050000,46,011,46011,sheriffs office,"non-msa cnty under 10,000",west north central,non-suburban,0,0,0,0,0,0,0,0,0,0,0,0,0,0,0,0,0,0,0,0,0,0,0,0,0,0,0,0,0,0,0,0,0,0,0,0,0,0,0,0,0,0,0,0,0,0,0,0,0,0,0,0,0,0,0,0,0,0,0,0,0
Brookings,2009,South Dakota,SD,19986,SD00501,SD0050100,46,011,46011,local police department,"cities 10,000-24,999",west north central,non-suburban,1,0,1,0,1,0,0,0,0,0,0,0,0,0,0,0,0,0,0,0,0,0,0,0,0,0,0,0,0,0,0,0,0,0,0,0,1,0,0,0,0,0,0,0,0,0,0,0,0,0,0,0,0,0,0,0,0,1,0,0,0
Brown,2009,South Dakota,SD,9347,SD00600,SD0060000,46,013,46013,sheriffs office,"non-msa cnty under 10,000",west north central,non-suburban,2,2,0,2,0,2,0,0,0,0,0,0,0,0,0,0,1,1,0,0,0,0,0,0,0,0,0,0,0,0,0,0,0,0,0,0,0,0,0,0,0,0,0,0,0,0,0,0,0,0,0,0,0,1,0,0,1,0,0,0,0
Aberdeen,2009,South Dakota,SD,24441,SD00601,SD0060100,46,013,46013,local police department,"cities 10,000-24,999",west north central,non-suburban,6,6,0,6,0,6,0,0,0,0,0,0,0,0,0,1,2,0,0,0,0,1,0,1,0,1,0,0,0,0,0,0,0,0,0,0,0,0,0,0,0,0,0,0,0,0,0,0,0,0,0,0,0,3,0,0,2,0,0,0,0
Chamberlain,2009,South Dakota,SD,2255,SD00701,SD0070100,46,015,46015,local police department,"cities under 2,500",west north central,non-suburban,0,0,0,0,0,0,0,0,0,0,0,0,0,0,0,0,0,0,0,0,0,0,0,0,0,0,0,0,0,0,0,0,0,0,0,0,0,0,0,0,0,0,0,0,0,0,0,0,0,0,0,0,0,0,0,0,0,0,0,0,0
Belle Fourche,2009,South Dakota,SD,5001,SD00901,SD0090100,46,019,46019,local police department,"cities 2,500-9,999",west north central,non-suburban,1,0,1,0,1,0,0,0,0,0,0,0,0,0,0,0,0,0,0,0,0,0,0,0,0,0,0,0,0,0,0,0,0,1,0,0,0,0,0,0,0,0,0,0,0,0,0,0,0,0,0,0,0,0,0,0,0,1,0,0,0
Campbell,2009,South Dakota,SD,1314,SD01000,SD0100000,46,021,46021,sheriffs office,"non-msa cnty under 10,000",west north central,non-suburban,0,0,0,0,0,0,0,0,0,0,0,0,0,0,0,0,0,0,0,0,0,0,0,0,0,0,0,0,0,0,0,0,0,0,0,0,0,0,0,0,0,0,0,0,0,0,0,0,0,0,0,0,0,0,0,0,0,0,0,0,0
Charles Mix,2009,South Dakota,SD,6064,SD01100,SD0110000,46,023,46023,sheriffs office,"non-msa cnty under 10,000",west north central,non-suburban,5,3,2,5,0,3,2,0,2,0,0,0,0,1,1,0,1,0,0,0,1,0,0,0,0,0,1,0,0,0,0,0,0,0,0,0,0,0,0,0,0,0,0,0,0,0,0,0,0,0,0,0,0,1,0,0,2,0,0,0,2
Wagner,2009,South Dakota,SD,1538,SD01103,SD0110300,46,023,46023,local police department,"cities under 2,500",west north central,non-suburban,0,0,0,0,0,0,0,0,0,0,0,0,0,0,0,0,0,0,0,0,0,0,0,0,0,0,0,0,0,0,0,0,0,0,0,0,0,0,0,0,0,0,0,0,0,0,0,0,0,0,0,0,0,0,0,0,0,0,0,0,0
Clay,2009,South Dakota,SD,2934,SD01300,SD0130000,46,027,46027,sheriffs office,"non-msa cnty under 10,000",west north central,non-suburban,0,0,0,0,0,0,0,0,0,0,0,0,0,0,0,0,0,0,0,0,0,0,0,0,0,0,0,0,0,0,0,0,0,0,0,0,0,0,0,0,0,0,0,0,0,0,0,0,0,0,0,0,0,0,0,0,0,0,0,0,0
Vermillion,2009,South Dakota,SD,10523,SD01301,SD0130100,46,027,46027,local police department,"cities 10,000-24,999",west north central,non-suburban,0,0,0,0,0,0,0,0,0,0,0,0,0,0,0,0,0,0,0,0,0,0,0,0,0,0,0,0,0,0,0,0,0,0,0,0,0,0,0,0,0,0,0,0,0,0,0,0,0,0,0,0,0,0,0,0,0,0,0,0,0
Codington,2009,South Dakota,SD,5904,SD01400,SD0140000,46,029,46029,sheriffs office,"non-msa cnty under 10,000",west north central,non-suburban,2,2,0,2,0,2,0,0,0,0,0,0,0,0,0,1,1,0,0,0,0,0,0,0,0,0,0,0,0,0,0,0,0,0,0,0,0,0,0,0,0,0,0,0,0,0,0,0,0,0,0,0,0,1,0,0,1,0,0,0,0
Watertown,2009,South Dakota,SD,20515,SD01401,SD0140100,46,029,46029,local police department,"cities 10,000-24,999",west north central,non-suburban,7,5,2,4,3,4,0,1,0,0,0,0,0,0,0,0,1,1,1,0,0,0,0,0,1,0,0,0,0,0,0,0,0,1,0,0,1,1,0,0,0,0,0,0,0,0,0,0,0,0,0,0,0,3,1,0,1,0,0,0,2
Custer,2009,South Dakota,SD,7534,SD01600,SD0160000,46,033,46033,sheriffs office,"non-msa cnty under 10,000",west north central,non-suburban,0,0,0,0,0,0,0,0,0,0,0,0,0,0,0,0,0,0,0,0,0,0,0,0,0,0,0,0,0,0,0,0,0,0,0,0,0,0,0,0,0,0,0,0,0,0,0,0,0,0,0,0,0,0,0,0,0,0,0,0,0
Mitchell,2009,South Dakota,SD,14769,SD01701,SD0170100,46,035,46035,local police department,"cities 10,000-24,999",west north central,non-suburban,9,3,6,7,2,3,4,0,4,0,0,1,1,1,1,0,0,0,1,0,0,0,0,0,0,2,0,0,0,0,0,0,0,1,1,0,0,0,0,0,0,0,0,0,0,0,0,0,0,0,0,0,0,2,1,0,0,4,0,0,2
Deuel,2009,South Dakota,SD,4262,SD01900,SD0190000,46,039,46039,sheriffs office,"non-msa cnty under 10,000",west north central,non-suburban,0,0,0,0,0,0,0,0,0,0,0,0,0,0,0,0,0,0,0,0,0,0,0,0,0,0,0,0,0,0,0,0,0,0,0,0,0,0,0,0,0,0,0,0,0,0,0,0,0,0,0,0,0,0,0,0,0,0,0,0,0
Dewey,2009,South Dakota,SD,5436,SD02000,SD0200000,46,041,46041,sheriffs office,"non-msa cnty under 10,000",west north central,non-suburban,1,1,0,1,0,1,0,0,0,0,0,0,0,0,0,0,0,0,0,0,0,0,1,0,0,0,0,0,0,0,0,0,0,0,0,0,0,0,0,0,0,0,0,0,0,0,0,0,0,0,0,0,0,0,0,0,1,0,0,0,0
Corsica,2009,South Dakota,SD,563,SD02102,SD0210200,46,043,46043,local police department,"cities under 2,500",west north central,non-suburban,1,0,1,0,1,0,0,0,0,0,0,0,0,0,0,0,0,0,0,0,0,0,0,0,0,0,0,0,0,0,0,0,0,0,0,0,1,0,0,0,0,0,0,0,0,0,0,0,0,0,0,0,0,0,0,0,0,1,0,0,0
Edmunds,2009,South Dakota,SD,4008,SD02200,SD0220000,46,045,46045,sheriffs office,"non-msa cnty under 10,000",west north central,non-suburban,0,0,0,0,0,0,0,0,0,0,0,0,0,0,0,0,0,0,0,0,0,0,0,0,0,0,0,0,0,0,0,0,0,0,0,0,0,0,0,0,0,0,0,0,0,0,0,0,0,0,0,0,0,0,0,0,0,0,0,0,0
Hot Springs,2009,South Dakota,SD,4015,SD02302,SD0230200,46,047,46047,local police department,"cities 2,500-9,999",west north central,non-suburban,1,1,0,1,0,1,0,0,0,0,0,0,0,0,0,0,1,0,0,0,0,0,0,0,0,0,0,0,0,0,0,0,0,0,0,0,0,0,0,0,0,0,0,0,0,0,0,0,0,0,0,0,0,0,1,0,0,0,0,0,0
Faulk,2009,South Dakota,SD,2222,SD02400,SD0240000,46,049,46049,sheriffs office,"non-msa cnty under 10,000",west north central,non-suburban,0,0,0,0,0,0,0,0,0,0,0,0,0,0,0,0,0,0,0,0,0,0,0,0,0,0,0,0,0,0,0,0,0,0,0,0,0,0,0,0,0,0,0,0,0,0,0,0,0,0,0,0,0,0,0,0,0,0,0,0,0
Hamlin,2009,South Dakota,SD,5020,SD02800,SD0280000,46,057,46057,sheriffs office,"non-msa cnty under 10,000",west north central,non-suburban,1,0,1,0,1,0,0,0,0,0,0,0,0,0,0,0,0,0,0,0,0,0,0,0,0,0,0,0,0,0,0,0,0,0,0,1,0,0,0,0,0,0,0,0,0,0,0,0,0,0,0,0,0,0,0,0,0,1,0,0,0
Estelline,2009,South Dakota,SD,665,SD02803,SD0280300,46,057,46057,local police department,"cities under 2,500",west north central,non-suburban,0,0,0,0,0,0,0,0,0,0,0,0,0,0,0,0,0,0,0,0,0,0,0,0,0,0,0,0,0,0,0,0,0,0,0,0,0,0,0,0,0,0,0,0,0,0,0,0,0,0,0,0,0,0,0,0,0,0,0,0,0
Miller,2009,South Dakota,SD,1321,SD02901,SD0290100,46,059,46059,local police department,"cities under 2,500",west north central,non-suburban,0,0,0,0,0,0,0,0,0,0,0,0,0,0,0,0,0,0,0,0,0,0,0,0,0,0,0,0,0,0,0,0,0,0,0,0,0,0,0,0,0,0,0,0,0,0,0,0,0,0,0,0,0,0,0,0,0,0,0,0,0
Hanson,2009,South Dakota,SD,3672,SD03000,SD0300000,46,061,46061,sheriffs office,"non-msa cnty under 10,000",west north central,non-suburban,0,0,0,0,0,0,0,0,0,0,0,0,0,0,0,0,0,0,0,0,0,0,0,0,0,0,0,0,0,0,0,0,0,0,0,0,0,0,0,0,0,0,0,0,0,0,0,0,0,0,0,0,0,0,0,0,0,0,0,0,0
Harding,2009,South Dakota,SD,1127,SD03100,SD0310000,46,063,46063,sheriffs office,"non-msa cnty under 10,000",west north central,non-suburban,0,0,0,0,0,0,0,0,0,0,0,0,0,0,0,0,0,0,0,0,0,0,0,0,0,0,0,0,0,0,0,0,0,0,0,0,0,0,0,0,0,0,0,0,0,0,0,0,0,0,0,0,0,0,0,0,0,0,0,0,0
Pierre,2009,South Dakota,SD,13901,SD03201,SD0320100,46,065,46065,local police department,"cities 10,000-24,999",west north central,non-suburban,2,1,1,2,0,1,1,0,1,0,0,0,0,1,0,0,0,0,0,0,0,0,0,0,0,0,0,0,0,1,0,0,0,0,0,0,0,0,0,0,0,0,0,0,0,0,0,0,0,0,0,0,0,0,0,0,1,0,0,0,1
Parkston,2009,South Dakota,SD,1467,SD03302,SD0330200,46,067,46067,local police department,"cities under 2,500",west north central,non-suburban,0,0,0,0,0,0,0,0,0,0,0,0,0,0,0,0,0,0,0,0,0,0,0,0,0,0,0,0,0,0,0,0,0,0,0,0,0,0,0,0,0,0,0,0,0,0,0,0,0,0,0,0,0,0,0,0,0,0,0,0,0
Jerauld,2009,South Dakota,SD,1956,SD03600,SD0360000,46,073,46073,sheriffs office,"non-msa cnty under 10,000",west north central,non-suburban,1,1,0,1,0,1,0,0,0,0,0,0,0,0,0,0,0,0,0,0,0,1,0,0,0,0,0,0,0,0,0,0,0,0,0,0,0,0,0,0,0,0,0,0,0,0,0,0,0,0,0,0,0,1,0,0,0,0,0,0,0
Madison,2009,South Dakota,SD,6478,SD03901,SD0390100,46,079,46079,local police department,"cities 2,500-9,999",west north central,non-suburban,3,2,1,2,1,2,0,0,0,0,0,0,0,0,0,0,0,0,0,0,0,0,1,0,1,0,0,0,0,0,0,0,0,1,0,0,0,0,0,0,0,0,0,0,0,0,0,0,0,0,0,0,0,2,0,0,0,1,0,0,0
Lawrence,2009,South Dakota,SD,8606,SD04000,SD0400000,46,081,46081,sheriffs office,"non-msa cnty under 10,000",west north central,non-suburban,1,1,0,1,0,1,0,0,0,0,0,0,0,0,0,1,0,0,0,0,0,0,0,0,0,0,0,0,0,0,0,0,0,0,0,0,0,0,0,0,0,0,0,0,0,0,0,0,0,0,0,0,0,0,1,0,0,0,0,0,0
Deadwood,2009,South Dakota,SD,1273,SD04001,SD0400100,46,081,46081,local police department,"cities under 2,500",west north central,non-suburban,1,1,0,1,0,1,0,0,0,0,0,0,0,0,0,0,0,0,0,0,0,1,0,0,0,0,0,0,0,0,0,0,0,0,0,0,0,0,0,0,0,0,0,0,0,0,0,0,0,0,0,0,0,0,0,0,1,0,0,0,0
Lead,2009,South Dakota,SD,2878,SD04002,SD0400200,46,081,46081,local police department,"cities 2,500-9,999",west north central,non-suburban,0,0,0,0,0,0,0,0,0,0,0,0,0,0,0,0,0,0,0,0,0,0,0,0,0,0,0,0,0,0,0,0,0,0,0,0,0,0,0,0,0,0,0,0,0,0,0,0,0,0,0,0,0,0,0,0,0,0,0,0,0
Spearfish,2009,South Dakota,SD,10171,SD04003,SD0400300,46,081,46081,local police department,"cities 10,000-24,999",west north central,non-suburban,5,2,3,5,0,2,3,0,3,0,0,2,0,1,0,0,0,2,0,0,0,0,0,0,0,0,0,0,0,0,0,0,0,0,0,0,0,0,0,0,0,0,0,0,0,0,0,0,0,0,0,0,0,2,0,0,0,2,0,0,1
Whitewood,2009,South Dakota,SD,850,SD04004,SD0400400,46,081,46081,local police department,"cities under 2,500",west north central,non-suburban,0,0,0,0,0,0,0,0,0,0,0,0,0,0,0,0,0,0,0,0,0,0,0,0,0,0,0,0,0,0,0,0,0,0,0,0,0,0,0,0,0,0,0,0,0,0,0,0,0,0,0,0,0,0,0,0,0,0,0,0,0
Lincoln,2009,South Dakota,SD,15883,SD04100,SD0410000,46,083,46083,sheriffs office,"msa cnty 10,000-24,999",west north central,suburban,0,0,0,0,0,0,0,0,0,0,0,0,0,0,0,0,0,0,0,0,0,0,0,0,0,0,0,0,0,0,0,0,0,0,0,0,0,0,0,0,0,0,0,0,0,0,0,0,0,0,0,0,0,0,0,0,0,0,0,0,0
Canton,2009,South Dakota,SD,3680,SD04101,SD0410100,46,083,46083,local police department,"cities 2,500-9,999",west north central,suburban,1,1,0,1,0,1,0,0,0,0,0,0,0,0,0,0,1,0,0,0,0,0,0,0,0,0,0,0,0,0,0,0,0,0,0,0,0,0,0,0,0,0,0,0,0,0,0,0,0,0,0,0,0,1,0,0,0,0,0,0,0
Tea,2009,South Dakota,SD,4073,SD04105,SD0410500,46,083,46083,local police department,"cities 2,500-9,999",west north central,suburban,1,1,0,1,0,1,0,0,0,0,0,0,0,0,0,0,0,0,0,0,0,0,1,0,0,0,0,0,0,0,0,0,0,0,0,0,0,0,0,0,0,0,0,0,0,0,0,0,0,0,0,0,0,0,1,0,0,0,0,0,0
Mccook,2009,South Dakota,SD,5664,SD04300,SD0430000,46,087,46087,sheriffs office,"msa cnty under 10,000",west north central,suburban,0,0,0,0,0,0,0,0,0,0,0,0,0,0,0,0,0,0,0,0,0,0,0,0,0,0,0,0,0,0,0,0,0,0,0,0,0,0,0,0,0,0,0,0,0,0,0,0,0,0,0,0,0,0,0,0,0,0,0,0,0
Mcpherson,2009,South Dakota,SD,1139,SD04400,SD0440000,46,089,46089,sheriffs office,"non-msa cnty under 10,000",west north central,non-suburban,0,0,0,0,0,0,0,0,0,0,0,0,0,0,0,0,0,0,0,0,0,0,0,0,0,0,0,0,0,0,0,0,0,0,0,0,0,0,0,0,0,0,0,0,0,0,0,0,0,0,0,0,0,0,0,0,0,0,0,0,0
Marshall,2009,South Dakota,SD,4301,SD04500,SD0450000,46,091,46091,sheriffs office,"non-msa cnty under 10,000",west north central,non-suburban,1,1,0,1,0,1,0,0,0,0,0,0,0,0,0,0,0,0,0,0,0,0,0,0,0,0,1,0,0,0,0,0,0,0,0,0,0,0,0,0,0,0,0,0,0,0,0,0,0,0,0,0,0,0,0,0,1,0,0,0,0
Meade,2009,South Dakota,SD,17238,SD04600,SD0460000,46,093,46093,sheriffs office,"msa cnty 10,000-24,999",west north central,suburban,2,2,0,2,0,2,0,0,0,0,0,0,0,0,0,1,0,0,0,0,1,0,0,0,0,0,0,0,0,0,0,0,0,0,0,0,0,0,0,0,0,0,0,0,0,0,0,0,0,0,0,0,0,2,0,0,0,0,0,0,0
Sturgis,2009,South Dakota,SD,5899,SD04601,SD0460100,46,093,46093,local police department,"cities 2,500-9,999",west north central,suburban,3,3,0,3,0,3,0,0,0,0,0,0,0,0,0,2,0,0,0,0,0,0,1,0,0,0,0,0,0,0,0,0,0,0,0,0,0,0,0,0,0,0,0,0,0,0,0,0,0,0,0,0,0,3,0,0,0,0,0,0,0
Miner,2009,South Dakota,SD,2395,SD04800,SD0480000,46,097,46097,sheriffs office,"non-msa cnty under 10,000",west north central,non-suburban,0,0,0,0,0,0,0,0,0,0,0,0,0,0,0,0,0,0,0,0,0,0,0,0,0,0,0,0,0,0,0,0,0,0,0,0,0,0,0,0,0,0,0,0,0,0,0,0,0,0,0,0,0,0,0,0,0,0,0,0,0
Minnehaha,2009,South Dakota,SD,29745,SD04900,SD0490000,46,099,46099,sheriffs office,"msa cnty 25,000-99,999",west north central,suburban,5,3,2,5,0,3,2,0,2,0,0,0,2,0,0,0,1,2,0,0,0,0,0,0,0,0,0,0,0,0,0,0,0,0,0,0,0,0,0,0,0,0,0,0,0,0,0,0,0,0,0,0,0,3,0,0,0,2,0,0,0
Sioux Falls,2009,South Dakota,SD,158672,SD04902,SD0490200,46,099,46099,local police department,"cities 100,000-249,999",west north central,non-suburban,44,27,17,31,13,21,10,6,10,0,0,1,2,6,1,1,2,2,1,0,3,0,3,3,3,1,2,0,0,0,0,0,1,3,2,1,0,0,0,0,1,0,0,1,2,1,0,1,0,0,0,0,0,11,5,0,11,11,1,0,5
Brandon,2009,South Dakota,SD,9195,SD04903,SD0490300,46,099,46099,local police department,"cities 2,500-9,999",west north central,suburban,0,0,0,0,0,0,0,0,0,0,0,0,0,0,0,0,0,0,0,0,0,0,0,0,0,0,0,0,0,0,0,0,0,0,0,0,0,0,0,0,0,0,0,0,0,0,0,0,0,0,0,0,0,0,0,0,0,0,0,0,0
Moody,2009,South Dakota,SD,3657,SD05000,SD0500000,46,101,46101,sheriffs office,"non-msa cnty under 10,000",west north central,non-suburban,0,0,0,0,0,0,0,0,0,0,0,0,0,0,0,0,0,0,0,0,0,0,0,0,0,0,0,0,0,0,0,0,0,0,0,0,0,0,0,0,0,0,0,0,0,0,0,0,0,0,0,0,0,0,0,0,0,0,0,0,0
Flandreau,2009,South Dakota,SD,2206,SD05001,SD0500100,46,101,46101,local police department,"cities under 2,500",west north central,non-suburban,0,0,0,0,0,0,0,0,0,0,0,0,0,0,0,0,0,0,0,0,0,0,0,0,0,0,0,0,0,0,0,0,0,0,0,0,0,0,0,0,0,0,0,0,0,0,0,0,0,0,0,0,0,0,0,0,0,0,0,0,0
Pennington,2009,South Dakota,SD,30117,SD05100,SD0510000,46,103,46103,sheriffs office,"msa cnty 25,000-99,999",west north central,suburban,3,3,0,3,0,3,0,0,0,0,0,0,0,0,0,1,1,0,0,0,0,0,0,1,0,0,0,0,0,0,0,0,0,0,0,0,0,0,0,0,0,0,0,0,0,0,0,0,0,0,0,0,0,2,0,0,1,0,0,0,0
Rapid City,2009,South Dakota,SD,66170,SD05101,SD0510100,46,103,46103,local police department,"cities 50,000-99,999",west north central,non-suburban,12,10,2,9,3,7,2,3,2,0,0,0,0,2,0,0,1,1,1,1,1,0,1,0,1,0,0,0,0,0,0,0,0,0,0,0,0,0,0,0,1,0,0,0,1,0,0,1,0,0,0,0,0,3,0,0,7,0,0,0,2
Box Elder,2009,South Dakota,SD,3601,SD05103,SD0510300,46,103,46103,local police department,"cities 2,500-9,999",west north central,suburban,0,0,0,0,0,0,0,0,0,0,0,0,0,0,0,0,0,0,0,0,0,0,0,0,0,0,0,0,0,0,0,0,0,0,0,0,0,0,0,0,0,0,0,0,0,0,0,0,0,0,0,0,0,0,0,0,0,0,0,0,0
Perkins,2009,South Dakota,SD,1697,SD05200,SD0520000,46,105,46105,sheriffs office,"non-msa cnty under 10,000",west north central,non-suburban,0,0,0,0,0,0,0,0,0,0,0,0,0,0,0,0,0,0,0,0,0,0,0,0,0,0,0,0,0,0,0,0,0,0,0,0,0,0,0,0,0,0,0,0,0,0,0,0,0,0,0,0,0,0,0,0,0,0,0,0,0
Lemmon,2009,South Dakota,SD,1164,SD05201,SD0520100,46,105,46105,local police department,"cities under 2,500",west north central,non-suburban,1,0,1,0,1,0,0,0,0,0,0,0,0,0,0,0,0,0,0,0,0,0,0,0,0,0,0,0,0,0,0,0,0,0,0,1,0,0,0,0,0,0,0,0,0,0,0,0,0,0,0,0,0,0,0,0,0,1,0,0,0
Potter,2009,South Dakota,SD,659,SD05300,SD0530000,46,107,46107,sheriffs office,"non-msa cnty under 10,000",west north central,non-suburban,0,0,0,0,0,0,0,0,0,0,0,0,0,0,0,0,0,0,0,0,0,0,0,0,0,0,0,0,0,0,0,0,0,0,0,0,0,0,0,0,0,0,0,0,0,0,0,0,0,0,0,0,0,0,0,0,0,0,0,0,0
Gettysburg,2009,South Dakota,SD,1031,SD05301,SD0530100,46,107,46107,local police department,"cities under 2,500",west north central,non-suburban,1,1,0,1,0,1,0,0,0,0,0,0,0,0,0,0,0,0,0,0,0,0,0,0,0,1,0,0,0,0,0,0,0,0,0,0,0,0,0,0,0,0,0,0,0,0,0,0,0,0,0,0,0,1,0,0,0,0,0,0,0
Roberts,2009,South Dakota,SD,6480,SD05400,SD0540000,46,109,46109,sheriffs office,"non-msa cnty under 10,000",west north central,non-suburban,2,2,0,1,1,1,0,1,0,0,0,0,0,0,0,0,0,0,0,0,0,0,0,0,0,0,0,0,1,0,0,0,0,0,0,0,0,0,0,1,0,0,0,0,0,0,0,0,0,0,0,0,0,2,0,0,0,0,0,0,0
Sisseton,2009,South Dakota,SD,2437,SD05401,SD0540100,46,109,46109,local police department,"cities under 2,500",west north central,non-suburban,3,0,3,3,0,0,3,0,3,0,0,0,2,0,1,0,0,0,0,0,0,0,0,0,0,0,0,0,0,0,0,0,0,0,0,0,0,0,0,0,0,0,0,0,0,0,0,0,0,0,0,0,0,0,0,0,0,0,0,0,3
Sanborn,2009,South Dakota,SD,2428,SD05500,SD0550000,46,111,46111,sheriffs office,"non-msa cnty under 10,000",west north central,non-suburban,0,0,0,0,0,0,0,0,0,0,0,0,0,0,0,0,0,0,0,0,0,0,0,0,0,0,0,0,0,0,0,0,0,0,0,0,0,0,0,0,0,0,0,0,0,0,0,0,0,0,0,0,0,0,0,0,0,0,0,0,0
Spink,2009,South Dakota,SD,6599,SD05700,SD0570000,46,115,46115,sheriffs office,"non-msa cnty under 10,000",west north central,non-suburban,2,1,1,2,0,1,0,0,0,1,0,0,0,0,0,0,0,0,0,0,0,0,0,1,0,0,0,0,0,0,0,0,0,0,0,0,0,0,0,0,0,0,0,0,0,0,0,0,0,0,0,0,0,1,0,0,0,1,0,0,0
Stanley,2009,South Dakota,SD,2701,SD05800,SD0580000,46,117,46117,sheriffs office,"non-msa cnty under 10,000",west north central,non-suburban,0,0,0,0,0,0,0,0,0,0,0,0,0,0,0,0,0,0,0,0,0,0,0,0,0,0,0,0,0,0,0,0,0,0,0,0,0,0,0,0,0,0,0,0,0,0,0,0,0,0,0,0,0,0,0,0,0,0,0,0,0
Sully,2009,South Dakota,SD,1339,SD05900,SD0590000,46,119,46119,sheriffs office,"non-msa cnty under 10,000",west north central,non-suburban,0,0,0,0,0,0,0,0,0,0,0,0,0,0,0,0,0,0,0,0,0,0,0,0,0,0,0,0,0,0,0,0,0,0,0,0,0,0,0,0,0,0,0,0,0,0,0,0,0,0,0,0,0,0,0,0,0,0,0,0,0
Tripp,2009,South Dakota,SD,2915,SD06100,SD0610000,46,123,46123,sheriffs office,"non-msa cnty under 10,000",west north central,non-suburban,0,0,0,0,0,0,0,0,0,0,0,0,0,0,0,0,0,0,0,0,0,0,0,0,0,0,0,0,0,0,0,0,0,0,0,0,0,0,0,0,0,0,0,0,0,0,0,0,0,0,0,0,0,0,0,0,0,0,0,0,0
Winner,2009,South Dakota,SD,2705,SD06101,SD0610100,46,123,46123,local police department,"cities 2,500-9,999",west north central,non-suburban,1,1,0,1,0,1,0,0,0,0,0,0,0,0,0,0,0,0,0,0,0,0,0,1,0,0,0,0,0,0,0,0,0,0,0,0,0,0,0,0,0,0,0,0,0,0,0,0,0,0,0,0,0,0,0,0,0,0,0,0,0
Turner,2009,South Dakota,SD,6514,SD06200,SD0620000,46,125,46125,sheriffs office,"msa cnty under 10,000",west north central,suburban,2,2,0,1,1,1,0,1,0,0,0,0,0,0,0,1,0,0,0,0,0,0,0,0,0,0,0,0,0,0,0,0,0,0,0,0,0,1,0,0,0,0,0,0,0,0,0,0,0,0,0,0,0,2,0,0,0,0,0,0,0
Union,2009,South Dakota,SD,6682,SD06300,SD0630000,46,127,46127,sheriffs office,"msa cnty under 10,000",west north central,suburban,0,0,0,0,0,0,0,0,0,0,0,0,0,0,0,0,0,0,0,0,0,0,0,0,0,0,0,0,0,0,0,0,0,0,0,0,0,0,0,0,0,0,0,0,0,0,0,0,0,0,0,0,0,0,0,0,0,0,0,0,0
Jefferson,2009,South Dakota,SD,600,SD06304,SD0630400,46,127,46127,local police department,"cities under 2,500",west north central,suburban,0,0,0,0,0,0,0,0,0,0,0,0,0,0,0,0,0,0,0,0,0,0,0,0,0,0,0,0,0,0,0,0,0,0,0,0,0,0,0,0,0,0,0,0,0,0,0,0,0,0,0,0,0,0,0,0,0,0,0,0,0
North Sioux City,2009,South Dakota,SD,2547,SD06305,SD0630500,46,127,46127,local police department,"cities 2,500-9,999",west north central,suburban,2,2,0,1,1,1,0,1,0,0,0,0,0,0,0,0,0,0,0,0,0,0,0,1,0,0,0,0,0,0,0,0,0,0,0,0,0,0,0,0,0,0,0,0,0,0,1,0,0,0,0,0,0,2,0,0,0,0,0,0,0
Walworth,2009,South Dakota,SD,1311,SD06400,SD0640000,46,129,46129,sheriffs office,"non-msa cnty under 10,000",west north central,non-suburban,0,0,0,0,0,0,0,0,0,0,0,0,0,0,0,0,0,0,0,0,0,0,0,0,0,0,0,0,0,0,0,0,0,0,0,0,0,0,0,0,0,0,0,0,0,0,0,0,0,0,0,0,0,0,0,0,0,0,0,0,0
Mobridge,2009,South Dakota,SD,3113,SD06401,SD0640100,46,129,46129,local police department,"cities 2,500-9,999",west north central,non-suburban,3,2,1,2,1,2,0,0,0,0,0,0,0,0,0,0,0,1,0,0,0,0,0,0,1,0,0,0,0,0,0,0,0,0,0,1,0,0,0,0,0,0,0,0,0,0,0,0,0,0,0,0,0,0,0,0,2,0,0,0,1
Yankton,2009,South Dakota,SD,8074,SD06600,SD0660000,46,135,46135,sheriffs office,"non-msa cnty under 10,000",west north central,non-suburban,1,1,0,1,0,1,0,0,0,0,0,0,0,0,0,0,0,0,0,0,0,0,0,1,0,0,0,0,0,0,0,0,0,0,0,0,0,0,0,0,0,0,0,0,0,0,0,0,0,0,0,0,0,1,0,0,0,0,0,0,0
Yankton,2009,South Dakota,SD,13831,SD06601,SD0660100,46,135,46135,local police department,"cities 10,000-24,999",west north central,non-suburban,6,2,4,4,2,2,2,0,2,0,1,0,0,1,0,2,0,0,0,0,0,0,0,0,0,0,0,0,0,0,0,0,1,0,1,0,0,0,0,0,0,0,0,0,0,0,0,0,0,0,0,0,0,1,0,0,1,0,0,0,2
Div Of Criminal Invest,2009,South Dakota,SD,0,SDDCI00,SDDCI0000,46,065,46065,special jurisdiction,non-msa state police,west north central,non-suburban,0,0,0,0,0,0,0,0,0,0,0,0,0,0,0,0,0,0,0,0,0,0,0,0,0,0,0,0,0,0,0,0,0,0,0,0,0,0,0,0,0,0,0,0,0,0,0,0,0,0,0,0,0,0,0,0,0,0,0,0,0
Beadle,2010,South Dakota,SD,4806,SD00200,SD0020000,46,005,46005,sheriffs office,"non-msa cnty under 10,000",west north central,non-suburban,0,0,0,0,0,0,0,0,0,0,0,0,0,0,0,0,0,0,0,0,0,0,0,0,0,0,0,0,0,0,0,0,0,0,0,0,0,0,0,0,0,0,0,0,0,0,0,0,0,0,0,0,0,0,0,0,0,0,0,0,0
Bennett,2010,South Dakota,SD,2360,SD00300,SD0030000,46,007,46007,sheriffs office,"non-msa cnty under 10,000",west north central,non-suburban,0,0,0,0,0,0,0,0,0,0,0,0,0,0,0,0,0,0,0,0,0,0,0,0,0,0,0,0,0,0,0,0,0,0,0,0,0,0,0,0,0,0,0,0,0,0,0,0,0,0,0,0,0,0,0,0,0,0,0,0,0
Martin,2010,South Dakota,SD,1071,SD00301,SD0030100,46,007,46007,local police department,"cities under 2,500",west north central,non-suburban,0,0,0,0,0,0,0,0,0,0,0,0,0,0,0,0,0,0,0,0,0,0,0,0,0,0,0,0,0,0,0,0,0,0,0,0,0,0,0,0,0,0,0,0,0,0,0,0,0,0,0,0,0,0,0,0,0,0,0,0,0
Bon Homme,2010,South Dakota,SD,2583,SD00400,SD0040000,46,009,46009,sheriffs office,"non-msa cnty under 10,000",west north central,non-suburban,0,0,0,0,0,0,0,0,0,0,0,0,0,0,0,0,0,0,0,0,0,0,0,0,0,0,0,0,0,0,0,0,0,0,0,0,0,0,0,0,0,0,0,0,0,0,0,0,0,0,0,0,0,0,0,0,0,0,0,0,0
Brookings,2010,South Dakota,SD,9909,SD00500,SD0050000,46,011,46011,sheriffs office,"non-msa cnty under 10,000",west north central,non-suburban,1,1,0,1,0,1,0,0,0,0,0,0,0,0,0,0,0,0,0,0,0,1,0,0,0,0,0,0,0,0,0,0,0,0,0,0,0,0,0,0,0,0,0,0,0,0,0,0,0,0,0,0,0,1,0,0,0,0,0,0,0
Brookings,2010,South Dakota,SD,22056,SD00501,SD0050100,46,011,46011,local police department,"cities 10,000-24,999",west north central,non-suburban,0,0,0,0,0,0,0,0,0,0,0,0,0,0,0,0,0,0,0,0,0,0,0,0,0,0,0,0,0,0,0,0,0,0,0,0,0,0,0,0,0,0,0,0,0,0,0,0,0,0,0,0,0,0,0,0,0,0,0,0,0
South Dakota State Univ,2010,South Dakota,SD,0,SD005UN,SD005UN00,46,011,46011,special jurisdiction,"cities under 2,500",west north central,non-suburban,0,0,0,0,0,0,0,0,0,0,0,0,0,0,0,0,0,0,0,0,0,0,0,0,0,0,0,0,0,0,0,0,0,0,0,0,0,0,0,0,0,0,0,0,0,0,0,0,0,0,0,0,0,0,0,0,0,0,0,0,0
Brown,2010,South Dakota,SD,8982,SD00600,SD0060000,46,013,46013,sheriffs office,"non-msa cnty under 10,000",west north central,non-suburban,1,1,0,1,0,1,0,0,0,0,0,0,0,0,0,0,0,1,0,0,0,0,0,0,0,0,0,0,0,0,0,0,0,0,0,0,0,0,0,0,0,0,0,0,0,0,0,0,0,0,0,0,0,1,0,0,0,0,0,0,0
Aberdeen,2010,South Dakota,SD,26091,SD00601,SD0060100,46,013,46013,local police department,"cities 25,000-49,999",west north central,non-suburban,8,3,5,7,1,3,4,0,4,0,2,1,0,0,1,0,1,0,1,0,0,0,1,0,0,0,0,0,0,0,0,0,0,0,0,1,0,0,0,0,0,0,0,0,0,0,0,0,0,0,0,0,0,3,0,0,0,3,0,0,2
Chamberlain,2010,South Dakota,SD,2387,SD00701,SD0070100,46,015,46015,local police department,"cities under 2,500",west north central,non-suburban,0,0,0,0,0,0,0,0,0,0,0,0,0,0,0,0,0,0,0,0,0,0,0,0,0,0,0,0,0,0,0,0,0,0,0,0,0,0,0,0,0,0,0,0,0,0,0,0,0,0,0,0,0,0,0,0,0,0,0,0,0
Butte,2010,South Dakota,SD,4516,SD00900,SD0090000,46,019,46019,sheriffs office,"non-msa cnty under 10,000",west north central,non-suburban,0,0,0,0,0,0,0,0,0,0,0,0,0,0,0,0,0,0,0,0,0,0,0,0,0,0,0,0,0,0,0,0,0,0,0,0,0,0,0,0,0,0,0,0,0,0,0,0,0,0,0,0,0,0,0,0,0,0,0,0,0
Belle Fourche,2010,South Dakota,SD,5594,SD00901,SD0090100,46,019,46019,local police department,"cities 2,500-9,999",west north central,non-suburban,1,1,0,1,0,1,0,0,0,0,0,0,0,0,0,0,0,0,0,0,0,0,0,0,0,0,1,0,0,0,0,0,0,0,0,0,0,0,0,0,0,0,0,0,0,0,0,0,0,0,0,0,0,1,0,0,0,0,0,0,0
Charles Mix,2010,South Dakota,SD,6333,SD01100,SD0110000,46,023,46023,sheriffs office,"non-msa cnty under 10,000",west north central,non-suburban,1,1,0,0,1,0,0,1,0,0,0,0,0,0,0,0,0,0,0,0,0,0,0,0,0,0,0,0,0,0,0,0,0,0,0,0,0,1,0,0,0,0,0,0,0,0,0,0,0,0,0,0,0,0,0,0,1,0,0,0,0
Wagner,2010,South Dakota,SD,1566,SD01103,SD0110300,46,023,46023,local police department,"cities under 2,500",west north central,non-suburban,0,0,0,0,0,0,0,0,0,0,0,0,0,0,0,0,0,0,0,0,0,0,0,0,0,0,0,0,0,0,0,0,0,0,0,0,0,0,0,0,0,0,0,0,0,0,0,0,0,0,0,0,0,0,0,0,0,0,0,0,0
Clark,2010,South Dakota,SD,3691,SD01200,SD0120000,46,025,46025,sheriffs office,"non-msa cnty under 10,000",west north central,non-suburban,0,0,0,0,0,0,0,0,0,0,0,0,0,0,0,0,0,0,0,0,0,0,0,0,0,0,0,0,0,0,0,0,0,0,0,0,0,0,0,0,0,0,0,0,0,0,0,0,0,0,0,0,0,0,0,0,0,0,0,0,0
Clay,2010,South Dakota,SD,3106,SD01300,SD0130000,46,027,46027,sheriffs office,"non-msa cnty under 10,000",west north central,non-suburban,0,0,0,0,0,0,0,0,0,0,0,0,0,0,0,0,0,0,0,0,0,0,0,0,0,0,0,0,0,0,0,0,0,0,0,0,0,0,0,0,0,0,0,0,0,0,0,0,0,0,0,0,0,0,0,0,0,0,0,0,0
Vermillion,2010,South Dakota,SD,10571,SD01301,SD0130100,46,027,46027,local police department,"cities 10,000-24,999",west north central,non-suburban,0,0,0,0,0,0,0,0,0,0,0,0,0,0,0,0,0,0,0,0,0,0,0,0,0,0,0,0,0,0,0,0,0,0,0,0,0,0,0,0,0,0,0,0,0,0,0,0,0,0,0,0,0,0,0,0,0,0,0,0,0
Codington,2010,South Dakota,SD,5745,SD01400,SD0140000,46,029,46029,sheriffs office,"non-msa cnty under 10,000",west north central,non-suburban,0,0,0,0,0,0,0,0,0,0,0,0,0,0,0,0,0,0,0,0,0,0,0,0,0,0,0,0,0,0,0,0,0,0,0,0,0,0,0,0,0,0,0,0,0,0,0,0,0,0,0,0,0,0,0,0,0,0,0,0,0
Watertown,2010,South Dakota,SD,21482,SD01401,SD0140100,46,029,46029,local police department,"cities 10,000-24,999",west north central,non-suburban,11,8,3,11,0,8,3,0,3,0,0,0,1,0,2,0,0,0,2,0,0,0,4,0,0,0,1,1,0,0,0,0,0,0,0,0,0,0,0,0,0,0,0,0,0,0,0,0,0,0,0,0,0,6,1,0,1,2,0,0,1
Custer,2010,South Dakota,SD,7818,SD01600,SD0160000,46,033,46033,sheriffs office,"non-msa cnty under 10,000",west north central,non-suburban,3,3,0,3,0,3,0,0,0,0,0,0,0,0,0,1,0,0,0,0,0,0,0,2,0,0,0,0,0,0,0,0,0,0,0,0,0,0,0,0,0,0,0,0,0,0,0,0,0,0,0,0,0,3,0,0,0,0,0,0,0
Davison,2010,South Dakota,SD,4250,SD01700,SD0170000,46,035,46035,sheriffs office,"non-msa cnty under 10,000",west north central,non-suburban,1,1,0,1,0,1,0,0,0,0,0,0,0,0,0,0,0,0,0,0,0,0,0,0,0,0,1,0,0,0,0,0,0,0,0,0,0,0,0,0,0,0,0,0,0,0,0,0,0,0,0,0,0,1,0,0,0,0,0,0,0
Mitchell,2010,South Dakota,SD,15254,SD01701,SD0170100,46,035,46035,local police department,"cities 10,000-24,999",west north central,non-suburban,6,4,2,5,1,4,1,0,1,0,0,0,0,0,1,3,0,0,0,0,0,0,0,0,0,1,0,0,0,0,0,0,0,0,0,0,1,0,0,0,0,0,0,0,0,0,0,0,0,0,0,0,0,1,0,0,3,2,0,0,0
Deuel,2010,South Dakota,SD,4364,SD01900,SD0190000,46,039,46039,sheriffs office,"non-msa cnty under 10,000",west north central,non-suburban,1,1,0,1,0,1,0,0,0,0,0,0,0,0,0,0,0,0,0,0,0,0,0,0,0,0,0,1,0,0,0,0,0,0,0,0,0,0,0,0,0,0,0,0,0,0,0,0,0,0,0,0,0,1,0,0,0,0,0,0,0
Edmunds,2010,South Dakota,SD,4071,SD02200,SD0220000,46,045,46045,sheriffs office,"non-msa cnty under 10,000",west north central,non-suburban,1,1,0,1,0,1,0,0,0,0,0,0,0,0,0,0,0,0,0,0,1,0,0,0,0,0,0,0,0,0,0,0,0,0,0,0,0,0,0,0,0,0,0,0,0,0,0,0,0,0,0,0,0,1,0,0,0,0,0,0,0
Hot Springs,2010,South Dakota,SD,3711,SD02302,SD0230200,46,047,46047,local police department,"cities 2,500-9,999",west north central,non-suburban,0,0,0,0,0,0,0,0,0,0,0,0,0,0,0,0,0,0,0,0,0,0,0,0,0,0,0,0,0,0,0,0,0,0,0,0,0,0,0,0,0,0,0,0,0,0,0,0,0,0,0,0,0,0,0,0,0,0,0,0,0
Philip,2010,South Dakota,SD,779,SD02701,SD0270100,46,055,46055,local police department,"cities under 2,500",west north central,non-suburban,1,1,0,1,0,1,0,0,0,0,0,0,0,0,0,1,0,0,0,0,0,0,0,0,0,0,0,0,0,0,0,0,0,0,0,0,0,0,0,0,0,0,0,0,0,0,0,0,0,0,0,0,0,0,0,0,1,0,0,0,0
Hamlin,2010,South Dakota,SD,5135,SD02800,SD0280000,46,057,46057,sheriffs office,"non-msa cnty under 10,000",west north central,non-suburban,0,0,0,0,0,0,0,0,0,0,0,0,0,0,0,0,0,0,0,0,0,0,0,0,0,0,0,0,0,0,0,0,0,0,0,0,0,0,0,0,0,0,0,0,0,0,0,0,0,0,0,0,0,0,0,0,0,0,0,0,0
Miller,2010,South Dakota,SD,1489,SD02901,SD0290100,46,059,46059,local police department,"cities under 2,500",west north central,non-suburban,0,0,0,0,0,0,0,0,0,0,0,0,0,0,0,0,0,0,0,0,0,0,0,0,0,0,0,0,0,0,0,0,0,0,0,0,0,0,0,0,0,0,0,0,0,0,0,0,0,0,0,0,0,0,0,0,0,0,0,0,0
Harding,2010,South Dakota,SD,1255,SD03100,SD0310000,46,063,46063,sheriffs office,"non-msa cnty under 10,000",west north central,non-suburban,0,0,0,0,0,0,0,0,0,0,0,0,0,0,0,0,0,0,0,0,0,0,0,0,0,0,0,0,0,0,0,0,0,0,0,0,0,0,0,0,0,0,0,0,0,0,0,0,0,0,0,0,0,0,0,0,0,0,0,0,0
Hughes,2010,South Dakota,SD,3376,SD03200,SD0320000,46,065,46065,sheriffs office,"non-msa cnty under 10,000",west north central,non-suburban,0,0,0,0,0,0,0,0,0,0,0,0,0,0,0,0,0,0,0,0,0,0,0,0,0,0,0,0,0,0,0,0,0,0,0,0,0,0,0,0,0,0,0,0,0,0,0,0,0,0,0,0,0,0,0,0,0,0,0,0,0
Pierre,2010,South Dakota,SD,13646,SD03201,SD0320100,46,065,46065,local police department,"cities 10,000-24,999",west north central,non-suburban,4,2,2,1,3,1,0,1,0,0,0,0,0,0,0,0,0,0,0,0,0,0,0,1,0,0,0,0,0,0,0,0,0,2,0,0,0,0,0,0,0,0,0,1,0,0,0,0,0,0,0,0,0,0,0,0,2,0,0,0,2
Parkston,2010,South Dakota,SD,1508,SD03302,SD0330200,46,067,46067,local police department,"cities under 2,500",west north central,non-suburban,0,0,0,0,0,0,0,0,0,0,0,0,0,0,0,0,0,0,0,0,0,0,0,0,0,0,0,0,0,0,0,0,0,0,0,0,0,0,0,0,0,0,0,0,0,0,0,0,0,0,0,0,0,0,0,0,0,0,0,0,0
Tripp,2010,South Dakota,SD,647,SD03304,SD0330400,46,067,46067,local police department,"cities under 2,500",west north central,non-suburban,0,0,0,0,0,0,0,0,0,0,0,0,0,0,0,0,0,0,0,0,0,0,0,0,0,0,0,0,0,0,0,0,0,0,0,0,0,0,0,0,0,0,0,0,0,0,0,0,0,0,0,0,0,0,0,0,0,0,0,0,0
Kadoka,2010,South Dakota,SD,654,SD03501,SD0350100,46,071,46071,local police department,"cities under 2,500",west north central,non-suburban,0,0,0,0,0,0,0,0,0,0,0,0,0,0,0,0,0,0,0,0,0,0,0,0,0,0,0,0,0,0,0,0,0,0,0,0,0,0,0,0,0,0,0,0,0,0,0,0,0,0,0,0,0,0,0,0,0,0,0,0,0
Madison,2010,South Dakota,SD,6474,SD03901,SD0390100,46,079,46079,local police department,"cities 2,500-9,999",west north central,non-suburban,0,0,0,0,0,0,0,0,0,0,0,0,0,0,0,0,0,0,0,0,0,0,0,0,0,0,0,0,0,0,0,0,0,0,0,0,0,0,0,0,0,0,0,0,0,0,0,0,0,0,0,0,0,0,0,0,0,0,0,0,0
Lawrence,2010,South Dakota,SD,8282,SD04000,SD0400000,46,081,46081,sheriffs office,"non-msa cnty under 10,000",west north central,non-suburban,0,0,0,0,0,0,0,0,0,0,0,0,0,0,0,0,0,0,0,0,0,0,0,0,0,0,0,0,0,0,0,0,0,0,0,0,0,0,0,0,0,0,0,0,0,0,0,0,0,0,0,0,0,0,0,0,0,0,0,0,0
Deadwood,2010,South Dakota,SD,1270,SD04001,SD0400100,46,081,46081,local police department,"cities under 2,500",west north central,non-suburban,2,2,0,2,0,2,0,0,0,0,0,0,0,0,0,0,0,0,1,0,0,0,1,0,0,0,0,0,0,0,0,0,0,0,0,0,0,0,0,0,0,0,0,0,0,0,0,0,0,0,0,0,0,1,0,0,1,0,0,0,0
Lead,2010,South Dakota,SD,3124,SD04002,SD0400200,46,081,46081,local police department,"cities 2,500-9,999",west north central,non-suburban,0,0,0,0,0,0,0,0,0,0,0,0,0,0,0,0,0,0,0,0,0,0,0,0,0,0,0,0,0,0,0,0,0,0,0,0,0,0,0,0,0,0,0,0,0,0,0,0,0,0,0,0,0,0,0,0,0,0,0,0,0
Spearfish,2010,South Dakota,SD,10494,SD04003,SD0400300,46,081,46081,local police department,"cities 10,000-24,999",west north central,non-suburban,0,0,0,0,0,0,0,0,0,0,0,0,0,0,0,0,0,0,0,0,0,0,0,0,0,0,0,0,0,0,0,0,0,0,0,0,0,0,0,0,0,0,0,0,0,0,0,0,0,0,0,0,0,0,0,0,0,0,0,0,0
Lincoln,2010,South Dakota,SD,13523,SD04100,SD0410000,46,083,46083,sheriffs office,"msa cnty 10,000-24,999",west north central,suburban,0,0,0,0,0,0,0,0,0,0,0,0,0,0,0,0,0,0,0,0,0,0,0,0,0,0,0,0,0,0,0,0,0,0,0,0,0,0,0,0,0,0,0,0,0,0,0,0,0,0,0,0,0,0,0,0,0,0,0,0,0
Canton,2010,South Dakota,SD,3057,SD04101,SD0410100,46,083,46083,local police department,"cities 2,500-9,999",west north central,suburban,2,1,1,2,0,1,1,0,1,0,0,0,0,1,0,0,0,0,0,0,0,0,1,0,0,0,0,0,0,0,0,0,0,0,0,0,0,0,0,0,0,0,0,0,0,0,0,0,0,0,0,0,0,1,0,0,0,0,0,0,0
Lennox,2010,South Dakota,SD,2111,SD04102,SD0410200,46,083,46083,local police department,"cities under 2,500",west north central,suburban,0,0,0,0,0,0,0,0,0,0,0,0,0,0,0,0,0,0,0,0,0,0,0,0,0,0,0,0,0,0,0,0,0,0,0,0,0,0,0,0,0,0,0,0,0,0,0,0,0,0,0,0,0,0,0,0,0,0,0,0,0
Tea,2010,South Dakota,SD,3806,SD04105,SD0410500,46,083,46083,local police department,"cities 2,500-9,999",west north central,suburban,1,1,0,0,1,0,0,1,0,0,0,0,0,0,0,0,0,0,0,0,0,0,0,0,0,0,0,0,0,0,0,0,0,0,0,0,0,0,0,0,0,0,0,0,0,0,1,0,0,0,0,0,0,0,0,0,1,0,0,0,0
Mccook,2010,South Dakota,SD,5618,SD04300,SD0430000,46,087,46087,sheriffs office,"msa cnty under 10,000",west north central,suburban,0,0,0,0,0,0,0,0,0,0,0,0,0,0,0,0,0,0,0,0,0,0,0,0,0,0,0,0,0,0,0,0,0,0,0,0,0,0,0,0,0,0,0,0,0,0,0,0,0,0,0,0,0,0,0,0,0,0,0,0,0
Marshall,2010,South Dakota,SD,4656,SD04500,SD0450000,46,091,46091,sheriffs office,"non-msa cnty under 10,000",west north central,non-suburban,0,0,0,0,0,0,0,0,0,0,0,0,0,0,0,0,0,0,0,0,0,0,0,0,0,0,0,0,0,0,0,0,0,0,0,0,0,0,0,0,0,0,0,0,0,0,0,0,0,0,0,0,0,0,0,0,0,0,0,0,0
Meade,2010,South Dakota,SD,16572,SD04600,SD0460000,46,093,46093,sheriffs office,"msa cnty 10,000-24,999",west north central,suburban,0,0,0,0,0,0,0,0,0,0,0,0,0,0,0,0,0,0,0,0,0,0,0,0,0,0,0,0,0,0,0,0,0,0,0,0,0,0,0,0,0,0,0,0,0,0,0,0,0,0,0,0,0,0,0,0,0,0,0,0,0
Sturgis,2010,South Dakota,SD,6627,SD04601,SD0460100,46,093,46093,local police department,"cities 2,500-9,999",west north central,suburban,0,0,0,0,0,0,0,0,0,0,0,0,0,0,0,0,0,0,0,0,0,0,0,0,0,0,0,0,0,0,0,0,0,0,0,0,0,0,0,0,0,0,0,0,0,0,0,0,0,0,0,0,0,0,0,0,0,0,0,0,0
Faith,2010,South Dakota,SD,421,SD04602,SD0460200,46,093,46093,local police department,"cities under 2,500",west north central,suburban,0,0,0,0,0,0,0,0,0,0,0,0,0,0,0,0,0,0,0,0,0,0,0,0,0,0,0,0,0,0,0,0,0,0,0,0,0,0,0,0,0,0,0,0,0,0,0,0,0,0,0,0,0,0,0,0,0,0,0,0,0
Summerset,2010,South Dakota,SD,1814,SD04603,SD0460300,46,093,46093,local police department,"cities under 2,500",west north central,suburban,0,0,0,0,0,0,0,0,0,0,0,0,0,0,0,0,0,0,0,0,0,0,0,0,0,0,0,0,0,0,0,0,0,0,0,0,0,0,0,0,0,0,0,0,0,0,0,0,0,0,0,0,0,0,0,0,0,0,0,0,0
Mellette,2010,South Dakota,SD,2048,SD04700,SD0470000,46,095,46095,sheriffs office,"non-msa cnty under 10,000",west north central,non-suburban,0,0,0,0,0,0,0,0,0,0,0,0,0,0,0,0,0,0,0,0,0,0,0,0,0,0,0,0,0,0,0,0,0,0,0,0,0,0,0,0,0,0,0,0,0,0,0,0,0,0,0,0,0,0,0,0,0,0,0,0,0
Miner,2010,South Dakota,SD,2389,SD04800,SD0480000,46,097,46097,sheriffs office,"non-msa cnty under 10,000",west north central,non-suburban,0,0,0,0,0,0,0,0,0,0,0,0,0,0,0,0,0,0,0,0,0,0,0,0,0,0,0,0,0,0,0,0,0,0,0,0,0,0,0,0,0,0,0,0,0,0,0,0,0,0,0,0,0,0,0,0,0,0,0,0,0
Minnehaha,2010,South Dakota,SD,27890,SD04900,SD0490000,46,099,46099,sheriffs office,"msa cnty 25,000-99,999",west north central,suburban,3,3,0,3,0,3,0,0,0,0,0,0,0,0,0,0,1,0,0,0,1,0,0,0,0,0,0,0,1,0,0,0,0,0,0,0,0,0,0,0,0,0,0,0,0,0,0,0,0,0,0,0,0,2,0,0,1,0,0,0,0
Sioux Falls,2010,South Dakota,SD,153888,SD04902,SD0490200,46,099,46099,local police department,"cities 100,000-249,999",west north central,non-suburban,45,26,19,39,6,22,17,4,17,0,1,6,5,1,4,4,3,1,2,3,0,2,3,1,1,2,0,0,0,0,0,0,0,1,1,0,0,0,0,1,1,0,0,0,1,0,0,1,0,0,0,0,0,12,8,0,6,4,5,0,10
Brandon,2010,South Dakota,SD,8785,SD04903,SD0490300,46,099,46099,local police department,"cities 2,500-9,999",west north central,suburban,1,0,1,1,0,0,1,0,1,0,0,0,0,0,1,0,0,0,0,0,0,0,0,0,0,0,0,0,0,0,0,0,0,0,0,0,0,0,0,0,0,0,0,0,0,0,0,0,0,0,0,0,0,0,0,0,0,1,0,0,0
Moody,2010,South Dakota,SD,3551,SD05000,SD0500000,46,101,46101,sheriffs office,"non-msa cnty under 10,000",west north central,non-suburban,0,0,0,0,0,0,0,0,0,0,0,0,0,0,0,0,0,0,0,0,0,0,0,0,0,0,0,0,0,0,0,0,0,0,0,0,0,0,0,0,0,0,0,0,0,0,0,0,0,0,0,0,0,0,0,0,0,0,0,0,0
Flandreau,2010,South Dakota,SD,2341,SD05001,SD0500100,46,101,46101,local police department,"cities under 2,500",west north central,non-suburban,1,1,0,1,0,1,0,0,0,0,0,0,0,0,0,0,0,0,0,1,0,0,0,0,0,0,0,0,0,0,0,0,0,0,0,0,0,0,0,0,0,0,0,0,0,0,0,0,0,0,0,0,0,0,0,0,1,0,0,0,0
Pennington,2010,South Dakota,SD,25192,SD05100,SD0510000,46,103,46103,sheriffs office,"msa cnty 25,000-99,999",west north central,suburban,0,0,0,0,0,0,0,0,0,0,0,0,0,0,0,0,0,0,0,0,0,0,0,0,0,0,0,0,0,0,0,0,0,0,0,0,0,0,0,0,0,0,0,0,0,0,0,0,0,0,0,0,0,0,0,0,0,0,0,0,0
Rapid City,2010,South Dakota,SD,67956,SD05101,SD0510100,46,103,46103,local police department,"cities 50,000-99,999",west north central,non-suburban,9,8,1,8,1,7,1,1,1,0,0,0,0,0,1,1,0,1,0,0,0,1,3,0,1,0,0,0,0,0,0,0,0,0,0,0,0,0,0,0,0,0,0,0,1,0,0,0,0,0,0,0,0,2,0,0,5,0,0,0,1
Box Elder,2010,South Dakota,SD,7800,SD05103,SD0510300,46,103,46103,local police department,"cities 2,500-9,999",west north central,suburban,1,1,0,1,0,1,0,0,0,0,0,0,0,0,0,0,0,0,0,0,0,0,0,0,0,0,0,0,0,0,1,0,0,0,0,0,0,0,0,0,0,0,0,0,0,0,0,0,0,0,0,0,0,0,0,0,0,0,0,0,0
Lemmon,2010,South Dakota,SD,1227,SD05201,SD0520100,46,105,46105,local police department,"cities under 2,500",west north central,non-suburban,2,2,0,1,1,1,0,1,0,0,0,0,0,0,0,0,0,0,0,0,0,0,0,1,0,0,0,0,0,0,0,0,0,0,0,0,0,0,0,0,0,0,0,0,0,1,0,0,0,0,0,0,0,2,0,0,0,0,0,0,0
Roberts,2010,South Dakota,SD,6764,SD05400,SD0540000,46,109,46109,sheriffs office,"non-msa cnty under 10,000",west north central,non-suburban,2,1,1,1,1,1,0,0,0,0,0,0,0,0,0,0,0,0,0,0,0,0,1,0,0,0,0,0,0,0,0,0,0,0,0,1,0,0,0,0,0,0,0,0,0,0,0,0,0,0,0,0,0,0,0,0,1,1,0,0,0
Sisseton,2010,South Dakota,SD,2470,SD05401,SD0540100,46,109,46109,local police department,"cities under 2,500",west north central,non-suburban,2,2,0,2,0,2,0,0,0,0,0,0,0,0,0,1,0,0,0,0,0,1,0,0,0,0,0,0,0,0,0,0,0,0,0,0,0,0,0,0,0,0,0,0,0,0,0,0,0,0,0,0,0,0,0,0,2,0,0,0,0
Sanborn,2010,South Dakota,SD,2355,SD05500,SD0550000,46,111,46111,sheriffs office,"non-msa cnty under 10,000",west north central,non-suburban,0,0,0,0,0,0,0,0,0,0,0,0,0,0,0,0,0,0,0,0,0,0,0,0,0,0,0,0,0,0,0,0,0,0,0,0,0,0,0,0,0,0,0,0,0,0,0,0,0,0,0,0,0,0,0,0,0,0,0,0,0
Spink,2010,South Dakota,SD,6415,SD05700,SD0570000,46,115,46115,sheriffs office,"non-msa cnty under 10,000",west north central,non-suburban,0,0,0,0,0,0,0,0,0,0,0,0,0,0,0,0,0,0,0,0,0,0,0,0,0,0,0,0,0,0,0,0,0,0,0,0,0,0,0,0,0,0,0,0,0,0,0,0,0,0,0,0,0,0,0,0,0,0,0,0,0
Stanley,2010,South Dakota,SD,2966,SD05800,SD0580000,46,117,46117,sheriffs office,"non-msa cnty under 10,000",west north central,non-suburban,0,0,0,0,0,0,0,0,0,0,0,0,0,0,0,0,0,0,0,0,0,0,0,0,0,0,0,0,0,0,0,0,0,0,0,0,0,0,0,0,0,0,0,0,0,0,0,0,0,0,0,0,0,0,0,0,0,0,0,0,0
Tripp,2010,South Dakota,SD,2747,SD06100,SD0610000,46,123,46123,sheriffs office,"non-msa cnty under 10,000",west north central,non-suburban,0,0,0,0,0,0,0,0,0,0,0,0,0,0,0,0,0,0,0,0,0,0,0,0,0,0,0,0,0,0,0,0,0,0,0,0,0,0,0,0,0,0,0,0,0,0,0,0,0,0,0,0,0,0,0,0,0,0,0,0,0
Winner,2010,South Dakota,SD,2897,SD06101,SD0610100,46,123,46123,local police department,"cities 2,500-9,999",west north central,non-suburban,1,0,1,0,1,0,0,0,0,0,0,0,0,0,0,0,0,0,0,0,0,0,0,0,0,0,0,0,0,0,0,0,0,0,0,1,0,0,0,0,0,0,0,0,0,0,0,0,0,0,0,0,0,0,0,0,0,0,0,0,1
Turner,2010,South Dakota,SD,6452,SD06200,SD0620000,46,125,46125,sheriffs office,"msa cnty under 10,000",west north central,suburban,2,2,0,2,0,2,0,0,0,0,0,0,0,0,0,0,0,0,1,0,0,0,1,0,0,0,0,0,0,0,0,0,0,0,0,0,0,0,0,0,0,0,0,0,0,0,0,0,0,0,0,0,0,2,0,0,0,0,0,0,0
Viborg,2010,South Dakota,SD,782,SD06206,SD0620600,46,125,46125,local police department,"cities under 2,500",west north central,suburban,0,0,0,0,0,0,0,0,0,0,0,0,0,0,0,0,0,0,0,0,0,0,0,0,0,0,0,0,0,0,0,0,0,0,0,0,0,0,0,0,0,0,0,0,0,0,0,0,0,0,0,0,0,0,0,0,0,0,0,0,0
Union,2010,South Dakota,SD,6906,SD06300,SD0630000,46,127,46127,sheriffs office,"msa cnty under 10,000",west north central,suburban,0,0,0,0,0,0,0,0,0,0,0,0,0,0,0,0,0,0,0,0,0,0,0,0,0,0,0,0,0,0,0,0,0,0,0,0,0,0,0,0,0,0,0,0,0,0,0,0,0,0,0,0,0,0,0,0,0,0,0,0,0
North Sioux City,2010,South Dakota,SD,2530,SD06305,SD0630500,46,127,46127,local police department,"cities 2,500-9,999",west north central,suburban,0,0,0,0,0,0,0,0,0,0,0,0,0,0,0,0,0,0,0,0,0,0,0,0,0,0,0,0,0,0,0,0,0,0,0,0,0,0,0,0,0,0,0,0,0,0,0,0,0,0,0,0,0,0,0,0,0,0,0,0,0
Mobridge,2010,South Dakota,SD,3465,SD06401,SD0640100,46,129,46129,local police department,"cities 2,500-9,999",west north central,non-suburban,0,0,0,0,0,0,0,0,0,0,0,0,0,0,0,0,0,0,0,0,0,0,0,0,0,0,0,0,0,0,0,0,0,0,0,0,0,0,0,0,0,0,0,0,0,0,0,0,0,0,0,0,0,0,0,0,0,0,0,0,0
Selby,2010,South Dakota,SD,642,SD06404,SD0640400,46,129,46129,local police department,"cities under 2,500",west north central,non-suburban,0,0,0,0,0,0,0,0,0,0,0,0,0,0,0,0,0,0,0,0,0,0,0,0,0,0,0,0,0,0,0,0,0,0,0,0,0,0,0,0,0,0,0,0,0,0,0,0,0,0,0,0,0,0,0,0,0,0,0,0,0
Yankton,2010,South Dakota,SD,7982,SD06600,SD0660000,46,135,46135,sheriffs office,"non-msa cnty under 10,000",west north central,non-suburban,1,1,0,1,0,1,0,0,0,0,0,0,0,0,0,0,0,0,1,0,0,0,0,0,0,0,0,0,0,0,0,0,0,0,0,0,0,0,0,0,0,0,0,0,0,0,0,0,0,0,0,0,0,1,0,0,0,0,0,0,0
Yankton,2010,South Dakota,SD,14454,SD06601,SD0660100,46,135,46135,local police department,"cities 10,000-24,999",west north central,non-suburban,1,1,0,1,0,1,0,0,0,0,0,0,0,0,0,0,0,0,0,0,0,0,0,0,1,0,0,0,0,0,0,0,0,0,0,0,0,0,0,0,0,0,0,0,0,0,0,0,0,0,0,0,0,0,0,0,0,0,0,0,0
Div Of Criminal Invest,2010,South Dakota,SD,0,SDDCI00,SDDCI0000,46,065,46065,special jurisdiction,non-msa state police,west north central,non-suburban,0,0,0,0,0,0,0,0,0,0,0,0,0,0,0,0,0,0,0,0,0,0,0,0,0,0,0,0,0,0,0,0,0,0,0,0,0,0,0,0,0,0,0,0,0,0,0,0,0,0,0,0,0,0,0,0,0,0,0,0,0
Beadle,2011,South Dakota,SD,4865,SD00200,SD0020000,46,005,46005,sheriffs office,"non-msa cnty under 10,000",west north central,non-suburban,0,0,0,0,0,0,0,0,0,0,0,0,0,0,0,0,0,0,0,0,0,0,0,0,0,0,0,0,0,0,0,0,0,0,0,0,0,0,0,0,0,0,0,0,0,0,0,0,0,0,0,0,0,0,0,0,0,0,0,0,0
Bennett,2011,South Dakota,SD,2389,SD00300,SD0030000,46,007,46007,sheriffs office,"non-msa cnty under 10,000",west north central,non-suburban,1,1,0,1,0,1,0,0,0,0,0,0,0,0,0,0,0,0,0,0,0,0,0,1,0,0,0,0,0,0,0,0,0,0,0,0,0,0,0,0,0,0,0,0,0,0,0,0,0,0,0,0,0,0,0,0,1,0,0,0,0
Martin,2011,South Dakota,SD,1084,SD00301,SD0030100,46,007,46007,local police department,"cities under 2,500",west north central,non-suburban,1,1,0,1,0,1,0,0,0,0,0,0,0,0,0,0,0,0,0,0,0,0,0,0,1,0,0,0,0,0,0,0,0,0,0,0,0,0,0,0,0,0,0,0,0,0,0,0,0,0,0,0,0,0,0,0,1,0,0,0,0
Brookings,2011,South Dakota,SD,10030,SD00500,SD0050000,46,011,46011,sheriffs office,"non-msa cnty 10,000-24,999",west north central,non-suburban,3,3,0,3,0,3,0,0,0,0,0,0,0,0,0,0,0,1,1,0,0,0,1,0,0,0,0,0,0,0,0,0,0,0,0,0,0,0,0,0,0,0,0,0,0,0,0,0,0,0,0,0,0,0,0,0,1,0,0,0,0
Brookings,2011,South Dakota,SD,22324,SD00501,SD0050100,46,011,46011,local police department,"cities 10,000-24,999",west north central,non-suburban,0,0,0,0,0,0,0,0,0,0,0,0,0,0,0,0,0,0,0,0,0,0,0,0,0,0,0,0,0,0,0,0,0,0,0,0,0,0,0,0,0,0,0,0,0,0,0,0,0,0,0,0,0,0,0,0,0,0,0,0,0
Brown,2011,South Dakota,SD,9091,SD00600,SD0060000,46,013,46013,sheriffs office,"non-msa cnty under 10,000",west north central,non-suburban,1,1,0,0,1,0,0,1,0,0,0,0,0,0,0,0,0,0,0,0,0,0,0,0,0,0,0,0,0,0,0,0,0,0,0,0,0,0,0,0,0,0,0,0,0,0,0,0,1,0,0,0,0,0,0,0,1,0,0,0,0
Aberdeen,2011,South Dakota,SD,26408,SD00601,SD0060100,46,013,46013,local police department,"cities 25,000-49,999",west north central,non-suburban,8,6,2,5,3,5,0,1,0,0,0,0,0,0,0,0,1,1,0,0,0,0,0,1,2,0,0,0,0,0,0,0,0,1,1,0,0,0,0,0,0,0,0,0,1,0,0,0,0,0,0,0,0,4,0,0,0,0,0,0,2
Chamberlain,2011,South Dakota,SD,2416,SD00701,SD0070100,46,015,46015,local police department,"cities under 2,500",west north central,non-suburban,0,0,0,0,0,0,0,0,0,0,0,0,0,0,0,0,0,0,0,0,0,0,0,0,0,0,0,0,0,0,0,0,0,0,0,0,0,0,0,0,0,0,0,0,0,0,0,0,0,0,0,0,0,0,0,0,0,0,0,0,0
Butte,2011,South Dakota,SD,4571,SD00900,SD0090000,46,019,46019,sheriffs office,"non-msa cnty under 10,000",west north central,non-suburban,0,0,0,0,0,0,0,0,0,0,0,0,0,0,0,0,0,0,0,0,0,0,0,0,0,0,0,0,0,0,0,0,0,0,0,0,0,0,0,0,0,0,0,0,0,0,0,0,0,0,0,0,0,0,0,0,0,0,0,0,0
Belle Fourche,2011,South Dakota,SD,5662,SD00901,SD0090100,46,019,46019,local police department,"cities 2,500-9,999",west north central,non-suburban,0,0,0,0,0,0,0,0,0,0,0,0,0,0,0,0,0,0,0,0,0,0,0,0,0,0,0,0,0,0,0,0,0,0,0,0,0,0,0,0,0,0,0,0,0,0,0,0,0,0,0,0,0,0,0,0,0,0,0,0,0
Campbell,2011,South Dakota,SD,1484,SD01000,SD0100000,46,021,46021,sheriffs office,"non-msa cnty under 10,000",west north central,non-suburban,0,0,0,0,0,0,0,0,0,0,0,0,0,0,0,0,0,0,0,0,0,0,0,0,0,0,0,0,0,0,0,0,0,0,0,0,0,0,0,0,0,0,0,0,0,0,0,0,0,0,0,0,0,0,0,0,0,0,0,0,0
Charles Mix,2011,South Dakota,SD,6410,SD01100,SD0110000,46,023,46023,sheriffs office,"non-msa cnty under 10,000",west north central,non-suburban,1,1,0,1,0,1,0,0,0,0,0,0,0,0,0,0,0,0,0,0,0,0,0,1,0,0,0,0,0,0,0,0,0,0,0,0,0,0,0,0,0,0,0,0,0,0,0,0,0,0,0,0,0,1,0,0,0,0,0,0,0
Wagner,2011,South Dakota,SD,1585,SD01103,SD0110300,46,023,46023,local police department,"cities under 2,500",west north central,non-suburban,1,1,0,1,0,1,0,0,0,0,0,0,0,0,0,0,0,0,0,0,0,0,0,1,0,0,0,0,0,0,0,0,0,0,0,0,0,0,0,0,0,0,0,0,0,0,0,0,0,0,0,0,0,1,0,0,0,0,0,0,0
Clark,2011,South Dakota,SD,3736,SD01200,SD0120000,46,025,46025,sheriffs office,"non-msa cnty under 10,000",west north central,non-suburban,0,0,0,0,0,0,0,0,0,0,0,0,0,0,0,0,0,0,0,0,0,0,0,0,0,0,0,0,0,0,0,0,0,0,0,0,0,0,0,0,0,0,0,0,0,0,0,0,0,0,0,0,0,0,0,0,0,0,0,0,0
Vermillion,2011,South Dakota,SD,10700,SD01301,SD0130100,46,027,46027,local police department,"cities 10,000-24,999",west north central,non-suburban,1,1,0,0,1,0,0,1,0,0,0,0,0,0,0,0,0,0,0,0,0,0,0,0,0,0,0,0,0,0,0,0,0,0,0,0,0,0,0,0,1,0,0,0,0,0,0,0,0,0,0,0,0,1,0,0,0,0,0,0,0
Irene,2011,South Dakota,SD,425,SD01302,SD0130200,46,125,46125,local police department,"cities under 2,500",west north central,suburban,0,0,0,0,0,0,0,0,0,0,0,0,0,0,0,0,0,0,0,0,0,0,0,0,0,0,0,0,0,0,0,0,0,0,0,0,0,0,0,0,0,0,0,0,0,0,0,0,0,0,0,0,0,0,0,0,0,0,0,0,0
Codington,2011,South Dakota,SD,5815,SD01400,SD0140000,46,029,46029,sheriffs office,"non-msa cnty under 10,000",west north central,non-suburban,0,0,0,0,0,0,0,0,0,0,0,0,0,0,0,0,0,0,0,0,0,0,0,0,0,0,0,0,0,0,0,0,0,0,0,0,0,0,0,0,0,0,0,0,0,0,0,0,0,0,0,0,0,0,0,0,0,0,0,0,0
Watertown,2011,South Dakota,SD,21743,SD01401,SD0140100,46,029,46029,local police department,"cities 10,000-24,999",west north central,non-suburban,8,7,1,5,3,5,0,2,0,0,0,0,0,0,0,1,1,0,1,0,0,0,2,0,0,0,0,0,0,0,0,0,0,0,0,1,0,0,0,0,0,0,0,0,0,0,0,0,2,0,0,0,0,4,1,0,2,1,0,0,0
Custer,2011,South Dakota,SD,7913,SD01600,SD0160000,46,033,46033,sheriffs office,"non-msa cnty under 10,000",west north central,non-suburban,1,1,0,1,0,1,0,0,0,0,0,0,0,0,0,0,0,1,0,0,0,0,0,0,0,0,0,0,0,0,0,0,0,0,0,0,0,0,0,0,0,0,0,0,0,0,0,0,0,0,0,0,0,0,0,0,1,0,0,0,0
Davison,2011,South Dakota,SD,4301,SD01700,SD0170000,46,035,46035,sheriffs office,"non-msa cnty under 10,000",west north central,non-suburban,0,0,0,0,0,0,0,0,0,0,0,0,0,0,0,0,0,0,0,0,0,0,0,0,0,0,0,0,0,0,0,0,0,0,0,0,0,0,0,0,0,0,0,0,0,0,0,0,0,0,0,0,0,0,0,0,0,0,0,0,0
Mitchell,2011,South Dakota,SD,15440,SD01701,SD0170100,46,035,46035,local police department,"cities 10,000-24,999",west north central,non-suburban,7,7,0,7,0,7,0,0,0,0,0,0,0,0,0,2,0,0,0,0,0,0,1,2,1,0,1,0,0,0,0,0,0,0,0,0,0,0,0,0,0,0,0,0,0,0,0,0,0,0,0,0,0,4,0,0,2,0,0,0,0
Deuel,2011,South Dakota,SD,4417,SD01900,SD0190000,46,039,46039,sheriffs office,"non-msa cnty under 10,000",west north central,non-suburban,1,1,0,1,0,1,0,0,0,0,0,0,0,0,0,1,0,0,0,0,0,0,0,0,0,0,0,0,0,0,0,0,0,0,0,0,0,0,0,0,0,0,0,0,0,0,0,0,0,0,0,0,0,1,0,0,0,0,0,0,0
Dewey,2011,South Dakota,SD,4838,SD02000,SD0200000,46,041,46041,sheriffs office,"non-msa cnty under 10,000",west north central,non-suburban,1,1,0,1,0,1,0,0,0,0,0,0,0,0,0,0,0,1,0,0,0,0,0,0,0,0,0,0,0,0,0,0,0,0,0,0,0,0,0,0,0,0,0,0,0,0,0,0,0,0,0,0,0,0,0,0,1,0,0,0,0
Eagle Butte,2011,South Dakota,SD,1334,SD02004,SD0200400,46,041,46041,local police department,"cities under 2,500",west north central,non-suburban,0,0,0,0,0,0,0,0,0,0,0,0,0,0,0,0,0,0,0,0,0,0,0,0,0,0,0,0,0,0,0,0,0,0,0,0,0,0,0,0,0,0,0,0,0,0,0,0,0,0,0,0,0,0,0,0,0,0,0,0,0
Hot Springs,2011,South Dakota,SD,3756,SD02302,SD0230200,46,047,46047,local police department,"cities 2,500-9,999",west north central,non-suburban,1,1,0,1,0,1,0,0,0,0,0,0,0,0,0,0,0,0,1,0,0,0,0,0,0,0,0,0,0,0,0,0,0,0,0,0,0,0,0,0,0,0,0,0,0,0,0,0,0,0,0,0,0,1,0,0,0,0,0,0,0
Faulk,2011,South Dakota,SD,2393,SD02400,SD0240000,46,049,46049,sheriffs office,"non-msa cnty under 10,000",west north central,non-suburban,2,0,2,0,2,0,0,0,0,0,0,0,0,0,0,0,0,0,0,0,0,0,0,0,0,0,0,0,0,0,0,0,0,0,2,0,0,0,0,0,0,0,0,0,0,0,0,0,0,0,0,0,0,0,0,0,0,0,0,0,2
Philip,2011,South Dakota,SD,788,SD02701,SD0270100,46,055,46055,local police department,"cities under 2,500",west north central,non-suburban,0,0,0,0,0,0,0,0,0,0,0,0,0,0,0,0,0,0,0,0,0,0,0,0,0,0,0,0,0,0,0,0,0,0,0,0,0,0,0,0,0,0,0,0,0,0,0,0,0,0,0,0,0,0,0,0,0,0,0,0,0
Hamlin,2011,South Dakota,SD,5198,SD02800,SD0280000,46,057,46057,sheriffs office,"non-msa cnty under 10,000",west north central,non-suburban,0,0,0,0,0,0,0,0,0,0,0,0,0,0,0,0,0,0,0,0,0,0,0,0,0,0,0,0,0,0,0,0,0,0,0,0,0,0,0,0,0,0,0,0,0,0,0,0,0,0,0,0,0,0,0,0,0,0,0,0,0
Estelline,2011,South Dakota,SD,777,SD02803,SD0280300,46,057,46057,local police department,"cities under 2,500",west north central,non-suburban,0,0,0,0,0,0,0,0,0,0,0,0,0,0,0,0,0,0,0,0,0,0,0,0,0,0,0,0,0,0,0,0,0,0,0,0,0,0,0,0,0,0,0,0,0,0,0,0,0,0,0,0,0,0,0,0,0,0,0,0,0
Hand,2011,South Dakota,SD,1966,SD02900,SD0290000,46,059,46059,sheriffs office,"non-msa cnty under 10,000",west north central,non-suburban,1,1,0,1,0,1,0,0,0,0,0,0,0,0,0,1,0,0,0,0,0,0,0,0,0,0,0,0,0,0,0,0,0,0,0,0,0,0,0,0,0,0,0,0,0,0,0,0,0,0,0,0,0,1,0,0,0,0,0,0,0
Hanson,2011,South Dakota,SD,3372,SD03000,SD0300000,46,061,46061,sheriffs office,"non-msa cnty under 10,000",west north central,non-suburban,0,0,0,0,0,0,0,0,0,0,0,0,0,0,0,0,0,0,0,0,0,0,0,0,0,0,0,0,0,0,0,0,0,0,0,0,0,0,0,0,0,0,0,0,0,0,0,0,0,0,0,0,0,0,0,0,0,0,0,0,0
Harding,2011,South Dakota,SD,1270,SD03100,SD0310000,46,063,46063,sheriffs office,"non-msa cnty under 10,000",west north central,non-suburban,0,0,0,0,0,0,0,0,0,0,0,0,0,0,0,0,0,0,0,0,0,0,0,0,0,0,0,0,0,0,0,0,0,0,0,0,0,0,0,0,0,0,0,0,0,0,0,0,0,0,0,0,0,0,0,0,0,0,0,0,0
Hughes,2011,South Dakota,SD,3417,SD03200,SD0320000,46,065,46065,sheriffs office,"non-msa cnty under 10,000",west north central,non-suburban,1,1,0,1,0,1,0,0,0,0,0,0,0,0,0,1,0,0,0,0,0,0,0,0,0,0,0,0,0,0,0,0,0,0,0,0,0,0,0,0,0,0,0,0,0,0,0,0,0,0,0,0,0,1,0,0,0,0,0,0,0
Pierre,2011,South Dakota,SD,13812,SD03201,SD0320100,46,065,46065,local police department,"cities 10,000-24,999",west north central,non-suburban,2,1,1,2,0,1,1,0,1,0,0,0,0,0,1,0,0,0,0,1,0,0,0,0,0,0,0,0,0,0,0,0,0,0,0,0,0,0,0,0,0,0,0,0,0,0,0,0,0,0,0,0,0,0,0,0,0,1,0,0,0
Hutchinson,2011,South Dakota,SD,3314,SD03300,SD0330000,46,067,46067,sheriffs office,"non-msa cnty under 10,000",west north central,non-suburban,0,0,0,0,0,0,0,0,0,0,0,0,0,0,0,0,0,0,0,0,0,0,0,0,0,0,0,0,0,0,0,0,0,0,0,0,0,0,0,0,0,0,0,0,0,0,0,0,0,0,0,0,0,0,0,0,0,0,0,0,0
Kadoka,2011,South Dakota,SD,662,SD03501,SD0350100,46,071,46071,local police department,"cities under 2,500",west north central,non-suburban,0,0,0,0,0,0,0,0,0,0,0,0,0,0,0,0,0,0,0,0,0,0,0,0,0,0,0,0,0,0,0,0,0,0,0,0,0,0,0,0,0,0,0,0,0,0,0,0,0,0,0,0,0,0,0,0,0,0,0,0,0
Jerauld,2011,South Dakota,SD,2096,SD03600,SD0360000,46,073,46073,sheriffs office,"non-msa cnty under 10,000",west north central,non-suburban,0,0,0,0,0,0,0,0,0,0,0,0,0,0,0,0,0,0,0,0,0,0,0,0,0,0,0,0,0,0,0,0,0,0,0,0,0,0,0,0,0,0,0,0,0,0,0,0,0,0,0,0,0,0,0,0,0,0,0,0,0
Madison,2011,South Dakota,SD,6553,SD03901,SD0390100,46,079,46079,local police department,"cities 2,500-9,999",west north central,non-suburban,3,0,3,2,1,0,2,0,2,0,0,1,0,1,0,0,0,0,0,0,0,0,0,0,0,0,0,0,0,0,0,0,1,0,0,0,0,0,0,0,0,0,0,0,0,0,0,0,0,0,0,0,0,0,0,0,0,3,0,0,0
Lawrence,2011,South Dakota,SD,8383,SD04000,SD0400000,46,081,46081,sheriffs office,"non-msa cnty under 10,000",west north central,non-suburban,0,0,0,0,0,0,0,0,0,0,0,0,0,0,0,0,0,0,0,0,0,0,0,0,0,0,0,0,0,0,0,0,0,0,0,0,0,0,0,0,0,0,0,0,0,0,0,0,0,0,0,0,0,0,0,0,0,0,0,0,0
Deadwood,2011,South Dakota,SD,1285,SD04001,SD0400100,46,081,46081,local police department,"cities under 2,500",west north central,non-suburban,0,0,0,0,0,0,0,0,0,0,0,0,0,0,0,0,0,0,0,0,0,0,0,0,0,0,0,0,0,0,0,0,0,0,0,0,0,0,0,0,0,0,0,0,0,0,0,0,0,0,0,0,0,0,0,0,0,0,0,0,0
Lead,2011,South Dakota,SD,3162,SD04002,SD0400200,46,081,46081,local police department,"cities 2,500-9,999",west north central,non-suburban,0,0,0,0,0,0,0,0,0,0,0,0,0,0,0,0,0,0,0,0,0,0,0,0,0,0,0,0,0,0,0,0,0,0,0,0,0,0,0,0,0,0,0,0,0,0,0,0,0,0,0,0,0,0,0,0,0,0,0,0,0
Spearfish,2011,South Dakota,SD,10622,SD04003,SD0400300,46,081,46081,local police department,"cities 10,000-24,999",west north central,non-suburban,2,0,2,2,0,0,2,0,2,0,0,2,0,0,0,0,0,0,0,0,0,0,0,0,0,0,0,0,0,0,0,0,0,0,0,0,0,0,0,0,0,0,0,0,0,0,0,0,0,0,0,0,0,0,0,0,0,2,0,0,0
Whitewood,2011,South Dakota,SD,938,SD04004,SD0400400,46,081,46081,local police department,"cities under 2,500",west north central,non-suburban,0,0,0,0,0,0,0,0,0,0,0,0,0,0,0,0,0,0,0,0,0,0,0,0,0,0,0,0,0,0,0,0,0,0,0,0,0,0,0,0,0,0,0,0,0,0,0,0,0,0,0,0,0,0,0,0,0,0,0,0,0
Lincoln,2011,South Dakota,SD,13687,SD04100,SD0410000,46,083,46083,sheriffs office,"msa cnty 10,000-24,999",west north central,suburban,0,0,0,0,0,0,0,0,0,0,0,0,0,0,0,0,0,0,0,0,0,0,0,0,0,0,0,0,0,0,0,0,0,0,0,0,0,0,0,0,0,0,0,0,0,0,0,0,0,0,0,0,0,0,0,0,0,0,0,0,0
Canton,2011,South Dakota,SD,3094,SD04101,SD0410100,46,083,46083,local police department,"cities 2,500-9,999",west north central,suburban,0,0,0,0,0,0,0,0,0,0,0,0,0,0,0,0,0,0,0,0,0,0,0,0,0,0,0,0,0,0,0,0,0,0,0,0,0,0,0,0,0,0,0,0,0,0,0,0,0,0,0,0,0,0,0,0,0,0,0,0,0
Lennox,2011,South Dakota,SD,2137,SD04102,SD0410200,46,083,46083,local police department,"cities under 2,500",west north central,suburban,0,0,0,0,0,0,0,0,0,0,0,0,0,0,0,0,0,0,0,0,0,0,0,0,0,0,0,0,0,0,0,0,0,0,0,0,0,0,0,0,0,0,0,0,0,0,0,0,0,0,0,0,0,0,0,0,0,0,0,0,0
Tea,2011,South Dakota,SD,3852,SD04105,SD0410500,46,083,46083,local police department,"cities 2,500-9,999",west north central,suburban,1,0,1,1,0,0,1,0,1,0,0,0,0,1,0,0,0,0,0,0,0,0,0,0,0,0,0,0,0,0,0,0,0,0,0,0,0,0,0,0,0,0,0,0,0,0,0,0,0,0,0,0,0,0,0,0,0,0,1,0,0
Mccook,2011,South Dakota,SD,5686,SD04300,SD0430000,46,087,46087,sheriffs office,"msa cnty under 10,000",west north central,suburban,2,2,0,1,1,1,0,1,0,0,0,0,0,0,0,0,1,0,0,0,0,0,0,0,0,0,0,0,0,0,0,0,0,0,0,0,0,0,0,0,0,0,0,0,0,1,0,0,0,0,0,0,0,1,0,0,1,0,0,0,0
Mcpherson,2011,South Dakota,SD,2026,SD04400,SD0440000,46,089,46089,sheriffs office,"non-msa cnty under 10,000",west north central,non-suburban,0,0,0,0,0,0,0,0,0,0,0,0,0,0,0,0,0,0,0,0,0,0,0,0,0,0,0,0,0,0,0,0,0,0,0,0,0,0,0,0,0,0,0,0,0,0,0,0,0,0,0,0,0,0,0,0,0,0,0,0,0
Marshall,2011,South Dakota,SD,4713,SD04500,SD0450000,46,091,46091,sheriffs office,"non-msa cnty under 10,000",west north central,non-suburban,2,2,0,2,0,2,0,0,0,0,0,0,0,0,0,1,0,0,1,0,0,0,0,0,0,0,0,0,0,0,0,0,0,0,0,0,0,0,0,0,0,0,0,0,0,0,0,0,0,0,0,0,0,1,0,0,1,0,0,0,0
Meade,2011,South Dakota,SD,14034,SD04600,SD0460000,46,093,46093,sheriffs office,"msa cnty 10,000-24,999",west north central,suburban,4,2,2,3,1,1,2,1,2,0,0,0,0,1,1,0,1,0,0,0,0,0,0,0,0,0,0,0,0,0,0,0,0,0,0,0,0,0,1,0,0,0,0,0,0,0,0,0,0,0,0,0,0,1,0,0,1,2,0,0,0
Sturgis,2011,South Dakota,SD,6708,SD04601,SD0460100,46,093,46093,local police department,"cities 2,500-9,999",west north central,suburban,2,0,2,0,2,0,0,0,0,0,0,0,0,0,0,0,0,0,0,0,0,0,0,0,0,0,0,0,0,0,0,0,0,1,1,0,0,0,0,0,0,0,0,0,0,0,0,0,0,0,0,0,0,0,0,0,0,2,0,0,0
Mellette,2011,South Dakota,SD,2073,SD04700,SD0470000,46,095,46095,sheriffs office,"non-msa cnty under 10,000",west north central,non-suburban,2,2,0,2,0,2,0,0,0,0,0,0,0,0,0,0,0,1,0,0,0,0,0,1,0,0,0,0,0,0,0,0,0,0,0,0,0,0,0,0,0,0,0,0,0,0,0,0,0,0,0,0,0,1,0,0,1,0,0,0,0
Miner,2011,South Dakota,SD,2418,SD04800,SD0480000,46,097,46097,sheriffs office,"non-msa cnty under 10,000",west north central,non-suburban,0,0,0,0,0,0,0,0,0,0,0,0,0,0,0,0,0,0,0,0,0,0,0,0,0,0,0,0,0,0,0,0,0,0,0,0,0,0,0,0,0,0,0,0,0,0,0,0,0,0,0,0,0,0,0,0,0,0,0,0,0
Minnehaha,2011,South Dakota,SD,28228,SD04900,SD0490000,46,099,46099,sheriffs office,"msa cnty 25,000-99,999",west north central,suburban,3,2,1,3,0,2,1,0,1,0,0,0,0,1,0,1,1,0,0,0,0,0,0,0,0,0,0,0,0,0,0,0,0,0,0,0,0,0,0,0,0,0,0,0,0,0,0,0,0,0,0,0,0,1,0,0,1,1,0,0,0
Sioux Falls,2011,South Dakota,SD,155760,SD04902,SD0490200,46,099,46099,local police department,"cities 100,000-249,999",west north central,non-suburban,31,19,12,23,8,17,6,2,6,0,0,2,0,2,2,3,1,1,1,1,1,2,5,0,1,1,0,0,0,0,0,0,0,0,1,3,2,0,0,0,0,0,0,0,1,0,0,1,0,0,0,0,0,10,1,0,7,9,2,0,1
Brandon,2011,South Dakota,SD,8892,SD04903,SD0490300,46,099,46099,local police department,"cities 2,500-9,999",west north central,suburban,0,0,0,0,0,0,0,0,0,0,0,0,0,0,0,0,0,0,0,0,0,0,0,0,0,0,0,0,0,0,0,0,0,0,0,0,0,0,0,0,0,0,0,0,0,0,0,0,0,0,0,0,0,0,0,0,0,0,0,0,0
Moody,2011,South Dakota,SD,4196,SD05000,SD0500000,46,101,46101,sheriffs office,"non-msa cnty under 10,000",west north central,non-suburban,2,2,0,2,0,2,0,0,0,0,0,0,0,0,0,0,0,0,0,0,0,0,0,0,0,0,0,2,0,0,0,0,0,0,0,0,0,0,0,0,0,0,0,0,0,0,0,0,0,0,0,0,0,2,0,0,0,0,0,0,0
Flandreau,2011,South Dakota,SD,2369,SD05001,SD0500100,46,101,46101,local police department,"cities under 2,500",west north central,non-suburban,2,2,0,2,0,2,0,0,0,0,0,0,0,0,0,0,0,0,0,0,0,0,0,0,0,1,1,0,0,0,0,0,0,0,0,0,0,0,0,0,0,0,0,0,0,0,0,0,0,0,0,0,0,0,0,0,2,0,0,0,0
Pennington,2011,South Dakota,SD,28238,SD05100,SD0510000,46,103,46103,sheriffs office,"msa cnty 25,000-99,999",west north central,suburban,0,0,0,0,0,0,0,0,0,0,0,0,0,0,0,0,0,0,0,0,0,0,0,0,0,0,0,0,0,0,0,0,0,0,0,0,0,0,0,0,0,0,0,0,0,0,0,0,0,0,0,0,0,0,0,0,0,0,0,0,0
Rapid City,2011,South Dakota,SD,68782,SD05101,SD0510100,46,103,46103,local police department,"cities 50,000-99,999",west north central,non-suburban,14,8,6,8,6,4,4,4,4,0,0,0,1,2,1,1,1,0,0,0,0,0,2,0,0,0,0,0,0,0,0,0,0,2,0,0,0,0,0,0,0,0,0,0,1,1,1,0,1,0,0,0,0,2,0,0,6,2,0,0,4
Box Elder,2011,South Dakota,SD,7895,SD05103,SD0510300,46,103,46103,local police department,"cities 2,500-9,999",west north central,suburban,0,0,0,0,0,0,0,0,0,0,0,0,0,0,0,0,0,0,0,0,0,0,0,0,0,0,0,0,0,0,0,0,0,0,0,0,0,0,0,0,0,0,0,0,0,0,0,0,0,0,0,0,0,0,0,0,0,0,0,0,0
Potter,2011,South Dakota,SD,770,SD05300,SD0530000,46,107,46107,sheriffs office,"non-msa cnty under 10,000",west north central,non-suburban,0,0,0,0,0,0,0,0,0,0,0,0,0,0,0,0,0,0,0,0,0,0,0,0,0,0,0,0,0,0,0,0,0,0,0,0,0,0,0,0,0,0,0,0,0,0,0,0,0,0,0,0,0,0,0,0,0,0,0,0,0
Roberts,2011,South Dakota,SD,6846,SD05400,SD0540000,46,109,46109,sheriffs office,"non-msa cnty under 10,000",west north central,non-suburban,8,5,3,7,1,4,3,1,3,0,0,0,0,0,3,0,0,0,0,1,1,0,1,1,0,0,0,0,0,0,0,0,0,0,0,0,0,0,1,0,0,0,0,0,0,0,0,0,0,0,0,0,0,1,0,0,4,1,0,0,2
Sisseton,2011,South Dakota,SD,2500,SD05401,SD0540100,46,109,46109,local police department,"cities 2,500-9,999",west north central,non-suburban,2,2,0,1,1,1,0,1,0,0,0,0,0,0,0,0,0,0,0,1,0,0,0,0,0,0,0,0,0,0,0,0,0,0,0,0,0,1,0,0,0,0,0,0,0,0,0,0,0,0,0,0,0,1,0,0,1,0,0,0,0
Spink,2011,South Dakota,SD,6493,SD05700,SD0570000,46,115,46115,sheriffs office,"non-msa cnty under 10,000",west north central,non-suburban,2,2,0,2,0,2,0,0,0,0,0,0,0,0,0,0,0,0,0,0,0,1,1,0,0,0,0,0,0,0,0,0,0,0,0,0,0,0,0,0,0,0,0,0,0,0,0,0,0,0,0,0,0,2,0,0,0,0,0,0,0
Stanley,2011,South Dakota,SD,3002,SD05800,SD0580000,46,117,46117,sheriffs office,"non-msa cnty under 10,000",west north central,non-suburban,1,1,0,1,0,1,0,0,0,0,0,0,0,0,0,0,0,0,0,0,0,0,0,0,1,0,0,0,0,0,0,0,0,0,0,0,0,0,0,0,0,0,0,0,0,0,0,0,0,0,0,0,0,1,0,0,0,0,0,0,0
Sully,2011,South Dakota,SD,1390,SD05900,SD0590000,46,119,46119,sheriffs office,"non-msa cnty under 10,000",west north central,non-suburban,0,0,0,0,0,0,0,0,0,0,0,0,0,0,0,0,0,0,0,0,0,0,0,0,0,0,0,0,0,0,0,0,0,0,0,0,0,0,0,0,0,0,0,0,0,0,0,0,0,0,0,0,0,0,0,0,0,0,0,0,0
Winner,2011,South Dakota,SD,2932,SD06101,SD0610100,46,123,46123,local police department,"cities 2,500-9,999",west north central,non-suburban,0,0,0,0,0,0,0,0,0,0,0,0,0,0,0,0,0,0,0,0,0,0,0,0,0,0,0,0,0,0,0,0,0,0,0,0,0,0,0,0,0,0,0,0,0,0,0,0,0,0,0,0,0,0,0,0,0,0,0,0,0
Turner,2011,South Dakota,SD,6530,SD06200,SD0620000,46,125,46125,sheriffs office,"msa cnty under 10,000",west north central,suburban,1,1,0,1,0,1,0,0,0,0,0,0,0,0,0,0,0,0,0,0,0,0,1,0,0,0,0,0,0,0,0,0,0,0,0,0,0,0,0,0,0,0,0,0,0,0,0,0,0,0,0,0,0,1,0,0,0,0,0,0,0
Centerville,2011,South Dakota,SD,893,SD06202,SD0620200,46,125,46125,local police department,"cities under 2,500",west north central,suburban,0,0,0,0,0,0,0,0,0,0,0,0,0,0,0,0,0,0,0,0,0,0,0,0,0,0,0,0,0,0,0,0,0,0,0,0,0,0,0,0,0,0,0,0,0,0,0,0,0,0,0,0,0,0,0,0,0,0,0,0,0
Union,2011,South Dakota,SD,6989,SD06300,SD0630000,46,127,46127,sheriffs office,"msa cnty under 10,000",west north central,suburban,0,0,0,0,0,0,0,0,0,0,0,0,0,0,0,0,0,0,0,0,0,0,0,0,0,0,0,0,0,0,0,0,0,0,0,0,0,0,0,0,0,0,0,0,0,0,0,0,0,0,0,0,0,0,0,0,0,0,0,0,0
North Sioux City,2011,South Dakota,SD,2561,SD06305,SD0630500,46,127,46127,local police department,"cities 2,500-9,999",west north central,suburban,0,0,0,0,0,0,0,0,0,0,0,0,0,0,0,0,0,0,0,0,0,0,0,0,0,0,0,0,0,0,0,0,0,0,0,0,0,0,0,0,0,0,0,0,0,0,0,0,0,0,0,0,0,0,0,0,0,0,0,0,0
Walworth,2011,South Dakota,SD,1347,SD06400,SD0640000,46,129,46129,sheriffs office,"non-msa cnty under 10,000",west north central,non-suburban,1,0,1,0,1,0,0,0,0,0,0,0,0,0,0,0,0,0,0,0,0,0,0,0,0,0,0,0,0,0,0,0,0,1,0,0,0,0,0,0,0,0,0,0,0,0,0,0,0,0,0,0,0,0,0,0,0,0,0,0,0
Mobridge,2011,South Dakota,SD,3507,SD06401,SD0640100,46,129,46129,local police department,"cities 2,500-9,999",west north central,non-suburban,3,3,0,3,0,3,0,0,0,0,0,0,0,0,0,0,0,0,1,0,0,0,1,0,0,0,1,0,0,0,0,0,0,0,0,0,0,0,0,0,0,0,0,0,0,0,0,0,0,0,0,0,0,0,0,0,3,0,0,0,0
Yankton,2011,South Dakota,SD,8079,SD06600,SD0660000,46,135,46135,sheriffs office,"non-msa cnty under 10,000",west north central,non-suburban,0,0,0,0,0,0,0,0,0,0,0,0,0,0,0,0,0,0,0,0,0,0,0,0,0,0,0,0,0,0,0,0,0,0,0,0,0,0,0,0,0,0,0,0,0,0,0,0,0,0,0,0,0,0,0,0,0,0,0,0,0
Yankton,2011,South Dakota,SD,14630,SD06601,SD0660100,46,135,46135,local police department,"cities 10,000-24,999",west north central,non-suburban,3,2,1,2,1,1,1,1,1,0,0,0,0,0,1,1,0,0,0,0,0,0,0,0,0,0,0,0,0,0,0,0,0,0,0,0,0,0,0,0,0,0,0,0,1,0,0,0,0,0,0,0,0,0,0,0,2,1,0,0,0
Div Of Criminal Invest,2011,South Dakota,SD,0,SDDCI00,SDDCI0000,46,065,46065,special jurisdiction,non-msa state police,west north central,non-suburban,0,0,0,0,0,0,0,0,0,0,0,0,0,0,0,0,0,0,0,0,0,0,0,0,0,0,0,0,0,0,0,0,0,0,0,0,0,0,0,0,0,0,0,0,0,0,0,0,0,0,0,0,0,0,0,0,0,0,0,0,0
Aurora,2012,South Dakota,SD,2724,SD00100,SD0010000,46,003,46003,sheriffs office,"non-msa cnty under 10,000",west north central,non-suburban,1,1,0,1,0,1,0,0,0,0,0,0,0,0,0,0,1,0,0,0,0,0,0,0,0,0,0,0,0,0,0,0,0,0,0,0,0,0,0,0,0,0,0,0,0,0,0,0,0,0,0,0,0,1,0,0,0,0,0,0,0
Beadle,2012,South Dakota,SD,4898,SD00200,SD0020000,46,005,46005,sheriffs office,"non-msa cnty under 10,000",west north central,non-suburban,1,1,0,1,0,1,0,0,0,0,0,0,0,0,0,0,0,0,0,0,0,0,0,0,1,0,0,0,0,0,0,0,0,0,0,0,0,0,0,0,0,0,0,0,0,0,0,0,0,0,0,0,0,1,0,0,0,0,0,0,0
Huron,2012,South Dakota,SD,12849,SD00201,SD0020100,46,005,46005,local police department,"cities 10,000-24,999",west north central,non-suburban,5,5,0,5,0,5,0,0,0,0,0,0,0,0,0,0,2,0,1,2,0,0,0,0,0,0,0,0,0,0,0,0,0,0,0,0,0,0,0,0,0,0,0,0,0,0,0,0,0,0,0,0,0,3,0,0,2,0,0,0,0
Bennett,2012,South Dakota,SD,2394,SD00300,SD0030000,46,007,46007,sheriffs office,"non-msa cnty under 10,000",west north central,non-suburban,0,0,0,0,0,0,0,0,0,0,0,0,0,0,0,0,0,0,0,0,0,0,0,0,0,0,0,0,0,0,0,0,0,0,0,0,0,0,0,0,0,0,0,0,0,0,0,0,0,0,0,0,0,0,0,0,0,0,0,0,0
Martin,2012,South Dakota,SD,1086,SD00301,SD0030100,46,007,46007,local police department,"cities under 2,500",west north central,non-suburban,1,1,0,1,0,1,0,0,0,0,0,0,0,0,0,0,0,0,0,0,0,0,0,0,0,0,1,0,0,0,0,0,0,0,0,0,0,0,0,0,0,0,0,0,0,0,0,0,0,0,0,0,0,0,0,0,1,0,0,0,0
Bon Homme,2012,South Dakota,SD,2575,SD00400,SD0040000,46,009,46009,sheriffs office,"non-msa cnty under 10,000",west north central,non-suburban,0,0,0,0,0,0,0,0,0,0,0,0,0,0,0,0,0,0,0,0,0,0,0,0,0,0,0,0,0,0,0,0,0,0,0,0,0,0,0,0,0,0,0,0,0,0,0,0,0,0,0,0,0,0,0,0,0,0,0,0,0
Brookings,2012,South Dakota,SD,10111,SD00500,SD0050000,46,011,46011,sheriffs office,"non-msa cnty 10,000-24,999",west north central,non-suburban,0,0,0,0,0,0,0,0,0,0,0,0,0,0,0,0,0,0,0,0,0,0,0,0,0,0,0,0,0,0,0,0,0,0,0,0,0,0,0,0,0,0,0,0,0,0,0,0,0,0,0,0,0,0,0,0,0,0,0,0,0
Brookings,2012,South Dakota,SD,22478,SD00501,SD0050100,46,011,46011,local police department,"cities 10,000-24,999",west north central,non-suburban,0,0,0,0,0,0,0,0,0,0,0,0,0,0,0,0,0,0,0,0,0,0,0,0,0,0,0,0,0,0,0,0,0,0,0,0,0,0,0,0,0,0,0,0,0,0,0,0,0,0,0,0,0,0,0,0,0,0,0,0,0
Brown,2012,South Dakota,SD,9157,SD00600,SD0060000,46,013,46013,sheriffs office,"non-msa cnty under 10,000",west north central,non-suburban,1,0,1,0,1,0,0,0,0,0,0,0,0,0,0,0,0,0,0,0,0,0,0,0,0,0,0,0,0,0,0,0,0,0,0,0,1,0,0,0,0,0,0,0,0,0,0,0,0,0,0,0,0,0,0,0,0,1,0,0,0
Aberdeen,2012,South Dakota,SD,26593,SD00601,SD0060100,46,013,46013,local police department,"cities 25,000-49,999",west north central,non-suburban,4,2,2,4,0,2,2,0,2,0,0,0,0,2,0,0,1,0,0,0,0,1,0,0,0,0,0,0,0,0,0,0,0,0,0,0,0,0,0,0,0,0,0,0,0,0,0,0,0,0,0,0,0,1,0,0,1,2,0,0,0
Chamberlain,2012,South Dakota,SD,2427,SD00701,SD0070100,46,015,46015,local police department,"cities under 2,500",west north central,non-suburban,1,1,0,1,0,1,0,0,0,0,0,0,0,0,0,1,0,0,0,0,0,0,0,0,0,0,0,0,0,0,0,0,0,0,0,0,0,0,0,0,0,0,0,0,0,0,0,0,0,0,0,0,0,1,0,0,0,0,0,0,0
Butte,2012,South Dakota,SD,4635,SD00900,SD0090000,46,019,46019,sheriffs office,"non-msa cnty under 10,000",west north central,non-suburban,0,0,0,0,0,0,0,0,0,0,0,0,0,0,0,0,0,0,0,0,0,0,0,0,0,0,0,0,0,0,0,0,0,0,0,0,0,0,0,0,0,0,0,0,0,0,0,0,0,0,0,0,0,0,0,0,0,0,0,0,0
Belle Fourche,2012,South Dakota,SD,5739,SD00901,SD0090100,46,019,46019,local police department,"cities 2,500-9,999",west north central,non-suburban,0,0,0,0,0,0,0,0,0,0,0,0,0,0,0,0,0,0,0,0,0,0,0,0,0,0,0,0,0,0,0,0,0,0,0,0,0,0,0,0,0,0,0,0,0,0,0,0,0,0,0,0,0,0,0,0,0,0,0,0,0
Campbell,2012,South Dakota,SD,1443,SD01000,SD0100000,46,021,46021,sheriffs office,"non-msa cnty under 10,000",west north central,non-suburban,0,0,0,0,0,0,0,0,0,0,0,0,0,0,0,0,0,0,0,0,0,0,0,0,0,0,0,0,0,0,0,0,0,0,0,0,0,0,0,0,0,0,0,0,0,0,0,0,0,0,0,0,0,0,0,0,0,0,0,0,0
Charles Mix,2012,South Dakota,SD,6458,SD01100,SD0110000,46,023,46023,sheriffs office,"non-msa cnty under 10,000",west north central,non-suburban,1,1,0,1,0,1,0,0,0,0,0,0,0,0,0,0,0,0,0,0,0,0,0,0,1,0,0,0,0,0,0,0,0,0,0,0,0,0,0,0,0,0,0,0,0,0,0,0,0,0,0,0,0,0,0,0,1,0,0,0,0
Wagner,2012,South Dakota,SD,1599,SD01103,SD0110300,46,023,46023,local police department,"cities under 2,500",west north central,non-suburban,0,0,0,0,0,0,0,0,0,0,0,0,0,0,0,0,0,0,0,0,0,0,0,0,0,0,0,0,0,0,0,0,0,0,0,0,0,0,0,0,0,0,0,0,0,0,0,0,0,0,0,0,0,0,0,0,0,0,0,0,0
Clark,2012,South Dakota,SD,2540,SD01200,SD0120000,46,025,46025,sheriffs office,"non-msa cnty under 10,000",west north central,non-suburban,0,0,0,0,0,0,0,0,0,0,0,0,0,0,0,0,0,0,0,0,0,0,0,0,0,0,0,0,0,0,0,0,0,0,0,0,0,0,0,0,0,0,0,0,0,0,0,0,0,0,0,0,0,0,0,0,0,0,0,0,0
Clay,2012,South Dakota,SD,3192,SD01300,SD0130000,46,027,46027,sheriffs office,"non-msa cnty under 10,000",west north central,non-suburban,0,0,0,0,0,0,0,0,0,0,0,0,0,0,0,0,0,0,0,0,0,0,0,0,0,0,0,0,0,0,0,0,0,0,0,0,0,0,0,0,0,0,0,0,0,0,0,0,0,0,0,0,0,0,0,0,0,0,0,0,0
Vermillion,2012,South Dakota,SD,10826,SD01301,SD0130100,46,027,46027,local police department,"cities 10,000-24,999",west north central,non-suburban,0,0,0,0,0,0,0,0,0,0,0,0,0,0,0,0,0,0,0,0,0,0,0,0,0,0,0,0,0,0,0,0,0,0,0,0,0,0,0,0,0,0,0,0,0,0,0,0,0,0,0,0,0,0,0,0,0,0,0,0,0
Irene,2012,South Dakota,SD,428,SD01302,SD0130200,46,125,46125,local police department,"cities under 2,500",west north central,suburban,0,0,0,0,0,0,0,0,0,0,0,0,0,0,0,0,0,0,0,0,0,0,0,0,0,0,0,0,0,0,0,0,0,0,0,0,0,0,0,0,0,0,0,0,0,0,0,0,0,0,0,0,0,0,0,0,0,0,0,0,0
Codington,2012,South Dakota,SD,5849,SD01400,SD0140000,46,029,46029,sheriffs office,"non-msa cnty under 10,000",west north central,non-suburban,1,0,1,0,1,0,0,0,0,0,0,0,0,0,0,0,0,0,0,0,0,0,0,0,0,0,0,0,0,0,0,0,0,0,1,0,0,0,0,0,0,0,0,0,0,0,0,0,0,0,0,0,0,0,0,0,0,1,0,0,0
Watertown,2012,South Dakota,SD,21902,SD01401,SD0140100,46,029,46029,local police department,"cities 10,000-24,999",west north central,non-suburban,6,4,2,6,0,4,2,0,2,0,0,2,0,0,0,0,0,0,0,1,0,1,0,0,0,0,1,1,0,0,0,0,0,0,0,0,0,0,0,0,0,0,0,0,0,0,0,0,0,0,0,0,0,3,0,0,1,1,0,0,1
Corson,2012,South Dakota,SD,3229,SD01500,SD0150000,46,031,46031,sheriffs office,"non-msa cnty under 10,000",west north central,non-suburban,1,1,0,1,0,1,0,0,0,0,0,0,0,0,0,0,0,0,0,0,0,1,0,0,0,0,0,0,0,0,0,0,0,0,0,0,0,0,0,0,0,0,0,0,0,0,0,0,0,0,0,0,0,1,0,0,0,0,0,0,0
Custer,2012,South Dakota,SD,8024,SD01600,SD0160000,46,033,46033,sheriffs office,"msa cnty under 10,000",west north central,suburban,1,1,0,1,0,1,0,0,0,0,0,0,0,0,0,0,0,0,0,0,1,0,0,0,0,0,0,0,0,0,0,0,0,0,0,0,0,0,0,0,0,0,0,0,0,0,0,0,0,0,0,0,0,1,0,0,0,0,0,0,0
Davison,2012,South Dakota,SD,4331,SD01700,SD0170000,46,035,46035,sheriffs office,"non-msa cnty under 10,000",west north central,non-suburban,2,2,0,1,1,1,0,1,0,0,0,0,0,0,0,0,0,0,0,0,0,0,0,1,0,0,0,0,0,0,0,0,0,0,0,0,0,0,0,0,0,0,0,1,0,0,0,0,0,0,0,0,0,2,0,0,0,0,0,0,0
Mitchell,2012,South Dakota,SD,15541,SD01701,SD0170100,46,035,46035,local police department,"cities 10,000-24,999",west north central,non-suburban,6,6,0,4,2,4,0,2,0,0,0,0,0,0,0,0,0,0,0,2,0,0,1,0,1,0,0,0,0,0,0,0,0,0,0,0,0,0,1,0,1,0,0,0,0,0,0,0,0,0,0,0,0,4,0,0,2,0,0,0,0
Deuel,2012,South Dakota,SD,4408,SD01900,SD0190000,46,039,46039,sheriffs office,"non-msa cnty under 10,000",west north central,non-suburban,1,1,0,1,0,1,0,0,0,0,0,0,0,0,0,0,0,0,0,0,0,0,0,1,0,0,0,0,0,0,0,0,0,0,0,0,0,0,0,0,0,0,0,0,0,0,0,0,0,0,0,0,0,1,0,0,0,0,0,0,0
Eagle Butte,2012,South Dakota,SD,1350,SD02004,SD0200400,46,041,46041,local police department,"cities under 2,500",west north central,non-suburban,0,0,0,0,0,0,0,0,0,0,0,0,0,0,0,0,0,0,0,0,0,0,0,0,0,0,0,0,0,0,0,0,0,0,0,0,0,0,0,0,0,0,0,0,0,0,0,0,0,0,0,0,0,0,0,0,0,0,0,0,0
Hot Springs,2012,South Dakota,SD,3694,SD02302,SD0230200,46,047,46047,local police department,"cities 2,500-9,999",west north central,non-suburban,2,2,0,2,0,2,0,0,0,0,0,0,0,0,0,0,1,0,0,0,0,0,0,0,0,0,1,0,0,0,0,0,0,0,0,0,0,0,0,0,0,0,0,0,0,0,0,0,0,0,0,0,0,2,0,0,0,0,0,0,0
Faulk,2012,South Dakota,SD,2394,SD02400,SD0240000,46,049,46049,sheriffs office,"non-msa cnty under 10,000",west north central,non-suburban,0,0,0,0,0,0,0,0,0,0,0,0,0,0,0,0,0,0,0,0,0,0,0,0,0,0,0,0,0,0,0,0,0,0,0,0,0,0,0,0,0,0,0,0,0,0,0,0,0,0,0,0,0,0,0,0,0,0,0,0,0
Hamlin,2012,South Dakota,SD,5259,SD02800,SD0280000,46,057,46057,sheriffs office,"non-msa cnty under 10,000",west north central,non-suburban,1,1,0,1,0,1,0,0,0,0,0,0,0,0,0,0,0,0,1,0,0,0,0,0,0,0,0,0,0,0,0,0,0,0,0,0,0,0,0,0,0,0,0,0,0,0,0,0,0,0,0,0,0,0,0,0,1,0,0,0,0
Estelline,2012,South Dakota,SD,786,SD02803,SD0280300,46,057,46057,local police department,"cities under 2,500",west north central,non-suburban,0,0,0,0,0,0,0,0,0,0,0,0,0,0,0,0,0,0,0,0,0,0,0,0,0,0,0,0,0,0,0,0,0,0,0,0,0,0,0,0,0,0,0,0,0,0,0,0,0,0,0,0,0,0,0,0,0,0,0,0,0
Hand,2012,South Dakota,SD,1960,SD02900,SD0290000,46,059,46059,sheriffs office,"non-msa cnty under 10,000",west north central,non-suburban,0,0,0,0,0,0,0,0,0,0,0,0,0,0,0,0,0,0,0,0,0,0,0,0,0,0,0,0,0,0,0,0,0,0,0,0,0,0,0,0,0,0,0,0,0,0,0,0,0,0,0,0,0,0,0,0,0,0,0,0,0
Miller,2012,South Dakota,SD,1502,SD02901,SD0290100,46,059,46059,local police department,"cities under 2,500",west north central,non-suburban,0,0,0,0,0,0,0,0,0,0,0,0,0,0,0,0,0,0,0,0,0,0,0,0,0,0,0,0,0,0,0,0,0,0,0,0,0,0,0,0,0,0,0,0,0,0,0,0,0,0,0,0,0,0,0,0,0,0,0,0,0
Hanson,2012,South Dakota,SD,3414,SD03000,SD0300000,46,061,46061,sheriffs office,"non-msa cnty under 10,000",west north central,non-suburban,0,0,0,0,0,0,0,0,0,0,0,0,0,0,0,0,0,0,0,0,0,0,0,0,0,0,0,0,0,0,0,0,0,0,0,0,0,0,0,0,0,0,0,0,0,0,0,0,0,0,0,0,0,0,0,0,0,0,0,0,0
Harding,2012,South Dakota,SD,1283,SD03100,SD0310000,46,063,46063,sheriffs office,"non-msa cnty under 10,000",west north central,non-suburban,0,0,0,0,0,0,0,0,0,0,0,0,0,0,0,0,0,0,0,0,0,0,0,0,0,0,0,0,0,0,0,0,0,0,0,0,0,0,0,0,0,0,0,0,0,0,0,0,0,0,0,0,0,0,0,0,0,0,0,0,0
Hughes,2012,South Dakota,SD,3471,SD03200,SD0320000,46,065,46065,sheriffs office,"non-msa cnty under 10,000",west north central,non-suburban,3,3,0,3,0,3,0,0,0,0,0,0,0,0,0,1,0,0,0,0,0,0,0,0,1,0,0,1,0,0,0,0,0,0,0,0,0,0,0,0,0,0,0,0,0,0,0,0,0,0,0,0,0,1,0,0,2,0,0,0,0
Pierre,2012,South Dakota,SD,14016,SD03201,SD0320100,46,065,46065,local police department,"cities 10,000-24,999",west north central,non-suburban,3,3,0,2,1,2,0,1,0,0,0,0,0,0,0,0,0,0,0,0,0,0,0,0,2,0,0,0,0,0,0,0,0,0,0,0,0,0,0,0,0,1,0,0,0,0,0,0,0,0,0,0,0,0,1,0,1,0,0,0,0
Freeman,2012,South Dakota,SD,1305,SD03301,SD0330100,46,067,46067,local police department,"cities under 2,500",west north central,non-suburban,0,0,0,0,0,0,0,0,0,0,0,0,0,0,0,0,0,0,0,0,0,0,0,0,0,0,0,0,0,0,0,0,0,0,0,0,0,0,0,0,0,0,0,0,0,0,0,0,0,0,0,0,0,0,0,0,0,0,0,0,0
Tripp,2012,South Dakota,SD,646,SD03304,SD0330400,46,067,46067,local police department,"cities under 2,500",west north central,non-suburban,0,0,0,0,0,0,0,0,0,0,0,0,0,0,0,0,0,0,0,0,0,0,0,0,0,0,0,0,0,0,0,0,0,0,0,0,0,0,0,0,0,0,0,0,0,0,0,0,0,0,0,0,0,0,0,0,0,0,0,0,0
Kadoka,2012,South Dakota,SD,690,SD03501,SD0350100,46,071,46071,local police department,"cities under 2,500",west north central,non-suburban,0,0,0,0,0,0,0,0,0,0,0,0,0,0,0,0,0,0,0,0,0,0,0,0,0,0,0,0,0,0,0,0,0,0,0,0,0,0,0,0,0,0,0,0,0,0,0,0,0,0,0,0,0,0,0,0,0,0,0,0,0
Jerauld,2012,South Dakota,SD,2108,SD03600,SD0360000,46,073,46073,sheriffs office,"non-msa cnty under 10,000",west north central,non-suburban,0,0,0,0,0,0,0,0,0,0,0,0,0,0,0,0,0,0,0,0,0,0,0,0,0,0,0,0,0,0,0,0,0,0,0,0,0,0,0,0,0,0,0,0,0,0,0,0,0,0,0,0,0,0,0,0,0,0,0,0,0
Madison,2012,South Dakota,SD,6723,SD03901,SD0390100,46,079,46079,local police department,"cities 2,500-9,999",west north central,non-suburban,3,0,3,3,0,0,3,0,3,0,0,0,0,3,0,0,0,0,0,0,0,0,0,0,0,0,0,0,0,0,0,0,0,0,0,0,0,0,0,0,0,0,0,0,0,0,0,0,0,0,0,0,0,0,0,0,0,3,0,0,0
Lawrence,2012,South Dakota,SD,8446,SD04000,SD0400000,46,081,46081,sheriffs office,"non-msa cnty under 10,000",west north central,non-suburban,2,2,0,2,0,2,0,0,0,0,0,0,0,0,0,0,0,0,0,0,0,0,0,1,0,1,0,0,0,0,0,0,0,0,0,0,0,0,0,0,0,0,0,0,0,0,0,0,0,0,0,0,0,2,0,0,0,0,0,0,0
Deadwood,2012,South Dakota,SD,1298,SD04001,SD0400100,46,081,46081,local police department,"cities under 2,500",west north central,non-suburban,2,2,0,2,0,2,0,0,0,0,0,0,0,0,0,0,0,0,0,0,0,0,0,0,0,1,0,0,0,0,1,0,0,0,0,0,0,0,0,0,0,0,0,0,0,0,0,0,0,0,0,0,0,2,0,0,0,0,0,0,0
Lead,2012,South Dakota,SD,3189,SD04002,SD0400200,46,081,46081,local police department,"cities 2,500-9,999",west north central,non-suburban,0,0,0,0,0,0,0,0,0,0,0,0,0,0,0,0,0,0,0,0,0,0,0,0,0,0,0,0,0,0,0,0,0,0,0,0,0,0,0,0,0,0,0,0,0,0,0,0,0,0,0,0,0,0,0,0,0,0,0,0,0
Spearfish,2012,South Dakota,SD,10704,SD04003,SD0400300,46,081,46081,local police department,"cities 10,000-24,999",west north central,non-suburban,2,2,0,2,0,2,0,0,0,0,0,0,0,0,0,0,1,1,0,0,0,0,0,0,0,0,0,0,0,0,0,0,0,0,0,0,0,0,0,0,0,0,0,0,0,0,0,0,0,0,0,0,0,2,0,0,0,0,0,0,0
Lincoln,2012,South Dakota,SD,14271,SD04100,SD0410000,46,083,46083,sheriffs office,"msa cnty 10,000-24,999",west north central,suburban,0,0,0,0,0,0,0,0,0,0,0,0,0,0,0,0,0,0,0,0,0,0,0,0,0,0,0,0,0,0,0,0,0,0,0,0,0,0,0,0,0,0,0,0,0,0,0,0,0,0,0,0,0,0,0,0,0,0,0,0,0
Canton,2012,South Dakota,SD,3224,SD04101,SD0410100,46,083,46083,local police department,"cities 2,500-9,999",west north central,suburban,0,0,0,0,0,0,0,0,0,0,0,0,0,0,0,0,0,0,0,0,0,0,0,0,0,0,0,0,0,0,0,0,0,0,0,0,0,0,0,0,0,0,0,0,0,0,0,0,0,0,0,0,0,0,0,0,0,0,0,0,0
Lennox,2012,South Dakota,SD,2225,SD04102,SD0410200,46,083,46083,local police department,"cities under 2,500",west north central,suburban,1,1,0,1,0,1,0,0,0,0,0,0,0,0,0,0,0,0,0,0,1,0,0,0,0,0,0,0,0,0,0,0,0,0,0,0,0,0,0,0,0,0,0,0,0,0,0,0,0,0,0,0,0,0,0,0,0,0,0,0,0
Tea,2012,South Dakota,SD,4021,SD04105,SD0410500,46,083,46083,local police department,"cities 2,500-9,999",west north central,suburban,1,0,1,1,0,0,1,0,1,0,0,0,0,1,0,0,0,0,0,0,0,0,0,0,0,0,0,0,0,0,0,0,0,0,0,0,0,0,0,0,0,0,0,0,0,0,0,0,0,0,0,0,0,0,0,0,0,1,0,0,0
Mccook,2012,South Dakota,SD,5619,SD04300,SD0430000,46,087,46087,sheriffs office,"msa cnty under 10,000",west north central,suburban,0,0,0,0,0,0,0,0,0,0,0,0,0,0,0,0,0,0,0,0,0,0,0,0,0,0,0,0,0,0,0,0,0,0,0,0,0,0,0,0,0,0,0,0,0,0,0,0,0,0,0,0,0,0,0,0,0,0,0,0,0
Mcpherson,2012,South Dakota,SD,2019,SD04400,SD0440000,46,089,46089,sheriffs office,"non-msa cnty under 10,000",west north central,non-suburban,0,0,0,0,0,0,0,0,0,0,0,0,0,0,0,0,0,0,0,0,0,0,0,0,0,0,0,0,0,0,0,0,0,0,0,0,0,0,0,0,0,0,0,0,0,0,0,0,0,0,0,0,0,0,0,0,0,0,0,0,0
Marshall,2012,South Dakota,SD,4649,SD04500,SD0450000,46,091,46091,sheriffs office,"non-msa cnty under 10,000",west north central,non-suburban,0,0,0,0,0,0,0,0,0,0,0,0,0,0,0,0,0,0,0,0,0,0,0,0,0,0,0,0,0,0,0,0,0,0,0,0,0,0,0,0,0,0,0,0,0,0,0,0,0,0,0,0,0,0,0,0,0,0,0,0,0
Meade,2012,South Dakota,SD,14085,SD04600,SD0460000,46,093,46093,sheriffs office,"msa cnty 10,000-24,999",west north central,suburban,0,0,0,0,0,0,0,0,0,0,0,0,0,0,0,0,0,0,0,0,0,0,0,0,0,0,0,0,0,0,0,0,0,0,0,0,0,0,0,0,0,0,0,0,0,0,0,0,0,0,0,0,0,0,0,0,0,0,0,0,0
Sturgis,2012,South Dakota,SD,6731,SD04601,SD0460100,46,093,46093,local police department,"cities 2,500-9,999",west north central,suburban,0,0,0,0,0,0,0,0,0,0,0,0,0,0,0,0,0,0,0,0,0,0,0,0,0,0,0,0,0,0,0,0,0,0,0,0,0,0,0,0,0,0,0,0,0,0,0,0,0,0,0,0,0,0,0,0,0,0,0,0,0
Faith,2012,South Dakota,SD,429,SD04602,SD0460200,46,093,46093,local police department,"cities under 2,500",west north central,suburban,0,0,0,0,0,0,0,0,0,0,0,0,0,0,0,0,0,0,0,0,0,0,0,0,0,0,0,0,0,0,0,0,0,0,0,0,0,0,0,0,0,0,0,0,0,0,0,0,0,0,0,0,0,0,0,0,0,0,0,0,0
Summerset,2012,South Dakota,SD,1841,SD04603,SD0460300,46,093,46093,local police department,"cities under 2,500",west north central,suburban,1,1,0,1,0,1,0,0,0,0,0,0,0,0,0,0,0,0,0,0,0,0,0,0,1,0,0,0,0,0,0,0,0,0,0,0,0,0,0,0,0,0,0,0,0,0,0,0,0,0,0,0,0,1,0,0,0,0,0,0,0
Mellette,2012,South Dakota,SD,2090,SD04700,SD0470000,46,095,46095,sheriffs office,"non-msa cnty under 10,000",west north central,non-suburban,3,2,1,2,1,1,1,1,1,0,0,0,0,0,1,0,0,0,0,0,1,0,0,0,0,0,0,0,0,0,0,0,0,0,0,0,0,1,0,0,0,0,0,0,0,0,0,0,0,0,0,0,0,0,1,0,0,0,0,0,1
Miner,2012,South Dakota,SD,2386,SD04800,SD0480000,46,097,46097,sheriffs office,"non-msa cnty under 10,000",west north central,non-suburban,0,0,0,0,0,0,0,0,0,0,0,0,0,0,0,0,0,0,0,0,0,0,0,0,0,0,0,0,0,0,0,0,0,0,0,0,0,0,0,0,0,0,0,0,0,0,0,0,0,0,0,0,0,0,0,0,0,0,0,0,0
Minnehaha,2012,South Dakota,SD,28593,SD04900,SD0490000,46,099,46099,sheriffs office,"msa cnty 25,000-99,999",west north central,suburban,1,1,0,1,0,1,0,0,0,0,0,0,0,0,0,0,0,1,0,0,0,0,0,0,0,0,0,0,0,0,0,0,0,0,0,0,0,0,0,0,0,0,0,0,0,0,0,0,0,0,0,0,0,1,0,0,0,0,0,0,0
Sioux Falls,2012,South Dakota,SD,158354,SD04902,SD0490200,46,099,46099,local police department,"cities 100,000-249,999",west north central,non-suburban,42,22,20,39,3,21,18,1,18,0,1,2,3,7,5,4,3,2,4,0,0,1,1,3,1,1,0,0,1,0,0,0,0,0,2,0,0,0,0,0,0,0,0,0,1,0,0,0,0,0,0,0,0,13,2,0,7,7,0,1,12
Brandon,2012,South Dakota,SD,9008,SD04903,SD0490300,46,099,46099,local police department,"cities 2,500-9,999",west north central,suburban,0,0,0,0,0,0,0,0,0,0,0,0,0,0,0,0,0,0,0,0,0,0,0,0,0,0,0,0,0,0,0,0,0,0,0,0,0,0,0,0,0,0,0,0,0,0,0,0,0,0,0,0,0,0,0,0,0,0,0,0,0
Moody,2012,South Dakota,SD,4185,SD05000,SD0500000,46,101,46101,sheriffs office,"non-msa cnty under 10,000",west north central,non-suburban,0,0,0,0,0,0,0,0,0,0,0,0,0,0,0,0,0,0,0,0,0,0,0,0,0,0,0,0,0,0,0,0,0,0,0,0,0,0,0,0,0,0,0,0,0,0,0,0,0,0,0,0,0,0,0,0,0,0,0,0,0
Flandreau,2012,South Dakota,SD,2363,SD05001,SD0500100,46,101,46101,local police department,"cities under 2,500",west north central,non-suburban,1,1,0,1,0,1,0,0,0,0,0,0,0,0,0,0,0,0,0,0,0,1,0,0,0,0,0,0,0,0,0,0,0,0,0,0,0,0,0,0,0,0,0,0,0,0,0,0,0,0,0,0,0,0,0,0,1,0,0,0,0
Pennington,2012,South Dakota,SD,28743,SD05100,SD0510000,46,103,46103,sheriffs office,"msa cnty 25,000-99,999",west north central,suburban,2,1,1,2,0,1,1,0,1,0,0,0,0,1,0,0,0,0,1,0,0,0,0,0,0,0,0,0,0,0,0,0,0,0,0,0,0,0,0,0,0,0,0,0,0,0,0,0,0,0,0,0,0,0,0,0,1,0,0,0,1
Rapid City,2012,South Dakota,SD,69979,SD05101,SD0510100,46,103,46103,local police department,"cities 50,000-99,999",west north central,non-suburban,22,11,11,21,1,10,11,1,11,0,2,2,1,2,4,2,0,0,1,0,0,1,2,1,3,0,0,0,0,0,0,0,0,0,0,0,0,0,0,0,0,0,0,0,0,0,0,0,1,0,0,0,0,1,0,0,10,4,1,0,6
Box Elder,2012,South Dakota,SD,7997,SD05103,SD0510300,46,103,46103,local police department,"cities 2,500-9,999",west north central,suburban,2,1,1,2,0,1,1,0,1,0,0,0,1,0,0,0,0,0,0,0,0,1,0,0,0,0,0,0,0,0,0,0,0,0,0,0,0,0,0,0,0,0,0,0,0,0,0,0,0,0,0,0,0,1,0,0,0,0,0,0,1
Perkins,2012,South Dakota,SD,1788,SD05200,SD0520000,46,105,46105,sheriffs office,"non-msa cnty under 10,000",west north central,non-suburban,0,0,0,0,0,0,0,0,0,0,0,0,0,0,0,0,0,0,0,0,0,0,0,0,0,0,0,0,0,0,0,0,0,0,0,0,0,0,0,0,0,0,0,0,0,0,0,0,0,0,0,0,0,0,0,0,0,0,0,0,0
Potter,2012,South Dakota,SD,781,SD05300,SD0530000,46,107,46107,sheriffs office,"non-msa cnty under 10,000",west north central,non-suburban,0,0,0,0,0,0,0,0,0,0,0,0,0,0,0,0,0,0,0,0,0,0,0,0,0,0,0,0,0,0,0,0,0,0,0,0,0,0,0,0,0,0,0,0,0,0,0,0,0,0,0,0,0,0,0,0,0,0,0,0,0
Gettysburg,2012,South Dakota,SD,1192,SD05301,SD0530100,46,107,46107,local police department,"cities under 2,500",west north central,non-suburban,1,1,0,1,0,1,0,0,0,0,0,0,0,0,0,0,0,0,0,0,0,0,0,0,0,0,0,1,0,0,0,0,0,0,0,0,0,0,0,0,0,0,0,0,0,0,0,0,0,0,0,0,0,1,0,0,0,0,0,0,0
Roberts,2012,South Dakota,SD,6934,SD05400,SD0540000,46,109,46109,sheriffs office,"non-msa cnty under 10,000",west north central,non-suburban,4,1,3,4,0,1,3,0,3,0,0,0,0,3,0,0,0,0,0,0,0,0,0,0,1,0,0,0,0,0,0,0,0,0,0,0,0,0,0,0,0,0,0,0,0,0,0,0,0,0,0,0,0,1,0,0,0,1,0,0,1
Sisseton,2012,South Dakota,SD,2530,SD05401,SD0540100,46,109,46109,local police department,"cities 2,500-9,999",west north central,non-suburban,3,2,1,1,2,1,0,1,0,0,0,0,0,0,0,0,0,0,0,0,0,0,0,0,1,0,0,0,0,0,0,0,0,0,0,1,0,0,0,1,0,0,0,0,0,0,0,0,0,0,0,0,0,0,0,0,2,1,0,0,0
Spink,2012,South Dakota,SD,6543,SD05700,SD0570000,46,115,46115,sheriffs office,"non-msa cnty under 10,000",west north central,non-suburban,2,2,0,2,0,2,0,0,0,0,0,0,0,0,0,1,1,0,0,0,0,0,0,0,0,0,0,0,0,0,0,0,0,0,0,0,0,0,0,0,0,0,0,0,0,0,0,0,0,0,0,0,0,2,0,0,0,0,0,0,0
Stanley,2012,South Dakota,SD,3036,SD05800,SD0580000,46,117,46117,sheriffs office,"non-msa cnty under 10,000",west north central,non-suburban,0,0,0,0,0,0,0,0,0,0,0,0,0,0,0,0,0,0,0,0,0,0,0,0,0,0,0,0,0,0,0,0,0,0,0,0,0,0,0,0,0,0,0,0,0,0,0,0,0,0,0,0,0,0,0,0,0,0,0,0,0
Tripp,2012,South Dakota,SD,2764,SD06100,SD0610000,46,123,46123,sheriffs office,"non-msa cnty under 10,000",west north central,non-suburban,0,0,0,0,0,0,0,0,0,0,0,0,0,0,0,0,0,0,0,0,0,0,0,0,0,0,0,0,0,0,0,0,0,0,0,0,0,0,0,0,0,0,0,0,0,0,0,0,0,0,0,0,0,0,0,0,0,0,0,0,0
Winner,2012,South Dakota,SD,2914,SD06101,SD0610100,46,123,46123,local police department,"cities 2,500-9,999",west north central,non-suburban,2,2,0,1,1,1,0,1,0,0,0,0,0,0,0,0,0,0,0,0,0,0,0,0,0,0,1,0,0,0,0,0,0,0,0,0,0,0,0,1,0,0,0,0,0,0,0,0,0,0,0,0,0,0,0,0,2,0,0,0,0
Turner,2012,South Dakota,SD,6510,SD06200,SD0620000,46,125,46125,sheriffs office,"msa cnty under 10,000",west north central,suburban,4,2,2,4,0,2,2,0,2,0,0,0,0,2,0,0,0,2,0,0,0,0,0,0,0,0,0,0,0,0,0,0,0,0,0,0,0,0,0,0,0,0,0,0,0,0,0,0,0,0,0,0,0,2,0,0,0,2,0,0,0
Union,2012,South Dakota,SD,7101,SD06300,SD0630000,46,127,46127,sheriffs office,"msa cnty under 10,000",west north central,suburban,0,0,0,0,0,0,0,0,0,0,0,0,0,0,0,0,0,0,0,0,0,0,0,0,0,0,0,0,0,0,0,0,0,0,0,0,0,0,0,0,0,0,0,0,0,0,0,0,0,0,0,0,0,0,0,0,0,0,0,0,0
Beresford,2012,South Dakota,SD,2072,SD06301,SD0630100,46,127,46127,local police department,"cities under 2,500",west north central,suburban,1,1,0,0,1,0,0,1,0,0,0,0,0,0,0,0,0,0,0,0,0,0,0,0,0,0,0,0,0,0,0,0,0,0,0,0,0,0,0,0,0,0,0,0,0,1,0,0,0,0,0,0,0,0,0,0,0,0,0,0,0
Jefferson,2012,South Dakota,SD,562,SD06304,SD0630400,46,127,46127,local police department,"cities under 2,500",west north central,suburban,0,0,0,0,0,0,0,0,0,0,0,0,0,0,0,0,0,0,0,0,0,0,0,0,0,0,0,0,0,0,0,0,0,0,0,0,0,0,0,0,0,0,0,0,0,0,0,0,0,0,0,0,0,0,0,0,0,0,0,0,0
North Sioux City,2012,South Dakota,SD,2604,SD06305,SD0630500,46,127,46127,local police department,"cities 2,500-9,999",west north central,suburban,0,0,0,0,0,0,0,0,0,0,0,0,0,0,0,0,0,0,0,0,0,0,0,0,0,0,0,0,0,0,0,0,0,0,0,0,0,0,0,0,0,0,0,0,0,0,0,0,0,0,0,0,0,0,0,0,0,0,0,0,0
Walworth,2012,South Dakota,SD,1381,SD06400,SD0640000,46,129,46129,sheriffs office,"non-msa cnty under 10,000",west north central,non-suburban,0,0,0,0,0,0,0,0,0,0,0,0,0,0,0,0,0,0,0,0,0,0,0,0,0,0,0,0,0,0,0,0,0,0,0,0,0,0,0,0,0,0,0,0,0,0,0,0,0,0,0,0,0,0,0,0,0,0,0,0,0
Mobridge,2012,South Dakota,SD,3593,SD06401,SD0640100,46,129,46129,local police department,"cities 2,500-9,999",west north central,non-suburban,1,1,0,1,0,1,0,0,0,0,0,0,0,0,0,0,0,0,0,0,0,0,1,0,0,0,0,0,0,0,0,0,0,0,0,0,0,0,0,0,0,0,0,0,0,0,0,0,0,0,0,0,0,0,0,0,0,0,0,0,0
Selby,2012,South Dakota,SD,664,SD06404,SD0640400,46,129,46129,local police department,"cities under 2,500",west north central,non-suburban,0,0,0,0,0,0,0,0,0,0,0,0,0,0,0,0,0,0,0,0,0,0,0,0,0,0,0,0,0,0,0,0,0,0,0,0,0,0,0,0,0,0,0,0,0,0,0,0,0,0,0,0,0,0,0,0,0,0,0,0,0
Yankton,2012,South Dakota,SD,8136,SD06600,SD0660000,46,135,46135,sheriffs office,"non-msa cnty under 10,000",west north central,non-suburban,4,2,2,3,1,1,2,1,2,0,0,0,1,0,1,0,0,0,0,0,1,0,0,0,0,0,0,0,0,0,0,0,0,0,0,0,0,0,0,0,0,0,0,0,0,0,1,0,0,0,0,0,0,1,0,0,0,2,0,0,0
Yankton,2012,South Dakota,SD,14728,SD06601,SD0660100,46,135,46135,local police department,"cities 10,000-24,999",west north central,non-suburban,5,4,1,5,0,4,1,0,1,0,0,0,0,0,1,0,1,1,1,0,0,0,0,1,0,0,0,0,0,0,0,0,0,0,0,0,0,0,0,0,0,0,0,0,0,0,0,0,0,0,0,0,0,2,0,0,1,1,0,0,0
Div Of Criminal Invest,2012,South Dakota,SD,0,SDDCI00,SDDCI0000,46,065,46065,special jurisdiction,non-msa state police,west north central,non-suburban,0,0,0,0,0,0,0,0,0,0,0,0,0,0,0,0,0,0,0,0,0,0,0,0,0,0,0,0,0,0,0,0,0,0,0,0,0,0,0,0,0,0,0,0,0,0,0,0,0,0,0,0,0,0,0,0,0,0,0,0,0
Aurora,2013,South Dakota,SD,2774,SD00100,SD0010000,46,003,46003,sheriffs office,"non-msa cnty under 10,000",west north central,non-suburban,0,0,0,0,0,0,0,0,0,0,0,0,0,0,0,0,0,0,0,0,0,0,0,0,0,0,0,0,0,0,0,0,0,0,0,0,0,0,0,0,0,0,0,0,0,0,0,0,0,0,0,0,0,0,0,0,0,0,0,0,0
Beadle,2013,South Dakota,SD,5032,SD00200,SD0020000,46,005,46005,sheriffs office,"non-msa cnty under 10,000",west north central,non-suburban,1,1,0,1,0,1,0,0,0,0,0,0,0,0,0,0,0,0,0,0,0,0,0,0,0,0,1,0,0,0,0,0,0,0,0,0,0,0,0,0,0,0,0,0,0,0,0,0,0,0,0,0,0,1,0,0,0,0,0,0,0
Huron,2013,South Dakota,SD,12956,SD00201,SD0020100,46,005,46005,local police department,"cities 10,000-24,999",west north central,non-suburban,3,3,0,3,0,3,0,0,0,0,0,0,0,0,0,1,0,0,0,0,0,0,1,0,0,0,1,0,0,0,0,0,0,0,0,0,0,0,0,0,0,0,0,0,0,0,0,0,0,0,0,0,0,3,0,0,0,0,0,0,0
Bennett,2013,South Dakota,SD,2385,SD00300,SD0030000,46,007,46007,sheriffs office,"non-msa cnty under 10,000",west north central,non-suburban,0,0,0,0,0,0,0,0,0,0,0,0,0,0,0,0,0,0,0,0,0,0,0,0,0,0,0,0,0,0,0,0,0,0,0,0,0,0,0,0,0,0,0,0,0,0,0,0,0,0,0,0,0,0,0,0,0,0,0,0,0
Martin,2013,South Dakota,SD,1071,SD00301,SD0030100,46,007,46007,local police department,"cities under 2,500",west north central,non-suburban,0,0,0,0,0,0,0,0,0,0,0,0,0,0,0,0,0,0,0,0,0,0,0,0,0,0,0,0,0,0,0,0,0,0,0,0,0,0,0,0,0,0,0,0,0,0,0,0,0,0,0,0,0,0,0,0,0,0,0,0,0
Bon Homme,2013,South Dakota,SD,2620,SD00400,SD0040000,46,009,46009,sheriffs office,"non-msa cnty under 10,000",west north central,non-suburban,0,0,0,0,0,0,0,0,0,0,0,0,0,0,0,0,0,0,0,0,0,0,0,0,0,0,0,0,0,0,0,0,0,0,0,0,0,0,0,0,0,0,0,0,0,0,0,0,0,0,0,0,0,0,0,0,0,0,0,0,0
Brookings,2013,South Dakota,SD,10313,SD00500,SD0050000,46,011,46011,sheriffs office,"non-msa cnty 10,000-24,999",west north central,non-suburban,1,1,0,1,0,1,0,0,0,0,0,0,0,0,0,1,0,0,0,0,0,0,0,0,0,0,0,0,0,0,0,0,0,0,0,0,0,0,0,0,0,0,0,0,0,0,0,0,0,0,0,0,0,1,0,0,0,0,0,0,0
Brookings,2013,South Dakota,SD,22741,SD00501,SD0050100,46,011,46011,local police department,"cities 10,000-24,999",west north central,non-suburban,6,5,1,5,1,5,0,0,0,0,0,0,0,0,0,1,0,1,1,1,1,0,0,0,0,0,0,0,0,0,0,0,0,0,0,1,0,0,0,0,0,0,0,0,0,0,0,0,0,0,0,0,0,4,0,0,0,0,0,1,0
Brown,2013,South Dakota,SD,9336,SD00600,SD0060000,46,013,46013,sheriffs office,"non-msa cnty under 10,000",west north central,non-suburban,0,0,0,0,0,0,0,0,0,0,0,0,0,0,0,0,0,0,0,0,0,0,0,0,0,0,0,0,0,0,0,0,0,0,0,0,0,0,0,0,0,0,0,0,0,0,0,0,0,0,0,0,0,0,0,0,0,0,0,0,0
Aberdeen,2013,South Dakota,SD,26999,SD00601,SD0060100,46,013,46013,local police department,"cities 25,000-49,999",west north central,non-suburban,2,2,0,2,0,2,0,0,0,0,0,0,0,0,0,0,0,0,0,0,0,0,0,1,0,0,1,0,0,0,0,0,0,0,0,0,0,0,0,0,0,0,0,0,0,0,0,0,0,0,0,0,0,0,1,0,1,0,0,0,0
Chamberlain,2013,South Dakota,SD,2405,SD00701,SD0070100,46,015,46015,local police department,"cities under 2,500",west north central,non-suburban,0,0,0,0,0,0,0,0,0,0,0,0,0,0,0,0,0,0,0,0,0,0,0,0,0,0,0,0,0,0,0,0,0,0,0,0,0,0,0,0,0,0,0,0,0,0,0,0,0,0,0,0,0,0,0,0,0,0,0,0,0
Butte,2013,South Dakota,SD,4656,SD00900,SD0090000,46,019,46019,sheriffs office,"non-msa cnty under 10,000",west north central,non-suburban,2,2,0,1,1,1,0,1,0,0,0,0,0,0,0,0,0,0,0,0,0,0,0,1,0,0,0,0,0,0,0,0,0,0,0,0,0,0,0,0,0,0,0,0,1,0,0,0,0,0,0,0,0,2,0,0,0,0,0,0,0
Belle Fourche,2013,South Dakota,SD,5676,SD00901,SD0090100,46,019,46019,local police department,"cities 2,500-9,999",west north central,non-suburban,2,2,0,2,0,2,0,0,0,0,0,0,0,0,0,0,1,0,0,0,0,0,1,0,0,0,0,0,0,0,0,0,0,0,0,0,0,0,0,0,0,0,0,0,0,0,0,0,0,0,0,0,0,1,0,0,1,0,0,0,0
Charles Mix,2013,South Dakota,SD,6487,SD01100,SD0110000,46,023,46023,sheriffs office,"non-msa cnty under 10,000",west north central,non-suburban,1,1,0,1,0,1,0,0,0,0,0,0,0,0,0,0,0,0,0,0,0,0,0,0,0,0,1,0,0,0,0,0,0,0,0,0,0,0,0,0,0,0,0,0,0,0,0,0,0,0,0,0,0,1,0,0,0,0,0,0,0
Wagner,2013,South Dakota,SD,1575,SD01103,SD0110300,46,023,46023,local police department,"cities under 2,500",west north central,non-suburban,0,0,0,0,0,0,0,0,0,0,0,0,0,0,0,0,0,0,0,0,0,0,0,0,0,0,0,0,0,0,0,0,0,0,0,0,0,0,0,0,0,0,0,0,0,0,0,0,0,0,0,0,0,0,0,0,0,0,0,0,0
Clark,2013,South Dakota,SD,2528,SD01200,SD0120000,46,025,46025,sheriffs office,"non-msa cnty under 10,000",west north central,non-suburban,0,0,0,0,0,0,0,0,0,0,0,0,0,0,0,0,0,0,0,0,0,0,0,0,0,0,0,0,0,0,0,0,0,0,0,0,0,0,0,0,0,0,0,0,0,0,0,0,0,0,0,0,0,0,0,0,0,0,0,0,0
Clark,2013,South Dakota,SD,1045,SD01201,SD0120100,46,025,46025,local police department,"cities under 2,500",west north central,non-suburban,0,0,0,0,0,0,0,0,0,0,0,0,0,0,0,0,0,0,0,0,0,0,0,0,0,0,0,0,0,0,0,0,0,0,0,0,0,0,0,0,0,0,0,0,0,0,0,0,0,0,0,0,0,0,0,0,0,0,0,0,0
Clay,2013,South Dakota,SD,3240,SD01300,SD0130000,46,027,46027,sheriffs office,"non-msa cnty under 10,000",west north central,non-suburban,0,0,0,0,0,0,0,0,0,0,0,0,0,0,0,0,0,0,0,0,0,0,0,0,0,0,0,0,0,0,0,0,0,0,0,0,0,0,0,0,0,0,0,0,0,0,0,0,0,0,0,0,0,0,0,0,0,0,0,0,0
Vermillion,2013,South Dakota,SD,10892,SD01301,SD0130100,46,027,46027,local police department,"cities 10,000-24,999",west north central,non-suburban,0,0,0,0,0,0,0,0,0,0,0,0,0,0,0,0,0,0,0,0,0,0,0,0,0,0,0,0,0,0,0,0,0,0,0,0,0,0,0,0,0,0,0,0,0,0,0,0,0,0,0,0,0,0,0,0,0,0,0,0,0
Codington,2013,South Dakota,SD,6022,SD01400,SD0140000,46,029,46029,sheriffs office,"non-msa cnty under 10,000",west north central,non-suburban,0,0,0,0,0,0,0,0,0,0,0,0,0,0,0,0,0,0,0,0,0,0,0,0,0,0,0,0,0,0,0,0,0,0,0,0,0,0,0,0,0,0,0,0,0,0,0,0,0,0,0,0,0,0,0,0,0,0,0,0,0
Watertown,2013,South Dakota,SD,21900,SD01401,SD0140100,46,029,46029,local police department,"cities 10,000-24,999",west north central,non-suburban,8,8,0,8,0,8,0,0,0,0,0,0,0,0,0,0,0,1,2,0,0,1,1,2,0,0,0,1,0,0,0,0,0,0,0,0,0,0,0,0,0,0,0,0,0,0,0,0,0,0,0,0,0,5,0,0,3,0,0,0,0
Corson,2013,South Dakota,SD,4106,SD01500,SD0150000,46,031,46031,sheriffs office,"non-msa cnty under 10,000",west north central,non-suburban,1,1,0,1,0,1,0,0,0,0,0,0,0,0,0,0,0,0,0,0,0,0,0,1,0,0,0,0,0,0,0,0,0,0,0,0,0,0,0,0,0,0,0,0,0,0,0,0,0,0,0,0,0,1,0,0,0,0,0,0,0
Custer,2013,South Dakota,SD,8025,SD01600,SD0160000,46,033,46033,sheriffs office,"msa cnty under 10,000",west north central,suburban,0,0,0,0,0,0,0,0,0,0,0,0,0,0,0,0,0,0,0,0,0,0,0,0,0,0,0,0,0,0,0,0,0,0,0,0,0,0,0,0,0,0,0,0,0,0,0,0,0,0,0,0,0,0,0,0,0,0,0,0,0
Davison,2013,South Dakota,SD,4435,SD01700,SD0170000,46,035,46035,sheriffs office,"non-msa cnty under 10,000",west north central,non-suburban,0,0,0,0,0,0,0,0,0,0,0,0,0,0,0,0,0,0,0,0,0,0,0,0,0,0,0,0,0,0,0,0,0,0,0,0,0,0,0,0,0,0,0,0,0,0,0,0,0,0,0,0,0,0,0,0,0,0,0,0,0
Mitchell,2013,South Dakota,SD,15555,SD01701,SD0170100,46,035,46035,local police department,"cities 10,000-24,999",west north central,non-suburban,11,6,5,8,3,4,4,2,4,0,0,1,0,1,2,1,0,1,1,1,0,0,0,0,0,0,0,0,0,0,0,0,1,0,0,0,0,0,0,0,0,0,0,0,2,0,0,0,0,0,0,0,0,3,0,0,3,3,0,0,2
Deuel,2013,South Dakota,SD,4420,SD01900,SD0190000,46,039,46039,sheriffs office,"non-msa cnty under 10,000",west north central,non-suburban,1,1,0,1,0,1,0,0,0,0,0,0,0,0,0,0,0,0,0,1,0,0,0,0,0,0,0,0,0,0,0,0,0,0,0,0,0,0,0,0,0,0,0,0,0,0,0,0,0,0,0,0,0,1,0,0,0,0,0,0,0
Dewey,2013,South Dakota,SD,5098,SD02000,SD0200000,46,041,46041,sheriffs office,"non-msa cnty under 10,000",west north central,non-suburban,0,0,0,0,0,0,0,0,0,0,0,0,0,0,0,0,0,0,0,0,0,0,0,0,0,0,0,0,0,0,0,0,0,0,0,0,0,0,0,0,0,0,0,0,0,0,0,0,0,0,0,0,0,0,0,0,0,0,0,0,0
Douglas,2013,South Dakota,SD,2985,SD02100,SD0210000,46,043,46043,sheriffs office,"non-msa cnty under 10,000",west north central,non-suburban,0,0,0,0,0,0,0,0,0,0,0,0,0,0,0,0,0,0,0,0,0,0,0,0,0,0,0,0,0,0,0,0,0,0,0,0,0,0,0,0,0,0,0,0,0,0,0,0,0,0,0,0,0,0,0,0,0,0,0,0,0
Hot Springs,2013,South Dakota,SD,3541,SD02302,SD0230200,46,047,46047,local police department,"cities 2,500-9,999",west north central,non-suburban,4,0,4,4,0,0,4,0,4,0,0,2,0,1,1,0,0,0,0,0,0,0,0,0,0,0,0,0,0,0,0,0,0,0,0,0,0,0,0,0,0,0,0,0,0,0,0,0,0,0,0,0,0,0,0,0,0,3,0,0,1
Hamlin,2013,South Dakota,SD,5201,SD02800,SD0280000,46,057,46057,sheriffs office,"non-msa cnty under 10,000",west north central,non-suburban,0,0,0,0,0,0,0,0,0,0,0,0,0,0,0,0,0,0,0,0,0,0,0,0,0,0,0,0,0,0,0,0,0,0,0,0,0,0,0,0,0,0,0,0,0,0,0,0,0,0,0,0,0,0,0,0,0,0,0,0,0
Miller,2013,South Dakota,SD,1460,SD02901,SD0290100,46,059,46059,local police department,"cities under 2,500",west north central,non-suburban,1,1,0,1,0,1,0,0,0,0,0,0,0,0,0,0,1,0,0,0,0,0,0,0,0,0,0,0,0,0,0,0,0,0,0,0,0,0,0,0,0,0,0,0,0,0,0,0,0,0,0,0,0,1,0,0,0,0,0,0,0
Hanson,2013,South Dakota,SD,3414,SD03000,SD0300000,46,061,46061,sheriffs office,"non-msa cnty under 10,000",west north central,non-suburban,0,0,0,0,0,0,0,0,0,0,0,0,0,0,0,0,0,0,0,0,0,0,0,0,0,0,0,0,0,0,0,0,0,0,0,0,0,0,0,0,0,0,0,0,0,0,0,0,0,0,0,0,0,0,0,0,0,0,0,0,0
Hughes,2013,South Dakota,SD,3706,SD03200,SD0320000,46,065,46065,sheriffs office,"non-msa cnty under 10,000",west north central,non-suburban,2,2,0,2,0,2,0,0,0,0,0,0,0,0,0,0,2,0,0,0,0,0,0,0,0,0,0,0,0,0,0,0,0,0,0,0,0,0,0,0,0,0,0,0,0,0,0,0,0,0,0,0,0,2,0,0,0,0,0,0,0
Pierre,2013,South Dakota,SD,13996,SD03201,SD0320100,46,065,46065,local police department,"cities 10,000-24,999",west north central,non-suburban,2,2,0,1,1,1,0,1,0,0,0,0,0,0,0,0,0,0,1,0,0,0,0,0,0,0,0,0,0,0,0,0,0,0,0,0,0,0,0,0,0,0,0,0,0,1,0,0,0,0,0,0,0,1,0,0,1,0,0,0,0
Highway Patrol,2013,South Dakota,SD,0,SD03299,NA,NA,NA,NA,NA,non-msa state police,west north central,non-suburban,12,10,2,10,2,8,2,2,2,0,0,0,0,1,1,2,1,0,1,0,0,0,1,3,0,0,0,0,0,0,0,0,0,0,0,0,0,0,0,0,0,0,0,0,0,1,1,0,0,0,0,0,0,3,1,0,2,0,0,0,2
Hutchinson,2013,South Dakota,SD,3243,SD03300,SD0330000,46,067,46067,sheriffs office,"non-msa cnty under 10,000",west north central,non-suburban,0,0,0,0,0,0,0,0,0,0,0,0,0,0,0,0,0,0,0,0,0,0,0,0,0,0,0,0,0,0,0,0,0,0,0,0,0,0,0,0,0,0,0,0,0,0,0,0,0,0,0,0,0,0,0,0,0,0,0,0,0
Freeman,2013,South Dakota,SD,1260,SD03301,SD0330100,46,067,46067,local police department,"cities under 2,500",west north central,non-suburban,1,1,0,1,0,1,0,0,0,0,0,0,0,0,0,0,0,0,1,0,0,0,0,0,0,0,0,0,0,0,0,0,0,0,0,0,0,0,0,0,0,0,0,0,0,0,0,0,0,0,0,0,0,1,0,0,0,0,0,0,0
Parkston,2013,South Dakota,SD,1471,SD03302,SD0330200,46,067,46067,local police department,"cities under 2,500",west north central,non-suburban,0,0,0,0,0,0,0,0,0,0,0,0,0,0,0,0,0,0,0,0,0,0,0,0,0,0,0,0,0,0,0,0,0,0,0,0,0,0,0,0,0,0,0,0,0,0,0,0,0,0,0,0,0,0,0,0,0,0,0,0,0
Madison,2013,South Dakota,SD,6904,SD03901,SD0390100,46,079,46079,local police department,"cities 2,500-9,999",west north central,non-suburban,2,0,2,2,0,0,2,0,2,0,2,0,0,0,0,0,0,0,0,0,0,0,0,0,0,0,0,0,0,0,0,0,0,0,0,0,0,0,0,0,0,0,0,0,0,0,0,0,0,0,0,0,0,0,0,0,0,2,0,0,0
Deadwood,2013,South Dakota,SD,1260,SD04001,SD0400100,46,081,46081,local police department,"cities under 2,500",west north central,non-suburban,1,1,0,1,0,1,0,0,0,0,0,0,0,0,0,0,1,0,0,0,0,0,0,0,0,0,0,0,0,0,0,0,0,0,0,0,0,0,0,0,0,0,0,0,0,0,0,0,0,0,0,0,0,0,0,0,1,0,0,0,0
Lead,2013,South Dakota,SD,3076,SD04002,SD0400200,46,081,46081,local police department,"cities 2,500-9,999",west north central,non-suburban,0,0,0,0,0,0,0,0,0,0,0,0,0,0,0,0,0,0,0,0,0,0,0,0,0,0,0,0,0,0,0,0,0,0,0,0,0,0,0,0,0,0,0,0,0,0,0,0,0,0,0,0,0,0,0,0,0,0,0,0,0
Spearfish,2013,South Dakota,SD,10778,SD04003,SD0400300,46,081,46081,local police department,"cities 10,000-24,999",west north central,non-suburban,3,2,1,2,1,2,0,0,0,0,0,0,0,0,0,0,1,0,0,0,0,0,0,1,0,0,0,0,0,0,0,0,0,1,0,0,0,0,0,0,0,0,0,0,0,0,0,0,0,0,0,0,0,2,0,0,0,1,0,0,0
Lincoln,2013,South Dakota,SD,15307,SD04100,SD0410000,46,083,46083,sheriffs office,"msa cnty 10,000-24,999",west north central,suburban,1,0,1,1,0,0,1,0,1,0,0,0,0,1,0,0,0,0,0,0,0,0,0,0,0,0,0,0,0,0,0,0,0,0,0,0,0,0,0,0,0,0,0,0,0,0,0,0,0,0,0,0,0,0,0,0,0,1,0,0,0
Canton,2013,South Dakota,SD,3268,SD04101,SD0410100,46,083,46083,local police department,"cities 2,500-9,999",west north central,suburban,0,0,0,0,0,0,0,0,0,0,0,0,0,0,0,0,0,0,0,0,0,0,0,0,0,0,0,0,0,0,0,0,0,0,0,0,0,0,0,0,0,0,0,0,0,0,0,0,0,0,0,0,0,0,0,0,0,0,0,0,0
Lennox,2013,South Dakota,SD,2229,SD04102,SD0410200,46,083,46083,local police department,"cities under 2,500",west north central,suburban,0,0,0,0,0,0,0,0,0,0,0,0,0,0,0,0,0,0,0,0,0,0,0,0,0,0,0,0,0,0,0,0,0,0,0,0,0,0,0,0,0,0,0,0,0,0,0,0,0,0,0,0,0,0,0,0,0,0,0,0,0
Tea,2013,South Dakota,SD,4459,SD04105,SD0410500,46,083,46083,local police department,"cities 2,500-9,999",west north central,suburban,4,3,1,3,1,3,0,0,0,0,0,0,0,0,0,0,1,0,0,0,0,0,0,0,1,0,1,0,0,0,0,0,0,0,1,0,0,0,0,0,0,0,0,0,0,0,0,0,0,0,0,0,0,2,0,0,1,1,0,0,0
Mccook,2013,South Dakota,SD,5649,SD04300,SD0430000,46,087,46087,sheriffs office,"msa cnty under 10,000",west north central,suburban,0,0,0,0,0,0,0,0,0,0,0,0,0,0,0,0,0,0,0,0,0,0,0,0,0,0,0,0,0,0,0,0,0,0,0,0,0,0,0,0,0,0,0,0,0,0,0,0,0,0,0,0,0,0,0,0,0,0,0,0,0
Mcpherson,2013,South Dakota,SD,2e3,SD04400,SD0440000,46,089,46089,sheriffs office,"non-msa cnty under 10,000",west north central,non-suburban,0,0,0,0,0,0,0,0,0,0,0,0,0,0,0,0,0,0,0,0,0,0,0,0,0,0,0,0,0,0,0,0,0,0,0,0,0,0,0,0,0,0,0,0,0,0,0,0,0,0,0,0,0,0,0,0,0,0,0,0,0
Marshall,2013,South Dakota,SD,4711,SD04500,SD0450000,46,091,46091,sheriffs office,"non-msa cnty under 10,000",west north central,non-suburban,1,0,1,1,0,0,1,0,1,0,1,0,0,0,0,0,0,0,0,0,0,0,0,0,0,0,0,0,0,0,0,0,0,0,0,0,0,0,0,0,0,0,0,0,0,0,0,0,0,0,0,0,0,0,0,0,0,0,1,0,0
Meade,2013,South Dakota,SD,14395,SD04600,SD0460000,46,093,46093,sheriffs office,"msa cnty 10,000-24,999",west north central,suburban,0,0,0,0,0,0,0,0,0,0,0,0,0,0,0,0,0,0,0,0,0,0,0,0,0,0,0,0,0,0,0,0,0,0,0,0,0,0,0,0,0,0,0,0,0,0,0,0,0,0,0,0,0,0,0,0,0,0,0,0,0
Sturgis,2013,South Dakota,SD,6652,SD04601,SD0460100,46,093,46093,local police department,"cities 2,500-9,999",west north central,suburban,9,2,7,7,2,2,4,0,4,1,0,2,1,1,0,0,1,0,0,0,0,0,0,1,0,0,0,0,0,0,0,0,0,1,0,1,0,0,0,0,0,0,0,0,0,0,0,0,0,0,0,0,0,1,0,0,1,6,0,0,1
Summerset,2013,South Dakota,SD,1923,SD04603,SD0460300,46,093,46093,local police department,"cities under 2,500",west north central,suburban,0,0,0,0,0,0,0,0,0,0,0,0,0,0,0,0,0,0,0,0,0,0,0,0,0,0,0,0,0,0,0,0,0,0,0,0,0,0,0,0,0,0,0,0,0,0,0,0,0,0,0,0,0,0,0,0,0,0,0,0,0
Mellette,2013,South Dakota,SD,2136,SD04700,SD0470000,46,095,46095,sheriffs office,"non-msa cnty under 10,000",west north central,non-suburban,0,0,0,0,0,0,0,0,0,0,0,0,0,0,0,0,0,0,0,0,0,0,0,0,0,0,0,0,0,0,0,0,0,0,0,0,0,0,0,0,0,0,0,0,0,0,0,0,0,0,0,0,0,0,0,0,0,0,0,0,0
Miner,2013,South Dakota,SD,2325,SD04800,SD0480000,46,097,46097,sheriffs office,"non-msa cnty under 10,000",west north central,non-suburban,0,0,0,0,0,0,0,0,0,0,0,0,0,0,0,0,0,0,0,0,0,0,0,0,0,0,0,0,0,0,0,0,0,0,0,0,0,0,0,0,0,0,0,0,0,0,0,0,0,0,0,0,0,0,0,0,0,0,0,0,0
Minnehaha,2013,South Dakota,SD,29925,SD04900,SD0490000,46,099,46099,sheriffs office,"msa cnty 25,000-99,999",west north central,suburban,1,1,0,1,0,1,0,0,0,0,0,0,0,0,0,0,0,0,0,0,0,0,0,0,0,1,0,0,0,0,0,0,0,0,0,0,0,0,0,0,0,0,0,0,0,0,0,0,0,0,0,0,0,0,0,0,1,0,0,0,0
Sioux Falls,2013,South Dakota,SD,161754,SD04902,SD0490200,46,099,46099,local police department,"cities 100,000-249,999",west north central,non-suburban,53,32,21,43,10,26,17,6,17,0,1,7,4,3,2,1,2,1,3,1,2,1,3,5,2,1,2,2,0,0,0,0,0,2,1,1,0,0,0,0,0,1,0,0,2,2,0,1,0,0,0,0,0,15,5,1,11,7,1,0,13
Brandon,2013,South Dakota,SD,9393,SD04903,SD0490300,46,099,46099,local police department,"cities 2,500-9,999",west north central,suburban,0,0,0,0,0,0,0,0,0,0,0,0,0,0,0,0,0,0,0,0,0,0,0,0,0,0,0,0,0,0,0,0,0,0,0,0,0,0,0,0,0,0,0,0,0,0,0,0,0,0,0,0,0,0,0,0,0,0,0,0,0
Moody,2013,South Dakota,SD,4165,SD05000,SD0500000,46,101,46101,sheriffs office,"non-msa cnty under 10,000",west north central,non-suburban,2,2,0,1,1,1,0,1,0,0,0,0,0,0,0,0,0,0,0,0,0,1,0,0,0,0,0,0,0,0,0,0,0,0,0,0,0,0,0,0,1,0,0,0,0,0,0,0,0,0,0,0,0,1,0,0,1,0,0,0,0
Flandreau,2013,South Dakota,SD,2311,SD05001,SD0500100,46,101,46101,local police department,"cities under 2,500",west north central,non-suburban,2,0,2,2,0,0,2,0,2,0,0,0,0,0,2,0,0,0,0,0,0,0,0,0,0,0,0,0,0,0,0,0,0,0,0,0,0,0,0,0,0,0,0,0,0,0,0,0,0,0,0,0,0,0,0,0,0,0,0,0,2
Pennington,2013,South Dakota,SD,29631,SD05100,SD0510000,46,103,46103,sheriffs office,"msa cnty 25,000-99,999",west north central,suburban,1,0,1,1,0,0,1,0,1,0,0,0,0,0,1,0,0,0,0,0,0,0,0,0,0,0,0,0,0,0,0,0,0,0,0,0,0,0,0,0,0,0,0,0,0,0,0,0,0,0,0,0,0,0,0,0,0,1,0,0,0
Rapid City,2013,South Dakota,SD,70406,SD05101,SD0510100,46,103,46103,local police department,"cities 50,000-99,999",west north central,non-suburban,9,8,1,6,3,6,0,2,0,0,0,0,0,0,0,0,0,0,1,0,0,0,1,2,0,2,0,0,0,0,0,0,0,1,0,0,0,0,0,0,0,0,0,0,1,1,0,0,0,0,0,0,0,2,0,0,6,1,0,0,0
Box Elder,2013,South Dakota,SD,9079,SD05103,SD0510300,46,103,46103,local police department,"cities 2,500-9,999",west north central,suburban,1,1,0,1,0,1,0,0,0,0,0,0,0,0,0,0,0,0,0,0,0,0,1,0,0,0,0,0,0,0,0,0,0,0,0,0,0,0,0,0,0,0,0,0,0,0,0,0,0,0,0,0,0,0,0,0,1,0,0,0,0
Perkins,2013,South Dakota,SD,3078,SD05200,SD0520000,46,105,46105,sheriffs office,"non-msa cnty under 10,000",west north central,non-suburban,0,0,0,0,0,0,0,0,0,0,0,0,0,0,0,0,0,0,0,0,0,0,0,0,0,0,0,0,0,0,0,0,0,0,0,0,0,0,0,0,0,0,0,0,0,0,0,0,0,0,0,0,0,0,0,0,0,0,0,0,0
Potter,2013,South Dakota,SD,792,SD05300,SD0530000,46,107,46107,sheriffs office,"non-msa cnty under 10,000",west north central,non-suburban,1,1,0,0,1,0,0,1,0,0,0,0,0,0,0,0,0,0,0,0,0,0,0,0,0,0,0,0,0,0,0,0,0,0,0,0,0,0,0,0,0,0,0,0,0,0,0,0,0,1,0,0,0,1,0,0,0,0,0,0,0
Gettysburg,2013,South Dakota,SD,1180,SD05301,SD0530100,46,107,46107,local police department,"cities under 2,500",west north central,non-suburban,1,1,0,1,0,1,0,0,0,0,0,0,0,0,0,0,0,1,0,0,0,0,0,0,0,0,0,0,0,0,0,0,0,0,0,0,0,0,0,0,0,0,0,0,0,0,0,0,0,0,0,0,0,0,1,0,0,0,0,0,0
Roberts,2013,South Dakota,SD,7485,SD05400,SD0540000,46,109,46109,sheriffs office,"non-msa cnty under 10,000",west north central,non-suburban,0,0,0,0,0,0,0,0,0,0,0,0,0,0,0,0,0,0,0,0,0,0,0,0,0,0,0,0,0,0,0,0,0,0,0,0,0,0,0,0,0,0,0,0,0,0,0,0,0,0,0,0,0,0,0,0,0,0,0,0,0
Sisseton,2013,South Dakota,SD,2505,SD05401,SD0540100,46,109,46109,local police department,"cities 2,500-9,999",west north central,non-suburban,2,2,0,2,0,2,0,0,0,0,0,0,0,0,0,0,0,1,0,0,0,0,0,1,0,0,0,0,0,0,0,0,0,0,0,0,0,0,0,0,0,0,0,0,0,0,0,0,0,0,0,0,0,0,0,0,2,0,0,0,0
Spink,2013,South Dakota,SD,6727,SD05700,SD0570000,46,115,46115,sheriffs office,"non-msa cnty under 10,000",west north central,non-suburban,2,0,2,2,0,0,2,0,2,0,0,0,1,0,1,0,0,0,0,0,0,0,0,0,0,0,0,0,0,0,0,0,0,0,0,0,0,0,0,0,0,0,0,0,0,0,0,0,0,0,0,0,0,0,0,0,0,1,0,0,1
Stanley,2013,South Dakota,SD,2986,SD05800,SD0580000,46,117,46117,sheriffs office,"non-msa cnty under 10,000",west north central,non-suburban,0,0,0,0,0,0,0,0,0,0,0,0,0,0,0,0,0,0,0,0,0,0,0,0,0,0,0,0,0,0,0,0,0,0,0,0,0,0,0,0,0,0,0,0,0,0,0,0,0,0,0,0,0,0,0,0,0,0,0,0,0
Sully,2013,South Dakota,SD,1456,SD05900,SD0590000,46,119,46119,sheriffs office,"non-msa cnty under 10,000",west north central,non-suburban,0,0,0,0,0,0,0,0,0,0,0,0,0,0,0,0,0,0,0,0,0,0,0,0,0,0,0,0,0,0,0,0,0,0,0,0,0,0,0,0,0,0,0,0,0,0,0,0,0,0,0,0,0,0,0,0,0,0,0,0,0
Winner,2013,South Dakota,SD,2821,SD06101,SD0610100,46,123,46123,local police department,"cities 2,500-9,999",west north central,non-suburban,0,0,0,0,0,0,0,0,0,0,0,0,0,0,0,0,0,0,0,0,0,0,0,0,0,0,0,0,0,0,0,0,0,0,0,0,0,0,0,0,0,0,0,0,0,0,0,0,0,0,0,0,0,0,0,0,0,0,0,0,0
Turner,2013,South Dakota,SD,6464,SD06200,SD0620000,46,125,46125,sheriffs office,"msa cnty under 10,000",west north central,suburban,2,1,1,2,0,1,1,0,1,0,0,0,0,0,1,0,0,0,0,0,0,0,0,0,0,0,1,0,0,0,0,0,0,0,0,0,0,0,0,0,0,0,0,0,0,0,0,0,0,0,0,0,0,1,0,0,0,1,0,0,0
Union,2013,South Dakota,SD,7510,SD06300,SD0630000,46,127,46127,sheriffs office,"msa cnty under 10,000",west north central,suburban,0,0,0,0,0,0,0,0,0,0,0,0,0,0,0,0,0,0,0,0,0,0,0,0,0,0,0,0,0,0,0,0,0,0,0,0,0,0,0,0,0,0,0,0,0,0,0,0,0,0,0,0,0,0,0,0,0,0,0,0,0
Beresford,2013,South Dakota,SD,2049,SD06301,SD0630100,46,127,46127,local police department,"cities under 2,500",west north central,suburban,0,0,0,0,0,0,0,0,0,0,0,0,0,0,0,0,0,0,0,0,0,0,0,0,0,0,0,0,0,0,0,0,0,0,0,0,0,0,0,0,0,0,0,0,0,0,0,0,0,0,0,0,0,0,0,0,0,0,0,0,0
North Sioux City,2013,South Dakota,SD,2550,SD06305,SD0630500,46,127,46127,local police department,"cities 2,500-9,999",west north central,suburban,0,0,0,0,0,0,0,0,0,0,0,0,0,0,0,0,0,0,0,0,0,0,0,0,0,0,0,0,0,0,0,0,0,0,0,0,0,0,0,0,0,0,0,0,0,0,0,0,0,0,0,0,0,0,0,0,0,0,0,0,0
Mobridge,2013,South Dakota,SD,3478,SD06401,SD0640100,46,129,46129,local police department,"cities 2,500-9,999",west north central,non-suburban,0,0,0,0,0,0,0,0,0,0,0,0,0,0,0,0,0,0,0,0,0,0,0,0,0,0,0,0,0,0,0,0,0,0,0,0,0,0,0,0,0,0,0,0,0,0,0,0,0,0,0,0,0,0,0,0,0,0,0,0,0
Yankton,2013,South Dakota,SD,8241,SD06600,SD0660000,46,135,46135,sheriffs office,"non-msa cnty under 10,000",west north central,non-suburban,1,1,0,1,0,1,0,0,0,0,0,0,0,0,0,0,0,0,0,0,0,0,0,0,0,1,0,0,0,0,0,0,0,0,0,0,0,0,0,0,0,0,0,0,0,0,0,0,0,0,0,0,0,0,0,0,1,0,0,0,0
Yankton,2013,South Dakota,SD,14561,SD06601,SD0660100,46,135,46135,local police department,"cities 10,000-24,999",west north central,non-suburban,4,2,2,4,0,2,2,0,2,0,0,0,0,2,0,0,1,0,0,0,0,0,0,1,0,0,0,0,0,0,0,0,0,0,0,0,0,0,0,0,0,0,0,0,0,0,0,0,0,0,0,0,0,2,0,0,0,2,0,0,0
Div Of Criminal Invest,2013,South Dakota,SD,0,SDDCI00,SDDCI0000,46,065,46065,special jurisdiction,non-msa state police,west north central,non-suburban,0,0,0,0,0,0,0,0,0,0,0,0,0,0,0,0,0,0,0,0,0,0,0,0,0,0,0,0,0,0,0,0,0,0,0,0,0,0,0,0,0,0,0,0,0,0,0,0,0,0,0,0,0,0,0,0,0,0,0,0,0
Aurora,2014,South Dakota,SD,2726,SD00100,SD0010000,46,003,46003,sheriffs office,"non-msa cnty under 10,000",west north central,non-suburban,2,2,0,2,0,2,0,0,0,0,0,0,0,0,0,0,1,1,0,0,0,0,0,0,0,0,0,0,0,0,0,0,0,0,0,0,0,0,0,0,0,0,0,0,0,0,0,0,0,0,0,0,0,0,0,0,2,0,0,0,0
Beadle,2014,South Dakota,SD,5046,SD00200,SD0020000,46,005,46005,sheriffs office,"non-msa cnty under 10,000",west north central,non-suburban,0,0,0,0,0,0,0,0,0,0,0,0,0,0,0,0,0,0,0,0,0,0,0,0,0,0,0,0,0,0,0,0,0,0,0,0,0,0,0,0,0,0,0,0,0,0,0,0,0,0,0,0,0,0,0,0,0,0,0,0,0
Huron,2014,South Dakota,SD,13225,SD00201,SD0020100,46,005,46005,local police department,"cities 10,000-24,999",west north central,non-suburban,2,1,1,1,1,0,1,1,1,0,0,1,0,0,0,0,0,0,0,0,0,0,0,0,0,0,0,0,0,0,0,0,0,0,0,0,0,0,0,0,0,0,0,0,0,0,0,0,0,1,0,0,0,1,0,0,0,1,0,0,0
Bennett,2014,South Dakota,SD,2385,SD00300,SD0030000,46,007,46007,sheriffs office,"non-msa cnty under 10,000",west north central,non-suburban,1,0,1,0,1,0,0,0,0,0,0,0,0,0,0,0,0,0,0,0,0,0,0,0,0,0,0,0,0,0,0,0,0,0,0,0,1,0,0,0,0,0,0,0,0,0,0,0,0,0,0,0,0,0,0,0,0,0,0,0,1
Martin,2014,South Dakota,SD,1073,SD00301,SD0030100,46,007,46007,local police department,"cities under 2,500",west north central,non-suburban,0,0,0,0,0,0,0,0,0,0,0,0,0,0,0,0,0,0,0,0,0,0,0,0,0,0,0,0,0,0,0,0,0,0,0,0,0,0,0,0,0,0,0,0,0,0,0,0,0,0,0,0,0,0,0,0,0,0,0,0,0
Bon Homme,2014,South Dakota,SD,2596,SD00400,SD0040000,46,009,46009,sheriffs office,"non-msa cnty under 10,000",west north central,non-suburban,0,0,0,0,0,0,0,0,0,0,0,0,0,0,0,0,0,0,0,0,0,0,0,0,0,0,0,0,0,0,0,0,0,0,0,0,0,0,0,0,0,0,0,0,0,0,0,0,0,0,0,0,0,0,0,0,0,0,0,0,0
Brookings,2014,South Dakota,SD,10096,SD00500,SD0050000,46,011,46011,sheriffs office,"non-msa cnty 10,000-24,999",west north central,non-suburban,1,1,0,1,0,1,0,0,0,0,0,0,0,0,0,0,0,0,0,0,0,0,1,0,0,0,0,0,0,0,0,0,0,0,0,0,0,0,0,0,0,0,0,0,0,0,0,0,0,0,0,0,0,0,0,0,0,0,0,0,0
Brookings,2014,South Dakota,SD,23145,SD00501,SD0050100,46,011,46011,local police department,"cities 10,000-24,999",west north central,non-suburban,1,1,0,1,0,1,0,0,0,0,0,0,0,0,0,0,0,0,0,0,1,0,0,0,0,0,0,0,0,0,0,0,0,0,0,0,0,0,0,0,0,0,0,0,0,0,0,0,0,0,0,0,0,1,0,0,0,0,0,0,0
South Dakota State Univ,2014,South Dakota,SD,0,SD005UN,SD005UN00,46,011,46011,special jurisdiction,"cities under 2,500",west north central,non-suburban,0,0,0,0,0,0,0,0,0,0,0,0,0,0,0,0,0,0,0,0,0,0,0,0,0,0,0,0,0,0,0,0,0,0,0,0,0,0,0,0,0,0,0,0,0,0,0,0,0,0,0,0,0,0,0,0,0,0,0,0,0
Brown,2014,South Dakota,SD,9149,SD00600,SD0060000,46,013,46013,sheriffs office,"non-msa cnty under 10,000",west north central,non-suburban,1,0,1,1,0,0,1,0,1,0,0,0,0,0,1,0,0,0,0,0,0,0,0,0,0,0,0,0,0,0,0,0,0,0,0,0,0,0,0,0,0,0,0,0,0,0,0,0,0,0,0,0,0,0,0,0,0,1,0,0,0
Aberdeen,2014,South Dakota,SD,27629,SD00601,SD0060100,46,013,46013,local police department,"cities 25,000-49,999",west north central,non-suburban,3,3,0,2,1,2,0,1,0,0,0,0,0,0,0,0,0,0,0,0,0,1,0,0,0,1,0,0,0,0,0,0,0,0,0,0,0,0,0,0,1,0,0,0,0,0,0,0,0,0,0,0,0,0,1,0,2,0,0,0,0
Chamberlain,2014,South Dakota,SD,2457,SD00701,SD0070100,46,015,46015,local police department,"cities under 2,500",west north central,non-suburban,0,0,0,0,0,0,0,0,0,0,0,0,0,0,0,0,0,0,0,0,0,0,0,0,0,0,0,0,0,0,0,0,0,0,0,0,0,0,0,0,0,0,0,0,0,0,0,0,0,0,0,0,0,0,0,0,0,0,0,0,0
Crow Creek Tribal,2014,South Dakota,SD,0,SD00801,SD0080100,46,017,46017,local police department,"cities under 2,500",west north central,non-suburban,0,0,0,0,0,0,0,0,0,0,0,0,0,0,0,0,0,0,0,0,0,0,0,0,0,0,0,0,0,0,0,0,0,0,0,0,0,0,0,0,0,0,0,0,0,0,0,0,0,0,0,0,0,0,0,0,0,0,0,0,0
Butte,2014,South Dakota,SD,4636,SD00900,SD0090000,46,019,46019,sheriffs office,"non-msa cnty under 10,000",west north central,non-suburban,0,0,0,0,0,0,0,0,0,0,0,0,0,0,0,0,0,0,0,0,0,0,0,0,0,0,0,0,0,0,0,0,0,0,0,0,0,0,0,0,0,0,0,0,0,0,0,0,0,0,0,0,0,0,0,0,0,0,0,0,0
Belle Fourche,2014,South Dakota,SD,5755,SD00901,SD0090100,46,019,46019,local police department,"cities 2,500-9,999",west north central,non-suburban,1,1,0,1,0,1,0,0,0,0,0,0,0,0,0,0,0,0,0,0,0,0,0,0,1,0,0,0,0,0,0,0,0,0,0,0,0,0,0,0,0,0,0,0,0,0,0,0,0,0,0,0,0,1,0,0,0,0,0,0,0
Campbell,2014,South Dakota,SD,1302,SD01000,SD0100000,46,021,46021,sheriffs office,"non-msa cnty under 10,000",west north central,non-suburban,0,0,0,0,0,0,0,0,0,0,0,0,0,0,0,0,0,0,0,0,0,0,0,0,0,0,0,0,0,0,0,0,0,0,0,0,0,0,0,0,0,0,0,0,0,0,0,0,0,0,0,0,0,0,0,0,0,0,0,0,0
Charles Mix,2014,South Dakota,SD,6453,SD01100,SD0110000,46,023,46023,sheriffs office,"non-msa cnty under 10,000",west north central,non-suburban,0,0,0,0,0,0,0,0,0,0,0,0,0,0,0,0,0,0,0,0,0,0,0,0,0,0,0,0,0,0,0,0,0,0,0,0,0,0,0,0,0,0,0,0,0,0,0,0,0,0,0,0,0,0,0,0,0,0,0,0,0
Wagner,2014,South Dakota,SD,1574,SD01103,SD0110300,46,023,46023,local police department,"cities under 2,500",west north central,non-suburban,2,2,0,2,0,2,0,0,0,0,0,0,0,0,0,0,0,0,0,0,0,0,1,0,0,1,0,0,0,0,0,0,0,0,0,0,0,0,0,0,0,0,0,0,0,0,0,0,0,0,0,0,0,0,0,0,2,0,0,0,0
Clark,2014,South Dakota,SD,2551,SD01200,SD0120000,46,025,46025,sheriffs office,"non-msa cnty under 10,000",west north central,non-suburban,0,0,0,0,0,0,0,0,0,0,0,0,0,0,0,0,0,0,0,0,0,0,0,0,0,0,0,0,0,0,0,0,0,0,0,0,0,0,0,0,0,0,0,0,0,0,0,0,0,0,0,0,0,0,0,0,0,0,0,0,0
Clay,2014,South Dakota,SD,3063,SD01300,SD0130000,46,027,46027,sheriffs office,"non-msa cnty under 10,000",west north central,non-suburban,0,0,0,0,0,0,0,0,0,0,0,0,0,0,0,0,0,0,0,0,0,0,0,0,0,0,0,0,0,0,0,0,0,0,0,0,0,0,0,0,0,0,0,0,0,0,0,0,0,0,0,0,0,0,0,0,0,0,0,0,0
Vermillion,2014,South Dakota,SD,10723,SD01301,SD0130100,46,027,46027,local police department,"cities 10,000-24,999",west north central,non-suburban,0,0,0,0,0,0,0,0,0,0,0,0,0,0,0,0,0,0,0,0,0,0,0,0,0,0,0,0,0,0,0,0,0,0,0,0,0,0,0,0,0,0,0,0,0,0,0,0,0,0,0,0,0,0,0,0,0,0,0,0,0
Codington,2014,South Dakota,SD,5924,SD01400,SD0140000,46,029,46029,sheriffs office,"non-msa cnty under 10,000",west north central,non-suburban,1,0,1,1,0,0,1,0,1,0,0,0,0,0,1,0,0,0,0,0,0,0,0,0,0,0,0,0,0,0,0,0,0,0,0,0,0,0,0,0,0,0,0,0,0,0,0,0,0,0,0,0,0,0,0,0,0,1,0,0,0
Watertown,2014,South Dakota,SD,22118,SD01401,SD0140100,46,029,46029,local police department,"cities 10,000-24,999",west north central,non-suburban,6,5,1,6,0,5,1,0,1,0,1,0,0,0,0,0,0,0,0,1,2,1,0,1,0,0,0,0,0,0,0,0,0,0,0,0,0,0,0,0,0,0,0,0,0,0,0,0,0,0,0,0,0,2,1,0,2,1,0,0,0
Corson,2014,South Dakota,SD,4257,SD01500,SD0150000,46,031,46031,sheriffs office,"non-msa cnty under 10,000",west north central,non-suburban,0,0,0,0,0,0,0,0,0,0,0,0,0,0,0,0,0,0,0,0,0,0,0,0,0,0,0,0,0,0,0,0,0,0,0,0,0,0,0,0,0,0,0,0,0,0,0,0,0,0,0,0,0,0,0,0,0,0,0,0,0
Custer,2014,South Dakota,SD,8119,SD01600,SD0160000,46,033,46033,sheriffs office,"msa cnty under 10,000",west north central,suburban,0,0,0,0,0,0,0,0,0,0,0,0,0,0,0,0,0,0,0,0,0,0,0,0,0,0,0,0,0,0,0,0,0,0,0,0,0,0,0,0,0,0,0,0,0,0,0,0,0,0,0,0,0,0,0,0,0,0,0,0,0
Davison,2014,South Dakota,SD,4318,SD01700,SD0170000,46,035,46035,sheriffs office,"non-msa cnty under 10,000",west north central,non-suburban,1,1,0,1,0,1,0,0,0,0,0,0,0,0,0,0,0,0,0,0,0,0,0,0,1,0,0,0,0,0,0,0,0,0,0,0,0,0,0,0,0,0,0,0,0,0,0,0,0,0,0,0,0,0,0,0,1,0,0,0,0
Mitchell,2014,South Dakota,SD,15600,SD01701,SD0170100,46,035,46035,local police department,"cities 10,000-24,999",west north central,non-suburban,4,2,2,3,1,2,1,0,1,0,0,0,1,0,0,0,0,0,0,1,0,0,0,1,0,0,0,0,0,0,0,0,0,0,1,0,0,0,0,0,0,0,0,0,0,0,0,0,0,0,0,0,0,1,0,0,1,1,0,0,1
Deuel,2014,South Dakota,SD,4317,SD01900,SD0190000,46,039,46039,sheriffs office,"non-msa cnty under 10,000",west north central,non-suburban,0,0,0,0,0,0,0,0,0,0,0,0,0,0,0,0,0,0,0,0,0,0,0,0,0,0,0,0,0,0,0,0,0,0,0,0,0,0,0,0,0,0,0,0,0,0,0,0,0,0,0,0,0,0,0,0,0,0,0,0,0
Douglas,2014,South Dakota,SD,3034,SD02100,SD0210000,46,043,46043,sheriffs office,"non-msa cnty under 10,000",west north central,non-suburban,0,0,0,0,0,0,0,0,0,0,0,0,0,0,0,0,0,0,0,0,0,0,0,0,0,0,0,0,0,0,0,0,0,0,0,0,0,0,0,0,0,0,0,0,0,0,0,0,0,0,0,0,0,0,0,0,0,0,0,0,0
Edmunds,2014,South Dakota,SD,4037,SD02200,SD0220000,46,045,46045,sheriffs office,"non-msa cnty under 10,000",west north central,non-suburban,0,0,0,0,0,0,0,0,0,0,0,0,0,0,0,0,0,0,0,0,0,0,0,0,0,0,0,0,0,0,0,0,0,0,0,0,0,0,0,0,0,0,0,0,0,0,0,0,0,0,0,0,0,0,0,0,0,0,0,0,0
Hot Springs,2014,South Dakota,SD,3478,SD02302,SD0230200,46,047,46047,local police department,"cities 2,500-9,999",west north central,non-suburban,1,1,0,1,0,1,0,0,0,0,0,0,0,0,0,0,0,0,0,0,0,0,0,0,0,0,0,0,0,0,1,0,0,0,0,0,0,0,0,0,0,0,0,0,0,0,0,0,0,0,0,0,0,1,0,0,0,0,0,0,0
Faulk,2014,South Dakota,SD,2393,SD02400,SD0240000,46,049,46049,sheriffs office,"non-msa cnty under 10,000",west north central,non-suburban,0,0,0,0,0,0,0,0,0,0,0,0,0,0,0,0,0,0,0,0,0,0,0,0,0,0,0,0,0,0,0,0,0,0,0,0,0,0,0,0,0,0,0,0,0,0,0,0,0,0,0,0,0,0,0,0,0,0,0,0,0
Miller,2014,South Dakota,SD,1454,SD02901,SD0290100,46,059,46059,local police department,"cities under 2,500",west north central,non-suburban,2,2,0,1,1,1,0,1,0,0,0,0,0,0,0,0,0,0,0,0,0,0,0,1,0,0,0,0,0,0,0,0,0,0,0,0,0,0,0,1,0,0,0,0,0,0,0,0,0,0,0,0,0,0,0,0,2,0,0,0,0
Hanson,2014,South Dakota,SD,3423,SD03000,SD0300000,46,061,46061,sheriffs office,"non-msa cnty under 10,000",west north central,non-suburban,0,0,0,0,0,0,0,0,0,0,0,0,0,0,0,0,0,0,0,0,0,0,0,0,0,0,0,0,0,0,0,0,0,0,0,0,0,0,0,0,0,0,0,0,0,0,0,0,0,0,0,0,0,0,0,0,0,0,0,0,0
Harding,2014,South Dakota,SD,1268,SD03100,SD0310000,46,063,46063,sheriffs office,"non-msa cnty under 10,000",west north central,non-suburban,0,0,0,0,0,0,0,0,0,0,0,0,0,0,0,0,0,0,0,0,0,0,0,0,0,0,0,0,0,0,0,0,0,0,0,0,0,0,0,0,0,0,0,0,0,0,0,0,0,0,0,0,0,0,0,0,0,0,0,0,0
Hughes,2014,South Dakota,SD,3577,SD03200,SD0320000,46,065,46065,sheriffs office,"non-msa cnty under 10,000",west north central,non-suburban,2,2,0,2,0,2,0,0,0,0,0,0,0,0,0,0,0,0,0,0,0,0,1,0,0,0,1,0,0,0,0,0,0,0,0,0,0,0,0,0,0,0,0,0,0,0,0,0,0,0,0,0,0,2,0,0,0,0,0,0,0
Pierre,2014,South Dakota,SD,14061,SD03201,SD0320100,46,065,46065,local police department,"cities 10,000-24,999",west north central,non-suburban,2,2,0,2,0,2,0,0,0,0,0,0,0,0,0,0,0,0,1,0,1,0,0,0,0,0,0,0,0,0,0,0,0,0,0,0,0,0,0,0,0,0,0,0,0,0,0,0,0,0,0,0,0,1,0,0,1,0,0,0,0
Highway Patrol,2014,South Dakota,SD,0,SD03299,NA,NA,NA,NA,NA,non-msa state police,west north central,non-suburban,1,1,0,0,1,0,0,1,0,0,0,0,0,0,0,0,0,0,0,0,0,0,0,0,0,0,0,0,0,0,0,0,0,0,0,0,0,0,0,0,0,0,0,0,1,0,0,0,0,0,0,0,0,0,0,0,0,0,0,0,0
Freeman,2014,South Dakota,SD,1252,SD03301,SD0330100,46,067,46067,local police department,"cities under 2,500",west north central,non-suburban,0,0,0,0,0,0,0,0,0,0,0,0,0,0,0,0,0,0,0,0,0,0,0,0,0,0,0,0,0,0,0,0,0,0,0,0,0,0,0,0,0,0,0,0,0,0,0,0,0,0,0,0,0,0,0,0,0,0,0,0,0
Parkston,2014,South Dakota,SD,1460,SD03302,SD0330200,46,067,46067,local police department,"cities under 2,500",west north central,non-suburban,4,0,4,0,4,0,0,0,0,0,0,0,0,0,0,0,0,0,0,0,0,0,0,0,0,0,0,0,0,0,0,0,0,1,2,1,0,0,0,0,0,0,0,0,0,0,0,0,0,0,0,0,0,0,0,0,0,0,0,1,3
Tripp,2014,South Dakota,SD,620,SD03304,SD0330400,46,067,46067,local police department,"cities under 2,500",west north central,non-suburban,1,0,1,1,0,0,1,0,1,0,0,1,0,0,0,0,0,0,0,0,0,0,0,0,0,0,0,0,0,0,0,0,0,0,0,0,0,0,0,0,0,0,0,0,0,0,0,0,0,0,0,0,0,0,0,0,0,1,0,0,0
Kadoka,2014,South Dakota,SD,699,SD03501,SD0350100,46,071,46071,local police department,"cities under 2,500",west north central,non-suburban,1,1,0,1,0,1,0,0,0,0,0,0,0,0,0,0,0,0,0,0,0,0,1,0,0,0,0,0,0,0,0,0,0,0,0,0,0,0,0,0,0,0,0,0,0,0,0,0,0,0,0,0,0,1,0,0,0,0,0,0,0
Madison,2014,South Dakota,SD,7057,SD03901,SD0390100,46,079,46079,local police department,"cities 2,500-9,999",west north central,non-suburban,1,1,0,0,1,0,0,1,0,0,0,0,0,0,0,0,0,0,0,0,0,0,0,0,0,0,0,0,0,0,0,0,0,0,0,0,0,0,0,0,0,0,0,0,0,0,0,0,1,0,0,0,0,1,0,0,0,0,0,0,0
Lawrence,2014,South Dakota,SD,8540,SD04000,SD0400000,46,081,46081,sheriffs office,"non-msa cnty under 10,000",west north central,non-suburban,1,1,0,1,0,1,0,0,0,0,0,0,0,0,0,0,0,0,0,0,0,0,0,1,0,0,0,0,0,0,0,0,0,0,0,0,0,0,0,0,0,0,0,0,0,0,0,0,0,0,0,0,0,1,0,0,0,0,0,0,0
Deadwood,2014,South Dakota,SD,1292,SD04001,SD0400100,46,081,46081,local police department,"cities under 2,500",west north central,non-suburban,1,1,0,1,0,1,0,0,0,0,0,0,0,0,0,0,0,0,0,0,1,0,0,0,0,0,0,0,0,0,0,0,0,0,0,0,0,0,0,0,0,0,0,0,0,0,0,0,0,0,0,0,0,1,0,0,0,0,0,0,0
Lead,2014,South Dakota,SD,3105,SD04002,SD0400200,46,081,46081,local police department,"cities 2,500-9,999",west north central,non-suburban,0,0,0,0,0,0,0,0,0,0,0,0,0,0,0,0,0,0,0,0,0,0,0,0,0,0,0,0,0,0,0,0,0,0,0,0,0,0,0,0,0,0,0,0,0,0,0,0,0,0,0,0,0,0,0,0,0,0,0,0,0
Spearfish,2014,South Dakota,SD,11246,SD04003,SD0400300,46,081,46081,local police department,"cities 10,000-24,999",west north central,non-suburban,1,0,1,0,1,0,0,0,0,0,0,0,0,0,0,0,0,0,0,0,0,0,0,0,0,0,0,0,0,0,0,0,0,1,0,0,0,0,0,0,0,0,0,0,0,0,0,0,0,0,0,0,0,0,0,0,0,0,0,0,1
Lincoln,2014,South Dakota,SD,15522,SD04100,SD0410000,46,083,46083,sheriffs office,"msa cnty 10,000-24,999",west north central,suburban,1,1,0,1,0,1,0,0,0,0,0,0,0,0,0,0,0,0,0,0,0,0,0,1,0,0,0,0,0,0,0,0,0,0,0,0,0,0,0,0,0,0,0,0,0,0,0,0,0,0,0,0,0,0,0,0,1,0,0,0,0
Canton,2014,South Dakota,SD,3321,SD04101,SD0410100,46,083,46083,local police department,"cities 2,500-9,999",west north central,suburban,2,0,2,2,0,0,2,0,2,0,0,1,1,0,0,0,0,0,0,0,0,0,0,0,0,0,0,0,0,0,0,0,0,0,0,0,0,0,0,0,0,0,0,0,0,0,0,0,0,0,0,0,0,0,0,0,0,2,0,0,0
Lennox,2014,South Dakota,SD,2264,SD04102,SD0410200,46,083,46083,local police department,"cities under 2,500",west north central,suburban,0,0,0,0,0,0,0,0,0,0,0,0,0,0,0,0,0,0,0,0,0,0,0,0,0,0,0,0,0,0,0,0,0,0,0,0,0,0,0,0,0,0,0,0,0,0,0,0,0,0,0,0,0,0,0,0,0,0,0,0,0
Tea,2014,South Dakota,SD,4583,SD04105,SD0410500,46,083,46083,local police department,"cities 2,500-9,999",west north central,suburban,4,4,0,4,0,4,0,0,0,0,0,0,0,0,0,0,0,2,1,0,0,0,1,0,0,0,0,0,0,0,0,0,0,0,0,0,0,0,0,0,0,0,0,0,0,0,0,0,0,0,0,0,0,4,0,0,0,0,0,0,0
Worthing,2014,South Dakota,SD,943,SD04106,SD0410600,46,083,46083,local police department,"cities under 2,500",west north central,suburban,0,0,0,0,0,0,0,0,0,0,0,0,0,0,0,0,0,0,0,0,0,0,0,0,0,0,0,0,0,0,0,0,0,0,0,0,0,0,0,0,0,0,0,0,0,0,0,0,0,0,0,0,0,0,0,0,0,0,0,0,0
Mccook,2014,South Dakota,SD,5672,SD04300,SD0430000,46,087,46087,sheriffs office,"msa cnty under 10,000",west north central,suburban,1,1,0,1,0,1,0,0,0,0,0,0,0,0,0,0,0,0,0,0,0,0,0,1,0,0,0,0,0,0,0,0,0,0,0,0,0,0,0,0,0,0,0,0,0,0,0,0,0,0,0,0,0,1,0,0,0,0,0,0,0
Mcpherson,2014,South Dakota,SD,2010,SD04400,SD0440000,46,089,46089,sheriffs office,"non-msa cnty under 10,000",west north central,non-suburban,0,0,0,0,0,0,0,0,0,0,0,0,0,0,0,0,0,0,0,0,0,0,0,0,0,0,0,0,0,0,0,0,0,0,0,0,0,0,0,0,0,0,0,0,0,0,0,0,0,0,0,0,0,0,0,0,0,0,0,0,0
Marshall,2014,South Dakota,SD,4799,SD04500,SD0450000,46,091,46091,sheriffs office,"non-msa cnty under 10,000",west north central,non-suburban,0,0,0,0,0,0,0,0,0,0,0,0,0,0,0,0,0,0,0,0,0,0,0,0,0,0,0,0,0,0,0,0,0,0,0,0,0,0,0,0,0,0,0,0,0,0,0,0,0,0,0,0,0,0,0,0,0,0,0,0,0
Meade,2014,South Dakota,SD,14963,SD04600,SD0460000,46,093,46093,sheriffs office,"msa cnty 10,000-24,999",west north central,suburban,0,0,0,0,0,0,0,0,0,0,0,0,0,0,0,0,0,0,0,0,0,0,0,0,0,0,0,0,0,0,0,0,0,0,0,0,0,0,0,0,0,0,0,0,0,0,0,0,0,0,0,0,0,0,0,0,0,0,0,0,0
Sturgis,2014,South Dakota,SD,6950,SD04601,SD0460100,46,093,46093,local police department,"cities 2,500-9,999",west north central,suburban,8,3,5,8,0,3,5,0,5,0,0,1,2,0,2,0,1,0,1,0,0,0,0,1,0,0,0,0,0,0,0,0,0,0,0,0,0,0,0,0,0,0,0,0,0,0,0,0,0,0,0,0,0,3,0,0,0,5,0,0,0
Summerset,2014,South Dakota,SD,2085,SD04603,SD0460300,46,093,46093,local police department,"cities under 2,500",west north central,suburban,0,0,0,0,0,0,0,0,0,0,0,0,0,0,0,0,0,0,0,0,0,0,0,0,0,0,0,0,0,0,0,0,0,0,0,0,0,0,0,0,0,0,0,0,0,0,0,0,0,0,0,0,0,0,0,0,0,0,0,0,0
Mellette,2014,South Dakota,SD,2094,SD04700,SD0470000,46,095,46095,sheriffs office,"non-msa cnty under 10,000",west north central,non-suburban,0,0,0,0,0,0,0,0,0,0,0,0,0,0,0,0,0,0,0,0,0,0,0,0,0,0,0,0,0,0,0,0,0,0,0,0,0,0,0,0,0,0,0,0,0,0,0,0,0,0,0,0,0,0,0,0,0,0,0,0,0
Miner,2014,South Dakota,SD,2323,SD04800,SD0480000,46,097,46097,sheriffs office,"non-msa cnty under 10,000",west north central,non-suburban,0,0,0,0,0,0,0,0,0,0,0,0,0,0,0,0,0,0,0,0,0,0,0,0,0,0,0,0,0,0,0,0,0,0,0,0,0,0,0,0,0,0,0,0,0,0,0,0,0,0,0,0,0,0,0,0,0,0,0,0,0
Minnehaha,2014,South Dakota,SD,29445,SD04900,SD0490000,46,099,46099,sheriffs office,"msa cnty 25,000-99,999",west north central,suburban,5,4,1,4,1,3,1,1,1,0,0,0,0,1,0,1,0,0,0,0,0,0,0,2,0,0,0,0,0,0,0,0,0,0,0,0,0,0,0,0,0,0,0,0,0,0,1,0,0,0,0,0,0,3,0,0,1,1,0,0,0
Sioux Falls,2014,South Dakota,SD,167339,SD04902,SD0490200,46,099,46099,local police department,"cities 100,000-249,999",west north central,non-suburban,41,27,14,25,16,19,6,8,6,0,1,1,4,0,0,0,0,1,2,1,0,2,4,1,1,2,2,1,0,2,0,0,0,1,3,3,1,0,0,0,1,1,0,0,1,1,1,0,3,0,0,0,0,14,0,0,13,5,2,0,7
Brandon,2014,South Dakota,SD,9678,SD04903,SD0490300,46,099,46099,local police department,"cities 2,500-9,999",west north central,suburban,0,0,0,0,0,0,0,0,0,0,0,0,0,0,0,0,0,0,0,0,0,0,0,0,0,0,0,0,0,0,0,0,0,0,0,0,0,0,0,0,0,0,0,0,0,0,0,0,0,0,0,0,0,0,0,0,0,0,0,0,0
Moody,2014,South Dakota,SD,4097,SD05000,SD0500000,46,101,46101,sheriffs office,"non-msa cnty under 10,000",west north central,non-suburban,0,0,0,0,0,0,0,0,0,0,0,0,0,0,0,0,0,0,0,0,0,0,0,0,0,0,0,0,0,0,0,0,0,0,0,0,0,0,0,0,0,0,0,0,0,0,0,0,0,0,0,0,0,0,0,0,0,0,0,0,0
Flandreau,2014,South Dakota,SD,2291,SD05001,SD0500100,46,101,46101,local police department,"cities under 2,500",west north central,non-suburban,1,1,0,0,1,0,0,1,0,0,0,0,0,0,0,0,0,0,0,0,0,0,0,0,0,0,0,0,0,0,0,0,0,0,0,0,0,0,0,0,0,0,0,0,1,0,0,0,0,0,0,0,0,0,0,0,1,0,0,0,0
Pennington,2014,South Dakota,SD,29347,SD05100,SD0510000,46,103,46103,sheriffs office,"msa cnty 25,000-99,999",west north central,suburban,3,3,0,3,0,3,0,0,0,0,0,0,0,0,0,0,2,0,0,0,0,0,0,1,0,0,0,0,0,0,0,0,0,0,0,0,0,0,0,0,0,0,0,0,0,0,0,0,0,0,0,0,0,2,0,0,1,0,0,0,0
Rapid City,2014,South Dakota,SD,71481,SD05101,SD0510100,46,103,46103,local police department,"cities 50,000-99,999",west north central,non-suburban,13,9,4,10,3,6,4,3,4,0,0,0,4,0,0,0,4,0,0,0,0,0,0,2,0,0,0,0,0,0,0,0,0,0,0,0,0,0,0,0,0,0,0,0,1,1,1,0,0,0,0,0,0,1,0,0,8,0,0,0,2
Box Elder,2014,South Dakota,SD,9432,SD05103,SD0510300,46,103,46103,local police department,"cities 2,500-9,999",west north central,suburban,0,0,0,0,0,0,0,0,0,0,0,0,0,0,0,0,0,0,0,0,0,0,0,0,0,0,0,0,0,0,0,0,0,0,0,0,0,0,0,0,0,0,0,0,0,0,0,0,0,0,0,0,0,0,0,0,0,0,0,0,0
Perkins,2014,South Dakota,SD,3056,SD05200,SD0520000,46,105,46105,sheriffs office,"non-msa cnty under 10,000",west north central,non-suburban,0,0,0,0,0,0,0,0,0,0,0,0,0,0,0,0,0,0,0,0,0,0,0,0,0,0,0,0,0,0,0,0,0,0,0,0,0,0,0,0,0,0,0,0,0,0,0,0,0,0,0,0,0,0,0,0,0,0,0,0,0
Roberts,2014,South Dakota,SD,7397,SD05400,SD0540000,46,109,46109,sheriffs office,"non-msa cnty under 10,000",west north central,non-suburban,2,2,0,1,1,1,0,1,0,0,0,0,0,0,0,0,0,0,1,0,0,0,0,0,0,0,0,0,0,0,0,0,0,0,0,0,0,0,0,0,0,0,0,0,0,1,0,0,0,0,0,0,0,0,0,0,1,0,0,0,0
Sisseton,2014,South Dakota,SD,2451,SD05401,SD0540100,46,109,46109,local police department,"cities under 2,500",west north central,non-suburban,3,2,1,3,0,2,1,0,1,0,1,0,0,0,0,0,1,0,1,0,0,0,0,0,0,0,0,0,0,0,0,0,0,0,0,0,0,0,0,0,0,0,0,0,0,0,0,0,0,0,0,0,0,0,0,0,2,0,0,0,1
Sisseton-wahpeton Tribal,2014,South Dakota,SD,0,SD05402,SD0540200,46,109,46109,local police department,"cities under 2,500",west north central,non-suburban,0,0,0,0,0,0,0,0,0,0,0,0,0,0,0,0,0,0,0,0,0,0,0,0,0,0,0,0,0,0,0,0,0,0,0,0,0,0,0,0,0,0,0,0,0,0,0,0,0,0,0,0,0,0,0,0,0,0,0,0,0
Pine Ridge Sioux Tribal,2014,South Dakota,SD,0,SD05602,SD0560200,46,113,46113,local police department,"cities under 2,500",west north central,non-suburban,1,1,0,1,0,1,0,0,0,0,0,0,0,0,0,0,0,0,0,0,0,0,0,1,0,0,0,0,0,0,0,0,0,0,0,0,0,0,0,0,0,0,0,0,0,0,0,0,0,0,0,0,0,0,0,0,1,0,0,0,0
Spink,2014,South Dakota,SD,6668,SD05700,SD0570000,46,115,46115,sheriffs office,"non-msa cnty under 10,000",west north central,non-suburban,0,0,0,0,0,0,0,0,0,0,0,0,0,0,0,0,0,0,0,0,0,0,0,0,0,0,0,0,0,0,0,0,0,0,0,0,0,0,0,0,0,0,0,0,0,0,0,0,0,0,0,0,0,0,0,0,0,0,0,0,0
Stanley,2014,South Dakota,SD,2982,SD05800,SD0580000,46,117,46117,sheriffs office,"non-msa cnty under 10,000",west north central,non-suburban,0,0,0,0,0,0,0,0,0,0,0,0,0,0,0,0,0,0,0,0,0,0,0,0,0,0,0,0,0,0,0,0,0,0,0,0,0,0,0,0,0,0,0,0,0,0,0,0,0,0,0,0,0,0,0,0,0,0,0,0,0
Rosebud Tribal,2014,South Dakota,SD,0,SD06002,SD0600200,46,121,46121,local police department,"cities under 2,500",west north central,non-suburban,0,0,0,0,0,0,0,0,0,0,0,0,0,0,0,0,0,0,0,0,0,0,0,0,0,0,0,0,0,0,0,0,0,0,0,0,0,0,0,0,0,0,0,0,0,0,0,0,0,0,0,0,0,0,0,0,0,0,0,0,0
Tripp,2014,South Dakota,SD,2633,SD06100,SD0610000,46,123,46123,sheriffs office,"non-msa cnty under 10,000",west north central,non-suburban,0,0,0,0,0,0,0,0,0,0,0,0,0,0,0,0,0,0,0,0,0,0,0,0,0,0,0,0,0,0,0,0,0,0,0,0,0,0,0,0,0,0,0,0,0,0,0,0,0,0,0,0,0,0,0,0,0,0,0,0,0
Winner,2014,South Dakota,SD,2835,SD06101,SD0610100,46,123,46123,local police department,"cities 2,500-9,999",west north central,non-suburban,1,1,0,1,0,1,0,0,0,0,0,0,0,0,0,0,0,0,0,1,0,0,0,0,0,0,0,0,0,0,0,0,0,0,0,0,0,0,0,0,0,0,0,0,0,0,0,0,0,0,0,0,0,0,0,0,1,0,0,0,0
Turner,2014,South Dakota,SD,6479,SD06200,SD0620000,46,125,46125,sheriffs office,"msa cnty under 10,000",west north central,suburban,0,0,0,0,0,0,0,0,0,0,0,0,0,0,0,0,0,0,0,0,0,0,0,0,0,0,0,0,0,0,0,0,0,0,0,0,0,0,0,0,0,0,0,0,0,0,0,0,0,0,0,0,0,0,0,0,0,0,0,0,0
Centerville,2014,South Dakota,SD,887,SD06202,SD0620200,46,125,46125,local police department,"cities under 2,500",west north central,suburban,0,0,0,0,0,0,0,0,0,0,0,0,0,0,0,0,0,0,0,0,0,0,0,0,0,0,0,0,0,0,0,0,0,0,0,0,0,0,0,0,0,0,0,0,0,0,0,0,0,0,0,0,0,0,0,0,0,0,0,0,0
Union,2014,South Dakota,SD,7486,SD06300,SD0630000,46,127,46127,sheriffs office,"msa cnty under 10,000",west north central,suburban,0,0,0,0,0,0,0,0,0,0,0,0,0,0,0,0,0,0,0,0,0,0,0,0,0,0,0,0,0,0,0,0,0,0,0,0,0,0,0,0,0,0,0,0,0,0,0,0,0,0,0,0,0,0,0,0,0,0,0,0,0
Beresford,2014,South Dakota,SD,2038,SD06301,SD0630100,46,127,46127,local police department,"cities under 2,500",west north central,suburban,0,0,0,0,0,0,0,0,0,0,0,0,0,0,0,0,0,0,0,0,0,0,0,0,0,0,0,0,0,0,0,0,0,0,0,0,0,0,0,0,0,0,0,0,0,0,0,0,0,0,0,0,0,0,0,0,0,0,0,0,0
Alcester,2014,South Dakota,SD,799,SD06303,SD0630300,46,127,46127,local police department,"cities under 2,500",west north central,suburban,0,0,0,0,0,0,0,0,0,0,0,0,0,0,0,0,0,0,0,0,0,0,0,0,0,0,0,0,0,0,0,0,0,0,0,0,0,0,0,0,0,0,0,0,0,0,0,0,0,0,0,0,0,0,0,0,0,0,0,0,0
North Sioux City,2014,South Dakota,SD,2503,SD06305,SD0630500,46,127,46127,local police department,"cities 2,500-9,999",west north central,suburban,0,0,0,0,0,0,0,0,0,0,0,0,0,0,0,0,0,0,0,0,0,0,0,0,0,0,0,0,0,0,0,0,0,0,0,0,0,0,0,0,0,0,0,0,0,0,0,0,0,0,0,0,0,0,0,0,0,0,0,0,0
Walworth,2014,South Dakota,SD,1358,SD06400,SD0640000,46,129,46129,sheriffs office,"non-msa cnty under 10,000",west north central,non-suburban,0,0,0,0,0,0,0,0,0,0,0,0,0,0,0,0,0,0,0,0,0,0,0,0,0,0,0,0,0,0,0,0,0,0,0,0,0,0,0,0,0,0,0,0,0,0,0,0,0,0,0,0,0,0,0,0,0,0,0,0,0
Mobridge,2014,South Dakota,SD,3539,SD06401,SD0640100,46,129,46129,local police department,"cities 2,500-9,999",west north central,non-suburban,4,4,0,3,1,3,0,1,0,0,0,0,0,0,0,0,1,1,0,0,0,0,0,1,0,0,0,0,0,0,0,0,0,0,0,0,0,0,1,0,0,0,0,0,0,0,0,0,0,0,0,0,0,0,0,0,4,0,0,0,0
Selby,2014,South Dakota,SD,652,SD06404,SD0640400,46,129,46129,local police department,"cities under 2,500",west north central,non-suburban,0,0,0,0,0,0,0,0,0,0,0,0,0,0,0,0,0,0,0,0,0,0,0,0,0,0,0,0,0,0,0,0,0,0,0,0,0,0,0,0,0,0,0,0,0,0,0,0,0,0,0,0,0,0,0,0,0,0,0,0,0
Yankton,2014,South Dakota,SD,8155,SD06600,SD0660000,46,135,46135,sheriffs office,"non-msa cnty under 10,000",west north central,non-suburban,0,0,0,0,0,0,0,0,0,0,0,0,0,0,0,0,0,0,0,0,0,0,0,0,0,0,0,0,0,0,0,0,0,0,0,0,0,0,0,0,0,0,0,0,0,0,0,0,0,0,0,0,0,0,0,0,0,0,0,0,0
Yankton,2014,South Dakota,SD,14622,SD06601,SD0660100,46,135,46135,local police department,"cities 10,000-24,999",west north central,non-suburban,1,1,0,1,0,1,0,0,0,0,0,0,0,0,0,0,0,0,0,0,0,0,0,1,0,0,0,0,0,0,0,0,0,0,0,0,0,0,0,0,0,0,0,0,0,0,0,0,0,0,0,0,0,0,0,0,0,0,0,0,0
Div Of Criminal Invest,2014,South Dakota,SD,0,SDDCI00,SDDCI0000,46,065,46065,special jurisdiction,non-msa state police,west north central,non-suburban,0,0,0,0,0,0,0,0,0,0,0,0,0,0,0,0,0,0,0,0,0,0,0,0,0,0,0,0,0,0,0,0,0,0,0,0,0,0,0,0,0,0,0,0,0,0,0,0,0,0,0,0,0,0,0,0,0,0,0,0,0
Aurora,2015,South Dakota,SD,2740,SD00100,SD0010000,46,003,46003,sheriffs office,"non-msa cnty under 10,000",west north central,non-suburban,0,0,0,0,0,0,0,0,0,0,0,0,0,0,0,0,0,0,0,0,0,0,0,0,0,0,0,0,0,0,0,0,0,0,0,0,0,0,0,0,0,0,0,0,0,0,0,0,0,0,0,0,0,0,0,0,0,0,0,0,0
Beadle,2015,South Dakota,SD,4963,SD00200,SD0020000,46,005,46005,sheriffs office,"non-msa cnty under 10,000",west north central,non-suburban,1,1,0,1,0,1,0,0,0,0,0,0,0,0,0,0,0,0,0,0,0,0,0,1,0,0,0,0,0,0,0,0,0,0,0,0,0,0,0,0,0,0,0,0,0,0,0,0,0,0,0,0,0,1,0,0,0,0,0,0,0
Huron,2015,South Dakota,SD,13307,SD00201,SD0020100,46,005,46005,local police department,"cities 10,000-24,999",west north central,non-suburban,1,1,0,1,0,1,0,0,0,0,0,0,0,0,0,0,0,0,0,0,0,0,1,0,0,0,0,0,0,0,0,0,0,0,0,0,0,0,0,0,0,0,0,0,0,0,0,0,0,0,0,0,0,1,0,0,0,0,0,0,0
Bennett,2015,South Dakota,SD,2346,SD00300,SD0030000,46,007,46007,sheriffs office,"non-msa cnty under 10,000",west north central,non-suburban,1,1,0,1,0,1,0,0,0,0,0,0,0,0,0,0,0,0,0,0,0,0,1,0,0,0,0,0,0,0,0,0,0,0,0,0,0,0,0,0,0,0,0,0,0,0,0,0,0,0,0,0,0,0,0,0,1,0,0,0,0
Martin,2015,South Dakota,SD,1063,SD00301,SD0030100,46,007,46007,local police department,"cities under 2,500",west north central,non-suburban,1,0,1,1,0,0,1,0,1,0,0,0,0,1,0,0,0,0,0,0,0,0,0,0,0,0,0,0,0,0,0,0,0,0,0,0,0,0,0,0,0,0,0,0,0,0,0,0,0,0,0,0,0,0,0,0,0,0,0,0,1
Brookings,2015,South Dakota,SD,9972,SD00500,SD0050000,46,011,46011,sheriffs office,"non-msa cnty under 10,000",west north central,non-suburban,0,0,0,0,0,0,0,0,0,0,0,0,0,0,0,0,0,0,0,0,0,0,0,0,0,0,0,0,0,0,0,0,0,0,0,0,0,0,0,0,0,0,0,0,0,0,0,0,0,0,0,0,0,0,0,0,0,0,0,0,0
Brookings,2015,South Dakota,SD,23501,SD00501,SD0050100,46,011,46011,local police department,"cities 10,000-24,999",west north central,non-suburban,2,1,1,2,0,1,1,0,1,0,0,0,0,1,0,0,0,0,0,0,0,0,1,0,0,0,0,0,0,0,0,0,0,0,0,0,0,0,0,0,0,0,0,0,0,0,0,0,0,0,0,0,0,1,0,0,0,1,0,0,0
Brown,2015,South Dakota,SD,8945,SD00600,SD0060000,46,013,46013,sheriffs office,"non-msa cnty under 10,000",west north central,non-suburban,1,1,0,1,0,1,0,0,0,0,0,0,0,0,0,0,0,0,0,0,0,0,0,1,0,0,0,0,0,0,0,0,0,0,0,0,0,0,0,0,0,0,0,0,0,0,0,0,0,0,0,0,0,1,0,0,0,0,0,0,0
Aberdeen,2015,South Dakota,SD,28219,SD00601,SD0060100,46,013,46013,local police department,"cities 25,000-49,999",west north central,non-suburban,4,3,1,4,0,3,1,0,1,0,0,0,0,0,1,0,1,0,0,0,0,0,2,0,0,0,0,0,0,0,0,0,0,0,0,0,0,0,0,0,0,0,0,0,0,0,0,0,0,0,0,0,0,2,0,0,1,1,0,0,0
Chamberlain,2015,South Dakota,SD,2405,SD00701,SD0070100,46,015,46015,local police department,"cities under 2,500",west north central,non-suburban,1,1,0,1,0,1,0,0,0,0,0,0,0,0,0,0,0,0,0,0,0,0,0,0,0,0,0,1,0,0,0,0,0,0,0,0,0,0,0,0,0,0,0,0,0,0,0,0,0,0,0,0,0,1,0,0,0,0,0,0,0
Crow Creek Tribal,2015,South Dakota,SD,0,SD00801,SD0080100,46,017,46017,local police department,"cities under 2,500",west north central,non-suburban,1,1,0,1,0,1,0,0,0,0,0,0,0,0,0,0,0,0,0,0,0,1,0,0,0,0,0,0,0,0,0,0,0,0,0,0,0,0,0,0,0,0,0,0,0,0,0,0,0,0,0,0,0,0,0,0,1,0,0,0,0
Butte,2015,South Dakota,SD,4556,SD00900,SD0090000,46,019,46019,sheriffs office,"non-msa cnty under 10,000",west north central,non-suburban,1,1,0,1,0,1,0,0,0,0,0,0,0,0,0,0,0,0,0,1,0,0,0,0,0,0,0,0,0,0,0,0,0,0,0,0,0,0,0,0,0,0,0,0,0,0,0,0,0,0,0,0,0,1,0,0,0,0,0,0,0
Belle Fourche,2015,South Dakota,SD,5733,SD00901,SD0090100,46,019,46019,local police department,"cities 2,500-9,999",west north central,non-suburban,0,0,0,0,0,0,0,0,0,0,0,0,0,0,0,0,0,0,0,0,0,0,0,0,0,0,0,0,0,0,0,0,0,0,0,0,0,0,0,0,0,0,0,0,0,0,0,0,0,0,0,0,0,0,0,0,0,0,0,0,0
Campbell,2015,South Dakota,SD,1358,SD01000,SD0100000,46,021,46021,sheriffs office,"non-msa cnty under 10,000",west north central,non-suburban,0,0,0,0,0,0,0,0,0,0,0,0,0,0,0,0,0,0,0,0,0,0,0,0,0,0,0,0,0,0,0,0,0,0,0,0,0,0,0,0,0,0,0,0,0,0,0,0,0,0,0,0,0,0,0,0,0,0,0,0,0
Charles Mix,2015,South Dakota,SD,6445,SD01100,SD0110000,46,023,46023,sheriffs office,"non-msa cnty under 10,000",west north central,non-suburban,1,1,0,1,0,1,0,0,0,0,0,0,0,0,0,0,0,0,0,0,1,0,0,0,0,0,0,0,0,0,0,0,0,0,0,0,0,0,0,0,0,0,0,0,0,0,0,0,0,0,0,0,0,0,0,0,1,0,0,0,0
Wagner,2015,South Dakota,SD,1578,SD01103,SD0110300,46,023,46023,local police department,"cities under 2,500",west north central,non-suburban,1,1,0,1,0,1,0,0,0,0,0,0,0,0,0,0,0,0,0,0,0,1,0,0,0,0,0,0,0,0,0,0,0,0,0,0,0,0,0,0,0,0,0,0,0,0,0,0,0,0,0,0,0,0,0,0,1,0,0,0,0
Yankton Tribal,2015,South Dakota,SD,0,SD01104,SD0110400,46,023,46023,local police department,"cities under 2,500",west north central,non-suburban,1,1,0,1,0,1,0,0,0,0,0,0,0,0,0,0,0,0,0,0,0,0,0,0,0,0,1,0,0,0,0,0,0,0,0,0,0,0,0,0,0,0,0,0,0,0,0,0,0,0,0,0,0,0,0,0,1,0,0,0,0
Clark,2015,South Dakota,SD,2584,SD01200,SD0120000,46,025,46025,sheriffs office,"non-msa cnty under 10,000",west north central,non-suburban,0,0,0,0,0,0,0,0,0,0,0,0,0,0,0,0,0,0,0,0,0,0,0,0,0,0,0,0,0,0,0,0,0,0,0,0,0,0,0,0,0,0,0,0,0,0,0,0,0,0,0,0,0,0,0,0,0,0,0,0,0
Clark,2015,South Dakota,SD,1029,SD01201,SD0120100,46,025,46025,local police department,"cities under 2,500",west north central,non-suburban,1,1,0,1,0,1,0,0,0,0,0,0,0,0,0,1,0,0,0,0,0,0,0,0,0,0,0,0,0,0,0,0,0,0,0,0,0,0,0,0,0,0,0,0,0,0,0,0,0,0,0,0,0,1,0,0,0,0,0,0,0
Clay,2015,South Dakota,SD,2967,SD01300,SD0130000,46,027,46027,sheriffs office,"non-msa cnty under 10,000",west north central,non-suburban,2,2,0,2,0,2,0,0,0,0,0,0,0,0,0,0,0,0,0,0,0,0,0,1,1,0,0,0,0,0,0,0,0,0,0,0,0,0,0,0,0,0,0,0,0,0,0,0,0,0,0,0,0,2,0,0,0,0,0,0,0
Vermillion,2015,South Dakota,SD,10732,SD01301,SD0130100,46,027,46027,local police department,"cities 10,000-24,999",west north central,non-suburban,2,2,0,2,0,2,0,0,0,0,0,0,0,0,0,0,0,1,0,1,0,0,0,0,0,0,0,0,0,0,0,0,0,0,0,0,0,0,0,0,0,0,0,0,0,0,0,0,0,0,0,0,0,2,0,0,0,0,0,0,0
Codington,2015,South Dakota,SD,5782,SD01400,SD0140000,46,029,46029,sheriffs office,"non-msa cnty under 10,000",west north central,non-suburban,2,2,0,2,0,2,0,0,0,0,0,0,0,0,0,0,1,0,0,0,0,0,0,0,0,0,0,0,0,1,0,0,0,0,0,0,0,0,0,0,0,0,0,0,0,0,0,0,0,0,0,0,0,1,0,0,1,0,0,0,0
Watertown,2015,South Dakota,SD,22195,SD01401,SD0140100,46,029,46029,local police department,"cities 10,000-24,999",west north central,non-suburban,11,10,1,9,2,8,1,2,1,0,0,0,1,0,0,0,1,1,1,0,0,2,3,0,0,0,0,0,0,0,0,0,0,0,0,0,0,0,0,0,0,0,0,0,2,0,0,0,0,0,0,0,0,6,0,0,4,1,0,0,0
Corson,2015,South Dakota,SD,4190,SD01500,SD0150000,46,031,46031,sheriffs office,"non-msa cnty under 10,000",west north central,non-suburban,2,2,0,2,0,2,0,0,0,0,0,0,0,0,0,0,0,0,0,0,0,0,1,0,1,0,0,0,0,0,0,0,0,0,0,0,0,0,0,0,0,0,0,0,0,0,0,0,0,0,0,0,0,1,0,0,1,0,0,0,0
Custer,2015,South Dakota,SD,8049,SD01600,SD0160000,46,033,46033,sheriffs office,"msa cnty under 10,000",west north central,suburban,1,1,0,1,0,1,0,0,0,0,0,0,0,0,0,0,0,1,0,0,0,0,0,0,0,0,0,0,0,0,0,0,0,0,0,0,0,0,0,0,0,0,0,0,0,0,0,0,0,0,0,0,0,1,0,0,0,0,0,0,0
Davison,2015,South Dakota,SD,4080,SD01700,SD0170000,46,035,46035,sheriffs office,"non-msa cnty under 10,000",west north central,non-suburban,0,0,0,0,0,0,0,0,0,0,0,0,0,0,0,0,0,0,0,0,0,0,0,0,0,0,0,0,0,0,0,0,0,0,0,0,0,0,0,0,0,0,0,0,0,0,0,0,0,0,0,0,0,0,0,0,0,0,0,0,0
Mitchell,2015,South Dakota,SD,15797,SD01701,SD0170100,46,035,46035,local police department,"cities 10,000-24,999",west north central,non-suburban,11,8,3,6,5,6,0,2,0,0,0,0,0,0,0,0,0,0,1,0,0,2,1,1,0,1,0,0,0,0,0,0,2,1,0,0,0,0,0,0,0,1,1,0,0,0,0,0,0,0,0,0,0,1,1,0,6,3,0,0,0
Deuel,2015,South Dakota,SD,4281,SD01900,SD0190000,46,039,46039,sheriffs office,"non-msa cnty under 10,000",west north central,non-suburban,0,0,0,0,0,0,0,0,0,0,0,0,0,0,0,0,0,0,0,0,0,0,0,0,0,0,0,0,0,0,0,0,0,0,0,0,0,0,0,0,0,0,0,0,0,0,0,0,0,0,0,0,0,0,0,0,0,0,0,0,0
Dewey,2015,South Dakota,SD,5157,SD02000,SD0200000,46,041,46041,sheriffs office,"non-msa cnty under 10,000",west north central,non-suburban,1,0,1,1,0,0,1,0,1,0,0,1,0,0,0,0,0,0,0,0,0,0,0,0,0,0,0,0,0,0,0,0,0,0,0,0,0,0,0,0,0,0,0,0,0,0,0,0,0,0,0,0,0,0,0,0,0,0,0,0,1
Cheyenne River Tribal,2015,South Dakota,SD,0,SD02001,SD0200100,46,041,46041,local police department,"cities under 2,500",west north central,non-suburban,3,1,2,3,0,1,2,0,2,0,0,1,0,1,0,0,0,0,0,0,0,0,1,0,0,0,0,0,0,0,0,0,0,0,0,0,0,0,0,0,0,0,0,0,0,0,0,0,0,0,0,0,0,0,0,0,1,0,0,0,2
Douglas,2015,South Dakota,SD,2953,SD02100,SD0210000,46,043,46043,sheriffs office,"non-msa cnty under 10,000",west north central,non-suburban,0,0,0,0,0,0,0,0,0,0,0,0,0,0,0,0,0,0,0,0,0,0,0,0,0,0,0,0,0,0,0,0,0,0,0,0,0,0,0,0,0,0,0,0,0,0,0,0,0,0,0,0,0,0,0,0,0,0,0,0,0
Edmunds,2015,South Dakota,SD,3940,SD02200,SD0220000,46,045,46045,sheriffs office,"non-msa cnty under 10,000",west north central,non-suburban,0,0,0,0,0,0,0,0,0,0,0,0,0,0,0,0,0,0,0,0,0,0,0,0,0,0,0,0,0,0,0,0,0,0,0,0,0,0,0,0,0,0,0,0,0,0,0,0,0,0,0,0,0,0,0,0,0,0,0,0,0
Hot Springs,2015,South Dakota,SD,3464,SD02302,SD0230200,46,047,46047,local police department,"cities 2,500-9,999",west north central,non-suburban,0,0,0,0,0,0,0,0,0,0,0,0,0,0,0,0,0,0,0,0,0,0,0,0,0,0,0,0,0,0,0,0,0,0,0,0,0,0,0,0,0,0,0,0,0,0,0,0,0,0,0,0,0,0,0,0,0,0,0,0,0
Faulk,2015,South Dakota,SD,2343,SD02400,SD0240000,46,049,46049,sheriffs office,"non-msa cnty under 10,000",west north central,non-suburban,0,0,0,0,0,0,0,0,0,0,0,0,0,0,0,0,0,0,0,0,0,0,0,0,0,0,0,0,0,0,0,0,0,0,0,0,0,0,0,0,0,0,0,0,0,0,0,0,0,0,0,0,0,0,0,0,0,0,0,0,0
Hamlin,2015,South Dakota,SD,5225,SD02800,SD0280000,46,057,46057,sheriffs office,"non-msa cnty under 10,000",west north central,non-suburban,0,0,0,0,0,0,0,0,0,0,0,0,0,0,0,0,0,0,0,0,0,0,0,0,0,0,0,0,0,0,0,0,0,0,0,0,0,0,0,0,0,0,0,0,0,0,0,0,0,0,0,0,0,0,0,0,0,0,0,0,0
Hand,2015,South Dakota,SD,1879,SD02900,SD0290000,46,059,46059,sheriffs office,"non-msa cnty under 10,000",west north central,non-suburban,1,1,0,1,0,1,0,0,0,0,0,0,0,0,0,0,0,0,0,0,0,0,0,1,0,0,0,0,0,0,0,0,0,0,0,0,0,0,0,0,0,0,0,0,0,0,0,0,0,0,0,0,0,1,0,0,0,0,0,0,0
Miller,2015,South Dakota,SD,1428,SD02901,SD0290100,46,059,46059,local police department,"cities under 2,500",west north central,non-suburban,0,0,0,0,0,0,0,0,0,0,0,0,0,0,0,0,0,0,0,0,0,0,0,0,0,0,0,0,0,0,0,0,0,0,0,0,0,0,0,0,0,0,0,0,0,0,0,0,0,0,0,0,0,0,0,0,0,0,0,0,0
Harding,2015,South Dakota,SD,1246,SD03100,SD0310000,46,063,46063,sheriffs office,"non-msa cnty under 10,000",west north central,non-suburban,1,1,0,1,0,1,0,0,0,0,0,0,0,0,0,0,0,0,0,0,0,0,0,1,0,0,0,0,0,0,0,0,0,0,0,0,0,0,0,0,0,0,0,0,0,0,0,0,0,0,0,0,0,1,0,0,0,0,0,0,0
Hughes,2015,South Dakota,SD,3549,SD03200,SD0320000,46,065,46065,sheriffs office,"non-msa cnty under 10,000",west north central,non-suburban,0,0,0,0,0,0,0,0,0,0,0,0,0,0,0,0,0,0,0,0,0,0,0,0,0,0,0,0,0,0,0,0,0,0,0,0,0,0,0,0,0,0,0,0,0,0,0,0,0,0,0,0,0,0,0,0,0,0,0,0,0
Pierre,2015,South Dakota,SD,14150,SD03201,SD0320100,46,065,46065,local police department,"cities 10,000-24,999",west north central,non-suburban,1,1,0,1,0,1,0,0,0,0,0,0,0,0,0,1,0,0,0,0,0,0,0,0,0,0,0,0,0,0,0,0,0,0,0,0,0,0,0,0,0,0,0,0,0,0,0,0,0,0,0,0,0,1,0,0,0,0,0,0,0
Highway Patrol,2015,South Dakota,SD,0,SD03299,NA,NA,NA,NA,NA,non-msa state police,west north central,non-suburban,6,6,0,4,2,4,0,2,0,0,0,0,0,0,0,0,0,0,0,0,1,0,0,1,1,0,0,1,0,0,0,0,0,0,0,0,0,0,0,0,0,0,0,0,0,0,1,1,0,0,0,0,0,2,0,0,1,0,0,0,0
Parkston,2015,South Dakota,SD,1467,SD03302,SD0330200,46,067,46067,local police department,"cities under 2,500",west north central,non-suburban,1,1,0,1,0,1,0,0,0,0,0,0,0,0,0,0,0,0,0,0,0,0,0,0,1,0,0,0,0,0,0,0,0,0,0,0,0,0,0,0,0,0,0,0,0,0,0,0,0,0,0,0,0,1,0,0,0,0,0,0,0
Tripp,2015,South Dakota,SD,622,SD03304,SD0330400,46,067,46067,local police department,"cities under 2,500",west north central,non-suburban,0,0,0,0,0,0,0,0,0,0,0,0,0,0,0,0,0,0,0,0,0,0,0,0,0,0,0,0,0,0,0,0,0,0,0,0,0,0,0,0,0,0,0,0,0,0,0,0,0,0,0,0,0,0,0,0,0,0,0,0,0
Kadoka,2015,South Dakota,SD,710,SD03501,SD0350100,46,071,46071,local police department,"cities under 2,500",west north central,non-suburban,1,1,0,1,0,1,0,0,0,0,0,0,0,0,0,0,0,0,0,0,0,0,1,0,0,0,0,0,0,0,0,0,0,0,0,0,0,0,0,0,0,0,0,0,0,0,0,0,0,0,0,0,0,0,0,0,1,0,0,0,0
Jerauld,2015,South Dakota,SD,1978,SD03600,SD0360000,46,073,46073,sheriffs office,"non-msa cnty under 10,000",west north central,non-suburban,0,0,0,0,0,0,0,0,0,0,0,0,0,0,0,0,0,0,0,0,0,0,0,0,0,0,0,0,0,0,0,0,0,0,0,0,0,0,0,0,0,0,0,0,0,0,0,0,0,0,0,0,0,0,0,0,0,0,0,0,0
Madison,2015,South Dakota,SD,7282,SD03901,SD0390100,46,079,46079,local police department,"cities 2,500-9,999",west north central,non-suburban,0,0,0,0,0,0,0,0,0,0,0,0,0,0,0,0,0,0,0,0,0,0,0,0,0,0,0,0,0,0,0,0,0,0,0,0,0,0,0,0,0,0,0,0,0,0,0,0,0,0,0,0,0,0,0,0,0,0,0,0,0
Lawrence,2015,South Dakota,SD,8245,SD04000,SD0400000,46,081,46081,sheriffs office,"non-msa cnty under 10,000",west north central,non-suburban,0,0,0,0,0,0,0,0,0,0,0,0,0,0,0,0,0,0,0,0,0,0,0,0,0,0,0,0,0,0,0,0,0,0,0,0,0,0,0,0,0,0,0,0,0,0,0,0,0,0,0,0,0,0,0,0,0,0,0,0,0
Deadwood,2015,South Dakota,SD,1258,SD04001,SD0400100,46,081,46081,local police department,"cities under 2,500",west north central,non-suburban,0,0,0,0,0,0,0,0,0,0,0,0,0,0,0,0,0,0,0,0,0,0,0,0,0,0,0,0,0,0,0,0,0,0,0,0,0,0,0,0,0,0,0,0,0,0,0,0,0,0,0,0,0,0,0,0,0,0,0,0,0
Lead,2015,South Dakota,SD,3006,SD04002,SD0400200,46,081,46081,local police department,"cities 2,500-9,999",west north central,non-suburban,0,0,0,0,0,0,0,0,0,0,0,0,0,0,0,0,0,0,0,0,0,0,0,0,0,0,0,0,0,0,0,0,0,0,0,0,0,0,0,0,0,0,0,0,0,0,0,0,0,0,0,0,0,0,0,0,0,0,0,0,0
Spearfish,2015,South Dakota,SD,11225,SD04003,SD0400300,46,081,46081,local police department,"cities 10,000-24,999",west north central,non-suburban,2,2,0,2,0,2,0,0,0,0,0,0,0,0,0,0,1,1,0,0,0,0,0,0,0,0,0,0,0,0,0,0,0,0,0,0,0,0,0,0,0,0,0,0,0,0,0,0,0,0,0,0,0,2,0,0,0,0,0,0,0
Lincoln,2015,South Dakota,SD,15940,SD04100,SD0410000,46,083,46083,sheriffs office,"msa cnty 10,000-24,999",west north central,suburban,1,1,0,1,0,1,0,0,0,0,0,0,0,0,0,0,0,0,0,0,0,0,0,0,0,1,0,0,0,0,0,0,0,0,0,0,0,0,0,0,0,0,0,0,0,0,0,0,0,0,0,0,0,1,0,0,0,0,0,0,0
Canton,2015,South Dakota,SD,3375,SD04101,SD0410100,46,083,46083,local police department,"cities 2,500-9,999",west north central,suburban,3,1,2,2,1,0,2,1,2,0,0,0,2,0,0,0,0,0,0,0,0,0,0,0,0,0,0,0,0,0,0,0,0,0,0,0,0,0,0,0,1,0,0,0,0,0,0,0,0,0,0,0,0,0,0,0,1,2,0,0,0
Lennox,2015,South Dakota,SD,2302,SD04102,SD0410200,46,083,46083,local police department,"cities under 2,500",west north central,suburban,0,0,0,0,0,0,0,0,0,0,0,0,0,0,0,0,0,0,0,0,0,0,0,0,0,0,0,0,0,0,0,0,0,0,0,0,0,0,0,0,0,0,0,0,0,0,0,0,0,0,0,0,0,0,0,0,0,0,0,0,0
Tea,2015,South Dakota,SD,4718,SD04105,SD0410500,46,083,46083,local police department,"cities 2,500-9,999",west north central,suburban,3,1,2,2,1,1,1,0,1,0,1,0,0,0,0,0,0,0,0,0,0,0,0,1,0,0,0,0,0,0,0,0,0,1,0,0,0,0,0,0,0,0,0,0,0,0,0,0,0,0,0,0,0,1,0,0,0,2,0,0,0
Lower Brule Tribal,2015,South Dakota,SD,0,SD04202,SD0420200,46,085,46085,local police department,"cities under 2,500",west north central,non-suburban,6,3,3,5,1,2,3,1,3,0,0,3,0,0,0,0,0,0,0,0,0,1,0,0,1,0,0,0,0,0,0,0,0,0,0,0,0,0,0,0,1,0,0,0,0,0,0,0,0,0,0,0,0,0,0,0,2,0,0,0,3
Mccook,2015,South Dakota,SD,5630,SD04300,SD0430000,46,087,46087,sheriffs office,"msa cnty under 10,000",west north central,suburban,0,0,0,0,0,0,0,0,0,0,0,0,0,0,0,0,0,0,0,0,0,0,0,0,0,0,0,0,0,0,0,0,0,0,0,0,0,0,0,0,0,0,0,0,0,0,0,0,0,0,0,0,0,0,0,0,0,0,0,0,0
Mcpherson,2015,South Dakota,SD,1970,SD04400,SD0440000,46,089,46089,sheriffs office,"non-msa cnty under 10,000",west north central,non-suburban,1,1,0,1,0,1,0,0,0,0,0,0,0,0,0,0,0,0,0,0,0,0,0,0,1,0,0,0,0,0,0,0,0,0,0,0,0,0,0,0,0,0,0,0,0,0,0,0,0,0,0,0,0,1,0,0,0,0,0,0,0
Marshall,2015,South Dakota,SD,4670,SD04500,SD0450000,46,091,46091,sheriffs office,"non-msa cnty under 10,000",west north central,non-suburban,1,1,0,1,0,1,0,0,0,0,0,0,0,0,0,0,0,0,0,0,0,0,0,0,0,0,0,0,0,0,1,0,0,0,0,0,0,0,0,0,0,0,0,0,0,0,0,0,0,0,0,0,0,1,0,0,0,0,0,0,0
Meade,2015,South Dakota,SD,14591,SD04600,SD0460000,46,093,46093,sheriffs office,"msa cnty 10,000-24,999",west north central,suburban,3,0,3,3,0,0,3,0,3,0,0,0,1,1,1,0,0,0,0,0,0,0,0,0,0,0,0,0,0,0,0,0,0,0,0,0,0,0,0,0,0,0,0,0,0,0,0,0,0,0,0,0,0,0,0,0,0,1,0,0,0
Sturgis,2015,South Dakota,SD,6767,SD04601,SD0460100,46,093,46093,local police department,"cities 2,500-9,999",west north central,suburban,2,1,1,2,0,1,1,0,1,0,0,0,1,0,0,0,0,0,0,1,0,0,0,0,0,0,0,0,0,0,0,0,0,0,0,0,0,0,0,0,0,0,0,0,0,0,0,0,0,0,0,0,0,1,0,0,0,1,0,0,0
Summerset,2015,South Dakota,SD,2195,SD04603,SD0460300,46,093,46093,local police department,"cities under 2,500",west north central,suburban,0,0,0,0,0,0,0,0,0,0,0,0,0,0,0,0,0,0,0,0,0,0,0,0,0,0,0,0,0,0,0,0,0,0,0,0,0,0,0,0,0,0,0,0,0,0,0,0,0,0,0,0,0,0,0,0,0,0,0,0,0
Mellette,2015,South Dakota,SD,2105,SD04700,SD0470000,46,095,46095,sheriffs office,"non-msa cnty under 10,000",west north central,non-suburban,1,1,0,0,1,0,0,1,0,0,0,0,0,0,0,0,0,0,0,0,0,0,0,0,0,0,0,0,0,0,0,0,0,0,0,0,0,0,0,0,0,0,0,0,0,1,0,0,0,0,0,0,0,1,0,0,0,0,0,0,0
Miner,2015,South Dakota,SD,2288,SD04800,SD0480000,46,097,46097,sheriffs office,"non-msa cnty under 10,000",west north central,non-suburban,0,0,0,0,0,0,0,0,0,0,0,0,0,0,0,0,0,0,0,0,0,0,0,0,0,0,0,0,0,0,0,0,0,0,0,0,0,0,0,0,0,0,0,0,0,0,0,0,0,0,0,0,0,0,0,0,0,0,0,0,0
Minnehaha,2015,South Dakota,SD,28313,SD04900,SD0490000,46,099,46099,sheriffs office,"msa cnty 25,000-99,999",west north central,suburban,3,1,2,3,0,1,2,0,2,0,0,0,2,0,0,0,0,0,0,1,0,0,0,0,0,0,0,0,0,0,0,0,0,0,0,0,0,0,0,0,0,0,0,0,0,0,0,0,0,0,0,0,0,1,0,0,0,2,0,0,0
Sioux Falls,2015,South Dakota,SD,172313,SD04902,SD0490200,46,099,46099,local police department,"cities 100,000-249,999",west north central,non-suburban,98,62,36,74,24,47,27,15,27,0,2,11,5,5,4,11,6,4,1,1,2,2,4,9,3,1,3,0,0,0,0,0,1,4,3,0,1,2,1,1,1,3,0,1,1,3,1,1,0,0,0,0,0,15,11,1,33,11,6,0,19
Brandon,2015,South Dakota,SD,9992,SD04903,SD0490300,46,099,46099,local police department,"cities 2,500-9,999",west north central,suburban,0,0,0,0,0,0,0,0,0,0,0,0,0,0,0,0,0,0,0,0,0,0,0,0,0,0,0,0,0,0,0,0,0,0,0,0,0,0,0,0,0,0,0,0,0,0,0,0,0,0,0,0,0,0,0,0,0,0,0,0,0
Moody,2015,South Dakota,SD,4035,SD05000,SD0500000,46,101,46101,sheriffs office,"non-msa cnty under 10,000",west north central,non-suburban,1,1,0,1,0,1,0,0,0,0,0,0,0,0,0,0,0,1,0,0,0,0,0,0,0,0,0,0,0,0,0,0,0,0,0,0,0,0,0,0,0,0,0,0,0,0,0,0,0,0,0,0,0,0,1,0,0,0,0,0,0
Flandreau,2015,South Dakota,SD,2268,SD05001,SD0500100,46,101,46101,local police department,"cities under 2,500",west north central,non-suburban,0,0,0,0,0,0,0,0,0,0,0,0,0,0,0,0,0,0,0,0,0,0,0,0,0,0,0,0,0,0,0,0,0,0,0,0,0,0,0,0,0,0,0,0,0,0,0,0,0,0,0,0,0,0,0,0,0,0,0,0,0
Pennington,2015,South Dakota,SD,29292,SD05100,SD0510000,46,103,46103,sheriffs office,"msa cnty 25,000-99,999",west north central,suburban,3,2,1,3,0,2,1,0,1,0,0,0,0,1,0,0,0,0,0,0,0,0,1,0,0,0,1,0,0,0,0,0,0,0,0,0,0,0,0,0,0,0,0,0,0,0,0,0,0,0,0,0,0,1,0,0,1,0,0,0,1
Rapid City,2015,South Dakota,SD,73801,SD05101,SD0510100,46,103,46103,local police department,"cities 50,000-99,999",west north central,non-suburban,12,10,2,7,5,6,1,4,1,0,0,0,0,1,0,0,0,1,0,0,2,0,1,0,0,0,1,0,0,1,0,0,0,0,0,0,1,0,0,0,0,0,0,0,2,2,0,0,0,0,0,0,0,1,0,0,9,0,0,0,2
Box Elder,2015,South Dakota,SD,9614,SD05103,SD0510300,46,103,46103,local police department,"cities 2,500-9,999",west north central,suburban,0,0,0,0,0,0,0,0,0,0,0,0,0,0,0,0,0,0,0,0,0,0,0,0,0,0,0,0,0,0,0,0,0,0,0,0,0,0,0,0,0,0,0,0,0,0,0,0,0,0,0,0,0,0,0,0,0,0,0,0,0
Perkins,2015,South Dakota,SD,3032,SD05200,SD0520000,46,105,46105,sheriffs office,"non-msa cnty under 10,000",west north central,non-suburban,0,0,0,0,0,0,0,0,0,0,0,0,0,0,0,0,0,0,0,0,0,0,0,0,0,0,0,0,0,0,0,0,0,0,0,0,0,0,0,0,0,0,0,0,0,0,0,0,0,0,0,0,0,0,0,0,0,0,0,0,0
Gettysburg,2015,South Dakota,SD,1174,SD05301,SD0530100,46,107,46107,local police department,"cities under 2,500",west north central,non-suburban,1,1,0,0,1,0,0,1,0,0,0,0,0,0,0,0,0,0,0,0,0,0,0,0,0,0,0,0,0,0,0,0,0,0,0,0,0,0,0,0,0,0,0,0,0,0,1,0,0,0,0,0,0,1,0,0,0,0,0,0,0
Roberts,2015,South Dakota,SD,7456,SD05400,SD0540000,46,109,46109,sheriffs office,"non-msa cnty under 10,000",west north central,non-suburban,1,1,0,1,0,1,0,0,0,0,0,0,0,0,0,0,0,0,1,0,0,0,0,0,0,0,0,0,0,0,0,0,0,0,0,0,0,0,0,0,0,0,0,0,0,0,0,0,0,0,0,0,0,0,0,0,1,0,0,0,0
Sisseton,2015,South Dakota,SD,2480,SD05401,SD0540100,46,109,46109,local police department,"cities under 2,500",west north central,non-suburban,1,0,1,0,1,0,0,0,0,0,0,0,0,0,0,0,0,0,0,0,0,0,0,0,0,0,0,0,0,0,0,0,0,0,0,1,0,0,0,0,0,0,0,0,0,0,0,0,0,0,0,0,0,0,0,0,0,0,0,0,1
Sisseton-wahpeton Tribal,2015,South Dakota,SD,0,SD05402,SD0540200,46,109,46109,local police department,"cities under 2,500",west north central,non-suburban,6,0,6,3,3,0,3,0,3,0,0,1,1,0,1,0,0,0,0,0,0,0,0,0,0,0,0,0,0,0,0,0,0,0,0,2,1,0,0,0,0,0,0,0,0,0,0,0,0,0,0,0,0,0,0,0,0,0,0,0,6
Pine Ridge Sioux Tribal,2015,South Dakota,SD,0,SD05602,SD0560200,46,113,46113,local police department,"cities under 2,500",west north central,non-suburban,18,13,5,16,2,11,5,2,5,0,0,0,3,0,2,1,1,0,0,0,1,1,3,1,3,0,0,0,0,0,0,0,0,0,0,0,0,1,0,0,0,0,0,0,1,0,0,0,0,0,0,0,0,0,0,0,13,0,0,0,4
Spink,2015,South Dakota,SD,6612,SD05700,SD0570000,46,115,46115,sheriffs office,"non-msa cnty under 10,000",west north central,non-suburban,0,0,0,0,0,0,0,0,0,0,0,0,0,0,0,0,0,0,0,0,0,0,0,0,0,0,0,0,0,0,0,0,0,0,0,0,0,0,0,0,0,0,0,0,0,0,0,0,0,0,0,0,0,0,0,0,0,0,0,0,0
Stanley,2015,South Dakota,SD,2967,SD05800,SD0580000,46,117,46117,sheriffs office,"non-msa cnty under 10,000",west north central,non-suburban,2,1,1,2,0,1,1,0,1,0,0,0,0,0,1,0,0,0,0,0,0,1,0,0,0,0,0,0,0,0,0,0,0,0,0,0,0,0,0,0,0,0,0,0,0,0,0,0,0,0,0,0,0,0,0,0,1,0,0,0,1
Sully,2015,South Dakota,SD,1448,SD05900,SD0590000,46,119,46119,sheriffs office,"non-msa cnty under 10,000",west north central,non-suburban,0,0,0,0,0,0,0,0,0,0,0,0,0,0,0,0,0,0,0,0,0,0,0,0,0,0,0,0,0,0,0,0,0,0,0,0,0,0,0,0,0,0,0,0,0,0,0,0,0,0,0,0,0,0,0,0,0,0,0,0,0
Rosebud Tribal,2015,South Dakota,SD,0,SD06002,SD0600200,46,121,46121,local police department,"cities under 2,500",west north central,non-suburban,9,0,9,0,9,0,0,0,0,0,0,0,0,0,0,0,0,0,0,0,0,0,0,0,0,0,0,0,0,0,0,0,3,4,0,2,0,0,0,0,0,0,0,0,0,0,0,0,0,0,0,0,0,0,0,0,0,0,0,0,9
Tripp,2015,South Dakota,SD,2607,SD06100,SD0610000,46,123,46123,sheriffs office,"non-msa cnty under 10,000",west north central,non-suburban,1,1,0,0,1,0,0,1,0,0,0,0,0,0,0,0,0,0,0,0,0,0,0,0,0,0,0,0,0,0,0,0,0,0,0,0,0,0,0,0,0,0,0,0,0,0,1,0,0,0,0,0,0,1,0,0,0,0,0,0,0
Winner,2015,South Dakota,SD,2846,SD06101,SD0610100,46,123,46123,local police department,"cities 2,500-9,999",west north central,non-suburban,1,1,0,1,0,1,0,0,0,0,0,0,0,0,0,0,0,0,0,1,0,0,0,0,0,0,0,0,0,0,0,0,0,0,0,0,0,0,0,0,0,0,0,0,0,0,0,0,0,0,0,0,0,0,0,0,1,0,0,0,0
Turner,2015,South Dakota,SD,6350,SD06200,SD0620000,46,125,46125,sheriffs office,"msa cnty under 10,000",west north central,suburban,1,1,0,1,0,1,0,0,0,0,0,0,0,0,0,0,0,0,0,0,0,0,0,0,0,0,1,0,0,0,0,0,0,0,0,0,0,0,0,0,0,0,0,0,0,0,0,0,0,0,0,0,0,1,0,0,0,0,0,0,0
Union,2015,South Dakota,SD,7553,SD06300,SD0630000,46,127,46127,sheriffs office,"msa cnty under 10,000",west north central,suburban,0,0,0,0,0,0,0,0,0,0,0,0,0,0,0,0,0,0,0,0,0,0,0,0,0,0,0,0,0,0,0,0,0,0,0,0,0,0,0,0,0,0,0,0,0,0,0,0,0,0,0,0,0,0,0,0,0,0,0,0,0
Beresford,2015,South Dakota,SD,2029,SD06301,SD0630100,46,127,46127,local police department,"cities under 2,500",west north central,suburban,0,0,0,0,0,0,0,0,0,0,0,0,0,0,0,0,0,0,0,0,0,0,0,0,0,0,0,0,0,0,0,0,0,0,0,0,0,0,0,0,0,0,0,0,0,0,0,0,0,0,0,0,0,0,0,0,0,0,0,0,0
North Sioux City,2015,South Dakota,SD,2663,SD06305,SD0630500,46,127,46127,local police department,"cities 2,500-9,999",west north central,suburban,0,0,0,0,0,0,0,0,0,0,0,0,0,0,0,0,0,0,0,0,0,0,0,0,0,0,0,0,0,0,0,0,0,0,0,0,0,0,0,0,0,0,0,0,0,0,0,0,0,0,0,0,0,0,0,0,0,0,0,0,0
Mobridge,2015,South Dakota,SD,3527,SD06401,SD0640100,46,129,46129,local police department,"cities 2,500-9,999",west north central,non-suburban,2,1,1,1,1,0,1,1,1,0,0,0,0,0,1,0,0,0,0,0,0,0,0,0,0,0,0,0,0,0,0,0,0,0,0,0,0,0,0,0,0,0,0,0,1,0,0,0,0,0,0,0,0,0,0,0,1,0,0,0,1
Yankton,2015,South Dakota,SD,8050,SD06600,SD0660000,46,135,46135,sheriffs office,"non-msa cnty under 10,000",west north central,non-suburban,0,0,0,0,0,0,0,0,0,0,0,0,0,0,0,0,0,0,0,0,0,0,0,0,0,0,0,0,0,0,0,0,0,0,0,0,0,0,0,0,0,0,0,0,0,0,0,0,0,0,0,0,0,0,0,0,0,0,0,0,0
Yankton,2015,South Dakota,SD,14573,SD06601,SD0660100,46,135,46135,local police department,"cities 10,000-24,999",west north central,non-suburban,1,1,0,1,0,1,0,0,0,0,0,0,0,0,0,0,1,0,0,0,0,0,0,0,0,0,0,0,0,0,0,0,0,0,0,0,0,0,0,0,0,0,0,0,0,0,0,0,0,0,0,0,0,0,1,0,0,0,0,0,0
Div Of Criminal Invest,2015,South Dakota,SD,0,SDDCI00,SDDCI0000,46,065,46065,special jurisdiction,non-msa state police,west north central,non-suburban,0,0,0,0,0,0,0,0,0,0,0,0,0,0,0,0,0,0,0,0,0,0,0,0,0,0,0,0,0,0,0,0,0,0,0,0,0,0,0,0,0,0,0,0,0,0,0,0,0,0,0,0,0,0,0,0,0,0,0,0,0
Flandreau Tribal,2015,South Dakota,SD,0,SDDI017,SDDI01700,46,101,46101,local police department,"cities under 2,500",west north central,non-suburban,0,0,0,0,0,0,0,0,0,0,0,0,0,0,0,0,0,0,0,0,0,0,0,0,0,0,0,0,0,0,0,0,0,0,0,0,0,0,0,0,0,0,0,0,0,0,0,0,0,0,0,0,0,0,0,0,0,0,0,0,0
