agency,ORI,year,state,population,aggravated_assault_total_adult,aggravated_assault_total_juvenile,aggravated_assault_total_arrests,aggravated_assault_total_male_adult,aggravated_assault_total_female_adult,aggravated_assault_total_male_juvenile,aggravated_assault_total_female_juvenile,aggravated_assault_total_male,aggravated_assault_total_female,aggravated_assault_adult_american_indian,aggravated_assault_adult_asian,aggravated_assault_adult_black,aggravated_assault_adult_white,aggravated_assault_juvenile_american_indian,aggravated_assault_juvenile_asian,aggravated_assault_juvenile_black,aggravated_assault_juvenile_white,aggravated_assault_total_american_indian,aggravated_assault_total_asian,aggravated_assault_total_black,aggravated_assault_total_white,aggravated_assault_adult_hispanic,aggravated_assault_adult_non_hispanic,aggravated_assault_juvenile_hispanic,aggravated_assault_juvenile_non_hispanic,aggravated_assault_total_hispanic,aggravated_assault_total_non_hispanic,all_other_offenses_excluding_traffic_total_adult,all_other_offenses_excluding_traffic_total_juvenile,all_other_offenses_excluding_traffic_total_arrests,all_other_offenses_excluding_traffic_total_male_adult,all_other_offenses_excluding_traffic_total_female_adult,all_other_offenses_excluding_traffic_total_male_juvenile,all_other_offenses_excluding_traffic_total_female_juvenile,all_other_offenses_excluding_traffic_total_male,all_other_offenses_excluding_traffic_total_female,all_other_offenses_excluding_traffic_adult_american_indian,all_other_offenses_excluding_traffic_adult_asian,all_other_offenses_excluding_traffic_adult_black,all_other_offenses_excluding_traffic_adult_white,all_other_offenses_excluding_traffic_juvenile_american_indian,all_other_offenses_excluding_traffic_juvenile_asian,all_other_offenses_excluding_traffic_juvenile_black,all_other_offenses_excluding_traffic_juvenile_white,all_other_offenses_excluding_traffic_total_american_indian,all_other_offenses_excluding_traffic_total_asian,all_other_offenses_excluding_traffic_total_black,all_other_offenses_excluding_traffic_total_white,all_other_offenses_excluding_traffic_adult_hispanic,all_other_offenses_excluding_traffic_adult_non_hispanic,all_other_offenses_excluding_traffic_juvenile_hispanic,all_other_offenses_excluding_traffic_juvenile_non_hispanic,all_other_offenses_excluding_traffic_total_hispanic,all_other_offenses_excluding_traffic_total_non_hispanic,arson_total_adult,arson_total_juvenile,arson_total_arrests,arson_total_male_adult,arson_total_female_adult,arson_total_male_juvenile,arson_total_female_juvenile,arson_total_male,arson_total_female,arson_adult_american_indian,arson_adult_asian,arson_adult_black,arson_adult_white,arson_juvenile_american_indian,arson_juvenile_asian,arson_juvenile_black,arson_juvenile_white,arson_total_american_indian,arson_total_asian,arson_total_black,arson_total_white,arson_adult_hispanic,arson_adult_non_hispanic,arson_juvenile_hispanic,arson_juvenile_non_hispanic,arson_total_hispanic,arson_total_non_hispanic,burglary_total_adult,burglary_total_juvenile,burglary_total_arrests,burglary_total_male_adult,burglary_total_female_adult,burglary_total_male_juvenile,burglary_total_female_juvenile,burglary_total_male,burglary_total_female,burglary_adult_american_indian,burglary_adult_asian,burglary_adult_black,burglary_adult_white,burglary_juvenile_american_indian,burglary_juvenile_asian,burglary_juvenile_black,burglary_juvenile_white,burglary_total_american_indian,burglary_total_asian,burglary_total_black,burglary_total_white,burglary_adult_hispanic,burglary_adult_non_hispanic,burglary_juvenile_hispanic,burglary_juvenile_non_hispanic,burglary_total_hispanic,burglary_total_non_hispanic,curfew_loitering_total_adult,curfew_loitering_total_juvenile,curfew_loitering_total_arrests,curfew_loitering_total_male_adult,curfew_loitering_total_female_adult,curfew_loitering_total_male_juvenile,curfew_loitering_total_female_juvenile,curfew_loitering_total_male,curfew_loitering_total_female,curfew_loitering_adult_american_indian,curfew_loitering_adult_asian,curfew_loitering_adult_black,curfew_loitering_adult_white,curfew_loitering_juvenile_american_indian,curfew_loitering_juvenile_asian,curfew_loitering_juvenile_black,curfew_loitering_juvenile_white,curfew_loitering_total_american_indian,curfew_loitering_total_asian,curfew_loitering_total_black,curfew_loitering_total_white,curfew_loitering_adult_hispanic,curfew_loitering_adult_non_hispanic,curfew_loitering_juvenile_hispanic,curfew_loitering_juvenile_non_hispanic,curfew_loitering_total_hispanic,curfew_loitering_total_non_hispanic,disorderly_conduct_total_adult,disorderly_conduct_total_juvenile,disorderly_conduct_total_arrests,disorderly_conduct_total_male_adult,disorderly_conduct_total_female_adult,disorderly_conduct_total_male_juvenile,disorderly_conduct_total_female_juvenile,disorderly_conduct_total_male,disorderly_conduct_total_female,disorderly_conduct_adult_american_indian,disorderly_conduct_adult_asian,disorderly_conduct_adult_black,disorderly_conduct_adult_white,disorderly_conduct_juvenile_american_indian,disorderly_conduct_juvenile_asian,disorderly_conduct_juvenile_black,disorderly_conduct_juvenile_white,disorderly_conduct_total_american_indian,disorderly_conduct_total_asian,disorderly_conduct_total_black,disorderly_conduct_total_white,disorderly_conduct_adult_hispanic,disorderly_conduct_adult_non_hispanic,disorderly_conduct_juvenile_hispanic,disorderly_conduct_juvenile_non_hispanic,disorderly_conduct_total_hispanic,disorderly_conduct_total_non_hispanic,drug_possess_drug_total_adult_american_indian,drug_possess_drug_total_adult_asian,drug_possess_drug_total_adult_black,drug_possess_drug_total_adult_white,drug_possess_drug_total_adult_hispanic,drug_possess_drug_total_adult_non_hispanic,drug_possess_drug_total_total_adult,drug_possess_drug_total_juvenile_american_indian,drug_possess_drug_total_juvenile_asian,drug_possess_drug_total_juvenile_black,drug_possess_drug_total_juvenile_white,drug_possess_drug_total_juvenile_hispanic,drug_possess_drug_total_juvenile_non_hispanic,drug_possess_drug_total_total_juvenile,drug_possess_drug_total_total_arrests,drug_possess_drug_total_total_male_adult,drug_possess_drug_total_total_female_adult,drug_possess_drug_total_total_male_juvenile,drug_possess_drug_total_total_female_juvenile,drug_possess_drug_total_total_male,drug_possess_drug_total_total_female,drug_possess_drug_total_total_american_indian,drug_possess_drug_total_total_asian,drug_possess_drug_total_total_black,drug_possess_drug_total_total_white,drug_possess_drug_total_total_hispanic,drug_possess_drug_total_total_non_hispanic,drug_possess_marijuana_total_adult,drug_possess_marijuana_total_juvenile,drug_possess_marijuana_total_arrests,drug_possess_marijuana_total_male_adult,drug_possess_marijuana_total_female_adult,drug_possess_marijuana_total_male_juvenile,drug_possess_marijuana_total_female_juvenile,drug_possess_marijuana_total_male,drug_possess_marijuana_total_female,drug_possess_marijuana_adult_american_indian,drug_possess_marijuana_adult_asian,drug_possess_marijuana_adult_black,drug_possess_marijuana_adult_white,drug_possess_marijuana_juvenile_american_indian,drug_possess_marijuana_juvenile_asian,drug_possess_marijuana_juvenile_black,drug_possess_marijuana_juvenile_white,drug_possess_marijuana_total_american_indian,drug_possess_marijuana_total_asian,drug_possess_marijuana_total_black,drug_possess_marijuana_total_white,drug_possess_marijuana_adult_hispanic,drug_possess_marijuana_adult_non_hispanic,drug_possess_marijuana_juvenile_hispanic,drug_possess_marijuana_juvenile_non_hispanic,drug_possess_marijuana_total_hispanic,drug_possess_marijuana_total_non_hispanic,drug_possess_opium_and_cocaine_and_derivatives_including_heroin_total_adult,drug_possess_opium_and_cocaine_and_derivatives_including_heroin_total_juvenile,drug_possess_opium_and_cocaine_and_derivatives_including_heroin_total_arrests,drug_possess_opium_and_cocaine_and_derivatives_including_heroin_total_male_adult,drug_possess_opium_and_cocaine_and_derivatives_including_heroin_total_female_adult,drug_possess_opium_and_cocaine_and_derivatives_including_heroin_total_male_juvenile,drug_possess_opium_and_cocaine_and_derivatives_including_heroin_total_female_juvenile,drug_possess_opium_and_cocaine_and_derivatives_including_heroin_total_male,drug_possess_opium_and_cocaine_and_derivatives_including_heroin_total_female,drug_possess_opium_and_cocaine_and_derivatives_including_heroin_adult_american_indian,drug_possess_opium_and_cocaine_and_derivatives_including_heroin_adult_asian,drug_possess_opium_and_cocaine_and_derivatives_including_heroin_adult_black,drug_possess_opium_and_cocaine_and_derivatives_including_heroin_adult_white,drug_possess_opium_and_cocaine_and_derivatives_including_heroin_juvenile_american_indian,drug_possess_opium_and_cocaine_and_derivatives_including_heroin_juvenile_asian,drug_possess_opium_and_cocaine_and_derivatives_including_heroin_juvenile_black,drug_possess_opium_and_cocaine_and_derivatives_including_heroin_juvenile_white,drug_possess_opium_and_cocaine_and_derivatives_including_heroin_total_american_indian,drug_possess_opium_and_cocaine_and_derivatives_including_heroin_total_asian,drug_possess_opium_and_cocaine_and_derivatives_including_heroin_total_black,drug_possess_opium_and_cocaine_and_derivatives_including_heroin_total_white,drug_possess_opium_and_cocaine_and_derivatives_including_heroin_adult_hispanic,drug_possess_opium_and_cocaine_and_derivatives_including_heroin_adult_non_hispanic,drug_possess_opium_and_cocaine_and_derivatives_including_heroin_juvenile_hispanic,drug_possess_opium_and_cocaine_and_derivatives_including_heroin_juvenile_non_hispanic,drug_possess_opium_and_cocaine_and_derivatives_including_heroin_total_hispanic,drug_possess_opium_and_cocaine_and_derivatives_including_heroin_total_non_hispanic,drug_possess_other_drug_total_adult,drug_possess_other_drug_total_juvenile,drug_possess_other_drug_total_arrests,drug_possess_other_drug_total_male_adult,drug_possess_other_drug_total_female_adult,drug_possess_other_drug_total_male_juvenile,drug_possess_other_drug_total_female_juvenile,drug_possess_other_drug_total_male,drug_possess_other_drug_total_female,drug_possess_other_drug_adult_american_indian,drug_possess_other_drug_adult_asian,drug_possess_other_drug_adult_black,drug_possess_other_drug_adult_white,drug_possess_other_drug_juvenile_american_indian,drug_possess_other_drug_juvenile_asian,drug_possess_other_drug_juvenile_black,drug_possess_other_drug_juvenile_white,drug_possess_other_drug_total_american_indian,drug_possess_other_drug_total_asian,drug_possess_other_drug_total_black,drug_possess_other_drug_total_white,drug_possess_other_drug_adult_hispanic,drug_possess_other_drug_adult_non_hispanic,drug_possess_other_drug_juvenile_hispanic,drug_possess_other_drug_juvenile_non_hispanic,drug_possess_other_drug_total_hispanic,drug_possess_other_drug_total_non_hispanic,drug_possess_synthetic_narcotics_total_adult,drug_possess_synthetic_narcotics_total_juvenile,drug_possess_synthetic_narcotics_total_arrests,drug_possess_synthetic_narcotics_total_male_adult,drug_possess_synthetic_narcotics_total_female_adult,drug_possess_synthetic_narcotics_total_male_juvenile,drug_possess_synthetic_narcotics_total_female_juvenile,drug_possess_synthetic_narcotics_total_male,drug_possess_synthetic_narcotics_total_female,drug_possess_synthetic_narcotics_adult_american_indian,drug_possess_synthetic_narcotics_adult_asian,drug_possess_synthetic_narcotics_adult_black,drug_possess_synthetic_narcotics_adult_white,drug_possess_synthetic_narcotics_juvenile_american_indian,drug_possess_synthetic_narcotics_juvenile_asian,drug_possess_synthetic_narcotics_juvenile_black,drug_possess_synthetic_narcotics_juvenile_white,drug_possess_synthetic_narcotics_total_american_indian,drug_possess_synthetic_narcotics_total_asian,drug_possess_synthetic_narcotics_total_black,drug_possess_synthetic_narcotics_total_white,drug_possess_synthetic_narcotics_adult_hispanic,drug_possess_synthetic_narcotics_adult_non_hispanic,drug_possess_synthetic_narcotics_juvenile_hispanic,drug_possess_synthetic_narcotics_juvenile_non_hispanic,drug_possess_synthetic_narcotics_total_hispanic,drug_possess_synthetic_narcotics_total_non_hispanic,drug_sale_drug_total_adult_american_indian,drug_sale_drug_total_adult_asian,drug_sale_drug_total_adult_black,drug_sale_drug_total_adult_white,drug_sale_drug_total_adult_hispanic,drug_sale_drug_total_adult_non_hispanic,drug_sale_drug_total_total_adult,drug_sale_drug_total_juvenile_american_indian,drug_sale_drug_total_juvenile_asian,drug_sale_drug_total_juvenile_black,drug_sale_drug_total_juvenile_white,drug_sale_drug_total_juvenile_hispanic,drug_sale_drug_total_juvenile_non_hispanic,drug_sale_drug_total_total_juvenile,drug_sale_drug_total_total_arrests,drug_sale_drug_total_total_male_adult,drug_sale_drug_total_total_female_adult,drug_sale_drug_total_total_male_juvenile,drug_sale_drug_total_total_female_juvenile,drug_sale_drug_total_total_male,drug_sale_drug_total_total_female,drug_sale_drug_total_total_american_indian,drug_sale_drug_total_total_asian,drug_sale_drug_total_total_black,drug_sale_drug_total_total_white,drug_sale_drug_total_total_hispanic,drug_sale_drug_total_total_non_hispanic,drug_sale_marijuana_total_adult,drug_sale_marijuana_total_juvenile,drug_sale_marijuana_total_arrests,drug_sale_marijuana_total_male_adult,drug_sale_marijuana_total_female_adult,drug_sale_marijuana_total_male_juvenile,drug_sale_marijuana_total_female_juvenile,drug_sale_marijuana_total_male,drug_sale_marijuana_total_female,drug_sale_marijuana_adult_american_indian,drug_sale_marijuana_adult_asian,drug_sale_marijuana_adult_black,drug_sale_marijuana_adult_white,drug_sale_marijuana_juvenile_american_indian,drug_sale_marijuana_juvenile_asian,drug_sale_marijuana_juvenile_black,drug_sale_marijuana_juvenile_white,drug_sale_marijuana_total_american_indian,drug_sale_marijuana_total_asian,drug_sale_marijuana_total_black,drug_sale_marijuana_total_white,drug_sale_marijuana_adult_hispanic,drug_sale_marijuana_adult_non_hispanic,drug_sale_marijuana_juvenile_hispanic,drug_sale_marijuana_juvenile_non_hispanic,drug_sale_marijuana_total_hispanic,drug_sale_marijuana_total_non_hispanic,drug_sale_opium_and_cocaine_and_derivatives_including_heroin_total_adult,drug_sale_opium_and_cocaine_and_derivatives_including_heroin_total_juvenile,drug_sale_opium_and_cocaine_and_derivatives_including_heroin_total_arrests,drug_sale_opium_and_cocaine_and_derivatives_including_heroin_total_male_adult,drug_sale_opium_and_cocaine_and_derivatives_including_heroin_total_female_adult,drug_sale_opium_and_cocaine_and_derivatives_including_heroin_total_male_juvenile,drug_sale_opium_and_cocaine_and_derivatives_including_heroin_total_female_juvenile,drug_sale_opium_and_cocaine_and_derivatives_including_heroin_total_male,drug_sale_opium_and_cocaine_and_derivatives_including_heroin_total_female,drug_sale_opium_and_cocaine_and_derivatives_including_heroin_adult_american_indian,drug_sale_opium_and_cocaine_and_derivatives_including_heroin_adult_asian,drug_sale_opium_and_cocaine_and_derivatives_including_heroin_adult_black,drug_sale_opium_and_cocaine_and_derivatives_including_heroin_adult_white,drug_sale_opium_and_cocaine_and_derivatives_including_heroin_juvenile_american_indian,drug_sale_opium_and_cocaine_and_derivatives_including_heroin_juvenile_asian,drug_sale_opium_and_cocaine_and_derivatives_including_heroin_juvenile_black,drug_sale_opium_and_cocaine_and_derivatives_including_heroin_juvenile_white,drug_sale_opium_and_cocaine_and_derivatives_including_heroin_total_american_indian,drug_sale_opium_and_cocaine_and_derivatives_including_heroin_total_asian,drug_sale_opium_and_cocaine_and_derivatives_including_heroin_total_black,drug_sale_opium_and_cocaine_and_derivatives_including_heroin_total_white,drug_sale_opium_and_cocaine_and_derivatives_including_heroin_adult_hispanic,drug_sale_opium_and_cocaine_and_derivatives_including_heroin_adult_non_hispanic,drug_sale_opium_and_cocaine_and_derivatives_including_heroin_juvenile_hispanic,drug_sale_opium_and_cocaine_and_derivatives_including_heroin_juvenile_non_hispanic,drug_sale_opium_and_cocaine_and_derivatives_including_heroin_total_hispanic,drug_sale_opium_and_cocaine_and_derivatives_including_heroin_total_non_hispanic,drug_sale_other_drug_total_adult,drug_sale_other_drug_total_juvenile,drug_sale_other_drug_total_arrests,drug_sale_other_drug_total_male_adult,drug_sale_other_drug_total_female_adult,drug_sale_other_drug_total_male_juvenile,drug_sale_other_drug_total_female_juvenile,drug_sale_other_drug_total_male,drug_sale_other_drug_total_female,drug_sale_other_drug_adult_american_indian,drug_sale_other_drug_adult_asian,drug_sale_other_drug_adult_black,drug_sale_other_drug_adult_white,drug_sale_other_drug_juvenile_american_indian,drug_sale_other_drug_juvenile_asian,drug_sale_other_drug_juvenile_black,drug_sale_other_drug_juvenile_white,drug_sale_other_drug_total_american_indian,drug_sale_other_drug_total_asian,drug_sale_other_drug_total_black,drug_sale_other_drug_total_white,drug_sale_other_drug_adult_hispanic,drug_sale_other_drug_adult_non_hispanic,drug_sale_other_drug_juvenile_hispanic,drug_sale_other_drug_juvenile_non_hispanic,drug_sale_other_drug_total_hispanic,drug_sale_other_drug_total_non_hispanic,drug_sale_synthetic_narcotics_total_adult,drug_sale_synthetic_narcotics_total_juvenile,drug_sale_synthetic_narcotics_total_arrests,drug_sale_synthetic_narcotics_total_male_adult,drug_sale_synthetic_narcotics_total_female_adult,drug_sale_synthetic_narcotics_total_male_juvenile,drug_sale_synthetic_narcotics_total_female_juvenile,drug_sale_synthetic_narcotics_total_male,drug_sale_synthetic_narcotics_total_female,drug_sale_synthetic_narcotics_adult_american_indian,drug_sale_synthetic_narcotics_adult_asian,drug_sale_synthetic_narcotics_adult_black,drug_sale_synthetic_narcotics_adult_white,drug_sale_synthetic_narcotics_juvenile_american_indian,drug_sale_synthetic_narcotics_juvenile_asian,drug_sale_synthetic_narcotics_juvenile_black,drug_sale_synthetic_narcotics_juvenile_white,drug_sale_synthetic_narcotics_total_american_indian,drug_sale_synthetic_narcotics_total_asian,drug_sale_synthetic_narcotics_total_black,drug_sale_synthetic_narcotics_total_white,drug_sale_synthetic_narcotics_adult_hispanic,drug_sale_synthetic_narcotics_adult_non_hispanic,drug_sale_synthetic_narcotics_juvenile_hispanic,drug_sale_synthetic_narcotics_juvenile_non_hispanic,drug_sale_synthetic_narcotics_total_hispanic,drug_sale_synthetic_narcotics_total_non_hispanic,drug_total_drug_total_adult,drug_total_drug_total_juvenile,drug_total_drug_total_arrests,drug_total_drug_total_male_adult,drug_total_drug_total_female_adult,drug_total_drug_total_male_juvenile,drug_total_drug_total_female_juvenile,drug_total_drug_total_male,drug_total_drug_total_female,drug_total_drug_adult_american_indian,drug_total_drug_adult_asian,drug_total_drug_adult_black,drug_total_drug_adult_white,drug_total_drug_juvenile_american_indian,drug_total_drug_juvenile_asian,drug_total_drug_juvenile_black,drug_total_drug_juvenile_white,drug_total_drug_total_american_indian,drug_total_drug_total_asian,drug_total_drug_total_black,drug_total_drug_total_white,drug_total_drug_adult_hispanic,drug_total_drug_adult_non_hispanic,drug_total_drug_juvenile_hispanic,drug_total_drug_juvenile_non_hispanic,drug_total_drug_total_hispanic,drug_total_drug_total_non_hispanic,drunkenness_total_adult,drunkenness_total_juvenile,drunkenness_total_arrests,drunkenness_total_male_adult,drunkenness_total_female_adult,drunkenness_total_male_juvenile,drunkenness_total_female_juvenile,drunkenness_total_male,drunkenness_total_female,drunkenness_adult_american_indian,drunkenness_adult_asian,drunkenness_adult_black,drunkenness_adult_white,drunkenness_juvenile_american_indian,drunkenness_juvenile_asian,drunkenness_juvenile_black,drunkenness_juvenile_white,drunkenness_total_american_indian,drunkenness_total_asian,drunkenness_total_black,drunkenness_total_white,drunkenness_adult_hispanic,drunkenness_adult_non_hispanic,drunkenness_juvenile_hispanic,drunkenness_juvenile_non_hispanic,drunkenness_total_hispanic,drunkenness_total_non_hispanic,dui_total_adult,dui_total_juvenile,dui_total_arrests,dui_total_male_adult,dui_total_female_adult,dui_total_male_juvenile,dui_total_female_juvenile,dui_total_male,dui_total_female,dui_adult_american_indian,dui_adult_asian,dui_adult_black,dui_adult_white,dui_juvenile_american_indian,dui_juvenile_asian,dui_juvenile_black,dui_juvenile_white,dui_total_american_indian,dui_total_asian,dui_total_black,dui_total_white,dui_adult_hispanic,dui_adult_non_hispanic,dui_juvenile_hispanic,dui_juvenile_non_hispanic,dui_total_hispanic,dui_total_non_hispanic,embezzlement_total_adult,embezzlement_total_juvenile,embezzlement_total_arrests,embezzlement_total_male_adult,embezzlement_total_female_adult,embezzlement_total_male_juvenile,embezzlement_total_female_juvenile,embezzlement_total_male,embezzlement_total_female,embezzlement_adult_american_indian,embezzlement_adult_asian,embezzlement_adult_black,embezzlement_adult_white,embezzlement_juvenile_american_indian,embezzlement_juvenile_asian,embezzlement_juvenile_black,embezzlement_juvenile_white,embezzlement_total_american_indian,embezzlement_total_asian,embezzlement_total_black,embezzlement_total_white,embezzlement_adult_hispanic,embezzlement_adult_non_hispanic,embezzlement_juvenile_hispanic,embezzlement_juvenile_non_hispanic,embezzlement_total_hispanic,embezzlement_total_non_hispanic,family_offenses_total_adult,family_offenses_total_juvenile,family_offenses_total_arrests,family_offenses_total_male_adult,family_offenses_total_female_adult,family_offenses_total_male_juvenile,family_offenses_total_female_juvenile,family_offenses_total_male,family_offenses_total_female,family_offenses_adult_american_indian,family_offenses_adult_asian,family_offenses_adult_black,family_offenses_adult_white,family_offenses_juvenile_american_indian,family_offenses_juvenile_asian,family_offenses_juvenile_black,family_offenses_juvenile_white,family_offenses_total_american_indian,family_offenses_total_asian,family_offenses_total_black,family_offenses_total_white,family_offenses_adult_hispanic,family_offenses_adult_non_hispanic,family_offenses_juvenile_hispanic,family_offenses_juvenile_non_hispanic,family_offenses_total_hispanic,family_offenses_total_non_hispanic,forgery_and_counterfeiting_total_adult,forgery_and_counterfeiting_total_juvenile,forgery_and_counterfeiting_total_arrests,forgery_and_counterfeiting_total_male_adult,forgery_and_counterfeiting_total_female_adult,forgery_and_counterfeiting_total_male_juvenile,forgery_and_counterfeiting_total_female_juvenile,forgery_and_counterfeiting_total_male,forgery_and_counterfeiting_total_female,forgery_and_counterfeiting_adult_american_indian,forgery_and_counterfeiting_adult_asian,forgery_and_counterfeiting_adult_black,forgery_and_counterfeiting_adult_white,forgery_and_counterfeiting_juvenile_american_indian,forgery_and_counterfeiting_juvenile_asian,forgery_and_counterfeiting_juvenile_black,forgery_and_counterfeiting_juvenile_white,forgery_and_counterfeiting_total_american_indian,forgery_and_counterfeiting_total_asian,forgery_and_counterfeiting_total_black,forgery_and_counterfeiting_total_white,forgery_and_counterfeiting_adult_hispanic,forgery_and_counterfeiting_adult_non_hispanic,forgery_and_counterfeiting_juvenile_hispanic,forgery_and_counterfeiting_juvenile_non_hispanic,forgery_and_counterfeiting_total_hispanic,forgery_and_counterfeiting_total_non_hispanic,fraud_total_adult,fraud_total_juvenile,fraud_total_arrests,fraud_total_male_adult,fraud_total_female_adult,fraud_total_male_juvenile,fraud_total_female_juvenile,fraud_total_male,fraud_total_female,fraud_adult_american_indian,fraud_adult_asian,fraud_adult_black,fraud_adult_white,fraud_juvenile_american_indian,fraud_juvenile_asian,fraud_juvenile_black,fraud_juvenile_white,fraud_total_american_indian,fraud_total_asian,fraud_total_black,fraud_total_white,fraud_adult_hispanic,fraud_adult_non_hispanic,fraud_juvenile_hispanic,fraud_juvenile_non_hispanic,fraud_total_hispanic,fraud_total_non_hispanic,gambling_bookmaking_horse_and_sport_book_total_adult,gambling_bookmaking_horse_and_sport_book_total_juvenile,gambling_bookmaking_horse_and_sport_book_total_arrests,gambling_bookmaking_horse_and_sport_book_total_male_adult,gambling_bookmaking_horse_and_sport_book_total_female_adult,gambling_bookmaking_horse_and_sport_book_total_male_juvenile,gambling_bookmaking_horse_and_sport_book_total_female_juvenile,gambling_bookmaking_horse_and_sport_book_total_male,gambling_bookmaking_horse_and_sport_book_total_female,gambling_bookmaking_horse_and_sport_book_adult_american_indian,gambling_bookmaking_horse_and_sport_book_adult_asian,gambling_bookmaking_horse_and_sport_book_adult_black,gambling_bookmaking_horse_and_sport_book_adult_white,gambling_bookmaking_horse_and_sport_book_juvenile_american_indian,gambling_bookmaking_horse_and_sport_book_juvenile_asian,gambling_bookmaking_horse_and_sport_book_juvenile_black,gambling_bookmaking_horse_and_sport_book_juvenile_white,gambling_bookmaking_horse_and_sport_book_total_american_indian,gambling_bookmaking_horse_and_sport_book_total_asian,gambling_bookmaking_horse_and_sport_book_total_black,gambling_bookmaking_horse_and_sport_book_total_white,gambling_bookmaking_horse_and_sport_book_adult_hispanic,gambling_bookmaking_horse_and_sport_book_adult_non_hispanic,gambling_bookmaking_horse_and_sport_book_juvenile_hispanic,gambling_bookmaking_horse_and_sport_book_juvenile_non_hispanic,gambling_bookmaking_horse_and_sport_book_total_hispanic,gambling_bookmaking_horse_and_sport_book_total_non_hispanic,gambling_number_and_lottery_total_adult,gambling_number_and_lottery_total_juvenile,gambling_number_and_lottery_total_arrests,gambling_number_and_lottery_total_male_adult,gambling_number_and_lottery_total_female_adult,gambling_number_and_lottery_total_male_juvenile,gambling_number_and_lottery_total_female_juvenile,gambling_number_and_lottery_total_male,gambling_number_and_lottery_total_female,gambling_number_and_lottery_adult_american_indian,gambling_number_and_lottery_adult_asian,gambling_number_and_lottery_adult_black,gambling_number_and_lottery_adult_white,gambling_number_and_lottery_juvenile_american_indian,gambling_number_and_lottery_juvenile_asian,gambling_number_and_lottery_juvenile_black,gambling_number_and_lottery_juvenile_white,gambling_number_and_lottery_total_american_indian,gambling_number_and_lottery_total_asian,gambling_number_and_lottery_total_black,gambling_number_and_lottery_total_white,gambling_number_and_lottery_adult_hispanic,gambling_number_and_lottery_adult_non_hispanic,gambling_number_and_lottery_juvenile_hispanic,gambling_number_and_lottery_juvenile_non_hispanic,gambling_number_and_lottery_total_hispanic,gambling_number_and_lottery_total_non_hispanic,gambling_other_total_adult,gambling_other_total_juvenile,gambling_other_total_arrests,gambling_other_total_male_adult,gambling_other_total_female_adult,gambling_other_total_male_juvenile,gambling_other_total_female_juvenile,gambling_other_total_male,gambling_other_total_female,gambling_other_adult_american_indian,gambling_other_adult_asian,gambling_other_adult_black,gambling_other_adult_white,gambling_other_juvenile_american_indian,gambling_other_juvenile_asian,gambling_other_juvenile_black,gambling_other_juvenile_white,gambling_other_total_american_indian,gambling_other_total_asian,gambling_other_total_black,gambling_other_total_white,gambling_other_adult_hispanic,gambling_other_adult_non_hispanic,gambling_other_juvenile_hispanic,gambling_other_juvenile_non_hispanic,gambling_other_total_hispanic,gambling_other_total_non_hispanic,gambling_total_adult_american_indian,gambling_total_adult_asian,gambling_total_adult_black,gambling_total_adult_white,gambling_total_adult_hispanic,gambling_total_adult_non_hispanic,gambling_total_total_adult,gambling_total_juvenile_american_indian,gambling_total_juvenile_asian,gambling_total_juvenile_black,gambling_total_juvenile_white,gambling_total_juvenile_hispanic,gambling_total_juvenile_non_hispanic,gambling_total_total_juvenile,gambling_total_total_arrests,gambling_total_total_male_adult,gambling_total_total_female_adult,gambling_total_total_male_juvenile,gambling_total_total_female_juvenile,gambling_total_total_male,gambling_total_total_female,gambling_total_total_american_indian,gambling_total_total_asian,gambling_total_total_black,gambling_total_total_white,gambling_total_total_hispanic,gambling_total_total_non_hispanic,human_trafficking_commercial_sex_acts_total_adult,human_trafficking_commercial_sex_acts_total_juvenile,human_trafficking_commercial_sex_acts_total_arrests,human_trafficking_commercial_sex_acts_total_male_adult,human_trafficking_commercial_sex_acts_total_female_adult,human_trafficking_commercial_sex_acts_total_male_juvenile,human_trafficking_commercial_sex_acts_total_female_juvenile,human_trafficking_commercial_sex_acts_total_male,human_trafficking_commercial_sex_acts_total_female,human_trafficking_commercial_sex_acts_adult_american_indian,human_trafficking_commercial_sex_acts_adult_asian,human_trafficking_commercial_sex_acts_adult_black,human_trafficking_commercial_sex_acts_adult_white,human_trafficking_commercial_sex_acts_juvenile_american_indian,human_trafficking_commercial_sex_acts_juvenile_asian,human_trafficking_commercial_sex_acts_juvenile_black,human_trafficking_commercial_sex_acts_juvenile_white,human_trafficking_commercial_sex_acts_total_american_indian,human_trafficking_commercial_sex_acts_total_asian,human_trafficking_commercial_sex_acts_total_black,human_trafficking_commercial_sex_acts_total_white,human_trafficking_commercial_sex_acts_adult_hispanic,human_trafficking_commercial_sex_acts_adult_non_hispanic,human_trafficking_commercial_sex_acts_juvenile_hispanic,human_trafficking_commercial_sex_acts_juvenile_non_hispanic,human_trafficking_commercial_sex_acts_total_hispanic,human_trafficking_commercial_sex_acts_total_non_hispanic,human_trafficking_involuntary_servitude_total_adult,human_trafficking_involuntary_servitude_total_juvenile,human_trafficking_involuntary_servitude_total_arrests,human_trafficking_involuntary_servitude_total_male_adult,human_trafficking_involuntary_servitude_total_female_adult,human_trafficking_involuntary_servitude_total_male_juvenile,human_trafficking_involuntary_servitude_total_female_juvenile,human_trafficking_involuntary_servitude_total_male,human_trafficking_involuntary_servitude_total_female,human_trafficking_involuntary_servitude_adult_american_indian,human_trafficking_involuntary_servitude_adult_asian,human_trafficking_involuntary_servitude_adult_black,human_trafficking_involuntary_servitude_adult_white,human_trafficking_involuntary_servitude_juvenile_american_indian,human_trafficking_involuntary_servitude_juvenile_asian,human_trafficking_involuntary_servitude_juvenile_black,human_trafficking_involuntary_servitude_juvenile_white,human_trafficking_involuntary_servitude_total_american_indian,human_trafficking_involuntary_servitude_total_asian,human_trafficking_involuntary_servitude_total_black,human_trafficking_involuntary_servitude_total_white,human_trafficking_involuntary_servitude_adult_hispanic,human_trafficking_involuntary_servitude_adult_non_hispanic,human_trafficking_involuntary_servitude_juvenile_hispanic,human_trafficking_involuntary_servitude_juvenile_non_hispanic,human_trafficking_involuntary_servitude_total_hispanic,human_trafficking_involuntary_servitude_total_non_hispanic,liquor_laws_total_adult,liquor_laws_total_juvenile,liquor_laws_total_arrests,liquor_laws_total_male_adult,liquor_laws_total_female_adult,liquor_laws_total_male_juvenile,liquor_laws_total_female_juvenile,liquor_laws_total_male,liquor_laws_total_female,liquor_laws_adult_american_indian,liquor_laws_adult_asian,liquor_laws_adult_black,liquor_laws_adult_white,liquor_laws_juvenile_american_indian,liquor_laws_juvenile_asian,liquor_laws_juvenile_black,liquor_laws_juvenile_white,liquor_laws_total_american_indian,liquor_laws_total_asian,liquor_laws_total_black,liquor_laws_total_white,liquor_laws_adult_hispanic,liquor_laws_adult_non_hispanic,liquor_laws_juvenile_hispanic,liquor_laws_juvenile_non_hispanic,liquor_laws_total_hispanic,liquor_laws_total_non_hispanic,motor_vehicle_theft_total_adult,motor_vehicle_theft_total_juvenile,motor_vehicle_theft_total_arrests,motor_vehicle_theft_total_male_adult,motor_vehicle_theft_total_female_adult,motor_vehicle_theft_total_male_juvenile,motor_vehicle_theft_total_female_juvenile,motor_vehicle_theft_total_male,motor_vehicle_theft_total_female,motor_vehicle_theft_adult_american_indian,motor_vehicle_theft_adult_asian,motor_vehicle_theft_adult_black,motor_vehicle_theft_adult_white,motor_vehicle_theft_juvenile_american_indian,motor_vehicle_theft_juvenile_asian,motor_vehicle_theft_juvenile_black,motor_vehicle_theft_juvenile_white,motor_vehicle_theft_total_american_indian,motor_vehicle_theft_total_asian,motor_vehicle_theft_total_black,motor_vehicle_theft_total_white,motor_vehicle_theft_adult_hispanic,motor_vehicle_theft_adult_non_hispanic,motor_vehicle_theft_juvenile_hispanic,motor_vehicle_theft_juvenile_non_hispanic,motor_vehicle_theft_total_hispanic,motor_vehicle_theft_total_non_hispanic,murder_and_nonnegligent_manslaughter_total_adult,murder_and_nonnegligent_manslaughter_total_juvenile,murder_and_nonnegligent_manslaughter_total_arrests,murder_and_nonnegligent_manslaughter_total_male_adult,murder_and_nonnegligent_manslaughter_total_female_adult,murder_and_nonnegligent_manslaughter_total_male_juvenile,murder_and_nonnegligent_manslaughter_total_female_juvenile,murder_and_nonnegligent_manslaughter_total_male,murder_and_nonnegligent_manslaughter_total_female,murder_and_nonnegligent_manslaughter_adult_american_indian,murder_and_nonnegligent_manslaughter_adult_asian,murder_and_nonnegligent_manslaughter_adult_black,murder_and_nonnegligent_manslaughter_adult_white,murder_and_nonnegligent_manslaughter_juvenile_american_indian,murder_and_nonnegligent_manslaughter_juvenile_asian,murder_and_nonnegligent_manslaughter_juvenile_black,murder_and_nonnegligent_manslaughter_juvenile_white,murder_and_nonnegligent_manslaughter_total_american_indian,murder_and_nonnegligent_manslaughter_total_asian,murder_and_nonnegligent_manslaughter_total_black,murder_and_nonnegligent_manslaughter_total_white,murder_and_nonnegligent_manslaughter_adult_hispanic,murder_and_nonnegligent_manslaughter_adult_non_hispanic,murder_and_nonnegligent_manslaughter_juvenile_hispanic,murder_and_nonnegligent_manslaughter_juvenile_non_hispanic,murder_and_nonnegligent_manslaughter_total_hispanic,murder_and_nonnegligent_manslaughter_total_non_hispanic,negligent_manslaughter_total_adult,negligent_manslaughter_total_juvenile,negligent_manslaughter_total_arrests,negligent_manslaughter_total_male_adult,negligent_manslaughter_total_female_adult,negligent_manslaughter_total_male_juvenile,negligent_manslaughter_total_female_juvenile,negligent_manslaughter_total_male,negligent_manslaughter_total_female,negligent_manslaughter_adult_american_indian,negligent_manslaughter_adult_asian,negligent_manslaughter_adult_black,negligent_manslaughter_adult_white,negligent_manslaughter_juvenile_american_indian,negligent_manslaughter_juvenile_asian,negligent_manslaughter_juvenile_black,negligent_manslaughter_juvenile_white,negligent_manslaughter_total_american_indian,negligent_manslaughter_total_asian,negligent_manslaughter_total_black,negligent_manslaughter_total_white,negligent_manslaughter_adult_hispanic,negligent_manslaughter_adult_non_hispanic,negligent_manslaughter_juvenile_hispanic,negligent_manslaughter_juvenile_non_hispanic,negligent_manslaughter_total_hispanic,negligent_manslaughter_total_non_hispanic,other_assault_total_adult,other_assault_total_juvenile,other_assault_total_arrests,other_assault_total_male_adult,other_assault_total_female_adult,other_assault_total_male_juvenile,other_assault_total_female_juvenile,other_assault_total_male,other_assault_total_female,other_assault_adult_american_indian,other_assault_adult_asian,other_assault_adult_black,other_assault_adult_white,other_assault_juvenile_american_indian,other_assault_juvenile_asian,other_assault_juvenile_black,other_assault_juvenile_white,other_assault_total_american_indian,other_assault_total_asian,other_assault_total_black,other_assault_total_white,other_assault_adult_hispanic,other_assault_adult_non_hispanic,other_assault_juvenile_hispanic,other_assault_juvenile_non_hispanic,other_assault_total_hispanic,other_assault_total_non_hispanic,other_sex_offenses_total_adult,other_sex_offenses_total_juvenile,other_sex_offenses_total_arrests,other_sex_offenses_total_male_adult,other_sex_offenses_total_female_adult,other_sex_offenses_total_male_juvenile,other_sex_offenses_total_female_juvenile,other_sex_offenses_total_male,other_sex_offenses_total_female,other_sex_offenses_adult_american_indian,other_sex_offenses_adult_asian,other_sex_offenses_adult_black,other_sex_offenses_adult_white,other_sex_offenses_juvenile_american_indian,other_sex_offenses_juvenile_asian,other_sex_offenses_juvenile_black,other_sex_offenses_juvenile_white,other_sex_offenses_total_american_indian,other_sex_offenses_total_asian,other_sex_offenses_total_black,other_sex_offenses_total_white,other_sex_offenses_adult_hispanic,other_sex_offenses_adult_non_hispanic,other_sex_offenses_juvenile_hispanic,other_sex_offenses_juvenile_non_hispanic,other_sex_offenses_total_hispanic,other_sex_offenses_total_non_hispanic,prostitution_and_commercialized_vice_total_adult,prostitution_and_commercialized_vice_assisting_or_promoting_prostitution_total_adult,prostitution_and_commercialized_vice_prostitution_total_adult,prostitution_and_commercialized_vice_purchasing_prostitution_total_adult,prostitution_and_commercialized_vice_total_juvenile,prostitution_and_commercialized_vice_assisting_or_promoting_prostitution_total_juvenile,prostitution_and_commercialized_vice_prostitution_total_juvenile,prostitution_and_commercialized_vice_purchasing_prostitution_total_juvenile,prostitution_and_commercialized_vice_total_arrests,prostitution_and_commercialized_vice_assisting_or_promoting_prostitution_total_arrests,prostitution_and_commercialized_vice_prostitution_total_arrests,prostitution_and_commercialized_vice_purchasing_prostitution_total_arrests,prostitution_and_commercialized_vice_total_male_adult,prostitution_and_commercialized_vice_total_female_adult,prostitution_and_commercialized_vice_assisting_or_promoting_prostitution_total_male_adult,prostitution_and_commercialized_vice_assisting_or_promoting_prostitution_total_female_adult,prostitution_and_commercialized_vice_prostitution_total_male_adult,prostitution_and_commercialized_vice_prostitution_total_female_adult,prostitution_and_commercialized_vice_purchasing_prostitution_total_male_adult,prostitution_and_commercialized_vice_purchasing_prostitution_total_female_adult,prostitution_and_commercialized_vice_total_male_juvenile,prostitution_and_commercialized_vice_total_female_juvenile,prostitution_and_commercialized_vice_total_male,prostitution_and_commercialized_vice_total_female,prostitution_and_commercialized_vice_assisting_or_promoting_prostitution_total_male_juvenile,prostitution_and_commercialized_vice_assisting_or_promoting_prostitution_total_female_juvenile,prostitution_and_commercialized_vice_assisting_or_promoting_prostitution_total_male,prostitution_and_commercialized_vice_assisting_or_promoting_prostitution_total_female,prostitution_and_commercialized_vice_prostitution_total_male_juvenile,prostitution_and_commercialized_vice_prostitution_total_female_juvenile,prostitution_and_commercialized_vice_prostitution_total_male,prostitution_and_commercialized_vice_prostitution_total_female,prostitution_and_commercialized_vice_purchasing_prostitution_total_male_juvenile,prostitution_and_commercialized_vice_purchasing_prostitution_total_female_juvenile,prostitution_and_commercialized_vice_purchasing_prostitution_total_male,prostitution_and_commercialized_vice_purchasing_prostitution_total_female,prostitution_and_commercialized_vice_adult_american_indian,prostitution_and_commercialized_vice_adult_asian,prostitution_and_commercialized_vice_adult_black,prostitution_and_commercialized_vice_adult_white,prostitution_and_commercialized_vice_assisting_or_promoting_prostitution_adult_american_indian,prostitution_and_commercialized_vice_assisting_or_promoting_prostitution_adult_asian,prostitution_and_commercialized_vice_assisting_or_promoting_prostitution_adult_black,prostitution_and_commercialized_vice_assisting_or_promoting_prostitution_adult_white,prostitution_and_commercialized_vice_prostitution_adult_american_indian,prostitution_and_commercialized_vice_prostitution_adult_asian,prostitution_and_commercialized_vice_prostitution_adult_black,prostitution_and_commercialized_vice_prostitution_adult_white,prostitution_and_commercialized_vice_purchasing_prostitution_adult_american_indian,prostitution_and_commercialized_vice_purchasing_prostitution_adult_asian,prostitution_and_commercialized_vice_purchasing_prostitution_adult_black,prostitution_and_commercialized_vice_purchasing_prostitution_adult_white,prostitution_and_commercialized_vice_juvenile_american_indian,prostitution_and_commercialized_vice_juvenile_asian,prostitution_and_commercialized_vice_juvenile_black,prostitution_and_commercialized_vice_juvenile_white,prostitution_and_commercialized_vice_assisting_or_promoting_prostitution_juvenile_american_indian,prostitution_and_commercialized_vice_assisting_or_promoting_prostitution_juvenile_asian,prostitution_and_commercialized_vice_assisting_or_promoting_prostitution_juvenile_black,prostitution_and_commercialized_vice_assisting_or_promoting_prostitution_juvenile_white,prostitution_and_commercialized_vice_prostitution_juvenile_american_indian,prostitution_and_commercialized_vice_prostitution_juvenile_asian,prostitution_and_commercialized_vice_prostitution_juvenile_black,prostitution_and_commercialized_vice_prostitution_juvenile_white,prostitution_and_commercialized_vice_purchasing_prostitution_juvenile_american_indian,prostitution_and_commercialized_vice_purchasing_prostitution_juvenile_asian,prostitution_and_commercialized_vice_purchasing_prostitution_juvenile_black,prostitution_and_commercialized_vice_purchasing_prostitution_juvenile_white,prostitution_and_commercialized_vice_total_american_indian,prostitution_and_commercialized_vice_total_asian,prostitution_and_commercialized_vice_total_black,prostitution_and_commercialized_vice_total_white,prostitution_and_commercialized_vice_assisting_or_promoting_prostitution_total_american_indian,prostitution_and_commercialized_vice_assisting_or_promoting_prostitution_total_asian,prostitution_and_commercialized_vice_assisting_or_promoting_prostitution_total_black,prostitution_and_commercialized_vice_assisting_or_promoting_prostitution_total_white,prostitution_and_commercialized_vice_prostitution_total_american_indian,prostitution_and_commercialized_vice_prostitution_total_asian,prostitution_and_commercialized_vice_prostitution_total_black,prostitution_and_commercialized_vice_prostitution_total_white,prostitution_and_commercialized_vice_purchasing_prostitution_total_american_indian,prostitution_and_commercialized_vice_purchasing_prostitution_total_asian,prostitution_and_commercialized_vice_purchasing_prostitution_total_black,prostitution_and_commercialized_vice_purchasing_prostitution_total_white,prostitution_and_commercialized_vice_adult_hispanic,prostitution_and_commercialized_vice_assisting_or_promoting_prostitution_adult_hispanic,prostitution_and_commercialized_vice_prostitution_adult_hispanic,prostitution_and_commercialized_vice_purchasing_prostitution_adult_hispanic,prostitution_and_commercialized_vice_adult_non_hispanic,prostitution_and_commercialized_vice_assisting_or_promoting_prostitution_adult_non_hispanic,prostitution_and_commercialized_vice_prostitution_adult_non_hispanic,prostitution_and_commercialized_vice_purchasing_prostitution_adult_non_hispanic,prostitution_and_commercialized_vice_juvenile_hispanic,prostitution_and_commercialized_vice_assisting_or_promoting_prostitution_juvenile_hispanic,prostitution_and_commercialized_vice_prostitution_juvenile_hispanic,prostitution_and_commercialized_vice_purchasing_prostitution_juvenile_hispanic,prostitution_and_commercialized_vice_juvenile_non_hispanic,prostitution_and_commercialized_vice_assisting_or_promoting_prostitution_juvenile_non_hispanic,prostitution_and_commercialized_vice_prostitution_juvenile_non_hispanic,prostitution_and_commercialized_vice_purchasing_prostitution_juvenile_non_hispanic,prostitution_and_commercialized_vice_total_hispanic,prostitution_and_commercialized_vice_total_non_hispanic,prostitution_and_commercialized_vice_assisting_or_promoting_prostitution_total_hispanic,prostitution_and_commercialized_vice_assisting_or_promoting_prostitution_total_non_hispanic,prostitution_and_commercialized_vice_prostitution_total_hispanic,prostitution_and_commercialized_vice_prostitution_total_non_hispanic,prostitution_and_commercialized_vice_purchasing_prostitution_total_hispanic,prostitution_and_commercialized_vice_purchasing_prostitution_total_non_hispanic,rape_total_adult,rape_total_juvenile,rape_total_arrests,rape_total_male_adult,rape_total_female_adult,rape_total_male_juvenile,rape_total_female_juvenile,rape_total_male,rape_total_female,rape_adult_american_indian,rape_adult_asian,rape_adult_black,rape_adult_white,rape_juvenile_american_indian,rape_juvenile_asian,rape_juvenile_black,rape_juvenile_white,rape_total_american_indian,rape_total_asian,rape_total_black,rape_total_white,rape_adult_hispanic,rape_adult_non_hispanic,rape_juvenile_hispanic,rape_juvenile_non_hispanic,rape_total_hispanic,rape_total_non_hispanic,robbery_total_adult,robbery_total_juvenile,robbery_total_arrests,robbery_total_male_adult,robbery_total_female_adult,robbery_total_male_juvenile,robbery_total_female_juvenile,robbery_total_male,robbery_total_female,robbery_adult_american_indian,robbery_adult_asian,robbery_adult_black,robbery_adult_white,robbery_juvenile_american_indian,robbery_juvenile_asian,robbery_juvenile_black,robbery_juvenile_white,robbery_total_american_indian,robbery_total_asian,robbery_total_black,robbery_total_white,robbery_adult_hispanic,robbery_adult_non_hispanic,robbery_juvenile_hispanic,robbery_juvenile_non_hispanic,robbery_total_hispanic,robbery_total_non_hispanic,runaways_total_adult,runaways_total_juvenile,runaways_total_arrests,runaways_total_male_adult,runaways_total_female_adult,runaways_total_male_juvenile,runaways_total_female_juvenile,runaways_total_male,runaways_total_female,runaways_adult_american_indian,runaways_adult_asian,runaways_adult_black,runaways_adult_white,runaways_juvenile_american_indian,runaways_juvenile_asian,runaways_juvenile_black,runaways_juvenile_white,runaways_total_american_indian,runaways_total_asian,runaways_total_black,runaways_total_white,runaways_adult_hispanic,runaways_adult_non_hispanic,runaways_juvenile_hispanic,runaways_juvenile_non_hispanic,runaways_total_hispanic,runaways_total_non_hispanic,stolen_property_buying_receiving_possessing_total_adult,stolen_property_buying_receiving_possessing_total_juvenile,stolen_property_buying_receiving_possessing_total_arrests,stolen_property_buying_receiving_possessing_total_male_adult,stolen_property_buying_receiving_possessing_total_female_adult,stolen_property_buying_receiving_possessing_total_male_juvenile,stolen_property_buying_receiving_possessing_total_female_juvenile,stolen_property_buying_receiving_possessing_total_male,stolen_property_buying_receiving_possessing_total_female,stolen_property_buying_receiving_possessing_adult_american_indian,stolen_property_buying_receiving_possessing_adult_asian,stolen_property_buying_receiving_possessing_adult_black,stolen_property_buying_receiving_possessing_adult_white,stolen_property_buying_receiving_possessing_juvenile_american_indian,stolen_property_buying_receiving_possessing_juvenile_asian,stolen_property_buying_receiving_possessing_juvenile_black,stolen_property_buying_receiving_possessing_juvenile_white,stolen_property_buying_receiving_possessing_total_american_indian,stolen_property_buying_receiving_possessing_total_asian,stolen_property_buying_receiving_possessing_total_black,stolen_property_buying_receiving_possessing_total_white,stolen_property_buying_receiving_possessing_adult_hispanic,stolen_property_buying_receiving_possessing_adult_non_hispanic,stolen_property_buying_receiving_possessing_juvenile_hispanic,stolen_property_buying_receiving_possessing_juvenile_non_hispanic,stolen_property_buying_receiving_possessing_total_hispanic,stolen_property_buying_receiving_possessing_total_non_hispanic,suspicion_total_adult,suspicion_total_juvenile,suspicion_total_arrests,suspicion_total_male_adult,suspicion_total_female_adult,suspicion_total_male_juvenile,suspicion_total_female_juvenile,suspicion_total_male,suspicion_total_female,suspicion_adult_american_indian,suspicion_adult_asian,suspicion_adult_black,suspicion_adult_white,suspicion_juvenile_american_indian,suspicion_juvenile_asian,suspicion_juvenile_black,suspicion_juvenile_white,suspicion_total_american_indian,suspicion_total_asian,suspicion_total_black,suspicion_total_white,suspicion_adult_hispanic,suspicion_adult_non_hispanic,suspicion_juvenile_hispanic,suspicion_juvenile_non_hispanic,suspicion_total_hispanic,suspicion_total_non_hispanic,theft_total_adult,theft_total_juvenile,theft_total_arrests,theft_total_male_adult,theft_total_female_adult,theft_total_male_juvenile,theft_total_female_juvenile,theft_total_male,theft_total_female,theft_adult_american_indian,theft_adult_asian,theft_adult_black,theft_adult_white,theft_juvenile_american_indian,theft_juvenile_asian,theft_juvenile_black,theft_juvenile_white,theft_total_american_indian,theft_total_asian,theft_total_black,theft_total_white,theft_adult_hispanic,theft_adult_non_hispanic,theft_juvenile_hispanic,theft_juvenile_non_hispanic,theft_total_hispanic,theft_total_non_hispanic,vagrancy_total_adult,vagrancy_total_juvenile,vagrancy_total_arrests,vagrancy_total_male_adult,vagrancy_total_female_adult,vagrancy_total_male_juvenile,vagrancy_total_female_juvenile,vagrancy_total_male,vagrancy_total_female,vagrancy_adult_american_indian,vagrancy_adult_asian,vagrancy_adult_black,vagrancy_adult_white,vagrancy_juvenile_american_indian,vagrancy_juvenile_asian,vagrancy_juvenile_black,vagrancy_juvenile_white,vagrancy_total_american_indian,vagrancy_total_asian,vagrancy_total_black,vagrancy_total_white,vagrancy_adult_hispanic,vagrancy_adult_non_hispanic,vagrancy_juvenile_hispanic,vagrancy_juvenile_non_hispanic,vagrancy_total_hispanic,vagrancy_total_non_hispanic,vandalism_total_adult,vandalism_total_juvenile,vandalism_total_arrests,vandalism_total_male_adult,vandalism_total_female_adult,vandalism_total_male_juvenile,vandalism_total_female_juvenile,vandalism_total_male,vandalism_total_female,vandalism_adult_american_indian,vandalism_adult_asian,vandalism_adult_black,vandalism_adult_white,vandalism_juvenile_american_indian,vandalism_juvenile_asian,vandalism_juvenile_black,vandalism_juvenile_white,vandalism_total_american_indian,vandalism_total_asian,vandalism_total_black,vandalism_total_white,vandalism_adult_hispanic,vandalism_adult_non_hispanic,vandalism_juvenile_hispanic,vandalism_juvenile_non_hispanic,vandalism_total_hispanic,vandalism_total_non_hispanic,weapons_carrying_possessing_etc_total_adult,weapons_carrying_possessing_etc_total_juvenile,weapons_carrying_possessing_etc_total_arrests,weapons_carrying_possessing_etc_total_male_adult,weapons_carrying_possessing_etc_total_female_adult,weapons_carrying_possessing_etc_total_male_juvenile,weapons_carrying_possessing_etc_total_female_juvenile,weapons_carrying_possessing_etc_total_male,weapons_carrying_possessing_etc_total_female,weapons_carrying_possessing_etc_adult_american_indian,weapons_carrying_possessing_etc_adult_asian,weapons_carrying_possessing_etc_adult_black,weapons_carrying_possessing_etc_adult_white,weapons_carrying_possessing_etc_juvenile_american_indian,weapons_carrying_possessing_etc_juvenile_asian,weapons_carrying_possessing_etc_juvenile_black,weapons_carrying_possessing_etc_juvenile_white,weapons_carrying_possessing_etc_total_american_indian,weapons_carrying_possessing_etc_total_asian,weapons_carrying_possessing_etc_total_black,weapons_carrying_possessing_etc_total_white,weapons_carrying_possessing_etc_adult_hispanic,weapons_carrying_possessing_etc_adult_non_hispanic,weapons_carrying_possessing_etc_juvenile_hispanic,weapons_carrying_possessing_etc_juvenile_non_hispanic,weapons_carrying_possessing_etc_total_hispanic,weapons_carrying_possessing_etc_total_non_hispanic,all_arrests_total_total_adult,all_arrests_total_total_juvenile,all_arrests_total_total_arrests,all_arrests_total_total_male_adult,all_arrests_total_total_female_adult,all_arrests_total_total_male_juvenile,all_arrests_total_total_female_juvenile,all_arrests_total_total_male,all_arrests_total_total_female,all_arrests_total_adult_american_indian,all_arrests_total_adult_asian,all_arrests_total_adult_black,all_arrests_total_adult_white,all_arrests_total_juvenile_american_indian,all_arrests_total_juvenile_asian,all_arrests_total_juvenile_black,all_arrests_total_juvenile_white,all_arrests_total_total_american_indian,all_arrests_total_total_asian,all_arrests_total_total_black,all_arrests_total_total_white,all_arrests_total_adult_hispanic,all_arrests_total_adult_non_hispanic,all_arrests_total_juvenile_hispanic,all_arrests_total_juvenile_non_hispanic,all_arrests_total_total_hispanic,all_arrests_total_total_non_hispanic
Swansea Police Department,IL08223,2024,Illinois,14515,5,0,5,4,1,0,0,4,1,0,0,5,0,0,0,0,0,0,0,5,0,0,4,0,0,0,4,23,0,23,21,2,0,0,21,2,0,0,11,12,0,0,0,0,0,0,11,12,1,18,0,0,1,18,0,0,0,0,0,0,0,0,0,0,0,0,0,0,0,0,0,0,0,0,0,0,0,0,0,0,0,5,0,5,4,1,0,0,4,1,0,0,2,3,0,0,0,0,0,0,2,3,0,5,0,0,0,5,0,0,0,0,0,0,0,0,0,0,0,0,0,0,0,0,0,0,0,0,0,0,0,0,0,0,0,1,0,1,0,1,0,0,0,1,0,0,1,0,0,0,0,0,0,0,1,0,0,1,0,0,0,1,0,1,49,48,1,84,98,0,0,0,0,0,0,0,98,72,26,0,0,72,26,0,1,49,48,1,84,16,0,16,12,4,0,0,12,4,0,0,15,1,0,0,0,0,0,0,15,1,0,13,0,0,0,13,15,0,15,13,2,0,0,13,2,0,1,7,7,0,0,0,0,0,1,7,7,0,12,0,0,0,12,60,0,60,43,17,0,0,43,17,0,0,27,33,0,0,0,0,0,0,27,33,0,53,0,0,0,53,7,0,7,4,3,0,0,4,3,0,0,0,7,0,0,0,0,0,0,0,7,1,6,0,0,1,6,0,0,0,0,0,0,0,0,0,0,0,0,0,0,0,0,0,0,0,0,0,0,0,0,0,0,0,0,0,0,0,0,0,0,0,0,0,0,0,0,0,0,0,0,0,0,0,0,0,0,0,0,0,0,0,0,0,0,0,0,0,0,0,0,0,0,0,0,0,0,0,0,0,0,0,0,0,0,0,0,0,0,0,0,0,0,0,0,0,0,0,0,0,0,0,0,0,0,0,0,0,0,0,0,0,0,0,0,0,0,0,0,0,0,0,0,0,0,0,0,0,0,0,0,0,0,0,0,0,0,0,0,0,0,0,98,0,98,72,26,0,0,72,26,0,1,49,48,0,0,0,0,0,1,49,48,1,84,0,0,1,84,0,0,0,0,0,0,0,0,0,0,0,0,0,0,0,0,0,0,0,0,0,0,0,0,0,0,0,18,0,18,10,8,0,0,10,8,0,0,9,9,0,0,0,0,0,0,9,9,3,13,0,0,3,13,0,0,0,0,0,0,0,0,0,0,0,0,0,0,0,0,0,0,0,0,0,0,0,0,0,0,0,0,0,0,0,0,0,0,0,0,0,0,0,0,0,0,0,0,0,0,0,0,0,0,0,0,0,0,1,0,1,1,0,0,0,1,0,0,0,1,0,0,0,0,0,0,0,1,0,0,1,0,0,0,1,2,0,2,1,1,0,0,1,1,0,0,1,1,0,0,0,0,0,0,1,1,0,2,0,0,0,2,0,0,0,0,0,0,0,0,0,0,0,0,0,0,0,0,0,0,0,0,0,0,0,0,0,0,0,,,,,,,,,,,,,,,,,,,,,,,,,,,,0,0,0,0,0,0,0,0,0,0,0,0,0,0,0,0,0,0,0,0,0,0,0,0,0,0,0,0,0,0,0,0,0,0,0,0,0,0,0,0,0,0,0,0,0,0,0,0,0,0,0,0,0,0,0,0,0,0,0,0,0,0,0,0,0,0,0,0,0,0,0,0,0,0,0,0,0,0,0,0,0,0,0,0,0,0,0,0,0,0,0,0,0,0,0,0,0,0,0,0,0,0,0,0,0,0,0,0,0,0,0,0,0,0,0,0,0,0,0,0,0,0,0,0,0,0,0,0,0,0,0,0,0,0,0,0,0,0,0,0,0,0,0,0,0,0,0,0,0,0,0,0,0,0,0,0,0,0,0,0,0,0,0,0,0,0,0,0,0,0,0,0,0,0,0,0,0,0,0,0,0,0,0,0,0,0,0,0,0,0,0,0,0,0,0,0,0,0,0,0,0,0,0,0,0,0,0,0,0,0,0,0,0,0,0,0,10,0,10,5,5,0,0,5,5,0,0,8,2,0,0,0,0,0,0,8,2,1,7,0,0,1,7,0,0,0,0,0,0,0,0,0,0,0,0,0,0,0,0,0,0,0,0,0,0,0,0,0,0,0,0,0,0,0,0,0,0,0,0,0,0,0,0,0,0,0,0,0,0,0,0,0,0,0,0,0,0,0,0,0,0,0,0,0,0,0,0,0,0,0,0,0,0,0,0,0,0,0,0,0,0,0,0,0,0,0,0,0,0,0,0,0,0,0,0,0,0,0,0,0,0,0,0,0,0,0,0,0,0,0,0,0,0,0,0,0,0,0,0,0,0,0,0,0,0,0,0,0,0,0,0,0,0,0,0,0,0,0,0,0,0,0,0,0,0,0,0,0,0,0,0,0,0,0,0,0,0,0,0,0,0,0,0,0,0,0,0,0,0,0,0,0,0,0,0,0,0,0,0,0,0,0,0,0,0,0,0,0,0,0,0,0,0,0,0,0,0,0,0,0,0,0,0,0,0,0,0,0,0,0,0,0,0,0,0,0,0,0,0,0,0,0,0,0,0,0,0,0,0,0,0,0,0,0,0,0,0,0,0,0,0,0,0,0,0,0,0,0,0,0,0,0,0,0,0,0,0,0,0,0,0,0,0,0,0,0,0,0,0,0,0,0,0,44,0,44,33,11,0,0,33,11,0,0,35,9,0,0,0,0,0,0,35,9,1,43,0,0,1,43,0,0,0,0,0,0,0,0,0,0,0,0,0,0,0,0,0,0,0,0,0,0,0,0,0,0,0,6,0,6,3,3,0,0,3,3,0,1,4,1,0,0,0,0,0,1,4,1,0,6,0,0,0,6,21,0,21,16,5,0,0,16,5,0,0,19,2,0,0,0,0,0,0,19,2,1,18,0,0,1,18,664,0,664,484,180,0,0,484,180,0,6,388,270,0,0,0,0,0,6,388,270,18,572,0,0,18,572
Swansea Police Department,IL08223,2023,Illinois,13993,3,1,4,3,0,0,1,3,1,0,0,1,2,0,0,1,0,0,0,2,2,0,3,0,1,0,4,32,0,32,27,5,0,0,27,5,1,0,16,15,0,0,0,0,1,0,16,15,1,29,0,0,1,29,1,0,1,1,0,0,0,1,0,0,0,1,0,0,0,0,0,0,0,1,0,0,1,0,0,0,1,2,0,2,2,0,0,0,2,0,0,0,1,1,0,0,0,0,0,0,1,1,0,1,0,0,0,1,0,0,0,0,0,0,0,0,0,0,0,0,0,0,0,0,0,0,0,0,0,0,0,0,0,0,0,5,0,5,3,2,0,0,3,2,0,0,4,1,0,0,0,0,0,0,4,1,0,4,0,0,0,4,0,0,18,33,1,40,51,0,0,1,0,0,1,1,52,28,23,1,0,29,23,0,0,19,33,1,41,8,1,9,7,1,1,0,8,1,0,0,6,2,0,0,1,0,0,0,7,2,1,6,0,1,1,7,10,0,10,5,5,0,0,5,5,0,0,3,7,0,0,0,0,0,0,3,7,0,6,0,0,0,6,26,0,26,12,14,0,0,12,14,0,0,7,19,0,0,0,0,0,0,7,19,0,23,0,0,0,23,7,0,7,4,3,0,0,4,3,0,0,2,5,0,0,0,0,0,0,2,5,0,5,0,0,0,5,0,0,0,0,0,0,0,0,0,0,0,0,0,0,0,0,0,0,0,0,0,0,0,0,0,0,0,0,0,0,0,0,0,0,0,0,0,0,0,0,0,0,0,0,0,0,0,0,0,0,0,0,0,0,0,0,0,0,0,0,0,0,0,0,0,0,0,0,0,0,0,0,0,0,0,0,0,0,0,0,0,0,0,0,0,0,0,0,0,0,0,0,0,0,0,0,0,0,0,0,0,0,0,0,0,0,0,0,0,0,0,0,0,0,0,0,0,0,0,0,0,0,0,0,0,0,0,0,0,0,0,0,0,0,0,51,1,52,28,23,1,0,29,23,0,0,18,33,0,0,1,0,0,0,19,33,1,40,0,1,1,41,0,0,0,0,0,0,0,0,0,0,0,0,0,0,0,0,0,0,0,0,0,0,0,0,0,0,0,4,0,4,2,2,0,0,2,2,0,0,3,1,0,0,0,0,0,0,3,1,0,4,0,0,0,4,0,0,0,0,0,0,0,0,0,0,0,0,0,0,0,0,0,0,0,0,0,0,0,0,0,0,0,0,0,0,0,0,0,0,0,0,0,0,0,0,0,0,0,0,0,0,0,0,0,0,0,0,0,0,1,0,1,1,0,0,0,1,0,0,0,0,1,0,0,0,0,0,0,0,1,0,1,0,0,0,1,4,0,4,4,0,0,0,4,0,0,0,1,3,0,0,0,0,0,0,1,3,0,3,0,0,0,3,0,0,0,0,0,0,0,0,0,0,0,0,0,0,0,0,0,0,0,0,0,0,0,0,0,0,0,0,0,0,0,0,0,0,0,0,0,0,0,0,0,0,0,0,0,0,0,0,0,0,0,0,0,0,0,0,0,0,0,0,0,0,0,0,0,0,0,0,0,0,0,0,0,0,0,0,0,0,0,0,0,0,0,0,0,0,0,0,0,0,0,0,0,0,0,0,0,0,0,0,0,0,0,0,0,0,0,0,0,0,0,0,0,0,0,0,0,0,0,0,0,0,0,0,0,0,0,0,0,0,0,0,0,0,0,0,0,0,0,0,0,0,0,0,0,0,0,0,0,0,0,0,0,0,0,0,0,0,0,0,0,0,2,0,2,1,1,0,0,1,1,0,0,2,0,0,0,0,0,0,0,2,0,0,2,0,0,0,2,0,3,3,0,0,2,1,2,1,0,0,0,0,0,0,3,0,0,0,3,0,0,0,0,2,0,2,0,0,0,0,0,0,0,0,0,0,0,0,0,0,0,0,0,0,0,0,0,0,0,0,0,0,0,0,0,0,0,0,0,0,0,0,0,0,0,0,0,0,0,0,0,0,0,0,0,0,0,0,0,0,20,0,20,15,5,0,0,15,5,0,0,12,8,0,0,0,0,0,0,12,8,1,19,0,0,1,19,0,0,0,0,0,0,0,0,0,0,0,0,0,0,0,0,0,0,0,0,0,0,0,0,0,0,0,0,0,0,0,0,0,0,0,0,0,0,0,0,0,0,0,0,0,0,0,0,0,0,0,0,0,0,0,0,0,0,0,0,0,0,0,0,0,0,0,0,0,0,0,0,0,0,0,0,0,0,0,0,0,0,0,0,0,0,0,0,0,0,0,0,0,0,0,0,0,0,0,0,0,0,0,0,0,0,0,0,0,0,0,0,0,0,0,0,0,0,0,0,0,0,0,0,0,0,0,0,0,0,0,0,0,0,0,0,0,0,0,0,0,0,0,0,0,0,0,0,0,0,0,0,0,0,0,0,0,0,0,0,0,0,4,0,4,3,1,0,0,3,1,0,0,0,4,0,0,0,0,0,0,0,4,0,3,0,0,0,3,0,0,0,0,0,0,0,0,0,0,0,0,0,0,0,0,0,0,0,0,0,0,0,0,0,0,0,0,0,0,0,0,0,0,0,0,0,0,0,0,0,0,0,0,0,0,0,0,0,0,0,0,0,0,0,0,0,0,0,0,0,0,0,0,0,0,0,0,0,0,0,0,0,0,0,0,0,0,0,0,0,30,0,30,22,8,0,0,22,8,0,0,23,7,0,0,0,0,0,0,23,7,0,27,0,0,0,27,0,0,0,0,0,0,0,0,0,0,0,0,0,0,0,0,0,0,0,0,0,0,0,0,0,0,0,3,0,3,1,2,0,0,1,2,0,0,3,0,0,0,0,0,0,0,3,0,0,3,0,0,0,3,16,1,17,12,4,1,0,13,4,0,0,13,3,0,0,0,1,0,0,13,4,1,14,0,1,1,15,458,14,472,306,152,10,4,316,156,2,0,232,224,0,0,12,2,2,0,244,226,10,388,0,12,10,400
Swansea Police Department,IL08223,2022,Illinois,14068,3,0,3,3,0,0,0,3,0,0,0,0,3,0,0,0,0,0,0,0,3,0,3,0,0,0,3,48,0,48,39,9,0,0,39,9,0,0,24,24,0,0,0,0,0,0,24,24,0,35,0,0,0,35,0,0,0,0,0,0,0,0,0,0,0,0,0,0,0,0,0,0,0,0,0,0,0,0,0,0,0,4,0,4,4,0,0,0,4,0,0,0,1,3,0,0,0,0,0,0,1,3,0,3,0,0,0,3,0,0,0,0,0,0,0,0,0,0,0,0,0,0,0,0,0,0,0,0,0,0,0,0,0,0,0,4,0,4,4,0,0,0,4,0,0,2,1,1,0,0,0,0,0,2,1,1,0,3,0,0,0,3,0,0,30,28,0,51,58,0,0,0,0,0,0,0,58,43,15,0,0,43,15,0,0,30,28,0,51,18,0,18,17,1,0,0,17,1,0,0,16,2,0,0,0,0,0,0,16,2,0,16,0,0,0,16,9,0,9,4,5,0,0,4,5,0,0,4,5,0,0,0,0,0,0,4,5,0,9,0,0,0,9,26,0,26,19,7,0,0,19,7,0,0,7,19,0,0,0,0,0,0,7,19,0,21,0,0,0,21,5,0,5,3,2,0,0,3,2,0,0,3,2,0,0,0,0,0,0,3,2,0,5,0,0,0,5,0,0,0,1,0,1,1,0,0,0,0,0,0,0,1,1,0,0,0,1,0,0,0,0,1,0,1,0,0,0,0,0,0,0,0,0,0,0,0,0,0,0,0,0,0,0,0,0,0,0,0,0,0,0,0,0,0,0,0,0,0,0,0,0,0,0,0,0,0,0,0,0,0,0,0,0,0,0,0,0,0,1,0,1,1,0,0,0,1,0,0,0,0,1,0,0,0,0,0,0,0,1,0,1,0,0,0,1,0,0,0,0,0,0,0,0,0,0,0,0,0,0,0,0,0,0,0,0,0,0,0,0,0,0,0,59,0,59,44,15,0,0,44,15,0,0,30,29,0,0,0,0,0,0,30,29,0,52,0,0,0,52,0,0,0,0,0,0,0,0,0,0,0,0,0,0,0,0,0,0,0,0,0,0,0,0,0,0,0,33,0,33,23,10,0,0,23,10,0,0,14,18,0,0,0,0,0,0,14,18,2,30,0,0,2,30,0,0,0,0,0,0,0,0,0,0,0,0,0,0,0,0,0,0,0,0,0,0,0,0,0,0,0,0,0,0,0,0,0,0,0,0,0,0,0,0,0,0,0,0,0,0,0,0,0,0,0,0,0,0,0,0,0,0,0,0,0,0,0,0,0,0,0,0,0,0,0,0,0,0,0,0,0,0,0,0,0,1,0,1,1,0,0,0,1,0,0,0,1,0,0,0,0,0,0,0,1,0,0,1,0,0,0,1,0,0,0,0,0,0,0,0,0,0,0,0,0,0,0,0,0,0,0,0,0,0,0,0,0,0,0,0,0,0,0,0,0,0,0,0,0,0,0,0,0,0,0,0,0,0,0,0,0,0,0,0,0,0,0,0,0,0,0,0,0,0,0,0,0,0,0,0,0,0,0,0,0,0,0,0,0,0,0,0,0,0,0,0,0,0,0,0,0,0,0,0,0,0,0,0,0,0,0,0,0,0,0,0,0,0,0,0,0,0,0,0,0,0,0,0,0,0,0,0,0,0,0,0,0,0,0,0,0,0,0,0,0,0,0,0,0,0,0,0,0,0,0,0,0,0,0,0,0,0,0,0,0,0,0,0,0,0,0,0,0,0,0,0,0,0,0,0,0,0,0,0,0,0,0,0,0,0,0,0,0,0,0,0,0,0,0,0,0,1,0,1,1,0,0,0,1,0,0,0,0,1,0,0,0,0,0,0,0,1,0,1,0,0,0,1,0,0,0,0,0,0,0,0,0,0,0,0,0,0,0,0,0,0,0,0,0,0,0,0,0,0,0,0,0,0,0,0,0,0,0,0,0,0,0,0,0,0,0,0,0,0,0,0,0,0,0,0,0,0,13,2,15,8,5,2,0,10,5,0,0,5,8,0,0,2,0,0,0,7,8,1,10,0,2,1,12,0,0,0,0,0,0,0,0,0,0,0,0,0,0,0,0,0,0,0,0,0,0,0,0,0,0,0,0,0,0,0,0,0,0,0,0,0,0,0,0,0,0,0,0,0,0,0,0,0,0,0,0,0,0,0,0,0,0,0,0,0,0,0,0,0,0,0,0,0,0,0,0,0,0,0,0,0,0,0,0,0,0,0,0,0,0,0,0,0,0,0,0,0,0,0,0,0,0,0,0,0,0,0,0,0,0,0,0,0,0,0,0,0,0,0,0,0,0,0,0,0,0,0,0,0,0,0,0,0,0,0,0,0,0,0,0,0,0,0,0,0,0,0,0,0,0,0,0,0,0,0,0,0,0,0,0,0,0,0,0,0,0,0,0,0,0,0,0,0,0,0,0,0,0,0,0,0,0,0,0,0,0,0,0,0,0,0,0,0,0,0,0,0,0,0,0,0,0,0,0,0,0,0,0,0,0,0,0,0,0,0,0,0,0,0,0,0,0,0,0,0,0,0,0,0,0,0,0,0,0,0,0,0,0,0,0,0,0,0,0,0,0,0,0,0,0,0,0,0,0,0,0,0,0,0,0,0,0,0,0,0,0,0,0,0,0,0,0,0,0,34,1,35,32,2,1,0,33,2,0,0,26,8,0,0,1,0,0,0,27,8,0,29,0,1,0,30,0,0,0,0,0,0,0,0,0,0,0,0,0,0,0,0,0,0,0,0,0,0,0,0,0,0,0,5,1,6,4,1,1,0,5,1,0,0,4,1,0,0,1,0,0,0,5,1,0,4,0,1,0,5,26,1,27,19,7,1,0,20,7,0,0,25,1,0,0,1,0,0,0,26,1,0,22,0,1,0,23,580,10,590,452,128,10,0,462,128,0,4,322,252,0,0,10,0,0,4,332,252,6,490,0,10,6,500
Swansea Police Department,IL08223,2021,Illinois,13245,5,0,5,5,0,0,0,5,0,0,0,4,1,0,0,0,0,0,0,4,1,1,4,0,0,1,4,34,0,34,27,7,0,0,27,7,0,0,17,17,0,0,0,0,0,0,17,17,0,31,0,0,0,31,0,0,0,0,0,0,0,0,0,0,0,0,0,0,0,0,0,0,0,0,0,0,0,0,0,0,0,1,0,1,1,0,0,0,1,0,0,0,1,0,0,0,0,0,0,0,1,0,0,1,0,0,0,1,0,0,0,0,0,0,0,0,0,0,0,0,0,0,0,0,0,0,0,0,0,0,0,0,0,0,0,2,0,2,1,1,0,0,1,1,0,0,2,0,0,0,0,0,0,0,2,0,0,2,0,0,0,2,0,0,7,28,1,33,36,0,0,0,0,0,0,0,36,26,10,0,0,26,10,0,0,7,28,1,33,2,0,2,2,0,0,0,2,0,0,0,1,1,0,0,0,0,0,0,1,1,0,2,0,0,0,2,7,0,7,6,1,0,0,6,1,0,0,1,5,0,0,0,0,0,0,1,5,1,6,0,0,1,6,24,0,24,16,8,0,0,16,8,0,0,4,20,0,0,0,0,0,0,4,20,0,22,0,0,0,22,3,0,3,2,1,0,0,2,1,0,0,1,2,0,0,0,0,0,0,1,2,0,3,0,0,0,3,0,0,1,0,0,1,1,0,0,0,0,0,0,0,1,1,0,0,0,1,0,0,0,1,0,0,1,1,0,1,1,0,0,0,1,0,0,0,1,0,0,0,0,0,0,0,1,0,0,1,0,0,0,1,0,0,0,0,0,0,0,0,0,0,0,0,0,0,0,0,0,0,0,0,0,0,0,0,0,0,0,0,0,0,0,0,0,0,0,0,0,0,0,0,0,0,0,0,0,0,0,0,0,0,0,0,0,0,0,0,0,0,0,0,0,0,0,0,0,0,0,0,0,0,0,0,0,0,0,0,0,0,0,0,0,37,0,37,27,10,0,0,27,10,0,0,8,28,0,0,0,0,0,0,8,28,1,34,0,0,1,34,0,0,0,0,0,0,0,0,0,0,0,0,0,0,0,0,0,0,0,0,0,0,0,0,0,0,0,35,0,35,27,8,0,0,27,8,0,0,17,18,0,0,0,0,0,0,17,18,1,33,0,0,1,33,0,0,0,0,0,0,0,0,0,0,0,0,0,0,0,0,0,0,0,0,0,0,0,0,0,0,0,0,0,0,0,0,0,0,0,0,0,0,0,0,0,0,0,0,0,0,0,0,0,0,0,0,0,0,0,0,0,0,0,0,0,0,0,0,0,0,0,0,0,0,0,0,0,0,0,0,0,0,0,0,0,8,0,8,5,3,0,0,5,3,0,0,4,4,0,0,0,0,0,0,4,4,0,7,0,0,0,7,0,0,0,0,0,0,0,0,0,0,0,0,0,0,0,0,0,0,0,0,0,0,0,0,0,0,0,,,,,,,,,,,,,,,,,,,,,,,,,,,,0,0,0,0,0,0,0,0,0,0,0,0,0,0,0,0,0,0,0,0,0,0,0,0,0,0,0,0,0,0,0,0,0,0,0,0,0,0,0,0,0,0,0,0,0,0,0,0,0,0,0,0,0,0,0,0,0,0,0,0,0,0,0,0,0,0,0,0,0,0,0,0,0,0,0,0,0,0,0,0,0,0,0,0,0,0,0,0,0,0,0,0,0,0,0,0,0,0,0,0,0,0,0,0,0,0,0,0,0,0,0,0,0,0,0,0,0,0,0,0,0,0,0,0,0,0,0,0,0,0,0,0,0,0,0,0,0,0,0,0,0,0,0,0,0,0,0,0,0,0,0,0,0,0,0,0,0,0,0,0,0,0,0,0,0,0,0,0,0,0,0,0,0,0,0,0,0,0,0,0,0,0,0,0,0,0,0,0,0,0,0,0,0,0,0,0,0,0,0,0,0,0,0,0,0,0,0,0,0,0,0,0,0,0,0,0,13,1,14,10,3,1,0,11,3,0,0,9,4,0,0,1,0,0,0,10,4,0,13,0,1,0,14,1,0,1,0,1,0,0,0,1,0,0,1,0,0,0,0,0,0,0,1,0,0,1,0,0,0,1,0,0,0,0,0,0,0,0,0,0,0,0,0,0,0,0,0,0,0,0,0,0,0,0,0,0,0,0,0,0,0,0,0,0,0,0,0,0,0,0,0,0,0,0,0,0,0,0,0,0,0,0,0,0,0,0,0,0,0,0,0,0,0,0,0,0,0,0,0,0,0,0,0,0,0,0,0,0,0,0,0,0,0,0,0,0,0,0,0,0,0,0,0,0,0,0,0,0,0,0,0,0,0,0,0,0,0,0,1,0,1,1,0,0,0,1,0,0,0,0,1,0,0,0,0,0,0,0,1,0,1,0,0,0,1,0,0,0,0,0,0,0,0,0,0,0,0,0,0,0,0,0,0,0,0,0,0,0,0,0,0,0,0,0,0,0,0,0,0,0,0,0,0,0,0,0,0,0,0,0,0,0,0,0,0,0,0,0,0,0,0,0,0,0,0,0,0,0,0,0,0,0,0,0,0,0,0,0,0,0,0,0,0,0,0,0,0,0,0,0,0,0,0,0,0,0,0,0,0,0,0,0,0,0,0,0,0,0,0,0,0,0,0,18,0,18,16,2,0,0,16,2,0,0,15,2,0,0,0,0,0,0,15,2,1,16,0,0,1,16,0,0,0,0,0,0,0,0,0,0,0,0,0,0,0,0,0,0,0,0,0,0,0,0,0,0,0,6,0,6,5,1,0,0,5,1,0,0,3,3,0,0,0,0,0,0,3,3,0,5,0,0,0,5,17,0,17,13,4,0,0,13,4,0,0,16,1,0,0,0,0,0,0,16,1,0,16,0,0,0,16,430,2,432,330,100,2,0,332,100,0,0,210,214,0,0,2,0,0,0,212,214,10,396,0,2,10,398
Swansea Police Department,IL08223,2020,Illinois,,,,,,,,,,,,,,,,,,,,,,,,,,,,,,,,,,,,,,,,,,,,,,,,,,,,,,,,,,,,,,,,,,,,,,,,,,,,,,,,,,,,,,,,,,,,,,,,,,,,,,,,,,,,,,,,,,,,,,,,,,,,,,,,,,,,,,,,,,,,,,,,,,,,,,,,,,,,,,,,,,,,,,,,,,,,,,,,,,,,,,,,,,,,,,,,,,,,,,,,,,,,,,,,,,,,,,,,,,,,,,,,,,,,,,,,,,,,,,,,,,,,,,,,,,,,,,,,,,,,,,,,,,,,,,,,,,,,,,,,,,,,,,,,,,,,,,,,,,,,,,,,,,,,,,,,,,,,,,,,,,,,,,,,,,,,,,,,,,,,,,,,,,,,,,,,,,,,,,,,,,,,,,,,,,,,,,,,,,,,,,,,,,,,,,,,,,,,,,,,,,,,,,,,,,,,,,,,,,,,,,,,,,,,,,,,,,,,,,,,,,,,,,,,,,,,,,,,,,,,,,,,,,,,,,,,,,,,,,,,,,,,,,,,,,,,,,,,,,,,,,,,,,,,,,,,,,,,,,,,,,,,,,,,,,,,,,,,,,,,,,,,,,,,,,,,,,,,,,,,,,,,,,,,,,,,,,,,,,,,,,,,,,,,,,,,,,,,,,,,,,,,,,,,,,,,,,,,,,,,,,,,,,,,,,,,,,,,,,,,,,,,,,,,,,,,,,,,,,,,,,,,,,,,,,,,,,,,,,,,,,,,,,,,,,,,,,,,,,,,,,,,,,,,,,,,,,,,,,,,,,,,,,,,,,,,,,,,,,,,,,,,,,,,,,,,,,,,,,,,,,,,,,,,,,,,,,,,,,,,,,,,,,,,,,,,,,,,,,,,,,,,,,,,,,,,,,,,,,,,,,,,,,,,,,,,,,,,,,,,,,,,,,,,,,,,,,,,,,,,,,,,,,,,,,,,,,,,,,,,,,,,,,,,,,,,,,,,,,,,,,,,,,,,,,,,,,,,,,,,,,,,,,,,,,,,,,,,,,,,,,,,,,,,,,,,,,,,,,,,,,,,,,,,,,,,,,,,,,,,,,,,,,,,,,,,,,,,,,,,,,,,,,,,,,,,,,,,,,,,,,,,,,,,,,,,,,,,,,,,,,,,,,,,,,,,,,,,,,,,,,,,,,,,,,,,,,,,,,,,,,,,,,,,,,,,,,,,,,,,,,,,,,,,,,,,,,,,,,,,,,,,,,,,,,,,,,,,,,,,,,,,,,,,,,,,,,,,,,,,,,,,,,,,,,,,,,,,,,,,,,,,,,,,,,,,,,,,,,,,,,,,,,,,,,,,,,,,,,,,,,,,,,,,,,,,,,,,,,,,,,,,,,,,,,,,,,,,,,,,,,,,,,,,,,,,,,,,,,,,,,,,,,,,,,,,,,,,,,,,,,,,,,,,,,,,,,,,,,,,,,,,
Swansea Police Department,IL08223,2019,Illinois,,,,,,,,,,,,,,,,,,,,,,,,,,,,,,,,,,,,,,,,,,,,,,,,,,,,,,,,,,,,,,,,,,,,,,,,,,,,,,,,,,,,,,,,,,,,,,,,,,,,,,,,,,,,,,,,,,,,,,,,,,,,,,,,,,,,,,,,,,,,,,,,,,,,,,,,,,,,,,,,,,,,,,,,,,,,,,,,,,,,,,,,,,,,,,,,,,,,,,,,,,,,,,,,,,,,,,,,,,,,,,,,,,,,,,,,,,,,,,,,,,,,,,,,,,,,,,,,,,,,,,,,,,,,,,,,,,,,,,,,,,,,,,,,,,,,,,,,,,,,,,,,,,,,,,,,,,,,,,,,,,,,,,,,,,,,,,,,,,,,,,,,,,,,,,,,,,,,,,,,,,,,,,,,,,,,,,,,,,,,,,,,,,,,,,,,,,,,,,,,,,,,,,,,,,,,,,,,,,,,,,,,,,,,,,,,,,,,,,,,,,,,,,,,,,,,,,,,,,,,,,,,,,,,,,,,,,,,,,,,,,,,,,,,,,,,,,,,,,,,,,,,,,,,,,,,,,,,,,,,,,,,,,,,,,,,,,,,,,,,,,,,,,,,,,,,,,,,,,,,,,,,,,,,,,,,,,,,,,,,,,,,,,,,,,,,,,,,,,,,,,,,,,,,,,,,,,,,,,,,,,,,,,,,,,,,,,,,,,,,,,,,,,,,,,,,,,,,,,,,,,,,,,,,,,,,,,,,,,,,,,,,,,,,,,,,,,,,,,,,,,,,,,,,,,,,,,,,,,,,,,,,,,,,,,,,,,,,,,,,,,,,,,,,,,,,,,,,,,,,,,,,,,,,,,,,,,,,,,,,,,,,,,,,,,,,,,,,,,,,,,,,,,,,,,,,,,,,,,,,,,,,,,,,,,,,,,,,,,,,,,,,,,,,,,,,,,,,,,,,,,,,,,,,,,,,,,,,,,,,,,,,,,,,,,,,,,,,,,,,,,,,,,,,,,,,,,,,,,,,,,,,,,,,,,,,,,,,,,,,,,,,,,,,,,,,,,,,,,,,,,,,,,,,,,,,,,,,,,,,,,,,,,,,,,,,,,,,,,,,,,,,,,,,,,,,,,,,,,,,,,,,,,,,,,,,,,,,,,,,,,,,,,,,,,,,,,,,,,,,,,,,,,,,,,,,,,,,,,,,,,,,,,,,,,,,,,,,,,,,,,,,,,,,,,,,,,,,,,,,,,,,,,,,,,,,,,,,,,,,,,,,,,,,,,,,,,,,,,,,,,,,,,,,,,,,,,,,,,,,,,,,,,,,,,,,,,,,,,,,,,,,,,,,,,,,,,,,,,,,,,,,,,,,,,,,,,,,,,,,,,,,,,,,,,,,,,,,,,,,,,,,,,,,,,,,,,,,,,,,,,,,,,,,,,,,,,,,,,,,,,,,,,,,,,,,,,,,,,,,,,,,
Swansea Police Department,IL08223,2018,Illinois,,,,,,,,,,,,,,,,,,,,,,,,,,,,,,,,,,,,,,,,,,,,,,,,,,,,,,,,,,,,,,,,,,,,,,,,,,,,,,,,,,,,,,,,,,,,,,,,,,,,,,,,,,,,,,,,,,,,,,,,,,,,,,,,,,,,,,,,,,,,,,,,,,,,,,,,,,,,,,,,,,,,,,,,,,,,,,,,,,,,,,,,,,,,,,,,,,,,,,,,,,,,,,,,,,,,,,,,,,,,,,,,,,,,,,,,,,,,,,,,,,,,,,,,,,,,,,,,,,,,,,,,,,,,,,,,,,,,,,,,,,,,,,,,,,,,,,,,,,,,,,,,,,,,,,,,,,,,,,,,,,,,,,,,,,,,,,,,,,,,,,,,,,,,,,,,,,,,,,,,,,,,,,,,,,,,,,,,,,,,,,,,,,,,,,,,,,,,,,,,,,,,,,,,,,,,,,,,,,,,,,,,,,,,,,,,,,,,,,,,,,,,,,,,,,,,,,,,,,,,,,,,,,,,,,,,,,,,,,,,,,,,,,,,,,,,,,,,,,,,,,,,,,,,,,,,,,,,,,,,,,,,,,,,,,,,,,,,,,,,,,,,,,,,,,,,,,,,,,,,,,,,,,,,,,,,,,,,,,,,,,,,,,,,,,,,,,,,,,,,,,,,,,,,,,,,,,,,,,,,,,,,,,,,,,,,,,,,,,,,,,,,,,,,,,,,,,,,,,,,,,,,,,,,,,,,,,,,,,,,,,,,,,,,,,,,,,,,,,,,,,,,,,,,,,,,,,,,,,,,,,,,,,,,,,,,,,,,,,,,,,,,,,,,,,,,,,,,,,,,,,,,,,,,,,,,,,,,,,,,,,,,,,,,,,,,,,,,,,,,,,,,,,,,,,,,,,,,,,,,,,,,,,,,,,,,,,,,,,,,,,,,,,,,,,,,,,,,,,,,,,,,,,,,,,,,,,,,,,,,,,,,,,,,,,,,,,,,,,,,,,,,,,,,,,,,,,,,,,,,,,,,,,,,,,,,,,,,,,,,,,,,,,,,,,,,,,,,,,,,,,,,,,,,,,,,,,,,,,,,,,,,,,,,,,,,,,,,,,,,,,,,,,,,,,,,,,,,,,,,,,,,,,,,,,,,,,,,,,,,,,,,,,,,,,,,,,,,,,,,,,,,,,,,,,,,,,,,,,,,,,,,,,,,,,,,,,,,,,,,,,,,,,,,,,,,,,,,,,,,,,,,,,,,,,,,,,,,,,,,,,,,,,,,,,,,,,,,,,,,,,,,,,,,,,,,,,,,,,,,,,,,,,,,,,,,,,,,,,,,,,,,,,,,,,,,,,,,,,,,,,,,,,,,,,,,,,,,,,,,,,,,,,,,,,,,,,,,,,,,,,,,,,,,,,,,,,,,,,,,,,,,,,,,,,,,,,,,,,,,,,,,,,,,,,,,,,,,,,,,,,,,
Swansea Police Department,IL08223,2017,Illinois,,,,,,,,,,,,,,,,,,,,,,,,,,,,,,,,,,,,,,,,,,,,,,,,,,,,,,,,,,,,,,,,,,,,,,,,,,,,,,,,,,,,,,,,,,,,,,,,,,,,,,,,,,,,,,,,,,,,,,,,,,,,,,,,,,,,,,,,,,,,,,,,,,,,,,,,,,,,,,,,,,,,,,,,,,,,,,,,,,,,,,,,,,,,,,,,,,,,,,,,,,,,,,,,,,,,,,,,,,,,,,,,,,,,,,,,,,,,,,,,,,,,,,,,,,,,,,,,,,,,,,,,,,,,,,,,,,,,,,,,,,,,,,,,,,,,,,,,,,,,,,,,,,,,,,,,,,,,,,,,,,,,,,,,,,,,,,,,,,,,,,,,,,,,,,,,,,,,,,,,,,,,,,,,,,,,,,,,,,,,,,,,,,,,,,,,,,,,,,,,,,,,,,,,,,,,,,,,,,,,,,,,,,,,,,,,,,,,,,,,,,,,,,,,,,,,,,,,,,,,,,,,,,,,,,,,,,,,,,,,,,,,,,,,,,,,,,,,,,,,,,,,,,,,,,,,,,,,,,,,,,,,,,,,,,,,,,,,,,,,,,,,,,,,,,,,,,,,,,,,,,,,,,,,,,,,,,,,,,,,,,,,,,,,,,,,,,,,,,,,,,,,,,,,,,,,,,,,,,,,,,,,,,,,,,,,,,,,,,,,,,,,,,,,,,,,,,,,,,,,,,,,,,,,,,,,,,,,,,,,,,,,,,,,,,,,,,,,,,,,,,,,,,,,,,,,,,,,,,,,,,,,,,,,,,,,,,,,,,,,,,,,,,,,,,,,,,,,,,,,,,,,,,,,,,,,,,,,,,,,,,,,,,,,,,,,,,,,,,,,,,,,,,,,,,,,,,,,,,,,,,,,,,,,,,,,,,,,,,,,,,,,,,,,,,,,,,,,,,,,,,,,,,,,,,,,,,,,,,,,,,,,,,,,,,,,,,,,,,,,,,,,,,,,,,,,,,,,,,,,,,,,,,,,,,,,,,,,,,,,,,,,,,,,,,,,,,,,,,,,,,,,,,,,,,,,,,,,,,,,,,,,,,,,,,,,,,,,,,,,,,,,,,,,,,,,,,,,,,,,,,,,,,,,,,,,,,,,,,,,,,,,,,,,,,,,,,,,,,,,,,,,,,,,,,,,,,,,,,,,,,,,,,,,,,,,,,,,,,,,,,,,,,,,,,,,,,,,,,,,,,,,,,,,,,,,,,,,,,,,,,,,,,,,,,,,,,,,,,,,,,,,,,,,,,,,,,,,,,,,,,,,,,,,,,,,,,,,,,,,,,,,,,,,,,,,,,,,,,,,,,,,,,,,,,,,,,,,,,,,,,,,,,,,,,,,,,,,,,,,,,,,,,,,,,,,,,,,,,,,,,,,,,,,,,,,,,,,,,,,,,,,,,,,,,,,,,,,,,,,,,,,
Swansea Police Department,IL08223,2016,Illinois,,,,,,,,,,,,,,,,,,,,,,,,,,,,,,,,,,,,,,,,,,,,,,,,,,,,,,,,,,,,,,,,,,,,,,,,,,,,,,,,,,,,,,,,,,,,,,,,,,,,,,,,,,,,,,,,,,,,,,,,,,,,,,,,,,,,,,,,,,,,,,,,,,,,,,,,,,,,,,,,,,,,,,,,,,,,,,,,,,,,,,,,,,,,,,,,,,,,,,,,,,,,,,,,,,,,,,,,,,,,,,,,,,,,,,,,,,,,,,,,,,,,,,,,,,,,,,,,,,,,,,,,,,,,,,,,,,,,,,,,,,,,,,,,,,,,,,,,,,,,,,,,,,,,,,,,,,,,,,,,,,,,,,,,,,,,,,,,,,,,,,,,,,,,,,,,,,,,,,,,,,,,,,,,,,,,,,,,,,,,,,,,,,,,,,,,,,,,,,,,,,,,,,,,,,,,,,,,,,,,,,,,,,,,,,,,,,,,,,,,,,,,,,,,,,,,,,,,,,,,,,,,,,,,,,,,,,,,,,,,,,,,,,,,,,,,,,,,,,,,,,,,,,,,,,,,,,,,,,,,,,,,,,,,,,,,,,,,,,,,,,,,,,,,,,,,,,,,,,,,,,,,,,,,,,,,,,,,,,,,,,,,,,,,,,,,,,,,,,,,,,,,,,,,,,,,,,,,,,,,,,,,,,,,,,,,,,,,,,,,,,,,,,,,,,,,,,,,,,,,,,,,,,,,,,,,,,,,,,,,,,,,,,,,,,,,,,,,,,,,,,,,,,,,,,,,,,,,,,,,,,,,,,,,,,,,,,,,,,,,,,,,,,,,,,,,,,,,,,,,,,,,,,,,,,,,,,,,,,,,,,,,,,,,,,,,,,,,,,,,,,,,,,,,,,,,,,,,,,,,,,,,,,,,,,,,,,,,,,,,,,,,,,,,,,,,,,,,,,,,,,,,,,,,,,,,,,,,,,,,,,,,,,,,,,,,,,,,,,,,,,,,,,,,,,,,,,,,,,,,,,,,,,,,,,,,,,,,,,,,,,,,,,,,,,,,,,,,,,,,,,,,,,,,,,,,,,,,,,,,,,,,,,,,,,,,,,,,,,,,,,,,,,,,,,,,,,,,,,,,,,,,,,,,,,,,,,,,,,,,,,,,,,,,,,,,,,,,,,,,,,,,,,,,,,,,,,,,,,,,,,,,,,,,,,,,,,,,,,,,,,,,,,,,,,,,,,,,,,,,,,,,,,,,,,,,,,,,,,,,,,,,,,,,,,,,,,,,,,,,,,,,,,,,,,,,,,,,,,,,,,,,,,,,,,,,,,,,,,,,,,,,,,,,,,,,,,,,,,,,,,,,,,,,,,,,,,,,,,,,,,,,,,,,,,,,,,,,,,,,,,,,,,,,,,,,,,,,,,,,,,,,,,,,,,,,,,,,,,,,,,,,,,,,,,,,,,,,,,,,,,,,
Swansea Police Department,IL08223,2015,Illinois,,,,,,,,,,,,,,,,,,,,,,,,,,,,,,,,,,,,,,,,,,,,,,,,,,,,,,,,,,,,,,,,,,,,,,,,,,,,,,,,,,,,,,,,,,,,,,,,,,,,,,,,,,,,,,,,,,,,,,,,,,,,,,,,,,,,,,,,,,,,,,,,,,,,,,,,,,,,,,,,,,,,,,,,,,,,,,,,,,,,,,,,,,,,,,,,,,,,,,,,,,,,,,,,,,,,,,,,,,,,,,,,,,,,,,,,,,,,,,,,,,,,,,,,,,,,,,,,,,,,,,,,,,,,,,,,,,,,,,,,,,,,,,,,,,,,,,,,,,,,,,,,,,,,,,,,,,,,,,,,,,,,,,,,,,,,,,,,,,,,,,,,,,,,,,,,,,,,,,,,,,,,,,,,,,,,,,,,,,,,,,,,,,,,,,,,,,,,,,,,,,,,,,,,,,,,,,,,,,,,,,,,,,,,,,,,,,,,,,,,,,,,,,,,,,,,,,,,,,,,,,,,,,,,,,,,,,,,,,,,,,,,,,,,,,,,,,,,,,,,,,,,,,,,,,,,,,,,,,,,,,,,,,,,,,,,,,,,,,,,,,,,,,,,,,,,,,,,,,,,,,,,,,,,,,,,,,,,,,,,,,,,,,,,,,,,,,,,,,,,,,,,,,,,,,,,,,,,,,,,,,,,,,,,,,,,,,,,,,,,,,,,,,,,,,,,,,,,,,,,,,,,,,,,,,,,,,,,,,,,,,,,,,,,,,,,,,,,,,,,,,,,,,,,,,,,,,,,,,,,,,,,,,,,,,,,,,,,,,,,,,,,,,,,,,,,,,,,,,,,,,,,,,,,,,,,,,,,,,,,,,,,,,,,,,,,,,,,,,,,,,,,,,,,,,,,,,,,,,,,,,,,,,,,,,,,,,,,,,,,,,,,,,,,,,,,,,,,,,,,,,,,,,,,,,,,,,,,,,,,,,,,,,,,,,,,,,,,,,,,,,,,,,,,,,,,,,,,,,,,,,,,,,,,,,,,,,,,,,,,,,,,,,,,,,,,,,,,,,,,,,,,,,,,,,,,,,,,,,,,,,,,,,,,,,,,,,,,,,,,,,,,,,,,,,,,,,,,,,,,,,,,,,,,,,,,,,,,,,,,,,,,,,,,,,,,,,,,,,,,,,,,,,,,,,,,,,,,,,,,,,,,,,,,,,,,,,,,,,,,,,,,,,,,,,,,,,,,,,,,,,,,,,,,,,,,,,,,,,,,,,,,,,,,,,,,,,,,,,,,,,,,,,,,,,,,,,,,,,,,,,,,,,,,,,,,,,,,,,,,,,,,,,,,,,,,,,,,,,,,,,,,,,,,,,,,,,,,,,,,,,,,,,,,,,,,,,,,,,,,,,,,,,,,,,,,,,,,,,,,,,,,,,,,,,,,,,,,,,,,,,,,,,,,,,,,,,,,,,,,,,,,
Swansea Police Department,IL08223,2014,Illinois,,,,,,,,,,,,,,,,,,,,,,,,,,,,,,,,,,,,,,,,,,,,,,,,,,,,,,,,,,,,,,,,,,,,,,,,,,,,,,,,,,,,,,,,,,,,,,,,,,,,,,,,,,,,,,,,,,,,,,,,,,,,,,,,,,,,,,,,,,,,,,,,,,,,,,,,,,,,,,,,,,,,,,,,,,,,,,,,,,,,,,,,,,,,,,,,,,,,,,,,,,,,,,,,,,,,,,,,,,,,,,,,,,,,,,,,,,,,,,,,,,,,,,,,,,,,,,,,,,,,,,,,,,,,,,,,,,,,,,,,,,,,,,,,,,,,,,,,,,,,,,,,,,,,,,,,,,,,,,,,,,,,,,,,,,,,,,,,,,,,,,,,,,,,,,,,,,,,,,,,,,,,,,,,,,,,,,,,,,,,,,,,,,,,,,,,,,,,,,,,,,,,,,,,,,,,,,,,,,,,,,,,,,,,,,,,,,,,,,,,,,,,,,,,,,,,,,,,,,,,,,,,,,,,,,,,,,,,,,,,,,,,,,,,,,,,,,,,,,,,,,,,,,,,,,,,,,,,,,,,,,,,,,,,,,,,,,,,,,,,,,,,,,,,,,,,,,,,,,,,,,,,,,,,,,,,,,,,,,,,,,,,,,,,,,,,,,,,,,,,,,,,,,,,,,,,,,,,,,,,,,,,,,,,,,,,,,,,,,,,,,,,,,,,,,,,,,,,,,,,,,,,,,,,,,,,,,,,,,,,,,,,,,,,,,,,,,,,,,,,,,,,,,,,,,,,,,,,,,,,,,,,,,,,,,,,,,,,,,,,,,,,,,,,,,,,,,,,,,,,,,,,,,,,,,,,,,,,,,,,,,,,,,,,,,,,,,,,,,,,,,,,,,,,,,,,,,,,,,,,,,,,,,,,,,,,,,,,,,,,,,,,,,,,,,,,,,,,,,,,,,,,,,,,,,,,,,,,,,,,,,,,,,,,,,,,,,,,,,,,,,,,,,,,,,,,,,,,,,,,,,,,,,,,,,,,,,,,,,,,,,,,,,,,,,,,,,,,,,,,,,,,,,,,,,,,,,,,,,,,,,,,,,,,,,,,,,,,,,,,,,,,,,,,,,,,,,,,,,,,,,,,,,,,,,,,,,,,,,,,,,,,,,,,,,,,,,,,,,,,,,,,,,,,,,,,,,,,,,,,,,,,,,,,,,,,,,,,,,,,,,,,,,,,,,,,,,,,,,,,,,,,,,,,,,,,,,,,,,,,,,,,,,,,,,,,,,,,,,,,,,,,,,,,,,,,,,,,,,,,,,,,,,,,,,,,,,,,,,,,,,,,,,,,,,,,,,,,,,,,,,,,,,,,,,,,,,,,,,,,,,,,,,,,,,,,,,,,,,,,,,,,,,,,,,,,,,,,,,,,,,,,,,,,,,,,,,,,,,,,,,,,,,,,,,,,,,,,,,,,,,,,
Swansea Police Department,IL08223,2013,Illinois,,,,,,,,,,,,,,,,,,,,,,,,,,,,,,,,,,,,,,,,,,,,,,,,,,,,,,,,,,,,,,,,,,,,,,,,,,,,,,,,,,,,,,,,,,,,,,,,,,,,,,,,,,,,,,,,,,,,,,,,,,,,,,,,,,,,,,,,,,,,,,,,,,,,,,,,,,,,,,,,,,,,,,,,,,,,,,,,,,,,,,,,,,,,,,,,,,,,,,,,,,,,,,,,,,,,,,,,,,,,,,,,,,,,,,,,,,,,,,,,,,,,,,,,,,,,,,,,,,,,,,,,,,,,,,,,,,,,,,,,,,,,,,,,,,,,,,,,,,,,,,,,,,,,,,,,,,,,,,,,,,,,,,,,,,,,,,,,,,,,,,,,,,,,,,,,,,,,,,,,,,,,,,,,,,,,,,,,,,,,,,,,,,,,,,,,,,,,,,,,,,,,,,,,,,,,,,,,,,,,,,,,,,,,,,,,,,,,,,,,,,,,,,,,,,,,,,,,,,,,,,,,,,,,,,,,,,,,,,,,,,,,,,,,,,,,,,,,,,,,,,,,,,,,,,,,,,,,,,,,,,,,,,,,,,,,,,,,,,,,,,,,,,,,,,,,,,,,,,,,,,,,,,,,,,,,,,,,,,,,,,,,,,,,,,,,,,,,,,,,,,,,,,,,,,,,,,,,,,,,,,,,,,,,,,,,,,,,,,,,,,,,,,,,,,,,,,,,,,,,,,,,,,,,,,,,,,,,,,,,,,,,,,,,,,,,,,,,,,,,,,,,,,,,,,,,,,,,,,,,,,,,,,,,,,,,,,,,,,,,,,,,,,,,,,,,,,,,,,,,,,,,,,,,,,,,,,,,,,,,,,,,,,,,,,,,,,,,,,,,,,,,,,,,,,,,,,,,,,,,,,,,,,,,,,,,,,,,,,,,,,,,,,,,,,,,,,,,,,,,,,,,,,,,,,,,,,,,,,,,,,,,,,,,,,,,,,,,,,,,,,,,,,,,,,,,,,,,,,,,,,,,,,,,,,,,,,,,,,,,,,,,,,,,,,,,,,,,,,,,,,,,,,,,,,,,,,,,,,,,,,,,,,,,,,,,,,,,,,,,,,,,,,,,,,,,,,,,,,,,,,,,,,,,,,,,,,,,,,,,,,,,,,,,,,,,,,,,,,,,,,,,,,,,,,,,,,,,,,,,,,,,,,,,,,,,,,,,,,,,,,,,,,,,,,,,,,,,,,,,,,,,,,,,,,,,,,,,,,,,,,,,,,,,,,,,,,,,,,,,,,,,,,,,,,,,,,,,,,,,,,,,,,,,,,,,,,,,,,,,,,,,,,,,,,,,,,,,,,,,,,,,,,,,,,,,,,,,,,,,,,,,,,,,,,,,,,,,,,,,,,,,,,,,,,,,,,,,,,,,,,,,,,,,,,,,,,,,,,,,,,,,,,,,,,,,,,,,,,,,,,,,
Swansea Police Department,IL08223,2012,Illinois,,,,,,,,,,,,,,,,,,,,,,,,,,,,,,,,,,,,,,,,,,,,,,,,,,,,,,,,,,,,,,,,,,,,,,,,,,,,,,,,,,,,,,,,,,,,,,,,,,,,,,,,,,,,,,,,,,,,,,,,,,,,,,,,,,,,,,,,,,,,,,,,,,,,,,,,,,,,,,,,,,,,,,,,,,,,,,,,,,,,,,,,,,,,,,,,,,,,,,,,,,,,,,,,,,,,,,,,,,,,,,,,,,,,,,,,,,,,,,,,,,,,,,,,,,,,,,,,,,,,,,,,,,,,,,,,,,,,,,,,,,,,,,,,,,,,,,,,,,,,,,,,,,,,,,,,,,,,,,,,,,,,,,,,,,,,,,,,,,,,,,,,,,,,,,,,,,,,,,,,,,,,,,,,,,,,,,,,,,,,,,,,,,,,,,,,,,,,,,,,,,,,,,,,,,,,,,,,,,,,,,,,,,,,,,,,,,,,,,,,,,,,,,,,,,,,,,,,,,,,,,,,,,,,,,,,,,,,,,,,,,,,,,,,,,,,,,,,,,,,,,,,,,,,,,,,,,,,,,,,,,,,,,,,,,,,,,,,,,,,,,,,,,,,,,,,,,,,,,,,,,,,,,,,,,,,,,,,,,,,,,,,,,,,,,,,,,,,,,,,,,,,,,,,,,,,,,,,,,,,,,,,,,,,,,,,,,,,,,,,,,,,,,,,,,,,,,,,,,,,,,,,,,,,,,,,,,,,,,,,,,,,,,,,,,,,,,,,,,,,,,,,,,,,,,,,,,,,,,,,,,,,,,,,,,,,,,,,,,,,,,,,,,,,,,,,,,,,,,,,,,,,,,,,,,,,,,,,,,,,,,,,,,,,,,,,,,,,,,,,,,,,,,,,,,,,,,,,,,,,,,,,,,,,,,,,,,,,,,,,,,,,,,,,,,,,,,,,,,,,,,,,,,,,,,,,,,,,,,,,,,,,,,,,,,,,,,,,,,,,,,,,,,,,,,,,,,,,,,,,,,,,,,,,,,,,,,,,,,,,,,,,,,,,,,,,,,,,,,,,,,,,,,,,,,,,,,,,,,,,,,,,,,,,,,,,,,,,,,,,,,,,,,,,,,,,,,,,,,,,,,,,,,,,,,,,,,,,,,,,,,,,,,,,,,,,,,,,,,,,,,,,,,,,,,,,,,,,,,,,,,,,,,,,,,,,,,,,,,,,,,,,,,,,,,,,,,,,,,,,,,,,,,,,,,,,,,,,,,,,,,,,,,,,,,,,,,,,,,,,,,,,,,,,,,,,,,,,,,,,,,,,,,,,,,,,,,,,,,,,,,,,,,,,,,,,,,,,,,,,,,,,,,,,,,,,,,,,,,,,,,,,,,,,,,,,,,,,,,,,,,,,,,,,,,,,,,,,,,,,,,,,,,,,,,,,,,,,,,,,,,,,,,,,,,,,,,,,,,,,,,,,
Swansea Police Department,IL08223,2011,Illinois,,,,,,,,,,,,,,,,,,,,,,,,,,,,,,,,,,,,,,,,,,,,,,,,,,,,,,,,,,,,,,,,,,,,,,,,,,,,,,,,,,,,,,,,,,,,,,,,,,,,,,,,,,,,,,,,,,,,,,,,,,,,,,,,,,,,,,,,,,,,,,,,,,,,,,,,,,,,,,,,,,,,,,,,,,,,,,,,,,,,,,,,,,,,,,,,,,,,,,,,,,,,,,,,,,,,,,,,,,,,,,,,,,,,,,,,,,,,,,,,,,,,,,,,,,,,,,,,,,,,,,,,,,,,,,,,,,,,,,,,,,,,,,,,,,,,,,,,,,,,,,,,,,,,,,,,,,,,,,,,,,,,,,,,,,,,,,,,,,,,,,,,,,,,,,,,,,,,,,,,,,,,,,,,,,,,,,,,,,,,,,,,,,,,,,,,,,,,,,,,,,,,,,,,,,,,,,,,,,,,,,,,,,,,,,,,,,,,,,,,,,,,,,,,,,,,,,,,,,,,,,,,,,,,,,,,,,,,,,,,,,,,,,,,,,,,,,,,,,,,,,,,,,,,,,,,,,,,,,,,,,,,,,,,,,,,,,,,,,,,,,,,,,,,,,,,,,,,,,,,,,,,,,,,,,,,,,,,,,,,,,,,,,,,,,,,,,,,,,,,,,,,,,,,,,,,,,,,,,,,,,,,,,,,,,,,,,,,,,,,,,,,,,,,,,,,,,,,,,,,,,,,,,,,,,,,,,,,,,,,,,,,,,,,,,,,,,,,,,,,,,,,,,,,,,,,,,,,,,,,,,,,,,,,,,,,,,,,,,,,,,,,,,,,,,,,,,,,,,,,,,,,,,,,,,,,,,,,,,,,,,,,,,,,,,,,,,,,,,,,,,,,,,,,,,,,,,,,,,,,,,,,,,,,,,,,,,,,,,,,,,,,,,,,,,,,,,,,,,,,,,,,,,,,,,,,,,,,,,,,,,,,,,,,,,,,,,,,,,,,,,,,,,,,,,,,,,,,,,,,,,,,,,,,,,,,,,,,,,,,,,,,,,,,,,,,,,,,,,,,,,,,,,,,,,,,,,,,,,,,,,,,,,,,,,,,,,,,,,,,,,,,,,,,,,,,,,,,,,,,,,,,,,,,,,,,,,,,,,,,,,,,,,,,,,,,,,,,,,,,,,,,,,,,,,,,,,,,,,,,,,,,,,,,,,,,,,,,,,,,,,,,,,,,,,,,,,,,,,,,,,,,,,,,,,,,,,,,,,,,,,,,,,,,,,,,,,,,,,,,,,,,,,,,,,,,,,,,,,,,,,,,,,,,,,,,,,,,,,,,,,,,,,,,,,,,,,,,,,,,,,,,,,,,,,,,,,,,,,,,,,,,,,,,,,,,,,,,,,,,,,,,,,,,,,,,,,,,,,,,,,,,,,,,,,,,,,,,,,,,,,,,,,,,,,,,,,,,,,,,,,,,
Swansea Police Department,IL08223,2010,Illinois,,,,,,,,,,,,,,,,,,,,,,,,,,,,,,,,,,,,,,,,,,,,,,,,,,,,,,,,,,,,,,,,,,,,,,,,,,,,,,,,,,,,,,,,,,,,,,,,,,,,,,,,,,,,,,,,,,,,,,,,,,,,,,,,,,,,,,,,,,,,,,,,,,,,,,,,,,,,,,,,,,,,,,,,,,,,,,,,,,,,,,,,,,,,,,,,,,,,,,,,,,,,,,,,,,,,,,,,,,,,,,,,,,,,,,,,,,,,,,,,,,,,,,,,,,,,,,,,,,,,,,,,,,,,,,,,,,,,,,,,,,,,,,,,,,,,,,,,,,,,,,,,,,,,,,,,,,,,,,,,,,,,,,,,,,,,,,,,,,,,,,,,,,,,,,,,,,,,,,,,,,,,,,,,,,,,,,,,,,,,,,,,,,,,,,,,,,,,,,,,,,,,,,,,,,,,,,,,,,,,,,,,,,,,,,,,,,,,,,,,,,,,,,,,,,,,,,,,,,,,,,,,,,,,,,,,,,,,,,,,,,,,,,,,,,,,,,,,,,,,,,,,,,,,,,,,,,,,,,,,,,,,,,,,,,,,,,,,,,,,,,,,,,,,,,,,,,,,,,,,,,,,,,,,,,,,,,,,,,,,,,,,,,,,,,,,,,,,,,,,,,,,,,,,,,,,,,,,,,,,,,,,,,,,,,,,,,,,,,,,,,,,,,,,,,,,,,,,,,,,,,,,,,,,,,,,,,,,,,,,,,,,,,,,,,,,,,,,,,,,,,,,,,,,,,,,,,,,,,,,,,,,,,,,,,,,,,,,,,,,,,,,,,,,,,,,,,,,,,,,,,,,,,,,,,,,,,,,,,,,,,,,,,,,,,,,,,,,,,,,,,,,,,,,,,,,,,,,,,,,,,,,,,,,,,,,,,,,,,,,,,,,,,,,,,,,,,,,,,,,,,,,,,,,,,,,,,,,,,,,,,,,,,,,,,,,,,,,,,,,,,,,,,,,,,,,,,,,,,,,,,,,,,,,,,,,,,,,,,,,,,,,,,,,,,,,,,,,,,,,,,,,,,,,,,,,,,,,,,,,,,,,,,,,,,,,,,,,,,,,,,,,,,,,,,,,,,,,,,,,,,,,,,,,,,,,,,,,,,,,,,,,,,,,,,,,,,,,,,,,,,,,,,,,,,,,,,,,,,,,,,,,,,,,,,,,,,,,,,,,,,,,,,,,,,,,,,,,,,,,,,,,,,,,,,,,,,,,,,,,,,,,,,,,,,,,,,,,,,,,,,,,,,,,,,,,,,,,,,,,,,,,,,,,,,,,,,,,,,,,,,,,,,,,,,,,,,,,,,,,,,,,,,,,,,,,,,,,,,,,,,,,,,,,,,,,,,,,,,,,,,,,,,,,,,,,,,,,,,,,,,,,,,,,,,,,,,,,,,,,,,,,,,,,,,,,,,,,,,,,,,,,
Swansea Police Department,IL08223,2009,Illinois,,,,,,,,,,,,,,,,,,,,,,,,,,,,,,,,,,,,,,,,,,,,,,,,,,,,,,,,,,,,,,,,,,,,,,,,,,,,,,,,,,,,,,,,,,,,,,,,,,,,,,,,,,,,,,,,,,,,,,,,,,,,,,,,,,,,,,,,,,,,,,,,,,,,,,,,,,,,,,,,,,,,,,,,,,,,,,,,,,,,,,,,,,,,,,,,,,,,,,,,,,,,,,,,,,,,,,,,,,,,,,,,,,,,,,,,,,,,,,,,,,,,,,,,,,,,,,,,,,,,,,,,,,,,,,,,,,,,,,,,,,,,,,,,,,,,,,,,,,,,,,,,,,,,,,,,,,,,,,,,,,,,,,,,,,,,,,,,,,,,,,,,,,,,,,,,,,,,,,,,,,,,,,,,,,,,,,,,,,,,,,,,,,,,,,,,,,,,,,,,,,,,,,,,,,,,,,,,,,,,,,,,,,,,,,,,,,,,,,,,,,,,,,,,,,,,,,,,,,,,,,,,,,,,,,,,,,,,,,,,,,,,,,,,,,,,,,,,,,,,,,,,,,,,,,,,,,,,,,,,,,,,,,,,,,,,,,,,,,,,,,,,,,,,,,,,,,,,,,,,,,,,,,,,,,,,,,,,,,,,,,,,,,,,,,,,,,,,,,,,,,,,,,,,,,,,,,,,,,,,,,,,,,,,,,,,,,,,,,,,,,,,,,,,,,,,,,,,,,,,,,,,,,,,,,,,,,,,,,,,,,,,,,,,,,,,,,,,,,,,,,,,,,,,,,,,,,,,,,,,,,,,,,,,,,,,,,,,,,,,,,,,,,,,,,,,,,,,,,,,,,,,,,,,,,,,,,,,,,,,,,,,,,,,,,,,,,,,,,,,,,,,,,,,,,,,,,,,,,,,,,,,,,,,,,,,,,,,,,,,,,,,,,,,,,,,,,,,,,,,,,,,,,,,,,,,,,,,,,,,,,,,,,,,,,,,,,,,,,,,,,,,,,,,,,,,,,,,,,,,,,,,,,,,,,,,,,,,,,,,,,,,,,,,,,,,,,,,,,,,,,,,,,,,,,,,,,,,,,,,,,,,,,,,,,,,,,,,,,,,,,,,,,,,,,,,,,,,,,,,,,,,,,,,,,,,,,,,,,,,,,,,,,,,,,,,,,,,,,,,,,,,,,,,,,,,,,,,,,,,,,,,,,,,,,,,,,,,,,,,,,,,,,,,,,,,,,,,,,,,,,,,,,,,,,,,,,,,,,,,,,,,,,,,,,,,,,,,,,,,,,,,,,,,,,,,,,,,,,,,,,,,,,,,,,,,,,,,,,,,,,,,,,,,,,,,,,,,,,,,,,,,,,,,,,,,,,,,,,,,,,,,,,,,,,,,,,,,,,,,,,,,,,,,,,,,,,,,,,,,,,,,,,,,,,,,,,,,,,,,,,,,,,,,,,,,,,,,,,,,,,,,
Swansea Police Department,IL08223,2008,Illinois,,,,,,,,,,,,,,,,,,,,,,,,,,,,,,,,,,,,,,,,,,,,,,,,,,,,,,,,,,,,,,,,,,,,,,,,,,,,,,,,,,,,,,,,,,,,,,,,,,,,,,,,,,,,,,,,,,,,,,,,,,,,,,,,,,,,,,,,,,,,,,,,,,,,,,,,,,,,,,,,,,,,,,,,,,,,,,,,,,,,,,,,,,,,,,,,,,,,,,,,,,,,,,,,,,,,,,,,,,,,,,,,,,,,,,,,,,,,,,,,,,,,,,,,,,,,,,,,,,,,,,,,,,,,,,,,,,,,,,,,,,,,,,,,,,,,,,,,,,,,,,,,,,,,,,,,,,,,,,,,,,,,,,,,,,,,,,,,,,,,,,,,,,,,,,,,,,,,,,,,,,,,,,,,,,,,,,,,,,,,,,,,,,,,,,,,,,,,,,,,,,,,,,,,,,,,,,,,,,,,,,,,,,,,,,,,,,,,,,,,,,,,,,,,,,,,,,,,,,,,,,,,,,,,,,,,,,,,,,,,,,,,,,,,,,,,,,,,,,,,,,,,,,,,,,,,,,,,,,,,,,,,,,,,,,,,,,,,,,,,,,,,,,,,,,,,,,,,,,,,,,,,,,,,,,,,,,,,,,,,,,,,,,,,,,,,,,,,,,,,,,,,,,,,,,,,,,,,,,,,,,,,,,,,,,,,,,,,,,,,,,,,,,,,,,,,,,,,,,,,,,,,,,,,,,,,,,,,,,,,,,,,,,,,,,,,,,,,,,,,,,,,,,,,,,,,,,,,,,,,,,,,,,,,,,,,,,,,,,,,,,,,,,,,,,,,,,,,,,,,,,,,,,,,,,,,,,,,,,,,,,,,,,,,,,,,,,,,,,,,,,,,,,,,,,,,,,,,,,,,,,,,,,,,,,,,,,,,,,,,,,,,,,,,,,,,,,,,,,,,,,,,,,,,,,,,,,,,,,,,,,,,,,,,,,,,,,,,,,,,,,,,,,,,,,,,,,,,,,,,,,,,,,,,,,,,,,,,,,,,,,,,,,,,,,,,,,,,,,,,,,,,,,,,,,,,,,,,,,,,,,,,,,,,,,,,,,,,,,,,,,,,,,,,,,,,,,,,,,,,,,,,,,,,,,,,,,,,,,,,,,,,,,,,,,,,,,,,,,,,,,,,,,,,,,,,,,,,,,,,,,,,,,,,,,,,,,,,,,,,,,,,,,,,,,,,,,,,,,,,,,,,,,,,,,,,,,,,,,,,,,,,,,,,,,,,,,,,,,,,,,,,,,,,,,,,,,,,,,,,,,,,,,,,,,,,,,,,,,,,,,,,,,,,,,,,,,,,,,,,,,,,,,,,,,,,,,,,,,,,,,,,,,,,,,,,,,,,,,,,,,,,,,,,,,,,,,,,,,,,,,,,,,,,,,,,,,,,,,,,,,,,,,,,,,,,,,,,,,,,,,,,
Swansea Police Department,IL08223,2007,Illinois,,,,,,,,,,,,,,,,,,,,,,,,,,,,,,,,,,,,,,,,,,,,,,,,,,,,,,,,,,,,,,,,,,,,,,,,,,,,,,,,,,,,,,,,,,,,,,,,,,,,,,,,,,,,,,,,,,,,,,,,,,,,,,,,,,,,,,,,,,,,,,,,,,,,,,,,,,,,,,,,,,,,,,,,,,,,,,,,,,,,,,,,,,,,,,,,,,,,,,,,,,,,,,,,,,,,,,,,,,,,,,,,,,,,,,,,,,,,,,,,,,,,,,,,,,,,,,,,,,,,,,,,,,,,,,,,,,,,,,,,,,,,,,,,,,,,,,,,,,,,,,,,,,,,,,,,,,,,,,,,,,,,,,,,,,,,,,,,,,,,,,,,,,,,,,,,,,,,,,,,,,,,,,,,,,,,,,,,,,,,,,,,,,,,,,,,,,,,,,,,,,,,,,,,,,,,,,,,,,,,,,,,,,,,,,,,,,,,,,,,,,,,,,,,,,,,,,,,,,,,,,,,,,,,,,,,,,,,,,,,,,,,,,,,,,,,,,,,,,,,,,,,,,,,,,,,,,,,,,,,,,,,,,,,,,,,,,,,,,,,,,,,,,,,,,,,,,,,,,,,,,,,,,,,,,,,,,,,,,,,,,,,,,,,,,,,,,,,,,,,,,,,,,,,,,,,,,,,,,,,,,,,,,,,,,,,,,,,,,,,,,,,,,,,,,,,,,,,,,,,,,,,,,,,,,,,,,,,,,,,,,,,,,,,,,,,,,,,,,,,,,,,,,,,,,,,,,,,,,,,,,,,,,,,,,,,,,,,,,,,,,,,,,,,,,,,,,,,,,,,,,,,,,,,,,,,,,,,,,,,,,,,,,,,,,,,,,,,,,,,,,,,,,,,,,,,,,,,,,,,,,,,,,,,,,,,,,,,,,,,,,,,,,,,,,,,,,,,,,,,,,,,,,,,,,,,,,,,,,,,,,,,,,,,,,,,,,,,,,,,,,,,,,,,,,,,,,,,,,,,,,,,,,,,,,,,,,,,,,,,,,,,,,,,,,,,,,,,,,,,,,,,,,,,,,,,,,,,,,,,,,,,,,,,,,,,,,,,,,,,,,,,,,,,,,,,,,,,,,,,,,,,,,,,,,,,,,,,,,,,,,,,,,,,,,,,,,,,,,,,,,,,,,,,,,,,,,,,,,,,,,,,,,,,,,,,,,,,,,,,,,,,,,,,,,,,,,,,,,,,,,,,,,,,,,,,,,,,,,,,,,,,,,,,,,,,,,,,,,,,,,,,,,,,,,,,,,,,,,,,,,,,,,,,,,,,,,,,,,,,,,,,,,,,,,,,,,,,,,,,,,,,,,,,,,,,,,,,,,,,,,,,,,,,,,,,,,,,,,,,,,,,,,,,,,,,,,,,,,,,,,,,,,,,,,,,,,,,,,,,,,,,,,,,,,,,,,,,,,,,,,,,
Swansea Police Department,IL08223,2006,Illinois,,,,,,,,,,,,,,,,,,,,,,,,,,,,,,,,,,,,,,,,,,,,,,,,,,,,,,,,,,,,,,,,,,,,,,,,,,,,,,,,,,,,,,,,,,,,,,,,,,,,,,,,,,,,,,,,,,,,,,,,,,,,,,,,,,,,,,,,,,,,,,,,,,,,,,,,,,,,,,,,,,,,,,,,,,,,,,,,,,,,,,,,,,,,,,,,,,,,,,,,,,,,,,,,,,,,,,,,,,,,,,,,,,,,,,,,,,,,,,,,,,,,,,,,,,,,,,,,,,,,,,,,,,,,,,,,,,,,,,,,,,,,,,,,,,,,,,,,,,,,,,,,,,,,,,,,,,,,,,,,,,,,,,,,,,,,,,,,,,,,,,,,,,,,,,,,,,,,,,,,,,,,,,,,,,,,,,,,,,,,,,,,,,,,,,,,,,,,,,,,,,,,,,,,,,,,,,,,,,,,,,,,,,,,,,,,,,,,,,,,,,,,,,,,,,,,,,,,,,,,,,,,,,,,,,,,,,,,,,,,,,,,,,,,,,,,,,,,,,,,,,,,,,,,,,,,,,,,,,,,,,,,,,,,,,,,,,,,,,,,,,,,,,,,,,,,,,,,,,,,,,,,,,,,,,,,,,,,,,,,,,,,,,,,,,,,,,,,,,,,,,,,,,,,,,,,,,,,,,,,,,,,,,,,,,,,,,,,,,,,,,,,,,,,,,,,,,,,,,,,,,,,,,,,,,,,,,,,,,,,,,,,,,,,,,,,,,,,,,,,,,,,,,,,,,,,,,,,,,,,,,,,,,,,,,,,,,,,,,,,,,,,,,,,,,,,,,,,,,,,,,,,,,,,,,,,,,,,,,,,,,,,,,,,,,,,,,,,,,,,,,,,,,,,,,,,,,,,,,,,,,,,,,,,,,,,,,,,,,,,,,,,,,,,,,,,,,,,,,,,,,,,,,,,,,,,,,,,,,,,,,,,,,,,,,,,,,,,,,,,,,,,,,,,,,,,,,,,,,,,,,,,,,,,,,,,,,,,,,,,,,,,,,,,,,,,,,,,,,,,,,,,,,,,,,,,,,,,,,,,,,,,,,,,,,,,,,,,,,,,,,,,,,,,,,,,,,,,,,,,,,,,,,,,,,,,,,,,,,,,,,,,,,,,,,,,,,,,,,,,,,,,,,,,,,,,,,,,,,,,,,,,,,,,,,,,,,,,,,,,,,,,,,,,,,,,,,,,,,,,,,,,,,,,,,,,,,,,,,,,,,,,,,,,,,,,,,,,,,,,,,,,,,,,,,,,,,,,,,,,,,,,,,,,,,,,,,,,,,,,,,,,,,,,,,,,,,,,,,,,,,,,,,,,,,,,,,,,,,,,,,,,,,,,,,,,,,,,,,,,,,,,,,,,,,,,,,,,,,,,,,,,,,,,,,,,,,,,,,,,,,,,,,,,,,,,,,,,,,,,,,,,
Swansea Police Department,IL08223,2005,Illinois,,,,,,,,,,,,,,,,,,,,,,,,,,,,,,,,,,,,,,,,,,,,,,,,,,,,,,,,,,,,,,,,,,,,,,,,,,,,,,,,,,,,,,,,,,,,,,,,,,,,,,,,,,,,,,,,,,,,,,,,,,,,,,,,,,,,,,,,,,,,,,,,,,,,,,,,,,,,,,,,,,,,,,,,,,,,,,,,,,,,,,,,,,,,,,,,,,,,,,,,,,,,,,,,,,,,,,,,,,,,,,,,,,,,,,,,,,,,,,,,,,,,,,,,,,,,,,,,,,,,,,,,,,,,,,,,,,,,,,,,,,,,,,,,,,,,,,,,,,,,,,,,,,,,,,,,,,,,,,,,,,,,,,,,,,,,,,,,,,,,,,,,,,,,,,,,,,,,,,,,,,,,,,,,,,,,,,,,,,,,,,,,,,,,,,,,,,,,,,,,,,,,,,,,,,,,,,,,,,,,,,,,,,,,,,,,,,,,,,,,,,,,,,,,,,,,,,,,,,,,,,,,,,,,,,,,,,,,,,,,,,,,,,,,,,,,,,,,,,,,,,,,,,,,,,,,,,,,,,,,,,,,,,,,,,,,,,,,,,,,,,,,,,,,,,,,,,,,,,,,,,,,,,,,,,,,,,,,,,,,,,,,,,,,,,,,,,,,,,,,,,,,,,,,,,,,,,,,,,,,,,,,,,,,,,,,,,,,,,,,,,,,,,,,,,,,,,,,,,,,,,,,,,,,,,,,,,,,,,,,,,,,,,,,,,,,,,,,,,,,,,,,,,,,,,,,,,,,,,,,,,,,,,,,,,,,,,,,,,,,,,,,,,,,,,,,,,,,,,,,,,,,,,,,,,,,,,,,,,,,,,,,,,,,,,,,,,,,,,,,,,,,,,,,,,,,,,,,,,,,,,,,,,,,,,,,,,,,,,,,,,,,,,,,,,,,,,,,,,,,,,,,,,,,,,,,,,,,,,,,,,,,,,,,,,,,,,,,,,,,,,,,,,,,,,,,,,,,,,,,,,,,,,,,,,,,,,,,,,,,,,,,,,,,,,,,,,,,,,,,,,,,,,,,,,,,,,,,,,,,,,,,,,,,,,,,,,,,,,,,,,,,,,,,,,,,,,,,,,,,,,,,,,,,,,,,,,,,,,,,,,,,,,,,,,,,,,,,,,,,,,,,,,,,,,,,,,,,,,,,,,,,,,,,,,,,,,,,,,,,,,,,,,,,,,,,,,,,,,,,,,,,,,,,,,,,,,,,,,,,,,,,,,,,,,,,,,,,,,,,,,,,,,,,,,,,,,,,,,,,,,,,,,,,,,,,,,,,,,,,,,,,,,,,,,,,,,,,,,,,,,,,,,,,,,,,,,,,,,,,,,,,,,,,,,,,,,,,,,,,,,,,,,,,,,,,,,,,,,,,,,,,,,,,,,,,,,,,,,,,,,,,,,,,,,,,,,,,,,,,,,,,
Swansea Police Department,IL08223,2004,Illinois,,,,,,,,,,,,,,,,,,,,,,,,,,,,,,,,,,,,,,,,,,,,,,,,,,,,,,,,,,,,,,,,,,,,,,,,,,,,,,,,,,,,,,,,,,,,,,,,,,,,,,,,,,,,,,,,,,,,,,,,,,,,,,,,,,,,,,,,,,,,,,,,,,,,,,,,,,,,,,,,,,,,,,,,,,,,,,,,,,,,,,,,,,,,,,,,,,,,,,,,,,,,,,,,,,,,,,,,,,,,,,,,,,,,,,,,,,,,,,,,,,,,,,,,,,,,,,,,,,,,,,,,,,,,,,,,,,,,,,,,,,,,,,,,,,,,,,,,,,,,,,,,,,,,,,,,,,,,,,,,,,,,,,,,,,,,,,,,,,,,,,,,,,,,,,,,,,,,,,,,,,,,,,,,,,,,,,,,,,,,,,,,,,,,,,,,,,,,,,,,,,,,,,,,,,,,,,,,,,,,,,,,,,,,,,,,,,,,,,,,,,,,,,,,,,,,,,,,,,,,,,,,,,,,,,,,,,,,,,,,,,,,,,,,,,,,,,,,,,,,,,,,,,,,,,,,,,,,,,,,,,,,,,,,,,,,,,,,,,,,,,,,,,,,,,,,,,,,,,,,,,,,,,,,,,,,,,,,,,,,,,,,,,,,,,,,,,,,,,,,,,,,,,,,,,,,,,,,,,,,,,,,,,,,,,,,,,,,,,,,,,,,,,,,,,,,,,,,,,,,,,,,,,,,,,,,,,,,,,,,,,,,,,,,,,,,,,,,,,,,,,,,,,,,,,,,,,,,,,,,,,,,,,,,,,,,,,,,,,,,,,,,,,,,,,,,,,,,,,,,,,,,,,,,,,,,,,,,,,,,,,,,,,,,,,,,,,,,,,,,,,,,,,,,,,,,,,,,,,,,,,,,,,,,,,,,,,,,,,,,,,,,,,,,,,,,,,,,,,,,,,,,,,,,,,,,,,,,,,,,,,,,,,,,,,,,,,,,,,,,,,,,,,,,,,,,,,,,,,,,,,,,,,,,,,,,,,,,,,,,,,,,,,,,,,,,,,,,,,,,,,,,,,,,,,,,,,,,,,,,,,,,,,,,,,,,,,,,,,,,,,,,,,,,,,,,,,,,,,,,,,,,,,,,,,,,,,,,,,,,,,,,,,,,,,,,,,,,,,,,,,,,,,,,,,,,,,,,,,,,,,,,,,,,,,,,,,,,,,,,,,,,,,,,,,,,,,,,,,,,,,,,,,,,,,,,,,,,,,,,,,,,,,,,,,,,,,,,,,,,,,,,,,,,,,,,,,,,,,,,,,,,,,,,,,,,,,,,,,,,,,,,,,,,,,,,,,,,,,,,,,,,,,,,,,,,,,,,,,,,,,,,,,,,,,,,,,,,,,,,,,,,,,,,,,,,,,,,,,,,,,,,,,,,,,,,,,,,,,,,,,,,,,,,,,,,,,,,,,,,,,,,
Swansea Police Department,IL08223,2003,Illinois,,,,,,,,,,,,,,,,,,,,,,,,,,,,,,,,,,,,,,,,,,,,,,,,,,,,,,,,,,,,,,,,,,,,,,,,,,,,,,,,,,,,,,,,,,,,,,,,,,,,,,,,,,,,,,,,,,,,,,,,,,,,,,,,,,,,,,,,,,,,,,,,,,,,,,,,,,,,,,,,,,,,,,,,,,,,,,,,,,,,,,,,,,,,,,,,,,,,,,,,,,,,,,,,,,,,,,,,,,,,,,,,,,,,,,,,,,,,,,,,,,,,,,,,,,,,,,,,,,,,,,,,,,,,,,,,,,,,,,,,,,,,,,,,,,,,,,,,,,,,,,,,,,,,,,,,,,,,,,,,,,,,,,,,,,,,,,,,,,,,,,,,,,,,,,,,,,,,,,,,,,,,,,,,,,,,,,,,,,,,,,,,,,,,,,,,,,,,,,,,,,,,,,,,,,,,,,,,,,,,,,,,,,,,,,,,,,,,,,,,,,,,,,,,,,,,,,,,,,,,,,,,,,,,,,,,,,,,,,,,,,,,,,,,,,,,,,,,,,,,,,,,,,,,,,,,,,,,,,,,,,,,,,,,,,,,,,,,,,,,,,,,,,,,,,,,,,,,,,,,,,,,,,,,,,,,,,,,,,,,,,,,,,,,,,,,,,,,,,,,,,,,,,,,,,,,,,,,,,,,,,,,,,,,,,,,,,,,,,,,,,,,,,,,,,,,,,,,,,,,,,,,,,,,,,,,,,,,,,,,,,,,,,,,,,,,,,,,,,,,,,,,,,,,,,,,,,,,,,,,,,,,,,,,,,,,,,,,,,,,,,,,,,,,,,,,,,,,,,,,,,,,,,,,,,,,,,,,,,,,,,,,,,,,,,,,,,,,,,,,,,,,,,,,,,,,,,,,,,,,,,,,,,,,,,,,,,,,,,,,,,,,,,,,,,,,,,,,,,,,,,,,,,,,,,,,,,,,,,,,,,,,,,,,,,,,,,,,,,,,,,,,,,,,,,,,,,,,,,,,,,,,,,,,,,,,,,,,,,,,,,,,,,,,,,,,,,,,,,,,,,,,,,,,,,,,,,,,,,,,,,,,,,,,,,,,,,,,,,,,,,,,,,,,,,,,,,,,,,,,,,,,,,,,,,,,,,,,,,,,,,,,,,,,,,,,,,,,,,,,,,,,,,,,,,,,,,,,,,,,,,,,,,,,,,,,,,,,,,,,,,,,,,,,,,,,,,,,,,,,,,,,,,,,,,,,,,,,,,,,,,,,,,,,,,,,,,,,,,,,,,,,,,,,,,,,,,,,,,,,,,,,,,,,,,,,,,,,,,,,,,,,,,,,,,,,,,,,,,,,,,,,,,,,,,,,,,,,,,,,,,,,,,,,,,,,,,,,,,,,,,,,,,,,,,,,,,,,,,,,,,,,,,,,,,,,,,,,,,,,,,,,,,,,,,,,,,,,,,,,,,,,
Swansea Police Department,IL08223,2002,Illinois,,,,,,,,,,,,,,,,,,,,,,,,,,,,,,,,,,,,,,,,,,,,,,,,,,,,,,,,,,,,,,,,,,,,,,,,,,,,,,,,,,,,,,,,,,,,,,,,,,,,,,,,,,,,,,,,,,,,,,,,,,,,,,,,,,,,,,,,,,,,,,,,,,,,,,,,,,,,,,,,,,,,,,,,,,,,,,,,,,,,,,,,,,,,,,,,,,,,,,,,,,,,,,,,,,,,,,,,,,,,,,,,,,,,,,,,,,,,,,,,,,,,,,,,,,,,,,,,,,,,,,,,,,,,,,,,,,,,,,,,,,,,,,,,,,,,,,,,,,,,,,,,,,,,,,,,,,,,,,,,,,,,,,,,,,,,,,,,,,,,,,,,,,,,,,,,,,,,,,,,,,,,,,,,,,,,,,,,,,,,,,,,,,,,,,,,,,,,,,,,,,,,,,,,,,,,,,,,,,,,,,,,,,,,,,,,,,,,,,,,,,,,,,,,,,,,,,,,,,,,,,,,,,,,,,,,,,,,,,,,,,,,,,,,,,,,,,,,,,,,,,,,,,,,,,,,,,,,,,,,,,,,,,,,,,,,,,,,,,,,,,,,,,,,,,,,,,,,,,,,,,,,,,,,,,,,,,,,,,,,,,,,,,,,,,,,,,,,,,,,,,,,,,,,,,,,,,,,,,,,,,,,,,,,,,,,,,,,,,,,,,,,,,,,,,,,,,,,,,,,,,,,,,,,,,,,,,,,,,,,,,,,,,,,,,,,,,,,,,,,,,,,,,,,,,,,,,,,,,,,,,,,,,,,,,,,,,,,,,,,,,,,,,,,,,,,,,,,,,,,,,,,,,,,,,,,,,,,,,,,,,,,,,,,,,,,,,,,,,,,,,,,,,,,,,,,,,,,,,,,,,,,,,,,,,,,,,,,,,,,,,,,,,,,,,,,,,,,,,,,,,,,,,,,,,,,,,,,,,,,,,,,,,,,,,,,,,,,,,,,,,,,,,,,,,,,,,,,,,,,,,,,,,,,,,,,,,,,,,,,,,,,,,,,,,,,,,,,,,,,,,,,,,,,,,,,,,,,,,,,,,,,,,,,,,,,,,,,,,,,,,,,,,,,,,,,,,,,,,,,,,,,,,,,,,,,,,,,,,,,,,,,,,,,,,,,,,,,,,,,,,,,,,,,,,,,,,,,,,,,,,,,,,,,,,,,,,,,,,,,,,,,,,,,,,,,,,,,,,,,,,,,,,,,,,,,,,,,,,,,,,,,,,,,,,,,,,,,,,,,,,,,,,,,,,,,,,,,,,,,,,,,,,,,,,,,,,,,,,,,,,,,,,,,,,,,,,,,,,,,,,,,,,,,,,,,,,,,,,,,,,,,,,,,,,,,,,,,,,,,,,,,,,,,,,,,,,,,,,,,,,,,,,,,,,,,,,,,,,,,,,,,,,,,,,,,,,,,,,,,,,,,
Swansea Police Department,IL08223,2001,Illinois,,,,,,,,,,,,,,,,,,,,,,,,,,,,,,,,,,,,,,,,,,,,,,,,,,,,,,,,,,,,,,,,,,,,,,,,,,,,,,,,,,,,,,,,,,,,,,,,,,,,,,,,,,,,,,,,,,,,,,,,,,,,,,,,,,,,,,,,,,,,,,,,,,,,,,,,,,,,,,,,,,,,,,,,,,,,,,,,,,,,,,,,,,,,,,,,,,,,,,,,,,,,,,,,,,,,,,,,,,,,,,,,,,,,,,,,,,,,,,,,,,,,,,,,,,,,,,,,,,,,,,,,,,,,,,,,,,,,,,,,,,,,,,,,,,,,,,,,,,,,,,,,,,,,,,,,,,,,,,,,,,,,,,,,,,,,,,,,,,,,,,,,,,,,,,,,,,,,,,,,,,,,,,,,,,,,,,,,,,,,,,,,,,,,,,,,,,,,,,,,,,,,,,,,,,,,,,,,,,,,,,,,,,,,,,,,,,,,,,,,,,,,,,,,,,,,,,,,,,,,,,,,,,,,,,,,,,,,,,,,,,,,,,,,,,,,,,,,,,,,,,,,,,,,,,,,,,,,,,,,,,,,,,,,,,,,,,,,,,,,,,,,,,,,,,,,,,,,,,,,,,,,,,,,,,,,,,,,,,,,,,,,,,,,,,,,,,,,,,,,,,,,,,,,,,,,,,,,,,,,,,,,,,,,,,,,,,,,,,,,,,,,,,,,,,,,,,,,,,,,,,,,,,,,,,,,,,,,,,,,,,,,,,,,,,,,,,,,,,,,,,,,,,,,,,,,,,,,,,,,,,,,,,,,,,,,,,,,,,,,,,,,,,,,,,,,,,,,,,,,,,,,,,,,,,,,,,,,,,,,,,,,,,,,,,,,,,,,,,,,,,,,,,,,,,,,,,,,,,,,,,,,,,,,,,,,,,,,,,,,,,,,,,,,,,,,,,,,,,,,,,,,,,,,,,,,,,,,,,,,,,,,,,,,,,,,,,,,,,,,,,,,,,,,,,,,,,,,,,,,,,,,,,,,,,,,,,,,,,,,,,,,,,,,,,,,,,,,,,,,,,,,,,,,,,,,,,,,,,,,,,,,,,,,,,,,,,,,,,,,,,,,,,,,,,,,,,,,,,,,,,,,,,,,,,,,,,,,,,,,,,,,,,,,,,,,,,,,,,,,,,,,,,,,,,,,,,,,,,,,,,,,,,,,,,,,,,,,,,,,,,,,,,,,,,,,,,,,,,,,,,,,,,,,,,,,,,,,,,,,,,,,,,,,,,,,,,,,,,,,,,,,,,,,,,,,,,,,,,,,,,,,,,,,,,,,,,,,,,,,,,,,,,,,,,,,,,,,,,,,,,,,,,,,,,,,,,,,,,,,,,,,,,,,,,,,,,,,,,,,,,,,,,,,,,,,,,,,,,,,,,,,,,,,,,,,,,,,,,,,,,,,,,,,,,,,,,,,,,,,,,,,
Swansea Police Department,IL08223,2000,Illinois,,,,,,,,,,,,,,,,,,,,,,,,,,,,,,,,,,,,,,,,,,,,,,,,,,,,,,,,,,,,,,,,,,,,,,,,,,,,,,,,,,,,,,,,,,,,,,,,,,,,,,,,,,,,,,,,,,,,,,,,,,,,,,,,,,,,,,,,,,,,,,,,,,,,,,,,,,,,,,,,,,,,,,,,,,,,,,,,,,,,,,,,,,,,,,,,,,,,,,,,,,,,,,,,,,,,,,,,,,,,,,,,,,,,,,,,,,,,,,,,,,,,,,,,,,,,,,,,,,,,,,,,,,,,,,,,,,,,,,,,,,,,,,,,,,,,,,,,,,,,,,,,,,,,,,,,,,,,,,,,,,,,,,,,,,,,,,,,,,,,,,,,,,,,,,,,,,,,,,,,,,,,,,,,,,,,,,,,,,,,,,,,,,,,,,,,,,,,,,,,,,,,,,,,,,,,,,,,,,,,,,,,,,,,,,,,,,,,,,,,,,,,,,,,,,,,,,,,,,,,,,,,,,,,,,,,,,,,,,,,,,,,,,,,,,,,,,,,,,,,,,,,,,,,,,,,,,,,,,,,,,,,,,,,,,,,,,,,,,,,,,,,,,,,,,,,,,,,,,,,,,,,,,,,,,,,,,,,,,,,,,,,,,,,,,,,,,,,,,,,,,,,,,,,,,,,,,,,,,,,,,,,,,,,,,,,,,,,,,,,,,,,,,,,,,,,,,,,,,,,,,,,,,,,,,,,,,,,,,,,,,,,,,,,,,,,,,,,,,,,,,,,,,,,,,,,,,,,,,,,,,,,,,,,,,,,,,,,,,,,,,,,,,,,,,,,,,,,,,,,,,,,,,,,,,,,,,,,,,,,,,,,,,,,,,,,,,,,,,,,,,,,,,,,,,,,,,,,,,,,,,,,,,,,,,,,,,,,,,,,,,,,,,,,,,,,,,,,,,,,,,,,,,,,,,,,,,,,,,,,,,,,,,,,,,,,,,,,,,,,,,,,,,,,,,,,,,,,,,,,,,,,,,,,,,,,,,,,,,,,,,,,,,,,,,,,,,,,,,,,,,,,,,,,,,,,,,,,,,,,,,,,,,,,,,,,,,,,,,,,,,,,,,,,,,,,,,,,,,,,,,,,,,,,,,,,,,,,,,,,,,,,,,,,,,,,,,,,,,,,,,,,,,,,,,,,,,,,,,,,,,,,,,,,,,,,,,,,,,,,,,,,,,,,,,,,,,,,,,,,,,,,,,,,,,,,,,,,,,,,,,,,,,,,,,,,,,,,,,,,,,,,,,,,,,,,,,,,,,,,,,,,,,,,,,,,,,,,,,,,,,,,,,,,,,,,,,,,,,,,,,,,,,,,,,,,,,,,,,,,,,,,,,,,,,,,,,,,,,,,,,,,,,,,,,,,,,,,,,,,,,,,,,,,,,,,,,,,,,,,,,,,,,,,,,,,,,,,,,,,,,,,
Swansea Police Department,IL08223,1999,Illinois,,,,,,,,,,,,,,,,,,,,,,,,,,,,,,,,,,,,,,,,,,,,,,,,,,,,,,,,,,,,,,,,,,,,,,,,,,,,,,,,,,,,,,,,,,,,,,,,,,,,,,,,,,,,,,,,,,,,,,,,,,,,,,,,,,,,,,,,,,,,,,,,,,,,,,,,,,,,,,,,,,,,,,,,,,,,,,,,,,,,,,,,,,,,,,,,,,,,,,,,,,,,,,,,,,,,,,,,,,,,,,,,,,,,,,,,,,,,,,,,,,,,,,,,,,,,,,,,,,,,,,,,,,,,,,,,,,,,,,,,,,,,,,,,,,,,,,,,,,,,,,,,,,,,,,,,,,,,,,,,,,,,,,,,,,,,,,,,,,,,,,,,,,,,,,,,,,,,,,,,,,,,,,,,,,,,,,,,,,,,,,,,,,,,,,,,,,,,,,,,,,,,,,,,,,,,,,,,,,,,,,,,,,,,,,,,,,,,,,,,,,,,,,,,,,,,,,,,,,,,,,,,,,,,,,,,,,,,,,,,,,,,,,,,,,,,,,,,,,,,,,,,,,,,,,,,,,,,,,,,,,,,,,,,,,,,,,,,,,,,,,,,,,,,,,,,,,,,,,,,,,,,,,,,,,,,,,,,,,,,,,,,,,,,,,,,,,,,,,,,,,,,,,,,,,,,,,,,,,,,,,,,,,,,,,,,,,,,,,,,,,,,,,,,,,,,,,,,,,,,,,,,,,,,,,,,,,,,,,,,,,,,,,,,,,,,,,,,,,,,,,,,,,,,,,,,,,,,,,,,,,,,,,,,,,,,,,,,,,,,,,,,,,,,,,,,,,,,,,,,,,,,,,,,,,,,,,,,,,,,,,,,,,,,,,,,,,,,,,,,,,,,,,,,,,,,,,,,,,,,,,,,,,,,,,,,,,,,,,,,,,,,,,,,,,,,,,,,,,,,,,,,,,,,,,,,,,,,,,,,,,,,,,,,,,,,,,,,,,,,,,,,,,,,,,,,,,,,,,,,,,,,,,,,,,,,,,,,,,,,,,,,,,,,,,,,,,,,,,,,,,,,,,,,,,,,,,,,,,,,,,,,,,,,,,,,,,,,,,,,,,,,,,,,,,,,,,,,,,,,,,,,,,,,,,,,,,,,,,,,,,,,,,,,,,,,,,,,,,,,,,,,,,,,,,,,,,,,,,,,,,,,,,,,,,,,,,,,,,,,,,,,,,,,,,,,,,,,,,,,,,,,,,,,,,,,,,,,,,,,,,,,,,,,,,,,,,,,,,,,,,,,,,,,,,,,,,,,,,,,,,,,,,,,,,,,,,,,,,,,,,,,,,,,,,,,,,,,,,,,,,,,,,,,,,,,,,,,,,,,,,,,,,,,,,,,,,,,,,,,,,,,,,,,,,,,,,,,,,,,,,,,,,,,,,,,,,,,,,,,,,,,,,,,,,,,,,,,,,,,,,,,
Swansea Police Department,IL08223,1998,Illinois,,,,,,,,,,,,,,,,,,,,,,,,,,,,,,,,,,,,,,,,,,,,,,,,,,,,,,,,,,,,,,,,,,,,,,,,,,,,,,,,,,,,,,,,,,,,,,,,,,,,,,,,,,,,,,,,,,,,,,,,,,,,,,,,,,,,,,,,,,,,,,,,,,,,,,,,,,,,,,,,,,,,,,,,,,,,,,,,,,,,,,,,,,,,,,,,,,,,,,,,,,,,,,,,,,,,,,,,,,,,,,,,,,,,,,,,,,,,,,,,,,,,,,,,,,,,,,,,,,,,,,,,,,,,,,,,,,,,,,,,,,,,,,,,,,,,,,,,,,,,,,,,,,,,,,,,,,,,,,,,,,,,,,,,,,,,,,,,,,,,,,,,,,,,,,,,,,,,,,,,,,,,,,,,,,,,,,,,,,,,,,,,,,,,,,,,,,,,,,,,,,,,,,,,,,,,,,,,,,,,,,,,,,,,,,,,,,,,,,,,,,,,,,,,,,,,,,,,,,,,,,,,,,,,,,,,,,,,,,,,,,,,,,,,,,,,,,,,,,,,,,,,,,,,,,,,,,,,,,,,,,,,,,,,,,,,,,,,,,,,,,,,,,,,,,,,,,,,,,,,,,,,,,,,,,,,,,,,,,,,,,,,,,,,,,,,,,,,,,,,,,,,,,,,,,,,,,,,,,,,,,,,,,,,,,,,,,,,,,,,,,,,,,,,,,,,,,,,,,,,,,,,,,,,,,,,,,,,,,,,,,,,,,,,,,,,,,,,,,,,,,,,,,,,,,,,,,,,,,,,,,,,,,,,,,,,,,,,,,,,,,,,,,,,,,,,,,,,,,,,,,,,,,,,,,,,,,,,,,,,,,,,,,,,,,,,,,,,,,,,,,,,,,,,,,,,,,,,,,,,,,,,,,,,,,,,,,,,,,,,,,,,,,,,,,,,,,,,,,,,,,,,,,,,,,,,,,,,,,,,,,,,,,,,,,,,,,,,,,,,,,,,,,,,,,,,,,,,,,,,,,,,,,,,,,,,,,,,,,,,,,,,,,,,,,,,,,,,,,,,,,,,,,,,,,,,,,,,,,,,,,,,,,,,,,,,,,,,,,,,,,,,,,,,,,,,,,,,,,,,,,,,,,,,,,,,,,,,,,,,,,,,,,,,,,,,,,,,,,,,,,,,,,,,,,,,,,,,,,,,,,,,,,,,,,,,,,,,,,,,,,,,,,,,,,,,,,,,,,,,,,,,,,,,,,,,,,,,,,,,,,,,,,,,,,,,,,,,,,,,,,,,,,,,,,,,,,,,,,,,,,,,,,,,,,,,,,,,,,,,,,,,,,,,,,,,,,,,,,,,,,,,,,,,,,,,,,,,,,,,,,,,,,,,,,,,,,,,,,,,,,,,,,,,,,,,,,,,,,,,,,,,,,,,,,,,,,,,,,,,,,,,,,,,,,,,,,,,,,,,,,,,
Swansea Police Department,IL08223,1997,Illinois,,,,,,,,,,,,,,,,,,,,,,,,,,,,,,,,,,,,,,,,,,,,,,,,,,,,,,,,,,,,,,,,,,,,,,,,,,,,,,,,,,,,,,,,,,,,,,,,,,,,,,,,,,,,,,,,,,,,,,,,,,,,,,,,,,,,,,,,,,,,,,,,,,,,,,,,,,,,,,,,,,,,,,,,,,,,,,,,,,,,,,,,,,,,,,,,,,,,,,,,,,,,,,,,,,,,,,,,,,,,,,,,,,,,,,,,,,,,,,,,,,,,,,,,,,,,,,,,,,,,,,,,,,,,,,,,,,,,,,,,,,,,,,,,,,,,,,,,,,,,,,,,,,,,,,,,,,,,,,,,,,,,,,,,,,,,,,,,,,,,,,,,,,,,,,,,,,,,,,,,,,,,,,,,,,,,,,,,,,,,,,,,,,,,,,,,,,,,,,,,,,,,,,,,,,,,,,,,,,,,,,,,,,,,,,,,,,,,,,,,,,,,,,,,,,,,,,,,,,,,,,,,,,,,,,,,,,,,,,,,,,,,,,,,,,,,,,,,,,,,,,,,,,,,,,,,,,,,,,,,,,,,,,,,,,,,,,,,,,,,,,,,,,,,,,,,,,,,,,,,,,,,,,,,,,,,,,,,,,,,,,,,,,,,,,,,,,,,,,,,,,,,,,,,,,,,,,,,,,,,,,,,,,,,,,,,,,,,,,,,,,,,,,,,,,,,,,,,,,,,,,,,,,,,,,,,,,,,,,,,,,,,,,,,,,,,,,,,,,,,,,,,,,,,,,,,,,,,,,,,,,,,,,,,,,,,,,,,,,,,,,,,,,,,,,,,,,,,,,,,,,,,,,,,,,,,,,,,,,,,,,,,,,,,,,,,,,,,,,,,,,,,,,,,,,,,,,,,,,,,,,,,,,,,,,,,,,,,,,,,,,,,,,,,,,,,,,,,,,,,,,,,,,,,,,,,,,,,,,,,,,,,,,,,,,,,,,,,,,,,,,,,,,,,,,,,,,,,,,,,,,,,,,,,,,,,,,,,,,,,,,,,,,,,,,,,,,,,,,,,,,,,,,,,,,,,,,,,,,,,,,,,,,,,,,,,,,,,,,,,,,,,,,,,,,,,,,,,,,,,,,,,,,,,,,,,,,,,,,,,,,,,,,,,,,,,,,,,,,,,,,,,,,,,,,,,,,,,,,,,,,,,,,,,,,,,,,,,,,,,,,,,,,,,,,,,,,,,,,,,,,,,,,,,,,,,,,,,,,,,,,,,,,,,,,,,,,,,,,,,,,,,,,,,,,,,,,,,,,,,,,,,,,,,,,,,,,,,,,,,,,,,,,,,,,,,,,,,,,,,,,,,,,,,,,,,,,,,,,,,,,,,,,,,,,,,,,,,,,,,,,,,,,,,,,,,,,,,,,,,,,,,,,,,,,,,,,,,,,,,,,,,,,,,,,,,,,,,,,,,,,,,
Swansea Police Department,IL08223,1996,Illinois,,,,,,,,,,,,,,,,,,,,,,,,,,,,,,,,,,,,,,,,,,,,,,,,,,,,,,,,,,,,,,,,,,,,,,,,,,,,,,,,,,,,,,,,,,,,,,,,,,,,,,,,,,,,,,,,,,,,,,,,,,,,,,,,,,,,,,,,,,,,,,,,,,,,,,,,,,,,,,,,,,,,,,,,,,,,,,,,,,,,,,,,,,,,,,,,,,,,,,,,,,,,,,,,,,,,,,,,,,,,,,,,,,,,,,,,,,,,,,,,,,,,,,,,,,,,,,,,,,,,,,,,,,,,,,,,,,,,,,,,,,,,,,,,,,,,,,,,,,,,,,,,,,,,,,,,,,,,,,,,,,,,,,,,,,,,,,,,,,,,,,,,,,,,,,,,,,,,,,,,,,,,,,,,,,,,,,,,,,,,,,,,,,,,,,,,,,,,,,,,,,,,,,,,,,,,,,,,,,,,,,,,,,,,,,,,,,,,,,,,,,,,,,,,,,,,,,,,,,,,,,,,,,,,,,,,,,,,,,,,,,,,,,,,,,,,,,,,,,,,,,,,,,,,,,,,,,,,,,,,,,,,,,,,,,,,,,,,,,,,,,,,,,,,,,,,,,,,,,,,,,,,,,,,,,,,,,,,,,,,,,,,,,,,,,,,,,,,,,,,,,,,,,,,,,,,,,,,,,,,,,,,,,,,,,,,,,,,,,,,,,,,,,,,,,,,,,,,,,,,,,,,,,,,,,,,,,,,,,,,,,,,,,,,,,,,,,,,,,,,,,,,,,,,,,,,,,,,,,,,,,,,,,,,,,,,,,,,,,,,,,,,,,,,,,,,,,,,,,,,,,,,,,,,,,,,,,,,,,,,,,,,,,,,,,,,,,,,,,,,,,,,,,,,,,,,,,,,,,,,,,,,,,,,,,,,,,,,,,,,,,,,,,,,,,,,,,,,,,,,,,,,,,,,,,,,,,,,,,,,,,,,,,,,,,,,,,,,,,,,,,,,,,,,,,,,,,,,,,,,,,,,,,,,,,,,,,,,,,,,,,,,,,,,,,,,,,,,,,,,,,,,,,,,,,,,,,,,,,,,,,,,,,,,,,,,,,,,,,,,,,,,,,,,,,,,,,,,,,,,,,,,,,,,,,,,,,,,,,,,,,,,,,,,,,,,,,,,,,,,,,,,,,,,,,,,,,,,,,,,,,,,,,,,,,,,,,,,,,,,,,,,,,,,,,,,,,,,,,,,,,,,,,,,,,,,,,,,,,,,,,,,,,,,,,,,,,,,,,,,,,,,,,,,,,,,,,,,,,,,,,,,,,,,,,,,,,,,,,,,,,,,,,,,,,,,,,,,,,,,,,,,,,,,,,,,,,,,,,,,,,,,,,,,,,,,,,,,,,,,,,,,,,,,,,,,,,,,,,,,,,,,,,,,,,,,,,,,,,,,,,,,,,,,,,,,,,,,,,,,,,,,
Swansea Police Department,IL08223,1995,Illinois,,,,,,,,,,,,,,,,,,,,,,,,,,,,,,,,,,,,,,,,,,,,,,,,,,,,,,,,,,,,,,,,,,,,,,,,,,,,,,,,,,,,,,,,,,,,,,,,,,,,,,,,,,,,,,,,,,,,,,,,,,,,,,,,,,,,,,,,,,,,,,,,,,,,,,,,,,,,,,,,,,,,,,,,,,,,,,,,,,,,,,,,,,,,,,,,,,,,,,,,,,,,,,,,,,,,,,,,,,,,,,,,,,,,,,,,,,,,,,,,,,,,,,,,,,,,,,,,,,,,,,,,,,,,,,,,,,,,,,,,,,,,,,,,,,,,,,,,,,,,,,,,,,,,,,,,,,,,,,,,,,,,,,,,,,,,,,,,,,,,,,,,,,,,,,,,,,,,,,,,,,,,,,,,,,,,,,,,,,,,,,,,,,,,,,,,,,,,,,,,,,,,,,,,,,,,,,,,,,,,,,,,,,,,,,,,,,,,,,,,,,,,,,,,,,,,,,,,,,,,,,,,,,,,,,,,,,,,,,,,,,,,,,,,,,,,,,,,,,,,,,,,,,,,,,,,,,,,,,,,,,,,,,,,,,,,,,,,,,,,,,,,,,,,,,,,,,,,,,,,,,,,,,,,,,,,,,,,,,,,,,,,,,,,,,,,,,,,,,,,,,,,,,,,,,,,,,,,,,,,,,,,,,,,,,,,,,,,,,,,,,,,,,,,,,,,,,,,,,,,,,,,,,,,,,,,,,,,,,,,,,,,,,,,,,,,,,,,,,,,,,,,,,,,,,,,,,,,,,,,,,,,,,,,,,,,,,,,,,,,,,,,,,,,,,,,,,,,,,,,,,,,,,,,,,,,,,,,,,,,,,,,,,,,,,,,,,,,,,,,,,,,,,,,,,,,,,,,,,,,,,,,,,,,,,,,,,,,,,,,,,,,,,,,,,,,,,,,,,,,,,,,,,,,,,,,,,,,,,,,,,,,,,,,,,,,,,,,,,,,,,,,,,,,,,,,,,,,,,,,,,,,,,,,,,,,,,,,,,,,,,,,,,,,,,,,,,,,,,,,,,,,,,,,,,,,,,,,,,,,,,,,,,,,,,,,,,,,,,,,,,,,,,,,,,,,,,,,,,,,,,,,,,,,,,,,,,,,,,,,,,,,,,,,,,,,,,,,,,,,,,,,,,,,,,,,,,,,,,,,,,,,,,,,,,,,,,,,,,,,,,,,,,,,,,,,,,,,,,,,,,,,,,,,,,,,,,,,,,,,,,,,,,,,,,,,,,,,,,,,,,,,,,,,,,,,,,,,,,,,,,,,,,,,,,,,,,,,,,,,,,,,,,,,,,,,,,,,,,,,,,,,,,,,,,,,,,,,,,,,,,,,,,,,,,,,,,,,,,,,,,,,,,,,,,,,,,,,,,,,,,,,,,,,,,,,,,,,,,,,,,,,,,,,,,,,,,,,,,,,,,,,
Swansea Police Department,IL08223,1994,Illinois,,,,,,,,,,,,,,,,,,,,,,,,,,,,,,,,,,,,,,,,,,,,,,,,,,,,,,,,,,,,,,,,,,,,,,,,,,,,,,,,,,,,,,,,,,,,,,,,,,,,,,,,,,,,,,,,,,,,,,,,,,,,,,,,,,,,,,,,,,,,,,,,,,,,,,,,,,,,,,,,,,,,,,,,,,,,,,,,,,,,,,,,,,,,,,,,,,,,,,,,,,,,,,,,,,,,,,,,,,,,,,,,,,,,,,,,,,,,,,,,,,,,,,,,,,,,,,,,,,,,,,,,,,,,,,,,,,,,,,,,,,,,,,,,,,,,,,,,,,,,,,,,,,,,,,,,,,,,,,,,,,,,,,,,,,,,,,,,,,,,,,,,,,,,,,,,,,,,,,,,,,,,,,,,,,,,,,,,,,,,,,,,,,,,,,,,,,,,,,,,,,,,,,,,,,,,,,,,,,,,,,,,,,,,,,,,,,,,,,,,,,,,,,,,,,,,,,,,,,,,,,,,,,,,,,,,,,,,,,,,,,,,,,,,,,,,,,,,,,,,,,,,,,,,,,,,,,,,,,,,,,,,,,,,,,,,,,,,,,,,,,,,,,,,,,,,,,,,,,,,,,,,,,,,,,,,,,,,,,,,,,,,,,,,,,,,,,,,,,,,,,,,,,,,,,,,,,,,,,,,,,,,,,,,,,,,,,,,,,,,,,,,,,,,,,,,,,,,,,,,,,,,,,,,,,,,,,,,,,,,,,,,,,,,,,,,,,,,,,,,,,,,,,,,,,,,,,,,,,,,,,,,,,,,,,,,,,,,,,,,,,,,,,,,,,,,,,,,,,,,,,,,,,,,,,,,,,,,,,,,,,,,,,,,,,,,,,,,,,,,,,,,,,,,,,,,,,,,,,,,,,,,,,,,,,,,,,,,,,,,,,,,,,,,,,,,,,,,,,,,,,,,,,,,,,,,,,,,,,,,,,,,,,,,,,,,,,,,,,,,,,,,,,,,,,,,,,,,,,,,,,,,,,,,,,,,,,,,,,,,,,,,,,,,,,,,,,,,,,,,,,,,,,,,,,,,,,,,,,,,,,,,,,,,,,,,,,,,,,,,,,,,,,,,,,,,,,,,,,,,,,,,,,,,,,,,,,,,,,,,,,,,,,,,,,,,,,,,,,,,,,,,,,,,,,,,,,,,,,,,,,,,,,,,,,,,,,,,,,,,,,,,,,,,,,,,,,,,,,,,,,,,,,,,,,,,,,,,,,,,,,,,,,,,,,,,,,,,,,,,,,,,,,,,,,,,,,,,,,,,,,,,,,,,,,,,,,,,,,,,,,,,,,,,,,,,,,,,,,,,,,,,,,,,,,,,,,,,,,,,,,,,,,,,,,,,,,,,,,,,,,,,,,,,,,,,,,,,,,,,,,,,,,,,,,,,,,,,,,,,,,,,,,,,,,,,,,,,,,,,,,,,
Swansea Police Department,IL08223,1993,Illinois,,,,,,,,,,,,,,,,,,,,,,,,,,,,,,,,,,,,,,,,,,,,,,,,,,,,,,,,,,,,,,,,,,,,,,,,,,,,,,,,,,,,,,,,,,,,,,,,,,,,,,,,,,,,,,,,,,,,,,,,,,,,,,,,,,,,,,,,,,,,,,,,,,,,,,,,,,,,,,,,,,,,,,,,,,,,,,,,,,,,,,,,,,,,,,,,,,,,,,,,,,,,,,,,,,,,,,,,,,,,,,,,,,,,,,,,,,,,,,,,,,,,,,,,,,,,,,,,,,,,,,,,,,,,,,,,,,,,,,,,,,,,,,,,,,,,,,,,,,,,,,,,,,,,,,,,,,,,,,,,,,,,,,,,,,,,,,,,,,,,,,,,,,,,,,,,,,,,,,,,,,,,,,,,,,,,,,,,,,,,,,,,,,,,,,,,,,,,,,,,,,,,,,,,,,,,,,,,,,,,,,,,,,,,,,,,,,,,,,,,,,,,,,,,,,,,,,,,,,,,,,,,,,,,,,,,,,,,,,,,,,,,,,,,,,,,,,,,,,,,,,,,,,,,,,,,,,,,,,,,,,,,,,,,,,,,,,,,,,,,,,,,,,,,,,,,,,,,,,,,,,,,,,,,,,,,,,,,,,,,,,,,,,,,,,,,,,,,,,,,,,,,,,,,,,,,,,,,,,,,,,,,,,,,,,,,,,,,,,,,,,,,,,,,,,,,,,,,,,,,,,,,,,,,,,,,,,,,,,,,,,,,,,,,,,,,,,,,,,,,,,,,,,,,,,,,,,,,,,,,,,,,,,,,,,,,,,,,,,,,,,,,,,,,,,,,,,,,,,,,,,,,,,,,,,,,,,,,,,,,,,,,,,,,,,,,,,,,,,,,,,,,,,,,,,,,,,,,,,,,,,,,,,,,,,,,,,,,,,,,,,,,,,,,,,,,,,,,,,,,,,,,,,,,,,,,,,,,,,,,,,,,,,,,,,,,,,,,,,,,,,,,,,,,,,,,,,,,,,,,,,,,,,,,,,,,,,,,,,,,,,,,,,,,,,,,,,,,,,,,,,,,,,,,,,,,,,,,,,,,,,,,,,,,,,,,,,,,,,,,,,,,,,,,,,,,,,,,,,,,,,,,,,,,,,,,,,,,,,,,,,,,,,,,,,,,,,,,,,,,,,,,,,,,,,,,,,,,,,,,,,,,,,,,,,,,,,,,,,,,,,,,,,,,,,,,,,,,,,,,,,,,,,,,,,,,,,,,,,,,,,,,,,,,,,,,,,,,,,,,,,,,,,,,,,,,,,,,,,,,,,,,,,,,,,,,,,,,,,,,,,,,,,,,,,,,,,,,,,,,,,,,,,,,,,,,,,,,,,,,,,,,,,,,,,,,,,,,,,,,,,,,,,,,,,,,,,,,,,,,,,,,,,,,,,,,,,,,,,,,,,,,,,,,,,,,,,,,,,,,,,,,
Swansea Police Department,IL08223,1992,Illinois,8344,3,0,3,3,0,0,0,3,0,0,0,1,2,0,0,0,0,0,0,1,2,0,0,0,0,0,0,33,4,37,26,7,4,0,30,7,0,0,8,25,0,0,1,3,0,0,9,28,0,0,0,0,0,0,0,4,4,0,0,0,4,0,4,0,0,0,0,0,0,0,4,0,0,0,4,0,0,0,0,0,0,3,1,4,3,0,1,0,4,0,0,0,0,3,0,0,0,1,0,0,0,4,0,0,0,0,0,0,0,5,5,0,0,5,0,5,0,0,0,0,0,0,0,0,5,0,0,0,5,0,0,0,0,0,0,22,4,26,17,5,4,0,21,5,0,0,5,17,0,0,0,4,0,0,5,21,0,0,0,0,0,0,0,0,2,3,0,0,5,0,0,0,1,0,0,1,6,4,1,1,0,5,1,0,0,2,4,0,0,4,1,5,3,1,1,0,4,1,0,0,1,3,0,0,0,1,0,0,1,4,0,0,0,0,0,0,1,0,1,1,0,0,0,1,0,0,0,1,0,0,0,0,0,0,0,1,0,0,0,0,0,0,0,0,0,0,0,0,0,0,0,0,0,0,0,0,0,0,0,0,0,0,0,0,0,0,0,0,0,0,0,0,0,0,0,0,0,0,0,0,0,0,0,0,0,0,0,0,0,0,0,0,0,0,0,0,0,0,0,0,0,0,0,0,0,0,0,0,0,0,0,0,0,0,0,0,0,0,0,0,0,0,0,0,0,0,0,0,0,0,0,0,0,0,0,0,0,0,0,0,0,0,0,0,0,0,0,0,0,0,0,0,0,0,0,0,0,0,0,0,0,0,0,0,0,0,0,0,0,0,0,0,0,0,0,0,0,0,0,0,0,0,0,0,0,0,0,0,0,0,0,0,0,0,0,0,0,0,0,0,0,0,0,0,0,0,0,0,0,0,0,0,0,0,0,0,0,0,0,0,0,0,0,0,0,0,0,0,0,0,0,0,5,1,6,4,1,1,0,5,1,0,0,2,3,0,0,0,1,0,0,2,4,0,0,0,0,0,0,3,0,3,3,0,0,0,3,0,0,0,0,3,0,0,0,0,0,0,0,3,0,0,0,0,0,0,100,1,101,78,22,1,0,79,22,0,1,7,92,0,0,1,0,0,1,8,92,0,0,0,0,0,0,0,0,0,0,0,0,0,0,0,0,0,0,0,0,0,0,0,0,0,0,0,0,0,0,0,0,0,2,0,2,1,1,0,0,1,1,0,0,0,2,0,0,0,0,0,0,0,2,0,0,0,0,0,0,2,0,2,2,0,0,0,2,0,0,0,1,1,0,0,0,0,0,0,1,1,0,0,0,0,0,0,0,0,0,0,0,0,0,0,0,0,0,0,0,0,0,0,0,0,0,0,0,0,0,0,0,0,0,0,0,0,0,0,0,0,0,0,0,0,0,0,0,0,0,0,0,0,0,0,0,0,0,0,0,0,0,0,0,0,0,0,0,0,0,0,0,0,0,0,0,0,0,0,0,0,0,0,0,0,0,0,0,1,0,1,1,0,0,0,1,0,0,0,0,1,0,0,0,0,0,0,0,1,0,0,0,0,0,0,0,0,0,1,0,0,1,0,0,0,0,0,0,0,1,1,0,0,0,1,0,0,0,0,1,0,0,,,,,,,,,,,,,,,,,,,,,,,,,,,,,,,,,,,,,,,,,,,,,,,,,,,,,,,47,8,55,42,5,4,4,46,9,0,0,4,43,0,0,0,8,0,0,4,51,0,0,0,0,0,0,0,0,0,0,0,0,0,0,0,0,0,0,0,0,0,0,0,0,0,0,0,0,0,0,0,0,0,0,0,0,0,0,0,0,0,0,0,0,0,0,0,0,0,0,0,0,0,0,0,0,0,0,0,0,0,0,0,0,0,0,0,0,0,0,0,0,0,0,0,0,0,0,0,0,0,0,0,0,0,0,0,106,6,112,87,19,6,0,93,19,0,0,37,69,0,0,3,3,0,0,40,72,0,0,0,0,0,0,1,0,1,1,0,0,0,1,0,0,0,0,1,0,0,0,0,0,0,0,1,0,0,0,0,0,0,0,,,,0,,,,0,,,,0,0,,,,,,,0,0,0,0,,,,,,,,,,,,,0,0,0,0,,,,,,,,,,,,,0,0,0,0,,,,,,,,,,,,,0,0,0,0,,,,,,,,,,,,,0,,,,0,,,,0,,,,0,,,,0,0,,,,,,,0,0,0,0,0,0,0,0,0,0,0,0,0,0,0,0,0,0,0,0,0,0,0,0,0,0,0,0,0,0,0,0,0,0,0,0,0,0,0,0,0,0,0,0,0,0,0,0,0,0,0,0,0,0,0,3,3,0,0,1,2,1,2,0,0,0,0,0,0,0,3,0,0,0,3,0,0,0,0,0,0,0,0,0,0,0,0,0,0,0,0,0,0,0,0,0,0,0,0,0,0,0,0,0,0,0,0,0,0,0,0,0,0,0,0,0,0,0,0,0,0,0,0,0,0,0,0,0,0,0,0,0,0,0,0,53,14,67,31,22,9,5,40,27,0,0,22,31,0,0,3,11,0,0,25,42,0,0,0,0,0,0,0,0,0,0,0,0,0,0,0,0,0,0,0,0,0,0,0,0,0,0,0,0,0,0,0,0,0,10,10,20,8,2,10,0,18,2,0,0,3,7,0,0,1,9,0,0,4,16,0,0,0,0,0,0,9,2,11,8,1,2,0,10,1,0,0,1,8,0,0,2,0,0,0,3,8,0,0,0,0,0,0,811,128,939,639,172,98,30,737,202,0,2,186,623,0,0,22,106,0,2,208,729,0,0,0,0,0,0
Swansea Police Department,IL08223,1991,Illinois,8281,5,0,5,5,0,0,0,5,0,0,0,1,4,0,0,0,0,0,0,1,4,0,0,0,0,0,0,12,1,13,12,0,1,0,13,0,0,0,1,11,0,0,0,1,0,0,1,12,0,0,0,0,0,0,0,0,0,0,0,0,0,0,0,0,0,0,0,0,0,0,0,0,0,0,0,0,0,0,0,0,0,1,0,1,1,0,0,0,1,0,0,0,0,1,0,0,0,0,0,0,0,1,0,0,0,0,0,0,0,2,2,0,0,2,0,2,0,0,0,0,0,0,0,0,2,0,0,0,2,0,0,0,0,0,0,18,0,18,13,5,0,0,13,5,0,0,1,17,0,0,0,0,0,0,1,17,0,0,0,0,0,0,0,0,1,2,0,0,3,0,0,0,0,0,0,0,3,3,0,0,0,3,0,0,0,1,2,0,0,1,0,1,1,0,0,0,1,0,0,0,0,1,0,0,0,0,0,0,0,1,0,0,0,0,0,0,2,0,2,2,0,0,0,2,0,0,0,1,1,0,0,0,0,0,0,1,1,0,0,0,0,0,0,0,0,0,0,0,0,0,0,0,0,0,0,0,0,0,0,0,0,0,0,0,0,0,0,0,0,0,0,0,0,0,0,0,0,0,0,0,0,0,0,0,0,0,0,0,0,0,0,0,0,0,0,0,0,0,0,0,0,0,0,0,0,0,0,0,0,0,0,0,0,0,0,0,0,0,0,0,0,0,0,0,0,0,0,0,0,0,0,0,0,0,0,0,0,0,0,0,0,0,0,0,0,0,0,0,0,0,0,0,0,0,0,0,0,0,0,0,0,0,0,0,0,0,0,0,0,0,0,0,0,0,0,0,0,0,0,0,0,0,0,0,0,0,0,0,0,0,0,0,0,0,0,0,0,0,0,0,0,0,0,0,0,0,0,0,0,0,0,0,0,0,0,0,0,0,0,0,0,0,0,0,0,0,0,0,0,0,0,0,3,0,3,3,0,0,0,3,0,0,0,1,2,0,0,0,0,0,0,1,2,0,0,0,0,0,0,0,0,0,0,0,0,0,0,0,0,0,0,0,0,0,0,0,0,0,0,0,0,0,0,0,0,0,118,1,119,98,20,1,0,99,20,0,0,14,104,0,0,0,1,0,0,14,105,0,0,0,0,0,0,0,0,0,0,0,0,0,0,0,0,0,0,0,0,0,0,0,0,0,0,0,0,0,0,0,0,0,2,0,2,0,2,0,0,0,2,0,0,1,1,0,0,0,0,0,0,1,1,0,0,0,0,0,0,0,0,0,0,0,0,0,0,0,0,0,0,0,0,0,0,0,0,0,0,0,0,0,0,0,0,0,1,0,1,1,0,0,0,1,0,0,0,1,0,0,0,0,0,0,0,1,0,0,0,0,0,0,0,0,0,0,0,0,0,0,0,0,0,0,0,0,0,0,0,0,0,0,0,0,0,0,0,0,0,0,0,0,0,0,0,0,0,0,0,0,0,0,0,0,0,0,0,0,0,0,0,0,0,0,0,0,0,0,0,0,0,0,0,0,0,0,0,0,0,0,0,0,0,0,0,0,0,0,0,0,0,0,0,0,0,0,0,0,0,0,0,0,0,0,0,0,0,0,0,0,0,0,0,0,0,0,0,0,0,0,0,,,,,,,,,,,,,,,,,,,,,,,,,,,,,,,,,,,,,,,,,,,,,,,,,,,,,,,20,4,24,16,4,2,2,18,6,0,0,5,15,0,0,0,4,0,0,5,19,0,0,0,0,0,0,1,0,1,1,0,0,0,1,0,0,0,1,0,0,0,0,0,0,0,1,0,0,0,0,0,0,0,0,0,0,0,0,0,0,0,0,0,0,0,0,0,0,0,0,0,0,0,0,0,0,0,0,0,0,0,0,0,0,0,0,0,0,0,0,0,0,0,0,0,0,0,0,0,0,0,0,0,0,0,0,0,67,2,69,61,6,2,0,63,6,0,0,19,48,0,0,2,0,0,0,21,48,0,0,0,0,0,0,2,0,2,2,0,0,0,2,0,0,0,0,2,0,0,0,0,0,0,0,2,0,0,0,0,0,0,0,,,,0,,,,0,,,,0,0,,,,,,,0,0,0,0,,,,,,,,,,,,,0,0,0,0,,,,,,,,,,,,,0,0,0,0,,,,,,,,,,,,,0,0,0,0,,,,,,,,,,,,,0,,,,0,,,,0,,,,0,,,,0,0,,,,,,,0,0,0,0,0,0,0,0,0,0,0,0,0,0,0,0,0,0,0,0,0,0,0,0,0,0,0,0,0,0,0,0,0,0,0,0,0,0,0,0,0,0,0,0,0,0,0,0,0,0,0,0,0,0,0,10,10,0,0,2,8,2,8,0,0,0,0,0,0,1,9,0,0,1,9,0,0,0,0,0,0,0,0,0,0,0,0,0,0,0,0,0,0,0,0,0,0,0,0,0,0,0,0,0,0,0,0,0,0,0,0,0,0,0,0,0,0,0,0,0,0,0,0,0,0,0,0,0,0,0,0,0,0,0,0,65,17,82,33,32,13,4,46,36,0,0,18,47,0,0,2,15,0,0,20,62,0,0,0,0,0,0,0,0,0,0,0,0,0,0,0,0,0,0,0,0,0,0,0,0,0,0,0,0,0,0,0,0,0,12,3,15,11,1,3,0,14,1,0,0,2,10,0,0,0,3,0,0,2,13,0,0,0,0,0,0,8,0,8,7,1,0,0,7,1,0,0,1,7,0,0,0,0,0,0,1,7,0,0,0,0,0,0,676,80,756,534,142,52,28,586,170,0,0,134,542,0,0,10,70,0,0,144,612,0,0,0,0,0,0
Swansea Police Department,IL08223,1990,Illinois,8201,2,1,3,2,0,1,0,3,0,0,0,0,2,0,0,0,1,0,0,0,3,0,0,0,0,0,0,15,1,16,9,6,1,0,10,6,0,0,3,12,0,0,1,0,0,0,4,12,0,0,0,0,0,0,1,1,2,1,0,1,0,2,0,0,0,0,1,0,0,0,1,0,0,0,2,0,0,0,0,0,0,1,1,2,1,0,1,0,2,0,0,0,0,1,0,0,1,0,0,0,1,1,0,0,0,0,0,0,0,1,1,0,0,1,0,1,0,0,0,0,0,0,0,0,1,0,0,0,1,0,0,0,0,0,0,5,1,6,4,1,1,0,5,1,0,0,1,4,0,0,0,1,0,0,1,5,0,0,0,0,0,0,0,0,0,1,0,0,1,0,0,0,0,0,0,0,1,1,0,0,0,1,0,0,0,0,1,0,0,1,0,1,1,0,0,0,1,0,0,0,0,1,0,0,0,0,0,0,0,1,0,0,0,0,0,0,0,0,0,0,0,0,0,0,0,0,0,0,0,0,0,0,0,0,0,0,0,0,0,0,0,0,0,0,0,0,0,0,0,0,0,0,0,0,0,0,0,0,0,0,0,0,0,0,0,0,0,0,0,0,0,0,0,0,0,0,0,0,0,0,0,0,0,0,0,0,0,0,0,0,0,0,0,0,0,0,0,0,0,0,0,0,0,0,0,0,0,0,0,0,0,0,0,0,0,0,0,0,0,0,0,0,0,0,0,0,0,0,0,0,0,0,0,0,0,0,0,0,0,0,0,0,0,0,0,0,0,0,0,0,0,0,0,0,0,0,0,0,0,0,0,0,0,0,0,0,0,0,0,0,0,0,0,0,0,0,0,0,0,0,0,0,0,0,0,0,0,0,0,0,0,0,0,0,0,0,0,0,0,0,0,0,0,0,0,0,0,0,0,0,0,0,0,0,0,0,0,0,0,0,0,0,0,0,0,0,0,0,0,0,0,0,1,0,1,1,0,0,0,1,0,0,0,0,1,0,0,0,0,0,0,0,1,0,0,0,0,0,0,0,0,0,0,0,0,0,0,0,0,0,0,0,0,0,0,0,0,0,0,0,0,0,0,0,0,0,64,3,67,58,6,2,1,60,7,0,0,2,62,0,0,0,3,0,0,2,65,0,0,0,0,0,0,0,0,0,0,0,0,0,0,0,0,0,0,0,0,0,0,0,0,0,0,0,0,0,0,0,0,0,0,0,0,0,0,0,0,0,0,0,0,0,0,0,0,0,0,0,0,0,0,0,0,0,0,0,0,1,1,2,1,0,0,1,1,1,0,0,0,1,0,0,0,1,0,0,0,2,0,0,0,0,0,0,0,0,0,0,0,0,0,0,0,0,0,0,0,0,0,0,0,0,0,0,0,0,0,0,0,0,0,0,0,0,0,0,0,0,0,0,0,0,0,0,0,0,0,0,0,0,0,0,0,0,0,0,0,0,0,0,0,0,0,0,0,0,0,0,0,0,0,0,0,0,0,0,0,0,0,0,0,0,0,0,0,0,0,0,0,0,0,0,0,0,0,0,0,0,0,0,0,0,0,0,0,0,0,0,0,0,0,0,0,0,0,0,0,0,0,0,0,0,0,0,0,0,0,0,0,0,0,0,0,0,0,0,0,0,0,,,,,,,,,,,,,,,,,,,,,,,,,,,,,,,,,,,,,,,,,,,,,,,,,,,,,,,8,4,12,7,1,4,0,11,1,0,0,0,8,0,0,0,4,0,0,0,12,0,0,0,0,0,0,0,0,0,0,0,0,0,0,0,0,0,0,0,0,0,0,0,0,0,0,0,0,0,0,0,0,0,0,0,0,0,0,0,0,0,0,0,0,0,0,0,0,0,0,0,0,0,0,0,0,0,0,0,0,0,0,0,0,0,0,0,0,0,0,0,0,0,0,0,0,0,0,0,0,0,0,0,0,0,0,0,25,0,25,23,2,0,0,23,2,0,0,4,21,0,0,0,0,0,0,4,21,0,0,0,0,0,0,1,0,1,1,0,0,0,1,0,0,0,1,0,0,0,0,0,0,0,1,0,0,0,0,0,0,0,0,,,,0,,,,0,,,,0,0,,,,,,,0,0,0,0,,,,,,,,,,,,,0,0,0,0,,,,,,,,,,,,,0,0,0,0,,,,,,,,,,,,,0,0,0,0,,,,,,,,,,,,,0,,,,0,,,,0,,,,0,,,,0,0,,,,,,,0,0,0,0,0,0,0,0,0,0,0,0,0,0,0,0,0,0,0,0,0,0,0,0,0,0,0,0,0,0,0,0,0,0,0,0,0,0,0,0,0,0,0,0,0,0,0,0,0,0,0,0,0,0,0,0,0,0,0,0,0,0,0,0,0,0,0,0,0,0,0,0,0,0,0,0,0,0,0,0,0,0,0,0,0,0,0,0,0,0,0,0,0,0,0,0,0,0,0,0,0,0,0,0,0,0,0,0,0,0,0,0,0,0,0,0,0,0,0,0,0,0,0,0,0,0,0,0,0,0,0,0,0,0,0,34,9,43,20,14,6,3,26,17,0,0,9,25,0,0,1,8,0,0,10,33,0,0,0,0,0,0,0,0,0,0,0,0,0,0,0,0,0,0,0,0,0,0,0,0,0,0,0,0,0,0,0,0,0,3,3,6,2,1,3,0,5,1,0,0,1,2,0,0,0,3,0,0,1,5,0,0,0,0,0,0,4,0,4,3,1,0,0,3,1,0,0,1,3,0,0,0,0,0,0,1,3,0,0,0,0,0,0,332,52,384,268,64,42,10,310,74,0,0,44,288,0,0,6,46,0,0,50,334,0,0,0,0,0,0
Swansea Police Department,IL08223,1989,Illinois,6393,1,1,2,1,0,1,0,2,0,0,0,0,1,0,0,0,1,0,0,0,2,0,0,0,0,0,0,9,1,10,7,2,1,0,8,2,0,0,0,9,0,0,0,1,0,0,0,10,0,0,0,0,0,0,0,0,0,0,0,0,0,0,0,0,0,0,0,0,0,0,0,0,0,0,0,0,0,0,0,0,0,1,0,1,1,0,0,0,1,0,0,1,0,0,0,0,0,0,0,1,0,0,0,0,0,0,0,0,0,3,3,0,0,1,2,1,2,0,0,0,0,0,0,0,3,0,0,0,3,0,0,0,0,0,0,5,1,6,4,1,1,0,5,1,0,0,0,5,0,0,0,1,0,0,0,6,0,0,0,0,0,0,0,0,0,0,0,0,0,0,0,0,0,0,0,0,0,0,0,0,0,0,0,0,0,0,0,0,0,0,0,0,0,0,0,0,0,0,0,0,0,0,0,0,0,0,0,0,0,0,0,0,0,0,0,0,0,0,0,0,0,0,0,0,0,0,0,0,0,0,0,0,0,0,0,0,0,0,0,0,0,0,0,0,0,0,0,0,0,0,0,0,0,0,0,0,0,0,0,0,0,0,0,0,0,0,0,0,0,0,0,0,0,0,0,0,0,0,0,0,0,0,0,0,0,0,0,0,0,0,0,0,0,0,0,0,0,0,0,0,0,0,0,0,0,0,0,0,0,0,0,0,0,0,0,0,0,0,0,0,0,0,0,0,0,0,0,0,0,0,0,0,0,0,0,0,0,0,0,0,0,0,0,0,0,0,0,0,0,0,0,0,0,0,0,0,0,0,0,0,0,0,0,0,0,0,0,0,0,0,0,0,0,0,0,0,0,0,0,0,0,0,0,0,0,0,0,0,0,0,0,0,0,0,0,0,0,0,0,0,0,0,0,0,0,0,0,0,0,0,0,0,0,0,0,0,0,0,0,0,0,0,0,0,0,0,0,0,0,0,0,0,0,0,0,0,0,0,0,0,0,0,0,0,0,0,0,0,0,0,0,0,0,0,0,0,0,0,0,3,0,3,3,0,0,0,3,0,0,0,0,3,0,0,0,0,0,0,0,3,0,0,0,0,0,0,62,0,62,57,5,0,0,57,5,0,0,5,57,0,0,0,0,0,0,5,57,0,0,0,0,0,0,0,0,0,0,0,0,0,0,0,0,0,0,0,0,0,0,0,0,0,0,0,0,0,0,0,0,0,0,0,0,0,0,0,0,0,0,0,0,0,0,0,0,0,0,0,0,0,0,0,0,0,0,0,0,1,0,1,1,0,0,0,1,0,0,0,1,0,0,0,0,0,0,0,1,0,0,0,0,0,0,0,0,0,0,0,0,0,0,0,0,0,0,0,0,0,0,0,0,0,0,0,0,0,0,0,0,0,0,0,0,0,0,0,0,0,0,0,0,0,0,0,0,0,0,0,0,0,0,0,0,0,0,0,0,0,0,0,0,0,0,0,0,0,0,0,0,0,0,0,0,0,0,0,0,0,0,0,0,0,0,0,0,0,0,0,0,0,0,0,0,0,0,0,0,0,0,0,0,0,0,0,0,0,0,0,0,0,0,0,0,0,0,0,0,0,0,0,0,0,0,0,0,0,0,0,0,0,0,0,0,0,0,0,0,0,0,,,,,,,,,,,,,,,,,,,,,,,,,,,,,,,,,,,,,,,,,,,,,,,,,,,,,,,10,0,10,8,2,0,0,8,2,0,0,0,10,0,0,0,0,0,0,0,10,0,0,0,0,0,0,0,0,0,0,0,0,0,0,0,0,0,0,0,0,0,0,0,0,0,0,0,0,0,0,0,0,0,0,0,0,0,0,0,0,0,0,0,0,0,0,0,0,0,0,0,0,0,0,0,0,0,0,0,0,0,0,0,0,0,0,0,0,0,0,0,0,0,0,0,0,0,0,0,0,0,0,0,0,0,0,0,24,2,26,20,4,2,0,22,4,0,0,6,18,0,0,0,2,0,0,6,20,0,0,0,0,0,0,1,0,1,1,0,0,0,1,0,0,0,0,1,0,0,0,0,0,0,0,1,0,0,0,0,0,0,0,,,,0,,,,0,,,,0,0,,,,,,,0,0,0,0,,,,,,,,,,,,,0,0,0,0,,,,,,,,,,,,,0,0,0,0,,,,,,,,,,,,,0,0,0,0,,,,,,,,,,,,,0,,,,0,,,,0,,,,0,,,,0,0,,,,,,,1,0,1,1,0,0,0,1,0,0,0,0,1,0,0,0,0,0,0,0,1,0,0,0,0,0,0,0,0,0,0,0,0,0,0,0,0,0,0,0,0,0,0,0,0,0,0,0,0,0,0,0,0,0,0,0,0,0,0,0,0,0,0,0,0,0,0,0,0,0,0,0,0,0,0,0,0,0,0,0,0,0,0,0,0,0,0,0,0,0,0,0,0,0,0,0,0,0,0,0,0,0,0,0,0,0,0,0,0,0,0,0,0,0,0,0,0,0,0,0,0,0,0,0,0,0,0,0,0,0,0,0,0,0,0,50,15,65,27,23,12,3,39,26,0,0,19,31,0,0,3,12,0,0,22,43,0,0,0,0,0,0,0,0,0,0,0,0,0,0,0,0,0,0,0,0,0,0,0,0,0,0,0,0,0,0,0,0,0,8,1,9,6,2,1,0,7,2,0,0,0,8,0,0,0,1,0,0,0,9,0,0,0,0,0,0,2,0,2,2,0,0,0,2,0,0,0,0,2,0,0,0,0,0,0,0,2,0,0,0,0,0,0,356,48,404,278,78,38,10,316,88,0,2,62,292,0,0,6,42,0,2,68,334,0,0,0,0,0,0
Swansea Police Department,IL08223,1988,Illinois,6435,1,0,1,1,0,0,0,1,0,0,0,0,1,0,0,0,0,0,0,0,1,0,0,0,0,0,0,9,2,11,8,1,2,0,10,1,0,0,1,8,0,0,0,2,0,0,1,10,0,0,0,0,0,0,0,0,0,0,0,0,0,0,0,0,0,0,0,0,0,0,0,0,0,0,0,0,0,0,0,0,0,0,2,2,0,0,2,0,2,0,0,0,0,0,0,0,0,2,0,0,0,2,0,0,0,0,0,0,0,1,1,0,0,1,0,1,0,0,0,0,0,0,0,0,1,0,0,0,1,0,0,0,0,0,0,5,0,5,2,3,0,0,2,3,0,0,0,5,0,0,0,0,0,0,0,5,0,0,0,0,0,0,0,0,0,1,0,0,1,0,0,0,1,0,0,1,2,1,0,1,0,2,0,0,0,0,2,0,0,0,0,0,0,0,0,0,0,0,0,0,0,0,0,0,0,0,0,0,0,0,0,0,0,0,0,0,1,1,2,1,0,1,0,2,0,0,0,0,1,0,0,0,1,0,0,0,2,0,0,0,0,0,0,0,0,0,0,0,0,0,0,0,0,0,0,0,0,0,0,0,0,0,0,0,0,0,0,0,0,0,0,0,0,0,0,0,0,0,0,0,0,0,0,0,0,0,0,0,0,0,0,0,0,0,0,0,0,0,0,0,0,0,0,0,0,0,0,0,0,0,0,0,0,0,0,0,0,0,0,0,0,0,0,0,0,0,0,0,0,0,0,0,0,0,0,0,0,0,0,0,0,0,0,0,0,0,0,0,0,0,0,0,0,0,0,0,0,0,0,0,0,0,0,0,0,0,0,0,0,0,0,0,0,0,0,0,0,0,0,0,0,0,0,0,0,0,0,0,0,0,0,0,0,0,0,0,0,0,0,0,0,0,0,0,0,0,0,0,0,0,0,0,0,0,0,0,0,0,0,0,0,0,0,0,0,0,0,0,0,0,0,0,1,1,2,1,0,1,0,2,0,0,0,0,1,0,0,0,1,0,0,0,2,0,0,0,0,0,0,0,0,0,0,0,0,0,0,0,0,0,0,0,0,0,0,0,0,0,0,0,0,0,0,0,0,0,33,0,33,27,6,0,0,27,6,0,0,2,31,0,0,0,0,0,0,2,31,0,0,0,0,0,0,0,0,0,0,0,0,0,0,0,0,0,0,0,0,0,0,0,0,0,0,0,0,0,0,0,0,0,0,0,0,0,0,0,0,0,0,0,0,0,0,0,0,0,0,0,0,0,0,0,0,0,0,0,0,0,0,0,0,0,0,0,0,0,0,0,0,0,0,0,0,0,0,0,0,0,0,0,0,0,0,0,0,0,0,0,0,0,0,0,0,0,0,0,0,0,0,0,0,0,0,0,0,0,0,0,0,0,0,0,0,0,0,0,0,0,0,0,0,0,0,0,0,0,0,0,0,0,0,0,0,0,0,0,0,0,0,0,0,0,0,0,0,0,0,0,0,0,0,0,0,0,0,0,0,0,0,0,0,0,0,0,0,0,0,0,0,0,0,0,0,0,0,0,0,0,0,0,0,0,0,0,0,0,0,0,0,0,0,0,0,0,0,0,0,0,0,0,0,0,0,0,0,0,0,0,0,0,0,0,0,0,0,0,0,0,0,,,,,,,,,,,,,,,,,,,,,,,,,,,,,,,,,,,,,,,,,,,,,,,,,,,,,,,2,0,2,2,0,0,0,2,0,0,0,0,2,0,0,0,0,0,0,0,2,0,0,0,0,0,0,0,0,0,0,0,0,0,0,0,0,0,0,0,0,0,0,0,0,0,0,0,0,0,0,0,0,0,0,0,0,0,0,0,0,0,0,0,0,0,0,0,0,0,0,0,0,0,0,0,0,0,0,0,0,0,0,0,0,0,0,0,0,0,0,0,0,0,0,0,0,0,0,0,0,0,0,0,0,0,0,0,32,0,32,31,1,0,0,31,1,0,0,5,27,0,0,0,0,0,0,5,27,0,0,0,0,0,0,0,0,0,0,0,0,0,0,0,0,0,0,0,0,0,0,0,0,0,0,0,0,0,0,0,0,0,0,,,,0,,,,0,,,,0,0,,,,,,,0,0,0,0,,,,,,,,,,,,,0,0,0,0,,,,,,,,,,,,,0,0,0,0,,,,,,,,,,,,,0,0,0,0,,,,,,,,,,,,,0,,,,0,,,,0,,,,0,,,,0,0,,,,,,,1,0,1,1,0,0,0,1,0,0,0,0,1,0,0,0,0,0,0,0,1,0,0,0,0,0,0,0,0,0,0,0,0,0,0,0,0,0,0,0,0,0,0,0,0,0,0,0,0,0,0,0,0,0,0,0,0,0,0,0,0,0,0,0,0,0,0,0,0,0,0,0,0,0,0,0,0,0,0,0,0,1,0,1,1,0,0,0,1,0,0,0,0,1,0,0,0,0,0,0,0,1,0,0,0,0,0,0,0,0,0,0,0,0,0,0,0,0,0,0,0,0,0,0,0,0,0,0,0,0,0,0,0,0,0,34,10,44,19,15,5,5,24,20,0,0,9,25,0,0,2,8,0,0,11,33,0,0,0,0,0,0,0,0,0,0,0,0,0,0,0,0,0,0,0,0,0,0,0,0,0,0,0,0,0,0,0,0,0,5,0,5,5,0,0,0,5,0,0,0,1,4,0,0,0,0,0,0,1,4,0,0,0,0,0,0,1,0,1,1,0,0,0,1,0,0,0,0,1,0,0,0,0,0,0,0,1,0,0,0,0,0,0,252,34,286,200,52,24,10,224,62,0,0,36,216,0,0,4,30,0,0,40,246,0,0,0,0,0,0
Swansea Police Department,IL08223,1987,Illinois,6449,1,0,1,1,0,0,0,1,0,0,0,1,0,0,0,0,0,0,0,1,0,0,0,0,0,0,0,11,1,12,10,1,1,0,11,1,0,0,1,10,0,0,0,1,0,0,1,11,0,0,0,0,0,0,0,0,0,0,0,0,0,0,0,0,0,0,0,0,0,0,0,0,0,0,0,0,0,0,0,0,0,1,8,9,1,0,7,1,8,1,0,0,0,1,0,0,0,8,0,0,0,9,0,0,0,0,0,0,0,2,2,0,0,1,1,1,1,0,0,0,0,0,0,0,2,0,0,0,2,0,0,0,0,0,0,13,1,14,9,4,1,0,10,4,0,0,0,13,0,0,0,1,0,0,0,14,0,0,0,0,0,0,0,0,0,0,0,0,0,0,0,0,0,0,0,0,0,0,0,0,0,0,0,0,0,0,0,0,0,0,0,0,0,0,0,0,0,0,0,0,0,0,0,0,0,0,0,0,0,0,0,0,0,0,0,0,0,0,0,0,0,0,0,0,0,0,0,0,0,0,0,0,0,0,0,0,0,0,0,0,0,0,0,0,0,0,0,0,0,0,0,0,0,0,0,0,0,0,0,0,0,0,0,0,0,0,0,0,0,0,0,0,0,0,0,0,0,0,0,0,0,0,0,0,0,0,0,0,0,0,0,0,0,0,0,0,0,0,0,0,0,0,0,0,0,0,0,0,0,0,0,0,0,0,0,0,0,0,0,0,0,0,0,0,0,0,0,0,0,0,0,0,0,0,0,0,0,0,0,0,0,0,0,0,0,0,0,0,0,0,0,0,0,0,0,0,0,0,0,0,0,0,0,0,0,0,0,0,0,0,0,0,0,0,0,0,0,0,0,0,0,0,0,0,0,0,0,0,0,0,0,0,0,0,0,0,0,0,0,0,0,0,0,0,0,0,0,0,0,0,0,0,0,0,0,0,0,0,0,0,0,0,0,0,0,0,0,0,0,0,0,0,0,0,0,0,0,0,0,0,0,0,0,0,0,0,0,0,0,0,0,0,0,0,0,0,0,0,0,0,0,0,0,0,0,0,0,0,0,0,0,0,0,0,0,0,0,0,0,0,0,0,0,0,0,0,38,0,38,35,3,0,0,35,3,0,0,1,37,0,0,0,0,0,0,1,37,0,0,0,0,0,0,0,0,0,0,0,0,0,0,0,0,0,0,0,0,0,0,0,0,0,0,0,0,0,0,0,0,0,1,0,1,0,1,0,0,0,1,0,0,0,1,0,0,0,0,0,0,0,1,0,0,0,0,0,0,2,0,2,2,0,0,0,2,0,0,0,1,1,0,0,0,0,0,0,1,1,0,0,0,0,0,0,0,0,0,0,0,0,0,0,0,0,0,0,0,0,0,0,0,0,0,0,0,0,0,0,0,0,0,0,0,0,0,0,0,0,0,0,0,0,0,0,0,0,0,0,0,0,0,0,0,0,0,0,0,0,0,0,0,0,0,0,0,0,0,0,0,0,0,0,0,0,0,0,0,0,0,0,0,0,0,0,0,0,0,0,0,0,0,0,0,0,0,0,0,0,0,0,0,0,0,0,0,0,0,0,0,0,0,0,0,0,0,0,0,0,0,0,0,0,0,0,0,0,0,0,0,0,0,0,0,0,0,0,0,0,0,,,,,,,,,,,,,,,,,,,,,,,,,,,,,,,,,,,,,,,,,,,,,,,,,,,,,,,2,1,3,1,1,1,0,2,1,0,0,0,2,0,0,0,1,0,0,0,3,0,0,0,0,0,0,1,0,1,1,0,0,0,1,0,0,0,0,1,0,0,0,0,0,0,0,1,0,0,0,0,0,0,0,0,0,0,0,0,0,0,0,0,0,0,0,0,0,0,0,0,0,0,0,0,0,0,0,0,0,0,0,0,0,0,0,0,0,0,0,0,0,0,0,0,0,0,0,0,0,0,0,0,0,0,0,0,22,2,24,18,4,2,0,20,4,0,0,2,20,0,0,0,2,0,0,2,22,0,0,0,0,0,0,0,0,0,0,0,0,0,0,0,0,0,0,0,0,0,0,0,0,0,0,0,0,0,0,0,0,0,0,,,,0,,,,0,,,,0,0,,,,,,,0,0,0,0,,,,,,,,,,,,,0,0,0,0,,,,,,,,,,,,,0,0,0,0,,,,,,,,,,,,,0,0,0,0,,,,,,,,,,,,,0,,,,0,,,,0,,,,0,,,,0,0,,,,,,,1,0,1,1,0,0,0,1,0,0,0,0,1,0,0,0,0,0,0,0,1,0,0,0,0,0,0,0,0,0,0,0,0,0,0,0,0,0,0,0,0,0,0,0,0,0,0,0,0,0,0,0,0,0,0,2,2,0,0,1,1,1,1,0,0,0,0,0,0,0,2,0,0,0,2,0,0,0,0,0,0,0,0,0,0,0,0,0,0,0,0,0,0,0,0,0,0,0,0,0,0,0,0,0,0,0,0,0,0,0,0,0,0,0,0,0,0,0,0,0,0,0,0,0,0,0,0,0,0,0,0,0,0,0,0,18,9,27,13,5,8,1,21,6,0,1,0,17,0,1,1,7,0,2,1,24,0,0,0,0,0,0,0,0,0,0,0,0,0,0,0,0,0,0,0,0,0,0,0,0,0,0,0,0,0,0,0,0,0,3,0,3,1,2,0,0,1,2,0,0,0,3,0,0,0,1,0,0,0,4,0,0,0,0,0,0,1,0,1,0,1,0,0,0,1,0,0,1,0,0,0,0,0,0,0,1,0,0,0,0,0,0,0,230,52,282,186,44,44,8,230,52,0,2,14,214,0,2,2,50,0,4,16,264,0,0,0,0,0,0
Swansea Police Department,IL08223,1986,Illinois,5870,0,0,0,0,0,0,0,0,0,0,0,0,0,0,0,0,0,0,0,0,0,0,0,0,0,0,0,15,5,20,10,5,4,1,14,6,0,0,1,14,0,0,1,4,0,0,2,18,0,15,0,5,0,20,0,0,0,0,0,0,0,0,0,0,0,0,0,0,0,0,0,0,0,0,0,0,0,0,0,0,0,0,0,0,0,0,0,0,0,0,0,0,0,0,0,0,0,0,0,0,0,0,0,0,0,0,0,0,0,4,4,0,0,2,2,2,2,0,0,0,0,0,0,0,4,0,0,0,4,0,0,0,4,0,4,10,0,10,7,3,0,0,7,3,0,0,0,10,0,0,0,0,0,0,0,10,0,10,0,0,0,10,0,0,0,2,0,2,2,0,0,0,0,0,0,0,2,2,0,0,0,2,0,0,0,0,2,0,2,2,0,2,2,0,0,0,2,0,0,0,0,2,0,0,0,0,0,0,0,2,0,2,0,0,0,2,0,0,0,0,0,0,0,0,0,0,0,0,0,0,0,0,0,0,0,0,0,0,0,0,0,0,0,0,0,0,0,0,0,0,0,0,0,0,0,0,0,0,0,0,0,0,0,0,0,0,0,0,0,0,0,0,0,0,0,0,0,0,0,0,0,0,0,0,0,0,0,0,0,0,0,0,0,0,0,0,0,0,0,0,0,0,0,0,0,0,0,0,0,0,0,0,0,0,0,0,0,0,0,0,0,0,0,0,0,0,0,0,0,0,0,0,0,0,0,0,0,0,0,0,0,0,0,0,0,0,0,0,0,0,0,0,0,0,0,0,0,0,0,0,0,0,0,0,0,0,0,0,0,0,0,0,0,0,0,0,0,0,0,0,0,0,0,0,0,0,0,0,0,0,0,0,0,0,0,0,0,0,0,0,0,0,0,0,0,0,0,0,0,0,0,0,0,0,0,0,0,0,0,0,0,0,0,0,0,0,0,0,0,0,0,0,2,0,2,2,0,0,0,2,0,0,0,0,2,0,0,0,0,0,0,0,2,0,2,0,0,0,2,0,0,0,0,0,0,0,0,0,0,0,0,0,0,0,0,0,0,0,0,0,0,0,0,0,0,0,47,2,49,46,1,2,0,48,1,0,0,0,47,0,0,0,2,0,0,0,49,0,47,0,2,0,49,0,0,0,0,0,0,0,0,0,0,0,0,0,0,0,0,0,0,0,0,0,0,0,0,0,0,0,0,0,0,0,0,0,0,0,0,0,0,0,0,0,0,0,0,0,0,0,0,0,0,0,0,0,0,0,0,0,0,0,0,0,0,0,0,0,0,0,0,0,0,0,0,0,0,0,0,0,0,0,0,0,0,0,0,0,0,0,0,0,0,0,0,0,0,0,0,0,0,0,0,0,0,0,0,0,0,0,0,0,0,0,0,0,0,0,0,0,0,0,0,0,0,0,0,0,0,0,0,0,0,0,0,0,0,0,0,0,0,0,0,0,0,0,0,0,0,0,0,0,0,0,0,0,0,0,0,0,0,0,0,0,0,0,0,0,0,0,0,0,0,0,0,0,0,0,0,0,0,0,0,0,0,0,0,0,0,0,0,0,0,0,0,0,0,0,0,0,0,0,0,0,0,0,0,0,0,0,0,0,0,0,0,0,0,0,0,,,,,,,,,,,,,,,,,,,,,,,,,,,,,,,,,,,,,,,,,,,,,,,,,,,,,,,1,6,7,1,0,4,2,5,2,0,0,0,1,0,0,0,6,0,0,0,7,0,1,0,6,0,7,0,0,0,0,0,0,0,0,0,0,0,0,0,0,0,0,0,0,0,0,0,0,0,0,0,0,0,0,0,0,0,0,0,0,0,0,0,0,0,0,0,0,0,0,0,0,0,0,0,0,0,0,0,0,0,0,0,0,0,0,0,0,0,0,0,0,0,0,0,0,0,0,0,0,0,0,0,0,0,0,0,22,4,26,20,2,3,1,23,3,0,0,2,20,0,0,0,4,0,0,2,24,0,22,0,4,0,26,0,0,0,0,0,0,0,0,0,0,0,0,0,0,0,0,0,0,0,0,0,0,0,0,0,0,0,0,,,,0,,,,0,,,,0,0,,,,,,,0,0,0,0,,,,,,,,,,,,,0,0,0,0,,,,,,,,,,,,,0,0,0,0,,,,,,,,,,,,,0,0,0,0,,,,,,,,,,,,,0,,,,0,,,,0,,,,0,,,,0,0,,,,,,,0,0,0,0,0,0,0,0,0,0,0,0,0,0,0,0,0,0,0,0,0,0,0,0,0,0,0,0,1,1,0,0,1,0,1,0,0,0,0,0,0,0,0,1,0,0,0,1,0,0,0,1,0,1,0,2,2,0,0,1,1,1,1,0,0,0,0,0,0,0,2,0,0,0,2,0,0,0,2,0,2,0,0,0,0,0,0,0,0,0,0,0,0,0,0,0,0,0,0,0,0,0,0,0,0,0,0,0,0,0,0,0,0,0,0,0,0,0,0,0,0,0,0,0,0,0,0,0,0,0,0,0,0,0,0,8,1,9,7,1,1,0,8,1,0,0,0,8,0,0,0,1,0,0,0,9,0,8,0,1,0,9,0,0,0,0,0,0,0,0,0,0,0,0,0,0,0,0,0,0,0,0,0,0,0,0,0,0,0,8,3,11,7,1,3,0,10,1,0,0,0,8,0,0,0,3,0,0,0,11,0,8,0,3,0,11,1,0,1,1,0,0,0,1,0,0,0,0,1,0,0,0,0,0,0,0,1,0,1,0,0,0,1,232,56,288,206,26,42,14,248,40,0,0,6,226,0,0,2,54,0,0,8,280,0,232,0,56,0,288
Swansea Police Department,IL08223,1985,Illinois,5642,1,0,1,0,1,0,0,0,1,0,0,0,1,0,0,0,0,0,0,0,1,0,1,0,0,0,1,6,0,6,4,2,0,0,4,2,0,0,0,6,0,0,0,0,0,0,0,6,0,6,0,0,0,6,0,0,0,0,0,0,0,0,0,0,0,0,0,0,0,0,0,0,0,0,0,0,0,0,0,0,0,1,0,1,1,0,0,0,1,0,0,0,0,1,0,0,0,0,0,0,0,1,0,1,0,0,0,1,0,1,1,0,0,0,1,0,1,0,0,0,0,0,0,0,1,0,0,0,1,0,0,0,1,0,1,6,1,7,5,1,1,0,6,1,0,0,0,6,0,0,0,1,0,0,0,7,0,6,0,1,0,7,0,0,0,2,0,2,2,0,0,0,0,0,0,0,2,1,1,0,0,1,1,0,0,0,2,0,2,1,0,1,0,1,0,0,0,1,0,0,0,1,0,0,0,0,0,0,0,1,0,1,0,0,0,1,1,0,1,1,0,0,0,1,0,0,0,0,1,0,0,0,0,0,0,0,1,0,1,0,0,0,1,0,0,0,0,0,0,0,0,0,0,0,0,0,0,0,0,0,0,0,0,0,0,0,0,0,0,0,0,0,0,0,0,0,0,0,0,0,0,0,0,0,0,0,0,0,0,0,0,0,0,0,0,0,0,0,0,0,0,0,0,0,0,0,0,0,0,0,0,0,0,0,0,0,0,0,0,0,0,0,0,0,0,0,0,0,0,0,0,0,0,0,0,0,0,0,0,0,0,0,0,0,0,0,0,0,0,0,0,0,0,0,0,0,0,0,0,0,0,0,0,0,0,0,0,0,0,0,0,0,0,0,0,0,0,0,0,0,0,0,0,0,0,0,0,0,0,0,0,0,0,0,0,0,0,0,0,0,0,0,0,0,0,0,0,0,0,0,0,0,0,0,0,0,0,0,0,0,0,0,0,0,0,0,0,0,0,0,0,0,2,0,2,1,1,0,0,1,1,0,0,0,2,0,0,0,0,0,0,0,2,0,2,0,0,0,2,0,0,0,0,0,0,0,0,0,0,0,0,0,0,0,0,0,0,0,0,0,0,0,0,0,0,0,39,0,39,34,5,0,0,34,5,0,0,2,37,0,0,0,0,0,0,2,37,0,39,0,0,0,39,0,0,0,0,0,0,0,0,0,0,0,0,0,0,0,0,0,0,0,0,0,0,0,0,0,0,0,5,0,5,3,2,0,0,3,2,0,0,0,5,0,0,0,0,0,0,0,5,0,5,0,0,0,5,1,0,1,1,0,0,0,1,0,0,0,1,0,0,0,0,0,0,0,1,0,0,1,0,0,0,1,0,0,0,0,0,0,0,0,0,0,0,0,0,0,0,0,0,0,0,0,0,0,0,0,0,0,0,0,0,0,0,0,0,0,0,0,0,0,0,0,0,0,0,0,0,0,0,0,0,0,0,0,0,0,0,0,0,0,0,0,0,0,0,0,0,0,0,0,0,0,0,0,0,0,0,0,0,0,0,0,0,0,0,0,0,0,0,0,0,0,0,0,0,0,0,0,0,0,0,0,0,0,0,0,0,0,0,0,0,0,0,0,0,0,0,0,0,0,0,0,0,0,0,0,0,0,0,0,0,0,0,0,0,0,0,,,,,,,,,,,,,,,,,,,,,,,,,,,,,,,,,,,,,,,,,,,,,,,,,,,,,,,2,1,3,2,0,1,0,3,0,0,0,0,2,0,0,0,1,0,0,0,3,0,2,0,1,0,3,0,1,1,0,0,1,0,1,0,0,0,0,0,0,0,0,1,0,0,0,1,0,0,0,1,0,1,0,0,0,0,0,0,0,0,0,0,0,0,0,0,0,0,0,0,0,0,0,0,0,0,0,0,0,0,0,0,0,0,0,0,0,0,0,0,0,0,0,0,0,0,0,0,0,0,0,0,0,0,0,0,17,2,19,13,4,2,0,15,4,0,0,1,16,0,0,0,2,0,0,1,18,0,17,0,2,0,19,1,0,1,1,0,0,0,1,0,0,0,0,1,0,0,0,0,0,0,0,1,0,1,0,0,0,1,0,,,,0,,,,0,,,,0,0,,,,,,,0,0,0,0,,,,,,,,,,,,,0,0,0,0,,,,,,,,,,,,,0,0,0,0,,,,,,,,,,,,,0,0,0,0,,,,,,,,,,,,,0,,,,0,,,,0,,,,0,,,,0,0,,,,,,,0,0,0,0,0,0,0,0,0,0,0,0,0,0,0,0,0,0,0,0,0,0,0,0,0,0,0,0,0,0,0,0,0,0,0,0,0,0,0,0,0,0,0,0,0,0,0,0,0,0,0,0,0,0,0,0,0,0,0,0,0,0,0,0,0,0,0,0,0,0,0,0,0,0,0,0,0,0,0,0,0,0,0,0,0,0,0,0,0,0,0,0,0,0,0,0,0,0,0,0,0,0,0,0,0,0,0,0,0,0,0,0,0,0,0,0,0,0,0,0,0,0,0,0,0,0,0,0,0,0,0,0,0,0,0,7,5,12,7,0,5,0,12,0,0,0,0,7,0,0,0,6,0,0,0,13,1,6,0,6,1,12,0,0,0,0,0,0,0,0,0,0,0,0,0,0,0,0,0,0,0,0,0,0,0,0,0,0,0,4,4,8,4,0,4,0,8,0,0,0,0,4,0,0,0,4,0,0,0,8,0,4,0,4,0,8,0,0,0,0,0,0,0,0,0,0,0,0,0,0,0,0,0,0,0,0,0,0,0,0,0,0,0,188,30,218,154,34,28,2,182,36,0,0,8,180,0,0,0,32,0,0,8,212,2,186,0,32,2,218
Swansea Police Department,IL08223,1984,Illinois,,,,,,,,,,,,,,,,,,,,,,,,,,,,,,,,,,,,,,,,,,,,,,,,,,,,,,,,,,,,,,,,,,,,,,,,,,,,,,,,,,,,,,,,,,,,,,,,,,,,,,,,,,,,,,,,,,,,,,,,,,,,,,,,,,,,,,,,,,,,,,,,,,,,,,,,,,,,,,,,,,,,,,,,,,,,,,,,,,,,,,,,,,,,,,,,,,,,,,,,,,,,,,,,,,,,,,,,,,,,,,,,,,,,,,,,,,,,,,,,,,,,,,,,,,,,,,,,,,,,,,,,,,,,,,,,,,,,,,,,,,,,,,,,,,,,,,,,,,,,,,,,,,,,,,,,,,,,,,,,,,,,,,,,,,,,,,,,,,,,,,,,,,,,,,,,,,,,,,,,,,,,,,,,,,,,,,,,,,,,,,,,,,,,,,,,,,,,,,,,,,,,,,,,,,,,,,,,,,,,,,,,,,,,,,,,,,,,,,,,,,,,,,,,,,,,,,,,,,,,,,,,,,,,,,,,,,,,,,,,,,,,,,,,,,,,,,,,,,,,,,,,,,,,,,,,,,,,,,,,,,,,,,,,,,,,,,,,,,,,,,,,,,,,,,,,,,,,,,,,,,,,,,,,,,,,,,,,,,,,,,,,,,,,,,,,,,,,,,,,,,,,,,,,,,,,,,,,,,,,,,,,,,,,,,,,,,,,,,,,,,,,,,,,,,,,,,,,,,,,,,,,,,,,,,,,,,,,,,,,,,,,,,,,,,,,,,,,,,,,,,,,,,,,,,,,,,,,,,,,,,,,,,,,,,,,,,,,,,,,,,,,,,,,,,,,,,,,,,,,,,,,,,,,,,,,,,,,,,,,,,,,,,,,,,,,,,,,,,,,,,,,,,,,,,,,,,,,,,,,,,,,,,,,,,,,,,,,,,,,,,,,,,,,,,,,,,,,,,,,,,,,,,,,,,,,,,,,,,,,,,,,,,,,,,,,,,,,,,,,,,,,,,,,,,,,,,,,,,,,,,,,,,,,,,,,,,,,,,,,,,,,,,,,,,,,,,,,,,,,,,,,,,,,,,,,,,,,,,,,,,,,,,,,,,,,,,,,,,,,,,,,,,,,,,,,,,,,,,,,,,,,,,,,,,,,,,,,,,,,,,,,,,,,,,,,,,,,,,,,,,,,,,,,,,,,,,,,,,,,,,,,,,,,,,,,,,,,,,,,,,,,,,,,,,,,,,,,,,,,,,,,,,,,,,,,,,,,,,,,,,,,,,,,,,,,,,,,,,,,,,,,,,,,,,,,,,,,,,,,,,,,,,,,,,,,,,,,,,,,,,,,,,,,,,,,,,,,,,,,,,,,,,,,,,,,,,,,,,,,,,,,,,,,,,,,,,,,,,,,,,,,,,,,,,,,,,,,,,,,,,,,,,,,,,,,,,,,,,,,,,,,,,,,,,,,,,,,,,,,,,,,
Swansea Police Department,IL08223,1983,Illinois,,,,,,,,,,,,,,,,,,,,,,,,,,,,,,,,,,,,,,,,,,,,,,,,,,,,,,,,,,,,,,,,,,,,,,,,,,,,,,,,,,,,,,,,,,,,,,,,,,,,,,,,,,,,,,,,,,,,,,,,,,,,,,,,,,,,,,,,,,,,,,,,,,,,,,,,,,,,,,,,,,,,,,,,,,,,,,,,,,,,,,,,,,,,,,,,,,,,,,,,,,,,,,,,,,,,,,,,,,,,,,,,,,,,,,,,,,,,,,,,,,,,,,,,,,,,,,,,,,,,,,,,,,,,,,,,,,,,,,,,,,,,,,,,,,,,,,,,,,,,,,,,,,,,,,,,,,,,,,,,,,,,,,,,,,,,,,,,,,,,,,,,,,,,,,,,,,,,,,,,,,,,,,,,,,,,,,,,,,,,,,,,,,,,,,,,,,,,,,,,,,,,,,,,,,,,,,,,,,,,,,,,,,,,,,,,,,,,,,,,,,,,,,,,,,,,,,,,,,,,,,,,,,,,,,,,,,,,,,,,,,,,,,,,,,,,,,,,,,,,,,,,,,,,,,,,,,,,,,,,,,,,,,,,,,,,,,,,,,,,,,,,,,,,,,,,,,,,,,,,,,,,,,,,,,,,,,,,,,,,,,,,,,,,,,,,,,,,,,,,,,,,,,,,,,,,,,,,,,,,,,,,,,,,,,,,,,,,,,,,,,,,,,,,,,,,,,,,,,,,,,,,,,,,,,,,,,,,,,,,,,,,,,,,,,,,,,,,,,,,,,,,,,,,,,,,,,,,,,,,,,,,,,,,,,,,,,,,,,,,,,,,,,,,,,,,,,,,,,,,,,,,,,,,,,,,,,,,,,,,,,,,,,,,,,,,,,,,,,,,,,,,,,,,,,,,,,,,,,,,,,,,,,,,,,,,,,,,,,,,,,,,,,,,,,,,,,,,,,,,,,,,,,,,,,,,,,,,,,,,,,,,,,,,,,,,,,,,,,,,,,,,,,,,,,,,,,,,,,,,,,,,,,,,,,,,,,,,,,,,,,,,,,,,,,,,,,,,,,,,,,,,,,,,,,,,,,,,,,,,,,,,,,,,,,,,,,,,,,,,,,,,,,,,,,,,,,,,,,,,,,,,,,,,,,,,,,,,,,,,,,,,,,,,,,,,,,,,,,,,,,,,,,,,,,,,,,,,,,,,,,,,,,,,,,,,,,,,,,,,,,,,,,,,,,,,,,,,,,,,,,,,,,,,,,,,,,,,,,,,,,,,,,,,,,,,,,,,,,,,,,,,,,,,,,,,,,,,,,,,,,,,,,,,,,,,,,,,,,,,,,,,,,,,,,,,,,,,,,,,,,,,,,,,,,,,,,,,,,,,,,,,,,,,,,,,,,,,,,,,,,,,,,,,,,,,,,,,,,,,,,,,,,,,,,,,,,,,,,,,,,,,,,,,,,,,,,,,,,,,,,,,
Swansea Police Department,IL08223,1982,Illinois,5393,3,1,4,3,0,1,0,4,0,0,0,0,3,0,0,0,1,0,0,0,4,0,3,0,1,0,4,9,0,9,9,0,0,0,9,0,0,0,0,9,0,0,0,0,0,0,0,9,0,9,0,0,0,9,0,0,0,0,0,0,0,0,0,0,0,0,0,0,0,0,0,0,0,0,0,0,0,0,0,0,0,2,0,2,2,0,0,0,2,0,0,0,0,2,0,0,0,0,0,0,0,2,0,2,0,0,0,2,0,0,0,0,0,0,0,0,0,0,0,0,0,0,0,0,0,0,0,0,0,0,0,0,0,0,0,12,0,12,12,0,0,0,12,0,0,0,0,12,0,0,0,0,0,0,0,12,0,12,0,0,0,12,0,0,0,2,0,2,2,0,0,0,0,0,0,0,2,2,0,0,0,2,0,0,0,0,2,0,2,1,0,1,1,0,0,0,1,0,0,0,0,1,0,0,0,0,0,0,0,1,0,1,0,0,0,1,1,0,1,1,0,0,0,1,0,0,0,0,1,0,0,0,0,0,0,0,1,0,1,0,0,0,1,0,0,0,0,0,0,0,0,0,0,0,0,0,0,0,0,0,0,0,0,0,0,0,0,0,0,0,0,0,0,0,0,0,0,0,0,0,0,0,0,0,0,0,0,0,0,0,0,0,0,0,0,0,0,0,0,0,0,0,0,0,0,0,0,0,0,0,0,0,0,0,0,0,0,0,0,0,0,0,0,0,0,0,0,0,0,0,0,0,0,0,0,0,0,0,0,0,0,0,0,0,0,0,0,0,0,0,0,0,0,0,0,0,0,0,0,0,0,0,0,0,0,0,0,0,0,0,0,0,0,0,0,0,0,0,0,0,0,0,0,0,0,0,0,0,0,0,0,0,0,0,0,0,0,0,0,0,0,0,0,0,0,0,0,0,0,0,0,0,0,0,0,0,0,0,0,0,0,0,0,0,0,0,0,0,0,0,0,0,2,0,2,2,0,0,0,2,0,0,0,0,2,0,0,0,0,0,0,0,2,0,2,0,0,0,2,0,0,0,0,0,0,0,0,0,0,0,0,0,0,0,0,0,0,0,0,0,0,0,0,0,0,0,28,0,28,25,3,0,0,25,3,0,0,2,26,0,0,0,0,0,0,2,26,0,28,0,0,0,28,0,0,0,0,0,0,0,0,0,0,0,0,0,0,0,0,0,0,0,0,0,0,0,0,0,0,0,0,0,0,0,0,0,0,0,0,0,0,0,0,0,0,0,0,0,0,0,0,0,0,0,0,0,0,0,0,0,0,0,0,0,0,0,0,0,0,0,0,0,0,0,0,0,0,0,0,0,0,0,0,0,0,0,0,0,0,0,0,0,0,0,0,0,0,0,0,0,0,0,0,0,0,0,0,0,0,0,0,0,0,0,0,0,0,0,0,0,0,0,0,0,0,0,0,0,0,0,0,0,0,0,0,0,0,0,0,0,0,0,0,0,0,0,0,0,0,0,0,0,0,0,0,0,0,0,0,0,0,0,0,0,0,0,0,0,0,0,0,0,0,0,0,0,0,0,0,0,0,0,0,0,0,0,0,0,0,0,0,0,0,0,0,0,0,0,0,0,0,0,0,0,0,0,0,0,0,0,0,0,0,0,0,0,0,0,0,,,,,,,,,,,,,,,,,,,,,,,,,,,,,,,,,,,,,,,,,,,,,,,,,,,,,,,2,1,3,2,0,1,0,3,0,0,0,1,1,0,0,0,1,0,0,1,2,0,2,0,1,0,3,0,1,1,0,0,0,1,0,1,0,0,0,0,0,0,0,1,0,0,0,1,0,0,0,1,0,1,0,0,0,0,0,0,0,0,0,0,0,0,0,0,0,0,0,0,0,0,0,0,0,0,0,0,0,0,0,0,0,0,0,0,0,0,0,0,0,0,0,0,0,0,0,0,0,0,0,0,0,0,0,0,18,5,23,16,2,5,0,21,2,0,0,0,18,0,0,0,5,0,0,0,23,0,18,0,5,0,23,0,0,0,0,0,0,0,0,0,0,0,0,0,0,0,0,0,0,0,0,0,0,0,0,0,0,0,0,,,,0,,,,0,,,,0,0,,,,,,,0,0,0,0,,,,,,,,,,,,,0,0,0,0,,,,,,,,,,,,,0,0,0,0,,,,,,,,,,,,,0,0,0,0,,,,,,,,,,,,,0,,,,0,,,,0,,,,0,,,,0,0,,,,,,,0,0,0,0,0,0,0,0,0,0,0,0,0,0,0,0,0,0,0,0,0,0,0,0,0,0,0,0,0,0,0,0,0,0,0,0,0,0,0,0,0,0,0,0,0,0,0,0,0,0,0,0,0,0,0,0,0,0,0,0,0,0,0,0,0,0,0,0,0,0,0,0,0,0,0,0,0,0,0,0,0,0,0,0,0,0,0,0,0,0,0,0,0,0,0,0,0,0,0,0,0,0,0,0,0,0,0,0,0,0,0,0,0,0,0,0,0,0,0,0,0,0,0,0,0,0,0,0,0,0,0,0,0,0,0,6,9,15,6,0,9,0,15,0,0,0,0,6,0,0,0,9,0,0,0,15,0,6,0,9,0,15,0,0,0,0,0,0,0,0,0,0,0,0,0,0,0,0,0,0,0,0,0,0,0,0,0,0,0,4,1,5,4,0,0,1,4,1,0,0,0,4,0,0,0,1,0,0,0,5,0,4,0,1,0,5,1,1,2,1,0,1,0,2,0,0,0,0,1,0,0,0,1,0,0,0,2,0,1,0,1,0,2,178,38,216,168,10,34,4,202,14,0,0,6,172,0,0,0,38,0,0,6,210,0,178,0,38,0,216
Swansea Police Department,IL08223,1981,Illinois,5396,1,0,1,0,1,0,0,0,1,0,0,0,1,0,0,0,0,0,0,0,1,0,1,0,0,0,1,8,0,8,8,0,0,0,8,0,0,0,0,8,0,0,0,0,0,0,0,8,0,8,0,0,0,8,0,0,0,0,0,0,0,0,0,0,0,0,0,0,0,0,0,0,0,0,0,0,0,0,0,0,0,0,0,0,0,0,0,0,0,0,0,0,0,0,0,0,0,0,0,0,0,0,0,0,0,0,0,0,0,1,1,0,0,1,0,1,0,0,0,0,0,0,0,0,1,0,0,0,1,0,0,0,1,0,1,6,1,7,5,1,1,0,6,1,0,0,1,5,0,0,0,1,0,0,1,6,0,6,0,1,0,7,0,0,1,1,0,2,2,0,0,0,1,0,1,1,3,2,0,1,0,3,0,0,0,1,2,0,3,2,1,3,2,0,1,0,3,0,0,0,1,1,0,0,0,1,0,0,1,2,0,2,0,1,0,3,0,0,0,0,0,0,0,0,0,0,0,0,0,0,0,0,0,0,0,0,0,0,0,0,0,0,0,0,0,0,0,0,0,0,0,0,0,0,0,0,0,0,0,0,0,0,0,0,0,0,0,0,0,0,0,0,0,0,0,0,0,0,0,0,0,0,0,0,0,0,0,0,0,0,0,0,0,0,0,0,0,0,0,0,0,0,0,0,0,0,0,0,0,0,0,0,0,0,0,0,0,0,0,0,0,0,0,0,0,0,0,0,0,0,0,0,0,0,0,0,0,0,0,0,0,0,0,0,0,0,0,0,0,0,0,0,0,0,0,0,0,0,0,0,0,0,0,0,0,0,0,0,0,0,0,0,0,0,0,0,0,0,0,0,0,0,0,0,0,0,0,0,0,0,0,0,0,0,0,0,0,0,0,0,0,0,0,0,0,0,0,0,0,0,0,0,0,0,0,0,0,0,0,0,0,0,0,0,0,0,0,0,0,0,0,0,2,1,3,2,0,1,0,3,0,0,0,1,1,0,0,0,1,0,0,1,2,0,2,0,1,0,3,0,0,0,0,0,0,0,0,0,0,0,0,0,0,0,0,0,0,0,0,0,0,0,0,0,0,0,39,2,41,34,5,2,0,36,5,0,0,0,39,0,0,0,2,0,0,0,41,0,39,0,2,0,41,0,0,0,0,0,0,0,0,0,0,0,0,0,0,0,0,0,0,0,0,0,0,0,0,0,0,0,0,0,0,0,0,0,0,0,0,0,0,0,0,0,0,0,0,0,0,0,0,0,0,0,0,0,0,0,0,0,0,0,0,0,0,0,0,0,0,0,0,0,0,0,0,0,0,0,0,0,0,0,0,0,0,0,0,0,0,0,0,0,0,0,0,0,0,0,0,0,0,0,0,0,0,0,0,0,0,0,0,0,0,0,0,0,0,0,0,0,0,0,0,0,0,0,0,0,0,0,0,0,0,0,0,0,0,0,0,0,0,0,0,0,0,0,0,0,0,0,0,0,0,0,0,0,0,0,0,0,0,0,0,0,0,0,0,0,0,0,0,0,0,0,0,0,0,0,0,0,0,0,0,0,0,0,0,0,0,0,0,0,0,0,0,0,0,0,0,0,0,0,0,0,0,0,0,0,0,0,0,0,0,0,0,0,0,0,0,,,,,,,,,,,,,,,,,,,,,,,,,,,,,,,,,,,,,,,,,,,,,,,,,,,,,,,1,1,2,1,0,1,0,2,0,0,0,0,1,0,0,0,1,0,0,0,2,0,1,0,1,0,2,1,0,1,1,0,0,0,1,0,0,0,0,1,0,0,0,0,0,0,0,1,0,1,0,0,0,1,0,0,0,0,0,0,0,0,0,0,0,0,0,0,0,0,0,0,0,0,0,0,0,0,0,0,0,0,0,0,0,0,0,0,0,0,0,0,0,0,0,0,0,0,0,0,0,0,0,0,0,0,0,0,14,1,15,11,3,0,1,11,4,0,0,1,13,0,0,0,1,0,0,1,14,0,14,0,1,0,15,1,0,1,1,0,0,0,1,0,0,0,0,1,0,0,0,0,0,0,0,1,0,1,0,0,0,1,0,,,,0,,,,0,,,,0,0,,,,,,,0,0,0,0,,,,,,,,,,,,,0,0,0,0,,,,,,,,,,,,,0,0,0,0,,,,,,,,,,,,,0,0,0,0,,,,,,,,,,,,,0,,,,0,,,,0,,,,0,,,,0,0,,,,,,,0,0,0,0,0,0,0,0,0,0,0,0,0,0,0,0,0,0,0,0,0,0,0,0,0,0,0,0,0,0,0,0,0,0,0,0,0,0,0,0,0,0,0,0,0,0,0,0,0,0,0,0,0,0,0,0,0,0,0,0,0,0,0,0,0,0,0,0,0,0,0,0,0,0,0,0,0,0,0,0,0,0,0,0,0,0,0,0,0,0,0,0,0,0,0,0,0,0,0,0,0,0,0,0,0,0,0,0,0,0,0,0,0,0,0,0,0,0,0,0,0,0,0,0,0,0,0,0,0,0,0,0,0,0,0,5,3,8,4,1,3,0,7,1,0,0,1,4,0,0,0,3,0,0,1,7,0,5,0,3,0,8,0,0,0,0,0,0,0,0,0,0,0,0,0,0,0,0,0,0,0,0,0,0,0,0,0,0,0,5,3,8,5,0,0,3,5,3,0,0,0,5,0,0,0,3,0,0,0,8,0,5,0,3,0,8,1,0,1,1,0,0,0,1,0,0,0,1,0,0,0,0,0,0,0,1,0,0,1,0,0,0,1,172,28,200,150,22,20,8,170,30,0,0,12,160,0,0,0,28,0,0,12,188,0,172,0,28,0,200
Swansea Police Department,IL08223,1980,Illinois,,,,,,,,,,,,,,,,,,,,,,,,,,,,,,,,,,,,,,,,,,,,,,,,,,,,,,,,,,,,,,,,,,,,,,,,,,,,,,,,,,,,,,,,,,,,,,,,,,,,,,,,,,,,,,,,,,,,,,,,,,,,,,,,,,,,,,,,,,,,,,,,,,,,,,,,,,,,,,,,,,,,,,,,,,,,,,,,,,,,,,,,,,,,,,,,,,,,,,,,,,,,,,,,,,,,,,,,,,,,,,,,,,,,,,,,,,,,,,,,,,,,,,,,,,,,,,,,,,,,,,,,,,,,,,,,,,,,,,,,,,,,,,,,,,,,,,,,,,,,,,,,,,,,,,,,,,,,,,,,,,,,,,,,,,,,,,,,,,,,,,,,,,,,,,,,,,,,,,,,,,,,,,,,,,,,,,,,,,,,,,,,,,,,,,,,,,,,,,,,,,,,,,,,,,,,,,,,,,,,,,,,,,,,,,,,,,,,,,,,,,,,,,,,,,,,,,,,,,,,,,,,,,,,,,,,,,,,,,,,,,,,,,,,,,,,,,,,,,,,,,,,,,,,,,,,,,,,,,,,,,,,,,,,,,,,,,,,,,,,,,,,,,,,,,,,,,,,,,,,,,,,,,,,,,,,,,,,,,,,,,,,,,,,,,,,,,,,,,,,,,,,,,,,,,,,,,,,,,,,,,,,,,,,,,,,,,,,,,,,,,,,,,,,,,,,,,,,,,,,,,,,,,,,,,,,,,,,,,,,,,,,,,,,,,,,,,,,,,,,,,,,,,,,,,,,,,,,,,,,,,,,,,,,,,,,,,,,,,,,,,,,,,,,,,,,,,,,,,,,,,,,,,,,,,,,,,,,,,,,,,,,,,,,,,,,,,,,,,,,,,,,,,,,,,,,,,,,,,,,,,,,,,,,,,,,,,,,,,,,,,,,,,,,,,,,,,,,,,,,,,,,,,,,,,,,,,,,,,,,,,,,,,,,,,,,,,,,,,,,,,,,,,,,,,,,,,,,,,,,,,,,,,,,,,,,,,,,,,,,,,,,,,,,,,,,,,,,,,,,,,,,,,,,,,,,,,,,,,,,,,,,,,,,,,,,,,,,,,,,,,,,,,,,,,,,,,,,,,,,,,,,,,,,,,,,,,,,,,,,,,,,,,,,,,,,,,,,,,,,,,,,,,,,,,,,,,,,,,,,,,,,,,,,,,,,,,,,,,,,,,,,,,,,,,,,,,,,,,,,,,,,,,,,,,,,,,,,,,,,,,,,,,,,,,,,,,,,,,,,,,,,,,,,,,,,,,,,,,,,,,,,,,,,,,,,,,,,,,,,,,,,,,,,,,,,,,,,,,,,,,,,,,,,,,,,,,,,,,,,,,,,,,,,,,,,,,,,,,,,,,,,,,,,,,,,,,,,,,,,,,,,,,,,,,,,,,,,,,,,,,,,,,,,,,,,,,,,,,,,,,,,
Swansea Police Department,IL08223,1979,Illinois,,,,,,,,,,,,,,,,,,,,,,,,,,,,,,,,,,,,,,,,,,,,,,,,,,,,,,,,,,,,,,,,,,,,,,,,,,,,,,,,,,,,,,,,,,,,,,,,,,,,,,,,,,,,,,,,,,,,,,,,,,,,,,,,,,,,,,,,,,,,,,,,,,,,,,,,,,,,,,,,,,,,,,,,,,,,,,,,,,,,,,,,,,,,,,,,,,,,,,,,,,,,,,,,,,,,,,,,,,,,,,,,,,,,,,,,,,,,,,,,,,,,,,,,,,,,,,,,,,,,,,,,,,,,,,,,,,,,,,,,,,,,,,,,,,,,,,,,,,,,,,,,,,,,,,,,,,,,,,,,,,,,,,,,,,,,,,,,,,,,,,,,,,,,,,,,,,,,,,,,,,,,,,,,,,,,,,,,,,,,,,,,,,,,,,,,,,,,,,,,,,,,,,,,,,,,,,,,,,,,,,,,,,,,,,,,,,,,,,,,,,,,,,,,,,,,,,,,,,,,,,,,,,,,,,,,,,,,,,,,,,,,,,,,,,,,,,,,,,,,,,,,,,,,,,,,,,,,,,,,,,,,,,,,,,,,,,,,,,,,,,,,,,,,,,,,,,,,,,,,,,,,,,,,,,,,,,,,,,,,,,,,,,,,,,,,,,,,,,,,,,,,,,,,,,,,,,,,,,,,,,,,,,,,,,,,,,,,,,,,,,,,,,,,,,,,,,,,,,,,,,,,,,,,,,,,,,,,,,,,,,,,,,,,,,,,,,,,,,,,,,,,,,,,,,,,,,,,,,,,,,,,,,,,,,,,,,,,,,,,,,,,,,,,,,,,,,,,,,,,,,,,,,,,,,,,,,,,,,,,,,,,,,,,,,,,,,,,,,,,,,,,,,,,,,,,,,,,,,,,,,,,,,,,,,,,,,,,,,,,,,,,,,,,,,,,,,,,,,,,,,,,,,,,,,,,,,,,,,,,,,,,,,,,,,,,,,,,,,,,,,,,,,,,,,,,,,,,,,,,,,,,,,,,,,,,,,,,,,,,,,,,,,,,,,,,,,,,,,,,,,,,,,,,,,,,,,,,,,,,,,,,,,,,,,,,,,,,,,,,,,,,,,,,,,,,,,,,,,,,,,,,,,,,,,,,,,,,,,,,,,,,,,,,,,,,,,,,,,,,,,,,,,,,,,,,,,,,,,,,,,,,,,,,,,,,,,,,,,,,,,,,,,,,,,,,,,,,,,,,,,,,,,,,,,,,,,,,,,,,,,,,,,,,,,,,,,,,,,,,,,,,,,,,,,,,,,,,,,,,,,,,,,,,,,,,,,,,,,,,,,,,,,,,,,,,,,,,,,,,,,,,,,,,,,,,,,,,,,,,,,,,,,,,,,,,,,,,,,,,,,,,,,,,,,,,,,,,,,,,,,,,,,,,,,,,,,,,,,,,,,,,,,,,,,,,,,,,,,,,,,,,
Swansea Police Department,IL08223,1978,Illinois,,,,,,,,,,,,,,,,,,,,,,,,,,,,,,,,,,,,,,,,,,,,,,,,,,,,,,,,,,,,,,,,,,,,,,,,,,,,,,,,,,,,,,,,,,,,,,,,,,,,,,,,,,,,,,,,,,,,,,,,,,,,,,,,,,,,,,,,,,,,,,,,,,,,,,,,,,,,,,,,,,,,,,,,,,,,,,,,,,,,,,,,,,,,,,,,,,,,,,,,,,,,,,,,,,,,,,,,,,,,,,,,,,,,,,,,,,,,,,,,,,,,,,,,,,,,,,,,,,,,,,,,,,,,,,,,,,,,,,,,,,,,,,,,,,,,,,,,,,,,,,,,,,,,,,,,,,,,,,,,,,,,,,,,,,,,,,,,,,,,,,,,,,,,,,,,,,,,,,,,,,,,,,,,,,,,,,,,,,,,,,,,,,,,,,,,,,,,,,,,,,,,,,,,,,,,,,,,,,,,,,,,,,,,,,,,,,,,,,,,,,,,,,,,,,,,,,,,,,,,,,,,,,,,,,,,,,,,,,,,,,,,,,,,,,,,,,,,,,,,,,,,,,,,,,,,,,,,,,,,,,,,,,,,,,,,,,,,,,,,,,,,,,,,,,,,,,,,,,,,,,,,,,,,,,,,,,,,,,,,,,,,,,,,,,,,,,,,,,,,,,,,,,,,,,,,,,,,,,,,,,,,,,,,,,,,,,,,,,,,,,,,,,,,,,,,,,,,,,,,,,,,,,,,,,,,,,,,,,,,,,,,,,,,,,,,,,,,,,,,,,,,,,,,,,,,,,,,,,,,,,,,,,,,,,,,,,,,,,,,,,,,,,,,,,,,,,,,,,,,,,,,,,,,,,,,,,,,,,,,,,,,,,,,,,,,,,,,,,,,,,,,,,,,,,,,,,,,,,,,,,,,,,,,,,,,,,,,,,,,,,,,,,,,,,,,,,,,,,,,,,,,,,,,,,,,,,,,,,,,,,,,,,,,,,,,,,,,,,,,,,,,,,,,,,,,,,,,,,,,,,,,,,,,,,,,,,,,,,,,,,,,,,,,,,,,,,,,,,,,,,,,,,,,,,,,,,,,,,,,,,,,,,,,,,,,,,,,,,,,,,,,,,,,,,,,,,,,,,,,,,,,,,,,,,,,,,,,,,,,,,,,,,,,,,,,,,,,,,,,,,,,,,,,,,,,,,,,,,,,,,,,,,,,,,,,,,,,,,,,,,,,,,,,,,,,,,,,,,,,,,,,,,,,,,,,,,,,,,,,,,,,,,,,,,,,,,,,,,,,,,,,,,,,,,,,,,,,,,,,,,,,,,,,,,,,,,,,,,,,,,,,,,,,,,,,,,,,,,,,,,,,,,,,,,,,,,,,,,,,,,,,,,,,,,,,,,,,,,,,,,,,,,,,,,,,,,,,,,,,,,,,,,,,,,,,,,,,,,,,,,,,,,,,,,,,,,,,,,,,,,,,
Swansea Police Department,IL08223,1977,Illinois,,,,,,,,,,,,,,,,,,,,,,,,,,,,,,,,,,,,,,,,,,,,,,,,,,,,,,,,,,,,,,,,,,,,,,,,,,,,,,,,,,,,,,,,,,,,,,,,,,,,,,,,,,,,,,,,,,,,,,,,,,,,,,,,,,,,,,,,,,,,,,,,,,,,,,,,,,,,,,,,,,,,,,,,,,,,,,,,,,,,,,,,,,,,,,,,,,,,,,,,,,,,,,,,,,,,,,,,,,,,,,,,,,,,,,,,,,,,,,,,,,,,,,,,,,,,,,,,,,,,,,,,,,,,,,,,,,,,,,,,,,,,,,,,,,,,,,,,,,,,,,,,,,,,,,,,,,,,,,,,,,,,,,,,,,,,,,,,,,,,,,,,,,,,,,,,,,,,,,,,,,,,,,,,,,,,,,,,,,,,,,,,,,,,,,,,,,,,,,,,,,,,,,,,,,,,,,,,,,,,,,,,,,,,,,,,,,,,,,,,,,,,,,,,,,,,,,,,,,,,,,,,,,,,,,,,,,,,,,,,,,,,,,,,,,,,,,,,,,,,,,,,,,,,,,,,,,,,,,,,,,,,,,,,,,,,,,,,,,,,,,,,,,,,,,,,,,,,,,,,,,,,,,,,,,,,,,,,,,,,,,,,,,,,,,,,,,,,,,,,,,,,,,,,,,,,,,,,,,,,,,,,,,,,,,,,,,,,,,,,,,,,,,,,,,,,,,,,,,,,,,,,,,,,,,,,,,,,,,,,,,,,,,,,,,,,,,,,,,,,,,,,,,,,,,,,,,,,,,,,,,,,,,,,,,,,,,,,,,,,,,,,,,,,,,,,,,,,,,,,,,,,,,,,,,,,,,,,,,,,,,,,,,,,,,,,,,,,,,,,,,,,,,,,,,,,,,,,,,,,,,,,,,,,,,,,,,,,,,,,,,,,,,,,,,,,,,,,,,,,,,,,,,,,,,,,,,,,,,,,,,,,,,,,,,,,,,,,,,,,,,,,,,,,,,,,,,,,,,,,,,,,,,,,,,,,,,,,,,,,,,,,,,,,,,,,,,,,,,,,,,,,,,,,,,,,,,,,,,,,,,,,,,,,,,,,,,,,,,,,,,,,,,,,,,,,,,,,,,,,,,,,,,,,,,,,,,,,,,,,,,,,,,,,,,,,,,,,,,,,,,,,,,,,,,,,,,,,,,,,,,,,,,,,,,,,,,,,,,,,,,,,,,,,,,,,,,,,,,,,,,,,,,,,,,,,,,,,,,,,,,,,,,,,,,,,,,,,,,,,,,,,,,,,,,,,,,,,,,,,,,,,,,,,,,,,,,,,,,,,,,,,,,,,,,,,,,,,,,,,,,,,,,,,,,,,,,,,,,,,,,,,,,,,,,,,,,,,,,,,,,,,,,,,,,,,,,,,,,,,,,,,,,,,,,,,,,,,,,,,,,,,,,,,,,,,,,,,,,,,,,,,
Swansea Police Department,IL08223,1976,Illinois,,,,,,,,,,,,,,,,,,,,,,,,,,,,,,,,,,,,,,,,,,,,,,,,,,,,,,,,,,,,,,,,,,,,,,,,,,,,,,,,,,,,,,,,,,,,,,,,,,,,,,,,,,,,,,,,,,,,,,,,,,,,,,,,,,,,,,,,,,,,,,,,,,,,,,,,,,,,,,,,,,,,,,,,,,,,,,,,,,,,,,,,,,,,,,,,,,,,,,,,,,,,,,,,,,,,,,,,,,,,,,,,,,,,,,,,,,,,,,,,,,,,,,,,,,,,,,,,,,,,,,,,,,,,,,,,,,,,,,,,,,,,,,,,,,,,,,,,,,,,,,,,,,,,,,,,,,,,,,,,,,,,,,,,,,,,,,,,,,,,,,,,,,,,,,,,,,,,,,,,,,,,,,,,,,,,,,,,,,,,,,,,,,,,,,,,,,,,,,,,,,,,,,,,,,,,,,,,,,,,,,,,,,,,,,,,,,,,,,,,,,,,,,,,,,,,,,,,,,,,,,,,,,,,,,,,,,,,,,,,,,,,,,,,,,,,,,,,,,,,,,,,,,,,,,,,,,,,,,,,,,,,,,,,,,,,,,,,,,,,,,,,,,,,,,,,,,,,,,,,,,,,,,,,,,,,,,,,,,,,,,,,,,,,,,,,,,,,,,,,,,,,,,,,,,,,,,,,,,,,,,,,,,,,,,,,,,,,,,,,,,,,,,,,,,,,,,,,,,,,,,,,,,,,,,,,,,,,,,,,,,,,,,,,,,,,,,,,,,,,,,,,,,,,,,,,,,,,,,,,,,,,,,,,,,,,,,,,,,,,,,,,,,,,,,,,,,,,,,,,,,,,,,,,,,,,,,,,,,,,,,,,,,,,,,,,,,,,,,,,,,,,,,,,,,,,,,,,,,,,,,,,,,,,,,,,,,,,,,,,,,,,,,,,,,,,,,,,,,,,,,,,,,,,,,,,,,,,,,,,,,,,,,,,,,,,,,,,,,,,,,,,,,,,,,,,,,,,,,,,,,,,,,,,,,,,,,,,,,,,,,,,,,,,,,,,,,,,,,,,,,,,,,,,,,,,,,,,,,,,,,,,,,,,,,,,,,,,,,,,,,,,,,,,,,,,,,,,,,,,,,,,,,,,,,,,,,,,,,,,,,,,,,,,,,,,,,,,,,,,,,,,,,,,,,,,,,,,,,,,,,,,,,,,,,,,,,,,,,,,,,,,,,,,,,,,,,,,,,,,,,,,,,,,,,,,,,,,,,,,,,,,,,,,,,,,,,,,,,,,,,,,,,,,,,,,,,,,,,,,,,,,,,,,,,,,,,,,,,,,,,,,,,,,,,,,,,,,,,,,,,,,,,,,,,,,,,,,,,,,,,,,,,,,,,,,,,,,,,,,,,,,,,,,,,,,,,,,,,,,,,,,,,,,,,,,,,,,,,,,,,,,,,,,,,,,,,,,,,,,,,,,
Swansea Police Department,IL08223,1975,Illinois,5473,3,0,3,3,0,0,0,3,0,0,0,0,3,0,0,0,0,0,0,0,3,0,0,0,0,0,0,0,0,0,0,0,0,0,0,0,0,0,0,0,0,0,0,0,0,0,0,0,0,0,0,0,0,0,0,0,0,0,0,0,0,0,0,0,0,0,0,0,0,0,0,0,0,0,0,0,0,0,0,0,0,0,0,0,0,0,0,0,0,0,0,0,0,0,0,0,0,0,0,0,0,0,0,0,0,0,0,0,0,10,10,0,0,10,0,10,0,0,0,0,0,0,0,0,10,0,0,0,10,0,0,0,0,0,0,35,0,35,34,1,0,0,34,1,0,0,0,35,0,0,0,0,0,0,0,35,0,0,0,0,0,0,,,,,,,,,,,,,,,,,,,,,,,,,,,,,,,,,,,,,,,,,,,,,,,,,,,,,,,,,,,,,,,,,,,,,,,,,,,,,,,,,,,,,,,,,,,,,,,,,,,,,,,,,,,,,,,,,,,,,,,,,,,,,,,,,,,,,,,,,,,,,,,,,,,,,,,,,,,,,,,,,,,2,1,3,2,0,1,0,3,0,0,0,0,2,0,0,0,1,0,0,0,3,0,0,0,0,0,0,1,0,1,1,0,0,0,1,0,0,0,0,1,0,0,0,0,0,0,0,1,0,0,0,0,0,0,0,0,0,0,0,0,0,0,0,0,0,0,0,0,0,0,0,0,0,0,0,0,0,0,0,0,0,0,0,0,0,0,0,0,0,0,0,0,0,0,0,0,0,0,0,0,0,0,0,0,0,0,0,0,3,1,4,3,0,1,0,4,0,0,0,0,3,0,0,0,1,0,0,0,4,0,0,0,0,0,0,1,0,1,1,0,0,0,1,0,0,0,0,1,0,0,0,0,0,0,0,1,0,0,0,0,0,0,7,0,7,6,1,0,0,6,1,0,0,0,7,0,0,0,0,0,0,0,7,0,0,0,0,0,0,0,0,0,0,0,0,0,0,0,0,0,0,0,0,0,0,0,0,0,0,0,0,0,0,0,0,0,0,0,0,0,0,0,0,0,0,0,0,0,0,0,0,0,0,0,0,0,0,0,0,0,0,0,0,0,0,0,0,0,0,0,0,0,0,0,0,0,0,0,0,0,0,0,0,0,0,0,0,0,0,0,0,0,0,0,0,0,0,0,0,0,0,0,0,0,0,0,0,0,0,0,0,0,0,0,0,0,0,0,0,0,0,0,0,0,0,0,0,0,0,0,0,0,0,0,0,0,0,0,0,0,0,0,0,0,0,0,0,0,0,0,0,0,0,0,0,0,0,0,0,0,0,0,0,0,0,0,0,0,0,0,0,0,0,0,0,0,0,0,0,0,0,0,0,0,0,0,0,0,0,0,0,0,0,0,0,0,0,0,0,0,0,0,0,0,0,0,0,0,0,0,0,0,0,0,0,0,0,0,0,0,0,0,0,0,0,,,,,,,,,,,,,,,,,,,,,,,,,,,,,,,,,,,,,,,,,,,,,,,,,,,,,,,15,4,19,15,0,4,0,19,0,0,0,0,15,0,0,0,4,0,0,0,19,0,0,0,0,0,0,0,0,0,0,0,0,0,0,0,0,0,0,0,0,0,0,0,0,0,0,0,0,0,0,0,0,0,0,0,0,0,0,0,0,0,0,0,0,0,0,0,0,0,0,0,0,0,0,0,0,0,0,0,0,1,0,1,1,0,0,0,1,0,0,0,0,1,0,0,0,0,0,0,0,1,0,0,0,0,0,0,9,0,9,9,0,0,0,9,0,0,0,0,9,0,0,0,0,0,0,0,9,0,0,0,0,0,0,0,0,0,0,0,0,0,0,0,0,0,0,0,0,0,0,0,0,0,0,0,0,0,0,0,0,0,0,,,,0,,,,0,,,,0,0,,,,,,,0,0,0,0,,,,,,,,,,,,,0,0,0,0,,,,,,,,,,,,,0,0,0,0,,,,,,,,,,,,,0,0,0,0,,,,,,,,,,,,,0,,,,0,,,,0,,,,0,,,,0,0,,,,,,,0,0,0,0,0,0,0,0,0,0,0,0,0,0,0,0,0,0,0,0,0,0,0,0,0,0,0,0,0,0,0,0,0,0,0,0,0,0,0,0,0,0,0,0,0,0,0,0,0,0,0,0,0,0,0,0,0,0,0,0,0,0,0,0,0,0,0,0,0,0,0,0,0,0,0,0,0,0,0,0,0,0,0,0,0,0,0,0,0,0,0,0,0,0,0,0,0,0,0,0,0,0,0,0,0,0,0,0,0,0,0,0,0,0,0,0,0,0,0,0,0,0,0,0,0,0,0,0,0,0,0,0,0,0,0,2,0,2,2,0,0,0,2,0,0,0,0,2,0,0,0,0,0,0,0,2,0,0,0,0,0,0,1,0,1,0,1,0,0,0,1,0,0,0,1,0,0,0,0,0,0,0,1,0,0,0,0,0,0,2,0,2,1,1,0,0,1,1,0,0,0,2,0,0,0,0,0,0,0,2,0,0,0,0,0,0,1,0,1,1,0,0,0,1,0,0,0,0,1,0,0,0,0,0,0,0,1,0,0,0,0,0,0,163,31,194,155,8,31,0,186,8,0,0,0,163,0,0,0,31,0,0,0,194,0,0,0,0,0,0
