agency,year,state,population,ORI,agg_assault_tot_arrests,agg_assault_tot_adult,agg_assault_tot_juv,agg_assault_tot_male,agg_assault_tot_female,agg_assault_tot_male_adult,agg_assault_tot_male_juv,agg_assault_tot_female_adult,agg_assault_tot_female_juv,oth_assault_tot_arrests,oth_assault_tot_adult,oth_assault_tot_juv,oth_assault_tot_male,oth_assault_tot_female,oth_assault_tot_male_adult,oth_assault_tot_male_juv,oth_assault_tot_female_adult,oth_assault_tot_female_juv,arson_tot_arrests,arson_tot_adult,arson_tot_juv,arson_tot_male,arson_tot_female,arson_tot_male_adult,arson_tot_male_juv,arson_tot_female_adult,arson_tot_female_juv,burglary_tot_arrests,burglary_tot_adult,burglary_tot_juv,burglary_tot_male,burglary_tot_female,burglary_tot_male_adult,burglary_tot_male_juv,burglary_tot_female_adult,burglary_tot_female_juv,curfew_tot_arrests,curfew_tot_adult,curfew_tot_juv,curfew_tot_male,curfew_tot_female,curfew_tot_male_adult,curfew_tot_male_juv,curfew_tot_female_adult,curfew_tot_female_juv,disorder_cond_tot_arrests,disorder_cond_tot_adult,disorder_cond_tot_juv,disorder_cond_tot_male,disorder_cond_tot_female,disorder_cond_tot_male_adult,disorder_cond_tot_male_juv,disorder_cond_tot_female_adult,disorder_cond_tot_female_juv,total_drug_tot_arrests,total_drug_tot_adult,total_drug_tot_juv,total_drug_tot_male,total_drug_tot_female,total_drug_tot_male_adult,total_drug_tot_male_juv,total_drug_tot_female_adult,total_drug_tot_female_juv,poss_drug_tot_arrests,poss_drug_tot_adult,poss_drug_tot_juv,poss_drug_tot_male,poss_drug_tot_female,poss_drug_tot_male_adult,poss_drug_tot_male_juv,poss_drug_tot_female_adult,poss_drug_tot_female_juv,poss_synth_narc_tot_arrests,poss_synth_narc_tot_adult,poss_synth_narc_tot_juv,poss_synth_narc_tot_male,poss_synth_narc_tot_female,poss_synth_narc_tot_male_adult,poss_synth_narc_tot_male_juv,poss_synth_narc_tot_female_adult,poss_synth_narc_tot_female_juv,poss_cannabis_tot_arrests,poss_cannabis_tot_adult,poss_cannabis_tot_juv,poss_cannabis_tot_male,poss_cannabis_tot_female,poss_cannabis_tot_male_adult,poss_cannabis_tot_male_juv,poss_cannabis_tot_female_adult,poss_cannabis_tot_female_juv,poss_heroin_coke_tot_arrests,poss_heroin_coke_tot_adult,poss_heroin_coke_tot_juv,poss_heroin_coke_tot_male,poss_heroin_coke_tot_female,poss_heroin_coke_tot_male_adult,poss_heroin_coke_tot_male_juv,poss_heroin_coke_tot_female_adul,poss_heroin_coke_tot_female_juv,poss_oth_drug_tot_arrests,poss_oth_drug_tot_adult,poss_oth_drug_tot_juv,poss_oth_drug_tot_male,poss_oth_drug_tot_female,poss_oth_drug_tot_male_adult,poss_oth_drug_tot_male_juv,poss_oth_drug_tot_female_adult,poss_oth_drug_tot_female_juv,sale_drug_tot_arrests,sale_drug_tot_adult,sale_drug_tot_juv,sale_drug_tot_male,sale_drug_tot_female,sale_drug_tot_male_adult,sale_drug_tot_male_juv,sale_drug_tot_female_adult,sale_drug_tot_female_juv,sale_synth_narc_tot_arrests,sale_synth_narc_tot_adult,sale_synth_narc_tot_juv,sale_synth_narc_tot_male,sale_synth_narc_tot_female,sale_synth_narc_tot_male_adult,sale_synth_narc_tot_male_juv,sale_synth_narc_tot_female_adult,sale_synth_narc_tot_female_juv,sale_cannabis_tot_arrests,sale_cannabis_tot_adult,sale_cannabis_tot_juv,sale_cannabis_tot_male,sale_cannabis_tot_female,sale_cannabis_tot_male_adult,sale_cannabis_tot_male_juv,sale_cannabis_tot_female_adult,sale_cannabis_tot_female_juv,sale_heroin_coke_tot_arrests,sale_heroin_coke_tot_adult,sale_heroin_coke_tot_juv,sale_heroin_coke_tot_male,sale_heroin_coke_tot_female,sale_heroin_coke_tot_male_adult,sale_heroin_coke_tot_male_juv,sale_heroin_coke_tot_female_adul,sale_heroin_coke_tot_female_juv,sale_oth_drug_tot_arrests,sale_oth_drug_tot_adult,sale_oth_drug_tot_juv,sale_oth_drug_tot_male,sale_oth_drug_tot_female,sale_oth_drug_tot_male_adult,sale_oth_drug_tot_male_juv,sale_oth_drug_tot_female_adult,sale_oth_drug_tot_female_juv,drunkenness_tot_arrests,drunkenness_tot_adult,drunkenness_tot_juv,drunkenness_tot_male,drunkenness_tot_female,drunkenness_tot_male_adult,drunkenness_tot_male_juv,drunkenness_tot_female_adult,drunkenness_tot_female_juv,dui_tot_arrests,dui_tot_adult,dui_tot_juv,dui_tot_male,dui_tot_female,dui_tot_male_adult,dui_tot_male_juv,dui_tot_female_adult,dui_tot_female_juv,embezzlement_tot_arrests,embezzlement_tot_adult,embezzlement_tot_juv,embezzlement_tot_male,embezzlement_tot_female,embezzlement_tot_male_adult,embezzlement_tot_male_juv,embezzlement_tot_female_adult,embezzlement_tot_female_juv,family_offenses_tot_arrests,family_offenses_tot_adult,family_offenses_tot_juv,family_offenses_tot_male,family_offenses_tot_female,family_offenses_tot_male_adult,family_offenses_tot_male_juv,family_offenses_tot_female_adult,family_offenses_tot_female_juv,forgery_tot_arrests,forgery_tot_adult,forgery_tot_juv,forgery_tot_male,forgery_tot_female,forgery_tot_male_adult,forgery_tot_male_juv,forgery_tot_female_adult,forgery_tot_female_juv,fraud_tot_arrests,fraud_tot_adult,fraud_tot_juv,fraud_tot_male,fraud_tot_female,fraud_tot_male_adult,fraud_tot_male_juv,fraud_tot_female_adult,fraud_tot_female_juv,total_gambling_tot_arrests,total_gambling_tot_adult,total_gambling_tot_juv,total_gambling_tot_male,total_gambling_tot_female,total_gambling_tot_male_adult,total_gambling_tot_male_juv,total_gambling_tot_female_adult,total_gambling_tot_female_juv,bookmaking_tot_arrests,bookmaking_tot_adult,bookmaking_tot_juv,bookmaking_tot_male,bookmaking_tot_female,bookmaking_tot_male_adult,bookmaking_tot_male_juv,bookmaking_tot_female_adult,bookmaking_tot_female_juv,number_lottery_tot_arrests,number_lottery_tot_adult,number_lottery_tot_juv,number_lottery_tot_male,number_lottery_tot_female,number_lottery_tot_male_adult,number_lottery_tot_male_juv,number_lottery_tot_female_adult,number_lottery_tot_female_juv,oth_gambling_tot_arrests,oth_gambling_tot_adult,oth_gambling_tot_juv,oth_gambling_tot_male,oth_gambling_tot_female,oth_gambling_tot_male_adult,oth_gambling_tot_male_juv,oth_gambling_tot_female_adult,oth_gambling_tot_female_juv,liquor_tot_arrests,liquor_tot_adult,liquor_tot_juv,liquor_tot_male,liquor_tot_female,liquor_tot_male_adult,liquor_tot_male_juv,liquor_tot_female_adult,liquor_tot_female_juv,manslaught_neg_tot_arrests,manslaught_neg_tot_adult,manslaught_neg_tot_juv,manslaught_neg_tot_male,manslaught_neg_tot_female,manslaught_neg_tot_male_adult,manslaught_neg_tot_male_juv,manslaught_neg_tot_female_adult,manslaught_neg_tot_female_juv,mtr_veh_theft_tot_arrests,mtr_veh_theft_tot_adult,mtr_veh_theft_tot_juv,mtr_veh_theft_tot_male,mtr_veh_theft_tot_female,mtr_veh_theft_tot_male_adult,mtr_veh_theft_tot_male_juv,mtr_veh_theft_tot_female_adult,mtr_veh_theft_tot_female_juv,murder_tot_arrests,murder_tot_adult,murder_tot_juv,murder_tot_male,murder_tot_female,murder_tot_male_adult,murder_tot_male_juv,murder_tot_female_adult,murder_tot_female_juv,oth_non_traffic_tot_arrests,oth_non_traffic_tot_adult,oth_non_traffic_tot_juv,oth_non_traffic_tot_male,oth_non_traffic_tot_female,oth_non_traffic_tot_male_adult,oth_non_traffic_tot_male_juv,oth_non_traffic_tot_female_adult,oth_non_traffic_tot_female_juv,prostitution_tot_arrests,prostitution_tot_adult,prostitution_tot_juv,prostitution_tot_male,prostitution_tot_female,prostitution_tot_male_adult,prostitution_tot_male_juv,prostitution_tot_female_adult,prostitution_tot_female_juv,rape_tot_arrests,rape_tot_adult,rape_tot_juv,rape_tot_male,rape_tot_female,rape_tot_male_adult,rape_tot_male_juv,rape_tot_female_adult,rape_tot_female_juv,robbery_tot_arrests,robbery_tot_adult,robbery_tot_juv,robbery_tot_male,robbery_tot_female,robbery_tot_male_adult,robbery_tot_male_juv,robbery_tot_female_adult,robbery_tot_female_juv,runaway_tot_arrests,runaway_tot_adult,runaway_tot_juv,runaway_tot_male,runaway_tot_female,runaway_tot_male_adult,runaway_tot_male_juv,runaway_tot_female_adult,runaway_tot_female_juv,oth_sex_off_tot_arrests,oth_sex_off_tot_adult,oth_sex_off_tot_juv,oth_sex_off_tot_male,oth_sex_off_tot_female,oth_sex_off_tot_male_adult,oth_sex_off_tot_male_juv,oth_sex_off_tot_female_adult,oth_sex_off_tot_female_juv,stolen_property_tot_arrests,stolen_property_tot_adult,stolen_property_tot_juv,stolen_property_tot_male,stolen_property_tot_female,stolen_property_tot_male_adult,stolen_property_tot_male_juv,stolen_property_tot_female_adult,stolen_property_tot_female_juv,suspicion_tot_arrests,suspicion_tot_adult,suspicion_tot_juv,suspicion_tot_male,suspicion_tot_female,suspicion_tot_male_adult,suspicion_tot_male_juv,suspicion_tot_female_adult,suspicion_tot_female_juv,theft_tot_arrests,theft_tot_adult,theft_tot_juv,theft_tot_male,theft_tot_female,theft_tot_male_adult,theft_tot_male_juv,theft_tot_female_adult,theft_tot_female_juv,vagrancy_tot_arrests,vagrancy_tot_adult,vagrancy_tot_juv,vagrancy_tot_male,vagrancy_tot_female,vagrancy_tot_male_adult,vagrancy_tot_male_juv,vagrancy_tot_female_adult,vagrancy_tot_female_juv,vandalism_tot_arrests,vandalism_tot_adult,vandalism_tot_juv,vandalism_tot_male,vandalism_tot_female,vandalism_tot_male_adult,vandalism_tot_male_juv,vandalism_tot_female_adult,vandalism_tot_female_juv,weapons_tot_arrests,weapons_tot_adult,weapons_tot_juv,weapons_tot_male,weapons_tot_female,weapons_tot_male_adult,weapons_tot_male_juv,weapons_tot_female_adult,weapons_tot_female_juv
Ble: Hancock County,2003,Maine,0,ME005LE,0,0,0,0,0,0,0,0,0,0,0,0,0,0,0,0,0,0,0,0,0,0,0,0,0,0,0,0,0,0,0,0,0,0,0,0,0,0,0,0,0,0,0,0,0,0,0,0,0,0,0,0,0,0,0,0,0,0,0,0,0,0,0,0,0,0,0,0,0,0,0,0,0,0,0,0,0,0,0,0,0,0,0,0,0,0,0,0,0,0,0,0,0,0,0,0,0,0,0,0,0,0,0,0,0,0,0,0,0,0,0,0,0,0,0,0,0,0,0,0,0,0,0,0,0,0,0,0,0,0,0,0,0,0,0,0,0,0,0,0,0,0,0,0,0,0,0,0,0,0,0,0,0,0,0,0,0,0,0,0,0,0,0,0,0,0,0,0,0,0,0,0,0,0,0,0,0,0,0,0,0,0,0,0,0,0,0,0,0,0,0,0,0,0,0,0,0,0,0,0,0,0,0,0,0,0,0,0,0,0,0,0,0,0,0,0,0,0,0,0,0,0,0,0,0,0,0,0,0,0,0,0,0,0,0,0,0,0,0,0,0,0,0,6,5,1,5,1,5,0,0,0,0,0,0,0,0,0,0,0,0,0,0,0,0,0,0,0,0,0,0,0,0,0,0,0,0,0,0,0,0,0,0,0,0,0,0,0,0,0,0,0,0,0,0,0,0,0,0,0,0,0,0,0,0,0,0,0,0,0,0,0,0,0,0,0,0,0,0,0,0,0,0,0,0,0,0,0,0,0,0,0,0,0,0,0,0,0,0,0,0,0,0,0,0,0,0,0,0,0,0,0,0,0,0,0,0,0,0,0,0,0,0,0,0,0,0,0,0,0,0,0,0,0,0,0,0,0,0,0,0,0,0,0,0,0,0
Ble: Hancock County,2002,Maine,0,ME005LE,0,0,0,0,0,0,0,0,0,0,0,0,0,0,0,0,0,0,0,0,0,0,0,0,0,0,0,0,0,0,0,0,0,0,0,0,0,0,0,0,0,0,0,0,0,0,0,0,0,0,0,0,0,0,0,0,0,0,0,0,0,0,0,0,0,0,0,0,0,0,0,0,0,0,0,0,0,0,0,0,0,0,0,0,0,0,0,0,0,0,0,0,0,0,0,0,0,0,0,0,0,0,0,0,0,0,0,0,0,0,0,0,0,0,0,0,0,0,0,0,0,0,0,0,0,0,0,0,0,0,0,0,0,0,0,0,0,0,0,0,0,0,0,0,0,0,0,0,0,0,0,0,0,0,0,0,0,0,0,0,0,0,0,0,0,0,0,0,0,0,0,0,0,0,0,0,0,0,0,0,0,0,0,0,0,0,0,0,0,0,0,0,0,0,0,0,0,0,0,0,0,0,0,0,0,0,0,0,0,0,0,0,0,0,0,0,0,0,0,0,0,0,0,0,0,0,0,0,0,0,0,0,0,0,0,0,0,0,0,0,0,0,0,42,42,0,31,11,31,0,11,0,0,0,0,0,0,0,0,0,0,0,0,0,0,0,0,0,0,0,0,0,0,0,0,0,0,0,0,0,0,0,0,0,0,0,0,0,0,0,0,0,0,0,0,0,0,0,0,0,0,0,0,0,0,0,0,0,0,0,0,0,0,0,0,0,0,0,0,0,0,0,0,0,0,0,0,0,0,0,0,0,0,0,0,0,0,0,0,0,0,0,0,0,0,0,0,0,0,0,0,0,0,0,0,0,0,0,0,0,0,0,0,0,0,0,0,0,0,0,0,0,0,0,0,0,0,0,0,0,0,0,0,0,0,0,0
Ble: Hancock County,2001,Maine,0,ME005LE,0,0,0,0,0,0,0,0,0,0,0,0,0,0,0,0,0,0,0,0,0,0,0,0,0,0,0,0,0,0,0,0,0,0,0,0,0,0,0,0,0,0,0,0,0,0,0,0,0,0,0,0,0,0,0,0,0,0,0,0,0,0,0,0,0,0,0,0,0,0,0,0,0,0,0,0,0,0,0,0,0,0,0,0,0,0,0,0,0,0,0,0,0,0,0,0,0,0,0,0,0,0,0,0,0,0,0,0,0,0,0,0,0,0,0,0,0,0,0,0,0,0,0,0,0,0,0,0,0,0,0,0,0,0,0,0,0,0,0,0,0,0,0,0,0,0,0,0,0,0,0,0,0,0,0,0,0,0,0,0,0,0,0,0,0,0,0,0,0,0,0,0,0,0,0,0,0,0,0,0,0,0,0,0,0,0,0,0,0,0,0,0,0,0,0,0,0,0,0,0,0,0,0,0,0,0,0,0,0,0,0,0,0,0,0,0,0,0,0,0,0,0,0,0,0,0,0,0,0,0,0,0,0,0,0,0,0,0,0,0,0,0,0,26,24,2,15,11,14,1,10,1,0,0,0,0,0,0,0,0,0,0,0,0,0,0,0,0,0,0,0,0,0,0,0,0,0,0,0,0,0,0,0,0,0,0,0,0,0,0,0,0,0,0,0,0,0,0,0,0,0,0,0,0,0,0,0,0,0,0,0,0,0,0,0,0,0,0,0,0,0,0,0,0,0,0,0,0,0,0,0,0,0,0,0,0,0,0,0,0,0,0,0,0,0,0,0,0,0,0,0,0,0,0,0,0,0,0,0,0,0,0,0,0,0,0,0,0,0,0,0,0,0,0,0,0,0,0,0,0,0,0,0,0,0,0,0
Ble: Hancock County,2e3,Maine,0,ME005LE,0,0,0,0,0,0,0,0,0,0,0,0,0,0,0,0,0,0,0,0,0,0,0,0,0,0,0,0,0,0,0,0,0,0,0,0,0,0,0,0,0,0,0,0,0,0,0,0,0,0,0,0,0,0,0,0,0,0,0,0,0,0,0,0,0,0,0,0,0,0,0,0,0,0,0,0,0,0,0,0,0,0,0,0,0,0,0,0,0,0,0,0,0,0,0,0,0,0,0,0,0,0,0,0,0,0,0,0,0,0,0,0,0,0,0,0,0,0,0,0,0,0,0,0,0,0,0,0,0,0,0,0,0,0,0,0,0,0,0,0,0,0,0,0,0,0,0,0,0,0,0,0,0,0,0,0,0,0,0,0,0,0,0,0,0,0,0,0,0,0,0,0,0,0,0,0,0,0,0,0,0,0,0,0,0,0,0,0,0,0,0,0,0,0,0,0,0,0,0,0,0,0,0,0,0,0,0,0,0,0,0,0,0,0,0,0,0,0,0,0,0,0,0,0,0,0,0,0,0,0,0,0,0,0,0,0,0,0,0,0,0,0,0,17,15,2,16,1,14,2,1,2,0,0,0,0,0,0,0,0,0,0,0,0,0,0,0,0,0,0,0,0,0,0,0,0,0,0,0,2,0,2,2,0,0,2,0,2,0,0,0,0,0,0,0,0,0,0,0,0,0,0,0,0,0,0,0,0,0,0,0,0,0,0,0,0,0,0,0,0,0,0,0,0,0,0,0,0,0,0,0,0,0,0,0,0,0,0,0,0,0,0,0,0,0,0,0,0,0,0,0,0,0,0,0,0,0,0,0,0,0,0,0,0,0,0,0,0,0,0,0,0,0,0,0,0,0,0,0,0,0,0,0,0,0,0,0
Ble: Hancock County,1999,Maine,0,ME005LE,0,0,0,0,0,0,0,0,0,0,0,0,0,0,0,0,0,0,0,0,0,0,0,0,0,0,0,0,0,0,0,0,0,0,0,0,0,0,0,0,0,0,0,0,0,0,0,0,0,0,0,0,0,0,0,0,0,0,0,0,0,0,0,0,0,0,0,0,0,0,0,0,0,0,0,0,0,0,0,0,0,0,0,0,0,0,0,0,0,0,0,0,0,0,0,0,0,0,0,0,0,0,0,0,0,0,0,0,0,0,0,0,0,0,0,0,0,0,0,0,0,0,0,0,0,0,0,0,0,0,0,0,0,0,0,0,0,0,0,0,0,0,0,0,0,0,0,0,0,0,0,0,0,0,0,0,0,0,0,0,0,0,0,0,0,0,0,0,0,0,0,0,0,0,0,0,0,0,0,0,0,0,0,0,0,0,0,0,0,0,0,0,0,0,0,0,0,0,0,0,0,0,0,0,0,0,0,0,0,0,0,0,0,0,0,0,0,0,0,0,0,0,0,0,0,0,0,0,0,0,0,0,0,0,0,0,0,0,0,0,0,0,0,37,32,5,27,10,26,1,6,1,0,0,0,0,0,0,0,0,0,0,0,0,0,0,0,0,0,0,0,0,0,0,0,0,0,0,0,2,1,1,1,1,1,0,0,0,0,0,0,0,0,0,0,0,0,0,0,0,0,0,0,0,0,0,0,0,0,0,0,0,0,0,0,0,0,0,0,0,0,0,0,0,0,0,0,0,0,0,0,0,0,0,0,0,0,0,0,0,0,0,0,0,0,0,0,0,0,0,0,0,0,0,0,0,0,0,0,0,0,0,0,0,0,0,0,0,0,0,0,0,0,0,0,0,0,0,0,0,0,0,0,0,0,0,0
Ble: Hancock County,1998,Maine,0,ME005LE,0,0,0,0,0,0,0,0,0,0,0,0,0,0,0,0,0,0,0,0,0,0,0,0,0,0,0,0,0,0,0,0,0,0,0,0,0,0,0,0,0,0,0,0,0,0,0,0,0,0,0,0,0,0,0,0,0,0,0,0,0,0,0,0,0,0,0,0,0,0,0,0,0,0,0,0,0,0,0,0,0,0,0,0,0,0,0,0,0,0,0,0,0,0,0,0,0,0,0,0,0,0,0,0,0,0,0,0,0,0,0,0,0,0,0,0,0,0,0,0,0,0,0,0,0,0,0,0,0,0,0,0,0,0,0,0,0,0,0,0,0,0,0,0,0,0,0,0,0,0,0,0,0,0,0,0,0,0,0,0,0,0,1,0,1,1,0,0,1,0,1,0,0,0,0,0,0,0,0,0,0,0,0,0,0,0,0,0,0,0,0,0,0,0,0,0,0,0,0,0,0,0,0,0,0,0,0,0,0,0,0,0,0,0,0,0,0,0,0,0,0,0,0,0,0,0,0,0,0,0,0,0,0,0,0,0,0,0,0,0,0,0,0,24,21,3,19,5,16,3,5,3,0,0,0,0,0,0,0,0,0,0,0,0,0,0,0,0,0,0,0,0,0,0,0,0,0,0,0,2,0,2,2,0,0,2,0,2,0,0,0,0,0,0,0,0,0,0,0,0,0,0,0,0,0,0,0,0,0,0,0,0,0,0,0,0,0,0,0,0,0,0,0,0,0,0,0,0,0,0,0,0,0,0,0,0,0,0,0,0,0,0,0,0,0,0,0,0,0,0,0,0,0,0,0,0,0,0,0,0,0,0,0,0,0,0,0,0,0,0,0,0,0,0,0,0,0,0,0,0,0,0,0,0,0,0,0
Ble: Hancock County,1997,Maine,0,ME005LE,0,0,0,0,0,0,0,0,0,0,0,0,0,0,0,0,0,0,0,0,0,0,0,0,0,0,0,0,0,0,0,0,0,0,0,0,0,0,0,0,0,0,0,0,0,0,0,0,0,0,0,0,0,0,0,0,0,0,0,0,0,0,0,0,0,0,0,0,0,0,0,0,0,0,0,0,0,0,0,0,0,0,0,0,0,0,0,0,0,0,0,0,0,0,0,0,0,0,0,0,0,0,0,0,0,0,0,0,0,0,0,0,0,0,0,0,0,0,0,0,0,0,0,0,0,0,0,0,0,0,0,0,0,0,0,0,0,0,0,0,0,0,0,0,0,0,0,0,0,0,0,0,0,0,0,0,0,0,0,0,0,0,3,2,1,2,1,2,0,0,0,0,0,0,0,0,0,0,0,0,0,0,0,0,0,0,0,0,0,0,0,0,0,0,0,0,0,0,0,0,0,0,0,0,0,0,0,0,0,0,0,0,0,0,0,0,0,0,0,0,0,0,0,0,0,0,0,0,0,0,0,0,0,0,0,0,0,0,0,0,0,0,0,37,31,6,27,10,25,2,6,2,0,0,0,0,0,0,0,0,0,0,0,0,0,0,0,0,0,0,0,0,0,0,0,0,0,0,0,12,4,8,8,4,2,6,2,6,0,0,0,0,0,0,0,0,0,0,0,0,0,0,0,0,0,0,0,0,0,0,0,0,0,0,0,0,0,0,0,0,0,0,0,0,0,0,0,0,0,0,0,0,0,0,0,0,0,0,0,0,0,0,0,0,0,0,0,0,0,0,0,0,0,0,0,0,0,0,0,0,0,0,0,0,0,0,0,0,0,0,0,0,0,0,0,0,0,0,0,0,0,0,0,0,0,0,0
Ble: Hancock County,1996,Maine,0,ME005LE,0,0,0,0,0,0,0,0,0,0,0,0,0,0,0,0,0,0,0,0,0,0,0,0,0,0,0,0,0,0,0,0,0,0,0,0,0,0,0,0,0,0,0,0,0,0,0,0,0,0,0,0,0,0,0,0,0,0,0,0,0,0,0,0,0,0,0,0,0,0,0,0,0,0,0,0,0,0,0,0,0,0,0,0,0,0,0,0,0,0,0,0,0,0,0,0,0,0,0,0,0,0,0,0,0,0,0,0,0,0,0,0,0,0,0,0,0,0,0,0,0,0,0,0,0,0,0,0,0,0,0,0,0,0,0,0,0,0,0,0,0,0,0,0,0,0,0,0,0,0,0,0,0,0,0,0,0,0,0,0,0,0,0,0,0,0,0,0,0,0,0,0,0,0,0,0,0,0,0,0,0,0,0,0,0,0,0,0,0,0,0,0,0,0,0,0,0,0,0,0,0,0,0,0,0,0,0,0,0,0,0,0,0,0,0,0,0,0,0,0,0,0,0,0,0,0,0,0,0,0,0,0,0,0,0,0,0,0,0,0,0,0,0,17,14,3,15,2,12,3,2,3,0,0,0,0,0,0,0,0,0,0,0,0,0,0,0,0,0,0,0,0,0,0,0,0,0,0,0,12,11,1,12,0,11,1,0,1,0,0,0,0,0,0,0,0,0,0,0,0,0,0,0,0,0,0,0,0,0,0,0,0,0,0,0,0,0,0,0,0,0,0,0,0,0,0,0,0,0,0,0,0,0,0,0,0,0,0,0,0,0,0,0,0,0,0,0,0,0,0,0,0,0,0,0,0,0,0,0,0,0,0,0,0,0,0,0,0,0,0,0,0,0,0,0,0,0,0,0,0,0,0,0,0,0,0,0
Ble: Hancock County,1995,Maine,0,ME005LE,0,0,0,0,0,0,0,0,0,0,0,0,0,0,0,0,0,0,0,0,0,0,0,0,0,0,0,0,0,0,0,0,0,0,0,0,0,0,0,0,0,0,0,0,0,0,0,0,0,0,0,0,0,0,0,0,0,0,0,0,0,0,0,0,0,0,0,0,0,0,0,0,0,0,0,0,0,0,0,0,0,0,0,0,0,0,0,0,0,0,0,0,0,0,0,0,0,0,0,0,0,0,0,0,0,0,0,0,0,0,0,0,0,0,0,0,0,0,0,0,0,0,0,0,0,0,0,0,0,0,0,0,0,0,0,0,0,0,0,0,0,0,0,0,0,0,0,0,0,0,0,0,0,1,0,1,1,0,0,1,0,1,0,0,0,0,0,0,0,0,0,0,0,0,0,0,0,0,0,0,0,0,0,0,0,0,0,0,0,0,0,0,0,0,0,0,0,0,0,0,0,0,0,0,0,0,0,0,0,0,0,0,0,0,0,0,0,0,0,0,0,0,0,0,0,0,0,0,0,0,0,0,0,0,0,0,0,0,0,0,0,0,0,40,37,3,35,5,32,3,5,3,0,0,0,0,0,0,0,0,0,0,0,0,0,0,0,0,0,0,0,0,0,0,0,0,0,0,0,6,4,2,5,1,3,2,1,2,0,0,0,0,0,0,0,0,0,0,0,0,0,0,0,0,0,0,0,0,0,0,0,0,0,0,0,0,0,0,0,0,0,0,0,0,0,0,0,0,0,0,0,0,0,0,0,0,0,0,0,0,0,0,0,0,0,0,0,0,0,0,0,0,0,0,0,0,0,0,0,0,0,0,0,0,0,0,0,0,0,0,0,0,0,0,0,0,0,0,0,0,0,0,0,0,0,0,0
Ble: Hancock County,1994,Maine,0,ME005LE,0,0,0,0,0,0,0,0,0,0,0,0,0,0,0,0,0,0,0,0,0,0,0,0,0,0,0,0,0,0,0,0,0,0,0,0,0,0,0,0,0,0,0,0,0,0,0,0,0,0,0,0,0,0,0,0,0,0,0,0,0,0,0,0,0,0,0,0,0,0,0,0,0,0,0,0,0,0,0,0,0,0,0,0,0,0,0,0,0,0,0,0,0,0,0,0,0,0,0,0,0,0,0,0,0,0,0,0,0,0,0,0,0,0,0,0,0,0,0,0,0,0,0,0,0,0,0,0,0,0,0,0,0,0,0,0,0,0,0,0,0,0,0,0,0,0,0,0,0,0,0,0,0,0,0,0,0,0,0,0,0,0,0,0,0,0,0,0,0,0,0,0,0,0,0,0,0,0,0,0,0,0,0,0,0,0,0,0,0,0,0,0,0,0,0,0,0,0,0,0,0,0,0,0,0,0,0,0,0,0,0,0,0,0,0,0,0,0,0,0,0,0,0,0,0,0,0,0,0,0,0,0,0,0,0,0,0,0,0,0,0,0,0,16,12,4,9,7,7,2,5,2,0,0,0,0,0,0,0,0,0,0,0,0,0,0,0,0,0,0,0,0,0,0,0,0,0,0,0,1,1,0,0,1,0,0,1,0,0,0,0,0,0,0,0,0,0,0,0,0,0,0,0,0,0,0,0,0,0,0,0,0,0,0,0,0,0,0,0,0,0,0,0,0,0,0,0,0,0,0,0,0,0,0,0,0,0,0,0,0,0,0,0,0,0,0,0,0,0,0,0,0,0,0,0,0,0,0,0,0,0,0,0,0,0,0,0,0,0,0,0,0,0,0,0,0,0,0,0,0,0,0,0,0,0,0,0
Ble: Hancock County,1993,Maine,0,ME005LE,0,0,0,0,0,0,0,0,0,0,0,0,0,0,0,0,0,0,0,0,0,0,0,0,0,0,0,0,0,0,0,0,0,0,0,0,0,0,0,0,0,0,0,0,0,0,0,0,0,0,0,0,0,0,0,0,0,0,0,0,0,0,0,0,0,0,0,0,0,0,0,0,0,0,0,0,0,0,0,0,0,0,0,0,0,0,0,0,0,0,0,0,0,0,0,0,0,0,0,0,0,0,0,0,0,0,0,0,0,0,0,0,0,0,0,0,0,0,0,0,0,0,0,0,0,0,0,0,0,0,0,0,0,0,0,0,0,0,0,0,0,0,0,0,0,0,0,0,0,0,0,0,0,0,0,0,0,0,0,0,0,0,0,0,0,0,0,0,0,0,0,0,0,0,0,0,0,0,0,0,0,0,0,0,0,0,0,0,0,0,0,0,0,0,0,0,0,0,0,0,0,0,0,0,0,0,0,0,0,0,0,0,0,0,0,0,0,0,0,0,0,0,0,0,0,0,0,0,0,0,0,0,0,0,0,0,0,0,0,0,0,0,0,23,21,2,15,8,13,2,8,2,0,0,0,0,0,0,0,0,0,0,0,0,0,0,0,0,0,0,0,0,0,0,0,0,0,0,0,0,0,0,0,0,0,0,0,0,0,0,0,0,0,0,0,0,0,0,0,0,0,0,0,0,0,0,0,0,0,0,0,0,0,0,0,0,0,0,0,0,0,0,0,0,0,0,0,0,0,0,0,0,0,0,0,0,0,0,0,0,0,0,0,0,0,0,0,0,0,0,0,0,0,0,0,0,0,0,0,0,0,0,0,0,0,0,0,0,0,0,0,0,0,0,0,0,0,0,0,0,0,0,0,0,0,0,0
Ble: Hancock County,1992,Maine,0,ME005LE,0,0,0,0,0,0,0,0,0,0,0,0,0,0,0,0,0,0,0,0,0,0,0,0,0,0,0,0,0,0,0,0,0,0,0,0,0,0,0,0,0,0,0,0,0,0,0,0,0,0,0,0,0,0,0,0,0,0,0,0,0,0,0,0,0,0,0,0,0,0,0,0,0,0,0,0,0,0,0,0,0,0,0,0,0,0,0,0,0,0,0,0,0,0,0,0,0,0,0,0,0,0,0,0,0,0,0,0,0,0,0,0,0,0,0,0,0,0,0,0,0,0,0,0,0,0,0,0,0,0,0,0,0,0,0,0,0,0,0,0,0,0,0,0,0,0,0,0,0,0,0,0,0,0,0,0,0,0,0,0,0,0,0,0,0,0,0,0,0,0,0,0,0,0,0,0,0,0,0,0,0,0,0,0,0,0,0,0,0,0,0,0,0,0,0,0,0,0,0,0,0,0,0,0,0,0,0,0,0,0,0,0,0,0,0,0,0,0,0,0,0,0,0,0,0,0,0,0,0,0,0,0,0,0,0,0,0,0,0,0,0,0,0,30,26,4,21,9,20,1,6,1,0,0,0,0,0,0,0,0,0,0,0,0,0,0,0,0,0,0,0,0,0,0,0,0,0,0,0,0,0,0,0,0,0,0,0,0,0,0,0,0,0,0,0,0,0,0,0,0,0,0,0,0,0,0,0,0,0,0,0,0,0,0,0,0,0,0,0,0,0,0,0,0,0,0,0,0,0,0,0,0,0,0,0,0,0,0,0,0,0,0,0,0,0,0,0,0,0,0,0,0,0,0,0,0,0,0,0,0,0,0,0,0,0,0,0,0,0,0,0,0,0,0,0,0,0,0,0,0,0,0,0,0,0,0,0
Ble: Hancock County,1991,Maine,0,ME005LE,0,0,0,0,0,0,0,0,0,0,0,0,0,0,0,0,0,0,0,0,0,0,0,0,0,0,0,0,0,0,0,0,0,0,0,0,0,0,0,0,0,0,0,0,0,0,0,0,0,0,0,0,0,0,0,0,0,0,0,0,0,0,0,0,0,0,0,0,0,0,0,0,0,0,0,0,0,0,0,0,0,0,0,0,0,0,0,0,0,0,0,0,0,0,0,0,0,0,0,0,0,0,0,0,0,0,0,0,0,0,0,0,0,0,0,0,0,0,0,0,0,0,0,0,0,0,0,0,0,0,0,0,0,0,0,0,0,0,0,0,0,0,0,0,0,0,0,0,0,0,0,0,0,0,0,0,0,0,0,0,0,0,0,0,0,0,0,0,0,0,0,0,0,0,0,0,0,0,0,0,0,0,0,0,0,0,0,0,0,0,0,0,0,0,0,0,0,0,0,0,0,0,0,0,0,0,0,0,0,0,0,0,0,0,0,0,0,0,0,0,0,0,0,0,0,0,0,0,0,0,0,0,0,0,0,0,0,0,0,0,0,0,0,35,31,4,25,10,22,3,9,3,0,0,0,0,0,0,0,0,0,0,0,0,0,0,0,0,0,0,0,0,0,0,0,0,0,0,0,0,0,0,0,0,0,0,0,0,0,0,0,0,0,0,0,0,0,0,0,0,0,0,0,0,0,0,0,0,0,0,0,0,0,0,0,0,0,0,0,0,0,0,0,0,0,0,0,0,0,0,0,0,0,0,0,0,0,0,0,0,0,0,0,0,0,0,0,0,0,0,0,0,0,0,0,0,0,0,0,0,0,0,0,0,0,0,0,0,0,0,0,0,0,0,0,0,0,0,0,0,0,0,0,0,0,0,0
Ble: Hancock County,1990,Maine,0,ME005LE,0,0,0,0,0,0,0,0,0,0,0,0,0,0,0,0,0,0,0,0,0,0,0,0,0,0,0,0,0,0,0,0,0,0,0,0,0,0,0,0,0,0,0,0,0,0,0,0,0,0,0,0,0,0,0,0,0,0,0,0,0,0,0,0,0,0,0,0,0,0,0,0,0,0,0,0,0,0,0,0,0,0,0,0,0,0,0,0,0,0,0,0,0,0,0,0,0,0,0,0,0,0,0,0,0,0,0,0,0,0,0,0,0,0,0,0,0,0,0,0,0,0,0,0,0,0,0,0,0,0,0,0,0,0,0,0,0,0,0,0,0,0,0,0,0,0,0,0,0,0,0,0,0,0,0,0,0,0,0,0,0,0,0,0,0,0,0,0,0,0,0,0,0,0,0,0,0,0,0,0,0,0,0,0,0,0,0,0,0,0,0,0,0,0,0,0,0,0,0,0,0,0,0,0,0,0,0,0,0,0,0,0,0,0,0,0,0,0,0,0,0,0,0,0,0,0,0,0,0,0,0,0,0,0,0,0,0,0,0,0,0,0,0,23,22,1,19,4,18,1,4,1,0,0,0,0,0,0,0,0,0,0,0,0,0,0,0,0,0,0,0,0,0,0,0,0,0,0,0,0,0,0,0,0,0,0,0,0,0,0,0,0,0,0,0,0,0,0,0,0,0,0,0,0,0,0,0,0,0,0,0,0,0,0,0,0,0,0,0,0,0,0,0,0,0,0,0,0,0,0,0,0,0,0,0,0,0,0,0,0,0,0,0,0,0,0,0,0,0,0,0,0,0,0,0,0,0,0,0,0,0,0,0,0,0,0,0,0,0,0,0,0,0,0,0,0,0,0,0,0,0,0,0,0,0,0,0
Ble: Hancock County,1989,Maine,0,ME005LE,0,0,0,0,0,0,0,0,0,0,0,0,0,0,0,0,0,0,0,0,0,0,0,0,0,0,0,0,0,0,0,0,0,0,0,0,0,0,0,0,0,0,0,0,0,0,0,0,0,0,0,0,0,0,0,0,0,0,0,0,0,0,0,0,0,0,0,0,0,0,0,0,0,0,0,0,0,0,0,0,0,0,0,0,0,0,0,0,0,0,0,0,0,0,0,0,0,0,0,0,0,0,0,0,0,0,0,0,0,0,0,0,0,0,0,0,0,0,0,0,0,0,0,0,0,0,0,0,0,0,0,0,0,0,0,0,0,0,0,0,0,0,0,0,0,0,0,0,0,0,0,0,0,0,0,0,0,0,0,0,0,0,0,0,0,0,0,0,0,0,0,0,0,0,0,0,0,0,0,0,0,0,0,0,0,0,0,0,0,0,0,0,0,0,0,0,0,0,0,0,0,0,0,0,0,0,0,0,0,0,0,0,0,0,0,0,0,0,0,0,0,0,0,0,0,0,0,0,0,0,0,0,0,0,0,0,0,0,0,0,0,0,0,14,14,0,12,2,12,0,2,0,0,0,0,0,0,0,0,0,0,0,0,0,0,0,0,0,0,0,0,0,0,0,0,0,0,0,0,0,0,0,0,0,0,0,0,0,0,0,0,0,0,0,0,0,0,0,0,0,0,0,0,0,0,0,0,0,0,0,0,0,0,0,0,0,0,0,0,0,0,0,0,0,0,0,0,0,0,0,0,0,0,0,0,0,0,0,0,0,0,0,0,0,0,0,0,0,0,0,0,0,0,0,0,0,0,0,0,0,0,0,0,0,0,0,0,0,0,0,0,0,0,0,0,0,0,0,0,0,0,0,0,0,0,0,0
