agency,ORI,year,state,population,aggravated_assault_total_adult,aggravated_assault_total_juvenile,aggravated_assault_total_arrests,aggravated_assault_total_male_adult,aggravated_assault_total_female_adult,aggravated_assault_total_male_juvenile,aggravated_assault_total_female_juvenile,aggravated_assault_total_male,aggravated_assault_total_female,aggravated_assault_adult_american_indian,aggravated_assault_adult_asian,aggravated_assault_adult_black,aggravated_assault_adult_white,aggravated_assault_juvenile_american_indian,aggravated_assault_juvenile_asian,aggravated_assault_juvenile_black,aggravated_assault_juvenile_white,aggravated_assault_total_american_indian,aggravated_assault_total_asian,aggravated_assault_total_black,aggravated_assault_total_white,aggravated_assault_adult_hispanic,aggravated_assault_adult_non_hispanic,aggravated_assault_juvenile_hispanic,aggravated_assault_juvenile_non_hispanic,aggravated_assault_total_hispanic,aggravated_assault_total_non_hispanic,all_other_offenses_excluding_traffic_total_adult,all_other_offenses_excluding_traffic_total_juvenile,all_other_offenses_excluding_traffic_total_arrests,all_other_offenses_excluding_traffic_total_male_adult,all_other_offenses_excluding_traffic_total_female_adult,all_other_offenses_excluding_traffic_total_male_juvenile,all_other_offenses_excluding_traffic_total_female_juvenile,all_other_offenses_excluding_traffic_total_male,all_other_offenses_excluding_traffic_total_female,all_other_offenses_excluding_traffic_adult_american_indian,all_other_offenses_excluding_traffic_adult_asian,all_other_offenses_excluding_traffic_adult_black,all_other_offenses_excluding_traffic_adult_white,all_other_offenses_excluding_traffic_juvenile_american_indian,all_other_offenses_excluding_traffic_juvenile_asian,all_other_offenses_excluding_traffic_juvenile_black,all_other_offenses_excluding_traffic_juvenile_white,all_other_offenses_excluding_traffic_total_american_indian,all_other_offenses_excluding_traffic_total_asian,all_other_offenses_excluding_traffic_total_black,all_other_offenses_excluding_traffic_total_white,all_other_offenses_excluding_traffic_adult_hispanic,all_other_offenses_excluding_traffic_adult_non_hispanic,all_other_offenses_excluding_traffic_juvenile_hispanic,all_other_offenses_excluding_traffic_juvenile_non_hispanic,all_other_offenses_excluding_traffic_total_hispanic,all_other_offenses_excluding_traffic_total_non_hispanic,arson_total_adult,arson_total_juvenile,arson_total_arrests,arson_total_male_adult,arson_total_female_adult,arson_total_male_juvenile,arson_total_female_juvenile,arson_total_male,arson_total_female,arson_adult_american_indian,arson_adult_asian,arson_adult_black,arson_adult_white,arson_juvenile_american_indian,arson_juvenile_asian,arson_juvenile_black,arson_juvenile_white,arson_total_american_indian,arson_total_asian,arson_total_black,arson_total_white,arson_adult_hispanic,arson_adult_non_hispanic,arson_juvenile_hispanic,arson_juvenile_non_hispanic,arson_total_hispanic,arson_total_non_hispanic,burglary_total_adult,burglary_total_juvenile,burglary_total_arrests,burglary_total_male_adult,burglary_total_female_adult,burglary_total_male_juvenile,burglary_total_female_juvenile,burglary_total_male,burglary_total_female,burglary_adult_american_indian,burglary_adult_asian,burglary_adult_black,burglary_adult_white,burglary_juvenile_american_indian,burglary_juvenile_asian,burglary_juvenile_black,burglary_juvenile_white,burglary_total_american_indian,burglary_total_asian,burglary_total_black,burglary_total_white,burglary_adult_hispanic,burglary_adult_non_hispanic,burglary_juvenile_hispanic,burglary_juvenile_non_hispanic,burglary_total_hispanic,burglary_total_non_hispanic,curfew_loitering_total_adult,curfew_loitering_total_juvenile,curfew_loitering_total_arrests,curfew_loitering_total_male_adult,curfew_loitering_total_female_adult,curfew_loitering_total_male_juvenile,curfew_loitering_total_female_juvenile,curfew_loitering_total_male,curfew_loitering_total_female,curfew_loitering_adult_american_indian,curfew_loitering_adult_asian,curfew_loitering_adult_black,curfew_loitering_adult_white,curfew_loitering_juvenile_american_indian,curfew_loitering_juvenile_asian,curfew_loitering_juvenile_black,curfew_loitering_juvenile_white,curfew_loitering_total_american_indian,curfew_loitering_total_asian,curfew_loitering_total_black,curfew_loitering_total_white,curfew_loitering_adult_hispanic,curfew_loitering_adult_non_hispanic,curfew_loitering_juvenile_hispanic,curfew_loitering_juvenile_non_hispanic,curfew_loitering_total_hispanic,curfew_loitering_total_non_hispanic,disorderly_conduct_total_adult,disorderly_conduct_total_juvenile,disorderly_conduct_total_arrests,disorderly_conduct_total_male_adult,disorderly_conduct_total_female_adult,disorderly_conduct_total_male_juvenile,disorderly_conduct_total_female_juvenile,disorderly_conduct_total_male,disorderly_conduct_total_female,disorderly_conduct_adult_american_indian,disorderly_conduct_adult_asian,disorderly_conduct_adult_black,disorderly_conduct_adult_white,disorderly_conduct_juvenile_american_indian,disorderly_conduct_juvenile_asian,disorderly_conduct_juvenile_black,disorderly_conduct_juvenile_white,disorderly_conduct_total_american_indian,disorderly_conduct_total_asian,disorderly_conduct_total_black,disorderly_conduct_total_white,disorderly_conduct_adult_hispanic,disorderly_conduct_adult_non_hispanic,disorderly_conduct_juvenile_hispanic,disorderly_conduct_juvenile_non_hispanic,disorderly_conduct_total_hispanic,disorderly_conduct_total_non_hispanic,drug_possess_drug_total_adult_american_indian,drug_possess_drug_total_adult_asian,drug_possess_drug_total_adult_black,drug_possess_drug_total_adult_white,drug_possess_drug_total_adult_hispanic,drug_possess_drug_total_adult_non_hispanic,drug_possess_drug_total_total_adult,drug_possess_drug_total_juvenile_american_indian,drug_possess_drug_total_juvenile_asian,drug_possess_drug_total_juvenile_black,drug_possess_drug_total_juvenile_white,drug_possess_drug_total_juvenile_hispanic,drug_possess_drug_total_juvenile_non_hispanic,drug_possess_drug_total_total_juvenile,drug_possess_drug_total_total_arrests,drug_possess_drug_total_total_male_adult,drug_possess_drug_total_total_female_adult,drug_possess_drug_total_total_male_juvenile,drug_possess_drug_total_total_female_juvenile,drug_possess_drug_total_total_male,drug_possess_drug_total_total_female,drug_possess_drug_total_total_american_indian,drug_possess_drug_total_total_asian,drug_possess_drug_total_total_black,drug_possess_drug_total_total_white,drug_possess_drug_total_total_hispanic,drug_possess_drug_total_total_non_hispanic,drug_possess_marijuana_total_adult,drug_possess_marijuana_total_juvenile,drug_possess_marijuana_total_arrests,drug_possess_marijuana_total_male_adult,drug_possess_marijuana_total_female_adult,drug_possess_marijuana_total_male_juvenile,drug_possess_marijuana_total_female_juvenile,drug_possess_marijuana_total_male,drug_possess_marijuana_total_female,drug_possess_marijuana_adult_american_indian,drug_possess_marijuana_adult_asian,drug_possess_marijuana_adult_black,drug_possess_marijuana_adult_white,drug_possess_marijuana_juvenile_american_indian,drug_possess_marijuana_juvenile_asian,drug_possess_marijuana_juvenile_black,drug_possess_marijuana_juvenile_white,drug_possess_marijuana_total_american_indian,drug_possess_marijuana_total_asian,drug_possess_marijuana_total_black,drug_possess_marijuana_total_white,drug_possess_marijuana_adult_hispanic,drug_possess_marijuana_adult_non_hispanic,drug_possess_marijuana_juvenile_hispanic,drug_possess_marijuana_juvenile_non_hispanic,drug_possess_marijuana_total_hispanic,drug_possess_marijuana_total_non_hispanic,drug_possess_opium_and_cocaine_and_derivatives_including_heroin_total_adult,drug_possess_opium_and_cocaine_and_derivatives_including_heroin_total_juvenile,drug_possess_opium_and_cocaine_and_derivatives_including_heroin_total_arrests,drug_possess_opium_and_cocaine_and_derivatives_including_heroin_total_male_adult,drug_possess_opium_and_cocaine_and_derivatives_including_heroin_total_female_adult,drug_possess_opium_and_cocaine_and_derivatives_including_heroin_total_male_juvenile,drug_possess_opium_and_cocaine_and_derivatives_including_heroin_total_female_juvenile,drug_possess_opium_and_cocaine_and_derivatives_including_heroin_total_male,drug_possess_opium_and_cocaine_and_derivatives_including_heroin_total_female,drug_possess_opium_and_cocaine_and_derivatives_including_heroin_adult_american_indian,drug_possess_opium_and_cocaine_and_derivatives_including_heroin_adult_asian,drug_possess_opium_and_cocaine_and_derivatives_including_heroin_adult_black,drug_possess_opium_and_cocaine_and_derivatives_including_heroin_adult_white,drug_possess_opium_and_cocaine_and_derivatives_including_heroin_juvenile_american_indian,drug_possess_opium_and_cocaine_and_derivatives_including_heroin_juvenile_asian,drug_possess_opium_and_cocaine_and_derivatives_including_heroin_juvenile_black,drug_possess_opium_and_cocaine_and_derivatives_including_heroin_juvenile_white,drug_possess_opium_and_cocaine_and_derivatives_including_heroin_total_american_indian,drug_possess_opium_and_cocaine_and_derivatives_including_heroin_total_asian,drug_possess_opium_and_cocaine_and_derivatives_including_heroin_total_black,drug_possess_opium_and_cocaine_and_derivatives_including_heroin_total_white,drug_possess_opium_and_cocaine_and_derivatives_including_heroin_adult_hispanic,drug_possess_opium_and_cocaine_and_derivatives_including_heroin_adult_non_hispanic,drug_possess_opium_and_cocaine_and_derivatives_including_heroin_juvenile_hispanic,drug_possess_opium_and_cocaine_and_derivatives_including_heroin_juvenile_non_hispanic,drug_possess_opium_and_cocaine_and_derivatives_including_heroin_total_hispanic,drug_possess_opium_and_cocaine_and_derivatives_including_heroin_total_non_hispanic,drug_possess_other_drug_total_adult,drug_possess_other_drug_total_juvenile,drug_possess_other_drug_total_arrests,drug_possess_other_drug_total_male_adult,drug_possess_other_drug_total_female_adult,drug_possess_other_drug_total_male_juvenile,drug_possess_other_drug_total_female_juvenile,drug_possess_other_drug_total_male,drug_possess_other_drug_total_female,drug_possess_other_drug_adult_american_indian,drug_possess_other_drug_adult_asian,drug_possess_other_drug_adult_black,drug_possess_other_drug_adult_white,drug_possess_other_drug_juvenile_american_indian,drug_possess_other_drug_juvenile_asian,drug_possess_other_drug_juvenile_black,drug_possess_other_drug_juvenile_white,drug_possess_other_drug_total_american_indian,drug_possess_other_drug_total_asian,drug_possess_other_drug_total_black,drug_possess_other_drug_total_white,drug_possess_other_drug_adult_hispanic,drug_possess_other_drug_adult_non_hispanic,drug_possess_other_drug_juvenile_hispanic,drug_possess_other_drug_juvenile_non_hispanic,drug_possess_other_drug_total_hispanic,drug_possess_other_drug_total_non_hispanic,drug_possess_synthetic_narcotics_total_adult,drug_possess_synthetic_narcotics_total_juvenile,drug_possess_synthetic_narcotics_total_arrests,drug_possess_synthetic_narcotics_total_male_adult,drug_possess_synthetic_narcotics_total_female_adult,drug_possess_synthetic_narcotics_total_male_juvenile,drug_possess_synthetic_narcotics_total_female_juvenile,drug_possess_synthetic_narcotics_total_male,drug_possess_synthetic_narcotics_total_female,drug_possess_synthetic_narcotics_adult_american_indian,drug_possess_synthetic_narcotics_adult_asian,drug_possess_synthetic_narcotics_adult_black,drug_possess_synthetic_narcotics_adult_white,drug_possess_synthetic_narcotics_juvenile_american_indian,drug_possess_synthetic_narcotics_juvenile_asian,drug_possess_synthetic_narcotics_juvenile_black,drug_possess_synthetic_narcotics_juvenile_white,drug_possess_synthetic_narcotics_total_american_indian,drug_possess_synthetic_narcotics_total_asian,drug_possess_synthetic_narcotics_total_black,drug_possess_synthetic_narcotics_total_white,drug_possess_synthetic_narcotics_adult_hispanic,drug_possess_synthetic_narcotics_adult_non_hispanic,drug_possess_synthetic_narcotics_juvenile_hispanic,drug_possess_synthetic_narcotics_juvenile_non_hispanic,drug_possess_synthetic_narcotics_total_hispanic,drug_possess_synthetic_narcotics_total_non_hispanic,drug_sale_drug_total_adult_american_indian,drug_sale_drug_total_adult_asian,drug_sale_drug_total_adult_black,drug_sale_drug_total_adult_white,drug_sale_drug_total_adult_hispanic,drug_sale_drug_total_adult_non_hispanic,drug_sale_drug_total_total_adult,drug_sale_drug_total_juvenile_american_indian,drug_sale_drug_total_juvenile_asian,drug_sale_drug_total_juvenile_black,drug_sale_drug_total_juvenile_white,drug_sale_drug_total_juvenile_hispanic,drug_sale_drug_total_juvenile_non_hispanic,drug_sale_drug_total_total_juvenile,drug_sale_drug_total_total_arrests,drug_sale_drug_total_total_male_adult,drug_sale_drug_total_total_female_adult,drug_sale_drug_total_total_male_juvenile,drug_sale_drug_total_total_female_juvenile,drug_sale_drug_total_total_male,drug_sale_drug_total_total_female,drug_sale_drug_total_total_american_indian,drug_sale_drug_total_total_asian,drug_sale_drug_total_total_black,drug_sale_drug_total_total_white,drug_sale_drug_total_total_hispanic,drug_sale_drug_total_total_non_hispanic,drug_sale_marijuana_total_adult,drug_sale_marijuana_total_juvenile,drug_sale_marijuana_total_arrests,drug_sale_marijuana_total_male_adult,drug_sale_marijuana_total_female_adult,drug_sale_marijuana_total_male_juvenile,drug_sale_marijuana_total_female_juvenile,drug_sale_marijuana_total_male,drug_sale_marijuana_total_female,drug_sale_marijuana_adult_american_indian,drug_sale_marijuana_adult_asian,drug_sale_marijuana_adult_black,drug_sale_marijuana_adult_white,drug_sale_marijuana_juvenile_american_indian,drug_sale_marijuana_juvenile_asian,drug_sale_marijuana_juvenile_black,drug_sale_marijuana_juvenile_white,drug_sale_marijuana_total_american_indian,drug_sale_marijuana_total_asian,drug_sale_marijuana_total_black,drug_sale_marijuana_total_white,drug_sale_marijuana_adult_hispanic,drug_sale_marijuana_adult_non_hispanic,drug_sale_marijuana_juvenile_hispanic,drug_sale_marijuana_juvenile_non_hispanic,drug_sale_marijuana_total_hispanic,drug_sale_marijuana_total_non_hispanic,drug_sale_opium_and_cocaine_and_derivatives_including_heroin_total_adult,drug_sale_opium_and_cocaine_and_derivatives_including_heroin_total_juvenile,drug_sale_opium_and_cocaine_and_derivatives_including_heroin_total_arrests,drug_sale_opium_and_cocaine_and_derivatives_including_heroin_total_male_adult,drug_sale_opium_and_cocaine_and_derivatives_including_heroin_total_female_adult,drug_sale_opium_and_cocaine_and_derivatives_including_heroin_total_male_juvenile,drug_sale_opium_and_cocaine_and_derivatives_including_heroin_total_female_juvenile,drug_sale_opium_and_cocaine_and_derivatives_including_heroin_total_male,drug_sale_opium_and_cocaine_and_derivatives_including_heroin_total_female,drug_sale_opium_and_cocaine_and_derivatives_including_heroin_adult_american_indian,drug_sale_opium_and_cocaine_and_derivatives_including_heroin_adult_asian,drug_sale_opium_and_cocaine_and_derivatives_including_heroin_adult_black,drug_sale_opium_and_cocaine_and_derivatives_including_heroin_adult_white,drug_sale_opium_and_cocaine_and_derivatives_including_heroin_juvenile_american_indian,drug_sale_opium_and_cocaine_and_derivatives_including_heroin_juvenile_asian,drug_sale_opium_and_cocaine_and_derivatives_including_heroin_juvenile_black,drug_sale_opium_and_cocaine_and_derivatives_including_heroin_juvenile_white,drug_sale_opium_and_cocaine_and_derivatives_including_heroin_total_american_indian,drug_sale_opium_and_cocaine_and_derivatives_including_heroin_total_asian,drug_sale_opium_and_cocaine_and_derivatives_including_heroin_total_black,drug_sale_opium_and_cocaine_and_derivatives_including_heroin_total_white,drug_sale_opium_and_cocaine_and_derivatives_including_heroin_adult_hispanic,drug_sale_opium_and_cocaine_and_derivatives_including_heroin_adult_non_hispanic,drug_sale_opium_and_cocaine_and_derivatives_including_heroin_juvenile_hispanic,drug_sale_opium_and_cocaine_and_derivatives_including_heroin_juvenile_non_hispanic,drug_sale_opium_and_cocaine_and_derivatives_including_heroin_total_hispanic,drug_sale_opium_and_cocaine_and_derivatives_including_heroin_total_non_hispanic,drug_sale_other_drug_total_adult,drug_sale_other_drug_total_juvenile,drug_sale_other_drug_total_arrests,drug_sale_other_drug_total_male_adult,drug_sale_other_drug_total_female_adult,drug_sale_other_drug_total_male_juvenile,drug_sale_other_drug_total_female_juvenile,drug_sale_other_drug_total_male,drug_sale_other_drug_total_female,drug_sale_other_drug_adult_american_indian,drug_sale_other_drug_adult_asian,drug_sale_other_drug_adult_black,drug_sale_other_drug_adult_white,drug_sale_other_drug_juvenile_american_indian,drug_sale_other_drug_juvenile_asian,drug_sale_other_drug_juvenile_black,drug_sale_other_drug_juvenile_white,drug_sale_other_drug_total_american_indian,drug_sale_other_drug_total_asian,drug_sale_other_drug_total_black,drug_sale_other_drug_total_white,drug_sale_other_drug_adult_hispanic,drug_sale_other_drug_adult_non_hispanic,drug_sale_other_drug_juvenile_hispanic,drug_sale_other_drug_juvenile_non_hispanic,drug_sale_other_drug_total_hispanic,drug_sale_other_drug_total_non_hispanic,drug_sale_synthetic_narcotics_total_adult,drug_sale_synthetic_narcotics_total_juvenile,drug_sale_synthetic_narcotics_total_arrests,drug_sale_synthetic_narcotics_total_male_adult,drug_sale_synthetic_narcotics_total_female_adult,drug_sale_synthetic_narcotics_total_male_juvenile,drug_sale_synthetic_narcotics_total_female_juvenile,drug_sale_synthetic_narcotics_total_male,drug_sale_synthetic_narcotics_total_female,drug_sale_synthetic_narcotics_adult_american_indian,drug_sale_synthetic_narcotics_adult_asian,drug_sale_synthetic_narcotics_adult_black,drug_sale_synthetic_narcotics_adult_white,drug_sale_synthetic_narcotics_juvenile_american_indian,drug_sale_synthetic_narcotics_juvenile_asian,drug_sale_synthetic_narcotics_juvenile_black,drug_sale_synthetic_narcotics_juvenile_white,drug_sale_synthetic_narcotics_total_american_indian,drug_sale_synthetic_narcotics_total_asian,drug_sale_synthetic_narcotics_total_black,drug_sale_synthetic_narcotics_total_white,drug_sale_synthetic_narcotics_adult_hispanic,drug_sale_synthetic_narcotics_adult_non_hispanic,drug_sale_synthetic_narcotics_juvenile_hispanic,drug_sale_synthetic_narcotics_juvenile_non_hispanic,drug_sale_synthetic_narcotics_total_hispanic,drug_sale_synthetic_narcotics_total_non_hispanic,drug_total_drug_total_adult,drug_total_drug_total_juvenile,drug_total_drug_total_arrests,drug_total_drug_total_male_adult,drug_total_drug_total_female_adult,drug_total_drug_total_male_juvenile,drug_total_drug_total_female_juvenile,drug_total_drug_total_male,drug_total_drug_total_female,drug_total_drug_adult_american_indian,drug_total_drug_adult_asian,drug_total_drug_adult_black,drug_total_drug_adult_white,drug_total_drug_juvenile_american_indian,drug_total_drug_juvenile_asian,drug_total_drug_juvenile_black,drug_total_drug_juvenile_white,drug_total_drug_total_american_indian,drug_total_drug_total_asian,drug_total_drug_total_black,drug_total_drug_total_white,drug_total_drug_adult_hispanic,drug_total_drug_adult_non_hispanic,drug_total_drug_juvenile_hispanic,drug_total_drug_juvenile_non_hispanic,drug_total_drug_total_hispanic,drug_total_drug_total_non_hispanic,drunkenness_total_adult,drunkenness_total_juvenile,drunkenness_total_arrests,drunkenness_total_male_adult,drunkenness_total_female_adult,drunkenness_total_male_juvenile,drunkenness_total_female_juvenile,drunkenness_total_male,drunkenness_total_female,drunkenness_adult_american_indian,drunkenness_adult_asian,drunkenness_adult_black,drunkenness_adult_white,drunkenness_juvenile_american_indian,drunkenness_juvenile_asian,drunkenness_juvenile_black,drunkenness_juvenile_white,drunkenness_total_american_indian,drunkenness_total_asian,drunkenness_total_black,drunkenness_total_white,drunkenness_adult_hispanic,drunkenness_adult_non_hispanic,drunkenness_juvenile_hispanic,drunkenness_juvenile_non_hispanic,drunkenness_total_hispanic,drunkenness_total_non_hispanic,dui_total_adult,dui_total_juvenile,dui_total_arrests,dui_total_male_adult,dui_total_female_adult,dui_total_male_juvenile,dui_total_female_juvenile,dui_total_male,dui_total_female,dui_adult_american_indian,dui_adult_asian,dui_adult_black,dui_adult_white,dui_juvenile_american_indian,dui_juvenile_asian,dui_juvenile_black,dui_juvenile_white,dui_total_american_indian,dui_total_asian,dui_total_black,dui_total_white,dui_adult_hispanic,dui_adult_non_hispanic,dui_juvenile_hispanic,dui_juvenile_non_hispanic,dui_total_hispanic,dui_total_non_hispanic,embezzlement_total_adult,embezzlement_total_juvenile,embezzlement_total_arrests,embezzlement_total_male_adult,embezzlement_total_female_adult,embezzlement_total_male_juvenile,embezzlement_total_female_juvenile,embezzlement_total_male,embezzlement_total_female,embezzlement_adult_american_indian,embezzlement_adult_asian,embezzlement_adult_black,embezzlement_adult_white,embezzlement_juvenile_american_indian,embezzlement_juvenile_asian,embezzlement_juvenile_black,embezzlement_juvenile_white,embezzlement_total_american_indian,embezzlement_total_asian,embezzlement_total_black,embezzlement_total_white,embezzlement_adult_hispanic,embezzlement_adult_non_hispanic,embezzlement_juvenile_hispanic,embezzlement_juvenile_non_hispanic,embezzlement_total_hispanic,embezzlement_total_non_hispanic,family_offenses_total_adult,family_offenses_total_juvenile,family_offenses_total_arrests,family_offenses_total_male_adult,family_offenses_total_female_adult,family_offenses_total_male_juvenile,family_offenses_total_female_juvenile,family_offenses_total_male,family_offenses_total_female,family_offenses_adult_american_indian,family_offenses_adult_asian,family_offenses_adult_black,family_offenses_adult_white,family_offenses_juvenile_american_indian,family_offenses_juvenile_asian,family_offenses_juvenile_black,family_offenses_juvenile_white,family_offenses_total_american_indian,family_offenses_total_asian,family_offenses_total_black,family_offenses_total_white,family_offenses_adult_hispanic,family_offenses_adult_non_hispanic,family_offenses_juvenile_hispanic,family_offenses_juvenile_non_hispanic,family_offenses_total_hispanic,family_offenses_total_non_hispanic,forgery_and_counterfeiting_total_adult,forgery_and_counterfeiting_total_juvenile,forgery_and_counterfeiting_total_arrests,forgery_and_counterfeiting_total_male_adult,forgery_and_counterfeiting_total_female_adult,forgery_and_counterfeiting_total_male_juvenile,forgery_and_counterfeiting_total_female_juvenile,forgery_and_counterfeiting_total_male,forgery_and_counterfeiting_total_female,forgery_and_counterfeiting_adult_american_indian,forgery_and_counterfeiting_adult_asian,forgery_and_counterfeiting_adult_black,forgery_and_counterfeiting_adult_white,forgery_and_counterfeiting_juvenile_american_indian,forgery_and_counterfeiting_juvenile_asian,forgery_and_counterfeiting_juvenile_black,forgery_and_counterfeiting_juvenile_white,forgery_and_counterfeiting_total_american_indian,forgery_and_counterfeiting_total_asian,forgery_and_counterfeiting_total_black,forgery_and_counterfeiting_total_white,forgery_and_counterfeiting_adult_hispanic,forgery_and_counterfeiting_adult_non_hispanic,forgery_and_counterfeiting_juvenile_hispanic,forgery_and_counterfeiting_juvenile_non_hispanic,forgery_and_counterfeiting_total_hispanic,forgery_and_counterfeiting_total_non_hispanic,fraud_total_adult,fraud_total_juvenile,fraud_total_arrests,fraud_total_male_adult,fraud_total_female_adult,fraud_total_male_juvenile,fraud_total_female_juvenile,fraud_total_male,fraud_total_female,fraud_adult_american_indian,fraud_adult_asian,fraud_adult_black,fraud_adult_white,fraud_juvenile_american_indian,fraud_juvenile_asian,fraud_juvenile_black,fraud_juvenile_white,fraud_total_american_indian,fraud_total_asian,fraud_total_black,fraud_total_white,fraud_adult_hispanic,fraud_adult_non_hispanic,fraud_juvenile_hispanic,fraud_juvenile_non_hispanic,fraud_total_hispanic,fraud_total_non_hispanic,gambling_bookmaking_horse_and_sport_book_total_adult,gambling_bookmaking_horse_and_sport_book_total_juvenile,gambling_bookmaking_horse_and_sport_book_total_arrests,gambling_bookmaking_horse_and_sport_book_total_male_adult,gambling_bookmaking_horse_and_sport_book_total_female_adult,gambling_bookmaking_horse_and_sport_book_total_male_juvenile,gambling_bookmaking_horse_and_sport_book_total_female_juvenile,gambling_bookmaking_horse_and_sport_book_total_male,gambling_bookmaking_horse_and_sport_book_total_female,gambling_bookmaking_horse_and_sport_book_adult_american_indian,gambling_bookmaking_horse_and_sport_book_adult_asian,gambling_bookmaking_horse_and_sport_book_adult_black,gambling_bookmaking_horse_and_sport_book_adult_white,gambling_bookmaking_horse_and_sport_book_juvenile_american_indian,gambling_bookmaking_horse_and_sport_book_juvenile_asian,gambling_bookmaking_horse_and_sport_book_juvenile_black,gambling_bookmaking_horse_and_sport_book_juvenile_white,gambling_bookmaking_horse_and_sport_book_total_american_indian,gambling_bookmaking_horse_and_sport_book_total_asian,gambling_bookmaking_horse_and_sport_book_total_black,gambling_bookmaking_horse_and_sport_book_total_white,gambling_bookmaking_horse_and_sport_book_adult_hispanic,gambling_bookmaking_horse_and_sport_book_adult_non_hispanic,gambling_bookmaking_horse_and_sport_book_juvenile_hispanic,gambling_bookmaking_horse_and_sport_book_juvenile_non_hispanic,gambling_bookmaking_horse_and_sport_book_total_hispanic,gambling_bookmaking_horse_and_sport_book_total_non_hispanic,gambling_number_and_lottery_total_adult,gambling_number_and_lottery_total_juvenile,gambling_number_and_lottery_total_arrests,gambling_number_and_lottery_total_male_adult,gambling_number_and_lottery_total_female_adult,gambling_number_and_lottery_total_male_juvenile,gambling_number_and_lottery_total_female_juvenile,gambling_number_and_lottery_total_male,gambling_number_and_lottery_total_female,gambling_number_and_lottery_adult_american_indian,gambling_number_and_lottery_adult_asian,gambling_number_and_lottery_adult_black,gambling_number_and_lottery_adult_white,gambling_number_and_lottery_juvenile_american_indian,gambling_number_and_lottery_juvenile_asian,gambling_number_and_lottery_juvenile_black,gambling_number_and_lottery_juvenile_white,gambling_number_and_lottery_total_american_indian,gambling_number_and_lottery_total_asian,gambling_number_and_lottery_total_black,gambling_number_and_lottery_total_white,gambling_number_and_lottery_adult_hispanic,gambling_number_and_lottery_adult_non_hispanic,gambling_number_and_lottery_juvenile_hispanic,gambling_number_and_lottery_juvenile_non_hispanic,gambling_number_and_lottery_total_hispanic,gambling_number_and_lottery_total_non_hispanic,gambling_other_total_adult,gambling_other_total_juvenile,gambling_other_total_arrests,gambling_other_total_male_adult,gambling_other_total_female_adult,gambling_other_total_male_juvenile,gambling_other_total_female_juvenile,gambling_other_total_male,gambling_other_total_female,gambling_other_adult_american_indian,gambling_other_adult_asian,gambling_other_adult_black,gambling_other_adult_white,gambling_other_juvenile_american_indian,gambling_other_juvenile_asian,gambling_other_juvenile_black,gambling_other_juvenile_white,gambling_other_total_american_indian,gambling_other_total_asian,gambling_other_total_black,gambling_other_total_white,gambling_other_adult_hispanic,gambling_other_adult_non_hispanic,gambling_other_juvenile_hispanic,gambling_other_juvenile_non_hispanic,gambling_other_total_hispanic,gambling_other_total_non_hispanic,gambling_total_adult_american_indian,gambling_total_adult_asian,gambling_total_adult_black,gambling_total_adult_white,gambling_total_adult_hispanic,gambling_total_adult_non_hispanic,gambling_total_total_adult,gambling_total_juvenile_american_indian,gambling_total_juvenile_asian,gambling_total_juvenile_black,gambling_total_juvenile_white,gambling_total_juvenile_hispanic,gambling_total_juvenile_non_hispanic,gambling_total_total_juvenile,gambling_total_total_arrests,gambling_total_total_male_adult,gambling_total_total_female_adult,gambling_total_total_male_juvenile,gambling_total_total_female_juvenile,gambling_total_total_male,gambling_total_total_female,gambling_total_total_american_indian,gambling_total_total_asian,gambling_total_total_black,gambling_total_total_white,gambling_total_total_hispanic,gambling_total_total_non_hispanic,human_trafficking_commercial_sex_acts_total_adult,human_trafficking_commercial_sex_acts_total_juvenile,human_trafficking_commercial_sex_acts_total_arrests,human_trafficking_commercial_sex_acts_total_male_adult,human_trafficking_commercial_sex_acts_total_female_adult,human_trafficking_commercial_sex_acts_total_male_juvenile,human_trafficking_commercial_sex_acts_total_female_juvenile,human_trafficking_commercial_sex_acts_total_male,human_trafficking_commercial_sex_acts_total_female,human_trafficking_commercial_sex_acts_adult_american_indian,human_trafficking_commercial_sex_acts_adult_asian,human_trafficking_commercial_sex_acts_adult_black,human_trafficking_commercial_sex_acts_adult_white,human_trafficking_commercial_sex_acts_juvenile_american_indian,human_trafficking_commercial_sex_acts_juvenile_asian,human_trafficking_commercial_sex_acts_juvenile_black,human_trafficking_commercial_sex_acts_juvenile_white,human_trafficking_commercial_sex_acts_total_american_indian,human_trafficking_commercial_sex_acts_total_asian,human_trafficking_commercial_sex_acts_total_black,human_trafficking_commercial_sex_acts_total_white,human_trafficking_commercial_sex_acts_adult_hispanic,human_trafficking_commercial_sex_acts_adult_non_hispanic,human_trafficking_commercial_sex_acts_juvenile_hispanic,human_trafficking_commercial_sex_acts_juvenile_non_hispanic,human_trafficking_commercial_sex_acts_total_hispanic,human_trafficking_commercial_sex_acts_total_non_hispanic,human_trafficking_involuntary_servitude_total_adult,human_trafficking_involuntary_servitude_total_juvenile,human_trafficking_involuntary_servitude_total_arrests,human_trafficking_involuntary_servitude_total_male_adult,human_trafficking_involuntary_servitude_total_female_adult,human_trafficking_involuntary_servitude_total_male_juvenile,human_trafficking_involuntary_servitude_total_female_juvenile,human_trafficking_involuntary_servitude_total_male,human_trafficking_involuntary_servitude_total_female,human_trafficking_involuntary_servitude_adult_american_indian,human_trafficking_involuntary_servitude_adult_asian,human_trafficking_involuntary_servitude_adult_black,human_trafficking_involuntary_servitude_adult_white,human_trafficking_involuntary_servitude_juvenile_american_indian,human_trafficking_involuntary_servitude_juvenile_asian,human_trafficking_involuntary_servitude_juvenile_black,human_trafficking_involuntary_servitude_juvenile_white,human_trafficking_involuntary_servitude_total_american_indian,human_trafficking_involuntary_servitude_total_asian,human_trafficking_involuntary_servitude_total_black,human_trafficking_involuntary_servitude_total_white,human_trafficking_involuntary_servitude_adult_hispanic,human_trafficking_involuntary_servitude_adult_non_hispanic,human_trafficking_involuntary_servitude_juvenile_hispanic,human_trafficking_involuntary_servitude_juvenile_non_hispanic,human_trafficking_involuntary_servitude_total_hispanic,human_trafficking_involuntary_servitude_total_non_hispanic,liquor_laws_total_adult,liquor_laws_total_juvenile,liquor_laws_total_arrests,liquor_laws_total_male_adult,liquor_laws_total_female_adult,liquor_laws_total_male_juvenile,liquor_laws_total_female_juvenile,liquor_laws_total_male,liquor_laws_total_female,liquor_laws_adult_american_indian,liquor_laws_adult_asian,liquor_laws_adult_black,liquor_laws_adult_white,liquor_laws_juvenile_american_indian,liquor_laws_juvenile_asian,liquor_laws_juvenile_black,liquor_laws_juvenile_white,liquor_laws_total_american_indian,liquor_laws_total_asian,liquor_laws_total_black,liquor_laws_total_white,liquor_laws_adult_hispanic,liquor_laws_adult_non_hispanic,liquor_laws_juvenile_hispanic,liquor_laws_juvenile_non_hispanic,liquor_laws_total_hispanic,liquor_laws_total_non_hispanic,motor_vehicle_theft_total_adult,motor_vehicle_theft_total_juvenile,motor_vehicle_theft_total_arrests,motor_vehicle_theft_total_male_adult,motor_vehicle_theft_total_female_adult,motor_vehicle_theft_total_male_juvenile,motor_vehicle_theft_total_female_juvenile,motor_vehicle_theft_total_male,motor_vehicle_theft_total_female,motor_vehicle_theft_adult_american_indian,motor_vehicle_theft_adult_asian,motor_vehicle_theft_adult_black,motor_vehicle_theft_adult_white,motor_vehicle_theft_juvenile_american_indian,motor_vehicle_theft_juvenile_asian,motor_vehicle_theft_juvenile_black,motor_vehicle_theft_juvenile_white,motor_vehicle_theft_total_american_indian,motor_vehicle_theft_total_asian,motor_vehicle_theft_total_black,motor_vehicle_theft_total_white,motor_vehicle_theft_adult_hispanic,motor_vehicle_theft_adult_non_hispanic,motor_vehicle_theft_juvenile_hispanic,motor_vehicle_theft_juvenile_non_hispanic,motor_vehicle_theft_total_hispanic,motor_vehicle_theft_total_non_hispanic,murder_and_nonnegligent_manslaughter_total_adult,murder_and_nonnegligent_manslaughter_total_juvenile,murder_and_nonnegligent_manslaughter_total_arrests,murder_and_nonnegligent_manslaughter_total_male_adult,murder_and_nonnegligent_manslaughter_total_female_adult,murder_and_nonnegligent_manslaughter_total_male_juvenile,murder_and_nonnegligent_manslaughter_total_female_juvenile,murder_and_nonnegligent_manslaughter_total_male,murder_and_nonnegligent_manslaughter_total_female,murder_and_nonnegligent_manslaughter_adult_american_indian,murder_and_nonnegligent_manslaughter_adult_asian,murder_and_nonnegligent_manslaughter_adult_black,murder_and_nonnegligent_manslaughter_adult_white,murder_and_nonnegligent_manslaughter_juvenile_american_indian,murder_and_nonnegligent_manslaughter_juvenile_asian,murder_and_nonnegligent_manslaughter_juvenile_black,murder_and_nonnegligent_manslaughter_juvenile_white,murder_and_nonnegligent_manslaughter_total_american_indian,murder_and_nonnegligent_manslaughter_total_asian,murder_and_nonnegligent_manslaughter_total_black,murder_and_nonnegligent_manslaughter_total_white,murder_and_nonnegligent_manslaughter_adult_hispanic,murder_and_nonnegligent_manslaughter_adult_non_hispanic,murder_and_nonnegligent_manslaughter_juvenile_hispanic,murder_and_nonnegligent_manslaughter_juvenile_non_hispanic,murder_and_nonnegligent_manslaughter_total_hispanic,murder_and_nonnegligent_manslaughter_total_non_hispanic,negligent_manslaughter_total_adult,negligent_manslaughter_total_juvenile,negligent_manslaughter_total_arrests,negligent_manslaughter_total_male_adult,negligent_manslaughter_total_female_adult,negligent_manslaughter_total_male_juvenile,negligent_manslaughter_total_female_juvenile,negligent_manslaughter_total_male,negligent_manslaughter_total_female,negligent_manslaughter_adult_american_indian,negligent_manslaughter_adult_asian,negligent_manslaughter_adult_black,negligent_manslaughter_adult_white,negligent_manslaughter_juvenile_american_indian,negligent_manslaughter_juvenile_asian,negligent_manslaughter_juvenile_black,negligent_manslaughter_juvenile_white,negligent_manslaughter_total_american_indian,negligent_manslaughter_total_asian,negligent_manslaughter_total_black,negligent_manslaughter_total_white,negligent_manslaughter_adult_hispanic,negligent_manslaughter_adult_non_hispanic,negligent_manslaughter_juvenile_hispanic,negligent_manslaughter_juvenile_non_hispanic,negligent_manslaughter_total_hispanic,negligent_manslaughter_total_non_hispanic,other_assault_total_adult,other_assault_total_juvenile,other_assault_total_arrests,other_assault_total_male_adult,other_assault_total_female_adult,other_assault_total_male_juvenile,other_assault_total_female_juvenile,other_assault_total_male,other_assault_total_female,other_assault_adult_american_indian,other_assault_adult_asian,other_assault_adult_black,other_assault_adult_white,other_assault_juvenile_american_indian,other_assault_juvenile_asian,other_assault_juvenile_black,other_assault_juvenile_white,other_assault_total_american_indian,other_assault_total_asian,other_assault_total_black,other_assault_total_white,other_assault_adult_hispanic,other_assault_adult_non_hispanic,other_assault_juvenile_hispanic,other_assault_juvenile_non_hispanic,other_assault_total_hispanic,other_assault_total_non_hispanic,other_sex_offenses_total_adult,other_sex_offenses_total_juvenile,other_sex_offenses_total_arrests,other_sex_offenses_total_male_adult,other_sex_offenses_total_female_adult,other_sex_offenses_total_male_juvenile,other_sex_offenses_total_female_juvenile,other_sex_offenses_total_male,other_sex_offenses_total_female,other_sex_offenses_adult_american_indian,other_sex_offenses_adult_asian,other_sex_offenses_adult_black,other_sex_offenses_adult_white,other_sex_offenses_juvenile_american_indian,other_sex_offenses_juvenile_asian,other_sex_offenses_juvenile_black,other_sex_offenses_juvenile_white,other_sex_offenses_total_american_indian,other_sex_offenses_total_asian,other_sex_offenses_total_black,other_sex_offenses_total_white,other_sex_offenses_adult_hispanic,other_sex_offenses_adult_non_hispanic,other_sex_offenses_juvenile_hispanic,other_sex_offenses_juvenile_non_hispanic,other_sex_offenses_total_hispanic,other_sex_offenses_total_non_hispanic,prostitution_and_commercialized_vice_total_adult,prostitution_and_commercialized_vice_assisting_or_promoting_prostitution_total_adult,prostitution_and_commercialized_vice_prostitution_total_adult,prostitution_and_commercialized_vice_purchasing_prostitution_total_adult,prostitution_and_commercialized_vice_total_juvenile,prostitution_and_commercialized_vice_assisting_or_promoting_prostitution_total_juvenile,prostitution_and_commercialized_vice_prostitution_total_juvenile,prostitution_and_commercialized_vice_purchasing_prostitution_total_juvenile,prostitution_and_commercialized_vice_total_arrests,prostitution_and_commercialized_vice_assisting_or_promoting_prostitution_total_arrests,prostitution_and_commercialized_vice_prostitution_total_arrests,prostitution_and_commercialized_vice_purchasing_prostitution_total_arrests,prostitution_and_commercialized_vice_total_male_adult,prostitution_and_commercialized_vice_total_female_adult,prostitution_and_commercialized_vice_assisting_or_promoting_prostitution_total_male_adult,prostitution_and_commercialized_vice_assisting_or_promoting_prostitution_total_female_adult,prostitution_and_commercialized_vice_prostitution_total_male_adult,prostitution_and_commercialized_vice_prostitution_total_female_adult,prostitution_and_commercialized_vice_purchasing_prostitution_total_male_adult,prostitution_and_commercialized_vice_purchasing_prostitution_total_female_adult,prostitution_and_commercialized_vice_total_male_juvenile,prostitution_and_commercialized_vice_total_female_juvenile,prostitution_and_commercialized_vice_total_male,prostitution_and_commercialized_vice_total_female,prostitution_and_commercialized_vice_assisting_or_promoting_prostitution_total_male_juvenile,prostitution_and_commercialized_vice_assisting_or_promoting_prostitution_total_female_juvenile,prostitution_and_commercialized_vice_assisting_or_promoting_prostitution_total_male,prostitution_and_commercialized_vice_assisting_or_promoting_prostitution_total_female,prostitution_and_commercialized_vice_prostitution_total_male_juvenile,prostitution_and_commercialized_vice_prostitution_total_female_juvenile,prostitution_and_commercialized_vice_prostitution_total_male,prostitution_and_commercialized_vice_prostitution_total_female,prostitution_and_commercialized_vice_purchasing_prostitution_total_male_juvenile,prostitution_and_commercialized_vice_purchasing_prostitution_total_female_juvenile,prostitution_and_commercialized_vice_purchasing_prostitution_total_male,prostitution_and_commercialized_vice_purchasing_prostitution_total_female,prostitution_and_commercialized_vice_adult_american_indian,prostitution_and_commercialized_vice_adult_asian,prostitution_and_commercialized_vice_adult_black,prostitution_and_commercialized_vice_adult_white,prostitution_and_commercialized_vice_assisting_or_promoting_prostitution_adult_american_indian,prostitution_and_commercialized_vice_assisting_or_promoting_prostitution_adult_asian,prostitution_and_commercialized_vice_assisting_or_promoting_prostitution_adult_black,prostitution_and_commercialized_vice_assisting_or_promoting_prostitution_adult_white,prostitution_and_commercialized_vice_prostitution_adult_american_indian,prostitution_and_commercialized_vice_prostitution_adult_asian,prostitution_and_commercialized_vice_prostitution_adult_black,prostitution_and_commercialized_vice_prostitution_adult_white,prostitution_and_commercialized_vice_purchasing_prostitution_adult_american_indian,prostitution_and_commercialized_vice_purchasing_prostitution_adult_asian,prostitution_and_commercialized_vice_purchasing_prostitution_adult_black,prostitution_and_commercialized_vice_purchasing_prostitution_adult_white,prostitution_and_commercialized_vice_juvenile_american_indian,prostitution_and_commercialized_vice_juvenile_asian,prostitution_and_commercialized_vice_juvenile_black,prostitution_and_commercialized_vice_juvenile_white,prostitution_and_commercialized_vice_assisting_or_promoting_prostitution_juvenile_american_indian,prostitution_and_commercialized_vice_assisting_or_promoting_prostitution_juvenile_asian,prostitution_and_commercialized_vice_assisting_or_promoting_prostitution_juvenile_black,prostitution_and_commercialized_vice_assisting_or_promoting_prostitution_juvenile_white,prostitution_and_commercialized_vice_prostitution_juvenile_american_indian,prostitution_and_commercialized_vice_prostitution_juvenile_asian,prostitution_and_commercialized_vice_prostitution_juvenile_black,prostitution_and_commercialized_vice_prostitution_juvenile_white,prostitution_and_commercialized_vice_purchasing_prostitution_juvenile_american_indian,prostitution_and_commercialized_vice_purchasing_prostitution_juvenile_asian,prostitution_and_commercialized_vice_purchasing_prostitution_juvenile_black,prostitution_and_commercialized_vice_purchasing_prostitution_juvenile_white,prostitution_and_commercialized_vice_total_american_indian,prostitution_and_commercialized_vice_total_asian,prostitution_and_commercialized_vice_total_black,prostitution_and_commercialized_vice_total_white,prostitution_and_commercialized_vice_assisting_or_promoting_prostitution_total_american_indian,prostitution_and_commercialized_vice_assisting_or_promoting_prostitution_total_asian,prostitution_and_commercialized_vice_assisting_or_promoting_prostitution_total_black,prostitution_and_commercialized_vice_assisting_or_promoting_prostitution_total_white,prostitution_and_commercialized_vice_prostitution_total_american_indian,prostitution_and_commercialized_vice_prostitution_total_asian,prostitution_and_commercialized_vice_prostitution_total_black,prostitution_and_commercialized_vice_prostitution_total_white,prostitution_and_commercialized_vice_purchasing_prostitution_total_american_indian,prostitution_and_commercialized_vice_purchasing_prostitution_total_asian,prostitution_and_commercialized_vice_purchasing_prostitution_total_black,prostitution_and_commercialized_vice_purchasing_prostitution_total_white,prostitution_and_commercialized_vice_adult_hispanic,prostitution_and_commercialized_vice_assisting_or_promoting_prostitution_adult_hispanic,prostitution_and_commercialized_vice_prostitution_adult_hispanic,prostitution_and_commercialized_vice_purchasing_prostitution_adult_hispanic,prostitution_and_commercialized_vice_adult_non_hispanic,prostitution_and_commercialized_vice_assisting_or_promoting_prostitution_adult_non_hispanic,prostitution_and_commercialized_vice_prostitution_adult_non_hispanic,prostitution_and_commercialized_vice_purchasing_prostitution_adult_non_hispanic,prostitution_and_commercialized_vice_juvenile_hispanic,prostitution_and_commercialized_vice_assisting_or_promoting_prostitution_juvenile_hispanic,prostitution_and_commercialized_vice_prostitution_juvenile_hispanic,prostitution_and_commercialized_vice_purchasing_prostitution_juvenile_hispanic,prostitution_and_commercialized_vice_juvenile_non_hispanic,prostitution_and_commercialized_vice_assisting_or_promoting_prostitution_juvenile_non_hispanic,prostitution_and_commercialized_vice_prostitution_juvenile_non_hispanic,prostitution_and_commercialized_vice_purchasing_prostitution_juvenile_non_hispanic,prostitution_and_commercialized_vice_total_hispanic,prostitution_and_commercialized_vice_total_non_hispanic,prostitution_and_commercialized_vice_assisting_or_promoting_prostitution_total_hispanic,prostitution_and_commercialized_vice_assisting_or_promoting_prostitution_total_non_hispanic,prostitution_and_commercialized_vice_prostitution_total_hispanic,prostitution_and_commercialized_vice_prostitution_total_non_hispanic,prostitution_and_commercialized_vice_purchasing_prostitution_total_hispanic,prostitution_and_commercialized_vice_purchasing_prostitution_total_non_hispanic,rape_total_adult,rape_total_juvenile,rape_total_arrests,rape_total_male_adult,rape_total_female_adult,rape_total_male_juvenile,rape_total_female_juvenile,rape_total_male,rape_total_female,rape_adult_american_indian,rape_adult_asian,rape_adult_black,rape_adult_white,rape_juvenile_american_indian,rape_juvenile_asian,rape_juvenile_black,rape_juvenile_white,rape_total_american_indian,rape_total_asian,rape_total_black,rape_total_white,rape_adult_hispanic,rape_adult_non_hispanic,rape_juvenile_hispanic,rape_juvenile_non_hispanic,rape_total_hispanic,rape_total_non_hispanic,robbery_total_adult,robbery_total_juvenile,robbery_total_arrests,robbery_total_male_adult,robbery_total_female_adult,robbery_total_male_juvenile,robbery_total_female_juvenile,robbery_total_male,robbery_total_female,robbery_adult_american_indian,robbery_adult_asian,robbery_adult_black,robbery_adult_white,robbery_juvenile_american_indian,robbery_juvenile_asian,robbery_juvenile_black,robbery_juvenile_white,robbery_total_american_indian,robbery_total_asian,robbery_total_black,robbery_total_white,robbery_adult_hispanic,robbery_adult_non_hispanic,robbery_juvenile_hispanic,robbery_juvenile_non_hispanic,robbery_total_hispanic,robbery_total_non_hispanic,runaways_total_adult,runaways_total_juvenile,runaways_total_arrests,runaways_total_male_adult,runaways_total_female_adult,runaways_total_male_juvenile,runaways_total_female_juvenile,runaways_total_male,runaways_total_female,runaways_adult_american_indian,runaways_adult_asian,runaways_adult_black,runaways_adult_white,runaways_juvenile_american_indian,runaways_juvenile_asian,runaways_juvenile_black,runaways_juvenile_white,runaways_total_american_indian,runaways_total_asian,runaways_total_black,runaways_total_white,runaways_adult_hispanic,runaways_adult_non_hispanic,runaways_juvenile_hispanic,runaways_juvenile_non_hispanic,runaways_total_hispanic,runaways_total_non_hispanic,stolen_property_buying_receiving_possessing_total_adult,stolen_property_buying_receiving_possessing_total_juvenile,stolen_property_buying_receiving_possessing_total_arrests,stolen_property_buying_receiving_possessing_total_male_adult,stolen_property_buying_receiving_possessing_total_female_adult,stolen_property_buying_receiving_possessing_total_male_juvenile,stolen_property_buying_receiving_possessing_total_female_juvenile,stolen_property_buying_receiving_possessing_total_male,stolen_property_buying_receiving_possessing_total_female,stolen_property_buying_receiving_possessing_adult_american_indian,stolen_property_buying_receiving_possessing_adult_asian,stolen_property_buying_receiving_possessing_adult_black,stolen_property_buying_receiving_possessing_adult_white,stolen_property_buying_receiving_possessing_juvenile_american_indian,stolen_property_buying_receiving_possessing_juvenile_asian,stolen_property_buying_receiving_possessing_juvenile_black,stolen_property_buying_receiving_possessing_juvenile_white,stolen_property_buying_receiving_possessing_total_american_indian,stolen_property_buying_receiving_possessing_total_asian,stolen_property_buying_receiving_possessing_total_black,stolen_property_buying_receiving_possessing_total_white,stolen_property_buying_receiving_possessing_adult_hispanic,stolen_property_buying_receiving_possessing_adult_non_hispanic,stolen_property_buying_receiving_possessing_juvenile_hispanic,stolen_property_buying_receiving_possessing_juvenile_non_hispanic,stolen_property_buying_receiving_possessing_total_hispanic,stolen_property_buying_receiving_possessing_total_non_hispanic,suspicion_total_adult,suspicion_total_juvenile,suspicion_total_arrests,suspicion_total_male_adult,suspicion_total_female_adult,suspicion_total_male_juvenile,suspicion_total_female_juvenile,suspicion_total_male,suspicion_total_female,suspicion_adult_american_indian,suspicion_adult_asian,suspicion_adult_black,suspicion_adult_white,suspicion_juvenile_american_indian,suspicion_juvenile_asian,suspicion_juvenile_black,suspicion_juvenile_white,suspicion_total_american_indian,suspicion_total_asian,suspicion_total_black,suspicion_total_white,suspicion_adult_hispanic,suspicion_adult_non_hispanic,suspicion_juvenile_hispanic,suspicion_juvenile_non_hispanic,suspicion_total_hispanic,suspicion_total_non_hispanic,theft_total_adult,theft_total_juvenile,theft_total_arrests,theft_total_male_adult,theft_total_female_adult,theft_total_male_juvenile,theft_total_female_juvenile,theft_total_male,theft_total_female,theft_adult_american_indian,theft_adult_asian,theft_adult_black,theft_adult_white,theft_juvenile_american_indian,theft_juvenile_asian,theft_juvenile_black,theft_juvenile_white,theft_total_american_indian,theft_total_asian,theft_total_black,theft_total_white,theft_adult_hispanic,theft_adult_non_hispanic,theft_juvenile_hispanic,theft_juvenile_non_hispanic,theft_total_hispanic,theft_total_non_hispanic,vagrancy_total_adult,vagrancy_total_juvenile,vagrancy_total_arrests,vagrancy_total_male_adult,vagrancy_total_female_adult,vagrancy_total_male_juvenile,vagrancy_total_female_juvenile,vagrancy_total_male,vagrancy_total_female,vagrancy_adult_american_indian,vagrancy_adult_asian,vagrancy_adult_black,vagrancy_adult_white,vagrancy_juvenile_american_indian,vagrancy_juvenile_asian,vagrancy_juvenile_black,vagrancy_juvenile_white,vagrancy_total_american_indian,vagrancy_total_asian,vagrancy_total_black,vagrancy_total_white,vagrancy_adult_hispanic,vagrancy_adult_non_hispanic,vagrancy_juvenile_hispanic,vagrancy_juvenile_non_hispanic,vagrancy_total_hispanic,vagrancy_total_non_hispanic,vandalism_total_adult,vandalism_total_juvenile,vandalism_total_arrests,vandalism_total_male_adult,vandalism_total_female_adult,vandalism_total_male_juvenile,vandalism_total_female_juvenile,vandalism_total_male,vandalism_total_female,vandalism_adult_american_indian,vandalism_adult_asian,vandalism_adult_black,vandalism_adult_white,vandalism_juvenile_american_indian,vandalism_juvenile_asian,vandalism_juvenile_black,vandalism_juvenile_white,vandalism_total_american_indian,vandalism_total_asian,vandalism_total_black,vandalism_total_white,vandalism_adult_hispanic,vandalism_adult_non_hispanic,vandalism_juvenile_hispanic,vandalism_juvenile_non_hispanic,vandalism_total_hispanic,vandalism_total_non_hispanic,weapons_carrying_possessing_etc_total_adult,weapons_carrying_possessing_etc_total_juvenile,weapons_carrying_possessing_etc_total_arrests,weapons_carrying_possessing_etc_total_male_adult,weapons_carrying_possessing_etc_total_female_adult,weapons_carrying_possessing_etc_total_male_juvenile,weapons_carrying_possessing_etc_total_female_juvenile,weapons_carrying_possessing_etc_total_male,weapons_carrying_possessing_etc_total_female,weapons_carrying_possessing_etc_adult_american_indian,weapons_carrying_possessing_etc_adult_asian,weapons_carrying_possessing_etc_adult_black,weapons_carrying_possessing_etc_adult_white,weapons_carrying_possessing_etc_juvenile_american_indian,weapons_carrying_possessing_etc_juvenile_asian,weapons_carrying_possessing_etc_juvenile_black,weapons_carrying_possessing_etc_juvenile_white,weapons_carrying_possessing_etc_total_american_indian,weapons_carrying_possessing_etc_total_asian,weapons_carrying_possessing_etc_total_black,weapons_carrying_possessing_etc_total_white,weapons_carrying_possessing_etc_adult_hispanic,weapons_carrying_possessing_etc_adult_non_hispanic,weapons_carrying_possessing_etc_juvenile_hispanic,weapons_carrying_possessing_etc_juvenile_non_hispanic,weapons_carrying_possessing_etc_total_hispanic,weapons_carrying_possessing_etc_total_non_hispanic,all_arrests_total_total_adult,all_arrests_total_total_juvenile,all_arrests_total_total_arrests,all_arrests_total_total_male_adult,all_arrests_total_total_female_adult,all_arrests_total_total_male_juvenile,all_arrests_total_total_female_juvenile,all_arrests_total_total_male,all_arrests_total_total_female,all_arrests_total_adult_american_indian,all_arrests_total_adult_asian,all_arrests_total_adult_black,all_arrests_total_adult_white,all_arrests_total_juvenile_american_indian,all_arrests_total_juvenile_asian,all_arrests_total_juvenile_black,all_arrests_total_juvenile_white,all_arrests_total_total_american_indian,all_arrests_total_total_asian,all_arrests_total_total_black,all_arrests_total_total_white,all_arrests_total_adult_hispanic,all_arrests_total_adult_non_hispanic,all_arrests_total_juvenile_hispanic,all_arrests_total_juvenile_non_hispanic,all_arrests_total_total_hispanic,all_arrests_total_total_non_hispanic
Washington County Sheriff's Office,NY05700,2023,New York,45154,5,0,5,3,2,0,0,3,2,0,0,0,5,0,0,0,0,0,0,0,5,0,5,0,0,5,5,130,6,136,93,37,4,2,97,39,0,1,6,122,0,0,0,6,0,1,6,128,7,119,0,6,132,125,0,0,0,0,0,0,0,0,0,0,0,0,0,0,0,0,0,0,0,0,0,0,0,0,0,0,0,0,0,0,0,0,0,0,0,0,0,0,0,0,0,0,0,0,0,0,0,0,0,0,0,0,0,0,0,0,0,0,0,0,0,0,0,0,0,0,0,0,0,0,0,0,0,0,0,0,0,0,0,0,0,2,0,2,0,2,0,0,0,2,0,0,0,2,0,0,0,0,0,0,0,2,0,2,0,0,2,2,0,0,1,13,0,14,14,0,0,0,0,0,0,0,14,10,4,0,0,10,4,0,0,1,13,14,14,0,0,0,0,0,0,0,0,0,0,0,0,0,0,0,0,0,0,0,0,0,0,0,0,0,0,0,4,0,4,3,1,0,0,3,1,0,0,0,4,0,0,0,0,0,0,0,4,0,4,0,0,4,4,8,0,8,5,3,0,0,5,3,0,0,1,7,0,0,0,0,0,0,1,7,0,8,0,0,8,8,2,0,2,2,0,0,0,2,0,0,0,0,2,0,0,0,0,0,0,0,2,0,2,0,0,2,2,0,0,2,7,1,8,9,0,0,0,0,0,0,0,9,6,3,0,0,6,3,0,0,2,7,9,8,0,0,0,0,0,0,0,0,0,0,0,0,0,0,0,0,0,0,0,0,0,0,0,0,0,0,0,0,0,0,0,0,0,0,0,0,0,0,0,0,0,0,0,0,0,0,0,0,0,0,0,0,0,0,9,0,9,6,3,0,0,6,3,0,0,2,7,0,0,0,0,0,0,2,7,1,8,0,0,9,8,0,0,0,0,0,0,0,0,0,0,0,0,0,0,0,0,0,0,0,0,0,0,0,0,0,0,0,23,0,23,16,7,0,0,16,7,0,0,3,20,0,0,0,0,0,0,3,20,1,22,0,0,23,22,0,0,0,0,0,0,0,0,0,0,0,0,0,0,0,0,0,0,0,0,0,0,0,0,0,0,0,50,0,50,31,19,0,0,31,19,0,2,0,48,0,0,0,0,0,2,0,48,2,48,0,0,50,48,1,0,1,1,0,0,0,1,0,0,0,1,0,0,0,0,0,0,0,1,0,0,1,0,0,1,1,0,0,0,0,0,0,0,0,0,0,0,0,0,0,0,0,0,0,0,0,0,0,0,0,0,0,0,1,0,1,1,0,0,0,1,0,0,0,0,1,0,0,0,0,0,0,0,1,0,1,0,0,1,1,2,0,2,0,2,0,0,0,2,0,0,1,1,0,0,0,0,0,0,1,1,1,1,0,0,2,1,0,0,0,0,0,0,0,0,0,0,0,0,0,0,0,0,0,0,0,0,0,0,0,0,0,0,0,0,0,0,0,0,0,0,0,0,0,0,0,0,0,0,0,0,0,0,0,0,0,0,0,0,0,0,0,0,0,0,0,0,0,0,0,0,0,0,0,0,0,0,0,0,0,0,0,0,0,0,0,0,0,0,0,0,0,0,0,0,0,0,0,0,0,0,0,0,0,0,0,0,0,0,0,0,0,0,0,0,0,0,0,0,0,0,0,0,0,0,0,0,0,0,0,0,0,0,0,0,0,0,0,0,0,0,0,0,0,0,0,0,0,0,0,0,0,0,0,0,0,0,0,0,0,0,0,0,0,0,0,0,0,0,0,0,0,0,0,0,0,0,0,0,0,0,0,0,0,0,0,0,0,0,0,0,0,0,0,0,0,4,4,8,2,2,4,0,6,2,0,0,0,4,0,0,0,4,0,0,0,8,0,4,1,3,8,7,1,1,2,1,0,1,0,2,0,0,0,0,1,0,0,0,1,0,0,0,2,0,1,0,1,2,2,0,0,0,0,0,0,0,0,0,0,0,0,0,0,0,0,0,0,0,0,0,0,0,0,0,0,0,72,14,86,45,27,10,4,55,31,0,0,5,67,0,0,1,13,0,0,6,80,1,70,1,13,85,83,4,0,4,4,0,0,0,4,0,0,0,0,4,0,0,0,0,0,0,0,4,2,2,0,0,4,2,0,0,0,0,0,0,0,0,0,0,0,0,0,0,0,0,0,0,0,0,0,0,0,0,0,0,0,0,0,0,0,0,0,0,0,0,0,0,0,0,0,0,0,0,0,0,0,0,0,0,0,0,0,0,0,0,0,0,0,0,0,0,0,0,0,0,0,0,0,0,0,0,0,0,0,0,0,0,0,0,0,0,0,0,0,0,0,0,0,0,0,0,0,0,0,0,0,0,0,0,0,0,0,0,0,0,0,0,1,0,1,1,0,0,0,1,0,0,0,0,1,0,0,0,0,0,0,0,1,0,1,0,0,1,1,1,0,1,1,0,0,0,1,0,0,0,0,1,0,0,0,0,0,0,0,1,0,1,0,0,1,1,0,0,0,0,0,0,0,0,0,0,0,0,0,0,0,0,0,0,0,0,0,0,0,0,0,0,0,0,1,1,0,0,1,0,1,0,0,0,0,0,0,0,0,1,0,0,0,1,0,0,0,1,1,1,0,0,0,0,0,0,0,0,0,0,0,0,0,0,0,0,0,0,0,0,0,0,0,0,0,0,0,33,5,38,20,13,2,3,22,16,0,1,0,32,0,0,0,5,0,1,0,37,1,32,0,5,38,37,1,0,1,0,1,0,0,0,1,0,0,0,1,0,0,0,0,0,0,0,1,1,0,0,0,1,0,30,8,38,21,9,8,0,29,9,0,0,2,28,0,0,0,8,0,0,2,36,0,29,0,8,37,37,5,0,5,5,0,0,0,5,0,0,0,0,5,0,0,0,0,0,0,0,5,0,5,0,0,5,5,412,39,451,277,135,30,9,307,144,0,4,24,383,0,0,1,38,0,4,25,421,18,388,2,37,445,425
Washington County Sheriff's Office,NY05700,2022,New York,42357,10,1,11,9,1,1,0,10,1,0,0,0,10,0,0,0,1,0,0,0,11,1,9,0,1,11,10,43,6,49,34,9,5,1,39,10,0,0,0,43,0,0,0,4,0,0,0,47,0,43,0,6,49,49,0,0,0,0,0,0,0,0,0,0,0,0,0,0,0,0,0,0,0,0,0,0,0,0,0,0,0,7,0,7,6,1,0,0,6,1,0,0,0,7,0,0,0,0,0,0,0,7,0,7,0,0,7,7,0,0,0,0,0,0,0,0,0,0,0,0,0,0,0,0,0,0,0,0,0,0,0,0,0,0,0,2,0,2,1,1,0,0,1,1,0,0,0,2,0,0,0,0,0,0,0,2,0,2,0,0,2,2,0,0,0,9,0,9,9,0,0,0,0,0,0,0,9,5,4,0,0,5,4,0,0,0,9,9,9,0,0,0,0,0,0,0,0,0,0,0,0,0,0,0,0,0,0,0,0,0,0,0,0,0,0,0,0,0,0,0,0,0,0,0,0,0,0,0,0,0,0,0,0,0,0,0,0,0,0,0,0,0,0,9,0,9,5,4,0,0,5,4,0,0,0,9,0,0,0,0,0,0,0,9,0,9,0,0,9,9,0,0,0,0,0,0,0,0,0,0,0,0,0,0,0,0,0,0,0,0,0,0,0,0,0,0,0,0,0,0,0,0,0,0,0,0,0,0,0,0,0,0,0,0,0,0,0,0,0,0,0,0,0,0,0,0,0,0,0,0,0,0,0,0,0,0,0,0,0,0,0,0,0,0,0,0,0,0,0,0,0,0,0,0,0,0,0,0,0,0,0,0,0,0,0,0,0,0,0,0,0,0,0,0,0,0,0,0,0,0,0,0,0,0,0,0,0,0,0,0,0,0,0,0,0,0,0,0,0,0,0,0,0,0,0,0,0,0,0,0,0,0,0,0,0,0,0,0,0,0,0,0,0,0,0,0,0,0,0,0,0,0,9,0,9,5,4,0,0,5,4,0,0,0,9,0,0,0,0,0,0,0,9,0,9,0,0,9,9,0,0,0,0,0,0,0,0,0,0,0,0,0,0,0,0,0,0,0,0,0,0,0,0,0,0,0,29,0,29,16,13,0,0,16,13,0,0,0,28,0,0,0,0,0,0,0,28,3,26,0,0,29,26,0,0,0,0,0,0,0,0,0,0,0,0,0,0,0,0,0,0,0,0,0,0,0,0,0,0,0,0,0,0,0,0,0,0,0,0,0,0,0,0,0,0,0,0,0,0,0,0,0,0,0,0,0,0,1,0,1,1,0,0,0,1,0,0,0,0,1,0,0,0,0,0,0,0,1,0,1,0,0,1,1,4,0,4,1,3,0,0,1,3,0,0,0,4,0,0,0,0,0,0,0,4,0,4,0,0,4,4,0,0,0,0,0,0,0,0,0,0,0,0,0,0,0,0,0,0,0,0,0,0,0,0,0,0,0,0,0,0,0,0,0,0,0,0,0,0,0,0,0,0,0,0,0,0,0,0,0,0,0,0,0,0,0,0,0,0,0,0,0,0,0,0,0,0,0,0,0,0,0,0,0,0,0,0,0,0,0,0,0,0,0,0,0,0,0,0,0,0,0,0,0,0,0,0,0,0,0,0,0,0,0,0,0,0,0,0,0,0,0,0,0,0,0,0,0,0,0,0,0,0,0,0,0,0,0,0,0,0,0,0,0,0,0,0,0,0,0,0,0,0,0,0,0,0,0,0,0,0,0,0,0,0,0,0,0,0,0,0,0,0,0,0,0,0,0,0,0,0,0,0,0,0,0,0,0,0,0,0,0,0,0,0,0,0,0,0,0,1,0,1,1,0,0,0,1,0,0,0,0,1,0,0,0,0,0,0,0,1,0,1,0,0,1,1,0,0,0,0,0,0,0,0,0,0,0,0,0,0,0,0,0,0,0,0,0,0,0,0,0,0,0,0,0,0,0,0,0,0,0,0,0,0,0,0,0,0,0,0,0,0,0,0,0,0,0,0,0,0,51,5,56,40,11,4,1,44,12,0,0,1,50,0,0,0,5,0,0,1,55,1,50,0,5,56,55,2,3,5,2,0,3,0,5,0,0,0,0,2,0,0,0,3,0,0,0,5,1,1,0,3,5,4,0,0,0,0,0,0,0,0,0,0,0,0,0,0,0,0,0,0,0,0,0,0,0,0,0,0,0,0,0,0,0,0,0,0,0,0,0,0,0,0,0,0,0,0,0,0,0,0,0,0,0,0,0,0,0,0,0,0,0,0,0,0,0,0,0,0,0,0,0,0,0,0,0,0,0,0,0,0,0,0,0,0,0,0,0,0,0,0,0,0,0,0,0,0,0,0,0,0,0,0,0,0,0,0,0,0,0,0,4,2,6,3,1,2,0,5,1,0,0,0,4,0,0,0,2,0,0,0,6,0,4,0,2,6,6,0,0,0,0,0,0,0,0,0,0,0,0,0,0,0,0,0,0,0,0,0,0,0,0,0,0,0,0,0,0,0,0,0,0,0,0,0,0,0,0,0,0,0,0,0,0,0,0,0,0,0,0,0,0,2,0,2,2,0,0,0,2,0,0,0,0,2,0,0,0,0,0,0,0,2,0,2,0,0,2,2,0,0,0,0,0,0,0,0,0,0,0,0,0,0,0,0,0,0,0,0,0,0,0,0,0,0,0,34,1,35,22,12,1,0,23,12,0,0,2,32,0,0,0,1,0,0,2,33,0,34,0,1,35,35,0,0,0,0,0,0,0,0,0,0,0,0,0,0,0,0,0,0,0,0,0,0,0,0,0,0,0,22,13,35,18,4,13,0,31,4,0,0,2,20,0,0,1,12,0,0,3,32,2,20,1,12,35,32,7,0,7,7,0,0,0,7,0,0,0,0,6,0,0,0,0,0,0,0,6,0,6,0,0,6,6,246,31,277,178,68,29,2,207,70,0,0,5,239,0,0,1,28,0,0,6,267,8,237,1,30,276,267
Washington County Sheriff's Office,NY05700,2021,New York,,,,,,,,,,,,,,,,,,,,,,,,,,,,,,,,,,,,,,,,,,,,,,,,,,,,,,,,,,,,,,,,,,,,,,,,,,,,,,,,,,,,,,,,,,,,,,,,,,,,,,,,,,,,,,,,,,,,,,,,,,,,,,,,,,,,,,,,,,,,,,,,,,,,,,,,,,,,,,,,,,,,,,,,,,,,,,,,,,,,,,,,,,,,,,,,,,,,,,,,,,,,,,,,,,,,,,,,,,,,,,,,,,,,,,,,,,,,,,,,,,,,,,,,,,,,,,,,,,,,,,,,,,,,,,,,,,,,,,,,,,,,,,,,,,,,,,,,,,,,,,,,,,,,,,,,,,,,,,,,,,,,,,,,,,,,,,,,,,,,,,,,,,,,,,,,,,,,,,,,,,,,,,,,,,,,,,,,,,,,,,,,,,,,,,,,,,,,,,,,,,,,,,,,,,,,,,,,,,,,,,,,,,,,,,,,,,,,,,,,,,,,,,,,,,,,,,,,,,,,,,,,,,,,,,,,,,,,,,,,,,,,,,,,,,,,,,,,,,,,,,,,,,,,,,,,,,,,,,,,,,,,,,,,,,,,,,,,,,,,,,,,,,,,,,,,,,,,,,,,,,,,,,,,,,,,,,,,,,,,,,,,,,,,,,,,,,,,,,,,,,,,,,,,,,,,,,,,,,,,,,,,,,,,,,,,,,,,,,,,,,,,,,,,,,,,,,,,,,,,,,,,,,,,,,,,,,,,,,,,,,,,,,,,,,,,,,,,,,,,,,,,,,,,,,,,,,,,,,,,,,,,,,,,,,,,,,,,,,,,,,,,,,,,,,,,,,,,,,,,,,,,,,,,,,,,,,,,,,,,,,,,,,,,,,,,,,,,,,,,,,,,,,,,,,,,,,,,,,,,,,,,,,,,,,,,,,,,,,,,,,,,,,,,,,,,,,,,,,,,,,,,,,,,,,,,,,,,,,,,,,,,,,,,,,,,,,,,,,,,,,,,,,,,,,,,,,,,,,,,,,,,,,,,,,,,,,,,,,,,,,,,,,,,,,,,,,,,,,,,,,,,,,,,,,,,,,,,,,,,,,,,,,,,,,,,,,,,,,,,,,,,,,,,,,,,,,,,,,,,,,,,,,,,,,,,,,,,,,,,,,,,,,,,,,,,,,,,,,,,,,,,,,,,,,,,,,,,,,,,,,,,,,,,,,,,,,,,,,,,,,,,,,,,,,,,,,,,,,,,,,,,,,,,,,,,,,,,,,,,,,,,,,,,,,,,,,,,,,,,,,,,,,,,,,,,,,,,,,,,,,,,,,,,,,,,,,,,,,,,,,,,,,,,,,,,,,,,,,,,,,,,,,,,,,,,,,,,,,,,,,,,,,,,,,,,,,,,,,,,,,,,,,,,,,,,,,,,,,,,,,,,,,,,,,,,,,,,,,,,,,,,,,,,,,,,,,,,,,,,,,,,
Washington County Sheriff's Office,NY05700,2020,New York,,,,,,,,,,,,,,,,,,,,,,,,,,,,,,,,,,,,,,,,,,,,,,,,,,,,,,,,,,,,,,,,,,,,,,,,,,,,,,,,,,,,,,,,,,,,,,,,,,,,,,,,,,,,,,,,,,,,,,,,,,,,,,,,,,,,,,,,,,,,,,,,,,,,,,,,,,,,,,,,,,,,,,,,,,,,,,,,,,,,,,,,,,,,,,,,,,,,,,,,,,,,,,,,,,,,,,,,,,,,,,,,,,,,,,,,,,,,,,,,,,,,,,,,,,,,,,,,,,,,,,,,,,,,,,,,,,,,,,,,,,,,,,,,,,,,,,,,,,,,,,,,,,,,,,,,,,,,,,,,,,,,,,,,,,,,,,,,,,,,,,,,,,,,,,,,,,,,,,,,,,,,,,,,,,,,,,,,,,,,,,,,,,,,,,,,,,,,,,,,,,,,,,,,,,,,,,,,,,,,,,,,,,,,,,,,,,,,,,,,,,,,,,,,,,,,,,,,,,,,,,,,,,,,,,,,,,,,,,,,,,,,,,,,,,,,,,,,,,,,,,,,,,,,,,,,,,,,,,,,,,,,,,,,,,,,,,,,,,,,,,,,,,,,,,,,,,,,,,,,,,,,,,,,,,,,,,,,,,,,,,,,,,,,,,,,,,,,,,,,,,,,,,,,,,,,,,,,,,,,,,,,,,,,,,,,,,,,,,,,,,,,,,,,,,,,,,,,,,,,,,,,,,,,,,,,,,,,,,,,,,,,,,,,,,,,,,,,,,,,,,,,,,,,,,,,,,,,,,,,,,,,,,,,,,,,,,,,,,,,,,,,,,,,,,,,,,,,,,,,,,,,,,,,,,,,,,,,,,,,,,,,,,,,,,,,,,,,,,,,,,,,,,,,,,,,,,,,,,,,,,,,,,,,,,,,,,,,,,,,,,,,,,,,,,,,,,,,,,,,,,,,,,,,,,,,,,,,,,,,,,,,,,,,,,,,,,,,,,,,,,,,,,,,,,,,,,,,,,,,,,,,,,,,,,,,,,,,,,,,,,,,,,,,,,,,,,,,,,,,,,,,,,,,,,,,,,,,,,,,,,,,,,,,,,,,,,,,,,,,,,,,,,,,,,,,,,,,,,,,,,,,,,,,,,,,,,,,,,,,,,,,,,,,,,,,,,,,,,,,,,,,,,,,,,,,,,,,,,,,,,,,,,,,,,,,,,,,,,,,,,,,,,,,,,,,,,,,,,,,,,,,,,,,,,,,,,,,,,,,,,,,,,,,,,,,,,,,,,,,,,,,,,,,,,,,,,,,,,,,,,,,,,,,,,,,,,,,,,,,,,,,,,,,,,,,,,,,,,,,,,,,,,,,,,,,,,,,,,,,,,,,,,,,,,,,,,,,,,,,,,,,,,,,,,,,,,,,,,,,,,,,,,,,,,,,,,,,,,,,,,,,,,,,,,,,,,,,,,,,,,,,
Washington County Sheriff's Office,NY05700,2019,New York,,,,,,,,,,,,,,,,,,,,,,,,,,,,,,,,,,,,,,,,,,,,,,,,,,,,,,,,,,,,,,,,,,,,,,,,,,,,,,,,,,,,,,,,,,,,,,,,,,,,,,,,,,,,,,,,,,,,,,,,,,,,,,,,,,,,,,,,,,,,,,,,,,,,,,,,,,,,,,,,,,,,,,,,,,,,,,,,,,,,,,,,,,,,,,,,,,,,,,,,,,,,,,,,,,,,,,,,,,,,,,,,,,,,,,,,,,,,,,,,,,,,,,,,,,,,,,,,,,,,,,,,,,,,,,,,,,,,,,,,,,,,,,,,,,,,,,,,,,,,,,,,,,,,,,,,,,,,,,,,,,,,,,,,,,,,,,,,,,,,,,,,,,,,,,,,,,,,,,,,,,,,,,,,,,,,,,,,,,,,,,,,,,,,,,,,,,,,,,,,,,,,,,,,,,,,,,,,,,,,,,,,,,,,,,,,,,,,,,,,,,,,,,,,,,,,,,,,,,,,,,,,,,,,,,,,,,,,,,,,,,,,,,,,,,,,,,,,,,,,,,,,,,,,,,,,,,,,,,,,,,,,,,,,,,,,,,,,,,,,,,,,,,,,,,,,,,,,,,,,,,,,,,,,,,,,,,,,,,,,,,,,,,,,,,,,,,,,,,,,,,,,,,,,,,,,,,,,,,,,,,,,,,,,,,,,,,,,,,,,,,,,,,,,,,,,,,,,,,,,,,,,,,,,,,,,,,,,,,,,,,,,,,,,,,,,,,,,,,,,,,,,,,,,,,,,,,,,,,,,,,,,,,,,,,,,,,,,,,,,,,,,,,,,,,,,,,,,,,,,,,,,,,,,,,,,,,,,,,,,,,,,,,,,,,,,,,,,,,,,,,,,,,,,,,,,,,,,,,,,,,,,,,,,,,,,,,,,,,,,,,,,,,,,,,,,,,,,,,,,,,,,,,,,,,,,,,,,,,,,,,,,,,,,,,,,,,,,,,,,,,,,,,,,,,,,,,,,,,,,,,,,,,,,,,,,,,,,,,,,,,,,,,,,,,,,,,,,,,,,,,,,,,,,,,,,,,,,,,,,,,,,,,,,,,,,,,,,,,,,,,,,,,,,,,,,,,,,,,,,,,,,,,,,,,,,,,,,,,,,,,,,,,,,,,,,,,,,,,,,,,,,,,,,,,,,,,,,,,,,,,,,,,,,,,,,,,,,,,,,,,,,,,,,,,,,,,,,,,,,,,,,,,,,,,,,,,,,,,,,,,,,,,,,,,,,,,,,,,,,,,,,,,,,,,,,,,,,,,,,,,,,,,,,,,,,,,,,,,,,,,,,,,,,,,,,,,,,,,,,,,,,,,,,,,,,,,,,,,,,,,,,,,,,,,,,,,,,,,,,,,,,,,,,,,,,,,,,,,,,,,,,,,,,,,,,,,,,,,,,,,,,,,,,,,,,,,,,,,,,,,,,
Washington County Sheriff's Office,NY05700,2018,New York,41361,5,0,5,5,0,0,0,5,0,0,0,0,5,0,0,0,0,0,0,0,5,0,5,0,0,5,5,90,8,98,64,26,6,2,70,28,0,0,3,87,0,0,1,7,0,0,4,94,0,90,0,8,98,98,1,0,1,0,1,0,0,0,1,0,0,0,1,0,0,0,0,0,0,0,1,0,1,0,0,1,1,4,0,4,4,0,0,0,4,0,0,0,0,4,0,0,0,0,0,0,0,4,0,4,0,0,4,4,0,0,0,0,0,0,0,0,0,0,0,0,0,0,0,0,0,0,0,0,0,0,0,0,0,0,0,6,1,7,3,3,0,1,3,4,0,0,2,4,0,0,0,1,0,0,2,5,0,6,0,1,7,7,0,0,0,0,0,0,0,0,0,0,0,0,0,0,0,0,0,0,0,0,0,0,0,0,0,0,0,59,3,62,39,20,3,0,42,20,0,0,6,53,0,0,0,3,0,0,6,56,2,57,0,3,62,60,1,0,1,1,0,0,0,1,0,0,0,0,1,0,0,0,0,0,0,0,1,0,1,0,0,1,1,27,0,27,18,9,0,0,18,9,0,0,1,26,0,0,0,0,0,0,1,26,0,27,0,0,27,27,0,0,0,0,0,0,0,0,0,0,0,0,0,0,0,0,0,0,0,0,0,0,0,0,0,0,0,0,0,0,0,0,0,0,0,0,0,0,0,0,0,0,0,0,0,0,0,0,0,0,0,0,0,0,1,0,1,1,0,0,0,1,0,0,0,0,1,0,0,0,0,0,0,0,1,0,1,0,0,1,1,0,0,0,0,0,0,0,0,0,0,0,0,0,0,0,0,0,0,0,0,0,0,0,0,0,0,0,12,0,12,8,4,0,0,8,4,0,0,2,10,0,0,0,0,0,0,2,10,1,11,0,0,12,11,0,0,0,0,0,0,0,0,0,0,0,0,0,0,0,0,0,0,0,0,0,0,0,0,0,0,0,0,0,0,0,0,0,0,0,0,0,0,0,0,0,0,0,0,0,0,0,0,0,0,0,0,0,0,0,0,0,0,0,0,0,0,0,0,0,0,0,0,0,0,0,0,0,0,0,0,0,0,0,0,0,64,1,65,45,19,0,1,45,20,0,0,0,64,0,0,0,1,0,0,0,65,1,62,0,1,64,63,0,0,0,0,0,0,0,0,0,0,0,0,0,0,0,0,0,0,0,0,0,0,0,0,0,0,0,1,0,1,1,0,0,0,1,0,0,0,0,1,0,0,0,0,0,0,0,1,0,1,0,0,1,1,3,0,3,2,1,0,0,2,1,0,0,0,3,0,0,0,0,0,0,0,3,0,3,0,0,3,3,26,0,26,8,18,0,0,8,18,0,0,1,24,0,0,0,0,0,0,1,24,0,25,0,0,25,25,0,0,0,0,0,0,0,0,0,0,0,0,0,0,0,0,0,0,0,0,0,0,0,0,0,0,0,0,0,0,0,0,0,0,0,0,0,0,0,0,0,0,0,0,0,0,0,0,0,0,0,0,0,0,0,0,0,0,0,0,0,0,0,0,0,0,0,0,0,0,0,0,0,0,0,0,0,0,0,0,0,0,0,0,0,0,0,0,0,0,0,0,0,0,0,0,0,0,0,0,0,0,0,0,0,0,0,0,0,0,0,0,0,0,0,0,0,0,0,0,0,0,0,0,0,0,0,0,0,0,0,0,0,0,0,0,0,0,0,0,0,0,0,0,0,0,0,0,0,0,0,0,0,0,0,0,0,0,0,0,0,0,0,0,0,0,0,0,0,0,0,0,0,0,0,0,0,0,0,0,0,0,0,0,0,0,0,0,0,2,1,3,0,2,1,0,1,2,0,0,0,2,0,0,0,1,0,0,0,3,0,2,0,1,3,3,0,0,0,0,0,0,0,0,0,0,0,0,0,0,0,0,0,0,0,0,0,0,0,0,0,0,0,0,0,0,0,0,0,0,0,0,0,0,0,0,0,0,0,0,0,0,0,0,0,0,0,0,0,0,42,8,50,32,10,4,4,36,14,0,0,0,42,0,0,1,7,0,0,1,49,0,42,0,8,50,50,1,0,1,1,0,0,0,1,0,0,0,0,1,0,0,0,0,0,0,0,1,0,1,0,0,1,1,0,0,0,0,0,0,0,0,0,0,0,0,0,0,0,0,0,0,0,0,0,0,0,0,0,0,0,0,0,0,0,0,0,0,0,0,0,0,0,0,0,0,0,0,0,0,0,0,0,0,0,0,0,0,0,0,0,0,0,0,0,0,0,0,0,0,0,0,0,0,0,0,0,0,0,0,0,0,0,0,0,0,0,0,0,0,0,0,0,0,0,0,0,0,0,0,0,0,0,0,0,0,0,0,0,0,0,0,5,2,7,5,0,2,0,7,0,0,1,0,4,0,0,0,2,0,1,0,6,0,5,0,2,7,7,0,0,0,0,0,0,0,0,0,0,0,0,0,0,0,0,0,0,0,0,0,0,0,0,0,0,0,0,0,0,0,0,0,0,0,0,0,0,0,0,0,0,0,0,0,0,0,0,0,0,0,0,0,0,1,0,1,1,0,0,0,1,0,0,0,0,1,0,0,0,0,0,0,0,1,0,1,0,0,1,1,0,0,0,0,0,0,0,0,0,0,0,0,0,0,0,0,0,0,0,0,0,0,0,0,0,0,0,48,1,49,23,25,1,0,24,25,0,0,2,46,0,0,0,1,0,0,2,47,0,48,0,1,49,49,0,0,0,0,0,0,0,0,0,0,0,0,0,0,0,0,0,0,0,0,0,0,0,0,0,0,0,21,9,30,16,5,9,0,25,5,0,0,1,20,0,1,0,8,0,1,1,28,1,20,0,9,30,29,2,0,2,2,0,0,0,2,0,0,0,0,2,0,0,0,0,0,0,0,2,0,2,0,0,2,2,422,34,456,279,143,26,8,305,151,0,1,18,402,0,1,2,31,0,2,20,433,5,415,0,34,454,449
Washington County Sheriff's Office,NY05700,2017,New York,42781,4,0,4,3,1,0,0,3,1,0,0,0,4,0,0,0,0,0,0,0,4,0,4,0,0,4,4,67,1,68,51,16,1,0,52,16,0,0,5,62,0,0,0,1,0,0,5,63,1,66,0,1,68,67,0,0,0,0,0,0,0,0,0,0,0,0,0,0,0,0,0,0,0,0,0,0,0,0,0,0,0,1,1,2,1,0,1,0,2,0,0,0,0,1,0,0,0,1,0,0,0,2,0,1,0,1,2,2,0,0,0,0,0,0,0,0,0,0,0,0,0,0,0,0,0,0,0,0,0,0,0,0,0,0,0,2,0,2,2,0,0,0,2,0,0,0,0,2,0,0,0,0,0,0,0,2,0,2,0,0,2,2,0,0,0,0,0,0,0,0,0,0,0,0,0,0,0,0,0,0,0,0,0,0,0,0,0,0,0,88,6,94,66,22,5,1,71,23,0,0,6,81,0,0,0,6,0,0,6,87,2,86,0,6,94,92,0,0,0,0,0,0,0,0,0,0,0,0,0,0,0,0,0,0,0,0,0,0,0,0,0,0,0,19,0,19,6,13,0,0,6,13,0,0,1,18,0,0,0,0,0,0,1,18,0,19,0,0,19,19,0,0,0,0,0,0,0,0,0,0,0,0,0,0,0,0,0,0,0,0,0,0,0,0,0,0,0,0,0,0,0,0,0,0,0,0,0,0,0,0,0,0,0,0,0,0,0,0,0,0,0,0,0,0,0,0,0,0,0,0,0,0,0,0,0,0,0,0,0,0,0,0,0,0,0,0,0,0,0,0,0,0,0,0,0,0,0,0,0,0,0,0,0,0,0,0,0,0,0,0,0,0,0,0,0,0,0,0,3,0,3,3,0,0,0,3,0,0,0,0,3,0,0,0,0,0,0,0,3,1,2,0,0,3,2,0,0,0,0,0,0,0,0,0,0,0,0,0,0,0,0,0,0,0,0,0,0,0,0,0,0,0,0,0,0,0,0,0,0,0,0,0,0,0,0,0,0,0,0,0,0,0,0,0,0,0,0,0,0,0,0,0,0,0,0,0,0,0,0,0,0,0,0,0,0,0,0,0,0,0,0,0,0,0,0,0,41,1,42,29,12,1,0,30,12,0,0,0,41,0,0,0,1,0,0,0,42,1,40,0,1,42,41,0,0,0,0,0,0,0,0,0,0,0,0,0,0,0,0,0,0,0,0,0,0,0,0,0,0,0,0,0,0,0,0,0,0,0,0,0,0,0,0,0,0,0,0,0,0,0,0,0,0,0,0,0,0,0,0,0,0,0,0,0,0,0,0,0,0,0,0,0,0,0,0,0,0,0,0,0,0,0,0,0,9,0,9,3,6,0,0,3,6,0,0,0,9,0,0,0,0,0,0,0,9,0,9,0,0,9,9,0,0,0,0,0,0,0,0,0,0,0,0,0,0,0,0,0,0,0,0,0,0,0,0,0,0,0,0,0,0,0,0,0,0,0,0,0,0,0,0,0,0,0,0,0,0,0,0,0,0,0,0,0,0,0,0,0,0,0,0,0,0,0,0,0,0,0,0,0,0,0,0,0,0,0,0,0,0,0,0,0,0,0,0,0,0,0,0,0,0,0,0,0,0,0,0,0,0,0,0,0,0,0,0,0,0,0,0,0,0,0,0,0,0,0,0,0,0,0,0,0,0,0,0,0,0,0,0,0,0,0,0,0,0,0,0,0,0,0,0,0,0,0,0,0,0,0,0,0,0,0,0,0,0,0,0,0,0,0,0,0,0,2,1,3,1,1,0,1,1,2,0,0,0,2,0,0,0,1,0,0,0,3,0,2,0,1,3,3,2,0,2,2,0,0,0,2,0,0,0,0,2,0,0,0,0,0,0,0,2,0,2,0,0,2,2,1,0,1,1,0,0,0,1,0,0,0,0,1,0,0,0,0,0,0,0,1,0,1,0,0,1,1,0,0,0,0,0,0,0,0,0,0,0,0,0,0,0,0,0,0,0,0,0,0,0,0,0,0,0,53,9,62,44,9,3,6,47,15,0,1,4,48,0,0,0,9,0,1,4,57,3,50,0,9,62,59,1,0,1,1,0,0,0,1,0,0,0,0,1,0,0,0,0,0,0,0,1,0,1,0,0,1,1,0,0,0,0,0,0,0,0,0,0,0,0,0,0,0,0,0,0,0,0,0,0,0,0,0,0,0,0,0,0,0,0,0,0,0,0,0,0,0,0,0,0,0,0,0,0,0,0,0,0,0,0,0,0,0,0,0,0,0,0,0,0,0,0,0,0,0,0,0,0,0,0,0,0,0,0,0,0,0,0,0,0,0,0,0,0,0,0,0,0,0,0,0,0,0,0,0,0,0,0,0,0,0,0,0,0,0,0,2,1,3,2,0,1,0,3,0,0,0,1,1,0,0,0,1,0,0,1,2,0,2,0,1,3,3,0,0,0,0,0,0,0,0,0,0,0,0,0,0,0,0,0,0,0,0,0,0,0,0,0,0,0,0,0,0,0,0,0,0,0,0,0,0,0,0,0,0,0,0,0,0,0,0,0,0,0,0,0,0,4,5,9,3,1,5,0,8,1,0,0,0,4,0,0,2,3,0,0,2,7,0,4,0,5,9,9,0,0,0,0,0,0,0,0,0,0,0,0,0,0,0,0,0,0,0,0,0,0,0,0,0,0,0,50,4,54,34,16,3,1,37,17,0,0,3,47,0,0,0,4,0,0,3,51,0,50,0,4,54,54,1,0,1,0,1,0,0,0,1,0,0,0,1,0,0,0,0,0,0,0,1,0,1,0,0,1,1,26,6,32,17,9,5,1,22,10,0,0,0,25,0,0,0,6,0,0,0,31,0,26,0,6,32,32,5,0,5,5,0,0,0,5,0,0,0,0,5,0,0,0,0,0,0,0,5,0,5,0,0,5,5,381,35,416,274,107,25,10,299,117,0,1,20,358,0,0,2,33,0,1,22,391,8,373,0,35,416,408
Washington County Sheriff's Office,NY05700,2016,New York,42597,4,2,6,3,1,1,1,4,2,0,0,2,2,0,0,0,2,0,0,2,4,0,0,0,0,0,0,80,2,82,57,23,2,0,59,23,0,0,3,76,0,0,1,1,0,0,4,77,0,0,0,0,0,0,0,0,0,0,0,0,0,0,0,0,0,0,0,0,0,0,0,0,0,0,0,0,0,0,0,0,0,2,2,4,2,0,2,0,4,0,0,0,0,2,0,0,0,2,0,0,0,4,0,0,0,0,0,0,0,0,0,0,0,0,0,0,0,0,0,0,0,0,0,0,0,0,0,0,0,0,0,0,0,0,0,1,1,2,1,0,0,1,1,1,0,0,0,1,0,0,0,1,0,0,0,2,0,0,0,0,0,0,0,0,4,55,0,0,59,0,0,0,5,0,0,5,64,42,17,3,2,45,19,0,0,4,60,0,0,8,1,9,5,3,1,0,6,3,0,0,1,7,0,0,0,1,0,0,1,8,0,0,0,0,0,0,0,0,0,0,0,0,0,0,0,0,0,0,0,0,0,0,0,0,0,0,0,0,0,0,0,0,0,1,0,1,1,0,0,0,1,0,0,0,0,1,0,0,0,0,0,0,0,1,0,0,0,0,0,0,0,0,0,0,0,0,0,0,0,0,0,0,0,0,0,0,0,0,0,0,0,0,0,0,0,0,0,0,0,0,1,0,0,1,0,0,0,0,0,0,0,1,1,0,0,0,1,0,0,0,0,1,0,0,0,0,0,0,0,0,0,0,0,0,0,0,0,0,0,0,0,0,0,0,0,0,0,0,0,0,0,0,0,0,0,0,0,0,0,0,0,0,0,0,0,0,0,0,0,0,0,0,0,0,0,0,0,0,1,0,1,1,0,0,0,1,0,0,0,0,1,0,0,0,0,0,0,0,1,0,0,0,0,0,0,0,0,0,0,0,0,0,0,0,0,0,0,0,0,0,0,0,0,0,0,0,0,0,0,0,0,0,75,7,82,54,21,4,3,58,24,0,1,4,70,0,0,0,7,0,1,4,77,0,0,0,0,0,0,0,0,0,0,0,0,0,0,0,0,0,0,0,0,0,0,0,0,0,0,0,0,0,0,0,0,0,44,1,45,32,12,1,0,33,12,0,0,0,43,0,0,0,1,0,0,0,44,0,0,0,0,0,0,0,0,0,0,0,0,0,0,0,0,0,0,0,0,0,0,0,0,0,0,0,0,0,0,0,0,0,0,0,0,0,0,0,0,0,0,0,0,0,0,0,0,0,0,0,0,0,0,0,0,0,0,0,0,6,0,6,2,4,0,0,2,4,0,0,2,4,0,0,0,0,0,0,2,4,0,0,0,0,0,0,19,0,19,5,14,0,0,5,14,0,0,2,17,0,0,0,0,0,0,2,17,0,0,0,0,0,0,0,0,0,0,0,0,0,0,0,0,0,0,0,0,0,0,0,0,0,0,0,0,0,0,0,0,0,0,0,0,0,0,0,0,0,0,0,0,0,0,0,0,0,0,0,0,0,0,0,0,0,0,0,0,0,0,0,0,0,0,0,0,0,0,0,0,0,0,0,0,0,0,0,0,0,0,0,0,0,0,0,0,0,0,0,0,0,0,0,0,0,0,0,0,0,0,0,0,0,0,0,0,0,0,0,0,0,0,0,0,0,0,0,0,0,0,0,0,0,0,0,0,0,0,0,0,0,0,0,0,0,0,0,0,0,0,0,0,0,0,0,0,0,0,0,0,0,0,0,0,0,0,0,0,0,0,0,0,0,0,0,0,7,6,13,4,3,4,2,8,5,1,0,0,6,0,1,0,5,1,1,0,11,0,0,0,0,0,0,2,0,2,2,0,0,0,2,0,0,0,0,2,0,0,0,0,0,0,0,2,0,0,0,0,0,0,0,0,0,0,0,0,0,0,0,0,0,0,0,0,0,0,0,0,0,0,0,0,0,0,0,0,0,0,0,0,0,0,0,0,0,0,0,0,0,0,0,0,0,0,0,0,0,0,0,0,0,0,0,0,42,7,49,32,10,6,1,38,11,0,0,2,40,0,0,0,7,0,0,2,47,0,0,0,0,0,0,1,0,1,1,0,0,0,1,0,0,0,0,1,0,0,0,0,0,0,0,1,0,0,0,0,0,0,1,0,0,0,0,0,0,0,1,0,0,0,0,1,0,0,0,0,0,0,0,0,0,1,0,0,0,0,0,0,0,0,0,0,0,0,0,0,0,1,0,0,0,0,0,0,0,0,0,0,0,0,0,0,0,0,0,0,0,0,0,0,0,0,0,0,0,0,0,0,0,1,0,0,0,0,0,0,0,0,0,0,0,0,0,0,0,0,0,0,0,0,0,0,0,0,0,0,0,0,0,0,0,0,0,0,0,0,5,2,7,5,0,2,0,7,0,0,0,0,5,0,0,0,2,0,0,0,7,0,0,0,0,0,0,0,0,0,0,0,0,0,0,0,0,0,0,0,0,0,0,0,0,0,0,0,0,0,0,0,0,0,0,0,0,0,0,0,0,0,0,0,0,0,0,0,0,0,0,0,0,0,0,0,0,0,0,0,0,1,2,3,1,0,2,0,3,0,0,0,1,0,0,0,0,2,0,0,1,2,0,0,0,0,0,0,0,0,0,0,0,0,0,0,0,0,0,0,0,0,0,0,0,0,0,0,0,0,0,0,0,0,0,36,2,38,15,21,2,0,17,21,0,1,2,33,0,0,0,2,0,1,2,35,0,0,0,0,0,0,0,0,0,0,0,0,0,0,0,0,0,0,0,0,0,0,0,0,0,0,0,0,0,0,0,0,0,21,5,26,19,2,5,0,24,2,0,0,1,20,0,0,0,5,0,0,1,25,0,0,0,0,0,0,3,0,3,3,0,0,0,3,0,0,0,0,3,0,0,0,0,0,0,0,3,0,0,0,0,0,0,420,45,465,288,132,35,10,323,142,1,2,24,391,0,1,1,43,1,3,25,434,0,0,0,0,0,0
Washington County Sheriff's Office,NY05700,2015,New York,42957,9,0,9,6,3,0,0,6,3,0,0,1,8,0,0,0,0,0,0,1,8,0,0,0,0,0,0,77,1,78,57,20,0,1,57,21,0,0,4,71,0,0,0,1,0,0,4,72,0,0,0,0,0,0,0,0,0,0,0,0,0,0,0,0,0,0,0,0,0,0,0,0,0,0,0,0,0,0,0,0,0,6,1,7,5,1,1,0,6,1,0,0,0,5,0,0,0,1,0,0,0,6,0,0,0,0,0,0,0,0,0,0,0,0,0,0,0,0,0,0,0,0,0,0,0,0,0,0,0,0,0,0,0,0,0,6,2,8,5,1,2,0,7,1,0,0,1,5,0,0,0,2,0,0,1,7,0,0,0,0,0,0,0,0,4,51,0,0,55,0,0,0,11,0,0,11,66,44,11,9,2,53,13,0,0,4,62,0,0,29,7,36,21,8,6,1,27,9,0,0,2,27,0,0,0,7,0,0,2,34,0,0,0,0,0,0,0,0,0,0,0,0,0,0,0,0,0,0,0,0,0,0,0,0,0,0,0,0,0,0,0,0,0,3,0,3,3,0,0,0,3,0,0,0,0,3,0,0,0,0,0,0,0,3,0,0,0,0,0,0,0,0,0,0,0,0,0,0,0,0,0,0,0,0,0,0,0,0,0,0,0,0,0,0,0,0,0,0,0,0,2,0,0,2,0,0,0,0,0,0,0,2,1,1,0,0,1,1,0,0,0,2,0,0,0,0,0,0,0,0,0,0,0,0,0,0,0,0,0,0,0,0,0,0,0,0,0,0,0,0,0,0,0,0,0,0,0,0,0,0,0,0,0,0,0,0,0,0,0,0,0,0,0,0,0,0,0,0,2,0,2,1,1,0,0,1,1,0,0,0,2,0,0,0,0,0,0,0,2,0,0,0,0,0,0,0,0,0,0,0,0,0,0,0,0,0,0,0,0,0,0,0,0,0,0,0,0,0,0,0,0,0,77,12,89,62,15,10,2,72,17,0,1,5,71,0,0,0,12,0,1,5,83,0,0,0,0,0,0,0,0,0,0,0,0,0,0,0,0,0,0,0,0,0,0,0,0,0,0,0,0,0,0,0,0,0,42,0,42,35,7,0,0,35,7,0,0,0,42,0,0,0,0,0,0,0,42,0,0,0,0,0,0,0,0,0,0,0,0,0,0,0,0,0,0,0,0,0,0,0,0,0,0,0,0,0,0,0,0,0,0,0,0,0,0,0,0,0,0,0,0,0,0,0,0,0,0,0,0,0,0,0,0,0,0,0,0,5,0,5,1,4,0,0,1,4,0,0,1,3,0,0,0,0,0,0,1,3,0,0,0,0,0,0,11,0,11,5,6,0,0,5,6,0,0,0,11,0,0,0,0,0,0,0,11,0,0,0,0,0,0,0,0,0,0,0,0,0,0,0,0,0,0,0,0,0,0,0,0,0,0,0,0,0,0,0,0,0,0,0,0,0,0,0,0,0,0,0,0,0,0,0,0,0,0,0,0,0,0,0,0,0,0,0,0,0,0,0,0,0,0,0,0,0,0,0,0,0,0,0,0,0,0,0,0,0,0,0,0,0,0,0,0,0,0,0,0,0,0,0,0,0,0,0,0,0,0,0,0,0,0,0,0,0,0,0,0,0,0,0,0,0,0,0,0,0,0,0,0,0,0,0,0,0,0,0,0,0,0,0,0,0,0,0,0,0,0,0,0,0,0,0,0,0,0,0,0,0,0,0,0,0,0,0,0,0,0,0,0,0,0,0,0,6,5,11,5,1,1,4,6,5,0,0,0,6,0,0,0,5,0,0,0,11,0,0,0,0,0,0,4,0,4,2,2,0,0,2,2,0,0,0,4,0,0,0,0,0,0,0,4,0,0,0,0,0,0,1,0,1,1,0,0,0,1,0,0,0,0,1,0,0,0,0,0,0,0,1,0,0,0,0,0,0,0,0,0,0,0,0,0,0,0,0,0,0,0,0,0,0,0,0,0,0,0,0,0,0,0,0,0,56,2,58,48,8,2,0,50,8,0,0,5,51,0,0,0,2,0,0,5,53,0,0,0,0,0,0,1,0,1,1,0,0,0,1,0,0,0,0,1,0,0,0,0,0,0,0,1,0,0,0,0,0,0,0,0,0,0,0,0,0,0,0,0,0,0,0,0,0,0,0,0,0,0,0,0,0,0,0,0,0,0,0,0,0,0,0,0,0,0,0,0,0,0,0,0,0,0,0,0,0,0,0,0,0,0,0,0,0,0,0,0,0,0,0,0,0,0,0,0,0,0,0,0,0,0,0,0,0,0,0,0,0,0,0,0,0,0,0,0,0,0,0,0,0,0,0,0,0,0,0,0,0,0,0,0,0,0,0,0,0,0,1,1,2,0,1,1,0,1,1,0,0,0,1,0,0,0,1,0,0,0,2,0,0,0,0,0,0,0,0,0,0,0,0,0,0,0,0,0,0,0,0,0,0,0,0,0,0,0,0,0,0,0,0,0,0,0,0,0,0,0,0,0,0,0,0,0,0,0,0,0,0,0,0,0,0,0,0,0,0,0,0,5,0,5,5,0,0,0,5,0,0,0,1,4,0,0,0,0,0,0,1,4,0,0,0,0,0,0,0,0,0,0,0,0,0,0,0,0,0,0,0,0,0,0,0,0,0,0,0,0,0,0,0,0,0,32,2,34,18,14,2,0,20,14,0,0,0,32,0,0,0,2,0,0,0,34,0,0,0,0,0,0,0,0,0,0,0,0,0,0,0,0,0,0,0,0,0,0,0,0,0,0,0,0,0,0,0,0,0,19,4,23,17,2,1,3,18,5,0,0,1,18,0,0,0,4,0,0,1,22,0,0,0,0,0,0,2,0,2,2,0,0,0,2,0,0,0,0,2,0,0,0,0,0,0,0,2,0,0,0,0,0,0,451,48,499,345,106,35,13,380,119,0,1,25,421,0,0,0,48,0,1,25,469,0,0,0,0,0,0
Washington County Sheriff's Office,NY05700,2014,New York,43867,14,3,17,14,0,3,0,17,0,0,0,0,14,0,0,1,2,0,0,1,16,0,0,0,0,0,0,75,3,78,55,20,2,1,57,21,0,0,2,64,0,0,0,3,0,0,2,67,0,0,0,0,0,0,0,0,0,0,0,0,0,0,0,0,0,0,0,0,0,0,0,0,0,0,0,0,0,0,0,0,0,4,1,5,3,1,1,0,4,1,0,1,0,3,0,0,0,1,0,1,0,4,0,0,0,0,0,0,0,0,0,0,0,0,0,0,0,0,0,0,0,0,0,0,0,0,0,0,0,0,0,0,0,0,0,7,0,7,5,2,0,0,5,2,0,0,1,6,0,0,0,0,0,0,1,6,0,0,0,0,0,0,0,0,2,90,0,0,92,0,0,0,7,0,0,7,99,68,24,5,2,73,26,0,0,2,97,0,0,71,7,78,55,16,5,2,60,18,0,0,1,70,0,0,0,7,0,0,1,77,0,0,0,0,0,0,2,0,2,0,2,0,0,0,2,0,0,0,2,0,0,0,0,0,0,0,2,0,0,0,0,0,0,18,0,18,12,6,0,0,12,6,0,0,1,17,0,0,0,0,0,0,1,17,0,0,0,0,0,0,1,0,1,1,0,0,0,1,0,0,0,0,1,0,0,0,0,0,0,0,1,0,0,0,0,0,0,0,0,1,5,0,0,6,0,0,0,0,0,0,0,6,2,4,0,0,2,4,0,0,1,5,0,0,1,0,1,1,0,0,0,1,0,0,0,0,1,0,0,0,0,0,0,0,1,0,0,0,0,0,0,1,0,1,1,0,0,0,1,0,0,0,0,1,0,0,0,0,0,0,0,1,0,0,0,0,0,0,4,0,4,0,4,0,0,0,4,0,0,1,3,0,0,0,0,0,0,1,3,0,0,0,0,0,0,0,0,0,0,0,0,0,0,0,0,0,0,0,0,0,0,0,0,0,0,0,0,0,0,0,0,0,98,8,106,70,28,6,2,76,30,0,0,3,95,0,0,0,8,0,0,3,103,0,0,0,0,0,0,0,0,0,0,0,0,0,0,0,0,0,0,0,0,0,0,0,0,0,0,0,0,0,0,0,0,0,54,0,54,38,16,0,0,38,16,0,1,0,53,0,0,0,0,0,1,0,53,0,0,0,0,0,0,0,0,0,0,0,0,0,0,0,0,0,0,0,0,0,0,0,0,0,0,0,0,0,0,0,0,0,0,0,0,0,0,0,0,0,0,0,0,0,0,0,0,0,0,0,0,0,0,0,0,0,0,0,0,1,0,1,1,0,0,0,1,0,0,0,0,1,0,0,0,0,0,0,0,1,0,0,0,0,0,0,22,0,22,9,13,0,0,9,13,0,0,3,19,0,0,0,0,0,0,3,19,0,0,0,0,0,0,0,0,0,0,0,0,0,0,0,0,0,0,0,0,0,0,0,0,0,0,0,0,0,0,0,0,0,0,0,0,0,0,0,0,0,0,0,0,0,0,0,0,0,0,0,0,0,0,0,0,0,0,0,0,0,0,0,0,0,0,0,0,0,0,0,0,0,0,0,0,0,0,0,0,0,0,0,0,0,0,0,0,0,0,0,0,0,0,0,0,0,0,0,0,0,0,0,0,0,0,0,0,0,0,0,0,0,0,0,0,0,0,0,0,0,0,0,0,0,0,0,0,0,0,0,0,0,0,0,0,0,0,0,0,0,0,0,0,0,0,0,0,0,0,0,0,0,0,0,0,0,0,0,0,0,0,0,0,0,0,0,0,3,2,5,1,2,2,0,3,2,0,0,0,3,0,0,0,2,0,0,0,5,0,0,0,0,0,0,1,0,1,0,1,0,0,0,1,0,0,0,1,0,0,0,0,0,0,0,1,0,0,0,0,0,0,0,0,0,0,0,0,0,0,0,0,0,0,0,0,0,0,0,0,0,0,0,0,0,0,0,0,0,0,0,0,0,0,0,0,0,0,0,0,0,0,0,0,0,0,0,0,0,0,0,0,0,0,0,0,69,5,74,48,21,1,4,49,25,0,0,2,67,0,0,1,4,0,0,3,71,0,0,0,0,0,0,7,0,7,7,0,0,0,7,0,0,0,0,7,0,0,0,0,0,0,0,7,0,0,0,0,0,0,0,0,0,0,0,0,0,0,0,0,0,0,0,0,0,0,0,0,0,0,0,0,0,0,0,0,0,0,0,0,0,0,0,0,0,0,0,0,0,0,0,0,0,0,0,0,0,0,0,0,0,0,0,0,0,0,0,0,0,0,0,0,0,0,0,0,0,0,0,0,0,0,0,0,0,0,0,0,0,0,0,0,0,0,0,0,0,0,0,0,0,0,0,0,0,0,0,0,0,0,0,0,0,0,0,0,0,0,1,0,1,1,0,0,0,1,0,0,0,0,1,0,0,0,0,0,0,0,1,0,0,0,0,0,0,0,0,0,0,0,0,0,0,0,0,0,0,0,0,0,0,0,0,0,0,0,0,0,0,0,0,0,0,0,0,0,0,0,0,0,0,0,0,0,0,0,0,0,0,0,0,0,0,0,0,0,0,0,0,4,1,5,3,1,0,1,3,2,0,0,0,4,0,0,0,1,0,0,0,5,0,0,0,0,0,0,0,0,0,0,0,0,0,0,0,0,0,0,0,0,0,0,0,0,0,0,0,0,0,0,0,0,0,53,3,56,32,21,3,0,35,21,0,1,1,51,0,0,0,3,0,1,1,54,0,0,0,0,0,0,0,0,0,0,0,0,0,0,0,0,0,0,0,0,0,0,0,0,0,0,0,0,0,0,0,0,0,18,4,22,14,4,1,3,15,7,0,0,1,17,0,0,0,4,0,0,1,21,0,0,0,0,0,0,4,0,4,3,1,0,0,3,1,0,0,0,4,0,0,0,0,0,0,0,4,0,0,0,0,0,0,631,44,675,444,187,29,15,473,202,0,3,19,600,0,0,2,42,0,3,21,642,0,0,0,0,0,0
Washington County Sheriff's Office,NY05700,2013,New York,43668,13,2,15,9,4,2,0,11,4,0,0,0,13,0,0,0,2,0,0,0,15,0,0,0,0,0,0,73,6,79,55,18,3,3,58,21,0,0,1,69,0,0,0,6,0,0,1,75,0,0,0,0,0,0,0,0,0,0,0,0,0,0,0,0,0,0,0,0,0,0,1,0,0,0,1,0,0,0,0,0,0,23,0,23,20,3,0,0,20,3,0,0,0,21,0,0,0,0,0,0,0,21,0,0,0,0,0,0,0,0,0,0,0,0,0,0,0,0,0,0,0,0,0,0,0,0,0,0,0,0,0,0,0,0,0,2,3,5,2,0,1,2,3,2,0,0,1,1,0,0,0,3,0,0,1,4,0,0,0,0,0,0,0,1,4,79,0,0,85,0,0,0,17,0,0,17,102,70,15,13,4,83,19,0,1,4,96,0,0,73,17,90,60,13,13,4,73,17,0,1,2,69,0,0,0,17,0,1,2,86,0,0,0,0,0,0,0,0,0,0,0,0,0,0,0,0,0,0,0,0,0,0,0,0,0,0,0,0,0,0,0,0,0,12,0,12,10,2,0,0,10,2,0,0,2,10,0,0,0,0,0,0,2,10,0,0,0,0,0,0,0,0,0,0,0,0,0,0,0,0,0,0,0,0,0,0,0,0,0,0,0,0,0,0,0,0,0,0,0,0,3,0,0,3,0,0,0,0,0,0,0,3,2,1,0,0,2,1,0,0,0,3,0,0,0,0,0,0,0,0,0,0,0,0,0,0,0,0,0,0,0,0,0,0,0,0,0,0,0,0,0,0,0,0,0,0,0,0,0,0,0,0,0,0,0,0,0,0,0,0,0,0,0,0,0,0,0,0,3,0,3,2,1,0,0,2,1,0,0,0,3,0,0,0,0,0,0,0,3,0,0,0,0,0,0,0,0,0,0,0,0,0,0,0,0,0,0,0,0,0,0,0,0,0,0,0,0,0,0,0,0,0,88,17,105,72,16,13,4,85,20,0,1,4,82,0,0,0,17,0,1,4,99,0,0,0,0,0,0,0,0,0,0,0,0,0,0,0,0,0,0,0,0,0,0,0,0,0,0,0,0,0,0,0,0,0,54,0,54,41,13,0,0,41,13,0,0,2,52,0,0,0,0,0,0,2,52,0,0,0,0,0,0,1,0,1,0,1,0,0,0,1,0,0,0,1,0,0,0,0,0,0,0,1,0,0,0,0,0,0,0,0,0,0,0,0,0,0,0,0,0,0,0,0,0,0,0,0,0,0,0,0,0,0,0,0,0,3,0,3,1,2,0,0,1,2,0,0,0,3,0,0,0,0,0,0,0,3,0,0,0,0,0,0,18,0,18,13,5,0,0,13,5,0,0,1,17,0,0,0,0,0,0,1,17,0,0,0,0,0,0,0,0,0,0,0,0,0,0,0,0,0,0,0,0,0,0,0,0,0,0,0,0,0,0,0,0,0,0,0,0,0,0,0,0,0,0,0,0,0,0,0,0,0,0,0,0,0,0,0,0,0,0,0,0,0,0,0,0,0,0,0,0,0,0,0,0,0,0,0,0,0,0,0,0,0,0,0,0,0,0,0,0,0,0,0,0,0,0,0,0,0,0,0,0,0,0,0,0,0,0,0,0,0,0,0,0,0,0,0,0,0,0,0,0,0,0,0,0,0,0,0,0,0,0,0,0,0,0,0,0,0,0,0,0,0,0,0,0,0,0,0,0,0,0,0,0,0,0,0,0,0,0,0,0,0,0,0,0,0,0,0,0,6,2,8,6,0,1,1,7,1,0,1,0,5,0,0,0,2,0,1,0,7,0,0,0,0,0,0,2,0,2,1,1,0,0,1,1,0,0,0,2,0,0,0,0,0,0,0,2,0,0,0,0,0,0,0,0,0,0,0,0,0,0,0,0,0,0,0,0,0,0,0,0,0,0,0,0,0,0,0,0,0,0,0,0,0,0,0,0,0,0,0,0,0,0,0,0,0,0,0,0,0,0,0,0,0,0,0,0,77,12,89,58,19,9,3,67,22,0,0,3,74,0,0,0,12,0,0,3,86,0,0,0,0,0,0,2,0,2,2,0,0,0,2,0,0,0,0,2,0,0,0,0,0,0,0,2,0,0,0,0,0,0,0,0,0,0,0,0,0,0,0,0,0,0,0,0,0,0,0,0,0,0,0,0,0,0,0,0,0,0,0,0,0,0,0,0,0,0,0,0,0,0,0,0,0,0,0,0,0,0,0,0,0,0,0,0,0,0,0,0,0,0,0,0,0,0,0,0,0,0,0,0,0,0,0,0,0,0,0,0,0,0,0,0,0,0,0,0,0,0,0,0,0,0,0,0,0,0,0,0,0,0,0,0,0,0,0,0,0,0,0,0,0,0,0,0,0,0,0,0,0,0,0,0,0,0,0,0,0,0,0,0,0,0,0,0,0,2,0,2,2,0,0,0,2,0,0,0,0,2,0,0,0,0,0,0,0,2,0,0,0,0,0,0,0,0,0,0,0,0,0,0,0,0,0,0,0,0,0,0,0,0,0,0,0,0,0,0,0,0,0,11,1,12,11,0,1,0,12,0,0,0,0,11,0,0,0,1,0,0,0,12,0,0,0,0,0,0,0,0,0,0,0,0,0,0,0,0,0,0,0,0,0,0,0,0,0,0,0,0,0,0,0,0,0,77,3,80,36,41,2,1,38,42,0,1,1,74,0,0,0,3,0,1,1,77,0,0,0,0,0,0,0,0,0,0,0,0,0,0,0,0,0,0,0,0,0,0,0,0,0,0,0,0,0,0,0,0,0,22,4,26,20,2,4,0,24,2,0,0,2,19,0,0,0,4,0,0,2,23,0,0,0,0,0,0,2,0,2,2,0,0,0,2,0,0,0,0,2,0,0,0,0,0,0,0,2,0,0,0,0,0,0,652,84,736,495,157,62,22,557,179,0,5,23,614,0,0,0,85,0,5,23,699,0,0,0,0,0,0
Washington County Sheriff's Office,NY05700,2012,New York,43956,9,1,10,8,1,1,0,9,1,0,0,0,9,0,0,1,0,0,0,1,9,0,0,0,0,0,0,64,13,77,55,9,12,1,67,10,0,0,1,62,0,0,0,8,0,0,1,70,0,0,0,0,0,0,0,0,0,0,0,0,0,0,0,0,0,0,0,0,0,0,0,0,0,0,0,0,0,0,0,0,0,10,2,12,9,1,2,0,11,1,0,1,0,9,0,0,0,0,0,1,0,9,0,0,0,0,0,0,0,0,0,0,0,0,0,0,0,0,0,0,0,0,0,0,0,0,0,0,0,0,0,0,0,0,0,9,3,12,6,3,2,1,8,4,0,0,0,9,0,0,0,1,0,0,0,10,0,0,0,0,0,0,0,1,6,70,0,0,77,0,0,0,0,0,0,15,92,63,14,12,3,75,17,0,1,6,70,0,0,71,15,86,58,13,12,3,70,16,0,1,3,67,0,0,0,0,0,1,3,67,0,0,0,0,0,0,0,0,0,0,0,0,0,0,0,0,0,0,0,0,0,0,0,0,0,0,0,0,0,0,0,0,0,6,0,6,5,1,0,0,5,1,0,0,3,3,0,0,0,0,0,0,3,3,0,0,0,0,0,0,0,0,0,0,0,0,0,0,0,0,0,0,0,0,0,0,0,0,0,0,0,0,0,0,0,0,0,0,0,1,6,0,0,7,0,0,0,0,0,0,0,7,3,4,0,0,3,4,0,0,1,6,0,0,0,0,0,0,0,0,0,0,0,0,0,0,0,0,0,0,0,0,0,0,0,0,0,0,0,0,0,0,0,0,0,0,0,0,0,0,0,0,0,0,0,0,0,0,0,0,0,0,0,0,0,0,0,0,7,0,7,3,4,0,0,3,4,0,0,1,6,0,0,0,0,0,0,1,6,0,0,0,0,0,0,0,0,0,0,0,0,0,0,0,0,0,0,0,0,0,0,0,0,0,0,0,0,0,0,0,0,0,84,15,99,66,18,12,3,78,21,0,1,7,76,0,0,0,0,0,1,7,76,0,0,0,0,0,0,0,0,0,0,0,0,0,0,0,0,0,0,0,0,0,0,0,0,0,0,0,0,0,0,0,0,0,75,0,75,60,15,0,0,60,15,0,0,0,75,0,0,0,0,0,0,0,75,0,0,0,0,0,0,0,0,0,0,0,0,0,0,0,0,0,0,0,0,0,0,0,0,0,0,0,0,0,0,0,0,0,0,0,0,0,0,0,0,0,0,0,0,0,0,0,0,0,0,0,0,0,0,0,0,0,0,0,0,2,0,2,1,1,0,0,1,1,0,0,0,2,0,0,0,0,0,0,0,2,0,0,0,0,0,0,19,0,19,12,7,0,0,12,7,0,0,2,17,0,0,0,0,0,0,2,17,0,0,0,0,0,0,0,0,0,0,0,0,0,0,0,0,0,0,0,0,0,0,0,0,0,0,0,0,0,0,0,0,0,0,0,0,0,0,0,0,0,0,0,0,0,0,0,0,0,0,0,0,0,0,0,0,0,0,0,0,0,0,0,0,0,0,0,0,0,0,0,0,0,0,0,0,0,0,0,0,0,0,0,0,0,0,0,0,0,0,0,0,0,0,0,0,0,0,0,0,0,0,0,0,0,0,0,0,0,0,0,0,0,0,0,0,0,0,0,0,0,0,0,0,0,0,0,0,0,0,0,0,0,0,0,0,0,0,0,0,0,0,0,0,0,0,0,0,0,0,0,0,0,0,0,0,0,0,0,0,0,0,0,0,0,0,0,0,18,11,29,12,6,8,3,20,9,1,0,0,16,0,0,0,4,1,0,0,20,0,0,0,0,0,0,1,4,5,1,0,3,1,4,1,0,0,0,1,0,0,0,4,0,0,0,5,0,0,0,0,0,0,1,0,1,0,1,0,0,0,1,0,0,0,1,0,0,0,0,0,0,0,1,0,0,0,0,0,0,1,0,1,1,0,0,0,1,0,0,0,0,1,0,0,0,0,0,0,0,1,0,0,0,0,0,0,94,10,104,59,35,8,2,67,37,0,0,3,90,0,0,0,5,0,0,3,95,0,0,0,0,0,0,2,0,2,2,0,0,0,2,0,0,0,0,2,0,0,0,0,0,0,0,2,0,0,0,0,0,0,0,0,0,0,0,0,0,0,0,0,0,0,0,0,0,0,0,0,0,0,0,0,0,0,0,0,0,0,0,0,0,0,0,0,0,0,0,0,0,0,0,0,0,0,0,0,0,0,0,0,0,0,0,0,0,0,0,0,0,0,0,0,0,0,0,0,0,0,0,0,0,0,0,0,0,0,0,0,0,0,0,0,0,0,0,0,0,0,0,0,0,0,0,0,0,0,0,0,0,0,0,0,0,0,0,0,0,0,1,0,1,1,0,0,0,1,0,0,0,0,1,0,0,0,0,0,0,0,1,0,0,0,0,0,0,0,0,0,0,0,0,0,0,0,0,0,0,0,0,0,0,0,0,0,0,0,0,0,0,0,0,0,0,0,0,0,0,0,0,0,0,0,0,0,0,0,0,0,0,0,0,0,0,0,0,0,0,0,0,5,0,5,5,0,0,0,5,0,0,0,0,4,0,0,0,0,0,0,0,4,0,0,0,0,0,0,0,0,0,0,0,0,0,0,0,0,0,0,0,0,0,0,0,0,0,0,0,0,0,0,0,0,0,66,2,68,35,31,2,0,37,31,0,0,2,62,0,0,0,0,0,0,2,62,0,0,0,0,0,0,0,0,0,0,0,0,0,0,0,0,0,0,0,0,0,0,0,0,0,0,0,0,0,0,0,0,0,13,8,21,12,1,7,1,19,2,0,0,0,13,0,0,0,5,0,0,0,18,0,0,0,0,0,0,2,1,3,2,0,1,0,3,0,0,0,0,2,0,0,0,1,0,0,0,3,0,0,0,0,0,0,644,100,744,479,165,82,18,561,183,1,4,29,604,0,0,1,28,1,4,30,632,0,0,0,0,0,0
Washington County Sheriff's Office,NY05700,2011,New York,43953,15,1,16,13,2,1,0,14,2,0,0,3,12,0,0,0,1,0,0,3,13,0,0,0,0,0,0,75,8,83,61,14,6,2,67,16,0,0,5,70,0,0,1,7,0,0,6,77,0,0,0,0,0,0,0,0,0,0,0,0,0,0,0,0,0,0,0,0,0,0,0,0,0,0,0,0,0,0,0,0,0,4,14,18,3,1,14,0,17,1,0,0,0,4,0,0,1,13,0,0,1,17,0,0,0,0,0,0,0,0,0,0,0,0,0,0,0,0,0,0,0,0,0,0,0,0,0,0,0,0,0,0,0,0,0,9,7,16,6,3,4,3,10,6,0,0,0,9,0,0,0,7,0,0,0,16,0,0,0,0,0,0,0,1,3,48,0,0,52,0,0,0,7,0,0,7,59,42,10,6,1,48,11,0,1,3,55,0,0,41,5,46,34,7,4,1,38,8,0,1,2,38,0,0,0,5,0,1,2,43,0,0,0,0,0,0,0,0,0,0,0,0,0,0,0,0,0,0,0,0,0,0,0,0,0,0,0,0,0,0,0,0,0,11,2,13,8,3,2,0,10,3,0,0,1,10,0,0,0,2,0,0,1,12,0,0,0,0,0,0,0,0,0,0,0,0,0,0,0,0,0,0,0,0,0,0,0,0,0,0,0,0,0,0,0,0,0,0,0,1,3,0,0,4,0,0,0,0,0,0,0,4,4,0,0,0,4,0,0,0,1,3,0,0,1,0,1,1,0,0,0,1,0,0,0,0,1,0,0,0,0,0,0,0,1,0,0,0,0,0,0,0,0,0,0,0,0,0,0,0,0,0,0,0,0,0,0,0,0,0,0,0,0,0,0,0,0,0,3,0,3,3,0,0,0,3,0,0,0,1,2,0,0,0,0,0,0,1,2,0,0,0,0,0,0,0,0,0,0,0,0,0,0,0,0,0,0,0,0,0,0,0,0,0,0,0,0,0,0,0,0,0,56,7,63,46,10,6,1,52,11,0,1,4,51,0,0,0,7,0,1,4,58,0,0,0,0,0,0,0,0,0,0,0,0,0,0,0,0,0,0,0,0,0,0,0,0,0,0,0,0,0,0,0,0,0,74,0,74,52,22,0,0,52,22,0,0,1,73,0,0,0,0,0,0,1,73,0,0,0,0,0,0,0,0,0,0,0,0,0,0,0,0,0,0,0,0,0,0,0,0,0,0,0,0,0,0,0,0,0,2,0,2,2,0,0,0,2,0,0,0,0,2,0,0,0,0,0,0,0,2,0,0,0,0,0,0,5,0,5,4,1,0,0,4,1,0,0,0,5,0,0,0,0,0,0,0,5,0,0,0,0,0,0,18,1,19,9,9,0,1,9,10,0,0,2,16,0,0,0,1,0,0,2,17,0,0,0,0,0,0,0,0,0,0,0,0,0,0,0,0,0,0,0,0,0,0,0,0,0,0,0,0,0,0,0,0,0,0,0,0,0,0,0,0,0,0,0,0,0,0,0,0,0,0,0,0,0,0,0,0,0,0,0,0,0,0,0,0,0,0,0,0,0,0,0,0,0,0,0,0,0,0,0,0,0,0,0,0,0,0,0,0,0,0,0,0,0,0,0,0,0,0,0,0,0,0,0,0,0,0,0,0,0,0,0,0,0,0,0,0,0,0,0,0,0,0,0,0,0,0,0,0,0,0,0,0,0,0,0,0,0,0,0,0,0,0,0,0,0,0,0,0,0,0,0,0,0,0,0,0,0,0,0,0,0,0,0,0,0,0,0,0,7,1,8,6,1,0,1,6,2,0,0,0,7,0,0,0,1,0,0,0,8,0,0,0,0,0,0,1,0,1,1,0,0,0,1,0,0,0,0,1,0,0,0,0,0,0,0,1,0,0,0,0,0,0,1,0,1,1,0,0,0,1,0,0,0,0,1,0,0,0,0,0,0,0,1,0,0,0,0,0,0,0,0,0,0,0,0,0,0,0,0,0,0,0,0,0,0,0,0,0,0,0,0,0,0,0,0,0,77,14,91,56,21,5,9,61,30,0,0,2,75,0,0,0,14,0,0,2,89,0,0,0,0,0,0,2,1,3,2,0,1,0,3,0,0,0,0,2,0,0,0,1,0,0,0,3,0,0,0,0,0,0,0,0,0,0,0,0,0,0,0,0,0,0,0,0,0,0,0,0,0,0,0,0,0,0,0,0,0,0,0,0,0,0,0,0,0,0,0,0,0,0,0,0,0,0,0,0,0,0,0,0,0,0,0,0,0,0,0,0,0,0,0,0,0,0,0,0,0,0,0,0,0,0,0,0,0,0,0,0,0,0,0,0,0,0,0,0,0,0,0,0,0,0,0,0,0,0,0,0,0,0,0,0,0,0,0,0,0,0,1,0,1,1,0,0,0,1,0,0,0,0,1,0,0,0,0,0,0,0,1,0,0,0,0,0,0,0,0,0,0,0,0,0,0,0,0,0,0,0,0,0,0,0,0,0,0,0,0,0,0,0,0,0,0,0,0,0,0,0,0,0,0,0,0,0,0,0,0,0,0,0,0,0,0,0,0,0,0,0,0,1,1,2,0,1,1,0,1,1,0,0,0,1,0,0,0,1,0,0,0,2,0,0,0,0,0,0,0,0,0,0,0,0,0,0,0,0,0,0,0,0,0,0,0,0,0,0,0,0,0,0,0,0,0,32,1,33,18,14,1,0,19,14,0,0,0,32,0,0,0,1,0,0,0,33,0,0,0,0,0,0,0,0,0,0,0,0,0,0,0,0,0,0,0,0,0,0,0,0,0,0,0,0,0,0,0,0,0,11,6,17,10,1,5,1,15,2,0,0,0,11,0,0,0,6,0,0,0,17,0,0,0,0,0,0,3,1,4,3,0,1,0,4,0,0,0,0,3,0,0,0,1,0,0,0,4,0,0,0,0,0,0,506,77,583,386,120,57,20,443,140,0,3,25,478,0,0,2,75,0,3,27,553,0,0,0,0,0,0
Washington County Sheriff's Office,NY05700,2010,New York,43756,11,2,13,10,1,2,0,12,1,0,0,0,11,0,0,0,2,0,0,0,13,0,0,0,0,0,0,74,11,85,57,17,6,5,63,22,0,0,4,70,0,0,0,11,0,0,4,81,0,0,0,0,0,0,0,0,0,0,0,0,0,0,0,0,0,0,0,0,0,0,0,0,0,0,0,0,0,0,0,0,0,17,8,25,16,1,5,3,21,4,0,0,0,17,0,0,0,8,0,0,0,25,0,0,0,0,0,0,0,0,0,0,0,0,0,0,0,0,0,0,0,0,0,0,0,0,0,0,0,0,0,0,0,0,0,8,3,11,5,3,1,2,6,5,0,0,0,8,0,0,0,3,0,0,0,11,0,0,0,0,0,0,0,0,3,81,0,0,84,0,0,1,13,0,0,14,98,63,21,10,4,73,25,0,0,4,94,0,0,79,14,93,60,19,10,4,70,23,0,0,1,78,0,0,1,13,0,0,2,91,0,0,0,0,0,0,2,0,2,1,1,0,0,1,1,0,0,1,1,0,0,0,0,0,0,1,1,0,0,0,0,0,0,3,0,3,2,1,0,0,2,1,0,0,1,2,0,0,0,0,0,0,1,2,0,0,0,0,0,0,0,0,0,0,0,0,0,0,0,0,0,0,0,0,0,0,0,0,0,0,0,0,0,0,0,0,0,0,0,1,6,0,0,7,0,0,0,0,0,0,0,7,4,3,0,0,4,3,0,0,1,6,0,0,3,0,3,2,1,0,0,2,1,0,0,0,3,0,0,0,0,0,0,0,3,0,0,0,0,0,0,0,0,0,0,0,0,0,0,0,0,0,0,0,0,0,0,0,0,0,0,0,0,0,0,0,0,0,4,0,4,2,2,0,0,2,2,0,0,1,3,0,0,0,0,0,0,1,3,0,0,0,0,0,0,0,0,0,0,0,0,0,0,0,0,0,0,0,0,0,0,0,0,0,0,0,0,0,0,0,0,0,91,14,105,67,24,10,4,77,28,0,0,4,87,0,0,1,13,0,0,5,100,0,0,0,0,0,0,0,0,0,0,0,0,0,0,0,0,0,0,0,0,0,0,0,0,0,0,0,0,0,0,0,0,0,75,0,75,61,14,0,0,61,14,0,0,0,75,0,0,0,0,0,0,0,75,0,0,0,0,0,0,0,0,0,0,0,0,0,0,0,0,0,0,0,0,0,0,0,0,0,0,0,0,0,0,0,0,0,2,0,2,2,0,0,0,2,0,0,0,0,2,0,0,0,0,0,0,0,2,0,0,0,0,0,0,5,0,5,2,3,0,0,2,3,0,0,0,5,0,0,0,0,0,0,0,5,0,0,0,0,0,0,21,0,21,6,15,0,0,6,15,0,0,0,21,0,0,0,0,0,0,0,21,0,0,0,0,0,0,0,0,0,0,0,0,0,0,0,0,0,0,0,0,0,0,0,0,0,0,0,0,0,0,0,0,0,0,0,0,0,0,0,0,0,0,0,0,0,0,0,0,0,0,0,0,0,0,0,0,0,0,0,0,0,0,0,0,0,0,0,0,0,0,0,0,0,0,0,0,0,0,0,0,0,0,0,0,0,0,0,0,0,0,0,0,0,0,0,0,0,0,0,0,0,0,0,0,0,0,0,0,0,0,0,0,0,0,0,0,0,0,0,0,0,0,0,0,0,0,0,0,0,0,0,0,0,0,0,0,0,0,0,0,0,0,0,0,0,0,0,0,0,0,0,0,0,0,0,0,0,0,0,0,0,0,0,0,0,0,0,0,22,8,30,17,5,4,4,21,9,0,0,0,22,0,0,0,8,0,0,0,30,0,0,0,0,0,0,5,0,5,5,0,0,0,5,0,0,0,0,5,0,0,0,0,0,0,0,5,0,0,0,0,0,0,0,0,0,0,0,0,0,0,0,0,0,0,0,0,0,0,0,0,0,0,0,0,0,0,0,0,0,0,0,0,0,0,0,0,0,0,0,0,0,0,0,0,0,0,0,0,0,0,0,0,0,0,0,0,80,11,91,59,21,8,3,67,24,0,0,3,77,0,0,0,11,0,0,3,88,0,0,0,0,0,0,8,5,13,8,0,4,1,12,1,0,0,1,7,0,0,0,5,0,0,1,12,0,0,0,0,0,0,0,0,0,0,0,0,0,0,0,0,0,0,0,0,0,0,0,0,0,0,0,0,0,0,0,0,0,0,0,0,0,0,0,0,0,0,0,0,0,0,0,0,0,0,0,0,0,0,0,0,0,0,0,0,0,0,0,0,0,0,0,0,0,0,0,0,0,0,0,0,0,0,0,0,0,0,0,0,0,0,0,0,0,0,0,0,0,0,0,0,0,0,0,0,0,0,0,0,0,0,0,0,0,0,0,0,0,0,1,0,1,1,0,0,0,1,0,0,0,0,1,0,0,0,0,0,0,0,1,0,0,0,0,0,0,1,0,1,1,0,0,0,1,0,0,0,0,1,0,0,0,0,0,0,0,1,0,0,0,0,0,0,0,0,0,0,0,0,0,0,0,0,0,0,0,0,0,0,0,0,0,0,0,0,0,0,0,0,0,7,0,7,6,1,0,0,6,1,0,1,0,6,0,0,0,0,0,1,0,6,0,0,0,0,0,0,0,0,0,0,0,0,0,0,0,0,0,0,0,0,0,0,0,0,0,0,0,0,0,0,0,0,0,47,7,54,28,19,7,0,35,19,0,0,0,47,0,0,0,7,0,0,0,54,0,0,0,0,0,0,0,0,0,0,0,0,0,0,0,0,0,0,0,0,0,0,0,0,0,0,0,0,0,0,0,0,0,21,9,30,16,5,8,1,24,6,0,0,3,18,0,0,0,9,0,0,3,27,0,0,0,0,0,0,1,1,2,1,0,1,0,2,0,0,0,0,1,0,0,0,1,0,0,0,2,0,0,0,0,0,0,679,107,786,502,177,76,31,578,208,0,1,23,655,0,0,3,104,0,1,26,759,0,0,0,0,0,0
Washington County Sheriff's Office,NY05700,2009,New York,44649,8,2,10,6,2,2,0,8,2,0,1,2,5,0,0,0,2,0,1,2,7,0,0,0,0,0,0,105,4,109,89,16,2,2,91,18,0,0,5,100,0,0,1,3,0,0,6,103,0,0,0,0,0,0,0,0,0,0,0,0,0,0,0,0,0,0,0,0,0,0,0,0,0,0,0,0,0,0,0,0,0,5,4,9,4,1,4,0,8,1,0,0,1,4,0,0,0,4,0,0,1,8,0,0,0,0,0,0,0,0,0,0,0,0,0,0,0,0,0,0,0,0,0,0,0,0,0,0,0,0,0,0,0,0,0,11,0,11,7,4,0,0,7,4,0,0,0,11,0,0,0,0,0,0,0,11,0,0,0,0,0,0,0,0,2,72,0,0,74,0,0,0,9,0,0,9,83,60,14,6,3,66,17,0,0,2,81,0,0,70,8,78,57,13,5,3,62,16,0,0,2,68,0,0,0,8,0,0,2,76,0,0,0,0,0,0,0,0,0,0,0,0,0,0,0,0,0,0,0,0,0,0,0,0,0,0,0,0,0,0,0,0,0,4,1,5,3,1,1,0,4,1,0,0,0,4,0,0,0,1,0,0,0,5,0,0,0,0,0,0,0,0,0,0,0,0,0,0,0,0,0,0,0,0,0,0,0,0,0,0,0,0,0,0,0,0,0,0,0,2,0,0,0,2,0,0,0,4,0,0,4,6,2,0,3,1,5,1,0,0,2,4,0,0,0,3,3,0,0,2,1,2,1,0,0,0,0,0,0,0,3,0,0,0,3,0,0,0,0,0,0,0,1,1,0,0,1,0,1,0,0,0,0,0,0,0,0,1,0,0,0,1,0,0,0,0,0,0,2,0,2,2,0,0,0,2,0,0,0,2,0,0,0,0,0,0,0,2,0,0,0,0,0,0,0,0,0,0,0,0,0,0,0,0,0,0,0,0,0,0,0,0,0,0,0,0,0,0,0,0,0,0,76,13,89,62,14,9,4,71,18,0,0,4,72,0,0,0,13,0,0,4,85,0,0,0,0,0,0,0,0,0,0,0,0,0,0,0,0,0,0,0,0,0,0,0,0,0,0,0,0,0,0,0,0,0,83,1,84,63,20,1,0,64,20,0,0,2,81,0,0,0,1,0,0,2,82,0,0,0,0,0,0,0,0,0,0,0,0,0,0,0,0,0,0,0,0,0,0,0,0,0,0,0,0,0,0,0,0,0,3,0,3,1,2,0,0,1,2,0,0,0,3,0,0,0,0,0,0,0,3,0,0,0,0,0,0,6,0,6,2,4,0,0,2,4,0,0,0,6,0,0,0,0,0,0,0,6,0,0,0,0,0,0,41,0,41,17,24,0,0,17,24,0,0,2,39,0,0,0,0,0,0,2,39,0,0,0,0,0,0,0,0,0,0,0,0,0,0,0,0,0,0,0,0,0,0,0,0,0,0,0,0,0,0,0,0,0,0,0,0,0,0,0,0,0,0,0,0,0,0,0,0,0,0,0,0,0,0,0,0,0,0,0,0,0,0,0,0,0,0,0,0,0,0,0,0,0,0,0,0,0,0,0,0,0,0,0,0,0,0,0,0,0,0,0,0,0,0,0,0,0,0,0,0,0,0,0,0,0,0,0,0,0,0,0,0,0,0,0,0,0,0,0,0,0,0,0,0,0,0,0,0,0,0,0,0,0,0,0,0,0,0,0,0,0,0,0,0,0,0,0,0,0,0,0,0,0,0,0,0,0,0,0,0,0,0,0,0,0,0,0,0,41,20,61,31,10,19,1,50,11,0,0,2,39,0,0,0,20,0,0,2,59,0,0,0,0,0,0,6,0,6,4,2,0,0,4,2,0,0,0,6,0,0,0,0,0,0,0,6,0,0,0,0,0,0,0,0,0,0,0,0,0,0,0,0,0,0,0,0,0,0,0,0,0,0,0,0,0,0,0,0,0,0,0,0,0,0,0,0,0,0,0,0,0,0,0,0,0,0,0,0,0,0,0,0,0,0,0,0,72,20,92,53,19,11,9,64,28,0,0,2,70,0,0,1,19,0,0,3,89,0,0,0,0,0,0,7,2,9,7,0,2,0,9,0,0,0,0,7,0,0,0,2,0,0,0,9,0,0,0,0,0,0,0,0,0,0,0,0,0,0,0,0,0,0,0,0,0,0,0,0,0,0,0,0,0,0,0,0,0,0,0,0,0,0,0,0,0,0,0,0,0,0,0,0,0,0,0,0,0,0,0,0,0,0,0,0,0,0,0,0,0,0,0,0,0,0,0,0,0,0,0,0,0,0,0,0,0,0,0,0,0,0,0,0,0,0,0,0,0,0,0,0,0,0,0,0,0,0,0,0,0,0,0,0,0,0,0,0,0,0,0,0,0,0,0,0,0,0,0,0,0,0,0,0,0,0,0,0,0,0,0,0,0,0,0,0,0,1,0,1,1,0,0,0,1,0,0,0,0,1,0,0,0,0,0,0,0,1,0,0,0,0,0,0,0,0,0,0,0,0,0,0,0,0,0,0,0,0,0,0,0,0,0,0,0,0,0,0,0,0,0,1,1,2,1,0,1,0,2,0,0,0,0,1,0,0,0,1,0,0,0,2,0,0,0,0,0,0,0,0,0,0,0,0,0,0,0,0,0,0,0,0,0,0,0,0,0,0,0,0,0,0,0,0,0,36,5,41,20,16,4,1,24,17,0,0,0,36,0,0,0,5,0,0,0,41,0,0,0,0,0,0,0,0,0,0,0,0,0,0,0,0,0,0,0,0,0,0,0,0,0,0,0,0,0,0,0,0,0,30,16,46,27,3,12,4,39,7,0,0,0,30,0,0,1,15,0,0,1,45,0,0,0,0,0,0,4,2,6,4,0,2,0,6,0,0,0,0,4,0,0,1,1,0,0,1,5,0,0,0,0,0,0,688,116,804,523,165,87,29,610,194,0,1,28,659,0,0,4,112,0,1,32,771,0,0,0,0,0,0
Washington County Sheriff's Office,NY05700,2008,New York,44532,6,1,7,5,1,1,0,6,1,0,0,1,5,0,0,0,1,0,0,1,6,0,0,0,0,0,0,118,12,130,88,30,10,2,98,32,0,1,1,116,0,0,0,12,0,1,1,128,0,0,0,0,0,0,0,0,0,0,0,0,0,0,0,0,0,0,0,0,0,0,0,0,0,0,0,0,0,0,0,0,0,6,1,7,4,2,1,0,5,2,0,0,0,6,0,0,0,1,0,0,0,7,0,0,0,0,0,0,0,0,0,0,0,0,0,0,0,0,0,0,0,0,0,0,0,0,0,0,0,0,0,0,0,0,0,8,5,13,7,1,4,1,11,2,0,0,0,8,0,0,0,5,0,0,0,13,0,0,0,0,0,0,0,0,0,51,0,0,51,0,0,0,19,0,0,19,70,40,11,18,1,58,12,0,0,0,70,0,0,48,18,66,37,11,17,1,54,12,0,0,0,48,0,0,0,18,0,0,0,66,0,0,0,0,0,0,0,0,0,0,0,0,0,0,0,0,0,0,0,0,0,0,0,0,0,0,0,0,0,0,0,0,0,3,1,4,3,0,1,0,4,0,0,0,0,3,0,0,0,1,0,0,0,4,0,0,0,0,0,0,0,0,0,0,0,0,0,0,0,0,0,0,0,0,0,0,0,0,0,0,0,0,0,0,0,0,0,0,0,2,4,0,0,6,0,0,0,0,0,0,0,6,5,1,0,0,5,1,0,0,2,4,0,0,1,0,1,1,0,0,0,1,0,0,0,0,1,0,0,0,0,0,0,0,1,0,0,0,0,0,0,0,0,0,0,0,0,0,0,0,0,0,0,0,0,0,0,0,0,0,0,0,0,0,0,0,0,0,5,0,5,4,1,0,0,4,1,0,0,2,3,0,0,0,0,0,0,2,3,0,0,0,0,0,0,0,0,0,0,0,0,0,0,0,0,0,0,0,0,0,0,0,0,0,0,0,0,0,0,0,0,0,57,19,76,45,12,18,1,63,13,0,0,2,55,0,0,0,19,0,0,2,74,0,0,0,0,0,0,0,0,0,0,0,0,0,0,0,0,0,0,0,0,0,0,0,0,0,0,0,0,0,0,0,0,0,47,0,47,39,8,0,0,39,8,0,0,5,42,0,0,0,0,0,0,5,42,0,0,0,0,0,0,0,0,0,0,0,0,0,0,0,0,0,0,0,0,0,0,0,0,0,0,0,0,0,0,0,0,0,6,0,6,4,2,0,0,4,2,0,0,0,6,0,0,0,0,0,0,0,6,0,0,0,0,0,0,6,0,6,2,4,0,0,2,4,0,0,0,6,0,0,0,0,0,0,0,6,0,0,0,0,0,0,37,0,37,20,17,0,0,20,17,0,0,1,36,0,0,0,0,0,0,1,36,0,0,0,0,0,0,0,0,0,0,0,0,0,0,0,0,0,0,0,0,0,0,0,0,0,0,0,0,0,0,0,0,0,0,0,0,0,0,0,0,0,0,0,0,0,0,0,0,0,0,0,0,0,0,0,0,0,0,0,0,0,0,0,0,0,0,0,0,0,0,0,0,0,0,0,0,0,0,0,0,0,0,0,0,0,0,0,0,0,0,0,0,0,0,0,0,0,0,0,0,0,0,0,0,0,0,0,0,0,0,0,0,0,0,0,0,0,0,0,0,0,0,0,0,0,0,0,0,0,0,0,0,0,0,0,0,0,0,0,0,0,0,0,0,0,0,0,0,0,0,0,0,0,0,0,0,0,0,0,0,0,0,0,0,0,0,0,0,22,9,31,15,7,8,1,23,8,0,0,0,22,0,0,1,8,0,0,1,30,0,0,0,0,0,0,0,0,0,0,0,0,0,0,0,0,0,0,0,0,0,0,0,0,0,0,0,0,0,0,0,0,0,0,1,1,0,0,1,0,1,0,0,0,0,0,0,0,0,1,0,0,0,1,0,0,0,0,0,0,0,0,0,0,0,0,0,0,0,0,0,0,0,0,0,0,0,0,0,0,0,0,0,0,0,0,0,78,20,98,54,24,15,5,69,29,0,0,1,77,0,0,0,20,0,0,1,97,0,0,0,0,0,0,7,0,7,7,0,0,0,7,0,0,0,0,7,0,0,0,0,0,0,0,7,0,0,0,0,0,0,0,0,0,0,0,0,0,0,0,0,0,0,0,0,0,0,0,0,0,0,0,0,0,0,0,0,0,0,0,0,0,0,0,0,0,0,0,0,0,0,0,0,0,0,0,0,0,0,0,0,0,0,0,0,0,0,0,0,0,0,0,0,0,0,0,0,0,0,0,0,0,0,0,0,0,0,0,0,0,0,0,0,0,0,0,0,0,0,0,0,0,0,0,0,0,0,0,0,0,0,0,0,0,0,0,0,0,0,2,2,4,2,0,2,0,4,0,0,0,0,2,0,0,0,2,0,0,0,4,0,0,0,0,0,0,1,0,1,1,0,0,0,1,0,0,0,0,1,0,0,0,0,0,0,0,1,0,0,0,0,0,0,0,0,0,0,0,0,0,0,0,0,0,0,0,0,0,0,0,0,0,0,0,0,0,0,0,0,0,4,0,4,3,1,0,0,3,1,0,0,0,4,0,0,0,0,0,0,0,4,0,0,0,0,0,0,0,0,0,0,0,0,0,0,0,0,0,0,0,0,0,0,0,0,0,0,0,0,0,0,0,0,0,65,3,68,28,37,2,1,30,38,0,0,0,65,0,0,0,3,0,0,0,68,0,0,0,0,0,0,0,0,0,0,0,0,0,0,0,0,0,0,0,0,0,0,0,0,0,0,0,0,0,0,0,0,0,20,9,29,15,5,8,1,23,6,0,0,0,20,0,0,2,7,0,0,2,27,0,0,0,0,0,0,3,1,4,3,0,1,0,4,0,0,0,0,3,0,0,0,1,0,0,0,4,0,0,0,0,0,0,607,121,728,432,175,107,14,539,189,0,1,15,591,0,0,3,118,0,1,18,709,0,0,0,0,0,0
Washington County Sheriff's Office,NY05700,2007,New York,44815,13,6,19,11,2,3,3,14,5,0,0,0,13,0,0,0,6,0,0,0,19,0,0,0,0,0,0,111,20,131,86,25,15,5,101,30,0,0,1,110,0,0,0,20,0,0,1,130,0,0,0,0,0,0,0,0,0,0,0,0,0,0,0,0,0,0,0,0,0,0,0,0,0,0,0,0,0,0,0,0,0,31,6,37,24,7,6,0,30,7,0,0,0,31,0,0,0,6,0,0,0,37,0,0,0,0,0,0,0,0,0,0,0,0,0,0,0,0,0,0,0,0,0,0,0,0,0,0,0,0,0,0,0,0,0,21,9,30,16,5,8,1,24,6,0,0,0,21,0,0,0,9,0,0,0,30,0,0,0,0,0,0,0,0,6,60,0,0,66,0,0,2,9,0,0,11,77,56,10,9,2,65,12,0,0,8,69,0,0,57,11,68,49,8,9,2,58,10,0,0,1,56,0,0,2,9,0,0,3,65,0,0,0,0,0,0,0,0,0,0,0,0,0,0,0,0,0,0,0,0,0,0,0,0,0,0,0,0,0,0,0,0,0,8,0,8,6,2,0,0,6,2,0,0,5,3,0,0,0,0,0,0,5,3,0,0,0,0,0,0,1,0,1,1,0,0,0,1,0,0,0,0,1,0,0,0,0,0,0,0,1,0,0,0,0,0,0,0,0,0,3,0,0,3,0,0,0,1,0,0,1,4,3,0,1,0,4,0,0,0,0,4,0,0,3,1,4,3,0,1,0,4,0,0,0,0,3,0,0,0,1,0,0,0,4,0,0,0,0,0,0,0,0,0,0,0,0,0,0,0,0,0,0,0,0,0,0,0,0,0,0,0,0,0,0,0,0,0,0,0,0,0,0,0,0,0,0,0,0,0,0,0,0,0,0,0,0,0,0,0,0,0,0,0,0,0,0,0,0,0,0,0,0,0,0,0,0,0,0,0,0,0,0,0,0,0,0,0,0,0,0,0,69,12,81,59,10,10,2,69,12,0,0,6,63,0,0,2,10,0,0,8,73,0,0,0,0,0,0,0,0,0,0,0,0,0,0,0,0,0,0,0,0,0,0,0,0,0,0,0,0,0,0,0,0,0,70,0,70,52,18,0,0,52,18,0,0,0,70,0,0,0,0,0,0,0,70,0,0,0,0,0,0,0,0,0,0,0,0,0,0,0,0,0,0,0,0,0,0,0,0,0,0,0,0,0,0,0,0,0,11,0,11,11,0,0,0,11,0,0,0,0,11,0,0,0,0,0,0,0,11,0,0,0,0,0,0,2,0,2,1,1,0,0,1,1,0,0,0,2,0,0,0,0,0,0,0,2,0,0,0,0,0,0,33,0,33,13,20,0,0,13,20,0,0,2,31,0,0,0,0,0,0,2,31,0,0,0,0,0,0,0,0,0,0,0,0,0,0,0,0,0,0,0,0,0,0,0,0,0,0,0,0,0,0,0,0,0,0,0,0,0,0,0,0,0,0,0,0,0,0,0,0,0,0,0,0,0,0,0,0,0,0,0,0,0,0,0,0,0,0,0,0,0,0,0,0,0,0,0,0,0,0,0,0,0,0,0,0,0,0,0,0,0,0,0,0,0,0,0,0,0,0,0,0,0,0,0,0,0,0,0,0,0,0,0,0,0,0,0,0,0,0,0,0,0,0,0,0,0,0,0,0,0,0,0,0,0,0,0,0,0,0,0,0,0,0,0,0,0,0,0,0,0,0,0,0,0,0,0,0,0,0,0,0,0,0,0,0,0,0,0,0,10,9,19,7,3,7,2,14,5,0,0,1,9,0,0,0,9,0,0,1,18,0,0,0,0,0,0,2,0,2,2,0,0,0,2,0,0,0,1,1,0,0,0,0,0,0,1,1,0,0,0,0,0,0,1,0,1,1,0,0,0,1,0,0,0,0,1,0,0,0,0,0,0,0,1,0,0,0,0,0,0,2,0,2,2,0,0,0,2,0,0,0,0,2,0,0,0,0,0,0,0,2,0,0,0,0,0,0,68,22,90,54,14,14,8,68,22,0,0,0,68,0,0,2,20,0,0,2,88,0,0,0,0,0,0,3,0,3,0,3,0,0,0,3,0,0,0,3,0,0,0,0,0,0,0,3,0,0,0,0,0,0,0,0,0,0,0,0,0,0,0,0,0,0,0,0,0,0,0,0,0,0,0,0,0,0,0,0,0,0,0,0,0,0,0,0,0,0,0,0,0,0,0,0,0,0,0,0,0,0,0,0,0,0,0,0,0,0,0,0,0,0,0,0,0,0,0,0,0,0,0,0,0,0,0,0,0,0,0,0,0,0,0,0,0,0,0,0,0,0,0,0,0,0,0,0,0,0,0,0,0,0,0,0,0,0,0,0,0,0,1,0,1,1,0,0,0,1,0,0,0,0,1,0,0,0,0,0,0,0,1,0,0,0,0,0,0,2,1,3,2,0,1,0,3,0,0,0,1,1,0,0,1,0,0,0,2,1,0,0,0,0,0,0,0,0,0,0,0,0,0,0,0,0,0,0,0,0,0,0,0,0,0,0,0,0,0,0,0,0,0,0,2,2,0,0,1,1,1,1,0,0,0,0,0,0,0,2,0,0,0,2,0,0,0,0,0,0,0,0,0,0,0,0,0,0,0,0,0,0,0,0,0,0,0,0,0,0,0,0,0,0,0,0,0,40,12,52,15,25,6,6,21,31,0,0,0,40,0,0,0,12,0,0,0,52,0,0,0,0,0,0,0,0,0,0,0,0,0,0,0,0,0,0,0,0,0,0,0,0,0,0,0,0,0,0,0,0,0,26,10,36,19,7,7,3,26,10,0,0,1,25,0,0,1,9,0,0,2,34,0,0,0,0,0,0,4,1,5,4,0,1,0,5,0,0,0,0,4,0,0,1,0,0,0,1,4,0,0,0,0,0,0,658,134,792,498,160,99,35,597,195,0,0,25,633,0,0,11,123,0,0,36,756,0,0,0,0,0,0
Washington County Sheriff's Office,NY05700,2006,New York,44127,7,5,12,5,2,3,2,8,4,0,0,0,7,0,0,0,5,0,0,0,12,0,0,0,0,0,0,118,18,136,87,31,13,5,100,36,0,0,3,115,0,0,0,18,0,0,3,133,0,0,0,0,0,0,0,0,0,0,0,0,0,0,0,0,0,0,0,0,0,0,0,0,0,0,0,0,0,0,0,0,0,20,17,37,17,3,17,0,34,3,0,0,1,19,0,0,0,17,0,0,1,36,0,0,0,0,0,0,0,0,0,0,0,0,0,0,0,0,0,0,0,0,0,0,0,0,0,0,0,0,0,0,0,0,0,16,3,19,12,4,0,3,12,7,0,0,1,15,0,0,0,3,0,0,1,18,0,0,0,0,0,0,0,0,3,50,0,0,53,0,0,0,12,0,0,12,65,44,9,9,3,53,12,0,0,3,62,0,0,46,12,58,39,7,9,3,48,10,0,0,1,45,0,0,0,12,0,0,1,57,0,0,0,0,0,0,0,0,0,0,0,0,0,0,0,0,0,0,0,0,0,0,0,0,0,0,0,0,0,0,0,0,0,7,0,7,5,2,0,0,5,2,0,0,2,5,0,0,0,0,0,0,2,5,0,0,0,0,0,0,0,0,0,0,0,0,0,0,0,0,0,0,0,0,0,0,0,0,0,0,0,0,0,0,0,0,0,0,0,0,8,0,0,8,0,0,0,0,0,0,0,8,6,2,0,0,6,2,0,0,0,8,0,0,4,0,4,3,1,0,0,3,1,0,0,0,4,0,0,0,0,0,0,0,4,0,0,0,0,0,0,0,0,0,0,0,0,0,0,0,0,0,0,0,0,0,0,0,0,0,0,0,0,0,0,0,0,0,4,0,4,3,1,0,0,3,1,0,0,0,4,0,0,0,0,0,0,0,4,0,0,0,0,0,0,0,0,0,0,0,0,0,0,0,0,0,0,0,0,0,0,0,0,0,0,0,0,0,0,0,0,0,61,12,73,50,11,9,3,59,14,0,0,3,58,0,0,0,12,0,0,3,70,0,0,0,0,0,0,0,0,0,0,0,0,0,0,0,0,0,0,0,0,0,0,0,0,0,0,0,0,0,0,0,0,0,91,1,92,73,18,0,1,73,19,0,0,1,90,0,0,0,1,0,0,1,91,0,0,0,0,0,0,0,0,0,0,0,0,0,0,0,0,0,0,0,0,0,0,0,0,0,0,0,0,0,0,0,0,0,0,0,0,0,0,0,0,0,0,0,0,0,0,0,0,0,0,0,0,0,0,0,0,0,0,0,0,5,0,5,2,3,0,0,2,3,0,0,0,5,0,0,0,0,0,0,0,5,0,0,0,0,0,0,41,0,41,28,13,0,0,28,13,0,0,3,38,0,0,0,0,0,0,3,38,0,0,0,0,0,0,0,0,0,0,0,0,0,0,0,0,0,0,0,0,0,0,0,0,0,0,0,0,0,0,0,0,0,0,0,0,0,0,0,0,0,0,0,0,0,0,0,0,0,0,0,0,0,0,0,0,0,0,0,0,0,0,0,0,0,0,0,0,0,0,0,0,0,0,0,0,0,0,0,0,0,0,0,0,0,0,0,0,0,0,0,0,0,0,0,0,0,0,0,0,0,0,0,0,0,0,0,0,0,0,0,0,0,0,0,0,0,0,0,0,0,0,0,0,0,0,0,0,0,0,0,0,0,0,0,0,0,0,0,0,0,0,0,0,0,0,0,0,0,0,0,0,0,0,0,0,0,0,0,0,0,0,0,0,0,0,0,0,31,4,35,21,10,4,0,25,10,0,0,0,31,0,0,0,4,0,0,0,35,0,0,0,0,0,0,0,2,2,0,0,1,1,1,1,0,0,0,0,0,0,0,2,0,0,0,2,0,0,0,0,0,0,0,0,0,0,0,0,0,0,0,0,0,0,0,0,0,0,0,0,0,0,0,0,0,0,0,0,0,0,0,0,0,0,0,0,0,0,0,0,0,0,0,0,0,0,0,0,0,0,0,0,0,0,0,0,68,17,85,49,19,12,5,61,24,0,0,3,65,0,0,0,17,0,0,3,82,0,0,0,0,0,0,3,3,6,3,0,3,0,6,0,0,0,0,3,0,0,0,3,0,0,0,6,0,0,0,0,0,0,0,0,0,0,0,0,0,0,0,0,0,0,0,0,0,0,0,0,0,0,0,0,0,0,0,0,0,0,0,0,0,0,0,0,0,0,0,0,0,0,0,0,0,0,0,0,0,0,0,0,0,0,0,0,0,0,0,0,0,0,0,0,0,0,0,0,0,0,0,0,0,0,0,0,0,0,0,0,0,0,0,0,0,0,0,0,0,0,0,0,0,0,0,0,0,0,0,0,0,0,0,0,0,0,0,0,0,0,2,3,5,2,0,3,0,5,0,0,0,0,2,0,0,0,3,0,0,0,5,0,0,0,0,0,0,0,0,0,0,0,0,0,0,0,0,0,0,0,0,0,0,0,0,0,0,0,0,0,0,0,0,0,0,0,0,0,0,0,0,0,0,0,0,0,0,0,0,0,0,0,0,0,0,0,0,0,0,0,0,2,4,6,2,0,3,1,5,1,0,0,0,2,0,0,1,4,0,0,1,6,0,0,0,0,0,0,0,0,0,0,0,0,0,0,0,0,0,0,0,0,0,0,0,0,0,0,0,0,0,0,0,0,0,77,10,87,56,21,7,3,63,24,0,0,0,77,0,0,0,10,0,0,0,87,0,0,0,0,0,0,0,0,0,0,0,0,0,0,0,0,0,0,0,0,0,0,0,0,0,0,0,0,0,0,0,0,0,21,15,36,19,2,10,5,29,7,0,0,0,21,0,0,0,15,0,0,0,36,0,0,0,0,0,0,1,4,5,1,0,4,0,5,0,0,0,0,1,0,0,0,4,0,0,0,5,0,0,0,0,0,0,686,142,828,527,159,107,35,634,194,0,0,21,665,0,0,1,142,0,0,22,807,0,0,0,0,0,0
Washington County Sheriff's Office,NY05700,2005,New York,43685,10,3,13,9,1,2,1,11,2,0,0,2,8,0,0,1,3,0,0,3,11,0,0,0,0,0,0,119,16,135,74,45,10,6,84,51,0,0,6,113,0,0,3,13,0,0,9,126,0,0,0,0,0,0,0,0,0,0,0,0,0,0,0,0,0,0,0,0,0,0,0,0,0,0,0,0,0,0,0,0,0,8,12,20,7,1,12,0,19,1,0,0,0,8,0,0,0,12,0,0,0,20,0,0,0,0,0,0,0,0,0,0,0,0,0,0,0,0,0,0,0,0,0,0,0,0,0,0,0,0,0,0,0,0,0,9,1,10,6,3,1,0,7,3,0,0,0,9,0,0,0,1,0,0,0,10,0,0,0,0,0,0,0,0,6,59,0,0,65,0,0,1,9,0,0,10,75,51,14,9,1,60,15,0,0,7,68,0,0,62,6,68,48,14,6,0,54,14,0,0,3,59,0,0,0,6,0,0,3,65,0,0,0,0,0,0,0,0,0,0,0,0,0,0,0,0,0,0,0,0,0,0,0,0,0,0,0,0,0,0,0,0,0,3,4,7,3,0,3,1,6,1,0,0,3,0,0,0,1,3,0,0,4,3,0,0,0,0,0,0,0,0,0,0,0,0,0,0,0,0,0,0,0,0,0,0,0,0,0,0,0,0,0,0,0,0,0,0,0,1,5,0,0,6,0,0,0,4,0,0,4,10,3,3,3,1,6,4,0,0,1,9,0,0,1,0,1,1,0,0,0,1,0,0,0,0,1,0,0,0,0,0,0,0,1,0,0,0,0,0,0,0,1,1,0,0,1,0,1,0,0,0,0,0,0,0,0,1,0,0,0,1,0,0,0,0,0,0,5,3,8,2,3,2,1,4,4,0,0,1,4,0,0,0,3,0,0,1,7,0,0,0,0,0,0,0,0,0,0,0,0,0,0,0,0,0,0,0,0,0,0,0,0,0,0,0,0,0,0,0,0,0,71,14,85,54,17,12,2,66,19,0,0,7,64,0,0,1,13,0,0,8,77,0,0,0,0,0,0,0,0,0,0,0,0,0,0,0,0,0,0,0,0,0,0,0,0,0,0,0,0,0,0,0,0,0,86,2,88,63,23,2,0,65,23,0,0,1,85,0,0,0,2,0,0,1,87,0,0,0,0,0,0,0,0,0,0,0,0,0,0,0,0,0,0,0,0,0,0,0,0,0,0,0,0,0,0,0,0,0,1,0,1,1,0,0,0,1,0,0,0,0,1,0,0,0,0,0,0,0,1,0,0,0,0,0,0,4,1,5,2,2,1,0,3,2,0,1,0,3,0,0,1,0,0,1,1,3,0,0,0,0,0,0,20,1,21,8,12,1,0,9,12,0,0,0,20,0,0,0,1,0,0,0,21,0,0,0,0,0,0,0,0,0,0,0,0,0,0,0,0,0,0,0,0,0,0,0,0,0,0,0,0,0,0,0,0,0,0,0,0,0,0,0,0,0,0,0,0,0,0,0,0,0,0,0,0,0,0,0,0,0,0,0,0,0,0,0,0,0,0,0,0,0,0,0,0,0,0,0,0,0,0,0,0,0,0,0,0,0,0,0,0,0,0,0,0,0,0,0,0,0,0,0,0,0,0,0,0,0,0,0,0,0,0,0,0,0,0,0,0,0,0,0,0,0,0,0,0,0,0,0,0,0,0,0,0,0,0,0,0,0,0,0,0,0,0,0,0,0,0,0,0,0,0,0,0,0,0,0,0,0,0,0,0,0,0,0,0,0,0,0,0,13,9,22,11,2,6,3,17,5,0,0,0,13,0,0,0,9,0,0,0,22,0,0,0,0,0,0,4,1,5,3,1,1,0,4,1,0,0,0,4,0,0,0,1,0,0,0,5,0,0,0,0,0,0,1,0,1,1,0,0,0,1,0,0,0,0,1,0,0,0,0,0,0,0,1,0,0,0,0,0,0,0,0,0,0,0,0,0,0,0,0,0,0,0,0,0,0,0,0,0,0,0,0,0,0,0,0,0,69,20,89,50,19,9,11,59,30,0,0,3,66,0,0,4,16,0,0,7,82,0,0,0,0,0,0,9,4,13,9,0,4,0,13,0,0,0,0,9,0,0,0,4,0,0,0,13,0,0,0,0,0,0,0,0,0,0,0,0,0,0,0,0,0,0,0,0,0,0,0,0,0,0,0,0,0,0,0,0,0,0,0,0,0,0,0,0,0,0,0,0,0,0,0,0,0,0,0,0,0,0,0,0,0,0,0,0,0,0,0,0,0,0,0,0,0,0,0,0,0,0,0,0,0,0,0,0,0,0,0,0,0,0,0,0,0,0,0,0,0,0,0,0,0,0,0,0,0,0,0,0,0,0,0,0,0,0,0,0,0,0,0,0,0,0,0,0,0,0,0,0,0,0,0,0,0,0,0,0,0,0,0,0,0,0,0,0,0,0,2,2,0,0,1,1,1,1,0,0,0,0,0,0,0,2,0,0,0,2,0,0,0,0,0,0,0,0,0,0,0,0,0,0,0,0,0,0,0,0,0,0,0,0,0,0,0,0,0,0,0,0,0,5,1,6,3,2,0,1,3,3,0,0,0,5,0,0,0,1,0,0,0,6,0,0,0,0,0,0,0,0,0,0,0,0,0,0,0,0,0,0,0,0,0,0,0,0,0,0,0,0,0,0,0,0,0,34,27,61,23,11,21,6,44,17,0,0,0,34,0,0,1,26,0,0,1,60,0,0,0,0,0,0,0,0,0,0,0,0,0,0,0,0,0,0,0,0,0,0,0,0,0,0,0,0,0,0,0,0,0,12,5,17,10,2,4,1,14,3,0,0,0,12,0,0,0,5,0,0,0,17,0,0,0,0,0,0,2,2,4,2,0,1,1,3,1,1,0,0,1,0,0,0,2,1,0,0,3,0,0,0,0,0,0,619,149,768,444,175,112,37,556,212,1,1,33,584,0,0,13,137,1,1,46,721,0,0,0,0,0,0
Washington County Sheriff's Office,NY05700,2004,New York,42925,6,6,12,5,1,5,1,10,2,0,0,1,5,0,0,0,6,0,0,1,11,0,0,0,0,0,0,124,31,155,98,26,23,8,121,34,0,0,11,113,0,0,0,31,0,0,11,144,0,0,0,0,0,0,0,1,1,0,0,1,0,1,0,0,0,0,0,0,0,0,1,0,0,0,1,0,0,0,0,0,0,5,17,22,4,1,11,6,15,7,0,0,0,5,0,0,1,16,0,0,1,21,0,0,0,0,0,0,0,0,0,0,0,0,0,0,0,0,0,0,0,0,0,0,0,0,0,0,0,0,0,0,0,0,0,6,1,7,4,2,1,0,5,2,0,0,0,6,0,0,0,1,0,0,0,7,0,0,0,0,0,0,1,0,1,74,0,0,76,0,0,0,23,0,0,23,99,66,10,19,4,85,14,1,0,1,97,0,0,76,20,96,66,10,16,4,82,14,1,0,1,74,0,0,0,20,1,0,1,94,0,0,0,0,0,0,0,0,0,0,0,0,0,0,0,0,0,0,0,0,0,0,0,0,0,0,0,0,0,0,0,0,0,0,3,3,0,0,3,0,3,0,0,0,0,0,0,0,0,3,0,0,0,3,0,0,0,0,0,0,0,0,0,0,0,0,0,0,0,0,0,0,0,0,0,0,0,0,0,0,0,0,0,0,0,0,0,0,0,0,7,0,0,7,0,0,0,1,0,0,1,8,5,2,1,0,6,2,0,0,0,8,0,0,5,0,5,4,1,0,0,4,1,0,0,0,5,0,0,0,0,0,0,0,5,0,0,0,0,0,0,0,0,0,0,0,0,0,0,0,0,0,0,0,0,0,0,0,0,0,0,0,0,0,0,0,0,0,2,1,3,1,1,1,0,2,1,0,0,0,2,0,0,0,1,0,0,0,3,0,0,0,0,0,0,0,0,0,0,0,0,0,0,0,0,0,0,0,0,0,0,0,0,0,0,0,0,0,0,0,0,0,83,24,107,71,12,20,4,91,16,1,0,1,81,0,0,0,24,1,0,1,105,0,0,0,0,0,0,0,0,0,0,0,0,0,0,0,0,0,0,0,0,0,0,0,0,0,0,0,0,0,0,0,0,0,84,1,85,71,13,1,0,72,13,0,0,1,83,0,0,0,1,0,0,1,84,0,0,0,0,0,0,0,0,0,0,0,0,0,0,0,0,0,0,0,0,0,0,0,0,0,0,0,0,0,0,0,0,0,1,0,1,0,1,0,0,0,1,0,0,0,1,0,0,0,0,0,0,0,1,0,0,0,0,0,0,4,0,4,4,0,0,0,4,0,0,0,0,4,0,0,0,0,0,0,0,4,0,0,0,0,0,0,45,0,45,26,19,0,0,26,19,0,1,0,44,0,0,0,0,0,1,0,44,0,0,0,0,0,0,0,0,0,0,0,0,0,0,0,0,0,0,0,0,0,0,0,0,0,0,0,0,0,0,0,0,0,0,0,0,0,0,0,0,0,0,0,0,0,0,0,0,0,0,0,0,0,0,0,0,0,0,0,0,0,0,0,0,0,0,0,0,0,0,0,0,0,0,0,0,0,0,0,0,0,0,0,0,0,0,0,0,0,0,0,0,0,0,0,0,0,0,0,0,0,0,0,0,0,0,0,0,0,0,0,0,0,0,0,0,0,0,0,0,0,0,0,0,0,0,0,0,0,0,0,0,0,0,0,0,0,0,0,0,0,0,0,0,0,0,0,0,0,0,0,0,0,0,0,0,0,0,0,0,0,0,0,0,0,0,0,0,19,17,36,17,2,8,9,25,11,0,0,2,17,0,0,2,15,0,0,4,32,0,0,0,0,0,0,0,0,0,0,0,0,0,0,0,0,0,0,0,0,0,0,0,0,0,0,0,0,0,0,0,0,0,0,0,0,0,0,0,0,0,0,0,0,0,0,0,0,0,0,0,0,0,0,0,0,0,0,0,0,1,0,1,1,0,0,0,1,0,0,0,0,1,0,0,0,0,0,0,0,1,0,0,0,0,0,0,42,22,64,33,9,14,8,47,17,0,0,2,40,0,0,0,22,0,0,2,62,0,0,0,0,0,0,9,8,17,9,0,7,1,16,1,0,0,0,9,0,0,0,8,0,0,0,17,0,0,0,0,0,0,0,0,0,0,0,0,0,0,0,0,0,0,0,0,0,0,0,0,0,0,0,0,0,0,0,0,0,0,0,0,0,0,0,0,0,0,0,0,0,0,0,0,0,0,0,0,0,0,0,0,0,0,0,0,0,0,0,0,0,0,0,0,0,0,0,0,0,0,0,0,0,0,0,0,0,0,0,0,0,0,0,0,0,0,0,0,0,0,0,0,0,0,0,0,0,0,0,0,0,0,0,0,0,0,0,0,0,0,1,0,1,1,0,0,0,1,0,0,0,0,1,0,0,0,0,0,0,0,1,0,0,0,0,0,0,1,0,1,1,0,0,0,1,0,0,0,0,1,0,0,0,0,0,0,0,1,0,0,0,0,0,0,0,0,0,0,0,0,0,0,0,0,0,0,0,0,0,0,0,0,0,0,0,0,0,0,0,0,0,7,3,10,6,1,2,1,8,2,0,0,0,7,0,0,0,3,0,0,0,10,0,0,0,0,0,0,0,0,0,0,0,0,0,0,0,0,0,0,0,0,0,0,0,0,0,0,0,0,0,0,0,0,0,28,14,42,20,8,12,2,32,10,0,1,0,27,0,0,0,14,0,1,0,41,0,0,0,0,0,0,0,0,0,0,0,0,0,0,0,0,0,0,0,0,0,0,0,0,0,0,0,0,0,0,0,0,0,27,20,47,23,4,19,1,42,5,0,0,1,26,0,0,3,17,0,0,4,43,0,0,0,0,0,0,1,0,1,1,0,0,0,1,0,0,0,0,1,0,0,0,0,0,0,0,1,0,0,0,0,0,0,660,213,873,537,123,164,49,701,172,3,2,21,634,0,0,6,207,3,2,27,841,0,0,0,0,0,0
Washington County Sheriff's Office,NY05700,2003,New York,42275,6,2,8,6,0,1,1,7,1,0,0,0,6,0,0,0,2,0,0,0,8,0,0,0,0,0,0,93,14,107,67,26,12,2,79,28,0,0,2,91,0,1,1,12,0,1,3,103,0,0,0,0,0,0,0,0,0,0,0,0,0,0,0,0,0,0,0,0,0,0,0,0,0,0,0,0,0,0,0,0,0,7,3,10,6,1,3,0,9,1,0,0,0,7,0,0,0,3,0,0,0,10,0,0,0,0,0,0,0,0,0,0,0,0,0,0,0,0,0,0,0,0,0,0,0,0,0,0,0,0,0,0,0,0,0,7,0,7,7,0,0,0,7,0,0,0,0,7,0,0,0,0,0,0,0,7,0,0,0,0,0,0,0,0,0,72,0,0,72,0,0,0,14,0,0,14,86,60,12,11,3,71,15,0,0,0,86,0,0,71,14,85,59,12,11,3,70,15,0,0,0,71,0,0,0,14,0,0,0,85,0,0,0,0,0,0,0,0,0,0,0,0,0,0,0,0,0,0,0,0,0,0,0,0,0,0,0,0,0,0,0,0,0,1,0,1,1,0,0,0,1,0,0,0,0,1,0,0,0,0,0,0,0,1,0,0,0,0,0,0,0,0,0,0,0,0,0,0,0,0,0,0,0,0,0,0,0,0,0,0,0,0,0,0,0,0,0,0,0,0,4,0,0,4,0,0,0,0,0,0,0,4,4,0,0,0,4,0,0,0,0,4,0,0,3,0,3,3,0,0,0,3,0,0,0,0,3,0,0,0,0,0,0,0,3,0,0,0,0,0,0,0,0,0,0,0,0,0,0,0,0,0,0,0,0,0,0,0,0,0,0,0,0,0,0,0,0,0,1,0,1,1,0,0,0,1,0,0,0,0,1,0,0,0,0,0,0,0,1,0,0,0,0,0,0,0,0,0,0,0,0,0,0,0,0,0,0,0,0,0,0,0,0,0,0,0,0,0,0,0,0,0,76,14,90,64,12,11,3,75,15,0,0,0,76,0,0,0,14,0,0,0,90,0,0,0,0,0,0,0,0,0,0,0,0,0,0,0,0,0,0,0,0,0,0,0,0,0,0,0,0,0,0,0,0,0,97,1,98,80,17,1,0,81,17,0,0,2,95,0,0,0,1,0,0,2,96,0,0,0,0,0,0,0,0,0,0,0,0,0,0,0,0,0,0,0,0,0,0,0,0,0,0,0,0,0,0,0,0,0,0,0,0,0,0,0,0,0,0,0,0,0,0,0,0,0,0,0,0,0,0,0,0,0,0,0,0,3,0,3,2,1,0,0,2,1,0,0,0,3,0,0,0,0,0,0,0,3,0,0,0,0,0,0,50,1,51,28,22,1,0,29,22,0,0,2,48,0,0,0,1,0,0,2,49,0,0,0,0,0,0,0,0,0,0,0,0,0,0,0,0,0,0,0,0,0,0,0,0,0,0,0,0,0,0,0,0,0,0,0,0,0,0,0,0,0,0,0,0,0,0,0,0,0,0,0,0,0,0,0,0,0,0,0,0,0,0,0,0,0,0,0,0,0,0,0,0,0,0,0,0,0,0,0,0,0,0,0,0,0,0,0,0,0,0,0,0,0,0,0,0,0,0,0,0,0,0,0,0,0,0,0,0,0,0,0,0,0,0,0,0,0,0,0,0,0,0,0,0,0,0,0,0,0,0,0,0,0,0,0,0,0,0,0,0,0,0,0,0,0,0,0,0,0,0,0,0,0,0,0,0,0,0,0,0,0,0,0,0,0,0,0,0,30,9,39,24,6,7,2,31,8,0,0,2,28,0,0,0,9,0,0,2,37,0,0,0,0,0,0,4,1,5,4,0,1,0,5,0,0,0,1,3,0,0,0,1,0,0,1,4,0,0,0,0,0,0,0,0,0,0,0,0,0,0,0,0,0,0,0,0,0,0,0,0,0,0,0,0,0,0,0,0,0,0,0,0,0,0,0,0,0,0,0,0,0,0,0,0,0,0,0,0,0,0,0,0,0,0,0,0,101,11,112,73,28,9,2,82,30,0,0,2,99,0,0,0,11,0,0,2,110,0,0,0,0,0,0,4,0,4,4,0,0,0,4,0,0,0,0,4,0,0,0,0,0,0,0,4,0,0,0,0,0,0,0,0,0,0,0,0,0,0,0,0,0,0,0,0,0,0,0,0,0,0,0,0,0,0,0,0,0,0,0,0,0,0,0,0,0,0,0,0,0,0,0,0,0,0,0,0,0,0,0,0,0,0,0,0,0,0,0,0,0,0,0,0,0,0,0,0,0,0,0,0,0,0,0,0,0,0,0,0,0,0,0,0,0,0,0,0,0,0,0,0,0,0,0,0,0,0,0,0,0,0,0,0,0,0,0,0,0,0,0,0,0,0,0,0,0,0,0,0,0,0,0,0,0,0,0,0,0,0,0,0,0,0,0,0,0,2,0,2,2,0,0,0,2,0,0,0,0,2,0,0,0,0,0,0,0,2,0,0,0,0,0,0,0,0,0,0,0,0,0,0,0,0,0,0,0,0,0,0,0,0,0,0,0,0,0,0,0,0,0,0,1,1,0,0,1,0,1,0,0,0,0,0,0,0,0,1,0,0,0,1,0,0,0,0,0,0,0,0,0,0,0,0,0,0,0,0,0,0,0,0,0,0,0,0,0,0,0,0,0,0,0,0,0,19,6,25,15,4,4,2,19,6,0,0,1,18,0,0,1,5,0,0,2,23,0,0,0,0,0,0,0,0,0,0,0,0,0,0,0,0,0,0,0,0,0,0,0,0,0,0,0,0,0,0,0,0,0,17,16,33,14,3,15,1,29,4,0,0,0,17,0,0,0,16,0,0,0,33,0,0,0,0,0,0,2,0,2,2,0,0,0,2,0,0,0,0,2,0,0,0,0,0,0,0,2,0,0,0,0,0,0,670,107,777,526,144,88,19,614,163,0,0,12,658,0,1,2,104,0,1,14,762,0,0,0,0,0,0
Washington County Sheriff's Office,NY05700,2002,New York,42236,7,5,12,4,3,2,3,6,6,0,0,1,6,0,0,0,5,0,0,1,11,0,0,0,0,0,0,93,4,97,57,36,2,2,59,38,1,0,5,87,0,0,0,5,1,0,5,92,0,0,0,0,0,0,1,3,4,1,0,3,0,4,0,0,0,0,1,0,0,0,3,0,0,0,4,0,0,0,0,0,0,4,8,12,4,0,8,0,12,0,0,0,1,3,0,0,0,8,0,0,1,11,0,0,0,0,0,0,0,0,0,0,0,0,0,0,0,0,0,0,0,0,0,0,0,0,0,0,0,0,0,0,0,0,0,7,5,12,6,1,4,1,10,2,0,0,0,7,0,0,0,5,0,0,0,12,0,0,0,0,0,0,1,0,2,48,0,0,51,0,0,0,8,0,0,8,59,40,11,8,0,48,11,1,0,2,56,0,0,48,5,53,37,11,5,0,42,11,1,0,1,46,0,0,0,5,1,0,1,51,0,0,0,0,0,0,0,1,1,0,0,1,0,1,0,0,0,0,0,0,0,0,1,0,0,0,1,0,0,0,0,0,0,3,2,5,3,0,2,0,5,0,0,0,1,2,0,0,0,2,0,0,1,4,0,0,0,0,0,0,0,0,0,0,0,0,0,0,0,0,0,0,0,0,0,0,0,0,0,0,0,0,0,0,0,0,0,0,0,0,1,0,0,1,0,0,0,2,0,0,2,3,1,0,2,0,3,0,0,0,0,3,0,0,0,2,2,0,0,2,0,2,0,0,0,0,0,0,0,0,2,0,0,0,2,0,0,0,0,0,0,0,0,0,0,0,0,0,0,0,0,0,0,0,0,0,0,0,0,0,0,0,0,0,0,0,0,0,1,0,1,1,0,0,0,1,0,0,0,0,1,0,0,0,0,0,0,0,1,0,0,0,0,0,0,0,0,0,0,0,0,0,0,0,0,0,0,0,0,0,0,0,0,0,0,0,0,0,0,0,0,0,52,10,62,41,11,10,0,51,11,1,0,2,49,0,0,0,10,1,0,2,59,0,0,0,0,0,0,0,0,0,0,0,0,0,0,0,0,0,0,0,0,0,0,0,0,0,0,0,0,0,0,0,0,0,77,0,77,68,9,0,0,68,9,0,0,2,75,0,0,0,0,0,0,2,75,0,0,0,0,0,0,0,0,0,0,0,0,0,0,0,0,0,0,0,0,0,0,0,0,0,0,0,0,0,0,0,0,0,0,0,0,0,0,0,0,0,0,0,0,0,0,0,0,0,0,0,0,0,0,0,0,0,0,0,0,5,0,5,4,1,0,0,4,1,0,0,0,5,0,0,0,0,0,0,0,5,0,0,0,0,0,0,55,0,55,23,32,0,0,23,32,0,2,2,51,0,0,0,0,0,2,2,51,0,0,0,0,0,0,0,0,0,0,0,0,0,0,0,0,0,0,0,0,0,0,0,0,0,0,0,0,0,0,0,0,0,0,0,0,0,0,0,0,0,0,0,0,0,0,0,0,0,0,0,0,0,0,0,0,0,0,0,0,0,0,0,0,0,0,0,0,0,0,0,0,0,0,0,0,0,0,0,0,0,0,0,0,0,0,0,0,0,0,0,0,0,0,0,0,0,0,0,0,0,0,0,0,0,0,0,0,0,0,0,0,0,0,0,0,0,0,0,0,0,0,0,0,0,0,0,0,0,0,0,0,0,0,0,0,0,0,0,0,0,0,0,0,0,0,0,0,0,0,0,0,0,0,0,0,0,0,0,0,0,0,0,0,0,0,0,0,7,4,11,7,0,3,1,10,1,0,0,0,7,0,0,0,4,0,0,0,11,0,0,0,0,0,0,5,1,6,5,0,0,1,5,1,0,0,1,4,0,0,0,1,0,0,1,5,0,0,0,0,0,0,0,0,0,0,0,0,0,0,0,0,0,0,0,0,0,0,0,0,0,0,0,0,0,0,0,0,0,0,0,0,0,0,0,0,0,0,0,0,0,0,0,0,0,0,0,0,0,0,0,0,0,0,0,0,104,21,125,69,35,15,6,84,41,1,0,1,102,0,0,1,20,1,0,2,122,0,0,0,0,0,0,7,3,10,6,1,3,0,9,1,0,0,0,7,0,0,0,3,0,0,0,10,0,0,0,0,0,0,0,0,0,0,0,0,0,0,0,0,0,0,0,0,0,0,0,0,0,0,0,0,0,0,0,0,0,0,0,0,0,0,0,0,0,0,0,0,0,0,0,0,0,0,0,0,0,0,0,0,0,0,0,0,0,0,0,0,0,0,0,0,0,0,0,0,0,0,0,0,0,0,0,0,0,0,0,0,0,0,0,0,0,0,0,0,0,0,0,0,0,0,0,0,0,0,0,0,0,0,0,0,0,0,0,0,0,0,3,0,3,3,0,0,0,3,0,0,0,0,3,0,0,0,0,0,0,0,3,0,0,0,0,0,0,0,0,0,0,0,0,0,0,0,0,0,0,0,0,0,0,0,0,0,0,0,0,0,0,0,0,0,0,0,0,0,0,0,0,0,0,0,0,0,0,0,0,0,0,0,0,0,0,0,0,0,0,0,0,2,0,2,2,0,0,0,2,0,0,0,0,2,0,0,0,0,0,0,0,2,0,0,0,0,0,0,0,0,0,0,0,0,0,0,0,0,0,0,0,0,0,0,0,0,0,0,0,0,0,0,0,0,0,23,7,30,17,6,7,0,24,6,0,1,0,22,0,0,0,7,0,1,0,29,0,0,0,0,0,0,0,0,0,0,0,0,0,0,0,0,0,0,0,0,0,0,0,0,0,0,0,0,0,0,0,0,0,14,11,25,10,4,8,3,18,7,0,0,0,14,0,0,0,11,0,0,0,25,0,0,0,0,0,0,0,0,0,0,0,0,0,0,0,0,0,0,0,0,0,0,0,0,0,0,0,0,0,0,0,0,0,570,102,672,409,161,85,17,494,178,5,3,19,543,0,0,1,102,5,3,20,645,0,0,0,0,0,0
Washington County Sheriff's Office,NY05700,2001,New York,41911,8,0,8,6,2,0,0,6,2,0,0,0,8,0,0,0,0,0,0,0,8,0,0,0,0,0,0,68,8,76,48,20,4,4,52,24,0,1,4,63,0,0,0,8,0,1,4,71,0,0,0,0,0,0,0,0,0,0,0,0,0,0,0,0,0,0,0,0,0,0,0,0,0,0,0,0,0,0,0,0,0,10,12,22,10,0,10,2,20,2,0,0,0,10,0,0,0,12,0,0,0,22,0,0,0,0,0,0,0,0,0,0,0,0,0,0,0,0,0,0,0,0,0,0,0,0,0,0,0,0,0,0,0,0,0,9,1,10,7,2,1,0,8,2,0,0,0,9,0,0,0,1,0,0,0,10,0,0,0,0,0,0,0,0,0,50,0,0,50,0,0,0,18,0,0,18,68,43,7,15,3,58,10,0,0,0,68,0,0,48,17,65,41,7,14,3,55,10,0,0,0,48,0,0,0,17,0,0,0,65,0,0,0,0,0,0,0,0,0,0,0,0,0,0,0,0,0,0,0,0,0,0,0,0,0,0,0,0,0,0,0,0,0,2,1,3,2,0,1,0,3,0,0,0,0,2,0,0,0,1,0,0,0,3,0,0,0,0,0,0,0,0,0,0,0,0,0,0,0,0,0,0,0,0,0,0,0,0,0,0,0,0,0,0,0,0,0,0,0,0,1,0,0,1,0,0,0,2,0,0,2,3,1,0,2,0,3,0,0,0,0,3,0,0,1,1,2,1,0,1,0,2,0,0,0,0,1,0,0,0,1,0,0,0,2,0,0,0,0,0,0,0,1,1,0,0,1,0,1,0,0,0,0,0,0,0,0,1,0,0,0,1,0,0,0,0,0,0,0,0,0,0,0,0,0,0,0,0,0,0,0,0,0,0,0,0,0,0,0,0,0,0,0,0,0,0,0,0,0,0,0,0,0,0,0,0,0,0,0,0,0,0,0,0,0,0,0,0,0,0,0,0,51,20,71,44,7,17,3,61,10,0,0,0,51,0,0,0,20,0,0,0,71,0,0,0,0,0,0,0,0,0,0,0,0,0,0,0,0,0,0,0,0,0,0,0,0,0,0,0,0,0,0,0,0,0,95,0,95,74,21,0,0,74,21,0,0,0,95,0,0,0,0,0,0,0,95,0,0,0,0,0,0,0,0,0,0,0,0,0,0,0,0,0,0,0,0,0,0,0,0,0,0,0,0,0,0,0,0,0,2,0,2,2,0,0,0,2,0,0,0,0,2,0,0,0,0,0,0,0,2,0,0,0,0,0,0,4,0,4,2,2,0,0,2,2,0,0,1,3,0,0,0,0,0,0,1,3,0,0,0,0,0,0,47,1,48,16,31,0,1,16,32,0,0,0,47,0,0,0,1,0,0,0,48,0,0,0,0,0,0,0,0,0,0,0,0,0,0,0,0,0,0,0,0,0,0,0,0,0,0,0,0,0,0,0,0,0,0,0,0,0,0,0,0,0,0,0,0,0,0,0,0,0,0,0,0,0,0,0,0,0,0,0,0,0,0,0,0,0,0,0,0,0,0,0,0,0,0,0,0,0,0,0,0,0,0,0,0,0,0,0,0,0,0,0,0,0,0,0,0,0,0,0,0,0,0,0,0,0,0,0,0,0,0,0,0,0,0,0,0,0,0,0,0,0,0,0,0,0,0,0,0,0,0,0,0,0,0,0,0,0,0,0,0,0,0,0,0,0,0,0,0,0,0,0,0,0,0,0,0,0,0,0,0,0,0,0,0,0,0,0,0,9,6,15,8,1,4,2,12,3,0,0,0,9,0,0,0,6,0,0,0,15,0,0,0,0,0,0,3,0,3,2,1,0,0,2,1,0,0,0,3,0,0,0,0,0,0,0,3,0,0,0,0,0,0,0,0,0,0,0,0,0,0,0,0,0,0,0,0,0,0,0,0,0,0,0,0,0,0,0,0,0,1,0,1,0,1,0,0,0,1,0,0,0,1,0,0,0,0,0,0,0,1,0,0,0,0,0,0,102,18,120,76,26,11,7,87,33,0,0,1,101,0,0,0,18,0,0,1,119,0,0,0,0,0,0,12,1,13,11,1,0,1,11,2,0,0,0,12,0,0,0,1,0,0,0,13,0,0,0,0,0,0,0,0,0,0,0,0,0,0,0,0,0,0,0,0,0,0,0,0,0,0,0,0,0,0,0,0,0,0,0,0,0,0,0,0,0,0,0,0,0,0,0,0,0,0,0,0,0,0,0,0,0,0,0,0,0,0,0,0,0,0,0,0,0,0,0,0,0,0,0,0,0,0,0,0,0,0,0,0,0,0,0,0,0,0,0,0,0,0,0,0,0,0,0,0,0,0,0,0,0,0,0,0,0,0,0,0,0,0,0,0,0,0,0,0,0,0,0,0,0,0,0,0,0,0,0,0,0,0,0,0,0,0,0,0,0,0,0,0,0,0,0,0,0,0,0,0,0,0,0,0,0,0,0,0,0,0,0,0,0,0,0,0,0,0,0,0,0,0,0,0,0,0,0,0,0,0,0,0,0,0,0,0,0,0,0,0,0,0,0,3,0,3,3,0,0,0,3,0,0,0,0,3,0,0,0,0,0,0,0,3,0,0,0,0,0,0,0,0,0,0,0,0,0,0,0,0,0,0,0,0,0,0,0,0,0,0,0,0,0,0,0,0,0,32,5,37,24,8,2,3,26,11,0,0,1,31,0,0,0,5,0,0,1,36,0,0,0,0,0,0,0,0,0,0,0,0,0,0,0,0,0,0,0,0,0,0,0,0,0,0,0,0,0,0,0,0,0,15,4,19,14,1,3,1,17,2,0,0,0,15,0,0,0,4,0,0,0,19,0,0,0,0,0,0,0,0,0,0,0,0,0,0,0,0,0,0,0,0,0,0,0,0,0,0,0,0,0,0,0,0,0,573,116,689,435,138,86,30,521,168,0,1,7,565,0,0,0,116,0,1,7,681,0,0,0,0,0,0
Washington County Sheriff's Office,NY05700,2000,New York,41836,14,4,18,10,4,4,0,14,4,0,0,1,13,0,0,0,4,0,0,1,17,0,0,0,0,0,0,85,17,102,62,23,13,4,75,27,0,0,0,85,0,0,0,17,0,0,0,102,0,0,0,0,0,0,0,0,0,0,0,0,0,0,0,0,0,0,0,0,0,0,0,0,0,0,0,0,0,0,0,0,0,3,4,7,3,0,4,0,7,0,0,0,0,3,0,0,0,4,0,0,0,7,0,0,0,0,0,0,0,0,0,0,0,0,0,0,0,0,0,0,0,0,0,0,0,0,0,0,0,0,0,0,0,0,0,18,5,23,8,10,2,3,10,13,0,0,0,18,0,0,0,5,0,0,0,23,0,0,0,0,0,0,0,0,0,55,0,0,55,0,0,0,16,0,0,16,71,49,6,16,0,65,6,0,0,0,71,0,0,55,16,71,49,6,16,0,65,6,0,0,0,55,0,0,0,16,0,0,0,71,0,0,0,0,0,0,0,0,0,0,0,0,0,0,0,0,0,0,0,0,0,0,0,0,0,0,0,0,0,0,0,0,0,0,0,0,0,0,0,0,0,0,0,0,0,0,0,0,0,0,0,0,0,0,0,0,0,0,0,0,0,0,0,0,0,0,0,0,0,0,0,0,0,0,0,0,0,0,0,0,0,0,0,0,0,0,0,0,0,0,4,0,0,4,0,0,0,0,0,0,0,4,3,1,0,0,3,1,0,0,0,4,0,0,4,0,4,3,1,0,0,3,1,0,0,0,4,0,0,0,0,0,0,0,4,0,0,0,0,0,0,0,0,0,0,0,0,0,0,0,0,0,0,0,0,0,0,0,0,0,0,0,0,0,0,0,0,0,0,0,0,0,0,0,0,0,0,0,0,0,0,0,0,0,0,0,0,0,0,0,0,0,0,0,0,0,0,0,0,0,0,0,0,0,0,0,0,0,0,0,0,0,0,0,0,0,0,0,0,0,0,0,59,16,75,52,7,16,0,68,7,0,0,0,59,0,0,0,16,0,0,0,75,0,0,0,0,0,0,0,0,0,0,0,0,0,0,0,0,0,0,0,0,0,0,0,0,0,0,0,0,0,0,0,0,0,85,1,86,68,17,1,0,69,17,0,0,1,84,0,0,0,1,0,0,1,85,0,0,0,0,0,0,0,0,0,0,0,0,0,0,0,0,0,0,0,0,0,0,0,0,0,0,0,0,0,0,0,0,0,0,0,0,0,0,0,0,0,0,0,0,0,0,0,0,0,0,0,0,0,0,0,0,0,0,0,0,2,0,2,2,0,0,0,2,0,0,0,0,2,0,0,0,0,0,0,0,2,0,0,0,0,0,0,37,0,37,22,15,0,0,22,15,0,0,3,34,0,0,0,0,0,0,3,34,0,0,0,0,0,0,0,0,0,0,0,0,0,0,0,0,0,0,0,0,0,0,0,0,0,0,0,0,0,0,0,0,0,0,0,0,0,0,0,0,0,0,0,0,0,0,0,0,0,0,0,0,0,0,0,0,0,0,0,0,0,0,0,0,0,0,0,0,0,0,0,0,0,0,0,0,0,0,0,0,0,0,0,0,0,0,0,0,0,0,0,0,0,0,0,0,0,0,0,0,0,0,0,0,0,0,0,0,0,0,0,0,0,0,0,0,0,0,0,0,0,0,0,0,0,0,0,0,0,0,0,0,0,0,0,0,0,0,0,0,0,0,0,0,0,0,0,0,0,0,0,0,0,0,0,0,0,0,0,0,0,0,0,0,0,0,0,0,4,3,7,4,0,3,0,7,0,0,0,0,4,0,0,0,3,0,0,0,7,0,0,0,0,0,0,2,2,4,1,1,1,1,2,2,0,0,0,2,0,0,0,2,0,0,0,4,0,0,0,0,0,0,0,0,0,0,0,0,0,0,0,0,0,0,0,0,0,0,0,0,0,0,0,0,0,0,0,0,0,0,0,0,0,0,0,0,0,0,0,0,0,0,0,0,0,0,0,0,0,0,0,0,0,0,0,0,107,15,122,88,19,12,3,100,22,1,0,1,105,0,0,0,15,1,0,1,120,0,0,0,0,0,0,8,1,9,8,0,1,0,9,0,0,0,0,8,0,0,0,1,0,0,0,9,0,0,0,0,0,0,0,0,0,0,0,0,0,0,0,0,0,0,0,0,0,0,0,0,0,0,0,0,0,0,0,0,0,0,0,0,0,0,0,0,0,0,0,0,0,0,0,0,0,0,0,0,0,0,0,0,0,0,0,0,0,0,0,0,0,0,0,0,0,0,0,0,0,0,0,0,0,0,0,0,0,0,0,0,0,0,0,0,0,0,0,0,0,0,0,0,0,0,0,0,0,0,0,0,0,0,0,0,0,0,0,0,0,0,3,0,3,3,0,0,0,3,0,0,0,0,3,0,0,0,0,0,0,0,3,0,0,0,0,0,0,0,0,0,0,0,0,0,0,0,0,0,0,0,0,0,0,0,0,0,0,0,0,0,0,0,0,0,0,0,0,0,0,0,0,0,0,0,0,0,0,0,0,0,0,0,0,0,0,0,0,0,0,0,0,4,1,5,2,2,1,0,3,2,0,0,0,4,0,0,0,1,0,0,0,5,0,0,0,0,0,0,0,0,0,0,0,0,0,0,0,0,0,0,0,0,0,0,0,0,0,0,0,0,0,0,0,0,0,29,14,43,21,8,14,0,35,8,0,0,1,28,0,0,0,14,0,0,1,42,0,0,0,0,0,0,0,0,0,0,0,0,0,0,0,0,0,0,0,0,0,0,0,0,0,0,0,0,0,0,0,0,0,17,7,24,13,4,5,2,18,6,0,0,0,17,0,0,0,7,0,0,0,24,0,0,0,0,0,0,2,1,3,1,1,1,0,2,1,0,0,0,2,0,0,0,1,0,0,0,3,0,0,0,0,0,0,597,123,720,472,125,110,13,582,138,1,0,7,589,0,0,0,123,1,0,7,712,0,0,0,0,0,0
Washington County Sheriff's Office,NY05700,1999,New York,40298,11,1,12,9,2,1,0,10,2,0,0,0,11,0,0,0,1,0,0,0,12,0,0,0,0,0,0,110,18,128,64,46,14,4,78,50,0,0,2,108,0,0,0,18,0,0,2,126,0,0,0,0,0,0,0,1,1,0,0,1,0,1,0,0,0,0,0,0,0,0,1,0,0,0,1,0,0,0,0,0,0,4,13,17,4,0,13,0,17,0,1,0,0,3,0,0,0,13,1,0,0,16,0,0,0,0,0,0,0,0,0,0,0,0,0,0,0,0,0,0,0,0,0,0,0,0,0,0,0,0,0,0,0,0,0,14,6,20,12,2,6,0,18,2,0,0,2,12,0,0,0,6,0,0,2,18,0,0,0,0,0,0,0,0,1,90,0,0,91,0,0,0,10,0,0,10,101,68,23,8,2,76,25,0,0,1,100,0,0,90,10,100,67,23,8,2,75,25,0,0,1,89,0,0,0,10,0,0,1,99,0,0,0,0,0,0,0,0,0,0,0,0,0,0,0,0,0,0,0,0,0,0,0,0,0,0,0,0,0,0,0,0,0,1,0,1,1,0,0,0,1,0,0,0,0,1,0,0,0,0,0,0,0,1,0,0,0,0,0,0,0,0,0,0,0,0,0,0,0,0,0,0,0,0,0,0,0,0,0,0,0,0,0,0,0,0,0,0,0,0,5,0,0,5,0,0,0,9,0,0,9,14,4,1,8,1,12,2,0,0,0,14,0,0,4,9,13,3,1,8,1,11,2,0,0,0,4,0,0,0,9,0,0,0,13,0,0,0,0,0,0,0,0,0,0,0,0,0,0,0,0,0,0,0,0,0,0,0,0,0,0,0,0,0,0,0,0,0,1,0,1,1,0,0,0,1,0,0,0,0,1,0,0,0,0,0,0,0,1,0,0,0,0,0,0,0,0,0,0,0,0,0,0,0,0,0,0,0,0,0,0,0,0,0,0,0,0,0,0,0,0,0,96,19,115,72,24,16,3,88,27,0,0,1,95,0,0,0,19,0,0,1,114,0,0,0,0,0,0,0,0,0,0,0,0,0,0,0,0,0,0,0,0,0,0,0,0,0,0,0,0,0,0,0,0,0,114,0,114,88,26,0,0,88,26,0,0,2,112,0,0,0,0,0,0,2,112,0,0,0,0,0,0,2,0,2,1,1,0,0,1,1,0,0,0,2,0,0,0,0,0,0,0,2,0,0,0,0,0,0,0,0,0,0,0,0,0,0,0,0,0,0,0,0,0,0,0,0,0,0,0,0,0,0,0,0,0,3,0,3,3,0,0,0,3,0,0,0,0,3,0,0,0,0,0,0,0,3,0,0,0,0,0,0,51,0,51,26,25,0,0,26,25,0,0,0,51,0,0,0,0,0,0,0,51,0,0,0,0,0,0,0,0,0,0,0,0,0,0,0,0,0,0,0,0,0,0,0,0,0,0,0,0,0,0,0,0,0,0,0,0,0,0,0,0,0,0,0,0,0,0,0,0,0,0,0,0,0,0,0,0,0,0,0,0,0,0,0,0,0,0,0,0,0,0,0,0,0,0,0,0,0,0,0,0,0,0,0,0,0,0,0,0,0,0,0,0,0,0,0,0,0,0,0,0,0,0,0,0,0,0,0,0,0,0,0,0,0,0,0,0,0,0,0,0,0,0,0,0,0,0,0,0,0,0,0,0,0,0,0,0,0,0,0,0,0,0,0,0,0,0,0,0,0,0,0,0,0,0,0,0,0,0,0,0,0,0,0,0,0,0,0,0,8,6,14,7,1,6,0,13,1,0,0,0,8,0,0,0,6,0,0,0,14,0,0,0,0,0,0,4,1,5,3,1,0,1,3,2,0,0,0,4,0,0,0,1,0,0,0,5,0,0,0,0,0,0,0,0,0,0,0,0,0,0,0,0,0,0,0,0,0,0,0,0,0,0,0,0,0,0,0,0,0,0,0,0,0,0,0,0,0,0,0,0,0,0,0,0,0,0,0,0,0,0,0,0,0,0,0,0,85,12,97,58,27,9,3,67,30,2,0,2,81,0,0,0,12,2,0,2,93,0,0,0,0,0,0,3,4,7,3,0,3,1,6,1,0,0,0,3,0,0,0,4,0,0,0,7,0,0,0,0,0,0,0,0,0,0,0,0,0,0,0,0,0,0,0,0,0,0,0,0,0,0,0,0,0,0,0,0,0,0,0,0,0,0,0,0,0,0,0,0,0,0,0,0,0,0,0,0,0,0,0,0,0,0,0,0,0,0,0,0,0,0,0,0,0,0,0,0,0,0,0,0,0,0,0,0,0,0,0,0,0,0,0,0,0,0,0,0,0,0,0,0,0,0,0,0,0,0,0,0,0,0,0,0,0,0,0,0,0,0,0,0,0,0,0,0,0,0,0,0,0,0,0,0,0,0,0,0,0,0,0,0,0,0,0,0,0,2,0,2,2,0,0,0,2,0,0,0,0,2,0,0,0,0,0,0,0,2,0,0,0,0,0,0,0,0,0,0,0,0,0,0,0,0,0,0,0,0,0,0,0,0,0,0,0,0,0,0,0,0,0,6,0,6,6,0,0,0,6,0,0,0,0,6,0,0,0,0,0,0,0,6,0,0,0,0,0,0,0,0,0,0,0,0,0,0,0,0,0,0,0,0,0,0,0,0,0,0,0,0,0,0,0,0,0,25,8,33,16,9,7,1,23,10,0,0,1,24,0,0,0,8,0,0,1,32,0,0,0,0,0,0,0,0,0,0,0,0,0,0,0,0,0,0,0,0,0,0,0,0,0,0,0,0,0,0,0,0,0,30,9,39,24,6,9,0,33,6,0,0,1,29,0,0,0,9,0,0,1,38,0,0,0,0,0,0,0,1,1,0,0,1,0,1,0,0,0,0,0,0,0,0,1,0,0,0,1,0,0,0,0,0,0,760,137,897,542,218,118,19,660,237,3,0,13,744,0,0,0,137,3,0,13,881,0,0,0,0,0,0
Washington County Sheriff's Office,NY05700,1998,New York,40553,21,3,24,19,2,3,0,22,2,0,0,0,21,0,0,0,3,0,0,0,24,0,0,0,0,0,0,139,21,160,90,49,15,6,105,55,1,2,3,133,0,0,0,21,1,2,3,154,0,0,0,0,0,0,0,2,2,0,0,2,0,2,0,0,0,0,0,0,0,0,2,0,0,0,2,0,0,0,0,0,0,6,5,11,4,2,5,0,9,2,0,0,0,6,0,0,0,5,0,0,0,11,0,0,0,0,0,0,0,0,0,0,0,0,0,0,0,0,0,0,0,0,0,0,0,0,0,0,0,0,0,0,0,0,0,30,3,33,22,8,3,0,25,8,0,0,0,30,0,0,0,3,0,0,0,33,0,0,0,0,0,0,0,0,0,98,0,0,98,0,0,0,16,0,0,16,114,80,18,12,4,92,22,0,0,0,114,0,0,97,16,113,80,17,12,4,92,21,0,0,0,97,0,0,0,16,0,0,0,113,0,0,0,0,0,0,0,0,0,0,0,0,0,0,0,0,0,0,0,0,0,0,0,0,0,0,0,0,0,0,0,0,0,1,0,1,0,1,0,0,0,1,0,0,0,1,0,0,0,0,0,0,0,1,0,0,0,0,0,0,0,0,0,0,0,0,0,0,0,0,0,0,0,0,0,0,0,0,0,0,0,0,0,0,0,0,0,0,0,0,5,0,0,5,0,0,0,3,0,0,3,8,4,1,3,0,7,1,0,0,0,8,0,0,5,2,7,4,1,2,0,6,1,0,0,0,5,0,0,0,2,0,0,0,7,0,0,0,0,0,0,0,0,0,0,0,0,0,0,0,0,0,0,0,0,0,0,0,0,0,0,0,0,0,0,0,0,0,0,1,1,0,0,1,0,1,0,0,0,0,0,0,0,0,1,0,0,0,1,0,0,0,0,0,0,0,0,0,0,0,0,0,0,0,0,0,0,0,0,0,0,0,0,0,0,0,0,0,0,0,0,0,103,19,122,84,19,15,4,99,23,0,0,0,103,0,0,0,19,0,0,0,122,0,0,0,0,0,0,0,0,0,0,0,0,0,0,0,0,0,0,0,0,0,0,0,0,0,0,0,0,0,0,0,0,0,110,0,110,82,28,0,0,82,28,0,0,0,110,0,0,0,0,0,0,0,110,0,0,0,0,0,0,0,0,0,0,0,0,0,0,0,0,0,0,0,0,0,0,0,0,0,0,0,0,0,0,0,0,0,0,0,0,0,0,0,0,0,0,0,0,0,0,0,0,0,0,0,0,0,0,0,0,0,0,0,0,3,1,4,1,2,0,1,1,3,0,0,1,2,0,0,0,1,0,0,1,3,0,0,0,0,0,0,72,0,72,34,38,0,0,34,38,0,0,0,72,0,0,0,0,0,0,0,72,0,0,0,0,0,0,0,0,0,0,0,0,0,0,0,0,0,0,0,0,0,0,0,0,0,0,0,0,0,0,0,0,0,0,0,0,0,0,0,0,0,0,0,0,0,0,0,0,0,0,0,0,0,0,0,0,0,0,0,0,0,0,0,0,0,0,0,0,0,0,0,0,0,0,0,0,0,0,0,0,0,0,0,0,0,0,0,0,0,0,0,0,0,0,0,0,0,0,0,0,0,0,0,0,0,0,0,0,0,0,0,0,0,0,0,0,0,0,0,0,0,0,0,0,0,0,0,0,0,0,0,0,0,0,0,0,0,0,0,0,0,0,0,0,0,0,0,0,0,0,0,0,0,0,0,0,0,0,0,0,0,0,0,0,0,0,0,0,8,0,8,6,2,0,0,6,2,0,0,0,8,0,0,0,0,0,0,0,8,0,0,0,0,0,0,1,1,2,1,0,1,0,2,0,0,0,0,1,0,0,1,0,0,0,1,1,0,0,0,0,0,0,0,0,0,0,0,0,0,0,0,0,0,0,0,0,0,0,0,0,0,0,0,0,0,0,0,0,0,0,0,0,0,0,0,0,0,0,0,0,0,0,0,0,0,0,0,0,0,0,0,0,0,0,0,0,93,9,102,74,19,7,2,81,21,0,0,2,91,0,0,0,9,0,0,2,100,0,0,0,0,0,0,10,6,16,8,2,6,0,14,2,0,0,0,10,0,0,0,6,0,0,0,16,0,0,0,0,0,0,0,0,0,0,0,0,0,0,0,0,0,0,0,0,0,0,0,0,0,0,0,0,0,0,0,0,0,0,0,0,0,0,0,0,0,0,0,0,0,0,0,0,0,0,0,0,0,0,0,0,0,0,0,0,0,0,0,0,0,0,0,0,0,0,0,0,0,0,0,0,0,0,0,0,0,0,0,0,0,0,0,0,0,0,0,0,0,0,0,0,0,0,0,0,0,0,0,0,0,0,0,0,0,0,0,0,0,0,0,0,0,0,0,0,0,0,0,0,0,0,0,0,0,0,0,0,0,0,0,0,0,0,0,0,0,0,0,0,0,0,0,0,0,0,0,0,0,0,0,0,0,0,0,0,0,0,0,0,0,0,0,0,0,0,0,0,0,0,0,0,0,0,0,0,0,0,0,0,0,0,0,0,0,0,0,0,0,0,0,0,3,3,0,0,3,0,3,0,0,0,0,0,0,0,0,3,0,0,0,3,0,0,0,0,0,0,0,0,0,0,0,0,0,0,0,0,0,0,0,0,0,0,0,0,0,0,0,0,0,0,0,0,0,40,20,60,24,16,9,11,33,27,0,0,2,38,0,0,0,20,0,0,2,58,0,0,0,0,0,0,0,0,0,0,0,0,0,0,0,0,0,0,0,0,0,0,0,0,0,0,0,0,0,0,0,0,0,19,4,23,16,3,1,3,17,6,0,0,1,18,0,0,0,4,0,0,1,22,0,0,0,0,0,0,2,2,4,2,0,2,0,4,0,0,0,0,2,0,0,0,2,0,0,0,4,0,0,0,0,0,0,863,137,1000,635,228,102,35,737,263,1,2,9,851,0,0,1,136,1,2,10,987,0,0,0,0,0,0
Washington County Sheriff's Office,NY05700,1997,New York,38895,11,0,11,8,3,0,0,8,3,0,0,1,10,0,0,0,0,0,0,1,10,0,0,0,0,0,0,112,10,122,81,31,6,4,87,35,1,0,3,108,0,0,0,10,1,0,3,118,0,0,0,0,0,0,0,0,0,0,0,0,0,0,0,0,0,0,0,0,0,0,0,0,0,0,0,0,0,0,0,0,0,7,5,12,7,0,5,0,12,0,0,0,0,7,0,0,0,5,0,0,0,12,0,0,0,0,0,0,0,0,0,0,0,0,0,0,0,0,0,0,0,0,0,0,0,0,0,0,0,0,0,0,0,0,0,25,4,29,20,5,2,2,22,7,0,0,0,25,0,0,0,4,0,0,0,29,0,0,0,0,0,0,0,0,1,53,0,0,54,0,0,0,6,0,0,6,60,48,6,3,3,51,9,0,0,1,59,0,0,49,6,55,44,5,3,3,47,8,0,0,0,49,0,0,0,6,0,0,0,55,0,0,0,0,0,0,1,0,1,1,0,0,0,1,0,0,0,1,0,0,0,0,0,0,0,1,0,0,0,0,0,0,0,4,0,4,3,1,0,0,3,1,0,0,0,4,0,0,0,0,0,0,0,4,0,0,0,0,0,0,0,0,0,0,0,0,0,0,0,0,0,0,0,0,0,0,0,0,0,0,0,0,0,0,0,0,0,0,0,0,6,0,0,6,0,0,0,1,0,0,1,7,6,0,1,0,7,0,0,0,0,7,0,0,5,1,6,5,0,1,0,6,0,0,0,0,5,0,0,0,1,0,0,0,6,0,0,0,0,0,0,0,0,0,0,0,0,0,0,0,0,0,0,0,0,0,0,0,0,0,0,0,0,0,0,0,0,0,1,0,1,1,0,0,0,1,0,0,0,0,1,0,0,0,0,0,0,0,1,0,0,0,0,0,0,0,0,0,0,0,0,0,0,0,0,0,0,0,0,0,0,0,0,0,0,0,0,0,0,0,0,0,60,7,67,54,6,4,3,58,9,0,0,1,59,0,0,0,7,0,0,1,66,0,0,0,0,0,0,0,0,0,0,0,0,0,0,0,0,0,0,0,0,0,0,0,0,0,0,0,0,0,0,0,0,0,97,3,100,84,13,3,0,87,13,2,1,1,93,0,0,0,3,2,1,1,96,0,0,0,0,0,0,5,0,5,3,2,0,0,3,2,0,0,0,5,0,0,0,0,0,0,0,5,0,0,0,0,0,0,0,0,0,0,0,0,0,0,0,0,0,0,0,0,0,0,0,0,0,0,0,0,0,0,0,0,0,0,0,0,0,0,0,0,0,0,0,0,0,0,0,0,0,0,0,0,0,0,0,0,0,0,0,0,84,0,84,31,53,0,0,31,53,0,0,1,83,0,0,0,0,0,0,1,83,0,0,0,0,0,0,0,0,0,0,0,0,0,0,0,0,0,0,0,0,0,0,0,0,0,0,0,0,0,0,0,0,0,0,0,0,0,0,0,0,0,0,0,0,0,0,0,0,0,0,0,0,0,0,0,0,0,0,0,0,0,0,0,0,0,0,0,0,0,0,0,0,0,0,0,0,0,0,0,0,0,0,0,0,0,0,0,0,0,0,0,0,0,0,0,0,0,0,0,0,0,0,0,0,0,0,0,0,0,0,0,0,0,0,0,0,0,0,0,0,0,0,0,0,0,0,0,0,0,0,0,0,0,0,0,0,0,0,0,0,0,0,0,0,0,0,0,0,0,0,0,0,0,0,0,0,0,0,0,0,0,0,0,0,0,0,0,0,4,2,6,4,0,2,0,6,0,0,0,0,4,0,0,0,2,0,0,0,6,0,0,0,0,0,0,1,1,2,1,0,0,1,1,1,0,0,0,1,0,0,0,1,0,0,0,2,0,0,0,0,0,0,0,0,0,0,0,0,0,0,0,0,0,0,0,0,0,0,0,0,0,0,0,0,0,0,0,0,0,0,1,1,0,0,1,0,1,0,0,0,0,0,0,0,0,1,0,0,0,1,0,0,0,0,0,0,99,8,107,74,25,6,2,80,27,0,0,1,98,0,0,0,8,0,0,1,106,0,0,0,0,0,0,14,0,14,13,1,0,0,13,1,0,0,0,14,0,0,0,0,0,0,0,14,0,0,0,0,0,0,0,0,0,0,0,0,0,0,0,0,0,0,0,0,0,0,0,0,0,0,0,0,0,0,0,0,0,0,0,0,0,0,0,0,0,0,0,0,0,0,0,0,0,0,0,0,0,0,0,0,0,0,0,0,0,0,0,0,0,0,0,0,0,0,0,0,0,0,0,0,0,0,0,0,0,0,0,0,0,0,0,0,0,0,0,0,0,0,0,0,0,0,0,0,0,0,0,0,0,0,0,0,0,0,0,0,0,0,0,0,0,0,0,0,0,0,0,0,0,0,0,0,0,0,0,0,0,0,0,0,0,0,0,0,0,8,2,10,8,0,1,1,9,1,0,0,2,6,0,0,0,2,0,0,2,8,0,0,0,0,0,0,0,0,0,0,0,0,0,0,0,0,0,0,0,0,0,0,0,0,0,0,0,0,0,0,0,0,0,7,0,7,6,1,0,0,6,1,0,0,1,6,0,0,0,0,0,0,1,6,0,0,0,0,0,0,0,0,0,0,0,0,0,0,0,0,0,0,0,0,0,0,0,0,0,0,0,0,0,0,0,0,0,31,10,41,25,6,8,2,33,8,0,0,2,29,0,0,0,10,0,0,2,39,0,0,0,0,0,0,0,0,0,0,0,0,0,0,0,0,0,0,0,0,0,0,0,0,0,0,0,0,0,0,0,0,0,27,7,34,24,3,5,2,29,5,0,0,1,26,0,0,0,7,0,0,1,33,0,0,0,0,0,0,2,0,2,2,0,0,0,2,0,0,0,0,2,0,0,0,0,0,0,0,2,0,0,0,0,0,0,714,74,788,553,161,51,23,604,184,3,1,16,694,0,0,0,74,3,1,16,768,0,0,0,0,0,0
Washington County Sheriff's Office,NY05700,1996,New York,38998,10,0,10,10,0,0,0,10,0,0,0,2,8,0,0,0,0,0,0,2,8,0,0,0,0,0,0,206,61,267,152,54,40,21,192,75,0,0,5,201,0,0,0,69,0,0,5,270,0,0,0,0,0,0,1,2,3,1,0,2,0,3,0,0,0,0,1,0,0,0,4,0,0,0,5,0,0,0,0,0,0,7,15,22,7,0,14,1,21,1,0,0,0,7,0,0,0,19,0,0,0,26,0,0,0,0,0,0,0,0,0,0,0,0,0,0,0,0,0,0,0,0,0,0,0,0,0,0,0,0,0,0,0,0,0,26,6,32,19,7,6,0,25,7,0,0,1,25,0,0,0,6,0,0,1,31,0,0,0,0,0,0,0,0,1,23,0,0,24,0,0,0,9,0,0,9,33,20,4,7,2,27,6,0,0,1,32,0,0,24,9,33,20,4,7,2,27,6,0,0,1,23,0,0,0,9,0,0,1,32,0,0,0,0,0,0,0,0,0,0,0,0,0,0,0,0,0,0,0,0,0,0,0,0,0,0,0,0,0,0,0,0,0,0,0,0,0,0,0,0,0,0,0,0,0,0,0,0,0,0,0,0,0,0,0,0,0,0,0,0,0,0,0,0,0,0,0,0,0,0,0,0,0,0,0,0,0,0,0,0,0,0,0,0,0,0,0,0,0,0,4,0,0,4,0,0,0,1,0,0,1,5,3,1,1,0,4,1,0,0,0,5,0,0,4,1,5,3,1,1,0,4,1,0,0,0,4,0,0,0,1,0,0,0,5,0,0,0,0,0,0,0,0,0,0,0,0,0,0,0,0,0,0,0,0,0,0,0,0,0,0,0,0,0,0,0,0,0,0,0,0,0,0,0,0,0,0,0,0,0,0,0,0,0,0,0,0,0,0,0,0,0,0,0,0,0,0,0,0,0,0,0,0,0,0,0,0,0,0,0,0,0,0,0,0,0,0,0,0,0,0,0,28,10,38,23,5,8,2,31,7,0,0,1,27,0,0,0,10,0,0,1,37,0,0,0,0,0,0,0,0,0,0,0,0,0,0,0,0,0,0,0,0,0,0,0,0,0,0,0,0,0,0,0,0,0,78,0,78,66,12,0,0,66,12,0,0,0,78,0,0,0,0,0,0,0,78,0,0,0,0,0,0,0,0,0,0,0,0,0,0,0,0,0,0,0,0,0,0,0,0,0,0,0,0,0,0,0,0,0,2,0,2,2,0,0,0,2,0,0,0,0,2,0,0,0,0,0,0,0,2,0,0,0,0,0,0,6,0,6,1,5,0,0,1,5,0,0,1,5,0,0,0,0,0,0,1,5,0,0,0,0,0,0,94,0,94,44,50,0,0,44,50,0,0,6,88,0,0,0,0,0,0,6,88,0,0,0,0,0,0,0,0,0,0,0,0,0,0,0,0,0,0,0,0,0,0,0,0,0,0,0,0,0,0,0,0,0,0,0,0,0,0,0,0,0,0,0,0,0,0,0,0,0,0,0,0,0,0,0,0,0,0,0,0,0,0,0,0,0,0,0,0,0,0,0,0,0,0,0,0,0,0,0,0,0,0,0,0,0,0,0,0,0,0,0,0,0,0,0,0,0,0,0,0,0,0,0,0,0,0,0,0,0,0,0,0,0,0,0,0,0,0,0,0,0,0,0,0,0,0,0,0,0,0,0,0,0,0,0,0,0,0,0,0,0,0,0,0,0,0,0,0,0,0,0,0,0,0,0,0,0,0,0,0,0,0,0,0,0,0,0,0,1,4,5,1,0,2,2,3,2,0,0,0,1,0,0,0,4,0,0,0,5,0,0,0,0,0,0,2,0,2,2,0,0,0,2,0,0,0,0,2,0,0,0,0,0,0,0,2,0,0,0,0,0,0,0,0,0,0,0,0,0,0,0,0,0,0,0,0,0,0,0,0,0,0,0,0,0,0,0,0,0,0,0,0,0,0,0,0,0,0,0,0,0,0,0,0,0,0,0,0,0,0,0,0,0,0,0,0,65,11,76,49,16,10,1,59,17,1,0,0,64,0,0,0,11,1,0,0,75,0,0,0,0,0,0,5,3,8,5,0,3,0,8,0,0,0,0,5,0,0,0,5,0,0,0,10,0,0,0,0,0,0,0,0,0,0,0,0,0,0,0,0,0,0,0,0,0,0,0,0,0,0,0,0,0,0,0,0,0,0,0,0,0,0,0,0,0,0,0,0,0,0,0,0,0,0,0,0,0,0,0,0,0,0,0,0,0,0,0,0,0,0,0,0,0,0,0,0,0,0,0,0,0,0,0,0,0,0,0,0,0,0,0,0,0,0,0,0,0,0,0,0,0,0,0,0,0,0,0,0,0,0,0,0,0,0,0,0,0,0,2,0,2,2,0,0,0,2,0,0,0,0,2,0,0,0,0,0,0,0,2,0,0,0,0,0,0,0,0,0,0,0,0,0,0,0,0,0,0,0,0,0,0,0,0,0,0,0,0,0,0,0,0,0,0,15,15,0,0,6,9,6,9,0,0,0,0,0,0,0,15,0,0,0,15,0,0,0,0,0,0,1,2,3,1,0,2,0,3,0,0,0,0,1,0,0,0,2,0,0,0,3,0,0,0,0,0,0,0,0,0,0,0,0,0,0,0,0,0,0,0,0,0,0,0,0,0,0,0,0,0,0,0,0,0,33,32,65,23,10,15,17,38,27,0,1,0,32,0,0,0,34,0,1,0,66,0,0,0,0,0,0,1,0,1,0,1,0,0,0,1,0,0,0,1,0,0,0,0,0,0,0,1,0,0,0,0,0,0,23,14,37,22,1,12,2,34,3,0,0,0,23,0,0,0,15,0,0,0,38,0,0,0,0,0,0,1,0,1,1,0,0,0,1,0,0,0,0,1,0,0,0,0,0,0,0,1,0,0,0,0,0,0,648,195,843,477,171,136,59,613,230,1,1,18,628,0,0,0,214,1,1,18,842,0,0,0,0,0,0
Washington County Sheriff's Office,NY05700,1995,New York,38893,6,0,6,5,1,0,0,5,1,0,0,0,6,0,0,0,0,0,0,0,6,0,0,0,0,0,0,181,21,202,152,29,20,1,172,30,0,0,0,181,0,0,0,22,0,0,0,203,0,0,0,0,0,0,2,3,5,1,1,1,2,2,3,0,0,0,2,0,0,0,3,0,0,0,5,0,0,0,0,0,0,11,8,19,9,2,8,0,17,2,0,0,0,11,0,0,0,8,0,0,0,19,0,0,0,0,0,0,0,0,0,0,0,0,0,0,0,0,0,0,0,0,0,0,0,0,0,0,0,0,0,0,0,0,0,75,8,83,55,20,5,3,60,23,0,0,0,75,0,0,0,8,0,0,0,83,0,0,0,0,0,0,0,0,0,27,0,0,27,0,0,0,3,0,0,3,30,24,3,3,0,27,3,0,0,0,30,0,0,24,3,27,21,3,3,0,24,3,0,0,0,24,0,0,0,3,0,0,0,27,0,0,0,0,0,0,3,0,3,3,0,0,0,3,0,0,0,0,3,0,0,0,0,0,0,0,3,0,0,0,0,0,0,0,0,0,0,0,0,0,0,0,0,0,0,0,0,0,0,0,0,0,0,0,0,0,0,0,0,0,0,0,0,0,0,0,0,0,0,0,0,0,0,0,0,0,0,0,0,0,0,0,0,0,0,0,0,0,0,0,3,0,0,3,0,0,0,0,0,0,0,3,3,0,0,0,3,0,0,0,0,3,0,0,3,0,3,3,0,0,0,3,0,0,0,0,3,0,0,0,0,0,0,0,3,0,0,0,0,0,0,0,0,0,0,0,0,0,0,0,0,0,0,0,0,0,0,0,0,0,0,0,0,0,0,0,0,0,0,0,0,0,0,0,0,0,0,0,0,0,0,0,0,0,0,0,0,0,0,0,0,0,0,0,0,0,0,0,0,0,0,0,0,0,0,0,0,0,0,0,0,0,0,0,0,0,0,0,0,0,0,0,30,3,33,27,3,3,0,30,3,0,0,0,30,0,0,0,3,0,0,0,33,0,0,0,0,0,0,0,0,0,0,0,0,0,0,0,0,0,0,0,0,0,0,0,0,0,0,0,0,0,0,0,0,0,73,0,73,67,6,0,0,67,6,0,0,0,73,0,0,0,0,0,0,0,73,0,0,0,0,0,0,0,0,0,0,0,0,0,0,0,0,0,0,0,0,0,0,0,0,0,0,0,0,0,0,0,0,0,0,0,0,0,0,0,0,0,0,0,0,0,0,0,0,0,0,0,0,0,0,0,0,0,0,0,0,0,0,0,0,0,0,0,0,0,0,0,0,0,0,0,0,0,0,0,0,0,0,0,0,0,0,0,102,1,103,52,50,1,0,53,50,0,0,0,102,0,0,0,1,0,0,0,103,0,0,0,0,0,0,0,0,0,0,0,0,0,0,0,0,0,0,0,0,0,0,0,0,0,0,0,0,0,0,0,0,0,0,0,0,0,0,0,0,0,0,0,0,0,0,0,0,0,0,0,0,0,0,0,0,0,0,0,0,0,0,0,0,0,0,0,0,0,0,0,0,0,0,0,0,0,0,0,0,0,0,0,0,0,0,0,0,0,0,0,0,0,0,0,0,0,0,0,0,0,0,0,0,0,0,0,0,0,0,0,0,0,0,0,0,0,0,0,0,0,0,0,0,0,0,0,0,0,0,0,0,0,0,0,0,0,0,0,0,0,0,0,0,0,0,0,0,0,0,0,0,0,0,0,0,0,0,0,0,0,0,0,0,0,0,0,0,0,0,0,0,0,0,0,0,0,0,0,0,0,0,0,0,0,0,0,0,0,0,0,0,0,0,0,0,0,0,0,0,0,0,0,0,0,0,0,0,0,0,0,0,0,0,0,0,0,0,0,0,0,0,0,0,0,0,0,0,0,0,0,0,0,0,0,0,0,0,0,0,0,0,0,0,0,0,0,0,0,0,0,0,0,0,0,0,0,0,0,0,0,0,0,0,0,0,0,0,0,0,0,0,0,0,0,0,34,9,43,22,12,6,3,28,15,0,0,0,34,0,0,0,9,0,0,0,43,0,0,0,0,0,0,3,2,5,3,0,2,0,5,0,0,0,0,3,0,0,0,2,0,0,0,5,0,0,0,0,0,0,0,0,0,0,0,0,0,0,0,0,0,0,0,0,0,0,0,0,0,0,0,0,0,0,0,0,0,0,0,0,0,0,0,0,0,0,0,0,0,0,0,0,0,0,0,0,0,0,0,0,0,0,0,0,0,0,0,0,0,0,0,0,0,0,0,0,0,0,0,0,0,0,0,0,0,0,0,0,0,0,0,0,0,0,0,0,0,0,0,0,0,0,0,0,0,0,0,0,0,0,0,0,0,0,0,0,0,0,0,0,0,0,0,0,0,0,0,0,0,0,0,0,0,0,0,0,0,0,0,0,0,0,0,0,0,0,0,0,0,0,0,0,0,0,0,0,0,0,0,0,0,0,0,0,0,0,0,0,0,0,0,0,0,3,3,0,0,3,0,3,0,0,0,0,0,0,0,0,3,0,0,0,3,0,0,0,0,0,0,0,0,0,0,0,0,0,0,0,0,0,0,0,0,0,0,0,0,0,0,0,0,0,0,0,0,0,0,0,0,0,0,0,0,0,0,0,0,0,0,0,0,0,0,0,0,0,0,0,0,0,0,0,0,45,25,70,36,9,21,4,57,13,0,0,0,45,0,0,0,25,0,0,0,70,0,0,0,0,0,0,0,0,0,0,0,0,0,0,0,0,0,0,0,0,0,0,0,0,0,0,0,0,0,0,0,0,0,17,4,21,16,1,2,2,18,3,0,0,0,17,0,0,0,4,0,0,0,21,0,0,0,0,0,0,0,1,1,0,0,1,0,1,0,0,0,0,0,0,0,0,1,0,0,0,1,0,0,0,0,0,0,639,94,733,499,140,79,15,578,155,0,0,0,639,0,0,0,95,0,0,0,734,0,0,0,0,0,0
Washington County Sheriff's Office,NY05700,1994,New York,38636,2,1,3,2,0,1,0,3,0,0,0,0,2,0,0,0,1,0,0,0,3,0,0,0,0,0,0,176,14,190,148,28,12,2,160,30,0,0,0,176,0,0,0,15,0,0,0,191,0,0,0,0,0,0,0,0,0,0,0,0,0,0,0,0,0,0,0,0,0,0,0,0,0,0,0,0,0,0,0,0,0,7,3,10,7,0,2,1,9,1,0,0,0,7,0,0,0,3,0,0,0,10,0,0,0,0,0,0,0,0,0,0,0,0,0,0,0,0,0,0,0,0,0,0,0,0,0,0,0,0,0,0,0,0,0,76,9,85,53,23,4,5,57,28,0,0,0,76,0,0,0,9,0,0,0,85,0,0,0,0,0,0,0,0,0,9,0,0,9,0,0,0,1,0,0,1,10,6,3,1,0,7,3,0,0,0,10,0,0,9,1,10,6,3,1,0,7,3,0,0,0,9,0,0,0,1,0,0,0,10,0,0,0,0,0,0,0,0,0,0,0,0,0,0,0,0,0,0,0,0,0,0,0,0,0,0,0,0,0,0,0,0,0,0,0,0,0,0,0,0,0,0,0,0,0,0,0,0,0,0,0,0,0,0,0,0,0,0,0,0,0,0,0,0,0,0,0,0,0,0,0,0,0,0,0,0,0,0,0,0,0,0,0,0,0,0,0,0,0,0,1,0,0,1,0,0,0,0,0,0,0,1,1,0,0,0,1,0,0,0,0,1,0,0,1,0,1,1,0,0,0,1,0,0,0,0,1,0,0,0,0,0,0,0,1,0,0,0,0,0,0,0,0,0,0,0,0,0,0,0,0,0,0,0,0,0,0,0,0,0,0,0,0,0,0,0,0,0,0,0,0,0,0,0,0,0,0,0,0,0,0,0,0,0,0,0,0,0,0,0,0,0,0,0,0,0,0,0,0,0,0,0,0,0,0,0,0,0,0,0,0,0,0,0,0,0,0,0,0,0,0,0,10,1,11,7,3,1,0,8,3,0,0,0,10,0,0,0,1,0,0,0,11,0,0,0,0,0,0,0,0,0,0,0,0,0,0,0,0,0,0,0,0,0,0,0,0,0,0,0,0,0,0,0,0,0,69,1,70,61,8,1,0,62,8,0,0,0,69,0,0,0,1,0,0,0,70,0,0,0,0,0,0,0,0,0,0,0,0,0,0,0,0,0,0,0,0,0,0,0,0,0,0,0,0,0,0,0,0,0,0,0,0,0,0,0,0,0,0,0,0,0,0,0,0,0,0,0,0,0,0,0,0,0,0,0,0,1,0,1,1,0,0,0,1,0,0,0,0,1,0,0,0,0,0,0,0,1,0,0,0,0,0,0,62,0,62,24,38,0,0,24,38,0,0,0,62,0,0,0,0,0,0,0,62,0,0,0,0,0,0,0,0,0,0,0,0,0,0,0,0,0,0,0,0,0,0,0,0,0,0,0,0,0,0,0,0,0,0,0,0,0,0,0,0,0,0,0,0,0,0,0,0,0,0,0,0,0,0,0,0,0,0,0,0,0,0,0,0,0,0,0,0,0,0,0,0,0,0,0,0,0,0,0,0,0,0,0,0,0,0,0,0,0,0,0,0,0,0,0,0,0,0,0,0,0,0,0,0,0,0,0,0,0,0,0,0,0,0,0,0,0,0,0,0,0,0,0,0,0,0,0,0,0,0,0,0,0,0,0,0,0,0,0,0,0,0,0,0,0,0,0,0,0,0,0,0,0,0,0,0,0,0,0,0,0,0,0,0,0,0,0,0,0,0,0,0,0,0,0,0,0,0,0,0,0,0,0,0,0,0,0,0,0,0,0,0,0,0,0,2,0,2,2,0,0,0,2,0,0,0,0,2,0,0,0,0,0,0,0,2,0,0,0,0,0,0,0,0,0,0,0,0,0,0,0,0,0,0,0,0,0,0,0,0,0,0,0,0,0,0,0,0,0,0,0,0,0,0,0,0,0,0,0,0,0,0,0,0,0,0,0,0,0,0,0,0,0,0,0,0,24,6,30,18,6,5,1,23,7,0,0,0,24,0,0,0,6,0,0,0,30,0,0,0,0,0,0,10,0,10,10,0,0,0,10,0,0,0,0,10,0,0,0,0,0,0,0,10,0,0,0,0,0,0,0,0,0,0,0,0,0,0,0,0,0,0,0,0,0,0,0,0,0,0,0,0,0,0,0,0,0,0,0,0,0,0,0,0,0,0,0,0,0,0,0,0,0,0,0,0,0,0,0,0,0,0,0,0,0,0,0,0,0,0,0,0,0,0,0,0,0,0,0,0,0,0,0,0,0,0,0,0,0,0,0,0,0,0,0,0,0,0,0,0,0,0,0,0,0,0,0,0,0,0,0,0,0,0,0,0,0,0,1,0,1,1,0,0,0,1,0,0,0,0,1,0,0,0,0,0,0,0,1,0,0,0,0,0,0,0,0,0,0,0,0,0,0,0,0,0,0,0,0,0,0,0,0,0,0,0,0,0,0,0,0,0,0,0,0,0,0,0,0,0,0,0,0,0,0,0,0,0,0,0,0,0,0,0,0,0,0,0,0,3,0,3,1,2,0,0,1,2,0,0,0,3,0,0,0,0,0,0,0,3,0,0,0,0,0,0,0,0,0,0,0,0,0,0,0,0,0,0,0,0,0,0,0,0,0,0,0,0,0,0,0,0,0,36,12,48,26,10,8,4,34,14,0,0,0,36,0,0,0,12,0,0,0,48,0,0,0,0,0,0,0,0,0,0,0,0,0,0,0,0,0,0,0,0,0,0,0,0,0,0,0,0,0,0,0,0,0,15,9,24,13,2,9,0,22,2,0,0,0,15,0,0,0,9,0,0,0,24,0,0,0,0,0,0,0,0,0,0,0,0,0,0,0,0,0,0,0,0,0,0,0,0,0,0,0,0,0,0,0,0,0,514,58,572,388,126,45,13,433,139,0,0,0,514,0,0,0,59,0,0,0,573,0,0,0,0,0,0
Washington County Sheriff's Office,NY05700,1993,New York,38696,5,0,5,5,0,0,0,5,0,0,0,0,5,0,0,0,0,0,0,0,5,0,0,0,0,0,0,200,33,233,164,36,29,4,193,40,0,0,0,200,0,0,0,35,0,0,0,235,0,0,0,0,0,0,4,0,4,4,0,0,0,4,0,0,0,0,4,0,0,0,0,0,0,0,4,0,0,0,0,0,0,6,9,15,6,0,9,0,15,0,0,0,0,6,0,0,2,9,0,0,2,15,0,0,0,0,0,0,0,0,0,0,0,0,0,0,0,0,0,0,0,0,0,0,0,0,0,0,0,0,0,0,0,0,0,60,30,90,43,17,19,11,62,28,0,0,0,60,0,0,0,31,0,0,0,91,0,0,0,0,0,0,0,0,0,14,0,0,14,0,0,0,1,0,0,1,15,12,2,0,1,12,3,0,0,0,15,0,0,14,1,15,12,2,0,1,12,3,0,0,0,14,0,0,0,1,0,0,0,15,0,0,0,0,0,0,0,0,0,0,0,0,0,0,0,0,0,0,0,0,0,0,0,0,0,0,0,0,0,0,0,0,0,0,0,0,0,0,0,0,0,0,0,0,0,0,0,0,0,0,0,0,0,0,0,0,0,0,0,0,0,0,0,0,0,0,0,0,0,0,0,0,0,0,0,0,0,0,0,0,0,0,0,0,0,0,0,0,0,0,1,0,0,1,0,0,0,0,0,0,0,1,1,0,0,0,1,0,0,0,0,1,0,0,1,0,1,1,0,0,0,1,0,0,0,0,1,0,0,0,0,0,0,0,1,0,0,0,0,0,0,0,0,0,0,0,0,0,0,0,0,0,0,0,0,0,0,0,0,0,0,0,0,0,0,0,0,0,0,0,0,0,0,0,0,0,0,0,0,0,0,0,0,0,0,0,0,0,0,0,0,0,0,0,0,0,0,0,0,0,0,0,0,0,0,0,0,0,0,0,0,0,0,0,0,0,0,0,0,0,0,0,15,1,16,13,2,0,1,13,3,0,0,0,15,0,0,0,1,0,0,0,16,0,0,0,0,0,0,0,0,0,0,0,0,0,0,0,0,0,0,0,0,0,0,0,0,0,0,0,0,0,0,0,0,0,128,0,128,110,18,0,0,110,18,0,0,0,128,0,0,0,0,0,0,0,128,0,0,0,0,0,0,0,0,0,0,0,0,0,0,0,0,0,0,0,0,0,0,0,0,0,0,0,0,0,0,0,0,0,0,0,0,0,0,0,0,0,0,0,0,0,0,0,0,0,0,0,0,0,0,0,0,0,0,0,0,5,0,5,4,1,0,0,4,1,0,0,0,5,0,0,0,0,0,0,0,5,0,0,0,0,0,0,63,0,63,30,33,0,0,30,33,0,0,0,63,0,0,0,0,0,0,0,63,0,0,0,0,0,0,0,0,0,0,0,0,0,0,0,0,0,0,0,0,0,0,0,0,0,0,0,0,0,0,0,0,0,0,0,0,0,0,0,0,0,0,0,0,0,0,0,0,0,0,0,0,0,0,0,0,0,0,0,0,0,0,0,0,0,0,0,0,0,0,0,0,0,0,0,0,0,0,0,0,0,0,0,0,0,0,0,0,0,0,0,0,0,0,0,0,0,0,0,0,0,0,0,0,0,0,0,0,0,0,0,0,0,0,0,0,0,0,0,0,0,0,0,0,0,0,0,0,0,0,0,0,0,0,0,0,0,0,0,0,0,0,0,0,0,0,0,0,0,0,0,0,0,0,0,0,0,0,0,0,0,0,0,0,0,0,0,0,0,0,0,0,0,0,0,0,0,0,0,0,0,0,0,0,0,0,0,0,0,0,0,0,0,0,0,1,1,2,1,0,0,1,1,1,0,0,0,1,0,0,0,1,0,0,0,2,0,0,0,0,0,0,0,0,0,0,0,0,0,0,0,0,0,0,0,0,0,0,0,0,0,0,0,0,0,0,0,0,0,0,0,0,0,0,0,0,0,0,0,0,0,0,0,0,0,0,0,0,0,0,0,0,0,0,0,0,15,5,20,12,3,4,1,16,4,0,0,0,15,0,0,0,5,0,0,0,20,0,0,0,0,0,0,1,7,8,1,0,6,1,7,1,0,0,0,1,0,0,0,10,0,0,0,11,0,0,0,0,0,0,1,0,0,0,0,0,0,0,1,0,0,0,1,0,0,0,0,0,0,0,0,0,1,0,0,0,0,0,0,0,0,0,0,0,0,0,0,0,0,1,0,0,0,0,0,0,0,0,0,0,0,0,0,0,0,0,0,0,0,0,0,0,0,0,0,0,0,0,0,0,0,1,0,0,0,0,0,0,0,0,0,0,0,0,0,0,0,0,0,0,0,0,0,0,0,0,0,0,0,0,0,0,0,0,0,0,0,0,0,0,0,0,0,0,0,0,0,0,0,0,0,0,0,0,0,0,0,0,0,0,0,0,0,0,0,0,0,0,0,0,0,0,0,0,0,0,0,0,0,0,0,0,0,0,0,0,0,0,0,0,0,0,0,12,12,0,0,4,8,4,8,0,0,0,0,0,0,0,12,0,0,0,12,0,0,0,0,0,0,0,0,0,0,0,0,0,0,0,0,0,0,0,0,0,0,0,0,0,0,0,0,0,0,0,0,0,0,0,0,0,0,0,0,0,0,0,0,0,0,0,0,0,0,0,0,0,0,0,0,0,0,0,0,45,51,96,28,17,44,7,72,24,0,0,0,45,0,0,0,52,0,0,0,97,0,0,0,0,0,0,0,0,0,0,0,0,0,0,0,0,0,0,0,0,0,0,0,0,0,0,0,0,0,0,0,0,0,17,52,69,14,3,49,3,63,6,0,0,0,17,0,0,0,52,0,0,0,69,0,0,0,0,0,0,0,0,0,0,0,0,0,0,0,0,0,0,0,0,0,0,0,0,0,0,0,0,0,0,0,0,0,596,203,799,462,134,164,39,626,173,0,0,0,596,0,0,2,210,0,0,2,806,0,0,0,0,0,0
Washington County Sheriff's Office,NY05700,1992,New York,37843,3,0,3,3,0,0,0,3,0,0,0,0,3,0,0,0,0,0,0,0,3,0,0,0,0,0,0,162,48,210,128,34,37,11,165,45,0,0,0,162,0,0,0,49,0,0,0,211,0,0,0,0,0,0,0,0,0,0,0,0,0,0,0,0,0,0,0,0,0,0,4,0,0,0,4,0,0,0,0,0,0,18,21,39,18,0,20,1,38,1,0,0,0,18,0,0,0,25,0,0,0,43,0,0,0,0,0,0,0,0,0,0,0,0,0,0,0,0,0,0,0,0,0,0,0,0,0,0,0,0,0,0,0,0,0,102,19,121,69,33,15,4,84,37,0,0,0,102,0,0,0,20,0,0,0,122,0,0,0,0,0,0,0,0,0,8,0,0,8,0,0,0,1,0,0,1,9,7,1,1,0,8,1,0,0,0,9,0,0,8,1,9,7,1,1,0,8,1,0,0,0,8,0,0,0,1,0,0,0,9,0,0,0,0,0,0,0,0,0,0,0,0,0,0,0,0,0,0,0,0,0,0,0,0,0,0,0,0,0,0,0,0,0,0,0,0,0,0,0,0,0,0,0,0,0,0,0,0,0,0,0,0,0,0,0,0,0,0,0,0,0,0,0,0,0,0,0,0,0,0,0,0,0,0,0,0,0,0,0,0,0,0,0,0,0,0,0,0,0,0,6,0,0,6,0,0,0,1,0,0,1,7,6,0,1,0,7,0,0,0,0,7,0,0,6,1,7,6,0,1,0,7,0,0,0,0,6,0,0,0,1,0,0,0,7,0,0,0,0,0,0,0,0,0,0,0,0,0,0,0,0,0,0,0,0,0,0,0,0,0,0,0,0,0,0,0,0,0,0,0,0,0,0,0,0,0,0,0,0,0,0,0,0,0,0,0,0,0,0,0,0,0,0,0,0,0,0,0,0,0,0,0,0,0,0,0,0,0,0,0,0,0,0,0,0,0,0,0,0,0,0,0,14,2,16,13,1,2,0,15,1,0,0,0,14,0,0,0,2,0,0,0,16,0,0,0,0,0,0,0,0,0,0,0,0,0,0,0,0,0,0,0,0,0,0,0,0,0,0,0,0,0,0,0,0,0,97,0,97,83,14,0,0,83,14,0,0,0,97,0,0,0,0,0,0,0,97,0,0,0,0,0,0,0,0,0,0,0,0,0,0,0,0,0,0,0,0,0,0,0,0,0,0,0,0,0,0,0,0,0,3,0,3,3,0,0,0,3,0,0,0,0,3,0,0,0,0,0,0,0,3,0,0,0,0,0,0,6,1,7,4,2,1,0,5,2,0,0,0,6,0,0,0,1,0,0,0,7,0,0,0,0,0,0,64,1,65,40,24,0,1,40,25,0,0,0,64,0,0,0,1,0,0,0,65,0,0,0,0,0,0,0,0,0,0,0,0,0,0,0,0,0,0,0,0,0,0,0,0,0,0,0,0,0,0,0,0,0,0,0,0,0,0,0,0,0,0,0,0,0,0,0,0,0,0,0,0,0,0,0,0,0,0,0,0,0,0,0,0,0,0,0,0,0,0,0,0,0,0,0,0,0,0,0,0,0,0,0,0,0,0,0,0,0,0,0,0,0,0,0,0,0,0,0,0,0,0,0,0,0,0,0,0,0,0,0,0,0,0,0,0,0,0,0,0,0,0,0,0,0,0,0,0,0,0,0,0,0,0,0,0,0,0,0,0,0,0,0,0,0,0,0,0,0,0,0,0,0,0,0,0,0,0,0,0,0,0,0,0,0,0,0,0,0,0,0,0,0,0,0,0,0,0,0,0,0,0,0,0,0,0,0,0,0,0,0,0,0,0,0,0,0,0,0,0,0,0,0,0,0,0,0,0,0,0,0,0,0,0,0,0,0,0,0,0,0,0,0,0,0,0,0,0,0,0,0,0,0,0,0,0,0,0,0,0,0,0,0,0,0,0,0,0,0,0,0,0,0,0,0,0,0,0,0,0,0,0,0,0,0,0,0,0,0,0,0,0,0,0,0,0,30,11,41,28,2,10,1,38,3,0,0,0,30,0,0,0,11,0,0,0,41,0,0,0,0,0,0,2,5,7,2,0,3,2,5,2,0,0,0,2,0,0,0,5,0,0,0,7,0,0,0,0,0,0,0,0,0,0,0,0,0,0,0,0,0,0,0,0,0,0,0,0,0,0,0,0,0,0,0,0,0,0,0,0,0,0,0,0,0,0,0,0,0,0,0,0,0,0,0,0,0,0,0,0,0,0,0,0,0,0,0,0,0,0,0,0,0,0,0,0,0,0,0,0,0,0,0,0,0,0,0,0,0,0,0,0,0,0,0,0,0,0,0,0,0,0,0,0,0,0,0,0,0,0,0,0,0,0,0,0,0,0,0,1,1,0,0,1,0,1,0,0,0,0,0,0,0,0,1,0,0,0,1,0,0,0,0,0,0,0,0,0,0,0,0,0,0,0,0,0,0,0,0,0,0,0,0,0,0,0,0,0,0,0,0,0,0,11,11,0,0,6,5,6,5,0,0,0,0,0,0,0,12,0,0,0,12,0,0,0,0,0,0,0,0,0,0,0,0,0,0,0,0,0,0,0,0,0,0,0,0,0,0,0,0,0,0,0,0,0,0,0,0,0,0,0,0,0,0,0,0,0,0,0,0,0,0,0,0,0,0,0,0,0,0,0,0,53,32,85,34,19,24,8,58,27,0,0,0,53,0,0,0,35,0,0,0,88,0,0,0,0,0,0,0,0,0,0,0,0,0,0,0,0,0,0,0,0,0,0,0,0,0,0,0,0,0,0,0,0,0,21,41,62,20,1,38,3,58,4,0,0,0,21,0,0,0,42,0,0,0,63,0,0,0,0,0,0,0,0,0,0,0,0,0,0,0,0,0,0,0,0,0,0,0,0,0,0,0,0,0,0,0,0,0,603,197,800,471,132,161,36,632,168,0,0,0,603,0,0,0,212,0,0,0,815,0,0,0,0,0,0
Washington County Sheriff's Office,NY05700,1991,New York,37716,0,0,0,0,0,0,0,0,0,0,0,0,0,0,0,0,0,0,0,0,0,0,0,0,0,0,0,178,62,240,147,31,50,12,197,43,0,0,0,178,0,0,0,62,0,0,0,240,0,0,0,0,0,0,0,2,2,0,0,2,0,2,0,0,0,0,0,0,0,0,2,0,0,0,2,0,0,0,0,0,0,8,10,18,7,1,10,0,17,1,0,0,0,8,0,0,0,11,0,0,0,19,0,0,0,0,0,0,0,0,0,0,0,0,0,0,0,0,0,0,0,0,0,0,0,0,0,0,0,0,0,0,0,0,0,52,19,71,44,8,14,5,58,13,0,0,0,52,0,0,0,22,0,0,0,74,0,0,0,0,0,0,0,0,0,9,0,0,9,0,0,0,1,0,0,1,10,7,2,1,0,8,2,0,0,0,10,0,0,9,1,10,7,2,1,0,8,2,0,0,0,9,0,0,0,1,0,0,0,10,0,0,0,0,0,0,0,0,0,0,0,0,0,0,0,0,0,0,0,0,0,0,0,0,0,0,0,0,0,0,0,0,0,0,0,0,0,0,0,0,0,0,0,0,0,0,0,0,0,0,0,0,0,0,0,0,0,0,0,0,0,0,0,0,0,0,0,0,0,0,0,0,0,0,0,0,0,0,0,0,0,0,0,0,0,0,0,0,0,0,5,0,0,5,0,0,0,0,0,0,0,5,5,0,0,0,5,0,0,0,0,5,0,0,3,0,3,3,0,0,0,3,0,0,0,0,3,0,0,0,0,0,0,0,3,0,0,0,0,0,0,2,0,2,2,0,0,0,2,0,0,0,0,2,0,0,0,0,0,0,0,2,0,0,0,0,0,0,0,0,0,0,0,0,0,0,0,0,0,0,0,0,0,0,0,0,0,0,0,0,0,0,0,0,0,0,0,0,0,0,0,0,0,0,0,0,0,0,0,0,0,0,0,0,0,0,0,0,0,0,0,0,14,1,15,12,2,1,0,13,2,0,0,0,14,0,0,0,1,0,0,0,15,0,0,0,0,0,0,0,0,0,0,0,0,0,0,0,0,0,0,0,0,0,0,0,0,0,0,0,0,0,0,0,0,0,125,3,128,104,21,3,0,107,21,0,0,0,125,0,0,0,3,0,0,0,128,0,0,0,0,0,0,0,0,0,0,0,0,0,0,0,0,0,0,0,0,0,0,0,0,0,0,0,0,0,0,0,0,0,26,1,27,24,2,1,0,25,2,0,0,0,26,0,0,0,1,0,0,0,27,0,0,0,0,0,0,1,0,1,1,0,0,0,1,0,0,0,0,1,0,0,0,0,0,0,0,1,0,0,0,0,0,0,112,0,112,65,47,0,0,65,47,0,0,0,112,0,0,0,0,0,0,0,112,0,0,0,0,0,0,0,0,0,0,0,0,0,0,0,0,0,0,0,0,0,0,0,0,0,0,0,0,0,0,0,0,0,0,0,0,0,0,0,0,0,0,0,0,0,0,0,0,0,0,0,0,0,0,0,0,0,0,0,0,0,0,0,0,0,0,0,0,0,0,0,0,0,0,0,0,0,0,0,0,0,0,0,0,0,0,0,0,0,0,0,0,0,0,0,0,0,0,0,0,0,0,0,0,0,0,0,0,0,0,0,0,0,0,0,0,0,0,0,0,0,0,0,0,0,0,0,0,0,0,0,0,0,0,0,0,0,0,0,0,0,0,0,0,0,0,0,0,0,0,0,0,0,0,0,0,0,0,0,0,0,0,0,0,0,0,0,0,0,0,0,0,0,0,0,0,0,0,0,0,0,0,0,0,0,0,0,0,0,0,0,0,0,0,0,0,0,0,0,0,0,0,0,0,0,0,0,0,0,0,0,0,0,0,0,0,0,0,0,0,0,0,0,0,0,0,0,0,0,0,0,0,0,0,0,0,0,0,0,0,0,0,0,0,0,0,0,0,0,0,0,0,0,0,0,0,0,0,0,0,0,0,0,0,0,0,0,0,0,0,0,0,0,0,0,0,41,1,42,37,4,1,0,38,4,0,0,0,41,0,0,0,1,0,0,0,42,0,0,0,0,0,0,7,8,15,7,0,8,0,15,0,0,0,0,7,0,0,0,8,0,0,0,15,0,0,0,0,0,0,0,0,0,0,0,0,0,0,0,0,0,0,0,0,0,0,0,0,0,0,0,0,0,0,0,0,0,0,0,0,0,0,0,0,0,0,0,0,0,0,0,0,0,0,0,0,0,0,0,0,0,0,0,0,0,0,0,0,0,0,0,0,0,0,0,0,0,0,0,0,0,0,0,0,0,0,0,0,0,0,0,0,0,0,0,0,0,0,0,0,0,0,0,0,0,0,0,0,0,0,0,0,0,0,0,0,0,0,2,0,2,2,0,0,0,2,0,0,0,0,2,0,0,0,0,0,0,0,2,0,0,0,0,0,0,0,0,0,0,0,0,0,0,0,0,0,0,0,0,0,0,0,0,0,0,0,0,0,0,0,0,0,0,32,32,0,0,19,13,19,13,0,0,0,0,0,0,0,32,0,0,0,32,0,0,0,0,0,0,0,0,0,0,0,0,0,0,0,0,0,0,0,0,0,0,0,0,0,0,0,0,0,0,0,0,0,0,0,0,0,0,0,0,0,0,0,0,0,0,0,0,0,0,0,0,0,0,0,0,0,0,0,0,51,52,103,35,16,43,9,78,25,0,0,0,51,0,0,0,53,0,0,0,104,0,0,0,0,0,0,0,0,0,0,0,0,0,0,0,0,0,0,0,0,0,0,0,0,0,0,0,0,0,0,0,0,0,22,24,46,18,4,21,3,39,7,0,0,0,22,0,0,0,28,0,0,0,50,0,0,0,0,0,0,0,0,0,0,0,0,0,0,0,0,0,0,0,0,0,0,0,0,0,0,0,0,0,0,0,0,0,667,217,884,527,140,175,42,702,182,0,0,0,667,0,0,0,226,0,0,0,893,0,0,0,0,0,0
Washington County Sheriff's Office,NY05700,1990,New York,,,,,,,,,,,,,,,,,,,,,,,,,,,,,,,,,,,,,,,,,,,,,,,,,,,,,,,,,,,,,,,,,,,,,,,,,,,,,,,,,,,,,,,,,,,,,,,,,,,,,,,,,,,,,,,,,,,,,,,,,,,,,,,,,,,,,,,,,,,,,,,,,,,,,,,,,,,,,,,,,,,,,,,,,,,,,,,,,,,,,,,,,,,,,,,,,,,,,,,,,,,,,,,,,,,,,,,,,,,,,,,,,,,,,,,,,,,,,,,,,,,,,,,,,,,,,,,,,,,,,,,,,,,,,,,,,,,,,,,,,,,,,,,,,,,,,,,,,,,,,,,,,,,,,,,,,,,,,,,,,,,,,,,,,,,,,,,,,,,,,,,,,,,,,,,,,,,,,,,,,,,,,,,,,,,,,,,,,,,,,,,,,,,,,,,,,,,,,,,,,,,,,,,,,,,,,,,,,,,,,,,,,,,,,,,,,,,,,,,,,,,,,,,,,,,,,,,,,,,,,,,,,,,,,,,,,,,,,,,,,,,,,,,,,,,,,,,,,,,,,,,,,,,,,,,,,,,,,,,,,,,,,,,,,,,,,,,,,,,,,,,,,,,,,,,,,,,,,,,,,,,,,,,,,,,,,,,,,,,,,,,,,,,,,,,,,,,,,,,,,,,,,,,,,,,,,,,,,,,,,,,,,,,,,,,,,,,,,,,,,,,,,,,,,,,,,,,,,,,,,,,,,,,,,,,,,,,,,,,,,,,,,,,,,,,,,,,,,,,,,,,,,,,,,,,,,,,,,,,,,,,,,,,,,,,,,,,,,,,,,,,,,,,,,,,,,,,,,,,,,,,,,,,,,,,,,,,,,,,,,,,,,,,,,,,,,,,,,,,,,,,,,,,,,,,,,,,,,,,,,,,,,,,,,,,,,,,,,,,,,,,,,,,,,,,,,,,,,,,,,,,,,,,,,,,,,,,,,,,,,,,,,,,,,,,,,,,,,,,,,,,,,,,,,,,,,,,,,,,,,,,,,,,,,,,,,,,,,,,,,,,,,,,,,,,,,,,,,,,,,,,,,,,,,,,,,,,,,,,,,,,,,,,,,,,,,,,,,,,,,,,,,,,,,,,,,,,,,,,,,,,,,,,,,,,,,,,,,,,,,,,,,,,,,,,,,,,,,,,,,,,,,,,,,,,,,,,,,,,,,,,,,,,,,,,,,,,,,,,,,,,,,,,,,,,,,,,,,,,,,,,,,,,,,,,,,,,,,,,,,,,,,,,,,,,,,,,,,,,,,,,,,,,,,,,,,,,,,,,,,,,,,,,,,,,,,,,,,,,,,,,,,,,,,,,,,,,,,,,,,,,,,,,,,,,,,,,,,,,,,,,,,,,,,,,,,,,,,,,,,,,,,,,,,,,,,,,,,,,,,,,,,,,,,,,,,,,,,,,,,,,,,,,,,,,,,,,,,,,,,,,,
Washington County Sheriff's Office,NY05700,1989,New York,36724,8,2,10,7,1,2,0,9,1,0,0,0,8,0,0,0,2,0,0,0,10,0,0,0,0,0,0,129,62,191,113,16,42,20,155,36,0,0,0,129,0,0,0,62,0,0,0,191,0,0,0,0,0,0,0,0,0,0,0,0,0,0,0,0,0,0,0,0,0,0,0,0,0,0,0,0,0,0,0,0,0,6,6,12,6,0,6,0,12,0,0,0,0,6,0,0,0,6,0,0,0,12,0,0,0,0,0,0,0,0,0,0,0,0,0,0,0,0,0,0,0,0,0,0,0,0,0,0,0,0,0,0,0,0,0,51,21,72,41,10,16,5,57,15,0,0,0,51,0,0,0,21,0,0,0,72,0,0,0,0,0,0,0,0,0,16,0,0,16,0,0,0,3,0,0,3,19,13,3,2,1,15,4,0,0,0,19,0,0,10,2,12,9,1,2,0,11,1,0,0,0,10,0,0,0,2,0,0,0,12,0,0,0,0,0,0,6,0,6,4,2,0,0,4,2,0,0,0,6,0,0,0,0,0,0,0,6,0,0,0,0,0,0,0,1,1,0,0,0,1,0,1,0,0,0,0,0,0,0,1,0,0,0,1,0,0,0,0,0,0,0,0,0,0,0,0,0,0,0,0,0,0,0,0,0,0,0,0,0,0,0,0,0,0,0,0,0,0,0,0,5,0,0,5,0,0,0,0,0,0,0,5,4,1,0,0,4,1,0,0,0,5,0,0,0,0,0,0,0,0,0,0,0,0,0,0,0,0,0,0,0,0,0,0,0,0,0,0,0,0,0,5,0,5,4,1,0,0,4,1,0,0,0,5,0,0,0,0,0,0,0,5,0,0,0,0,0,0,0,0,0,0,0,0,0,0,0,0,0,0,0,0,0,0,0,0,0,0,0,0,0,0,0,0,0,0,0,0,0,0,0,0,0,0,0,0,0,0,0,0,0,0,0,0,0,0,0,0,0,0,0,0,21,3,24,17,4,2,1,19,5,0,0,0,21,0,0,0,3,0,0,0,24,0,0,0,0,0,0,0,0,0,0,0,0,0,0,0,0,0,0,0,0,0,0,0,0,0,0,0,0,0,0,0,0,0,124,3,127,108,16,3,0,111,16,0,0,0,124,0,0,0,3,0,0,0,127,0,0,0,0,0,0,0,0,0,0,0,0,0,0,0,0,0,0,0,0,0,0,0,0,0,0,0,0,0,0,0,0,0,0,0,0,0,0,0,0,0,0,0,0,0,0,0,0,0,0,0,0,0,0,0,0,0,0,0,0,3,0,3,2,1,0,0,2,1,0,0,0,3,0,0,0,0,0,0,0,3,0,0,0,0,0,0,20,0,20,9,11,0,0,9,11,0,0,0,20,0,0,0,0,0,0,0,20,0,0,0,0,0,0,0,0,0,0,0,0,0,0,0,0,0,0,0,0,0,0,0,0,0,0,0,0,0,0,0,0,0,0,0,0,0,0,0,0,0,0,0,0,0,0,0,0,0,0,0,0,0,0,0,0,0,0,0,0,1,0,1,1,0,0,0,1,0,0,0,0,1,0,0,0,0,0,0,0,1,0,0,0,0,0,0,0,0,0,1,0,0,1,0,0,0,0,0,0,0,1,1,0,0,0,1,0,0,0,0,1,0,0,0,0,0,0,0,0,0,0,0,0,0,0,0,0,0,0,0,0,0,0,0,0,0,0,0,0,0,0,0,0,0,0,0,0,0,0,0,0,0,0,0,0,0,0,0,0,0,0,0,0,0,0,0,0,0,0,0,0,0,0,0,0,0,0,0,0,0,0,0,0,0,0,0,0,0,0,0,0,0,0,0,1,1,2,1,0,0,1,1,1,0,0,0,1,0,0,0,1,0,0,0,2,0,0,0,0,0,0,0,0,0,0,0,0,0,0,0,0,0,0,0,0,0,0,0,0,0,0,0,0,0,0,0,0,0,0,0,0,0,0,0,0,0,0,0,0,0,0,0,0,0,0,0,0,0,0,0,0,0,0,0,0,12,6,18,12,0,6,0,18,0,0,0,0,12,0,0,0,6,0,0,0,18,0,0,0,0,0,0,4,10,14,4,0,10,0,14,0,0,0,0,4,0,0,0,11,0,0,0,15,0,0,0,0,0,0,0,0,0,0,0,0,0,0,0,0,0,0,0,0,0,0,0,0,0,0,0,0,0,0,0,0,0,0,0,0,0,0,0,0,0,0,0,0,0,0,0,0,0,0,0,0,0,0,0,0,0,0,0,0,0,0,0,0,0,0,0,0,0,0,0,0,0,0,0,0,0,0,0,0,0,0,0,0,0,0,0,0,0,0,0,0,0,0,0,0,0,0,0,0,0,0,0,0,0,0,0,0,0,0,0,0,0,0,0,0,0,0,0,0,0,0,0,0,0,0,0,0,0,0,0,0,0,0,0,0,0,0,0,0,0,1,0,1,1,0,0,0,1,0,0,0,0,1,0,0,0,0,0,0,0,1,0,0,0,0,0,0,0,19,19,0,0,5,14,5,14,0,0,0,0,0,0,0,19,0,0,0,19,0,0,0,0,0,0,6,3,9,6,0,3,0,9,0,0,0,0,6,0,0,0,3,0,0,0,9,0,0,0,0,0,0,0,0,0,0,0,0,0,0,0,0,0,0,0,0,0,0,0,0,0,0,0,0,0,0,0,0,0,34,24,58,29,5,21,3,50,8,0,0,0,34,0,0,0,24,0,0,0,58,0,0,0,0,0,0,0,0,0,0,0,0,0,0,0,0,0,0,0,0,0,0,0,0,0,0,0,0,0,0,0,0,0,20,29,49,17,3,29,0,46,3,0,0,0,20,0,0,0,34,0,0,0,54,0,0,0,0,0,0,2,1,3,2,0,0,1,2,1,0,0,0,2,0,0,0,1,0,0,0,3,0,0,0,0,0,0,486,196,682,411,75,149,47,560,122,0,0,0,486,0,0,0,202,0,0,0,688,0,0,0,0,0,0
Washington County Sheriff's Office,NY05700,1988,New York,35585,6,0,6,6,0,0,0,6,0,0,0,0,6,0,0,0,0,0,0,0,6,0,0,0,0,0,0,125,48,173,106,19,33,15,139,34,0,0,0,125,0,0,0,54,0,0,0,179,0,0,0,0,0,0,0,0,0,0,0,0,0,0,0,0,0,0,0,0,0,0,1,0,0,0,1,0,0,0,0,0,0,19,22,41,16,3,16,6,32,9,0,0,0,19,0,0,0,22,0,0,0,41,0,0,0,0,0,0,0,0,0,0,0,0,0,0,0,0,0,0,0,0,0,0,0,0,0,0,0,0,0,0,0,0,0,45,8,53,37,8,7,1,44,9,0,0,0,45,0,0,0,9,0,0,0,54,0,0,0,0,0,0,0,0,0,2,0,0,2,0,0,0,0,0,0,0,2,2,0,0,0,2,0,0,0,0,2,0,0,2,0,2,2,0,0,0,2,0,0,0,0,2,0,0,0,0,0,0,0,2,0,0,0,0,0,0,0,0,0,0,0,0,0,0,0,0,0,0,0,0,0,0,0,0,0,0,0,0,0,0,0,0,0,0,0,0,0,0,0,0,0,0,0,0,0,0,0,0,0,0,0,0,0,0,0,0,0,0,0,0,0,0,0,0,0,0,0,0,0,0,0,0,0,0,0,0,0,0,0,0,0,0,0,0,0,0,0,0,0,0,1,0,0,1,0,0,0,0,0,0,0,1,1,0,0,0,1,0,0,0,0,1,0,0,1,0,1,1,0,0,0,1,0,0,0,0,1,0,0,0,0,0,0,0,1,0,0,0,0,0,0,0,0,0,0,0,0,0,0,0,0,0,0,0,0,0,0,0,0,0,0,0,0,0,0,0,0,0,0,0,0,0,0,0,0,0,0,0,0,0,0,0,0,0,0,0,0,0,0,0,0,0,0,0,0,0,0,0,0,0,0,0,0,0,0,0,0,0,0,0,0,0,0,0,0,0,0,0,0,0,0,0,3,0,3,3,0,0,0,3,0,0,0,0,3,0,0,0,0,0,0,0,3,0,0,0,0,0,0,0,0,0,0,0,0,0,0,0,0,0,0,0,0,0,0,0,0,0,0,0,0,0,0,0,0,0,101,1,102,92,9,1,0,93,9,0,0,0,101,0,0,0,1,0,0,0,102,0,0,0,0,0,0,0,0,0,0,0,0,0,0,0,0,0,0,0,0,0,0,0,0,0,0,0,0,0,0,0,0,0,0,0,0,0,0,0,0,0,0,0,0,0,0,0,0,0,0,0,0,0,0,0,0,0,0,0,0,3,0,3,0,3,0,0,0,3,0,0,0,3,0,0,0,0,0,0,0,3,0,0,0,0,0,0,40,0,40,33,7,0,0,33,7,0,0,0,40,0,0,0,0,0,0,0,40,0,0,0,0,0,0,0,0,0,0,0,0,0,0,0,0,0,0,0,0,0,0,0,0,0,0,0,0,0,0,0,0,0,0,0,0,0,0,0,0,0,0,0,0,0,0,0,0,0,0,0,0,0,0,0,0,0,0,0,0,0,0,0,0,0,0,0,0,0,0,0,0,0,0,0,0,0,0,0,0,0,0,0,0,0,0,0,0,0,0,0,0,0,0,0,0,0,0,0,0,0,0,0,0,0,0,0,0,0,0,0,0,0,0,0,0,0,0,0,0,0,0,0,0,0,0,0,0,0,0,0,0,0,0,0,0,0,0,0,0,0,0,0,0,0,0,0,0,0,0,0,0,0,0,0,0,0,0,0,0,0,0,0,0,0,0,0,0,0,0,0,0,0,0,0,0,0,0,0,0,0,0,0,0,0,0,0,0,0,0,0,0,0,0,0,0,0,0,0,0,0,0,0,0,0,0,0,0,0,0,0,0,0,0,0,0,0,0,0,0,0,0,0,0,0,0,0,0,0,0,0,0,0,0,0,0,0,0,0,0,0,0,0,0,0,0,0,0,0,0,0,0,0,0,0,0,0,0,0,0,0,0,0,0,0,0,0,0,0,0,0,0,0,0,0,0,18,6,24,16,2,5,1,21,3,0,0,0,18,0,0,0,6,0,0,0,24,0,0,0,0,0,0,6,3,9,5,1,3,0,8,1,0,0,0,6,0,0,0,3,0,0,0,9,0,0,0,0,0,0,0,0,0,0,0,0,0,0,0,0,0,0,0,0,0,0,0,0,0,0,0,0,0,0,0,0,0,0,0,0,0,0,0,0,0,0,0,0,0,0,0,0,0,0,0,0,0,0,0,0,0,0,0,0,0,0,0,0,0,0,0,0,0,0,0,0,0,0,0,0,0,0,0,0,0,0,0,0,0,0,0,0,0,0,0,0,0,0,0,0,0,0,0,0,0,0,0,0,0,0,0,0,0,0,0,0,0,0,0,0,0,0,0,0,0,0,0,0,0,0,0,0,0,0,0,0,0,0,0,0,0,0,0,0,0,2,0,2,2,0,0,0,2,0,0,0,0,2,0,0,0,0,0,0,0,2,0,0,0,0,0,0,0,36,36,0,0,18,18,18,18,0,0,0,0,0,0,0,36,0,0,0,36,0,0,0,0,0,0,1,3,4,1,0,3,0,4,0,0,0,0,1,0,0,0,3,0,0,0,4,0,0,0,0,0,0,0,0,0,0,0,0,0,0,0,0,0,0,0,0,0,0,0,0,0,0,0,0,0,0,0,0,0,42,30,72,29,13,19,11,48,24,0,0,0,42,0,0,0,32,0,0,0,74,0,0,0,0,0,0,0,0,0,0,0,0,0,0,0,0,0,0,0,0,0,0,0,0,0,0,0,0,0,0,0,0,0,17,21,38,15,2,19,2,34,4,0,0,0,17,0,0,0,22,0,0,0,39,0,0,0,0,0,0,1,0,1,1,0,0,0,1,0,0,0,0,1,0,0,0,0,0,0,0,1,0,0,0,0,0,0,435,178,613,368,67,124,54,492,121,0,0,0,435,0,0,0,189,0,0,0,624,0,0,0,0,0,0
Washington County Sheriff's Office,NY05700,1987,New York,34994,7,0,7,7,0,0,0,7,0,0,0,0,7,0,0,0,0,0,0,0,7,0,0,0,0,0,0,201,69,270,177,24,44,25,221,49,0,0,0,201,0,0,0,69,0,0,0,270,0,0,0,0,0,0,1,0,1,1,0,0,0,1,0,0,0,0,1,0,0,0,0,0,0,0,1,0,0,0,0,0,0,20,14,34,19,1,12,2,31,3,0,0,0,20,0,0,0,15,0,0,0,35,0,0,0,0,0,0,0,0,0,0,0,0,0,0,0,0,0,0,0,0,0,0,0,0,0,0,0,0,0,0,0,0,0,45,31,76,33,12,28,3,61,15,0,0,0,45,0,0,0,36,0,0,0,81,0,0,0,0,0,0,0,0,0,12,0,0,12,0,0,0,3,0,0,3,15,10,2,3,0,13,2,0,0,0,15,0,0,11,3,14,10,1,3,0,13,1,0,0,0,11,0,0,0,3,0,0,0,14,0,0,0,0,0,0,0,0,0,0,0,0,0,0,0,0,0,0,0,0,0,0,0,0,0,0,0,0,0,0,0,0,0,1,0,1,0,1,0,0,0,1,0,0,0,1,0,0,0,0,0,0,0,1,0,0,0,0,0,0,0,0,0,0,0,0,0,0,0,0,0,0,0,0,0,0,0,0,0,0,0,0,0,0,0,0,0,0,0,0,0,0,0,0,0,0,0,0,0,0,0,0,0,0,0,0,0,0,0,0,0,0,0,0,0,0,0,0,0,0,0,0,0,0,0,0,0,0,0,0,0,0,0,0,0,0,0,0,0,0,0,0,0,0,0,0,0,0,0,0,0,0,0,0,0,0,0,0,0,0,0,0,0,0,0,0,0,0,0,0,0,0,0,0,0,0,0,0,0,0,0,0,0,0,0,0,0,0,0,0,0,0,0,0,0,0,0,0,0,0,0,0,0,0,0,0,0,0,0,0,0,0,0,0,0,0,0,0,0,0,0,0,12,3,15,10,2,3,0,13,2,0,0,0,12,0,0,0,3,0,0,0,15,0,0,0,0,0,0,0,0,0,0,0,0,0,0,0,0,0,0,0,0,0,0,0,0,0,0,0,0,0,0,0,0,0,200,0,200,178,22,0,0,178,22,0,0,0,200,0,0,0,0,0,0,0,200,0,0,0,0,0,0,0,0,0,0,0,0,0,0,0,0,0,0,0,0,0,0,0,0,0,0,0,0,0,0,0,0,0,0,0,0,0,0,0,0,0,0,0,0,0,0,0,0,0,0,0,0,0,0,0,0,0,0,0,0,1,0,1,0,1,0,0,0,1,0,0,0,1,0,0,0,0,0,0,0,1,0,0,0,0,0,0,24,0,24,17,7,0,0,17,7,0,0,0,24,0,0,0,0,0,0,0,24,0,0,0,0,0,0,0,0,0,0,0,0,0,0,0,0,0,0,0,0,0,0,0,0,0,0,0,0,0,0,0,0,0,0,0,0,0,0,0,0,0,0,0,0,0,0,0,0,0,0,0,0,0,0,0,0,0,0,0,0,0,0,0,0,0,0,0,0,0,0,0,0,0,0,0,0,0,0,0,0,0,0,0,0,0,0,0,0,0,0,0,0,0,0,0,0,0,0,0,0,0,0,0,0,0,0,0,0,0,0,0,0,0,0,0,0,0,0,0,0,0,0,0,0,0,0,0,0,0,0,0,0,0,0,0,0,0,0,0,0,0,0,0,0,0,0,0,0,0,0,0,0,0,0,0,0,0,0,0,0,0,0,0,0,0,0,0,0,0,0,0,0,0,0,0,0,0,0,0,0,0,0,0,0,0,0,0,0,0,0,0,0,0,0,0,1,6,7,1,0,6,0,7,0,0,0,0,1,0,0,0,6,0,0,0,7,0,0,0,0,0,0,0,0,0,0,0,0,0,0,0,0,0,0,0,0,0,0,0,0,0,0,0,0,0,0,0,0,0,1,0,1,1,0,0,0,1,0,0,0,0,1,0,0,0,0,0,0,0,1,0,0,0,0,0,0,17,4,21,14,3,4,0,18,3,0,0,0,17,0,0,0,4,0,0,0,21,0,0,0,0,0,0,5,2,7,5,0,2,0,7,0,0,0,0,5,0,0,0,2,0,0,0,7,0,0,0,0,0,0,0,0,0,0,0,0,0,0,0,0,0,0,0,0,0,0,0,0,0,0,0,0,0,0,0,0,0,0,0,0,0,0,0,0,0,0,0,0,0,0,0,0,0,0,0,0,0,0,0,0,0,0,0,0,0,0,0,0,0,0,0,0,0,0,0,0,0,0,0,0,0,0,0,0,0,0,0,0,0,0,0,0,0,0,0,0,0,0,0,0,0,0,0,0,0,0,0,0,0,0,0,0,0,0,0,0,0,0,4,0,4,4,0,0,0,4,0,0,0,0,4,0,0,0,0,0,0,0,4,0,0,0,0,0,0,0,0,0,0,0,0,0,0,0,0,0,0,0,0,0,0,0,0,0,0,0,0,0,0,0,0,0,0,27,27,0,0,19,8,19,8,0,0,0,0,0,0,0,28,0,0,0,28,0,0,0,0,0,0,3,2,5,1,2,2,0,3,2,0,0,0,3,0,0,0,2,0,0,0,5,0,0,0,0,0,0,0,0,0,0,0,0,0,0,0,0,0,0,0,0,0,0,0,0,0,0,0,0,0,0,0,0,0,38,35,73,25,13,32,3,57,16,0,0,0,38,0,0,0,36,0,0,0,74,0,0,0,0,0,0,0,0,0,0,0,0,0,0,0,0,0,0,0,0,0,0,0,0,0,0,0,0,0,0,0,0,0,22,18,40,18,4,18,0,36,4,0,0,0,22,0,0,0,20,0,0,0,42,0,0,0,0,0,0,2,1,3,2,0,1,0,3,0,0,0,0,2,0,0,0,1,0,0,0,3,0,0,0,0,0,0,628,218,846,533,95,177,41,710,136,0,0,0,628,0,0,0,228,0,0,0,856,0,0,0,0,0,0
Washington County Sheriff's Office,NY05700,1986,New York,34221,1,0,1,1,0,0,0,1,0,0,0,0,1,0,0,0,0,0,0,0,1,0,1,0,0,1,1,141,59,200,128,13,37,22,165,35,0,0,0,141,0,0,0,59,0,0,0,200,0,141,0,59,200,200,4,1,5,3,1,1,0,4,1,0,0,0,4,0,0,0,1,0,0,0,5,0,4,0,1,5,5,8,12,20,6,2,12,0,18,2,0,0,0,8,0,0,0,12,0,0,0,20,0,8,0,12,20,20,0,0,0,0,0,0,0,0,0,0,0,0,0,0,0,0,0,0,0,0,0,0,0,0,0,0,0,28,24,52,19,9,19,5,38,14,0,0,0,28,0,0,0,25,0,0,0,53,0,28,0,25,53,53,0,0,0,7,0,7,7,0,0,0,3,0,3,3,10,6,1,3,0,9,1,0,0,0,10,10,10,6,3,9,5,1,3,0,8,1,0,0,0,6,0,0,0,3,0,0,0,9,0,6,0,3,9,9,1,0,1,1,0,0,0,1,0,0,0,0,1,0,0,0,0,0,0,0,1,0,1,0,0,1,1,0,0,0,0,0,0,0,0,0,0,0,0,0,0,0,0,0,0,0,0,0,0,0,0,0,0,0,0,0,0,0,0,0,0,0,0,0,0,0,0,0,0,0,0,0,0,0,0,0,0,0,0,0,0,0,0,0,5,0,5,5,0,0,0,0,0,0,0,5,5,0,0,0,5,0,0,0,0,5,5,5,2,0,2,2,0,0,0,2,0,0,0,0,2,0,0,0,0,0,0,0,2,0,2,0,0,2,2,3,0,3,3,0,0,0,3,0,0,0,0,3,0,0,0,0,0,0,0,3,0,3,0,0,3,3,0,0,0,0,0,0,0,0,0,0,0,0,0,0,0,0,0,0,0,0,0,0,0,0,0,0,0,0,0,0,0,0,0,0,0,0,0,0,0,0,0,0,0,0,0,0,0,0,0,0,0,0,0,0,12,3,15,11,1,3,0,14,1,0,0,0,12,0,0,0,3,0,0,0,15,0,12,0,3,15,15,0,0,0,0,0,0,0,0,0,0,0,0,0,0,0,0,0,0,0,0,0,0,0,0,0,0,0,74,2,76,62,12,2,0,64,12,0,0,0,74,0,0,0,2,0,0,0,76,0,74,0,2,76,76,0,0,0,0,0,0,0,0,0,0,0,0,0,0,0,0,0,0,0,0,0,0,0,0,0,0,0,0,0,0,0,0,0,0,0,0,0,0,0,0,0,0,0,0,0,0,0,0,0,0,0,0,0,0,0,0,0,0,0,0,0,0,0,0,0,0,0,0,0,0,0,0,0,0,0,0,0,0,0,0,0,13,0,13,11,2,0,0,11,2,0,0,0,13,0,0,0,0,0,0,0,13,0,13,0,0,13,13,0,0,0,0,0,0,0,0,0,0,0,0,0,0,0,0,0,0,0,0,0,0,0,0,0,0,0,0,0,0,0,0,0,0,0,0,0,0,0,0,0,0,0,0,0,0,0,0,0,0,0,0,0,0,0,0,0,0,0,0,0,0,0,0,0,0,0,0,0,0,0,0,0,0,0,0,0,0,0,0,0,0,0,0,0,0,0,0,0,0,0,0,0,0,0,0,0,0,0,0,0,0,0,0,0,0,0,0,0,0,0,0,0,0,0,0,0,0,0,0,0,0,0,0,0,0,0,0,0,0,0,0,0,0,0,0,0,0,0,0,0,0,0,0,0,0,0,0,0,0,0,0,0,0,0,0,0,0,0,0,0,0,0,0,0,0,0,0,0,0,0,0,0,0,0,0,0,0,0,0,0,0,0,0,0,0,0,0,0,0,0,0,0,0,0,0,0,0,0,0,0,0,0,0,0,0,0,0,0,0,0,0,0,0,0,0,0,0,0,0,0,0,0,0,0,0,0,0,0,0,0,0,0,0,0,0,0,0,0,0,0,0,0,0,0,0,0,0,0,0,0,0,0,0,0,0,0,0,0,0,0,0,0,0,0,0,0,0,0,0,11,5,16,11,0,5,0,16,0,0,0,0,11,0,0,0,5,0,0,0,16,0,11,0,5,16,16,15,3,18,15,0,3,0,18,0,0,0,0,15,0,0,0,3,0,0,0,18,0,15,0,3,18,18,0,0,0,0,0,0,0,0,0,0,0,0,0,0,0,0,0,0,0,0,0,0,0,0,0,0,0,0,0,0,0,0,0,0,0,0,0,0,0,0,0,0,0,0,0,0,0,0,0,0,0,0,0,0,0,0,0,0,0,0,0,0,0,0,0,0,0,0,0,0,0,0,0,0,0,0,0,0,0,0,0,0,0,0,0,0,0,0,0,0,0,0,0,0,0,0,0,0,0,0,0,0,0,0,0,0,0,0,0,0,0,0,0,0,0,0,0,0,0,0,0,0,0,0,0,0,0,0,0,0,0,0,0,0,0,2,1,3,2,0,1,0,3,0,0,0,0,2,0,0,0,1,0,0,0,3,0,2,0,1,3,3,0,46,46,0,0,19,27,19,27,0,0,0,0,0,0,0,46,0,0,0,46,0,0,0,46,46,46,1,1,2,1,0,1,0,2,0,0,0,0,1,0,0,0,1,0,0,0,2,0,1,0,1,2,2,0,0,0,0,0,0,0,0,0,0,0,0,0,0,0,0,0,0,0,0,0,0,0,0,0,0,0,14,29,43,12,2,27,2,39,4,0,0,0,14,0,0,0,37,0,0,0,51,0,14,0,37,51,51,0,0,0,0,0,0,0,0,0,0,0,0,0,0,0,0,0,0,0,0,0,0,0,0,0,0,0,8,9,17,8,0,9,0,17,0,0,0,0,8,0,0,0,11,0,0,0,19,0,8,0,11,19,19,1,1,2,1,0,1,0,2,0,0,0,0,1,0,0,0,1,0,0,0,2,0,1,0,1,2,2,357,202,559,313,44,146,56,459,100,0,0,0,357,0,0,0,213,0,0,0,570,0,357,0,213,570,570
Washington County Sheriff's Office,NY05700,1985,New York,34260,2,1,3,2,0,1,0,3,0,0,0,0,2,0,0,0,1,0,0,0,3,0,2,0,1,3,3,113,60,173,101,12,43,17,144,29,0,0,0,113,0,0,1,59,0,0,1,172,0,113,0,60,173,173,4,0,4,3,1,0,0,3,1,0,0,0,4,0,0,0,0,0,0,0,4,0,4,0,0,4,4,8,6,14,8,0,5,1,13,1,0,0,0,8,0,0,0,6,0,0,0,14,0,8,0,6,14,14,0,0,0,0,0,0,0,0,0,0,0,0,0,0,0,0,0,0,0,0,0,0,0,0,0,0,0,27,20,47,24,3,14,6,38,9,0,0,0,27,0,0,0,23,0,0,0,50,0,27,0,23,50,50,0,0,0,4,0,4,4,0,0,0,8,0,8,8,12,3,1,5,3,8,4,0,0,0,12,12,12,4,8,12,3,1,5,3,8,4,0,0,0,4,0,0,0,8,0,0,0,12,0,4,0,8,12,12,0,0,0,0,0,0,0,0,0,0,0,0,0,0,0,0,0,0,0,0,0,0,0,0,0,0,0,0,0,0,0,0,0,0,0,0,0,0,0,0,0,0,0,0,0,0,0,0,0,0,0,0,0,0,0,0,0,0,0,0,0,0,0,0,0,0,0,0,0,0,0,0,0,0,0,0,0,0,0,0,0,0,0,0,0,0,0,0,0,0,0,0,0,0,0,0,0,0,0,0,0,0,0,0,0,0,0,0,0,0,0,0,0,0,0,0,0,0,0,0,0,0,0,0,0,0,0,0,0,0,0,0,0,0,0,0,0,0,0,0,0,0,0,0,0,0,0,0,0,0,0,0,0,0,0,0,0,0,0,0,0,0,0,0,0,0,0,0,0,0,0,0,0,0,0,0,0,0,0,0,0,0,0,0,0,0,0,0,0,0,0,0,0,0,0,0,0,0,0,0,0,0,0,0,0,0,0,0,0,0,0,0,0,0,0,0,4,8,12,3,1,5,3,8,4,0,0,0,4,0,0,0,8,0,0,0,12,0,4,0,8,12,12,0,0,0,0,0,0,0,0,0,0,0,0,0,0,0,0,0,0,0,0,0,0,0,0,0,0,0,108,1,109,93,15,1,0,94,15,0,0,0,108,0,0,0,1,0,0,0,109,0,108,0,1,109,109,0,0,0,0,0,0,0,0,0,0,0,0,0,0,0,0,0,0,0,0,0,0,0,0,0,0,0,0,0,0,0,0,0,0,0,0,0,0,0,0,0,0,0,0,0,0,0,0,0,0,0,0,0,0,1,0,1,1,0,0,0,1,0,0,0,0,1,0,0,0,0,0,0,0,1,0,1,0,0,1,1,17,0,17,10,7,0,0,10,7,0,0,0,17,0,0,0,0,0,0,0,17,0,17,0,0,17,17,0,0,0,0,0,0,0,0,0,0,0,0,0,0,0,0,0,0,0,0,0,0,0,0,0,0,0,0,0,0,0,0,0,0,0,0,0,0,0,0,0,0,0,0,0,0,0,0,0,0,0,0,0,0,0,0,0,0,0,0,0,0,0,0,0,0,0,0,0,0,0,0,0,0,0,0,0,0,0,0,0,0,0,0,0,0,0,0,0,0,0,0,0,0,0,0,0,0,0,0,0,0,0,0,0,0,0,0,0,0,0,0,0,0,0,0,0,0,0,0,0,0,0,0,0,0,0,0,0,0,0,0,0,0,0,0,0,0,0,0,0,0,0,0,0,0,0,0,0,0,0,0,0,0,0,0,0,0,0,0,0,0,0,0,0,0,0,0,0,0,0,0,0,0,0,0,0,0,0,0,0,0,0,0,0,0,0,0,0,0,0,0,0,0,0,0,0,0,0,0,0,0,0,0,0,0,0,0,0,0,0,0,0,0,0,0,0,0,0,0,0,0,0,0,0,0,0,0,0,0,0,0,0,0,0,0,0,0,0,0,0,0,0,0,0,0,0,0,0,0,0,0,0,0,0,0,0,0,0,0,0,0,0,0,0,0,0,0,0,0,15,12,27,15,0,11,1,26,1,0,0,0,15,0,0,0,12,0,0,0,27,0,15,0,12,27,27,5,2,7,5,0,2,0,7,0,0,0,0,5,0,0,0,3,0,0,0,8,0,5,0,3,8,8,0,0,0,0,0,0,0,0,0,0,0,0,0,0,0,0,0,0,0,0,0,0,0,0,0,0,0,0,0,0,0,0,0,0,0,0,0,0,0,0,0,0,0,0,0,0,0,0,0,0,0,0,0,0,0,0,0,0,0,0,0,0,0,0,0,0,0,0,0,0,0,0,0,0,0,0,0,0,0,0,0,0,0,0,0,0,0,0,0,0,0,0,0,0,0,0,0,0,0,0,0,0,0,0,0,0,0,0,1,0,1,1,0,0,0,1,0,0,0,0,1,0,0,0,0,0,0,0,1,0,1,0,0,1,1,0,0,0,0,0,0,0,0,0,0,0,0,0,0,0,0,0,0,0,0,0,0,0,0,0,0,0,0,51,51,0,0,34,17,34,17,0,0,0,0,0,0,0,52,0,0,0,52,0,0,0,52,52,52,2,5,7,2,0,5,0,7,0,0,0,0,2,0,0,0,5,0,0,0,7,0,2,0,5,7,7,0,0,0,0,0,0,0,0,0,0,0,0,0,0,0,0,0,0,0,0,0,0,0,0,0,0,0,26,14,40,22,4,10,4,32,8,0,0,0,26,0,0,0,14,0,0,0,40,0,26,0,14,40,40,0,0,0,0,0,0,0,0,0,0,0,0,0,0,0,0,0,0,0,0,0,0,0,0,0,0,0,11,12,23,11,0,10,2,21,2,0,0,0,11,0,0,0,13,0,0,0,24,0,11,0,13,24,24,0,0,0,0,0,0,0,0,0,0,0,0,0,0,0,0,0,0,0,0,0,0,0,0,0,0,0,352,208,560,307,45,151,57,458,102,0,0,0,352,0,0,1,213,0,0,1,565,0,352,0,214,566,566
Washington County Sheriff's Office,NY05700,1984,New York,33613,0,0,0,0,0,0,0,0,0,0,0,0,0,0,0,0,0,0,0,0,0,0,0,0,0,0,0,78,61,139,72,6,49,12,121,18,0,0,0,78,0,0,0,63,0,0,0,141,0,78,0,63,141,141,2,3,5,1,1,2,1,3,2,0,0,0,2,0,0,0,3,0,0,0,5,0,2,0,3,5,5,18,19,37,14,4,17,2,31,6,0,0,0,18,0,0,0,20,0,0,0,38,0,18,0,20,38,38,0,0,0,0,0,0,0,0,0,0,0,0,0,0,0,0,0,0,0,0,0,0,0,0,0,0,0,16,25,41,14,2,18,7,32,9,0,0,0,16,0,0,0,29,0,0,0,45,0,16,0,29,45,45,0,0,0,2,0,2,2,0,0,0,4,0,4,4,6,1,1,3,1,4,2,0,0,0,6,6,6,2,4,6,1,1,3,1,4,2,0,0,0,2,0,0,0,4,0,0,0,6,0,2,0,4,6,6,0,0,0,0,0,0,0,0,0,0,0,0,0,0,0,0,0,0,0,0,0,0,0,0,0,0,0,0,0,0,0,0,0,0,0,0,0,0,0,0,0,0,0,0,0,0,0,0,0,0,0,0,0,0,0,0,0,0,0,0,0,0,0,0,0,0,0,0,0,0,0,0,0,0,0,0,0,0,0,0,0,0,0,0,1,0,1,1,0,0,0,0,0,0,0,1,1,0,0,0,1,0,0,0,0,1,1,1,1,0,1,1,0,0,0,1,0,0,0,0,1,0,0,0,0,0,0,0,1,0,1,0,0,1,1,0,0,0,0,0,0,0,0,0,0,0,0,0,0,0,0,0,0,0,0,0,0,0,0,0,0,0,0,0,0,0,0,0,0,0,0,0,0,0,0,0,0,0,0,0,0,0,0,0,0,0,0,0,0,0,0,0,0,0,0,0,0,0,0,0,0,0,0,0,0,0,0,0,0,0,0,0,0,0,0,0,3,4,7,2,1,3,1,5,2,0,0,0,3,0,0,0,4,0,0,0,7,0,3,0,4,7,7,0,0,0,0,0,0,0,0,0,0,0,0,0,0,0,0,0,0,0,0,0,0,0,0,0,0,0,89,1,90,82,7,1,0,83,7,0,0,0,89,0,0,0,1,0,0,0,90,0,89,0,1,90,90,0,0,0,0,0,0,0,0,0,0,0,0,0,0,0,0,0,0,0,0,0,0,0,0,0,0,0,0,0,0,0,0,0,0,0,0,0,0,0,0,0,0,0,0,0,0,0,0,0,0,0,0,0,0,3,0,3,3,0,0,0,3,0,0,0,0,3,0,0,0,0,0,0,0,3,0,3,0,0,3,3,21,1,22,14,7,1,0,15,7,0,0,0,21,0,0,0,1,0,0,0,22,0,21,0,1,22,22,0,0,0,0,0,0,0,0,0,0,0,0,0,0,0,0,0,0,0,0,0,0,0,0,0,0,0,0,0,0,0,0,0,0,0,0,0,0,0,0,0,0,0,0,0,0,0,0,0,0,0,0,0,0,0,0,0,0,0,0,0,0,0,0,0,0,0,0,0,0,0,0,0,0,0,0,0,0,0,0,0,0,0,0,0,0,0,0,0,0,0,0,0,0,0,0,0,0,0,0,0,0,0,0,0,0,0,0,0,0,0,0,0,0,0,0,0,0,0,0,0,0,0,0,0,0,0,0,0,0,0,0,0,0,0,0,0,0,0,0,0,0,0,0,0,0,0,0,0,0,0,0,0,0,0,0,0,0,0,0,0,0,0,0,0,0,0,0,0,0,0,0,0,0,0,0,0,0,0,0,0,0,0,0,0,0,0,0,0,0,2,2,0,0,2,0,2,0,0,0,0,0,0,0,0,2,0,0,0,2,0,0,0,2,2,2,0,0,0,0,0,0,0,0,0,0,0,0,0,0,0,0,0,0,0,0,0,0,0,0,0,0,0,0,0,0,0,0,0,0,0,0,0,0,0,0,0,0,0,0,0,0,0,0,0,0,0,0,0,0,7,11,18,7,0,5,6,12,6,0,0,0,7,0,0,0,11,0,0,0,18,0,7,0,11,18,18,8,4,12,7,1,4,0,11,1,0,0,0,8,0,0,0,4,0,0,0,12,0,8,0,4,12,12,0,0,0,0,0,0,0,0,0,0,0,0,0,0,0,0,0,0,0,0,0,0,0,0,0,0,0,0,0,0,0,0,0,0,0,0,0,0,0,0,0,0,0,0,0,0,0,0,0,0,0,0,0,0,0,0,0,0,0,0,0,0,0,0,0,0,0,0,0,0,0,0,0,0,0,0,0,0,0,0,0,0,0,0,0,0,0,0,0,0,0,0,0,0,0,0,0,0,0,0,0,0,0,0,0,0,0,0,1,0,1,1,0,0,0,1,0,0,0,0,1,0,0,0,0,0,0,0,1,0,1,0,0,1,1,0,0,0,0,0,0,0,0,0,0,0,0,0,0,0,0,0,0,0,0,0,0,0,0,0,0,0,0,28,28,0,0,15,13,15,13,0,0,0,0,0,0,0,28,0,0,0,28,0,0,0,28,28,28,5,10,15,4,1,6,4,10,5,0,0,0,5,0,0,0,10,0,0,0,15,0,5,0,10,15,15,0,0,0,0,0,0,0,0,0,0,0,0,0,0,0,0,0,0,0,0,0,0,0,0,0,0,0,14,19,33,12,2,18,1,30,3,0,0,0,14,0,0,0,21,0,0,0,35,0,14,0,21,35,35,0,0,0,0,0,0,0,0,0,0,0,0,0,0,0,0,0,0,0,0,0,0,0,0,0,0,0,1,7,8,0,1,5,2,5,3,0,0,0,1,0,0,0,8,0,0,0,9,0,1,0,8,9,9,0,0,0,0,0,0,0,0,0,0,0,0,0,0,0,0,0,0,0,0,0,0,0,0,0,0,0,272,203,475,237,35,152,51,389,86,0,0,0,272,0,0,0,213,0,0,0,485,0,272,0,213,485,485
Washington County Sheriff's Office,NY05700,1983,New York,33620,2,1,3,2,0,1,0,3,0,0,0,0,2,0,0,0,1,0,0,0,3,0,2,0,1,3,3,50,54,104,49,1,43,11,92,12,0,0,0,50,0,0,0,61,0,0,0,111,0,50,0,61,111,111,5,1,6,4,1,1,0,5,1,0,0,0,5,0,0,0,2,0,0,0,7,0,5,0,2,7,7,8,9,17,8,0,9,0,17,0,0,0,0,8,0,0,0,10,0,0,0,18,0,8,0,10,18,18,0,0,0,0,0,0,0,0,0,0,0,0,0,0,0,0,0,0,0,0,0,0,0,0,0,0,0,15,9,24,11,4,8,1,19,5,0,0,0,15,0,0,0,9,0,0,0,24,0,15,0,9,24,24,0,0,0,13,0,13,13,0,0,0,2,0,2,2,15,11,2,2,0,13,2,0,0,0,15,15,15,13,2,15,11,2,2,0,13,2,0,0,0,13,0,0,0,2,0,0,0,15,0,13,0,2,15,15,0,0,0,0,0,0,0,0,0,0,0,0,0,0,0,0,0,0,0,0,0,0,0,0,0,0,0,0,0,0,0,0,0,0,0,0,0,0,0,0,0,0,0,0,0,0,0,0,0,0,0,0,0,0,0,0,0,0,0,0,0,0,0,0,0,0,0,0,0,0,0,0,0,0,0,0,0,0,0,0,0,0,0,0,1,0,1,1,0,0,0,0,0,0,0,1,1,0,0,0,1,0,0,0,0,1,1,1,1,0,1,1,0,0,0,1,0,0,0,0,1,0,0,0,0,0,0,0,1,0,1,0,0,1,1,0,0,0,0,0,0,0,0,0,0,0,0,0,0,0,0,0,0,0,0,0,0,0,0,0,0,0,0,0,0,0,0,0,0,0,0,0,0,0,0,0,0,0,0,0,0,0,0,0,0,0,0,0,0,0,0,0,0,0,0,0,0,0,0,0,0,0,0,0,0,0,0,0,0,0,0,0,0,0,0,0,14,2,16,12,2,2,0,14,2,0,0,0,14,0,0,0,2,0,0,0,16,0,14,0,2,16,16,0,0,0,0,0,0,0,0,0,0,0,0,0,0,0,0,0,0,0,0,0,0,0,0,0,0,0,106,0,106,95,11,0,0,95,11,0,0,0,106,0,0,0,0,0,0,0,106,0,106,0,0,106,106,0,0,0,0,0,0,0,0,0,0,0,0,0,0,0,0,0,0,0,0,0,0,0,0,0,0,0,0,0,0,0,0,0,0,0,0,0,0,0,0,0,0,0,0,0,0,0,0,0,0,0,0,0,0,4,1,5,4,0,0,1,4,1,0,0,0,4,0,0,0,1,0,0,0,5,0,4,0,1,5,5,12,2,14,7,5,1,1,8,6,0,0,0,12,0,0,0,2,0,0,0,14,0,12,0,2,14,14,0,0,0,0,0,0,0,0,0,0,0,0,0,0,0,0,0,0,0,0,0,0,0,0,0,0,0,0,0,0,0,0,0,0,0,0,0,0,0,0,0,0,0,0,0,0,0,0,0,0,0,0,0,0,0,0,0,0,0,0,0,0,0,0,0,0,0,0,0,0,0,0,0,0,0,0,0,0,0,0,0,0,0,0,0,0,0,0,0,0,0,0,0,0,0,0,0,0,0,0,0,0,0,0,0,0,0,0,0,0,0,0,0,0,0,0,0,0,0,0,0,0,0,0,0,0,0,0,0,0,0,0,0,0,0,0,0,0,0,0,0,0,0,0,0,0,0,0,0,0,0,0,0,0,0,0,0,0,0,0,0,0,0,0,0,0,0,0,0,0,0,0,0,0,0,0,0,0,0,0,0,0,0,0,0,0,0,0,0,0,6,6,0,0,6,0,6,0,0,0,0,0,0,0,0,6,0,0,0,6,0,0,0,6,6,6,0,0,0,0,0,0,0,0,0,0,0,0,0,0,0,0,0,0,0,0,0,0,0,0,0,0,0,0,0,0,0,0,0,0,0,0,0,0,0,0,0,0,0,0,0,0,0,0,0,0,0,0,0,0,11,3,14,11,0,3,0,14,0,0,0,0,11,0,0,0,3,0,0,0,14,0,11,0,3,14,14,1,0,1,1,0,0,0,1,0,0,0,0,1,0,0,0,0,0,0,0,1,0,1,0,0,1,1,0,0,0,0,0,0,0,0,0,0,0,0,0,0,0,0,0,0,0,0,0,0,0,0,0,0,0,0,0,0,0,0,0,0,0,0,0,0,0,0,0,0,0,0,0,0,0,0,0,0,0,0,0,0,0,0,0,0,0,0,0,0,0,0,0,0,0,0,0,0,0,0,0,0,0,0,0,0,0,0,0,0,0,0,0,0,0,0,0,0,0,0,0,0,0,0,0,0,0,0,0,0,0,0,0,0,0,0,1,0,1,1,0,0,0,1,0,0,0,0,1,0,0,0,0,0,0,0,1,0,1,0,0,1,1,1,0,1,1,0,0,0,1,0,0,0,0,1,0,0,0,0,0,0,0,1,0,1,0,0,1,1,0,23,23,0,0,14,9,14,9,0,0,0,0,0,0,0,24,0,0,0,24,0,0,0,24,24,24,1,1,2,1,0,1,0,2,0,0,0,0,1,0,0,0,1,0,0,0,2,0,1,0,1,2,2,0,0,0,0,0,0,0,0,0,0,0,0,0,0,0,0,0,0,0,0,0,0,0,0,0,0,0,23,15,38,20,3,14,1,34,4,0,0,0,23,0,0,0,17,0,0,0,40,0,23,0,17,40,40,0,0,0,0,0,0,0,0,0,0,0,0,0,0,0,0,0,0,0,0,0,0,0,0,0,0,0,4,22,26,3,1,22,0,25,1,0,0,0,4,0,0,0,25,0,0,0,29,0,4,0,25,29,29,1,0,1,1,0,0,0,1,0,0,0,0,1,0,0,0,0,0,0,0,1,0,1,0,0,1,1,287,153,440,255,32,129,24,384,56,0,0,0,287,0,0,0,168,0,0,0,455,0,287,0,168,455,455
Washington County Sheriff's Office,NY05700,1982,New York,33605,9,0,9,9,0,0,0,9,0,0,0,0,9,0,0,0,0,0,0,0,9,0,9,0,0,9,9,33,48,81,27,6,28,20,55,26,0,0,1,32,0,0,0,49,0,0,1,81,0,33,0,49,82,82,1,5,6,1,0,2,3,3,3,0,0,0,1,0,0,0,5,0,0,0,6,0,1,0,5,6,6,8,23,31,7,1,19,4,26,5,0,0,0,8,0,0,0,23,0,0,0,31,0,8,0,23,31,31,0,0,0,0,0,0,0,0,0,0,0,0,0,0,0,0,0,0,0,0,0,0,0,0,0,0,0,25,5,30,24,1,5,0,29,1,0,0,0,25,0,0,0,5,0,0,0,30,0,25,0,5,30,30,0,0,0,5,0,5,5,0,0,0,4,0,4,4,9,5,0,3,1,8,1,0,0,0,9,9,9,5,3,8,5,0,3,0,8,0,0,0,0,5,0,0,0,3,0,0,0,8,0,5,0,3,8,8,0,0,0,0,0,0,0,0,0,0,0,0,0,0,0,0,0,0,0,0,0,0,0,0,0,0,0,0,0,0,0,0,0,0,0,0,0,0,0,0,0,0,0,0,0,0,0,0,0,0,0,0,0,0,0,1,1,0,0,0,1,0,1,0,0,0,0,0,0,0,1,0,0,0,1,0,0,0,1,1,1,0,0,0,2,0,2,2,0,0,0,1,0,1,1,3,2,0,1,0,3,0,0,0,0,3,3,3,2,0,2,2,0,0,0,2,0,0,0,0,2,0,0,0,0,0,0,0,2,0,2,0,0,2,2,0,1,1,0,0,1,0,1,0,0,0,0,0,0,0,0,1,0,0,0,1,0,0,0,1,1,1,0,0,0,0,0,0,0,0,0,0,0,0,0,0,0,0,0,0,0,0,0,0,0,0,0,0,0,0,0,0,0,0,0,0,0,0,0,0,0,0,0,0,0,0,0,0,0,0,0,0,0,0,0,0,7,5,12,7,0,4,1,11,1,0,0,0,7,0,0,0,5,0,0,0,12,0,7,0,5,12,12,0,0,0,0,0,0,0,0,0,0,0,0,0,0,0,0,0,0,0,0,0,0,0,0,0,0,0,59,2,61,53,6,1,1,54,7,0,0,1,58,0,0,0,2,0,0,1,60,0,59,0,2,61,61,0,0,0,0,0,0,0,0,0,0,0,0,0,0,0,0,0,0,0,0,0,0,0,0,0,0,0,3,0,3,3,0,0,0,3,0,0,0,0,3,0,0,0,0,0,0,0,3,0,3,0,0,3,3,1,0,1,1,0,0,0,1,0,0,0,0,1,0,0,0,0,0,0,0,1,0,1,0,0,1,1,23,0,23,13,10,0,0,13,10,0,0,0,23,0,0,0,0,0,0,0,23,0,23,0,0,23,23,0,0,0,0,0,0,0,0,0,0,0,0,0,0,0,0,0,0,0,0,0,0,0,0,0,0,0,0,0,0,0,0,0,0,0,0,0,0,0,0,0,0,0,0,0,0,0,0,0,0,0,0,0,0,0,0,0,0,0,0,0,0,0,0,0,0,0,0,0,0,0,0,0,0,0,0,0,0,0,0,0,0,0,0,0,0,0,0,0,0,0,0,0,0,0,0,0,0,0,0,0,0,0,0,0,0,0,0,0,0,0,0,0,0,0,0,0,0,0,0,0,0,0,0,0,0,0,0,0,0,0,0,0,0,0,0,0,0,0,0,0,0,0,0,0,0,0,0,0,0,0,0,0,0,0,0,0,0,0,0,0,0,0,1,1,0,0,1,0,1,0,0,0,0,0,0,0,0,1,0,0,0,1,0,0,0,1,1,1,1,0,1,1,0,0,0,1,0,0,0,0,1,0,0,0,0,0,0,0,1,0,1,0,0,1,1,0,0,0,0,0,0,0,0,0,0,0,0,0,0,0,0,0,0,0,0,0,0,0,0,0,0,0,0,0,0,0,0,0,0,0,0,0,0,0,0,0,0,0,0,0,0,0,0,0,0,0,0,0,0,9,4,13,7,2,2,2,9,4,0,0,0,9,0,0,0,4,0,0,0,13,0,9,0,4,13,13,2,2,4,2,0,2,0,4,0,0,0,0,2,0,0,0,2,0,0,0,4,0,2,0,2,4,4,0,0,0,0,0,0,0,0,0,0,0,0,0,0,0,0,0,0,0,0,0,0,0,0,0,0,0,0,0,0,0,0,0,0,0,0,0,0,0,0,0,0,0,0,0,0,0,0,0,0,0,0,0,0,0,0,0,0,0,0,0,0,0,0,0,0,0,0,0,0,0,0,0,0,0,0,0,0,0,0,0,0,0,0,0,0,0,0,0,0,0,0,0,0,0,0,0,0,0,0,0,0,0,0,0,0,0,0,0,0,0,0,0,0,0,0,0,0,0,0,0,0,0,0,0,0,0,0,0,0,0,0,0,0,0,1,0,1,1,0,0,0,1,0,0,0,0,1,0,0,0,0,0,0,0,1,0,1,0,0,1,1,0,25,25,0,0,9,16,9,16,0,0,0,0,0,0,0,25,0,0,0,25,0,0,0,25,25,25,1,3,4,1,0,3,0,4,0,0,0,0,1,0,0,0,3,0,0,0,4,0,1,0,3,4,4,0,0,0,0,0,0,0,0,0,0,0,0,0,0,0,0,0,0,0,0,0,0,0,0,0,0,0,27,26,53,19,8,23,3,42,11,0,0,0,27,0,0,0,26,0,0,0,53,0,27,0,26,53,53,0,0,0,0,0,0,0,0,0,0,0,0,0,0,0,0,0,0,0,0,0,0,0,0,0,0,0,4,17,21,3,1,15,2,18,3,0,0,0,4,0,0,0,19,0,0,0,23,0,4,0,19,23,23,1,1,2,1,0,1,0,2,0,0,0,0,1,0,0,0,1,0,0,0,2,0,1,0,1,2,2,229,177,406,194,35,123,54,317,89,0,0,2,227,0,0,0,180,0,0,2,407,0,229,0,180,409,409
Washington County Sheriff's Office,NY05700,1981,New York,33481,0,0,0,0,0,0,0,0,0,0,0,0,0,0,0,0,0,0,0,0,0,0,0,0,0,0,0,50,31,81,46,4,27,4,73,8,0,0,1,49,0,0,0,32,0,0,1,81,0,50,0,32,82,82,1,0,1,1,0,0,0,1,0,0,0,0,1,0,0,0,0,0,0,0,1,0,1,0,0,1,1,13,18,31,11,2,18,0,29,2,0,0,0,13,0,0,0,20,0,0,0,33,0,13,0,20,33,33,0,0,0,0,0,0,0,0,0,0,0,0,0,0,0,0,0,0,0,0,0,0,0,0,0,0,0,9,0,9,7,2,0,0,7,2,0,0,0,9,0,0,0,0,0,0,0,9,0,9,0,0,9,9,0,0,0,4,0,4,4,0,0,0,6,0,6,6,10,3,1,6,0,9,1,0,0,0,10,10,10,3,6,9,3,0,6,0,9,0,0,0,0,3,0,0,0,6,0,0,0,9,0,3,0,6,9,9,0,0,0,0,0,0,0,0,0,0,0,0,0,0,0,0,0,0,0,0,0,0,0,0,0,0,0,1,0,1,0,1,0,0,0,1,0,0,0,1,0,0,0,0,0,0,0,1,0,1,0,0,1,1,0,0,0,0,0,0,0,0,0,0,0,0,0,0,0,0,0,0,0,0,0,0,0,0,0,0,0,0,0,0,3,0,3,3,0,0,0,0,0,0,0,3,3,0,0,0,3,0,0,0,0,3,3,3,3,0,3,3,0,0,0,3,0,0,0,0,3,0,0,0,0,0,0,0,3,0,3,0,0,3,3,0,0,0,0,0,0,0,0,0,0,0,0,0,0,0,0,0,0,0,0,0,0,0,0,0,0,0,0,0,0,0,0,0,0,0,0,0,0,0,0,0,0,0,0,0,0,0,0,0,0,0,0,0,0,0,0,0,0,0,0,0,0,0,0,0,0,0,0,0,0,0,0,0,0,0,0,0,0,0,0,0,7,6,13,6,1,6,0,12,1,0,0,0,7,0,0,0,6,0,0,0,13,0,7,0,6,13,13,0,0,0,0,0,0,0,0,0,0,0,0,0,0,0,0,0,0,0,0,0,0,0,0,0,0,0,24,4,28,24,0,4,0,28,0,0,0,0,24,0,0,0,4,0,0,0,28,0,24,0,4,28,28,0,0,0,0,0,0,0,0,0,0,0,0,0,0,0,0,0,0,0,0,0,0,0,0,0,0,0,3,0,3,3,0,0,0,3,0,0,0,0,3,0,0,0,0,0,0,0,3,0,3,0,0,3,3,2,1,3,2,0,1,0,3,0,0,0,0,2,0,0,0,1,0,0,0,3,0,2,0,1,3,3,40,0,40,21,19,0,0,21,19,0,0,0,40,0,0,0,0,0,0,0,40,0,40,0,0,40,40,0,0,0,0,0,0,0,0,0,0,0,0,0,0,0,0,0,0,0,0,0,0,0,0,0,0,0,0,0,0,0,0,0,0,0,0,0,0,0,0,0,0,0,0,0,0,0,0,0,0,0,0,0,0,0,0,0,0,0,0,0,0,0,0,0,0,0,0,0,0,0,0,0,0,0,0,0,0,0,0,0,0,0,0,0,0,0,0,0,0,0,0,0,0,0,0,0,0,0,0,0,0,0,0,0,0,0,0,0,0,0,0,0,0,0,0,0,0,0,0,0,0,0,0,0,0,0,0,0,0,0,0,0,0,0,0,0,0,0,0,0,0,0,0,0,0,0,0,0,0,0,0,0,0,0,0,0,0,0,0,0,0,0,0,0,0,0,0,0,0,0,0,0,0,0,0,0,0,0,0,0,0,0,0,0,0,0,0,0,1,2,3,1,0,2,0,3,0,0,0,0,1,0,0,0,2,0,0,0,3,0,1,0,2,3,3,0,0,0,0,0,0,0,0,0,0,0,0,0,0,0,0,0,0,0,0,0,0,0,0,0,0,0,0,0,0,0,0,0,0,0,0,0,0,0,0,0,0,0,0,0,0,0,0,0,0,0,0,0,0,29,12,41,27,2,11,1,38,3,0,0,0,29,0,0,2,13,0,0,2,42,0,29,0,15,44,44,1,3,4,1,0,3,0,4,0,0,0,0,1,0,0,0,4,0,0,0,5,0,1,0,4,5,5,0,0,0,0,0,0,0,0,0,0,0,0,0,0,0,0,0,0,0,0,0,0,0,0,0,0,0,0,0,0,0,0,0,0,0,0,0,0,0,0,0,0,0,0,0,0,0,0,0,0,0,0,0,0,0,0,0,0,0,0,0,0,0,0,0,0,0,0,0,0,0,0,0,0,0,0,0,0,0,0,0,0,0,0,0,0,0,0,0,0,0,0,0,0,0,0,0,0,0,0,0,0,0,0,0,0,0,0,0,0,0,0,0,0,0,0,0,0,0,0,0,0,0,0,0,0,0,0,0,0,0,0,0,0,0,0,0,0,0,0,0,0,0,0,0,0,0,0,0,0,0,0,0,0,0,0,0,0,0,0,0,0,0,24,24,0,0,7,17,7,17,0,0,0,0,0,0,0,24,0,0,0,24,0,0,0,24,24,24,1,2,3,0,1,1,1,1,2,0,0,0,1,0,0,0,2,0,0,0,3,0,1,0,2,3,3,0,0,0,0,0,0,0,0,0,0,0,0,0,0,0,0,0,0,0,0,0,0,0,0,0,0,0,38,17,55,26,12,16,1,42,13,0,0,0,38,0,0,0,20,0,0,0,58,0,38,0,20,58,58,0,0,0,0,0,0,0,0,0,0,0,0,0,0,0,0,0,0,0,0,0,0,0,0,0,0,0,9,12,21,8,1,12,0,20,1,0,0,0,9,0,0,3,14,0,0,3,23,0,9,0,17,26,26,2,0,2,2,0,0,0,2,0,0,0,0,2,0,0,0,0,0,0,0,2,0,2,0,0,2,2,244,144,388,198,46,120,24,318,70,0,0,1,243,0,0,5,154,0,0,6,397,0,244,0,159,403,403
Washington County Sheriff's Office,NY05700,1980,New York,33315,6,1,7,6,0,1,0,7,0,0,0,0,6,0,0,0,1,0,0,0,7,0,6,0,1,7,7,65,63,128,60,5,41,22,101,27,0,0,0,65,0,0,0,72,0,0,0,137,0,65,0,72,137,137,0,3,3,0,0,3,0,3,0,0,0,0,0,0,0,0,3,0,0,0,3,0,0,0,3,3,3,20,30,50,19,1,27,3,46,4,0,0,0,20,0,0,0,32,0,0,0,52,0,20,0,32,52,52,0,0,0,0,0,0,0,0,0,0,0,0,0,0,0,0,0,0,0,0,0,0,0,0,0,0,0,37,20,57,33,4,16,4,49,8,0,0,0,37,0,0,0,20,0,0,0,57,0,37,0,20,57,57,0,0,0,2,0,2,2,0,0,0,5,0,5,4,6,2,0,4,0,6,0,0,0,0,7,7,7,2,4,6,2,0,4,0,6,0,0,0,0,2,0,0,0,5,0,0,0,7,0,2,0,5,7,7,0,0,0,0,0,0,0,0,0,0,0,0,0,0,0,0,0,0,0,0,0,0,0,0,0,0,0,0,0,0,0,0,0,0,0,0,0,0,0,0,0,0,0,0,0,0,0,0,0,0,0,0,0,0,0,0,0,0,0,0,0,0,0,0,0,0,0,0,0,0,0,0,0,0,0,0,0,0,0,0,0,0,0,0,0,0,0,0,0,0,0,5,0,5,5,5,0,0,5,0,5,0,0,0,0,5,5,5,0,5,5,0,0,5,0,5,0,0,0,0,0,0,0,0,5,0,0,0,5,0,0,0,5,5,5,0,0,0,0,0,0,0,0,0,0,0,0,0,0,0,0,0,0,0,0,0,0,0,0,0,0,0,0,0,0,0,0,0,0,0,0,0,0,0,0,0,0,0,0,0,0,0,0,0,0,0,0,0,0,0,0,0,0,0,0,0,0,0,0,0,0,0,0,0,0,0,0,0,0,0,0,0,0,0,0,0,2,9,11,2,0,9,0,11,0,0,0,0,2,0,0,0,10,0,0,0,12,0,2,0,10,12,12,0,0,0,0,0,0,0,0,0,0,0,0,0,0,0,0,0,0,0,0,0,0,0,0,0,0,0,66,4,70,58,8,3,1,61,9,0,0,0,66,0,0,0,4,0,0,0,70,0,66,0,4,70,70,0,0,0,0,0,0,0,0,0,0,0,0,0,0,0,0,0,0,0,0,0,0,0,0,0,0,0,7,0,7,6,1,0,0,6,1,0,0,0,7,0,0,0,0,0,0,0,7,0,7,0,0,7,7,2,1,3,2,0,1,0,3,0,0,0,0,2,0,0,0,1,0,0,0,3,0,2,0,1,3,3,32,1,33,19,13,1,0,20,13,0,0,0,32,0,0,0,1,0,0,0,33,0,32,0,1,33,33,0,0,0,0,0,0,0,0,0,0,0,0,0,0,0,0,0,0,0,0,0,0,0,0,0,0,0,0,0,0,0,0,0,0,0,0,0,0,0,0,0,0,0,0,0,0,0,0,0,0,0,0,0,0,0,0,0,0,0,0,0,0,0,0,0,0,0,0,0,0,0,0,0,0,0,0,0,0,0,0,0,0,0,0,0,0,0,0,0,0,0,0,0,0,0,0,0,0,0,0,0,0,0,0,0,0,0,0,0,0,0,0,0,0,0,0,0,0,0,0,0,0,0,0,0,0,0,0,0,0,0,0,0,0,0,0,0,0,0,0,0,0,0,0,0,0,0,0,0,0,0,0,0,0,0,0,0,0,0,0,0,0,0,0,0,0,0,0,0,0,0,0,0,0,0,0,0,0,0,0,0,0,0,0,0,0,0,0,0,1,5,6,1,0,5,0,6,0,0,0,0,1,0,0,0,5,0,0,0,6,0,1,0,5,6,6,0,0,0,0,0,0,0,0,0,0,0,0,0,0,0,0,0,0,0,0,0,0,0,0,0,0,0,0,0,0,0,0,0,0,0,0,0,0,0,0,0,0,0,0,0,0,0,0,0,0,0,0,0,0,24,9,33,24,0,8,1,32,1,0,0,0,24,0,0,0,9,0,0,0,33,0,24,0,9,33,33,2,3,5,2,0,3,0,5,0,0,0,1,1,0,0,0,3,0,0,1,4,0,2,0,3,5,5,0,0,0,0,3,0,0,0,3,0,0,0,0,0,0,0,0,0,0,0,2,1,2,1,0,0,0,0,0,0,0,0,0,0,0,0,0,0,0,0,0,0,0,0,0,0,0,0,0,0,0,0,0,0,0,3,0,0,0,0,0,0,0,0,0,0,0,0,0,0,0,3,0,0,0,0,0,0,0,0,0,0,0,0,0,0,0,0,0,0,0,0,0,0,0,0,3,0,0,0,3,3,0,0,0,0,0,0,3,0,3,3,0,0,0,3,0,0,0,0,3,0,0,0,0,0,0,0,3,0,3,0,0,3,3,1,0,1,0,1,0,0,0,1,0,0,0,1,0,0,0,0,0,0,0,1,0,1,0,0,1,1,0,36,36,0,0,16,20,16,20,0,0,0,0,0,0,0,36,0,0,0,36,0,0,0,36,36,36,1,7,8,1,0,7,0,8,0,0,0,0,1,0,0,0,7,0,0,0,8,0,1,0,7,8,8,0,0,0,0,0,0,0,0,0,0,0,0,0,0,0,0,0,0,0,0,0,0,0,0,0,0,0,45,55,100,35,10,53,2,88,12,0,0,0,45,0,0,0,56,0,0,0,101,0,45,0,56,101,101,0,0,0,0,0,0,0,0,0,0,0,0,0,0,0,0,0,0,0,0,0,0,0,0,0,0,0,12,16,28,9,3,14,2,23,5,0,0,0,12,0,0,0,19,0,0,0,31,0,12,0,19,31,31,2,0,2,2,0,0,0,2,0,0,0,0,2,0,0,0,0,0,0,0,2,0,2,0,0,2,2,332,284,616,286,46,228,56,514,102,0,0,1,331,0,0,0,302,0,0,1,633,0,332,0,302,634,634
Washington County Sheriff's Office,NY05700,1979,New York,32025,5,3,8,5,0,3,0,8,0,0,0,0,5,0,0,0,3,0,0,0,8,0,0,0,0,0,0,35,49,84,33,2,38,11,71,13,0,0,0,35,0,0,0,49,0,0,0,84,0,0,0,0,0,0,0,0,0,0,0,0,0,0,0,0,0,0,0,0,0,0,0,0,0,0,0,0,0,0,0,0,0,17,18,35,17,0,16,2,33,2,0,0,1,16,0,0,0,18,0,0,1,34,0,0,0,0,0,0,0,0,0,0,0,0,0,0,0,0,0,0,0,0,0,0,0,0,0,0,0,0,0,0,0,0,0,26,9,35,26,0,9,0,35,0,0,0,0,26,0,0,0,9,0,0,0,35,0,0,0,0,0,0,0,0,0,8,0,0,8,0,0,0,7,0,0,7,15,4,4,6,1,10,5,0,0,0,15,0,0,6,5,11,3,3,4,1,7,4,0,0,0,6,0,0,0,5,0,0,0,11,0,0,0,0,0,0,1,1,2,1,0,1,0,2,0,0,0,0,1,0,0,0,1,0,0,0,2,0,0,0,0,0,0,0,0,0,0,0,0,0,0,0,0,0,0,0,0,0,0,0,0,0,0,0,0,0,0,0,0,0,1,1,2,0,1,1,0,1,1,0,0,0,1,0,0,0,1,0,0,0,2,0,0,0,0,0,0,0,0,0,2,0,0,2,0,0,0,0,0,0,0,2,2,0,0,0,2,0,0,0,0,2,0,0,2,0,2,2,0,0,0,2,0,0,0,0,2,0,0,0,0,0,0,0,2,0,0,0,0,0,0,0,0,0,0,0,0,0,0,0,0,0,0,0,0,0,0,0,0,0,0,0,0,0,0,0,0,0,0,0,0,0,0,0,0,0,0,0,0,0,0,0,0,0,0,0,0,0,0,0,0,0,0,0,0,0,0,0,0,0,0,0,0,0,0,0,0,0,0,0,0,0,0,0,0,0,0,0,0,0,0,0,10,7,17,6,4,6,1,12,5,0,0,0,10,0,0,0,7,0,0,0,17,0,0,0,0,0,0,0,0,0,0,0,0,0,0,0,0,0,0,0,0,0,0,0,0,0,0,0,0,0,0,0,0,0,22,0,22,22,0,0,0,22,0,0,0,0,22,0,0,0,0,0,0,0,22,0,0,0,0,0,0,0,0,0,0,0,0,0,0,0,0,0,0,0,0,0,0,0,0,0,0,0,0,0,0,0,0,0,3,0,3,3,0,0,0,3,0,0,0,0,3,0,0,0,0,0,0,0,3,0,0,0,0,0,0,0,0,0,0,0,0,0,0,0,0,0,0,0,0,0,0,0,0,0,0,0,0,0,0,0,0,0,9,0,9,3,6,0,0,3,6,0,0,0,9,0,0,0,0,0,0,0,9,0,0,0,0,0,0,0,0,0,0,0,0,0,0,0,0,0,0,0,0,0,0,0,0,0,0,0,0,0,0,0,0,0,0,0,0,0,0,0,0,0,0,0,0,0,0,0,0,0,0,0,0,0,0,0,0,0,0,0,0,0,0,0,0,0,0,0,0,0,0,0,0,0,0,0,0,0,0,0,0,0,0,0,0,0,0,0,0,0,0,0,0,0,0,0,0,0,0,0,0,0,0,0,0,0,0,0,0,0,0,0,0,0,0,0,0,0,0,0,0,0,0,0,0,0,0,0,0,0,0,0,0,0,0,0,0,0,0,0,0,0,0,0,0,0,0,0,0,0,0,0,0,0,0,0,0,0,0,0,0,0,0,0,0,0,0,0,0,0,0,0,0,0,0,0,0,0,0,0,0,0,0,0,0,0,0,0,0,0,0,0,0,0,0,0,1,0,1,1,0,0,0,1,0,0,0,0,1,0,0,0,0,0,0,0,1,0,0,0,0,0,0,0,0,0,0,0,0,0,0,0,0,0,0,0,0,0,0,0,0,0,0,0,0,0,0,0,0,0,0,0,0,0,0,0,0,0,0,0,0,0,0,0,0,0,0,0,0,0,0,0,0,0,0,0,0,0,2,2,0,0,2,0,2,0,0,0,0,0,0,0,0,2,0,0,0,2,0,0,0,0,0,0,0,0,0,0,0,0,0,0,0,0,0,0,0,0,0,0,0,0,0,0,0,0,0,0,0,0,0,0,0,0,0,0,0,0,0,0,0,0,0,0,0,0,0,0,0,0,0,0,0,0,0,0,0,0,0,0,0,0,0,0,0,0,0,0,0,0,0,0,0,0,0,0,0,0,0,0,0,0,0,0,0,0,0,0,0,0,0,0,0,0,0,0,0,0,0,0,0,0,0,0,0,0,0,0,0,0,0,0,0,0,0,0,0,0,0,0,0,0,0,0,0,0,0,0,0,0,0,0,0,0,0,0,0,0,0,1,0,1,1,0,0,0,1,0,0,0,0,1,0,0,0,0,0,0,0,1,0,0,0,0,0,0,0,0,0,0,0,0,0,0,0,0,0,0,0,0,0,0,0,0,0,0,0,0,0,0,0,0,0,0,21,21,0,0,8,13,8,13,0,0,0,0,0,0,0,21,0,0,0,21,0,0,0,0,0,0,5,0,5,5,0,0,0,5,0,0,0,0,5,0,0,0,0,0,0,0,5,0,0,0,0,0,0,0,0,0,0,0,0,0,0,0,0,0,0,0,0,0,0,0,0,0,0,0,0,0,0,0,0,0,22,14,36,20,2,14,0,34,2,0,0,0,22,0,0,0,15,0,0,0,37,0,0,0,0,0,0,0,0,0,0,0,0,0,0,0,0,0,0,0,0,0,0,0,0,0,0,0,0,0,0,0,0,0,11,17,28,10,1,14,3,24,4,0,0,0,11,0,0,0,18,0,0,0,29,0,0,0,0,0,0,0,0,0,0,0,0,0,0,0,0,0,0,0,0,0,0,0,0,0,0,0,0,0,0,0,0,0,187,154,341,164,23,122,32,286,55,0,0,1,186,0,0,0,156,0,0,1,342,0,0,0,0,0,0
Washington County Sheriff's Office,NY05700,1978,New York,30713,13,6,19,13,0,4,2,17,2,0,0,0,13,0,0,0,6,0,0,0,19,0,0,0,0,0,0,74,13,87,66,8,9,4,75,12,0,0,0,74,0,0,0,13,0,0,0,87,0,0,0,0,0,0,1,0,1,1,0,0,0,1,0,0,0,0,1,0,0,0,0,0,0,0,1,0,0,0,0,0,0,7,17,24,7,0,15,2,22,2,0,0,0,7,0,0,0,17,0,0,0,24,0,0,0,0,0,0,0,0,0,0,0,0,0,0,0,0,0,0,0,0,0,0,0,0,0,0,0,0,0,0,0,0,0,21,4,25,20,1,4,0,24,1,0,0,0,21,0,0,0,4,0,0,0,25,0,0,0,0,0,0,0,0,0,13,0,0,13,0,0,0,6,0,0,6,19,13,0,5,1,18,1,0,0,0,19,0,0,13,5,18,13,0,4,1,17,1,0,0,0,13,0,0,0,5,0,0,0,18,0,0,0,0,0,0,0,1,1,0,0,1,0,1,0,0,0,0,0,0,0,0,1,0,0,0,1,0,0,0,0,0,0,0,0,0,0,0,0,0,0,0,0,0,0,0,0,0,0,0,0,0,0,0,0,0,0,0,0,0,0,0,0,0,0,0,0,0,0,0,0,0,0,0,0,0,0,0,0,0,0,0,0,0,0,0,0,0,0,0,2,0,0,2,0,0,0,5,0,0,5,7,2,0,5,0,7,0,0,0,0,7,0,0,0,5,5,0,0,5,0,5,0,0,0,0,0,0,0,0,5,0,0,0,5,0,0,0,0,0,0,0,0,0,0,0,0,0,0,0,0,0,0,0,0,0,0,0,0,0,0,0,0,0,0,0,0,0,0,0,0,0,0,0,0,0,0,0,0,0,0,0,0,0,0,0,0,0,0,0,0,0,0,0,0,2,0,2,2,0,0,0,2,0,0,0,0,2,0,0,0,0,0,0,0,2,0,0,0,0,0,0,15,11,26,15,0,10,1,25,1,0,0,0,15,0,0,0,11,0,0,0,26,0,0,0,0,0,0,0,0,0,0,0,0,0,0,0,0,0,0,0,0,0,0,0,0,0,0,0,0,0,0,0,0,0,69,0,69,65,4,0,0,65,4,0,0,0,69,0,0,0,0,0,0,0,69,0,0,0,0,0,0,0,0,0,0,0,0,0,0,0,0,0,0,0,0,0,0,0,0,0,0,0,0,0,0,0,0,0,3,1,4,2,1,1,0,3,1,0,0,0,3,0,0,0,1,0,0,0,4,0,0,0,0,0,0,1,0,1,0,1,0,0,0,1,0,0,0,1,0,0,0,0,0,0,0,1,0,0,0,0,0,0,7,0,7,2,5,0,0,2,5,0,0,0,7,0,0,0,0,0,0,0,7,0,0,0,0,0,0,0,0,0,0,0,0,0,0,0,0,0,0,0,0,0,0,0,0,0,0,0,0,0,0,0,0,0,0,0,0,0,0,0,0,0,0,0,0,0,0,0,0,0,0,0,0,0,0,0,0,0,0,0,0,0,0,0,0,0,0,0,0,0,0,0,0,0,0,0,0,0,0,0,0,0,0,0,0,0,0,0,0,0,0,0,0,0,0,0,0,0,0,0,0,0,0,0,0,0,0,0,0,0,0,0,0,0,0,0,0,0,0,0,0,0,0,0,0,0,0,0,0,0,0,0,0,0,0,0,0,0,0,0,0,0,0,0,0,0,0,0,0,0,0,0,0,0,0,0,0,0,0,0,0,0,0,0,0,0,0,0,0,0,0,0,0,0,0,0,0,0,0,0,0,0,0,0,0,0,0,0,0,0,0,0,0,0,0,0,2,0,2,2,0,0,0,2,0,0,0,0,2,0,0,0,0,0,0,0,2,0,0,0,0,0,0,0,0,0,0,0,0,0,0,0,0,0,0,0,0,0,0,0,0,0,0,0,0,0,0,0,0,0,0,0,0,0,0,0,0,0,0,0,0,0,0,0,0,0,0,0,0,0,0,0,0,0,0,0,0,9,4,13,9,0,3,1,12,1,0,0,0,9,0,0,0,4,0,0,0,13,0,0,0,0,0,0,11,0,11,9,2,0,0,9,2,0,0,0,11,0,0,0,0,0,0,0,11,0,0,0,0,0,0,0,0,0,0,0,0,0,0,0,0,0,0,0,0,0,0,0,0,0,0,0,0,0,0,0,0,0,0,0,0,0,0,0,0,0,0,0,0,0,0,0,0,0,0,0,0,0,0,0,0,0,0,0,0,0,0,0,0,0,0,0,0,0,0,0,0,0,0,0,0,0,0,0,0,0,0,0,0,0,0,0,0,0,0,0,0,0,0,0,0,0,0,0,0,0,0,0,0,0,0,0,0,0,0,0,0,0,0,1,0,1,1,0,0,0,1,0,0,0,0,1,0,0,0,0,0,0,0,1,0,0,0,0,0,0,1,1,2,1,0,1,0,2,0,0,0,0,1,0,0,0,1,0,0,0,2,0,0,0,0,0,0,0,10,10,0,0,6,4,6,4,0,0,0,0,0,0,0,10,0,0,0,10,0,0,0,0,0,0,5,1,6,5,0,1,0,6,0,0,0,0,5,0,0,0,1,0,0,0,6,0,0,0,0,0,0,0,0,0,0,0,0,0,0,0,0,0,0,0,0,0,0,0,0,0,0,0,0,0,0,0,0,0,18,4,22,14,4,4,0,18,4,0,0,0,18,0,0,0,4,0,0,0,22,0,0,0,0,0,0,0,0,0,0,0,0,0,0,0,0,0,0,0,0,0,0,0,0,0,0,0,0,0,0,0,0,0,6,9,15,4,2,8,1,12,3,0,0,0,6,0,0,0,11,0,0,0,17,0,0,0,0,0,0,3,0,3,3,0,0,0,3,0,0,0,0,3,0,0,0,0,0,0,0,3,0,0,0,0,0,0,297,103,400,269,28,86,17,355,45,0,0,0,297,0,0,0,105,0,0,0,402,0,0,0,0,0,0
Washington County Sheriff's Office,NY05700,1977,New York,,,,,,,,,,,,,,,,,,,,,,,,,,,,,,,,,,,,,,,,,,,,,,,,,,,,,,,,,,,,,,,,,,,,,,,,,,,,,,,,,,,,,,,,,,,,,,,,,,,,,,,,,,,,,,,,,,,,,,,,,,,,,,,,,,,,,,,,,,,,,,,,,,,,,,,,,,,,,,,,,,,,,,,,,,,,,,,,,,,,,,,,,,,,,,,,,,,,,,,,,,,,,,,,,,,,,,,,,,,,,,,,,,,,,,,,,,,,,,,,,,,,,,,,,,,,,,,,,,,,,,,,,,,,,,,,,,,,,,,,,,,,,,,,,,,,,,,,,,,,,,,,,,,,,,,,,,,,,,,,,,,,,,,,,,,,,,,,,,,,,,,,,,,,,,,,,,,,,,,,,,,,,,,,,,,,,,,,,,,,,,,,,,,,,,,,,,,,,,,,,,,,,,,,,,,,,,,,,,,,,,,,,,,,,,,,,,,,,,,,,,,,,,,,,,,,,,,,,,,,,,,,,,,,,,,,,,,,,,,,,,,,,,,,,,,,,,,,,,,,,,,,,,,,,,,,,,,,,,,,,,,,,,,,,,,,,,,,,,,,,,,,,,,,,,,,,,,,,,,,,,,,,,,,,,,,,,,,,,,,,,,,,,,,,,,,,,,,,,,,,,,,,,,,,,,,,,,,,,,,,,,,,,,,,,,,,,,,,,,,,,,,,,,,,,,,,,,,,,,,,,,,,,,,,,,,,,,,,,,,,,,,,,,,,,,,,,,,,,,,,,,,,,,,,,,,,,,,,,,,,,,,,,,,,,,,,,,,,,,,,,,,,,,,,,,,,,,,,,,,,,,,,,,,,,,,,,,,,,,,,,,,,,,,,,,,,,,,,,,,,,,,,,,,,,,,,,,,,,,,,,,,,,,,,,,,,,,,,,,,,,,,,,,,,,,,,,,,,,,,,,,,,,,,,,,,,,,,,,,,,,,,,,,,,,,,,,,,,,,,,,,,,,,,,,,,,,,,,,,,,,,,,,,,,,,,,,,,,,,,,,,,,,,,,,,,,,,,,,,,,,,,,,,,,,,,,,,,,,,,,,,,,,,,,,,,,,,,,,,,,,,,,,,,,,,,,,,,,,,,,,,,,,,,,,,,,,,,,,,,,,,,,,,,,,,,,,,,,,,,,,,,,,,,,,,,,,,,,,,,,,,,,,,,,,,,,,,,,,,,,,,,,,,,,,,,,,,,,,,,,,,,,,,,,,,,,,,,,,,,,,,,,,,,,,,,,,,,,,,,,,,,,,,,,,,,,,,,,,,,,,,,,,,,,,,,,,,,,,,,,,,,,,,,,,,,,,,,,,,,,,,,,,,,,,,,,,,,,,,,,,,,,,,,,,,,,,,,,,,,,,,,,,,,,,,,,,,,,,,,,,,,,,,,,,,,,,,,,,,,,,,,,,,,,,,,,,,,,,,,,,,,
Washington County Sheriff's Office,NY05700,1976,New York,28083,9,3,12,9,0,3,0,12,0,0,0,0,9,0,0,0,3,0,0,0,12,0,0,0,0,0,0,74,16,90,61,13,15,1,76,14,0,0,2,72,0,0,0,16,0,0,2,88,0,0,0,0,0,0,4,3,7,2,2,3,0,5,2,0,0,0,4,0,0,0,5,0,0,0,9,0,0,0,0,0,0,9,8,17,7,2,7,1,14,3,0,0,0,9,0,0,0,8,0,0,0,17,0,0,0,0,0,0,0,0,0,0,0,0,0,0,0,0,0,0,0,0,0,0,0,0,0,0,0,0,0,0,0,0,0,25,6,31,23,2,6,0,29,2,0,0,0,25,0,0,0,6,0,0,0,31,0,0,0,0,0,0,0,0,0,15,0,0,15,0,0,0,5,0,0,5,20,14,1,4,1,18,2,0,0,0,20,0,0,15,5,20,14,1,4,1,18,2,0,0,0,15,0,0,0,5,0,0,0,20,0,0,0,0,0,0,0,0,0,0,0,0,0,0,0,0,0,0,0,0,0,0,0,0,0,0,0,0,0,0,0,0,0,0,0,0,0,0,0,0,0,0,0,0,0,0,0,0,0,0,0,0,0,0,0,0,0,0,0,0,0,0,0,0,0,0,0,0,0,0,0,0,0,0,0,0,0,0,0,0,0,0,0,0,0,0,0,0,0,0,4,0,0,4,0,0,0,0,0,0,0,4,2,2,0,0,2,2,0,0,0,4,0,0,3,0,3,2,1,0,0,2,1,0,0,0,3,0,0,0,0,0,0,0,3,0,0,0,0,0,0,0,0,0,0,0,0,0,0,0,0,0,0,0,0,0,0,0,0,0,0,0,0,0,0,0,0,0,1,0,1,0,1,0,0,0,1,0,0,0,1,0,0,0,0,0,0,0,1,0,0,0,0,0,0,0,0,0,0,0,0,0,0,0,0,0,0,0,0,0,0,0,0,0,0,0,0,0,0,0,0,0,19,5,24,16,3,4,1,20,4,0,0,0,19,0,0,0,5,0,0,0,24,0,0,0,0,0,0,0,0,0,0,0,0,0,0,0,0,0,0,0,0,0,0,0,0,0,0,0,0,0,0,0,0,0,50,5,55,48,2,5,0,53,2,0,0,0,50,0,0,0,5,0,0,0,55,0,0,0,0,0,0,0,0,0,0,0,0,0,0,0,0,0,0,0,0,0,0,0,0,0,0,0,0,0,0,0,0,0,4,1,5,4,0,0,1,4,1,0,0,0,4,0,0,0,1,0,0,0,5,0,0,0,0,0,0,4,2,6,4,0,2,0,6,0,0,0,0,4,0,0,0,2,0,0,0,6,0,0,0,0,0,0,4,0,4,3,1,0,0,3,1,0,0,0,4,0,0,0,0,0,0,0,4,0,0,0,0,0,0,0,0,0,0,0,0,0,0,0,0,0,0,0,0,0,0,0,0,0,0,0,0,0,0,0,0,0,0,0,0,0,0,0,0,0,0,0,0,0,0,0,0,0,0,0,0,0,0,0,0,0,0,0,0,0,0,0,0,0,0,0,0,0,0,0,0,0,0,0,0,0,0,0,0,0,0,0,0,0,0,0,0,0,0,0,0,0,0,0,0,0,0,0,0,0,0,0,0,0,0,0,0,0,0,0,0,0,0,0,0,0,0,0,0,0,0,0,0,0,0,0,0,0,0,0,0,0,0,0,0,0,0,0,0,0,0,0,0,0,0,0,0,0,0,0,0,0,0,0,0,0,0,0,0,0,0,0,0,0,0,0,0,0,0,0,0,0,0,0,0,0,0,0,0,0,0,0,0,0,0,0,0,0,0,0,0,0,0,0,1,1,2,1,0,1,0,2,0,0,0,0,1,0,0,0,1,0,0,0,2,0,0,0,0,0,0,0,0,0,0,0,0,0,0,0,0,0,0,0,0,0,0,0,0,0,0,0,0,0,0,0,0,0,0,0,0,0,0,0,0,0,0,0,0,0,0,0,0,0,0,0,0,0,0,0,0,0,0,0,0,5,3,8,5,0,3,0,8,0,0,0,0,5,0,0,0,4,0,0,0,9,0,0,0,0,0,0,3,1,4,3,0,1,0,4,0,0,0,0,3,0,0,0,1,0,0,0,4,0,0,0,0,0,0,0,0,0,0,0,0,0,0,0,0,0,0,0,0,0,0,0,0,0,0,0,0,0,0,0,0,0,0,0,0,0,0,0,0,0,0,0,0,0,0,0,0,0,0,0,0,0,0,0,0,0,0,0,0,0,0,0,0,0,0,0,0,0,0,0,0,0,0,0,0,0,0,0,0,0,0,0,0,0,0,0,0,0,0,0,0,0,0,0,0,0,0,0,0,0,0,0,0,0,0,0,0,0,0,0,0,0,0,1,0,1,1,0,0,0,1,0,0,0,0,1,0,0,0,0,0,0,0,1,0,0,0,0,0,0,0,1,1,0,0,1,0,1,0,0,0,0,0,0,0,0,1,0,0,0,1,0,0,0,0,0,0,0,12,12,0,0,3,9,3,9,0,0,0,0,0,0,0,12,0,0,0,12,0,0,0,0,0,0,2,0,2,1,1,0,0,1,1,0,0,0,2,0,0,0,0,0,0,0,2,0,0,0,0,0,0,0,0,0,0,0,0,0,0,0,0,0,0,0,0,0,0,0,0,0,0,0,0,0,0,0,0,0,14,8,22,13,1,2,6,15,7,0,0,0,14,0,0,0,8,0,0,0,22,0,0,0,0,0,0,0,0,0,0,0,0,0,0,0,0,0,0,0,0,0,0,0,0,0,0,0,0,0,0,0,0,0,8,10,18,8,0,6,4,14,4,0,0,0,8,0,0,0,14,0,0,0,22,0,0,0,0,0,0,2,0,2,2,0,0,0,2,0,0,0,0,2,0,0,0,0,0,0,0,2,0,0,0,0,0,0,276,95,371,243,33,70,25,313,58,0,0,2,274,0,0,0,102,0,0,2,376,0,0,0,0,0,0
