agency,ORI,year,state,population,aggravated_assault_total_adult,aggravated_assault_total_juvenile,aggravated_assault_total_arrests,aggravated_assault_total_male_adult,aggravated_assault_total_female_adult,aggravated_assault_total_male_juvenile,aggravated_assault_total_female_juvenile,aggravated_assault_total_male,aggravated_assault_total_female,aggravated_assault_adult_american_indian,aggravated_assault_adult_asian,aggravated_assault_adult_black,aggravated_assault_adult_white,aggravated_assault_juvenile_american_indian,aggravated_assault_juvenile_asian,aggravated_assault_juvenile_black,aggravated_assault_juvenile_white,aggravated_assault_total_american_indian,aggravated_assault_total_asian,aggravated_assault_total_black,aggravated_assault_total_white,aggravated_assault_adult_hispanic,aggravated_assault_adult_non_hispanic,aggravated_assault_juvenile_hispanic,aggravated_assault_juvenile_non_hispanic,aggravated_assault_total_hispanic,aggravated_assault_total_non_hispanic,all_other_offenses_excluding_traffic_total_adult,all_other_offenses_excluding_traffic_total_juvenile,all_other_offenses_excluding_traffic_total_arrests,all_other_offenses_excluding_traffic_total_male_adult,all_other_offenses_excluding_traffic_total_female_adult,all_other_offenses_excluding_traffic_total_male_juvenile,all_other_offenses_excluding_traffic_total_female_juvenile,all_other_offenses_excluding_traffic_total_male,all_other_offenses_excluding_traffic_total_female,all_other_offenses_excluding_traffic_adult_american_indian,all_other_offenses_excluding_traffic_adult_asian,all_other_offenses_excluding_traffic_adult_black,all_other_offenses_excluding_traffic_adult_white,all_other_offenses_excluding_traffic_juvenile_american_indian,all_other_offenses_excluding_traffic_juvenile_asian,all_other_offenses_excluding_traffic_juvenile_black,all_other_offenses_excluding_traffic_juvenile_white,all_other_offenses_excluding_traffic_total_american_indian,all_other_offenses_excluding_traffic_total_asian,all_other_offenses_excluding_traffic_total_black,all_other_offenses_excluding_traffic_total_white,all_other_offenses_excluding_traffic_adult_hispanic,all_other_offenses_excluding_traffic_adult_non_hispanic,all_other_offenses_excluding_traffic_juvenile_hispanic,all_other_offenses_excluding_traffic_juvenile_non_hispanic,all_other_offenses_excluding_traffic_total_hispanic,all_other_offenses_excluding_traffic_total_non_hispanic,arson_total_adult,arson_total_juvenile,arson_total_arrests,arson_total_male_adult,arson_total_female_adult,arson_total_male_juvenile,arson_total_female_juvenile,arson_total_male,arson_total_female,arson_adult_american_indian,arson_adult_asian,arson_adult_black,arson_adult_white,arson_juvenile_american_indian,arson_juvenile_asian,arson_juvenile_black,arson_juvenile_white,arson_total_american_indian,arson_total_asian,arson_total_black,arson_total_white,arson_adult_hispanic,arson_adult_non_hispanic,arson_juvenile_hispanic,arson_juvenile_non_hispanic,arson_total_hispanic,arson_total_non_hispanic,burglary_total_adult,burglary_total_juvenile,burglary_total_arrests,burglary_total_male_adult,burglary_total_female_adult,burglary_total_male_juvenile,burglary_total_female_juvenile,burglary_total_male,burglary_total_female,burglary_adult_american_indian,burglary_adult_asian,burglary_adult_black,burglary_adult_white,burglary_juvenile_american_indian,burglary_juvenile_asian,burglary_juvenile_black,burglary_juvenile_white,burglary_total_american_indian,burglary_total_asian,burglary_total_black,burglary_total_white,burglary_adult_hispanic,burglary_adult_non_hispanic,burglary_juvenile_hispanic,burglary_juvenile_non_hispanic,burglary_total_hispanic,burglary_total_non_hispanic,curfew_loitering_total_adult,curfew_loitering_total_juvenile,curfew_loitering_total_arrests,curfew_loitering_total_male_adult,curfew_loitering_total_female_adult,curfew_loitering_total_male_juvenile,curfew_loitering_total_female_juvenile,curfew_loitering_total_male,curfew_loitering_total_female,curfew_loitering_adult_american_indian,curfew_loitering_adult_asian,curfew_loitering_adult_black,curfew_loitering_adult_white,curfew_loitering_juvenile_american_indian,curfew_loitering_juvenile_asian,curfew_loitering_juvenile_black,curfew_loitering_juvenile_white,curfew_loitering_total_american_indian,curfew_loitering_total_asian,curfew_loitering_total_black,curfew_loitering_total_white,curfew_loitering_adult_hispanic,curfew_loitering_adult_non_hispanic,curfew_loitering_juvenile_hispanic,curfew_loitering_juvenile_non_hispanic,curfew_loitering_total_hispanic,curfew_loitering_total_non_hispanic,disorderly_conduct_total_adult,disorderly_conduct_total_juvenile,disorderly_conduct_total_arrests,disorderly_conduct_total_male_adult,disorderly_conduct_total_female_adult,disorderly_conduct_total_male_juvenile,disorderly_conduct_total_female_juvenile,disorderly_conduct_total_male,disorderly_conduct_total_female,disorderly_conduct_adult_american_indian,disorderly_conduct_adult_asian,disorderly_conduct_adult_black,disorderly_conduct_adult_white,disorderly_conduct_juvenile_american_indian,disorderly_conduct_juvenile_asian,disorderly_conduct_juvenile_black,disorderly_conduct_juvenile_white,disorderly_conduct_total_american_indian,disorderly_conduct_total_asian,disorderly_conduct_total_black,disorderly_conduct_total_white,disorderly_conduct_adult_hispanic,disorderly_conduct_adult_non_hispanic,disorderly_conduct_juvenile_hispanic,disorderly_conduct_juvenile_non_hispanic,disorderly_conduct_total_hispanic,disorderly_conduct_total_non_hispanic,drug_possess_drug_total_adult_american_indian,drug_possess_drug_total_adult_asian,drug_possess_drug_total_adult_black,drug_possess_drug_total_adult_white,drug_possess_drug_total_adult_hispanic,drug_possess_drug_total_adult_non_hispanic,drug_possess_drug_total_total_adult,drug_possess_drug_total_juvenile_american_indian,drug_possess_drug_total_juvenile_asian,drug_possess_drug_total_juvenile_black,drug_possess_drug_total_juvenile_white,drug_possess_drug_total_juvenile_hispanic,drug_possess_drug_total_juvenile_non_hispanic,drug_possess_drug_total_total_juvenile,drug_possess_drug_total_total_arrests,drug_possess_drug_total_total_male_adult,drug_possess_drug_total_total_female_adult,drug_possess_drug_total_total_male_juvenile,drug_possess_drug_total_total_female_juvenile,drug_possess_drug_total_total_male,drug_possess_drug_total_total_female,drug_possess_drug_total_total_american_indian,drug_possess_drug_total_total_asian,drug_possess_drug_total_total_black,drug_possess_drug_total_total_white,drug_possess_drug_total_total_hispanic,drug_possess_drug_total_total_non_hispanic,drug_possess_marijuana_total_adult,drug_possess_marijuana_total_juvenile,drug_possess_marijuana_total_arrests,drug_possess_marijuana_total_male_adult,drug_possess_marijuana_total_female_adult,drug_possess_marijuana_total_male_juvenile,drug_possess_marijuana_total_female_juvenile,drug_possess_marijuana_total_male,drug_possess_marijuana_total_female,drug_possess_marijuana_adult_american_indian,drug_possess_marijuana_adult_asian,drug_possess_marijuana_adult_black,drug_possess_marijuana_adult_white,drug_possess_marijuana_juvenile_american_indian,drug_possess_marijuana_juvenile_asian,drug_possess_marijuana_juvenile_black,drug_possess_marijuana_juvenile_white,drug_possess_marijuana_total_american_indian,drug_possess_marijuana_total_asian,drug_possess_marijuana_total_black,drug_possess_marijuana_total_white,drug_possess_marijuana_adult_hispanic,drug_possess_marijuana_adult_non_hispanic,drug_possess_marijuana_juvenile_hispanic,drug_possess_marijuana_juvenile_non_hispanic,drug_possess_marijuana_total_hispanic,drug_possess_marijuana_total_non_hispanic,drug_possess_opium_and_cocaine_and_derivatives_including_heroin_total_adult,drug_possess_opium_and_cocaine_and_derivatives_including_heroin_total_juvenile,drug_possess_opium_and_cocaine_and_derivatives_including_heroin_total_arrests,drug_possess_opium_and_cocaine_and_derivatives_including_heroin_total_male_adult,drug_possess_opium_and_cocaine_and_derivatives_including_heroin_total_female_adult,drug_possess_opium_and_cocaine_and_derivatives_including_heroin_total_male_juvenile,drug_possess_opium_and_cocaine_and_derivatives_including_heroin_total_female_juvenile,drug_possess_opium_and_cocaine_and_derivatives_including_heroin_total_male,drug_possess_opium_and_cocaine_and_derivatives_including_heroin_total_female,drug_possess_opium_and_cocaine_and_derivatives_including_heroin_adult_american_indian,drug_possess_opium_and_cocaine_and_derivatives_including_heroin_adult_asian,drug_possess_opium_and_cocaine_and_derivatives_including_heroin_adult_black,drug_possess_opium_and_cocaine_and_derivatives_including_heroin_adult_white,drug_possess_opium_and_cocaine_and_derivatives_including_heroin_juvenile_american_indian,drug_possess_opium_and_cocaine_and_derivatives_including_heroin_juvenile_asian,drug_possess_opium_and_cocaine_and_derivatives_including_heroin_juvenile_black,drug_possess_opium_and_cocaine_and_derivatives_including_heroin_juvenile_white,drug_possess_opium_and_cocaine_and_derivatives_including_heroin_total_american_indian,drug_possess_opium_and_cocaine_and_derivatives_including_heroin_total_asian,drug_possess_opium_and_cocaine_and_derivatives_including_heroin_total_black,drug_possess_opium_and_cocaine_and_derivatives_including_heroin_total_white,drug_possess_opium_and_cocaine_and_derivatives_including_heroin_adult_hispanic,drug_possess_opium_and_cocaine_and_derivatives_including_heroin_adult_non_hispanic,drug_possess_opium_and_cocaine_and_derivatives_including_heroin_juvenile_hispanic,drug_possess_opium_and_cocaine_and_derivatives_including_heroin_juvenile_non_hispanic,drug_possess_opium_and_cocaine_and_derivatives_including_heroin_total_hispanic,drug_possess_opium_and_cocaine_and_derivatives_including_heroin_total_non_hispanic,drug_possess_other_drug_total_adult,drug_possess_other_drug_total_juvenile,drug_possess_other_drug_total_arrests,drug_possess_other_drug_total_male_adult,drug_possess_other_drug_total_female_adult,drug_possess_other_drug_total_male_juvenile,drug_possess_other_drug_total_female_juvenile,drug_possess_other_drug_total_male,drug_possess_other_drug_total_female,drug_possess_other_drug_adult_american_indian,drug_possess_other_drug_adult_asian,drug_possess_other_drug_adult_black,drug_possess_other_drug_adult_white,drug_possess_other_drug_juvenile_american_indian,drug_possess_other_drug_juvenile_asian,drug_possess_other_drug_juvenile_black,drug_possess_other_drug_juvenile_white,drug_possess_other_drug_total_american_indian,drug_possess_other_drug_total_asian,drug_possess_other_drug_total_black,drug_possess_other_drug_total_white,drug_possess_other_drug_adult_hispanic,drug_possess_other_drug_adult_non_hispanic,drug_possess_other_drug_juvenile_hispanic,drug_possess_other_drug_juvenile_non_hispanic,drug_possess_other_drug_total_hispanic,drug_possess_other_drug_total_non_hispanic,drug_possess_synthetic_narcotics_total_adult,drug_possess_synthetic_narcotics_total_juvenile,drug_possess_synthetic_narcotics_total_arrests,drug_possess_synthetic_narcotics_total_male_adult,drug_possess_synthetic_narcotics_total_female_adult,drug_possess_synthetic_narcotics_total_male_juvenile,drug_possess_synthetic_narcotics_total_female_juvenile,drug_possess_synthetic_narcotics_total_male,drug_possess_synthetic_narcotics_total_female,drug_possess_synthetic_narcotics_adult_american_indian,drug_possess_synthetic_narcotics_adult_asian,drug_possess_synthetic_narcotics_adult_black,drug_possess_synthetic_narcotics_adult_white,drug_possess_synthetic_narcotics_juvenile_american_indian,drug_possess_synthetic_narcotics_juvenile_asian,drug_possess_synthetic_narcotics_juvenile_black,drug_possess_synthetic_narcotics_juvenile_white,drug_possess_synthetic_narcotics_total_american_indian,drug_possess_synthetic_narcotics_total_asian,drug_possess_synthetic_narcotics_total_black,drug_possess_synthetic_narcotics_total_white,drug_possess_synthetic_narcotics_adult_hispanic,drug_possess_synthetic_narcotics_adult_non_hispanic,drug_possess_synthetic_narcotics_juvenile_hispanic,drug_possess_synthetic_narcotics_juvenile_non_hispanic,drug_possess_synthetic_narcotics_total_hispanic,drug_possess_synthetic_narcotics_total_non_hispanic,drug_sale_drug_total_adult_american_indian,drug_sale_drug_total_adult_asian,drug_sale_drug_total_adult_black,drug_sale_drug_total_adult_white,drug_sale_drug_total_adult_hispanic,drug_sale_drug_total_adult_non_hispanic,drug_sale_drug_total_total_adult,drug_sale_drug_total_juvenile_american_indian,drug_sale_drug_total_juvenile_asian,drug_sale_drug_total_juvenile_black,drug_sale_drug_total_juvenile_white,drug_sale_drug_total_juvenile_hispanic,drug_sale_drug_total_juvenile_non_hispanic,drug_sale_drug_total_total_juvenile,drug_sale_drug_total_total_arrests,drug_sale_drug_total_total_male_adult,drug_sale_drug_total_total_female_adult,drug_sale_drug_total_total_male_juvenile,drug_sale_drug_total_total_female_juvenile,drug_sale_drug_total_total_male,drug_sale_drug_total_total_female,drug_sale_drug_total_total_american_indian,drug_sale_drug_total_total_asian,drug_sale_drug_total_total_black,drug_sale_drug_total_total_white,drug_sale_drug_total_total_hispanic,drug_sale_drug_total_total_non_hispanic,drug_sale_marijuana_total_adult,drug_sale_marijuana_total_juvenile,drug_sale_marijuana_total_arrests,drug_sale_marijuana_total_male_adult,drug_sale_marijuana_total_female_adult,drug_sale_marijuana_total_male_juvenile,drug_sale_marijuana_total_female_juvenile,drug_sale_marijuana_total_male,drug_sale_marijuana_total_female,drug_sale_marijuana_adult_american_indian,drug_sale_marijuana_adult_asian,drug_sale_marijuana_adult_black,drug_sale_marijuana_adult_white,drug_sale_marijuana_juvenile_american_indian,drug_sale_marijuana_juvenile_asian,drug_sale_marijuana_juvenile_black,drug_sale_marijuana_juvenile_white,drug_sale_marijuana_total_american_indian,drug_sale_marijuana_total_asian,drug_sale_marijuana_total_black,drug_sale_marijuana_total_white,drug_sale_marijuana_adult_hispanic,drug_sale_marijuana_adult_non_hispanic,drug_sale_marijuana_juvenile_hispanic,drug_sale_marijuana_juvenile_non_hispanic,drug_sale_marijuana_total_hispanic,drug_sale_marijuana_total_non_hispanic,drug_sale_opium_and_cocaine_and_derivatives_including_heroin_total_adult,drug_sale_opium_and_cocaine_and_derivatives_including_heroin_total_juvenile,drug_sale_opium_and_cocaine_and_derivatives_including_heroin_total_arrests,drug_sale_opium_and_cocaine_and_derivatives_including_heroin_total_male_adult,drug_sale_opium_and_cocaine_and_derivatives_including_heroin_total_female_adult,drug_sale_opium_and_cocaine_and_derivatives_including_heroin_total_male_juvenile,drug_sale_opium_and_cocaine_and_derivatives_including_heroin_total_female_juvenile,drug_sale_opium_and_cocaine_and_derivatives_including_heroin_total_male,drug_sale_opium_and_cocaine_and_derivatives_including_heroin_total_female,drug_sale_opium_and_cocaine_and_derivatives_including_heroin_adult_american_indian,drug_sale_opium_and_cocaine_and_derivatives_including_heroin_adult_asian,drug_sale_opium_and_cocaine_and_derivatives_including_heroin_adult_black,drug_sale_opium_and_cocaine_and_derivatives_including_heroin_adult_white,drug_sale_opium_and_cocaine_and_derivatives_including_heroin_juvenile_american_indian,drug_sale_opium_and_cocaine_and_derivatives_including_heroin_juvenile_asian,drug_sale_opium_and_cocaine_and_derivatives_including_heroin_juvenile_black,drug_sale_opium_and_cocaine_and_derivatives_including_heroin_juvenile_white,drug_sale_opium_and_cocaine_and_derivatives_including_heroin_total_american_indian,drug_sale_opium_and_cocaine_and_derivatives_including_heroin_total_asian,drug_sale_opium_and_cocaine_and_derivatives_including_heroin_total_black,drug_sale_opium_and_cocaine_and_derivatives_including_heroin_total_white,drug_sale_opium_and_cocaine_and_derivatives_including_heroin_adult_hispanic,drug_sale_opium_and_cocaine_and_derivatives_including_heroin_adult_non_hispanic,drug_sale_opium_and_cocaine_and_derivatives_including_heroin_juvenile_hispanic,drug_sale_opium_and_cocaine_and_derivatives_including_heroin_juvenile_non_hispanic,drug_sale_opium_and_cocaine_and_derivatives_including_heroin_total_hispanic,drug_sale_opium_and_cocaine_and_derivatives_including_heroin_total_non_hispanic,drug_sale_other_drug_total_adult,drug_sale_other_drug_total_juvenile,drug_sale_other_drug_total_arrests,drug_sale_other_drug_total_male_adult,drug_sale_other_drug_total_female_adult,drug_sale_other_drug_total_male_juvenile,drug_sale_other_drug_total_female_juvenile,drug_sale_other_drug_total_male,drug_sale_other_drug_total_female,drug_sale_other_drug_adult_american_indian,drug_sale_other_drug_adult_asian,drug_sale_other_drug_adult_black,drug_sale_other_drug_adult_white,drug_sale_other_drug_juvenile_american_indian,drug_sale_other_drug_juvenile_asian,drug_sale_other_drug_juvenile_black,drug_sale_other_drug_juvenile_white,drug_sale_other_drug_total_american_indian,drug_sale_other_drug_total_asian,drug_sale_other_drug_total_black,drug_sale_other_drug_total_white,drug_sale_other_drug_adult_hispanic,drug_sale_other_drug_adult_non_hispanic,drug_sale_other_drug_juvenile_hispanic,drug_sale_other_drug_juvenile_non_hispanic,drug_sale_other_drug_total_hispanic,drug_sale_other_drug_total_non_hispanic,drug_sale_synthetic_narcotics_total_adult,drug_sale_synthetic_narcotics_total_juvenile,drug_sale_synthetic_narcotics_total_arrests,drug_sale_synthetic_narcotics_total_male_adult,drug_sale_synthetic_narcotics_total_female_adult,drug_sale_synthetic_narcotics_total_male_juvenile,drug_sale_synthetic_narcotics_total_female_juvenile,drug_sale_synthetic_narcotics_total_male,drug_sale_synthetic_narcotics_total_female,drug_sale_synthetic_narcotics_adult_american_indian,drug_sale_synthetic_narcotics_adult_asian,drug_sale_synthetic_narcotics_adult_black,drug_sale_synthetic_narcotics_adult_white,drug_sale_synthetic_narcotics_juvenile_american_indian,drug_sale_synthetic_narcotics_juvenile_asian,drug_sale_synthetic_narcotics_juvenile_black,drug_sale_synthetic_narcotics_juvenile_white,drug_sale_synthetic_narcotics_total_american_indian,drug_sale_synthetic_narcotics_total_asian,drug_sale_synthetic_narcotics_total_black,drug_sale_synthetic_narcotics_total_white,drug_sale_synthetic_narcotics_adult_hispanic,drug_sale_synthetic_narcotics_adult_non_hispanic,drug_sale_synthetic_narcotics_juvenile_hispanic,drug_sale_synthetic_narcotics_juvenile_non_hispanic,drug_sale_synthetic_narcotics_total_hispanic,drug_sale_synthetic_narcotics_total_non_hispanic,drug_total_drug_total_adult,drug_total_drug_total_juvenile,drug_total_drug_total_arrests,drug_total_drug_total_male_adult,drug_total_drug_total_female_adult,drug_total_drug_total_male_juvenile,drug_total_drug_total_female_juvenile,drug_total_drug_total_male,drug_total_drug_total_female,drug_total_drug_adult_american_indian,drug_total_drug_adult_asian,drug_total_drug_adult_black,drug_total_drug_adult_white,drug_total_drug_juvenile_american_indian,drug_total_drug_juvenile_asian,drug_total_drug_juvenile_black,drug_total_drug_juvenile_white,drug_total_drug_total_american_indian,drug_total_drug_total_asian,drug_total_drug_total_black,drug_total_drug_total_white,drug_total_drug_adult_hispanic,drug_total_drug_adult_non_hispanic,drug_total_drug_juvenile_hispanic,drug_total_drug_juvenile_non_hispanic,drug_total_drug_total_hispanic,drug_total_drug_total_non_hispanic,drunkenness_total_adult,drunkenness_total_juvenile,drunkenness_total_arrests,drunkenness_total_male_adult,drunkenness_total_female_adult,drunkenness_total_male_juvenile,drunkenness_total_female_juvenile,drunkenness_total_male,drunkenness_total_female,drunkenness_adult_american_indian,drunkenness_adult_asian,drunkenness_adult_black,drunkenness_adult_white,drunkenness_juvenile_american_indian,drunkenness_juvenile_asian,drunkenness_juvenile_black,drunkenness_juvenile_white,drunkenness_total_american_indian,drunkenness_total_asian,drunkenness_total_black,drunkenness_total_white,drunkenness_adult_hispanic,drunkenness_adult_non_hispanic,drunkenness_juvenile_hispanic,drunkenness_juvenile_non_hispanic,drunkenness_total_hispanic,drunkenness_total_non_hispanic,dui_total_adult,dui_total_juvenile,dui_total_arrests,dui_total_male_adult,dui_total_female_adult,dui_total_male_juvenile,dui_total_female_juvenile,dui_total_male,dui_total_female,dui_adult_american_indian,dui_adult_asian,dui_adult_black,dui_adult_white,dui_juvenile_american_indian,dui_juvenile_asian,dui_juvenile_black,dui_juvenile_white,dui_total_american_indian,dui_total_asian,dui_total_black,dui_total_white,dui_adult_hispanic,dui_adult_non_hispanic,dui_juvenile_hispanic,dui_juvenile_non_hispanic,dui_total_hispanic,dui_total_non_hispanic,embezzlement_total_adult,embezzlement_total_juvenile,embezzlement_total_arrests,embezzlement_total_male_adult,embezzlement_total_female_adult,embezzlement_total_male_juvenile,embezzlement_total_female_juvenile,embezzlement_total_male,embezzlement_total_female,embezzlement_adult_american_indian,embezzlement_adult_asian,embezzlement_adult_black,embezzlement_adult_white,embezzlement_juvenile_american_indian,embezzlement_juvenile_asian,embezzlement_juvenile_black,embezzlement_juvenile_white,embezzlement_total_american_indian,embezzlement_total_asian,embezzlement_total_black,embezzlement_total_white,embezzlement_adult_hispanic,embezzlement_adult_non_hispanic,embezzlement_juvenile_hispanic,embezzlement_juvenile_non_hispanic,embezzlement_total_hispanic,embezzlement_total_non_hispanic,family_offenses_total_adult,family_offenses_total_juvenile,family_offenses_total_arrests,family_offenses_total_male_adult,family_offenses_total_female_adult,family_offenses_total_male_juvenile,family_offenses_total_female_juvenile,family_offenses_total_male,family_offenses_total_female,family_offenses_adult_american_indian,family_offenses_adult_asian,family_offenses_adult_black,family_offenses_adult_white,family_offenses_juvenile_american_indian,family_offenses_juvenile_asian,family_offenses_juvenile_black,family_offenses_juvenile_white,family_offenses_total_american_indian,family_offenses_total_asian,family_offenses_total_black,family_offenses_total_white,family_offenses_adult_hispanic,family_offenses_adult_non_hispanic,family_offenses_juvenile_hispanic,family_offenses_juvenile_non_hispanic,family_offenses_total_hispanic,family_offenses_total_non_hispanic,forgery_and_counterfeiting_total_adult,forgery_and_counterfeiting_total_juvenile,forgery_and_counterfeiting_total_arrests,forgery_and_counterfeiting_total_male_adult,forgery_and_counterfeiting_total_female_adult,forgery_and_counterfeiting_total_male_juvenile,forgery_and_counterfeiting_total_female_juvenile,forgery_and_counterfeiting_total_male,forgery_and_counterfeiting_total_female,forgery_and_counterfeiting_adult_american_indian,forgery_and_counterfeiting_adult_asian,forgery_and_counterfeiting_adult_black,forgery_and_counterfeiting_adult_white,forgery_and_counterfeiting_juvenile_american_indian,forgery_and_counterfeiting_juvenile_asian,forgery_and_counterfeiting_juvenile_black,forgery_and_counterfeiting_juvenile_white,forgery_and_counterfeiting_total_american_indian,forgery_and_counterfeiting_total_asian,forgery_and_counterfeiting_total_black,forgery_and_counterfeiting_total_white,forgery_and_counterfeiting_adult_hispanic,forgery_and_counterfeiting_adult_non_hispanic,forgery_and_counterfeiting_juvenile_hispanic,forgery_and_counterfeiting_juvenile_non_hispanic,forgery_and_counterfeiting_total_hispanic,forgery_and_counterfeiting_total_non_hispanic,fraud_total_adult,fraud_total_juvenile,fraud_total_arrests,fraud_total_male_adult,fraud_total_female_adult,fraud_total_male_juvenile,fraud_total_female_juvenile,fraud_total_male,fraud_total_female,fraud_adult_american_indian,fraud_adult_asian,fraud_adult_black,fraud_adult_white,fraud_juvenile_american_indian,fraud_juvenile_asian,fraud_juvenile_black,fraud_juvenile_white,fraud_total_american_indian,fraud_total_asian,fraud_total_black,fraud_total_white,fraud_adult_hispanic,fraud_adult_non_hispanic,fraud_juvenile_hispanic,fraud_juvenile_non_hispanic,fraud_total_hispanic,fraud_total_non_hispanic,gambling_bookmaking_horse_and_sport_book_total_adult,gambling_bookmaking_horse_and_sport_book_total_juvenile,gambling_bookmaking_horse_and_sport_book_total_arrests,gambling_bookmaking_horse_and_sport_book_total_male_adult,gambling_bookmaking_horse_and_sport_book_total_female_adult,gambling_bookmaking_horse_and_sport_book_total_male_juvenile,gambling_bookmaking_horse_and_sport_book_total_female_juvenile,gambling_bookmaking_horse_and_sport_book_total_male,gambling_bookmaking_horse_and_sport_book_total_female,gambling_bookmaking_horse_and_sport_book_adult_american_indian,gambling_bookmaking_horse_and_sport_book_adult_asian,gambling_bookmaking_horse_and_sport_book_adult_black,gambling_bookmaking_horse_and_sport_book_adult_white,gambling_bookmaking_horse_and_sport_book_juvenile_american_indian,gambling_bookmaking_horse_and_sport_book_juvenile_asian,gambling_bookmaking_horse_and_sport_book_juvenile_black,gambling_bookmaking_horse_and_sport_book_juvenile_white,gambling_bookmaking_horse_and_sport_book_total_american_indian,gambling_bookmaking_horse_and_sport_book_total_asian,gambling_bookmaking_horse_and_sport_book_total_black,gambling_bookmaking_horse_and_sport_book_total_white,gambling_bookmaking_horse_and_sport_book_adult_hispanic,gambling_bookmaking_horse_and_sport_book_adult_non_hispanic,gambling_bookmaking_horse_and_sport_book_juvenile_hispanic,gambling_bookmaking_horse_and_sport_book_juvenile_non_hispanic,gambling_bookmaking_horse_and_sport_book_total_hispanic,gambling_bookmaking_horse_and_sport_book_total_non_hispanic,gambling_number_and_lottery_total_adult,gambling_number_and_lottery_total_juvenile,gambling_number_and_lottery_total_arrests,gambling_number_and_lottery_total_male_adult,gambling_number_and_lottery_total_female_adult,gambling_number_and_lottery_total_male_juvenile,gambling_number_and_lottery_total_female_juvenile,gambling_number_and_lottery_total_male,gambling_number_and_lottery_total_female,gambling_number_and_lottery_adult_american_indian,gambling_number_and_lottery_adult_asian,gambling_number_and_lottery_adult_black,gambling_number_and_lottery_adult_white,gambling_number_and_lottery_juvenile_american_indian,gambling_number_and_lottery_juvenile_asian,gambling_number_and_lottery_juvenile_black,gambling_number_and_lottery_juvenile_white,gambling_number_and_lottery_total_american_indian,gambling_number_and_lottery_total_asian,gambling_number_and_lottery_total_black,gambling_number_and_lottery_total_white,gambling_number_and_lottery_adult_hispanic,gambling_number_and_lottery_adult_non_hispanic,gambling_number_and_lottery_juvenile_hispanic,gambling_number_and_lottery_juvenile_non_hispanic,gambling_number_and_lottery_total_hispanic,gambling_number_and_lottery_total_non_hispanic,gambling_other_total_adult,gambling_other_total_juvenile,gambling_other_total_arrests,gambling_other_total_male_adult,gambling_other_total_female_adult,gambling_other_total_male_juvenile,gambling_other_total_female_juvenile,gambling_other_total_male,gambling_other_total_female,gambling_other_adult_american_indian,gambling_other_adult_asian,gambling_other_adult_black,gambling_other_adult_white,gambling_other_juvenile_american_indian,gambling_other_juvenile_asian,gambling_other_juvenile_black,gambling_other_juvenile_white,gambling_other_total_american_indian,gambling_other_total_asian,gambling_other_total_black,gambling_other_total_white,gambling_other_adult_hispanic,gambling_other_adult_non_hispanic,gambling_other_juvenile_hispanic,gambling_other_juvenile_non_hispanic,gambling_other_total_hispanic,gambling_other_total_non_hispanic,gambling_total_adult_american_indian,gambling_total_adult_asian,gambling_total_adult_black,gambling_total_adult_white,gambling_total_adult_hispanic,gambling_total_adult_non_hispanic,gambling_total_total_adult,gambling_total_juvenile_american_indian,gambling_total_juvenile_asian,gambling_total_juvenile_black,gambling_total_juvenile_white,gambling_total_juvenile_hispanic,gambling_total_juvenile_non_hispanic,gambling_total_total_juvenile,gambling_total_total_arrests,gambling_total_total_male_adult,gambling_total_total_female_adult,gambling_total_total_male_juvenile,gambling_total_total_female_juvenile,gambling_total_total_male,gambling_total_total_female,gambling_total_total_american_indian,gambling_total_total_asian,gambling_total_total_black,gambling_total_total_white,gambling_total_total_hispanic,gambling_total_total_non_hispanic,human_trafficking_commercial_sex_acts_total_adult,human_trafficking_commercial_sex_acts_total_juvenile,human_trafficking_commercial_sex_acts_total_arrests,human_trafficking_commercial_sex_acts_total_male_adult,human_trafficking_commercial_sex_acts_total_female_adult,human_trafficking_commercial_sex_acts_total_male_juvenile,human_trafficking_commercial_sex_acts_total_female_juvenile,human_trafficking_commercial_sex_acts_total_male,human_trafficking_commercial_sex_acts_total_female,human_trafficking_commercial_sex_acts_adult_american_indian,human_trafficking_commercial_sex_acts_adult_asian,human_trafficking_commercial_sex_acts_adult_black,human_trafficking_commercial_sex_acts_adult_white,human_trafficking_commercial_sex_acts_juvenile_american_indian,human_trafficking_commercial_sex_acts_juvenile_asian,human_trafficking_commercial_sex_acts_juvenile_black,human_trafficking_commercial_sex_acts_juvenile_white,human_trafficking_commercial_sex_acts_total_american_indian,human_trafficking_commercial_sex_acts_total_asian,human_trafficking_commercial_sex_acts_total_black,human_trafficking_commercial_sex_acts_total_white,human_trafficking_commercial_sex_acts_adult_hispanic,human_trafficking_commercial_sex_acts_adult_non_hispanic,human_trafficking_commercial_sex_acts_juvenile_hispanic,human_trafficking_commercial_sex_acts_juvenile_non_hispanic,human_trafficking_commercial_sex_acts_total_hispanic,human_trafficking_commercial_sex_acts_total_non_hispanic,human_trafficking_involuntary_servitude_total_adult,human_trafficking_involuntary_servitude_total_juvenile,human_trafficking_involuntary_servitude_total_arrests,human_trafficking_involuntary_servitude_total_male_adult,human_trafficking_involuntary_servitude_total_female_adult,human_trafficking_involuntary_servitude_total_male_juvenile,human_trafficking_involuntary_servitude_total_female_juvenile,human_trafficking_involuntary_servitude_total_male,human_trafficking_involuntary_servitude_total_female,human_trafficking_involuntary_servitude_adult_american_indian,human_trafficking_involuntary_servitude_adult_asian,human_trafficking_involuntary_servitude_adult_black,human_trafficking_involuntary_servitude_adult_white,human_trafficking_involuntary_servitude_juvenile_american_indian,human_trafficking_involuntary_servitude_juvenile_asian,human_trafficking_involuntary_servitude_juvenile_black,human_trafficking_involuntary_servitude_juvenile_white,human_trafficking_involuntary_servitude_total_american_indian,human_trafficking_involuntary_servitude_total_asian,human_trafficking_involuntary_servitude_total_black,human_trafficking_involuntary_servitude_total_white,human_trafficking_involuntary_servitude_adult_hispanic,human_trafficking_involuntary_servitude_adult_non_hispanic,human_trafficking_involuntary_servitude_juvenile_hispanic,human_trafficking_involuntary_servitude_juvenile_non_hispanic,human_trafficking_involuntary_servitude_total_hispanic,human_trafficking_involuntary_servitude_total_non_hispanic,liquor_laws_total_adult,liquor_laws_total_juvenile,liquor_laws_total_arrests,liquor_laws_total_male_adult,liquor_laws_total_female_adult,liquor_laws_total_male_juvenile,liquor_laws_total_female_juvenile,liquor_laws_total_male,liquor_laws_total_female,liquor_laws_adult_american_indian,liquor_laws_adult_asian,liquor_laws_adult_black,liquor_laws_adult_white,liquor_laws_juvenile_american_indian,liquor_laws_juvenile_asian,liquor_laws_juvenile_black,liquor_laws_juvenile_white,liquor_laws_total_american_indian,liquor_laws_total_asian,liquor_laws_total_black,liquor_laws_total_white,liquor_laws_adult_hispanic,liquor_laws_adult_non_hispanic,liquor_laws_juvenile_hispanic,liquor_laws_juvenile_non_hispanic,liquor_laws_total_hispanic,liquor_laws_total_non_hispanic,motor_vehicle_theft_total_adult,motor_vehicle_theft_total_juvenile,motor_vehicle_theft_total_arrests,motor_vehicle_theft_total_male_adult,motor_vehicle_theft_total_female_adult,motor_vehicle_theft_total_male_juvenile,motor_vehicle_theft_total_female_juvenile,motor_vehicle_theft_total_male,motor_vehicle_theft_total_female,motor_vehicle_theft_adult_american_indian,motor_vehicle_theft_adult_asian,motor_vehicle_theft_adult_black,motor_vehicle_theft_adult_white,motor_vehicle_theft_juvenile_american_indian,motor_vehicle_theft_juvenile_asian,motor_vehicle_theft_juvenile_black,motor_vehicle_theft_juvenile_white,motor_vehicle_theft_total_american_indian,motor_vehicle_theft_total_asian,motor_vehicle_theft_total_black,motor_vehicle_theft_total_white,motor_vehicle_theft_adult_hispanic,motor_vehicle_theft_adult_non_hispanic,motor_vehicle_theft_juvenile_hispanic,motor_vehicle_theft_juvenile_non_hispanic,motor_vehicle_theft_total_hispanic,motor_vehicle_theft_total_non_hispanic,murder_and_nonnegligent_manslaughter_total_adult,murder_and_nonnegligent_manslaughter_total_juvenile,murder_and_nonnegligent_manslaughter_total_arrests,murder_and_nonnegligent_manslaughter_total_male_adult,murder_and_nonnegligent_manslaughter_total_female_adult,murder_and_nonnegligent_manslaughter_total_male_juvenile,murder_and_nonnegligent_manslaughter_total_female_juvenile,murder_and_nonnegligent_manslaughter_total_male,murder_and_nonnegligent_manslaughter_total_female,murder_and_nonnegligent_manslaughter_adult_american_indian,murder_and_nonnegligent_manslaughter_adult_asian,murder_and_nonnegligent_manslaughter_adult_black,murder_and_nonnegligent_manslaughter_adult_white,murder_and_nonnegligent_manslaughter_juvenile_american_indian,murder_and_nonnegligent_manslaughter_juvenile_asian,murder_and_nonnegligent_manslaughter_juvenile_black,murder_and_nonnegligent_manslaughter_juvenile_white,murder_and_nonnegligent_manslaughter_total_american_indian,murder_and_nonnegligent_manslaughter_total_asian,murder_and_nonnegligent_manslaughter_total_black,murder_and_nonnegligent_manslaughter_total_white,murder_and_nonnegligent_manslaughter_adult_hispanic,murder_and_nonnegligent_manslaughter_adult_non_hispanic,murder_and_nonnegligent_manslaughter_juvenile_hispanic,murder_and_nonnegligent_manslaughter_juvenile_non_hispanic,murder_and_nonnegligent_manslaughter_total_hispanic,murder_and_nonnegligent_manslaughter_total_non_hispanic,negligent_manslaughter_total_adult,negligent_manslaughter_total_juvenile,negligent_manslaughter_total_arrests,negligent_manslaughter_total_male_adult,negligent_manslaughter_total_female_adult,negligent_manslaughter_total_male_juvenile,negligent_manslaughter_total_female_juvenile,negligent_manslaughter_total_male,negligent_manslaughter_total_female,negligent_manslaughter_adult_american_indian,negligent_manslaughter_adult_asian,negligent_manslaughter_adult_black,negligent_manslaughter_adult_white,negligent_manslaughter_juvenile_american_indian,negligent_manslaughter_juvenile_asian,negligent_manslaughter_juvenile_black,negligent_manslaughter_juvenile_white,negligent_manslaughter_total_american_indian,negligent_manslaughter_total_asian,negligent_manslaughter_total_black,negligent_manslaughter_total_white,negligent_manslaughter_adult_hispanic,negligent_manslaughter_adult_non_hispanic,negligent_manslaughter_juvenile_hispanic,negligent_manslaughter_juvenile_non_hispanic,negligent_manslaughter_total_hispanic,negligent_manslaughter_total_non_hispanic,other_assault_total_adult,other_assault_total_juvenile,other_assault_total_arrests,other_assault_total_male_adult,other_assault_total_female_adult,other_assault_total_male_juvenile,other_assault_total_female_juvenile,other_assault_total_male,other_assault_total_female,other_assault_adult_american_indian,other_assault_adult_asian,other_assault_adult_black,other_assault_adult_white,other_assault_juvenile_american_indian,other_assault_juvenile_asian,other_assault_juvenile_black,other_assault_juvenile_white,other_assault_total_american_indian,other_assault_total_asian,other_assault_total_black,other_assault_total_white,other_assault_adult_hispanic,other_assault_adult_non_hispanic,other_assault_juvenile_hispanic,other_assault_juvenile_non_hispanic,other_assault_total_hispanic,other_assault_total_non_hispanic,other_sex_offenses_total_adult,other_sex_offenses_total_juvenile,other_sex_offenses_total_arrests,other_sex_offenses_total_male_adult,other_sex_offenses_total_female_adult,other_sex_offenses_total_male_juvenile,other_sex_offenses_total_female_juvenile,other_sex_offenses_total_male,other_sex_offenses_total_female,other_sex_offenses_adult_american_indian,other_sex_offenses_adult_asian,other_sex_offenses_adult_black,other_sex_offenses_adult_white,other_sex_offenses_juvenile_american_indian,other_sex_offenses_juvenile_asian,other_sex_offenses_juvenile_black,other_sex_offenses_juvenile_white,other_sex_offenses_total_american_indian,other_sex_offenses_total_asian,other_sex_offenses_total_black,other_sex_offenses_total_white,other_sex_offenses_adult_hispanic,other_sex_offenses_adult_non_hispanic,other_sex_offenses_juvenile_hispanic,other_sex_offenses_juvenile_non_hispanic,other_sex_offenses_total_hispanic,other_sex_offenses_total_non_hispanic,prostitution_and_commercialized_vice_total_adult,prostitution_and_commercialized_vice_assisting_or_promoting_prostitution_total_adult,prostitution_and_commercialized_vice_prostitution_total_adult,prostitution_and_commercialized_vice_purchasing_prostitution_total_adult,prostitution_and_commercialized_vice_total_juvenile,prostitution_and_commercialized_vice_assisting_or_promoting_prostitution_total_juvenile,prostitution_and_commercialized_vice_prostitution_total_juvenile,prostitution_and_commercialized_vice_purchasing_prostitution_total_juvenile,prostitution_and_commercialized_vice_total_arrests,prostitution_and_commercialized_vice_assisting_or_promoting_prostitution_total_arrests,prostitution_and_commercialized_vice_prostitution_total_arrests,prostitution_and_commercialized_vice_purchasing_prostitution_total_arrests,prostitution_and_commercialized_vice_total_male_adult,prostitution_and_commercialized_vice_total_female_adult,prostitution_and_commercialized_vice_assisting_or_promoting_prostitution_total_male_adult,prostitution_and_commercialized_vice_assisting_or_promoting_prostitution_total_female_adult,prostitution_and_commercialized_vice_prostitution_total_male_adult,prostitution_and_commercialized_vice_prostitution_total_female_adult,prostitution_and_commercialized_vice_purchasing_prostitution_total_male_adult,prostitution_and_commercialized_vice_purchasing_prostitution_total_female_adult,prostitution_and_commercialized_vice_total_male_juvenile,prostitution_and_commercialized_vice_total_female_juvenile,prostitution_and_commercialized_vice_total_male,prostitution_and_commercialized_vice_total_female,prostitution_and_commercialized_vice_assisting_or_promoting_prostitution_total_male_juvenile,prostitution_and_commercialized_vice_assisting_or_promoting_prostitution_total_female_juvenile,prostitution_and_commercialized_vice_assisting_or_promoting_prostitution_total_male,prostitution_and_commercialized_vice_assisting_or_promoting_prostitution_total_female,prostitution_and_commercialized_vice_prostitution_total_male_juvenile,prostitution_and_commercialized_vice_prostitution_total_female_juvenile,prostitution_and_commercialized_vice_prostitution_total_male,prostitution_and_commercialized_vice_prostitution_total_female,prostitution_and_commercialized_vice_purchasing_prostitution_total_male_juvenile,prostitution_and_commercialized_vice_purchasing_prostitution_total_female_juvenile,prostitution_and_commercialized_vice_purchasing_prostitution_total_male,prostitution_and_commercialized_vice_purchasing_prostitution_total_female,prostitution_and_commercialized_vice_adult_american_indian,prostitution_and_commercialized_vice_adult_asian,prostitution_and_commercialized_vice_adult_black,prostitution_and_commercialized_vice_adult_white,prostitution_and_commercialized_vice_assisting_or_promoting_prostitution_adult_american_indian,prostitution_and_commercialized_vice_assisting_or_promoting_prostitution_adult_asian,prostitution_and_commercialized_vice_assisting_or_promoting_prostitution_adult_black,prostitution_and_commercialized_vice_assisting_or_promoting_prostitution_adult_white,prostitution_and_commercialized_vice_prostitution_adult_american_indian,prostitution_and_commercialized_vice_prostitution_adult_asian,prostitution_and_commercialized_vice_prostitution_adult_black,prostitution_and_commercialized_vice_prostitution_adult_white,prostitution_and_commercialized_vice_purchasing_prostitution_adult_american_indian,prostitution_and_commercialized_vice_purchasing_prostitution_adult_asian,prostitution_and_commercialized_vice_purchasing_prostitution_adult_black,prostitution_and_commercialized_vice_purchasing_prostitution_adult_white,prostitution_and_commercialized_vice_juvenile_american_indian,prostitution_and_commercialized_vice_juvenile_asian,prostitution_and_commercialized_vice_juvenile_black,prostitution_and_commercialized_vice_juvenile_white,prostitution_and_commercialized_vice_assisting_or_promoting_prostitution_juvenile_american_indian,prostitution_and_commercialized_vice_assisting_or_promoting_prostitution_juvenile_asian,prostitution_and_commercialized_vice_assisting_or_promoting_prostitution_juvenile_black,prostitution_and_commercialized_vice_assisting_or_promoting_prostitution_juvenile_white,prostitution_and_commercialized_vice_prostitution_juvenile_american_indian,prostitution_and_commercialized_vice_prostitution_juvenile_asian,prostitution_and_commercialized_vice_prostitution_juvenile_black,prostitution_and_commercialized_vice_prostitution_juvenile_white,prostitution_and_commercialized_vice_purchasing_prostitution_juvenile_american_indian,prostitution_and_commercialized_vice_purchasing_prostitution_juvenile_asian,prostitution_and_commercialized_vice_purchasing_prostitution_juvenile_black,prostitution_and_commercialized_vice_purchasing_prostitution_juvenile_white,prostitution_and_commercialized_vice_total_american_indian,prostitution_and_commercialized_vice_total_asian,prostitution_and_commercialized_vice_total_black,prostitution_and_commercialized_vice_total_white,prostitution_and_commercialized_vice_assisting_or_promoting_prostitution_total_american_indian,prostitution_and_commercialized_vice_assisting_or_promoting_prostitution_total_asian,prostitution_and_commercialized_vice_assisting_or_promoting_prostitution_total_black,prostitution_and_commercialized_vice_assisting_or_promoting_prostitution_total_white,prostitution_and_commercialized_vice_prostitution_total_american_indian,prostitution_and_commercialized_vice_prostitution_total_asian,prostitution_and_commercialized_vice_prostitution_total_black,prostitution_and_commercialized_vice_prostitution_total_white,prostitution_and_commercialized_vice_purchasing_prostitution_total_american_indian,prostitution_and_commercialized_vice_purchasing_prostitution_total_asian,prostitution_and_commercialized_vice_purchasing_prostitution_total_black,prostitution_and_commercialized_vice_purchasing_prostitution_total_white,prostitution_and_commercialized_vice_adult_hispanic,prostitution_and_commercialized_vice_assisting_or_promoting_prostitution_adult_hispanic,prostitution_and_commercialized_vice_prostitution_adult_hispanic,prostitution_and_commercialized_vice_purchasing_prostitution_adult_hispanic,prostitution_and_commercialized_vice_adult_non_hispanic,prostitution_and_commercialized_vice_assisting_or_promoting_prostitution_adult_non_hispanic,prostitution_and_commercialized_vice_prostitution_adult_non_hispanic,prostitution_and_commercialized_vice_purchasing_prostitution_adult_non_hispanic,prostitution_and_commercialized_vice_juvenile_hispanic,prostitution_and_commercialized_vice_assisting_or_promoting_prostitution_juvenile_hispanic,prostitution_and_commercialized_vice_prostitution_juvenile_hispanic,prostitution_and_commercialized_vice_purchasing_prostitution_juvenile_hispanic,prostitution_and_commercialized_vice_juvenile_non_hispanic,prostitution_and_commercialized_vice_assisting_or_promoting_prostitution_juvenile_non_hispanic,prostitution_and_commercialized_vice_prostitution_juvenile_non_hispanic,prostitution_and_commercialized_vice_purchasing_prostitution_juvenile_non_hispanic,prostitution_and_commercialized_vice_total_hispanic,prostitution_and_commercialized_vice_total_non_hispanic,prostitution_and_commercialized_vice_assisting_or_promoting_prostitution_total_hispanic,prostitution_and_commercialized_vice_assisting_or_promoting_prostitution_total_non_hispanic,prostitution_and_commercialized_vice_prostitution_total_hispanic,prostitution_and_commercialized_vice_prostitution_total_non_hispanic,prostitution_and_commercialized_vice_purchasing_prostitution_total_hispanic,prostitution_and_commercialized_vice_purchasing_prostitution_total_non_hispanic,rape_total_adult,rape_total_juvenile,rape_total_arrests,rape_total_male_adult,rape_total_female_adult,rape_total_male_juvenile,rape_total_female_juvenile,rape_total_male,rape_total_female,rape_adult_american_indian,rape_adult_asian,rape_adult_black,rape_adult_white,rape_juvenile_american_indian,rape_juvenile_asian,rape_juvenile_black,rape_juvenile_white,rape_total_american_indian,rape_total_asian,rape_total_black,rape_total_white,rape_adult_hispanic,rape_adult_non_hispanic,rape_juvenile_hispanic,rape_juvenile_non_hispanic,rape_total_hispanic,rape_total_non_hispanic,robbery_total_adult,robbery_total_juvenile,robbery_total_arrests,robbery_total_male_adult,robbery_total_female_adult,robbery_total_male_juvenile,robbery_total_female_juvenile,robbery_total_male,robbery_total_female,robbery_adult_american_indian,robbery_adult_asian,robbery_adult_black,robbery_adult_white,robbery_juvenile_american_indian,robbery_juvenile_asian,robbery_juvenile_black,robbery_juvenile_white,robbery_total_american_indian,robbery_total_asian,robbery_total_black,robbery_total_white,robbery_adult_hispanic,robbery_adult_non_hispanic,robbery_juvenile_hispanic,robbery_juvenile_non_hispanic,robbery_total_hispanic,robbery_total_non_hispanic,runaways_total_adult,runaways_total_juvenile,runaways_total_arrests,runaways_total_male_adult,runaways_total_female_adult,runaways_total_male_juvenile,runaways_total_female_juvenile,runaways_total_male,runaways_total_female,runaways_adult_american_indian,runaways_adult_asian,runaways_adult_black,runaways_adult_white,runaways_juvenile_american_indian,runaways_juvenile_asian,runaways_juvenile_black,runaways_juvenile_white,runaways_total_american_indian,runaways_total_asian,runaways_total_black,runaways_total_white,runaways_adult_hispanic,runaways_adult_non_hispanic,runaways_juvenile_hispanic,runaways_juvenile_non_hispanic,runaways_total_hispanic,runaways_total_non_hispanic,stolen_property_buying_receiving_possessing_total_adult,stolen_property_buying_receiving_possessing_total_juvenile,stolen_property_buying_receiving_possessing_total_arrests,stolen_property_buying_receiving_possessing_total_male_adult,stolen_property_buying_receiving_possessing_total_female_adult,stolen_property_buying_receiving_possessing_total_male_juvenile,stolen_property_buying_receiving_possessing_total_female_juvenile,stolen_property_buying_receiving_possessing_total_male,stolen_property_buying_receiving_possessing_total_female,stolen_property_buying_receiving_possessing_adult_american_indian,stolen_property_buying_receiving_possessing_adult_asian,stolen_property_buying_receiving_possessing_adult_black,stolen_property_buying_receiving_possessing_adult_white,stolen_property_buying_receiving_possessing_juvenile_american_indian,stolen_property_buying_receiving_possessing_juvenile_asian,stolen_property_buying_receiving_possessing_juvenile_black,stolen_property_buying_receiving_possessing_juvenile_white,stolen_property_buying_receiving_possessing_total_american_indian,stolen_property_buying_receiving_possessing_total_asian,stolen_property_buying_receiving_possessing_total_black,stolen_property_buying_receiving_possessing_total_white,stolen_property_buying_receiving_possessing_adult_hispanic,stolen_property_buying_receiving_possessing_adult_non_hispanic,stolen_property_buying_receiving_possessing_juvenile_hispanic,stolen_property_buying_receiving_possessing_juvenile_non_hispanic,stolen_property_buying_receiving_possessing_total_hispanic,stolen_property_buying_receiving_possessing_total_non_hispanic,suspicion_total_adult,suspicion_total_juvenile,suspicion_total_arrests,suspicion_total_male_adult,suspicion_total_female_adult,suspicion_total_male_juvenile,suspicion_total_female_juvenile,suspicion_total_male,suspicion_total_female,suspicion_adult_american_indian,suspicion_adult_asian,suspicion_adult_black,suspicion_adult_white,suspicion_juvenile_american_indian,suspicion_juvenile_asian,suspicion_juvenile_black,suspicion_juvenile_white,suspicion_total_american_indian,suspicion_total_asian,suspicion_total_black,suspicion_total_white,suspicion_adult_hispanic,suspicion_adult_non_hispanic,suspicion_juvenile_hispanic,suspicion_juvenile_non_hispanic,suspicion_total_hispanic,suspicion_total_non_hispanic,theft_total_adult,theft_total_juvenile,theft_total_arrests,theft_total_male_adult,theft_total_female_adult,theft_total_male_juvenile,theft_total_female_juvenile,theft_total_male,theft_total_female,theft_adult_american_indian,theft_adult_asian,theft_adult_black,theft_adult_white,theft_juvenile_american_indian,theft_juvenile_asian,theft_juvenile_black,theft_juvenile_white,theft_total_american_indian,theft_total_asian,theft_total_black,theft_total_white,theft_adult_hispanic,theft_adult_non_hispanic,theft_juvenile_hispanic,theft_juvenile_non_hispanic,theft_total_hispanic,theft_total_non_hispanic,vagrancy_total_adult,vagrancy_total_juvenile,vagrancy_total_arrests,vagrancy_total_male_adult,vagrancy_total_female_adult,vagrancy_total_male_juvenile,vagrancy_total_female_juvenile,vagrancy_total_male,vagrancy_total_female,vagrancy_adult_american_indian,vagrancy_adult_asian,vagrancy_adult_black,vagrancy_adult_white,vagrancy_juvenile_american_indian,vagrancy_juvenile_asian,vagrancy_juvenile_black,vagrancy_juvenile_white,vagrancy_total_american_indian,vagrancy_total_asian,vagrancy_total_black,vagrancy_total_white,vagrancy_adult_hispanic,vagrancy_adult_non_hispanic,vagrancy_juvenile_hispanic,vagrancy_juvenile_non_hispanic,vagrancy_total_hispanic,vagrancy_total_non_hispanic,vandalism_total_adult,vandalism_total_juvenile,vandalism_total_arrests,vandalism_total_male_adult,vandalism_total_female_adult,vandalism_total_male_juvenile,vandalism_total_female_juvenile,vandalism_total_male,vandalism_total_female,vandalism_adult_american_indian,vandalism_adult_asian,vandalism_adult_black,vandalism_adult_white,vandalism_juvenile_american_indian,vandalism_juvenile_asian,vandalism_juvenile_black,vandalism_juvenile_white,vandalism_total_american_indian,vandalism_total_asian,vandalism_total_black,vandalism_total_white,vandalism_adult_hispanic,vandalism_adult_non_hispanic,vandalism_juvenile_hispanic,vandalism_juvenile_non_hispanic,vandalism_total_hispanic,vandalism_total_non_hispanic,weapons_carrying_possessing_etc_total_adult,weapons_carrying_possessing_etc_total_juvenile,weapons_carrying_possessing_etc_total_arrests,weapons_carrying_possessing_etc_total_male_adult,weapons_carrying_possessing_etc_total_female_adult,weapons_carrying_possessing_etc_total_male_juvenile,weapons_carrying_possessing_etc_total_female_juvenile,weapons_carrying_possessing_etc_total_male,weapons_carrying_possessing_etc_total_female,weapons_carrying_possessing_etc_adult_american_indian,weapons_carrying_possessing_etc_adult_asian,weapons_carrying_possessing_etc_adult_black,weapons_carrying_possessing_etc_adult_white,weapons_carrying_possessing_etc_juvenile_american_indian,weapons_carrying_possessing_etc_juvenile_asian,weapons_carrying_possessing_etc_juvenile_black,weapons_carrying_possessing_etc_juvenile_white,weapons_carrying_possessing_etc_total_american_indian,weapons_carrying_possessing_etc_total_asian,weapons_carrying_possessing_etc_total_black,weapons_carrying_possessing_etc_total_white,weapons_carrying_possessing_etc_adult_hispanic,weapons_carrying_possessing_etc_adult_non_hispanic,weapons_carrying_possessing_etc_juvenile_hispanic,weapons_carrying_possessing_etc_juvenile_non_hispanic,weapons_carrying_possessing_etc_total_hispanic,weapons_carrying_possessing_etc_total_non_hispanic,all_arrests_total_total_adult,all_arrests_total_total_juvenile,all_arrests_total_total_arrests,all_arrests_total_total_male_adult,all_arrests_total_total_female_adult,all_arrests_total_total_male_juvenile,all_arrests_total_total_female_juvenile,all_arrests_total_total_male,all_arrests_total_total_female,all_arrests_total_adult_american_indian,all_arrests_total_adult_asian,all_arrests_total_adult_black,all_arrests_total_adult_white,all_arrests_total_juvenile_american_indian,all_arrests_total_juvenile_asian,all_arrests_total_juvenile_black,all_arrests_total_juvenile_white,all_arrests_total_total_american_indian,all_arrests_total_total_asian,all_arrests_total_total_black,all_arrests_total_total_white,all_arrests_total_adult_hispanic,all_arrests_total_adult_non_hispanic,all_arrests_total_juvenile_hispanic,all_arrests_total_juvenile_non_hispanic,all_arrests_total_total_hispanic,all_arrests_total_total_non_hispanic
Mohawk Police Department,NY02123,2007,New York,2523,1,0,1,1,0,0,0,1,0,0,0,0,1,0,0,0,0,0,0,0,1,0,0,0,0,0,0,6,0,6,5,1,0,0,5,1,0,0,0,6,0,0,0,0,0,0,0,6,0,0,0,0,0,0,0,0,0,0,0,0,0,0,0,0,0,0,0,0,0,0,0,0,0,0,0,0,0,0,0,0,0,2,2,4,2,0,2,0,4,0,0,0,1,1,0,0,0,2,0,0,1,3,0,0,0,0,0,0,0,0,0,0,0,0,0,0,0,0,0,0,0,0,0,0,0,0,0,0,0,0,0,0,0,0,0,4,0,4,3,1,0,0,3,1,0,0,1,3,0,0,0,0,0,0,1,3,0,0,0,0,0,0,0,0,1,1,0,0,2,0,0,0,2,0,0,2,4,2,0,2,0,4,0,0,0,1,3,0,0,2,2,4,2,0,2,0,4,0,0,0,1,1,0,0,0,2,0,0,1,3,0,0,0,0,0,0,0,0,0,0,0,0,0,0,0,0,0,0,0,0,0,0,0,0,0,0,0,0,0,0,0,0,0,0,0,0,0,0,0,0,0,0,0,0,0,0,0,0,0,0,0,0,0,0,0,0,0,0,0,0,0,0,0,0,0,0,0,0,0,0,0,0,0,0,0,0,0,0,0,0,0,0,0,0,0,0,0,0,0,0,0,0,0,0,0,0,0,1,0,0,1,1,0,0,1,0,1,0,0,0,0,1,0,0,0,1,1,0,0,1,0,1,0,0,0,0,0,0,0,0,1,0,0,0,1,0,0,0,0,0,0,0,0,0,0,0,0,0,0,0,0,0,0,0,0,0,0,0,0,0,0,0,0,0,0,0,0,0,0,0,0,0,0,0,0,0,0,0,0,0,0,0,0,0,0,0,0,0,0,0,0,0,0,0,0,0,0,0,0,0,0,0,0,0,0,0,0,0,0,0,0,0,0,0,0,0,0,0,0,0,0,0,2,3,5,2,0,3,0,5,0,0,0,1,1,0,0,0,3,0,0,1,4,0,0,0,0,0,0,0,0,0,0,0,0,0,0,0,0,0,0,0,0,0,0,0,0,0,0,0,0,0,0,0,0,0,20,0,20,16,4,0,0,16,4,0,0,2,18,0,0,0,0,0,0,2,18,0,0,0,0,0,0,0,0,0,0,0,0,0,0,0,0,0,0,0,0,0,0,0,0,0,0,0,0,0,0,0,0,0,0,0,0,0,0,0,0,0,0,0,0,0,0,0,0,0,0,0,0,0,0,0,0,0,0,0,0,0,0,0,0,0,0,0,0,0,0,0,0,0,0,0,0,0,0,0,0,0,0,0,0,0,0,0,2,0,2,1,1,0,0,1,1,0,0,0,2,0,0,0,0,0,0,0,2,0,0,0,0,0,0,0,0,0,0,0,0,0,0,0,0,0,0,0,0,0,0,0,0,0,0,0,0,0,0,0,0,0,0,0,0,0,0,0,0,0,0,0,0,0,0,0,0,0,0,0,0,0,0,0,0,0,0,0,0,0,0,0,0,0,0,0,0,0,0,0,0,0,0,0,0,0,0,0,0,0,0,0,0,0,0,0,0,0,0,0,0,0,0,0,0,0,0,0,0,0,0,0,0,0,0,0,0,0,0,0,0,0,0,0,0,0,0,0,0,0,0,0,0,0,0,0,0,0,0,0,0,0,0,0,0,0,0,0,0,0,0,0,0,0,0,0,0,0,0,0,0,0,0,0,0,0,0,0,0,0,0,0,0,0,0,0,0,1,1,2,1,0,1,0,2,0,0,0,0,1,0,0,0,1,0,0,0,2,0,0,0,0,0,0,0,0,0,0,0,0,0,0,0,0,0,0,0,0,0,0,0,0,0,0,0,0,0,0,0,0,0,0,0,0,0,0,0,0,0,0,0,0,0,0,0,0,0,0,0,0,0,0,0,0,0,0,0,0,0,0,0,0,0,0,0,0,0,0,0,0,0,0,0,0,0,0,0,0,0,0,0,0,0,0,0,2,1,3,2,0,0,1,2,1,0,0,1,1,0,0,0,1,0,0,1,2,0,0,0,0,0,0,1,0,1,1,0,0,0,1,0,0,0,0,1,0,0,0,0,0,0,0,1,0,0,0,0,0,0,0,0,0,0,0,0,0,0,0,0,0,0,0,0,0,0,0,0,0,0,0,0,0,0,0,0,0,0,0,0,0,0,0,0,0,0,0,0,0,0,0,0,0,0,0,0,0,0,0,0,0,0,0,0,0,0,0,0,0,0,0,0,0,0,0,0,0,0,0,0,0,0,0,0,0,0,0,0,0,0,0,0,0,0,0,0,0,0,0,0,0,0,0,0,0,0,0,0,0,0,0,0,0,0,0,0,0,0,0,0,0,0,0,0,0,0,0,0,0,0,0,0,0,0,0,0,0,0,0,0,0,0,0,0,0,0,0,0,0,0,0,0,0,0,0,0,0,0,0,0,0,0,0,0,0,0,0,0,0,0,0,0,0,0,0,0,0,0,0,0,0,0,0,0,0,0,0,0,0,0,0,0,0,0,0,0,0,0,0,0,0,0,0,0,0,0,0,0,0,0,0,0,0,0,0,0,0,0,0,0,0,0,0,0,0,0,0,0,0,0,0,0,0,0,0,0,0,0,0,0,0,0,0,0,0,0,0,0,0,0,0,0,0,2,0,2,1,1,0,0,1,1,0,0,1,1,0,0,0,0,0,0,1,1,0,0,0,0,0,0,0,0,0,0,0,0,0,0,0,0,0,0,0,0,0,0,0,0,0,0,0,0,0,0,0,0,0,2,1,3,2,0,1,0,3,0,0,0,0,2,0,0,0,1,0,0,0,3,0,0,0,0,0,0,0,0,0,0,0,0,0,0,0,0,0,0,0,0,0,0,0,0,0,0,0,0,0,0,0,0,0,49,14,63,41,8,13,1,54,9,0,0,9,40,0,0,0,14,0,0,9,54,0,0,0,0,0,0
Mohawk Police Department,NY02123,2006,New York,2576,1,0,1,1,0,0,0,1,0,0,0,0,1,0,0,0,0,0,0,0,1,0,0,0,0,0,0,8,2,10,6,2,1,1,7,3,0,0,0,8,0,0,0,2,0,0,0,10,0,0,0,0,0,0,0,0,0,0,0,0,0,0,0,0,0,0,0,0,0,0,0,0,0,0,0,0,0,0,0,0,0,2,0,2,2,0,0,0,2,0,0,0,1,1,0,0,0,0,0,0,1,1,0,0,0,0,0,0,0,0,0,0,0,0,0,0,0,0,0,0,0,0,0,0,0,0,0,0,0,0,0,0,0,0,0,4,0,4,3,1,0,0,3,1,0,0,1,3,0,0,0,0,0,0,1,3,0,0,0,0,0,0,0,0,1,5,0,0,6,0,0,0,1,0,0,1,7,5,1,1,0,6,1,0,0,1,6,0,0,4,1,5,4,0,1,0,5,0,0,0,1,3,0,0,0,1,0,0,1,4,0,0,0,0,0,0,0,0,0,0,0,0,0,0,0,0,0,0,0,0,0,0,0,0,0,0,0,0,0,0,0,0,0,2,0,2,1,1,0,0,1,1,0,0,0,2,0,0,0,0,0,0,0,2,0,0,0,0,0,0,0,0,0,0,0,0,0,0,0,0,0,0,0,0,0,0,0,0,0,0,0,0,0,0,0,0,0,0,0,0,1,0,0,1,0,0,0,0,0,0,0,1,1,0,0,0,1,0,0,0,0,1,0,0,1,0,1,1,0,0,0,1,0,0,0,0,1,0,0,0,0,0,0,0,1,0,0,0,0,0,0,0,0,0,0,0,0,0,0,0,0,0,0,0,0,0,0,0,0,0,0,0,0,0,0,0,0,0,0,0,0,0,0,0,0,0,0,0,0,0,0,0,0,0,0,0,0,0,0,0,0,0,0,0,0,0,0,0,0,0,0,0,0,0,0,0,0,0,0,0,0,0,0,0,0,0,0,0,0,0,0,0,7,1,8,6,1,1,0,7,1,0,0,1,6,0,0,0,1,0,0,1,7,0,0,0,0,0,0,0,0,0,0,0,0,0,0,0,0,0,0,0,0,0,0,0,0,0,0,0,0,0,0,0,0,0,10,0,10,9,1,0,0,9,1,0,0,0,10,0,0,0,0,0,0,0,10,0,0,0,0,0,0,0,0,0,0,0,0,0,0,0,0,0,0,0,0,0,0,0,0,0,0,0,0,0,0,0,0,0,0,0,0,0,0,0,0,0,0,0,0,0,0,0,0,0,0,0,0,0,0,0,0,0,0,0,0,0,0,0,0,0,0,0,0,0,0,0,0,0,0,0,0,0,0,0,0,0,0,0,0,0,0,0,5,0,5,2,3,0,0,2,3,0,0,0,5,0,0,0,0,0,0,0,5,0,0,0,0,0,0,0,0,0,0,0,0,0,0,0,0,0,0,0,0,0,0,0,0,0,0,0,0,0,0,0,0,0,0,0,0,0,0,0,0,0,0,0,0,0,0,0,0,0,0,0,0,0,0,0,0,0,0,0,0,0,0,0,0,0,0,0,0,0,0,0,0,0,0,0,0,0,0,0,0,0,0,0,0,0,0,0,0,0,0,0,0,0,0,0,0,0,0,0,0,0,0,0,0,0,0,0,0,0,0,0,0,0,0,0,0,0,0,0,0,0,0,0,0,0,0,0,0,0,0,0,0,0,0,0,0,0,0,0,0,0,0,0,0,0,0,0,0,0,0,0,0,0,0,0,0,0,0,0,0,0,0,0,0,0,0,0,0,3,2,5,3,0,2,0,5,0,0,0,1,2,0,0,0,2,0,0,1,4,0,0,0,0,0,0,0,0,0,0,0,0,0,0,0,0,0,0,0,0,0,0,0,0,0,0,0,0,0,0,0,0,0,0,0,0,0,0,0,0,0,0,0,0,0,0,0,0,0,0,0,0,0,0,0,0,0,0,0,0,0,0,0,0,0,0,0,0,0,0,0,0,0,0,0,0,0,0,0,0,0,0,0,0,0,0,0,1,2,3,0,1,1,1,1,2,0,0,0,1,0,0,0,2,0,0,0,3,0,0,0,0,0,0,2,0,2,2,0,0,0,2,0,0,0,0,2,0,0,0,0,0,0,0,2,0,0,0,0,0,0,0,0,0,0,0,0,0,0,0,0,0,0,0,0,0,0,0,0,0,0,0,0,0,0,0,0,0,0,0,0,0,0,0,0,0,0,0,0,0,0,0,0,0,0,0,0,0,0,0,0,0,0,0,0,0,0,0,0,0,0,0,0,0,0,0,0,0,0,0,0,0,0,0,0,0,0,0,0,0,0,0,0,0,0,0,0,0,0,0,0,0,0,0,0,0,0,0,0,0,0,0,0,0,0,0,0,0,0,0,0,0,0,0,0,0,0,0,0,0,0,0,0,0,0,0,0,0,0,0,0,0,0,0,0,0,0,0,0,0,0,0,0,0,0,0,0,0,0,0,0,0,0,0,0,0,0,0,0,0,0,0,0,0,0,0,0,0,0,0,0,0,0,0,0,0,0,0,0,0,0,0,0,0,0,0,0,0,0,0,0,0,0,0,0,0,0,0,0,0,0,0,0,0,0,0,0,0,0,0,0,0,0,0,0,0,0,0,0,0,0,0,0,0,0,0,0,0,0,0,0,0,0,0,0,0,0,0,0,0,0,0,0,0,3,6,9,2,1,6,0,8,1,0,0,0,3,0,0,0,6,0,0,0,9,0,0,0,0,0,0,0,0,0,0,0,0,0,0,0,0,0,0,0,0,0,0,0,0,0,0,0,0,0,0,0,0,0,1,1,2,1,0,1,0,2,0,0,0,0,1,0,0,0,1,0,0,0,2,0,0,0,0,0,0,0,1,1,0,0,1,0,1,0,0,0,0,0,0,0,0,1,0,0,0,1,0,0,0,0,0,0,61,17,78,49,12,15,2,64,14,0,0,6,55,0,0,0,17,0,0,6,72,0,0,0,0,0,0
Mohawk Police Department,NY02123,2005,New York,2590,2,1,3,1,1,1,0,2,1,0,0,0,2,0,0,0,1,0,0,0,3,0,0,0,0,0,0,8,3,11,6,2,3,0,9,2,0,0,0,8,0,0,0,3,0,0,0,11,0,0,0,0,0,0,0,0,0,0,0,0,0,0,0,0,0,0,0,0,0,0,0,0,0,0,0,0,0,0,0,0,0,0,0,0,0,0,0,0,0,0,0,0,0,0,0,0,0,0,0,0,0,0,0,0,0,0,0,0,0,0,0,0,0,0,0,0,0,0,0,0,0,0,0,0,0,0,0,0,0,0,0,0,0,0,0,8,0,8,7,1,0,0,7,1,0,0,0,8,0,0,0,0,0,0,0,8,0,0,0,0,0,0,0,0,0,10,0,0,10,0,0,0,0,0,0,0,10,8,2,0,0,8,2,0,0,0,10,0,0,10,0,10,8,2,0,0,8,2,0,0,0,10,0,0,0,0,0,0,0,10,0,0,0,0,0,0,0,0,0,0,0,0,0,0,0,0,0,0,0,0,0,0,0,0,0,0,0,0,0,0,0,0,0,0,0,0,0,0,0,0,0,0,0,0,0,0,0,0,0,0,0,0,0,0,0,0,0,0,0,0,0,0,0,0,0,0,0,0,0,0,0,0,0,0,0,0,0,0,0,0,0,0,0,0,0,0,0,0,0,0,0,0,0,0,0,0,0,0,0,0,0,0,0,0,0,0,0,0,0,0,0,0,0,0,0,0,0,0,0,0,0,0,0,0,0,0,0,0,0,0,0,0,0,0,0,0,0,0,0,0,0,0,0,0,0,0,0,0,0,0,0,0,0,0,0,0,0,0,0,0,0,0,0,0,0,0,0,0,0,0,0,0,0,0,0,0,0,0,0,0,0,0,0,0,0,0,0,0,0,0,0,0,0,0,0,0,0,0,0,0,0,0,0,0,0,0,0,0,0,0,0,0,0,0,0,0,0,0,0,0,0,0,10,0,10,8,2,0,0,8,2,0,0,0,10,0,0,0,0,0,0,0,10,0,0,0,0,0,0,0,0,0,0,0,0,0,0,0,0,0,0,0,0,0,0,0,0,0,0,0,0,0,0,0,0,0,17,0,17,15,2,0,0,15,2,0,0,1,16,0,0,0,0,0,0,1,16,0,0,0,0,0,0,0,0,0,0,0,0,0,0,0,0,0,0,0,0,0,0,0,0,0,0,0,0,0,0,0,0,0,0,0,0,0,0,0,0,0,0,0,0,0,0,0,0,0,0,0,0,0,0,0,0,0,0,0,0,0,0,0,0,0,0,0,0,0,0,0,0,0,0,0,0,0,0,0,0,0,0,0,0,0,0,0,1,0,1,0,1,0,0,0,1,0,0,0,1,0,0,0,0,0,0,0,1,0,0,0,0,0,0,0,0,0,0,0,0,0,0,0,0,0,0,0,0,0,0,0,0,0,0,0,0,0,0,0,0,0,0,0,0,0,0,0,0,0,0,0,0,0,0,0,0,0,0,0,0,0,0,0,0,0,0,0,0,0,0,0,0,0,0,0,0,0,0,0,0,0,0,0,0,0,0,0,0,0,0,0,0,0,0,0,0,0,0,0,0,0,0,0,0,0,0,0,0,0,0,0,0,0,0,0,0,0,0,0,0,0,0,0,0,0,0,0,0,0,0,0,0,0,0,0,0,0,0,0,0,0,0,0,0,0,0,0,0,0,0,0,0,0,0,0,0,0,0,0,0,0,0,0,0,0,0,0,0,0,0,0,0,0,0,0,0,1,0,1,1,0,0,0,1,0,0,0,0,1,0,0,0,0,0,0,0,1,0,0,0,0,0,0,0,0,0,0,0,0,0,0,0,0,0,0,0,0,0,0,0,0,0,0,0,0,0,0,0,0,0,0,0,0,0,0,0,0,0,0,0,0,0,0,0,0,0,0,0,0,0,0,0,0,0,0,0,0,0,0,0,0,0,0,0,0,0,0,0,0,0,0,0,0,0,0,0,0,0,0,0,0,0,0,0,10,1,11,8,2,1,0,9,2,0,0,0,10,0,0,0,1,0,0,0,11,0,0,0,0,0,0,2,0,2,2,0,0,0,2,0,0,0,0,2,0,0,0,0,0,0,0,2,0,0,0,0,0,0,0,0,0,0,0,0,0,0,0,0,0,0,0,0,0,0,0,0,0,0,0,0,0,0,0,0,0,0,0,0,0,0,0,0,0,0,0,0,0,0,0,0,0,0,0,0,0,0,0,0,0,0,0,0,0,0,0,0,0,0,0,0,0,0,0,0,0,0,0,0,0,0,0,0,0,0,0,0,0,0,0,0,0,0,0,0,0,0,0,0,0,0,0,0,0,0,0,0,0,0,0,0,0,0,0,0,0,0,0,0,0,0,0,0,0,0,0,0,0,0,0,0,0,0,0,0,0,0,0,0,0,0,0,0,0,0,0,0,0,0,0,0,0,0,0,0,0,0,0,0,0,0,0,0,0,0,0,0,0,0,0,0,0,0,0,0,0,0,0,0,0,0,0,0,0,0,0,0,0,0,0,0,0,0,0,0,0,0,0,0,0,0,0,0,0,0,0,0,0,0,0,0,0,0,0,0,0,0,0,0,0,0,0,0,0,0,0,0,0,0,0,0,0,0,0,0,0,0,0,0,0,0,0,0,0,0,0,0,0,0,0,0,0,1,3,4,1,0,1,2,2,2,0,0,0,1,0,0,1,2,0,0,1,3,0,0,0,0,0,0,0,0,0,0,0,0,0,0,0,0,0,0,0,0,0,0,0,0,0,0,0,0,0,0,0,0,0,2,0,2,2,0,0,0,2,0,0,0,1,1,0,0,0,0,0,0,1,1,0,0,0,0,0,0,1,1,2,1,0,1,0,2,0,0,0,0,1,0,0,0,1,0,0,0,2,0,0,0,0,0,0,83,9,92,68,15,7,2,75,17,0,0,2,81,0,0,1,8,0,0,3,89,0,0,0,0,0,0
Mohawk Police Department,NY02123,2004,New York,2593,0,0,0,0,0,0,0,0,0,0,0,0,0,0,0,0,0,0,0,0,0,0,0,0,0,0,0,15,1,16,12,3,1,0,13,3,0,0,0,15,0,0,0,1,0,0,0,16,0,0,0,0,0,0,0,0,0,0,0,0,0,0,0,0,0,0,0,0,0,0,0,0,0,0,0,0,0,0,0,0,0,2,1,3,1,1,1,0,2,1,0,0,0,2,0,0,0,1,0,0,0,3,0,0,0,0,0,0,0,0,0,0,0,0,0,0,0,0,0,0,0,0,0,0,0,0,0,0,0,0,0,0,0,0,0,6,2,8,4,2,1,1,5,3,0,0,0,6,0,0,0,2,0,0,0,8,0,0,0,0,0,0,0,0,0,1,0,0,1,0,0,0,2,0,0,2,3,1,0,2,0,3,0,0,0,0,3,0,0,0,2,2,0,0,2,0,2,0,0,0,0,0,0,0,0,2,0,0,0,2,0,0,0,0,0,0,1,0,1,1,0,0,0,1,0,0,0,0,1,0,0,0,0,0,0,0,1,0,0,0,0,0,0,0,0,0,0,0,0,0,0,0,0,0,0,0,0,0,0,0,0,0,0,0,0,0,0,0,0,0,0,0,0,0,0,0,0,0,0,0,0,0,0,0,0,0,0,0,0,0,0,0,0,0,0,0,0,0,0,0,4,0,0,4,0,0,0,0,0,0,0,4,4,0,0,0,4,0,0,0,0,4,0,0,3,0,3,3,0,0,0,3,0,0,0,0,3,0,0,0,0,0,0,0,3,0,0,0,0,0,0,0,0,0,0,0,0,0,0,0,0,0,0,0,0,0,0,0,0,0,0,0,0,0,0,0,0,0,0,0,0,0,0,0,0,0,0,0,0,0,0,0,0,0,0,0,0,0,0,0,0,0,0,0,0,1,0,1,1,0,0,0,1,0,0,0,0,1,0,0,0,0,0,0,0,1,0,0,0,0,0,0,5,2,7,5,0,2,0,7,0,0,0,0,5,0,0,0,2,0,0,0,7,0,0,0,0,0,0,0,0,0,0,0,0,0,0,0,0,0,0,0,0,0,0,0,0,0,0,0,0,0,0,0,0,0,24,3,27,17,7,3,0,20,7,0,0,0,24,0,0,0,3,0,0,0,27,0,0,0,0,0,0,0,0,0,0,0,0,0,0,0,0,0,0,0,0,0,0,0,0,0,0,0,0,0,0,0,0,0,0,0,0,0,0,0,0,0,0,0,0,0,0,0,0,0,0,0,0,0,0,0,0,0,0,0,0,0,0,0,0,0,0,0,0,0,0,0,0,0,0,0,0,0,0,0,0,0,0,0,0,0,0,0,0,0,0,0,0,0,0,0,0,0,0,0,0,0,0,0,0,0,0,0,0,0,0,0,0,0,0,0,0,0,0,0,0,0,0,0,0,0,0,0,0,0,0,0,0,0,0,0,0,0,0,0,0,0,0,0,0,0,0,0,0,0,0,0,0,0,0,0,0,0,0,0,0,0,0,0,0,0,0,0,0,0,0,0,0,0,0,0,0,0,0,0,0,0,0,0,0,0,0,0,0,0,0,0,0,0,0,0,0,0,0,0,0,0,0,0,0,0,0,0,0,0,0,0,0,0,0,0,0,0,0,0,0,0,0,0,0,0,0,0,0,0,0,0,0,0,0,0,0,0,0,0,0,0,0,0,0,0,0,0,0,0,0,0,0,0,0,0,0,0,0,0,0,0,0,0,0,0,0,0,0,0,0,0,0,0,0,0,0,2,1,3,2,0,0,1,2,1,0,0,0,2,0,0,0,1,0,0,0,3,0,0,0,0,0,0,0,0,0,0,0,0,0,0,0,0,0,0,0,0,0,0,0,0,0,0,0,0,0,0,0,0,0,0,0,0,0,0,0,0,0,0,0,0,0,0,0,0,0,0,0,0,0,0,0,0,0,0,0,0,0,0,0,0,0,0,0,0,0,0,0,0,0,0,0,0,0,0,0,0,0,0,0,0,0,0,0,12,3,15,9,3,2,1,11,4,0,0,2,10,0,0,0,3,0,0,2,13,0,0,0,0,0,0,0,0,0,0,0,0,0,0,0,0,0,0,0,0,0,0,0,0,0,0,0,0,0,0,0,0,0,0,0,0,0,0,0,0,0,0,0,0,0,0,0,0,0,0,0,0,0,0,0,0,0,0,0,0,0,0,0,0,0,0,0,0,0,0,0,0,0,0,0,0,0,0,0,0,0,0,0,0,0,0,0,0,0,0,0,0,0,0,0,0,0,0,0,0,0,0,0,0,0,0,0,0,0,0,0,0,0,0,0,0,0,0,0,0,0,0,0,0,0,0,0,0,0,0,0,0,0,0,0,0,0,0,0,0,0,0,0,0,0,0,0,0,0,0,0,0,0,0,0,0,0,0,0,0,0,0,0,0,0,0,0,0,0,0,0,0,0,0,0,0,0,0,0,0,0,0,0,0,0,0,0,0,0,0,0,0,0,0,0,0,0,0,0,0,0,0,0,0,0,0,0,0,0,0,0,0,0,0,0,0,0,0,0,0,0,0,0,0,0,0,0,0,0,0,0,0,0,0,0,0,0,0,0,0,0,0,0,0,0,0,0,0,0,0,0,0,0,0,0,0,0,0,0,0,0,0,0,0,0,0,0,0,0,0,0,0,0,0,0,0,2,0,2,0,2,0,0,0,2,0,0,0,2,0,0,0,0,0,0,0,2,0,0,0,0,0,0,0,0,0,0,0,0,0,0,0,0,0,0,0,0,0,0,0,0,0,0,0,0,0,0,0,0,0,1,0,1,0,1,0,0,0,1,0,0,0,1,0,0,0,0,0,0,0,1,0,0,0,0,0,0,0,0,0,0,0,0,0,0,0,0,0,0,0,0,0,0,0,0,0,0,0,0,0,0,0,0,0,79,17,96,60,19,14,3,74,22,0,0,2,77,0,0,0,17,0,0,2,94,0,0,0,0,0,0
Mohawk Police Department,NY02123,2003,New York,,,,,,,,,,,,,,,,,,,,,,,,,,,,,,,,,,,,,,,,,,,,,,,,,,,,,,,,,,,,,,,,,,,,,,,,,,,,,,,,,,,,,,,,,,,,,,,,,,,,,,,,,,,,,,,,,,,,,,,,,,,,,,,,,,,,,,,,,,,,,,,,,,,,,,,,,,,,,,,,,,,,,,,,,,,,,,,,,,,,,,,,,,,,,,,,,,,,,,,,,,,,,,,,,,,,,,,,,,,,,,,,,,,,,,,,,,,,,,,,,,,,,,,,,,,,,,,,,,,,,,,,,,,,,,,,,,,,,,,,,,,,,,,,,,,,,,,,,,,,,,,,,,,,,,,,,,,,,,,,,,,,,,,,,,,,,,,,,,,,,,,,,,,,,,,,,,,,,,,,,,,,,,,,,,,,,,,,,,,,,,,,,,,,,,,,,,,,,,,,,,,,,,,,,,,,,,,,,,,,,,,,,,,,,,,,,,,,,,,,,,,,,,,,,,,,,,,,,,,,,,,,,,,,,,,,,,,,,,,,,,,,,,,,,,,,,,,,,,,,,,,,,,,,,,,,,,,,,,,,,,,,,,,,,,,,,,,,,,,,,,,,,,,,,,,,,,,,,,,,,,,,,,,,,,,,,,,,,,,,,,,,,,,,,,,,,,,,,,,,,,,,,,,,,,,,,,,,,,,,,,,,,,,,,,,,,,,,,,,,,,,,,,,,,,,,,,,,,,,,,,,,,,,,,,,,,,,,,,,,,,,,,,,,,,,,,,,,,,,,,,,,,,,,,,,,,,,,,,,,,,,,,,,,,,,,,,,,,,,,,,,,,,,,,,,,,,,,,,,,,,,,,,,,,,,,,,,,,,,,,,,,,,,,,,,,,,,,,,,,,,,,,,,,,,,,,,,,,,,,,,,,,,,,,,,,,,,,,,,,,,,,,,,,,,,,,,,,,,,,,,,,,,,,,,,,,,,,,,,,,,,,,,,,,,,,,,,,,,,,,,,,,,,,,,,,,,,,,,,,,,,,,,,,,,,,,,,,,,,,,,,,,,,,,,,,,,,,,,,,,,,,,,,,,,,,,,,,,,,,,,,,,,,,,,,,,,,,,,,,,,,,,,,,,,,,,,,,,,,,,,,,,,,,,,,,,,,,,,,,,,,,,,,,,,,,,,,,,,,,,,,,,,,,,,,,,,,,,,,,,,,,,,,,,,,,,,,,,,,,,,,,,,,,,,,,,,,,,,,,,,,,,,,,,,,,,,,,,,,,,,,,,,,,,,,,,,,,,,,,,,,,,,,,,,,,,,,,,,,,,,,,,,,,,,,,,,,,,,,,,,,,,,,,,,,,,,,,,,,,,,,,,,,,,,,,,,,,,,,,,,,,,,,,,,,,,,,,,,,,,,,,,,,,,,,,,,,,,,,,,,,,,,,,,,,,,,,,,,,,,,,,,,,,,,,,,,,,,,,,,,,,
Mohawk Police Department,NY02123,2002,New York,,,,,,,,,,,,,,,,,,,,,,,,,,,,,,,,,,,,,,,,,,,,,,,,,,,,,,,,,,,,,,,,,,,,,,,,,,,,,,,,,,,,,,,,,,,,,,,,,,,,,,,,,,,,,,,,,,,,,,,,,,,,,,,,,,,,,,,,,,,,,,,,,,,,,,,,,,,,,,,,,,,,,,,,,,,,,,,,,,,,,,,,,,,,,,,,,,,,,,,,,,,,,,,,,,,,,,,,,,,,,,,,,,,,,,,,,,,,,,,,,,,,,,,,,,,,,,,,,,,,,,,,,,,,,,,,,,,,,,,,,,,,,,,,,,,,,,,,,,,,,,,,,,,,,,,,,,,,,,,,,,,,,,,,,,,,,,,,,,,,,,,,,,,,,,,,,,,,,,,,,,,,,,,,,,,,,,,,,,,,,,,,,,,,,,,,,,,,,,,,,,,,,,,,,,,,,,,,,,,,,,,,,,,,,,,,,,,,,,,,,,,,,,,,,,,,,,,,,,,,,,,,,,,,,,,,,,,,,,,,,,,,,,,,,,,,,,,,,,,,,,,,,,,,,,,,,,,,,,,,,,,,,,,,,,,,,,,,,,,,,,,,,,,,,,,,,,,,,,,,,,,,,,,,,,,,,,,,,,,,,,,,,,,,,,,,,,,,,,,,,,,,,,,,,,,,,,,,,,,,,,,,,,,,,,,,,,,,,,,,,,,,,,,,,,,,,,,,,,,,,,,,,,,,,,,,,,,,,,,,,,,,,,,,,,,,,,,,,,,,,,,,,,,,,,,,,,,,,,,,,,,,,,,,,,,,,,,,,,,,,,,,,,,,,,,,,,,,,,,,,,,,,,,,,,,,,,,,,,,,,,,,,,,,,,,,,,,,,,,,,,,,,,,,,,,,,,,,,,,,,,,,,,,,,,,,,,,,,,,,,,,,,,,,,,,,,,,,,,,,,,,,,,,,,,,,,,,,,,,,,,,,,,,,,,,,,,,,,,,,,,,,,,,,,,,,,,,,,,,,,,,,,,,,,,,,,,,,,,,,,,,,,,,,,,,,,,,,,,,,,,,,,,,,,,,,,,,,,,,,,,,,,,,,,,,,,,,,,,,,,,,,,,,,,,,,,,,,,,,,,,,,,,,,,,,,,,,,,,,,,,,,,,,,,,,,,,,,,,,,,,,,,,,,,,,,,,,,,,,,,,,,,,,,,,,,,,,,,,,,,,,,,,,,,,,,,,,,,,,,,,,,,,,,,,,,,,,,,,,,,,,,,,,,,,,,,,,,,,,,,,,,,,,,,,,,,,,,,,,,,,,,,,,,,,,,,,,,,,,,,,,,,,,,,,,,,,,,,,,,,,,,,,,,,,,,,,,,,,,,,,,,,,,,,,,,,,,,,,,,,,,,,,,,,,,,,,,,,,,,,,,,,,,,,,,,,,,,,,,,,,,,,,,,,,,,,,,,,,,,,,,,
Mohawk Police Department,NY02123,2001,New York,2665,0,0,0,0,0,0,0,0,0,0,0,0,0,0,0,0,0,0,0,0,0,0,0,0,0,0,0,22,12,34,16,6,11,1,27,7,0,0,0,22,0,0,0,12,0,0,0,34,0,0,0,0,0,0,0,0,0,0,0,0,0,0,0,0,0,0,0,0,0,0,0,0,0,0,0,0,0,0,0,0,0,3,1,4,3,0,1,0,4,0,0,0,0,3,0,0,0,1,0,0,0,4,0,0,0,0,0,0,0,0,0,0,0,0,0,0,0,0,0,0,0,0,0,0,0,0,0,0,0,0,0,0,0,0,0,10,1,11,9,1,1,0,10,1,0,0,0,10,0,0,0,1,0,0,0,11,0,0,0,0,0,0,0,0,0,3,0,0,3,0,0,0,2,0,0,2,5,1,2,1,1,2,3,0,0,0,5,0,0,3,2,5,1,2,1,1,2,3,0,0,0,3,0,0,0,2,0,0,0,5,0,0,0,0,0,0,0,0,0,0,0,0,0,0,0,0,0,0,0,0,0,0,0,0,0,0,0,0,0,0,0,0,0,0,0,0,0,0,0,0,0,0,0,0,0,0,0,0,0,0,0,0,0,0,0,0,0,0,0,0,0,0,0,0,0,0,0,0,0,0,0,0,0,0,0,0,0,0,0,0,0,0,0,0,0,0,0,0,0,0,4,0,0,4,0,0,0,1,0,0,1,5,3,1,0,1,3,2,0,0,0,5,0,0,2,1,3,2,0,0,1,2,1,0,0,0,2,0,0,0,1,0,0,0,3,0,0,0,0,0,0,2,0,2,1,1,0,0,1,1,0,0,0,2,0,0,0,0,0,0,0,2,0,0,0,0,0,0,0,0,0,0,0,0,0,0,0,0,0,0,0,0,0,0,0,0,0,0,0,0,0,0,0,0,0,0,0,0,0,0,0,0,0,0,0,0,0,0,0,0,0,0,0,0,0,0,0,0,0,0,0,0,7,3,10,4,3,1,2,5,5,0,0,0,7,0,0,0,3,0,0,0,10,0,0,0,0,0,0,0,0,0,0,0,0,0,0,0,0,0,0,0,0,0,0,0,0,0,0,0,0,0,0,0,0,0,12,2,14,10,2,2,0,12,2,0,0,0,12,0,0,0,2,0,0,0,14,0,0,0,0,0,0,0,0,0,0,0,0,0,0,0,0,0,0,0,0,0,0,0,0,0,0,0,0,0,0,0,0,0,0,0,0,0,0,0,0,0,0,0,0,0,0,0,0,0,0,0,0,0,0,0,0,0,0,0,0,1,0,1,0,1,0,0,0,1,0,0,0,1,0,0,0,0,0,0,0,1,0,0,0,0,0,0,4,0,4,4,0,0,0,4,0,0,0,0,4,0,0,0,0,0,0,0,4,0,0,0,0,0,0,0,0,0,0,0,0,0,0,0,0,0,0,0,0,0,0,0,0,0,0,0,0,0,0,0,0,0,0,0,0,0,0,0,0,0,0,0,0,0,0,0,0,0,0,0,0,0,0,0,0,0,0,0,0,0,0,0,0,0,0,0,0,0,0,0,0,0,0,0,0,0,0,0,0,0,0,0,0,0,0,0,0,0,0,0,0,0,0,0,0,0,0,0,0,0,0,0,0,0,0,0,0,0,0,0,0,0,0,0,0,0,0,0,0,0,0,0,0,0,0,0,0,0,0,0,0,0,0,0,0,0,0,0,0,0,0,0,0,0,0,0,0,0,0,0,0,0,0,0,0,0,0,0,0,0,0,0,0,0,0,0,0,2,6,8,2,0,6,0,8,0,0,0,0,2,0,0,0,6,0,0,0,8,0,0,0,0,0,0,0,0,0,0,0,0,0,0,0,0,0,0,0,0,0,0,0,0,0,0,0,0,0,0,0,0,0,0,0,0,0,0,0,0,0,0,0,0,0,0,0,0,0,0,0,0,0,0,0,0,0,0,0,0,0,0,0,0,0,0,0,0,0,0,0,0,0,0,0,0,0,0,0,0,0,0,0,0,0,0,0,18,7,25,15,3,7,0,22,3,0,0,0,18,0,0,0,7,0,0,0,25,0,0,0,0,0,0,0,2,2,0,0,2,0,2,0,0,0,0,0,0,0,0,2,0,0,0,2,0,0,0,0,0,0,0,0,0,0,0,0,0,0,0,0,0,0,0,0,0,0,0,0,0,0,0,0,0,0,0,0,0,0,0,0,0,0,0,0,0,0,0,0,0,0,0,0,0,0,0,0,0,0,0,0,0,0,0,0,0,0,0,0,0,0,0,0,0,0,0,0,0,0,0,0,0,0,0,0,0,0,0,0,0,0,0,0,0,0,0,0,0,0,0,0,0,0,0,0,0,0,0,0,0,0,0,0,0,0,0,0,0,0,0,0,0,0,0,0,0,0,0,0,0,0,0,0,0,0,0,0,0,0,0,0,0,0,0,0,0,0,0,0,0,0,0,0,0,0,0,0,0,0,0,0,0,0,0,0,0,0,0,0,0,0,0,0,0,0,0,0,0,0,0,0,0,0,0,0,0,0,0,0,0,0,0,0,0,0,0,0,0,0,0,0,0,0,0,0,0,0,0,0,0,0,0,0,0,0,0,0,0,0,0,0,0,0,0,0,0,0,0,0,0,0,0,0,0,0,0,0,0,0,0,0,0,0,0,0,0,0,0,0,0,0,0,0,0,10,2,12,8,2,2,0,10,2,0,0,0,10,0,0,0,2,0,0,0,12,0,0,0,0,0,0,0,0,0,0,0,0,0,0,0,0,0,0,0,0,0,0,0,0,0,0,0,0,0,0,0,0,0,5,2,7,4,1,2,0,6,1,0,0,0,5,0,0,0,2,0,0,0,7,0,0,0,0,0,0,0,0,0,0,0,0,0,0,0,0,0,0,0,0,0,0,0,0,0,0,0,0,0,0,0,0,0,108,44,152,83,25,37,7,120,32,0,0,0,108,0,0,0,44,0,0,0,152,0,0,0,0,0,0
Mohawk Police Department,NY02123,2000,New York,,,,,,,,,,,,,,,,,,,,,,,,,,,,,,,,,,,,,,,,,,,,,,,,,,,,,,,,,,,,,,,,,,,,,,,,,,,,,,,,,,,,,,,,,,,,,,,,,,,,,,,,,,,,,,,,,,,,,,,,,,,,,,,,,,,,,,,,,,,,,,,,,,,,,,,,,,,,,,,,,,,,,,,,,,,,,,,,,,,,,,,,,,,,,,,,,,,,,,,,,,,,,,,,,,,,,,,,,,,,,,,,,,,,,,,,,,,,,,,,,,,,,,,,,,,,,,,,,,,,,,,,,,,,,,,,,,,,,,,,,,,,,,,,,,,,,,,,,,,,,,,,,,,,,,,,,,,,,,,,,,,,,,,,,,,,,,,,,,,,,,,,,,,,,,,,,,,,,,,,,,,,,,,,,,,,,,,,,,,,,,,,,,,,,,,,,,,,,,,,,,,,,,,,,,,,,,,,,,,,,,,,,,,,,,,,,,,,,,,,,,,,,,,,,,,,,,,,,,,,,,,,,,,,,,,,,,,,,,,,,,,,,,,,,,,,,,,,,,,,,,,,,,,,,,,,,,,,,,,,,,,,,,,,,,,,,,,,,,,,,,,,,,,,,,,,,,,,,,,,,,,,,,,,,,,,,,,,,,,,,,,,,,,,,,,,,,,,,,,,,,,,,,,,,,,,,,,,,,,,,,,,,,,,,,,,,,,,,,,,,,,,,,,,,,,,,,,,,,,,,,,,,,,,,,,,,,,,,,,,,,,,,,,,,,,,,,,,,,,,,,,,,,,,,,,,,,,,,,,,,,,,,,,,,,,,,,,,,,,,,,,,,,,,,,,,,,,,,,,,,,,,,,,,,,,,,,,,,,,,,,,,,,,,,,,,,,,,,,,,,,,,,,,,,,,,,,,,,,,,,,,,,,,,,,,,,,,,,,,,,,,,,,,,,,,,,,,,,,,,,,,,,,,,,,,,,,,,,,,,,,,,,,,,,,,,,,,,,,,,,,,,,,,,,,,,,,,,,,,,,,,,,,,,,,,,,,,,,,,,,,,,,,,,,,,,,,,,,,,,,,,,,,,,,,,,,,,,,,,,,,,,,,,,,,,,,,,,,,,,,,,,,,,,,,,,,,,,,,,,,,,,,,,,,,,,,,,,,,,,,,,,,,,,,,,,,,,,,,,,,,,,,,,,,,,,,,,,,,,,,,,,,,,,,,,,,,,,,,,,,,,,,,,,,,,,,,,,,,,,,,,,,,,,,,,,,,,,,,,,,,,,,,,,,,,,,,,,,,,,,,,,,,,,,,,,,,,,,,,,,,,,,,,,,,,,,,,,,,,,,,,,,,,,,,,,,,,,,,,,,,,,,,,,,,,,,,,,,,,,,,,,,,,,,,,,,,,,,,,,,,,,,,,,,,,,,,,,,,,,,,,,,,,,,,,,,,,,,,,,,,,,,,,,,,,,,,,,,,,,,,,,
Mohawk Police Department,NY02123,1999,New York,,,,,,,,,,,,,,,,,,,,,,,,,,,,,,,,,,,,,,,,,,,,,,,,,,,,,,,,,,,,,,,,,,,,,,,,,,,,,,,,,,,,,,,,,,,,,,,,,,,,,,,,,,,,,,,,,,,,,,,,,,,,,,,,,,,,,,,,,,,,,,,,,,,,,,,,,,,,,,,,,,,,,,,,,,,,,,,,,,,,,,,,,,,,,,,,,,,,,,,,,,,,,,,,,,,,,,,,,,,,,,,,,,,,,,,,,,,,,,,,,,,,,,,,,,,,,,,,,,,,,,,,,,,,,,,,,,,,,,,,,,,,,,,,,,,,,,,,,,,,,,,,,,,,,,,,,,,,,,,,,,,,,,,,,,,,,,,,,,,,,,,,,,,,,,,,,,,,,,,,,,,,,,,,,,,,,,,,,,,,,,,,,,,,,,,,,,,,,,,,,,,,,,,,,,,,,,,,,,,,,,,,,,,,,,,,,,,,,,,,,,,,,,,,,,,,,,,,,,,,,,,,,,,,,,,,,,,,,,,,,,,,,,,,,,,,,,,,,,,,,,,,,,,,,,,,,,,,,,,,,,,,,,,,,,,,,,,,,,,,,,,,,,,,,,,,,,,,,,,,,,,,,,,,,,,,,,,,,,,,,,,,,,,,,,,,,,,,,,,,,,,,,,,,,,,,,,,,,,,,,,,,,,,,,,,,,,,,,,,,,,,,,,,,,,,,,,,,,,,,,,,,,,,,,,,,,,,,,,,,,,,,,,,,,,,,,,,,,,,,,,,,,,,,,,,,,,,,,,,,,,,,,,,,,,,,,,,,,,,,,,,,,,,,,,,,,,,,,,,,,,,,,,,,,,,,,,,,,,,,,,,,,,,,,,,,,,,,,,,,,,,,,,,,,,,,,,,,,,,,,,,,,,,,,,,,,,,,,,,,,,,,,,,,,,,,,,,,,,,,,,,,,,,,,,,,,,,,,,,,,,,,,,,,,,,,,,,,,,,,,,,,,,,,,,,,,,,,,,,,,,,,,,,,,,,,,,,,,,,,,,,,,,,,,,,,,,,,,,,,,,,,,,,,,,,,,,,,,,,,,,,,,,,,,,,,,,,,,,,,,,,,,,,,,,,,,,,,,,,,,,,,,,,,,,,,,,,,,,,,,,,,,,,,,,,,,,,,,,,,,,,,,,,,,,,,,,,,,,,,,,,,,,,,,,,,,,,,,,,,,,,,,,,,,,,,,,,,,,,,,,,,,,,,,,,,,,,,,,,,,,,,,,,,,,,,,,,,,,,,,,,,,,,,,,,,,,,,,,,,,,,,,,,,,,,,,,,,,,,,,,,,,,,,,,,,,,,,,,,,,,,,,,,,,,,,,,,,,,,,,,,,,,,,,,,,,,,,,,,,,,,,,,,,,,,,,,,,,,,,,,,,,,,,,,,,,,,,,,,,,,,,,,,,,,,,,,,,,,,,,,,,
Mohawk Police Department,NY02123,1998,New York,2828,0,0,0,0,0,0,0,0,0,0,0,0,0,0,0,0,0,0,0,0,0,0,0,0,0,0,0,18,8,26,13,5,7,1,20,6,0,0,0,18,0,0,0,9,0,0,0,27,0,0,0,0,0,0,0,0,0,0,0,0,0,0,0,0,0,0,0,0,0,0,0,0,0,0,0,0,0,0,0,0,0,4,1,5,4,0,1,0,5,0,0,0,0,4,0,0,0,1,0,0,0,5,0,0,0,0,0,0,0,0,0,0,0,0,0,0,0,0,0,0,0,0,0,0,0,0,0,0,0,0,0,0,0,0,0,5,3,8,3,2,3,0,6,2,0,0,0,5,0,0,0,3,0,0,0,8,0,0,0,0,0,0,0,0,0,2,0,0,2,0,0,0,2,0,0,2,4,2,0,2,0,4,0,0,0,0,4,0,0,2,1,3,2,0,1,0,3,0,0,0,0,2,0,0,0,1,0,0,0,3,0,0,0,0,0,0,0,0,0,0,0,0,0,0,0,0,0,0,0,0,0,0,0,0,0,0,0,0,0,0,0,0,0,0,1,1,0,0,1,0,1,0,0,0,0,0,0,0,0,1,0,0,0,1,0,0,0,0,0,0,0,0,0,0,0,0,0,0,0,0,0,0,0,0,0,0,0,0,0,0,0,0,0,0,0,0,0,0,0,0,9,0,0,9,0,0,0,2,0,0,2,11,8,1,2,0,10,1,0,0,0,11,0,0,7,2,9,6,1,2,0,8,1,0,0,0,7,0,0,0,2,0,0,0,9,0,0,0,0,0,0,0,0,0,0,0,0,0,0,0,0,0,0,0,0,0,0,0,0,0,0,0,0,0,0,0,0,0,2,0,2,2,0,0,0,2,0,0,0,0,2,0,0,0,0,0,0,0,2,0,0,0,0,0,0,0,0,0,0,0,0,0,0,0,0,0,0,0,0,0,0,0,0,0,0,0,0,0,0,0,0,0,11,4,15,10,1,4,0,14,1,0,0,0,11,0,0,0,4,0,0,0,15,0,0,0,0,0,0,0,0,0,0,0,0,0,0,0,0,0,0,0,0,0,0,0,0,0,0,0,0,0,0,0,0,0,43,2,45,35,8,2,0,37,8,0,0,0,43,0,0,0,2,0,0,0,45,0,0,0,0,0,0,1,0,1,1,0,0,0,1,0,0,0,0,1,0,0,0,0,0,0,0,1,0,0,0,0,0,0,0,0,0,0,0,0,0,0,0,0,0,0,0,0,0,0,0,0,0,0,0,0,0,0,0,0,0,0,1,1,0,0,0,1,0,1,0,0,0,0,0,0,0,1,0,0,0,1,0,0,0,0,0,0,1,0,1,0,1,0,0,0,1,0,0,0,1,0,0,0,0,0,0,0,1,0,0,0,0,0,0,0,0,0,0,0,0,0,0,0,0,0,0,0,0,0,0,0,0,0,0,0,0,0,0,0,0,0,0,0,0,0,0,0,0,0,0,0,0,0,0,0,0,0,0,0,0,0,0,0,0,0,0,0,0,0,0,0,0,0,0,0,0,0,0,0,0,0,0,0,0,0,0,0,0,0,0,0,0,0,0,0,0,0,0,0,0,0,0,0,0,0,0,0,0,0,0,0,0,0,0,0,0,0,0,0,0,0,0,0,0,0,0,0,0,0,0,0,0,0,0,0,0,0,0,0,0,0,0,0,0,0,0,0,0,0,0,0,0,0,0,0,0,0,0,0,0,0,0,0,0,0,0,0,0,0,0,0,0,0,0,0,0,8,5,13,8,0,4,1,12,1,0,0,0,8,0,0,0,5,0,0,0,13,0,0,0,0,0,0,0,0,0,0,0,0,0,0,0,0,0,0,0,0,0,0,0,0,0,0,0,0,0,0,0,0,0,0,0,0,0,0,0,0,0,0,0,0,0,0,0,0,0,0,0,0,0,0,0,0,0,0,0,0,0,0,0,0,0,0,0,0,0,0,0,0,0,0,0,0,0,0,0,0,0,0,0,0,0,0,0,17,21,38,13,4,8,13,21,17,0,0,0,17,0,0,0,21,0,0,0,38,0,0,0,0,0,0,1,0,1,1,0,0,0,1,0,0,0,0,1,0,0,0,0,0,0,0,1,0,0,0,0,0,0,0,0,0,0,0,0,0,0,0,0,0,0,0,0,0,0,0,0,0,0,0,0,0,0,0,0,0,0,0,0,0,0,0,0,0,0,0,0,0,0,0,0,0,0,0,0,0,0,0,0,0,0,0,0,0,0,0,0,0,0,0,0,0,0,0,0,0,0,0,0,0,0,0,0,0,0,0,0,0,0,0,0,0,0,0,0,0,0,0,0,0,0,0,0,0,0,0,0,0,0,0,0,0,0,0,0,0,0,0,0,0,0,0,0,0,0,0,0,0,0,0,0,0,0,0,0,0,0,0,0,0,0,0,0,0,0,0,0,0,0,0,0,0,0,0,0,0,0,0,0,0,0,0,0,0,0,0,0,0,0,0,0,0,0,0,0,0,0,0,0,0,0,0,0,0,0,0,0,0,0,0,0,0,0,0,0,0,0,0,4,5,9,3,1,3,2,6,3,0,0,0,4,0,0,0,5,0,0,0,9,0,0,0,0,0,0,0,0,0,0,0,0,0,0,0,0,0,0,0,0,0,0,0,0,0,0,0,0,0,0,0,0,0,13,14,27,10,3,11,3,21,6,0,0,0,13,0,0,0,14,0,0,0,27,0,0,0,0,0,0,0,0,0,0,0,0,0,0,0,0,0,0,0,0,0,0,0,0,0,0,0,0,0,0,0,0,0,7,4,11,7,0,3,1,10,1,0,0,0,7,0,0,0,6,0,0,0,13,0,0,0,0,0,0,1,1,2,1,0,1,0,2,0,0,0,0,1,0,0,0,1,0,0,0,2,0,0,0,0,0,0,156,77,233,129,27,55,22,184,49,0,0,0,156,0,0,0,80,0,0,0,236,0,0,0,0,0,0
Mohawk Police Department,NY02123,1997,New York,,,,,,,,,,,,,,,,,,,,,,,,,,,,,,,,,,,,,,,,,,,,,,,,,,,,,,,,,,,,,,,,,,,,,,,,,,,,,,,,,,,,,,,,,,,,,,,,,,,,,,,,,,,,,,,,,,,,,,,,,,,,,,,,,,,,,,,,,,,,,,,,,,,,,,,,,,,,,,,,,,,,,,,,,,,,,,,,,,,,,,,,,,,,,,,,,,,,,,,,,,,,,,,,,,,,,,,,,,,,,,,,,,,,,,,,,,,,,,,,,,,,,,,,,,,,,,,,,,,,,,,,,,,,,,,,,,,,,,,,,,,,,,,,,,,,,,,,,,,,,,,,,,,,,,,,,,,,,,,,,,,,,,,,,,,,,,,,,,,,,,,,,,,,,,,,,,,,,,,,,,,,,,,,,,,,,,,,,,,,,,,,,,,,,,,,,,,,,,,,,,,,,,,,,,,,,,,,,,,,,,,,,,,,,,,,,,,,,,,,,,,,,,,,,,,,,,,,,,,,,,,,,,,,,,,,,,,,,,,,,,,,,,,,,,,,,,,,,,,,,,,,,,,,,,,,,,,,,,,,,,,,,,,,,,,,,,,,,,,,,,,,,,,,,,,,,,,,,,,,,,,,,,,,,,,,,,,,,,,,,,,,,,,,,,,,,,,,,,,,,,,,,,,,,,,,,,,,,,,,,,,,,,,,,,,,,,,,,,,,,,,,,,,,,,,,,,,,,,,,,,,,,,,,,,,,,,,,,,,,,,,,,,,,,,,,,,,,,,,,,,,,,,,,,,,,,,,,,,,,,,,,,,,,,,,,,,,,,,,,,,,,,,,,,,,,,,,,,,,,,,,,,,,,,,,,,,,,,,,,,,,,,,,,,,,,,,,,,,,,,,,,,,,,,,,,,,,,,,,,,,,,,,,,,,,,,,,,,,,,,,,,,,,,,,,,,,,,,,,,,,,,,,,,,,,,,,,,,,,,,,,,,,,,,,,,,,,,,,,,,,,,,,,,,,,,,,,,,,,,,,,,,,,,,,,,,,,,,,,,,,,,,,,,,,,,,,,,,,,,,,,,,,,,,,,,,,,,,,,,,,,,,,,,,,,,,,,,,,,,,,,,,,,,,,,,,,,,,,,,,,,,,,,,,,,,,,,,,,,,,,,,,,,,,,,,,,,,,,,,,,,,,,,,,,,,,,,,,,,,,,,,,,,,,,,,,,,,,,,,,,,,,,,,,,,,,,,,,,,,,,,,,,,,,,,,,,,,,,,,,,,,,,,,,,,,,,,,,,,,,,,,,,,,,,,,,,,,,,,,,,,,,,,,,,,,,,,,,,,,,,,,,,,,,,,,,,,,,,,,,,,,,,,,,,,,,,,,,,,,,,,,,,,,,,,,,,,,,,,,,,,,,,,,,,,,,,,,,,,,,,,,,,,,,,,,,,,,,,,,,,,,,,,,,,,,,,,,,,,,,,,,
Mohawk Police Department,NY02123,1996,New York,3094,0,0,0,0,0,0,0,0,0,0,0,0,0,0,0,0,0,0,0,0,0,0,0,0,0,0,0,20,6,26,18,2,6,0,24,2,0,0,0,20,0,0,0,6,0,0,0,26,0,0,0,0,0,0,0,0,0,0,0,0,0,0,0,0,0,0,0,0,0,0,0,0,0,0,0,0,0,0,0,0,0,5,2,7,5,0,2,0,7,0,0,0,0,5,0,0,0,2,0,0,0,7,0,0,0,0,0,0,0,0,0,0,0,0,0,0,0,0,0,0,0,0,0,0,0,0,0,0,0,0,0,0,0,0,0,17,2,19,12,5,1,1,13,6,0,0,0,17,0,0,0,2,0,0,0,19,0,0,0,0,0,0,0,0,0,1,0,0,1,0,0,0,0,0,0,0,1,1,0,0,0,1,0,0,0,0,1,0,0,1,0,1,1,0,0,0,1,0,0,0,0,1,0,0,0,0,0,0,0,1,0,0,0,0,0,0,0,0,0,0,0,0,0,0,0,0,0,0,0,0,0,0,0,0,0,0,0,0,0,0,0,0,0,0,0,0,0,0,0,0,0,0,0,0,0,0,0,0,0,0,0,0,0,0,0,0,0,0,0,0,0,0,0,0,0,0,0,0,0,0,0,0,0,0,0,0,0,0,0,0,0,0,0,0,0,0,0,0,0,0,1,0,0,1,0,0,0,0,0,0,0,1,1,0,0,0,1,0,0,0,0,1,0,0,1,0,1,1,0,0,0,1,0,0,0,0,1,0,0,0,0,0,0,0,1,0,0,0,0,0,0,0,0,0,0,0,0,0,0,0,0,0,0,0,0,0,0,0,0,0,0,0,0,0,0,0,0,0,0,0,0,0,0,0,0,0,0,0,0,0,0,0,0,0,0,0,0,0,0,0,0,0,0,0,0,0,0,0,0,0,0,0,0,0,0,0,0,0,0,0,0,0,0,0,0,0,0,0,0,0,0,0,2,0,2,2,0,0,0,2,0,0,0,0,2,0,0,0,0,0,0,0,2,0,0,0,0,0,0,0,0,0,0,0,0,0,0,0,0,0,0,0,0,0,0,0,0,0,0,0,0,0,0,0,0,0,20,0,20,18,2,0,0,18,2,0,0,0,20,0,0,0,0,0,0,0,20,0,0,0,0,0,0,0,0,0,0,0,0,0,0,0,0,0,0,0,0,0,0,0,0,0,0,0,0,0,0,0,0,0,0,0,0,0,0,0,0,0,0,0,0,0,0,0,0,0,0,0,0,0,0,0,0,0,0,0,0,0,1,1,0,0,1,0,1,0,0,0,0,0,0,0,0,1,0,0,0,1,0,0,0,0,0,0,8,0,8,6,2,0,0,6,2,0,0,0,8,0,0,0,0,0,0,0,8,0,0,0,0,0,0,0,0,0,0,0,0,0,0,0,0,0,0,0,0,0,0,0,0,0,0,0,0,0,0,0,0,0,0,0,0,0,0,0,0,0,0,0,0,0,0,0,0,0,0,0,0,0,0,0,0,0,0,0,0,0,0,0,0,0,0,0,0,0,0,0,0,0,0,0,0,0,0,0,0,0,0,0,0,0,0,0,0,0,0,0,0,0,0,0,0,0,0,0,0,0,0,0,0,0,0,0,0,0,0,0,0,0,0,0,0,0,0,0,0,0,0,0,0,0,0,0,0,0,0,0,0,0,0,0,0,0,0,0,0,0,0,0,0,0,0,0,0,0,0,0,0,0,0,0,0,0,0,0,0,0,0,0,0,0,0,0,0,7,3,10,6,1,3,0,9,1,0,0,0,7,0,0,0,3,0,0,0,10,0,0,0,0,0,0,0,0,0,0,0,0,0,0,0,0,0,0,0,0,0,0,0,0,0,0,0,0,0,0,0,0,0,0,0,0,0,0,0,0,0,0,0,0,0,0,0,0,0,0,0,0,0,0,0,0,0,0,0,0,0,0,0,0,0,0,0,0,0,0,0,0,0,0,0,0,0,0,0,0,0,0,0,0,0,0,0,24,3,27,19,5,3,0,22,5,0,0,0,24,0,0,0,3,0,0,0,27,0,0,0,0,0,0,2,0,2,2,0,0,0,2,0,0,0,0,2,0,0,0,0,0,0,0,2,0,0,0,0,0,0,0,0,0,0,0,0,0,0,0,0,0,0,0,0,0,0,0,0,0,0,0,0,0,0,0,0,0,0,0,0,0,0,0,0,0,0,0,0,0,0,0,0,0,0,0,0,0,0,0,0,0,0,0,0,0,0,0,0,0,0,0,0,0,0,0,0,0,0,0,0,0,0,0,0,0,0,0,0,0,0,0,0,0,0,0,0,0,0,0,0,0,0,0,0,0,0,0,0,0,0,0,0,0,0,0,0,0,0,0,0,0,0,0,0,0,0,0,0,0,0,0,0,0,0,0,0,0,0,0,0,0,0,0,0,0,0,0,0,0,0,0,0,0,0,0,0,0,0,0,0,0,0,0,0,0,0,0,0,0,0,0,0,0,3,3,0,0,2,1,2,1,0,0,0,0,0,0,0,3,0,0,0,3,0,0,0,0,0,0,6,2,8,5,1,2,0,7,1,0,0,0,6,0,0,0,2,0,0,0,8,0,0,0,0,0,0,0,0,0,0,0,0,0,0,0,0,0,0,0,0,0,0,0,0,0,0,0,0,0,0,0,0,0,7,6,13,6,1,6,0,12,1,0,0,0,7,0,0,0,7,0,0,0,14,0,0,0,0,0,0,0,0,0,0,0,0,0,0,0,0,0,0,0,0,0,0,0,0,0,0,0,0,0,0,0,0,0,3,4,7,2,1,3,1,5,2,0,0,0,3,0,0,0,6,0,0,0,9,0,0,0,0,0,0,0,1,1,0,0,1,0,1,0,0,0,0,0,0,0,0,1,0,0,0,1,0,0,0,0,0,0,125,33,158,105,20,30,3,135,23,0,0,0,125,0,0,0,36,0,0,0,161,0,0,0,0,0,0
Mohawk Police Department,NY02123,1995,New York,3086,1,0,1,1,0,0,0,1,0,0,0,0,1,0,0,0,0,0,0,0,1,0,0,0,0,0,0,22,10,32,19,3,7,3,26,6,0,0,0,22,0,0,0,10,0,0,0,32,0,0,0,0,0,0,0,0,0,0,0,0,0,0,0,0,0,0,0,0,0,0,0,0,0,0,0,0,0,0,0,0,0,1,0,1,1,0,0,0,1,0,0,0,0,1,0,0,0,1,0,0,0,2,0,0,0,0,0,0,0,0,0,0,0,0,0,0,0,0,0,0,0,0,0,0,0,0,0,0,0,0,0,0,0,0,0,16,4,20,16,0,2,2,18,2,0,0,0,16,0,0,0,4,0,0,0,20,0,0,0,0,0,0,0,0,1,8,0,0,9,0,0,0,0,0,0,0,9,6,3,0,0,6,3,0,0,1,8,0,0,9,0,9,6,3,0,0,6,3,0,0,1,8,0,0,0,0,0,0,1,8,0,0,0,0,0,0,0,0,0,0,0,0,0,0,0,0,0,0,0,0,0,0,0,0,0,0,0,0,0,0,0,0,0,0,0,0,0,0,0,0,0,0,0,0,0,0,0,0,0,0,0,0,0,0,0,0,0,0,0,0,0,0,0,0,0,0,0,0,0,0,0,0,0,0,0,0,0,0,0,0,0,0,0,0,0,0,0,0,0,0,4,0,0,4,0,0,0,1,0,0,1,5,2,2,1,0,3,2,0,0,0,5,0,0,3,1,4,2,1,1,0,3,1,0,0,0,3,0,0,0,1,0,0,0,4,0,0,0,0,0,0,0,0,0,0,0,0,0,0,0,0,0,0,0,0,0,0,0,0,0,0,0,0,0,0,0,0,0,1,0,1,0,1,0,0,0,1,0,0,0,1,0,0,0,0,0,0,0,1,0,0,0,0,0,0,0,0,0,0,0,0,0,0,0,0,0,0,0,0,0,0,0,0,0,0,0,0,0,0,0,0,0,13,1,14,8,5,1,0,9,5,0,0,1,12,0,0,0,1,0,0,1,13,0,0,0,0,0,0,0,0,0,0,0,0,0,0,0,0,0,0,0,0,0,0,0,0,0,0,0,0,0,0,0,0,0,25,0,25,19,6,0,0,19,6,0,0,0,25,0,0,0,0,0,0,0,25,0,0,0,0,0,0,0,0,0,0,0,0,0,0,0,0,0,0,0,0,0,0,0,0,0,0,0,0,0,0,0,0,0,1,0,1,1,0,0,0,1,0,0,0,0,1,0,0,0,0,0,0,0,1,0,0,0,0,0,0,0,0,0,0,0,0,0,0,0,0,0,0,0,0,0,0,0,0,0,0,0,0,0,0,0,0,0,4,0,4,2,2,0,0,2,2,0,0,0,4,0,0,0,0,0,0,0,4,0,0,0,0,0,0,0,0,0,0,0,0,0,0,0,0,0,0,0,0,0,0,0,0,0,0,0,0,0,0,0,0,0,0,0,0,0,0,0,0,0,0,0,0,0,0,0,0,0,0,0,0,0,0,0,0,0,0,0,0,0,0,0,0,0,0,0,0,0,0,0,0,0,0,0,0,0,0,0,0,0,0,0,0,0,0,0,0,0,0,0,0,0,0,0,0,0,0,0,0,0,0,0,0,0,0,0,0,0,0,0,0,0,0,0,0,0,0,0,0,0,0,0,0,0,0,0,0,0,0,0,0,0,0,0,0,0,0,0,0,0,0,0,0,0,0,0,0,0,0,0,0,0,0,0,0,0,0,0,0,0,0,0,0,0,0,0,0,18,5,23,16,2,3,2,19,4,0,0,0,18,0,0,0,5,0,0,0,23,0,0,0,0,0,0,0,1,1,0,0,0,1,0,1,0,0,0,0,0,0,0,1,0,0,0,1,0,0,0,0,0,0,0,0,0,0,0,0,0,0,0,0,0,0,0,0,0,0,0,0,0,0,0,0,0,0,0,0,0,0,0,0,0,0,0,0,0,0,0,0,0,0,0,0,0,0,0,0,0,0,0,0,0,0,0,0,30,1,31,28,2,1,0,29,2,0,0,1,29,0,0,0,1,0,0,1,30,0,0,0,0,0,0,0,0,0,0,0,0,0,0,0,0,0,0,0,0,0,0,0,0,0,0,0,0,0,0,0,0,0,0,0,0,0,0,0,0,0,0,0,0,0,0,0,0,0,0,0,0,0,0,0,0,0,0,0,0,0,0,0,0,0,0,0,0,0,0,0,0,0,0,0,0,0,0,0,0,0,0,0,0,0,0,0,0,0,0,0,0,0,0,0,0,0,0,0,0,0,0,0,0,0,0,0,0,0,0,0,0,0,0,0,0,0,0,0,0,0,0,0,0,0,0,0,0,0,0,0,0,0,0,0,0,0,0,0,0,0,0,0,0,0,0,0,0,0,0,0,0,0,0,0,0,0,0,0,0,0,0,0,0,0,0,0,0,1,0,1,0,1,0,0,0,1,0,0,0,1,0,0,0,0,0,0,0,1,0,0,0,0,0,0,0,5,5,0,0,1,4,1,4,0,0,0,0,0,0,0,5,0,0,0,5,0,0,0,0,0,0,1,0,1,1,0,0,0,1,0,0,0,0,1,0,0,0,0,0,0,0,1,0,0,0,0,0,0,0,0,0,0,0,0,0,0,0,0,0,0,0,0,0,0,0,0,0,0,0,0,0,0,0,0,0,10,1,11,7,3,1,0,8,3,0,0,0,10,0,0,0,3,0,0,0,13,0,0,0,0,0,0,0,0,0,0,0,0,0,0,0,0,0,0,0,0,0,0,0,0,0,0,0,0,0,0,0,0,0,10,3,13,9,1,3,0,12,1,0,0,0,10,0,0,0,3,0,0,0,13,0,0,0,0,0,0,2,0,2,2,0,0,0,2,0,0,0,0,2,0,0,0,0,0,0,0,2,0,0,0,0,0,0,181,33,214,146,35,21,12,167,47,0,0,4,177,0,0,0,36,0,0,4,213,0,0,0,0,0,0
Mohawk Police Department,NY02123,1994,New York,3064,0,1,1,0,0,1,0,1,0,0,0,0,0,0,0,0,1,0,0,0,1,0,0,0,0,0,0,29,8,37,24,5,8,0,32,5,0,0,0,29,0,0,0,8,0,0,0,37,0,0,0,0,0,0,0,0,0,0,0,0,0,0,0,0,0,0,0,0,0,0,0,0,0,0,0,0,0,0,0,0,0,2,2,4,1,1,2,0,3,1,0,0,0,2,0,0,0,2,0,0,0,4,0,0,0,0,0,0,0,0,0,0,0,0,0,0,0,0,0,0,0,0,0,0,0,0,0,0,0,0,0,0,0,0,0,24,7,31,19,5,5,2,24,7,0,0,1,23,0,0,0,7,0,0,1,30,0,0,0,0,0,0,0,0,0,10,0,0,10,0,0,0,2,0,0,2,12,7,3,2,0,9,3,0,0,0,12,0,0,9,1,10,6,3,1,0,7,3,0,0,0,9,0,0,0,1,0,0,0,10,0,0,0,0,0,0,1,0,1,1,0,0,0,1,0,0,0,0,1,0,0,0,0,0,0,0,1,0,0,0,0,0,0,0,1,1,0,0,1,0,1,0,0,0,0,0,0,0,0,1,0,0,0,1,0,0,0,0,0,0,0,0,0,0,0,0,0,0,0,0,0,0,0,0,0,0,0,0,0,0,0,0,0,0,0,0,0,0,0,0,1,0,0,1,0,0,0,3,0,0,3,4,1,0,3,0,4,0,0,0,0,4,0,0,1,3,4,1,0,3,0,4,0,0,0,0,1,0,0,0,3,0,0,0,4,0,0,0,0,0,0,0,0,0,0,0,0,0,0,0,0,0,0,0,0,0,0,0,0,0,0,0,0,0,0,0,0,0,0,0,0,0,0,0,0,0,0,0,0,0,0,0,0,0,0,0,0,0,0,0,0,0,0,0,0,0,0,0,0,0,0,0,0,0,0,0,0,0,0,0,0,0,0,0,0,0,0,0,0,0,0,0,11,5,16,8,3,5,0,13,3,0,0,0,11,0,0,0,5,0,0,0,16,0,0,0,0,0,0,0,0,0,0,0,0,0,0,0,0,0,0,0,0,0,0,0,0,0,0,0,0,0,0,0,0,0,39,0,39,28,11,0,0,28,11,0,0,1,38,0,0,0,0,0,0,1,38,0,0,0,0,0,0,0,0,0,0,0,0,0,0,0,0,0,0,0,0,0,0,0,0,0,0,0,0,0,0,0,0,0,0,0,0,0,0,0,0,0,0,0,0,0,0,0,0,0,0,0,0,0,0,0,0,0,0,0,0,1,0,1,1,0,0,0,1,0,0,0,0,1,0,0,0,0,0,0,0,1,0,0,0,0,0,0,2,0,2,0,2,0,0,0,2,0,0,0,2,0,0,0,0,0,0,0,2,0,0,0,0,0,0,0,0,0,0,0,0,0,0,0,0,0,0,0,0,0,0,0,0,0,0,0,0,0,0,0,0,0,0,0,0,0,0,0,0,0,0,0,0,0,0,0,0,0,0,0,0,0,0,0,0,0,0,0,0,0,0,0,0,0,0,0,0,0,0,0,0,0,0,0,0,0,0,0,0,0,0,0,0,0,0,0,0,0,0,0,0,0,0,0,0,0,0,0,0,0,0,0,0,0,0,0,0,0,0,0,0,0,0,0,0,0,0,0,0,0,0,0,0,0,0,0,0,0,0,0,0,0,0,0,0,0,0,0,0,0,0,0,0,0,0,0,0,0,0,0,0,0,0,0,0,0,0,0,0,0,0,0,0,0,0,0,0,13,11,24,10,3,4,7,14,10,0,0,0,13,0,0,0,11,0,0,0,24,0,0,0,0,0,0,0,0,0,0,0,0,0,0,0,0,0,0,0,0,0,0,0,0,0,0,0,0,0,0,0,0,0,0,0,0,0,0,0,0,0,0,0,0,0,0,0,0,0,0,0,0,0,0,0,0,0,0,0,0,0,0,0,0,0,0,0,0,0,0,0,0,0,0,0,0,0,0,0,0,0,0,0,0,0,0,0,9,2,11,8,1,2,0,10,1,0,0,0,9,0,0,0,2,0,0,0,11,0,0,0,0,0,0,1,0,1,1,0,0,0,1,0,0,0,0,1,0,0,0,0,0,0,0,1,0,0,0,0,0,0,0,0,0,0,0,0,0,0,0,0,0,0,0,0,0,0,0,0,0,0,0,0,0,0,0,0,0,0,0,0,0,0,0,0,0,0,0,0,0,0,0,0,0,0,0,0,0,0,0,0,0,0,0,0,0,0,0,0,0,0,0,0,0,0,0,0,0,0,0,0,0,0,0,0,0,0,0,0,0,0,0,0,0,0,0,0,0,0,0,0,0,0,0,0,0,0,0,0,0,0,0,0,0,0,0,0,0,0,0,0,0,0,0,0,0,0,0,0,0,0,0,0,0,0,0,0,0,0,0,0,0,0,0,0,0,0,0,0,0,0,0,0,0,0,0,0,0,0,0,0,0,0,0,0,0,0,0,0,0,0,0,0,0,0,0,0,0,0,0,0,0,0,0,0,0,0,0,0,0,0,0,0,0,0,0,0,0,0,0,7,2,9,4,3,2,0,6,3,0,0,0,7,0,0,0,2,0,0,0,9,0,0,0,0,0,0,0,0,0,0,0,0,0,0,0,0,0,0,0,0,0,0,0,0,0,0,0,0,0,0,0,0,0,16,11,27,9,7,11,0,20,7,0,0,0,16,0,0,0,11,0,0,0,27,0,0,0,0,0,0,0,0,0,0,0,0,0,0,0,0,0,0,0,0,0,0,0,0,0,0,0,0,0,0,0,0,0,5,4,9,4,1,4,0,8,1,0,0,0,5,0,0,0,5,0,0,0,10,0,0,0,0,0,0,0,2,2,0,0,2,0,2,0,0,0,0,0,0,0,0,2,0,0,0,2,0,0,0,0,0,0,181,65,246,133,48,56,9,189,57,0,0,2,179,0,0,0,66,0,0,2,245,0,0,0,0,0,0
Mohawk Police Department,NY02123,1993,New York,,,,,,,,,,,,,,,,,,,,,,,,,,,,,,,,,,,,,,,,,,,,,,,,,,,,,,,,,,,,,,,,,,,,,,,,,,,,,,,,,,,,,,,,,,,,,,,,,,,,,,,,,,,,,,,,,,,,,,,,,,,,,,,,,,,,,,,,,,,,,,,,,,,,,,,,,,,,,,,,,,,,,,,,,,,,,,,,,,,,,,,,,,,,,,,,,,,,,,,,,,,,,,,,,,,,,,,,,,,,,,,,,,,,,,,,,,,,,,,,,,,,,,,,,,,,,,,,,,,,,,,,,,,,,,,,,,,,,,,,,,,,,,,,,,,,,,,,,,,,,,,,,,,,,,,,,,,,,,,,,,,,,,,,,,,,,,,,,,,,,,,,,,,,,,,,,,,,,,,,,,,,,,,,,,,,,,,,,,,,,,,,,,,,,,,,,,,,,,,,,,,,,,,,,,,,,,,,,,,,,,,,,,,,,,,,,,,,,,,,,,,,,,,,,,,,,,,,,,,,,,,,,,,,,,,,,,,,,,,,,,,,,,,,,,,,,,,,,,,,,,,,,,,,,,,,,,,,,,,,,,,,,,,,,,,,,,,,,,,,,,,,,,,,,,,,,,,,,,,,,,,,,,,,,,,,,,,,,,,,,,,,,,,,,,,,,,,,,,,,,,,,,,,,,,,,,,,,,,,,,,,,,,,,,,,,,,,,,,,,,,,,,,,,,,,,,,,,,,,,,,,,,,,,,,,,,,,,,,,,,,,,,,,,,,,,,,,,,,,,,,,,,,,,,,,,,,,,,,,,,,,,,,,,,,,,,,,,,,,,,,,,,,,,,,,,,,,,,,,,,,,,,,,,,,,,,,,,,,,,,,,,,,,,,,,,,,,,,,,,,,,,,,,,,,,,,,,,,,,,,,,,,,,,,,,,,,,,,,,,,,,,,,,,,,,,,,,,,,,,,,,,,,,,,,,,,,,,,,,,,,,,,,,,,,,,,,,,,,,,,,,,,,,,,,,,,,,,,,,,,,,,,,,,,,,,,,,,,,,,,,,,,,,,,,,,,,,,,,,,,,,,,,,,,,,,,,,,,,,,,,,,,,,,,,,,,,,,,,,,,,,,,,,,,,,,,,,,,,,,,,,,,,,,,,,,,,,,,,,,,,,,,,,,,,,,,,,,,,,,,,,,,,,,,,,,,,,,,,,,,,,,,,,,,,,,,,,,,,,,,,,,,,,,,,,,,,,,,,,,,,,,,,,,,,,,,,,,,,,,,,,,,,,,,,,,,,,,,,,,,,,,,,,,,,,,,,,,,,,,,,,,,,,,,,,,,,,,,,,,,,,,,,,,,,,,,,,,,,,,,,,,,,,,,,,,,,,,,,,,,,,,,,,,,,,,,,,,,,,,,,,,,,,,,,,,,,,,,,,,,,,,,,,,,,,,,,,,,,,,,,,,,,,,,,,,,,,,,,,,,,,,
Mohawk Police Department,NY02123,1992,New York,3007,3,1,4,2,1,0,1,2,2,0,0,0,3,0,0,0,1,0,0,0,4,0,0,0,0,0,0,28,3,31,25,3,0,3,25,6,0,0,0,28,0,0,0,3,0,0,0,31,0,0,0,0,0,0,0,0,0,0,0,0,0,0,0,0,0,0,0,0,0,0,0,0,0,0,0,0,0,0,0,0,0,1,0,1,1,0,0,0,1,0,0,0,0,1,0,0,0,0,0,0,0,1,0,0,0,0,0,0,0,0,0,0,0,0,0,0,0,0,0,0,0,0,0,0,0,0,0,0,0,0,0,0,0,0,0,14,3,17,14,0,0,3,14,3,0,0,0,14,0,0,0,3,0,0,0,17,0,0,0,0,0,0,0,0,0,1,0,0,1,0,0,0,0,0,0,0,1,1,0,0,0,1,0,0,0,0,1,0,0,1,0,1,1,0,0,0,1,0,0,0,0,1,0,0,0,0,0,0,0,1,0,0,0,0,0,0,0,0,0,0,0,0,0,0,0,0,0,0,0,0,0,0,0,0,0,0,0,0,0,0,0,0,0,0,0,0,0,0,0,0,0,0,0,0,0,0,0,0,0,0,0,0,0,0,0,0,0,0,0,0,0,0,0,0,0,0,0,0,0,0,0,0,0,0,0,0,0,0,0,0,0,0,0,0,0,0,0,0,0,0,0,0,0,0,0,0,0,0,0,0,0,0,0,0,0,0,0,0,0,0,0,0,0,0,0,0,0,0,0,0,0,0,0,0,0,0,0,0,0,0,0,0,0,0,0,0,0,0,0,0,0,0,0,0,0,0,0,0,0,0,0,0,0,0,0,0,0,0,0,0,0,0,0,0,0,0,0,0,0,0,0,0,0,0,0,0,0,0,0,0,0,0,0,0,0,0,0,0,0,0,0,0,0,0,0,0,0,0,0,0,0,0,0,0,0,0,0,0,0,0,0,0,0,0,0,0,0,0,0,0,0,0,1,0,1,1,0,0,0,1,0,0,0,0,1,0,0,0,0,0,0,0,1,0,0,0,0,0,0,0,0,0,0,0,0,0,0,0,0,0,0,0,0,0,0,0,0,0,0,0,0,0,0,0,0,0,23,0,23,19,4,0,0,19,4,0,0,0,23,0,0,0,0,0,0,0,23,0,0,0,0,0,0,0,0,0,0,0,0,0,0,0,0,0,0,0,0,0,0,0,0,0,0,0,0,0,0,0,0,0,1,0,1,1,0,0,0,1,0,0,0,0,1,0,0,0,0,0,0,0,1,0,0,0,0,0,0,3,0,3,3,0,0,0,3,0,0,0,0,3,0,0,0,0,0,0,0,3,0,0,0,0,0,0,3,0,3,3,0,0,0,3,0,0,0,0,3,0,0,0,0,0,0,0,3,0,0,0,0,0,0,0,0,0,0,0,0,0,0,0,0,0,0,0,0,0,0,0,0,0,0,0,0,0,0,0,0,0,0,0,0,0,0,0,0,0,0,0,0,0,0,0,0,0,0,0,0,0,0,0,0,0,0,0,0,0,0,0,0,0,0,0,0,0,0,0,0,0,0,0,0,0,0,0,0,0,0,0,0,0,0,0,0,0,0,0,0,0,0,0,0,0,0,0,0,0,0,0,0,0,0,0,0,0,0,0,0,0,0,0,0,0,0,0,0,0,0,0,0,0,0,0,0,0,0,0,0,0,0,0,0,0,0,0,0,0,0,0,0,0,0,0,0,0,0,0,0,0,0,0,0,0,0,0,0,0,0,0,0,0,0,0,0,11,6,17,10,1,4,2,14,3,0,0,0,11,0,0,0,6,0,0,0,17,0,0,0,0,0,0,0,0,0,0,0,0,0,0,0,0,0,0,0,0,0,0,0,0,0,0,0,0,0,0,0,0,0,0,0,0,0,0,0,0,0,0,0,0,0,0,0,0,0,0,0,0,0,0,0,0,0,0,0,0,0,0,0,0,0,0,0,0,0,0,0,0,0,0,0,0,0,0,0,0,0,0,0,0,0,0,0,8,0,8,8,0,0,0,8,0,0,0,0,8,0,0,0,3,0,0,0,11,0,0,0,0,0,0,0,1,1,0,0,1,0,1,0,0,0,0,0,0,0,0,1,0,0,0,1,0,0,0,0,0,0,0,0,0,0,0,0,0,0,0,0,0,0,0,0,0,0,0,0,0,0,0,0,0,0,0,0,0,0,0,0,0,0,0,0,0,0,0,0,0,0,0,0,0,0,0,0,0,0,0,0,0,0,0,0,0,0,0,0,0,0,0,0,0,0,0,0,0,0,0,0,0,0,0,0,0,0,0,0,0,0,0,0,0,0,0,0,0,0,0,0,0,0,0,0,0,0,0,0,0,0,0,0,0,0,0,0,0,0,0,0,0,0,0,0,0,0,0,0,0,0,0,0,0,0,0,0,0,0,0,0,0,0,0,0,0,0,0,0,0,0,0,0,0,0,0,0,0,0,0,0,0,0,0,0,0,0,0,0,0,0,0,0,0,0,0,0,0,0,0,0,0,0,0,0,0,0,0,0,0,0,0,0,0,0,0,0,0,0,0,2,0,2,2,0,0,0,2,0,0,0,0,2,0,0,0,0,0,0,0,2,0,0,0,0,0,0,0,0,0,0,0,0,0,0,0,0,0,0,0,0,0,0,0,0,0,0,0,0,0,0,0,0,0,11,0,11,11,0,0,0,11,0,0,0,0,11,0,0,0,0,0,0,0,11,0,0,0,0,0,0,0,0,0,0,0,0,0,0,0,0,0,0,0,0,0,0,0,0,0,0,0,0,0,0,0,0,0,10,3,13,9,1,3,0,12,1,0,0,0,10,0,0,0,4,0,0,0,14,0,0,0,0,0,0,0,0,0,0,0,0,0,0,0,0,0,0,0,0,0,0,2,0,0,0,2,0,0,0,0,0,0,121,17,138,111,10,8,9,119,19,0,0,0,121,0,0,0,23,0,0,0,144,0,0,0,0,0,0
Mohawk Police Department,NY02123,1991,New York,2997,7,1,8,7,0,1,0,8,0,0,0,1,6,0,0,0,1,0,0,1,7,0,0,0,0,0,0,58,0,58,49,9,0,0,49,9,0,0,0,58,0,0,0,0,0,0,0,58,0,0,0,0,0,0,0,0,0,0,0,0,0,0,0,0,0,0,0,0,0,0,0,0,0,0,0,0,0,0,0,0,0,0,1,1,0,0,1,0,1,0,0,0,0,0,0,0,0,1,0,0,0,1,0,0,0,0,0,0,0,0,0,0,0,0,0,0,0,0,0,0,0,0,0,0,0,0,0,0,0,0,0,0,0,0,0,9,0,9,6,3,0,0,6,3,0,0,0,9,0,0,0,0,0,0,0,9,0,0,0,0,0,0,0,0,0,9,0,0,9,0,0,0,0,0,0,0,9,7,2,0,0,7,2,0,0,0,9,0,0,9,0,9,7,2,0,0,7,2,0,0,0,9,0,0,0,0,0,0,0,9,0,0,0,0,0,0,0,0,0,0,0,0,0,0,0,0,0,0,0,0,0,0,0,0,0,0,0,0,0,0,0,0,0,0,0,0,0,0,0,0,0,0,0,0,0,0,0,0,0,0,0,0,0,0,0,0,0,0,0,0,0,0,0,0,0,0,0,0,0,0,0,0,0,0,0,0,0,0,0,0,0,0,0,0,0,0,0,0,0,0,0,0,0,0,0,0,0,0,0,0,0,0,0,0,0,0,0,0,0,0,0,0,0,0,0,0,0,0,0,0,0,0,0,0,0,0,0,0,0,0,0,0,0,0,0,0,0,0,0,0,0,0,0,0,0,0,0,0,0,0,0,0,0,0,0,0,0,0,0,0,0,0,0,0,0,0,0,0,0,0,0,0,0,0,0,0,0,0,0,0,0,0,0,0,0,0,0,0,0,0,0,0,0,0,0,0,0,0,0,0,0,0,0,0,0,0,0,0,0,0,0,0,0,0,0,0,0,0,0,0,0,0,9,0,9,7,2,0,0,7,2,0,0,0,9,0,0,0,0,0,0,0,9,0,0,0,0,0,0,0,0,0,0,0,0,0,0,0,0,0,0,0,0,0,0,0,0,0,0,0,0,0,0,0,0,0,59,0,59,48,11,0,0,48,11,0,0,0,59,0,0,0,0,0,0,0,59,0,0,0,0,0,0,0,0,0,0,0,0,0,0,0,0,0,0,0,0,0,0,0,0,0,0,0,0,0,0,0,0,0,0,0,0,0,0,0,0,0,0,0,0,0,0,0,0,0,0,0,0,0,0,0,0,0,0,0,0,0,0,0,0,0,0,0,0,0,0,0,0,0,0,0,0,0,0,0,0,0,0,0,0,0,0,0,6,0,6,4,2,0,0,4,2,0,0,0,6,0,0,0,0,0,0,0,6,0,0,0,0,0,0,0,0,0,0,0,0,0,0,0,0,0,0,0,0,0,0,0,0,0,0,0,0,0,0,0,0,0,0,0,0,0,0,0,0,0,0,0,0,0,0,0,0,0,0,0,0,0,0,0,0,0,0,0,0,0,0,0,0,0,0,0,0,0,0,0,0,0,0,0,0,0,0,0,0,0,0,0,0,0,0,0,0,0,0,0,0,0,0,0,0,0,0,0,0,0,0,0,0,0,0,0,0,0,0,0,0,0,0,0,0,0,0,0,0,0,0,0,0,0,0,0,0,0,0,0,0,0,0,0,0,0,0,0,0,0,0,0,0,0,0,0,0,0,0,0,0,0,0,0,0,0,0,0,0,0,0,0,0,0,0,0,0,9,2,11,9,0,1,1,10,1,0,0,0,9,0,0,0,2,0,0,0,11,0,0,0,0,0,0,0,0,0,0,0,0,0,0,0,0,0,0,0,0,0,0,0,0,0,0,0,0,0,0,0,0,0,0,0,0,0,0,0,0,0,0,0,0,0,0,0,0,0,0,0,0,0,0,0,0,0,0,0,0,0,0,0,0,0,0,0,0,0,0,0,0,0,0,0,0,0,0,0,0,0,0,0,0,0,0,0,8,0,8,8,0,0,0,8,0,0,0,4,4,0,0,0,0,0,0,4,4,0,0,0,0,0,0,3,0,3,3,0,0,0,3,0,0,0,2,1,0,0,0,0,0,0,2,1,0,0,0,0,0,0,0,0,0,0,0,0,0,0,0,0,0,0,0,0,0,0,0,0,0,0,0,0,0,0,0,0,0,0,0,0,0,0,0,0,0,0,0,0,0,0,0,0,0,0,0,0,0,0,0,0,0,0,0,0,0,0,0,0,0,0,0,0,0,0,0,0,0,0,0,0,0,0,0,0,0,0,0,0,0,0,0,0,0,0,0,0,0,0,0,0,0,0,0,0,0,0,0,0,0,0,0,0,0,0,0,0,0,0,1,0,1,1,0,0,0,1,0,0,0,1,0,0,0,0,0,0,0,1,0,0,0,0,0,0,0,0,0,0,0,0,0,0,0,0,0,0,0,0,0,0,0,0,0,0,0,0,0,0,0,0,0,0,0,0,0,0,0,0,0,0,0,0,0,0,0,0,0,0,0,0,0,0,0,0,0,0,0,0,0,2,0,2,2,0,0,0,2,0,0,0,0,2,0,0,0,0,0,0,0,2,0,0,0,0,0,0,0,0,0,0,0,0,0,0,0,0,0,0,0,0,0,0,0,0,0,0,0,0,0,0,0,0,0,9,6,15,9,0,6,0,15,0,0,0,1,8,0,0,0,6,0,0,1,14,0,0,0,0,0,0,2,0,2,2,0,0,0,2,0,0,0,0,2,0,0,0,0,0,0,0,2,0,0,0,0,0,0,3,1,4,2,1,0,1,2,2,0,0,0,3,0,0,0,1,0,0,0,4,0,0,0,0,0,0,1,0,1,1,0,0,0,1,0,0,0,0,1,0,0,0,0,0,0,0,1,0,0,0,0,0,0,204,11,215,172,32,9,2,181,34,0,0,9,195,0,0,0,11,0,0,9,206,0,0,0,0,0,0
Mohawk Police Department,NY02123,1990,New York,,,,,,,,,,,,,,,,,,,,,,,,,,,,,,,,,,,,,,,,,,,,,,,,,,,,,,,,,,,,,,,,,,,,,,,,,,,,,,,,,,,,,,,,,,,,,,,,,,,,,,,,,,,,,,,,,,,,,,,,,,,,,,,,,,,,,,,,,,,,,,,,,,,,,,,,,,,,,,,,,,,,,,,,,,,,,,,,,,,,,,,,,,,,,,,,,,,,,,,,,,,,,,,,,,,,,,,,,,,,,,,,,,,,,,,,,,,,,,,,,,,,,,,,,,,,,,,,,,,,,,,,,,,,,,,,,,,,,,,,,,,,,,,,,,,,,,,,,,,,,,,,,,,,,,,,,,,,,,,,,,,,,,,,,,,,,,,,,,,,,,,,,,,,,,,,,,,,,,,,,,,,,,,,,,,,,,,,,,,,,,,,,,,,,,,,,,,,,,,,,,,,,,,,,,,,,,,,,,,,,,,,,,,,,,,,,,,,,,,,,,,,,,,,,,,,,,,,,,,,,,,,,,,,,,,,,,,,,,,,,,,,,,,,,,,,,,,,,,,,,,,,,,,,,,,,,,,,,,,,,,,,,,,,,,,,,,,,,,,,,,,,,,,,,,,,,,,,,,,,,,,,,,,,,,,,,,,,,,,,,,,,,,,,,,,,,,,,,,,,,,,,,,,,,,,,,,,,,,,,,,,,,,,,,,,,,,,,,,,,,,,,,,,,,,,,,,,,,,,,,,,,,,,,,,,,,,,,,,,,,,,,,,,,,,,,,,,,,,,,,,,,,,,,,,,,,,,,,,,,,,,,,,,,,,,,,,,,,,,,,,,,,,,,,,,,,,,,,,,,,,,,,,,,,,,,,,,,,,,,,,,,,,,,,,,,,,,,,,,,,,,,,,,,,,,,,,,,,,,,,,,,,,,,,,,,,,,,,,,,,,,,,,,,,,,,,,,,,,,,,,,,,,,,,,,,,,,,,,,,,,,,,,,,,,,,,,,,,,,,,,,,,,,,,,,,,,,,,,,,,,,,,,,,,,,,,,,,,,,,,,,,,,,,,,,,,,,,,,,,,,,,,,,,,,,,,,,,,,,,,,,,,,,,,,,,,,,,,,,,,,,,,,,,,,,,,,,,,,,,,,,,,,,,,,,,,,,,,,,,,,,,,,,,,,,,,,,,,,,,,,,,,,,,,,,,,,,,,,,,,,,,,,,,,,,,,,,,,,,,,,,,,,,,,,,,,,,,,,,,,,,,,,,,,,,,,,,,,,,,,,,,,,,,,,,,,,,,,,,,,,,,,,,,,,,,,,,,,,,,,,,,,,,,,,,,,,,,,,,,,,,,,,,,,,,,,,,,,,,,,,,,,,,,,,,,,,,,,,,,,,,,,,,,,,,,,,,,,,,,,,,,,,,,,,,,,,,,,,,,,,,,,,,,,,,,,,,,,,,,,,,,,,,,,,,,,,,,,,,,,,,,
Mohawk Police Department,NY02123,1989,New York,,,,,,,,,,,,,,,,,,,,,,,,,,,,,,,,,,,,,,,,,,,,,,,,,,,,,,,,,,,,,,,,,,,,,,,,,,,,,,,,,,,,,,,,,,,,,,,,,,,,,,,,,,,,,,,,,,,,,,,,,,,,,,,,,,,,,,,,,,,,,,,,,,,,,,,,,,,,,,,,,,,,,,,,,,,,,,,,,,,,,,,,,,,,,,,,,,,,,,,,,,,,,,,,,,,,,,,,,,,,,,,,,,,,,,,,,,,,,,,,,,,,,,,,,,,,,,,,,,,,,,,,,,,,,,,,,,,,,,,,,,,,,,,,,,,,,,,,,,,,,,,,,,,,,,,,,,,,,,,,,,,,,,,,,,,,,,,,,,,,,,,,,,,,,,,,,,,,,,,,,,,,,,,,,,,,,,,,,,,,,,,,,,,,,,,,,,,,,,,,,,,,,,,,,,,,,,,,,,,,,,,,,,,,,,,,,,,,,,,,,,,,,,,,,,,,,,,,,,,,,,,,,,,,,,,,,,,,,,,,,,,,,,,,,,,,,,,,,,,,,,,,,,,,,,,,,,,,,,,,,,,,,,,,,,,,,,,,,,,,,,,,,,,,,,,,,,,,,,,,,,,,,,,,,,,,,,,,,,,,,,,,,,,,,,,,,,,,,,,,,,,,,,,,,,,,,,,,,,,,,,,,,,,,,,,,,,,,,,,,,,,,,,,,,,,,,,,,,,,,,,,,,,,,,,,,,,,,,,,,,,,,,,,,,,,,,,,,,,,,,,,,,,,,,,,,,,,,,,,,,,,,,,,,,,,,,,,,,,,,,,,,,,,,,,,,,,,,,,,,,,,,,,,,,,,,,,,,,,,,,,,,,,,,,,,,,,,,,,,,,,,,,,,,,,,,,,,,,,,,,,,,,,,,,,,,,,,,,,,,,,,,,,,,,,,,,,,,,,,,,,,,,,,,,,,,,,,,,,,,,,,,,,,,,,,,,,,,,,,,,,,,,,,,,,,,,,,,,,,,,,,,,,,,,,,,,,,,,,,,,,,,,,,,,,,,,,,,,,,,,,,,,,,,,,,,,,,,,,,,,,,,,,,,,,,,,,,,,,,,,,,,,,,,,,,,,,,,,,,,,,,,,,,,,,,,,,,,,,,,,,,,,,,,,,,,,,,,,,,,,,,,,,,,,,,,,,,,,,,,,,,,,,,,,,,,,,,,,,,,,,,,,,,,,,,,,,,,,,,,,,,,,,,,,,,,,,,,,,,,,,,,,,,,,,,,,,,,,,,,,,,,,,,,,,,,,,,,,,,,,,,,,,,,,,,,,,,,,,,,,,,,,,,,,,,,,,,,,,,,,,,,,,,,,,,,,,,,,,,,,,,,,,,,,,,,,,,,,,,,,,,,,,,,,,,,,,,,,,,,,,,,,,,,,,,,,,,,,,,,,,,,,,,,,,,,,,,,,,,,,,,,
Mohawk Police Department,NY02123,1988,New York,2861,5,1,6,5,0,1,0,6,0,0,0,0,5,0,0,0,1,0,0,0,6,0,0,0,0,0,0,83,7,90,73,10,5,2,78,12,0,0,0,83,0,0,0,7,0,0,0,90,0,0,0,0,0,0,0,0,0,0,0,0,0,0,0,0,0,0,0,0,0,0,0,0,0,0,0,0,0,0,0,0,0,1,0,1,1,0,0,0,1,0,0,0,0,1,0,0,0,0,0,0,0,1,0,0,0,0,0,0,0,0,0,0,0,0,0,0,0,0,0,0,0,0,0,0,0,0,0,0,0,0,0,0,0,0,0,23,0,23,23,0,0,0,23,0,0,0,0,23,0,0,0,0,0,0,0,23,0,0,0,0,0,0,0,0,0,6,0,0,6,0,0,0,0,0,0,0,6,6,0,0,0,6,0,0,0,0,6,0,0,6,0,6,6,0,0,0,6,0,0,0,0,6,0,0,0,0,0,0,0,6,0,0,0,0,0,0,0,0,0,0,0,0,0,0,0,0,0,0,0,0,0,0,0,0,0,0,0,0,0,0,0,0,0,0,0,0,0,0,0,0,0,0,0,0,0,0,0,0,0,0,0,0,0,0,0,0,0,0,0,0,0,0,0,0,0,0,0,0,0,0,0,0,0,0,0,0,0,0,0,0,0,0,0,0,0,0,0,0,0,0,1,0,0,1,0,0,0,0,0,0,0,1,1,0,0,0,1,0,0,0,0,1,0,0,1,0,1,1,0,0,0,1,0,0,0,0,1,0,0,0,0,0,0,0,1,0,0,0,0,0,0,0,0,0,0,0,0,0,0,0,0,0,0,0,0,0,0,0,0,0,0,0,0,0,0,0,0,0,0,0,0,0,0,0,0,0,0,0,0,0,0,0,0,0,0,0,0,0,0,0,0,0,0,0,0,0,0,0,0,0,0,0,0,0,0,0,0,0,0,0,0,0,0,0,0,0,0,0,0,0,0,0,7,0,7,7,0,0,0,7,0,0,0,0,7,0,0,0,0,0,0,0,7,0,0,0,0,0,0,0,0,0,0,0,0,0,0,0,0,0,0,0,0,0,0,0,0,0,0,0,0,0,0,0,0,0,45,0,45,37,8,0,0,37,8,0,0,0,45,0,0,0,0,0,0,0,45,0,0,0,0,0,0,0,0,0,0,0,0,0,0,0,0,0,0,0,0,0,0,0,0,0,0,0,0,0,0,0,0,0,0,0,0,0,0,0,0,0,0,0,0,0,0,0,0,0,0,0,0,0,0,0,0,0,0,0,0,0,0,0,0,0,0,0,0,0,0,0,0,0,0,0,0,0,0,0,0,0,0,0,0,0,0,0,26,1,27,20,6,1,0,21,6,0,0,0,26,0,0,0,1,0,0,0,27,0,0,0,0,0,0,0,0,0,0,0,0,0,0,0,0,0,0,0,0,0,0,0,0,0,0,0,0,0,0,0,0,0,0,0,0,0,0,0,0,0,0,0,0,0,0,0,0,0,0,0,0,0,0,0,0,0,0,0,0,0,0,0,0,0,0,0,0,0,0,0,0,0,0,0,0,0,0,0,0,0,0,0,0,0,0,0,0,0,0,0,0,0,0,0,0,0,0,0,0,0,0,0,0,0,0,0,0,0,0,0,0,0,0,0,0,0,0,0,0,0,0,0,0,0,0,0,0,0,0,0,0,0,0,0,0,0,0,0,0,0,0,0,0,0,0,0,0,0,0,0,0,0,0,0,0,0,0,0,0,0,0,0,0,0,0,0,0,0,0,0,0,0,0,0,0,0,0,0,0,0,0,0,0,0,0,0,0,0,0,0,0,0,0,0,0,0,0,0,0,0,0,0,0,0,0,0,0,0,0,0,0,0,0,0,0,0,0,0,0,0,0,0,0,0,0,0,0,0,0,0,0,0,0,0,0,0,0,0,0,0,0,0,0,0,0,0,0,0,0,0,0,0,0,0,0,0,0,0,0,0,0,0,0,0,0,0,0,0,0,0,0,0,0,0,0,16,1,17,13,3,1,0,14,3,0,0,0,16,0,0,0,1,0,0,0,17,0,0,0,0,0,0,2,0,2,2,0,0,0,2,0,0,0,0,2,0,0,0,0,0,0,0,2,0,0,0,0,0,0,0,0,0,0,0,0,0,0,0,0,0,0,0,0,0,0,0,0,0,0,0,0,0,0,0,0,0,0,0,0,0,0,0,0,0,0,0,0,0,0,0,0,0,0,0,0,0,0,0,0,0,0,0,0,0,0,0,0,0,0,0,0,0,0,0,0,0,0,0,0,0,0,0,0,0,0,0,0,0,0,0,0,0,0,0,0,0,0,0,0,0,0,0,0,0,0,0,0,0,0,0,0,0,0,0,0,0,0,0,0,0,0,0,0,0,0,0,0,0,0,0,0,0,0,0,0,0,0,0,0,0,0,0,0,0,0,0,0,0,0,0,0,0,0,0,0,0,0,0,0,0,0,0,0,0,0,0,0,0,0,0,0,0,3,3,0,0,3,0,3,0,0,0,0,0,0,0,0,3,0,0,0,3,0,0,0,0,0,0,0,0,0,0,0,0,0,0,0,0,0,0,0,0,0,0,0,0,0,0,0,0,0,0,0,0,0,0,0,0,0,0,0,0,0,0,0,0,0,0,0,0,0,0,0,0,0,0,0,0,0,0,0,0,5,0,5,4,1,0,0,4,1,0,0,0,5,0,0,0,0,0,0,0,5,0,0,0,0,0,0,0,0,0,0,0,0,0,0,0,0,0,0,0,0,0,0,0,0,0,0,0,0,0,0,0,0,0,10,2,12,7,3,2,0,9,3,0,0,0,10,0,0,0,3,0,0,0,13,0,0,0,0,0,0,3,4,7,3,0,4,0,7,0,0,0,0,3,0,0,0,4,0,0,0,7,0,0,0,0,0,0,240,19,259,209,31,17,2,226,33,0,0,0,240,0,0,0,20,0,0,0,260,0,0,0,0,0,0
Mohawk Police Department,NY02123,1987,New York,2858,2,0,2,1,1,0,0,1,1,0,0,0,2,0,0,0,0,0,0,0,2,0,0,0,0,0,0,37,2,39,32,5,2,0,34,5,0,0,0,37,0,0,0,2,0,0,0,39,0,0,0,0,0,0,0,0,0,0,0,0,0,0,0,0,0,0,0,0,0,0,0,0,0,0,0,0,0,0,0,0,0,2,0,2,2,0,0,0,2,0,0,0,0,2,0,0,0,0,0,0,0,2,0,0,0,0,0,0,0,0,0,0,0,0,0,0,0,0,0,0,0,0,0,0,0,0,0,0,0,0,0,0,0,0,0,15,0,15,11,4,0,0,11,4,0,0,0,15,0,0,0,0,0,0,0,15,0,0,0,0,0,0,0,0,0,3,0,0,3,0,0,0,0,0,0,0,3,3,0,0,0,3,0,0,0,0,3,0,0,3,0,3,3,0,0,0,3,0,0,0,0,3,0,0,0,0,0,0,0,3,0,0,0,0,0,0,0,0,0,0,0,0,0,0,0,0,0,0,0,0,0,0,0,0,0,0,0,0,0,0,0,0,0,0,0,0,0,0,0,0,0,0,0,0,0,0,0,0,0,0,0,0,0,0,0,0,0,0,0,0,0,0,0,0,0,0,0,0,0,0,0,0,0,0,0,0,0,0,0,0,0,0,0,0,0,0,0,0,0,0,1,0,0,1,0,0,0,0,0,0,0,1,1,0,0,0,1,0,0,0,0,1,0,0,1,0,1,1,0,0,0,1,0,0,0,0,1,0,0,0,0,0,0,0,1,0,0,0,0,0,0,0,0,0,0,0,0,0,0,0,0,0,0,0,0,0,0,0,0,0,0,0,0,0,0,0,0,0,0,0,0,0,0,0,0,0,0,0,0,0,0,0,0,0,0,0,0,0,0,0,0,0,0,0,0,0,0,0,0,0,0,0,0,0,0,0,0,0,0,0,0,0,0,0,0,0,0,0,0,0,0,0,4,0,4,4,0,0,0,4,0,0,0,0,4,0,0,0,0,0,0,0,4,0,0,0,0,0,0,0,0,0,0,0,0,0,0,0,0,0,0,0,0,0,0,0,0,0,0,0,0,0,0,0,0,0,40,1,41,31,9,1,0,32,9,0,0,0,40,0,0,0,1,0,0,0,41,0,0,0,0,0,0,0,0,0,0,0,0,0,0,0,0,0,0,0,0,0,0,0,0,0,0,0,0,0,0,0,0,0,2,0,2,2,0,0,0,2,0,0,0,0,2,0,0,0,0,0,0,0,2,0,0,0,0,0,0,0,0,0,0,0,0,0,0,0,0,0,0,0,0,0,0,0,0,0,0,0,0,0,0,0,0,0,43,0,43,18,25,0,0,18,25,0,0,0,43,0,0,0,0,0,0,0,43,0,0,0,0,0,0,0,0,0,0,0,0,0,0,0,0,0,0,0,0,0,0,0,0,0,0,0,0,0,0,0,0,0,0,0,0,0,0,0,0,0,0,0,0,0,0,0,0,0,0,0,0,0,0,0,0,0,0,0,0,0,0,0,0,0,0,0,0,0,0,0,0,0,0,0,0,0,0,0,0,0,0,0,0,0,0,0,0,0,0,0,0,0,0,0,0,0,0,0,0,0,0,0,0,0,0,0,0,0,0,0,0,0,0,0,0,0,0,0,0,0,0,0,0,0,0,0,0,0,0,0,0,0,0,0,0,0,0,0,0,0,0,0,0,0,0,0,0,0,0,0,0,0,0,0,0,0,0,0,0,0,0,0,0,0,0,0,0,0,0,0,0,0,0,0,0,0,0,0,0,0,0,0,0,0,0,0,0,0,0,0,0,0,0,0,0,0,0,0,0,0,0,0,0,0,0,0,0,0,0,0,0,0,0,0,0,0,0,0,0,0,0,0,0,0,0,0,0,0,0,0,0,0,0,0,0,0,0,0,0,0,0,0,0,0,0,0,0,0,0,0,0,0,0,0,0,0,0,0,0,0,0,0,0,0,0,0,0,0,0,0,0,0,0,0,0,8,1,9,7,1,1,0,8,1,0,0,0,8,0,0,0,1,0,0,0,9,0,0,0,0,0,0,0,0,0,0,0,0,0,0,0,0,0,0,0,0,0,0,0,0,0,0,0,0,0,0,0,0,0,1,0,0,0,0,0,0,0,1,0,0,0,0,1,0,0,0,0,0,0,0,0,0,1,0,0,0,0,0,0,0,0,0,0,0,0,0,0,0,1,0,0,0,0,0,0,0,0,0,0,0,0,0,0,0,0,0,0,0,0,0,0,0,0,0,0,0,0,0,0,0,1,0,0,0,0,0,0,0,0,0,0,0,0,0,0,0,0,0,0,0,0,0,0,0,0,0,0,0,0,0,0,0,0,0,0,0,0,0,0,0,0,0,0,0,0,0,0,0,0,0,0,0,0,0,0,0,0,0,0,0,0,0,0,0,0,0,0,0,0,0,0,0,0,0,0,0,0,0,0,0,0,0,0,0,0,0,0,0,0,0,0,0,0,0,0,0,0,0,0,0,0,0,0,0,0,0,0,0,0,0,0,0,0,0,0,0,0,0,5,1,6,5,0,1,0,6,0,0,0,0,5,0,0,0,1,0,0,0,6,0,0,0,0,0,0,0,0,0,0,0,0,0,0,0,0,0,0,0,0,0,0,0,0,0,0,0,0,0,0,0,0,0,8,1,9,7,1,1,0,8,1,0,0,0,8,0,0,0,1,0,0,0,9,0,0,0,0,0,0,3,0,3,2,1,0,0,2,1,0,0,0,3,0,0,0,0,0,0,0,3,0,0,0,0,0,0,3,1,4,3,0,1,0,4,0,0,0,0,3,0,0,0,1,0,0,0,4,0,0,0,0,0,0,0,0,0,0,0,0,0,0,0,0,0,0,0,0,0,0,0,0,0,0,0,0,0,0,0,0,0,181,7,188,133,48,7,0,140,48,0,0,0,181,0,0,0,7,0,0,0,188,0,0,0,0,0,0
Mohawk Police Department,NY02123,1986,New York,2971,7,1,8,6,1,1,0,7,1,0,0,0,7,0,0,0,1,0,0,0,8,0,7,0,1,8,8,45,1,46,39,6,1,0,40,6,0,0,0,45,0,0,0,1,0,0,0,46,0,45,0,1,46,46,0,0,0,0,0,0,0,0,0,0,0,0,0,0,0,0,0,0,0,0,0,0,0,0,0,0,0,1,0,1,0,1,0,0,0,1,0,0,0,1,0,0,0,0,0,0,0,1,0,1,0,0,1,1,0,0,0,0,0,0,0,0,0,0,0,0,0,0,0,0,0,0,0,0,0,0,0,0,0,0,0,14,1,15,13,1,1,0,14,1,0,0,0,14,0,0,0,1,0,0,0,15,0,14,0,1,15,15,0,0,0,0,0,0,0,0,0,0,0,0,0,0,0,0,0,0,0,0,0,0,0,0,0,0,0,0,0,0,0,0,0,0,0,0,0,0,0,0,0,0,0,0,0,0,0,0,0,0,0,0,0,0,0,0,0,0,0,0,0,0,0,0,0,0,0,0,0,0,0,0,0,0,0,0,0,0,0,0,0,0,0,0,0,0,0,0,0,0,0,0,0,0,0,0,0,0,0,0,0,0,0,0,0,0,0,0,0,0,0,0,0,0,0,0,0,0,0,0,0,0,0,0,0,0,0,0,0,0,0,0,0,0,0,0,0,0,1,0,1,1,0,0,0,0,0,0,0,1,1,0,0,0,1,0,0,0,0,1,1,1,1,0,1,1,0,0,0,1,0,0,0,0,1,0,0,0,0,0,0,0,1,0,1,0,0,1,1,0,0,0,0,0,0,0,0,0,0,0,0,0,0,0,0,0,0,0,0,0,0,0,0,0,0,0,0,0,0,0,0,0,0,0,0,0,0,0,0,0,0,0,0,0,0,0,0,0,0,0,0,0,0,0,0,0,0,0,0,0,0,0,0,0,0,0,0,0,0,0,0,0,0,0,0,0,0,0,0,0,1,0,1,1,0,0,0,1,0,0,0,0,1,0,0,0,0,0,0,0,1,0,1,0,0,1,1,0,0,0,0,0,0,0,0,0,0,0,0,0,0,0,0,0,0,0,0,0,0,0,0,0,0,0,19,0,19,15,4,0,0,15,4,0,0,0,19,0,0,0,0,0,0,0,19,0,19,0,0,19,19,0,0,0,0,0,0,0,0,0,0,0,0,0,0,0,0,0,0,0,0,0,0,0,0,0,0,0,6,0,6,6,0,0,0,6,0,0,0,0,6,0,0,0,0,0,0,0,6,0,6,0,0,6,6,1,0,1,0,1,0,0,0,1,0,0,0,1,0,0,0,0,0,0,0,1,0,1,0,0,1,1,16,1,17,6,10,1,0,7,10,0,0,0,16,0,0,0,1,0,0,0,17,0,16,0,1,17,17,0,0,0,0,0,0,0,0,0,0,0,0,0,0,0,0,0,0,0,0,0,0,0,0,0,0,0,0,0,0,0,0,0,0,0,0,0,0,0,0,0,0,0,0,0,0,0,0,0,0,0,0,0,0,0,0,0,0,0,0,0,0,0,0,0,0,0,0,0,0,0,0,0,0,0,0,0,0,0,0,0,0,0,0,0,0,0,0,0,0,0,0,0,0,0,0,0,0,0,0,0,0,0,0,0,0,0,0,0,0,0,0,0,0,0,0,0,0,0,0,0,0,0,0,0,0,0,0,0,0,0,0,0,0,0,0,0,0,0,0,0,0,0,0,0,0,0,0,0,0,0,0,0,0,0,0,0,0,0,0,0,0,1,0,1,1,0,0,0,1,0,0,0,0,1,0,0,0,0,0,0,0,1,0,1,0,0,1,1,0,0,0,0,0,0,0,0,0,0,0,0,0,0,0,0,0,0,0,0,0,0,0,0,0,0,0,0,0,0,0,0,0,0,0,0,0,0,0,0,0,0,0,0,0,0,0,0,0,0,0,0,0,0,0,0,0,0,0,0,0,0,0,0,0,0,0,0,0,0,0,0,0,0,0,0,0,0,0,0,0,6,1,7,6,0,1,0,7,0,0,0,0,6,0,0,0,1,0,0,0,7,0,6,0,1,7,7,0,0,0,0,0,0,0,0,0,0,0,0,0,0,0,0,0,0,0,0,0,0,0,0,0,0,0,0,0,0,0,0,0,0,0,0,0,0,0,0,0,0,0,0,0,0,0,0,0,0,0,0,0,0,0,0,0,0,0,0,0,0,0,0,0,0,0,0,0,0,0,0,0,0,0,0,0,0,0,0,0,0,0,0,0,0,0,0,0,0,0,0,0,0,0,0,0,0,0,0,0,0,0,0,0,0,0,0,0,0,0,0,0,0,0,0,0,0,0,0,0,0,0,0,0,0,0,0,0,0,0,0,0,0,0,0,0,0,0,0,0,0,0,0,0,0,0,0,0,0,0,0,0,0,0,0,0,0,0,0,0,0,0,0,0,0,0,0,0,0,0,0,0,0,0,0,0,0,0,0,0,0,0,0,0,0,0,0,0,0,0,0,0,0,0,0,0,0,0,0,0,0,0,0,0,0,0,0,0,0,0,0,0,0,0,0,4,0,4,3,1,0,0,3,1,0,0,0,4,0,0,0,0,0,0,0,4,0,4,0,0,4,4,0,0,0,0,0,0,0,0,0,0,0,0,0,0,0,0,0,0,0,0,0,0,0,0,0,0,0,11,1,12,7,4,1,0,8,4,0,0,0,11,0,0,0,1,0,0,0,12,0,11,0,1,12,12,0,0,0,0,0,0,0,0,0,0,0,0,0,0,0,0,0,0,0,0,0,0,0,0,0,0,0,3,3,6,3,0,3,0,6,0,0,0,0,3,0,0,0,3,0,0,0,6,0,3,0,3,6,6,3,0,3,3,0,0,0,3,0,0,0,0,3,0,0,0,0,0,0,0,3,0,3,0,0,3,3,140,9,149,111,29,9,0,120,29,0,0,0,140,0,0,0,9,0,0,0,149,0,140,0,9,149,149
Mohawk Police Department,NY02123,1985,New York,3030,7,0,7,6,1,0,0,6,1,0,0,0,7,0,0,0,0,0,0,0,7,0,7,0,0,7,7,19,1,20,18,1,1,0,19,1,0,0,0,19,0,0,0,1,0,0,0,20,0,19,0,1,20,20,0,0,0,0,0,0,0,0,0,0,0,0,0,0,0,0,0,0,0,0,0,0,0,0,0,0,0,3,0,3,3,0,0,0,3,0,0,0,0,3,0,0,0,0,0,0,0,3,0,3,0,0,3,3,0,0,0,0,0,0,0,0,0,0,0,0,0,0,0,0,0,0,0,0,0,0,0,0,0,0,0,13,2,15,10,3,2,0,12,3,0,0,0,13,0,0,0,2,0,0,0,15,0,13,0,2,15,15,0,0,0,0,0,0,0,0,0,0,0,0,0,0,0,0,0,0,0,0,0,0,0,0,0,0,0,0,0,0,0,0,0,0,0,0,0,0,0,0,0,0,0,0,0,0,0,0,0,0,0,0,0,0,0,0,0,0,0,0,0,0,0,0,0,0,0,0,0,0,0,0,0,0,0,0,0,0,0,0,0,0,0,0,0,0,0,0,0,0,0,0,0,0,0,0,0,0,0,0,0,0,0,0,0,0,0,0,0,0,0,0,0,0,0,0,0,0,0,0,0,0,0,0,0,0,0,0,0,0,0,0,0,0,0,0,0,0,1,0,1,1,0,0,0,0,0,0,0,1,1,0,0,0,1,0,0,0,0,1,1,1,1,0,1,1,0,0,0,1,0,0,0,0,1,0,0,0,0,0,0,0,1,0,1,0,0,1,1,0,0,0,0,0,0,0,0,0,0,0,0,0,0,0,0,0,0,0,0,0,0,0,0,0,0,0,0,0,0,0,0,0,0,0,0,0,0,0,0,0,0,0,0,0,0,0,0,0,0,0,0,0,0,0,0,0,0,0,0,0,0,0,0,0,0,0,0,0,0,0,0,0,0,0,0,0,0,0,0,0,1,0,1,1,0,0,0,1,0,0,0,0,1,0,0,0,0,0,0,0,1,0,1,0,0,1,1,0,0,0,0,0,0,0,0,0,0,0,0,0,0,0,0,0,0,0,0,0,0,0,0,0,0,0,37,0,37,35,2,0,0,35,2,0,0,0,37,0,0,0,0,0,0,0,37,0,37,0,0,37,37,0,0,0,0,0,0,0,0,0,0,0,0,0,0,0,0,0,0,0,0,0,0,0,0,0,0,0,0,0,0,0,0,0,0,0,0,0,0,0,0,0,0,0,0,0,0,0,0,0,0,0,0,0,0,0,0,0,0,0,0,0,0,0,0,0,0,0,0,0,0,0,0,0,0,0,0,0,0,0,0,0,39,0,39,34,5,0,0,34,5,0,0,0,39,0,0,0,0,0,0,0,39,0,39,0,0,39,39,0,0,0,0,0,0,0,0,0,0,0,0,0,0,0,0,0,0,0,0,0,0,0,0,0,0,0,0,0,0,0,0,0,0,0,0,0,0,0,0,0,0,0,0,0,0,0,0,0,0,0,0,0,0,0,0,0,0,0,0,0,0,0,0,0,0,0,0,0,0,0,0,0,0,0,0,0,0,0,0,0,0,0,0,0,0,0,0,0,0,0,0,0,0,0,0,0,0,0,0,0,0,0,0,0,0,0,0,0,0,0,0,0,0,0,0,0,0,0,0,0,0,0,0,0,0,0,0,0,0,0,0,0,0,0,0,0,0,0,0,0,0,0,0,0,0,0,0,0,0,0,0,0,0,0,0,0,0,0,0,0,0,0,0,0,0,0,0,0,0,0,0,0,0,0,0,0,0,0,0,0,0,0,0,0,0,0,0,0,0,0,0,0,0,0,0,0,0,0,0,0,0,0,0,0,0,0,0,0,0,0,0,0,0,0,0,0,0,0,0,0,0,0,0,0,0,0,0,0,0,0,0,0,0,0,0,0,0,0,0,0,0,0,0,0,0,0,0,0,0,0,0,0,0,0,0,0,0,0,0,0,0,0,0,0,0,0,0,0,0,9,0,9,9,0,0,0,9,0,0,0,0,9,0,0,0,0,0,0,0,9,0,9,0,0,9,9,0,0,0,0,0,0,0,0,0,0,0,0,0,0,0,0,0,0,0,0,0,0,0,0,0,0,0,0,0,0,0,0,0,0,0,0,0,0,0,0,0,0,0,0,0,0,0,0,0,0,0,0,0,0,0,0,0,0,0,0,0,0,0,0,0,0,0,0,0,0,0,0,0,0,0,0,0,0,0,0,0,0,0,0,0,0,0,0,0,0,0,0,0,0,0,0,0,0,0,0,0,0,0,0,0,0,0,0,0,0,0,0,0,0,0,0,0,0,0,0,0,0,0,0,0,0,0,0,0,0,0,0,0,0,0,0,0,0,0,0,0,0,0,0,0,0,0,0,0,0,0,0,0,0,0,0,0,0,0,0,0,0,0,0,0,0,0,0,0,0,0,0,0,0,0,0,0,0,0,0,0,0,0,0,0,0,0,0,0,0,0,0,0,0,0,0,0,0,0,0,0,0,0,0,0,0,0,0,0,0,0,0,0,0,0,0,2,2,4,2,0,1,1,3,1,0,0,0,2,0,0,0,2,0,0,0,4,0,2,0,2,4,4,0,0,0,0,0,0,0,0,0,0,0,0,0,0,0,0,0,0,0,0,0,0,0,0,0,0,0,11,0,11,8,3,0,0,8,3,0,0,2,9,0,0,0,0,0,0,2,9,0,11,0,0,11,11,2,0,2,2,0,0,0,2,0,0,0,0,2,0,0,0,0,0,0,0,2,0,2,0,0,2,2,5,0,5,3,2,0,0,3,2,0,0,0,5,0,0,0,0,0,0,0,5,0,5,0,0,5,5,0,0,0,0,0,0,0,0,0,0,0,0,0,0,0,0,0,0,0,0,0,0,0,0,0,0,0,150,5,155,133,17,4,1,137,18,0,0,2,148,0,0,0,5,0,0,2,153,0,150,0,5,155,155
Mohawk Police Department,NY02123,1984,New York,3022,3,0,3,2,1,0,0,2,1,0,0,0,3,0,0,0,0,0,0,0,3,0,3,0,0,3,3,25,2,27,24,1,2,0,26,1,0,0,0,25,0,0,0,2,0,0,0,27,0,25,0,2,27,27,0,0,0,0,0,0,0,0,0,0,0,0,0,0,0,0,0,0,0,0,0,0,0,0,0,0,0,2,0,2,1,1,0,0,1,1,0,0,0,2,0,0,0,0,0,0,0,2,0,2,0,0,2,2,0,0,0,0,0,0,0,0,0,0,0,0,0,0,0,0,0,0,0,0,0,0,0,0,0,0,0,8,0,8,7,1,0,0,7,1,0,0,0,8,0,0,0,0,0,0,0,8,0,8,0,0,8,8,0,0,0,0,0,0,0,0,0,0,0,0,0,0,0,0,0,0,0,0,0,0,0,0,0,0,0,0,0,0,0,0,0,0,0,0,0,0,0,0,0,0,0,0,0,0,0,0,0,0,0,0,0,0,0,0,0,0,0,0,0,0,0,0,0,0,0,0,0,0,0,0,0,0,0,0,0,0,0,0,0,0,0,0,0,0,0,0,0,0,0,0,0,0,0,0,0,0,0,0,0,0,0,0,0,0,0,0,0,0,0,0,0,0,0,0,0,0,0,0,0,0,0,0,0,0,0,0,0,0,0,0,0,0,0,0,0,0,0,0,0,0,0,0,0,0,0,0,0,0,0,0,0,0,0,0,0,0,0,0,0,0,0,0,0,0,0,0,0,0,0,0,0,0,0,0,0,0,0,0,0,0,0,0,0,0,0,0,0,0,0,0,0,0,0,0,0,0,0,0,0,0,0,0,0,0,0,0,0,0,0,0,0,0,0,0,0,0,0,0,0,0,0,0,0,0,0,0,0,0,0,0,0,0,0,0,0,0,0,0,0,0,0,0,0,0,0,0,0,0,0,0,0,0,0,0,0,0,0,0,0,0,0,0,0,0,0,0,0,0,0,0,0,0,0,0,0,0,0,0,0,0,0,0,0,0,0,0,0,0,0,0,0,0,0,0,0,0,0,0,0,0,0,0,0,0,0,0,0,0,0,0,0,0,0,0,0,0,0,0,0,0,0,0,17,0,17,17,0,0,0,17,0,0,0,0,17,0,0,0,0,0,0,0,17,0,17,0,0,17,17,0,0,0,0,0,0,0,0,0,0,0,0,0,0,0,0,0,0,0,0,0,0,0,0,0,0,0,0,1,1,0,0,1,0,1,0,0,0,0,0,0,0,0,1,0,0,0,1,0,0,0,1,1,1,2,0,2,2,0,0,0,2,0,0,0,0,2,0,0,0,0,0,0,0,2,0,2,0,0,2,2,21,0,21,14,7,0,0,14,7,0,0,0,21,0,0,0,0,0,0,0,21,0,21,0,0,21,21,0,0,0,0,0,0,0,0,0,0,0,0,0,0,0,0,0,0,0,0,0,0,0,0,0,0,0,0,0,0,0,0,0,0,0,0,0,0,0,0,0,0,0,0,0,0,0,0,0,0,0,0,0,0,0,0,0,0,0,0,0,0,0,0,0,0,0,0,0,0,0,0,0,0,0,0,0,0,0,0,0,0,0,0,0,0,0,0,0,0,0,0,0,0,0,0,0,0,0,0,0,0,0,0,0,0,0,0,0,0,0,0,0,0,0,0,0,0,0,0,0,0,0,0,0,0,0,0,0,0,0,0,0,0,0,0,0,0,0,0,0,0,0,0,0,0,0,0,0,0,0,0,0,0,0,0,0,0,0,0,0,0,0,0,0,0,0,0,0,0,0,0,0,0,0,0,0,0,0,0,0,0,0,0,0,0,0,0,0,0,1,1,0,0,1,0,1,0,0,0,0,0,0,0,0,1,0,0,0,1,0,0,0,1,1,1,0,0,0,0,0,0,0,0,0,0,0,0,0,0,0,0,0,0,0,0,0,0,0,0,0,0,0,0,0,0,0,0,0,0,0,0,0,0,0,0,0,0,0,0,0,0,0,0,0,0,0,0,0,0,9,0,9,8,1,0,0,8,1,0,0,0,9,0,0,0,0,0,0,0,9,0,9,0,0,9,9,1,0,1,1,0,0,0,1,0,0,0,0,1,0,0,0,0,0,0,0,1,0,1,0,0,1,1,0,0,0,0,0,0,0,0,0,0,0,0,0,0,0,0,0,0,0,0,0,0,0,0,0,0,0,0,0,0,0,0,0,0,0,0,0,0,0,0,0,0,0,0,0,0,0,0,0,0,0,0,0,0,0,0,0,0,0,0,0,0,0,0,0,0,0,0,0,0,0,0,0,0,0,0,0,0,0,0,0,0,0,0,0,0,0,0,0,0,0,0,0,0,0,0,0,0,0,0,0,0,0,0,0,0,0,0,1,0,1,1,0,0,0,1,0,0,0,0,1,0,0,0,0,0,0,0,1,0,1,0,0,1,1,0,0,0,0,0,0,0,0,0,0,0,0,0,0,0,0,0,0,0,0,0,0,0,0,0,0,0,0,6,6,0,0,6,0,6,0,0,0,0,0,0,0,0,6,0,0,0,6,0,0,0,6,6,6,0,2,2,0,0,2,0,2,0,0,0,0,0,0,0,0,2,0,0,0,2,0,0,0,2,2,2,0,0,0,0,0,0,0,0,0,0,0,0,0,0,0,0,0,0,0,0,0,0,0,0,0,0,0,4,1,5,3,1,1,0,4,1,0,0,0,4,0,0,0,1,0,0,0,5,0,4,0,1,5,5,0,0,0,0,0,0,0,0,0,0,0,0,0,0,0,0,0,0,0,0,0,0,0,0,0,0,0,8,2,10,7,1,2,0,9,1,0,0,0,8,0,0,0,2,0,0,0,10,0,8,0,2,10,10,1,0,1,1,0,0,0,1,0,0,0,0,1,0,0,0,0,0,0,0,1,0,1,0,0,1,1,102,15,117,88,14,15,0,103,14,0,0,0,102,0,0,0,15,0,0,0,117,0,102,0,15,117,117
Mohawk Police Department,NY02123,1983,New York,2981,7,0,7,6,1,0,0,6,1,0,0,0,7,0,0,0,0,0,0,0,7,0,7,0,0,7,7,25,6,31,24,1,6,0,30,1,0,0,3,22,0,0,0,6,0,0,3,28,0,25,0,6,31,31,0,0,0,0,0,0,0,0,0,0,0,0,0,0,0,0,0,0,0,0,0,0,0,0,0,0,0,2,2,4,2,0,2,0,4,0,0,0,0,2,0,0,0,2,0,0,0,4,0,2,0,2,4,4,0,0,0,0,0,0,0,0,0,0,0,0,0,0,0,0,0,0,0,0,0,0,0,0,0,0,0,12,6,18,11,1,6,0,17,1,0,0,0,12,0,0,0,6,0,0,0,18,0,12,0,6,18,18,0,0,0,1,0,1,1,0,0,0,0,0,0,0,1,1,0,0,0,1,0,0,0,0,1,1,1,1,0,1,1,0,0,0,1,0,0,0,0,1,0,0,0,0,0,0,0,1,0,1,0,0,1,1,0,0,0,0,0,0,0,0,0,0,0,0,0,0,0,0,0,0,0,0,0,0,0,0,0,0,0,0,0,0,0,0,0,0,0,0,0,0,0,0,0,0,0,0,0,0,0,0,0,0,0,0,0,0,0,0,0,0,0,0,0,0,0,0,0,0,0,0,0,0,0,0,0,0,0,0,0,0,0,0,0,0,0,0,1,0,1,1,0,0,0,0,0,0,0,1,1,0,0,0,1,0,0,0,0,1,1,1,1,0,1,1,0,0,0,1,0,0,0,0,1,0,0,0,0,0,0,0,1,0,1,0,0,1,1,0,0,0,0,0,0,0,0,0,0,0,0,0,0,0,0,0,0,0,0,0,0,0,0,0,0,0,0,0,0,0,0,0,0,0,0,0,0,0,0,0,0,0,0,0,0,0,0,0,0,0,0,0,0,0,0,0,0,0,0,0,0,0,0,0,0,0,0,0,0,0,0,0,0,0,0,0,0,0,0,0,2,0,2,2,0,0,0,2,0,0,0,0,2,0,0,0,0,0,0,0,2,0,2,0,0,2,2,0,0,0,0,0,0,0,0,0,0,0,0,0,0,0,0,0,0,0,0,0,0,0,0,0,0,0,13,0,13,13,0,0,0,13,0,0,0,0,13,0,0,0,0,0,0,0,13,0,13,0,0,13,13,0,0,0,0,0,0,0,0,0,0,0,0,0,0,0,0,0,0,0,0,0,0,0,0,0,0,0,1,0,1,1,0,0,0,1,0,0,0,0,1,0,0,0,0,0,0,0,1,0,1,0,0,1,1,0,0,0,0,0,0,0,0,0,0,0,0,0,0,0,0,0,0,0,0,0,0,0,0,0,0,0,9,1,10,8,1,1,0,9,1,0,0,0,9,0,0,0,1,0,0,0,10,0,9,0,1,10,10,0,0,0,0,0,0,0,0,0,0,0,0,0,0,0,0,0,0,0,0,0,0,0,0,0,0,0,0,0,0,0,0,0,0,0,0,0,0,0,0,0,0,0,0,0,0,0,0,0,0,0,0,0,0,0,0,0,0,0,0,0,0,0,0,0,0,0,0,0,0,0,0,0,0,0,0,0,0,0,0,0,0,0,0,0,0,0,0,0,0,0,0,0,0,0,0,0,0,0,0,0,0,0,0,0,0,0,0,0,0,0,0,0,0,0,0,0,0,0,0,0,0,0,0,0,0,0,0,0,0,0,0,0,0,0,0,0,0,0,0,0,0,0,0,0,0,0,0,0,0,0,0,0,0,0,0,0,0,0,0,0,0,1,0,1,1,0,0,0,1,0,0,0,0,1,0,0,0,0,0,0,0,1,0,1,0,0,1,1,2,0,2,2,0,0,0,2,0,0,0,0,2,0,0,0,0,0,0,0,2,0,2,0,0,2,2,0,0,0,0,0,0,0,0,0,0,0,0,0,0,0,0,0,0,0,0,0,0,0,0,0,0,0,0,0,0,0,0,0,0,0,0,0,0,0,0,0,0,0,0,0,0,0,0,0,0,0,0,0,0,15,1,16,13,2,1,0,14,2,0,0,2,13,0,0,0,1,0,0,2,14,0,15,0,1,16,16,0,0,0,0,0,0,0,0,0,0,0,0,0,0,0,0,0,0,0,0,0,0,0,0,0,0,0,0,0,0,0,0,0,0,0,0,0,0,0,0,0,0,0,0,0,0,0,0,0,0,0,0,0,0,0,0,0,0,0,0,0,0,0,0,0,0,0,0,0,0,0,0,0,0,0,0,0,0,0,0,0,0,0,0,0,0,0,0,0,0,0,0,0,0,0,0,0,0,0,0,0,0,0,0,0,0,0,0,0,0,0,0,0,0,0,0,0,0,0,0,0,0,0,0,0,0,0,0,0,0,0,0,0,0,0,0,0,0,0,0,0,0,0,0,0,0,0,0,0,0,0,0,0,0,0,0,0,0,0,0,0,0,0,0,0,0,0,0,0,0,0,0,0,0,0,0,0,0,0,0,0,0,0,0,0,0,0,0,0,0,0,0,0,0,0,0,0,0,0,0,0,0,0,0,0,0,0,0,0,0,0,0,0,0,0,0,0,0,0,0,0,0,0,0,0,0,0,0,0,0,0,0,0,0,0,0,0,0,0,0,0,0,0,0,0,0,0,0,0,0,0,0,0,0,0,0,0,0,0,0,0,0,0,0,0,0,0,0,0,0,4,6,10,4,0,6,0,10,0,0,0,0,4,0,0,0,6,0,0,0,10,0,4,0,6,10,10,0,0,0,0,0,0,0,0,0,0,0,0,0,0,0,0,0,0,0,0,0,0,0,0,0,0,0,4,5,9,4,0,5,0,9,0,0,0,0,4,0,0,0,5,0,0,0,9,0,4,0,5,9,9,4,1,5,4,0,1,0,5,0,0,0,0,4,0,0,0,1,0,0,0,5,0,4,0,1,5,5,105,28,133,99,6,28,0,127,6,0,0,5,100,0,0,0,28,0,0,5,128,0,105,0,28,133,133
Mohawk Police Department,NY02123,1982,New York,2980,2,4,6,2,0,3,1,5,1,0,0,0,2,0,0,0,4,0,0,0,6,0,2,0,4,6,6,10,2,12,8,2,2,0,10,2,0,0,0,10,0,0,0,2,0,0,0,12,0,10,0,2,12,12,0,0,0,0,0,0,0,0,0,0,0,0,0,0,0,0,0,0,0,0,0,0,0,0,0,0,0,2,1,3,2,0,1,0,3,0,0,0,0,2,0,0,0,1,0,0,0,3,0,2,0,1,3,3,0,0,0,0,0,0,0,0,0,0,0,0,0,0,0,0,0,0,0,0,0,0,0,0,0,0,0,11,3,14,9,2,3,0,12,2,0,0,0,11,0,0,0,3,0,0,0,14,0,11,0,3,14,14,0,0,0,1,0,1,1,0,0,0,0,0,0,0,1,1,0,0,0,1,0,0,0,0,1,1,1,1,0,1,1,0,0,0,1,0,0,0,0,1,0,0,0,0,0,0,0,1,0,1,0,0,1,1,0,0,0,0,0,0,0,0,0,0,0,0,0,0,0,0,0,0,0,0,0,0,0,0,0,0,0,0,0,0,0,0,0,0,0,0,0,0,0,0,0,0,0,0,0,0,0,0,0,0,0,0,0,0,0,0,0,0,0,0,0,0,0,0,0,0,0,0,0,0,0,0,0,0,0,0,0,0,0,0,0,0,0,0,0,0,0,0,0,0,0,0,0,0,0,0,0,0,0,0,0,0,0,0,0,0,0,0,0,0,0,0,0,0,0,0,0,0,0,0,0,0,0,0,0,0,0,0,0,0,0,0,0,0,0,0,0,0,0,0,0,0,0,0,0,0,0,0,0,0,0,0,0,0,0,0,0,0,0,0,0,0,0,0,0,0,0,0,0,0,0,0,0,0,0,0,0,0,0,0,0,0,0,0,0,0,0,0,0,0,0,0,0,0,0,0,0,0,0,0,0,0,0,0,0,0,0,0,0,0,0,0,0,0,0,0,1,0,1,1,0,0,0,1,0,0,0,0,1,0,0,0,0,0,0,0,1,0,1,0,0,1,1,0,0,0,0,0,0,0,0,0,0,0,0,0,0,0,0,0,0,0,0,0,0,0,0,0,0,0,13,1,14,12,1,1,0,13,1,0,0,0,13,0,0,0,1,0,0,0,14,0,13,0,1,14,14,0,0,0,0,0,0,0,0,0,0,0,0,0,0,0,0,0,0,0,0,0,0,0,0,0,0,0,0,0,0,0,0,0,0,0,0,0,0,0,0,0,0,0,0,0,0,0,0,0,0,0,0,0,0,0,0,0,0,0,0,0,0,0,0,0,0,0,0,0,0,0,0,0,0,0,0,0,0,0,0,0,17,0,17,5,12,0,0,5,12,0,0,0,17,0,0,0,0,0,0,0,17,0,17,0,0,17,17,0,0,0,0,0,0,0,0,0,0,0,0,0,0,0,0,0,0,0,0,0,0,0,0,0,0,0,0,0,0,0,0,0,0,0,0,0,0,0,0,0,0,0,0,0,0,0,0,0,0,0,0,0,0,0,0,0,0,0,0,0,0,0,0,0,0,0,0,0,0,0,0,0,0,0,0,0,0,0,0,0,0,0,0,0,0,0,0,0,0,0,0,0,0,0,0,0,0,0,0,0,0,0,0,0,0,0,0,0,0,0,0,0,0,0,0,0,0,0,0,0,0,0,0,0,0,0,0,0,0,0,0,0,0,0,0,0,0,0,0,0,0,0,0,0,0,0,0,0,0,0,0,0,0,0,0,0,0,0,0,0,0,0,0,0,0,0,0,0,0,0,0,0,0,0,0,0,0,0,0,0,0,0,0,0,0,0,0,0,0,0,0,0,0,0,0,0,0,0,0,0,0,0,0,0,0,0,0,0,0,0,0,0,0,0,0,0,0,0,0,0,0,0,0,0,0,0,0,0,0,0,0,0,0,0,0,0,0,0,0,0,0,0,0,0,0,0,0,0,0,0,0,0,0,0,0,0,0,0,0,0,0,0,0,0,0,0,0,0,0,7,1,8,7,0,1,0,8,0,0,0,0,7,0,0,0,1,0,0,0,8,0,7,0,1,8,8,1,0,1,1,0,0,0,1,0,0,0,0,1,0,0,0,0,0,0,0,1,0,1,0,0,1,1,0,0,0,0,0,0,0,0,0,0,0,0,0,0,0,0,0,0,0,0,0,0,0,0,0,0,0,0,0,0,0,0,0,0,0,0,0,0,0,0,0,0,0,0,0,0,0,0,0,0,0,0,0,0,0,0,0,0,0,0,0,0,0,0,0,0,0,0,0,0,0,0,0,0,0,0,0,0,0,0,0,0,0,0,0,0,0,0,0,0,0,0,0,0,0,0,0,0,0,0,0,0,0,0,0,0,0,0,0,0,0,0,0,0,0,0,0,0,0,0,0,0,0,0,0,0,0,0,0,0,0,0,0,0,0,2,0,2,2,0,0,0,2,0,0,0,0,2,0,0,0,0,0,0,0,2,0,2,0,0,2,2,0,0,0,0,0,0,0,0,0,0,0,0,0,0,0,0,0,0,0,0,0,0,0,0,0,0,0,1,1,2,1,0,1,0,2,0,0,0,0,1,0,0,0,1,0,0,0,2,0,1,0,1,2,2,0,0,0,0,0,0,0,0,0,0,0,0,0,0,0,0,0,0,0,0,0,0,0,0,0,0,0,1,3,4,1,0,3,0,4,0,0,0,0,1,0,0,0,3,0,0,0,4,0,1,0,3,4,4,1,0,1,1,0,0,0,1,0,0,0,0,1,0,0,0,0,0,0,0,1,0,1,0,0,1,1,2,0,2,2,0,0,0,2,0,0,0,0,2,0,0,0,0,0,0,0,2,0,2,0,0,2,2,0,1,1,0,0,1,0,1,0,0,0,0,0,0,0,0,1,0,0,0,1,0,0,0,1,1,1,73,17,90,56,17,16,1,72,18,0,0,0,73,0,0,0,17,0,0,0,90,0,73,0,17,90,90
Mohawk Police Department,NY02123,1981,New York,2969,11,0,11,11,0,0,0,11,0,0,0,0,11,0,0,0,0,0,0,0,11,0,11,0,0,11,11,19,3,22,19,0,3,0,22,0,0,0,0,19,0,0,0,3,0,0,0,22,0,19,0,3,22,22,0,3,3,0,0,3,0,3,0,0,0,0,0,0,0,0,3,0,0,0,3,0,0,0,3,3,3,4,8,12,4,0,8,0,12,0,0,0,0,4,0,0,0,8,0,0,0,12,0,4,0,8,12,12,0,0,0,0,0,0,0,0,0,0,0,0,0,0,0,0,0,0,0,0,0,0,0,0,0,0,0,9,0,9,9,0,0,0,9,0,0,0,0,9,0,0,0,0,0,0,0,9,0,9,0,0,9,9,0,0,0,1,0,1,1,0,0,0,1,0,1,1,2,1,0,1,0,2,0,0,0,0,2,2,2,1,1,2,1,0,1,0,2,0,0,0,0,1,0,0,0,1,0,0,0,2,0,1,0,1,2,2,0,0,0,0,0,0,0,0,0,0,0,0,0,0,0,0,0,0,0,0,0,0,0,0,0,0,0,0,0,0,0,0,0,0,0,0,0,0,0,0,0,0,0,0,0,0,0,0,0,0,0,0,0,0,0,0,0,0,0,0,0,0,0,0,0,0,0,0,0,0,0,0,0,0,0,0,0,0,0,0,0,0,0,0,0,0,0,0,0,0,0,0,0,0,0,0,0,0,0,0,0,0,0,0,0,0,0,0,0,0,0,0,0,0,0,0,0,0,0,0,0,0,0,0,0,0,0,0,0,0,0,0,0,0,0,0,0,0,0,0,0,0,0,0,0,0,0,0,0,0,0,0,0,0,0,0,0,0,0,0,0,0,0,0,0,0,0,0,0,0,0,0,0,0,0,0,0,0,0,0,0,0,0,0,0,0,0,0,0,0,0,0,0,0,0,0,0,0,0,0,0,0,0,0,0,0,0,0,0,0,0,0,0,0,0,0,1,1,2,1,0,1,0,2,0,0,0,0,1,0,0,0,1,0,0,0,2,0,1,0,1,2,2,0,0,0,0,0,0,0,0,0,0,0,0,0,0,0,0,0,0,0,0,0,0,0,0,0,0,0,14,0,14,12,2,0,0,12,2,0,0,0,14,0,0,0,0,0,0,0,14,0,14,0,0,14,14,0,0,0,0,0,0,0,0,0,0,0,0,0,0,0,0,0,0,0,0,0,0,0,0,0,0,0,0,0,0,0,0,0,0,0,0,0,0,0,0,0,0,0,0,0,0,0,0,0,0,0,0,0,0,1,0,1,1,0,0,0,1,0,0,0,0,1,0,0,0,0,0,0,0,1,0,1,0,0,1,1,7,0,7,5,2,0,0,5,2,0,0,0,7,0,0,0,0,0,0,0,7,0,7,0,0,7,7,0,0,0,0,0,0,0,0,0,0,0,0,0,0,0,0,0,0,0,0,0,0,0,0,0,0,0,1,0,1,0,1,0,0,0,1,0,0,0,1,0,0,0,0,0,0,0,1,0,1,0,0,1,1,0,0,0,0,0,0,0,0,0,0,0,0,0,0,0,0,0,0,0,0,0,0,0,0,0,0,0,0,0,0,1,0,1,1,0,0,0,0,0,0,0,1,0,1,0,0,0,1,0,0,0,1,1,1,0,0,0,0,0,0,0,0,0,0,0,0,0,0,0,0,0,0,0,0,0,0,0,0,0,0,0,0,0,0,0,0,0,0,0,0,0,0,0,0,0,0,0,0,0,0,0,0,0,0,0,0,0,0,0,0,0,0,0,0,0,0,0,0,0,0,0,0,0,0,0,0,0,0,0,0,0,0,0,0,0,1,0,1,1,0,0,0,1,0,0,0,0,1,0,0,0,0,0,0,0,1,0,1,0,0,1,1,0,0,0,0,0,0,0,0,0,0,0,0,0,0,0,0,0,0,0,0,0,0,0,0,0,0,0,0,0,0,0,0,0,0,0,0,0,0,0,0,0,0,0,0,0,0,0,0,0,0,0,0,0,0,6,0,6,5,1,0,0,5,1,0,0,0,6,0,0,0,0,0,0,0,6,0,6,0,0,6,6,1,0,1,1,0,0,0,1,0,0,0,0,1,0,0,0,0,0,0,0,1,0,1,0,0,1,1,0,0,0,0,0,0,0,0,0,0,0,0,0,0,0,0,0,0,0,0,0,0,0,0,0,0,0,0,0,0,0,0,0,0,0,0,0,0,0,0,0,0,0,0,0,0,0,0,0,0,0,0,0,0,0,0,0,0,0,0,0,0,0,0,0,0,0,0,0,0,0,0,0,0,0,0,0,0,0,0,0,0,0,0,0,0,0,0,0,0,0,0,0,0,0,0,0,0,0,0,0,0,0,0,0,0,0,0,0,0,0,0,0,0,0,0,0,0,0,0,0,0,0,0,0,0,0,0,0,0,0,0,0,0,0,0,0,0,0,0,0,0,0,0,0,0,0,0,0,0,0,0,0,0,0,0,0,0,0,0,0,0,0,0,0,0,0,0,0,0,0,0,0,0,0,0,0,0,0,0,0,0,0,0,0,0,0,0,0,9,0,9,9,0,0,0,9,0,0,0,0,9,0,0,0,0,0,0,0,9,0,9,0,0,9,9,0,0,0,0,0,0,0,0,0,0,0,0,0,0,0,0,0,0,0,0,0,0,0,0,0,0,0,21,0,21,19,2,0,0,19,2,0,0,0,21,0,0,0,0,0,0,0,21,0,21,0,0,21,21,2,1,3,2,0,1,0,3,0,0,0,0,2,0,0,0,1,0,0,0,3,0,2,0,1,3,3,4,9,13,4,0,9,0,13,0,0,0,0,4,0,0,0,9,0,0,0,13,0,4,0,9,13,13,4,0,4,4,0,0,0,4,0,0,0,0,4,0,0,0,0,0,0,0,4,0,4,0,0,4,4,118,27,145,109,9,27,0,136,9,0,0,0,118,0,0,0,27,0,0,0,145,0,118,0,27,145,145
Mohawk Police Department,NY02123,1980,New York,2954,4,0,4,3,1,0,0,3,1,0,0,0,4,0,0,0,0,0,0,0,4,0,4,0,0,4,4,10,2,12,9,1,2,0,11,1,0,0,0,10,0,0,0,2,0,0,0,12,0,10,0,2,12,12,0,0,0,0,0,0,0,0,0,0,0,0,0,0,0,0,0,0,0,0,0,0,0,0,0,0,0,0,3,3,0,0,3,0,3,0,0,0,0,0,0,0,0,3,0,0,0,3,0,0,0,3,3,3,0,0,0,0,0,0,0,0,0,0,0,0,0,0,0,0,0,0,0,0,0,0,0,0,0,0,0,17,1,18,17,0,1,0,18,0,0,0,0,17,0,0,0,1,0,0,0,18,0,17,0,1,18,18,0,0,0,1,0,1,1,0,0,0,8,0,8,8,9,1,0,8,0,9,0,0,0,0,9,9,9,1,8,9,1,0,8,0,9,0,0,0,0,1,0,0,0,8,0,0,0,9,0,1,0,8,9,9,0,0,0,0,0,0,0,0,0,0,0,0,0,0,0,0,0,0,0,0,0,0,0,0,0,0,0,0,0,0,0,0,0,0,0,0,0,0,0,0,0,0,0,0,0,0,0,0,0,0,0,0,0,0,0,0,0,0,0,0,0,0,0,0,0,0,0,0,0,0,0,0,0,0,0,0,0,0,0,0,0,0,0,0,0,0,0,0,0,0,0,1,0,1,1,1,0,0,1,0,1,0,0,0,0,1,1,1,0,1,1,0,0,1,0,1,0,0,0,0,0,0,0,0,1,0,0,0,1,0,0,0,1,1,1,0,0,0,0,0,0,0,0,0,0,0,0,0,0,0,0,0,0,0,0,0,0,0,0,0,0,0,0,0,0,0,0,0,0,0,0,0,0,0,0,0,0,0,0,0,0,0,0,0,0,0,0,0,0,0,0,0,0,0,0,0,0,0,0,0,0,0,0,0,0,0,0,0,0,0,0,0,0,0,0,0,1,9,10,1,0,9,0,10,0,0,0,0,1,0,0,0,9,0,0,0,10,0,1,0,9,10,10,0,0,0,0,0,0,0,0,0,0,0,0,0,0,0,0,0,0,0,0,0,0,0,0,0,0,0,11,1,12,11,0,1,0,12,0,0,0,0,11,0,0,0,1,0,0,0,12,0,11,0,1,12,12,0,0,0,0,0,0,0,0,0,0,0,0,0,0,0,0,0,0,0,0,0,0,0,0,0,0,0,1,0,1,1,0,0,0,1,0,0,0,0,1,0,0,0,0,0,0,0,1,0,1,0,0,1,1,0,0,0,0,0,0,0,0,0,0,0,0,0,0,0,0,0,0,0,0,0,0,0,0,0,0,0,14,1,15,6,8,1,0,7,8,0,0,0,14,0,0,0,1,0,0,0,15,0,14,0,1,15,15,0,0,0,0,0,0,0,0,0,0,0,0,0,0,0,0,0,0,0,0,0,0,0,0,0,0,0,0,0,0,0,0,0,0,0,0,0,0,0,0,0,0,0,0,0,0,0,0,0,0,0,0,0,0,0,0,0,0,0,0,0,0,0,0,0,0,0,0,0,0,0,0,0,0,0,0,0,0,0,0,0,0,0,0,0,0,0,0,0,0,0,0,0,0,0,0,0,0,0,0,0,0,0,0,0,0,0,0,0,0,0,0,0,0,0,0,0,0,0,0,0,0,0,0,0,0,0,0,0,0,0,0,0,0,0,0,0,0,0,0,0,0,0,0,0,0,0,0,0,0,0,0,0,0,0,0,0,0,0,0,0,0,0,0,0,0,0,0,0,0,0,0,0,0,0,0,0,0,0,0,0,0,0,0,0,0,0,0,0,0,0,0,0,0,0,0,0,0,0,0,0,0,0,0,0,0,0,0,0,0,0,0,0,0,0,0,0,1,1,0,0,1,0,1,0,0,0,0,0,0,0,0,1,0,0,0,1,0,0,0,1,1,1,0,0,0,0,0,0,0,0,0,0,0,0,0,0,0,0,0,0,0,0,0,0,0,0,0,0,0,3,1,4,3,0,1,0,4,0,0,0,0,3,0,0,0,1,0,0,0,4,0,3,0,1,4,4,1,1,2,1,0,1,0,2,0,0,0,0,1,0,0,0,1,0,0,0,2,0,1,0,1,2,2,0,0,0,0,0,0,0,0,0,0,0,0,0,0,0,0,0,0,0,0,0,0,0,0,0,0,0,0,0,0,0,0,0,0,0,0,0,0,0,0,0,0,0,0,0,0,0,0,0,0,0,0,0,0,0,0,0,0,0,0,0,0,0,0,0,0,0,0,0,0,0,0,0,0,0,0,0,0,0,0,0,0,0,0,0,0,0,0,0,0,0,0,0,0,0,0,0,0,0,0,0,0,0,0,0,0,0,0,0,1,1,0,0,1,0,1,0,0,0,0,0,0,0,0,1,0,0,0,1,0,0,0,1,1,1,3,1,4,3,0,1,0,4,0,0,0,0,3,0,0,0,1,0,0,0,4,0,3,0,1,4,4,0,0,0,0,0,0,0,0,0,0,0,0,0,0,0,0,0,0,0,0,0,0,0,0,0,0,0,0,0,0,0,0,0,0,0,0,0,0,0,0,0,0,0,0,0,0,0,0,0,0,0,0,0,0,0,0,0,0,0,0,0,0,0,0,0,0,0,0,0,0,0,0,0,0,0,0,0,0,0,0,0,7,1,8,7,0,1,0,8,0,0,0,0,7,0,0,0,1,0,0,0,8,0,7,0,1,8,8,1,0,1,0,1,0,0,0,1,0,0,0,1,0,0,0,0,0,0,0,1,0,1,0,0,1,1,4,7,11,4,0,7,0,11,0,0,0,0,4,0,0,0,7,0,0,0,11,0,4,0,7,11,11,1,0,1,1,0,0,0,1,0,0,0,0,1,0,0,0,0,0,0,0,1,0,1,0,0,1,1,80,48,128,69,11,48,0,117,11,0,0,0,80,0,0,0,48,0,0,0,128,0,80,0,48,128,128
Mohawk Police Department,NY02123,1979,New York,,,,,,,,,,,,,,,,,,,,,,,,,,,,,,,,,,,,,,,,,,,,,,,,,,,,,,,,,,,,,,,,,,,,,,,,,,,,,,,,,,,,,,,,,,,,,,,,,,,,,,,,,,,,,,,,,,,,,,,,,,,,,,,,,,,,,,,,,,,,,,,,,,,,,,,,,,,,,,,,,,,,,,,,,,,,,,,,,,,,,,,,,,,,,,,,,,,,,,,,,,,,,,,,,,,,,,,,,,,,,,,,,,,,,,,,,,,,,,,,,,,,,,,,,,,,,,,,,,,,,,,,,,,,,,,,,,,,,,,,,,,,,,,,,,,,,,,,,,,,,,,,,,,,,,,,,,,,,,,,,,,,,,,,,,,,,,,,,,,,,,,,,,,,,,,,,,,,,,,,,,,,,,,,,,,,,,,,,,,,,,,,,,,,,,,,,,,,,,,,,,,,,,,,,,,,,,,,,,,,,,,,,,,,,,,,,,,,,,,,,,,,,,,,,,,,,,,,,,,,,,,,,,,,,,,,,,,,,,,,,,,,,,,,,,,,,,,,,,,,,,,,,,,,,,,,,,,,,,,,,,,,,,,,,,,,,,,,,,,,,,,,,,,,,,,,,,,,,,,,,,,,,,,,,,,,,,,,,,,,,,,,,,,,,,,,,,,,,,,,,,,,,,,,,,,,,,,,,,,,,,,,,,,,,,,,,,,,,,,,,,,,,,,,,,,,,,,,,,,,,,,,,,,,,,,,,,,,,,,,,,,,,,,,,,,,,,,,,,,,,,,,,,,,,,,,,,,,,,,,,,,,,,,,,,,,,,,,,,,,,,,,,,,,,,,,,,,,,,,,,,,,,,,,,,,,,,,,,,,,,,,,,,,,,,,,,,,,,,,,,,,,,,,,,,,,,,,,,,,,,,,,,,,,,,,,,,,,,,,,,,,,,,,,,,,,,,,,,,,,,,,,,,,,,,,,,,,,,,,,,,,,,,,,,,,,,,,,,,,,,,,,,,,,,,,,,,,,,,,,,,,,,,,,,,,,,,,,,,,,,,,,,,,,,,,,,,,,,,,,,,,,,,,,,,,,,,,,,,,,,,,,,,,,,,,,,,,,,,,,,,,,,,,,,,,,,,,,,,,,,,,,,,,,,,,,,,,,,,,,,,,,,,,,,,,,,,,,,,,,,,,,,,,,,,,,,,,,,,,,,,,,,,,,,,,,,,,,,,,,,,,,,,,,,,,,,,,,,,,,,,,,,,,,,,,,,,,,,,,,,,,,,,,,,,,,,,,,,,,,,,,,,,,,,,,,,,,,,,,,,,,,,,,,,,,,,,,,,,,,,,,,,,,,,,,,,,,,,,,,,,,,,,,,,,,,,,,,,,,,,,,,,,,,,,,,,,,,,,,,,,,,,,,,,,,,,,,,,,,,,,,,,,,,,,,,,,,,,,,,,,,,,,,,,,,,,,,,,,,,,,,,
Mohawk Police Department,NY02123,1978,New York,3172,1,1,2,1,0,1,0,2,0,0,0,0,1,0,0,0,1,0,0,0,2,0,0,0,0,0,0,9,4,13,8,1,4,0,12,1,0,0,0,9,0,0,0,4,0,0,0,13,0,0,0,0,0,0,2,0,2,2,0,0,0,2,0,0,0,0,2,0,0,0,0,0,0,0,2,0,0,0,0,0,0,2,2,4,2,0,2,0,4,0,0,0,0,2,0,0,0,2,0,0,0,4,0,0,0,0,0,0,0,0,0,0,0,0,0,0,0,0,0,0,0,0,0,0,0,0,0,0,0,0,0,0,0,0,0,3,1,4,3,0,1,0,4,0,0,0,0,3,0,0,0,1,0,0,0,4,0,0,0,0,0,0,0,0,0,7,0,0,7,0,0,0,1,0,0,1,8,7,0,1,0,8,0,0,0,0,8,0,0,6,1,7,6,0,1,0,7,0,0,0,0,6,0,0,0,1,0,0,0,7,0,0,0,0,0,0,0,0,0,0,0,0,0,0,0,0,0,0,0,0,0,0,0,0,0,0,0,0,0,0,0,0,0,0,0,0,0,0,0,0,0,0,0,0,0,0,0,0,0,0,0,0,0,0,0,0,0,0,0,0,1,0,1,1,0,0,0,1,0,0,0,0,1,0,0,0,0,0,0,0,1,0,0,0,0,0,0,0,0,0,0,0,0,0,0,0,0,0,0,0,0,0,0,0,0,0,0,0,0,0,0,0,0,0,0,0,0,0,0,0,0,0,0,0,0,0,0,0,0,0,0,0,0,0,0,0,0,0,0,0,0,0,0,0,0,0,0,0,0,0,0,0,0,0,0,0,0,0,0,0,0,0,0,0,0,0,0,0,0,0,0,0,0,0,0,0,0,0,0,0,0,0,0,0,0,0,0,0,0,0,0,0,0,0,0,0,0,0,0,0,0,0,0,0,0,0,0,0,0,0,0,0,0,0,0,0,0,0,0,0,0,0,7,1,8,7,0,1,0,8,0,0,0,0,7,0,0,0,1,0,0,0,8,0,0,0,0,0,0,0,0,0,0,0,0,0,0,0,0,0,0,0,0,0,0,0,0,0,0,0,0,0,0,0,0,0,9,1,10,9,0,1,0,10,0,0,0,0,9,0,0,0,1,0,0,0,10,0,0,0,0,0,0,0,0,0,0,0,0,0,0,0,0,0,0,0,0,0,0,0,0,0,0,0,0,0,0,0,0,0,1,0,1,1,0,0,0,1,0,0,0,0,1,0,0,0,0,0,0,0,1,0,0,0,0,0,0,0,0,0,0,0,0,0,0,0,0,0,0,0,0,0,0,0,0,0,0,0,0,0,0,0,0,0,5,0,5,5,0,0,0,5,0,0,0,1,4,0,0,0,0,0,0,1,4,0,0,0,0,0,0,0,0,0,0,0,0,0,0,0,0,0,0,0,0,0,0,0,0,0,0,0,0,0,0,0,0,0,0,0,0,0,0,0,0,0,0,0,0,0,0,0,0,0,0,0,0,0,0,0,0,0,0,0,0,0,0,0,0,0,0,0,0,0,0,0,0,0,0,0,0,0,0,0,0,0,0,0,0,0,0,0,0,0,0,0,0,0,0,0,0,0,0,0,0,0,0,0,0,0,0,0,0,0,0,0,0,0,0,0,0,0,0,0,0,0,0,0,0,0,0,0,0,0,0,0,0,0,0,0,0,0,0,0,0,0,0,0,0,0,0,0,0,0,0,0,0,0,0,0,0,0,0,0,0,0,0,0,0,0,0,0,0,0,0,0,0,0,0,0,0,0,0,0,0,0,0,0,0,0,0,0,0,0,0,0,0,0,0,0,0,0,0,0,0,0,0,0,0,0,0,0,0,0,0,0,0,0,0,0,0,0,0,0,0,0,0,0,0,0,0,0,0,0,0,0,0,0,0,0,0,0,0,0,0,0,0,0,0,0,0,0,0,0,0,0,0,0,0,0,0,0,0,0,0,0,0,0,0,0,0,0,0,0,0,0,0,0,0,0,0,4,1,5,3,1,1,0,4,1,0,0,0,4,0,0,0,1,0,0,0,5,0,0,0,0,0,0,3,0,3,3,0,0,0,3,0,0,0,0,3,0,0,0,0,0,0,0,3,0,0,0,0,0,0,0,0,0,0,0,0,0,0,0,0,0,0,0,0,0,0,0,0,0,0,0,0,0,0,0,0,0,0,0,0,0,0,0,0,0,0,0,0,0,0,0,0,0,0,0,0,0,0,0,0,0,0,0,0,0,0,0,0,0,0,0,0,0,0,0,0,0,0,0,0,0,0,0,0,0,0,0,0,0,0,0,0,0,0,0,0,0,0,0,0,0,0,0,0,0,0,0,0,0,0,0,0,0,0,0,0,0,0,0,0,0,0,0,0,0,0,0,0,0,0,0,0,0,0,0,0,0,0,0,0,0,0,0,0,0,0,1,1,0,0,1,0,1,0,0,0,0,0,0,0,0,1,0,0,0,1,0,0,0,0,0,0,0,0,0,0,0,0,0,0,0,0,0,0,0,0,0,0,0,0,0,0,0,0,0,0,0,0,0,0,0,0,0,0,0,0,0,0,0,0,0,0,0,0,0,0,0,0,0,0,0,0,0,0,0,0,0,0,0,0,0,0,0,0,0,0,0,0,0,0,0,0,0,0,0,0,0,0,0,0,0,0,0,2,5,7,1,1,5,0,6,1,0,0,0,2,0,0,0,5,0,0,0,7,0,0,0,0,0,0,0,0,0,0,0,0,0,0,0,0,0,0,0,0,0,0,0,0,0,0,0,0,0,0,0,0,0,4,8,12,4,0,7,1,11,1,0,0,0,4,0,0,0,11,0,0,0,15,0,0,0,0,0,0,5,4,9,5,0,4,0,9,0,0,0,0,5,0,0,0,4,0,0,0,9,0,0,0,0,0,0,71,31,102,68,3,30,1,98,4,0,0,1,70,0,0,0,34,0,0,1,104,0,0,0,0,0,0
Mohawk Police Department,NY02123,1977,New York,3500,1,0,1,1,0,0,0,1,0,0,0,0,1,0,0,0,0,0,0,0,1,0,0,0,0,0,0,9,7,16,9,0,6,1,15,1,0,0,2,7,0,0,0,8,0,0,2,15,0,0,0,0,0,0,0,0,0,0,0,0,0,0,0,0,0,0,0,0,0,0,0,0,0,0,0,0,0,0,0,0,0,0,0,0,0,0,0,0,0,0,0,0,0,0,0,0,0,2,0,0,0,2,0,0,0,0,0,0,0,0,0,0,0,0,0,0,0,0,0,0,0,0,0,0,0,0,0,0,0,0,0,0,0,0,0,5,5,10,3,2,5,0,8,2,0,0,0,5,0,0,0,5,0,0,0,10,0,0,0,0,0,0,0,0,0,2,0,0,2,0,0,0,0,0,0,0,2,0,2,0,0,0,2,0,0,0,2,0,0,2,0,2,0,2,0,0,0,2,0,0,0,2,0,0,0,0,0,0,0,2,0,0,0,0,0,0,0,0,0,0,0,0,0,0,0,0,0,0,0,0,0,0,0,0,0,0,0,0,0,0,0,0,0,0,0,0,0,0,0,0,0,0,0,0,0,0,0,0,0,0,0,0,0,0,0,0,0,0,0,0,0,0,0,0,0,0,0,0,0,0,0,0,0,0,0,0,0,0,0,0,0,0,0,0,0,0,0,0,0,0,0,0,0,0,0,0,0,0,0,0,0,0,0,0,0,0,0,0,0,0,0,0,0,0,0,0,0,0,0,0,0,0,0,0,0,0,0,0,0,0,0,0,0,0,0,0,0,0,0,0,0,0,0,0,0,0,0,0,0,0,0,0,0,0,0,0,0,0,0,0,0,0,0,0,0,0,0,0,0,0,0,0,0,0,0,0,0,0,0,0,0,0,0,0,0,0,0,0,0,0,0,0,0,0,0,0,0,0,0,0,0,0,0,0,0,0,0,0,0,0,0,0,0,0,0,0,0,0,0,0,0,0,2,0,2,0,2,0,0,0,2,0,0,0,2,0,0,0,0,0,0,0,2,0,0,0,0,0,0,0,0,0,0,0,0,0,0,0,0,0,0,0,0,0,0,0,0,0,0,0,0,0,0,0,0,0,5,0,5,4,1,0,0,4,1,0,0,0,5,0,0,0,0,0,0,0,5,0,0,0,0,0,0,0,0,0,0,0,0,0,0,0,0,0,0,0,0,0,0,0,0,0,0,0,0,0,0,0,0,0,0,1,1,0,0,1,0,1,0,0,0,0,0,0,0,0,1,0,0,0,1,0,0,0,0,0,0,1,0,1,0,1,0,0,0,1,0,0,0,1,0,0,0,0,0,0,0,1,0,0,0,0,0,0,5,0,5,1,4,0,0,1,4,0,0,0,5,0,0,0,0,0,0,0,5,0,0,0,0,0,0,0,0,0,0,0,0,0,0,0,0,0,0,0,0,0,0,0,0,0,0,0,0,0,0,0,0,0,0,0,0,0,0,0,0,0,0,0,0,0,0,0,0,0,0,0,0,0,0,0,0,0,0,0,0,0,0,0,0,0,0,0,0,0,0,0,0,0,0,0,0,0,0,0,0,0,0,0,0,0,0,0,0,0,0,0,0,0,0,0,0,0,0,0,0,0,0,0,0,0,0,0,0,0,0,0,0,0,0,0,0,0,0,0,0,0,0,0,0,0,0,0,0,0,0,0,0,0,0,0,0,0,0,0,0,0,0,0,0,0,0,0,0,0,0,0,0,0,0,0,0,0,0,0,0,0,0,0,0,0,0,0,0,0,0,0,0,0,0,0,0,0,0,0,0,0,0,0,0,0,0,0,0,0,0,0,0,0,0,0,0,0,0,0,0,0,0,0,0,0,0,0,0,0,0,0,0,0,0,0,0,0,0,0,0,0,0,1,0,1,1,0,0,0,1,0,0,0,0,1,0,0,0,0,0,0,0,1,0,0,0,0,0,0,0,0,0,0,0,0,0,0,0,0,0,0,0,0,0,0,0,0,0,0,0,0,0,0,0,0,0,2,0,2,2,0,0,0,2,0,0,0,0,2,0,0,0,0,0,0,0,2,0,0,0,0,0,0,0,0,0,0,0,0,0,0,0,0,0,0,0,0,0,0,0,0,0,0,0,0,0,0,0,0,0,0,0,0,0,0,0,0,0,0,0,0,0,0,0,0,0,0,0,0,0,0,0,0,0,0,0,0,0,0,0,0,0,0,0,0,0,0,0,0,0,0,0,0,0,0,0,0,0,0,0,0,0,0,0,0,0,0,0,0,0,0,0,0,0,0,0,0,0,0,0,0,0,0,0,0,0,0,0,0,0,0,0,0,0,0,0,0,0,0,0,0,0,0,0,0,0,0,0,0,0,0,0,0,0,0,0,0,0,0,0,0,0,0,0,0,0,0,0,0,0,0,0,0,0,0,0,0,0,0,0,0,0,0,0,0,0,0,0,0,0,0,0,0,0,0,0,0,0,0,0,0,0,0,0,0,0,0,0,0,0,0,0,0,0,0,0,0,0,0,0,0,0,0,0,0,0,0,0,0,0,0,0,0,0,0,0,0,0,0,0,0,0,0,0,0,0,0,0,0,0,0,0,0,0,0,0,0,0,0,0,0,0,0,0,0,0,0,0,0,0,0,0,0,0,0,0,0,0,0,0,0,0,0,0,0,0,0,0,0,0,0,0,0,1,7,8,1,0,7,0,8,0,0,0,0,1,0,0,0,8,0,0,0,9,0,0,0,0,0,0,1,0,1,1,0,0,0,1,0,0,0,0,1,0,0,0,0,0,0,0,1,0,0,0,0,0,0,1,7,8,1,0,7,0,8,0,0,0,0,1,0,0,0,7,0,0,0,8,0,0,0,0,0,0,0,1,1,0,0,1,0,1,0,0,0,0,0,0,0,0,1,0,0,0,1,0,0,0,0,0,0,38,28,66,24,14,27,1,51,15,0,0,2,36,0,0,0,32,0,0,2,68,0,0,0,0,0,0
Mohawk Police Department,NY02123,1976,New York,3600,4,2,6,4,0,1,1,5,1,0,0,0,4,0,0,0,2,0,0,0,6,0,0,0,0,0,0,21,5,26,18,3,5,0,23,3,0,0,0,21,0,0,0,5,0,0,0,26,0,0,0,0,0,0,0,0,0,0,0,0,0,0,0,0,0,0,0,0,0,0,0,0,0,0,0,0,0,0,0,0,0,5,4,9,5,0,4,0,9,0,0,0,0,5,0,0,0,4,0,0,0,9,0,0,0,0,0,0,0,0,0,0,0,0,0,0,0,0,0,0,0,0,0,0,0,0,0,0,0,0,0,0,0,0,0,5,3,8,5,0,3,0,8,0,0,0,0,5,0,0,0,3,0,0,0,8,0,0,0,0,0,0,0,0,0,1,0,0,1,0,0,0,3,0,0,3,4,1,0,3,0,4,0,0,0,0,4,0,0,1,1,2,1,0,1,0,2,0,0,0,0,1,0,0,0,1,0,0,0,2,0,0,0,0,0,0,0,0,0,0,0,0,0,0,0,0,0,0,0,0,0,0,0,0,0,0,0,0,0,0,0,0,0,0,2,2,0,0,2,0,2,0,0,0,0,0,0,0,0,2,0,0,0,2,0,0,0,0,0,0,0,0,0,0,0,0,0,0,0,0,0,0,0,0,0,0,0,0,0,0,0,0,0,0,0,0,0,0,0,0,0,0,0,0,0,0,0,0,0,0,0,0,0,0,0,0,0,0,0,0,0,0,0,0,0,0,0,0,0,0,0,0,0,0,0,0,0,0,0,0,0,0,0,0,0,0,0,0,0,0,0,0,0,0,0,0,0,0,0,0,0,0,0,0,0,0,0,0,0,0,0,0,0,0,0,0,0,0,0,0,0,0,0,0,0,0,0,0,0,0,0,0,0,0,0,0,0,0,0,0,0,0,0,0,0,0,0,0,0,0,0,0,0,0,0,0,0,0,0,0,0,0,0,0,0,0,0,0,0,0,0,0,1,3,4,1,0,3,0,4,0,0,0,0,1,0,0,0,3,0,0,0,4,0,0,0,0,0,0,0,0,0,0,0,0,0,0,0,0,0,0,0,0,0,0,0,0,0,0,0,0,0,0,0,0,0,16,0,16,12,4,0,0,12,4,0,0,0,16,0,0,0,0,0,0,0,16,0,0,0,0,0,0,0,0,0,0,0,0,0,0,0,0,0,0,0,0,0,0,0,0,0,0,0,0,0,0,0,0,0,0,0,0,0,0,0,0,0,0,0,0,0,0,0,0,0,0,0,0,0,0,0,0,0,0,0,0,0,0,0,0,0,0,0,0,0,0,0,0,0,0,0,0,0,0,0,0,0,0,0,0,0,0,0,9,0,9,9,0,0,0,9,0,0,0,0,9,0,0,0,0,0,0,0,9,0,0,0,0,0,0,0,0,0,0,0,0,0,0,0,0,0,0,0,0,0,0,0,0,0,0,0,0,0,0,0,0,0,0,0,0,0,0,0,0,0,0,0,0,0,0,0,0,0,0,0,0,0,0,0,0,0,0,0,0,0,0,0,0,0,0,0,0,0,0,0,0,0,0,0,0,0,0,0,0,0,0,0,0,0,0,0,0,0,0,0,0,0,0,0,0,0,0,0,0,0,0,0,0,0,0,0,0,0,0,0,0,0,0,0,0,0,0,0,0,0,0,0,0,0,0,0,0,0,0,0,0,0,0,0,0,0,0,0,0,0,0,0,0,0,0,0,0,0,0,0,0,0,0,0,0,0,0,0,0,0,0,0,0,0,0,0,0,0,0,0,0,0,0,0,0,0,0,0,0,0,0,0,0,0,0,0,0,0,0,0,0,0,0,0,0,0,0,0,0,0,0,0,0,0,0,0,0,0,0,0,0,0,0,0,0,0,0,0,0,0,0,0,0,0,0,0,0,0,0,0,0,0,0,0,0,0,0,0,0,0,0,0,0,0,0,0,0,0,0,0,0,0,0,0,0,0,0,0,0,0,0,0,0,0,0,0,0,0,0,0,0,0,0,0,0,1,0,1,1,0,0,0,1,0,0,0,0,1,0,0,0,0,0,0,0,1,0,0,0,0,0,0,0,0,0,0,0,0,0,0,0,0,0,0,0,0,0,0,0,0,0,0,0,0,0,0,0,0,0,0,0,0,0,0,0,0,0,0,0,0,0,0,0,0,0,0,0,0,0,0,0,0,0,0,0,0,0,0,0,0,0,0,0,0,0,0,0,0,0,0,0,0,0,0,0,0,0,0,0,0,0,0,0,0,0,0,0,0,0,0,0,0,0,0,0,0,0,0,0,0,0,0,0,0,0,0,0,0,0,0,0,0,0,0,0,0,0,0,0,0,0,0,0,0,0,0,0,0,0,0,0,0,0,0,0,0,0,0,0,0,0,0,0,0,0,0,0,0,0,0,0,0,0,0,0,0,0,0,0,0,0,0,0,0,0,0,0,0,0,0,0,0,0,0,0,0,0,0,0,0,0,0,0,0,0,0,0,0,0,0,0,0,0,0,0,0,0,0,0,0,0,0,0,0,0,0,0,0,0,0,0,0,0,0,0,0,0,0,2,0,2,2,0,0,0,2,0,0,0,0,2,0,0,0,0,0,0,0,2,0,0,0,0,0,0,0,0,0,0,0,0,0,0,0,0,0,0,0,0,0,0,0,0,0,0,0,0,0,0,0,0,0,9,2,11,8,1,2,0,10,1,0,0,1,8,0,0,0,2,0,0,1,10,0,0,0,0,0,0,1,4,5,1,0,4,0,5,0,0,0,0,1,0,0,0,4,0,0,0,5,0,0,0,0,0,0,2,1,3,2,0,1,0,3,0,0,0,0,2,0,0,0,1,0,0,0,3,0,0,0,0,0,0,1,0,1,1,0,0,0,1,0,0,0,0,1,0,0,0,0,0,0,0,1,0,0,0,0,0,0,79,30,109,71,8,29,1,100,9,0,0,1,78,0,0,0,30,0,0,1,108,0,0,0,0,0,0
Mohawk Police Department,NY02123,1975,New York,3565,5,0,5,4,1,0,0,4,1,0,0,0,5,0,0,0,0,0,0,0,5,0,0,0,0,0,0,8,8,16,5,3,8,0,13,3,0,0,0,8,0,0,0,8,0,0,0,16,0,0,0,0,0,0,0,1,1,0,0,1,0,1,0,0,0,0,0,0,0,0,4,0,0,0,4,0,0,0,0,0,0,5,4,9,5,0,4,0,9,0,0,0,0,5,0,0,0,6,0,0,0,11,0,0,0,0,0,0,0,0,0,0,0,0,0,0,0,0,0,0,0,0,0,0,0,0,0,0,0,0,0,0,0,0,0,7,1,8,6,1,1,0,7,1,0,0,0,7,0,0,0,1,0,0,0,8,0,0,0,0,0,0,0,0,0,0,0,0,0,0,0,0,0,0,0,0,0,0,0,0,0,0,0,0,0,0,0,0,0,0,0,0,0,0,0,0,0,0,0,0,0,0,0,0,0,0,0,0,0,0,0,0,0,0,0,0,0,0,0,0,0,0,0,0,0,0,0,0,0,0,0,0,0,0,0,0,0,0,0,0,0,0,0,0,0,0,0,0,0,0,0,0,0,0,0,0,0,0,0,0,0,0,0,0,0,0,0,0,0,0,0,0,0,0,0,0,0,0,0,0,0,0,0,0,0,0,0,0,0,0,0,0,0,0,0,0,0,0,0,0,0,0,0,0,0,0,0,0,0,0,0,0,0,0,0,0,0,0,0,0,0,0,0,0,2,1,3,2,0,1,0,3,0,0,0,0,2,0,0,0,1,0,0,0,3,0,0,0,0,0,0,0,0,0,0,0,0,0,0,0,0,0,0,0,0,0,0,0,0,0,0,0,0,0,0,0,0,0,0,0,0,0,0,0,0,0,0,0,0,0,0,0,0,0,0,0,0,0,0,0,0,0,0,0,0,0,0,0,0,0,0,0,0,0,0,0,0,0,0,0,0,0,0,0,0,0,0,0,0,0,0,0,2,1,3,2,0,1,0,3,0,0,0,0,2,0,0,0,1,0,0,0,3,0,0,0,0,0,0,5,0,5,5,0,0,0,5,0,0,0,0,5,0,0,0,0,0,0,0,5,0,0,0,0,0,0,20,0,20,17,3,0,0,17,3,0,0,0,20,0,0,0,0,0,0,0,20,0,0,0,0,0,0,0,0,0,0,0,0,0,0,0,0,0,0,0,0,0,0,0,0,0,0,0,0,0,0,0,0,0,2,0,2,1,1,0,0,1,1,0,0,0,2,0,0,0,0,0,0,0,2,0,0,0,0,0,0,0,0,0,0,0,0,0,0,0,0,0,0,0,0,0,0,0,0,0,0,0,0,0,0,0,0,0,9,0,9,8,1,0,0,8,1,0,0,0,9,0,0,0,0,0,0,0,9,0,0,0,0,0,0,0,0,0,0,0,0,0,0,0,0,0,0,0,0,0,0,0,0,0,0,0,0,0,0,0,0,0,0,0,0,0,0,0,0,0,0,0,0,0,0,0,0,0,0,0,0,0,0,0,0,0,0,0,0,0,0,0,0,0,0,0,0,0,0,0,0,0,0,0,0,0,0,0,0,0,0,0,0,0,0,0,0,0,0,0,0,0,0,0,0,0,0,0,0,0,0,0,0,0,0,0,0,0,0,0,0,0,0,0,0,0,0,0,0,0,0,0,0,0,0,0,0,0,0,0,0,0,0,0,0,0,0,0,0,0,0,0,0,0,0,0,0,0,0,0,0,0,0,0,0,0,0,0,0,0,0,0,0,0,0,0,0,1,0,1,1,0,0,0,1,0,0,0,0,1,0,0,0,0,0,0,0,1,0,0,0,0,0,0,1,4,5,1,0,4,0,5,0,0,0,0,1,0,0,0,4,0,0,0,5,0,0,0,0,0,0,0,0,0,0,0,0,0,0,0,0,0,0,0,0,0,0,0,0,0,0,0,0,0,0,0,0,0,0,0,0,0,0,0,0,0,0,0,0,0,0,0,0,0,0,0,0,0,0,0,0,0,0,0,0,2,0,2,2,0,0,0,2,0,0,0,0,2,0,0,0,0,0,0,0,2,0,0,0,0,0,0,5,1,6,5,0,1,0,6,0,0,0,0,5,0,0,0,1,0,0,0,6,0,0,0,0,0,0,0,0,0,0,0,0,0,0,0,0,0,0,0,0,0,0,0,0,0,0,0,0,0,0,0,0,0,0,0,0,0,0,0,0,0,0,0,0,0,0,0,0,0,0,0,0,0,0,0,0,0,0,0,0,0,0,0,0,0,0,0,0,0,0,0,0,0,0,0,0,0,0,0,0,0,0,0,0,0,0,0,0,0,0,0,0,0,0,0,0,0,0,0,0,0,0,0,0,0,0,0,0,0,0,0,0,0,0,0,0,0,0,0,0,0,0,0,0,0,0,0,0,0,0,0,0,0,0,0,0,0,0,0,0,0,0,0,0,0,0,0,0,0,0,0,0,0,0,0,0,0,0,0,0,0,0,0,0,0,0,0,0,0,0,0,0,0,0,0,0,0,0,0,0,0,0,0,0,0,0,0,0,0,0,0,0,0,0,0,0,0,0,0,0,0,0,0,0,0,0,0,0,0,0,0,0,0,0,0,0,0,0,0,0,0,0,0,0,0,0,0,0,0,0,0,0,0,0,0,0,0,0,0,0,0,0,0,0,0,0,0,0,0,4,8,12,4,0,7,1,11,1,0,0,0,4,0,0,0,8,0,0,0,12,0,0,0,0,0,0,0,0,0,0,0,0,0,0,0,0,0,0,0,0,0,0,0,0,0,0,0,0,0,0,0,0,0,3,1,4,3,0,1,0,4,0,0,0,0,3,0,0,0,3,0,0,0,6,0,0,0,0,0,0,0,0,0,0,0,0,0,0,0,0,0,0,0,0,0,0,0,0,0,0,0,0,0,0,0,0,0,81,30,111,71,10,29,1,100,11,0,0,0,81,0,0,0,37,0,0,0,118,0,0,0,0,0,0
Mohawk Police Department,NY02123,1974,New York,3500,3,3,6,3,0,3,0,6,0,0,0,0,3,0,0,0,4,0,0,0,7,0,0,0,0,0,0,12,2,14,11,1,2,0,13,1,0,0,0,12,0,0,0,2,0,0,0,14,0,0,0,0,0,0,0,1,1,0,0,1,0,1,0,0,0,0,0,0,0,0,1,0,0,0,1,0,0,0,0,0,0,7,0,7,7,0,0,0,7,0,0,0,0,7,0,0,0,0,0,0,0,7,0,0,0,0,0,0,0,0,0,0,0,0,0,0,0,0,0,0,0,0,0,0,0,0,0,0,0,0,0,0,0,0,0,4,1,5,4,0,1,0,5,0,0,0,0,4,0,0,0,1,0,0,0,5,0,0,0,0,0,0,0,0,0,0,0,0,0,0,0,0,0,0,0,0,0,0,0,0,0,0,0,0,0,0,0,0,0,0,0,0,0,0,0,0,0,0,0,0,0,0,0,0,0,0,0,0,0,0,0,0,0,0,0,0,0,0,0,0,0,0,0,0,0,0,0,0,0,0,0,0,0,0,0,0,0,0,0,0,0,0,0,0,0,0,0,0,0,0,0,0,0,0,0,0,0,0,0,0,0,0,0,0,0,0,0,0,0,0,0,0,0,0,0,0,0,0,0,0,0,0,0,0,0,0,0,0,0,0,0,0,0,0,0,0,0,0,0,0,0,0,0,0,0,0,0,0,0,0,0,0,0,0,0,0,0,0,0,0,0,0,0,0,2,0,2,0,2,0,0,0,2,0,0,0,2,0,0,0,0,0,0,0,2,0,0,0,0,0,0,0,0,0,0,0,0,0,0,0,0,0,0,0,0,0,0,0,0,0,0,0,0,0,0,0,0,0,0,0,0,0,0,0,0,0,0,0,0,0,0,0,0,0,0,0,0,0,0,0,0,0,0,0,0,1,0,1,1,0,0,0,1,0,0,0,0,1,0,0,0,0,0,0,0,1,0,0,0,0,0,0,3,0,3,1,2,0,0,1,2,0,0,0,3,0,0,0,0,0,0,0,3,0,0,0,0,0,0,5,7,12,5,0,7,0,12,0,0,0,0,5,0,0,0,7,0,0,0,12,0,0,0,0,0,0,19,0,19,19,0,0,0,19,0,0,0,0,19,0,0,0,0,0,0,0,19,0,0,0,0,0,0,0,0,0,0,0,0,0,0,0,0,0,0,0,0,0,0,0,0,0,0,0,0,0,0,0,0,0,0,0,0,0,0,0,0,0,0,0,0,0,0,0,0,0,0,0,0,0,0,0,0,0,0,0,0,2,0,2,2,0,0,0,2,0,0,0,0,2,0,0,0,0,0,0,0,2,0,0,0,0,0,0,0,0,0,0,0,0,0,0,0,0,0,0,0,0,0,0,0,0,0,0,0,0,0,0,0,0,0,0,0,0,0,0,0,0,0,0,0,0,0,0,0,0,0,0,0,0,0,0,0,0,0,0,0,0,0,0,0,0,0,0,0,0,0,0,0,0,0,0,0,0,0,0,0,0,0,0,0,0,0,0,0,0,0,0,0,0,0,0,0,0,0,0,0,0,0,0,0,0,0,0,0,0,0,0,0,0,0,0,0,0,0,0,0,0,0,0,0,0,0,0,0,0,0,0,0,0,0,0,0,0,0,0,0,0,0,0,0,0,0,0,0,0,0,0,0,0,0,0,0,0,0,0,0,0,0,0,0,0,0,0,0,0,0,0,0,0,0,0,0,0,0,0,0,0,0,0,0,0,0,0,0,0,0,0,0,0,0,0,0,0,0,0,0,0,0,0,0,0,0,0,0,0,0,0,0,0,0,0,0,0,0,0,0,0,0,0,0,0,0,0,0,0,0,0,0,0,0,0,0,0,0,0,0,0,0,0,0,0,0,0,0,0,0,0,0,0,0,0,0,0,0,0,0,0,0,0,0,0,0,0,0,0,0,0,0,0,0,0,0,0,0,0,0,0,0,0,0,0,0,0,0,0,0,0,0,0,0,0,0,0,0,0,0,0,0,0,0,1,1,2,1,0,0,1,1,1,0,0,0,1,0,0,0,1,0,0,0,2,0,0,0,0,0,0,1,2,3,1,0,2,0,3,0,0,0,0,1,0,0,0,2,0,0,0,3,0,0,0,0,0,0,0,0,0,0,0,0,0,0,0,0,0,0,0,0,0,0,0,0,0,0,0,0,0,0,0,0,0,0,0,0,0,0,0,0,0,0,0,0,0,0,0,0,0,0,0,0,0,0,0,0,0,0,0,0,0,0,0,0,0,0,0,0,0,0,0,0,0,0,0,0,0,0,0,0,0,0,0,0,0,0,0,0,0,0,0,0,0,0,0,0,0,0,0,0,0,0,0,0,0,0,0,0,0,0,0,0,0,0,0,0,0,0,0,0,0,0,0,0,0,0,0,0,0,0,0,0,0,0,0,0,0,0,0,0,0,0,0,0,0,0,0,0,0,0,0,0,0,0,0,0,0,0,0,0,0,0,0,0,0,0,0,0,0,0,0,0,0,0,0,0,0,0,0,0,0,0,0,0,0,0,0,0,0,0,0,0,0,0,0,0,0,0,0,0,0,0,0,0,0,0,0,0,0,0,0,0,0,0,0,0,0,0,0,0,0,0,0,0,0,0,0,0,0,0,0,0,0,0,0,0,0,0,0,0,0,0,0,0,0,0,0,0,0,3,4,7,3,0,4,0,7,0,0,0,0,3,0,0,0,4,0,0,0,7,0,0,0,0,0,0,0,0,0,0,0,0,0,0,0,0,0,0,0,0,0,0,0,0,0,0,0,0,0,0,0,0,0,1,11,12,0,1,9,2,9,3,0,0,0,1,0,0,0,11,0,0,0,12,0,0,0,0,0,0,0,0,0,0,0,0,0,0,0,0,0,0,0,0,0,0,0,0,0,0,0,0,0,0,0,0,0,64,32,96,58,6,29,3,87,9,0,0,0,64,0,0,0,33,0,0,0,97,0,0,0,0,0,0
