agency,ORI,year,state,population,agg_assault_tot_adult,agg_assault_tot_juv,agg_assault_tot_arrests,agg_assault_tot_female_adult,agg_assault_tot_male_adult,agg_assault_tot_female_juv,agg_assault_tot_male_juv,agg_assault_tot_female,agg_assault_tot_male,agg_assault_adult_amer_ind,agg_assault_adult_asian,agg_assault_adult_black,agg_assault_adult_white,agg_assault_juv_amer_ind,agg_assault_juv_asian,agg_assault_juv_black,agg_assault_juv_white,agg_assault_tot_amer_ind,agg_assault_tot_asian,agg_assault_tot_black,agg_assault_tot_white,agg_assault_adult_hispanic,agg_assault_adult_non_hisp,agg_assault_juv_hispanic,agg_assault_juv_non_hisp,agg_assault_tot_hispanic,agg_assault_tot_non_hisp,all_other_tot_adult,all_other_tot_juv,all_other_tot_arrests,all_other_tot_female_adult,all_other_tot_male_adult,all_other_tot_female_juv,all_other_tot_male_juv,all_other_tot_female,all_other_tot_male,all_other_adult_amer_ind,all_other_adult_asian,all_other_adult_black,all_other_adult_white,all_other_juv_amer_ind,all_other_juv_asian,all_other_juv_black,all_other_juv_white,all_other_tot_amer_ind,all_other_tot_asian,all_other_tot_black,all_other_tot_white,all_other_adult_hispanic,all_other_adult_non_hisp,all_other_juv_hispanic,all_other_juv_non_hisp,all_other_tot_hispanic,all_other_tot_non_hisp,oth_assault_tot_adult,oth_assault_tot_juv,oth_assault_tot_arrests,oth_assault_tot_female_adult,oth_assault_tot_male_adult,oth_assault_tot_female_juv,oth_assault_tot_male_juv,oth_assault_tot_female,oth_assault_tot_male,oth_assault_adult_amer_ind,oth_assault_adult_asian,oth_assault_adult_black,oth_assault_adult_white,oth_assault_juv_amer_ind,oth_assault_juv_asian,oth_assault_juv_black,oth_assault_juv_white,oth_assault_tot_amer_ind,oth_assault_tot_asian,oth_assault_tot_black,oth_assault_tot_white,oth_assault_adult_hispanic,oth_assault_adult_non_hisp,oth_assault_juv_hispanic,oth_assault_juv_non_hisp,oth_assault_tot_hispanic,oth_assault_tot_non_hisp,arson_tot_adult,arson_tot_juv,arson_tot_arrests,arson_tot_female_adult,arson_tot_male_adult,arson_tot_female_juv,arson_tot_male_juv,arson_tot_female,arson_tot_male,arson_adult_amer_ind,arson_adult_asian,arson_adult_black,arson_adult_white,arson_juv_amer_ind,arson_juv_asian,arson_juv_black,arson_juv_white,arson_tot_amer_ind,arson_tot_asian,arson_tot_black,arson_tot_white,arson_adult_hispanic,arson_adult_non_hisp,arson_juv_hispanic,arson_juv_non_hisp,arson_tot_hispanic,arson_tot_non_hisp,burglary_tot_adult,burglary_tot_juv,burglary_tot_arrests,burglary_tot_female_adult,burglary_tot_male_adult,burglary_tot_female_juv,burglary_tot_male_juv,burglary_tot_female,burglary_tot_male,burglary_adult_amer_ind,burglary_adult_asian,burglary_adult_black,burglary_adult_white,burglary_juv_amer_ind,burglary_juv_asian,burglary_juv_black,burglary_juv_white,burglary_tot_amer_ind,burglary_tot_asian,burglary_tot_black,burglary_tot_white,burglary_adult_hispanic,burglary_adult_non_hisp,burglary_juv_hispanic,burglary_juv_non_hisp,burglary_tot_hispanic,burglary_tot_non_hisp,curfew_loiter_tot_adult,curfew_loiter_tot_juv,curfew_loiter_tot_arrests,curfew_loiter_tot_female_adult,curfew_loiter_tot_male_adult,curfew_loiter_tot_female_juv,curfew_loiter_tot_male_juv,curfew_loiter_tot_female,curfew_loiter_tot_male,curfew_loiter_adult_amer_ind,curfew_loiter_adult_asian,curfew_loiter_adult_black,curfew_loiter_adult_white,curfew_loiter_juv_amer_ind,curfew_loiter_juv_asian,curfew_loiter_juv_black,curfew_loiter_juv_white,curfew_loiter_tot_amer_ind,curfew_loiter_tot_asian,curfew_loiter_tot_black,curfew_loiter_tot_white,curfew_loiter_adult_hispanic,curfew_loiter_adult_non_hisp,curfew_loiter_juv_hispanic,curfew_loiter_juv_non_hisp,curfew_loiter_tot_hispanic,curfew_loiter_tot_non_hisp,disorder_cond_tot_adult,disorder_cond_tot_juv,disorder_cond_tot_arrests,disorder_cond_tot_female_adult,disorder_cond_tot_male_adult,disorder_cond_tot_female_juv,disorder_cond_tot_male_juv,disorder_cond_tot_female,disorder_cond_tot_male,disorder_cond_adult_amer_ind,disorder_cond_adult_asian,disorder_cond_adult_black,disorder_cond_adult_white,disorder_cond_juv_amer_ind,disorder_cond_juv_asian,disorder_cond_juv_black,disorder_cond_juv_white,disorder_cond_tot_amer_ind,disorder_cond_tot_asian,disorder_cond_tot_black,disorder_cond_tot_white,disorder_cond_adult_hispanic,disorder_cond_adult_non_hisp,disorder_cond_juv_hispanic,disorder_cond_juv_non_hisp,disorder_cond_tot_hispanic,disorder_cond_tot_non_hisp,total_drug_tot_adult,total_drug_tot_juv,total_drug_tot_arrests,total_drug_tot_female_adult,total_drug_tot_male_adult,total_drug_tot_female_juv,total_drug_tot_male_juv,total_drug_tot_female,total_drug_tot_male,total_drug_adult_amer_ind,total_drug_adult_asian,total_drug_adult_black,total_drug_adult_white,total_drug_juv_amer_ind,total_drug_juv_asian,total_drug_juv_black,total_drug_juv_white,total_drug_tot_amer_ind,total_drug_tot_asian,total_drug_tot_black,total_drug_tot_white,total_drug_adult_hispanic,total_drug_adult_non_hisp,total_drug_juv_hispanic,total_drug_juv_non_hisp,total_drug_tot_hispanic,total_drug_tot_non_hisp,poss_drug_total_tot_adult,poss_drug_total_tot_juv,poss_drug_total_tot_arrests,poss_drug_total_tot_male_adult,poss_drug_total_tot_female_juv,poss_drug_total_tot_male_juv,poss_drug_total_tot_female,poss_drug_total_tot_male,poss_drug_total_adult_amer_ind,poss_drug_total_adult_asian,poss_drug_total_adult_black,poss_drug_total_adult_white,poss_drug_total_juv_amer_ind,poss_drug_total_juv_asian,poss_drug_total_juv_black,poss_drug_total_juv_white,poss_drug_total_tot_amer_ind,poss_drug_total_tot_asian,poss_drug_total_tot_black,poss_drug_total_tot_white,poss_drug_total_adult_hispanic,poss_drug_total_adult_non_hisp,poss_drug_total_juv_hispanic,poss_drug_total_juv_non_hisp,poss_drug_total_tot_female_adul,poss_drug_total_tot_hispanic,poss_drug_total_tot_non_hisp,poss_synth_narc_tot_adult,poss_synth_narc_tot_juv,poss_synth_narc_tot_arrests,poss_synth_narc_tot_male_adult,poss_synth_narc_tot_female_juv,poss_synth_narc_tot_male_juv,poss_synth_narc_tot_female,poss_synth_narc_tot_male,poss_synth_narc_adult_amer_ind,poss_synth_narc_adult_asian,poss_synth_narc_adult_black,poss_synth_narc_adult_white,poss_synth_narc_juv_amer_ind,poss_synth_narc_juv_asian,poss_synth_narc_juv_black,poss_synth_narc_juv_white,poss_synth_narc_tot_amer_ind,poss_synth_narc_tot_asian,poss_synth_narc_tot_black,poss_synth_narc_tot_white,poss_synth_narc_adult_hispanic,poss_synth_narc_adult_non_hisp,poss_synth_narc_juv_hispanic,poss_synth_narc_juv_non_hisp,poss_synth_narc_tot_female_adul,poss_synth_narc_tot_hispanic,poss_synth_narc_tot_non_hisp,poss_cannabis_tot_adult,poss_cannabis_tot_juv,poss_cannabis_tot_arrests,poss_cannabis_tot_female_adult,poss_cannabis_tot_male_adult,poss_cannabis_tot_female_juv,poss_cannabis_tot_male_juv,poss_cannabis_tot_female,poss_cannabis_tot_male,poss_cannabis_adult_amer_ind,poss_cannabis_adult_asian,poss_cannabis_adult_black,poss_cannabis_adult_white,poss_cannabis_juv_amer_ind,poss_cannabis_juv_asian,poss_cannabis_juv_black,poss_cannabis_juv_white,poss_cannabis_tot_amer_ind,poss_cannabis_tot_asian,poss_cannabis_tot_black,poss_cannabis_tot_white,poss_cannabis_adult_hispanic,poss_cannabis_adult_non_hisp,poss_cannabis_juv_hispanic,poss_cannabis_juv_non_hisp,poss_cannabis_tot_hispanic,poss_cannabis_tot_non_hisp,poss_heroin_coke_tot_adult,poss_heroin_coke_tot_juv,poss_heroin_coke_tot_arrests,poss_heroin_coke_tot_male_adult,poss_heroin_coke_tot_female_juv,poss_heroin_coke_tot_male_juv,poss_heroin_coke_tot_female,poss_heroin_coke_tot_male,poss_heroin_coke_adult_amer_ind,poss_heroin_coke_adult_asian,poss_heroin_coke_adult_black,poss_heroin_coke_adult_white,poss_heroin_coke_juv_amer_ind,poss_heroin_coke_juv_asian,poss_heroin_coke_juv_black,poss_heroin_coke_juv_white,poss_heroin_coke_tot_amer_ind,poss_heroin_coke_tot_asian,poss_heroin_coke_tot_black,poss_heroin_coke_tot_white,poss_heroin_coke_adult_hispanic,poss_heroin_coke_adult_non_hisp,poss_heroin_coke_juv_hispanic,poss_heroin_coke_juv_non_hisp,poss_heroin_coke_tot_female_adu,poss_heroin_coke_tot_hispanic,poss_heroin_coke_tot_non_hisp,poss_other_drug_tot_adult,poss_other_drug_tot_juv,poss_other_drug_tot_arrests,poss_other_drug_tot_male_adult,poss_other_drug_tot_female_juv,poss_other_drug_tot_male_juv,poss_other_drug_tot_female,poss_other_drug_tot_male,poss_other_drug_adult_amer_ind,poss_other_drug_adult_asian,poss_other_drug_adult_black,poss_other_drug_adult_white,poss_other_drug_juv_amer_ind,poss_other_drug_juv_asian,poss_other_drug_juv_black,poss_other_drug_juv_white,poss_other_drug_tot_amer_ind,poss_other_drug_tot_asian,poss_other_drug_tot_black,poss_other_drug_tot_white,poss_other_drug_adult_hispanic,poss_other_drug_adult_non_hisp,poss_other_drug_juv_hispanic,poss_other_drug_juv_non_hisp,poss_other_drug_tot_female_adul,poss_other_drug_tot_hispanic,poss_other_drug_tot_non_hisp,sale_drug_total_tot_adult,sale_drug_total_tot_juv,sale_drug_total_tot_arrests,sale_drug_total_tot_male_adult,sale_drug_total_tot_female_juv,sale_drug_total_tot_male_juv,sale_drug_total_tot_female,sale_drug_total_tot_male,sale_drug_total_adult_amer_ind,sale_drug_total_adult_asian,sale_drug_total_adult_black,sale_drug_total_adult_white,sale_drug_total_juv_amer_ind,sale_drug_total_juv_asian,sale_drug_total_juv_black,sale_drug_total_juv_white,sale_drug_total_tot_amer_ind,sale_drug_total_tot_asian,sale_drug_total_tot_black,sale_drug_total_tot_white,sale_drug_total_adult_hispanic,sale_drug_total_adult_non_hisp,sale_drug_total_juv_hispanic,sale_drug_total_juv_non_hisp,sale_drug_total_tot_female_adul,sale_drug_total_tot_hispanic,sale_drug_total_tot_non_hisp,sale_synth_narc_tot_adult,sale_synth_narc_tot_juv,sale_synth_narc_tot_arrests,sale_synth_narc_tot_male_adult,sale_synth_narc_tot_female_juv,sale_synth_narc_tot_male_juv,sale_synth_narc_tot_female,sale_synth_narc_tot_male,sale_synth_narc_adult_amer_ind,sale_synth_narc_adult_asian,sale_synth_narc_adult_black,sale_synth_narc_adult_white,sale_synth_narc_juv_amer_ind,sale_synth_narc_juv_asian,sale_synth_narc_juv_black,sale_synth_narc_juv_white,sale_synth_narc_tot_amer_ind,sale_synth_narc_tot_asian,sale_synth_narc_tot_black,sale_synth_narc_tot_white,sale_synth_narc_adult_hispanic,sale_synth_narc_adult_non_hisp,sale_synth_narc_juv_hispanic,sale_synth_narc_juv_non_hisp,sale_synth_narc_tot_female_adul,sale_synth_narc_tot_hispanic,sale_synth_narc_tot_non_hisp,sale_cannabis_tot_adult,sale_cannabis_tot_juv,sale_cannabis_tot_arrests,sale_cannabis_tot_female_adult,sale_cannabis_tot_male_adult,sale_cannabis_tot_female_juv,sale_cannabis_tot_male_juv,sale_cannabis_tot_female,sale_cannabis_tot_male,sale_cannabis_adult_amer_ind,sale_cannabis_adult_asian,sale_cannabis_adult_black,sale_cannabis_adult_white,sale_cannabis_juv_amer_ind,sale_cannabis_juv_asian,sale_cannabis_juv_black,sale_cannabis_juv_white,sale_cannabis_tot_amer_ind,sale_cannabis_tot_asian,sale_cannabis_tot_black,sale_cannabis_tot_white,sale_cannabis_adult_hispanic,sale_cannabis_adult_non_hisp,sale_cannabis_juv_hispanic,sale_cannabis_juv_non_hisp,sale_cannabis_tot_hispanic,sale_cannabis_tot_non_hisp,sale_heroin_coke_tot_adult,sale_heroin_coke_tot_juv,sale_heroin_coke_tot_arrests,sale_heroin_coke_tot_male_adult,sale_heroin_coke_tot_female_juv,sale_heroin_coke_tot_male_juv,sale_heroin_coke_tot_female,sale_heroin_coke_tot_male,sale_heroin_coke_adult_amer_ind,sale_heroin_coke_adult_asian,sale_heroin_coke_adult_black,sale_heroin_coke_adult_white,sale_heroin_coke_juv_amer_ind,sale_heroin_coke_juv_asian,sale_heroin_coke_juv_black,sale_heroin_coke_juv_white,sale_heroin_coke_tot_amer_ind,sale_heroin_coke_tot_asian,sale_heroin_coke_tot_black,sale_heroin_coke_tot_white,sale_heroin_coke_adult_hispanic,sale_heroin_coke_adult_non_hisp,sale_heroin_coke_juv_hispanic,sale_heroin_coke_juv_non_hisp,sale_heroin_coke_tot_female_adu,sale_heroin_coke_tot_hispanic,sale_heroin_coke_tot_non_hisp,sale_other_drug_tot_adult,sale_other_drug_tot_juv,sale_other_drug_tot_arrests,sale_other_drug_tot_male_adult,sale_other_drug_tot_female_juv,sale_other_drug_tot_male_juv,sale_other_drug_tot_female,sale_other_drug_tot_male,sale_other_drug_adult_amer_ind,sale_other_drug_adult_asian,sale_other_drug_adult_black,sale_other_drug_adult_white,sale_other_drug_juv_amer_ind,sale_other_drug_juv_asian,sale_other_drug_juv_black,sale_other_drug_juv_white,sale_other_drug_tot_amer_ind,sale_other_drug_tot_asian,sale_other_drug_tot_black,sale_other_drug_tot_white,sale_other_drug_adult_hispanic,sale_other_drug_adult_non_hisp,sale_other_drug_juv_hispanic,sale_other_drug_juv_non_hisp,sale_other_drug_tot_female_adul,sale_other_drug_tot_hispanic,sale_other_drug_tot_non_hisp,drunkenness_tot_adult,drunkenness_tot_juv,drunkenness_tot_arrests,drunkenness_tot_female_adult,drunkenness_tot_male_adult,drunkenness_tot_female_juv,drunkenness_tot_male_juv,drunkenness_tot_female,drunkenness_tot_male,drunkenness_adult_amer_ind,drunkenness_adult_asian,drunkenness_adult_black,drunkenness_adult_white,drunkenness_juv_amer_ind,drunkenness_juv_asian,drunkenness_juv_black,drunkenness_juv_white,drunkenness_tot_amer_ind,drunkenness_tot_asian,drunkenness_tot_black,drunkenness_tot_white,drunkenness_adult_hispanic,drunkenness_adult_non_hisp,drunkenness_juv_hispanic,drunkenness_juv_non_hisp,drunkenness_tot_hispanic,drunkenness_tot_non_hisp,dui_tot_adult,dui_tot_juv,dui_tot_arrests,dui_tot_female_adult,dui_tot_male_adult,dui_tot_female_juv,dui_tot_male_juv,dui_tot_female,dui_tot_male,dui_adult_amer_ind,dui_adult_asian,dui_adult_black,dui_adult_white,dui_juv_amer_ind,dui_juv_asian,dui_juv_black,dui_juv_white,dui_tot_amer_ind,dui_tot_asian,dui_tot_black,dui_tot_white,dui_adult_hispanic,dui_adult_non_hisp,dui_juv_hispanic,dui_juv_non_hisp,dui_tot_hispanic,dui_tot_non_hisp,embezzlement_tot_adult,embezzlement_tot_juv,embezzlement_tot_arrests,embezzlement_tot_female_adult,embezzlement_tot_male_adult,embezzlement_tot_female_juv,embezzlement_tot_male_juv,embezzlement_tot_female,embezzlement_tot_male,embezzlement_adult_amer_ind,embezzlement_adult_asian,embezzlement_adult_black,embezzlement_adult_white,embezzlement_juv_amer_ind,embezzlement_juv_asian,embezzlement_juv_black,embezzlement_juv_white,embezzlement_tot_amer_ind,embezzlement_tot_asian,embezzlement_tot_black,embezzlement_tot_white,embezzlement_adult_hispanic,embezzlement_adult_non_hisp,embezzlement_juv_hispanic,embezzlement_juv_non_hisp,embezzlement_tot_hispanic,embezzlement_tot_non_hisp,family_off_tot_adult,family_off_tot_juv,family_off_tot_arrests,family_off_tot_female_adult,family_off_tot_male_adult,family_off_tot_female_juv,family_off_tot_male_juv,family_off_tot_female,family_off_tot_male,family_off_adult_amer_ind,family_off_adult_asian,family_off_adult_black,family_off_adult_white,family_off_juv_amer_ind,family_off_juv_asian,family_off_juv_black,family_off_juv_white,family_off_tot_amer_ind,family_off_tot_asian,family_off_tot_black,family_off_tot_white,family_off_adult_hispanic,family_off_adult_non_hisp,family_off_juv_hispanic,family_off_juv_non_hisp,family_off_tot_hispanic,family_off_tot_non_hisp,forgery_tot_adult,forgery_tot_juv,forgery_tot_arrests,forgery_tot_female_adult,forgery_tot_male_adult,forgery_tot_female_juv,forgery_tot_male_juv,forgery_tot_female,forgery_tot_male,forgery_adult_amer_ind,forgery_adult_asian,forgery_adult_black,forgery_adult_white,forgery_juv_amer_ind,forgery_juv_asian,forgery_juv_black,forgery_juv_white,forgery_tot_amer_ind,forgery_tot_asian,forgery_tot_black,forgery_tot_white,forgery_adult_hispanic,forgery_adult_non_hisp,forgery_juv_hispanic,forgery_juv_non_hisp,forgery_tot_hispanic,forgery_tot_non_hisp,fraud_tot_adult,fraud_tot_juv,fraud_tot_arrests,fraud_tot_female_adult,fraud_tot_male_adult,fraud_tot_female_juv,fraud_tot_male_juv,fraud_tot_female,fraud_tot_male,fraud_adult_amer_ind,fraud_adult_asian,fraud_adult_black,fraud_adult_white,fraud_juv_amer_ind,fraud_juv_asian,fraud_juv_black,fraud_juv_white,fraud_tot_amer_ind,fraud_tot_asian,fraud_tot_black,fraud_tot_white,fraud_adult_hispanic,fraud_adult_non_hisp,fraud_juv_hispanic,fraud_juv_non_hisp,fraud_tot_hispanic,fraud_tot_non_hisp,gamble_total_tot_adult,gamble_total_tot_juv,gamble_total_tot_arrests,gamble_total_tot_female_adult,gamble_total_tot_male_adult,gamble_total_tot_female_juv,gamble_total_tot_male_juv,gamble_total_tot_female,gamble_total_tot_male,gamble_total_adult_amer_ind,gamble_total_adult_asian,gamble_total_adult_black,gamble_total_adult_white,gamble_total_juv_amer_ind,gamble_total_juv_asian,gamble_total_juv_black,gamble_total_juv_white,gamble_total_tot_amer_ind,gamble_total_tot_asian,gamble_total_tot_black,gamble_total_tot_white,gamble_total_adult_hispanic,gamble_total_adult_non_hisp,gamble_total_juv_hispanic,gamble_total_juv_non_hisp,gamble_total_tot_hispanic,gamble_total_tot_non_hisp,gamble_bookmake_tot_adult,gamble_bookmake_tot_juv,gamble_bookmake_tot_arrests,gamble_bookmake_tot_male_adult,gamble_bookmake_tot_female_juv,gamble_bookmake_tot_male_juv,gamble_bookmake_tot_female,gamble_bookmake_tot_male,gamble_bookmake_adult_amer_ind,gamble_bookmake_adult_asian,gamble_bookmake_adult_black,gamble_bookmake_adult_white,gamble_bookmake_juv_amer_ind,gamble_bookmake_juv_asian,gamble_bookmake_juv_black,gamble_bookmake_juv_white,gamble_bookmake_tot_amer_ind,gamble_bookmake_tot_asian,gamble_bookmake_tot_black,gamble_bookmake_tot_white,gamble_bookmake_adult_hispanic,gamble_bookmake_adult_non_hisp,gamble_bookmake_juv_hispanic,gamble_bookmake_juv_non_hisp,gamble_bookmake_tot_female_adul,gamble_bookmake_tot_hispanic,gamble_bookmake_tot_non_hisp,gamble_lottery_tot_adult,gamble_lottery_tot_juv,gamble_lottery_tot_arrests,gamble_lottery_tot_female_adult,gamble_lottery_tot_male_adult,gamble_lottery_tot_female_juv,gamble_lottery_tot_male_juv,gamble_lottery_tot_female,gamble_lottery_tot_male,gamble_lottery_adult_amer_ind,gamble_lottery_adult_asian,gamble_lottery_adult_black,gamble_lottery_adult_white,gamble_lottery_juv_amer_ind,gamble_lottery_juv_asian,gamble_lottery_juv_black,gamble_lottery_juv_white,gamble_lottery_tot_amer_ind,gamble_lottery_tot_asian,gamble_lottery_tot_black,gamble_lottery_tot_white,gamble_lottery_adult_hispanic,gamble_lottery_adult_non_hisp,gamble_lottery_juv_hispanic,gamble_lottery_juv_non_hisp,gamble_lottery_tot_hispanic,gamble_lottery_tot_non_hisp,gamble_other_tot_adult,gamble_other_tot_juv,gamble_other_tot_arrests,gamble_other_tot_female_adult,gamble_other_tot_male_adult,gamble_other_tot_female_juv,gamble_other_tot_male_juv,gamble_other_tot_female,gamble_other_tot_male,gamble_other_adult_amer_ind,gamble_other_adult_asian,gamble_other_adult_black,gamble_other_adult_white,gamble_other_juv_amer_ind,gamble_other_juv_asian,gamble_other_juv_black,gamble_other_juv_white,gamble_other_tot_amer_ind,gamble_other_tot_asian,gamble_other_tot_black,gamble_other_tot_white,gamble_other_adult_hispanic,gamble_other_adult_non_hisp,gamble_other_juv_hispanic,gamble_other_juv_non_hisp,gamble_other_tot_hispanic,gamble_other_tot_non_hisp,liquor_tot_adult,liquor_tot_juv,liquor_tot_arrests,liquor_tot_female_adult,liquor_tot_male_adult,liquor_tot_female_juv,liquor_tot_male_juv,liquor_tot_female,liquor_tot_male,liquor_adult_amer_ind,liquor_adult_asian,liquor_adult_black,liquor_adult_white,liquor_juv_amer_ind,liquor_juv_asian,liquor_juv_black,liquor_juv_white,liquor_tot_amer_ind,liquor_tot_asian,liquor_tot_black,liquor_tot_white,liquor_adult_hispanic,liquor_adult_non_hisp,liquor_juv_hispanic,liquor_juv_non_hisp,liquor_tot_hispanic,liquor_tot_non_hisp,manslaught_neg_tot_adult,manslaught_neg_tot_juv,manslaught_neg_tot_arrests,manslaught_neg_tot_female_adult,manslaught_neg_tot_male_adult,manslaught_neg_tot_female_juv,manslaught_neg_tot_male_juv,manslaught_neg_tot_female,manslaught_neg_tot_male,manslaught_neg_adult_amer_ind,manslaught_neg_adult_asian,manslaught_neg_adult_black,manslaught_neg_adult_white,manslaught_neg_juv_amer_ind,manslaught_neg_juv_asian,manslaught_neg_juv_black,manslaught_neg_juv_white,manslaught_neg_tot_amer_ind,manslaught_neg_tot_asian,manslaught_neg_tot_black,manslaught_neg_tot_white,manslaught_neg_adult_hispanic,manslaught_neg_adult_non_hisp,manslaught_neg_juv_hispanic,manslaught_neg_juv_non_hisp,manslaught_neg_tot_hispanic,manslaught_neg_tot_non_hisp,mtr_veh_theft_tot_adult,mtr_veh_theft_tot_juv,mtr_veh_theft_tot_arrests,mtr_veh_theft_tot_female_adult,mtr_veh_theft_tot_male_adult,mtr_veh_theft_tot_female_juv,mtr_veh_theft_tot_male_juv,mtr_veh_theft_tot_female,mtr_veh_theft_tot_male,mtr_veh_theft_adult_amer_ind,mtr_veh_theft_adult_asian,mtr_veh_theft_adult_black,mtr_veh_theft_adult_white,mtr_veh_theft_juv_amer_ind,mtr_veh_theft_juv_asian,mtr_veh_theft_juv_black,mtr_veh_theft_juv_white,mtr_veh_theft_tot_amer_ind,mtr_veh_theft_tot_asian,mtr_veh_theft_tot_black,mtr_veh_theft_tot_white,mtr_veh_theft_adult_hispanic,mtr_veh_theft_adult_non_hisp,mtr_veh_theft_juv_hispanic,mtr_veh_theft_juv_non_hisp,mtr_veh_theft_tot_hispanic,mtr_veh_theft_tot_non_hisp,murder_tot_adult,murder_tot_juv,murder_tot_arrests,murder_tot_female_adult,murder_tot_male_adult,murder_tot_female_juv,murder_tot_male_juv,murder_tot_female,murder_tot_male,murder_adult_amer_ind,murder_adult_asian,murder_adult_black,murder_adult_white,murder_juv_amer_ind,murder_juv_asian,murder_juv_black,murder_juv_white,murder_tot_amer_ind,murder_tot_asian,murder_tot_black,murder_tot_white,murder_adult_hispanic,murder_adult_non_hisp,murder_juv_hispanic,murder_juv_non_hisp,murder_tot_hispanic,murder_tot_non_hisp,prostitution_tot_adult,prostitution_tot_juv,prostitution_tot_arrests,prostitution_tot_female_adult,prostitution_tot_male_adult,prostitution_tot_female_juv,prostitution_tot_male_juv,prostitution_tot_female,prostitution_tot_male,prostitution_adult_amer_ind,prostitution_adult_asian,prostitution_adult_black,prostitution_adult_white,prostitution_juv_amer_ind,prostitution_juv_asian,prostitution_juv_black,prostitution_juv_white,prostitution_tot_amer_ind,prostitution_tot_asian,prostitution_tot_black,prostitution_tot_white,prostitution_adult_hispanic,prostitution_adult_non_hisp,prostitution_juv_hispanic,prostitution_juv_non_hisp,prostitution_tot_hispanic,prostitution_tot_non_hisp,rape_tot_adult,rape_tot_juv,rape_tot_arrests,rape_tot_female_adult,rape_tot_male_adult,rape_tot_female_juv,rape_tot_male_juv,rape_tot_female,rape_tot_male,rape_adult_amer_ind,rape_adult_asian,rape_adult_black,rape_adult_white,rape_juv_amer_ind,rape_juv_asian,rape_juv_black,rape_juv_white,rape_tot_amer_ind,rape_tot_asian,rape_tot_black,rape_tot_white,rape_adult_hispanic,rape_adult_non_hisp,rape_juv_hispanic,rape_juv_non_hisp,rape_tot_hispanic,rape_tot_non_hisp,robbery_tot_adult,robbery_tot_juv,robbery_tot_arrests,robbery_tot_female_adult,robbery_tot_male_adult,robbery_tot_female_juv,robbery_tot_male_juv,robbery_tot_female,robbery_tot_male,robbery_adult_amer_ind,robbery_adult_asian,robbery_adult_black,robbery_adult_white,robbery_juv_amer_ind,robbery_juv_asian,robbery_juv_black,robbery_juv_white,robbery_tot_amer_ind,robbery_tot_asian,robbery_tot_black,robbery_tot_white,robbery_adult_hispanic,robbery_adult_non_hisp,robbery_juv_hispanic,robbery_juv_non_hisp,robbery_tot_hispanic,robbery_tot_non_hisp,runaways_tot_adult,runaways_tot_juv,runaways_tot_arrests,runaways_tot_female_adult,runaways_tot_male_adult,runaways_tot_female_juv,runaways_tot_male_juv,runaways_tot_female,runaways_tot_male,runaways_adult_amer_ind,runaways_adult_asian,runaways_adult_black,runaways_adult_white,runaways_juv_amer_ind,runaways_juv_asian,runaways_juv_black,runaways_juv_white,runaways_tot_amer_ind,runaways_tot_asian,runaways_tot_black,runaways_tot_white,runaways_adult_hispanic,runaways_adult_non_hisp,runaways_juv_hispanic,runaways_juv_non_hisp,runaways_tot_hispanic,runaways_tot_non_hisp,oth_sex_off_tot_adult,oth_sex_off_tot_juv,oth_sex_off_tot_arrests,oth_sex_off_tot_female_adult,oth_sex_off_tot_male_adult,oth_sex_off_tot_female_juv,oth_sex_off_tot_male_juv,oth_sex_off_tot_female,oth_sex_off_tot_male,oth_sex_off_adult_amer_ind,oth_sex_off_adult_asian,oth_sex_off_adult_black,oth_sex_off_adult_white,oth_sex_off_juv_amer_ind,oth_sex_off_juv_asian,oth_sex_off_juv_black,oth_sex_off_juv_white,oth_sex_off_tot_amer_ind,oth_sex_off_tot_asian,oth_sex_off_tot_black,oth_sex_off_tot_white,oth_sex_off_adult_hispanic,oth_sex_off_adult_non_hisp,oth_sex_off_juv_hispanic,oth_sex_off_juv_non_hisp,oth_sex_off_tot_hispanic,oth_sex_off_tot_non_hisp,stolen_prop_tot_adult,stolen_prop_tot_juv,stolen_prop_tot_arrests,stolen_prop_tot_female_adult,stolen_prop_tot_male_adult,stolen_prop_tot_female_juv,stolen_prop_tot_male_juv,stolen_prop_tot_female,stolen_prop_tot_male,stolen_prop_adult_amer_ind,stolen_prop_adult_asian,stolen_prop_adult_black,stolen_prop_adult_white,stolen_prop_juv_amer_ind,stolen_prop_juv_asian,stolen_prop_juv_black,stolen_prop_juv_white,stolen_prop_tot_amer_ind,stolen_prop_tot_asian,stolen_prop_tot_black,stolen_prop_tot_white,stolen_prop_adult_hispanic,stolen_prop_adult_non_hisp,stolen_prop_juv_hispanic,stolen_prop_juv_non_hisp,stolen_prop_tot_hispanic,stolen_prop_tot_non_hisp,suspicion_tot_adult,suspicion_tot_juv,suspicion_tot_arrests,suspicion_tot_female_adult,suspicion_tot_male_adult,suspicion_tot_female_juv,suspicion_tot_male_juv,suspicion_tot_female,suspicion_tot_male,suspicion_adult_amer_ind,suspicion_adult_asian,suspicion_adult_black,suspicion_adult_white,suspicion_juv_amer_ind,suspicion_juv_asian,suspicion_juv_black,suspicion_juv_white,suspicion_tot_amer_ind,suspicion_tot_asian,suspicion_tot_black,suspicion_tot_white,suspicion_adult_hispanic,suspicion_adult_non_hisp,suspicion_juv_hispanic,suspicion_juv_non_hisp,suspicion_tot_hispanic,suspicion_tot_non_hisp,theft_tot_adult,theft_tot_juv,theft_tot_arrests,theft_tot_female_adult,theft_tot_male_adult,theft_tot_female_juv,theft_tot_male_juv,theft_tot_female,theft_tot_male,theft_adult_amer_ind,theft_adult_asian,theft_adult_black,theft_adult_white,theft_juv_amer_ind,theft_juv_asian,theft_juv_black,theft_juv_white,theft_tot_amer_ind,theft_tot_asian,theft_tot_black,theft_tot_white,theft_adult_hispanic,theft_adult_non_hisp,theft_juv_hispanic,theft_juv_non_hisp,theft_tot_hispanic,theft_tot_non_hisp,vagrancy_tot_adult,vagrancy_tot_juv,vagrancy_tot_arrests,vagrancy_tot_female_adult,vagrancy_tot_male_adult,vagrancy_tot_female_juv,vagrancy_tot_male_juv,vagrancy_tot_female,vagrancy_tot_male,vagrancy_adult_amer_ind,vagrancy_adult_asian,vagrancy_adult_black,vagrancy_adult_white,vagrancy_juv_amer_ind,vagrancy_juv_asian,vagrancy_juv_black,vagrancy_juv_white,vagrancy_tot_amer_ind,vagrancy_tot_asian,vagrancy_tot_black,vagrancy_tot_white,vagrancy_adult_hispanic,vagrancy_adult_non_hisp,vagrancy_juv_hispanic,vagrancy_juv_non_hisp,vagrancy_tot_hispanic,vagrancy_tot_non_hisp,vandalism_tot_adult,vandalism_tot_juv,vandalism_tot_arrests,vandalism_tot_female_adult,vandalism_tot_male_adult,vandalism_tot_female_juv,vandalism_tot_male_juv,vandalism_tot_female,vandalism_tot_male,vandalism_adult_amer_ind,vandalism_adult_asian,vandalism_adult_black,vandalism_adult_white,vandalism_juv_amer_ind,vandalism_juv_asian,vandalism_juv_black,vandalism_juv_white,vandalism_tot_amer_ind,vandalism_tot_asian,vandalism_tot_black,vandalism_tot_white,vandalism_adult_hispanic,vandalism_adult_non_hisp,vandalism_juv_hispanic,vandalism_juv_non_hisp,vandalism_tot_hispanic,vandalism_tot_non_hisp,weapons_tot_adult,weapons_tot_juv,weapons_tot_arrests,weapons_tot_female_adult,weapons_tot_male_adult,weapons_tot_female_juv,weapons_tot_male_juv,weapons_tot_female,weapons_tot_male,weapons_adult_amer_ind,weapons_adult_asian,weapons_adult_black,weapons_adult_white,weapons_juv_amer_ind,weapons_juv_asian,weapons_juv_black,weapons_juv_white,weapons_tot_amer_ind,weapons_tot_asian,weapons_tot_black,weapons_tot_white,weapons_adult_hispanic,weapons_adult_non_hisp,weapons_juv_hispanic,weapons_juv_non_hisp,weapons_tot_hispanic,weapons_tot_non_hisp,all_arrests_total_tot_adult,all_arrests_total_tot_juv,all_arrests_total_tot_arrests,all_arrests_total_tot_female_adult,all_arrests_total_tot_male_adult,all_arrests_total_tot_female_juv,all_arrests_total_tot_male_juv,all_arrests_total_tot_female,all_arrests_total_tot_male,all_arrests_total_adult_amer_ind,all_arrests_total_adult_asian,all_arrests_total_adult_black,all_arrests_total_adult_white,all_arrests_total_juv_amer_ind,all_arrests_total_juv_asian,all_arrests_total_juv_black,all_arrests_total_juv_white,all_arrests_total_tot_amer_ind,all_arrests_total_tot_asian,all_arrests_total_tot_black,all_arrests_total_tot_white
Bu In Aff Law Enf Ft Totten Agency Fort Totten,NDDI002,2020,North Dakota,0,64,5,69,16,48,2,3,18,51,61,0,0,3,7,0,0,0,68,0,0,3,0,0,0,0,0,0,187,26,213,77,110,18,8,95,118,183,0,0,4,26,0,0,0,209,0,0,4,0,0,0,0,0,0,139,16,155,38,101,6,10,44,111,139,0,0,0,16,0,0,0,155,0,0,0,0,0,0,0,0,0,1,0,1,1,0,0,0,1,0,1,0,0,0,0,0,0,0,1,0,0,0,0,0,0,0,0,0,4,0,4,1,3,0,0,1,3,4,0,0,0,0,0,0,0,4,0,0,0,0,0,0,0,0,0,0,0,0,0,0,0,0,0,0,0,0,0,0,0,0,0,0,0,0,0,0,0,0,0,0,0,0,7,1,8,1,6,1,0,2,6,6,1,0,0,1,0,0,0,7,1,0,0,0,0,0,0,0,0,34,1,35,18,16,1,0,19,16,32,0,1,1,1,0,0,0,33,0,1,1,0,0,0,0,0,0,32,1,33,16,1,0,17,16,30,0,1,1,1,0,0,0,31,0,1,1,0,0,0,0,16,0,0,21,0,21,9,0,0,12,9,21,0,0,0,0,0,0,0,21,0,0,0,0,0,0,0,12,0,0,10,1,11,4,6,1,0,5,6,9,0,0,1,1,0,0,0,10,0,0,1,0,0,0,0,0,0,1,0,1,1,0,0,0,1,0,0,1,0,0,0,0,0,0,0,1,0,0,0,0,0,0,0,0,0,0,0,0,0,0,0,0,0,0,0,0,0,0,0,0,0,0,0,0,0,0,0,0,0,0,0,2,0,2,0,0,0,2,0,2,0,0,0,0,0,0,0,2,0,0,0,0,0,0,0,2,0,0,0,0,0,0,0,0,0,0,0,0,0,0,0,0,0,0,0,0,0,0,0,0,0,0,0,0,0,1,0,1,1,0,0,0,1,0,1,0,0,0,0,0,0,0,1,0,0,0,0,0,0,0,0,0,0,0,0,0,0,0,0,0,0,0,0,0,0,0,0,0,0,0,0,0,0,0,0,0,0,0,0,1,0,1,0,0,0,1,0,1,0,0,0,0,0,0,0,1,0,0,0,0,0,0,0,1,0,0,120,5,125,29,91,2,3,31,94,119,0,0,0,5,0,0,0,124,0,0,0,0,0,0,0,0,0,53,5,58,22,31,1,4,23,35,49,0,1,3,5,0,0,0,54,0,1,3,0,0,0,0,0,0,0,0,0,0,0,0,0,0,0,0,0,0,0,0,0,0,0,0,0,0,0,0,0,0,0,0,0,0,0,0,0,0,0,0,0,0,0,0,0,0,0,0,0,0,0,0,0,0,0,0,0,0,0,0,0,0,0,0,0,0,0,0,0,0,0,0,0,0,0,0,0,0,0,0,0,0,0,0,0,0,0,0,0,0,0,0,0,0,0,0,0,0,0,0,0,0,0,0,0,0,0,0,0,0,0,0,0,0,0,0,0,0,0,0,0,0,0,0,0,0,0,0,0,0,0,0,0,0,0,0,0,0,0,0,0,0,0,0,0,0,0,0,0,0,0,0,0,0,0,0,0,0,0,0,0,0,0,0,0,0,0,0,0,0,0,0,0,0,0,0,0,0,0,0,0,0,0,0,0,0,0,0,0,0,0,0,0,0,0,0,0,0,0,0,0,0,0,0,0,0,0,0,0,0,0,0,0,0,0,0,0,0,0,0,0,0,28,0,28,7,21,0,0,7,21,27,1,0,0,0,0,0,0,27,1,0,0,0,0,0,0,0,0,2,0,2,1,1,0,0,1,1,2,0,0,0,0,0,0,0,2,0,0,0,0,0,0,0,0,0,6,1,7,2,4,0,1,2,5,6,0,0,0,1,0,0,0,7,0,0,0,0,0,0,0,0,0,0,0,0,0,0,0,0,0,0,0,0,0,0,0,0,0,0,0,0,0,0,0,0,0,0,0,0,0,0,0,0,0,0,0,0,0,0,0,0,0,0,0,0,0,0,0,0,0,0,0,0,0,0,0,0,0,0,0,0,0,0,0,0,0,0,0,0,0,0,0,0,0,0,0,0,0,0,0,0,0,0,1,0,1,0,1,0,0,0,1,1,0,0,0,0,0,0,0,1,0,0,0,0,0,0,0,0,0,0,0,0,0,0,0,0,0,0,0,0,0,0,0,0,0,0,0,0,0,0,0,0,0,0,0,0,0,0,0,0,0,0,0,0,0,0,0,0,0,0,0,0,0,0,0,0,0,0,0,0,0,0,0,1,0,1,0,1,0,0,0,1,0,0,0,1,0,0,0,0,0,0,0,1,0,0,0,0,0,0,0,0,0,0,0,0,0,0,0,0,0,0,0,0,0,0,0,0,0,0,0,0,0,0,0,0,0,7,2,9,1,6,1,1,2,7,7,0,0,0,2,0,0,0,9,0,0,0,0,0,0,0,0,0,0,0,0,0,0,0,0,0,0,0,0,0,0,0,0,0,0,0,0,0,0,0,0,0,0,0,0,4,0,4,1,3,0,0,1,3,4,0,0,0,0,0,0,0,4,0,0,0,0,0,0,0,0,0,0,0,0,0,0,0,0,0,0,0,0,0,0,0,0,0,0,0,0,0,0,0,0,0,0,0,0,658,62,720,215,443,32,30,247,473,641,2,2,12,64,0,0,0,705,2,2,12
Bu In Aff Law Enf Ft Totten Agency Fort Totten,NDDI002,2019,North Dakota,,,,,,,,,,,,,,,,,,,,,,,,,,,,,,,,,,,,,,,,,,,,,,,,,,,,,,,,,,,,,,,,,,,,,,,,,,,,,,,,,,,,,,,,,,,,,,,,,,,,,,,,,,,,,,,,,,,,,,,,,,,,,,,,,,,,,,,,,,,,,,,,,,,,,,,,,,,,,,,,,,,,,,,,,,,,,,,,,,,,,,,,,,,,,,,,,,,,,,,,,,,,,,,,,,,,,,,,,,,,,,,,,,,,,,,,,,,,,,,,,,,,,,,,,,,,,,,,,,,,,,,,,,,,,,,,,,,,,,,,,,,,,,,,,,,,,,,,,,,,,,,,,,,,,,,,,,,,,,,,,,,,,,,,,,,,,,,,,,,,,,,,,,,,,,,,,,,,,,,,,,,,,,,,,,,,,,,,,,,,,,,,,,,,,,,,,,,,,,,,,,,,,,,,,,,,,,,,,,,,,,,,,,,,,,,,,,,,,,,,,,,,,,,,,,,,,,,,,,,,,,,,,,,,,,,,,,,,,,,,,,,,,,,,,,,,,,,,,,,,,,,,,,,,,,,,,,,,,,,,,,,,,,,,,,,,,,,,,,,,,,,,,,,,,,,,,,,,,,,,,,,,,,,,,,,,,,,,,,,,,,,,,,,,,,,,,,,,,,,,,,,,,,,,,,,,,,,,,,,,,,,,,,,,,,,,,,,,,,,,,,,,,,,,,,,,,,,,,,,,,,,,,,,,,,,,,,,,,,,,,,,,,,,,,,,,,,,,,,,,,,,,,,,,,,,,,,,,,,,,,,,,,,,,,,,,,,,,,,,,,,,,,,,,,,,,,,,,,,,,,,,,,,,,,,,,,,,,,,,,,,,,,,,,,,,,,,,,,,,,,,,,,,,,,,,,,,,,,,,,,,,,,,,,,,,,,,,,,,,,,,,,,,,,,,,,,,,,,,,,,,,,,,,,,,,,,,,,,,,,,,,,,,,,,,,,,,,,,,,,,,,,,,,,,,,,,,,,,,,,,,,,,,,,,,,,,,,,,,,,,,,,,,,,,,,,,,,,,,,,,,,,,,,,,,,,,,,,,,,,,,,,,,,,,,,,,,,,,,,,,,,,,,,,,,,,,,,,,,,,,,,,,,,,,,,,,,,,,,,,,,,,,,,,,,,,,,,,,,,,,,,,,,,,,,,,,,,,,,,,,,,,,,,,,,,,,,,,,,,,,,,,,,,,,,,,,,,,,,,,,,,,,,,,,,,,,,,,,,,,,,,,,,,,,,,,,,,,,,,,,,,,,,,,,,,,,,,,,,,,,,,
Bu In Aff Law Enf Ft Totten Agency Fort Totten,NDDI002,2018,North Dakota,,,,,,,,,,,,,,,,,,,,,,,,,,,,,,,,,,,,,,,,,,,,,,,,,,,,,,,,,,,,,,,,,,,,,,,,,,,,,,,,,,,,,,,,,,,,,,,,,,,,,,,,,,,,,,,,,,,,,,,,,,,,,,,,,,,,,,,,,,,,,,,,,,,,,,,,,,,,,,,,,,,,,,,,,,,,,,,,,,,,,,,,,,,,,,,,,,,,,,,,,,,,,,,,,,,,,,,,,,,,,,,,,,,,,,,,,,,,,,,,,,,,,,,,,,,,,,,,,,,,,,,,,,,,,,,,,,,,,,,,,,,,,,,,,,,,,,,,,,,,,,,,,,,,,,,,,,,,,,,,,,,,,,,,,,,,,,,,,,,,,,,,,,,,,,,,,,,,,,,,,,,,,,,,,,,,,,,,,,,,,,,,,,,,,,,,,,,,,,,,,,,,,,,,,,,,,,,,,,,,,,,,,,,,,,,,,,,,,,,,,,,,,,,,,,,,,,,,,,,,,,,,,,,,,,,,,,,,,,,,,,,,,,,,,,,,,,,,,,,,,,,,,,,,,,,,,,,,,,,,,,,,,,,,,,,,,,,,,,,,,,,,,,,,,,,,,,,,,,,,,,,,,,,,,,,,,,,,,,,,,,,,,,,,,,,,,,,,,,,,,,,,,,,,,,,,,,,,,,,,,,,,,,,,,,,,,,,,,,,,,,,,,,,,,,,,,,,,,,,,,,,,,,,,,,,,,,,,,,,,,,,,,,,,,,,,,,,,,,,,,,,,,,,,,,,,,,,,,,,,,,,,,,,,,,,,,,,,,,,,,,,,,,,,,,,,,,,,,,,,,,,,,,,,,,,,,,,,,,,,,,,,,,,,,,,,,,,,,,,,,,,,,,,,,,,,,,,,,,,,,,,,,,,,,,,,,,,,,,,,,,,,,,,,,,,,,,,,,,,,,,,,,,,,,,,,,,,,,,,,,,,,,,,,,,,,,,,,,,,,,,,,,,,,,,,,,,,,,,,,,,,,,,,,,,,,,,,,,,,,,,,,,,,,,,,,,,,,,,,,,,,,,,,,,,,,,,,,,,,,,,,,,,,,,,,,,,,,,,,,,,,,,,,,,,,,,,,,,,,,,,,,,,,,,,,,,,,,,,,,,,,,,,,,,,,,,,,,,,,,,,,,,,,,,,,,,,,,,,,,,,,,,,,,,,,,,,,,,,,,,,,,,,,,,,,,,,,,,,,,,,,,,,,,,,,,,,,,,,,,,,,,,,,,,,,,,,,,,,,,,,,,,,,,,,,,,,,,,,,,,,,
Bu In Aff Law Enf Ft Totten Agency Fort Totten,NDDI002,2017,North Dakota,,,,,,,,,,,,,,,,,,,,,,,,,,,,,,,,,,,,,,,,,,,,,,,,,,,,,,,,,,,,,,,,,,,,,,,,,,,,,,,,,,,,,,,,,,,,,,,,,,,,,,,,,,,,,,,,,,,,,,,,,,,,,,,,,,,,,,,,,,,,,,,,,,,,,,,,,,,,,,,,,,,,,,,,,,,,,,,,,,,,,,,,,,,,,,,,,,,,,,,,,,,,,,,,,,,,,,,,,,,,,,,,,,,,,,,,,,,,,,,,,,,,,,,,,,,,,,,,,,,,,,,,,,,,,,,,,,,,,,,,,,,,,,,,,,,,,,,,,,,,,,,,,,,,,,,,,,,,,,,,,,,,,,,,,,,,,,,,,,,,,,,,,,,,,,,,,,,,,,,,,,,,,,,,,,,,,,,,,,,,,,,,,,,,,,,,,,,,,,,,,,,,,,,,,,,,,,,,,,,,,,,,,,,,,,,,,,,,,,,,,,,,,,,,,,,,,,,,,,,,,,,,,,,,,,,,,,,,,,,,,,,,,,,,,,,,,,,,,,,,,,,,,,,,,,,,,,,,,,,,,,,,,,,,,,,,,,,,,,,,,,,,,,,,,,,,,,,,,,,,,,,,,,,,,,,,,,,,,,,,,,,,,,,,,,,,,,,,,,,,,,,,,,,,,,,,,,,,,,,,,,,,,,,,,,,,,,,,,,,,,,,,,,,,,,,,,,,,,,,,,,,,,,,,,,,,,,,,,,,,,,,,,,,,,,,,,,,,,,,,,,,,,,,,,,,,,,,,,,,,,,,,,,,,,,,,,,,,,,,,,,,,,,,,,,,,,,,,,,,,,,,,,,,,,,,,,,,,,,,,,,,,,,,,,,,,,,,,,,,,,,,,,,,,,,,,,,,,,,,,,,,,,,,,,,,,,,,,,,,,,,,,,,,,,,,,,,,,,,,,,,,,,,,,,,,,,,,,,,,,,,,,,,,,,,,,,,,,,,,,,,,,,,,,,,,,,,,,,,,,,,,,,,,,,,,,,,,,,,,,,,,,,,,,,,,,,,,,,,,,,,,,,,,,,,,,,,,,,,,,,,,,,,,,,,,,,,,,,,,,,,,,,,,,,,,,,,,,,,,,,,,,,,,,,,,,,,,,,,,,,,,,,,,,,,,,,,,,,,,,,,,,,,,,,,,,,,,,,,,,,,,,,,,,,,,,,,,,,,,,,,,,,,,,,,,,,,,,,,,,,,,,,,,,,,,,,,,,,,,,,,,,,,,,,,,,,,,,,,,,,,,,,,,,,,,,,,,,,,,,,,,
Bu In Aff Law Enf Ft Totten Agency Fort Totten,NDDI002,2016,North Dakota,,,,,,,,,,,,,,,,,,,,,,,,,,,,,,,,,,,,,,,,,,,,,,,,,,,,,,,,,,,,,,,,,,,,,,,,,,,,,,,,,,,,,,,,,,,,,,,,,,,,,,,,,,,,,,,,,,,,,,,,,,,,,,,,,,,,,,,,,,,,,,,,,,,,,,,,,,,,,,,,,,,,,,,,,,,,,,,,,,,,,,,,,,,,,,,,,,,,,,,,,,,,,,,,,,,,,,,,,,,,,,,,,,,,,,,,,,,,,,,,,,,,,,,,,,,,,,,,,,,,,,,,,,,,,,,,,,,,,,,,,,,,,,,,,,,,,,,,,,,,,,,,,,,,,,,,,,,,,,,,,,,,,,,,,,,,,,,,,,,,,,,,,,,,,,,,,,,,,,,,,,,,,,,,,,,,,,,,,,,,,,,,,,,,,,,,,,,,,,,,,,,,,,,,,,,,,,,,,,,,,,,,,,,,,,,,,,,,,,,,,,,,,,,,,,,,,,,,,,,,,,,,,,,,,,,,,,,,,,,,,,,,,,,,,,,,,,,,,,,,,,,,,,,,,,,,,,,,,,,,,,,,,,,,,,,,,,,,,,,,,,,,,,,,,,,,,,,,,,,,,,,,,,,,,,,,,,,,,,,,,,,,,,,,,,,,,,,,,,,,,,,,,,,,,,,,,,,,,,,,,,,,,,,,,,,,,,,,,,,,,,,,,,,,,,,,,,,,,,,,,,,,,,,,,,,,,,,,,,,,,,,,,,,,,,,,,,,,,,,,,,,,,,,,,,,,,,,,,,,,,,,,,,,,,,,,,,,,,,,,,,,,,,,,,,,,,,,,,,,,,,,,,,,,,,,,,,,,,,,,,,,,,,,,,,,,,,,,,,,,,,,,,,,,,,,,,,,,,,,,,,,,,,,,,,,,,,,,,,,,,,,,,,,,,,,,,,,,,,,,,,,,,,,,,,,,,,,,,,,,,,,,,,,,,,,,,,,,,,,,,,,,,,,,,,,,,,,,,,,,,,,,,,,,,,,,,,,,,,,,,,,,,,,,,,,,,,,,,,,,,,,,,,,,,,,,,,,,,,,,,,,,,,,,,,,,,,,,,,,,,,,,,,,,,,,,,,,,,,,,,,,,,,,,,,,,,,,,,,,,,,,,,,,,,,,,,,,,,,,,,,,,,,,,,,,,,,,,,,,,,,,,,,,,,,,,,,,,,,,,,,,,,,,,,,,,,,,,,,,,,,,,,,,,,,,,,,,,,,,,,,,,,,,,,,,,,,,,,,,,,,,,,,,,,,,,,,,,,,,,,,,
Bu In Aff Law Enf Ft Totten Agency Fort Totten,NDDI002,2015,North Dakota,0,50,1,51,18,32,1,0,19,32,50,0,0,0,1,0,0,0,51,0,0,0,0,0,0,0,0,0,110,7,117,60,50,6,1,66,51,110,0,0,0,7,0,0,0,117,0,0,0,0,0,0,0,0,0,141,15,156,41,100,3,12,44,112,139,0,0,1,15,0,0,0,154,0,0,1,0,0,0,0,0,0,1,1,2,0,1,0,1,0,2,1,0,0,0,1,0,0,0,2,0,0,0,0,0,0,0,0,0,12,2,14,1,11,0,2,1,13,12,0,0,0,2,0,0,0,14,0,0,0,0,0,0,0,0,0,0,0,0,0,0,0,0,0,0,0,0,0,0,0,0,0,0,0,0,0,0,0,0,0,0,0,0,12,4,16,4,8,3,1,7,9,12,0,0,0,4,0,0,0,16,0,0,0,0,0,0,0,0,0,82,13,95,36,46,5,8,41,54,79,0,0,3,13,0,0,0,92,0,0,3,0,0,0,0,0,0,72,13,85,41,5,8,36,49,70,0,0,2,13,0,0,0,83,0,0,2,0,0,0,0,31,0,0,41,0,41,22,0,0,19,22,40,0,0,1,0,0,0,0,40,0,0,1,0,0,0,0,19,0,0,21,13,34,8,13,5,8,13,21,21,0,0,0,13,0,0,0,34,0,0,0,0,0,0,0,0,0,1,0,1,0,0,0,1,0,1,0,0,0,0,0,0,0,1,0,0,0,0,0,0,0,1,0,0,9,0,9,6,0,0,3,6,8,0,0,1,0,0,0,0,8,0,0,1,0,0,0,0,3,0,0,10,0,10,5,0,0,5,5,9,0,0,1,0,0,0,0,9,0,0,1,0,0,0,0,5,0,0,8,0,8,4,0,0,4,4,7,0,0,1,0,0,0,0,7,0,0,1,0,0,0,0,4,0,0,2,0,2,1,1,0,0,1,1,2,0,0,0,0,0,0,0,2,0,0,0,0,0,0,0,0,0,0,0,0,0,0,0,0,0,0,0,0,0,0,0,0,0,0,0,0,0,0,0,0,0,0,0,0,0,0,0,0,0,0,0,0,0,0,0,0,0,0,0,0,0,0,0,0,0,0,0,0,0,0,0,309,15,324,72,237,2,13,74,250,309,0,0,0,16,0,0,0,325,0,0,0,0,0,0,0,0,0,118,5,123,47,71,2,3,49,74,118,0,0,0,5,0,0,0,123,0,0,0,0,0,0,0,0,0,0,0,0,0,0,0,0,0,0,0,0,0,0,0,0,0,0,0,0,0,0,0,0,0,0,0,0,16,0,16,9,7,0,0,9,7,16,0,0,0,0,0,0,0,16,0,0,0,0,0,0,0,0,0,0,0,0,0,0,0,0,0,0,0,0,0,0,0,0,0,0,0,0,0,0,0,0,0,0,0,0,1,0,1,1,0,0,0,1,0,1,0,0,0,0,0,0,0,1,0,0,0,0,0,0,0,0,0,0,0,0,0,0,0,0,0,0,0,0,0,0,0,0,0,0,0,0,0,0,0,0,0,0,0,0,0,0,0,0,0,0,0,0,0,0,0,0,0,0,0,0,0,0,0,0,0,0,0,0,0,0,0,0,0,0,0,0,0,0,0,0,0,0,0,0,0,0,0,0,0,0,0,0,0,0,0,0,0,0,0,0,0,0,0,0,0,0,0,0,0,0,0,0,0,0,0,0,0,0,0,0,0,0,0,0,0,4,0,4,2,2,0,0,2,2,4,0,0,0,0,0,0,0,4,0,0,0,0,0,0,0,0,0,0,0,0,0,0,0,0,0,0,0,0,0,0,0,0,0,0,0,0,0,0,0,0,0,0,0,0,2,0,2,1,1,0,0,1,1,2,0,0,0,0,0,0,0,2,0,0,0,0,0,0,0,0,0,1,0,1,0,1,0,0,0,1,1,0,0,0,0,0,0,0,1,0,0,0,0,0,0,0,0,0,0,0,0,0,0,0,0,0,0,0,0,0,0,0,0,0,0,0,0,0,0,0,0,0,0,0,0,2,0,2,0,2,0,0,0,2,2,0,0,0,0,0,0,0,2,0,0,0,0,0,0,0,0,0,4,0,4,1,3,0,0,1,3,4,0,0,0,0,0,0,0,4,0,0,0,0,0,0,0,0,0,0,0,0,0,0,0,0,0,0,0,0,0,0,0,0,0,0,0,0,0,0,0,0,0,0,0,0,3,0,3,0,3,0,0,0,3,3,0,0,0,0,0,0,0,3,0,0,0,0,0,0,0,0,0,0,0,0,0,0,0,0,0,0,0,0,0,0,0,0,0,0,0,0,0,0,0,0,0,0,0,0,2,0,2,1,1,0,0,1,1,2,0,0,0,0,0,0,0,2,0,0,0,0,0,0,0,0,0,22,0,22,9,13,0,0,9,13,22,0,0,0,0,0,0,0,22,0,0,0,0,0,0,0,0,0,0,0,0,0,0,0,0,0,0,0,0,0,0,0,0,0,0,0,0,0,0,0,0,0,0,0,0,17,5,22,5,12,0,5,5,17,17,0,0,0,5,0,0,0,22,0,0,0,0,0,0,0,0,0,4,0,4,0,4,0,0,0,4,4,0,0,0,1,0,0,0,5,0,0,0,0,0,0,0,0,0,913,68,981,308,605,22,46,330,651,908,0,0,4,70,0,0,0,978,0,0,4
