agency,ORI,year,state,population,agg_assault_tot_adult,agg_assault_tot_juv,agg_assault_tot_arrests,agg_assault_tot_female_adult,agg_assault_tot_male_adult,agg_assault_tot_female_juv,agg_assault_tot_male_juv,agg_assault_tot_female,agg_assault_tot_male,agg_assault_adult_amer_ind,agg_assault_adult_asian,agg_assault_adult_black,agg_assault_adult_white,agg_assault_juv_amer_ind,agg_assault_juv_asian,agg_assault_juv_black,agg_assault_juv_white,agg_assault_tot_amer_ind,agg_assault_tot_asian,agg_assault_tot_black,agg_assault_tot_white,agg_assault_adult_hispanic,agg_assault_adult_non_hisp,agg_assault_juv_hispanic,agg_assault_juv_non_hisp,agg_assault_tot_hispanic,agg_assault_tot_non_hisp,all_other_tot_adult,all_other_tot_juv,all_other_tot_arrests,all_other_tot_female_adult,all_other_tot_male_adult,all_other_tot_female_juv,all_other_tot_male_juv,all_other_tot_female,all_other_tot_male,all_other_adult_amer_ind,all_other_adult_asian,all_other_adult_black,all_other_adult_white,all_other_juv_amer_ind,all_other_juv_asian,all_other_juv_black,all_other_juv_white,all_other_tot_amer_ind,all_other_tot_asian,all_other_tot_black,all_other_tot_white,all_other_adult_hispanic,all_other_adult_non_hisp,all_other_juv_hispanic,all_other_juv_non_hisp,all_other_tot_hispanic,all_other_tot_non_hisp,oth_assault_tot_adult,oth_assault_tot_juv,oth_assault_tot_arrests,oth_assault_tot_female_adult,oth_assault_tot_male_adult,oth_assault_tot_female_juv,oth_assault_tot_male_juv,oth_assault_tot_female,oth_assault_tot_male,oth_assault_adult_amer_ind,oth_assault_adult_asian,oth_assault_adult_black,oth_assault_adult_white,oth_assault_juv_amer_ind,oth_assault_juv_asian,oth_assault_juv_black,oth_assault_juv_white,oth_assault_tot_amer_ind,oth_assault_tot_asian,oth_assault_tot_black,oth_assault_tot_white,oth_assault_adult_hispanic,oth_assault_adult_non_hisp,oth_assault_juv_hispanic,oth_assault_juv_non_hisp,oth_assault_tot_hispanic,oth_assault_tot_non_hisp,arson_tot_adult,arson_tot_juv,arson_tot_arrests,arson_tot_female_adult,arson_tot_male_adult,arson_tot_female_juv,arson_tot_male_juv,arson_tot_female,arson_tot_male,arson_adult_amer_ind,arson_adult_asian,arson_adult_black,arson_adult_white,arson_juv_amer_ind,arson_juv_asian,arson_juv_black,arson_juv_white,arson_tot_amer_ind,arson_tot_asian,arson_tot_black,arson_tot_white,arson_adult_hispanic,arson_adult_non_hisp,arson_juv_hispanic,arson_juv_non_hisp,arson_tot_hispanic,arson_tot_non_hisp,burglary_tot_adult,burglary_tot_juv,burglary_tot_arrests,burglary_tot_female_adult,burglary_tot_male_adult,burglary_tot_female_juv,burglary_tot_male_juv,burglary_tot_female,burglary_tot_male,burglary_adult_amer_ind,burglary_adult_asian,burglary_adult_black,burglary_adult_white,burglary_juv_amer_ind,burglary_juv_asian,burglary_juv_black,burglary_juv_white,burglary_tot_amer_ind,burglary_tot_asian,burglary_tot_black,burglary_tot_white,burglary_adult_hispanic,burglary_adult_non_hisp,burglary_juv_hispanic,burglary_juv_non_hisp,burglary_tot_hispanic,burglary_tot_non_hisp,curfew_loiter_tot_adult,curfew_loiter_tot_juv,curfew_loiter_tot_arrests,curfew_loiter_tot_female_adult,curfew_loiter_tot_male_adult,curfew_loiter_tot_female_juv,curfew_loiter_tot_male_juv,curfew_loiter_tot_female,curfew_loiter_tot_male,curfew_loiter_adult_amer_ind,curfew_loiter_adult_asian,curfew_loiter_adult_black,curfew_loiter_adult_white,curfew_loiter_juv_amer_ind,curfew_loiter_juv_asian,curfew_loiter_juv_black,curfew_loiter_juv_white,curfew_loiter_tot_amer_ind,curfew_loiter_tot_asian,curfew_loiter_tot_black,curfew_loiter_tot_white,curfew_loiter_adult_hispanic,curfew_loiter_adult_non_hisp,curfew_loiter_juv_hispanic,curfew_loiter_juv_non_hisp,curfew_loiter_tot_hispanic,curfew_loiter_tot_non_hisp,disorder_cond_tot_adult,disorder_cond_tot_juv,disorder_cond_tot_arrests,disorder_cond_tot_female_adult,disorder_cond_tot_male_adult,disorder_cond_tot_female_juv,disorder_cond_tot_male_juv,disorder_cond_tot_female,disorder_cond_tot_male,disorder_cond_adult_amer_ind,disorder_cond_adult_asian,disorder_cond_adult_black,disorder_cond_adult_white,disorder_cond_juv_amer_ind,disorder_cond_juv_asian,disorder_cond_juv_black,disorder_cond_juv_white,disorder_cond_tot_amer_ind,disorder_cond_tot_asian,disorder_cond_tot_black,disorder_cond_tot_white,disorder_cond_adult_hispanic,disorder_cond_adult_non_hisp,disorder_cond_juv_hispanic,disorder_cond_juv_non_hisp,disorder_cond_tot_hispanic,disorder_cond_tot_non_hisp,total_drug_tot_adult,total_drug_tot_juv,total_drug_tot_arrests,total_drug_tot_female_adult,total_drug_tot_male_adult,total_drug_tot_female_juv,total_drug_tot_male_juv,total_drug_tot_female,total_drug_tot_male,total_drug_adult_amer_ind,total_drug_adult_asian,total_drug_adult_black,total_drug_adult_white,total_drug_juv_amer_ind,total_drug_juv_asian,total_drug_juv_black,total_drug_juv_white,total_drug_tot_amer_ind,total_drug_tot_asian,total_drug_tot_black,total_drug_tot_white,total_drug_adult_hispanic,total_drug_adult_non_hisp,total_drug_juv_hispanic,total_drug_juv_non_hisp,total_drug_tot_hispanic,total_drug_tot_non_hisp,poss_drug_total_tot_adult,poss_drug_total_tot_juv,poss_drug_total_tot_arrests,poss_drug_total_tot_male_adult,poss_drug_total_tot_female_juv,poss_drug_total_tot_male_juv,poss_drug_total_tot_female,poss_drug_total_tot_male,poss_drug_total_adult_amer_ind,poss_drug_total_adult_asian,poss_drug_total_adult_black,poss_drug_total_adult_white,poss_drug_total_juv_amer_ind,poss_drug_total_juv_asian,poss_drug_total_juv_black,poss_drug_total_juv_white,poss_drug_total_tot_amer_ind,poss_drug_total_tot_asian,poss_drug_total_tot_black,poss_drug_total_tot_white,poss_drug_total_adult_hispanic,poss_drug_total_adult_non_hisp,poss_drug_total_juv_hispanic,poss_drug_total_juv_non_hisp,poss_drug_total_tot_female_adul,poss_drug_total_tot_hispanic,poss_drug_total_tot_non_hisp,poss_synth_narc_tot_adult,poss_synth_narc_tot_juv,poss_synth_narc_tot_arrests,poss_synth_narc_tot_male_adult,poss_synth_narc_tot_female_juv,poss_synth_narc_tot_male_juv,poss_synth_narc_tot_female,poss_synth_narc_tot_male,poss_synth_narc_adult_amer_ind,poss_synth_narc_adult_asian,poss_synth_narc_adult_black,poss_synth_narc_adult_white,poss_synth_narc_juv_amer_ind,poss_synth_narc_juv_asian,poss_synth_narc_juv_black,poss_synth_narc_juv_white,poss_synth_narc_tot_amer_ind,poss_synth_narc_tot_asian,poss_synth_narc_tot_black,poss_synth_narc_tot_white,poss_synth_narc_adult_hispanic,poss_synth_narc_adult_non_hisp,poss_synth_narc_juv_hispanic,poss_synth_narc_juv_non_hisp,poss_synth_narc_tot_female_adul,poss_synth_narc_tot_hispanic,poss_synth_narc_tot_non_hisp,poss_cannabis_tot_adult,poss_cannabis_tot_juv,poss_cannabis_tot_arrests,poss_cannabis_tot_female_adult,poss_cannabis_tot_male_adult,poss_cannabis_tot_female_juv,poss_cannabis_tot_male_juv,poss_cannabis_tot_female,poss_cannabis_tot_male,poss_cannabis_adult_amer_ind,poss_cannabis_adult_asian,poss_cannabis_adult_black,poss_cannabis_adult_white,poss_cannabis_juv_amer_ind,poss_cannabis_juv_asian,poss_cannabis_juv_black,poss_cannabis_juv_white,poss_cannabis_tot_amer_ind,poss_cannabis_tot_asian,poss_cannabis_tot_black,poss_cannabis_tot_white,poss_cannabis_adult_hispanic,poss_cannabis_adult_non_hisp,poss_cannabis_juv_hispanic,poss_cannabis_juv_non_hisp,poss_cannabis_tot_hispanic,poss_cannabis_tot_non_hisp,poss_heroin_coke_tot_adult,poss_heroin_coke_tot_juv,poss_heroin_coke_tot_arrests,poss_heroin_coke_tot_male_adult,poss_heroin_coke_tot_female_juv,poss_heroin_coke_tot_male_juv,poss_heroin_coke_tot_female,poss_heroin_coke_tot_male,poss_heroin_coke_adult_amer_ind,poss_heroin_coke_adult_asian,poss_heroin_coke_adult_black,poss_heroin_coke_adult_white,poss_heroin_coke_juv_amer_ind,poss_heroin_coke_juv_asian,poss_heroin_coke_juv_black,poss_heroin_coke_juv_white,poss_heroin_coke_tot_amer_ind,poss_heroin_coke_tot_asian,poss_heroin_coke_tot_black,poss_heroin_coke_tot_white,poss_heroin_coke_adult_hispanic,poss_heroin_coke_adult_non_hisp,poss_heroin_coke_juv_hispanic,poss_heroin_coke_juv_non_hisp,poss_heroin_coke_tot_female_adu,poss_heroin_coke_tot_hispanic,poss_heroin_coke_tot_non_hisp,poss_other_drug_tot_adult,poss_other_drug_tot_juv,poss_other_drug_tot_arrests,poss_other_drug_tot_male_adult,poss_other_drug_tot_female_juv,poss_other_drug_tot_male_juv,poss_other_drug_tot_female,poss_other_drug_tot_male,poss_other_drug_adult_amer_ind,poss_other_drug_adult_asian,poss_other_drug_adult_black,poss_other_drug_adult_white,poss_other_drug_juv_amer_ind,poss_other_drug_juv_asian,poss_other_drug_juv_black,poss_other_drug_juv_white,poss_other_drug_tot_amer_ind,poss_other_drug_tot_asian,poss_other_drug_tot_black,poss_other_drug_tot_white,poss_other_drug_adult_hispanic,poss_other_drug_adult_non_hisp,poss_other_drug_juv_hispanic,poss_other_drug_juv_non_hisp,poss_other_drug_tot_female_adul,poss_other_drug_tot_hispanic,poss_other_drug_tot_non_hisp,sale_drug_total_tot_adult,sale_drug_total_tot_juv,sale_drug_total_tot_arrests,sale_drug_total_tot_male_adult,sale_drug_total_tot_female_juv,sale_drug_total_tot_male_juv,sale_drug_total_tot_female,sale_drug_total_tot_male,sale_drug_total_adult_amer_ind,sale_drug_total_adult_asian,sale_drug_total_adult_black,sale_drug_total_adult_white,sale_drug_total_juv_amer_ind,sale_drug_total_juv_asian,sale_drug_total_juv_black,sale_drug_total_juv_white,sale_drug_total_tot_amer_ind,sale_drug_total_tot_asian,sale_drug_total_tot_black,sale_drug_total_tot_white,sale_drug_total_adult_hispanic,sale_drug_total_adult_non_hisp,sale_drug_total_juv_hispanic,sale_drug_total_juv_non_hisp,sale_drug_total_tot_female_adul,sale_drug_total_tot_hispanic,sale_drug_total_tot_non_hisp,sale_synth_narc_tot_adult,sale_synth_narc_tot_juv,sale_synth_narc_tot_arrests,sale_synth_narc_tot_male_adult,sale_synth_narc_tot_female_juv,sale_synth_narc_tot_male_juv,sale_synth_narc_tot_female,sale_synth_narc_tot_male,sale_synth_narc_adult_amer_ind,sale_synth_narc_adult_asian,sale_synth_narc_adult_black,sale_synth_narc_adult_white,sale_synth_narc_juv_amer_ind,sale_synth_narc_juv_asian,sale_synth_narc_juv_black,sale_synth_narc_juv_white,sale_synth_narc_tot_amer_ind,sale_synth_narc_tot_asian,sale_synth_narc_tot_black,sale_synth_narc_tot_white,sale_synth_narc_adult_hispanic,sale_synth_narc_adult_non_hisp,sale_synth_narc_juv_hispanic,sale_synth_narc_juv_non_hisp,sale_synth_narc_tot_female_adul,sale_synth_narc_tot_hispanic,sale_synth_narc_tot_non_hisp,sale_cannabis_tot_adult,sale_cannabis_tot_juv,sale_cannabis_tot_arrests,sale_cannabis_tot_female_adult,sale_cannabis_tot_male_adult,sale_cannabis_tot_female_juv,sale_cannabis_tot_male_juv,sale_cannabis_tot_female,sale_cannabis_tot_male,sale_cannabis_adult_amer_ind,sale_cannabis_adult_asian,sale_cannabis_adult_black,sale_cannabis_adult_white,sale_cannabis_juv_amer_ind,sale_cannabis_juv_asian,sale_cannabis_juv_black,sale_cannabis_juv_white,sale_cannabis_tot_amer_ind,sale_cannabis_tot_asian,sale_cannabis_tot_black,sale_cannabis_tot_white,sale_cannabis_adult_hispanic,sale_cannabis_adult_non_hisp,sale_cannabis_juv_hispanic,sale_cannabis_juv_non_hisp,sale_cannabis_tot_hispanic,sale_cannabis_tot_non_hisp,sale_heroin_coke_tot_adult,sale_heroin_coke_tot_juv,sale_heroin_coke_tot_arrests,sale_heroin_coke_tot_male_adult,sale_heroin_coke_tot_female_juv,sale_heroin_coke_tot_male_juv,sale_heroin_coke_tot_female,sale_heroin_coke_tot_male,sale_heroin_coke_adult_amer_ind,sale_heroin_coke_adult_asian,sale_heroin_coke_adult_black,sale_heroin_coke_adult_white,sale_heroin_coke_juv_amer_ind,sale_heroin_coke_juv_asian,sale_heroin_coke_juv_black,sale_heroin_coke_juv_white,sale_heroin_coke_tot_amer_ind,sale_heroin_coke_tot_asian,sale_heroin_coke_tot_black,sale_heroin_coke_tot_white,sale_heroin_coke_adult_hispanic,sale_heroin_coke_adult_non_hisp,sale_heroin_coke_juv_hispanic,sale_heroin_coke_juv_non_hisp,sale_heroin_coke_tot_female_adu,sale_heroin_coke_tot_hispanic,sale_heroin_coke_tot_non_hisp,sale_other_drug_tot_adult,sale_other_drug_tot_juv,sale_other_drug_tot_arrests,sale_other_drug_tot_male_adult,sale_other_drug_tot_female_juv,sale_other_drug_tot_male_juv,sale_other_drug_tot_female,sale_other_drug_tot_male,sale_other_drug_adult_amer_ind,sale_other_drug_adult_asian,sale_other_drug_adult_black,sale_other_drug_adult_white,sale_other_drug_juv_amer_ind,sale_other_drug_juv_asian,sale_other_drug_juv_black,sale_other_drug_juv_white,sale_other_drug_tot_amer_ind,sale_other_drug_tot_asian,sale_other_drug_tot_black,sale_other_drug_tot_white,sale_other_drug_adult_hispanic,sale_other_drug_adult_non_hisp,sale_other_drug_juv_hispanic,sale_other_drug_juv_non_hisp,sale_other_drug_tot_female_adul,sale_other_drug_tot_hispanic,sale_other_drug_tot_non_hisp,drunkenness_tot_adult,drunkenness_tot_juv,drunkenness_tot_arrests,drunkenness_tot_female_adult,drunkenness_tot_male_adult,drunkenness_tot_female_juv,drunkenness_tot_male_juv,drunkenness_tot_female,drunkenness_tot_male,drunkenness_adult_amer_ind,drunkenness_adult_asian,drunkenness_adult_black,drunkenness_adult_white,drunkenness_juv_amer_ind,drunkenness_juv_asian,drunkenness_juv_black,drunkenness_juv_white,drunkenness_tot_amer_ind,drunkenness_tot_asian,drunkenness_tot_black,drunkenness_tot_white,drunkenness_adult_hispanic,drunkenness_adult_non_hisp,drunkenness_juv_hispanic,drunkenness_juv_non_hisp,drunkenness_tot_hispanic,drunkenness_tot_non_hisp,dui_tot_adult,dui_tot_juv,dui_tot_arrests,dui_tot_female_adult,dui_tot_male_adult,dui_tot_female_juv,dui_tot_male_juv,dui_tot_female,dui_tot_male,dui_adult_amer_ind,dui_adult_asian,dui_adult_black,dui_adult_white,dui_juv_amer_ind,dui_juv_asian,dui_juv_black,dui_juv_white,dui_tot_amer_ind,dui_tot_asian,dui_tot_black,dui_tot_white,dui_adult_hispanic,dui_adult_non_hisp,dui_juv_hispanic,dui_juv_non_hisp,dui_tot_hispanic,dui_tot_non_hisp,embezzlement_tot_adult,embezzlement_tot_juv,embezzlement_tot_arrests,embezzlement_tot_female_adult,embezzlement_tot_male_adult,embezzlement_tot_female_juv,embezzlement_tot_male_juv,embezzlement_tot_female,embezzlement_tot_male,embezzlement_adult_amer_ind,embezzlement_adult_asian,embezzlement_adult_black,embezzlement_adult_white,embezzlement_juv_amer_ind,embezzlement_juv_asian,embezzlement_juv_black,embezzlement_juv_white,embezzlement_tot_amer_ind,embezzlement_tot_asian,embezzlement_tot_black,embezzlement_tot_white,embezzlement_adult_hispanic,embezzlement_adult_non_hisp,embezzlement_juv_hispanic,embezzlement_juv_non_hisp,embezzlement_tot_hispanic,embezzlement_tot_non_hisp,family_off_tot_adult,family_off_tot_juv,family_off_tot_arrests,family_off_tot_female_adult,family_off_tot_male_adult,family_off_tot_female_juv,family_off_tot_male_juv,family_off_tot_female,family_off_tot_male,family_off_adult_amer_ind,family_off_adult_asian,family_off_adult_black,family_off_adult_white,family_off_juv_amer_ind,family_off_juv_asian,family_off_juv_black,family_off_juv_white,family_off_tot_amer_ind,family_off_tot_asian,family_off_tot_black,family_off_tot_white,family_off_adult_hispanic,family_off_adult_non_hisp,family_off_juv_hispanic,family_off_juv_non_hisp,family_off_tot_hispanic,family_off_tot_non_hisp,forgery_tot_adult,forgery_tot_juv,forgery_tot_arrests,forgery_tot_female_adult,forgery_tot_male_adult,forgery_tot_female_juv,forgery_tot_male_juv,forgery_tot_female,forgery_tot_male,forgery_adult_amer_ind,forgery_adult_asian,forgery_adult_black,forgery_adult_white,forgery_juv_amer_ind,forgery_juv_asian,forgery_juv_black,forgery_juv_white,forgery_tot_amer_ind,forgery_tot_asian,forgery_tot_black,forgery_tot_white,forgery_adult_hispanic,forgery_adult_non_hisp,forgery_juv_hispanic,forgery_juv_non_hisp,forgery_tot_hispanic,forgery_tot_non_hisp,fraud_tot_adult,fraud_tot_juv,fraud_tot_arrests,fraud_tot_female_adult,fraud_tot_male_adult,fraud_tot_female_juv,fraud_tot_male_juv,fraud_tot_female,fraud_tot_male,fraud_adult_amer_ind,fraud_adult_asian,fraud_adult_black,fraud_adult_white,fraud_juv_amer_ind,fraud_juv_asian,fraud_juv_black,fraud_juv_white,fraud_tot_amer_ind,fraud_tot_asian,fraud_tot_black,fraud_tot_white,fraud_adult_hispanic,fraud_adult_non_hisp,fraud_juv_hispanic,fraud_juv_non_hisp,fraud_tot_hispanic,fraud_tot_non_hisp,gamble_total_tot_adult,gamble_total_tot_juv,gamble_total_tot_arrests,gamble_total_tot_female_adult,gamble_total_tot_male_adult,gamble_total_tot_female_juv,gamble_total_tot_male_juv,gamble_total_tot_female,gamble_total_tot_male,gamble_total_adult_amer_ind,gamble_total_adult_asian,gamble_total_adult_black,gamble_total_adult_white,gamble_total_juv_amer_ind,gamble_total_juv_asian,gamble_total_juv_black,gamble_total_juv_white,gamble_total_tot_amer_ind,gamble_total_tot_asian,gamble_total_tot_black,gamble_total_tot_white,gamble_total_adult_hispanic,gamble_total_adult_non_hisp,gamble_total_juv_hispanic,gamble_total_juv_non_hisp,gamble_total_tot_hispanic,gamble_total_tot_non_hisp,gamble_bookmake_tot_adult,gamble_bookmake_tot_juv,gamble_bookmake_tot_arrests,gamble_bookmake_tot_male_adult,gamble_bookmake_tot_female_juv,gamble_bookmake_tot_male_juv,gamble_bookmake_tot_female,gamble_bookmake_tot_male,gamble_bookmake_adult_amer_ind,gamble_bookmake_adult_asian,gamble_bookmake_adult_black,gamble_bookmake_adult_white,gamble_bookmake_juv_amer_ind,gamble_bookmake_juv_asian,gamble_bookmake_juv_black,gamble_bookmake_juv_white,gamble_bookmake_tot_amer_ind,gamble_bookmake_tot_asian,gamble_bookmake_tot_black,gamble_bookmake_tot_white,gamble_bookmake_adult_hispanic,gamble_bookmake_adult_non_hisp,gamble_bookmake_juv_hispanic,gamble_bookmake_juv_non_hisp,gamble_bookmake_tot_female_adul,gamble_bookmake_tot_hispanic,gamble_bookmake_tot_non_hisp,gamble_lottery_tot_adult,gamble_lottery_tot_juv,gamble_lottery_tot_arrests,gamble_lottery_tot_female_adult,gamble_lottery_tot_male_adult,gamble_lottery_tot_female_juv,gamble_lottery_tot_male_juv,gamble_lottery_tot_female,gamble_lottery_tot_male,gamble_lottery_adult_amer_ind,gamble_lottery_adult_asian,gamble_lottery_adult_black,gamble_lottery_adult_white,gamble_lottery_juv_amer_ind,gamble_lottery_juv_asian,gamble_lottery_juv_black,gamble_lottery_juv_white,gamble_lottery_tot_amer_ind,gamble_lottery_tot_asian,gamble_lottery_tot_black,gamble_lottery_tot_white,gamble_lottery_adult_hispanic,gamble_lottery_adult_non_hisp,gamble_lottery_juv_hispanic,gamble_lottery_juv_non_hisp,gamble_lottery_tot_hispanic,gamble_lottery_tot_non_hisp,gamble_other_tot_adult,gamble_other_tot_juv,gamble_other_tot_arrests,gamble_other_tot_female_adult,gamble_other_tot_male_adult,gamble_other_tot_female_juv,gamble_other_tot_male_juv,gamble_other_tot_female,gamble_other_tot_male,gamble_other_adult_amer_ind,gamble_other_adult_asian,gamble_other_adult_black,gamble_other_adult_white,gamble_other_juv_amer_ind,gamble_other_juv_asian,gamble_other_juv_black,gamble_other_juv_white,gamble_other_tot_amer_ind,gamble_other_tot_asian,gamble_other_tot_black,gamble_other_tot_white,gamble_other_adult_hispanic,gamble_other_adult_non_hisp,gamble_other_juv_hispanic,gamble_other_juv_non_hisp,gamble_other_tot_hispanic,gamble_other_tot_non_hisp,liquor_tot_adult,liquor_tot_juv,liquor_tot_arrests,liquor_tot_female_adult,liquor_tot_male_adult,liquor_tot_female_juv,liquor_tot_male_juv,liquor_tot_female,liquor_tot_male,liquor_adult_amer_ind,liquor_adult_asian,liquor_adult_black,liquor_adult_white,liquor_juv_amer_ind,liquor_juv_asian,liquor_juv_black,liquor_juv_white,liquor_tot_amer_ind,liquor_tot_asian,liquor_tot_black,liquor_tot_white,liquor_adult_hispanic,liquor_adult_non_hisp,liquor_juv_hispanic,liquor_juv_non_hisp,liquor_tot_hispanic,liquor_tot_non_hisp,manslaught_neg_tot_adult,manslaught_neg_tot_juv,manslaught_neg_tot_arrests,manslaught_neg_tot_female_adult,manslaught_neg_tot_male_adult,manslaught_neg_tot_female_juv,manslaught_neg_tot_male_juv,manslaught_neg_tot_female,manslaught_neg_tot_male,manslaught_neg_adult_amer_ind,manslaught_neg_adult_asian,manslaught_neg_adult_black,manslaught_neg_adult_white,manslaught_neg_juv_amer_ind,manslaught_neg_juv_asian,manslaught_neg_juv_black,manslaught_neg_juv_white,manslaught_neg_tot_amer_ind,manslaught_neg_tot_asian,manslaught_neg_tot_black,manslaught_neg_tot_white,manslaught_neg_adult_hispanic,manslaught_neg_adult_non_hisp,manslaught_neg_juv_hispanic,manslaught_neg_juv_non_hisp,manslaught_neg_tot_hispanic,manslaught_neg_tot_non_hisp,mtr_veh_theft_tot_adult,mtr_veh_theft_tot_juv,mtr_veh_theft_tot_arrests,mtr_veh_theft_tot_female_adult,mtr_veh_theft_tot_male_adult,mtr_veh_theft_tot_female_juv,mtr_veh_theft_tot_male_juv,mtr_veh_theft_tot_female,mtr_veh_theft_tot_male,mtr_veh_theft_adult_amer_ind,mtr_veh_theft_adult_asian,mtr_veh_theft_adult_black,mtr_veh_theft_adult_white,mtr_veh_theft_juv_amer_ind,mtr_veh_theft_juv_asian,mtr_veh_theft_juv_black,mtr_veh_theft_juv_white,mtr_veh_theft_tot_amer_ind,mtr_veh_theft_tot_asian,mtr_veh_theft_tot_black,mtr_veh_theft_tot_white,mtr_veh_theft_adult_hispanic,mtr_veh_theft_adult_non_hisp,mtr_veh_theft_juv_hispanic,mtr_veh_theft_juv_non_hisp,mtr_veh_theft_tot_hispanic,mtr_veh_theft_tot_non_hisp,murder_tot_adult,murder_tot_juv,murder_tot_arrests,murder_tot_female_adult,murder_tot_male_adult,murder_tot_female_juv,murder_tot_male_juv,murder_tot_female,murder_tot_male,murder_adult_amer_ind,murder_adult_asian,murder_adult_black,murder_adult_white,murder_juv_amer_ind,murder_juv_asian,murder_juv_black,murder_juv_white,murder_tot_amer_ind,murder_tot_asian,murder_tot_black,murder_tot_white,murder_adult_hispanic,murder_adult_non_hisp,murder_juv_hispanic,murder_juv_non_hisp,murder_tot_hispanic,murder_tot_non_hisp,prostitution_tot_adult,prostitution_tot_juv,prostitution_tot_arrests,prostitution_tot_female_adult,prostitution_tot_male_adult,prostitution_tot_female_juv,prostitution_tot_male_juv,prostitution_tot_female,prostitution_tot_male,prostitution_adult_amer_ind,prostitution_adult_asian,prostitution_adult_black,prostitution_adult_white,prostitution_juv_amer_ind,prostitution_juv_asian,prostitution_juv_black,prostitution_juv_white,prostitution_tot_amer_ind,prostitution_tot_asian,prostitution_tot_black,prostitution_tot_white,prostitution_adult_hispanic,prostitution_adult_non_hisp,prostitution_juv_hispanic,prostitution_juv_non_hisp,prostitution_tot_hispanic,prostitution_tot_non_hisp,rape_tot_adult,rape_tot_juv,rape_tot_arrests,rape_tot_female_adult,rape_tot_male_adult,rape_tot_female_juv,rape_tot_male_juv,rape_tot_female,rape_tot_male,rape_adult_amer_ind,rape_adult_asian,rape_adult_black,rape_adult_white,rape_juv_amer_ind,rape_juv_asian,rape_juv_black,rape_juv_white,rape_tot_amer_ind,rape_tot_asian,rape_tot_black,rape_tot_white,rape_adult_hispanic,rape_adult_non_hisp,rape_juv_hispanic,rape_juv_non_hisp,rape_tot_hispanic,rape_tot_non_hisp,robbery_tot_adult,robbery_tot_juv,robbery_tot_arrests,robbery_tot_female_adult,robbery_tot_male_adult,robbery_tot_female_juv,robbery_tot_male_juv,robbery_tot_female,robbery_tot_male,robbery_adult_amer_ind,robbery_adult_asian,robbery_adult_black,robbery_adult_white,robbery_juv_amer_ind,robbery_juv_asian,robbery_juv_black,robbery_juv_white,robbery_tot_amer_ind,robbery_tot_asian,robbery_tot_black,robbery_tot_white,robbery_adult_hispanic,robbery_adult_non_hisp,robbery_juv_hispanic,robbery_juv_non_hisp,robbery_tot_hispanic,robbery_tot_non_hisp,runaways_tot_adult,runaways_tot_juv,runaways_tot_arrests,runaways_tot_female_adult,runaways_tot_male_adult,runaways_tot_female_juv,runaways_tot_male_juv,runaways_tot_female,runaways_tot_male,runaways_adult_amer_ind,runaways_adult_asian,runaways_adult_black,runaways_adult_white,runaways_juv_amer_ind,runaways_juv_asian,runaways_juv_black,runaways_juv_white,runaways_tot_amer_ind,runaways_tot_asian,runaways_tot_black,runaways_tot_white,runaways_adult_hispanic,runaways_adult_non_hisp,runaways_juv_hispanic,runaways_juv_non_hisp,runaways_tot_hispanic,runaways_tot_non_hisp,oth_sex_off_tot_adult,oth_sex_off_tot_juv,oth_sex_off_tot_arrests,oth_sex_off_tot_female_adult,oth_sex_off_tot_male_adult,oth_sex_off_tot_female_juv,oth_sex_off_tot_male_juv,oth_sex_off_tot_female,oth_sex_off_tot_male,oth_sex_off_adult_amer_ind,oth_sex_off_adult_asian,oth_sex_off_adult_black,oth_sex_off_adult_white,oth_sex_off_juv_amer_ind,oth_sex_off_juv_asian,oth_sex_off_juv_black,oth_sex_off_juv_white,oth_sex_off_tot_amer_ind,oth_sex_off_tot_asian,oth_sex_off_tot_black,oth_sex_off_tot_white,oth_sex_off_adult_hispanic,oth_sex_off_adult_non_hisp,oth_sex_off_juv_hispanic,oth_sex_off_juv_non_hisp,oth_sex_off_tot_hispanic,oth_sex_off_tot_non_hisp,stolen_prop_tot_adult,stolen_prop_tot_juv,stolen_prop_tot_arrests,stolen_prop_tot_female_adult,stolen_prop_tot_male_adult,stolen_prop_tot_female_juv,stolen_prop_tot_male_juv,stolen_prop_tot_female,stolen_prop_tot_male,stolen_prop_adult_amer_ind,stolen_prop_adult_asian,stolen_prop_adult_black,stolen_prop_adult_white,stolen_prop_juv_amer_ind,stolen_prop_juv_asian,stolen_prop_juv_black,stolen_prop_juv_white,stolen_prop_tot_amer_ind,stolen_prop_tot_asian,stolen_prop_tot_black,stolen_prop_tot_white,stolen_prop_adult_hispanic,stolen_prop_adult_non_hisp,stolen_prop_juv_hispanic,stolen_prop_juv_non_hisp,stolen_prop_tot_hispanic,stolen_prop_tot_non_hisp,suspicion_tot_adult,suspicion_tot_juv,suspicion_tot_arrests,suspicion_tot_female_adult,suspicion_tot_male_adult,suspicion_tot_female_juv,suspicion_tot_male_juv,suspicion_tot_female,suspicion_tot_male,suspicion_adult_amer_ind,suspicion_adult_asian,suspicion_adult_black,suspicion_adult_white,suspicion_juv_amer_ind,suspicion_juv_asian,suspicion_juv_black,suspicion_juv_white,suspicion_tot_amer_ind,suspicion_tot_asian,suspicion_tot_black,suspicion_tot_white,suspicion_adult_hispanic,suspicion_adult_non_hisp,suspicion_juv_hispanic,suspicion_juv_non_hisp,suspicion_tot_hispanic,suspicion_tot_non_hisp,theft_tot_adult,theft_tot_juv,theft_tot_arrests,theft_tot_female_adult,theft_tot_male_adult,theft_tot_female_juv,theft_tot_male_juv,theft_tot_female,theft_tot_male,theft_adult_amer_ind,theft_adult_asian,theft_adult_black,theft_adult_white,theft_juv_amer_ind,theft_juv_asian,theft_juv_black,theft_juv_white,theft_tot_amer_ind,theft_tot_asian,theft_tot_black,theft_tot_white,theft_adult_hispanic,theft_adult_non_hisp,theft_juv_hispanic,theft_juv_non_hisp,theft_tot_hispanic,theft_tot_non_hisp,vagrancy_tot_adult,vagrancy_tot_juv,vagrancy_tot_arrests,vagrancy_tot_female_adult,vagrancy_tot_male_adult,vagrancy_tot_female_juv,vagrancy_tot_male_juv,vagrancy_tot_female,vagrancy_tot_male,vagrancy_adult_amer_ind,vagrancy_adult_asian,vagrancy_adult_black,vagrancy_adult_white,vagrancy_juv_amer_ind,vagrancy_juv_asian,vagrancy_juv_black,vagrancy_juv_white,vagrancy_tot_amer_ind,vagrancy_tot_asian,vagrancy_tot_black,vagrancy_tot_white,vagrancy_adult_hispanic,vagrancy_adult_non_hisp,vagrancy_juv_hispanic,vagrancy_juv_non_hisp,vagrancy_tot_hispanic,vagrancy_tot_non_hisp,vandalism_tot_adult,vandalism_tot_juv,vandalism_tot_arrests,vandalism_tot_female_adult,vandalism_tot_male_adult,vandalism_tot_female_juv,vandalism_tot_male_juv,vandalism_tot_female,vandalism_tot_male,vandalism_adult_amer_ind,vandalism_adult_asian,vandalism_adult_black,vandalism_adult_white,vandalism_juv_amer_ind,vandalism_juv_asian,vandalism_juv_black,vandalism_juv_white,vandalism_tot_amer_ind,vandalism_tot_asian,vandalism_tot_black,vandalism_tot_white,vandalism_adult_hispanic,vandalism_adult_non_hisp,vandalism_juv_hispanic,vandalism_juv_non_hisp,vandalism_tot_hispanic,vandalism_tot_non_hisp,weapons_tot_adult,weapons_tot_juv,weapons_tot_arrests,weapons_tot_female_adult,weapons_tot_male_adult,weapons_tot_female_juv,weapons_tot_male_juv,weapons_tot_female,weapons_tot_male,weapons_adult_amer_ind,weapons_adult_asian,weapons_adult_black,weapons_adult_white,weapons_juv_amer_ind,weapons_juv_asian,weapons_juv_black,weapons_juv_white,weapons_tot_amer_ind,weapons_tot_asian,weapons_tot_black,weapons_tot_white,weapons_adult_hispanic,weapons_adult_non_hisp,weapons_juv_hispanic,weapons_juv_non_hisp,weapons_tot_hispanic,weapons_tot_non_hisp,all_arrests_total_tot_adult,all_arrests_total_tot_juv,all_arrests_total_tot_arrests,all_arrests_total_tot_female_adult,all_arrests_total_tot_male_adult,all_arrests_total_tot_female_juv,all_arrests_total_tot_male_juv,all_arrests_total_tot_female,all_arrests_total_tot_male,all_arrests_total_adult_amer_ind,all_arrests_total_adult_asian,all_arrests_total_adult_black,all_arrests_total_adult_white,all_arrests_total_juv_amer_ind,all_arrests_total_juv_asian,all_arrests_total_juv_black,all_arrests_total_juv_white,all_arrests_total_tot_amer_ind,all_arrests_total_tot_asian,all_arrests_total_tot_black,all_arrests_total_tot_white
Henrico County Division of Police,VA04301,2020,Virginia,333274,183,11,194,35,148,4,7,39,155,0,4,122,57,0,0,9,2,0,4,131,59,4,179,0,11,4,190,3197,135,3332,917,2280,55,80,972,2360,2,21,1897,1266,0,2,90,43,2,23,1987,1309,77,3120,10,126,87,3246,665,38,703,151,514,16,22,167,536,0,10,418,228,0,0,20,18,0,10,438,246,23,642,1,37,24,679,5,2,7,1,4,1,1,2,5,0,0,3,2,0,1,1,0,0,1,4,2,0,5,0,2,0,7,91,19,110,10,81,3,16,13,97,0,1,61,29,0,0,14,5,0,1,75,34,4,87,0,19,4,106,0,12,12,0,0,5,7,5,7,0,0,0,0,0,0,8,4,0,0,8,4,0,0,0,12,0,12,18,12,30,4,14,3,9,7,23,0,1,12,5,0,0,11,1,0,1,23,6,0,18,0,12,0,30,1079,25,1104,288,791,7,18,295,809,0,5,641,419,0,0,14,11,0,5,655,430,24,1055,0,25,24,1080,948,21,969,679,5,16,274,695,0,5,547,384,0,0,12,9,0,5,559,393,23,925,0,21,269,23,946,0,0,0,0,0,0,0,0,0,0,0,0,0,0,0,0,0,0,0,0,0,0,0,0,0,0,0,36,0,36,6,30,0,0,6,30,0,0,23,12,0,0,0,0,0,0,23,12,1,35,0,0,1,35,30,0,30,19,0,0,11,19,0,0,15,15,0,0,0,0,0,0,15,15,0,30,0,0,11,0,30,882,21,903,630,5,16,257,646,0,5,509,357,0,0,12,9,0,5,521,366,22,860,0,21,252,22,881,84,4,88,73,2,2,13,75,0,0,62,20,0,0,2,2,0,0,64,22,1,83,0,4,11,1,87,1,0,1,1,0,0,0,1,0,0,0,0,0,0,0,0,0,0,0,0,0,1,0,0,0,0,1,4,0,4,1,3,0,0,1,3,0,0,4,0,0,0,0,0,0,0,4,0,0,4,0,0,0,4,3,0,3,3,0,0,0,3,0,0,3,0,0,0,0,0,0,0,3,0,0,3,0,0,0,0,3,76,4,80,66,2,2,12,68,0,0,55,20,0,0,2,2,0,0,57,22,1,75,0,4,10,1,79,249,0,249,53,196,0,0,53,196,0,9,90,148,0,0,0,0,0,9,90,148,31,218,0,0,31,218,720,3,723,186,534,2,1,188,535,1,15,281,414,0,0,1,2,1,15,282,416,75,645,0,3,75,648,50,2,52,25,25,2,0,27,25,0,1,39,9,0,0,2,0,0,1,41,9,2,48,0,2,2,50,22,0,22,14,8,0,0,14,8,0,1,15,6,0,0,0,0,0,1,15,6,0,22,0,0,0,22,42,0,42,17,25,0,0,17,25,0,0,29,13,0,0,0,0,0,0,29,13,0,42,0,0,0,42,112,4,116,38,74,3,1,41,75,0,0,73,39,0,0,4,0,0,0,77,39,2,110,0,4,2,114,0,0,0,0,0,0,0,0,0,0,0,0,0,0,0,0,0,0,0,0,0,0,0,0,0,0,0,0,0,0,0,0,0,0,0,0,0,0,0,0,0,0,0,0,0,0,0,0,0,0,0,0,0,0,0,0,0,0,0,0,0,0,0,0,0,0,0,0,0,0,0,0,0,0,0,0,0,0,0,0,0,0,0,0,0,0,0,0,0,0,0,0,0,0,0,0,0,0,0,0,0,0,0,0,0,0,0,0,19,2,21,4,15,0,2,4,17,0,0,8,9,0,0,0,2,0,0,8,11,4,15,1,1,5,16,1,0,1,0,1,0,0,0,1,0,0,1,0,0,0,0,0,0,0,1,0,0,1,0,0,0,1,24,14,38,8,16,3,11,11,27,0,0,19,5,0,0,13,1,0,0,32,6,1,23,0,14,1,37,12,3,15,1,11,0,3,1,14,0,0,12,0,0,0,3,0,0,0,15,0,0,12,0,3,0,15,37,0,37,18,19,0,0,18,19,0,2,18,17,0,0,0,0,0,2,18,17,3,34,0,0,3,34,7,6,13,0,7,0,6,0,13,0,0,3,4,0,0,5,1,0,0,8,5,1,6,0,6,1,12,61,9,70,6,55,0,9,6,64,0,0,52,9,0,0,8,1,0,0,60,10,1,60,0,9,1,69,0,55,55,0,0,28,27,28,27,0,0,0,0,0,0,36,19,0,0,36,19,0,0,4,51,4,51,3,0,3,0,3,0,0,0,3,0,0,2,0,0,0,0,0,0,0,2,0,0,3,0,0,0,3,27,3,30,1,26,0,3,1,29,0,0,24,3,0,0,3,0,0,0,27,3,1,26,0,3,1,29,0,0,0,0,0,0,0,0,0,0,0,0,0,0,0,0,0,0,0,0,0,0,0,0,0,0,0,1407,38,1445,642,765,13,25,655,790,1,11,939,441,0,1,26,11,1,12,965,452,36,1371,1,37,37,1408,0,0,0,0,0,0,0,0,0,0,0,0,0,0,0,0,0,0,0,0,0,0,0,0,0,0,0,84,8,92,20,64,2,6,22,70,0,1,57,26,0,0,4,4,0,1,61,30,5,79,0,8,5,87,270,9,279,26,244,0,9,26,253,0,1,225,43,0,0,6,3,0,1,231,46,4,266,0,9,4,275,8385,410,8795,2465,5920,147,263,2612,6183,4,83,5041,3192,0,4,278,128,4,87,5319,3320
Henrico County Division of Police,VA04301,2019,Virginia,330210,168,12,180,38,130,3,9,41,139,0,2,118,48,0,0,10,2,0,2,128,50,5,163,0,12,5,175,4203,76,4279,1218,2985,32,44,1250,3029,1,23,2621,1523,0,0,51,27,1,23,2672,1550,117,4086,3,75,120,4161,816,70,886,214,602,36,34,250,636,0,10,509,291,0,1,45,24,0,11,554,315,31,785,4,66,35,851,2,3,5,1,1,0,3,1,4,0,0,0,2,0,0,1,2,0,0,1,4,0,2,0,3,0,5,110,23,133,16,94,1,22,17,116,0,0,56,53,0,0,20,3,0,0,76,56,4,106,0,23,4,129,0,39,39,0,0,9,30,9,30,0,0,0,0,0,1,24,12,0,1,24,12,0,0,3,36,3,36,36,15,51,17,19,4,11,21,30,0,0,26,10,0,0,14,1,0,0,40,11,1,35,0,15,1,50,1963,63,2026,508,1455,21,42,529,1497,0,10,1374,567,0,0,31,32,0,10,1405,599,41,1922,2,61,43,1983,1698,54,1752,1239,16,38,475,1277,0,9,1178,499,0,0,28,26,0,9,1206,525,40,1658,2,52,459,42,1710,4,0,4,4,0,0,0,4,0,0,3,1,0,0,0,0,0,0,3,1,0,4,0,0,0,0,4,126,6,132,36,90,1,5,37,95,0,2,103,19,0,0,5,1,0,2,108,20,3,123,0,6,3,129,32,0,32,24,0,0,8,24,0,0,17,14,0,0,0,0,0,0,17,14,0,32,0,0,8,0,32,1536,48,1584,1121,15,33,430,1154,0,7,1055,465,0,0,23,25,0,7,1078,490,37,1499,2,46,415,39,1545,188,5,193,155,1,4,34,159,0,1,154,33,0,0,1,4,0,1,155,37,1,187,0,5,33,1,192,0,0,0,0,0,0,0,0,0,0,0,0,0,0,0,0,0,0,0,0,0,0,0,0,0,0,0,6,0,6,0,6,0,0,0,6,0,0,5,1,0,0,0,0,0,0,5,1,0,6,0,0,0,6,21,0,21,17,0,0,4,17,0,0,17,4,0,0,0,0,0,0,17,4,0,21,0,0,4,0,21,161,5,166,132,1,4,30,136,0,1,132,28,0,0,1,4,0,1,133,32,1,160,0,5,29,1,165,398,1,399,92,306,0,1,92,307,1,12,128,256,0,0,0,1,1,12,128,257,31,367,0,1,31,368,1098,3,1101,311,787,2,1,313,788,0,33,436,616,0,0,1,2,0,33,437,618,82,1016,0,3,82,1019,74,0,74,41,33,0,0,41,33,0,1,52,21,0,0,0,0,0,1,52,21,3,71,0,0,3,71,15,0,15,5,10,0,0,5,10,0,0,6,9,0,0,0,0,0,0,6,9,0,15,0,0,0,15,62,1,63,21,41,0,1,21,42,0,0,41,19,0,0,1,0,0,0,42,19,4,58,0,1,4,59,162,6,168,58,104,1,5,59,109,0,1,109,52,0,1,5,0,0,2,114,52,2,160,0,6,2,166,0,0,0,0,0,0,0,0,0,0,0,0,0,0,0,0,0,0,0,0,0,0,0,0,0,0,0,0,0,0,0,0,0,0,0,0,0,0,0,0,0,0,0,0,0,0,0,0,0,0,0,0,0,0,0,0,0,0,0,0,0,0,0,0,0,0,0,0,0,0,0,0,0,0,0,0,0,0,0,0,0,0,0,0,0,0,0,0,0,0,0,0,0,0,0,0,0,0,0,0,0,0,0,0,0,0,0,0,23,7,30,4,19,5,2,9,21,0,1,8,14,0,0,4,3,0,1,12,17,2,21,0,7,2,28,1,0,1,1,0,0,0,1,0,0,0,0,1,0,0,0,0,0,0,0,1,1,0,0,0,1,0,24,21,45,5,19,3,18,8,37,0,0,18,5,0,0,18,3,0,0,36,8,0,24,0,21,0,45,9,0,9,1,8,0,0,1,8,0,0,5,4,0,0,0,0,0,0,5,4,0,9,0,0,0,9,125,0,125,62,63,0,0,62,63,0,7,65,50,0,0,0,0,0,7,65,50,3,122,0,0,3,122,9,6,15,0,9,0,6,0,15,0,0,6,3,0,0,4,2,0,0,10,5,0,9,0,6,0,15,58,13,71,2,56,1,12,3,68,0,0,38,18,0,0,12,1,0,0,50,19,3,55,1,12,4,67,0,205,205,0,0,103,102,103,102,0,0,0,0,0,1,139,66,0,1,139,66,0,0,10,196,10,196,6,0,6,0,6,0,0,0,6,0,0,3,3,0,0,0,0,0,0,3,3,0,6,0,0,0,6,38,7,45,2,36,0,7,2,43,0,0,34,4,0,0,5,2,0,0,39,6,0,38,0,7,0,45,0,0,0,0,0,0,0,0,0,0,0,0,0,0,0,0,0,0,0,0,0,0,0,0,0,0,0,1808,83,1891,941,867,44,39,985,906,0,11,1195,586,0,0,63,19,0,11,1258,605,35,1773,1,82,36,1855,0,0,0,0,0,0,0,0,0,0,0,0,0,0,0,0,0,0,0,0,0,0,0,0,0,0,0,80,23,103,20,60,11,12,31,72,0,0,52,27,0,0,16,7,0,0,68,34,4,76,0,23,4,99,281,19,300,26,255,2,17,28,272,1,3,238,38,0,0,17,2,1,3,255,40,3,278,0,19,3,297,11569,696,12265,3604,7965,278,418,3882,8383,3,114,7138,4220,0,4,481,211,3,118,7619,4431
Henrico County Division of Police,VA04301,2018,Virginia,330124,192,8,200,50,142,2,6,52,148,0,0,123,68,0,0,6,2,0,0,129,70,4,188,0,8,4,196,4021,54,4075,1129,2892,10,44,1139,2936,0,35,2487,1479,0,0,39,14,0,35,2526,1493,110,3911,1,53,111,3964,769,80,849,198,571,34,46,232,617,0,15,484,269,0,0,64,16,0,15,548,285,34,735,2,78,36,813,5,3,8,1,4,0,3,1,7,0,0,3,2,0,0,1,2,0,0,4,4,0,5,2,1,2,6,110,34,144,20,90,2,32,22,122,0,3,65,42,0,0,27,6,0,3,92,48,6,104,0,34,6,138,0,12,12,0,0,3,9,3,9,0,0,0,0,0,0,8,4,0,0,8,4,0,0,0,12,0,12,29,33,62,8,21,11,22,19,43,0,0,17,11,0,0,27,6,0,0,44,17,1,28,0,33,1,61,1905,60,1965,507,1398,19,41,526,1439,1,16,1217,663,0,1,36,19,1,17,1253,682,29,1876,1,59,30,1935,1642,52,1694,1178,18,34,482,1212,0,11,1023,601,0,1,31,16,0,12,1054,617,27,1615,1,51,464,28,1666,9,0,9,6,0,0,3,6,0,0,4,5,0,0,0,0,0,0,4,5,0,9,0,0,3,0,9,368,21,389,99,269,5,16,104,285,0,2,273,91,0,1,12,7,0,3,285,98,7,361,1,20,8,381,111,0,111,71,0,0,40,71,0,0,58,53,0,0,0,0,0,0,58,53,1,110,0,0,40,1,110,1154,31,1185,832,13,18,335,850,0,9,688,452,0,0,19,9,0,9,707,461,19,1135,0,31,322,19,1166,202,8,210,178,1,7,25,185,0,3,155,43,0,0,5,3,0,3,160,46,1,201,0,8,24,1,209,0,0,0,0,0,0,0,0,0,0,0,0,0,0,0,0,0,0,0,0,0,0,0,0,0,0,0,37,3,40,4,33,1,2,5,35,0,0,29,7,0,0,1,2,0,0,30,9,0,37,0,3,0,40,22,0,22,19,0,0,3,19,0,0,17,5,0,0,0,0,0,0,17,5,0,22,0,0,3,0,22,143,5,148,126,0,5,17,131,0,3,109,31,0,0,4,1,0,3,113,32,1,142,0,5,17,1,147,296,3,299,55,241,2,1,57,242,0,4,109,182,0,0,1,2,0,4,110,184,24,272,0,3,24,275,1152,0,1152,307,845,0,0,307,845,1,38,441,663,0,0,0,0,1,38,441,663,98,1054,0,0,98,1054,66,0,66,35,31,0,0,35,31,0,0,46,19,0,0,0,0,0,0,46,19,0,66,0,0,0,66,33,0,33,19,14,0,0,19,14,0,1,13,18,0,0,0,0,0,1,13,18,1,32,0,0,1,32,51,1,52,16,35,0,1,16,36,0,0,42,9,0,0,1,0,0,0,43,9,1,50,0,1,1,51,136,6,142,53,83,5,1,58,84,0,0,81,51,0,0,1,5,0,0,82,56,7,129,0,6,7,135,2,0,2,1,1,0,0,1,1,0,2,0,0,0,0,0,0,0,2,0,0,0,2,0,0,0,2,0,0,0,0,0,0,0,0,0,0,0,0,0,0,0,0,0,0,0,0,0,0,0,0,0,0,0,0,0,0,0,0,0,0,0,0,0,0,0,0,0,0,0,0,0,0,0,0,0,0,0,0,0,0,0,0,0,0,0,0,0,0,0,0,0,0,0,0,0,0,0,0,0,0,0,0,0,0,0,0,0,19,6,25,7,12,5,1,12,13,0,1,2,16,0,0,1,5,0,1,3,21,2,17,0,6,2,23,1,0,1,0,1,0,0,0,1,0,0,1,0,0,0,0,0,0,0,1,0,0,1,0,0,0,1,29,40,69,4,25,3,37,7,62,0,0,19,10,0,1,36,3,0,1,55,13,1,28,1,39,2,67,6,0,6,1,5,0,0,1,5,0,0,3,3,0,0,0,0,0,0,3,3,0,6,0,0,0,6,79,0,79,57,22,0,0,57,22,0,14,35,30,0,0,0,0,0,14,35,30,5,74,0,0,5,74,5,3,8,0,5,0,3,0,8,0,0,1,4,0,0,2,1,0,0,3,5,0,5,0,3,0,8,67,22,89,13,54,5,17,18,71,0,0,54,13,0,0,16,6,0,0,70,19,2,65,0,22,2,87,0,239,239,0,0,135,104,135,104,0,0,0,0,0,0,163,76,0,0,163,76,0,0,16,223,16,223,7,1,8,1,6,0,1,1,7,0,0,1,6,0,0,1,0,0,0,2,6,2,5,0,1,2,6,30,6,36,3,27,0,6,3,33,0,0,23,7,0,0,6,0,0,0,29,7,2,28,0,6,2,34,0,0,0,0,0,0,0,0,0,0,0,0,0,0,0,0,0,0,0,0,0,0,0,0,0,0,0,1438,93,1531,665,773,40,53,705,826,0,16,846,561,0,0,66,25,0,16,912,586,35,1403,4,91,39,1494,1,0,1,1,0,0,0,1,0,0,0,0,1,0,0,0,0,0,0,0,1,0,1,0,0,0,1,86,27,113,29,57,12,15,41,72,0,0,65,21,0,0,25,1,0,0,90,22,1,85,1,26,2,111,235,20,255,29,206,4,16,33,222,0,1,191,43,0,0,16,3,0,1,207,46,2,233,0,20,2,253,10770,751,11521,3209,7561,292,459,3501,8020,2,146,6369,4191,0,2,543,196,2,148,6912,4387
Henrico County Division of Police,VA04301,2017,Virginia,329351,182,20,202,45,137,4,16,49,153,0,2,110,70,0,0,17,3,0,2,127,73,5,177,0,20,5,197,4075,74,4149,1145,2930,17,57,1162,2987,6,20,2467,1567,0,2,41,30,6,22,2508,1597,74,4001,1,73,75,4074,752,94,846,186,566,40,54,226,620,0,18,474,256,0,0,70,24,0,18,544,280,24,728,1,93,25,821,6,0,6,2,4,0,0,2,4,0,1,2,3,0,0,0,0,0,1,2,3,0,6,0,0,0,6,139,29,168,16,123,1,28,17,151,0,0,89,50,0,0,20,9,0,0,109,59,0,139,0,29,0,168,0,18,18,0,0,9,9,9,9,0,0,0,0,0,0,10,6,0,0,10,6,0,0,1,17,1,17,21,34,55,9,12,10,24,19,36,0,0,16,5,0,1,28,4,0,1,44,9,1,20,1,33,2,53,1635,66,1701,407,1228,14,52,421,1280,0,5,932,686,0,0,37,29,0,5,969,715,29,1606,1,65,30,1671,1431,56,1487,1068,11,45,374,1113,0,5,793,621,0,0,30,26,0,5,823,647,28,1403,1,55,363,29,1458,22,0,22,13,0,0,9,13,0,0,13,9,0,0,0,0,0,0,13,9,0,22,0,0,9,0,22,458,33,491,105,353,7,26,112,379,0,2,329,121,0,0,20,13,0,2,349,134,10,448,0,33,10,481,242,1,243,168,0,1,74,169,0,0,81,161,0,0,1,0,0,0,82,161,4,238,0,1,74,4,239,709,22,731,534,4,18,179,552,0,3,370,330,0,0,9,13,0,3,379,343,14,695,1,21,175,15,716,148,5,153,118,2,3,32,121,0,0,112,36,0,0,5,0,0,0,117,36,0,148,0,5,30,0,153,0,0,0,0,0,0,0,0,0,0,0,0,0,0,0,0,0,0,0,0,0,0,0,0,0,0,0,50,4,54,10,40,1,3,11,43,0,0,38,12,0,0,4,0,0,0,42,12,0,50,0,4,0,54,24,0,24,19,0,0,5,19,0,0,14,10,0,0,0,0,0,0,14,10,0,24,0,0,5,0,24,74,1,75,59,1,0,16,59,0,0,60,14,0,0,1,0,0,0,61,14,0,74,0,1,15,0,75,344,3,347,96,248,2,1,98,249,0,4,123,215,0,0,0,3,0,4,123,218,17,327,0,3,17,330,1170,5,1175,337,833,1,4,338,837,0,26,450,684,0,0,1,4,0,26,451,688,64,1106,0,5,64,1111,117,2,119,58,59,2,0,60,59,0,3,82,30,0,0,1,1,0,3,83,31,2,115,1,1,3,116,19,0,19,9,10,0,0,9,10,0,2,12,5,0,0,0,0,0,2,12,5,0,19,0,0,0,19,54,2,56,26,28,1,1,27,29,0,0,36,18,0,0,2,0,0,0,38,18,3,51,0,2,3,53,184,7,191,78,106,4,3,82,109,0,1,106,75,0,0,6,1,0,1,112,76,4,180,0,7,4,187,1,0,1,0,1,0,0,0,1,0,0,1,0,0,0,0,0,0,0,1,0,0,1,0,0,0,1,0,0,0,0,0,0,0,0,0,0,0,0,0,0,0,0,0,0,0,0,0,0,0,0,0,0,0,0,0,0,0,0,0,0,0,0,0,0,0,0,0,0,0,0,0,0,0,0,0,0,0,0,0,0,0,0,0,0,0,0,0,0,0,0,0,0,0,0,0,0,0,0,0,0,0,0,0,0,0,0,0,41,6,47,10,31,4,2,14,33,0,0,7,34,0,0,0,6,0,0,7,40,4,37,0,6,4,43,0,0,0,0,0,0,0,0,0,0,0,0,0,0,0,0,0,0,0,0,0,0,0,0,0,0,0,39,15,54,8,31,1,14,9,45,0,1,24,14,0,0,11,4,0,1,35,18,1,38,0,15,1,53,19,0,19,5,14,0,0,5,14,0,0,16,3,0,0,0,0,0,0,16,3,0,19,0,0,0,19,181,1,182,117,64,1,0,118,64,0,14,95,71,0,0,1,0,0,14,96,71,7,174,0,1,7,175,15,2,17,0,15,0,2,0,17,0,1,10,4,0,0,0,2,0,1,10,6,0,15,0,2,0,17,84,26,110,5,79,5,21,10,100,0,1,64,18,0,0,25,1,0,1,89,19,0,84,0,26,0,110,0,237,237,0,0,146,91,146,91,0,0,0,0,0,2,145,90,0,2,145,90,0,0,27,210,27,210,3,1,4,0,3,0,1,0,4,0,1,0,2,0,0,1,0,0,1,1,2,1,2,0,1,1,3,36,3,39,6,30,0,3,6,33,0,0,22,14,0,0,3,0,0,0,25,14,0,36,0,3,0,39,0,0,0,0,0,0,0,0,0,0,0,0,0,0,0,0,0,0,0,0,0,0,0,0,0,0,0,1281,159,1440,534,747,57,102,591,849,0,15,713,543,0,0,118,39,0,15,831,582,15,1266,4,155,19,1421,1,0,1,0,1,0,0,0,1,0,0,1,0,0,0,0,0,0,0,1,0,0,1,0,0,0,1,115,40,155,36,79,12,28,48,107,0,3,68,44,0,0,29,11,0,3,97,55,1,114,1,39,2,153,243,18,261,26,217,4,14,30,231,0,1,191,50,0,0,17,1,0,1,208,51,3,240,0,18,3,258,10757,862,11619,3161,7596,335,527,3496,8123,6,119,6111,4461,0,5,583,268,6,124,6694,4729
Henrico County Division of Police,VA04301,2016,Virginia,326958,295,17,312,58,237,4,13,62,250,0,1,196,95,0,0,15,2,0,1,211,97,0,0,0,0,0,0,4005,90,4095,1159,2846,23,67,1182,2913,0,40,2387,1550,0,0,60,29,0,40,2447,1579,0,0,0,0,0,0,821,139,960,216,605,61,78,277,683,1,22,466,325,0,0,109,30,1,22,575,355,0,0,0,0,0,0,5,0,5,1,4,0,0,1,4,0,0,1,4,0,0,0,0,0,0,1,4,0,0,0,0,0,0,107,29,136,7,100,3,26,10,126,0,0,46,60,0,0,24,6,0,0,70,66,0,0,0,0,0,0,0,7,7,0,0,1,6,1,6,0,0,0,0,0,0,7,0,0,0,7,0,0,0,0,0,0,0,31,30,61,8,23,20,10,28,33,0,0,22,9,0,0,26,2,0,0,48,11,0,0,0,0,0,0,1517,102,1619,400,1117,24,78,424,1195,0,7,842,655,0,1,49,52,0,8,891,707,0,0,0,0,0,0,1340,90,1430,966,23,67,397,1033,0,7,714,607,0,1,40,49,0,8,754,656,0,0,0,0,374,0,0,15,1,16,10,0,1,5,11,0,0,8,7,0,0,0,1,0,0,8,8,0,0,0,0,5,0,0,538,56,594,120,418,10,46,130,464,0,5,362,166,0,1,24,31,0,6,386,197,0,0,0,0,0,0,219,2,221,149,2,0,72,149,0,0,70,147,0,0,1,1,0,0,71,148,0,0,0,0,70,0,0,568,31,599,389,11,20,190,409,0,2,274,287,0,0,15,16,0,2,289,303,0,0,0,0,179,0,0,131,10,141,113,1,9,19,122,0,0,105,25,0,0,7,3,0,0,112,28,0,0,0,0,18,0,0,2,0,2,1,0,0,1,1,0,0,1,1,0,0,0,0,0,0,1,1,0,0,0,0,1,0,0,54,6,60,5,49,0,6,5,55,0,0,45,9,0,0,4,2,0,0,49,11,0,0,0,0,0,0,25,0,25,24,0,0,1,24,0,0,21,4,0,0,0,0,0,0,21,4,0,0,0,0,1,0,0,50,4,54,39,1,3,12,42,0,0,38,11,0,0,3,1,0,0,41,12,0,0,0,0,11,0,0,414,2,416,90,324,1,1,91,325,0,7,141,264,0,0,0,2,0,7,141,266,0,0,0,0,0,0,923,4,927,238,685,0,4,238,689,1,17,323,578,0,0,0,3,1,17,323,581,0,0,0,0,0,0,64,3,67,35,29,1,2,36,31,0,1,50,13,0,0,3,0,0,1,53,13,0,0,0,0,0,0,15,0,15,5,10,0,0,5,10,0,0,9,6,0,0,0,0,0,0,9,6,0,0,0,0,0,0,43,2,45,17,26,0,2,17,28,0,0,27,16,0,0,1,1,0,0,28,17,0,0,0,0,0,0,154,3,157,58,96,1,2,59,98,0,0,93,60,0,0,1,2,0,0,94,62,0,0,0,0,0,0,0,0,0,0,0,0,0,0,0,0,0,0,0,0,0,0,0,0,0,0,0,0,0,0,0,0,0,0,0,0,0,0,0,0,0,0,0,0,0,0,0,0,0,0,0,0,0,0,0,0,0,0,0,0,0,0,0,0,0,0,0,0,0,0,0,0,0,0,0,0,0,0,0,0,0,0,0,0,0,0,0,0,0,0,0,0,0,0,0,0,0,0,0,0,0,0,0,0,0,0,0,0,0,0,0,0,0,0,100,20,120,33,67,2,18,35,85,1,2,16,79,0,0,4,16,1,2,20,95,0,0,0,0,0,0,1,0,1,0,1,0,0,0,1,0,0,1,0,0,0,0,0,0,0,1,0,0,0,0,0,0,0,23,21,44,2,21,3,18,5,39,0,0,18,5,0,0,19,2,0,0,37,7,0,0,0,0,0,0,13,0,13,2,11,0,0,2,11,0,0,10,3,0,0,0,0,0,0,10,3,0,0,0,0,0,0,239,2,241,156,83,2,0,158,83,0,9,139,90,0,0,0,2,0,9,139,92,0,0,0,0,0,0,7,2,9,0,7,0,2,0,9,0,0,5,2,0,0,1,1,0,0,6,3,0,0,0,0,0,0,111,30,141,16,95,0,30,16,125,0,1,82,27,0,0,21,9,0,1,103,36,0,0,0,0,0,0,0,229,229,0,0,126,103,126,103,0,0,0,0,0,1,145,83,0,1,145,83,0,0,0,0,0,0,7,2,9,0,7,0,2,0,9,0,0,2,5,0,0,1,1,0,0,3,6,0,0,0,0,0,0,22,16,38,4,18,1,15,5,33,0,0,13,9,0,0,12,4,0,0,25,13,0,0,0,0,0,0,0,0,0,0,0,0,0,0,0,0,0,0,0,0,0,0,0,0,0,0,0,0,0,0,0,0,0,1463,220,1683,640,823,83,137,723,960,0,15,802,636,0,2,142,72,0,17,944,708,0,0,0,0,0,0,0,0,0,0,0,0,0,0,0,0,0,0,0,0,0,0,0,0,0,0,0,0,0,0,0,0,0,110,34,144,35,75,11,23,46,98,0,2,72,36,0,0,23,10,0,2,95,46,0,0,0,0,0,0,191,11,202,18,173,1,10,19,183,0,1,147,41,0,0,8,3,0,1,155,44,0,0,0,0,0,0,10681,1015,11696,3198,7483,368,647,3566,8130,3,125,5910,4568,0,4,671,332,3,129,6581,4900
Henrico County Division of Police,VA04301,2015,Virginia,324755,260,12,272,46,214,2,10,48,224,0,4,159,97,0,0,7,5,0,4,166,102,0,0,0,0,0,0,3880,91,3971,1145,2735,23,68,1168,2803,2,31,2380,1446,0,0,69,22,2,31,2449,1468,0,0,0,0,0,0,827,148,975,242,585,58,90,300,675,1,12,492,322,0,0,117,31,1,12,609,353,0,0,0,0,0,0,6,3,9,4,2,1,2,5,4,0,0,2,4,0,0,2,1,0,0,4,5,0,0,0,0,0,0,136,50,186,12,124,4,46,16,170,0,0,96,39,0,0,33,17,0,0,129,56,0,0,0,0,0,0,0,12,12,0,0,5,7,5,7,0,0,0,0,0,0,7,5,0,0,7,5,0,0,0,0,0,0,32,74,106,12,20,41,33,53,53,0,0,27,5,0,0,66,7,0,0,93,12,0,0,0,0,0,0,1116,67,1183,296,820,12,55,308,875,1,5,658,449,0,0,40,27,1,5,698,476,0,0,0,0,0,0,976,62,1038,705,12,50,283,755,0,3,564,407,0,0,39,23,0,3,603,430,0,0,0,0,271,0,0,16,2,18,14,1,1,3,15,0,0,10,6,0,0,1,1,0,0,11,7,0,0,0,0,2,0,0,396,26,422,84,312,4,22,88,334,0,1,293,101,0,0,17,9,0,1,310,110,0,0,0,0,0,0,179,2,181,118,1,1,62,119,0,0,59,120,0,0,0,2,0,0,59,122,0,0,0,0,61,0,0,385,32,417,261,6,26,130,287,0,2,202,180,0,0,21,11,0,2,223,191,0,0,0,0,124,0,0,109,3,112,89,0,3,20,92,0,2,82,24,0,0,1,2,0,2,83,26,0,0,0,0,20,0,0,3,0,3,3,0,0,0,3,0,0,2,1,0,0,0,0,0,0,2,1,0,0,0,0,0,0,0,40,1,41,8,32,0,1,8,33,0,2,30,8,0,0,0,1,0,2,30,9,0,0,0,0,0,0,18,0,18,16,0,0,2,16,0,0,15,2,0,0,0,0,0,0,15,2,0,0,0,0,2,0,0,48,2,50,38,0,2,10,40,0,0,35,13,0,0,1,1,0,0,36,14,0,0,0,0,10,0,0,449,2,451,79,370,1,1,80,371,0,12,159,278,0,0,1,1,0,12,160,279,0,0,0,0,0,0,890,7,897,211,679,2,5,213,684,0,18,300,570,0,0,0,6,0,18,300,576,0,0,0,0,0,0,57,1,58,32,25,1,0,33,25,0,0,36,19,0,0,1,0,0,0,37,19,0,0,0,0,0,0,20,0,20,8,12,0,0,8,12,0,0,14,6,0,0,0,0,0,0,14,6,0,0,0,0,0,0,49,0,49,11,38,0,0,11,38,0,0,35,14,0,0,0,0,0,0,35,14,0,0,0,0,0,0,141,2,143,60,81,1,1,61,82,0,1,90,50,0,0,2,0,0,1,92,50,0,0,0,0,0,0,2,0,2,1,1,0,0,1,1,0,0,2,0,0,0,0,0,0,0,2,0,0,0,0,0,0,0,0,0,0,0,0,0,0,0,0,0,0,0,0,0,0,0,0,0,0,0,0,0,0,0,0,0,0,0,0,0,0,0,0,0,0,0,0,0,0,0,0,0,0,0,0,0,0,0,0,0,0,0,0,0,0,0,0,0,0,0,0,0,0,0,0,0,0,0,0,0,0,0,0,0,0,0,0,0,0,0,0,48,18,66,11,37,12,6,23,43,1,2,13,32,0,0,6,12,1,2,19,44,0,0,0,0,0,0,1,0,1,0,1,0,0,0,1,0,0,1,0,0,0,0,0,0,0,1,0,0,0,0,0,0,0,19,6,25,2,17,1,5,3,22,0,0,12,6,0,0,5,1,0,0,17,7,0,0,0,0,0,0,5,2,7,2,3,0,2,2,5,0,0,4,1,0,0,2,0,0,0,6,1,0,0,0,0,0,0,317,2,319,173,144,2,0,175,144,1,17,163,135,0,0,1,1,1,17,164,136,0,0,0,0,0,0,10,4,14,1,9,0,4,1,13,0,0,4,6,0,0,2,2,0,0,6,8,0,0,0,0,0,0,85,18,103,13,72,4,14,17,86,0,0,72,13,0,0,17,1,0,0,89,14,0,0,0,0,0,0,0,204,204,0,0,112,92,112,92,0,0,0,0,0,1,137,66,0,1,137,66,0,0,0,0,0,0,3,1,4,0,3,0,1,0,4,0,0,1,2,0,0,0,1,0,0,1,3,0,0,0,0,0,0,28,7,35,4,24,0,7,4,31,0,0,17,10,0,0,5,2,0,0,22,12,0,0,0,0,0,0,0,0,0,0,0,0,0,0,0,0,0,0,0,0,0,0,0,0,0,0,0,0,0,0,0,0,0,1459,279,1738,722,737,100,179,822,916,0,20,816,613,0,1,205,73,0,21,1021,686,0,0,0,0,0,0,0,0,0,0,0,0,0,0,0,0,0,0,0,0,0,0,0,0,0,0,0,0,0,0,0,0,0,115,49,164,36,79,8,41,44,120,0,1,58,56,0,0,19,31,0,1,77,87,0,0,0,0,0,0,153,14,167,11,142,2,12,13,154,0,2,119,32,0,0,10,4,0,2,129,36,0,0,0,0,0,0,10108,1073,11181,3134,6974,392,681,3526,7655,6,125,5730,4205,0,2,754,316,6,127,6484,4521
Henrico County Division of Police,VA04301,2014,Virginia,321634,78,12,90,13,65,2,10,15,75,0,2,52,24,0,0,7,5,0,2,59,29,0,0,0,0,0,0,1454,90,1544,444,1010,26,64,470,1074,0,8,839,593,0,0,73,17,0,8,912,610,0,0,0,0,0,0,380,146,526,104,276,69,77,173,353,1,3,231,144,0,0,115,31,1,3,346,175,0,0,0,0,0,0,6,1,7,2,4,0,1,2,5,0,0,4,2,0,0,1,0,0,0,5,2,0,0,0,0,0,0,55,12,67,11,44,0,12,11,56,0,0,37,16,0,0,8,4,0,0,45,20,0,0,0,0,0,0,0,19,19,0,0,9,10,9,10,0,0,0,0,0,0,11,8,0,0,11,8,0,0,0,0,0,0,31,129,160,13,18,68,61,81,79,0,0,23,8,0,0,114,15,0,0,137,23,0,0,0,0,0,0,361,21,382,93,268,6,15,99,283,0,1,230,130,0,1,10,10,0,2,240,140,0,0,0,0,0,0,323,20,343,238,5,15,90,253,0,1,201,121,0,1,9,10,0,2,210,131,0,0,0,0,85,0,0,7,0,7,6,0,0,1,6,0,0,3,4,0,0,0,0,0,0,3,4,0,0,0,0,1,0,0,168,8,176,40,128,4,4,44,132,0,1,123,44,0,1,4,3,0,2,127,47,0,0,0,0,0,0,43,0,43,31,0,0,12,31,0,0,14,29,0,0,0,0,0,0,14,29,0,0,0,0,12,0,0,105,12,117,73,1,11,33,84,0,0,61,44,0,0,5,7,0,0,66,51,0,0,0,0,32,0,0,31,1,32,26,1,0,6,26,0,0,26,5,0,0,1,0,0,0,27,5,0,0,0,0,5,0,0,0,0,0,0,0,0,0,0,0,0,0,0,0,0,0,0,0,0,0,0,0,0,0,0,0,0,0,9,0,9,1,8,0,0,1,8,0,0,9,0,0,0,0,0,0,0,9,0,0,0,0,0,0,0,5,0,5,5,0,0,0,5,0,0,5,0,0,0,0,0,0,0,5,0,0,0,0,0,0,0,0,17,1,18,13,1,0,5,13,0,0,12,5,0,0,1,0,0,0,13,5,0,0,0,0,4,0,0,184,1,185,39,145,0,1,39,146,0,1,56,127,0,0,0,1,0,1,56,128,0,0,0,0,0,0,314,1,315,69,245,0,1,69,246,0,10,94,207,0,0,0,1,0,10,94,208,0,0,0,0,0,0,44,1,45,22,22,1,0,23,22,0,0,35,9,0,0,0,1,0,0,35,10,0,0,0,0,0,0,4,0,4,2,2,0,0,2,2,0,0,4,0,0,0,0,0,0,0,4,0,0,0,0,0,0,0,24,0,24,5,19,0,0,5,19,0,0,14,10,0,0,0,0,0,0,14,10,0,0,0,0,0,0,57,2,59,20,37,2,0,22,37,0,2,39,16,0,0,2,0,0,2,41,16,0,0,0,0,0,0,0,0,0,0,0,0,0,0,0,0,0,0,0,0,0,0,0,0,0,0,0,0,0,0,0,0,0,0,0,0,0,0,0,0,0,0,0,0,0,0,0,0,0,0,0,0,0,0,0,0,0,0,0,0,0,0,0,0,0,0,0,0,0,0,0,0,0,0,0,0,0,0,0,0,0,0,0,0,0,0,0,0,0,0,0,0,0,0,0,0,0,0,0,0,0,0,0,0,0,0,0,0,0,0,0,0,0,0,61,28,89,13,48,12,16,25,64,0,0,12,49,0,0,9,18,0,0,21,67,0,0,0,0,0,0,0,0,0,0,0,0,0,0,0,0,0,0,0,0,0,0,0,0,0,0,0,0,0,0,0,0,0,14,4,18,1,13,1,3,2,16,0,0,7,5,0,0,2,2,0,0,9,7,0,0,0,0,0,0,2,0,2,0,2,0,0,0,2,0,0,1,1,0,0,0,0,0,0,1,1,0,0,0,0,0,0,130,0,130,78,52,0,0,78,52,0,11,58,58,0,0,0,0,0,11,58,58,0,0,0,0,0,0,5,0,5,0,5,0,0,0,5,0,0,5,0,0,0,0,0,0,0,5,0,0,0,0,0,0,0,27,6,33,1,26,0,6,1,32,0,0,20,7,0,0,5,1,0,0,25,8,0,0,0,0,0,0,0,23,23,0,0,9,14,9,14,0,0,0,0,0,1,15,7,0,1,15,7,0,0,0,0,0,0,1,0,1,0,1,0,0,0,1,0,0,0,1,0,0,0,0,0,0,0,1,0,0,0,0,0,0,3,2,5,2,1,0,2,2,3,0,0,1,2,0,0,2,0,0,0,3,2,0,0,0,0,0,0,0,0,0,0,0,0,0,0,0,0,0,0,0,0,0,0,0,0,0,0,0,0,0,0,0,0,0,864,212,1076,414,450,87,125,501,575,0,10,506,340,0,2,154,51,0,12,660,391,0,0,0,0,0,0,0,0,0,0,0,0,0,0,0,0,0,0,0,0,0,0,0,0,0,0,0,0,0,0,0,0,0,65,18,83,18,47,2,16,20,63,0,0,49,16,0,0,14,4,0,0,63,20,0,0,0,0,0,0,35,9,44,3,32,2,7,5,39,0,0,28,7,0,0,6,3,0,0,34,10,0,0,0,0,0,0,4199,737,4936,1367,2832,296,441,1663,3273,1,48,2345,1772,0,4,548,179,1,52,2893,1951
Henrico County Division of Police,VA04301,2013,Virginia,318189,63,8,71,16,47,3,5,19,52,0,1,31,31,0,0,6,2,0,1,37,33,0,0,0,0,0,0,911,73,984,293,618,17,56,310,674,0,12,487,401,0,0,46,27,0,12,533,428,0,0,0,0,0,0,311,130,441,86,225,45,85,131,310,1,2,190,117,0,0,99,30,1,2,289,147,0,0,0,0,0,0,0,3,3,0,0,0,3,0,3,0,0,0,0,0,0,2,1,0,0,2,1,0,0,0,0,0,0,68,14,82,12,56,0,14,12,70,0,0,37,29,0,0,12,2,0,0,49,31,0,0,0,0,0,0,0,15,15,0,0,7,8,7,8,0,0,0,0,0,1,11,3,0,1,11,3,0,0,0,0,0,0,13,84,97,4,9,35,49,39,58,0,0,8,5,0,0,66,18,0,0,74,23,0,0,0,0,0,0,633,37,670,143,490,6,31,149,521,0,3,383,243,0,0,20,17,0,3,403,260,0,0,0,0,0,0,574,35,609,439,6,29,141,468,0,1,346,223,0,0,19,16,0,1,365,239,0,0,0,0,135,0,0,9,0,9,7,0,0,2,7,0,0,4,5,0,0,0,0,0,0,4,5,0,0,0,0,2,0,0,400,24,424,91,309,4,20,95,329,0,1,261,134,0,0,13,11,0,1,274,145,0,0,0,0,0,0,53,1,54,41,1,0,13,41,0,0,21,32,0,0,0,1,0,0,21,33,0,0,0,0,12,0,0,112,10,122,82,1,9,31,91,0,0,60,52,0,0,6,4,0,0,66,56,0,0,0,0,30,0,0,41,2,43,35,0,2,6,37,0,1,26,14,0,0,1,1,0,1,27,15,0,0,0,0,6,0,0,0,0,0,0,0,0,0,0,0,0,0,0,0,0,0,0,0,0,0,0,0,0,0,0,0,0,0,18,1,19,2,16,0,1,2,17,0,0,13,5,0,0,0,1,0,0,13,6,0,0,0,0,0,0,9,0,9,7,0,0,2,7,0,0,7,2,0,0,0,0,0,0,7,2,0,0,0,0,2,0,0,14,1,15,12,0,1,2,13,0,1,6,7,0,0,1,0,0,1,7,7,0,0,0,0,2,0,0,105,1,106,21,84,1,0,22,84,0,0,37,67,0,0,0,1,0,0,37,68,0,0,0,0,0,0,305,1,306,82,223,0,1,82,224,0,8,90,205,0,0,0,1,0,8,90,206,0,0,0,0,0,0,33,1,34,19,14,1,0,20,14,0,0,23,10,0,0,0,1,0,0,23,11,0,0,0,0,0,0,1,0,1,1,0,0,0,1,0,0,0,1,0,0,0,0,0,0,0,1,0,0,0,0,0,0,0,9,0,9,2,7,0,0,2,7,0,0,7,2,0,0,0,0,0,0,7,2,0,0,0,0,0,0,37,1,38,14,23,0,1,14,24,0,0,24,13,0,0,1,0,0,0,25,13,0,0,0,0,0,0,0,0,0,0,0,0,0,0,0,0,0,0,0,0,0,0,0,0,0,0,0,0,0,0,0,0,0,0,0,0,0,0,0,0,0,0,0,0,0,0,0,0,0,0,0,0,0,0,0,0,0,0,0,0,0,0,0,0,0,0,0,0,0,0,0,0,0,0,0,0,0,0,0,0,0,0,0,0,0,0,0,0,0,0,0,0,0,0,0,0,0,0,0,0,0,0,0,0,0,0,0,0,0,0,0,0,0,0,79,25,104,23,56,12,13,35,69,0,0,23,55,0,0,4,20,0,0,27,75,0,0,0,0,0,0,0,0,0,0,0,0,0,0,0,0,0,0,0,0,0,0,0,0,0,0,0,0,0,0,0,0,0,8,1,9,2,6,0,1,2,7,0,0,4,4,0,0,1,0,0,0,5,4,0,0,0,0,0,0,4,0,4,0,4,0,0,0,4,0,0,2,2,0,0,0,0,0,0,2,2,0,0,0,0,0,0,141,0,141,67,74,0,0,67,74,0,7,54,78,0,0,0,0,0,7,54,78,0,0,0,0,0,0,4,1,5,0,4,0,1,0,5,0,0,4,0,0,0,0,1,0,0,4,1,0,0,0,0,0,0,21,5,26,2,19,0,5,2,24,0,0,17,4,0,0,5,0,0,0,22,4,0,0,0,0,0,0,0,0,0,0,0,0,0,0,0,0,0,0,0,0,0,0,0,0,0,0,0,0,0,0,0,0,0,2,3,5,0,2,0,3,0,5,0,0,0,2,0,0,0,3,0,0,0,5,0,0,0,0,0,0,11,2,13,1,10,0,2,1,12,0,0,6,5,0,0,2,0,0,0,8,5,0,0,0,0,0,0,0,0,0,0,0,0,0,0,0,0,0,0,0,0,0,0,0,0,0,0,0,0,0,0,0,0,0,852,266,1118,454,398,125,141,579,539,0,5,523,320,0,1,185,78,0,6,708,398,0,0,0,0,0,0,0,0,0,0,0,0,0,0,0,0,0,0,0,0,0,0,0,0,0,0,0,0,0,0,0,0,0,57,19,76,15,42,5,14,20,56,0,1,27,29,0,0,6,13,0,1,33,42,0,0,0,0,0,0,51,9,60,1,50,0,9,1,59,0,0,43,8,0,0,4,4,0,0,47,12,0,0,0,0,0,0,3719,699,4418,1258,2461,257,442,1515,2903,1,39,2021,1630,0,2,470,222,1,41,2491,1852
Henrico County Division of Police,VA04301,2012,Virginia,313868,54,14,68,7,47,3,11,10,58,0,0,25,29,0,0,12,2,0,0,37,31,0,0,0,0,0,0,1485,123,1608,519,966,25,98,544,1064,2,15,830,625,0,3,87,33,2,18,917,658,0,0,0,0,0,0,409,156,565,111,298,48,108,159,406,0,4,222,181,0,1,121,34,0,5,343,215,0,0,0,0,0,0,0,7,7,0,0,0,7,0,7,0,0,0,0,0,0,7,0,0,0,7,0,0,0,0,0,0,0,88,19,107,6,82,1,18,7,100,0,0,45,43,0,0,11,8,0,0,56,51,0,0,0,0,0,0,0,28,28,0,0,7,21,7,21,0,0,0,0,0,0,21,7,0,0,21,7,0,0,0,0,0,0,13,93,106,5,8,45,48,50,56,0,0,13,0,0,0,82,11,0,0,95,11,0,0,0,0,0,0,637,74,711,152,485,23,51,175,536,0,8,383,244,0,0,34,40,0,8,417,284,0,0,0,0,0,0,584,68,652,442,22,46,164,488,0,6,351,225,0,0,30,38,0,6,381,263,0,0,0,0,142,0,0,15,4,19,13,1,3,3,16,0,0,11,4,0,0,0,4,0,0,11,8,0,0,0,0,2,0,0,403,50,453,91,312,15,35,106,347,0,2,263,136,0,0,22,28,0,2,285,164,0,0,0,0,0,0,60,1,61,39,0,1,21,40,0,0,22,38,0,0,0,1,0,0,22,39,0,0,0,0,21,0,0,106,13,119,78,6,7,34,85,0,4,55,47,0,0,8,5,0,4,63,52,0,0,0,0,28,0,0,48,6,54,39,1,5,10,44,0,2,31,15,0,0,4,2,0,2,35,17,0,0,0,0,9,0,0,1,0,1,1,0,0,0,1,0,0,0,1,0,0,0,0,0,0,0,1,0,0,0,0,0,0,0,24,4,28,4,20,1,3,5,23,0,1,15,8,0,0,3,1,0,1,18,9,0,0,0,0,0,0,12,1,13,7,0,1,5,8,0,0,10,2,0,0,1,0,0,0,11,2,0,0,0,0,5,0,0,11,1,12,11,0,1,0,12,0,1,6,4,0,0,0,1,0,1,6,5,0,0,0,0,0,0,0,225,2,227,43,182,1,1,44,183,1,2,62,160,0,0,0,2,1,2,62,162,0,0,0,0,0,0,421,5,426,125,296,1,4,126,300,0,9,120,289,0,1,0,4,0,10,120,293,0,0,0,0,0,0,39,1,40,15,24,0,1,15,25,0,0,25,13,0,0,1,0,0,0,26,13,0,0,0,0,0,0,7,0,7,5,2,0,0,5,2,0,0,2,5,0,0,0,0,0,0,2,5,0,0,0,0,0,0,17,0,17,5,12,0,0,5,12,0,0,13,4,0,0,0,0,0,0,13,4,0,0,0,0,0,0,58,4,62,34,24,3,1,37,25,0,0,37,21,0,0,4,0,0,0,41,21,0,0,0,0,0,0,0,0,0,0,0,0,0,0,0,0,0,0,0,0,0,0,0,0,0,0,0,0,0,0,0,0,0,0,0,0,0,0,0,0,0,0,0,0,0,0,0,0,0,0,0,0,0,0,0,0,0,0,0,0,0,0,0,0,0,0,0,0,0,0,0,0,0,0,0,0,0,0,0,0,0,0,0,0,0,0,0,0,0,0,0,0,0,0,0,0,0,0,0,0,0,0,0,0,0,0,0,0,0,0,0,0,0,0,70,37,107,16,54,10,27,26,81,0,2,24,42,0,0,5,32,0,2,29,74,0,0,0,0,0,0,0,0,0,0,0,0,0,0,0,0,0,0,0,0,0,0,0,0,0,0,0,0,0,0,0,0,0,2,0,2,0,2,0,0,0,2,0,0,2,0,0,0,0,0,0,0,2,0,0,0,0,0,0,0,6,0,6,1,5,0,0,1,5,0,0,6,0,0,0,0,0,0,0,6,0,0,0,0,0,0,0,87,0,87,31,56,0,0,31,56,0,8,35,44,0,0,0,0,0,8,35,44,0,0,0,0,0,0,1,0,1,0,1,0,0,0,1,0,0,1,0,0,0,0,0,0,0,1,0,0,0,0,0,0,0,33,9,42,1,32,3,6,4,38,0,0,25,8,0,0,8,1,0,0,33,9,0,0,0,0,0,0,0,110,110,0,0,55,55,55,55,0,0,0,0,0,1,74,37,0,1,74,37,0,0,0,0,0,0,7,2,9,0,7,0,2,0,9,0,0,4,3,0,0,2,0,0,0,6,3,0,0,0,0,0,0,9,1,10,1,8,0,1,1,9,0,0,5,4,0,0,1,0,0,0,6,4,0,0,0,0,0,0,0,0,0,0,0,0,0,0,0,0,0,0,0,0,0,0,0,0,0,0,0,0,0,0,0,0,0,814,339,1153,443,371,172,167,615,538,0,11,444,357,0,7,224,106,0,18,668,463,0,0,0,0,0,0,0,0,0,0,0,0,0,0,0,0,0,0,0,0,0,0,0,0,0,0,0,0,0,0,0,0,0,40,29,69,9,31,6,23,15,54,0,0,21,19,0,0,20,9,0,0,41,28,0,0,0,0,0,0,55,10,65,3,52,3,7,6,59,0,0,43,12,0,0,6,4,0,0,49,16,0,0,0,0,0,0,4577,1063,5640,1532,3045,406,657,1938,3702,3,59,2387,2103,0,13,720,330,3,72,3107,2433
Henrico County Division of Police,VA04301,2011,Virginia,310602,136,38,174,29,107,16,22,45,129,0,0,81,55,0,0,27,11,0,0,108,66,0,0,0,0,0,0,3538,245,3783,1142,2396,47,198,1189,2594,1,19,2141,1377,1,5,147,92,2,24,2288,1469,0,0,0,0,0,0,969,278,1247,241,728,106,172,347,900,2,13,526,428,0,1,199,79,2,14,725,507,0,0,0,0,0,0,6,23,29,2,4,1,22,3,26,0,0,4,2,0,2,9,12,0,2,13,14,0,0,0,0,0,0,165,61,226,18,147,2,59,20,206,0,2,101,62,0,0,33,28,0,2,134,90,0,0,0,0,0,0,0,49,49,0,0,17,32,17,32,0,0,0,0,0,0,22,27,0,0,22,27,0,0,0,0,0,0,32,134,166,10,22,54,80,64,102,0,0,20,12,0,0,117,17,0,0,137,29,0,0,0,0,0,0,784,115,899,144,640,11,104,155,744,0,3,460,321,0,1,48,66,0,4,508,387,0,0,0,0,0,0,692,106,798,564,10,96,138,660,0,3,404,285,0,1,46,59,0,4,450,344,0,0,0,0,128,0,0,14,1,15,9,1,0,6,9,0,0,6,8,0,0,0,1,0,0,6,9,0,0,0,0,5,0,0,522,102,624,87,435,9,93,96,528,0,2,318,202,0,1,45,56,0,3,363,258,0,0,0,0,0,0,120,0,120,94,0,0,26,94,0,0,62,58,0,0,0,0,0,0,62,58,0,0,0,0,26,0,0,36,3,39,26,0,3,10,29,0,1,18,17,0,0,1,2,0,1,19,19,0,0,0,0,10,0,0,70,7,77,61,0,7,9,68,0,0,46,24,0,0,2,5,0,0,48,29,0,0,0,0,9,0,0,3,0,3,2,0,0,1,2,0,0,1,2,0,0,0,0,0,0,1,2,0,0,0,0,1,0,0,42,6,48,5,37,0,6,5,43,0,0,27,15,0,0,1,5,0,0,28,20,0,0,0,0,0,0,18,0,18,15,0,0,3,15,0,0,14,4,0,0,0,0,0,0,14,4,0,0,0,0,3,0,0,7,1,8,7,0,1,0,8,0,0,4,3,0,0,1,0,0,0,5,3,0,0,0,0,0,0,0,719,4,723,141,578,0,4,141,582,2,5,195,517,0,0,1,3,2,5,196,520,0,0,0,0,0,0,906,6,912,250,656,2,4,252,660,2,18,251,635,0,0,1,5,2,18,252,640,0,0,0,0,0,0,43,4,47,22,21,3,1,25,22,0,0,21,22,0,0,3,1,0,0,24,23,0,0,0,0,0,0,14,0,14,3,11,0,0,3,11,0,0,6,8,0,0,0,0,0,0,6,8,0,0,0,0,0,0,35,1,36,18,17,0,1,18,18,0,0,23,12,0,0,0,1,0,0,23,13,0,0,0,0,0,0,164,5,169,67,97,3,2,70,99,1,1,90,72,0,0,2,3,1,1,92,75,0,0,0,0,0,0,0,0,0,0,0,0,0,0,0,0,0,0,0,0,0,0,0,0,0,0,0,0,0,0,0,0,0,0,0,0,0,0,0,0,0,0,0,0,0,0,0,0,0,0,0,0,0,0,0,0,0,0,0,0,0,0,0,0,0,0,0,0,0,0,0,0,0,0,0,0,0,0,0,0,0,0,0,0,0,0,0,0,0,0,0,0,0,0,0,0,0,0,0,0,0,0,0,0,0,0,0,0,0,0,0,0,0,0,100,49,149,31,69,13,36,44,105,2,0,32,66,0,2,10,37,2,2,42,103,0,0,0,0,0,0,0,0,0,0,0,0,0,0,0,0,0,0,0,0,0,0,0,0,0,0,0,0,0,0,0,0,0,12,6,18,0,12,0,6,0,18,0,0,6,6,0,0,3,3,0,0,9,9,0,0,0,0,0,0,7,0,7,0,7,0,0,0,7,0,0,6,1,0,0,0,0,0,0,6,1,0,0,0,0,0,0,136,0,136,57,79,0,0,57,79,4,12,46,74,0,0,0,0,4,12,46,74,0,0,0,0,0,0,5,1,6,0,5,0,1,0,6,0,0,3,2,0,0,0,1,0,0,3,3,0,0,0,0,0,0,91,33,124,3,88,2,31,5,119,0,0,76,15,0,0,32,1,0,0,108,16,0,0,0,0,0,0,0,433,433,0,0,244,189,244,189,0,0,0,0,0,5,309,122,0,5,309,122,0,0,0,0,0,0,8,1,9,0,8,0,1,0,9,0,0,6,2,0,0,1,0,0,0,7,2,0,0,0,0,0,0,12,3,15,4,8,0,3,4,11,0,0,10,2,0,0,2,1,0,0,12,3,0,0,0,0,0,0,0,0,0,0,0,0,0,0,0,0,0,0,0,0,0,0,0,0,0,0,0,0,0,0,0,0,0,1371,517,1888,694,677,241,276,935,953,2,13,779,577,1,5,299,213,3,18,1078,790,0,0,0,0,0,0,1,0,1,0,1,0,0,0,1,0,0,1,0,0,0,0,0,0,0,1,0,0,0,0,0,0,0,113,63,176,23,90,8,55,31,145,0,2,70,41,0,2,41,20,0,4,111,61,0,0,0,0,0,0,139,19,158,10,129,1,18,11,147,0,0,100,39,0,0,9,10,0,0,109,49,0,0,0,0,0,0,9506,2088,11594,2909,6597,771,1317,3680,7914,16,88,5054,4348,2,23,1315,753,18,111,6369,5101
Henrico County Division of Police,VA04301,2010,Virginia,306935,186,44,230,55,131,17,27,72,158,0,1,125,60,0,0,32,12,0,1,157,72,0,0,0,0,0,0,4050,258,4308,1268,2782,65,193,1333,2975,2,21,2453,1574,0,1,173,84,2,22,2626,1658,0,0,0,0,0,0,1156,366,1522,271,885,131,235,402,1120,0,7,647,502,0,0,263,103,0,7,910,605,0,0,0,0,0,0,2,22,24,1,1,3,19,4,20,0,0,0,2,0,2,11,13,0,2,11,15,0,0,0,0,0,0,166,56,222,20,146,2,54,22,200,0,0,97,69,0,0,18,38,0,0,115,107,0,0,0,0,0,0,0,24,24,0,0,13,11,13,11,0,0,0,0,0,2,17,5,0,2,17,5,0,0,0,0,0,0,40,108,148,9,31,42,66,51,97,0,0,26,14,0,0,92,18,0,0,118,32,0,0,0,0,0,0,841,122,963,170,671,21,101,191,772,0,3,522,316,0,0,56,66,0,3,578,382,0,0,0,0,0,0,706,113,819,560,21,92,167,652,0,2,423,281,0,0,48,65,0,2,471,346,0,0,0,0,146,0,0,10,0,10,7,0,0,3,7,0,0,7,3,0,0,0,0,0,0,7,3,0,0,0,0,3,0,0,527,108,635,102,425,19,89,121,514,0,1,326,200,0,0,46,62,0,1,372,262,0,0,0,0,0,0,129,2,131,95,1,1,35,96,0,0,76,53,0,0,2,0,0,0,78,53,0,0,0,0,34,0,0,40,3,43,33,1,2,8,35,0,1,14,25,0,0,0,3,0,1,14,28,0,0,0,0,7,0,0,109,8,117,94,0,8,15,102,0,1,83,25,0,0,7,1,0,1,90,26,0,0,0,0,15,0,0,4,0,4,3,0,0,1,3,0,0,2,2,0,0,0,0,0,0,2,2,0,0,0,0,1,0,0,50,7,57,9,41,0,7,9,48,0,1,37,12,0,0,6,1,0,1,43,13,0,0,0,0,0,0,37,1,38,34,0,1,3,35,0,0,27,10,0,0,1,0,0,0,28,10,0,0,0,0,3,0,0,18,0,18,16,0,0,2,16,0,0,17,1,0,0,0,0,0,0,17,1,0,0,0,0,2,0,0,819,14,833,157,662,3,11,160,673,1,5,216,597,0,1,5,8,1,6,221,605,0,0,0,0,0,0,1075,6,1081,257,818,1,5,258,823,1,15,245,814,0,0,0,6,1,15,245,820,0,0,0,0,0,0,66,0,66,43,23,0,0,43,23,0,1,39,26,0,0,0,0,0,1,39,26,0,0,0,0,0,0,16,0,16,7,9,0,0,7,9,0,0,12,4,0,0,0,0,0,0,12,4,0,0,0,0,0,0,46,0,46,16,30,0,0,16,30,0,0,29,17,0,0,0,0,0,0,29,17,0,0,0,0,0,0,170,4,174,61,109,1,3,62,112,1,3,94,72,0,1,2,1,1,4,96,73,0,0,0,0,0,0,1,0,1,0,1,0,0,0,1,0,0,0,1,0,0,0,0,0,0,0,1,0,0,0,0,0,0,0,0,0,0,0,0,0,0,0,0,0,0,0,0,0,0,0,0,0,0,0,0,0,0,0,0,0,0,0,0,0,0,0,0,0,0,0,0,0,0,0,0,0,0,0,0,0,0,0,0,0,0,0,0,0,0,0,0,0,0,0,0,0,0,0,0,0,0,0,0,0,0,0,0,0,0,0,0,0,0,0,162,71,233,51,111,30,41,81,152,1,2,33,126,1,3,23,44,2,5,56,170,0,0,0,0,0,0,3,0,3,0,3,0,0,0,3,0,0,1,2,0,0,0,0,0,0,1,2,0,0,0,0,0,0,8,5,13,2,6,0,5,2,11,0,0,4,4,0,0,2,3,0,0,6,7,0,0,0,0,0,0,6,0,6,1,5,0,0,1,5,0,1,4,1,0,0,0,0,0,1,4,1,0,0,0,0,0,0,94,1,95,39,55,1,0,40,55,1,5,23,65,0,0,1,0,1,5,24,65,0,0,0,0,0,0,5,1,6,0,5,0,1,0,6,0,0,1,4,0,0,1,0,0,0,2,4,0,0,0,0,0,0,92,32,124,12,80,2,30,14,110,0,2,64,26,0,0,31,1,0,2,95,27,0,0,0,0,0,0,0,492,492,0,0,276,216,276,216,0,0,0,0,0,2,335,157,0,2,335,157,0,0,0,0,0,0,10,0,10,0,10,0,0,0,10,0,0,5,5,0,0,0,0,0,0,5,5,0,0,0,0,0,0,16,3,19,6,10,0,3,6,13,0,0,13,3,0,0,2,1,0,0,15,4,0,0,0,0,0,0,0,0,0,0,0,0,0,0,0,0,0,0,0,0,0,0,0,0,0,0,0,0,0,0,0,0,0,1508,512,2020,745,763,229,283,974,1046,0,16,855,637,1,3,337,171,1,19,1192,808,0,0,0,0,0,0,0,0,0,0,0,0,0,0,0,0,0,0,0,0,0,0,0,0,0,0,0,0,0,0,0,0,0,132,68,200,31,101,10,58,41,159,0,1,79,52,0,0,42,26,0,1,121,78,0,0,0,0,0,0,135,19,154,7,128,2,17,9,145,0,0,108,27,0,1,11,7,0,1,119,34,0,0,0,0,0,0,10805,2228,13033,3229,7576,849,1379,4078,8955,7,83,5695,5020,2,16,1454,764,9,99,7149,5784
Henrico County Division of Police,VA04301,2009,Virginia,297153,151,25,176,42,109,8,17,50,126,2,2,96,51,0,0,20,5,2,2,116,56,0,0,0,0,0,0,4057,329,4386,1199,2858,65,264,1264,3122,3,28,2385,1641,0,1,219,109,3,29,2604,1750,0,0,0,0,0,0,1220,338,1558,301,919,119,219,420,1138,0,11,658,551,0,0,256,84,0,11,914,635,0,0,0,0,0,0,1,28,29,0,1,3,25,3,26,0,0,0,1,0,0,12,16,0,0,12,17,0,0,0,0,0,0,183,115,298,26,157,10,105,36,262,0,0,114,69,0,1,73,41,0,1,187,110,0,0,0,0,0,0,0,37,37,0,0,13,24,13,24,0,0,0,0,0,0,27,10,0,0,27,10,0,0,0,0,0,0,31,187,218,10,21,83,104,93,125,0,0,17,14,0,0,162,25,0,0,179,39,0,0,0,0,0,0,768,126,894,155,613,22,104,177,717,0,2,457,309,0,2,63,61,0,4,520,370,0,0,0,0,0,0,642,98,740,512,12,86,142,598,0,2,366,274,0,2,49,47,0,4,415,321,0,0,0,0,130,0,0,9,1,10,7,0,1,2,8,0,0,5,4,0,0,0,1,0,0,5,5,0,0,0,0,2,0,0,443,92,535,78,365,12,80,90,445,0,2,251,190,0,2,46,44,0,4,297,234,0,0,0,0,0,0,162,2,164,119,0,2,43,121,0,0,94,68,0,0,2,0,0,0,96,68,0,0,0,0,43,0,0,28,3,31,21,0,3,7,24,0,0,16,12,0,0,1,2,0,0,17,14,0,0,0,0,7,0,0,96,26,122,79,10,16,27,95,0,0,76,20,0,0,13,13,0,0,89,33,0,0,0,0,17,0,0,0,0,0,0,0,0,0,0,0,0,0,0,0,0,0,0,0,0,0,0,0,0,0,0,0,0,0,39,14,53,4,35,1,13,5,48,0,0,33,6,0,0,12,2,0,0,45,8,0,0,0,0,0,0,43,0,43,34,0,0,9,34,0,0,36,7,0,0,0,0,0,0,36,7,0,0,0,0,9,0,0,14,12,26,10,9,3,13,13,0,0,7,7,0,0,1,11,0,0,8,18,0,0,0,0,4,0,0,808,9,817,122,686,4,5,126,691,0,10,181,617,0,1,2,6,0,11,183,623,0,0,0,0,0,0,879,6,885,200,679,2,4,202,683,0,12,247,620,0,0,3,3,0,12,250,623,0,0,0,0,0,0,103,1,104,52,51,1,0,53,51,0,0,53,50,0,0,0,1,0,0,53,51,0,0,0,0,0,0,18,1,19,14,4,0,1,14,5,0,0,10,8,0,0,0,1,0,0,10,9,0,0,0,0,0,0,54,0,54,29,25,0,0,29,25,0,0,33,21,0,0,0,0,0,0,33,21,0,0,0,0,0,0,179,4,183,70,109,1,3,71,112,0,5,103,71,0,0,4,0,0,5,107,71,0,0,0,0,0,0,3,0,3,0,3,0,0,0,3,0,0,0,3,0,0,0,0,0,0,0,3,0,0,0,0,0,0,0,0,0,0,0,0,0,0,0,0,0,0,0,0,0,0,0,0,0,0,0,0,0,0,0,0,0,0,0,0,0,0,0,0,0,0,0,0,0,0,0,0,0,0,0,0,0,0,0,0,0,0,0,0,0,0,0,0,0,0,0,0,0,0,0,0,0,0,0,0,0,0,0,0,0,0,0,0,0,0,0,124,58,182,33,91,22,36,55,127,2,7,27,88,0,0,25,33,2,7,52,121,0,0,0,0,0,0,0,0,0,0,0,0,0,0,0,0,0,0,0,0,0,0,0,0,0,0,0,0,0,0,0,0,0,18,9,27,2,16,0,9,2,25,0,0,13,5,0,0,7,2,0,0,20,7,0,0,0,0,0,0,7,1,8,0,7,0,1,0,8,0,0,7,0,0,0,1,0,0,0,8,0,0,0,0,0,0,0,38,0,38,29,9,0,0,29,9,0,2,19,17,0,0,0,0,0,2,19,17,0,0,0,0,0,0,6,2,8,0,6,0,2,0,8,0,0,4,2,0,0,2,0,0,0,6,2,0,0,0,0,0,0,107,25,132,10,97,3,22,13,119,0,2,85,20,0,0,20,5,0,2,105,25,0,0,0,0,0,0,0,588,588,0,0,320,268,320,268,0,0,0,0,2,1,403,188,2,1,403,188,0,0,0,0,0,0,9,3,12,0,9,0,3,0,12,0,0,4,5,0,0,2,1,0,0,6,6,0,0,0,0,0,0,28,5,33,5,23,2,3,7,26,0,0,16,12,0,0,3,2,0,0,19,14,0,0,0,0,0,0,0,0,0,0,0,0,0,0,0,0,0,0,0,0,0,0,0,0,0,0,0,0,0,0,0,0,0,1579,571,2150,773,806,254,317,1027,1123,0,17,928,634,1,2,348,220,1,19,1276,854,0,0,0,0,0,0,0,0,0,0,0,0,0,0,0,0,0,0,0,0,0,0,0,0,0,0,0,0,0,0,0,0,0,115,67,182,35,80,10,57,45,137,0,2,56,57,0,2,34,31,0,4,90,88,0,0,0,0,0,0,121,20,141,15,106,1,19,16,125,0,0,87,34,0,0,13,7,0,0,100,41,0,0,0,0,0,0,10607,2555,13162,3122,7485,943,1612,4065,9097,7,100,5600,4900,3,10,1699,851,10,110,7299,5751
Henrico County Division of Police,VA04301,2008,Virginia,292229,167,34,201,39,128,12,22,51,150,0,1,92,74,0,0,27,7,0,1,119,81,0,0,0,0,0,0,4764,534,5298,1482,3282,118,416,1600,3698,0,21,2727,2016,0,2,339,193,0,23,3066,2209,0,0,0,0,0,0,1226,431,1657,301,925,133,298,434,1223,1,13,679,533,0,1,322,112,1,14,1001,645,0,0,0,0,0,0,4,29,33,1,3,3,26,4,29,0,0,2,2,0,0,10,20,0,0,12,22,0,0,0,0,0,0,149,96,245,17,132,5,91,22,223,0,0,87,62,0,0,68,28,0,0,155,90,0,0,0,0,0,0,0,79,79,0,0,37,42,37,42,0,0,0,0,0,3,27,49,0,3,27,49,0,0,0,0,0,0,47,265,312,10,37,110,155,120,192,0,1,28,18,0,2,242,22,0,3,270,40,0,0,0,0,0,0,762,100,862,163,599,8,92,171,691,2,3,438,319,0,0,46,54,2,3,484,373,0,0,0,0,0,0,649,89,738,502,6,83,153,585,2,3,355,289,0,0,40,49,2,3,395,338,0,0,0,0,147,0,0,4,0,4,4,0,0,0,4,0,0,3,1,0,0,0,0,0,0,3,1,0,0,0,0,0,0,0,427,76,503,81,346,5,71,86,417,2,3,238,184,0,0,32,44,2,3,270,228,0,0,0,0,0,0,179,6,185,132,0,6,47,138,0,0,88,91,0,0,5,1,0,0,93,92,0,0,0,0,47,0,0,39,7,46,20,1,6,20,26,0,0,26,13,0,0,3,4,0,0,29,17,0,0,0,0,19,0,0,85,10,95,71,2,8,16,79,0,0,64,21,0,0,5,5,0,0,69,26,0,0,0,0,14,0,0,1,0,1,1,0,0,0,1,0,0,0,1,0,0,0,0,0,0,0,1,0,0,0,0,0,0,0,27,10,37,5,22,2,8,7,30,0,0,18,9,0,0,5,5,0,0,23,14,0,0,0,0,0,0,38,0,38,33,0,0,5,33,0,0,33,5,0,0,0,0,0,0,33,5,0,0,0,0,5,0,0,19,0,19,15,0,0,4,15,0,0,13,6,0,0,0,0,0,0,13,6,0,0,0,0,4,0,0,883,11,894,154,729,5,6,159,735,0,3,207,673,0,0,3,8,0,3,210,681,0,0,0,0,0,0,828,8,836,173,655,1,7,174,662,0,12,198,618,0,0,0,8,0,12,198,626,0,0,0,0,0,0,70,2,72,40,30,1,1,41,31,0,0,46,24,0,0,2,0,0,0,48,24,0,0,0,0,0,0,11,0,11,5,6,0,0,5,6,0,0,7,4,0,0,0,0,0,0,7,4,0,0,0,0,0,0,49,3,52,16,33,0,3,16,36,0,1,28,20,0,0,3,0,0,1,31,20,0,0,0,0,0,0,146,3,149,64,82,3,0,67,82,0,2,85,59,0,0,3,0,0,2,88,59,0,0,0,0,0,0,0,0,0,0,0,0,0,0,0,0,0,0,0,0,0,0,0,0,0,0,0,0,0,0,0,0,0,0,0,0,0,0,0,0,0,0,0,0,0,0,0,0,0,0,0,0,0,0,0,0,0,0,0,0,0,0,0,0,0,0,0,0,0,0,0,0,0,0,0,0,0,0,0,0,0,0,0,0,0,0,0,0,0,0,0,0,0,0,0,0,0,0,0,0,0,0,0,0,0,0,0,0,0,0,0,0,0,0,185,107,292,51,134,38,69,89,203,0,3,42,140,0,0,18,89,0,3,60,229,0,0,0,0,0,0,0,0,0,0,0,0,0,0,0,0,0,0,0,0,0,0,0,0,0,0,0,0,0,0,0,0,0,33,19,52,3,30,3,16,6,46,0,0,21,12,0,1,13,5,0,1,34,17,0,0,0,0,0,0,19,1,20,1,18,0,1,1,19,0,0,11,8,0,0,1,0,0,0,12,8,0,0,0,0,0,0,3,0,3,2,1,0,0,2,1,0,0,2,1,0,0,0,0,0,0,2,1,0,0,0,0,0,0,9,0,9,0,9,0,0,0,9,0,0,8,1,0,0,0,0,0,0,8,1,0,0,0,0,0,0,83,30,113,10,73,2,28,12,101,0,0,66,17,0,0,25,5,0,0,91,22,0,0,0,0,0,0,0,720,720,0,0,377,343,377,343,0,0,0,0,0,8,451,267,0,8,451,267,0,0,0,0,0,0,14,1,15,0,14,0,1,0,15,0,0,7,7,0,0,1,0,0,0,8,7,0,0,0,0,0,0,13,9,22,4,9,1,8,5,17,0,0,9,4,0,0,6,3,0,0,15,7,0,0,0,0,0,0,0,0,0,0,0,0,0,0,0,0,0,0,0,0,0,0,0,0,0,0,0,0,0,0,0,0,0,1355,463,1818,622,733,195,268,817,1001,1,14,767,573,0,8,275,181,1,22,1042,754,0,0,0,0,0,0,1,0,1,1,0,0,0,1,0,0,0,1,0,0,0,0,0,0,0,1,0,0,0,0,0,0,0,109,85,194,37,72,5,80,42,152,0,2,66,41,0,2,26,58,0,4,92,99,0,0,0,0,0,0,153,21,174,10,143,1,20,11,163,0,0,123,30,0,1,18,2,0,1,141,32,0,0,0,0,0,0,11083,3051,14134,3206,7877,1058,1993,4264,9870,4,76,5747,5256,0,28,1926,1111,4,104,7673,6367
Henrico County Division of Police,VA04301,2007,Virginia,286910,164,39,203,45,119,15,24,60,143,0,2,91,71,0,0,30,9,0,2,121,80,0,0,0,0,0,0,5338,459,5797,1752,3586,115,344,1867,3930,6,12,2926,2394,0,1,289,169,6,13,3215,2563,0,0,0,0,0,0,1312,366,1678,282,1030,150,216,432,1246,0,9,736,567,0,1,279,89,0,10,1015,656,0,0,0,0,0,0,2,47,49,0,2,2,45,2,47,0,0,0,2,0,2,17,33,0,2,17,35,0,0,0,0,0,0,135,92,227,19,116,3,89,22,205,0,1,76,58,0,0,54,38,0,1,130,96,0,0,0,0,0,0,0,88,88,0,0,32,56,32,56,0,0,0,0,0,1,50,37,0,1,50,37,0,0,0,0,0,0,100,332,432,33,67,142,190,175,257,0,1,55,44,0,1,292,39,0,2,347,83,0,0,0,0,0,0,858,109,967,177,681,11,98,188,779,1,3,501,353,0,0,61,49,1,3,562,402,0,0,0,0,0,0,729,95,824,570,10,85,169,655,1,2,410,316,0,0,49,47,1,2,459,363,0,0,0,0,159,0,0,3,1,4,3,0,1,0,4,0,0,0,3,0,0,0,1,0,0,0,4,0,0,0,0,0,0,0,442,83,525,77,365,9,74,86,439,1,2,244,195,0,0,46,38,1,2,290,233,0,0,0,0,0,0,264,7,271,188,0,7,76,195,0,0,156,108,0,0,3,4,0,0,159,112,0,0,0,0,76,0,0,20,4,24,14,1,3,7,17,0,0,10,10,0,0,0,4,0,0,10,14,0,0,0,0,6,0,0,94,11,105,82,1,10,13,92,0,1,75,18,0,0,9,2,0,1,84,20,0,0,0,0,12,0,0,0,0,0,0,0,0,0,0,0,0,0,0,0,0,0,0,0,0,0,0,0,0,0,0,0,0,0,28,8,36,5,23,1,7,6,30,0,0,19,9,0,0,6,2,0,0,25,11,0,0,0,0,0,0,46,3,49,41,0,3,5,44,0,1,38,7,0,0,3,0,0,1,41,7,0,0,0,0,5,0,0,20,0,20,18,0,0,2,18,0,0,18,2,0,0,0,0,0,0,18,2,0,0,0,0,2,0,0,843,13,856,109,734,4,9,113,743,1,0,198,644,0,0,2,11,1,0,200,655,0,0,0,0,0,0,723,12,735,145,578,3,9,148,587,0,9,157,557,0,0,1,11,0,9,158,568,0,0,0,0,0,0,45,1,46,31,14,0,1,31,15,0,1,27,17,0,0,1,0,0,1,28,17,0,0,0,0,0,0,19,0,19,8,11,0,0,8,11,0,1,6,12,0,0,0,0,0,1,6,12,0,0,0,0,0,0,57,2,59,21,36,0,2,21,38,0,1,33,23,0,0,2,0,0,1,35,23,0,0,0,0,0,0,146,5,151,63,83,3,2,66,85,0,0,73,73,0,0,3,2,0,0,76,75,0,0,0,0,0,0,1,0,1,0,1,0,0,0,1,0,0,1,0,0,0,0,0,0,0,1,0,0,0,0,0,0,0,0,0,0,0,0,0,0,0,0,0,0,0,0,0,0,0,0,0,0,0,0,0,0,0,0,0,0,0,0,0,0,0,0,0,0,0,0,0,0,0,0,0,0,0,0,0,0,0,0,0,0,0,0,0,0,0,0,0,0,0,0,0,0,0,0,0,0,0,0,0,0,0,0,0,0,0,0,0,0,0,0,415,193,608,106,309,67,126,173,435,4,16,57,338,0,3,27,163,4,19,84,501,0,0,0,0,0,0,1,0,1,0,1,0,0,0,1,0,0,0,1,0,0,0,0,0,0,0,1,0,0,0,0,0,0,20,5,25,3,17,0,5,3,22,0,0,9,11,0,0,4,1,0,0,13,12,0,0,0,0,0,0,4,0,4,0,4,0,0,0,4,0,0,3,1,0,0,0,0,0,0,3,1,0,0,0,0,0,0,16,0,16,10,6,0,0,10,6,0,1,5,10,0,0,0,0,0,1,5,10,0,0,0,0,0,0,6,0,6,0,6,0,0,0,6,0,0,3,3,0,0,0,0,0,0,3,3,0,0,0,0,0,0,93,32,125,14,79,2,30,16,109,0,0,80,13,0,0,29,3,0,0,109,16,0,0,0,0,0,0,0,566,566,0,0,290,276,290,276,0,0,0,0,0,10,369,190,0,10,369,190,0,0,0,0,0,0,15,0,15,1,14,0,0,1,14,0,0,7,8,0,0,0,0,0,0,7,8,0,0,0,0,0,0,20,5,25,4,16,0,5,4,21,0,0,15,5,0,0,5,0,0,0,20,5,0,0,0,0,0,0,0,0,0,0,0,0,0,0,0,0,0,0,0,0,0,0,0,0,0,0,0,0,0,0,0,0,0,1282,428,1710,618,664,208,220,826,884,0,7,765,510,0,3,272,154,0,10,1037,664,0,0,0,0,0,0,0,0,0,0,0,0,0,0,0,0,0,0,0,0,0,0,0,0,0,0,0,0,0,0,0,0,0,97,121,218,29,68,18,103,47,171,0,0,51,46,0,0,55,66,0,0,106,112,0,0,0,0,0,0,127,26,153,7,120,3,23,10,143,0,0,93,34,0,0,19,7,0,0,112,41,0,0,0,0,0,0,11839,2941,14780,3477,8362,1068,1873,4545,10235,12,64,5968,5795,0,22,1861,1071,12,86,7829,6866
Henrico County Division of Police,VA04301,2006,Virginia,283377,229,48,277,56,173,17,31,73,204,0,0,130,99,0,0,39,10,0,0,169,109,0,0,0,0,0,0,4995,352,5347,1558,3437,86,266,1644,3703,2,21,2615,2357,0,3,192,159,2,24,2807,2516,0,0,0,0,0,0,1316,321,1637,310,1006,101,220,411,1226,0,5,689,622,0,0,222,103,0,5,911,725,0,0,0,0,0,0,7,39,46,1,6,0,39,1,45,0,0,3,4,0,0,19,23,0,0,22,27,0,0,0,0,0,0,140,89,229,13,127,11,78,24,205,0,1,68,71,0,0,47,43,0,1,115,114,0,0,0,0,0,0,0,87,87,0,0,38,49,38,49,0,0,0,0,0,0,50,37,0,0,50,37,0,0,0,0,0,0,113,228,341,37,76,96,132,133,208,0,0,66,47,1,4,195,28,1,4,261,75,0,0,0,0,0,0,1047,154,1201,227,820,15,139,242,959,1,3,630,413,0,0,83,71,1,3,713,484,0,0,0,0,0,0,890,147,1037,685,15,132,220,817,1,3,535,351,0,0,77,70,1,3,612,421,0,0,0,0,205,0,0,6,2,8,5,1,1,2,6,0,0,6,0,0,0,1,1,0,0,7,1,0,0,0,0,1,0,0,525,129,654,92,433,12,117,104,550,1,2,318,204,0,0,69,60,1,2,387,264,0,0,0,0,0,0,312,7,319,217,0,7,95,224,0,1,193,118,0,0,4,3,0,1,197,121,0,0,0,0,95,0,0,47,9,56,30,2,7,19,37,0,0,18,29,0,0,3,6,0,0,21,35,0,0,0,0,17,0,0,118,5,123,106,0,5,12,111,0,0,77,41,0,0,5,0,0,0,82,41,0,0,0,0,12,0,0,0,0,0,0,0,0,0,0,0,0,0,0,0,0,0,0,0,0,0,0,0,0,0,0,0,0,0,29,3,32,1,28,0,3,1,31,0,0,19,10,0,0,3,0,0,0,22,10,0,0,0,0,0,0,56,1,57,50,0,1,6,51,0,0,41,15,0,0,1,0,0,0,42,15,0,0,0,0,6,0,0,33,1,34,28,0,1,5,29,0,0,17,16,0,0,1,0,0,0,18,16,0,0,0,0,5,0,0,915,12,927,143,772,2,10,145,782,1,1,206,707,0,0,4,8,1,1,210,715,0,0,0,0,0,0,710,11,721,179,531,3,8,182,539,0,4,153,553,0,0,1,10,0,4,154,563,0,0,0,0,0,0,44,0,44,25,19,0,0,25,19,0,0,20,24,0,0,0,0,0,0,20,24,0,0,0,0,0,0,39,0,39,19,20,0,0,19,20,0,0,19,20,0,0,0,0,0,0,19,20,0,0,0,0,0,0,60,4,64,22,38,1,3,23,41,0,0,33,27,0,0,3,1,0,0,36,28,0,0,0,0,0,0,143,2,145,61,82,1,1,62,83,0,1,91,51,0,0,2,0,0,1,93,51,0,0,0,0,0,0,3,0,3,2,1,0,0,2,1,0,0,0,3,0,0,0,0,0,0,0,3,0,0,0,0,0,0,0,0,0,0,0,0,0,0,0,0,0,0,0,0,0,0,0,0,0,0,0,0,0,0,0,0,0,0,0,0,0,0,0,0,0,0,0,0,0,0,0,0,0,0,0,0,0,0,0,0,0,0,0,0,0,0,0,0,0,0,0,0,0,0,0,0,0,0,0,0,0,0,0,0,0,0,0,0,0,0,0,176,113,289,37,139,50,63,87,202,1,0,38,137,0,0,9,104,1,0,47,241,0,0,0,0,0,0,0,0,0,0,0,0,0,0,0,0,0,0,0,0,0,0,0,0,0,0,0,0,0,0,0,0,0,15,9,24,0,15,4,5,4,20,0,0,11,4,0,0,9,0,0,0,20,4,0,0,0,0,0,0,10,1,11,0,10,0,1,0,11,0,0,7,3,0,0,0,1,0,0,7,4,0,0,0,0,0,0,18,0,18,15,3,0,0,15,3,0,0,10,8,0,0,0,0,0,0,10,8,0,0,0,0,0,0,9,0,9,0,9,0,0,0,9,0,0,3,6,0,0,0,0,0,0,3,6,0,0,0,0,0,0,104,34,138,11,93,1,33,12,126,0,0,82,22,0,0,32,2,0,0,114,24,0,0,0,0,0,0,0,532,532,0,0,271,261,271,261,0,0,0,0,1,4,328,200,1,4,328,200,0,0,0,0,0,0,10,0,10,0,10,0,0,0,10,0,1,2,7,0,0,0,0,0,1,2,7,0,0,0,0,0,0,21,6,27,2,19,0,6,2,25,0,0,18,3,0,0,6,0,0,0,24,3,0,0,0,0,0,0,0,0,0,0,0,0,0,0,0,0,0,0,0,0,0,0,0,0,0,0,0,0,0,0,0,0,0,1039,340,1379,459,580,129,211,588,791,0,8,585,446,1,2,212,126,1,10,797,572,0,0,0,0,0,0,3,0,3,0,3,0,0,0,3,0,0,2,1,0,0,0,0,0,0,2,1,0,0,0,0,0,0,110,94,204,16,94,13,81,29,175,0,1,55,54,0,0,45,49,0,1,100,103,0,0,0,0,0,0,126,49,175,10,116,6,43,16,159,0,0,92,34,0,0,30,19,0,0,122,53,0,0,0,0,0,0,11402,2525,13927,3203,8199,845,1680,4048,9879,5,46,5628,5723,3,13,1528,994,8,59,7156,6717
Henrico County Division of Police,VA04301,2005,Virginia,280468,240,79,319,50,190,18,61,68,251,0,0,138,102,0,0,62,17,0,0,200,119,0,0,0,0,0,0,4176,286,4462,1101,3075,58,228,1159,3303,1,18,2322,1835,0,2,187,99,1,20,2509,1934,0,0,0,0,0,0,1110,316,1426,237,873,98,218,335,1091,1,6,624,479,0,2,214,101,1,8,838,580,0,0,0,0,0,0,3,44,47,2,1,3,41,5,42,0,0,0,3,0,2,13,39,0,2,13,42,0,0,0,0,0,0,114,64,178,16,98,2,62,18,160,0,0,66,48,0,0,40,24,0,0,106,72,0,0,0,0,0,0,0,83,83,0,0,28,55,28,55,0,0,0,0,0,1,47,35,0,1,47,35,0,0,0,0,0,0,138,267,405,30,108,95,172,125,280,0,1,78,59,0,1,231,36,0,2,309,95,0,0,0,0,0,0,1081,175,1256,183,898,18,157,201,1055,1,1,676,403,0,0,97,78,1,1,773,481,0,0,0,0,0,0,909,152,1061,750,14,138,173,888,1,0,548,360,0,0,83,69,1,0,631,429,0,0,0,0,159,0,0,7,1,8,7,0,1,0,8,0,0,5,2,0,0,0,1,0,0,5,3,0,0,0,0,0,0,0,562,138,700,75,487,13,125,88,612,1,0,333,228,0,0,72,66,1,0,405,294,0,0,0,0,0,0,307,8,315,232,1,7,76,239,0,0,194,113,0,0,7,1,0,0,201,114,0,0,0,0,75,0,0,33,5,38,24,0,5,9,29,0,0,16,17,0,0,4,1,0,0,20,18,0,0,0,0,9,0,0,135,21,156,119,4,17,20,136,0,1,108,26,0,0,12,9,0,1,120,35,0,0,0,0,16,0,0,0,0,0,0,0,0,0,0,0,0,0,0,0,0,0,0,0,0,0,0,0,0,0,0,0,0,0,51,17,68,7,44,3,14,10,58,0,1,36,14,0,0,9,8,0,1,45,22,0,0,0,0,0,0,74,4,78,66,1,3,9,69,0,0,66,8,0,0,3,1,0,0,69,9,0,0,0,0,8,0,0,10,0,10,9,0,0,1,9,0,0,6,4,0,0,0,0,0,0,6,4,0,0,0,0,1,0,0,1014,7,1021,134,880,2,5,136,885,0,6,243,765,0,1,2,4,0,7,245,769,0,0,0,0,0,0,818,8,826,172,646,3,5,175,651,0,3,193,622,0,0,1,7,0,3,194,629,0,0,0,0,0,0,26,1,27,16,10,0,1,16,11,0,0,20,6,0,0,0,1,0,0,20,7,0,0,0,0,0,0,17,2,19,11,6,1,1,12,7,0,3,6,8,0,0,1,1,0,3,7,9,0,0,0,0,0,0,51,2,53,20,31,1,1,21,32,0,0,34,17,0,0,2,0,0,0,36,17,0,0,0,0,0,0,178,7,185,58,120,2,5,60,125,0,1,116,61,0,0,5,2,0,1,121,63,0,0,0,0,0,0,0,0,0,0,0,0,0,0,0,0,0,0,0,0,0,0,0,0,0,0,0,0,0,0,0,0,0,0,0,0,0,0,0,0,0,0,0,0,0,0,0,0,0,0,0,0,0,0,0,0,0,0,0,0,0,0,0,0,0,0,0,0,0,0,0,0,0,0,0,0,0,0,0,0,0,0,0,0,0,0,0,0,0,0,0,0,0,0,0,0,0,0,0,0,0,0,0,0,0,0,0,0,0,0,0,0,0,0,199,77,276,38,161,26,51,64,212,0,1,44,154,0,2,12,63,0,3,56,217,0,0,0,0,0,0,0,0,0,0,0,0,0,0,0,0,0,0,0,0,0,0,0,0,0,0,0,0,0,0,0,0,0,30,12,42,5,25,2,10,7,35,0,0,17,13,0,0,10,2,0,0,27,15,0,0,0,0,0,0,11,1,12,1,10,1,0,2,10,0,0,9,2,0,0,1,0,0,0,10,2,0,0,0,0,0,0,9,0,9,8,1,0,0,8,1,0,0,4,5,0,0,0,0,0,0,4,5,0,0,0,0,0,0,6,0,6,0,6,0,0,0,6,0,0,2,4,0,0,0,0,0,0,2,4,0,0,0,0,0,0,112,22,134,10,102,1,21,11,123,0,1,96,15,0,0,19,3,0,1,115,18,0,0,0,0,0,0,0,531,531,0,0,308,223,308,223,0,0,0,0,1,7,310,218,1,7,310,218,0,0,0,0,0,0,11,8,19,0,11,0,8,0,19,0,0,7,4,0,0,7,1,0,0,14,5,0,0,0,0,0,0,21,5,26,8,13,1,4,9,17,0,0,14,7,0,0,5,0,0,0,19,7,0,0,0,0,0,0,0,0,0,0,0,0,0,0,0,0,0,0,0,0,0,0,0,0,0,0,0,0,0,0,0,0,0,1163,401,1564,446,717,159,242,605,959,0,9,635,519,0,1,265,135,0,10,900,654,0,0,0,0,0,0,5,0,5,3,2,0,0,3,2,0,0,2,3,0,0,0,0,0,0,2,3,0,0,0,0,0,0,89,102,191,17,72,12,90,29,162,0,1,35,53,0,0,44,58,0,1,79,111,0,0,0,0,0,0,168,39,207,10,158,5,34,15,192,0,0,121,47,0,0,23,16,0,0,144,63,0,0,0,0,0,0,10790,2539,13329,2576,8214,844,1695,3420,9909,3,51,5502,5234,1,19,1598,940,4,70,7100,6174
Henrico County Division of Police,VA04301,2004,Virginia,273780,140,40,180,36,104,9,31,45,135,0,2,77,61,0,0,30,10,0,2,107,71,0,0,0,0,0,0,3383,238,3621,912,2471,62,176,974,2647,2,9,1882,1490,0,6,141,91,2,15,2023,1581,0,0,0,0,0,0,1159,303,1462,237,922,84,219,321,1141,1,8,610,540,0,3,218,87,1,11,828,627,0,0,0,0,0,0,5,13,18,3,2,2,11,5,13,0,0,2,3,0,1,6,12,0,1,8,15,0,0,0,0,0,0,151,83,234,12,139,8,75,20,214,0,0,86,65,0,0,49,34,0,0,135,99,0,0,0,0,0,0,0,75,75,0,0,29,46,29,46,0,0,0,0,0,1,36,38,0,1,36,38,0,0,0,0,0,0,125,211,336,39,86,77,134,116,220,0,3,66,56,0,0,176,35,0,3,242,91,0,0,0,0,0,0,981,165,1146,162,819,30,135,192,954,1,1,581,398,0,1,79,86,1,2,660,484,0,0,0,0,0,0,816,136,952,676,27,109,167,785,1,0,469,346,0,1,59,77,1,1,528,423,0,0,0,0,140,0,0,1,0,1,1,0,0,0,1,0,0,1,0,0,0,0,0,0,0,1,0,0,0,0,0,0,0,0,510,129,639,71,439,26,103,97,542,1,0,300,209,0,1,55,74,1,1,355,283,0,0,0,0,0,0,254,3,257,197,1,2,58,199,0,0,147,107,0,0,1,2,0,0,148,109,0,0,0,0,57,0,0,51,4,55,39,0,4,12,43,0,0,21,30,0,0,3,1,0,0,24,31,0,0,0,0,12,0,0,142,26,168,123,3,23,22,146,0,0,102,40,0,0,20,6,0,0,122,46,0,0,0,0,19,0,0,1,0,1,1,0,0,0,1,0,0,0,1,0,0,0,0,0,0,0,1,0,0,0,0,0,0,0,42,20,62,3,39,2,18,5,57,0,0,32,10,0,0,15,5,0,0,47,15,0,0,0,0,0,0,95,4,99,80,0,4,15,84,0,0,70,25,0,0,4,0,0,0,74,25,0,0,0,0,15,0,0,4,2,6,3,1,1,2,4,0,0,0,4,0,0,1,1,0,0,1,5,0,0,0,0,1,0,0,924,4,928,127,797,0,4,127,801,4,3,218,699,0,0,0,4,4,3,218,703,0,0,0,0,0,0,978,4,982,168,810,1,3,169,813,0,8,243,727,0,0,0,4,0,8,243,731,0,0,0,0,0,0,30,1,31,20,10,0,1,20,11,0,0,20,10,0,0,1,0,0,0,21,10,0,0,0,0,0,0,28,1,29,18,10,0,1,18,11,0,0,10,18,0,0,1,0,0,0,11,18,0,0,0,0,0,0,85,2,87,30,55,0,2,30,57,1,0,51,33,0,0,1,1,1,0,52,34,0,0,0,0,0,0,149,2,151,66,83,2,0,68,83,0,0,76,73,0,0,1,1,0,0,77,74,0,0,0,0,0,0,0,0,0,0,0,0,0,0,0,0,0,0,0,0,0,0,0,0,0,0,0,0,0,0,0,0,0,0,0,0,0,0,0,0,0,0,0,0,0,0,0,0,0,0,0,0,0,0,0,0,0,0,0,0,0,0,0,0,0,0,0,0,0,0,0,0,0,0,0,0,0,0,0,0,0,0,0,0,0,0,0,0,0,0,0,0,0,0,0,0,0,0,0,0,0,0,0,0,0,0,0,0,0,0,0,0,0,0,149,75,224,24,125,23,52,47,177,0,1,32,116,0,1,10,64,0,2,42,180,0,0,0,0,0,0,0,0,0,0,0,0,0,0,0,0,0,0,0,0,0,0,0,0,0,0,0,0,0,0,0,0,0,35,41,76,7,28,9,32,16,60,0,0,21,14,0,0,33,8,0,0,54,22,0,0,0,0,0,0,20,3,23,3,17,0,3,3,20,0,0,14,6,0,0,3,0,0,0,17,6,0,0,0,0,0,0,10,0,10,6,4,0,0,6,4,0,0,5,5,0,0,0,0,0,0,5,5,0,0,0,0,0,0,9,1,10,0,9,0,1,0,10,0,0,7,2,0,0,1,0,0,0,8,2,0,0,0,0,0,0,96,25,121,10,86,3,22,13,108,0,0,78,18,0,0,22,3,0,0,100,21,0,0,0,0,0,0,0,501,501,0,0,287,214,287,214,0,0,0,0,1,7,289,208,1,7,289,208,0,0,0,0,0,0,9,9,18,0,9,0,9,0,18,0,0,6,3,0,0,6,3,0,0,12,6,0,0,0,0,0,0,30,9,39,8,22,2,7,10,29,0,0,20,10,0,0,7,2,0,0,27,12,0,0,0,0,0,0,0,0,0,0,0,0,0,0,0,0,0,0,0,0,0,0,0,0,0,0,0,0,0,0,0,0,0,1244,424,1668,479,765,159,265,638,1030,1,4,717,522,0,5,258,166,1,9,975,688,0,0,0,0,0,0,3,0,3,0,3,0,0,0,3,0,0,1,2,0,0,0,0,0,0,1,2,0,0,0,0,0,0,81,80,161,19,62,11,69,30,131,0,0,47,34,0,3,40,37,0,3,87,71,0,0,0,0,0,0,135,44,179,7,128,4,40,11,168,0,0,91,44,0,1,26,17,0,1,117,61,0,0,0,0,0,0,9959,2354,12313,2393,7566,802,1552,3195,9118,10,39,4961,4949,1,29,1434,911,11,68,6395,5860
Henrico County Division of Police,VA04301,2003,Virginia,271683,239,26,265,60,179,8,18,68,197,0,3,141,95,0,0,15,11,0,3,156,106,0,0,0,0,0,0,3492,230,3722,1001,2491,56,174,1057,2665,1,38,1748,1705,0,5,129,98,1,43,1877,1803,0,0,0,0,0,0,1027,263,1290,198,829,77,186,275,1015,5,6,536,480,0,2,187,77,5,8,723,557,0,0,0,0,0,0,7,4,11,1,6,1,3,2,9,0,0,3,4,0,0,1,3,0,0,4,7,0,0,0,0,0,0,102,44,146,12,90,2,42,14,132,0,0,52,50,0,1,29,16,0,1,81,66,0,0,0,0,0,0,0,86,86,0,0,32,54,32,54,0,0,0,0,0,0,44,42,0,0,44,42,0,0,0,0,0,0,83,60,143,23,60,14,46,37,106,0,0,36,47,0,0,48,12,0,0,84,59,0,0,0,0,0,0,768,197,965,140,628,38,159,178,787,0,1,455,312,0,2,99,96,0,3,554,408,0,0,0,0,0,0,644,173,817,525,34,139,153,664,0,1,362,281,0,1,82,90,0,2,444,371,0,0,0,0,119,0,0,1,0,1,1,0,0,0,1,0,0,0,1,0,0,0,0,0,0,0,1,0,0,0,0,0,0,0,426,144,570,63,363,28,116,91,479,0,1,226,199,0,1,68,75,0,2,294,274,0,0,0,0,0,0,177,14,191,133,0,14,44,147,0,0,115,62,0,0,9,5,0,0,124,67,0,0,0,0,44,0,0,40,15,55,28,6,9,18,37,0,0,21,19,0,0,5,10,0,0,26,29,0,0,0,0,12,0,0,102,16,118,87,3,13,18,100,0,0,83,19,0,1,12,3,0,1,95,22,0,0,0,0,15,0,0,0,1,1,0,1,0,1,0,0,0,0,0,0,0,0,1,0,0,0,1,0,0,0,0,0,0,0,35,9,44,4,31,0,9,4,40,0,0,25,10,0,0,8,1,0,0,33,11,0,0,0,0,0,0,61,4,65,50,2,2,13,52,0,0,55,6,0,0,4,0,0,0,59,6,0,0,0,0,11,0,0,6,2,8,6,0,2,0,8,0,0,3,3,0,1,0,1,0,1,3,4,0,0,0,0,0,0,0,804,9,813,90,714,0,9,90,723,0,5,154,645,0,0,1,8,0,5,155,653,0,0,0,0,0,0,638,8,646,133,505,2,6,135,511,0,8,128,502,0,0,0,8,0,8,128,510,0,0,0,0,0,0,48,1,49,24,24,0,1,24,25,0,0,20,28,0,0,0,1,0,0,20,29,0,0,0,0,0,0,22,0,22,5,17,0,0,5,17,0,0,8,14,0,0,0,0,0,0,8,14,0,0,0,0,0,0,48,6,54,19,29,0,6,19,35,0,0,31,17,0,1,5,0,0,1,36,17,0,0,0,0,0,0,81,0,81,33,48,0,0,33,48,0,0,42,39,0,0,0,0,0,0,42,39,0,0,0,0,0,0,0,0,0,0,0,0,0,0,0,0,0,0,0,0,0,0,0,0,0,0,0,0,0,0,0,0,0,0,0,0,0,0,0,0,0,0,0,0,0,0,0,0,0,0,0,0,0,0,0,0,0,0,0,0,0,0,0,0,0,0,0,0,0,0,0,0,0,0,0,0,0,0,0,0,0,0,0,0,0,0,0,0,0,0,0,0,0,0,0,0,0,0,0,0,0,0,0,0,0,0,0,0,0,0,0,0,0,0,126,84,210,25,101,31,53,56,154,0,3,24,99,0,3,19,62,0,6,43,161,0,0,0,0,0,0,0,0,0,0,0,0,0,0,0,0,0,0,0,0,0,0,0,0,0,0,0,0,0,0,0,0,0,53,23,76,7,46,7,16,14,62,0,0,38,15,0,0,20,3,0,0,58,18,0,0,0,0,0,0,15,1,16,1,14,1,0,2,14,0,0,10,5,0,0,0,1,0,0,10,6,0,0,0,0,0,0,6,0,6,6,0,0,0,6,0,0,0,2,4,0,0,0,0,0,0,2,4,0,0,0,0,0,0,8,0,8,0,8,0,0,0,8,0,0,4,4,0,0,0,0,0,0,4,4,0,0,0,0,0,0,83,16,99,6,77,0,16,6,93,0,1,64,18,0,0,13,3,0,1,77,21,0,0,0,0,0,0,0,585,585,0,0,336,249,336,249,0,0,0,0,2,5,336,244,2,5,336,244,0,0,0,0,0,0,13,5,18,0,13,0,5,0,18,0,0,4,9,0,0,3,2,0,0,7,11,0,0,0,0,0,0,22,10,32,3,19,1,9,4,28,0,0,15,7,0,0,5,5,0,0,20,12,0,0,0,0,0,0,0,0,0,0,0,0,0,0,0,0,0,0,0,0,0,0,0,0,0,0,0,0,0,0,0,0,0,1152,403,1555,452,700,158,245,610,945,2,9,649,492,0,3,245,158,2,12,894,650,0,0,0,0,0,0,6,0,6,1,5,0,0,1,5,0,0,1,5,0,0,0,0,0,0,1,5,0,0,0,0,0,0,103,66,169,24,79,17,49,41,128,0,0,46,57,0,1,19,47,0,1,65,104,0,0,0,0,0,0,124,48,172,8,116,2,46,10,162,0,0,84,40,0,2,33,13,0,2,117,53,0,0,0,0,0,0,9070,2175,11245,2272,6798,783,1392,3055,8190,8,74,4295,4693,2,25,1251,910,10,99,5546,5603
Henrico County Division of Police,VA04301,2002,Virginia,270268,184,27,211,45,139,5,22,50,161,0,0,97,87,0,0,17,10,0,0,114,97,0,0,0,0,0,0,3754,261,4015,1049,2705,45,216,1094,2921,1,18,1937,1798,0,1,153,107,1,19,2090,1905,0,0,0,0,0,0,1076,205,1281,195,881,74,131,269,1012,1,10,558,507,0,4,145,62,1,14,703,569,0,0,0,0,0,0,4,18,22,1,3,0,18,1,21,0,0,0,4,0,0,8,16,0,0,8,20,0,0,0,0,0,0,126,42,168,19,107,6,36,25,143,0,0,58,68,0,0,18,25,0,0,76,93,0,0,0,0,0,0,0,65,65,0,0,22,43,22,43,0,0,0,0,0,2,33,30,0,2,33,30,0,0,0,0,0,0,62,30,92,16,46,8,22,24,68,0,1,30,31,0,0,20,10,0,1,50,41,0,0,0,0,0,0,699,155,854,141,558,27,128,168,686,0,1,372,326,0,2,50,103,0,3,422,429,0,0,0,0,0,0,606,134,740,479,26,108,153,587,0,1,319,286,0,2,38,94,0,3,357,380,0,0,0,0,127,0,0,1,1,2,1,1,0,1,1,0,0,0,1,0,0,0,1,0,0,0,2,0,0,0,0,0,0,0,388,122,510,59,329,24,98,83,427,0,1,195,192,0,2,34,86,0,3,229,278,0,0,0,0,0,0,191,9,200,135,1,8,57,143,0,0,115,76,0,0,4,5,0,0,119,81,0,0,0,0,56,0,0,26,2,28,14,0,2,12,16,0,0,9,17,0,0,0,2,0,0,9,19,0,0,0,0,12,0,0,64,14,78,57,0,14,7,71,0,0,43,21,0,0,9,5,0,0,52,26,0,0,0,0,7,0,0,0,0,0,0,0,0,0,0,0,0,0,0,0,0,0,0,0,0,0,0,0,0,0,0,0,0,0,23,11,34,3,20,0,11,3,31,0,0,12,11,0,0,6,5,0,0,18,16,0,0,0,0,0,0,29,3,32,26,0,3,3,29,0,0,26,3,0,0,3,0,0,0,29,3,0,0,0,0,3,0,0,12,0,12,11,0,0,1,11,0,0,5,7,0,0,0,0,0,0,5,7,0,0,0,0,1,0,0,687,17,704,90,597,4,13,94,610,1,2,175,509,0,0,3,14,1,2,178,523,0,0,0,0,0,0,547,10,557,100,447,3,7,103,454,0,9,125,413,0,0,0,10,0,9,125,423,0,0,0,0,0,0,21,0,21,11,10,0,0,11,10,0,0,12,9,0,0,0,0,0,0,12,9,0,0,0,0,0,0,26,1,27,10,16,0,1,10,17,0,0,8,18,0,0,0,1,0,0,8,19,0,0,0,0,0,0,68,13,81,24,44,1,12,25,56,0,0,44,24,0,0,6,7,0,0,50,31,0,0,0,0,0,0,74,1,75,33,41,0,1,33,42,0,0,38,36,0,0,1,0,0,0,39,36,0,0,0,0,0,0,0,0,0,0,0,0,0,0,0,0,0,0,0,0,0,0,0,0,0,0,0,0,0,0,0,0,0,0,0,0,0,0,0,0,0,0,0,0,0,0,0,0,0,0,0,0,0,0,0,0,0,0,0,0,0,0,0,0,0,0,0,0,0,0,0,0,0,0,0,0,0,0,0,0,0,0,0,0,0,0,0,0,0,0,0,0,0,0,0,0,0,0,0,0,0,0,0,0,0,0,0,0,0,0,0,0,0,0,102,53,155,18,84,15,38,33,122,1,0,33,68,0,0,9,44,1,0,42,112,0,0,0,0,0,0,0,0,0,0,0,0,0,0,0,0,0,0,0,0,0,0,0,0,0,0,0,0,0,0,0,0,0,71,30,101,10,61,3,27,13,88,0,1,50,20,0,0,23,7,0,1,73,27,0,0,0,0,0,0,10,2,12,3,7,0,2,3,9,0,0,8,2,0,0,2,0,0,0,10,2,0,0,0,0,0,0,13,0,13,12,1,0,0,12,1,0,0,4,9,0,0,0,0,0,0,4,9,0,0,0,0,0,0,10,3,13,0,10,0,3,0,13,0,0,4,6,0,0,1,2,0,0,5,8,0,0,0,0,0,0,63,5,68,2,61,0,5,2,66,0,0,43,20,0,0,4,1,0,0,47,21,0,0,0,0,0,0,0,791,791,0,0,447,344,447,344,0,0,0,0,5,15,385,388,5,15,385,388,0,0,0,0,0,0,14,2,16,1,13,0,2,1,15,0,1,3,10,0,0,1,1,0,1,4,11,0,0,0,0,0,0,25,10,35,4,21,0,10,4,31,0,0,12,13,0,0,7,3,0,0,19,16,0,0,0,0,0,0,0,0,0,0,0,0,0,0,0,0,0,0,0,0,0,0,0,0,0,0,0,0,0,0,0,0,0,1255,396,1651,502,753,173,223,675,976,0,10,745,500,0,0,193,205,0,10,938,705,0,0,0,0,0,0,0,0,0,0,0,0,0,0,0,0,0,0,0,0,0,0,0,0,0,0,0,0,0,0,0,0,0,82,77,159,21,61,9,68,30,129,0,0,40,42,0,0,31,48,0,0,71,90,0,0,0,0,0,0,83,30,113,9,74,0,30,9,104,0,0,56,27,0,0,18,12,0,0,74,39,0,0,0,0,0,0,9056,2244,11300,2316,6740,842,1402,3158,8142,4,53,4452,4547,5,24,1128,1106,9,77,5580,5653
Henrico County Division of Police,VA04301,2001,Virginia,266347,182,40,222,33,149,8,32,41,181,0,1,102,79,1,1,29,9,1,2,131,88,0,0,0,0,0,0,3320,245,3565,907,2413,48,197,955,2610,5,29,1662,1624,0,1,137,109,5,30,1799,1733,0,0,0,0,0,0,1031,185,1216,198,833,59,126,257,959,2,16,518,495,0,3,133,54,2,19,651,549,0,0,0,0,0,0,9,20,29,1,8,1,19,2,27,0,0,3,6,0,0,4,22,0,0,7,28,0,0,0,0,0,0,100,53,153,15,85,8,45,23,130,0,2,41,57,0,0,28,26,0,2,69,83,0,0,0,0,0,0,0,70,70,0,0,31,39,31,39,0,0,0,0,0,0,22,48,0,0,22,48,0,0,0,0,0,0,50,11,61,8,42,1,10,9,52,0,0,18,32,0,0,7,4,0,0,25,36,0,0,0,0,0,0,732,118,850,107,625,13,105,120,730,0,6,383,343,0,0,45,73,0,6,428,416,0,0,0,0,0,0,627,104,731,530,13,91,110,621,0,5,317,305,0,0,38,66,0,5,355,371,0,0,0,0,97,0,0,1,1,2,1,0,1,0,2,0,0,1,0,0,0,0,1,0,0,1,1,0,0,0,0,0,0,0,423,95,518,47,376,13,82,60,458,0,2,203,218,0,0,34,61,0,2,237,279,0,0,0,0,0,0,173,4,177,129,0,4,44,133,0,3,101,69,0,0,2,2,0,3,103,71,0,0,0,0,44,0,0,30,4,34,24,0,4,6,28,0,0,12,18,0,0,2,2,0,0,14,20,0,0,0,0,6,0,0,79,13,92,71,0,13,8,84,0,1,56,22,0,0,6,7,0,1,62,29,0,0,0,0,8,0,0,2,0,2,2,0,0,0,2,0,0,1,1,0,0,0,0,0,0,1,1,0,0,0,0,0,0,0,28,7,35,3,25,0,7,3,32,0,1,13,14,0,0,2,5,0,1,15,19,0,0,0,0,0,0,35,3,38,32,0,3,3,35,0,0,33,2,0,0,3,0,0,0,36,2,0,0,0,0,3,0,0,14,3,17,12,0,3,2,15,0,0,9,5,0,0,1,2,0,0,10,7,0,0,0,0,2,0,0,805,14,819,87,718,2,12,89,730,3,13,199,590,0,0,3,11,3,13,202,601,0,0,0,0,0,0,702,15,717,128,574,4,11,132,585,2,12,164,524,0,0,0,15,2,12,164,539,0,0,0,0,0,0,5,0,5,2,3,0,0,2,3,0,0,0,5,0,0,0,0,0,0,0,5,0,0,0,0,0,0,24,0,24,4,20,0,0,4,20,0,0,11,13,0,0,0,0,0,0,11,13,0,0,0,0,0,0,59,2,61,29,30,1,1,30,31,0,0,37,22,0,0,1,1,0,0,38,23,0,0,0,0,0,0,72,1,73,32,40,0,1,32,41,1,0,36,35,0,0,0,1,1,0,36,36,0,0,0,0,0,0,0,1,1,0,0,0,1,0,1,0,0,0,0,0,0,1,0,0,0,1,0,0,0,0,0,0,0,0,0,0,0,0,0,0,0,0,0,0,0,0,0,0,0,0,0,0,0,0,0,0,0,0,0,0,0,0,0,0,0,0,0,0,0,0,0,0,0,0,0,0,0,0,0,0,0,0,0,0,0,0,0,0,0,0,0,0,0,0,0,0,0,0,0,0,0,0,0,0,0,0,0,0,0,0,0,0,0,0,172,81,253,42,130,31,50,73,180,0,2,33,137,0,1,18,62,0,3,51,199,0,0,0,0,0,0,0,0,0,0,0,0,0,0,0,0,0,0,0,0,0,0,0,0,0,0,0,0,0,0,0,0,0,66,31,97,7,59,10,21,17,80,0,0,47,19,0,0,20,11,0,0,67,30,0,0,0,0,0,0,9,0,9,0,9,0,0,0,9,0,0,8,1,0,0,0,0,0,0,8,1,0,0,0,0,0,0,1,0,1,0,1,0,0,0,1,0,0,1,0,0,0,0,0,0,0,1,0,0,0,0,0,0,0,12,1,13,0,12,0,1,0,13,0,0,7,5,0,0,1,0,0,0,8,5,0,0,0,0,0,0,65,17,82,7,58,1,16,8,74,0,0,52,13,0,0,17,0,0,0,69,13,0,0,0,0,0,0,0,973,973,0,0,555,418,555,418,0,0,0,0,0,17,462,496,0,17,462,496,0,0,0,0,0,0,17,0,17,0,17,0,0,0,17,0,0,6,11,0,0,0,0,0,0,6,11,0,0,0,0,0,0,22,2,24,5,17,0,2,5,19,0,0,13,9,0,0,1,1,0,0,14,10,0,0,0,0,0,0,0,0,0,0,0,0,0,0,0,0,0,0,0,0,0,0,0,0,0,0,0,0,0,0,0,0,0,1253,321,1574,545,708,148,173,693,881,1,6,746,500,0,0,201,121,1,6,947,621,0,0,0,0,0,0,2,0,2,0,2,0,0,0,2,0,0,0,2,0,0,0,0,0,0,0,2,0,0,0,0,0,0,114,58,172,13,101,8,50,21,151,0,0,51,63,0,0,24,37,0,0,75,100,0,0,0,0,0,0,100,38,138,6,94,6,32,12,126,0,1,72,27,0,1,21,16,0,2,93,43,0,0,0,0,0,0,8924,2297,11221,2176,6748,935,1362,3111,8110,14,88,4210,4612,1,24,1175,1117,15,112,5385,5729
Henrico County Division of Police,VA04301,2000,Virginia,262300,156,27,183,36,120,2,25,38,145,1,2,84,69,0,0,16,11,1,2,100,80,0,0,0,0,0,0,3445,132,3577,1052,2393,22,110,1074,2503,3,33,1699,1710,0,2,59,74,3,35,1758,1784,0,0,0,0,0,0,1123,197,1320,204,919,54,143,258,1062,0,3,574,546,0,1,126,74,0,4,700,620,0,0,0,0,0,0,5,15,20,1,4,4,11,5,15,0,0,0,5,0,1,10,10,0,1,10,15,0,0,0,0,0,0,104,94,198,11,93,13,81,24,174,0,1,51,52,0,0,30,64,0,1,81,116,0,0,0,0,0,0,0,50,50,0,0,22,28,22,28,0,0,0,0,1,0,23,26,1,0,23,26,0,0,0,0,0,0,29,13,42,8,21,4,9,12,30,0,1,18,10,0,0,12,1,0,1,30,11,0,0,0,0,0,0,778,150,928,128,650,11,139,139,789,0,7,421,350,0,1,63,86,0,8,484,436,0,0,0,0,0,0,663,132,795,548,10,122,125,670,0,6,353,304,0,1,56,75,0,7,409,379,0,0,0,0,115,0,0,3,0,3,1,0,0,2,1,0,0,0,3,0,0,0,0,0,0,0,3,0,0,0,0,2,0,0,422,120,542,60,362,10,110,70,472,0,6,202,214,0,1,49,70,0,7,251,284,0,0,0,0,0,0,163,3,166,125,0,3,38,128,0,0,109,54,0,0,3,0,0,0,112,54,0,0,0,0,38,0,0,75,9,84,60,0,9,15,69,0,0,42,33,0,0,4,5,0,0,46,38,0,0,0,0,15,0,0,98,14,112,89,1,13,10,102,0,1,59,38,0,0,7,7,0,1,66,45,0,0,0,0,9,0,0,1,0,1,1,0,0,0,1,0,0,1,0,0,0,0,0,0,0,1,0,0,0,0,0,0,0,0,49,9,58,5,44,1,8,6,52,0,0,21,28,0,0,3,6,0,0,24,34,0,0,0,0,0,0,21,3,24,19,0,3,2,22,0,1,17,3,0,0,3,0,0,1,20,3,0,0,0,0,2,0,0,27,2,29,25,0,2,2,27,0,0,20,7,0,0,1,1,0,0,21,8,0,0,0,0,2,0,0,715,17,732,87,628,0,17,87,645,0,60,203,452,0,0,8,9,0,60,211,461,0,0,0,0,0,0,732,18,750,149,583,3,15,152,598,0,50,177,505,0,0,2,16,0,50,179,521,0,0,0,0,0,0,3,4,7,2,1,2,2,4,3,0,0,1,2,0,0,3,1,0,0,4,3,0,0,0,0,0,0,16,0,16,6,10,0,0,6,10,0,0,2,14,0,0,0,0,0,0,2,14,0,0,0,0,0,0,60,3,63,26,34,1,2,27,36,0,1,33,26,0,0,0,3,0,1,33,29,0,0,0,0,0,0,54,3,57,24,30,0,3,24,33,0,0,25,29,0,0,3,0,0,0,28,29,0,0,0,0,0,0,0,0,0,0,0,0,0,0,0,0,0,0,0,0,0,0,0,0,0,0,0,0,0,0,0,0,0,0,0,0,0,0,0,0,0,0,0,0,0,0,0,0,0,0,0,0,0,0,0,0,0,0,0,0,0,0,0,0,0,0,0,0,0,0,0,0,0,0,0,0,0,0,0,0,0,0,0,0,0,0,0,0,0,0,0,0,0,0,0,0,0,0,0,0,0,0,0,0,0,0,0,0,0,0,0,0,0,0,164,84,248,29,135,33,51,62,186,0,6,50,108,0,3,25,56,0,9,75,164,0,0,0,0,0,0,0,0,0,0,0,0,0,0,0,0,0,0,0,0,0,0,0,0,0,0,0,0,0,0,0,0,0,62,28,90,10,52,7,21,17,73,0,0,38,24,0,0,19,9,0,0,57,33,0,0,0,0,0,0,10,2,12,1,9,0,2,1,11,0,1,5,4,0,0,2,0,0,1,7,4,0,0,0,0,0,0,5,0,5,4,1,0,0,4,1,0,0,1,4,0,0,0,0,0,0,1,4,0,0,0,0,0,0,20,4,24,0,20,0,4,0,24,0,0,13,7,0,0,2,2,0,0,15,9,0,0,0,0,0,0,86,47,133,12,74,1,46,13,120,0,0,66,20,0,0,37,10,0,0,103,30,0,0,0,0,0,0,0,794,794,0,0,478,316,478,316,0,0,0,0,3,9,327,458,3,9,327,458,0,0,0,0,0,0,3,5,8,0,3,0,5,0,8,0,0,0,3,0,0,2,3,0,0,2,6,0,0,0,0,0,0,16,7,23,0,16,0,7,0,23,0,0,10,6,0,0,1,6,0,0,11,12,0,0,0,0,0,0,0,0,0,0,0,0,0,0,0,0,0,0,0,0,0,0,0,0,0,0,0,0,0,0,0,0,0,1228,452,1680,517,711,166,286,683,997,8,5,807,408,1,6,262,189,9,11,1069,597,0,0,0,0,0,0,0,0,0,0,0,0,0,0,0,0,0,0,0,0,0,0,0,0,0,0,0,0,0,0,0,0,0,60,61,121,13,47,7,54,20,101,0,0,22,38,0,1,23,38,0,1,45,76,0,0,0,0,0,0,129,24,153,8,121,6,18,14,139,0,0,86,43,0,0,14,11,0,0,100,54,0,0,0,0,0,0,9003,2231,11234,2328,6675,836,1395,3164,8070,12,170,4386,4435,5,24,1069,1157,17,194,5455,5592
Henrico County Division of Police,VA04301,1999,Virginia,249007,199,36,235,31,168,10,26,41,194,0,1,99,99,0,0,17,20,0,1,116,119,0,0,0,0,0,0,4094,392,4486,1272,2822,97,295,1369,3117,0,56,1832,2206,0,8,168,219,0,64,2000,2425,0,0,0,0,0,0,1243,383,1626,272,971,114,269,386,1240,2,5,663,573,0,5,230,151,2,10,893,724,0,0,0,0,0,0,3,17,20,1,2,0,17,1,19,0,0,2,1,0,0,9,13,0,0,11,14,0,0,0,0,0,0,157,119,276,14,143,19,100,33,243,0,0,67,90,0,0,63,65,0,0,130,155,0,0,0,0,0,0,0,251,251,0,0,100,151,100,151,0,0,0,0,0,2,105,144,0,2,105,144,0,0,0,0,0,0,54,16,70,16,38,4,12,20,50,0,1,31,22,0,0,12,4,0,1,43,26,0,0,0,0,0,0,858,176,1034,152,706,16,160,168,866,0,6,454,398,0,4,82,90,0,10,536,488,0,0,0,0,0,0,699,145,844,571,16,129,144,700,0,4,361,334,0,2,64,79,0,6,425,413,0,0,0,0,128,0,0,3,0,3,1,0,0,2,1,0,0,1,2,0,0,0,0,0,0,1,2,0,0,0,0,2,0,0,402,126,528,41,361,13,113,54,474,0,3,173,226,0,2,53,71,0,5,226,297,0,0,0,0,0,0,212,5,217,146,1,4,67,150,0,0,140,72,0,0,5,0,0,0,145,72,0,0,0,0,66,0,0,82,14,96,63,2,12,21,75,0,1,47,34,0,0,6,8,0,1,53,42,0,0,0,0,19,0,0,103,27,130,89,0,27,14,116,0,1,66,36,0,2,15,10,0,3,81,46,0,0,0,0,14,0,0,0,1,1,0,0,1,0,1,0,0,0,0,0,0,0,1,0,0,0,1,0,0,0,0,0,0,0,38,19,57,6,32,0,19,6,51,0,0,23,15,0,2,9,8,0,2,32,23,0,0,0,0,0,0,50,6,56,44,0,6,6,50,0,1,36,13,0,0,6,0,0,1,42,13,0,0,0,0,6,0,0,15,1,16,13,0,1,2,14,0,0,7,8,0,0,0,1,0,0,7,9,0,0,0,0,2,0,0,892,27,919,121,771,4,23,125,794,1,45,225,621,0,1,6,20,1,46,231,641,0,0,0,0,0,0,743,18,761,128,615,1,17,129,632,1,29,179,534,0,0,2,16,1,29,181,550,0,0,0,0,0,0,1,0,1,1,0,0,0,1,0,0,0,0,1,0,0,0,0,0,0,0,1,0,0,0,0,0,0,19,0,19,8,11,0,0,8,11,0,0,5,14,0,0,0,0,0,0,5,14,0,0,0,0,0,0,75,4,79,19,56,0,4,19,60,0,1,41,33,0,1,2,1,0,2,43,34,0,0,0,0,0,0,53,1,54,23,30,0,1,23,31,0,3,22,28,0,0,1,0,0,3,23,28,0,0,0,0,0,0,2,0,2,0,2,0,0,0,2,0,0,2,0,0,0,0,0,0,0,2,0,0,0,0,0,0,0,0,0,0,0,0,0,0,0,0,0,0,0,0,0,0,0,0,0,0,0,0,0,0,0,0,0,0,0,0,0,0,0,0,0,0,0,0,0,0,0,0,0,0,0,0,0,0,0,0,0,0,0,0,0,0,0,0,0,0,0,0,0,0,0,0,0,0,0,0,0,0,0,0,0,0,0,0,0,0,0,0,162,133,295,31,131,32,101,63,232,0,3,55,104,0,0,28,105,0,3,83,209,0,0,0,0,0,0,0,0,0,0,0,0,0,0,0,0,0,0,0,0,0,0,0,0,0,0,0,0,0,0,0,0,0,88,88,176,19,69,14,74,33,143,0,3,64,21,0,0,62,26,0,3,126,47,0,0,0,0,0,0,9,1,10,1,8,1,0,2,8,0,0,5,4,0,0,1,0,0,0,6,4,0,0,0,0,0,0,9,0,9,3,6,0,0,3,6,0,0,3,6,0,0,0,0,0,0,3,6,0,0,0,0,0,0,15,4,19,0,15,0,4,0,19,0,0,8,7,0,0,3,1,0,0,11,8,0,0,0,0,0,0,59,40,99,6,53,1,39,7,92,0,0,48,11,0,0,31,9,0,0,79,20,0,0,0,0,0,0,0,698,698,0,0,414,284,414,284,0,0,0,0,2,6,299,395,2,6,299,395,0,0,0,0,0,0,8,3,11,1,7,1,2,2,9,1,0,1,6,0,0,2,2,1,0,3,8,0,0,0,0,0,0,19,5,24,3,16,3,2,6,18,0,1,10,8,0,0,1,4,0,1,11,12,0,0,0,0,0,0,0,0,0,0,0,0,0,0,0,0,0,0,0,0,0,0,0,0,0,0,0,0,0,0,0,0,0,1483,653,2136,581,902,220,433,801,1335,2,11,914,556,0,11,365,284,2,22,1279,840,0,0,0,0,0,0,1,0,1,0,1,0,0,0,1,0,0,0,1,0,0,0,0,0,0,0,1,0,0,0,0,0,0,84,132,216,15,69,14,118,29,187,0,0,37,47,0,1,36,100,0,1,73,147,0,0,0,0,0,0,132,47,179,13,119,4,43,17,162,0,0,82,50,0,0,23,24,0,0,105,74,0,0,0,0,0,0,10462,3244,13706,2731,7731,1069,2175,3800,9906,7,165,4849,5441,2,39,1548,1693,9,204,6397,7134
Henrico County Division of Police,VA04301,1998,Virginia,245905,229,51,280,42,187,12,39,54,226,4,0,110,115,0,0,34,17,4,0,144,132,0,0,0,0,0,0,4838,715,5553,1366,3472,113,602,1479,4074,31,0,2453,2354,17,0,302,397,48,0,2755,2751,0,0,0,0,0,0,1983,524,2507,470,1513,126,398,596,1911,10,0,1018,955,7,0,344,186,17,0,1362,1141,0,0,0,0,0,0,3,11,14,0,3,0,11,0,14,0,0,1,2,0,0,10,7,0,0,11,9,0,0,0,0,0,0,242,188,430,22,220,10,178,32,398,1,0,94,147,1,0,97,95,2,0,191,242,0,0,0,0,0,0,0,321,321,0,0,98,223,98,223,0,0,0,0,8,0,134,179,8,0,134,179,0,0,0,0,0,0,33,17,50,7,26,1,16,8,42,2,0,3,28,0,0,10,7,2,0,13,35,0,0,0,0,0,0,1373,225,1598,277,1096,37,188,314,1284,6,0,776,591,3,0,119,103,9,0,895,694,0,0,0,0,0,0,1048,188,1236,803,33,155,278,958,5,0,577,466,3,0,93,92,8,0,670,558,0,0,0,0,245,0,0,57,2,59,28,0,2,29,30,0,0,22,35,0,0,1,1,0,0,23,36,0,0,0,0,29,0,0,675,175,850,115,560,32,143,147,703,5,0,339,331,3,0,82,90,8,0,421,421,0,0,0,0,0,0,316,11,327,215,1,10,102,225,0,0,216,100,0,0,10,1,0,0,226,101,0,0,0,0,101,0,0,0,0,0,0,0,0,0,0,0,0,0,0,0,0,0,0,0,0,0,0,0,0,0,0,0,0,0,325,37,362,293,4,33,36,326,1,0,199,125,0,0,26,11,1,0,225,136,0,0,0,0,32,0,0,3,3,6,3,3,0,3,3,0,0,3,0,0,0,1,2,0,0,4,2,0,0,0,0,0,0,0,147,23,170,14,133,1,22,15,155,1,0,73,73,0,0,14,9,1,0,87,82,0,0,0,0,0,0,172,11,183,154,0,11,18,165,0,0,123,49,0,0,11,0,0,0,134,49,0,0,0,0,18,0,0,3,0,3,3,0,0,0,3,0,0,0,3,0,0,0,0,0,0,0,3,0,0,0,0,0,0,0,994,66,1060,132,862,14,52,146,914,34,0,225,735,4,0,23,39,38,0,248,774,0,0,0,0,0,0,665,4,669,124,541,1,3,125,544,20,0,189,456,0,0,1,4,20,0,190,460,0,0,0,0,0,0,17,0,17,11,6,0,0,11,6,1,0,5,11,0,0,0,0,1,0,5,11,0,0,0,0,0,0,162,1,163,58,104,1,0,59,104,2,0,79,81,0,0,1,0,2,0,80,81,0,0,0,0,0,0,833,27,860,410,423,10,17,420,440,2,0,500,331,0,0,20,7,2,0,520,338,0,0,0,0,0,0,333,37,370,144,189,2,35,146,224,4,0,185,144,1,0,2,34,5,0,187,178,0,0,0,0,0,0,1,2,3,0,1,0,2,0,3,0,0,1,0,0,0,2,0,0,0,3,0,0,0,0,0,0,0,0,0,0,0,0,0,0,0,0,0,0,0,0,0,0,0,0,0,0,0,0,0,0,0,0,0,0,0,0,0,0,0,0,0,0,0,0,0,0,0,0,0,0,0,0,0,0,0,0,0,0,0,0,0,1,2,3,0,1,0,2,0,3,0,0,1,0,0,0,2,0,0,0,3,0,0,0,0,0,0,0,237,292,529,57,180,77,215,134,395,4,0,78,155,5,0,94,194,9,0,172,349,0,0,0,0,0,0,2,0,2,0,2,0,0,0,2,0,0,1,1,0,0,0,0,0,0,1,1,0,0,0,0,0,0,196,114,310,43,153,16,98,59,251,0,0,141,55,0,0,99,15,0,0,240,70,0,0,0,0,0,0,16,3,19,2,14,0,3,2,17,0,0,13,3,1,0,2,0,1,0,15,3,0,0,0,0,0,0,19,0,19,14,5,0,0,14,5,0,0,3,16,0,0,0,0,0,0,3,16,0,0,0,0,0,0,19,3,22,1,18,0,3,1,21,0,0,11,8,0,1,2,0,0,1,13,8,0,0,0,0,0,0,110,33,143,4,106,1,32,5,138,0,0,71,39,0,0,27,6,0,0,98,45,0,0,0,0,0,0,0,1,1,0,0,0,1,0,1,0,0,0,0,0,0,1,0,0,0,1,0,0,0,0,0,0,0,272,39,311,17,255,1,38,18,293,0,0,59,213,2,0,24,13,2,0,83,226,0,0,0,0,0,0,37,21,58,3,34,2,19,5,53,0,0,26,11,2,0,10,9,2,0,36,20,0,0,0,0,0,0,0,0,0,0,0,0,0,0,0,0,0,0,0,0,0,0,0,0,0,0,0,0,0,0,0,0,0,2075,807,2882,828,1247,221,586,1049,1833,14,0,1212,849,25,0,420,372,39,0,1632,1221,0,0,0,0,0,0,0,0,0,0,0,0,0,0,0,0,0,0,0,0,0,0,0,0,0,0,0,0,0,0,0,0,0,250,231,481,48,202,29,202,77,404,3,0,91,156,7,0,107,129,10,0,198,285,0,0,0,0,0,0,357,76,433,26,331,5,71,31,402,1,0,253,103,2,0,44,31,3,0,297,134,0,0,0,0,0,0,15296,3809,19105,4106,11190,777,3032,4883,14222,139,0,7598,7559,85,1,1929,1844,224,1,9527,9403
Henrico County Division of Police,VA04301,1997,Virginia,235926,186,18,204,40,146,5,13,45,159,0,0,103,83,0,0,8,10,0,0,111,93,0,0,0,0,0,0,4027,748,4775,1117,2910,139,609,1256,3519,47,0,1894,2086,19,0,358,378,66,0,2252,2464,0,0,0,0,0,0,2025,435,2460,471,1554,95,340,566,1894,10,0,966,1049,10,0,263,167,20,0,1229,1216,0,0,0,0,0,0,13,5,18,5,8,0,5,5,13,0,0,5,8,0,0,3,2,0,0,8,10,0,0,0,0,0,0,236,132,368,28,208,12,120,40,328,0,0,98,138,2,0,54,77,2,0,152,215,0,0,0,0,0,0,0,233,233,0,0,70,163,70,163,0,0,0,0,7,0,84,143,7,0,84,143,0,0,0,0,0,0,45,17,62,11,34,2,15,13,49,0,0,16,29,0,0,14,3,0,0,30,32,0,0,0,0,0,0,1351,248,1599,256,1095,30,218,286,1313,6,0,675,670,5,0,110,133,11,0,785,803,0,0,0,0,0,0,1070,210,1280,851,26,184,245,1035,6,0,532,532,5,0,89,116,11,0,621,648,0,0,0,0,219,0,0,79,5,84,56,0,5,23,61,0,0,25,54,0,0,2,3,0,0,27,57,0,0,0,0,23,0,0,685,190,875,120,565,24,166,144,731,6,0,300,379,5,0,77,108,11,0,377,487,0,0,0,0,0,0,306,15,321,230,2,13,78,243,0,0,207,99,0,0,10,5,0,0,217,104,0,0,0,0,76,0,0,0,0,0,0,0,0,0,0,0,0,0,0,0,0,0,0,0,0,0,0,0,0,0,0,0,0,0,281,38,319,244,4,34,41,278,0,0,143,138,0,0,21,17,0,0,164,155,0,0,0,0,37,0,0,8,1,9,8,0,1,0,9,0,0,8,0,0,0,0,1,0,0,8,1,0,0,0,0,0,0,0,115,26,141,9,106,2,24,11,130,0,0,32,83,0,0,10,16,0,0,42,99,0,0,0,0,0,0,158,11,169,130,2,9,30,139,0,0,103,55,0,0,11,0,0,0,114,55,0,0,0,0,28,0,0,0,0,0,0,0,0,0,0,0,0,0,0,0,0,0,0,0,0,0,0,0,0,0,0,0,0,0,1064,46,1110,167,897,11,35,178,932,76,0,267,721,3,0,10,35,79,0,277,756,0,0,0,0,0,0,157,2,159,28,129,0,2,28,131,1,0,43,113,0,0,0,2,1,0,43,115,0,0,0,0,0,0,26,0,26,12,14,0,0,12,14,0,0,4,22,0,0,0,0,0,0,4,22,0,0,0,0,0,0,140,0,140,38,102,0,0,38,102,4,0,48,88,0,0,0,0,4,0,48,88,0,0,0,0,0,0,860,44,904,343,517,33,11,376,528,0,0,537,323,0,0,22,23,0,0,559,346,0,0,0,0,0,0,465,20,485,192,273,5,15,197,288,4,0,314,147,0,0,12,9,4,0,326,156,0,0,0,0,0,0,3,3,6,1,2,0,3,1,5,0,0,3,0,0,0,3,0,0,0,6,0,0,0,0,0,0,0,0,0,0,0,0,0,0,0,0,0,0,0,0,0,0,0,0,0,0,0,0,0,0,0,0,0,0,0,0,0,0,0,0,0,0,0,0,0,0,0,0,0,0,0,0,0,0,0,0,0,0,0,0,0,3,3,6,1,2,0,3,1,5,0,0,3,0,0,0,3,0,0,0,6,0,0,0,0,0,0,0,210,223,433,33,177,63,160,96,337,5,0,46,159,1,0,35,187,6,0,81,346,0,0,0,0,0,0,3,0,3,0,3,0,0,0,3,0,0,1,2,0,0,0,0,0,0,1,2,0,0,0,0,0,0,180,88,268,27,153,15,73,42,226,0,0,122,58,0,0,57,31,0,0,179,89,0,0,0,0,0,0,14,5,19,1,13,1,4,2,17,0,0,13,1,0,0,2,3,0,0,15,4,0,0,0,0,0,0,0,0,0,0,0,0,0,0,0,0,0,0,0,0,0,0,0,0,0,0,0,0,0,0,0,0,0,49,2,51,0,49,0,2,0,51,0,0,28,21,0,0,1,1,0,0,29,22,0,0,0,0,0,0,98,23,121,5,93,1,22,6,115,2,0,51,45,0,0,17,6,2,0,68,51,0,0,0,0,0,0,0,0,0,0,0,0,0,0,0,0,0,0,0,0,0,0,0,0,0,0,0,0,0,0,0,0,0,288,20,308,47,241,0,20,47,261,3,0,57,228,0,0,13,8,3,0,70,236,0,0,0,0,0,0,32,14,46,5,27,0,14,5,41,0,0,20,12,0,0,9,6,0,0,29,18,0,0,0,0,0,0,0,0,0,0,0,0,0,0,0,0,0,0,0,0,0,0,0,0,0,0,0,0,0,0,0,0,0,2071,812,2883,792,1279,258,554,1050,1833,31,0,1242,798,14,0,428,388,45,0,1670,1186,0,0,0,0,0,0,0,0,0,0,0,0,0,0,0,0,0,0,0,0,0,0,0,0,0,0,0,0,0,0,0,0,0,314,231,545,64,250,23,208,87,458,1,0,149,164,4,0,107,129,5,0,256,293,0,0,0,0,0,0,419,123,542,29,390,7,116,36,506,6,0,272,141,0,0,84,41,6,0,356,182,0,0,0,0,0,0,14276,3492,17768,3712,10564,770,2722,4482,13286,196,0,6974,7106,65,0,1694,1782,261,0,8668,8888
Henrico County Division of Police,VA04301,1996,Virginia,233859,219,26,245,45,174,5,21,50,195,1,0,110,108,1,1,19,5,2,1,129,113,0,0,0,0,0,0,4119,722,4841,1117,3002,161,561,1278,3563,44,0,2025,2050,17,0,306,406,61,0,2331,2456,0,0,0,0,0,0,1969,356,2325,492,1477,110,246,602,1723,13,3,949,1004,3,0,243,117,16,3,1192,1121,0,0,0,0,0,0,13,11,24,3,10,0,11,3,21,0,0,7,6,0,0,2,9,0,0,9,15,0,0,0,0,0,0,197,161,358,31,166,14,147,45,313,0,0,98,99,0,0,88,77,0,0,186,176,0,0,0,0,0,0,0,195,195,0,0,54,141,54,141,0,0,0,0,2,0,80,114,2,0,80,114,0,0,0,0,0,0,35,28,63,9,26,4,24,13,50,1,0,15,19,0,0,21,7,1,0,36,26,0,0,0,0,0,0,1285,253,1538,223,1062,30,223,253,1285,4,0,686,595,3,0,134,116,7,0,820,711,0,0,0,0,0,0,1041,219,1260,857,30,189,214,1046,4,0,537,500,1,0,108,110,5,0,645,610,0,0,0,0,184,0,0,101,5,106,75,1,4,27,79,0,0,49,52,0,0,2,3,0,0,51,55,0,0,0,0,26,0,0,633,186,819,90,543,28,158,118,701,3,0,279,351,1,0,83,102,4,0,362,453,0,0,0,0,0,0,307,27,334,239,1,26,69,265,1,0,209,97,0,0,23,4,1,0,232,101,0,0,0,0,68,0,0,0,1,1,0,0,1,0,1,0,0,0,0,0,0,0,1,0,0,0,1,0,0,0,0,0,0,0,244,34,278,205,0,34,39,239,0,0,149,95,2,0,26,6,2,0,175,101,0,0,0,0,39,0,0,12,0,12,9,0,0,3,9,0,0,1,11,0,0,0,0,0,0,1,11,0,0,0,0,3,0,0,74,16,90,13,61,0,16,13,77,0,0,38,36,2,0,9,5,2,0,47,41,0,0,0,0,0,0,157,18,175,134,0,18,23,152,0,0,110,47,0,0,17,1,0,0,127,48,0,0,0,0,23,0,0,1,0,1,1,0,0,0,1,0,0,0,1,0,0,0,0,0,0,0,1,0,0,0,0,0,0,0,1014,33,1047,128,886,4,29,132,915,51,0,253,710,4,1,11,17,55,1,264,727,0,0,0,0,0,0,0,0,0,0,0,0,0,0,0,0,0,0,0,0,0,0,0,0,0,0,0,0,0,0,0,0,0,19,0,19,5,14,0,0,5,14,0,0,5,14,0,0,0,0,0,0,5,14,0,0,0,0,0,0,134,1,135,41,93,0,1,41,94,1,0,53,80,0,0,0,1,1,0,53,81,0,0,0,0,0,0,855,19,874,322,533,7,12,329,545,0,2,491,362,0,0,6,13,0,2,497,375,0,0,0,0,0,0,370,26,396,153,217,5,21,158,238,3,0,201,166,1,0,11,14,4,0,212,180,0,0,0,0,0,0,17,0,17,0,17,0,0,0,17,0,0,9,8,0,0,0,0,0,0,9,8,0,0,0,0,0,0,0,0,0,0,0,0,0,0,0,0,0,0,0,0,0,0,0,0,0,0,0,0,0,0,0,0,0,0,0,0,0,0,0,0,0,0,0,0,0,0,0,0,0,0,0,0,0,0,0,0,0,0,0,0,17,0,17,0,17,0,0,0,17,0,0,9,8,0,0,0,0,0,0,9,8,0,0,0,0,0,0,145,142,287,27,118,42,100,69,218,2,0,31,112,1,0,26,115,3,0,57,227,0,0,0,0,0,0,0,0,0,0,0,0,0,0,0,0,0,0,0,0,0,0,0,0,0,0,0,0,0,0,0,0,0,202,118,320,25,177,16,102,41,279,0,0,131,71,1,0,83,34,1,0,214,105,0,0,0,0,0,0,9,1,10,1,8,0,1,1,9,1,0,4,4,0,0,1,0,1,0,5,4,0,0,0,0,0,0,5,1,6,2,3,0,1,2,4,0,0,1,4,0,0,0,1,0,0,1,5,0,0,0,0,0,0,37,11,48,0,37,0,11,0,48,0,0,19,18,0,0,8,3,0,0,27,21,0,0,0,0,0,0,96,29,125,4,92,1,28,5,120,4,0,69,23,0,0,22,7,4,0,91,30,0,0,0,0,0,0,0,1,1,0,0,1,0,1,0,0,0,0,0,0,0,0,1,0,0,0,1,0,0,0,0,0,0,157,47,204,8,149,1,46,9,195,2,0,63,92,0,0,23,24,2,0,86,116,0,0,0,0,0,0,37,16,53,7,30,2,14,9,44,2,0,19,16,0,0,7,9,2,0,26,25,0,0,0,0,0,0,0,0,0,0,0,0,0,0,0,0,0,0,0,0,0,0,0,0,0,0,0,0,0,0,0,0,0,1974,975,2949,721,1253,332,643,1053,1896,36,0,1249,689,28,0,490,478,64,0,1739,1167,0,0,0,0,0,0,0,0,0,0,0,0,0,0,0,0,0,0,0,0,0,0,0,0,0,0,0,0,0,0,0,0,0,280,184,464,68,212,21,163,89,375,0,0,117,163,3,0,57,134,3,0,174,297,0,0,0,0,0,0,443,102,545,28,415,12,90,40,505,0,0,308,135,1,0,65,36,1,0,373,171,0,0,0,0,0,0,13631,3458,17089,3460,10171,822,2636,4282,12807,165,5,6913,6548,65,2,1703,1738,230,7,8616,8286
Henrico County Division of Police,VA04301,1995,Virginia,231863,149,37,186,26,123,8,29,34,152,0,0,85,64,1,0,26,10,1,0,111,74,0,0,0,0,0,0,3986,457,4443,1114,2872,67,390,1181,3262,27,0,1966,1993,8,0,221,231,35,0,2187,2224,0,0,0,0,0,0,1758,247,2005,420,1338,57,190,477,1528,2,1,847,908,7,0,143,104,9,1,990,1012,0,0,0,0,0,0,6,13,19,0,6,2,11,2,17,0,0,2,4,0,0,5,13,0,0,7,17,0,0,0,0,0,0,282,101,383,25,257,18,83,43,340,0,0,128,154,0,0,52,51,0,0,180,205,0,0,0,0,0,0,0,185,185,0,0,52,133,52,133,0,0,0,0,2,0,53,130,2,0,53,130,0,0,0,0,0,0,28,99,127,10,18,26,73,36,91,2,0,8,18,1,0,72,30,3,0,80,48,0,0,0,0,0,0,1152,176,1328,183,969,18,158,201,1127,4,0,662,486,0,0,81,95,4,0,743,581,0,0,0,0,0,0,919,156,1075,762,16,140,173,902,4,0,499,416,0,0,73,83,4,0,572,499,0,0,0,0,157,0,0,56,5,61,37,2,3,21,40,0,0,22,34,0,0,2,3,0,0,24,37,0,0,0,0,19,0,0,532,135,667,69,463,12,123,81,586,4,0,231,297,0,0,57,78,4,0,288,375,0,0,0,0,0,0,331,16,347,262,2,14,71,276,0,0,246,85,0,0,14,2,0,0,260,87,0,0,0,0,69,0,0,0,0,0,0,0,0,0,0,0,0,0,0,0,0,0,0,0,0,0,0,0,0,0,0,0,0,0,233,20,253,207,2,18,28,225,0,0,163,70,0,0,8,12,0,0,171,82,0,0,0,0,26,0,0,3,2,5,1,0,2,2,3,0,0,0,3,0,0,0,2,0,0,0,5,0,0,0,0,2,0,0,68,9,77,5,63,2,7,7,70,0,0,32,36,0,0,4,5,0,0,36,41,0,0,0,0,0,0,139,8,147,130,0,8,9,138,0,0,119,20,0,0,4,4,0,0,123,24,0,0,0,0,9,0,0,23,1,24,13,0,1,10,14,0,0,12,11,0,0,0,1,0,0,12,12,0,0,0,0,10,0,0,872,25,897,107,765,9,16,116,781,27,3,235,607,3,0,9,13,30,3,244,620,0,0,0,0,0,0,2,0,2,1,1,0,0,1,1,0,0,0,2,0,0,0,0,0,0,0,2,0,0,0,0,0,0,7,0,7,1,6,0,0,1,6,0,0,1,6,0,0,0,0,0,0,1,6,0,0,0,0,0,0,108,1,109,24,84,0,1,24,85,1,0,42,65,0,0,1,0,1,0,43,65,0,0,0,0,0,0,777,55,832,279,498,17,38,296,536,0,0,440,337,0,0,25,30,0,0,465,367,0,0,0,0,0,0,458,19,477,220,238,4,15,224,253,2,0,241,215,0,0,9,10,2,0,250,225,0,0,0,0,0,0,5,2,7,0,5,0,2,0,7,0,0,4,1,0,0,2,0,0,0,6,1,0,0,0,0,0,0,0,0,0,0,0,0,0,0,0,0,0,0,0,0,0,0,0,0,0,0,0,0,0,0,0,0,0,0,0,0,0,0,0,0,0,0,0,0,0,0,0,0,0,0,0,0,0,0,0,0,0,0,0,0,5,2,7,0,5,0,2,0,7,0,0,4,1,0,0,2,0,0,0,6,1,0,0,0,0,0,0,139,121,260,23,116,18,103,41,219,1,0,32,106,1,0,29,91,2,0,61,197,0,0,0,0,0,0,3,0,3,0,3,0,0,0,3,0,0,2,1,0,0,0,0,0,0,2,1,0,0,0,0,0,0,174,106,280,28,146,17,89,45,235,0,0,111,63,6,0,65,35,6,0,176,98,0,0,0,0,0,0,7,0,7,2,5,0,0,2,5,0,0,4,3,0,0,0,0,0,0,4,3,0,0,0,0,0,0,2,0,2,1,1,0,0,1,1,0,0,1,1,0,0,0,0,0,0,1,1,0,0,0,0,0,0,24,14,38,0,24,0,14,0,38,0,0,14,10,0,0,6,8,0,0,20,18,0,0,0,0,0,0,80,21,101,7,73,0,21,7,94,0,0,55,25,0,0,20,1,0,0,75,26,0,0,0,0,0,0,0,0,0,0,0,0,0,0,0,0,0,0,0,0,0,0,0,0,0,0,0,0,0,0,0,0,0,143,32,175,5,138,3,29,8,167,1,0,48,94,0,0,19,13,1,0,67,107,0,0,0,0,0,0,27,22,49,6,21,1,21,7,42,0,0,14,13,0,0,15,7,0,0,29,20,0,0,0,0,0,0,0,0,0,0,0,0,0,0,0,0,0,0,0,0,0,0,0,0,0,0,0,0,0,0,0,0,0,1797,947,2744,602,1195,311,636,913,1831,23,1,1056,717,15,6,518,426,38,7,1574,1143,0,0,0,0,0,0,0,0,0,0,0,0,0,0,0,0,0,0,0,0,0,0,0,0,0,0,0,0,0,0,0,0,0,274,143,417,55,219,16,127,71,346,1,0,131,142,0,0,62,88,1,0,193,230,0,0,0,0,0,0,441,77,518,24,417,5,72,29,489,0,0,275,166,1,0,45,32,1,0,320,198,0,0,0,0,0,0,12701,2900,15601,3163,9538,649,2251,3812,11789,91,5,6404,6201,45,6,1478,1418,136,11,7882,7619
Henrico County Division of Police,VA04301,1994,Virginia,228679,144,31,175,29,115,5,26,34,141,0,0,79,65,0,0,22,9,0,0,101,74,0,0,0,0,0,0,4111,441,4552,1002,3109,80,361,1082,3470,29,0,1996,2086,9,0,181,263,38,0,2177,2349,0,0,0,0,0,0,1702,260,1962,399,1303,59,201,458,1504,11,0,767,924,6,0,149,110,17,0,916,1034,0,0,0,0,0,0,20,7,27,3,17,1,6,4,23,0,0,10,10,0,0,4,4,0,0,14,14,0,0,0,0,0,0,233,143,376,25,208,17,126,42,334,4,0,98,131,1,0,55,93,5,0,153,224,0,0,0,0,0,0,0,177,177,0,0,51,126,51,126,0,0,0,0,3,0,67,108,3,0,67,108,0,0,0,0,0,0,39,96,135,3,36,22,74,25,110,0,0,15,24,2,0,67,27,2,0,82,51,0,0,0,0,0,0,1189,170,1359,175,1014,19,151,194,1165,5,0,654,530,3,0,61,106,8,0,715,636,0,0,0,0,0,0,816,145,961,706,17,128,127,834,2,0,433,381,3,0,49,93,5,0,482,474,0,0,0,0,110,0,0,1,0,1,1,0,0,0,1,0,0,0,1,0,0,0,0,0,0,0,1,0,0,0,0,0,0,0,491,123,614,58,433,13,110,71,543,1,0,189,301,3,0,31,89,4,0,220,390,0,0,0,0,0,0,324,22,346,272,4,18,56,290,1,0,244,79,0,0,18,4,1,0,262,83,0,0,0,0,52,0,0,0,0,0,0,0,0,0,0,0,0,0,0,0,0,0,0,0,0,0,0,0,0,0,0,0,0,0,373,25,398,308,2,23,67,331,3,0,221,149,0,0,12,13,3,0,233,162,0,0,0,0,65,0,0,2,1,3,2,0,1,0,3,0,0,1,1,0,0,0,1,0,0,1,2,0,0,0,0,0,0,0,84,9,93,11,73,0,9,11,82,3,0,26,55,0,0,1,8,3,0,27,63,0,0,0,0,0,0,228,13,241,191,1,12,38,203,0,0,172,56,0,0,11,2,0,0,183,58,0,0,0,0,37,0,0,59,2,61,42,1,1,18,43,0,0,22,37,0,0,0,2,0,0,22,39,0,0,0,0,17,0,0,883,27,910,109,774,4,23,113,797,45,0,197,641,1,0,9,17,46,0,206,658,0,0,0,0,0,0,0,0,0,0,0,0,0,0,0,0,0,0,0,0,0,0,0,0,0,0,0,0,0,0,0,0,0,4,1,5,2,2,1,0,3,2,0,0,1,3,0,0,0,1,0,0,1,4,0,0,0,0,0,0,101,0,101,29,72,0,0,29,72,0,0,29,72,0,0,0,0,0,0,29,72,0,0,0,0,0,0,778,45,823,227,551,13,32,240,583,1,0,437,340,0,0,11,35,1,0,448,375,0,0,0,0,0,0,718,8,726,274,444,3,5,277,449,1,0,388,329,0,0,5,3,1,0,393,332,0,0,0,0,0,0,4,0,4,0,4,0,0,0,4,0,0,3,1,0,0,0,0,0,0,3,1,0,0,0,0,0,0,0,0,0,0,0,0,0,0,0,0,0,0,0,0,0,0,0,0,0,0,0,0,0,0,0,0,0,0,0,0,0,0,0,0,0,0,0,0,0,0,0,0,0,0,0,0,0,0,0,0,0,0,0,0,4,0,4,0,4,0,0,0,4,0,0,3,1,0,0,0,0,0,0,3,1,0,0,0,0,0,0,136,118,254,14,122,25,93,39,215,2,0,20,114,1,0,23,94,3,0,43,208,0,0,0,0,0,0,3,0,3,0,3,0,0,0,3,0,0,0,3,0,0,0,0,0,0,0,3,0,0,0,0,0,0,223,108,331,29,194,10,98,39,292,0,0,145,78,2,1,72,33,2,1,217,111,0,0,0,0,0,0,11,4,15,2,9,0,4,2,13,0,0,7,4,0,0,4,0,0,0,11,4,0,0,0,0,0,0,14,0,14,2,12,0,0,2,12,0,0,2,12,0,0,0,0,0,0,2,12,0,0,0,0,0,0,26,6,32,0,26,0,6,0,32,0,0,18,8,0,0,6,0,0,0,24,8,0,0,0,0,0,0,90,9,99,8,82,1,8,9,90,0,0,68,22,0,0,8,1,0,0,76,23,0,0,0,0,0,0,0,0,0,0,0,0,0,0,0,0,0,0,0,0,0,0,0,0,0,0,0,0,0,0,0,0,0,135,17,152,6,129,0,17,6,146,2,0,48,85,0,0,7,10,2,0,55,95,0,0,0,0,0,0,20,21,41,2,18,2,19,4,37,0,0,11,9,0,0,9,12,0,0,20,21,0,0,0,0,0,0,0,0,0,0,0,0,0,0,0,0,0,0,0,0,0,0,0,0,0,0,0,0,0,0,0,0,0,1921,1086,3007,635,1286,322,764,957,2050,18,0,1140,763,18,0,594,497,36,0,1734,1260,0,0,0,0,0,0,0,0,0,0,0,0,0,0,0,0,0,0,0,0,0,0,0,0,0,0,0,0,0,0,0,0,0,272,158,430,31,241,7,151,38,392,0,0,124,148,4,0,66,105,4,0,190,253,0,0,0,0,0,0,375,112,487,26,349,6,106,32,455,6,0,261,108,0,0,75,38,6,0,336,146,0,0,0,0,0,0,13152,3045,16197,3032,10120,648,2397,3680,12517,124,0,6518,6510,50,1,1495,1566,174,1,8013,8076
Henrico County Division of Police,VA04301,1993,Virginia,226550,156,23,179,23,133,5,18,28,151,1,0,82,73,0,0,15,9,1,0,97,82,0,0,0,0,0,0,3787,369,4156,1058,2729,55,314,1113,3043,36,0,1669,2082,5,1,131,237,41,1,1800,2319,0,0,0,0,0,0,1721,170,1891,367,1354,43,127,410,1481,10,0,789,922,2,0,108,66,12,0,897,988,0,0,0,0,0,0,3,7,10,0,3,0,7,0,10,0,0,2,1,0,0,4,4,0,0,6,5,0,0,0,0,0,0,248,148,396,17,231,9,139,26,370,3,0,114,131,2,0,62,86,5,0,176,217,0,0,0,0,0,0,0,154,154,0,0,33,121,33,121,0,0,0,0,1,0,74,80,1,0,74,80,0,0,0,0,0,0,43,61,104,6,37,6,55,12,92,1,0,22,20,0,0,44,18,1,0,66,38,0,0,0,0,0,0,769,83,852,126,643,15,68,141,711,5,0,384,380,0,1,48,34,5,1,432,414,0,0,0,0,0,0,512,72,584,446,13,59,79,505,5,0,243,264,0,1,42,29,5,1,285,293,0,0,0,0,66,0,0,0,1,1,0,0,1,0,1,0,0,0,0,0,0,1,0,0,0,1,0,0,0,0,0,0,0,0,326,42,368,36,290,9,33,45,323,5,0,95,226,0,1,15,26,5,1,110,252,0,0,0,0,0,0,186,29,215,156,4,25,34,181,0,0,148,38,0,0,26,3,0,0,174,41,0,0,0,0,30,0,0,0,0,0,0,0,0,0,0,0,0,0,0,0,0,0,0,0,0,0,0,0,0,0,0,0,0,0,257,11,268,197,2,9,62,206,0,0,141,116,0,0,6,5,0,0,147,121,0,0,0,0,60,0,0,1,1,2,1,0,1,0,2,0,0,1,0,0,0,0,1,0,0,1,1,0,0,0,0,0,0,0,44,5,49,4,40,2,3,6,43,0,0,13,31,0,0,1,4,0,0,14,35,0,0,0,0,0,0,161,4,165,128,0,4,33,132,0,0,115,46,0,0,4,0,0,0,119,46,0,0,0,0,33,0,0,51,1,52,28,0,1,23,29,0,0,12,39,0,0,1,0,0,0,13,39,0,0,0,0,23,0,0,905,28,933,99,806,2,26,101,832,15,0,200,690,1,0,8,19,16,0,208,709,0,0,0,0,0,0,1231,12,1243,209,1022,1,11,210,1033,20,0,209,1002,1,1,1,9,21,1,210,1011,0,0,0,0,0,0,6,0,6,3,3,0,0,3,3,0,0,4,2,0,0,0,0,0,0,4,2,0,0,0,0,0,0,109,0,109,35,74,0,0,35,74,2,0,45,62,0,0,0,0,2,0,45,62,0,0,0,0,0,0,704,28,732,264,440,18,10,282,450,0,0,426,278,0,0,18,10,0,0,444,288,0,0,0,0,0,0,825,11,836,388,437,9,2,397,439,3,0,398,424,0,0,6,5,3,0,404,429,0,0,0,0,0,0,3,0,3,0,3,0,0,0,3,0,0,3,0,0,0,0,0,0,0,3,0,0,0,0,0,0,0,0,0,0,0,0,0,0,0,0,0,0,0,0,0,0,0,0,0,0,0,0,0,0,0,0,0,0,0,0,0,0,0,0,0,0,0,0,0,0,0,0,0,0,0,0,0,0,0,0,0,0,0,0,0,3,0,3,0,3,0,0,0,3,0,0,3,0,0,0,0,0,0,0,3,0,0,0,0,0,0,0,168,98,266,31,137,25,73,56,210,1,0,16,151,1,0,14,83,2,0,30,234,0,0,0,0,0,0,4,0,4,1,3,0,0,1,3,0,0,4,0,0,0,0,0,0,0,4,0,0,0,0,0,0,0,176,110,286,26,150,8,102,34,252,0,0,127,49,0,0,90,20,0,0,217,69,0,0,0,0,0,0,17,0,17,3,14,0,0,3,14,0,0,14,3,0,0,0,0,0,0,14,3,0,0,0,0,0,0,8,0,8,5,3,0,0,5,3,0,0,1,7,0,0,0,0,0,0,1,7,0,0,0,0,0,0,42,1,43,0,42,1,0,1,42,0,0,20,22,0,1,0,0,0,1,20,22,0,0,0,0,0,0,137,30,167,5,132,1,29,6,161,4,0,93,40,0,0,28,2,4,0,121,42,0,0,0,0,0,0,0,0,0,0,0,0,0,0,0,0,0,0,0,0,0,0,0,0,0,0,0,0,0,0,0,0,0,153,25,178,7,146,2,23,9,169,1,0,30,122,0,0,11,14,1,0,41,136,0,0,0,0,0,0,25,17,42,5,20,0,17,5,37,0,0,14,11,1,0,9,7,1,0,23,18,0,0,0,0,0,0,0,0,0,0,0,0,0,0,0,0,0,0,0,0,0,0,0,0,0,0,0,0,0,0,0,0,0,1939,754,2693,689,1250,201,553,890,1803,18,0,1250,671,16,1,415,339,34,1,1665,1010,0,0,0,0,0,0,0,0,0,0,0,0,0,0,0,0,0,0,0,0,0,0,0,0,0,0,0,0,0,0,0,0,0,272,126,398,45,227,9,117,54,344,0,0,113,159,0,0,45,86,0,0,158,245,0,0,0,0,0,0,363,96,459,24,339,8,88,32,427,10,0,236,117,0,0,66,30,10,0,302,147,0,0,0,0,0,0,13814,2351,16165,3436,10378,451,1900,3887,12278,130,0,6265,7419,30,5,1197,1158,160,5,7462,8577
Henrico County Division of Police,VA04301,1992,Virginia,224559,135,20,155,27,108,4,16,31,124,0,0,95,40,0,0,13,7,0,0,108,47,0,0,0,0,0,0,4580,200,4780,1486,3094,43,157,1529,3251,10,60,1794,2716,3,1,87,112,13,61,1881,2828,0,0,0,0,0,0,1544,126,1670,377,1167,21,105,398,1272,3,11,690,840,0,1,85,42,3,12,775,882,0,0,0,0,0,0,14,4,18,6,8,2,2,8,10,0,0,4,10,0,0,3,3,0,0,7,13,0,0,0,0,0,0,266,81,347,11,255,8,73,19,328,0,1,99,166,0,1,36,49,0,2,135,215,0,0,0,0,0,0,0,145,145,0,0,42,103,42,103,0,0,0,0,1,1,67,76,1,1,67,76,0,0,0,0,0,0,45,21,66,12,33,2,19,14,52,0,0,18,27,0,0,17,4,0,0,35,31,0,0,0,0,0,0,482,57,539,71,411,4,53,75,464,1,2,205,274,0,0,21,36,1,2,226,310,0,0,0,0,0,0,200,29,229,173,3,26,30,199,1,0,86,113,0,0,13,16,1,0,99,129,0,0,0,0,27,0,0,1,2,3,1,0,2,0,3,0,0,0,1,0,0,0,2,0,0,0,3,0,0,0,0,0,0,0,96,10,106,8,88,1,9,9,97,1,0,22,73,0,0,0,10,1,0,22,83,0,0,0,0,0,0,103,16,119,84,2,14,21,98,0,0,64,39,0,0,12,4,0,0,76,43,0,0,0,0,19,0,0,0,1,1,0,0,1,0,1,0,0,0,0,0,0,1,0,0,0,1,0,0,0,0,0,0,0,0,282,28,310,238,1,27,45,265,0,2,119,161,0,0,8,20,0,2,127,181,0,0,0,0,44,0,0,0,1,1,0,0,1,0,1,0,0,0,0,0,0,0,1,0,0,0,1,0,0,0,0,0,0,0,142,13,155,14,128,0,13,14,141,0,2,27,113,0,0,0,13,0,2,27,126,0,0,0,0,0,0,138,14,152,108,1,13,31,121,0,0,91,47,0,0,8,6,0,0,99,53,0,0,0,0,30,0,0,2,0,2,2,0,0,0,2,0,0,1,1,0,0,0,0,0,0,1,1,0,0,0,0,0,0,0,814,19,833,92,722,4,15,96,737,4,13,190,607,0,0,6,13,4,13,196,620,0,0,0,0,0,0,1116,10,1126,181,935,2,8,183,943,4,4,236,872,0,0,0,10,4,4,236,882,0,0,0,0,0,0,5,0,5,0,5,0,0,0,5,0,0,2,3,0,0,0,0,0,0,2,3,0,0,0,0,0,0,77,2,79,18,59,0,2,18,61,0,3,14,60,0,0,0,2,0,3,14,62,0,0,0,0,0,0,375,14,389,127,248,4,10,131,258,0,1,226,148,0,0,4,10,0,1,230,158,0,0,0,0,0,0,471,7,478,212,259,1,6,213,265,0,4,205,262,0,0,2,6,0,4,207,268,0,0,0,0,0,0,1,1,2,0,1,0,1,0,2,0,0,0,1,0,0,1,0,0,0,1,1,0,0,0,0,0,0,0,0,0,0,0,0,0,0,0,0,0,0,0,0,0,0,0,0,0,0,0,0,0,0,0,0,0,0,0,0,0,0,0,0,0,0,0,0,0,0,0,0,0,0,0,0,0,0,0,0,0,0,0,0,1,1,2,0,1,0,1,0,2,0,0,0,1,0,0,1,0,0,0,1,1,0,0,0,0,0,0,96,86,182,12,84,15,71,27,155,0,1,14,81,0,1,8,77,0,2,22,158,0,0,0,0,0,0,0,1,1,0,0,0,1,0,1,0,0,0,0,0,0,1,0,0,0,1,0,0,0,0,0,0,0,156,49,205,18,138,6,43,24,181,0,2,91,63,0,0,42,7,0,2,133,70,0,0,0,0,0,0,9,0,9,1,8,0,0,1,8,0,0,6,3,0,0,0,0,0,0,6,3,0,0,0,0,0,0,3,0,3,1,2,0,0,1,2,0,0,1,2,0,0,0,0,0,0,1,2,0,0,0,0,0,0,21,7,28,0,21,0,7,0,28,0,0,13,8,0,0,6,1,0,0,19,9,0,0,0,0,0,0,105,10,115,12,93,0,10,12,103,0,1,84,20,0,0,8,2,0,1,92,22,0,0,0,0,0,0,0,1,1,0,0,1,0,1,0,0,0,0,0,0,0,0,1,0,0,0,1,0,0,0,0,0,0,104,21,125,1,103,2,19,3,122,0,2,22,80,0,0,10,11,0,2,32,91,0,0,0,0,0,0,21,1,22,2,19,1,0,3,19,0,0,8,13,0,0,0,1,0,0,8,14,0,0,0,0,0,0,0,0,0,0,0,0,0,0,0,0,0,0,0,0,0,0,0,0,0,0,0,0,0,0,0,0,0,1700,664,2364,602,1098,170,494,772,1592,5,26,1008,661,3,13,381,292,8,39,1389,953,0,0,0,0,0,0,0,0,0,0,0,0,0,0,0,0,0,0,0,0,0,0,0,0,0,0,0,0,0,0,0,0,0,235,64,299,43,192,6,58,49,250,2,1,80,152,0,0,32,37,2,1,112,189,0,0,0,0,0,0,194,50,244,14,180,2,48,16,228,0,3,113,78,0,2,29,19,0,5,142,97,0,0,0,0,0,0,12569,1661,14230,3326,9243,340,1321,3666,10564,29,135,5218,7187,7,20,859,818,36,155,6077,8005
Henrico County Division of Police,VA04301,1991,Virginia,221354,165,13,178,38,127,2,11,40,138,3,1,82,79,0,0,11,5,3,1,93,84,0,0,0,0,0,0,4505,271,4776,1602,2903,49,222,1651,3125,4,62,1603,2836,1,3,119,148,5,65,1722,2984,0,0,0,0,0,0,1294,111,1405,267,1027,30,81,297,1108,1,6,594,693,0,0,81,37,1,6,675,730,0,0,0,0,0,0,8,3,11,1,7,1,2,2,9,0,0,1,7,0,0,1,2,0,0,2,9,0,0,0,0,0,0,182,65,247,17,165,13,52,30,217,0,5,66,111,0,4,27,36,0,9,93,147,0,0,0,0,0,0,0,159,159,0,0,48,111,48,111,0,0,0,0,0,2,62,95,0,2,62,95,0,0,0,0,0,0,41,35,76,9,32,5,30,14,62,0,1,11,29,0,0,10,25,0,1,21,54,0,0,0,0,0,0,314,39,353,42,272,3,36,45,308,0,2,153,159,0,0,21,18,0,2,174,177,0,0,0,0,0,0,37,18,55,34,1,17,4,51,0,0,17,20,0,0,10,8,0,0,27,28,0,0,0,0,3,0,0,0,0,0,0,0,0,0,0,0,0,0,0,0,0,0,0,0,0,0,0,0,0,0,0,0,0,0,5,8,13,1,4,0,8,1,12,0,0,0,5,0,0,3,5,0,0,3,10,0,0,0,0,0,0,32,10,42,30,1,9,3,39,0,0,17,15,0,0,7,3,0,0,24,18,0,0,0,0,2,0,0,0,0,0,0,0,0,0,0,0,0,0,0,0,0,0,0,0,0,0,0,0,0,0,0,0,0,0,277,21,298,238,2,19,41,257,0,2,136,139,0,0,11,10,0,2,147,149,0,0,0,0,39,0,0,8,0,8,5,0,0,3,5,0,0,2,6,0,0,0,0,0,0,2,6,0,0,0,0,3,0,0,154,8,162,22,132,1,7,23,139,0,2,54,98,0,0,3,5,0,2,57,103,0,0,0,0,0,0,114,12,126,100,0,12,14,112,0,0,80,34,0,0,8,4,0,0,88,38,0,0,0,0,14,0,0,1,1,2,1,1,0,1,1,0,0,0,1,0,0,0,1,0,0,0,2,0,0,0,0,0,0,0,889,18,907,80,809,5,13,85,822,2,26,185,676,0,0,2,16,2,26,187,692,0,0,0,0,0,0,1141,3,1144,211,930,0,3,211,933,2,24,186,929,0,0,0,3,2,24,186,932,0,0,0,0,0,0,1,0,1,0,1,0,0,0,1,0,0,0,1,0,0,0,0,0,0,0,1,0,0,0,0,0,0,61,1,62,19,42,1,0,20,42,0,1,20,40,0,0,0,1,0,1,20,41,0,0,0,0,0,0,163,8,171,38,125,1,7,39,132,0,5,93,65,0,0,2,6,0,5,95,71,0,0,0,0,0,0,427,8,435,228,199,3,5,231,204,0,3,190,234,0,0,3,5,0,3,193,239,0,0,0,0,0,0,3,0,3,0,3,0,0,0,3,0,0,2,1,0,0,0,0,0,0,2,1,0,0,0,0,0,0,0,0,0,0,0,0,0,0,0,0,0,0,0,0,0,0,0,0,0,0,0,0,0,0,0,0,0,0,0,0,0,0,0,0,0,0,0,0,0,0,0,0,0,0,0,0,0,0,0,0,0,0,0,0,3,0,3,0,3,0,0,0,3,0,0,2,1,0,0,0,0,0,0,2,1,0,0,0,0,0,0,181,106,287,33,148,30,76,63,224,1,6,38,136,0,0,14,92,1,6,52,228,0,0,0,0,0,0,0,1,1,0,0,0,1,0,1,0,0,0,0,0,0,1,0,0,0,1,0,0,0,0,0,0,0,122,55,177,20,102,3,52,23,154,0,0,79,43,0,0,41,14,0,0,120,57,0,0,0,0,0,0,4,1,5,1,3,0,1,1,4,0,0,2,2,0,0,1,0,0,0,3,2,0,0,0,0,0,0,0,0,0,0,0,0,0,0,0,0,0,0,0,0,0,0,0,0,0,0,0,0,0,0,0,0,0,25,4,29,0,25,0,4,0,29,0,1,11,13,0,0,4,0,0,1,15,13,0,0,0,0,0,0,64,13,77,3,61,0,13,3,74,0,0,45,19,0,0,11,2,0,0,56,21,0,0,0,0,0,0,0,0,0,0,0,0,0,0,0,0,0,0,0,0,0,0,0,0,0,0,0,0,0,0,0,0,0,79,18,97,6,73,0,18,6,91,0,0,19,60,0,0,9,9,0,0,28,69,0,0,0,0,0,0,10,5,15,0,10,0,5,0,15,0,0,7,3,0,0,3,2,0,0,10,5,0,0,0,0,0,0,0,0,0,0,0,0,0,0,0,0,0,0,0,0,0,0,0,0,0,0,0,0,0,0,0,0,0,1589,664,2253,559,1030,180,484,739,1514,2,26,921,640,1,19,374,288,3,45,1295,928,0,0,0,0,0,0,0,0,0,0,0,0,0,0,0,0,0,0,0,0,0,0,0,0,0,0,0,0,0,0,0,0,0,180,100,280,47,133,4,96,51,229,0,2,75,103,0,4,31,68,0,6,106,171,0,0,0,0,0,0,170,25,195,10,160,2,23,12,183,1,5,81,83,1,0,15,9,2,5,96,92,0,0,0,0,0,0,11618,1726,13344,3231,8387,380,1346,3611,9733,16,176,4464,6962,3,32,843,881,19,208,5307,7843
Henrico County Division of Police,VA04301,1990,Virginia,217881,173,10,183,38,135,1,9,39,144,1,5,82,85,0,0,7,3,1,5,89,88,0,0,0,0,0,0,4005,189,4194,1403,2602,36,153,1439,2755,2,58,1453,2492,0,0,54,136,2,58,1507,2628,0,0,0,0,0,0,1413,55,1468,319,1094,12,43,331,1137,3,17,545,848,0,1,31,26,3,18,576,874,0,0,0,0,0,0,6,0,6,0,6,0,0,0,6,0,0,1,5,0,0,0,0,0,0,1,5,0,0,0,0,0,0,173,42,215,11,162,2,40,13,202,0,2,63,108,0,0,16,26,0,2,79,134,0,0,0,0,0,0,0,50,50,0,0,12,38,12,38,0,0,0,0,0,4,17,29,0,4,17,29,0,0,0,0,0,0,38,1,39,7,31,0,1,7,32,0,0,12,26,0,0,1,0,0,0,13,26,0,0,0,0,0,0,278,11,289,44,234,1,10,45,244,0,1,130,147,0,0,5,7,0,1,135,154,0,0,0,0,0,0,30,6,36,25,1,5,6,30,0,0,21,9,0,0,1,5,0,0,22,14,0,0,0,0,5,0,0,0,0,0,0,0,0,0,0,0,0,0,0,0,0,0,0,0,0,0,0,0,0,0,0,0,0,0,3,3,6,0,3,1,2,1,5,0,0,2,1,0,0,0,3,0,0,2,4,0,0,0,0,0,0,22,1,23,18,0,1,4,19,0,0,15,7,0,0,1,0,0,0,16,7,0,0,0,0,4,0,0,5,2,7,4,0,2,1,6,0,0,4,1,0,0,0,2,0,0,4,3,0,0,0,0,1,0,0,248,5,253,209,0,5,39,214,0,1,109,138,0,0,4,2,0,1,113,140,0,0,0,0,39,0,0,4,0,4,4,0,0,0,4,0,0,0,4,0,0,0,0,0,0,0,4,0,0,0,0,0,0,0,144,3,147,22,122,0,3,22,125,0,1,39,104,0,0,1,2,0,1,40,106,0,0,0,0,0,0,99,2,101,82,0,2,17,84,0,0,70,29,0,0,2,0,0,0,72,29,0,0,0,0,17,0,0,1,0,1,1,0,0,0,1,0,0,0,1,0,0,1,0,0,0,1,1,0,0,0,0,0,0,0,1020,13,1033,110,910,5,8,115,918,4,29,234,753,0,0,5,8,4,29,239,761,0,0,0,0,0,0,1410,13,1423,268,1142,4,9,272,1151,1,17,228,1164,0,0,0,13,1,17,228,1177,0,0,0,0,0,0,4,0,4,0,4,0,0,0,4,0,0,1,3,0,0,0,0,0,0,1,3,0,0,0,0,0,0,51,1,52,14,37,0,1,14,38,0,1,12,38,0,0,0,1,0,1,12,39,0,0,0,0,0,0,107,15,122,37,70,5,10,42,80,0,1,53,53,0,0,2,13,0,1,55,66,0,0,0,0,0,0,372,5,377,171,201,1,4,172,205,0,4,153,215,0,0,2,3,0,4,155,218,0,0,0,0,0,0,5,1,6,1,4,0,1,1,5,0,0,2,3,0,0,1,0,0,0,3,3,0,0,0,0,0,0,0,0,0,0,0,0,0,0,0,0,0,0,0,0,0,0,0,0,0,0,0,0,0,0,0,0,0,0,0,0,0,0,0,0,0,0,0,0,0,0,0,0,0,0,0,0,0,0,0,0,0,0,0,0,5,1,6,1,4,0,1,1,5,0,0,2,3,0,0,1,0,0,0,3,3,0,0,0,0,0,0,114,54,168,12,102,17,37,29,139,0,0,24,90,0,1,5,49,0,1,29,139,0,0,0,0,0,0,2,0,2,0,2,0,0,0,2,0,0,1,1,0,0,0,0,0,0,1,1,0,0,0,0,0,0,109,25,134,16,93,7,18,23,111,0,2,63,44,0,0,9,16,0,2,72,60,0,0,0,0,0,0,19,6,25,2,17,1,5,3,22,0,0,14,5,0,0,3,3,0,0,17,8,0,0,0,0,0,0,3,0,3,2,1,0,0,2,1,0,1,0,2,0,0,0,0,0,1,0,2,0,0,0,0,0,0,24,4,28,0,24,0,4,0,28,0,1,12,11,0,0,2,2,0,1,14,13,0,0,0,0,0,0,42,2,44,1,41,0,2,1,43,0,2,29,11,0,0,2,0,0,2,31,11,0,0,0,0,0,0,0,0,0,0,0,0,0,0,0,0,0,0,0,0,0,0,0,0,0,0,0,0,0,0,0,0,0,79,2,81,2,77,0,2,2,79,1,2,20,56,0,0,1,1,1,2,21,57,0,0,0,0,0,0,23,8,31,3,20,0,8,3,28,0,2,9,12,0,0,5,3,0,2,14,15,0,0,0,0,0,0,0,0,0,0,0,0,0,0,0,0,0,0,0,0,0,0,0,0,0,0,0,0,0,0,0,0,0,1321,255,1576,518,803,65,190,583,993,4,20,745,552,0,1,124,139,4,21,869,691,0,0,0,0,0,0,0,0,0,0,0,0,0,0,0,0,0,0,0,0,0,0,0,0,0,0,0,0,0,0,0,0,0,156,46,202,37,119,1,45,38,164,0,2,55,99,0,4,17,25,0,6,72,124,0,0,0,0,0,0,158,17,175,10,148,0,17,10,165,1,0,76,81,0,1,6,12,1,1,82,93,0,0,0,0,0,0,11105,825,11930,3026,8079,170,655,3196,8734,17,167,4017,6904,0,12,315,515,17,179,4332,7419
Henrico County Division of Police,VA04301,1989,Virginia,211566,123,6,129,19,104,1,5,20,109,0,4,57,62,0,0,4,2,0,4,61,64,0,0,0,0,0,0,4540,99,4639,1568,2972,25,74,1593,3046,4,62,2034,2440,0,0,27,72,4,62,2061,2512,0,0,0,0,0,0,1314,11,1325,270,1044,3,8,273,1052,1,11,484,818,0,0,5,6,1,11,489,824,0,0,0,0,0,0,3,2,5,2,1,1,1,3,2,0,0,0,3,0,0,1,1,0,0,1,4,0,0,0,0,0,0,179,19,198,22,157,0,19,22,176,0,5,63,111,0,0,0,19,0,5,63,130,0,0,0,0,0,0,0,6,6,0,0,5,1,5,1,0,0,0,0,0,0,0,6,0,0,0,6,0,0,0,0,0,0,42,3,45,9,33,2,1,11,34,0,0,13,29,0,0,0,3,0,0,13,32,0,0,0,0,0,0,381,3,384,53,328,2,1,55,329,0,3,150,228,0,0,1,2,0,3,151,230,0,0,0,0,0,0,44,0,44,38,0,0,6,38,0,0,26,18,0,0,0,0,0,0,26,18,0,0,0,0,6,0,0,2,0,2,2,0,0,0,2,0,0,0,2,0,0,0,0,0,0,0,2,0,0,0,0,0,0,0,2,0,2,0,2,0,0,0,2,0,0,0,2,0,0,0,0,0,0,0,2,0,0,0,0,0,0,25,0,25,24,0,0,1,24,0,0,18,7,0,0,0,0,0,0,18,7,0,0,0,0,1,0,0,15,0,15,10,0,0,5,10,0,0,8,7,0,0,0,0,0,0,8,7,0,0,0,0,5,0,0,337,3,340,290,2,1,49,291,0,3,124,210,0,0,1,2,0,3,125,212,0,0,0,0,47,0,0,4,0,4,3,0,0,1,3,0,0,1,3,0,0,0,0,0,0,1,3,0,0,0,0,1,0,0,212,2,214,27,185,1,1,28,186,0,1,51,160,0,0,0,2,0,1,51,162,0,0,0,0,0,0,120,1,121,101,1,0,20,101,0,2,71,47,0,0,1,0,0,2,72,47,0,0,0,0,19,0,0,1,0,1,1,0,0,0,1,0,0,1,0,0,0,0,0,0,0,1,0,0,0,0,0,0,0,0,790,1,791,87,703,0,1,87,704,3,24,169,594,0,0,0,1,3,24,169,595,0,0,0,0,0,0,1253,17,1270,193,1060,3,14,196,1074,1,13,258,981,0,1,1,15,1,14,259,996,0,0,0,0,0,0,0,0,0,0,0,0,0,0,0,0,0,0,0,0,0,0,0,0,0,0,0,0,0,0,0,0,0,54,0,54,16,38,0,0,16,38,0,2,14,38,0,0,0,0,0,2,14,38,0,0,0,0,0,0,96,4,100,49,47,0,4,49,51,0,0,55,41,0,1,2,1,0,1,57,42,0,0,0,0,0,0,306,5,311,144,162,4,1,148,163,1,3,123,179,0,0,1,4,1,3,124,183,0,0,0,0,0,0,8,0,8,4,4,0,0,4,4,0,0,8,0,0,0,0,0,0,0,8,0,0,0,0,0,0,0,0,0,0,0,0,0,0,0,0,0,0,0,0,0,0,0,0,0,0,0,0,0,0,0,0,0,0,0,0,0,0,0,0,0,0,0,0,0,0,0,0,0,0,0,0,0,0,0,0,0,0,0,0,0,8,0,8,4,4,0,0,4,4,0,0,8,0,0,0,0,0,0,0,8,0,0,0,0,0,0,0,153,4,157,26,127,0,4,26,131,0,0,29,124,0,0,0,4,0,0,29,128,0,0,0,0,0,0,2,0,2,1,1,0,0,1,1,0,0,0,2,0,0,0,0,0,0,0,2,0,0,0,0,0,0,116,4,120,12,104,0,4,12,108,0,1,72,43,0,1,1,2,0,2,73,45,0,0,0,0,0,0,5,1,6,0,5,0,1,0,6,0,0,4,1,0,0,1,0,0,0,5,1,0,0,0,0,0,0,2,0,2,0,2,0,0,0,2,0,0,0,2,0,0,0,0,0,0,0,2,0,0,0,0,0,0,29,6,35,1,28,1,5,2,33,0,1,14,14,0,0,5,1,0,1,19,15,0,0,0,0,0,0,51,2,53,5,46,0,2,5,48,0,0,33,18,0,0,1,1,0,0,34,19,0,0,0,0,0,0,0,0,0,0,0,0,0,0,0,0,0,0,0,0,0,0,0,0,0,0,0,0,0,0,0,0,0,52,3,55,3,49,0,3,3,52,0,0,19,33,0,0,1,2,0,0,20,35,0,0,0,0,0,0,10,0,10,0,10,0,0,0,10,0,1,5,4,0,0,0,0,0,1,5,4,0,0,0,0,0,0,0,0,0,0,0,0,0,0,0,0,0,0,0,0,0,0,0,0,0,0,0,0,0,0,0,0,0,1405,18,1423,484,921,2,16,486,937,3,25,803,574,0,0,2,16,3,25,805,590,0,0,0,0,0,0,0,0,0,0,0,0,0,0,0,0,0,0,0,0,0,0,0,0,0,0,0,0,0,0,0,0,0,130,6,136,24,106,0,6,24,112,0,4,42,84,0,0,1,5,0,4,43,89,0,0,0,0,0,0,102,7,109,7,95,0,7,7,102,0,2,53,47,0,1,5,1,0,3,58,48,0,0,0,0,0,0,11146,227,11373,2999,8147,49,178,3048,8325,13,161,4502,6470,0,4,59,164,13,165,4561,6634
Henrico County Division of Police,VA04301,1988,Virginia,203018,146,4,150,25,121,0,4,25,125,0,3,60,83,0,0,2,2,0,3,62,85,0,0,0,0,0,0,3896,109,4005,1292,2604,31,78,1323,2682,2,30,1645,2219,0,2,25,82,2,32,1670,2301,0,0,0,0,0,0,967,9,976,188,779,0,9,188,788,0,7,408,552,0,0,4,5,0,7,412,557,0,0,0,0,0,0,4,0,4,1,3,0,0,1,3,0,0,0,4,0,0,0,0,0,0,0,4,0,0,0,0,0,0,170,21,191,13,157,5,16,18,173,0,3,70,97,0,0,6,15,0,3,76,112,0,0,0,0,0,0,0,3,3,0,0,1,2,1,2,0,0,0,0,0,1,0,2,0,1,0,2,0,0,0,0,0,0,50,0,50,9,41,0,0,9,41,0,0,34,16,0,0,0,0,0,0,34,16,0,0,0,0,0,0,321,5,326,51,270,1,4,52,274,0,3,115,203,0,0,1,4,0,3,116,207,0,0,0,0,0,0,31,0,31,25,0,0,6,25,0,0,11,20,0,0,0,0,0,0,11,20,0,0,0,0,6,0,0,0,0,0,0,0,0,0,0,0,0,0,0,0,0,0,0,0,0,0,0,0,0,0,0,0,0,0,3,0,3,1,2,0,0,1,2,0,0,1,2,0,0,0,0,0,0,1,2,0,0,0,0,0,0,17,0,17,12,0,0,5,12,0,0,8,9,0,0,0,0,0,0,8,9,0,0,0,0,5,0,0,11,0,11,11,0,0,0,11,0,0,2,9,0,0,0,0,0,0,2,9,0,0,0,0,0,0,0,290,5,295,245,1,4,46,249,0,3,104,183,0,0,1,4,0,3,105,187,0,0,0,0,45,0,0,1,0,1,1,0,0,0,1,0,0,1,0,0,0,0,0,0,0,1,0,0,0,0,0,0,0,0,199,3,202,29,170,1,2,30,172,0,2,53,144,0,0,0,3,0,2,53,147,0,0,0,0,0,0,90,2,92,74,0,2,16,76,0,1,50,39,0,0,1,1,0,1,51,40,0,0,0,0,16,0,0,0,0,0,0,0,0,0,0,0,0,0,0,0,0,0,0,0,0,0,0,0,0,0,0,0,0,0,716,1,717,68,648,0,1,68,649,0,20,180,516,0,0,0,1,0,20,180,517,0,0,0,0,0,0,1410,10,1420,214,1196,4,6,218,1202,3,28,281,1098,0,0,0,10,3,28,281,1108,0,0,0,0,0,0,0,0,0,0,0,0,0,0,0,0,0,0,0,0,0,0,0,0,0,0,0,0,0,0,0,0,0,66,0,66,14,52,0,0,14,52,1,0,7,58,0,0,0,0,1,0,7,58,0,0,0,0,0,0,95,6,101,36,59,4,2,40,61,0,0,55,40,0,0,0,6,0,0,55,46,0,0,0,0,0,0,488,3,491,259,229,2,1,261,230,0,5,247,236,0,0,1,2,0,5,248,238,0,0,0,0,0,0,14,0,14,2,12,0,0,2,12,0,0,14,0,0,0,0,0,0,0,14,0,0,0,0,0,0,0,0,0,0,0,0,0,0,0,0,0,0,0,0,0,0,0,0,0,0,0,0,0,0,0,0,0,0,5,0,5,0,5,0,0,0,5,0,0,5,0,0,0,0,0,0,0,5,0,0,0,0,0,0,0,9,0,9,2,7,0,0,2,7,0,0,9,0,0,0,0,0,0,0,9,0,0,0,0,0,0,0,164,9,173,27,137,0,9,27,146,0,3,21,140,0,0,0,10,0,3,21,150,0,0,0,0,0,0,1,0,1,0,1,0,0,0,1,0,0,0,1,0,0,0,0,0,0,0,1,0,0,0,0,0,0,86,7,93,7,79,0,7,7,86,0,0,36,50,0,0,7,0,0,0,43,50,0,0,0,0,0,0,12,2,14,0,12,0,2,0,14,0,0,9,3,0,1,1,0,0,1,10,3,0,0,0,0,0,0,4,0,4,0,4,0,0,0,4,0,0,0,4,0,0,0,0,0,0,0,4,0,0,0,0,0,0,23,0,23,1,22,0,0,1,22,0,0,7,16,0,0,0,0,0,0,7,16,0,0,0,0,0,0,55,1,56,6,49,0,1,6,50,0,0,40,15,0,0,1,0,0,0,41,15,0,0,0,0,0,0,0,0,0,0,0,0,0,0,0,0,0,0,0,0,0,0,0,0,0,0,0,0,0,0,0,0,0,36,3,39,2,34,0,3,2,37,0,1,8,27,0,0,1,2,0,1,9,29,0,0,0,0,0,0,3,0,3,0,3,0,0,0,3,0,0,1,2,0,0,0,0,0,0,1,2,0,0,0,0,0,0,0,0,0,0,0,0,0,0,0,0,0,0,0,0,0,0,0,0,0,0,0,0,0,0,0,0,0,1379,27,1406,573,806,4,23,577,829,3,21,794,561,0,0,14,13,3,21,808,574,0,0,0,0,0,0,0,0,0,0,0,0,0,0,0,0,0,0,0,0,0,0,0,0,0,0,0,0,0,0,0,0,0,113,3,116,17,96,0,3,17,99,0,1,37,75,0,0,0,3,0,1,37,78,0,0,0,0,0,0,116,6,122,5,111,1,5,6,116,1,3,65,47,0,1,3,2,1,4,68,49,0,0,0,0,0,0,10335,229,10564,2810,7525,53,176,2863,7701,10,128,4134,6063,0,5,66,159,10,133,4200,6222
Henrico County Division of Police,VA04301,1987,Virginia,199463,111,9,120,13,98,0,9,13,107,0,3,47,61,0,0,5,4,0,3,52,65,0,0,0,0,0,0,3418,86,3504,1085,2333,23,63,1108,2396,6,28,1248,2136,0,0,26,60,6,28,1274,2196,0,0,0,0,0,0,834,5,839,149,685,1,4,150,689,1,9,334,490,0,0,1,4,1,9,335,494,0,0,0,0,0,0,10,1,11,1,9,0,1,1,10,0,0,5,5,0,0,0,1,0,0,5,6,0,0,0,0,0,0,136,26,162,9,127,0,26,9,153,0,1,53,82,0,0,1,25,0,1,54,107,0,0,0,0,0,0,0,5,5,0,0,2,3,2,3,0,0,0,0,0,0,0,5,0,0,0,5,0,0,0,0,0,0,27,18,45,10,17,3,15,13,32,0,0,11,16,0,0,0,18,0,0,11,34,0,0,0,0,0,0,279,3,282,45,234,1,2,46,236,0,2,86,191,0,0,0,3,0,2,86,194,0,0,0,0,0,0,69,1,70,59,1,0,11,59,0,2,25,42,0,0,0,1,0,2,25,43,0,0,0,0,10,0,0,0,0,0,0,0,0,0,0,0,0,0,0,0,0,0,0,0,0,0,0,0,0,0,0,0,0,0,11,1,12,1,10,1,0,2,10,0,0,1,10,0,0,0,1,0,0,1,11,0,0,0,0,0,0,49,0,49,43,0,0,6,43,0,2,21,26,0,0,0,0,0,2,21,26,0,0,0,0,6,0,0,9,0,9,6,0,0,3,6,0,0,3,6,0,0,0,0,0,0,3,6,0,0,0,0,3,0,0,210,2,212,175,0,2,35,177,0,0,61,149,0,0,0,2,0,0,61,151,0,0,0,0,35,0,0,3,0,3,3,0,0,0,3,0,0,1,2,0,0,0,0,0,0,1,2,0,0,0,0,0,0,0,149,2,151,16,133,0,2,16,135,0,0,30,119,0,0,0,2,0,0,30,121,0,0,0,0,0,0,58,0,58,39,0,0,19,39,0,0,30,28,0,0,0,0,0,0,30,28,0,0,0,0,19,0,0,0,0,0,0,0,0,0,0,0,0,0,0,0,0,0,0,0,0,0,0,0,0,0,0,0,0,0,667,8,675,69,598,2,6,71,604,2,10,172,483,0,0,0,8,2,10,172,491,0,0,0,0,0,0,1046,15,1061,173,873,3,12,176,885,0,11,159,876,0,0,0,15,0,11,159,891,0,0,0,0,0,0,0,0,0,0,0,0,0,0,0,0,0,0,0,0,0,0,0,0,0,0,0,0,0,0,0,0,0,65,0,65,10,55,0,0,10,55,0,0,14,51,0,0,0,0,0,0,14,51,0,0,0,0,0,0,84,4,88,34,50,1,3,35,53,0,0,40,44,0,1,0,3,0,1,40,47,0,0,0,0,0,0,516,4,520,297,219,3,1,300,220,0,2,241,273,0,1,2,1,0,3,243,274,0,0,0,0,0,0,7,0,7,0,7,0,0,0,7,0,0,6,1,0,0,0,0,0,0,6,1,0,0,0,0,0,0,0,0,0,0,0,0,0,0,0,0,0,0,0,0,0,0,0,0,0,0,0,0,0,0,0,0,0,0,0,0,0,0,0,0,0,0,0,0,0,0,0,0,0,0,0,0,0,0,0,0,0,0,0,0,7,0,7,0,7,0,0,0,7,0,0,6,1,0,0,0,0,0,0,6,1,0,0,0,0,0,0,137,13,150,22,115,2,11,24,126,0,0,28,109,0,0,5,8,0,0,33,117,0,0,0,0,0,0,1,0,1,0,1,0,0,0,1,0,0,0,1,0,0,0,0,0,0,0,1,0,0,0,0,0,0,68,13,81,4,64,0,13,4,77,0,0,32,36,0,0,6,7,0,0,38,43,0,0,0,0,0,0,17,0,17,3,14,0,0,3,14,0,0,16,1,0,0,0,0,0,0,16,1,0,0,0,0,0,0,7,0,7,5,2,0,0,5,2,0,0,2,5,0,0,0,0,0,0,2,5,0,0,0,0,0,0,19,1,20,1,18,0,1,1,19,0,0,7,12,0,0,1,0,0,0,8,12,0,0,0,0,0,0,53,5,58,3,50,0,5,3,55,0,0,37,16,0,0,5,0,0,0,42,16,0,0,0,0,0,0,0,0,0,0,0,0,0,0,0,0,0,0,0,0,0,0,0,0,0,0,0,0,0,0,0,0,0,69,5,74,6,63,0,5,6,68,0,1,20,48,0,0,1,4,0,1,21,52,0,0,0,0,0,0,8,0,8,0,8,0,0,0,8,0,0,4,4,0,0,0,0,0,0,4,4,0,0,0,0,0,0,0,0,0,0,0,0,0,0,0,0,0,0,0,0,0,0,0,0,0,0,0,0,0,0,0,0,0,1211,35,1246,516,695,14,21,530,716,1,17,734,459,0,1,13,21,1,18,747,480,0,0,0,0,0,0,0,0,0,0,0,0,0,0,0,0,0,0,0,0,0,0,0,0,0,0,0,0,0,0,0,0,0,116,7,123,24,92,1,6,25,98,0,2,38,76,0,0,1,7,0,2,39,83,0,0,0,0,0,0,125,4,129,12,113,1,3,13,116,0,0,57,68,1,0,0,3,1,0,57,71,0,0,0,0,0,0,9031,267,9298,2491,6540,57,210,2548,6750,10,86,3391,5544,1,3,67,197,11,89,3458,5741
Henrico County Division of Police,VA04301,1986,Virginia,197515,100,3,103,12,88,0,3,12,91,0,1,40,59,0,0,2,1,0,1,42,60,1,99,0,3,1,102,3085,98,3183,952,2133,20,78,972,2211,2,11,1004,2068,0,0,22,77,2,11,1026,2145,6,3079,0,99,6,3178,867,15,882,145,722,3,12,148,734,1,8,342,516,0,0,5,10,1,8,347,526,2,865,0,15,2,880,3,0,3,0,3,0,0,0,3,0,0,1,2,0,0,0,0,0,0,1,2,0,3,0,0,0,3,133,31,164,11,122,3,28,14,150,0,1,48,84,0,0,9,22,0,1,57,106,0,133,0,31,0,164,0,9,9,0,0,2,7,2,7,0,0,0,0,0,0,0,9,0,0,0,9,0,0,0,9,0,9,70,0,70,26,44,0,0,26,44,0,0,21,49,0,0,0,0,0,0,21,49,0,70,0,0,0,70,287,6,293,62,225,0,6,62,231,0,1,95,191,0,0,1,5,0,1,96,196,3,284,0,6,3,290,51,0,51,38,0,0,13,38,0,0,15,36,0,0,0,0,0,0,15,36,0,51,0,0,13,0,51,0,0,0,0,0,0,0,0,0,0,0,0,0,0,0,0,0,0,0,0,0,0,0,0,0,0,0,3,0,3,0,3,0,0,0,3,0,0,0,3,0,0,0,0,0,0,0,3,0,3,0,0,0,3,11,0,11,11,0,0,0,11,0,0,2,9,0,0,0,0,0,0,2,9,0,11,0,0,0,0,11,37,0,37,24,0,0,13,24,0,0,13,24,0,0,0,0,0,0,13,24,0,37,0,0,13,0,37,236,6,242,187,0,6,49,193,0,1,80,155,0,0,1,5,0,1,81,160,3,233,0,6,49,3,239,0,0,0,0,0,0,0,0,0,0,0,0,0,0,0,0,0,0,0,0,0,0,0,0,0,0,0,168,5,173,30,138,0,5,30,143,0,1,48,119,0,0,1,4,0,1,49,123,1,167,0,5,1,172,68,1,69,49,0,1,19,50,0,0,32,36,0,0,0,1,0,0,32,37,2,66,0,1,19,2,67,0,0,0,0,0,0,0,0,0,0,0,0,0,0,0,0,0,0,0,0,0,0,0,0,0,0,0,634,14,648,62,572,5,9,67,581,0,2,129,503,0,0,0,14,0,2,129,517,4,630,0,14,4,644,1036,18,1054,177,859,5,13,182,872,3,7,169,857,0,0,0,18,3,7,169,875,2,1034,0,18,2,1052,2,0,2,0,2,0,0,0,2,0,0,1,1,0,0,0,0,0,0,1,1,0,2,0,0,0,2,47,2,49,7,40,0,2,7,42,0,0,8,39,0,0,0,2,0,0,8,41,0,47,0,2,0,49,127,2,129,53,74,1,1,54,75,0,1,82,44,0,0,0,2,0,1,82,46,0,127,0,2,0,129,377,2,379,179,198,2,0,181,198,7,2,150,218,0,0,0,2,7,2,150,220,0,377,0,2,0,379,3,0,3,1,2,0,0,1,2,0,0,2,1,0,0,0,0,0,0,2,1,0,3,0,0,0,3,0,0,0,0,0,0,0,0,0,0,0,0,0,0,0,0,0,0,0,0,0,0,0,0,0,0,0,1,0,1,1,0,0,0,1,0,0,0,1,0,0,0,0,0,0,0,1,0,0,1,0,0,0,1,2,0,2,0,2,0,0,0,2,0,0,1,1,0,0,0,0,0,0,1,1,0,2,0,0,0,2,53,5,58,4,49,1,4,5,53,0,0,8,45,0,0,0,6,0,0,8,51,0,53,0,6,0,59,1,0,1,0,1,0,0,0,1,0,0,0,1,0,0,0,0,0,0,0,1,0,1,0,0,0,1,57,16,73,5,52,3,13,8,65,1,0,23,33,0,1,2,13,1,1,25,46,0,57,0,16,0,73,2,0,2,0,2,0,0,0,2,0,0,0,2,0,0,0,0,0,0,0,2,0,2,0,0,0,2,1,0,1,0,1,0,0,0,1,0,0,0,1,0,0,0,0,0,0,0,1,0,1,0,0,0,1,24,1,25,0,24,0,1,0,25,0,0,8,16,0,0,1,0,0,0,9,16,0,24,0,1,0,25,59,7,66,3,56,0,7,3,63,0,0,41,18,0,0,5,2,0,0,46,20,0,59,0,7,0,66,0,0,0,0,0,0,0,0,0,0,0,0,0,0,0,0,0,0,0,0,0,0,0,0,0,0,0,72,1,73,4,68,1,0,5,68,0,1,10,61,0,0,0,1,0,1,10,62,0,72,0,1,0,73,7,0,7,1,6,0,0,1,6,0,0,5,2,0,0,0,0,0,0,5,2,0,7,0,0,0,7,0,0,0,0,0,0,0,0,0,0,0,0,0,0,0,0,0,0,0,0,0,0,0,0,0,0,0,1148,58,1206,425,723,12,46,437,769,0,9,693,446,0,0,18,40,0,9,711,486,2,1146,0,58,2,1204,0,0,0,0,0,0,0,0,0,0,0,0,0,0,0,0,0,0,0,0,0,0,0,0,0,0,0,128,15,143,19,109,0,15,19,124,0,0,43,85,0,0,0,15,0,0,43,100,0,128,0,15,0,143,126,2,128,8,118,0,2,8,120,0,0,61,65,0,0,0,2,0,0,61,67,0,126,0,2,0,128,8449,305,8754,2156,6293,58,247,2214,6540,14,44,2984,5407,0,1,65,241,14,45,3049,5648
Henrico County Division of Police,VA04301,1985,Virginia,194719,72,6,78,5,67,2,4,7,71,0,1,31,40,0,0,5,1,0,1,36,41,0,72,0,6,0,78,2602,81,2683,745,1857,16,65,761,1922,2,14,925,1661,0,1,12,68,2,15,937,1729,4,2598,0,81,4,2679,855,19,874,156,699,6,13,162,712,0,2,302,551,0,0,9,10,0,2,311,561,1,854,0,19,1,873,1,3,4,0,1,1,2,1,3,0,0,1,0,0,0,1,2,0,0,2,2,0,1,0,3,0,4,170,49,219,12,158,2,47,14,205,0,0,66,104,0,0,14,35,0,0,80,139,0,170,0,49,0,219,0,7,7,0,0,2,5,2,5,0,0,0,0,0,0,0,7,0,0,0,7,0,0,0,7,0,7,53,0,53,21,32,0,0,21,32,0,0,14,39,0,0,0,0,0,0,14,39,0,53,0,0,0,53,320,13,333,51,269,2,11,53,280,0,1,98,221,0,0,2,11,0,1,100,232,2,318,0,13,2,331,67,2,69,53,0,2,14,55,0,1,21,45,0,0,0,2,0,1,21,47,1,66,0,2,14,1,68,0,0,0,0,0,0,0,0,0,0,0,0,0,0,0,0,0,0,0,0,0,0,0,0,0,0,0,12,0,12,2,10,0,0,2,10,0,0,2,10,0,0,0,0,0,0,2,10,0,12,0,0,0,12,20,0,20,19,0,0,1,19,0,1,10,9,0,0,0,0,0,1,10,9,1,19,0,0,1,1,19,35,2,37,24,0,2,11,26,0,0,9,26,0,0,0,2,0,0,9,28,0,35,0,2,11,0,37,253,11,264,216,2,9,39,225,0,0,77,176,0,0,2,9,0,0,79,185,1,252,0,11,37,1,263,0,0,0,0,0,0,0,0,0,0,0,0,0,0,0,0,0,0,0,0,0,0,0,0,0,0,0,198,10,208,22,176,1,9,23,185,0,0,49,149,0,0,2,8,0,0,51,157,0,198,0,10,0,208,55,1,56,40,1,0,16,40,0,0,28,27,0,0,0,1,0,0,28,28,1,54,0,1,15,1,55,0,0,0,0,0,0,0,0,0,0,0,0,0,0,0,0,0,0,0,0,0,0,0,0,0,0,0,521,15,536,54,467,2,13,56,480,2,2,92,425,0,1,0,14,2,3,92,439,4,517,0,15,4,532,781,13,794,131,650,0,13,131,663,3,1,120,657,0,0,0,13,3,1,120,670,2,779,0,13,2,792,0,0,0,0,0,0,0,0,0,0,0,0,0,0,0,0,0,0,0,0,0,0,0,0,0,0,0,70,2,72,14,56,1,1,15,57,0,0,13,57,0,0,0,2,0,0,13,59,0,70,0,2,0,72,89,8,97,33,56,6,2,39,58,0,1,44,44,0,0,2,6,0,1,46,50,0,89,0,8,0,97,433,1,434,232,201,0,1,232,202,1,2,216,214,0,0,1,0,1,2,217,214,0,433,0,1,0,434,12,0,12,4,8,0,0,4,8,0,0,4,8,0,0,0,0,0,0,4,8,0,12,0,0,0,12,0,0,0,0,0,0,0,0,0,0,0,0,0,0,0,0,0,0,0,0,0,0,0,0,0,0,0,0,0,0,0,0,0,0,0,0,0,0,0,0,0,0,0,0,0,0,0,0,0,0,0,0,0,0,12,0,12,4,8,0,0,4,8,0,0,4,8,0,0,0,0,0,0,4,8,0,12,0,0,0,12,24,7,31,5,19,2,5,7,24,0,0,6,18,0,0,0,7,0,0,6,25,0,24,0,7,0,31,1,0,1,1,0,0,0,1,0,0,0,0,1,0,0,0,0,0,0,0,1,0,1,0,0,0,1,52,7,59,9,43,1,6,10,49,0,0,24,28,0,0,3,4,0,0,27,32,0,52,0,7,0,59,3,0,3,0,3,0,0,0,3,0,0,3,0,0,0,0,0,0,0,3,0,0,3,0,0,0,3,1,0,1,0,1,0,0,0,1,0,0,0,1,0,0,0,0,0,0,0,1,0,1,0,0,0,1,20,0,20,0,20,0,0,0,20,1,1,9,9,0,0,0,0,1,1,9,9,0,20,0,0,0,20,62,8,70,4,58,1,7,5,65,0,0,51,11,0,0,6,2,0,0,57,13,0,62,0,8,0,70,0,13,13,0,0,7,6,7,6,0,0,0,0,0,0,2,11,0,0,2,11,0,0,0,13,0,13,53,6,59,2,51,1,5,3,56,0,0,15,38,0,0,0,6,0,0,15,44,0,53,0,6,0,59,3,0,3,0,3,0,0,0,3,0,0,1,2,0,0,0,0,0,0,1,2,0,3,0,0,0,3,0,0,0,0,0,0,0,0,0,0,0,0,0,0,0,0,0,0,0,0,0,0,0,0,0,0,0,959,53,1012,366,593,11,42,377,635,2,6,550,401,0,0,17,36,2,6,567,437,7,952,0,53,7,1005,0,0,0,0,0,0,0,0,0,0,0,0,0,0,0,0,0,0,0,0,0,0,0,0,0,0,0,93,15,108,15,78,0,15,15,93,1,0,21,71,0,0,1,14,1,0,22,85,1,92,0,15,1,107,123,5,128,7,116,0,5,7,121,0,0,62,61,0,0,5,0,0,0,67,61,0,123,0,5,0,128,7373,331,7704,1867,5506,63,268,1930,5774,12,31,2668,4662,0,2,80,249,12,33,2748,4911
Henrico County Division of Police,VA04301,1984,Virginia,191132,65,7,72,4,61,1,6,5,67,0,1,21,43,0,0,3,4,0,1,24,47,0,65,0,7,0,72,2211,61,2272,633,1578,20,41,653,1619,6,11,699,1495,0,0,9,53,6,11,708,1548,1,2210,0,62,1,2272,806,16,822,148,658,2,14,150,672,2,3,255,546,0,0,6,10,2,3,261,556,1,805,0,16,1,821,3,2,5,0,3,0,2,0,5,0,0,1,2,0,0,0,2,0,0,1,4,0,3,0,2,0,5,137,56,193,7,130,5,51,12,181,0,0,59,78,0,0,18,39,0,0,77,117,0,137,0,57,0,194,0,12,12,0,0,9,3,9,3,0,0,0,0,0,0,0,12,0,0,0,12,0,0,0,12,0,12,60,0,60,24,36,0,0,24,36,0,0,12,48,0,0,0,0,0,0,12,48,0,60,0,0,0,60,290,7,297,45,245,1,6,46,251,1,2,83,204,0,0,2,5,1,2,85,209,0,290,0,7,0,297,40,0,40,31,0,0,9,31,0,0,5,35,0,0,0,0,0,0,5,35,0,40,0,0,9,0,40,0,0,0,0,0,0,0,0,0,0,0,0,0,0,0,0,0,0,0,0,0,0,0,0,0,0,0,8,0,8,3,5,0,0,3,5,0,0,1,7,0,0,0,0,0,0,1,7,0,8,0,0,0,8,10,0,10,7,0,0,3,7,0,0,1,9,0,0,0,0,0,0,1,9,0,10,0,0,3,0,10,22,0,22,19,0,0,3,19,0,0,3,19,0,0,0,0,0,0,3,19,0,22,0,0,3,0,22,250,7,257,214,1,6,37,220,1,2,78,169,0,0,2,5,1,2,80,174,0,250,0,7,36,0,257,0,0,0,0,0,0,0,0,0,0,0,0,0,0,0,0,0,0,0,0,0,0,0,0,0,0,0,204,7,211,28,176,1,6,29,182,1,1,57,145,0,0,2,5,1,1,59,150,0,204,0,7,0,211,46,0,46,38,0,0,8,38,0,1,21,24,0,0,0,0,0,1,21,24,0,46,0,0,8,0,46,0,0,0,0,0,0,0,0,0,0,0,0,0,0,0,0,0,0,0,0,0,0,0,0,0,0,0,616,13,629,63,553,7,6,70,559,3,2,99,512,0,0,0,13,3,2,99,525,2,614,0,13,2,627,1059,16,1075,159,900,3,13,162,913,5,4,145,905,1,0,0,15,6,4,145,920,2,1057,1,15,3,1072,1,0,1,1,0,0,0,1,0,0,0,0,1,0,0,0,0,0,0,0,1,0,1,0,0,0,1,60,1,61,6,54,0,1,6,55,0,0,11,49,0,0,0,1,0,0,11,50,0,60,0,1,0,61,99,7,106,41,58,2,5,43,63,0,0,47,52,0,0,0,7,0,0,47,59,0,99,0,7,0,106,214,1,215,107,107,0,1,107,108,0,1,76,137,0,0,0,1,0,1,76,138,0,214,0,1,0,215,48,0,48,11,37,0,0,11,37,0,0,48,0,0,0,0,0,0,0,48,0,0,48,0,0,0,48,0,0,0,0,0,0,0,0,0,0,0,0,0,0,0,0,0,0,0,0,0,0,0,0,0,0,0,0,0,0,0,0,0,0,0,0,0,0,0,0,0,0,0,0,0,0,0,0,0,0,0,0,0,0,48,0,48,11,37,0,0,11,37,0,0,48,0,0,0,0,0,0,0,48,0,0,48,0,0,0,48,40,16,56,4,36,3,13,7,49,1,0,3,36,0,0,1,15,1,0,4,51,0,40,0,16,0,56,1,0,1,0,1,0,0,0,1,0,0,0,1,0,0,0,0,0,0,0,1,0,1,0,0,0,1,46,6,52,4,42,1,5,5,47,0,0,17,29,0,0,1,5,0,0,18,34,0,46,0,6,0,52,4,0,4,0,4,0,0,0,4,0,0,1,3,0,0,0,0,0,0,1,3,0,4,0,0,0,4,8,0,8,5,3,0,0,5,3,0,0,2,6,0,0,0,0,0,0,2,6,0,8,0,0,0,8,31,8,39,3,28,0,8,3,36,0,1,16,14,0,0,6,2,0,1,22,16,0,31,0,8,0,39,43,7,50,5,38,1,6,6,44,0,0,31,12,0,0,7,0,0,0,38,12,0,43,0,7,0,50,0,10,10,0,0,8,2,8,2,0,0,0,0,0,0,0,10,0,0,0,10,0,0,0,10,0,10,59,5,64,2,57,0,5,2,62,0,1,17,41,0,0,1,4,0,1,18,45,0,59,0,5,0,64,3,1,4,0,3,0,1,0,4,0,0,1,2,0,0,0,1,0,0,1,3,0,3,0,1,0,4,0,0,0,0,0,0,0,0,0,0,0,0,0,0,0,0,0,0,0,0,0,0,0,0,0,0,0,857,85,942,325,532,18,67,343,599,1,5,488,363,1,0,17,67,2,5,505,430,0,857,0,85,0,942,0,0,0,0,0,0,0,0,0,0,0,0,0,0,0,0,0,0,0,0,0,0,0,0,0,0,0,115,9,124,13,102,1,8,14,110,0,0,30,85,0,0,2,7,0,0,32,92,1,114,0,9,1,123,116,3,119,10,106,0,3,10,109,0,2,72,42,0,0,2,1,0,2,74,43,0,116,0,3,0,119,6992,349,7341,1620,5372,82,267,1702,5639,19,33,2234,4706,2,0,75,274,21,33,2309,4980
Henrico County Division of Police,VA04301,1983,Virginia,187990,50,9,59,5,45,2,7,7,52,0,0,18,32,0,0,5,4,0,0,23,36,0,50,0,9,0,59,2386,40,2426,682,1704,8,32,690,1736,0,7,731,1648,0,0,3,38,0,7,734,1686,2,2384,0,41,2,2425,739,13,752,124,615,6,7,130,622,0,2,219,518,0,0,5,8,0,2,224,526,1,738,0,13,1,751,2,0,2,1,1,0,0,1,1,0,0,0,2,0,0,0,0,0,0,0,2,0,2,0,0,0,2,121,44,165,4,117,1,43,5,160,0,0,44,77,0,0,11,33,0,0,55,110,0,121,0,44,0,165,0,3,3,0,0,0,3,0,3,0,0,0,0,0,0,0,3,0,0,0,3,0,0,0,3,0,3,32,1,33,6,26,1,0,7,26,0,0,5,27,0,0,0,1,0,0,5,28,0,32,0,1,0,33,257,9,266,54,203,1,8,55,211,0,7,67,183,0,0,2,7,0,7,69,190,2,255,0,9,2,264,51,1,52,39,0,1,12,40,0,0,16,35,0,0,0,1,0,0,16,36,0,51,0,1,12,0,52,0,0,0,0,0,0,0,0,0,0,0,0,0,0,0,0,0,0,0,0,0,0,0,0,0,0,0,5,1,6,0,5,0,1,0,6,0,0,1,4,0,0,0,1,0,0,1,5,0,5,0,1,0,6,12,0,12,8,0,0,4,8,0,0,3,9,0,0,0,0,0,0,3,9,0,12,0,0,4,0,12,34,0,34,26,0,0,8,26,0,0,12,22,0,0,0,0,0,0,12,22,0,34,0,0,8,0,34,206,8,214,164,1,7,43,171,0,7,51,148,0,0,2,6,0,7,53,154,2,204,0,8,42,2,212,0,0,0,0,0,0,0,0,0,0,0,0,0,0,0,0,0,0,0,0,0,0,0,0,0,0,0,166,8,174,29,137,1,7,30,144,0,2,42,122,0,0,2,6,0,2,44,128,0,166,0,8,0,174,40,0,40,27,0,0,13,27,0,5,9,26,0,0,0,0,0,5,9,26,2,38,0,0,13,2,38,0,0,0,0,0,0,0,0,0,0,0,0,0,0,0,0,0,0,0,0,0,0,0,0,0,0,0,704,6,710,76,628,1,5,77,633,1,1,100,602,0,0,0,6,1,1,100,608,1,703,0,6,1,709,1490,25,1515,230,1260,1,24,231,1284,3,8,204,1275,0,0,0,25,3,8,204,1300,2,1488,0,25,2,1513,1,0,1,0,1,0,0,0,1,0,0,1,0,0,0,0,0,0,0,1,0,0,1,0,0,0,1,92,1,93,10,82,0,1,10,83,1,0,10,81,0,0,0,1,1,0,10,82,0,92,0,1,0,93,100,5,105,38,62,2,3,40,65,0,0,63,37,0,0,1,4,0,0,64,41,0,100,0,5,0,105,252,2,254,135,117,0,2,135,119,0,0,80,172,0,0,0,2,0,0,80,174,0,252,0,2,0,254,12,0,12,1,11,0,0,1,11,0,0,10,2,0,0,0,0,0,0,10,2,0,12,0,0,0,12,0,0,0,0,0,0,0,0,0,0,0,0,0,0,0,0,0,0,0,0,0,0,0,0,0,0,0,0,0,0,0,0,0,0,0,0,0,0,0,0,0,0,0,0,0,0,0,0,0,0,0,0,0,0,12,0,12,1,11,0,0,1,11,0,0,10,2,0,0,0,0,0,0,10,2,0,12,0,0,0,12,34,15,49,4,30,4,11,8,41,0,0,2,32,0,0,0,15,0,0,2,47,0,34,0,15,0,49,0,0,0,0,0,0,0,0,0,0,0,0,0,0,0,0,0,0,0,0,0,0,0,0,0,0,0,41,6,47,4,37,0,6,4,43,0,0,17,24,0,0,2,4,0,0,19,28,0,41,0,6,0,47,5,1,6,1,4,0,1,1,5,0,0,1,4,0,0,0,1,0,0,1,5,0,5,0,1,0,6,23,0,23,9,14,0,0,9,14,0,0,1,22,0,0,0,0,0,0,1,22,0,23,0,0,0,23,22,3,25,0,22,0,3,0,25,0,0,10,12,0,0,0,3,0,0,10,15,0,22,0,3,0,25,57,7,64,5,52,0,7,5,59,0,1,33,23,0,0,2,5,0,1,35,28,0,57,0,7,0,64,0,16,16,0,0,8,8,8,8,0,0,0,0,1,0,1,14,1,0,1,14,0,0,0,16,0,16,76,2,78,3,73,0,2,3,75,0,0,18,58,0,0,0,2,0,0,18,60,0,76,0,2,0,78,17,3,20,1,16,1,2,2,18,0,1,7,9,0,0,1,2,0,1,8,11,0,17,0,3,0,20,0,0,0,0,0,0,0,0,0,0,0,0,0,0,0,0,0,0,0,0,0,0,0,0,0,0,0,809,45,854,316,493,9,36,325,529,1,7,463,338,0,2,7,36,1,9,470,374,2,807,0,45,2,852,0,0,0,0,0,0,0,0,0,0,0,0,0,0,0,0,0,0,0,0,0,0,0,0,0,0,0,92,6,98,14,78,1,5,15,83,0,0,23,69,0,0,2,4,0,0,25,73,0,92,0,6,0,98,102,6,108,17,85,0,6,17,91,0,0,44,58,0,0,5,1,0,0,49,59,0,102,0,6,0,108,7516,268,7784,1740,5776,46,222,1786,5998,6,34,2171,5305,1,2,47,219,7,36,2218,5524
Henrico County Division of Police,VA04301,1982,Virginia,185992,69,3,72,7,62,2,1,9,63,0,2,19,48,0,0,1,2,0,2,20,50,0,69,0,3,0,72,2401,64,2465,654,1747,14,50,668,1797,2,14,690,1695,0,0,8,56,2,14,698,1751,4,2397,0,64,4,2461,714,19,733,119,595,2,17,121,612,1,1,233,479,0,0,3,16,1,1,236,495,3,711,0,19,3,730,1,0,1,0,1,0,0,0,1,0,0,0,1,0,0,0,0,0,0,0,1,0,1,0,0,0,1,165,81,246,5,160,4,77,9,237,0,1,78,86,0,0,36,45,0,1,114,131,0,165,0,81,0,246,0,3,3,0,0,1,2,1,2,0,0,0,0,0,0,0,3,0,0,0,3,0,0,0,3,0,3,63,7,70,19,44,1,6,20,50,0,0,17,46,0,0,0,7,0,0,17,53,0,63,0,7,0,70,248,15,263,38,210,2,13,40,223,0,0,50,198,0,0,0,15,0,0,50,213,0,248,0,15,0,263,40,1,41,31,0,1,9,32,0,0,5,35,0,0,0,1,0,0,5,36,0,40,0,1,9,0,41,0,0,0,0,0,0,0,0,0,0,0,0,0,0,0,0,0,0,0,0,0,0,0,0,0,0,0,6,1,7,1,5,0,1,1,6,0,0,0,6,0,0,0,1,0,0,0,7,0,6,0,1,0,7,15,0,15,9,0,0,6,9,0,0,0,15,0,0,0,0,0,0,0,15,0,15,0,0,6,0,15,19,0,19,17,0,0,2,17,0,0,5,14,0,0,0,0,0,0,5,14,0,19,0,0,2,0,19,208,14,222,179,2,12,31,191,0,0,45,163,0,0,0,14,0,0,45,177,0,208,0,14,29,0,222,2,0,2,2,0,0,0,2,0,0,1,1,0,0,0,0,0,0,1,1,0,2,0,0,0,0,2,159,12,171,18,141,1,11,19,152,0,0,35,124,0,0,0,12,0,0,35,136,0,159,0,12,0,171,47,2,49,36,1,1,12,37,0,0,9,38,0,0,0,2,0,0,9,40,0,47,0,2,11,0,49,0,0,0,0,0,0,0,0,0,0,0,0,0,0,0,0,0,0,0,0,0,0,0,0,0,0,0,804,11,815,81,723,0,11,81,734,1,1,123,679,0,0,2,9,1,1,125,688,2,802,0,11,2,813,1203,23,1226,155,1048,2,21,157,1069,1,3,166,1033,0,0,0,23,1,3,166,1056,2,1201,0,23,2,1224,0,0,0,0,0,0,0,0,0,0,0,0,0,0,0,0,0,0,0,0,0,0,0,0,0,0,0,79,0,79,8,71,0,0,8,71,0,0,9,70,0,0,0,0,0,0,9,70,0,79,0,0,0,79,100,2,102,40,60,0,2,40,62,0,0,44,56,0,0,0,2,0,0,44,58,0,100,0,2,0,102,242,2,244,135,107,1,1,136,108,0,0,86,156,0,0,0,2,0,0,86,158,0,242,0,2,0,244,1,0,1,0,1,0,0,0,1,0,0,0,1,0,0,0,0,0,0,0,1,0,1,0,0,0,1,0,0,0,0,0,0,0,0,0,0,0,0,0,0,0,0,0,0,0,0,0,0,0,0,0,0,0,0,0,0,0,0,0,0,0,0,0,0,0,0,0,0,0,0,0,0,0,0,0,0,0,0,0,0,1,0,1,0,1,0,0,0,1,0,0,0,1,0,0,0,0,0,0,0,1,0,1,0,0,0,1,28,29,57,1,27,8,21,9,48,0,0,7,21,0,0,1,28,0,0,8,49,0,28,0,29,0,57,2,0,2,0,2,0,0,0,2,0,0,0,2,0,0,0,0,0,0,0,2,0,2,0,0,0,2,31,11,42,0,31,1,10,1,41,0,0,7,24,0,0,2,9,0,0,9,33,0,31,0,11,0,42,9,0,9,1,8,0,0,1,8,0,0,8,1,0,0,0,0,0,0,8,1,0,9,0,0,0,9,3,0,3,2,1,0,0,2,1,0,1,0,2,0,0,0,0,0,1,0,2,0,3,0,0,0,3,35,2,37,0,35,0,2,0,37,0,0,12,23,0,0,0,2,0,0,12,25,0,35,0,2,0,37,49,11,60,5,44,0,11,5,55,0,0,25,24,0,0,6,5,0,0,31,29,0,49,0,11,0,60,0,12,12,0,0,10,2,10,2,0,0,0,0,0,0,1,11,0,0,1,11,0,0,0,12,0,12,79,2,81,2,77,0,2,2,79,0,0,7,72,0,0,2,0,0,0,9,72,0,79,0,2,0,81,18,1,19,1,17,0,1,1,18,0,0,13,5,0,0,0,1,0,0,13,6,0,18,0,1,0,19,0,0,0,0,0,0,0,0,0,0,0,0,0,0,0,0,0,0,0,0,0,0,0,0,0,0,0,850,62,912,314,536,18,44,332,580,0,3,507,340,0,0,23,39,0,3,530,379,1,849,0,62,1,911,0,0,0,0,0,0,0,0,0,0,0,0,0,0,0,0,0,0,0,0,0,0,0,0,0,0,0,115,11,126,18,97,1,10,19,107,0,0,22,93,0,0,0,11,0,0,22,104,0,115,0,11,0,126,102,2,104,11,91,0,2,11,93,0,0,46,56,0,0,1,1,0,0,47,57,0,102,0,2,0,104,7411,373,7784,1616,5795,67,306,1683,6101,5,26,2169,5211,0,0,86,287,5,26,2255,5498
Henrico County Division of Police,VA04301,1981,Virginia,183790,33,3,36,7,26,0,3,7,29,0,0,11,22,0,0,0,3,0,0,11,25,0,33,0,3,0,36,2101,112,2213,611,1490,38,74,649,1564,3,8,656,1434,1,0,17,94,4,8,673,1528,0,2101,0,112,0,2213,809,19,828,104,705,4,15,108,720,0,4,235,570,0,1,6,12,0,5,241,582,0,809,0,19,0,828,3,1,4,0,3,0,1,0,4,0,0,0,3,0,0,0,1,0,0,0,4,0,3,0,1,0,4,194,90,284,16,178,3,87,19,265,0,0,61,133,0,0,23,67,0,0,84,200,0,194,0,90,0,284,0,1,1,0,0,0,1,0,1,0,0,0,0,0,0,0,1,0,0,0,1,0,0,0,1,0,1,113,12,125,34,79,2,10,36,89,0,0,32,81,0,0,5,7,0,0,37,88,0,113,0,12,0,125,273,26,299,42,231,0,26,42,257,0,2,83,188,0,0,6,20,0,2,89,208,0,273,0,26,0,299,48,6,54,34,0,6,14,40,0,0,10,38,0,0,0,6,0,0,10,44,0,48,0,6,14,0,54,0,0,0,0,0,0,0,0,0,0,0,0,0,0,0,0,0,0,0,0,0,0,0,0,0,0,0,3,1,4,0,3,0,1,0,4,0,0,0,3,0,0,0,1,0,0,0,4,0,3,0,1,0,4,5,2,7,3,0,2,2,5,0,0,2,3,0,0,0,2,0,0,2,5,0,5,0,2,2,0,7,40,3,43,28,0,3,12,31,0,0,8,32,0,0,0,3,0,0,8,35,0,40,0,3,12,0,43,225,20,245,197,0,20,28,217,0,2,73,150,0,0,6,14,0,2,79,164,0,225,0,20,28,0,245,4,0,4,3,0,0,1,3,0,0,0,4,0,0,0,0,0,0,0,4,0,4,0,0,1,0,4,158,18,176,17,141,0,18,17,159,0,0,48,110,0,0,6,12,0,0,54,122,0,158,0,18,0,176,63,2,65,53,0,2,10,55,0,2,25,36,0,0,0,2,0,2,25,38,0,63,0,2,10,0,65,0,0,0,0,0,0,0,0,0,0,0,0,0,0,0,0,0,0,0,0,0,0,0,0,0,0,0,770,14,784,58,712,3,11,61,723,0,3,117,650,0,0,0,14,0,3,117,664,1,769,0,14,1,783,1429,30,1459,195,1234,7,23,202,1257,1,4,186,1246,0,0,1,29,1,4,187,1275,1,1428,0,30,1,1458,1,0,1,0,1,0,0,0,1,0,0,1,0,0,0,0,0,0,0,1,0,0,1,0,0,0,1,81,12,93,8,73,7,5,15,78,0,1,14,66,0,0,0,12,0,1,14,78,0,81,0,12,0,93,43,11,54,15,28,3,8,18,36,0,0,22,21,0,0,1,10,0,0,23,31,0,43,0,11,0,54,216,1,217,93,123,1,0,94,123,0,0,74,142,0,0,0,1,0,0,74,143,0,216,0,1,0,217,0,0,0,0,0,0,0,0,0,0,0,0,0,0,0,0,0,0,0,0,0,0,0,0,0,0,0,0,0,0,0,0,0,0,0,0,0,0,0,0,0,0,0,0,0,0,0,0,0,0,0,0,0,0,0,0,0,0,0,0,0,0,0,0,0,0,0,0,0,0,0,0,0,0,0,0,0,0,0,0,0,0,0,0,0,0,0,0,0,0,0,0,0,0,0,0,0,0,0,0,0,0,0,0,0,0,0,0,5,4,9,0,5,1,3,1,8,0,0,1,4,0,0,0,4,0,0,1,8,0,5,0,4,0,9,1,0,1,0,1,0,0,0,1,0,0,0,1,0,0,0,0,0,0,0,1,0,1,0,0,0,1,29,19,48,1,28,5,14,6,42,0,1,10,18,0,0,4,15,0,1,14,33,0,29,0,19,0,48,8,0,8,0,8,0,0,0,8,0,0,1,7,0,0,0,0,0,0,1,7,0,8,0,0,0,8,13,0,13,7,6,0,0,7,6,0,0,1,12,0,0,0,0,0,0,1,12,0,13,0,0,0,13,18,7,25,2,16,0,7,2,23,0,1,8,9,0,0,4,3,0,1,12,12,0,18,0,7,0,25,36,8,44,2,34,0,8,2,42,0,0,20,16,0,0,6,2,0,0,26,18,0,36,0,8,0,44,0,16,16,0,0,9,7,9,7,0,0,0,0,0,0,2,14,0,0,2,14,0,0,0,16,0,16,44,4,48,2,42,0,4,2,46,0,0,11,33,0,0,0,4,0,0,11,37,0,44,0,4,0,48,12,2,14,1,11,0,2,1,13,0,0,4,8,0,0,1,1,0,0,5,9,0,12,0,2,0,14,0,0,0,0,0,0,0,0,0,0,0,0,0,0,0,0,0,0,0,0,0,0,0,0,0,0,0,829,93,922,302,527,21,72,323,599,0,5,487,337,0,0,34,63,0,5,521,400,0,829,0,97,0,926,0,0,0,0,0,0,0,0,0,0,0,0,0,0,0,0,0,0,0,0,0,0,0,0,0,0,0,123,24,147,11,112,0,24,11,136,0,0,25,98,0,0,5,20,0,0,30,118,0,123,0,25,0,148,72,3,75,5,67,1,2,6,69,0,0,23,48,0,0,2,1,0,0,25,49,0,71,0,3,0,74,7256,512,7768,1516,5740,105,407,1621,6147,4,29,2083,5147,1,1,117,398,5,30,2200,5545
Henrico County Division of Police,VA04301,1980,Virginia,180315,11,2,13,2,9,0,2,2,11,0,0,4,7,0,0,1,1,0,0,5,8,0,11,0,2,0,13,2999,107,3106,856,2143,21,86,877,2229,1,15,1000,1983,0,0,23,84,1,15,1023,2067,2,2997,0,107,2,3104,666,41,707,100,566,7,34,107,600,1,4,231,430,0,0,9,32,1,4,240,462,0,666,0,41,0,707,51,2,53,10,41,0,2,10,43,0,0,16,35,0,0,1,1,0,0,17,36,0,51,0,2,0,53,135,105,240,7,128,6,99,13,227,0,0,43,92,1,0,34,72,1,0,77,164,0,135,0,107,0,242,0,4,4,0,0,1,3,1,3,0,0,0,0,0,0,0,4,0,0,0,4,0,0,0,4,0,4,130,11,141,23,107,1,10,24,117,1,1,31,97,0,0,1,10,1,1,32,107,0,130,0,11,0,141,233,61,294,29,204,16,45,45,249,0,0,45,188,0,0,10,51,0,0,55,239,0,233,0,61,0,294,35,7,42,29,2,5,8,34,0,0,4,31,0,0,1,6,0,0,5,37,0,35,0,7,6,0,42,8,0,8,7,0,0,1,7,0,0,0,8,0,0,0,0,0,0,0,8,0,8,0,0,1,0,8,19,2,21,0,19,0,2,0,21,0,0,1,6,0,0,1,1,0,0,2,7,0,7,0,2,0,9,7,4,11,6,2,2,3,8,0,0,1,6,0,0,0,4,0,0,1,10,0,7,0,4,1,0,11,13,1,14,9,0,1,4,10,0,0,2,11,0,0,0,1,0,0,2,12,0,13,0,1,4,0,14,198,54,252,175,14,40,37,215,0,0,41,157,0,0,9,45,0,0,50,202,0,198,0,54,23,0,252,6,1,7,6,1,0,1,6,0,0,2,4,0,0,0,1,0,0,2,5,0,6,0,1,0,0,7,143,47,190,13,130,9,38,22,168,0,0,27,116,0,0,6,41,0,0,33,157,0,143,0,47,0,190,48,6,54,38,4,2,14,40,0,0,12,36,0,0,3,3,0,0,15,39,0,48,0,6,10,0,54,1,0,1,1,0,0,0,1,0,0,0,1,0,0,0,0,0,0,0,1,0,1,0,0,0,0,1,909,24,933,82,827,3,21,85,848,0,4,144,761,0,0,0,24,0,4,144,785,1,908,0,24,1,932,1359,34,1393,149,1210,9,25,158,1235,2,8,176,1173,0,0,0,34,2,8,176,1207,2,1357,0,34,2,1391,5,0,5,2,3,0,0,2,3,0,0,0,5,0,0,0,0,0,0,0,5,0,5,0,0,0,5,81,9,90,4,77,4,5,8,82,0,0,19,62,0,0,1,8,0,0,20,70,0,81,0,9,0,90,41,0,41,12,29,0,0,12,29,0,0,22,19,0,0,0,0,0,0,22,19,0,41,0,0,0,41,272,3,275,141,131,1,2,142,133,0,0,102,170,0,0,0,3,0,0,102,173,0,272,0,3,0,275,1,0,1,0,1,0,0,0,1,0,0,1,0,0,0,0,0,0,0,1,0,0,1,0,0,0,1,0,0,0,0,0,0,0,0,0,0,0,0,0,0,0,0,0,0,0,0,0,0,0,0,0,0,0,0,0,0,0,0,0,0,0,0,0,0,0,0,0,0,0,0,0,0,0,0,0,0,0,0,0,0,1,0,1,0,1,0,0,0,1,0,0,1,0,0,0,0,0,0,0,1,0,0,1,0,0,0,1,4,6,10,0,4,0,6,0,10,0,0,1,3,0,0,2,4,0,0,3,7,0,4,0,6,0,10,0,0,0,0,0,0,0,0,0,0,0,0,0,0,0,0,0,0,0,0,0,0,0,0,0,0,0,56,18,74,3,53,0,18,3,71,0,0,25,31,0,0,2,16,0,0,27,47,0,56,0,18,0,74,15,0,15,4,11,0,0,4,11,0,0,14,1,0,0,0,0,0,0,14,1,0,15,0,0,0,15,9,0,9,5,4,0,0,5,4,0,0,0,9,0,0,0,0,0,0,0,9,0,9,0,0,0,9,20,2,22,0,20,0,2,0,22,0,0,7,13,0,0,1,1,0,0,8,14,0,20,0,2,0,22,41,4,45,3,38,1,3,4,41,0,0,34,7,0,0,2,2,0,0,36,9,0,41,0,4,0,45,0,7,7,0,0,6,1,6,1,0,0,0,0,0,0,0,7,0,0,0,7,0,0,0,7,0,7,76,5,81,11,65,0,5,11,70,0,0,16,60,0,0,1,4,0,0,17,64,0,76,0,5,0,81,5,3,8,0,5,0,3,0,8,0,0,2,3,0,0,0,3,0,0,2,6,0,5,0,3,0,8,0,0,0,0,0,0,0,0,0,0,0,0,0,0,0,0,0,0,0,0,0,0,0,0,0,0,0,715,115,830,259,456,19,96,278,552,0,3,336,376,0,1,34,82,0,4,370,458,1,714,0,117,1,831,0,0,0,0,0,0,0,0,0,0,0,0,0,0,0,0,0,0,0,0,0,0,0,0,0,0,0,96,23,119,15,81,3,20,18,101,0,0,20,76,0,0,4,19,0,0,24,95,0,96,0,23,0,119,66,5,71,9,57,1,4,10,61,0,0,25,41,0,0,1,4,0,0,26,45,0,66,0,5,0,71,7996,591,8587,1726,6270,99,492,1825,6762,5,35,2314,5642,1,1,127,466,6,36,2441,6108
Henrico County Division of Police,VA04301,1979,Virginia,175559,27,0,27,5,22,0,0,5,22,0,1,9,17,0,0,0,0,0,1,9,17,0,0,0,0,0,0,2705,113,2818,761,1944,34,79,795,2023,3,7,860,1832,0,0,21,91,3,7,881,1923,0,0,0,0,0,0,553,22,575,82,471,4,18,86,489,0,1,175,377,0,0,10,13,0,1,185,390,0,0,0,0,0,0,8,0,8,2,6,0,0,2,6,0,0,2,6,0,0,0,1,0,0,2,7,0,0,0,0,0,0,128,49,177,7,121,4,45,11,166,0,1,36,91,0,0,11,43,0,1,47,134,0,0,0,0,0,0,0,0,0,0,0,0,0,0,0,0,0,0,0,0,0,0,0,0,0,0,0,0,0,0,0,0,0,115,2,117,24,91,2,0,26,91,0,0,22,92,0,0,0,2,0,0,22,94,0,0,0,0,0,0,162,18,180,26,136,0,18,26,154,0,0,21,141,0,0,3,15,0,0,24,156,0,0,0,0,0,0,28,3,31,21,0,3,7,24,0,0,1,27,0,0,0,3,0,0,1,30,0,0,0,0,7,0,0,1,1,2,0,0,1,1,1,0,0,0,1,0,0,0,1,0,0,0,2,0,0,0,0,1,0,0,9,1,10,3,6,0,1,3,7,0,0,0,9,0,0,0,1,0,0,0,10,0,0,0,0,0,0,14,1,15,11,0,1,3,12,0,0,0,14,0,0,0,1,0,0,0,15,0,0,0,0,3,0,0,4,0,4,4,0,0,0,4,0,0,1,3,0,0,0,0,0,0,1,3,0,0,0,0,0,0,0,134,15,149,115,0,15,19,130,0,0,20,114,0,0,3,12,0,0,23,126,0,0,0,0,19,0,0,6,0,6,6,0,0,0,6,0,0,1,5,0,0,0,0,0,0,1,5,0,0,0,0,0,0,0,77,10,87,12,65,0,10,12,75,0,0,10,67,0,0,2,8,0,0,12,75,0,0,0,0,0,0,48,5,53,42,0,5,6,47,0,0,9,39,0,0,1,4,0,0,10,43,0,0,0,0,6,0,0,3,0,3,2,0,0,1,2,0,0,0,3,0,0,0,0,0,0,0,3,0,0,0,0,1,0,0,638,10,648,41,597,3,7,44,604,0,0,121,517,0,0,1,9,0,0,122,526,0,0,0,0,0,0,689,13,702,79,610,1,12,80,622,0,0,107,582,0,0,0,13,0,0,107,595,0,0,0,0,0,0,1,0,1,0,1,0,0,0,1,0,0,0,1,0,0,0,0,0,0,0,1,0,0,0,0,0,0,57,0,57,7,50,0,0,7,50,0,0,5,52,0,0,0,0,0,0,5,52,0,0,0,0,0,0,50,1,51,15,35,0,1,15,36,0,0,21,29,0,0,0,1,0,0,21,30,0,0,0,0,0,0,407,4,411,206,201,3,1,209,202,0,1,159,247,0,0,1,3,0,1,160,250,0,0,0,0,0,0,0,0,0,0,0,0,0,0,0,0,0,0,0,0,0,0,0,0,0,0,0,0,0,0,0,0,0,0,0,0,0,0,0,0,0,0,0,0,0,0,0,0,0,0,0,0,0,0,0,0,0,0,0,0,0,0,0,0,0,0,0,0,0,0,0,0,0,0,0,0,0,0,0,0,0,0,0,0,0,0,0,0,0,0,0,0,0,0,0,0,0,0,0,0,0,0,0,0,0,0,0,0,0,0,0,0,0,0,3,2,5,1,2,0,2,1,4,0,0,0,3,0,0,0,2,0,0,0,5,0,0,0,0,0,0,1,1,2,0,1,0,1,0,2,0,0,0,1,0,0,1,0,0,0,1,1,0,0,0,0,0,0,28,11,39,1,27,1,10,2,37,0,1,10,17,0,0,2,9,0,1,12,26,0,0,0,0,0,0,16,4,20,0,16,1,3,1,19,0,0,8,8,0,0,4,0,0,0,12,8,0,0,0,0,0,0,10,1,11,6,4,1,0,7,4,0,0,2,8,0,0,0,1,0,0,2,9,0,0,0,0,0,0,10,5,15,0,10,0,5,0,15,0,0,8,2,0,0,2,3,0,0,10,5,0,0,0,0,0,0,43,10,53,3,40,0,10,3,50,0,0,22,21,0,0,5,5,0,0,27,26,0,0,0,0,0,0,0,9,9,0,0,6,3,6,3,0,0,0,0,0,0,3,6,0,0,3,6,0,0,0,0,0,0,67,3,70,10,57,1,2,11,59,0,0,6,61,0,0,0,3,0,0,6,64,0,0,0,0,0,0,4,4,8,0,4,0,4,0,8,0,0,2,2,0,0,1,3,0,0,3,5,0,0,0,0,0,0,0,0,0,0,0,0,0,0,0,0,0,0,0,0,0,0,0,0,0,0,0,0,0,0,0,0,0,719,75,794,298,421,5,70,303,491,0,2,341,376,0,0,20,56,0,2,361,432,0,0,0,0,0,0,0,0,0,0,0,0,0,0,0,0,0,0,0,0,0,0,0,0,0,0,0,0,0,0,0,0,0,105,20,125,17,88,1,19,18,107,0,0,18,87,0,0,3,18,0,0,21,105,0,0,0,0,0,0,84,6,90,4,80,0,6,4,86,0,0,24,60,0,0,2,4,0,0,26,64,0,0,0,0,0,0,6630,383,7013,1595,5035,67,316,1662,5351,3,14,1979,4630,0,0,90,301,3,14,2069,4931
Henrico County Division of Police,VA04301,1978,Virginia,181157,73,8,81,5,68,0,8,5,76,0,0,29,44,0,0,1,7,0,0,30,51,0,0,0,0,0,0,2506,93,2599,685,1821,20,73,705,1894,3,1,619,1877,0,0,13,81,3,1,632,1958,0,0,0,0,0,0,528,14,542,64,464,3,11,67,475,1,0,134,393,0,0,3,11,1,0,137,404,0,0,0,0,0,0,2,2,4,1,1,0,2,1,3,0,0,1,1,0,0,0,2,0,0,1,3,0,0,0,0,0,0,128,81,209,3,125,4,77,7,202,0,0,33,95,0,0,21,60,0,0,54,155,0,0,0,0,0,0,0,0,0,0,0,0,0,0,0,0,0,0,0,0,0,0,0,0,0,0,0,0,0,0,0,0,0,49,3,52,10,39,0,3,10,42,0,0,13,35,0,0,0,3,0,0,13,38,0,0,0,0,0,0,115,29,144,26,89,3,26,29,115,0,0,25,89,0,0,3,26,0,0,28,115,0,0,0,0,0,0,69,23,92,53,2,21,18,74,0,0,16,53,0,0,1,22,0,0,17,75,0,0,0,0,16,0,0,0,0,0,0,0,0,0,0,0,0,0,0,0,0,0,0,0,0,0,0,0,0,0,0,0,0,0,44,22,66,7,37,2,20,9,57,0,0,8,36,0,0,1,21,0,0,9,57,0,0,0,0,0,0,8,1,9,7,0,1,1,8,0,0,0,8,0,0,0,1,0,0,0,9,0,0,0,0,1,0,0,17,0,17,9,0,0,8,9,0,0,8,9,0,0,0,0,0,0,8,9,0,0,0,0,8,0,0,46,6,52,36,1,5,11,41,0,0,9,36,0,0,2,4,0,0,11,40,0,0,0,0,10,0,0,1,0,1,0,0,0,1,0,0,0,0,1,0,0,0,0,0,0,0,1,0,0,0,0,1,0,0,38,6,44,6,32,1,5,7,37,0,0,7,30,0,0,2,4,0,0,9,34,0,0,0,0,0,0,5,0,5,3,0,0,2,3,0,0,1,4,0,0,0,0,0,0,1,4,0,0,0,0,2,0,0,2,0,2,1,0,0,1,1,0,0,1,1,0,0,0,0,0,0,1,1,0,0,0,0,1,0,0,466,10,476,45,421,0,10,45,431,0,0,95,371,0,0,1,9,0,0,96,380,0,0,0,0,0,0,695,10,705,74,621,1,9,75,630,0,0,124,571,0,0,0,10,0,0,124,581,0,0,0,0,0,0,3,0,3,1,2,0,0,1,2,0,0,1,2,0,0,0,0,0,0,1,2,0,0,0,0,0,0,39,1,40,2,37,0,1,2,38,0,0,4,35,0,0,0,1,0,0,4,36,0,0,0,0,0,0,35,5,40,10,25,0,5,10,30,0,0,20,15,0,0,1,4,0,0,21,19,0,0,0,0,0,0,564,3,567,314,250,1,2,315,252,1,0,245,316,0,0,1,2,1,0,246,318,0,0,0,0,0,0,15,3,18,0,15,1,2,1,17,0,0,0,15,0,0,1,2,0,0,1,17,0,0,0,0,0,0,0,0,0,0,0,0,0,0,0,0,0,0,0,0,0,0,0,0,0,0,0,0,0,0,0,0,0,0,0,0,0,0,0,0,0,0,0,0,0,0,0,0,0,0,0,0,0,0,0,0,0,0,0,0,15,3,18,0,15,1,2,1,17,0,0,0,15,0,0,1,2,0,0,1,17,0,0,0,0,0,0,6,0,6,1,5,0,0,1,5,0,0,2,4,0,0,0,0,0,0,2,4,0,0,0,0,0,0,1,0,1,0,1,0,0,0,1,0,0,1,0,0,0,0,0,0,0,1,0,0,0,0,0,0,0,25,20,45,3,22,3,17,6,39,0,0,10,15,0,0,2,18,0,0,12,33,0,0,0,0,0,0,10,0,10,0,10,0,0,0,10,0,0,8,2,0,0,0,0,0,0,8,2,0,0,0,0,0,0,14,0,14,12,2,0,0,12,2,0,0,1,13,0,0,0,0,0,0,1,13,0,0,0,0,0,0,14,0,14,0,14,0,0,0,14,0,0,5,9,0,0,0,0,0,0,5,9,0,0,0,0,0,0,36,9,45,2,34,0,9,2,43,0,0,15,21,0,0,9,0,0,0,24,21,0,0,0,0,0,0,0,8,8,0,0,6,2,6,2,0,0,0,0,0,0,4,4,0,0,4,4,0,0,0,0,0,0,48,3,51,11,37,1,2,12,39,0,0,6,41,0,0,0,3,0,0,6,44,0,0,0,0,0,0,3,1,4,1,2,0,1,1,3,0,0,2,1,0,0,0,1,0,0,2,2,0,0,0,0,0,0,0,0,0,0,0,0,0,0,0,0,0,0,0,0,0,0,0,0,0,0,0,0,0,0,0,0,0,597,80,677,241,356,13,67,254,423,0,0,298,298,0,0,29,53,0,0,327,351,0,0,0,0,0,0,0,0,0,0,0,0,0,0,0,0,0,0,0,0,0,0,0,0,0,0,0,0,0,0,0,0,0,50,37,87,3,47,1,36,4,83,0,0,12,38,0,0,7,34,0,0,19,72,0,0,0,0,0,0,68,9,77,5,63,0,9,5,72,0,0,24,43,0,0,3,6,0,0,27,49,0,0,0,0,0,0,6090,429,6519,1519,4571,57,372,1576,4943,5,1,1727,4344,0,0,99,337,5,1,1826,4681
Henrico County Division of Police,VA04301,1977,Virginia,179382,45,4,49,5,40,0,4,5,44,0,0,19,26,0,0,2,2,0,0,21,28,0,0,0,0,0,0,3755,114,3869,988,2767,32,82,1020,2849,2,3,892,2850,0,0,25,97,2,3,917,2947,0,0,0,0,0,0,460,25,485,49,411,4,21,53,432,1,1,131,324,0,0,13,13,1,1,144,337,0,0,0,0,0,0,4,9,13,0,4,0,9,0,13,0,0,1,3,0,0,1,10,0,0,2,13,0,0,0,0,0,0,126,119,245,11,115,7,112,18,227,0,0,47,79,0,0,47,79,0,0,94,158,0,0,0,0,0,0,0,4,4,0,0,0,4,0,4,0,0,0,0,0,0,0,4,0,0,0,4,0,0,0,0,0,0,17,2,19,1,16,0,2,1,18,0,1,7,9,0,0,0,2,0,1,7,11,0,0,0,0,0,0,154,64,218,25,129,11,53,36,182,0,1,37,116,1,0,9,54,1,1,46,170,0,0,0,0,0,0,127,59,186,103,10,49,34,152,0,0,27,100,1,0,9,49,1,0,36,149,0,0,0,0,24,0,0,14,2,16,13,0,2,1,15,0,0,5,9,0,0,0,2,0,0,5,11,0,0,0,0,1,0,0,95,55,150,14,81,10,45,24,126,0,0,18,77,1,0,9,45,1,0,27,122,0,0,0,0,0,0,5,1,6,4,0,1,1,5,0,0,1,4,0,0,0,1,0,0,1,5,0,0,0,0,1,0,0,13,1,14,5,0,1,8,6,0,0,3,10,0,0,0,1,0,0,3,11,0,0,0,0,8,0,0,27,5,32,26,1,4,2,30,0,1,10,16,0,0,0,5,0,1,10,21,0,0,0,0,1,0,0,0,0,0,0,0,0,0,0,0,0,0,0,0,0,0,0,0,0,0,0,0,0,0,0,0,0,0,22,5,27,0,22,1,4,1,26,0,1,9,12,0,0,0,5,0,1,9,17,0,0,0,0,0,0,5,0,5,4,0,0,1,4,0,0,1,4,0,0,0,0,0,0,1,4,0,0,0,0,1,0,0,0,0,0,0,0,0,0,0,0,0,0,0,0,0,0,0,0,0,0,0,0,0,0,0,0,0,0,524,15,539,47,477,3,12,50,489,1,0,81,440,0,0,0,15,1,0,81,455,0,0,0,0,0,0,746,27,773,65,681,4,23,69,704,2,0,117,626,0,0,1,26,2,0,118,652,0,0,0,0,0,0,4,0,4,1,3,0,0,1,3,0,0,0,4,0,0,0,0,0,0,0,4,0,0,0,0,0,0,50,1,51,6,44,0,1,6,45,0,0,6,44,0,0,0,1,0,0,6,45,0,0,0,0,0,0,37,6,43,15,22,1,5,16,27,0,0,16,21,0,0,3,3,0,0,19,24,0,0,0,0,0,0,742,9,751,404,338,5,4,409,342,0,0,305,437,0,0,1,8,0,0,306,445,0,0,0,0,0,0,1,0,1,1,0,0,0,1,0,0,0,0,1,0,0,0,0,0,0,0,1,0,0,0,0,0,0,0,0,0,0,0,0,0,0,0,0,0,0,0,0,0,0,0,0,0,0,0,0,0,0,0,0,0,0,0,0,0,0,0,0,0,0,0,0,0,0,0,0,0,0,0,0,0,0,0,0,0,0,0,0,1,0,1,1,0,0,0,1,0,0,0,0,1,0,0,0,0,0,0,0,1,0,0,0,0,0,0,5,2,7,1,4,0,2,1,6,0,0,1,4,0,0,0,2,0,0,1,6,0,0,0,0,0,0,5,0,5,0,5,0,0,0,5,0,0,2,3,0,0,0,0,0,0,2,3,0,0,0,0,0,0,41,32,73,2,39,1,31,3,70,0,0,17,24,0,0,3,29,0,0,20,53,0,0,0,0,0,0,9,0,9,1,8,0,0,1,8,0,0,5,4,0,0,0,0,0,0,5,4,0,0,0,0,0,0,0,0,0,0,0,0,0,0,0,0,0,0,0,0,0,0,0,0,0,0,0,0,0,0,0,0,0,6,1,7,0,6,0,1,0,7,0,0,1,5,0,0,1,0,0,0,2,5,0,0,0,0,0,0,43,22,65,1,42,0,22,1,64,0,0,30,13,0,0,12,10,0,0,42,23,0,0,0,0,0,0,0,46,46,0,0,33,13,33,13,0,0,0,0,0,0,3,43,0,0,3,43,0,0,0,0,0,0,28,2,30,2,26,1,1,3,27,0,0,7,21,0,0,0,2,0,0,7,23,0,0,0,0,0,0,3,2,5,0,3,0,2,0,5,0,0,0,3,0,0,1,1,0,0,1,4,0,0,0,0,0,0,0,0,0,0,0,0,0,0,0,0,0,0,0,0,0,0,0,0,0,0,0,0,0,0,0,0,0,444,131,575,178,266,24,107,202,373,2,2,211,228,0,0,53,83,2,2,264,311,0,0,0,0,0,0,0,0,0,0,0,0,0,0,0,0,0,0,0,0,0,0,0,0,0,0,0,0,0,0,0,0,0,16,58,74,1,15,2,56,3,71,0,0,1,15,0,0,3,61,0,0,4,76,0,0,0,0,0,0,35,3,38,2,33,0,3,2,36,0,0,8,27,0,0,0,3,0,0,8,30,0,0,0,0,0,0,7300,698,7998,1806,5494,128,570,1934,6064,8,8,1942,5327,1,0,178,548,9,8,2120,5875
Henrico County Division of Police,VA04301,1976,Virginia,178276,35,1,36,7,28,0,1,7,29,0,0,10,25,0,0,0,1,0,0,10,26,0,0,0,0,0,0,3655,193,3848,992,2663,49,144,1041,2807,1,7,794,2848,0,0,34,194,1,7,828,3042,0,0,0,0,0,0,441,20,461,44,397,2,18,46,415,0,0,114,327,0,0,2,18,0,0,116,345,0,0,0,0,0,0,1,4,5,0,1,0,4,0,5,0,1,0,0,0,0,0,5,0,1,0,5,0,0,0,0,0,0,125,141,266,6,119,2,139,8,258,0,0,39,86,0,0,31,117,0,0,70,203,0,0,0,0,0,0,0,9,9,0,0,3,6,3,6,0,0,0,0,0,0,2,7,0,0,2,7,0,0,0,0,0,0,24,4,28,3,21,1,3,4,24,0,0,4,20,0,0,0,4,0,0,4,24,0,0,0,0,0,0,233,68,301,29,204,12,56,41,260,0,0,33,200,0,0,8,60,0,0,41,260,0,0,0,0,0,0,157,52,209,138,11,41,30,179,0,0,25,132,0,0,8,44,0,0,33,176,0,0,0,0,19,0,0,3,1,4,2,0,1,1,3,0,0,0,3,0,0,0,1,0,0,0,4,0,0,0,0,1,0,0,143,50,193,16,127,11,39,27,166,0,0,20,123,0,0,8,42,0,0,28,165,0,0,0,0,0,0,9,0,9,7,0,0,2,7,0,0,4,5,0,0,0,0,0,0,4,5,0,0,0,0,2,0,0,2,1,3,2,0,1,0,3,0,0,1,1,0,0,0,1,0,0,1,2,0,0,0,0,0,0,0,76,16,92,66,1,15,11,81,0,0,8,68,0,0,0,16,0,0,8,84,0,0,0,0,10,0,0,4,0,4,4,0,0,0,4,0,0,0,4,0,0,0,0,0,0,0,4,0,0,0,0,0,0,0,59,14,73,7,52,1,13,8,65,0,0,6,53,0,0,0,14,0,0,6,67,0,0,0,0,0,0,9,1,10,7,0,1,2,8,0,0,1,8,0,0,0,1,0,0,1,9,0,0,0,0,2,0,0,4,1,5,3,0,1,1,4,0,0,1,3,0,0,0,1,0,0,1,4,0,0,0,0,1,0,0,454,6,460,38,416,0,6,38,422,1,0,73,380,0,0,0,6,1,0,73,386,0,0,0,0,0,0,526,12,538,54,472,3,9,57,481,1,0,89,434,0,0,0,12,1,0,89,446,0,0,0,0,0,0,6,0,6,0,6,0,0,0,6,0,0,1,5,0,0,0,0,0,0,1,5,0,0,0,0,0,0,64,1,65,11,53,0,1,11,54,0,0,16,48,0,0,0,1,0,0,16,49,0,0,0,0,0,0,11,4,15,6,5,3,1,9,6,0,0,5,6,0,0,1,3,0,0,6,9,0,0,0,0,0,0,580,6,586,304,276,2,4,306,280,1,0,255,323,0,0,3,3,1,0,258,326,0,0,0,0,0,0,3,0,3,0,3,0,0,0,3,0,0,0,3,0,0,0,0,0,0,0,3,0,0,0,0,0,0,0,0,0,0,0,0,0,0,0,0,0,0,0,0,0,0,0,0,0,0,0,0,0,0,0,0,0,0,0,0,0,0,0,0,0,0,0,0,0,0,0,0,0,0,0,0,0,0,0,0,0,0,0,0,3,0,3,0,3,0,0,0,3,0,0,0,3,0,0,0,0,0,0,0,3,0,0,0,0,0,0,11,7,18,5,6,0,7,5,13,0,0,0,11,0,0,0,7,0,0,0,18,0,0,0,0,0,0,5,0,5,0,5,0,0,0,5,0,0,1,4,0,0,0,0,0,0,1,4,0,0,0,0,0,0,28,18,46,0,28,2,16,2,44,0,0,11,17,0,0,2,16,0,0,13,33,0,0,0,0,0,0,6,1,7,1,5,0,1,1,6,0,0,4,2,0,0,1,0,0,0,5,2,0,0,0,0,0,0,1,0,1,1,0,0,0,1,0,0,0,0,1,0,0,0,0,0,0,0,1,0,0,0,0,0,0,8,4,12,0,8,0,4,0,12,0,0,3,5,0,0,0,4,0,0,3,9,0,0,0,0,0,0,49,12,61,4,45,3,9,7,54,0,0,34,15,0,0,3,9,0,0,37,24,0,0,0,0,0,0,0,34,34,0,0,17,17,17,17,0,0,0,0,0,0,5,29,0,0,5,29,0,0,0,0,0,0,38,3,41,11,27,0,3,11,30,0,0,3,35,0,0,0,3,0,0,3,38,0,0,0,0,0,0,7,12,19,1,6,4,8,5,14,0,0,6,1,1,0,2,9,1,0,8,10,0,0,0,0,0,0,0,0,0,0,0,0,0,0,0,0,0,0,0,0,0,0,0,0,0,0,0,0,0,0,0,0,0,410,119,529,119,291,12,107,131,398,1,0,182,227,0,0,44,80,1,0,226,307,0,0,0,0,0,0,0,0,0,0,0,0,0,0,0,0,0,0,0,0,0,0,0,0,0,0,0,0,0,0,0,0,0,13,31,44,4,9,3,28,7,37,0,0,4,9,0,0,1,31,0,0,5,40,0,0,0,0,0,0,19,1,20,0,19,0,1,0,20,0,0,3,16,0,0,1,0,0,0,4,16,0,0,0,0,0,0,6753,711,7464,1640,5113,118,593,1758,5706,5,8,1684,5048,1,0,140,619,6,8,1824,5667
Henrico County Division of Police,VA04301,1975,Virginia,164156,41,7,48,8,33,2,5,10,38,0,0,12,29,0,0,3,4,0,0,15,33,0,0,0,0,0,0,3282,214,3496,854,2428,43,171,897,2599,2,1,582,2696,2,0,27,238,4,1,609,2934,0,0,0,0,0,0,462,29,491,55,407,8,21,63,428,3,2,95,361,0,0,8,23,3,2,103,384,0,0,0,0,0,0,1,3,4,0,1,0,3,0,4,0,0,0,1,0,0,1,3,0,0,1,4,0,0,0,0,0,0,90,153,243,8,82,7,146,15,228,0,0,24,66,0,0,34,126,0,0,58,192,0,0,0,0,0,0,0,15,15,0,0,9,6,9,6,0,0,0,0,0,0,0,15,0,0,0,15,0,0,0,0,0,0,59,12,71,4,55,1,11,5,66,0,0,9,50,0,0,2,10,0,0,11,60,0,0,0,0,0,0,172,58,230,27,145,6,52,33,197,0,0,29,143,0,0,6,52,0,0,35,195,0,0,0,0,0,0,0,0,0,0,0,0,0,0,0,0,0,0,0,0,0,0,0,0,0,0,0,0,0,0,0,0,0,0,0,0,0,0,0,0,0,0,0,0,0,0,0,0,0,0,0,0,0,0,0,0,0,0,0,0,0,0,0,0,0,0,0,0,0,0,0,0,0,0,0,0,0,0,0,0,0,0,0,0,0,0,0,0,0,0,0,0,0,0,0,0,0,0,0,0,0,0,0,0,0,0,0,0,0,0,0,0,0,0,0,0,0,0,0,0,0,0,0,0,0,0,0,0,0,0,0,0,0,0,0,0,0,0,0,0,0,0,0,0,0,0,0,0,0,0,0,0,0,0,0,0,0,0,0,0,0,0,0,0,0,0,0,0,7,2,9,5,0,2,2,7,0,0,1,6,0,0,0,2,0,0,1,8,0,0,0,0,2,0,0,146,45,191,25,121,6,39,31,160,0,0,23,123,0,0,6,39,0,0,29,162,0,0,0,0,0,0,17,0,17,17,0,0,0,17,0,0,4,13,0,0,0,0,0,0,4,13,0,0,0,0,0,0,0,2,11,13,2,0,11,0,13,0,0,1,1,0,0,0,11,0,0,1,12,0,0,0,0,0,0,0,416,6,422,40,376,1,5,41,381,2,0,74,340,0,0,0,6,2,0,74,346,0,0,0,0,0,0,485,12,497,38,447,1,11,39,458,0,0,63,422,0,0,0,12,0,0,63,434,0,0,0,0,0,0,4,0,4,0,4,0,0,0,4,0,0,0,4,0,0,0,0,0,0,0,4,0,0,0,0,0,0,59,1,60,8,51,0,1,8,52,0,0,15,44,0,0,0,1,0,0,15,45,0,0,0,0,0,0,16,5,21,9,7,0,5,9,12,0,0,8,8,0,0,0,5,0,0,8,13,0,0,0,0,0,0,563,3,566,256,307,0,3,256,310,0,0,204,359,0,0,0,3,0,0,204,362,0,0,0,0,0,0,9,0,9,0,9,0,0,0,9,0,0,0,9,0,0,0,0,0,0,0,9,0,0,0,0,0,0,0,0,0,0,0,0,0,0,0,0,0,0,0,0,0,0,0,0,0,0,0,0,0,0,0,0,0,0,0,0,0,0,0,0,0,0,0,0,0,0,0,0,0,0,0,0,0,0,0,0,0,0,0,0,9,0,9,0,9,0,0,0,9,0,0,0,9,0,0,0,0,0,0,0,9,0,0,0,0,0,0,3,6,9,0,3,1,5,1,8,0,0,0,3,0,0,0,6,0,0,0,9,0,0,0,0,0,0,2,0,2,0,2,0,0,0,2,0,0,1,1,0,0,0,0,0,0,1,1,0,0,0,0,0,0,23,23,46,1,22,3,20,4,42,0,0,6,17,0,0,2,21,0,0,8,38,0,0,0,0,0,0,13,0,13,0,13,0,0,0,13,0,0,7,6,0,0,0,0,0,0,7,6,0,0,0,0,0,0,1,0,1,0,1,0,0,0,1,0,0,1,0,0,0,0,0,0,0,1,0,0,0,0,0,0,0,12,1,13,0,12,0,1,0,13,0,0,3,9,0,0,1,0,0,0,4,9,0,0,0,0,0,0,50,12,62,3,47,2,10,5,57,0,0,37,13,0,0,6,6,0,0,43,19,0,0,0,0,0,0,0,29,29,0,0,18,11,18,11,0,0,0,0,0,0,3,26,0,0,3,26,0,0,0,0,0,0,4,0,4,0,4,0,0,0,4,0,0,2,2,0,0,0,0,0,0,2,2,0,0,0,0,0,0,11,9,20,1,10,0,9,1,19,0,0,1,10,0,0,2,7,0,0,3,17,0,0,0,0,0,0,0,0,0,0,0,0,0,0,0,0,0,0,0,0,0,0,0,0,0,0,0,0,0,0,0,0,0,522,119,641,219,303,18,101,237,404,0,1,261,260,0,0,32,89,0,1,293,349,0,0,0,0,0,0,0,0,0,0,0,0,0,0,0,0,0,0,0,0,0,0,0,0,0,0,0,0,0,0,0,0,0,16,41,57,3,13,1,40,4,53,0,0,1,15,0,0,7,34,0,0,8,49,0,0,0,0,0,0,24,8,32,5,19,0,8,5,27,0,0,16,8,0,0,2,6,0,0,18,14,0,0,0,0,0,0,6340,766,7106,1539,4801,121,645,1660,5446,7,4,1451,4876,2,0,136,693,9,4,1587,5569
