agency,year,state,population,ORI,offenses_burg_resident_day,offenses_burg_resident_night,offenses_burg_resident_unk,offenses_burg_nonresident_day,offenses_burg_nonresident_night,offenses_burg_nonresident_unk,offenses_burg_total,offenses_motor_vehicle_theft,offenses_murder,offenses_rape,offenses_robbery_bank,offenses_robbery_chain_store,offenses_robbery_gas_station,offenses_robbery_highway,offenses_robbery_house,offenses_robbery_misc,offenses_robbery_residence,offenses_robbery_total,offenses_theft_under_50,offenses_theft_50_to_200,offenses_theft_over_200,offenses_theft_total,offenses_theft_auto_part,offenses_theft_bicycle,offenses_theft_coin_machine,offenses_theft_from_auto,offenses_theft_from_building,offenses_theft_pick_pocket,offenses_theft_purse_snatch,offenses_theft_shoplift,offenses_theft_all_other,auto_stolen_recover_local,auto_stolen_recovered_other,auto_theft_total,auto_stole_oth_recover_local,value_burg_resident_night,value_burg_resident_day,value_burg_resident_unk,value_burg_nonresident_night,value_burg_nonresident_day,value_burg_nonresident_unk,value_burg_total,value_motor_vehicle_theft,value_murder,value_rape,value_robbery_bank,value_robbery_chain_store,value_robbery_gas_station,value_robbery_highway,value_robbery_house,value_robbery_misc,value_robbery_residence,value_robbery_total,value_theft_under_50,value_theft_50_to_200,value_theft_over_200,value_theft_total,value_total_all_values,value_theft_auto_part,value_theft_bicycle,value_theft_coin_machine,value_theft_from_auto,value_theft_from_building,value_theft_pick_pocket,value_theft_purse_snatch,value_theft_shoplift,value_theft_all_other,value_stolen_clothing_or_fur,value_stolen_consumable_good,value_stolen_currency,value_stolen_guns,value_stolen_household_good,value_stolen_jewel_metal,value_stolen_livestock,value_stolen_local_mtr_veh,value_stolen_misc,value_stolen_office_equip,value_stolen_tv_and_radio,value_stolen_total,value_recovered_clothing_or_fur,value_recovered_consumable_good,value_recovered_currency,value_recovered_guns,value_recovered_house_good,value_recovered_jewel_metal,value_recovered_livestock,value_recovered_local_mtv_veh,value_recovered_misc,value_recovered_office_equip,value_recovered_tv_and_radio,value_recovered_total,price,in_2023_dollars
Ocilla Police Department,2023-12-01,Georgia,2776,GA07701,1000000,0,0,0,0,16200,1016200,85,951,0,0,9500000,8,0,0,0,0,9500008,0,0,0,0,0,0,0,0,82000,0,0,0,0,0,0,0,0,0,0,0,0,0,0,0,0,0,176200000,0,0,0,295,600000000,0,0,0,0,0,0,0,0,0,0,0,0,0,10000,0,0,0,200000,1000,100000000,0,10,1000,100000,30000005,10000001,1000,0,0,0,0,50000,0,0,0,0,0,0,0,0,0,1,1
Ocilla Police Department,2023-11-01,Georgia,2776,GA07701,0,0,5000000,100000,100000,0,5200000,0,0,0,0,0,0,0,0,0,0,0,0,0,0,0,0,200000,0,0,0,0,0,0,200000,0,53,2000000,0,3000000,0,0,0,0,0,0,0,40000003,300,0,4000,0,100000,0,300,0,0,0,0,0,0,0,0,0,0,0,0,0,0,0,0,0,530000,0,3120,0,0,24,5320000,240000000,20,590000000,0,0,0,0,5780000,0,29560000,0,0,0,0,0,0,1,1
Ocilla Police Department,2023-10-01,Georgia,2776,GA07701,0,0,0,0,0,0,0,0,0,0,0,0,0,0,0,0,0,0,0,0,0,0,0,0,0,0,0,0,0,0,0,0,0,0,0,6,844000000,0,0,0,0,93000000,0,0,0,1544,0,303000,1216,0,0,25000000,2650000,0,0,150,0,1216,0,0,51,85000000,0,0,0,0,500000000,0,0,2650,0,0,0,113000000,0,0,0,150,0,194000000,50000,766000,0,0,4,0,0,0,0,0,0,1,1
Ocilla Police Department,2023-09-01,Georgia,2776,GA07701,0,0,2705000,0,0,0,2705000,0,0,0,0,300,0,0,6,0,0,306,0,0,0,0,0,0,0,0,70,0,0,0,0,100,0,0,0,570500000,7591,100000000,0,0,0,0,0,0,20,600000000,0,0,0,0,0,0,0,0,0,0,0,0,0,0,0,0,0,0,0,0,0,0,0,0,0,0,0,0,0,0,0,0,300000,10000,0,30000002,0,3,800,20000,0,0,20,1000,0,1,1
Ocilla Police Department,2023-08-01,Georgia,2776,GA07701,0,0,0,0,0,0,0,0,0,0,0,0,0,0,0,0,0,0,0,0,0,0,0,0,0,10,0,0,0,10,0,0,0,0,0,200,70000,2000000,0,2000,100000,0,0,0,0,0,0,10000,0,0,100000,0,50000000,1000000,0,300,0,0,0,0,0,0,0,0,0,0,0,0,0,0,0,0,0,0,0,0,0,0,0,50000000,700000,0,59,110000000,59,1,0,459110000,0,60000,0,1,1
Ocilla Police Department,2023-07-01,Georgia,2776,GA07701,0,0,0,0,0,0,0,0,0,20,10,0,0,30,10,0,0,50,0,0,0,0,0,0,0,0,0,0,0,0,0,0,0,0,0,0,1360,0,0,0,52000000,1412,0,0,0,0,0,0,0,0,0,0,0,1,0,0,412000000,0,0,20000,0,1020,0,0,0,365000000,0,0,0,70000000,0,0,0,0,0,0,7,0,0,1000,0,0,365000000,0,0,40000,0,1,0,0,412000000,1,1
Ocilla Police Department,2023-06-01,Georgia,2776,GA07701,0,0,0,0,0,26000,26000,0,0,0,0,0,43520,2800,0,435,0,46755,0,0,362200,362200,0,0,0,0,7040000,0,0,0,0,0,0,0,0,0,0,212000,0,0,2,600000000,200000000,0,0,0,190,0,0,0,0,500000000,0,30100000,0,0,435,0,0,0,0,0,0,0,0,0,0,0,0,0,100000,2,0,0,0,0,0,0,0,0,300000,0,0,0,0,4,0,700,0,0,0,1,1
Ocilla Police Department,2023-05-01,Georgia,2776,GA07701,0,4000000,0,0,0,0,4000000,0,0,0,500,0,0,0,0,0,0,500,0,0,0,0,0,0,0,0,0,0,0,0,0,0,0,0,0,0,0,0,0,0,0,0,0,0,0,0,0,10000000,0,0,0,0,0,300,30000000,0,60000,0,0,2000000,0,0,0,2000,200000,0,0,0,0,0,0,0,0,0,0,0,0,0,0,0,0,0,0,0,0,0,0,43,0,0,240000000,1,1
Ocilla Police Department,2023-04-01,Georgia,2776,GA07701,0,10000,0,10000,0,0,20000,0,10000,0,0,10000,0,0,0,0,10000,20000,0,0,0,0,0,0,13,0,0,0,0,0,0,0,0,0,0,584,0,0,0,0,0,0,0,0,0,130000,0,0,0,0,0,0,0,584000000,0,0,500,0,14000000,29,0,0,214000000,0,0,500,0,0,0,5000,0,0,0,0,0,0,0,0,0,0,0,0,14000,0,130,0,0,0,0,0,584,1,1
Ocilla Police Department,2023-03-01,Georgia,2776,GA07701,10,0,0,8800000,0,2,8800012,0,0,0,1000,0,0,0,100000,0,0,101000,0,0,0,0,0,1000000,0,0,0,0,0,0,0,0,0,0,0,0,4000,0,100000000,10,0,0,0,0,0,0,0,0,0,1540000,0,1447,0,120,0,0,0,0,0,74800000,800000000,0,308,0,0,0,0,0,0,0,0,0,0,0,0,0,0,0,0,0,0,0,0,1000000,0,0,100000,0,0,0,10000000,1,1
Ocilla Police Department,2023-02-01,Georgia,2776,GA07701,0,0,0,0,0,1800000,1800000,164900,0,0,0,0,0,0,0,1500,0,1500,0,0,0,0,0,0,0,0,0,0,0,0,0,10,0,0,0,0,0,0,10000000,0,0,0,0,0,0,0,0,0,0,0,0,0,0,0,0,0,0,0,30000001,300,0,100000,70000,0,10,0,0,30000000,0,3000,0,0,0,0,0,0,0,0,0,0,0,0,0,0,0,0,0,0,0,0,0,1,1
Ocilla Police Department,2023-01-01,Georgia,2776,GA07701,0,0,0,0,0,0,0,0,0,0,0,0,0,0,0,0,0,0,2,1,2,5,0,0,0,0,2,0,0,1,2,0,1800,0,16490,0,0,0,0,0,0,0,0,0,0,0,0,0,0,0,0,0,0,0,0,0,0,0,0,0,0,0,1481,0,0,0,150000,16,80000000,0,0,0,0,0,490000000,0,0,0,0,10100,0,0,310000000,0,0,0,0,1481,0,6,0,1,1
Ocilla Police Department,2022-12-01,Georgia,3714,GA07701,0,0,0,0,0,0,0,35,0,0,0,0,0,0,0,0,0,0,0,0,0,0,0,0,0,0,25000,0,5,5000000,0,2000000,0,0,0,0,0,0,0,0,0,0,0,0,72881437,0,0,0,169,520581692,0,0,0,0,0,0,0,0,0,0,0,0,0,10412,0,0,0,312349,1041,0,0,10,2082,0,20823268,0,521,0,0,0,0,31235,0,0,0,0,0,0,0,0,0,1,1.04116338383745
Ocilla Police Department,2022-11-01,Georgia,3714,GA07701,0,0,0,0,100000,0,100000,0,0,0,0,0,0,0,0,0,0,0,0,0,0,0,0,0,0,0,100000,0,0,0,100000,0,0,0,10,0,0,0,0,0,0,0,0,10411634,104,0,1041,0,20823,0,0,104116,0,0,0,0,0,0,0,0,0,0,0,0,0,0,0,0,260291,520581692,0,0,0,5,10932216,780872538,5,520581692,0,0,520581692,0,260291,5,16918905,0,0,0,0,0,0,1,1.04116338383745
Ocilla Police Department,2022-10-01,Georgia,3714,GA07701,0,0,0,0,0,0,0,0,0,0,0,0,0,0,0,0,0,0,0,0,0,0,0,0,0,0,0,0,0,0,0,0,0,0,0,0,384189289,0,0,0,0,6246980,0,0,0,384,0,104116,261,0,0,18740941,0,0,0,263,0,115,0,0,0,0,0,0,0,0,0,0,0,0,0,0,0,4164654,0,0,0,261,0,384189289,0,118693,0,0,0,0,0,0,0,0,0,1,1.04116338383745
Ocilla Police Department,2022-09-01,Georgia,3714,GA07701,0,0,0,0,0,0,0,0,0,0,0,20,0,0,72,0,0,92,0,0,0,0,4,4100000,0,0,30,0,0,0,0,100,0,0,0,7496376,3197,312349015,0,0,0,0,0,0,0,0,0,0,0,20823,0,0,0,0,3123490,0,0,0,0,0,0,0,0,0,0,0,3123,0,0,0,0,0,0,0,0,0,0,0,104116,0,0,10411638,0,2,625,0,0,0,10,3123,0,1,1.04116338383745
Ocilla Police Department,2022-08-01,Georgia,3714,GA07701,0,0,0,0,0,0,0,0,0,0,0,0,0,0,0,0,0,0,0,0,0,0,0,0,0,0,0,0,0,10,0,0,0,0,0,0,31235,1041163,0,1041,104116,0,0,0,0,0,0,0,0,0,0,0,20823269,1041163,0,0,0,0,0,0,0,0,0,0,0,0,0,0,0,0,0,0,0,0,0,0,0,0,0,426876987,312349,0,7,135351240,6,0,750,632121525,0,0,0,1,1.04116338383745
Ocilla Police Department,2022-07-01,Georgia,3714,GA07701,0,0,0,0,0,0,0,0,0,0,0,30,0,30,0,0,0,60,0,0,0,0,0,0,0,0,0,0,0,0,0,0,0,0,0,0,3540,0,0,0,1041163,3541,0,0,0,0,0,0,0,0,0,0,0,3,0,0,417506517,0,0,0,0,1615,0,0,0,0,1926,0,0,0,0,0,0,0,0,0,0,0,0,1614,0,0,0,0,0,1927193,0,3,0,0,417506517,1,1.04116338383745
Ocilla Police Department,2022-06-01,Georgia,3714,GA07701,0,0,0,0,0,29000,29000,0,190000,0,0,0,43240,3400,0,432,0,47072,0,0,0,0,0,4,0,0,2950000,0,0,0,0,0,0,0,0,0,0,0,0,0,2,937047045,416465354,0,0,0,0,0,446659,0,0,0,0,520582,0,0,450,0,0,0,0,0,0,0,0,0,0,0,0,0,104116,0,0,0,0,0,0,0,0,0,416465,0,0,0,0,2,0,625,0,0,0,1,1.04116338383745
Ocilla Police Department,2022-05-01,Georgia,3714,GA07701,0,0,0,0,0,0,0,0,0,0,0,0,0,0,78100,0,0,78100,0,0,0,0,0,0,0,0,0,0,0,0,0,0,0,0,0,0,1,0,0,0,0,0,0,0,0,0,0,10411634,0,0,10,0,0,521,10411635,0,72881,0,0,4164654,0,0,0,3123,0,0,0,0,0,0,0,0,0,0,0,0,0,0,0,0,0,0,0,0,0,0,0,43,0,0,0,1,1.04116338383745
Ocilla Police Department,2022-04-01,Georgia,3714,GA07701,0,0,0,0,10000,0,10000,0,0,0,10000,0,0,0,0,20000,20000,50000,20000,0,20000,40000,0,0,0,0,0,0,0,0,0,0,0,92,0,0,0,0,0,0,0,0,0,0,0,0,0,0,0,0,0,0,0,0,0,0,1212,95787,0,1,0,0,322760649,0,56222823,1364,0,0,7,0,0,0,0,395642086,0,0,0,4998,0,0,0,0,0,0,473,0,0,0,0,78087254,0,1,1.04116338383745
Ocilla Police Department,2022-03-01,Georgia,3714,GA07701,0,0,0,0,0,11,11,0,0,6130000,6130,0,0,0,0,0,0,6130,0,2000000,0,2000000,0,0,0,0,0,0,0,0,0,0,0,0,0,0,1199733,0,0,17,728814369,208233,0,0,0,0,0,0,0,465400,0,11453,0,0,10411634,0,0,0,0,28111411,0,0,1464,0,0,0,0,0,0,0,0,0,0,0,0,0,0,0,0,0,0,0,0,0,0,0,104116,0,0,0,0,1,1.04116338383745
Ocilla Police Department,2022-02-01,Georgia,3714,GA07701,0,0,0,1,0,8800000,8800001,172700,0,0,0,0,0,0,0,0,0,0,1389000,0,0,1389000,0,0,0,0,0,0,0,0,0,0,0,0,0,0,0,0,10411634,0,0,0,0,0,0,0,0,0,0,0,0,0,0,0,0,0,0,0,20823268,0,1041163,104116,20823,0,104116338,0,0,10411634,0,1041,0,0,0,0,0,0,0,0,0,0,0,0,0,0,0,0,0,0,0,0,0,1,1.04116338383745
Ocilla Police Department,2022-01-01,Georgia,3714,GA07701,0,0,0,0,0,0,0,0,0,0,0,0,1,0,0,0,0,1,0,2,1,3,0,0,0,1,2,0,0,0,0,0,0,0,16920,0,0,0,0,0,0,36441,0,0,0,0,0,0,0,0,36440718,0,0,0,0,0,0,0,0,0,0,0,1405,0,0,0,357119,18,0,0,0,0,0,1614,281114114,0,0,0,0,16003,0,0,0,0,0,0,0,156,0,0,0,1,1.04116338383745
Ocilla Police Department,2021-12-01,Georgia,3746,GA07701,0,0,0,0,0,0,0,80,2500,0,0,0,0,0,0,0,0,0,0,0,0,0,0,0,0,0,673000,0,0,0,0,1000000,0,0,0,0,0,0,0,0,0,0,0,0,191162553,0,0,0,356,337345682,0,0,0,0,0,0,0,0,0,0,0,0,0,11245,0,112448561,0,562243,6747,0,0,0,1124,0,22489713,2,900,0,0,0,0,0,0,0,0,0,0,0,0,0,0,1,1.12448560525052
Ocilla Police Department,2021-11-01,Georgia,3746,GA07701,0,0,0,0,100000,0,100000,0,0,0,0,0,0,0,0,0,0,0,0,0,0,0,0,0,0,0,100000,0,0,100000,200000,0,0,0,6,0,0,0,0,0,0,0,0,33734568,225,0,2249,0,56224,0,337,0,0,0,0,0,0,0,0,0,0,0,0,0,0,0,0,0,820874,0,0,0,0,28,6746914,820874492,28,0,0,0,0,0,820874,0,35679928,0,0,0,0,0,0,1,1.12448560525052
Ocilla Police Department,2021-10-01,Georgia,3746,GA07701,0,0,0,0,0,0,0,0,0,0,0,0,0,0,0,0,0,0,0,0,0,0,0,0,0,7,0,0,0,0,0,0,0,0,0,1,125942388,0,0,0,0,30361111,0,0,787139924,463,0,208030,225,0,0,30361111,0,0,0,0,0,225,0,0,29,208029837,0,0,0,0,0,0,0,0,0,0,0,620716054,0,0,0,0,0,125942388,0,337346,0,0,1,0,0,0,0,0,0,1,1.12448560525052
Ocilla Police Department,2021-09-01,Georgia,3746,GA07701,0,0,1000000,0,0,0,1000000,0,0,400,0,10,0,0,199,0,0,209,0,0,0,0,10,100000,0,0,0,1256,0,0,0,100,0,0,0,68256276,333,562242803,0,0,0,0,0,0,0,0,11244856,0,0,112,0,0,0,0,0,0,0,0,0,0,0,0,0,0,0,0,0,0,1124486,0,0,0,0,0,0,1124,0,0,112449,0,0,11244858,0,1,450,22490,0,0,11,0,0,1,1.12448560525052
Ocilla Police Department,2021-08-01,Georgia,3746,GA07701,0,0,0,0,0,0,0,0,0,0,0,0,0,0,0,0,0,0,0,0,0,0,0,0,0,0,0,0,0,10,0,0,0,0,0,337,89959,0,11,1124,112449,0,0,0,0,0,0,22490,0,112,337346,0,33734570,4497942,0,112,0,0,0,0,0,0,0,0,0,0,0,11245,0,0,0,0,0,0,1,0,11244856,0,0,247386833,0,1146975,31,708425931,28,0,3362,33340998,0,472284,0,1,1.12448560525052
Ocilla Police Department,2021-07-01,Georgia,3746,GA07701,0,0,0,0,0,0,0,0,0,0,0,30,0,0,0,0,0,30,0,0,0,0,0,0,0,0,0,0,0,0,0,0,0,0,0,787139924,228,0,0,0,19116255,247,0,0,4161,0,0,0,0,0,0,0,3,3,0,0,1034526757,0,0,0,0,0,0,0,0,0,247,0,16867284,0,0,0,0,0,0,0,1912,0,0,2249,0,0,1124486,0,228270578,1124,0,3,0,0,1034526757,1,1.12448560525052
Ocilla Police Department,2021-06-01,Georgia,3746,GA07701,0,0,0,0,0,10000,10000,0,0,0,0,0,3370,3700,0,33,0,7103,0,0,2700,2700,0,0,0,0,3000000,0,0,0,0,0,0,0,0,0,0,0,0,0,1,0,224897121,0,0,0,0,0,225,0,0,0,0,39356996,0,0,40,0,0,0,0,0,0,0,0,0,0,0,0,11,112449,0,0,0,0,0,0,11,0,0,112449,0,0,1124,0,2,112,337,0,0,0,1,1.12448560525052
Ocilla Police Department,2021-05-01,Georgia,3746,GA07701,0,0,0,0,0,0,0,0,0,0,17033,0,0,0,0,0,0,17033,0,0,0,0,0,0,0,0,0,0,0,0,0,0,0,0,0,0,0,0,0,0,0,0,0,0,0,0,0,11244856,0,0,0,0,0,337,11244856,0,44979,0,0,2248971,0,0,0,1124,112449,0,0,0,0,0,0,0,0,0,0,0,0,0,0,0,0,0,0,0,0,0,0,3,0,0,0,1,1.12448560525052
Ocilla Police Department,2021-04-01,Georgia,3746,GA07701,0,0,0,20000,0,0,20000,0,0,0,0,10000,0,0,10000,10000,40000,70000,0,0,30000,30000,0,0,0,0,0,0,0,0,0,0,0,0,0,0,0,0,0,0,18585,0,0,0,0,0,0,0,0,0,0,0,0,593728400,18,0,1861,0,0,20,0,0,213652265,0,7871399,1869,0,0,0,2384,0,0,0,0,0,0,0,16305,0,0,7871,0,0,0,225,0,393570,674691363,0,0,0,1,1.12448560525052
Ocilla Police Department,2021-03-01,Georgia,3746,GA07701,0,0,0,1300000,0,0,1300000,0,0,0,0,0,0,0,0,0,0,0,0,0,0,0,0,0,0,0,0,0,0,0,0,0,0,0,0,0,0,0,0,0,0,0,0,0,0,0,0,0,0,0,0,15,0,0,0,0,0,0,0,1461831,337345682,0,1,0,0,0,0,0,0,0,0,0,0,0,0,0,0,0,0,0,0,0,0,0,0,0,112449,0,1,0,0,1,1.12448560525052
Ocilla Police Department,2021-02-01,Georgia,3746,GA07701,0,0,0,0,0,1000000,1000000,920500,0,0,0,0,5000000,0,0,0,0,5000000,3845000,0,0,3845000,0,0,50,0,0,0,0,0,0,0,0,0,0,11,0,573488,11244856,0,0,0,0,0,0,0,0,0,0,0,0,0,0,0,0,0,0,0,0,112,0,0,11245,0,0,0,0,11244856,0,0,0,0,0,0,0,0,0,0,0,0,0,0,0,0,0,0,0,0,0,0,0,1,1.12448560525052
Ocilla Police Department,2021-01-01,Georgia,3746,GA07701,0,0,0,1,0,0,1,1,0,0,0,0,0,0,0,0,0,0,2,1,2,5,0,0,0,2,1,0,0,0,2,0,4000,0,41950,0,0,0,0,0,0,0,0,0,0,0,0,0,0,0,0,0,0,0,0,0,0,0,0,11244856,0,0,4560,0,11,0,112449,160,0,0,0,0,56224280,1574,56224280,0,0,0,0,0,0,0,618467083,0,0,0,0,394,0,45,0,1,1.12448560525052
Ocilla Police Department,2020-12-01,Georgia,3759,GA07701,0,0,0,0,0,0,0,0,1,0,0,0,1,0,0,0,0,1,0,0,5990,5990,0,0,0,0,0,0,0,0,0,0,0,0,0,0,0,0,0,0,0,0,0,0,23663978,0,0,0,94,0,0,0,0,0,0,0,0,0,0,0,0,0,0,11773,0,12,1177312,235462,1177,0,0,0,0,0,0,1,235,0,0,0,0,0,0,0,0,0,0,0,0,47092,0,1,1.17731235192711
Ocilla Police Department,2020-11-01,Georgia,3759,GA07701,0,0,0,0,100000,0,100000,0,0,0,0,0,0,0,0,0,0,0,0,0,0,0,0,0,0,0,0,0,0,0,0,0,0,0,0,1177312,0,0,0,0,0,0,0,2,118,1,0,0,35319,1177312,118,0,0,0,0,0,0,0,0,0,0,0,0,0,0,0,0,0,11773,0,2355,0,0,2,0,11773124,0,0,7052,0,0,0,0,0,16470600,0,0,0,0,0,1177312,1,1.17731235192711
Ocilla Police Department,2020-10-01,Georgia,3759,GA07701,0,0,0,0,0,0,0,23960,0,0,0,0,0,0,0,0,0,0,0,0,0,0,0,0,0,0,10000,0,0,0,0,8800,0,700,1000000,32,1131397170,0,0,0,1,918303635,529790558,27,1131397170,4709,0,341421,4364,0,0,3531937,0,0,0,0,0,2083,0,0,47,1177312,0,0,0,0,0,0,1,0,0,588656,0,824118646,0,0,117731235,706,0,1131397170,0,10430987,0,0,32,0,0,0,0,0,0,1,1.17731235192711
Ocilla Police Department,2020-09-01,Georgia,3759,GA07701,0,0,0,0,0,0,0,0,0,4300,0,21,0,0,0,0,1000000,1000021,0,0,0,0,0,0,0,0,0,640,0,0,0,100,0,0,0,12950436,88,117731235,0,0,0,0,0,0,0,0,0,0,0,118,0,0,0,0,0,0,0,0,0,0,0,0,0,0,0,0,0,0,0,0,235,0,0,117731235,0,3532,0,0,706387,0,0,47092498,0,11773128,1531,11773,0,0,82,0,0,1,1.17731235192711
Ocilla Police Department,2020-08-01,Georgia,3759,GA07701,0,0,0,0,0,0,0,0,0,0,0,0,0,0,0,0,0,0,0,0,0,0,0,0,0,0,0,0,0,10,0,0,0,0,0,353,70639,0,24,0,235462,0,0,0,0,0,0,0,0,0,0,0,23546248,2354625,0,0,0,0,0,0,0,0,0,0,0,0,0,0,0,0,0,0,0,0,0,0,0,0,0,117731235,0,0,8,600429299,7,0,824,8841616,0,835892,0,1,1.17731235192711
Ocilla Police Department,2020-07-01,Georgia,3759,GA07701,0,0,0,0,0,0,0,0,0,10,0,10,0,0,0,0,0,10,0,0,0,0,0,0,0,0,0,0,0,0,0,0,0,0,0,235462470,1636,0,0,0,0,1636,0,0,235,0,0,0,0,0,0,0,0,1,0,0,694614288,0,0,0,0,0,0,0,0,282554964,1354,0,0,0,0,0,0,0,0,0,1354,0,0,0,0,0,282554964,0,235462470,0,0,1,0,0,694614288,1,1.17731235192711
Ocilla Police Department,2020-06-01,Georgia,3759,GA07701,0,0,0,0,0,53000,53000,0,0,0,0,0,8530,5300,0,3085,15000,31915,0,0,80000,80000,0,0,0,0,0,0,0,0,0,0,0,0,0,0,0,94185,0,0,0,588656176,353193706,0,0,1765969,0,0,0,0,0,0,0,5651099,0,0,1866,0,1765969,0,0,0,0,0,0,0,0,0,0,0,117731,1,0,0,0,0,0,17660,0,0,235462,0,0,1177,0,0,118,235,0,0,0,1,1.17731235192711
Ocilla Police Department,2020-05-01,Georgia,3759,GA07701,0,7000000,0,0,0,0,7000000,0,0,1000,2065,0,0,0,6000,0,0,8065,0,1000000,0,1000000,0,0,0,0,0,0,0,0,0,0,0,0,0,0,0,0,0,0,0,0,1177312,0,0,0,0,11773124,0,1177312,0,0,0,235,11773124,0,35319,0,0,0,0,0,0,2355,117731,0,0,0,0,0,0,0,0,0,0,0,0,0,0,0,0,0,0,0,0,0,0,9,0,0,0,1,1.17731235192711
Ocilla Police Department,2020-04-01,Georgia,3759,GA07701,0,70000,10000,10000,10000,0,100000,0,30000,0,40000,40000,0,0,0,0,30000,110000,20000,0,20000,40000,0,0,0,0,0,0,0,0,0,1000,0,60,0,1180,0,0,0,0,0,0,0,0,0,0,0,0,0,0,0,0,588656176,591010801,1,0,4603,394400,38851308,84,0,0,879452327,0,0,4998,0,0,15,30610,0,0,0,117731235,0,0,0,2060,0,0,0,0,38851,0,1177,0,23546,589833488,0,0,2472,1,1.17731235192711
Ocilla Police Department,2020-03-01,Georgia,3759,GA07701,17,0,5000000,0,0,1,5000018,0,0,0,18730,0,0,0,0,0,0,18730,0,1300000,2,1300002,0,0,0,0,0,0,0,0,0,0,0,0,0,0,0,0,0,0,0,2507675,0,0,0,0,0,0,0,941850,0,795,0,158,35319371,0,941849882,0,0,176596853,941849882,0,2901,20602966,2,588656176,0,0,0,0,0,0,10595811,0,0,0,0,0,0,10596,0,0,0,0,0,0,117731,0,0,0,1,1,1.17731235192711
Ocilla Police Department,2020-02-01,Georgia,3759,GA07701,0,0,0,5,5000000,800000,5800005,1752300,0,0,0,0,5000000,0,1,0,0,5000001,2000,0,0,2000,0,0,0,0,0,0,0,0,0,0,0,0,0,0,0,10243,11773124,0,0,0,118,0,0,10243,0,0,0,0,0,0,0,0,0,0,0,23546,23546248,0,4709249,353194,35319,0,0,0,0,23546247,0,1177,0,0,0,0,0,0,0,0,0,0,294328,0,0,0,0,21,0,565109929,0,0,0,1,1.17731235192711
Ocilla Police Department,2020-01-01,Georgia,3759,GA07701,1,0,0,0,0,0,1,1,0,0,0,0,0,0,0,0,0,0,10,4,3,17,0,0,0,2,2,0,0,8,5,0,15300,0,20130,0,0,0,0,0,0,0,0,0,0,0,0,0,0,0,0,0,0,600,0,0,0,0,0,600429299,0,0,1839,0,0,0,350839,383,729933658,0,0,5,176596853,7664,270781841,0,0,0,0,954,0,0,223689347,0,0,0,0,2364,0,9,0,1,1.17731235192711
Ocilla Police Department,2019-12-01,Georgia,3606,GA07701,6670000,0,0,0,20000,0,6690000,110,101,0,0,100000,10,0,0,200000,200000,500010,0,0,400000,400000,0,0,0,0,5000,0,0,0,0,0,1000000,0,0,0,0,12,0,0,0,0,0,0,37185267,0,0,0,5018,476734197,0,0,2383671,0,0,0,0,2396,0,0,0,0,0,11918,0,0,0,119184,1192,0,0,12,1192,0,23836715,4,834,0,0,0,0,23837,0,0,0,0,0,0,0,0,0,1,1.19183549339627
Ocilla Police Department,2019-11-01,Georgia,3606,GA07701,0,15000,21600,0,100000,0,136600,0,0,0,0,0,0,0,0,0,100000,100000,0,0,0,0,0,0,0,100000,0,0,0,0,100000,0,0,0,0,2383671,0,0,0,0,0,0,0,35755067,358,0,0,0,95347,2383671,238,476734,0,0,0,0,0,0,0,0,357550648,0,0,0,0,0,0,0,345632,0,2384,0,0,260,3575506,47673420,256,893876620,238367,0,23836710,0,0,247,740177515,0,0,0,0,0,0,1,1.19183549339627
Ocilla Police Department,2019-10-01,Georgia,3606,GA07701,4500000,0,0,0,0,0,4500000,2200,0,0,0,0,0,0,0,0,0,0,3000,0,4500,7500,0,0,0,0,0,0,0,0,0,0,0,0,0,8,676962560,0,0,0,0,14302026,0,2,595917747,5987,0,59592,5912,0,0,15493861,0,0,0,2456,0,477,0,0,358,655509521,0,0,0,2,0,0,0,60,0,5959,0,0,2,0,762774716,1430,0,676962560,0,802105,0,0,8,0,0,0,0,0,0,1,1.19183549339627
Ocilla Police Department,2019-09-01,Georgia,3606,GA07701,0,0,15000,0,0,0,15000,0,0,0,0,0,0,0,0,0,0,0,0,0,0,0,0,100000,1200000,0,87,2,0,0,0,5000100,0,0,0,34801596,10496,595917747,0,0,0,0,0,0,70,238367099,0,0,953468395,0,0,7,0,0,0,0,0,0,0,0,1787753,0,0,0,0,0,1,12,0,0,238,0,0,0,0,3576,0,11918356,595918,0,0,11918357,0,1,953,23837,0,0,12,4767,0,1,1.19183549339627
Ocilla Police Department,2019-08-01,Georgia,3606,GA07701,0,0,0,0,0,0,0,250,0,0,0,0,0,0,0,0,0,0,0,0,0,0,10,0,0,0,0,0,25,10,0,0,0,0,0,119,23837,1191835,0,0,0,0,0,0,0,0,0,0,0,119,238367,119183549,11918355,1191835,0,119,0,0,0,0,0,0,0,0,0,0,0,7139095,0,0,0,1084570,0,0,0,0,0,0,0,595917747,1038327,8223665,2,774693071,2,1,0,896200699,0,178775,0,1,1.19183549339627
Ocilla Police Department,2019-07-01,Georgia,3606,GA07701,0,0,0,0,0,0,0,0,0,0,10,0,0,10,0,0,0,20,0,0,0,0,0,0,0,0,0,0,0,0,0,0,0,0,0,1072651944,0,0,71510,0,1191835,73,0,0,477,0,595917747,2,0,0,0,0,2,4,178775,0,311069064,0,0,0,0,1,0,0,0,0,0,0,0,715101296,0,0,0,179,0,0,1,0,0,0,0,0,0,0,0,3051099,0,4,476734,0,132293740,1,1.19183549339627
Ocilla Police Department,2019-06-01,Georgia,3606,GA07701,0,0,0,0,0,0,0,0,267000,0,0,0,21690,100,0,231,0,22021,0,0,78500,78500,0,1,0,0,2220000,0,16,2000000,0,0,0,0,0,0,119183549,0,0,5363260,18,715101296,953468395,0,0,0,0,107384378,61975,0,0,0,0,82832567,0,0,275,27412,0,0,0,0,0,0,0,0,0,0,0,0,119184,0,0,0,0,0,17877532,292,0,0,0,0,0,3576,0,11918356,238,238,0,1191835,11918,1,1.19183549339627
Ocilla Police Department,2019-05-01,Georgia,3606,GA07701,2,9000000,0,0,0,0,9000002,0,0,1000,1590,0,0,0,0,0,0,1590,0,3850000,0,3850000,0,100000,0,0,0,0,0,280,0,0,0,0,0,0,0,0,0,0,12,0,0,0,26,0,0,11918355,595917747,4973053,0,0,0,238,35755068,119184,95347,0,0,3575506,0,238,0,0,357551,0,0,0,0,0,0,0,0,0,0,0,0,0,0,0,0,0,583999392,0,0,1775835,0,23,0,1,11918355,1,1.19183549339627
Ocilla Police Department,2019-04-01,Georgia,3606,GA07701,0,30000,0,10000,0,0,40000,0,10000,0,20000,10000,0,0,0,10000,50000,90000,50000,0,20000,70000,0,0,0,0,0,0,0,0,0,0,0,0,0,5780,0,0,0,0,0,0,0,0,0,0,0,0,0,0,0,0,0,1013060169,5,0,3478,297959,53036679,116,0,0,22644874,0,1191835,3777,0,0,26,12,0,0,0,810448139,0,0,0,10727,35755,0,0,0,53037,0,1893,0,0,691264586,0,131101904,4946,1,1.19183549339627
Ocilla Police Department,2019-03-01,Georgia,3606,GA07701,16,0,0,700000,0,1,700017,0,0,0,30850,0,0,0,2400000,0,0,2430850,0,0,0,0,0,0,0,0,0,0,0,0,0,0,0,0,0,0,0,0,0,5,595917747,143020,1192,0,0,0,0,0,0,197845,0,1145,0,73,0,0,595917747,0,0,277697670,238367099,0,502,0,1,238367099,0,0,0,0,0,0,0,0,0,0,238,0,0,1073,0,0,0,0,834284845,0,119184,0,0,0,0,1,1.19183549339627
Ocilla Police Department,2019-02-01,Georgia,3606,GA07701,0,400,35,0,3000000,2000000,5000435,638900,0,0,0,0,0,5000000,0,8000,0,5008000,2116000,0,0,2116000,0,0,0,2250,0,0,0,0,0,0,0,0,0,26,0,300700,11918355,0,0,0,119,0,0,0,6,0,0,0,0,357550648,0,0,0,0,0,0,23836711,238,0,238367,59592,0,12,0,0,35755065,0,2384,0,0,0,0,0,0,0,0,0,0,8164073,0,0,0,0,0,0,0,0,0,0,1,1.19183549339627
Ocilla Police Department,2019-01-01,Georgia,3606,GA07701,1,0,0,0,0,0,1,0,1,0,0,0,0,0,0,0,0,0,1,1,5,7,0,1,0,0,3,0,0,1,2,0,2000,0,32890,0,0,0,0,0,0,0,0,0,0,0,0,0,0,0,0,0,0,3695,0,0,0,0,4,119183549,0,0,3833,0,0,0,63167,75,631672812,0,0,0,0,0,1060733589,0,0,0,0,35707,0,2,238367099,0,238367099,0,0,2622,0,0,0,1,1.19183549339627
Ocilla Police Department,2018-12-01,Georgia,3653,GA07701,1,1,0,0,0,0,2,0,0,0,0,0,0,0,0,0,0,0,0,1,5,6,0,0,0,4,0,0,0,0,2,0,0,0,0,2427,2670,0,0,0,0,5096,0,0,0,0,0,0,0,0,0,0,0,0,61,5431,5492,10588,0,0,0,5157,0,0,0,0,335,0,0,0,1941,0,2730,0,0,2458,0,3458,10588,0,0,0,1941,0,0,0,0,2063,0,0,4004,1,1.21343405628813
Ocilla Police Department,2018-11-01,Georgia,3653,GA07701,1,1,0,0,0,0,2,2,0,0,0,0,0,0,1,0,1,2,4,1,5,10,0,0,0,6,0,0,0,0,4,0,0,0,0,39,1608,0,0,0,0,1647,19415,0,0,0,0,0,0,1,0,2,4,32,109,3603,3743,44224,0,0,0,1170,0,0,0,0,2574,0,121,1577,3233,8,2,0,19415,450,0,1,24809,0,0,0,0,0,0,0,0,121,0,0,121,1,1.21343405628813
Ocilla Police Department,2018-10-01,Georgia,3653,GA07701,0,0,0,0,0,0,0,0,0,0,0,0,0,0,0,0,0,0,1,3,2,6,0,2,0,0,1,0,0,0,3,0,0,0,0,0,0,0,0,0,0,0,0,0,0,0,0,0,0,0,0,0,0,36,243,4732,5011,5011,0,158,0,0,61,0,0,0,4793,0,0,0,0,0,0,0,0,4951,0,61,5011,0,0,0,0,0,0,0,0,4732,0,0,4732,1,1.21343405628813
Ocilla Police Department,2018-09-01,Georgia,3653,GA07701,1,0,0,0,0,0,1,0,0,0,0,0,0,0,0,0,0,0,1,1,4,6,0,0,0,2,1,0,1,0,2,0,0,0,0,0,910,0,0,0,0,910,0,0,0,0,0,0,0,0,0,0,0,0,121,10461,10582,11492,0,0,0,6644,2427,0,602,0,910,24,0,214,910,0,7408,0,0,2572,0,364,11492,0,0,0,0,0,0,0,0,2427,0,0,2427,1,1.21343405628813
Ocilla Police Department,2018-08-01,Georgia,3653,GA07701,0,1,0,0,3,0,4,0,0,0,0,0,0,0,0,0,0,0,0,3,2,5,1,0,0,3,1,0,0,0,0,0,0,0,0,189,0,0,2427,0,0,2616,0,0,0,0,0,0,0,0,0,0,0,0,329,1213,1542,4158,607,0,0,875,61,0,0,0,0,0,0,237,0,7,0,0,0,1609,0,2306,4158,0,0,0,0,0,0,0,0,0,0,0,0,1,1.21343405628813
Ocilla Police Department,2018-07-01,Georgia,3653,GA07701,2,0,0,1,0,0,3,0,0,0,0,0,0,0,0,0,0,0,2,2,1,5,0,1,0,0,1,0,0,0,3,0,0,0,0,0,11407,0,0,0,0,11407,0,0,0,0,0,0,0,0,0,0,0,56,303,576,936,12343,0,576,0,0,158,0,0,0,201,0,0,2,1820,0,9586,0,0,777,158,0,12343,0,0,0,0,0,0,0,0,0,0,0,0,1,1.21343405628813
Ocilla Police Department,2018-06-01,Georgia,3653,GA07701,1,1,0,1,1,0,4,0,0,0,0,0,0,0,0,0,1,1,2,2,2,6,0,1,0,1,1,0,0,1,2,0,0,0,0,485,3622,0,1213,334,0,5655,0,0,0,0,0,0,0,0,0,0,0,2,182,1921,2105,7760,0,121,0,1050,1,0,0,1,932,0,165,3632,0,0,1213,0,0,2264,0,485,7760,0,0,0,0,0,0,0,0,1213,0,0,1213,1,1.21343405628813
Ocilla Police Department,2018-05-01,Georgia,3653,GA07701,1,0,0,0,0,0,1,0,0,0,0,0,0,0,0,0,0,0,2,2,0,4,0,0,0,2,2,0,0,0,0,0,0,0,0,0,0,0,0,0,0,0,0,0,0,0,0,0,0,0,0,0,0,44,243,0,286,286,0,0,0,123,164,0,0,0,0,0,0,0,0,121,0,0,0,165,0,0,286,0,0,0,0,61,0,0,0,44,0,0,104,1,1.21343405628813
Ocilla Police Department,2018-04-01,Georgia,3653,GA07701,0,1,0,0,0,0,1,0,0,0,0,0,0,0,0,0,0,0,3,2,2,7,0,1,0,1,1,0,0,0,4,0,0,0,0,1092,0,0,0,0,0,1092,0,0,0,0,0,0,0,0,0,0,0,22,157,485,664,1756,0,96,0,8,61,0,0,0,499,0,0,1097,0,0,0,0,0,356,0,303,1756,0,0,0,0,0,0,0,0,0,0,0,0,1,1.21343405628813
Ocilla Police Department,2018-03-01,Georgia,3653,GA07701,0,0,0,0,0,0,0,0,0,0,0,0,0,0,0,0,0,0,6,5,5,16,0,0,0,6,2,0,1,1,6,1,0,1,0,0,0,0,0,0,0,0,0,0,0,0,0,0,0,0,0,0,0,63,568,4404,5035,5035,0,0,0,1082,220,0,109,18,3605,86,0,234,0,0,0,212,1213,2318,0,971,5035,61,0,0,0,0,0,0,1213,399,0,364,2037,1,1.21343405628813
Ocilla Police Department,2018-02-01,Georgia,3653,GA07701,0,0,0,0,0,0,0,1,0,0,0,0,0,0,0,0,1,1,1,1,5,7,0,0,0,1,3,0,0,0,3,1,0,1,0,0,0,0,0,0,0,0,1213,0,0,0,0,0,0,0,0,273,273,24,235,3143,3402,6102,0,0,0,24,1687,0,0,0,1692,0,0,235,0,728,0,0,1213,2433,0,279,4889,0,0,0,0,0,0,0,1213,607,0,0,1820,1,1.21343405628813
Ocilla Police Department,2018-01-01,Georgia,3653,GA07701,0,1,0,0,0,0,1,0,0,0,0,0,0,0,0,0,0,0,2,2,4,8,0,1,0,0,3,0,0,0,4,0,0,0,0,22,0,0,0,0,0,22,0,0,0,0,0,0,0,0,0,0,0,32,309,2548,2889,2911,0,243,0,0,335,0,0,0,2312,0,0,308,0,0,0,0,243,2360,0,0,2911,0,0,109,0,0,0,0,0,2360,0,0,2469,1,1.21343405628813
Ocilla Police Department,2017-12-01,Georgia,3630,GA07701,1,0,0,0,0,0,1,0,0,0,0,0,0,0,0,0,0,0,3,0,2,5,0,1,0,1,0,0,0,2,1,0,0,0,0,0,497,0,0,0,0,497,0,0,0,0,0,0,0,0,0,0,0,9,0,1195,1203,1701,0,249,0,6,0,0,0,2,946,0,0,952,0,0,0,0,0,748,0,0,1701,0,0,0,0,0,0,0,0,0,0,0,0,1,1.24307319386626
Ocilla Police Department,2017-12-01,Georgia,3630,GA07701,1,0,0,0,0,0,1,0,0,0,0,0,0,0,0,0,0,0,3,0,2,5,0,1,0,1,0,0,0,2,1,0,0,0,0,0,497,0,0,0,0,497,0,0,0,0,0,0,0,0,0,0,0,9,0,1195,1203,1701,0,249,0,6,0,0,0,2,946,0,0,952,0,0,0,0,0,748,0,0,1701,0,0,0,0,0,0,0,0,0,0,0,0,1,1.24307319386626
Ocilla Police Department,2017-11-01,Georgia,3630,GA07701,1,0,0,0,0,0,1,0,0,0,0,0,0,0,0,0,2,2,1,1,3,5,0,0,0,0,4,0,0,1,0,0,0,0,0,0,992,0,0,0,0,992,0,0,0,0,0,0,0,0,0,901,901,1,124,10546,10672,12565,0,0,0,0,10547,0,0,124,0,1,0,9018,0,124,342,0,0,3079,0,0,12565,0,0,0,0,0,0,0,0,0,0,0,0,1,1.24307319386626
Ocilla Police Department,2017-11-01,Georgia,3630,GA07701,1,0,0,0,0,0,1,0,0,0,0,0,0,0,0,0,2,2,1,1,3,5,0,0,0,0,4,0,0,1,0,0,0,0,0,0,992,0,0,0,0,992,0,0,0,0,0,0,0,0,0,901,901,1,124,10546,10672,12565,0,0,0,0,10547,0,0,124,0,1,0,9018,0,124,342,0,0,3079,0,0,12565,0,0,0,0,0,0,0,0,0,0,0,0,1,1.24307319386626
Ocilla Police Department,2017-10-01,Georgia,3630,GA07701,0,0,0,0,1,0,1,1,0,0,0,0,0,0,0,0,0,0,1,2,3,6,0,0,0,0,3,0,0,0,3,1,0,1,0,0,0,0,0,0,0,0,3108,0,0,0,0,0,0,0,0,0,0,16,296,15537,15849,22065,0,0,0,0,1058,0,0,0,14791,0,15,1384,0,0,0,0,17029,530,0,0,18957,0,0,0,0,0,0,0,2486,63,0,0,2550,1,1.24307319386626
Ocilla Police Department,2017-10-01,Georgia,3630,GA07701,0,0,0,0,1,0,1,1,0,0,0,0,0,0,0,0,0,0,1,2,3,6,0,0,0,0,3,0,0,0,3,1,0,1,0,0,0,0,0,0,0,0,3108,0,0,0,0,0,0,0,0,0,0,16,296,15537,15849,18957,0,0,0,0,1058,0,0,0,14791,0,15,1384,0,0,0,0,17029,530,0,0,18957,0,0,0,0,0,0,0,2486,63,0,0,2550,1,1.24307319386626
Ocilla Police Department,2017-09-01,Georgia,3630,GA07701,0,1,0,0,0,0,1,0,0,0,0,0,0,0,0,0,0,0,2,2,2,6,0,0,0,0,3,0,0,0,3,0,0,0,0,622,0,0,0,0,0,622,0,0,0,0,0,0,0,0,0,0,0,19,211,497,727,1349,0,0,0,0,460,0,0,0,267,0,0,249,0,522,0,0,0,392,0,186,1349,0,0,0,0,0,0,0,0,0,0,0,0,1,1.24307319386626
Ocilla Police Department,2017-09-01,Georgia,3630,GA07701,0,1,0,0,0,0,1,0,0,0,0,0,0,0,0,0,0,0,2,2,2,6,0,0,0,0,3,0,0,0,3,0,0,0,0,622,0,0,0,0,0,622,0,0,0,0,0,0,0,0,0,0,0,19,211,497,727,1349,0,0,0,0,460,0,0,0,267,0,0,249,0,522,0,0,0,392,0,186,1349,0,0,0,0,0,0,0,0,0,0,0,0,1,1.24307319386626
Ocilla Police Department,2017-08-01,Georgia,3630,GA07701,0,0,0,0,0,0,0,0,0,0,0,0,0,0,0,0,1,1,3,0,3,6,0,0,0,1,1,0,1,0,3,0,0,0,0,0,0,0,0,0,0,0,0,0,0,0,0,0,0,0,0,1,1,2,0,1740,1743,1744,0,0,0,497,622,0,1,0,623,62,0,0,994,0,622,0,0,63,0,2,1744,62,0,0,0,0,0,0,0,62,0,0,124,1,1.24307319386626
Ocilla Police Department,2017-08-01,Georgia,3630,GA07701,0,0,0,0,0,0,0,0,0,0,0,0,0,0,0,0,1,1,3,0,3,6,0,0,0,1,1,0,1,0,3,0,0,0,0,0,0,0,0,0,0,0,0,0,0,0,0,0,0,0,0,1,1,2,0,1740,1743,1744,0,0,0,497,622,0,1,0,623,62,0,0,994,0,622,0,0,63,0,2,1744,62,0,0,0,0,0,0,0,62,0,0,124,1,1.24307319386626
Ocilla Police Department,2017-07-01,Georgia,3630,GA07701,2,0,0,0,0,0,2,1,0,0,0,0,0,0,0,0,0,0,2,1,1,4,0,1,0,1,1,0,0,1,0,1,0,1,0,0,4113,0,0,0,0,4113,1243,0,0,0,0,0,0,0,0,0,0,19,99,249,367,6966,0,249,0,12,99,0,0,6,0,373,0,609,186,1865,0,0,1492,503,0,695,5723,0,0,0,0,1865,0,0,1492,0,0,0,3356,1,1.24307319386626
Ocilla Police Department,2017-07-01,Georgia,3630,GA07701,2,0,0,0,0,0,2,1,0,0,0,0,0,0,0,0,0,0,2,1,1,4,0,1,0,1,1,0,0,1,0,1,0,1,0,0,4113,0,0,0,0,4113,1243,0,0,0,0,0,0,0,0,0,0,19,99,249,367,5723,0,249,0,12,99,0,0,6,0,373,0,609,186,1865,0,0,1492,503,0,695,5723,0,0,0,0,1865,0,0,1492,0,0,0,3356,1,1.24307319386626
Ocilla Police Department,2017-06-01,Georgia,3630,GA07701,0,0,0,0,0,0,0,0,0,0,0,0,0,0,1,0,0,1,4,3,0,7,0,0,0,2,0,0,0,0,5,0,0,0,0,0,0,0,0,0,0,0,0,0,0,0,0,0,0,1,0,0,1,39,397,0,435,436,0,0,0,172,0,0,0,0,264,25,0,62,0,0,0,0,0,348,0,1,436,0,0,0,0,0,0,0,0,0,0,0,0,1,1.24307319386626
Ocilla Police Department,2017-06-01,Georgia,3630,GA07701,0,0,0,0,0,0,0,0,0,0,0,0,0,0,1,0,0,1,4,3,0,7,0,0,0,2,0,0,0,0,5,0,0,0,0,0,0,0,0,0,0,0,0,0,0,0,0,0,0,1,0,0,1,39,397,0,435,436,0,0,0,172,0,0,0,0,264,25,0,62,0,0,0,0,0,348,0,1,436,0,0,0,0,0,0,0,0,0,0,0,0,1,1.24307319386626
Ocilla Police Department,2017-05-01,Georgia,3630,GA07701,0,0,0,0,1,0,1,0,0,0,0,0,0,0,0,0,0,0,1,2,3,6,0,0,0,0,1,0,0,1,4,0,0,0,0,0,0,0,68,0,0,68,0,0,0,0,0,0,0,0,0,0,0,26,305,11511,11842,11910,0,0,0,0,26,0,0,73,11742,7,0,11063,0,26,0,0,0,813,0,0,11910,7,0,0,0,26,0,0,0,134,0,0,168,1,1.24307319386626
Ocilla Police Department,2017-05-01,Georgia,3630,GA07701,0,0,0,0,1,0,1,0,0,0,0,0,0,0,0,0,0,0,1,2,3,6,0,0,0,0,1,0,0,1,4,0,0,0,0,0,0,0,68,0,0,68,0,0,0,0,0,0,0,0,0,0,0,26,305,11511,11842,11910,0,0,0,0,26,0,0,73,11742,7,0,11063,0,26,0,0,0,813,0,0,11910,7,0,0,0,26,0,0,0,134,0,0,168,1,1.24307319386626
Ocilla Police Department,2017-04-01,Georgia,3630,GA07701,0,0,0,0,0,0,0,0,0,0,0,0,0,0,0,0,0,0,3,0,2,5,0,0,0,2,3,0,0,0,0,0,0,0,0,0,0,0,0,0,0,0,0,0,0,0,0,0,0,0,0,0,0,24,0,1367,1391,1391,0,0,0,373,1018,0,0,0,0,11,0,0,0,0,0,0,0,1007,373,0,1391,0,0,0,0,0,0,0,0,0,0,0,0,1,1.24307319386626
Ocilla Police Department,2017-04-01,Georgia,3630,GA07701,0,0,0,0,0,0,0,0,0,0,0,0,0,0,0,0,0,0,3,0,2,5,0,0,0,2,3,0,0,0,0,0,0,0,0,0,0,0,0,0,0,0,0,0,0,0,0,0,0,0,0,0,0,24,0,1367,1391,1391,0,0,0,373,1018,0,0,0,0,11,0,0,0,0,0,0,0,1007,373,0,1391,0,0,0,0,0,0,0,0,0,0,0,0,1,1.24307319386626
Ocilla Police Department,2017-03-01,Georgia,3630,GA07701,1,0,0,0,0,0,1,0,0,0,0,0,0,0,0,0,0,0,1,3,4,8,0,1,0,2,3,0,1,0,1,0,0,0,0,0,1329,0,0,0,0,1329,0,0,0,0,0,0,0,0,0,0,0,1,311,8719,9031,10360,0,124,0,1012,7831,0,1,0,62,37,68,7636,516,0,1,0,0,1976,0,124,10360,0,0,0,0,0,0,0,0,875,0,124,999,1,1.24307319386626
Ocilla Police Department,2017-03-01,Georgia,3630,GA07701,1,0,0,0,0,0,1,0,0,0,0,0,0,0,0,0,0,0,1,3,4,8,0,1,0,2,3,0,1,0,1,0,0,0,0,0,1329,0,0,0,0,1329,0,0,0,0,0,0,0,0,0,0,0,1,311,8719,9031,10360,0,124,0,1012,7831,0,1,0,62,37,68,7636,516,0,1,0,0,1976,0,124,10360,0,0,0,0,0,0,0,0,875,0,124,999,1,1.24307319386626
Ocilla Police Department,2017-02-01,Georgia,3630,GA07701,0,0,0,0,0,0,0,0,0,0,0,0,0,0,0,0,0,0,1,3,1,5,0,0,0,0,4,0,0,1,0,0,0,0,0,0,0,0,0,0,0,0,0,0,0,0,0,0,0,0,0,0,0,11,397,895,1303,1303,0,0,0,0,1292,0,0,11,0,0,0,311,0,11,0,0,0,86,0,895,1303,0,0,124,0,11,0,0,0,0,0,0,135,1,1.24307319386626
Ocilla Police Department,2017-02-01,Georgia,3630,GA07701,0,0,0,0,0,0,0,0,0,0,0,0,0,0,0,0,0,0,1,3,1,5,0,0,0,0,4,0,0,1,0,0,0,0,0,0,0,0,0,0,0,0,0,0,0,0,0,0,0,0,0,0,0,11,397,895,1303,1303,0,0,0,0,1292,0,0,11,0,0,0,311,0,11,0,0,0,86,0,895,1303,0,0,124,0,11,0,0,0,0,0,0,135,1,1.24307319386626
Ocilla Police Department,2017-01-01,Georgia,3630,GA07701,0,1,0,0,0,0,1,1,0,0,0,0,0,0,0,0,0,0,1,2,2,5,0,0,0,3,1,0,0,0,1,1,0,1,0,311,0,0,0,0,0,311,3108,0,0,0,0,0,0,0,0,0,0,32,444,1032,1508,8034,0,0,0,548,214,0,0,0,746,0,12,300,0,0,0,0,3108,236,0,1270,4926,0,0,0,0,0,0,0,3108,0,0,0,3108,1,1.24307319386626
Ocilla Police Department,2017-01-01,Georgia,3630,GA07701,0,1,0,0,0,0,1,1,0,0,0,0,0,0,0,0,0,0,1,2,2,5,0,0,0,3,1,0,0,0,1,1,0,1,0,311,0,0,0,0,0,311,3108,0,0,0,0,0,0,0,0,0,0,32,444,1032,1508,4926,0,0,0,548,214,0,0,0,746,0,12,300,0,0,0,0,3108,236,0,1270,4926,0,0,0,0,0,0,0,3108,0,0,0,3108,1,1.24307319386626
Ocilla Police Department,2016-12-01,Georgia,3372,GA07701,0,0,0,0,0,0,0,0,0,0,0,0,0,0,0,0,0,0,0,3,4,7,0,1,0,0,1,0,0,1,4,0,0,0,0,0,0,0,0,0,0,0,0,0,0,0,0,0,0,0,0,0,0,0,606,1460,2066,2066,0,190,0,0,444,0,0,72,1358,0,0,0,0,0,0,0,0,2066,0,0,2066,0,0,0,0,0,0,0,0,517,0,0,517,1,1.26955202032162
Ocilla Police Department,2016-11-01,Georgia,3372,GA07701,0,0,0,0,0,0,0,0,0,0,0,0,0,0,0,0,0,0,0,3,4,7,0,1,0,0,1,0,0,1,4,0,0,0,0,0,0,0,0,0,0,0,0,0,0,0,0,0,0,0,0,0,0,0,606,1460,2066,2066,0,190,0,0,444,0,0,72,1358,0,0,0,0,0,0,0,0,2066,0,0,2066,0,0,0,0,0,0,0,0,517,0,0,517,1,1.26955202032162
Ocilla Police Department,2016-10-01,Georgia,3372,GA07701,0,0,0,0,0,0,0,0,0,0,0,0,0,0,0,0,0,0,0,3,4,7,0,1,0,0,1,0,0,1,4,0,0,0,0,0,0,0,0,0,0,0,0,0,0,0,0,0,0,0,0,0,0,0,606,1460,2066,2066,0,190,0,0,444,0,0,72,1358,0,0,0,0,0,0,0,0,2066,0,0,2066,0,0,0,0,0,0,0,0,517,0,0,517,1,1.26955202032162
Ocilla Police Department,2016-09-01,Georgia,3372,GA07701,0,0,0,1,0,0,1,0,0,0,0,0,0,0,0,0,0,0,0,3,4,7,0,1,0,0,1,0,0,1,4,0,0,0,0,0,0,0,0,381,0,381,0,0,0,0,0,0,0,0,0,0,0,0,606,1460,2066,2446,0,190,0,0,444,0,0,72,1358,0,0,0,0,0,0,0,0,2446,0,0,2446,0,0,0,0,0,0,0,0,517,0,0,517,1,1.26955202032162
Ocilla Police Department,2016-08-01,Georgia,3372,GA07701,1,1,0,1,0,0,3,0,0,0,0,0,0,0,0,0,0,0,2,1,2,5,0,0,0,0,1,0,0,2,2,0,0,0,0,381,2539,0,0,35547,0,38467,0,0,0,0,0,0,0,0,0,0,0,75,127,11888,12090,50557,0,0,0,0,465,0,0,50,11576,0,0,406,0,0,0,0,0,49306,0,846,50557,0,0,203,0,0,0,0,0,0,0,0,203,1,1.26955202032162
Ocilla Police Department,2016-07-01,Georgia,3372,GA07701,1,0,0,0,1,0,2,0,1,0,0,0,0,0,0,0,0,0,2,0,5,7,0,0,0,0,0,0,0,0,7,0,0,0,0,0,2095,0,255,0,0,2350,0,0,0,0,0,0,0,0,0,0,0,52,0,6354,6406,8756,0,0,0,0,0,0,0,0,6406,635,13,4177,0,255,0,0,0,2724,0,952,8756,0,0,0,1,0,0,0,0,267,0,0,268,1,1.26955202032162
Ocilla Police Department,2016-06-01,Georgia,3372,GA07701,1,0,0,0,0,0,1,0,0,1,0,0,0,0,0,0,0,0,3,4,10,17,0,0,0,1,2,0,0,1,13,0,0,0,0,0,0,0,0,0,0,0,0,0,0,0,0,0,0,0,0,0,0,297,1157,5271,6725,6725,0,0,0,292,543,0,0,5,5884,0,13,578,0,0,254,0,0,3279,0,2601,6725,0,13,0,0,0,0,0,0,421,0,0,434,1,1.26955202032162
Ocilla Police Department,2016-05-01,Georgia,3372,GA07701,1,0,0,1,0,0,2,2,0,1,0,0,0,0,0,0,0,0,5,4,3,12,0,3,0,0,2,0,1,0,6,1,0,1,0,0,63,0,0,3936,0,3999,6056,0,0,0,0,0,0,0,0,0,0,72,793,2983,3849,13904,0,441,0,0,2082,0,6,0,1320,1271,6,2780,0,0,0,0,6056,1252,0,2539,13904,0,0,0,0,0,0,0,2768,140,0,0,2907,1,1.26955202032162
Ocilla Police Department,2016-04-01,Georgia,3372,GA07701,0,0,0,0,0,0,0,0,0,0,0,0,0,0,0,0,0,0,3,3,1,7,0,1,0,0,0,0,0,0,6,0,0,0,0,0,0,0,0,0,0,0,0,0,0,0,0,0,0,0,0,0,0,14,168,254,435,435,0,254,0,0,0,0,0,0,182,0,102,0,0,0,0,0,0,334,0,0,435,0,0,0,0,0,0,0,0,254,0,0,254,1,1.26955202032162
Ocilla Police Department,2016-03-01,Georgia,3372,GA07701,0,1,0,0,0,0,1,0,0,0,0,0,0,0,0,0,0,0,1,4,2,7,0,0,0,1,1,0,0,1,4,0,0,0,0,10055,0,0,0,0,0,10055,0,0,0,0,0,0,0,0,0,0,0,76,517,597,1190,11244,0,0,0,156,0,0,0,50,984,2438,11,240,0,0,317,0,0,5356,635,2247,11244,0,11,0,0,0,0,0,0,2691,0,0,2703,1,1.26955202032162
Ocilla Police Department,2016-02-01,Georgia,3372,GA07701,0,1,0,1,0,0,2,0,0,0,0,0,0,1,0,0,0,1,4,3,1,8,0,0,0,1,0,0,0,2,5,0,0,0,0,0,0,0,0,889,0,889,0,0,0,0,0,0,508,0,0,0,508,66,444,254,764,2161,0,0,0,63,0,0,0,32,669,1,98,178,0,0,0,0,0,1122,0,762,2161,0,0,0,0,0,0,0,0,1409,0,0,1409,1,1.26955202032162
Ocilla Police Department,2016-01-01,Georgia,3372,GA07701,3,0,0,1,0,0,4,0,0,1,0,0,0,0,0,0,0,0,0,3,4,7,0,0,0,0,0,0,0,0,7,0,0,0,0,0,1638,0,0,381,0,2019,0,0,0,0,0,0,0,0,0,0,0,1,466,6467,6934,8953,0,0,0,0,0,0,0,0,6934,127,0,609,0,2539,0,0,0,4113,0,1564,8953,0,0,0,0,2590,0,0,0,0,0,0,2590,1,1.26955202032162
Ocilla Police Department,2015-12-01,Georgia,3243,GA07701,1,0,0,1,2,0,4,0,0,0,0,0,0,0,0,0,0,0,3,1,4,8,0,0,0,0,0,0,0,1,7,0,0,0,0,0,1007,0,0,0,0,1007,0,0,0,0,0,0,0,0,0,0,0,95,198,3310,3603,4610,0,0,0,0,0,0,0,69,3534,0,0,0,0,0,0,0,0,4353,0,257,4610,0,0,0,0,0,0,0,0,649,0,0,649,1,1.28556847539769
Ocilla Police Department,2015-11-01,Georgia,3243,GA07701,0,2,0,0,0,0,2,0,0,0,0,0,0,0,0,0,0,0,4,3,3,10,0,0,0,0,1,0,0,1,8,0,0,0,0,33,0,0,0,0,0,33,0,0,0,0,0,0,0,0,0,0,0,145,581,3193,3920,3953,0,0,0,0,1028,0,0,39,2853,0,0,399,0,0,0,0,0,3458,0,96,3953,0,0,33,0,0,0,0,0,1543,0,0,1576,1,1.28556847539769
Ocilla Police Department,2015-10-01,Georgia,3243,GA07701,0,1,0,0,0,0,1,2,0,0,0,0,0,0,0,0,0,0,3,2,5,10,0,0,0,0,1,0,0,1,8,1,0,1,0,435,0,0,0,0,0,435,8356,0,0,0,0,0,0,0,0,0,0,77,402,7328,7807,16598,0,0,0,0,138,0,0,46,7623,1287,0,27,0,0,2571,0,6428,6148,0,138,16598,1,0,1414,0,0,0,0,6428,2364,0,0,10207,1,1.28556847539769
Ocilla Police Department,2015-09-01,Georgia,3243,GA07701,0,0,0,1,0,0,1,0,0,0,0,0,0,0,0,0,0,0,1,3,4,8,0,0,0,0,1,0,0,1,6,0,0,0,0,0,0,0,0,2578,0,2578,0,0,0,0,0,0,0,0,0,0,0,31,375,5527,5933,8510,0,0,0,0,320,0,0,24,5588,145,24,382,0,0,0,0,0,5973,0,1986,8510,0,0,0,0,0,0,0,0,514,0,0,514,1,1.28556847539769
Ocilla Police Department,2015-08-01,Georgia,3243,GA07701,0,0,0,2,0,0,2,0,0,0,0,0,0,0,0,0,0,0,5,3,4,12,0,1,0,0,2,0,0,0,9,0,0,0,0,0,0,0,0,3728,0,3728,0,0,0,0,0,0,0,0,0,0,0,107,269,4628,5003,8732,0,1,0,0,3471,0,0,0,1531,19,0,7096,0,0,0,0,0,999,0,617,8732,0,0,0,579,0,0,0,0,90,0,0,668,1,1.28556847539769
Ocilla Police Department,2015-07-01,Georgia,3243,GA07701,1,0,0,0,0,0,1,0,0,1,0,0,0,0,0,0,0,0,1,3,5,9,0,0,0,0,1,0,0,0,8,1,0,1,0,0,514,0,0,0,0,514,0,0,0,0,0,0,0,0,0,0,0,1,540,9480,10021,10535,0,0,0,0,257,0,0,0,9764,0,0,0,579,0,0,0,7616,2340,0,1,10535,0,1,0,0,0,0,0,3835,129,0,0,3965,1,1.28556847539769
Ocilla Police Department,2015-06-01,Georgia,3243,GA07701,0,0,0,0,0,0,0,0,1,0,0,0,0,0,0,1,0,1,3,2,7,12,0,2,0,1,1,0,0,0,8,0,0,0,0,0,0,0,0,0,0,0,0,0,0,0,0,0,0,0,365,0,365,238,977,9153,10368,10733,0,231,0,1,257,0,0,0,9878,64,0,102,476,257,0,0,0,9449,0,386,10733,0,0,0,476,0,0,0,0,0,0,0,476,1,1.28556847539769
Ocilla Police Department,2015-05-01,Georgia,3243,GA07701,0,1,0,0,0,0,1,0,0,1,0,0,0,0,0,0,0,0,1,0,3,4,0,0,0,0,0,0,0,0,4,0,0,0,0,1813,0,0,0,0,0,1813,0,0,0,0,0,0,0,0,0,0,0,84,321,3342,3747,5560,0,0,0,0,0,0,0,0,3747,0,0,129,0,0,0,0,0,4275,0,1157,5560,1,0,0,0,0,0,0,0,0,0,0,1,1,1.28556847539769
Ocilla Police Department,2015-04-01,Georgia,3243,GA07701,0,0,0,0,0,0,0,0,0,1,0,0,0,0,0,0,0,0,0,3,8,11,0,0,0,2,0,0,1,0,8,0,0,0,0,0,0,0,0,0,0,0,0,0,0,0,0,0,0,0,0,0,0,0,467,8530,8996,8996,0,0,0,2191,0,0,900,0,5906,937,0,1093,0,0,0,0,0,4872,0,2094,8996,114,0,0,0,0,0,0,0,45,0,0,159,1,1.28556847539769
Ocilla Police Department,2015-03-01,Georgia,3243,GA07701,0,0,0,0,0,0,0,0,0,0,0,1,0,0,0,0,0,1,3,0,2,5,0,1,0,1,0,0,0,2,1,0,0,0,0,0,0,0,0,0,0,0,0,0,0,0,257,0,0,0,0,0,257,40,0,643,683,940,0,257,0,386,0,0,0,39,1,0,39,643,0,129,0,0,0,1,0,129,940,0,39,0,0,262,0,0,0,162,0,0,463,1,1.28556847539769
Ocilla Police Department,2015-02-01,Georgia,3243,GA07701,2,0,0,1,0,0,3,0,0,1,0,0,0,0,0,0,0,0,2,1,0,3,0,0,0,0,0,0,0,2,1,0,0,0,0,0,31322,0,0,39,0,31360,0,0,0,0,0,0,0,0,0,0,0,28,193,0,221,31581,0,0,0,0,0,0,0,28,193,221,0,71,0,0,9513,0,0,19592,2184,0,31581,221,0,0,0,0,0,0,0,0,0,0,221,1,1.28556847539769
Ocilla Police Department,2015-01-01,Georgia,3243,GA07701,1,1,0,2,0,0,4,2,0,1,0,0,0,0,1,0,1,2,3,4,5,12,0,1,0,0,2,0,0,4,5,0,0,0,0,1157,386,0,0,225,0,1768,13370,0,0,0,0,0,0,463,0,45,508,49,595,9070,9714,25359,0,122,0,0,1972,0,0,113,7506,22,91,848,1157,0,0,0,6942,14852,0,1446,25359,22,26,26,0,0,0,0,0,694,0,0,767,1,1.28556847539769
Ocilla Police Department,2014-12-01,Georgia,3485,GA07701,1,1,0,0,0,0,2,0,0,0,0,0,0,0,0,0,0,0,2,3,5,10,0,0,0,0,1,0,0,0,9,0,0,0,0,450,1112,0,0,0,0,1563,0,0,0,0,0,0,0,0,0,0,0,346,463,16139,16948,18511,0,0,0,0,129,0,0,0,16820,129,0,2283,0,579,0,0,0,15134,0,386,18511,0,0,2174,0,129,0,0,0,0,0,0,2303,1,1.28709350845562
Ocilla Police Department,2014-11-01,Georgia,3485,GA07701,1,0,0,0,0,0,1,2,0,0,0,0,0,0,0,0,0,0,2,0,0,2,0,0,0,0,0,0,0,2,0,0,0,0,0,0,257,0,0,0,0,257,10746,0,0,0,0,0,0,0,0,0,0,46,0,0,46,11050,0,0,0,0,0,0,0,46,0,0,32,0,0,14,0,0,8429,2574,0,0,11050,0,19,0,0,14,0,0,0,12,0,0,45,1,1.28709350845562
Ocilla Police Department,2014-10-01,Georgia,3485,GA07701,0,0,0,1,0,0,1,0,0,0,0,0,0,0,0,1,0,1,3,2,2,7,0,1,0,0,0,0,0,2,4,1,0,1,0,0,0,0,0,8939,0,8939,0,0,0,0,0,0,0,0,5792,0,5792,66,277,1035,1377,16108,0,148,0,0,0,0,0,21,1209,21,0,393,642,0,0,0,5792,322,0,8939,16108,21,0,393,642,0,0,0,5792,314,0,0,7161,1,1.28709350845562
Ocilla Police Department,2014-09-01,Georgia,3485,GA07701,0,0,0,0,0,0,0,1,0,0,0,0,0,0,0,0,0,0,0,1,4,5,0,0,0,0,1,0,0,0,4,1,0,1,0,0,0,0,0,0,0,0,3219,0,0,0,0,0,0,0,0,0,0,0,129,2864,2992,6212,0,0,0,0,869,0,0,0,2124,0,0,1738,0,0,0,0,3219,997,0,257,6212,0,0,0,0,0,0,0,3540,129,0,0,3668,1,1.28709350845562
Ocilla Police Department,2014-08-01,Georgia,3485,GA07701,1,0,0,0,0,0,1,0,0,0,0,0,0,0,0,0,1,1,5,3,7,15,0,2,0,0,2,0,1,2,8,0,0,0,0,0,644,0,0,0,0,644,0,0,0,0,0,0,0,0,0,358,358,147,925,8371,9443,10445,0,386,0,0,524,0,450,54,8029,933,50,6900,0,0,0,0,0,2142,0,420,10445,0,50,0,0,0,0,0,0,257,0,0,308,1,1.28709350845562
Ocilla Police Department,2014-07-01,Georgia,3485,GA07701,1,2,0,0,0,0,3,0,0,0,0,0,0,0,0,0,0,0,2,2,5,9,1,0,0,0,2,0,0,0,6,0,0,0,0,6868,45,0,0,0,0,6913,0,0,0,0,0,0,0,0,0,0,0,54,411,18247,18712,25625,218,0,0,0,578,0,0,0,17916,193,98,0,0,0,0,0,0,22568,0,2766,25625,0,0,32,0,0,0,0,0,934,0,0,967,1,1.28709350845562
Ocilla Police Department,2014-06-01,Georgia,3485,GA07701,0,1,0,1,0,0,2,0,0,0,0,0,0,0,0,0,0,0,1,6,6,13,0,1,0,0,1,0,0,2,9,0,0,0,0,2169,0,0,0,2095,0,4264,0,0,0,0,0,0,0,0,0,0,0,113,996,21041,22151,26415,0,193,0,0,772,0,0,113,21072,58,0,13356,0,0,129,0,0,12866,0,6,26415,58,0,0,0,64,0,0,0,7883,0,6,8012,1,1.28709350845562
Ocilla Police Department,2014-05-01,Georgia,3485,GA07701,1,1,0,1,0,0,3,0,0,1,0,0,0,0,0,0,0,0,1,4,5,10,0,2,0,1,1,1,0,0,5,0,0,0,0,386,1030,0,0,3861,0,5277,0,0,0,0,0,0,0,0,0,0,0,49,348,2242,2639,7916,0,193,0,257,515,23,0,0,1650,26,90,1364,0,386,515,0,0,5470,0,64,7916,0,57,0,0,0,0,0,0,0,0,0,57,1,1.28709350845562
Ocilla Police Department,2014-04-01,Georgia,3485,GA07701,0,0,0,1,0,0,1,1,0,0,0,0,0,0,0,0,0,0,1,5,3,9,1,1,0,1,1,0,0,0,5,0,0,0,0,0,0,0,0,644,0,644,3237,0,0,0,0,0,0,0,0,0,0,14,642,2991,3648,7528,160,122,0,292,64,0,0,0,3009,0,0,139,515,0,0,0,0,6063,0,811,7528,0,0,0,0,0,0,0,0,3218,0,0,3218,1,1.28709350845562
Ocilla Police Department,2014-03-01,Georgia,3485,GA07701,1,1,0,0,0,0,2,1,0,0,0,0,0,0,0,0,0,0,2,4,4,10,0,2,0,0,0,0,0,1,7,0,0,0,0,1545,360,0,0,0,0,1905,3218,0,0,0,0,0,0,0,0,0,0,131,445,10975,11552,16674,0,438,0,0,0,0,0,37,11077,0,938,0,360,37,0,0,3218,11220,0,901,16674,0,0,26,0,37,0,0,0,257,0,0,320,1,1.28709350845562
Ocilla Police Department,2014-02-01,Georgia,3485,GA07701,0,0,0,0,0,0,0,2,0,0,0,0,0,0,0,0,0,0,0,4,3,7,0,1,0,0,0,0,0,0,6,0,0,0,0,0,0,0,0,0,0,0,14091,0,0,0,0,0,0,0,0,0,0,122,405,1090,1618,15709,0,103,0,0,0,0,0,0,1515,0,77,897,0,0,0,0,6435,8299,0,0,15709,0,0,0,0,0,0,0,0,0,0,0,0,1,1.28709350845562
Ocilla Police Department,2014-01-01,Georgia,3485,GA07701,1,1,0,0,0,0,2,0,0,0,0,0,0,0,0,0,0,0,3,1,3,7,0,0,0,0,0,0,0,2,5,0,0,0,0,77,1931,0,0,0,0,2008,0,0,0,0,0,0,0,0,0,0,0,48,1255,1545,2847,4855,0,0,0,0,0,0,0,35,2812,414,0,0,0,142,0,0,0,2368,0,1931,4855,21,0,0,0,0,0,0,0,75,2574,644,3313,1,1.28709350845562
Ocilla Police Department,2013-12-01,Georgia,3553,GA07701,8,0,0,0,1,0,9,1,0,1,0,0,0,0,1,0,0,1,4,1,2,7,0,0,0,0,1,0,0,2,4,0,0,0,0,0,6744,0,706,0,0,7450,7194,0,0,0,0,0,0,14388,0,0,14388,149,595,43561,44305,73337,0,0,0,0,43168,0,0,166,971,473,20,14933,0,262,0,0,7194,45017,2616,2823,73337,9,20,0,0,0,0,0,0,7,0,337,373,1,1.30797303509051
Ocilla Police Department,2013-11-01,Georgia,3553,GA07701,0,0,0,2,0,0,2,3,0,0,0,0,0,0,0,0,0,0,3,3,6,12,0,1,0,0,1,0,0,1,9,0,0,0,0,0,0,0,0,1538,0,1538,11379,0,0,0,0,0,0,0,0,0,0,112,569,5036,5717,18635,0,131,0,0,209,0,0,8,5369,39,0,1747,0,8,0,0,4840,8338,0,3662,18635,0,0,0,0,0,0,0,0,262,0,0,262,1,1.30797303509051
Ocilla Police Department,2013-10-01,Georgia,3553,GA07701,0,0,0,0,0,0,0,0,0,0,0,0,0,0,1,0,0,1,3,3,7,13,0,0,0,1,2,0,0,3,7,0,0,0,0,0,0,0,0,0,0,0,0,0,0,0,0,0,0,131,0,0,131,90,756,6178,7024,7155,0,0,0,392,347,0,0,196,6089,0,272,2747,392,97,0,0,0,3320,0,327,7155,0,4,131,0,0,0,0,0,188,0,0,323,1,1.30797303509051
Ocilla Police Department,2013-09-01,Georgia,3553,GA07701,1,1,0,1,0,0,3,0,0,1,0,0,0,1,0,1,0,2,1,2,3,6,0,0,0,1,1,0,0,0,4,0,0,0,0,1171,850,0,0,33,0,2054,0,0,0,0,0,0,59,0,131,0,190,61,484,2454,2999,5242,0,0,0,497,262,0,0,0,2241,0,0,379,163,39,0,0,0,768,0,3893,5242,0,0,0,0,0,0,0,0,48,0,0,48,1,1.30797303509051
Ocilla Police Department,2013-08-01,Georgia,3553,GA07701,1,0,0,1,0,0,2,1,0,0,0,0,0,1,0,0,0,1,3,4,6,13,0,1,0,0,1,0,0,1,10,0,0,0,0,0,4290,0,0,2224,0,6514,1504,0,0,0,0,0,46,0,0,0,46,107,475,8450,9032,17095,0,116,0,0,188,0,0,35,8691,0,46,9880,0,78,0,0,0,3690,0,3401,17095,0,7,101,1962,0,0,0,0,29,0,0,2098,1,1.30797303509051
Ocilla Police Department,2013-07-01,Georgia,3553,GA07701,0,1,0,0,0,0,1,2,0,0,0,0,0,0,0,0,0,0,2,3,4,9,0,0,0,1,0,0,0,3,5,0,0,0,0,523,0,0,0,0,0,523,2027,0,0,0,0,0,0,0,0,0,0,327,1413,7325,9064,11615,0,0,0,173,0,0,0,217,8674,4165,12,3509,0,549,16,0,1962,1271,0,131,11615,175,0,0,0,0,16,0,0,3296,0,0,3487,1,1.30797303509051
Ocilla Police Department,2013-06-01,Georgia,3553,GA07701,1,1,0,0,0,0,2,2,0,0,0,0,0,0,0,0,0,0,3,2,4,9,0,0,0,0,1,0,0,2,6,2,0,2,0,916,7848,0,0,0,0,8763,9810,0,0,0,0,0,0,0,0,0,0,127,222,5886,6235,24808,0,0,0,0,157,0,0,133,5945,0,140,0,916,0,9051,0,9810,3976,0,916,24808,0,133,0,0,0,0,0,6540,1112,0,0,7785,1,1.30797303509051
Ocilla Police Department,2013-05-01,Georgia,3553,GA07701,0,0,0,0,0,0,0,1,0,1,0,0,0,0,0,1,0,1,2,1,4,7,0,0,0,0,1,0,0,0,6,0,0,0,0,0,0,0,0,0,0,0,1962,0,0,0,0,0,0,0,26,0,26,194,73,7595,7862,9850,0,0,0,0,314,0,0,0,7548,0,0,2719,0,0,1,0,1962,5168,0,0,9850,0,0,0,0,0,0,0,0,2141,0,0,2141,1,1.30797303509051
Ocilla Police Department,2013-04-01,Georgia,3553,GA07701,0,0,0,0,0,0,0,0,0,0,0,0,0,0,0,0,0,0,2,1,1,4,0,0,0,1,0,0,0,0,3,0,0,0,0,0,0,0,0,0,0,0,0,0,0,0,0,0,0,0,0,0,0,9,182,654,845,845,0,0,0,654,0,0,0,0,191,0,8,1,182,0,0,0,0,654,0,0,845,0,0,0,0,0,0,0,0,0,0,0,0,1,1.30797303509051
Ocilla Police Department,2013-03-01,Georgia,3553,GA07701,1,2,0,0,1,0,4,0,0,0,0,0,0,0,0,0,0,0,2,6,3,11,0,0,0,1,1,0,0,1,8,0,0,0,0,1615,157,0,0,0,0,1772,0,0,0,0,0,0,0,0,0,0,0,145,787,3703,4635,6408,0,0,0,1177,212,0,0,33,3214,353,0,1349,0,0,392,1210,0,2450,0,654,6408,0,0,78,0,0,0,33,0,0,0,0,111,1,1.30797303509051
Ocilla Police Department,2013-02-01,Georgia,3553,GA07701,1,0,0,0,0,0,1,0,0,0,0,0,0,0,0,0,0,0,3,1,4,8,0,1,0,0,1,0,0,2,4,0,0,0,0,0,33,0,0,0,0,33,0,0,0,0,0,0,0,0,0,0,0,72,209,6474,6756,6788,0,392,0,0,327,0,0,38,5998,25,13,3957,0,0,1962,0,0,505,0,327,6788,25,13,0,0,0,0,0,0,327,0,0,365,1,1.30797303509051
Ocilla Police Department,2013-01-01,Georgia,3553,GA07701,0,0,0,0,0,0,0,0,0,0,0,0,0,1,0,0,0,1,0,0,4,4,0,0,0,1,2,0,0,0,1,0,0,0,0,0,0,0,0,0,0,0,0,0,0,0,0,0,27,0,0,0,27,0,0,2864,2864,2892,0,0,0,706,1766,0,0,0,392,65,0,732,0,0,0,0,0,2094,0,0,2892,0,0,706,0,0,0,0,0,0,0,196,903,1,1.30797303509051
Ocilla Police Department,2012-12-01,Georgia,3606,GA07701,2,0,0,0,0,0,2,0,0,0,0,0,0,0,0,0,0,0,2,1,2,5,0,0,0,1,0,0,0,1,3,0,0,0,0,0,289,0,0,0,0,289,0,0,0,0,0,0,0,0,0,0,0,9,106,1248,1363,1652,0,0,0,1,0,0,0,8,1354,8,66,0,0,0,0,0,0,107,0,1470,1652,0,0,0,0,0,0,0,0,0,0,0,0,1,1.32713265123532
Ocilla Police Department,2012-11-01,Georgia,3606,GA07701,0,0,0,0,1,0,1,0,0,0,0,0,0,0,0,0,0,0,4,6,1,11,0,0,0,1,3,0,0,4,3,0,0,0,0,0,0,0,1327,0,0,1327,0,0,0,0,0,0,0,0,0,0,0,255,873,4645,5773,7100,0,0,0,4645,421,0,0,348,360,50,93,224,199,104,0,0,0,4865,0,1565,7100,50,0,0,0,104,0,0,0,4709,0,0,4863,1,1.32713265123532
Ocilla Police Department,2012-10-01,Georgia,3606,GA07701,1,0,0,0,0,0,1,1,0,0,0,0,0,0,0,0,0,0,4,2,1,7,0,1,1,0,1,0,0,1,3,0,0,0,0,0,795,0,0,0,0,795,2654,0,0,0,0,0,0,0,0,0,0,113,139,664,916,4365,0,66,27,0,33,0,0,13,776,0,86,53,0,0,697,0,2654,875,0,0,4365,597,13,0,0,0,33,0,0,66,0,0,710,1,1.32713265123532
Ocilla Police Department,2012-09-01,Georgia,3606,GA07701,1,0,0,0,0,0,1,0,0,0,0,0,0,0,0,0,0,0,8,1,1,10,0,0,0,0,2,1,0,3,4,0,0,0,0,0,133,0,0,0,0,133,0,0,0,0,0,0,0,0,0,0,0,133,66,332,531,664,0,0,0,0,32,13,0,66,419,0,16,146,332,119,11,0,0,40,0,0,664,0,1,0,990,53,0,0,0,17,0,0,1062,1,1.32713265123532
Ocilla Police Department,2012-08-01,Georgia,3606,GA07701,3,1,0,0,0,0,4,1,0,4,0,0,0,0,0,0,0,0,0,2,3,5,0,0,0,0,2,0,0,0,3,0,0,0,0,265,5340,0,0,0,0,5606,3052,0,0,0,0,0,0,0,0,0,0,53,637,4512,5202,13861,0,0,0,0,4260,0,0,0,942,58,0,0,531,133,265,0,0,10617,398,1858,13861,19,0,0,0,0,0,0,0,1526,0,0,1545,1,1.32713265123532
Ocilla Police Department,2012-07-01,Georgia,3606,GA07701,0,2,0,0,1,0,3,1,0,0,0,0,0,0,0,0,0,0,5,0,2,7,0,0,0,0,0,0,0,2,5,1,0,1,0,1460,0,0,0,0,0,1460,21234,0,0,0,0,0,0,0,0,0,0,96,250,1817,2162,24856,0,0,0,0,0,0,0,20,2142,398,8,0,0,4,796,0,21234,690,0,1725,24856,0,8,0,0,4,0,0,21234,8,0,664,21918,1,1.32713265123532
Ocilla Police Department,2012-06-01,Georgia,3606,GA07701,1,0,0,1,0,0,2,2,0,1,0,0,0,0,0,0,0,0,1,4,1,6,0,1,0,0,2,0,0,0,3,1,0,1,0,0,0,0,0,182,0,182,3451,0,0,0,0,0,0,0,0,0,0,13,463,1327,1804,5436,0,118,0,0,93,0,0,0,1593,0,0,133,0,0,0,0,4778,526,0,0,5436,0,0,0,0,0,0,0,2654,251,0,0,2905,1,1.32713265123532
Ocilla Police Department,2012-05-01,Georgia,3606,GA07701,1,0,0,0,0,0,1,1,0,0,0,0,0,0,0,0,0,0,1,2,10,13,0,2,0,1,2,0,0,1,7,0,0,0,0,0,2192,0,0,0,0,2192,2654,0,0,0,0,0,0,0,0,0,0,62,591,7632,8285,13132,0,597,0,929,1427,0,0,9,5323,1273,0,0,0,0,1858,0,2654,7347,0,0,13132,9,0,0,0,0,0,0,0,332,0,0,341,1,1.32713265123532
Ocilla Police Department,2012-04-01,Georgia,3606,GA07701,3,1,0,1,0,0,5,1,0,0,0,0,0,0,0,0,0,0,3,4,6,13,0,1,0,1,1,0,0,1,9,0,0,0,0,584,2860,0,0,531,0,3975,27,0,0,0,0,0,0,0,0,0,0,180,464,8958,9603,13604,0,133,0,121,265,0,0,9,9075,673,0,4155,0,0,0,0,0,7582,664,531,13604,9,0,0,0,0,0,0,0,6357,0,0,6366,1,1.32713265123532
Ocilla Police Department,2012-03-01,Georgia,3606,GA07701,0,1,0,0,1,0,2,0,0,0,0,0,0,0,0,0,0,0,2,6,5,13,0,5,0,0,1,0,1,1,5,0,0,0,0,896,0,0,464,0,0,1360,0,0,0,0,0,0,0,0,0,0,0,109,847,12052,13007,14368,0,887,0,0,133,0,398,8,11582,0,664,159,0,0,2654,0,0,9728,0,1163,14368,0,0,0,0,0,0,0,0,406,0,0,406,1,1.32713265123532
Ocilla Police Department,2012-02-01,Georgia,3606,GA07701,2,0,0,0,0,0,2,0,0,1,0,0,0,0,0,0,0,0,3,2,4,9,0,1,0,0,2,0,0,2,4,0,0,0,0,0,1659,0,0,0,0,1659,0,0,0,0,0,0,0,0,0,0,0,27,612,3297,3935,5594,0,20,0,0,2123,0,0,3,1789,0,0,133,0,0,2522,1413,0,0,0,1526,5594,0,0,0,0,0,1991,3,0,0,0,133,2126,1,1.32713265123532
Ocilla Police Department,2012-01-01,Georgia,3606,GA07701,1,0,0,0,0,0,1,0,0,0,0,0,0,0,0,0,0,0,2,4,4,10,0,1,0,2,0,0,0,2,5,0,0,0,0,0,12792,0,0,0,0,12792,0,0,0,0,0,0,0,0,0,0,0,84,507,3969,4560,17352,0,100,0,2053,0,0,0,31,2377,774,27,345,2311,0,7419,0,4710,1768,0,0,17352,17,0,0,1858,0,0,0,0,1340,0,0,3216,1,1.32713265123532
Ocilla Police Department,2011-12-01,Georgia,3459,GA07701,3,0,0,0,0,0,3,0,0,1,0,0,0,0,1,0,0,1,1,3,0,4,1,0,0,0,0,0,0,1,2,0,0,0,0,0,4914,0,0,0,0,4914,0,0,0,0,0,0,0,677,0,0,677,41,406,0,447,6039,135,0,0,0,0,0,0,41,271,0,0,813,0,0,203,0,0,379,0,4644,6039,0,0,135,0,0,0,0,0,0,0,0,135,1,1.35459550174677
Ocilla Police Department,2011-11-01,Georgia,3459,GA07701,0,0,0,2,0,0,2,3,0,0,0,0,0,0,0,0,0,0,3,1,1,5,0,0,0,0,0,0,0,2,3,0,0,0,0,0,0,0,0,4301,0,4301,11243,0,0,0,0,0,0,0,0,0,0,9,135,347,492,16036,0,0,0,0,0,0,0,7,485,1,5,0,0,0,0,0,11243,4439,0,347,16036,1,5,0,0,0,0,0,0,0,0,0,7,1,1.35459550174677
Ocilla Police Department,2011-10-01,Georgia,3459,GA07701,0,1,0,0,1,0,2,0,0,0,0,0,0,0,0,0,0,0,3,4,1,8,0,1,0,1,2,0,0,1,3,0,0,0,0,1596,0,0,413,0,0,2009,0,0,0,0,0,0,0,0,0,0,0,173,576,494,1244,3252,0,27,0,257,324,0,0,5,630,0,69,135,0,0,0,0,0,1741,677,630,3252,0,9,0,0,0,0,0,0,211,0,494,715,1,1.35459550174677
Ocilla Police Department,2011-09-01,Georgia,3459,GA07701,1,1,0,0,0,0,2,0,0,0,0,0,0,0,0,0,0,0,2,4,5,11,1,0,0,2,2,0,0,0,6,0,0,0,0,406,14,0,0,0,0,420,0,0,0,0,0,0,0,0,0,0,0,54,1659,2730,4443,4863,708,0,0,306,1355,0,0,0,2074,0,0,814,406,0,0,0,0,2264,0,1379,4863,0,0,0,406,0,0,0,0,647,0,171,1225,1,1.35459550174677
Ocilla Police Department,2011-08-01,Georgia,3459,GA07701,0,0,0,0,0,0,0,0,0,0,0,0,0,0,0,0,0,0,4,6,4,14,0,4,0,0,0,0,0,4,6,0,0,0,0,0,0,0,0,0,0,0,0,0,0,0,0,0,0,0,0,0,0,169,1512,8904,10585,10585,0,631,0,0,0,0,0,68,9886,11,33,34,0,15,0,0,0,10290,203,0,10585,11,33,0,0,15,0,0,0,186,203,0,447,1,1.35459550174677
Ocilla Police Department,2011-07-01,Georgia,3459,GA07701,1,0,0,0,0,0,1,1,0,0,0,0,0,0,0,0,0,0,3,4,7,14,1,2,0,1,3,0,0,1,6,1,0,1,0,0,1084,0,0,0,0,1084,3652,0,0,0,0,0,0,0,0,0,0,329,515,14325,15169,19904,108,610,0,406,4335,0,0,45,9665,34,68,461,677,0,5757,0,7857,4205,0,847,19904,34,0,0,0,0,0,0,7857,610,0,0,8500,1,1.35459550174677
Ocilla Police Department,2011-06-01,Georgia,3459,GA07701,2,3,0,0,0,0,5,2,0,0,0,0,0,0,0,0,0,0,6,3,5,14,1,0,0,1,1,0,0,1,10,2,0,2,0,3225,15578,0,0,0,0,18803,5147,0,0,0,0,0,0,0,0,0,0,226,406,37658,38290,62241,14,0,0,41,21674,0,0,47,16515,234,73,8466,0,1356,5689,0,5147,36926,542,3806,62241,11,37,0,0,0,0,0,5147,0,0,339,5534,1,1.35459550174677
Ocilla Police Department,2011-05-01,Georgia,3459,GA07701,1,1,0,2,0,0,4,0,0,1,0,0,0,0,0,0,0,0,2,4,5,11,0,1,0,1,4,0,0,1,4,0,0,0,0,2181,203,0,0,867,0,3251,0,0,0,0,0,0,0,0,0,0,0,33,653,7095,7781,11032,0,135,0,677,6418,0,0,5,545,135,135,1298,897,0,0,6033,0,0,0,2533,11032,135,0,0,0,0,0,5,0,0,0,0,141,1,1.35459550174677
Ocilla Police Department,2011-04-01,Georgia,3459,GA07701,1,1,0,0,0,0,2,1,0,0,0,0,0,0,0,0,0,0,6,4,4,14,0,0,0,1,1,0,0,1,11,0,1,1,0,555,4064,0,0,0,0,4619,13546,0,0,0,0,0,0,0,0,0,0,173,643,2167,2984,21149,0,0,0,1727,0,0,0,14,1244,135,160,542,0,3827,0,0,13546,2533,0,406,21149,0,0,0,0,0,0,0,13546,0,0,0,13546,1,1.35459550174677
Ocilla Police Department,2011-03-01,Georgia,3459,GA07701,2,2,0,0,0,0,4,0,0,0,0,0,0,0,0,0,0,0,12,6,2,20,0,3,0,0,3,0,0,4,10,0,0,0,0,3454,2308,0,0,0,0,5762,0,0,0,0,0,0,0,0,0,0,0,283,666,948,1898,7660,0,332,0,0,293,0,0,46,1227,16,253,332,0,1626,137,0,0,1233,0,4064,7660,0,14,0,0,814,0,0,0,125,0,677,1630,1,1.35459550174677
Ocilla Police Department,2011-02-01,Georgia,3459,GA07701,0,1,0,0,0,0,1,0,0,0,0,0,0,0,0,0,0,0,1,2,0,3,0,0,0,0,0,0,1,0,2,0,0,0,0,271,0,0,0,0,0,271,0,0,0,0,0,0,0,0,0,0,0,34,251,0,284,555,0,0,0,0,0,0,88,0,196,0,305,163,0,0,0,0,0,88,0,0,555,0,0,0,0,0,0,0,0,0,0,0,0,1,1.35459550174677
Ocilla Police Department,2011-01-01,Georgia,3459,GA07701,0,0,0,0,0,0,0,1,0,1,0,0,0,0,0,0,1,1,6,0,2,8,0,0,0,0,0,0,0,3,5,0,0,0,0,0,0,0,0,0,0,0,4470,0,0,0,0,0,0,0,0,332,332,126,0,2438,2564,7366,0,0,0,0,0,0,0,37,2528,0,5,61,406,0,0,0,4064,2543,0,287,7366,0,5,0,0,0,0,0,0,3,0,0,8,1,1.35459550174677
Ocilla Police Department,2010-12-01,Georgia,3414,GA07701,1,0,0,2,0,0,3,1,1,0,0,0,0,0,0,0,0,0,7,2,4,13,0,2,0,0,1,0,0,0,10,0,0,0,0,0,489,0,0,5504,0,5993,13974,0,0,0,0,0,0,0,0,0,0,236,803,2086,3126,23093,0,790,0,0,1,0,0,0,2335,42,0,169,1607,2166,2096,0,13974,2341,0,699,23093,0,0,0,0,0,0,0,0,0,0,0,0,1,1.3973579356326
Ocilla Police Department,2010-11-01,Georgia,3414,GA07701,1,0,0,2,0,0,3,1,0,0,0,0,0,0,0,0,0,0,7,2,4,13,0,2,0,0,1,0,0,0,10,0,0,0,0,0,489,0,0,5504,0,5993,13974,0,0,0,0,0,0,0,0,0,0,236,803,2086,3126,23093,0,790,0,0,1,0,0,0,2335,42,0,169,1607,2166,2096,0,13974,2341,0,699,23093,0,0,0,0,0,0,0,0,0,0,0,0,1,1.3973579356326
Ocilla Police Department,2010-10-01,Georgia,3414,GA07701,1,0,0,0,0,0,1,0,0,0,0,0,0,0,0,1,0,1,1,2,4,7,0,0,1,1,0,0,0,0,5,0,0,0,0,0,4192,0,0,0,0,4192,0,0,0,0,0,0,0,0,91,0,91,70,377,17816,18263,22546,0,0,210,419,0,0,0,0,17635,28,0,175,419,0,0,0,0,17104,0,4821,22546,0,0,0,0,0,0,0,0,0,0,0,0,1,1.3973579356326
Ocilla Police Department,2010-09-01,Georgia,3414,GA07701,0,0,0,0,0,0,0,0,0,0,0,0,0,0,0,0,0,0,5,5,3,13,0,1,0,0,0,0,0,0,12,0,0,0,0,0,0,0,0,0,0,0,0,0,0,0,0,0,0,0,0,0,0,317,1604,1327,3249,3249,0,70,0,0,0,0,0,0,3179,0,113,454,0,217,713,0,0,1438,0,314,3249,0,0,0,0,0,0,0,0,0,0,0,0,1,1.3973579356326
Ocilla Police Department,2010-08-01,Georgia,3414,GA07701,0,0,0,0,0,0,0,0,0,0,0,1,0,0,0,0,0,1,4,1,5,10,0,2,0,0,3,0,0,1,4,0,0,0,0,0,0,0,0,0,0,0,0,0,0,0,699,0,0,0,0,0,699,155,467,5782,6404,7103,0,544,0,0,5489,0,0,11,361,0,64,3540,0,0,0,0,0,2737,0,762,7103,0,0,0,0,0,0,0,0,1956,0,0,1956,1,1.3973579356326
Ocilla Police Department,2010-07-01,Georgia,3414,GA07701,0,1,0,0,1,0,2,1,0,0,0,0,0,0,0,0,0,0,3,2,3,8,0,0,0,0,1,0,0,1,6,0,0,0,0,0,0,0,293,0,0,293,6987,0,0,0,0,0,0,0,0,0,0,92,313,978,1383,8664,0,0,0,0,419,0,0,34,931,34,155,168,559,0,0,0,6987,762,0,0,8664,0,0,0,559,0,0,0,0,0,0,447,1006,1,1.3973579356326
Ocilla Police Department,2010-06-01,Georgia,3414,GA07701,1,1,0,1,0,0,3,0,0,0,0,0,0,0,0,0,0,0,7,2,6,15,0,1,0,1,2,0,0,3,8,0,0,0,0,7665,38,0,0,210,0,7912,0,0,0,0,0,0,0,0,0,0,0,134,418,3492,4044,11956,0,140,0,559,430,0,0,45,2870,0,98,829,279,615,6987,0,0,3148,0,0,11956,0,48,0,0,0,0,0,0,4,0,0,52,1,1.3973579356326
Ocilla Police Department,2010-05-01,Georgia,3414,GA07701,0,0,0,0,3,0,3,1,0,3,0,0,0,0,0,1,0,1,9,8,7,24,0,3,0,1,4,0,1,0,15,1,0,1,0,0,0,0,333,0,0,333,20960,0,0,0,0,0,0,0,7266,0,7266,365,1231,11668,13264,41823,0,472,0,73,10169,0,77,0,2473,0,115,196,0,317,7266,0,20960,12054,838,77,41823,0,0,0,0,0,0,0,20960,1642,0,0,22602,1,1.3973579356326
Ocilla Police Department,2010-04-01,Georgia,3414,GA07701,0,3,0,0,0,0,3,1,0,0,0,0,0,0,0,0,1,1,5,3,5,13,0,1,0,0,0,0,0,1,11,0,0,0,0,1831,0,0,0,0,0,1831,699,0,0,0,0,0,0,0,0,426,426,200,356,2641,3197,6153,0,140,0,0,0,0,0,70,2988,0,70,1860,0,0,0,0,699,1513,0,2011,6153,0,70,0,0,0,0,0,0,419,0,210,699,1,1.3973579356326
Ocilla Police Department,2010-03-01,Georgia,3414,GA07701,0,0,0,0,0,0,0,0,0,0,0,0,0,0,0,0,0,0,0,0,0,0,0,0,0,0,0,0,0,0,0,0,0,0,0,0,0,0,0,0,0,0,0,0,0,0,0,0,0,0,0,0,0,0,0,0,0,0,0,0,0,0,0,0,0,0,0,0,0,0,0,0,0,0,0,0,0,0,0,0,0,0,0,0,0,0,0,0,0,0,0,1,1.3973579356326
Ocilla Police Department,2010-02-01,Georgia,3414,GA07701,2,0,0,0,0,0,2,1,0,0,0,1,0,0,0,0,0,1,8,2,2,12,0,0,0,0,2,0,0,7,3,1,0,1,0,0,1677,0,0,0,0,1677,11878,0,0,0,517,0,0,0,0,0,517,270,627,838,1736,15807,0,0,0,0,971,0,0,205,559,50,379,796,559,0,0,0,11878,1097,0,1048,15807,50,36,130,279,0,0,0,11878,637,0,0,13011,1,1.3973579356326
Ocilla Police Department,2010-01-01,Georgia,3414,GA07701,0,0,0,0,0,0,0,1,0,1,0,0,0,0,0,0,0,0,2,1,3,6,0,0,0,0,1,0,1,1,3,1,0,1,0,0,0,0,0,0,0,0,5589,0,0,0,0,0,0,0,0,0,0,34,112,6706,6851,12441,0,0,0,0,279,0,126,4,6442,0,15,112,0,0,0,0,5589,5608,0,1116,12441,0,0,0,0,0,0,0,5589,4,0,837,6431,1,1.3973579356326
Ocilla Police Department,2009-12-01,Georgia,3130,GA07701,0,0,0,0,0,0,0,0,0,0,0,0,0,0,0,0,0,0,0,0,0,0,0,0,0,0,0,0,0,0,0,0,0,0,0,0,0,0,0,0,0,0,0,0,0,0,0,0,0,0,0,0,0,0,0,0,0,0,0,0,0,0,0,0,0,0,0,0,0,0,0,0,0,0,0,0,0,0,0,0,0,0,0,0,0,0,0,0,0,0,0,1,1.42027521282265
Ocilla Police Department,2009-11-01,Georgia,3130,GA07701,1,0,0,0,1,0,2,0,0,0,0,0,0,0,0,0,0,0,3,1,2,6,0,0,0,0,0,0,0,1,5,0,0,0,0,0,1846,0,14913,0,0,16759,0,0,0,0,0,0,0,0,0,0,0,121,156,710,987,17746,0,0,0,0,0,0,0,156,831,0,92,426,0,0,2003,0,0,15225,0,0,17746,0,0,0,0,0,0,0,0,14913,0,0,14913,1,1.42027521282265
Ocilla Police Department,2009-10-01,Georgia,3130,GA07701,2,0,0,0,1,0,3,1,0,0,0,0,0,0,0,0,0,0,12,1,2,15,0,2,0,0,0,0,0,1,12,1,0,1,0,0,61,0,568,0,0,629,4261,0,0,0,0,0,0,0,0,0,0,375,1037,568,1980,6870,0,753,0,0,0,0,0,6,1221,0,115,574,0,4,0,0,4261,1064,0,852,6870,0,0,57,0,0,0,0,4261,0,0,0,4318,1,1.42027521282265
Ocilla Police Department,2009-09-01,Georgia,3130,GA07701,0,0,0,0,0,0,0,0,0,0,0,0,0,0,0,0,0,0,3,4,3,10,0,1,0,1,3,0,0,1,4,0,0,0,0,0,0,0,0,0,0,0,0,0,0,0,0,0,0,0,0,0,0,62,477,2008,2548,2548,0,71,0,178,1866,0,0,14,419,0,34,399,0,0,0,0,0,675,1440,0,2548,0,0,0,0,0,0,0,0,0,0,0,0,1,1.42027521282265
Ocilla Police Department,2009-08-01,Georgia,3130,GA07701,1,1,0,0,0,0,2,1,0,1,0,0,0,0,0,0,0,0,7,2,2,11,0,0,0,0,0,0,0,2,9,1,0,1,0,4,923,0,0,0,0,927,11362,0,0,0,0,0,0,0,0,0,0,145,230,11646,12021,24311,0,0,0,0,0,0,0,20,12001,4,16,4,284,426,0,0,22724,699,0,153,24311,0,0,4,0,0,0,0,22724,0,0,11,22740,1,1.42027521282265
Ocilla Police Department,2009-07-01,Georgia,3130,GA07701,0,1,0,0,0,0,1,0,0,1,0,0,0,0,0,0,0,0,4,3,2,9,0,0,0,1,1,0,0,1,6,0,0,0,0,710,0,0,0,0,0,710,0,0,0,0,0,0,0,0,0,0,0,132,1115,2633,3880,4590,0,0,0,142,1214,0,0,31,2493,0,43,859,0,0,0,0,0,1034,0,2654,4590,0,0,0,0,0,0,0,0,31,0,0,31,1,1.42027521282265
Ocilla Police Department,2009-06-01,Georgia,3130,GA07701,1,0,0,1,0,0,2,0,1,1,0,0,0,0,1,0,0,1,12,3,3,18,0,1,0,1,0,0,1,5,10,0,0,0,0,0,426,0,0,355,0,781,0,0,0,0,0,0,0,497,0,0,497,385,592,9303,10280,11558,0,213,0,8451,0,0,14,136,1466,125,118,511,0,355,0,0,0,848,0,9601,11558,0,1,14,0,0,0,0,0,0,0,0,16,1,1.42027521282265
Ocilla Police Department,2009-05-01,Georgia,3130,GA07701,1,1,0,0,1,0,3,1,0,0,0,0,0,0,0,0,0,0,4,1,3,8,0,0,0,1,1,0,1,1,4,1,0,1,0,28,426,0,4261,0,0,4715,7101,0,0,0,0,0,0,0,0,0,0,1598,8505,18657,28759,40576,0,0,0,36,1,0,34,7,28681,7,9,1136,0,0,426,0,7101,31897,0,0,40576,7,0,710,0,0,0,0,7101,4262,0,0,12081,1,1.42027521282265
Ocilla Police Department,2009-04-01,Georgia,3130,GA07701,0,0,0,1,0,0,1,1,0,1,0,0,0,0,0,0,0,0,5,1,4,10,0,0,0,0,0,0,0,2,8,1,0,1,0,0,0,0,0,22724,0,22724,9942,0,0,0,0,0,0,0,0,0,0,170,78,430,679,33345,0,0,0,0,0,0,0,114,565,114,107,284,0,0,0,0,9942,22899,0,0,33345,67,0,0,0,0,0,0,9942,12782,0,0,22791,1,1.42027521282265
Ocilla Police Department,2009-03-01,Georgia,3130,GA07701,0,0,0,1,0,0,1,1,0,0,0,0,0,0,0,1,0,1,1,1,3,5,0,0,0,0,1,0,0,1,3,0,0,0,0,0,0,0,0,9161,0,9161,1704,0,0,0,0,0,0,0,383,0,383,16,142,1254,1412,12660,0,0,0,0,284,0,0,16,1112,0,16,544,0,0,0,0,1704,852,1349,8195,12660,0,16,0,0,0,0,0,0,0,0,383,399,1,1.42027521282265
Ocilla Police Department,2009-02-01,Georgia,3130,GA07701,0,0,0,0,0,0,0,0,0,1,0,0,0,0,0,0,0,0,2,2,4,8,0,0,0,0,0,0,0,1,7,0,0,0,0,0,0,0,0,0,0,0,0,0,0,0,0,0,0,0,0,0,0,54,369,2699,3122,3122,0,0,0,0,0,0,0,11,3110,0,128,0,0,11,0,0,0,2556,0,426,3122,0,0,0,0,11,0,0,0,440,0,284,736,1,1.42027521282265
Ocilla Police Department,2009-01-01,Georgia,3130,GA07701,1,0,0,1,0,0,2,0,0,0,0,0,0,0,0,0,0,0,2,1,1,4,0,0,0,0,0,0,1,1,2,0,0,0,0,0,568,0,0,14558,0,15126,0,0,0,0,0,0,0,0,0,0,0,43,142,428,612,15738,0,0,0,0,0,0,142,14,456,0,14,456,355,0,0,0,0,0,11731,3181,15738,0,0,0,355,0,0,0,0,0,142,71,568,1,1.42027521282265
Ocilla Police Department,2008-12-01,Georgia,3153,GA07701,3,0,0,0,1,0,4,0,0,1,0,0,0,1,0,0,0,1,4,2,1,7,0,0,0,0,0,0,0,2,5,0,0,0,0,0,2545,0,283,0,0,2828,0,0,0,0,0,0,226,0,0,0,226,130,197,3538,3865,6919,0,0,0,0,0,0,0,57,3808,3,38,1076,0,0,766,0,0,1040,283,3714,6919,3,11,0,0,0,0,0,0,289,283,0,586,1,1.41522547733228
Ocilla Police Department,2008-11-01,Georgia,3153,GA07701,2,0,0,0,0,0,2,0,0,0,0,0,0,0,0,0,0,0,6,2,5,13,0,0,0,0,2,0,0,2,9,0,0,0,0,0,2689,0,0,0,0,2689,0,0,0,0,0,0,0,0,0,0,0,314,71,4427,4812,7501,0,0,0,0,2162,0,0,18,2631,8,16,481,0,59,0,0,0,3571,0,3365,7501,8,14,0,0,50,0,0,0,1490,0,0,1562,1,1.41522547733228
Ocilla Police Department,2008-10-01,Georgia,3153,GA07701,1,1,0,0,0,0,2,0,0,0,0,0,0,0,0,0,1,1,4,5,4,13,0,1,0,0,1,0,0,0,11,0,0,0,0,126,1132,0,0,0,0,1258,0,0,0,0,0,0,0,0,0,1104,1104,129,1329,1415,2873,5235,0,112,0,0,212,0,0,0,2549,0,38,130,0,212,1203,0,0,1260,0,2392,5235,0,0,0,0,0,0,0,0,708,0,892,1599,1,1.41522547733228
Ocilla Police Department,2008-09-01,Georgia,3153,GA07701,0,0,0,0,0,0,0,0,0,0,0,0,0,0,0,0,0,0,3,3,2,8,0,1,0,0,0,0,0,2,5,0,0,0,0,0,0,0,0,0,0,0,0,0,0,0,0,0,0,0,0,0,0,65,640,1216,1920,1920,0,142,0,0,0,0,0,16,1763,0,11,460,0,0,0,0,0,333,0,1117,1920,0,11,6,0,0,0,0,0,4,0,451,473,1,1.41522547733228
Ocilla Police Department,2008-08-01,Georgia,3153,GA07701,3,0,0,0,0,0,3,1,0,3,0,0,0,0,0,0,0,0,3,4,6,13,0,1,0,0,1,0,0,0,11,0,0,0,0,0,1076,0,0,0,0,1076,1274,0,0,0,0,0,0,0,0,0,0,150,897,3380,4427,6776,0,142,0,0,860,0,0,0,3425,184,1520,778,0,0,708,991,1274,303,0,1019,6776,0,1,0,0,0,0,991,0,0,0,0,992,1,1.41522547733228
Ocilla Police Department,2008-07-01,Georgia,3153,GA07701,1,0,0,1,0,0,2,1,0,0,0,0,0,0,1,0,0,1,10,5,5,20,0,2,0,1,1,0,0,2,14,1,0,1,0,0,4953,0,0,0,0,4953,9907,0,0,0,0,0,0,354,0,0,354,209,835,6872,7917,23130,0,212,0,28,283,0,0,14,7379,7,50,5618,0,3661,0,0,9907,1030,0,2857,23130,7,7,71,0,0,0,0,9907,495,0,0,10487,1,1.41522547733228
Ocilla Police Department,2008-06-01,Georgia,3153,GA07701,1,1,0,1,0,0,3,0,0,0,0,0,0,0,0,0,0,0,5,4,6,15,0,1,0,0,2,0,0,1,11,0,0,0,0,0,283,0,0,0,0,283,0,0,0,0,0,0,0,0,0,0,0,115,1605,3892,5611,5894,0,142,0,0,3113,0,0,18,2338,0,41,849,0,0,0,0,0,3915,0,1090,5894,0,0,0,0,0,0,0,0,0,0,0,0,1,1.41522547733228
Ocilla Police Department,2008-05-01,Georgia,3153,GA07701,2,1,0,1,4,0,8,2,0,0,0,0,0,0,0,0,0,0,7,5,3,15,0,4,0,1,0,0,0,1,9,1,0,1,0,0,849,0,3943,1415,0,6207,27314,0,0,0,0,0,0,0,0,0,0,191,644,4168,5003,38524,0,573,0,71,0,0,0,28,4331,3285,219,3821,0,0,778,0,27314,2554,205,347,38524,0,28,0,0,0,0,0,22644,856,0,0,23528,1,1.41522547733228
Ocilla Police Department,2008-04-01,Georgia,3153,GA07701,1,0,0,9,1,0,11,0,0,0,0,0,0,0,0,0,0,0,9,3,3,15,0,0,0,0,0,0,0,1,14,0,0,0,0,0,4175,0,1203,19299,0,24677,0,0,0,0,0,0,0,0,0,0,0,200,283,5633,6115,30792,0,0,0,0,0,0,0,6,6110,0,136,47,9006,0,0,0,0,18490,0,3113,30792,0,0,0,0,0,0,6,0,1727,0,0,1732,1,1.41522547733228
Ocilla Police Department,2008-03-01,Georgia,3153,GA07701,1,0,0,9,1,0,11,0,0,0,0,0,0,0,0,0,0,0,8,3,3,14,0,0,0,0,0,0,0,1,13,0,0,0,0,0,4175,0,1203,19299,0,24677,0,0,0,0,0,0,0,0,0,0,0,200,283,5633,6115,30792,0,0,0,0,0,0,0,6,6110,0,136,47,9006,0,0,0,0,18490,0,3113,30792,0,6,0,0,0,0,0,0,1727,0,0,1732,1,1.41522547733228
Ocilla Police Department,2008-02-01,Georgia,3153,GA07701,0,1,0,2,0,0,3,1,0,1,0,0,0,0,0,0,0,0,4,2,1,7,0,0,0,0,0,0,0,0,7,0,0,0,0,425,0,0,0,4032,0,4457,7076,0,0,0,0,0,0,0,0,0,0,116,276,708,1100,12632,0,0,0,0,0,0,0,0,1100,142,163,0,0,0,0,0,7076,3399,1415,437,12632,0,0,0,0,0,0,0,0,0,0,0,0,1,1.41522547733228
Ocilla Police Department,2008-01-01,Georgia,3153,GA07701,2,2,0,2,1,0,7,1,0,0,0,0,0,0,0,0,0,0,8,2,5,15,1,0,0,0,0,0,0,2,12,0,0,0,0,835,1557,0,991,5320,0,8702,21228,0,0,0,0,0,0,0,0,0,0,212,749,11217,12178,42109,35,0,0,0,0,0,0,4,12138,705,50,1753,425,0,0,0,21264,10143,2830,4939,42109,0,1,0,0,0,0,0,0,0,1132,0,1134,1,1.41522547733228
Ocilla Police Department,2007-12-01,Georgia,3211,GA07701,0,0,0,1,1,0,2,1,0,0,0,0,0,0,0,0,0,0,11,4,2,17,1,0,0,0,1,0,0,0,15,1,0,1,1,0,0,0,2204,808,0,3013,808,0,0,0,0,0,0,0,0,0,0,222,338,882,1442,5262,118,0,0,0,73,0,0,0,1251,0,367,882,0,73,0,0,808,486,2204,441,5262,0,0,0,0,0,0,0,808,0,0,0,808,1,1.46955740283082
Ocilla Police Department,2007-11-01,Georgia,3211,GA07701,1,2,0,0,0,0,3,1,0,0,0,0,0,0,0,0,0,0,7,3,3,13,0,0,0,2,0,0,0,1,10,1,0,1,0,1323,632,0,0,0,0,1955,8817,0,0,0,0,0,0,0,0,0,0,135,370,9627,10133,20904,0,0,0,516,0,0,0,147,9470,147,88,516,147,0,1176,0,16165,2034,0,632,20904,0,0,0,0,0,0,0,8817,1910,0,0,10728,1,1.46955740283082
Ocilla Police Department,2007-10-01,Georgia,3211,GA07701,0,0,0,0,1,0,1,1,0,0,0,1,0,0,0,0,0,1,11,5,4,20,0,2,0,0,1,0,0,0,17,1,0,1,0,0,0,0,441,0,0,441,5143,0,0,0,7,0,0,0,0,0,7,395,1390,5628,7414,13006,0,441,0,0,294,0,0,0,6679,4365,68,558,0,0,0,0,5143,1345,0,1527,13006,0,7,0,0,0,0,0,5143,0,0,0,5151,1,1.46955740283082
Ocilla Police Department,2007-09-01,Georgia,3211,GA07701,0,0,0,1,0,0,1,2,1,2,0,0,0,0,0,0,0,0,3,2,5,10,0,2,0,0,0,0,0,0,8,2,0,2,0,0,0,0,0,294,0,294,1984,0,0,0,0,0,0,0,0,0,0,131,735,9699,10565,12842,0,367,0,0,0,0,0,0,10197,0,41,294,588,0,5070,0,2219,4160,0,470,12842,0,6,0,588,0,5070,0,235,193,0,29,6121,1,1.46955740283082
Ocilla Police Department,2007-08-01,Georgia,3211,GA07701,3,0,0,0,0,0,3,2,0,0,0,0,0,1,0,0,0,1,6,4,10,20,0,0,0,1,1,0,0,0,18,2,0,2,0,0,1763,0,0,0,0,1763,20133,0,0,0,0,0,176,0,0,0,176,141,1791,13286,15219,37291,0,0,0,882,882,0,0,0,13455,441,1046,10055,735,0,2616,0,20133,1143,0,1123,37291,0,0,0,0,0,118,0,20133,116,0,770,21137,1,1.46955740283082
Ocilla Police Department,2007-07-01,Georgia,3211,GA07701,1,3,0,0,0,0,4,0,0,0,0,0,0,0,0,0,0,0,3,2,2,7,0,0,0,1,1,0,0,0,5,0,0,0,0,4556,0,0,0,0,0,4556,0,0,0,0,0,0,0,0,0,0,0,134,410,5855,6398,10954,0,0,0,147,2401,0,0,0,3850,0,134,4032,0,0,6378,0,0,147,0,263,10954,0,0,0,0,0,0,0,0,147,0,0,147,1,1.46955740283082
Ocilla Police Department,2007-06-01,Georgia,3211,GA07701,0,0,0,4,1,0,5,1,0,0,0,0,0,0,0,1,0,1,8,6,7,21,0,0,0,0,0,0,0,2,19,1,0,1,0,0,0,0,4992,12631,0,17623,4409,0,0,0,0,0,0,0,176,0,176,137,830,5589,6556,28764,0,0,0,0,0,0,0,7,6548,0,372,9223,0,0,2278,0,4409,5592,6450,441,28764,0,0,0,0,0,0,0,4409,0,0,0,4409,1,1.46955740283082
Ocilla Police Department,2007-05-01,Georgia,3211,GA07701,1,0,0,1,0,0,2,1,0,0,0,0,0,0,0,0,0,0,5,6,5,16,0,3,0,0,0,0,0,0,13,1,0,1,0,0,0,0,0,331,0,331,11022,0,0,0,0,0,0,0,0,0,0,182,855,13998,15035,26387,0,378,0,0,0,0,0,0,14657,0,76,375,294,73,0,0,16900,8665,0,4,26387,0,0,0,0,0,0,0,11022,2939,0,0,13961,1,1.46955740283082
Ocilla Police Department,2007-04-01,Georgia,3211,GA07701,0,0,0,0,0,0,0,2,0,0,0,0,0,0,0,0,0,0,4,4,6,14,0,0,0,0,0,0,0,0,14,2,0,2,0,0,0,0,0,0,0,0,9552,0,0,0,0,0,0,0,0,0,0,154,952,12474,13580,23132,0,0,0,0,0,0,0,0,13580,0,188,59,735,0,0,0,9552,11955,0,644,23132,0,0,0,0,0,0,0,9552,234,0,0,9786,1,1.46955740283082
Ocilla Police Department,2007-03-01,Georgia,3211,GA07701,1,0,0,2,1,0,4,3,0,1,0,0,0,0,0,0,0,0,8,5,1,14,0,0,0,0,2,0,0,0,12,5000,0,5000,0,0,4407,0,0,0,0,4407,19839,0,0,0,0,0,0,0,0,0,0,357,970,1470,2797,27043,0,0,0,0,441,0,0,0,2356,0,193,2623,0,0,2203,0,19839,1744,0,441,27043,0,0,0,0,0,0,0,7348,0,0,0,7348,1,1.46955740283082
Ocilla Police Department,2007-02-01,Georgia,3211,GA07701,1,0,0,0,1,0,2,0,0,0,0,1,0,0,0,0,0,1,6,0,5,11,0,0,0,0,1,0,0,0,10,0,0,0,0,0,0,0,9992,0,0,9992,0,0,0,0,1029,0,0,0,0,0,1029,121,190,5878,6188,17209,0,0,0,0,588,0,0,0,5600,0,118,1029,0,0,11830,0,0,1471,0,2761,17209,0,0,0,0,0,4409,0,0,882,0,116,5407,1,1.46955740283082
Ocilla Police Department,2007-01-01,Georgia,3211,GA07701,0,1,0,0,0,0,1,1,0,0,0,0,0,0,0,0,0,0,10,1,3,14,0,1,0,0,0,0,0,1,12,1,0,1,0,0,0,0,0,0,0,0,2204,0,0,0,0,0,0,0,0,0,0,135,103,1793,2031,4235,0,103,0,0,0,0,0,7,1921,0,79,747,0,0,7,0,2204,757,0,441,4235,0,0,0,0,0,0,0,2204,0,0,0,2204,1,1.46955740283082
Ocilla Police Department,2006-12-01,Georgia,3527,GA07701,1,1,0,0,0,0,2,0,0,1,0,0,0,0,0,0,0,0,4,2,1,7,0,2,0,0,0,0,0,1,4,0,0,0,0,5472,846,0,0,0,0,6318,0,0,0,0,0,0,0,0,0,0,0,92,280,302,674,6992,0,280,0,0,0,0,0,24,370,0,62,0,302,846,2267,0,0,2910,0,605,6992,0,32,0,0,0,0,0,0,0,0,0,32,1,1.51147906246125
Ocilla Police Department,2006-11-01,Georgia,3527,GA07701,1,1,0,0,0,0,2,0,0,0,0,0,0,0,0,0,0,0,4,5,2,11,0,0,0,0,1,0,1,1,8,0,0,0,0,8,0,0,0,0,0,8,0,0,0,0,0,0,0,0,0,0,0,91,859,6802,7751,7758,0,0,0,0,254,0,30,15,7452,15,45,0,0,0,2305,0,0,5242,0,151,7758,15,0,0,0,0,30,0,0,254,0,0,299,1,1.51147906246125
Ocilla Police Department,2006-10-01,Georgia,3527,GA07701,1,1,0,0,0,0,2,0,0,1,0,0,0,0,0,0,0,0,4,2,1,7,0,2,0,0,0,0,0,1,4,0,0,0,0,5472,846,0,0,0,0,6318,0,0,0,0,0,0,0,0,0,0,0,92,280,302,674,6992,0,280,0,0,0,0,0,24,370,0,62,0,302,846,2267,0,0,2910,0,605,6992,0,32,0,0,0,0,0,0,0,0,0,32,1,1.51147906246125
Ocilla Police Department,2006-09-01,Georgia,3527,GA07701,0,0,0,0,1,0,1,0,0,0,0,0,0,0,0,0,0,0,4,3,4,11,0,2,0,0,0,0,0,1,8,0,0,0,0,0,0,0,23,0,0,23,0,0,0,0,0,0,0,0,0,0,0,257,694,3330,4281,4303,0,219,0,0,0,0,0,23,4039,0,237,2172,0,0,0,0,0,1894,0,0,4303,0,0,148,0,0,0,0,0,597,0,0,745,1,1.51147906246125
Ocilla Police Department,2006-08-01,Georgia,3527,GA07701,0,1,0,1,0,0,2,0,0,0,0,0,0,0,0,0,0,0,0,5,3,8,0,1,0,1,1,0,0,0,5,0,0,0,0,227,0,0,0,718,0,945,0,0,0,0,0,0,0,0,0,0,0,76,1078,1882,3035,3980,0,302,0,151,521,0,0,0,2060,0,227,337,0,0,0,0,0,1496,1360,559,3980,0,0,0,0,0,0,0,0,0,0,0,0,1,1.51147906246125
Ocilla Police Department,2006-07-01,Georgia,3527,GA07701,3,0,0,0,0,0,3,1,0,1,0,0,0,0,0,0,0,0,0,1,1,2,0,0,0,0,0,0,0,0,2,1,0,1,0,0,140681,0,0,0,0,140681,3779,0,0,0,0,0,0,0,0,0,0,0,290,605,895,145354,0,0,0,0,0,0,0,0,895,0,0,120918,0,0,10883,0,3779,680,3854,5240,145354,0,0,0,0,0,0,0,3779,0,0,0,3779,1,1.51147906246125
Ocilla Police Department,2006-06-01,Georgia,3527,GA07701,1,1,0,0,3,0,5,0,0,0,0,0,0,0,0,0,0,0,0,3,3,6,0,2,0,0,1,0,0,0,3,0,0,0,0,378,567,0,4953,0,0,5898,0,0,0,0,0,0,0,0,0,0,0,0,558,8767,9324,15222,0,444,0,0,113,0,0,0,8767,0,0,113,378,1020,0,0,3023,8005,302,2381,15222,0,0,0,0,0,0,0,0,0,302,1020,1323,1,1.51147906246125
Ocilla Police Department,2006-05-01,Georgia,3527,GA07701,0,0,0,0,0,0,0,0,0,0,0,0,0,0,0,0,0,0,0,0,0,0,0,0,0,0,0,0,0,0,0,0,0,0,0,0,0,0,0,0,0,0,0,0,0,0,0,0,0,0,0,0,0,0,0,0,0,0,0,0,0,0,0,0,0,0,0,0,0,0,0,0,0,0,0,0,0,0,0,0,0,0,0,0,0,0,0,0,0,0,0,1,1.51147906246125
Ocilla Police Department,2006-04-01,Georgia,3527,GA07701,0,0,0,1,1,0,2,1,0,0,0,0,0,0,0,0,0,0,0,2,4,6,0,1,0,0,0,0,0,0,5,0,0,0,0,0,0,0,1511,4043,0,5555,3174,0,0,0,0,0,0,0,0,0,0,0,453,13044,13498,22226,0,227,0,0,0,0,0,0,13271,0,302,227,0,907,0,0,6121,13566,0,1103,22226,0,302,0,0,907,0,0,0,3741,0,0,4950,1,1.51147906246125
Ocilla Police Department,2006-03-01,Georgia,3527,GA07701,1,0,0,0,0,0,1,0,0,0,0,0,0,0,0,0,0,0,3,0,0,3,0,0,0,0,0,0,0,1,2,0,0,0,0,0,0,0,0,0,0,0,0,0,0,0,0,0,0,0,0,0,0,148,0,0,148,148,0,0,0,0,0,0,0,30,118,0,47,0,0,0,0,0,0,71,0,30,148,0,0,0,0,0,0,0,0,0,0,0,0,1,1.51147906246125
Ocilla Police Department,2006-02-01,Georgia,3527,GA07701,0,1,0,1,0,0,2,1,0,0,0,0,0,0,0,0,0,0,0,0,1,1,0,0,0,0,0,0,0,0,1,0,0,0,0,265,0,0,0,756,0,1020,4559,0,0,0,0,0,0,0,0,0,0,0,0,378,378,5957,0,0,0,0,0,0,0,0,378,0,0,0,0,0,0,0,0,4936,756,265,5957,0,0,0,0,0,0,0,0,378,0,0,378,1,1.51147906246125
Ocilla Police Department,2006-01-01,Georgia,3527,GA07701,0,0,0,1,0,0,1,0,0,0,0,0,0,0,0,0,0,0,2,0,2,4,0,0,0,0,0,0,1,1,2,0,0,0,0,0,0,0,0,38,0,38,0,0,0,0,0,0,0,0,0,0,0,51,0,831,883,920,0,0,0,0,0,0,378,6,499,0,6,416,0,0,0,0,0,499,0,0,920,0,6,0,0,0,0,0,0,0,0,0,6,1,1.51147906246125
Ocilla Police Department,2005-12-01,Georgia,3293,GA07701,2,0,0,2,0,0,4,1,0,1,0,0,0,0,0,0,0,0,2,3,2,7,0,1,0,1,0,0,0,1,4,0,0,0,0,0,9783,0,0,952,0,10734,6163,0,0,0,0,0,0,0,0,0,0,62,471,2489,3022,19920,0,281,0,1443,0,0,0,112,1186,0,31,16,0,6038,1045,0,6163,4598,936,1092,19920,0,0,0,0,0,0,0,0,0,936,0,936,1,1.56023853211009
Ocilla Police Department,2005-11-01,Georgia,3293,GA07701,2,0,0,0,2,0,4,0,0,0,0,0,0,0,0,0,0,0,4,0,3,7,0,0,0,0,0,0,0,2,5,0,0,0,0,0,156,0,0,0,0,156,0,0,0,0,0,0,0,0,0,0,0,67,0,7333,7400,7556,0,0,0,0,0,0,0,19,7381,0,66,6243,0,0,1092,0,0,78,0,78,7556,0,16,5305,0,0,0,0,0,0,0,0,5320,1,1.56023853211009
Ocilla Police Department,2005-10-01,Georgia,3293,GA07701,2,1,0,1,1,0,5,1,0,0,0,0,0,0,0,0,0,0,5,3,5,13,1,1,0,0,3,0,0,1,7,1,0,1,0,0,858,0,78,0,0,936,5461,0,0,0,0,0,0,0,0,0,0,200,286,12014,12499,18896,1560,106,0,0,9361,0,0,3,1468,0,62,0,0,624,0,0,5461,12047,0,702,18896,0,0,0,0,624,0,0,5461,9908,0,0,15992,1,1.56023853211009
Ocilla Police Department,2005-09-01,Georgia,3293,GA07701,0,1,0,1,0,0,2,2,0,0,0,0,0,0,0,0,1,1,2,2,0,4,0,1,0,0,0,0,0,1,2,1,0,1,0,0,0,0,0,0,0,0,9361,0,0,0,0,0,0,0,0,546,546,75,326,0,401,10308,0,172,0,0,0,0,0,14,215,3120,0,546,0,0,0,0,6241,247,0,154,10308,0,0,0,0,0,0,0,6241,14,0,0,6255,1,1.56023853211009
Ocilla Police Department,2005-08-01,Georgia,3293,GA07701,0,0,0,1,4,0,5,0,0,0,0,0,0,0,0,1,0,1,4,8,4,16,0,3,0,2,2,0,0,1,8,0,0,0,0,0,0,0,382,2356,0,2738,0,0,0,0,0,0,0,0,31,0,31,112,917,3955,4985,7754,0,624,0,2060,530,0,0,33,1738,39,251,1849,0,278,382,0,0,4370,0,585,7754,39,33,0,0,234,8,0,0,0,0,0,314,1,1.56023853211009
Ocilla Police Department,2005-07-01,Georgia,3293,GA07701,1,0,0,1,1,0,3,1,0,0,0,0,0,0,0,0,0,0,3,4,5,12,0,1,0,0,2,0,0,0,9,0,0,0,0,0,125,0,242,303,0,669,9361,0,0,0,0,0,0,0,0,0,0,114,488,14128,14730,24761,0,1108,0,0,585,0,0,0,13037,20860,0,206,0,0,718,0,0,2244,156,577,24761,9361,0,0,0,0,0,0,0,507,0,0,9869,1,1.56023853211009
Ocilla Police Department,2005-06-01,Georgia,3293,GA07701,1,0,0,1,0,0,2,1,0,0,0,0,0,0,0,0,0,0,5,4,6,15,0,0,0,2,1,0,1,0,11,0,0,0,0,0,78,0,0,250,0,328,3120,0,0,0,0,0,0,0,0,0,0,153,719,24315,25187,28635,0,0,0,1621,2,0,275,0,23290,374,66,8386,1326,0,0,0,0,17890,0,593,28635,0,0,7801,0,0,0,0,0,2,0,0,7803,1,1.56023853211009
Ocilla Police Department,2005-05-01,Georgia,3293,GA07701,0,1,0,0,0,0,1,0,0,0,0,0,0,0,0,0,1,1,2,4,4,10,0,1,0,0,0,0,0,1,8,0,0,0,0,468,0,0,0,0,0,468,0,0,0,0,0,0,0,0,0,404,404,20,562,18857,19439,20311,0,94,0,0,0,0,0,5,19341,0,16,975,0,0,18286,0,0,332,0,702,20311,0,0,0,0,0,0,0,0,0,0,0,0,1,1.56023853211009
Ocilla Police Department,2005-04-01,Georgia,3293,GA07701,0,1,0,0,0,0,1,2,0,1,0,0,0,0,0,0,0,0,3,2,3,8,0,0,0,1,1,0,0,0,6,1,0,1,0,78,0,0,0,0,0,78,26260,0,0,0,0,0,0,0,0,0,0,94,346,8711,9151,35489,0,0,0,0,598,0,0,0,8553,0,0,916,156,0,7801,0,26260,44,0,312,35489,0,0,0,0,0,0,0,18723,0,0,0,18723,1,1.56023853211009
Ocilla Police Department,2005-03-01,Georgia,3293,GA07701,0,0,0,1,0,0,1,1,1,0,0,0,0,0,0,0,0,0,6,1,2,9,0,0,1,0,1,0,0,3,4,0,0,0,0,0,0,0,0,0,0,0,4692,0,0,0,0,0,0,0,0,0,0,131,187,6831,7149,11841,0,0,187,0,31,0,0,471,6459,0,48,187,0,0,0,0,4692,6913,0,0,11841,0,6,0,0,0,0,0,0,44,0,0,50,1,1.56023853211009
Ocilla Police Department,2005-02-01,Georgia,3293,GA07701,0,0,0,0,0,0,0,0,0,0,0,0,0,0,0,0,0,0,4,2,2,8,0,1,0,0,0,0,0,0,7,0,0,0,0,0,0,0,0,0,0,0,0,0,0,0,0,0,0,0,0,0,0,62,340,1092,1495,1495,0,247,0,0,0,0,0,0,1248,0,0,0,0,94,0,0,0,309,0,1092,1495,0,0,0,0,94,0,0,0,0,0,0,94,1,1.56023853211009
Ocilla Police Department,2005-01-01,Georgia,3293,GA07701,0,0,0,2,0,0,2,1,0,0,0,0,0,0,0,0,0,0,3,3,0,6,0,1,0,1,0,0,0,0,4,0,0,0,0,0,0,0,0,605,0,605,2340,0,0,0,0,0,0,0,0,0,0,125,640,0,765,3710,0,156,0,234,0,0,0,0,374,0,0,31,0,0,234,0,2340,855,0,250,3710,0,0,0,0,0,0,0,0,48,0,0,48,1,1.56023853211009
Ocilla Police Department,2004-12-01,Georgia,3309,GA07701,0,0,0,0,0,0,0,0,0,0,0,0,0,0,0,0,0,0,0,0,0,0,0,0,0,0,0,0,0,0,0,0,0,0,0,0,0,0,0,0,0,0,0,0,0,0,0,0,0,0,0,0,0,0,0,0,0,0,0,0,0,0,0,0,0,0,0,0,0,0,0,0,0,0,0,0,0,0,0,0,0,0,0,0,0,0,0,0,0,0,0,1,1.61317347569046
Ocilla Police Department,2004-11-01,Georgia,3309,GA07701,0,0,0,0,0,0,0,0,0,0,0,0,0,0,0,0,0,0,0,0,0,0,0,0,0,0,0,0,0,0,0,0,0,0,0,0,0,0,0,0,0,0,0,0,0,0,0,0,0,0,0,0,0,0,0,0,0,0,0,0,0,0,0,0,0,0,0,0,0,0,0,0,0,0,0,0,0,0,0,0,0,0,0,0,0,0,0,0,0,0,0,1,1.61317347569046
Ocilla Police Department,2004-10-01,Georgia,3309,GA07701,0,0,0,0,0,0,0,3,0,0,0,0,0,0,1,1,2,4,3,2,0,5,0,0,1,0,0,0,0,0,4,2,1,3,0,0,0,0,0,0,0,0,30650,0,0,0,0,0,0,123,968,807,1897,40,398,0,439,32986,0,0,16,0,0,0,0,0,423,0,0,1610,0,0,0,0,30650,484,0,242,32986,0,0,0,0,0,0,0,30650,0,0,0,30650,1,1.61317347569046
Ocilla Police Department,2004-09-01,Georgia,3309,GA07701,0,0,0,1,1,0,2,1,0,0,0,0,0,0,0,0,0,0,2,3,4,9,0,0,0,0,0,0,0,0,9,1,0,1,0,0,0,0,81,186,0,266,9679,0,0,0,0,0,0,0,0,0,0,65,634,8389,9087,19032,0,0,0,0,0,0,0,0,9087,218,56,932,0,0,6775,0,9679,871,56,444,19032,0,0,0,0,0,0,0,9679,0,0,0,9679,1,1.61317347569046
Ocilla Police Department,2004-08-01,Georgia,3309,GA07701,1,1,0,0,0,0,2,1,0,0,0,0,0,0,0,0,1,1,4,4,2,10,0,1,0,0,0,0,0,0,9,1,0,1,0,121,3630,0,0,0,0,3751,3396,0,0,0,0,0,0,0,0,161,161,174,808,2581,3564,10871,0,161,0,0,0,0,0,0,3402,48,0,244,121,0,0,0,3396,1186,29,5848,10871,48,0,65,0,0,0,0,3396,0,0,468,3976,1,1.61317347569046
Ocilla Police Department,2004-07-01,Georgia,3309,GA07701,1,0,0,1,0,0,2,0,0,0,0,0,0,0,0,0,0,0,2,10,1,13,0,2,0,1,1,0,0,1,8,0,0,0,0,0,210,0,0,0,0,210,0,0,0,0,0,0,0,0,0,0,0,42,1713,823,2578,2788,0,242,0,274,173,0,0,81,1808,81,0,1040,0,161,0,26,0,887,48,544,2788,0,0,0,0,0,0,0,0,129,0,171,300,1,1.61317347569046
Ocilla Police Department,2004-06-01,Georgia,3309,GA07701,0,0,0,0,0,0,0,1,0,1,0,0,0,0,1,0,0,1,2,1,5,8,1,0,0,0,2,0,0,0,5,1,0,1,0,0,0,0,0,0,0,0,7259,0,0,0,0,0,0,16,0,0,16,73,81,4275,4428,11704,807,0,0,0,766,0,0,0,2855,0,0,2033,0,1452,0,0,7259,153,0,807,11704,0,0,0,0,0,0,0,7259,0,0,0,7259,1,1.61317347569046
Ocilla Police Department,2004-05-01,Georgia,3309,GA07701,1,1,0,0,0,0,2,4,0,1,0,0,0,0,0,0,0,0,1,0,3,4,0,0,0,1,0,0,0,0,3,0,0,0,0,0,242,0,0,0,0,242,23391,0,0,0,0,0,0,0,0,0,0,39,0,22067,22105,45738,0,0,0,484,0,0,0,0,21621,0,0,8066,0,0,0,0,23391,13555,0,726,45738,0,0,8066,0,0,0,0,0,13517,0,0,21583,1,1.61317347569046
Ocilla Police Department,2004-04-01,Georgia,3309,GA07701,1,0,0,0,1,0,2,0,0,0,0,0,0,0,0,0,0,0,2,3,6,11,1,1,0,2,2,1,0,0,4,0,0,0,0,0,242,0,0,0,0,242,0,0,0,0,0,0,0,0,0,0,0,105,403,6364,6872,7114,484,81,0,1573,3710,161,0,0,863,0,0,2581,0,0,0,0,0,1387,2420,726,7114,0,0,0,0,0,0,0,0,0,0,0,0,1,1.61317347569046
Ocilla Police Department,2004-03-01,Georgia,3309,GA07701,1,0,0,0,0,0,1,2,0,0,0,0,0,0,0,0,0,0,4,3,0,7,0,1,0,2,1,0,0,1,2,2,0,2,0,0,323,0,0,0,0,323,18834,0,0,0,0,0,0,0,0,0,0,77,507,0,584,19740,0,161,0,210,184,0,0,5,24,0,77,184,0,0,0,0,18834,161,0,484,19740,0,5,0,0,0,0,0,18834,0,0,0,18839,1,1.61317347569046
Ocilla Police Department,2004-02-01,Georgia,3309,GA07701,0,1,2,0,0,0,3,0,0,1,0,0,0,0,0,0,0,0,4,2,9,15,3,0,0,1,6,0,0,1,4,0,0,0,0,32,0,226,0,0,0,258,0,0,0,0,0,0,0,0,0,0,0,155,444,26251,26850,27108,2063,0,0,1210,1403,0,0,2,22171,524,123,1242,0,226,323,0,0,22776,0,1894,27108,0,2,0,0,0,0,0,0,14519,0,0,14520,1,1.61317347569046
Ocilla Police Department,2004-01-01,Georgia,3309,GA07701,1,5,0,0,1,0,7,2,0,0,0,0,0,0,0,0,0,0,8,4,7,19,1,0,0,1,3,0,0,2,12,2,0,2,0,839,1291,0,81,0,0,2210,45169,0,0,0,0,0,0,0,0,0,0,190,544,6324,7058,54437,807,0,0,548,447,0,0,23,5233,19,105,2767,0,161,0,0,45169,5169,0,1047,54437,19,0,2339,0,0,0,0,45169,484,0,0,48011,1,1.61317347569046
Ocilla Police Department,2003-12-01,Georgia,3278,GA07701,0,0,0,0,1,0,1,2,0,0,0,0,0,0,0,0,0,0,4,2,4,10,1,0,0,0,4,0,0,3,2,2,0,2,0,0,0,0,0,0,0,0,28655,0,0,0,0,0,0,0,0,0,0,55,182,2302,2539,31194,497,0,0,0,1590,0,0,25,427,414,482,1093,0,0,15,0,28655,38,0,497,31194,0,2,0,0,0,15,0,28655,8,0,497,29177,1,1.65636194790487
Ocilla Police Department,2003-11-01,Georgia,3278,GA07701,1,3,0,0,2,0,6,0,0,0,0,0,0,0,0,0,0,0,0,0,4,4,0,0,0,2,0,0,0,0,2,0,0,0,0,3280,0,0,563,0,0,3843,0,0,0,0,0,0,0,0,0,0,0,0,0,5234,5234,9077,0,0,0,1424,0,0,0,0,3810,0,0,778,0,0,3064,0,0,3810,0,1424,9077,0,0,0,0,83,0,0,0,3810,0,1424,5317,1,1.65636194790487
Ocilla Police Department,2003-10-01,Georgia,3278,GA07701,0,1,0,0,4,0,5,0,0,0,0,0,0,0,0,0,0,0,5,3,7,15,1,1,0,0,3,0,0,2,8,0,0,0,0,452,0,0,3025,0,0,3477,0,0,0,0,0,0,0,0,0,0,0,157,472,26348,26977,30454,994,83,0,0,911,0,0,36,24953,0,63,447,0,0,3,0,0,28483,0,1458,30454,0,33,0,0,0,3,0,0,2513,0,0,2549,1,1.65636194790487
Ocilla Police Department,2003-09-01,Georgia,3278,GA07701,1,1,1,1,2,0,6,1,0,0,0,0,0,0,0,0,0,0,6,6,4,16,0,0,0,4,3,0,0,2,7,1,0,1,1,1206,248,166,1557,5,0,3182,1656,0,0,0,0,0,0,0,0,0,0,222,1029,2435,3685,8524,0,0,0,778,1544,0,0,43,1320,0,326,547,0,0,981,0,1656,2292,0,2721,8524,0,0,0,0,0,0,0,1656,643,0,0,2299,1,1.65636194790487
Ocilla Police Department,2003-08-01,Georgia,3278,GA07701,1,0,0,0,3,0,4,0,0,0,0,0,0,0,0,0,0,0,6,8,5,19,0,3,0,2,8,0,0,2,4,0,0,0,0,0,83,0,2948,0,0,3031,0,0,0,0,0,0,0,0,0,0,0,98,1400,14775,16272,19303,0,389,0,861,14700,0,0,20,301,25,239,646,0,0,12423,0,0,2195,2816,961,19303,0,17,0,0,0,0,0,0,1358,2816,961,5151,1,1.65636194790487
Ocilla Police Department,2003-07-01,Georgia,3278,GA07701,0,2,0,0,1,0,3,1,0,0,0,0,0,0,0,0,0,0,7,7,1,15,2,4,0,3,3,0,0,2,1,1,0,1,0,215,0,0,0,0,0,215,14907,0,0,0,0,0,0,0,0,0,0,225,1058,497,1781,16903,66,464,0,331,876,0,0,10,33,166,93,497,0,0,330,0,14907,745,0,166,16903,166,3,0,0,0,0,0,14907,0,0,0,15076,1,1.65636194790487
Ocilla Police Department,2003-06-01,Georgia,3278,GA07701,1,2,0,0,1,0,4,0,0,0,0,0,0,0,0,0,0,0,6,3,4,13,0,0,0,3,0,0,2,2,6,0,0,0,0,17,66,0,1491,0,0,1574,0,0,0,0,0,0,0,0,0,0,0,142,429,4605,5176,6750,0,0,0,3213,0,0,133,10,1820,0,27,5035,0,0,795,0,0,230,0,663,6750,0,0,0,0,0,0,0,0,0,0,0,0,1,1.65636194790487
Ocilla Police Department,2003-05-01,Georgia,3278,GA07701,1,1,0,0,0,0,2,0,0,1,0,0,0,0,0,0,0,0,2,0,0,2,1,0,0,0,0,0,0,1,0,0,0,0,0,0,65,0,0,0,0,65,0,0,0,0,0,0,0,0,0,0,0,68,0,0,68,133,33,0,0,0,0,0,0,35,0,0,50,0,17,0,0,0,0,66,0,0,133,0,35,0,0,0,0,0,0,0,0,0,35,1,1.65636194790487
Ocilla Police Department,2003-04-01,Georgia,3278,GA07701,2,1,0,0,0,0,3,2,0,0,0,0,0,0,0,0,0,0,4,5,2,11,2,1,1,0,3,0,1,1,2,2,0,2,0,472,497,0,0,0,0,969,6129,0,0,0,0,0,0,0,0,0,0,121,947,1514,2582,9680,66,116,663,0,455,0,851,13,417,0,55,1509,497,0,99,0,6129,373,0,1019,9680,0,0,548,0,0,0,0,6129,199,0,345,7220,1,1.65636194790487
Ocilla Police Department,2003-03-01,Georgia,3278,GA07701,0,2,0,3,2,0,7,1,0,0,0,0,0,0,0,0,0,0,2,2,2,6,0,0,0,1,4,0,0,0,1,1,0,1,0,894,0,0,1214,659,0,2768,4969,0,0,0,0,0,0,0,0,0,0,46,282,828,1156,8893,0,0,0,30,1110,0,0,0,17,0,17,2047,0,0,331,0,4969,966,0,563,8893,0,0,0,0,0,0,0,4969,0,0,0,4969,1,1.65636194790487
Ocilla Police Department,2003-02-01,Georgia,3278,GA07701,0,1,0,0,2,0,3,0,0,0,0,0,0,0,0,0,0,0,3,1,6,10,0,0,1,1,0,0,0,0,8,0,0,0,0,166,0,0,6625,0,0,6791,0,0,0,0,0,0,0,0,0,0,0,78,296,8381,8756,15547,0,0,431,663,0,0,0,0,7662,0,45,8216,663,0,0,0,0,6293,0,331,15547,0,0,0,0,0,0,0,0,0,0,0,0,1,1.65636194790487
Ocilla Police Department,2003-01-01,Georgia,3278,GA07701,0,2,0,0,0,0,2,0,0,0,0,0,0,0,0,0,1,1,6,4,3,13,1,2,0,1,0,0,0,1,8,0,0,0,0,994,0,0,0,0,0,994,0,0,0,0,0,0,0,0,0,41,41,70,613,2915,3598,4633,762,232,0,0,0,0,0,17,2587,0,70,1905,0,0,0,0,0,1764,0,894,4633,0,0,0,0,0,0,0,0,0,0,0,0,1,1.65636194790487
Ocilla Police Department,2002-12-01,Georgia,3420,GA07701,0,3,4,0,0,0,7,2,0,0,0,0,0,0,0,0,0,0,2,1,1,4,0,0,0,2,0,1,0,0,1,0,0,0,0,847,0,16262,0,0,0,17109,32524,0,0,0,0,0,0,0,0,0,0,81,339,678,1098,50731,0,0,0,1016,0,51,0,0,30,0,30,559,0,0,593,0,32524,1609,14399,1016,50731,0,0,0,0,0,0,0,0,0,0,0,0,1,1.69396293722493
Ocilla Police Department,2002-11-01,Georgia,3420,GA07701,0,2,0,0,0,0,2,1,0,0,0,0,0,0,0,0,0,0,3,1,2,6,0,0,0,1,0,0,0,3,2,0,0,0,0,2124,0,0,0,0,0,2124,1694,0,0,0,0,0,0,0,0,0,0,102,113,932,1147,4965,0,0,0,339,0,0,0,147,661,0,147,0,0,0,0,0,1694,1091,1694,339,4965,0,147,0,0,0,0,0,0,457,0,0,605,1,1.69396293722493
Ocilla Police Department,2002-10-01,Georgia,3420,GA07701,1,0,0,0,0,0,1,0,0,0,0,0,0,0,0,0,1,1,8,9,3,20,0,0,0,0,0,0,0,4,16,0,0,0,0,0,254,0,0,0,0,254,0,0,0,0,0,0,0,0,0,0,0,90,1591,1474,3154,3408,0,0,0,0,0,0,0,42,3112,98,68,169,0,0,3,0,0,124,0,2946,3408,0,0,0,0,0,3,0,0,0,0,0,3,1,1.69396293722493
Ocilla Police Department,2002-09-01,Georgia,3420,GA07701,0,0,0,1,0,1,2,0,0,0,0,0,0,1,0,0,0,1,3,4,3,10,0,0,0,3,0,0,0,1,6,0,0,0,0,0,0,0,0,0,1355,1355,0,0,0,0,0,0,254,0,0,0,254,14,779,5056,5849,7459,0,0,0,183,0,0,0,14,5653,20,14,1846,0,1355,0,0,0,4040,0,183,7459,0,14,0,0,0,0,0,0,0,0,0,14,1,1.69396293722493
Ocilla Police Department,2002-08-01,Georgia,3420,GA07701,6,0,0,1,1,0,8,0,0,0,0,0,0,0,0,0,0,0,5,3,2,10,0,0,0,2,0,0,0,2,6,0,0,0,0,0,2350,0,613,1186,0,4149,0,0,0,0,0,0,0,0,0,0,0,120,457,2077,2654,6803,0,0,0,203,0,0,0,59,2392,51,545,2099,0,0,1880,0,0,2058,0,169,6803,51,8,0,0,0,0,0,0,0,0,0,59,1,1.69396293722493
Ocilla Police Department,2002-07-01,Georgia,3420,GA07701,0,2,1,0,0,0,3,0,0,0,0,0,0,0,0,0,0,0,4,4,6,14,0,0,0,13,0,0,0,0,1,0,0,0,0,0,0,982,0,0,0,982,0,0,0,0,0,0,0,0,0,0,0,85,764,6054,6903,7885,0,0,0,6581,0,0,0,0,152,51,0,1396,169,0,2294,0,0,982,0,2993,7885,0,0,0,0,0,0,0,0,0,0,0,0,1,1.69396293722493
Ocilla Police Department,2002-06-01,Georgia,3420,GA07701,3,0,0,0,0,0,3,0,0,0,0,0,0,0,0,0,0,0,3,2,5,10,0,0,0,9,0,0,0,0,1,0,0,0,0,0,2329,0,0,0,0,2329,0,0,0,0,0,0,0,0,0,0,0,0,542,11739,12281,14610,0,0,0,10587,0,0,0,0,1694,203,0,339,3872,0,296,0,0,68,0,9832,14610,203,0,0,0,0,0,0,0,0,0,0,203,1,1.69396293722493
Ocilla Police Department,2002-05-01,Georgia,3420,GA07701,1,0,0,0,0,1,2,0,1,0,0,0,0,0,0,0,0,0,4,3,5,12,0,0,0,6,0,0,0,3,3,0,0,0,0,0,220,0,0,0,522,742,0,0,0,0,0,0,0,0,0,0,0,63,361,8881,9305,10047,0,0,0,8153,0,0,0,29,1123,752,19,327,169,0,4150,0,0,1792,0,2837,10047,10,0,0,0,0,0,0,0,0,0,0,10,1,1.69396293722493
Ocilla Police Department,2002-04-01,Georgia,3420,GA07701,0,1,0,0,0,0,1,0,0,0,0,0,0,0,0,0,0,0,1,0,2,3,0,0,0,1,0,0,0,0,2,0,0,0,0,881,0,0,0,0,0,881,0,0,0,0,0,0,0,0,0,0,0,17,0,2172,2189,3069,0,0,0,678,0,0,0,0,1511,0,1511,534,0,0,347,0,0,678,0,0,3069,0,0,0,0,0,0,0,0,0,0,0,0,1,1.69396293722493
Ocilla Police Department,2002-03-01,Georgia,3420,GA07701,0,0,0,0,0,0,0,0,0,0,0,0,0,0,0,0,0,0,1,1,1,3,0,0,0,0,0,0,0,0,3,0,0,0,0,0,0,0,0,0,0,0,0,0,0,0,0,0,0,0,0,0,0,29,203,6437,6669,6669,0,0,0,0,0,0,0,0,6669,0,0,0,0,0,0,0,0,6669,0,0,6669,0,0,0,0,0,0,0,0,6437,0,0,6437,1,1.69396293722493
Ocilla Police Department,2002-02-01,Georgia,3420,GA07701,0,0,0,0,0,0,0,0,0,0,0,0,0,0,0,0,0,0,0,0,4,4,0,0,0,0,0,0,0,0,4,0,0,0,0,0,0,0,0,0,0,0,0,0,0,0,0,0,0,0,0,0,0,0,0,9529,9529,9529,0,0,0,0,0,0,0,0,9529,456,0,0,0,0,2033,0,0,7040,0,0,9529,0,0,0,0,0,0,0,0,0,0,0,0,1,1.69396293722493
Ocilla Police Department,2002-01-01,Georgia,3420,GA07701,0,0,0,0,0,0,0,0,0,1,0,0,0,0,0,0,0,0,0,1,2,3,0,0,0,1,0,0,0,0,2,0,0,0,0,0,0,0,0,0,0,0,0,0,0,0,0,0,0,0,0,0,0,0,203,1472,1675,1675,0,0,0,964,0,0,0,0,711,0,0,0,0,0,508,0,0,203,0,964,1675,0,0,0,0,0,0,0,0,0,0,0,0,1,1.69396293722493
Ocilla Police Department,2001-12-01,Georgia,3349,GA07701,1,2,0,1,0,0,4,0,1,0,0,0,0,0,0,1,0,1,4,2,1,7,0,0,0,2,0,0,0,0,5,0,0,0,0,129,361,0,0,69,0,559,0,0,0,0,0,0,0,0,26,0,26,122,418,516,1057,1642,0,0,0,145,0,0,0,0,912,52,9,377,0,103,0,0,0,36,0,1065,1642,0,0,26,0,0,0,0,0,0,0,93,119,1,1.7208297251506
Ocilla Police Department,2001-11-01,Georgia,3349,GA07701,0,0,0,0,0,0,0,1,0,0,0,0,0,0,0,1,0,1,1,1,1,3,1,0,0,0,0,0,0,0,2,0,1,1,0,0,0,0,0,0,0,0,1205,0,0,0,0,0,0,0,1032,0,1032,9,344,482,835,3072,344,0,0,0,0,0,0,0,490,0,0,1514,0,0,0,0,1205,0,0,344,3063,0,0,0,0,0,0,0,1205,0,0,0,1205,1,1.7208297251506
Ocilla Police Department,2001-10-01,Georgia,3349,GA07701,4,0,0,1,0,0,5,2,0,0,0,0,0,0,0,0,0,0,1,1,2,4,0,0,0,1,0,0,0,0,3,1,1,2,0,0,5842,0,0,602,0,6445,13767,0,0,0,0,0,0,0,0,0,0,26,279,1979,2284,22495,0,0,0,279,0,0,0,0,2005,0,344,1397,946,645,3270,0,13767,628,0,1497,22495,0,0,1268,0,0,0,0,13767,0,0,0,15035,1,1.7208297251506
Ocilla Police Department,2001-09-01,Georgia,3349,GA07701,4,1,0,0,4,0,9,1,0,0,0,0,0,0,0,0,0,0,8,3,8,19,0,0,0,3,0,0,0,3,13,1,0,1,0,34,1865,0,1860,0,3760,7520,6023,0,0,0,0,0,0,0,0,0,0,105,473,6371,6949,20492,0,0,0,2075,0,0,0,34,4839,533,143,8048,0,172,172,0,6023,4362,0,1038,20492,34,0,122,0,0,0,0,6023,0,0,0,6179,1,1.7208297251506
Ocilla Police Department,2001-08-01,Georgia,3349,GA07701,0,0,5,0,0,2,7,2,0,0,0,0,0,1,0,0,0,1,2,3,4,9,0,0,0,3,0,0,0,0,6,0,1,1,0,0,0,2141,0,0,5249,7389,4990,0,0,0,0,0,86,0,0,0,86,103,891,2476,3471,15937,0,0,0,1494,0,0,0,0,1977,0,0,508,1251,5249,344,0,4990,1005,0,2590,15937,0,0,0,618,0,0,0,3442,0,0,0,4059,1,1.7208297251506
Ocilla Police Department,2001-07-01,Georgia,3349,GA07701,0,0,10,0,0,1,11,0,0,0,0,0,0,0,0,0,0,0,2,4,4,10,0,0,0,2,0,0,0,0,8,0,0,0,0,0,0,6315,0,0,43,6358,0,0,0,0,0,0,0,0,0,0,0,34,663,3170,3867,10225,0,0,0,740,0,0,0,0,3127,2237,0,108,602,1032,1893,0,0,2146,0,2206,10225,0,0,0,0,0,0,0,0,0,0,0,0,1,1.7208297251506
Ocilla Police Department,2001-06-01,Georgia,3349,GA07701,0,0,0,0,0,0,0,0,0,0,0,0,0,0,0,0,0,0,0,0,0,0,0,0,0,0,0,0,0,0,0,0,0,0,0,0,0,0,0,0,0,0,0,0,0,0,0,0,0,0,0,0,0,0,0,0,0,0,0,0,0,0,0,0,0,0,0,0,0,0,0,0,0,0,0,0,0,0,0,0,0,0,0,0,0,0,0,0,0,0,0,1,1.7208297251506
Ocilla Police Department,2001-05-01,Georgia,3349,GA07701,0,0,6,0,0,0,6,2,0,0,0,0,0,0,0,0,0,0,4,2,6,12,0,0,0,1,0,0,0,0,11,1,0,1,0,0,0,2404,0,0,0,2404,19790,0,0,0,0,0,0,0,0,0,0,157,344,8384,8885,31078,0,0,0,77,0,0,0,0,8807,26,45,2306,0,0,5507,0,19790,607,0,2798,31078,0,0,0,0,0,0,0,15487,0,0,0,15487,1,1.7208297251506
Ocilla Police Department,2001-04-01,Georgia,3349,GA07701,0,0,2,0,0,2,4,0,0,1,0,0,0,0,0,0,0,0,2,3,2,7,0,0,0,0,0,0,0,1,6,0,0,0,0,0,0,189,0,0,2020,2210,0,0,0,0,0,0,0,0,0,0,0,34,785,4576,5395,7604,0,0,0,0,0,0,0,5,5390,0,34,4822,0,327,0,0,0,2304,0,117,7604,0,0,0,0,0,0,0,0,0,0,0,0,1,1.7208297251506
Ocilla Police Department,2001-03-01,Georgia,3349,GA07701,0,0,1,0,0,2,3,0,0,1,0,0,0,0,0,0,0,0,3,0,3,6,0,0,0,0,0,0,0,1,5,0,0,0,0,0,0,0,0,0,1437,1437,0,0,0,0,0,0,0,0,0,0,0,206,0,1705,1912,3349,0,0,0,0,0,0,0,69,1843,0,0,1026,0,516,0,0,0,1807,0,0,3349,0,0,0,0,0,0,0,0,0,0,0,0,1,1.7208297251506
Ocilla Police Department,2001-02-01,Georgia,3349,GA07701,0,0,2,0,0,0,2,0,0,0,0,0,0,0,0,0,1,1,2,2,1,5,0,0,0,2,0,0,0,2,1,0,0,0,0,0,0,516,0,0,0,516,0,0,0,0,0,0,0,0,0,112,112,17,258,8604,8879,9508,0,0,0,8776,0,0,0,17,86,0,9,112,172,0,8604,0,0,9,0,602,9508,0,9,0,0,0,0,0,0,9,0,86,103,1,1.7208297251506
Ocilla Police Department,2001-01-01,Georgia,3349,GA07701,0,0,9,0,0,1,10,2,0,0,0,0,0,1,0,1,0,2,6,4,1,11,0,0,0,2,0,0,0,3,6,2,1,3,0,0,0,2294,0,0,1377,3671,18929,0,0,0,0,0,972,0,650,0,1623,25985,706,516,27206,51429,0,0,0,373,0,0,0,22,26811,103,115,3101,0,1729,0,0,44742,1036,0,602,51429,0,22,650,0,860,0,0,44742,72,0,0,46347,1,1.7208297251506
Ocilla Police Department,2000-12-01,Georgia,3270,GA07701,0,0,3,0,0,1,4,3,0,1,0,0,0,0,0,0,0,0,4,1,1,6,0,0,0,0,0,0,0,2,4,3,0,3,0,0,0,1575,0,0,0,1575,15058,0,0,0,0,0,0,0,0,0,0,134,354,612,1101,17734,0,0,0,0,0,0,0,11,1090,0,11,0,0,1929,0,0,15058,71,0,665,17734,0,0,0,0,0,0,0,15058,0,0,0,15058,1,1.76946331784747
Ocilla Police Department,2000-11-01,Georgia,3270,GA07701,0,0,4,0,0,1,5,1,0,0,0,0,0,0,0,0,0,0,7,1,1,9,0,0,0,2,0,0,0,1,6,1,0,1,0,0,0,1495,0,0,0,1495,9113,0,0,0,0,0,0,0,0,0,0,78,265,787,1131,11739,0,0,0,265,0,0,0,5,860,0,0,1217,0,0,0,0,9113,265,0,1143,11739,0,0,0,0,0,0,0,9113,0,0,177,9290,1,1.76946331784747
Ocilla Police Department,2000-10-01,Georgia,3270,GA07701,0,0,2,2,0,0,4,2,0,0,0,0,0,0,0,0,0,0,3,2,0,5,0,0,0,1,0,0,0,0,4,2,0,2,0,0,0,1389,0,0,0,1389,8847,0,0,0,0,0,0,0,0,0,0,80,531,0,610,10847,0,0,0,354,0,0,0,0,257,0,27,885,0,0,504,0,8847,53,0,531,10847,0,0,0,0,0,0,0,8847,53,0,0,8900,1,1.76946331784747
Ocilla Police Department,2000-09-01,Georgia,3270,GA07701,0,0,1,0,0,0,1,1,0,0,0,0,0,0,0,0,0,0,3,2,2,7,0,0,0,0,0,0,0,1,6,0,1,1,0,0,0,0,0,0,0,0,1769,0,0,0,0,0,0,0,0,0,0,57,435,1189,1681,3450,0,0,1677,0,0,0,0,4,0,0,57,214,0,221,0,0,1769,1189,0,0,3450,0,4,0,0,0,0,0,1769,0,0,0,1773,1,1.76946331784747
Ocilla Police Department,2000-08-01,Georgia,3270,GA07701,0,0,3,0,0,0,3,0,0,0,0,0,0,0,0,0,0,0,3,1,0,4,0,0,0,0,0,0,0,3,1,0,0,0,0,0,0,4459,0,0,0,4459,0,0,0,0,0,0,0,0,0,0,0,16,319,0,334,4793,0,0,0,0,0,0,0,16,319,0,51,0,0,531,0,0,0,849,0,3362,4793,0,16,0,0,0,0,0,0,0,0,3008,3024,1,1.76946331784747
Ocilla Police Department,2000-07-01,Georgia,3270,GA07701,0,0,4,0,0,1,5,0,0,0,0,0,0,0,0,0,0,0,0,1,4,5,0,0,0,1,0,0,0,0,4,0,0,0,0,0,0,3946,0,0,354,4300,0,0,0,0,0,0,0,0,0,0,0,0,265,3539,3804,8104,0,0,0,814,0,0,0,0,2990,478,53,779,0,1504,0,0,0,265,0,5025,8104,0,0,0,0,0,0,0,0,0,0,0,0,1,1.76946331784747
Ocilla Police Department,2000-06-01,Georgia,3270,GA07701,1,0,1,0,0,1,3,0,0,0,0,0,0,0,0,0,0,0,5,4,1,10,0,0,0,0,0,0,0,1,9,0,0,0,0,0,1063,876,0,0,0,1939,0,0,0,0,0,0,0,0,0,0,0,99,964,442,1506,3445,0,0,0,0,0,0,0,4,1502,0,28,177,0,0,0,0,0,1301,0,1939,3445,0,4,0,0,0,0,0,0,0,0,1063,1067,1,1.76946331784747
Ocilla Police Department,2000-05-01,Georgia,3270,GA07701,0,0,2,0,0,1,3,0,0,0,0,0,0,1,0,0,0,1,4,6,2,12,0,3,0,2,0,0,0,2,5,0,0,0,0,0,0,547,0,0,0,547,0,0,0,0,0,0,1513,0,0,0,1513,110,1071,1946,3127,5186,0,531,0,354,0,0,0,12,2230,0,136,2937,0,0,319,0,0,1566,0,228,5186,0,9,0,0,0,0,0,0,0,0,0,9,1,1.76946331784747
Ocilla Police Department,2000-04-01,Georgia,3270,GA07701,0,0,7,0,0,1,8,0,0,0,0,0,0,0,0,0,0,0,4,5,1,10,0,0,0,1,0,0,0,1,8,0,0,0,0,0,0,2920,0,0,1536,4456,0,0,0,0,0,0,0,0,0,0,0,113,1044,1129,2286,6742,0,0,0,177,0,0,0,35,2074,35,4,1309,0,0,0,0,0,1115,0,4279,6742,0,0,0,0,0,0,0,0,186,0,354,540,1,1.76946331784747
Ocilla Police Department,2000-03-01,Georgia,3270,GA07701,0,0,4,0,0,0,4,2,0,0,0,0,0,1,0,0,0,1,4,3,1,8,0,2,0,0,0,0,0,1,5,0,1,1,0,0,0,8263,0,0,0,8263,35389,0,0,0,0,0,354,0,0,0,354,88,531,361,980,44987,0,221,0,0,0,0,0,9,750,0,241,1953,6839,0,166,0,35389,398,0,0,44987,0,9,0,0,0,0,0,14156,177,0,0,14342,1,1.76946331784747
Ocilla Police Department,2000-02-01,Georgia,3270,GA07701,0,0,3,0,0,0,3,0,0,1,0,0,0,0,0,1,0,1,5,4,7,16,0,1,0,3,0,0,0,0,12,0,0,0,0,0,0,0,0,0,0,0,0,0,0,0,0,0,0,0,0,0,0,35,616,13984,14635,14635,0,106,0,1769,0,0,0,0,12760,0,35,191,221,796,7078,0,0,3880,885,1548,14635,0,0,0,0,0,0,0,0,3456,0,0,3456,1,1.76946331784747
Ocilla Police Department,2000-01-01,Georgia,3270,GA07701,0,0,5,0,0,0,5,0,0,0,0,0,0,0,0,0,0,0,15,7,4,26,0,4,0,2,0,0,0,9,11,0,0,0,0,0,0,637,0,0,0,637,0,0,0,0,0,0,0,0,0,0,0,173,1265,4137,5576,6213,0,655,0,885,0,0,0,773,3263,0,58,1203,0,0,354,0,0,3456,0,1141,6213,0,0,0,0,0,0,0,0,0,0,0,0,1,1.76946331784747
Ocilla Police Department,1999-12-01,Georgia,3321,GA07701,0,0,6,0,0,0,6,1,0,1,0,0,0,0,0,0,0,0,3,3,2,8,3,0,0,0,0,0,0,0,5,1,0,1,0,0,0,10858,0,0,0,10858,29267,0,0,0,0,0,0,0,0,0,0,37,677,1467,2180,42306,1467,0,0,0,0,0,0,0,713,1280,0,774,732,0,5945,0,29267,238,0,4070,42306,0,0,0,0,0,0,0,29267,0,0,0,29267,1,1.82921556856271
Ocilla Police Department,1999-11-01,Georgia,3321,GA07701,0,0,2,0,0,0,2,0,0,0,0,0,0,0,0,0,0,0,0,4,1,5,0,3,0,1,0,0,0,0,1,0,0,0,0,0,0,1463,0,0,0,1463,0,0,0,0,0,0,0,0,0,0,0,0,851,2195,3046,4509,0,485,0,366,0,0,0,0,2195,0,0,366,1098,0,2195,0,0,485,0,366,4509,0,0,0,0,0,0,0,0,0,0,0,0,1,1.82921556856271
Ocilla Police Department,1999-10-01,Georgia,3321,GA07701,0,0,0,0,0,0,0,0,0,0,0,0,0,0,0,0,0,0,0,0,0,0,0,0,0,0,0,0,0,0,0,0,0,0,0,0,0,0,0,0,0,0,0,0,0,0,0,0,0,0,0,0,0,0,0,0,0,0,0,0,0,0,0,0,0,0,0,0,0,0,0,0,0,0,0,0,0,0,0,0,0,0,0,0,0,0,0,0,0,0,0,1,1.82921556856271
Ocilla Police Department,1999-09-01,Georgia,3321,GA07701,0,0,2,0,0,0,2,0,0,0,0,0,0,0,0,0,0,0,2,2,1,5,0,0,0,1,0,0,0,0,4,0,0,0,0,0,0,787,0,0,0,787,0,0,0,0,0,0,0,0,0,0,0,146,640,732,1518,2305,0,0,0,366,0,0,0,0,1152,0,0,73,0,274,732,0,0,73,0,1152,2305,0,0,732,0,0,0,0,0,0,0,0,732,1,1.82921556856271
Ocilla Police Department,1999-08-01,Georgia,3321,GA07701,0,0,0,0,0,0,0,0,0,0,0,0,0,0,0,0,0,0,0,0,0,0,0,0,0,0,0,0,0,0,0,0,0,0,0,0,0,0,0,0,0,0,0,0,0,0,0,0,0,0,0,0,0,0,0,0,0,0,0,0,0,0,0,0,0,0,0,0,0,0,0,0,0,0,0,0,0,0,0,0,0,0,0,0,0,0,0,0,0,0,0,1,1.82921556856271
Ocilla Police Department,1999-07-01,Georgia,3321,GA07701,0,0,0,0,0,0,0,0,0,0,0,0,0,0,0,0,0,0,0,0,0,0,0,0,0,0,0,0,0,0,0,0,0,0,0,0,0,0,0,0,0,0,0,0,0,0,0,0,0,0,0,0,0,0,0,0,0,0,0,0,0,0,0,0,0,0,0,0,0,0,0,0,0,0,0,0,0,0,0,0,0,0,0,0,0,0,0,0,0,0,0,1,1.82921556856271
Ocilla Police Department,1999-06-01,Georgia,3321,GA07701,0,0,3,0,0,4,7,3,0,0,0,0,0,1,0,0,0,1,4,5,5,14,0,0,0,4,0,0,0,0,10,3,0,3,0,0,0,823,0,0,2115,2938,16463,0,0,0,0,0,37,0,0,0,37,157,979,10357,11493,30930,0,0,0,516,0,0,0,0,10977,412,29,3927,55,366,6759,0,16463,750,1098,1072,30930,46,0,0,55,366,18,0,16463,750,0,543,18241,1,1.82921556856271
Ocilla Police Department,1999-05-01,Georgia,3321,GA07701,0,0,1,0,0,0,1,0,0,0,0,0,0,0,0,1,0,1,0,6,2,8,0,1,0,4,0,0,0,0,3,0,0,0,0,0,0,1308,0,0,0,1308,0,0,0,0,0,0,0,0,430,0,430,0,1162,1189,2351,4088,0,183,0,1558,0,0,0,0,609,37,0,832,732,238,247,0,0,183,640,1180,4088,0,0,0,0,0,0,0,0,0,0,0,0,1,1.82921556856271
Ocilla Police Department,1999-04-01,Georgia,3321,GA07701,0,0,1,0,0,1,2,0,0,0,0,0,0,0,0,0,0,0,0,3,0,3,0,1,0,0,0,0,0,0,2,0,0,0,0,0,0,823,0,0,183,1006,0,0,0,0,0,0,0,0,0,0,0,0,794,0,794,1800,0,154,0,0,0,0,0,0,640,0,183,366,549,0,0,0,0,702,0,0,1800,0,0,0,0,0,0,0,0,154,0,0,154,1,1.82921556856271
Ocilla Police Department,1999-03-01,Georgia,3321,GA07701,0,0,2,0,0,1,3,0,0,0,0,0,0,0,0,0,0,0,0,1,3,4,0,0,0,0,0,0,0,0,4,0,0,0,0,0,0,3183,0,0,46371,49553,0,0,0,0,0,0,0,0,0,0,0,0,101,2332,2433,51986,0,0,0,0,0,0,0,0,2433,0,0,2469,0,2332,1006,0,0,45831,0,348,51986,0,0,0,0,0,0,0,0,101,0,0,101,1,1.82921556856271
Ocilla Police Department,1999-02-01,Georgia,3321,GA07701,0,0,1,0,0,0,1,1,0,0,0,0,0,0,0,0,0,0,1,4,2,7,0,1,0,1,0,0,0,0,5,0,1,1,0,0,0,410,0,0,0,410,21951,0,0,0,0,0,0,0,0,0,0,22,766,3384,4172,26533,0,91,0,1829,0,0,0,0,2252,0,0,22,0,1866,0,0,21951,774,0,1921,26533,0,0,22,0,0,0,0,21951,0,0,0,21973,1,1.82921556856271
Ocilla Police Department,1999-01-01,Georgia,3321,GA07701,0,0,1,0,0,0,1,0,0,0,0,0,0,0,0,0,0,0,0,0,4,4,0,1,0,1,0,0,0,0,2,0,0,0,0,0,0,0,0,0,0,0,0,0,0,0,0,0,0,0,0,0,0,0,0,2204,2204,2204,0,549,0,549,0,0,0,0,1107,0,0,640,0,466,0,0,0,549,0,549,2204,0,0,0,0,0,0,0,0,0,0,0,0,1,1.82921556856271
Ocilla Police Department,1998-12-01,Georgia,3360,GA07701,0,0,1,2,0,0,3,0,0,0,0,0,0,0,0,0,0,0,1,4,6,11,0,3,0,2,0,0,0,0,6,0,0,0,0,0,0,172,0,340,0,512,0,0,0,0,0,0,0,0,0,0,0,75,1019,7488,8582,9094,0,907,0,2101,0,0,0,0,5574,0,116,4107,1443,187,0,0,0,1110,0,2131,9094,0,0,0,0,0,0,0,0,308,0,0,308,1,1.86923930269414
Ocilla Police Department,1998-11-01,Georgia,3360,GA07701,0,0,2,0,0,1,3,2,0,0,0,0,0,0,0,0,0,0,1,1,1,3,0,0,0,0,0,0,0,0,3,2,0,2,0,0,0,757,0,0,187,944,23276,0,0,0,0,0,0,0,0,0,0,6168,187,897,7253,31472,0,0,0,0,0,0,0,0,7253,0,0,374,234,0,224,0,28599,1032,0,1009,31472,0,0,0,0,0,0,0,28599,845,0,0,29444,1,1.86923930269414
Ocilla Police Department,1998-10-01,Georgia,3360,GA07701,0,0,2,0,0,2,4,2,0,0,0,0,0,0,0,0,0,0,0,5,1,6,0,1,0,0,0,0,0,0,5,0,1,1,0,0,0,617,0,0,841,1458,6542,0,0,0,0,0,0,0,0,0,0,0,1122,953,2075,10075,0,280,0,0,0,0,0,0,1794,0,0,0,0,93,224,0,6542,1851,0,1365,10075,0,0,0,0,0,0,0,6542,0,0,748,7290,1,1.86923930269414
Ocilla Police Department,1998-09-01,Georgia,3360,GA07701,0,0,7,0,0,4,11,1,0,0,0,0,0,0,0,0,0,0,1,6,2,9,0,1,0,1,0,0,0,0,7,1,0,1,0,0,0,27035,0,0,8550,35585,31852,0,0,0,0,0,0,0,0,0,0,56,1228,13085,14369,81805,0,120,0,1869,0,0,0,0,12380,0,34,1520,3365,0,6954,0,37385,14726,0,17823,81805,0,0,0,0,0,0,0,37385,1961,0,0,39346,1,1.86923930269414
Ocilla Police Department,1998-08-01,Georgia,3360,GA07701,0,0,0,0,0,3,3,1,0,0,0,0,0,0,0,1,1,2,1,4,5,10,0,0,0,1,0,0,0,1,8,0,1,1,0,0,0,0,0,0,766,766,2804,0,0,0,0,0,0,0,187,75,262,4,508,7010,7522,11354,0,0,0,561,0,0,0,4,6957,0,486,897,0,1402,0,0,2804,5204,0,561,11354,0,163,0,0,0,0,0,2804,1047,0,187,4200,1,1.86923930269414
Ocilla Police Department,1998-07-01,Georgia,3360,GA07701,0,0,1,0,0,0,1,0,0,0,0,0,0,0,0,0,0,0,2,8,2,12,0,1,0,1,0,0,0,0,10,0,0,0,0,0,0,0,0,0,0,0,0,0,0,0,0,0,0,0,0,0,0,163,1808,1551,3522,3522,0,234,0,290,0,0,0,0,2998,0,0,88,542,0,0,0,0,2452,0,439,3522,0,0,0,542,0,0,0,0,0,0,0,542,1,1.86923930269414
Ocilla Police Department,1998-06-01,Georgia,3360,GA07701,0,0,6,0,0,4,10,0,0,0,0,0,0,0,0,0,0,0,1,2,2,5,0,0,0,1,0,0,0,0,4,0,0,0,0,0,0,1976,0,0,7182,9157,0,0,0,0,0,0,0,0,0,0,0,22,280,2267,2570,11728,0,0,0,187,0,0,0,0,2383,0,650,4742,0,187,338,0,0,4714,187,908,11728,0,90,0,0,0,0,0,0,280,0,0,370,1,1.86923930269414
Ocilla Police Department,1998-05-01,Georgia,3360,GA07701,0,0,3,0,0,1,4,0,0,1,0,0,0,0,0,0,0,0,0,2,4,6,0,1,0,3,0,0,0,0,2,0,0,0,0,0,0,3170,0,0,935,4105,0,0,0,0,0,0,0,0,0,0,0,0,608,5395,6002,10107,0,280,0,1823,0,0,0,0,3899,0,0,4424,0,0,0,0,0,308,0,5374,10107,0,0,0,0,0,0,0,0,0,0,935,935,1,1.86923930269414
Ocilla Police Department,1998-04-01,Georgia,3360,GA07701,0,0,5,0,0,0,5,1,0,0,0,0,0,0,0,0,0,0,3,6,4,13,0,1,0,1,0,0,0,1,10,1,0,1,0,0,0,7664,0,0,0,7664,5982,0,0,0,0,0,0,0,0,0,0,58,1351,3273,4682,18328,0,202,0,19,0,0,0,2,4460,3757,2,3049,0,0,1122,0,5982,3426,0,991,18328,0,0,299,0,0,0,0,5982,327,0,0,6608,1,1.86923930269414
Ocilla Police Department,1998-03-01,Georgia,3360,GA07701,0,0,1,0,0,3,4,0,0,0,0,0,0,0,0,0,0,0,3,0,1,4,0,0,0,1,0,0,0,2,1,1,0,1,0,0,0,75,0,0,6477,6552,0,0,0,0,0,0,0,0,0,0,0,71,0,935,1006,7557,0,0,0,52,0,0,0,19,935,56,0,1136,0,0,0,0,0,794,514,5056,7557,19,0,0,0,0,0,0,514,0,0,0,533,1,1.86923930269414
Ocilla Police Department,1998-02-01,Georgia,3360,GA07701,0,0,1,0,0,4,5,0,0,0,0,0,0,0,0,1,0,1,2,5,3,10,0,0,0,2,0,0,0,2,6,0,0,0,0,0,0,191,0,0,7103,7294,0,0,0,0,0,0,0,0,120,0,120,13,1009,5701,6724,14137,0,0,0,598,0,0,0,13,6112,0,28,1305,0,374,5140,0,0,6729,0,561,14137,0,7,0,0,0,0,0,0,0,0,0,7,1,1.86923930269414
Ocilla Police Department,1998-01-01,Georgia,3360,GA07701,0,0,0,0,0,0,0,0,0,0,0,0,0,0,0,0,0,0,0,0,0,0,0,0,0,0,0,0,0,0,0,0,0,0,0,0,0,0,0,0,0,0,0,0,0,0,0,0,0,0,0,0,0,0,0,0,0,0,0,0,0,0,0,0,0,0,0,0,0,0,0,0,0,0,0,0,0,0,0,0,0,0,0,0,0,0,0,0,0,0,0,1,1.86923930269414
Ocilla Police Department,1997-12-01,Georgia,3302,GA07701,0,0,2,4,0,0,6,1,0,0,0,0,0,0,0,0,0,0,9,5,2,16,0,0,0,8,0,0,0,5,3,1,0,1,0,0,0,2658,0,1443,0,4100,1898,0,0,0,0,0,0,0,0,0,0,239,957,2166,3362,9360,0,0,0,2420,0,0,0,30,911,95,30,738,0,19,0,0,1898,666,0,5913,9360,0,21,0,0,0,0,0,1898,0,0,475,2394,1,1.89825511369536
Ocilla Police Department,1997-11-01,Georgia,3302,GA07701,0,0,5,0,0,0,5,0,0,0,0,0,0,0,0,0,0,0,2,1,2,5,0,0,0,0,0,0,0,0,5,0,0,0,0,0,0,2221,0,0,0,2221,0,0,0,0,0,0,0,0,0,0,0,47,190,5885,6122,8343,0,0,0,0,0,0,0,0,6122,0,85,0,0,0,1993,0,0,1329,0,4935,8343,0,0,0,0,0,0,0,0,0,0,4746,4746,1,1.89825511369536
Ocilla Police Department,1997-10-01,Georgia,3302,GA07701,0,8,0,0,0,1,9,0,0,0,0,0,0,0,0,0,0,0,4,9,0,13,0,3,0,2,0,0,0,3,5,0,0,0,0,7743,0,0,0,0,716,8459,0,0,0,0,0,0,0,0,0,0,0,116,1887,0,2003,10461,0,378,0,484,0,0,0,99,1099,63,864,1944,0,0,6112,0,0,997,0,482,10461,0,36,0,0,0,0,0,0,0,0,0,36,1,1.89825511369536
Ocilla Police Department,1997-09-01,Georgia,3302,GA07701,0,0,5,1,0,3,9,3,0,0,0,0,0,1,0,0,0,1,10,7,2,19,0,5,0,2,0,0,0,3,9,2,0,2,0,0,0,2942,0,1044,1129,5116,59226,0,0,0,0,0,560,0,0,0,560,233,1479,1670,3383,68284,0,1109,0,598,0,0,0,49,1722,28,148,740,0,3037,285,0,59226,1726,0,3094,68284,28,15,0,0,949,0,0,28474,0,0,503,29970,1,1.89825511369536
Ocilla Police Department,1997-08-01,Georgia,3302,GA07701,2,3,0,0,0,0,5,1,0,0,0,0,0,0,0,0,0,0,7,9,3,19,0,8,0,0,0,0,0,5,6,1,0,1,1,721,475,0,0,0,0,1196,1898,0,0,0,0,0,0,0,0,0,0,65,1642,1997,3703,6798,0,1746,0,0,0,0,0,32,1925,0,65,342,0,475,0,0,1898,2880,0,1139,6798,0,9,0,0,0,0,0,0,987,0,0,997,1,1.89825511369536
Ocilla Police Department,1997-07-01,Georgia,3302,GA07701,3,3,0,4,4,0,14,1,0,0,0,0,0,2,0,0,0,2,7,6,3,16,0,2,0,0,0,0,0,6,8,1,0,1,0,1936,163,0,1727,6644,0,10471,2847,0,0,0,0,0,9491,0,0,0,9491,36,945,2181,3162,25972,0,361,0,0,0,0,0,36,2766,38,38,983,0,1329,1139,0,12339,7071,1329,1707,25972,0,19,0,0,190,0,0,12339,0,0,0,12547,1,1.89825511369536
Ocilla Police Department,1997-06-01,Georgia,3302,GA07701,1,3,0,0,0,0,4,1,0,0,0,0,0,0,0,0,0,0,0,6,3,9,0,0,0,0,0,0,0,0,9,1,0,1,0,740,949,0,0,0,0,1689,4746,0,0,0,0,0,0,0,0,0,0,0,1120,1898,3018,9453,0,0,0,0,0,0,0,0,3018,0,0,1063,0,0,0,0,4746,1651,0,1993,9453,0,0,0,0,0,0,0,0,0,0,95,95,1,1.89825511369536
Ocilla Police Department,1997-05-01,Georgia,3302,GA07701,0,0,0,0,0,0,0,0,0,0,0,0,0,0,0,0,0,0,0,0,0,0,0,0,0,0,0,0,0,0,0,0,0,0,0,0,0,0,0,0,0,0,0,0,0,0,0,0,0,0,0,0,0,0,0,0,0,0,0,0,0,0,0,0,0,0,0,0,0,0,0,0,0,0,0,0,0,0,0,0,0,0,0,0,0,0,0,0,0,0,0,1,1.89825511369536
Ocilla Police Department,1997-04-01,Georgia,3302,GA07701,0,0,0,0,0,0,0,0,0,0,0,0,0,0,0,0,0,0,0,0,0,0,0,0,0,0,0,0,0,0,0,0,0,0,0,0,0,0,0,0,0,0,0,0,0,0,0,0,0,0,0,0,0,0,0,0,0,0,0,0,0,0,0,0,0,0,0,0,0,0,0,0,0,0,0,0,0,0,0,0,0,0,0,0,0,0,0,0,0,0,0,1,1.89825511369536
Ocilla Police Department,1997-03-01,Georgia,3302,GA07701,4,0,0,1,1,0,6,0,0,0,0,0,0,0,1,0,0,1,5,6,5,16,0,0,0,2,0,0,0,0,14,0,0,0,0,0,42,0,759,0,0,801,0,0,0,0,0,0,0,51,0,0,51,277,1424,5847,7547,8400,0,0,0,1357,0,0,0,0,6190,9,114,456,1357,0,380,0,0,3512,0,2572,8400,9,0,0,0,0,0,0,0,190,0,0,199,1,1.89825511369536
Ocilla Police Department,1997-02-01,Georgia,3302,GA07701,2,0,0,3,1,0,6,0,0,0,0,0,0,0,1,0,0,1,0,2,3,5,0,0,0,1,0,0,0,0,4,0,0,0,0,0,1080,0,142,66,0,1289,0,0,0,0,0,0,0,1253,0,0,1253,0,473,4508,4981,7523,0,0,0,283,0,0,0,0,4698,380,0,2202,1055,283,494,142,0,2625,0,342,7523,0,0,0,0,0,494,0,0,0,0,0,494,1,1.89825511369536
Ocilla Police Department,1997-01-01,Georgia,3302,GA07701,1,2,0,2,0,0,5,1,0,0,0,1,0,0,0,0,0,1,8,3,1,12,0,1,0,2,0,0,0,3,6,0,0,0,0,569,190,0,0,719,0,1479,35118,0,0,0,152,0,0,0,0,0,152,180,748,607,1536,38284,0,57,0,560,0,0,0,49,869,114,0,1052,76,114,418,0,35118,444,380,569,38284,0,0,0,0,42,0,0,0,0,0,0,42,1,1.89825511369536
Ocilla Police Department,1996-12-01,Georgia,3244,GA07701,1,0,0,3,0,0,4,0,0,0,0,0,0,0,0,0,0,0,5,3,3,11,0,0,0,0,0,0,0,4,7,0,0,0,0,0,243,0,0,880,0,1123,0,0,0,0,0,0,0,0,0,0,0,119,680,1399,2197,3320,0,0,0,0,0,0,0,47,2150,0,39,2593,0,243,0,0,0,445,0,0,3320,0,39,0,0,0,0,0,0,8,0,0,47,1,1.94263043247264
Ocilla Police Department,1996-11-01,Georgia,3244,GA07701,1,1,0,1,2,0,5,1,0,0,0,0,0,0,0,0,0,0,3,3,6,12,0,1,0,3,0,0,0,0,8,1,0,1,0,777,971,0,132,0,0,1880,19426,0,0,0,0,0,0,0,0,0,0,45,999,6137,7180,28487,0,340,0,1686,0,0,0,0,5154,0,152,3532,1554,486,525,0,19426,350,0,2463,28487,0,0,0,971,486,0,0,19426,0,0,0,20883,1,1.94263043247264
Ocilla Police Department,1996-10-01,Georgia,3244,GA07701,3,0,0,3,1,0,7,0,0,0,0,0,0,0,0,0,0,0,3,4,1,8,0,0,0,2,0,0,0,1,5,0,0,0,0,0,7129,0,97,2846,0,10073,0,0,0,0,0,0,0,0,0,0,0,87,892,3108,4087,14160,0,0,0,406,0,0,0,23,3658,3909,122,3988,1921,0,971,0,0,2801,0,447,14160,23,0,0,0,0,0,0,0,2525,0,429,2978,1,1.94263043247264
Ocilla Police Department,1996-09-01,Georgia,3244,GA07701,2,0,0,1,0,0,3,1,1,0,0,0,0,2,0,0,0,2,1,6,3,10,0,1,0,3,0,0,0,1,5,1,0,1,0,0,429,0,0,194,0,624,30499,0,0,0,0,0,1204,0,0,0,1204,4,1535,1729,3268,35595,0,291,0,1030,0,0,0,4,1943,0,198,2448,350,0,0,0,30499,699,0,1401,35595,0,0,0,0,0,0,0,30499,0,0,0,30499,1,1.94263043247264
Ocilla Police Department,1996-08-01,Georgia,3244,GA07701,1,1,1,1,0,0,4,2,0,0,0,0,0,0,0,0,0,0,5,5,3,13,0,0,0,3,0,0,0,3,7,1,1,2,0,0,0,10,0,29,0,39,25254,0,0,0,0,0,0,0,0,0,0,165,1292,2063,3520,28813,0,0,0,878,0,0,0,1010,1632,0,728,742,0,0,971,0,25254,826,0,291,28813,0,0,0,0,0,971,0,25254,340,0,0,26565,1,1.94263043247264
Ocilla Police Department,1996-07-01,Georgia,3244,GA07701,0,3,0,1,1,0,5,0,0,0,0,0,0,0,0,0,0,0,7,3,6,16,0,0,0,4,2,0,0,1,9,0,0,0,0,3846,0,0,1647,713,0,6207,0,0,0,0,0,0,0,0,0,0,0,9760,709,5070,15539,21746,0,0,0,2393,787,0,0,291,12068,400,330,1335,330,583,1655,0,0,3738,9713,3662,21746,0,0,0,0,0,0,0,0,2813,0,0,2813,1,1.94263043247264
Ocilla Police Department,1996-06-01,Georgia,3244,GA07701,4,0,0,1,0,1,6,1,1,0,0,0,0,0,0,0,0,0,1,3,4,8,0,0,0,2,0,0,0,0,6,1,0,1,0,0,1059,0,0,146,389,1593,38853,0,0,0,0,0,0,0,0,0,0,78,701,5280,6059,46505,0,0,0,855,0,0,0,0,5204,0,0,769,1068,0,486,0,38853,5251,0,78,46505,0,0,0,0,0,0,0,38853,3629,0,0,42481,1,1.94263043247264
Ocilla Police Department,1996-05-01,Georgia,3244,GA07701,2,1,0,1,1,0,5,1,0,0,0,0,0,0,0,0,0,0,0,7,3,10,0,0,0,3,0,0,0,0,7,1,0,1,0,212,159,0,422,19844,0,20637,31082,0,0,0,0,0,0,0,0,0,0,0,1535,2475,4010,55728,0,0,0,882,0,0,0,0,3128,0,0,20914,212,159,1943,0,31082,932,0,486,55728,0,0,20153,0,0,0,0,31082,0,0,194,51429,1,1.94263043247264
Ocilla Police Department,1996-04-01,Georgia,3244,GA07701,1,1,0,1,0,0,3,0,0,0,0,0,0,0,0,0,0,0,3,3,7,13,0,0,0,4,0,0,0,0,9,0,0,0,0,932,2525,0,0,97,0,3555,0,0,0,0,0,0,0,0,0,0,0,113,828,6333,7273,10828,0,0,0,3623,0,0,0,0,3650,342,155,783,194,97,3400,0,0,2603,0,3254,10828,0,0,0,0,0,0,0,0,0,0,194,194,1,1.94263043247264
Ocilla Police Department,1996-03-01,Georgia,3244,GA07701,2,2,0,0,0,0,4,3,0,0,0,0,0,0,0,0,0,0,1,4,2,7,1,0,0,0,0,0,0,0,6,3,1,4,0,903,330,0,0,0,0,1234,16901,0,0,0,0,0,0,0,0,0,0,49,1033,2001,3083,21217,1360,0,0,0,0,0,0,0,1723,0,321,872,0,0,49,0,16901,1033,0,2042,21217,0,0,0,0,0,0,0,16901,0,0,0,16901,1,1.94263043247264
Ocilla Police Department,1996-02-01,Georgia,3244,GA07701,0,1,0,1,0,0,2,0,0,0,0,0,0,0,0,0,0,0,3,1,4,8,0,0,0,1,0,0,0,0,7,0,0,0,0,194,0,0,0,146,0,340,0,0,0,0,0,0,0,0,0,0,0,39,194,2215,2448,2788,0,0,0,874,0,0,0,0,1574,563,0,622,0,0,583,0,0,0,0,1020,2788,0,0,486,0,0,0,0,0,194,0,0,680,1,1.94263043247264
Ocilla Police Department,1996-01-01,Georgia,3244,GA07701,1,0,0,1,0,0,2,1,0,0,0,0,0,0,0,0,0,0,0,6,1,7,0,0,0,3,0,0,0,0,4,1,0,1,0,0,4371,0,0,23,0,4394,2914,0,0,0,0,0,0,0,0,0,0,0,1195,971,2166,9474,0,0,0,1253,0,0,0,0,913,0,0,732,0,0,0,0,2914,5634,0,194,9474,0,0,0,0,0,0,0,2914,971,0,0,3885,1,1.94263043247264
Ocilla Police Department,1995-12-01,Georgia,3177,GA07701,1,0,0,0,0,0,1,0,0,0,0,0,0,0,0,0,0,0,2,2,5,9,0,0,0,2,0,0,0,2,5,0,0,0,0,0,0,0,0,0,0,0,0,0,0,0,0,0,0,0,0,0,0,8,338,9948,10294,10294,0,0,0,2599,0,0,0,8,7686,2,6,450,0,0,700,0,0,538,0,8598,10294,2,6,0,0,0,700,0,0,0,0,0,708,1,1.99957289729848
Ocilla Police Department,1995-11-01,Georgia,3177,GA07701,0,2,0,0,0,0,2,2,0,0,0,0,0,0,0,0,0,0,1,1,5,7,0,0,0,0,0,0,0,0,7,1,0,1,0,1292,0,0,0,0,0,1292,63986,0,0,0,0,0,0,0,0,0,0,700,120,3259,4079,69357,0,0,0,0,0,0,0,0,4079,0,0,60,0,1450,0,0,64686,80,0,3081,69357,0,0,0,0,0,0,0,64686,0,0,0,64686,1,1.99957289729848
Ocilla Police Department,1995-10-01,Georgia,3177,GA07701,0,0,0,0,0,1,1,0,0,0,0,0,0,0,0,0,0,0,4,10,8,22,0,1,0,3,0,0,0,0,18,0,0,0,0,0,0,0,0,0,130,130,0,0,0,0,0,0,0,0,0,0,0,20,1928,47422,49369,49499,0,198,0,420,0,0,0,0,48752,600,390,280,0,0,2519,0,0,45290,0,420,49499,0,0,190,0,0,1600,0,0,900,0,0,2689,1,1.99957289729848
Ocilla Police Department,1995-09-01,Georgia,3177,GA07701,2,2,0,0,1,1,6,1,0,0,0,0,0,1,0,0,0,1,2,2,0,4,0,0,0,0,0,0,0,1,3,1,0,1,1,40,1000,0,80,0,2000,3119,15997,0,0,0,0,0,150,0,0,0,150,14,340,0,354,19620,0,0,0,0,0,0,0,4,350,0,454,2230,600,0,0,0,15997,340,0,0,19620,0,44,0,0,0,0,0,15997,0,0,0,16041,1,1.99957289729848
Ocilla Police Department,1995-08-01,Georgia,3177,GA07701,1,1,1,0,1,0,4,1,0,0,0,0,0,0,0,0,0,0,7,1,3,11,0,1,0,1,0,0,0,1,8,0,0,0,0,160,600,0,200,0,0,960,1000,0,0,0,0,0,0,0,0,0,0,148,350,16646,17144,19104,0,150,0,16197,0,0,0,10,788,0,0,14817,0,0,2000,0,1000,1288,0,0,19104,0,0,0,0,0,0,0,0,0,0,0,0,1,1.99957289729848
Ocilla Police Department,1995-07-01,Georgia,3177,GA07701,5,1,0,0,1,0,7,3,0,0,0,0,0,0,0,0,0,0,6,6,2,14,0,1,0,2,1,0,0,2,8,1,0,1,0,0,650,0,0,0,0,650,6399,0,0,0,0,0,0,0,0,0,0,4611,1560,1230,7400,14449,0,280,0,630,200,0,0,68,6223,0,308,1674,200,40,6,0,10902,1270,0,50,14449,0,60,0,0,0,0,0,10898,100,0,0,11058,1,1.99957289729848
Ocilla Police Department,1995-06-01,Georgia,3177,GA07701,1,1,0,0,1,0,3,1,0,0,0,0,0,2,0,0,0,2,5,4,3,12,0,1,1,0,0,0,0,2,8,1,0,1,0,400,660,0,532,0,0,1592,1000,0,0,0,0,0,560,0,0,0,560,96,760,4019,4875,8026,0,150,1220,0,0,0,0,32,3473,20,546,500,1060,1518,2160,0,1000,824,0,400,8026,0,534,0,0,0,0,0,1000,0,0,0,1534,1,1.99957289729848
Ocilla Police Department,1995-05-01,Georgia,3177,GA07701,0,2,0,0,1,0,3,0,0,0,0,0,0,0,0,0,0,0,12,3,1,16,0,0,0,1,0,0,0,0,14,0,0,0,0,0,0,0,3339,0,0,3339,0,0,0,0,0,0,0,0,0,0,0,212,834,400,1446,4785,0,0,0,400,0,0,0,0,1020,30,236,394,0,1040,0,0,0,136,0,2949,4785,0,200,0,0,0,0,0,0,26,0,0,226,1,1.99957289729848
Ocilla Police Department,1995-04-01,Georgia,3177,GA07701,2,14,0,0,0,0,16,1,0,0,0,0,0,0,0,0,0,0,5,3,5,13,0,2,0,3,0,0,0,2,6,1,0,1,0,6679,9106,0,0,0,0,15785,1600,0,0,0,0,0,0,0,0,0,0,146,550,2719,3415,20800,0,800,0,1320,0,0,0,84,1212,930,240,1350,0,180,5847,0,1600,5685,0,4969,20800,0,0,0,0,0,78,0,1600,856,0,2050,4583,1,1.99957289729848
Ocilla Police Department,1995-03-01,Georgia,3177,GA07701,0,2,1,0,0,0,3,3,0,0,0,0,0,1,0,0,0,1,5,2,2,9,0,0,0,0,0,0,0,2,7,3,0,3,0,3927,0,2503,0,0,0,6431,17416,0,0,0,0,0,630,0,0,0,630,44,498,1040,1582,26058,0,0,0,0,0,0,0,34,1548,830,118,1828,120,580,4629,0,16996,0,0,958,26058,0,0,0,0,0,0,0,16996,0,0,0,16996,1,1.99957289729848
Ocilla Police Department,1995-02-01,Georgia,3177,GA07701,1,6,0,1,1,0,9,0,0,0,0,0,0,1,1,0,0,2,2,1,2,5,0,1,0,1,0,0,0,1,2,0,0,0,0,3559,0,0,0,4999,0,8558,0,0,0,0,0,0,60,50,0,0,110,26,200,1436,1662,10330,0,200,0,1036,0,0,0,26,400,0,66,1626,700,0,1140,0,0,200,0,6599,10330,0,26,0,400,0,0,0,0,200,0,900,1526,1,1.99957289729848
Ocilla Police Department,1995-01-01,Georgia,3177,GA07701,2,0,1,2,0,0,5,0,0,0,0,0,0,0,0,0,0,0,4,5,4,13,0,2,0,2,0,0,0,0,9,0,0,0,0,0,700,1100,0,1600,0,3399,0,0,0,0,0,0,0,0,0,0,0,38,1168,8224,9430,12829,0,350,0,300,0,0,0,0,8780,0,10,1286,1718,0,0,0,0,2268,0,7548,12829,0,0,0,0,0,0,0,0,650,0,0,650,1,1.99957289729848
Ocilla Police Department,1994-12-01,Georgia,3274,GA07701,0,4,0,1,0,0,5,1,0,0,0,0,0,0,0,0,0,0,3,3,4,10,0,0,0,2,1,0,0,1,6,0,1,1,0,1614,0,0,0,308,0,1922,6167,0,0,0,0,0,0,0,0,0,0,103,411,4603,5117,13206,0,0,0,3084,103,0,0,21,1910,2570,0,1231,771,0,41,0,6167,1901,0,524,13206,0,0,0,617,0,0,0,6167,0,0,21,6804,1,2.05566930904593
Ocilla Police Department,1994-11-01,Georgia,3274,GA07701,0,2,0,0,0,0,2,0,0,1,0,0,0,0,0,0,0,0,5,6,4,15,0,0,0,3,0,0,0,2,10,0,0,0,0,6303,0,0,0,0,0,6303,0,0,0,0,0,0,0,0,0,0,0,109,1394,3470,4973,11275,0,0,0,1953,0,0,0,47,2972,111,109,1410,0,206,6167,0,0,1803,0,1470,11275,0,25,0,0,0,0,0,0,368,0,719,1112,1,2.05566930904593
Ocilla Police Department,1994-10-01,Georgia,3274,GA07701,2,2,0,0,0,0,4,2,0,0,0,0,0,0,0,0,0,0,10,2,1,13,0,0,0,3,0,0,0,4,6,1,1,2,0,830,1131,0,0,0,0,1961,13362,0,0,0,0,0,0,0,0,0,0,249,411,617,1277,16600,0,0,0,668,0,0,0,86,522,51,271,80,206,419,0,0,13362,1182,0,1028,16600,0,4,0,719,0,0,0,16445,21,0,0,17190,1,2.05566930904593
Ocilla Police Department,1994-09-01,Georgia,3274,GA07701,2,2,0,0,1,0,5,2,0,0,0,0,0,0,0,0,0,0,10,5,2,17,0,0,0,3,0,0,0,6,8,2,0,2,0,1223,1710,0,541,0,0,3474,9251,0,0,0,0,0,0,0,0,0,0,187,1016,2013,3215,15940,0,0,0,407,0,0,0,70,2738,360,64,1624,719,0,1509,0,9251,2208,0,206,15940,0,0,0,0,0,0,0,9251,267,0,0,9518,1,2.05566930904593
Ocilla Police Department,1994-08-01,Georgia,3274,GA07701,2,7,0,0,1,0,10,1,0,0,0,0,0,0,0,0,0,0,2,5,2,9,0,1,0,2,0,0,0,0,6,0,1,1,0,3016,2218,0,179,0,0,5413,4111,0,0,0,0,0,0,0,0,0,0,62,1221,1624,2907,12431,0,204,0,1624,0,0,0,0,1079,247,604,946,257,144,750,0,4111,1756,0,3616,12431,0,241,0,0,0,0,0,4111,0,0,0,4352,1,2.05566930904593
Ocilla Police Department,1994-07-01,Georgia,3274,GA07701,0,0,0,0,0,0,0,0,0,0,0,0,0,0,0,0,0,0,6,5,3,14,0,3,0,2,0,0,0,1,8,0,0,0,0,0,0,0,0,0,0,0,0,0,0,0,0,0,0,0,0,0,0,103,921,4549,5573,5573,0,512,0,193,0,0,0,10,4858,249,0,1042,0,0,2734,0,0,746,0,802,5573,206,0,29,0,0,1645,0,0,224,0,617,2720,1,2.05566930904593
Ocilla Police Department,1994-06-01,Georgia,3274,GA07701,2,0,0,0,0,0,2,0,0,0,0,0,0,0,0,0,0,0,1,1,3,5,0,0,0,0,1,0,0,0,4,0,0,0,0,0,0,0,0,0,0,0,0,0,0,0,0,0,0,0,0,0,0,82,370,2364,2816,2816,0,0,0,0,617,0,0,0,2200,0,0,1418,0,62,1028,0,0,0,0,308,2816,0,0,0,0,62,0,0,0,0,0,308,370,1,2.05566930904593
Ocilla Police Department,1994-05-01,Georgia,3274,GA07701,0,1,0,1,1,0,3,0,0,0,0,0,0,0,0,0,0,0,2,5,2,9,0,0,0,2,0,0,0,1,6,0,0,0,0,132,0,0,514,411,0,1057,0,0,0,0,0,0,0,0,0,0,0,86,1013,2183,3283,4340,0,0,0,699,0,0,0,4,2580,0,132,2161,0,0,0,25,0,450,0,1573,4340,0,0,162,0,0,0,0,0,0,0,0,162,1,2.05566930904593
Ocilla Police Department,1994-04-01,Georgia,3274,GA07701,0,0,0,0,1,0,1,0,1,0,0,0,0,0,0,0,0,0,1,5,1,7,0,2,0,1,0,0,0,0,4,0,0,0,0,0,0,0,288,0,0,288,0,0,0,0,0,0,0,0,0,0,0,82,1141,430,1653,1941,0,452,0,82,0,0,0,0,1118,41,103,483,0,288,0,0,0,1026,0,0,1941,41,0,329,0,6167,0,0,0,0,0,0,6537,1,2.05566930904593
Ocilla Police Department,1994-03-01,Georgia,3274,GA07701,2,2,0,1,0,1,6,1,0,0,0,0,0,1,0,0,0,1,1,3,1,5,0,1,0,1,1,0,0,1,1,1,0,1,0,304,7812,0,0,386,2467,10969,2056,0,0,0,0,0,915,0,0,0,915,25,534,1028,1587,15526,0,206,0,123,1028,0,0,25,206,0,25,2144,0,6989,925,0,2056,534,0,2853,15526,0,0,0,0,82,411,0,2056,206,0,2467,5221,1,2.05566930904593
Ocilla Police Department,1994-02-01,Georgia,3274,GA07701,1,2,0,0,1,0,4,1,0,1,0,0,0,1,0,0,0,1,4,1,0,5,0,0,0,0,1,0,0,3,1,0,0,0,0,1953,123,0,148,0,0,2224,1645,0,0,0,0,0,14,0,0,0,14,82,308,0,391,4274,0,0,0,0,308,0,0,66,16,0,310,14,0,421,719,0,1645,33,0,1131,4274,0,74,0,0,10,0,0,0,16,0,0,101,1,2.05566930904593
Ocilla Police Department,1994-01-01,Georgia,3274,GA07701,0,1,0,0,1,0,2,1,0,0,0,0,0,0,0,0,0,0,2,6,2,10,0,0,0,3,2,0,0,0,5,1,0,1,0,0,0,0,10,0,0,10,3084,0,0,0,0,0,0,0,0,0,0,70,1048,1233,2352,5445,0,0,0,1439,267,0,0,0,645,62,173,216,0,0,206,0,3084,267,0,1439,5445,0,45,0,0,0,206,0,3084,0,0,0,3334,1,2.05566930904593
Ocilla Police Department,1993-12-01,Georgia,3210,GA07701,3,0,0,0,0,0,3,1,0,0,0,0,0,0,0,0,0,0,0,4,2,6,0,0,0,2,0,0,0,0,4,0,0,0,0,0,700,0,0,0,0,700,633,0,0,0,0,0,0,0,0,0,0,0,453,2426,2879,4212,0,0,0,1624,0,0,0,0,1255,211,316,1044,1519,384,0,0,633,105,0,0,4212,0,0,0,0,0,0,0,0,0,0,0,0,1,2.10926968560715
Ocilla Police Department,1993-11-01,Georgia,3210,GA07701,1,2,0,0,0,0,3,1,0,0,0,0,0,1,0,0,0,1,7,1,4,12,4,1,0,0,0,0,0,2,5,0,0,0,0,633,1266,0,0,0,0,1898,1055,0,0,0,0,0,89,0,0,0,89,318,148,12656,13122,16163,7323,422,0,0,0,0,0,23,5353,669,0,89,211,74,5590,0,1055,6579,0,1898,16163,57,0,4,0,0,0,0,0,0,0,0,61,1,2.10926968560715
Ocilla Police Department,1993-10-01,Georgia,3210,GA07701,0,0,0,0,1,0,1,0,0,0,0,0,0,1,0,0,0,1,1,2,2,5,0,0,0,1,1,0,0,1,2,0,0,0,0,0,0,0,551,0,0,551,0,0,0,0,0,0,264,0,0,0,264,42,475,2299,2816,3630,0,0,0,1666,316,0,0,42,791,359,0,814,0,0,1666,0,0,791,0,0,3630,0,0,0,0,0,42,0,0,0,0,0,42,1,2.10926968560715
Ocilla Police Department,1993-09-01,Georgia,3210,GA07701,0,1,0,1,2,0,4,1,0,0,0,0,0,0,0,0,0,0,0,0,2,2,1,0,0,0,0,0,0,0,1,0,0,0,0,316,0,0,253,293,0,863,21093,0,0,0,0,0,0,0,0,0,0,0,0,3164,3164,25119,633,0,0,0,0,0,0,0,2531,0,0,643,0,0,2531,0,21093,243,0,610,25119,0,0,0,0,0,0,0,0,0,0,293,293,1,2.10926968560715
Ocilla Police Department,1993-08-01,Georgia,3210,GA07701,1,2,0,2,0,0,5,0,0,0,0,0,0,0,0,0,0,0,3,5,4,12,0,0,1,4,4,0,0,0,3,0,0,0,0,1076,422,0,0,633,0,2130,0,0,0,0,0,0,0,0,0,0,0,127,1339,6644,8110,10241,0,0,337,1803,3575,0,0,0,2394,0,780,2341,1055,2531,1434,0,0,1160,0,939,10241,0,0,0,0,105,0,0,0,337,0,253,696,1,2.10926968560715
Ocilla Police Department,1993-07-01,Georgia,3210,GA07701,0,1,0,0,2,0,3,0,0,0,0,0,0,0,0,0,0,0,3,6,4,13,0,5,0,2,1,0,0,2,3,0,0,0,0,127,0,0,232,0,0,359,0,0,0,0,0,0,0,0,0,0,0,179,1274,6535,7988,8346,0,2590,0,928,137,0,0,91,4242,0,0,4189,0,407,633,0,0,2822,0,295,8346,0,0,0,0,0,0,0,0,0,0,0,0,1,2.10926968560715
Ocilla Police Department,1993-06-01,Georgia,3210,GA07701,0,0,0,0,0,0,0,0,0,0,0,0,0,0,0,0,0,0,0,0,0,0,0,0,0,0,0,0,0,0,0,0,0,0,0,0,0,0,0,0,0,0,0,0,0,0,0,0,0,0,0,0,0,0,0,0,0,0,0,0,0,0,0,0,0,0,0,0,0,0,0,0,0,0,0,0,0,0,0,0,0,0,0,0,0,0,0,0,0,0,0,1,2.10926968560715
Ocilla Police Department,1993-05-01,Georgia,3210,GA07701,0,0,0,1,0,0,1,1,0,0,0,0,0,0,0,1,0,1,3,5,2,10,0,0,0,3,0,0,0,1,6,0,1,1,0,0,0,0,0,253,0,253,5273,0,0,0,0,0,0,0,177,0,177,139,1358,2544,4041,9745,0,0,0,1095,0,0,0,40,2907,0,4,1544,0,95,108,0,5273,1983,0,738,9745,0,0,0,0,0,0,0,5273,0,0,0,5273,1,2.10926968560715
Ocilla Police Department,1993-04-01,Georgia,3210,GA07701,0,3,0,1,0,0,4,0,1,0,0,0,0,0,0,0,0,0,2,1,4,7,0,1,0,0,0,0,0,3,3,0,0,0,0,2569,0,0,0,481,0,3050,0,0,0,0,0,0,0,0,0,0,0,32,148,2120,2299,5349,0,148,0,0,0,0,0,791,1360,0,169,886,0,0,475,0,0,175,0,3645,5349,0,0,0,0,0,0,0,0,0,0,0,0,1,2.10926968560715
Ocilla Police Department,1993-03-01,Georgia,3210,GA07701,1,1,0,0,0,0,2,1,0,0,0,1,0,0,0,0,0,1,0,3,2,5,0,0,0,0,1,0,0,0,4,0,0,0,0,1266,422,0,0,0,0,1687,21093,0,0,0,133,0,0,0,0,0,133,0,709,1143,1852,24765,0,0,0,0,169,0,0,0,1683,316,0,1031,0,633,0,0,21093,194,0,1498,24765,0,0,0,0,0,0,0,0,0,0,0,0,1,2.10926968560715
Ocilla Police Department,1993-02-01,Georgia,3210,GA07701,0,3,0,0,0,0,3,0,0,0,0,0,1,2,0,0,0,3,4,2,2,8,0,0,0,2,0,0,0,1,5,0,0,0,0,3153,0,0,0,0,0,3153,0,0,0,0,0,156,506,0,0,0,662,165,517,1801,2483,6298,0,0,0,1147,0,0,0,21,1314,0,32,943,0,0,1244,0,0,74,852,3153,6298,0,0,0,0,0,0,0,0,0,0,0,0,1,2.10926968560715
Ocilla Police Department,1993-01-01,Georgia,3210,GA07701,0,0,0,0,1,0,1,0,0,0,1,0,0,1,0,0,0,2,3,2,2,7,0,2,0,0,0,0,0,3,2,0,0,0,0,0,0,0,844,0,0,844,0,0,0,544,0,0,369,0,0,0,913,70,639,905,1614,3371,0,639,0,0,0,0,0,70,905,0,913,1502,316,0,0,0,0,639,0,0,3371,0,871,0,0,0,0,0,0,0,0,0,871,1,2.10926968560715
Ocilla Police Department,1992-12-01,Georgia,3315,GA07701,3,0,0,1,0,0,4,0,0,0,0,0,0,1,0,0,0,1,3,1,4,8,0,0,0,1,0,0,0,2,5,0,0,0,0,0,2786,0,0,3279,0,6065,0,0,0,0,0,0,2573,0,0,0,2573,106,217,4341,4664,13303,0,0,0,1136,0,0,0,20,3509,0,3844,3581,163,0,4795,0,0,812,0,109,13303,0,0,0,0,0,0,0,0,0,0,0,0,1,2.17152809122224
Ocilla Police Department,1992-11-01,Georgia,3315,GA07701,2,1,0,0,1,0,4,0,0,0,0,0,0,1,0,0,0,1,1,2,4,7,5,0,0,0,1,0,0,0,1,0,0,0,0,33,1733,0,2373,0,0,4139,0,0,0,0,0,0,130,0,0,0,130,3257,532,5718,9507,13776,4078,0,0,0,2172,0,0,0,3257,69,65,430,434,169,2172,0,3257,1483,0,5696,13776,0,0,202,0,0,0,0,0,0,0,2172,2373,1,2.17152809122224
Ocilla Police Department,1992-10-01,Georgia,3315,GA07701,0,0,0,0,0,0,0,0,0,1,0,0,0,1,0,0,0,1,5,0,2,7,0,0,0,0,2,0,0,3,2,0,0,0,0,0,0,0,0,0,0,0,0,0,0,0,0,0,977,0,0,0,977,189,0,916,1105,2082,0,0,0,0,17,0,0,172,916,165,0,1444,0,0,0,0,0,7,0,467,2082,0,0,0,0,0,0,0,0,7,0,0,7,1,2.17152809122224
Ocilla Police Department,1992-09-01,Georgia,3315,GA07701,1,0,0,2,1,0,4,1,0,0,0,1,0,0,0,1,0,2,5,5,3,13,0,2,0,0,1,0,0,4,6,1,0,1,0,0,651,0,0,11,0,662,5429,0,0,0,6297,0,0,0,76,0,6373,150,1370,3344,4864,17329,0,217,0,0,1737,0,0,562,2347,326,52,6801,0,651,3344,0,5429,725,0,0,17329,0,17,0,0,0,0,0,5429,0,0,0,5446,1,2.17152809122224
Ocilla Police Department,1992-08-01,Georgia,3315,GA07701,0,1,0,1,1,0,3,0,0,0,0,0,0,1,0,0,0,1,3,5,6,14,0,2,0,3,0,0,0,2,7,0,0,0,0,9,0,0,0,0,0,9,0,0,0,0,0,0,204,0,0,0,204,22,945,4050,5016,5229,0,367,0,1103,0,0,0,334,3212,334,13,3016,489,0,330,0,0,189,0,858,5229,0,0,0,489,0,0,0,0,0,0,0,489,1,2.17152809122224
Ocilla Police Department,1992-07-01,Georgia,3315,GA07701,4,0,1,1,0,0,6,2,0,2,0,0,0,0,0,0,0,0,1,2,3,6,0,0,0,2,0,0,0,1,3,2,0,2,0,0,1716,1259,0,11,0,2986,2606,0,0,0,0,0,0,0,0,0,0,4,315,16504,16823,22415,0,0,0,1303,0,0,0,4,15516,239,178,16048,489,43,0,0,2606,163,0,2649,22415,0,0,651,0,0,0,0,2606,0,0,651,3909,1,2.17152809122224
Ocilla Police Department,1992-06-01,Georgia,3315,GA07701,1,0,0,2,1,0,4,0,0,0,0,0,0,2,0,0,0,2,1,1,4,6,0,0,0,2,2,0,0,1,1,0,0,0,0,0,0,0,836,949,0,1785,0,0,0,0,0,0,434,0,0,0,434,2,163,5272,5438,7657,0,0,0,1472,2714,0,0,2,1249,0,2,2771,836,543,1194,0,0,2180,0,130,7657,0,0,289,836,0,0,0,0,0,0,0,1125,1,2.17152809122224
Ocilla Police Department,1992-05-01,Georgia,3315,GA07701,2,4,0,0,1,0,7,0,0,0,0,0,1,0,0,0,0,1,4,7,3,14,0,0,0,2,2,0,0,5,5,0,0,0,0,3257,1542,0,109,0,0,4908,0,0,0,0,0,321,0,0,0,0,321,65,1648,9327,11040,16269,0,0,0,8295,573,0,0,174,1998,0,37,2387,1140,2823,6304,0,0,3144,434,0,16269,0,0,0,0,0,0,0,0,0,0,0,0,1,2.17152809122224
Ocilla Police Department,1992-04-01,Georgia,3315,GA07701,0,1,0,0,0,0,1,0,0,0,0,1,0,1,0,0,0,2,2,2,2,6,0,1,0,1,2,0,0,1,1,0,0,0,0,109,0,0,0,0,0,109,0,0,0,0,300,0,651,0,0,0,951,119,771,3094,3985,5044,0,271,0,1140,1954,0,0,98,521,271,0,951,0,1954,0,0,0,1053,0,814,5044,98,0,0,0,0,0,0,0,0,0,0,98,1,2.17152809122224
Ocilla Police Department,1992-03-01,Georgia,3315,GA07701,4,1,0,0,1,0,6,0,0,0,0,0,0,1,0,0,0,1,3,4,4,11,1,0,0,3,0,0,0,1,6,0,0,0,0,7355,2856,0,52,0,0,10263,0,0,0,0,0,0,326,0,0,0,326,287,1320,2866,4473,15062,1564,0,0,1173,0,0,0,69,1668,7679,122,434,1173,163,834,0,0,1889,0,2769,15062,0,69,0,434,0,575,0,0,0,0,651,1731,1,2.17152809122224
Ocilla Police Department,1992-02-01,Georgia,3315,GA07701,3,2,0,0,2,0,7,2,0,1,0,0,1,0,0,0,0,1,1,2,2,5,0,0,0,1,0,0,0,0,4,1,0,1,0,250,2126,0,799,0,0,3175,9120,0,0,0,0,213,0,0,0,0,213,65,1609,3607,5281,17789,0,0,0,282,0,0,0,0,4999,248,235,2953,0,434,0,0,9120,2606,0,2193,17789,76,0,0,0,0,0,0,9120,0,0,0,9196,1,2.17152809122224
Ocilla Police Department,1992-01-01,Georgia,3315,GA07701,0,1,0,0,0,0,1,1,0,0,0,2,0,0,0,0,0,2,1,8,2,11,0,1,0,1,0,0,0,1,8,1,0,1,0,521,0,0,0,0,0,521,5429,0,0,0,875,0,0,0,0,0,875,211,1279,1194,2684,9509,0,345,0,217,0,0,0,4,2117,0,434,1353,217,0,0,0,5429,1110,0,966,9509,0,0,0,0,0,0,0,5429,0,0,0,5429,1,2.17152809122224
Ocilla Police Department,1991-12-01,Georgia,3253,GA07701,0,2,0,0,0,0,2,0,0,0,0,0,0,0,1,0,0,1,0,1,5,6,0,0,0,1,0,0,0,0,5,0,0,0,0,2685,0,0,0,0,0,2685,0,0,0,0,0,0,0,291,0,0,291,0,145,7882,8027,11003,0,0,0,145,0,0,0,0,7882,0,0,1074,0,0,0,0,0,7244,0,2685,11003,0,0,0,0,0,0,0,0,0,0,0,0,1,2.23729976136572
Ocilla Police Department,1991-11-01,Georgia,3253,GA07701,0,0,0,0,5,0,5,0,0,0,0,1,0,0,0,1,1,3,4,2,6,12,0,0,0,2,3,0,0,1,6,0,0,0,0,0,0,0,1081,0,0,1081,0,0,0,0,168,0,0,0,89,40,298,94,362,5356,5813,7191,0,0,0,577,1855,0,0,20,3360,832,0,298,0,336,0,1103,0,3832,0,790,7191,0,0,0,0,336,0,0,0,2349,0,566,3251,1,2.23729976136572
Ocilla Police Department,1991-10-01,Georgia,3253,GA07701,0,0,0,0,0,0,0,0,0,0,0,0,0,0,0,0,0,0,0,0,0,0,0,0,0,0,0,0,0,0,0,0,0,0,0,0,0,0,0,0,0,0,0,0,0,0,0,0,0,0,0,0,0,0,0,0,0,0,0,0,0,0,0,0,0,0,0,0,0,0,0,0,0,0,0,0,0,0,0,0,0,0,0,0,0,0,0,0,0,0,0,1,2.23729976136572
Ocilla Police Department,1991-09-01,Georgia,3253,GA07701,0,0,0,0,0,0,0,0,0,0,0,0,0,0,0,0,0,0,0,0,0,0,0,0,0,0,0,0,0,0,0,0,0,0,0,0,0,0,0,0,0,0,0,0,0,0,0,0,0,0,0,0,0,0,0,0,0,0,0,0,0,0,0,0,0,0,0,0,0,0,0,0,0,0,0,0,0,0,0,0,0,0,0,0,0,0,0,0,0,0,0,1,2.23729976136572
Ocilla Police Department,1991-08-01,Georgia,3253,GA07701,0,2,0,0,0,0,2,2,0,0,0,0,0,1,0,0,0,1,11,7,6,24,4,3,0,0,4,0,0,4,9,0,0,0,0,0,0,0,0,0,0,0,6712,0,0,0,0,0,2014,0,0,0,2014,206,1765,10410,12381,21107,2237,447,0,0,4347,0,0,43,5307,0,63,8166,177,0,0,0,6712,955,0,5034,21107,0,36,1566,0,0,0,0,0,358,0,0,1960,1,2.23729976136572
Ocilla Police Department,1991-07-01,Georgia,3253,GA07701,1,3,0,0,0,0,4,1,0,0,0,0,0,0,0,1,0,1,1,6,2,9,0,2,0,2,3,0,0,0,2,0,0,0,0,917,336,0,0,0,0,1253,2685,0,0,0,0,0,0,0,47,0,47,45,1541,1826,3412,7397,0,647,0,1269,1228,0,0,0,268,0,190,427,224,336,839,0,2685,1803,0,893,7397,0,0,0,0,0,0,0,2685,378,0,893,3956,1,2.23729976136572
Ocilla Police Department,1991-06-01,Georgia,3253,GA07701,1,2,0,0,1,4,8,1,0,0,0,0,0,1,0,0,0,1,2,5,3,10,0,2,0,3,3,0,0,0,2,0,1,1,0,638,1734,0,168,0,0,2539,35797,0,0,0,0,0,34,0,0,0,34,22,1275,2996,4293,42663,0,447,0,2996,828,0,0,0,22,0,168,56,145,112,1955,0,35797,1969,0,2461,42663,0,0,56,145,0,0,0,35797,0,0,0,35998,1,2.23729976136572
Ocilla Police Department,1991-05-01,Georgia,3253,GA07701,1,2,0,0,0,0,3,1,0,0,0,0,0,0,0,0,0,0,3,4,5,12,0,1,0,1,1,0,0,0,9,0,0,0,0,7383,0,0,0,0,0,7383,12529,0,0,0,0,0,0,0,0,0,0,94,1101,4707,5902,25814,0,215,0,333,2685,0,0,0,2669,0,49,8356,280,0,302,0,12529,3291,0,1007,25814,0,0,875,0,0,0,0,12529,0,0,0,13404,1,2.23729976136572
Ocilla Police Department,1991-04-01,Georgia,3253,GA07701,0,1,0,1,0,0,2,1,0,0,0,0,0,1,0,0,0,1,3,2,1,6,0,0,0,1,0,0,0,3,2,0,0,0,0,81,0,0,0,101,0,181,6712,0,0,0,0,0,9,0,0,0,9,29,336,671,1036,7938,0,0,0,671,0,0,0,130,235,0,141,345,671,58,0,0,6712,11,0,0,7938,0,123,0,0,0,0,0,6712,0,0,0,6835,1,2.23729976136572
Ocilla Police Department,1991-03-01,Georgia,3253,GA07701,1,1,1,0,1,0,4,0,0,0,0,0,0,0,0,0,0,0,6,3,6,15,0,0,0,4,5,0,0,3,3,0,0,0,0,2237,0,224,0,0,0,2461,0,0,0,0,0,0,0,0,0,0,0,157,593,8133,8882,11343,0,0,0,1454,4486,0,0,201,2741,392,56,5739,268,0,2730,0,0,1712,0,447,11343,0,0,0,0,0,0,0,0,0,0,447,447,1,2.23729976136572
Ocilla Police Department,1991-02-01,Georgia,3253,GA07701,1,3,0,0,0,0,4,1,0,0,0,0,0,0,0,0,0,0,0,0,3,3,0,0,0,3,0,0,0,0,0,0,0,0,0,0,403,0,0,0,0,403,224,0,0,0,0,0,0,0,0,0,0,0,0,2964,2964,3591,0,0,0,2964,0,0,0,0,0,0,0,1846,0,0,0,0,224,1119,0,403,3591,0,0,0,0,0,0,0,0,0,0,0,0,1,2.23729976136572
Ocilla Police Department,1991-01-01,Georgia,3253,GA07701,1,2,0,1,1,0,5,1,0,0,0,0,0,1,0,0,0,1,1,5,3,9,1,0,0,0,0,0,0,0,8,0,0,0,0,15820,3356,0,671,123,0,19970,13424,0,0,0,0,0,45,0,0,0,45,2,1172,7269,8444,41882,1385,0,0,0,0,0,0,0,7059,34,671,1891,1897,0,11638,0,13424,707,0,11621,41882,0,0,0,0,0,0,0,13424,0,0,0,13424,1,2.23729976136572
Ocilla Police Department,1990-12-01,Georgia,3182,GA07701,1,0,0,0,2,0,3,0,0,0,0,0,0,0,0,0,0,0,2,2,1,5,0,0,0,0,0,0,0,1,4,0,0,0,0,0,0,0,0,0,0,0,0,0,0,0,0,0,0,0,0,0,0,35,513,695,1243,1243,0,0,0,0,0,0,0,12,1231,0,0,695,0,0,0,0,0,548,0,0,1243,0,0,0,0,0,0,0,0,0,0,0,0,1,2.33204860003827
Ocilla Police Department,1990-11-01,Georgia,3182,GA07701,2,1,1,2,2,0,8,5,0,0,0,0,0,0,0,0,0,0,3,2,4,9,1,2,0,1,0,0,0,1,4,1,0,1,0,1166,117,0,0,2169,0,3451,23554,0,0,0,0,0,0,0,0,0,0,79,490,3004,3573,30578,466,1395,0,466,0,0,0,2,1243,0,117,2402,0,0,0,0,23554,3339,0,1166,30578,0,0,0,0,0,0,0,9328,0,0,0,9328,1,2.33204860003827
Ocilla Police Department,1990-10-01,Georgia,3182,GA07701,1,0,2,1,1,0,5,0,0,0,0,0,0,1,0,0,0,1,3,1,0,4,0,0,0,0,0,0,0,2,2,0,0,0,0,0,0,70,0,310,0,380,0,0,0,0,0,0,163,0,0,0,163,163,117,0,280,823,0,0,0,0,0,0,0,140,140,0,70,166,0,93,0,0,0,494,0,0,823,0,0,0,0,0,0,0,0,0,0,0,0,1,2.33204860003827
Ocilla Police Department,1990-09-01,Georgia,3182,GA07701,0,0,1,0,1,0,2,0,0,0,0,0,0,0,0,0,0,0,0,2,2,4,1,0,0,0,1,0,0,0,2,0,0,0,0,0,0,0,753,0,0,753,0,0,0,0,0,0,0,0,0,0,0,0,583,1497,2080,2833,233,0,0,0,896,0,0,0,951,0,0,2017,0,0,0,0,0,583,233,0,2833,0,0,0,0,0,0,0,0,0,0,0,0,1,2.33204860003827
Ocilla Police Department,1990-08-01,Georgia,3182,GA07701,0,2,0,0,1,0,3,0,0,0,0,0,0,0,0,1,0,1,4,1,1,6,0,0,0,1,0,0,0,1,4,0,0,0,0,0,0,0,0,0,0,0,0,0,0,0,0,0,0,0,70,0,70,212,233,1166,1611,1681,0,0,0,1166,0,0,0,72,373,70,72,47,0,0,70,0,0,1189,0,233,1681,0,0,0,0,0,0,0,0,0,0,0,0,1,2.33204860003827
Ocilla Police Department,1990-07-01,Georgia,3182,GA07701,2,3,0,0,0,1,6,0,0,0,0,0,0,0,0,2,0,2,3,1,2,6,1,0,0,0,0,0,0,1,4,0,0,0,0,117,0,0,0,0,0,117,0,0,0,0,0,0,0,0,280,0,280,82,233,2798,3113,3510,233,0,0,0,0,0,0,23,2857,0,128,3032,0,0,0,0,0,350,0,0,3510,0,12,0,0,0,0,0,0,0,0,0,12,1,2.33204860003827
Ocilla Police Department,1990-06-01,Georgia,3182,GA07701,0,0,0,0,0,0,0,0,0,1,0,0,0,0,0,0,0,0,2,1,2,5,0,1,0,0,0,0,0,0,4,0,0,0,0,0,0,0,0,0,0,0,0,0,0,0,0,0,0,0,0,0,0,105,187,4198,4489,4489,0,187,0,0,0,0,0,0,4303,70,30,1399,0,5,0,0,0,2985,0,0,4489,0,23,0,0,0,0,0,0,0,0,0,23,1,2.33204860003827
Ocilla Police Department,1990-05-01,Georgia,3182,GA07701,0,0,0,0,0,0,0,0,0,0,0,0,0,0,0,0,0,0,3,6,1,10,1,1,0,0,0,0,0,1,7,0,0,0,0,0,0,0,0,0,0,0,0,0,0,0,0,0,0,0,0,0,0,42,1460,583,2085,2085,583,233,0,0,0,0,0,5,1264,0,5,555,438,0,0,0,0,1087,0,0,2085,0,5,0,0,0,0,0,0,0,0,0,5,1,2.33204860003827
Ocilla Police Department,1990-04-01,Georgia,3182,GA07701,1,0,0,1,0,0,2,4,0,0,0,0,0,0,0,0,0,0,3,3,0,6,0,1,0,1,0,0,0,1,3,1,1,2,1,0,0,0,0,0,0,0,20056,0,0,0,0,0,0,0,0,0,0,30,700,0,730,20786,0,233,0,117,0,0,0,2,378,0,0,354,0,23,117,0,20056,236,0,0,20786,0,0,0,0,0,0,0,14575,0,0,0,14575,1,2.33204860003827
Ocilla Police Department,1990-03-01,Georgia,3182,GA07701,1,0,0,0,1,0,2,3,1,0,0,1,0,0,0,0,0,1,10,3,1,14,0,1,0,2,0,0,0,3,8,1,0,1,0,0,0,0,4170,0,0,4170,11893,0,0,0,187,0,0,0,0,0,187,229,840,933,2001,18251,0,233,0,361,0,0,0,103,1304,0,26,1481,350,0,0,0,11893,361,0,4139,18251,0,0,0,350,0,0,0,3498,0,0,0,3848,1,2.33204860003827
Ocilla Police Department,1990-02-01,Georgia,3182,GA07701,1,1,1,0,1,2,6,3,1,0,0,0,0,0,0,0,0,0,4,1,0,5,0,0,0,0,0,0,1,1,3,3,0,3,0,0,1283,1353,0,0,9424,12059,22854,0,0,0,0,0,0,0,0,0,0,65,117,0,182,35095,0,0,0,0,0,0,47,16,119,7812,0,47,1728,187,0,0,22854,718,0,1749,35095,0,0,0,1028,0,0,0,30317,16,0,0,31361,1,2.33204860003827
Ocilla Police Department,1990-01-01,Georgia,3182,GA07701,0,0,0,0,1,1,2,2,0,0,0,0,0,0,0,0,0,0,1,4,3,8,0,2,0,0,0,0,0,2,4,2,0,2,0,0,0,0,0,0,0,0,20988,0,0,0,0,0,0,0,0,0,0,5,1201,4314,5520,26508,0,816,0,0,0,0,0,319,4384,0,315,0,233,0,1166,0,20988,3806,0,0,26508,0,0,0,233,0,0,0,20988,0,0,0,21222,1,2.33204860003827
Ocilla Police Department,1989-12-01,Georgia,3298,GA07701,0,4,0,0,0,0,4,0,0,0,0,1,0,0,0,0,0,1,4,1,0,5,0,0,1,1,0,0,0,1,2,0,0,0,0,219,0,0,0,0,0,219,0,0,0,0,101,0,0,0,0,0,101,165,123,0,288,607,0,0,25,61,0,0,0,29,172,0,74,359,0,0,0,0,0,175,0,0,607,0,0,0,0,0,0,0,0,0,0,0,0,1,2.45793156762571
Ocilla Police Department,1989-11-01,Georgia,3298,GA07701,0,2,0,0,0,0,2,2,0,0,0,1,0,0,1,0,0,2,1,0,1,2,0,0,0,0,0,0,0,1,1,1,0,1,0,369,0,0,0,0,0,369,27652,0,0,0,258,0,0,25,0,0,283,5,0,909,914,29217,0,0,0,0,0,0,0,5,909,0,0,258,0,0,0,0,27652,398,0,909,29217,0,0,0,0,0,0,0,17206,0,0,983,18189,1,2.45793156762571
Ocilla Police Department,1989-10-01,Georgia,3298,GA07701,1,1,1,0,1,0,4,1,0,0,0,0,0,0,0,1,1,2,7,3,1,11,2,0,0,0,0,0,0,6,3,0,0,0,0,184,61,1106,0,0,0,1352,24579,0,0,0,0,0,0,0,12,1475,1487,246,907,1150,2303,29721,44,0,0,0,0,0,0,1925,334,0,1190,1659,0,489,0,0,24579,1804,0,0,29721,0,0,0,0,0,0,0,0,0,0,0,0,1,2.45793156762571
Ocilla Police Department,1989-09-01,Georgia,3298,GA07701,2,1,0,0,1,0,4,0,0,0,0,1,0,0,0,0,0,1,0,4,0,4,0,1,0,0,0,0,0,0,3,0,0,0,0,0,356,0,614,0,0,971,0,0,0,0,49,0,0,0,0,0,49,0,639,0,639,1659,0,147,0,0,0,0,0,0,492,0,0,664,0,258,0,0,0,737,0,0,1659,0,0,0,0,0,0,0,0,0,0,0,0,1,2.45793156762571
Ocilla Police Department,1989-08-01,Georgia,3298,GA07701,3,0,0,0,0,0,3,0,0,1,1,0,0,0,0,0,0,1,2,2,1,5,0,1,0,3,0,0,0,1,0,0,0,0,0,0,811,0,0,0,0,811,0,0,0,246,0,0,0,0,0,0,246,39,784,905,1728,2785,0,415,0,1276,0,0,0,37,0,0,37,246,369,0,0,0,0,2133,0,0,2785,0,37,0,0,0,0,0,0,0,0,0,37,1,2.45793156762571
Ocilla Police Department,1989-07-01,Georgia,3298,GA07701,0,1,0,0,3,0,4,0,0,0,0,0,0,0,0,0,0,0,4,4,1,9,1,0,0,1,0,0,0,0,7,0,0,0,0,0,0,0,3441,0,0,3441,0,0,0,0,0,0,0,0,0,0,0,69,909,614,1593,5034,369,0,0,614,0,0,0,0,610,0,0,3798,617,0,0,0,0,251,0,369,5034,0,0,0,0,0,0,0,0,0,0,0,0,1,2.45793156762571
Ocilla Police Department,1989-06-01,Georgia,3298,GA07701,4,1,0,1,0,0,6,0,0,1,0,0,0,1,0,0,0,1,1,3,0,4,0,1,0,0,0,0,0,0,3,0,0,0,0,0,7155,0,0,1475,0,8630,0,0,0,0,0,0,12,0,0,0,12,12,661,0,673,9316,0,170,0,0,0,0,0,0,504,0,0,504,0,49,0,0,0,4358,0,4405,9316,0,0,0,0,0,0,0,0,0,0,0,0,1,2.45793156762571
Ocilla Police Department,1989-05-01,Georgia,3298,GA07701,2,0,0,2,0,0,4,0,0,1,0,0,0,0,0,0,0,0,4,1,1,6,2,0,0,0,1,0,0,0,3,0,0,0,0,0,0,0,0,1067,0,1067,0,0,0,0,0,0,0,0,0,0,0,42,369,492,902,1969,22,0,0,0,2,0,0,0,877,0,17,983,0,0,0,0,0,477,0,492,1969,0,0,0,0,0,0,0,0,0,0,492,492,1,2.45793156762571
Ocilla Police Department,1989-04-01,Georgia,3298,GA07701,2,1,1,1,1,0,6,0,0,0,0,1,0,1,0,0,0,2,7,1,0,8,0,0,0,2,0,0,0,3,3,1,0,1,0,0,922,14642,0,0,0,15564,0,0,0,0,135,0,15,0,0,0,150,84,246,0,329,16043,0,0,0,52,0,0,0,7,270,0,297,551,2460,0,12213,0,0,521,0,0,16043,0,0,0,2212,0,0,0,2,2,0,0,2217,1,2.45793156762571
Ocilla Police Department,1989-03-01,Georgia,3298,GA07701,3,1,0,0,0,0,4,1,0,0,0,0,0,0,0,0,0,0,8,1,4,13,1,2,0,0,0,0,0,0,10,0,0,0,0,1721,0,0,0,0,0,1721,6145,0,0,0,0,0,0,0,0,0,0,145,246,2593,2984,10849,2,320,0,0,0,0,0,0,2662,0,0,2876,0,0,0,0,6145,1829,0,0,10849,0,0,0,0,0,0,0,0,0,0,0,0,1,2.45793156762571
Ocilla Police Department,1989-02-01,Georgia,3298,GA07701,0,0,0,0,0,0,0,0,0,0,0,0,0,0,0,0,0,0,3,2,2,7,1,0,0,0,0,0,0,3,3,0,0,0,0,0,0,0,0,0,0,0,0,0,0,0,0,0,0,0,0,0,0,61,787,1598,2446,2446,614,0,0,0,0,0,0,61,1770,0,61,0,0,0,0,0,0,1770,0,614,2446,0,0,0,0,0,0,0,0,0,0,0,0,1,2.45793156762571
Ocilla Police Department,1989-01-01,Georgia,3298,GA07701,0,2,0,0,0,0,2,0,0,0,0,0,0,0,0,0,0,0,5,6,3,14,4,3,0,0,0,0,0,2,5,0,0,0,0,565,0,0,0,0,0,565,0,0,0,0,0,0,0,0,0,0,0,167,1480,2650,4296,4862,2537,614,0,0,0,0,0,15,1131,0,0,1376,0,0,0,0,0,1027,0,2458,4862,0,0,683,0,0,0,0,0,0,0,0,683,1,2.45793156762571
Ocilla Police Department,1988-12-01,Georgia,3261,GA07701,3,0,0,0,2,1,6,0,0,1,0,0,0,1,0,0,0,1,7,2,3,12,0,1,0,0,0,0,0,3,8,0,0,0,0,0,1031,0,155,0,0,1185,0,0,0,0,0,0,1293,0,0,0,1293,268,580,2110,2958,5437,0,193,0,0,0,0,0,126,2638,348,39,2669,0,193,178,0,0,618,0,1391,5437,0,0,0,0,0,0,0,0,0,0,0,0,1,2.57657599887252
Ocilla Police Department,1988-11-01,Georgia,3261,GA07701,0,2,1,0,1,0,4,0,0,0,0,1,0,0,0,0,0,1,4,0,0,4,0,0,0,0,0,0,0,3,1,0,0,0,0,515,0,0,0,0,0,515,0,0,0,0,317,0,0,0,0,0,317,82,0,0,82,915,0,0,0,0,0,0,0,70,13,26,18,317,515,0,36,0,0,3,0,0,915,0,0,0,0,0,0,0,0,0,0,0,0,1,2.57657599887252
Ocilla Police Department,1988-10-01,Georgia,3261,GA07701,1,0,0,1,1,0,3,2,0,0,0,0,0,0,0,0,1,1,2,3,0,5,0,1,0,0,1,0,0,0,3,0,0,0,0,0,258,0,0,14035,0,14292,5,0,0,0,0,0,0,0,0,180,180,28,477,0,505,14983,0,155,0,0,3,0,0,0,348,0,26,374,258,0,0,0,5,286,0,14035,14983,0,0,0,0,0,0,0,0,155,0,0,155,1,2.57657599887252
Ocilla Police Department,1988-09-01,Georgia,3261,GA07701,3,0,0,2,1,0,6,1,0,0,0,0,0,0,0,0,0,0,5,3,0,8,2,0,0,0,0,0,0,1,5,0,0,0,0,0,5267,0,90,515,0,5872,3,0,0,0,0,0,0,0,0,0,0,90,760,0,850,6725,167,0,0,0,0,0,0,5,678,0,62,322,0,515,4187,0,3,1250,386,0,6725,0,0,0,0,0,515,0,0,0,0,0,515,1,2.57657599887252
Ocilla Police Department,1988-08-01,Georgia,3261,GA07701,1,0,1,1,0,0,3,0,0,0,0,0,0,0,0,0,0,0,2,2,0,4,1,0,0,1,0,0,0,0,2,0,0,0,0,0,13,902,0,2177,0,3092,0,0,0,0,0,0,0,0,0,0,0,116,386,0,502,3594,258,0,0,77,0,0,0,0,167,0,0,554,386,77,0,0,0,2319,0,258,3594,0,0,0,0,0,0,0,0,0,0,0,0,1,2.57657599887252
Ocilla Police Department,1988-07-01,Georgia,3261,GA07701,2,0,0,0,0,2,4,0,0,0,0,0,0,0,0,0,1,1,8,5,2,15,1,0,0,2,0,0,0,2,10,1,0,1,0,0,773,0,0,0,0,773,0,0,0,0,0,0,0,0,0,28,28,155,1515,3066,4736,5537,2551,0,0,884,0,0,0,343,958,0,368,806,0,407,438,0,0,966,0,2551,5537,0,322,0,0,21,232,0,1546,0,0,0,2121,1,2.57657599887252
Ocilla Police Department,1988-06-01,Georgia,3261,GA07701,1,1,0,4,1,3,10,0,0,0,0,0,0,0,0,0,0,0,6,3,3,12,1,0,0,0,0,0,0,2,9,0,0,0,0,0,0,0,0,8794,232,9026,0,0,0,0,0,0,0,0,0,0,0,178,843,3246,4267,13293,1417,0,0,0,0,0,0,67,2783,64,0,894,0,0,1121,0,0,1592,6787,2834,13293,0,0,0,0,0,0,0,0,0,0,0,0,1,2.57657599887252
Ocilla Police Department,1988-05-01,Georgia,3261,GA07701,1,0,0,0,0,1,2,1,0,0,0,0,0,0,0,0,0,0,3,1,0,4,0,0,0,0,0,0,0,0,4,0,0,0,0,0,902,0,0,0,1288,2190,0,0,0,0,0,0,0,0,0,0,0,57,410,0,466,2656,0,0,0,0,0,0,0,0,466,0,0,1288,0,0,0,0,0,466,0,902,2656,0,0,0,0,0,0,0,0,0,0,0,0,1,2.57657599887252
Ocilla Police Department,1988-04-01,Georgia,3261,GA07701,1,0,0,0,1,1,3,0,0,0,0,0,0,0,0,0,1,1,3,3,3,9,1,1,0,1,0,0,0,0,6,0,0,0,0,0,709,0,108,0,155,971,0,0,0,0,0,0,0,0,0,155,155,142,580,2370,3092,4218,26,193,0,13,0,0,0,0,2860,0,0,559,709,515,0,0,0,1662,0,773,4218,0,0,0,0,0,0,0,0,0,0,0,0,1,2.57657599887252
Ocilla Police Department,1988-03-01,Georgia,3261,GA07701,0,0,0,0,0,0,0,0,0,2,0,0,0,1,0,0,1,2,12,3,2,17,0,0,0,0,0,0,0,3,14,0,0,0,0,0,0,0,0,0,0,0,0,0,0,0,0,0,3,0,0,1031,1033,523,739,1095,2358,3391,0,0,0,0,0,0,0,587,1770,580,5,1783,0,0,103,0,0,920,0,0,3391,0,0,0,0,0,0,0,0,0,0,0,0,1,2.57657599887252
Ocilla Police Department,1988-02-01,Georgia,3261,GA07701,0,0,0,4,1,0,5,0,0,0,0,0,0,0,0,0,1,1,1,4,1,6,2,0,0,0,0,0,0,1,3,0,0,0,0,0,0,0,0,2260,0,2260,0,0,0,0,0,0,0,0,0,10,10,36,1340,515,1891,4161,567,0,0,0,0,0,0,36,1288,386,1641,1144,0,0,0,0,0,603,0,386,4161,386,0,0,0,0,0,0,0,0,0,0,386,1,2.57657599887252
Ocilla Police Department,1988-01-01,Georgia,3261,GA07701,1,0,0,0,1,0,2,1,0,0,0,0,0,0,0,0,0,0,6,3,0,9,0,0,0,1,0,0,0,3,5,1,0,1,0,0,36,0,129,0,0,165,2061,0,0,0,0,0,0,0,0,0,0,124,683,0,806,3033,0,0,0,155,0,0,0,15,636,0,59,399,0,36,0,0,2061,477,0,0,3033,0,0,0,0,0,0,0,2061,0,0,0,2061,1,2.57657599887252
Ocilla Police Department,1987-12-01,Georgia,3231,GA07701,1,0,0,1,1,1,4,0,0,0,0,0,0,0,0,1,0,1,6,3,3,12,0,0,0,2,1,0,0,3,6,0,0,0,0,0,0,0,979,161,804,1944,0,0,0,0,0,0,0,0,94,0,94,121,1024,4540,5685,7723,0,0,0,2397,268,0,0,75,2944,64,11,4210,0,0,402,0,0,863,0,2172,7723,0,8,0,0,0,0,0,0,0,0,0,8,1,2.68164209754309
Ocilla Police Department,1987-11-01,Georgia,3231,GA07701,0,0,0,0,0,0,0,0,0,0,0,0,0,0,0,0,0,0,4,3,2,9,0,0,1,0,0,0,0,2,6,0,0,0,0,0,0,0,0,0,0,0,0,0,0,0,0,0,0,0,0,0,0,38,1201,1984,3223,3223,0,0,1421,0,0,0,0,5,1797,0,5,1137,735,0,0,0,0,1346,0,0,3223,0,0,0,0,0,0,0,0,0,0,0,0,1,2.68164209754309
Ocilla Police Department,1987-10-01,Georgia,3231,GA07701,0,0,0,0,0,0,0,0,0,0,0,0,0,0,0,0,0,0,0,0,0,0,0,0,0,0,0,0,0,0,0,0,0,0,0,0,0,0,0,0,0,0,0,0,0,0,0,0,0,0,0,0,0,0,0,0,0,0,0,0,0,0,0,0,0,0,0,0,0,0,0,0,0,0,0,0,0,0,0,0,0,0,0,0,0,0,0,0,0,0,0,1,2.68164209754309
Ocilla Police Department,1987-09-01,Georgia,3231,GA07701,1,1,1,1,0,2,6,1,0,0,0,0,0,0,1,0,0,1,2,2,1,5,0,0,0,2,2,0,0,1,0,1,0,1,0,3,804,1196,0,335,7560,9898,26816,0,0,0,0,0,0,0,0,0,0,13,536,3862,4411,41126,0,0,0,3864,536,0,0,11,0,0,11,912,0,134,804,0,26816,3690,590,8168,41126,0,0,0,0,0,0,0,21453,3687,0,0,25140,1,2.68164209754309
Ocilla Police Department,1987-08-01,Georgia,3231,GA07701,0,2,0,0,0,0,2,1,0,0,0,0,0,0,0,0,0,0,5,2,3,10,3,0,0,0,0,0,0,1,6,0,0,0,0,8514,0,0,0,0,0,8514,2682,0,0,0,0,0,0,0,0,0,0,265,469,3491,4226,15422,1113,0,0,0,0,0,0,29,3084,16,0,689,0,979,201,0,2682,2810,0,8045,15422,0,0,0,0,912,0,0,0,0,0,5900,6811,1,2.68164209754309
Ocilla Police Department,1987-07-01,Georgia,3231,GA07701,2,3,0,2,1,0,8,2,0,0,0,0,0,0,0,0,0,0,2,4,3,9,1,0,0,2,0,0,0,1,5,1,0,1,0,0,107,0,0,979,0,1086,20115,0,0,0,0,0,0,0,0,0,0,5,1177,4090,5272,26473,174,0,0,646,0,0,0,188,4264,0,0,644,0,0,0,0,20115,4106,0,1609,26473,0,0,0,0,0,0,0,20112,21,0,0,20134,1,2.68164209754309
Ocilla Police Department,1987-06-01,Georgia,3231,GA07701,1,1,0,2,0,1,5,0,0,0,0,0,0,0,0,0,0,0,1,2,1,4,2,0,0,0,1,0,0,0,1,0,0,0,0,804,134,0,0,724,0,1663,0,0,0,0,0,0,0,0,0,0,0,3,724,536,1263,2926,939,0,0,0,3,0,0,0,322,670,0,939,0,0,0,0,0,1317,0,0,2926,0,0,134,0,0,0,0,0,0,0,0,134,1,2.68164209754309
Ocilla Police Department,1987-05-01,Georgia,3231,GA07701,1,0,0,0,2,0,3,0,0,0,0,0,0,0,0,0,0,0,9,4,1,14,5,0,0,2,0,2,0,1,4,0,0,0,0,0,54,0,107,0,0,161,0,0,0,0,0,0,0,0,0,0,0,426,928,804,2159,2320,239,0,0,413,0,365,0,54,1089,54,13,442,402,0,0,0,0,1180,0,228,2320,0,0,0,0,0,0,0,0,0,0,0,0,1,2.68164209754309
Ocilla Police Department,1987-04-01,Georgia,3231,GA07701,1,0,0,2,1,0,4,1,1,0,0,0,0,0,0,0,0,0,2,4,2,8,1,0,0,0,1,0,0,3,3,0,0,0,0,0,990,0,0,1344,0,2333,2682,0,0,0,0,0,0,0,0,0,0,8,1067,67041,68116,73131,134,0,0,0,13408,0,0,185,54389,177,8,21,0,335,67041,0,2682,402,0,2464,73131,177,0,0,0,0,67041,0,0,402,0,0,67620,1,2.68164209754309
Ocilla Police Department,1987-03-01,Georgia,3231,GA07701,1,0,0,3,4,0,8,2,0,0,0,0,0,0,0,0,0,0,2,1,0,3,0,0,0,0,0,0,0,1,2,1,0,1,0,0,268,0,70,335,0,673,7509,0,0,0,0,0,0,0,0,0,0,172,268,0,440,8621,0,0,0,0,0,0,0,64,375,0,64,1049,0,0,0,0,7509,0,0,0,8621,0,0,0,0,0,0,0,4827,0,0,0,4827,1,2.68164209754309
Ocilla Police Department,1987-02-01,Georgia,3231,GA07701,1,2,0,7,5,0,15,0,0,0,0,0,0,0,0,0,0,0,3,3,1,7,1,0,0,1,2,0,0,0,3,0,0,0,0,1405,536,0,1689,2121,0,5752,0,0,0,0,0,0,0,0,0,0,0,70,842,1073,1984,7737,1073,0,0,239,29,0,0,0,644,0,40,2690,804,0,536,0,0,434,0,3231,7737,0,0,0,804,0,0,0,0,0,0,1341,2145,1,2.68164209754309
Ocilla Police Department,1987-01-01,Georgia,3231,GA07701,1,4,0,2,1,0,8,0,0,0,0,1,0,0,1,0,0,2,0,3,2,5,1,1,0,0,0,0,0,1,2,0,0,0,0,770,3,0,595,1569,0,2936,0,0,0,0,3,0,0,536,0,0,539,0,641,1362,2003,5479,134,215,0,0,0,0,0,292,1362,292,595,2593,510,0,0,0,0,1234,0,255,5479,0,0,0,0,0,0,0,0,0,0,0,0,1,2.68164209754309
Ocilla Police Department,1986-12-01,Georgia,3477,GA07701,0,1,0,0,1,0,2,1,0,0,0,0,0,0,0,0,0,0,4,3,2,9,0,0,0,2,2,0,0,0,5,1,0,1,0,3058,0,0,940,0,0,3998,19459,0,0,0,0,0,0,0,0,0,0,225,859,1876,2961,26418,0,0,0,295,1056,0,0,0,1610,0,3058,2680,278,0,0,0,19459,3,0,940,26418,0,0,0,0,0,0,0,19459,0,0,0,19459,1,2.7799125674751
Ocilla Police Department,1986-11-01,Georgia,3477,GA07701,1,0,0,0,0,0,1,0,0,0,0,0,0,0,0,0,0,0,1,3,0,4,0,0,0,1,1,0,0,0,2,0,0,0,0,0,1529,0,0,0,0,1529,0,0,0,0,0,0,0,0,0,0,0,120,1040,0,1159,2688,0,0,0,214,120,0,0,0,826,0,0,542,181,0,0,0,0,436,0,1529,2688,0,0,0,0,0,0,0,0,0,0,0,0,1,2.7799125674751
Ocilla Police Department,1986-10-01,Georgia,3477,GA07701,3,2,0,2,2,0,9,1,0,0,0,0,0,0,0,0,0,0,3,3,0,6,0,1,0,0,1,0,0,1,3,0,0,0,0,0,570,0,0,973,0,1543,19459,0,0,0,0,0,0,0,0,0,0,69,625,0,695,21697,0,208,0,0,139,0,0,39,309,0,0,734,0,0,0,0,19459,1504,0,0,21697,0,0,0,0,0,0,0,0,834,0,0,834,1,2.7799125674751
Ocilla Police Department,1986-09-01,Georgia,3477,GA07701,2,5,0,0,0,0,7,2,0,0,0,0,0,0,0,0,0,0,1,1,6,8,1,0,0,1,2,0,0,0,4,0,0,0,0,10008,2524,0,0,0,0,12532,2224,0,0,0,0,0,0,0,0,0,0,0,445,10711,11156,25912,1668,0,0,1654,3978,0,0,0,3856,0,0,6169,0,0,7172,0,2224,5210,0,5137,25912,0,0,0,0,0,0,0,0,0,0,0,0,1,2.7799125674751
Ocilla Police Department,1986-08-01,Georgia,3477,GA07701,5,1,0,2,4,0,12,0,0,0,0,0,0,0,0,0,0,0,1,3,2,6,0,0,0,1,0,0,0,2,3,0,0,0,0,0,1876,0,13635,2396,0,17908,0,0,0,0,0,0,0,0,0,0,0,28,948,4754,5729,23638,0,0,0,417,0,0,0,267,5046,267,0,4367,12034,695,2085,0,0,2313,0,1876,23638,239,0,0,0,0,0,0,0,0,0,0,239,1,2.7799125674751
Ocilla Police Department,1986-07-01,Georgia,3477,GA07701,1,0,0,3,1,0,5,0,0,2,0,0,0,0,0,0,0,0,5,5,0,10,3,1,0,3,0,0,0,0,3,0,0,0,0,0,320,0,0,2090,0,2410,0,0,0,0,0,0,0,0,0,0,0,183,1571,0,1754,4164,384,306,0,489,0,0,0,0,575,0,0,992,320,272,0,0,0,773,0,1807,4164,0,0,0,320,0,0,0,2502,0,0,0,2822,1,2.7799125674751
Ocilla Police Department,1986-06-01,Georgia,3477,GA07701,0,0,0,0,0,0,0,0,0,0,0,0,0,0,1,0,0,1,0,3,0,3,0,2,0,0,0,0,0,0,1,0,0,0,0,0,0,0,0,0,0,0,0,0,0,0,0,0,0,3,0,0,3,0,1165,0,1165,1168,0,803,0,0,0,0,0,0,361,0,0,361,0,0,0,0,0,806,0,0,1168,0,0,0,0,0,0,0,0,0,0,0,0,1,2.7799125674751
Ocilla Police Department,1986-05-01,Georgia,3477,GA07701,0,1,0,0,2,0,3,1,0,0,0,0,0,0,0,0,0,0,3,0,2,5,0,0,0,1,0,0,0,0,4,1,0,1,0,0,0,0,506,0,0,506,16123,0,0,0,0,0,0,0,0,0,0,214,0,2082,2296,18926,0,0,0,83,0,0,0,0,2213,0,0,631,0,0,0,0,16123,2171,0,0,18926,0,0,0,0,0,0,0,16123,3,0,0,16126,1,2.7799125674751
Ocilla Police Department,1986-04-01,Georgia,3477,GA07701,1,2,0,1,3,0,7,0,0,0,0,0,0,0,0,0,0,0,1,0,1,2,1,0,0,0,0,0,0,0,1,0,0,0,0,1081,0,0,434,5146,0,6661,0,0,0,0,0,0,0,0,0,0,0,11,0,556,567,7228,556,0,0,0,0,0,0,0,11,0,0,4181,0,0,0,0,0,1370,0,1676,7228,0,0,0,0,0,0,0,0,0,0,0,0,1,2.7799125674751
Ocilla Police Department,1986-03-01,Georgia,3477,GA07701,2,1,0,0,2,0,5,0,1,0,0,1,0,0,0,0,0,1,1,1,1,3,0,0,0,3,0,0,0,0,0,0,0,0,0,0,0,0,3336,0,0,3336,0,0,0,0,278,0,0,0,0,0,278,50,222,834,1106,4720,0,0,0,1106,0,0,0,0,0,0,0,550,834,0,0,0,0,3336,0,0,4720,0,0,0,0,0,0,0,0,0,0,0,0,1,2.7799125674751
Ocilla Police Department,1986-02-01,Georgia,3477,GA07701,1,1,0,0,1,0,3,1,0,0,0,0,0,0,0,0,0,0,4,3,1,8,1,2,1,0,0,1,0,0,3,1,0,1,0,0,0,0,139,0,0,139,11120,0,0,0,0,0,0,0,0,0,0,153,1020,834,2007,13266,111,556,28,0,0,464,0,0,848,0,6,500,0,0,0,0,11120,806,0,834,13266,0,0,0,0,0,0,0,11120,278,0,0,11398,1,2.7799125674751
Ocilla Police Department,1986-01-01,Georgia,3477,GA07701,1,1,0,0,0,0,2,0,0,0,0,1,0,0,0,0,0,1,3,7,0,10,0,0,0,3,1,0,1,2,3,0,0,0,0,8,69,0,0,0,0,78,0,0,0,0,195,0,0,0,0,0,195,69,2085,0,2154,2427,0,0,0,903,514,0,64,6,667,347,6,1031,625,0,0,0,0,417,0,0,2427,0,0,0,0,0,0,0,0,0,0,0,0,1,2.7799125674751
Ocilla Police Department,1985-12-01,Georgia,3577,GA07701,0,0,0,0,0,0,0,0,0,0,0,0,0,0,0,0,0,0,0,0,0,0,0,0,0,0,0,0,0,0,0,0,0,0,0,0,0,0,0,0,0,0,0,0,0,0,0,0,0,0,0,0,0,0,0,0,0,0,0,0,0,0,0,0,0,0,0,0,0,0,0,0,0,0,0,0,0,0,0,0,0,0,0,0,0,0,0,0,0,0,0,1,2.83267663464518
Ocilla Police Department,1985-11-01,Georgia,3577,GA07701,1,2,0,1,3,0,7,1,0,0,0,0,0,0,0,0,0,0,4,2,1,7,1,1,0,1,0,1,0,0,3,1,0,1,0,382,28,0,0,10974,0,11385,9914,0,0,0,0,0,0,0,0,0,0,113,397,850,1360,22659,184,212,0,57,0,28,0,0,878,0,0,354,142,0,878,0,10127,184,0,10974,22659,0,0,0,0,0,0,0,9914,0,0,0,9914,1,2.83267663464518
Ocilla Police Department,1985-10-01,Georgia,3577,GA07701,0,4,0,2,3,0,9,0,0,1,0,0,0,0,0,0,0,0,2,4,5,11,0,2,0,2,2,1,0,0,4,0,0,0,0,0,0,0,567,1085,0,1651,0,0,0,0,0,0,0,0,0,0,0,20,1337,7764,9121,10773,0,708,0,1759,3173,482,0,0,3000,986,581,1960,1759,0,0,0,0,5340,0,147,10773,0,0,1473,0,0,0,0,0,1700,0,0,3173,1,2.83267663464518
Ocilla Police Department,1985-09-01,Georgia,3577,GA07701,1,1,0,2,2,0,6,1,0,0,0,0,0,0,0,0,0,0,2,3,3,8,2,0,0,2,0,0,0,0,4,0,0,0,0,0,0,0,586,4141,0,4728,14730,0,0,0,0,0,0,0,0,0,0,59,708,17098,17866,37323,312,0,0,16500,0,0,0,0,1054,0,618,16118,4450,0,0,0,14730,1408,0,0,37323,0,0,0,3147,0,0,0,0,753,0,0,3901,1,2.83267663464518
Ocilla Police Department,1985-08-01,Georgia,3577,GA07701,1,1,0,2,0,0,4,0,0,2,0,0,0,0,0,0,0,0,2,3,0,5,2,1,0,0,2,0,0,0,0,0,0,0,0,0,0,0,0,8,0,8,0,0,0,0,0,0,0,0,0,0,0,113,963,0,1076,1085,595,283,0,0,198,0,0,0,0,0,0,65,0,85,57,0,0,340,0,538,1085,0,0,0,0,0,0,0,0,0,0,0,0,1,2.83267663464518
Ocilla Police Department,1985-07-01,Georgia,3577,GA07701,3,3,0,0,3,0,9,0,0,1,0,0,0,0,0,0,0,0,0,4,0,4,1,0,0,1,0,0,0,1,1,0,0,0,0,20,394,0,773,0,0,1187,0,0,0,0,0,0,0,0,0,0,0,0,779,0,779,1966,142,0,0,142,0,0,0,354,142,354,20,677,0,717,0,0,0,198,0,0,1966,0,0,0,0,717,0,0,0,0,0,0,717,1,2.83267663464518
Ocilla Police Department,1985-06-01,Georgia,3577,GA07701,1,2,0,2,3,0,8,2,0,0,0,0,0,0,0,0,0,0,2,2,2,6,0,0,0,1,0,2,0,0,3,2,0,2,0,2833,283,0,17571,21041,0,41728,29460,0,0,0,0,0,0,0,0,0,0,57,552,3042,3651,74839,0,0,0,850,0,552,0,0,2249,0,28,595,0,1700,212,0,29460,26378,5204,11263,74839,0,0,0,0,0,0,0,29460,3022,0,0,32482,1,2.83267663464518
Ocilla Police Department,1985-05-01,Georgia,3577,GA07701,1,3,0,0,5,0,9,0,0,0,0,0,0,0,0,0,0,0,3,1,1,5,1,2,0,1,0,0,0,0,1,0,0,0,0,2192,0,0,963,0,0,3156,0,0,0,0,0,0,0,0,0,0,0,17,283,1204,1504,4660,3,283,0,1204,0,0,0,0,14,0,42,2192,212,212,0,0,0,1575,0,425,4660,0,0,0,0,0,0,0,0,0,0,0,0,1,2.83267663464518
Ocilla Police Department,1985-04-01,Georgia,3577,GA07701,2,1,0,3,0,0,6,0,0,0,0,0,0,0,0,0,0,0,0,4,1,5,1,3,0,0,0,0,0,0,1,0,0,0,0,0,552,0,0,122,0,674,0,0,0,0,0,0,0,0,0,0,0,0,1159,1091,2249,2923,1091,734,0,0,0,0,0,0,425,425,0,136,0,0,0,0,0,1159,0,1204,2923,0,0,0,0,0,0,0,0,0,0,0,0,1,2.83267663464518
Ocilla Police Department,1985-03-01,Georgia,3577,GA07701,2,0,0,0,2,0,4,1,0,0,0,0,0,1,1,0,0,2,2,5,0,7,0,3,0,1,0,0,0,0,3,0,0,0,0,0,1176,0,2379,0,0,3555,56654,0,0,0,0,0,77899,646,0,0,78544,198,1629,0,1827,140580,0,1176,0,170,0,0,0,0,482,0,49575,2076,2547,0,0,0,84980,1261,0,142,140580,0,57787,0,170,0,0,0,28327,0,0,0,86283,1,2.83267663464518
Ocilla Police Department,1985-02-01,Georgia,3577,GA07701,1,1,0,2,2,0,6,0,0,0,0,0,0,0,0,0,0,0,1,2,0,3,1,1,0,0,0,0,0,0,1,0,0,0,0,212,765,0,567,139,0,1683,0,0,0,0,0,0,0,0,0,0,0,28,666,0,694,2377,28,397,0,0,0,0,0,0,269,0,0,453,567,0,0,0,0,790,0,567,2377,0,0,0,0,0,0,0,0,0,0,0,0,1,2.83267663464518
Ocilla Police Department,1985-01-01,Georgia,3577,GA07701,1,0,0,1,0,0,2,2,0,0,0,0,0,0,0,0,0,0,1,3,0,4,1,0,0,1,1,0,0,0,1,0,2,2,0,0,736,0,0,0,0,736,7931,0,0,0,0,0,0,0,0,0,0,122,1113,0,1235,9903,122,0,0,425,405,0,0,0,283,0,0,0,0,0,0,0,7931,830,0,1142,9903,0,0,0,0,0,0,0,7931,0,0,263,8195,1,2.83267663464518
Ocilla Police Department,1984-12-01,Georgia,3494,GA07701,1,1,0,0,1,0,3,0,0,0,0,0,0,0,1,0,0,1,3,2,5,10,1,4,0,3,0,0,0,0,2,0,0,0,0,0,1628,0,2317,0,0,3945,0,0,0,0,0,0,0,293,0,0,293,191,557,6004,6752,10990,1238,1408,0,3212,0,0,0,0,895,117,29,1276,880,279,117,0,0,4517,0,3775,10990,0,0,0,0,0,0,0,0,1645,0,0,1645,1,2.9331132680892
Ocilla Police Department,1984-11-01,Georgia,3494,GA07701,1,0,0,1,0,0,2,0,0,0,0,0,0,0,0,0,0,0,1,3,3,7,4,0,0,1,1,0,0,0,1,0,0,0,0,0,0,0,0,59,0,59,0,0,0,0,0,0,0,0,0,0,0,117,1085,12994,14196,14255,1203,0,0,8799,1261,0,0,0,2933,0,0,10119,0,0,0,0,0,3813,0,323,14255,0,0,1115,0,0,0,0,0,0,0,0,1115,1,2.9331132680892
Ocilla Police Department,1984-10-01,Georgia,3494,GA07701,0,1,0,0,0,0,1,0,0,1,0,0,0,0,0,0,0,0,1,1,2,4,0,0,0,1,0,0,0,0,3,0,0,0,0,733,0,0,0,0,0,733,0,0,0,0,0,0,0,0,0,0,0,29,469,1813,2311,3045,0,0,0,29,0,0,0,0,2282,0,0,1813,0,0,0,0,0,499,0,733,3045,0,0,1079,0,0,0,0,38130,29,0,0,39239,1,2.9331132680892
Ocilla Police Department,1984-09-01,Georgia,3494,GA07701,2,2,0,0,0,0,4,0,0,0,0,0,0,0,0,0,0,0,2,0,1,3,1,1,0,0,0,1,0,0,0,0,0,0,0,0,1511,0,0,0,0,1511,0,0,0,0,0,0,0,0,0,0,0,235,0,880,1115,2625,103,880,0,0,0,132,0,0,0,0,616,132,0,0,0,0,0,997,0,880,2625,0,0,0,0,0,0,0,0,0,0,0,0,1,2.9331132680892
Ocilla Police Department,1984-08-01,Georgia,3494,GA07701,4,1,0,0,1,0,6,1,0,1,0,0,0,0,0,0,0,0,0,4,2,6,0,3,0,2,0,0,0,0,1,1,0,1,0,352,895,0,0,0,0,1247,587,0,0,0,0,0,0,0,0,0,0,0,1041,1173,2215,4048,0,1232,0,396,0,0,0,0,587,0,0,604,774,0,0,0,0,2405,0,264,4048,0,0,0,0,0,0,0,0,1173,0,0,1173,1,2.9331132680892
Ocilla Police Department,1984-07-01,Georgia,3494,GA07701,0,0,0,0,0,0,0,0,0,0,0,0,0,0,0,0,0,0,0,3,0,3,0,2,1,0,0,0,0,0,0,0,0,0,0,0,0,0,0,0,0,0,0,0,0,0,0,0,0,0,0,0,0,0,1021,0,1021,1021,0,874,147,0,0,0,0,0,0,0,0,0,0,0,0,0,0,874,0,147,1021,0,0,0,0,0,0,0,0,0,0,0,0,1,2.9331132680892
Ocilla Police Department,1984-06-01,Georgia,3494,GA07701,0,0,0,1,2,0,3,1,0,0,0,0,0,0,0,0,0,0,4,3,0,7,0,3,0,1,0,0,0,1,2,0,1,1,0,0,0,0,0,7037,0,7037,10559,0,0,0,0,0,0,0,0,0,0,94,1214,0,1308,18904,0,848,0,0,0,0,0,91,370,91,0,0,367,0,3,0,10559,848,0,7037,18904,91,0,0,0,0,0,0,10559,0,0,0,10650,1,2.9331132680892
Ocilla Police Department,1984-05-01,Georgia,3494,GA07701,2,0,0,2,0,0,4,0,0,0,0,0,0,0,0,0,0,0,0,5,0,5,0,4,0,0,0,0,0,0,1,0,0,0,0,0,1173,0,0,352,0,1525,0,0,0,0,0,0,0,0,0,0,0,0,1681,0,1681,3206,0,1493,0,0,0,0,0,0,188,88,264,326,0,0,839,0,0,1557,0,132,3206,0,0,0,0,0,0,0,0,0,0,0,0,1,2.9331132680892
Ocilla Police Department,1984-04-01,Georgia,3494,GA07701,1,0,0,1,0,0,2,0,0,0,0,0,0,0,0,0,0,0,0,1,0,1,0,0,0,1,0,0,0,0,0,0,0,0,0,0,1349,0,0,85,0,1434,0,0,0,0,0,0,0,0,0,0,0,0,490,0,490,1924,0,0,0,490,0,0,0,0,0,0,0,399,0,0,1525,0,0,0,0,0,1924,0,0,0,0,0,0,0,0,0,0,0,0,1,2.9331132680892
Ocilla Police Department,1984-03-01,Georgia,3494,GA07701,1,0,0,0,0,0,1,1,0,0,0,0,0,0,0,0,0,0,1,2,0,3,0,2,0,0,0,0,0,1,0,1,0,1,0,0,396,0,0,0,0,396,5280,0,0,0,0,0,0,0,0,0,0,6,704,0,710,6385,0,704,0,0,0,0,0,6,0,0,0,0,0,0,0,0,5280,1106,0,0,6385,0,0,0,0,0,0,0,6453,6,0,0,6459,1,2.9331132680892
Ocilla Police Department,1984-02-01,Georgia,3494,GA07701,1,0,0,1,1,0,3,0,0,0,0,0,0,0,0,0,0,0,3,3,0,6,0,1,0,0,0,0,0,2,3,0,0,0,0,0,76,0,0,6849,0,6925,0,0,0,0,0,0,0,0,0,0,0,208,1147,0,1355,8280,0,499,0,0,0,0,0,120,736,0,15,578,0,0,220,0,0,7468,0,0,8280,0,0,88,0,0,0,0,0,572,0,0,660,1,2.9331132680892
Ocilla Police Department,1984-01-01,Georgia,3494,GA07701,0,0,0,2,1,0,3,0,0,0,0,0,0,0,1,0,0,1,2,1,1,4,1,0,0,0,0,0,0,0,3,0,0,0,0,0,0,0,255,4787,0,5042,0,0,0,0,0,0,0,293,0,0,293,117,557,2933,3608,8943,0,0,0,0,0,0,0,0,3608,0,88,293,147,0,2933,0,0,2338,3027,117,8943,0,0,0,0,0,0,0,0,0,2851,0,2851,1,2.9331132680892
Ocilla Police Department,1983-12-01,Georgia,3592,GA07701,0,0,0,0,1,0,1,0,0,0,0,0,0,0,0,0,0,0,1,0,0,1,0,0,0,0,0,0,0,1,0,0,0,0,0,0,0,0,410,0,0,410,0,0,0,0,0,0,0,0,0,0,0,24,0,0,24,434,0,0,0,0,0,0,0,24,0,24,0,0,0,0,0,0,0,0,0,410,434,24,0,0,0,0,0,0,0,0,0,410,434,1,3.05925284471218
Ocilla Police Department,1983-11-01,Georgia,3592,GA07701,1,1,0,0,0,0,2,0,0,0,0,0,0,0,0,0,0,0,0,0,0,0,0,0,0,0,0,0,0,0,0,0,0,0,0,1224,184,0,0,0,0,1407,0,0,0,0,0,0,0,0,0,0,0,0,0,0,0,1407,0,0,0,0,0,0,0,0,0,0,0,184,1224,0,0,0,0,0,0,0,1407,0,0,0,0,0,0,0,0,0,0,0,0,1,3.05925284471218
Ocilla Police Department,1983-10-01,Georgia,3592,GA07701,1,0,0,1,0,0,2,0,0,0,0,0,0,0,0,0,0,0,2,0,0,2,1,0,0,1,0,0,0,0,0,0,0,0,0,0,184,0,0,19625,0,19809,0,0,0,0,0,0,0,0,0,0,0,31,0,0,31,19839,0,0,0,31,0,0,0,0,0,0,0,184,0,0,0,0,0,19656,0,0,19839,0,0,0,0,0,0,0,0,31,0,0,31,1,3.05925284471218
Ocilla Police Department,1983-09-01,Georgia,3592,GA07701,0,0,0,1,2,0,3,0,0,0,0,0,0,1,0,0,0,1,1,0,0,1,0,0,0,0,0,0,0,1,0,0,0,0,0,0,0,0,1989,0,0,1989,0,0,0,0,0,0,31,0,0,0,31,80,0,0,80,2099,0,0,0,0,0,0,0,80,0,80,0,1560,0,0,0,0,0,0,0,459,2099,80,0,0,0,0,0,0,0,0,0,459,538,1,3.05925284471218
Ocilla Police Department,1983-08-01,Georgia,3592,GA07701,1,0,0,0,0,0,1,0,0,0,0,0,0,0,0,0,0,0,2,2,1,5,1,2,0,0,0,0,0,1,1,0,0,0,0,0,489,0,0,0,0,489,0,0,0,0,0,0,0,0,0,0,0,236,502,642,1380,1869,229,915,0,0,0,0,0,113,122,0,0,122,0,0,297,0,0,1144,0,306,1869,0,0,0,0,0,113,0,0,229,0,0,343,1,3.05925284471218
Ocilla Police Department,1983-07-01,Georgia,3592,GA07701,0,0,0,0,1,0,1,0,0,0,0,0,0,0,0,0,0,0,0,0,0,0,0,0,0,0,0,0,0,0,0,0,0,0,0,0,0,0,535,0,0,535,0,0,0,0,0,0,0,0,0,0,0,0,0,0,0,535,0,0,0,0,0,0,0,0,0,0,0,229,0,0,0,0,0,306,0,0,535,0,0,0,0,0,0,0,0,0,0,0,0,1,3.05925284471218
Ocilla Police Department,1983-06-01,Georgia,3592,GA07701,0,3,0,0,2,0,5,0,0,0,0,0,0,0,0,0,0,0,0,1,1,2,1,0,0,0,0,0,0,0,1,0,0,0,0,627,0,0,1897,0,0,2524,0,0,0,0,0,0,0,0,0,0,0,0,275,994,1270,3793,994,0,0,0,0,0,0,0,275,0,0,1836,627,0,0,0,0,1331,0,0,3793,0,0,0,0,0,0,0,0,0,0,0,0,1,3.05925284471218
Ocilla Police Department,1983-05-01,Georgia,3592,GA07701,1,0,0,1,1,0,3,1,0,1,0,0,0,0,0,0,0,0,1,0,2,3,0,0,0,0,2,0,0,1,0,0,1,1,0,0,0,0,1395,0,0,1395,15296,0,0,0,0,0,0,0,0,0,0,12,0,2778,2790,19481,0,0,0,0,2778,0,0,12,0,0,0,4173,0,0,0,0,15296,12,0,0,19481,0,0,603,0,0,0,0,15296,12,0,0,15911,1,3.05925284471218
Ocilla Police Department,1983-04-01,Georgia,3592,GA07701,0,1,0,1,1,0,3,0,0,0,0,0,0,0,0,0,0,0,1,0,0,1,1,0,0,0,0,0,0,0,0,0,0,0,0,0,0,0,1224,1224,0,2447,0,0,0,0,0,0,0,0,0,0,0,92,0,0,92,2539,92,0,0,0,0,0,0,0,0,0,0,0,0,0,0,0,0,1315,0,1224,2539,0,0,0,0,0,0,0,0,0,0,0,0,1,3.05925284471218
Ocilla Police Department,1983-03-01,Georgia,3592,GA07701,1,0,0,0,0,0,1,2,0,0,0,0,0,0,0,0,0,0,1,2,0,3,1,0,0,0,0,0,0,1,1,1,0,1,0,0,9698,0,0,0,0,9698,1683,0,0,0,0,0,0,0,0,0,0,122,306,0,428,11809,153,0,0,0,0,0,0,122,153,122,0,0,0,0,0,0,1683,9606,0,398,11809,122,0,0,0,0,0,0,306,0,0,0,428,1,3.05925284471218
Ocilla Police Department,1983-02-01,Georgia,3592,GA07701,0,3,0,1,1,0,5,0,0,0,0,0,1,0,0,0,0,1,0,1,1,2,0,1,0,1,0,0,0,0,0,0,0,0,0,1943,0,0,0,153,0,2096,0,0,0,0,0,0,0,0,0,0,0,0,306,2141,2447,4543,0,306,0,2141,0,0,0,0,0,0,0,2554,0,0,1683,0,306,0,0,0,4543,0,0,0,0,0,0,0,0,0,0,0,0,1,3.05925284471218
Ocilla Police Department,1983-01-01,Georgia,3592,GA07701,1,0,0,1,0,0,2,0,0,0,0,0,0,1,0,0,0,1,3,0,1,4,0,0,0,1,1,0,0,0,2,0,0,0,0,0,107,0,0,0,0,107,0,0,0,0,0,0,80,0,0,0,80,257,0,1331,1588,1774,0,0,0,1331,61,0,0,0,196,0,0,141,233,0,0,0,0,621,0,780,1774,0,0,0,0,0,0,0,0,0,0,0,0,1,3.05925284471218
Ocilla Police Department,1982-12-01,Georgia,3534,GA07701,0,0,0,1,1,0,2,0,0,0,0,0,0,0,0,0,0,0,0,1,0,1,0,0,0,1,0,0,0,0,0,0,0,0,0,0,0,0,57,543,0,600,0,0,0,0,0,0,0,0,0,0,0,0,196,0,196,796,0,0,0,196,0,0,0,0,0,0,47,79,196,0,0,0,0,0,0,474,796,0,0,0,0,0,0,0,0,0,0,0,0,1,3.15752936096719
Ocilla Police Department,1982-11-01,Georgia,3534,GA07701,0,0,0,0,2,0,2,0,0,0,0,0,0,0,0,0,0,0,1,0,0,1,0,0,0,1,0,0,0,0,0,0,0,0,0,0,0,0,202,0,0,202,0,0,0,0,0,0,0,0,0,0,0,95,0,0,95,297,0,0,0,95,0,0,0,0,0,0,155,0,0,0,0,0,0,142,0,0,297,0,95,0,0,0,0,0,0,0,0,0,95,1,3.15752936096719
Ocilla Police Department,1982-10-01,Georgia,3534,GA07701,1,2,0,6,1,0,10,0,0,0,0,0,0,0,0,0,0,0,0,1,1,2,0,1,0,0,0,0,0,0,1,0,0,0,0,433,268,0,69,3900,0,4670,0,0,0,0,0,0,0,0,0,0,0,0,474,1721,2194,6864,0,1721,0,0,0,0,0,0,474,0,0,581,275,0,0,0,0,1872,3789,347,6864,0,0,0,0,0,0,0,0,0,0,0,0,1,3.15752936096719
Ocilla Police Department,1982-09-01,Georgia,3534,GA07701,0,0,0,1,0,0,1,0,0,0,0,0,0,0,0,0,0,0,0,0,0,0,0,0,0,0,0,0,0,0,0,0,0,0,0,0,0,0,0,979,0,979,0,0,0,0,0,0,0,0,0,0,0,0,0,0,0,979,0,0,0,0,0,0,0,0,0,0,0,0,979,0,0,0,0,0,0,0,979,0,0,0,0,0,0,0,0,0,0,0,0,1,3.15752936096719
Ocilla Police Department,1982-08-01,Georgia,3534,GA07701,2,0,0,1,1,0,4,0,0,0,0,0,0,0,1,0,0,1,1,1,1,3,1,0,0,0,0,0,0,0,2,0,0,0,0,0,1389,0,947,0,0,2337,0,0,0,0,0,0,0,1263,0,0,1263,32,268,1377,1677,5276,268,0,0,0,0,0,0,0,1408,0,79,2750,474,0,0,0,0,126,0,1847,5276,0,0,1377,474,0,0,0,0,0,0,316,2166,1,3.15752936096719
Ocilla Police Department,1982-07-01,Georgia,3534,GA07701,1,1,0,1,0,0,3,2,0,0,0,0,0,0,0,0,0,0,2,1,0,3,0,1,1,0,0,0,0,0,1,1,0,1,0,0,0,0,0,764,0,764,19577,0,0,0,0,0,0,0,0,0,0,95,410,0,505,20846,0,410,79,0,0,0,0,0,16,0,0,764,0,0,0,0,19577,505,0,0,20846,0,0,764,0,0,0,0,10104,0,0,0,10868,1,3.15752936096719
Ocilla Police Department,1982-06-01,Georgia,3534,GA07701,0,0,0,1,0,0,1,0,0,0,0,0,0,0,0,0,0,0,0,2,0,2,0,1,0,0,0,0,0,0,1,0,0,0,0,0,0,0,0,0,0,0,0,0,0,0,0,0,0,0,0,0,0,0,695,0,695,695,0,284,0,0,0,0,0,0,410,0,0,0,410,0,0,0,0,284,0,0,695,0,0,0,0,0,0,0,0,0,0,0,0,1,3.15752936096719
Ocilla Police Department,1982-05-01,Georgia,3534,GA07701,0,1,0,0,1,0,2,0,0,0,0,0,0,0,0,0,0,0,1,0,1,2,0,2,0,0,0,0,0,0,0,0,0,0,0,16,0,0,287,0,0,303,0,0,0,0,0,0,0,0,0,0,0,63,0,913,976,1279,0,976,0,0,0,0,0,0,0,0,79,38,0,0,0,0,0,976,0,186,1279,0,0,0,0,0,0,0,0,63,0,0,63,1,3.15752936096719
Ocilla Police Department,1982-04-01,Georgia,3534,GA07701,0,0,0,1,0,0,1,0,0,0,0,0,0,0,0,0,0,0,2,3,0,5,0,1,0,2,0,0,0,0,2,0,0,0,0,0,0,0,0,16,0,16,0,0,0,0,0,0,0,0,0,0,0,189,1295,0,1484,1500,0,426,0,521,0,0,0,0,537,126,0,16,395,0,0,0,0,963,0,0,1500,0,0,0,0,0,0,0,0,0,0,0,0,1,3.15752936096719
Ocilla Police Department,1982-03-01,Georgia,3534,GA07701,0,0,0,1,1,0,2,0,0,0,0,0,0,0,0,0,0,0,0,1,0,1,1,0,0,0,0,0,0,0,0,0,0,0,0,0,0,0,1200,0,0,1200,0,0,0,0,0,0,0,0,0,0,0,0,158,0,158,1358,158,0,0,0,0,0,0,0,0,0,0,0,0,0,0,0,0,1358,0,0,1358,0,0,0,0,0,0,0,0,0,0,0,0,1,3.15752936096719
Ocilla Police Department,1982-02-01,Georgia,3534,GA07701,0,1,0,0,0,0,1,0,0,1,0,0,0,0,0,0,0,0,0,0,1,1,0,0,0,0,0,0,0,0,1,0,0,0,0,474,0,0,0,0,0,474,0,0,0,0,0,0,0,0,0,0,0,0,0,50520,50520,50994,0,0,0,0,0,0,0,0,50520,0,0,0,50994,0,0,0,0,0,0,0,50994,0,0,0,0,0,0,0,0,0,0,0,0,1,3.15752936096719
Ocilla Police Department,1982-01-01,Georgia,3534,GA07701,0,2,0,0,0,0,2,0,0,0,0,0,0,0,0,1,0,1,0,2,0,2,0,1,0,0,0,0,0,1,0,0,0,0,0,3862,0,0,0,0,0,3862,0,0,0,0,0,0,0,0,316,0,316,0,363,0,363,4541,0,158,0,0,0,0,0,205,0,0,22,0,0,0,0,0,158,316,0,4045,4541,0,0,0,0,0,0,0,0,0,0,0,0,1,3.15752936096719
Ocilla Police Department,1981-12-01,Georgia,3490,GA07701,0,0,0,2,3,0,5,0,0,0,0,0,0,0,0,0,0,0,1,1,0,2,1,0,0,0,0,0,0,1,0,0,0,0,0,0,0,0,674,87,0,761,0,0,0,0,0,0,0,0,0,0,0,7,533,0,540,1300,533,0,0,0,0,0,0,7,0,27,221,255,265,0,0,0,0,0,0,533,1300,0,7,0,0,0,0,0,0,0,0,533,540,1,3.35113096874714
Ocilla Police Department,1981-11-01,Georgia,3490,GA07701,0,0,0,0,1,0,1,0,0,0,0,0,0,0,0,0,0,0,0,1,2,3,0,0,0,0,0,0,0,1,2,0,0,0,0,0,0,0,2031,0,0,2031,0,0,0,0,0,0,0,0,0,0,0,0,168,7044,7212,9242,0,0,0,0,0,0,0,168,7044,168,0,1062,0,0,6032,0,0,134,50,1796,9242,0,0,0,0,0,0,0,0,0,0,0,0,1,3.35113096874714
Ocilla Police Department,1981-10-01,Georgia,3490,GA07701,0,0,0,1,1,0,2,0,0,0,0,0,0,0,0,0,0,0,1,2,1,4,2,0,0,1,0,0,0,1,0,0,0,0,0,0,0,0,0,0,0,0,0,0,0,0,0,0,0,0,0,0,0,67,550,1166,1783,1783,1367,0,0,67,0,0,0,349,0,349,0,67,0,0,0,0,0,201,0,1166,1783,349,0,67,0,0,0,0,0,0,0,0,416,1,3.35113096874714
Ocilla Police Department,1981-09-01,Georgia,3490,GA07701,1,1,0,0,1,0,3,0,0,0,0,0,0,0,1,0,0,1,1,1,0,2,0,0,0,0,0,0,0,0,2,0,0,0,0,7989,285,0,335,0,0,8609,0,0,0,0,0,0,0,670,0,0,670,0,335,0,335,9614,0,0,0,0,0,0,0,0,335,0,0,8994,285,0,0,0,0,335,0,0,9614,0,0,0,0,0,0,0,0,335,0,0,335,1,3.35113096874714
Ocilla Police Department,1981-08-01,Georgia,3490,GA07701,1,0,0,1,0,0,2,0,0,0,0,0,0,0,0,0,1,1,0,3,1,4,1,1,0,0,0,0,0,0,2,0,0,0,0,0,503,0,0,17,0,519,0,0,0,0,0,0,0,0,0,2647,2647,0,1625,754,2379,5546,586,469,0,0,0,0,0,0,1324,503,0,2229,1005,0,0,0,0,1056,0,754,5546,0,0,570,0,0,0,0,0,0,0,0,570,1,3.35113096874714
Ocilla Police Department,1981-07-01,Georgia,3490,GA07701,1,1,0,0,0,0,2,0,0,0,0,0,0,0,0,0,0,0,0,0,0,0,0,0,0,0,0,0,0,0,0,0,0,0,0,3016,151,0,0,0,0,3167,0,0,0,0,0,0,0,0,0,0,0,0,0,0,0,3167,0,0,0,0,0,0,0,0,0,0,0,151,0,0,0,0,0,0,3016,0,3167,0,0,0,0,0,0,0,0,0,0,0,0,1,3.35113096874714
Ocilla Police Department,1981-06-01,Georgia,3490,GA07701,0,0,0,0,0,0,0,0,0,0,0,0,0,0,0,0,0,0,0,1,0,1,0,0,0,0,0,0,0,0,1,0,0,0,0,0,0,0,0,0,0,0,0,0,0,0,0,0,0,0,0,0,0,0,218,0,218,218,0,0,0,0,0,0,0,0,218,0,0,0,0,0,0,0,0,218,0,0,218,0,0,0,0,0,0,0,0,0,0,0,0,1,3.35113096874714
Ocilla Police Department,1981-05-01,Georgia,3490,GA07701,0,1,0,1,1,0,3,0,0,0,0,0,0,0,0,0,0,0,0,3,1,4,0,0,1,1,0,0,0,0,2,0,0,0,0,151,0,0,335,111,0,597,0,0,0,0,0,0,0,0,0,0,0,0,1136,754,1890,2487,0,0,335,335,0,0,0,0,1220,0,0,1508,0,0,0,0,0,952,27,0,2487,0,0,0,0,0,0,0,2513,0,0,0,2513,1,3.35113096874714
Ocilla Police Department,1981-04-01,Georgia,3490,GA07701,1,0,0,0,0,0,1,0,0,0,0,0,0,0,1,0,0,1,0,0,0,0,0,0,0,0,0,0,0,0,0,0,0,0,0,0,2011,0,0,0,0,2011,0,0,0,0,0,0,0,84,0,0,84,0,0,0,0,2094,0,0,0,0,0,0,0,0,0,0,0,84,0,0,0,0,0,2011,0,0,2094,0,0,0,0,0,0,0,0,0,0,0,0,1,3.35113096874714
Ocilla Police Department,1981-03-01,Georgia,3490,GA07701,0,1,0,4,1,0,6,0,0,0,0,0,0,0,0,0,0,0,2,0,0,2,0,0,0,0,0,0,0,2,0,0,0,0,0,0,0,0,2011,2915,0,4926,0,0,0,0,0,0,0,0,0,0,0,44,0,0,44,4970,0,0,0,0,0,0,0,44,0,0,44,2034,0,0,0,0,0,948,0,1944,4970,0,44,0,0,0,0,0,0,178,0,1944,2165,1,3.35113096874714
Ocilla Police Department,1981-02-01,Georgia,3490,GA07701,1,0,0,2,0,0,3,0,0,0,0,0,0,0,0,0,0,0,1,0,0,1,1,0,0,0,0,0,0,0,0,0,0,0,0,0,1474,0,0,0,0,1474,0,0,0,0,0,0,0,0,0,0,0,134,0,0,134,1609,134,0,0,0,0,0,0,0,0,0,0,1474,0,0,0,0,0,134,0,0,1609,0,0,0,0,0,0,0,0,0,0,0,0,1,3.35113096874714
Ocilla Police Department,1981-01-01,Georgia,3490,GA07701,0,0,0,0,0,0,0,1,0,0,0,0,0,0,0,0,0,0,0,1,1,2,0,0,0,0,0,0,1,0,1,0,1,1,0,0,0,0,0,0,0,0,9048,0,0,0,0,0,0,0,0,0,0,0,352,5999,6350,15398,0,0,0,0,0,0,352,0,5999,0,0,352,0,0,5999,0,9048,0,0,0,15398,0,0,0,0,20107,0,0,22453,0,0,0,42559,1,3.35113096874714
Ocilla Police Department,1980-12-01,Georgia,3385,GA07701,0,3,0,0,1,0,4,0,0,0,0,0,0,0,0,0,0,0,0,0,2,2,0,0,0,2,0,0,0,0,0,0,0,0,0,969,0,0,1235,0,0,2204,0,0,0,0,0,0,0,0,0,0,0,0,0,2218,2218,4422,0,0,0,2218,0,0,0,0,0,0,0,1235,2218,969,0,0,0,0,0,0,4422,0,0,0,0,0,0,0,0,0,0,0,0,1,3.69746081504702
Ocilla Police Department,1980-11-01,Georgia,3385,GA07701,0,0,0,0,0,0,0,0,0,0,0,0,0,0,0,0,0,0,0,0,0,0,0,0,0,0,0,0,0,0,0,0,0,0,0,0,0,0,0,0,0,0,0,0,0,0,0,0,0,0,0,0,0,0,0,0,0,0,0,0,0,0,0,0,0,0,0,0,0,0,0,0,0,0,0,0,0,0,0,0,0,0,0,0,0,0,0,0,0,0,0,1,3.69746081504702
Ocilla Police Department,1980-10-01,Georgia,3385,GA07701,0,0,0,0,1,0,1,1,0,0,0,0,1,0,0,0,0,1,0,1,2,3,2,0,0,1,0,0,0,0,0,0,0,0,0,0,0,0,739,0,0,739,14790,0,0,0,0,185,0,0,0,0,185,0,399,2089,2488,18203,1287,0,0,1202,0,0,0,0,0,0,0,924,739,0,0,0,14790,862,0,887,18203,0,0,0,0,0,0,0,0,0,0,887,887,1,3.69746081504702
Ocilla Police Department,1980-09-01,Georgia,3385,GA07701,0,0,0,3,0,0,3,0,0,0,0,0,0,0,0,0,0,0,0,0,1,1,0,0,0,0,0,0,0,0,1,0,0,0,0,0,0,0,0,1679,0,1679,0,0,0,0,0,0,0,0,0,0,0,0,0,998,998,2677,0,0,0,0,0,0,0,0,998,0,0,89,1479,0,0,0,0,1109,0,0,2677,0,0,0,1479,0,0,0,0,0,0,0,1479,1,3.69746081504702
Ocilla Police Department,1980-08-01,Georgia,3385,GA07701,0,0,0,0,0,0,0,0,0,0,0,0,0,0,0,0,0,0,0,0,0,0,0,0,0,0,0,0,0,0,0,0,0,0,0,0,0,0,0,0,0,0,0,0,0,0,0,0,0,0,0,0,0,0,0,0,0,0,0,0,0,0,0,0,0,0,0,0,0,0,0,0,0,0,0,0,0,0,0,0,0,0,0,0,0,0,0,0,0,0,0,1,3.69746081504702
Ocilla Police Department,1980-07-01,Georgia,3385,GA07701,0,0,0,1,0,0,1,0,0,0,0,0,0,0,0,0,0,0,0,0,0,0,0,0,0,0,0,0,0,0,0,0,0,0,0,0,0,0,0,499,0,499,0,0,0,0,0,0,0,0,0,0,0,0,0,0,0,499,0,0,0,0,0,0,0,0,0,0,0,0,0,0,0,0,0,499,0,0,499,0,0,0,0,0,0,0,0,0,0,0,0,1,3.69746081504702
Ocilla Police Department,1980-06-01,Georgia,3385,GA07701,0,0,0,0,0,0,0,1,0,0,0,0,0,0,0,0,0,0,2,1,0,3,0,0,0,0,0,0,0,0,3,0,1,1,0,0,0,0,0,0,0,0,70252,0,0,0,0,0,0,0,0,0,0,166,610,0,776,71028,0,0,0,0,0,0,0,0,776,0,0,166,0,0,0,0,70252,610,0,0,71028,0,0,11,0,0,0,0,70252,0,0,0,70263,1,3.69746081504702
Ocilla Police Department,1980-05-01,Georgia,3385,GA07701,0,0,0,0,0,0,0,0,0,0,0,0,0,0,0,0,0,0,0,0,1,1,0,0,0,0,0,0,0,0,1,0,0,0,0,0,0,0,0,0,0,0,0,0,0,0,0,0,0,0,0,0,0,0,0,825,825,825,0,0,0,0,0,0,0,0,825,825,0,0,0,0,0,0,0,0,0,0,825,825,0,0,0,0,0,0,0,0,0,0,825,1,3.69746081504702
Ocilla Police Department,1980-04-01,Georgia,3385,GA07701,0,0,0,0,0,0,0,0,0,0,0,0,0,0,0,0,0,0,0,2,1,3,0,0,0,0,0,0,0,0,3,0,0,0,0,0,0,0,0,0,0,0,0,0,0,0,0,0,0,0,0,0,0,0,499,776,1276,1276,0,0,0,0,0,0,0,0,1276,0,0,81,0,0,0,0,0,1194,0,0,1276,0,0,0,0,0,0,0,0,0,0,0,0,1,3.69746081504702
Ocilla Police Department,1980-03-01,Georgia,3385,GA07701,0,0,0,1,1,0,2,1,0,0,0,0,0,0,0,0,0,0,1,1,0,2,1,0,0,0,0,0,0,0,1,0,1,1,0,0,0,0,1109,1331,0,2440,28101,0,0,0,0,0,0,0,0,0,0,166,499,0,666,31207,166,0,0,0,0,0,0,0,499,0,0,0,0,74,0,0,28101,666,555,1812,31207,0,0,0,0,0,0,0,28101,166,0,1331,29598,1,3.69746081504702
Ocilla Police Department,1980-02-01,Georgia,3385,GA07701,0,0,0,1,0,0,1,0,0,0,0,0,0,0,0,0,0,0,0,0,1,1,1,0,0,0,0,0,0,0,0,0,0,0,0,0,0,0,0,555,0,555,0,0,0,0,0,0,0,0,0,0,0,0,0,1017,1017,1571,1017,0,0,0,0,0,0,0,0,0,0,0,0,0,0,0,0,1017,0,555,1571,0,0,0,0,0,0,0,0,0,0,0,0,1,3.69746081504702
Ocilla Police Department,1980-01-01,Georgia,3385,GA07701,0,0,0,1,0,0,1,1,0,0,0,0,0,0,0,0,0,0,1,1,2,4,1,0,0,1,0,0,0,0,2,0,0,0,0,0,0,0,0,0,0,0,9244,0,0,0,0,0,0,0,0,0,0,129,370,2651,3150,12394,129,0,0,1664,0,0,0,0,1357,0,0,0,1664,0,0,0,9244,370,0,1117,12394,0,0,0,0,0,0,0,0,0,0,0,0,1,3.69746081504702
Ocilla Police Department,1979-12-01,Georgia,3001,GA07701,0,0,0,0,0,0,0,0,0,0,0,0,0,0,0,0,0,0,0,0,0,0,0,0,0,0,0,0,0,0,0,0,0,0,0,0,0,0,0,0,0,0,0,0,0,0,0,0,0,0,0,0,0,0,0,0,0,0,0,0,0,0,0,0,0,0,0,0,0,0,0,0,0,0,0,0,0,0,0,0,0,0,0,0,0,0,0,0,0,0,0,1,4.19843724882306
Ocilla Police Department,1979-11-01,Georgia,3001,GA07701,0,1,0,0,1,0,2,0,0,0,0,0,0,0,0,0,0,0,1,2,1,4,1,0,0,0,0,0,0,1,2,0,0,0,0,672,0,0,0,0,0,672,0,0,0,0,0,0,0,0,0,0,0,8,1092,2099,3199,3871,315,0,0,0,0,0,0,8,2876,0,8,1448,0,0,0,0,0,2414,0,0,3871,0,8,0,0,0,0,0,0,0,0,0,8,1,4.19843724882306
Ocilla Police Department,1979-10-01,Georgia,3001,GA07701,0,0,0,1,0,0,1,0,0,0,0,0,0,0,0,0,0,0,0,0,0,0,0,0,0,0,0,0,0,0,0,0,0,0,0,0,0,0,0,63,0,63,0,0,0,0,0,0,0,0,0,0,0,0,0,0,0,63,0,0,0,0,0,0,0,0,0,0,0,63,0,0,0,0,0,0,0,0,63,0,0,0,0,0,0,0,0,0,0,0,0,1,4.19843724882306
Ocilla Police Department,1979-09-01,Georgia,3001,GA07701,1,0,0,5,2,0,8,0,0,0,0,0,0,0,0,0,0,0,0,2,3,5,0,0,0,2,0,0,0,0,3,0,0,0,0,0,0,0,567,852,0,1419,0,0,0,0,0,0,0,0,0,0,0,0,1276,6293,7570,8989,0,0,0,1742,0,0,0,0,5827,1192,0,269,0,0,4282,0,0,3245,0,0,8989,0,0,0,0,0,0,0,0,0,0,0,0,1,4.19843724882306
Ocilla Police Department,1979-08-01,Georgia,3001,GA07701,0,0,0,0,2,0,2,0,0,0,0,0,0,0,0,0,0,0,0,1,0,1,0,0,1,0,0,0,0,0,0,0,0,0,0,0,0,0,621,0,0,621,0,0,0,0,0,0,0,0,0,0,0,0,248,0,248,869,0,0,248,0,0,0,0,0,0,0,130,710,0,0,0,0,0,29,0,0,869,0,0,0,0,0,0,0,0,0,0,0,0,1,4.19843724882306
Ocilla Police Department,1979-07-01,Georgia,3001,GA07701,0,0,0,3,2,0,5,0,0,0,0,1,0,0,0,0,0,1,1,0,0,1,0,0,0,0,0,0,0,1,0,0,0,0,0,0,0,0,890,365,0,1255,0,0,0,0,0,0,0,0,0,0,0,13,0,0,13,1268,0,0,0,0,0,0,0,13,0,0,21,1234,0,0,0,0,0,13,0,0,1268,0,0,995,0,0,0,0,0,13,0,0,1008,1,4.19843724882306
Ocilla Police Department,1979-06-01,Georgia,3001,GA07701,0,0,0,2,3,0,5,0,0,0,0,0,0,0,0,0,0,0,0,0,0,0,0,0,0,0,0,0,0,0,0,0,0,0,0,0,0,0,6121,802,0,6923,0,0,0,0,0,0,0,0,0,0,0,0,0,0,0,6923,0,0,0,0,0,0,0,0,0,0,0,6923,0,0,0,0,0,0,0,0,6923,0,0,5458,0,0,0,0,0,0,0,0,5458,1,4.19843724882306
Ocilla Police Department,1979-05-01,Georgia,3001,GA07701,2,0,0,1,0,0,3,0,0,0,0,0,0,0,0,0,0,0,0,0,0,0,0,0,0,0,0,0,0,0,0,0,0,0,0,0,1600,0,0,206,0,1805,0,0,0,0,0,0,0,0,0,0,0,0,0,0,0,1805,0,0,0,0,0,0,0,0,0,0,25,1045,0,0,0,0,0,0,0,735,1805,0,0,0,0,0,0,0,0,0,0,0,0,1,4.19843724882306
Ocilla Police Department,1979-04-01,Georgia,3001,GA07701,0,1,0,0,0,0,1,0,0,0,0,0,0,0,0,0,0,0,1,1,0,2,0,0,0,0,0,0,0,0,2,0,0,0,0,3989,0,0,0,0,0,3989,0,0,0,0,0,0,0,0,0,0,0,0,374,0,374,4362,0,0,0,0,0,0,0,0,374,0,0,479,0,0,0,0,0,0,0,3884,4362,0,0,0,0,0,0,0,0,0,0,0,0,1,4.19843724882306
Ocilla Police Department,1979-03-01,Georgia,3001,GA07701,0,0,0,0,0,0,0,0,0,0,0,0,0,0,0,0,0,0,0,0,1,1,0,0,0,0,0,0,0,0,1,0,0,0,0,0,0,0,0,0,0,0,0,0,0,0,0,0,0,0,0,0,0,0,0,3779,3779,3779,0,0,0,0,0,0,0,0,3779,0,0,0,0,0,0,0,0,3779,0,0,3779,0,0,0,0,0,0,0,0,0,0,0,0,1,4.19843724882306
Ocilla Police Department,1979-02-01,Georgia,3001,GA07701,0,0,0,3,3,0,6,0,0,0,0,0,0,0,2,0,0,2,0,0,2,2,0,0,0,1,0,0,0,0,1,0,0,0,0,0,0,0,1511,2124,0,3636,0,0,0,0,0,0,0,64824,0,0,64824,0,0,114105,114105,182565,0,0,0,999,0,0,0,0,113106,0,630,3002,168,1260,176271,0,0,823,0,411,182565,0,0,1847,0,0,63333,0,0,155,0,80,65416,1,4.19843724882306
Ocilla Police Department,1979-01-01,Georgia,3001,GA07701,0,0,0,0,2,0,2,0,0,0,0,1,0,0,0,0,0,1,1,1,1,3,0,0,0,0,0,0,0,1,2,0,0,0,0,0,0,0,1553,0,0,1553,0,0,0,0,168,0,0,0,0,0,168,92,390,2099,2582,4303,0,0,0,0,0,0,0,92,2490,92,0,1062,630,0,0,0,0,2519,0,0,4303,92,0,0,0,0,0,0,0,0,0,0,92,1,4.19843724882306
Ocilla Police Department,1978-12-01,Georgia,3032,GA07701,0,0,0,1,0,0,1,0,0,0,0,0,0,0,0,0,0,0,0,0,0,0,0,0,0,0,0,0,0,0,0,0,0,0,0,0,0,0,0,0,0,0,0,0,0,0,0,0,0,0,0,0,0,0,0,0,0,0,0,0,0,0,0,0,0,0,0,0,0,0,0,0,0,0,0,0,0,0,0,0,0,0,0,0,0,0,0,0,0,0,0,1,4.67094915687277
Ocilla Police Department,1978-11-01,Georgia,3032,GA07701,0,2,0,1,2,0,5,0,0,0,0,0,0,0,0,0,0,0,0,0,0,0,0,0,0,0,0,0,0,0,0,0,0,0,0,3550,0,0,1028,0,0,4578,0,0,0,0,0,0,0,0,0,0,0,0,0,0,0,4578,0,0,0,0,0,0,0,0,0,934,677,374,0,2335,0,0,0,257,0,0,4578,0,0,0,0,0,0,0,0,0,0,0,0,1,4.67094915687277
Ocilla Police Department,1978-10-01,Georgia,3032,GA07701,0,0,0,3,4,0,7,0,0,0,0,0,0,0,0,0,0,0,0,5,3,8,0,1,0,3,0,0,0,0,4,0,0,0,0,0,0,0,2163,1831,0,3994,0,0,0,0,0,0,0,0,0,0,0,0,2653,3130,5783,9776,0,607,0,2550,0,0,0,0,2625,0,0,850,3270,0,0,0,0,5657,0,0,9776,0,0,0,0,0,0,0,0,0,0,0,0,1,4.67094915687277
Ocilla Police Department,1978-09-01,Georgia,3032,GA07701,0,0,0,1,0,0,1,1,0,0,0,0,0,0,0,0,0,0,1,0,2,3,2,0,0,1,0,0,0,0,0,1,0,1,0,0,0,0,0,187,0,187,6049,0,0,0,0,0,0,0,0,0,0,168,0,1976,2144,8380,1102,0,0,1042,0,0,0,0,0,0,0,0,0,0,0,0,6049,2331,0,0,8380,0,0,0,0,0,0,0,6049,0,0,0,6049,1,4.67094915687277
Ocilla Police Department,1978-08-01,Georgia,3032,GA07701,1,1,0,2,0,0,4,0,0,0,0,0,0,0,0,0,1,1,4,0,1,5,0,0,0,0,0,0,0,1,4,0,0,0,0,701,187,0,0,911,0,1798,0,0,0,0,0,0,0,0,0,2803,2803,537,0,2167,2704,7305,0,0,0,0,0,0,0,93,2611,0,490,6324,0,0,0,0,0,490,0,0,7305,0,0,0,0,0,0,0,0,93,0,0,93,1,4.67094915687277
Ocilla Police Department,1978-07-01,Georgia,3032,GA07701,1,1,0,1,1,0,4,2,0,0,0,0,0,0,0,0,0,0,0,2,0,2,0,0,0,1,0,0,0,0,1,1,0,1,0,0,0,0,0,0,0,0,24289,0,0,0,0,0,0,0,0,0,0,0,1214,0,1214,25503,0,0,0,514,0,0,0,0,701,0,0,0,0,0,0,0,24289,701,0,514,25503,0,0,0,0,0,0,0,5605,0,0,0,5605,1,4.67094915687277
Ocilla Police Department,1978-06-01,Georgia,3032,GA07701,0,1,0,1,0,0,2,0,0,0,0,0,0,0,0,0,0,0,2,2,1,5,0,0,1,0,0,0,0,0,4,0,0,0,0,0,0,0,0,0,0,0,0,0,0,0,0,0,0,0,0,0,0,182,841,934,1957,1957,0,0,140,0,0,0,0,0,1817,0,280,1023,0,0,0,0,0,654,0,0,1957,0,0,603,0,0,0,0,0,0,0,0,603,1,4.67094915687277
Ocilla Police Department,1978-05-01,Georgia,3032,GA07701,0,2,0,0,0,0,2,1,0,0,0,0,0,0,0,0,0,0,1,1,2,4,0,0,0,0,0,0,0,1,3,1,0,1,0,1541,0,0,0,0,0,1541,9342,0,0,0,0,0,0,0,0,0,0,33,701,3316,4050,14933,0,0,0,0,0,0,0,33,4017,33,0,140,467,701,934,0,9342,3316,0,0,14933,33,0,0,467,701,0,0,9342,0,0,0,10542,1,4.67094915687277
Ocilla Police Department,1978-04-01,Georgia,3032,GA07701,0,0,0,1,1,0,2,0,0,0,0,0,0,0,0,0,0,0,2,1,0,3,3,0,0,0,0,0,0,0,0,0,0,0,0,0,0,0,93,19,0,112,0,0,0,0,0,0,0,0,0,0,0,28,290,0,318,430,318,0,0,0,0,0,0,0,0,0,5,14,0,0,0,0,0,411,0,0,430,0,0,0,0,0,0,0,0,28,0,0,28,1,4.67094915687277
Ocilla Police Department,1978-03-01,Georgia,3032,GA07701,0,0,0,0,0,0,0,0,0,0,0,0,0,0,0,0,0,0,0,0,0,0,0,0,0,0,0,0,0,0,0,0,0,0,0,0,0,0,0,0,0,0,0,0,0,0,0,0,0,0,0,0,0,0,0,0,0,0,0,0,0,0,0,0,0,0,0,0,0,0,0,0,0,0,0,0,0,0,0,0,0,0,0,0,0,0,0,0,0,0,0,1,4.67094915687277
Ocilla Police Department,1978-02-01,Georgia,3032,GA07701,0,0,0,0,1,0,1,1,0,0,0,0,0,0,0,0,0,0,0,0,0,0,0,0,0,0,0,0,0,0,0,1,0,1,0,0,0,0,2569,0,0,2569,107432,0,0,0,0,0,0,0,0,0,0,0,0,0,0,110001,0,0,0,0,0,0,0,0,0,0,0,0,0,0,0,0,110001,0,0,0,110001,0,0,0,0,0,0,0,110001,0,0,0,110001,1,4.67094915687277
Ocilla Police Department,1978-01-01,Georgia,3032,GA07701,0,0,0,0,2,0,2,0,0,0,0,0,0,0,0,0,0,0,2,1,1,4,0,0,0,1,0,1,1,1,0,0,0,0,0,0,0,0,4587,0,0,4587,0,0,0,0,0,0,0,0,0,0,0,224,467,1331,2023,6609,0,0,0,467,0,107,1331,117,0,0,266,1742,607,0,1868,0,0,2125,0,0,6609,0,117,0,0,0,0,0,0,0,0,0,117,1,4.67094915687277
Ocilla Police Department,1977-12-01,Georgia,3200,GA07701,0,0,0,1,0,0,1,1,1,0,0,0,0,0,0,0,0,0,1,1,4,6,0,0,0,4,0,0,0,0,2,1,0,1,0,0,0,0,0,0,0,0,5027,0,0,0,0,0,0,0,0,0,0,166,251,3771,4188,9215,0,0,0,2931,0,0,0,0,1257,0,0,1347,2765,0,0,0,5027,75,0,0,9215,0,0,0,0,0,0,0,5027,0,0,0,5027,1,5.02738759796508
Ocilla Police Department,1977-11-01,Georgia,3200,GA07701,0,0,0,0,1,0,1,0,0,0,0,0,0,0,0,0,0,0,0,0,0,0,0,0,0,0,0,0,0,0,0,0,0,0,0,0,0,0,352,0,0,352,0,0,0,0,0,0,0,0,0,0,0,0,0,0,0,352,0,0,0,0,0,0,0,0,0,0,0,0,352,0,0,0,0,0,0,0,352,0,0,0,352,0,0,0,0,0,0,0,352,1,5.02738759796508
Ocilla Police Department,1977-10-01,Georgia,3200,GA07701,1,1,1,1,0,0,4,1,0,0,0,0,0,0,0,0,0,0,0,0,0,0,0,0,0,0,0,0,0,0,0,1,0,1,0,503,0,12568,0,30,0,13101,33181,0,0,0,0,0,0,0,0,0,0,0,0,0,0,46282,0,0,0,0,0,0,0,0,0,0,0,533,0,12568,0,0,33181,0,0,0,46282,0,0,0,0,0,0,0,33181,0,0,0,33181,1,5.02738759796508
Ocilla Police Department,1977-09-01,Georgia,3200,GA07701,0,0,0,0,1,0,1,0,0,0,0,0,0,0,0,0,0,0,2,2,1,5,1,0,1,3,0,0,0,0,0,0,0,0,0,0,0,0,2338,0,0,2338,0,0,0,0,0,0,0,0,0,0,0,131,1156,1146,2433,4771,1146,0,15,1272,0,0,0,0,0,0,0,1036,754,0,377,0,0,1171,302,1131,4771,0,0,0,0,0,0,0,0,0,0,0,0,1,5.02738759796508
Ocilla Police Department,1977-08-01,Georgia,3200,GA07701,0,0,0,1,1,0,2,0,0,0,0,0,0,0,0,0,0,0,0,0,1,1,0,0,0,1,0,0,0,0,0,0,0,0,0,0,0,0,503,0,0,503,0,0,0,0,0,0,0,0,0,0,0,0,0,1508,1508,2011,0,0,0,1508,0,0,0,0,0,0,0,2011,0,0,0,0,0,0,0,0,2011,0,0,0,0,0,0,0,0,0,0,0,0,1,5.02738759796508
Ocilla Police Department,1977-07-01,Georgia,3200,GA07701,0,0,0,0,0,0,0,0,0,0,0,0,0,0,0,0,0,0,0,1,0,1,1,0,0,0,0,0,0,0,0,0,0,0,0,0,0,0,0,0,0,0,0,0,0,0,0,0,0,0,0,0,0,0,679,0,679,679,679,0,0,0,0,0,0,0,0,0,0,0,0,0,0,0,0,0,0,679,679,0,0,0,0,0,0,0,0,0,0,0,0,1,5.02738759796508
Ocilla Police Department,1977-06-01,Georgia,3200,GA07701,0,0,0,0,0,0,0,0,0,0,0,0,0,0,0,0,0,0,0,1,2,3,0,0,0,1,1,0,0,0,1,0,0,0,0,0,0,0,0,0,0,0,0,0,0,0,0,0,0,0,0,0,0,0,603,2423,3026,3026,0,0,0,1005,603,0,0,0,1418,0,0,0,0,0,603,0,0,2423,0,0,3026,0,0,0,0,0,603,0,0,0,0,0,603,1,5.02738759796508
Ocilla Police Department,1977-05-01,Georgia,3200,GA07701,0,0,0,0,0,1,1,0,0,0,0,0,0,0,0,0,0,0,0,0,0,0,0,0,0,0,0,0,0,0,0,0,0,0,0,0,0,0,0,0,5781,5781,0,0,0,0,0,0,0,0,0,0,0,0,0,0,0,5781,0,0,0,0,0,0,0,0,0,0,0,5027,754,0,0,0,0,0,0,0,5781,0,0,0,0,0,0,0,0,0,0,0,0,1,5.02738759796508
Ocilla Police Department,1977-04-01,Georgia,3200,GA07701,0,1,0,1,0,0,2,0,1,0,0,0,0,0,0,0,0,0,0,0,0,0,0,0,0,0,0,0,0,0,0,0,0,0,0,377,0,0,0,749,0,1126,0,0,0,0,0,0,0,0,0,0,0,0,0,0,0,1126,0,0,0,0,0,0,0,0,0,0,0,0,0,0,0,0,0,377,749,0,1126,0,0,0,0,0,0,0,0,0,0,0,0,1,5.02738759796508
Ocilla Police Department,1977-03-01,Georgia,3200,GA07701,1,1,0,0,0,0,2,0,0,0,0,0,0,0,0,0,0,0,1,1,1,3,2,0,0,0,0,0,0,0,1,0,0,0,0,0,246,0,0,0,0,246,0,0,0,0,0,0,0,0,0,0,0,126,277,2514,2916,3162,2639,0,0,0,0,0,0,0,277,0,0,277,0,0,0,0,0,2639,0,246,3162,0,0,0,0,0,0,0,0,126,0,0,126,1,5.02738759796508
Ocilla Police Department,1977-02-01,Georgia,3200,GA07701,0,1,0,4,1,0,6,0,0,0,0,0,0,0,0,0,0,0,0,2,0,2,0,1,0,0,0,0,0,0,1,0,0,0,0,0,0,0,1624,25851,0,27475,0,0,0,0,0,0,0,0,0,0,0,0,1131,0,1131,28606,0,503,0,0,0,0,0,0,628,0,0,1750,0,0,0,0,0,1131,0,25725,28606,0,0,0,0,0,0,0,0,0,0,0,0,1,5.02738759796508
Ocilla Police Department,1977-01-01,Georgia,3200,GA07701,0,1,0,1,0,0,2,0,0,0,0,0,0,0,0,0,0,0,1,0,3,4,0,0,0,2,0,0,0,0,2,0,0,0,0,106,0,0,0,1558,0,1664,0,0,0,0,0,0,0,0,0,0,0,101,0,133869,133970,135634,0,0,0,3258,0,0,0,0,130712,0,0,835,2589,1398,130712,0,0,101,0,0,135634,0,0,0,0,0,0,0,0,0,0,0,0,1,5.02738759796508
Ocilla Police Department,1976-12-01,Georgia,,GA07701,,,,,,,,,,,,,,,,,,,,,,,,,,,,,,,,,,,,,,,,,,,,,,,,,,,,,,,,,,,,,,,,,,,,,,,,,,,,,,,,,,,,,,,,,,,,,
Ocilla Police Department,1976-11-01,Georgia,,GA07701,,,,,,,,,,,,,,,,,,,,,,,,,,,,,,,,,,,,,,,,,,,,,,,,,,,,,,,,,,,,,,,,,,,,,,,,,,,,,,,,,,,,,,,,,,,,,
Ocilla Police Department,1976-10-01,Georgia,,GA07701,,,,,,,,,,,,,,,,,,,,,,,,,,,,,,,,,,,,,,,,,,,,,,,,,,,,,,,,,,,,,,,,,,,,,,,,,,,,,,,,,,,,,,,,,,,,,
Ocilla Police Department,1976-09-01,Georgia,,GA07701,,,,,,,,,,,,,,,,,,,,,,,,,,,,,,,,,,,,,,,,,,,,,,,,,,,,,,,,,,,,,,,,,,,,,,,,,,,,,,,,,,,,,,,,,,,,,
Ocilla Police Department,1976-08-01,Georgia,,GA07701,,,,,,,,,,,,,,,,,,,,,,,,,,,,,,,,,,,,,,,,,,,,,,,,,,,,,,,,,,,,,,,,,,,,,,,,,,,,,,,,,,,,,,,,,,,,,
Ocilla Police Department,1976-07-01,Georgia,,GA07701,,,,,,,,,,,,,,,,,,,,,,,,,,,,,,,,,,,,,,,,,,,,,,,,,,,,,,,,,,,,,,,,,,,,,,,,,,,,,,,,,,,,,,,,,,,,,
Ocilla Police Department,1976-06-01,Georgia,,GA07701,,,,,,,,,,,,,,,,,,,,,,,,,,,,,,,,,,,,,,,,,,,,,,,,,,,,,,,,,,,,,,,,,,,,,,,,,,,,,,,,,,,,,,,,,,,,,
Ocilla Police Department,1976-05-01,Georgia,,GA07701,,,,,,,,,,,,,,,,,,,,,,,,,,,,,,,,,,,,,,,,,,,,,,,,,,,,,,,,,,,,,,,,,,,,,,,,,,,,,,,,,,,,,,,,,,,,,
Ocilla Police Department,1976-04-01,Georgia,,GA07701,,,,,,,,,,,,,,,,,,,,,,,,,,,,,,,,,,,,,,,,,,,,,,,,,,,,,,,,,,,,,,,,,,,,,,,,,,,,,,,,,,,,,,,,,,,,,
Ocilla Police Department,1976-03-01,Georgia,,GA07701,,,,,,,,,,,,,,,,,,,,,,,,,,,,,,,,,,,,,,,,,,,,,,,,,,,,,,,,,,,,,,,,,,,,,,,,,,,,,,,,,,,,,,,,,,,,,
Ocilla Police Department,1976-02-01,Georgia,,GA07701,,,,,,,,,,,,,,,,,,,,,,,,,,,,,,,,,,,,,,,,,,,,,,,,,,,,,,,,,,,,,,,,,,,,,,,,,,,,,,,,,,,,,,,,,,,,,
Ocilla Police Department,1976-01-01,Georgia,,GA07701,,,,,,,,,,,,,,,,,,,,,,,,,,,,,,,,,,,,,,,,,,,,,,,,,,,,,,,,,,,,,,,,,,,,,,,,,,,,,,,,,,,,,,,,,,,,,
Ocilla Police Department,1975-12-01,Georgia,,GA07701,,,,,,,,,,,,,,,,,,,,,,,,,,,,,,,,,,,,,,,,,,,,,,,,,,,,,,,,,,,,,,,,,,,,,,,,,,,,,,,,,,,,,,,,,,,,,
Ocilla Police Department,1975-11-01,Georgia,,GA07701,,,,,,,,,,,,,,,,,,,,,,,,,,,,,,,,,,,,,,,,,,,,,,,,,,,,,,,,,,,,,,,,,,,,,,,,,,,,,,,,,,,,,,,,,,,,,
Ocilla Police Department,1975-10-01,Georgia,,GA07701,,,,,,,,,,,,,,,,,,,,,,,,,,,,,,,,,,,,,,,,,,,,,,,,,,,,,,,,,,,,,,,,,,,,,,,,,,,,,,,,,,,,,,,,,,,,,
Ocilla Police Department,1975-09-01,Georgia,,GA07701,,,,,,,,,,,,,,,,,,,,,,,,,,,,,,,,,,,,,,,,,,,,,,,,,,,,,,,,,,,,,,,,,,,,,,,,,,,,,,,,,,,,,,,,,,,,,
Ocilla Police Department,1975-08-01,Georgia,,GA07701,,,,,,,,,,,,,,,,,,,,,,,,,,,,,,,,,,,,,,,,,,,,,,,,,,,,,,,,,,,,,,,,,,,,,,,,,,,,,,,,,,,,,,,,,,,,,
Ocilla Police Department,1975-07-01,Georgia,,GA07701,,,,,,,,,,,,,,,,,,,,,,,,,,,,,,,,,,,,,,,,,,,,,,,,,,,,,,,,,,,,,,,,,,,,,,,,,,,,,,,,,,,,,,,,,,,,,
Ocilla Police Department,1975-06-01,Georgia,,GA07701,,,,,,,,,,,,,,,,,,,,,,,,,,,,,,,,,,,,,,,,,,,,,,,,,,,,,,,,,,,,,,,,,,,,,,,,,,,,,,,,,,,,,,,,,,,,,
Ocilla Police Department,1975-05-01,Georgia,,GA07701,,,,,,,,,,,,,,,,,,,,,,,,,,,,,,,,,,,,,,,,,,,,,,,,,,,,,,,,,,,,,,,,,,,,,,,,,,,,,,,,,,,,,,,,,,,,,
Ocilla Police Department,1975-04-01,Georgia,,GA07701,,,,,,,,,,,,,,,,,,,,,,,,,,,,,,,,,,,,,,,,,,,,,,,,,,,,,,,,,,,,,,,,,,,,,,,,,,,,,,,,,,,,,,,,,,,,,
Ocilla Police Department,1975-03-01,Georgia,,GA07701,,,,,,,,,,,,,,,,,,,,,,,,,,,,,,,,,,,,,,,,,,,,,,,,,,,,,,,,,,,,,,,,,,,,,,,,,,,,,,,,,,,,,,,,,,,,,
Ocilla Police Department,1975-02-01,Georgia,,GA07701,,,,,,,,,,,,,,,,,,,,,,,,,,,,,,,,,,,,,,,,,,,,,,,,,,,,,,,,,,,,,,,,,,,,,,,,,,,,,,,,,,,,,,,,,,,,,
Ocilla Police Department,1975-01-01,Georgia,,GA07701,,,,,,,,,,,,,,,,,,,,,,,,,,,,,,,,,,,,,,,,,,,,,,,,,,,,,,,,,,,,,,,,,,,,,,,,,,,,,,,,,,,,,,,,,,,,,
Ocilla Police Department,1974-12-01,Georgia,,GA07701,,,,,,,,,,,,,,,,,,,,,,,,,,,,,,,,,,,,,,,,,,,,,,,,,,,,,,,,,,,,,,,,,,,,,,,,,,,,,,,,,,,,,,,,,,,,,
Ocilla Police Department,1974-11-01,Georgia,,GA07701,,,,,,,,,,,,,,,,,,,,,,,,,,,,,,,,,,,,,,,,,,,,,,,,,,,,,,,,,,,,,,,,,,,,,,,,,,,,,,,,,,,,,,,,,,,,,
Ocilla Police Department,1974-10-01,Georgia,,GA07701,,,,,,,,,,,,,,,,,,,,,,,,,,,,,,,,,,,,,,,,,,,,,,,,,,,,,,,,,,,,,,,,,,,,,,,,,,,,,,,,,,,,,,,,,,,,,
Ocilla Police Department,1974-09-01,Georgia,,GA07701,,,,,,,,,,,,,,,,,,,,,,,,,,,,,,,,,,,,,,,,,,,,,,,,,,,,,,,,,,,,,,,,,,,,,,,,,,,,,,,,,,,,,,,,,,,,,
Ocilla Police Department,1974-08-01,Georgia,,GA07701,,,,,,,,,,,,,,,,,,,,,,,,,,,,,,,,,,,,,,,,,,,,,,,,,,,,,,,,,,,,,,,,,,,,,,,,,,,,,,,,,,,,,,,,,,,,,
Ocilla Police Department,1974-07-01,Georgia,,GA07701,,,,,,,,,,,,,,,,,,,,,,,,,,,,,,,,,,,,,,,,,,,,,,,,,,,,,,,,,,,,,,,,,,,,,,,,,,,,,,,,,,,,,,,,,,,,,
Ocilla Police Department,1974-06-01,Georgia,,GA07701,,,,,,,,,,,,,,,,,,,,,,,,,,,,,,,,,,,,,,,,,,,,,,,,,,,,,,,,,,,,,,,,,,,,,,,,,,,,,,,,,,,,,,,,,,,,,
Ocilla Police Department,1974-05-01,Georgia,,GA07701,,,,,,,,,,,,,,,,,,,,,,,,,,,,,,,,,,,,,,,,,,,,,,,,,,,,,,,,,,,,,,,,,,,,,,,,,,,,,,,,,,,,,,,,,,,,,
Ocilla Police Department,1974-04-01,Georgia,,GA07701,,,,,,,,,,,,,,,,,,,,,,,,,,,,,,,,,,,,,,,,,,,,,,,,,,,,,,,,,,,,,,,,,,,,,,,,,,,,,,,,,,,,,,,,,,,,,
Ocilla Police Department,1974-03-01,Georgia,,GA07701,,,,,,,,,,,,,,,,,,,,,,,,,,,,,,,,,,,,,,,,,,,,,,,,,,,,,,,,,,,,,,,,,,,,,,,,,,,,,,,,,,,,,,,,,,,,,
Ocilla Police Department,1974-02-01,Georgia,,GA07701,,,,,,,,,,,,,,,,,,,,,,,,,,,,,,,,,,,,,,,,,,,,,,,,,,,,,,,,,,,,,,,,,,,,,,,,,,,,,,,,,,,,,,,,,,,,,
Ocilla Police Department,1974-01-01,Georgia,,GA07701,,,,,,,,,,,,,,,,,,,,,,,,,,,,,,,,,,,,,,,,,,,,,,,,,,,,,,,,,,,,,,,,,,,,,,,,,,,,,,,,,,,,,,,,,,,,,
Ocilla Police Department,1973-12-01,Georgia,,GA07701,,,,,,,,,,,,,,,,,,,,,,,,,,,,,,,,,,,,,,,,,,,,,,,,,,,,,,,,,,,,,,,,,,,,,,,,,,,,,,,,,,,,,,,,,,,,,
Ocilla Police Department,1973-11-01,Georgia,,GA07701,,,,,,,,,,,,,,,,,,,,,,,,,,,,,,,,,,,,,,,,,,,,,,,,,,,,,,,,,,,,,,,,,,,,,,,,,,,,,,,,,,,,,,,,,,,,,
Ocilla Police Department,1973-10-01,Georgia,,GA07701,,,,,,,,,,,,,,,,,,,,,,,,,,,,,,,,,,,,,,,,,,,,,,,,,,,,,,,,,,,,,,,,,,,,,,,,,,,,,,,,,,,,,,,,,,,,,
Ocilla Police Department,1973-09-01,Georgia,,GA07701,,,,,,,,,,,,,,,,,,,,,,,,,,,,,,,,,,,,,,,,,,,,,,,,,,,,,,,,,,,,,,,,,,,,,,,,,,,,,,,,,,,,,,,,,,,,,
Ocilla Police Department,1973-08-01,Georgia,,GA07701,,,,,,,,,,,,,,,,,,,,,,,,,,,,,,,,,,,,,,,,,,,,,,,,,,,,,,,,,,,,,,,,,,,,,,,,,,,,,,,,,,,,,,,,,,,,,
Ocilla Police Department,1973-07-01,Georgia,,GA07701,,,,,,,,,,,,,,,,,,,,,,,,,,,,,,,,,,,,,,,,,,,,,,,,,,,,,,,,,,,,,,,,,,,,,,,,,,,,,,,,,,,,,,,,,,,,,
Ocilla Police Department,1973-06-01,Georgia,,GA07701,,,,,,,,,,,,,,,,,,,,,,,,,,,,,,,,,,,,,,,,,,,,,,,,,,,,,,,,,,,,,,,,,,,,,,,,,,,,,,,,,,,,,,,,,,,,,
Ocilla Police Department,1973-05-01,Georgia,,GA07701,,,,,,,,,,,,,,,,,,,,,,,,,,,,,,,,,,,,,,,,,,,,,,,,,,,,,,,,,,,,,,,,,,,,,,,,,,,,,,,,,,,,,,,,,,,,,
Ocilla Police Department,1973-04-01,Georgia,,GA07701,,,,,,,,,,,,,,,,,,,,,,,,,,,,,,,,,,,,,,,,,,,,,,,,,,,,,,,,,,,,,,,,,,,,,,,,,,,,,,,,,,,,,,,,,,,,,
Ocilla Police Department,1973-03-01,Georgia,,GA07701,,,,,,,,,,,,,,,,,,,,,,,,,,,,,,,,,,,,,,,,,,,,,,,,,,,,,,,,,,,,,,,,,,,,,,,,,,,,,,,,,,,,,,,,,,,,,
Ocilla Police Department,1973-02-01,Georgia,,GA07701,,,,,,,,,,,,,,,,,,,,,,,,,,,,,,,,,,,,,,,,,,,,,,,,,,,,,,,,,,,,,,,,,,,,,,,,,,,,,,,,,,,,,,,,,,,,,
Ocilla Police Department,1973-01-01,Georgia,,GA07701,,,,,,,,,,,,,,,,,,,,,,,,,,,,,,,,,,,,,,,,,,,,,,,,,,,,,,,,,,,,,,,,,,,,,,,,,,,,,,,,,,,,,,,,,,,,,
Ocilla Police Department,1972-12-01,Georgia,,GA07701,,,,,,,,,,,,,,,,,,,,,,,,,,,,,,,,,,,,,,,,,,,,,,,,,,,,,,,,,,,,,,,,,,,,,,,,,,,,,,,,,,,,,,,,,,,,,
Ocilla Police Department,1972-11-01,Georgia,,GA07701,,,,,,,,,,,,,,,,,,,,,,,,,,,,,,,,,,,,,,,,,,,,,,,,,,,,,,,,,,,,,,,,,,,,,,,,,,,,,,,,,,,,,,,,,,,,,
Ocilla Police Department,1972-10-01,Georgia,,GA07701,,,,,,,,,,,,,,,,,,,,,,,,,,,,,,,,,,,,,,,,,,,,,,,,,,,,,,,,,,,,,,,,,,,,,,,,,,,,,,,,,,,,,,,,,,,,,
Ocilla Police Department,1972-09-01,Georgia,,GA07701,,,,,,,,,,,,,,,,,,,,,,,,,,,,,,,,,,,,,,,,,,,,,,,,,,,,,,,,,,,,,,,,,,,,,,,,,,,,,,,,,,,,,,,,,,,,,
Ocilla Police Department,1972-08-01,Georgia,,GA07701,,,,,,,,,,,,,,,,,,,,,,,,,,,,,,,,,,,,,,,,,,,,,,,,,,,,,,,,,,,,,,,,,,,,,,,,,,,,,,,,,,,,,,,,,,,,,
Ocilla Police Department,1972-07-01,Georgia,,GA07701,,,,,,,,,,,,,,,,,,,,,,,,,,,,,,,,,,,,,,,,,,,,,,,,,,,,,,,,,,,,,,,,,,,,,,,,,,,,,,,,,,,,,,,,,,,,,
Ocilla Police Department,1972-06-01,Georgia,,GA07701,,,,,,,,,,,,,,,,,,,,,,,,,,,,,,,,,,,,,,,,,,,,,,,,,,,,,,,,,,,,,,,,,,,,,,,,,,,,,,,,,,,,,,,,,,,,,
Ocilla Police Department,1972-05-01,Georgia,,GA07701,,,,,,,,,,,,,,,,,,,,,,,,,,,,,,,,,,,,,,,,,,,,,,,,,,,,,,,,,,,,,,,,,,,,,,,,,,,,,,,,,,,,,,,,,,,,,
Ocilla Police Department,1972-04-01,Georgia,,GA07701,,,,,,,,,,,,,,,,,,,,,,,,,,,,,,,,,,,,,,,,,,,,,,,,,,,,,,,,,,,,,,,,,,,,,,,,,,,,,,,,,,,,,,,,,,,,,
Ocilla Police Department,1972-03-01,Georgia,,GA07701,,,,,,,,,,,,,,,,,,,,,,,,,,,,,,,,,,,,,,,,,,,,,,,,,,,,,,,,,,,,,,,,,,,,,,,,,,,,,,,,,,,,,,,,,,,,,
Ocilla Police Department,1972-02-01,Georgia,,GA07701,,,,,,,,,,,,,,,,,,,,,,,,,,,,,,,,,,,,,,,,,,,,,,,,,,,,,,,,,,,,,,,,,,,,,,,,,,,,,,,,,,,,,,,,,,,,,
Ocilla Police Department,1972-01-01,Georgia,,GA07701,,,,,,,,,,,,,,,,,,,,,,,,,,,,,,,,,,,,,,,,,,,,,,,,,,,,,,,,,,,,,,,,,,,,,,,,,,,,,,,,,,,,,,,,,,,,,
Ocilla Police Department,1971-12-01,Georgia,,GA07701,,,,,,,,,,,,,,,,,,,,,,,,,,,,,,,,,,,,,,,,,,,,,,,,,,,,,,,,,,,,,,,,,,,,,,,,,,,,,,,,,,,,,,,,,,,,,
Ocilla Police Department,1971-11-01,Georgia,,GA07701,,,,,,,,,,,,,,,,,,,,,,,,,,,,,,,,,,,,,,,,,,,,,,,,,,,,,,,,,,,,,,,,,,,,,,,,,,,,,,,,,,,,,,,,,,,,,
Ocilla Police Department,1971-10-01,Georgia,,GA07701,,,,,,,,,,,,,,,,,,,,,,,,,,,,,,,,,,,,,,,,,,,,,,,,,,,,,,,,,,,,,,,,,,,,,,,,,,,,,,,,,,,,,,,,,,,,,
Ocilla Police Department,1971-09-01,Georgia,,GA07701,,,,,,,,,,,,,,,,,,,,,,,,,,,,,,,,,,,,,,,,,,,,,,,,,,,,,,,,,,,,,,,,,,,,,,,,,,,,,,,,,,,,,,,,,,,,,
Ocilla Police Department,1971-08-01,Georgia,,GA07701,,,,,,,,,,,,,,,,,,,,,,,,,,,,,,,,,,,,,,,,,,,,,,,,,,,,,,,,,,,,,,,,,,,,,,,,,,,,,,,,,,,,,,,,,,,,,
Ocilla Police Department,1971-07-01,Georgia,,GA07701,,,,,,,,,,,,,,,,,,,,,,,,,,,,,,,,,,,,,,,,,,,,,,,,,,,,,,,,,,,,,,,,,,,,,,,,,,,,,,,,,,,,,,,,,,,,,
Ocilla Police Department,1971-06-01,Georgia,,GA07701,,,,,,,,,,,,,,,,,,,,,,,,,,,,,,,,,,,,,,,,,,,,,,,,,,,,,,,,,,,,,,,,,,,,,,,,,,,,,,,,,,,,,,,,,,,,,
Ocilla Police Department,1971-05-01,Georgia,,GA07701,,,,,,,,,,,,,,,,,,,,,,,,,,,,,,,,,,,,,,,,,,,,,,,,,,,,,,,,,,,,,,,,,,,,,,,,,,,,,,,,,,,,,,,,,,,,,
Ocilla Police Department,1971-04-01,Georgia,,GA07701,,,,,,,,,,,,,,,,,,,,,,,,,,,,,,,,,,,,,,,,,,,,,,,,,,,,,,,,,,,,,,,,,,,,,,,,,,,,,,,,,,,,,,,,,,,,,
Ocilla Police Department,1971-03-01,Georgia,,GA07701,,,,,,,,,,,,,,,,,,,,,,,,,,,,,,,,,,,,,,,,,,,,,,,,,,,,,,,,,,,,,,,,,,,,,,,,,,,,,,,,,,,,,,,,,,,,,
Ocilla Police Department,1971-02-01,Georgia,,GA07701,,,,,,,,,,,,,,,,,,,,,,,,,,,,,,,,,,,,,,,,,,,,,,,,,,,,,,,,,,,,,,,,,,,,,,,,,,,,,,,,,,,,,,,,,,,,,
Ocilla Police Department,1971-01-01,Georgia,,GA07701,,,,,,,,,,,,,,,,,,,,,,,,,,,,,,,,,,,,,,,,,,,,,,,,,,,,,,,,,,,,,,,,,,,,,,,,,,,,,,,,,,,,,,,,,,,,,
Ocilla Police Department,1970-12-01,Georgia,,GA07701,,,,,,,,,,,,,,,,,,,,,,,,,,,,,,,,,,,,,,,,,,,,,,,,,,,,,,,,,,,,,,,,,,,,,,,,,,,,,,,,,,,,,,,,,,,,,
Ocilla Police Department,1970-11-01,Georgia,,GA07701,,,,,,,,,,,,,,,,,,,,,,,,,,,,,,,,,,,,,,,,,,,,,,,,,,,,,,,,,,,,,,,,,,,,,,,,,,,,,,,,,,,,,,,,,,,,,
Ocilla Police Department,1970-10-01,Georgia,,GA07701,,,,,,,,,,,,,,,,,,,,,,,,,,,,,,,,,,,,,,,,,,,,,,,,,,,,,,,,,,,,,,,,,,,,,,,,,,,,,,,,,,,,,,,,,,,,,
Ocilla Police Department,1970-09-01,Georgia,,GA07701,,,,,,,,,,,,,,,,,,,,,,,,,,,,,,,,,,,,,,,,,,,,,,,,,,,,,,,,,,,,,,,,,,,,,,,,,,,,,,,,,,,,,,,,,,,,,
Ocilla Police Department,1970-08-01,Georgia,,GA07701,,,,,,,,,,,,,,,,,,,,,,,,,,,,,,,,,,,,,,,,,,,,,,,,,,,,,,,,,,,,,,,,,,,,,,,,,,,,,,,,,,,,,,,,,,,,,
Ocilla Police Department,1970-07-01,Georgia,,GA07701,,,,,,,,,,,,,,,,,,,,,,,,,,,,,,,,,,,,,,,,,,,,,,,,,,,,,,,,,,,,,,,,,,,,,,,,,,,,,,,,,,,,,,,,,,,,,
Ocilla Police Department,1970-06-01,Georgia,,GA07701,,,,,,,,,,,,,,,,,,,,,,,,,,,,,,,,,,,,,,,,,,,,,,,,,,,,,,,,,,,,,,,,,,,,,,,,,,,,,,,,,,,,,,,,,,,,,
Ocilla Police Department,1970-05-01,Georgia,,GA07701,,,,,,,,,,,,,,,,,,,,,,,,,,,,,,,,,,,,,,,,,,,,,,,,,,,,,,,,,,,,,,,,,,,,,,,,,,,,,,,,,,,,,,,,,,,,,
Ocilla Police Department,1970-04-01,Georgia,,GA07701,,,,,,,,,,,,,,,,,,,,,,,,,,,,,,,,,,,,,,,,,,,,,,,,,,,,,,,,,,,,,,,,,,,,,,,,,,,,,,,,,,,,,,,,,,,,,
Ocilla Police Department,1970-03-01,Georgia,,GA07701,,,,,,,,,,,,,,,,,,,,,,,,,,,,,,,,,,,,,,,,,,,,,,,,,,,,,,,,,,,,,,,,,,,,,,,,,,,,,,,,,,,,,,,,,,,,,
Ocilla Police Department,1970-02-01,Georgia,,GA07701,,,,,,,,,,,,,,,,,,,,,,,,,,,,,,,,,,,,,,,,,,,,,,,,,,,,,,,,,,,,,,,,,,,,,,,,,,,,,,,,,,,,,,,,,,,,,
Ocilla Police Department,1970-01-01,Georgia,,GA07701,,,,,,,,,,,,,,,,,,,,,,,,,,,,,,,,,,,,,,,,,,,,,,,,,,,,,,,,,,,,,,,,,,,,,,,,,,,,,,,,,,,,,,,,,,,,,
Ocilla Police Department,1969-12-01,Georgia,,GA07701,,,,,,,,,,,,,,,,,,,,,,,,,,,,,,,,,,,,,,,,,,,,,,,,,,,,,,,,,,,,,,,,,,,,,,,,,,,,,,,,,,,,,,,,,,,,,
Ocilla Police Department,1969-11-01,Georgia,,GA07701,,,,,,,,,,,,,,,,,,,,,,,,,,,,,,,,,,,,,,,,,,,,,,,,,,,,,,,,,,,,,,,,,,,,,,,,,,,,,,,,,,,,,,,,,,,,,
Ocilla Police Department,1969-10-01,Georgia,,GA07701,,,,,,,,,,,,,,,,,,,,,,,,,,,,,,,,,,,,,,,,,,,,,,,,,,,,,,,,,,,,,,,,,,,,,,,,,,,,,,,,,,,,,,,,,,,,,
Ocilla Police Department,1969-09-01,Georgia,,GA07701,,,,,,,,,,,,,,,,,,,,,,,,,,,,,,,,,,,,,,,,,,,,,,,,,,,,,,,,,,,,,,,,,,,,,,,,,,,,,,,,,,,,,,,,,,,,,
Ocilla Police Department,1969-08-01,Georgia,,GA07701,,,,,,,,,,,,,,,,,,,,,,,,,,,,,,,,,,,,,,,,,,,,,,,,,,,,,,,,,,,,,,,,,,,,,,,,,,,,,,,,,,,,,,,,,,,,,
Ocilla Police Department,1969-07-01,Georgia,,GA07701,,,,,,,,,,,,,,,,,,,,,,,,,,,,,,,,,,,,,,,,,,,,,,,,,,,,,,,,,,,,,,,,,,,,,,,,,,,,,,,,,,,,,,,,,,,,,
Ocilla Police Department,1969-06-01,Georgia,,GA07701,,,,,,,,,,,,,,,,,,,,,,,,,,,,,,,,,,,,,,,,,,,,,,,,,,,,,,,,,,,,,,,,,,,,,,,,,,,,,,,,,,,,,,,,,,,,,
Ocilla Police Department,1969-05-01,Georgia,,GA07701,,,,,,,,,,,,,,,,,,,,,,,,,,,,,,,,,,,,,,,,,,,,,,,,,,,,,,,,,,,,,,,,,,,,,,,,,,,,,,,,,,,,,,,,,,,,,
Ocilla Police Department,1969-04-01,Georgia,,GA07701,,,,,,,,,,,,,,,,,,,,,,,,,,,,,,,,,,,,,,,,,,,,,,,,,,,,,,,,,,,,,,,,,,,,,,,,,,,,,,,,,,,,,,,,,,,,,
Ocilla Police Department,1969-03-01,Georgia,,GA07701,,,,,,,,,,,,,,,,,,,,,,,,,,,,,,,,,,,,,,,,,,,,,,,,,,,,,,,,,,,,,,,,,,,,,,,,,,,,,,,,,,,,,,,,,,,,,
Ocilla Police Department,1969-02-01,Georgia,,GA07701,,,,,,,,,,,,,,,,,,,,,,,,,,,,,,,,,,,,,,,,,,,,,,,,,,,,,,,,,,,,,,,,,,,,,,,,,,,,,,,,,,,,,,,,,,,,,
Ocilla Police Department,1969-01-01,Georgia,,GA07701,,,,,,,,,,,,,,,,,,,,,,,,,,,,,,,,,,,,,,,,,,,,,,,,,,,,,,,,,,,,,,,,,,,,,,,,,,,,,,,,,,,,,,,,,,,,,
Ocilla Police Department,1968-12-01,Georgia,,GA07701,,,,,,,,,,,,,,,,,,,,,,,,,,,,,,,,,,,,,,,,,,,,,,,,,,,,,,,,,,,,,,,,,,,,,,,,,,,,,,,,,,,,,,,,,,,,,
Ocilla Police Department,1968-11-01,Georgia,,GA07701,,,,,,,,,,,,,,,,,,,,,,,,,,,,,,,,,,,,,,,,,,,,,,,,,,,,,,,,,,,,,,,,,,,,,,,,,,,,,,,,,,,,,,,,,,,,,
Ocilla Police Department,1968-10-01,Georgia,,GA07701,,,,,,,,,,,,,,,,,,,,,,,,,,,,,,,,,,,,,,,,,,,,,,,,,,,,,,,,,,,,,,,,,,,,,,,,,,,,,,,,,,,,,,,,,,,,,
Ocilla Police Department,1968-09-01,Georgia,,GA07701,,,,,,,,,,,,,,,,,,,,,,,,,,,,,,,,,,,,,,,,,,,,,,,,,,,,,,,,,,,,,,,,,,,,,,,,,,,,,,,,,,,,,,,,,,,,,
Ocilla Police Department,1968-08-01,Georgia,,GA07701,,,,,,,,,,,,,,,,,,,,,,,,,,,,,,,,,,,,,,,,,,,,,,,,,,,,,,,,,,,,,,,,,,,,,,,,,,,,,,,,,,,,,,,,,,,,,
Ocilla Police Department,1968-07-01,Georgia,,GA07701,,,,,,,,,,,,,,,,,,,,,,,,,,,,,,,,,,,,,,,,,,,,,,,,,,,,,,,,,,,,,,,,,,,,,,,,,,,,,,,,,,,,,,,,,,,,,
Ocilla Police Department,1968-06-01,Georgia,,GA07701,,,,,,,,,,,,,,,,,,,,,,,,,,,,,,,,,,,,,,,,,,,,,,,,,,,,,,,,,,,,,,,,,,,,,,,,,,,,,,,,,,,,,,,,,,,,,
Ocilla Police Department,1968-05-01,Georgia,,GA07701,,,,,,,,,,,,,,,,,,,,,,,,,,,,,,,,,,,,,,,,,,,,,,,,,,,,,,,,,,,,,,,,,,,,,,,,,,,,,,,,,,,,,,,,,,,,,
Ocilla Police Department,1968-04-01,Georgia,,GA07701,,,,,,,,,,,,,,,,,,,,,,,,,,,,,,,,,,,,,,,,,,,,,,,,,,,,,,,,,,,,,,,,,,,,,,,,,,,,,,,,,,,,,,,,,,,,,
Ocilla Police Department,1968-03-01,Georgia,,GA07701,,,,,,,,,,,,,,,,,,,,,,,,,,,,,,,,,,,,,,,,,,,,,,,,,,,,,,,,,,,,,,,,,,,,,,,,,,,,,,,,,,,,,,,,,,,,,
Ocilla Police Department,1968-02-01,Georgia,,GA07701,,,,,,,,,,,,,,,,,,,,,,,,,,,,,,,,,,,,,,,,,,,,,,,,,,,,,,,,,,,,,,,,,,,,,,,,,,,,,,,,,,,,,,,,,,,,,
Ocilla Police Department,1968-01-01,Georgia,,GA07701,,,,,,,,,,,,,,,,,,,,,,,,,,,,,,,,,,,,,,,,,,,,,,,,,,,,,,,,,,,,,,,,,,,,,,,,,,,,,,,,,,,,,,,,,,,,,
Ocilla Police Department,1967-12-01,Georgia,,GA07701,,,,,,,,,,,,,,,,,,,,,,,,,,,,,,,,,,,,,,,,,,,,,,,,,,,,,,,,,,,,,,,,,,,,,,,,,,,,,,,,,,,,,,,,,,,,,
Ocilla Police Department,1967-11-01,Georgia,,GA07701,,,,,,,,,,,,,,,,,,,,,,,,,,,,,,,,,,,,,,,,,,,,,,,,,,,,,,,,,,,,,,,,,,,,,,,,,,,,,,,,,,,,,,,,,,,,,
Ocilla Police Department,1967-10-01,Georgia,,GA07701,,,,,,,,,,,,,,,,,,,,,,,,,,,,,,,,,,,,,,,,,,,,,,,,,,,,,,,,,,,,,,,,,,,,,,,,,,,,,,,,,,,,,,,,,,,,,
Ocilla Police Department,1967-09-01,Georgia,,GA07701,,,,,,,,,,,,,,,,,,,,,,,,,,,,,,,,,,,,,,,,,,,,,,,,,,,,,,,,,,,,,,,,,,,,,,,,,,,,,,,,,,,,,,,,,,,,,
Ocilla Police Department,1967-08-01,Georgia,,GA07701,,,,,,,,,,,,,,,,,,,,,,,,,,,,,,,,,,,,,,,,,,,,,,,,,,,,,,,,,,,,,,,,,,,,,,,,,,,,,,,,,,,,,,,,,,,,,
Ocilla Police Department,1967-07-01,Georgia,,GA07701,,,,,,,,,,,,,,,,,,,,,,,,,,,,,,,,,,,,,,,,,,,,,,,,,,,,,,,,,,,,,,,,,,,,,,,,,,,,,,,,,,,,,,,,,,,,,
Ocilla Police Department,1967-06-01,Georgia,,GA07701,,,,,,,,,,,,,,,,,,,,,,,,,,,,,,,,,,,,,,,,,,,,,,,,,,,,,,,,,,,,,,,,,,,,,,,,,,,,,,,,,,,,,,,,,,,,,
Ocilla Police Department,1967-05-01,Georgia,,GA07701,,,,,,,,,,,,,,,,,,,,,,,,,,,,,,,,,,,,,,,,,,,,,,,,,,,,,,,,,,,,,,,,,,,,,,,,,,,,,,,,,,,,,,,,,,,,,
Ocilla Police Department,1967-04-01,Georgia,,GA07701,,,,,,,,,,,,,,,,,,,,,,,,,,,,,,,,,,,,,,,,,,,,,,,,,,,,,,,,,,,,,,,,,,,,,,,,,,,,,,,,,,,,,,,,,,,,,
Ocilla Police Department,1967-03-01,Georgia,,GA07701,,,,,,,,,,,,,,,,,,,,,,,,,,,,,,,,,,,,,,,,,,,,,,,,,,,,,,,,,,,,,,,,,,,,,,,,,,,,,,,,,,,,,,,,,,,,,
Ocilla Police Department,1967-02-01,Georgia,,GA07701,,,,,,,,,,,,,,,,,,,,,,,,,,,,,,,,,,,,,,,,,,,,,,,,,,,,,,,,,,,,,,,,,,,,,,,,,,,,,,,,,,,,,,,,,,,,,
Ocilla Police Department,1967-01-01,Georgia,,GA07701,,,,,,,,,,,,,,,,,,,,,,,,,,,,,,,,,,,,,,,,,,,,,,,,,,,,,,,,,,,,,,,,,,,,,,,,,,,,,,,,,,,,,,,,,,,,,
Ocilla Police Department,1966-12-01,Georgia,,GA07701,,,,,,,,,,,,,,,,,,,,,,,,,,,,,,,,,,,,,,,,,,,,,,,,,,,,,,,,,,,,,,,,,,,,,,,,,,,,,,,,,,,,,,,,,,,,,
Ocilla Police Department,1966-11-01,Georgia,,GA07701,,,,,,,,,,,,,,,,,,,,,,,,,,,,,,,,,,,,,,,,,,,,,,,,,,,,,,,,,,,,,,,,,,,,,,,,,,,,,,,,,,,,,,,,,,,,,
Ocilla Police Department,1966-10-01,Georgia,,GA07701,,,,,,,,,,,,,,,,,,,,,,,,,,,,,,,,,,,,,,,,,,,,,,,,,,,,,,,,,,,,,,,,,,,,,,,,,,,,,,,,,,,,,,,,,,,,,
Ocilla Police Department,1966-09-01,Georgia,,GA07701,,,,,,,,,,,,,,,,,,,,,,,,,,,,,,,,,,,,,,,,,,,,,,,,,,,,,,,,,,,,,,,,,,,,,,,,,,,,,,,,,,,,,,,,,,,,,
Ocilla Police Department,1966-08-01,Georgia,,GA07701,,,,,,,,,,,,,,,,,,,,,,,,,,,,,,,,,,,,,,,,,,,,,,,,,,,,,,,,,,,,,,,,,,,,,,,,,,,,,,,,,,,,,,,,,,,,,
Ocilla Police Department,1966-07-01,Georgia,,GA07701,,,,,,,,,,,,,,,,,,,,,,,,,,,,,,,,,,,,,,,,,,,,,,,,,,,,,,,,,,,,,,,,,,,,,,,,,,,,,,,,,,,,,,,,,,,,,
Ocilla Police Department,1966-06-01,Georgia,,GA07701,,,,,,,,,,,,,,,,,,,,,,,,,,,,,,,,,,,,,,,,,,,,,,,,,,,,,,,,,,,,,,,,,,,,,,,,,,,,,,,,,,,,,,,,,,,,,
Ocilla Police Department,1966-05-01,Georgia,,GA07701,,,,,,,,,,,,,,,,,,,,,,,,,,,,,,,,,,,,,,,,,,,,,,,,,,,,,,,,,,,,,,,,,,,,,,,,,,,,,,,,,,,,,,,,,,,,,
Ocilla Police Department,1966-04-01,Georgia,,GA07701,,,,,,,,,,,,,,,,,,,,,,,,,,,,,,,,,,,,,,,,,,,,,,,,,,,,,,,,,,,,,,,,,,,,,,,,,,,,,,,,,,,,,,,,,,,,,
Ocilla Police Department,1966-03-01,Georgia,,GA07701,,,,,,,,,,,,,,,,,,,,,,,,,,,,,,,,,,,,,,,,,,,,,,,,,,,,,,,,,,,,,,,,,,,,,,,,,,,,,,,,,,,,,,,,,,,,,
Ocilla Police Department,1966-02-01,Georgia,,GA07701,,,,,,,,,,,,,,,,,,,,,,,,,,,,,,,,,,,,,,,,,,,,,,,,,,,,,,,,,,,,,,,,,,,,,,,,,,,,,,,,,,,,,,,,,,,,,
Ocilla Police Department,1966-01-01,Georgia,,GA07701,,,,,,,,,,,,,,,,,,,,,,,,,,,,,,,,,,,,,,,,,,,,,,,,,,,,,,,,,,,,,,,,,,,,,,,,,,,,,,,,,,,,,,,,,,,,,
Ocilla Police Department,1965-12-01,Georgia,3500,GA07701,0,0,0,0,0,0,0,0,0,0,0,0,0,0,0,0,0,0,0,0,0,0,0,0,0,0,0,0,0,0,0,0,0,0,0,0,0,0,0,0,0,0,0,0,0,0,0,0,0,0,0,0,0,0,0,0,0,0,0,0,0,0,0,0,0,0,0,0,0,0,0,0,0,0,0,0,0,0,0,0,0,0,0,0,0,0,0,0,0,0,0,1,9.67050780216874
Ocilla Police Department,1965-11-01,Georgia,3500,GA07701,0,0,0,0,0,0,0,0,0,0,0,0,0,0,0,0,0,0,0,0,0,0,0,0,0,0,0,0,0,0,0,0,0,0,0,0,0,0,0,0,0,0,0,0,0,0,0,0,0,0,0,0,0,0,0,0,0,0,0,0,0,0,0,0,0,0,0,0,0,0,0,0,0,0,0,0,0,0,0,0,0,0,0,0,0,0,0,0,0,0,0,1,9.67050780216874
Ocilla Police Department,1965-10-01,Georgia,3500,GA07701,0,0,0,0,0,0,0,0,0,0,0,0,0,0,0,0,0,0,0,0,0,0,0,0,0,0,0,0,0,0,0,0,0,0,0,0,0,0,0,0,0,0,0,0,0,0,0,0,0,0,0,0,0,0,0,0,0,0,0,0,0,0,0,0,0,0,0,0,0,0,0,0,0,0,0,0,0,0,0,0,0,0,0,0,0,0,0,0,0,0,0,1,9.67050780216874
Ocilla Police Department,1965-09-01,Georgia,3500,GA07701,0,0,0,0,0,0,0,0,0,0,0,0,0,0,0,0,0,0,0,0,0,0,0,0,0,0,0,0,0,0,0,0,0,0,0,0,0,0,0,0,0,0,0,0,0,0,0,0,0,0,0,0,0,0,0,0,0,0,0,0,0,0,0,0,0,0,0,0,0,0,0,0,0,0,0,0,0,0,0,0,0,0,0,0,0,0,0,0,0,0,0,1,9.67050780216874
Ocilla Police Department,1965-08-01,Georgia,3500,GA07701,0,0,0,0,0,0,0,0,0,0,0,0,0,0,0,0,0,0,0,0,0,0,0,0,0,0,0,0,0,0,0,0,0,0,0,0,0,0,0,0,0,0,0,0,0,0,0,0,0,0,0,0,0,0,0,0,0,0,0,0,0,0,0,0,0,0,0,0,0,0,0,0,0,0,0,0,0,0,0,0,0,0,0,0,0,0,0,0,0,0,0,1,9.67050780216874
Ocilla Police Department,1965-07-01,Georgia,3500,GA07701,0,0,0,0,0,0,0,0,0,0,0,0,0,0,0,0,0,0,0,0,0,0,0,0,0,0,0,0,0,0,0,0,0,0,0,0,0,0,0,0,0,0,0,0,0,0,0,0,0,0,0,0,0,0,0,0,0,0,0,0,0,0,0,0,0,0,0,0,0,0,0,0,0,0,0,0,0,0,0,0,0,0,0,0,0,0,0,0,0,0,0,1,9.67050780216874
Ocilla Police Department,1965-06-01,Georgia,3500,GA07701,0,0,0,0,0,0,0,0,0,0,0,0,0,0,0,0,0,0,0,0,0,0,0,0,0,0,0,0,0,0,0,0,0,0,0,0,0,0,0,0,0,0,0,0,0,0,0,0,0,0,0,0,0,0,0,0,0,0,0,0,0,0,0,0,0,0,0,0,0,0,0,0,0,0,0,0,0,0,0,0,0,0,0,0,0,0,0,0,0,0,0,1,9.67050780216874
Ocilla Police Department,1965-05-01,Georgia,3500,GA07701,0,0,0,0,0,0,0,0,0,0,0,0,0,0,0,0,0,0,0,0,0,0,0,0,0,0,0,0,0,0,0,0,0,0,0,0,0,0,0,0,0,0,0,0,0,0,0,0,0,0,0,0,0,0,0,0,0,0,0,0,0,0,0,0,0,0,0,0,0,0,0,0,0,0,0,0,0,0,0,0,0,0,0,0,0,0,0,0,0,0,0,1,9.67050780216874
Ocilla Police Department,1965-04-01,Georgia,3500,GA07701,0,0,0,0,0,0,0,0,0,0,0,0,0,0,0,0,0,0,0,0,0,0,0,0,0,0,0,0,0,0,0,0,0,0,0,0,0,0,0,0,0,0,0,0,0,0,0,0,0,0,0,0,0,0,0,0,0,0,0,0,0,0,0,0,0,0,0,0,0,0,0,0,0,0,0,0,0,0,0,0,0,0,0,0,0,0,0,0,0,0,0,1,9.67050780216874
Ocilla Police Department,1965-03-01,Georgia,3500,GA07701,0,0,0,0,0,0,0,0,0,0,0,0,0,0,0,0,0,0,0,0,0,0,0,0,0,0,0,0,0,0,0,0,0,0,0,0,0,0,0,0,0,0,0,0,0,0,0,0,0,0,0,0,0,0,0,0,0,0,0,0,0,0,0,0,0,0,0,0,0,0,0,0,0,0,0,0,0,0,0,0,0,0,0,0,0,0,0,0,0,0,0,1,9.67050780216874
Ocilla Police Department,1965-02-01,Georgia,3500,GA07701,0,0,0,0,0,0,0,0,0,0,0,0,0,0,0,0,0,0,0,0,0,0,0,0,0,0,0,0,0,0,0,0,0,0,0,0,0,0,0,0,0,0,0,0,0,0,0,0,0,0,0,0,0,0,0,0,0,0,0,0,0,0,0,0,0,0,0,0,0,0,0,0,0,0,0,0,0,0,0,0,0,0,0,0,0,0,0,0,0,0,0,1,9.67050780216874
Ocilla Police Department,1965-01-01,Georgia,3500,GA07701,0,0,0,0,0,0,0,0,0,0,0,0,0,0,0,0,0,0,0,0,0,0,0,0,0,0,0,0,0,0,0,0,0,0,0,0,0,0,0,0,0,0,0,0,0,0,0,0,0,0,0,0,0,0,0,0,0,0,0,0,0,0,0,0,0,0,0,0,0,0,0,0,0,0,0,0,0,0,0,0,0,0,0,0,0,0,0,0,0,0,0,1,9.67050780216874
Ocilla Police Department,1964-12-01,Georgia,3606,GA07701,0,0,0,0,0,0,0,0,0,0,0,0,0,0,0,0,0,0,0,0,0,0,0,0,0,0,0,0,0,0,0,0,0,0,0,0,0,0,0,0,0,0,0,0,0,0,0,0,0,0,0,0,0,0,0,0,0,0,0,0,0,0,0,0,0,0,0,0,0,0,0,0,0,0,0,0,0,0,0,0,0,0,0,0,0,0,0,0,0,0,0,1,9.82380171950564
Ocilla Police Department,1964-11-01,Georgia,3606,GA07701,0,0,0,0,0,0,0,0,0,0,0,0,0,0,0,0,0,0,0,0,0,0,0,0,0,0,0,0,0,0,0,0,0,0,0,0,0,0,0,0,0,0,0,0,0,0,0,0,0,0,0,0,0,0,0,0,0,0,0,0,0,0,0,0,0,0,0,0,0,0,0,0,0,0,0,0,0,0,0,0,0,0,0,0,0,0,0,0,0,0,0,1,9.82380171950564
Ocilla Police Department,1964-10-01,Georgia,3606,GA07701,0,0,0,0,0,0,0,0,0,0,0,0,0,0,0,0,0,0,0,0,0,0,0,0,0,0,0,0,0,0,0,0,0,0,0,0,0,0,0,0,0,0,0,0,0,0,0,0,0,0,0,0,0,0,0,0,0,0,0,0,0,0,0,0,0,0,0,0,0,0,0,0,0,0,0,0,0,0,0,0,0,0,0,0,0,0,0,0,0,0,0,1,9.82380171950564
Ocilla Police Department,1964-09-01,Georgia,3606,GA07701,0,0,0,0,0,0,0,0,0,0,0,0,0,0,0,0,0,0,0,0,0,0,0,0,0,0,0,0,0,0,0,0,0,0,0,0,0,0,0,0,0,0,0,0,0,0,0,0,0,0,0,0,0,0,0,0,0,0,0,0,0,0,0,0,0,0,0,0,0,0,0,0,0,0,0,0,0,0,0,0,0,0,0,0,0,0,0,0,0,0,0,1,9.82380171950564
Ocilla Police Department,1964-08-01,Georgia,3606,GA07701,0,0,0,0,0,0,0,0,0,0,0,0,0,0,0,0,0,0,0,0,0,0,0,0,0,0,0,0,0,0,0,0,0,0,0,0,0,0,0,0,0,0,0,0,0,0,0,0,0,0,0,0,0,0,0,0,0,0,0,0,0,0,0,0,0,0,0,0,0,0,0,0,0,0,0,0,0,0,0,0,0,0,0,0,0,0,0,0,0,0,0,1,9.82380171950564
Ocilla Police Department,1964-07-01,Georgia,3606,GA07701,0,0,0,0,0,0,0,0,0,0,0,0,0,0,0,0,0,0,0,0,0,0,0,0,0,0,0,0,0,0,0,0,0,0,0,0,0,0,0,0,0,0,0,0,0,0,0,0,0,0,0,0,0,0,0,0,0,0,0,0,0,0,0,0,0,0,0,0,0,0,0,0,0,0,0,0,0,0,0,0,0,0,0,0,0,0,0,0,0,0,0,1,9.82380171950564
Ocilla Police Department,1964-06-01,Georgia,3606,GA07701,0,0,0,0,0,0,0,0,0,0,0,0,0,0,0,0,0,0,0,0,0,0,0,0,0,0,0,0,0,0,0,0,0,0,0,0,0,0,0,0,0,0,0,0,0,0,0,0,0,0,0,0,0,0,0,0,0,0,0,0,0,0,0,0,0,0,0,0,0,0,0,0,0,0,0,0,0,0,0,0,0,0,0,0,0,0,0,0,0,0,0,1,9.82380171950564
Ocilla Police Department,1964-05-01,Georgia,3606,GA07701,0,0,0,0,0,0,0,0,0,0,0,0,0,0,0,0,0,0,0,0,0,0,0,0,0,0,0,0,0,0,0,0,0,0,0,0,0,0,0,0,0,0,0,0,0,0,0,0,0,0,0,0,0,0,0,0,0,0,0,0,0,0,0,0,0,0,0,0,0,0,0,0,0,0,0,0,0,0,0,0,0,0,0,0,0,0,0,0,0,0,0,1,9.82380171950564
Ocilla Police Department,1964-04-01,Georgia,3606,GA07701,0,0,0,0,0,0,0,0,0,0,0,0,0,0,0,0,0,0,0,0,0,0,0,0,0,0,0,0,0,0,0,0,0,0,0,0,0,0,0,0,0,0,0,0,0,0,0,0,0,0,0,0,0,0,0,0,0,0,0,0,0,0,0,0,0,0,0,0,0,0,0,0,0,0,0,0,0,0,0,0,0,0,0,0,0,0,0,0,0,0,0,1,9.82380171950564
Ocilla Police Department,1964-03-01,Georgia,3606,GA07701,0,0,0,0,0,0,0,0,0,0,0,0,0,0,0,0,0,0,0,0,0,0,0,0,0,0,0,0,0,0,0,0,0,0,0,0,0,0,0,0,0,0,0,0,0,0,0,0,0,0,0,0,0,0,0,0,0,0,0,0,0,0,0,0,0,0,0,0,0,0,0,0,0,0,0,0,0,0,0,0,0,0,0,0,0,0,0,0,0,0,0,1,9.82380171950564
Ocilla Police Department,1964-02-01,Georgia,3606,GA07701,0,0,0,0,0,0,0,0,0,0,0,0,0,0,0,0,0,0,0,0,0,0,0,0,0,0,0,0,0,0,0,0,0,0,0,0,0,0,0,0,0,0,0,0,0,0,0,0,0,0,0,0,0,0,0,0,0,0,0,0,0,0,0,0,0,0,0,0,0,0,0,0,0,0,0,0,0,0,0,0,0,0,0,0,0,0,0,0,0,0,0,1,9.82380171950564
Ocilla Police Department,1964-01-01,Georgia,3606,GA07701,0,0,0,0,0,0,0,0,0,0,0,0,0,0,0,0,0,0,0,0,0,0,0,0,0,0,0,0,0,0,0,0,0,0,0,0,0,0,0,0,0,0,0,0,0,0,0,0,0,0,0,0,0,0,0,0,0,0,0,0,0,0,0,0,0,0,0,0,0,0,0,0,0,0,0,0,0,0,0,0,0,0,0,0,0,0,0,0,0,0,0,1,9.82380171950564
Ocilla Police Department,1963-12-01,Georgia,3333,GA07701,0,0,0,0,0,0,0,0,0,0,0,0,0,0,0,0,0,0,0,0,0,0,0,0,0,0,0,0,0,0,0,0,0,0,0,0,0,0,0,0,0,0,0,0,0,0,0,0,0,0,0,0,0,0,0,0,0,0,0,0,0,0,0,0,0,0,0,0,0,0,0,0,0,0,0,0,0,0,0,0,0,0,0,0,0,0,0,0,0,0,0,1,9.94943945578232
Ocilla Police Department,1963-11-01,Georgia,3333,GA07701,0,0,0,0,0,0,0,0,0,0,0,0,0,0,0,0,0,0,0,0,0,0,0,0,0,0,0,0,0,0,0,0,0,0,0,0,0,0,0,0,0,0,0,0,0,0,0,0,0,0,0,0,0,0,0,0,0,0,0,0,0,0,0,0,0,0,0,0,0,0,0,0,0,0,0,0,0,0,0,0,0,0,0,0,0,0,0,0,0,0,0,1,9.94943945578232
Ocilla Police Department,1963-10-01,Georgia,3333,GA07701,0,0,0,0,0,0,0,0,0,0,0,0,0,0,0,0,0,0,0,0,0,0,0,0,0,0,0,0,0,0,0,0,0,0,0,0,0,0,0,0,0,0,0,0,0,0,0,0,0,0,0,0,0,0,0,0,0,0,0,0,0,0,0,0,0,0,0,0,0,0,0,0,0,0,0,0,0,0,0,0,0,0,0,0,0,0,0,0,0,0,0,1,9.94943945578232
Ocilla Police Department,1963-09-01,Georgia,3333,GA07701,0,0,0,0,0,0,0,0,0,0,0,0,0,0,0,0,0,0,0,0,0,0,0,0,0,0,0,0,0,0,0,0,0,0,0,0,0,0,0,0,0,0,0,0,0,0,0,0,0,0,0,0,0,0,0,0,0,0,0,0,0,0,0,0,0,0,0,0,0,0,0,0,0,0,0,0,0,0,0,0,0,0,0,0,0,0,0,0,0,0,0,1,9.94943945578232
Ocilla Police Department,1963-08-01,Georgia,3333,GA07701,0,0,0,0,0,0,0,0,0,0,0,0,0,0,0,0,0,0,0,0,0,0,0,0,0,0,0,0,0,0,0,0,0,0,0,0,0,0,0,0,0,0,0,0,0,0,0,0,0,0,0,0,0,0,0,0,0,0,0,0,0,0,0,0,0,0,0,0,0,0,0,0,0,0,0,0,0,0,0,0,0,0,0,0,0,0,0,0,0,0,0,1,9.94943945578232
Ocilla Police Department,1963-07-01,Georgia,3333,GA07701,0,0,0,0,0,0,0,0,0,0,0,0,0,0,0,0,0,0,0,0,0,0,0,0,0,0,0,0,0,0,0,0,0,0,0,0,0,0,0,0,0,0,0,0,0,0,0,0,0,0,0,0,0,0,0,0,0,0,0,0,0,0,0,0,0,0,0,0,0,0,0,0,0,0,0,0,0,0,0,0,0,0,0,0,0,0,0,0,0,0,0,1,9.94943945578232
Ocilla Police Department,1963-06-01,Georgia,3333,GA07701,0,0,0,0,0,0,0,0,0,0,0,0,0,0,0,0,0,0,0,0,0,0,0,0,0,0,0,0,0,0,0,0,0,0,0,0,0,0,0,0,0,0,0,0,0,0,0,0,0,0,0,0,0,0,0,0,0,0,0,0,0,0,0,0,0,0,0,0,0,0,0,0,0,0,0,0,0,0,0,0,0,0,0,0,0,0,0,0,0,0,0,1,9.94943945578232
Ocilla Police Department,1963-05-01,Georgia,3333,GA07701,0,0,0,0,0,0,0,0,0,0,0,0,0,0,0,0,0,0,0,0,0,0,0,0,0,0,0,0,0,0,0,0,0,0,0,0,0,0,0,0,0,0,0,0,0,0,0,0,0,0,0,0,0,0,0,0,0,0,0,0,0,0,0,0,0,0,0,0,0,0,0,0,0,0,0,0,0,0,0,0,0,0,0,0,0,0,0,0,0,0,0,1,9.94943945578232
Ocilla Police Department,1963-04-01,Georgia,3333,GA07701,0,0,0,0,0,0,0,0,0,0,0,0,0,0,0,0,0,0,0,0,0,0,0,0,0,0,0,0,0,0,0,0,0,0,0,0,0,0,0,0,0,0,0,0,0,0,0,0,0,0,0,0,0,0,0,0,0,0,0,0,0,0,0,0,0,0,0,0,0,0,0,0,0,0,0,0,0,0,0,0,0,0,0,0,0,0,0,0,0,0,0,1,9.94943945578232
Ocilla Police Department,1963-03-01,Georgia,3333,GA07701,0,0,0,0,0,0,0,0,0,0,0,0,0,0,0,0,0,0,0,0,0,0,0,0,0,0,0,0,0,0,0,0,0,0,0,0,0,0,0,0,0,0,0,0,0,0,0,0,0,0,0,0,0,0,0,0,0,0,0,0,0,0,0,0,0,0,0,0,0,0,0,0,0,0,0,0,0,0,0,0,0,0,0,0,0,0,0,0,0,0,0,1,9.94943945578232
Ocilla Police Department,1963-02-01,Georgia,3333,GA07701,0,0,0,0,0,0,0,0,0,0,0,0,0,0,0,0,0,0,0,0,0,0,0,0,0,0,0,0,0,0,0,0,0,0,0,0,0,0,0,0,0,0,0,0,0,0,0,0,0,0,0,0,0,0,0,0,0,0,0,0,0,0,0,0,0,0,0,0,0,0,0,0,0,0,0,0,0,0,0,0,0,0,0,0,0,0,0,0,0,0,0,1,9.94943945578232
Ocilla Police Department,1963-01-01,Georgia,3333,GA07701,0,0,0,0,0,0,0,0,0,0,0,0,0,0,0,0,0,0,0,0,0,0,0,0,0,0,0,0,0,0,0,0,0,0,0,0,0,0,0,0,0,0,0,0,0,0,0,0,0,0,0,0,0,0,0,0,0,0,0,0,0,0,0,0,0,0,0,0,0,0,0,0,0,0,0,0,0,0,0,0,0,0,0,0,0,0,0,0,0,0,0,1,9.94943945578232
Ocilla Police Department,1962-12-01,Georgia,3414,GA07701,0,0,0,0,0,0,0,0,0,0,0,0,0,0,0,0,0,0,0,0,0,0,0,0,0,0,0,0,0,0,0,0,0,0,0,0,0,0,0,0,0,0,0,0,0,0,0,0,0,0,0,0,0,0,0,0,0,0,0,0,0,0,0,0,0,0,0,0,0,0,0,0,0,0,0,0,0,0,0,0,0,0,0,0,0,0,0,0,0,0,0,1,10.0727796143251
Ocilla Police Department,1962-11-01,Georgia,3414,GA07701,0,0,0,0,0,0,0,0,0,0,0,0,0,0,0,0,0,0,0,0,0,0,0,0,0,0,0,0,0,0,0,0,0,0,0,0,0,0,0,0,0,0,0,0,0,0,0,0,0,0,0,0,0,0,0,0,0,0,0,0,0,0,0,0,0,0,0,0,0,0,0,0,0,0,0,0,0,0,0,0,0,0,0,0,0,0,0,0,0,0,0,1,10.0727796143251
Ocilla Police Department,1962-10-01,Georgia,3414,GA07701,0,0,0,0,0,0,0,0,0,0,0,0,0,0,0,0,0,0,0,0,0,0,0,0,0,0,0,0,0,0,0,0,0,0,0,0,0,0,0,0,0,0,0,0,0,0,0,0,0,0,0,0,0,0,0,0,0,0,0,0,0,0,0,0,0,0,0,0,0,0,0,0,0,0,0,0,0,0,0,0,0,0,0,0,0,0,0,0,0,0,0,1,10.0727796143251
Ocilla Police Department,1962-09-01,Georgia,3414,GA07701,0,0,0,0,0,0,0,0,0,0,0,0,0,0,0,0,0,0,0,0,0,0,0,0,0,0,0,0,0,0,0,0,0,0,0,0,0,0,0,0,0,0,0,0,0,0,0,0,0,0,0,0,0,0,0,0,0,0,0,0,0,0,0,0,0,0,0,0,0,0,0,0,0,0,0,0,0,0,0,0,0,0,0,0,0,0,0,0,0,0,0,1,10.0727796143251
Ocilla Police Department,1962-08-01,Georgia,3414,GA07701,0,0,0,0,0,0,0,0,0,0,0,0,0,0,0,0,0,0,0,0,0,0,0,0,0,0,0,0,0,0,0,0,0,0,0,0,0,0,0,0,0,0,0,0,0,0,0,0,0,0,0,0,0,0,0,0,0,0,0,0,0,0,0,0,0,0,0,0,0,0,0,0,0,0,0,0,0,0,0,0,0,0,0,0,0,0,0,0,0,0,0,1,10.0727796143251
Ocilla Police Department,1962-07-01,Georgia,3414,GA07701,0,0,0,0,0,0,0,0,0,0,0,0,0,0,0,0,0,0,0,0,0,0,0,0,0,0,0,0,0,0,0,0,0,0,0,0,0,0,0,0,0,0,0,0,0,0,0,0,0,0,0,0,0,0,0,0,0,0,0,0,0,0,0,0,0,0,0,0,0,0,0,0,0,0,0,0,0,0,0,0,0,0,0,0,0,0,0,0,0,0,0,1,10.0727796143251
Ocilla Police Department,1962-06-01,Georgia,3414,GA07701,0,0,0,0,0,0,0,0,0,0,0,0,0,0,0,0,0,0,0,0,0,0,0,0,0,0,0,0,0,0,0,0,0,0,0,0,0,0,0,0,0,0,0,0,0,0,0,0,0,0,0,0,0,0,0,0,0,0,0,0,0,0,0,0,0,0,0,0,0,0,0,0,0,0,0,0,0,0,0,0,0,0,0,0,0,0,0,0,0,0,0,1,10.0727796143251
Ocilla Police Department,1962-05-01,Georgia,3414,GA07701,0,0,0,0,0,0,0,0,0,0,0,0,0,0,0,0,0,0,0,0,0,0,0,0,0,0,0,0,0,0,0,0,0,0,0,0,0,0,0,0,0,0,0,0,0,0,0,0,0,0,0,0,0,0,0,0,0,0,0,0,0,0,0,0,0,0,0,0,0,0,0,0,0,0,0,0,0,0,0,0,0,0,0,0,0,0,0,0,0,0,0,1,10.0727796143251
Ocilla Police Department,1962-04-01,Georgia,3414,GA07701,0,0,0,0,0,0,0,0,0,0,0,0,0,0,0,0,0,0,0,0,0,0,0,0,0,0,0,0,0,0,0,0,0,0,0,0,0,0,0,0,0,0,0,0,0,0,0,0,0,0,0,0,0,0,0,0,0,0,0,0,0,0,0,0,0,0,0,0,0,0,0,0,0,0,0,0,0,0,0,0,0,0,0,0,0,0,0,0,0,0,0,1,10.0727796143251
Ocilla Police Department,1962-03-01,Georgia,3414,GA07701,0,0,0,0,0,0,0,0,0,0,0,0,0,0,0,0,0,0,0,0,0,0,0,0,0,0,0,0,0,0,0,0,0,0,0,0,0,0,0,0,0,0,0,0,0,0,0,0,0,0,0,0,0,0,0,0,0,0,0,0,0,0,0,0,0,0,0,0,0,0,0,0,0,0,0,0,0,0,0,0,0,0,0,0,0,0,0,0,0,0,0,1,10.0727796143251
Ocilla Police Department,1962-02-01,Georgia,3414,GA07701,0,0,0,0,0,0,0,0,0,0,0,0,0,0,0,0,0,0,0,0,0,0,0,0,0,0,0,0,0,0,0,0,0,0,0,0,0,0,0,0,0,0,0,0,0,0,0,0,0,0,0,0,0,0,0,0,0,0,0,0,0,0,0,0,0,0,0,0,0,0,0,0,0,0,0,0,0,0,0,0,0,0,0,0,0,0,0,0,0,0,0,1,10.0727796143251
Ocilla Police Department,1962-01-01,Georgia,3414,GA07701,0,0,0,0,0,0,0,0,0,0,0,0,0,0,0,0,0,0,0,0,0,0,0,0,0,0,0,0,0,0,0,0,0,0,0,0,0,0,0,0,0,0,0,0,0,0,0,0,0,0,0,0,0,0,0,0,0,0,0,0,0,0,0,0,0,0,0,0,0,0,0,0,0,0,0,0,0,0,0,0,0,0,0,0,0,0,0,0,0,0,0,1,10.0727796143251
Ocilla Police Department,1961-12-01,Georgia,3217,GA07701,0,0,0,0,0,0,0,0,0,0,0,0,0,0,0,0,0,0,0,0,0,0,0,0,0,0,0,0,0,0,0,0,0,0,0,0,0,0,0,0,0,0,0,0,0,0,0,0,0,0,0,0,0,0,0,0,0,0,0,0,0,0,0,0,0,0,0,0,0,0,0,0,0,0,0,0,0,0,0,0,0,0,0,0,0,0,0,0,0,0,0,1,10.1935294117647
Ocilla Police Department,1961-11-01,Georgia,3217,GA07701,0,0,0,0,0,0,0,0,0,0,0,0,0,0,0,0,0,0,0,0,0,0,0,0,0,0,0,0,0,0,0,0,0,0,0,0,0,0,0,0,0,0,0,0,0,0,0,0,0,0,0,0,0,0,0,0,0,0,0,0,0,0,0,0,0,0,0,0,0,0,0,0,0,0,0,0,0,0,0,0,0,0,0,0,0,0,0,0,0,0,0,1,10.1935294117647
Ocilla Police Department,1961-10-01,Georgia,3217,GA07701,0,0,0,0,0,0,0,0,0,0,0,0,0,0,0,0,0,0,0,0,0,0,0,0,0,0,0,0,0,0,0,0,0,0,0,0,0,0,0,0,0,0,0,0,0,0,0,0,0,0,0,0,0,0,0,0,0,0,0,0,0,0,0,0,0,0,0,0,0,0,0,0,0,0,0,0,0,0,0,0,0,0,0,0,0,0,0,0,0,0,0,1,10.1935294117647
Ocilla Police Department,1961-09-01,Georgia,3217,GA07701,0,0,0,0,0,0,0,0,0,0,0,0,0,0,0,0,0,0,0,0,0,0,0,0,0,0,0,0,0,0,0,0,0,0,0,0,0,0,0,0,0,0,0,0,0,0,0,0,0,0,0,0,0,0,0,0,0,0,0,0,0,0,0,0,0,0,0,0,0,0,0,0,0,0,0,0,0,0,0,0,0,0,0,0,0,0,0,0,0,0,0,1,10.1935294117647
Ocilla Police Department,1961-08-01,Georgia,3217,GA07701,0,0,0,0,0,0,0,0,0,0,0,0,0,0,0,0,0,0,0,0,0,0,0,0,0,0,0,0,0,0,0,0,0,0,0,0,0,0,0,0,0,0,0,0,0,0,0,0,0,0,0,0,0,0,0,0,0,0,0,0,0,0,0,0,0,0,0,0,0,0,0,0,0,0,0,0,0,0,0,0,0,0,0,0,0,0,0,0,0,0,0,1,10.1935294117647
Ocilla Police Department,1961-07-01,Georgia,3217,GA07701,0,0,0,0,0,0,0,0,0,0,0,0,0,0,0,0,0,0,0,0,0,0,0,0,0,0,0,0,0,0,0,0,0,0,0,0,0,0,0,0,0,0,0,0,0,0,0,0,0,0,0,0,0,0,0,0,0,0,0,0,0,0,0,0,0,0,0,0,0,0,0,0,0,0,0,0,0,0,0,0,0,0,0,0,0,0,0,0,0,0,0,1,10.1935294117647
Ocilla Police Department,1961-06-01,Georgia,3217,GA07701,0,0,0,0,0,0,0,0,0,0,0,0,0,0,0,0,0,0,0,0,0,0,0,0,0,0,0,0,0,0,0,0,0,0,0,0,0,0,0,0,0,0,0,0,0,0,0,0,0,0,0,0,0,0,0,0,0,0,0,0,0,0,0,0,0,0,0,0,0,0,0,0,0,0,0,0,0,0,0,0,0,0,0,0,0,0,0,0,0,0,0,1,10.1935294117647
Ocilla Police Department,1961-05-01,Georgia,3217,GA07701,0,0,0,0,0,0,0,0,0,0,0,0,0,0,0,0,0,0,0,0,0,0,0,0,0,0,0,0,0,0,0,0,0,0,0,0,0,0,0,0,0,0,0,0,0,0,0,0,0,0,0,0,0,0,0,0,0,0,0,0,0,0,0,0,0,0,0,0,0,0,0,0,0,0,0,0,0,0,0,0,0,0,0,0,0,0,0,0,0,0,0,1,10.1935294117647
Ocilla Police Department,1961-04-01,Georgia,3217,GA07701,0,0,0,0,0,0,0,0,0,0,0,0,0,0,0,0,0,0,0,0,0,0,0,0,0,0,0,0,0,0,0,0,0,0,0,0,0,0,0,0,0,0,0,0,0,0,0,0,0,0,0,0,0,0,0,0,0,0,0,0,0,0,0,0,0,0,0,0,0,0,0,0,0,0,0,0,0,0,0,0,0,0,0,0,0,0,0,0,0,0,0,1,10.1935294117647
Ocilla Police Department,1961-03-01,Georgia,3217,GA07701,0,0,0,0,0,0,0,0,0,0,0,0,0,0,0,0,0,0,0,0,0,0,0,0,0,0,0,0,0,0,0,0,0,0,0,0,0,0,0,0,0,0,0,0,0,0,0,0,0,0,0,0,0,0,0,0,0,0,0,0,0,0,0,0,0,0,0,0,0,0,0,0,0,0,0,0,0,0,0,0,0,0,0,0,0,0,0,0,0,0,0,1,10.1935294117647
Ocilla Police Department,1961-02-01,Georgia,3217,GA07701,0,0,0,0,0,0,0,0,0,0,0,0,0,0,0,0,0,0,0,0,0,0,0,0,0,0,0,0,0,0,0,0,0,0,0,0,0,0,0,0,0,0,0,0,0,0,0,0,0,0,0,0,0,0,0,0,0,0,0,0,0,0,0,0,0,0,0,0,0,0,0,0,0,0,0,0,0,0,0,0,0,0,0,0,0,0,0,0,0,0,0,1,10.1935294117647
Ocilla Police Department,1961-01-01,Georgia,3217,GA07701,0,0,0,0,0,0,0,0,0,0,0,0,0,0,0,0,0,0,0,0,0,0,0,0,0,0,0,0,0,0,0,0,0,0,0,0,0,0,0,0,0,0,0,0,0,0,0,0,0,0,0,0,0,0,0,0,0,0,0,0,0,0,0,0,0,0,0,0,0,0,0,0,0,0,0,0,0,0,0,0,0,0,0,0,0,0,0,0,0,0,0,1,10.1935294117647
Ocilla Police Department,1960-12-01,Georgia,3217,GA07701,0,0,0,0,0,0,0,0,0,0,0,0,0,0,0,0,0,0,0,0,0,0,0,0,0,0,0,0,0,0,0,0,0,0,0,0,0,0,0,0,0,0,0,0,0,0,0,0,0,0,0,0,0,0,0,0,0,0,0,0,0,0,0,0,0,0,0,0,0,0,0,0,0,0,0,0,0,0,0,0,0,0,0,0,0,0,0,0,0,0,0,1,10.302673992674
Ocilla Police Department,1960-11-01,Georgia,3217,GA07701,0,0,0,0,0,0,0,0,0,0,0,0,0,0,0,0,0,0,0,0,0,0,0,0,0,0,0,0,0,0,0,0,0,0,0,0,0,0,0,0,0,0,0,0,0,0,0,0,0,0,0,0,0,0,0,0,0,0,0,0,0,0,0,0,0,0,0,0,0,0,0,0,0,0,0,0,0,0,0,0,0,0,0,0,0,0,0,0,0,0,0,1,10.302673992674
Ocilla Police Department,1960-10-01,Georgia,3217,GA07701,0,0,0,0,0,0,0,0,0,0,0,0,0,0,0,0,0,0,0,0,0,0,0,0,0,0,0,0,0,0,0,0,0,0,0,0,0,0,0,0,0,0,0,0,0,0,0,0,0,0,0,0,0,0,0,0,0,0,0,0,0,0,0,0,0,0,0,0,0,0,0,0,0,0,0,0,0,0,0,0,0,0,0,0,0,0,0,0,0,0,0,1,10.302673992674
Ocilla Police Department,1960-09-01,Georgia,3217,GA07701,0,0,0,0,0,0,0,0,0,0,0,0,0,0,0,0,0,0,0,0,0,0,0,0,0,0,0,0,0,0,0,0,0,0,0,0,0,0,0,0,0,0,0,0,0,0,0,0,0,0,0,0,0,0,0,0,0,0,0,0,0,0,0,0,0,0,0,0,0,0,0,0,0,0,0,0,0,0,0,0,0,0,0,0,0,0,0,0,0,0,0,1,10.302673992674
Ocilla Police Department,1960-08-01,Georgia,3217,GA07701,0,0,0,0,0,0,0,0,0,0,0,0,0,0,0,0,0,0,0,0,0,0,0,0,0,0,0,0,0,0,0,0,0,0,0,0,0,0,0,0,0,0,0,0,0,0,0,0,0,0,0,0,0,0,0,0,0,0,0,0,0,0,0,0,0,0,0,0,0,0,0,0,0,0,0,0,0,0,0,0,0,0,0,0,0,0,0,0,0,0,0,1,10.302673992674
Ocilla Police Department,1960-07-01,Georgia,3217,GA07701,0,0,0,0,0,0,0,0,0,0,0,0,0,0,0,0,0,0,0,0,0,0,0,0,0,0,0,0,0,0,0,0,0,0,0,0,0,0,0,0,0,0,0,0,0,0,0,0,0,0,0,0,0,0,0,0,0,0,0,0,0,0,0,0,0,0,0,0,0,0,0,0,0,0,0,0,0,0,0,0,0,0,0,0,0,0,0,0,0,0,0,1,10.302673992674
Ocilla Police Department,1960-06-01,Georgia,3217,GA07701,0,0,0,0,0,0,0,0,0,0,0,0,0,0,0,0,0,0,0,0,0,0,0,0,0,0,0,0,0,0,0,0,0,0,0,0,0,0,0,0,0,0,0,0,0,0,0,0,0,0,0,0,0,0,0,0,0,0,0,0,0,0,0,0,0,0,0,0,0,0,0,0,0,0,0,0,0,0,0,0,0,0,0,0,0,0,0,0,0,0,0,1,10.302673992674
Ocilla Police Department,1960-05-01,Georgia,3217,GA07701,0,0,0,0,0,0,0,0,0,0,0,0,0,0,0,0,0,0,0,0,0,0,0,0,0,0,0,0,0,0,0,0,0,0,0,0,0,0,0,0,0,0,0,0,0,0,0,0,0,0,0,0,0,0,0,0,0,0,0,0,0,0,0,0,0,0,0,0,0,0,0,0,0,0,0,0,0,0,0,0,0,0,0,0,0,0,0,0,0,0,0,1,10.302673992674
Ocilla Police Department,1960-04-01,Georgia,3217,GA07701,0,0,0,0,0,0,0,0,0,0,0,0,0,0,0,0,0,0,0,0,0,0,0,0,0,0,0,0,0,0,0,0,0,0,0,0,0,0,0,0,0,0,0,0,0,0,0,0,0,0,0,0,0,0,0,0,0,0,0,0,0,0,0,0,0,0,0,0,0,0,0,0,0,0,0,0,0,0,0,0,0,0,0,0,0,0,0,0,0,0,0,1,10.302673992674
Ocilla Police Department,1960-03-01,Georgia,3217,GA07701,0,0,0,0,0,0,0,0,0,0,0,0,0,0,0,0,0,0,0,0,0,0,0,0,0,0,0,0,0,0,0,0,0,0,0,0,0,0,0,0,0,0,0,0,0,0,0,0,0,0,0,0,0,0,0,0,0,0,0,0,0,0,0,0,0,0,0,0,0,0,0,0,0,0,0,0,0,0,0,0,0,0,0,0,0,0,0,0,0,0,0,1,10.302673992674
Ocilla Police Department,1960-02-01,Georgia,3217,GA07701,0,0,0,0,0,0,0,0,0,0,0,0,0,0,0,0,0,0,0,0,0,0,0,0,0,0,0,0,0,0,0,0,0,0,0,0,0,0,0,0,0,0,0,0,0,0,0,0,0,0,0,0,0,0,0,0,0,0,0,0,0,0,0,0,0,0,0,0,0,0,0,0,0,0,0,0,0,0,0,0,0,0,0,0,0,0,0,0,0,0,0,1,10.302673992674
Ocilla Police Department,1960-01-01,Georgia,3217,GA07701,0,0,0,0,0,0,0,0,0,0,0,0,0,0,0,0,0,0,0,0,0,0,0,0,0,0,0,0,0,0,0,0,0,0,0,0,0,0,0,0,0,0,0,0,0,0,0,0,0,0,0,0,0,0,0,0,0,0,0,0,0,0,0,0,0,0,0,0,0,0,0,0,0,0,0,0,0,0,0,0,0,0,0,0,0,0,0,0,0,0,0,1,10.302673992674
