agency,year,state,population,ORI,offenses_burg_resident_day,offenses_burg_resident_night,offenses_burg_resident_unk,offenses_burg_nonresident_day,offenses_burg_nonresident_night,offenses_burg_nonresident_unk,offenses_burg_total,offenses_motor_vehicle_theft,offenses_murder,offenses_rape,offenses_robbery_bank,offenses_robbery_chain_store,offenses_robbery_gas_station,offenses_robbery_highway,offenses_robbery_house,offenses_robbery_misc,offenses_robbery_residence,offenses_robbery_total,offenses_theft_under_50,offenses_theft_50_to_200,offenses_theft_over_200,offenses_theft_total,offenses_theft_auto_part,offenses_theft_bicycle,offenses_theft_coin_machine,offenses_theft_from_auto,offenses_theft_from_building,offenses_theft_pick_pocket,offenses_theft_purse_snatch,offenses_theft_shoplift,offenses_theft_all_other,auto_stolen_recover_local,auto_stolen_recovered_other,auto_theft_total,auto_stole_oth_recover_local,value_burg_resident_night,value_burg_resident_day,value_burg_resident_unk,value_burg_nonresident_night,value_burg_nonresident_day,value_burg_nonresident_unk,value_burg_total,value_motor_vehicle_theft,value_murder,value_rape,value_robbery_bank,value_robbery_chain_store,value_robbery_gas_station,value_robbery_highway,value_robbery_house,value_robbery_misc,value_robbery_residence,value_robbery_total,value_theft_under_50,value_theft_50_to_200,value_theft_over_200,value_theft_total,value_total_all_values,value_theft_auto_part,value_theft_bicycle,value_theft_coin_machine,value_theft_from_auto,value_theft_from_building,value_theft_pick_pocket,value_theft_purse_snatch,value_theft_shoplift,value_theft_all_other,value_stolen_clothing_or_fur,value_stolen_consumable_good,value_stolen_currency,value_stolen_guns,value_stolen_household_good,value_stolen_jewel_metal,value_stolen_livestock,value_stolen_local_mtr_veh,value_stolen_misc,value_stolen_office_equip,value_stolen_tv_and_radio,value_stolen_total,value_recovered_clothing_or_fur,value_recovered_consumable_good,value_recovered_currency,value_recovered_guns,value_recovered_house_good,value_recovered_jewel_metal,value_recovered_livestock,value_recovered_local_mtv_veh,value_recovered_misc,value_recovered_office_equip,value_recovered_tv_and_radio,value_recovered_total,price,in_2023_dollars
Mulvane Police Department,2023-12-01,Kansas,5970,KS09603,8670000,0,0,0,0,1000,8671000,0,727,0,0,4100000,1,0,0,0,0,4100001,0,0,0,0,0,0,0,0,0,0,0,0,0,0,1000000,0,0,0,0,0,0,0,0,0,0,0,7600000,0,0,0,95,300000000,0,0,0,0,0,0,0,0,0,0,0,0,0,10000,0,0,0,100000,0,0,0,0,1000,0,10000000,2,200,20000,0,0,0,0,0,0,0,0,0,0,0,0,0,1,1
Mulvane Police Department,2023-11-01,Kansas,5970,KS09603,0,0,50000,0,100000,0,150000,0,0,0,0,0,0,0,50,0,0,50,0,0,0,0,0,0,0,0,0,0,0,0,0,0,0,0,0,1000000,0,0,0,0,0,0,0,10000002,200,0,1000,0,50000,0,100,200000,0,0,0,0,0,0,0,0,0,0,0,0,0,0,0,0,200000,0,2060,0,0,9,0,530000000,7,270000000,0,0,200000000,0,650000,0,9530000,0,0,0,0,0,0,1,1
Mulvane Police Department,2023-10-01,Kansas,5970,KS09603,0,0,0,0,0,0,0,0,0,0,0,0,0,0,0,0,0,0,5000,0,0,5000,0,0,0,0,0,0,0,0,0,0,0,0,1000000,0,621000000,0,0,0,0,0,0,0,500000000,121,0,121000,0,0,0,0,0,0,0,121,0,0,0,0,5,0,0,0,0,0,0,0,0,0,0,500000,0,0,0,0,0,0,0,621000000,0,70000,0,0,0,0,0,0,0,0,0,1,1
Mulvane Police Department,2023-09-01,Kansas,5970,KS09603,0,0,455000,0,0,0,455000,0,0,0,0,50,0,0,0,0,0,50,0,0,0,0,5,2000000,0,0,0,53,0,0,0,2000100,0,0,0,172500000,269,800000000,9200,0,0,0,0,0,0,0,0,0,0,40000,0,0,0,0,0,0,0,0,0,0,0,0,0,0,0,0,9,0,0,0,0,0,0,0,0,1000,0,1,0,0,0,20000000,0,0,200,0,0,0,0,2000,0,1,1
Mulvane Police Department,2023-08-01,Kansas,5970,KS09603,0,0,0,0,0,0,0,0,0,0,0,0,1,0,0,0,650,651,0,0,0,0,0,0,0,0,0,1000000,65,200010,0,0,0,0,0,100,40000,0,0,0,100000,0,0,0,0,0,0,10000,0,0,200000,10,20000001,2000000,0,100,0,0,0,0,0,0,0,0,0,0,0,0,13,0,0,0,0,400000000,3,0,300000000,0,0,550000000,0,16700000,10,280000000,9,0,530,26980000,0,200000,0,1,1
Mulvane Police Department,2023-07-01,Kansas,5970,KS09603,0,0,0,0,0,0,0,0,0,0,20,10,0,10,0,0,0,40,0,0,0,0,0,0,0,0,0,0,0,0,0,0,0,0,2,300000000,246,0,0,0,3000000,249,0,0,300,0,0,0,0,0,0,0,0,13,6500000,0,549000000,0,0,0,0,2,0,0,0,0,0,0,1000000,470000000,0,0,0,6500,0,0,0,0,0,0,0,0,0,0,1000000,547000,0,7,0,0,49000000,1,1
Mulvane Police Department,2023-06-01,Kansas,5970,KS09603,0,0,0,0,0,0,0,130,322000,0,0,0,20790,2500,0,6187,0,29477,0,0,0,0,0,1,0,0,2140000,0,73,5000000,0,0,0,0,0,400,0,170000,0,850000000,0,0,900000000,0,0,300000,300,500000000,452400,1,0,0,0,215500000,2,0,6187,31800,0,0,0,0,0,0,0,0,0,0,0,0,100000,0,0,0,0,0,155000000,473,0,0,100000,0,0,1000,0,3,100,400,0,0,10000,1,1
Mulvane Police Department,2023-05-01,Kansas,5970,KS09603,0,0,0,5000000,12,0,5000012,0,0,30000,1885,0,0,0,10100,0,0,11985,0,700000,0,700000,0,0,0,0,0,0,0,0,0,0,0,0,0,0,0,0,10000,0,0,0,0,0,25,0,0,10000000,0,1975000,0,0,0,100,30000003,100000,70000,0,0,2000000,0,400,0,0,0,1,0,0,0,0,0,0,0,0,0,0,0,0,0,0,0,598,0,0,0,598000000,0,17,0,0,320000000,1,1
Mulvane Police Department,2023-04-01,Kansas,5970,KS09603,0,10000,0,0,10000,10000,30000,0,0,0,10000,50000,0,10000,0,40000,80000,190000,80000,10000,10000,100000,0,0,0,0,0,0,0,0,0,0,0,100,0,0,0,0,0,0,0,0,0,0,0,0,0,0,0,0,0,0,0,0,0,0,5904,100000,7801000,21,0,0,681000000,0,75000000,6079,0,340000,50,0,0,400000,0,550000000,2,0,500000000,6000,0,0,650000,0,7000,0,3394,0,0,0,0,20000000,800,1,1
Mulvane Police Department,2023-03-01,Kansas,5970,KS09603,0,0,0,0,0,3,3,0,0,0,0,0,0,0,0,0,0,0,0,0,0,0,0,0,0,0,0,0,0,0,0,0,0,0,0,0,252400,1,250000000,0,0,0,0,0,0,0,999000000,1,0,0,0,1325,0,0,0,0,0,0,0,80000000,400000000,0,1582,0,0,0,199900,0,0,0,0,0,0,0,0,0,0,0,0,1999,0,0,0,0,0,0,100000,0,0,0,4,1,1
Mulvane Police Department,2023-02-01,Kansas,5970,KS09603,0,0,0,0,0,1500000,1500000,3169000,0,0,0,0,0,250000,3,0,0,250003,1150000,0,0,1150000,0,0,300,0,0,0,0,0,0,0,0,0,0,0,0,3000000,10000000,0,0,0,0,0,0,0,0,0,0,0,0,0,0,0,1000,0,1,0,30000000,0,0,0,30000,0,0,0,0,20000000,0,0,0,0,100000,0,0,0,0,0,0,0,0,0,125000,0,125000,0,0,0,0,0,0,1,1
Mulvane Police Department,2023-01-01,Kansas,5970,KS09603,0,1,0,0,0,0,1,1,0,0,0,0,0,0,0,0,0,0,0,2,3,5,0,0,0,1,0,0,0,0,4,0,0,0,16900,0,0,0,0,0,0,0,0,0,0,0,0,0,0,0,0,0,0,0,0,0,0,0,0,0,0,0,1500,0,0,0,190000,616,0,0,0,0,300000000,1250,900000000,0,0,0,0,0,0,0,650000000,0,0,0,0,500,0,15,0,1,1
Mulvane Police Department,2022-12-01,Kansas,5833,KS09603,2530000,2,0,0,0,294400,2824402,0,0,0,0,0,5,80,3000000,0,0,3000085,300,0,20000,20300,5900000,0,0,3,0,0,2,1000000,0,0,0,0,0,0,0,0,0,0,0,0,0,1,300479753,0,0,0,2518,312349015,0,0,0,0,0,0,0,0,0,0,0,0,0,10412,0,0,0,416465,0,0,0,0,0,0,0,2,416,0,0,0,0,20823,0,0,0,0,0,0,0,0,0,1,1.04116338383745
Mulvane Police Department,2022-11-01,Kansas,5833,KS09603,0,0,0,0,100000,0,100000,0,0,0,0,0,0,0,0,0,0,0,0,0,0,0,0,100000,0,0,100000,0,0,200000,400000,0,90,0,100,1041163,0,0,0,0,0,0,0,31234904,0,0,1041,0,52058,1041163,0,208233,10412,0,0,0,0,0,0,9816088,0,0,0,0,0,0,0,0,0,333172283,2551,0,0,19,211980865,239467578,16,812107439,20823,0,520581692,0,728814,4,272607809,0,0,0,0,0,0,1,1.04116338383745
Mulvane Police Department,2022-10-01,Kansas,5833,KS09603,0,0,0,0,0,0,0,0,0,0,0,0,0,0,0,0,0,0,0,0,0,0,0,0,0,0,0,0,0,0,0,0,0,3,6000000,1,115569136,0,0,0,0,0,0,0,0,1157,0,0,1099,0,0,57263986,0,0,0,36,0,850,0,0,108,270702480,0,0,0,0,0,0,0,0,0,0,0,35399555,0,0,0,0,0,115569136,0,1041,0,0,1,0,0,0,0,0,0,1,1.04116338383745
Mulvane Police Department,2022-09-01,Kansas,5833,KS09603,0,0,0,0,0,0,0,0,0,0,0,78,0,0,0,0,3000000,3000078,0,0,0,0,0,2700000,0,0,0,6,0,0,0,100,0,0,0,168668468,172,937047045,0,0,0,0,0,0,0,624698030,0,0,0,0,0,0,0,0,1457629,0,0,0,0,0,0,0,0,0,0,0,1458,0,0,0,0,0,0,0,0,0,0,0,208233,0,0,3,0,1,521,20823,0,0,0,2082,0,1,1.04116338383745
Mulvane Police Department,2022-08-01,Kansas,5833,KS09603,0,0,0,0,0,7500,7500,28,0,0,0,0,0,0,0,0,2000,2000,0,0,0,0,10,0,0,0,0,0,203,5500010,0,0,0,0,0,729,93705,0,0,0,416465,0,0,0,0,0,0,0,0,0,0,0,20823268,5205817,0,0,0,0,0,0,0,0,0,0,0,0,0,0,0,0,0,0,0,0,0,0,0,0,0,666344566,0,0,17,614286396,16,0,0,17272901,0,989105,0,1,1.04116338383745
Mulvane Police Department,2022-07-01,Kansas,5833,KS09603,0,0,0,0,0,0,0,0,0,0,30,30,0,0,0,0,0,60,0,0,0,0,0,0,0,0,0,0,0,0,0,0,0,0,2,0,12109,0,307143,0,5205817,12421,0,0,0,0,0,0,0,0,0,0,0,54,21114793,0,510170058,0,0,0,0,0,0,0,0,0,12161,0,52058169,520581692,0,0,0,20823,0,0,729,0,0,0,0,0,52058169,0,0,348790,0,33,78087,11,218644311,1,1.04116338383745
Mulvane Police Department,2022-06-01,Kansas,5833,KS09603,0,0,0,0,0,0,0,0,529000,0,0,0,74800,15600,0,3548,10000,103948,0,0,670500,670500,0,0,0,0,2000000,0,57,5000000,0,0,0,6,5000000,56,937047045,482059,0,277574158,68,624698030,624698030,0,0,1041163,10,0,46852,0,0,0,0,669988637,0,0,2653,0,0,0,16,0,0,0,0,5,937047045,0,0,0,104116,0,0,0,0,0,709032264,994,0,0,104116,0,0,0,0,31234904,0,625,0,0,10412,1,1.04116338383745
Mulvane Police Department,2022-05-01,Kansas,5833,KS09603,0,4000000,0,0,0,0,4000000,0,0,70000,2150,0,0,0,20100,0,0,22250,0,0,0,0,0,0,0,0,0,0,0,0,0,0,0,0,0,0,0,312,0,0,0,0,1041163,0,0,0,104,10411634,0,0,0,0,0,937,135351244,312349,270702,0,0,1041163,0,208,0,0,2394676,0,0,0,0,0,0,0,0,0,0,0,0,0,83355541,0,0,0,0,0,0,83355541,0,70,0,0,989105215,1,1.04116338383745
Mulvane Police Department,2022-04-01,Kansas,5833,KS09603,0,20000,0,20000,0,10000,50000,0,0,0,10000,0,0,0,0,0,50000,60000,10000,0,20000,30000,0,0,0,0,0,0,0,0,0,0,0,0,0,0,0,0,0,0,0,0,0,0,0,0,0,0,0,0,0,0,0,0,0,0,4027,176998,21089806,46,0,0,572639861,0,0,4204,0,11452797,4,12182,0,0,0,0,0,0,0,14243,0,0,0,0,20303,0,1841,0,0,0,0,629903847,0,1,1.04116338383745
Mulvane Police Department,2022-03-01,Kansas,5833,KS09603,44,0,1000000,2500000,0,1,3500045,0,0,0,0,0,0,0,0,0,0,0,0,4600000,0,4600000,0,0,9700000,0,1,0,0,0,0,0,0,0,0,0,80794,0,0,0,0,416465,52058,0,0,0,0,0,0,666345,0,526,0,0,0,0,0,0,0,69341481,208232677,0,618,0,0,0,0,0,0,0,0,0,0,0,0,0,0,0,0,0,0,0,0,0,0,0,104116,0,0,0,0,1,1.04116338383745
Mulvane Police Department,2022-02-01,Kansas,5833,KS09603,0,0,0,0,0,100000,100000,10100,0,0,0,0,0,0,0,0,0,0,100000,0,0,100000,0,0,0,0,0,0,0,0,0,0,20,0,0,0,0,0,10411634,0,0,0,0,0,0,0,0,0,0,0,0,0,0,0,0,0,0,0,31234905,104,1041163,104116,72881,0,104116338,0,0,20823268,0,3123,0,0,0,0,0,0,0,0,0,0,0,0,0,0,0,0,0,0,0,0,0,1,1.04116338383745
Mulvane Police Department,2022-01-01,Kansas,5833,KS09603,0,0,0,0,0,0,0,0,0,0,0,0,0,0,0,0,0,0,2,1,0,3,0,0,0,0,1,0,0,0,2,0,100,0,1010,0,0,0,0,0,0,0,0,0,0,0,0,0,0,0,0,0,0,0,0,0,0,0,0,0,0,0,0,0,0,0,104116,1,0,0,0,0,0,0,10411634,0,0,0,0,10,0,0,0,0,0,0,0,0,0,1,0,1,1.04116338383745
Mulvane Police Department,2021-12-01,Kansas,5614,KS09603,2240000,2,0,0,0,1200,2241202,47,3646,0,0,0,91,0,0,0,0,91,850,0,120000,120850,850000,0,0,0,9517000,5000000,0,0,0,1000000,0,0,3,0,0,0,0,0,0,0,0,1,551110395,0,0,103453,4505,449794242,112448561,0,0,0,0,0,0,103,0,0,0,0,0,112459805,0,0,0,562243,5622,674691363,0,0,41606,0,22489713,2,900,11245,0,0,0,11245,0,0,0,0,0,0,0,0,0,1,1.12448560525052
Mulvane Police Department,2021-11-01,Kansas,5614,KS09603,0,230000,1557200,0,100000,0,1887200,0,0,0,0,0,0,0,0,0,0,0,0,0,0,0,0,300000,0,0,0,0,0,0,300000,0,1107,5000000,0,4497942,0,0,0,0,0,0,0,123693420,900,0,0,0,247387,1124486,675,1349383,0,0,0,0,0,0,0,0,0,0,0,0,0,0,0,0,112449,0,3733,0,0,154,124536781,371080250,150,1023281901,171552,0,978302477,0,0,10,622065437,0,0,0,0,0,0,1,1.12448560525052
Mulvane Police Department,2021-10-01,Kansas,5614,KS09603,0,0,0,0,0,0,0,0,0,0,0,0,0,0,0,0,0,0,2000,0,0,2000,0,0,0,0,0,0,0,0,0,0,0,40,0,43,819750006,0,0,0,0,0,0,0,224897121,9591,0,74216,9476,0,0,40481482,16867284,0,0,3903,0,3632,0,0,148,931074081,0,0,0,1,899588484,0,0,16867,0,224897,0,5622428,0,0,50601852,0,0,819750006,16867,7591402,0,0,26,0,351,0,0,0,0,1,1.12448560525052
Mulvane Police Department,2021-09-01,Kansas,5614,KS09603,0,0,1840000,0,0,0,1840000,0,0,0,0,6,0,0,0,0,1000000,1000006,0,0,0,0,2,0,0,0,0,812,0,30,0,100,0,0,0,402678295,857,449794242,44979,0,0,0,0,11244856,0,112448561,292366257,0,0,0,0,3,0,0,0,0,0,0,0,0,0,0,0,0,0,0,45,0,0,0,0,0,0,0,0,1124,0,1,1236934,11245,0,11244864,0,9,2137,44979,0,0,0,7871,0,1,1.12448560525052
Mulvane Police Department,2021-08-01,Kansas,5614,KS09603,0,0,0,0,0,0,0,0,0,0,0,0,0,0,0,0,0,0,0,0,0,0,0,0,0,0,0,0,0,10,0,0,0,0,0,337,134938,0,0,0,224897,0,0,0,0,0,0,0,0,0,112449,112448561,67469140,7871399,0,337,0,0,0,0,0,0,0,0,0,0,0,0,0,0,0,17991770,0,0,0,0,0,0,0,674691363,0,17991770,67,269876545,63,0,3733,85730783,0,359835,0,1,1.12448560525052
Mulvane Police Department,2021-07-01,Kansas,5614,KS09603,0,0,0,0,0,0,0,0,0,0,20,30,0,40,0,0,0,90,0,0,0,0,0,0,0,0,0,0,0,0,0,0,0,0,140,719670787,17372,0,326101,0,11244856,17710,0,0,1844,0,0,0,0,0,0,0,1,19,0,0,437424900,0,0,0,0,551,0,0,0,0,1416,0,56224280,0,168673,0,0,0,0,0,15011,0,0,0,0,0,67469136,0,157427985,4093128,0,19,0,0,437424900,1,1.12448560525052
Mulvane Police Department,2021-06-01,Kansas,5614,KS09603,0,0,0,0,0,0,0,0,299000,0,0,0,26870,8600,0,438,0,35908,10,0,2500,2510,0,2,0,0,610000,0,60,0,0,0,0,0,0,0,0,0,0,0,3,562242803,787139924,0,0,0,0,0,146296,0,0,0,0,343080558,0,0,493,0,0,0,0,0,0,0,0,0,0,0,0,0,112449,0,0,0,0,0,0,0,0,0,562243,0,0,1124,0,33734569,112,1012,0,0,0,1,1.12448560525052
Mulvane Police Department,2021-05-01,Kansas,5614,KS09603,0,0,0,600000,0,0,600000,0,0,10000,3530,0,0,0,3500,0,0,7030,0,0,0,0,0,1000000,350000,0,0,120,0,0,0,0,0,0,0,0,0,0,0,0,11,0,0,0,17,0,0,11244856,0,131565,0,0,0,562,33734570,112449,112449,0,0,7871399,0,112,0,0,112449,11244856,0,0,0,0,0,0,0,0,0,0,0,0,0,0,0,0,0,0,0,19116255,0,26,0,19,22489712,1,1.12448560525052
Mulvane Police Department,2021-04-01,Kansas,5614,KS09603,0,0,10000,20000,0,10000,40000,0,10000,0,20000,20000,0,10000,0,10000,120000,180000,80000,0,30000,110000,0,0,0,0,0,0,0,0,0,91100,0,0,0,12263,0,0,0,910833340,0,0,0,0,0,0,0,0,0,0,0,0,0,804007208,12,0,14989,219275,0,28,0,0,269876545,0,0,15209,0,11244856,20,6297,0,0,0,809629636,0,0,0,11054,0,0,730916,0,0,0,15777,0,6842495,359835394,0,652201651,0,1,1.12448560525052
Mulvane Police Department,2021-03-01,Kansas,5614,KS09603,0,0,0,1300000,0,1,1300001,0,0,0,0,0,0,0,0,0,0,0,0,0,0,0,0,0,0,0,3,0,0,0,0,0,0,0,0,0,29574,0,0,1,0,0,0,0,0,0,0,0,0,819750,0,307,0,0,0,0,0,0,0,115709569,224897121,0,146,0,0,0,0,0,0,0,0,0,0,0,0,0,0,0,0,484,0,0,0,0,483528810,0,112449,0,2,0,0,1,1.12448560525052
Mulvane Police Department,2021-02-01,Kansas,5614,KS09603,0,0,0,0,0,900000,900000,246600,0,0,0,0,0,10000,0,0,0,10000,1295000,0,0,1295000,0,0,0,0,0,0,0,0,0,0,10,0,0,0,0,0,11244856,0,0,0,0,0,0,0,0,0,0,0,0,0,0,0,0,0,0,0,56224280,112,0,0,67469,0,0,0,0,22489712,0,3373,0,0,0,0,0,0,0,0,0,0,0,0,0,0,0,0,0,0,0,0,0,1,1.12448560525052
Mulvane Police Department,2021-01-01,Kansas,5614,KS09603,0,0,0,1,7,0,8,0,0,0,0,0,0,0,0,0,0,0,4,1,4,9,0,0,0,2,5,0,0,0,2,0,9800,0,20980,0,0,0,0,0,0,0,0,0,0,0,0,0,0,0,0,0,0,0,0,0,0,0,0,413810703,0,0,2080,400316875,13,0,168673,27,0,0,0,0,0,5791,742160499,0,0,0,0,15057,0,0,494773666,0,0,0,0,1306,0,2,0,1,1.12448560525052
Mulvane Police Department,2020-12-01,Kansas,5530,KS09603,3350000,7,0,0,0,4000,3354007,108,0,0,0,6700000,87,0,0,0,0,6700087,0,0,0,0,0,0,0,0,0,5000000,0,0,0,0,0,0,2000000,0,0,0,0,0,0,0,0,0,256654093,0,0,0,1253,0,0,0,353194,0,0,0,0,353,0,0,0,0,0,11773,0,0,0,706387,2355,117731235,0,0,3532,0,11773126,1,1060,0,0,0,0,70639,0,0,0,0,0,0,0,0,0,1,1.17731235192711
Mulvane Police Department,2020-11-01,Kansas,5530,KS09603,0,40000,6300,0,100000,0,146300,0,0,0,0,0,0,0,0,0,0,0,0,0,0,0,0,0,0,0,0,0,0,0,0,0,0,0,0,7063874,0,0,0,0,0,0,0,58865620,118,0,0,0,94185,0,0,235462,0,0,0,0,0,0,0,0,0,0,0,0,0,0,0,0,35319,0,1295,0,0,125,0,470924941,124,317874335,0,0,859438017,0,0,21,125266034,0,0,0,0,0,0,1,1.17731235192711
Mulvane Police Department,2020-10-01,Kansas,5530,KS09603,0,0,0,0,0,0,0,300,0,0,0,0,0,0,0,0,0,0,0,0,0,0,0,0,0,0,0,0,0,0,0,0,0,338,5000000,8,473279565,0,0,0,0,0,0,0,353193706,8361,0,274314,8087,0,0,0,0,0,0,5683,0,1427,0,0,111,74170678,0,0,0,1,588656176,0,0,353,0,482698,0,235462470,0,0,176596853,0,0,473279565,0,2368752,0,11773124,8,0,15,0,0,0,0,1,1.17731235192711
Mulvane Police Department,2020-09-01,Kansas,5530,KS09603,0,0,701000,0,0,0,701000,0,0,0,0,80,0,0,0,0,0,80,0,0,0,0,0,0,2000000,0,7,1071,0,0,0,1000100,0,0,0,94184988,1068,117731235,82530,0,0,0,0,0,0,0,0,0,0,0,0,0,0,0,0,0,0,0,0,0,0,0,0,0,0,0,82,0,0,0,118,0,0,0,0,1177,0,0,706387,0,0,23546247,0,5,942,23546,0,0,0,2355,0,1,1.17731235192711
Mulvane Police Department,2020-08-01,Kansas,5530,KS09603,0,0,0,0,5200000,0,5200000,0,0,0,0,0,0,0,0,0,0,0,0,0,470,470,0,0,0,0,0,0,52,4700010,0,0,0,0,0,118,82412,1177312,0,0,353194,0,0,0,0,0,0,11773,0,0,117731,0,47092496,3531937,0,118,0,0,0,0,0,0,0,0,0,0,0,0,0,0,0,0,0,0,41,0,0,0,0,247235594,43561,41205932,21,835891770,20,0,1766,150354560,0,0,0,1,1.17731235192711
Mulvane Police Department,2020-07-01,Kansas,5530,KS09603,0,0,0,0,0,0,0,0,0,20,20,0,0,0,0,0,0,20,0,0,0,0,0,0,0,0,0,0,0,0,0,0,0,0,10,235462470,1779,0,94185,0,55333681,1928,0,0,0,0,0,0,0,0,0,235,0,1,0,0,986587751,0,0,0,0,0,0,0,0,656940292,0,0,0,941849882,0,0,0,0,0,0,0,0,0,0,0,0,656940292,0,0,1412775,0,1,94185,0,986587751,1,1.17731235192711
Mulvane Police Department,2020-06-01,Kansas,5530,KS09603,0,0,0,0,0,0,0,0,0,0,0,0,83520,4900,0,838,0,89258,0,0,830600,830600,0,0,0,0,0,0,4,6000000,0,0,0,0,0,0,0,0,0,3531937,0,706387411,235462470,0,0,0,0,0,353,0,0,0,0,982231695,0,0,987,0,0,0,0,0,0,0,0,0,0,0,0,0,117731,0,0,0,0,0,0,0,0,0,235462,0,824118646,43561,0,11773125,0,471,0,4,0,1,1.17731235192711
Mulvane Police Department,2020-05-01,Kansas,5530,KS09603,0,6000000,0,0,0,0,6000000,0,0,0,677,0,0,0,3700,0,0,4377,0,0,0,0,0,0,0,0,0,0,0,0,0,0,0,0,0,0,0,0,11773,0,0,0,0,0,0,0,0,11773124,0,0,0,0,0,235,11773124,117731,35319,0,0,0,0,118,0,0,235462,0,0,0,0,0,0,0,0,0,0,0,0,0,0,0,0,0,0,0,353193706,353194,0,98,0,0,35319371,1,1.17731235192711
Mulvane Police Department,2020-04-01,Kansas,5530,KS09603,0,0,0,20000,0,0,20000,0,0,0,0,20000,0,10000,0,10000,20000,60000,0,0,10000,10000,0,0,0,0,0,0,0,0,0,0,0,0,0,0,0,0,0,583946927,0,0,0,0,0,0,0,0,0,0,0,0,23546247,607493174,0,0,1923,0,0,2,0,0,195433850,0,20014310,1943,0,0,0,8171,0,0,0,0,0,0,0,11255,0,0,0,0,0,0,1709,0,0,0,0,0,0,1,1.17731235192711
Mulvane Police Department,2020-03-01,Kansas,5530,KS09603,35,0,5000000,2000000,0,5,7000040,0,0,0,0,0,0,0,0,0,0,0,0,0,0,0,0,0,4000000,0,11,0,0,0,0,0,0,0,0,0,539562,0,0,5,0,0,1712989,0,0,0,0,0,0,4925875,0,141,0,5,0,0,0,0,0,98305581,941849882,0,2383,0,24,0,0,0,0,0,0,0,0,0,0,0,0,0,0,0,0,0,0,0,0,0,117731,0,1,0,1,1,1.17731235192711
Mulvane Police Department,2020-02-01,Kansas,5530,KS09603,0,0,8,0,0,0,8,504700,0,0,0,0,0,4700000,0,1500,0,4701500,2545000,0,0,2545000,0,0,0,0,0,0,0,0,0,0,10,0,0,0,117731235,118,11773124,0,0,0,0,0,0,0,0,0,0,0,0,0,0,0,1177,0,23546251,0,47092499,118,0,0,105958,0,0,0,0,23546247,0,7064,0,0,0,0,0,0,0,0,0,0,0,0,174289,0,167767,0,0,0,6,635748670,0,1,1.17731235192711
Mulvane Police Department,2020-01-01,Kansas,5530,KS09603,2,0,0,0,0,0,2,0,0,0,0,0,0,0,0,0,0,0,3,3,7,13,1,1,0,3,3,1,0,0,4,0,1100,0,35670,0,0,0,0,0,0,0,0,0,0,0,0,0,0,0,0,0,0,1742,0,0,0,0,1,565109929,0,0,3846,0,0,0,340243,59,0,0,0,0,0,10196,553336805,0,118,0,0,18978,0,1,647521794,0,282554964,0,0,2122,0,11,0,1,1.17731235192711
Mulvane Police Department,2019-12-01,Kansas,5462,KS09603,0,0,0,0,0,8500,8500,0,100,0,0,0,0,0,0,0,0,0,0,0,250000,250000,0,0,0,0,105000,0,0,0,0,0,0,0,0,0,0,0,0,0,0,0,0,0,373640427,0,0,0,3375,595917747,0,0,0,0,0,0,0,0,0,0,0,0,0,0,0,0,0,0,0,0,0,0,0,0,0,0,0,0,0,0,0,0,0,0,0,0,0,0,0,0,0,1,1.19183549339627
Mulvane Police Department,2019-11-01,Kansas,5462,KS09603,0,1000000,154500,0,100000,100000,1354500,0,0,0,0,0,0,0,0,0,0,0,0,0,0,0,0,200000,0,100000,100000,0,0,0,400000,0,308,5000000,1,0,0,0,0,0,0,0,0,1,0,0,0,0,11918,1191835,119,0,0,0,0,0,0,0,0,0,0,0,0,0,0,0,0,0,0,476734197,1192,0,0,1,38436695,0,0,0,297959,0,0,0,0,0,635546277,0,0,0,0,0,0,1,1.19183549339627
Mulvane Police Department,2019-10-01,Kansas,5462,KS09603,0,0,0,0,0,0,0,0,0,0,0,0,0,0,0,0,0,0,7350,0,0,7350,0,0,0,0,0,0,0,0,0,0,0,49,5000000,39,502954578,0,0,0,0,0,0,0,875999088,19495,0,384963,19068,0,0,41714242,9731337,0,0,1788,0,16593,0,0,1636,1114366186,0,0,0,0,834284845,0,0,9535,0,83428,0,0,0,0,23836710,0,0,306301722,0,3498037,0,53632597,30,0,596,0,0,0,0,1,1.19183549339627
Mulvane Police Department,2019-09-01,Kansas,5462,KS09603,0,0,1220000,0,0,0,1220000,0,0,0,0,364,0,0,0,0,2000000,2000364,0,0,0,0,15,6000000,0,0,28,2497,0,30,0,9000100,0,100,0,419406910,4759,715101296,0,0,35755065,32,0,321795583,12,0,48865255,0,0,29796,0,72,0,0,4767342,0,321795583,0,0,0,186998989,72,0,0,0,23836710,5438,0,0,0,0,0,0,0,0,3576,0,4,834285,11918,0,47673421,0,6,1430,47673,0,0,0,3576,0,1,1.19183549339627
Mulvane Police Department,2019-08-01,Kansas,5462,KS09603,0,0,0,0,0,0,0,0,0,0,0,0,0,0,0,0,0,0,0,0,0,0,0,0,0,0,0,0,0,10,0,0,0,300,0,238,178775,1191835,0,0,953468,0,0,0,0,0,0,0,11918356,0,0,0,131101907,4767342,0,358,0,0,0,0,0,0,0,0,0,0,0,0,0,3576,0,0,0,0,0,0,0,0,0,762774716,373640,0,98,1024978524,95,0,2288,849611850,0,357551,0,1,1.19183549339627
Mulvane Police Department,2019-07-01,Kansas,5462,KS09603,0,0,0,0,0,0,0,0,0,0,10,0,0,10,0,0,0,20,0,0,0,0,0,0,0,0,0,0,0,0,0,0,0,0,8,0,1478,0,0,0,0,1478,0,0,0,0,0,0,0,0,0,0,0,30,14355659,0,393305713,0,0,0,0,524,0,0,0,0,0,0,11918355,0,0,0,0,14302,0,0,0,0,0,429,0,0,0,0,0,1090529,0,15,0,0,339673116,1,1.19183549339627
Mulvane Police Department,2019-06-01,Kansas,5462,KS09603,0,0,0,0,0,0,0,0,273000,0,0,0,5830,1000,0,90,0,6920,0,0,0,0,0,0,0,0,2830000,0,30,0,0,0,0,0,0,24,1072651944,0,0,2383671,0,0,357550648,0,0,0,1,0,48150,0,0,0,0,30987723,0,0,107,0,0,0,0,0,0,0,0,0,0,0,0,0,119184,1,0,0,0,0,0,0,0,0,238367,0,0,0,0,0,0,238,0,0,11918,1,1.19183549339627
Mulvane Police Department,2019-05-01,Kansas,5462,KS09603,3,1000000,5900000,1500000,0,0,8400003,0,0,20000,530,0,0,0,0,0,0,530,0,0,0,0,0,0,0,0,0,0,0,0,0,0,0,0,0,0,0,0,11918,0,0,0,0,0,18,0,0,11918355,0,79734,0,0,0,238,11918357,119184,59592,0,0,4767342,0,119,0,0,0,0,0,0,0,0,0,0,0,0,0,0,0,0,0,0,0,4,0,0,238367099,3813874,0,4,0,0,0,1,1.19183549339627
Mulvane Police Department,2019-04-01,Kansas,5462,KS09603,0,0,0,0,0,10000,10000,0,0,0,30000,20000,0,0,20000,20000,50000,140000,40000,0,50000,90000,0,0,0,0,0,0,0,0,0,0,0,0,0,0,0,0,0,0,615,0,0,0,0,0,0,0,0,0,0,0,0,614987115,0,0,2900,536326,0,4,0,0,513681098,0,38138736,3474,0,238367,19,0,0,0,0,583999392,0,0,0,14850,0,0,0,0,1,0,2667,0,387347,0,0,169240640,209,1,1.19183549339627
Mulvane Police Department,2019-03-01,Kansas,5462,KS09603,34,0,2000000,0,0,3,2000037,0,0,0,1500,0,0,0,0,0,0,1500,0,0,0,0,0,0,0,0,0,0,0,0,0,0,0,0,150,0,86051,0,125142727,2,0,0,0,0,0,0,0,0,0,3142870,0,1275,0,6,0,0,0,0,0,225852826,834284845,0,459,0,14,0,10488,0,0,0,0,0,0,0,0,0,60,0,0,2089,0,1,0,0,554203504,0,119184,0,0,0,0,1,1.19183549339627
Mulvane Police Department,2019-02-01,Kansas,5462,KS09603,0,0,0,0,0,5000000,5000000,493100,0,3,0,0,0,2500000,0,250,0,2500250,1299000,0,0,1299000,0,65,0,0,5000000,0,1940,0,0,0,0,0,0,8,0,114893,11918355,0,0,0,0,0,0,0,2,0,2980,0,0,0,0,0,0,0,0,23837,47673425,0,0,238367,95347,0,0,0,0,23836710,0,7151,0,0,0,0,0,0,0,0,0,0,0,0,0,0,0,1,0,595917747,0,0,0,1,1.19183549339627
Mulvane Police Department,2019-01-01,Kansas,5462,KS09603,0,0,0,1,0,0,1,0,0,0,0,0,0,0,0,0,0,0,5,5,5,15,0,1,0,9,4,0,0,0,1,0,5000,0,38570,0,0,0,0,0,0,0,0,0,0,0,0,0,0,0,0,0,0,0,0,0,0,0,1,88195827,0,0,3754,0,1280,0,783036,58,0,0,0,0,0,34086,369469003,0,0,0,0,8379,0,1,1120325364,0,0,0,0,366,0,1,0,1,1.19183549339627
Mulvane Police Department,2018-12-01,Kansas,5413,KS09603,1,0,0,0,0,0,1,3,0,0,0,0,0,0,0,0,0,0,2,3,6,11,0,0,0,2,4,0,0,1,4,0,0,0,0,0,16139,0,0,0,0,16139,31756,0,0,0,0,0,0,0,0,0,0,18,487,14752,15257,94906,0,0,0,10933,1854,0,0,6,2463,146,6,2506,182,146,1031,0,46717,12344,0,73,63151,0,0,465,0,0,0,0,33369,0,0,0,33834,1,1.21343405628813
Mulvane Police Department,2018-11-01,Kansas,5413,KS09603,0,0,0,0,0,0,0,2,0,0,0,0,0,0,0,0,0,0,1,6,1,8,0,0,0,0,4,0,0,0,4,0,0,0,0,0,0,0,0,0,0,0,39376,0,0,0,0,0,0,0,0,0,0,0,536,6067,6604,85355,0,0,0,0,352,0,0,0,6252,0,0,6320,0,102,0,0,38830,364,364,0,45979,0,0,0,0,0,0,0,0,0,0,0,0,1,1.21343405628813
Mulvane Police Department,2018-10-01,Kansas,5413,KS09603,1,0,0,1,0,0,2,1,0,1,0,0,0,0,0,0,0,0,2,0,6,8,0,0,0,1,4,0,0,0,3,0,0,0,0,0,2427,0,0,0,0,2427,30761,0,0,0,0,0,0,0,0,0,0,51,0,9615,9666,73614,0,0,0,2,7055,0,0,0,2609,49,364,2216,0,0,4247,0,30336,5642,0,0,42854,0,0,0,0,0,0,0,30336,2306,0,0,32641,1,1.21343405628813
Mulvane Police Department,2018-09-01,Kansas,5413,KS09603,0,1,0,0,0,0,1,0,0,0,0,0,0,0,0,0,0,0,2,4,6,12,0,0,0,2,4,0,0,1,5,0,0,0,0,886,0,0,0,0,0,886,0,0,0,0,0,0,0,0,0,0,0,52,584,6480,7116,8001,0,0,0,1353,502,0,0,1273,3987,73,0,2026,607,176,1273,0,0,3543,0,303,8001,0,0,0,0,0,1273,0,0,1517,0,0,2790,1,1.21343405628813
Mulvane Police Department,2018-08-01,Kansas,5413,KS09603,1,0,0,0,1,0,2,0,0,1,0,0,0,0,0,0,0,0,2,4,5,11,0,0,0,3,4,0,0,0,4,0,0,0,0,0,485,0,0,0,0,485,0,0,0,0,0,0,0,0,0,0,0,92,496,6554,7142,7628,0,0,0,2233,3762,0,0,0,1148,328,110,1614,0,85,0,0,0,5066,340,85,7628,85,0,1460,0,0,0,0,0,1335,0,0,2879,1,1.21343405628813
Mulvane Police Department,2018-07-01,Kansas,5413,KS09603,0,1,0,0,0,0,1,3,0,0,0,0,0,0,0,0,0,0,3,1,3,7,0,0,0,2,3,0,0,1,1,0,0,0,0,0,0,0,0,0,0,0,7287,0,0,0,0,0,0,0,0,0,0,13,73,3392,3478,18051,0,0,0,1,3392,0,0,12,73,85,0,388,0,637,0,0,6431,2853,0,370,10764,0,0,0,0,0,0,0,2791,0,0,182,2973,1,1.21343405628813
Mulvane Police Department,2018-06-01,Kansas,5413,KS09603,0,1,0,0,0,0,1,0,0,0,0,0,0,0,0,0,0,0,3,4,6,13,1,3,0,0,5,0,0,1,3,0,0,0,0,4878,0,0,0,0,0,4878,0,0,0,0,0,0,0,0,0,0,0,61,536,4059,4656,9534,1699,1030,0,0,1775,0,0,36,115,24,0,5424,0,170,127,0,0,3758,0,30,9534,0,0,0,0,0,0,0,0,1747,0,0,1747,1,1.21343405628813
Mulvane Police Department,2018-05-01,Kansas,5413,KS09603,0,0,0,1,0,0,1,2,0,0,0,0,0,0,0,0,0,0,2,6,10,18,0,1,0,1,11,0,0,0,5,0,0,0,0,0,0,0,0,4611,0,4611,38240,0,0,0,0,0,0,0,0,0,0,34,880,5490,6403,87495,0,170,0,10,5588,0,0,0,636,42,147,1854,0,364,0,0,38240,8425,0,182,49255,0,0,0,0,24,36,0,38240,28,0,24,38353,1,1.21343405628813
Mulvane Police Department,2018-04-01,Kansas,5413,KS09603,1,0,0,0,0,0,1,1,0,0,0,0,0,0,0,0,0,0,2,4,5,11,0,0,0,1,3,1,1,0,5,0,0,0,0,0,97,0,0,0,0,97,4854,0,0,0,0,0,0,0,0,0,0,24,576,2881,3481,13286,0,0,0,326,285,303,121,0,2445,6,0,1347,0,49,36,0,4854,2116,0,24,8432,0,0,0,0,0,0,0,0,1517,0,0,1517,1,1.21343405628813
Mulvane Police Department,2018-03-01,Kansas,5413,KS09603,1,0,0,0,0,0,1,4,0,0,0,0,0,0,0,0,0,0,6,3,8,17,0,1,0,4,7,0,0,0,5,0,0,0,0,0,73,0,0,0,0,73,131143,0,0,0,0,0,0,0,0,0,0,50,408,6548,7005,269364,0,108,0,329,3225,0,0,0,3343,170,6,2946,0,123,0,0,131051,3792,121,12,138221,104,0,1226,0,0,0,0,91008,2094,0,649,95081,1,1.21343405628813
Mulvane Police Department,2018-02-01,Kansas,5413,KS09603,0,0,0,0,0,0,0,1,0,1,0,0,0,0,0,0,0,0,7,1,4,12,0,0,0,6,3,0,0,1,2,0,0,0,0,0,0,0,0,0,0,0,4247,0,0,0,0,0,0,0,0,0,0,107,218,4605,4930,13424,0,0,0,3210,1491,0,0,11,218,745,433,243,789,364,0,0,4247,1696,0,660,9177,0,0,0,0,0,0,0,4247,825,0,11,5083,1,1.21343405628813
Mulvane Police Department,2018-01-01,Kansas,5413,KS09603,0,0,0,1,0,0,1,0,0,0,0,0,0,0,0,0,0,0,6,1,5,12,0,0,1,4,4,0,0,0,3,0,0,0,0,0,0,0,0,1529,0,1529,0,0,0,0,0,0,0,0,0,0,0,46,182,5158,5386,6915,0,0,24,3632,686,0,0,0,1045,698,0,1063,0,0,0,0,0,3456,1456,243,6915,0,0,261,0,0,0,0,0,457,0,0,718,1,1.21343405628813
Mulvane Police Department,2017-12-01,Kansas,5364,KS09603,1,1,0,3,1,0,6,0,0,0,0,0,0,0,0,0,0,0,1,2,6,9,1,0,0,1,6,0,0,0,1,0,0,0,0,398,3182,0,876,191,0,4648,0,0,0,0,0,0,0,0,0,0,0,12,246,5520,5779,10427,12,0,0,1231,4461,0,0,0,75,848,112,3810,1597,93,1415,0,0,1781,373,398,10427,0,0,0,0,0,0,0,0,0,0,0,0,1,1.24307319386626
Mulvane Police Department,2017-12-01,Kansas,6343,KS09603,1,1,0,3,1,0,6,0,0,0,0,0,0,0,0,0,0,0,1,2,7,10,1,0,0,2,6,0,0,0,1,0,0,0,0,398,3182,0,876,191,0,4648,0,0,0,0,0,0,0,0,0,0,0,12,246,8877,9135,13783,12,0,0,4587,4461,0,0,0,75,2091,112,5675,1597,93,1663,0,0,1781,373,398,13783,0,0,0,0,0,0,0,0,0,0,0,0,1,1.24307319386626
Mulvane Police Department,2017-11-01,Kansas,5364,KS09603,0,0,0,0,0,0,0,0,0,0,0,0,0,0,0,0,1,1,4,4,5,13,1,0,0,2,5,0,0,1,4,0,0,0,0,0,0,0,0,0,0,0,0,0,0,0,0,0,0,0,0,1,1,81,897,2281,3259,3261,215,0,0,290,1406,0,0,44,1305,168,311,1361,0,10,65,0,0,1346,0,0,3261,44,0,213,0,0,0,0,0,124,0,0,380,1,1.24307319386626
Mulvane Police Department,2017-11-01,Kansas,6343,KS09603,0,0,0,0,0,0,0,0,0,0,0,0,0,0,0,0,1,1,4,4,5,13,3,0,0,1,5,0,0,1,3,0,0,0,0,0,0,0,0,0,0,0,0,0,0,0,0,0,0,0,0,1,1,81,897,2281,3259,3261,215,0,0,290,1406,0,0,44,1305,168,311,1361,0,10,65,0,0,1346,0,0,3261,44,0,213,0,0,0,0,0,124,0,0,380,1,1.24307319386626
Mulvane Police Department,2017-10-01,Kansas,5364,KS09603,0,0,0,0,1,0,1,0,0,2,0,0,0,0,0,0,0,0,1,3,6,10,1,1,0,0,5,0,0,0,3,0,0,0,0,0,0,0,5053,0,0,5053,0,0,0,0,0,0,0,0,0,0,0,37,336,5397,5770,10823,403,124,0,0,4261,0,0,0,982,3996,0,1638,0,112,0,0,0,2491,2486,99,10823,0,0,0,0,0,0,0,0,0,0,0,0,1,1.24307319386626
Mulvane Police Department,2017-10-01,Kansas,6343,KS09603,0,0,0,0,1,0,1,0,0,1,0,0,0,0,0,0,0,0,1,3,6,10,1,1,0,0,5,0,0,0,3,0,0,0,0,0,0,0,5053,0,0,5053,0,0,0,0,0,0,0,0,0,0,0,37,336,5397,5770,10823,403,124,0,0,4261,0,0,0,982,3996,0,1638,0,112,0,0,0,2491,2486,99,10823,0,0,0,0,0,0,0,0,0,0,0,0,1,1.24307319386626
Mulvane Police Department,2017-09-01,Kansas,5364,KS09603,0,0,0,0,0,0,0,0,0,0,0,0,0,0,0,0,0,0,5,6,6,17,0,0,0,8,3,0,0,0,6,0,0,0,0,0,0,0,0,0,0,0,0,0,0,0,0,0,0,0,0,0,0,88,825,3285,4199,4199,0,0,0,2830,394,0,0,0,975,385,310,1575,957,131,0,0,0,840,0,1,4199,25,0,0,0,0,0,0,2486,0,0,1,2512,1,1.24307319386626
Mulvane Police Department,2017-09-01,Kansas,6343,KS09603,0,0,0,0,0,0,0,0,0,0,0,0,0,0,0,0,0,0,5,6,6,17,0,0,0,8,3,0,0,0,6,0,0,1,0,0,0,0,0,0,0,0,0,0,0,0,0,0,0,0,0,0,0,88,825,3285,4199,4199,0,0,0,2830,394,0,0,0,975,385,310,1575,957,131,0,0,0,840,0,1,4199,25,0,0,0,0,0,0,2486,0,0,1,2512,1,1.24307319386626
Mulvane Police Department,2017-08-01,Kansas,5364,KS09603,1,0,0,0,0,0,1,1,0,0,0,0,0,0,0,0,0,0,5,4,4,13,1,1,0,4,5,0,0,0,2,0,0,0,0,0,56,0,0,0,0,56,1,0,0,0,0,0,0,0,0,0,0,104,388,2893,3385,3443,1,124,0,768,2341,0,0,0,150,702,237,682,0,0,0,0,1,1744,0,75,3442,0,0,497,0,0,0,0,1,994,0,75,1568,1,1.24307319386626
Mulvane Police Department,2017-08-01,Kansas,6343,KS09603,1,0,0,0,0,0,1,1,0,0,0,0,0,0,0,0,0,0,5,4,4,13,3,1,0,2,5,0,0,0,2,0,0,1,0,0,56,0,0,0,0,56,1,0,0,0,0,0,0,0,0,0,0,104,388,2893,3385,3442,1,124,0,768,2341,0,0,0,150,702,237,682,0,0,0,0,1,1744,0,75,3442,0,0,497,0,0,0,0,1,994,0,75,1568,1,1.24307319386626
Mulvane Police Department,2017-07-01,Kansas,5364,KS09603,1,0,0,0,0,0,1,5,0,1,0,0,0,0,0,0,0,0,7,4,9,20,1,0,0,9,10,0,0,0,0,0,0,0,0,0,6862,0,0,0,0,6862,36933,0,0,0,0,0,0,0,0,0,0,126,870,13141,14136,94864,1,0,0,9685,4450,0,0,0,0,324,262,2601,692,81,0,0,36919,11924,3481,1647,57931,0,237,1367,0,0,0,0,5844,1875,0,0,9323,1,1.24307319386626
Mulvane Police Department,2017-07-01,Kansas,6343,KS09603,1,0,0,0,0,0,1,5,0,1,0,0,0,0,0,0,0,0,7,4,9,20,1,0,0,9,10,0,0,0,0,0,0,3,0,0,6862,0,0,0,0,6862,36933,0,0,0,0,0,0,0,0,0,0,126,870,13141,14136,57931,1,0,0,9685,4450,0,0,0,0,324,262,2601,692,81,0,0,36919,11924,3481,1647,57931,0,237,1367,0,0,0,0,5844,1875,0,0,9323,1,1.24307319386626
Mulvane Police Department,2017-06-01,Kansas,5364,KS09603,0,1,0,0,0,0,1,2,0,0,0,0,0,0,0,0,0,0,20,9,15,44,3,0,0,34,6,0,0,0,1,0,0,0,0,12648,0,0,0,0,0,12648,26111,0,0,0,0,0,0,0,0,0,0,229,1016,14575,15819,80689,17,0,0,11942,3425,0,0,0,435,1176,379,7335,0,124,2001,0,36671,5015,920,957,54578,26,0,0,0,0,0,0,36671,436,0,0,37133,1,1.24307319386626
Mulvane Police Department,2017-06-01,Kansas,6343,KS09603,0,1,0,0,0,0,1,2,0,0,0,0,0,0,0,0,0,0,20,9,15,44,6,0,0,31,6,0,0,0,1,0,0,2,0,12648,0,0,0,0,0,12648,26111,0,0,0,0,0,0,0,0,0,0,229,1016,14575,15819,54578,17,0,0,11942,3425,0,0,0,435,1176,379,7335,0,124,2001,0,36671,5015,920,957,54578,26,0,0,0,0,0,0,36671,436,0,0,37133,1,1.24307319386626
Mulvane Police Department,2017-05-01,Kansas,5364,KS09603,0,1,0,0,0,0,1,3,0,0,0,0,0,0,0,0,0,0,1,2,6,9,1,0,0,2,4,0,0,0,2,0,0,0,0,3170,0,0,0,0,0,3170,10028,0,0,0,0,0,0,0,0,0,0,61,252,15880,16194,39419,78,0,0,13842,1809,0,0,0,465,231,272,648,0,3325,0,0,9074,6791,1032,8018,29391,25,0,1,0,0,0,0,4103,746,0,0,4875,1,1.24307319386626
Mulvane Police Department,2017-05-01,Kansas,6343,KS09603,0,1,0,0,0,0,1,3,0,0,0,0,0,0,0,0,0,0,1,2,6,9,1,0,0,2,4,0,0,0,2,0,0,2,0,3170,0,0,0,0,0,3170,10028,0,0,0,0,0,0,0,0,0,0,61,252,15880,16194,29391,78,0,0,13842,1809,0,0,0,465,231,272,648,0,3325,0,0,9074,6791,1032,8018,29391,25,0,1,0,0,0,0,4103,746,0,0,4875,1,1.24307319386626
Mulvane Police Department,2017-04-01,Kansas,5364,KS09603,0,1,0,0,0,0,1,0,0,1,0,0,0,0,0,0,0,0,5,4,8,17,0,0,1,4,9,0,0,0,3,0,0,0,0,2486,0,0,0,0,0,2486,0,0,0,0,0,0,0,0,0,0,0,53,547,8930,9531,12017,0,0,62,3676,3890,0,0,0,1903,3126,1963,2881,0,273,0,0,0,3387,124,261,12017,1,0,454,0,0,0,0,0,199,0,12,666,1,1.24307319386626
Mulvane Police Department,2017-04-01,Kansas,6343,KS09603,0,1,0,0,0,0,1,0,0,1,0,0,0,0,0,0,0,0,5,4,8,17,1,0,1,4,9,0,0,0,2,0,0,0,0,2486,0,0,0,0,0,2486,0,0,0,0,0,0,0,0,0,0,0,53,547,8930,9531,12017,0,0,62,3676,3890,0,0,0,1903,3126,1963,2881,0,273,0,0,0,3387,124,261,12017,1,0,454,0,0,0,0,0,199,0,12,666,1,1.24307319386626
Mulvane Police Department,2017-03-01,Kansas,5364,KS09603,0,0,0,1,0,0,1,0,0,0,0,0,0,0,0,0,0,0,4,3,6,13,1,0,0,2,7,0,0,0,3,0,0,0,0,0,0,0,0,0,0,0,0,0,0,0,0,0,0,0,0,0,0,41,370,4972,5384,5384,1,0,0,1417,2434,0,0,0,1531,56,215,1834,0,0,0,0,0,3279,0,0,5384,0,0,461,0,0,0,0,0,0,0,0,461,1,1.24307319386626
Mulvane Police Department,2017-03-01,Kansas,6343,KS09603,0,0,0,1,0,0,1,0,0,0,0,0,0,0,0,0,0,0,4,3,6,13,1,0,0,2,7,0,0,0,3,0,0,0,0,0,0,0,0,0,0,0,0,0,0,0,0,0,0,0,0,0,0,41,370,4972,5384,5384,1,0,0,1417,2434,0,0,0,1531,56,215,1834,0,0,0,0,0,3279,0,0,5384,0,0,461,0,0,0,0,0,0,0,0,461,1,1.24307319386626
Mulvane Police Department,2017-02-01,Kansas,5364,KS09603,1,1,0,0,0,0,2,0,0,1,0,0,0,0,0,0,0,0,2,1,3,6,0,0,0,1,4,0,0,0,1,0,0,0,0,0,3794,0,0,0,0,3794,0,0,0,0,0,0,0,0,0,0,0,48,137,1586,1771,5565,0,0,0,373,1375,0,0,0,24,398,160,343,2113,0,0,0,0,1094,960,497,5565,25,0,0,0,0,0,0,0,1,0,0,26,1,1.24307319386626
Mulvane Police Department,2017-02-01,Kansas,6343,KS09603,1,1,0,0,0,0,2,0,0,1,0,0,0,0,0,0,0,0,2,1,3,6,0,0,0,1,4,0,0,0,1,0,0,0,0,0,3794,0,0,0,0,3794,0,0,0,0,0,0,0,0,0,0,0,48,137,1586,1771,5565,0,0,0,373,1375,0,0,0,24,398,160,343,2113,0,0,0,0,1094,960,497,5565,25,0,0,0,0,0,0,0,1,0,0,26,1,1.24307319386626
Mulvane Police Department,2017-01-01,Kansas,5364,KS09603,1,0,0,1,1,0,3,2,0,0,0,0,0,0,0,0,0,0,4,4,4,12,1,1,0,5,3,0,0,0,2,0,0,0,0,0,0,0,466,510,0,976,31599,0,0,0,0,0,0,0,0,0,0,106,364,6342,6812,70986,1,62,0,1544,1924,0,0,0,3280,833,104,706,0,0,0,0,27596,8687,0,1461,39387,0,56,0,0,0,0,0,2735,188,0,0,2978,1,1.24307319386626
Mulvane Police Department,2017-01-01,Kansas,6343,KS09603,1,0,0,1,1,0,3,2,0,0,0,0,0,0,0,0,0,0,4,4,4,12,2,1,0,4,3,0,0,0,2,0,0,1,0,0,0,0,466,510,0,976,31599,0,0,0,0,0,0,0,0,0,0,106,364,6342,6812,39387,1,62,0,1544,1924,0,0,0,3280,833,104,706,0,0,0,0,27596,8687,0,1461,39387,0,56,0,0,0,0,0,2735,188,0,0,2978,1,1.24307319386626
Mulvane Police Department,2016-12-01,Kansas,6347,KS09603,2,0,0,0,0,0,2,0,0,0,0,0,0,0,0,0,1,1,4,6,10,20,1,0,0,6,8,0,0,1,4,0,0,0,0,0,895,0,0,0,0,895,0,0,0,0,0,0,0,0,0,3301,3301,72,701,9218,9991,14187,0,0,0,1313,4992,0,0,137,3550,89,1134,1833,1016,25,3301,0,0,4680,692,1418,14187,0,0,0,0,0,0,0,0,1549,0,0,1549,1,1.26955202032162
Mulvane Police Department,2016-11-01,Kansas,6347,KS09603,0,0,0,1,0,0,1,1,0,0,0,0,0,0,0,0,0,0,6,7,3,16,0,0,0,4,9,0,0,0,3,0,0,0,0,0,0,0,0,70,0,70,2253,0,0,0,0,0,0,0,0,0,0,113,896,2162,3171,5495,0,0,0,903,1908,0,0,0,361,501,174,1314,0,84,609,0,1016,1746,0,51,5495,0,0,0,0,0,0,0,0,0,0,0,0,1,1.26955202032162
Mulvane Police Department,2016-10-01,Kansas,6347,KS09603,0,0,0,0,0,0,0,1,0,0,0,0,0,0,0,0,0,0,3,7,8,18,0,1,0,10,4,0,0,0,3,0,0,1,0,0,0,0,0,0,0,0,3809,0,0,0,0,0,0,0,0,0,0,90,858,5785,6734,10542,0,89,0,3678,2632,0,0,0,335,140,1,495,1954,279,0,0,3809,1427,1308,1130,10542,127,0,0,0,0,0,0,3809,216,1016,0,5167,1,1.26955202032162
Mulvane Police Department,2016-09-01,Kansas,6347,KS09603,0,0,0,0,0,0,0,3,0,0,0,0,0,0,0,0,0,0,11,6,4,21,1,0,0,7,9,0,0,1,3,0,0,2,0,0,0,0,0,0,0,0,16022,0,0,0,0,0,0,0,0,0,0,171,799,2340,3310,19331,8,0,0,861,1944,0,0,3,495,132,110,55,0,193,190,0,14600,4042,0,9,19331,70,8,14,0,0,32,0,4443,579,0,0,5145,1,1.26955202032162
Mulvane Police Department,2016-08-01,Kansas,6347,KS09603,0,1,0,0,0,0,1,1,0,0,0,0,0,0,0,0,0,0,1,1,6,8,0,0,0,2,5,0,0,0,1,0,0,0,0,31740,0,0,0,0,0,31740,13965,0,0,0,0,0,0,0,0,0,0,10,128,4363,4502,50207,0,0,0,1428,2312,0,0,0,762,63,128,1188,0,0,0,0,45704,3015,0,108,50207,0,0,934,0,0,0,0,31739,1212,0,0,33886,1,1.26955202032162
Mulvane Police Department,2016-07-01,Kansas,6347,KS09603,0,0,0,0,0,0,0,0,0,0,0,0,0,0,0,0,0,0,3,1,1,5,1,0,0,0,0,0,0,0,4,0,0,0,0,0,0,0,0,0,0,0,0,0,0,0,0,0,0,0,0,0,0,55,244,872,1171,1171,10,0,0,0,0,0,0,0,1160,32,0,244,0,0,0,0,0,895,0,0,1171,0,0,0,0,0,0,0,0,0,0,0,0,1,1.26955202032162
Mulvane Police Department,2016-06-01,Kansas,6347,KS09603,1,0,0,0,0,0,1,0,0,0,0,0,0,0,0,0,0,0,1,6,5,12,0,1,0,3,3,0,0,0,5,0,0,0,0,0,4766,0,0,0,0,4766,0,0,0,0,0,0,0,0,0,0,0,38,880,3016,3934,8700,0,415,0,818,919,0,0,0,1782,178,156,2379,0,128,2236,0,0,1243,1017,1363,8700,25,0,965,0,1,1,0,0,1,1,0,995,1,1.26955202032162
Mulvane Police Department,2016-05-01,Kansas,6347,KS09603,0,0,0,1,0,0,1,0,0,0,0,0,0,0,0,0,0,0,2,2,8,12,2,2,0,0,4,0,0,0,4,0,0,0,0,0,0,0,0,787,0,787,0,0,0,0,0,0,0,0,0,0,0,14,305,10947,11266,12053,241,711,0,0,3133,0,0,0,7181,6,0,8167,381,1,0,0,0,3498,0,0,12053,0,0,0,0,0,0,0,0,1441,0,0,1441,1,1.26955202032162
Mulvane Police Department,2016-04-01,Kansas,6347,KS09603,0,0,0,1,0,0,1,0,0,0,0,0,0,0,0,0,0,0,2,3,5,10,1,0,0,1,3,2,0,0,3,0,0,0,0,0,0,0,0,521,0,521,0,0,0,0,0,0,0,0,0,0,0,74,400,6946,7419,7940,216,0,0,36,5168,736,0,0,1263,152,0,5534,0,146,0,0,0,2082,0,25,7940,0,0,0,0,0,0,0,0,38,0,0,38,1,1.26955202032162
Mulvane Police Department,2016-03-01,Kansas,6347,KS09603,2,0,0,0,1,0,3,0,0,1,0,0,0,0,0,0,0,0,2,3,4,9,2,0,0,1,5,0,0,0,1,0,0,0,0,0,38,0,1416,0,0,1454,0,0,0,0,0,0,0,0,0,0,0,61,317,3965,4343,5797,137,0,0,1680,2412,0,0,0,114,730,25,990,0,127,0,0,1270,2655,0,0,5797,0,0,0,0,0,0,0,1270,1901,0,0,3170,1,1.26955202032162
Mulvane Police Department,2016-02-01,Kansas,6347,KS09603,0,0,0,0,0,0,0,0,0,0,0,0,0,0,0,0,0,0,2,2,4,8,2,0,0,0,5,0,0,0,1,0,0,0,0,0,0,0,0,0,0,0,0,0,0,0,0,0,0,0,0,0,0,10,178,3253,3440,3440,10,0,0,0,3316,0,0,0,114,108,0,2573,0,0,317,0,0,442,0,0,3440,32,0,1,0,0,0,0,0,317,0,0,350,1,1.26955202032162
Mulvane Police Department,2016-01-01,Kansas,6347,KS09603,0,0,0,0,0,0,0,1,0,0,0,0,0,0,0,0,0,0,2,3,0,5,1,0,0,0,2,0,0,0,2,0,0,0,0,0,0,0,0,0,0,0,3209,0,0,0,0,0,0,0,0,0,0,48,541,0,589,3798,4,0,0,0,301,0,0,0,284,25,44,240,0,0,0,0,3174,315,0,0,3798,0,0,0,0,0,0,0,0,10,0,0,10,1,1.26955202032162
Mulvane Police Department,2015-12-01,Kansas,6325,KS09603,1,1,0,0,0,0,2,2,0,0,0,0,0,0,0,0,0,0,2,5,4,11,0,0,1,2,1,1,0,0,6,0,0,1,0,1298,386,0,0,0,0,1684,7071,0,0,0,0,0,0,0,0,0,0,51,585,3992,4628,13383,0,0,643,1421,1928,129,0,0,508,276,0,681,2314,0,0,0,7071,1356,1157,527,13383,26,0,0,0,0,0,0,1286,1736,0,0,3047,1,1.28556847539769
Mulvane Police Department,2015-11-01,Kansas,6325,KS09603,0,2,0,0,0,0,2,2,0,0,0,0,0,0,0,0,0,0,0,4,7,11,0,0,0,4,5,0,0,0,2,0,0,1,0,429,0,0,0,0,0,429,63443,0,0,0,0,0,0,0,0,0,0,0,629,11017,11646,75518,0,0,0,6991,4424,0,0,0,231,161,0,1818,0,0,129,0,58493,6973,2578,5367,75518,6,0,138,0,0,0,0,55279,0,2571,0,57995,1,1.28556847539769
Mulvane Police Department,2015-10-01,Kansas,6325,KS09603,0,1,0,1,0,0,2,0,0,0,0,0,0,0,0,0,0,0,1,4,7,12,0,1,0,4,5,0,0,0,2,0,0,0,0,256,0,0,0,900,0,1156,0,0,0,0,0,0,0,0,0,0,0,14,534,22137,22685,23841,0,64,0,2448,16201,0,0,0,3983,713,0,14445,0,26,0,0,0,6843,1286,539,23851,0,0,167,0,0,0,0,0,0,0,0,167,1,1.28556847539769
Mulvane Police Department,2015-09-01,Kansas,6325,KS09603,1,0,0,1,0,0,2,0,0,0,0,0,0,0,0,0,0,0,6,3,3,12,3,1,0,3,4,0,0,0,1,0,0,0,0,0,0,0,0,4075,0,4075,0,0,0,0,0,0,0,0,0,0,0,84,620,2571,3274,7350,197,32,0,41,2812,0,0,0,193,13,26,886,0,2674,96,0,0,3655,0,0,7350,0,26,240,0,0,0,0,0,0,0,0,266,1,1.28556847539769
Mulvane Police Department,2015-08-01,Kansas,6325,KS09603,0,1,0,0,0,0,1,0,0,0,0,0,0,0,0,0,0,0,4,2,4,10,3,0,0,0,4,0,0,0,3,0,0,0,0,0,0,0,0,0,0,0,0,0,0,0,0,0,0,0,0,0,0,1,219,2256,2476,2476,1,0,0,0,1883,0,0,0,591,0,0,0,0,0,0,0,0,1557,0,919,2476,0,0,0,0,0,0,0,0,1286,0,919,2205,1,1.28556847539769
Mulvane Police Department,2015-07-01,Kansas,6325,KS09603,0,0,0,1,0,0,1,0,0,0,0,0,0,0,0,0,0,0,4,3,7,14,0,2,0,0,6,0,0,1,5,0,0,0,0,0,0,0,0,1247,0,1247,0,0,0,0,0,0,0,0,0,0,0,62,261,7638,7960,9207,0,1028,0,0,5986,0,0,10,936,284,203,3607,0,324,0,0,0,2488,0,2301,9207,374,244,0,0,193,0,0,0,983,0,424,2219,1,1.28556847539769
Mulvane Police Department,2015-06-01,Kansas,6325,KS09603,1,0,0,0,0,0,1,1,0,0,0,0,0,0,0,0,0,0,7,5,3,15,2,1,0,7,2,0,0,0,3,0,0,1,0,0,3699,0,0,0,0,3699,4542,0,0,0,0,0,0,0,0,0,0,135,567,3380,4082,12322,10,64,0,2534,360,0,0,0,1113,264,84,1158,0,0,0,0,4499,3204,807,2306,12322,77,0,0,0,0,0,0,4499,111,0,0,4687,1,1.28556847539769
Mulvane Police Department,2015-05-01,Kansas,6325,KS09603,2,0,0,0,0,0,2,0,0,0,0,0,0,0,0,0,0,0,2,0,6,8,1,0,0,2,4,0,0,0,1,0,0,0,0,0,1259,0,0,0,0,1259,0,0,0,0,0,0,0,0,0,0,0,0,0,4839,4839,6097,0,0,0,1026,3395,0,0,0,418,0,0,3414,0,0,0,0,0,2426,0,257,6097,0,0,0,0,0,0,0,0,0,0,0,0,1,1.28556847539769
Mulvane Police Department,2015-04-01,Kansas,6325,KS09603,1,0,0,0,0,0,1,1,0,0,0,0,0,0,0,0,0,0,2,1,4,7,1,1,0,0,4,0,0,0,1,0,0,1,0,0,17794,0,0,0,0,17794,3857,0,0,0,0,0,0,0,0,0,0,32,96,19300,19429,41079,0,96,0,0,19300,0,0,0,32,431,0,1739,17749,0,0,0,18979,1151,967,64,41079,13,0,617,0,0,0,0,3857,643,0,64,5194,1,1.28556847539769
Mulvane Police Department,2015-03-01,Kansas,6325,KS09603,1,0,0,0,0,0,1,0,0,0,0,1,0,0,0,0,0,1,0,2,12,14,0,0,0,2,12,0,0,0,0,0,0,0,0,0,2314,0,0,0,0,2314,0,0,0,0,874,0,0,0,0,0,874,0,257,18233,18490,21679,0,0,0,7289,11201,0,0,0,0,346,652,13330,0,2340,784,0,0,2877,39,1311,21679,1,0,0,0,0,0,0,0,2839,0,0,2840,1,1.28556847539769
Mulvane Police Department,2015-02-01,Kansas,6325,KS09603,0,0,0,0,1,0,1,1,0,0,0,0,0,0,0,0,0,0,5,3,4,12,0,0,0,4,5,1,0,0,2,0,0,0,0,0,0,0,0,0,0,0,3558,0,0,0,0,0,0,0,0,0,0,50,463,3709,4222,7780,0,0,0,782,2095,1157,0,0,188,303,0,1322,0,0,0,0,3214,2941,0,0,7780,32,0,0,0,0,0,0,0,1363,0,0,1395,1,1.28556847539769
Mulvane Police Department,2015-01-01,Kansas,6325,KS09603,0,0,0,0,0,0,0,0,0,0,0,0,0,0,0,0,0,0,2,3,4,9,1,0,0,0,6,0,0,0,2,0,0,0,0,0,0,0,0,0,0,0,0,0,0,0,0,0,0,0,0,0,0,33,395,5316,5744,5744,0,0,0,0,5096,0,0,0,648,66,0,5678,0,0,0,0,0,0,0,0,5744,66,0,3875,0,0,0,0,0,0,0,0,3940,1,1.28556847539769
Mulvane Police Department,2014-12-01,Kansas,6322,KS09603,0,0,0,0,0,0,0,0,0,0,0,0,0,0,0,0,0,0,6,4,2,12,2,0,0,0,5,0,0,1,4,0,0,0,0,0,0,0,0,0,0,0,0,0,0,0,0,0,0,0,0,0,0,103,429,1641,2173,2173,0,0,0,0,1774,0,0,100,299,133,170,776,0,0,0,0,0,1094,0,0,2173,32,0,0,0,0,0,0,0,965,0,0,997,1,1.28709350845562
Mulvane Police Department,2014-11-01,Kansas,6322,KS09603,0,0,0,0,0,0,0,1,0,0,0,0,0,0,0,0,0,0,5,4,7,16,1,0,0,3,11,0,0,0,1,0,0,0,0,0,0,0,0,0,0,0,14930,0,0,0,0,0,0,0,0,0,0,64,541,4157,4762,19693,0,0,0,1286,3058,0,0,0,418,959,66,435,0,215,90,0,14158,3364,0,405,19693,154,0,81,0,0,64,0,0,719,0,0,1019,1,1.28709350845562
Mulvane Police Department,2014-10-01,Kansas,6322,KS09603,0,1,0,0,0,0,1,0,0,0,0,0,0,0,0,0,0,0,4,3,7,14,2,1,0,0,4,0,0,0,7,0,0,0,0,0,0,0,0,0,0,0,0,0,0,0,0,0,0,0,0,0,0,100,366,7159,7625,7625,21,129,0,0,3043,0,0,0,4433,129,272,1619,0,0,0,0,0,5605,0,0,7625,0,0,538,0,0,0,0,0,2310,0,0,2848,1,1.28709350845562
Mulvane Police Department,2014-09-01,Kansas,6322,KS09603,0,1,0,2,0,0,3,1,0,1,0,0,0,0,0,0,0,0,1,1,7,9,1,1,0,0,5,0,0,0,2,0,0,0,0,0,0,0,0,6,0,6,9653,0,0,0,0,0,0,0,0,0,0,10,163,4410,4583,14243,10,283,0,0,2833,0,0,0,1457,6,163,690,0,0,0,0,9653,2494,644,592,14243,0,0,0,0,0,0,0,0,283,0,0,283,1,1.28709350845562
Mulvane Police Department,2014-08-01,Kansas,6322,KS09603,0,0,0,0,0,0,0,0,0,0,0,0,0,0,0,0,0,0,3,11,7,21,5,0,0,6,2,0,0,1,7,0,0,0,0,0,0,0,0,0,0,0,0,0,0,0,0,0,0,0,0,0,0,30,1628,7524,9182,9182,1292,0,0,1197,2206,0,0,8,4479,97,82,4245,515,682,0,0,0,3343,0,219,9182,0,8,1460,0,669,0,0,0,843,0,0,2980,1,1.28709350845562
Mulvane Police Department,2014-07-01,Kansas,6322,KS09603,0,0,0,1,0,0,1,0,0,0,0,0,0,0,0,0,0,0,3,2,4,9,1,1,0,0,4,0,0,0,3,0,0,0,0,0,0,0,0,680,0,680,0,0,0,0,0,0,0,0,0,0,0,67,319,3861,4247,4927,4,515,0,0,1098,0,0,0,2631,515,57,384,0,0,0,0,0,3972,0,0,4927,515,0,129,0,0,0,0,0,1351,0,0,1995,1,1.28709350845562
Mulvane Police Department,2014-06-01,Kansas,6322,KS09603,0,0,0,0,0,0,0,0,0,0,0,0,0,0,0,0,0,0,4,0,1,5,2,0,0,2,1,0,0,0,0,0,0,0,0,0,0,0,0,0,0,0,0,0,0,0,0,0,0,0,0,0,0,3,0,322,324,324,0,0,0,324,0,0,0,0,0,0,0,324,0,0,0,0,0,0,0,0,324,116,0,0,0,0,0,0,0,0,0,0,116,1,1.28709350845562
Mulvane Police Department,2014-05-01,Kansas,6322,KS09603,0,0,0,1,1,0,2,0,0,0,0,0,0,0,0,0,0,0,3,0,4,7,0,0,0,1,4,0,0,0,2,0,0,0,0,0,0,0,1812,0,0,1812,0,0,0,0,0,0,0,0,0,0,0,80,0,7729,7809,9621,0,0,0,1358,6146,0,0,0,305,785,32,6491,0,90,386,0,0,48,129,1660,9621,97,0,537,0,64,0,0,0,0,129,1017,1843,1,1.28709350845562
Mulvane Police Department,2014-04-01,Kansas,6322,KS09603,0,0,0,0,0,0,0,0,0,1,0,0,0,0,0,0,0,0,2,2,6,10,0,0,0,4,4,0,0,0,2,0,0,0,0,0,0,0,0,0,0,0,0,0,0,0,0,0,0,0,0,0,0,57,257,12168,12482,12482,0,0,0,3295,5262,0,0,0,3926,0,0,1664,0,708,3604,0,0,3334,1609,1564,12482,0,0,0,0,0,0,0,0,0,0,0,0,1,1.28709350845562
Mulvane Police Department,2014-03-01,Kansas,6322,KS09603,1,1,0,0,0,0,2,0,0,0,0,0,0,0,0,0,0,0,1,2,5,8,0,0,0,2,5,0,0,0,1,0,0,0,0,412,97,0,0,0,0,508,0,0,0,0,0,0,0,0,0,0,0,6,225,4164,4395,4904,0,0,0,2960,1324,0,0,0,111,26,2074,1499,0,64,193,0,0,694,0,354,4904,0,1931,521,0,64,0,0,0,115,0,0,2631,1,1.28709350845562
Mulvane Police Department,2014-02-01,Kansas,6322,KS09603,0,0,0,0,0,0,0,1,0,0,0,0,0,0,0,0,0,0,3,0,2,5,1,0,0,0,2,0,0,0,2,0,0,2,0,0,0,0,0,0,0,0,65652,0,0,0,0,0,0,0,0,0,0,55,0,6822,6877,72529,10,0,0,0,3604,0,0,0,3263,0,0,0,0,0,3604,0,65642,3283,0,0,72529,0,19,0,0,77,0,0,68860,341,425,541,70262,1,1.28709350845562
Mulvane Police Department,2014-01-01,Kansas,6322,KS09603,2,1,0,0,1,0,4,1,0,0,0,0,0,0,0,0,0,0,0,2,3,5,1,0,0,2,1,0,0,0,1,0,0,0,0,2388,19031,0,0,0,0,21419,3227,0,0,0,0,0,0,0,0,0,0,0,275,1982,2258,26903,322,0,0,1660,183,0,0,0,93,103,112,15343,3089,90,257,0,3218,2862,1287,541,26903,0,0,0,0,0,0,0,0,0,0,0,0,1,1.28709350845562
Mulvane Police Department,2013-12-01,Kansas,6307,KS09603,0,0,0,0,0,0,0,0,0,0,0,0,0,0,0,0,0,0,3,0,2,5,2,0,0,1,2,0,0,0,0,0,0,0,0,0,0,0,0,0,0,0,0,0,0,0,0,0,0,0,0,0,0,25,0,850,875,875,0,0,0,327,548,0,0,0,0,129,0,209,0,0,0,0,0,536,0,0,875,105,0,0,0,0,0,0,0,13,0,0,118,1,1.30797303509051
Mulvane Police Department,2013-11-01,Kansas,6307,KS09603,1,0,0,0,1,0,2,0,0,0,0,0,0,0,0,0,0,0,0,3,5,8,2,0,0,1,2,0,0,0,3,0,0,1,0,0,1308,0,1570,0,0,2878,0,0,0,0,0,0,0,0,0,0,0,0,352,44482,44833,47711,574,0,0,1301,998,0,0,0,41960,0,1635,0,0,26,0,0,0,43842,1691,517,47711,0,0,0,0,26,0,0,3270,3270,1275,0,7841,1,1.30797303509051
Mulvane Police Department,2013-10-01,Kansas,6307,KS09603,0,1,0,0,0,0,1,1,0,0,0,0,0,0,0,0,0,0,1,0,3,4,0,0,0,1,1,0,0,0,2,0,0,0,0,2008,0,0,0,0,0,2008,3270,0,0,0,0,0,0,0,0,0,0,46,0,4583,4629,9907,0,0,0,659,2616,0,0,0,1354,0,76,4604,0,0,0,0,3270,1329,0,628,9907,0,0,0,1177,0,0,0,0,0,0,0,1177,1,1.30797303509051
Mulvane Police Department,2013-09-01,Kansas,6307,KS09603,1,1,0,0,0,0,2,1,0,0,0,0,0,0,0,0,0,0,2,2,6,10,0,0,0,3,5,0,0,0,2,0,0,0,0,9,327,0,0,0,0,336,1962,0,0,0,0,0,0,0,0,0,0,69,149,17076,17294,19592,0,0,0,13282,2180,0,0,0,1831,0,120,2069,850,732,0,0,1962,12746,1112,0,19592,0,0,0,0,0,0,0,0,0,0,0,0,1,1.30797303509051
Mulvane Police Department,2013-08-01,Kansas,6307,KS09603,0,1,0,0,1,0,2,1,0,0,0,0,0,0,0,0,0,0,3,6,10,19,4,0,0,8,4,0,0,0,3,0,0,0,0,2394,0,0,170,0,0,2564,3551,0,0,0,0,0,0,0,0,0,0,101,1108,6043,7251,13366,1099,0,0,3983,1252,0,0,0,918,674,160,3469,0,353,33,0,3270,2976,510,1923,13366,39,0,0,0,0,0,0,0,0,0,0,39,1,1.30797303509051
Mulvane Police Department,2013-07-01,Kansas,6307,KS09603,1,0,0,0,0,0,1,1,0,0,0,0,0,0,0,0,0,0,1,4,3,8,1,0,0,2,3,0,0,1,1,0,0,0,0,0,105,0,0,0,0,105,22245,0,0,0,0,0,0,0,0,0,0,0,560,2897,3457,25806,0,0,0,2335,837,0,0,89,196,337,144,1177,0,0,0,0,22236,310,1308,294,25806,39,0,131,0,0,0,0,0,0,0,0,170,1,1.30797303509051
Mulvane Police Department,2013-06-01,Kansas,6307,KS09603,0,1,0,0,1,0,2,1,0,0,0,0,0,0,0,0,0,0,5,7,14,26,1,0,0,18,3,0,0,0,4,0,0,0,0,471,0,0,0,0,0,471,1975,0,0,0,0,0,0,0,0,0,0,102,969,15259,16330,18776,0,0,0,14326,1717,0,0,0,286,769,292,604,0,216,170,0,1962,13885,471,407,18776,756,39,0,0,118,0,0,0,6372,0,0,7285,1,1.30797303509051
Mulvane Police Department,2013-05-01,Kansas,6307,KS09603,0,0,0,1,0,0,1,0,0,0,0,0,0,0,0,0,0,0,1,1,3,5,1,0,0,1,3,0,0,0,0,0,0,0,0,0,0,0,0,1256,0,1256,0,0,0,0,0,0,0,0,0,0,0,4,78,5650,5733,6988,4,0,0,78,5650,0,0,0,0,327,65,2564,2027,0,1504,0,0,501,0,0,6988,0,0,0,850,0,654,0,0,65,0,0,1570,1,1.30797303509051
Mulvane Police Department,2013-04-01,Kansas,6307,KS09603,1,0,0,0,1,0,2,1,0,0,0,0,0,0,0,1,0,1,1,2,3,6,0,0,0,2,1,0,0,0,3,0,0,0,0,0,8053,0,400,0,0,8453,17919,0,0,0,0,0,0,0,0,0,0,39,222,7420,7682,34054,0,0,0,1812,1700,0,0,0,4170,65,235,2251,0,803,759,0,17004,6701,2247,3989,34054,0,0,0,0,0,0,0,0,0,0,0,0,1,1.30797303509051
Mulvane Police Department,2013-03-01,Kansas,6307,KS09603,0,0,0,0,0,0,0,0,0,0,0,0,0,0,0,0,0,0,3,1,5,9,1,0,0,2,4,0,0,0,2,0,0,0,0,0,0,0,0,0,0,0,0,0,0,0,0,0,0,0,0,0,0,4,97,6770,6871,6871,4,0,0,1282,657,0,0,0,4928,39,400,353,0,105,0,0,0,5882,0,92,6871,0,303,0,0,0,0,0,0,916,0,262,1481,1,1.30797303509051
Mulvane Police Department,2013-02-01,Kansas,6307,KS09603,1,0,0,0,0,0,1,1,0,0,1,0,0,0,0,0,0,1,1,1,2,4,0,0,0,0,3,0,0,0,1,0,0,1,0,0,0,0,0,0,0,0,3270,0,0,6540,0,0,0,0,0,0,6540,35,65,1112,1212,11022,0,0,0,0,1147,0,0,0,65,33,65,6542,0,0,0,0,3270,1112,0,0,11022,33,0,0,0,0,0,0,3270,0,0,0,3303,1,1.30797303509051
Mulvane Police Department,2013-01-01,Kansas,6307,KS09603,0,0,0,0,0,0,0,1,0,0,0,0,0,0,0,0,0,0,2,3,4,9,3,0,0,1,4,0,0,0,1,0,0,0,0,0,0,0,0,0,0,0,3307,0,0,0,0,0,0,0,0,0,0,37,405,1897,2339,5645,1116,0,0,92,1099,0,0,0,33,569,0,262,0,33,0,0,2224,1774,523,262,5645,0,0,0,0,0,0,0,0,0,0,0,0,1,1.30797303509051
Mulvane Police Department,2012-12-01,Kansas,6158,KS09603,0,2,0,0,0,0,2,3,0,0,0,0,0,0,0,0,0,0,3,1,3,7,1,0,0,3,1,0,0,1,1,0,0,2,0,869,0,0,0,0,0,869,6238,0,0,0,0,0,0,0,0,0,0,37,109,3205,3351,10458,4,0,0,3205,7,0,0,109,27,33,109,199,0,0,86,0,6238,3760,33,0,10458,0,0,0,0,0,73,0,5176,0,0,0,5249,1,1.32713265123532
Mulvane Police Department,2012-11-01,Kansas,6158,KS09603,0,0,0,0,0,0,0,3,0,0,0,0,0,0,0,0,0,0,2,0,5,7,2,0,0,0,2,0,0,0,3,0,0,1,0,0,0,0,0,0,0,0,62910,0,0,0,0,0,0,0,0,0,0,13,0,4466,4479,67389,664,0,0,0,2342,0,0,0,1473,165,0,1,0,0,2867,0,58128,5448,122,658,67389,0,0,0,0,0,212,0,27870,1721,100,385,30288,1,1.32713265123532
Mulvane Police Department,2012-10-01,Kansas,6158,KS09603,0,0,0,0,0,0,0,1,0,0,0,0,0,0,0,0,0,0,1,0,2,3,0,0,0,0,1,0,0,0,2,0,0,1,0,0,0,0,0,0,0,0,19389,0,0,0,0,0,0,0,0,0,0,27,0,3583,3610,22999,0,0,0,0,265,0,0,0,3676,0,27,0,0,0,0,0,9025,5255,9025,0,23331,0,0,0,0,0,664,0,9025,0,0,0,9688,1,1.32713265123532
Mulvane Police Department,2012-09-01,Kansas,6158,KS09603,1,1,0,0,0,0,2,0,0,0,0,0,0,0,0,0,0,0,4,0,1,5,2,0,0,0,1,0,0,0,2,0,0,0,0,1,114,0,0,0,0,115,0,0,0,0,0,0,0,0,0,0,0,38,0,1593,1631,1747,16,0,0,0,1593,0,0,0,23,0,1,0,0,0,664,0,0,816,0,265,1747,0,0,0,0,0,0,0,0,1601,0,0,1601,1,1.32713265123532
Mulvane Police Department,2012-08-01,Kansas,6158,KS09603,0,3,0,1,1,0,5,0,0,0,0,0,0,0,0,0,0,0,3,1,5,9,0,1,0,1,1,0,0,0,6,0,0,0,0,2668,0,0,319,2031,0,5017,0,0,0,0,0,0,0,0,0,0,0,118,80,5500,5697,10714,0,398,0,1969,743,0,0,0,2587,199,1056,1046,0,24,1991,0,0,5591,0,807,10714,199,0,0,0,7,0,0,0,8699,0,0,8905,1,1.32713265123532
Mulvane Police Department,2012-07-01,Kansas,6158,KS09603,1,1,0,0,0,0,2,0,0,0,0,0,0,0,0,0,0,0,3,0,7,10,0,0,0,3,5,0,0,0,2,0,0,0,0,2467,6987,0,0,0,0,9454,0,0,0,0,0,0,0,0,0,0,0,60,0,7117,7177,16632,0,0,0,1606,4592,0,0,0,979,7,40,1290,0,251,7598,0,0,5881,1168,398,16632,0,0,253,0,0,133,0,0,0,929,0,1315,1,1.32713265123532
Mulvane Police Department,2012-06-01,Kansas,6158,KS09603,0,0,0,0,0,0,0,0,0,0,0,0,0,0,1,0,0,1,2,3,3,8,0,1,0,1,5,0,0,0,1,0,0,0,0,0,0,0,0,0,0,0,0,0,0,0,0,0,0,1,0,0,1,74,537,6058,6670,6671,0,398,0,325,5886,0,0,0,61,88,74,776,0,0,5335,0,0,398,0,0,6671,13,0,0,0,0,2893,0,0,0,0,0,2906,1,1.32713265123532
Mulvane Police Department,2012-05-01,Kansas,6158,KS09603,1,1,0,1,0,0,3,1,0,0,0,0,0,0,1,0,0,1,4,3,7,14,1,1,0,1,3,0,0,0,8,0,0,1,0,0,464,0,0,398,0,863,807,0,0,0,0,0,0,1551,0,0,1551,123,361,13557,14041,17262,60,431,0,135,1274,0,0,0,12141,126,64,1727,464,0,464,0,796,13620,0,0,17262,53,0,0,0,0,0,0,796,299,0,0,1148,1,1.32713265123532
Mulvane Police Department,2012-04-01,Kansas,6158,KS09603,1,0,0,2,0,0,3,0,0,0,0,0,0,0,0,0,0,0,5,5,4,14,1,1,0,3,4,0,0,0,5,0,0,0,0,0,133,0,0,1128,0,1261,0,0,0,0,0,0,0,0,0,0,0,133,749,7478,8360,9620,27,133,0,577,6553,0,0,0,1070,0,157,338,0,464,6483,0,664,1275,0,239,9620,0,16,0,0,0,0,0,0,15,0,0,31,1,1.32713265123532
Mulvane Police Department,2012-03-01,Kansas,6158,KS09603,0,2,0,0,0,0,2,1,0,0,0,0,0,0,0,0,0,0,2,3,1,6,0,0,0,0,3,0,0,0,3,0,0,1,0,2721,0,0,0,0,0,2721,5309,0,0,0,0,0,0,0,0,0,0,72,569,16669,17310,25339,0,0,0,0,17165,0,0,0,145,27,90,293,0,0,16636,0,5309,2839,0,146,25339,0,0,0,0,0,0,0,5309,264,0,0,5573,1,1.32713265123532
Mulvane Police Department,2012-02-01,Kansas,6158,KS09603,0,0,0,0,0,0,0,1,0,0,0,0,0,0,0,0,0,0,2,1,3,6,0,0,0,0,4,0,0,0,2,0,0,0,0,0,0,0,0,0,0,0,26410,0,0,0,0,0,0,0,0,0,0,1,84,3355,3440,29850,0,0,0,0,1614,0,0,0,1826,301,4,514,0,464,597,0,26410,1161,0,398,29850,1,0,82,0,0,0,0,0,0,0,0,84,1,1.32713265123532
Mulvane Police Department,2012-01-01,Kansas,6158,KS09603,1,0,0,0,0,0,1,0,0,0,0,0,0,0,0,0,0,0,1,1,7,9,0,0,0,1,5,0,0,0,3,0,0,0,0,0,133,0,0,0,0,133,0,0,0,0,0,0,0,0,0,0,0,1,70,6653,6725,6857,0,0,0,2816,2113,0,0,0,1796,1699,76,584,0,66,385,0,0,3557,0,491,6857,0,0,0,0,0,0,0,0,0,0,0,0,1,1.32713265123532
Mulvane Police Department,2011-12-01,Kansas,6150,KS09603,1,0,0,1,0,0,2,1,0,0,0,0,0,0,0,0,0,0,4,1,3,8,6,0,0,2,0,0,0,0,0,0,0,1,0,0,2846,0,0,0,0,2846,8369,0,0,0,0,0,0,0,0,0,0,108,163,1930,2201,13416,1998,0,0,203,0,0,0,0,0,244,0,135,0,0,2846,0,5418,3147,0,1626,13416,0,46,0,0,0,0,0,5418,1057,0,1355,7876,1,1.35459550174677
Mulvane Police Department,2011-11-01,Kansas,6150,KS09603,1,0,0,0,2,0,3,0,0,0,0,0,0,0,0,0,0,0,1,1,3,5,1,0,0,0,0,0,0,0,4,0,0,0,0,0,70228,0,5661,0,0,75889,0,0,0,0,0,0,0,0,0,0,0,0,81,3423,3504,79393,0,0,0,0,0,0,0,0,3504,12042,6176,759,0,1719,2032,0,0,28971,10999,16695,79393,0,0,0,0,0,0,0,0,0,0,0,0,1,1.35459550174677
Mulvane Police Department,2011-10-01,Kansas,6150,KS09603,1,2,0,0,0,0,3,0,0,0,0,0,0,0,0,0,0,0,4,4,5,13,6,2,0,1,0,0,0,0,4,0,0,0,0,3319,115,0,0,0,0,3434,0,0,0,0,0,0,0,0,0,0,0,81,649,7789,8519,11953,1233,230,0,176,0,0,0,0,6880,14,175,224,0,1626,0,0,2641,6543,54,677,11953,20,0,0,0,0,677,0,0,203,0,0,901,1,1.35459550174677
Mulvane Police Department,2011-09-01,Kansas,6150,KS09603,0,4,0,0,1,0,5,0,0,0,0,0,0,0,0,0,0,0,5,2,2,9,3,2,0,1,1,0,0,1,1,0,0,0,0,14914,0,0,167,0,0,15081,0,0,0,0,0,0,0,0,0,0,0,91,400,3588,4079,19159,3071,677,0,264,37,0,0,3,27,20,206,813,0,0,5114,0,0,3850,2587,6570,19159,0,3,0,0,0,0,0,0,305,0,0,307,1,1.35459550174677
Mulvane Police Department,2011-08-01,Kansas,6150,KS09603,0,0,0,1,0,0,1,0,0,0,0,0,0,0,0,0,0,0,0,1,2,3,0,1,0,0,2,0,0,0,0,0,0,0,0,0,0,0,0,542,0,542,0,0,0,0,0,0,0,0,0,0,0,0,249,1756,2005,2547,0,271,0,0,1734,0,0,0,0,34,0,375,0,0,1325,0,0,813,0,0,2547,0,0,0,0,0,0,0,0,0,0,0,0,1,1.35459550174677
Mulvane Police Department,2011-07-01,Kansas,6150,KS09603,3,1,0,0,0,0,4,0,0,0,0,0,0,0,0,0,0,0,1,2,1,4,1,1,0,0,0,0,0,0,2,0,0,0,0,7086,1876,0,0,0,0,8962,0,0,0,0,0,0,0,0,0,0,0,54,332,1896,2282,11244,163,169,0,0,0,0,0,0,1951,0,56,0,0,0,7064,0,0,4104,0,20,11244,0,0,0,0,0,0,0,0,379,0,0,379,1,1.35459550174677
Mulvane Police Department,2011-06-01,Kansas,6150,KS09603,2,1,0,0,0,0,3,0,0,0,0,0,0,0,0,0,0,0,4,3,3,10,3,1,0,5,0,0,0,0,1,0,0,0,0,0,169,0,0,0,0,169,0,0,0,0,0,0,0,0,0,0,0,80,332,1090,1502,1672,16,122,0,958,0,0,0,0,406,118,34,47,0,0,0,0,0,1134,0,339,1672,27,0,0,0,0,0,0,0,535,0,339,901,1,1.35459550174677
Mulvane Police Department,2011-05-01,Kansas,6150,KS09603,0,0,0,8,0,0,8,2,0,0,0,0,0,0,0,0,0,0,7,3,0,10,5,0,0,0,1,0,0,0,4,0,0,1,0,0,0,0,0,6400,0,6400,22080,0,0,0,0,0,0,0,0,0,0,112,362,0,474,28954,214,0,0,0,41,0,0,0,219,14,199,0,0,4606,0,0,19371,4765,0,0,28954,0,0,0,0,0,0,0,9482,0,0,0,9482,1,1.35459550174677
Mulvane Police Department,2011-04-01,Kansas,6150,KS09603,0,1,0,1,1,0,3,1,0,0,0,0,0,0,0,0,0,0,3,3,3,9,0,2,0,0,2,0,0,0,5,0,0,1,0,1626,0,0,0,3116,0,4741,33865,0,0,0,0,0,0,0,0,0,0,83,475,2641,3200,41806,0,515,0,0,340,0,0,0,2345,0,2123,0,0,20,0,0,33865,1057,3116,1626,41806,0,0,0,0,0,0,0,2709,271,0,0,2980,1,1.35459550174677
Mulvane Police Department,2011-03-01,Kansas,6150,KS09603,0,0,0,0,0,0,0,0,0,0,0,0,0,0,0,0,0,0,2,1,2,5,0,0,0,0,2,0,0,0,3,0,0,0,0,0,0,0,0,0,0,0,0,0,0,0,0,0,0,0,0,0,0,56,88,2976,3120,3120,0,0,0,0,1309,0,0,0,1811,14,56,2963,0,0,0,0,0,88,0,0,3120,0,0,0,0,0,0,0,0,0,0,0,0,1,1.35459550174677
Mulvane Police Department,2011-02-01,Kansas,6150,KS09603,1,0,0,1,0,0,2,2,0,0,0,0,0,0,0,0,0,0,0,1,1,2,0,0,0,0,1,0,0,0,1,0,0,0,0,0,0,0,0,13221,0,13221,7071,0,0,0,0,0,0,0,0,0,0,0,106,5418,5524,25816,0,0,0,0,5418,0,0,0,106,1267,106,81,0,0,542,0,12191,11629,0,0,25816,860,0,0,0,0,0,0,6773,5493,0,0,13126,1,1.35459550174677
Mulvane Police Department,2011-01-01,Kansas,6150,KS09603,0,0,0,0,0,0,0,0,0,0,0,0,0,0,0,0,0,0,1,2,5,8,0,0,0,4,2,0,0,0,2,0,0,0,0,0,0,0,0,0,0,0,0,0,0,0,0,0,0,0,0,0,0,54,160,2595,2809,2809,0,0,0,1294,979,0,0,0,536,271,85,329,0,316,0,0,0,1307,0,501,2809,27,0,0,0,0,0,0,0,1077,0,135,1239,1,1.35459550174677
Mulvane Police Department,2010-12-01,Kansas,6111,KS09603,3,0,0,0,0,0,3,1,0,0,0,0,0,0,0,0,0,0,3,1,0,4,3,0,0,0,1,0,0,0,0,0,0,0,0,0,11516,0,0,0,0,11516,8244,0,0,0,0,0,0,0,0,0,0,0,124,0,124,19884,0,0,0,0,124,0,0,0,0,70,0,98,0,3773,124,0,14253,1566,0,0,19884,0,0,0,0,0,0,0,0,0,0,0,0,1,1.3973579356326
Mulvane Police Department,2010-11-01,Kansas,6111,KS09603,3,0,0,5,0,0,8,0,0,0,0,0,0,0,0,1,0,1,2,3,0,5,2,1,0,0,0,0,0,0,2,0,0,0,0,0,2552,0,0,5826,0,8377,0,0,0,0,0,0,0,0,124,0,124,11,437,0,449,8950,11,210,0,0,0,0,0,0,228,31,222,358,0,60,0,0,0,6980,838,461,8950,0,0,0,0,0,0,0,0,0,0,0,0,1,1.3973579356326
Mulvane Police Department,2010-10-01,Kansas,6111,KS09603,0,0,0,0,1,0,1,0,0,0,0,0,0,0,0,0,0,0,4,1,4,9,2,1,1,1,2,0,0,1,1,0,0,0,0,0,0,0,169,0,0,169,0,0,0,0,0,0,0,0,0,0,0,115,70,4045,4230,4399,2170,70,63,14,1048,0,0,27,838,8,27,7,0,0,7,1,0,3860,0,489,4399,1,27,0,0,0,0,1,0,166,0,0,196,1,1.3973579356326
Mulvane Police Department,2010-09-01,Kansas,6111,KS09603,0,0,0,0,0,0,0,0,0,0,0,0,0,0,0,0,0,0,3,2,0,5,2,1,0,0,0,0,0,1,1,0,0,0,0,0,0,0,0,0,0,0,0,0,0,0,0,0,0,0,0,0,0,34,321,0,355,355,210,112,0,0,0,0,0,20,14,0,34,0,0,0,0,0,0,321,0,0,355,0,20,0,0,0,0,0,0,0,0,0,20,1,1.3973579356326
Mulvane Police Department,2010-08-01,Kansas,6111,KS09603,1,0,0,0,0,0,1,0,0,0,0,0,0,0,0,0,0,0,4,1,0,5,3,1,0,1,0,0,0,0,0,0,0,0,0,0,0,0,0,0,0,0,0,0,0,0,0,0,0,0,0,0,0,61,140,0,201,201,34,140,0,28,0,0,0,0,0,0,28,0,0,0,0,0,0,173,0,0,201,0,0,0,0,0,0,0,0,0,0,0,0,1,1.3973579356326
Mulvane Police Department,2010-07-01,Kansas,6111,KS09603,0,0,0,0,0,0,0,0,0,1,0,0,0,0,0,0,0,0,7,1,4,12,3,2,0,1,3,0,0,0,3,0,0,0,0,0,0,0,0,0,0,0,0,0,0,0,0,0,0,0,0,0,0,109,265,4040,4414,4414,0,833,0,35,2082,0,0,0,1464,14,182,91,0,35,1397,0,0,2696,0,0,4414,0,0,0,0,0,0,0,0,0,0,0,0,1,1.3973579356326
Mulvane Police Department,2010-06-01,Kansas,6111,KS09603,0,0,0,0,0,0,0,0,0,0,0,0,0,0,0,0,0,0,4,2,3,9,2,4,0,3,0,0,0,0,0,0,0,0,0,0,0,0,0,0,0,0,0,0,0,0,0,0,0,0,0,0,0,49,245,1410,1703,1703,22,1327,0,354,0,0,0,0,0,224,38,49,0,0,0,0,0,1393,0,0,1703,0,0,0,0,0,0,0,0,0,0,0,0,1,1.3973579356326
Mulvane Police Department,2010-05-01,Kansas,6111,KS09603,1,1,0,0,0,0,2,1,0,1,0,0,0,0,0,0,0,0,3,1,2,6,0,1,0,0,2,0,0,0,3,0,0,0,0,2504,1858,0,0,0,0,4363,699,0,0,0,0,0,0,0,0,0,0,92,84,908,1084,6146,0,84,0,0,908,0,0,0,92,0,50,1048,0,0,769,0,699,1034,42,2504,6146,0,0,0,0,0,0,0,0,0,0,0,0,1,1.3973579356326
Mulvane Police Department,2010-04-01,Kansas,6111,KS09603,2,0,0,1,0,0,3,1,0,0,0,0,0,1,0,0,0,1,1,3,2,6,1,1,0,0,3,0,0,0,1,0,0,1,0,0,9688,0,0,279,0,9967,7685,0,0,0,0,0,0,0,0,0,0,0,502,1825,2327,19979,629,180,0,0,1308,0,0,0,210,0,0,0,3159,14,3921,0,7685,2405,0,2795,19979,0,0,0,0,0,1196,0,7685,391,0,0,9273,1,1.3973579356326
Mulvane Police Department,2010-03-01,Kansas,6111,KS09603,0,0,0,0,1,0,1,0,0,0,0,0,0,0,0,0,0,0,3,1,1,5,0,0,0,0,2,0,0,0,3,0,0,0,0,0,0,0,21,0,0,21,0,0,0,0,0,0,0,0,0,0,0,109,91,416,616,637,0,0,0,0,507,0,0,0,109,35,81,56,0,28,0,0,0,21,416,0,637,0,0,0,0,0,0,0,0,21,0,0,21,1,1.3973579356326
Mulvane Police Department,2010-02-01,Kansas,6111,KS09603,1,1,0,0,0,0,2,0,0,0,0,0,0,0,0,0,0,0,3,0,1,4,1,0,0,1,2,0,0,0,0,0,0,0,0,1020,1891,0,0,0,0,2911,0,0,0,0,0,0,0,0,0,0,0,28,0,433,461,3372,0,0,0,14,447,0,0,0,0,42,0,419,0,500,0,0,0,2271,0,140,3372,0,0,0,0,0,0,0,0,0,0,0,0,1,1.3973579356326
Mulvane Police Department,2010-01-01,Kansas,6111,KS09603,0,1,0,0,0,0,1,0,0,0,0,0,0,0,0,0,0,0,5,2,2,9,1,0,0,3,0,0,0,1,4,0,0,0,0,489,0,0,0,0,0,489,0,0,0,0,0,0,0,0,0,0,0,168,245,998,1410,1899,349,0,0,837,0,0,0,25,198,105,601,56,0,84,0,0,0,405,0,648,1899,105,25,0,0,84,0,0,0,0,0,0,214,1,1.3973579356326
Mulvane Police Department,2009-12-01,Kansas,5947,KS09603,1,2,0,0,0,0,3,1,0,0,0,0,0,0,0,0,0,0,5,3,8,16,3,0,0,6,2,0,0,0,5,0,0,1,0,3551,284,0,0,0,0,3835,3551,0,0,0,0,0,0,0,0,0,0,139,320,6640,7099,14484,2816,0,0,1185,2201,0,0,0,896,760,577,659,0,36,213,0,7101,3441,284,1413,14484,0,0,0,0,872,28,0,7101,0,0,0,8002,1,1.42027521282265
Mulvane Police Department,2009-11-01,Kansas,5947,KS09603,0,0,0,0,0,0,0,0,0,1,0,0,0,0,0,0,0,0,0,0,2,2,0,0,0,0,2,0,0,0,0,0,0,0,0,0,0,0,0,0,0,0,0,0,0,0,0,0,0,0,0,0,0,0,0,3798,3798,3798,0,0,0,0,3798,0,0,0,0,0,0,0,0,872,2926,0,0,0,0,0,3798,0,0,0,0,0,0,0,0,0,0,0,0,1,1.42027521282265
Mulvane Police Department,2009-10-01,Kansas,5947,KS09603,0,0,0,0,0,0,0,0,0,0,0,0,0,0,0,0,0,0,1,0,2,3,0,0,0,1,0,0,0,0,2,0,0,0,0,0,0,0,0,0,0,0,0,0,0,0,0,0,0,0,0,0,0,43,0,852,895,895,0,0,0,426,0,0,0,0,469,0,0,0,0,0,0,0,0,895,0,0,895,0,0,0,0,0,0,0,0,0,0,0,0,1,1.42027521282265
Mulvane Police Department,2009-09-01,Kansas,5947,KS09603,0,0,0,1,0,0,1,0,0,0,0,0,0,0,0,0,0,0,0,3,1,4,0,2,0,0,1,0,0,0,1,0,0,0,0,0,0,0,0,0,0,0,0,0,0,0,0,0,0,0,0,0,0,0,409,428,837,837,0,327,0,0,428,0,0,0,82,0,82,428,0,0,0,0,0,327,0,0,837,0,0,0,0,0,0,0,0,71,0,0,71,1,1.42027521282265
Mulvane Police Department,2009-08-01,Kansas,5947,KS09603,1,1,0,5,1,0,8,1,0,0,0,0,0,0,0,0,0,0,3,1,0,4,1,0,0,0,1,0,0,0,2,0,0,1,0,462,206,0,13599,9317,0,23584,11362,0,0,0,0,0,0,0,0,0,0,16,213,0,229,35175,0,0,0,0,213,0,0,0,16,0,9,213,0,7812,0,0,11362,15779,0,0,35175,0,0,0,0,0,0,0,11362,0,0,0,11362,1,1.42027521282265
Mulvane Police Department,2009-07-01,Kansas,5947,KS09603,0,0,0,0,0,0,0,0,0,0,0,0,0,0,0,0,0,0,2,1,2,5,0,0,0,1,1,0,0,1,2,0,0,0,0,0,0,0,0,0,0,0,0,0,0,0,0,0,0,0,0,0,0,27,114,1669,1809,1809,0,0,0,391,114,0,0,6,1300,227,119,0,0,0,0,0,0,1463,0,0,1809,0,6,0,0,0,0,0,0,21,0,0,27,1,1.42027521282265
Mulvane Police Department,2009-06-01,Kansas,5947,KS09603,0,1,0,1,0,0,2,1,0,0,0,0,0,0,0,1,0,1,0,3,1,4,0,0,0,2,1,0,0,0,1,0,0,1,0,383,0,0,0,483,0,866,2855,0,0,0,0,0,0,0,7101,0,7101,0,518,439,957,11780,0,0,0,687,142,0,0,0,128,14,28,0,0,0,0,0,9942,1653,0,142,11780,0,0,0,0,0,0,0,9232,0,0,0,9232,1,1.42027521282265
Mulvane Police Department,2009-05-01,Kansas,5947,KS09603,1,0,0,0,0,0,1,1,0,0,0,0,0,0,0,0,0,0,1,7,4,12,6,0,0,4,1,0,0,0,1,0,0,0,0,0,0,0,0,0,0,0,5681,0,0,0,0,0,0,0,0,0,0,0,1017,2642,3659,9340,2717,0,0,785,0,0,0,0,156,182,0,452,0,0,142,0,5681,2571,0,312,9340,426,0,0,1818,0,2841,0,0,391,0,1420,6895,1,1.42027521282265
Mulvane Police Department,2009-04-01,Kansas,5947,KS09603,1,1,0,0,0,0,2,0,0,0,0,0,0,0,0,0,0,0,2,1,2,5,1,0,0,3,0,0,0,0,1,0,0,0,0,13585,9,0,0,0,0,13593,0,0,0,0,0,0,0,0,0,0,0,68,71,713,852,14446,4,0,0,784,0,0,0,0,64,2642,72,107,1818,0,6746,0,0,1640,0,1420,14446,0,0,0,0,0,0,0,0,0,0,0,0,1,1.42027521282265
Mulvane Police Department,2009-03-01,Kansas,5947,KS09603,0,1,0,0,0,0,1,0,0,0,0,0,0,0,0,0,0,0,2,0,1,3,0,0,1,0,0,0,0,0,2,0,0,0,0,1505,0,0,0,0,0,1505,0,0,0,0,0,0,0,0,0,0,0,61,0,466,527,2032,0,0,466,0,0,0,0,0,61,0,459,253,0,0,0,0,0,213,0,1108,2032,0,0,0,0,0,0,0,0,92,0,0,92,1,1.42027521282265
Mulvane Police Department,2009-02-01,Kansas,5947,KS09603,2,0,0,0,0,0,2,0,0,0,0,0,0,0,0,0,0,0,3,3,1,7,0,1,0,1,3,0,0,1,1,0,0,0,0,0,109,0,0,0,0,109,0,0,0,0,0,0,0,0,0,0,0,70,376,784,1230,1339,0,92,0,71,1031,0,0,3,33,0,176,0,0,3,784,0,0,305,0,71,1339,0,0,0,0,3,0,0,0,0,0,0,3,1,1.42027521282265
Mulvane Police Department,2009-01-01,Kansas,5947,KS09603,0,0,0,0,0,0,0,0,0,0,0,0,0,0,0,0,0,0,1,3,6,10,2,1,0,3,1,0,0,1,2,0,0,0,0,0,0,0,0,0,0,0,0,0,0,0,0,0,0,0,0,0,0,62,392,5461,5915,5915,1633,114,0,1427,838,0,0,62,1841,0,62,43,0,28,0,0,0,4163,0,1619,5915,0,0,0,0,28,0,0,0,994,0,1051,2074,1,1.42027521282265
Mulvane Police Department,2008-12-01,Kansas,5921,KS09603,0,1,0,0,0,0,1,0,0,0,0,0,0,0,0,0,0,0,9,3,6,18,0,0,2,2,7,0,0,1,6,0,0,0,0,0,0,0,0,0,0,0,0,0,0,0,0,0,0,0,0,0,0,311,340,20365,21016,21016,0,0,99,184,1224,0,0,8,19500,78,134,3828,0,184,6983,0,0,3149,3777,2883,21016,64,0,444,0,0,0,0,0,708,0,0,1216,1,1.41522547733228
Mulvane Police Department,2008-11-01,Kansas,5921,KS09603,0,0,0,0,0,0,0,0,0,0,0,0,0,0,0,0,0,0,1,0,2,3,0,0,0,1,1,0,0,0,1,0,0,0,0,0,0,0,0,0,0,0,0,0,0,0,0,0,0,0,0,0,0,37,0,1438,1475,1475,0,0,0,920,518,0,0,0,37,0,37,0,0,0,0,0,0,920,0,518,1475,0,0,0,0,0,0,0,0,0,0,0,0,1,1.41522547733228
Mulvane Police Department,2008-10-01,Kansas,5921,KS09603,0,0,0,0,0,0,0,0,0,0,0,0,0,0,0,0,0,0,3,0,1,4,1,0,1,0,1,0,0,0,1,0,0,0,0,0,0,0,0,0,0,0,0,0,0,0,0,0,0,0,0,0,0,58,0,388,446,446,3,0,48,0,388,0,0,0,7,0,7,48,0,0,0,0,0,3,0,388,446,0,0,0,0,0,0,0,0,0,0,0,0,1,1.41522547733228
Mulvane Police Department,2008-09-01,Kansas,5921,KS09603,3,0,0,0,0,0,3,0,0,0,0,1,0,0,0,0,0,1,4,1,5,10,1,0,0,3,2,0,0,0,4,0,0,0,0,0,481,0,0,0,0,481,0,0,0,0,425,0,0,0,0,0,425,170,140,10933,11243,12148,42,0,0,4140,6793,0,0,0,267,205,127,1131,0,757,8633,0,0,1012,0,283,12148,99,0,0,0,757,0,0,0,0,0,283,1139,1,1.41522547733228
Mulvane Police Department,2008-08-01,Kansas,5921,KS09603,0,1,0,2,0,0,3,0,0,0,0,0,0,0,0,0,0,0,3,0,2,5,0,1,1,1,0,0,0,0,2,0,0,0,0,637,0,0,0,2717,0,3354,0,0,0,0,0,0,0,0,0,0,0,78,0,849,927,4281,0,425,28,35,0,0,0,0,439,0,255,0,0,517,0,0,1132,2378,0,0,4281,0,0,0,0,0,0,0,0,1486,0,0,1486,1,1.41522547733228
Mulvane Police Department,2008-07-01,Kansas,5921,KS09603,1,0,0,0,0,0,1,1,0,0,0,0,0,0,0,0,0,0,8,2,0,10,3,0,0,1,1,0,0,0,5,0,0,1,0,0,1840,0,0,0,0,1840,5661,0,0,0,0,0,0,0,0,0,0,150,354,0,504,8005,224,0,0,1,1,0,0,0,277,0,137,0,0,0,1,0,5661,365,1840,0,8005,0,0,0,0,0,1,0,5661,0,0,0,5662,1,1.41522547733228
Mulvane Police Department,2008-06-01,Kansas,5921,KS09603,2,0,0,1,1,0,4,0,0,0,0,0,0,0,0,0,0,0,2,6,2,10,1,1,0,1,3,0,0,0,4,0,0,0,0,0,1405,0,102,212,0,1719,0,0,0,0,0,0,0,0,0,0,0,88,899,1911,2897,4616,566,177,0,85,1613,0,0,0,456,290,644,420,0,0,11,0,0,774,2477,0,4616,0,0,0,0,0,0,0,0,177,0,0,177,1,1.41522547733228
Mulvane Police Department,2008-05-01,Kansas,5921,KS09603,0,0,0,0,0,0,0,0,0,0,0,0,0,0,0,0,0,0,7,3,3,13,5,1,0,1,4,0,0,0,2,0,0,0,0,0,0,0,0,0,0,0,0,0,0,0,0,0,0,0,0,0,0,96,358,3892,4346,4346,37,142,0,3,4033,0,0,0,132,0,132,0,0,920,3113,0,0,181,0,0,4346,0,0,0,0,0,0,0,0,3,0,0,3,1,1.41522547733228
Mulvane Police Department,2008-04-01,Kansas,5921,KS09603,1,0,0,0,1,0,2,0,0,0,0,0,0,0,0,0,0,0,8,3,3,14,2,1,0,2,5,0,0,2,2,0,0,0,0,0,2830,0,0,0,0,2830,0,0,0,0,0,0,0,0,0,0,0,239,293,1104,1636,4466,354,142,0,446,522,0,0,30,143,57,173,423,0,78,0,0,2830,552,0,354,4466,0,0,0,0,0,0,0,0,1557,0,0,1557,1,1.41522547733228
Mulvane Police Department,2008-03-01,Kansas,5921,KS09603,0,0,0,2,2,0,4,0,0,0,0,0,0,0,0,0,0,0,5,2,1,8,4,0,0,0,1,0,0,1,2,0,0,0,0,0,0,0,35,6970,0,7005,0,0,0,0,0,0,0,0,0,0,0,42,205,1415,1663,8668,23,0,0,0,106,0,0,20,1514,0,99,6496,0,20,354,0,0,1452,248,0,8668,0,0,0,0,20,0,0,0,0,0,0,20,1,1.41522547733228
Mulvane Police Department,2008-02-01,Kansas,5921,KS09603,0,1,0,0,0,0,1,0,0,0,0,0,0,0,0,0,0,0,5,3,2,10,1,0,0,1,2,0,0,1,5,0,0,0,0,1882,0,0,0,0,0,1882,0,0,0,0,0,0,0,0,0,0,0,195,580,2689,3464,5347,283,0,0,255,2661,0,0,7,259,0,195,42,0,0,2406,0,0,354,1698,651,5347,0,7,0,0,0,0,0,0,0,0,0,7,1,1.41522547733228
Mulvane Police Department,2008-01-01,Kansas,5921,KS09603,1,0,0,0,0,0,1,0,0,0,0,0,0,0,0,0,0,0,5,0,0,5,1,0,0,0,1,0,0,0,3,0,0,0,0,0,425,0,0,0,0,425,0,0,0,0,0,0,0,0,0,0,0,164,0,0,164,589,0,0,0,0,14,0,0,0,150,0,164,0,0,0,425,0,0,0,0,0,589,0,0,0,0,0,0,0,0,0,0,0,0,1,1.41522547733228
Mulvane Police Department,2007-12-01,Kansas,5836,KS09603,0,0,0,0,0,0,0,0,0,0,0,0,0,0,0,0,0,0,4,3,2,9,0,1,0,2,3,0,0,2,1,0,0,0,0,0,0,0,0,0,0,0,0,0,0,0,0,0,0,0,0,0,0,69,639,1014,1722,1722,0,147,0,309,1212,0,0,10,44,132,7,779,0,3,0,0,0,323,0,478,1722,0,32,0,0,3,0,0,0,147,0,0,182,1,1.46955740283082
Mulvane Police Department,2007-11-01,Kansas,5836,KS09603,3,1,0,0,0,0,4,0,0,1,0,0,0,0,0,0,0,0,4,0,2,6,1,0,0,1,2,0,0,2,0,0,0,0,0,238,28918,0,0,0,0,29156,0,0,0,0,0,0,0,0,0,0,0,82,0,1087,1170,30326,12,0,0,37,1087,0,0,34,0,228,1005,411,0,4151,1098,0,0,5321,73,18037,30326,0,0,0,0,0,0,0,0,37,0,0,37,1,1.46955740283082
Mulvane Police Department,2007-10-01,Kansas,5836,KS09603,1,0,0,2,1,0,4,1,0,0,0,0,0,0,0,0,0,0,2,1,7,10,0,0,0,3,2,0,0,0,5,0,0,1,0,0,35,0,4732,3821,0,8588,21908,0,0,0,0,0,0,0,0,0,0,48,147,12541,12737,43233,0,0,0,4041,1373,0,0,0,7323,0,82,6761,0,0,0,0,21896,8938,3351,2204,43233,0,0,0,0,0,0,0,21896,1959,705,735,25295,1,1.46955740283082
Mulvane Police Department,2007-09-01,Kansas,5836,KS09603,0,0,0,0,1,0,1,0,0,0,0,0,0,0,0,0,0,0,8,4,1,13,0,0,0,4,3,0,1,1,4,0,0,0,0,0,0,0,109,0,0,109,0,0,0,0,0,0,0,0,0,0,0,113,603,558,1274,1383,0,0,0,0,926,0,162,15,172,88,87,147,0,0,0,0,0,247,35,779,1383,0,0,0,0,0,0,0,0,0,0,0,0,1,1.46955740283082
Mulvane Police Department,2007-08-01,Kansas,5836,KS09603,1,0,0,0,0,0,1,0,0,0,0,0,0,0,0,0,0,0,6,7,11,24,7,3,0,5,1,0,0,0,8,0,0,0,0,0,0,0,0,0,0,0,0,0,0,0,0,0,0,0,0,0,0,184,1195,45395,46773,46773,2873,544,0,42306,367,0,0,0,683,0,394,37,0,0,15,0,0,8119,0,38208,46773,0,0,0,0,0,0,0,0,0,0,0,0,1,1.46955740283082
Mulvane Police Department,2007-07-01,Kansas,5836,KS09603,0,3,0,0,1,0,4,0,0,0,0,0,0,0,0,0,0,0,8,6,2,16,1,1,1,1,2,0,0,1,9,0,0,0,0,5408,0,0,2157,0,0,7565,0,0,0,0,0,0,0,0,0,0,0,326,913,5988,7227,14793,147,220,28,1065,5070,0,0,44,652,0,269,2182,0,2645,4923,0,0,769,0,4005,14793,0,0,0,0,44,0,0,0,0,0,0,44,1,1.46955740283082
Mulvane Police Department,2007-06-01,Kansas,5836,KS09603,1,2,0,0,2,0,5,0,0,0,0,0,0,0,0,0,0,0,8,2,5,15,4,1,0,2,3,0,0,0,5,0,0,1,0,1586,0,0,882,0,0,2467,0,0,0,0,0,0,0,0,0,0,0,314,411,2453,3179,5646,757,294,0,501,1484,0,0,0,143,0,121,62,0,88,882,0,0,2805,1395,294,5646,0,0,0,0,0,0,0,21933,542,0,0,22475,1,1.46955740283082
Mulvane Police Department,2007-05-01,Kansas,5836,KS09603,1,0,0,0,1,0,2,3,0,0,0,0,0,0,0,0,0,0,7,2,3,12,4,1,0,2,1,1,0,0,3,0,0,2,0,0,116,0,1506,0,0,1622,139264,0,0,0,0,0,0,0,0,0,0,112,353,2065,2529,143416,1274,147,0,573,0,313,0,0,222,59,486,436,0,0,0,0,139241,2525,0,669,143416,132,0,313,0,0,0,0,94603,1061,0,285,96394,1,1.46955740283082
Mulvane Police Department,2007-04-01,Kansas,5836,KS09603,2,1,0,0,0,0,3,1,0,0,0,0,0,0,0,0,0,0,6,8,5,19,5,1,0,3,4,0,0,0,6,0,0,1,0,573,294,0,0,0,0,867,882,0,0,0,0,0,0,0,0,0,0,185,1060,7756,9001,10750,1011,29,0,977,373,0,0,0,6610,533,241,386,0,0,0,0,882,7709,0,998,10750,0,0,0,0,0,0,0,882,367,0,0,1249,1,1.46955740283082
Mulvane Police Department,2007-03-01,Kansas,5836,KS09603,1,0,0,1,0,0,2,0,0,0,0,0,0,0,0,0,0,0,7,5,2,14,2,1,0,4,2,0,0,0,5,0,0,0,0,0,147,0,0,442,0,589,0,0,0,0,0,0,0,0,0,0,0,156,867,838,1860,2450,29,367,0,350,222,0,0,0,892,103,88,802,0,0,0,0,0,1456,0,0,2450,0,0,0,0,0,0,0,0,0,0,0,0,1,1.46955740283082
Mulvane Police Department,2007-02-01,Kansas,5836,KS09603,0,0,0,0,0,0,0,0,0,0,0,0,0,0,0,0,0,0,3,0,0,3,1,0,1,0,1,0,0,0,0,0,0,0,0,0,0,0,0,0,0,0,0,0,0,0,0,0,0,0,0,0,0,71,0,0,71,71,12,0,29,0,29,0,0,0,0,0,59,0,0,0,0,0,0,12,0,0,71,0,0,0,0,0,0,0,0,0,0,0,0,1,1.46955740283082
Mulvane Police Department,2007-01-01,Kansas,5836,KS09603,0,0,0,1,0,0,1,1,0,0,0,0,0,0,0,0,0,0,5,4,0,9,0,0,0,1,3,0,0,0,5,0,0,1,0,0,0,0,0,5123,0,5123,22043,0,0,0,0,0,0,0,0,0,0,147,589,0,736,27902,0,0,0,81,206,0,0,0,450,0,66,154,0,288,0,0,22043,5292,0,59,27902,0,0,0,0,0,0,0,22043,0,0,0,22043,1,1.46955740283082
Mulvane Police Department,2006-12-01,Kansas,5668,KS09603,0,0,0,0,0,0,0,0,0,2,0,0,0,0,0,0,0,0,8,1,2,11,0,0,0,3,2,0,0,0,6,0,0,0,0,0,0,0,0,0,0,0,0,0,0,0,0,0,0,0,0,0,0,230,98,2396,2724,2724,0,0,0,171,2396,0,0,0,157,0,157,60,0,0,0,0,0,2068,0,438,2724,0,0,0,0,0,0,0,0,0,0,0,0,1,1.51147906246125
Mulvane Police Department,2006-11-01,Kansas,5668,KS09603,2,0,0,1,0,0,3,1,0,0,0,0,0,0,0,0,1,1,11,7,1,19,0,0,1,3,8,0,0,0,7,0,0,0,0,0,3552,0,0,15115,0,18667,15115,0,0,0,0,0,0,0,0,1634,1634,328,1270,378,1976,37391,0,0,45,73,1437,0,0,0,420,265,283,1478,0,0,54,0,15115,16758,3061,378,37391,0,0,0,0,0,0,0,0,1360,0,0,1360,1,1.51147906246125
Mulvane Police Department,2006-10-01,Kansas,5668,KS09603,0,0,0,0,1,0,1,0,0,0,0,0,0,0,0,0,0,0,7,5,2,14,3,2,0,3,3,0,0,0,3,0,0,0,0,0,0,0,302,0,0,302,0,0,0,0,0,0,0,0,0,0,0,175,627,2273,3076,3378,53,219,0,937,216,0,0,0,1651,30,57,1643,302,0,0,0,0,1043,0,302,3378,0,0,0,0,0,0,0,0,0,0,0,0,1,1.51147906246125
Mulvane Police Department,2006-09-01,Kansas,5668,KS09603,1,0,0,0,0,0,1,0,0,0,0,0,0,0,0,0,0,0,4,4,2,10,0,0,0,0,2,0,0,0,8,0,0,0,0,0,2553,0,0,0,0,2553,0,0,0,0,0,0,0,0,0,0,0,82,544,6877,7503,10056,0,0,0,0,5366,0,0,0,2137,21,60,0,2570,0,2553,0,0,3038,0,1814,10056,0,0,0,0,0,0,0,0,0,0,0,0,1,1.51147906246125
Mulvane Police Department,2006-08-01,Kansas,5668,KS09603,1,0,0,0,0,0,1,0,0,0,0,0,0,0,0,0,0,0,1,2,3,6,0,1,0,0,1,0,0,1,3,0,0,0,0,0,453,0,0,0,0,453,0,0,0,0,0,0,0,0,0,0,0,48,231,14861,15140,15594,0,136,0,0,4988,0,0,48,9968,0,144,15314,0,0,0,0,0,136,0,0,15594,0,48,0,0,0,0,0,0,0,0,0,48,1,1.51147906246125
Mulvane Police Department,2006-07-01,Kansas,5668,KS09603,0,0,0,0,0,0,0,0,0,0,0,0,0,0,0,0,0,0,5,6,6,17,2,3,0,2,5,0,0,0,5,0,0,0,0,0,0,0,0,0,0,0,0,0,0,0,0,0,0,0,0,0,0,119,818,10432,11369,11369,50,1413,0,190,3853,0,0,0,5863,76,181,5819,0,0,234,0,0,1859,3200,0,11369,0,0,0,0,0,0,0,0,0,0,0,0,1,1.51147906246125
Mulvane Police Department,2006-06-01,Kansas,5668,KS09603,1,1,0,0,0,0,2,0,0,0,0,0,0,0,0,0,0,0,5,1,3,9,2,0,0,1,1,0,0,1,4,0,0,0,0,1171,363,0,0,0,0,1534,0,0,0,0,0,0,0,0,0,0,0,74,151,3727,3953,5487,9,0,0,907,704,0,0,27,2305,0,65,363,0,2116,704,0,0,2239,0,0,5487,0,27,0,0,0,0,0,0,0,0,0,27,1,1.51147906246125
Mulvane Police Department,2006-05-01,Kansas,5668,KS09603,0,0,0,0,0,0,0,0,0,0,0,0,0,0,0,0,0,0,4,1,5,10,0,0,0,3,5,0,0,0,2,0,0,0,0,0,0,0,0,0,0,0,0,0,0,0,0,0,0,0,0,0,0,148,174,5449,5771,5771,0,0,0,2796,2381,0,0,0,594,60,103,151,0,1066,0,0,0,1511,0,2879,5771,0,0,0,0,0,0,0,0,0,0,2577,2577,1,1.51147906246125
Mulvane Police Department,2006-04-01,Kansas,5668,KS09603,0,0,0,0,0,0,0,0,0,0,0,0,0,0,0,0,0,0,4,1,5,10,2,2,0,2,1,1,0,0,2,0,0,0,0,0,0,0,0,0,0,0,0,0,0,0,0,0,0,0,0,0,0,45,136,9076,9258,9258,15,892,0,726,30,6809,0,0,786,0,30,6809,0,0,0,0,0,2040,0,378,9258,0,0,0,0,0,0,0,0,0,0,0,0,1,1.51147906246125
Mulvane Police Department,2006-03-01,Kansas,5668,KS09603,0,0,0,0,0,0,0,1,0,0,0,0,0,0,0,0,0,0,3,6,2,11,3,0,0,3,3,0,0,0,2,0,0,0,0,0,0,0,0,0,0,0,45356,0,0,0,0,0,0,0,0,0,0,27,620,15734,16381,61738,27,0,0,295,15342,0,0,0,718,23,0,265,0,91,0,0,45344,916,15100,0,61738,8,0,121,0,91,0,0,0,151,0,0,370,1,1.51147906246125
Mulvane Police Department,2006-02-01,Kansas,5668,KS09603,2,1,0,0,0,0,3,1,0,0,0,0,0,0,0,0,0,0,1,2,1,4,0,0,0,0,1,0,0,0,3,0,0,1,0,0,227,0,0,0,0,227,3023,0,0,0,0,0,0,0,0,0,0,18,385,15115,15518,18768,0,0,0,0,151,0,0,0,15367,0,18,234,0,15115,0,0,3023,0,378,0,18768,0,0,0,0,0,0,0,3023,0,151,0,3174,1,1.51147906246125
Mulvane Police Department,2006-01-01,Kansas,5668,KS09603,0,0,0,0,0,0,0,0,0,0,0,0,0,0,0,0,0,0,3,6,3,12,0,1,1,0,3,0,0,0,7,0,0,0,0,0,0,0,0,0,0,0,0,0,0,0,0,0,0,0,0,0,0,144,1135,1897,3176,3176,0,189,113,0,665,0,0,0,2208,15,444,1927,0,0,0,0,0,789,0,0,3176,0,0,0,0,0,0,0,0,0,0,0,0,1,1.51147906246125
Mulvane Police Department,2005-12-01,Kansas,5594,KS09603,1,0,0,0,0,0,1,1,0,0,0,0,0,0,0,0,0,0,1,2,2,5,1,0,0,0,1,0,0,1,2,0,0,0,0,0,0,0,0,0,0,0,15602,0,0,0,0,0,0,0,0,0,0,16,306,791,1112,16715,468,0,0,0,179,0,0,126,339,0,142,502,0,0,0,0,15602,468,0,0,16715,0,16,0,0,0,0,0,0,0,0,0,16,1,1.56023853211009
Mulvane Police Department,2005-11-01,Kansas,5594,KS09603,0,0,0,0,0,0,0,0,0,0,0,0,0,0,0,0,0,0,3,2,2,7,2,1,0,0,1,0,0,0,3,0,0,0,0,0,0,0,0,0,0,0,0,0,0,0,0,0,0,0,0,0,0,75,390,19152,19617,19617,208,429,0,0,22,0,0,0,18958,8,0,18738,0,0,0,0,0,871,0,0,19617,0,0,0,0,0,0,0,0,0,0,0,0,1,1.56023853211009
Mulvane Police Department,2005-10-01,Kansas,5594,KS09603,0,0,0,0,1,0,1,2,0,0,0,0,0,0,0,0,0,0,1,3,2,6,1,0,0,0,2,0,0,0,3,0,0,2,0,0,0,0,247,0,0,247,19133,0,0,0,0,0,0,0,0,0,0,12,421,10204,10638,30017,12,0,0,0,10204,0,0,0,421,0,421,312,0,5,0,0,18723,10146,0,410,30017,0,0,31,0,0,0,0,18723,12,0,0,18767,1,1.56023853211009
Mulvane Police Department,2005-09-01,Kansas,5594,KS09603,1,1,0,0,0,0,2,1,0,0,0,0,0,0,0,0,0,0,3,0,2,5,1,0,0,0,0,0,0,0,4,0,0,0,0,0,72420,0,0,0,0,72420,0,0,0,0,0,0,0,0,0,0,0,51,0,22545,22597,95017,12,0,0,0,0,0,0,0,22584,0,8,22578,5929,3901,24184,0,0,22285,4291,11842,95017,0,0,0,0,0,0,0,0,0,0,0,0,1,1.56023853211009
Mulvane Police Department,2005-08-01,Kansas,5594,KS09603,1,0,0,0,1,0,2,0,0,0,0,0,0,0,0,0,0,0,5,3,3,11,1,1,2,1,2,0,0,2,2,0,0,0,0,0,47,0,936,0,0,983,0,0,0,0,0,0,0,0,0,0,0,72,493,3484,4049,5032,12,156,101,429,2122,0,0,44,1184,39,106,167,2060,0,390,0,0,2270,0,0,5032,16,5,0,0,0,0,0,0,232,0,0,253,1,1.56023853211009
Mulvane Police Department,2005-07-01,Kansas,5594,KS09603,0,0,0,0,0,0,0,2,0,0,0,0,0,0,0,0,0,0,3,3,1,7,1,0,1,1,1,0,0,1,2,0,0,1,0,0,0,0,0,0,0,0,30905,0,0,0,0,0,0,0,0,0,0,129,396,1560,2086,32991,156,0,156,16,84,0,0,75,1599,16,0,240,0,0,0,0,30893,1768,0,75,32991,0,0,2,0,0,0,0,2808,741,0,75,3626,1,1.56023853211009
Mulvane Police Department,2005-06-01,Kansas,5594,KS09603,0,0,0,0,0,0,0,0,0,1,0,0,0,0,0,0,0,0,6,1,2,9,4,0,0,2,2,0,0,1,0,0,0,0,0,0,0,0,0,0,0,0,0,0,0,0,0,0,0,0,0,0,0,120,86,1303,1509,1509,740,0,0,98,601,0,0,70,0,0,0,687,0,0,0,0,0,752,0,70,1509,0,0,0,6709,0,0,0,0,12,0,70,6792,1,1.56023853211009
Mulvane Police Department,2005-05-01,Kansas,5594,KS09603,0,0,0,0,0,0,0,1,0,0,0,0,0,0,0,0,0,0,5,3,4,12,1,0,0,2,6,0,0,0,3,0,0,0,0,0,0,0,0,0,0,0,10922,0,0,0,0,0,0,0,0,0,0,175,390,13479,14044,24965,2,0,0,117,13791,0,0,0,134,86,95,31,6709,156,5492,0,10922,538,936,0,24965,0,0,0,0,156,0,0,0,0,0,0,156,1,1.56023853211009
Mulvane Police Department,2005-04-01,Kansas,5594,KS09603,1,1,0,0,0,0,2,0,0,1,0,0,0,0,0,0,0,0,2,1,2,5,0,0,0,2,1,0,0,0,2,0,0,0,0,1045,0,0,0,0,0,1045,0,0,0,0,0,0,0,0,0,0,0,39,234,819,1092,2138,0,0,0,546,312,0,0,0,234,0,117,312,936,0,0,0,0,273,109,390,2138,0,0,0,0,0,0,0,0,0,0,0,0,1,1.56023853211009
Mulvane Police Department,2005-03-01,Kansas,5594,KS09603,0,0,0,0,1,0,1,0,0,0,0,0,0,0,0,0,0,0,2,1,4,7,0,0,0,2,1,0,0,1,3,0,0,0,0,0,0,0,1716,0,0,1716,0,0,0,0,0,0,0,0,0,0,0,44,237,10438,10719,12435,0,0,0,1365,960,0,0,237,8157,0,474,0,0,811,0,0,0,10291,0,858,12435,0,0,0,0,0,0,0,0,0,0,0,0,1,1.56023853211009
Mulvane Police Department,2005-02-01,Kansas,5594,KS09603,2,0,0,0,0,0,2,1,0,0,0,0,0,0,0,0,0,0,4,0,1,5,1,0,0,1,0,0,0,1,2,0,0,1,0,0,843,0,0,0,0,843,19503,0,0,0,0,0,0,0,0,0,0,81,0,335,417,20762,335,0,0,30,0,0,0,12,39,0,66,31,749,0,0,0,19503,413,0,0,20762,0,12,0,0,0,0,0,19503,16,0,0,19531,1,1.56023853211009
Mulvane Police Department,2005-01-01,Kansas,5594,KS09603,0,0,0,1,0,0,1,0,0,0,0,0,0,0,0,0,0,0,3,2,3,8,1,0,0,2,2,0,0,0,3,0,0,0,0,0,0,0,0,7263,0,7263,0,0,0,0,0,0,0,0,0,0,0,61,337,3081,3479,10742,12,0,0,282,1794,0,0,0,1390,0,0,89,0,94,1482,0,0,8734,0,343,10742,0,0,0,0,0,0,0,0,0,0,0,0,1,1.56023853211009
Mulvane Police Department,2004-12-01,Kansas,5560,KS09603,2,0,0,0,0,0,2,0,0,0,0,0,0,0,0,0,0,0,1,6,2,9,1,0,0,2,3,0,0,0,3,0,0,0,0,0,1431,0,0,0,0,1431,0,0,0,0,0,0,0,0,0,0,0,16,1026,1145,2187,3618,16,0,0,718,1073,0,0,0,381,250,0,1452,0,161,0,0,0,1755,0,0,3618,0,0,0,0,161,0,0,0,0,0,0,161,1,1.61317347569046
Mulvane Police Department,2004-11-01,Kansas,5560,KS09603,0,1,0,0,0,0,1,0,0,0,0,0,0,0,0,0,0,0,1,2,3,6,0,0,0,2,3,0,0,1,0,0,0,0,0,807,0,0,0,0,0,807,0,0,0,0,0,0,0,0,0,0,0,6,177,1363,1547,2354,0,0,0,879,661,0,0,6,0,0,3,0,1194,0,0,0,0,657,0,500,2354,0,3,0,484,0,0,0,0,84,0,0,571,1,1.61317347569046
Mulvane Police Department,2004-10-01,Kansas,5560,KS09603,0,0,0,0,0,0,0,0,0,0,0,0,0,0,0,0,0,0,5,1,2,8,1,0,0,2,0,0,0,1,4,0,0,0,0,0,0,0,0,0,0,0,0,0,0,0,0,0,0,0,0,0,0,92,121,4177,4389,4389,121,0,0,24,0,0,0,32,4212,32,0,2342,0,0,0,0,0,179,0,1836,4389,32,0,0,0,0,0,0,0,324,0,0,357,1,1.61317347569046
Mulvane Police Department,2004-09-01,Kansas,5560,KS09603,1,0,0,0,0,0,1,1,0,0,0,0,0,0,0,0,1,1,6,4,2,12,0,2,2,3,1,0,0,0,4,0,0,1,0,0,411,0,0,0,0,411,32263,0,0,0,0,0,0,0,0,40,40,155,519,1674,2349,35064,0,242,1161,169,545,0,0,0,231,0,115,1823,0,0,0,0,32263,452,0,411,35064,0,0,0,0,0,0,0,32263,161,0,0,32425,1,1.61317347569046
Mulvane Police Department,2004-08-01,Kansas,5560,KS09603,0,1,0,0,0,0,1,1,0,0,0,0,0,0,0,0,0,0,12,1,3,16,0,1,0,5,1,0,0,1,8,0,0,0,0,403,0,0,0,0,0,403,8066,0,0,0,0,0,0,0,0,0,0,258,161,1581,2000,10469,0,161,0,724,0,0,0,24,1091,0,90,179,0,0,40,0,8066,997,0,1097,10469,0,0,0,0,0,40,0,0,371,0,0,411,1,1.61317347569046
Mulvane Police Department,2004-07-01,Kansas,5560,KS09603,0,0,0,0,0,0,0,0,0,1,0,0,0,0,0,0,0,0,6,4,2,12,1,0,1,2,1,0,0,1,6,0,0,0,0,0,0,0,0,0,0,0,0,0,0,0,0,0,0,0,0,0,0,194,718,1820,2731,2731,1303,0,290,258,516,0,0,13,350,0,213,290,0,0,129,0,0,1470,0,629,2731,0,0,0,0,0,0,0,0,13,0,0,13,1,1.61317347569046
Mulvane Police Department,2004-06-01,Kansas,5560,KS09603,0,1,0,0,0,0,1,1,0,0,0,0,0,0,0,0,0,0,5,1,3,9,1,0,0,4,0,0,0,0,4,0,0,0,0,242,0,0,0,0,0,242,27424,0,0,0,0,0,0,0,0,0,0,85,81,2339,2505,30171,403,0,0,126,0,0,0,0,1976,0,48,0,0,0,1613,0,27424,1086,0,0,30171,0,0,0,0,0,0,0,0,484,0,0,484,1,1.61317347569046
Mulvane Police Department,2004-05-01,Kansas,5560,KS09603,0,1,0,1,0,0,2,1,0,0,0,0,0,0,0,0,0,0,2,2,6,10,1,4,0,2,2,0,0,0,1,0,0,1,0,2533,0,0,0,971,0,3504,1613,0,0,0,0,0,0,0,0,0,0,58,363,3236,3657,8774,484,1734,0,686,703,0,0,0,50,0,58,0,0,0,0,0,1613,3665,695,2742,8774,0,0,0,0,0,0,0,1613,407,0,0,2020,1,1.61317347569046
Mulvane Police Department,2004-04-01,Kansas,5560,KS09603,0,0,0,2,0,0,2,0,0,0,0,0,0,0,0,0,0,0,4,1,3,8,0,1,0,4,1,0,0,2,0,0,0,0,0,0,0,0,0,3044,0,3044,0,0,0,0,0,0,0,0,0,0,0,129,250,3242,3622,6666,0,484,0,3025,65,0,0,48,0,0,113,65,0,3060,0,0,0,2912,0,516,6666,0,16,0,0,0,0,0,0,0,0,32,48,1,1.61317347569046
Mulvane Police Department,2004-03-01,Kansas,5560,KS09603,0,0,0,0,1,0,1,0,0,0,0,0,0,0,0,0,0,0,2,0,2,4,0,0,0,0,0,0,0,1,3,0,0,0,0,0,0,0,15325,0,0,15325,0,0,0,0,0,0,0,0,0,0,0,81,0,14460,14541,29866,0,0,0,0,0,0,0,15,14527,0,0,12525,0,0,0,0,15325,2016,0,0,29866,0,0,0,0,0,0,0,0,15,0,0,15,1,1.61317347569046
Mulvane Police Department,2004-02-01,Kansas,5560,KS09603,2,0,0,0,0,0,2,0,0,0,0,0,0,0,0,0,0,0,4,3,1,8,0,0,0,1,1,0,0,0,6,0,0,0,0,0,16721,0,0,0,0,16721,0,0,0,0,0,0,0,0,0,0,0,21,311,1182,1515,18235,0,0,0,8,97,0,0,0,1410,0,8,1702,0,13,16220,0,0,292,0,0,18235,0,0,0,0,0,0,0,0,8,0,0,8,1,1.61317347569046
Mulvane Police Department,2004-01-01,Kansas,5560,KS09603,0,0,0,0,0,0,0,0,0,0,0,0,0,0,0,0,0,0,2,3,6,11,2,0,0,2,1,0,0,0,6,0,0,0,0,0,0,0,0,0,0,0,0,0,0,0,0,0,0,0,0,0,0,16,379,11597,11992,11992,726,0,0,452,9502,0,0,0,1313,0,0,2152,1452,0,4920,0,0,2541,0,928,11992,0,0,0,0,0,0,0,0,0,0,0,0,1,1.61317347569046
Mulvane Police Department,2003-12-01,Kansas,5503,KS09603,1,0,0,0,0,0,1,0,0,0,0,0,0,0,0,0,0,0,7,3,1,11,2,0,0,0,3,0,0,1,5,0,0,0,0,0,580,0,0,0,0,580,0,0,0,0,0,0,0,0,0,0,0,200,258,3313,3772,4351,10,0,0,0,3445,0,0,83,234,0,83,2203,0,0,1242,0,0,823,0,0,4351,0,83,0,0,0,0,0,0,17,0,0,99,1,1.65636194790487
Mulvane Police Department,2003-11-01,Kansas,5503,KS09603,0,0,0,0,0,0,0,0,0,0,0,0,0,0,0,0,0,0,5,0,1,6,1,0,0,0,2,0,0,2,1,0,0,0,0,0,0,0,0,0,0,0,0,0,0,0,0,0,0,0,0,0,0,23,0,497,520,520,497,0,0,0,2,0,0,5,17,0,23,0,0,0,0,0,0,497,0,0,520,0,3,0,0,0,0,0,0,502,0,0,505,1,1.65636194790487
Mulvane Police Department,2003-10-01,Kansas,5503,KS09603,1,0,0,0,2,0,3,0,0,0,0,0,0,0,0,0,0,0,4,1,1,6,1,0,0,2,0,0,0,0,3,0,0,0,0,0,754,0,277,0,0,1030,0,0,0,0,0,0,0,0,0,0,0,61,83,3472,3616,4646,83,0,0,3480,0,0,0,0,53,35,277,0,0,0,0,0,0,1022,0,3313,4646,0,0,1159,0,0,0,0,0,83,0,0,1242,1,1.65636194790487
Mulvane Police Department,2003-09-01,Kansas,5503,KS09603,0,1,0,0,0,0,1,1,0,0,0,0,0,0,0,0,0,0,2,0,1,3,0,0,0,0,0,0,0,1,2,0,0,0,0,1656,0,0,0,0,0,1656,3,0,0,0,0,0,0,0,0,0,0,2,0,4141,4143,5802,0,0,0,0,0,0,0,2,4141,0,2,0,0,0,0,0,1660,4141,0,0,5802,0,2,0,0,0,0,0,0,0,0,0,2,1,1.65636194790487
Mulvane Police Department,2003-08-01,Kansas,5503,KS09603,0,0,0,0,0,0,0,1,0,0,0,0,0,0,0,0,0,0,5,8,5,18,2,3,0,9,3,0,0,0,1,0,0,1,0,0,0,0,0,0,0,0,2,0,0,0,0,0,0,0,0,0,0,207,1247,4600,6054,6056,924,767,0,2011,2120,0,0,0,232,0,17,310,1905,66,0,0,2,2221,17,1519,6056,0,0,0,0,0,7785,0,2,262,17,0,8065,1,1.65636194790487
Mulvane Police Department,2003-07-01,Kansas,5503,KS09603,1,1,0,0,0,0,2,0,0,0,0,0,0,0,0,0,0,0,1,5,2,8,3,3,0,0,0,0,0,0,2,0,0,0,0,1365,2985,0,0,0,0,4350,0,0,0,0,0,0,0,0,0,0,0,5,1133,1739,2877,7227,1247,621,0,0,0,0,0,0,1009,0,0,25,0,0,0,0,0,4217,2985,0,7227,0,0,0,0,0,0,0,0,0,0,0,0,1,1.65636194790487
Mulvane Police Department,2003-06-01,Kansas,5503,KS09603,0,0,0,0,0,0,0,0,0,0,0,0,0,0,0,0,0,0,2,0,3,5,0,1,0,2,1,0,0,0,1,0,0,0,0,0,0,0,0,0,0,0,0,0,0,0,0,0,0,0,0,0,0,53,0,6548,6601,6601,0,414,0,3362,3,0,0,0,2821,0,55,3,0,0,0,0,0,6543,0,0,6601,0,0,3,0,0,0,0,0,414,0,0,417,1,1.65636194790487
Mulvane Police Department,2003-05-01,Kansas,5503,KS09603,0,0,0,0,0,0,0,0,0,0,0,0,0,0,0,0,0,0,4,1,4,9,0,1,0,1,3,0,0,1,3,0,0,0,0,0,0,0,0,0,0,0,0,0,0,0,0,0,0,0,0,0,0,51,166,4618,4835,4835,0,166,0,656,2803,0,0,0,1211,0,51,1161,0,0,0,0,0,623,2420,580,4835,0,0,53,0,0,0,0,0,0,0,0,53,1,1.65636194790487
Mulvane Police Department,2003-04-01,Kansas,5503,KS09603,0,0,0,1,0,0,1,2,0,0,0,0,0,0,0,0,0,0,4,2,0,6,1,1,1,0,1,0,0,1,1,0,0,1,0,0,0,0,0,227,0,227,17392,0,0,0,0,0,0,0,0,0,0,88,285,0,373,17991,2,197,88,0,33,0,0,3,50,0,50,157,0,0,0,0,17392,224,3,166,17991,0,0,0,0,0,0,0,9110,25,3,0,9138,1,1.65636194790487
Mulvane Police Department,2003-03-01,Kansas,5503,KS09603,0,0,0,2,2,0,4,0,0,0,0,0,0,0,0,0,0,0,2,1,3,6,0,1,0,2,3,0,0,0,0,0,0,0,0,0,0,0,3306,778,0,4085,0,0,0,0,0,0,0,0,0,0,0,86,133,9312,9531,13615,0,994,0,7838,699,0,0,0,0,0,242,3336,0,0,7801,0,0,1739,0,497,13615,0,0,0,0,0,0,0,0,0,0,0,0,1,1.65636194790487
Mulvane Police Department,2003-02-01,Kansas,5503,KS09603,0,0,0,0,0,0,0,0,0,0,0,0,0,0,0,0,0,0,0,0,1,1,0,0,0,0,1,0,0,0,0,0,0,0,0,0,0,0,0,0,0,0,0,0,0,0,0,0,0,0,0,0,0,0,0,3644,3644,3644,0,0,0,0,3644,0,0,0,0,0,0,0,0,0,0,0,0,0,3644,0,3644,0,0,0,0,0,0,0,0,611,0,0,611,1,1.65636194790487
Mulvane Police Department,2003-01-01,Kansas,5503,KS09603,1,1,0,0,0,0,2,1,0,0,0,0,0,0,0,0,0,0,4,3,2,9,0,1,0,0,3,1,0,0,4,0,0,1,0,580,3263,0,0,0,0,3843,6625,0,0,0,0,0,0,0,0,0,0,167,596,9390,10153,20622,0,232,0,0,9423,2,0,0,497,66,0,349,0,0,8779,0,9110,1555,0,762,20622,0,0,0,0,0,0,0,6625,0,0,0,6625,1,1.65636194790487
Mulvane Police Department,2002-12-01,Kansas,5207,KS09603,0,0,0,1,0,0,1,0,0,0,0,0,0,0,0,0,0,0,2,1,1,4,1,0,0,0,1,0,0,0,2,0,0,0,0,0,0,0,0,4743,0,4743,0,0,0,0,0,0,0,0,0,0,0,136,169,3388,3693,8436,76,0,0,0,3388,0,0,0,229,51,0,0,0,0,3388,0,0,254,4743,0,8436,0,0,0,0,0,0,0,0,0,0,0,0,1,1.69396293722493
Mulvane Police Department,2002-11-01,Kansas,5207,KS09603,0,0,0,3,2,0,5,0,0,0,0,0,0,0,0,0,0,0,2,3,0,5,0,0,0,1,1,0,0,0,3,0,0,0,0,0,0,0,147,220,0,368,0,0,0,0,0,0,0,0,0,0,0,68,673,0,740,1108,0,0,0,17,291,0,0,0,432,0,0,540,0,0,0,0,0,567,0,0,1108,0,695,17,0,0,0,0,0,17,0,0,728,1,1.69396293722493
Mulvane Police Department,2002-10-01,Kansas,5207,KS09603,0,0,0,0,0,0,0,0,0,0,0,0,0,0,0,0,0,0,3,3,6,12,1,2,0,2,2,0,0,0,5,0,0,0,0,0,0,0,0,0,0,0,0,0,0,0,0,0,0,0,0,0,0,69,517,4179,4765,4765,220,678,0,1486,129,0,0,0,2253,127,756,2,1101,0,0,0,0,1594,0,1186,4765,127,2,0,0,0,339,0,0,423,0,0,891,1,1.69396293722493
Mulvane Police Department,2002-09-01,Kansas,5207,KS09603,0,1,0,0,0,0,1,0,0,0,0,0,0,0,0,0,0,0,3,5,1,9,1,2,1,2,1,0,0,0,2,0,0,0,0,7174,0,0,0,0,0,7174,0,0,0,0,0,0,0,0,0,0,0,53,1025,1186,2263,9437,17,1423,34,313,2,0,0,0,474,0,0,430,0,0,7115,0,0,1892,0,0,9437,0,0,0,0,0,0,0,0,254,0,0,254,1,1.69396293722493
Mulvane Police Department,2002-08-01,Kansas,5207,KS09603,1,1,0,0,0,0,2,1,0,0,0,0,0,0,0,0,0,0,5,2,2,9,1,1,0,4,1,0,0,1,1,0,0,1,0,1525,3810,0,0,0,0,5334,3388,0,0,0,0,0,0,0,0,0,0,152,423,7030,7606,16328,17,254,0,6493,762,0,0,3,76,0,76,56,0,0,1525,508,3388,1206,0,9569,16328,0,0,0,0,0,0,0,3388,0,0,0,3388,1,1.69396293722493
Mulvane Police Department,2002-07-01,Kansas,5207,KS09603,0,0,0,0,0,0,0,0,0,0,0,0,0,0,0,0,0,0,2,6,4,12,0,5,0,1,1,0,0,0,5,0,0,0,0,0,0,0,0,0,0,0,0,0,0,0,0,0,0,0,0,0,0,46,1143,1719,2909,2909,0,1575,0,415,254,0,0,0,664,0,29,813,0,0,0,0,0,1813,0,254,2909,0,0,0,0,0,0,0,0,1277,0,0,1277,1,1.69396293722493
Mulvane Police Department,2002-06-01,Kansas,5207,KS09603,0,1,0,0,0,0,1,0,0,0,0,0,0,0,0,0,1,1,0,5,0,5,0,1,0,2,1,0,0,0,1,0,0,0,0,107,0,0,0,0,0,107,0,0,0,0,0,0,0,0,0,169,169,0,938,0,938,1215,0,280,0,252,322,0,0,0,85,56,0,220,0,322,0,0,0,583,0,34,1215,56,0,0,0,0,0,0,0,0,0,0,56,1,1.69396293722493
Mulvane Police Department,2002-05-01,Kansas,5207,KS09603,0,0,0,1,0,0,1,0,0,0,0,0,0,0,0,0,0,0,2,1,1,4,0,2,0,0,1,0,0,0,1,0,0,0,0,0,0,0,0,1677,0,1677,0,0,0,0,0,0,0,0,0,0,0,53,169,2456,2678,4355,0,220,0,0,2,0,0,0,2456,0,2,0,0,0,2456,0,0,1897,0,0,4355,0,2,0,0,0,0,0,0,915,0,0,916,1,1.69396293722493
Mulvane Police Department,2002-04-01,Kansas,5207,KS09603,0,0,0,0,0,0,0,0,0,0,0,0,0,0,0,0,0,0,0,0,3,3,0,0,0,0,1,0,0,0,2,0,0,0,0,0,0,0,0,0,0,0,0,0,0,0,0,0,0,0,0,0,0,0,0,13985,13985,13985,0,0,0,0,2322,0,0,0,11663,0,0,0,0,0,0,0,0,11663,0,2322,13985,0,0,0,0,0,0,0,0,0,0,0,0,1,1.69396293722493
Mulvane Police Department,2002-03-01,Kansas,5207,KS09603,1,1,0,1,0,0,3,0,0,0,0,0,0,0,0,0,0,0,3,1,2,6,0,0,1,0,1,0,0,0,4,0,0,0,0,1101,601,0,0,1880,0,3583,0,0,0,0,0,0,0,0,0,0,0,54,196,2814,3064,6647,0,0,39,0,2475,0,0,0,551,0,42,39,0,169,0,0,1101,2820,0,2475,6647,0,0,0,0,0,0,0,0,339,0,0,339,1,1.69396293722493
Mulvane Police Department,2002-02-01,Kansas,5207,KS09603,0,0,0,0,1,0,1,0,0,0,0,0,0,0,0,0,0,0,1,1,0,2,1,0,0,1,0,0,0,0,0,0,0,0,0,0,0,0,254,0,0,254,0,0,0,0,0,0,0,0,0,0,0,68,296,0,364,618,68,0,0,296,0,0,0,0,0,0,0,0,0,0,0,0,0,364,0,254,618,0,0,0,0,0,0,0,169,0,0,0,169,1,1.69396293722493
Mulvane Police Department,2002-01-01,Kansas,5207,KS09603,1,1,0,1,0,0,3,0,0,1,0,0,0,0,0,0,0,0,0,1,4,5,0,1,0,1,2,0,0,0,1,0,0,0,0,600,169,0,0,2134,0,2903,0,0,0,0,0,0,0,0,0,0,0,0,156,3320,3476,6379,0,339,0,156,2507,0,0,0,474,0,0,537,0,0,1694,0,169,930,1694,1355,6379,0,0,0,0,0,0,0,0,0,0,0,0,1,1.69396293722493
Mulvane Police Department,2001-12-01,Kansas,5167,KS09603,0,0,0,0,0,0,0,0,0,0,0,0,0,0,0,0,0,0,3,1,2,6,1,0,0,1,2,0,0,0,2,0,0,0,0,0,0,0,0,0,0,0,0,0,0,0,0,0,0,0,0,0,0,10,206,3202,3419,3419,688,0,0,206,2524,0,0,0,0,0,52,17,0,0,0,0,0,699,0,2652,3419,0,0,0,0,0,0,0,0,0,0,0,0,1,1.7208297251506
Mulvane Police Department,2001-11-01,Kansas,5167,KS09603,0,1,0,0,0,0,1,0,0,0,0,0,0,0,0,0,0,0,2,0,1,3,0,1,0,0,0,0,0,0,2,0,0,0,0,917,0,0,0,0,0,917,0,0,0,0,0,0,0,0,0,0,0,29,0,688,718,1635,0,688,0,0,0,0,0,0,29,0,29,0,0,0,0,0,0,693,0,912,1635,0,0,0,0,0,0,0,0,86,0,0,86,1,1.7208297251506
Mulvane Police Department,2001-10-01,Kansas,5167,KS09603,0,1,0,0,1,0,2,1,0,0,0,0,0,0,0,0,0,0,0,2,0,2,0,2,0,0,0,0,0,0,0,0,0,2,0,650,0,0,396,0,0,1046,41713,0,0,0,0,0,0,0,0,0,0,0,293,0,293,43052,0,293,0,0,0,0,0,0,0,0,0,9,0,0,0,0,41627,1416,0,0,43052,0,0,0,0,0,0,0,43176,0,0,0,43176,1,1.7208297251506
Mulvane Police Department,2001-09-01,Kansas,5167,KS09603,0,0,0,1,0,0,1,2,0,0,0,0,0,0,0,0,1,1,4,0,3,7,2,1,0,3,0,0,0,0,1,0,0,0,0,0,0,0,0,3442,0,3442,44656,0,0,0,0,0,0,0,0,275,275,167,0,7014,7181,55554,91,69,0,6677,0,0,0,0,344,0,7,275,688,0,0,0,44569,10014,0,0,55554,0,0,0,0,0,0,0,0,0,0,0,0,1,1.7208297251506
Mulvane Police Department,2001-08-01,Kansas,5167,KS09603,0,0,0,0,0,0,0,0,0,0,0,0,0,0,0,0,0,0,4,4,6,14,6,0,1,0,0,0,0,0,7,0,0,0,0,0,0,0,0,0,0,0,0,0,0,0,0,0,0,0,0,0,0,59,852,3982,4892,4892,2179,0,3,0,0,0,0,0,2710,0,3,845,0,0,0,0,0,4044,0,0,4892,0,3,0,0,0,0,0,0,0,0,0,3,1,1.7208297251506
Mulvane Police Department,2001-07-01,Kansas,5167,KS09603,1,0,0,0,0,0,1,0,0,0,0,0,0,0,0,0,0,0,0,1,2,3,1,0,0,1,0,0,0,0,1,0,0,0,0,0,502,0,0,0,0,502,0,0,0,0,0,0,0,0,0,0,0,0,129,1174,1303,1805,129,0,0,344,0,0,0,0,829,120,0,829,0,0,344,0,0,511,0,0,1805,0,0,0,0,0,0,0,0,0,0,0,0,1,1.7208297251506
Mulvane Police Department,2001-06-01,Kansas,5167,KS09603,0,0,0,0,0,0,0,0,0,0,0,0,0,0,0,0,0,0,2,4,3,9,2,0,0,1,1,0,0,0,5,0,0,0,0,0,0,0,0,0,0,0,0,0,0,0,0,0,0,0,0,0,0,69,893,7245,8207,8207,681,0,0,206,194,0,0,0,7124,0,17,1124,0,0,0,0,0,6938,0,127,8207,0,0,0,0,0,0,0,0,34,56787,0,56822,1,1.7208297251506
Mulvane Police Department,2001-05-01,Kansas,5167,KS09603,0,0,0,0,1,0,1,1,0,0,0,0,0,0,0,0,0,0,1,2,1,4,1,0,0,0,2,0,0,1,0,0,0,0,0,0,0,0,303,0,0,303,37858,0,0,0,0,0,0,0,0,0,0,65,410,860,1335,39496,310,0,0,0,960,0,0,65,0,0,65,334,0,0,929,0,37858,310,0,0,39496,0,0,0,0,0,0,0,0,0,0,0,0,1,1.7208297251506
Mulvane Police Department,2001-04-01,Kansas,5167,KS09603,0,0,0,0,1,0,1,0,0,0,0,1,0,0,0,0,0,1,1,2,1,4,1,2,0,0,1,0,0,0,0,0,0,0,0,0,0,0,12314,0,0,12314,0,0,0,0,1721,0,0,0,0,0,1721,0,329,437,766,14801,0,609,0,0,157,0,0,0,0,0,0,1800,0,0,0,0,0,13001,0,0,14801,0,0,0,0,0,0,0,0,437,0,0,437,1,1.7208297251506
Mulvane Police Department,2001-03-01,Kansas,5167,KS09603,0,1,0,0,0,0,1,1,0,0,0,0,0,0,0,0,0,0,2,1,1,4,0,0,0,1,0,0,0,0,3,0,0,0,0,7324,0,0,0,0,0,7324,3184,0,0,0,0,0,0,0,0,0,0,77,215,2900,3192,13700,0,0,0,2900,0,0,0,0,293,0,0,0,0,0,0,0,10507,1119,0,2074,13700,0,0,0,0,0,0,0,0,43,0,0,43,1,1.7208297251506
Mulvane Police Department,2001-02-01,Kansas,5167,KS09603,1,0,0,0,0,0,1,0,0,1,0,0,0,0,0,0,0,0,2,3,1,6,2,0,0,1,0,0,0,0,3,0,0,0,0,0,301,0,0,0,0,301,0,0,0,0,0,0,0,0,0,0,0,12,344,430,786,1088,559,0,0,10,0,0,0,0,217,0,2,301,0,0,0,0,0,785,0,0,1088,0,0,0,0,0,0,0,0,86,0,0,86,1,1.7208297251506
Mulvane Police Department,2001-01-01,Kansas,5167,KS09603,0,0,0,0,0,0,0,0,0,0,0,0,0,0,0,0,0,0,2,3,3,8,0,0,0,0,1,0,0,0,7,0,0,0,0,0,0,0,0,0,0,0,0,0,0,0,0,0,0,0,0,0,0,5,602,65891,66498,66498,0,0,0,0,2,0,0,0,66496,1377,5,843,0,172,0,0,0,7055,56787,258,66498,0,0,0,0,0,0,0,0,0,0,258,258,1,1.7208297251506
Mulvane Police Department,2000-12-01,Kansas,5155,KS09603,0,0,0,0,1,0,1,2,0,0,0,0,0,0,0,0,0,0,3,3,2,8,1,0,0,1,1,0,0,0,5,0,0,1,0,0,0,0,885,0,0,885,96790,0,0,0,0,0,0,0,0,0,0,48,400,1587,2035,99709,18,0,0,0,702,0,0,0,1315,0,0,1056,0,885,0,0,95551,2217,0,0,99709,0,0,0,0,0,0,0,47776,0,0,0,47776,1,1.76946331784747
Mulvane Police Department,2000-11-01,Kansas,5155,KS09603,0,0,0,0,0,0,0,1,0,1,0,0,0,0,0,0,0,0,1,1,2,4,0,0,0,1,0,0,0,0,3,0,0,1,0,0,0,0,0,0,0,0,53084,0,0,0,0,0,0,0,0,0,0,35,184,2661,2881,55965,0,0,0,1467,0,0,0,0,1414,0,0,0,0,0,0,0,53084,1509,0,1371,55965,0,0,0,0,0,0,0,53084,0,0,0,53084,1,1.76946331784747
Mulvane Police Department,2000-10-01,Kansas,5155,KS09603,1,0,0,0,0,0,1,0,0,0,0,0,0,0,0,0,0,0,6,2,2,10,0,0,0,1,1,0,0,2,6,0,0,0,0,0,407,0,0,0,0,407,0,0,0,0,0,0,0,0,0,0,0,154,264,3035,3452,3859,0,0,0,1239,60,0,0,131,2022,0,310,161,0,0,0,0,0,1619,0,1769,3859,0,18,0,0,0,0,0,0,0,0,0,18,1,1.76946331784747
Mulvane Police Department,2000-09-01,Kansas,5155,KS09603,1,1,0,0,0,0,2,0,0,1,0,0,0,0,0,0,0,0,0,1,2,3,0,1,1,1,0,0,0,0,0,0,0,0,0,0,11769,0,0,0,0,11769,0,0,0,0,0,0,0,0,0,0,0,0,159,3167,3327,15095,0,159,354,2813,0,0,0,0,0,0,0,6556,1469,0,3539,0,0,276,531,2725,15095,0,0,0,0,0,0,0,0,159,0,0,159,1,1.76946331784747
Mulvane Police Department,2000-08-01,Kansas,5155,KS09603,0,0,0,0,1,0,1,0,0,0,0,0,0,0,0,0,0,0,3,3,2,8,0,3,0,2,0,0,0,2,1,0,0,0,0,0,0,0,708,0,0,708,0,0,0,0,0,0,0,0,0,0,0,99,632,1663,2394,3102,0,1973,0,226,0,0,0,186,9,35,186,717,0,0,0,0,0,2164,0,0,3102,35,55,0,0,0,0,0,0,0,0,0,90,1,1.76946331784747
Mulvane Police Department,2000-07-01,Kansas,5155,KS09603,0,0,0,1,1,0,2,0,0,0,0,0,0,0,0,0,0,0,3,0,0,3,0,0,0,0,0,0,1,1,1,0,0,0,0,0,0,0,1992,5917,0,7910,0,0,0,0,0,0,0,0,0,0,0,50,0,0,50,7959,0,0,0,0,0,0,0,5,44,64,5,0,0,0,2654,0,0,3643,0,1593,7959,0,0,0,0,0,0,0,0,0,0,0,0,1,1.76946331784747
Mulvane Police Department,2000-06-01,Kansas,5155,KS09603,0,0,0,1,1,0,2,1,0,0,0,0,0,0,0,0,0,0,4,0,2,6,0,0,1,2,0,0,0,1,2,0,0,0,0,0,0,0,1101,3146,0,4247,2,0,0,0,0,0,0,0,0,0,0,80,0,938,1017,5266,0,0,407,534,0,0,0,23,53,53,23,4047,0,0,0,0,2,221,389,531,5266,0,23,0,0,0,0,0,0,0,0,0,23,1,1.76946331784747
Mulvane Police Department,2000-05-01,Kansas,5155,KS09603,0,0,0,0,1,0,1,0,0,0,0,0,0,0,0,0,0,0,3,1,3,7,1,0,1,3,0,0,0,0,2,0,0,0,0,0,0,0,1725,0,0,1725,0,0,0,0,0,0,0,0,0,0,0,58,110,2923,3091,4816,513,0,110,2093,0,0,0,0,375,14,1746,336,0,0,0,0,0,1658,0,1062,4816,0,1725,0,0,0,0,0,0,354,0,0,2079,1,1.76946331784747
Mulvane Police Department,2000-04-01,Kansas,5155,KS09603,0,0,0,0,0,0,0,0,0,0,0,0,0,0,0,0,0,0,0,3,3,6,2,0,0,1,0,0,0,0,3,0,0,0,0,0,0,0,0,0,0,0,0,0,0,0,0,0,0,0,0,0,0,0,527,2854,3381,3381,708,0,0,262,0,0,0,0,2412,0,0,655,0,0,0,0,0,2718,0,9,3381,0,0,0,0,0,0,0,0,0,0,0,0,1,1.76946331784747
Mulvane Police Department,2000-03-01,Kansas,5155,KS09603,1,0,0,0,0,0,1,0,0,0,0,0,0,0,0,0,0,0,0,0,3,3,1,0,0,1,0,0,0,0,1,0,0,0,0,0,0,0,0,0,0,0,0,0,0,0,0,0,0,0,0,0,0,0,0,3035,3035,3035,531,0,0,1518,0,0,0,0,986,0,0,977,0,0,0,0,0,894,0,1164,3035,0,0,977,0,0,0,0,0,9,0,0,986,1,1.76946331784747
Mulvane Police Department,2000-02-01,Kansas,5155,KS09603,1,0,0,0,2,0,3,1,0,0,0,0,0,0,0,0,0,0,2,3,4,9,2,0,0,4,0,0,0,0,3,0,0,0,0,0,4611,0,1203,0,0,5814,1062,0,0,0,0,0,0,0,0,0,0,53,897,4293,5243,12119,761,0,0,3107,0,0,0,0,1375,239,0,53,0,0,3450,0,1062,5926,0,1389,12119,0,0,0,0,0,177,0,0,442,0,0,619,1,1.76946331784747
Mulvane Police Department,2000-01-01,Kansas,5155,KS09603,0,0,0,0,0,0,0,0,0,0,0,0,0,0,0,0,0,0,2,3,2,7,2,0,0,1,0,0,0,0,4,0,0,0,0,0,0,0,0,0,0,0,0,0,0,0,0,0,0,0,0,0,0,60,549,1651,2260,2260,274,0,0,1150,0,0,0,0,835,0,658,0,0,0,0,0,0,664,0,938,2260,0,0,0,0,0,0,0,0,0,0,0,0,1,1.76946331784747
Mulvane Police Department,1999-12-01,Kansas,5183,KS09603,0,0,0,0,0,0,0,0,0,0,0,0,0,0,0,0,0,0,0,0,0,0,0,0,0,0,0,0,0,0,0,0,0,0,0,0,0,0,0,0,0,0,0,0,0,0,0,0,0,0,0,0,0,0,0,0,0,0,0,0,0,0,0,0,0,0,0,0,0,0,0,0,0,0,0,0,0,0,0,0,0,0,0,0,0,0,0,0,0,0,0,1,1.82921556856271
Mulvane Police Department,1999-11-01,Kansas,5183,KS09603,0,0,0,0,0,0,0,0,0,0,0,0,0,0,0,0,0,0,0,0,0,0,0,0,0,0,0,0,0,0,0,0,0,0,0,0,0,0,0,0,0,0,0,0,0,0,0,0,0,0,0,0,0,0,0,0,0,0,0,0,0,0,0,0,0,0,0,0,0,0,0,0,0,0,0,0,0,0,0,0,0,0,0,0,0,0,0,0,0,0,0,1,1.82921556856271
Mulvane Police Department,1999-10-01,Kansas,5183,KS09603,0,0,0,0,0,0,0,0,0,0,0,0,0,0,0,0,0,0,0,0,0,0,0,0,0,0,0,0,0,0,0,0,0,0,0,0,0,0,0,0,0,0,0,0,0,0,0,0,0,0,0,0,0,0,0,0,0,0,0,0,0,0,0,0,0,0,0,0,0,0,0,0,0,0,0,0,0,0,0,0,0,0,0,0,0,0,0,0,0,0,0,1,1.82921556856271
Mulvane Police Department,1999-09-01,Kansas,5183,KS09603,0,0,0,0,0,0,0,0,0,0,0,0,0,0,0,0,0,0,0,0,0,0,0,0,0,0,0,0,0,0,0,0,0,0,0,0,0,0,0,0,0,0,0,0,0,0,0,0,0,0,0,0,0,0,0,0,0,0,0,0,0,0,0,0,0,0,0,0,0,0,0,0,0,0,0,0,0,0,0,0,0,0,0,0,0,0,0,0,0,0,0,1,1.82921556856271
Mulvane Police Department,1999-08-01,Kansas,5183,KS09603,0,0,0,0,0,0,0,0,0,0,0,0,0,0,0,0,0,0,0,0,0,0,0,0,0,0,0,0,0,0,0,0,0,0,0,0,0,0,0,0,0,0,0,0,0,0,0,0,0,0,0,0,0,0,0,0,0,0,0,0,0,0,0,0,0,0,0,0,0,0,0,0,0,0,0,0,0,0,0,0,0,0,0,0,0,0,0,0,0,0,0,1,1.82921556856271
Mulvane Police Department,1999-07-01,Kansas,5183,KS09603,0,0,0,0,0,0,0,0,0,0,0,0,0,0,0,0,0,0,0,0,0,0,0,0,0,0,0,0,0,0,0,0,0,0,0,0,0,0,0,0,0,0,0,0,0,0,0,0,0,0,0,0,0,0,0,0,0,0,0,0,0,0,0,0,0,0,0,0,0,0,0,0,0,0,0,0,0,0,0,0,0,0,0,0,0,0,0,0,0,0,0,1,1.82921556856271
Mulvane Police Department,1999-06-01,Kansas,5183,KS09603,0,0,0,0,0,0,0,0,0,0,0,0,0,0,0,0,0,0,0,0,0,0,0,0,0,0,0,0,0,0,0,0,0,0,0,0,0,0,0,0,0,0,0,0,0,0,0,0,0,0,0,0,0,0,0,0,0,0,0,0,0,0,0,0,0,0,0,0,0,0,0,0,0,0,0,0,0,0,0,0,0,0,0,0,0,0,0,0,0,0,0,1,1.82921556856271
Mulvane Police Department,1999-05-01,Kansas,5183,KS09603,0,0,0,0,0,0,0,0,0,0,0,0,0,0,0,0,0,0,0,0,0,0,0,0,0,0,0,0,0,0,0,0,0,0,0,0,0,0,0,0,0,0,0,0,0,0,0,0,0,0,0,0,0,0,0,0,0,0,0,0,0,0,0,0,0,0,0,0,0,0,0,0,0,0,0,0,0,0,0,0,0,0,0,0,0,0,0,0,0,0,0,1,1.82921556856271
Mulvane Police Department,1999-04-01,Kansas,5183,KS09603,0,0,0,0,0,0,0,0,0,0,0,0,0,0,0,0,0,0,0,0,0,0,0,0,0,0,0,0,0,0,0,0,0,0,0,0,0,0,0,0,0,0,0,0,0,0,0,0,0,0,0,0,0,0,0,0,0,0,0,0,0,0,0,0,0,0,0,0,0,0,0,0,0,0,0,0,0,0,0,0,0,0,0,0,0,0,0,0,0,0,0,1,1.82921556856271
Mulvane Police Department,1999-03-01,Kansas,5183,KS09603,0,0,0,0,0,0,0,0,0,0,0,0,0,0,0,0,0,0,0,0,0,0,0,0,0,0,0,0,0,0,0,0,0,0,0,0,0,0,0,0,0,0,0,0,0,0,0,0,0,0,0,0,0,0,0,0,0,0,0,0,0,0,0,0,0,0,0,0,0,0,0,0,0,0,0,0,0,0,0,0,0,0,0,0,0,0,0,0,0,0,0,1,1.82921556856271
Mulvane Police Department,1999-02-01,Kansas,5183,KS09603,0,0,0,0,0,0,0,0,0,0,0,0,0,0,0,0,0,0,0,0,0,0,0,0,0,0,0,0,0,0,0,0,0,0,0,0,0,0,0,0,0,0,0,0,0,0,0,0,0,0,0,0,0,0,0,0,0,0,0,0,0,0,0,0,0,0,0,0,0,0,0,0,0,0,0,0,0,0,0,0,0,0,0,0,0,0,0,0,0,0,0,1,1.82921556856271
Mulvane Police Department,1999-01-01,Kansas,5183,KS09603,0,0,0,0,0,0,0,0,0,0,0,0,0,0,0,0,0,0,0,0,0,0,0,0,0,0,0,0,0,0,0,0,0,0,0,0,0,0,0,0,0,0,0,0,0,0,0,0,0,0,0,0,0,0,0,0,0,0,0,0,0,0,0,0,0,0,0,0,0,0,0,0,0,0,0,0,0,0,0,0,0,0,0,0,0,0,0,0,0,0,0,1,1.82921556856271
Mulvane Police Department,1998-12-01,Kansas,5124,KS09603,0,0,0,0,0,0,0,0,0,0,0,0,0,0,0,0,0,0,0,0,0,0,0,0,0,0,0,0,0,0,0,0,0,0,0,0,0,0,0,0,0,0,0,0,0,0,0,0,0,0,0,0,0,0,0,0,0,0,0,0,0,0,0,0,0,0,0,0,0,0,0,0,0,0,0,0,0,0,0,0,0,0,0,0,0,0,0,0,0,0,0,1,1.86923930269414
Mulvane Police Department,1998-11-01,Kansas,5124,KS09603,0,0,0,0,0,0,0,0,0,0,0,0,0,0,0,0,0,0,0,0,0,0,0,0,0,0,0,0,0,0,0,0,0,0,0,0,0,0,0,0,0,0,0,0,0,0,0,0,0,0,0,0,0,0,0,0,0,0,0,0,0,0,0,0,0,0,0,0,0,0,0,0,0,0,0,0,0,0,0,0,0,0,0,0,0,0,0,0,0,0,0,1,1.86923930269414
Mulvane Police Department,1998-10-01,Kansas,5124,KS09603,0,0,0,0,0,0,0,0,0,0,0,0,0,0,0,0,0,0,0,0,0,0,0,0,0,0,0,0,0,0,0,0,0,0,0,0,0,0,0,0,0,0,0,0,0,0,0,0,0,0,0,0,0,0,0,0,0,0,0,0,0,0,0,0,0,0,0,0,0,0,0,0,0,0,0,0,0,0,0,0,0,0,0,0,0,0,0,0,0,0,0,1,1.86923930269414
Mulvane Police Department,1998-09-01,Kansas,5124,KS09603,0,0,0,0,0,0,0,0,0,0,0,0,0,0,0,0,0,0,0,0,0,0,0,0,0,0,0,0,0,0,0,0,0,0,0,0,0,0,0,0,0,0,0,0,0,0,0,0,0,0,0,0,0,0,0,0,0,0,0,0,0,0,0,0,0,0,0,0,0,0,0,0,0,0,0,0,0,0,0,0,0,0,0,0,0,0,0,0,0,0,0,1,1.86923930269414
Mulvane Police Department,1998-08-01,Kansas,5124,KS09603,0,0,0,0,0,0,0,0,0,0,0,0,0,0,0,0,0,0,0,0,0,0,0,0,0,0,0,0,0,0,0,0,0,0,0,0,0,0,0,0,0,0,0,0,0,0,0,0,0,0,0,0,0,0,0,0,0,0,0,0,0,0,0,0,0,0,0,0,0,0,0,0,0,0,0,0,0,0,0,0,0,0,0,0,0,0,0,0,0,0,0,1,1.86923930269414
Mulvane Police Department,1998-07-01,Kansas,5124,KS09603,0,0,0,0,0,0,0,0,0,0,0,0,0,0,0,0,0,0,0,0,0,0,0,0,0,0,0,0,0,0,0,0,0,0,0,0,0,0,0,0,0,0,0,0,0,0,0,0,0,0,0,0,0,0,0,0,0,0,0,0,0,0,0,0,0,0,0,0,0,0,0,0,0,0,0,0,0,0,0,0,0,0,0,0,0,0,0,0,0,0,0,1,1.86923930269414
Mulvane Police Department,1998-06-01,Kansas,5124,KS09603,0,0,0,0,0,0,0,0,0,0,0,0,0,0,0,0,0,0,0,0,0,0,0,0,0,0,0,0,0,0,0,0,0,0,0,0,0,0,0,0,0,0,0,0,0,0,0,0,0,0,0,0,0,0,0,0,0,0,0,0,0,0,0,0,0,0,0,0,0,0,0,0,0,0,0,0,0,0,0,0,0,0,0,0,0,0,0,0,0,0,0,1,1.86923930269414
Mulvane Police Department,1998-05-01,Kansas,5124,KS09603,0,0,0,0,0,0,0,0,0,0,0,0,0,0,0,0,0,0,0,0,0,0,0,0,0,0,0,0,0,0,0,0,0,0,0,0,0,0,0,0,0,0,0,0,0,0,0,0,0,0,0,0,0,0,0,0,0,0,0,0,0,0,0,0,0,0,0,0,0,0,0,0,0,0,0,0,0,0,0,0,0,0,0,0,0,0,0,0,0,0,0,1,1.86923930269414
Mulvane Police Department,1998-04-01,Kansas,5124,KS09603,0,0,0,0,0,0,0,0,0,0,0,0,0,0,0,0,0,0,0,0,0,0,0,0,0,0,0,0,0,0,0,0,0,0,0,0,0,0,0,0,0,0,0,0,0,0,0,0,0,0,0,0,0,0,0,0,0,0,0,0,0,0,0,0,0,0,0,0,0,0,0,0,0,0,0,0,0,0,0,0,0,0,0,0,0,0,0,0,0,0,0,1,1.86923930269414
Mulvane Police Department,1998-03-01,Kansas,5124,KS09603,0,0,0,0,0,0,0,0,0,0,0,0,0,0,0,0,0,0,0,0,0,0,0,0,0,0,0,0,0,0,0,0,0,0,0,0,0,0,0,0,0,0,0,0,0,0,0,0,0,0,0,0,0,0,0,0,0,0,0,0,0,0,0,0,0,0,0,0,0,0,0,0,0,0,0,0,0,0,0,0,0,0,0,0,0,0,0,0,0,0,0,1,1.86923930269414
Mulvane Police Department,1998-02-01,Kansas,5124,KS09603,0,0,0,0,0,0,0,0,0,0,0,0,0,0,0,0,0,0,0,0,0,0,0,0,0,0,0,0,0,0,0,0,0,0,0,0,0,0,0,0,0,0,0,0,0,0,0,0,0,0,0,0,0,0,0,0,0,0,0,0,0,0,0,0,0,0,0,0,0,0,0,0,0,0,0,0,0,0,0,0,0,0,0,0,0,0,0,0,0,0,0,1,1.86923930269414
Mulvane Police Department,1998-01-01,Kansas,5124,KS09603,0,0,0,0,0,0,0,0,0,0,0,0,0,0,0,0,0,0,0,0,0,0,0,0,0,0,0,0,0,0,0,0,0,0,0,0,0,0,0,0,0,0,0,0,0,0,0,0,0,0,0,0,0,0,0,0,0,0,0,0,0,0,0,0,0,0,0,0,0,0,0,0,0,0,0,0,0,0,0,0,0,0,0,0,0,0,0,0,0,0,0,1,1.86923930269414
Mulvane Police Department,1997-12-01,Kansas,5180,KS09603,0,0,0,0,0,0,0,0,0,0,0,0,0,0,0,0,0,0,0,0,0,0,0,0,0,0,0,0,0,0,0,0,0,0,0,0,0,0,0,0,0,0,0,0,0,0,0,0,0,0,0,0,0,0,0,0,0,0,0,0,0,0,0,0,0,0,0,0,0,0,0,0,0,0,0,0,0,0,0,0,0,0,0,0,0,0,0,0,0,0,0,1,1.89825511369536
Mulvane Police Department,1997-11-01,Kansas,5180,KS09603,0,0,0,0,0,0,0,0,0,0,0,0,0,0,0,0,0,0,0,0,0,0,0,0,0,0,0,0,0,0,0,0,0,0,0,0,0,0,0,0,0,0,0,0,0,0,0,0,0,0,0,0,0,0,0,0,0,0,0,0,0,0,0,0,0,0,0,0,0,0,0,0,0,0,0,0,0,0,0,0,0,0,0,0,0,0,0,0,0,0,0,1,1.89825511369536
Mulvane Police Department,1997-10-01,Kansas,5180,KS09603,0,0,0,0,0,0,0,0,0,0,0,0,0,0,0,0,0,0,0,0,0,0,0,0,0,0,0,0,0,0,0,0,0,0,0,0,0,0,0,0,0,0,0,0,0,0,0,0,0,0,0,0,0,0,0,0,0,0,0,0,0,0,0,0,0,0,0,0,0,0,0,0,0,0,0,0,0,0,0,0,0,0,0,0,0,0,0,0,0,0,0,1,1.89825511369536
Mulvane Police Department,1997-09-01,Kansas,5180,KS09603,0,0,0,0,0,0,0,0,0,0,0,0,0,0,0,0,0,0,0,0,0,0,0,0,0,0,0,0,0,0,0,0,0,0,0,0,0,0,0,0,0,0,0,0,0,0,0,0,0,0,0,0,0,0,0,0,0,0,0,0,0,0,0,0,0,0,0,0,0,0,0,0,0,0,0,0,0,0,0,0,0,0,0,0,0,0,0,0,0,0,0,1,1.89825511369536
Mulvane Police Department,1997-08-01,Kansas,5180,KS09603,0,0,0,0,0,0,0,0,0,0,0,0,0,0,0,0,0,0,0,0,0,0,0,0,0,0,0,0,0,0,0,0,0,0,0,0,0,0,0,0,0,0,0,0,0,0,0,0,0,0,0,0,0,0,0,0,0,0,0,0,0,0,0,0,0,0,0,0,0,0,0,0,0,0,0,0,0,0,0,0,0,0,0,0,0,0,0,0,0,0,0,1,1.89825511369536
Mulvane Police Department,1997-07-01,Kansas,5180,KS09603,0,0,0,0,0,0,0,0,0,0,0,0,0,0,0,0,0,0,0,0,0,0,0,0,0,0,0,0,0,0,0,0,0,0,0,0,0,0,0,0,0,0,0,0,0,0,0,0,0,0,0,0,0,0,0,0,0,0,0,0,0,0,0,0,0,0,0,0,0,0,0,0,0,0,0,0,0,0,0,0,0,0,0,0,0,0,0,0,0,0,0,1,1.89825511369536
Mulvane Police Department,1997-06-01,Kansas,5180,KS09603,0,0,0,0,0,0,0,0,0,0,0,0,0,0,0,0,0,0,0,0,0,0,0,0,0,0,0,0,0,0,0,0,0,0,0,0,0,0,0,0,0,0,0,0,0,0,0,0,0,0,0,0,0,0,0,0,0,0,0,0,0,0,0,0,0,0,0,0,0,0,0,0,0,0,0,0,0,0,0,0,0,0,0,0,0,0,0,0,0,0,0,1,1.89825511369536
Mulvane Police Department,1997-05-01,Kansas,5180,KS09603,0,0,0,0,0,0,0,0,0,0,0,0,0,0,0,0,0,0,0,0,0,0,0,0,0,0,0,0,0,0,0,0,0,0,0,0,0,0,0,0,0,0,0,0,0,0,0,0,0,0,0,0,0,0,0,0,0,0,0,0,0,0,0,0,0,0,0,0,0,0,0,0,0,0,0,0,0,0,0,0,0,0,0,0,0,0,0,0,0,0,0,1,1.89825511369536
Mulvane Police Department,1997-04-01,Kansas,5180,KS09603,0,0,0,0,0,0,0,0,0,0,0,0,0,0,0,0,0,0,0,0,0,0,0,0,0,0,0,0,0,0,0,0,0,0,0,0,0,0,0,0,0,0,0,0,0,0,0,0,0,0,0,0,0,0,0,0,0,0,0,0,0,0,0,0,0,0,0,0,0,0,0,0,0,0,0,0,0,0,0,0,0,0,0,0,0,0,0,0,0,0,0,1,1.89825511369536
Mulvane Police Department,1997-03-01,Kansas,5180,KS09603,0,0,0,0,0,0,0,0,0,0,0,0,0,0,0,0,0,0,0,0,0,0,0,0,0,0,0,0,0,0,0,0,0,0,0,0,0,0,0,0,0,0,0,0,0,0,0,0,0,0,0,0,0,0,0,0,0,0,0,0,0,0,0,0,0,0,0,0,0,0,0,0,0,0,0,0,0,0,0,0,0,0,0,0,0,0,0,0,0,0,0,1,1.89825511369536
Mulvane Police Department,1997-02-01,Kansas,5180,KS09603,0,0,0,0,0,0,0,0,0,0,0,0,0,0,0,0,0,0,0,0,0,0,0,0,0,0,0,0,0,0,0,0,0,0,0,0,0,0,0,0,0,0,0,0,0,0,0,0,0,0,0,0,0,0,0,0,0,0,0,0,0,0,0,0,0,0,0,0,0,0,0,0,0,0,0,0,0,0,0,0,0,0,0,0,0,0,0,0,0,0,0,1,1.89825511369536
Mulvane Police Department,1997-01-01,Kansas,5180,KS09603,0,0,0,0,0,0,0,0,0,0,0,0,0,0,0,0,0,0,0,0,0,0,0,0,0,0,0,0,0,0,0,0,0,0,0,0,0,0,0,0,0,0,0,0,0,0,0,0,0,0,0,0,0,0,0,0,0,0,0,0,0,0,0,0,0,0,0,0,0,0,0,0,0,0,0,0,0,0,0,0,0,0,0,0,0,0,0,0,0,0,0,1,1.89825511369536
Mulvane Police Department,1996-12-01,Kansas,5135,KS09603,0,0,0,0,0,0,0,0,0,0,0,0,0,0,0,0,0,0,0,0,0,0,0,0,0,0,0,0,0,0,0,0,0,0,0,0,0,0,0,0,0,0,0,0,0,0,0,0,0,0,0,0,0,0,0,0,0,0,0,0,0,0,0,0,0,0,0,0,0,0,0,0,0,0,0,0,0,0,0,0,0,0,0,0,0,0,0,0,0,0,0,1,1.94263043247264
Mulvane Police Department,1996-11-01,Kansas,5135,KS09603,0,0,0,0,0,0,0,0,0,0,0,0,0,0,0,0,0,0,0,0,0,0,0,0,0,0,0,0,0,0,0,0,0,0,0,0,0,0,0,0,0,0,0,0,0,0,0,0,0,0,0,0,0,0,0,0,0,0,0,0,0,0,0,0,0,0,0,0,0,0,0,0,0,0,0,0,0,0,0,0,0,0,0,0,0,0,0,0,0,0,0,1,1.94263043247264
Mulvane Police Department,1996-10-01,Kansas,5135,KS09603,0,0,0,0,0,0,0,0,0,0,0,0,0,0,0,0,0,0,0,0,0,0,0,0,0,0,0,0,0,0,0,0,0,0,0,0,0,0,0,0,0,0,0,0,0,0,0,0,0,0,0,0,0,0,0,0,0,0,0,0,0,0,0,0,0,0,0,0,0,0,0,0,0,0,0,0,0,0,0,0,0,0,0,0,0,0,0,0,0,0,0,1,1.94263043247264
Mulvane Police Department,1996-09-01,Kansas,5135,KS09603,0,0,0,0,0,0,0,0,0,0,0,0,0,0,0,0,0,0,0,0,0,0,0,0,0,0,0,0,0,0,0,0,0,0,0,0,0,0,0,0,0,0,0,0,0,0,0,0,0,0,0,0,0,0,0,0,0,0,0,0,0,0,0,0,0,0,0,0,0,0,0,0,0,0,0,0,0,0,0,0,0,0,0,0,0,0,0,0,0,0,0,1,1.94263043247264
Mulvane Police Department,1996-08-01,Kansas,5135,KS09603,0,0,0,0,0,0,0,0,0,0,0,0,0,0,0,0,0,0,0,0,0,0,0,0,0,0,0,0,0,0,0,0,0,0,0,0,0,0,0,0,0,0,0,0,0,0,0,0,0,0,0,0,0,0,0,0,0,0,0,0,0,0,0,0,0,0,0,0,0,0,0,0,0,0,0,0,0,0,0,0,0,0,0,0,0,0,0,0,0,0,0,1,1.94263043247264
Mulvane Police Department,1996-07-01,Kansas,5135,KS09603,0,0,0,0,0,0,0,0,0,0,0,0,0,0,0,0,0,0,0,0,0,0,0,0,0,0,0,0,0,0,0,0,0,0,0,0,0,0,0,0,0,0,0,0,0,0,0,0,0,0,0,0,0,0,0,0,0,0,0,0,0,0,0,0,0,0,0,0,0,0,0,0,0,0,0,0,0,0,0,0,0,0,0,0,0,0,0,0,0,0,0,1,1.94263043247264
Mulvane Police Department,1996-06-01,Kansas,5135,KS09603,0,0,0,0,0,0,0,0,0,0,0,0,0,0,0,0,0,0,0,0,0,0,0,0,0,0,0,0,0,0,0,0,0,0,0,0,0,0,0,0,0,0,0,0,0,0,0,0,0,0,0,0,0,0,0,0,0,0,0,0,0,0,0,0,0,0,0,0,0,0,0,0,0,0,0,0,0,0,0,0,0,0,0,0,0,0,0,0,0,0,0,1,1.94263043247264
Mulvane Police Department,1996-05-01,Kansas,5135,KS09603,0,0,0,0,0,0,0,0,0,0,0,0,0,0,0,0,0,0,0,0,0,0,0,0,0,0,0,0,0,0,0,0,0,0,0,0,0,0,0,0,0,0,0,0,0,0,0,0,0,0,0,0,0,0,0,0,0,0,0,0,0,0,0,0,0,0,0,0,0,0,0,0,0,0,0,0,0,0,0,0,0,0,0,0,0,0,0,0,0,0,0,1,1.94263043247264
Mulvane Police Department,1996-04-01,Kansas,5135,KS09603,0,0,0,0,0,0,0,0,0,0,0,0,0,0,0,0,0,0,0,0,0,0,0,0,0,0,0,0,0,0,0,0,0,0,0,0,0,0,0,0,0,0,0,0,0,0,0,0,0,0,0,0,0,0,0,0,0,0,0,0,0,0,0,0,0,0,0,0,0,0,0,0,0,0,0,0,0,0,0,0,0,0,0,0,0,0,0,0,0,0,0,1,1.94263043247264
Mulvane Police Department,1996-03-01,Kansas,5135,KS09603,0,0,0,0,0,0,0,0,0,0,0,0,0,0,0,0,0,0,0,0,0,0,0,0,0,0,0,0,0,0,0,0,0,0,0,0,0,0,0,0,0,0,0,0,0,0,0,0,0,0,0,0,0,0,0,0,0,0,0,0,0,0,0,0,0,0,0,0,0,0,0,0,0,0,0,0,0,0,0,0,0,0,0,0,0,0,0,0,0,0,0,1,1.94263043247264
Mulvane Police Department,1996-02-01,Kansas,5135,KS09603,0,0,0,0,0,0,0,0,0,0,0,0,0,0,0,0,0,0,0,0,0,0,0,0,0,0,0,0,0,0,0,0,0,0,0,0,0,0,0,0,0,0,0,0,0,0,0,0,0,0,0,0,0,0,0,0,0,0,0,0,0,0,0,0,0,0,0,0,0,0,0,0,0,0,0,0,0,0,0,0,0,0,0,0,0,0,0,0,0,0,0,1,1.94263043247264
Mulvane Police Department,1996-01-01,Kansas,5135,KS09603,0,0,0,0,0,0,0,0,0,0,0,0,0,0,0,0,0,0,0,0,0,0,0,0,0,0,0,0,0,0,0,0,0,0,0,0,0,0,0,0,0,0,0,0,0,0,0,0,0,0,0,0,0,0,0,0,0,0,0,0,0,0,0,0,0,0,0,0,0,0,0,0,0,0,0,0,0,0,0,0,0,0,0,0,0,0,0,0,0,0,0,1,1.94263043247264
Mulvane Police Department,1995-12-01,Kansas,5122,KS09603,0,0,0,0,0,0,0,0,0,0,0,0,0,0,0,0,0,0,0,0,0,0,0,0,0,0,0,0,0,0,0,0,0,0,0,0,0,0,0,0,0,0,0,0,0,0,0,0,0,0,0,0,0,0,0,0,0,0,0,0,0,0,0,0,0,0,0,0,0,0,0,0,0,0,0,0,0,0,0,0,0,0,0,0,0,0,0,0,0,0,0,1,1.99957289729848
Mulvane Police Department,1995-11-01,Kansas,5122,KS09603,0,0,0,0,0,0,0,0,0,0,0,0,0,0,0,0,0,0,0,0,0,0,0,0,0,0,0,0,0,0,0,0,0,0,0,0,0,0,0,0,0,0,0,0,0,0,0,0,0,0,0,0,0,0,0,0,0,0,0,0,0,0,0,0,0,0,0,0,0,0,0,0,0,0,0,0,0,0,0,0,0,0,0,0,0,0,0,0,0,0,0,1,1.99957289729848
Mulvane Police Department,1995-10-01,Kansas,5122,KS09603,0,0,0,0,0,0,0,0,0,0,0,0,0,0,0,0,0,0,0,0,0,0,0,0,0,0,0,0,0,0,0,0,0,0,0,0,0,0,0,0,0,0,0,0,0,0,0,0,0,0,0,0,0,0,0,0,0,0,0,0,0,0,0,0,0,0,0,0,0,0,0,0,0,0,0,0,0,0,0,0,0,0,0,0,0,0,0,0,0,0,0,1,1.99957289729848
Mulvane Police Department,1995-09-01,Kansas,5122,KS09603,0,0,0,0,0,0,0,0,0,0,0,0,0,0,0,0,0,0,0,0,0,0,0,0,0,0,0,0,0,0,0,0,0,0,0,0,0,0,0,0,0,0,0,0,0,0,0,0,0,0,0,0,0,0,0,0,0,0,0,0,0,0,0,0,0,0,0,0,0,0,0,0,0,0,0,0,0,0,0,0,0,0,0,0,0,0,0,0,0,0,0,1,1.99957289729848
Mulvane Police Department,1995-08-01,Kansas,5122,KS09603,0,0,0,0,0,0,0,0,0,0,0,0,0,0,0,0,0,0,0,0,0,0,0,0,0,0,0,0,0,0,0,0,0,0,0,0,0,0,0,0,0,0,0,0,0,0,0,0,0,0,0,0,0,0,0,0,0,0,0,0,0,0,0,0,0,0,0,0,0,0,0,0,0,0,0,0,0,0,0,0,0,0,0,0,0,0,0,0,0,0,0,1,1.99957289729848
Mulvane Police Department,1995-07-01,Kansas,5122,KS09603,0,0,0,0,0,0,0,0,0,0,0,0,0,0,0,0,0,0,0,0,0,0,0,0,0,0,0,0,0,0,0,0,0,0,0,0,0,0,0,0,0,0,0,0,0,0,0,0,0,0,0,0,0,0,0,0,0,0,0,0,0,0,0,0,0,0,0,0,0,0,0,0,0,0,0,0,0,0,0,0,0,0,0,0,0,0,0,0,0,0,0,1,1.99957289729848
Mulvane Police Department,1995-06-01,Kansas,5122,KS09603,0,0,0,0,0,0,0,0,0,0,0,0,0,0,0,0,0,0,0,0,0,0,0,0,0,0,0,0,0,0,0,0,0,0,0,0,0,0,0,0,0,0,0,0,0,0,0,0,0,0,0,0,0,0,0,0,0,0,0,0,0,0,0,0,0,0,0,0,0,0,0,0,0,0,0,0,0,0,0,0,0,0,0,0,0,0,0,0,0,0,0,1,1.99957289729848
Mulvane Police Department,1995-05-01,Kansas,5122,KS09603,0,0,0,0,0,0,0,0,0,0,0,0,0,0,0,0,0,0,0,0,0,0,0,0,0,0,0,0,0,0,0,0,0,0,0,0,0,0,0,0,0,0,0,0,0,0,0,0,0,0,0,0,0,0,0,0,0,0,0,0,0,0,0,0,0,0,0,0,0,0,0,0,0,0,0,0,0,0,0,0,0,0,0,0,0,0,0,0,0,0,0,1,1.99957289729848
Mulvane Police Department,1995-04-01,Kansas,5122,KS09603,0,0,0,0,0,0,0,0,0,0,0,0,0,0,0,0,0,0,0,0,0,0,0,0,0,0,0,0,0,0,0,0,0,0,0,0,0,0,0,0,0,0,0,0,0,0,0,0,0,0,0,0,0,0,0,0,0,0,0,0,0,0,0,0,0,0,0,0,0,0,0,0,0,0,0,0,0,0,0,0,0,0,0,0,0,0,0,0,0,0,0,1,1.99957289729848
Mulvane Police Department,1995-03-01,Kansas,5122,KS09603,0,0,0,0,0,0,0,0,0,0,0,0,0,0,0,0,0,0,0,0,0,0,0,0,0,0,0,0,0,0,0,0,0,0,0,0,0,0,0,0,0,0,0,0,0,0,0,0,0,0,0,0,0,0,0,0,0,0,0,0,0,0,0,0,0,0,0,0,0,0,0,0,0,0,0,0,0,0,0,0,0,0,0,0,0,0,0,0,0,0,0,1,1.99957289729848
Mulvane Police Department,1995-02-01,Kansas,5122,KS09603,0,0,0,0,0,0,0,0,0,0,0,0,0,0,0,0,0,0,0,0,0,0,0,0,0,0,0,0,0,0,0,0,0,0,0,0,0,0,0,0,0,0,0,0,0,0,0,0,0,0,0,0,0,0,0,0,0,0,0,0,0,0,0,0,0,0,0,0,0,0,0,0,0,0,0,0,0,0,0,0,0,0,0,0,0,0,0,0,0,0,0,1,1.99957289729848
Mulvane Police Department,1995-01-01,Kansas,5122,KS09603,0,0,0,0,0,0,0,0,0,0,0,0,0,0,0,0,0,0,0,0,0,0,0,0,0,0,0,0,0,0,0,0,0,0,0,0,0,0,0,0,0,0,0,0,0,0,0,0,0,0,0,0,0,0,0,0,0,0,0,0,0,0,0,0,0,0,0,0,0,0,0,0,0,0,0,0,0,0,0,0,0,0,0,0,0,0,0,0,0,0,0,1,1.99957289729848
Mulvane Police Department,1994-12-01,Kansas,4904,KS09603,0,0,0,0,0,0,0,0,0,0,0,0,0,0,0,0,0,0,0,0,0,0,0,0,0,0,0,0,0,0,0,0,0,0,0,0,0,0,0,0,0,0,0,0,0,0,0,0,0,0,0,0,0,0,0,0,0,0,0,0,0,0,0,0,0,0,0,0,0,0,0,0,0,0,0,0,0,0,0,0,0,0,0,0,0,0,0,0,0,0,0,1,2.05566930904593
Mulvane Police Department,1994-11-01,Kansas,4904,KS09603,0,0,0,0,0,0,0,0,0,0,0,0,0,0,0,0,0,0,0,0,0,0,0,0,0,0,0,0,0,0,0,0,0,0,0,0,0,0,0,0,0,0,0,0,0,0,0,0,0,0,0,0,0,0,0,0,0,0,0,0,0,0,0,0,0,0,0,0,0,0,0,0,0,0,0,0,0,0,0,0,0,0,0,0,0,0,0,0,0,0,0,1,2.05566930904593
Mulvane Police Department,1994-10-01,Kansas,4904,KS09603,0,0,0,0,0,0,0,0,0,0,0,0,0,0,0,0,0,0,0,0,0,0,0,0,0,0,0,0,0,0,0,0,0,0,0,0,0,0,0,0,0,0,0,0,0,0,0,0,0,0,0,0,0,0,0,0,0,0,0,0,0,0,0,0,0,0,0,0,0,0,0,0,0,0,0,0,0,0,0,0,0,0,0,0,0,0,0,0,0,0,0,1,2.05566930904593
Mulvane Police Department,1994-09-01,Kansas,4904,KS09603,0,0,0,0,0,0,0,0,0,0,0,0,0,0,0,0,0,0,0,0,0,0,0,0,0,0,0,0,0,0,0,0,0,0,0,0,0,0,0,0,0,0,0,0,0,0,0,0,0,0,0,0,0,0,0,0,0,0,0,0,0,0,0,0,0,0,0,0,0,0,0,0,0,0,0,0,0,0,0,0,0,0,0,0,0,0,0,0,0,0,0,1,2.05566930904593
Mulvane Police Department,1994-08-01,Kansas,4904,KS09603,0,0,0,0,0,0,0,0,0,0,0,0,0,0,0,0,0,0,0,0,0,0,0,0,0,0,0,0,0,0,0,0,0,0,0,0,0,0,0,0,0,0,0,0,0,0,0,0,0,0,0,0,0,0,0,0,0,0,0,0,0,0,0,0,0,0,0,0,0,0,0,0,0,0,0,0,0,0,0,0,0,0,0,0,0,0,0,0,0,0,0,1,2.05566930904593
Mulvane Police Department,1994-07-01,Kansas,4904,KS09603,0,0,0,0,0,0,0,0,0,0,0,0,0,0,0,0,0,0,0,0,0,0,0,0,0,0,0,0,0,0,0,0,0,0,0,0,0,0,0,0,0,0,0,0,0,0,0,0,0,0,0,0,0,0,0,0,0,0,0,0,0,0,0,0,0,0,0,0,0,0,0,0,0,0,0,0,0,0,0,0,0,0,0,0,0,0,0,0,0,0,0,1,2.05566930904593
Mulvane Police Department,1994-06-01,Kansas,4904,KS09603,0,0,0,0,0,0,0,0,0,0,0,0,0,0,0,0,0,0,0,0,0,0,0,0,0,0,0,0,0,0,0,0,0,0,0,0,0,0,0,0,0,0,0,0,0,0,0,0,0,0,0,0,0,0,0,0,0,0,0,0,0,0,0,0,0,0,0,0,0,0,0,0,0,0,0,0,0,0,0,0,0,0,0,0,0,0,0,0,0,0,0,1,2.05566930904593
Mulvane Police Department,1994-05-01,Kansas,4904,KS09603,0,0,0,0,0,0,0,0,0,0,0,0,0,0,0,0,0,0,0,0,0,0,0,0,0,0,0,0,0,0,0,0,0,0,0,0,0,0,0,0,0,0,0,0,0,0,0,0,0,0,0,0,0,0,0,0,0,0,0,0,0,0,0,0,0,0,0,0,0,0,0,0,0,0,0,0,0,0,0,0,0,0,0,0,0,0,0,0,0,0,0,1,2.05566930904593
Mulvane Police Department,1994-04-01,Kansas,4904,KS09603,0,0,0,0,0,0,0,0,0,0,0,0,0,0,0,0,0,0,0,0,0,0,0,0,0,0,0,0,0,0,0,0,0,0,0,0,0,0,0,0,0,0,0,0,0,0,0,0,0,0,0,0,0,0,0,0,0,0,0,0,0,0,0,0,0,0,0,0,0,0,0,0,0,0,0,0,0,0,0,0,0,0,0,0,0,0,0,0,0,0,0,1,2.05566930904593
Mulvane Police Department,1994-03-01,Kansas,4904,KS09603,0,0,0,0,0,0,0,0,0,0,0,0,0,0,0,0,0,0,0,0,0,0,0,0,0,0,0,0,0,0,0,0,0,0,0,0,0,0,0,0,0,0,0,0,0,0,0,0,0,0,0,0,0,0,0,0,0,0,0,0,0,0,0,0,0,0,0,0,0,0,0,0,0,0,0,0,0,0,0,0,0,0,0,0,0,0,0,0,0,0,0,1,2.05566930904593
Mulvane Police Department,1994-02-01,Kansas,4904,KS09603,0,0,0,0,0,0,0,0,0,0,0,0,0,0,0,0,0,0,0,0,0,0,0,0,0,0,0,0,0,0,0,0,0,0,0,0,0,0,0,0,0,0,0,0,0,0,0,0,0,0,0,0,0,0,0,0,0,0,0,0,0,0,0,0,0,0,0,0,0,0,0,0,0,0,0,0,0,0,0,0,0,0,0,0,0,0,0,0,0,0,0,1,2.05566930904593
Mulvane Police Department,1994-01-01,Kansas,4904,KS09603,0,0,0,0,0,0,0,0,0,0,0,0,0,0,0,0,0,0,0,0,0,0,0,0,0,0,0,0,0,0,0,0,0,0,0,0,0,0,0,0,0,0,0,0,0,0,0,0,0,0,0,0,0,0,0,0,0,0,0,0,0,0,0,0,0,0,0,0,0,0,0,0,0,0,0,0,0,0,0,0,0,0,0,0,0,0,0,0,0,0,0,1,2.05566930904593
Mulvane Police Department,1993-12-01,Kansas,4861,KS09603,0,0,0,0,0,0,0,0,0,0,0,0,0,0,0,0,0,0,0,0,0,0,0,0,0,0,0,0,0,0,0,0,0,0,0,0,0,0,0,0,0,0,0,0,0,0,0,0,0,0,0,0,0,0,0,0,0,0,0,0,0,0,0,0,0,0,0,0,0,0,0,0,0,0,0,0,0,0,0,0,0,0,0,0,0,0,0,0,0,0,0,1,2.10926968560715
Mulvane Police Department,1993-11-01,Kansas,4861,KS09603,0,0,0,0,0,0,0,0,0,0,0,0,0,0,0,0,0,0,0,0,0,0,0,0,0,0,0,0,0,0,0,0,0,0,0,0,0,0,0,0,0,0,0,0,0,0,0,0,0,0,0,0,0,0,0,0,0,0,0,0,0,0,0,0,0,0,0,0,0,0,0,0,0,0,0,0,0,0,0,0,0,0,0,0,0,0,0,0,0,0,0,1,2.10926968560715
Mulvane Police Department,1993-10-01,Kansas,4861,KS09603,0,0,0,0,0,0,0,0,0,0,0,0,0,0,0,0,0,0,0,0,0,0,0,0,0,0,0,0,0,0,0,0,0,0,0,0,0,0,0,0,0,0,0,0,0,0,0,0,0,0,0,0,0,0,0,0,0,0,0,0,0,0,0,0,0,0,0,0,0,0,0,0,0,0,0,0,0,0,0,0,0,0,0,0,0,0,0,0,0,0,0,1,2.10926968560715
Mulvane Police Department,1993-09-01,Kansas,4861,KS09603,0,0,0,0,0,0,0,0,0,0,0,0,0,0,0,0,0,0,0,0,0,0,0,0,0,0,0,0,0,0,0,0,0,0,0,0,0,0,0,0,0,0,0,0,0,0,0,0,0,0,0,0,0,0,0,0,0,0,0,0,0,0,0,0,0,0,0,0,0,0,0,0,0,0,0,0,0,0,0,0,0,0,0,0,0,0,0,0,0,0,0,1,2.10926968560715
Mulvane Police Department,1993-08-01,Kansas,4861,KS09603,0,0,0,0,0,0,0,0,0,0,0,0,0,0,0,0,0,0,0,0,0,0,0,0,0,0,0,0,0,0,0,0,0,0,0,0,0,0,0,0,0,0,0,0,0,0,0,0,0,0,0,0,0,0,0,0,0,0,0,0,0,0,0,0,0,0,0,0,0,0,0,0,0,0,0,0,0,0,0,0,0,0,0,0,0,0,0,0,0,0,0,1,2.10926968560715
Mulvane Police Department,1993-07-01,Kansas,4861,KS09603,0,0,0,0,0,0,0,0,0,0,0,0,0,0,0,0,0,0,0,0,0,0,0,0,0,0,0,0,0,0,0,0,0,0,0,0,0,0,0,0,0,0,0,0,0,0,0,0,0,0,0,0,0,0,0,0,0,0,0,0,0,0,0,0,0,0,0,0,0,0,0,0,0,0,0,0,0,0,0,0,0,0,0,0,0,0,0,0,0,0,0,1,2.10926968560715
Mulvane Police Department,1993-06-01,Kansas,4861,KS09603,0,0,0,0,0,0,0,0,0,0,0,0,0,0,0,0,0,0,0,0,0,0,0,0,0,0,0,0,0,0,0,0,0,0,0,0,0,0,0,0,0,0,0,0,0,0,0,0,0,0,0,0,0,0,0,0,0,0,0,0,0,0,0,0,0,0,0,0,0,0,0,0,0,0,0,0,0,0,0,0,0,0,0,0,0,0,0,0,0,0,0,1,2.10926968560715
Mulvane Police Department,1993-05-01,Kansas,4861,KS09603,0,0,0,0,0,0,0,0,0,0,0,0,0,0,0,0,0,0,0,0,0,0,0,0,0,0,0,0,0,0,0,0,0,0,0,0,0,0,0,0,0,0,0,0,0,0,0,0,0,0,0,0,0,0,0,0,0,0,0,0,0,0,0,0,0,0,0,0,0,0,0,0,0,0,0,0,0,0,0,0,0,0,0,0,0,0,0,0,0,0,0,1,2.10926968560715
Mulvane Police Department,1993-04-01,Kansas,4861,KS09603,0,0,0,0,0,0,0,0,0,0,0,0,0,0,0,0,0,0,0,0,0,0,0,0,0,0,0,0,0,0,0,0,0,0,0,0,0,0,0,0,0,0,0,0,0,0,0,0,0,0,0,0,0,0,0,0,0,0,0,0,0,0,0,0,0,0,0,0,0,0,0,0,0,0,0,0,0,0,0,0,0,0,0,0,0,0,0,0,0,0,0,1,2.10926968560715
Mulvane Police Department,1993-03-01,Kansas,4861,KS09603,0,0,0,0,0,0,0,0,0,0,0,0,0,0,0,0,0,0,0,0,0,0,0,0,0,0,0,0,0,0,0,0,0,0,0,0,0,0,0,0,0,0,0,0,0,0,0,0,0,0,0,0,0,0,0,0,0,0,0,0,0,0,0,0,0,0,0,0,0,0,0,0,0,0,0,0,0,0,0,0,0,0,0,0,0,0,0,0,0,0,0,1,2.10926968560715
Mulvane Police Department,1993-02-01,Kansas,4861,KS09603,0,0,0,0,0,0,0,0,0,0,0,0,0,0,0,0,0,0,0,0,0,0,0,0,0,0,0,0,0,0,0,0,0,0,0,0,0,0,0,0,0,0,0,0,0,0,0,0,0,0,0,0,0,0,0,0,0,0,0,0,0,0,0,0,0,0,0,0,0,0,0,0,0,0,0,0,0,0,0,0,0,0,0,0,0,0,0,0,0,0,0,1,2.10926968560715
Mulvane Police Department,1993-01-01,Kansas,4861,KS09603,0,0,0,0,0,0,0,0,0,0,0,0,0,0,0,0,0,0,0,0,0,0,0,0,0,0,0,0,0,0,0,0,0,0,0,0,0,0,0,0,0,0,0,0,0,0,0,0,0,0,0,0,0,0,0,0,0,0,0,0,0,0,0,0,0,0,0,0,0,0,0,0,0,0,0,0,0,0,0,0,0,0,0,0,0,0,0,0,0,0,0,1,2.10926968560715
Mulvane Police Department,1992-12-01,Kansas,4758,KS09603,2,0,0,0,0,0,2,1,0,0,0,0,0,0,0,0,0,0,2,3,0,5,0,0,0,1,0,1,0,0,3,0,0,0,0,0,2849,0,0,0,0,2849,19348,0,0,0,0,0,0,0,0,0,0,113,990,0,1103,23300,0,0,0,434,0,48,0,0,621,185,22,1101,72,226,413,0,17372,2890,0,1021,23300,0,0,0,0,217,0,0,17372,1759,0,0,19348,1,2.17152809122224
Mulvane Police Department,1992-11-01,Kansas,4758,KS09603,1,0,1,0,0,0,2,0,0,0,0,0,0,0,0,0,0,0,6,0,1,7,1,0,0,1,0,0,0,1,4,0,0,0,0,0,1737,282,0,0,0,2020,0,0,0,0,0,0,0,0,0,0,0,141,0,1322,1464,3483,22,0,0,1322,0,0,0,13,106,0,35,33,0,0,0,0,0,3134,0,282,3483,0,13,0,0,0,0,0,0,0,0,0,13,1,2.17152809122224
Mulvane Police Department,1992-10-01,Kansas,4758,KS09603,0,-1,0,0,1,1,1,0,0,0,0,0,0,0,0,0,0,0,0,8,6,14,1,1,0,4,6,0,0,0,2,0,0,0,0,0,0,0,0,0,1941,1941,0,0,0,0,0,0,0,0,0,0,0,0,1904,9692,11596,13537,174,271,0,3752,7107,0,0,0,291,456,0,1781,0,0,4452,0,0,3001,0,3848,13537,0,0,0,0,0,0,0,0,0,0,916,916,1,2.17152809122224
Mulvane Police Department,1992-09-01,Kansas,4758,KS09603,0,2,0,0,0,1,3,0,0,0,0,0,0,0,0,0,0,0,2,1,3,6,0,0,0,1,2,0,0,1,2,0,0,0,0,951,0,0,0,0,28002,28953,0,0,0,0,0,0,0,0,0,0,0,39,347,4211,4597,33550,0,0,0,619,1824,0,0,4,2150,315,39,35,0,33,0,0,28002,1509,0,3618,33550,0,0,0,0,0,0,0,0,33,0,489,521,1,2.17152809122224
Mulvane Police Department,1992-08-01,Kansas,4758,KS09603,0,0,1,0,0,2,3,1,0,0,0,0,0,0,0,0,0,0,2,1,2,5,1,1,0,1,1,0,0,0,1,0,0,0,0,0,0,6449,0,0,5103,11553,434,0,0,0,0,0,0,0,0,0,0,76,206,5023,5305,17292,206,499,0,43,4523,0,0,0,33,0,33,43,0,0,4523,0,434,565,4343,7351,17292,0,0,0,0,0,0,0,434,499,4343,326,5603,1,2.17152809122224
Mulvane Police Department,1992-07-01,Kansas,4758,KS09603,0,0,1,0,0,3,4,0,0,0,0,0,0,0,0,0,0,0,2,0,1,3,0,0,0,0,0,0,0,0,3,0,0,0,0,0,0,775,0,0,1309,2085,0,0,0,0,0,0,0,0,0,0,0,22,0,1010,1031,3116,0,0,0,0,0,0,0,0,1031,0,22,495,0,33,0,0,0,1915,0,651,3116,0,0,0,0,0,0,0,0,0,0,0,0,1,2.17152809122224
Mulvane Police Department,1992-06-01,Kansas,4758,KS09603,0,0,2,1,0,0,3,1,0,0,0,0,0,0,0,0,0,0,4,7,0,11,0,1,0,3,0,0,0,0,7,0,0,0,0,0,0,6195,0,10532,0,16727,14115,0,0,0,0,0,0,0,0,0,0,67,1861,0,1928,32771,0,152,0,343,0,0,0,0,1433,827,28,0,0,0,4864,0,14115,1364,9012,2560,32771,827,0,0,0,0,4864,0,14115,352,7492,1883,29533,1,2.17152809122224
Mulvane Police Department,1992-05-01,Kansas,4758,KS09603,1,0,1,0,0,0,2,0,0,0,0,0,0,0,0,0,0,0,4,0,1,5,1,0,0,0,0,0,0,0,4,0,0,0,0,0,1097,1086,0,0,0,2182,0,0,0,0,0,0,0,0,0,0,0,106,0,1303,1409,3592,1303,0,0,0,0,0,0,0,106,0,13,0,41,0,0,0,0,2187,0,1351,3592,0,0,473,0,0,0,0,0,0,0,1351,1824,1,2.17152809122224
Mulvane Police Department,1992-04-01,Kansas,4758,KS09603,0,0,1,0,0,0,1,0,0,0,0,0,0,0,0,0,0,0,3,6,0,9,0,1,4,0,0,0,0,0,4,0,0,0,0,0,0,337,0,0,0,337,0,0,0,0,0,0,0,0,0,0,0,115,1696,0,1811,2148,0,217,463,0,0,0,0,0,1131,0,87,463,0,0,0,0,0,554,0,1045,2148,0,0,17,0,0,0,0,0,597,0,0,615,1,2.17152809122224
Mulvane Police Department,1992-03-01,Kansas,4758,KS09603,-1,1,0,0,0,0,0,0,3,0,0,0,0,0,0,0,0,0,0,1,0,1,0,0,0,1,0,0,0,0,0,0,0,0,0,651,122,0,0,0,0,56,0,0,0,0,0,0,0,0,0,0,0,-9,258,-2,248,30,0,0,0,0,0,0,0,0,248,76,217,586,0,2,0,0,0,617,28,63,30,76,0,-2,0,2,0,0,0,17,28,63,193,1,2.17152809122224
Mulvane Police Department,1992-02-01,Kansas,4758,KS09603,2,0,0,0,0,1,3,0,0,0,0,0,0,0,0,0,0,0,1,1,2,4,0,0,0,0,0,0,0,0,4,0,0,0,0,0,11635,0,0,0,982,12617,0,0,0,0,0,0,0,0,0,0,0,0,111,2497,2608,15225,0,0,0,0,0,0,0,0,2608,764,0,0,3257,39,0,0,0,1301,7068,2795,15225,0,0,0,0,0,0,0,0,0,0,1685,1685,1,2.17152809122224
Mulvane Police Department,1992-01-01,Kansas,4758,KS09603,0,0,0,0,0,0,0,0,0,0,0,0,0,0,0,0,0,0,6,0,1,7,1,0,0,1,0,0,0,0,5,0,0,0,0,0,0,0,0,0,0,0,0,0,0,0,0,0,0,0,0,0,0,50,0,480,530,530,0,0,0,480,0,0,0,0,50,0,0,9,0,0,0,0,0,41,0,480,530,0,0,119,0,0,0,0,0,0,0,0,119,1,2.17152809122224
Mulvane Police Department,1991-12-01,Kansas,4706,KS09603,0,0,0,0,0,0,0,0,0,0,0,0,0,0,0,0,0,0,2,0,1,3,0,0,0,0,0,0,0,0,3,0,0,0,0,0,0,0,0,0,0,0,0,0,0,0,0,0,0,0,0,0,0,65,0,3815,3879,3879,0,0,0,0,0,0,0,0,3879,0,0,7,0,0,3808,0,0,65,0,0,3879,0,0,0,0,0,0,0,0,0,0,0,0,1,2.23729976136572
Mulvane Police Department,1991-11-01,Kansas,4706,KS09603,0,0,0,0,0,0,0,0,0,0,0,0,0,0,0,0,0,0,4,0,0,4,2,0,0,0,0,0,0,0,2,0,0,0,0,0,0,0,0,0,0,0,0,0,0,0,0,0,0,0,0,0,0,96,0,0,96,96,72,0,0,0,0,0,0,0,25,0,25,0,0,0,0,0,0,72,0,0,96,0,0,0,0,336,0,0,0,0,0,0,336,1,2.23729976136572
Mulvane Police Department,1991-10-01,Kansas,4706,KS09603,0,0,2,1,0,0,3,0,0,0,0,0,0,0,0,0,0,0,3,3,0,6,1,1,0,0,0,0,0,2,2,0,0,0,0,0,0,1398,0,0,0,1398,0,0,0,0,0,0,0,0,0,0,0,63,1152,0,1215,2613,18,369,0,0,0,0,0,45,783,0,45,0,0,336,0,0,0,1808,0,425,2613,0,45,0,0,0,0,0,0,0,0,0,45,1,2.23729976136572
Mulvane Police Department,1991-09-01,Kansas,4706,KS09603,0,1,0,0,0,0,1,0,0,0,0,0,0,0,0,0,0,0,4,0,0,4,0,0,0,1,0,0,0,1,2,0,0,0,0,0,0,0,0,0,0,0,0,0,0,0,0,0,0,0,0,0,0,36,336,0,371,371,0,0,0,22,0,0,0,9,340,0,22,0,0,11,0,0,0,4,0,456,371,0,0,0,0,0,0,0,0,0,0,67,67,1,2.23729976136572
Mulvane Police Department,1991-08-01,Kansas,4706,KS09603,1,0,0,0,0,0,1,0,0,1,0,0,0,0,0,0,0,0,5,4,2,11,3,0,0,2,3,0,0,0,3,0,0,0,0,0,0,0,0,0,0,0,0,0,0,0,0,0,0,0,0,0,0,103,1219,3982,5305,5305,36,0,0,3982,638,0,0,0,649,0,0,1029,0,0,0,0,0,3492,0,783,5305,0,0,0,0,0,0,0,0,224,0,0,224,1,2.23729976136572
Mulvane Police Department,1991-07-01,Kansas,4706,KS09603,0,0,0,0,0,0,0,1,0,0,0,0,0,0,0,0,0,0,2,3,2,7,0,1,0,1,1,0,0,0,4,0,0,0,0,0,0,0,0,0,0,0,4027,0,0,0,0,0,0,0,0,0,0,67,756,2797,3620,7647,0,268,0,376,2237,0,0,0,738,0,2,31,2237,112,0,559,4027,302,0,376,7647,0,0,0,0,0,0,559,4027,492,0,376,5455,1,2.23729976136572
Mulvane Police Department,1991-06-01,Kansas,4706,KS09603,0,1,1,0,0,1,3,0,0,0,0,0,0,0,0,0,0,0,2,5,2,9,1,1,0,2,0,0,0,0,5,0,0,0,0,33559,0,201,0,0,1052,34812,0,0,0,0,0,0,0,0,0,0,0,141,1009,1273,2423,37235,112,224,0,1273,0,0,0,0,814,0,195,11,0,0,0,0,33559,1049,0,2421,37235,0,0,0,0,0,0,0,33559,0,0,0,33559,1,2.23729976136572
Mulvane Police Department,1991-05-01,Kansas,4706,KS09603,0,0,0,0,1,0,1,0,0,0,0,0,0,0,0,0,0,0,1,2,1,4,0,0,0,0,1,0,0,0,3,0,0,0,0,0,0,0,0,0,0,0,0,0,0,0,0,0,0,0,0,0,0,67,615,884,1566,1566,0,0,0,0,336,0,0,0,1231,336,11,0,0,0,0,0,0,1219,0,0,1566,0,0,0,0,0,0,0,0,0,0,0,0,1,2.23729976136572
Mulvane Police Department,1991-04-01,Kansas,4706,KS09603,0,0,0,0,0,0,0,0,0,0,0,0,0,0,0,0,0,0,3,2,1,6,0,0,0,0,0,0,0,0,6,0,0,0,0,0,0,0,0,0,0,0,0,0,0,0,0,0,0,0,0,0,0,22,405,1119,1546,1546,0,0,0,0,0,0,0,0,1546,0,4,268,0,0,0,0,0,1137,0,136,1546,0,0,0,0,0,0,0,0,36,0,0,36,1,2.23729976136572
Mulvane Police Department,1991-03-01,Kansas,4706,KS09603,0,0,0,0,0,0,0,0,0,0,0,0,0,0,0,0,0,0,2,2,3,7,0,0,0,3,0,0,0,1,3,0,0,0,0,0,0,0,0,0,0,0,0,0,0,0,0,0,0,0,0,0,0,98,559,3613,4271,4271,0,0,0,3423,0,0,0,9,839,0,9,0,0,0,0,0,0,839,0,3423,4271,0,38,0,0,0,0,0,0,0,0,76,114,1,2.23729976136572
Mulvane Police Department,1991-02-01,Kansas,4706,KS09603,0,0,1,0,0,0,1,1,0,0,0,0,0,0,0,0,0,0,1,2,1,4,0,2,0,1,0,0,0,0,1,0,0,0,0,0,0,8032,0,0,0,8032,1007,0,0,0,0,0,0,0,0,0,0,0,336,544,879,9918,0,336,0,544,0,0,0,0,0,201,0,0,0,0,0,0,1007,8278,0,432,9918,0,0,0,0,0,0,0,1007,0,0,0,1007,1,2.23729976136572
Mulvane Police Department,1991-01-01,Kansas,4706,KS09603,0,0,0,0,0,1,1,0,0,0,0,0,0,0,0,0,0,0,1,0,2,3,0,0,0,2,0,0,0,1,0,0,0,0,0,0,0,0,0,0,0,0,0,0,0,0,0,0,0,0,0,0,0,22,0,3633,3656,3656,0,0,0,3633,0,0,0,22,0,324,16,29,67,13,134,0,0,2938,134,0,3656,0,16,0,0,0,0,0,0,7,0,179,201,1,2.23729976136572
Mulvane Police Department,1990-12-01,Kansas,4674,KS09603,1,0,0,0,0,0,1,0,0,0,0,0,0,0,0,0,0,0,2,1,1,4,1,0,0,0,0,0,0,1,2,0,0,0,0,0,501,0,0,0,0,501,0,0,0,0,0,0,0,0,0,0,0,117,187,700,1003,1504,700,0,0,0,0,0,0,23,280,0,23,35,0,0,0,0,0,1259,0,187,1504,0,23,0,0,0,0,0,0,37,0,0,35,1,2.33204860003827
Mulvane Police Department,1990-11-01,Kansas,4674,KS09603,1,0,0,0,0,0,1,1,0,0,0,0,0,0,0,0,0,0,1,0,2,3,0,0,0,0,1,0,0,2,0,0,0,0,0,0,466,0,0,0,0,466,25653,0,0,0,0,0,0,0,0,0,0,7,0,3799,3806,29925,0,0,0,0,1292,0,0,7,2507,0,7,72,0,0,0,0,25653,3381,0,812,29925,0,2,30,0,0,0,0,25653,408,0,336,26429,1,2.33204860003827
Mulvane Police Department,1990-10-01,Kansas,4674,KS09603,0,0,0,0,0,0,0,0,0,0,0,0,0,0,0,0,0,0,8,3,1,12,0,2,0,0,0,0,0,3,7,0,0,0,0,0,0,0,0,0,0,0,0,0,0,0,0,0,0,0,0,0,0,198,944,1049,2192,2192,0,338,0,0,0,0,0,1094,760,0,175,175,0,0,0,0,0,793,0,1049,2192,0,33,0,0,0,0,0,0,82,0,0,114,1,2.33204860003827
Mulvane Police Department,1990-09-01,Kansas,4674,KS09603,0,1,0,0,0,0,1,1,0,0,0,0,0,0,0,0,0,0,1,2,0,3,1,1,0,0,0,0,0,1,0,0,0,0,0,147,0,0,0,0,0,147,2332,0,0,0,0,0,0,0,0,0,0,7,238,0,245,2724,121,117,0,0,0,0,0,7,0,0,7,12,112,0,0,0,2332,238,0,23,2724,0,0,0,233,0,0,0,0,117,0,0,350,1,2.33204860003827
Mulvane Police Department,1990-08-01,Kansas,4674,KS09603,0,0,0,0,0,0,0,1,0,0,0,0,0,0,0,0,0,0,4,3,2,9,0,3,0,1,0,0,0,0,5,0,0,0,0,0,0,0,0,0,0,0,3265,0,0,0,0,0,0,0,0,0,0,212,658,1026,1896,5161,0,805,0,501,0,0,0,0,590,0,119,501,0,350,0,0,3265,926,0,0,5161,0,0,501,0,0,0,0,8629,1567,0,0,10697,1,2.33204860003827
Mulvane Police Department,1990-07-01,Kansas,4674,KS09603,0,1,0,0,0,0,1,0,0,0,0,0,0,0,0,0,0,0,5,3,3,11,1,1,0,1,1,0,0,2,5,0,0,0,0,933,0,0,0,0,0,933,0,0,0,0,0,0,0,0,0,0,0,236,732,12008,12976,13908,560,187,0,721,292,0,0,317,10900,0,47,0,0,292,23,0,4664,7150,0,1733,13908,0,0,0,0,0,0,0,0,187,0,0,187,1,2.33204860003827
Mulvane Police Department,1990-06-01,Kansas,4674,KS09603,0,0,0,1,1,1,3,0,0,0,0,0,0,0,0,0,0,0,0,2,0,2,0,1,0,2,0,0,0,0,-1,0,0,0,0,0,0,0,963,1516,1632,4111,0,0,0,0,0,0,0,0,0,0,0,0,457,14,315,4426,0,210,0,1877,0,0,0,0,177,233,147,9,0,177,0,0,0,3363,583,1863,4426,0,147,0,0,177,0,0,0,0,583,0,103,1,2.33204860003827
Mulvane Police Department,1990-05-01,Kansas,4674,KS09603,0,1,2,0,0,0,3,0,0,0,0,0,0,0,0,0,0,0,0,2,1,3,0,0,0,0,1,0,0,0,2,0,0,0,0,7635,0,1896,0,0,0,9531,0,0,0,0,0,0,0,0,0,0,0,0,679,1772,2451,11982,0,0,0,0,212,0,0,0,2239,100,9,194,0,1772,606,0,0,9111,26,163,11982,0,0,0,0,0,0,0,0,0,0,0,0,1,2.33204860003827
Mulvane Police Department,1990-04-01,Kansas,4674,KS09603,0,0,1,1,0,1,3,0,0,0,0,0,0,0,0,0,0,0,2,1,2,5,0,0,0,1,0,0,0,1,3,0,0,0,0,0,0,1024,0,264,23069,24356,0,0,0,0,0,0,0,0,0,0,0,0,117,1208,1325,25681,0,0,0,534,0,0,0,674,117,135,47,0,0,0,0,0,23069,1047,0,1383,25681,117,0,0,0,0,0,0,28899,19,0,704,29738,1,2.33204860003827
Mulvane Police Department,1990-03-01,Kansas,4674,KS09603,0,1,0,1,1,0,3,0,0,0,0,0,0,0,0,0,0,0,2,1,1,4,1,0,0,0,0,0,0,0,3,0,0,0,0,0,0,0,623,23,0,646,0,0,0,0,0,0,0,0,0,0,0,19,303,700,1021,1667,19,0,0,0,0,0,0,0,1003,0,2,23,0,0,0,0,0,1021,37,583,1667,0,2,23,0,0,0,0,0,0,37,583,646,1,2.33204860003827
Mulvane Police Department,1990-02-01,Kansas,4674,KS09603,0,0,1,0,0,0,1,1,0,0,0,0,0,0,0,0,0,0,1,4,2,7,0,1,0,2,0,0,0,0,4,0,0,0,0,0,0,25382,0,0,0,25382,1399,0,0,0,0,0,0,0,0,0,0,19,823,1462,2304,29085,0,233,0,264,0,0,0,0,1807,700,0,0,700,700,5424,0,1399,742,1817,17605,29085,0,0,0,0,0,0,0,0,0,0,0,0,1,2.33204860003827
Mulvane Police Department,1990-01-01,Kansas,4674,KS09603,0,1,0,0,0,0,1,0,0,0,0,0,0,0,0,0,0,0,2,1,0,3,1,0,0,0,0,0,0,0,2,0,0,0,0,2066,0,0,0,0,0,2066,0,0,0,0,0,0,0,0,0,0,0,51,166,0,217,2283,19,0,0,0,0,0,0,0,198,0,33,1530,0,0,408,0,0,54,0,259,2283,0,0,0,0,0,0,0,700,0,0,0,700,1,2.33204860003827
Mulvane Police Department,1989-12-01,Kansas,4723,KS09603,0,0,0,1,0,1,2,0,0,0,0,0,0,0,0,0,0,0,1,2,2,5,0,0,0,0,1,0,0,0,4,0,0,0,0,0,0,0,0,0,12789,12789,0,0,0,0,0,0,0,0,0,0,0,20,435,9254,9709,22497,0,0,0,0,20,0,0,0,9689,0,0,12789,0,1880,0,0,0,7829,0,0,22497,0,0,0,0,0,0,0,0,7393,0,0,7393,1,2.45793156762571
Mulvane Police Department,1989-11-01,Kansas,4723,KS09603,0,0,1,0,0,4,5,1,0,0,0,0,0,0,0,0,0,0,0,0,2,2,0,0,0,0,0,0,0,0,2,0,0,0,0,0,0,479,0,0,234,713,455,0,0,0,0,0,0,0,0,0,0,0,0,4916,4916,6083,0,0,0,0,0,0,0,0,4916,0,0,0,0,0,737,0,455,4658,0,234,6083,0,0,0,0,0,0,0,455,59,0,0,12,1,2.45793156762571
Mulvane Police Department,1989-10-01,Kansas,4723,KS09603,1,0,1,1,1,0,4,0,0,0,0,0,0,0,0,0,0,0,5,2,6,13,2,3,0,1,2,0,0,1,4,0,0,0,0,0,302,4068,504,0,0,4874,0,0,0,0,0,0,0,0,0,0,0,140,639,6093,6872,11746,1740,1721,0,147,111,0,0,10,3144,37,10,442,1512,0,489,0,0,8962,0,295,11746,0,10,0,0,0,0,0,7374,1659,0,0,9043,1,2.45793156762571
Mulvane Police Department,1989-09-01,Kansas,4723,KS09603,0,0,1,0,0,0,1,0,0,0,0,0,0,0,0,0,0,0,2,1,2,5,1,1,0,0,0,0,0,0,3,0,0,0,0,0,0,7,0,0,0,7,0,0,0,0,0,0,0,0,0,0,0,47,307,1126,1480,1487,10,553,0,0,0,0,0,0,917,0,37,0,0,0,7,0,0,1443,0,0,1487,0,0,0,0,0,0,0,0,1204,0,0,1204,1,2.45793156762571
Mulvane Police Department,1989-08-01,Kansas,4723,KS09603,0,0,1,0,0,0,1,0,0,0,0,0,0,0,0,0,0,0,3,2,0,5,0,0,0,0,0,0,0,1,4,0,0,0,0,0,0,2148,0,0,0,2148,0,0,0,0,0,0,0,0,0,0,0,138,369,0,506,2655,0,0,0,0,0,0,0,39,467,0,123,0,0,0,39,0,0,2492,0,0,2655,0,0,0,0,0,39,0,0,0,0,0,39,1,2.45793156762571
Mulvane Police Department,1989-07-01,Kansas,4723,KS09603,0,0,1,1,2,0,4,0,0,0,0,0,0,0,0,0,0,0,3,0,0,3,0,1,0,0,0,0,0,0,2,0,0,0,0,0,0,2,135,0,0,138,0,0,0,0,0,0,0,0,0,0,0,86,0,0,86,224,0,0,0,0,0,0,0,0,86,0,0,138,0,0,0,0,0,86,0,0,224,0,0,98,0,0,0,0,0,37,0,0,135,1,2.45793156762571
Mulvane Police Department,1989-06-01,Kansas,4723,KS09603,0,1,2,0,1,0,4,1,0,0,0,0,0,0,0,0,0,0,-1,-1,1,-1,0,0,0,0,1,0,0,0,-2,0,0,0,0,0,0,1843,5,0,0,1848,1352,0,0,0,0,0,0,0,0,0,0,-25,25,934,664,3864,0,0,0,0,934,0,0,0,27,-12,5,922,0,0,0,0,2581,25,0,614,3864,-12,366,-12,0,0,0,0,1229,25,0,0,1325,1,2.45793156762571
Mulvane Police Department,1989-05-01,Kansas,4723,KS09603,0,0,0,0,0,0,0,1,0,0,0,0,0,0,0,0,0,0,2,2,2,6,1,0,0,1,1,0,0,0,3,0,0,0,0,0,0,0,0,0,0,0,3355,0,0,0,0,0,0,0,0,0,0,0,398,1647,2045,5400,152,0,0,0,541,0,0,0,1352,406,0,0,0,0,0,0,2950,1907,0,138,5400,0,0,0,0,0,0,0,0,0,0,0,0,1,2.45793156762571
Mulvane Police Department,1989-04-01,Kansas,4723,KS09603,0,0,0,0,0,0,0,0,0,0,0,0,0,0,0,0,0,0,2,0,1,3,0,0,0,1,0,0,0,0,2,0,0,0,0,0,0,0,0,0,0,0,0,0,0,0,0,0,0,0,0,0,0,7,0,1180,1106,1106,0,0,0,1180,0,0,0,0,7,946,12,12,0,147,0,0,0,-12,0,0,1106,0,12,0,0,0,0,0,0,10,0,0,10,1,2.45793156762571
Mulvane Police Department,1989-03-01,Kansas,4723,KS09603,0,0,1,0,0,0,1,1,0,0,0,0,0,1,0,0,0,1,3,1,2,6,1,0,0,3,0,0,0,0,2,0,0,0,0,0,0,356,0,0,0,356,36869,0,0,0,0,0,0,0,0,0,0,216,135,3033,3385,40610,10,0,0,3168,0,0,0,0,206,1128,0,0,0,37,0,0,36869,413,0,2163,40610,0,0,0,0,0,0,0,36869,184,0,0,37053,1,2.45793156762571
Mulvane Police Department,1989-02-01,Kansas,4723,KS09603,0,0,0,0,0,2,2,0,0,0,0,0,0,0,0,0,0,0,2,2,1,5,0,0,0,0,1,0,0,0,4,0,0,0,0,0,0,0,0,0,2625,2625,0,0,0,0,0,0,0,0,0,0,0,39,691,1229,1959,4584,0,0,0,0,324,0,0,0,1635,0,406,1273,0,0,0,0,0,2905,0,0,4584,0,0,1514,0,0,0,0,2114,1691,0,61,5380,1,2.45793156762571
Mulvane Police Department,1989-01-01,Kansas,4723,KS09603,0,0,0,0,0,0,0,0,0,0,0,0,0,0,0,0,0,0,1,1,0,2,0,0,0,0,0,0,0,0,2,0,0,0,0,0,0,0,0,0,0,0,0,0,0,0,0,0,0,0,0,0,0,25,369,0,393,393,0,0,0,0,0,0,0,0,393,0,0,25,0,0,0,0,0,0,0,369,393,0,0,0,0,0,0,0,0,0,0,0,0,1,2.45793156762571
Mulvane Police Department,1988-12-01,Kansas,4597,KS09603,0,0,0,0,1,1,2,0,0,0,0,0,0,0,0,0,0,0,3,1,0,4,0,0,0,1,-1,0,0,0,4,0,0,0,0,0,0,0,13,0,1250,1263,0,0,0,0,0,0,0,0,0,0,0,75,129,10693,10896,12159,0,0,0,0,26,0,0,0,13473,0,13,191,0,0,10693,0,0,1263,0,0,12159,0,0,62,0,0,26,0,0,0,0,0,250,1,2.57657599887252
Mulvane Police Department,1988-11-01,Kansas,4597,KS09603,0,0,0,0,0,0,0,0,0,0,0,0,0,0,0,0,0,0,3,0,1,4,2,0,0,0,0,0,0,0,2,0,0,0,0,0,0,0,0,0,0,0,0,0,0,0,0,0,0,0,0,0,0,85,0,5094,5179,5179,70,0,0,0,0,0,0,0,5109,0,0,0,0,0,0,0,0,5179,0,0,5179,0,0,0,0,0,0,0,0,0,0,562,562,1,2.57657599887252
Mulvane Police Department,1988-10-01,Kansas,4597,KS09603,0,1,2,0,0,0,3,0,0,0,0,0,0,0,0,0,0,0,5,2,4,11,2,1,0,1,3,0,0,0,4,0,0,0,0,0,0,1031,0,0,0,1031,0,0,0,0,0,0,0,0,0,0,0,245,327,5246,5818,6849,134,180,0,1147,2682,0,0,0,1675,13,477,80,0,0,2577,0,0,1981,0,1721,6849,0,0,0,0,0,0,0,0,237,0,515,752,1,2.57657599887252
Mulvane Police Department,1988-09-01,Kansas,4597,KS09603,0,0,1,0,0,0,1,0,0,2,0,0,0,0,1,0,0,1,4,2,1,7,0,0,0,1,0,0,0,0,6,0,0,0,0,0,0,0,0,0,0,0,0,0,0,0,0,0,0,291,0,0,291,263,528,2260,3051,3342,0,0,0,348,0,0,0,0,2703,0,0,2551,0,0,0,0,0,791,0,0,3342,0,0,0,0,0,0,0,0,0,0,180,180,1,2.57657599887252
Mulvane Police Department,1988-08-01,Kansas,4597,KS09603,0,0,1,0,1,1,3,0,0,0,0,0,0,0,0,0,0,0,3,1,1,5,2,0,0,0,0,0,0,0,3,0,0,0,0,0,0,515,0,0,180,696,0,0,0,0,0,0,0,0,0,0,0,26,175,1546,1747,2443,193,0,0,0,0,0,0,0,1554,0,0,0,0,0,0,0,0,201,0,2242,2443,0,0,80,39,0,0,0,0,0,0,1546,1664,1,2.57657599887252
Mulvane Police Department,1988-07-01,Kansas,4597,KS09603,0,0,0,0,0,0,0,0,0,0,0,0,0,0,0,0,0,0,1,0,0,1,0,0,0,0,0,0,0,1,0,0,0,0,0,0,0,0,0,0,0,0,0,0,0,0,0,0,0,0,0,0,0,5,0,0,5,5,0,0,0,0,0,0,0,5,8,0,18,8,0,0,0,0,0,-5,0,0,5,0,5,0,0,0,0,0,0,0,0,0,5,1,2.57657599887252
Mulvane Police Department,1988-06-01,Kansas,4597,KS09603,0,0,0,0,0,0,0,0,0,0,0,0,0,0,0,0,0,0,5,4,3,12,0,4,0,0,3,0,0,0,5,0,0,0,0,0,0,0,0,0,0,0,0,0,0,0,0,0,0,0,0,0,0,232,670,2834,3736,3736,0,1185,0,0,2255,0,0,0,296,0,0,64,0,0,0,0,0,3672,0,0,3736,0,0,23,0,0,0,0,0,1314,0,0,1337,1,2.57657599887252
Mulvane Police Department,1988-05-01,Kansas,4597,KS09603,0,0,0,0,0,0,0,2,0,0,0,0,0,0,0,0,0,0,3,1,1,5,1,0,0,0,1,0,0,0,3,0,0,0,0,0,0,0,0,0,0,0,21522,0,0,0,0,0,0,0,0,0,0,8,129,4097,4233,25755,0,0,0,0,4097,0,0,0,137,0,8,0,0,0,0,0,20252,5496,0,0,25755,0,0,0,0,0,0,0,18036,0,0,0,18036,1,2.57657599887252
Mulvane Police Department,1988-04-01,Kansas,4597,KS09603,1,0,0,0,0,0,1,0,0,-1,0,0,0,0,0,0,0,0,5,3,0,8,1,1,0,0,0,0,0,0,6,0,0,0,0,0,77,0,0,0,0,77,0,0,0,0,0,0,0,0,0,0,0,137,639,0,776,853,5,335,0,0,0,0,0,0,435,13,13,26,39,0,0,0,0,763,0,0,853,0,0,0,0,0,0,0,0,335,0,0,335,1,2.57657599887252
Mulvane Police Department,1988-03-01,Kansas,4597,KS09603,0,0,1,0,0,0,1,0,0,1,0,0,0,0,0,0,0,0,3,0,1,4,1,0,0,1,1,0,0,0,1,0,0,0,0,0,0,0,0,0,0,0,0,0,0,0,0,0,0,0,0,0,0,39,0,1366,1404,1404,8,0,0,1366,18,0,0,0,13,0,23,0,0,0,0,0,0,1381,0,0,1404,0,10,0,0,0,0,0,0,407,0,773,1190,1,2.57657599887252
Mulvane Police Department,1988-02-01,Kansas,4597,KS09603,0,1,2,0,0,0,3,0,0,0,0,0,0,0,0,0,0,0,8,2,1,11,0,0,0,3,1,0,0,0,7,0,0,0,0,0,0,7670,0,0,0,7670,0,0,0,0,0,0,0,0,0,0,0,294,755,928,1976,9647,0,0,0,1417,64,0,0,0,495,0,95,0,247,41,0,0,0,502,0,8760,9647,0,0,0,193,0,0,0,0,368,0,0,562,1,2.57657599887252
Mulvane Police Department,1988-01-01,Kansas,4597,KS09603,0,0,0,0,0,0,0,0,0,0,0,0,0,0,0,0,0,0,0,2,2,4,1,2,0,0,0,0,0,0,1,0,0,0,0,0,0,0,0,0,0,0,0,0,0,0,0,0,0,0,0,0,0,-8,386,3584,3963,3963,3009,386,0,0,0,0,0,0,567,0,0,0,0,0,0,0,0,3963,0,0,3963,0,0,0,0,0,0,0,0,129,0,0,129,1,2.57657599887252
Mulvane Police Department,1987-12-01,Kansas,4589,KS09603,0,0,0,0,0,0,0,0,0,0,0,0,0,0,0,0,0,0,3,3,3,9,4,0,0,1,3,0,0,0,1,0,0,0,0,0,0,0,0,0,0,0,0,0,0,0,0,0,0,0,0,0,0,118,922,5497,6538,6538,4079,0,0,1609,837,0,0,0,13,19,38,295,255,0,5,0,0,4076,0,1850,6538,0,0,0,0,0,0,0,0,0,0,80,80,1,2.68164209754309
Mulvane Police Department,1987-11-01,Kansas,4589,KS09603,2,0,0,0,0,0,2,0,0,0,0,0,0,0,0,0,0,0,4,0,0,4,1,1,0,1,1,0,0,0,2,0,0,0,0,0,142,0,0,0,0,142,0,0,0,0,0,0,0,0,0,0,0,137,16,0,153,295,40,161,0,177,54,0,0,0,43,142,43,0,134,0,0,0,0,78,0,54,295,54,0,0,0,0,0,0,0,161,0,0,215,1,2.68164209754309
Mulvane Police Department,1987-10-01,Kansas,4589,KS09603,1,1,0,0,1,1,4,0,0,0,0,0,0,0,0,0,0,0,4,3,1,8,1,1,1,2,0,0,0,0,3,0,0,0,0,442,0,0,335,0,416,1193,0,0,0,0,0,0,0,0,0,0,0,126,831,2416,3374,4567,375,161,70,375,29,0,0,0,2422,268,5,40,0,0,54,0,0,3408,0,791,4567,215,0,0,0,0,54,0,16090,27,0,215,16599,1,2.68164209754309
Mulvane Police Department,1987-09-01,Kansas,4589,KS09603,0,0,2,0,0,1,3,0,0,0,0,0,0,0,0,0,0,0,2,3,1,6,2,1,0,2,1,0,0,0,0,0,0,0,0,0,0,16170,0,0,0,16170,0,0,0,0,0,0,0,0,0,0,0,48,987,1453,2489,18659,48,268,0,719,1453,0,0,0,0,164,0,590,0,0,0,0,16090,1815,0,0,18659,43,0,0,0,0,0,0,0,1722,0,0,1765,1,2.68164209754309
Mulvane Police Department,1987-08-01,Kansas,4589,KS09603,0,1,1,0,0,0,2,1,0,0,0,0,0,0,0,0,0,0,1,3,0,4,0,2,0,0,2,0,0,0,0,0,0,0,0,1408,0,3320,0,0,0,4728,5363,0,0,0,0,0,0,0,0,0,0,0,818,0,818,10909,0,657,0,0,161,0,0,0,0,0,0,0,0,0,0,0,6771,4138,0,0,10909,0,0,0,0,0,0,0,6771,322,0,0,7093,1,2.68164209754309
Mulvane Police Department,1987-07-01,Kansas,4589,KS09603,2,0,0,0,0,1,3,0,0,0,0,0,0,0,0,0,0,0,5,3,1,9,2,0,0,3,3,0,0,0,1,0,0,0,0,0,9410,0,0,0,0,9410,0,0,0,0,0,0,0,0,0,0,0,196,834,1099,2129,11539,1448,0,0,217,156,0,0,0,308,40,27,46,0,0,6838,0,0,783,0,3805,11539,0,0,0,0,0,0,0,0,27,0,161,188,1,2.68164209754309
Mulvane Police Department,1987-06-01,Kansas,4589,KS09603,2,1,0,3,1,2,9,0,0,0,0,0,0,0,0,0,0,0,5,6,0,11,2,1,0,1,2,0,0,1,4,0,0,0,0,0,0,0,8,1762,1864,3634,0,0,0,0,0,0,0,0,0,0,0,123,1440,0,1563,5197,72,233,0,215,670,0,0,11,362,0,35,1126,0,0,0,0,0,2253,389,1394,5197,0,0,0,0,0,0,0,0,1185,54,0,1239,1,2.68164209754309
Mulvane Police Department,1987-05-01,Kansas,4589,KS09603,1,0,0,1,1,1,4,0,0,0,0,0,0,0,0,0,0,0,4,1,0,5,0,1,0,2,0,0,0,0,2,0,0,0,0,0,0,0,0,724,0,724,0,0,0,0,0,0,0,0,0,0,0,166,228,0,394,1118,0,228,0,107,0,0,0,0,59,0,11,483,0,0,0,0,0,625,0,0,1118,0,0,0,0,0,0,0,0,0,0,0,0,1,2.68164209754309
Mulvane Police Department,1987-04-01,Kansas,4589,KS09603,0,0,0,1,2,0,3,0,0,0,0,0,0,0,0,0,0,0,8,1,2,11,0,2,0,1,1,0,0,1,6,0,0,0,0,0,0,0,0,0,0,0,0,0,0,0,0,0,0,0,0,0,0,212,268,1207,1687,1687,0,121,0,268,35,0,0,11,1252,27,46,8,0,0,0,0,0,198,0,1408,1687,0,16,0,0,0,0,0,0,362,0,617,995,1,2.68164209754309
Mulvane Police Department,1987-03-01,Kansas,4589,KS09603,0,0,0,0,3,0,3,1,0,0,0,0,0,0,0,0,0,0,5,3,0,8,2,0,0,0,1,0,0,0,5,0,0,0,0,0,0,0,2025,0,0,2025,5363,0,0,0,0,0,0,0,0,0,0,147,767,0,914,8302,182,0,0,0,416,0,0,0,316,0,196,174,0,0,416,0,5363,2153,0,0,8302,0,8,0,0,0,0,0,5363,1260,0,0,6632,1,2.68164209754309
Mulvane Police Department,1987-02-01,Kansas,4589,KS09603,0,0,0,1,1,0,2,0,0,0,0,0,0,0,0,0,0,0,2,0,0,2,0,0,0,0,0,0,0,0,2,0,0,0,0,0,0,0,0,0,0,0,0,0,0,0,0,0,0,0,0,0,0,153,0,0,153,153,0,0,0,0,0,0,0,0,153,0,46,0,0,0,0,0,0,107,0,0,153,0,0,0,0,0,0,0,0,0,0,0,0,1,2.68164209754309
Mulvane Police Department,1987-01-01,Kansas,4589,KS09603,0,0,0,0,0,0,0,0,0,0,0,0,0,0,0,0,0,0,0,2,0,2,0,0,0,1,0,0,0,0,1,0,0,0,0,0,0,0,0,0,0,0,0,0,0,0,0,0,0,0,0,0,0,0,646,0,646,646,0,0,0,512,0,0,0,0,134,0,0,0,80,0,0,0,0,566,0,0,646,0,0,0,0,0,0,0,0,3754,0,1073,4827,1,2.68164209754309
Mulvane Police Department,1986-12-01,Kansas,4450,KS09603,0,0,0,1,1,0,2,0,0,0,0,0,0,0,0,0,0,0,1,1,3,5,1,0,0,2,0,0,0,0,2,0,0,0,0,0,0,0,578,25,0,603,0,0,0,0,0,0,0,0,0,0,0,83,403,5788,6274,6878,83,0,0,1332,0,0,0,0,4859,14,78,11,0,278,0,0,0,5593,0,903,6878,0,0,0,0,0,0,0,0,1029,0,0,1029,1,2.7799125674751
Mulvane Police Department,1986-11-01,Kansas,4450,KS09603,0,0,0,0,0,2,2,1,0,0,0,0,0,0,0,0,0,0,2,3,1,6,0,1,0,1,1,0,0,0,3,0,0,0,0,0,0,0,0,0,1112,1112,16679,0,0,0,0,0,0,0,0,0,0,25,1123,1081,2229,20021,0,556,0,17,1081,0,0,0,575,0,8,17,0,0,1081,0,16679,1123,0,1112,20021,0,0,295,0,0,1081,0,55320,915,0,0,57611,1,2.7799125674751
Mulvane Police Department,1986-10-01,Kansas,4450,KS09603,0,0,0,0,0,0,0,1,0,0,0,1,0,0,0,0,0,1,2,1,1,4,1,0,0,1,1,0,0,1,0,0,0,0,0,0,0,0,0,0,0,0,40156,0,0,0,409,0,0,0,0,0,409,78,203,1279,1560,42124,56,0,0,203,1279,0,0,22,0,203,22,1020,1112,0,0,0,38641,292,834,0,42124,0,0,0,0,0,0,0,0,0,0,0,0,1,2.7799125674751
Mulvane Police Department,1986-09-01,Kansas,4450,KS09603,2,0,0,0,0,1,3,0,0,0,0,0,0,0,0,0,0,0,2,3,1,6,1,2,0,1,2,0,0,0,0,0,0,0,0,0,2057,0,0,0,0,2057,0,0,0,0,0,0,0,0,0,0,0,3,1176,5046,6224,8281,556,620,0,0,5048,0,0,0,0,0,0,0,0,1668,0,0,0,6224,389,0,8281,0,0,0,0,0,0,0,0,0,0,0,0,1,2.7799125674751
Mulvane Police Department,1986-08-01,Kansas,4450,KS09603,0,1,0,0,1,0,2,3,0,0,0,0,0,0,0,0,0,0,2,2,1,5,1,1,0,0,1,0,0,0,2,0,0,0,0,562,0,0,3336,0,0,3897,14825,0,0,0,0,0,0,0,0,0,0,125,556,681,1362,20085,681,278,0,0,97,0,0,0,306,0,0,659,0,0,0,0,14734,4011,0,681,20085,0,0,61,0,0,0,0,14734,0,0,0,14795,1,2.7799125674751
Mulvane Police Department,1986-07-01,Kansas,4450,KS09603,0,1,0,0,1,0,2,0,0,0,0,0,0,0,0,0,0,0,4,1,2,7,0,1,0,2,2,0,0,0,2,0,0,0,0,0,0,0,556,0,0,556,0,0,0,0,0,0,0,0,0,0,0,6,278,7784,7492,8048,0,50,0,5029,92,0,0,0,2877,0,325,125,0,0,0,0,0,2371,0,5226,8048,0,0,125,0,0,0,0,1390,926,0,5004,7445,1,2.7799125674751
Mulvane Police Department,1986-06-01,Kansas,4450,KS09603,0,2,0,2,2,0,6,0,0,0,0,0,0,0,0,0,0,0,2,5,3,10,1,0,0,3,3,0,0,1,2,0,0,0,0,1813,0,0,158,100,0,2071,0,0,0,0,0,0,0,0,0,0,0,167,1573,3378,5118,7189,208,0,0,2894,1626,0,0,222,167,0,270,2027,83,167,1737,0,0,2516,0,389,7189,0,222,0,0,0,556,0,0,111,0,0,890,1,2.7799125674751
Mulvane Police Department,1986-05-01,Kansas,4450,KS09603,3,0,0,0,0,1,4,0,0,0,0,0,0,0,0,0,0,0,1,4,2,7,2,1,0,2,0,0,0,0,2,0,0,0,0,0,4351,0,0,0,0,4351,0,0,0,0,0,0,0,0,0,0,0,28,1585,3350,4962,9313,222,278,0,1876,0,0,0,0,2585,0,0,0,3683,0,0,0,1390,1209,0,3030,9313,0,0,0,0,0,0,0,0,278,0,0,278,1,2.7799125674751
Mulvane Police Department,1986-04-01,Kansas,4450,KS09603,0,0,0,0,2,1,3,0,0,0,0,0,0,0,0,0,0,0,5,6,2,13,2,3,0,0,5,0,0,0,3,0,0,0,0,0,0,0,0,0,97,97,0,0,0,0,0,0,0,0,0,0,0,247,1854,1993,4095,4192,125,1257,0,0,1896,0,0,0,817,270,11,264,0,0,0,0,0,2035,0,1612,4192,28,0,83,0,0,0,0,0,862,0,500,1473,1,2.7799125674751
Mulvane Police Department,1986-03-01,Kansas,4450,KS09603,0,0,0,0,0,2,2,0,0,0,0,0,0,0,0,0,0,0,3,1,7,11,0,0,0,0,0,0,0,0,11,0,0,0,0,0,0,0,0,0,0,0,0,0,0,0,0,0,0,0,0,0,0,211,292,5232,5735,5735,0,0,0,0,0,0,0,0,5735,0,211,5232,0,0,0,0,0,292,0,0,5735,0,0,0,0,0,0,0,0,0,0,0,0,1,2.7799125674751
Mulvane Police Department,1986-02-01,Kansas,4450,KS09603,0,0,1,0,0,0,1,0,0,0,0,0,0,0,0,0,0,0,8,2,1,11,2,0,0,2,1,0,0,1,5,0,0,0,0,0,0,14,0,0,0,14,0,0,0,0,0,0,0,0,0,0,0,478,514,1390,2382,2396,417,0,0,222,1390,0,0,78,275,42,234,236,0,0,1390,0,0,495,0,0,2396,42,0,0,0,0,0,0,0,78,0,0,120,1,2.7799125674751
Mulvane Police Department,1986-01-01,Kansas,4450,KS09603,0,0,0,0,0,0,0,0,0,0,0,0,0,0,0,0,0,0,17,5,2,24,0,0,1,2,12,0,0,1,8,0,1,1,0,0,0,0,0,0,0,0,0,0,0,0,0,0,0,0,0,0,0,720,806,1851,3378,3378,0,0,8,1851,990,0,0,0,528,56,1034,1343,0,0,0,0,0,122,0,823,3378,0,325,28,0,0,0,0,32247,39,0,0,32639,1,2.7799125674751
Mulvane Police Department,1985-12-01,Kansas,4523,KS09603,0,0,1,0,3,0,4,0,0,0,0,0,0,0,0,0,0,0,7,2,0,9,0,0,0,0,3,0,0,0,6,0,0,0,0,0,0,2691,289,0,0,2980,0,0,0,0,0,0,0,0,0,0,0,218,870,0,1088,4068,0,0,0,0,940,0,0,0,147,0,445,354,0,0,0,28,0,3241,0,0,4068,0,326,18194,397,0,0,28,0,516,0,0,19460,1,2.83267663464518
Mulvane Police Department,1985-11-01,Kansas,4523,KS09603,0,1,0,0,1,0,2,2,0,0,0,0,0,0,0,0,0,0,11,4,2,17,0,0,0,0,8,0,0,0,9,0,0,0,0,397,0,0,0,0,0,397,56356,0,0,0,0,0,0,0,0,0,0,640,1309,18718,20667,77420,0,0,0,0,1748,0,0,0,18919,0,844,18619,397,283,0,0,56356,921,0,0,77420,0,394,1091,0,0,0,0,0,878,0,0,2362,1,2.83267663464518
Mulvane Police Department,1985-10-01,Kansas,4523,KS09603,0,0,0,0,3,0,3,0,0,0,0,0,0,0,0,0,0,0,9,3,2,14,0,1,0,2,9,0,0,0,2,0,0,0,0,0,0,0,8923,0,0,8923,0,0,0,0,0,0,0,0,0,0,0,697,1065,3555,5317,14240,0,71,0,3555,1153,0,0,0,538,0,558,595,0,0,8923,0,0,2323,0,1841,14240,0,0,85,0,0,0,0,0,0,0,0,85,1,2.83267663464518
Mulvane Police Department,1985-09-01,Kansas,4523,KS09603,0,0,0,0,2,0,2,1,0,0,0,0,0,0,0,0,0,0,4,3,3,10,0,0,0,2,5,0,0,0,3,1,0,1,0,0,0,0,4263,0,0,4263,1416,0,0,0,0,0,0,0,0,0,0,142,660,2983,3784,9464,0,0,0,957,2714,0,0,0,113,0,71,354,0,1133,0,0,1416,1481,0,5008,9464,0,0,0,0,0,0,0,1416,0,0,1261,2677,1,2.83267663464518
Mulvane Police Department,1985-08-01,Kansas,4523,KS09603,0,1,0,0,0,0,1,0,0,0,0,0,0,0,0,0,0,0,1,0,1,2,0,0,0,1,1,0,0,0,0,0,0,0,0,354,0,0,0,0,0,354,0,0,0,0,0,0,0,0,0,0,0,71,0,1113,1184,1538,0,0,0,71,1113,0,0,0,0,0,0,0,0,0,0,0,0,1538,0,0,1538,0,0,0,0,0,0,0,0,0,0,0,0,1,2.83267663464518
Mulvane Police Department,1985-07-01,Kansas,4523,KS09603,0,1,0,0,0,0,1,0,0,0,0,0,0,0,0,0,0,0,1,1,1,3,0,1,1,0,0,0,0,0,1,0,0,0,0,113,0,0,0,0,0,113,0,0,0,0,0,0,0,0,0,0,0,74,227,708,1008,1122,0,227,74,0,0,0,0,0,708,0,0,113,0,708,0,0,0,300,0,0,1122,0,0,0,0,708,0,0,0,0,0,0,708,1,2.83267663464518
Mulvane Police Department,1985-06-01,Kansas,4523,KS09603,0,0,1,0,2,0,3,0,0,0,0,0,0,0,0,0,0,0,1,3,1,5,0,3,0,0,1,0,0,0,1,0,0,0,0,0,0,0,6359,0,0,6359,0,0,0,0,0,0,0,0,0,0,0,34,652,2125,2810,9169,0,652,0,0,2125,0,0,0,34,0,14,0,0,0,2125,0,0,7031,0,0,9169,0,0,0,0,0,2125,0,0,312,0,0,2436,1,2.83267663464518
Mulvane Police Department,1985-05-01,Kansas,4523,KS09603,0,0,0,0,0,0,0,0,0,0,0,0,0,0,0,0,0,0,1,2,0,3,0,1,0,1,0,0,0,1,0,0,0,0,0,0,0,0,0,0,0,0,0,0,0,0,0,0,0,0,0,0,0,14,598,0,612,612,0,453,0,144,0,0,0,14,0,0,14,144,0,0,0,0,0,453,0,0,612,0,14,0,0,0,0,0,0,0,0,0,14,1,2.83267663464518
Mulvane Police Department,1985-04-01,Kansas,4523,KS09603,0,0,0,0,0,0,0,0,0,0,0,1,0,0,0,0,0,1,2,1,1,4,0,0,0,1,1,0,0,2,0,0,0,0,0,0,0,0,0,0,0,0,0,0,0,0,2062,0,0,0,0,0,2062,28,283,589,901,2963,0,0,0,589,283,0,0,28,0,0,28,0,283,0,0,0,0,2062,0,589,2963,0,28,0,283,0,0,0,0,0,0,0,312,1,2.83267663464518
Mulvane Police Department,1985-03-01,Kansas,4523,KS09603,0,0,2,0,0,0,2,1,0,0,0,0,0,0,0,0,0,0,2,3,4,9,2,1,0,3,3,0,0,0,0,1,0,1,0,0,0,9781,0,0,0,9781,4249,0,0,0,0,0,0,0,0,0,0,71,949,6679,7699,21729,1445,354,0,4980,921,0,0,0,0,0,0,71,0,9781,0,0,4249,1940,0,5688,21729,0,0,0,0,0,0,0,4249,354,0,0,4603,1,2.83267663464518
Mulvane Police Department,1985-02-01,Kansas,4523,KS09603,0,0,1,0,1,0,2,0,0,0,0,0,0,0,0,0,0,0,2,4,2,8,2,0,0,1,4,0,0,0,1,0,0,0,0,0,0,425,7082,0,0,7507,0,0,0,0,0,0,0,0,0,0,0,85,1300,1218,2603,10110,623,0,0,482,1470,0,0,0,28,652,28,340,0,0,337,0,0,1671,0,7082,10110,0,0,0,0,0,0,0,0,0,0,0,0,1,2.83267663464518
Mulvane Police Department,1985-01-01,Kansas,4523,KS09603,1,0,0,0,0,0,1,0,0,0,0,0,0,0,0,0,0,0,3,1,0,4,1,0,0,0,2,0,0,0,1,0,0,0,0,0,17002,0,0,0,0,17002,0,0,0,0,0,0,0,0,0,0,0,343,425,0,768,17769,425,0,0,0,337,0,0,0,6,0,6,1796,4249,1762,8937,0,0,807,0,212,17769,0,0,0,0,0,0,0,0,2510,0,0,2510,1,2.83267663464518
Mulvane Police Department,1984-12-01,Kansas,4500,KS09603,0,3,0,0,2,0,5,2,0,0,0,0,0,0,0,0,0,0,6,3,2,11,1,1,0,2,1,0,0,0,6,1,0,1,0,3872,0,0,32833,0,0,36705,43363,0,0,0,0,0,0,0,0,0,0,153,616,1643,2411,82479,587,293,0,205,1056,0,0,0,270,0,0,59,0,50,0,0,43363,1599,37409,0,82479,0,0,0,0,0,0,0,880,59,33889,0,34828,1,2.9331132680892
Mulvane Police Department,1984-11-01,Kansas,4500,KS09603,0,0,0,0,0,0,0,3,0,0,0,0,0,0,0,0,0,0,3,2,2,7,1,2,2,2,0,0,0,0,0,3,0,3,1,0,0,0,0,0,0,0,5866,0,0,0,0,0,0,0,0,0,0,194,807,2742,3743,9609,59,807,135,2742,0,0,0,0,0,0,0,135,0,0,0,0,5866,3021,0,587,9609,0,0,0,0,0,0,0,5866,2962,0,0,8829,1,2.9331132680892
Mulvane Police Department,1984-10-01,Kansas,4500,KS09603,1,0,0,0,0,0,1,0,0,0,0,0,0,0,0,0,0,0,5,2,2,9,0,1,0,6,1,0,0,0,1,0,0,0,0,0,2346,0,0,0,0,2346,0,0,0,0,0,0,0,0,0,0,0,323,821,1320,2464,4810,0,440,0,1305,587,0,0,0,132,0,572,733,0,2346,0,0,0,1159,0,0,4810,0,0,733,0,0,0,0,0,132,0,0,865,1,2.9331132680892
Mulvane Police Department,1984-09-01,Kansas,4500,KS09603,0,0,0,0,0,0,0,1,0,0,0,0,0,0,0,0,0,0,3,5,1,9,1,1,0,0,0,0,0,0,7,0,0,0,0,0,0,0,0,0,0,0,4400,0,0,0,0,0,0,0,0,0,0,214,1317,1320,2851,7251,293,290,0,0,0,0,0,0,2267,0,97,0,0,293,0,0,4400,2461,0,0,7251,0,65,0,0,0,0,0,0,0,0,0,65,1,2.9331132680892
Mulvane Police Department,1984-08-01,Kansas,4500,KS09603,1,0,0,0,0,0,1,2,0,0,0,0,0,0,0,0,0,0,4,1,2,7,1,0,0,1,2,0,0,0,3,2,0,2,0,0,0,0,0,0,0,0,27865,0,0,0,0,0,0,0,0,0,0,293,323,2640,3256,31120,323,0,0,117,792,0,0,0,2024,0,0,59,0,1907,733,0,27865,440,0,117,31120,0,0,0,0,0,0,0,27865,0,0,0,27865,1,2.9331132680892
Mulvane Police Department,1984-07-01,Kansas,4500,KS09603,0,2,0,0,2,0,4,0,0,0,0,0,0,0,0,0,0,0,5,1,2,8,1,0,0,2,1,0,0,0,4,1,1,2,0,2053,0,0,117,0,0,2171,0,0,0,0,0,0,0,0,0,0,0,161,205,1291,1657,3828,587,0,0,220,15,0,0,0,836,0,38,132,0,2053,0,0,0,1604,0,0,3828,0,0,173,0,2053,0,0,70395,205,0,0,72826,1,2.9331132680892
Mulvane Police Department,1984-06-01,Kansas,4500,KS09603,1,1,0,0,0,0,2,0,0,0,0,0,0,0,0,0,0,0,5,0,1,6,1,0,0,3,2,0,0,0,0,0,0,0,0,0,117,0,0,0,0,117,0,0,0,0,0,0,0,0,0,0,0,205,0,2053,2258,2376,0,0,0,2083,176,0,0,0,0,0,15,176,0,0,0,0,0,2185,0,0,2376,0,0,0,0,0,0,0,0,0,0,0,0,1,2.9331132680892
Mulvane Police Department,1984-05-01,Kansas,4500,KS09603,0,4,0,0,1,0,5,0,0,0,0,0,0,0,0,0,0,0,5,2,2,9,1,0,0,1,6,0,0,0,1,0,0,0,0,5928,0,0,8345,0,0,14273,0,0,0,0,0,0,0,0,0,0,0,343,314,5441,6098,20370,147,0,0,4473,510,0,0,0,968,334,0,176,0,0,0,0,0,19860,0,0,20370,232,0,0,0,0,0,0,0,16431,0,0,16663,1,2.9331132680892
Mulvane Police Department,1984-04-01,Kansas,4500,KS09603,0,0,1,0,0,0,1,2,0,0,0,0,0,0,0,0,0,0,7,1,1,9,4,0,0,2,3,0,0,0,0,2,0,2,0,0,0,4209,0,0,0,4209,15692,0,0,0,0,0,0,0,0,0,0,94,176,1760,2030,21931,0,0,0,1789,241,0,0,0,0,0,0,176,0,0,0,0,15692,1854,0,4209,21931,0,0,0,0,0,0,0,75425,94,0,0,75519,1,2.9331132680892
Mulvane Police Department,1984-03-01,Kansas,4500,KS09603,0,0,0,1,0,0,1,1,0,0,0,0,0,0,0,0,0,0,4,2,1,7,1,0,0,2,0,0,0,2,2,0,0,0,0,0,0,0,0,88,0,88,18479,0,0,0,0,0,0,0,0,0,0,62,499,1106,1666,20233,211,0,0,1393,0,0,0,26,35,18,44,270,0,0,0,0,18479,587,0,836,20233,0,26,0,0,0,0,0,0,0,0,0,26,1,2.9331132680892
Mulvane Police Department,1984-02-01,Kansas,4500,KS09603,0,1,0,0,1,0,2,1,0,0,0,0,0,0,0,0,0,0,4,2,2,8,1,2,0,1,0,0,0,1,3,0,0,0,0,0,0,0,9,0,0,9,45463,0,0,0,0,0,0,0,0,0,0,144,411,1681,2235,47707,147,352,0,44,0,0,0,6,1687,0,56,9,0,0,0,0,45463,2179,0,0,47707,0,12,0,0,0,0,0,0,88,0,0,100,1,2.9331132680892
Mulvane Police Department,1984-01-01,Kansas,4500,KS09603,0,2,0,0,1,0,3,0,0,0,0,0,0,0,0,0,0,0,0,0,2,2,1,0,0,0,1,0,0,0,0,0,0,0,0,68520,0,0,895,0,0,69415,0,0,0,0,0,0,0,0,0,0,0,0,0,5494,5494,74909,801,0,0,0,4693,0,0,0,0,0,0,3,0,68518,0,0,0,5588,0,801,74909,0,0,0,0,0,0,0,0,0,0,0,0,1,2.9331132680892
Mulvane Police Department,1983-12-01,Kansas,4367,KS09603,0,0,0,0,0,0,0,0,0,0,0,0,0,0,0,0,0,0,1,0,0,1,0,0,0,1,0,0,0,0,0,0,0,0,0,0,0,0,0,0,0,0,0,0,0,0,0,0,0,0,0,0,0,31,0,0,31,31,0,0,0,31,0,0,0,0,0,0,0,0,0,0,0,0,0,31,0,0,31,0,0,0,0,0,0,0,0,0,0,0,0,1,3.05925284471218
Mulvane Police Department,1983-11-01,Kansas,4367,KS09603,1,0,0,0,1,0,2,2,0,0,0,0,0,0,0,0,0,0,5,1,1,7,1,1,0,0,1,0,0,0,4,0,1,1,0,0,0,0,0,0,0,0,35181,0,0,0,0,0,0,0,0,0,0,168,578,1224,1970,37152,1224,578,0,0,76,0,0,0,92,0,92,0,0,0,0,0,35181,1878,0,0,37152,0,0,0,0,0,0,0,15296,578,0,0,15874,1,3.05925284471218
Mulvane Police Department,1983-10-01,Kansas,4367,KS09603,0,2,0,0,0,0,2,3,0,0,0,0,0,0,0,0,0,0,3,2,1,6,1,1,0,1,0,0,0,0,3,1,1,2,0,20638,0,0,0,0,0,20638,73315,0,0,0,0,0,0,0,0,0,0,159,398,1071,1628,95580,199,92,0,1071,0,0,0,0,266,0,67,0,0,2707,14697,0,73315,1881,0,2912,95580,0,0,0,0,0,0,0,30271,0,0,0,30271,1,3.05925284471218
Mulvane Police Department,1983-09-01,Kansas,4367,KS09603,1,1,0,0,0,0,2,2,0,0,0,0,0,0,0,0,0,0,0,2,1,3,0,0,0,3,0,0,0,0,0,0,1,1,0,398,9465,0,0,0,0,9863,6119,0,0,0,0,0,0,0,0,0,0,0,398,1315,1713,17695,0,0,0,1713,0,0,0,0,0,0,0,0,0,0,9465,0,6119,795,0,1315,17695,0,0,0,0,0,0,0,4895,0,0,0,4895,1,3.05925284471218
Mulvane Police Department,1983-08-01,Kansas,4367,KS09603,0,1,0,0,0,0,1,2,0,0,0,0,0,0,0,0,0,0,3,4,3,10,0,2,0,3,1,0,0,0,4,1,1,2,0,0,0,0,0,0,0,0,22027,0,0,0,0,0,0,0,0,0,0,95,1101,11540,12736,34762,0,581,0,9049,2141,0,0,0,964,0,168,2141,0,0,0,31,22027,10028,0,367,34762,0,0,0,0,0,0,0,22027,8939,0,0,30966,1,3.05925284471218
Mulvane Police Department,1983-07-01,Kansas,4367,KS09603,1,0,0,0,0,0,1,1,0,0,0,0,0,0,0,0,0,0,1,5,0,6,0,1,0,0,1,0,0,0,4,0,0,0,0,0,15,0,0,0,0,15,229,0,0,0,0,0,0,0,0,0,0,92,1998,0,2089,2334,0,306,0,0,92,0,0,0,1692,92,15,0,0,0,0,765,229,1233,0,0,2334,0,0,0,0,0,0,0,0,306,0,0,306,1,3.05925284471218
Mulvane Police Department,1983-06-01,Kansas,4367,KS09603,0,1,0,0,0,0,1,0,0,0,0,0,0,0,0,0,0,0,3,3,2,8,0,3,0,1,4,0,0,0,0,0,0,0,0,734,0,0,0,0,0,734,0,0,0,0,0,0,0,0,0,0,0,95,780,2019,2894,3628,0,1759,0,887,248,0,0,0,0,0,0,829,0,0,0,0,0,2799,0,0,3628,0,0,73,0,0,0,0,0,1285,0,0,1358,1,3.05925284471218
Mulvane Police Department,1983-05-01,Kansas,4367,KS09603,1,1,0,0,0,0,2,0,0,0,0,0,0,0,0,0,0,0,6,4,3,13,4,2,0,2,2,0,0,0,3,0,0,0,0,0,1836,0,0,0,0,1836,0,0,0,0,0,0,0,0,0,0,0,297,933,5268,6498,8333,1992,581,0,229,3579,0,0,0,116,337,40,765,0,918,2707,0,0,2649,0,918,8333,306,0,428,0,0,918,0,0,1839,0,0,3491,1,3.05925284471218
Mulvane Police Department,1983-04-01,Kansas,4367,KS09603,0,0,0,0,1,0,1,1,0,0,0,0,0,0,0,0,0,0,12,3,1,16,11,1,0,0,2,0,0,0,2,1,0,1,0,0,0,0,0,0,0,0,5507,0,0,0,0,0,0,0,0,0,0,581,1331,3029,4941,10447,673,566,0,0,3032,0,0,0,670,0,61,3029,0,0,0,0,5507,1851,0,0,10447,0,3,0,0,0,0,0,5507,520,0,0,6030,1,3.05925284471218
Mulvane Police Department,1983-03-01,Kansas,4367,KS09603,0,0,0,0,0,0,0,0,0,0,0,0,0,0,0,0,0,0,11,5,4,20,6,1,0,7,1,0,0,0,5,0,0,0,0,0,0,0,0,0,0,0,0,0,0,0,0,0,0,0,0,0,0,698,1383,3946,6027,6027,1092,61,0,4574,122,0,0,0,177,0,147,122,0,0,0,0,0,2102,0,3656,6027,0,70,0,0,0,0,0,0,970,0,0,1040,1,3.05925284471218
Mulvane Police Department,1983-02-01,Kansas,4367,KS09603,0,0,0,0,1,0,1,0,0,0,0,0,0,0,0,0,0,0,3,2,3,8,0,0,0,4,1,0,0,0,3,0,0,0,0,0,0,0,0,0,0,0,0,0,0,0,0,0,0,0,0,0,0,18,587,7373,7979,7979,0,0,0,5513,2447,0,0,0,18,0,18,0,0,0,2447,0,0,2668,0,2845,7979,0,0,0,0,0,0,0,0,0,0,0,0,1,3.05925284471218
Mulvane Police Department,1983-01-01,Kansas,4367,KS09603,0,1,0,0,0,0,1,0,0,0,0,0,0,0,0,0,0,0,4,4,1,9,0,2,0,1,3,0,0,1,2,0,0,0,0,184,0,0,0,0,0,184,0,0,0,0,0,0,0,0,0,0,0,205,811,902,1918,2102,0,428,0,902,321,0,0,6,260,902,6,92,184,0,229,0,0,581,0,107,2102,0,6,0,1147,0,0,0,0,428,0,0,1582,1,3.05925284471218
Mulvane Police Department,1982-12-01,Kansas,4338,KS09603,0,0,0,0,1,0,1,0,0,0,0,0,0,0,0,0,0,0,3,3,2,8,4,1,0,0,0,0,0,1,2,0,0,0,0,0,0,0,189,0,0,189,0,0,0,0,0,0,0,0,0,0,0,158,947,4105,5210,5399,4799,253,0,0,0,0,0,16,142,0,0,0,0,0,0,0,0,5210,0,189,5399,0,0,0,0,0,0,0,0,0,0,0,0,1,3.15752936096719
Mulvane Police Department,1982-11-01,Kansas,4338,KS09603,0,0,0,0,0,0,0,0,0,0,0,0,0,0,0,0,0,0,3,2,1,6,1,2,0,0,0,0,0,0,3,0,0,0,0,0,0,0,0,0,0,0,0,0,0,0,0,0,0,0,0,0,0,126,742,909,1778,1778,158,1494,0,0,0,0,0,0,126,0,47,0,0,0,0,0,0,1730,0,0,1778,0,16,0,0,0,0,0,0,1494,0,0,1509,1,3.15752936096719
Mulvane Police Department,1982-10-01,Kansas,4338,KS09603,0,0,0,0,1,0,1,0,0,0,0,0,0,0,0,0,0,0,1,0,3,4,2,0,0,0,1,0,0,0,1,0,0,0,0,0,0,0,0,0,0,0,0,0,0,0,0,0,0,0,0,0,0,41,0,5747,5788,5788,2400,0,0,0,3347,0,0,0,41,0,41,0,0,0,0,0,0,5747,0,0,5788,0,41,0,0,0,0,0,0,0,0,0,41,1,3.15752936096719
Mulvane Police Department,1982-09-01,Kansas,4338,KS09603,0,1,0,0,1,0,2,0,0,0,0,0,0,0,0,0,0,0,2,3,2,7,1,2,0,0,2,0,0,0,2,0,0,0,0,0,0,0,316,0,0,316,0,0,0,0,0,0,0,0,0,0,0,126,739,3158,4023,4338,85,423,0,0,2210,0,0,0,1304,0,41,316,0,0,0,0,0,3982,0,0,4338,0,41,0,0,0,0,0,0,1844,0,0,1885,1,3.15752936096719
Mulvane Police Department,1982-08-01,Kansas,4338,KS09603,0,1,0,0,2,0,3,0,0,0,0,0,0,0,0,0,0,0,2,6,4,12,1,2,0,4,1,0,0,0,4,0,0,0,0,0,0,0,774,0,0,774,0,0,0,0,0,0,0,0,0,0,0,161,1879,3978,6018,6792,126,789,0,3394,316,0,0,0,1392,0,35,1089,0,0,0,0,0,4342,0,1326,6792,0,35,0,0,0,0,0,0,995,0,0,1029,1,3.15752936096719
Mulvane Police Department,1982-07-01,Kansas,4338,KS09603,0,0,0,0,0,0,0,0,0,1,0,0,0,0,0,0,0,0,1,8,1,10,5,0,0,1,0,0,0,1,3,0,0,0,0,0,0,0,0,0,0,0,0,0,0,0,0,0,0,0,0,0,0,63,2384,995,3442,3442,1494,0,0,496,0,0,0,995,458,0,63,0,995,0,0,205,0,2179,0,0,3442,0,0,0,0,0,0,205,0,0,0,0,205,1,3.15752936096719
Mulvane Police Department,1982-06-01,Kansas,4338,KS09603,0,0,0,0,3,0,3,5,0,0,0,0,0,0,0,0,0,0,2,2,1,5,0,1,0,0,0,0,0,4,0,4,1,5,2,0,0,0,1737,0,0,1737,50205,0,0,0,0,0,0,0,0,0,0,114,726,947,1787,53729,0,474,0,0,0,0,0,1314,0,158,51,1737,0,0,0,0,50205,568,0,1010,53729,0,0,0,0,0,0,0,50205,0,0,0,50205,1,3.15752936096719
Mulvane Police Department,1982-05-01,Kansas,4338,KS09603,0,0,0,0,5,0,5,0,0,0,0,0,0,0,0,0,0,0,3,4,2,9,1,3,0,3,1,0,0,0,1,0,0,0,0,0,0,0,521,0,0,521,0,0,0,0,0,0,0,0,0,0,0,284,1374,2731,4389,4910,268,1105,0,2794,95,0,0,0,126,0,237,221,0,0,0,0,0,1563,158,2731,4910,0,237,221,0,0,0,0,0,1105,158,0,1721,1,3.15752936096719
Mulvane Police Department,1982-04-01,Kansas,4338,KS09603,0,0,0,0,0,0,0,0,0,0,0,0,0,0,0,0,0,0,1,7,1,9,0,4,0,2,1,0,0,0,2,0,0,0,0,0,0,0,0,0,0,0,0,0,0,0,0,0,0,0,0,0,0,32,2027,789,2848,2848,0,1389,0,954,32,0,0,0,474,0,0,512,0,0,0,0,0,2337,0,0,2848,0,0,32,0,0,0,0,0,1389,0,0,1421,1,3.15752936096719
Mulvane Police Department,1982-03-01,Kansas,4338,KS09603,0,2,0,0,0,0,2,0,0,0,0,0,0,0,0,0,0,0,1,5,2,8,0,5,0,1,1,0,0,0,1,0,0,0,0,1105,0,0,0,0,0,1105,0,0,0,0,0,0,0,0,0,0,0,38,1642,1705,3385,4490,0,2810,0,316,221,0,0,0,38,0,38,537,0,0,0,0,0,3126,0,789,4490,0,0,0,0,0,0,0,0,1121,0,0,1121,1,3.15752936096719
Mulvane Police Department,1982-02-01,Kansas,4338,KS09603,0,2,0,0,1,0,3,0,0,0,0,0,0,0,0,0,0,0,5,2,0,7,1,3,0,0,0,0,0,0,3,0,0,0,0,1642,0,0,632,0,0,2273,0,0,0,0,0,0,0,0,0,0,0,404,947,0,1351,3625,474,726,0,0,0,0,0,0,152,79,73,632,0,1421,0,0,0,1200,0,221,3625,79,73,0,0,0,0,0,0,726,0,0,878,1,3.15752936096719
Mulvane Police Department,1982-01-01,Kansas,4338,KS09603,1,0,1,0,0,0,2,0,0,0,0,0,0,0,0,0,0,0,2,1,2,5,1,0,0,1,1,0,0,0,2,0,0,0,0,0,9473,663,0,0,0,10136,0,0,0,0,0,0,0,0,0,0,0,111,158,1421,1689,11825,79,0,0,789,632,0,0,0,189,0,32,0,0,0,9473,0,0,1658,0,663,11825,0,32,0,0,0,0,0,0,0,0,0,32,1,3.15752936096719
Mulvane Police Department,1981-12-01,Kansas,4289,KS09603,1,0,0,0,2,0,3,1,0,0,0,0,0,0,0,0,0,0,5,2,0,7,2,2,0,0,0,0,0,1,2,0,1,1,0,0,27,0,4836,0,0,4862,20107,0,0,0,0,0,0,0,0,0,0,369,389,0,757,25727,389,268,0,0,0,0,0,17,84,0,0,27,0,0,0,0,20107,5040,553,0,25727,0,17,27,0,0,0,0,0,0,0,0,44,1,3.35113096874714
Mulvane Police Department,1981-11-01,Kansas,4289,KS09603,1,0,0,1,0,0,2,0,0,0,0,0,0,1,0,0,0,1,3,2,0,5,0,0,0,1,1,0,0,0,3,0,0,0,0,0,0,0,0,1273,0,1273,0,0,0,0,0,0,0,0,0,0,0,84,687,0,771,2044,0,0,0,419,268,0,0,0,84,0,84,1542,0,0,0,0,0,419,0,0,2044,0,50,0,0,0,0,0,0,0,0,0,50,1,3.35113096874714
Mulvane Police Department,1981-10-01,Kansas,4289,KS09603,2,0,1,0,3,0,6,1,0,0,0,0,0,0,0,0,0,0,9,7,0,16,0,7,0,0,0,0,0,3,6,0,0,0,0,0,1005,0,201,0,0,1206,1676,0,0,0,0,0,0,0,0,0,0,580,2078,0,2657,5539,0,1759,0,0,0,0,0,47,851,0,114,828,67,158,0,0,1676,2430,0,268,5539,0,47,77,0,0,0,0,0,251,0,0,375,1,3.35113096874714
Mulvane Police Department,1981-09-01,Kansas,4289,KS09603,1,1,0,0,0,0,2,1,0,0,0,0,0,0,0,0,0,0,8,9,2,19,2,1,0,3,3,0,0,0,10,0,0,0,0,5027,0,0,0,0,0,5027,33511,0,0,0,0,0,0,0,0,0,0,734,2225,9383,12342,50880,271,318,0,9584,469,0,0,0,1699,503,369,1156,0,3016,858,0,33511,10546,0,922,50880,0,0,168,0,0,0,0,0,369,0,0,536,1,3.35113096874714
Mulvane Police Department,1981-08-01,Kansas,4289,KS09603,0,1,0,0,0,0,1,1,0,0,0,0,0,0,0,0,0,0,7,7,6,20,5,5,0,0,0,0,0,0,10,0,1,1,0,419,0,0,0,0,0,419,16756,0,0,0,0,0,0,0,0,0,0,707,2185,8143,11035,28210,3904,2279,0,0,0,0,0,0,4852,101,419,1478,0,0,0,0,16756,6608,0,2848,28210,0,0,855,0,0,0,0,16756,1649,0,0,19259,1,3.35113096874714
Mulvane Police Department,1981-07-01,Kansas,4289,KS09603,0,0,0,0,0,0,0,4,0,0,0,0,0,0,0,0,0,0,15,10,5,30,3,6,0,3,2,0,0,2,14,0,4,4,2,0,0,0,0,0,0,0,24463,0,0,0,0,0,0,0,0,0,0,687,2832,3824,7342,31806,1257,1458,0,158,1133,0,0,20,3318,0,499,2111,0,0,0,0,24463,4095,0,637,31806,0,7,178,0,0,0,0,24463,1206,0,0,25854,1,3.35113096874714
Mulvane Police Department,1981-06-01,Kansas,4289,KS09603,0,0,1,0,0,0,1,1,0,0,0,0,0,0,0,0,0,0,5,11,1,17,2,7,0,4,0,0,0,0,4,0,1,1,0,0,0,603,0,0,0,603,23458,0,0,0,0,0,0,0,0,0,0,295,2929,670,3894,27955,687,1488,0,1056,0,0,0,0,664,0,0,127,0,0,419,0,23458,3582,0,369,27955,0,0,1297,0,0,419,0,23458,935,0,0,26109,1,3.35113096874714
Mulvane Police Department,1981-05-01,Kansas,4289,KS09603,0,0,2,0,0,0,2,1,0,0,0,0,0,0,0,0,0,0,6,5,3,14,1,3,0,1,0,0,0,1,8,0,0,0,0,0,0,4021,0,0,0,4021,3351,0,0,0,0,0,0,0,0,0,0,322,1696,3371,5389,12761,251,788,0,657,0,0,0,67,3626,0,67,1796,0,0,3351,0,3351,4196,0,0,12761,0,0,613,0,0,0,0,0,218,0,0,831,1,3.35113096874714
Mulvane Police Department,1981-04-01,Kansas,4289,KS09603,0,0,0,0,1,1,2,1,0,0,0,0,0,0,0,0,0,0,15,13,0,28,0,3,0,3,1,0,0,3,18,0,1,1,0,0,0,0,0,0,60,60,6702,0,0,0,0,0,0,0,0,0,0,3328,717,0,4045,10807,0,791,0,503,101,0,0,114,2537,0,114,2487,251,0,0,0,6702,1253,0,0,10807,0,67,2091,0,0,0,0,6702,791,0,0,9651,1,3.35113096874714
Mulvane Police Department,1981-03-01,Kansas,4289,KS09603,0,0,1,0,4,0,5,1,0,0,0,0,0,0,0,0,0,0,5,4,2,11,0,0,0,2,2,0,0,3,4,1,0,1,1,0,0,2078,0,0,0,2078,6702,0,0,0,0,0,0,0,0,0,0,261,1863,3770,5895,14675,0,0,0,3291,700,0,0,40,1863,0,40,2497,0,0,67,0,6702,3291,0,2078,14675,0,23,834,0,0,0,0,6702,0,0,0,7560,1,3.35113096874714
Mulvane Police Department,1981-02-01,Kansas,4289,KS09603,1,0,1,0,2,0,4,0,0,0,0,0,0,0,0,0,0,0,8,3,1,12,1,0,0,4,0,0,0,0,7,0,0,0,0,0,168,201,168,0,0,536,0,0,0,0,0,0,0,0,0,0,0,607,1491,1173,3271,3807,101,0,0,2289,0,0,0,0,881,0,168,1049,0,0,0,0,0,1719,0,871,3807,0,0,67,0,0,0,0,0,670,0,335,1072,1,3.35113096874714
Mulvane Police Department,1981-01-01,Kansas,4289,KS09603,1,0,1,0,2,0,4,1,0,0,0,0,0,0,0,0,0,0,3,2,1,6,0,0,0,2,1,0,0,2,1,0,1,1,0,0,1005,2229,369,0,0,3602,10053,0,0,0,0,0,0,0,0,0,0,486,1106,2044,3636,17292,0,0,0,704,2698,0,0,37,198,0,506,198,670,0,2882,0,10053,2983,0,0,17292,0,0,8378,0,0,0,0,10053,0,0,0,18431,1,3.35113096874714
Mulvane Police Department,1980-12-01,Kansas,4242,KS09603,0,0,0,0,3,0,3,1,0,0,0,0,0,0,0,0,0,0,2,1,0,3,0,0,0,1,0,0,0,2,0,0,1,1,0,0,0,0,1531,0,0,1531,7395,0,0,0,0,0,0,0,0,0,0,96,673,0,769,9695,0,0,0,673,0,0,0,96,0,0,96,673,0,0,0,0,7395,1531,0,0,9695,0,78,0,0,0,0,0,7395,0,0,0,7473,1,3.69746081504702
Mulvane Police Department,1980-11-01,Kansas,4242,KS09603,0,0,0,0,0,0,0,0,0,0,0,0,0,0,0,0,0,0,5,0,3,8,0,0,0,0,0,0,3,3,2,0,0,0,0,0,0,0,0,0,0,0,0,0,0,0,0,0,0,0,0,0,0,314,0,9059,9373,9373,0,0,0,0,0,0,129,1756,7487,0,129,7395,0,0,0,0,0,1849,0,0,9373,0,0,0,0,0,0,0,0,0,0,0,0,1,3.69746081504702
Mulvane Police Department,1980-10-01,Kansas,4242,KS09603,2,0,0,0,0,0,2,1,0,0,0,1,0,0,0,0,0,1,0,2,4,6,0,0,1,1,2,0,0,0,2,0,1,1,0,0,1279,0,0,0,0,1279,7395,0,0,0,2570,0,0,0,0,0,2570,0,850,5306,6156,17400,0,0,259,592,1479,0,0,0,3827,0,0,2962,0,739,0,0,7395,5713,0,592,17400,0,0,0,0,0,0,0,7395,739,0,0,8134,1,3.69746081504702
Mulvane Police Department,1980-09-01,Kansas,4242,KS09603,0,0,0,0,0,0,0,1,0,0,0,0,0,0,0,0,0,0,5,3,1,9,0,0,2,1,2,0,0,0,4,1,0,1,0,0,0,0,0,0,0,0,1109,0,0,0,0,0,0,0,0,0,0,488,1072,924,2485,3594,0,0,444,129,462,0,0,0,1449,118,0,536,0,0,0,0,1109,1830,0,0,3594,0,0,0,0,0,0,0,1109,37,0,0,1146,1,3.69746081504702
Mulvane Police Department,1980-08-01,Kansas,4242,KS09603,0,3,1,0,6,0,10,2,0,0,0,0,0,0,0,0,0,0,5,1,1,7,3,0,1,0,0,0,0,1,2,0,1,1,0,92,0,2182,1549,0,0,3823,40672,0,0,0,0,0,0,0,0,0,0,529,370,924,1823,46318,1213,0,74,0,0,0,0,74,462,0,0,536,2459,0,0,0,40672,1046,0,1605,46318,0,0,74,0,0,0,0,18487,0,0,0,18561,1,3.69746081504702
Mulvane Police Department,1980-07-01,Kansas,4242,KS09603,0,0,0,0,0,0,0,0,0,0,0,0,0,0,0,0,0,0,3,2,2,7,4,0,0,1,1,0,0,0,1,0,0,0,0,0,0,0,0,0,0,0,0,0,0,0,0,0,0,0,0,0,0,207,906,5768,6881,6881,2093,0,0,240,111,0,0,0,4437,0,96,0,0,4437,0,0,0,2348,0,0,6881,0,0,0,0,0,0,0,0,0,0,0,0,1,3.69746081504702
Mulvane Police Department,1980-06-01,Kansas,4242,KS09603,5,0,0,0,0,0,5,1,0,0,0,0,0,0,0,0,0,0,3,0,1,4,0,0,0,0,2,0,0,1,1,0,1,1,0,0,9595,0,0,0,0,9595,23664,0,0,0,0,0,0,0,0,0,0,263,0,739,1002,34261,0,0,0,0,832,0,0,22,148,0,22,92,0,0,8744,0,22185,2255,0,961,34261,0,0,92,0,0,0,0,22185,0,0,0,22277,1,3.69746081504702
Mulvane Police Department,1980-05-01,Kansas,4242,KS09603,0,0,4,0,2,0,6,2,0,0,0,0,0,0,0,0,0,0,5,0,2,7,0,0,0,4,0,0,0,3,0,1,0,1,0,0,0,20262,5620,0,0,25882,16639,0,0,0,0,0,0,0,0,0,0,444,0,2034,2477,44998,0,0,0,2366,0,0,0,111,0,0,185,16639,0,0,2403,0,16639,9133,0,0,44998,0,0,0,0,0,0,0,14790,0,0,0,14790,1,3.69746081504702
Mulvane Police Department,1980-04-01,Kansas,4242,KS09603,2,3,0,0,1,0,6,0,0,0,0,0,0,0,0,0,0,0,3,0,1,4,1,0,0,0,0,0,0,3,0,0,0,0,0,555,1627,0,813,0,0,2995,0,0,0,0,0,0,0,0,0,0,0,129,0,1387,1516,4511,1387,0,0,0,0,0,0,129,0,0,980,2145,0,0,0,0,0,1387,0,0,4511,0,0,0,0,0,0,0,0,0,0,0,0,1,3.69746081504702
Mulvane Police Department,1980-03-01,Kansas,4242,KS09603,0,0,0,0,1,0,1,0,0,0,0,0,0,0,0,0,0,0,3,1,0,4,3,0,0,0,1,0,0,0,0,0,0,0,0,0,0,0,2218,0,0,2218,0,0,0,0,0,0,0,0,0,0,0,303,189,0,492,2710,303,0,0,0,189,0,0,0,0,0,0,2218,0,0,0,0,0,492,0,0,2710,0,0,0,0,0,0,0,0,0,0,0,0,1,3.69746081504702
Mulvane Police Department,1980-02-01,Kansas,4242,KS09603,0,0,0,0,2,0,2,0,0,0,0,0,0,0,0,0,0,0,2,1,0,3,0,0,0,1,0,0,0,0,2,0,0,0,0,0,0,0,2459,0,0,2459,0,0,0,0,0,0,0,0,0,0,0,89,370,0,458,2917,0,0,0,74,0,0,0,0,385,385,111,55,0,0,370,0,0,1923,0,74,2917,0,0,0,0,0,0,0,0,0,0,0,0,1,3.69746081504702
Mulvane Police Department,1980-01-01,Kansas,4242,KS09603,1,0,1,0,1,0,3,4,0,0,0,0,1,0,0,0,0,1,0,0,0,0,0,0,0,0,0,0,0,0,0,4,0,4,0,0,74,0,44,0,0,118,70252,0,0,0,0,1849,0,0,0,0,1849,0,0,0,0,72219,0,0,0,0,0,0,0,0,0,0,74,1893,0,0,0,0,70252,0,0,0,72219,0,0,0,0,0,0,0,70252,0,0,0,70252,1,3.69746081504702
Mulvane Police Department,1979-12-01,Kansas,3958,KS09603,1,0,0,0,1,0,2,0,0,0,0,0,0,0,0,0,0,0,0,3,0,3,2,0,0,1,0,0,0,0,0,0,0,0,0,0,1406,0,88,0,0,1495,0,0,0,0,0,0,0,0,0,0,0,0,756,0,756,2250,546,0,0,210,0,0,0,0,0,0,0,466,0,189,0,0,0,756,0,840,2250,0,0,0,0,189,0,0,0,0,0,840,1029,1,4.19843724882306
Mulvane Police Department,1979-11-01,Kansas,3958,KS09603,0,0,0,0,1,0,1,1,0,0,0,0,0,0,0,0,0,0,1,0,0,1,0,0,0,0,1,0,0,0,0,0,1,1,0,0,0,0,630,0,0,630,4198,0,0,0,0,0,0,0,0,0,0,168,0,0,168,4996,0,0,0,0,168,0,0,0,0,0,0,798,0,0,0,0,4198,0,0,0,4996,0,0,0,0,0,0,0,4198,0,0,0,4198,1,4.19843724882306
Mulvane Police Department,1979-10-01,Kansas,3958,KS09603,0,2,0,0,0,0,2,0,0,0,0,0,0,0,0,0,0,0,4,1,0,5,0,0,0,2,0,0,0,0,3,0,0,0,0,0,0,0,0,0,0,0,0,0,0,0,0,0,0,0,0,0,0,168,344,0,512,512,0,0,0,428,0,0,0,0,84,0,0,0,0,0,0,0,0,168,0,344,512,0,0,0,0,0,0,0,0,0,0,0,0,1,4.19843724882306
Mulvane Police Department,1979-09-01,Kansas,3958,KS09603,0,2,0,0,1,0,3,0,0,0,0,0,0,0,0,0,0,0,0,0,0,0,0,0,0,0,0,0,0,0,0,0,0,0,0,0,0,0,0,0,0,0,0,0,0,0,0,0,0,0,0,0,0,0,0,0,0,0,0,0,0,0,0,0,0,0,0,0,0,0,0,0,0,0,0,0,0,0,0,0,0,0,0,0,0,0,0,0,0,0,0,1,4.19843724882306
Mulvane Police Department,1979-08-01,Kansas,3958,KS09603,0,0,0,0,1,0,1,0,0,0,0,0,0,0,0,0,0,0,2,0,0,2,0,0,0,1,1,0,0,0,0,0,0,0,0,0,0,0,1260,0,0,1260,0,0,0,0,0,0,0,0,0,0,0,210,0,0,210,1469,0,0,0,189,21,0,0,0,0,0,0,1281,0,0,0,0,0,189,0,0,1469,0,0,0,0,0,0,0,0,0,0,0,0,1,4.19843724882306
Mulvane Police Department,1979-07-01,Kansas,3958,KS09603,0,0,0,0,1,0,1,0,0,0,0,0,0,0,0,0,0,0,1,0,0,1,0,0,0,0,0,0,0,0,1,0,0,0,0,0,0,0,0,0,0,0,0,0,0,0,0,0,0,0,0,0,0,164,0,0,164,164,0,0,0,0,0,0,0,0,164,0,0,0,0,0,0,0,0,164,0,0,164,0,0,0,0,0,0,0,0,0,0,0,0,1,4.19843724882306
Mulvane Police Department,1979-06-01,Kansas,3958,KS09603,0,1,0,0,0,0,1,0,0,0,0,0,0,0,0,0,0,0,1,1,0,2,0,0,0,1,0,0,0,0,1,0,0,0,0,21,0,0,0,0,0,21,0,0,0,0,0,0,0,0,0,0,0,21,479,0,500,521,0,0,0,21,0,0,0,0,479,0,0,500,0,0,0,0,0,21,0,0,521,0,0,0,0,0,0,0,0,0,0,0,0,1,4.19843724882306
Mulvane Police Department,1979-05-01,Kansas,3958,KS09603,0,2,0,0,0,0,2,1,0,0,0,0,0,0,0,0,0,0,0,2,2,4,0,0,0,1,1,0,0,0,2,1,0,1,0,420,0,0,0,0,0,420,29389,0,0,0,0,0,0,0,0,0,0,0,672,3254,3926,33734,0,0,0,420,1469,0,0,0,2036,0,0,0,0,420,0,0,29389,3926,0,0,33734,0,0,0,0,0,0,0,29389,1469,0,0,30859,1,4.19843724882306
Mulvane Police Department,1979-04-01,Kansas,3958,KS09603,1,0,0,0,0,0,1,0,0,0,0,0,0,0,0,0,0,0,0,2,0,2,1,0,0,1,0,0,0,0,0,0,0,0,0,0,0,0,0,0,0,0,0,0,0,0,0,0,0,0,0,0,0,0,1050,0,1050,1050,630,0,0,420,0,0,0,0,0,0,0,0,0,0,0,0,0,630,0,420,1050,0,0,0,0,0,0,0,0,0,0,0,0,1,4.19843724882306
Mulvane Police Department,1979-03-01,Kansas,3958,KS09603,1,0,0,0,0,0,1,0,0,0,0,0,0,0,0,0,0,0,0,1,0,1,0,0,0,1,0,0,0,0,0,0,0,0,0,0,588,0,0,0,0,588,0,0,0,0,0,0,0,0,0,0,0,0,630,0,630,1218,0,0,0,630,0,0,0,0,0,0,0,0,0,0,0,0,0,588,0,630,1218,0,0,0,0,0,0,0,0,0,0,0,0,1,4.19843724882306
Mulvane Police Department,1979-02-01,Kansas,3958,KS09603,1,0,0,0,0,0,1,0,0,0,0,0,0,0,0,0,0,0,1,0,0,1,0,0,0,0,0,0,0,0,1,0,0,0,0,0,168,0,0,0,0,168,0,0,0,0,0,0,0,0,0,0,0,189,0,0,189,357,0,0,0,0,0,0,0,0,189,0,0,0,0,0,0,0,0,189,0,168,357,0,0,0,0,0,0,0,0,0,0,0,0,1,4.19843724882306
Mulvane Police Department,1979-01-01,Kansas,3958,KS09603,0,0,0,0,0,0,0,0,0,0,0,0,0,0,0,0,0,0,0,1,1,2,1,0,0,1,0,0,0,0,0,0,0,0,0,0,0,0,0,0,0,0,0,0,0,0,0,0,0,0,0,0,0,0,420,1679,2099,2099,1679,0,0,420,0,0,0,0,0,420,0,0,0,0,0,0,0,1679,0,0,2099,0,0,0,0,0,0,0,0,0,0,0,0,1,4.19843724882306
Mulvane Police Department,1978-12-01,Kansas,3878,KS09603,0,0,1,0,0,0,1,0,0,0,0,0,0,0,0,0,0,0,1,1,0,2,0,0,0,1,0,0,0,0,1,0,0,0,0,0,0,2079,0,0,0,2079,0,0,0,0,0,0,0,0,0,0,0,154,841,0,995,3073,0,0,0,154,0,0,0,0,841,0,0,2079,0,0,0,0,0,995,0,0,3073,0,0,0,0,0,0,0,0,0,0,0,0,1,4.67094915687277
Mulvane Police Department,1978-11-01,Kansas,3878,KS09603,0,0,0,0,0,0,0,0,0,0,0,0,0,0,0,0,0,0,2,2,0,4,2,0,0,1,1,0,0,0,0,0,0,0,0,0,0,0,0,0,0,0,0,0,0,0,0,0,0,0,0,0,0,159,514,0,673,673,374,0,0,280,19,0,0,0,0,0,0,0,0,0,0,0,0,392,0,280,673,0,0,0,0,0,0,0,0,234,0,0,234,1,4.67094915687277
Mulvane Police Department,1978-10-01,Kansas,3878,KS09603,0,0,1,0,1,0,2,0,0,0,0,0,0,0,0,0,0,0,1,1,1,3,0,0,0,2,0,0,0,0,1,0,0,0,0,0,0,2335,187,0,0,2522,0,0,0,0,0,0,0,0,0,0,0,117,374,2219,2709,5231,0,0,0,2592,0,0,0,0,117,0,0,0,0,0,0,0,0,2639,0,2592,5231,0,0,0,0,0,0,0,0,304,0,374,677,1,4.67094915687277
Mulvane Police Department,1978-09-01,Kansas,3878,KS09603,0,0,0,0,0,0,0,0,0,0,0,0,0,0,0,0,0,0,1,1,0,2,2,0,0,0,0,0,0,0,0,0,0,0,0,0,0,0,0,0,0,0,0,0,0,0,0,0,0,0,0,0,0,93,280,0,374,374,374,0,0,0,0,0,0,0,0,0,0,0,0,0,0,0,0,374,0,0,374,0,0,0,0,0,0,0,0,0,0,0,0,1,4.67094915687277
Mulvane Police Department,1978-08-01,Kansas,3878,KS09603,0,1,0,0,1,0,2,0,0,0,0,0,0,0,0,0,0,0,2,3,1,6,2,0,0,1,1,0,0,0,2,0,0,0,0,187,0,0,934,0,0,1121,0,0,0,0,0,0,0,0,0,0,0,327,1196,934,2457,3578,327,0,0,934,392,0,0,0,803,0,0,0,0,0,0,0,0,2644,0,934,3578,0,0,0,0,0,0,0,0,0,0,0,0,1,4.67094915687277
Mulvane Police Department,1978-07-01,Kansas,3878,KS09603,0,0,0,0,0,0,0,0,0,0,0,0,0,0,0,0,0,0,0,1,1,2,0,0,0,0,1,0,0,0,1,0,0,0,0,0,0,0,0,0,0,0,0,0,0,0,0,0,0,0,0,0,0,0,911,4204,5115,5115,0,0,0,0,911,0,0,0,4204,28,0,883,0,0,0,0,0,4204,0,0,5115,28,0,799,0,0,0,0,0,0,0,0,827,1,4.67094915687277
Mulvane Police Department,1978-06-01,Kansas,3878,KS09603,0,0,0,0,2,0,2,0,0,0,0,0,0,0,0,0,0,0,0,0,0,0,0,0,0,0,0,0,0,0,0,0,0,0,0,0,0,0,51,0,0,51,0,0,0,0,0,0,0,0,0,0,0,0,0,0,0,51,0,0,0,0,0,0,0,0,0,0,0,23,0,0,0,0,0,28,0,0,51,0,0,0,0,0,0,0,0,0,0,0,0,1,4.67094915687277
Mulvane Police Department,1978-05-01,Kansas,3878,KS09603,0,0,0,0,0,0,0,1,0,0,0,0,0,0,0,0,0,0,1,2,0,3,1,0,0,1,1,0,0,0,0,0,1,1,0,0,0,0,0,0,0,0,3503,0,0,0,0,0,0,0,0,0,0,163,1168,0,1331,4834,163,0,0,794,374,0,0,0,0,0,0,0,374,0,0,0,3503,958,0,0,4834,0,0,0,0,0,0,0,3503,0,0,0,3503,1,4.67094915687277
Mulvane Police Department,1978-04-01,Kansas,3878,KS09603,0,1,0,0,0,0,1,0,0,0,0,0,0,0,0,0,0,0,3,2,0,5,2,0,0,3,0,0,0,0,0,0,0,0,0,1121,0,0,0,0,0,1121,0,0,0,0,0,0,0,0,0,0,0,420,495,0,916,2037,280,0,0,635,0,0,0,0,0,0,0,0,0,0,0,0,0,2037,0,0,2037,0,0,0,0,0,0,0,0,0,0,0,0,1,4.67094915687277
Mulvane Police Department,1978-03-01,Kansas,3878,KS09603,0,0,1,0,0,0,1,0,0,0,0,0,0,0,0,0,0,0,2,1,1,4,1,0,0,1,1,0,0,0,1,0,0,0,0,0,0,448,0,0,0,448,0,0,0,0,0,0,0,0,0,0,0,257,584,1401,2242,2690,187,0,0,584,1401,0,0,0,70,0,0,0,0,0,0,0,0,2107,0,584,2690,0,0,0,0,0,0,0,0,448,0,0,448,1,4.67094915687277
Mulvane Police Department,1978-02-01,Kansas,3878,KS09603,1,0,0,0,1,0,2,0,0,0,0,0,0,0,0,0,0,0,3,0,0,3,0,0,0,1,0,0,0,0,2,0,0,0,0,0,481,0,210,0,0,691,0,0,0,0,0,0,0,0,0,0,0,37,0,0,37,729,0,0,0,23,0,0,0,0,14,0,0,715,0,0,0,0,0,14,0,0,729,0,0,210,0,0,0,0,0,0,0,0,210,1,4.67094915687277
Mulvane Police Department,1978-01-01,Kansas,3878,KS09603,1,0,0,0,0,0,1,0,0,0,0,0,0,0,0,0,0,0,2,1,0,3,0,0,0,1,2,0,0,0,0,0,0,0,0,0,467,0,0,0,0,467,0,0,0,0,0,0,0,0,0,0,0,177,467,0,645,1112,0,0,0,93,551,0,0,0,0,0,0,135,0,0,425,0,0,551,0,0,1112,0,0,42,0,0,425,0,0,0,0,0,467,1,4.67094915687277
Mulvane Police Department,1977-12-01,Kansas,3743,KS09603,0,0,0,0,0,0,0,0,0,0,0,0,0,0,0,0,0,0,3,2,0,5,0,0,0,2,2,0,0,0,1,0,0,0,0,0,0,0,0,0,0,0,0,0,0,0,0,0,0,0,0,0,0,307,729,0,1036,1036,0,0,0,478,181,0,0,0,377,176,0,5,0,0,0,0,0,503,0,352,1036,0,0,0,0,0,0,0,0,0,0,0,0,1,5.02738759796508
Mulvane Police Department,1977-11-01,Kansas,3743,KS09603,0,0,0,0,0,0,0,0,0,0,0,0,0,0,0,0,0,0,2,2,0,4,0,0,0,1,1,0,0,0,2,0,0,0,0,0,0,0,0,0,0,0,0,0,0,0,0,0,0,0,0,0,0,131,503,0,633,633,0,0,0,251,101,0,0,0,282,101,0,0,0,0,0,0,0,533,0,0,633,101,0,0,0,0,0,0,0,0,0,0,101,1,5.02738759796508
Mulvane Police Department,1977-10-01,Kansas,3743,KS09603,0,0,0,0,0,0,0,0,0,0,0,0,0,0,0,0,0,0,1,0,0,1,0,0,0,0,0,0,0,0,1,0,0,0,0,0,0,0,0,0,0,0,0,0,0,0,0,0,0,0,0,0,0,75,0,0,75,75,0,0,0,0,0,0,0,0,75,0,0,0,0,0,0,0,0,75,0,0,75,0,0,0,0,0,0,0,0,0,0,0,0,1,5.02738759796508
Mulvane Police Department,1977-09-01,Kansas,3743,KS09603,0,0,1,0,1,0,2,0,0,0,0,0,0,0,0,0,0,0,1,2,1,4,0,0,0,2,2,0,0,0,0,0,0,0,0,0,0,96,0,0,0,96,0,0,0,0,0,0,0,0,0,0,0,20,638,1005,1664,1760,0,0,0,327,1337,0,0,0,0,0,0,332,0,0,0,0,0,1428,0,0,1760,0,0,0,0,0,0,0,0,1508,0,0,1508,1,5.02738759796508
Mulvane Police Department,1977-08-01,Kansas,3743,KS09603,0,0,0,0,8,0,8,0,0,0,0,1,0,0,0,0,0,1,9,5,4,18,1,0,0,7,5,0,0,0,5,0,0,0,0,0,0,0,37851,0,0,37851,0,0,0,0,2514,0,0,0,0,0,2514,1056,2665,14328,18048,58408,50,0,0,11025,6083,0,0,0,890,4525,0,3016,0,0,0,0,0,36816,0,14052,58408,1005,0,0,0,0,251,0,0,21462,0,13574,36293,1,5.02738759796508
Mulvane Police Department,1977-07-01,Kansas,3743,KS09603,1,1,0,0,6,0,8,0,0,0,0,0,0,0,0,0,0,0,2,2,1,5,0,0,0,2,1,0,0,0,2,0,0,0,0,0,0,0,186,0,0,186,0,0,0,0,0,0,0,0,0,0,0,322,885,1609,2815,3001,0,0,0,804,1609,0,0,0,402,0,0,186,1609,0,0,0,0,402,0,804,3001,0,0,0,0,0,0,0,0,0,0,0,0,1,5.02738759796508
Mulvane Police Department,1977-06-01,Kansas,3743,KS09603,0,0,0,0,2,0,2,0,0,0,0,0,0,0,0,0,0,0,0,6,0,6,2,0,2,1,1,0,0,0,0,0,0,0,0,0,0,0,201,0,0,201,0,0,0,0,0,0,0,0,0,0,0,0,2363,0,2363,2564,1257,0,503,352,251,0,0,0,0,0,201,0,0,0,0,0,0,2011,0,352,2564,0,0,0,0,0,0,0,0,0,0,0,0,1,5.02738759796508
Mulvane Police Department,1977-05-01,Kansas,3743,KS09603,0,3,0,0,0,0,3,0,0,0,0,0,0,0,0,0,0,0,6,2,1,9,5,0,0,1,2,0,0,0,1,0,0,0,0,1558,0,0,0,0,0,1558,0,0,0,0,0,0,0,0,0,0,0,840,1569,1307,3715,5274,1418,0,0,50,940,0,0,0,1307,50,0,452,0,0,101,0,0,4670,0,0,5274,0,0,0,0,0,0,0,0,0,0,0,0,1,5.02738759796508
Mulvane Police Department,1977-04-01,Kansas,3743,KS09603,0,0,1,0,1,0,2,0,0,0,0,0,0,0,0,0,0,0,4,2,0,6,3,0,0,2,1,0,0,0,0,0,0,0,0,0,0,251,50,0,0,302,0,0,0,0,0,0,0,0,0,0,0,603,1357,0,1961,2262,478,0,0,1357,126,0,0,0,0,0,0,302,0,0,0,0,0,327,0,1634,2262,0,0,0,0,0,0,0,0,0,0,0,0,1,5.02738759796508
Mulvane Police Department,1977-03-01,Kansas,3743,KS09603,0,0,0,0,0,0,0,0,0,0,0,0,0,0,0,0,0,0,1,2,0,3,0,0,0,0,1,0,0,0,2,0,0,0,0,0,0,0,0,0,0,0,0,0,0,0,0,0,0,0,0,0,0,126,679,0,804,804,0,0,0,0,377,0,0,0,427,0,0,0,0,0,0,0,0,804,0,0,804,0,0,0,0,0,0,0,0,0,0,0,0,1,5.02738759796508
Mulvane Police Department,1977-02-01,Kansas,3743,KS09603,0,1,0,0,0,0,1,0,0,0,0,0,0,0,0,0,0,0,0,0,1,1,1,0,0,0,0,0,0,0,0,0,0,0,0,216,0,0,0,0,0,216,0,0,0,0,0,0,0,0,0,0,0,0,0,2262,2262,2479,2262,0,0,0,0,0,0,0,0,0,0,216,0,0,0,0,0,2262,0,0,2479,0,0,0,0,0,0,0,0,2262,0,0,2262,1,5.02738759796508
Mulvane Police Department,1977-01-01,Kansas,3743,KS09603,0,0,0,0,0,0,0,0,0,0,0,0,0,0,0,0,0,0,1,1,1,3,0,0,0,1,0,0,0,0,2,0,0,0,0,0,0,0,0,0,0,0,0,0,0,0,0,0,0,0,0,0,0,246,503,1106,1855,1855,0,0,0,246,0,0,0,0,1609,0,0,101,0,0,0,0,0,1508,0,246,1855,0,0,0,0,0,0,0,0,0,0,0,0,1,5.02738759796508
Mulvane Police Department,1976-12-01,Kansas,3484,KS09603,2,5,0,0,0,0,7,0,0,0,0,0,0,0,0,0,0,0,0,1,0,1,1,0,0,0,0,0,0,0,0,0,0,0,0,5890,530,0,0,0,0,6420,0,0,0,0,0,0,0,0,0,0,0,0,482,0,482,6902,482,0,0,0,0,0,0,0,0,0,0,16,0,0,514,0,0,1553,0,4819,6902,0,0,16,0,0,514,0,0,0,0,0,530,1,5.35425245277493
Mulvane Police Department,1976-11-01,Kansas,3484,KS09603,2,0,0,0,1,0,3,0,0,0,0,0,0,0,0,0,0,0,0,0,0,0,0,0,0,0,0,0,0,0,0,0,0,0,0,0,0,0,16,0,0,16,0,0,0,0,0,0,0,0,0,0,0,0,0,0,0,16,0,0,0,0,0,0,0,0,0,0,0,16,0,0,0,0,0,0,0,0,16,0,0,16,0,0,0,0,0,0,0,0,16,1,5.35425245277493
Mulvane Police Department,1976-10-01,Kansas,3484,KS09603,0,0,0,0,1,0,1,1,0,0,0,0,0,0,0,0,0,0,1,1,0,2,2,0,0,0,0,0,0,0,0,1,0,1,0,0,0,0,187,0,0,187,10709,0,0,0,0,0,0,0,0,0,0,193,750,0,942,11838,942,0,0,0,0,0,0,0,0,0,0,0,0,0,0,0,10709,380,0,750,11838,0,0,0,0,0,0,0,10709,0,0,0,10709,1,5.35425245277493
Mulvane Police Department,1976-09-01,Kansas,3484,KS09603,2,0,0,0,0,0,2,0,0,0,0,0,0,0,0,0,0,0,0,2,0,2,0,0,0,1,1,0,0,0,0,0,0,0,0,0,1499,0,0,0,0,1499,0,0,0,0,0,0,0,0,0,0,0,0,1044,0,1044,2543,0,0,0,402,643,0,0,0,0,0,0,1713,0,0,428,0,0,402,0,0,2543,0,0,0,0,0,0,0,0,0,0,0,0,1,5.35425245277493
Mulvane Police Department,1976-08-01,Kansas,3484,KS09603,0,3,0,0,3,0,6,0,0,0,0,0,0,0,0,0,0,0,4,0,0,4,1,0,0,0,3,0,0,0,0,0,0,0,0,889,0,0,9365,0,0,10253,0,0,0,0,0,0,0,0,0,0,0,803,0,0,803,11057,268,0,0,0,535,0,0,0,0,0,0,9407,0,0,96,0,0,803,0,750,11057,0,0,4283,0,0,0,0,0,214,0,0,4498,1,5.35425245277493
Mulvane Police Department,1976-07-01,Kansas,3484,KS09603,0,2,0,0,1,0,3,2,0,0,0,0,0,0,0,0,0,0,5,3,2,10,4,0,0,4,2,0,0,0,0,0,1,1,0,3486,0,0,2677,0,0,6163,39086,0,0,0,0,0,0,0,0,0,0,723,969,3930,5627,50876,2677,0,0,2447,503,0,0,0,0,0,0,1360,0,0,0,0,39086,8304,0,2126,50876,0,0,0,0,0,0,0,26771,321,0,0,27093,1,5.35425245277493
Mulvane Police Department,1976-06-01,Kansas,3484,KS09603,0,0,0,0,0,0,0,0,0,0,0,0,0,0,0,0,0,0,0,3,0,3,1,0,0,1,1,0,0,0,0,0,0,0,0,0,0,0,0,0,0,0,0,0,0,0,0,0,0,0,0,0,0,0,2029,0,2029,2029,557,0,0,905,568,0,0,0,0,0,0,0,0,0,0,0,0,1124,0,905,2029,0,0,0,0,0,0,0,0,0,0,0,0,1,5.35425245277493
Mulvane Police Department,1976-05-01,Kansas,3484,KS09603,0,0,1,0,0,0,1,1,0,0,0,0,0,0,0,0,0,0,2,7,3,12,0,0,0,11,1,0,0,0,0,0,0,0,0,0,0,2035,0,0,0,2035,10709,0,0,0,0,0,0,0,0,0,0,161,4931,3213,8304,21048,0,0,0,6270,2035,0,0,0,0,428,0,0,0,0,1606,0,10709,1424,0,6880,21048,0,0,0,0,0,0,0,0,0,0,0,0,1,5.35425245277493
Mulvane Police Department,1976-04-01,Kansas,3484,KS09603,0,0,1,0,2,0,3,0,0,0,0,0,0,0,0,0,0,0,5,4,5,14,3,0,0,8,0,0,0,0,3,0,0,0,0,0,0,1499,0,0,0,1499,0,0,0,0,0,0,0,0,0,0,0,578,2479,4813,7871,9370,348,0,0,6891,0,0,0,0,632,0,0,1499,1713,0,0,0,0,2549,0,3609,9370,0,0,0,0,0,0,0,0,0,0,0,0,1,5.35425245277493
Mulvane Police Department,1976-03-01,Kansas,3484,KS09603,3,1,1,1,5,1,12,0,0,0,0,0,0,0,0,0,0,0,3,4,3,10,0,0,0,2,1,0,0,0,7,1,0,1,0,1606,5809,2677,10810,75,5354,26332,0,0,0,0,0,0,0,0,0,0,0,466,1869,60101,62409,88741,0,0,0,412,1205,0,0,0,60792,0,241,10741,268,5087,0,33732,0,38668,0,0,88741,0,21,32,268,5087,0,0,0,1488,0,0,6896,1,5.35425245277493
Mulvane Police Department,1976-02-01,Kansas,3484,KS09603,0,0,0,0,0,0,0,0,0,0,0,0,0,0,0,0,0,0,0,2,0,2,1,0,0,0,1,0,0,0,0,0,0,0,0,0,0,0,0,0,0,0,0,0,0,0,0,0,0,0,0,0,0,0,1451,0,1451,1451,428,0,0,0,1023,0,0,0,0,0,0,0,0,0,0,0,0,1451,0,0,1451,0,0,0,0,0,0,0,0,1023,0,0,1023,1,5.35425245277493
Mulvane Police Department,1976-01-01,Kansas,3484,KS09603,0,0,2,0,0,0,2,0,0,0,0,0,0,0,0,0,0,0,2,0,3,5,3,0,0,1,0,0,0,0,1,0,0,0,0,0,0,4337,0,0,0,4337,0,0,0,0,0,0,0,0,0,0,0,241,0,4792,5033,9370,3828,0,0,1071,0,0,0,0,134,0,0,0,0,0,2195,0,0,5033,0,2142,9370,0,0,0,0,0,0,0,0,134,0,0,134,1,5.35425245277493
Mulvane Police Department,1975-12-01,Kansas,6726,KS09603,0,0,0,0,0,0,0,0,0,0,0,0,0,0,0,0,0,0,0,0,0,0,0,0,0,0,0,0,0,0,0,0,0,0,0,0,0,0,0,0,0,0,0,0,0,0,0,0,0,0,0,0,0,0,0,0,0,0,0,0,0,0,0,0,0,0,0,0,0,0,0,0,0,0,0,0,0,0,0,0,0,0,0,0,0,0,0,0,0,0,0,1,5.66184422421803
Mulvane Police Department,1975-11-01,Kansas,6726,KS09603,0,0,3,0,0,0,3,0,0,0,0,0,0,0,0,0,0,0,0,2,0,2,0,0,0,2,0,0,0,0,0,0,0,0,0,0,0,3329,0,0,0,3329,0,0,0,0,0,0,0,0,0,0,0,0,1755,0,1755,5084,0,0,0,1755,0,0,0,0,0,0,0,0,430,0,2389,0,0,1421,0,844,5084,0,0,0,0,0,0,0,0,912,0,0,912,1,5.66184422421803
Mulvane Police Department,1975-10-01,Kansas,6726,KS09603,0,0,1,0,0,0,1,0,0,0,0,0,0,0,0,0,0,0,0,1,0,1,0,0,0,1,0,0,0,0,0,0,0,0,0,0,0,549,0,0,0,549,0,0,0,0,0,0,0,0,0,0,0,0,912,0,912,1461,0,0,0,912,0,0,0,0,0,0,0,0,0,0,0,0,0,1461,0,0,1461,0,0,0,0,0,0,0,0,0,0,0,0,1,5.66184422421803
Mulvane Police Department,1975-09-01,Kansas,6726,KS09603,1,0,0,1,2,0,4,0,0,0,0,0,0,0,0,0,0,0,0,0,1,1,1,0,0,0,0,0,0,0,0,0,0,0,0,0,238,0,0,170,0,408,0,0,0,0,0,0,0,0,0,0,0,0,0,2831,2831,3239,2831,0,0,0,0,0,0,0,0,0,0,408,0,0,0,0,0,2831,0,0,3239,0,0,0,0,0,0,0,0,0,0,0,0,1,5.66184422421803
Mulvane Police Department,1975-08-01,Kansas,6726,KS09603,0,2,0,1,2,0,5,0,0,0,0,0,0,0,0,0,0,0,0,3,0,3,0,0,0,3,0,0,0,0,0,0,0,0,0,849,0,0,849,3397,0,5096,0,0,0,0,0,0,0,0,0,0,0,0,1925,0,1925,7021,0,0,0,1925,0,0,0,0,0,0,0,0,0,0,0,0,0,2038,3397,1585,7021,0,0,0,0,0,0,0,0,0,0,0,0,1,5.66184422421803
Mulvane Police Department,1975-07-01,Kansas,6726,KS09603,0,0,0,0,0,0,0,0,0,0,0,0,0,0,0,0,0,0,1,1,0,2,0,0,0,2,0,0,0,0,0,0,0,0,0,0,0,0,0,0,0,0,0,0,0,0,0,0,0,0,0,0,0,142,453,0,594,594,0,0,0,594,0,0,0,0,0,0,0,0,0,0,0,0,0,142,0,453,594,0,0,0,0,0,0,0,0,0,0,0,0,1,5.66184422421803
Mulvane Police Department,1975-06-01,Kansas,6726,KS09603,1,0,0,0,0,0,1,0,0,0,0,0,0,0,0,0,0,0,1,0,1,2,1,0,0,0,0,0,0,0,1,0,0,0,0,0,125,0,0,0,0,125,0,0,0,0,0,0,0,0,0,0,0,238,0,1455,1693,1817,238,0,0,0,0,0,0,0,1455,0,0,0,0,0,125,0,0,1693,0,0,1817,0,0,0,0,0,0,0,0,0,0,0,0,1,5.66184422421803
Mulvane Police Department,1975-05-01,Kansas,6726,KS09603,0,2,0,0,4,0,6,0,0,0,0,0,0,0,0,0,0,0,2,1,2,5,2,0,0,2,0,0,0,0,1,0,0,0,0,260,0,0,283,0,0,544,0,0,0,0,0,0,0,0,0,0,0,368,838,2859,4065,4609,1444,0,0,2452,0,0,0,0,170,0,0,283,0,0,0,0,0,4326,0,0,4609,0,0,0,0,0,0,0,0,1019,0,0,1019,1,5.66184422421803
Mulvane Police Department,1975-04-01,Kansas,6726,KS09603,2,1,1,0,0,1,5,1,0,0,0,0,0,0,0,0,0,0,0,0,0,0,0,0,0,0,0,0,0,0,0,0,1,1,0,28,849,170,0,0,425,1472,3397,0,0,0,0,0,0,0,0,0,0,0,0,0,0,4869,0,0,0,0,0,0,0,0,0,0,0,594,0,283,0,0,3397,594,0,0,4869,0,0,0,0,0,0,0,3397,0,0,0,3397,1,5.66184422421803
Mulvane Police Department,1975-03-01,Kansas,6726,KS09603,0,0,0,0,1,0,1,0,0,0,0,0,0,0,0,0,0,0,1,1,1,3,0,0,0,0,3,0,0,0,0,0,0,0,0,0,0,0,198,0,0,198,0,0,0,0,0,0,0,0,0,0,0,176,453,1415,2044,2242,0,0,0,0,2044,0,0,0,0,0,0,2242,0,0,0,0,0,0,0,0,2242,0,0,0,0,0,0,0,0,0,0,0,0,1,5.66184422421803
Mulvane Police Department,1975-02-01,Kansas,6726,KS09603,0,0,0,0,0,0,0,0,0,0,0,0,0,0,0,0,0,0,0,1,0,1,0,0,0,0,0,0,1,0,0,0,0,0,0,0,0,0,0,0,0,0,0,0,0,0,0,0,0,0,0,0,0,0,453,0,453,453,0,0,0,0,0,0,453,0,0,0,0,453,0,0,0,0,0,0,0,0,453,0,0,0,0,0,0,0,0,0,0,0,0,1,5.66184422421803
Mulvane Police Department,1975-01-01,Kansas,6726,KS09603,1,0,0,0,0,0,1,0,0,0,0,0,0,0,0,0,0,0,3,0,0,3,0,0,3,0,0,0,0,0,0,0,0,0,0,0,96,0,0,0,0,96,0,0,0,0,0,0,0,0,0,0,0,368,0,0,368,464,0,0,368,0,0,0,0,0,0,0,0,142,0,0,0,0,0,323,0,0,464,0,0,0,0,0,0,0,0,0,0,0,0,1,5.66184422421803
Mulvane Police Department,1974-12-01,Kansas,3262,KS09603,0,0,0,0,0,0,0,0,0,0,0,0,0,0,0,0,0,0,1,1,0,2,0,0,0,0,1,0,0,0,1,0,0,0,0,0,0,0,0,0,0,0,0,0,0,0,0,0,0,0,0,0,0,124,834,0,958,958,0,0,0,0,834,0,0,0,124,0,0,0,0,0,0,0,0,958,0,0,958,0,0,0,0,0,0,0,0,124,0,0,124,1,6.17951495690384
Mulvane Police Department,1974-11-01,Kansas,3262,KS09603,0,0,0,0,0,0,0,0,0,0,0,0,0,0,0,0,0,0,4,1,0,5,0,0,0,0,1,0,0,0,4,0,0,0,0,0,0,0,0,0,0,0,0,0,0,0,0,0,0,0,0,0,0,618,927,0,1545,1545,0,0,0,0,927,0,0,0,618,0,0,0,0,0,0,0,0,1545,0,0,1545,0,0,0,0,0,0,0,0,309,0,0,309,1,6.17951495690384
Mulvane Police Department,1974-10-01,Kansas,3262,KS09603,0,0,0,0,0,0,0,0,0,0,0,0,0,0,0,0,0,0,0,0,0,0,0,0,0,0,0,0,0,0,0,0,0,0,0,0,0,0,0,0,0,0,0,0,0,0,0,0,0,0,0,0,0,0,0,0,0,0,0,0,0,0,0,0,0,0,0,0,0,0,0,0,0,0,0,0,0,0,0,0,0,0,0,0,0,0,0,0,0,0,0,1,6.17951495690384
Mulvane Police Department,1974-09-01,Kansas,3262,KS09603,0,0,0,0,0,0,0,0,0,0,0,0,0,0,0,0,0,0,2,0,0,2,0,0,0,0,0,0,0,0,2,0,0,0,0,0,0,0,0,0,0,0,0,0,0,0,0,0,0,0,0,0,0,185,0,0,185,185,0,0,0,0,0,0,0,0,185,0,0,0,0,0,0,0,0,185,0,0,185,0,0,0,0,0,0,0,0,0,0,0,0,1,6.17951495690384
Mulvane Police Department,1974-08-01,Kansas,3262,KS09603,0,0,0,0,0,0,0,0,0,0,0,0,0,0,0,0,0,0,1,2,0,3,0,0,0,1,1,0,0,0,1,0,0,0,0,0,0,0,0,0,0,0,0,0,0,0,0,0,0,0,0,0,0,247,1792,0,2039,2039,0,0,0,618,1174,0,0,0,247,0,0,0,0,0,0,0,0,2039,0,0,2039,0,0,0,0,0,0,0,0,0,0,0,0,1,6.17951495690384
Mulvane Police Department,1974-07-01,Kansas,3262,KS09603,0,0,0,0,0,0,0,0,0,0,0,0,0,0,0,0,0,0,0,1,0,1,0,0,0,1,0,0,0,0,0,0,0,0,0,0,0,0,0,0,0,0,0,0,0,0,0,0,0,0,0,0,0,0,395,0,395,395,0,0,0,395,0,0,0,0,0,0,0,395,0,0,0,0,0,0,0,0,395,0,0,0,0,0,0,0,0,0,0,0,0,1,6.17951495690384
Mulvane Police Department,1974-06-01,Kansas,3262,KS09603,0,1,0,0,0,0,1,0,0,0,0,0,0,0,0,0,0,0,0,1,0,1,0,0,0,0,0,0,0,1,0,0,0,0,0,31,0,0,0,0,0,31,0,0,0,0,0,0,0,0,0,0,0,0,618,0,618,649,0,0,0,0,0,0,0,618,0,0,0,0,0,0,0,0,0,649,0,0,649,0,0,0,0,0,0,0,0,0,0,0,0,1,6.17951495690384
Mulvane Police Department,1974-05-01,Kansas,3262,KS09603,0,2,0,0,0,0,2,0,0,0,0,0,0,0,0,0,0,0,0,0,0,0,0,0,0,0,0,0,0,0,0,0,0,0,0,1854,0,0,0,0,0,1854,0,0,0,0,0,0,0,0,0,0,0,0,0,0,0,1854,0,0,0,0,0,0,0,0,0,0,0,0,0,0,0,0,0,1854,0,0,1854,0,0,0,0,0,0,0,0,1854,0,0,1854,1,6.17951495690384
Mulvane Police Department,1974-04-01,Kansas,3262,KS09603,0,1,0,0,0,0,1,0,0,0,0,0,0,0,0,0,0,0,2,0,0,2,0,0,0,1,1,0,0,0,0,0,0,0,0,3708,0,0,0,0,0,3708,0,0,0,0,0,0,0,0,0,0,0,290,0,0,290,3998,0,0,0,43,247,0,0,0,0,0,0,0,0,0,0,0,0,3998,0,0,3998,0,0,0,0,0,0,0,0,0,0,0,0,1,6.17951495690384
Mulvane Police Department,1974-03-01,Kansas,3262,KS09603,0,1,0,0,0,0,1,0,0,0,0,0,0,0,0,0,0,0,1,1,0,2,0,0,0,1,0,0,0,0,1,0,0,0,0,0,0,0,0,0,0,0,0,0,0,0,0,0,0,0,0,0,0,93,618,0,711,711,0,0,0,93,0,0,0,0,618,618,0,0,0,0,0,0,0,93,0,0,711,0,0,0,0,0,0,0,0,0,0,0,0,1,6.17951495690384
Mulvane Police Department,1974-02-01,Kansas,3262,KS09603,0,1,0,0,0,0,1,0,0,0,0,0,0,0,0,0,0,0,0,3,0,3,1,1,0,0,0,0,0,0,1,0,0,0,0,321,0,0,0,0,0,321,0,0,0,0,0,0,0,0,0,0,0,0,1112,0,1112,1434,93,402,0,0,0,0,0,0,618,0,0,0,0,0,0,0,0,1434,0,0,1434,0,0,0,0,0,0,0,0,0,0,0,0,1,6.17951495690384
Mulvane Police Department,1974-01-01,Kansas,3262,KS09603,0,1,0,0,0,0,1,0,0,0,0,0,0,0,0,0,0,0,0,0,4,4,0,0,0,0,4,0,0,0,0,0,0,0,0,1236,0,0,0,0,0,1236,0,0,0,0,0,0,0,0,0,0,0,0,0,3708,3708,4944,0,0,0,0,3708,0,0,0,0,0,0,0,0,0,0,0,0,4944,0,0,4944,0,0,0,0,0,0,0,0,0,0,0,0,1,6.17951495690384
Mulvane Police Department,1973-12-01,Kansas,3285,KS09603,0,0,0,0,1,0,1,0,0,0,0,0,0,0,0,0,0,0,0,1,1,2,0,0,0,0,0,0,0,0,2,0,0,0,0,0,0,0,19215,0,0,19215,0,0,0,0,0,0,0,0,0,0,0,0,103,824,926,20142,0,0,0,0,0,0,0,0,926,0,0,0,0,0,0,0,0,20142,0,0,20142,0,0,0,0,0,0,0,0,0,0,0,0,1,6.86264827327328
Mulvane Police Department,1973-11-01,Kansas,3285,KS09603,0,0,1,0,0,0,1,0,0,0,0,0,0,0,0,0,0,0,0,0,1,1,0,0,0,1,0,0,0,0,0,0,0,0,0,0,0,4804,0,0,0,4804,0,0,0,0,0,0,0,0,0,0,0,0,0,1119,1119,5922,0,0,0,1119,0,0,0,0,0,0,0,4804,0,0,0,0,0,1119,0,0,5922,0,0,0,0,0,0,0,0,0,0,0,0,1,6.86264827327328
Mulvane Police Department,1973-10-01,Kansas,3285,KS09603,1,1,0,0,1,0,3,0,0,0,0,0,0,0,0,0,0,0,0,0,1,1,0,0,0,1,0,0,0,0,0,0,0,0,0,11495,0,0,480,0,0,11975,0,0,0,0,0,0,0,0,0,0,0,0,0,1160,1160,13135,0,0,0,1160,0,0,0,0,0,5319,0,0,0,0,0,0,0,7817,0,0,13135,0,0,0,0,0,0,0,0,0,0,0,0,1,6.86264827327328
Mulvane Police Department,1973-09-01,Kansas,3285,KS09603,0,1,0,0,0,0,1,0,0,0,0,0,0,0,0,0,0,0,0,0,0,0,0,0,0,0,0,0,0,0,0,0,0,0,0,4804,0,0,0,0,0,4804,0,0,0,0,0,0,0,0,0,0,0,0,0,0,0,4804,0,0,0,0,0,0,0,0,0,0,0,0,0,0,0,0,0,4804,0,0,4804,0,0,0,0,0,0,0,0,0,0,0,0,1,6.86264827327328
Mulvane Police Department,1973-08-01,Kansas,3285,KS09603,4,0,0,0,0,0,4,0,0,0,0,0,0,0,0,0,0,0,0,0,2,2,0,0,0,2,0,0,0,0,0,0,0,0,1,0,2471,0,0,0,0,2471,0,0,0,0,0,0,0,0,0,0,0,0,0,1029,1029,3500,0,0,0,1029,0,0,0,0,0,206,0,1647,0,0,0,0,0,1647,0,0,3500,206,0,549,0,0,0,0,0,69,0,0,824,1,6.86264827327328
Mulvane Police Department,1973-07-01,Kansas,3285,KS09603,0,1,0,0,0,0,1,0,0,0,0,0,0,0,0,0,0,0,0,0,6,6,0,6,0,0,0,0,0,0,0,0,0,0,0,137,0,0,0,0,0,137,0,0,0,0,0,0,0,0,0,0,0,0,0,2265,2265,2402,0,2265,0,0,0,0,0,0,0,0,0,0,0,0,0,0,0,2402,0,0,2402,0,0,0,0,0,0,0,0,0,0,0,0,1,6.86264827327328
Mulvane Police Department,1973-06-01,Kansas,3285,KS09603,0,0,0,0,0,0,0,0,0,0,0,0,0,0,0,0,0,0,0,0,0,0,1,0,0,1,0,0,0,0,0,0,0,0,0,0,0,0,0,0,0,0,0,0,0,0,0,0,0,0,0,0,0,0,0,0,0,0,0,0,0,0,0,0,0,0,0,0,0,0,0,0,0,0,0,0,0,0,0,0,0,0,0,0,0,0,0,0,0,0,0,1,6.86264827327328
Mulvane Police Department,1973-05-01,Kansas,3285,KS09603,0,1,0,0,0,0,1,0,0,0,0,0,0,0,0,0,0,0,0,0,1,1,0,0,0,0,1,0,0,0,0,0,0,0,0,0,0,0,0,0,0,0,0,0,0,0,0,0,0,0,0,0,0,0,0,824,824,824,0,0,0,0,824,0,0,0,0,0,0,824,0,0,0,0,0,0,0,0,824,0,0,0,0,0,0,0,0,0,0,0,0,1,6.86264827327328
Mulvane Police Department,1973-04-01,Kansas,3285,KS09603,0,0,0,0,1,0,1,0,0,0,0,0,0,0,0,0,0,0,0,1,0,1,0,0,0,0,0,0,0,0,1,0,0,0,0,0,0,0,343,0,0,343,0,0,0,0,0,0,0,0,0,0,0,0,206,0,206,549,0,0,0,0,0,0,0,0,206,0,0,0,0,0,0,0,0,549,0,0,549,0,0,0,0,0,0,0,0,0,0,0,0,1,6.86264827327328
Mulvane Police Department,1973-03-01,Kansas,3285,KS09603,0,0,0,0,0,0,0,0,0,0,0,0,0,0,0,0,0,0,1,0,1,2,0,0,0,1,0,0,0,0,1,0,0,0,0,0,0,0,0,0,0,0,0,0,0,0,0,0,0,0,0,0,0,21,0,1201,1222,1222,0,0,0,21,0,0,0,0,1201,0,0,0,0,0,0,0,0,1222,0,0,1222,0,0,0,0,0,0,0,0,0,0,0,0,1,6.86264827327328
Mulvane Police Department,1973-02-01,Kansas,3285,KS09603,1,0,0,0,0,0,1,0,0,0,0,0,0,0,0,0,0,0,0,3,2,5,0,0,0,1,4,0,0,0,0,0,0,0,0,0,549,0,0,0,0,549,0,0,0,0,0,0,0,0,0,0,0,0,288,446,734,1283,0,0,0,446,288,0,0,0,0,0,0,549,0,0,0,0,0,734,0,0,1283,0,0,0,0,0,0,0,0,0,0,0,0,1,6.86264827327328
Mulvane Police Department,1973-01-01,Kansas,3285,KS09603,3,0,0,0,0,0,3,0,0,0,0,0,0,0,0,0,0,0,0,1,2,3,0,0,0,0,3,0,0,0,0,0,0,0,0,0,6067,0,0,0,0,6067,0,0,0,0,0,0,0,0,0,0,0,0,137,549,686,6753,0,0,0,0,686,0,0,0,0,0,0,240,0,0,4269,0,0,2313,0,0,6821,0,0,0,0,0,0,0,0,0,0,0,0,1,6.86264827327328
Mulvane Police Department,1972-12-01,Kansas,,KS09603,,,,,,,,,,,,,,,,,,,,,,,,,,,,,,,,,,,,,,,,,,,,,,,,,,,,,,,,,,,,,,,,,,,,,,,,,,,,,,,,,,,,,,,,,,,,,
Mulvane Police Department,1972-11-01,Kansas,,KS09603,,,,,,,,,,,,,,,,,,,,,,,,,,,,,,,,,,,,,,,,,,,,,,,,,,,,,,,,,,,,,,,,,,,,,,,,,,,,,,,,,,,,,,,,,,,,,
Mulvane Police Department,1972-10-01,Kansas,,KS09603,,,,,,,,,,,,,,,,,,,,,,,,,,,,,,,,,,,,,,,,,,,,,,,,,,,,,,,,,,,,,,,,,,,,,,,,,,,,,,,,,,,,,,,,,,,,,
Mulvane Police Department,1972-09-01,Kansas,,KS09603,,,,,,,,,,,,,,,,,,,,,,,,,,,,,,,,,,,,,,,,,,,,,,,,,,,,,,,,,,,,,,,,,,,,,,,,,,,,,,,,,,,,,,,,,,,,,
Mulvane Police Department,1972-08-01,Kansas,,KS09603,,,,,,,,,,,,,,,,,,,,,,,,,,,,,,,,,,,,,,,,,,,,,,,,,,,,,,,,,,,,,,,,,,,,,,,,,,,,,,,,,,,,,,,,,,,,,
Mulvane Police Department,1972-07-01,Kansas,,KS09603,,,,,,,,,,,,,,,,,,,,,,,,,,,,,,,,,,,,,,,,,,,,,,,,,,,,,,,,,,,,,,,,,,,,,,,,,,,,,,,,,,,,,,,,,,,,,
Mulvane Police Department,1972-06-01,Kansas,,KS09603,,,,,,,,,,,,,,,,,,,,,,,,,,,,,,,,,,,,,,,,,,,,,,,,,,,,,,,,,,,,,,,,,,,,,,,,,,,,,,,,,,,,,,,,,,,,,
Mulvane Police Department,1972-05-01,Kansas,,KS09603,,,,,,,,,,,,,,,,,,,,,,,,,,,,,,,,,,,,,,,,,,,,,,,,,,,,,,,,,,,,,,,,,,,,,,,,,,,,,,,,,,,,,,,,,,,,,
Mulvane Police Department,1972-04-01,Kansas,,KS09603,,,,,,,,,,,,,,,,,,,,,,,,,,,,,,,,,,,,,,,,,,,,,,,,,,,,,,,,,,,,,,,,,,,,,,,,,,,,,,,,,,,,,,,,,,,,,
Mulvane Police Department,1972-03-01,Kansas,,KS09603,,,,,,,,,,,,,,,,,,,,,,,,,,,,,,,,,,,,,,,,,,,,,,,,,,,,,,,,,,,,,,,,,,,,,,,,,,,,,,,,,,,,,,,,,,,,,
Mulvane Police Department,1972-02-01,Kansas,,KS09603,,,,,,,,,,,,,,,,,,,,,,,,,,,,,,,,,,,,,,,,,,,,,,,,,,,,,,,,,,,,,,,,,,,,,,,,,,,,,,,,,,,,,,,,,,,,,
Mulvane Police Department,1972-01-01,Kansas,,KS09603,,,,,,,,,,,,,,,,,,,,,,,,,,,,,,,,,,,,,,,,,,,,,,,,,,,,,,,,,,,,,,,,,,,,,,,,,,,,,,,,,,,,,,,,,,,,,
Mulvane Police Department,1971-12-01,Kansas,,KS09603,,,,,,,,,,,,,,,,,,,,,,,,,,,,,,,,,,,,,,,,,,,,,,,,,,,,,,,,,,,,,,,,,,,,,,,,,,,,,,,,,,,,,,,,,,,,,
Mulvane Police Department,1971-11-01,Kansas,,KS09603,,,,,,,,,,,,,,,,,,,,,,,,,,,,,,,,,,,,,,,,,,,,,,,,,,,,,,,,,,,,,,,,,,,,,,,,,,,,,,,,,,,,,,,,,,,,,
Mulvane Police Department,1971-10-01,Kansas,,KS09603,,,,,,,,,,,,,,,,,,,,,,,,,,,,,,,,,,,,,,,,,,,,,,,,,,,,,,,,,,,,,,,,,,,,,,,,,,,,,,,,,,,,,,,,,,,,,
Mulvane Police Department,1971-09-01,Kansas,,KS09603,,,,,,,,,,,,,,,,,,,,,,,,,,,,,,,,,,,,,,,,,,,,,,,,,,,,,,,,,,,,,,,,,,,,,,,,,,,,,,,,,,,,,,,,,,,,,
Mulvane Police Department,1971-08-01,Kansas,,KS09603,,,,,,,,,,,,,,,,,,,,,,,,,,,,,,,,,,,,,,,,,,,,,,,,,,,,,,,,,,,,,,,,,,,,,,,,,,,,,,,,,,,,,,,,,,,,,
Mulvane Police Department,1971-07-01,Kansas,,KS09603,,,,,,,,,,,,,,,,,,,,,,,,,,,,,,,,,,,,,,,,,,,,,,,,,,,,,,,,,,,,,,,,,,,,,,,,,,,,,,,,,,,,,,,,,,,,,
Mulvane Police Department,1971-06-01,Kansas,,KS09603,,,,,,,,,,,,,,,,,,,,,,,,,,,,,,,,,,,,,,,,,,,,,,,,,,,,,,,,,,,,,,,,,,,,,,,,,,,,,,,,,,,,,,,,,,,,,
Mulvane Police Department,1971-05-01,Kansas,,KS09603,,,,,,,,,,,,,,,,,,,,,,,,,,,,,,,,,,,,,,,,,,,,,,,,,,,,,,,,,,,,,,,,,,,,,,,,,,,,,,,,,,,,,,,,,,,,,
Mulvane Police Department,1971-04-01,Kansas,,KS09603,,,,,,,,,,,,,,,,,,,,,,,,,,,,,,,,,,,,,,,,,,,,,,,,,,,,,,,,,,,,,,,,,,,,,,,,,,,,,,,,,,,,,,,,,,,,,
Mulvane Police Department,1971-03-01,Kansas,,KS09603,,,,,,,,,,,,,,,,,,,,,,,,,,,,,,,,,,,,,,,,,,,,,,,,,,,,,,,,,,,,,,,,,,,,,,,,,,,,,,,,,,,,,,,,,,,,,
Mulvane Police Department,1971-02-01,Kansas,,KS09603,,,,,,,,,,,,,,,,,,,,,,,,,,,,,,,,,,,,,,,,,,,,,,,,,,,,,,,,,,,,,,,,,,,,,,,,,,,,,,,,,,,,,,,,,,,,,
Mulvane Police Department,1971-01-01,Kansas,,KS09603,,,,,,,,,,,,,,,,,,,,,,,,,,,,,,,,,,,,,,,,,,,,,,,,,,,,,,,,,,,,,,,,,,,,,,,,,,,,,,,,,,,,,,,,,,,,,
Mulvane Police Department,1970-12-01,Kansas,,KS09603,,,,,,,,,,,,,,,,,,,,,,,,,,,,,,,,,,,,,,,,,,,,,,,,,,,,,,,,,,,,,,,,,,,,,,,,,,,,,,,,,,,,,,,,,,,,,
Mulvane Police Department,1970-11-01,Kansas,,KS09603,,,,,,,,,,,,,,,,,,,,,,,,,,,,,,,,,,,,,,,,,,,,,,,,,,,,,,,,,,,,,,,,,,,,,,,,,,,,,,,,,,,,,,,,,,,,,
Mulvane Police Department,1970-10-01,Kansas,,KS09603,,,,,,,,,,,,,,,,,,,,,,,,,,,,,,,,,,,,,,,,,,,,,,,,,,,,,,,,,,,,,,,,,,,,,,,,,,,,,,,,,,,,,,,,,,,,,
Mulvane Police Department,1970-09-01,Kansas,,KS09603,,,,,,,,,,,,,,,,,,,,,,,,,,,,,,,,,,,,,,,,,,,,,,,,,,,,,,,,,,,,,,,,,,,,,,,,,,,,,,,,,,,,,,,,,,,,,
Mulvane Police Department,1970-08-01,Kansas,,KS09603,,,,,,,,,,,,,,,,,,,,,,,,,,,,,,,,,,,,,,,,,,,,,,,,,,,,,,,,,,,,,,,,,,,,,,,,,,,,,,,,,,,,,,,,,,,,,
Mulvane Police Department,1970-07-01,Kansas,,KS09603,,,,,,,,,,,,,,,,,,,,,,,,,,,,,,,,,,,,,,,,,,,,,,,,,,,,,,,,,,,,,,,,,,,,,,,,,,,,,,,,,,,,,,,,,,,,,
Mulvane Police Department,1970-06-01,Kansas,,KS09603,,,,,,,,,,,,,,,,,,,,,,,,,,,,,,,,,,,,,,,,,,,,,,,,,,,,,,,,,,,,,,,,,,,,,,,,,,,,,,,,,,,,,,,,,,,,,
Mulvane Police Department,1970-05-01,Kansas,,KS09603,,,,,,,,,,,,,,,,,,,,,,,,,,,,,,,,,,,,,,,,,,,,,,,,,,,,,,,,,,,,,,,,,,,,,,,,,,,,,,,,,,,,,,,,,,,,,
Mulvane Police Department,1970-04-01,Kansas,,KS09603,,,,,,,,,,,,,,,,,,,,,,,,,,,,,,,,,,,,,,,,,,,,,,,,,,,,,,,,,,,,,,,,,,,,,,,,,,,,,,,,,,,,,,,,,,,,,
Mulvane Police Department,1970-03-01,Kansas,,KS09603,,,,,,,,,,,,,,,,,,,,,,,,,,,,,,,,,,,,,,,,,,,,,,,,,,,,,,,,,,,,,,,,,,,,,,,,,,,,,,,,,,,,,,,,,,,,,
Mulvane Police Department,1970-02-01,Kansas,,KS09603,,,,,,,,,,,,,,,,,,,,,,,,,,,,,,,,,,,,,,,,,,,,,,,,,,,,,,,,,,,,,,,,,,,,,,,,,,,,,,,,,,,,,,,,,,,,,
Mulvane Police Department,1970-01-01,Kansas,,KS09603,,,,,,,,,,,,,,,,,,,,,,,,,,,,,,,,,,,,,,,,,,,,,,,,,,,,,,,,,,,,,,,,,,,,,,,,,,,,,,,,,,,,,,,,,,,,,
Mulvane Police Department,1969-12-01,Kansas,,KS09603,,,,,,,,,,,,,,,,,,,,,,,,,,,,,,,,,,,,,,,,,,,,,,,,,,,,,,,,,,,,,,,,,,,,,,,,,,,,,,,,,,,,,,,,,,,,,
Mulvane Police Department,1969-11-01,Kansas,,KS09603,,,,,,,,,,,,,,,,,,,,,,,,,,,,,,,,,,,,,,,,,,,,,,,,,,,,,,,,,,,,,,,,,,,,,,,,,,,,,,,,,,,,,,,,,,,,,
Mulvane Police Department,1969-10-01,Kansas,,KS09603,,,,,,,,,,,,,,,,,,,,,,,,,,,,,,,,,,,,,,,,,,,,,,,,,,,,,,,,,,,,,,,,,,,,,,,,,,,,,,,,,,,,,,,,,,,,,
Mulvane Police Department,1969-09-01,Kansas,,KS09603,,,,,,,,,,,,,,,,,,,,,,,,,,,,,,,,,,,,,,,,,,,,,,,,,,,,,,,,,,,,,,,,,,,,,,,,,,,,,,,,,,,,,,,,,,,,,
Mulvane Police Department,1969-08-01,Kansas,,KS09603,,,,,,,,,,,,,,,,,,,,,,,,,,,,,,,,,,,,,,,,,,,,,,,,,,,,,,,,,,,,,,,,,,,,,,,,,,,,,,,,,,,,,,,,,,,,,
Mulvane Police Department,1969-07-01,Kansas,,KS09603,,,,,,,,,,,,,,,,,,,,,,,,,,,,,,,,,,,,,,,,,,,,,,,,,,,,,,,,,,,,,,,,,,,,,,,,,,,,,,,,,,,,,,,,,,,,,
Mulvane Police Department,1969-06-01,Kansas,,KS09603,,,,,,,,,,,,,,,,,,,,,,,,,,,,,,,,,,,,,,,,,,,,,,,,,,,,,,,,,,,,,,,,,,,,,,,,,,,,,,,,,,,,,,,,,,,,,
Mulvane Police Department,1969-05-01,Kansas,,KS09603,,,,,,,,,,,,,,,,,,,,,,,,,,,,,,,,,,,,,,,,,,,,,,,,,,,,,,,,,,,,,,,,,,,,,,,,,,,,,,,,,,,,,,,,,,,,,
Mulvane Police Department,1969-04-01,Kansas,,KS09603,,,,,,,,,,,,,,,,,,,,,,,,,,,,,,,,,,,,,,,,,,,,,,,,,,,,,,,,,,,,,,,,,,,,,,,,,,,,,,,,,,,,,,,,,,,,,
Mulvane Police Department,1969-03-01,Kansas,,KS09603,,,,,,,,,,,,,,,,,,,,,,,,,,,,,,,,,,,,,,,,,,,,,,,,,,,,,,,,,,,,,,,,,,,,,,,,,,,,,,,,,,,,,,,,,,,,,
Mulvane Police Department,1969-02-01,Kansas,,KS09603,,,,,,,,,,,,,,,,,,,,,,,,,,,,,,,,,,,,,,,,,,,,,,,,,,,,,,,,,,,,,,,,,,,,,,,,,,,,,,,,,,,,,,,,,,,,,
Mulvane Police Department,1969-01-01,Kansas,,KS09603,,,,,,,,,,,,,,,,,,,,,,,,,,,,,,,,,,,,,,,,,,,,,,,,,,,,,,,,,,,,,,,,,,,,,,,,,,,,,,,,,,,,,,,,,,,,,
Mulvane Police Department,1968-12-01,Kansas,,KS09603,,,,,,,,,,,,,,,,,,,,,,,,,,,,,,,,,,,,,,,,,,,,,,,,,,,,,,,,,,,,,,,,,,,,,,,,,,,,,,,,,,,,,,,,,,,,,
Mulvane Police Department,1968-11-01,Kansas,,KS09603,,,,,,,,,,,,,,,,,,,,,,,,,,,,,,,,,,,,,,,,,,,,,,,,,,,,,,,,,,,,,,,,,,,,,,,,,,,,,,,,,,,,,,,,,,,,,
Mulvane Police Department,1968-10-01,Kansas,,KS09603,,,,,,,,,,,,,,,,,,,,,,,,,,,,,,,,,,,,,,,,,,,,,,,,,,,,,,,,,,,,,,,,,,,,,,,,,,,,,,,,,,,,,,,,,,,,,
Mulvane Police Department,1968-09-01,Kansas,,KS09603,,,,,,,,,,,,,,,,,,,,,,,,,,,,,,,,,,,,,,,,,,,,,,,,,,,,,,,,,,,,,,,,,,,,,,,,,,,,,,,,,,,,,,,,,,,,,
Mulvane Police Department,1968-08-01,Kansas,,KS09603,,,,,,,,,,,,,,,,,,,,,,,,,,,,,,,,,,,,,,,,,,,,,,,,,,,,,,,,,,,,,,,,,,,,,,,,,,,,,,,,,,,,,,,,,,,,,
Mulvane Police Department,1968-07-01,Kansas,,KS09603,,,,,,,,,,,,,,,,,,,,,,,,,,,,,,,,,,,,,,,,,,,,,,,,,,,,,,,,,,,,,,,,,,,,,,,,,,,,,,,,,,,,,,,,,,,,,
Mulvane Police Department,1968-06-01,Kansas,,KS09603,,,,,,,,,,,,,,,,,,,,,,,,,,,,,,,,,,,,,,,,,,,,,,,,,,,,,,,,,,,,,,,,,,,,,,,,,,,,,,,,,,,,,,,,,,,,,
Mulvane Police Department,1968-05-01,Kansas,,KS09603,,,,,,,,,,,,,,,,,,,,,,,,,,,,,,,,,,,,,,,,,,,,,,,,,,,,,,,,,,,,,,,,,,,,,,,,,,,,,,,,,,,,,,,,,,,,,
Mulvane Police Department,1968-04-01,Kansas,,KS09603,,,,,,,,,,,,,,,,,,,,,,,,,,,,,,,,,,,,,,,,,,,,,,,,,,,,,,,,,,,,,,,,,,,,,,,,,,,,,,,,,,,,,,,,,,,,,
Mulvane Police Department,1968-03-01,Kansas,,KS09603,,,,,,,,,,,,,,,,,,,,,,,,,,,,,,,,,,,,,,,,,,,,,,,,,,,,,,,,,,,,,,,,,,,,,,,,,,,,,,,,,,,,,,,,,,,,,
Mulvane Police Department,1968-02-01,Kansas,,KS09603,,,,,,,,,,,,,,,,,,,,,,,,,,,,,,,,,,,,,,,,,,,,,,,,,,,,,,,,,,,,,,,,,,,,,,,,,,,,,,,,,,,,,,,,,,,,,
Mulvane Police Department,1968-01-01,Kansas,,KS09603,,,,,,,,,,,,,,,,,,,,,,,,,,,,,,,,,,,,,,,,,,,,,,,,,,,,,,,,,,,,,,,,,,,,,,,,,,,,,,,,,,,,,,,,,,,,,
Mulvane Police Department,1967-12-01,Kansas,3338,KS09603,0,0,0,0,0,0,0,0,0,0,0,0,0,0,0,0,0,0,0,0,0,0,0,0,0,0,0,0,0,0,0,0,0,0,0,0,0,0,0,0,0,0,0,0,0,0,0,0,0,0,0,0,0,0,0,0,0,0,0,0,0,0,0,0,0,0,0,0,0,0,0,0,0,0,0,0,0,0,0,0,0,0,0,0,0,0,0,0,0,0,0,1,9.13419685236073
Mulvane Police Department,1967-11-01,Kansas,3338,KS09603,0,0,0,0,0,0,0,0,0,0,0,0,0,0,0,0,0,0,0,0,0,0,0,0,0,0,0,0,0,0,0,0,0,0,0,0,0,0,0,0,0,0,0,0,0,0,0,0,0,0,0,0,0,0,0,0,0,0,0,0,0,0,0,0,0,0,0,0,0,0,0,0,0,0,0,0,0,0,0,0,0,0,0,0,0,0,0,0,0,0,0,1,9.13419685236073
Mulvane Police Department,1967-10-01,Kansas,3338,KS09603,0,0,0,0,0,0,0,0,0,0,0,0,0,0,0,0,0,0,0,0,0,0,0,0,0,0,0,0,0,0,0,0,0,0,0,0,0,0,0,0,0,0,0,0,0,0,0,0,0,0,0,0,0,0,0,0,0,0,0,0,0,0,0,0,0,0,0,0,0,0,0,0,0,0,0,0,0,0,0,0,0,0,0,0,0,0,0,0,0,0,0,1,9.13419685236073
Mulvane Police Department,1967-09-01,Kansas,3338,KS09603,0,0,0,0,0,0,0,0,0,0,0,0,0,0,0,0,0,0,0,0,0,0,0,0,0,0,0,0,0,0,0,0,0,0,0,0,0,0,0,0,0,0,0,0,0,0,0,0,0,0,0,0,0,0,0,0,0,0,0,0,0,0,0,0,0,0,0,0,0,0,0,0,0,0,0,0,0,0,0,0,0,0,0,0,0,0,0,0,0,0,0,1,9.13419685236073
Mulvane Police Department,1967-08-01,Kansas,3338,KS09603,0,0,0,0,0,0,0,0,0,0,0,0,0,0,0,0,0,0,0,0,0,0,0,0,0,0,0,0,0,0,0,0,0,0,0,0,0,0,0,0,0,0,0,0,0,0,0,0,0,0,0,0,0,0,0,0,0,0,0,0,0,0,0,0,0,0,0,0,0,0,0,0,0,0,0,0,0,0,0,0,0,0,0,0,0,0,0,0,0,0,0,1,9.13419685236073
Mulvane Police Department,1967-07-01,Kansas,3338,KS09603,0,0,0,0,0,0,0,0,0,0,0,0,0,0,0,0,0,0,0,0,0,0,0,0,0,0,0,0,0,0,0,0,0,0,0,0,0,0,0,0,0,0,0,0,0,0,0,0,0,0,0,0,0,0,0,0,0,0,0,0,0,0,0,0,0,0,0,0,0,0,0,0,0,0,0,0,0,0,0,0,0,0,0,0,0,0,0,0,0,0,0,1,9.13419685236073
Mulvane Police Department,1967-06-01,Kansas,3338,KS09603,0,0,0,0,0,0,0,0,0,0,0,0,0,0,0,0,0,0,0,0,0,0,0,0,0,0,0,0,0,0,0,0,0,0,0,0,0,0,0,0,0,0,0,0,0,0,0,0,0,0,0,0,0,0,0,0,0,0,0,0,0,0,0,0,0,0,0,0,0,0,0,0,0,0,0,0,0,0,0,0,0,0,0,0,0,0,0,0,0,0,0,1,9.13419685236073
Mulvane Police Department,1967-05-01,Kansas,3338,KS09603,0,0,0,0,0,0,0,0,0,0,0,0,0,0,0,0,0,0,0,0,0,0,0,0,0,0,0,0,0,0,0,0,0,0,0,0,0,0,0,0,0,0,0,0,0,0,0,0,0,0,0,0,0,0,0,0,0,0,0,0,0,0,0,0,0,0,0,0,0,0,0,0,0,0,0,0,0,0,0,0,0,0,0,0,0,0,0,0,0,0,0,1,9.13419685236073
Mulvane Police Department,1967-04-01,Kansas,3338,KS09603,0,0,0,0,0,0,0,0,0,0,0,0,0,0,0,0,0,0,0,0,0,0,0,0,0,0,0,0,0,0,0,0,0,0,0,0,0,0,0,0,0,0,0,0,0,0,0,0,0,0,0,0,0,0,0,0,0,0,0,0,0,0,0,0,0,0,0,0,0,0,0,0,0,0,0,0,0,0,0,0,0,0,0,0,0,0,0,0,0,0,0,1,9.13419685236073
Mulvane Police Department,1967-03-01,Kansas,3338,KS09603,0,0,0,0,0,0,0,0,0,0,0,0,0,0,0,0,0,0,0,0,0,0,0,0,0,0,0,0,0,0,0,0,0,0,0,0,0,0,0,0,0,0,0,0,0,0,0,0,0,0,0,0,0,0,0,0,0,0,0,0,0,0,0,0,0,0,0,0,0,0,0,0,0,0,0,0,0,0,0,0,0,0,0,0,0,0,0,0,0,0,0,1,9.13419685236073
Mulvane Police Department,1967-02-01,Kansas,3338,KS09603,0,0,0,0,0,0,0,0,0,0,0,0,0,0,0,0,0,0,0,0,0,0,0,0,0,0,0,0,0,0,0,0,0,0,0,0,0,0,0,0,0,0,0,0,0,0,0,0,0,0,0,0,0,0,0,0,0,0,0,0,0,0,0,0,0,0,0,0,0,0,0,0,0,0,0,0,0,0,0,0,0,0,0,0,0,0,0,0,0,0,0,1,9.13419685236073
Mulvane Police Department,1967-01-01,Kansas,3338,KS09603,0,0,0,0,0,0,0,0,0,0,0,0,0,0,0,0,0,0,0,0,0,0,0,0,0,0,0,0,0,0,0,0,0,0,0,0,0,0,0,0,0,0,0,0,0,0,0,0,0,0,0,0,0,0,0,0,0,0,0,0,0,0,0,0,0,0,0,0,0,0,0,0,0,0,0,0,0,0,0,0,0,0,0,0,0,0,0,0,0,0,0,1,9.13419685236073
Mulvane Police Department,1966-12-01,Kansas,3269,KS09603,0,0,0,0,0,0,0,0,0,0,0,0,0,0,0,0,0,0,0,0,0,0,0,0,0,0,0,0,0,0,0,0,0,0,0,0,0,0,0,0,0,0,0,0,0,0,0,0,0,0,0,0,0,0,0,0,0,0,0,0,0,0,0,0,0,0,0,0,0,0,0,0,0,0,0,0,0,0,0,0,0,0,0,0,0,0,0,0,0,0,0,1,9.38746854942234
Mulvane Police Department,1966-11-01,Kansas,3269,KS09603,0,0,0,0,0,0,0,0,0,0,0,0,0,0,0,0,0,0,0,0,0,0,0,0,0,0,0,0,0,0,0,0,0,0,0,0,0,0,0,0,0,0,0,0,0,0,0,0,0,0,0,0,0,0,0,0,0,0,0,0,0,0,0,0,0,0,0,0,0,0,0,0,0,0,0,0,0,0,0,0,0,0,0,0,0,0,0,0,0,0,0,1,9.38746854942234
Mulvane Police Department,1966-10-01,Kansas,3269,KS09603,0,0,0,0,0,0,0,0,0,0,0,0,0,0,0,0,0,0,0,0,0,0,0,0,0,0,0,0,0,0,0,0,0,0,0,0,0,0,0,0,0,0,0,0,0,0,0,0,0,0,0,0,0,0,0,0,0,0,0,0,0,0,0,0,0,0,0,0,0,0,0,0,0,0,0,0,0,0,0,0,0,0,0,0,0,0,0,0,0,0,0,1,9.38746854942234
Mulvane Police Department,1966-09-01,Kansas,3269,KS09603,0,0,0,0,0,0,0,0,0,0,0,0,0,0,0,0,0,0,0,0,0,0,0,0,0,0,0,0,0,0,0,0,0,0,0,0,0,0,0,0,0,0,0,0,0,0,0,0,0,0,0,0,0,0,0,0,0,0,0,0,0,0,0,0,0,0,0,0,0,0,0,0,0,0,0,0,0,0,0,0,0,0,0,0,0,0,0,0,0,0,0,1,9.38746854942234
Mulvane Police Department,1966-08-01,Kansas,3269,KS09603,0,0,0,0,0,0,0,0,0,0,0,0,0,0,0,0,0,0,0,0,0,0,0,0,0,0,0,0,0,0,0,0,0,0,0,0,0,0,0,0,0,0,0,0,0,0,0,0,0,0,0,0,0,0,0,0,0,0,0,0,0,0,0,0,0,0,0,0,0,0,0,0,0,0,0,0,0,0,0,0,0,0,0,0,0,0,0,0,0,0,0,1,9.38746854942234
Mulvane Police Department,1966-07-01,Kansas,3269,KS09603,0,0,0,0,0,0,0,0,0,0,0,0,0,0,0,0,0,0,0,0,0,0,0,0,0,0,0,0,0,0,0,0,0,0,0,0,0,0,0,0,0,0,0,0,0,0,0,0,0,0,0,0,0,0,0,0,0,0,0,0,0,0,0,0,0,0,0,0,0,0,0,0,0,0,0,0,0,0,0,0,0,0,0,0,0,0,0,0,0,0,0,1,9.38746854942234
Mulvane Police Department,1966-06-01,Kansas,3269,KS09603,0,0,0,0,0,0,0,0,0,0,0,0,0,0,0,0,0,0,0,0,0,0,0,0,0,0,0,0,0,0,0,0,0,0,0,0,0,0,0,0,0,0,0,0,0,0,0,0,0,0,0,0,0,0,0,0,0,0,0,0,0,0,0,0,0,0,0,0,0,0,0,0,0,0,0,0,0,0,0,0,0,0,0,0,0,0,0,0,0,0,0,1,9.38746854942234
Mulvane Police Department,1966-05-01,Kansas,3269,KS09603,0,0,0,0,0,0,0,0,0,0,0,0,0,0,0,0,0,0,0,0,0,0,0,0,0,0,0,0,0,0,0,0,0,0,0,0,0,0,0,0,0,0,0,0,0,0,0,0,0,0,0,0,0,0,0,0,0,0,0,0,0,0,0,0,0,0,0,0,0,0,0,0,0,0,0,0,0,0,0,0,0,0,0,0,0,0,0,0,0,0,0,1,9.38746854942234
Mulvane Police Department,1966-04-01,Kansas,3269,KS09603,0,0,0,0,0,0,0,0,0,0,0,0,0,0,0,0,0,0,0,0,0,0,0,0,0,0,0,0,0,0,0,0,0,0,0,0,0,0,0,0,0,0,0,0,0,0,0,0,0,0,0,0,0,0,0,0,0,0,0,0,0,0,0,0,0,0,0,0,0,0,0,0,0,0,0,0,0,0,0,0,0,0,0,0,0,0,0,0,0,0,0,1,9.38746854942234
Mulvane Police Department,1966-03-01,Kansas,3269,KS09603,0,0,0,0,0,0,0,0,0,0,0,0,0,0,0,0,0,0,0,0,0,0,0,0,0,0,0,0,0,0,0,0,0,0,0,0,0,0,0,0,0,0,0,0,0,0,0,0,0,0,0,0,0,0,0,0,0,0,0,0,0,0,0,0,0,0,0,0,0,0,0,0,0,0,0,0,0,0,0,0,0,0,0,0,0,0,0,0,0,0,0,1,9.38746854942234
Mulvane Police Department,1966-02-01,Kansas,3269,KS09603,0,0,0,0,0,0,0,0,0,0,0,0,0,0,0,0,0,0,0,0,0,0,0,0,0,0,0,0,0,0,0,0,0,0,0,0,0,0,0,0,0,0,0,0,0,0,0,0,0,0,0,0,0,0,0,0,0,0,0,0,0,0,0,0,0,0,0,0,0,0,0,0,0,0,0,0,0,0,0,0,0,0,0,0,0,0,0,0,0,0,0,1,9.38746854942234
Mulvane Police Department,1966-01-01,Kansas,3269,KS09603,0,0,0,0,0,0,0,0,0,0,0,0,0,0,0,0,0,0,0,0,0,0,0,0,0,0,0,0,0,0,0,0,0,0,0,0,0,0,0,0,0,0,0,0,0,0,0,0,0,0,0,0,0,0,0,0,0,0,0,0,0,0,0,0,0,0,0,0,0,0,0,0,0,0,0,0,0,0,0,0,0,0,0,0,0,0,0,0,0,0,0,1,9.38746854942234
Mulvane Police Department,1965-12-01,Kansas,3077,KS09603,0,0,0,0,0,0,0,0,0,0,0,0,0,0,0,0,0,0,0,0,0,0,0,0,0,0,0,0,0,0,0,0,0,0,0,0,0,0,0,0,0,0,0,0,0,0,0,0,0,0,0,0,0,0,0,0,0,0,0,0,0,0,0,0,0,0,0,0,0,0,0,0,0,0,0,0,0,0,0,0,0,0,0,0,0,0,0,0,0,0,0,1,9.67050780216874
Mulvane Police Department,1965-11-01,Kansas,3077,KS09603,0,0,0,0,0,0,0,0,0,0,0,0,0,0,0,0,0,0,0,0,0,0,0,0,0,0,0,0,0,0,0,0,0,0,0,0,0,0,0,0,0,0,0,0,0,0,0,0,0,0,0,0,0,0,0,0,0,0,0,0,0,0,0,0,0,0,0,0,0,0,0,0,0,0,0,0,0,0,0,0,0,0,0,0,0,0,0,0,0,0,0,1,9.67050780216874
Mulvane Police Department,1965-10-01,Kansas,3077,KS09603,0,0,0,0,0,0,0,0,0,0,0,0,0,0,0,0,0,0,0,0,0,0,0,0,0,0,0,0,0,0,0,0,0,0,0,0,0,0,0,0,0,0,0,0,0,0,0,0,0,0,0,0,0,0,0,0,0,0,0,0,0,0,0,0,0,0,0,0,0,0,0,0,0,0,0,0,0,0,0,0,0,0,0,0,0,0,0,0,0,0,0,1,9.67050780216874
Mulvane Police Department,1965-09-01,Kansas,3077,KS09603,0,0,0,0,0,0,0,0,0,0,0,0,0,0,0,0,0,0,0,0,0,0,0,0,0,0,0,0,0,0,0,0,0,0,0,0,0,0,0,0,0,0,0,0,0,0,0,0,0,0,0,0,0,0,0,0,0,0,0,0,0,0,0,0,0,0,0,0,0,0,0,0,0,0,0,0,0,0,0,0,0,0,0,0,0,0,0,0,0,0,0,1,9.67050780216874
Mulvane Police Department,1965-08-01,Kansas,3077,KS09603,0,0,0,0,0,0,0,0,0,0,0,0,0,0,0,0,0,0,0,0,0,0,0,0,0,0,0,0,0,0,0,0,0,0,0,0,0,0,0,0,0,0,0,0,0,0,0,0,0,0,0,0,0,0,0,0,0,0,0,0,0,0,0,0,0,0,0,0,0,0,0,0,0,0,0,0,0,0,0,0,0,0,0,0,0,0,0,0,0,0,0,1,9.67050780216874
Mulvane Police Department,1965-07-01,Kansas,3077,KS09603,0,0,0,0,0,0,0,0,0,0,0,0,0,0,0,0,0,0,0,0,0,0,0,0,0,0,0,0,0,0,0,0,0,0,0,0,0,0,0,0,0,0,0,0,0,0,0,0,0,0,0,0,0,0,0,0,0,0,0,0,0,0,0,0,0,0,0,0,0,0,0,0,0,0,0,0,0,0,0,0,0,0,0,0,0,0,0,0,0,0,0,1,9.67050780216874
Mulvane Police Department,1965-06-01,Kansas,3077,KS09603,0,0,0,0,0,0,0,0,0,0,0,0,0,0,0,0,0,0,0,0,0,0,0,0,0,0,0,0,0,0,0,0,0,0,0,0,0,0,0,0,0,0,0,0,0,0,0,0,0,0,0,0,0,0,0,0,0,0,0,0,0,0,0,0,0,0,0,0,0,0,0,0,0,0,0,0,0,0,0,0,0,0,0,0,0,0,0,0,0,0,0,1,9.67050780216874
Mulvane Police Department,1965-05-01,Kansas,3077,KS09603,0,0,0,0,0,0,0,0,0,0,0,0,0,0,0,0,0,0,0,0,0,0,0,0,0,0,0,0,0,0,0,0,0,0,0,0,0,0,0,0,0,0,0,0,0,0,0,0,0,0,0,0,0,0,0,0,0,0,0,0,0,0,0,0,0,0,0,0,0,0,0,0,0,0,0,0,0,0,0,0,0,0,0,0,0,0,0,0,0,0,0,1,9.67050780216874
Mulvane Police Department,1965-04-01,Kansas,3077,KS09603,0,0,0,0,0,0,0,0,0,0,0,0,0,0,0,0,0,0,0,0,0,0,0,0,0,0,0,0,0,0,0,0,0,0,0,0,0,0,0,0,0,0,0,0,0,0,0,0,0,0,0,0,0,0,0,0,0,0,0,0,0,0,0,0,0,0,0,0,0,0,0,0,0,0,0,0,0,0,0,0,0,0,0,0,0,0,0,0,0,0,0,1,9.67050780216874
Mulvane Police Department,1965-03-01,Kansas,3077,KS09603,0,0,0,0,0,0,0,0,0,0,0,0,0,0,0,0,0,0,0,0,0,0,0,0,0,0,0,0,0,0,0,0,0,0,0,0,0,0,0,0,0,0,0,0,0,0,0,0,0,0,0,0,0,0,0,0,0,0,0,0,0,0,0,0,0,0,0,0,0,0,0,0,0,0,0,0,0,0,0,0,0,0,0,0,0,0,0,0,0,0,0,1,9.67050780216874
Mulvane Police Department,1965-02-01,Kansas,3077,KS09603,0,0,0,0,0,0,0,0,0,0,0,0,0,0,0,0,0,0,0,0,0,0,0,0,0,0,0,0,0,0,0,0,0,0,0,0,0,0,0,0,0,0,0,0,0,0,0,0,0,0,0,0,0,0,0,0,0,0,0,0,0,0,0,0,0,0,0,0,0,0,0,0,0,0,0,0,0,0,0,0,0,0,0,0,0,0,0,0,0,0,0,1,9.67050780216874
Mulvane Police Department,1965-01-01,Kansas,3077,KS09603,0,0,0,0,0,0,0,0,0,0,0,0,0,0,0,0,0,0,0,0,0,0,0,0,0,0,0,0,0,0,0,0,0,0,0,0,0,0,0,0,0,0,0,0,0,0,0,0,0,0,0,0,0,0,0,0,0,0,0,0,0,0,0,0,0,0,0,0,0,0,0,0,0,0,0,0,0,0,0,0,0,0,0,0,0,0,0,0,0,0,0,1,9.67050780216874
Mulvane Police Department,1964-12-01,Kansas,3104,KS09603,0,0,0,0,0,0,0,0,0,0,0,0,0,0,0,0,0,0,0,0,0,0,0,0,0,0,0,0,0,0,0,0,0,0,0,0,0,0,0,0,0,0,0,0,0,0,0,0,0,0,0,0,0,0,0,0,0,0,0,0,0,0,0,0,0,0,0,0,0,0,0,0,0,0,0,0,0,0,0,0,0,0,0,0,0,0,0,0,0,0,0,1,9.82380171950564
Mulvane Police Department,1964-11-01,Kansas,3104,KS09603,0,0,0,0,0,0,0,0,0,0,0,0,0,0,0,0,0,0,0,0,0,0,0,0,0,0,0,0,0,0,0,0,0,0,0,0,0,0,0,0,0,0,0,0,0,0,0,0,0,0,0,0,0,0,0,0,0,0,0,0,0,0,0,0,0,0,0,0,0,0,0,0,0,0,0,0,0,0,0,0,0,0,0,0,0,0,0,0,0,0,0,1,9.82380171950564
Mulvane Police Department,1964-10-01,Kansas,3104,KS09603,0,0,0,0,0,0,0,0,0,0,0,0,0,0,0,0,0,0,0,0,0,0,0,0,0,0,0,0,0,0,0,0,0,0,0,0,0,0,0,0,0,0,0,0,0,0,0,0,0,0,0,0,0,0,0,0,0,0,0,0,0,0,0,0,0,0,0,0,0,0,0,0,0,0,0,0,0,0,0,0,0,0,0,0,0,0,0,0,0,0,0,1,9.82380171950564
Mulvane Police Department,1964-09-01,Kansas,3104,KS09603,0,0,0,0,0,0,0,0,0,0,0,0,0,0,0,0,0,0,0,0,0,0,0,0,0,0,0,0,0,0,0,0,0,0,0,0,0,0,0,0,0,0,0,0,0,0,0,0,0,0,0,0,0,0,0,0,0,0,0,0,0,0,0,0,0,0,0,0,0,0,0,0,0,0,0,0,0,0,0,0,0,0,0,0,0,0,0,0,0,0,0,1,9.82380171950564
Mulvane Police Department,1964-08-01,Kansas,3104,KS09603,0,0,0,0,0,0,0,0,0,0,0,0,0,0,0,0,0,0,0,0,0,0,0,0,0,0,0,0,0,0,0,0,0,0,0,0,0,0,0,0,0,0,0,0,0,0,0,0,0,0,0,0,0,0,0,0,0,0,0,0,0,0,0,0,0,0,0,0,0,0,0,0,0,0,0,0,0,0,0,0,0,0,0,0,0,0,0,0,0,0,0,1,9.82380171950564
Mulvane Police Department,1964-07-01,Kansas,3104,KS09603,0,0,0,0,0,0,0,0,0,0,0,0,0,0,0,0,0,0,0,0,0,0,0,0,0,0,0,0,0,0,0,0,0,0,0,0,0,0,0,0,0,0,0,0,0,0,0,0,0,0,0,0,0,0,0,0,0,0,0,0,0,0,0,0,0,0,0,0,0,0,0,0,0,0,0,0,0,0,0,0,0,0,0,0,0,0,0,0,0,0,0,1,9.82380171950564
Mulvane Police Department,1964-06-01,Kansas,3104,KS09603,0,0,0,0,0,0,0,0,0,0,0,0,0,0,0,0,0,0,0,0,0,0,0,0,0,0,0,0,0,0,0,0,0,0,0,0,0,0,0,0,0,0,0,0,0,0,0,0,0,0,0,0,0,0,0,0,0,0,0,0,0,0,0,0,0,0,0,0,0,0,0,0,0,0,0,0,0,0,0,0,0,0,0,0,0,0,0,0,0,0,0,1,9.82380171950564
Mulvane Police Department,1964-05-01,Kansas,3104,KS09603,0,0,0,0,0,0,0,0,0,0,0,0,0,0,0,0,0,0,0,0,0,0,0,0,0,0,0,0,0,0,0,0,0,0,0,0,0,0,0,0,0,0,0,0,0,0,0,0,0,0,0,0,0,0,0,0,0,0,0,0,0,0,0,0,0,0,0,0,0,0,0,0,0,0,0,0,0,0,0,0,0,0,0,0,0,0,0,0,0,0,0,1,9.82380171950564
Mulvane Police Department,1964-04-01,Kansas,3104,KS09603,0,0,0,0,0,0,0,0,0,0,0,0,0,0,0,0,0,0,0,0,0,0,0,0,0,0,0,0,0,0,0,0,0,0,0,0,0,0,0,0,0,0,0,0,0,0,0,0,0,0,0,0,0,0,0,0,0,0,0,0,0,0,0,0,0,0,0,0,0,0,0,0,0,0,0,0,0,0,0,0,0,0,0,0,0,0,0,0,0,0,0,1,9.82380171950564
Mulvane Police Department,1964-03-01,Kansas,3104,KS09603,0,0,0,0,0,0,0,0,0,0,0,0,0,0,0,0,0,0,0,0,0,0,0,0,0,0,0,0,0,0,0,0,0,0,0,0,0,0,0,0,0,0,0,0,0,0,0,0,0,0,0,0,0,0,0,0,0,0,0,0,0,0,0,0,0,0,0,0,0,0,0,0,0,0,0,0,0,0,0,0,0,0,0,0,0,0,0,0,0,0,0,1,9.82380171950564
Mulvane Police Department,1964-02-01,Kansas,3104,KS09603,0,0,0,0,0,0,0,0,0,0,0,0,0,0,0,0,0,0,0,0,0,0,0,0,0,0,0,0,0,0,0,0,0,0,0,0,0,0,0,0,0,0,0,0,0,0,0,0,0,0,0,0,0,0,0,0,0,0,0,0,0,0,0,0,0,0,0,0,0,0,0,0,0,0,0,0,0,0,0,0,0,0,0,0,0,0,0,0,0,0,0,1,9.82380171950564
Mulvane Police Department,1964-01-01,Kansas,3104,KS09603,0,0,0,0,0,0,0,0,0,0,0,0,0,0,0,0,0,0,0,0,0,0,0,0,0,0,0,0,0,0,0,0,0,0,0,0,0,0,0,0,0,0,0,0,0,0,0,0,0,0,0,0,0,0,0,0,0,0,0,0,0,0,0,0,0,0,0,0,0,0,0,0,0,0,0,0,0,0,0,0,0,0,0,0,0,0,0,0,0,0,0,1,9.82380171950564
Mulvane Police Department,1963-12-01,Kansas,3049,KS09603,0,0,0,0,0,0,0,0,0,0,0,0,0,0,0,0,0,0,0,0,0,0,0,0,0,0,0,0,0,0,0,0,0,0,0,0,0,0,0,0,0,0,0,0,0,0,0,0,0,0,0,0,0,0,0,0,0,0,0,0,0,0,0,0,0,0,0,0,0,0,0,0,0,0,0,0,0,0,0,0,0,0,0,0,0,0,0,0,0,0,0,1,9.94943945578232
Mulvane Police Department,1963-11-01,Kansas,3049,KS09603,0,0,0,0,0,0,0,0,0,0,0,0,0,0,0,0,0,0,0,0,0,0,0,0,0,0,0,0,0,0,0,0,0,0,0,0,0,0,0,0,0,0,0,0,0,0,0,0,0,0,0,0,0,0,0,0,0,0,0,0,0,0,0,0,0,0,0,0,0,0,0,0,0,0,0,0,0,0,0,0,0,0,0,0,0,0,0,0,0,0,0,1,9.94943945578232
Mulvane Police Department,1963-10-01,Kansas,3049,KS09603,0,0,0,0,0,0,0,0,0,0,0,0,0,0,0,0,0,0,0,0,0,0,0,0,0,0,0,0,0,0,0,0,0,0,0,0,0,0,0,0,0,0,0,0,0,0,0,0,0,0,0,0,0,0,0,0,0,0,0,0,0,0,0,0,0,0,0,0,0,0,0,0,0,0,0,0,0,0,0,0,0,0,0,0,0,0,0,0,0,0,0,1,9.94943945578232
Mulvane Police Department,1963-09-01,Kansas,3049,KS09603,0,0,0,0,0,0,0,0,0,0,0,0,0,0,0,0,0,0,0,0,0,0,0,0,0,0,0,0,0,0,0,0,0,0,0,0,0,0,0,0,0,0,0,0,0,0,0,0,0,0,0,0,0,0,0,0,0,0,0,0,0,0,0,0,0,0,0,0,0,0,0,0,0,0,0,0,0,0,0,0,0,0,0,0,0,0,0,0,0,0,0,1,9.94943945578232
Mulvane Police Department,1963-08-01,Kansas,3049,KS09603,0,0,0,0,0,0,0,0,0,0,0,0,0,0,0,0,0,0,0,0,0,0,0,0,0,0,0,0,0,0,0,0,0,0,0,0,0,0,0,0,0,0,0,0,0,0,0,0,0,0,0,0,0,0,0,0,0,0,0,0,0,0,0,0,0,0,0,0,0,0,0,0,0,0,0,0,0,0,0,0,0,0,0,0,0,0,0,0,0,0,0,1,9.94943945578232
Mulvane Police Department,1963-07-01,Kansas,3049,KS09603,0,0,0,0,0,0,0,0,0,0,0,0,0,0,0,0,0,0,0,0,0,0,0,0,0,0,0,0,0,0,0,0,0,0,0,0,0,0,0,0,0,0,0,0,0,0,0,0,0,0,0,0,0,0,0,0,0,0,0,0,0,0,0,0,0,0,0,0,0,0,0,0,0,0,0,0,0,0,0,0,0,0,0,0,0,0,0,0,0,0,0,1,9.94943945578232
Mulvane Police Department,1963-06-01,Kansas,3049,KS09603,0,0,0,0,0,0,0,0,0,0,0,0,0,0,0,0,0,0,0,0,0,0,0,0,0,0,0,0,0,0,0,0,0,0,0,0,0,0,0,0,0,0,0,0,0,0,0,0,0,0,0,0,0,0,0,0,0,0,0,0,0,0,0,0,0,0,0,0,0,0,0,0,0,0,0,0,0,0,0,0,0,0,0,0,0,0,0,0,0,0,0,1,9.94943945578232
Mulvane Police Department,1963-05-01,Kansas,3049,KS09603,0,0,0,0,0,0,0,0,0,0,0,0,0,0,0,0,0,0,0,0,0,0,0,0,0,0,0,0,0,0,0,0,0,0,0,0,0,0,0,0,0,0,0,0,0,0,0,0,0,0,0,0,0,0,0,0,0,0,0,0,0,0,0,0,0,0,0,0,0,0,0,0,0,0,0,0,0,0,0,0,0,0,0,0,0,0,0,0,0,0,0,1,9.94943945578232
Mulvane Police Department,1963-04-01,Kansas,3049,KS09603,0,0,0,0,0,0,0,0,0,0,0,0,0,0,0,0,0,0,0,0,0,0,0,0,0,0,0,0,0,0,0,0,0,0,0,0,0,0,0,0,0,0,0,0,0,0,0,0,0,0,0,0,0,0,0,0,0,0,0,0,0,0,0,0,0,0,0,0,0,0,0,0,0,0,0,0,0,0,0,0,0,0,0,0,0,0,0,0,0,0,0,1,9.94943945578232
Mulvane Police Department,1963-03-01,Kansas,3049,KS09603,0,0,0,0,0,0,0,0,0,0,0,0,0,0,0,0,0,0,0,0,0,0,0,0,0,0,0,0,0,0,0,0,0,0,0,0,0,0,0,0,0,0,0,0,0,0,0,0,0,0,0,0,0,0,0,0,0,0,0,0,0,0,0,0,0,0,0,0,0,0,0,0,0,0,0,0,0,0,0,0,0,0,0,0,0,0,0,0,0,0,0,1,9.94943945578232
Mulvane Police Department,1963-02-01,Kansas,3049,KS09603,0,0,0,0,0,0,0,0,0,0,0,0,0,0,0,0,0,0,0,0,0,0,0,0,0,0,0,0,0,0,0,0,0,0,0,0,0,0,0,0,0,0,0,0,0,0,0,0,0,0,0,0,0,0,0,0,0,0,0,0,0,0,0,0,0,0,0,0,0,0,0,0,0,0,0,0,0,0,0,0,0,0,0,0,0,0,0,0,0,0,0,1,9.94943945578232
Mulvane Police Department,1963-01-01,Kansas,3049,KS09603,0,0,0,0,0,0,0,0,0,0,0,0,0,0,0,0,0,0,0,0,0,0,0,0,0,0,0,0,0,0,0,0,0,0,0,0,0,0,0,0,0,0,0,0,0,0,0,0,0,0,0,0,0,0,0,0,0,0,0,0,0,0,0,0,0,0,0,0,0,0,0,0,0,0,0,0,0,0,0,0,0,0,0,0,0,0,0,0,0,0,0,1,9.94943945578232
Mulvane Police Department,1962-12-01,Kansas,3004,KS09603,0,0,0,0,0,0,0,0,0,0,0,0,0,0,0,0,0,0,0,0,0,0,0,0,0,0,0,0,0,0,0,0,0,0,0,0,0,0,0,0,0,0,0,0,0,0,0,0,0,0,0,0,0,0,0,0,0,0,0,0,0,0,0,0,0,0,0,0,0,0,0,0,0,0,0,0,0,0,0,0,0,0,0,0,0,0,0,0,0,0,0,1,10.0727796143251
Mulvane Police Department,1962-11-01,Kansas,3004,KS09603,0,0,0,0,0,0,0,0,0,0,0,0,0,0,0,0,0,0,0,0,0,0,0,0,0,0,0,0,0,0,0,0,0,0,0,0,0,0,0,0,0,0,0,0,0,0,0,0,0,0,0,0,0,0,0,0,0,0,0,0,0,0,0,0,0,0,0,0,0,0,0,0,0,0,0,0,0,0,0,0,0,0,0,0,0,0,0,0,0,0,0,1,10.0727796143251
Mulvane Police Department,1962-10-01,Kansas,3004,KS09603,0,0,0,0,0,0,0,0,0,0,0,0,0,0,0,0,0,0,0,0,0,0,0,0,0,0,0,0,0,0,0,0,0,0,0,0,0,0,0,0,0,0,0,0,0,0,0,0,0,0,0,0,0,0,0,0,0,0,0,0,0,0,0,0,0,0,0,0,0,0,0,0,0,0,0,0,0,0,0,0,0,0,0,0,0,0,0,0,0,0,0,1,10.0727796143251
Mulvane Police Department,1962-09-01,Kansas,3004,KS09603,0,0,0,0,0,0,0,0,0,0,0,0,0,0,0,0,0,0,0,0,0,0,0,0,0,0,0,0,0,0,0,0,0,0,0,0,0,0,0,0,0,0,0,0,0,0,0,0,0,0,0,0,0,0,0,0,0,0,0,0,0,0,0,0,0,0,0,0,0,0,0,0,0,0,0,0,0,0,0,0,0,0,0,0,0,0,0,0,0,0,0,1,10.0727796143251
Mulvane Police Department,1962-08-01,Kansas,3004,KS09603,0,0,0,0,0,0,0,0,0,0,0,0,0,0,0,0,0,0,0,0,0,0,0,0,0,0,0,0,0,0,0,0,0,0,0,0,0,0,0,0,0,0,0,0,0,0,0,0,0,0,0,0,0,0,0,0,0,0,0,0,0,0,0,0,0,0,0,0,0,0,0,0,0,0,0,0,0,0,0,0,0,0,0,0,0,0,0,0,0,0,0,1,10.0727796143251
Mulvane Police Department,1962-07-01,Kansas,3004,KS09603,0,0,0,0,0,0,0,0,0,0,0,0,0,0,0,0,0,0,0,0,0,0,0,0,0,0,0,0,0,0,0,0,0,0,0,0,0,0,0,0,0,0,0,0,0,0,0,0,0,0,0,0,0,0,0,0,0,0,0,0,0,0,0,0,0,0,0,0,0,0,0,0,0,0,0,0,0,0,0,0,0,0,0,0,0,0,0,0,0,0,0,1,10.0727796143251
Mulvane Police Department,1962-06-01,Kansas,3004,KS09603,0,0,0,0,0,0,0,0,0,0,0,0,0,0,0,0,0,0,0,0,0,0,0,0,0,0,0,0,0,0,0,0,0,0,0,0,0,0,0,0,0,0,0,0,0,0,0,0,0,0,0,0,0,0,0,0,0,0,0,0,0,0,0,0,0,0,0,0,0,0,0,0,0,0,0,0,0,0,0,0,0,0,0,0,0,0,0,0,0,0,0,1,10.0727796143251
Mulvane Police Department,1962-05-01,Kansas,3004,KS09603,0,0,0,0,0,0,0,0,0,0,0,0,0,0,0,0,0,0,0,0,0,0,0,0,0,0,0,0,0,0,0,0,0,0,0,0,0,0,0,0,0,0,0,0,0,0,0,0,0,0,0,0,0,0,0,0,0,0,0,0,0,0,0,0,0,0,0,0,0,0,0,0,0,0,0,0,0,0,0,0,0,0,0,0,0,0,0,0,0,0,0,1,10.0727796143251
Mulvane Police Department,1962-04-01,Kansas,3004,KS09603,0,0,0,0,0,0,0,0,0,0,0,0,0,0,0,0,0,0,0,0,0,0,0,0,0,0,0,0,0,0,0,0,0,0,0,0,0,0,0,0,0,0,0,0,0,0,0,0,0,0,0,0,0,0,0,0,0,0,0,0,0,0,0,0,0,0,0,0,0,0,0,0,0,0,0,0,0,0,0,0,0,0,0,0,0,0,0,0,0,0,0,1,10.0727796143251
Mulvane Police Department,1962-03-01,Kansas,3004,KS09603,0,0,0,0,0,0,0,0,0,0,0,0,0,0,0,0,0,0,0,0,0,0,0,0,0,0,0,0,0,0,0,0,0,0,0,0,0,0,0,0,0,0,0,0,0,0,0,0,0,0,0,0,0,0,0,0,0,0,0,0,0,0,0,0,0,0,0,0,0,0,0,0,0,0,0,0,0,0,0,0,0,0,0,0,0,0,0,0,0,0,0,1,10.0727796143251
Mulvane Police Department,1962-02-01,Kansas,3004,KS09603,0,0,0,0,0,0,0,0,0,0,0,0,0,0,0,0,0,0,0,0,0,0,0,0,0,0,0,0,0,0,0,0,0,0,0,0,0,0,0,0,0,0,0,0,0,0,0,0,0,0,0,0,0,0,0,0,0,0,0,0,0,0,0,0,0,0,0,0,0,0,0,0,0,0,0,0,0,0,0,0,0,0,0,0,0,0,0,0,0,0,0,1,10.0727796143251
Mulvane Police Department,1962-01-01,Kansas,3004,KS09603,0,0,0,0,0,0,0,0,0,0,0,0,0,0,0,0,0,0,0,0,0,0,0,0,0,0,0,0,0,0,0,0,0,0,0,0,0,0,0,0,0,0,0,0,0,0,0,0,0,0,0,0,0,0,0,0,0,0,0,0,0,0,0,0,0,0,0,0,0,0,0,0,0,0,0,0,0,0,0,0,0,0,0,0,0,0,0,0,0,0,0,1,10.0727796143251
Mulvane Police Department,1961-12-01,Kansas,2981,KS09603,0,0,0,0,0,0,0,0,0,0,0,0,0,0,0,0,0,0,0,0,0,0,0,0,0,0,0,0,0,0,0,0,0,0,0,0,0,0,0,0,0,0,0,0,0,0,0,0,0,0,0,0,0,0,0,0,0,0,0,0,0,0,0,0,0,0,0,0,0,0,0,0,0,0,0,0,0,0,0,0,0,0,0,0,0,0,0,0,0,0,0,1,10.1935294117647
Mulvane Police Department,1961-11-01,Kansas,2981,KS09603,0,0,0,0,0,0,0,0,0,0,0,0,0,0,0,0,0,0,0,0,0,0,0,0,0,0,0,0,0,0,0,0,0,0,0,0,0,0,0,0,0,0,0,0,0,0,0,0,0,0,0,0,0,0,0,0,0,0,0,0,0,0,0,0,0,0,0,0,0,0,0,0,0,0,0,0,0,0,0,0,0,0,0,0,0,0,0,0,0,0,0,1,10.1935294117647
Mulvane Police Department,1961-10-01,Kansas,2981,KS09603,0,0,0,0,0,0,0,0,0,0,0,0,0,0,0,0,0,0,0,0,0,0,0,0,0,0,0,0,0,0,0,0,0,0,0,0,0,0,0,0,0,0,0,0,0,0,0,0,0,0,0,0,0,0,0,0,0,0,0,0,0,0,0,0,0,0,0,0,0,0,0,0,0,0,0,0,0,0,0,0,0,0,0,0,0,0,0,0,0,0,0,1,10.1935294117647
Mulvane Police Department,1961-09-01,Kansas,2981,KS09603,0,0,0,0,0,0,0,0,0,0,0,0,0,0,0,0,0,0,0,0,0,0,0,0,0,0,0,0,0,0,0,0,0,0,0,0,0,0,0,0,0,0,0,0,0,0,0,0,0,0,0,0,0,0,0,0,0,0,0,0,0,0,0,0,0,0,0,0,0,0,0,0,0,0,0,0,0,0,0,0,0,0,0,0,0,0,0,0,0,0,0,1,10.1935294117647
Mulvane Police Department,1961-08-01,Kansas,2981,KS09603,0,0,0,0,0,0,0,0,0,0,0,0,0,0,0,0,0,0,0,0,0,0,0,0,0,0,0,0,0,0,0,0,0,0,0,0,0,0,0,0,0,0,0,0,0,0,0,0,0,0,0,0,0,0,0,0,0,0,0,0,0,0,0,0,0,0,0,0,0,0,0,0,0,0,0,0,0,0,0,0,0,0,0,0,0,0,0,0,0,0,0,1,10.1935294117647
Mulvane Police Department,1961-07-01,Kansas,2981,KS09603,0,0,0,0,0,0,0,0,0,0,0,0,0,0,0,0,0,0,0,0,0,0,0,0,0,0,0,0,0,0,0,0,0,0,0,0,0,0,0,0,0,0,0,0,0,0,0,0,0,0,0,0,0,0,0,0,0,0,0,0,0,0,0,0,0,0,0,0,0,0,0,0,0,0,0,0,0,0,0,0,0,0,0,0,0,0,0,0,0,0,0,1,10.1935294117647
Mulvane Police Department,1961-06-01,Kansas,2981,KS09603,0,0,0,0,0,0,0,0,0,0,0,0,0,0,0,0,0,0,0,0,0,0,0,0,0,0,0,0,0,0,0,0,0,0,0,0,0,0,0,0,0,0,0,0,0,0,0,0,0,0,0,0,0,0,0,0,0,0,0,0,0,0,0,0,0,0,0,0,0,0,0,0,0,0,0,0,0,0,0,0,0,0,0,0,0,0,0,0,0,0,0,1,10.1935294117647
Mulvane Police Department,1961-05-01,Kansas,2981,KS09603,0,0,0,0,0,0,0,0,0,0,0,0,0,0,0,0,0,0,0,0,0,0,0,0,0,0,0,0,0,0,0,0,0,0,0,0,0,0,0,0,0,0,0,0,0,0,0,0,0,0,0,0,0,0,0,0,0,0,0,0,0,0,0,0,0,0,0,0,0,0,0,0,0,0,0,0,0,0,0,0,0,0,0,0,0,0,0,0,0,0,0,1,10.1935294117647
Mulvane Police Department,1961-04-01,Kansas,2981,KS09603,0,0,0,0,0,0,0,0,0,0,0,0,0,0,0,0,0,0,0,0,0,0,0,0,0,0,0,0,0,0,0,0,0,0,0,0,0,0,0,0,0,0,0,0,0,0,0,0,0,0,0,0,0,0,0,0,0,0,0,0,0,0,0,0,0,0,0,0,0,0,0,0,0,0,0,0,0,0,0,0,0,0,0,0,0,0,0,0,0,0,0,1,10.1935294117647
Mulvane Police Department,1961-03-01,Kansas,2981,KS09603,0,0,0,0,0,0,0,0,0,0,0,0,0,0,0,0,0,0,0,0,0,0,0,0,0,0,0,0,0,0,0,0,0,0,0,0,0,0,0,0,0,0,0,0,0,0,0,0,0,0,0,0,0,0,0,0,0,0,0,0,0,0,0,0,0,0,0,0,0,0,0,0,0,0,0,0,0,0,0,0,0,0,0,0,0,0,0,0,0,0,0,1,10.1935294117647
Mulvane Police Department,1961-02-01,Kansas,2981,KS09603,0,0,0,0,0,0,0,0,0,0,0,0,0,0,0,0,0,0,0,0,0,0,0,0,0,0,0,0,0,0,0,0,0,0,0,0,0,0,0,0,0,0,0,0,0,0,0,0,0,0,0,0,0,0,0,0,0,0,0,0,0,0,0,0,0,0,0,0,0,0,0,0,0,0,0,0,0,0,0,0,0,0,0,0,0,0,0,0,0,0,0,1,10.1935294117647
Mulvane Police Department,1961-01-01,Kansas,2981,KS09603,0,0,0,0,0,0,0,0,0,0,0,0,0,0,0,0,0,0,0,0,0,0,0,0,0,0,0,0,0,0,0,0,0,0,0,0,0,0,0,0,0,0,0,0,0,0,0,0,0,0,0,0,0,0,0,0,0,0,0,0,0,0,0,0,0,0,0,0,0,0,0,0,0,0,0,0,0,0,0,0,0,0,0,0,0,0,0,0,0,0,0,1,10.1935294117647
Mulvane Police Department,1960-12-01,Kansas,2981,KS09603,0,0,0,0,0,0,0,0,0,0,0,0,0,0,0,0,0,0,0,0,0,0,0,0,0,0,0,0,0,0,0,0,0,0,0,0,0,0,0,0,0,0,0,0,0,0,0,0,0,0,0,0,0,0,0,0,0,0,0,0,0,0,0,0,0,0,0,0,0,0,0,0,0,0,0,0,0,0,0,0,0,0,0,0,0,0,0,0,0,0,0,1,10.302673992674
Mulvane Police Department,1960-11-01,Kansas,2981,KS09603,0,0,0,0,0,0,0,0,0,0,0,0,0,0,0,0,0,0,0,0,0,0,0,0,0,0,0,0,0,0,0,0,0,0,0,0,0,0,0,0,0,0,0,0,0,0,0,0,0,0,0,0,0,0,0,0,0,0,0,0,0,0,0,0,0,0,0,0,0,0,0,0,0,0,0,0,0,0,0,0,0,0,0,0,0,0,0,0,0,0,0,1,10.302673992674
Mulvane Police Department,1960-10-01,Kansas,2981,KS09603,0,0,0,0,0,0,0,0,0,0,0,0,0,0,0,0,0,0,0,0,0,0,0,0,0,0,0,0,0,0,0,0,0,0,0,0,0,0,0,0,0,0,0,0,0,0,0,0,0,0,0,0,0,0,0,0,0,0,0,0,0,0,0,0,0,0,0,0,0,0,0,0,0,0,0,0,0,0,0,0,0,0,0,0,0,0,0,0,0,0,0,1,10.302673992674
Mulvane Police Department,1960-09-01,Kansas,2981,KS09603,0,0,0,0,0,0,0,0,0,0,0,0,0,0,0,0,0,0,0,0,0,0,0,0,0,0,0,0,0,0,0,0,0,0,0,0,0,0,0,0,0,0,0,0,0,0,0,0,0,0,0,0,0,0,0,0,0,0,0,0,0,0,0,0,0,0,0,0,0,0,0,0,0,0,0,0,0,0,0,0,0,0,0,0,0,0,0,0,0,0,0,1,10.302673992674
Mulvane Police Department,1960-08-01,Kansas,2981,KS09603,0,0,0,0,0,0,0,0,0,0,0,0,0,0,0,0,0,0,0,0,0,0,0,0,0,0,0,0,0,0,0,0,0,0,0,0,0,0,0,0,0,0,0,0,0,0,0,0,0,0,0,0,0,0,0,0,0,0,0,0,0,0,0,0,0,0,0,0,0,0,0,0,0,0,0,0,0,0,0,0,0,0,0,0,0,0,0,0,0,0,0,1,10.302673992674
Mulvane Police Department,1960-07-01,Kansas,2981,KS09603,0,0,0,0,0,0,0,0,0,0,0,0,0,0,0,0,0,0,0,0,0,0,0,0,0,0,0,0,0,0,0,0,0,0,0,0,0,0,0,0,0,0,0,0,0,0,0,0,0,0,0,0,0,0,0,0,0,0,0,0,0,0,0,0,0,0,0,0,0,0,0,0,0,0,0,0,0,0,0,0,0,0,0,0,0,0,0,0,0,0,0,1,10.302673992674
Mulvane Police Department,1960-06-01,Kansas,2981,KS09603,0,0,0,0,0,0,0,0,0,0,0,0,0,0,0,0,0,0,0,0,0,0,0,0,0,0,0,0,0,0,0,0,0,0,0,0,0,0,0,0,0,0,0,0,0,0,0,0,0,0,0,0,0,0,0,0,0,0,0,0,0,0,0,0,0,0,0,0,0,0,0,0,0,0,0,0,0,0,0,0,0,0,0,0,0,0,0,0,0,0,0,1,10.302673992674
Mulvane Police Department,1960-05-01,Kansas,2981,KS09603,0,0,0,0,0,0,0,0,0,0,0,0,0,0,0,0,0,0,0,0,0,0,0,0,0,0,0,0,0,0,0,0,0,0,0,0,0,0,0,0,0,0,0,0,0,0,0,0,0,0,0,0,0,0,0,0,0,0,0,0,0,0,0,0,0,0,0,0,0,0,0,0,0,0,0,0,0,0,0,0,0,0,0,0,0,0,0,0,0,0,0,1,10.302673992674
Mulvane Police Department,1960-04-01,Kansas,2981,KS09603,0,0,0,0,0,0,0,0,0,0,0,0,0,0,0,0,0,0,0,0,0,0,0,0,0,0,0,0,0,0,0,0,0,0,0,0,0,0,0,0,0,0,0,0,0,0,0,0,0,0,0,0,0,0,0,0,0,0,0,0,0,0,0,0,0,0,0,0,0,0,0,0,0,0,0,0,0,0,0,0,0,0,0,0,0,0,0,0,0,0,0,1,10.302673992674
Mulvane Police Department,1960-03-01,Kansas,2981,KS09603,0,0,0,0,0,0,0,0,0,0,0,0,0,0,0,0,0,0,0,0,0,0,0,0,0,0,0,0,0,0,0,0,0,0,0,0,0,0,0,0,0,0,0,0,0,0,0,0,0,0,0,0,0,0,0,0,0,0,0,0,0,0,0,0,0,0,0,0,0,0,0,0,0,0,0,0,0,0,0,0,0,0,0,0,0,0,0,0,0,0,0,1,10.302673992674
Mulvane Police Department,1960-02-01,Kansas,2981,KS09603,0,0,0,0,0,0,0,0,0,0,0,0,0,0,0,0,0,0,0,0,0,0,0,0,0,0,0,0,0,0,0,0,0,0,0,0,0,0,0,0,0,0,0,0,0,0,0,0,0,0,0,0,0,0,0,0,0,0,0,0,0,0,0,0,0,0,0,0,0,0,0,0,0,0,0,0,0,0,0,0,0,0,0,0,0,0,0,0,0,0,0,1,10.302673992674
Mulvane Police Department,1960-01-01,Kansas,2981,KS09603,0,0,0,0,0,0,0,0,0,0,0,0,0,0,0,0,0,0,0,0,0,0,0,0,0,0,0,0,0,0,0,0,0,0,0,0,0,0,0,0,0,0,0,0,0,0,0,0,0,0,0,0,0,0,0,0,0,0,0,0,0,0,0,0,0,0,0,0,0,0,0,0,0,0,0,0,0,0,0,0,0,0,0,0,0,0,0,0,0,0,0,1,10.302673992674
