agency,year,state,population,ORI,offenses_burg_resident_day,offenses_burg_resident_night,offenses_burg_resident_unk,offenses_burg_nonresident_day,offenses_burg_nonresident_night,offenses_burg_nonresident_unk,offenses_burg_total,offenses_motor_vehicle_theft,offenses_murder,offenses_rape,offenses_robbery_bank,offenses_robbery_chain_store,offenses_robbery_gas_station,offenses_robbery_highway,offenses_robbery_house,offenses_robbery_misc,offenses_robbery_residence,offenses_robbery_total,offenses_theft_under_50,offenses_theft_50_to_200,offenses_theft_over_200,offenses_theft_total,offenses_theft_auto_part,offenses_theft_bicycle,offenses_theft_coin_machine,offenses_theft_from_auto,offenses_theft_from_building,offenses_theft_pick_pocket,offenses_theft_purse_snatch,offenses_theft_shoplift,offenses_theft_all_other,auto_stolen_recover_local,auto_stolen_recovered_other,auto_theft_total,auto_stole_oth_recover_local,value_burg_resident_night,value_burg_resident_day,value_burg_resident_unk,value_burg_nonresident_night,value_burg_nonresident_day,value_burg_nonresident_unk,value_burg_total,value_motor_vehicle_theft,value_murder,value_rape,value_robbery_bank,value_robbery_chain_store,value_robbery_gas_station,value_robbery_highway,value_robbery_house,value_robbery_misc,value_robbery_residence,value_robbery_total,value_theft_under_50,value_theft_50_to_200,value_theft_over_200,value_theft_total,value_total_all_values,value_theft_auto_part,value_theft_bicycle,value_theft_coin_machine,value_theft_from_auto,value_theft_from_building,value_theft_pick_pocket,value_theft_purse_snatch,value_theft_shoplift,value_theft_all_other,value_stolen_clothing_or_fur,value_stolen_consumable_good,value_stolen_currency,value_stolen_guns,value_stolen_household_good,value_stolen_jewel_metal,value_stolen_livestock,value_stolen_local_mtr_veh,value_stolen_misc,value_stolen_office_equip,value_stolen_tv_and_radio,value_stolen_total,value_recovered_clothing_or_fur,value_recovered_consumable_good,value_recovered_currency,value_recovered_guns,value_recovered_house_good,value_recovered_jewel_metal,value_recovered_livestock,value_recovered_local_mtv_veh,value_recovered_misc,value_recovered_office_equip,value_recovered_tv_and_radio,value_recovered_total,price,in_2023_dollars
Adair County Sheriff's Office,2017-01-01,Missouri,7811,MO00100,0,0,1,1,0,0,2,0,0,0,0,0,0,0,0,0,0,0,0,2,2,4,0,0,0,0,0,0,0,1,3,0,0,0,0,0,0,31,0,603,0,634,0,0,0,0,0,0,0,0,0,0,0,0,311,687,998,1632,0,0,0,0,0,0,0,314,684,0,186,607,435,0,0,373,0,31,0,0,1632,0,0,0,0,0,0,0,0,0,0,0,0,1,1.24307319386626
Adair County Sheriff's Office,2017-02-01,Missouri,7811,MO00100,0,0,3,0,0,1,4,0,0,0,0,0,0,0,0,0,0,0,1,0,2,3,0,0,0,0,1,0,0,0,2,0,0,1,1,0,0,1262,0,0,0,1262,0,0,0,0,0,0,0,0,0,0,0,0,0,721,721,1983,0,0,0,0,348,0,0,0,373,0,93,0,0,93,0,0,0,1734,0,62,1983,0,0,0,0,0,0,0,0,0,0,124,124,1,1.24307319386626
Adair County Sheriff's Office,2017-03-01,Missouri,7811,MO00100,0,0,0,0,0,0,0,1,0,0,0,0,0,0,0,0,0,0,0,2,2,4,0,0,0,0,0,0,0,0,4,0,0,0,0,0,0,0,0,0,0,0,2486,0,0,0,0,0,0,0,0,0,0,0,300,2486,2786,7758,0,0,0,0,0,0,0,0,2786,0,0,206,249,0,0,0,2486,2331,0,0,5272,0,0,0,0,0,0,0,0,957,0,0,957,1,1.24307319386626
Adair County Sheriff's Office,2017-04-01,Missouri,7811,MO00100,0,0,0,0,0,0,0,0,0,0,0,0,0,0,0,0,0,0,0,0,3,3,0,0,0,0,1,0,0,0,2,0,0,0,0,0,0,0,0,0,0,0,0,0,0,0,0,0,0,0,0,0,0,0,0,1119,1119,1119,0,0,0,0,559,0,0,0,559,0,0,0,0,0,0,0,0,1119,0,0,1119,0,0,0,0,0,0,0,0,31,0,0,31,1,1.24307319386626
Adair County Sheriff's Office,2017-05-01,Missouri,7811,MO00100,0,0,0,1,0,0,1,2,0,0,0,0,0,0,0,0,0,0,2,1,4,7,0,0,0,2,1,0,0,0,4,0,0,0,0,0,0,0,0,12151,0,12151,7086,0,0,0,0,0,0,0,0,0,0,62,124,5932,6118,32440,0,0,0,62,1144,0,0,0,4913,0,0,487,0,3729,497,0,7086,1684,186,11685,25355,0,0,0,622,0,0,0,0,0,0,0,622,1,1.24307319386626
Adair County Sheriff's Office,2017-06-01,Missouri,7811,MO00100,1,0,0,0,0,0,1,0,0,0,0,0,0,0,0,0,0,0,3,1,2,6,0,0,0,0,3,0,0,0,3,0,0,0,0,0,0,0,0,0,0,0,0,0,0,0,0,0,0,0,0,0,0,75,149,2362,2586,2586,0,0,0,0,2374,0,0,0,211,0,12,2523,0,50,0,0,0,0,0,0,2586,0,0,0,0,0,0,0,0,0,0,0,0,1,1.24307319386626
Adair County Sheriff's Office,2017-07-01,Missouri,7811,MO00100,0,0,3,0,0,0,3,0,0,0,0,0,0,0,0,0,0,0,4,1,2,7,1,0,0,0,0,0,0,0,6,0,0,0,0,0,0,1753,0,0,0,1753,0,0,0,0,0,0,0,0,0,0,0,104,186,2269,2559,4312,404,0,0,0,0,0,0,0,2155,0,67,75,1181,0,0,1865,0,1001,0,124,4312,0,0,0,0,0,0,0,0,0,0,0,0,1,1.24307319386626
Adair County Sheriff's Office,2017-08-01,Missouri,7811,MO00100,0,0,1,0,1,0,2,0,0,0,0,0,0,0,0,0,0,0,2,2,5,9,0,0,0,0,1,0,1,0,7,0,0,0,0,0,0,186,16,0,0,203,0,0,0,0,0,0,0,0,0,0,0,37,137,5154,5328,5530,0,0,0,0,622,0,75,0,4632,0,75,2013,435,0,0,0,249,2499,0,261,5530,0,0,0,0,0,0,0,0,249,0,261,510,1,1.24307319386626
Adair County Sheriff's Office,2017-09-01,Missouri,7811,MO00100,0,2,0,0,0,0,2,0,0,0,0,0,0,0,0,0,0,0,1,1,3,5,0,0,0,1,1,0,1,0,2,0,0,0,0,5842,0,0,0,0,0,5842,0,0,0,0,0,0,0,0,0,0,0,31,155,2852,3038,8881,0,0,0,553,373,0,186,0,1926,0,0,2362,435,994,3481,0,0,93,0,1515,8881,0,0,0,0,0,0,0,0,31,0,0,31,1,1.24307319386626
Adair County Sheriff's Office,2017-10-01,Missouri,7811,MO00100,0,0,1,0,2,0,3,1,0,0,0,0,0,0,0,0,0,0,1,1,2,4,0,0,0,1,0,0,0,0,3,0,0,0,0,0,0,1417,9,0,0,1426,2486,0,0,0,0,0,0,0,0,0,0,40,137,1318,1494,7892,0,0,0,1069,0,0,0,0,425,0,145,0,249,0,0,0,2486,2526,0,0,5406,0,0,0,0,0,0,0,0,0,0,0,0,1,1.24307319386626
Adair County Sheriff's Office,2017-11-01,Missouri,7811,MO00100,0,0,2,0,0,0,2,0,0,0,0,0,0,0,0,0,0,0,1,2,2,5,0,0,0,0,1,0,0,0,4,0,0,0,0,0,0,1150,0,0,0,1150,0,0,0,0,0,0,0,0,0,0,0,58,307,13051,13416,14566,0,0,0,0,133,0,0,0,13283,199,88,0,435,186,0,12431,0,1094,0,133,14566,0,0,0,435,0,0,0,0,143,0,0,578,1,1.24307319386626
Adair County Sheriff's Office,2017-12-01,Missouri,7811,MO00100,0,0,1,0,1,0,2,0,0,0,0,0,0,0,0,0,0,0,0,2,2,4,0,0,0,0,0,0,0,0,4,0,0,0,0,0,0,702,13152,0,0,13854,0,0,0,0,0,0,0,0,0,0,0,0,218,1876,2093,15947,0,0,0,0,0,0,0,0,2093,0,1237,11374,0,0,311,186,0,1907,0,932,15947,0,0,0,0,0,0,0,0,0,0,0,0,1,1.24307319386626
Adair County Sheriff's Office,2018-01-01,Missouri,7782,MO00100,0,0,0,0,0,0,0,0,0,0,0,0,0,0,0,0,0,0,1,1,3,5,0,0,0,0,0,0,0,0,5,0,0,0,0,0,0,0,0,0,0,0,0,0,0,0,0,0,0,0,0,0,0,30,62,3458,3551,3551,0,0,0,0,0,0,0,0,3551,0,61,1548,1881,0,0,0,0,61,0,0,3551,0,0,0,1153,0,0,0,0,121,0,0,1274,1,1.21343405628813
Adair County Sheriff's Office,2018-02-01,Missouri,7782,MO00100,0,0,3,0,0,3,6,0,0,0,0,0,0,0,0,0,0,0,0,0,0,0,0,0,0,0,0,0,0,0,0,0,0,0,0,0,0,1195,0,0,115,1311,0,0,0,0,0,0,0,0,0,0,0,0,0,0,0,1311,0,0,0,0,0,0,0,0,0,0,0,85,0,121,0,0,0,1104,0,0,1311,0,0,0,0,0,0,0,0,0,0,0,0,1,1.21343405628813
Adair County Sheriff's Office,2018-03-01,Missouri,7782,MO00100,0,0,1,0,0,1,2,0,0,0,0,0,0,0,0,0,0,0,1,0,3,4,0,0,0,2,1,0,0,0,1,0,0,0,0,0,0,2063,0,0,48537,50600,0,0,0,0,0,0,0,0,0,0,0,33,0,16139,16171,66772,0,0,0,15775,364,0,0,0,33,0,33,14561,0,0,0,0,0,51814,364,0,66772,0,0,0,0,0,0,0,0,0,0,0,0,1,1.21343405628813
Adair County Sheriff's Office,2018-04-01,Missouri,7782,MO00100,0,0,0,0,0,4,4,1,0,0,0,0,0,0,0,0,0,0,1,0,5,6,0,0,0,0,1,0,0,0,5,1,0,1,0,0,0,0,0,0,1829,1829,1213,0,0,0,0,0,0,0,0,0,0,18,0,2747,2765,7021,0,0,0,0,18,0,0,0,2747,0,42,73,0,561,849,0,1213,1831,0,1238,5807,0,0,0,0,0,0,0,1213,0,0,0,1213,1,1.21343405628813
Adair County Sheriff's Office,2018-05-01,Missouri,7782,MO00100,1,0,5,0,0,0,6,0,0,0,0,0,0,0,0,0,0,0,1,1,4,6,1,0,0,0,0,0,0,0,5,0,0,0,0,0,49,8033,0,0,0,8081,0,0,0,0,0,0,0,0,0,0,0,49,61,9341,9450,17532,4854,0,0,0,0,0,0,0,4596,85,0,0,4914,0,0,0,3640,6358,2048,485,17532,0,0,0,3094,0,0,0,0,0,0,0,3094,1,1.21343405628813
Adair County Sheriff's Office,2018-06-01,Missouri,7782,MO00100,0,2,2,0,0,0,4,0,0,0,0,0,0,0,0,0,0,0,2,1,4,7,0,0,0,0,2,0,0,0,5,0,0,0,0,576,0,40,0,0,0,616,0,0,0,0,0,0,0,0,0,0,0,12,152,3748,3912,4529,0,0,0,0,758,0,0,0,3154,0,12,0,0,152,0,1213,0,2575,0,576,4529,0,0,0,0,0,0,0,0,0,0,0,0,1,1.21343405628813
Adair County Sheriff's Office,2018-07-01,Missouri,7782,MO00100,0,0,1,0,0,1,2,1,0,0,0,0,0,0,0,0,0,0,1,2,4,7,0,0,0,0,1,0,0,0,6,1,0,1,0,0,0,303,0,0,0,303,34522,0,0,0,0,0,0,0,0,0,0,30,121,1128,1280,70628,0,0,0,0,121,0,0,0,1159,121,0,0,522,425,0,0,33976,940,0,121,36106,0,0,0,0,0,0,0,33976,546,0,0,34522,1,1.21343405628813
Adair County Sheriff's Office,2018-08-01,Missouri,7782,MO00100,0,0,6,0,0,3,9,0,0,0,0,0,0,0,0,0,0,0,1,3,3,7,0,0,0,0,0,0,0,0,7,0,0,0,0,0,0,4589,0,0,5121,9710,0,0,0,0,0,0,0,0,0,0,0,19,415,7687,8122,17831,0,0,0,0,0,0,0,0,8122,473,553,87,0,1143,868,0,0,12080,0,2627,17831,0,0,0,0,0,0,0,0,0,0,121,121,1,1.21343405628813
Adair County Sheriff's Office,2018-09-01,Missouri,7782,MO00100,0,0,1,0,0,1,2,0,0,0,0,0,0,0,0,0,0,0,0,1,4,5,0,0,0,0,1,0,0,0,4,0,0,0,0,0,0,1762,0,0,728,2490,0,0,0,0,0,0,0,0,0,0,0,0,97,4951,5048,7538,0,0,0,0,2682,0,0,0,2366,1335,146,115,0,464,0,1092,0,4016,0,370,7538,0,0,0,0,0,0,0,0,0,0,0,0,1,1.21343405628813
Adair County Sheriff's Office,2018-10-01,Missouri,7782,MO00100,0,0,1,0,0,0,1,0,0,1,0,0,0,0,0,0,0,0,2,2,6,10,0,0,0,1,1,0,0,0,8,0,0,0,0,0,0,1456,0,0,0,1456,0,0,0,0,0,0,0,0,0,0,0,55,231,20688,20973,22429,0,0,0,971,121,0,0,0,19881,61,42,624,971,121,0,0,9283,11327,0,0,22429,0,0,0,0,0,0,0,0,0,0,0,0,1,1.21343405628813
Adair County Sheriff's Office,2018-11-01,Missouri,7782,MO00100,0,0,2,0,0,0,2,1,0,0,0,0,0,0,0,1,0,1,0,2,3,5,0,0,0,1,0,0,0,1,3,1,0,1,0,0,0,0,0,0,0,0,6067,0,0,0,0,0,0,0,494,0,494,0,340,7561,7901,20529,0,0,0,158,0,0,0,7281,462,255,0,279,158,36,0,0,6067,7666,0,0,14462,0,0,0,0,0,0,0,6067,0,0,0,6067,1,1.21343405628813
Adair County Sheriff's Office,2018-12-01,Missouri,7782,MO00100,0,0,4,0,0,2,6,0,0,0,0,0,0,0,0,0,0,0,2,2,5,9,0,0,0,0,1,0,0,0,8,0,0,0,0,0,0,3014,0,0,22224,25238,0,0,0,0,0,0,0,0,0,0,0,50,419,8090,8558,33797,0,0,0,0,206,0,0,0,8352,55,62,607,3216,575,0,1638,0,26919,0,726,33797,0,0,0,212,0,0,0,0,0,0,0,212,1,1.21343405628813
Adair County Sheriff's Office,2019-01-01,Missouri,7705,MO00100,0,0,1,0,0,0,1,0,0,0,0,0,0,0,0,0,0,0,0,1,1,2,0,0,0,0,0,0,0,0,2,0,0,0,444860,0,0,0,0,0,0,0,0,0,0,0,0,0,0,0,0,0,0,0,0,0,0,0,0,0,0,0,52901,0,0,0,119184,529,0,0,0,0,0,0,1024978524,0,0,0,0,0,0,0,1024978524,0,0,0,0,52901,0,529,0,1,1.19183549339627
Adair County Sheriff's Office,2019-02-01,Missouri,7705,MO00100,0,0,0,0,0,0,0,4448600,0,0,0,0,0,0,0,0,0,0,100000,0,0,100000,0,0,0,0,0,0,0,0,0,0,0,0,0,0,0,0,11918355,0,0,0,0,0,0,0,0,0,0,0,0,0,0,0,0,0,0,0,11918355,0,0,476734,11918,2383671,238367099,0,0,11918355,0,0,0,0,0,0,0,0,0,0,0,0,0,0,0,0,0,0,0,0,0,0,78661,1,1.19183549339627
Adair County Sheriff's Office,2019-03-01,Missouri,7705,MO00100,0,0,0,0,0,0,0,0,5,4000000,120000,0,0,0,0,0,0,120000,0,0,0,0,0,0,0,0,0,0,0,0,0,0,0,0,0,0,0,0,0,0,0,0,0,0,0,0,0,0,0,0,0,453,0,441,47673420,0,0,0,0,748472690,0,0,1475,238367099,0,0,0,0,0,0,0,0,0,0,0,0,0,0,0,0,0,0,0,0,0,0,119184,0,0,0,0,1,1.19183549339627
Adair County Sheriff's Office,2019-04-01,Missouri,7705,MO00100,0,20000,0,0,0,0,20000,0,0,70000,0,80000,10000,0,0,10000,30000,130000,40000,0,0,40000,0,0,0,0,0,0,0,0,0,0,0,0,0,0,0,12567905,0,0,0,0,0,0,0,0,0,0,0,0,0,0,0,716293132,12,66743,2878,0,8404824,32,0,0,143020259,0,0,2878,0,0,29,0,0,0,0,178775324,0,0,0,0,0,0,11918,0,7151,0,1240,0,834285,631672812,0,0,5959,1,1.19183549339627
Adair County Sheriff's Office,2019-05-01,Missouri,7705,MO00100,0,8000000,0,0,0,0,8000000,0,0,592000,6080,0,0,0,11600,0,0,17680,0,0,0,0,0,0,0,0,0,0,0,340,0,0,0,0,0,0,0,0,0,2383671,0,1192,1191835,0,0,0,0,11918355,0,405224,0,0,0,0,11918356,357551,23837,0,0,0,0,119,0,1192,0,0,0,0,0,0,0,0,0,0,0,0,0,0,0,18473,0,0,0,42787,0,61260344,0,15,0,0,0,1,1.19183549339627
Adair County Sheriff's Office,2019-06-01,Missouri,7705,MO00100,0,0,0,0,0,59000,59000,0,59000,0,0,0,13590,0,0,3449,14000,31039,0,0,0,0,0,0,10000,0,0,0,130,0,0,0,0,0,0,36,0,0,0,376620016,6,1072651944,1072651944,1191835,0,1668570,6,0,0,0,0,0,0,349207800,0,0,2442,0,1668570,0,0,0,0,0,0,0,0,0,0,0,119184,0,0,0,0,0,0,16686,0,0,0,0,12,2384,0,11918356,0,238,11918,0,0,1,1.19183549339627
Adair County Sheriff's Office,2019-07-01,Missouri,7705,MO00100,0,0,0,0,0,0,0,0,0,0,20,0,0,0,0,0,0,20,0,0,0,0,0,0,0,0,0,0,0,0,0,0,0,0,1,119183549,0,0,166857,0,29795887,197,0,0,0,0,0,0,0,357551,953468,0,1,1,0,0,315836406,0,0,0,0,0,0,0,0,0,0,0,0,774693071,0,0,0,0,0,0,0,0,0,24,0,0,0,0,1072651944,387347,0,1,23837,0,315836406,1,1.19183549339627
Adair County Sheriff's Office,2019-08-01,Missouri,7705,MO00100,0,0,0,0,0,0,0,0,0,0,0,0,0,0,0,0,0,0,0,0,0,0,0,0,0,0,0,0,0,10,0,0,0,0,0,119,95347,1191835,0,0,0,0,0,0,0,0,4767342,0,0,119,595918,0,35755070,5959177,0,358,0,0,0,0,0,0,0,0,0,0,0,28008134,0,0,0,0,0,0,0,0,0,83131,0,595917747,59592,111138660,967,1013060169,963,1,3993,6078361,0,0,0,1,1.19183549339627
Adair County Sheriff's Office,2019-09-01,Missouri,7705,MO00100,0,0,375000,0,0,0,375000,0,0,0,0,0,0,0,0,0,0,0,0,0,0,0,14,5000000,0,0,5,0,0,0,0,100,0,0,0,774693071,11383,0,0,0,0,0,0,0,76,595917747,170432476,0,595917747,35755,0,21,10,0,0,0,0,0,0,0,280081341,0,0,0,0,0,280,0,0,0,0,23837,0,12,0,3576,0,0,238367,0,119,11918356,0,0,477,35755,0,0,0,0,0,1,1.19183549339627
Adair County Sheriff's Office,2019-10-01,Missouri,7705,MO00100,0,0,0,0,0,0,0,0,0,0,0,0,0,0,0,0,0,0,0,0,0,0,0,0,0,0,0,0,377,3000000,230000,0,0,0,0,5,921288836,0,0,0,0,0,0,5,3575506,918,0,178775,715,0,0,23836710,0,0,0,0,0,0,0,0,24,560162682,0,0,357551,0,0,0,0,0,0,286041,0,0,0,0,76277472,2728,0,921288836,0,2359834,0,0,5,0,0,0,0,0,0,1,1.19183549339627
Adair County Sheriff's Office,2019-11-01,Missouri,7705,MO00100,0,0,0,0,100000,0,100000,0,0,0,0,0,0,0,0,0,0,0,0,0,0,0,100000,0,100000,100000,0,0,0,100000,400000,0,0,0,0,5959177,0,0,0,0,0,0,0,47673421,119,0,0,0,71510,3575506,119,0,0,0,0,0,0,0,0,12907578,595917747,0,4,0,0,0,3820,0,297959,0,596,0,2980,174,211967943,1072651944,174,178775324,374236,0,0,0,0,0,1135521266,0,0,0,0,0,0,1,1.19183549339627
Adair County Sheriff's Office,2019-12-01,Missouri,7705,MO00100,0,0,0,0,0,0,0,0,25,0,0,6500000,146,0,0,200000,200000,6900146,1500,0,398000,399500,50000,0,0,0,255000,0,20,0,0,0,0,2000000,0,0,0,0,0,0,0,0,0,2,37542818,0,0,0,7612,595917747,0,0,1847345,23837,0,0,0,1871,0,0,0,0,0,11918,0,0,0,119184,0,0,0,0,2384,0,35755066,0,596,0,0,0,0,59592,0,0,0,0,0,0,0,0,0,1,1.19183549339627
Adair County Sheriff's Office,2020-01-01,Missouri,7689,MO00100,0,0,0,0,4,0,4,0,0,0,0,0,0,0,0,0,0,0,1,1,1,3,0,0,0,0,1,0,0,0,2,0,2500,0,6200,0,0,0,0,0,0,0,0,0,0,0,0,0,0,0,0,0,0,0,0,0,0,16,16,1010133998,0,0,589,1010133998,0,0,111845,181,0,0,0,0,0,0,918303635,0,0,0,0,5887,0,0,235462470,0,0,0,0,719,0,1,0,1,1.17731235192711
Adair County Sheriff's Office,2020-02-01,Missouri,7689,MO00100,0,0,56,99,0,2200000,2200155,1547800,0,0,0,0,0,200000,0,0,10000,210000,4265000,0,0,4265000,0,0,0,0,0,0,0,0,0,0,0,0,0,24,588656176,24135,11773124,0,0,0,118,0,0,0,0,0,0,0,0,0,0,0,0,0,0,11773,23546248,0,1177312,470925,35319,2354625,0,0,0,23546247,0,1177,0,0,0,0,0,0,0,0,0,0,140865423,0,0,0,0,19,0,882984264,0,0,814771,1,1.17731235192711
Adair County Sheriff's Office,2020-03-01,Missouri,7689,MO00100,15,0,0,0,0,2,17,0,0,0,828460,0,0,0,0,0,0,828460,0,1200000,0,1200000,0,0,0,0,0,0,0,0,0,0,0,0,0,0,0,1,364966829,279,1059581117,635160,2545349,0,0,0,0,0,0,176597,0,2979,0,78,0,0,706387411,0,5,114434761,706387411,0,10210,261245611,44,588656176,0,0,0,0,0,0,0,0,0,0,0,0,0,47,0,0,0,0,47092494,0,117731,0,0,0,0,1,1.17731235192711
Adair County Sheriff's Office,2020-04-01,Missouri,7689,MO00100,0,0,0,0,0,10000,10000,0,0,10000,0,30000,20000,0,0,10000,20000,80000,20000,0,0,20000,0,0,0,0,0,0,0,0,0,0,0,0,0,0,0,435606,0,0,0,0,0,0,0,0,0,0,0,0,0,0,0,908885136,1,1650592,4048,0,0,6,0,0,279023027,0,31787434,4079,0,4567972,35,0,0,0,0,906530511,0,0,0,0,0,0,0,0,0,0,32,0,0,529790558,0,0,0,1,1.17731235192711
Adair County Sheriff's Office,2020-05-01,Missouri,7689,MO00100,0,7000000,0,0,0,0,7000000,0,0,30000,4730,0,0,0,0,0,0,4730,0,0,0,0,0,0,0,6000000,0,0,0,149,0,0,0,0,0,0,0,0,0,0,0,0,0,0,0,0,0,11773124,0,176126,0,0,0,0,35319372,0,47092,0,0,3531937,0,118,0,0,0,0,0,0,0,0,0,0,0,0,0,0,0,0,0,0,0,0,0,0,0,0,0,49,0,0,117731235,1,1.17731235192711
Adair County Sheriff's Office,2020-06-01,Missouri,7689,MO00100,0,0,0,0,0,0,0,0,85000,0,0,0,42950,0,0,429,0,43379,0,0,0,0,0,1,0,0,5450000,0,275,0,0,0,0,0,0,6,0,0,0,17659685,0,0,588656176,0,0,0,9,0,0,0,0,588656176,0,472102253,0,0,505,0,0,0,0,0,0,0,0,0,0,0,0,0,117731,0,0,0,0,0,0,0,0,0,470925,0,12,1177,0,23546247,0,706,0,0,0,1,1.17731235192711
Adair County Sheriff's Office,2020-07-01,Missouri,7689,MO00100,0,0,0,0,0,0,0,0,0,0,50,10,0,0,0,0,0,60,0,0,0,0,0,0,0,0,0,0,0,0,0,0,0,0,25,570996491,2924,0,176597,0,0,3101,0,0,0,0,0,0,0,0,4102934,0,4,7,0,0,140100170,0,0,0,0,0,0,0,0,0,118,0,0,400286200,0,0,0,0,0,0,932,0,0,0,0,4,41205932,589,612202423,1485768,0,7,11773,0,140100170,1,1.17731235192711
Adair County Sheriff's Office,2020-08-01,Missouri,7689,MO00100,0,0,0,0,0,0,0,0,0,0,0,0,0,0,0,0,0,0,0,0,0,0,0,0,0,0,0,0,0,10,0,0,0,0,0,0,47092,2354625,0,0,0,0,0,0,0,0,1177312,0,0,0,117731,0,35319372,4709249,0,0,0,0,0,0,0,0,0,0,0,0,0,0,0,0,0,0,0,0,0,0,0,6299,0,882984264,381449,6298621,18,882984264,16,0,1177,787739695,0,0,0,1,1.17731235192711
Adair County Sheriff's Office,2020-09-01,Missouri,7689,MO00100,0,0,0,0,0,0,0,0,0,0,0,0,0,0,0,0,0,0,0,0,0,0,0,5000000,4000000,0,32,0,0,0,0,100,0,0,0,230753221,4063,0,0,0,0,0,0,0,0,0,11773124,0,0,0,0,0,0,0,0,0,0,0,0,0,0,0,0,0,0,0,0,0,0,0,0,0,0,12,0,1177,0,0,353194,11773,0,0,0,0,353,35319,0,0,0,0,0,1,1.17731235192711
Adair County Sheriff's Office,2020-10-01,Missouri,7689,MO00100,0,0,0,0,0,0,0,0,0,0,0,0,0,0,0,0,0,0,0,0,0,0,0,0,0,0,0,0,0,0,0,0,0,0,0,4,539209057,0,0,0,0,0,0,0,0,1717,0,0,1717,0,0,0,1177312,0,0,0,0,0,0,0,112,539209057,0,0,0,1,941849882,0,0,1177,0,0,0,0,0,0,0,0,0,539209057,0,588656,0,0,2,0,0,0,0,0,0,1,1.17731235192711
Adair County Sheriff's Office,2020-11-01,Missouri,7689,MO00100,0,0,0,0,100000,0,100000,0,0,0,0,0,0,0,0,0,0,0,0,0,0,0,0,200000,100000,0,0,0,0,0,300000,0,160,0,0,0,0,0,0,0,0,0,0,1,0,0,0,0,11773,2354625,0,117731,0,0,0,0,0,0,0,0,0,0,0,0,0,0,0,0,0,0,1766,0,31046,1,49882724,588656176,0,0,58866,0,588656176,0,0,1,169379928,0,0,0,0,0,0,1,1.17731235192711
Adair County Sheriff's Office,2020-12-01,Missouri,7689,MO00100,6050000,1,0,0,2112000,52000,8214001,15,0,0,0,0,0,0,0,0,0,0,0,0,50000,50000,0,0,0,0,0,0,0,0,0,0,0,0,0,0,0,0,0,0,0,0,0,0,0,0,0,0,1104,824118646,0,0,0,0,0,0,0,0,0,0,0,0,0,11773,0,0,0,588656,2355,12,0,0,1177,117731,23546248,1,942,0,0,0,0,47092,0,0,0,0,0,0,0,0,0,1,1.17731235192711
Adair County Sheriff's Office,2021-01-01,Missouri,7707,MO00100,1,4,0,1,1,0,7,1,0,0,0,0,0,0,0,0,0,0,0,1,1,2,0,0,0,0,0,0,0,0,2,0,0,0,5800,0,0,0,0,0,0,0,0,0,0,0,0,0,0,0,0,0,0,1017,113573046,3,0,0,8,462163584,0,0,562,1039024699,2791,0,89959,201,0,0,0,0,56224280,0,1023281901,0,0,0,0,0,0,0,899588484,0,0,0,0,1039,0,6,0,1,1.12448560525052
Adair County Sheriff's Office,2021-02-01,Missouri,7707,MO00100,0,1300,0,0,1000000,0,1001300,1299100,0,0,0,0,5000000,5000000,0,6000,0,10006000,4666000,0,0,4666000,0,0,0,0,0,0,0,0,0,0,0,10,0,90,0,89959,11244856,0,0,0,337,0,0,0,0,0,0,0,0,0,0,0,0,0,0,11245,11244856,337,5622428,562243,44979,0,11,0,0,33734568,0,0,0,0,0,0,0,0,0,0,0,0,13662500,0,0,0,0,8,0,764650212,0,0,0,1,1.12448560525052
Adair County Sheriff's Office,2021-03-01,Missouri,7707,MO00100,0,0,0,6900000,0,1,6900001,0,0,0,24330,0,0,0,450000,0,0,474330,1,8283000,6,8283007,0,0,0,0,0,0,0,0,0,0,0,0,0,0,0,0,0,3,0,7648751,11245,33734568,0,0,0,0,0,0,0,1168,0,0,0,0,112448561,0,0,361072328,562242803,0,8072,13493827,34,337345682,0,0,0,0,0,0,0,0,0,0,0,0,0,7751,0,7,0,0,1004165645,0,112449,0,0,0,1,1,1.12448560525052
Adair County Sheriff's Office,2021-04-01,Missouri,7707,MO00100,0,0,0,0,0,0,0,0,10000,0,0,20000,0,0,0,0,0,20000,0,0,0,0,0,0,0,0,0,0,0,0,0,0,0,0,0,1,0,0,0,0,0,0,0,0,0,0,0,0,0,0,0,0,3373457,4497942,0,0,0,0,0,0,0,0,4497942,0,0,0,0,0,0,0,0,0,0,0,0,0,0,0,0,0,0,0,0,0,0,0,0,0,0,0,0,1,1.12448560525052
Adair County Sheriff's Office,2021-05-01,Missouri,7707,MO00100,0,4000000,0,0,0,0,4000000,0,0,0,4,0,0,0,0,0,0,4,0,0,0,0,0,0,0,0,0,0,0,0,0,0,0,0,0,0,0,112,11245,0,0,0,1124486,0,0,0,0,11244856,0,0,0,0,0,0,33734568,224897,33735,0,0,1124486,0,112,0,0,0,11244856,0,0,0,0,0,0,0,0,0,0,0,0,3216029,0,0,0,0,0,11244856,3227274,0,106,0,0,382325106,1,1.12448560525052
Adair County Sheriff's Office,2021-06-01,Missouri,7707,MO00100,0,0,0,0,0,0,0,0,0,0,0,0,94340,0,0,980,41,95361,6340,0,0,6340,0,8,0,0,0,0,80,0,0,0,0,0,0,0,0,89959,0,0,0,0,224897121,0,0,112,0,0,4498,0,0,0,0,1003153608,0,0,1097,0,112,0,0,0,0,0,0,0,0,0,0,0,112449,0,0,0,0,0,0,1,0,0,112449,0,0,0,0,11244856,0,225,0,0,0,1,1.12448560525052
Adair County Sheriff's Office,2021-07-01,Missouri,7707,MO00100,0,0,0,0,0,0,0,0,0,0,0,0,0,10,10,0,0,20,0,0,0,0,0,0,0,0,0,0,0,0,0,0,0,0,0,0,225,0,67469,0,0,292,0,0,0,0,0,0,0,0,0,0,0,0,0,0,292366257,0,0,224897,0,67,0,0,0,0,0,0,0,0,0,0,0,0,0,0,0,0,0,0,0,0,0,0,0,292366,0,0,0,0,292366257,1,1.12448560525052
Adair County Sheriff's Office,2021-08-01,Missouri,7707,MO00100,0,0,0,0,0,0,0,20,0,0,0,0,0,0,0,0,0,0,0,0,0,0,0,0,0,0,0,0,2,10,0,0,0,0,0,0,56224,1124486,0,0,0,33734568,0,0,0,0,0,0,0,0,0,0,44979425,2248971,0,0,0,0,0,0,0,0,0,0,0,0,0,0,0,0,0,0,0,0,0,0,0,0,0,179917697,39357,0,137,1023281901,137,0,843,216924518,0,0,0,1,1.12448560525052
Adair County Sheriff's Office,2021-09-01,Missouri,7707,MO00100,0,0,0,0,0,0,0,0,0,0,7,0,0,0,0,6900000,0,6900007,0,0,0,0,0,0,5000000,0,3,0,0,0,0,2000100,0,0,0,257619652,1776,112448561,0,0,0,0,0,0,0,0,0,0,0,0,0,0,1,0,0,0,0,0,0,0,171146709,0,0,0,0,0,171,0,0,0,337,0,0,224897121,0,5622,0,0,449794,11245,0,0,112449,11244856,450,11245,0,0,112448561,0,0,1,1.12448560525052
Adair County Sheriff's Office,2021-10-01,Missouri,7707,MO00100,0,0,0,0,0,0,0,2330,0,0,0,0,0,0,0,0,0,0,0,0,0,0,0,3,0,0,7000000,0,0,0,0,0,0,0,0,9,484653296,0,0,224897,0,0,224897121,7,33734568,2475,0,0,2475,0,0,0,112449,338470,0,0,0,0,0,0,0,562242803,0,0,0,1,0,0,0,112,0,0,0,0,0,0,0,900,0,372204735,0,8356053,0,0,9,0,0,0,0,0,0,1,1.12448560525052
Adair County Sheriff's Office,2021-11-01,Missouri,7707,MO00100,0,100000,10000,0,100000,0,210000,0,0,0,0,0,0,0,0,0,0,0,0,0,0,0,0,0,0,0,0,0,0,100000,100000,0,0,0,0,0,0,0,0,0,0,0,0,11244856,0,11244856,0,0,11245,0,0,0,0,0,0,0,0,0,0,0,0,0,0,0,0,0,0,0,0,0,0,0,0,7,0,685936219,7,685936219,0,0,0,0,0,0,7432850,7433,0,0,0,0,0,1,1.12448560525052
Adair County Sheriff's Office,2021-12-01,Missouri,7707,MO00100,0,0,0,0,0,0,0,0,0,0,0,0,0,0,0,0,0,0,0,0,0,0,0,0,0,0,0,0,0,0,0,0,0,0,1000000,0,0,0,0,0,0,0,0,0,74328499,0,0,0,74,112448561,0,0,0,0,0,0,0,0,0,0,0,0,0,11245,0,0,0,112449,0,224897121,0,0,3373,0,0,1,112,11245,0,0,0,0,0,0,0,0,0,0,0,0,0,1,1.12448560525052
Adair County Sheriff's Office,2022-01-01,Missouri,7590,MO00100,0,0,0,0,0,0,0,0,0,0,0,0,0,0,0,0,0,0,0,0,1,1,0,0,0,0,0,0,0,0,1,0,0,0,2990,0,0,0,0,0,0,0,0,0,0,0,0,0,0,0,0,0,0,0,0,0,0,0,0,0,0,0,311,0,0,0,0,2,0,0,0,0,0,0,1030751750,0,0,0,0,0,0,0,1030751750,0,0,0,0,0,0,2,0,1,1.04116338383745
Adair County Sheriff's Office,2022-02-01,Missouri,7590,MO00100,0,299,0,0,0,0,299,29900,0,0,0,0,0,0,0,0,0,0,0,0,0,0,0,0,0,0,0,0,0,0,0,0,0,0,0,0,0,46748,10411634,0,0,0,0,0,0,0,0,46748236,0,0,0,0,0,0,0,0,0,31235,0,0,0,312349,0,0,0,0,0,0,0,0,0,0,0,0,0,0,0,0,0,0,0,0,0,0,0,5,0,166586141,0,0,0,1,1.04116338383745
Adair County Sheriff's Office,2022-03-01,Missouri,7590,MO00100,0,0,0,0,0,0,0,0,0,0,5160,0,0,0,0,0,0,5160,0,0,0,0,0,0,0,0,0,0,0,0,0,0,0,0,0,0,4165,0,41646535,0,104116338,0,0,0,0,0,0,0,0,0,0,0,0,0,0,0,104116338,0,0,1353512,624698030,0,53,1145280,5,0,0,0,0,0,0,0,0,0,0,0,0,0,0,0,0,0,0,0,0,0,104116,0,0,0,1,1,1.04116338383745
Adair County Sheriff's Office,2022-04-01,Missouri,7590,MO00100,0,0,0,20000,0,0,20000,0,10000,0,0,20000,0,0,0,0,20000,40000,0,0,0,0,0,0,0,0,0,0,0,0,0,0,0,0,0,1666,0,0,0,0,0,0,0,0,0,0,0,0,0,0,0,0,72881437,697579467,1,0,2030,0,0,3,0,0,645521298,0,0,2030,0,0,0,20303,0,0,0,0,0,0,0,0,0,0,0,0,1041,0,62,0,0,0,0,0,989,1,1.04116338383745
Adair County Sheriff's Office,2022-05-01,Missouri,7590,MO00100,0,0,0,0,0,0,0,0,0,10000,1600,0,0,0,0,0,0,1600,0,0,0,0,0,0,0,0,0,0,0,0,0,0,0,0,0,0,0,0,0,0,0,0,0,0,0,0,0,10411634,0,0,0,0,0,104,10411634,0,20823,0,0,1041163,0,0,0,0,104116,0,0,0,0,0,0,0,0,0,0,0,0,0,0,0,0,0,0,0,0,0,0,46,0,0,260290846,1,1.04116338383745
Adair County Sheriff's Office,2022-06-01,Missouri,7590,MO00100,0,0,0,0,0,0,0,0,0,0,0,0,44260,100,0,442,0,44802,0,0,100,100,0,4,0,0,4250000,0,0,0,0,0,0,0,0,0,0,104,0,0,0,0,624698030,0,0,0,0,460714797,0,0,0,0,0,0,0,0,460,0,0,0,0,0,0,0,0,0,0,0,0,0,104116,0,0,0,0,0,0,0,0,0,104116,0,104116338,3123,0,0,104,104,0,1041163,0,1,1.04116338383745
Adair County Sheriff's Office,2022-07-01,Missouri,7590,MO00100,0,0,0,0,0,0,0,0,10,0,0,0,0,0,0,0,0,0,0,0,0,0,0,0,0,0,0,0,0,0,0,0,0,0,0,497676097,1603,0,0,0,0,1603,0,0,521,0,653850605,3,0,0,0,364,4,6,0,0,18740941,0,0,0,0,0,0,1603392,0,0,0,0,0,0,260291,0,0,2,0,0,208,0,0,521,0,0,874577242,0,937047045,3462909,0,6,0,0,18740941,1,1.04116338383745
Adair County Sheriff's Office,2022-08-01,Missouri,7590,MO00100,0,0,0,0,0,0,0,0,0,0,2000000,0,0,0,0,0,0,2000000,0,0,0,0,0,0,0,0,0,0,0,200010,0,0,0,0,0,0,10412,0,0,0,0,10411634,0,0,0,0,0,0,0,0,0,0,10411634,0,0,0,0,0,0,0,0,0,0,0,0,0,0,0,0,0,0,0,0,0,0,0,0,0,0,884988876,0,0,34,884988876,34,0,0,35243381,0,0,0,1,1.04116338383745
Adair County Sheriff's Office,2022-09-01,Missouri,7590,MO00100,0,0,0,0,0,0,0,0,0,0,33,0,0,0,0,8500000,0,8500033,0,0,0,0,0,0,0,0,0,0,0,0,0,0,0,0,0,352433805,352,520581692,0,0,0,0,0,0,0,0,0,0,0,0,0,0,0,0,0,0,0,0,0,0,0,0,0,0,0,0,0,0,0,0,0,0,0,0,0,0,0,0,0,0,0,0,0,0,0,0,0,0,0,0,0,1,1.04116338383745
Adair County Sheriff's Office,2022-10-01,Missouri,7590,MO00100,0,0,0,0,0,0,0,0,0,0,0,0,0,0,0,0,0,0,0,0,0,0,0,0,0,0,0,0,0,0,0,0,0,0,0,0,0,0,0,0,0,0,0,0,0,0,0,0,0,0,0,0,0,0,0,0,0,0,0,0,0,0,0,0,0,0,0,0,0,0,0,0,0,0,0,0,0,0,0,0,0,0,0,0,0,0,0,0,0,0,0,1,1.04116338383745
Adair County Sheriff's Office,2022-11-01,Missouri,7590,MO00100,0,0,0,0,100000,0,100000,0,0,0,0,0,0,0,0,0,0,0,0,0,0,0,0,0,0,0,0,0,0,0,0,0,0,0,0,1041163,0,0,0,0,0,0,0,10411634,208,20823268,0,0,31235,2082327,0,0,0,0,0,0,0,0,0,0,0,0,0,0,0,0,0,0,124940,0,0,0,0,6,0,124939606,6,0,5320,0,0,0,0,0,17012610,125,0,0,0,0,0,1,1.04116338383745
Adair County Sheriff's Office,2022-12-01,Missouri,7590,MO00100,0,0,0,0,0,0,0,0,0,0,0,0,6,0,0,0,0,6,0,0,110,110,0,0,0,0,0,0,5,0,0,0,0,0,0,0,0,0,0,0,0,0,0,0,63719199,0,0,0,117,312349015,0,0,0,0,0,0,0,0,0,0,0,0,0,10412,0,0,0,208233,0,0,0,0,0,104116,0,1,208,0,0,0,0,0,0,0,0,0,0,0,0,0,0,1,1.04116338383745
Adair County Sheriff's Office,2023-01-01,Missouri,7683,MO00100,0,0,0,0,0,0,0,0,0,0,0,0,0,0,0,0,0,0,0,0,0,0,0,0,0,0,0,0,0,0,0,0,0,0,0,0,0,0,0,0,0,0,0,0,0,0,0,0,0,0,0,0,0,0,0,0,0,0,0,0,0,0,0,0,0,0,0,0,0,0,0,0,0,0,0,0,0,0,0,0,0,0,0,0,0,0,0,0,0,0,0,1,1
Adair County Sheriff's Office,2023-02-01,Missouri,7683,MO00100,0,0,0,0,0,0,0,0,0,0,0,0,0,0,0,0,0,0,0,0,0,0,0,0,0,0,0,0,0,0,0,0,0,0,0,0,0,0,10000000,0,0,0,0,0,0,0,0,0,0,0,0,0,0,0,0,0,0,0,10000000,0,0,0,10000,0,0,0,0,10000000,0,0,0,0,0,0,0,0,0,0,0,0,0,0,0,0,0,0,0,0,0,0,0,1,1
Adair County Sheriff's Office,2023-03-01,Missouri,7683,MO00100,0,0,0,0,0,4,4,0,0,0,0,0,0,0,0,0,0,0,0,0,0,0,0,0,0,0,0,0,0,0,0,0,0,0,0,0,0,0,0,0,0,0,0,0,0,0,0,0,0,0,0,4000,0,0,0,0,0,0,0,400000000,0,0,400,0,0,0,0,0,0,0,0,0,0,0,0,0,0,0,0,0,0,0,0,0,0,0,0,0,0,0,0,1,1
Adair County Sheriff's Office,2023-04-01,Missouri,7683,MO00100,0,0,0,0,0,0,0,0,0,0,0,0,0,0,0,0,0,0,0,0,0,0,0,0,0,0,0,0,0,0,0,0,0,0,0,0,0,0,0,0,0,0,0,0,0,0,0,0,0,0,0,0,0,0,0,0,0,0,0,0,0,0,0,0,0,0,0,0,0,0,0,0,0,0,0,0,0,0,0,0,0,0,0,0,0,0,0,0,0,0,0,1,1
Adair County Sheriff's Office,2023-05-01,Missouri,7683,MO00100,0,0,0,0,0,0,0,0,0,0,0,0,0,0,0,0,0,0,0,0,0,0,0,0,0,0,0,0,0,0,0,0,0,0,0,0,0,100,0,0,10,0,0,0,0,0,0,10000000,0,0,0,0,0,100,0,200000,10000,0,0,0,0,0,0,1000,0,0,0,0,0,0,0,0,0,0,0,0,0,0,28500000,0,0,0,200000000,0,0,29700000,0,0,0,1,0,1,1
Adair County Sheriff's Office,2023-06-01,Missouri,7683,MO00100,0,0,0,0,0,0,0,0,0,0,0,0,0,0,0,297,0,297,0,0,0,0,0,0,0,0,0,0,0,0,0,0,0,0,0,0,0,285000,0,0,0,0,0,0,0,0,0,0,2000,0,0,0,0,10000000,0,0,297,0,0,0,0,0,0,0,0,0,0,0,0,0,0,0,0,0,0,0,0,0,0,0,0,0,0,0,0,0,0,0,0,0,0,1,1
Adair County Sheriff's Office,2023-07-01,Missouri,7683,MO00100,0,0,0,0,0,0,0,0,0,0,0,0,0,0,0,0,0,0,0,0,0,0,0,0,0,0,0,0,0,0,0,0,0,0,0,0,0,0,0,0,0,0,0,0,0,0,0,0,0,0,0,0,0,0,0,0,0,0,0,0,0,0,0,0,0,0,0,0,0,0,0,0,0,0,0,0,0,0,0,0,0,0,0,0,0,0,0,0,0,0,0,1,1
Adair County Sheriff's Office,2023-08-01,Missouri,7683,MO00100,0,0,0,0,0,0,0,0,0,0,0,0,0,0,0,0,0,0,0,0,0,0,0,0,0,0,0,0,0,10,0,0,0,0,0,0,0,3000000,0,0,0,0,0,0,0,0,0,10000,0,100,200000,0,0,0,0,0,0,0,0,0,0,0,0,0,0,0,0,500000,0,0,0,0,0,0,1,0,0,0,0,0,170000,1500000,0,0,0,0,0,341500000,0,0,0,1,1
Adair County Sheriff's Office,2023-09-01,Missouri,7683,MO00100,0,0,0,0,0,0,0,0,0,0,0,0,0,0,0,0,0,0,0,0,0,0,0,0,0,0,17,0,0,0,0,100,0,0,0,5000000,1715,0,0,0,0,0,0,0,0,0,0,0,0,10000,0,0,0,0,100000,0,0,0,0,0,0,0,0,150000,0,0,250,0,0,0,200,0,0,100000000,0,3000,0,0,100000,0,0,1,0,0,200,20000,0,0,0,0,0,1,1
Adair County Sheriff's Office,2023-10-01,Missouri,7683,MO00100,0,0,0,0,0,0,0,71,0,0,0,0,0,0,0,0,0,0,0,0,0,0,0,0,0,0,410000,0,0,0,0,0,0,0,1000000,2,113000000,0,0,0,0,0,0,0,112000000,2001,0,0,2000,0,0,1000000,0,0,0,0,0,0,0,0,0,1000000,0,0,0,2,0,0,0,0,0,210000,0,0,0,2000,0,11,0,323000000,0,101000,0,0,2,0,0,0,0,0,0,1,1
Adair County Sheriff's Office,2023-11-01,Missouri,7683,MO00100,0,30000,3000,0,0,0,33000,0,0,0,0,0,0,0,0,0,0,0,0,0,0,0,0,0,0,0,0,0,0,0,0,0,0,0,0,0,0,0,0,0,0,0,0,0,0,0,0,0,0,0,0,0,0,0,0,0,0,0,0,0,0,0,0,0,0,0,0,0,0,0,0,0,0,0,0,0,0,0,0,0,0,0,0,0,0,0,0,0,0,0,0,1,1
Adair County Sheriff's Office,2023-12-01,Missouri,7683,MO00100,0,0,0,0,0,0,0,0,0,0,0,0,0,0,0,0,0,0,0,0,0,0,0,0,0,0,0,0,0,0,0,0,0,0,0,0,0,0,0,0,0,0,0,0,0,0,0,0,0,0,0,0,0,0,0,0,0,0,0,0,0,0,0,10000,0,0,0,100000,0,0,0,100000000,0,0,0,0,100,0,0,0,0,0,0,0,0,0,0,0,0,0,0,1,1
Adair County Sheriff's Office,2000-01-01,Missouri,7989,MO00100,0,0,0,0,0,0,0,0,0,0,0,0,0,0,0,0,0,0,0,0,0,0,0,0,0,0,0,0,0,0,0,0,0,0,0,0,0,0,0,0,0,0,0,0,0,0,0,0,0,0,0,0,0,0,0,0,0,0,0,0,0,0,0,0,0,0,0,0,0,0,0,0,0,0,0,0,0,0,0,0,0,0,0,0,0,0,0,0,0,0,0,1,1.76946331784747
Adair County Sheriff's Office,2000-02-01,Missouri,7989,MO00100,0,0,0,0,0,0,0,0,0,0,0,0,0,0,0,0,0,0,0,0,0,0,0,0,0,0,0,0,0,0,0,0,0,0,0,0,0,0,0,0,0,0,0,0,0,0,0,0,0,0,0,0,0,0,0,0,0,0,0,0,0,0,0,0,0,0,0,0,0,0,0,0,0,0,0,0,0,0,0,0,0,0,0,0,0,0,0,0,0,0,0,1,1.76946331784747
Adair County Sheriff's Office,2000-03-01,Missouri,7989,MO00100,0,0,0,0,0,0,0,0,0,0,0,0,0,0,0,0,0,0,0,0,0,0,0,0,0,0,0,0,0,0,0,0,0,0,0,0,0,0,0,0,0,0,0,0,0,0,0,0,0,0,0,0,0,0,0,0,0,0,0,0,0,0,0,0,0,0,0,0,0,0,0,0,0,0,0,0,0,0,0,0,0,0,0,0,0,0,0,0,0,0,0,1,1.76946331784747
Adair County Sheriff's Office,2000-04-01,Missouri,7989,MO00100,0,0,0,0,0,0,0,0,0,0,0,0,0,0,0,0,0,0,0,0,0,0,0,0,0,0,0,0,0,0,0,0,0,0,0,0,0,0,0,0,0,0,0,0,0,0,0,0,0,0,0,0,0,0,0,0,0,0,0,0,0,0,0,0,0,0,0,0,0,0,0,0,0,0,0,0,0,0,0,0,0,0,0,0,0,0,0,0,0,0,0,1,1.76946331784747
Adair County Sheriff's Office,2000-05-01,Missouri,7989,MO00100,0,0,0,0,0,0,0,0,0,0,0,0,0,0,0,0,0,0,0,0,0,0,0,0,0,0,0,0,0,0,0,0,0,0,0,0,0,0,0,0,0,0,0,0,0,0,0,0,0,0,0,0,0,0,0,0,0,0,0,0,0,0,0,0,0,0,0,0,0,0,0,0,0,0,0,0,0,0,0,0,0,0,0,0,0,0,0,0,0,0,0,1,1.76946331784747
Adair County Sheriff's Office,2000-06-01,Missouri,7989,MO00100,0,0,0,0,0,0,0,0,0,0,0,0,0,0,0,0,0,0,0,0,0,0,0,0,0,0,0,0,0,0,0,0,0,0,0,0,0,0,0,0,0,0,0,0,0,0,0,0,0,0,0,0,0,0,0,0,0,0,0,0,0,0,0,0,0,0,0,0,0,0,0,0,0,0,0,0,0,0,0,0,0,0,0,0,0,0,0,0,0,0,0,1,1.76946331784747
Adair County Sheriff's Office,2000-07-01,Missouri,7989,MO00100,0,0,0,0,0,0,0,0,0,0,0,0,0,0,0,0,0,0,0,0,0,0,0,0,0,0,0,0,0,0,0,0,0,0,0,0,0,0,0,0,0,0,0,0,0,0,0,0,0,0,0,0,0,0,0,0,0,0,0,0,0,0,0,0,0,0,0,0,0,0,0,0,0,0,0,0,0,0,0,0,0,0,0,0,0,0,0,0,0,0,0,1,1.76946331784747
Adair County Sheriff's Office,2000-08-01,Missouri,7989,MO00100,0,0,0,0,0,0,0,0,0,0,0,0,0,0,0,0,0,0,0,0,0,0,0,0,0,0,0,0,0,0,0,0,0,0,0,0,0,0,0,0,0,0,0,0,0,0,0,0,0,0,0,0,0,0,0,0,0,0,0,0,0,0,0,0,0,0,0,0,0,0,0,0,0,0,0,0,0,0,0,0,0,0,0,0,0,0,0,0,0,0,0,1,1.76946331784747
Adair County Sheriff's Office,2000-09-01,Missouri,7989,MO00100,0,0,0,0,0,0,0,0,0,0,0,0,0,0,0,0,0,0,0,0,0,0,0,0,0,0,0,0,0,0,0,0,0,0,0,0,0,0,0,0,0,0,0,0,0,0,0,0,0,0,0,0,0,0,0,0,0,0,0,0,0,0,0,0,0,0,0,0,0,0,0,0,0,0,0,0,0,0,0,0,0,0,0,0,0,0,0,0,0,0,0,1,1.76946331784747
Adair County Sheriff's Office,2000-10-01,Missouri,7989,MO00100,0,0,0,0,0,0,0,0,0,0,0,0,0,0,0,0,0,0,0,0,0,0,0,0,0,0,0,0,0,0,0,0,0,0,0,0,0,0,0,0,0,0,0,0,0,0,0,0,0,0,0,0,0,0,0,0,0,0,0,0,0,0,0,0,0,0,0,0,0,0,0,0,0,0,0,0,0,0,0,0,0,0,0,0,0,0,0,0,0,0,0,1,1.76946331784747
Adair County Sheriff's Office,2000-11-01,Missouri,7989,MO00100,0,0,0,0,0,0,0,0,0,0,0,0,0,0,0,0,0,0,0,0,0,0,0,0,0,0,0,0,0,0,0,0,0,0,0,0,0,0,0,0,0,0,0,0,0,0,0,0,0,0,0,0,0,0,0,0,0,0,0,0,0,0,0,0,0,0,0,0,0,0,0,0,0,0,0,0,0,0,0,0,0,0,0,0,0,0,0,0,0,0,0,1,1.76946331784747
Adair County Sheriff's Office,2000-12-01,Missouri,7989,MO00100,0,0,0,0,0,0,0,0,0,0,0,0,0,0,0,0,0,0,0,0,0,0,0,0,0,0,0,0,0,0,0,0,0,0,0,0,0,0,0,0,0,0,0,0,0,0,0,0,0,0,0,0,0,0,0,0,0,0,0,0,0,0,0,0,0,0,0,0,0,0,0,0,0,0,0,0,0,0,0,0,0,0,0,0,0,0,0,0,0,0,0,1,1.76946331784747
Adair County Sheriff's Office,2013-01-01,Missouri,8103,MO00100,2,0,2,0,1,4,9,0,0,0,0,0,0,0,0,0,0,0,1,2,4,7,0,0,0,1,5,0,0,0,1,0,0,0,0,0,1962,131,65,0,3165,5323,0,0,0,0,0,0,0,0,0,0,0,0,412,3551,3963,9287,0,0,0,163,3800,0,0,0,0,0,13,65,1210,340,392,0,0,6808,0,458,9287,0,0,0,0,0,0,0,0,392,0,0,392,1,1.30797303509051
Adair County Sheriff's Office,2013-02-01,Missouri,8103,MO00100,0,1,2,1,1,1,6,0,0,0,0,0,0,0,0,0,0,0,0,3,7,10,0,0,0,0,4,0,0,1,5,0,0,0,0,137,0,757,916,0,778,2588,0,0,0,0,0,0,0,0,0,0,0,0,288,12986,13273,15862,0,0,0,0,2149,0,0,65,11059,0,262,157,262,327,0,0,0,14014,0,841,15862,0,0,0,0,46,0,0,0,1400,0,0,1445,1,1.30797303509051
Adair County Sheriff's Office,2013-03-01,Missouri,8103,MO00100,0,0,2,0,2,4,8,1,0,0,0,0,0,0,0,0,0,0,1,2,3,6,0,0,0,0,2,0,0,0,4,1,0,1,0,0,0,2047,6697,0,2653,11396,3924,0,0,0,0,0,0,0,0,0,0,20,209,1177,1406,16726,0,0,0,0,209,0,0,0,1197,209,65,1256,4329,20,1465,0,3924,5066,0,392,16726,0,0,0,0,0,0,0,3924,20,0,0,3944,1,1.30797303509051
Adair County Sheriff's Office,2013-04-01,Missouri,8103,MO00100,0,0,0,0,2,3,5,1,0,0,0,0,0,0,0,0,0,0,3,2,5,10,0,0,0,3,2,0,0,0,5,1,0,1,0,0,0,0,200,0,3826,4026,2616,0,0,0,0,0,0,0,0,0,0,13,203,9653,9869,16511,0,0,0,124,1432,0,0,0,8312,133,0,35,0,1046,0,5493,2616,6787,0,399,16511,0,0,0,0,0,0,0,2616,392,0,0,3008,1,1.30797303509051
Adair County Sheriff's Office,2013-05-01,Missouri,8103,MO00100,1,1,4,0,0,0,6,0,0,0,0,0,0,0,0,0,0,0,0,0,1,1,0,0,0,0,0,0,0,0,1,0,0,0,0,2897,0,1988,0,0,0,4885,0,0,0,0,0,0,0,0,0,0,0,0,0,785,785,5670,0,0,0,0,0,0,0,0,785,0,0,131,281,0,0,0,0,4866,0,392,5670,0,0,0,0,0,0,0,0,0,0,0,0,1,1.30797303509051
Adair County Sheriff's Office,2013-06-01,Missouri,8103,MO00100,0,2,2,0,1,1,6,1,0,0,0,0,0,0,0,0,0,0,1,1,2,4,0,0,0,0,0,0,0,0,4,0,0,0,0,1787,0,1923,196,0,294,4200,654,0,0,0,0,0,0,0,0,0,0,0,92,5389,5480,10334,0,0,0,0,0,0,0,0,5480,0,65,1309,0,33,13,0,654,3106,0,5153,10334,0,0,0,0,0,0,0,0,523,0,0,523,1,1.30797303509051
Adair County Sheriff's Office,2013-07-01,Missouri,8103,MO00100,0,0,0,0,0,0,0,0,0,0,0,0,0,0,0,0,0,0,0,0,6,6,0,0,0,0,2,0,0,0,4,0,0,0,0,0,0,0,0,0,0,0,0,0,0,0,0,0,0,0,0,0,0,0,0,5847,5847,5847,0,0,0,0,2995,0,0,0,2851,0,52,0,523,1308,131,0,0,2851,0,981,5847,0,0,0,0,0,0,0,0,0,0,0,0,1,1.30797303509051
Adair County Sheriff's Office,2013-08-01,Missouri,8103,MO00100,0,0,1,0,0,1,2,0,0,0,0,0,0,0,0,0,0,0,1,2,4,7,1,0,0,2,0,0,0,0,4,0,0,0,0,0,0,798,0,0,732,1530,0,0,0,0,0,0,0,0,0,0,0,39,170,3558,3767,5297,105,0,0,1844,0,0,0,0,1818,0,0,0,262,249,0,0,0,2917,0,1870,5297,0,0,0,0,0,0,0,0,3989,0,0,3989,1,1.30797303509051
Adair County Sheriff's Office,2013-09-01,Missouri,8103,MO00100,0,0,1,1,2,5,9,0,0,0,0,0,0,0,0,0,0,0,4,1,7,12,0,1,0,2,0,0,0,0,9,0,0,0,0,0,0,4630,772,858,8536,14796,0,0,0,0,0,0,0,0,0,0,0,102,131,15043,15276,30072,0,33,0,43,0,0,0,0,15200,137,0,2845,994,1813,0,0,0,22628,0,1655,30072,0,0,858,0,0,0,0,0,33,0,719,1610,1,1.30797303509051
Adair County Sheriff's Office,2013-10-01,Missouri,8103,MO00100,1,2,2,1,1,5,12,1,0,0,0,0,0,0,0,0,0,0,1,3,2,6,1,0,0,1,1,0,0,0,3,1,0,1,0,4009,0,1249,672,2995,1883,10809,2616,0,0,0,0,0,0,0,0,0,0,39,340,2501,2880,16305,65,0,0,264,2237,0,0,0,314,229,1593,92,131,52,0,0,2616,10775,0,817,16305,0,0,0,0,0,0,0,2616,0,0,0,2616,1,1.30797303509051
Adair County Sheriff's Office,2013-11-01,Missouri,8103,MO00100,0,1,1,0,2,0,4,2,0,0,0,0,0,0,0,0,0,0,2,2,1,5,0,0,0,1,1,0,0,0,3,0,0,0,0,1347,0,602,0,0,0,1949,3924,0,0,0,0,0,0,0,0,0,0,26,379,1868,2273,8146,0,0,0,196,183,0,0,0,1894,0,26,262,0,1011,366,1962,3924,458,0,137,8146,0,0,3818,1223,662,530,0,0,1643,0,0,7875,1,1.30797303509051
Adair County Sheriff's Office,2013-12-01,Missouri,8103,MO00100,0,4,6,1,1,5,17,0,0,0,0,0,0,0,0,0,0,0,0,1,6,7,0,0,0,3,0,0,0,0,4,0,0,0,0,2392,0,4732,0,1468,16058,24650,0,0,0,0,0,0,0,0,0,0,0,0,131,17040,17171,41821,0,0,0,1829,0,0,0,0,15343,1108,1308,170,2878,785,13360,0,0,21618,0,595,41821,0,0,0,0,0,0,0,0,687,0,0,687,1,1.30797303509051
Adair County Sheriff's Office,2017-01-01,Missouri,7811,MO00100,0,0,1,1,0,0,2,0,0,0,0,0,0,0,0,0,0,0,0,2,2,4,0,0,0,0,0,0,0,1,3,0,0,0,0,0,0,31,0,603,0,634,0,0,0,0,0,0,0,0,0,0,0,0,311,687,998,1632,0,0,0,0,0,0,0,314,684,0,186,607,435,0,0,373,0,31,0,0,1632,0,0,0,0,0,0,0,0,0,0,0,0,1,1.24307319386626
Adair County Sheriff's Office,2017-02-01,Missouri,7811,MO00100,0,0,3,0,0,1,4,0,0,0,0,0,0,0,0,0,0,0,1,0,2,3,0,0,0,0,1,0,0,0,2,0,0,0,0,0,0,1262,0,0,0,1262,0,0,0,0,0,0,0,0,0,0,0,0,0,721,721,1983,0,0,0,0,348,0,0,0,373,0,93,0,0,93,0,0,0,1734,0,62,1983,0,0,0,0,0,0,0,0,0,0,124,124,1,1.24307319386626
Adair County Sheriff's Office,2017-03-01,Missouri,7811,MO00100,0,0,0,0,0,0,0,1,0,0,0,0,0,0,0,0,0,0,0,2,2,4,0,0,0,0,0,0,0,0,4,0,0,0,0,0,0,0,0,0,0,0,2486,0,0,0,0,0,0,0,0,0,0,0,300,2486,2786,5272,0,0,0,0,0,0,0,0,2786,0,0,206,249,0,0,0,2486,2331,0,0,5272,0,0,0,0,0,0,0,0,957,0,0,957,1,1.24307319386626
Adair County Sheriff's Office,2017-04-01,Missouri,7811,MO00100,0,0,0,0,0,0,0,0,0,0,0,0,0,0,0,0,0,0,0,0,3,3,0,0,0,0,1,0,0,0,2,0,0,0,0,0,0,0,0,0,0,0,0,0,0,0,0,0,0,0,0,0,0,0,0,1119,1119,1119,0,0,0,0,559,0,0,0,559,0,0,0,0,0,0,0,0,1119,0,0,1119,0,0,0,0,0,0,0,0,31,0,0,31,1,1.24307319386626
Adair County Sheriff's Office,2017-05-01,Missouri,7811,MO00100,0,0,0,1,0,0,1,2,0,0,0,0,0,0,0,0,0,0,2,1,4,7,0,0,0,2,1,0,0,0,4,0,0,0,0,0,0,0,0,12151,0,12151,7086,0,0,0,0,0,0,0,0,0,0,62,124,5932,6118,25355,0,0,0,62,1144,0,0,0,4913,0,0,487,0,3729,497,0,7086,1684,186,11685,25355,0,0,0,622,0,0,0,0,0,0,0,622,1,1.24307319386626
Adair County Sheriff's Office,2017-06-01,Missouri,7811,MO00100,1,0,0,0,0,0,1,0,0,0,0,0,0,0,0,0,0,0,3,1,2,6,0,0,0,0,3,0,0,0,3,0,0,0,0,0,0,0,0,0,0,0,0,0,0,0,0,0,0,0,0,0,0,75,149,2362,2586,2586,0,0,0,0,2374,0,0,0,211,0,12,2523,0,50,0,0,0,0,0,0,2586,0,0,0,0,0,0,0,0,0,0,0,0,1,1.24307319386626
Adair County Sheriff's Office,2017-07-01,Missouri,7811,MO00100,0,0,3,0,0,0,3,0,0,0,0,0,0,0,0,0,0,0,4,1,2,7,1,0,0,0,0,0,0,0,6,0,0,0,0,0,0,1753,0,0,0,1753,0,0,0,0,0,0,0,0,0,0,0,104,186,2269,2559,4312,404,0,0,0,0,0,0,0,2155,0,67,75,1181,0,0,1865,0,1001,0,124,4312,0,0,0,0,0,0,0,0,0,0,0,0,1,1.24307319386626
Adair County Sheriff's Office,2017-08-01,Missouri,7811,MO00100,0,0,1,0,1,0,2,0,0,0,0,0,0,0,0,0,0,0,2,2,5,9,0,0,0,0,1,0,1,0,7,0,0,0,0,0,0,186,16,0,0,203,0,0,0,0,0,0,0,0,0,0,0,37,137,5154,5328,5530,0,0,0,0,622,0,75,0,4632,0,75,2013,435,0,0,0,249,2499,0,261,5530,0,0,0,0,0,0,0,0,249,0,261,510,1,1.24307319386626
Adair County Sheriff's Office,2017-09-01,Missouri,7811,MO00100,0,2,0,0,0,0,2,0,0,0,0,0,0,0,0,0,0,0,1,1,3,5,0,0,0,1,1,0,1,0,2,0,0,0,0,5842,0,0,0,0,0,5842,0,0,0,0,0,0,0,0,0,0,0,31,155,2852,3038,8881,0,0,0,553,373,0,186,0,1926,0,0,2362,435,994,3481,0,0,93,0,1515,8881,0,0,0,0,0,0,0,0,31,0,0,31,1,1.24307319386626
Adair County Sheriff's Office,2017-10-01,Missouri,7811,MO00100,0,0,1,0,2,0,3,1,0,0,0,0,0,0,0,0,0,0,1,1,2,4,0,0,0,1,0,0,0,0,3,0,0,0,0,0,0,1417,9,0,0,1426,2486,0,0,0,0,0,0,0,0,0,0,40,137,1318,1494,5406,0,0,0,1069,0,0,0,0,425,0,145,0,249,0,0,0,2486,2526,0,0,5406,0,0,0,0,0,0,0,0,0,0,0,0,1,1.24307319386626
Adair County Sheriff's Office,2017-11-01,Missouri,7811,MO00100,0,0,2,0,0,0,2,0,0,0,0,0,0,0,0,0,0,0,1,2,2,5,0,0,0,0,1,0,0,0,4,0,0,0,0,0,0,1150,0,0,0,1150,0,0,0,0,0,0,0,0,0,0,0,58,307,13051,13416,14566,0,0,0,0,133,0,0,0,13283,199,88,0,435,186,0,12431,0,1094,0,133,14566,0,0,0,435,0,0,0,0,143,0,0,578,1,1.24307319386626
Adair County Sheriff's Office,2017-12-01,Missouri,7811,MO00100,0,0,1,0,1,0,2,0,0,0,0,0,0,0,0,0,0,0,0,2,2,4,0,0,0,0,0,0,0,0,4,0,0,0,0,0,0,702,13152,0,0,13854,0,0,0,0,0,0,0,0,0,0,0,0,218,1876,2093,15947,0,0,0,0,0,0,0,0,2093,0,1237,11374,0,0,311,186,0,1907,0,932,15947,0,0,0,0,0,0,0,0,0,0,0,0,1,1.24307319386626
Adair County Sheriff's Office,2001-01-01,Missouri,8038,MO00100,0,0,0,0,0,0,0,0,0,0,0,0,0,0,0,0,0,0,1,0,0,1,0,0,0,0,1,0,0,0,0,0,0,0,0,0,0,0,0,0,0,0,0,0,0,0,0,0,0,0,0,0,0,52,0,0,52,52,0,0,0,0,52,0,0,0,0,0,0,0,0,0,0,0,0,52,0,0,52,0,0,0,0,0,0,0,0,52,0,0,52,1,1.7208297251506
Adair County Sheriff's Office,2001-02-01,Missouri,8038,MO00100,0,6,0,0,0,0,6,0,0,0,0,0,0,0,0,0,0,0,3,0,0,3,0,0,0,0,3,0,0,0,0,0,0,0,0,6186,0,0,0,0,0,6186,0,0,0,0,0,0,0,0,0,0,0,138,0,0,138,6324,0,0,0,0,138,0,0,0,0,0,0,0,0,0,0,0,0,5206,258,860,6324,0,0,0,0,0,0,0,0,0,0,0,0,1,1.7208297251506
Adair County Sheriff's Office,2001-03-01,Missouri,8038,MO00100,0,0,0,0,3,0,3,0,0,0,0,0,0,0,0,0,0,0,0,7,0,7,0,0,0,5,2,0,0,0,0,0,0,0,0,0,0,0,1205,0,0,1205,0,0,0,0,0,0,0,0,0,0,0,0,731,0,731,1936,0,0,0,516,215,0,0,0,0,0,0,0,0,0,0,0,0,1936,0,0,1936,0,0,0,0,0,0,0,0,516,0,0,516,1,1.7208297251506
Adair County Sheriff's Office,2001-04-01,Missouri,8038,MO00100,0,0,0,0,0,2,2,1,0,0,0,0,0,0,0,0,0,0,0,1,1,2,0,0,0,0,1,0,0,0,1,1,0,1,0,0,0,0,0,0,7331,7331,17208,0,0,0,0,0,0,0,0,0,0,0,258,4380,4638,29177,0,0,0,0,4380,0,0,0,258,0,0,0,0,0,0,0,17208,4638,0,7331,29177,0,0,0,0,0,0,0,17208,258,0,0,17466,1,1.7208297251506
Adair County Sheriff's Office,2001-05-01,Missouri,8038,MO00100,0,1,1,0,0,0,2,0,0,0,0,0,0,0,0,0,0,0,0,0,1,1,0,0,0,1,0,0,0,0,0,0,0,0,0,86,0,428,0,0,0,515,0,0,0,0,0,0,0,0,0,0,0,0,0,688,688,1203,0,0,0,688,0,0,0,0,0,0,0,0,0,0,0,0,0,515,0,688,1203,0,0,0,0,0,0,0,0,258,0,0,258,1,1.7208297251506
Adair County Sheriff's Office,2001-06-01,Missouri,8038,MO00100,0,1,0,0,1,1,3,0,0,0,0,0,0,0,0,0,0,0,0,1,2,3,0,0,0,0,0,0,0,0,3,0,0,0,0,872,0,0,664,0,1291,2827,0,0,0,0,0,0,0,0,0,0,0,0,344,847,1191,4018,0,0,0,0,0,0,0,0,1191,0,0,0,664,0,0,0,0,3354,0,0,4018,0,0,0,664,0,0,0,0,344,0,0,1008,1,1.7208297251506
Adair County Sheriff's Office,2001-07-01,Missouri,8038,MO00100,0,0,1,0,0,0,1,0,0,0,0,0,0,0,0,0,0,0,0,1,0,1,0,0,0,0,0,0,0,0,1,0,0,0,0,0,0,1721,0,0,0,1721,0,0,0,0,0,0,0,0,0,0,0,0,447,0,447,2168,0,0,0,0,0,0,0,0,447,0,0,0,1721,0,0,0,0,447,0,0,2168,0,0,0,0,0,0,0,0,0,0,0,0,1,1.7208297251506
Adair County Sheriff's Office,2001-08-01,Missouri,8038,MO00100,0,0,2,0,0,0,2,0,0,0,0,0,0,0,0,0,0,0,0,0,0,0,0,0,0,0,0,0,0,0,0,0,0,0,0,0,0,585,0,0,0,585,0,0,0,0,0,0,0,0,0,0,0,0,0,0,0,585,0,0,0,0,0,0,0,0,0,0,0,0,0,0,0,0,0,0,0,585,585,0,0,0,0,0,0,0,0,0,0,0,0,1,1.7208297251506
Adair County Sheriff's Office,2001-09-01,Missouri,8038,MO00100,0,0,1,0,0,0,1,0,0,0,0,0,0,0,0,0,0,0,0,0,0,0,0,0,0,0,0,0,0,0,0,0,0,0,0,0,0,2581,0,0,0,2581,0,0,0,0,0,0,0,0,0,0,0,0,0,0,0,2581,0,0,0,0,0,0,0,0,0,0,0,0,0,0,0,0,0,0,0,2581,2581,0,0,0,0,0,0,0,0,0,0,0,0,1,1.7208297251506
Adair County Sheriff's Office,2001-10-01,Missouri,8038,MO00100,0,0,0,0,0,0,0,1,0,0,0,0,0,0,0,0,0,0,0,0,1,1,0,0,0,0,1,0,0,0,0,0,1,1,0,0,0,0,0,0,0,0,5162,0,0,0,0,0,0,0,0,0,0,0,0,8604,8604,13767,0,0,0,0,8604,0,0,0,0,0,0,0,0,0,0,0,5162,8604,0,0,13767,0,0,0,0,0,0,0,5162,0,0,0,5162,1,1.7208297251506
Adair County Sheriff's Office,2001-11-01,Missouri,8038,MO00100,0,0,0,0,0,0,0,1,0,0,0,0,0,0,0,0,0,0,0,0,0,0,0,0,0,0,0,0,0,0,0,0,0,0,0,0,0,0,0,0,0,0,5162,0,0,0,0,0,0,0,0,0,0,0,0,0,0,5162,0,0,0,0,0,0,0,0,0,0,0,0,0,0,0,0,5162,0,0,0,5162,0,0,0,0,0,0,0,5162,0,0,0,5162,1,1.7208297251506
Adair County Sheriff's Office,2001-12-01,Missouri,8038,MO00100,0,0,0,0,0,0,0,0,0,0,0,0,0,0,0,0,0,0,0,0,0,0,0,0,0,0,0,0,0,0,0,0,0,0,0,0,0,0,0,0,0,0,0,0,0,0,0,0,0,0,0,0,0,0,0,0,0,0,0,0,0,0,0,0,0,0,0,0,0,0,0,0,0,0,0,0,0,0,0,0,0,0,0,0,0,0,0,0,0,0,0,1,1.7208297251506
Adair County Sheriff's Office,2002-01-01,Missouri,8099,MO00100,0,0,0,0,0,1,1,0,0,0,0,0,0,0,0,0,0,0,0,0,1,1,0,0,0,0,1,0,0,0,0,0,0,0,0,0,0,0,0,0,3434,3434,0,0,0,0,0,0,0,0,0,0,0,0,0,932,932,4365,0,0,0,0,932,0,0,0,0,0,0,0,932,0,0,0,0,3434,0,0,4365,0,0,0,0,0,0,0,0,1270,0,0,1270,1,1.69396293722493
Adair County Sheriff's Office,2002-02-01,Missouri,8099,MO00100,0,0,1,0,0,0,1,0,0,0,0,0,0,0,0,0,0,0,0,0,0,0,0,0,0,0,0,0,0,0,0,0,0,0,0,0,0,2287,0,0,0,2287,0,0,0,0,0,0,0,0,0,0,0,0,0,0,0,2287,0,0,0,0,0,0,0,0,0,0,0,0,0,0,2287,0,0,0,0,0,2287,0,0,0,0,0,0,0,0,0,0,0,0,1,1.69396293722493
Adair County Sheriff's Office,2002-03-01,Missouri,8099,MO00100,0,0,1,0,0,0,1,0,0,0,0,0,0,0,0,0,0,0,0,0,0,0,0,0,0,0,0,0,0,0,0,0,0,0,0,0,0,317,0,0,0,317,0,0,0,0,0,0,0,0,0,0,0,0,0,0,0,317,0,0,0,0,0,0,0,0,0,0,0,0,0,0,0,0,0,317,0,0,317,0,0,0,0,0,0,0,0,0,0,0,0,1,1.69396293722493
Adair County Sheriff's Office,2002-04-01,Missouri,8099,MO00100,0,0,1,0,0,0,1,0,0,0,0,0,0,0,0,0,0,0,0,0,0,0,0,0,0,0,0,0,0,0,0,0,0,0,0,0,0,3176,0,0,0,3176,0,0,0,0,0,0,0,0,0,0,0,0,0,0,0,3176,0,0,0,0,0,0,0,0,0,0,0,0,0,0,0,0,0,3176,0,0,3176,0,0,0,0,0,0,0,0,0,0,0,0,1,1.69396293722493
Adair County Sheriff's Office,2002-05-01,Missouri,8099,MO00100,0,0,1,0,0,2,3,0,0,0,0,0,0,0,0,0,0,0,0,0,0,0,0,0,0,0,0,0,0,0,0,0,0,0,0,0,0,4116,0,0,3237,7353,0,0,0,0,0,0,0,0,0,0,0,0,0,0,0,7353,0,0,0,0,0,0,0,0,0,0,0,0,0,0,0,0,0,3237,0,4116,7353,0,0,0,0,0,0,0,0,0,0,0,0,1,1.69396293722493
Adair County Sheriff's Office,2002-06-01,Missouri,8099,MO00100,0,0,1,0,0,0,1,0,0,0,0,0,0,0,0,0,0,0,0,0,2,2,2,0,0,0,0,0,0,0,0,0,0,0,0,0,0,1270,0,0,0,1270,0,0,0,0,0,0,0,0,0,0,0,0,0,2922,2922,4193,2922,0,0,0,0,0,0,0,0,0,0,0,0,0,1270,0,0,2922,0,0,4193,0,0,0,0,0,0,0,0,0,0,0,0,1,1.69396293722493
Adair County Sheriff's Office,2002-07-01,Missouri,8099,MO00100,0,0,0,0,0,3,3,2,0,1,0,0,0,0,0,0,0,0,0,0,0,0,0,0,0,0,0,0,0,0,0,2,0,2,0,0,0,0,0,0,3811,3811,14399,0,0,0,0,0,0,0,0,0,0,0,0,0,0,18210,0,0,0,0,0,0,0,0,0,0,0,0,0,0,0,0,14399,3811,0,0,18210,0,0,0,0,0,0,0,14399,0,0,0,14399,1,1.69396293722493
Adair County Sheriff's Office,2002-08-01,Missouri,8099,MO00100,0,0,2,0,0,0,2,0,0,0,0,0,0,0,0,0,0,0,0,0,0,0,0,0,0,0,0,0,0,0,0,0,0,0,0,0,0,1015,0,0,0,1015,0,0,0,0,0,0,0,0,0,0,0,0,0,0,0,1015,0,0,0,0,0,0,0,0,0,0,0,0,0,0,0,0,0,1015,0,0,1015,0,0,0,0,0,0,0,0,0,0,0,0,1,1.69396293722493
Adair County Sheriff's Office,2002-09-01,Missouri,8099,MO00100,0,0,3,0,1,0,4,0,0,0,0,0,0,0,0,0,0,0,0,0,0,0,0,0,0,0,0,0,0,0,0,0,0,0,0,0,0,9068,3330,0,0,12398,0,0,0,0,0,0,0,0,0,0,0,0,0,0,0,12398,0,0,0,0,0,0,0,0,0,0,0,0,0,0,0,0,0,9068,0,3330,12398,0,0,0,0,0,0,0,0,0,0,0,0,1,1.69396293722493
Adair County Sheriff's Office,2002-10-01,Missouri,8099,MO00100,0,0,2,0,0,2,4,0,0,0,0,0,0,0,0,1,0,1,0,0,0,0,0,0,0,0,0,0,0,0,0,0,0,0,0,0,0,508,0,0,767,1276,0,0,0,0,0,0,0,0,847,0,847,0,0,0,0,2123,0,0,0,0,0,0,0,0,0,0,0,0,0,0,0,0,0,847,0,1276,2123,0,0,0,0,0,0,0,0,0,0,0,0,1,1.69396293722493
Adair County Sheriff's Office,2002-11-01,Missouri,8099,MO00100,0,1,0,0,0,2,3,0,0,0,0,0,0,0,0,0,0,0,0,0,0,0,0,0,0,0,0,0,0,0,0,0,0,0,0,169,0,0,0,0,1355,1525,0,0,0,0,0,0,0,0,0,0,0,0,0,0,0,1525,0,0,0,0,0,0,0,0,0,0,0,0,0,0,0,0,1016,508,0,0,1525,0,0,0,0,0,0,0,0,0,0,0,0,1,1.69396293722493
Adair County Sheriff's Office,2002-12-01,Missouri,8099,MO00100,0,0,0,0,1,0,1,0,0,0,0,0,0,0,0,0,0,0,0,0,1,1,0,0,0,0,1,0,0,0,0,0,0,0,0,0,0,0,339,0,0,339,0,0,0,0,0,0,0,0,0,0,0,0,0,1677,1677,2016,0,0,0,0,1677,0,0,0,0,0,0,1677,0,0,0,0,0,339,0,0,2016,0,0,0,0,0,0,0,0,0,0,0,0,1,1.69396293722493
Adair County Sheriff's Office,2003-01-01,Missouri,7707,MO00100,0,0,2,0,1,1,4,0,0,1,0,0,0,0,0,0,0,0,0,0,0,0,0,0,0,0,0,0,0,0,0,0,0,0,0,0,0,1143,422,0,1673,3238,0,0,0,0,0,0,0,0,0,0,0,0,0,0,0,3238,0,0,0,0,0,0,0,0,0,0,0,0,0,0,0,0,0,2095,0,1143,3238,0,0,0,0,0,0,0,0,166,0,0,166,1,1.65636194790487
Adair County Sheriff's Office,2003-02-01,Missouri,7707,MO00100,0,1,0,0,0,2,3,0,0,1,0,0,0,0,0,0,0,0,0,0,0,0,0,0,0,0,0,0,0,0,0,0,0,0,0,480,0,0,0,0,2523,3003,0,0,0,0,0,0,0,0,0,0,0,0,0,0,0,3003,0,0,0,0,0,0,0,0,0,0,0,0,0,0,0,0,0,2523,0,480,3003,0,0,0,0,0,0,0,0,0,0,0,0,1,1.65636194790487
Adair County Sheriff's Office,2003-03-01,Missouri,7707,MO00100,0,0,0,0,0,0,0,1,1,0,0,0,0,0,0,0,0,0,0,2,1,3,0,0,0,1,1,0,0,0,1,0,0,0,0,0,0,0,0,0,0,0,7951,0,0,0,0,0,0,0,0,0,0,0,331,412,744,8694,0,0,0,166,412,0,0,0,166,0,166,0,0,0,0,0,7951,578,0,0,8694,0,0,0,0,0,0,0,0,166,0,0,166,1,1.65636194790487
Adair County Sheriff's Office,2003-04-01,Missouri,7707,MO00100,0,2,0,0,0,0,2,0,0,0,0,0,0,0,0,0,0,0,0,1,0,1,0,0,0,1,0,0,0,0,0,0,0,0,0,10319,0,0,0,0,0,10319,0,0,0,0,0,0,0,0,0,0,0,0,248,0,248,10568,0,0,0,248,0,0,0,0,0,0,0,1656,8663,0,0,0,0,248,0,0,10568,0,0,0,0,0,0,0,0,248,0,0,248,1,1.65636194790487
Adair County Sheriff's Office,2003-05-01,Missouri,7707,MO00100,1,1,2,0,1,0,5,0,0,0,0,0,0,0,0,0,0,0,0,0,4,4,1,0,0,0,0,0,0,0,3,0,0,0,0,5305,2816,580,6957,0,0,15658,0,0,0,0,0,0,0,0,0,0,0,0,0,3874,3874,19532,497,0,0,0,0,0,0,0,3377,0,0,0,2302,0,0,0,0,16733,0,497,19532,0,0,0,0,0,0,0,0,83,0,0,83,1,1.65636194790487
Adair County Sheriff's Office,2003-06-01,Missouri,7707,MO00100,0,0,0,0,1,0,1,1,0,0,0,0,0,0,0,0,0,0,0,0,1,1,1,0,0,0,0,0,0,0,0,0,0,0,0,0,0,0,4379,0,0,4379,1656,0,0,0,0,0,0,0,0,0,0,0,0,787,787,6823,787,0,0,0,0,0,0,0,0,0,0,0,0,0,0,0,1656,5166,0,0,6823,0,0,0,0,0,0,0,0,787,0,0,787,1,1.65636194790487
Adair County Sheriff's Office,2003-07-01,Missouri,7707,MO00100,0,1,0,0,0,0,1,0,0,1,0,0,0,0,0,0,0,0,0,0,2,2,0,0,0,1,0,0,0,0,1,0,0,0,0,91,0,0,0,0,0,91,0,0,0,0,0,0,0,0,0,0,0,0,0,4588,4588,4679,0,0,0,3462,0,0,0,0,1126,0,0,0,0,0,3462,0,0,1217,0,0,4679,0,0,0,0,0,0,0,0,0,0,0,0,1,1.65636194790487
Adair County Sheriff's Office,2003-08-01,Missouri,7707,MO00100,0,1,0,0,1,0,2,0,0,0,0,0,0,0,0,0,0,0,0,0,2,2,0,0,0,0,0,0,0,1,1,0,0,0,0,994,0,0,1325,0,0,2319,0,0,0,0,0,0,0,0,0,0,0,0,0,729,729,3048,0,0,0,0,0,0,0,75,654,75,0,0,0,0,0,0,0,1979,0,994,3048,75,0,0,0,0,0,0,0,654,0,0,729,1,1.65636194790487
Adair County Sheriff's Office,2003-09-01,Missouri,7707,MO00100,0,1,0,0,0,0,1,1,0,1,0,0,0,0,0,0,0,0,0,1,1,2,0,0,0,0,1,0,0,0,1,1,0,1,0,1491,0,0,0,0,0,1491,248,0,0,0,0,0,0,0,0,0,0,0,248,7495,7743,9483,0,0,0,0,248,0,0,0,7495,0,0,83,166,0,0,0,248,7495,0,1491,9483,0,0,0,0,0,0,0,248,7495,0,0,7743,1,1.65636194790487
Adair County Sheriff's Office,2003-10-01,Missouri,7707,MO00100,1,3,0,0,0,0,4,2,0,0,0,0,0,0,0,0,0,0,3,0,1,4,1,0,0,0,2,0,0,0,1,1,0,1,0,3318,381,0,0,0,0,3699,18220,0,0,0,0,0,0,0,0,0,0,51,0,2816,2867,24786,41,0,0,0,2817,0,0,0,8,0,8,580,0,2539,2236,0,18220,1203,0,0,24786,0,0,0,0,0,0,0,4969,0,0,0,4969,1,1.65636194790487
Adair County Sheriff's Office,2003-11-01,Missouri,7707,MO00100,0,0,1,0,0,0,1,0,0,0,0,0,0,0,0,0,0,0,2,3,2,7,0,1,0,2,1,0,0,0,3,0,0,0,0,0,0,33,0,0,0,33,0,0,0,0,0,0,0,0,0,0,0,33,538,1863,2435,2468,0,166,0,1863,83,0,0,0,323,0,0,0,83,33,0,0,0,1565,0,787,2468,0,0,0,0,0,0,0,0,0,0,0,0,1,1.65636194790487
Adair County Sheriff's Office,2003-12-01,Missouri,7707,MO00100,2,1,1,0,0,0,4,1,0,0,0,0,0,0,0,0,0,0,1,0,2,3,1,0,0,0,2,0,0,0,0,0,0,0,0,0,13963,315,0,0,0,14278,8613,0,0,0,0,0,0,0,0,0,0,41,0,7040,7081,29972,6625,0,0,0,455,0,0,0,0,0,0,0,2940,5441,0,0,8613,8895,0,4083,29972,0,0,0,0,0,0,0,0,0,0,0,0,1,1.65636194790487
Adair County Sheriff's Office,2004-01-01,Missouri,7700,MO00100,1,1,0,0,0,0,2,1,0,0,0,0,0,0,0,0,0,0,1,0,5,6,1,0,0,0,3,0,0,0,2,0,0,0,0,0,944,0,0,0,0,944,3347,0,0,0,0,0,0,0,0,0,0,40,0,49831,49871,54162,565,0,0,0,9292,0,0,0,40015,0,0,0,0,4130,2904,40,3347,43741,0,0,54162,0,0,0,0,0,0,0,0,0,0,0,0,1,1.61317347569046
Adair County Sheriff's Office,2004-02-01,Missouri,7700,MO00100,0,0,0,0,0,0,0,0,0,0,0,0,0,0,0,0,0,0,1,0,1,2,2,0,0,0,0,0,0,0,0,0,0,0,0,0,0,0,0,0,0,0,0,0,0,0,0,0,0,0,0,0,0,40,0,403,444,444,444,0,0,0,0,0,0,0,0,0,0,0,0,0,0,0,0,40,0,403,444,0,0,0,0,0,0,0,0,0,0,0,0,1,1.61317347569046
Adair County Sheriff's Office,2004-03-01,Missouri,7700,MO00100,1,0,0,0,0,0,1,0,0,0,0,0,0,0,0,0,0,0,1,1,0,2,0,0,0,0,0,0,0,0,2,0,0,0,0,0,5243,0,0,0,0,5243,0,0,0,0,0,0,0,0,0,0,0,40,161,0,202,5444,0,0,0,0,0,0,0,0,202,0,0,0,5001,0,0,0,0,202,0,242,5444,0,0,0,0,0,0,0,0,0,0,0,0,1,1.61317347569046
Adair County Sheriff's Office,2004-04-01,Missouri,7700,MO00100,1,0,0,0,1,0,2,0,0,0,0,0,0,0,0,0,0,0,0,0,0,0,0,0,0,0,0,0,0,0,0,0,0,0,0,0,161,0,516,0,0,678,0,0,0,0,0,0,0,0,0,0,0,0,0,0,0,678,0,0,0,0,0,0,0,0,0,0,516,0,0,0,0,0,0,0,0,161,678,0,242,0,0,0,0,0,0,0,0,0,242,1,1.61317347569046
Adair County Sheriff's Office,2004-05-01,Missouri,7700,MO00100,0,0,0,0,0,0,0,0,0,0,0,0,0,0,0,0,0,0,0,0,2,2,0,0,0,1,0,0,0,0,1,0,0,0,0,0,0,0,0,0,0,0,0,0,0,0,0,0,0,0,0,0,0,0,0,4752,4752,4752,0,0,0,719,0,0,0,0,4033,0,0,0,0,719,0,0,0,4033,0,0,4752,0,0,0,0,315,0,0,0,0,0,0,315,1,1.61317347569046
Adair County Sheriff's Office,2004-06-01,Missouri,7700,MO00100,0,0,1,0,0,0,1,0,0,0,0,0,0,0,0,0,0,0,0,0,0,0,0,0,0,0,0,0,0,0,0,0,0,0,0,0,0,7179,0,0,0,7179,0,0,0,0,0,0,0,0,0,0,0,0,0,0,0,7179,0,0,0,0,0,0,0,0,0,0,0,0,0,3710,0,0,0,1210,0,2258,7179,0,0,0,0,0,0,0,0,0,0,0,0,1,1.61317347569046
Adair County Sheriff's Office,2004-07-01,Missouri,7700,MO00100,0,0,2,0,0,0,2,0,0,0,0,0,0,0,0,0,0,0,0,2,3,5,0,0,0,0,3,0,0,0,2,0,0,0,0,0,0,11292,0,0,0,11292,0,0,0,0,0,0,0,0,0,0,0,0,403,8993,9397,20689,0,0,0,0,5364,0,0,0,4033,0,0,0,1694,0,0,3872,0,8671,6453,0,20689,0,0,0,0,0,0,0,0,0,0,0,0,1,1.61317347569046
Adair County Sheriff's Office,2004-08-01,Missouri,7700,MO00100,0,0,0,0,0,0,0,0,0,0,0,0,0,0,0,0,0,0,0,0,3,3,0,0,0,0,1,0,0,0,2,0,0,0,0,0,0,0,0,0,0,0,0,0,0,0,0,0,0,0,0,0,0,0,0,2581,2581,2581,0,0,0,0,645,0,0,0,1936,0,0,0,0,0,0,0,0,2581,0,0,2581,0,0,0,0,0,0,0,0,0,0,0,0,1,1.61317347569046
Adair County Sheriff's Office,2004-09-01,Missouri,7700,MO00100,0,0,0,0,0,0,0,0,0,0,0,0,0,0,0,0,0,0,0,0,1,1,0,0,0,0,0,0,0,0,1,0,0,0,0,0,0,0,0,0,0,0,0,0,0,0,0,0,0,0,0,0,0,0,0,2420,2420,2420,0,0,0,0,0,0,0,0,2420,0,0,0,0,0,0,2420,0,0,0,0,2420,0,0,0,0,0,0,0,0,0,0,0,0,1,1.61317347569046
Adair County Sheriff's Office,2004-10-01,Missouri,7700,MO00100,0,0,2,0,0,0,2,2,0,0,0,0,0,0,0,0,0,0,0,0,3,3,1,0,0,0,2,0,0,0,0,1,0,1,0,0,0,6130,0,0,0,6130,12260,0,0,0,0,0,0,0,0,0,0,0,0,4920,4920,23310,3226,0,0,0,1694,0,0,0,0,0,0,403,0,0,0,0,12260,10647,0,0,23310,0,0,0,0,0,0,0,968,0,0,0,968,1,1.61317347569046
Adair County Sheriff's Office,2004-11-01,Missouri,7700,MO00100,0,1,0,0,0,0,1,0,0,0,0,0,0,0,0,0,0,0,0,0,0,0,0,0,0,0,0,0,0,0,0,0,0,0,0,8066,0,0,0,0,0,8066,0,0,0,0,0,0,0,0,0,0,0,0,0,0,0,8066,0,0,0,0,0,0,0,0,0,0,0,0,0,0,0,0,0,8066,0,0,8066,0,0,0,0,0,0,0,0,0,0,0,0,1,1.61317347569046
Adair County Sheriff's Office,2004-12-01,Missouri,7700,MO00100,0,3,3,0,0,0,6,0,0,0,0,0,0,0,0,0,0,0,0,0,0,0,0,0,0,0,0,0,0,0,0,0,0,0,0,6211,0,8389,0,0,0,14599,0,0,0,0,0,0,0,0,0,0,0,0,0,0,0,14599,0,0,0,0,0,0,0,0,0,1613,0,0,0,2420,0,0,0,9921,0,645,14599,0,0,0,0,0,0,0,0,4444,0,0,4444,1,1.61317347569046
Adair County Sheriff's Office,2005-01-01,Missouri,7670,MO00100,0,1,1,0,0,0,2,2,0,0,0,0,0,0,0,0,0,0,0,0,4,4,0,0,0,0,0,0,0,0,4,0,1,1,1,3869,0,8550,0,0,0,12419,23404,0,0,0,0,0,0,0,0,0,0,0,0,25588,25588,61411,0,0,0,0,0,0,0,0,25588,0,0,1950,546,0,0,23092,23404,8550,0,3869,61411,0,0,0,0,0,0,0,7801,6163,0,0,13964,1,1.56023853211009
Adair County Sheriff's Office,2005-02-01,Missouri,7670,MO00100,0,0,0,0,0,0,0,0,0,0,0,0,0,0,0,0,0,0,0,0,1,1,0,0,0,0,0,0,0,0,1,0,0,0,0,0,0,0,0,0,0,0,0,0,0,0,0,0,0,0,0,0,0,0,0,1248,1248,1248,0,0,0,0,0,0,0,0,1248,0,0,0,0,0,0,1248,0,0,0,0,1248,0,0,0,0,0,0,0,0,0,0,0,0,1,1.56023853211009
Adair County Sheriff's Office,2005-03-01,Missouri,7670,MO00100,0,1,2,0,0,0,3,0,0,0,0,0,0,0,0,0,0,0,0,1,1,2,0,0,0,0,1,0,0,0,1,0,0,0,0,1092,0,26118,0,0,0,27211,0,0,0,0,0,0,0,0,0,0,0,0,234,1404,1638,28849,0,0,0,0,1404,0,0,0,234,0,0,0,14510,5383,0,0,0,3042,0,5913,28849,0,0,0,0,0,0,0,0,0,0,0,0,1,1.56023853211009
Adair County Sheriff's Office,2005-04-01,Missouri,7670,MO00100,0,0,2,0,0,0,2,0,0,0,0,0,0,0,0,0,0,0,0,1,0,1,0,0,0,0,0,0,0,0,1,0,0,0,0,0,0,17319,0,0,0,17319,0,0,0,0,0,0,0,0,0,0,0,0,78,0,78,17397,0,0,0,0,0,0,0,0,78,0,0,0,0,0,17163,0,0,234,0,0,17397,0,0,0,0,0,0,0,0,0,0,0,0,1,1.56023853211009
Adair County Sheriff's Office,2005-05-01,Missouri,7670,MO00100,0,0,0,0,0,0,0,1,0,0,0,0,0,0,0,0,0,0,0,0,1,1,0,0,0,0,0,0,0,0,1,0,0,0,0,0,0,0,0,0,0,0,6241,0,0,0,0,0,0,0,0,0,0,0,0,1170,1170,7411,0,0,0,0,0,0,0,0,1170,0,0,0,0,0,0,0,6241,1170,0,0,7411,0,0,0,0,0,0,0,0,0,0,0,0,1,1.56023853211009
Adair County Sheriff's Office,2005-06-01,Missouri,7670,MO00100,0,0,0,0,0,0,0,0,0,0,0,0,0,0,0,0,0,0,0,0,2,2,1,0,0,0,0,0,0,0,1,1,0,1,0,0,0,0,0,0,0,0,0,0,0,0,0,0,0,0,0,0,0,0,0,1638,1638,1638,1014,0,0,0,0,0,0,0,624,0,0,0,0,0,0,0,0,1638,0,0,1638,0,0,0,0,0,0,0,5461,0,0,0,5461,1,1.56023853211009
Adair County Sheriff's Office,2005-07-01,Missouri,7670,MO00100,0,0,1,0,0,0,1,0,0,0,0,0,0,0,0,0,0,0,0,2,4,6,2,0,0,0,0,0,0,0,4,0,0,0,0,0,0,4681,0,0,0,4681,0,0,0,0,0,0,0,0,0,0,0,0,312,5079,5391,10071,2418,0,0,0,0,0,0,0,2972,0,0,1139,1170,0,0,0,0,7762,0,0,10071,0,0,0,0,0,0,0,0,0,0,0,0,1,1.56023853211009
Adair County Sheriff's Office,2005-08-01,Missouri,7670,MO00100,0,0,0,0,0,0,0,0,0,0,0,0,0,0,0,0,0,0,0,0,1,1,0,0,0,0,0,0,0,0,1,0,0,0,0,0,0,0,0,0,0,0,0,0,0,0,0,0,0,0,0,0,0,0,0,3901,3901,3901,0,0,0,0,0,0,0,0,3901,0,0,0,0,0,0,0,0,3901,0,0,3901,0,0,0,0,0,0,0,0,0,0,0,0,1,1.56023853211009
Adair County Sheriff's Office,2005-09-01,Missouri,7670,MO00100,0,0,0,0,0,0,0,0,0,0,0,0,0,0,0,0,0,0,0,0,0,0,0,0,0,0,0,0,0,0,0,0,0,0,0,0,0,0,0,0,0,0,0,0,0,0,0,0,0,0,0,0,0,0,0,0,0,0,0,0,0,0,0,0,0,0,0,0,0,0,0,0,0,0,0,0,0,0,0,0,0,0,0,0,0,0,0,0,0,0,0,1,1.56023853211009
Adair County Sheriff's Office,2005-10-01,Missouri,7670,MO00100,0,0,0,0,0,0,0,0,0,0,0,0,0,0,0,0,0,0,0,0,1,1,0,0,0,0,0,0,0,0,1,0,0,0,0,0,0,0,0,0,0,0,0,0,0,0,0,0,0,0,0,0,0,0,0,936,936,936,0,0,0,0,0,0,0,0,936,0,0,0,0,0,0,0,0,936,0,0,936,0,0,0,0,0,0,0,0,0,0,0,0,1,1.56023853211009
Adair County Sheriff's Office,2005-11-01,Missouri,7670,MO00100,0,0,2,0,0,0,2,0,0,0,0,0,0,0,0,0,0,0,0,0,0,0,0,0,0,0,0,0,0,0,0,0,0,0,0,0,0,6670,0,0,0,6670,0,0,0,0,0,0,0,0,0,0,0,0,0,0,0,6670,0,0,0,0,0,0,0,0,0,0,0,0,1716,429,0,0,0,3745,0,780,6670,0,0,0,0,0,0,0,0,0,0,0,0,1,1.56023853211009
Adair County Sheriff's Office,2005-12-01,Missouri,7670,MO00100,0,1,1,0,0,0,2,2,0,0,0,0,0,0,0,0,0,0,0,1,1,2,0,0,0,0,0,0,1,0,1,0,0,0,0,1685,0,21843,0,0,0,23528,17007,0,0,0,0,0,0,0,0,0,0,0,156,5851,6007,46542,0,0,0,0,0,0,156,0,5851,0,0,0,0,0,156,5851,17007,23528,0,0,46542,0,0,0,0,0,0,0,0,0,0,0,0,1,1.56023853211009
Adair County Sheriff's Office,2006-01-01,Missouri,7578,MO00100,0,0,0,0,0,0,0,2,0,0,0,0,0,0,0,0,0,0,0,0,0,0,0,0,0,0,0,0,0,0,0,0,0,0,0,0,0,0,0,0,0,0,25695,0,0,0,0,0,0,0,0,0,0,0,0,0,0,25695,0,0,0,0,0,0,0,0,0,0,0,0,0,0,0,0,25695,0,0,0,25695,0,0,0,0,0,0,0,0,0,0,0,0,1,1.51147906246125
Adair County Sheriff's Office,2006-02-01,Missouri,7578,MO00100,0,0,0,0,0,0,0,1,0,0,0,0,0,1,0,0,0,1,0,0,1,1,0,0,0,0,1,0,0,0,0,0,1,1,0,0,0,0,0,0,0,0,9825,0,0,0,0,0,9825,0,0,0,9825,0,0,9069,9069,28718,0,0,0,0,9069,0,0,0,0,0,0,0,0,0,9069,0,9825,9825,0,0,28718,0,0,0,0,0,0,0,9825,0,0,0,9825,1,1.51147906246125
Adair County Sheriff's Office,2006-03-01,Missouri,7578,MO00100,1,1,1,0,0,0,3,0,1,0,0,0,0,0,0,0,0,0,0,0,0,0,0,0,0,0,0,0,0,0,0,0,0,0,0,222,1209,6424,0,0,0,7855,0,0,0,0,0,0,0,0,0,0,0,0,0,0,0,7855,0,0,0,0,0,0,0,0,0,0,0,222,0,0,0,0,0,7633,0,0,7855,0,0,0,0,0,0,0,0,0,0,0,0,1,1.51147906246125
Adair County Sheriff's Office,2006-04-01,Missouri,7578,MO00100,0,0,1,0,0,0,1,1,0,0,0,0,0,0,0,0,0,0,0,1,0,1,0,0,0,1,0,0,0,0,0,1,0,1,0,0,0,756,0,0,0,756,10580,0,0,0,0,0,0,0,0,0,0,0,151,0,151,11487,0,0,0,151,0,0,0,0,0,0,0,0,0,0,0,0,10580,0,0,907,11487,0,0,0,0,0,0,0,10580,0,0,0,10580,1,1.51147906246125
Adair County Sheriff's Office,2006-05-01,Missouri,7578,MO00100,0,0,0,0,0,0,0,0,0,0,0,0,0,0,0,0,0,0,0,0,2,2,0,0,0,0,1,0,0,0,1,0,0,0,0,0,0,0,0,0,0,0,0,0,0,0,0,0,0,0,0,0,0,0,0,907,907,907,0,0,0,0,453,0,0,0,453,0,0,0,0,0,0,0,0,453,0,453,907,0,0,0,0,0,0,0,0,0,0,0,0,1,1.51147906246125
Adair County Sheriff's Office,2006-06-01,Missouri,7578,MO00100,0,0,0,0,0,0,0,0,0,0,0,0,0,0,0,0,0,0,0,0,1,1,0,0,0,0,0,0,0,0,1,0,0,0,0,0,0,0,0,0,0,0,0,0,0,0,0,0,0,0,0,0,0,0,0,1211,1211,1211,0,0,0,0,0,0,0,0,1211,0,0,0,0,0,0,0,0,1211,0,0,1211,0,0,0,0,0,0,0,0,0,0,0,0,1,1.51147906246125
Adair County Sheriff's Office,2006-07-01,Missouri,7578,MO00100,0,0,0,0,0,0,0,0,0,0,0,0,0,0,0,0,0,0,0,0,0,0,0,0,0,0,0,0,0,0,0,0,0,0,0,0,0,0,0,0,0,0,0,0,0,0,0,0,0,0,0,0,0,0,0,0,0,0,0,0,0,0,0,0,0,0,0,0,0,0,0,0,0,0,0,0,0,0,0,0,0,0,0,0,0,0,0,0,0,0,0,1,1.51147906246125
Adair County Sheriff's Office,2006-08-01,Missouri,7578,MO00100,0,0,0,0,0,0,0,2,0,0,0,0,0,0,0,0,0,0,0,0,0,0,0,0,0,0,0,0,0,0,0,0,0,0,0,0,0,0,0,0,0,0,13603,0,0,0,0,0,0,0,0,0,0,0,0,0,0,13603,0,0,0,0,0,0,0,0,0,0,0,0,0,0,0,0,13603,0,0,0,13603,0,0,0,0,0,0,0,0,0,0,0,0,1,1.51147906246125
Adair County Sheriff's Office,2006-09-01,Missouri,7578,MO00100,0,0,0,0,0,0,0,0,0,0,0,0,0,0,0,0,0,0,0,0,0,0,0,0,0,0,0,0,0,0,0,0,0,0,0,0,0,0,0,0,0,0,0,0,0,0,0,0,0,0,0,0,0,0,0,0,0,0,0,0,0,0,0,0,0,0,0,0,0,0,0,0,0,0,0,0,0,0,0,0,0,0,0,0,0,0,0,0,0,0,0,1,1.51147906246125
Adair County Sheriff's Office,2006-10-01,Missouri,7578,MO00100,0,0,0,0,0,0,0,0,0,0,0,0,0,0,0,0,0,0,1,0,2,3,0,0,0,0,1,0,0,0,2,0,0,0,0,0,0,0,0,0,0,0,0,0,0,0,0,0,0,0,0,0,0,15,0,25468,25484,25484,0,0,0,0,22823,0,0,0,2660,756,0,605,0,1889,12092,0,0,5834,0,4308,25484,0,0,0,0,0,0,0,0,15,0,0,15,1,1.51147906246125
Adair County Sheriff's Office,2006-11-01,Missouri,7578,MO00100,0,0,0,0,0,0,0,0,0,0,0,0,0,0,0,0,0,0,0,0,0,0,0,0,0,0,0,0,0,0,0,0,0,0,0,0,0,0,0,0,0,0,0,0,0,0,0,0,0,0,0,0,0,0,0,0,0,0,0,0,0,0,0,0,0,0,0,0,0,0,0,0,0,0,0,0,0,0,0,0,0,0,0,0,0,0,0,0,0,0,0,1,1.51147906246125
Adair County Sheriff's Office,2006-12-01,Missouri,7578,MO00100,0,1,1,0,0,0,2,0,0,0,0,0,0,0,0,0,0,0,0,0,0,0,0,0,0,0,0,0,0,0,0,0,0,0,0,0,0,907,0,0,0,907,0,0,0,0,0,0,0,0,0,0,0,0,0,0,0,907,0,0,0,0,0,0,0,0,0,0,0,0,0,0,0,0,0,0,0,907,907,0,0,0,0,0,0,0,0,0,0,0,0,1,1.51147906246125
Adair County Sheriff's Office,2007-01-01,Missouri,7453,MO00100,0,0,0,0,0,0,0,0,0,0,0,0,0,0,0,0,0,0,0,0,0,0,0,0,0,0,0,0,0,0,0,0,0,0,0,0,0,0,0,0,0,0,0,0,0,0,0,0,0,0,0,0,0,0,0,0,0,0,0,0,0,0,0,0,0,0,0,0,0,0,0,0,0,0,0,0,0,0,0,0,0,0,0,0,0,0,0,0,0,0,0,1,1.46955740283082
Adair County Sheriff's Office,2007-02-01,Missouri,7453,MO00100,1,0,0,0,0,0,1,0,0,0,0,0,0,0,0,0,0,0,0,4,1,5,0,0,0,0,0,0,0,0,5,0,0,0,0,0,735,0,0,0,0,735,0,0,0,0,0,0,0,0,0,0,0,0,367,514,882,1617,0,0,0,0,0,0,0,0,882,0,0,0,0,0,0,0,0,882,0,735,1617,0,0,0,0,0,0,0,0,0,0,0,0,1,1.46955740283082
Adair County Sheriff's Office,2007-03-01,Missouri,7453,MO00100,0,0,2,0,0,0,2,0,0,0,0,0,0,0,0,0,0,0,0,0,0,0,0,0,0,0,0,0,0,0,0,0,0,0,0,0,0,6099,0,0,0,6099,0,0,0,0,0,0,0,0,0,0,0,0,0,0,0,6099,0,0,0,0,0,0,0,0,0,0,0,0,1910,3600,0,0,0,588,0,0,6099,0,0,0,0,0,0,0,0,0,0,0,0,1,1.46955740283082
Adair County Sheriff's Office,2007-04-01,Missouri,7453,MO00100,0,0,0,0,0,0,0,0,0,0,0,0,0,0,0,0,0,0,0,0,0,0,0,0,0,0,0,0,0,0,0,0,0,0,0,0,0,0,0,0,0,0,0,0,0,0,0,0,0,0,0,0,0,0,0,0,0,0,0,0,0,0,0,0,0,0,0,0,0,0,0,0,0,0,0,0,0,0,0,0,0,0,0,0,0,0,0,0,0,0,0,1,1.46955740283082
Adair County Sheriff's Office,2007-05-01,Missouri,7453,MO00100,0,0,0,0,0,0,0,0,0,0,0,0,0,0,0,0,0,0,0,0,1,1,0,0,0,0,0,0,0,0,1,0,0,0,0,0,0,0,0,0,0,0,0,0,0,0,0,0,0,0,0,0,0,0,0,735,735,735,0,0,0,0,0,0,0,0,735,0,0,0,0,0,0,0,0,735,0,0,735,0,0,0,0,0,0,0,0,0,0,0,0,1,1.46955740283082
Adair County Sheriff's Office,2007-06-01,Missouri,7453,MO00100,0,0,0,0,0,0,0,0,0,0,0,0,0,0,0,0,0,0,0,0,2,2,0,0,0,0,2,0,0,0,0,0,0,0,0,0,0,0,0,0,0,0,0,0,0,0,0,0,0,0,0,0,0,0,0,13961,13961,13961,0,0,0,0,13961,0,0,0,0,0,0,11756,0,0,2204,0,0,0,0,0,13961,0,0,0,0,0,0,0,0,0,0,0,0,1,1.46955740283082
Adair County Sheriff's Office,2007-07-01,Missouri,7453,MO00100,0,0,0,0,0,0,0,0,0,0,0,0,0,0,0,0,0,0,0,0,1,1,0,0,0,0,0,0,0,0,1,0,0,0,0,0,0,0,0,0,0,0,0,0,0,0,0,0,0,0,0,0,0,0,0,882,882,882,0,0,0,0,0,0,0,0,882,0,0,0,0,0,0,0,0,882,0,0,882,0,0,0,0,0,0,0,0,0,0,0,0,1,1.46955740283082
Adair County Sheriff's Office,2007-08-01,Missouri,7453,MO00100,0,1,0,0,0,0,1,1,0,0,0,0,0,0,0,0,0,0,0,1,0,1,0,0,0,0,0,0,0,0,1,1,0,1,0,1470,0,0,0,0,0,1470,3674,0,0,0,0,0,0,0,0,0,0,0,147,0,147,5290,0,0,0,0,0,0,0,0,147,0,1440,29,0,0,0,0,3674,147,0,0,5290,0,0,0,0,0,0,0,2939,0,0,0,2939,1,1.46955740283082
Adair County Sheriff's Office,2007-09-01,Missouri,7453,MO00100,0,0,0,0,0,0,0,0,0,0,0,0,0,0,0,0,0,0,0,0,0,0,0,0,0,0,0,0,0,0,0,0,0,0,0,0,0,0,0,0,0,0,0,0,0,0,0,0,0,0,0,0,0,0,0,0,0,0,0,0,0,0,0,0,0,0,0,0,0,0,0,0,0,0,0,0,0,0,0,0,0,0,0,0,0,0,0,0,0,0,0,1,1.46955740283082
Adair County Sheriff's Office,2007-10-01,Missouri,7453,MO00100,0,0,0,0,0,0,0,0,0,0,0,0,0,0,0,0,0,0,0,0,2,2,0,0,0,1,0,0,0,0,1,0,0,0,0,0,0,0,0,0,0,0,0,0,0,0,0,0,0,0,0,0,0,0,0,15430,15430,15430,0,0,0,735,0,0,0,0,14696,0,0,0,0,0,0,14696,0,0,0,735,15430,0,0,0,0,0,0,0,0,0,0,0,0,1,1.46955740283082
Adair County Sheriff's Office,2007-11-01,Missouri,7453,MO00100,0,0,0,0,0,0,0,0,0,0,0,0,0,0,0,0,0,0,0,0,0,0,0,0,0,0,0,0,0,0,0,0,0,0,0,0,0,0,0,0,0,0,0,0,0,0,0,0,0,0,0,0,0,0,0,0,0,0,0,0,0,0,0,0,0,0,0,0,0,0,0,0,0,0,0,0,0,0,0,0,0,0,0,0,0,0,0,0,0,0,0,1,1.46955740283082
Adair County Sheriff's Office,2007-12-01,Missouri,7453,MO00100,0,0,1,0,0,0,1,0,0,0,0,0,0,0,0,0,0,0,0,0,0,0,0,0,0,0,0,0,0,0,0,0,0,0,0,0,0,1470,0,0,0,1470,0,0,0,0,0,0,0,0,0,0,0,0,0,0,0,1470,0,0,0,0,0,0,0,0,0,0,0,0,0,1470,0,0,0,0,0,0,1470,0,0,0,0,0,0,0,0,0,0,0,0,1,1.46955740283082
Adair County Sheriff's Office,2008-01-01,Missouri,7442,MO00100,0,0,0,0,0,0,0,0,0,0,0,0,0,0,0,0,0,0,0,1,0,1,0,0,0,1,0,0,0,0,0,0,0,0,0,0,0,0,0,0,0,0,0,0,0,0,0,0,0,0,0,0,0,0,212,0,212,212,0,0,0,212,0,0,0,0,0,0,0,0,0,0,0,0,0,212,0,0,212,0,0,0,0,0,0,0,0,0,0,0,0,1,1.41522547733228
Adair County Sheriff's Office,2008-02-01,Missouri,7442,MO00100,0,0,0,0,0,0,0,0,0,0,0,0,0,0,0,0,0,0,0,0,0,0,0,0,0,0,0,0,0,0,0,0,0,0,0,0,0,0,0,0,0,0,0,0,0,0,0,0,0,0,0,0,0,0,0,0,0,0,0,0,0,0,0,0,0,0,0,0,0,0,0,0,0,0,0,0,0,0,0,0,0,0,0,0,0,0,0,0,0,0,0,1,1.41522547733228
Adair County Sheriff's Office,2008-03-01,Missouri,7442,MO00100,0,1,0,0,0,0,1,0,0,0,0,0,0,0,0,0,0,0,0,0,0,0,0,0,0,0,0,0,0,0,0,0,0,0,0,1415,0,0,0,0,0,1415,0,0,0,0,0,0,0,0,0,0,0,0,0,0,0,1415,0,0,0,0,0,0,0,0,0,0,1415,0,0,0,0,0,0,0,0,0,1415,0,0,0,0,0,0,0,0,0,0,0,0,1,1.41522547733228
Adair County Sheriff's Office,2008-04-01,Missouri,7442,MO00100,0,0,0,0,0,0,0,0,0,0,0,0,0,0,0,0,0,0,0,0,0,0,0,0,0,0,0,0,0,0,0,0,0,0,0,0,0,0,0,0,0,0,0,0,0,0,0,0,0,0,0,0,0,0,0,0,0,0,0,0,0,0,0,0,0,0,0,0,0,0,0,0,0,0,0,0,0,0,0,0,0,0,0,0,0,0,0,0,0,0,0,1,1.41522547733228
Adair County Sheriff's Office,2008-05-01,Missouri,7442,MO00100,1,0,0,0,0,0,1,0,0,0,0,0,0,0,0,0,0,0,0,0,0,0,0,0,0,0,0,0,0,0,0,0,0,0,0,0,14152,0,0,0,0,14152,0,0,0,0,0,0,0,0,0,0,0,0,0,0,0,14152,0,0,0,0,0,0,0,0,0,0,0,7076,7076,0,0,0,0,0,0,0,14152,0,0,0,0,0,0,0,0,0,0,0,0,1,1.41522547733228
Adair County Sheriff's Office,2008-06-01,Missouri,7442,MO00100,0,0,0,0,0,0,0,0,0,2,0,0,0,0,0,0,0,0,0,0,0,0,0,0,0,0,0,0,0,0,0,0,0,0,0,0,0,0,0,0,0,0,0,0,0,0,0,0,0,0,0,0,0,0,0,0,0,0,0,0,0,0,0,0,0,0,0,0,0,0,0,0,0,0,0,0,0,0,0,0,0,0,0,0,0,0,0,0,0,0,0,1,1.41522547733228
Adair County Sheriff's Office,2008-07-01,Missouri,7442,MO00100,0,0,0,0,0,0,0,1,0,0,0,0,0,0,0,0,0,0,0,0,0,0,0,0,0,0,0,0,0,0,0,1,0,1,0,0,0,0,0,0,0,0,7076,0,0,0,0,0,0,0,0,0,0,0,0,0,0,7076,0,0,0,0,0,0,0,0,0,0,0,0,0,0,0,0,7076,0,0,0,7076,0,0,0,0,0,0,0,7076,0,0,0,7076,1,1.41522547733228
Adair County Sheriff's Office,2008-08-01,Missouri,7442,MO00100,0,0,0,0,0,0,0,1,0,0,0,0,0,0,0,0,0,0,0,0,0,0,0,0,0,0,0,0,0,0,0,0,0,0,0,0,0,0,0,0,0,0,9907,0,0,0,0,0,0,0,0,0,0,0,0,0,0,9907,0,0,0,0,0,0,0,0,0,0,0,0,0,0,0,0,9907,0,0,0,9907,0,0,0,0,0,0,0,0,0,0,0,0,1,1.41522547733228
Adair County Sheriff's Office,2008-09-01,Missouri,7442,MO00100,0,0,0,0,0,0,0,0,0,0,0,0,0,0,0,0,0,0,0,0,0,0,0,0,0,0,0,0,0,0,0,0,0,0,0,0,0,0,0,0,0,0,0,0,0,0,0,0,0,0,0,0,0,0,0,0,0,0,0,0,0,0,0,0,0,0,0,0,0,0,0,0,0,0,0,0,0,0,0,0,0,0,0,0,0,0,0,0,0,0,0,1,1.41522547733228
Adair County Sheriff's Office,2008-10-01,Missouri,7442,MO00100,0,0,0,0,0,0,0,0,0,0,0,0,0,0,0,0,0,0,0,0,0,0,0,0,0,0,0,0,0,0,0,0,0,0,0,0,0,0,0,0,0,0,0,0,0,0,0,0,0,0,0,0,0,0,0,0,0,0,0,0,0,0,0,0,0,0,0,0,0,0,0,0,0,0,0,0,0,0,0,0,0,0,0,0,0,0,0,0,0,0,0,1,1.41522547733228
Adair County Sheriff's Office,2008-11-01,Missouri,7442,MO00100,0,0,0,0,0,0,0,0,0,0,0,0,0,0,0,0,0,0,0,0,0,0,0,0,0,0,0,0,0,0,0,0,0,0,0,0,0,0,0,0,0,0,0,0,0,0,0,0,0,0,0,0,0,0,0,0,0,0,0,0,0,0,0,0,0,0,0,0,0,0,0,0,0,0,0,0,0,0,0,0,0,0,0,0,0,0,0,0,0,0,0,1,1.41522547733228
Adair County Sheriff's Office,2008-12-01,Missouri,7442,MO00100,0,1,5,0,0,0,6,0,0,0,0,0,0,0,0,0,0,0,0,0,1,1,0,0,0,0,0,0,0,0,1,0,0,0,0,393,0,16550,0,0,0,16943,0,0,0,0,0,0,0,0,0,0,0,0,0,283,283,17226,0,0,0,0,0,0,0,0,283,0,0,4152,3538,8859,0,0,0,566,0,110,17226,0,0,0,0,566,0,0,0,0,0,0,566,1,1.41522547733228
Adair County Sheriff's Office,2009-01-01,Missouri,7566,MO00100,0,0,2,0,0,0,2,0,0,0,0,0,0,0,0,0,0,0,1,2,5,8,0,0,0,1,3,0,0,0,4,0,0,0,0,0,0,21304,0,0,0,21304,0,0,0,0,0,0,0,0,0,0,0,0,249,51745,51993,73298,0,0,0,1704,21553,0,0,0,28736,0,0,107,142,0,0,0,0,44146,0,28903,73298,0,0,0,0,0,0,0,0,295,0,0,295,1,1.42027521282265
Adair County Sheriff's Office,2009-02-01,Missouri,7566,MO00100,1,0,0,0,0,0,1,0,0,0,0,0,0,0,0,0,0,0,0,1,5,6,0,0,0,1,3,0,0,0,2,1,0,1,0,0,8245,0,0,0,0,8245,0,0,0,0,0,0,0,0,0,0,0,0,71,22014,22085,30330,0,0,0,71,17753,0,0,0,4261,710,0,0,994,0,1314,1420,0,24628,0,1264,30330,0,0,0,0,0,0,0,2841,1207,0,0,4048,1,1.42027521282265
Adair County Sheriff's Office,2009-03-01,Missouri,7566,MO00100,0,0,1,0,0,0,1,1,0,0,0,0,0,0,0,0,0,0,0,2,5,7,0,0,0,0,5,0,0,0,2,1,0,1,0,0,0,2130,0,0,0,2130,1136,0,0,0,0,0,0,0,0,0,0,0,213,22697,22910,26177,0,0,0,0,21845,0,0,0,1065,0,0,18437,2841,142,0,0,1136,3622,0,0,26177,0,0,0,0,0,0,0,1136,0,0,0,1136,1,1.42027521282265
Adair County Sheriff's Office,2009-04-01,Missouri,7566,MO00100,0,0,0,1,0,3,4,1,0,0,0,0,0,0,0,0,0,0,2,0,5,7,0,0,0,0,6,0,0,0,1,0,0,0,0,0,0,0,0,0,3629,3629,710,0,0,0,0,0,0,0,0,0,0,36,0,2109,2145,6484,0,0,0,0,1790,0,0,0,355,0,18,618,852,568,0,355,710,2556,14,791,6484,0,0,0,0,0,0,0,0,0,0,0,0,1,1.42027521282265
Adair County Sheriff's Office,2009-05-01,Missouri,7566,MO00100,0,2,0,0,0,0,2,2,0,0,0,0,0,0,0,0,0,0,2,0,4,6,2,0,0,1,1,0,0,0,2,1,0,1,0,3120,0,0,0,0,0,3120,2841,0,0,0,0,0,0,0,0,0,0,135,0,6050,6185,12146,3120,0,0,1484,1140,0,0,0,440,0,0,0,0,933,0,0,2841,5745,0,2628,12146,0,0,0,0,4261,0,0,710,0,0,0,4971,1,1.42027521282265
Adair County Sheriff's Office,2009-06-01,Missouri,7566,MO00100,0,0,1,0,0,0,1,1,0,0,0,0,0,0,0,0,0,0,2,1,0,3,0,0,0,0,0,0,0,0,3,1,0,1,0,0,0,7101,0,0,0,7101,2841,0,0,0,0,0,0,0,0,0,0,64,107,0,170,10112,0,0,0,0,0,0,0,0,170,0,64,0,0,0,0,0,2841,7208,0,0,10112,0,0,0,0,0,0,0,2841,0,0,0,2841,1,1.42027521282265
Adair County Sheriff's Office,2009-07-01,Missouri,7566,MO00100,0,1,0,0,0,0,1,2,0,0,0,0,0,0,0,0,0,0,0,0,4,4,0,0,0,0,0,0,0,0,4,2,0,2,0,4261,0,0,0,0,0,4261,9942,0,0,0,0,0,0,0,0,0,0,0,0,2699,2699,16901,0,0,0,0,0,0,0,0,2699,0,568,0,0,0,0,0,9942,5681,0,710,16901,0,0,0,0,0,0,0,9942,2130,0,0,12072,1,1.42027521282265
Adair County Sheriff's Office,2009-08-01,Missouri,7566,MO00100,0,0,4,0,0,0,4,2,0,0,0,0,0,0,0,0,0,0,0,1,0,1,0,0,0,0,0,0,0,0,1,2,0,2,0,0,0,8380,0,0,0,8380,7527,0,0,0,0,0,0,0,0,0,0,0,107,0,107,16014,0,0,0,0,0,0,0,0,107,0,0,0,0,0,4971,107,7527,2699,0,710,16014,0,0,0,0,0,0,0,7527,0,0,0,7527,1,1.42027521282265
Adair County Sheriff's Office,2009-09-01,Missouri,7566,MO00100,0,0,2,1,1,0,4,0,0,0,0,0,0,0,0,0,0,0,2,0,4,6,0,0,0,1,2,0,0,0,3,0,0,0,0,0,0,1704,284,0,0,1988,0,0,0,0,0,0,0,0,0,0,0,57,0,6959,7016,9005,0,0,0,710,341,0,0,0,5965,0,0,0,284,1420,0,1704,0,5596,0,0,9005,0,0,0,0,0,0,0,0,0,0,0,0,1,1.42027521282265
Adair County Sheriff's Office,2009-10-01,Missouri,7566,MO00100,0,0,3,0,0,1,4,0,0,0,0,0,0,0,0,0,0,0,3,3,0,6,0,0,0,2,1,0,0,0,3,0,0,0,0,0,0,4545,0,0,142,4687,0,0,0,0,0,0,0,0,0,0,0,99,440,0,540,5227,0,0,0,156,43,0,0,0,341,0,185,2841,0,0,1420,0,0,497,0,284,5227,0,0,0,0,0,0,0,0,0,0,0,0,1,1.42027521282265
Adair County Sheriff's Office,2009-11-01,Missouri,7566,MO00100,0,0,1,0,0,0,1,2,0,0,0,0,0,0,0,0,0,0,1,0,7,8,0,0,0,3,5,0,0,0,0,2,0,2,0,0,0,497,0,0,0,497,8522,0,0,0,0,0,0,0,0,0,0,28,0,16417,16445,25464,0,0,0,4245,12200,0,0,0,0,0,0,852,923,0,0,2727,8522,11588,0,852,25464,0,0,0,0,0,0,0,8522,0,0,0,8522,1,1.42027521282265
Adair County Sheriff's Office,2009-12-01,Missouri,7566,MO00100,0,4,1,0,1,0,6,1,0,0,0,0,0,0,0,0,0,0,2,1,3,6,0,0,0,0,3,0,0,0,3,1,0,1,0,1136,0,385,710,0,0,2231,2841,0,0,0,0,0,0,0,0,0,0,21,268,6761,7050,12122,0,0,0,0,1862,0,0,0,5188,0,0,30,1420,923,0,0,2841,5942,0,966,12122,0,0,0,0,0,0,0,2841,0,0,0,2841,1,1.42027521282265
Adair County Sheriff's Office,2010-01-01,Missouri,8102,MO00100,0,1,0,0,0,0,1,0,0,0,0,0,0,0,0,0,0,0,1,2,7,10,0,0,0,1,4,0,0,0,5,0,0,0,0,2795,0,0,0,0,0,2795,0,0,0,0,0,0,0,0,0,0,0,56,265,12807,13128,15923,0,0,0,196,6009,0,0,0,6924,0,0,4192,349,838,0,6288,0,3025,0,1230,15923,0,0,0,0,0,0,0,0,0,0,0,0,1,1.3973579356326
Adair County Sheriff's Office,2010-02-01,Missouri,8102,MO00100,1,0,0,0,0,0,1,0,0,0,0,0,0,0,0,0,0,0,0,1,4,5,0,0,0,3,1,0,0,0,1,0,0,0,0,0,349,0,0,0,0,349,0,0,0,0,0,0,0,0,0,0,0,0,81,5525,5606,5956,0,0,0,3253,257,0,0,0,2096,0,0,70,573,0,0,0,0,2958,0,2355,5956,0,0,0,0,0,0,0,0,0,0,0,0,1,1.3973579356326
Adair County Sheriff's Office,2010-03-01,Missouri,8102,MO00100,0,0,0,0,0,0,0,0,0,0,0,0,0,0,0,0,0,0,1,1,5,7,0,0,0,3,1,0,0,0,3,0,0,0,0,0,0,0,0,0,0,0,0,0,0,0,0,0,0,0,0,0,0,25,261,5177,5464,5464,0,0,0,1429,279,0,0,0,3755,0,25,261,279,3493,0,0,0,1404,0,0,5464,0,25,0,0,3493,0,0,0,0,0,0,3519,1,1.3973579356326
Adair County Sheriff's Office,2010-04-01,Missouri,8102,MO00100,1,0,0,0,0,0,1,0,0,0,0,0,0,0,0,0,0,0,0,1,5,6,0,0,0,1,3,0,0,0,2,0,0,0,0,0,2233,0,0,0,0,2233,0,0,0,0,0,0,0,0,0,0,0,0,75,3270,3345,5578,0,0,0,810,2110,0,0,0,425,0,509,0,0,1006,0,0,0,1831,0,2233,5578,0,0,0,0,0,0,0,0,0,0,0,0,1,1.3973579356326
Adair County Sheriff's Office,2010-05-01,Missouri,8102,MO00100,0,0,2,0,1,2,5,0,0,0,0,0,0,0,0,0,0,0,1,3,2,6,0,0,0,2,0,0,0,0,4,0,0,0,0,0,0,482,1052,0,1972,3506,0,0,0,0,0,0,0,0,0,0,0,42,373,629,1044,4550,0,0,0,541,0,0,0,0,503,56,801,252,0,602,0,0,0,1949,0,890,4550,0,0,0,0,0,0,0,0,0,0,0,0,1,1.3973579356326
Adair County Sheriff's Office,2010-06-01,Missouri,8102,MO00100,0,1,0,0,1,2,4,4,0,0,0,0,0,0,0,0,0,0,2,1,2,5,0,0,0,2,1,0,0,0,2,2,1,3,0,2296,0,0,0,0,5782,8078,14323,0,0,0,0,0,0,0,0,0,0,63,101,15930,16093,38494,0,0,0,101,15220,0,0,0,773,0,0,8,2989,161,4819,0,14323,16194,0,0,38494,0,0,0,0,0,0,0,12576,0,0,0,12576,1,1.3973579356326
Adair County Sheriff's Office,2010-07-01,Missouri,8102,MO00100,1,0,0,0,0,0,1,0,0,0,0,0,0,0,0,0,0,0,2,3,2,7,1,0,0,0,2,0,0,0,4,0,0,0,0,0,349,0,0,0,0,349,0,0,0,0,0,0,0,0,0,0,0,46,245,4332,4622,4972,81,0,0,0,1223,0,0,0,3319,0,11,0,349,210,279,2795,0,210,0,1118,4972,0,0,0,349,0,279,2795,0,0,0,0,3424,1,1.3973579356326
Adair County Sheriff's Office,2010-08-01,Missouri,8102,MO00100,0,1,1,0,0,0,2,0,0,0,0,0,0,0,0,0,0,0,0,3,5,8,1,0,0,1,0,0,0,0,6,0,0,0,0,5056,0,774,0,0,0,5830,0,0,0,0,0,0,0,0,0,0,0,0,447,9069,9516,15346,613,0,0,70,0,0,0,0,8833,0,130,0,252,5077,0,0,0,9204,0,683,15346,0,0,0,0,0,0,0,0,0,0,0,0,1,1.3973579356326
Adair County Sheriff's Office,2010-09-01,Missouri,8102,MO00100,0,0,0,0,0,0,0,1,0,0,0,0,0,0,0,0,0,0,1,2,7,10,0,0,0,1,4,0,0,0,5,1,0,1,0,0,0,0,0,0,0,0,699,0,0,0,0,0,0,0,0,0,0,60,279,2320,2659,3358,0,0,0,70,852,0,0,0,1737,0,307,56,0,279,0,0,699,2016,0,0,3358,0,0,0,0,0,0,0,699,0,0,0,699,1,1.3973579356326
Adair County Sheriff's Office,2010-10-01,Missouri,8102,MO00100,2,0,3,0,0,1,6,1,1,0,0,0,0,0,0,0,0,0,1,2,10,13,2,0,0,1,2,0,0,1,7,1,0,1,0,0,796,755,0,0,2627,4178,4681,0,0,0,0,0,0,0,0,0,0,28,207,5589,5824,14683,1327,0,0,81,349,0,0,28,4038,0,0,1006,349,2515,699,0,489,8773,0,852,14683,0,0,0,0,0,0,0,4192,0,0,0,4192,1,1.3973579356326
Adair County Sheriff's Office,2010-11-01,Missouri,8102,MO00100,2,0,1,0,0,1,4,1,0,0,0,0,0,0,0,0,0,0,3,1,6,10,0,0,0,0,4,0,0,1,5,1,0,1,0,0,2937,2096,0,0,2236,7269,6987,0,0,0,0,0,0,0,0,0,0,21,165,5803,5989,20245,0,0,0,0,584,0,0,70,5335,14,8,915,2480,2236,14,0,6987,5568,0,2022,20245,0,0,0,0,0,0,0,6987,0,0,0,6987,1,1.3973579356326
Adair County Sheriff's Office,2010-12-01,Missouri,8102,MO00100,0,2,0,0,0,0,2,1,0,1,0,0,0,0,0,0,0,0,0,1,7,8,0,0,0,0,2,0,0,0,6,0,0,0,0,4639,0,0,0,0,0,4639,1397,0,0,0,0,0,0,0,0,0,0,0,105,2173,2278,8314,0,0,0,0,105,0,0,0,2173,112,0,0,0,161,1886,0,1397,3780,0,978,8314,0,0,0,0,0,0,0,0,0,0,0,0,1,1.3973579356326
Adair County Sheriff's Office,2011-01-01,Missouri,8131,MO00100,0,3,0,2,0,0,5,1,0,0,0,0,0,0,0,0,0,0,0,0,2,2,0,0,0,0,2,0,0,0,0,1,0,1,0,637,0,0,0,4565,0,5202,5418,0,0,0,0,0,0,0,0,0,0,0,0,3386,3386,14007,0,0,0,0,3386,0,0,0,0,34,0,4118,0,68,0,0,5418,4369,0,0,14007,0,0,0,0,0,0,0,5418,0,0,0,5418,1,1.35459550174677
Adair County Sheriff's Office,2011-02-01,Missouri,8131,MO00100,1,0,1,0,0,0,2,0,0,0,0,0,0,0,0,0,0,0,1,1,5,7,0,0,0,0,1,0,0,0,6,0,0,0,0,0,4741,203,0,0,0,4944,0,0,0,0,0,0,0,0,0,0,0,66,270,5286,5622,10566,0,0,0,0,271,0,0,0,5351,0,0,4741,0,406,0,1896,0,3319,0,203,10566,0,0,0,0,0,0,1896,0,0,0,0,1896,1,1.35459550174677
Adair County Sheriff's Office,2011-03-01,Missouri,8131,MO00100,1,2,1,0,3,1,8,0,0,0,0,0,0,0,0,0,0,0,1,3,4,8,0,0,0,1,3,0,0,0,4,0,0,0,0,271,1084,813,2167,0,1084,5418,0,0,0,0,0,0,0,0,0,0,0,43,270,2870,3183,8602,0,0,0,271,1151,0,0,0,1761,813,0,1070,0,325,1084,0,0,5039,0,271,8602,0,0,0,0,0,0,0,0,0,0,0,0,1,1.35459550174677
Adair County Sheriff's Office,2011-04-01,Missouri,8131,MO00100,1,0,2,0,2,1,6,1,0,0,0,0,0,0,0,0,0,0,1,1,9,11,1,0,0,2,5,0,0,0,3,1,0,1,0,0,1632,1490,1844,0,0,4966,2032,0,0,0,0,0,0,0,0,0,0,50,169,7815,8034,15032,1185,0,0,169,4064,0,0,0,2616,0,0,354,0,2738,1558,0,2032,7267,0,1084,15032,0,0,0,0,0,0,0,2032,0,0,0,2032,1,1.35459550174677
Adair County Sheriff's Office,2011-05-01,Missouri,8131,MO00100,0,0,1,0,0,0,1,0,0,1,0,0,0,0,0,0,0,0,3,1,3,7,1,0,0,3,1,0,0,0,2,0,0,0,0,0,0,0,0,0,0,0,0,0,0,0,0,0,0,0,0,0,0,61,68,18313,18441,18441,12254,0,0,1405,54,0,0,0,4729,339,135,444,0,1084,1016,0,0,13798,0,1626,18441,0,0,0,0,0,0,0,0,0,0,0,0,1,1.35459550174677
Adair County Sheriff's Office,2011-06-01,Missouri,8131,MO00100,0,0,0,0,0,1,1,0,0,0,0,0,0,0,0,0,0,0,2,1,6,9,0,0,0,1,0,0,0,0,8,0,0,0,0,0,0,0,0,0,0,0,0,0,0,0,0,0,0,0,0,0,0,0,135,5772,5907,5907,0,0,0,135,0,0,0,0,5772,0,0,2927,0,0,0,0,0,2845,0,135,5907,0,0,0,0,0,0,0,0,0,0,0,0,1,1.35459550174677
Adair County Sheriff's Office,2011-07-01,Missouri,8131,MO00100,1,1,1,0,0,0,3,1,0,0,0,0,0,0,0,0,0,0,1,1,6,8,1,0,0,4,1,0,0,0,2,1,0,1,0,190,0,0,0,0,0,190,4741,0,0,0,0,0,0,0,0,0,0,0,135,16102,16238,21168,2303,0,0,7033,0,0,0,0,6902,27,34,81,1188,135,6077,0,4741,8343,0,542,21168,0,0,0,0,0,0,0,4741,2303,0,0,7044,1,1.35459550174677
Adair County Sheriff's Office,2011-08-01,Missouri,8131,MO00100,0,1,2,0,0,2,5,1,0,0,0,0,0,0,0,0,0,0,1,2,8,11,2,0,0,2,3,0,0,0,4,1,0,1,0,0,0,406,0,0,366,772,948,0,0,0,0,0,0,0,0,0,0,0,257,15009,15266,16987,3686,0,0,6726,3988,0,0,0,867,163,0,684,0,1716,0,0,948,7043,0,6433,16987,0,0,0,0,0,0,0,948,0,0,0,948,1,1.35459550174677
Adair County Sheriff's Office,2011-09-01,Missouri,8131,MO00100,0,2,3,0,0,2,7,0,0,0,0,0,0,0,0,0,0,0,1,2,11,14,3,0,0,0,7,0,0,0,4,0,0,0,0,3908,0,1029,0,0,542,5479,0,0,0,0,0,0,0,0,0,0,0,0,237,12137,12374,17854,1409,0,0,0,5479,0,0,0,5486,115,203,4064,4592,630,0,339,0,7132,271,508,17854,0,0,0,0,0,0,0,0,68,0,0,68,1,1.35459550174677
Adair County Sheriff's Office,2011-10-01,Missouri,8131,MO00100,0,0,2,0,0,2,4,0,0,1,0,0,0,0,0,0,0,0,1,1,9,11,3,0,0,0,3,0,0,0,5,0,0,0,0,0,0,6570,0,0,23231,29801,0,0,0,0,0,0,0,0,0,0,0,58,135,14567,14761,44562,3657,0,0,0,5418,0,0,0,5685,1084,0,0,0,25941,0,0,0,14370,0,3168,44562,0,0,0,0,0,0,0,0,3116,0,0,3116,1,1.35459550174677
Adair County Sheriff's Office,2011-11-01,Missouri,8131,MO00100,0,0,3,0,0,0,3,0,0,0,0,0,0,0,0,0,0,0,2,2,8,12,2,0,0,2,4,0,0,0,4,0,0,0,0,0,0,2536,0,0,0,2536,0,0,0,0,0,0,0,0,0,0,0,61,318,9047,9427,11962,1355,0,0,379,5892,0,0,0,1800,271,41,400,1490,252,696,1233,542,3372,0,3667,11962,0,0,0,1490,0,0,0,0,176,0,0,1666,1,1.35459550174677
Adair County Sheriff's Office,2011-12-01,Missouri,8131,MO00100,0,0,0,0,0,2,2,1,0,0,0,0,0,0,0,0,0,0,0,3,4,7,0,0,0,2,1,0,0,0,4,1,0,1,1,0,0,0,0,0,4707,4707,677,0,0,0,0,0,0,0,0,0,0,0,656,8100,8756,14141,0,0,0,508,1260,0,0,0,6988,0,622,2723,677,1544,0,135,677,7762,0,0,14141,0,406,14,0,0,0,0,677,0,0,0,1097,1,1.35459550174677
Adair County Sheriff's Office,2012-01-01,Missouri,8098,MO00100,1,0,1,0,0,0,2,1,0,0,0,0,0,0,0,0,0,0,1,2,7,10,1,0,0,2,1,0,0,0,6,1,0,1,0,0,431,0,0,0,0,431,2654,0,0,0,0,0,0,0,0,0,0,7,325,67388,67720,70805,1725,0,0,3052,2982,0,0,0,59960,0,1393,498,0,60358,0,0,2654,5278,0,624,70805,0,0,0,0,57730,0,0,2654,597,0,0,60982,1,1.32713265123532
Adair County Sheriff's Office,2012-02-01,Missouri,8098,MO00100,0,0,2,0,1,0,3,1,0,0,0,0,0,0,0,0,0,0,2,2,10,14,1,0,0,1,5,0,0,0,7,0,1,1,0,0,0,2329,5490,0,0,7819,6636,0,0,0,0,0,0,0,0,0,0,73,259,56817,57149,71604,1327,0,0,829,50228,0,0,0,4764,431,100,0,0,1367,5309,0,6636,50748,0,7014,71604,0,27,0,0,0,0,0,6636,133,0,265,7060,1,1.32713265123532
Adair County Sheriff's Office,2012-03-01,Missouri,8098,MO00100,0,2,2,0,0,0,4,0,0,0,0,0,0,0,0,0,0,0,0,3,9,12,0,0,0,0,2,0,0,0,10,0,0,0,0,3573,0,2337,0,0,0,5910,0,0,0,0,0,0,0,0,0,0,0,0,299,12778,13076,18986,0,0,0,0,8007,0,0,0,5070,913,27,2787,332,687,863,265,0,10833,0,2279,18986,0,0,0,0,0,0,0,0,0,0,0,0,1,1.32713265123532
Adair County Sheriff's Office,2012-04-01,Missouri,8098,MO00100,0,0,1,0,0,0,1,1,0,0,0,0,0,0,0,0,0,0,3,2,6,11,0,0,0,2,2,0,0,0,7,0,0,0,0,0,0,10982,0,0,0,10982,2654,0,0,0,0,0,0,0,0,0,0,86,388,18971,19445,33081,0,0,0,617,1327,0,0,0,17501,730,255,133,398,9243,14320,0,2654,4353,40,956,33081,0,0,0,0,4698,53,0,0,0,0,365,5116,1,1.32713265123532
Adair County Sheriff's Office,2012-05-01,Missouri,8098,MO00100,0,0,2,0,1,2,5,0,0,0,0,0,0,0,0,0,0,0,1,2,2,5,0,0,0,1,3,0,0,0,1,0,0,0,0,0,0,2356,664,0,3046,6065,0,0,0,0,0,0,0,0,0,0,0,27,332,14575,14933,20998,0,0,0,1303,13497,0,0,0,133,0,27,0,0,544,0,0,0,20129,166,133,20998,0,27,0,0,40,0,0,0,27,7,13,113,1,1.32713265123532
Adair County Sheriff's Office,2012-06-01,Missouri,8098,MO00100,2,0,0,0,0,0,2,0,0,0,0,0,0,0,0,0,0,0,0,3,4,7,0,0,0,2,0,0,0,0,5,0,0,0,0,0,3366,0,0,0,0,3366,0,0,0,0,0,0,0,0,0,0,0,0,332,3950,4281,7647,0,0,0,2123,0,0,0,0,2158,0,526,0,2654,13,0,0,0,3259,0,1194,7647,0,0,0,0,0,0,0,0,358,0,0,358,1,1.32713265123532
Adair County Sheriff's Office,2012-07-01,Missouri,8098,MO00100,0,0,0,0,0,0,0,1,0,0,0,0,0,0,0,0,0,0,1,1,6,8,0,0,0,0,1,0,1,0,6,0,0,0,0,0,0,0,0,0,0,0,15395,0,0,0,0,0,0,0,0,0,0,40,86,9496,9622,25016,0,0,0,0,1354,0,883,0,7385,0,192,743,0,27,1327,0,3318,19409,0,0,25016,0,0,0,0,0,0,0,0,8759,0,0,8759,1,1.32713265123532
Adair County Sheriff's Office,2012-08-01,Missouri,8098,MO00100,0,1,0,0,0,1,2,2,0,0,0,0,0,0,0,0,0,0,6,2,5,13,1,0,0,1,3,0,0,0,8,1,0,1,0,0,0,0,0,0,0,0,18580,0,0,0,0,0,0,0,0,0,0,173,385,4437,4994,23574,0,0,0,33,3859,0,0,0,1102,0,159,159,0,0,0,0,18580,4675,0,0,23574,0,0,0,0,0,0,0,15926,3318,0,0,19243,1,1.32713265123532
Adair County Sheriff's Office,2012-09-01,Missouri,8098,MO00100,1,1,0,0,0,1,3,0,0,0,0,0,0,0,0,0,0,0,1,6,2,9,0,0,0,2,2,0,0,0,5,0,0,0,0,783,93,0,0,0,3650,4526,0,0,0,0,0,0,0,0,0,0,0,16,636,3105,3757,8283,0,0,0,232,1460,0,0,0,2065,398,109,66,431,0,0,0,0,6760,0,518,8283,0,0,0,0,0,0,0,0,100,0,0,100,1,1.32713265123532
Adair County Sheriff's Office,2012-10-01,Missouri,8098,MO00100,0,0,1,0,0,0,1,0,0,0,0,0,0,0,0,0,0,0,2,2,1,5,0,0,0,0,1,0,0,0,4,0,0,0,0,0,0,4910,0,0,0,4910,0,0,0,0,0,0,0,0,0,0,0,93,252,863,1208,6118,0,0,0,0,863,0,0,0,345,0,0,0,0,863,0,0,0,5255,0,0,6118,0,0,0,664,0,0,0,0,0,0,0,664,1,1.32713265123532
Adair County Sheriff's Office,2012-11-01,Missouri,8098,MO00100,0,0,1,0,0,0,1,1,0,0,0,0,0,0,0,0,0,0,2,2,4,8,1,0,0,3,1,0,0,0,3,0,0,0,0,0,0,265,0,0,0,265,7963,0,0,0,0,0,0,0,0,0,0,60,299,3464,3822,12050,13,0,0,524,664,0,0,0,2621,0,66,1725,0,1035,0,0,7963,1261,0,0,12050,0,0,0,0,662,0,0,0,0,0,0,662,1,1.32713265123532
Adair County Sheriff's Office,2012-12-01,Missouri,8098,MO00100,0,1,1,0,0,1,3,0,0,0,0,0,0,0,0,0,0,0,2,2,4,8,0,0,0,1,2,0,0,0,5,0,0,0,0,53,0,159,0,0,1088,1301,0,0,0,0,0,0,0,0,0,0,0,41,199,3656,3896,5197,0,0,0,66,1593,0,0,0,2238,0,100,0,0,133,0,0,0,4832,0,133,5197,0,0,0,0,0,0,0,0,46,0,0,46,1,1.32713265123532
Adair County Sheriff's Office,2014-01-01,Missouri,7999,MO00100,0,1,2,2,1,6,12,0,0,0,0,0,0,0,0,0,0,0,2,0,1,3,0,0,0,1,0,0,0,0,2,0,0,0,0,718,0,37,384,64,7641,8845,0,0,0,0,0,0,0,0,0,0,0,77,0,708,785,9630,0,0,0,26,0,0,0,0,759,0,64,10,0,0,64,0,0,9169,322,0,9630,0,0,0,0,0,0,0,0,322,0,0,322,1,1.28709350845562
Adair County Sheriff's Office,2014-02-01,Missouri,7999,MO00100,0,0,1,0,0,1,2,0,0,0,0,0,0,0,0,0,0,0,0,0,0,0,0,0,0,0,0,0,0,0,0,0,0,0,0,0,0,1120,0,0,0,1120,0,0,0,0,0,0,0,0,0,0,0,0,0,0,0,1120,0,0,0,0,0,0,0,0,0,0,0,0,0,0,0,0,0,1120,0,0,1120,0,0,0,0,0,0,0,0,0,0,0,0,1,1.28709350845562
Adair County Sheriff's Office,2014-03-01,Missouri,7999,MO00100,1,0,1,1,1,0,4,1,0,0,0,0,0,0,0,0,0,0,0,1,8,9,0,0,0,1,4,0,0,0,4,1,0,1,0,0,1564,257,0,3861,0,5683,3861,0,0,0,0,0,0,0,0,0,0,0,245,10223,10468,20012,0,0,0,322,8306,0,0,0,1841,0,39,508,0,257,2510,0,3861,12386,0,450,20012,0,0,0,0,0,1094,0,3861,257,0,0,5213,1,1.28709350845562
Adair County Sheriff's Office,2014-04-01,Missouri,7999,MO00100,0,1,2,0,1,3,7,0,0,0,0,0,0,0,0,0,0,0,0,0,1,1,0,0,0,0,0,0,0,0,1,0,0,0,0,7560,0,2642,636,0,2748,13587,0,0,0,0,0,0,0,0,0,0,0,0,0,618,618,14204,0,0,0,0,0,0,0,0,618,0,0,1223,2914,1665,3218,0,0,4543,0,641,14204,0,0,0,0,0,0,0,0,450,0,0,450,1,1.28709350845562
Adair County Sheriff's Office,2014-05-01,Missouri,7999,MO00100,1,0,2,0,1,0,4,1,0,0,0,0,0,0,0,0,0,0,1,1,7,9,1,0,0,0,2,0,0,0,6,0,0,0,0,0,1545,1892,0,0,0,3437,515,0,0,0,0,0,0,0,0,0,0,32,180,7805,8017,11969,386,0,0,0,1725,0,0,0,5906,965,0,180,0,734,161,0,515,8275,0,1139,11969,0,0,0,0,0,0,0,0,0,0,0,0,1,1.28709350845562
Adair County Sheriff's Office,2014-06-01,Missouri,7999,MO00100,0,1,1,0,2,0,4,0,0,0,0,0,0,0,0,0,0,0,3,1,5,9,0,0,0,1,1,0,0,0,7,0,0,0,0,483,0,515,23036,0,0,24034,0,0,0,0,0,0,0,0,0,0,0,39,238,5159,5435,29469,0,0,0,238,919,0,0,0,4278,0,0,1954,0,1236,0,0,0,25765,0,515,29469,0,0,0,0,0,0,0,0,0,0,0,0,1,1.28709350845562
Adair County Sheriff's Office,2014-07-01,Missouri,7999,MO00100,0,0,1,0,0,2,3,0,0,0,0,0,0,0,0,0,0,0,0,2,1,3,0,0,0,0,0,0,0,0,3,0,0,0,0,0,0,64,0,0,8315,8379,0,0,0,0,0,0,0,0,0,0,0,0,302,882,1184,9563,0,0,0,0,0,0,0,0,1184,0,0,0,0,51,0,0,0,9512,0,0,9563,0,0,0,0,0,0,0,0,103,0,0,103,1,1.28709350845562
Adair County Sheriff's Office,2014-08-01,Missouri,7999,MO00100,0,0,3,1,0,3,7,0,0,0,0,0,0,0,0,0,0,0,1,1,3,5,0,0,0,0,2,0,0,0,3,0,0,0,0,0,0,1030,0,3218,2124,6371,0,0,0,0,0,0,0,0,0,0,0,58,199,1866,2124,8495,0,0,0,0,644,0,0,0,1480,0,32,0,257,1319,0,193,0,6564,0,129,8495,0,0,0,0,0,0,0,0,386,0,0,386,1,1.28709350845562
Adair County Sheriff's Office,2014-09-01,Missouri,7999,MO00100,2,0,2,1,1,0,6,1,0,0,0,0,0,0,0,0,0,0,1,3,9,13,1,0,0,0,3,0,0,0,9,0,0,0,0,0,1512,1416,682,1802,0,5412,2574,0,0,0,0,0,0,0,0,0,0,26,257,12356,12639,20626,64,0,0,0,4756,0,0,0,7819,193,747,0,0,2999,0,772,2574,11404,0,1937,20626,0,0,0,0,0,0,0,0,26,0,0,26,1,1.28709350845562
Adair County Sheriff's Office,2014-10-01,Missouri,7999,MO00100,0,0,2,0,0,2,4,0,0,0,0,0,0,0,0,0,0,0,0,1,3,4,0,0,0,0,1,0,0,0,3,0,0,0,0,0,0,1184,0,0,772,1956,0,0,0,0,0,0,0,0,0,0,0,0,129,1740,1869,3825,0,0,0,0,129,0,0,0,1740,0,283,0,1030,386,0,0,0,2126,0,0,3825,0,0,0,0,0,0,0,0,129,0,0,129,1,1.28709350845562
Adair County Sheriff's Office,2014-11-01,Missouri,7999,MO00100,0,0,1,0,0,1,2,0,0,0,0,0,0,0,0,0,0,0,1,0,1,2,0,0,0,0,0,0,0,0,2,0,0,0,0,0,0,2317,0,0,1931,4247,0,0,0,0,0,0,0,0,0,0,0,3,0,5148,5151,9398,0,0,0,0,0,0,0,0,5151,0,3,5148,0,0,0,0,0,4247,0,0,9398,0,0,0,0,0,0,0,0,0,0,0,0,1,1.28709350845562
Adair County Sheriff's Office,2014-12-01,Missouri,7999,MO00100,0,0,1,0,0,0,1,1,0,0,0,0,0,0,0,0,0,0,3,1,0,4,0,0,0,0,1,0,0,0,3,1,0,1,0,0,0,515,0,0,0,515,6435,0,0,0,0,0,0,0,0,0,0,134,64,0,198,7149,0,0,0,0,51,0,0,0,147,0,102,0,0,0,0,0,6435,611,0,0,7149,0,0,0,0,0,0,0,6435,0,0,0,6435,1,1.28709350845562
Adair County Sheriff's Office,2015-01-01,Missouri,7947,MO00100,0,0,0,0,0,0,0,0,0,0,0,0,0,0,0,0,0,0,2,0,1,3,0,0,0,0,0,0,0,0,3,0,0,0,0,0,0,0,0,0,0,0,0,0,0,0,0,0,0,0,0,0,0,64,0,661,725,725,0,0,0,0,0,0,0,0,725,0,0,0,0,0,0,0,0,725,0,0,725,0,0,0,0,0,0,0,0,0,0,0,0,1,1.28556847539769
Adair County Sheriff's Office,2015-02-01,Missouri,7947,MO00100,0,0,0,0,0,0,0,0,0,0,0,0,0,0,0,0,0,0,0,0,0,0,0,0,0,0,0,0,0,0,0,0,0,0,0,0,0,0,0,0,0,0,0,0,0,0,0,0,0,0,0,0,0,0,0,0,0,0,0,0,0,0,0,0,0,0,0,0,0,0,0,0,0,0,0,0,0,0,0,0,0,0,0,0,0,0,0,0,0,0,0,1,1.28556847539769
Adair County Sheriff's Office,2015-03-01,Missouri,7947,MO00100,0,0,1,0,0,1,2,0,0,1,0,0,0,0,0,0,0,0,0,0,2,2,0,0,0,0,1,0,0,0,1,1,0,1,0,0,0,39,0,0,0,39,0,0,0,0,0,0,0,0,0,0,0,0,0,1649,1649,1688,0,0,0,0,386,0,0,0,1264,0,193,1264,0,0,0,0,0,231,0,0,1688,0,0,0,0,0,0,0,6428,0,0,0,6428,1,1.28556847539769
Adair County Sheriff's Office,2015-04-01,Missouri,7947,MO00100,1,1,1,0,0,1,4,0,0,1,0,0,0,0,0,0,0,0,2,1,1,4,0,0,0,2,0,0,0,0,2,0,0,0,0,193,6610,1125,0,0,1401,9329,0,0,0,0,0,0,0,0,0,0,0,26,129,1896,2050,11380,0,0,0,58,0,0,0,0,1993,829,0,0,1350,3175,861,0,0,3800,0,1364,11380,0,0,0,0,0,0,0,0,0,0,0,0,1,1.28556847539769
Adair County Sheriff's Office,2015-05-01,Missouri,7947,MO00100,0,0,0,0,0,0,0,0,0,0,0,0,0,0,0,0,0,0,1,0,5,6,0,0,0,1,2,0,0,0,3,0,0,0,0,0,0,0,0,0,0,0,0,0,0,0,0,0,0,0,0,0,0,6,0,3759,3765,3765,0,0,0,643,2410,0,0,0,712,0,0,0,0,0,2410,0,0,712,0,643,3765,0,0,0,0,0,0,0,0,64,0,0,64,1,1.28556847539769
Adair County Sheriff's Office,2015-06-01,Missouri,7947,MO00100,0,0,0,0,0,0,0,0,0,0,0,0,0,0,0,0,0,0,1,1,5,7,1,0,0,0,3,0,0,0,3,0,0,0,0,0,0,0,0,0,0,0,0,0,0,0,0,0,0,0,0,0,0,26,244,4088,4358,4358,399,0,0,0,1684,0,0,0,2275,51,0,334,321,0,0,0,0,2674,0,977,4358,0,0,0,0,0,0,129,0,32,0,0,161,1,1.28556847539769
Adair County Sheriff's Office,2015-07-01,Missouri,7947,MO00100,0,1,1,0,0,1,3,0,0,0,0,0,0,0,0,0,0,0,0,0,3,3,0,0,0,1,1,0,0,0,1,0,0,0,0,170,0,1768,0,0,0,1937,0,0,0,0,0,0,0,0,0,0,0,0,0,3033,3033,4970,0,0,0,771,397,0,0,0,1864,0,0,170,0,397,0,0,0,4403,0,0,4970,0,0,0,0,0,0,0,0,2571,0,0,2571,1,1.28556847539769
Adair County Sheriff's Office,2015-08-01,Missouri,7947,MO00100,0,0,1,0,0,0,1,2,0,0,0,0,0,0,0,0,0,0,1,1,6,8,5,0,0,0,0,0,0,0,3,0,1,1,0,0,0,0,0,0,0,0,36767,0,0,0,0,0,0,0,0,0,0,51,111,2989,3151,39918,2545,0,0,0,0,0,0,0,606,0,111,321,0,51,0,0,36767,225,0,2443,39918,0,0,0,0,0,0,0,35996,64,0,0,36060,1,1.28556847539769
Adair County Sheriff's Office,2015-09-01,Missouri,7947,MO00100,0,1,2,0,0,4,7,0,0,0,0,0,0,0,0,0,0,0,2,3,2,7,1,0,0,1,2,0,0,0,3,0,0,0,0,0,0,1517,0,0,3957,5474,0,0,0,0,0,0,0,0,0,0,0,59,219,1778,2056,7530,296,0,0,26,626,0,0,0,1108,0,257,0,2185,257,0,0,0,4251,0,579,7530,0,0,0,0,0,0,0,0,109,0,0,109,1,1.28556847539769
Adair County Sheriff's Office,2015-10-01,Missouri,7947,MO00100,2,0,1,0,0,1,4,1,0,0,0,0,0,0,0,0,0,0,1,2,7,10,0,0,0,0,2,0,0,0,8,0,0,0,0,0,38239,289,0,0,270,38798,2571,0,0,0,0,0,0,0,0,0,0,13,321,24104,24439,65808,0,0,0,0,321,0,0,0,24117,0,13,96,514,77,29697,6106,2571,21720,0,5014,65808,0,0,0,0,0,29568,0,0,0,0,0,29568,1,1.28556847539769
Adair County Sheriff's Office,2015-11-01,Missouri,7947,MO00100,0,0,3,0,0,2,5,1,0,0,0,0,0,0,0,0,0,0,2,0,0,2,0,0,0,0,0,0,0,0,2,0,0,0,0,0,0,4929,0,0,1876,6805,10285,0,0,0,0,0,0,0,0,0,0,26,0,0,26,17115,0,0,0,0,0,0,0,0,26,257,0,64,3282,482,2417,0,10285,328,0,0,17115,0,0,0,0,0,0,0,0,418,0,0,418,1,1.28556847539769
Adair County Sheriff's Office,2015-12-01,Missouri,7947,MO00100,1,4,5,0,5,2,17,0,0,0,0,0,0,0,0,0,0,0,2,0,4,6,0,0,0,1,4,0,0,0,1,0,0,0,0,231,2378,2153,5344,0,2506,12613,0,0,0,0,0,0,0,0,0,0,0,103,0,9269,9372,21985,0,0,0,643,2301,0,0,0,6428,0,0,32,3021,1369,0,0,0,16277,1286,0,21985,0,0,0,0,778,0,0,0,1945,0,0,2723,1,1.28556847539769
Adair County Sheriff's Office,2016-01-01,Missouri,7773,MO00100,0,0,1,0,0,1,2,0,0,0,0,0,0,0,0,0,0,0,0,0,3,3,0,0,0,1,0,0,0,0,2,0,0,0,0,0,0,508,0,0,2063,2571,0,0,0,0,0,0,0,0,0,0,0,0,0,3589,3589,6160,0,0,0,609,0,0,0,0,2980,0,0,0,0,0,0,0,0,6160,0,0,6160,0,0,0,0,38,0,0,0,1569,0,0,1607,1,1.26955202032162
Adair County Sheriff's Office,2016-02-01,Missouri,7773,MO00100,0,2,0,0,0,0,2,0,0,0,0,0,0,0,0,0,0,0,0,2,3,5,0,0,0,0,2,0,0,0,3,0,0,0,0,508,0,0,0,0,0,508,0,0,0,0,0,0,0,0,0,0,0,0,229,1540,1768,2276,0,0,0,0,905,0,0,0,863,0,127,357,0,0,0,0,0,1285,0,508,2276,0,0,0,0,0,0,0,0,254,0,63,317,1,1.26955202032162
Adair County Sheriff's Office,2016-03-01,Missouri,7773,MO00100,0,0,3,0,0,2,5,0,0,0,0,0,0,0,0,0,0,0,0,0,1,1,0,0,0,0,0,0,0,0,1,0,0,0,0,0,0,2730,0,0,9142,11872,0,0,0,0,0,0,0,0,0,0,0,0,0,1270,1270,13141,0,0,0,0,0,0,0,0,1270,0,0,0,635,0,1270,1270,0,9967,0,0,13141,0,0,0,0,0,0,0,0,0,0,0,0,1,1.26955202032162
Adair County Sheriff's Office,2016-04-01,Missouri,7773,MO00100,0,0,1,0,0,0,1,1,0,0,0,0,0,0,0,0,0,0,1,2,3,6,0,0,0,1,1,0,0,0,4,0,0,0,0,0,0,457,0,0,0,457,31739,0,0,0,0,0,0,0,0,0,0,57,391,9316,9764,41960,0,0,0,5203,543,0,0,0,4018,0,689,4987,0,0,0,0,31739,3453,0,1092,41960,0,0,0,0,0,0,0,0,241,0,63,305,1,1.26955202032162
Adair County Sheriff's Office,2016-05-01,Missouri,7773,MO00100,2,0,3,0,0,0,5,0,0,0,0,0,0,0,0,0,0,0,2,1,0,3,0,0,0,0,0,0,0,0,3,0,0,0,0,0,9388,2267,0,0,0,11656,0,0,0,0,0,0,0,0,0,0,0,83,63,0,146,11802,0,0,0,0,0,0,0,0,146,0,95,0,2158,267,603,0,0,7790,635,254,11802,0,0,0,1397,267,235,0,0,6411,635,381,9325,1,1.26955202032162
Adair County Sheriff's Office,2016-06-01,Missouri,7773,MO00100,0,1,1,0,0,0,2,1,0,0,0,0,0,0,0,0,0,0,0,1,7,8,0,0,0,0,4,0,0,0,4,0,0,0,0,937,0,25,0,0,0,962,5713,0,0,0,0,0,0,0,0,0,0,0,102,9769,9871,16546,0,0,0,0,6151,0,0,0,3720,0,0,2564,0,190,0,317,5713,6999,0,762,16546,0,0,0,0,0,0,0,0,0,0,0,0,1,1.26955202032162
Adair County Sheriff's Office,2016-07-01,Missouri,7773,MO00100,0,0,1,0,5,4,10,1,0,0,0,0,0,0,0,0,0,0,2,1,5,8,0,0,0,1,4,0,0,0,3,1,0,1,0,0,0,5116,15260,0,1879,22255,1143,0,0,0,0,0,0,0,0,0,0,81,222,7928,8232,31630,0,0,0,286,7611,0,0,0,335,0,81,0,1016,355,0,254,1143,25183,635,2963,31630,0,0,0,0,0,0,0,1143,63,0,0,1206,1,1.26955202032162
Adair County Sheriff's Office,2016-08-01,Missouri,7773,MO00100,0,1,2,0,1,2,6,0,0,0,0,0,0,0,0,0,0,0,2,3,4,9,0,0,0,0,2,0,1,0,6,0,0,0,0,1143,0,2856,17539,0,908,22446,0,0,0,0,0,0,0,0,0,0,0,63,400,11860,12324,34769,0,0,0,0,8900,0,381,0,3043,0,63,726,0,3364,0,0,0,29600,0,1016,34769,0,0,0,0,0,0,0,0,444,0,0,444,1,1.26955202032162
Adair County Sheriff's Office,2016-09-01,Missouri,7773,MO00100,0,0,3,0,0,0,3,1,0,0,0,0,0,0,0,0,0,0,0,1,7,8,0,0,0,3,1,0,0,0,4,0,0,0,0,0,0,4348,0,0,0,4348,635,0,0,0,0,0,0,0,0,0,0,0,76,12974,13050,18033,0,0,0,12148,381,0,0,0,521,825,0,381,6061,609,0,0,635,9522,0,0,18033,0,0,0,0,0,0,0,0,63,0,0,63,1,1.26955202032162
Adair County Sheriff's Office,2016-10-01,Missouri,7773,MO00100,0,0,0,0,0,1,1,2,0,0,0,0,0,0,0,0,0,0,0,0,4,4,0,0,0,0,0,0,0,0,4,0,0,0,0,0,0,0,0,0,0,0,12696,0,0,0,0,0,0,0,0,0,0,0,0,20764,20764,33459,0,0,0,0,0,0,0,0,20764,1397,0,0,889,1593,0,0,12696,4964,0,11921,33459,0,0,0,0,0,0,0,0,140,0,127,267,1,1.26955202032162
Adair County Sheriff's Office,2016-11-01,Missouri,7773,MO00100,0,0,4,0,0,3,7,0,0,0,0,0,0,0,0,0,0,0,1,0,1,2,0,0,0,0,0,0,0,0,2,0,0,0,0,0,0,9032,0,0,1397,10428,0,0,0,0,0,0,0,0,0,0,0,51,0,1118,1169,11597,0,0,0,0,0,0,0,0,1169,127,38,0,254,5432,0,0,0,4984,0,762,11597,0,0,0,0,0,0,0,0,222,0,0,222,1,1.26955202032162
Adair County Sheriff's Office,2016-12-01,Missouri,7773,MO00100,0,0,2,0,0,0,2,1,0,1,0,0,0,0,0,0,0,0,3,2,1,6,0,0,0,0,1,0,0,0,5,0,0,0,0,0,0,0,0,0,0,0,1270,0,0,0,0,0,0,0,0,0,0,178,495,1879,2552,3821,0,0,0,0,559,0,0,0,1993,0,0,0,381,622,0,1143,1270,406,0,0,3821,0,0,0,0,0,0,0,0,13,0,0,13,1,1.26955202032162
Adair County Sheriff's Office,1960-01-01,Missouri,6982,MO00100,0,0,0,0,0,0,0,0,0,0,0,0,0,0,0,0,0,0,0,0,0,0,0,0,0,0,0,0,0,0,0,0,0,0,0,0,0,0,0,0,0,0,0,0,0,0,0,0,0,0,0,0,0,0,0,0,0,0,0,0,0,0,0,0,0,0,0,0,0,0,0,0,0,0,0,0,0,0,0,0,0,0,0,0,0,0,0,0,0,0,0,1,10.302673992674
Adair County Sheriff's Office,1960-02-01,Missouri,6982,MO00100,0,0,0,0,0,0,0,0,0,0,0,0,0,0,0,0,0,0,0,0,0,0,0,0,0,0,0,0,0,0,0,0,0,0,0,0,0,0,0,0,0,0,0,0,0,0,0,0,0,0,0,0,0,0,0,0,0,0,0,0,0,0,0,0,0,0,0,0,0,0,0,0,0,0,0,0,0,0,0,0,0,0,0,0,0,0,0,0,0,0,0,1,10.302673992674
Adair County Sheriff's Office,1960-03-01,Missouri,6982,MO00100,0,0,0,0,0,0,0,0,0,0,0,0,0,0,0,0,0,0,0,0,0,0,0,0,0,0,0,0,0,0,0,0,0,0,0,0,0,0,0,0,0,0,0,0,0,0,0,0,0,0,0,0,0,0,0,0,0,0,0,0,0,0,0,0,0,0,0,0,0,0,0,0,0,0,0,0,0,0,0,0,0,0,0,0,0,0,0,0,0,0,0,1,10.302673992674
Adair County Sheriff's Office,1960-04-01,Missouri,6982,MO00100,0,0,0,0,0,0,0,0,0,0,0,0,0,0,0,0,0,0,0,0,0,0,0,0,0,0,0,0,0,0,0,0,0,0,0,0,0,0,0,0,0,0,0,0,0,0,0,0,0,0,0,0,0,0,0,0,0,0,0,0,0,0,0,0,0,0,0,0,0,0,0,0,0,0,0,0,0,0,0,0,0,0,0,0,0,0,0,0,0,0,0,1,10.302673992674
Adair County Sheriff's Office,1960-05-01,Missouri,6982,MO00100,0,0,0,0,0,0,0,0,0,0,0,0,0,0,0,0,0,0,0,0,0,0,0,0,0,0,0,0,0,0,0,0,0,0,0,0,0,0,0,0,0,0,0,0,0,0,0,0,0,0,0,0,0,0,0,0,0,0,0,0,0,0,0,0,0,0,0,0,0,0,0,0,0,0,0,0,0,0,0,0,0,0,0,0,0,0,0,0,0,0,0,1,10.302673992674
Adair County Sheriff's Office,1960-06-01,Missouri,6982,MO00100,0,0,0,0,0,0,0,0,0,0,0,0,0,0,0,0,0,0,0,0,0,0,0,0,0,0,0,0,0,0,0,0,0,0,0,0,0,0,0,0,0,0,0,0,0,0,0,0,0,0,0,0,0,0,0,0,0,0,0,0,0,0,0,0,0,0,0,0,0,0,0,0,0,0,0,0,0,0,0,0,0,0,0,0,0,0,0,0,0,0,0,1,10.302673992674
Adair County Sheriff's Office,1960-07-01,Missouri,6982,MO00100,0,0,0,0,0,0,0,0,0,0,0,0,0,0,0,0,0,0,0,0,0,0,0,0,0,0,0,0,0,0,0,0,0,0,0,0,0,0,0,0,0,0,0,0,0,0,0,0,0,0,0,0,0,0,0,0,0,0,0,0,0,0,0,0,0,0,0,0,0,0,0,0,0,0,0,0,0,0,0,0,0,0,0,0,0,0,0,0,0,0,0,1,10.302673992674
Adair County Sheriff's Office,1960-08-01,Missouri,6982,MO00100,0,0,0,0,0,0,0,0,0,0,0,0,0,0,0,0,0,0,0,0,0,0,0,0,0,0,0,0,0,0,0,0,0,0,0,0,0,0,0,0,0,0,0,0,0,0,0,0,0,0,0,0,0,0,0,0,0,0,0,0,0,0,0,0,0,0,0,0,0,0,0,0,0,0,0,0,0,0,0,0,0,0,0,0,0,0,0,0,0,0,0,1,10.302673992674
Adair County Sheriff's Office,1960-09-01,Missouri,6982,MO00100,0,0,0,0,0,0,0,0,0,0,0,0,0,0,0,0,0,0,0,0,0,0,0,0,0,0,0,0,0,0,0,0,0,0,0,0,0,0,0,0,0,0,0,0,0,0,0,0,0,0,0,0,0,0,0,0,0,0,0,0,0,0,0,0,0,0,0,0,0,0,0,0,0,0,0,0,0,0,0,0,0,0,0,0,0,0,0,0,0,0,0,1,10.302673992674
Adair County Sheriff's Office,1960-10-01,Missouri,6982,MO00100,0,0,0,0,0,0,0,0,0,0,0,0,0,0,0,0,0,0,0,0,0,0,0,0,0,0,0,0,0,0,0,0,0,0,0,0,0,0,0,0,0,0,0,0,0,0,0,0,0,0,0,0,0,0,0,0,0,0,0,0,0,0,0,0,0,0,0,0,0,0,0,0,0,0,0,0,0,0,0,0,0,0,0,0,0,0,0,0,0,0,0,1,10.302673992674
Adair County Sheriff's Office,1960-11-01,Missouri,6982,MO00100,0,0,0,0,0,0,0,0,0,0,0,0,0,0,0,0,0,0,0,0,0,0,0,0,0,0,0,0,0,0,0,0,0,0,0,0,0,0,0,0,0,0,0,0,0,0,0,0,0,0,0,0,0,0,0,0,0,0,0,0,0,0,0,0,0,0,0,0,0,0,0,0,0,0,0,0,0,0,0,0,0,0,0,0,0,0,0,0,0,0,0,1,10.302673992674
Adair County Sheriff's Office,1960-12-01,Missouri,6982,MO00100,0,0,0,0,0,0,0,0,0,0,0,0,0,0,0,0,0,0,0,0,0,0,0,0,0,0,0,0,0,0,0,0,0,0,0,0,0,0,0,0,0,0,0,0,0,0,0,0,0,0,0,0,0,0,0,0,0,0,0,0,0,0,0,0,0,0,0,0,0,0,0,0,0,0,0,0,0,0,0,0,0,0,0,0,0,0,0,0,0,0,0,1,10.302673992674
Adair County Sheriff's Office,1961-01-01,Missouri,6982,MO00100,0,0,0,0,0,0,0,0,0,0,0,0,0,0,0,0,0,0,0,0,0,0,0,0,0,0,0,0,0,0,0,0,0,0,0,0,0,0,0,0,0,0,0,0,0,0,0,0,0,0,0,0,0,0,0,0,0,0,0,0,0,0,0,0,0,0,0,0,0,0,0,0,0,0,0,0,0,0,0,0,0,0,0,0,0,0,0,0,0,0,0,1,10.1935294117647
Adair County Sheriff's Office,1961-02-01,Missouri,6982,MO00100,0,0,0,0,0,0,0,0,0,0,0,0,0,0,0,0,0,0,0,0,0,0,0,0,0,0,0,0,0,0,0,0,0,0,0,0,0,0,0,0,0,0,0,0,0,0,0,0,0,0,0,0,0,0,0,0,0,0,0,0,0,0,0,0,0,0,0,0,0,0,0,0,0,0,0,0,0,0,0,0,0,0,0,0,0,0,0,0,0,0,0,1,10.1935294117647
Adair County Sheriff's Office,1961-03-01,Missouri,6982,MO00100,0,0,0,0,0,0,0,0,0,0,0,0,0,0,0,0,0,0,0,0,0,0,0,0,0,0,0,0,0,0,0,0,0,0,0,0,0,0,0,0,0,0,0,0,0,0,0,0,0,0,0,0,0,0,0,0,0,0,0,0,0,0,0,0,0,0,0,0,0,0,0,0,0,0,0,0,0,0,0,0,0,0,0,0,0,0,0,0,0,0,0,1,10.1935294117647
Adair County Sheriff's Office,1961-04-01,Missouri,6982,MO00100,0,0,0,0,0,0,0,0,0,0,0,0,0,0,0,0,0,0,0,0,0,0,0,0,0,0,0,0,0,0,0,0,0,0,0,0,0,0,0,0,0,0,0,0,0,0,0,0,0,0,0,0,0,0,0,0,0,0,0,0,0,0,0,0,0,0,0,0,0,0,0,0,0,0,0,0,0,0,0,0,0,0,0,0,0,0,0,0,0,0,0,1,10.1935294117647
Adair County Sheriff's Office,1961-05-01,Missouri,6982,MO00100,0,0,0,0,0,0,0,0,0,0,0,0,0,0,0,0,0,0,0,0,0,0,0,0,0,0,0,0,0,0,0,0,0,0,0,0,0,0,0,0,0,0,0,0,0,0,0,0,0,0,0,0,0,0,0,0,0,0,0,0,0,0,0,0,0,0,0,0,0,0,0,0,0,0,0,0,0,0,0,0,0,0,0,0,0,0,0,0,0,0,0,1,10.1935294117647
Adair County Sheriff's Office,1961-06-01,Missouri,6982,MO00100,0,0,0,0,0,0,0,0,0,0,0,0,0,0,0,0,0,0,0,0,0,0,0,0,0,0,0,0,0,0,0,0,0,0,0,0,0,0,0,0,0,0,0,0,0,0,0,0,0,0,0,0,0,0,0,0,0,0,0,0,0,0,0,0,0,0,0,0,0,0,0,0,0,0,0,0,0,0,0,0,0,0,0,0,0,0,0,0,0,0,0,1,10.1935294117647
Adair County Sheriff's Office,1961-07-01,Missouri,6982,MO00100,0,0,0,0,0,0,0,0,0,0,0,0,0,0,0,0,0,0,0,0,0,0,0,0,0,0,0,0,0,0,0,0,0,0,0,0,0,0,0,0,0,0,0,0,0,0,0,0,0,0,0,0,0,0,0,0,0,0,0,0,0,0,0,0,0,0,0,0,0,0,0,0,0,0,0,0,0,0,0,0,0,0,0,0,0,0,0,0,0,0,0,1,10.1935294117647
Adair County Sheriff's Office,1961-08-01,Missouri,6982,MO00100,0,0,0,0,0,0,0,0,0,0,0,0,0,0,0,0,0,0,0,0,0,0,0,0,0,0,0,0,0,0,0,0,0,0,0,0,0,0,0,0,0,0,0,0,0,0,0,0,0,0,0,0,0,0,0,0,0,0,0,0,0,0,0,0,0,0,0,0,0,0,0,0,0,0,0,0,0,0,0,0,0,0,0,0,0,0,0,0,0,0,0,1,10.1935294117647
Adair County Sheriff's Office,1961-09-01,Missouri,6982,MO00100,0,0,0,0,0,0,0,0,0,0,0,0,0,0,0,0,0,0,0,0,0,0,0,0,0,0,0,0,0,0,0,0,0,0,0,0,0,0,0,0,0,0,0,0,0,0,0,0,0,0,0,0,0,0,0,0,0,0,0,0,0,0,0,0,0,0,0,0,0,0,0,0,0,0,0,0,0,0,0,0,0,0,0,0,0,0,0,0,0,0,0,1,10.1935294117647
Adair County Sheriff's Office,1961-10-01,Missouri,6982,MO00100,0,0,0,0,0,0,0,0,0,0,0,0,0,0,0,0,0,0,0,0,0,0,0,0,0,0,0,0,0,0,0,0,0,0,0,0,0,0,0,0,0,0,0,0,0,0,0,0,0,0,0,0,0,0,0,0,0,0,0,0,0,0,0,0,0,0,0,0,0,0,0,0,0,0,0,0,0,0,0,0,0,0,0,0,0,0,0,0,0,0,0,1,10.1935294117647
Adair County Sheriff's Office,1961-11-01,Missouri,6982,MO00100,0,0,0,0,0,0,0,0,0,0,0,0,0,0,0,0,0,0,0,0,0,0,0,0,0,0,0,0,0,0,0,0,0,0,0,0,0,0,0,0,0,0,0,0,0,0,0,0,0,0,0,0,0,0,0,0,0,0,0,0,0,0,0,0,0,0,0,0,0,0,0,0,0,0,0,0,0,0,0,0,0,0,0,0,0,0,0,0,0,0,0,1,10.1935294117647
Adair County Sheriff's Office,1961-12-01,Missouri,6982,MO00100,0,0,0,0,0,0,0,0,0,0,0,0,0,0,0,0,0,0,0,0,0,0,0,0,0,0,0,0,0,0,0,0,0,0,0,0,0,0,0,0,0,0,0,0,0,0,0,0,0,0,0,0,0,0,0,0,0,0,0,0,0,0,0,0,0,0,0,0,0,0,0,0,0,0,0,0,0,0,0,0,0,0,0,0,0,0,0,0,0,0,0,1,10.1935294117647
Adair County Sheriff's Office,1962-01-01,Missouri,6828,MO00100,0,0,0,0,0,0,0,0,0,0,0,0,0,0,0,0,0,0,0,0,0,0,0,0,0,0,0,0,0,0,0,0,0,0,0,0,0,0,0,0,0,0,0,0,0,0,0,0,0,0,0,0,0,0,0,0,0,0,0,0,0,0,0,0,0,0,0,0,0,0,0,0,0,0,0,0,0,0,0,0,0,0,0,0,0,0,0,0,0,0,0,1,10.0727796143251
Adair County Sheriff's Office,1962-02-01,Missouri,6828,MO00100,0,0,0,0,0,0,0,0,0,0,0,0,0,0,0,0,0,0,0,0,0,0,0,0,0,0,0,0,0,0,0,0,0,0,0,0,0,0,0,0,0,0,0,0,0,0,0,0,0,0,0,0,0,0,0,0,0,0,0,0,0,0,0,0,0,0,0,0,0,0,0,0,0,0,0,0,0,0,0,0,0,0,0,0,0,0,0,0,0,0,0,1,10.0727796143251
Adair County Sheriff's Office,1962-03-01,Missouri,6828,MO00100,0,0,0,0,0,0,0,0,0,0,0,0,0,0,0,0,0,0,0,0,0,0,0,0,0,0,0,0,0,0,0,0,0,0,0,0,0,0,0,0,0,0,0,0,0,0,0,0,0,0,0,0,0,0,0,0,0,0,0,0,0,0,0,0,0,0,0,0,0,0,0,0,0,0,0,0,0,0,0,0,0,0,0,0,0,0,0,0,0,0,0,1,10.0727796143251
Adair County Sheriff's Office,1962-04-01,Missouri,6828,MO00100,0,0,0,0,0,0,0,0,0,0,0,0,0,0,0,0,0,0,0,0,0,0,0,0,0,0,0,0,0,0,0,0,0,0,0,0,0,0,0,0,0,0,0,0,0,0,0,0,0,0,0,0,0,0,0,0,0,0,0,0,0,0,0,0,0,0,0,0,0,0,0,0,0,0,0,0,0,0,0,0,0,0,0,0,0,0,0,0,0,0,0,1,10.0727796143251
Adair County Sheriff's Office,1962-05-01,Missouri,6828,MO00100,0,0,0,0,0,0,0,0,0,0,0,0,0,0,0,0,0,0,0,0,0,0,0,0,0,0,0,0,0,0,0,0,0,0,0,0,0,0,0,0,0,0,0,0,0,0,0,0,0,0,0,0,0,0,0,0,0,0,0,0,0,0,0,0,0,0,0,0,0,0,0,0,0,0,0,0,0,0,0,0,0,0,0,0,0,0,0,0,0,0,0,1,10.0727796143251
Adair County Sheriff's Office,1962-06-01,Missouri,6828,MO00100,0,0,0,0,0,0,0,0,0,0,0,0,0,0,0,0,0,0,0,0,0,0,0,0,0,0,0,0,0,0,0,0,0,0,0,0,0,0,0,0,0,0,0,0,0,0,0,0,0,0,0,0,0,0,0,0,0,0,0,0,0,0,0,0,0,0,0,0,0,0,0,0,0,0,0,0,0,0,0,0,0,0,0,0,0,0,0,0,0,0,0,1,10.0727796143251
Adair County Sheriff's Office,1962-07-01,Missouri,6828,MO00100,0,0,0,0,0,0,0,0,0,0,0,0,0,0,0,0,0,0,0,0,0,0,0,0,0,0,0,0,0,0,0,0,0,0,0,0,0,0,0,0,0,0,0,0,0,0,0,0,0,0,0,0,0,0,0,0,0,0,0,0,0,0,0,0,0,0,0,0,0,0,0,0,0,0,0,0,0,0,0,0,0,0,0,0,0,0,0,0,0,0,0,1,10.0727796143251
Adair County Sheriff's Office,1962-08-01,Missouri,6828,MO00100,0,0,0,0,0,0,0,0,0,0,0,0,0,0,0,0,0,0,0,0,0,0,0,0,0,0,0,0,0,0,0,0,0,0,0,0,0,0,0,0,0,0,0,0,0,0,0,0,0,0,0,0,0,0,0,0,0,0,0,0,0,0,0,0,0,0,0,0,0,0,0,0,0,0,0,0,0,0,0,0,0,0,0,0,0,0,0,0,0,0,0,1,10.0727796143251
Adair County Sheriff's Office,1962-09-01,Missouri,6828,MO00100,0,0,0,0,0,0,0,0,0,0,0,0,0,0,0,0,0,0,0,0,0,0,0,0,0,0,0,0,0,0,0,0,0,0,0,0,0,0,0,0,0,0,0,0,0,0,0,0,0,0,0,0,0,0,0,0,0,0,0,0,0,0,0,0,0,0,0,0,0,0,0,0,0,0,0,0,0,0,0,0,0,0,0,0,0,0,0,0,0,0,0,1,10.0727796143251
Adair County Sheriff's Office,1962-10-01,Missouri,6828,MO00100,0,0,0,0,0,0,0,0,0,0,0,0,0,0,0,0,0,0,0,0,0,0,0,0,0,0,0,0,0,0,0,0,0,0,0,0,0,0,0,0,0,0,0,0,0,0,0,0,0,0,0,0,0,0,0,0,0,0,0,0,0,0,0,0,0,0,0,0,0,0,0,0,0,0,0,0,0,0,0,0,0,0,0,0,0,0,0,0,0,0,0,1,10.0727796143251
Adair County Sheriff's Office,1962-11-01,Missouri,6828,MO00100,0,0,0,0,0,0,0,0,0,0,0,0,0,0,0,0,0,0,0,0,0,0,0,0,0,0,0,0,0,0,0,0,0,0,0,0,0,0,0,0,0,0,0,0,0,0,0,0,0,0,0,0,0,0,0,0,0,0,0,0,0,0,0,0,0,0,0,0,0,0,0,0,0,0,0,0,0,0,0,0,0,0,0,0,0,0,0,0,0,0,0,1,10.0727796143251
Adair County Sheriff's Office,1962-12-01,Missouri,6828,MO00100,0,0,0,0,0,0,0,0,0,0,0,0,0,0,0,0,0,0,0,0,0,0,0,0,0,0,0,0,0,0,0,0,0,0,0,0,0,0,0,0,0,0,0,0,0,0,0,0,0,0,0,0,0,0,0,0,0,0,0,0,0,0,0,0,0,0,0,0,0,0,0,0,0,0,0,0,0,0,0,0,0,0,0,0,0,0,0,0,0,0,0,1,10.0727796143251
Adair County Sheriff's Office,1963-01-01,Missouri,6670,MO00100,0,0,0,0,0,0,0,0,0,0,0,0,0,0,0,0,0,0,0,0,0,0,0,0,0,0,0,0,0,0,0,0,0,0,0,0,0,0,0,0,0,0,0,0,0,0,0,0,0,0,0,0,0,0,0,0,0,0,0,0,0,0,0,0,0,0,0,0,0,0,0,0,0,0,0,0,0,0,0,0,0,0,0,0,0,0,0,0,0,0,0,1,9.94943945578232
Adair County Sheriff's Office,1963-02-01,Missouri,6670,MO00100,0,0,0,0,0,0,0,0,0,0,0,0,0,0,0,0,0,0,0,0,0,0,0,0,0,0,0,0,0,0,0,0,0,0,0,0,0,0,0,0,0,0,0,0,0,0,0,0,0,0,0,0,0,0,0,0,0,0,0,0,0,0,0,0,0,0,0,0,0,0,0,0,0,0,0,0,0,0,0,0,0,0,0,0,0,0,0,0,0,0,0,1,9.94943945578232
Adair County Sheriff's Office,1963-03-01,Missouri,6670,MO00100,0,0,0,0,0,0,0,0,0,0,0,0,0,0,0,0,0,0,0,0,0,0,0,0,0,0,0,0,0,0,0,0,0,0,0,0,0,0,0,0,0,0,0,0,0,0,0,0,0,0,0,0,0,0,0,0,0,0,0,0,0,0,0,0,0,0,0,0,0,0,0,0,0,0,0,0,0,0,0,0,0,0,0,0,0,0,0,0,0,0,0,1,9.94943945578232
Adair County Sheriff's Office,1963-04-01,Missouri,6670,MO00100,0,0,0,0,0,0,0,0,0,0,0,0,0,0,0,0,0,0,0,0,0,0,0,0,0,0,0,0,0,0,0,0,0,0,0,0,0,0,0,0,0,0,0,0,0,0,0,0,0,0,0,0,0,0,0,0,0,0,0,0,0,0,0,0,0,0,0,0,0,0,0,0,0,0,0,0,0,0,0,0,0,0,0,0,0,0,0,0,0,0,0,1,9.94943945578232
Adair County Sheriff's Office,1963-05-01,Missouri,6670,MO00100,0,0,0,0,0,0,0,0,0,0,0,0,0,0,0,0,0,0,0,0,0,0,0,0,0,0,0,0,0,0,0,0,0,0,0,0,0,0,0,0,0,0,0,0,0,0,0,0,0,0,0,0,0,0,0,0,0,0,0,0,0,0,0,0,0,0,0,0,0,0,0,0,0,0,0,0,0,0,0,0,0,0,0,0,0,0,0,0,0,0,0,1,9.94943945578232
Adair County Sheriff's Office,1963-06-01,Missouri,6670,MO00100,0,0,0,0,0,0,0,0,0,0,0,0,0,0,0,0,0,0,0,0,0,0,0,0,0,0,0,0,0,0,0,0,0,0,0,0,0,0,0,0,0,0,0,0,0,0,0,0,0,0,0,0,0,0,0,0,0,0,0,0,0,0,0,0,0,0,0,0,0,0,0,0,0,0,0,0,0,0,0,0,0,0,0,0,0,0,0,0,0,0,0,1,9.94943945578232
Adair County Sheriff's Office,1963-07-01,Missouri,6670,MO00100,0,0,0,0,0,0,0,0,0,0,0,0,0,0,0,0,0,0,0,0,0,0,0,0,0,0,0,0,0,0,0,0,0,0,0,0,0,0,0,0,0,0,0,0,0,0,0,0,0,0,0,0,0,0,0,0,0,0,0,0,0,0,0,0,0,0,0,0,0,0,0,0,0,0,0,0,0,0,0,0,0,0,0,0,0,0,0,0,0,0,0,1,9.94943945578232
Adair County Sheriff's Office,1963-08-01,Missouri,6670,MO00100,0,0,0,0,0,0,0,0,0,0,0,0,0,0,0,0,0,0,0,0,0,0,0,0,0,0,0,0,0,0,0,0,0,0,0,0,0,0,0,0,0,0,0,0,0,0,0,0,0,0,0,0,0,0,0,0,0,0,0,0,0,0,0,0,0,0,0,0,0,0,0,0,0,0,0,0,0,0,0,0,0,0,0,0,0,0,0,0,0,0,0,1,9.94943945578232
Adair County Sheriff's Office,1963-09-01,Missouri,6670,MO00100,0,0,0,0,0,0,0,0,0,0,0,0,0,0,0,0,0,0,0,0,0,0,0,0,0,0,0,0,0,0,0,0,0,0,0,0,0,0,0,0,0,0,0,0,0,0,0,0,0,0,0,0,0,0,0,0,0,0,0,0,0,0,0,0,0,0,0,0,0,0,0,0,0,0,0,0,0,0,0,0,0,0,0,0,0,0,0,0,0,0,0,1,9.94943945578232
Adair County Sheriff's Office,1963-10-01,Missouri,6670,MO00100,0,0,0,0,0,0,0,0,0,0,0,0,0,0,0,0,0,0,0,0,0,0,0,0,0,0,0,0,0,0,0,0,0,0,0,0,0,0,0,0,0,0,0,0,0,0,0,0,0,0,0,0,0,0,0,0,0,0,0,0,0,0,0,0,0,0,0,0,0,0,0,0,0,0,0,0,0,0,0,0,0,0,0,0,0,0,0,0,0,0,0,1,9.94943945578232
Adair County Sheriff's Office,1963-11-01,Missouri,6670,MO00100,0,0,0,0,0,0,0,0,0,0,0,0,0,0,0,0,0,0,0,0,0,0,0,0,0,0,0,0,0,0,0,0,0,0,0,0,0,0,0,0,0,0,0,0,0,0,0,0,0,0,0,0,0,0,0,0,0,0,0,0,0,0,0,0,0,0,0,0,0,0,0,0,0,0,0,0,0,0,0,0,0,0,0,0,0,0,0,0,0,0,0,1,9.94943945578232
Adair County Sheriff's Office,1963-12-01,Missouri,6670,MO00100,0,0,0,0,0,0,0,0,0,0,0,0,0,0,0,0,0,0,0,0,0,0,0,0,0,0,0,0,0,0,0,0,0,0,0,0,0,0,0,0,0,0,0,0,0,0,0,0,0,0,0,0,0,0,0,0,0,0,0,0,0,0,0,0,0,0,0,0,0,0,0,0,0,0,0,0,0,0,0,0,0,0,0,0,0,0,0,0,0,0,0,1,9.94943945578232
Adair County Sheriff's Office,1964-01-01,Missouri,6848,MO00100,0,0,0,0,0,0,0,0,0,0,0,0,0,0,0,0,0,0,0,0,0,0,0,0,0,0,0,0,0,0,0,0,0,0,0,0,0,0,0,0,0,0,0,0,0,0,0,0,0,0,0,0,0,0,0,0,0,0,0,0,0,0,0,0,0,0,0,0,0,0,0,0,0,0,0,0,0,0,0,0,0,0,0,0,0,0,0,0,0,0,0,1,9.82380171950564
Adair County Sheriff's Office,1964-02-01,Missouri,6848,MO00100,0,0,0,0,0,0,0,0,0,0,0,0,0,0,0,0,0,0,0,0,0,0,0,0,0,0,0,0,0,0,0,0,0,0,0,0,0,0,0,0,0,0,0,0,0,0,0,0,0,0,0,0,0,0,0,0,0,0,0,0,0,0,0,0,0,0,0,0,0,0,0,0,0,0,0,0,0,0,0,0,0,0,0,0,0,0,0,0,0,0,0,1,9.82380171950564
Adair County Sheriff's Office,1964-03-01,Missouri,6848,MO00100,0,0,0,0,0,0,0,0,0,0,0,0,0,0,0,0,0,0,0,0,0,0,0,0,0,0,0,0,0,0,0,0,0,0,0,0,0,0,0,0,0,0,0,0,0,0,0,0,0,0,0,0,0,0,0,0,0,0,0,0,0,0,0,0,0,0,0,0,0,0,0,0,0,0,0,0,0,0,0,0,0,0,0,0,0,0,0,0,0,0,0,1,9.82380171950564
Adair County Sheriff's Office,1964-04-01,Missouri,6848,MO00100,0,0,0,0,0,0,0,0,0,0,0,0,0,0,0,0,0,0,0,0,0,0,0,0,0,0,0,0,0,0,0,0,0,0,0,0,0,0,0,0,0,0,0,0,0,0,0,0,0,0,0,0,0,0,0,0,0,0,0,0,0,0,0,0,0,0,0,0,0,0,0,0,0,0,0,0,0,0,0,0,0,0,0,0,0,0,0,0,0,0,0,1,9.82380171950564
Adair County Sheriff's Office,1964-05-01,Missouri,6848,MO00100,0,0,0,0,0,0,0,0,0,0,0,0,0,0,0,0,0,0,0,0,0,0,0,0,0,0,0,0,0,0,0,0,0,0,0,0,0,0,0,0,0,0,0,0,0,0,0,0,0,0,0,0,0,0,0,0,0,0,0,0,0,0,0,0,0,0,0,0,0,0,0,0,0,0,0,0,0,0,0,0,0,0,0,0,0,0,0,0,0,0,0,1,9.82380171950564
Adair County Sheriff's Office,1964-06-01,Missouri,6848,MO00100,0,0,0,0,0,0,0,0,0,0,0,0,0,0,0,0,0,0,0,0,0,0,0,0,0,0,0,0,0,0,0,0,0,0,0,0,0,0,0,0,0,0,0,0,0,0,0,0,0,0,0,0,0,0,0,0,0,0,0,0,0,0,0,0,0,0,0,0,0,0,0,0,0,0,0,0,0,0,0,0,0,0,0,0,0,0,0,0,0,0,0,1,9.82380171950564
Adair County Sheriff's Office,1964-07-01,Missouri,6848,MO00100,0,0,0,0,0,0,0,0,0,0,0,0,0,0,0,0,0,0,0,0,0,0,0,0,0,0,0,0,0,0,0,0,0,0,0,0,0,0,0,0,0,0,0,0,0,0,0,0,0,0,0,0,0,0,0,0,0,0,0,0,0,0,0,0,0,0,0,0,0,0,0,0,0,0,0,0,0,0,0,0,0,0,0,0,0,0,0,0,0,0,0,1,9.82380171950564
Adair County Sheriff's Office,1964-08-01,Missouri,6848,MO00100,0,0,0,0,0,0,0,0,0,0,0,0,0,0,0,0,0,0,0,0,0,0,0,0,0,0,0,0,0,0,0,0,0,0,0,0,0,0,0,0,0,0,0,0,0,0,0,0,0,0,0,0,0,0,0,0,0,0,0,0,0,0,0,0,0,0,0,0,0,0,0,0,0,0,0,0,0,0,0,0,0,0,0,0,0,0,0,0,0,0,0,1,9.82380171950564
Adair County Sheriff's Office,1964-09-01,Missouri,6848,MO00100,0,0,0,0,0,0,0,0,0,0,0,0,0,0,0,0,0,0,0,0,0,0,0,0,0,0,0,0,0,0,0,0,0,0,0,0,0,0,0,0,0,0,0,0,0,0,0,0,0,0,0,0,0,0,0,0,0,0,0,0,0,0,0,0,0,0,0,0,0,0,0,0,0,0,0,0,0,0,0,0,0,0,0,0,0,0,0,0,0,0,0,1,9.82380171950564
Adair County Sheriff's Office,1964-10-01,Missouri,6848,MO00100,0,0,0,0,0,0,0,0,0,0,0,0,0,0,0,0,0,0,0,0,0,0,0,0,0,0,0,0,0,0,0,0,0,0,0,0,0,0,0,0,0,0,0,0,0,0,0,0,0,0,0,0,0,0,0,0,0,0,0,0,0,0,0,0,0,0,0,0,0,0,0,0,0,0,0,0,0,0,0,0,0,0,0,0,0,0,0,0,0,0,0,1,9.82380171950564
Adair County Sheriff's Office,1964-11-01,Missouri,6848,MO00100,0,0,0,0,0,0,0,0,0,0,0,0,0,0,0,0,0,0,0,0,0,0,0,0,0,0,0,0,0,0,0,0,0,0,0,0,0,0,0,0,0,0,0,0,0,0,0,0,0,0,0,0,0,0,0,0,0,0,0,0,0,0,0,0,0,0,0,0,0,0,0,0,0,0,0,0,0,0,0,0,0,0,0,0,0,0,0,0,0,0,0,1,9.82380171950564
Adair County Sheriff's Office,1964-12-01,Missouri,6848,MO00100,0,0,0,0,0,0,0,0,0,0,0,0,0,0,0,0,0,0,0,0,0,0,0,0,0,0,0,0,0,0,0,0,0,0,0,0,0,0,0,0,0,0,0,0,0,0,0,0,0,0,0,0,0,0,0,0,0,0,0,0,0,0,0,0,0,0,0,0,0,0,0,0,0,0,0,0,0,0,0,0,0,0,0,0,0,0,0,0,0,0,0,1,9.82380171950564
Adair County Sheriff's Office,1965-01-01,Missouri,6192,MO00100,0,0,0,0,0,0,0,0,0,0,0,0,0,0,0,0,0,0,0,0,0,0,0,0,0,0,0,0,0,0,0,0,0,0,0,0,0,0,0,0,0,0,0,0,0,0,0,0,0,0,0,0,0,0,0,0,0,0,0,0,0,0,0,0,0,0,0,0,0,0,0,0,0,0,0,0,0,0,0,0,0,0,0,0,0,0,0,0,0,0,0,1,9.67050780216874
Adair County Sheriff's Office,1965-02-01,Missouri,6192,MO00100,0,0,0,0,0,0,0,0,0,0,0,0,0,0,0,0,0,0,0,0,0,0,0,0,0,0,0,0,0,0,0,0,0,0,0,0,0,0,0,0,0,0,0,0,0,0,0,0,0,0,0,0,0,0,0,0,0,0,0,0,0,0,0,0,0,0,0,0,0,0,0,0,0,0,0,0,0,0,0,0,0,0,0,0,0,0,0,0,0,0,0,1,9.67050780216874
Adair County Sheriff's Office,1965-03-01,Missouri,6192,MO00100,0,0,0,0,0,0,0,0,0,0,0,0,0,0,0,0,0,0,0,0,0,0,0,0,0,0,0,0,0,0,0,0,0,0,0,0,0,0,0,0,0,0,0,0,0,0,0,0,0,0,0,0,0,0,0,0,0,0,0,0,0,0,0,0,0,0,0,0,0,0,0,0,0,0,0,0,0,0,0,0,0,0,0,0,0,0,0,0,0,0,0,1,9.67050780216874
Adair County Sheriff's Office,1965-04-01,Missouri,6192,MO00100,0,0,0,0,0,0,0,0,0,0,0,0,0,0,0,0,0,0,0,0,0,0,0,0,0,0,0,0,0,0,0,0,0,0,0,0,0,0,0,0,0,0,0,0,0,0,0,0,0,0,0,0,0,0,0,0,0,0,0,0,0,0,0,0,0,0,0,0,0,0,0,0,0,0,0,0,0,0,0,0,0,0,0,0,0,0,0,0,0,0,0,1,9.67050780216874
Adair County Sheriff's Office,1965-05-01,Missouri,6192,MO00100,0,0,0,0,0,0,0,0,0,0,0,0,0,0,0,0,0,0,0,0,0,0,0,0,0,0,0,0,0,0,0,0,0,0,0,0,0,0,0,0,0,0,0,0,0,0,0,0,0,0,0,0,0,0,0,0,0,0,0,0,0,0,0,0,0,0,0,0,0,0,0,0,0,0,0,0,0,0,0,0,0,0,0,0,0,0,0,0,0,0,0,1,9.67050780216874
Adair County Sheriff's Office,1965-06-01,Missouri,6192,MO00100,0,0,0,0,0,0,0,0,0,0,0,0,0,0,0,0,0,0,0,0,0,0,0,0,0,0,0,0,0,0,0,0,0,0,0,0,0,0,0,0,0,0,0,0,0,0,0,0,0,0,0,0,0,0,0,0,0,0,0,0,0,0,0,0,0,0,0,0,0,0,0,0,0,0,0,0,0,0,0,0,0,0,0,0,0,0,0,0,0,0,0,1,9.67050780216874
Adair County Sheriff's Office,1965-07-01,Missouri,6192,MO00100,0,0,0,0,0,0,0,0,0,0,0,0,0,0,0,0,0,0,0,0,0,0,0,0,0,0,0,0,0,0,0,0,0,0,0,0,0,0,0,0,0,0,0,0,0,0,0,0,0,0,0,0,0,0,0,0,0,0,0,0,0,0,0,0,0,0,0,0,0,0,0,0,0,0,0,0,0,0,0,0,0,0,0,0,0,0,0,0,0,0,0,1,9.67050780216874
Adair County Sheriff's Office,1965-08-01,Missouri,6192,MO00100,0,0,0,0,0,0,0,0,0,0,0,0,0,0,0,0,0,0,0,0,0,0,0,0,0,0,0,0,0,0,0,0,0,0,0,0,0,0,0,0,0,0,0,0,0,0,0,0,0,0,0,0,0,0,0,0,0,0,0,0,0,0,0,0,0,0,0,0,0,0,0,0,0,0,0,0,0,0,0,0,0,0,0,0,0,0,0,0,0,0,0,1,9.67050780216874
Adair County Sheriff's Office,1965-09-01,Missouri,6192,MO00100,0,0,0,0,0,0,0,0,0,0,0,0,0,0,0,0,0,0,0,0,0,0,0,0,0,0,0,0,0,0,0,0,0,0,0,0,0,0,0,0,0,0,0,0,0,0,0,0,0,0,0,0,0,0,0,0,0,0,0,0,0,0,0,0,0,0,0,0,0,0,0,0,0,0,0,0,0,0,0,0,0,0,0,0,0,0,0,0,0,0,0,1,9.67050780216874
Adair County Sheriff's Office,1965-10-01,Missouri,6192,MO00100,0,0,0,0,0,0,0,0,0,0,0,0,0,0,0,0,0,0,0,0,0,0,0,0,0,0,0,0,0,0,0,0,0,0,0,0,0,0,0,0,0,0,0,0,0,0,0,0,0,0,0,0,0,0,0,0,0,0,0,0,0,0,0,0,0,0,0,0,0,0,0,0,0,0,0,0,0,0,0,0,0,0,0,0,0,0,0,0,0,0,0,1,9.67050780216874
Adair County Sheriff's Office,1965-11-01,Missouri,6192,MO00100,0,0,0,0,0,0,0,0,0,0,0,0,0,0,0,0,0,0,0,0,0,0,0,0,0,0,0,0,0,0,0,0,0,0,0,0,0,0,0,0,0,0,0,0,0,0,0,0,0,0,0,0,0,0,0,0,0,0,0,0,0,0,0,0,0,0,0,0,0,0,0,0,0,0,0,0,0,0,0,0,0,0,0,0,0,0,0,0,0,0,0,1,9.67050780216874
Adair County Sheriff's Office,1965-12-01,Missouri,6192,MO00100,0,0,0,0,0,0,0,0,0,0,0,0,0,0,0,0,0,0,0,0,0,0,0,0,0,0,0,0,0,0,0,0,0,0,0,0,0,0,0,0,0,0,0,0,0,0,0,0,0,0,0,0,0,0,0,0,0,0,0,0,0,0,0,0,0,0,0,0,0,0,0,0,0,0,0,0,0,0,0,0,0,0,0,0,0,0,0,0,0,0,0,1,9.67050780216874
Adair County Sheriff's Office,1966-01-01,Missouri,5330,MO00100,0,0,0,0,0,0,0,0,0,0,0,0,0,0,0,0,0,0,0,0,0,0,0,0,0,0,0,0,0,0,0,0,0,0,0,0,0,0,0,0,0,0,0,0,0,0,0,0,0,0,0,0,0,0,0,0,0,0,0,0,0,0,0,0,0,0,0,0,0,0,0,0,0,0,0,0,0,0,0,0,0,0,0,0,0,0,0,0,0,0,0,1,9.38746854942234
Adair County Sheriff's Office,1966-02-01,Missouri,5330,MO00100,0,0,0,0,0,0,0,0,0,0,0,0,0,0,0,0,0,0,0,0,0,0,0,0,0,0,0,0,0,0,0,0,0,0,0,0,0,0,0,0,0,0,0,0,0,0,0,0,0,0,0,0,0,0,0,0,0,0,0,0,0,0,0,0,0,0,0,0,0,0,0,0,0,0,0,0,0,0,0,0,0,0,0,0,0,0,0,0,0,0,0,1,9.38746854942234
Adair County Sheriff's Office,1966-03-01,Missouri,5330,MO00100,0,0,0,0,0,0,0,0,0,0,0,0,0,0,0,0,0,0,0,0,0,0,0,0,0,0,0,0,0,0,0,0,0,0,0,0,0,0,0,0,0,0,0,0,0,0,0,0,0,0,0,0,0,0,0,0,0,0,0,0,0,0,0,0,0,0,0,0,0,0,0,0,0,0,0,0,0,0,0,0,0,0,0,0,0,0,0,0,0,0,0,1,9.38746854942234
Adair County Sheriff's Office,1966-04-01,Missouri,5330,MO00100,0,0,0,0,0,0,0,0,0,0,0,0,0,0,0,0,0,0,0,0,0,0,0,0,0,0,0,0,0,0,0,0,0,0,0,0,0,0,0,0,0,0,0,0,0,0,0,0,0,0,0,0,0,0,0,0,0,0,0,0,0,0,0,0,0,0,0,0,0,0,0,0,0,0,0,0,0,0,0,0,0,0,0,0,0,0,0,0,0,0,0,1,9.38746854942234
Adair County Sheriff's Office,1966-05-01,Missouri,5330,MO00100,0,0,0,0,0,0,0,0,0,0,0,0,0,0,0,0,0,0,0,0,0,0,0,0,0,0,0,0,0,0,0,0,0,0,0,0,0,0,0,0,0,0,0,0,0,0,0,0,0,0,0,0,0,0,0,0,0,0,0,0,0,0,0,0,0,0,0,0,0,0,0,0,0,0,0,0,0,0,0,0,0,0,0,0,0,0,0,0,0,0,0,1,9.38746854942234
Adair County Sheriff's Office,1966-06-01,Missouri,5330,MO00100,0,0,0,0,0,0,0,0,0,0,0,0,0,0,0,0,0,0,0,0,0,0,0,0,0,0,0,0,0,0,0,0,0,0,0,0,0,0,0,0,0,0,0,0,0,0,0,0,0,0,0,0,0,0,0,0,0,0,0,0,0,0,0,0,0,0,0,0,0,0,0,0,0,0,0,0,0,0,0,0,0,0,0,0,0,0,0,0,0,0,0,1,9.38746854942234
Adair County Sheriff's Office,1966-07-01,Missouri,5330,MO00100,0,0,0,0,0,0,0,0,0,0,0,0,0,0,0,0,0,0,0,0,0,0,0,0,0,0,0,0,0,0,0,0,0,0,0,0,0,0,0,0,0,0,0,0,0,0,0,0,0,0,0,0,0,0,0,0,0,0,0,0,0,0,0,0,0,0,0,0,0,0,0,0,0,0,0,0,0,0,0,0,0,0,0,0,0,0,0,0,0,0,0,1,9.38746854942234
Adair County Sheriff's Office,1966-08-01,Missouri,5330,MO00100,0,0,0,0,0,0,0,0,0,0,0,0,0,0,0,0,0,0,0,0,0,0,0,0,0,0,0,0,0,0,0,0,0,0,0,0,0,0,0,0,0,0,0,0,0,0,0,0,0,0,0,0,0,0,0,0,0,0,0,0,0,0,0,0,0,0,0,0,0,0,0,0,0,0,0,0,0,0,0,0,0,0,0,0,0,0,0,0,0,0,0,1,9.38746854942234
Adair County Sheriff's Office,1966-09-01,Missouri,5330,MO00100,0,0,0,0,0,0,0,0,0,0,0,0,0,0,0,0,0,0,0,0,0,0,0,0,0,0,0,0,0,0,0,0,0,0,0,0,0,0,0,0,0,0,0,0,0,0,0,0,0,0,0,0,0,0,0,0,0,0,0,0,0,0,0,0,0,0,0,0,0,0,0,0,0,0,0,0,0,0,0,0,0,0,0,0,0,0,0,0,0,0,0,1,9.38746854942234
Adair County Sheriff's Office,1966-10-01,Missouri,5330,MO00100,0,0,0,0,0,0,0,0,0,0,0,0,0,0,0,0,0,0,0,0,0,0,0,0,0,0,0,0,0,0,0,0,0,0,0,0,0,0,0,0,0,0,0,0,0,0,0,0,0,0,0,0,0,0,0,0,0,0,0,0,0,0,0,0,0,0,0,0,0,0,0,0,0,0,0,0,0,0,0,0,0,0,0,0,0,0,0,0,0,0,0,1,9.38746854942234
Adair County Sheriff's Office,1966-11-01,Missouri,5330,MO00100,0,0,0,0,0,0,0,0,0,0,0,0,0,0,0,0,0,0,0,0,0,0,0,0,0,0,0,0,0,0,0,0,0,0,0,0,0,0,0,0,0,0,0,0,0,0,0,0,0,0,0,0,0,0,0,0,0,0,0,0,0,0,0,0,0,0,0,0,0,0,0,0,0,0,0,0,0,0,0,0,0,0,0,0,0,0,0,0,0,0,0,1,9.38746854942234
Adair County Sheriff's Office,1966-12-01,Missouri,5330,MO00100,0,0,0,0,0,0,0,0,0,0,0,0,0,0,0,0,0,0,0,0,0,0,0,0,0,0,0,0,0,0,0,0,0,0,0,0,0,0,0,0,0,0,0,0,0,0,0,0,0,0,0,0,0,0,0,0,0,0,0,0,0,0,0,0,0,0,0,0,0,0,0,0,0,0,0,0,0,0,0,0,0,0,0,0,0,0,0,0,0,0,0,1,9.38746854942234
Adair County Sheriff's Office,1967-01-01,Missouri,5329,MO00100,0,0,0,0,0,0,0,0,0,0,0,0,0,0,0,0,0,0,0,0,0,0,0,0,0,0,0,0,0,0,0,0,0,0,0,0,0,0,0,0,0,0,0,0,0,0,0,0,0,0,0,0,0,0,0,0,0,0,0,0,0,0,0,0,0,0,0,0,0,0,0,0,0,0,0,0,0,0,0,0,0,0,0,0,0,0,0,0,0,0,0,1,9.13419685236073
Adair County Sheriff's Office,1967-02-01,Missouri,5329,MO00100,0,0,0,0,0,0,0,0,0,0,0,0,0,0,0,0,0,0,0,0,0,0,0,0,0,0,0,0,0,0,0,0,0,0,0,0,0,0,0,0,0,0,0,0,0,0,0,0,0,0,0,0,0,0,0,0,0,0,0,0,0,0,0,0,0,0,0,0,0,0,0,0,0,0,0,0,0,0,0,0,0,0,0,0,0,0,0,0,0,0,0,1,9.13419685236073
Adair County Sheriff's Office,1967-03-01,Missouri,5329,MO00100,0,0,0,0,0,0,0,0,0,0,0,0,0,0,0,0,0,0,0,0,0,0,0,0,0,0,0,0,0,0,0,0,0,0,0,0,0,0,0,0,0,0,0,0,0,0,0,0,0,0,0,0,0,0,0,0,0,0,0,0,0,0,0,0,0,0,0,0,0,0,0,0,0,0,0,0,0,0,0,0,0,0,0,0,0,0,0,0,0,0,0,1,9.13419685236073
Adair County Sheriff's Office,1967-04-01,Missouri,5329,MO00100,0,0,0,0,0,0,0,0,0,0,0,0,0,0,0,0,0,0,0,0,0,0,0,0,0,0,0,0,0,0,0,0,0,0,0,0,0,0,0,0,0,0,0,0,0,0,0,0,0,0,0,0,0,0,0,0,0,0,0,0,0,0,0,0,0,0,0,0,0,0,0,0,0,0,0,0,0,0,0,0,0,0,0,0,0,0,0,0,0,0,0,1,9.13419685236073
Adair County Sheriff's Office,1967-05-01,Missouri,5329,MO00100,0,0,0,0,0,0,0,0,0,0,0,0,0,0,0,0,0,0,0,0,0,0,0,0,0,0,0,0,0,0,0,0,0,0,0,0,0,0,0,0,0,0,0,0,0,0,0,0,0,0,0,0,0,0,0,0,0,0,0,0,0,0,0,0,0,0,0,0,0,0,0,0,0,0,0,0,0,0,0,0,0,0,0,0,0,0,0,0,0,0,0,1,9.13419685236073
Adair County Sheriff's Office,1967-06-01,Missouri,5329,MO00100,0,0,0,0,0,0,0,0,0,0,0,0,0,0,0,0,0,0,0,0,0,0,0,0,0,0,0,0,0,0,0,0,0,0,0,0,0,0,0,0,0,0,0,0,0,0,0,0,0,0,0,0,0,0,0,0,0,0,0,0,0,0,0,0,0,0,0,0,0,0,0,0,0,0,0,0,0,0,0,0,0,0,0,0,0,0,0,0,0,0,0,1,9.13419685236073
Adair County Sheriff's Office,1967-07-01,Missouri,5329,MO00100,0,0,0,0,0,0,0,0,0,0,0,0,0,0,0,0,0,0,0,0,0,0,0,0,0,0,0,0,0,0,0,0,0,0,0,0,0,0,0,0,0,0,0,0,0,0,0,0,0,0,0,0,0,0,0,0,0,0,0,0,0,0,0,0,0,0,0,0,0,0,0,0,0,0,0,0,0,0,0,0,0,0,0,0,0,0,0,0,0,0,0,1,9.13419685236073
Adair County Sheriff's Office,1967-08-01,Missouri,5329,MO00100,0,0,0,0,0,0,0,0,0,0,0,0,0,0,0,0,0,0,0,0,0,0,0,0,0,0,0,0,0,0,0,0,0,0,0,0,0,0,0,0,0,0,0,0,0,0,0,0,0,0,0,0,0,0,0,0,0,0,0,0,0,0,0,0,0,0,0,0,0,0,0,0,0,0,0,0,0,0,0,0,0,0,0,0,0,0,0,0,0,0,0,1,9.13419685236073
Adair County Sheriff's Office,1967-09-01,Missouri,5329,MO00100,0,0,0,0,0,0,0,0,0,0,0,0,0,0,0,0,0,0,0,0,0,0,0,0,0,0,0,0,0,0,0,0,0,0,0,0,0,0,0,0,0,0,0,0,0,0,0,0,0,0,0,0,0,0,0,0,0,0,0,0,0,0,0,0,0,0,0,0,0,0,0,0,0,0,0,0,0,0,0,0,0,0,0,0,0,0,0,0,0,0,0,1,9.13419685236073
Adair County Sheriff's Office,1967-10-01,Missouri,5329,MO00100,0,0,0,0,0,0,0,0,0,0,0,0,0,0,0,0,0,0,0,0,0,0,0,0,0,0,0,0,0,0,0,0,0,0,0,0,0,0,0,0,0,0,0,0,0,0,0,0,0,0,0,0,0,0,0,0,0,0,0,0,0,0,0,0,0,0,0,0,0,0,0,0,0,0,0,0,0,0,0,0,0,0,0,0,0,0,0,0,0,0,0,1,9.13419685236073
Adair County Sheriff's Office,1967-11-01,Missouri,5329,MO00100,0,0,0,0,0,0,0,0,0,0,0,0,0,0,0,0,0,0,0,0,0,0,0,0,0,0,0,0,0,0,0,0,0,0,0,0,0,0,0,0,0,0,0,0,0,0,0,0,0,0,0,0,0,0,0,0,0,0,0,0,0,0,0,0,0,0,0,0,0,0,0,0,0,0,0,0,0,0,0,0,0,0,0,0,0,0,0,0,0,0,0,1,9.13419685236073
Adair County Sheriff's Office,1967-12-01,Missouri,5329,MO00100,0,0,0,0,0,0,0,0,0,0,0,0,0,0,0,0,0,0,0,0,0,0,0,0,0,0,0,0,0,0,0,0,0,0,0,0,0,0,0,0,0,0,0,0,0,0,0,0,0,0,0,0,0,0,0,0,0,0,0,0,0,0,0,0,0,0,0,0,0,0,0,0,0,0,0,0,0,0,0,0,0,0,0,0,0,0,0,0,0,0,0,1,9.13419685236073
Adair County Sheriff's Office,1968-01-01,Missouri,5148,MO00100,0,0,0,0,0,0,0,0,0,0,0,0,0,0,0,0,0,0,0,0,0,0,0,0,0,0,0,0,0,0,0,0,0,0,0,0,0,0,0,0,0,0,0,0,0,0,0,0,0,0,0,0,0,0,0,0,0,0,0,0,0,0,0,0,0,0,0,0,0,0,0,0,0,0,0,0,0,0,0,0,0,0,0,0,0,0,0,0,0,0,0,1,8.75998802108289
Adair County Sheriff's Office,1968-02-01,Missouri,5148,MO00100,0,0,0,0,0,0,0,0,0,0,0,0,0,0,0,0,0,0,0,0,0,0,0,0,0,0,0,0,0,0,0,0,0,0,0,0,0,0,0,0,0,0,0,0,0,0,0,0,0,0,0,0,0,0,0,0,0,0,0,0,0,0,0,0,0,0,0,0,0,0,0,0,0,0,0,0,0,0,0,0,0,0,0,0,0,0,0,0,0,0,0,1,8.75998802108289
Adair County Sheriff's Office,1968-03-01,Missouri,5148,MO00100,0,0,0,0,0,0,0,0,0,0,0,0,0,0,0,0,0,0,0,0,0,0,0,0,0,0,0,0,0,0,0,0,0,0,0,0,0,0,0,0,0,0,0,0,0,0,0,0,0,0,0,0,0,0,0,0,0,0,0,0,0,0,0,0,0,0,0,0,0,0,0,0,0,0,0,0,0,0,0,0,0,0,0,0,0,0,0,0,0,0,0,1,8.75998802108289
Adair County Sheriff's Office,1968-04-01,Missouri,5148,MO00100,0,0,0,0,0,0,0,0,0,0,0,0,0,0,0,0,0,0,0,0,0,0,0,0,0,0,0,0,0,0,0,0,0,0,0,0,0,0,0,0,0,0,0,0,0,0,0,0,0,0,0,0,0,0,0,0,0,0,0,0,0,0,0,0,0,0,0,0,0,0,0,0,0,0,0,0,0,0,0,0,0,0,0,0,0,0,0,0,0,0,0,1,8.75998802108289
Adair County Sheriff's Office,1968-05-01,Missouri,5148,MO00100,0,0,0,0,0,0,0,0,0,0,0,0,0,0,0,0,0,0,0,0,0,0,0,0,0,0,0,0,0,0,0,0,0,0,0,0,0,0,0,0,0,0,0,0,0,0,0,0,0,0,0,0,0,0,0,0,0,0,0,0,0,0,0,0,0,0,0,0,0,0,0,0,0,0,0,0,0,0,0,0,0,0,0,0,0,0,0,0,0,0,0,1,8.75998802108289
Adair County Sheriff's Office,1968-06-01,Missouri,5148,MO00100,0,0,0,0,0,0,0,0,0,0,0,0,0,0,0,0,0,0,0,0,0,0,0,0,0,0,0,0,0,0,0,0,0,0,0,0,0,0,0,0,0,0,0,0,0,0,0,0,0,0,0,0,0,0,0,0,0,0,0,0,0,0,0,0,0,0,0,0,0,0,0,0,0,0,0,0,0,0,0,0,0,0,0,0,0,0,0,0,0,0,0,1,8.75998802108289
Adair County Sheriff's Office,1968-07-01,Missouri,5148,MO00100,0,0,0,0,0,0,0,0,0,0,0,0,0,0,0,0,0,0,0,0,0,0,0,0,0,0,0,0,0,0,0,0,0,0,0,0,0,0,0,0,0,0,0,0,0,0,0,0,0,0,0,0,0,0,0,0,0,0,0,0,0,0,0,0,0,0,0,0,0,0,0,0,0,0,0,0,0,0,0,0,0,0,0,0,0,0,0,0,0,0,0,1,8.75998802108289
Adair County Sheriff's Office,1968-08-01,Missouri,5148,MO00100,0,0,0,0,0,0,0,0,0,0,0,0,0,0,0,0,0,0,0,0,0,0,0,0,0,0,0,0,0,0,0,0,0,0,0,0,0,0,0,0,0,0,0,0,0,0,0,0,0,0,0,0,0,0,0,0,0,0,0,0,0,0,0,0,0,0,0,0,0,0,0,0,0,0,0,0,0,0,0,0,0,0,0,0,0,0,0,0,0,0,0,1,8.75998802108289
Adair County Sheriff's Office,1968-09-01,Missouri,5148,MO00100,0,0,0,0,0,0,0,0,0,0,0,0,0,0,0,0,0,0,0,0,0,0,0,0,0,0,0,0,0,0,0,0,0,0,0,0,0,0,0,0,0,0,0,0,0,0,0,0,0,0,0,0,0,0,0,0,0,0,0,0,0,0,0,0,0,0,0,0,0,0,0,0,0,0,0,0,0,0,0,0,0,0,0,0,0,0,0,0,0,0,0,1,8.75998802108289
Adair County Sheriff's Office,1968-10-01,Missouri,5148,MO00100,0,0,0,0,0,0,0,0,0,0,0,0,0,0,0,0,0,0,0,0,0,0,0,0,0,0,0,0,0,0,0,0,0,0,0,0,0,0,0,0,0,0,0,0,0,0,0,0,0,0,0,0,0,0,0,0,0,0,0,0,0,0,0,0,0,0,0,0,0,0,0,0,0,0,0,0,0,0,0,0,0,0,0,0,0,0,0,0,0,0,0,1,8.75998802108289
Adair County Sheriff's Office,1968-11-01,Missouri,5148,MO00100,0,0,0,0,0,0,0,0,0,0,0,0,0,0,0,0,0,0,0,0,0,0,0,0,0,0,0,0,0,0,0,0,0,0,0,0,0,0,0,0,0,0,0,0,0,0,0,0,0,0,0,0,0,0,0,0,0,0,0,0,0,0,0,0,0,0,0,0,0,0,0,0,0,0,0,0,0,0,0,0,0,0,0,0,0,0,0,0,0,0,0,1,8.75998802108289
Adair County Sheriff's Office,1968-12-01,Missouri,5148,MO00100,0,0,0,0,0,0,0,0,0,0,0,0,0,0,0,0,0,0,0,0,0,0,0,0,0,0,0,0,0,0,0,0,0,0,0,0,0,0,0,0,0,0,0,0,0,0,0,0,0,0,0,0,0,0,0,0,0,0,0,0,0,0,0,0,0,0,0,0,0,0,0,0,0,0,0,0,0,0,0,0,0,0,0,0,0,0,0,0,0,0,0,1,8.75998802108289
Adair County Sheriff's Office,1969-01-01,Missouri,4487,MO00100,0,0,0,0,0,0,0,0,0,0,0,0,0,0,0,0,0,0,0,0,0,0,0,0,0,0,0,0,0,0,0,0,0,0,0,0,0,0,0,0,0,0,0,0,0,0,0,0,0,0,0,0,0,0,0,0,0,0,0,0,0,0,0,0,0,0,0,0,0,0,0,0,0,0,0,0,0,0,0,0,0,0,0,0,0,0,0,0,0,0,0,1,8.30626760563381
Adair County Sheriff's Office,1969-02-01,Missouri,4487,MO00100,0,0,0,0,0,0,0,0,0,0,0,0,0,0,0,0,0,0,0,0,0,0,0,0,0,0,0,0,0,0,0,0,0,0,0,0,0,0,0,0,0,0,0,0,0,0,0,0,0,0,0,0,0,0,0,0,0,0,0,0,0,0,0,0,0,0,0,0,0,0,0,0,0,0,0,0,0,0,0,0,0,0,0,0,0,0,0,0,0,0,0,1,8.30626760563381
Adair County Sheriff's Office,1969-03-01,Missouri,4487,MO00100,0,0,0,0,0,0,0,0,0,0,0,0,0,0,0,0,0,0,0,0,0,0,0,0,0,0,0,0,0,0,0,0,0,0,0,0,0,0,0,0,0,0,0,0,0,0,0,0,0,0,0,0,0,0,0,0,0,0,0,0,0,0,0,0,0,0,0,0,0,0,0,0,0,0,0,0,0,0,0,0,0,0,0,0,0,0,0,0,0,0,0,1,8.30626760563381
Adair County Sheriff's Office,1969-04-01,Missouri,4487,MO00100,0,0,0,0,0,0,0,0,0,0,0,0,0,0,0,0,0,0,0,0,0,0,0,0,0,0,0,0,0,0,0,0,0,0,0,0,0,0,0,0,0,0,0,0,0,0,0,0,0,0,0,0,0,0,0,0,0,0,0,0,0,0,0,0,0,0,0,0,0,0,0,0,0,0,0,0,0,0,0,0,0,0,0,0,0,0,0,0,0,0,0,1,8.30626760563381
Adair County Sheriff's Office,1969-05-01,Missouri,4487,MO00100,0,0,0,0,0,0,0,0,0,0,0,0,0,0,0,0,0,0,0,0,0,0,0,0,0,0,0,0,0,0,0,0,0,0,0,0,0,0,0,0,0,0,0,0,0,0,0,0,0,0,0,0,0,0,0,0,0,0,0,0,0,0,0,0,0,0,0,0,0,0,0,0,0,0,0,0,0,0,0,0,0,0,0,0,0,0,0,0,0,0,0,1,8.30626760563381
Adair County Sheriff's Office,1969-06-01,Missouri,4487,MO00100,0,0,0,0,0,0,0,0,0,0,0,0,0,0,0,0,0,0,0,0,0,0,0,0,0,0,0,0,0,0,0,0,0,0,0,0,0,0,0,0,0,0,0,0,0,0,0,0,0,0,0,0,0,0,0,0,0,0,0,0,0,0,0,0,0,0,0,0,0,0,0,0,0,0,0,0,0,0,0,0,0,0,0,0,0,0,0,0,0,0,0,1,8.30626760563381
Adair County Sheriff's Office,1969-07-01,Missouri,4487,MO00100,0,0,0,0,0,0,0,0,0,0,0,0,0,0,0,0,0,0,0,0,0,0,0,0,0,0,0,0,0,0,0,0,0,0,0,0,0,0,0,0,0,0,0,0,0,0,0,0,0,0,0,0,0,0,0,0,0,0,0,0,0,0,0,0,0,0,0,0,0,0,0,0,0,0,0,0,0,0,0,0,0,0,0,0,0,0,0,0,0,0,0,1,8.30626760563381
Adair County Sheriff's Office,1969-08-01,Missouri,4487,MO00100,0,0,0,0,0,0,0,0,0,0,0,0,0,0,0,0,0,0,0,0,0,0,0,0,0,0,0,0,0,0,0,0,0,0,0,0,0,0,0,0,0,0,0,0,0,0,0,0,0,0,0,0,0,0,0,0,0,0,0,0,0,0,0,0,0,0,0,0,0,0,0,0,0,0,0,0,0,0,0,0,0,0,0,0,0,0,0,0,0,0,0,1,8.30626760563381
Adair County Sheriff's Office,1969-09-01,Missouri,4487,MO00100,0,0,0,0,0,0,0,0,0,0,0,0,0,0,0,0,0,0,0,0,0,0,0,0,0,0,0,0,0,0,0,0,0,0,0,0,0,0,0,0,0,0,0,0,0,0,0,0,0,0,0,0,0,0,0,0,0,0,0,0,0,0,0,0,0,0,0,0,0,0,0,0,0,0,0,0,0,0,0,0,0,0,0,0,0,0,0,0,0,0,0,1,8.30626760563381
Adair County Sheriff's Office,1969-10-01,Missouri,4487,MO00100,0,0,0,0,0,0,0,0,0,0,0,0,0,0,0,0,0,0,0,0,0,0,0,0,0,0,0,0,0,0,0,0,0,0,0,0,0,0,0,0,0,0,0,0,0,0,0,0,0,0,0,0,0,0,0,0,0,0,0,0,0,0,0,0,0,0,0,0,0,0,0,0,0,0,0,0,0,0,0,0,0,0,0,0,0,0,0,0,0,0,0,1,8.30626760563381
Adair County Sheriff's Office,1969-11-01,Missouri,4487,MO00100,0,0,0,0,0,0,0,0,0,0,0,0,0,0,0,0,0,0,0,0,0,0,0,0,0,0,0,0,0,0,0,0,0,0,0,0,0,0,0,0,0,0,0,0,0,0,0,0,0,0,0,0,0,0,0,0,0,0,0,0,0,0,0,0,0,0,0,0,0,0,0,0,0,0,0,0,0,0,0,0,0,0,0,0,0,0,0,0,0,0,0,1,8.30626760563381
Adair County Sheriff's Office,1969-12-01,Missouri,4487,MO00100,0,0,0,0,0,0,0,0,0,0,0,0,0,0,0,0,0,0,0,0,0,0,0,0,0,0,0,0,0,0,0,0,0,0,0,0,0,0,0,0,0,0,0,0,0,0,0,0,0,0,0,0,0,0,0,0,0,0,0,0,0,0,0,0,0,0,0,0,0,0,0,0,0,0,0,0,0,0,0,0,0,0,0,0,0,0,0,0,0,0,0,1,8.30626760563381
Adair County Sheriff's Office,1970-01-01,Missouri,6912,MO00100,0,0,0,0,0,0,0,0,0,0,0,0,0,0,0,0,0,0,0,0,0,0,0,0,0,0,0,0,0,0,0,0,0,0,0,0,0,0,0,0,0,0,0,0,0,0,0,0,0,0,0,0,0,0,0,0,0,0,0,0,0,0,0,0,0,0,0,0,0,0,0,0,0,0,0,0,0,0,0,0,0,0,0,0,0,0,0,0,0,0,0,1,7.84807684052372
Adair County Sheriff's Office,1970-02-01,Missouri,6912,MO00100,0,0,0,0,0,0,0,0,0,0,0,0,0,0,0,0,0,0,0,0,0,0,0,0,0,0,0,0,0,0,0,0,0,0,0,0,0,0,0,0,0,0,0,0,0,0,0,0,0,0,0,0,0,0,0,0,0,0,0,0,0,0,0,0,0,0,0,0,0,0,0,0,0,0,0,0,0,0,0,0,0,0,0,0,0,0,0,0,0,0,0,1,7.84807684052372
Adair County Sheriff's Office,1970-03-01,Missouri,6912,MO00100,0,0,0,0,0,0,0,0,0,0,0,0,0,0,0,0,0,0,0,0,0,0,0,0,0,0,0,0,0,0,0,0,0,0,0,0,0,0,0,0,0,0,0,0,0,0,0,0,0,0,0,0,0,0,0,0,0,0,0,0,0,0,0,0,0,0,0,0,0,0,0,0,0,0,0,0,0,0,0,0,0,0,0,0,0,0,0,0,0,0,0,1,7.84807684052372
Adair County Sheriff's Office,1970-04-01,Missouri,6912,MO00100,0,0,0,0,0,0,0,0,0,0,0,0,0,0,0,0,0,0,0,0,0,0,0,0,0,0,0,0,0,0,0,0,0,0,0,0,0,0,0,0,0,0,0,0,0,0,0,0,0,0,0,0,0,0,0,0,0,0,0,0,0,0,0,0,0,0,0,0,0,0,0,0,0,0,0,0,0,0,0,0,0,0,0,0,0,0,0,0,0,0,0,1,7.84807684052372
Adair County Sheriff's Office,1970-05-01,Missouri,6912,MO00100,0,0,0,0,0,0,0,0,0,0,0,0,0,0,0,0,0,0,0,0,0,0,0,0,0,0,0,0,0,0,0,0,0,0,0,0,0,0,0,0,0,0,0,0,0,0,0,0,0,0,0,0,0,0,0,0,0,0,0,0,0,0,0,0,0,0,0,0,0,0,0,0,0,0,0,0,0,0,0,0,0,0,0,0,0,0,0,0,0,0,0,1,7.84807684052372
Adair County Sheriff's Office,1970-06-01,Missouri,6912,MO00100,0,0,0,0,0,0,0,0,0,0,0,0,0,0,0,0,0,0,0,0,0,0,0,0,0,0,0,0,0,0,0,0,0,0,0,0,0,0,0,0,0,0,0,0,0,0,0,0,0,0,0,0,0,0,0,0,0,0,0,0,0,0,0,0,0,0,0,0,0,0,0,0,0,0,0,0,0,0,0,0,0,0,0,0,0,0,0,0,0,0,0,1,7.84807684052372
Adair County Sheriff's Office,1970-07-01,Missouri,6912,MO00100,0,0,0,0,0,0,0,0,0,0,0,0,0,0,0,0,0,0,0,0,0,0,0,0,0,0,0,0,0,0,0,0,0,0,0,0,0,0,0,0,0,0,0,0,0,0,0,0,0,0,0,0,0,0,0,0,0,0,0,0,0,0,0,0,0,0,0,0,0,0,0,0,0,0,0,0,0,0,0,0,0,0,0,0,0,0,0,0,0,0,0,1,7.84807684052372
Adair County Sheriff's Office,1970-08-01,Missouri,6912,MO00100,0,0,0,0,0,0,0,0,0,0,0,0,0,0,0,0,0,0,0,0,0,0,0,0,0,0,0,0,0,0,0,0,0,0,0,0,0,0,0,0,0,0,0,0,0,0,0,0,0,0,0,0,0,0,0,0,0,0,0,0,0,0,0,0,0,0,0,0,0,0,0,0,0,0,0,0,0,0,0,0,0,0,0,0,0,0,0,0,0,0,0,1,7.84807684052372
Adair County Sheriff's Office,1970-09-01,Missouri,6912,MO00100,0,0,0,0,0,0,0,0,0,0,0,0,0,0,0,0,0,0,0,0,0,0,0,0,0,0,0,0,0,0,0,0,0,0,0,0,0,0,0,0,0,0,0,0,0,0,0,0,0,0,0,0,0,0,0,0,0,0,0,0,0,0,0,0,0,0,0,0,0,0,0,0,0,0,0,0,0,0,0,0,0,0,0,0,0,0,0,0,0,0,0,1,7.84807684052372
Adair County Sheriff's Office,1970-10-01,Missouri,6912,MO00100,0,0,0,0,0,0,0,0,0,0,0,0,0,0,0,0,0,0,0,0,0,0,0,0,0,0,0,0,0,0,0,0,0,0,0,0,0,0,0,0,0,0,0,0,0,0,0,0,0,0,0,0,0,0,0,0,0,0,0,0,0,0,0,0,0,0,0,0,0,0,0,0,0,0,0,0,0,0,0,0,0,0,0,0,0,0,0,0,0,0,0,1,7.84807684052372
Adair County Sheriff's Office,1970-11-01,Missouri,6912,MO00100,0,0,0,0,0,0,0,0,0,0,0,0,0,0,0,0,0,0,0,0,0,0,0,0,0,0,0,0,0,0,0,0,0,0,0,0,0,0,0,0,0,0,0,0,0,0,0,0,0,0,0,0,0,0,0,0,0,0,0,0,0,0,0,0,0,0,0,0,0,0,0,0,0,0,0,0,0,0,0,0,0,0,0,0,0,0,0,0,0,0,0,1,7.84807684052372
Adair County Sheriff's Office,1970-12-01,Missouri,6912,MO00100,0,0,0,0,0,0,0,0,0,0,0,0,0,0,0,0,0,0,0,0,0,0,0,0,0,0,0,0,0,0,0,0,0,0,0,0,0,0,0,0,0,0,0,0,0,0,0,0,0,0,0,0,0,0,0,0,0,0,0,0,0,0,0,0,0,0,0,0,0,0,0,0,0,0,0,0,0,0,0,0,0,0,0,0,0,0,0,0,0,0,0,1,7.84807684052372
Adair County Sheriff's Office,1971-01-01,Missouri,7047,MO00100,0,0,0,0,0,0,0,0,0,0,0,0,0,0,0,0,0,0,0,0,0,0,0,0,0,0,0,0,0,0,0,0,0,0,0,0,0,0,0,0,0,0,0,0,0,0,0,0,0,0,0,0,0,0,0,0,0,0,0,0,0,0,0,0,0,0,0,0,0,0,0,0,0,0,0,0,0,0,0,0,0,0,0,0,0,0,0,0,0,0,0,1,7.52504424778761
Adair County Sheriff's Office,1971-02-01,Missouri,7047,MO00100,0,0,0,0,0,0,0,0,0,0,0,0,0,0,0,0,0,0,0,0,0,0,0,0,0,0,0,0,0,0,0,0,0,0,0,0,0,0,0,0,0,0,0,0,0,0,0,0,0,0,0,0,0,0,0,0,0,0,0,0,0,0,0,0,0,0,0,0,0,0,0,0,0,0,0,0,0,0,0,0,0,0,0,0,0,0,0,0,0,0,0,1,7.52504424778761
Adair County Sheriff's Office,1971-03-01,Missouri,7047,MO00100,0,0,0,0,0,0,0,0,0,0,0,0,0,0,0,0,0,0,0,0,0,0,0,0,0,0,0,0,0,0,0,0,0,0,0,0,0,0,0,0,0,0,0,0,0,0,0,0,0,0,0,0,0,0,0,0,0,0,0,0,0,0,0,0,0,0,0,0,0,0,0,0,0,0,0,0,0,0,0,0,0,0,0,0,0,0,0,0,0,0,0,1,7.52504424778761
Adair County Sheriff's Office,1971-04-01,Missouri,7047,MO00100,0,0,0,0,0,0,0,0,0,0,0,0,0,0,0,0,0,0,0,0,0,0,0,0,0,0,0,0,0,0,0,0,0,0,0,0,0,0,0,0,0,0,0,0,0,0,0,0,0,0,0,0,0,0,0,0,0,0,0,0,0,0,0,0,0,0,0,0,0,0,0,0,0,0,0,0,0,0,0,0,0,0,0,0,0,0,0,0,0,0,0,1,7.52504424778761
Adair County Sheriff's Office,1971-05-01,Missouri,7047,MO00100,0,0,0,0,0,0,0,0,0,0,0,0,0,0,0,0,0,0,0,0,0,0,0,0,0,0,0,0,0,0,0,0,0,0,0,0,0,0,0,0,0,0,0,0,0,0,0,0,0,0,0,0,0,0,0,0,0,0,0,0,0,0,0,0,0,0,0,0,0,0,0,0,0,0,0,0,0,0,0,0,0,0,0,0,0,0,0,0,0,0,0,1,7.52504424778761
Adair County Sheriff's Office,1971-06-01,Missouri,7047,MO00100,0,0,0,0,0,0,0,0,0,0,0,0,0,0,0,0,0,0,0,0,0,0,0,0,0,0,0,0,0,0,0,0,0,0,0,0,0,0,0,0,0,0,0,0,0,0,0,0,0,0,0,0,0,0,0,0,0,0,0,0,0,0,0,0,0,0,0,0,0,0,0,0,0,0,0,0,0,0,0,0,0,0,0,0,0,0,0,0,0,0,0,1,7.52504424778761
Adair County Sheriff's Office,1971-07-01,Missouri,7047,MO00100,0,0,0,0,0,0,0,0,0,0,0,0,0,0,0,0,0,0,0,0,0,0,0,0,0,0,0,0,0,0,0,0,0,0,0,0,0,0,0,0,0,0,0,0,0,0,0,0,0,0,0,0,0,0,0,0,0,0,0,0,0,0,0,0,0,0,0,0,0,0,0,0,0,0,0,0,0,0,0,0,0,0,0,0,0,0,0,0,0,0,0,1,7.52504424778761
Adair County Sheriff's Office,1971-08-01,Missouri,7047,MO00100,0,0,0,0,0,0,0,0,0,0,0,0,0,0,0,0,0,0,0,0,0,0,0,0,0,0,0,0,0,0,0,0,0,0,0,0,0,0,0,0,0,0,0,0,0,0,0,0,0,0,0,0,0,0,0,0,0,0,0,0,0,0,0,0,0,0,0,0,0,0,0,0,0,0,0,0,0,0,0,0,0,0,0,0,0,0,0,0,0,0,0,1,7.52504424778761
Adair County Sheriff's Office,1971-09-01,Missouri,7047,MO00100,0,0,0,0,0,0,0,0,0,0,0,0,0,0,0,0,0,0,0,0,0,0,0,0,0,0,0,0,0,0,0,0,0,0,0,0,0,0,0,0,0,0,0,0,0,0,0,0,0,0,0,0,0,0,0,0,0,0,0,0,0,0,0,0,0,0,0,0,0,0,0,0,0,0,0,0,0,0,0,0,0,0,0,0,0,0,0,0,0,0,0,1,7.52504424778761
Adair County Sheriff's Office,1971-10-01,Missouri,7047,MO00100,0,0,0,0,0,0,0,0,0,0,0,0,0,0,0,0,0,0,0,0,0,0,0,0,0,0,0,0,0,0,0,0,0,0,0,0,0,0,0,0,0,0,0,0,0,0,0,0,0,0,0,0,0,0,0,0,0,0,0,0,0,0,0,0,0,0,0,0,0,0,0,0,0,0,0,0,0,0,0,0,0,0,0,0,0,0,0,0,0,0,0,1,7.52504424778761
Adair County Sheriff's Office,1971-11-01,Missouri,7047,MO00100,0,0,0,0,0,0,0,0,0,0,0,0,0,0,0,0,0,0,0,0,0,0,0,0,0,0,0,0,0,0,0,0,0,0,0,0,0,0,0,0,0,0,0,0,0,0,0,0,0,0,0,0,0,0,0,0,0,0,0,0,0,0,0,0,0,0,0,0,0,0,0,0,0,0,0,0,0,0,0,0,0,0,0,0,0,0,0,0,0,0,0,1,7.52504424778761
Adair County Sheriff's Office,1971-12-01,Missouri,7047,MO00100,0,0,0,0,0,0,0,0,0,0,0,0,0,0,0,0,0,0,0,0,0,0,0,0,0,0,0,0,0,0,0,0,0,0,0,0,0,0,0,0,0,0,0,0,0,0,0,0,0,0,0,0,0,0,0,0,0,0,0,0,0,0,0,0,0,0,0,0,0,0,0,0,0,0,0,0,0,0,0,0,0,0,0,0,0,0,0,0,0,0,0,1,7.52504424778761
Adair County Sheriff's Office,1972-01-01,Missouri,6757,MO00100,0,0,0,0,0,0,0,0,0,0,0,0,0,0,0,0,0,0,0,0,0,0,0,0,0,0,0,0,0,0,0,0,0,0,0,0,0,0,0,0,0,0,0,0,0,0,0,0,0,0,0,0,0,0,0,0,0,0,0,0,0,0,0,0,0,0,0,0,0,0,0,0,0,0,0,0,0,0,0,0,0,0,0,0,0,0,0,0,0,0,0,1,7.28660621761658
Adair County Sheriff's Office,1972-02-01,Missouri,6757,MO00100,0,0,0,0,0,0,0,0,0,0,0,0,0,0,0,0,0,0,0,0,0,0,0,0,0,0,0,0,0,0,0,0,0,0,0,0,0,0,0,0,0,0,0,0,0,0,0,0,0,0,0,0,0,0,0,0,0,0,0,0,0,0,0,0,0,0,0,0,0,0,0,0,0,0,0,0,0,0,0,0,0,0,0,0,0,0,0,0,0,0,0,1,7.28660621761658
Adair County Sheriff's Office,1972-03-01,Missouri,6757,MO00100,0,0,0,0,0,0,0,0,0,0,0,0,0,0,0,0,0,0,0,0,0,0,0,0,0,0,0,0,0,0,0,0,0,0,0,0,0,0,0,0,0,0,0,0,0,0,0,0,0,0,0,0,0,0,0,0,0,0,0,0,0,0,0,0,0,0,0,0,0,0,0,0,0,0,0,0,0,0,0,0,0,0,0,0,0,0,0,0,0,0,0,1,7.28660621761658
Adair County Sheriff's Office,1972-04-01,Missouri,6757,MO00100,0,0,0,0,0,0,0,0,0,0,0,0,0,0,0,0,0,0,0,0,0,0,0,0,0,0,0,0,0,0,0,0,0,0,0,0,0,0,0,0,0,0,0,0,0,0,0,0,0,0,0,0,0,0,0,0,0,0,0,0,0,0,0,0,0,0,0,0,0,0,0,0,0,0,0,0,0,0,0,0,0,0,0,0,0,0,0,0,0,0,0,1,7.28660621761658
Adair County Sheriff's Office,1972-05-01,Missouri,6757,MO00100,0,0,0,0,0,0,0,0,0,0,0,0,0,0,0,0,0,0,0,0,0,0,0,0,0,0,0,0,0,0,0,0,0,0,0,0,0,0,0,0,0,0,0,0,0,0,0,0,0,0,0,0,0,0,0,0,0,0,0,0,0,0,0,0,0,0,0,0,0,0,0,0,0,0,0,0,0,0,0,0,0,0,0,0,0,0,0,0,0,0,0,1,7.28660621761658
Adair County Sheriff's Office,1972-06-01,Missouri,6757,MO00100,0,0,0,0,0,0,0,0,0,0,0,0,0,0,0,0,0,0,0,0,0,0,0,0,0,0,0,0,0,0,0,0,0,0,0,0,0,0,0,0,0,0,0,0,0,0,0,0,0,0,0,0,0,0,0,0,0,0,0,0,0,0,0,0,0,0,0,0,0,0,0,0,0,0,0,0,0,0,0,0,0,0,0,0,0,0,0,0,0,0,0,1,7.28660621761658
Adair County Sheriff's Office,1972-07-01,Missouri,6757,MO00100,0,0,0,0,0,0,0,0,0,0,0,0,0,0,0,0,0,0,0,0,0,0,0,0,0,0,0,0,0,0,0,0,0,0,0,0,0,0,0,0,0,0,0,0,0,0,0,0,0,0,0,0,0,0,0,0,0,0,0,0,0,0,0,0,0,0,0,0,0,0,0,0,0,0,0,0,0,0,0,0,0,0,0,0,0,0,0,0,0,0,0,1,7.28660621761658
Adair County Sheriff's Office,1972-08-01,Missouri,6757,MO00100,0,0,0,0,0,0,0,0,0,0,0,0,0,0,0,0,0,0,0,0,0,0,0,0,0,0,0,0,0,0,0,0,0,0,0,0,0,0,0,0,0,0,0,0,0,0,0,0,0,0,0,0,0,0,0,0,0,0,0,0,0,0,0,0,0,0,0,0,0,0,0,0,0,0,0,0,0,0,0,0,0,0,0,0,0,0,0,0,0,0,0,1,7.28660621761658
Adair County Sheriff's Office,1972-09-01,Missouri,6757,MO00100,0,0,0,0,0,0,0,0,0,0,0,0,0,0,0,0,0,0,0,0,0,0,0,0,0,0,0,0,0,0,0,0,0,0,0,0,0,0,0,0,0,0,0,0,0,0,0,0,0,0,0,0,0,0,0,0,0,0,0,0,0,0,0,0,0,0,0,0,0,0,0,0,0,0,0,0,0,0,0,0,0,0,0,0,0,0,0,0,0,0,0,1,7.28660621761658
Adair County Sheriff's Office,1972-10-01,Missouri,6757,MO00100,0,0,0,0,0,0,0,0,0,0,0,0,0,0,0,0,0,0,0,0,0,0,0,0,0,0,0,0,0,0,0,0,0,0,0,0,0,0,0,0,0,0,0,0,0,0,0,0,0,0,0,0,0,0,0,0,0,0,0,0,0,0,0,0,0,0,0,0,0,0,0,0,0,0,0,0,0,0,0,0,0,0,0,0,0,0,0,0,0,0,0,1,7.28660621761658
Adair County Sheriff's Office,1972-11-01,Missouri,6757,MO00100,0,0,0,0,0,0,0,0,0,0,0,0,0,0,0,0,0,0,0,0,0,0,0,0,0,0,0,0,0,0,0,0,0,0,0,0,0,0,0,0,0,0,0,0,0,0,0,0,0,0,0,0,0,0,0,0,0,0,0,0,0,0,0,0,0,0,0,0,0,0,0,0,0,0,0,0,0,0,0,0,0,0,0,0,0,0,0,0,0,0,0,1,7.28660621761658
Adair County Sheriff's Office,1972-12-01,Missouri,6757,MO00100,0,0,0,0,0,0,0,0,0,0,0,0,0,0,0,0,0,0,0,0,0,0,0,0,0,0,0,0,0,0,0,0,0,0,0,0,0,0,0,0,0,0,0,0,0,0,0,0,0,0,0,0,0,0,0,0,0,0,0,0,0,0,0,0,0,0,0,0,0,0,0,0,0,0,0,0,0,0,0,0,0,0,0,0,0,0,0,0,0,0,0,1,7.28660621761658
Adair County Sheriff's Office,1973-01-01,Missouri,6327,MO00100,0,0,0,0,0,0,0,0,0,0,0,0,0,0,0,0,0,0,0,0,0,0,0,0,0,0,0,0,0,0,0,0,0,0,0,0,0,0,0,0,0,0,0,0,0,0,0,0,0,0,0,0,0,0,0,0,0,0,0,0,0,0,0,0,0,0,0,0,0,0,0,0,0,0,0,0,0,0,0,0,0,0,0,0,0,0,0,0,0,0,0,1,6.86264827327328
Adair County Sheriff's Office,1973-02-01,Missouri,6327,MO00100,0,0,0,0,0,0,0,0,0,0,0,0,0,0,0,0,0,0,0,0,0,0,0,0,0,0,0,0,0,0,0,0,0,0,0,0,0,0,0,0,0,0,0,0,0,0,0,0,0,0,0,0,0,0,0,0,0,0,0,0,0,0,0,0,0,0,0,0,0,0,0,0,0,0,0,0,0,0,0,0,0,0,0,0,0,0,0,0,0,0,0,1,6.86264827327328
Adair County Sheriff's Office,1973-03-01,Missouri,6327,MO00100,0,0,0,0,0,0,0,0,0,0,0,0,0,0,0,0,0,0,0,0,0,0,0,0,0,0,0,0,0,0,0,0,0,0,0,0,0,0,0,0,0,0,0,0,0,0,0,0,0,0,0,0,0,0,0,0,0,0,0,0,0,0,0,0,0,0,0,0,0,0,0,0,0,0,0,0,0,0,0,0,0,0,0,0,0,0,0,0,0,0,0,1,6.86264827327328
Adair County Sheriff's Office,1973-04-01,Missouri,6327,MO00100,0,0,0,0,0,0,0,0,0,0,0,0,0,0,0,0,0,0,0,0,0,0,0,0,0,0,0,0,0,0,0,0,0,0,0,0,0,0,0,0,0,0,0,0,0,0,0,0,0,0,0,0,0,0,0,0,0,0,0,0,0,0,0,0,0,0,0,0,0,0,0,0,0,0,0,0,0,0,0,0,0,0,0,0,0,0,0,0,0,0,0,1,6.86264827327328
Adair County Sheriff's Office,1973-05-01,Missouri,6327,MO00100,0,0,0,0,0,0,0,0,0,0,0,0,0,0,0,0,0,0,0,0,0,0,0,0,0,0,0,0,0,0,0,0,0,0,0,0,0,0,0,0,0,0,0,0,0,0,0,0,0,0,0,0,0,0,0,0,0,0,0,0,0,0,0,0,0,0,0,0,0,0,0,0,0,0,0,0,0,0,0,0,0,0,0,0,0,0,0,0,0,0,0,1,6.86264827327328
Adair County Sheriff's Office,1973-06-01,Missouri,6327,MO00100,0,0,0,0,0,0,0,0,0,0,0,0,0,0,0,0,0,0,0,0,0,0,0,0,0,0,0,0,0,0,0,0,0,0,0,0,0,0,0,0,0,0,0,0,0,0,0,0,0,0,0,0,0,0,0,0,0,0,0,0,0,0,0,0,0,0,0,0,0,0,0,0,0,0,0,0,0,0,0,0,0,0,0,0,0,0,0,0,0,0,0,1,6.86264827327328
Adair County Sheriff's Office,1973-07-01,Missouri,6327,MO00100,0,0,0,0,0,0,0,0,0,0,0,0,0,0,0,0,0,0,0,0,0,0,0,0,0,0,0,0,0,0,0,0,0,0,0,0,0,0,0,0,0,0,0,0,0,0,0,0,0,0,0,0,0,0,0,0,0,0,0,0,0,0,0,0,0,0,0,0,0,0,0,0,0,0,0,0,0,0,0,0,0,0,0,0,0,0,0,0,0,0,0,1,6.86264827327328
Adair County Sheriff's Office,1973-08-01,Missouri,6327,MO00100,0,0,0,0,0,0,0,0,0,0,0,0,0,0,0,0,0,0,0,0,0,0,0,0,0,0,0,0,0,0,0,0,0,0,0,0,0,0,0,0,0,0,0,0,0,0,0,0,0,0,0,0,0,0,0,0,0,0,0,0,0,0,0,0,0,0,0,0,0,0,0,0,0,0,0,0,0,0,0,0,0,0,0,0,0,0,0,0,0,0,0,1,6.86264827327328
Adair County Sheriff's Office,1973-09-01,Missouri,6327,MO00100,0,0,0,0,0,0,0,0,0,0,0,0,0,0,0,0,0,0,0,0,0,0,0,0,0,0,0,0,0,0,0,0,0,0,0,0,0,0,0,0,0,0,0,0,0,0,0,0,0,0,0,0,0,0,0,0,0,0,0,0,0,0,0,0,0,0,0,0,0,0,0,0,0,0,0,0,0,0,0,0,0,0,0,0,0,0,0,0,0,0,0,1,6.86264827327328
Adair County Sheriff's Office,1973-10-01,Missouri,6327,MO00100,0,0,0,0,0,0,0,0,0,0,0,0,0,0,0,0,0,0,0,0,0,0,0,0,0,0,0,0,0,0,0,0,0,0,0,0,0,0,0,0,0,0,0,0,0,0,0,0,0,0,0,0,0,0,0,0,0,0,0,0,0,0,0,0,0,0,0,0,0,0,0,0,0,0,0,0,0,0,0,0,0,0,0,0,0,0,0,0,0,0,0,1,6.86264827327328
Adair County Sheriff's Office,1973-11-01,Missouri,6327,MO00100,0,0,0,0,0,0,0,0,0,0,0,0,0,0,0,0,0,0,0,0,0,0,0,0,0,0,0,0,0,0,0,0,0,0,0,0,0,0,0,0,0,0,0,0,0,0,0,0,0,0,0,0,0,0,0,0,0,0,0,0,0,0,0,0,0,0,0,0,0,0,0,0,0,0,0,0,0,0,0,0,0,0,0,0,0,0,0,0,0,0,0,1,6.86264827327328
Adair County Sheriff's Office,1973-12-01,Missouri,6327,MO00100,0,0,0,0,0,0,0,0,0,0,0,0,0,0,0,0,0,0,0,0,0,0,0,0,0,0,0,0,0,0,0,0,0,0,0,0,0,0,0,0,0,0,0,0,0,0,0,0,0,0,0,0,0,0,0,0,0,0,0,0,0,0,0,0,0,0,0,0,0,0,0,0,0,0,0,0,0,0,0,0,0,0,0,0,0,0,0,0,0,0,0,1,6.86264827327328
Adair County Sheriff's Office,1974-01-01,Missouri,7174,MO00100,0,0,0,0,0,0,0,0,0,0,0,0,0,0,0,0,0,0,0,0,0,0,0,0,0,0,0,0,0,0,0,0,0,0,0,0,0,0,0,0,0,0,0,0,0,0,0,0,0,0,0,0,0,0,0,0,0,0,0,0,0,0,0,0,0,0,0,0,0,0,0,0,0,0,0,0,0,0,0,0,0,0,0,0,0,0,0,0,0,0,0,1,6.17951495690384
Adair County Sheriff's Office,1974-02-01,Missouri,7174,MO00100,0,0,0,0,0,0,0,0,0,0,0,0,0,0,0,0,0,0,0,0,0,0,0,0,0,0,0,0,0,0,0,0,0,0,0,0,0,0,0,0,0,0,0,0,0,0,0,0,0,0,0,0,0,0,0,0,0,0,0,0,0,0,0,0,0,0,0,0,0,0,0,0,0,0,0,0,0,0,0,0,0,0,0,0,0,0,0,0,0,0,0,1,6.17951495690384
Adair County Sheriff's Office,1974-03-01,Missouri,7174,MO00100,0,0,0,0,0,0,0,0,0,0,0,0,0,0,0,0,0,0,0,0,0,0,0,0,0,0,0,0,0,0,0,0,0,0,0,0,0,0,0,0,0,0,0,0,0,0,0,0,0,0,0,0,0,0,0,0,0,0,0,0,0,0,0,0,0,0,0,0,0,0,0,0,0,0,0,0,0,0,0,0,0,0,0,0,0,0,0,0,0,0,0,1,6.17951495690384
Adair County Sheriff's Office,1974-04-01,Missouri,7174,MO00100,0,0,0,0,0,0,0,0,0,0,0,0,0,0,0,0,0,0,0,0,0,0,0,0,0,0,0,0,0,0,0,0,0,0,0,0,0,0,0,0,0,0,0,0,0,0,0,0,0,0,0,0,0,0,0,0,0,0,0,0,0,0,0,0,0,0,0,0,0,0,0,0,0,0,0,0,0,0,0,0,0,0,0,0,0,0,0,0,0,0,0,1,6.17951495690384
Adair County Sheriff's Office,1974-05-01,Missouri,7174,MO00100,0,0,0,0,0,0,0,0,0,0,0,0,0,0,0,0,0,0,0,0,0,0,0,0,0,0,0,0,0,0,0,0,0,0,0,0,0,0,0,0,0,0,0,0,0,0,0,0,0,0,0,0,0,0,0,0,0,0,0,0,0,0,0,0,0,0,0,0,0,0,0,0,0,0,0,0,0,0,0,0,0,0,0,0,0,0,0,0,0,0,0,1,6.17951495690384
Adair County Sheriff's Office,1974-06-01,Missouri,7174,MO00100,0,0,0,0,0,0,0,0,0,0,0,0,0,0,0,0,0,0,0,0,0,0,0,0,0,0,0,0,0,0,0,0,0,0,0,0,0,0,0,0,0,0,0,0,0,0,0,0,0,0,0,0,0,0,0,0,0,0,0,0,0,0,0,0,0,0,0,0,0,0,0,0,0,0,0,0,0,0,0,0,0,0,0,0,0,0,0,0,0,0,0,1,6.17951495690384
Adair County Sheriff's Office,1974-07-01,Missouri,7174,MO00100,0,0,0,0,0,0,0,0,0,0,0,0,0,0,0,0,0,0,0,0,0,0,0,0,0,0,0,0,0,0,0,0,0,0,0,0,0,0,0,0,0,0,0,0,0,0,0,0,0,0,0,0,0,0,0,0,0,0,0,0,0,0,0,0,0,0,0,0,0,0,0,0,0,0,0,0,0,0,0,0,0,0,0,0,0,0,0,0,0,0,0,1,6.17951495690384
Adair County Sheriff's Office,1974-08-01,Missouri,7174,MO00100,0,0,0,0,0,0,0,0,0,0,0,0,0,0,0,0,0,0,0,0,0,0,0,0,0,0,0,0,0,0,0,0,0,0,0,0,0,0,0,0,0,0,0,0,0,0,0,0,0,0,0,0,0,0,0,0,0,0,0,0,0,0,0,0,0,0,0,0,0,0,0,0,0,0,0,0,0,0,0,0,0,0,0,0,0,0,0,0,0,0,0,1,6.17951495690384
Adair County Sheriff's Office,1974-09-01,Missouri,7174,MO00100,0,0,0,0,0,0,0,0,0,0,0,0,0,0,0,0,0,0,0,0,0,0,0,0,0,0,0,0,0,0,0,0,0,0,0,0,0,0,0,0,0,0,0,0,0,0,0,0,0,0,0,0,0,0,0,0,0,0,0,0,0,0,0,0,0,0,0,0,0,0,0,0,0,0,0,0,0,0,0,0,0,0,0,0,0,0,0,0,0,0,0,1,6.17951495690384
Adair County Sheriff's Office,1974-10-01,Missouri,7174,MO00100,0,0,0,0,0,0,0,0,0,0,0,0,0,0,0,0,0,0,0,0,0,0,0,0,0,0,0,0,0,0,0,0,0,0,0,0,0,0,0,0,0,0,0,0,0,0,0,0,0,0,0,0,0,0,0,0,0,0,0,0,0,0,0,0,0,0,0,0,0,0,0,0,0,0,0,0,0,0,0,0,0,0,0,0,0,0,0,0,0,0,0,1,6.17951495690384
Adair County Sheriff's Office,1974-11-01,Missouri,7174,MO00100,0,0,0,0,0,0,0,0,0,0,0,0,0,0,0,0,0,0,0,0,0,0,0,0,0,0,0,0,0,0,0,0,0,0,0,0,0,0,0,0,0,0,0,0,0,0,0,0,0,0,0,0,0,0,0,0,0,0,0,0,0,0,0,0,0,0,0,0,0,0,0,0,0,0,0,0,0,0,0,0,0,0,0,0,0,0,0,0,0,0,0,1,6.17951495690384
Adair County Sheriff's Office,1974-12-01,Missouri,7174,MO00100,0,0,0,0,0,0,0,0,0,0,0,0,0,0,0,0,0,0,0,0,0,0,0,0,0,0,0,0,0,0,0,0,0,0,0,0,0,0,0,0,0,0,0,0,0,0,0,0,0,0,0,0,0,0,0,0,0,0,0,0,0,0,0,0,0,0,0,0,0,0,0,0,0,0,0,0,0,0,0,0,0,0,0,0,0,0,0,0,0,0,0,1,6.17951495690384
Adair County Sheriff's Office,1975-01-01,Missouri,7093,MO00100,0,0,0,0,0,1,1,0,0,0,0,0,0,0,0,0,0,0,4,0,0,4,0,0,0,0,0,0,0,0,4,0,0,0,0,0,0,0,0,0,0,0,0,0,0,0,0,0,0,0,0,0,0,0,0,0,0,0,0,0,0,0,0,0,0,0,0,0,0,0,0,0,0,0,0,0,0,0,0,0,0,0,0,0,0,0,0,0,0,0,0,1,5.66184422421803
Adair County Sheriff's Office,1975-02-01,Missouri,7093,MO00100,0,0,0,0,0,0,0,0,0,0,0,0,0,0,0,0,0,0,0,0,0,0,0,0,0,0,0,0,0,0,0,0,0,0,0,0,0,0,0,0,0,0,0,0,0,0,0,0,0,0,0,0,0,0,0,0,0,0,0,0,0,0,0,0,0,0,0,0,0,0,0,0,0,0,0,0,0,0,0,0,0,0,0,0,0,0,0,0,0,0,0,1,5.66184422421803
Adair County Sheriff's Office,1975-03-01,Missouri,7093,MO00100,0,0,0,0,0,0,0,0,0,0,0,0,0,0,0,0,0,0,0,0,0,0,0,0,0,0,0,0,0,0,0,0,0,0,0,0,0,0,0,0,0,0,0,0,0,0,0,0,0,0,0,0,0,0,0,0,0,0,0,0,0,0,0,0,0,0,0,0,0,0,0,0,0,0,0,0,0,0,0,0,0,0,0,0,0,0,0,0,0,0,0,1,5.66184422421803
Adair County Sheriff's Office,1975-04-01,Missouri,7093,MO00100,0,0,0,0,0,0,0,0,0,0,0,0,0,0,0,0,0,0,0,0,0,0,0,0,0,0,0,0,0,0,0,0,0,0,0,0,0,0,0,0,0,0,0,0,0,0,0,0,0,0,0,0,0,0,0,0,0,0,0,0,0,0,0,0,0,0,0,0,0,0,0,0,0,0,0,0,0,0,0,0,0,0,0,0,0,0,0,0,0,0,0,1,5.66184422421803
Adair County Sheriff's Office,1975-05-01,Missouri,7093,MO00100,0,0,0,0,0,1,1,1,0,0,0,0,0,0,0,0,0,0,5,0,0,5,0,0,0,0,0,0,0,0,5,0,0,0,0,0,0,0,0,0,0,0,0,0,0,0,0,0,0,0,0,0,0,0,0,0,0,0,0,0,0,0,0,0,0,0,0,0,0,0,0,0,0,0,0,0,0,0,0,0,0,0,0,0,0,0,0,0,0,0,0,1,5.66184422421803
Adair County Sheriff's Office,1975-06-01,Missouri,7093,MO00100,0,0,0,0,0,0,0,0,0,0,0,0,0,0,0,0,0,0,0,0,0,0,0,0,0,0,0,0,0,0,0,0,0,0,0,0,0,0,0,0,0,0,0,0,0,0,0,0,0,0,0,0,0,0,0,0,0,0,0,0,0,0,0,0,0,0,0,0,0,0,0,0,0,0,0,0,0,0,0,0,0,0,0,0,0,0,0,0,0,0,0,1,5.66184422421803
Adair County Sheriff's Office,1975-07-01,Missouri,7093,MO00100,0,0,0,0,0,7,7,2,0,0,0,0,0,0,0,4,0,4,5,0,0,5,0,0,0,0,0,0,0,0,5,0,0,0,0,0,0,0,0,0,0,0,0,0,0,0,0,0,0,0,0,0,0,0,0,0,0,0,0,0,0,0,0,0,0,0,0,0,0,0,0,0,0,0,0,0,0,0,0,0,0,0,0,0,0,0,0,0,0,0,0,1,5.66184422421803
Adair County Sheriff's Office,1975-08-01,Missouri,7093,MO00100,0,0,0,0,0,3,3,3,0,0,0,0,0,0,0,0,0,0,3,0,0,3,0,0,0,0,0,0,0,0,3,0,0,0,0,0,0,0,0,0,0,0,0,0,0,0,0,0,0,0,0,0,0,0,0,0,0,0,0,0,0,0,0,0,0,0,0,0,0,0,0,0,0,0,0,0,0,0,0,0,0,0,0,0,0,0,0,0,0,0,0,1,5.66184422421803
Adair County Sheriff's Office,1975-09-01,Missouri,7093,MO00100,0,0,0,0,0,2,2,2,0,0,0,0,0,0,0,0,0,0,5,0,0,5,0,0,0,0,0,0,0,0,5,0,0,0,0,0,0,0,0,0,0,0,0,0,0,0,0,0,0,0,0,0,0,0,0,0,0,0,0,0,0,0,0,0,0,0,0,0,0,0,0,0,0,0,0,0,0,0,0,0,0,0,0,0,0,0,0,0,0,0,0,1,5.66184422421803
Adair County Sheriff's Office,1975-10-01,Missouri,7093,MO00100,0,0,0,0,0,4,4,0,0,0,0,0,0,0,0,1,0,1,10,0,0,10,0,0,0,0,0,0,0,0,10,0,0,0,0,0,0,0,0,0,0,0,0,0,0,0,0,0,0,0,0,0,0,0,0,0,0,0,0,0,0,0,0,0,0,0,0,0,0,0,0,0,0,0,0,0,0,0,0,0,0,0,0,0,0,0,0,0,0,0,0,1,5.66184422421803
Adair County Sheriff's Office,1975-11-01,Missouri,7093,MO00100,0,0,0,0,0,3,3,0,0,0,0,0,0,0,0,2,0,2,5,0,0,5,0,0,0,0,0,0,0,0,5,0,0,0,0,0,0,0,0,0,0,0,0,0,0,0,0,0,0,0,0,0,0,0,0,0,0,0,0,0,0,0,0,0,0,0,0,0,0,0,0,0,0,0,0,0,0,0,0,0,0,0,0,0,0,0,0,0,0,0,0,1,5.66184422421803
Adair County Sheriff's Office,1975-12-01,Missouri,7093,MO00100,0,0,0,0,0,0,0,0,0,0,0,0,0,0,0,0,0,0,0,0,0,0,0,0,0,0,0,0,0,0,0,0,0,0,0,0,0,0,0,0,0,0,0,0,0,0,0,0,0,0,0,0,0,0,0,0,0,0,0,0,0,0,0,0,0,0,0,0,0,0,0,0,0,0,0,0,0,0,0,0,0,0,0,0,0,0,0,0,0,0,0,1,5.66184422421803
Adair County Sheriff's Office,1976-01-01,Missouri,7385,MO00100,0,0,0,0,0,0,0,0,0,0,0,0,0,0,0,0,0,0,0,0,0,0,0,0,0,0,0,0,0,0,0,0,0,0,0,0,0,0,0,0,0,0,0,0,0,0,0,0,0,0,0,0,0,0,0,0,0,0,0,0,0,0,0,0,0,0,0,0,0,0,0,0,0,0,0,0,0,0,0,0,0,0,0,0,0,0,0,0,0,0,0,1,5.35425245277493
Adair County Sheriff's Office,1976-02-01,Missouri,7385,MO00100,0,0,0,0,0,0,0,0,0,0,0,0,0,0,0,0,0,0,0,0,0,0,0,0,0,0,0,0,0,0,0,0,0,0,0,0,0,0,0,0,0,0,0,0,0,0,0,0,0,0,0,0,0,0,0,0,0,0,0,0,0,0,0,0,0,0,0,0,0,0,0,0,0,0,0,0,0,0,0,0,0,0,0,0,0,0,0,0,0,0,0,1,5.35425245277493
Adair County Sheriff's Office,1976-03-01,Missouri,7385,MO00100,0,0,0,0,0,0,0,0,0,0,0,0,0,0,0,0,0,0,0,0,0,0,0,0,0,0,0,0,0,0,0,0,0,0,0,0,0,0,0,0,0,0,0,0,0,0,0,0,0,0,0,0,0,0,0,0,0,0,0,0,0,0,0,0,0,0,0,0,0,0,0,0,0,0,0,0,0,0,0,0,0,0,0,0,0,0,0,0,0,0,0,1,5.35425245277493
Adair County Sheriff's Office,1976-04-01,Missouri,7385,MO00100,0,0,0,0,0,0,0,0,0,0,0,0,0,0,0,0,0,0,0,0,0,0,0,0,0,0,0,0,0,0,0,0,0,0,0,0,0,0,0,0,0,0,0,0,0,0,0,0,0,0,0,0,0,0,0,0,0,0,0,0,0,0,0,0,0,0,0,0,0,0,0,0,0,0,0,0,0,0,0,0,0,0,0,0,0,0,0,0,0,0,0,1,5.35425245277493
Adair County Sheriff's Office,1976-05-01,Missouri,7385,MO00100,0,0,0,0,0,0,0,0,0,0,0,0,0,0,0,0,0,0,0,0,0,0,0,0,0,0,0,0,0,0,0,0,0,0,0,0,0,0,0,0,0,0,0,0,0,0,0,0,0,0,0,0,0,0,0,0,0,0,0,0,0,0,0,0,0,0,0,0,0,0,0,0,0,0,0,0,0,0,0,0,0,0,0,0,0,0,0,0,0,0,0,1,5.35425245277493
Adair County Sheriff's Office,1976-06-01,Missouri,7385,MO00100,0,0,0,0,0,0,0,0,0,0,0,0,0,0,0,0,0,0,0,0,0,0,0,0,0,0,0,0,0,0,0,0,0,0,0,0,0,0,0,0,0,0,0,0,0,0,0,0,0,0,0,0,0,0,0,0,0,0,0,0,0,0,0,0,0,0,0,0,0,0,0,0,0,0,0,0,0,0,0,0,0,0,0,0,0,0,0,0,0,0,0,1,5.35425245277493
Adair County Sheriff's Office,1976-07-01,Missouri,7385,MO00100,0,0,0,0,0,0,0,0,0,0,0,0,0,0,0,0,0,0,0,0,0,0,0,0,0,0,0,0,0,0,0,0,0,0,0,0,0,0,0,0,0,0,0,0,0,0,0,0,0,0,0,0,0,0,0,0,0,0,0,0,0,0,0,0,0,0,0,0,0,0,0,0,0,0,0,0,0,0,0,0,0,0,0,0,0,0,0,0,0,0,0,1,5.35425245277493
Adair County Sheriff's Office,1976-08-01,Missouri,7385,MO00100,0,0,0,0,0,0,0,0,0,0,0,0,0,0,0,0,0,0,0,0,0,0,0,0,0,0,0,0,0,0,0,0,0,0,0,0,0,0,0,0,0,0,0,0,0,0,0,0,0,0,0,0,0,0,0,0,0,0,0,0,0,0,0,0,0,0,0,0,0,0,0,0,0,0,0,0,0,0,0,0,0,0,0,0,0,0,0,0,0,0,0,1,5.35425245277493
Adair County Sheriff's Office,1976-09-01,Missouri,7385,MO00100,0,0,0,0,0,0,0,0,0,0,0,0,0,0,0,0,0,0,0,0,0,0,0,0,0,0,0,0,0,0,0,0,0,0,0,0,0,0,0,0,0,0,0,0,0,0,0,0,0,0,0,0,0,0,0,0,0,0,0,0,0,0,0,0,0,0,0,0,0,0,0,0,0,0,0,0,0,0,0,0,0,0,0,0,0,0,0,0,0,0,0,1,5.35425245277493
Adair County Sheriff's Office,1976-10-01,Missouri,7385,MO00100,0,0,0,0,0,0,0,0,0,0,0,0,0,0,0,0,0,0,0,0,0,0,0,0,0,0,0,0,0,0,0,0,0,0,0,0,0,0,0,0,0,0,0,0,0,0,0,0,0,0,0,0,0,0,0,0,0,0,0,0,0,0,0,0,0,0,0,0,0,0,0,0,0,0,0,0,0,0,0,0,0,0,0,0,0,0,0,0,0,0,0,1,5.35425245277493
Adair County Sheriff's Office,1976-11-01,Missouri,7385,MO00100,0,0,0,0,0,0,0,0,0,0,0,0,0,0,0,0,0,0,0,0,0,0,0,0,0,0,0,0,0,0,0,0,0,0,0,0,0,0,0,0,0,0,0,0,0,0,0,0,0,0,0,0,0,0,0,0,0,0,0,0,0,0,0,0,0,0,0,0,0,0,0,0,0,0,0,0,0,0,0,0,0,0,0,0,0,0,0,0,0,0,0,1,5.35425245277493
Adair County Sheriff's Office,1976-12-01,Missouri,7385,MO00100,0,0,0,0,0,0,0,0,0,0,0,0,0,0,0,0,0,0,0,0,0,0,0,0,0,0,0,0,0,0,0,0,0,0,0,0,0,0,0,0,0,0,0,0,0,0,0,0,0,0,0,0,0,0,0,0,0,0,0,0,0,0,0,0,0,0,0,0,0,0,0,0,0,0,0,0,0,0,0,0,0,0,0,0,0,0,0,0,0,0,0,1,5.35425245277493
Adair County Sheriff's Office,1977-01-01,Missouri,5929,MO00100,0,0,0,0,0,0,0,0,0,0,0,0,0,0,0,0,0,0,0,0,0,0,0,0,0,0,0,0,0,0,0,0,0,0,0,0,0,0,0,0,0,0,0,0,0,0,0,0,0,0,0,0,0,0,0,0,0,0,0,0,0,0,0,0,0,0,0,0,0,0,0,0,0,0,0,0,0,0,0,0,0,0,0,0,0,0,0,0,0,0,0,1,5.02738759796508
Adair County Sheriff's Office,1977-02-01,Missouri,5929,MO00100,0,0,0,0,0,0,0,0,0,0,0,0,0,0,0,0,0,0,0,0,0,0,0,0,0,0,0,0,0,0,0,0,0,0,0,0,0,0,0,0,0,0,0,0,0,0,0,0,0,0,0,0,0,0,0,0,0,0,0,0,0,0,0,0,0,0,0,0,0,0,0,0,0,0,0,0,0,0,0,0,0,0,0,0,0,0,0,0,0,0,0,1,5.02738759796508
Adair County Sheriff's Office,1977-03-01,Missouri,5929,MO00100,0,0,0,0,0,0,0,0,0,0,0,0,0,0,0,0,0,0,0,0,0,0,0,0,0,0,0,0,0,0,0,0,0,0,0,0,0,0,0,0,0,0,0,0,0,0,0,0,0,0,0,0,0,0,0,0,0,0,0,0,0,0,0,0,0,0,0,0,0,0,0,0,0,0,0,0,0,0,0,0,0,0,0,0,0,0,0,0,0,0,0,1,5.02738759796508
Adair County Sheriff's Office,1977-04-01,Missouri,5929,MO00100,0,0,0,0,0,0,0,0,0,0,0,0,0,0,0,0,0,0,0,0,0,0,0,0,0,0,0,0,0,0,0,0,0,0,0,0,0,0,0,0,0,0,0,0,0,0,0,0,0,0,0,0,0,0,0,0,0,0,0,0,0,0,0,0,0,0,0,0,0,0,0,0,0,0,0,0,0,0,0,0,0,0,0,0,0,0,0,0,0,0,0,1,5.02738759796508
Adair County Sheriff's Office,1977-05-01,Missouri,5929,MO00100,0,0,0,0,0,0,0,0,0,0,0,0,0,0,0,0,0,0,0,0,0,0,0,0,0,0,0,0,0,0,0,0,0,0,0,0,0,0,0,0,0,0,0,0,0,0,0,0,0,0,0,0,0,0,0,0,0,0,0,0,0,0,0,0,0,0,0,0,0,0,0,0,0,0,0,0,0,0,0,0,0,0,0,0,0,0,0,0,0,0,0,1,5.02738759796508
Adair County Sheriff's Office,1977-06-01,Missouri,5929,MO00100,0,0,0,0,0,0,0,0,0,0,0,0,0,0,0,0,0,0,0,0,0,0,0,0,0,0,0,0,0,0,0,0,0,0,0,0,0,0,0,0,0,0,0,0,0,0,0,0,0,0,0,0,0,0,0,0,0,0,0,0,0,0,0,0,0,0,0,0,0,0,0,0,0,0,0,0,0,0,0,0,0,0,0,0,0,0,0,0,0,0,0,1,5.02738759796508
Adair County Sheriff's Office,1977-07-01,Missouri,5929,MO00100,0,0,0,0,0,0,0,0,0,0,0,0,0,0,0,0,0,0,0,0,0,0,0,0,0,0,0,0,0,0,0,0,0,0,0,0,0,0,0,0,0,0,0,0,0,0,0,0,0,0,0,0,0,0,0,0,0,0,0,0,0,0,0,0,0,0,0,0,0,0,0,0,0,0,0,0,0,0,0,0,0,0,0,0,0,0,0,0,0,0,0,1,5.02738759796508
Adair County Sheriff's Office,1977-08-01,Missouri,5929,MO00100,0,0,0,0,0,0,0,0,0,1,0,0,0,0,0,0,0,0,0,0,0,0,0,0,0,0,0,0,0,0,0,0,0,0,0,0,0,0,0,0,0,0,0,0,0,0,0,0,0,0,0,0,0,0,0,0,0,0,0,0,0,0,0,0,0,0,0,0,0,0,0,0,0,0,0,0,0,0,0,0,0,0,0,0,0,0,0,0,0,0,0,1,5.02738759796508
Adair County Sheriff's Office,1977-09-01,Missouri,5929,MO00100,0,0,0,0,0,0,0,0,0,0,0,0,0,0,0,0,0,0,0,0,0,0,0,0,0,0,0,0,0,0,0,0,0,0,0,0,0,0,0,0,0,0,0,0,0,0,0,0,0,0,0,0,0,0,0,0,0,0,0,0,0,0,0,0,0,0,0,0,0,0,0,0,0,0,0,0,0,0,0,0,0,0,0,0,0,0,0,0,0,0,0,1,5.02738759796508
Adair County Sheriff's Office,1977-10-01,Missouri,5929,MO00100,0,0,0,0,0,0,0,0,0,0,0,0,0,0,0,0,0,0,0,0,0,0,0,0,0,0,0,0,0,0,0,0,0,0,0,0,0,0,0,0,0,0,0,0,0,0,0,0,0,0,0,0,0,0,0,0,0,0,0,0,0,0,0,0,0,0,0,0,0,0,0,0,0,0,0,0,0,0,0,0,0,0,0,0,0,0,0,0,0,0,0,1,5.02738759796508
Adair County Sheriff's Office,1977-11-01,Missouri,5929,MO00100,0,0,0,0,0,0,0,0,0,0,0,0,0,0,0,0,0,0,0,0,0,0,0,0,0,0,0,0,0,0,0,0,0,0,0,0,0,0,0,0,0,0,0,0,0,0,0,0,0,0,0,0,0,0,0,0,0,0,0,0,0,0,0,0,0,0,0,0,0,0,0,0,0,0,0,0,0,0,0,0,0,0,0,0,0,0,0,0,0,0,0,1,5.02738759796508
Adair County Sheriff's Office,1977-12-01,Missouri,5929,MO00100,0,0,0,0,0,0,0,0,0,0,0,0,0,0,0,0,0,0,0,0,0,0,0,0,0,0,0,0,0,0,0,0,0,0,0,0,0,0,0,0,0,0,0,0,0,0,0,0,0,0,0,0,0,0,0,0,0,0,0,0,0,0,0,0,0,0,0,0,0,0,0,0,0,0,0,0,0,0,0,0,0,0,0,0,0,0,0,0,0,0,0,1,5.02738759796508
Adair County Sheriff's Office,1978-01-01,Missouri,7641,MO00100,0,0,0,0,0,0,0,0,0,0,0,0,0,0,0,0,0,0,0,0,0,0,0,0,0,0,0,0,0,0,0,0,0,0,0,0,0,0,0,0,0,0,0,0,0,0,0,0,0,0,0,0,0,0,0,0,0,0,0,0,0,0,0,0,0,0,0,0,0,0,0,0,0,0,0,0,0,0,0,0,0,0,0,0,0,0,0,0,0,0,0,1,4.67094915687277
Adair County Sheriff's Office,1978-02-01,Missouri,7641,MO00100,0,0,0,0,0,0,0,0,0,0,0,0,0,0,0,0,0,0,0,0,0,0,0,0,0,0,0,0,0,0,0,0,0,0,0,0,0,0,0,0,0,0,0,0,0,0,0,0,0,0,0,0,0,0,0,0,0,0,0,0,0,0,0,0,0,0,0,0,0,0,0,0,0,0,0,0,0,0,0,0,0,0,0,0,0,0,0,0,0,0,0,1,4.67094915687277
Adair County Sheriff's Office,1978-03-01,Missouri,7641,MO00100,0,0,0,0,0,0,0,0,0,0,0,0,0,0,0,0,0,0,0,0,0,0,0,0,0,0,0,0,0,0,0,0,0,0,0,0,0,0,0,0,0,0,0,0,0,0,0,0,0,0,0,0,0,0,0,0,0,0,0,0,0,0,0,0,0,0,0,0,0,0,0,0,0,0,0,0,0,0,0,0,0,0,0,0,0,0,0,0,0,0,0,1,4.67094915687277
Adair County Sheriff's Office,1978-04-01,Missouri,7641,MO00100,0,0,0,0,0,0,0,0,0,0,0,0,0,0,0,0,0,0,0,0,0,0,0,0,0,0,0,0,0,0,0,0,0,0,0,0,0,0,0,0,0,0,0,0,0,0,0,0,0,0,0,0,0,0,0,0,0,0,0,0,0,0,0,0,0,0,0,0,0,0,0,0,0,0,0,0,0,0,0,0,0,0,0,0,0,0,0,0,0,0,0,1,4.67094915687277
Adair County Sheriff's Office,1978-05-01,Missouri,7641,MO00100,0,0,0,0,0,0,0,0,0,0,0,0,0,0,0,0,0,0,0,0,0,0,0,0,0,0,0,0,0,0,0,0,0,0,0,0,0,0,0,0,0,0,0,0,0,0,0,0,0,0,0,0,0,0,0,0,0,0,0,0,0,0,0,0,0,0,0,0,0,0,0,0,0,0,0,0,0,0,0,0,0,0,0,0,0,0,0,0,0,0,0,1,4.67094915687277
Adair County Sheriff's Office,1978-06-01,Missouri,7641,MO00100,0,0,0,0,0,0,0,0,0,0,0,0,0,0,0,0,0,0,0,0,0,0,0,0,0,0,0,0,0,0,0,0,0,0,0,0,0,0,0,0,0,0,0,0,0,0,0,0,0,0,0,0,0,0,0,0,0,0,0,0,0,0,0,0,0,0,0,0,0,0,0,0,0,0,0,0,0,0,0,0,0,0,0,0,0,0,0,0,0,0,0,1,4.67094915687277
Adair County Sheriff's Office,1978-07-01,Missouri,7641,MO00100,0,0,0,0,0,0,0,0,0,0,0,0,0,0,0,0,0,0,0,0,0,0,0,0,0,0,0,0,0,0,0,0,0,0,0,0,0,0,0,0,0,0,0,0,0,0,0,0,0,0,0,0,0,0,0,0,0,0,0,0,0,0,0,0,0,0,0,0,0,0,0,0,0,0,0,0,0,0,0,0,0,0,0,0,0,0,0,0,0,0,0,1,4.67094915687277
Adair County Sheriff's Office,1978-08-01,Missouri,7641,MO00100,0,0,0,0,0,0,0,0,0,0,0,0,0,0,0,0,0,0,0,0,0,0,0,0,0,0,0,0,0,0,0,0,0,0,0,0,0,0,0,0,0,0,0,0,0,0,0,0,0,0,0,0,0,0,0,0,0,0,0,0,0,0,0,0,0,0,0,0,0,0,0,0,0,0,0,0,0,0,0,0,0,0,0,0,0,0,0,0,0,0,0,1,4.67094915687277
Adair County Sheriff's Office,1978-09-01,Missouri,7641,MO00100,0,0,0,0,0,0,0,0,0,0,0,0,0,0,0,0,0,0,0,0,0,0,0,0,0,0,0,0,0,0,0,0,0,0,0,0,0,0,0,0,0,0,0,0,0,0,0,0,0,0,0,0,0,0,0,0,0,0,0,0,0,0,0,0,0,0,0,0,0,0,0,0,0,0,0,0,0,0,0,0,0,0,0,0,0,0,0,0,0,0,0,1,4.67094915687277
Adair County Sheriff's Office,1978-10-01,Missouri,7641,MO00100,0,0,0,0,0,0,0,0,0,0,0,0,0,0,0,0,0,0,0,0,0,0,0,0,0,0,0,0,0,0,0,0,0,0,0,0,0,0,0,0,0,0,0,0,0,0,0,0,0,0,0,0,0,0,0,0,0,0,0,0,0,0,0,0,0,0,0,0,0,0,0,0,0,0,0,0,0,0,0,0,0,0,0,0,0,0,0,0,0,0,0,1,4.67094915687277
Adair County Sheriff's Office,1978-11-01,Missouri,7641,MO00100,0,0,0,0,0,0,0,0,0,0,0,0,0,0,0,0,0,0,0,0,0,0,0,0,0,0,0,0,0,0,0,0,0,0,0,0,0,0,0,0,0,0,0,0,0,0,0,0,0,0,0,0,0,0,0,0,0,0,0,0,0,0,0,0,0,0,0,0,0,0,0,0,0,0,0,0,0,0,0,0,0,0,0,0,0,0,0,0,0,0,0,1,4.67094915687277
Adair County Sheriff's Office,1978-12-01,Missouri,7641,MO00100,0,0,0,0,0,0,0,0,0,0,0,0,0,0,0,0,0,0,0,0,0,0,0,0,0,0,0,0,0,0,0,0,0,0,0,0,0,0,0,0,0,0,0,0,0,0,0,0,0,0,0,0,0,0,0,0,0,0,0,0,0,0,0,0,0,0,0,0,0,0,0,0,0,0,0,0,0,0,0,0,0,0,0,0,0,0,0,0,0,0,0,1,4.67094915687277
Adair County Sheriff's Office,1979-01-01,Missouri,7645,MO00100,1,1,1,0,0,0,3,0,0,0,0,0,0,0,0,0,0,0,0,0,0,0,0,0,0,0,0,0,0,0,0,0,0,0,0,0,6298,0,0,0,0,6298,0,0,0,0,0,0,0,0,0,0,0,0,0,0,0,6298,0,0,0,0,0,0,0,0,0,0,0,0,0,0,0,0,0,0,0,6298,6298,0,0,0,0,0,0,0,0,0,0,0,0,1,4.19843724882306
Adair County Sheriff's Office,1979-02-01,Missouri,7645,MO00100,0,0,1,0,0,0,1,0,0,0,0,0,0,0,0,0,0,0,0,0,0,0,0,0,0,0,0,0,0,0,0,0,0,0,0,0,0,546,0,0,0,546,0,0,0,0,0,0,0,0,0,0,0,0,0,0,0,546,0,0,0,0,0,0,0,0,0,0,0,0,0,546,0,0,0,0,0,0,546,0,0,0,0,0,0,0,0,0,0,0,0,1,4.19843724882306
Adair County Sheriff's Office,1979-03-01,Missouri,7645,MO00100,0,2,0,0,0,0,2,0,0,0,0,0,0,0,0,0,0,0,0,0,0,0,0,0,0,0,0,0,0,0,0,0,0,0,0,4198,0,0,0,0,0,4198,0,0,0,0,0,0,0,0,0,0,0,0,0,0,0,4198,0,0,0,0,0,0,0,0,0,0,0,0,0,0,0,0,0,0,0,4198,4198,0,0,0,0,0,0,0,0,0,0,0,0,1,4.19843724882306
Adair County Sheriff's Office,1979-04-01,Missouri,7645,MO00100,1,0,0,0,0,0,1,1,0,0,0,0,0,0,0,0,0,0,0,0,0,0,0,0,0,0,0,0,0,0,0,0,0,0,0,0,840,0,0,0,0,840,16794,0,0,0,0,0,0,0,0,0,0,0,0,0,0,17633,0,0,0,0,0,0,0,0,0,0,0,0,0,840,0,0,16794,0,0,0,17633,0,0,0,0,0,0,0,0,0,0,0,0,1,4.19843724882306
Adair County Sheriff's Office,1979-05-01,Missouri,7645,MO00100,0,2,0,0,0,0,2,0,0,0,0,0,0,0,0,0,0,0,0,0,0,0,0,0,0,0,0,0,0,0,0,0,0,0,0,4198,0,0,0,0,0,4198,0,0,0,0,0,0,0,0,0,0,0,0,0,0,0,4198,0,0,0,0,0,0,0,0,0,0,0,0,0,0,0,0,0,0,0,4198,4198,0,0,0,0,0,0,0,0,0,0,0,0,1,4.19843724882306
Adair County Sheriff's Office,1979-06-01,Missouri,7645,MO00100,0,0,1,0,0,0,1,0,0,0,0,0,0,0,0,0,0,0,0,0,0,0,0,0,0,0,0,0,0,0,0,0,0,0,0,0,0,2099,0,0,0,2099,0,0,0,0,0,0,0,0,0,0,0,0,0,0,0,2099,0,0,0,0,0,0,0,0,0,0,0,0,0,0,0,0,0,2099,0,0,2099,0,0,0,0,0,0,0,0,0,0,0,0,1,4.19843724882306
Adair County Sheriff's Office,1979-07-01,Missouri,7645,MO00100,0,1,1,0,0,0,2,1,0,0,0,0,0,0,0,0,0,0,0,0,0,0,0,0,0,0,0,0,0,0,0,0,0,0,0,6298,0,0,0,0,0,6298,10496,0,0,0,0,0,0,0,0,0,0,0,0,0,0,16794,0,0,0,0,0,0,0,0,0,0,0,0,0,0,0,0,10496,6298,0,0,16794,0,0,0,0,0,0,0,0,0,0,0,0,1,4.19843724882306
Adair County Sheriff's Office,1979-08-01,Missouri,7645,MO00100,0,0,0,0,0,0,0,0,0,0,0,0,0,0,0,0,0,0,0,0,0,0,0,0,0,0,0,0,0,0,0,0,0,0,0,0,0,0,0,0,0,0,0,0,0,0,0,0,0,0,0,0,0,0,0,0,0,0,0,0,0,0,0,0,0,0,0,0,0,0,0,0,0,0,0,0,0,0,0,0,0,0,0,0,0,0,0,0,0,0,0,1,4.19843724882306
Adair County Sheriff's Office,1979-09-01,Missouri,7645,MO00100,0,0,0,0,0,0,0,0,0,0,0,0,0,0,0,0,0,0,0,0,0,0,0,0,0,0,0,0,0,0,0,0,0,0,0,0,0,0,0,0,0,0,0,0,0,0,0,0,0,0,0,0,0,0,0,0,0,0,0,0,0,0,0,0,0,0,0,0,0,0,0,0,0,0,0,0,0,0,0,0,0,0,0,0,0,0,0,0,0,0,0,1,4.19843724882306
Adair County Sheriff's Office,1979-10-01,Missouri,7645,MO00100,2,5,0,0,0,0,7,1,0,0,0,0,0,0,0,0,0,0,0,0,0,0,0,0,0,0,0,0,0,0,0,0,1,1,0,5038,2099,0,0,0,0,7137,0,0,0,0,0,0,0,0,0,0,0,0,0,0,0,7137,0,0,0,0,0,0,0,0,0,0,0,0,0,0,0,0,0,7137,0,0,7137,0,0,0,0,0,0,0,0,0,0,0,0,1,4.19843724882306
Adair County Sheriff's Office,1979-11-01,Missouri,7645,MO00100,0,0,0,0,0,0,0,0,0,0,0,0,0,0,0,0,0,0,0,0,0,0,0,0,0,0,0,0,0,0,0,0,0,0,0,0,0,0,0,0,0,0,0,0,0,0,0,0,0,0,0,0,0,0,0,0,0,0,0,0,0,0,0,0,0,0,0,0,0,0,0,0,0,0,0,0,0,0,0,0,0,0,0,0,0,0,0,0,0,0,0,1,4.19843724882306
Adair County Sheriff's Office,1979-12-01,Missouri,7645,MO00100,0,3,2,0,0,0,5,0,0,0,0,0,0,0,0,0,0,0,0,0,0,0,0,0,0,0,0,0,0,0,0,0,0,0,0,4618,0,4198,0,0,0,8817,0,0,0,0,0,0,0,0,0,0,0,0,0,0,0,8817,0,0,0,0,0,0,0,0,0,4198,0,0,0,0,0,0,0,0,0,4618,8817,0,0,0,0,0,0,0,0,0,0,0,0,1,4.19843724882306
Adair County Sheriff's Office,1980-01-01,Missouri,7703,MO00100,0,0,0,0,0,0,0,0,0,0,0,0,0,0,0,0,0,0,0,0,0,0,0,0,0,0,0,0,0,0,0,0,0,0,0,0,0,0,0,0,0,0,0,0,0,0,0,0,0,0,0,0,0,0,0,0,0,0,0,0,0,0,0,0,0,0,0,0,0,0,0,0,0,0,0,0,0,0,0,0,0,0,0,0,0,0,0,0,0,0,0,1,3.69746081504702
Adair County Sheriff's Office,1980-02-01,Missouri,7703,MO00100,0,0,0,0,0,0,0,0,0,0,0,0,0,0,0,0,0,0,0,0,0,0,0,0,0,0,0,0,0,0,0,0,0,0,0,0,0,0,0,0,0,0,0,0,0,0,0,0,0,0,0,0,0,0,0,0,0,0,0,0,0,0,0,0,0,0,0,0,0,0,0,0,0,0,0,0,0,0,0,0,0,0,0,0,0,0,0,0,0,0,0,1,3.69746081504702
Adair County Sheriff's Office,1980-03-01,Missouri,7703,MO00100,0,0,0,0,0,0,0,0,0,0,0,0,0,0,0,0,0,0,0,0,0,0,0,0,0,0,0,0,0,0,0,0,0,0,0,0,0,0,0,0,0,0,0,0,0,0,0,0,0,0,0,0,0,0,0,0,0,0,0,0,0,0,0,0,0,0,0,0,0,0,0,0,0,0,0,0,0,0,0,0,0,0,0,0,0,0,0,0,0,0,0,1,3.69746081504702
Adair County Sheriff's Office,1980-04-01,Missouri,7703,MO00100,0,0,0,0,0,0,0,0,0,0,0,0,0,0,0,0,0,0,0,0,0,0,0,0,0,0,0,0,0,0,0,0,0,0,0,0,0,0,0,0,0,0,0,0,0,0,0,0,0,0,0,0,0,0,0,0,0,0,0,0,0,0,0,0,0,0,0,0,0,0,0,0,0,0,0,0,0,0,0,0,0,0,0,0,0,0,0,0,0,0,0,1,3.69746081504702
Adair County Sheriff's Office,1980-05-01,Missouri,7703,MO00100,0,0,0,0,0,0,0,0,0,0,0,0,0,0,0,0,0,0,0,0,2,2,0,0,0,0,0,0,0,0,2,0,0,0,0,0,0,0,0,0,0,0,0,0,0,0,0,0,0,0,0,0,0,0,0,8689,8689,8689,0,0,0,0,0,0,0,0,8689,0,0,0,0,0,0,0,0,8689,0,0,8689,0,0,0,0,0,0,0,0,0,0,0,0,1,3.69746081504702
Adair County Sheriff's Office,1980-06-01,Missouri,7703,MO00100,0,1,0,0,0,0,1,1,0,0,0,0,0,0,0,0,0,0,0,0,0,0,0,0,0,0,0,0,0,0,0,0,0,0,0,1294,0,0,0,0,0,1294,2588,0,0,0,0,0,0,0,0,0,0,0,0,0,0,3882,0,0,0,0,0,0,0,0,0,0,0,0,0,1294,0,0,2588,0,0,0,3882,0,0,0,0,0,0,0,0,0,0,0,0,1,3.69746081504702
Adair County Sheriff's Office,1980-07-01,Missouri,7703,MO00100,0,0,0,0,0,0,0,0,0,0,0,0,0,0,0,0,0,0,0,0,1,1,0,0,0,0,0,0,0,0,1,0,0,0,0,0,0,0,0,0,0,0,0,0,0,0,0,0,0,0,0,0,0,0,0,1242,1242,1242,0,0,0,0,0,0,0,0,1242,0,0,0,0,0,0,0,0,1242,0,0,1242,0,0,0,0,0,0,0,0,0,0,0,0,1,3.69746081504702
Adair County Sheriff's Office,1980-08-01,Missouri,7703,MO00100,0,0,0,0,0,0,0,0,0,0,0,0,0,0,0,0,0,0,0,0,0,0,0,0,0,0,0,0,0,0,0,0,0,0,0,0,0,0,0,0,0,0,0,0,0,0,0,0,0,0,0,0,0,0,0,0,0,0,0,0,0,0,0,0,0,0,0,0,0,0,0,0,0,0,0,0,0,0,0,0,0,0,0,0,0,0,0,0,0,0,0,1,3.69746081504702
Adair County Sheriff's Office,1980-09-01,Missouri,7703,MO00100,0,0,0,0,0,0,0,0,0,0,0,0,0,0,0,0,0,0,0,0,0,0,0,0,0,0,0,0,0,0,0,0,0,0,0,0,0,0,0,0,0,0,0,0,0,0,0,0,0,0,0,0,0,0,0,0,0,0,0,0,0,0,0,0,0,0,0,0,0,0,0,0,0,0,0,0,0,0,0,0,0,0,0,0,0,0,0,0,0,0,0,1,3.69746081504702
Adair County Sheriff's Office,1980-10-01,Missouri,7703,MO00100,0,0,0,0,0,0,0,0,0,0,0,0,0,0,0,0,0,0,0,0,0,0,0,0,0,0,0,0,0,0,0,0,0,0,0,0,0,0,0,0,0,0,0,0,0,0,0,0,0,0,0,0,0,0,0,0,0,0,0,0,0,0,0,0,0,0,0,0,0,0,0,0,0,0,0,0,0,0,0,0,0,0,0,0,0,0,0,0,0,0,0,1,3.69746081504702
Adair County Sheriff's Office,1980-11-01,Missouri,7703,MO00100,0,0,0,0,0,0,0,0,0,0,0,0,0,0,0,0,0,0,0,0,0,0,0,0,0,0,0,0,0,0,0,0,0,0,0,0,0,0,0,0,0,0,0,0,0,0,0,0,0,0,0,0,0,0,0,0,0,0,0,0,0,0,0,0,0,0,0,0,0,0,0,0,0,0,0,0,0,0,0,0,0,0,0,0,0,0,0,0,0,0,0,1,3.69746081504702
Adair County Sheriff's Office,1980-12-01,Missouri,7703,MO00100,0,0,0,0,0,0,0,0,0,0,0,0,0,0,0,0,0,0,0,0,0,0,0,0,0,0,0,0,0,0,0,0,0,0,0,0,0,0,0,0,0,0,0,0,0,0,0,0,0,0,0,0,0,0,0,0,0,0,0,0,0,0,0,0,0,0,0,0,0,0,0,0,0,0,0,0,0,0,0,0,0,0,0,0,0,0,0,0,0,0,0,1,3.69746081504702
Adair County Sheriff's Office,1981-01-01,Missouri,7761,MO00100,0,0,0,0,0,0,0,0,0,0,0,0,0,0,0,0,0,0,0,0,0,0,0,0,0,0,0,0,0,0,0,0,0,0,0,0,0,0,0,0,0,0,0,0,0,0,0,0,0,0,0,0,0,0,0,0,0,0,0,0,0,0,0,0,0,0,0,0,0,0,0,0,0,0,0,0,0,0,0,0,0,0,0,0,0,0,0,0,0,0,0,1,3.35113096874714
Adair County Sheriff's Office,1981-02-01,Missouri,7761,MO00100,0,0,0,0,0,0,0,0,0,0,0,0,0,0,0,0,0,0,0,0,0,0,0,0,0,0,0,0,0,0,0,0,0,0,0,0,0,0,0,0,0,0,0,0,0,0,0,0,0,0,0,0,0,0,0,0,0,0,0,0,0,0,0,0,0,0,0,0,0,0,0,0,0,0,0,0,0,0,0,0,0,0,0,0,0,0,0,0,0,0,0,1,3.35113096874714
Adair County Sheriff's Office,1981-03-01,Missouri,7761,MO00100,0,0,0,0,0,0,0,0,0,0,0,0,0,0,0,0,0,0,0,0,0,0,0,0,0,0,0,0,0,0,0,0,0,0,0,0,0,0,0,0,0,0,0,0,0,0,0,0,0,0,0,0,0,0,0,0,0,0,0,0,0,0,0,0,0,0,0,0,0,0,0,0,0,0,0,0,0,0,0,0,0,0,0,0,0,0,0,0,0,0,0,1,3.35113096874714
Adair County Sheriff's Office,1981-04-01,Missouri,7761,MO00100,0,0,0,0,0,0,0,0,0,0,0,0,0,0,0,0,0,0,0,0,0,0,0,0,0,0,0,0,0,0,0,0,0,0,0,0,0,0,0,0,0,0,0,0,0,0,0,0,0,0,0,0,0,0,0,0,0,0,0,0,0,0,0,0,0,0,0,0,0,0,0,0,0,0,0,0,0,0,0,0,0,0,0,0,0,0,0,0,0,0,0,1,3.35113096874714
Adair County Sheriff's Office,1981-05-01,Missouri,7761,MO00100,0,0,0,0,0,0,0,0,0,0,0,0,0,0,0,0,0,0,0,0,0,0,0,0,0,0,0,0,0,0,0,0,0,0,0,0,0,0,0,0,0,0,0,0,0,0,0,0,0,0,0,0,0,0,0,0,0,0,0,0,0,0,0,0,0,0,0,0,0,0,0,0,0,0,0,0,0,0,0,0,0,0,0,0,0,0,0,0,0,0,0,1,3.35113096874714
Adair County Sheriff's Office,1981-06-01,Missouri,7761,MO00100,0,0,0,0,0,0,0,0,0,0,0,0,0,0,0,0,0,0,0,0,0,0,0,0,0,0,0,0,0,0,0,0,0,0,0,0,0,0,0,0,0,0,0,0,0,0,0,0,0,0,0,0,0,0,0,0,0,0,0,0,0,0,0,0,0,0,0,0,0,0,0,0,0,0,0,0,0,0,0,0,0,0,0,0,0,0,0,0,0,0,0,1,3.35113096874714
Adair County Sheriff's Office,1981-07-01,Missouri,7761,MO00100,0,0,0,0,0,0,0,0,0,0,0,0,0,0,0,0,0,0,0,0,0,0,0,0,0,0,0,0,0,0,0,0,0,0,0,0,0,0,0,0,0,0,0,0,0,0,0,0,0,0,0,0,0,0,0,0,0,0,0,0,0,0,0,0,0,0,0,0,0,0,0,0,0,0,0,0,0,0,0,0,0,0,0,0,0,0,0,0,0,0,0,1,3.35113096874714
Adair County Sheriff's Office,1981-08-01,Missouri,7761,MO00100,0,0,0,0,0,0,0,0,0,0,0,0,0,0,0,0,0,0,0,0,0,0,0,0,0,0,0,0,0,0,0,0,0,0,0,0,0,0,0,0,0,0,0,0,0,0,0,0,0,0,0,0,0,0,0,0,0,0,0,0,0,0,0,0,0,0,0,0,0,0,0,0,0,0,0,0,0,0,0,0,0,0,0,0,0,0,0,0,0,0,0,1,3.35113096874714
Adair County Sheriff's Office,1981-09-01,Missouri,7761,MO00100,0,0,0,0,0,0,0,0,0,0,0,0,0,0,0,0,0,0,0,0,0,0,0,0,0,0,0,0,0,0,0,0,0,0,0,0,0,0,0,0,0,0,0,0,0,0,0,0,0,0,0,0,0,0,0,0,0,0,0,0,0,0,0,0,0,0,0,0,0,0,0,0,0,0,0,0,0,0,0,0,0,0,0,0,0,0,0,0,0,0,0,1,3.35113096874714
Adair County Sheriff's Office,1981-10-01,Missouri,7761,MO00100,0,0,0,0,0,0,0,0,0,0,0,0,0,0,0,0,0,0,0,0,0,0,0,0,0,0,0,0,0,0,0,0,0,0,0,0,0,0,0,0,0,0,0,0,0,0,0,0,0,0,0,0,0,0,0,0,0,0,0,0,0,0,0,0,0,0,0,0,0,0,0,0,0,0,0,0,0,0,0,0,0,0,0,0,0,0,0,0,0,0,0,1,3.35113096874714
Adair County Sheriff's Office,1981-11-01,Missouri,7761,MO00100,0,0,0,0,0,0,0,0,0,0,0,0,0,0,0,0,0,0,0,0,0,0,0,0,0,0,0,0,0,0,0,0,0,0,0,0,0,0,0,0,0,0,0,0,0,0,0,0,0,0,0,0,0,0,0,0,0,0,0,0,0,0,0,0,0,0,0,0,0,0,0,0,0,0,0,0,0,0,0,0,0,0,0,0,0,0,0,0,0,0,0,1,3.35113096874714
Adair County Sheriff's Office,1981-12-01,Missouri,7761,MO00100,0,0,0,0,0,0,0,0,0,0,0,0,0,0,0,0,0,0,0,0,0,0,0,0,0,0,0,0,0,0,0,0,0,0,0,0,0,0,0,0,0,0,0,0,0,0,0,0,0,0,0,0,0,0,0,0,0,0,0,0,0,0,0,0,0,0,0,0,0,0,0,0,0,0,0,0,0,0,0,0,0,0,0,0,0,0,0,0,0,0,0,1,3.35113096874714
Adair County Sheriff's Office,1982-01-01,Missouri,7781,MO00100,0,0,0,0,0,0,0,0,0,0,0,0,0,0,0,0,0,0,0,0,0,0,0,0,0,0,0,0,0,0,0,0,0,0,0,0,0,0,0,0,0,0,0,0,0,0,0,0,0,0,0,0,0,0,0,0,0,0,0,0,0,0,0,0,0,0,0,0,0,0,0,0,0,0,0,0,0,0,0,0,0,0,0,0,0,0,0,0,0,0,0,1,3.15752936096719
Adair County Sheriff's Office,1982-02-01,Missouri,7781,MO00100,0,0,0,0,0,0,0,0,0,0,0,0,0,0,0,0,0,0,0,0,0,0,0,0,0,0,0,0,0,0,0,0,0,0,0,0,0,0,0,0,0,0,0,0,0,0,0,0,0,0,0,0,0,0,0,0,0,0,0,0,0,0,0,0,0,0,0,0,0,0,0,0,0,0,0,0,0,0,0,0,0,0,0,0,0,0,0,0,0,0,0,1,3.15752936096719
Adair County Sheriff's Office,1982-03-01,Missouri,7781,MO00100,0,0,0,0,0,0,0,0,0,0,0,0,0,0,0,0,0,0,0,0,0,0,0,0,0,0,0,0,0,0,0,0,0,0,0,0,0,0,0,0,0,0,0,0,0,0,0,0,0,0,0,0,0,0,0,0,0,0,0,0,0,0,0,0,0,0,0,0,0,0,0,0,0,0,0,0,0,0,0,0,0,0,0,0,0,0,0,0,0,0,0,1,3.15752936096719
Adair County Sheriff's Office,1982-04-01,Missouri,7781,MO00100,0,0,0,0,0,0,0,0,0,0,0,0,0,0,0,0,0,0,0,0,0,0,0,0,0,0,0,0,0,0,0,0,0,0,0,0,0,0,0,0,0,0,0,0,0,0,0,0,0,0,0,0,0,0,0,0,0,0,0,0,0,0,0,0,0,0,0,0,0,0,0,0,0,0,0,0,0,0,0,0,0,0,0,0,0,0,0,0,0,0,0,1,3.15752936096719
Adair County Sheriff's Office,1982-05-01,Missouri,7781,MO00100,0,0,0,0,0,0,0,0,0,0,0,0,0,0,0,0,0,0,0,0,0,0,0,0,0,0,0,0,0,0,0,0,0,0,0,0,0,0,0,0,0,0,0,0,0,0,0,0,0,0,0,0,0,0,0,0,0,0,0,0,0,0,0,0,0,0,0,0,0,0,0,0,0,0,0,0,0,0,0,0,0,0,0,0,0,0,0,0,0,0,0,1,3.15752936096719
Adair County Sheriff's Office,1982-06-01,Missouri,7781,MO00100,0,0,0,0,0,0,0,0,0,0,0,0,0,0,0,0,0,0,0,0,0,0,0,0,0,0,0,0,0,0,0,0,0,0,0,0,0,0,0,0,0,0,0,0,0,0,0,0,0,0,0,0,0,0,0,0,0,0,0,0,0,0,0,0,0,0,0,0,0,0,0,0,0,0,0,0,0,0,0,0,0,0,0,0,0,0,0,0,0,0,0,1,3.15752936096719
Adair County Sheriff's Office,1982-07-01,Missouri,7781,MO00100,0,0,0,0,0,0,0,0,0,0,0,0,0,0,0,0,0,0,0,0,0,0,0,0,0,0,0,0,0,0,0,0,0,0,0,0,0,0,0,0,0,0,0,0,0,0,0,0,0,0,0,0,0,0,0,0,0,0,0,0,0,0,0,0,0,0,0,0,0,0,0,0,0,0,0,0,0,0,0,0,0,0,0,0,0,0,0,0,0,0,0,1,3.15752936096719
Adair County Sheriff's Office,1982-08-01,Missouri,7781,MO00100,0,0,0,0,0,0,0,0,0,0,0,0,0,0,0,0,0,0,0,0,0,0,0,0,0,0,0,0,0,0,0,0,0,0,0,0,0,0,0,0,0,0,0,0,0,0,0,0,0,0,0,0,0,0,0,0,0,0,0,0,0,0,0,0,0,0,0,0,0,0,0,0,0,0,0,0,0,0,0,0,0,0,0,0,0,0,0,0,0,0,0,1,3.15752936096719
Adair County Sheriff's Office,1982-09-01,Missouri,7781,MO00100,0,0,0,0,0,0,0,0,0,0,0,0,0,0,0,0,0,0,0,0,0,0,0,0,0,0,0,0,0,0,0,0,0,0,0,0,0,0,0,0,0,0,0,0,0,0,0,0,0,0,0,0,0,0,0,0,0,0,0,0,0,0,0,0,0,0,0,0,0,0,0,0,0,0,0,0,0,0,0,0,0,0,0,0,0,0,0,0,0,0,0,1,3.15752936096719
Adair County Sheriff's Office,1982-10-01,Missouri,7781,MO00100,0,0,0,0,0,0,0,0,0,0,0,0,0,0,0,0,0,0,0,0,0,0,0,0,0,0,0,0,0,0,0,0,0,0,0,0,0,0,0,0,0,0,0,0,0,0,0,0,0,0,0,0,0,0,0,0,0,0,0,0,0,0,0,0,0,0,0,0,0,0,0,0,0,0,0,0,0,0,0,0,0,0,0,0,0,0,0,0,0,0,0,1,3.15752936096719
Adair County Sheriff's Office,1982-11-01,Missouri,7781,MO00100,0,0,3,0,0,0,3,0,0,2,0,0,0,0,0,0,0,0,0,0,0,0,0,0,0,0,0,0,0,0,0,0,0,0,0,0,0,4894,0,0,0,4894,0,0,0,0,0,0,0,0,0,0,0,0,0,0,0,4894,0,0,0,0,0,0,0,0,0,0,0,0,0,0,0,0,0,4894,0,0,4894,0,0,0,0,0,0,0,0,0,0,0,0,1,3.15752936096719
Adair County Sheriff's Office,1982-12-01,Missouri,7781,MO00100,0,1,0,0,0,0,1,0,0,0,0,0,0,0,0,0,0,0,0,0,0,0,0,0,0,0,0,0,0,0,0,0,0,0,0,1579,0,0,0,0,0,1579,0,0,0,0,0,0,0,0,0,0,0,0,0,0,0,1579,0,0,0,0,0,0,0,0,0,0,0,0,0,0,0,0,0,1579,0,0,1579,0,0,0,0,0,0,0,0,0,0,0,0,1,3.15752936096719
Adair County Sheriff's Office,1983-01-01,Missouri,7810,MO00100,0,0,0,0,0,0,0,0,0,0,0,0,0,0,0,0,0,0,0,0,0,0,0,0,0,0,0,0,0,0,0,0,0,0,0,0,0,0,0,0,0,0,0,0,0,0,0,0,0,0,0,0,0,0,0,0,0,0,0,0,0,0,0,0,0,0,0,0,0,0,0,0,0,0,0,0,0,0,0,0,0,0,0,0,0,0,0,0,0,0,0,1,3.05925284471218
Adair County Sheriff's Office,1983-02-01,Missouri,7810,MO00100,0,0,0,0,0,0,0,0,0,0,0,0,0,0,0,0,0,0,0,0,0,0,0,0,0,0,0,0,0,0,0,0,0,0,0,0,0,0,0,0,0,0,0,0,0,0,0,0,0,0,0,0,0,0,0,0,0,0,0,0,0,0,0,0,0,0,0,0,0,0,0,0,0,0,0,0,0,0,0,0,0,0,0,0,0,0,0,0,0,0,0,1,3.05925284471218
Adair County Sheriff's Office,1983-03-01,Missouri,7810,MO00100,0,1,0,0,0,0,1,1,1,1,0,0,0,0,0,1,0,1,0,0,0,0,0,0,0,0,0,0,0,0,0,0,1,1,0,153,0,0,0,0,0,153,0,0,0,0,0,0,0,0,918,0,918,0,0,0,0,1071,0,0,0,0,0,0,0,0,0,0,0,0,0,918,0,0,0,0,0,153,1071,0,0,0,0,918,0,0,0,0,0,153,1071,1,3.05925284471218
Adair County Sheriff's Office,1983-04-01,Missouri,7810,MO00100,0,0,0,0,0,0,0,0,0,0,0,0,0,0,0,0,0,0,0,0,0,0,0,0,0,0,0,0,0,0,0,0,0,0,0,0,0,0,0,0,0,0,0,0,0,0,0,0,0,0,0,0,0,0,0,0,0,0,0,0,0,0,0,0,0,0,0,0,0,0,0,0,0,0,0,0,0,0,0,0,0,0,0,0,0,0,0,0,0,0,0,1,3.05925284471218
Adair County Sheriff's Office,1983-05-01,Missouri,7810,MO00100,0,0,0,0,0,0,0,0,0,0,0,0,0,0,0,0,0,0,0,0,0,0,0,0,0,0,0,0,0,0,0,0,0,0,0,0,0,0,0,0,0,0,0,0,0,0,0,0,0,0,0,0,0,0,0,0,0,0,0,0,0,0,0,0,0,0,0,0,0,0,0,0,0,0,0,0,0,0,0,0,0,0,0,0,0,0,0,0,0,0,0,1,3.05925284471218
Adair County Sheriff's Office,1983-06-01,Missouri,7810,MO00100,0,0,0,0,0,0,0,0,0,0,0,0,0,0,0,0,0,0,0,0,0,0,0,0,0,0,0,0,0,0,0,0,0,0,0,0,0,0,0,0,0,0,0,0,0,0,0,0,0,0,0,0,0,0,0,0,0,0,0,0,0,0,0,0,0,0,0,0,0,0,0,0,0,0,0,0,0,0,0,0,0,0,0,0,0,0,0,0,0,0,0,1,3.05925284471218
Adair County Sheriff's Office,1983-07-01,Missouri,7810,MO00100,0,0,0,0,0,0,0,0,0,0,0,0,0,0,0,0,0,0,0,0,0,0,0,0,0,0,0,0,0,0,0,0,0,0,0,0,0,0,0,0,0,0,0,0,0,0,0,0,0,0,0,0,0,0,0,0,0,0,0,0,0,0,0,0,0,0,0,0,0,0,0,0,0,0,0,0,0,0,0,0,0,0,0,0,0,0,0,0,0,0,0,1,3.05925284471218
Adair County Sheriff's Office,1983-08-01,Missouri,7810,MO00100,0,0,0,0,0,0,0,0,0,0,0,0,0,0,0,0,0,0,0,0,0,0,0,0,0,0,0,0,0,0,0,0,0,0,0,0,0,0,0,0,0,0,0,0,0,0,0,0,0,0,0,0,0,0,0,0,0,0,0,0,0,0,0,0,0,0,0,0,0,0,0,0,0,0,0,0,0,0,0,0,0,0,0,0,0,0,0,0,0,0,0,1,3.05925284471218
Adair County Sheriff's Office,1983-09-01,Missouri,7810,MO00100,0,1,0,0,1,0,2,0,0,1,0,0,0,0,0,0,0,0,0,0,0,0,0,0,0,0,0,0,0,0,0,0,0,0,0,7954,0,0,21415,0,0,29369,0,0,0,0,0,0,0,0,0,0,0,0,0,0,0,29369,0,0,0,0,0,0,0,0,0,0,0,0,0,0,0,0,0,29369,0,0,29369,0,0,0,0,0,0,0,0,0,0,0,0,1,3.05925284471218
Adair County Sheriff's Office,1983-10-01,Missouri,7810,MO00100,0,0,0,0,0,0,0,0,0,0,0,0,0,0,0,0,0,0,0,0,0,0,0,0,0,0,0,0,0,0,0,0,0,0,0,0,0,0,0,0,0,0,0,0,0,0,0,0,0,0,0,0,0,0,0,0,0,0,0,0,0,0,0,0,0,0,0,0,0,0,0,0,0,0,0,0,0,0,0,0,0,0,0,0,0,0,0,0,0,0,0,1,3.05925284471218
Adair County Sheriff's Office,1983-11-01,Missouri,7810,MO00100,0,0,0,0,0,0,0,0,0,0,0,0,0,0,0,0,0,0,0,0,0,0,0,0,0,0,0,0,0,0,0,0,0,0,0,0,0,0,0,0,0,0,0,0,0,0,0,0,0,0,0,0,0,0,0,0,0,0,0,0,0,0,0,0,0,0,0,0,0,0,0,0,0,0,0,0,0,0,0,0,0,0,0,0,0,0,0,0,0,0,0,1,3.05925284471218
Adair County Sheriff's Office,1983-12-01,Missouri,7810,MO00100,0,0,0,0,0,0,0,0,0,0,0,0,0,0,0,0,0,0,0,0,0,0,0,0,0,0,0,0,0,0,0,0,0,0,0,0,0,0,0,0,0,0,0,0,0,0,0,0,0,0,0,0,0,0,0,0,0,0,0,0,0,0,0,0,0,0,0,0,0,0,0,0,0,0,0,0,0,0,0,0,0,0,0,0,0,0,0,0,0,0,0,1,3.05925284471218
Adair County Sheriff's Office,1984-01-01,Missouri,7972,MO00100,0,0,0,0,0,0,0,0,0,0,0,0,0,0,0,0,0,0,0,0,0,0,0,0,0,0,0,0,0,0,0,0,0,0,0,0,0,0,0,0,0,0,0,0,0,0,0,0,0,0,0,0,0,0,0,0,0,0,0,0,0,0,0,0,0,0,0,0,0,0,0,0,0,0,0,0,0,0,0,0,0,0,0,0,0,0,0,0,0,0,0,1,2.9331132680892
Adair County Sheriff's Office,1984-02-01,Missouri,7972,MO00100,0,0,0,0,0,0,0,0,0,0,0,0,0,0,0,0,0,0,0,0,0,0,0,0,0,0,0,0,0,0,0,0,0,0,0,0,0,0,0,0,0,0,0,0,0,0,0,0,0,0,0,0,0,0,0,0,0,0,0,0,0,0,0,0,0,0,0,0,0,0,0,0,0,0,0,0,0,0,0,0,0,0,0,0,0,0,0,0,0,0,0,1,2.9331132680892
Adair County Sheriff's Office,1984-03-01,Missouri,7972,MO00100,0,0,0,0,0,0,0,0,0,0,0,0,0,0,0,0,0,0,0,0,0,0,0,0,0,0,0,0,0,0,0,0,0,0,0,0,0,0,0,0,0,0,0,0,0,0,0,0,0,0,0,0,0,0,0,0,0,0,0,0,0,0,0,0,0,0,0,0,0,0,0,0,0,0,0,0,0,0,0,0,0,0,0,0,0,0,0,0,0,0,0,1,2.9331132680892
Adair County Sheriff's Office,1984-04-01,Missouri,7972,MO00100,0,0,0,0,0,0,0,0,0,0,0,0,0,0,0,0,0,0,0,0,0,0,0,0,0,0,0,0,0,0,0,0,0,0,0,0,0,0,0,0,0,0,0,0,0,0,0,0,0,0,0,0,0,0,0,0,0,0,0,0,0,0,0,0,0,0,0,0,0,0,0,0,0,0,0,0,0,0,0,0,0,0,0,0,0,0,0,0,0,0,0,1,2.9331132680892
Adair County Sheriff's Office,1984-05-01,Missouri,7972,MO00100,0,0,0,0,2,0,2,2,0,0,0,0,0,0,0,0,0,0,1,2,4,7,0,0,0,0,6,0,0,0,1,0,0,0,0,0,0,0,3749,0,0,3749,4253,0,0,0,0,0,0,0,0,0,0,0,1062,5001,6063,14064,0,0,0,0,6063,0,0,0,0,0,2253,0,0,0,0,0,4253,6048,0,1467,14020,0,0,0,0,0,0,0,0,587,0,0,587,1,2.9331132680892
Adair County Sheriff's Office,1984-06-01,Missouri,7972,MO00100,0,0,0,0,0,0,0,0,0,0,0,0,0,0,0,0,0,0,0,0,0,0,0,0,0,0,0,0,0,0,0,0,0,0,0,0,0,0,0,0,0,0,0,0,0,0,0,0,0,0,0,0,0,0,0,0,0,0,0,0,0,0,0,0,0,0,0,0,0,0,0,0,0,0,0,0,0,0,0,0,0,0,0,0,0,0,0,0,0,0,0,1,2.9331132680892
Adair County Sheriff's Office,1984-07-01,Missouri,7972,MO00100,0,0,0,0,0,0,0,0,0,0,0,0,0,0,0,0,0,0,0,0,0,0,0,0,0,0,0,0,0,0,0,0,0,0,0,0,0,0,0,0,0,0,0,0,0,0,0,0,0,0,0,0,0,0,0,0,0,0,0,0,0,0,0,0,0,0,0,0,0,0,0,0,0,0,0,0,0,0,0,0,0,0,0,0,0,0,0,0,0,0,0,1,2.9331132680892
Adair County Sheriff's Office,1984-08-01,Missouri,7972,MO00100,0,0,0,0,0,0,0,0,0,0,0,0,0,0,0,0,0,0,0,0,0,0,0,0,0,0,0,0,0,0,0,0,0,0,0,0,0,0,0,0,0,0,0,0,0,0,0,0,0,0,0,0,0,0,0,0,0,0,0,0,0,0,0,0,0,0,0,0,0,0,0,0,0,0,0,0,0,0,0,0,0,0,0,0,0,0,0,0,0,0,0,1,2.9331132680892
Adair County Sheriff's Office,1984-09-01,Missouri,7972,MO00100,0,0,0,0,0,0,0,0,0,0,0,0,0,0,0,0,0,0,0,0,0,0,0,0,0,0,0,0,0,0,0,0,0,0,0,0,0,0,0,0,0,0,0,0,0,0,0,0,0,0,0,0,0,0,0,0,0,0,0,0,0,0,0,0,0,0,0,0,0,0,0,0,0,0,0,0,0,0,0,0,0,0,0,0,0,0,0,0,0,0,0,1,2.9331132680892
Adair County Sheriff's Office,1984-10-01,Missouri,7972,MO00100,0,0,0,0,0,0,0,0,0,0,0,0,0,0,0,0,0,0,0,0,0,0,0,0,0,0,0,0,0,0,0,0,0,0,0,0,0,0,0,0,0,0,0,0,0,0,0,0,0,0,0,0,0,0,0,0,0,0,0,0,0,0,0,0,0,0,0,0,0,0,0,0,0,0,0,0,0,0,0,0,0,0,0,0,0,0,0,0,0,0,0,1,2.9331132680892
Adair County Sheriff's Office,1984-11-01,Missouri,7972,MO00100,0,0,0,0,0,0,0,0,0,0,0,0,0,0,0,0,0,0,0,0,0,0,0,0,0,0,0,0,0,0,0,0,0,0,0,0,0,0,0,0,0,0,0,0,0,0,0,0,0,0,0,0,0,0,0,0,0,0,0,0,0,0,0,0,0,0,0,0,0,0,0,0,0,0,0,0,0,0,0,0,0,0,0,0,0,0,0,0,0,0,0,1,2.9331132680892
Adair County Sheriff's Office,1984-12-01,Missouri,7972,MO00100,0,0,0,0,0,0,0,0,0,0,0,0,0,0,0,0,0,0,0,0,0,0,0,0,0,0,0,0,0,0,0,0,0,0,0,0,0,0,0,0,0,0,0,0,0,0,0,0,0,0,0,0,0,0,0,0,0,0,0,0,0,0,0,0,0,0,0,0,0,0,0,0,0,0,0,0,0,0,0,0,0,0,0,0,0,0,0,0,0,0,0,1,2.9331132680892
Adair County Sheriff's Office,1985-01-01,Missouri,7940,MO00100,0,0,0,0,0,0,0,2,0,1,0,0,1,0,0,0,0,1,0,0,0,0,0,0,0,0,0,0,0,0,0,0,1,1,0,0,0,0,0,0,0,0,56654,0,0,0,0,0,0,0,0,0,0,0,0,0,0,56654,0,0,0,0,0,0,0,0,0,0,0,0,0,0,0,0,56654,0,0,0,56654,0,0,0,0,0,0,0,0,0,0,0,0,1,2.83267663464518
Adair County Sheriff's Office,1985-02-01,Missouri,7940,MO00100,0,0,0,0,0,0,0,0,0,0,0,0,0,0,0,0,0,0,0,0,0,0,0,0,0,0,0,0,0,0,0,0,0,0,0,0,0,0,0,0,0,0,0,0,0,0,0,0,0,0,0,0,0,0,0,0,0,0,0,0,0,0,0,0,0,0,0,0,0,0,0,0,0,0,0,0,0,0,0,0,0,0,0,0,0,0,0,0,0,0,0,1,2.83267663464518
Adair County Sheriff's Office,1985-03-01,Missouri,7940,MO00100,0,0,0,0,0,0,0,0,0,0,0,0,0,0,0,0,0,0,0,0,0,0,0,0,0,0,0,0,0,0,0,0,0,0,0,0,0,0,0,0,0,0,0,0,0,0,0,0,0,0,0,0,0,0,0,0,0,0,0,0,0,0,0,0,0,0,0,0,0,0,0,0,0,0,0,0,0,0,0,0,0,0,0,0,0,0,0,0,0,0,0,1,2.83267663464518
Adair County Sheriff's Office,1985-04-01,Missouri,7940,MO00100,0,0,0,0,0,0,0,0,0,0,0,0,0,0,0,0,0,0,0,0,0,0,0,0,0,0,0,0,0,0,0,0,0,0,0,0,0,0,0,0,0,0,0,0,0,0,0,0,0,0,0,0,0,0,0,0,0,0,0,0,0,0,0,0,0,0,0,0,0,0,0,0,0,0,0,0,0,0,0,0,0,0,0,0,0,0,0,0,0,0,0,1,2.83267663464518
Adair County Sheriff's Office,1985-05-01,Missouri,7940,MO00100,0,0,0,0,0,0,0,0,0,0,0,0,0,0,0,0,0,0,0,0,0,0,0,0,0,0,0,0,0,0,0,0,0,0,0,0,0,0,0,0,0,0,0,0,0,0,0,0,0,0,0,0,0,0,0,0,0,0,0,0,0,0,0,0,0,0,0,0,0,0,0,0,0,0,0,0,0,0,0,0,0,0,0,0,0,0,0,0,0,0,0,1,2.83267663464518
Adair County Sheriff's Office,1985-06-01,Missouri,7940,MO00100,0,0,0,0,0,0,0,0,0,0,0,0,0,0,0,0,0,0,0,0,0,0,0,0,0,0,0,0,0,0,0,0,0,0,0,0,0,0,0,0,0,0,0,0,0,0,0,0,0,0,0,0,0,0,0,0,0,0,0,0,0,0,0,0,0,0,0,0,0,0,0,0,0,0,0,0,0,0,0,0,0,0,0,0,0,0,0,0,0,0,0,1,2.83267663464518
Adair County Sheriff's Office,1985-07-01,Missouri,7940,MO00100,0,0,0,0,0,0,0,0,0,0,0,0,0,0,0,0,0,0,0,0,0,0,0,0,0,0,0,0,0,0,0,0,0,0,0,0,0,0,0,0,0,0,0,0,0,0,0,0,0,0,0,0,0,0,0,0,0,0,0,0,0,0,0,0,0,0,0,0,0,0,0,0,0,0,0,0,0,0,0,0,0,0,0,0,0,0,0,0,0,0,0,1,2.83267663464518
Adair County Sheriff's Office,1985-08-01,Missouri,7940,MO00100,0,0,0,0,0,0,0,0,0,0,0,0,0,0,0,0,0,0,0,0,0,0,0,0,0,0,0,0,0,0,0,0,0,0,0,0,0,0,0,0,0,0,0,0,0,0,0,0,0,0,0,0,0,0,0,0,0,0,0,0,0,0,0,0,0,0,0,0,0,0,0,0,0,0,0,0,0,0,0,0,0,0,0,0,0,0,0,0,0,0,0,1,2.83267663464518
Adair County Sheriff's Office,1985-09-01,Missouri,7940,MO00100,0,0,0,0,0,0,0,0,0,0,0,0,0,0,0,0,0,0,0,0,0,0,0,0,0,0,0,0,0,0,0,0,0,0,0,0,0,0,0,0,0,0,0,0,0,0,0,0,0,0,0,0,0,0,0,0,0,0,0,0,0,0,0,0,0,0,0,0,0,0,0,0,0,0,0,0,0,0,0,0,0,0,0,0,0,0,0,0,0,0,0,1,2.83267663464518
Adair County Sheriff's Office,1985-10-01,Missouri,7940,MO00100,0,0,0,0,0,0,0,0,0,0,0,0,0,0,0,0,0,0,0,0,0,0,0,0,0,0,0,0,0,0,0,0,0,0,0,0,0,0,0,0,0,0,0,0,0,0,0,0,0,0,0,0,0,0,0,0,0,0,0,0,0,0,0,0,0,0,0,0,0,0,0,0,0,0,0,0,0,0,0,0,0,0,0,0,0,0,0,0,0,0,0,1,2.83267663464518
Adair County Sheriff's Office,1985-11-01,Missouri,7940,MO00100,0,0,0,0,0,0,0,0,0,0,0,0,0,0,0,0,0,0,0,0,0,0,0,0,0,0,0,0,0,0,0,0,0,0,0,0,0,0,0,0,0,0,0,0,0,0,0,0,0,0,0,0,0,0,0,0,0,0,0,0,0,0,0,0,0,0,0,0,0,0,0,0,0,0,0,0,0,0,0,0,0,0,0,0,0,0,0,0,0,0,0,1,2.83267663464518
Adair County Sheriff's Office,1985-12-01,Missouri,7940,MO00100,0,0,0,0,0,0,0,0,0,0,0,0,0,0,0,0,0,0,0,0,0,0,0,0,0,0,0,0,0,0,0,0,0,0,0,0,0,0,0,0,0,0,0,0,0,0,0,0,0,0,0,0,0,0,0,0,0,0,0,0,0,0,0,0,0,0,0,0,0,0,0,0,0,0,0,0,0,0,0,0,0,0,0,0,0,0,0,0,0,0,0,1,2.83267663464518
Adair County Sheriff's Office,1986-01-01,Missouri,8396,MO00100,0,0,0,0,0,0,0,0,0,0,0,0,0,0,0,0,0,0,0,0,0,0,0,0,0,0,0,0,0,0,0,0,0,0,0,0,0,0,0,0,0,0,0,0,0,0,0,0,0,0,0,0,0,0,0,0,0,0,0,0,0,0,0,0,0,0,0,0,0,0,0,0,0,0,0,0,0,0,0,0,0,0,0,0,0,0,0,0,0,0,0,1,2.7799125674751
Adair County Sheriff's Office,1986-02-01,Missouri,8396,MO00100,0,0,0,0,0,0,0,0,0,0,0,0,0,0,0,0,0,0,0,0,0,0,0,0,0,0,0,0,0,0,0,0,0,0,0,0,0,0,0,0,0,0,0,0,0,0,0,0,0,0,0,0,0,0,0,0,0,0,0,0,0,0,0,0,0,0,0,0,0,0,0,0,0,0,0,0,0,0,0,0,0,0,0,0,0,0,0,0,0,0,0,1,2.7799125674751
Adair County Sheriff's Office,1986-03-01,Missouri,8396,MO00100,0,0,0,0,0,0,0,0,0,0,0,0,0,0,0,0,0,0,0,0,0,0,0,0,0,0,0,0,0,0,0,0,0,0,0,0,0,0,0,0,0,0,0,0,0,0,0,0,0,0,0,0,0,0,0,0,0,0,0,0,0,0,0,0,0,0,0,0,0,0,0,0,0,0,0,0,0,0,0,0,0,0,0,0,0,0,0,0,0,0,0,1,2.7799125674751
Adair County Sheriff's Office,1986-04-01,Missouri,8396,MO00100,0,0,0,0,0,0,0,0,0,0,0,0,0,0,0,0,0,0,0,0,0,0,0,0,0,0,0,0,0,0,0,0,0,0,0,0,0,0,0,0,0,0,0,0,0,0,0,0,0,0,0,0,0,0,0,0,0,0,0,0,0,0,0,0,0,0,0,0,0,0,0,0,0,0,0,0,0,0,0,0,0,0,0,0,0,0,0,0,0,0,0,1,2.7799125674751
Adair County Sheriff's Office,1986-05-01,Missouri,8396,MO00100,0,0,0,0,0,0,0,0,0,0,0,0,0,0,0,0,0,0,0,0,0,0,0,0,0,0,0,0,0,0,0,0,0,0,0,0,0,0,0,0,0,0,0,0,0,0,0,0,0,0,0,0,0,0,0,0,0,0,0,0,0,0,0,0,0,0,0,0,0,0,0,0,0,0,0,0,0,0,0,0,0,0,0,0,0,0,0,0,0,0,0,1,2.7799125674751
Adair County Sheriff's Office,1986-06-01,Missouri,8396,MO00100,0,0,0,0,0,0,0,0,0,0,0,0,0,0,0,0,0,0,0,0,0,0,0,0,0,0,0,0,0,0,0,0,0,0,0,0,0,0,0,0,0,0,0,0,0,0,0,0,0,0,0,0,0,0,0,0,0,0,0,0,0,0,0,0,0,0,0,0,0,0,0,0,0,0,0,0,0,0,0,0,0,0,0,0,0,0,0,0,0,0,0,1,2.7799125674751
Adair County Sheriff's Office,1986-07-01,Missouri,8396,MO00100,0,0,0,0,0,0,0,0,0,0,0,0,0,0,0,0,0,0,0,0,0,0,0,0,0,0,0,0,0,0,0,0,0,0,0,0,0,0,0,0,0,0,0,0,0,0,0,0,0,0,0,0,0,0,0,0,0,0,0,0,0,0,0,0,0,0,0,0,0,0,0,0,0,0,0,0,0,0,0,0,0,0,0,0,0,0,0,0,0,0,0,1,2.7799125674751
Adair County Sheriff's Office,1986-08-01,Missouri,8396,MO00100,0,0,0,0,0,0,0,0,0,0,0,0,0,0,0,0,0,0,0,0,0,0,0,0,0,0,0,0,0,0,0,0,0,0,0,0,0,0,0,0,0,0,0,0,0,0,0,0,0,0,0,0,0,0,0,0,0,0,0,0,0,0,0,0,0,0,0,0,0,0,0,0,0,0,0,0,0,0,0,0,0,0,0,0,0,0,0,0,0,0,0,1,2.7799125674751
Adair County Sheriff's Office,1986-09-01,Missouri,8396,MO00100,0,0,0,0,0,0,0,0,0,0,0,0,0,0,0,0,0,0,0,0,0,0,0,0,0,0,0,0,0,0,0,0,0,0,0,0,0,0,0,0,0,0,0,0,0,0,0,0,0,0,0,0,0,0,0,0,0,0,0,0,0,0,0,0,0,0,0,0,0,0,0,0,0,0,0,0,0,0,0,0,0,0,0,0,0,0,0,0,0,0,0,1,2.7799125674751
Adair County Sheriff's Office,1986-10-01,Missouri,8396,MO00100,0,0,0,0,0,0,0,0,0,0,0,0,0,0,0,0,0,0,0,0,0,0,0,0,0,0,0,0,0,0,0,0,0,0,0,0,0,0,0,0,0,0,0,0,0,0,0,0,0,0,0,0,0,0,0,0,0,0,0,0,0,0,0,0,0,0,0,0,0,0,0,0,0,0,0,0,0,0,0,0,0,0,0,0,0,0,0,0,0,0,0,1,2.7799125674751
Adair County Sheriff's Office,1986-11-01,Missouri,8396,MO00100,0,0,0,0,0,0,0,0,0,0,0,0,0,0,0,0,0,0,0,0,0,0,0,0,0,0,0,0,0,0,0,0,0,0,0,0,0,0,0,0,0,0,0,0,0,0,0,0,0,0,0,0,0,0,0,0,0,0,0,0,0,0,0,0,0,0,0,0,0,0,0,0,0,0,0,0,0,0,0,0,0,0,0,0,0,0,0,0,0,0,0,1,2.7799125674751
Adair County Sheriff's Office,1986-12-01,Missouri,8396,MO00100,0,0,0,0,0,0,0,0,0,0,0,0,0,0,0,0,0,0,0,0,0,0,0,0,0,0,0,0,0,0,0,0,0,0,0,0,0,0,0,0,0,0,0,0,0,0,0,0,0,0,0,0,0,0,0,0,0,0,0,0,0,0,0,0,0,0,0,0,0,0,0,0,0,0,0,0,0,0,0,0,0,0,0,0,0,0,0,0,0,0,0,1,2.7799125674751
Adair County Sheriff's Office,1987-01-01,Missouri,8048,MO00100,0,0,0,0,0,0,0,0,0,0,0,0,0,0,0,0,0,0,0,0,0,0,0,0,0,0,0,0,0,0,0,0,0,0,0,0,0,0,0,0,0,0,0,0,0,0,0,0,0,0,0,0,0,0,0,0,0,0,0,0,0,0,0,0,0,0,0,0,0,0,0,0,0,0,0,0,0,0,0,0,0,0,0,0,0,0,0,0,0,0,0,1,2.68164209754309
Adair County Sheriff's Office,1987-02-01,Missouri,8048,MO00100,0,0,0,0,0,0,0,0,0,0,0,0,0,0,0,0,0,0,0,0,0,0,0,0,0,0,0,0,0,0,0,0,0,0,0,0,0,0,0,0,0,0,0,0,0,0,0,0,0,0,0,0,0,0,0,0,0,0,0,0,0,0,0,0,0,0,0,0,0,0,0,0,0,0,0,0,0,0,0,0,0,0,0,0,0,0,0,0,0,0,0,1,2.68164209754309
Adair County Sheriff's Office,1987-03-01,Missouri,8048,MO00100,0,0,0,0,0,0,0,0,0,0,0,0,0,0,0,0,0,0,0,0,0,0,0,0,0,0,0,0,0,0,0,0,0,0,0,0,0,0,0,0,0,0,0,0,0,0,0,0,0,0,0,0,0,0,0,0,0,0,0,0,0,0,0,0,0,0,0,0,0,0,0,0,0,0,0,0,0,0,0,0,0,0,0,0,0,0,0,0,0,0,0,1,2.68164209754309
Adair County Sheriff's Office,1987-04-01,Missouri,8048,MO00100,0,0,0,0,0,0,0,0,0,0,0,0,0,0,0,0,0,0,0,0,0,0,0,0,0,0,0,0,0,0,0,0,0,0,0,0,0,0,0,0,0,0,0,0,0,0,0,0,0,0,0,0,0,0,0,0,0,0,0,0,0,0,0,0,0,0,0,0,0,0,0,0,0,0,0,0,0,0,0,0,0,0,0,0,0,0,0,0,0,0,0,1,2.68164209754309
Adair County Sheriff's Office,1987-05-01,Missouri,8048,MO00100,0,0,0,0,0,0,0,0,0,0,0,0,0,0,0,0,0,0,0,0,0,0,0,0,0,0,0,0,0,0,0,0,0,0,0,0,0,0,0,0,0,0,0,0,0,0,0,0,0,0,0,0,0,0,0,0,0,0,0,0,0,0,0,0,0,0,0,0,0,0,0,0,0,0,0,0,0,0,0,0,0,0,0,0,0,0,0,0,0,0,0,1,2.68164209754309
Adair County Sheriff's Office,1987-06-01,Missouri,8048,MO00100,0,0,0,0,0,0,0,0,0,0,0,0,0,0,0,0,0,0,0,0,0,0,0,0,0,0,0,0,0,0,0,0,0,0,0,0,0,0,0,0,0,0,0,0,0,0,0,0,0,0,0,0,0,0,0,0,0,0,0,0,0,0,0,0,0,0,0,0,0,0,0,0,0,0,0,0,0,0,0,0,0,0,0,0,0,0,0,0,0,0,0,1,2.68164209754309
Adair County Sheriff's Office,1987-07-01,Missouri,8048,MO00100,0,0,0,0,0,0,0,0,0,0,0,0,0,0,0,0,0,0,0,0,0,0,0,0,0,0,0,0,0,0,0,0,0,0,0,0,0,0,0,0,0,0,0,0,0,0,0,0,0,0,0,0,0,0,0,0,0,0,0,0,0,0,0,0,0,0,0,0,0,0,0,0,0,0,0,0,0,0,0,0,0,0,0,0,0,0,0,0,0,0,0,1,2.68164209754309
Adair County Sheriff's Office,1987-08-01,Missouri,8048,MO00100,0,0,0,0,0,0,0,0,0,0,0,0,0,0,0,0,0,0,0,0,0,0,0,0,0,0,0,0,0,0,0,0,0,0,0,0,0,0,0,0,0,0,0,0,0,0,0,0,0,0,0,0,0,0,0,0,0,0,0,0,0,0,0,0,0,0,0,0,0,0,0,0,0,0,0,0,0,0,0,0,0,0,0,0,0,0,0,0,0,0,0,1,2.68164209754309
Adair County Sheriff's Office,1987-09-01,Missouri,8048,MO00100,0,0,0,0,0,0,0,0,0,0,0,0,0,0,0,0,0,0,0,0,0,0,0,0,0,0,0,0,0,0,0,0,0,0,0,0,0,0,0,0,0,0,0,0,0,0,0,0,0,0,0,0,0,0,0,0,0,0,0,0,0,0,0,0,0,0,0,0,0,0,0,0,0,0,0,0,0,0,0,0,0,0,0,0,0,0,0,0,0,0,0,1,2.68164209754309
Adair County Sheriff's Office,1987-10-01,Missouri,8048,MO00100,0,0,0,0,0,0,0,0,0,0,0,0,0,0,0,0,0,0,0,0,0,0,0,0,0,0,0,0,0,0,0,0,0,0,0,0,0,0,0,0,0,0,0,0,0,0,0,0,0,0,0,0,0,0,0,0,0,0,0,0,0,0,0,0,0,0,0,0,0,0,0,0,0,0,0,0,0,0,0,0,0,0,0,0,0,0,0,0,0,0,0,1,2.68164209754309
Adair County Sheriff's Office,1987-11-01,Missouri,8048,MO00100,0,0,0,0,0,0,0,0,0,0,0,0,0,0,0,0,0,0,0,0,0,0,0,0,0,0,0,0,0,0,0,0,0,0,0,0,0,0,0,0,0,0,0,0,0,0,0,0,0,0,0,0,0,0,0,0,0,0,0,0,0,0,0,0,0,0,0,0,0,0,0,0,0,0,0,0,0,0,0,0,0,0,0,0,0,0,0,0,0,0,0,1,2.68164209754309
Adair County Sheriff's Office,1987-12-01,Missouri,8048,MO00100,0,0,0,0,0,0,0,0,0,0,0,0,0,0,0,0,0,0,0,0,0,0,0,0,0,0,0,0,0,0,0,0,0,0,0,0,0,0,0,0,0,0,0,0,0,0,0,0,0,0,0,0,0,0,0,0,0,0,0,0,0,0,0,0,0,0,0,0,0,0,0,0,0,0,0,0,0,0,0,0,0,0,0,0,0,0,0,0,0,0,0,1,2.68164209754309
Adair County Sheriff's Office,1988-01-01,Missouri,7912,MO00100,0,0,0,0,0,0,0,0,0,0,0,0,0,0,0,0,0,0,0,0,0,0,0,0,0,0,0,0,0,0,0,0,0,0,0,0,0,0,0,0,0,0,0,0,0,0,0,0,0,0,0,0,0,0,0,0,0,0,0,0,0,0,0,0,0,0,0,0,0,0,0,0,0,0,0,0,0,0,0,0,0,0,0,0,0,0,0,0,0,0,0,1,2.57657599887252
Adair County Sheriff's Office,1988-02-01,Missouri,7912,MO00100,0,0,0,0,0,0,0,0,0,0,0,0,0,0,0,0,0,0,0,0,0,0,0,0,0,0,0,0,0,0,0,0,0,0,0,0,0,0,0,0,0,0,0,0,0,0,0,0,0,0,0,0,0,0,0,0,0,0,0,0,0,0,0,0,0,0,0,0,0,0,0,0,0,0,0,0,0,0,0,0,0,0,0,0,0,0,0,0,0,0,0,1,2.57657599887252
Adair County Sheriff's Office,1988-03-01,Missouri,7912,MO00100,0,0,0,0,0,0,0,0,0,0,0,0,0,0,0,0,0,0,0,0,0,0,0,0,0,0,0,0,0,0,0,0,0,0,0,0,0,0,0,0,0,0,0,0,0,0,0,0,0,0,0,0,0,0,0,0,0,0,0,0,0,0,0,0,0,0,0,0,0,0,0,0,0,0,0,0,0,0,0,0,0,0,0,0,0,0,0,0,0,0,0,1,2.57657599887252
Adair County Sheriff's Office,1988-04-01,Missouri,7912,MO00100,0,0,0,0,0,0,0,0,0,0,0,0,0,0,0,0,0,0,0,0,0,0,0,0,0,0,0,0,0,0,0,0,0,0,0,0,0,0,0,0,0,0,0,0,0,0,0,0,0,0,0,0,0,0,0,0,0,0,0,0,0,0,0,0,0,0,0,0,0,0,0,0,0,0,0,0,0,0,0,0,0,0,0,0,0,0,0,0,0,0,0,1,2.57657599887252
Adair County Sheriff's Office,1988-05-01,Missouri,7912,MO00100,0,0,0,0,0,0,0,0,0,0,0,0,0,0,0,0,0,0,0,0,0,0,0,0,0,0,0,0,0,0,0,0,0,0,0,0,0,0,0,0,0,0,0,0,0,0,0,0,0,0,0,0,0,0,0,0,0,0,0,0,0,0,0,0,0,0,0,0,0,0,0,0,0,0,0,0,0,0,0,0,0,0,0,0,0,0,0,0,0,0,0,1,2.57657599887252
Adair County Sheriff's Office,1988-06-01,Missouri,7912,MO00100,0,0,0,0,0,0,0,0,0,0,0,0,0,0,0,0,0,0,0,0,0,0,0,0,0,0,0,0,0,0,0,0,0,0,0,0,0,0,0,0,0,0,0,0,0,0,0,0,0,0,0,0,0,0,0,0,0,0,0,0,0,0,0,0,0,0,0,0,0,0,0,0,0,0,0,0,0,0,0,0,0,0,0,0,0,0,0,0,0,0,0,1,2.57657599887252
Adair County Sheriff's Office,1988-07-01,Missouri,7912,MO00100,0,0,0,0,0,0,0,0,0,0,0,0,0,0,0,0,0,0,0,0,0,0,0,0,0,0,0,0,0,0,0,0,0,0,0,0,0,0,0,0,0,0,0,0,0,0,0,0,0,0,0,0,0,0,0,0,0,0,0,0,0,0,0,0,0,0,0,0,0,0,0,0,0,0,0,0,0,0,0,0,0,0,0,0,0,0,0,0,0,0,0,1,2.57657599887252
Adair County Sheriff's Office,1988-08-01,Missouri,7912,MO00100,0,0,0,0,0,0,0,0,0,0,0,0,0,0,0,0,0,0,0,0,0,0,0,0,0,0,0,0,0,0,0,0,0,0,0,0,0,0,0,0,0,0,0,0,0,0,0,0,0,0,0,0,0,0,0,0,0,0,0,0,0,0,0,0,0,0,0,0,0,0,0,0,0,0,0,0,0,0,0,0,0,0,0,0,0,0,0,0,0,0,0,1,2.57657599887252
Adair County Sheriff's Office,1988-09-01,Missouri,7912,MO00100,0,0,0,0,0,0,0,0,0,0,0,0,0,0,0,0,0,0,0,0,0,0,0,0,0,0,0,0,0,0,0,0,0,0,0,0,0,0,0,0,0,0,0,0,0,0,0,0,0,0,0,0,0,0,0,0,0,0,0,0,0,0,0,0,0,0,0,0,0,0,0,0,0,0,0,0,0,0,0,0,0,0,0,0,0,0,0,0,0,0,0,1,2.57657599887252
Adair County Sheriff's Office,1988-10-01,Missouri,7912,MO00100,0,0,0,0,0,0,0,0,0,0,0,0,0,0,0,0,0,0,0,0,0,0,0,0,0,0,0,0,0,0,0,0,0,0,0,0,0,0,0,0,0,0,0,0,0,0,0,0,0,0,0,0,0,0,0,0,0,0,0,0,0,0,0,0,0,0,0,0,0,0,0,0,0,0,0,0,0,0,0,0,0,0,0,0,0,0,0,0,0,0,0,1,2.57657599887252
Adair County Sheriff's Office,1988-11-01,Missouri,7912,MO00100,0,0,0,0,0,0,0,0,0,0,0,0,0,0,0,0,0,0,0,0,0,0,0,0,0,0,0,0,0,0,0,0,0,0,0,0,0,0,0,0,0,0,0,0,0,0,0,0,0,0,0,0,0,0,0,0,0,0,0,0,0,0,0,0,0,0,0,0,0,0,0,0,0,0,0,0,0,0,0,0,0,0,0,0,0,0,0,0,0,0,0,1,2.57657599887252
Adair County Sheriff's Office,1988-12-01,Missouri,7912,MO00100,0,0,0,0,0,0,0,0,0,0,0,0,0,0,0,0,0,0,0,0,0,0,0,0,0,0,0,0,0,0,0,0,0,0,0,0,0,0,0,0,0,0,0,0,0,0,0,0,0,0,0,0,0,0,0,0,0,0,0,0,0,0,0,0,0,0,0,0,0,0,0,0,0,0,0,0,0,0,0,0,0,0,0,0,0,0,0,0,0,0,0,1,2.57657599887252
Adair County Sheriff's Office,1989-01-01,Missouri,8047,MO00100,0,0,0,0,0,0,0,0,0,0,0,0,0,0,0,0,0,0,0,0,0,0,0,0,0,0,0,0,0,0,0,0,0,0,0,0,0,0,0,0,0,0,0,0,0,0,0,0,0,0,0,0,0,0,0,0,0,0,0,0,0,0,0,0,0,0,0,0,0,0,0,0,0,0,0,0,0,0,0,0,0,0,0,0,0,0,0,0,0,0,0,1,2.45793156762571
Adair County Sheriff's Office,1989-02-01,Missouri,8047,MO00100,0,0,0,0,0,0,0,0,0,0,0,0,0,0,0,0,0,0,0,0,0,0,0,0,0,0,0,0,0,0,0,0,0,0,0,0,0,0,0,0,0,0,0,0,0,0,0,0,0,0,0,0,0,0,0,0,0,0,0,0,0,0,0,0,0,0,0,0,0,0,0,0,0,0,0,0,0,0,0,0,0,0,0,0,0,0,0,0,0,0,0,1,2.45793156762571
Adair County Sheriff's Office,1989-03-01,Missouri,8047,MO00100,0,0,0,0,0,0,0,0,0,0,0,0,0,0,0,0,0,0,0,0,0,0,0,0,0,0,0,0,0,0,0,0,0,0,0,0,0,0,0,0,0,0,0,0,0,0,0,0,0,0,0,0,0,0,0,0,0,0,0,0,0,0,0,0,0,0,0,0,0,0,0,0,0,0,0,0,0,0,0,0,0,0,0,0,0,0,0,0,0,0,0,1,2.45793156762571
Adair County Sheriff's Office,1989-04-01,Missouri,8047,MO00100,0,0,0,0,0,0,0,0,0,0,0,0,0,0,0,0,0,0,0,0,0,0,0,0,0,0,0,0,0,0,0,0,0,0,0,0,0,0,0,0,0,0,0,0,0,0,0,0,0,0,0,0,0,0,0,0,0,0,0,0,0,0,0,0,0,0,0,0,0,0,0,0,0,0,0,0,0,0,0,0,0,0,0,0,0,0,0,0,0,0,0,1,2.45793156762571
Adair County Sheriff's Office,1989-05-01,Missouri,8047,MO00100,0,0,0,0,0,0,0,0,0,0,0,0,0,0,0,0,0,0,0,0,0,0,0,0,0,0,0,0,0,0,0,0,0,0,0,0,0,0,0,0,0,0,0,0,0,0,0,0,0,0,0,0,0,0,0,0,0,0,0,0,0,0,0,0,0,0,0,0,0,0,0,0,0,0,0,0,0,0,0,0,0,0,0,0,0,0,0,0,0,0,0,1,2.45793156762571
Adair County Sheriff's Office,1989-06-01,Missouri,8047,MO00100,0,0,0,0,0,0,0,0,0,0,0,0,0,0,0,0,0,0,0,0,0,0,0,0,0,0,0,0,0,0,0,0,0,0,0,0,0,0,0,0,0,0,0,0,0,0,0,0,0,0,0,0,0,0,0,0,0,0,0,0,0,0,0,0,0,0,0,0,0,0,0,0,0,0,0,0,0,0,0,0,0,0,0,0,0,0,0,0,0,0,0,1,2.45793156762571
Adair County Sheriff's Office,1989-07-01,Missouri,8047,MO00100,0,0,0,0,0,0,0,0,0,0,0,0,0,0,0,0,0,0,0,0,0,0,0,0,0,0,0,0,0,0,0,0,0,0,0,0,0,0,0,0,0,0,0,0,0,0,0,0,0,0,0,0,0,0,0,0,0,0,0,0,0,0,0,0,0,0,0,0,0,0,0,0,0,0,0,0,0,0,0,0,0,0,0,0,0,0,0,0,0,0,0,1,2.45793156762571
Adair County Sheriff's Office,1989-08-01,Missouri,8047,MO00100,0,0,0,0,0,0,0,0,0,0,0,0,0,0,0,0,0,0,0,0,0,0,0,0,0,0,0,0,0,0,0,0,0,0,0,0,0,0,0,0,0,0,0,0,0,0,0,0,0,0,0,0,0,0,0,0,0,0,0,0,0,0,0,0,0,0,0,0,0,0,0,0,0,0,0,0,0,0,0,0,0,0,0,0,0,0,0,0,0,0,0,1,2.45793156762571
Adair County Sheriff's Office,1989-09-01,Missouri,8047,MO00100,0,0,0,0,0,0,0,0,0,0,0,0,0,0,0,0,0,0,0,0,0,0,0,0,0,0,0,0,0,0,0,0,0,0,0,0,0,0,0,0,0,0,0,0,0,0,0,0,0,0,0,0,0,0,0,0,0,0,0,0,0,0,0,0,0,0,0,0,0,0,0,0,0,0,0,0,0,0,0,0,0,0,0,0,0,0,0,0,0,0,0,1,2.45793156762571
Adair County Sheriff's Office,1989-10-01,Missouri,8047,MO00100,0,0,0,0,0,0,0,0,0,0,0,0,0,0,0,0,0,0,0,0,0,0,0,0,0,0,0,0,0,0,0,0,0,0,0,0,0,0,0,0,0,0,0,0,0,0,0,0,0,0,0,0,0,0,0,0,0,0,0,0,0,0,0,0,0,0,0,0,0,0,0,0,0,0,0,0,0,0,0,0,0,0,0,0,0,0,0,0,0,0,0,1,2.45793156762571
Adair County Sheriff's Office,1989-11-01,Missouri,8047,MO00100,0,0,0,0,0,0,0,0,0,0,0,0,0,0,0,0,0,0,0,0,0,0,0,0,0,0,0,0,0,0,0,0,0,0,0,0,0,0,0,0,0,0,0,0,0,0,0,0,0,0,0,0,0,0,0,0,0,0,0,0,0,0,0,0,0,0,0,0,0,0,0,0,0,0,0,0,0,0,0,0,0,0,0,0,0,0,0,0,0,0,0,1,2.45793156762571
Adair County Sheriff's Office,1989-12-01,Missouri,8047,MO00100,0,0,0,0,0,0,0,0,0,0,0,0,0,0,0,0,0,0,0,0,0,0,0,0,0,0,0,0,0,0,0,0,0,0,0,0,0,0,0,0,0,0,0,0,0,0,0,0,0,0,0,0,0,0,0,0,0,0,0,0,0,0,0,0,0,0,0,0,0,0,0,0,0,0,0,0,0,0,0,0,0,0,0,0,0,0,0,0,0,0,0,1,2.45793156762571
Adair County Sheriff's Office,1990-01-01,Missouri,7425,MO00100,0,0,0,0,0,0,0,0,0,0,0,0,0,0,0,0,0,0,0,0,0,0,0,0,0,0,0,0,0,0,0,0,0,0,0,0,0,0,0,0,0,0,0,0,0,0,0,0,0,0,0,0,0,0,0,0,0,0,0,0,0,0,0,0,0,0,0,0,0,0,0,0,0,0,0,0,0,0,0,0,0,0,0,0,0,0,0,0,0,0,0,1,2.33204860003827
Adair County Sheriff's Office,1990-02-01,Missouri,7425,MO00100,0,0,0,0,0,0,0,0,0,0,0,0,0,0,0,0,0,0,0,0,0,0,0,0,0,0,0,0,0,0,0,0,0,0,0,0,0,0,0,0,0,0,0,0,0,0,0,0,0,0,0,0,0,0,0,0,0,0,0,0,0,0,0,0,0,0,0,0,0,0,0,0,0,0,0,0,0,0,0,0,0,0,0,0,0,0,0,0,0,0,0,1,2.33204860003827
Adair County Sheriff's Office,1990-03-01,Missouri,7425,MO00100,0,0,0,0,0,0,0,0,0,0,0,0,0,0,0,0,0,0,0,0,0,0,0,0,0,0,0,0,0,0,0,0,0,0,0,0,0,0,0,0,0,0,0,0,0,0,0,0,0,0,0,0,0,0,0,0,0,0,0,0,0,0,0,0,0,0,0,0,0,0,0,0,0,0,0,0,0,0,0,0,0,0,0,0,0,0,0,0,0,0,0,1,2.33204860003827
Adair County Sheriff's Office,1990-04-01,Missouri,7425,MO00100,0,0,0,0,0,0,0,0,0,0,0,0,0,0,0,0,0,0,0,0,0,0,0,0,0,0,0,0,0,0,0,0,0,0,0,0,0,0,0,0,0,0,0,0,0,0,0,0,0,0,0,0,0,0,0,0,0,0,0,0,0,0,0,0,0,0,0,0,0,0,0,0,0,0,0,0,0,0,0,0,0,0,0,0,0,0,0,0,0,0,0,1,2.33204860003827
Adair County Sheriff's Office,1990-05-01,Missouri,7425,MO00100,0,0,0,0,0,0,0,0,0,0,0,0,0,0,0,0,0,0,0,0,0,0,0,0,0,0,0,0,0,0,0,0,0,0,0,0,0,0,0,0,0,0,0,0,0,0,0,0,0,0,0,0,0,0,0,0,0,0,0,0,0,0,0,0,0,0,0,0,0,0,0,0,0,0,0,0,0,0,0,0,0,0,0,0,0,0,0,0,0,0,0,1,2.33204860003827
Adair County Sheriff's Office,1990-06-01,Missouri,7425,MO00100,0,0,0,0,0,0,0,0,0,0,0,0,0,0,0,0,0,0,0,0,0,0,0,0,0,0,0,0,0,0,0,0,0,0,0,0,0,0,0,0,0,0,0,0,0,0,0,0,0,0,0,0,0,0,0,0,0,0,0,0,0,0,0,0,0,0,0,0,0,0,0,0,0,0,0,0,0,0,0,0,0,0,0,0,0,0,0,0,0,0,0,1,2.33204860003827
Adair County Sheriff's Office,1990-07-01,Missouri,7425,MO00100,0,0,0,0,0,0,0,0,0,0,0,0,0,0,0,0,0,0,0,0,0,0,0,0,0,0,0,0,0,0,0,0,0,0,0,0,0,0,0,0,0,0,0,0,0,0,0,0,0,0,0,0,0,0,0,0,0,0,0,0,0,0,0,0,0,0,0,0,0,0,0,0,0,0,0,0,0,0,0,0,0,0,0,0,0,0,0,0,0,0,0,1,2.33204860003827
Adair County Sheriff's Office,1990-08-01,Missouri,7425,MO00100,0,0,0,0,0,0,0,0,0,0,0,0,0,0,0,0,0,0,0,0,0,0,0,0,0,0,0,0,0,0,0,0,0,0,0,0,0,0,0,0,0,0,0,0,0,0,0,0,0,0,0,0,0,0,0,0,0,0,0,0,0,0,0,0,0,0,0,0,0,0,0,0,0,0,0,0,0,0,0,0,0,0,0,0,0,0,0,0,0,0,0,1,2.33204860003827
Adair County Sheriff's Office,1990-09-01,Missouri,7425,MO00100,0,0,0,0,0,0,0,0,0,0,0,0,0,0,0,0,0,0,0,0,0,0,0,0,0,0,0,0,0,0,0,0,0,0,0,0,0,0,0,0,0,0,0,0,0,0,0,0,0,0,0,0,0,0,0,0,0,0,0,0,0,0,0,0,0,0,0,0,0,0,0,0,0,0,0,0,0,0,0,0,0,0,0,0,0,0,0,0,0,0,0,1,2.33204860003827
Adair County Sheriff's Office,1990-10-01,Missouri,7425,MO00100,0,0,0,0,0,0,0,0,0,0,0,0,0,0,0,0,0,0,0,0,0,0,0,0,0,0,0,0,0,0,0,0,0,0,0,0,0,0,0,0,0,0,0,0,0,0,0,0,0,0,0,0,0,0,0,0,0,0,0,0,0,0,0,0,0,0,0,0,0,0,0,0,0,0,0,0,0,0,0,0,0,0,0,0,0,0,0,0,0,0,0,1,2.33204860003827
Adair County Sheriff's Office,1990-11-01,Missouri,7425,MO00100,0,0,0,0,0,0,0,0,0,0,0,0,0,0,0,0,0,0,0,0,0,0,0,0,0,0,0,0,0,0,0,0,0,0,0,0,0,0,0,0,0,0,0,0,0,0,0,0,0,0,0,0,0,0,0,0,0,0,0,0,0,0,0,0,0,0,0,0,0,0,0,0,0,0,0,0,0,0,0,0,0,0,0,0,0,0,0,0,0,0,0,1,2.33204860003827
Adair County Sheriff's Office,1990-12-01,Missouri,7425,MO00100,0,0,0,0,0,0,0,0,0,0,0,0,0,0,0,0,0,0,0,0,0,0,0,0,0,0,0,0,0,0,0,0,0,0,0,0,0,0,0,0,0,0,0,0,0,0,0,0,0,0,0,0,0,0,0,0,0,0,0,0,0,0,0,0,0,0,0,0,0,0,0,0,0,0,0,0,0,0,0,0,0,0,0,0,0,0,0,0,0,0,0,1,2.33204860003827
Adair County Sheriff's Office,1991-01-01,Missouri,7484,MO00100,0,0,0,0,0,0,0,0,0,0,0,0,0,0,0,0,0,0,0,0,0,0,0,0,0,0,0,0,0,0,0,0,0,0,0,0,0,0,0,0,0,0,0,0,0,0,0,0,0,0,0,0,0,0,0,0,0,0,0,0,0,0,0,0,0,0,0,0,0,0,0,0,0,0,0,0,0,0,0,0,0,0,0,0,0,0,0,0,0,0,0,1,2.23729976136572
Adair County Sheriff's Office,1991-02-01,Missouri,7484,MO00100,0,0,0,0,0,0,0,0,0,0,0,0,0,0,0,0,0,0,0,0,0,0,0,0,0,0,0,0,0,0,0,0,0,0,0,0,0,0,0,0,0,0,0,0,0,0,0,0,0,0,0,0,0,0,0,0,0,0,0,0,0,0,0,0,0,0,0,0,0,0,0,0,0,0,0,0,0,0,0,0,0,0,0,0,0,0,0,0,0,0,0,1,2.23729976136572
Adair County Sheriff's Office,1991-03-01,Missouri,7484,MO00100,0,0,0,0,0,0,0,0,0,0,0,0,0,0,0,0,0,0,0,0,0,0,0,0,0,0,0,0,0,0,0,0,0,0,0,0,0,0,0,0,0,0,0,0,0,0,0,0,0,0,0,0,0,0,0,0,0,0,0,0,0,0,0,0,0,0,0,0,0,0,0,0,0,0,0,0,0,0,0,0,0,0,0,0,0,0,0,0,0,0,0,1,2.23729976136572
Adair County Sheriff's Office,1991-04-01,Missouri,7484,MO00100,0,0,0,0,0,0,0,0,0,0,0,0,0,0,0,0,0,0,0,0,0,0,0,0,0,0,0,0,0,0,0,0,0,0,0,0,0,0,0,0,0,0,0,0,0,0,0,0,0,0,0,0,0,0,0,0,0,0,0,0,0,0,0,0,0,0,0,0,0,0,0,0,0,0,0,0,0,0,0,0,0,0,0,0,0,0,0,0,0,0,0,1,2.23729976136572
Adair County Sheriff's Office,1991-05-01,Missouri,7484,MO00100,0,0,0,0,0,0,0,0,0,0,0,0,0,0,0,0,0,0,0,0,0,0,0,0,0,0,0,0,0,0,0,0,0,0,0,0,0,0,0,0,0,0,0,0,0,0,0,0,0,0,0,0,0,0,0,0,0,0,0,0,0,0,0,0,0,0,0,0,0,0,0,0,0,0,0,0,0,0,0,0,0,0,0,0,0,0,0,0,0,0,0,1,2.23729976136572
Adair County Sheriff's Office,1991-06-01,Missouri,7484,MO00100,0,0,0,0,0,0,0,0,0,0,0,0,0,0,0,0,0,0,0,0,0,0,0,0,0,0,0,0,0,0,0,0,0,0,0,0,0,0,0,0,0,0,0,0,0,0,0,0,0,0,0,0,0,0,0,0,0,0,0,0,0,0,0,0,0,0,0,0,0,0,0,0,0,0,0,0,0,0,0,0,0,0,0,0,0,0,0,0,0,0,0,1,2.23729976136572
Adair County Sheriff's Office,1991-07-01,Missouri,7484,MO00100,0,0,0,0,0,0,0,0,0,0,0,0,0,0,0,0,0,0,0,0,0,0,0,0,0,0,0,0,0,0,0,0,0,0,0,0,0,0,0,0,0,0,0,0,0,0,0,0,0,0,0,0,0,0,0,0,0,0,0,0,0,0,0,0,0,0,0,0,0,0,0,0,0,0,0,0,0,0,0,0,0,0,0,0,0,0,0,0,0,0,0,1,2.23729976136572
Adair County Sheriff's Office,1991-08-01,Missouri,7484,MO00100,0,0,0,0,0,0,0,0,0,0,0,0,0,0,0,0,0,0,0,0,0,0,0,0,0,0,0,0,0,0,0,0,0,0,0,0,0,0,0,0,0,0,0,0,0,0,0,0,0,0,0,0,0,0,0,0,0,0,0,0,0,0,0,0,0,0,0,0,0,0,0,0,0,0,0,0,0,0,0,0,0,0,0,0,0,0,0,0,0,0,0,1,2.23729976136572
Adair County Sheriff's Office,1991-09-01,Missouri,7484,MO00100,0,0,0,0,0,0,0,0,0,0,0,0,0,0,0,0,0,0,0,0,0,0,0,0,0,0,0,0,0,0,0,0,0,0,0,0,0,0,0,0,0,0,0,0,0,0,0,0,0,0,0,0,0,0,0,0,0,0,0,0,0,0,0,0,0,0,0,0,0,0,0,0,0,0,0,0,0,0,0,0,0,0,0,0,0,0,0,0,0,0,0,1,2.23729976136572
Adair County Sheriff's Office,1991-10-01,Missouri,7484,MO00100,0,0,0,0,0,0,0,0,0,0,0,0,0,0,0,0,0,0,0,0,0,0,0,0,0,0,0,0,0,0,0,0,0,0,0,0,0,0,0,0,0,0,0,0,0,0,0,0,0,0,0,0,0,0,0,0,0,0,0,0,0,0,0,0,0,0,0,0,0,0,0,0,0,0,0,0,0,0,0,0,0,0,0,0,0,0,0,0,0,0,0,1,2.23729976136572
Adair County Sheriff's Office,1991-11-01,Missouri,7484,MO00100,0,0,0,0,0,0,0,0,0,0,0,0,0,0,0,0,0,0,0,0,0,0,0,0,0,0,0,0,0,0,0,0,0,0,0,0,0,0,0,0,0,0,0,0,0,0,0,0,0,0,0,0,0,0,0,0,0,0,0,0,0,0,0,0,0,0,0,0,0,0,0,0,0,0,0,0,0,0,0,0,0,0,0,0,0,0,0,0,0,0,0,1,2.23729976136572
Adair County Sheriff's Office,1991-12-01,Missouri,7484,MO00100,0,0,0,0,0,0,0,0,0,0,0,0,0,0,0,0,0,0,0,0,0,0,0,0,0,0,0,0,0,0,0,0,0,0,0,0,0,0,0,0,0,0,0,0,0,0,0,0,0,0,0,0,0,0,0,0,0,0,0,0,0,0,0,0,0,0,0,0,0,0,0,0,0,0,0,0,0,0,0,0,0,0,0,0,0,0,0,0,0,0,0,1,2.23729976136572
Adair County Sheriff's Office,1992-01-01,Missouri,7534,MO00100,0,0,0,0,0,0,0,0,0,0,0,0,0,0,0,0,0,0,0,0,0,0,0,0,0,0,0,0,0,0,0,0,0,0,0,0,0,0,0,0,0,0,0,0,0,0,0,0,0,0,0,0,0,0,0,0,0,0,0,0,0,0,0,0,0,0,0,0,0,0,0,0,0,0,0,0,0,0,0,0,0,0,0,0,0,0,0,0,0,0,0,1,2.17152809122224
Adair County Sheriff's Office,1992-02-01,Missouri,7534,MO00100,0,0,0,0,0,0,0,0,0,0,0,0,0,0,0,0,0,0,0,0,0,0,0,0,0,0,0,0,0,0,0,0,0,0,0,0,0,0,0,0,0,0,0,0,0,0,0,0,0,0,0,0,0,0,0,0,0,0,0,0,0,0,0,0,0,0,0,0,0,0,0,0,0,0,0,0,0,0,0,0,0,0,0,0,0,0,0,0,0,0,0,1,2.17152809122224
Adair County Sheriff's Office,1992-03-01,Missouri,7534,MO00100,0,0,0,0,0,0,0,0,0,0,0,0,0,0,0,0,0,0,0,0,0,0,0,0,0,0,0,0,0,0,0,0,0,0,0,0,0,0,0,0,0,0,0,0,0,0,0,0,0,0,0,0,0,0,0,0,0,0,0,0,0,0,0,0,0,0,0,0,0,0,0,0,0,0,0,0,0,0,0,0,0,0,0,0,0,0,0,0,0,0,0,1,2.17152809122224
Adair County Sheriff's Office,1992-04-01,Missouri,7534,MO00100,0,0,0,0,0,0,0,0,0,0,0,0,0,0,0,0,0,0,0,0,0,0,0,0,0,0,0,0,0,0,0,0,0,0,0,0,0,0,0,0,0,0,0,0,0,0,0,0,0,0,0,0,0,0,0,0,0,0,0,0,0,0,0,0,0,0,0,0,0,0,0,0,0,0,0,0,0,0,0,0,0,0,0,0,0,0,0,0,0,0,0,1,2.17152809122224
Adair County Sheriff's Office,1992-05-01,Missouri,7534,MO00100,0,0,0,0,0,0,0,0,0,0,0,0,0,0,0,0,0,0,0,0,0,0,0,0,0,0,0,0,0,0,0,0,0,0,0,0,0,0,0,0,0,0,0,0,0,0,0,0,0,0,0,0,0,0,0,0,0,0,0,0,0,0,0,0,0,0,0,0,0,0,0,0,0,0,0,0,0,0,0,0,0,0,0,0,0,0,0,0,0,0,0,1,2.17152809122224
Adair County Sheriff's Office,1992-06-01,Missouri,7534,MO00100,0,0,0,0,0,0,0,0,0,0,0,0,0,0,0,0,0,0,0,0,0,0,0,0,0,0,0,0,0,0,0,0,0,0,0,0,0,0,0,0,0,0,0,0,0,0,0,0,0,0,0,0,0,0,0,0,0,0,0,0,0,0,0,0,0,0,0,0,0,0,0,0,0,0,0,0,0,0,0,0,0,0,0,0,0,0,0,0,0,0,0,1,2.17152809122224
Adair County Sheriff's Office,1992-07-01,Missouri,7534,MO00100,0,0,0,0,0,0,0,0,0,0,0,0,0,0,0,0,0,0,0,0,0,0,0,0,0,0,0,0,0,0,0,0,0,0,0,0,0,0,0,0,0,0,0,0,0,0,0,0,0,0,0,0,0,0,0,0,0,0,0,0,0,0,0,0,0,0,0,0,0,0,0,0,0,0,0,0,0,0,0,0,0,0,0,0,0,0,0,0,0,0,0,1,2.17152809122224
Adair County Sheriff's Office,1992-08-01,Missouri,7534,MO00100,0,0,0,0,0,0,0,0,0,0,0,0,0,0,0,0,0,0,0,0,0,0,0,0,0,0,0,0,0,0,0,0,0,0,0,0,0,0,0,0,0,0,0,0,0,0,0,0,0,0,0,0,0,0,0,0,0,0,0,0,0,0,0,0,0,0,0,0,0,0,0,0,0,0,0,0,0,0,0,0,0,0,0,0,0,0,0,0,0,0,0,1,2.17152809122224
Adair County Sheriff's Office,1992-09-01,Missouri,7534,MO00100,0,0,0,0,0,0,0,0,0,0,0,0,0,0,0,0,0,0,0,0,0,0,0,0,0,0,0,0,0,0,0,0,0,0,0,0,0,0,0,0,0,0,0,0,0,0,0,0,0,0,0,0,0,0,0,0,0,0,0,0,0,0,0,0,0,0,0,0,0,0,0,0,0,0,0,0,0,0,0,0,0,0,0,0,0,0,0,0,0,0,0,1,2.17152809122224
Adair County Sheriff's Office,1992-10-01,Missouri,7534,MO00100,0,0,0,0,0,0,0,0,0,0,0,0,0,0,0,0,0,0,0,0,0,0,0,0,0,0,0,0,0,0,0,0,0,0,0,0,0,0,0,0,0,0,0,0,0,0,0,0,0,0,0,0,0,0,0,0,0,0,0,0,0,0,0,0,0,0,0,0,0,0,0,0,0,0,0,0,0,0,0,0,0,0,0,0,0,0,0,0,0,0,0,1,2.17152809122224
Adair County Sheriff's Office,1992-11-01,Missouri,7534,MO00100,0,0,0,0,0,0,0,0,0,0,0,0,0,0,0,0,0,0,0,0,0,0,0,0,0,0,0,0,0,0,0,0,0,0,0,0,0,0,0,0,0,0,0,0,0,0,0,0,0,0,0,0,0,0,0,0,0,0,0,0,0,0,0,0,0,0,0,0,0,0,0,0,0,0,0,0,0,0,0,0,0,0,0,0,0,0,0,0,0,0,0,1,2.17152809122224
Adair County Sheriff's Office,1992-12-01,Missouri,7534,MO00100,0,0,0,0,0,0,0,0,0,0,0,0,0,0,0,0,0,0,0,0,0,0,0,0,0,0,0,0,0,0,0,0,0,0,0,0,0,0,0,0,0,0,0,0,0,0,0,0,0,0,0,0,0,0,0,0,0,0,0,0,0,0,0,0,0,0,0,0,0,0,0,0,0,0,0,0,0,0,0,0,0,0,0,0,0,0,0,0,0,0,0,1,2.17152809122224
Adair County Sheriff's Office,1993-01-01,Missouri,7484,MO00100,0,0,0,0,0,0,0,0,0,0,0,0,0,0,0,0,0,0,0,0,0,0,0,0,0,0,0,0,0,0,0,0,0,0,0,0,0,0,0,0,0,0,0,0,0,0,0,0,0,0,0,0,0,0,0,0,0,0,0,0,0,0,0,0,0,0,0,0,0,0,0,0,0,0,0,0,0,0,0,0,0,0,0,0,0,0,0,0,0,0,0,1,2.10926968560715
Adair County Sheriff's Office,1993-02-01,Missouri,7484,MO00100,0,0,0,0,0,0,0,0,0,0,0,0,0,0,0,0,0,0,0,0,0,0,0,0,0,0,0,0,0,0,0,0,0,0,0,0,0,0,0,0,0,0,0,0,0,0,0,0,0,0,0,0,0,0,0,0,0,0,0,0,0,0,0,0,0,0,0,0,0,0,0,0,0,0,0,0,0,0,0,0,0,0,0,0,0,0,0,0,0,0,0,1,2.10926968560715
Adair County Sheriff's Office,1993-03-01,Missouri,7484,MO00100,0,0,0,0,0,0,0,0,0,0,0,0,0,0,0,0,0,0,0,0,0,0,0,0,0,0,0,0,0,0,0,0,0,0,0,0,0,0,0,0,0,0,0,0,0,0,0,0,0,0,0,0,0,0,0,0,0,0,0,0,0,0,0,0,0,0,0,0,0,0,0,0,0,0,0,0,0,0,0,0,0,0,0,0,0,0,0,0,0,0,0,1,2.10926968560715
Adair County Sheriff's Office,1993-04-01,Missouri,7484,MO00100,0,0,0,0,0,0,0,0,0,0,0,0,0,0,0,0,0,0,0,0,0,0,0,0,0,0,0,0,0,0,0,0,0,0,0,0,0,0,0,0,0,0,0,0,0,0,0,0,0,0,0,0,0,0,0,0,0,0,0,0,0,0,0,0,0,0,0,0,0,0,0,0,0,0,0,0,0,0,0,0,0,0,0,0,0,0,0,0,0,0,0,1,2.10926968560715
Adair County Sheriff's Office,1993-05-01,Missouri,7484,MO00100,0,0,0,0,0,0,0,0,0,0,0,0,0,0,0,0,0,0,0,0,0,0,0,0,0,0,0,0,0,0,0,0,0,0,0,0,0,0,0,0,0,0,0,0,0,0,0,0,0,0,0,0,0,0,0,0,0,0,0,0,0,0,0,0,0,0,0,0,0,0,0,0,0,0,0,0,0,0,0,0,0,0,0,0,0,0,0,0,0,0,0,1,2.10926968560715
Adair County Sheriff's Office,1993-06-01,Missouri,7484,MO00100,0,0,0,0,0,0,0,0,0,0,0,0,0,0,0,0,0,0,0,0,0,0,0,0,0,0,0,0,0,0,0,0,0,0,0,0,0,0,0,0,0,0,0,0,0,0,0,0,0,0,0,0,0,0,0,0,0,0,0,0,0,0,0,0,0,0,0,0,0,0,0,0,0,0,0,0,0,0,0,0,0,0,0,0,0,0,0,0,0,0,0,1,2.10926968560715
Adair County Sheriff's Office,1993-07-01,Missouri,7484,MO00100,0,0,0,0,0,0,0,0,0,0,0,0,0,0,0,0,0,0,0,0,0,0,0,0,0,0,0,0,0,0,0,0,0,0,0,0,0,0,0,0,0,0,0,0,0,0,0,0,0,0,0,0,0,0,0,0,0,0,0,0,0,0,0,0,0,0,0,0,0,0,0,0,0,0,0,0,0,0,0,0,0,0,0,0,0,0,0,0,0,0,0,1,2.10926968560715
Adair County Sheriff's Office,1993-08-01,Missouri,7484,MO00100,0,0,0,0,0,0,0,0,0,0,0,0,0,0,0,0,0,0,0,0,0,0,0,0,0,0,0,0,0,0,0,0,0,0,0,0,0,0,0,0,0,0,0,0,0,0,0,0,0,0,0,0,0,0,0,0,0,0,0,0,0,0,0,0,0,0,0,0,0,0,0,0,0,0,0,0,0,0,0,0,0,0,0,0,0,0,0,0,0,0,0,1,2.10926968560715
Adair County Sheriff's Office,1993-09-01,Missouri,7484,MO00100,0,0,0,0,0,0,0,0,0,0,0,0,0,0,0,0,0,0,0,0,0,0,0,0,0,0,0,0,0,0,0,0,0,0,0,0,0,0,0,0,0,0,0,0,0,0,0,0,0,0,0,0,0,0,0,0,0,0,0,0,0,0,0,0,0,0,0,0,0,0,0,0,0,0,0,0,0,0,0,0,0,0,0,0,0,0,0,0,0,0,0,1,2.10926968560715
Adair County Sheriff's Office,1993-10-01,Missouri,7484,MO00100,0,0,0,0,0,0,0,0,0,0,0,0,0,0,0,0,0,0,0,0,0,0,0,0,0,0,0,0,0,0,0,0,0,0,0,0,0,0,0,0,0,0,0,0,0,0,0,0,0,0,0,0,0,0,0,0,0,0,0,0,0,0,0,0,0,0,0,0,0,0,0,0,0,0,0,0,0,0,0,0,0,0,0,0,0,0,0,0,0,0,0,1,2.10926968560715
Adair County Sheriff's Office,1993-11-01,Missouri,7484,MO00100,0,0,0,0,0,0,0,0,0,0,0,0,0,0,0,0,0,0,0,0,0,0,0,0,0,0,0,0,0,0,0,0,0,0,0,0,0,0,0,0,0,0,0,0,0,0,0,0,0,0,0,0,0,0,0,0,0,0,0,0,0,0,0,0,0,0,0,0,0,0,0,0,0,0,0,0,0,0,0,0,0,0,0,0,0,0,0,0,0,0,0,1,2.10926968560715
Adair County Sheriff's Office,1993-12-01,Missouri,7484,MO00100,0,0,0,0,0,0,0,0,0,0,0,0,0,0,0,0,0,0,0,0,0,0,0,0,0,0,0,0,0,0,0,0,0,0,0,0,0,0,0,0,0,0,0,0,0,0,0,0,0,0,0,0,0,0,0,0,0,0,0,0,0,0,0,0,0,0,0,0,0,0,0,0,0,0,0,0,0,0,0,0,0,0,0,0,0,0,0,0,0,0,0,1,2.10926968560715
Adair County Sheriff's Office,1994-01-01,Missouri,7546,MO00100,0,0,0,0,0,0,0,0,0,0,0,0,0,0,0,0,0,0,0,0,0,0,0,0,0,0,0,0,0,0,0,0,0,0,0,0,0,0,0,0,0,0,0,0,0,0,0,0,0,0,0,0,0,0,0,0,0,0,0,0,0,0,0,0,0,0,0,0,0,0,0,0,0,0,0,0,0,0,0,0,0,0,0,0,0,0,0,0,0,0,0,1,2.05566930904593
Adair County Sheriff's Office,1994-02-01,Missouri,7546,MO00100,0,0,0,0,0,0,0,0,0,0,0,0,0,0,0,0,0,0,0,0,0,0,0,0,0,0,0,0,0,0,0,0,0,0,0,0,0,0,0,0,0,0,0,0,0,0,0,0,0,0,0,0,0,0,0,0,0,0,0,0,0,0,0,0,0,0,0,0,0,0,0,0,0,0,0,0,0,0,0,0,0,0,0,0,0,0,0,0,0,0,0,1,2.05566930904593
Adair County Sheriff's Office,1994-03-01,Missouri,7546,MO00100,0,0,0,0,0,0,0,0,0,0,0,0,0,0,0,0,0,0,0,0,0,0,0,0,0,0,0,0,0,0,0,0,0,0,0,0,0,0,0,0,0,0,0,0,0,0,0,0,0,0,0,0,0,0,0,0,0,0,0,0,0,0,0,0,0,0,0,0,0,0,0,0,0,0,0,0,0,0,0,0,0,0,0,0,0,0,0,0,0,0,0,1,2.05566930904593
Adair County Sheriff's Office,1994-04-01,Missouri,7546,MO00100,0,0,0,0,0,0,0,0,0,0,0,0,0,0,0,0,0,0,0,0,0,0,0,0,0,0,0,0,0,0,0,0,0,0,0,0,0,0,0,0,0,0,0,0,0,0,0,0,0,0,0,0,0,0,0,0,0,0,0,0,0,0,0,0,0,0,0,0,0,0,0,0,0,0,0,0,0,0,0,0,0,0,0,0,0,0,0,0,0,0,0,1,2.05566930904593
Adair County Sheriff's Office,1994-05-01,Missouri,7546,MO00100,0,0,0,0,0,0,0,0,0,0,0,0,0,0,0,0,0,0,0,0,0,0,0,0,0,0,0,0,0,0,0,0,0,0,0,0,0,0,0,0,0,0,0,0,0,0,0,0,0,0,0,0,0,0,0,0,0,0,0,0,0,0,0,0,0,0,0,0,0,0,0,0,0,0,0,0,0,0,0,0,0,0,0,0,0,0,0,0,0,0,0,1,2.05566930904593
Adair County Sheriff's Office,1994-06-01,Missouri,7546,MO00100,0,0,0,0,0,0,0,0,0,0,0,0,0,0,0,0,0,0,0,0,0,0,0,0,0,0,0,0,0,0,0,0,0,0,0,0,0,0,0,0,0,0,0,0,0,0,0,0,0,0,0,0,0,0,0,0,0,0,0,0,0,0,0,0,0,0,0,0,0,0,0,0,0,0,0,0,0,0,0,0,0,0,0,0,0,0,0,0,0,0,0,1,2.05566930904593
Adair County Sheriff's Office,1994-07-01,Missouri,7546,MO00100,0,0,0,0,0,0,0,0,0,0,0,0,0,0,0,0,0,0,0,0,0,0,0,0,0,0,0,0,0,0,0,0,0,0,0,0,0,0,0,0,0,0,0,0,0,0,0,0,0,0,0,0,0,0,0,0,0,0,0,0,0,0,0,0,0,0,0,0,0,0,0,0,0,0,0,0,0,0,0,0,0,0,0,0,0,0,0,0,0,0,0,1,2.05566930904593
Adair County Sheriff's Office,1994-08-01,Missouri,7546,MO00100,0,0,0,0,0,0,0,0,0,0,0,0,0,0,0,0,0,0,0,0,0,0,0,0,0,0,0,0,0,0,0,0,0,0,0,0,0,0,0,0,0,0,0,0,0,0,0,0,0,0,0,0,0,0,0,0,0,0,0,0,0,0,0,0,0,0,0,0,0,0,0,0,0,0,0,0,0,0,0,0,0,0,0,0,0,0,0,0,0,0,0,1,2.05566930904593
Adair County Sheriff's Office,1994-09-01,Missouri,7546,MO00100,0,0,0,0,0,0,0,0,0,0,0,0,0,0,0,0,0,0,0,0,0,0,0,0,0,0,0,0,0,0,0,0,0,0,0,0,0,0,0,0,0,0,0,0,0,0,0,0,0,0,0,0,0,0,0,0,0,0,0,0,0,0,0,0,0,0,0,0,0,0,0,0,0,0,0,0,0,0,0,0,0,0,0,0,0,0,0,0,0,0,0,1,2.05566930904593
Adair County Sheriff's Office,1994-10-01,Missouri,7546,MO00100,0,0,0,0,0,0,0,0,0,0,0,0,0,0,0,0,0,0,0,0,0,0,0,0,0,0,0,0,0,0,0,0,0,0,0,0,0,0,0,0,0,0,0,0,0,0,0,0,0,0,0,0,0,0,0,0,0,0,0,0,0,0,0,0,0,0,0,0,0,0,0,0,0,0,0,0,0,0,0,0,0,0,0,0,0,0,0,0,0,0,0,1,2.05566930904593
Adair County Sheriff's Office,1994-11-01,Missouri,7546,MO00100,0,0,0,0,0,0,0,0,0,0,0,0,0,0,0,0,0,0,0,0,0,0,0,0,0,0,0,0,0,0,0,0,0,0,0,0,0,0,0,0,0,0,0,0,0,0,0,0,0,0,0,0,0,0,0,0,0,0,0,0,0,0,0,0,0,0,0,0,0,0,0,0,0,0,0,0,0,0,0,0,0,0,0,0,0,0,0,0,0,0,0,1,2.05566930904593
Adair County Sheriff's Office,1994-12-01,Missouri,7546,MO00100,0,0,0,0,0,0,0,0,0,0,0,0,0,0,0,0,0,0,0,0,0,0,0,0,0,0,0,0,0,0,0,0,0,0,0,0,0,0,0,0,0,0,0,0,0,0,0,0,0,0,0,0,0,0,0,0,0,0,0,0,0,0,0,0,0,0,0,0,0,0,0,0,0,0,0,0,0,0,0,0,0,0,0,0,0,0,0,0,0,0,0,1,2.05566930904593
Adair County Sheriff's Office,1995-01-01,Missouri,7406,MO00100,0,0,0,0,0,0,0,0,0,0,0,0,0,0,0,0,0,0,0,0,0,0,0,0,0,0,0,0,0,0,0,0,0,0,0,0,0,0,0,0,0,0,0,0,0,0,0,0,0,0,0,0,0,0,0,0,0,0,0,0,0,0,0,0,0,0,0,0,0,0,0,0,0,0,0,0,0,0,0,0,0,0,0,0,0,0,0,0,0,0,0,1,1.99957289729848
Adair County Sheriff's Office,1995-02-01,Missouri,7406,MO00100,0,0,0,0,0,0,0,0,0,0,0,0,0,0,0,0,0,0,0,0,0,0,0,0,0,0,0,0,0,0,0,0,0,0,0,0,0,0,0,0,0,0,0,0,0,0,0,0,0,0,0,0,0,0,0,0,0,0,0,0,0,0,0,0,0,0,0,0,0,0,0,0,0,0,0,0,0,0,0,0,0,0,0,0,0,0,0,0,0,0,0,1,1.99957289729848
Adair County Sheriff's Office,1995-03-01,Missouri,7406,MO00100,0,0,0,0,0,0,0,0,0,0,0,0,0,0,0,0,0,0,0,0,0,0,0,0,0,0,0,0,0,0,0,0,0,0,0,0,0,0,0,0,0,0,0,0,0,0,0,0,0,0,0,0,0,0,0,0,0,0,0,0,0,0,0,0,0,0,0,0,0,0,0,0,0,0,0,0,0,0,0,0,0,0,0,0,0,0,0,0,0,0,0,1,1.99957289729848
Adair County Sheriff's Office,1995-04-01,Missouri,7406,MO00100,0,0,0,0,0,0,0,0,0,0,0,0,0,0,0,0,0,0,0,0,0,0,0,0,0,0,0,0,0,0,0,0,0,0,0,0,0,0,0,0,0,0,0,0,0,0,0,0,0,0,0,0,0,0,0,0,0,0,0,0,0,0,0,0,0,0,0,0,0,0,0,0,0,0,0,0,0,0,0,0,0,0,0,0,0,0,0,0,0,0,0,1,1.99957289729848
Adair County Sheriff's Office,1995-05-01,Missouri,7406,MO00100,0,0,0,0,0,0,0,0,0,0,0,0,0,0,0,0,0,0,0,0,0,0,0,0,0,0,0,0,0,0,0,0,0,0,0,0,0,0,0,0,0,0,0,0,0,0,0,0,0,0,0,0,0,0,0,0,0,0,0,0,0,0,0,0,0,0,0,0,0,0,0,0,0,0,0,0,0,0,0,0,0,0,0,0,0,0,0,0,0,0,0,1,1.99957289729848
Adair County Sheriff's Office,1995-06-01,Missouri,7406,MO00100,0,0,0,0,0,0,0,0,0,0,0,0,0,0,0,0,0,0,0,0,0,0,0,0,0,0,0,0,0,0,0,0,0,0,0,0,0,0,0,0,0,0,0,0,0,0,0,0,0,0,0,0,0,0,0,0,0,0,0,0,0,0,0,0,0,0,0,0,0,0,0,0,0,0,0,0,0,0,0,0,0,0,0,0,0,0,0,0,0,0,0,1,1.99957289729848
Adair County Sheriff's Office,1995-07-01,Missouri,7406,MO00100,0,0,0,0,0,0,0,0,0,0,0,0,0,0,0,0,0,0,0,0,0,0,0,0,0,0,0,0,0,0,0,0,0,0,0,0,0,0,0,0,0,0,0,0,0,0,0,0,0,0,0,0,0,0,0,0,0,0,0,0,0,0,0,0,0,0,0,0,0,0,0,0,0,0,0,0,0,0,0,0,0,0,0,0,0,0,0,0,0,0,0,1,1.99957289729848
Adair County Sheriff's Office,1995-08-01,Missouri,7406,MO00100,0,0,0,0,0,0,0,0,0,0,0,0,0,0,0,0,0,0,0,0,0,0,0,0,0,0,0,0,0,0,0,0,0,0,0,0,0,0,0,0,0,0,0,0,0,0,0,0,0,0,0,0,0,0,0,0,0,0,0,0,0,0,0,0,0,0,0,0,0,0,0,0,0,0,0,0,0,0,0,0,0,0,0,0,0,0,0,0,0,0,0,1,1.99957289729848
Adair County Sheriff's Office,1995-09-01,Missouri,7406,MO00100,0,0,0,0,0,0,0,0,0,0,0,0,0,0,0,0,0,0,0,0,0,0,0,0,0,0,0,0,0,0,0,0,0,0,0,0,0,0,0,0,0,0,0,0,0,0,0,0,0,0,0,0,0,0,0,0,0,0,0,0,0,0,0,0,0,0,0,0,0,0,0,0,0,0,0,0,0,0,0,0,0,0,0,0,0,0,0,0,0,0,0,1,1.99957289729848
Adair County Sheriff's Office,1995-10-01,Missouri,7406,MO00100,0,0,0,0,0,0,0,0,0,0,0,0,0,0,0,0,0,0,0,0,0,0,0,0,0,0,0,0,0,0,0,0,0,0,0,0,0,0,0,0,0,0,0,0,0,0,0,0,0,0,0,0,0,0,0,0,0,0,0,0,0,0,0,0,0,0,0,0,0,0,0,0,0,0,0,0,0,0,0,0,0,0,0,0,0,0,0,0,0,0,0,1,1.99957289729848
Adair County Sheriff's Office,1995-11-01,Missouri,7406,MO00100,0,0,0,0,0,0,0,0,0,0,0,0,0,0,0,0,0,0,0,0,0,0,0,0,0,0,0,0,0,0,0,0,0,0,0,0,0,0,0,0,0,0,0,0,0,0,0,0,0,0,0,0,0,0,0,0,0,0,0,0,0,0,0,0,0,0,0,0,0,0,0,0,0,0,0,0,0,0,0,0,0,0,0,0,0,0,0,0,0,0,0,1,1.99957289729848
Adair County Sheriff's Office,1995-12-01,Missouri,7406,MO00100,0,0,0,0,0,0,0,0,0,0,0,0,0,0,0,0,0,0,0,0,0,0,0,0,0,0,0,0,0,0,0,0,0,0,0,0,0,0,0,0,0,0,0,0,0,0,0,0,0,0,0,0,0,0,0,0,0,0,0,0,0,0,0,0,0,0,0,0,0,0,0,0,0,0,0,0,0,0,0,0,0,0,0,0,0,0,0,0,0,0,0,1,1.99957289729848
Adair County Sheriff's Office,1996-01-01,Missouri,7454,MO00100,0,0,0,0,0,0,0,0,0,0,0,0,0,0,0,0,0,0,0,0,0,0,0,0,0,0,0,0,0,0,0,0,0,0,0,0,0,0,0,0,0,0,0,0,0,0,0,0,0,0,0,0,0,0,0,0,0,0,0,0,0,0,0,0,0,0,0,0,0,0,0,0,0,0,0,0,0,0,0,0,0,0,0,0,0,0,0,0,0,0,0,1,1.94263043247264
Adair County Sheriff's Office,1996-02-01,Missouri,7454,MO00100,0,0,0,0,0,0,0,0,0,0,0,0,0,0,0,0,0,0,0,0,0,0,0,0,0,0,0,0,0,0,0,0,0,0,0,0,0,0,0,0,0,0,0,0,0,0,0,0,0,0,0,0,0,0,0,0,0,0,0,0,0,0,0,0,0,0,0,0,0,0,0,0,0,0,0,0,0,0,0,0,0,0,0,0,0,0,0,0,0,0,0,1,1.94263043247264
Adair County Sheriff's Office,1996-03-01,Missouri,7454,MO00100,0,0,0,0,0,0,0,0,0,0,0,0,0,0,0,0,0,0,0,0,0,0,0,0,0,0,0,0,0,0,0,0,0,0,0,0,0,0,0,0,0,0,0,0,0,0,0,0,0,0,0,0,0,0,0,0,0,0,0,0,0,0,0,0,0,0,0,0,0,0,0,0,0,0,0,0,0,0,0,0,0,0,0,0,0,0,0,0,0,0,0,1,1.94263043247264
Adair County Sheriff's Office,1996-04-01,Missouri,7454,MO00100,0,0,0,0,0,0,0,0,0,0,0,0,0,0,0,0,0,0,0,0,0,0,0,0,0,0,0,0,0,0,0,0,0,0,0,0,0,0,0,0,0,0,0,0,0,0,0,0,0,0,0,0,0,0,0,0,0,0,0,0,0,0,0,0,0,0,0,0,0,0,0,0,0,0,0,0,0,0,0,0,0,0,0,0,0,0,0,0,0,0,0,1,1.94263043247264
Adair County Sheriff's Office,1996-05-01,Missouri,7454,MO00100,0,0,0,0,0,0,0,0,0,0,0,0,0,0,0,0,0,0,0,0,0,0,0,0,0,0,0,0,0,0,0,0,0,0,0,0,0,0,0,0,0,0,0,0,0,0,0,0,0,0,0,0,0,0,0,0,0,0,0,0,0,0,0,0,0,0,0,0,0,0,0,0,0,0,0,0,0,0,0,0,0,0,0,0,0,0,0,0,0,0,0,1,1.94263043247264
Adair County Sheriff's Office,1996-06-01,Missouri,7454,MO00100,0,0,0,0,0,0,0,0,0,0,0,0,0,0,0,0,0,0,0,0,0,0,0,0,0,0,0,0,0,0,0,0,0,0,0,0,0,0,0,0,0,0,0,0,0,0,0,0,0,0,0,0,0,0,0,0,0,0,0,0,0,0,0,0,0,0,0,0,0,0,0,0,0,0,0,0,0,0,0,0,0,0,0,0,0,0,0,0,0,0,0,1,1.94263043247264
Adair County Sheriff's Office,1996-07-01,Missouri,7454,MO00100,0,0,0,0,0,0,0,0,0,0,0,0,0,0,0,0,0,0,0,0,0,0,0,0,0,0,0,0,0,0,0,0,0,0,0,0,0,0,0,0,0,0,0,0,0,0,0,0,0,0,0,0,0,0,0,0,0,0,0,0,0,0,0,0,0,0,0,0,0,0,0,0,0,0,0,0,0,0,0,0,0,0,0,0,0,0,0,0,0,0,0,1,1.94263043247264
Adair County Sheriff's Office,1996-08-01,Missouri,7454,MO00100,0,0,0,0,0,0,0,0,0,0,0,0,0,0,0,0,0,0,0,0,0,0,0,0,0,0,0,0,0,0,0,0,0,0,0,0,0,0,0,0,0,0,0,0,0,0,0,0,0,0,0,0,0,0,0,0,0,0,0,0,0,0,0,0,0,0,0,0,0,0,0,0,0,0,0,0,0,0,0,0,0,0,0,0,0,0,0,0,0,0,0,1,1.94263043247264
Adair County Sheriff's Office,1996-09-01,Missouri,7454,MO00100,0,0,0,0,0,0,0,0,0,0,0,0,0,0,0,0,0,0,0,0,0,0,0,0,0,0,0,0,0,0,0,0,0,0,0,0,0,0,0,0,0,0,0,0,0,0,0,0,0,0,0,0,0,0,0,0,0,0,0,0,0,0,0,0,0,0,0,0,0,0,0,0,0,0,0,0,0,0,0,0,0,0,0,0,0,0,0,0,0,0,0,1,1.94263043247264
Adair County Sheriff's Office,1996-10-01,Missouri,7454,MO00100,0,0,0,0,0,0,0,0,0,0,0,0,0,0,0,0,0,0,0,0,0,0,0,0,0,0,0,0,0,0,0,0,0,0,0,0,0,0,0,0,0,0,0,0,0,0,0,0,0,0,0,0,0,0,0,0,0,0,0,0,0,0,0,0,0,0,0,0,0,0,0,0,0,0,0,0,0,0,0,0,0,0,0,0,0,0,0,0,0,0,0,1,1.94263043247264
Adair County Sheriff's Office,1996-11-01,Missouri,7454,MO00100,0,0,0,0,0,0,0,0,0,0,0,0,0,0,0,0,0,0,0,0,0,0,0,0,0,0,0,0,0,0,0,0,0,0,0,0,0,0,0,0,0,0,0,0,0,0,0,0,0,0,0,0,0,0,0,0,0,0,0,0,0,0,0,0,0,0,0,0,0,0,0,0,0,0,0,0,0,0,0,0,0,0,0,0,0,0,0,0,0,0,0,1,1.94263043247264
Adair County Sheriff's Office,1996-12-01,Missouri,7454,MO00100,0,0,0,0,0,0,0,0,0,0,0,0,0,0,0,0,0,0,0,0,0,0,0,0,0,0,0,0,0,0,0,0,0,0,0,0,0,0,0,0,0,0,0,0,0,0,0,0,0,0,0,0,0,0,0,0,0,0,0,0,0,0,0,0,0,0,0,0,0,0,0,0,0,0,0,0,0,0,0,0,0,0,0,0,0,0,0,0,0,0,0,1,1.94263043247264
Adair County Sheriff's Office,1997-01-01,Missouri,7513,MO00100,0,0,0,0,0,0,0,0,0,0,0,0,0,0,0,0,0,0,0,0,0,0,0,0,0,0,0,0,0,0,0,0,0,0,0,0,0,0,0,0,0,0,0,0,0,0,0,0,0,0,0,0,0,0,0,0,0,0,0,0,0,0,0,0,0,0,0,0,0,0,0,0,0,0,0,0,0,0,0,0,0,0,0,0,0,0,0,0,0,0,0,1,1.89825511369536
Adair County Sheriff's Office,1997-02-01,Missouri,7513,MO00100,0,0,0,0,0,0,0,0,0,0,0,0,0,0,0,0,0,0,0,0,0,0,0,0,0,0,0,0,0,0,0,0,0,0,0,0,0,0,0,0,0,0,0,0,0,0,0,0,0,0,0,0,0,0,0,0,0,0,0,0,0,0,0,0,0,0,0,0,0,0,0,0,0,0,0,0,0,0,0,0,0,0,0,0,0,0,0,0,0,0,0,1,1.89825511369536
Adair County Sheriff's Office,1997-03-01,Missouri,7513,MO00100,0,0,0,0,0,0,0,0,0,0,0,0,0,0,0,0,0,0,0,0,0,0,0,0,0,0,0,0,0,0,0,0,0,0,0,0,0,0,0,0,0,0,0,0,0,0,0,0,0,0,0,0,0,0,0,0,0,0,0,0,0,0,0,0,0,0,0,0,0,0,0,0,0,0,0,0,0,0,0,0,0,0,0,0,0,0,0,0,0,0,0,1,1.89825511369536
Adair County Sheriff's Office,1997-04-01,Missouri,7513,MO00100,0,0,0,0,0,0,0,0,0,0,0,0,0,0,0,0,0,0,0,0,0,0,0,0,0,0,0,0,0,0,0,0,0,0,0,0,0,0,0,0,0,0,0,0,0,0,0,0,0,0,0,0,0,0,0,0,0,0,0,0,0,0,0,0,0,0,0,0,0,0,0,0,0,0,0,0,0,0,0,0,0,0,0,0,0,0,0,0,0,0,0,1,1.89825511369536
Adair County Sheriff's Office,1997-05-01,Missouri,7513,MO00100,0,0,0,0,0,0,0,0,0,0,0,0,0,0,0,0,0,0,0,0,0,0,0,0,0,0,0,0,0,0,0,0,0,0,0,0,0,0,0,0,0,0,0,0,0,0,0,0,0,0,0,0,0,0,0,0,0,0,0,0,0,0,0,0,0,0,0,0,0,0,0,0,0,0,0,0,0,0,0,0,0,0,0,0,0,0,0,0,0,0,0,1,1.89825511369536
Adair County Sheriff's Office,1997-06-01,Missouri,7513,MO00100,0,0,0,0,0,0,0,0,0,0,0,0,0,0,0,0,0,0,0,0,0,0,0,0,0,0,0,0,0,0,0,0,0,0,0,0,0,0,0,0,0,0,0,0,0,0,0,0,0,0,0,0,0,0,0,0,0,0,0,0,0,0,0,0,0,0,0,0,0,0,0,0,0,0,0,0,0,0,0,0,0,0,0,0,0,0,0,0,0,0,0,1,1.89825511369536
Adair County Sheriff's Office,1997-07-01,Missouri,7513,MO00100,0,0,0,0,0,0,0,0,0,0,0,0,0,0,0,0,0,0,0,0,0,0,0,0,0,0,0,0,0,0,0,0,0,0,0,0,0,0,0,0,0,0,0,0,0,0,0,0,0,0,0,0,0,0,0,0,0,0,0,0,0,0,0,0,0,0,0,0,0,0,0,0,0,0,0,0,0,0,0,0,0,0,0,0,0,0,0,0,0,0,0,1,1.89825511369536
Adair County Sheriff's Office,1997-08-01,Missouri,7513,MO00100,0,0,0,0,0,0,0,0,0,0,0,0,0,0,0,0,0,0,0,0,0,0,0,0,0,0,0,0,0,0,0,0,0,0,0,0,0,0,0,0,0,0,0,0,0,0,0,0,0,0,0,0,0,0,0,0,0,0,0,0,0,0,0,0,0,0,0,0,0,0,0,0,0,0,0,0,0,0,0,0,0,0,0,0,0,0,0,0,0,0,0,1,1.89825511369536
Adair County Sheriff's Office,1997-09-01,Missouri,7513,MO00100,0,0,0,0,0,0,0,0,0,0,0,0,0,0,0,0,0,0,0,0,0,0,0,0,0,0,0,0,0,0,0,0,0,0,0,0,0,0,0,0,0,0,0,0,0,0,0,0,0,0,0,0,0,0,0,0,0,0,0,0,0,0,0,0,0,0,0,0,0,0,0,0,0,0,0,0,0,0,0,0,0,0,0,0,0,0,0,0,0,0,0,1,1.89825511369536
Adair County Sheriff's Office,1997-10-01,Missouri,7513,MO00100,0,0,0,0,0,0,0,0,0,0,0,0,0,0,0,0,0,0,0,0,0,0,0,0,0,0,0,0,0,0,0,0,0,0,0,0,0,0,0,0,0,0,0,0,0,0,0,0,0,0,0,0,0,0,0,0,0,0,0,0,0,0,0,0,0,0,0,0,0,0,0,0,0,0,0,0,0,0,0,0,0,0,0,0,0,0,0,0,0,0,0,1,1.89825511369536
Adair County Sheriff's Office,1997-11-01,Missouri,7513,MO00100,0,0,0,0,0,0,0,0,0,0,0,0,0,0,0,0,0,0,0,0,0,0,0,0,0,0,0,0,0,0,0,0,0,0,0,0,0,0,0,0,0,0,0,0,0,0,0,0,0,0,0,0,0,0,0,0,0,0,0,0,0,0,0,0,0,0,0,0,0,0,0,0,0,0,0,0,0,0,0,0,0,0,0,0,0,0,0,0,0,0,0,1,1.89825511369536
Adair County Sheriff's Office,1997-12-01,Missouri,7513,MO00100,0,0,0,0,0,0,0,0,0,0,0,0,0,0,0,0,0,0,0,0,0,0,0,0,0,0,0,0,0,0,0,0,0,0,0,0,0,0,0,0,0,0,0,0,0,0,0,0,0,0,0,0,0,0,0,0,0,0,0,0,0,0,0,0,0,0,0,0,0,0,0,0,0,0,0,0,0,0,0,0,0,0,0,0,0,0,0,0,0,0,0,1,1.89825511369536
Adair County Sheriff's Office,1998-01-01,Missouri,7347,MO00100,0,0,0,0,0,0,0,0,0,0,0,0,0,0,0,0,0,0,0,0,0,0,0,0,0,0,0,0,0,0,0,0,0,0,0,0,0,0,0,0,0,0,0,0,0,0,0,0,0,0,0,0,0,0,0,0,0,0,0,0,0,0,0,0,0,0,0,0,0,0,0,0,0,0,0,0,0,0,0,0,0,0,0,0,0,0,0,0,0,0,0,1,1.86923930269414
Adair County Sheriff's Office,1998-02-01,Missouri,7347,MO00100,0,0,0,0,0,0,0,0,0,0,0,0,0,0,0,0,0,0,0,0,0,0,0,0,0,0,0,0,0,0,0,0,0,0,0,0,0,0,0,0,0,0,0,0,0,0,0,0,0,0,0,0,0,0,0,0,0,0,0,0,0,0,0,0,0,0,0,0,0,0,0,0,0,0,0,0,0,0,0,0,0,0,0,0,0,0,0,0,0,0,0,1,1.86923930269414
Adair County Sheriff's Office,1998-03-01,Missouri,7347,MO00100,0,0,0,0,0,0,0,0,0,0,0,0,0,0,0,0,0,0,0,0,0,0,0,0,0,0,0,0,0,0,0,0,0,0,0,0,0,0,0,0,0,0,0,0,0,0,0,0,0,0,0,0,0,0,0,0,0,0,0,0,0,0,0,0,0,0,0,0,0,0,0,0,0,0,0,0,0,0,0,0,0,0,0,0,0,0,0,0,0,0,0,1,1.86923930269414
Adair County Sheriff's Office,1998-04-01,Missouri,7347,MO00100,0,0,0,0,0,0,0,0,0,0,0,0,0,0,0,0,0,0,0,0,0,0,0,0,0,0,0,0,0,0,0,0,0,0,0,0,0,0,0,0,0,0,0,0,0,0,0,0,0,0,0,0,0,0,0,0,0,0,0,0,0,0,0,0,0,0,0,0,0,0,0,0,0,0,0,0,0,0,0,0,0,0,0,0,0,0,0,0,0,0,0,1,1.86923930269414
Adair County Sheriff's Office,1998-05-01,Missouri,7347,MO00100,0,0,0,0,0,0,0,0,0,0,0,0,0,0,0,0,0,0,0,0,0,0,0,0,0,0,0,0,0,0,0,0,0,0,0,0,0,0,0,0,0,0,0,0,0,0,0,0,0,0,0,0,0,0,0,0,0,0,0,0,0,0,0,0,0,0,0,0,0,0,0,0,0,0,0,0,0,0,0,0,0,0,0,0,0,0,0,0,0,0,0,1,1.86923930269414
Adair County Sheriff's Office,1998-06-01,Missouri,7347,MO00100,0,0,0,0,0,0,0,0,0,0,0,0,0,0,0,0,0,0,0,0,0,0,0,0,0,0,0,0,0,0,0,0,0,0,0,0,0,0,0,0,0,0,0,0,0,0,0,0,0,0,0,0,0,0,0,0,0,0,0,0,0,0,0,0,0,0,0,0,0,0,0,0,0,0,0,0,0,0,0,0,0,0,0,0,0,0,0,0,0,0,0,1,1.86923930269414
Adair County Sheriff's Office,1998-07-01,Missouri,7347,MO00100,0,0,0,0,0,0,0,0,0,0,0,0,0,0,0,0,0,0,0,0,0,0,0,0,0,0,0,0,0,0,0,0,0,0,0,0,0,0,0,0,0,0,0,0,0,0,0,0,0,0,0,0,0,0,0,0,0,0,0,0,0,0,0,0,0,0,0,0,0,0,0,0,0,0,0,0,0,0,0,0,0,0,0,0,0,0,0,0,0,0,0,1,1.86923930269414
Adair County Sheriff's Office,1998-08-01,Missouri,7347,MO00100,0,0,0,0,0,0,0,0,0,0,0,0,0,0,0,0,0,0,0,0,0,0,0,0,0,0,0,0,0,0,0,0,0,0,0,0,0,0,0,0,0,0,0,0,0,0,0,0,0,0,0,0,0,0,0,0,0,0,0,0,0,0,0,0,0,0,0,0,0,0,0,0,0,0,0,0,0,0,0,0,0,0,0,0,0,0,0,0,0,0,0,1,1.86923930269414
Adair County Sheriff's Office,1998-09-01,Missouri,7347,MO00100,0,0,0,0,0,0,0,0,0,0,0,0,0,0,0,0,0,0,0,0,0,0,0,0,0,0,0,0,0,0,0,0,0,0,0,0,0,0,0,0,0,0,0,0,0,0,0,0,0,0,0,0,0,0,0,0,0,0,0,0,0,0,0,0,0,0,0,0,0,0,0,0,0,0,0,0,0,0,0,0,0,0,0,0,0,0,0,0,0,0,0,1,1.86923930269414
Adair County Sheriff's Office,1998-10-01,Missouri,7347,MO00100,0,0,0,0,0,0,0,0,0,0,0,0,0,0,0,0,0,0,0,0,0,0,0,0,0,0,0,0,0,0,0,0,0,0,0,0,0,0,0,0,0,0,0,0,0,0,0,0,0,0,0,0,0,0,0,0,0,0,0,0,0,0,0,0,0,0,0,0,0,0,0,0,0,0,0,0,0,0,0,0,0,0,0,0,0,0,0,0,0,0,0,1,1.86923930269414
Adair County Sheriff's Office,1998-11-01,Missouri,7347,MO00100,0,0,0,0,0,0,0,0,0,0,0,0,0,0,0,0,0,0,0,0,0,0,0,0,0,0,0,0,0,0,0,0,0,0,0,0,0,0,0,0,0,0,0,0,0,0,0,0,0,0,0,0,0,0,0,0,0,0,0,0,0,0,0,0,0,0,0,0,0,0,0,0,0,0,0,0,0,0,0,0,0,0,0,0,0,0,0,0,0,0,0,1,1.86923930269414
Adair County Sheriff's Office,1998-12-01,Missouri,7347,MO00100,0,0,0,0,0,0,0,0,0,0,0,0,0,0,0,0,0,0,0,0,0,0,0,0,0,0,0,0,0,0,0,0,0,0,0,0,0,0,0,0,0,0,0,0,0,0,0,0,0,0,0,0,0,0,0,0,0,0,0,0,0,0,0,0,0,0,0,0,0,0,0,0,0,0,0,0,0,0,0,0,0,0,0,0,0,0,0,0,0,0,0,1,1.86923930269414
Adair County Sheriff's Office,1999-01-01,Missouri,7347,MO00100,0,0,0,0,0,0,0,0,0,0,0,0,0,0,0,0,0,0,0,0,0,0,0,0,0,0,0,0,0,0,0,0,0,0,0,0,0,0,0,0,0,0,0,0,0,0,0,0,0,0,0,0,0,0,0,0,0,0,0,0,0,0,0,0,0,0,0,0,0,0,0,0,0,0,0,0,0,0,0,0,0,0,0,0,0,0,0,0,0,0,0,1,1.82921556856271
Adair County Sheriff's Office,1999-02-01,Missouri,7347,MO00100,0,0,0,0,0,0,0,0,0,0,0,0,0,0,0,0,0,0,0,0,0,0,0,0,0,0,0,0,0,0,0,0,0,0,0,0,0,0,0,0,0,0,0,0,0,0,0,0,0,0,0,0,0,0,0,0,0,0,0,0,0,0,0,0,0,0,0,0,0,0,0,0,0,0,0,0,0,0,0,0,0,0,0,0,0,0,0,0,0,0,0,1,1.82921556856271
Adair County Sheriff's Office,1999-03-01,Missouri,7347,MO00100,0,0,0,0,0,0,0,0,0,0,0,0,0,0,0,0,0,0,0,0,0,0,0,0,0,0,0,0,0,0,0,0,0,0,0,0,0,0,0,0,0,0,0,0,0,0,0,0,0,0,0,0,0,0,0,0,0,0,0,0,0,0,0,0,0,0,0,0,0,0,0,0,0,0,0,0,0,0,0,0,0,0,0,0,0,0,0,0,0,0,0,1,1.82921556856271
Adair County Sheriff's Office,1999-04-01,Missouri,7347,MO00100,0,0,0,0,0,0,0,0,0,0,0,0,0,0,0,0,0,0,0,0,0,0,0,0,0,0,0,0,0,0,0,0,0,0,0,0,0,0,0,0,0,0,0,0,0,0,0,0,0,0,0,0,0,0,0,0,0,0,0,0,0,0,0,0,0,0,0,0,0,0,0,0,0,0,0,0,0,0,0,0,0,0,0,0,0,0,0,0,0,0,0,1,1.82921556856271
Adair County Sheriff's Office,1999-05-01,Missouri,7347,MO00100,0,0,0,0,0,0,0,0,0,0,0,0,0,0,0,0,0,0,0,0,0,0,0,0,0,0,0,0,0,0,0,0,0,0,0,0,0,0,0,0,0,0,0,0,0,0,0,0,0,0,0,0,0,0,0,0,0,0,0,0,0,0,0,0,0,0,0,0,0,0,0,0,0,0,0,0,0,0,0,0,0,0,0,0,0,0,0,0,0,0,0,1,1.82921556856271
Adair County Sheriff's Office,1999-06-01,Missouri,7347,MO00100,0,0,0,0,0,0,0,0,0,0,0,0,0,0,0,0,0,0,0,0,0,0,0,0,0,0,0,0,0,0,0,0,0,0,0,0,0,0,0,0,0,0,0,0,0,0,0,0,0,0,0,0,0,0,0,0,0,0,0,0,0,0,0,0,0,0,0,0,0,0,0,0,0,0,0,0,0,0,0,0,0,0,0,0,0,0,0,0,0,0,0,1,1.82921556856271
Adair County Sheriff's Office,1999-07-01,Missouri,7347,MO00100,0,0,0,0,0,0,0,0,0,0,0,0,0,0,0,0,0,0,0,0,0,0,0,0,0,0,0,0,0,0,0,0,0,0,0,0,0,0,0,0,0,0,0,0,0,0,0,0,0,0,0,0,0,0,0,0,0,0,0,0,0,0,0,0,0,0,0,0,0,0,0,0,0,0,0,0,0,0,0,0,0,0,0,0,0,0,0,0,0,0,0,1,1.82921556856271
Adair County Sheriff's Office,1999-08-01,Missouri,7347,MO00100,0,0,0,0,0,0,0,0,0,0,0,0,0,0,0,0,0,0,0,0,0,0,0,0,0,0,0,0,0,0,0,0,0,0,0,0,0,0,0,0,0,0,0,0,0,0,0,0,0,0,0,0,0,0,0,0,0,0,0,0,0,0,0,0,0,0,0,0,0,0,0,0,0,0,0,0,0,0,0,0,0,0,0,0,0,0,0,0,0,0,0,1,1.82921556856271
Adair County Sheriff's Office,1999-09-01,Missouri,7347,MO00100,0,0,0,0,0,0,0,0,0,0,0,0,0,0,0,0,0,0,0,0,0,0,0,0,0,0,0,0,0,0,0,0,0,0,0,0,0,0,0,0,0,0,0,0,0,0,0,0,0,0,0,0,0,0,0,0,0,0,0,0,0,0,0,0,0,0,0,0,0,0,0,0,0,0,0,0,0,0,0,0,0,0,0,0,0,0,0,0,0,0,0,1,1.82921556856271
Adair County Sheriff's Office,1999-10-01,Missouri,7347,MO00100,0,0,0,0,0,0,0,0,0,0,0,0,0,0,0,0,0,0,0,0,0,0,0,0,0,0,0,0,0,0,0,0,0,0,0,0,0,0,0,0,0,0,0,0,0,0,0,0,0,0,0,0,0,0,0,0,0,0,0,0,0,0,0,0,0,0,0,0,0,0,0,0,0,0,0,0,0,0,0,0,0,0,0,0,0,0,0,0,0,0,0,1,1.82921556856271
Adair County Sheriff's Office,1999-11-01,Missouri,7347,MO00100,0,0,0,0,0,0,0,0,0,0,0,0,0,0,0,0,0,0,0,0,0,0,0,0,0,0,0,0,0,0,0,0,0,0,0,0,0,0,0,0,0,0,0,0,0,0,0,0,0,0,0,0,0,0,0,0,0,0,0,0,0,0,0,0,0,0,0,0,0,0,0,0,0,0,0,0,0,0,0,0,0,0,0,0,0,0,0,0,0,0,0,1,1.82921556856271
Adair County Sheriff's Office,1999-12-01,Missouri,7347,MO00100,0,0,0,0,0,0,0,0,0,0,0,0,0,0,0,0,0,0,0,0,0,0,0,0,0,0,0,0,0,0,0,0,0,0,0,0,0,0,0,0,0,0,0,0,0,0,0,0,0,0,0,0,0,0,0,0,0,0,0,0,0,0,0,0,0,0,0,0,0,0,0,0,0,0,0,0,0,0,0,0,0,0,0,0,0,0,0,0,0,0,0,1,1.82921556856271
