agency,year,state,population,ORI,offenses_burg_resident_day,offenses_burg_resident_night,offenses_burg_resident_unk,offenses_burg_nonresident_day,offenses_burg_nonresident_night,offenses_burg_nonresident_unk,offenses_burg_total,offenses_motor_vehicle_theft,offenses_murder,offenses_rape,offenses_robbery_bank,offenses_robbery_chain_store,offenses_robbery_gas_station,offenses_robbery_highway,offenses_robbery_house,offenses_robbery_misc,offenses_robbery_residence,offenses_robbery_total,offenses_theft_under_50,offenses_theft_50_to_200,offenses_theft_over_200,offenses_theft_total,offenses_theft_auto_part,offenses_theft_bicycle,offenses_theft_coin_machine,offenses_theft_from_auto,offenses_theft_from_building,offenses_theft_pick_pocket,offenses_theft_purse_snatch,offenses_theft_shoplift,offenses_theft_all_other,auto_stolen_recover_local,auto_stolen_recovered_other,auto_theft_total,auto_stole_oth_recover_local,value_burg_resident_night,value_burg_resident_day,value_burg_resident_unk,value_burg_nonresident_night,value_burg_nonresident_day,value_burg_nonresident_unk,value_burg_total,value_motor_vehicle_theft,value_murder,value_rape,value_robbery_bank,value_robbery_chain_store,value_robbery_gas_station,value_robbery_highway,value_robbery_house,value_robbery_misc,value_robbery_residence,value_robbery_total,value_theft_under_50,value_theft_50_to_200,value_theft_over_200,value_theft_total,value_total_all_values,value_theft_auto_part,value_theft_bicycle,value_theft_coin_machine,value_theft_from_auto,value_theft_from_building,value_theft_pick_pocket,value_theft_purse_snatch,value_theft_shoplift,value_theft_all_other,value_stolen_clothing_or_fur,value_stolen_consumable_good,value_stolen_currency,value_stolen_guns,value_stolen_household_good,value_stolen_jewel_metal,value_stolen_livestock,value_stolen_local_mtr_veh,value_stolen_misc,value_stolen_office_equip,value_stolen_tv_and_radio,value_stolen_total,value_recovered_clothing_or_fur,value_recovered_consumable_good,value_recovered_currency,value_recovered_guns,value_recovered_house_good,value_recovered_jewel_metal,value_recovered_livestock,value_recovered_local_mtv_veh,value_recovered_misc,value_recovered_office_equip,value_recovered_tv_and_radio,value_recovered_total,price,in_2023_dollars
Granite County Sheriff's Office,2017-01-01,Montana,3417,MT02000,0,0,0,0,0,0,0,0,0,0,0,0,0,0,0,0,0,0,0,0,1,1,0,0,0,1,0,0,0,0,0,0,0,0,0,0,0,0,0,0,0,0,0,0,0,0,0,0,0,0,0,0,0,0,0,684,684,684,0,0,0,684,0,0,0,0,0,0,62,0,0,0,0,0,0,622,0,0,684,0,0,0,0,0,0,0,0,0,0,0,0,1,1.24307319386626
Granite County Sheriff's Office,2017-02-01,Montana,3417,MT02000,0,0,0,0,0,0,0,0,0,0,0,0,0,0,0,0,0,0,0,2,1,3,0,0,0,1,0,0,0,0,2,0,0,0,0,0,0,0,0,0,0,0,0,0,0,0,0,0,0,0,0,0,0,0,162,994,1156,1156,0,0,0,99,0,0,0,0,1057,0,0,0,0,0,0,0,4351,1156,0,0,5507,0,0,0,0,0,0,0,4351,0,0,0,4351,1,1.24307319386626
Granite County Sheriff's Office,2017-03-01,Montana,3417,MT02000,0,0,0,0,0,0,0,0,0,0,0,0,0,0,0,0,0,0,0,0,2,2,0,0,0,1,0,0,0,0,1,0,0,0,0,0,0,0,0,0,0,0,0,0,0,0,0,0,0,0,0,0,0,0,0,497,497,497,0,0,0,249,0,0,0,0,249,0,0,0,0,0,0,0,0,497,0,0,497,0,0,0,0,0,0,0,0,0,0,0,0,1,1.24307319386626
Granite County Sheriff's Office,2017-04-01,Montana,3417,MT02000,0,0,0,0,0,0,0,0,0,0,0,0,0,0,0,0,0,0,1,1,0,2,0,0,0,1,0,0,0,0,1,0,0,0,0,0,0,0,0,0,0,0,0,0,0,0,0,0,0,0,0,0,0,37,62,0,99,99,0,0,0,37,0,0,0,0,62,0,0,37,0,0,0,0,0,62,0,0,99,0,0,0,0,0,0,0,0,0,0,0,0,1,1.24307319386626
Granite County Sheriff's Office,2017-05-01,Montana,3417,MT02000,0,0,0,0,0,0,0,0,0,0,0,0,0,0,0,0,0,0,0,0,0,0,0,0,0,0,0,0,0,0,0,0,0,0,0,0,0,0,0,0,0,0,0,0,0,0,0,0,0,0,0,0,0,0,0,0,0,0,0,0,0,0,0,0,0,0,0,0,0,0,0,0,0,0,0,0,0,0,0,0,0,0,0,0,0,0,0,0,0,0,0,1,1.24307319386626
Granite County Sheriff's Office,2017-06-01,Montana,3417,MT02000,2,0,0,0,0,0,2,0,0,0,0,0,0,0,0,0,0,0,0,0,0,0,0,0,0,0,0,0,0,0,0,0,0,0,0,0,1740,0,0,0,0,1740,0,0,0,0,0,0,0,0,0,0,0,0,0,0,0,1740,0,0,0,0,0,0,0,0,0,0,0,0,1740,0,0,0,0,0,0,0,1740,0,0,0,0,0,0,0,0,0,0,0,0,1,1.24307319386626
Granite County Sheriff's Office,2017-07-01,Montana,3417,MT02000,0,0,0,0,0,0,0,0,0,0,0,0,0,0,0,0,0,0,0,0,1,1,0,0,0,0,0,0,0,0,1,0,0,0,0,0,0,0,0,0,0,0,0,0,0,0,0,0,0,0,0,0,0,0,0,17403,17403,17403,0,0,0,0,0,0,0,0,17403,0,0,0,0,0,0,0,0,17403,0,0,17403,0,0,0,0,0,0,0,0,0,0,0,0,1,1.24307319386626
Granite County Sheriff's Office,2017-08-01,Montana,3417,MT02000,0,0,0,0,0,0,0,1,0,0,0,0,0,0,0,0,0,0,0,1,2,3,0,1,0,1,0,0,0,0,1,0,0,0,0,0,0,0,0,0,0,0,932,0,0,0,0,0,0,0,0,0,0,0,93,1013,1106,2971,0,249,0,764,0,0,0,0,93,0,0,93,764,0,0,0,932,249,0,0,2039,0,0,0,0,0,0,0,0,0,0,0,0,1,1.24307319386626
Granite County Sheriff's Office,2017-09-01,Montana,3417,MT02000,1,0,0,0,0,0,1,0,0,0,0,0,0,0,0,0,0,0,2,0,3,5,0,0,0,0,0,0,0,0,5,0,0,0,0,0,25,0,0,0,0,25,0,0,0,0,0,0,0,0,0,0,0,25,0,8803,8828,8853,0,0,0,0,0,0,0,0,8828,0,32,0,0,1,0,0,0,8820,0,0,8853,0,0,0,0,0,0,0,0,0,0,0,0,1,1.24307319386626
Granite County Sheriff's Office,2017-10-01,Montana,3417,MT02000,0,0,0,0,0,0,0,0,0,0,0,0,0,0,0,0,0,0,0,0,2,2,0,0,0,1,0,0,0,0,1,0,0,0,0,0,0,0,0,0,0,0,0,0,0,0,0,0,0,0,0,0,0,0,0,870,870,870,0,0,0,373,0,0,0,0,497,0,0,0,0,0,0,0,2486,870,0,0,3356,0,0,0,0,0,0,0,2486,0,0,0,2486,1,1.24307319386626
Granite County Sheriff's Office,2017-11-01,Montana,3417,MT02000,0,0,0,0,0,0,0,0,0,0,0,0,0,0,0,0,0,0,0,0,1,1,0,0,0,1,0,0,0,0,0,0,0,0,0,0,0,0,0,0,0,0,0,0,0,0,0,0,0,0,0,0,0,0,0,622,622,622,0,0,0,622,0,0,0,0,0,0,0,0,622,0,0,0,0,0,0,0,622,0,0,0,0,0,0,0,0,0,0,0,0,1,1.24307319386626
Granite County Sheriff's Office,2017-12-01,Montana,3417,MT02000,0,0,0,0,0,0,0,0,0,0,0,0,0,0,0,0,0,0,0,1,0,1,0,0,0,1,0,0,0,0,0,0,0,0,0,0,0,0,0,0,0,0,0,0,0,0,0,0,0,0,0,0,0,0,186,0,186,186,0,0,0,186,0,0,0,0,0,0,0,0,0,0,0,0,0,186,0,0,186,0,0,0,0,0,0,0,0,0,0,0,0,1,1.24307319386626
Granite County Sheriff's Office,2018-01-01,Montana,3409,MT02000,0,0,0,0,0,0,0,0,0,0,0,0,0,0,0,0,0,0,0,0,0,0,0,0,0,0,0,0,0,0,0,0,0,0,0,0,0,0,0,0,0,0,0,0,0,0,0,0,0,0,0,0,0,0,0,0,0,0,0,0,0,0,0,0,0,0,0,0,0,0,0,0,0,0,0,0,0,0,0,0,0,0,0,0,0,0,0,0,0,0,0,1,1.21343405628813
Granite County Sheriff's Office,2018-02-01,Montana,3409,MT02000,0,0,1,0,0,0,1,0,0,0,0,0,0,0,0,0,0,0,0,2,0,2,0,0,0,1,0,0,0,0,1,0,0,0,0,0,0,0,0,0,0,0,0,0,0,0,0,0,0,0,0,0,0,0,121,0,121,121,0,0,0,61,0,0,0,0,61,0,0,0,0,0,0,0,0,121,0,0,121,0,0,0,0,0,0,0,0,0,0,0,0,1,1.21343405628813
Granite County Sheriff's Office,2018-03-01,Montana,3409,MT02000,0,0,0,0,0,0,0,0,0,0,0,0,0,0,0,0,0,0,0,1,1,2,0,0,0,1,0,0,0,0,1,0,0,0,0,0,0,0,0,0,0,0,0,0,0,0,0,0,0,0,0,0,0,0,188,303,491,491,0,0,0,188,0,0,0,0,303,0,0,0,0,0,0,0,0,491,0,0,491,0,0,0,0,0,0,0,0,0,0,0,0,1,1.21343405628813
Granite County Sheriff's Office,2018-04-01,Montana,3409,MT02000,0,0,0,0,0,0,0,1,0,0,0,0,0,0,0,0,0,0,0,1,0,1,0,0,0,1,0,0,0,0,0,0,0,0,0,0,0,0,0,0,0,0,6067,0,0,0,0,0,0,0,0,0,0,0,121,0,121,12256,0,0,0,121,0,0,0,0,0,0,0,121,0,0,0,0,6067,0,0,0,6189,0,0,0,0,0,0,0,0,0,0,0,0,1,1.21343405628813
Granite County Sheriff's Office,2018-05-01,Montana,3409,MT02000,0,0,0,0,0,0,0,0,0,0,0,0,0,0,0,0,0,0,0,0,1,1,0,0,0,0,1,0,0,0,0,0,0,0,0,0,0,0,0,0,0,0,0,0,0,0,0,0,0,0,0,0,0,0,0,13529,13529,13529,0,0,0,0,13529,0,0,0,0,0,0,0,0,0,0,0,0,12827,0,701,13529,0,0,0,0,0,0,0,0,0,0,0,0,1,1.21343405628813
Granite County Sheriff's Office,2018-06-01,Montana,3409,MT02000,0,0,0,0,0,0,0,0,0,0,0,0,0,0,0,0,0,0,0,0,0,0,0,0,0,0,0,0,0,0,0,0,0,0,0,0,0,0,0,0,0,0,0,0,0,0,0,0,0,0,0,0,0,0,0,0,0,0,0,0,0,0,0,0,0,0,0,0,0,0,0,0,0,0,0,0,0,0,0,0,0,0,0,0,0,0,0,0,0,0,0,1,1.21343405628813
Granite County Sheriff's Office,2018-07-01,Montana,3409,MT02000,0,0,0,0,0,0,0,0,0,0,0,0,0,0,0,0,0,0,0,0,1,1,0,0,0,0,0,0,0,0,1,0,0,0,0,0,0,0,0,0,0,0,0,0,0,0,0,0,0,0,0,0,0,0,0,243,243,243,0,0,0,0,0,0,0,0,243,0,0,0,0,0,0,0,0,243,0,0,243,0,0,0,0,0,0,0,0,0,0,0,0,1,1.21343405628813
Granite County Sheriff's Office,2018-08-01,Montana,3409,MT02000,0,0,0,0,0,0,0,0,0,0,0,0,0,0,0,0,0,0,2,1,1,4,0,0,0,0,1,0,0,0,3,0,0,0,0,0,0,0,0,0,0,0,0,0,0,0,0,0,0,0,0,0,0,49,61,1958,2068,2068,0,0,0,0,1958,0,0,0,109,0,0,0,0,0,0,0,0,2068,0,0,2068,0,0,0,0,0,0,0,0,0,0,0,0,1,1.21343405628813
Granite County Sheriff's Office,2018-09-01,Montana,3409,MT02000,0,1,0,0,0,0,1,0,0,0,0,0,0,0,0,0,0,0,0,0,2,2,0,0,0,0,0,0,0,0,2,0,0,0,0,0,0,0,0,0,0,0,0,0,0,0,0,0,0,0,0,0,0,0,0,7281,7281,7281,0,0,0,0,0,0,0,0,7281,0,0,0,2427,0,4854,0,0,0,0,0,7281,0,0,0,0,0,0,0,0,0,0,0,0,1,1.21343405628813
Granite County Sheriff's Office,2018-10-01,Montana,3409,MT02000,0,0,0,0,0,0,0,0,0,0,0,0,0,0,0,0,0,0,0,0,1,1,0,0,0,0,1,0,0,0,0,0,0,0,0,0,0,0,0,0,0,0,0,0,0,0,0,0,0,0,0,0,0,0,0,971,971,971,0,0,0,0,971,0,0,0,0,0,0,0,0,0,0,0,0,971,0,0,971,0,0,0,0,0,0,0,0,0,0,0,0,1,1.21343405628813
Granite County Sheriff's Office,2018-11-01,Montana,3409,MT02000,0,0,0,0,0,0,0,0,0,0,0,0,0,0,0,0,0,0,0,0,0,0,0,0,0,0,0,0,0,0,0,0,0,0,0,0,0,0,0,0,0,0,0,0,0,0,0,0,0,0,0,0,0,0,0,0,0,0,0,0,0,0,0,0,0,0,0,0,0,0,0,0,0,0,0,0,0,0,0,0,0,0,0,0,0,0,0,0,0,0,0,1,1.21343405628813
Granite County Sheriff's Office,2018-12-01,Montana,3409,MT02000,1,0,0,0,0,0,1,0,0,0,0,0,0,0,0,0,0,0,1,1,0,2,0,0,0,1,0,0,0,0,1,0,0,0,0,0,1173,0,0,0,0,1173,0,0,0,0,0,0,0,0,0,0,0,0,182,0,182,1355,0,0,0,182,0,0,0,0,0,0,0,0,0,0,0,0,0,1355,0,0,1355,0,0,0,0,0,0,0,0,0,0,0,0,1,1.21343405628813
Granite County Sheriff's Office,2019-01-01,Montana,3408,MT02000,0,0,0,0,0,0,0,0,0,0,0,0,0,0,0,0,0,0,2,0,1,3,0,0,0,0,0,0,0,0,3,0,7900,0,10790,0,0,0,0,0,0,0,0,0,0,0,0,0,0,0,0,0,0,0,0,0,0,0,0,0,0,0,1192,0,0,0,0,12,0,0,0,0,0,0,941550040,0,0,0,0,0,0,0,941550040,0,0,0,0,0,0,12,0,1,1.19183549339627
Granite County Sheriff's Office,2019-02-01,Montana,3408,MT02000,0,0,0,0,0,0,0,107900,0,0,0,0,0,0,0,0,0,0,1079000,0,0,1079000,0,0,0,0,0,0,0,0,0,0,0,0,0,0,0,0,11918355,0,0,0,0,0,0,0,0,0,0,0,0,0,0,0,0,0,0,0,11918355,0,0,0,11918,0,0,0,0,11918355,0,0,0,0,0,0,0,0,0,0,0,0,0,0,0,0,0,0,0,0,0,0,0,1,1.19183549339627
Granite County Sheriff's Office,2019-03-01,Montana,3408,MT02000,0,0,0,0,0,3,3,0,0,0,0,0,0,0,0,0,0,0,0,0,0,0,0,0,0,0,0,0,0,0,0,0,0,0,0,0,0,0,0,0,0,0,0,0,0,0,0,0,0,0,0,4171,0,0,0,0,0,0,0,417142423,0,0,417,0,0,0,0,0,0,0,0,0,0,0,0,0,0,0,0,0,0,0,0,0,0,0,119184,0,0,0,0,1,1.19183549339627
Granite County Sheriff's Office,2019-04-01,Montana,3408,MT02000,0,0,0,10000,0,0,10000,0,0,0,0,0,0,0,0,20000,0,20000,10000,0,0,10000,0,0,0,0,0,0,0,0,0,0,0,0,0,0,0,0,0,0,0,0,0,0,0,0,0,0,0,0,0,0,0,0,0,0,0,0,0,0,0,0,23836710,0,23836710,24,0,0,0,238,0,0,0,0,0,0,0,0,0,0,0,0,0,0,0,0,0,0,0,0,0,1,1.19183549339627
Granite County Sheriff's Office,2019-05-01,Montana,3408,MT02000,0,0,0,0,0,0,0,0,0,0,0,0,0,0,2000,0,0,2000,0,0,0,0,0,0,0,0,0,0,0,0,0,0,0,0,0,0,0,0,11918,0,0,0,0,0,0,0,0,11918355,0,0,0,0,0,0,0,119184,0,0,0,0,0,0,0,0,0,0,0,0,0,0,0,0,0,0,0,0,0,0,0,0,0,0,0,0,0,0,0,0,0,0,0,1,1.19183549339627
Granite County Sheriff's Office,2019-06-01,Montana,3408,MT02000,0,0,0,0,0,0,0,0,0,0,0,0,0,0,0,0,0,0,0,0,0,0,0,0,0,0,0,0,0,0,0,0,0,0,0,0,0,0,0,0,0,0,0,0,0,0,0,0,0,0,0,0,0,0,0,0,0,0,0,0,0,0,0,0,0,0,0,0,0,0,119184,0,0,0,0,0,0,0,0,0,0,0,357550648,3576,0,11918355,0,119,0,0,0,1,1.19183549339627
Granite County Sheriff's Office,2019-07-01,Montana,3408,MT02000,0,0,0,0,0,0,0,0,0,0,0,0,0,10,0,0,0,10,0,0,0,0,0,0,0,0,0,0,0,0,0,0,0,0,0,0,0,0,83428,0,0,83,0,0,0,0,0,0,0,0,0,0,0,0,0,0,83428485,0,0,0,0,83,0,0,0,0,0,0,0,0,0,0,0,0,0,0,0,0,0,0,0,0,83428485,0,0,0,0,0,0,0,83428485,1,1.19183549339627
Granite County Sheriff's Office,2019-08-01,Montana,3408,MT02000,0,0,0,0,0,0,0,0,0,0,0,0,0,0,0,0,0,0,0,0,0,0,0,0,0,0,0,0,0,0,0,0,0,0,0,0,0,0,0,0,0,0,0,0,0,0,0,0,0,0,0,0,0,0,0,0,0,0,0,0,0,0,0,0,0,0,0,0,0,0,0,0,0,0,0,0,0,0,0,0,0,0,0,0,0,0,0,0,0,0,0,1,1.19183549339627
Granite County Sheriff's Office,2019-09-01,Montana,3408,MT02000,0,0,0,0,0,0,0,0,0,0,0,0,0,0,0,0,0,0,0,0,0,0,0,0,0,0,0,0,0,0,0,0,0,0,0,0,0,0,0,0,0,0,0,0,0,0,0,0,0,0,0,0,0,0,0,0,0,0,0,0,0,0,0,0,0,0,0,0,0,0,0,0,0,0,0,0,0,0,0,0,0,0,0,0,0,0,0,0,0,0,0,1,1.19183549339627
Granite County Sheriff's Office,2019-10-01,Montana,3408,MT02000,0,0,0,0,0,0,0,0,0,0,0,0,0,0,0,0,0,0,0,0,0,0,0,0,0,0,0,0,0,0,0,0,0,0,0,0,0,0,0,0,0,0,0,0,0,0,0,0,0,0,0,0,0,0,0,0,0,0,0,0,0,0,0,0,0,0,0,0,0,0,0,0,0,0,0,0,0,0,0,0,0,0,0,0,0,0,0,0,0,0,0,1,1.19183549339627
Granite County Sheriff's Office,2019-11-01,Montana,3408,MT02000,0,0,0,0,0,0,0,0,0,0,0,0,0,0,0,0,0,0,0,0,0,0,0,0,0,0,0,0,0,0,0,0,0,0,0,0,0,0,0,0,0,0,0,0,0,0,0,0,0,0,0,0,0,0,0,0,0,0,0,0,0,0,0,0,0,0,0,0,0,0,0,0,0,0,0,0,0,0,0,0,0,0,0,0,0,0,0,0,0,0,0,1,1.19183549339627
Granite County Sheriff's Office,2019-12-01,Montana,3408,MT02000,0,0,0,0,0,0,0,0,0,0,0,0,0,0,0,0,0,0,0,0,0,0,0,0,0,0,0,0,0,0,0,0,0,0,0,0,0,0,0,0,0,0,0,0,0,0,0,0,0,0,0,0,0,0,0,0,0,0,0,0,0,0,0,11918,0,0,0,119184,0,0,0,0,0,0,0,0,119,0,0,0,0,11918,0,0,0,0,0,0,0,0,0,1,1.19183549339627
Granite County Sheriff's Office,2020-01-01,Montana,3422,MT02000,0,0,0,0,0,0,0,0,0,0,0,0,0,0,0,0,0,0,0,0,1,1,0,0,0,0,0,0,0,0,1,0,0,0,10000,0,0,0,0,0,0,0,0,0,0,0,0,0,0,0,0,0,0,0,0,0,0,0,0,0,0,0,1177,0,0,0,0,12,0,0,0,0,0,0,0,0,0,0,0,0,0,0,0,0,0,0,0,0,0,12,0,1,1.17731235192711
Granite County Sheriff's Office,2020-02-01,Montana,3422,MT02000,0,0,0,0,0,0,0,100000,0,0,0,0,0,0,0,0,0,0,1000000,0,0,1000000,0,0,0,0,0,0,0,0,0,0,0,0,0,0,0,0,0,0,0,0,0,0,0,0,0,0,0,0,0,0,0,0,0,0,0,0,0,0,0,0,0,0,0,0,0,0,0,0,0,0,0,0,0,0,0,0,0,0,0,0,0,0,0,0,0,0,0,0,0,1,1.17731235192711
Granite County Sheriff's Office,2020-03-01,Montana,3422,MT02000,0,0,0,0,0,0,0,0,0,0,0,0,0,0,0,0,0,0,0,0,0,0,0,0,0,0,0,0,0,0,0,0,0,0,0,0,0,0,0,0,0,0,0,0,0,0,0,0,0,0,0,0,0,0,0,0,0,0,0,0,0,0,0,0,0,0,0,0,0,0,0,0,0,0,0,0,0,0,0,0,0,0,0,0,0,0,0,0,0,0,0,1,1.17731235192711
Granite County Sheriff's Office,2020-04-01,Montana,3422,MT02000,0,0,0,0,0,0,0,0,0,0,0,0,0,0,0,0,0,0,0,0,0,0,0,0,0,0,0,0,0,0,0,0,0,0,0,0,0,0,0,0,0,0,0,0,0,0,0,0,0,0,0,0,0,0,0,0,0,0,0,0,0,0,0,0,0,0,0,0,0,0,0,0,0,0,0,0,0,0,0,0,0,0,0,0,0,0,0,0,0,0,0,1,1.17731235192711
Granite County Sheriff's Office,2020-05-01,Montana,3422,MT02000,0,0,0,0,0,0,0,0,0,0,0,0,0,0,0,0,0,0,0,0,0,0,0,0,0,0,0,0,0,0,0,0,0,0,0,0,0,0,0,0,0,0,0,0,0,0,0,0,0,0,0,0,0,0,0,0,0,0,0,0,0,0,0,0,0,0,0,0,0,0,0,0,0,0,0,0,0,0,0,0,0,0,0,0,0,0,0,0,0,0,0,1,1.17731235192711
Granite County Sheriff's Office,2020-06-01,Montana,3422,MT02000,0,0,0,0,0,0,0,0,0,0,0,0,0,0,0,0,0,0,0,0,0,0,0,0,0,0,0,0,0,0,0,0,0,0,0,0,0,0,0,0,0,0,0,0,0,0,0,0,0,0,0,0,0,0,0,0,0,0,0,0,0,0,0,0,0,0,0,0,0,0,0,0,0,0,0,0,0,0,0,0,0,0,0,0,0,0,0,0,0,0,0,1,1.17731235192711
Granite County Sheriff's Office,2020-07-01,Montana,3422,MT02000,0,0,0,0,0,0,0,0,0,0,0,0,0,0,0,0,0,0,0,0,0,0,0,0,0,0,0,0,0,0,0,0,0,0,0,0,0,0,0,0,0,0,0,0,0,0,0,0,0,0,0,0,0,0,0,0,0,0,0,0,0,0,0,0,0,0,0,0,0,0,0,0,0,0,0,0,0,0,0,0,0,0,0,0,0,0,0,0,0,0,0,1,1.17731235192711
Granite County Sheriff's Office,2020-08-01,Montana,3422,MT02000,0,0,0,0,0,0,0,0,0,0,0,0,0,0,0,0,0,0,0,0,0,0,0,0,0,0,0,0,0,0,0,0,0,0,0,0,0,0,0,0,0,0,0,0,0,0,0,0,0,0,0,0,0,0,0,0,0,0,0,0,0,0,0,0,0,0,0,0,0,0,0,0,0,0,0,0,0,0,0,0,0,0,0,0,0,0,0,0,0,0,0,1,1.17731235192711
Granite County Sheriff's Office,2020-09-01,Montana,3422,MT02000,0,0,0,0,0,0,0,0,0,0,0,0,0,0,0,0,0,0,0,0,0,0,0,0,0,0,0,0,0,0,0,100,0,0,0,0,0,0,0,0,0,0,0,0,0,0,0,0,0,0,0,0,0,0,0,0,0,0,0,0,0,0,0,0,0,0,0,0,1177312,0,0,0,0,0,0,1177,0,0,117731,11773,0,0,0,0,118,11773,0,0,0,0,0,1,1.17731235192711
Granite County Sheriff's Office,2020-10-01,Montana,3422,MT02000,0,0,0,0,0,0,0,0,0,0,0,0,0,0,0,0,0,0,0,0,0,0,1100000,0,0,0,0,0,0,0,0,0,0,0,0,1,15305061,0,0,0,0,0,0,0,12950436,1177,0,0,1177,0,0,0,1177,0,0,0,0,0,0,0,0,0,0,0,0,1,0,0,0,1,0,0,0,12950436,0,0,0,0,0,14127748,1,1177312,0,0,1,0,0,0,0,0,0,1,1.17731235192711
Granite County Sheriff's Office,2020-11-01,Montana,3422,MT02000,0,0,100,0,0,0,100,0,0,0,0,0,0,0,0,0,0,0,0,0,0,0,0,0,0,0,0,0,0,0,0,0,0,0,0,0,0,0,0,0,0,0,0,0,0,0,0,0,0,0,0,0,0,0,0,0,0,0,0,0,0,0,0,0,0,0,0,0,0,0,0,0,0,0,0,0,0,0,0,0,0,0,0,0,0,0,0,0,0,0,0,1,1.17731235192711
Granite County Sheriff's Office,2020-12-01,Montana,3422,MT02000,0,0,0,0,0,0,0,0,0,0,0,0,0,0,0,0,0,0,0,0,0,0,0,0,0,0,0,0,0,0,0,0,0,0,0,0,0,0,0,0,0,0,0,0,0,0,0,0,0,0,0,0,0,0,0,0,0,0,0,0,0,0,0,11773,0,0,0,117731,0,0,0,12,0,0,11773125,0,353,11773,0,0,0,23546,0,0,0,0,0,0,0,0,0,1,1.17731235192711
Granite County Sheriff's Office,2021-01-01,Montana,3385,MT02000,0,1,0,0,0,0,1,0,0,0,0,0,0,0,0,0,0,0,0,1,2,3,2,0,0,0,0,0,0,0,1,0,0,0,24300,0,0,0,0,0,0,0,0,0,0,0,0,0,0,0,0,0,0,0,56224280,0,0,0,0,56224280,0,0,2519,0,0,0,213652,27,0,0,0,0,0,0,899588484,0,0,0,24626235,0,0,0,449794242,0,0,0,0,0,0,2,0,1,1.12448560525052
Granite County Sheriff's Office,2021-02-01,Montana,3385,MT02000,0,0,0,0,0,0,0,248000,0,0,0,0,0,0,0,0,0,0,2480000,0,0,2480000,0,0,0,0,0,0,0,0,0,0,0,0,0,0,0,0,0,0,0,0,0,0,0,0,0,0,0,0,0,0,0,0,0,0,0,0,0,0,0,0,0,0,0,0,0,0,0,0,0,0,0,0,0,0,0,0,0,0,0,0,0,0,0,0,0,0,0,0,0,1,1.12448560525052
Granite County Sheriff's Office,2021-03-01,Montana,3385,MT02000,0,0,0,0,0,0,0,0,0,0,0,0,0,0,0,0,0,0,0,0,0,0,0,0,0,0,0,0,0,0,0,0,0,0,0,0,0,0,0,0,0,0,0,0,0,0,0,0,0,0,0,0,0,0,0,0,0,0,0,0,0,0,0,0,0,0,0,0,0,0,0,0,0,0,0,0,0,0,0,0,0,0,0,0,0,0,112449,0,0,0,0,1,1.12448560525052
Granite County Sheriff's Office,2021-04-01,Montana,3385,MT02000,0,0,0,0,0,0,0,0,0,0,0,10000,0,0,10000,0,0,20000,0,0,0,0,0,0,0,0,0,0,0,0,0,0,0,0,0,0,0,0,0,0,52626,0,0,0,0,0,0,0,0,0,0,0,0,899588484,52,0,0,0,0,52,0,0,899588484,0,0,0,0,0,0,0,0,0,0,0,0,0,0,0,0,0,0,0,0,0,0,0,50714301,0,0,224897121,0,1,1.12448560525052
Granite County Sheriff's Office,2021-05-01,Montana,3385,MT02000,0,0,0,0,0,0,0,0,0,0,1500,0,0,0,0,0,0,1500,0,0,0,0,0,0,0,0,0,0,0,0,0,0,0,0,0,0,0,0,0,0,0,0,1124486,0,0,0,0,11244856,0,0,0,0,0,0,0,0,0,0,0,0,0,0,0,0,0,0,0,0,0,0,0,0,0,0,0,0,0,0,0,0,0,0,0,0,0,0,0,0,0,0,0,1,1.12448560525052
Granite County Sheriff's Office,2021-06-01,Montana,3385,MT02000,0,0,0,0,0,0,0,0,0,0,0,0,0,0,0,0,1,1,0,0,0,0,0,0,0,0,0,0,0,0,0,0,0,0,0,0,0,0,0,0,0,0,112448561,0,0,112,0,0,0,0,0,0,0,0,0,0,0,0,0,0,0,0,0,0,0,0,0,0,0,0,0,0,0,0,0,0,0,0,0,0,0,0,0,0,0,0,0,0,0,0,0,1,1.12448560525052
Granite County Sheriff's Office,2021-07-01,Montana,3385,MT02000,0,0,0,0,0,0,0,0,0,0,0,0,0,0,0,0,0,0,0,0,0,0,0,0,0,0,0,0,0,0,0,0,0,0,0,0,0,0,0,0,0,0,0,0,0,0,0,0,0,0,0,0,0,0,0,0,0,0,0,0,0,0,0,0,0,0,0,0,0,0,0,0,0,0,0,0,0,0,0,0,0,0,0,0,0,0,0,0,0,0,0,1,1.12448560525052
Granite County Sheriff's Office,2021-08-01,Montana,3385,MT02000,0,0,0,0,0,0,0,0,0,0,0,0,0,0,0,0,0,0,0,0,0,0,0,0,0,0,0,0,0,10,0,0,0,0,0,0,11245,0,0,0,112449,0,0,0,0,0,0,0,0,0,112449,11,11244856,0,0,0,0,0,0,0,0,0,0,0,0,0,0,0,11,0,0,0,0,0,0,0,0,0,0,0,0,11244856,9,0,9,0,0,20240741,0,0,0,1,1.12448560525052
Granite County Sheriff's Office,2021-09-01,Montana,3385,MT02000,0,0,0,0,0,0,0,0,0,0,0,80,0,0,0,0,0,80,0,0,0,0,0,0,0,0,0,0,0,0,0,100,0,0,0,0,202,0,0,0,0,0,0,0,0,0,112448561,0,0,89959,0,0,0,0,0,0,0,0,0,0,0,0,0,0,0,0,0,0,0,0,0,0,0,0,0,0,0,0,112449,0,0,1,0,0,225,11245,0,0,0,1124,0,1,1.12448560525052
Granite County Sheriff's Office,2021-10-01,Montana,3385,MT02000,0,0,0,0,0,0,0,0,0,0,0,0,0,0,0,0,0,0,0,0,0,0,0,0,0,0,0,0,0,0,0,0,0,0,0,0,584732515,0,0,0,0,0,0,0,0,585,0,0,562,0,0,22489712,0,0,0,562,0,0,0,0,0,22489712,0,0,0,0,0,0,0,0,0,0,0,0,0,0,0,0,0,584732515,0,584733,0,0,0,0,0,0,0,0,0,1,1.12448560525052
Granite County Sheriff's Office,2021-11-01,Montana,3385,MT02000,0,0,0,0,100000,0,100000,0,0,0,0,0,0,0,0,0,0,0,0,0,0,0,0,0,0,0,0,0,0,0,0,0,0,0,0,2248971,0,0,0,0,0,0,0,33734568,112,0,1124,0,44979,0,0,112449,0,0,0,0,0,0,0,0,0,0,0,0,0,0,0,0,11245,0,0,0,0,13,0,854609060,13,843364204,0,0,0,0,4216821,7,14348436,0,0,0,0,0,0,1,1.12448560525052
Granite County Sheriff's Office,2021-12-01,Montana,3385,MT02000,0,0,0,0,0,0,0,0,0,0,0,100000,3,0,0,0,0,100003,0,0,0,0,0,0,0,0,300000,0,0,0,0,0,1000000,0,0,0,0,0,0,0,0,0,0,0,109749795,0,0,0,143,674691363,0,0,0,0,0,0,0,0,0,0,0,0,0,11245,0,112448561,0,112449,0,0,0,0,1124,0,22489714,1,562,0,0,0,0,44979,0,0,0,0,0,0,0,0,0,1,1.12448560525052
Granite County Sheriff's Office,2022-01-01,Montana,3380,MT02000,0,0,0,0,0,0,0,0,0,0,0,0,0,0,0,0,0,0,0,0,1,1,0,0,0,0,1,0,0,0,0,0,0,0,3000,0,0,0,0,0,0,0,0,0,0,0,0,0,0,0,0,0,0,0,0,0,0,0,0,0,0,0,312,0,0,0,0,3,0,0,0,0,0,0,0,0,0,0,0,3123,0,0,0,0,0,0,0,0,0,0,0,1,1.04116338383745
Granite County Sheriff's Office,2022-02-01,Montana,3380,MT02000,0,300,0,0,0,0,300,30000,0,0,0,0,0,0,0,0,0,0,0,0,0,0,0,0,0,0,0,0,0,0,0,0,0,10,0,0,0,0,10411634,0,0,0,0,0,0,0,0,0,0,0,0,0,0,0,0,0,0,0,20823268,312,0,0,52058,0,0,0,0,41646535,0,0,0,0,0,0,0,0,0,0,0,0,0,0,0,0,0,0,0,0,0,0,0,1,1.04116338383745
Granite County Sheriff's Office,2022-03-01,Montana,3380,MT02000,0,0,0,8500000,0,5,8500005,0,0,0,0,0,0,0,0,0,0,0,0,0,0,0,0,0,0,0,0,0,0,0,0,0,0,0,0,0,0,0,520581692,0,0,0,0,312349015,0,0,0,0,0,0,0,5294,0,0,0,0,0,0,0,31234902,520581692,0,560,0,8,520581692,0,0,0,0,0,0,0,0,0,0,0,0,0,0,0,0,0,0,0,0,104116,0,0,0,1,1,1.04116338383745
Granite County Sheriff's Office,2022-04-01,Montana,3380,MT02000,0,0,0,0,10000,0,10000,0,10000,0,0,20000,0,0,0,10000,0,30000,0,0,0,0,0,0,0,0,0,0,0,0,0,0,0,2,0,9370,0,0,0,0,0,0,0,0,0,0,0,0,0,0,0,0,0,0,9,0,0,0,0,9,0,0,2082327,0,2082327,2,0,0,0,0,0,0,0,0,0,0,0,0,0,0,0,0,0,0,0,0,0,0,0,0,0,1,1.04116338383745
Granite County Sheriff's Office,2022-05-01,Montana,3380,MT02000,0,2000000,0,0,0,0,2000000,0,0,0,9000,0,0,0,200,0,0,9200,0,0,0,0,0,0,0,0,0,0,0,0,0,0,0,0,0,0,0,0,0,0,10,0,0,0,0,0,0,10411634,0,0,0,0,0,104,31234902,104116,41647,0,0,1041163,0,0,0,0,312349,0,0,0,0,0,0,0,0,0,0,0,0,0,0,0,0,0,0,0,0,5205817,0,84,0,5,884988876,1,1.04116338383745
Granite County Sheriff's Office,2022-06-01,Montana,3380,MT02000,0,0,0,0,0,0,0,0,0,0,0,0,82050,2000,0,870,0,84920,0,0,470500,470500,0,3,0,0,5000000,0,0,0,0,0,0,0,0,0,0,156175,0,0,0,0,520581692,0,0,0,0,0,364407,0,0,0,0,385751034,0,0,906,0,0,0,0,0,0,0,0,0,0,0,0,0,104116,0,0,0,0,0,1041163,1,0,0,0,0,0,1041,0,10411634,104,104,0,0,0,1,1.04116338383745
Granite County Sheriff's Office,2022-07-01,Montana,3380,MT02000,0,0,0,0,0,0,0,0,0,0,10,0,0,0,0,0,0,10,0,0,0,0,0,0,0,0,0,0,0,0,0,0,0,0,0,832930707,0,0,52058,0,0,52,0,0,833,0,0,0,0,0,0,0,0,0,0,0,884988876,0,0,0,0,0,0,0,0,0,0,0,0,520581692,0,0,0,0,0,0,0,0,832931,0,0,0,0,0,0,52058,0,0,0,0,884988876,1,1.04116338383745
Granite County Sheriff's Office,2022-08-01,Montana,3380,MT02000,0,0,0,0,0,0,0,0,0,0,0,0,0,0,0,0,0,0,0,0,0,0,0,0,0,0,0,0,0,10,0,0,0,0,0,0,20823,0,0,0,0,10411634,0,0,0,0,0,0,0,0,0,0,10411635,1041163,0,0,0,0,0,0,0,0,0,0,0,0,0,0,0,0,0,0,0,0,0,0,0,0,0,0,0,0,3,520581692,2,0,1562,3644072,0,0,0,1,1.04116338383745
Granite County Sheriff's Office,2022-09-01,Montana,3380,MT02000,0,0,0,0,0,0,0,0,0,0,2,0,0,0,0,0,0,2,0,0,0,0,0,0,0,0,0,0,0,0,0,100,0,0,0,20823268,36,0,0,0,0,0,0,0,0,0,15617451,0,0,0,0,0,0,0,0,0,0,0,0,0,0,0,0,0,0,0,0,0,0,0,104,0,0,104116338,0,2082,0,0,312349,0,0,0,0,0,312,20823,0,0,0,1041,0,1,1.04116338383745
Granite County Sheriff's Office,2022-10-01,Montana,3380,MT02000,0,0,0,0,0,0,0,0,0,0,0,0,0,0,0,0,0,0,0,0,0,0,0,0,0,0,0,0,0,0,0,0,0,0,0,3,937047045,0,0,0,0,0,0,0,0,4061,0,0,4061,0,0,0,0,0,0,1249,0,0,0,0,0,728814369,0,0,0,2,0,0,0,0,0,0,0,0,0,0,0,0,0,937047045,0,4060537,0,0,3,0,0,0,0,0,0,1,1.04116338383745
Granite County Sheriff's Office,2022-11-01,Montana,3380,MT02000,0,0,0,0,100000,0,100000,0,0,0,0,0,0,0,0,0,0,0,0,0,0,0,0,0,0,100000,0,0,0,0,100000,0,0,0,0,2082327,0,0,0,0,0,0,0,20823268,104,0,0,0,31235,0,0,104116,0,0,0,0,0,0,0,0,416465354,0,10,0,0,0,0,0,10412,0,0,0,0,10,108280992,10411634,10,0,0,0,0,0,0,3,118703037,0,0,0,0,0,0,1,1.04116338383745
Granite County Sheriff's Office,2022-12-01,Montana,3380,MT02000,0,0,0,0,0,0,0,0,0,0,0,100000,7,0,0,0,0,100007,0,0,0,0,0,0,0,0,0,0,4,0,0,0,2000000,0,0,0,0,0,0,0,0,0,0,1,104220455,0,0,0,1187,104116338,0,0,0,0,0,0,0,0,0,0,0,0,0,10412,0,0,0,0,0,0,0,0,2082,0,10411635,0,208,0,0,0,0,20823,0,0,0,0,0,0,0,0,0,1,1.04116338383745
Granite County Sheriff's Office,2023-01-01,Montana,3577,MT02000,0,0,0,0,0,0,0,0,0,0,0,0,0,0,0,0,0,0,0,0,0,0,0,0,0,0,0,0,0,0,0,0,0,0,0,0,0,0,0,0,0,0,0,0,0,0,0,0,0,0,0,0,0,0,0,0,0,0,0,0,0,0,0,0,0,0,0,0,0,0,0,0,0,0,0,0,0,0,0,0,0,0,0,0,0,0,0,0,0,0,0,1,1
Granite County Sheriff's Office,2023-02-01,Montana,3577,MT02000,0,0,0,0,0,0,0,0,0,0,0,0,0,0,0,0,0,0,0,0,0,0,0,0,0,0,0,0,0,0,0,10,20,0,0,0,0,0,10000000,0,0,0,0,0,0,0,0,0,0,0,0,0,0,0,0,0,0,0,40000002,100,0,0,70000,0,0,0,0,30000000,0,1000,0,0,0,0,0,0,0,0,0,0,0,0,0,0,0,0,0,0,0,0,0,1,1
Granite County Sheriff's Office,2023-03-01,Montana,3577,MT02000,15,0,0,0,0,88,103,0,0,0,0,0,0,0,0,0,0,0,0,0,0,0,0,0,0,0,7,0,0,0,0,0,0,0,0,0,0,0,0,0,0,0,0,0,0,0,0,0,0,50000,0,88034,0,0,0,0,0,0,8,849900000,400000000,0,8878,28500000,0,0,0,0,285000000,0,0,0,0,0,0,0,0,0,0,2731,0,2,0,0,446000000,0,100000,0,0,0,0,1,1
Granite County Sheriff's Office,2023-04-01,Montana,3577,MT02000,0,0,0,20000,0,0,20000,0,10000,0,10000,10000,0,0,0,10000,10000,40000,10000,0,0,10000,0,0,0,0,0,0,0,0,0,0,0,0,0,500,0,0,0,0,0,0,0,0,0,0,0,0,0,0,0,0,0,500000000,0,0,301,199000,0,1,0,0,10000000,0,10000000,510,0,0,0,5000,0,0,0,100000000,0,0,0,0,0,0,0,0,0,0,0,0,0,0,0,0,500,1,1
Granite County Sheriff's Office,2023-05-01,Montana,3577,MT02000,0,0,0,0,0,0,0,0,0,0,510,0,0,0,0,0,0,510,0,0,0,0,0,0,0,1000000,0,0,0,30,0,0,0,0,0,0,0,0,0,0,0,0,0,0,0,0,0,10000000,0,30100,0,0,0,0,20000001,0,30000,0,0,2000000,0,0,0,0,0,10000000,0,0,0,0,0,0,0,0,0,0,0,0,0,0,0,0,0,0,0,0,0,12,0,0,0,1,1
Granite County Sheriff's Office,2023-06-01,Montana,3577,MT02000,0,0,0,0,0,0,0,0,100000,0,0,0,13000,0,0,130,0,13130,2000,0,0,2000,0,1,0,0,1000000,0,0,0,0,0,0,0,0,0,0,0,0,0,0,0,0,0,0,0,0,0,0,0,0,0,0,130000000,0,0,130,0,0,0,0,0,0,0,0,0,0,0,0,0,0,0,0,0,0,0,0,0,0,0,0,0,0,0,0,0,0,0,0,0,0,1,1
Granite County Sheriff's Office,2023-07-01,Montana,3577,MT02000,0,0,0,0,0,0,0,0,0,0,0,0,0,0,0,0,0,0,0,0,0,0,0,0,0,0,0,0,0,0,0,0,0,0,0,0,0,0,0,0,0,0,0,0,0,0,0,0,0,0,0,0,0,0,0,0,0,0,0,0,0,0,0,0,0,0,0,0,0,0,0,0,0,0,0,0,0,0,0,0,0,0,0,0,0,0,0,0,0,0,0,1,1
Granite County Sheriff's Office,2023-08-01,Montana,3577,MT02000,0,0,0,0,0,0,0,0,0,0,0,0,0,0,0,0,0,0,0,0,0,0,0,0,0,0,0,0,0,10,0,0,0,0,0,100,40000,0,0,0,0,10000000,0,0,0,0,0,10000,0,0,100000,0,20000001,3000000,0,0,0,0,0,0,0,0,0,0,0,0,0,0,0,0,0,0,0,0,17,0,0,0,0,500000000,0,17000000,10,500000000,9,0,1000,27500000,0,0,0,1,1
Granite County Sheriff's Office,2023-09-01,Montana,3577,MT02000,0,0,0,0,0,0,0,0,0,0,3,0,0,0,0,0,0,3,0,0,0,0,0,0,0,0,0,0,0,0,0,100,0,0,0,40000000,275,0,0,0,0,0,0,0,0,0,0,0,0,235000,0,0,0,0,0,0,0,0,0,0,0,0,0,90000,0,0,90,0,0,0,0,0,0,0,0,0,0,0,0,0,0,1,100000,0,100,0,0,0,0,0,0,1,1
Granite County Sheriff's Office,2023-10-01,Montana,3577,MT02000,0,0,0,0,0,0,0,0,0,0,0,0,0,0,0,0,0,0,0,0,0,0,0,0,0,0,0,0,0,0,0,0,0,0,0,0,1000000,0,0,0,0,0,0,0,0,1,0,0,0,0,0,1000000,0,1000,0,0,0,0,0,0,0,0,0,0,0,0,0,0,0,0,0,0,0,0,0,0,0,0,0,1000000,0,1000,0,0,0,0,0,0,0,0,0,1,1
Granite County Sheriff's Office,2023-11-01,Montana,3577,MT02000,0,0,0,0,100000,0,100000,0,0,0,0,0,0,0,0,0,0,0,0,0,0,0,0,0,0,0,0,0,0,0,0,0,0,0,0,4000000,0,0,0,0,0,0,0,30000001,200,0,0,0,60000,0,200,0,0,0,0,0,0,0,0,0,0,0,0,0,0,0,0,0,80000,0,1000,0,0,53,0,580000000,52,500000000,0,0,0,0,0,0,53580000,0,0,0,0,0,0,1,1
Granite County Sheriff's Office,2023-12-01,Montana,3577,MT02000,0,0,0,0,0,0,0,0,4750,0,0,800000,6,0,0,0,0,800006,2000,0,0,2000,0,0,0,0,507000,0,0,0,0,0,0,0,0,0,0,0,0,0,0,0,0,0,285100000,0,0,0,535,800000000,0,0,0,0,0,0,0,0,0,0,0,0,0,10000,0,0,0,100000,1000,0,0,10,0,0,1,0,200,0,0,0,0,0,0,0,0,0,0,0,0,0,0,1,1
Granite County Sheriff's Office,2000-01-01,Montana,2830,MT02000,0,0,0,0,0,0,0,0,0,0,0,0,0,0,0,0,0,0,0,0,0,0,0,0,0,0,0,0,0,0,0,0,0,0,0,0,0,0,0,0,0,0,0,0,0,0,0,0,0,0,0,0,0,0,0,0,0,0,0,0,0,0,0,0,0,0,0,0,0,0,0,0,0,0,0,0,0,0,0,0,0,0,0,0,0,0,0,0,0,0,0,1,1.76946331784747
Granite County Sheriff's Office,2000-02-01,Montana,2830,MT02000,3,0,0,1,1,0,5,0,0,0,0,0,0,0,0,0,0,0,0,0,1,1,0,0,0,0,0,0,0,0,1,0,0,0,0,0,0,0,0,2,0,2,0,0,0,0,0,0,0,0,0,0,0,0,0,619,619,621,0,0,0,0,0,0,0,0,619,0,2,0,0,619,0,0,0,0,0,0,621,0,0,0,0,0,0,0,0,0,0,0,0,1,1.76946331784747
Granite County Sheriff's Office,2000-03-01,Montana,2830,MT02000,0,0,0,0,0,0,0,0,0,0,0,0,0,0,0,0,0,0,1,0,1,2,0,0,0,0,0,0,0,0,2,0,0,0,0,0,0,0,0,0,0,0,0,0,0,0,0,0,0,0,0,0,0,35,0,575,610,610,0,0,0,0,0,0,0,0,610,0,35,0,0,0,0,0,0,575,0,0,610,0,0,0,0,0,0,0,0,0,0,0,0,1,1.76946331784747
Granite County Sheriff's Office,2000-04-01,Montana,2830,MT02000,2,0,0,0,0,0,2,0,0,0,0,0,0,0,0,0,0,0,2,1,3,6,0,0,0,1,0,0,0,1,4,0,0,0,0,0,1593,0,0,0,0,1593,0,0,0,0,0,0,0,0,0,0,0,11,177,2566,2753,4346,0,0,0,354,0,0,0,9,2391,796,9,0,0,1860,0,0,0,796,0,885,4346,0,0,0,0,0,0,0,0,0,0,0,0,1,1.76946331784747
Granite County Sheriff's Office,2000-05-01,Montana,2830,MT02000,1,1,0,0,0,0,2,0,0,0,0,0,0,0,0,0,0,0,2,1,4,7,0,0,0,0,1,0,0,1,5,0,0,0,0,2,1062,0,0,0,0,1063,0,0,0,0,0,0,0,0,0,0,0,46,124,4424,4594,5657,0,0,0,0,1769,0,0,4,2821,0,127,0,0,0,2,0,0,4466,0,1062,5657,0,0,0,0,0,0,0,0,0,0,0,0,1,1.76946331784747
Granite County Sheriff's Office,2000-06-01,Montana,2830,MT02000,0,1,0,2,0,0,3,0,0,0,0,0,0,0,0,0,0,0,1,0,0,1,0,0,0,1,0,0,0,0,0,0,0,0,0,0,0,0,0,0,0,0,0,0,0,0,0,0,0,0,0,0,0,53,0,0,53,53,0,0,0,53,0,0,0,0,0,53,0,0,0,0,0,0,0,0,0,0,53,0,0,0,0,0,0,0,0,0,0,0,0,1,1.76946331784747
Granite County Sheriff's Office,2000-07-01,Montana,2830,MT02000,0,0,0,0,0,0,0,0,0,0,0,0,0,0,0,0,0,0,1,1,0,2,0,0,0,0,0,0,0,0,2,0,0,0,0,0,0,0,0,0,0,0,0,0,0,0,0,0,0,0,0,0,0,35,88,0,124,124,0,0,0,0,0,0,0,0,124,0,0,0,0,88,0,0,0,35,0,0,124,0,0,0,0,0,0,0,0,0,0,0,0,1,1.76946331784747
Granite County Sheriff's Office,2000-08-01,Montana,2830,MT02000,0,0,0,0,0,0,0,0,0,0,0,0,0,0,0,0,0,0,0,1,1,2,1,0,0,1,0,0,0,0,0,0,0,0,0,0,0,0,0,0,0,0,0,0,0,0,0,0,0,0,0,0,0,0,177,354,531,531,354,0,0,177,0,0,0,0,0,0,0,0,0,177,0,0,0,354,0,0,531,0,0,0,0,0,0,0,0,0,0,0,0,1,1.76946331784747
Granite County Sheriff's Office,2000-09-01,Montana,2830,MT02000,0,0,0,1,0,0,1,1,0,0,0,0,0,0,0,0,0,0,1,1,2,4,0,0,0,3,0,0,0,0,1,0,0,0,0,0,0,0,0,2,0,2,1416,0,0,0,0,0,0,0,0,0,0,27,88,5432,5547,6965,0,0,0,5521,0,0,0,0,27,442,0,4070,0,708,0,0,1416,329,0,0,6965,0,0,0,0,0,0,0,0,0,0,0,0,1,1.76946331784747
Granite County Sheriff's Office,2000-10-01,Montana,2830,MT02000,0,0,0,0,0,0,0,0,0,0,0,0,0,0,0,0,0,0,0,0,1,1,1,0,0,0,0,0,0,0,0,0,0,0,0,0,0,0,0,0,0,0,0,0,0,0,0,0,0,0,0,0,0,0,0,885,885,885,885,0,0,0,0,0,0,0,0,0,0,0,0,0,0,0,0,885,0,0,885,0,0,0,0,0,0,0,0,0,0,0,0,1,1.76946331784747
Granite County Sheriff's Office,2000-11-01,Montana,2830,MT02000,0,0,0,0,0,0,0,0,0,0,0,0,0,0,0,0,0,0,1,0,0,1,0,0,0,0,0,0,0,0,1,0,0,0,0,0,0,0,0,0,0,0,0,0,0,0,0,0,0,0,0,0,0,23,0,0,23,23,0,0,0,0,0,0,0,0,23,0,0,0,0,0,0,0,0,23,0,0,23,0,0,0,0,0,0,0,0,0,0,0,0,1,1.76946331784747
Granite County Sheriff's Office,2000-12-01,Montana,2830,MT02000,0,0,0,0,0,0,0,0,0,0,0,0,0,0,0,0,0,0,0,1,1,2,0,0,0,1,0,0,0,0,1,0,0,0,0,0,0,0,0,0,0,0,0,0,0,0,0,0,0,0,0,0,0,0,177,531,708,708,0,0,0,177,0,0,0,0,531,0,0,0,0,531,0,0,0,177,0,0,708,0,0,0,0,0,0,0,0,0,0,0,0,1,1.76946331784747
Granite County Sheriff's Office,2013-01-01,Montana,3137,MT02000,0,0,0,0,0,0,0,0,0,0,0,0,0,0,0,0,0,0,0,0,1,1,0,0,0,0,1,0,0,0,0,0,0,0,0,0,0,0,0,0,0,0,0,0,0,0,0,0,0,0,0,0,0,0,0,1831,1831,1831,0,0,0,0,1831,0,0,0,0,0,0,0,0,0,0,0,0,1831,0,0,1831,0,0,0,0,0,0,0,0,0,0,0,0,1,1.30797303509051
Granite County Sheriff's Office,2013-02-01,Montana,3137,MT02000,0,0,0,0,0,0,0,0,0,0,0,0,0,0,0,0,0,0,0,0,0,0,0,0,0,0,0,0,0,0,0,0,0,0,0,0,0,0,0,0,0,0,0,0,0,0,0,0,0,0,0,0,0,0,0,0,0,0,0,0,0,0,0,0,0,0,0,0,0,0,0,0,0,0,0,0,0,0,0,0,0,0,0,0,0,0,0,0,0,0,0,1,1.30797303509051
Granite County Sheriff's Office,2013-03-01,Montana,3137,MT02000,0,0,0,0,0,0,0,0,0,0,0,0,0,0,0,0,0,0,0,0,0,0,0,0,0,0,0,0,0,0,0,0,0,0,0,0,0,0,0,0,0,0,0,0,0,0,0,0,0,0,0,0,0,0,0,0,0,0,0,0,0,0,0,0,0,0,0,0,0,0,0,0,0,0,0,0,0,0,0,0,0,0,0,0,0,0,0,0,0,0,0,1,1.30797303509051
Granite County Sheriff's Office,2013-04-01,Montana,3137,MT02000,0,0,1,0,0,0,1,0,0,0,0,0,0,0,0,0,0,0,0,0,1,1,1,0,0,0,0,0,0,0,0,0,0,0,0,0,0,1962,0,0,0,1962,0,0,0,0,0,0,0,0,0,0,0,0,0,2616,2616,4578,2616,0,0,0,0,0,0,0,0,0,0,0,0,1962,0,0,0,2616,0,0,4578,0,0,0,0,0,0,0,0,0,0,0,0,1,1.30797303509051
Granite County Sheriff's Office,2013-05-01,Montana,3137,MT02000,0,0,0,0,0,0,0,0,0,0,0,0,0,0,0,0,0,0,1,1,2,4,0,0,0,0,1,0,0,1,2,0,0,0,0,0,0,0,0,0,0,0,0,0,0,0,0,0,0,0,0,0,0,39,98,2146,2284,2284,0,0,0,0,1570,0,0,577,137,0,39,0,0,0,518,0,0,1727,0,0,2284,0,0,0,0,0,0,0,0,0,0,0,0,1,1.30797303509051
Granite County Sheriff's Office,2013-06-01,Montana,3137,MT02000,0,0,0,0,0,0,0,0,0,0,0,0,0,0,0,0,0,0,0,1,4,5,0,0,0,1,1,0,0,0,3,0,0,0,0,0,0,0,0,0,0,0,0,0,0,0,0,0,0,0,0,0,0,0,105,8945,9050,9050,0,0,0,262,6932,0,0,0,1856,0,0,0,0,3662,0,0,0,5126,0,262,9050,0,0,0,0,0,0,0,0,0,0,0,0,1,1.30797303509051
Granite County Sheriff's Office,2013-07-01,Montana,3137,MT02000,0,1,0,0,0,0,1,0,0,0,0,0,0,0,0,0,0,0,3,4,6,13,0,0,0,8,1,0,0,1,3,0,0,0,0,392,0,0,0,0,0,392,0,0,0,0,0,0,0,0,0,0,0,67,687,4754,5508,5900,0,0,0,4135,196,0,0,131,1046,13,0,8,490,7,131,0,0,4728,523,0,5900,0,0,0,0,0,0,0,0,0,0,0,0,1,1.30797303509051
Granite County Sheriff's Office,2013-08-01,Montana,3137,MT02000,0,0,0,0,0,0,0,0,0,0,0,0,0,0,0,0,0,0,0,1,0,1,0,1,0,0,0,0,0,0,0,0,0,0,0,0,0,0,0,0,0,0,0,0,0,0,0,0,0,0,0,0,0,0,131,0,131,131,0,131,0,0,0,0,0,0,0,0,0,0,0,0,0,0,0,131,0,0,131,0,0,0,0,0,0,0,0,0,0,0,0,1,1.30797303509051
Granite County Sheriff's Office,2013-09-01,Montana,3137,MT02000,0,0,0,0,0,0,0,0,0,0,0,0,0,0,0,0,0,0,0,0,0,0,0,0,0,0,0,0,0,0,0,0,0,0,0,0,0,0,0,0,0,0,0,0,0,0,0,0,0,0,0,0,0,0,0,0,0,0,0,0,0,0,0,0,0,0,0,0,0,0,0,0,0,0,0,0,0,0,0,0,0,0,0,0,0,0,0,0,0,0,0,1,1.30797303509051
Granite County Sheriff's Office,2013-10-01,Montana,3137,MT02000,0,0,0,0,0,0,0,1,0,0,0,0,0,0,0,0,0,0,0,0,2,2,1,0,0,0,0,0,0,0,1,0,0,0,0,0,0,0,0,0,0,0,13080,0,0,0,0,0,0,0,0,0,0,0,0,1700,1700,14780,654,0,0,0,0,0,0,0,1046,0,0,0,0,0,1046,0,13080,654,0,0,14780,0,0,0,0,0,0,0,0,0,0,0,0,1,1.30797303509051
Granite County Sheriff's Office,2013-11-01,Montana,3137,MT02000,0,0,0,0,0,0,0,0,0,0,0,0,0,0,0,0,0,0,1,0,1,2,0,0,0,1,0,0,0,0,1,0,0,0,0,0,0,0,0,0,0,0,0,0,0,0,0,0,0,0,0,0,0,26,0,262,288,288,0,0,0,262,0,0,0,0,26,0,288,0,0,0,0,0,0,0,0,0,288,0,0,0,0,0,0,0,0,0,0,0,0,1,1.30797303509051
Granite County Sheriff's Office,2013-12-01,Montana,3137,MT02000,0,0,0,0,0,0,0,0,0,0,0,0,0,0,0,0,0,0,1,1,2,4,0,0,0,1,0,0,0,0,3,0,0,0,0,0,0,0,0,0,0,0,0,0,0,0,0,0,0,0,0,0,0,26,222,1112,1360,1360,0,0,0,458,0,0,0,0,903,0,903,0,0,0,65,0,0,392,0,0,1360,0,0,0,0,0,0,0,0,0,0,0,0,1,1.30797303509051
Granite County Sheriff's Office,2017-01-01,Montana,3417,MT02000,0,0,0,0,0,0,0,0,0,0,0,0,0,0,0,0,0,0,0,0,1,1,0,0,0,1,0,0,0,0,0,0,0,0,0,0,0,0,0,0,0,0,0,0,0,0,0,0,0,0,0,0,0,0,0,684,684,684,0,0,0,684,0,0,0,0,0,0,62,0,0,0,0,0,0,622,0,0,684,0,0,0,0,0,0,0,0,0,0,0,0,1,1.24307319386626
Granite County Sheriff's Office,2017-02-01,Montana,3417,MT02000,0,0,0,0,0,0,0,0,0,0,0,0,0,0,0,0,0,0,0,2,1,3,0,0,0,1,0,0,0,0,2,0,0,0,0,0,0,0,0,0,0,0,0,0,0,0,0,0,0,0,0,0,0,0,162,994,1156,1156,0,0,0,99,0,0,0,0,1057,0,0,0,0,0,0,0,0,1156,0,0,1156,0,0,0,0,0,0,0,0,0,0,0,0,1,1.24307319386626
Granite County Sheriff's Office,2017-03-01,Montana,3417,MT02000,0,0,0,0,0,0,0,0,0,0,0,0,0,0,0,0,0,0,0,0,2,2,0,0,0,1,0,0,0,0,1,0,0,0,0,0,0,0,0,0,0,0,0,0,0,0,0,0,0,0,0,0,0,0,0,497,497,497,0,0,0,249,0,0,0,0,249,0,0,0,0,0,0,0,0,497,0,0,497,0,0,0,0,0,0,0,0,0,0,0,0,1,1.24307319386626
Granite County Sheriff's Office,2017-04-01,Montana,3417,MT02000,0,0,0,0,0,0,0,0,0,0,0,0,0,0,0,0,0,0,1,1,0,2,0,0,0,1,0,0,0,0,1,0,0,0,0,0,0,0,0,0,0,0,0,0,0,0,0,0,0,0,0,0,0,37,62,0,99,99,0,0,0,37,0,0,0,0,62,0,0,37,0,0,0,0,0,62,0,0,99,0,0,0,0,0,0,0,0,0,0,0,0,1,1.24307319386626
Granite County Sheriff's Office,2017-05-01,Montana,3417,MT02000,0,0,0,0,0,0,0,0,0,0,0,0,0,0,0,0,0,0,0,0,0,0,0,0,0,0,0,0,0,0,0,0,0,0,0,0,0,0,0,0,0,0,0,0,0,0,0,0,0,0,0,0,0,0,0,0,0,0,0,0,0,0,0,0,0,0,0,0,0,0,0,0,0,0,0,0,0,0,0,0,0,0,0,0,0,0,0,0,0,0,0,1,1.24307319386626
Granite County Sheriff's Office,2017-06-01,Montana,3417,MT02000,2,0,0,0,0,0,2,0,0,0,0,0,0,0,0,0,0,0,0,0,0,0,0,0,0,0,0,0,0,0,0,0,0,0,0,0,1740,0,0,0,0,1740,0,0,0,0,0,0,0,0,0,0,0,0,0,0,0,1740,0,0,0,0,0,0,0,0,0,0,0,0,1740,0,0,0,0,0,0,0,1740,0,0,0,0,0,0,0,0,0,0,0,0,1,1.24307319386626
Granite County Sheriff's Office,2017-07-01,Montana,3417,MT02000,0,0,0,0,0,0,0,0,0,0,0,0,0,0,0,0,0,0,0,0,1,1,0,0,0,0,0,0,0,0,1,0,0,0,0,0,0,0,0,0,0,0,0,0,0,0,0,0,0,0,0,0,0,0,0,17403,17403,17403,0,0,0,0,0,0,0,0,17403,0,0,0,0,0,0,0,0,17403,0,0,17403,0,0,0,0,0,0,0,0,0,0,0,0,1,1.24307319386626
Granite County Sheriff's Office,2017-08-01,Montana,3417,MT02000,0,0,0,0,0,0,0,1,0,0,0,0,0,0,0,0,0,0,0,1,2,3,0,1,0,1,0,0,0,0,1,0,0,0,0,0,0,0,0,0,0,0,932,0,0,0,0,0,0,0,0,0,0,0,93,1013,1106,2039,0,249,0,764,0,0,0,0,93,0,0,93,764,0,0,0,932,249,0,0,2039,0,0,0,0,0,0,0,0,0,0,0,0,1,1.24307319386626
Granite County Sheriff's Office,2017-09-01,Montana,3417,MT02000,1,0,0,0,0,0,1,0,0,0,0,0,0,0,0,0,0,0,2,0,3,5,0,0,0,0,0,0,0,0,5,0,0,0,0,0,25,0,0,0,0,25,0,0,0,0,0,0,0,0,0,0,0,25,0,8803,8828,8853,0,0,0,0,0,0,0,0,8828,0,32,0,0,1,0,0,0,8820,0,0,8853,0,0,0,0,0,0,0,0,0,0,0,0,1,1.24307319386626
Granite County Sheriff's Office,2017-10-01,Montana,3417,MT02000,0,0,0,0,0,0,0,0,0,0,0,0,0,0,0,0,0,0,0,0,2,2,0,0,0,1,0,0,0,0,1,0,0,0,0,0,0,0,0,0,0,0,0,0,0,0,0,0,0,0,0,0,0,0,0,870,870,870,0,0,0,373,0,0,0,0,497,0,0,0,0,0,0,0,0,870,0,0,870,0,0,0,0,0,0,0,0,0,0,0,0,1,1.24307319386626
Granite County Sheriff's Office,2017-11-01,Montana,3417,MT02000,0,0,0,0,0,0,0,0,0,0,0,0,0,0,0,0,0,0,0,0,1,1,0,0,0,1,0,0,0,0,0,0,0,0,0,0,0,0,0,0,0,0,0,0,0,0,0,0,0,0,0,0,0,0,0,622,622,622,0,0,0,622,0,0,0,0,0,0,0,0,622,0,0,0,0,0,0,0,622,0,0,0,0,0,0,0,0,0,0,0,0,1,1.24307319386626
Granite County Sheriff's Office,2017-12-01,Montana,3417,MT02000,0,0,0,0,0,0,0,0,0,0,0,0,0,0,0,0,0,0,0,1,0,1,0,0,0,1,0,0,0,0,0,0,0,0,0,0,0,0,0,0,0,0,0,0,0,0,0,0,0,0,0,0,0,0,186,0,186,186,0,0,0,186,0,0,0,0,0,0,0,0,0,0,0,0,0,186,0,0,186,0,0,0,0,0,0,0,0,0,0,0,0,1,1.24307319386626
Granite County Sheriff's Office,2001-01-01,Montana,2837,MT02000,0,0,0,0,0,0,0,0,0,0,0,0,0,0,0,0,0,0,0,0,0,0,0,0,0,0,0,0,0,0,0,0,0,0,0,0,0,0,0,0,0,0,0,0,0,0,0,0,0,0,0,0,0,0,0,0,0,0,0,0,0,0,0,0,0,0,0,0,0,0,0,0,0,0,0,0,0,0,0,0,0,0,0,0,0,0,0,0,0,0,0,1,1.7208297251506
Granite County Sheriff's Office,2001-02-01,Montana,2837,MT02000,0,0,0,0,0,0,0,0,0,0,0,0,0,0,0,0,0,0,0,0,2,2,0,0,0,0,1,0,0,0,1,0,0,0,0,0,0,0,0,0,0,0,0,0,0,0,0,0,0,0,0,0,0,0,0,3836,3836,3836,0,0,0,0,2717,0,0,0,1119,0,0,0,0,1119,0,0,0,2717,0,0,3836,0,0,0,0,0,0,0,0,0,0,0,0,1,1.7208297251506
Granite County Sheriff's Office,2001-03-01,Montana,2837,MT02000,1,0,0,0,0,0,1,0,0,0,0,0,0,0,0,0,0,0,2,5,0,7,1,0,0,1,0,0,0,0,5,0,0,0,0,0,0,0,0,0,0,0,0,0,0,0,0,0,0,0,0,0,0,103,628,0,731,731,86,0,0,172,0,0,0,0,473,0,0,112,0,172,0,0,0,275,0,172,731,0,0,0,0,0,0,0,0,0,0,0,0,1,1.7208297251506
Granite County Sheriff's Office,2001-04-01,Montana,2837,MT02000,0,0,0,1,0,0,1,0,0,0,0,0,0,0,0,0,0,0,5,0,0,5,0,0,0,0,0,0,0,1,4,0,0,0,0,0,0,0,0,83,0,83,0,0,0,0,0,0,0,0,0,0,0,155,0,0,155,237,0,0,0,0,0,0,0,3,151,0,86,64,0,0,0,0,0,88,0,0,237,0,0,0,0,0,0,0,0,0,0,0,0,1,1.7208297251506
Granite County Sheriff's Office,2001-05-01,Montana,2837,MT02000,2,0,0,1,0,0,3,1,0,0,0,0,0,0,0,0,0,0,0,3,1,4,0,0,0,2,1,0,0,0,1,0,0,0,0,0,4583,0,0,0,0,4583,8604,0,0,0,0,0,0,0,0,0,0,0,516,516,1032,14219,0,0,0,344,172,0,0,0,516,52,0,34,4149,0,0,0,8604,864,0,516,14219,0,0,0,0,0,0,0,0,0,0,258,258,1,1.7208297251506
Granite County Sheriff's Office,2001-06-01,Montana,2837,MT02000,3,2,0,0,0,0,5,0,0,0,0,0,0,0,0,0,0,0,0,2,2,4,1,1,0,0,1,0,0,0,1,0,0,0,0,0,785,0,0,0,0,785,0,0,0,0,0,0,0,0,0,0,0,0,272,888,1160,1945,404,172,0,0,100,0,0,0,484,0,100,354,0,0,172,0,0,1060,0,258,1945,0,0,0,0,0,0,0,0,0,0,0,0,1,1.7208297251506
Granite County Sheriff's Office,2001-07-01,Montana,2837,MT02000,0,0,0,0,0,0,0,0,0,0,0,0,0,0,0,0,0,0,3,2,2,7,0,0,0,0,0,0,0,1,6,0,0,0,0,0,0,0,0,0,0,0,0,0,0,0,0,0,0,0,0,0,0,117,172,1291,1580,1580,0,0,0,0,0,0,0,24,1556,0,65,0,0,568,0,0,0,774,0,172,1580,0,0,0,0,0,0,0,0,0,0,0,0,1,1.7208297251506
Granite County Sheriff's Office,2001-08-01,Montana,2837,MT02000,0,0,0,0,0,0,0,0,0,0,0,0,0,0,0,0,0,0,0,0,0,0,0,0,0,0,0,0,0,0,0,0,0,0,0,0,0,0,0,0,0,0,0,0,0,0,0,0,0,0,0,0,0,0,0,0,0,0,0,0,0,0,0,0,0,0,0,0,0,0,0,0,0,0,0,0,0,0,0,0,0,0,0,0,0,0,0,0,0,0,0,1,1.7208297251506
Granite County Sheriff's Office,2001-09-01,Montana,2837,MT02000,1,1,0,0,0,0,2,0,0,0,0,0,0,0,0,0,0,0,3,2,2,7,1,0,0,0,0,0,0,0,6,0,0,0,0,0,0,0,0,0,0,0,0,0,0,0,0,0,0,0,0,0,0,67,344,1790,2201,2201,172,0,0,0,0,0,0,0,2029,0,0,182,688,0,0,0,0,1330,0,0,2201,0,0,0,0,0,0,0,0,172,0,0,172,1,1.7208297251506
Granite County Sheriff's Office,2001-10-01,Montana,2837,MT02000,0,0,0,0,0,0,0,3,0,0,0,0,0,0,0,0,0,0,0,0,2,2,0,0,0,0,0,0,0,0,2,0,0,0,0,0,0,0,0,0,0,0,8604,0,0,0,0,0,0,0,0,0,0,0,0,860,860,9465,0,0,0,0,0,0,0,0,860,0,0,0,0,344,0,0,8604,516,0,0,9465,0,0,0,0,344,0,0,0,0,0,0,344,1,1.7208297251506
Granite County Sheriff's Office,2001-11-01,Montana,2837,MT02000,0,0,0,0,0,0,0,0,0,0,0,0,0,0,0,0,0,0,1,1,0,2,0,0,0,0,0,0,0,0,2,0,0,0,0,0,0,0,0,0,0,0,0,0,0,0,0,0,0,0,0,0,0,62,250,0,311,311,0,0,0,0,0,0,0,0,311,0,0,250,0,0,0,0,0,62,0,0,311,0,0,0,0,0,0,0,0,0,0,0,0,1,1.7208297251506
Granite County Sheriff's Office,2001-12-01,Montana,2837,MT02000,1,0,0,0,0,0,1,0,0,0,0,0,0,0,0,0,0,0,0,1,0,1,0,0,0,0,0,0,0,1,0,0,0,0,0,0,0,0,0,0,0,0,0,0,0,0,0,0,0,0,0,0,0,0,162,0,162,162,0,0,0,0,0,0,0,162,0,162,0,0,0,0,0,0,0,0,0,0,162,0,0,0,0,0,0,0,0,0,0,0,0,1,1.7208297251506
Granite County Sheriff's Office,2002-01-01,Montana,2853,MT02000,0,0,0,0,0,0,0,0,0,0,0,0,0,0,0,0,0,0,1,1,2,4,0,0,0,1,1,0,0,1,1,0,0,0,0,0,0,0,0,0,0,0,0,0,0,0,0,0,0,0,0,0,0,2,85,1016,1103,1103,0,0,0,678,339,0,0,85,2,0,0,0,0,678,0,0,0,425,0,0,1103,0,0,0,0,0,0,0,0,0,0,0,0,1,1.69396293722493
Granite County Sheriff's Office,2002-02-01,Montana,2853,MT02000,0,0,0,0,0,0,0,0,0,0,0,0,0,0,0,0,0,0,0,0,0,0,0,0,0,0,0,0,0,0,0,0,0,0,0,0,0,0,0,0,0,0,0,0,0,0,0,0,0,0,0,0,0,0,0,0,0,0,0,0,0,0,0,0,0,0,0,0,0,0,0,0,0,0,0,0,0,0,0,0,0,0,0,0,0,0,0,0,0,0,0,1,1.69396293722493
Granite County Sheriff's Office,2002-03-01,Montana,2853,MT02000,0,0,0,0,0,0,0,0,0,0,0,0,0,0,0,0,0,0,0,0,0,0,0,0,0,0,0,0,0,0,0,0,0,0,0,0,0,0,0,0,0,0,0,0,0,0,0,0,0,0,0,0,0,0,0,0,0,0,0,0,0,0,0,0,0,0,0,0,0,0,0,0,0,0,0,0,0,0,0,0,0,0,0,0,0,0,0,0,0,0,0,1,1.69396293722493
Granite County Sheriff's Office,2002-04-01,Montana,2853,MT02000,0,0,0,0,0,0,0,0,0,0,0,0,0,0,0,0,0,0,0,0,0,0,0,0,0,0,0,0,0,0,0,0,0,0,0,0,0,0,0,0,0,0,0,0,0,0,0,0,0,0,0,0,0,0,0,0,0,0,0,0,0,0,0,0,0,0,0,0,0,0,0,0,0,0,0,0,0,0,0,0,0,0,0,0,0,0,0,0,0,0,0,1,1.69396293722493
Granite County Sheriff's Office,2002-05-01,Montana,2853,MT02000,0,0,0,0,0,0,0,0,0,0,0,0,0,0,0,0,0,0,0,0,0,0,0,0,0,0,0,0,0,0,0,0,0,0,0,0,0,0,0,0,0,0,0,0,0,0,0,0,0,0,0,0,0,0,0,0,0,0,0,0,0,0,0,0,0,0,0,0,0,0,0,0,0,0,0,0,0,0,0,0,0,0,0,0,0,0,0,0,0,0,0,1,1.69396293722493
Granite County Sheriff's Office,2002-06-01,Montana,2853,MT02000,0,0,0,0,0,0,0,0,0,0,0,0,0,0,0,0,0,0,0,0,0,0,0,0,0,0,0,0,0,0,0,0,0,0,0,0,0,0,0,0,0,0,0,0,0,0,0,0,0,0,0,0,0,0,0,0,0,0,0,0,0,0,0,0,0,0,0,0,0,0,0,0,0,0,0,0,0,0,0,0,0,0,0,0,0,0,0,0,0,0,0,1,1.69396293722493
Granite County Sheriff's Office,2002-07-01,Montana,2853,MT02000,0,0,0,0,0,0,0,0,0,0,0,0,0,0,0,0,0,0,0,0,0,0,0,0,0,0,0,0,0,0,0,0,0,0,0,0,0,0,0,0,0,0,0,0,0,0,0,0,0,0,0,0,0,0,0,0,0,0,0,0,0,0,0,0,0,0,0,0,0,0,0,0,0,0,0,0,0,0,0,0,0,0,0,0,0,0,0,0,0,0,0,1,1.69396293722493
Granite County Sheriff's Office,2002-08-01,Montana,2853,MT02000,0,0,0,0,0,0,0,0,0,0,0,0,0,0,0,0,0,0,0,0,0,0,0,0,0,0,0,0,0,0,0,0,0,0,0,0,0,0,0,0,0,0,0,0,0,0,0,0,0,0,0,0,0,0,0,0,0,0,0,0,0,0,0,0,0,0,0,0,0,0,0,0,0,0,0,0,0,0,0,0,0,0,0,0,0,0,0,0,0,0,0,1,1.69396293722493
Granite County Sheriff's Office,2002-09-01,Montana,2853,MT02000,0,0,0,0,0,0,0,0,0,0,0,0,0,0,0,0,0,0,0,0,0,0,0,0,0,0,0,0,0,0,0,0,0,0,0,0,0,0,0,0,0,0,0,0,0,0,0,0,0,0,0,0,0,0,0,0,0,0,0,0,0,0,0,0,0,0,0,0,0,0,0,0,0,0,0,0,0,0,0,0,0,0,0,0,0,0,0,0,0,0,0,1,1.69396293722493
Granite County Sheriff's Office,2002-10-01,Montana,2853,MT02000,1,0,0,0,0,0,1,0,0,0,0,0,0,0,0,0,0,0,2,0,1,3,0,0,0,0,0,0,0,2,1,0,0,0,0,0,0,0,0,0,0,0,0,0,0,0,0,0,0,0,0,0,0,12,0,847,859,859,0,0,0,0,0,0,0,12,847,0,7,0,0,847,0,0,0,5,0,0,859,0,0,0,0,0,0,0,0,5,0,0,5,1,1.69396293722493
Granite County Sheriff's Office,2002-11-01,Montana,2853,MT02000,0,0,0,0,0,0,0,0,0,0,0,0,0,0,0,0,0,0,0,0,0,0,0,0,0,0,0,0,0,0,0,0,0,0,0,0,0,0,0,0,0,0,0,0,0,0,0,0,0,0,0,0,0,0,0,0,0,0,0,0,0,0,0,0,0,0,0,0,0,0,0,0,0,0,0,0,0,0,0,0,0,0,0,0,0,0,0,0,0,0,0,1,1.69396293722493
Granite County Sheriff's Office,2002-12-01,Montana,2853,MT02000,0,0,1,0,0,0,1,0,0,0,0,0,0,0,0,0,0,0,1,0,0,1,0,0,0,1,0,0,0,0,0,0,0,0,0,0,0,695,0,0,0,695,0,0,0,0,0,0,0,0,0,0,0,25,0,0,25,720,0,0,0,25,0,0,0,0,0,25,0,0,0,0,0,0,0,0,0,695,720,0,0,0,0,0,0,0,0,0,0,0,0,1,1.69396293722493
Granite County Sheriff's Office,2003-01-01,Montana,2889,MT02000,0,0,0,0,0,0,0,1,0,0,0,0,0,0,0,0,0,0,0,0,2,2,0,0,0,0,2,0,0,0,0,0,0,0,0,0,0,0,0,0,0,0,828,0,0,0,0,0,0,0,0,0,0,0,0,3313,3313,4141,0,0,0,0,3313,0,0,0,0,0,0,1656,0,1656,0,0,828,0,0,0,4141,0,0,0,0,0,0,0,0,0,0,0,0,1,1.65636194790487
Granite County Sheriff's Office,2003-02-01,Montana,2889,MT02000,1,0,2,0,0,0,3,0,0,0,0,0,0,0,0,0,0,0,1,0,0,1,0,0,0,0,0,0,0,0,1,0,0,0,0,0,1574,961,0,0,0,2534,0,0,0,0,0,0,0,0,0,0,0,33,0,0,33,2567,0,0,0,0,0,0,0,0,33,0,0,961,166,0,331,0,0,33,331,745,2567,0,0,0,0,0,0,0,0,0,0,0,0,1,1.65636194790487
Granite County Sheriff's Office,2003-03-01,Montana,2889,MT02000,0,0,0,0,0,0,0,0,0,0,0,0,0,0,0,0,0,0,4,1,1,6,1,2,0,0,0,0,0,0,3,0,0,0,0,0,0,0,0,0,0,0,0,0,0,0,0,0,0,0,0,0,0,104,166,497,767,767,33,663,0,0,0,0,0,0,71,0,0,33,0,0,0,0,0,734,0,0,767,0,0,0,0,0,0,0,0,0,0,0,0,1,1.65636194790487
Granite County Sheriff's Office,2003-04-01,Montana,2889,MT02000,0,0,0,0,0,0,0,0,0,0,0,0,0,0,0,0,0,0,0,0,1,1,0,0,0,0,0,0,0,0,1,0,0,0,0,0,0,0,0,0,0,0,0,0,0,0,0,0,0,0,0,0,0,0,0,663,663,663,0,0,0,0,0,0,0,0,663,0,0,0,0,0,0,0,0,663,0,0,663,0,0,0,0,0,0,0,0,0,0,0,0,1,1.65636194790487
Granite County Sheriff's Office,2003-05-01,Montana,2889,MT02000,0,0,2,0,0,0,2,1,0,0,0,0,0,0,0,0,0,0,1,0,1,2,0,1,0,0,0,0,0,0,1,0,0,0,0,0,0,1154,0,0,0,1154,21533,0,0,0,0,0,0,0,0,0,0,33,0,414,447,23134,0,414,0,0,0,0,0,0,33,0,33,0,0,292,0,0,21533,1227,0,50,23134,0,0,0,0,0,0,0,0,0,0,0,0,1,1.65636194790487
Granite County Sheriff's Office,2003-06-01,Montana,2889,MT02000,0,0,0,0,0,0,0,0,0,0,0,0,0,0,0,0,0,0,1,2,1,4,0,0,0,1,0,0,0,0,3,0,0,0,0,0,0,0,0,0,0,0,0,0,0,0,0,0,0,0,0,0,0,66,250,1656,1973,1973,0,0,0,167,0,0,0,0,1805,0,0,0,0,1971,0,0,0,2,0,0,1973,0,0,0,0,0,0,0,0,0,0,0,0,1,1.65636194790487
Granite County Sheriff's Office,2003-07-01,Montana,2889,MT02000,0,0,0,0,0,0,0,2,0,0,0,0,0,0,0,0,0,0,0,0,1,1,0,0,0,0,0,0,0,0,1,0,0,0,0,0,0,0,0,0,0,0,3314,0,0,0,0,0,0,0,0,0,0,0,0,12588,12588,15903,0,0,0,0,0,0,0,0,12588,0,0,0,0,0,0,0,3314,12588,0,0,15903,0,0,0,0,0,0,0,0,0,0,0,0,1,1.65636194790487
Granite County Sheriff's Office,2003-08-01,Montana,2889,MT02000,0,1,2,0,0,4,7,0,0,0,0,0,0,0,0,0,0,0,1,0,2,3,0,0,0,0,0,0,0,0,3,0,0,0,0,4969,0,4820,0,0,2990,12779,0,0,0,0,0,0,0,0,0,0,0,2,0,3975,3977,16756,0,0,0,0,0,0,0,0,3977,0,0,8207,0,83,1656,0,0,6329,0,480,16756,0,0,0,0,0,0,0,0,0,0,0,0,1,1.65636194790487
Granite County Sheriff's Office,2003-09-01,Montana,2889,MT02000,0,0,0,0,0,0,0,0,0,0,0,0,0,0,0,0,0,0,0,0,1,1,0,0,0,0,0,0,0,0,1,0,0,0,0,0,0,0,0,0,0,0,0,0,0,0,0,0,0,0,0,0,0,0,0,911,911,911,0,0,0,0,0,0,0,0,911,0,0,911,0,0,0,0,0,0,0,0,911,0,0,0,0,0,0,0,0,0,0,0,0,1,1.65636194790487
Granite County Sheriff's Office,2003-10-01,Montana,2889,MT02000,0,0,0,0,0,1,1,1,0,0,0,0,0,0,0,0,0,0,0,0,1,1,0,0,0,0,0,0,0,0,1,0,0,0,0,0,0,0,0,0,4969,4969,2,0,0,0,0,0,0,0,0,0,0,0,0,414,414,5385,0,0,0,0,0,0,0,0,414,0,0,0,0,0,0,0,2,414,4969,0,5385,0,0,0,0,0,0,0,0,0,0,0,0,1,1.65636194790487
Granite County Sheriff's Office,2003-11-01,Montana,2889,MT02000,0,0,0,0,0,0,0,0,0,0,0,0,0,0,0,0,0,0,2,0,2,4,1,0,0,0,0,0,0,0,3,0,0,0,0,0,0,0,0,0,0,0,0,0,0,0,0,0,0,0,0,0,0,53,0,5466,5519,5519,2981,0,0,0,0,0,0,0,2538,0,53,0,0,0,2485,0,0,2981,0,0,5519,0,0,0,0,0,0,0,0,2981,0,0,2981,1,1.65636194790487
Granite County Sheriff's Office,2003-12-01,Montana,2889,MT02000,0,0,0,0,0,0,0,0,0,0,0,0,0,0,0,0,0,0,1,0,1,2,0,0,0,0,0,0,0,0,2,0,0,0,0,0,0,0,0,0,0,0,0,0,0,0,0,0,0,0,0,0,0,2,0,679,681,681,0,0,0,0,0,0,0,0,681,0,0,0,0,679,0,0,0,2,0,0,681,0,0,0,0,0,0,0,0,0,0,0,0,1,1.65636194790487
Granite County Sheriff's Office,2004-01-01,Montana,2923,MT02000,0,0,0,0,0,0,0,0,0,0,0,0,0,0,0,0,0,0,2,1,2,5,0,0,0,0,0,0,0,0,5,0,0,0,0,0,0,0,0,0,0,0,0,0,0,0,0,0,0,0,0,0,0,34,129,2904,3067,3067,0,0,0,0,0,0,0,0,3067,0,2,0,0,65,2420,0,0,581,0,0,3067,0,0,0,0,0,0,0,0,0,0,0,0,1,1.61317347569046
Granite County Sheriff's Office,2004-02-01,Montana,2923,MT02000,0,0,0,0,0,0,0,0,0,0,0,0,0,0,0,0,0,0,2,1,0,3,0,0,0,0,0,0,0,0,3,0,0,0,0,0,0,0,0,0,0,0,0,0,0,0,0,0,0,0,0,0,0,65,161,0,226,226,0,0,0,0,0,0,0,0,226,0,0,0,0,0,0,0,0,226,0,0,226,0,0,0,0,0,0,0,0,0,0,0,0,1,1.61317347569046
Granite County Sheriff's Office,2004-03-01,Montana,2923,MT02000,0,0,0,0,0,0,0,0,0,0,0,0,0,0,0,0,0,0,0,0,1,1,0,0,0,0,0,0,0,0,1,0,0,0,0,0,0,0,0,0,0,0,0,0,0,0,0,0,0,0,0,0,0,0,0,500,500,500,0,0,0,0,0,0,0,0,500,0,0,0,0,0,0,0,0,97,0,403,500,0,0,0,0,0,0,0,0,0,0,0,0,1,1.61317347569046
Granite County Sheriff's Office,2004-04-01,Montana,2923,MT02000,0,0,1,0,0,0,1,0,0,0,0,0,0,0,0,0,0,0,0,0,0,0,0,0,0,0,0,0,0,0,0,0,0,0,0,0,0,1936,0,0,0,1936,0,0,0,0,0,0,0,0,0,0,0,0,0,0,0,1936,0,0,0,0,0,0,0,0,0,0,0,0,0,0,0,0,0,1936,0,0,1936,0,0,0,0,0,0,0,0,0,0,0,0,1,1.61317347569046
Granite County Sheriff's Office,2004-05-01,Montana,2923,MT02000,0,0,1,0,0,0,1,0,0,0,0,0,0,0,0,0,0,0,2,1,4,7,0,0,0,0,0,0,0,0,7,0,0,0,0,0,0,968,0,0,0,968,0,0,0,0,0,0,0,0,0,0,0,2,161,15648,15811,16779,0,0,0,0,0,0,0,0,15811,0,2,5807,0,0,0,0,1936,9034,0,0,16779,0,0,0,0,0,0,0,0,0,0,0,0,1,1.61317347569046
Granite County Sheriff's Office,2004-06-01,Montana,2923,MT02000,0,0,0,0,0,0,0,0,0,0,0,0,0,0,0,0,0,0,2,4,3,9,0,0,0,0,0,0,0,0,9,0,0,0,0,0,0,0,0,0,0,0,0,0,0,0,0,0,0,0,0,0,0,47,887,2223,3157,3157,0,0,0,0,0,0,0,0,3157,0,0,0,484,0,0,0,0,2673,0,0,3157,0,0,0,0,0,0,0,0,0,0,0,0,1,1.61317347569046
Granite County Sheriff's Office,2004-07-01,Montana,2923,MT02000,0,0,0,0,0,0,0,0,0,0,0,0,0,0,0,0,0,0,0,0,0,0,0,0,0,0,0,0,0,0,0,0,0,0,0,0,0,0,0,0,0,0,0,0,0,0,0,0,0,0,0,0,0,0,0,0,0,0,0,0,0,0,0,0,0,0,0,0,0,0,0,0,0,0,0,0,0,0,0,0,0,0,0,0,0,0,0,0,0,0,0,1,1.61317347569046
Granite County Sheriff's Office,2004-08-01,Montana,2923,MT02000,0,0,0,0,0,1,1,0,0,0,0,0,0,0,0,0,0,0,1,1,1,3,0,0,0,0,0,0,0,0,3,0,0,0,0,0,0,0,0,0,161,161,0,0,0,0,0,0,0,0,0,0,0,40,161,484,686,847,0,0,0,0,0,0,0,0,686,0,0,161,0,484,0,0,0,202,0,0,847,0,0,0,0,0,0,0,0,0,0,0,0,1,1.61317347569046
Granite County Sheriff's Office,2004-09-01,Montana,2923,MT02000,0,0,0,0,0,2,2,0,0,0,0,0,0,0,0,0,0,0,0,4,2,6,0,0,0,0,0,0,0,0,6,0,0,0,0,0,0,0,0,0,4275,4275,0,0,0,0,0,0,0,0,0,0,0,0,532,1291,1823,6098,0,0,0,0,0,0,0,0,1823,0,0,3839,0,81,0,0,0,968,484,726,6098,0,0,0,0,0,0,0,0,0,0,0,0,1,1.61317347569046
Granite County Sheriff's Office,2004-10-01,Montana,2923,MT02000,0,0,0,0,0,0,0,0,0,0,0,0,0,0,0,0,0,0,3,0,2,5,0,0,0,0,0,0,0,1,4,0,0,0,0,0,0,0,0,0,0,0,0,0,0,0,0,0,0,0,0,0,0,21,0,3388,3409,3409,0,0,0,0,0,0,0,21,3388,21,0,2904,0,0,0,0,0,0,484,0,3409,0,0,0,0,0,0,0,0,0,0,0,0,1,1.61317347569046
Granite County Sheriff's Office,2004-11-01,Montana,2923,MT02000,0,0,0,0,0,0,0,0,0,0,0,0,0,0,0,0,0,0,0,2,1,3,0,0,0,0,0,0,0,0,3,0,0,0,0,0,0,0,0,0,0,0,0,0,0,0,0,0,0,0,0,0,0,0,484,645,1129,1129,0,0,0,0,0,0,0,0,1129,0,0,807,0,0,0,0,0,323,0,0,1129,0,0,0,0,0,0,0,0,0,0,0,0,1,1.61317347569046
Granite County Sheriff's Office,2004-12-01,Montana,2923,MT02000,0,0,0,0,0,0,0,0,0,0,0,0,0,0,0,0,0,0,0,0,0,0,0,0,0,0,0,0,0,0,0,0,0,0,0,0,0,0,0,0,0,0,0,0,0,0,0,0,0,0,0,0,0,0,0,0,0,0,0,0,0,0,0,0,0,0,0,0,0,0,0,0,0,0,0,0,0,0,0,0,0,0,0,0,0,0,0,0,0,0,0,1,1.61317347569046
Granite County Sheriff's Office,2005-01-01,Montana,2880,MT02000,0,0,0,0,0,1,1,0,0,0,0,0,0,0,0,0,0,0,1,0,1,2,1,0,0,0,0,0,0,0,1,0,0,0,0,0,0,0,0,0,2,2,0,0,0,0,0,0,0,0,0,0,0,8,0,507,515,516,8,0,0,0,0,0,0,0,507,0,0,2,0,0,0,0,0,515,0,0,516,0,0,0,0,0,0,0,0,0,0,0,0,1,1.56023853211009
Granite County Sheriff's Office,2005-02-01,Montana,2880,MT02000,0,0,2,0,0,0,2,0,0,0,0,0,0,0,0,0,0,0,1,0,0,1,0,0,0,0,0,0,0,0,1,0,0,0,0,0,0,827,0,0,0,827,0,0,0,0,0,0,0,0,0,0,0,36,0,0,36,863,0,0,0,0,0,0,0,0,36,0,36,47,0,0,0,0,0,780,0,0,863,0,0,0,0,0,0,0,0,0,0,0,0,1,1.56023853211009
Granite County Sheriff's Office,2005-03-01,Montana,2880,MT02000,0,0,0,0,0,0,0,0,0,0,0,0,0,0,0,0,0,0,1,1,1,3,0,0,0,0,0,0,0,0,3,0,0,0,0,0,0,0,0,0,0,0,0,0,0,0,0,0,0,0,0,0,0,39,156,468,663,663,0,0,0,0,0,0,0,0,663,0,0,0,468,0,0,0,0,195,0,0,663,0,0,0,0,0,0,0,0,0,0,0,0,1,1.56023853211009
Granite County Sheriff's Office,2005-04-01,Montana,2880,MT02000,0,0,0,0,0,0,0,0,0,0,0,0,0,0,0,0,0,0,2,0,0,2,0,0,0,0,0,0,0,0,2,0,0,0,0,0,0,0,0,0,0,0,0,0,0,0,0,0,0,0,0,0,0,47,0,0,47,47,0,0,0,0,0,0,0,0,47,0,0,0,0,0,0,0,0,47,0,0,47,0,0,0,0,0,0,0,0,0,0,0,0,1,1.56023853211009
Granite County Sheriff's Office,2005-05-01,Montana,2880,MT02000,0,1,2,0,0,0,3,0,0,0,0,0,0,0,0,0,0,0,1,1,5,7,0,0,0,2,1,0,0,0,4,0,0,0,0,0,0,37680,0,0,0,37680,0,0,0,0,0,0,0,0,0,0,0,31,109,7731,7871,45551,0,0,0,1365,31,0,0,0,6475,8,0,1357,6007,0,390,0,15602,22187,0,0,45551,0,0,0,0,0,0,0,0,312,0,0,312,1,1.56023853211009
Granite County Sheriff's Office,2005-06-01,Montana,2880,MT02000,0,0,2,0,0,0,2,0,0,0,0,0,0,0,0,0,0,0,0,0,0,0,0,0,0,0,0,0,0,0,0,0,0,0,0,0,0,5,0,0,0,5,0,0,0,0,0,0,0,0,0,0,0,0,0,0,0,5,0,0,0,0,0,0,0,0,0,0,0,0,0,0,0,0,0,3,0,2,5,0,0,0,0,0,0,0,0,0,0,0,0,1,1.56023853211009
Granite County Sheriff's Office,2005-07-01,Montana,2880,MT02000,0,0,1,0,0,1,2,0,0,0,0,0,0,0,0,0,0,0,2,0,2,4,0,0,0,0,0,0,0,0,4,0,0,0,0,0,0,0,0,0,1560,1560,0,0,0,0,0,0,0,0,0,0,0,59,0,1248,1307,2868,0,0,0,0,0,0,0,0,1307,0,28,1560,0,0,0,0,0,1279,0,0,2868,0,0,0,0,0,0,0,0,0,0,0,0,1,1.56023853211009
Granite County Sheriff's Office,2005-08-01,Montana,2880,MT02000,0,0,0,0,0,0,0,1,0,0,0,0,0,0,0,0,0,0,3,3,2,8,1,0,0,1,1,0,0,0,5,0,0,0,0,0,0,0,0,0,0,0,780,0,0,0,0,0,0,0,0,0,0,3,437,3901,4341,5121,3120,0,0,0,2,0,0,0,1219,0,780,2,0,125,0,0,780,3434,0,0,5121,0,0,0,0,0,0,0,0,0,0,0,0,1,1.56023853211009
Granite County Sheriff's Office,2005-09-01,Montana,2880,MT02000,0,0,0,0,0,0,0,0,0,0,0,0,0,0,0,0,0,0,1,0,1,2,0,0,0,0,0,0,0,0,2,0,0,0,0,0,0,0,0,0,0,0,0,0,0,0,0,0,0,0,0,0,0,2,0,1872,1874,1874,0,0,0,0,0,0,0,0,1874,0,0,0,0,0,1872,0,0,2,0,0,1874,0,0,0,0,0,0,0,0,0,0,0,0,1,1.56023853211009
Granite County Sheriff's Office,2005-10-01,Montana,2880,MT02000,0,0,1,0,0,1,2,0,0,0,0,0,0,0,0,0,0,0,2,2,4,8,1,0,0,0,0,0,0,0,7,0,0,0,0,0,0,312,0,0,624,936,0,0,0,0,0,0,0,0,0,0,0,3,203,14947,15153,16089,2,0,0,0,0,0,0,0,15151,0,78,749,2,0,0,0,0,15261,0,0,16089,0,0,0,0,0,0,0,0,0,0,0,0,1,1.56023853211009
Granite County Sheriff's Office,2005-11-01,Montana,2880,MT02000,0,0,0,0,0,1,1,0,0,0,0,0,0,0,0,0,0,0,3,0,3,6,0,0,0,2,1,0,0,1,2,0,0,0,0,0,0,0,0,0,7801,7801,0,0,0,0,0,0,0,0,0,0,0,28,0,2309,2337,10138,0,0,0,1568,312,0,0,19,438,0,9,437,0,19,0,0,0,9673,0,0,10138,0,0,0,0,0,0,0,0,0,0,0,0,1,1.56023853211009
Granite County Sheriff's Office,2005-12-01,Montana,2880,MT02000,0,0,0,0,0,0,0,0,0,0,0,0,0,0,0,0,0,0,2,1,2,5,1,0,0,1,0,0,0,1,2,0,0,0,0,0,0,0,0,0,0,0,0,0,0,0,0,0,0,0,0,0,0,78,156,1919,2153,2153,156,0,0,983,0,0,0,936,78,0,0,0,0,0,0,0,0,2153,0,0,2153,0,0,0,0,0,0,0,0,0,0,0,0,1,1.56023853211009
Granite County Sheriff's Office,2006-01-01,Montana,2993,MT02000,0,0,0,0,0,0,0,0,0,0,0,0,0,0,0,0,0,0,0,0,3,3,0,0,0,0,0,0,0,0,3,0,0,0,0,0,0,0,0,0,0,0,0,0,0,0,0,0,0,0,0,0,0,0,0,7822,7822,7822,0,0,0,0,0,0,0,0,7822,0,0,7444,0,0,0,0,0,378,0,0,7822,0,0,0,0,0,0,0,0,0,0,0,0,1,1.51147906246125
Granite County Sheriff's Office,2006-02-01,Montana,2993,MT02000,0,0,1,0,0,0,1,0,0,0,0,0,0,0,0,0,0,0,0,0,2,2,0,0,0,0,1,0,0,0,1,0,0,0,0,0,0,0,0,0,0,0,0,0,0,0,0,0,0,0,0,0,0,0,0,1360,1360,1360,0,0,0,0,302,0,0,0,1058,0,0,302,0,0,0,0,0,1058,0,0,1360,0,0,0,0,0,0,0,0,0,0,0,0,1,1.51147906246125
Granite County Sheriff's Office,2006-03-01,Montana,2993,MT02000,0,0,1,0,0,0,1,1,0,0,0,0,0,0,0,0,0,0,1,1,2,4,0,0,0,2,1,0,0,0,1,0,0,0,0,0,0,3,0,0,0,3,756,0,0,0,0,0,0,0,0,0,0,2,151,2811,2964,3723,0,0,0,2511,151,0,0,0,302,606,0,0,0,287,0,0,756,2074,0,0,3723,0,0,0,0,242,0,0,0,0,0,0,242,1,1.51147906246125
Granite County Sheriff's Office,2006-04-01,Montana,2993,MT02000,0,0,1,0,0,0,1,0,0,0,0,0,0,0,0,0,0,0,1,0,0,1,0,0,0,0,0,0,0,0,1,0,0,0,0,0,0,2,0,0,0,2,0,0,0,0,0,0,0,0,0,0,0,60,0,0,60,62,0,0,0,0,0,0,0,0,60,0,0,2,0,0,0,0,0,60,0,0,62,0,0,0,0,0,0,0,0,0,0,0,0,1,1.51147906246125
Granite County Sheriff's Office,2006-05-01,Montana,2993,MT02000,0,0,0,0,0,0,0,0,0,0,0,0,0,0,0,0,0,0,1,0,2,3,0,0,0,0,0,0,0,1,2,0,0,0,0,0,0,0,0,0,0,0,0,0,0,0,0,0,0,0,0,0,0,45,0,1965,2010,2010,0,0,0,0,0,0,0,45,1965,0,0,0,0,0,0,0,0,2010,0,0,2010,0,0,0,0,0,0,0,0,0,0,0,0,1,1.51147906246125
Granite County Sheriff's Office,2006-06-01,Montana,2993,MT02000,0,0,0,0,0,1,1,0,0,0,0,0,0,0,0,0,0,0,1,1,0,2,0,0,0,0,1,0,0,0,1,0,0,0,0,0,0,0,0,0,0,0,0,0,0,0,0,0,0,0,0,0,0,2,91,0,92,92,0,0,0,0,91,0,0,0,2,0,0,91,0,0,0,0,0,2,0,0,92,0,0,0,0,0,0,0,0,0,0,0,0,1,1.51147906246125
Granite County Sheriff's Office,2006-07-01,Montana,2993,MT02000,0,0,0,0,0,0,0,1,0,0,0,0,0,0,0,0,0,0,2,0,0,2,1,0,0,0,0,0,0,0,1,0,0,1,0,0,0,0,0,0,0,0,2,0,0,0,0,0,0,0,0,0,0,33,0,0,33,35,3,0,0,0,0,0,0,0,30,0,0,0,0,0,0,0,2,33,0,0,35,0,0,0,0,0,0,0,2,0,0,0,2,1,1.51147906246125
Granite County Sheriff's Office,2006-08-01,Montana,2993,MT02000,0,0,1,0,0,0,1,0,0,0,0,0,0,0,0,0,0,0,3,0,0,3,0,0,0,1,2,0,0,0,0,0,0,0,0,0,0,0,0,0,0,0,0,0,0,0,0,0,0,0,0,0,0,62,0,0,62,62,0,0,0,2,60,0,0,0,0,0,60,0,0,0,0,0,0,2,0,0,62,0,0,0,0,0,0,0,0,0,0,0,0,1,1.51147906246125
Granite County Sheriff's Office,2006-09-01,Montana,2993,MT02000,0,0,2,0,0,0,2,0,0,0,0,0,0,0,0,0,0,0,0,0,2,2,0,0,0,0,0,0,0,0,2,0,0,0,0,0,0,227,0,0,0,227,0,0,0,0,0,0,0,0,0,0,0,0,0,5107,5107,5334,0,0,0,0,0,0,0,0,5107,0,0,0,0,0,0,0,0,5334,0,0,5334,0,0,0,0,0,0,0,0,0,0,0,0,1,1.51147906246125
Granite County Sheriff's Office,2006-10-01,Montana,2993,MT02000,0,0,0,0,0,0,0,1,0,0,0,0,0,0,0,0,0,0,0,0,0,0,0,0,0,0,0,0,0,0,0,0,0,0,0,0,0,0,0,0,0,0,3,0,0,0,0,0,0,0,0,0,0,0,0,0,0,3,0,0,0,0,0,0,0,0,0,0,0,0,0,0,0,0,2,2,0,0,3,0,0,0,0,0,0,0,0,0,0,0,0,1,1.51147906246125
Granite County Sheriff's Office,2006-11-01,Montana,2993,MT02000,0,0,0,0,0,0,0,0,0,0,0,0,0,0,0,0,0,0,0,0,0,0,0,0,0,0,0,0,0,0,0,0,0,0,0,0,0,0,0,0,0,0,0,0,0,0,0,0,0,0,0,0,0,0,0,0,0,0,0,0,0,0,0,0,0,0,0,0,0,0,0,0,0,0,0,0,0,0,0,0,0,0,0,0,0,0,0,0,0,0,0,1,1.51147906246125
Granite County Sheriff's Office,2006-12-01,Montana,2993,MT02000,0,0,0,0,0,0,0,0,0,0,0,0,0,0,0,0,0,0,1,0,0,1,0,0,0,0,0,0,0,0,1,0,0,0,0,0,0,0,0,0,0,0,0,0,0,0,0,0,0,0,0,0,0,2,0,0,2,2,0,0,0,0,0,0,0,0,2,0,2,0,0,0,0,0,0,0,0,0,2,0,0,0,0,0,0,0,0,0,0,0,0,1,1.51147906246125
Granite County Sheriff's Office,2007-01-01,Montana,2947,MT02000,0,0,0,0,0,0,0,0,0,0,0,0,0,0,0,0,0,0,0,1,2,3,0,0,0,0,0,0,0,0,3,0,0,0,0,0,0,0,0,0,0,0,0,0,0,0,0,0,0,0,0,0,0,0,147,1029,1176,1176,0,0,0,0,0,0,0,0,1176,0,147,0,0,441,0,0,0,588,0,0,1176,0,0,0,0,0,0,0,0,0,0,0,0,1,1.46955740283082
Granite County Sheriff's Office,2007-02-01,Montana,2947,MT02000,0,0,0,0,0,0,0,0,0,0,0,0,0,0,0,0,0,0,0,0,0,0,0,0,0,0,0,0,0,0,0,0,0,0,0,0,0,0,0,0,0,0,0,0,0,0,0,0,0,0,0,0,0,0,0,0,0,0,0,0,0,0,0,0,0,0,0,0,0,0,0,0,0,0,0,0,0,0,0,0,0,0,0,0,0,0,0,0,0,0,0,1,1.46955740283082
Granite County Sheriff's Office,2007-03-01,Montana,2947,MT02000,0,0,0,0,0,0,0,1,0,0,0,0,0,0,0,0,0,0,1,1,3,5,0,0,0,1,1,0,0,0,3,0,0,0,0,0,0,0,0,0,0,0,1249,0,0,0,0,0,0,0,0,0,0,37,147,4409,4592,5841,0,0,0,37,1470,0,0,0,3086,0,0,147,0,0,0,0,1249,2976,1470,0,5841,0,0,0,0,0,0,0,0,37,0,0,37,1,1.46955740283082
Granite County Sheriff's Office,2007-04-01,Montana,2947,MT02000,0,0,0,0,0,0,0,0,0,0,0,0,0,0,0,0,0,0,0,0,1,1,0,0,0,0,0,0,0,0,1,0,0,0,0,0,0,0,0,0,0,0,0,0,0,0,0,0,0,0,0,0,0,0,0,1470,1470,1470,0,0,0,0,0,0,0,0,1470,0,0,0,0,0,0,0,0,1470,0,0,1470,0,0,0,0,0,0,0,0,0,0,0,0,1,1.46955740283082
Granite County Sheriff's Office,2007-05-01,Montana,2947,MT02000,0,0,0,0,0,0,0,0,0,0,0,0,0,0,0,0,0,0,0,2,2,4,0,1,0,2,0,0,0,0,1,0,0,0,0,0,0,0,0,0,0,0,0,0,0,0,0,0,0,0,0,0,0,0,294,6686,6980,6980,0,220,0,367,0,0,0,0,6393,441,73,0,0,0,0,0,0,6393,0,73,6980,0,0,0,0,0,0,0,0,0,0,0,0,1,1.46955740283082
Granite County Sheriff's Office,2007-06-01,Montana,2947,MT02000,0,0,0,0,0,1,1,1,0,0,0,0,0,0,0,0,0,0,4,2,2,8,0,0,0,3,0,0,0,0,5,0,0,1,0,0,0,0,0,0,1,1,2939,0,0,0,0,0,0,0,0,0,0,56,237,1910,2203,5143,0,0,0,157,0,0,0,0,2046,0,91,147,0,0,0,0,2939,1966,0,0,5143,0,0,0,0,0,0,0,2939,0,0,0,2939,1,1.46955740283082
Granite County Sheriff's Office,2007-07-01,Montana,2947,MT02000,0,0,0,0,0,0,0,0,0,0,0,0,0,0,0,0,0,0,2,1,3,6,0,0,0,2,1,0,0,0,3,0,0,0,0,0,0,0,0,0,0,0,0,0,0,0,0,0,0,0,0,0,0,3,73,3233,3309,3309,0,0,0,1543,1470,0,0,0,297,73,1,0,0,0,0,0,0,3234,0,0,3309,0,0,0,0,0,0,0,0,1,0,0,1,1,1.46955740283082
Granite County Sheriff's Office,2007-08-01,Montana,2947,MT02000,0,0,0,0,0,0,0,0,0,0,0,0,0,0,0,0,0,0,2,0,4,6,2,0,0,0,0,0,0,0,4,0,0,0,0,0,0,0,0,0,0,0,0,0,0,0,0,0,0,0,0,0,0,66,0,14055,14121,14121,11316,0,0,0,0,0,0,0,2805,1,65,0,0,0,0,0,0,14055,0,0,14121,0,0,0,0,0,0,0,0,0,0,0,0,1,1.46955740283082
Granite County Sheriff's Office,2007-09-01,Montana,2947,MT02000,0,0,0,0,0,0,0,0,0,0,0,0,0,0,0,0,0,0,1,1,2,4,0,0,0,0,0,0,0,0,4,0,0,0,0,0,0,0,0,0,0,0,0,0,0,0,0,0,0,0,0,0,0,1,147,1884,2032,2032,0,0,0,0,0,0,0,0,2032,0,1443,0,0,0,0,0,0,589,0,0,2032,0,0,0,0,0,0,0,0,0,0,0,0,1,1.46955740283082
Granite County Sheriff's Office,2007-10-01,Montana,2947,MT02000,0,0,0,0,0,1,1,0,0,0,0,0,0,0,0,0,0,0,1,0,0,1,0,0,0,0,0,0,0,0,1,0,0,0,0,0,0,0,0,0,0,0,0,0,0,0,0,0,0,0,0,0,0,72,0,0,72,72,0,0,0,0,0,0,0,0,72,0,72,0,0,0,0,0,0,0,0,0,72,0,0,0,0,0,0,0,0,0,0,0,0,1,1.46955740283082
Granite County Sheriff's Office,2007-11-01,Montana,2947,MT02000,1,0,0,0,0,0,1,0,0,0,0,0,0,0,0,0,0,0,0,2,0,2,0,0,0,1,0,0,0,0,1,0,0,0,0,0,176,0,0,0,0,176,0,0,0,0,0,0,0,0,0,0,0,0,382,0,382,558,0,0,0,206,0,0,0,0,176,0,0,220,0,0,0,0,0,338,0,0,558,0,0,0,0,0,0,0,0,0,0,0,0,1,1.46955740283082
Granite County Sheriff's Office,2007-12-01,Montana,2947,MT02000,0,0,0,0,0,0,0,0,0,0,0,0,0,0,0,0,0,0,2,0,0,2,0,0,0,0,0,0,0,0,2,0,0,0,0,0,0,0,0,0,0,0,0,0,0,0,0,0,0,0,0,0,0,96,0,0,96,96,0,0,0,0,0,0,0,0,96,0,96,0,0,0,0,0,0,0,0,0,96,0,0,0,0,0,0,0,0,0,0,0,0,1,1.46955740283082
Granite County Sheriff's Office,2008-01-01,Montana,2859,MT02000,0,0,0,0,0,1,1,0,0,0,0,0,0,0,0,0,0,0,0,1,1,2,0,0,0,0,1,0,0,0,1,0,0,0,0,0,0,0,0,0,2830,2830,0,0,0,0,0,0,0,0,0,0,0,0,142,1415,1557,4387,0,0,0,0,1415,0,0,0,142,0,142,0,0,0,1415,0,0,2830,0,0,4387,0,0,0,0,0,0,0,0,0,0,0,0,1,1.41522547733228
Granite County Sheriff's Office,2008-02-01,Montana,2859,MT02000,0,0,0,0,0,0,0,0,0,0,0,0,0,0,0,0,0,0,0,1,2,3,0,0,0,0,0,0,0,0,3,0,0,0,0,0,0,0,0,0,0,0,0,0,0,0,0,0,0,0,0,0,0,0,212,1344,1557,1557,0,0,0,0,0,0,0,0,1557,0,0,0,0,0,0,0,0,1557,0,0,1557,0,0,0,0,0,0,0,0,0,0,0,0,1,1.41522547733228
Granite County Sheriff's Office,2008-03-01,Montana,2859,MT02000,0,0,1,0,0,0,1,0,0,0,0,0,0,0,0,0,0,0,0,0,2,2,0,0,0,0,0,0,0,0,2,0,0,0,0,0,0,327,0,0,0,327,0,0,0,0,0,0,0,0,0,0,0,0,0,1344,1344,1671,0,0,0,0,0,0,0,0,1344,0,1,0,0,0,0,0,0,1670,0,0,1671,0,0,0,0,0,0,0,0,0,0,0,0,1,1.41522547733228
Granite County Sheriff's Office,2008-04-01,Montana,2859,MT02000,0,0,0,0,0,0,0,0,0,0,0,0,0,0,0,0,0,0,1,1,0,2,1,0,0,0,1,0,0,0,0,0,0,0,0,0,0,0,0,0,0,0,0,0,0,0,0,0,0,0,0,0,0,28,142,0,170,170,142,0,0,0,28,0,0,0,0,0,0,0,0,28,0,0,0,142,0,0,170,0,0,0,0,0,0,0,0,0,0,0,0,1,1.41522547733228
Granite County Sheriff's Office,2008-05-01,Montana,2859,MT02000,0,0,0,0,0,0,0,1,0,0,0,0,0,0,0,0,0,0,2,0,2,4,0,0,0,0,0,0,0,0,4,0,0,0,0,0,0,0,0,0,0,0,14152,0,0,0,0,0,0,0,0,0,0,30,0,2437,2467,16619,0,0,0,0,0,0,0,0,2467,1,0,0,0,28,0,0,7076,9513,0,0,16619,0,0,0,0,0,0,0,0,0,0,0,0,1,1.41522547733228
Granite County Sheriff's Office,2008-06-01,Montana,2859,MT02000,0,0,1,0,0,0,1,1,0,0,0,0,0,0,0,0,0,0,1,1,0,2,0,0,0,0,0,0,0,0,2,0,0,0,0,0,0,142,0,0,0,142,4246,0,0,0,0,0,0,0,0,0,0,1,174,0,175,4563,0,0,0,0,0,0,0,0,175,0,175,0,0,0,0,0,4246,0,0,142,4563,0,0,0,0,0,0,0,0,0,0,0,0,1,1.41522547733228
Granite County Sheriff's Office,2008-07-01,Montana,2859,MT02000,0,0,0,0,0,0,0,0,0,0,0,0,0,0,0,0,0,0,2,0,3,5,0,0,0,1,1,0,0,0,3,0,0,0,0,0,0,0,0,0,0,0,0,0,0,0,0,0,0,0,0,0,0,3,0,1132,1135,1135,0,0,0,283,283,0,0,0,569,0,0,0,0,0,0,0,0,852,0,283,1135,0,0,0,0,0,0,0,0,0,0,0,0,1,1.41522547733228
Granite County Sheriff's Office,2008-08-01,Montana,2859,MT02000,0,0,0,0,0,0,0,0,0,0,0,0,0,0,0,0,0,0,3,1,0,4,1,0,0,0,0,0,0,0,3,0,0,0,0,0,0,0,0,0,0,0,0,0,0,0,0,0,0,0,0,0,0,54,71,0,125,125,50,0,0,0,0,0,0,0,75,1,1,0,0,0,0,0,0,122,0,0,125,0,0,0,0,0,0,0,0,0,0,0,0,1,1.41522547733228
Granite County Sheriff's Office,2008-09-01,Montana,2859,MT02000,0,0,0,1,0,0,1,0,0,0,0,0,0,0,0,0,0,0,0,0,1,1,0,0,0,0,0,0,0,0,1,0,0,0,0,0,0,0,0,0,0,0,0,0,0,0,0,0,0,0,0,0,0,0,0,425,425,425,0,0,0,0,0,0,0,0,425,0,0,0,0,425,0,0,0,0,0,0,425,0,0,0,0,0,0,0,0,0,0,0,0,1,1.41522547733228
Granite County Sheriff's Office,2008-10-01,Montana,2859,MT02000,0,0,0,0,0,0,0,0,0,0,0,0,0,0,0,0,0,0,0,0,0,0,0,0,0,0,0,0,0,0,0,0,0,0,0,0,0,0,0,0,0,0,0,0,0,0,0,0,0,0,0,0,0,0,0,0,0,0,0,0,0,0,0,0,0,0,0,0,0,0,0,0,0,0,0,0,0,0,0,0,0,0,0,0,0,0,0,0,0,0,0,1,1.41522547733228
Granite County Sheriff's Office,2008-11-01,Montana,2859,MT02000,0,0,0,0,0,0,0,0,0,0,0,0,0,0,0,0,0,0,1,0,1,2,1,0,0,0,0,0,0,0,1,0,0,0,0,0,0,0,0,0,0,0,0,0,0,0,0,0,0,0,0,0,0,1,0,2830,2832,2832,2830,0,0,0,0,0,0,0,1,0,1,0,0,0,0,0,0,2830,0,0,2832,0,0,0,0,0,0,0,0,0,0,0,0,1,1.41522547733228
Granite County Sheriff's Office,2008-12-01,Montana,2859,MT02000,0,0,0,0,0,0,0,0,0,0,0,0,0,0,0,0,0,0,0,0,0,0,0,0,0,0,0,0,0,0,0,0,0,0,0,0,0,0,0,0,0,0,0,0,0,0,0,0,0,0,0,0,0,0,0,0,0,0,0,0,0,0,0,0,0,0,0,0,0,0,0,0,0,0,0,0,0,0,0,0,0,0,0,0,0,0,0,0,0,0,0,1,1.41522547733228
Granite County Sheriff's Office,2009-01-01,Montana,2818,MT02000,0,0,1,0,0,0,1,0,0,0,0,0,0,0,0,0,0,0,1,0,2,3,0,0,0,0,1,0,0,0,2,0,0,0,0,0,0,1,0,0,0,1,0,0,0,0,0,0,0,0,0,0,0,1,0,103680,103682,103683,0,0,0,0,1,0,0,0,103680,0,0,86637,0,0,0,0,0,17046,0,0,103683,0,0,0,0,0,0,0,0,0,0,0,0,1,1.42027521282265
Granite County Sheriff's Office,2009-02-01,Montana,2818,MT02000,0,0,1,0,0,0,1,0,0,0,0,0,0,0,0,0,0,0,0,0,2,2,0,0,0,0,0,0,0,0,2,0,0,0,0,0,0,0,0,0,0,0,0,0,0,0,0,0,0,0,0,0,0,0,0,4545,4545,4545,0,0,0,0,0,0,0,0,4545,0,0,0,0,0,0,0,0,4545,0,0,4545,0,0,0,0,0,0,0,0,0,0,0,0,1,1.42027521282265
Granite County Sheriff's Office,2009-03-01,Montana,2818,MT02000,0,0,0,0,0,0,0,0,0,0,0,0,0,0,0,0,0,0,0,0,4,4,2,0,0,0,0,0,0,0,2,0,0,0,0,0,0,0,0,0,0,0,0,0,0,0,0,0,0,0,0,0,0,0,0,5397,5397,5397,4261,0,0,0,0,0,0,0,1136,0,0,0,0,0,0,0,0,5397,0,0,5397,0,0,0,0,0,0,0,0,0,0,0,0,1,1.42027521282265
Granite County Sheriff's Office,2009-04-01,Montana,2818,MT02000,0,0,0,0,0,0,0,0,0,0,0,0,0,0,0,0,0,0,0,2,2,4,1,0,0,1,0,0,0,0,2,0,0,0,0,0,0,0,0,0,0,0,0,0,0,0,0,0,0,0,0,0,0,0,142,4267,4409,4409,1420,0,0,2846,0,0,0,0,142,0,71,0,1,71,0,0,0,4264,0,1,4409,0,0,0,0,0,0,0,0,0,0,0,0,1,1.42027521282265
Granite County Sheriff's Office,2009-05-01,Montana,2818,MT02000,0,0,0,0,0,0,0,0,0,0,0,0,0,0,0,0,0,0,0,0,0,0,0,0,0,0,0,0,0,0,0,0,0,0,0,0,0,0,0,0,0,0,0,0,0,0,0,0,0,0,0,0,0,0,0,0,0,0,0,0,0,0,0,0,0,0,0,0,0,0,0,0,0,0,0,0,0,0,0,0,0,0,0,0,0,0,0,0,0,0,0,1,1.42027521282265
Granite County Sheriff's Office,2009-06-01,Montana,2818,MT02000,0,0,0,0,0,0,0,0,0,0,0,0,0,0,0,0,0,0,2,0,1,3,0,0,0,2,0,0,0,0,1,0,0,0,0,0,0,0,0,0,0,0,0,0,0,0,0,0,0,0,0,0,0,44,0,497,541,541,0,0,0,499,0,0,0,0,43,1,0,0,0,0,0,0,0,43,0,497,541,0,0,0,0,0,0,0,0,0,0,0,0,1,1.42027521282265
Granite County Sheriff's Office,2009-07-01,Montana,2818,MT02000,0,0,0,0,0,0,0,1,0,0,0,0,0,0,0,0,0,0,1,1,0,2,0,0,0,0,0,0,0,0,2,0,0,1,0,0,0,0,0,0,0,0,17043,0,0,0,0,0,0,0,0,0,0,1,142,0,143,17187,0,0,0,0,0,0,0,0,143,0,0,0,0,0,0,0,17043,143,0,0,17187,0,0,0,0,0,0,0,17043,0,0,0,17043,1,1.42027521282265
Granite County Sheriff's Office,2009-08-01,Montana,2818,MT02000,1,0,0,1,0,0,2,0,0,0,0,0,0,0,0,0,0,0,1,1,2,4,0,0,1,1,0,0,0,0,2,0,0,0,0,0,0,0,0,710,0,710,0,0,0,0,0,0,0,0,0,0,0,1,71,50207,50279,50989,0,0,1,497,0,0,0,0,49781,0,0,1,0,0,0,0,0,50988,0,0,50989,0,0,0,0,0,0,0,0,0,0,0,0,1,1.42027521282265
Granite County Sheriff's Office,2009-09-01,Montana,2818,MT02000,0,0,0,0,0,1,1,0,0,0,0,0,0,0,0,0,0,0,0,0,1,1,1,0,0,0,0,0,0,0,0,0,0,0,0,0,0,0,0,0,142,142,0,0,0,0,0,0,0,0,0,0,0,0,0,426,426,568,426,0,0,0,0,0,0,0,0,0,0,0,0,0,0,0,0,568,0,0,568,0,0,0,0,0,0,0,0,0,0,0,0,1,1.42027521282265
Granite County Sheriff's Office,2009-10-01,Montana,2818,MT02000,0,0,0,0,1,0,1,0,0,0,0,0,0,0,0,0,0,0,3,1,2,6,0,0,0,0,0,0,0,0,6,0,0,0,0,0,0,0,43,0,0,43,0,0,0,0,0,0,0,0,0,0,0,89,142,2841,3072,3115,0,0,0,0,0,0,0,0,3072,0,131,142,0,0,0,0,0,2842,0,0,3115,0,0,0,0,0,0,0,0,0,0,0,0,1,1.42027521282265
Granite County Sheriff's Office,2009-11-01,Montana,2818,MT02000,0,0,0,0,0,0,0,0,0,0,0,0,0,1,0,0,0,1,1,3,1,5,0,0,0,0,0,0,0,0,5,0,0,0,0,0,0,0,0,0,0,0,0,0,0,0,0,0,284,0,0,0,284,36,359,2841,3235,3519,0,0,0,0,0,0,0,0,3235,0,75,284,0,2876,142,0,0,142,0,0,3519,0,0,0,0,0,0,0,0,0,0,0,0,1,1.42027521282265
Granite County Sheriff's Office,2009-12-01,Montana,2818,MT02000,1,0,0,0,0,0,1,0,0,0,0,0,0,0,0,0,0,0,3,1,2,6,0,0,0,0,1,0,1,0,4,0,0,0,0,0,43,0,0,0,0,43,0,0,0,0,0,0,0,0,0,0,0,3,142,1136,1281,1324,0,0,0,0,142,0,0,0,1139,0,43,0,0,0,0,0,0,1280,1,0,1324,0,0,0,0,0,0,0,0,0,0,0,0,1,1.42027521282265
Granite County Sheriff's Office,2010-01-01,Montana,3079,MT02000,0,0,0,0,0,0,0,0,0,0,0,0,0,0,0,0,0,0,3,0,1,4,0,0,0,0,1,0,0,1,2,0,0,0,0,0,0,0,0,0,0,0,0,0,0,0,0,0,0,0,0,0,0,45,0,489,534,534,0,0,0,0,1,0,0,7,525,0,43,0,0,0,0,0,0,489,0,1,534,0,7,0,0,0,0,0,0,0,0,0,7,1,1.3973579356326
Granite County Sheriff's Office,2010-02-01,Montana,3079,MT02000,0,0,0,0,0,0,0,0,0,0,0,0,0,0,0,0,0,0,2,0,1,3,0,0,0,0,0,0,0,0,3,0,0,0,0,0,0,0,0,0,0,0,0,0,0,0,0,0,0,0,0,0,0,82,0,2655,2737,2737,0,0,0,0,0,0,0,0,2737,0,82,0,0,0,0,0,0,2655,0,0,2737,0,0,0,0,0,0,0,0,0,0,0,0,1,1.3973579356326
Granite County Sheriff's Office,2010-03-01,Montana,3079,MT02000,0,0,0,0,0,0,0,1,0,0,0,0,0,0,0,0,0,0,2,1,1,4,0,1,0,0,0,0,0,0,3,0,0,0,0,0,0,0,0,0,0,0,1,0,0,0,0,0,0,0,0,0,0,17,140,419,576,577,0,140,0,0,0,0,0,0,436,0,3,0,0,0,0,0,1,573,0,0,577,0,0,0,0,0,0,0,0,0,0,0,0,1,1.3973579356326
Granite County Sheriff's Office,2010-04-01,Montana,3079,MT02000,0,0,0,0,0,0,0,1,0,0,0,0,0,0,0,0,0,0,2,1,3,6,0,0,0,0,1,0,0,0,5,0,0,0,0,0,0,0,0,0,0,0,1397,0,0,0,0,0,0,0,0,0,0,52,70,5451,5573,6970,0,0,0,0,840,0,0,0,4733,0,50,0,0,4192,70,0,1397,1260,0,0,6970,0,0,0,0,0,0,0,0,0,0,0,0,1,1.3973579356326
Granite County Sheriff's Office,2010-05-01,Montana,3079,MT02000,1,0,0,0,0,1,2,0,0,0,0,0,0,0,0,0,0,0,1,3,2,6,1,0,0,1,0,0,0,0,4,0,0,0,0,0,1956,0,0,0,42,1998,0,0,0,0,0,0,0,0,0,0,0,1,279,1537,1818,3816,140,0,0,419,0,0,0,0,1259,0,43,0,0,0,70,0,0,3703,0,0,3816,0,0,0,0,0,0,0,0,0,0,0,0,1,1.3973579356326
Granite County Sheriff's Office,2010-06-01,Montana,3079,MT02000,0,0,0,0,0,0,0,0,0,0,0,0,0,0,0,0,0,0,1,3,4,8,1,0,0,1,0,0,0,0,6,0,0,0,0,0,0,0,0,0,0,0,0,0,0,0,0,0,0,0,0,0,0,1,559,3007,3567,3567,1397,0,0,338,0,0,0,0,1832,1,419,335,0,0,140,0,0,2672,0,0,3567,0,0,0,0,0,0,0,0,0,0,0,0,1,1.3973579356326
Granite County Sheriff's Office,2010-07-01,Montana,3079,MT02000,0,0,0,0,0,0,0,0,0,0,0,0,0,0,0,0,0,0,1,2,5,8,1,1,0,0,0,0,0,0,6,0,0,0,0,0,0,0,0,0,0,0,0,0,0,0,0,0,0,0,0,0,0,42,210,6009,6260,6260,2096,70,0,0,0,0,0,0,4094,279,42,0,0,0,0,0,0,5939,0,0,6260,0,0,0,0,0,0,0,0,0,0,0,0,1,1.3973579356326
Granite County Sheriff's Office,2010-08-01,Montana,3079,MT02000,0,1,0,0,1,0,2,0,0,0,0,0,0,0,0,0,0,0,1,2,4,7,0,1,0,0,3,0,0,0,3,0,0,0,0,978,0,0,143,0,0,1121,0,0,0,0,0,0,0,0,0,0,0,0,210,12576,12786,13907,0,140,0,0,9851,0,0,0,2795,0,141,0,978,9083,0,0,0,3006,0,699,13907,0,1,0,0,0,0,0,0,1,0,0,3,1,1.3973579356326
Granite County Sheriff's Office,2010-09-01,Montana,3079,MT02000,0,0,0,0,0,0,0,0,0,0,0,0,0,0,0,0,0,0,3,0,2,5,0,0,0,0,0,0,0,0,5,0,0,0,0,0,0,0,0,0,0,0,0,0,0,0,0,0,0,0,0,0,0,31,0,5729,5760,5760,0,0,0,0,0,0,0,0,5760,0,29,0,0,0,2096,0,0,3635,0,0,5760,0,0,0,0,0,0,0,0,0,0,0,0,1,1.3973579356326
Granite County Sheriff's Office,2010-10-01,Montana,3079,MT02000,0,0,0,0,0,0,0,0,0,0,0,0,0,0,0,0,0,0,1,3,1,5,0,0,0,2,0,0,0,0,3,0,0,0,0,0,0,0,0,0,0,0,0,0,0,0,0,0,0,0,0,0,0,21,285,419,725,725,0,0,0,210,0,0,0,0,516,70,96,0,0,0,0,0,0,559,0,0,725,0,0,0,0,0,0,0,0,0,0,0,0,1,1.3973579356326
Granite County Sheriff's Office,2010-11-01,Montana,3079,MT02000,0,0,0,0,0,0,0,0,0,0,0,0,0,0,0,0,0,0,0,0,3,3,0,0,0,1,0,0,0,0,2,0,0,0,0,0,0,0,0,0,0,0,0,0,0,0,0,0,0,0,0,0,0,0,0,3144,3144,3144,0,0,0,1118,0,0,0,0,2026,0,0,0,1747,0,0,0,0,978,419,0,3144,0,0,0,0,0,0,0,0,0,0,0,0,1,1.3973579356326
Granite County Sheriff's Office,2010-12-01,Montana,3079,MT02000,0,0,0,0,0,0,0,0,0,0,0,0,0,0,0,0,0,0,4,0,5,9,0,0,0,0,0,0,0,0,9,0,0,0,0,0,0,0,0,0,0,0,0,0,0,0,0,0,0,0,0,0,0,70,0,5799,5869,5869,0,0,0,0,0,0,0,0,5869,0,53,14,0,0,0,0,0,5802,0,0,5869,0,0,0,0,0,0,0,0,0,0,0,0,1,1.3973579356326
Granite County Sheriff's Office,2011-01-01,Montana,3106,MT02000,0,0,0,0,0,0,0,0,0,0,0,0,0,0,0,0,0,0,0,0,0,0,0,0,0,0,0,0,0,0,0,0,0,0,0,0,0,0,0,0,0,0,0,0,0,0,0,0,0,0,0,0,0,0,0,0,0,0,0,0,0,0,0,0,0,0,0,0,0,0,0,0,0,0,0,0,0,0,0,0,0,0,0,0,0,0,0,0,0,0,0,1,1.35459550174677
Granite County Sheriff's Office,2011-02-01,Montana,3106,MT02000,0,0,0,0,0,0,0,0,0,0,0,0,0,0,0,0,0,0,2,0,3,5,0,0,0,0,1,0,0,0,4,0,0,0,0,0,0,0,0,0,0,0,0,0,0,0,0,0,0,0,0,0,0,54,0,3861,3915,3915,0,0,0,0,1355,0,0,0,2560,0,14,41,0,0,0,0,0,3861,0,0,3915,0,0,0,0,0,0,0,0,0,0,0,0,1,1.35459550174677
Granite County Sheriff's Office,2011-03-01,Montana,3106,MT02000,0,0,0,0,0,0,0,0,0,0,0,0,0,0,0,0,0,0,1,0,0,1,0,0,0,0,0,0,0,0,1,0,0,0,0,0,0,0,0,0,0,0,0,0,0,0,0,0,0,0,0,0,0,27,0,0,27,27,0,0,0,0,0,0,0,0,27,0,27,0,0,0,0,0,0,0,0,0,27,0,0,0,0,0,0,0,0,0,0,0,0,1,1.35459550174677
Granite County Sheriff's Office,2011-04-01,Montana,3106,MT02000,0,0,0,0,0,0,0,0,0,0,0,0,0,0,0,0,0,0,1,1,3,5,0,0,0,0,0,0,0,0,5,0,0,0,0,0,0,0,0,0,0,0,0,0,0,0,0,0,0,0,0,0,0,3,81,4123,4207,4207,0,0,0,0,0,0,0,0,4207,0,669,0,0,0,0,0,0,3457,0,81,4207,0,0,0,0,0,0,0,0,0,0,0,0,1,1.35459550174677
Granite County Sheriff's Office,2011-05-01,Montana,3106,MT02000,0,0,0,0,0,0,0,0,0,0,0,0,0,0,0,0,0,0,1,2,0,3,0,0,0,0,0,0,0,0,3,0,0,0,0,0,0,0,0,0,0,0,0,0,0,0,0,0,0,0,0,0,0,41,325,0,366,366,0,0,0,0,0,0,0,0,366,0,0,0,0,0,135,0,0,230,0,0,366,0,0,0,0,0,0,0,0,0,0,0,0,1,1.35459550174677
Granite County Sheriff's Office,2011-06-01,Montana,3106,MT02000,0,0,0,0,0,0,0,0,0,0,0,0,0,0,0,0,0,0,0,3,8,11,0,0,0,0,1,0,0,0,10,0,0,0,0,0,0,0,0,0,0,0,0,0,0,0,0,0,0,0,0,0,0,0,298,5676,5974,5974,0,0,0,0,542,0,0,0,5432,0,95,0,0,0,0,0,0,5608,0,271,5974,0,0,0,0,0,0,0,0,0,0,0,0,1,1.35459550174677
Granite County Sheriff's Office,2011-07-01,Montana,3106,MT02000,0,0,0,0,0,0,0,0,0,0,0,0,0,0,0,0,0,0,2,2,1,5,1,0,0,0,0,0,0,0,4,0,0,0,0,0,0,0,0,0,0,0,0,0,0,0,0,0,0,0,0,0,0,28,203,1355,1586,1586,1,0,0,0,0,0,0,0,1585,0,27,0,0,0,0,0,0,1559,0,0,1586,0,0,0,0,0,0,0,0,0,0,0,0,1,1.35459550174677
Granite County Sheriff's Office,2011-08-01,Montana,3106,MT02000,0,0,0,0,0,0,0,0,0,0,0,0,0,0,0,0,0,0,2,3,2,7,1,0,0,1,0,0,0,0,5,0,0,0,0,0,0,0,0,0,0,0,0,0,0,0,0,0,0,0,0,0,0,42,312,596,950,950,68,0,0,271,0,0,0,0,611,0,41,56,0,108,0,0,0,745,0,0,950,0,0,0,0,0,0,0,0,0,0,0,0,1,1.35459550174677
Granite County Sheriff's Office,2011-09-01,Montana,3106,MT02000,1,0,0,0,0,1,2,0,0,0,0,0,0,0,0,0,0,0,1,3,2,6,0,0,0,0,0,0,0,0,6,0,0,0,0,0,677,0,0,0,271,948,0,0,0,0,0,0,0,0,0,0,0,34,244,41992,42270,43218,0,0,0,0,0,0,0,0,42270,0,142,745,0,0,39283,0,0,3048,0,0,43218,0,0,0,0,0,0,0,0,0,0,0,0,1,1.35459550174677
Granite County Sheriff's Office,2011-10-01,Montana,3106,MT02000,0,0,0,0,0,0,0,0,0,0,0,0,0,0,0,0,0,0,1,0,3,4,0,0,0,1,0,0,0,0,3,0,0,0,0,0,0,0,0,0,0,0,0,0,0,0,0,0,0,0,0,0,0,64,0,948,1012,1012,0,0,0,406,0,0,0,0,606,3,0,61,406,0,0,0,0,542,0,0,1012,0,0,0,0,0,0,0,0,0,0,0,0,1,1.35459550174677
Granite County Sheriff's Office,2011-11-01,Montana,3106,MT02000,0,0,0,0,0,0,0,0,0,0,0,0,0,0,0,0,0,0,0,0,0,0,0,0,0,0,0,0,0,0,0,0,0,0,0,0,0,0,0,0,0,0,0,0,0,0,0,0,0,0,0,0,0,0,0,0,0,0,0,0,0,0,0,0,0,0,0,0,0,0,0,0,0,0,0,0,0,0,0,0,0,0,0,0,0,0,0,0,0,0,0,1,1.35459550174677
Granite County Sheriff's Office,2011-12-01,Montana,3106,MT02000,0,0,0,1,1,0,2,0,0,0,0,0,0,0,0,0,0,0,2,0,2,4,1,0,0,0,2,0,0,0,1,0,0,0,0,0,0,0,2652,271,0,2923,0,0,0,0,0,0,0,0,0,0,0,42,0,3923,3965,6888,41,0,0,0,2949,0,0,0,975,0,1,0,135,0,0,0,0,5397,0,1355,6888,0,0,0,0,0,0,0,0,0,0,0,0,1,1.35459550174677
Granite County Sheriff's Office,2012-01-01,Montana,3089,MT02000,0,0,0,0,0,0,0,0,0,0,0,0,0,0,0,0,0,0,1,0,0,1,0,0,0,0,0,0,0,0,1,0,0,0,0,0,0,0,0,0,0,0,0,0,0,0,0,0,0,0,0,0,0,13,0,0,13,13,0,0,0,0,0,0,0,0,13,0,0,0,0,0,0,0,0,13,0,0,13,0,0,0,0,0,0,0,0,13,0,0,13,1,1.32713265123532
Granite County Sheriff's Office,2012-02-01,Montana,3089,MT02000,0,0,0,0,0,0,0,0,0,0,0,0,0,0,0,0,0,0,1,0,2,3,0,0,0,0,2,0,0,0,1,0,0,0,0,0,0,0,0,0,0,0,0,0,0,0,0,0,0,0,0,0,0,53,0,1267,1320,1320,0,0,0,0,1267,0,0,0,53,0,53,0,0,272,0,0,0,995,0,0,1320,0,0,0,0,0,0,0,0,0,0,0,0,1,1.32713265123532
Granite County Sheriff's Office,2012-03-01,Montana,3089,MT02000,0,0,0,0,0,0,0,0,0,0,0,0,0,0,0,0,0,0,3,0,0,3,1,0,0,0,1,0,0,0,1,0,0,0,0,0,0,0,0,0,0,0,0,0,0,0,0,0,0,0,0,0,0,53,0,0,53,53,0,0,0,0,13,0,0,0,40,0,40,0,0,0,0,0,0,13,0,0,53,0,0,0,0,0,0,0,0,13,0,0,13,1,1.32713265123532
Granite County Sheriff's Office,2012-04-01,Montana,3089,MT02000,0,0,0,0,0,0,0,0,0,0,0,0,0,0,0,0,0,0,3,0,2,5,1,0,0,0,0,0,0,0,4,0,0,0,0,0,0,0,0,0,0,0,0,0,0,0,0,0,0,0,0,0,0,29,0,1792,1821,1821,664,0,0,0,0,0,0,0,1157,0,27,0,0,930,0,0,0,864,0,0,1821,0,0,0,0,0,0,0,0,0,0,0,0,1,1.32713265123532
Granite County Sheriff's Office,2012-05-01,Montana,3089,MT02000,0,0,0,0,0,1,1,0,0,0,0,0,0,0,0,0,0,0,1,1,1,3,0,0,0,0,1,0,0,0,2,0,0,0,0,0,0,0,0,0,0,0,0,0,0,0,0,0,0,0,0,0,0,40,66,2654,2760,2760,0,0,0,0,66,0,0,0,2694,0,40,2654,0,0,0,0,0,66,0,0,2760,0,0,0,0,0,0,0,0,0,0,0,0,1,1.32713265123532
Granite County Sheriff's Office,2012-06-01,Montana,3089,MT02000,0,0,0,0,0,0,0,0,0,0,0,0,0,0,0,0,0,0,3,2,0,5,2,0,0,0,0,0,0,0,3,0,0,0,0,0,0,0,0,0,0,0,0,0,0,0,0,0,0,0,0,0,0,73,265,0,338,338,33,0,0,0,0,0,0,0,305,66,40,0,0,0,0,0,0,232,0,0,338,0,0,0,0,0,0,0,0,0,0,0,0,1,1.32713265123532
Granite County Sheriff's Office,2012-07-01,Montana,3089,MT02000,0,0,0,0,0,0,0,0,0,0,0,0,0,0,0,0,0,0,2,2,0,4,0,0,0,0,0,0,0,0,4,0,0,0,0,0,0,0,0,0,0,0,0,0,0,0,0,0,0,0,0,0,0,3,199,0,202,202,0,0,0,0,0,0,0,0,202,0,1,133,0,0,0,0,0,68,0,0,202,0,0,0,0,0,0,0,0,0,0,0,0,1,1.32713265123532
Granite County Sheriff's Office,2012-08-01,Montana,3089,MT02000,0,0,0,0,1,0,1,1,0,0,0,0,0,0,0,0,0,0,1,0,4,5,0,0,0,0,0,0,0,0,5,0,0,0,0,0,0,0,3319,0,0,3319,2654,0,0,0,0,0,0,0,0,0,0,1,0,4904,4905,10879,0,0,0,0,0,0,0,0,4958,0,3671,0,0,0,0,0,2654,3014,1593,0,10932,0,0,0,0,0,0,0,0,0,0,0,0,1,1.32713265123532
Granite County Sheriff's Office,2012-09-01,Montana,3089,MT02000,0,0,0,0,0,0,0,1,0,0,0,0,0,0,0,0,0,0,1,0,2,3,0,0,0,1,1,0,0,0,1,0,0,0,0,0,0,0,0,0,0,0,3318,0,0,0,0,0,0,0,0,0,0,1,0,1194,1196,4514,0,0,0,929,265,0,0,0,1,0,0,0,0,0,0,0,3318,1196,0,0,4514,0,0,0,0,0,0,0,0,0,0,0,0,1,1.32713265123532
Granite County Sheriff's Office,2012-10-01,Montana,3089,MT02000,0,0,0,0,0,0,0,0,0,0,0,0,0,0,0,0,0,0,0,0,5,5,0,0,0,1,0,0,0,0,4,0,0,0,0,0,0,0,0,0,0,0,0,0,0,0,0,0,0,0,0,0,0,0,0,2057,2057,2057,0,0,0,265,0,0,0,0,1792,0,597,0,265,0,0,0,0,1194,0,0,2057,0,0,0,0,0,0,0,0,0,0,0,0,1,1.32713265123532
Granite County Sheriff's Office,2012-11-01,Montana,3089,MT02000,0,0,0,0,0,0,0,0,0,0,0,0,0,0,0,0,0,0,0,3,4,7,0,0,0,2,0,0,0,0,5,0,0,0,0,0,0,0,0,0,0,0,0,0,0,0,0,0,0,0,0,0,0,0,200,2921,3121,3121,0,0,0,597,0,0,0,0,2524,68,597,0,265,0,0,0,0,2191,0,0,3121,0,0,0,0,0,0,0,0,0,0,0,0,1,1.32713265123532
Granite County Sheriff's Office,2012-12-01,Montana,3089,MT02000,0,1,0,0,0,0,1,0,0,0,0,0,0,0,0,0,0,0,1,0,2,3,0,0,0,0,2,0,0,0,1,0,0,0,0,664,0,0,0,0,0,664,0,0,0,0,0,0,0,0,0,0,0,3,0,5309,5311,5975,0,0,0,0,1330,0,0,0,3981,3981,0,664,0,1,0,0,0,1328,0,0,5975,0,0,0,0,0,0,0,0,2256,0,0,2256,1,1.32713265123532
Granite County Sheriff's Office,2014-01-01,Montana,3161,MT02000,0,0,0,0,0,0,0,0,0,0,0,0,0,0,0,0,0,0,0,1,1,2,0,0,0,1,0,0,0,0,1,0,0,0,0,0,0,0,0,0,0,0,0,0,0,0,0,0,0,0,0,0,0,0,64,386,450,450,0,0,0,64,0,0,0,0,386,0,64,0,0,0,0,0,0,386,0,0,450,0,0,0,0,0,0,0,0,0,0,0,0,1,1.28709350845562
Granite County Sheriff's Office,2014-02-01,Montana,3161,MT02000,0,1,0,0,0,0,1,1,0,0,0,0,0,0,0,0,0,0,0,1,1,2,0,0,0,1,0,0,0,0,1,0,0,1,0,61780,0,0,0,0,0,61780,12871,0,0,0,0,0,0,0,0,0,0,0,129,270,399,75050,0,0,0,270,0,0,0,0,129,0,0,13,0,0,0,0,43761,31276,0,0,75050,0,0,0,0,0,0,0,12871,0,0,0,12871,1,1.28709350845562
Granite County Sheriff's Office,2014-03-01,Montana,3161,MT02000,0,0,0,0,0,0,0,1,0,0,0,0,0,0,0,0,0,0,1,1,2,4,1,0,0,1,1,0,0,0,1,0,0,0,0,0,0,0,0,0,0,0,7723,0,0,0,0,0,0,0,0,0,0,0,64,7079,7143,14866,0,0,0,644,64,0,0,0,6435,515,64,0,0,0,6435,0,7723,129,0,0,14866,0,0,0,0,0,0,0,0,0,0,0,0,1,1.28709350845562
Granite County Sheriff's Office,2014-04-01,Montana,3161,MT02000,1,0,0,0,0,0,1,2,0,0,0,0,0,0,0,0,0,0,0,0,2,2,1,0,0,0,1,0,0,0,0,0,0,0,0,0,0,0,0,0,0,0,9010,0,0,0,0,0,0,0,0,0,0,0,0,1457,1457,10467,813,0,0,0,644,0,0,0,0,0,0,0,0,0,0,0,7723,2101,644,0,10467,0,0,0,0,0,0,0,0,0,0,0,0,1,1.28709350845562
Granite County Sheriff's Office,2014-05-01,Montana,3161,MT02000,1,0,0,0,0,0,1,0,0,0,0,0,0,0,0,0,0,0,0,0,2,2,0,0,0,0,1,0,0,0,1,0,0,0,0,0,122,0,0,0,0,122,0,0,0,0,0,0,0,0,0,0,0,0,0,1545,1545,1667,0,0,0,0,1287,0,0,0,257,0,0,122,0,0,0,0,0,1545,0,0,1667,0,0,0,0,0,0,0,0,0,0,0,0,1,1.28709350845562
Granite County Sheriff's Office,2014-06-01,Montana,3161,MT02000,0,0,0,0,0,0,0,0,0,0,0,0,0,0,0,0,0,0,0,0,1,1,0,0,0,0,1,0,0,0,0,0,0,0,0,0,0,0,0,0,0,0,0,0,0,0,0,0,0,0,0,0,0,0,0,1545,1545,1545,0,0,0,0,1545,0,0,0,0,0,0,0,0,0,0,0,0,1545,0,0,1545,0,0,0,0,0,0,0,0,0,0,0,0,1,1.28709350845562
Granite County Sheriff's Office,2014-07-01,Montana,3161,MT02000,0,0,0,0,0,0,0,0,0,0,0,0,0,0,0,0,0,0,0,0,1,1,0,0,0,1,0,0,0,0,0,0,0,0,0,0,0,0,0,0,0,0,0,0,0,0,0,0,0,0,0,0,0,0,0,412,412,412,0,0,0,412,0,0,0,0,0,0,412,0,0,0,0,0,0,0,0,0,412,0,0,0,0,0,0,0,0,0,0,0,0,1,1.28709350845562
Granite County Sheriff's Office,2014-08-01,Montana,3161,MT02000,1,0,0,1,0,0,2,0,0,0,0,0,0,0,0,0,0,0,0,0,6,6,1,0,0,0,2,0,0,0,3,0,0,0,0,0,129,0,0,772,0,901,0,0,0,0,0,0,0,0,0,0,0,0,0,6410,6410,7311,772,0,0,0,1390,0,0,0,4247,0,129,2574,0,0,0,0,0,4608,0,0,7311,0,0,0,0,0,0,0,0,0,0,0,0,1,1.28709350845562
Granite County Sheriff's Office,2014-09-01,Montana,3161,MT02000,0,0,0,0,0,0,0,1,0,0,0,0,0,0,0,0,0,0,1,2,3,6,0,1,0,1,1,0,0,0,3,0,0,0,0,0,0,0,0,0,0,0,2574,0,0,0,0,0,0,0,0,0,0,60,386,4774,5220,7795,0,2264,0,193,60,0,0,0,2703,60,0,0,0,0,0,0,2574,4967,0,193,7795,0,0,0,0,0,0,0,0,2264,0,0,2264,1,1.28709350845562
Granite County Sheriff's Office,2014-10-01,Montana,3161,MT02000,0,0,0,0,0,1,1,0,0,0,0,0,0,0,0,0,0,0,0,1,3,4,0,0,0,0,1,0,0,0,3,0,0,0,0,0,0,0,0,0,386,386,0,0,0,0,0,0,0,0,0,0,0,0,160,3218,3377,3763,0,0,0,0,1287,0,0,0,2090,0,0,129,257,0,0,0,0,3377,0,0,3763,0,0,0,0,0,0,0,0,0,0,0,0,1,1.28709350845562
Granite County Sheriff's Office,2014-11-01,Montana,3161,MT02000,0,0,0,0,0,0,0,0,0,0,0,0,0,0,0,0,0,0,0,0,2,2,0,0,0,0,1,0,0,0,1,0,0,0,0,0,0,0,0,0,0,0,0,0,0,0,0,0,0,0,0,0,0,0,0,5226,5226,5226,0,0,0,0,3681,0,0,0,1545,0,0,0,0,0,0,0,0,5226,0,0,5226,0,0,0,0,0,0,0,0,0,0,0,0,1,1.28709350845562
Granite County Sheriff's Office,2014-12-01,Montana,3161,MT02000,0,0,1,0,0,0,1,0,0,0,0,0,0,0,0,0,0,0,1,1,4,6,1,0,0,4,0,0,0,0,1,0,0,0,0,0,0,58,0,0,0,58,0,0,0,0,0,0,0,0,0,0,0,6,129,4568,4703,4761,1802,0,0,2772,0,0,0,0,129,0,26,32,0,0,0,0,0,4254,0,449,4761,0,0,0,0,0,0,0,0,0,0,0,0,1,1.28709350845562
Granite County Sheriff's Office,2015-01-01,Montana,3246,MT02000,0,0,0,0,1,0,1,0,0,1,0,0,0,0,0,0,0,0,1,1,1,3,0,0,0,2,0,0,0,0,1,0,0,0,0,0,0,0,257,0,0,257,0,0,0,0,0,0,0,0,0,0,0,26,193,900,1118,1376,0,0,0,219,0,0,0,0,900,0,257,0,0,0,0,0,0,1118,0,0,1376,0,0,0,0,0,0,0,0,0,0,0,0,1,1.28556847539769
Granite County Sheriff's Office,2015-02-01,Montana,3246,MT02000,0,0,0,0,0,0,0,1,0,0,0,0,0,0,0,0,0,0,1,2,5,8,0,0,0,7,1,0,0,0,0,0,0,0,0,0,0,0,0,0,0,0,3857,0,0,0,0,0,0,0,0,0,0,26,193,5279,5497,9354,0,0,0,5369,129,0,0,0,0,64,129,0,643,0,0,0,3857,4660,0,1,9354,0,0,0,0,0,0,0,0,0,0,0,0,1,1.28556847539769
Granite County Sheriff's Office,2015-03-01,Montana,3246,MT02000,0,0,0,0,0,0,0,1,0,0,0,0,0,0,0,0,0,0,0,1,1,2,0,0,0,1,1,0,0,0,0,0,0,0,0,0,0,0,0,0,0,0,1286,0,0,0,0,0,0,0,0,0,0,0,231,1196,1427,2713,0,0,0,231,1196,0,0,0,0,0,0,0,0,0,0,0,1286,1427,0,0,2713,0,0,0,0,0,0,0,0,0,0,1,1,1,1.28556847539769
Granite County Sheriff's Office,2015-04-01,Montana,3246,MT02000,0,0,0,1,0,0,1,1,0,0,0,0,0,0,0,0,0,0,0,1,3,4,0,1,0,0,0,0,0,0,3,0,0,0,0,0,0,0,0,221,0,221,6428,0,0,0,0,0,0,0,0,0,0,0,129,130485,130614,137263,0,1286,0,0,0,0,0,0,129328,0,93,0,0,0,0,0,6428,130742,0,0,137263,0,0,0,0,0,0,0,0,129842,0,0,129842,1,1.28556847539769
Granite County Sheriff's Office,2015-05-01,Montana,3246,MT02000,0,0,0,0,0,0,0,0,0,0,0,0,0,0,0,0,0,0,1,1,1,3,2,0,0,0,0,0,0,0,1,0,0,0,0,0,0,0,0,0,0,0,0,0,0,0,0,0,0,0,0,0,0,0,255,1928,2183,2183,1928,0,0,0,0,0,0,0,255,0,0,255,0,0,0,0,0,1928,0,0,2183,0,0,0,0,0,0,0,0,0,0,0,0,1,1.28556847539769
Granite County Sheriff's Office,2015-06-01,Montana,3246,MT02000,1,0,0,0,0,0,1,0,0,0,0,0,0,0,0,0,0,0,1,0,3,4,1,0,0,0,0,0,0,0,3,0,0,0,0,0,64,0,0,0,0,64,0,0,0,0,0,0,0,0,0,0,0,0,0,12241,12241,12305,0,0,0,0,0,0,0,0,12241,0,64,0,0,0,0,0,0,11856,0,386,12305,0,0,0,0,0,0,0,0,0,0,0,0,1,1.28556847539769
Granite County Sheriff's Office,2015-07-01,Montana,3246,MT02000,0,0,0,0,0,0,0,1,0,0,0,0,0,0,0,0,0,0,1,0,4,5,1,0,0,1,0,0,0,0,3,0,0,0,0,0,0,0,0,0,0,0,4499,0,0,0,0,0,0,0,0,0,0,0,0,8642,8642,13141,0,0,0,386,0,0,0,0,8256,0,0,0,386,0,0,0,4499,7384,0,872,13141,0,0,0,0,0,0,0,0,0,0,0,0,1,1.28556847539769
Granite County Sheriff's Office,2015-08-01,Montana,3246,MT02000,2,2,1,0,0,0,5,1,0,0,0,0,0,0,0,0,0,0,3,0,5,8,1,0,0,0,1,0,0,1,5,0,0,0,0,7585,13,643,0,0,0,8240,2378,0,0,0,0,0,0,0,0,0,0,28,0,15733,15761,26380,0,0,0,0,4163,0,0,15,11583,0,13,4176,7906,0,6428,0,1928,4386,1543,0,26380,0,0,0,0,0,0,0,0,0,0,0,0,1,1.28556847539769
Granite County Sheriff's Office,2015-09-01,Montana,3246,MT02000,0,0,0,0,0,0,0,1,0,0,0,0,0,0,0,0,0,0,0,1,3,4,0,0,0,0,1,0,0,0,3,0,0,0,0,0,0,0,0,0,0,0,3857,0,0,0,0,0,0,0,0,0,0,0,64,12726,12790,16647,0,0,0,0,3342,0,0,0,9448,0,0,0,0,0,0,0,3857,3407,386,8998,16647,0,0,0,0,0,0,0,0,0,0,0,0,1,1.28556847539769
Granite County Sheriff's Office,2015-10-01,Montana,3246,MT02000,0,0,0,0,0,0,0,0,0,0,0,0,0,0,0,0,0,0,0,0,1,1,0,0,0,0,0,0,0,0,1,0,0,0,0,0,0,0,0,0,0,0,0,0,0,0,0,0,0,0,0,0,0,0,0,7521,7521,7521,0,0,0,0,0,0,0,0,7521,0,0,0,7456,0,0,0,0,64,0,0,7521,0,0,0,0,0,0,0,0,0,0,0,0,1,1.28556847539769
Granite County Sheriff's Office,2015-11-01,Montana,3246,MT02000,0,0,0,0,0,0,0,1,0,0,0,0,0,0,0,0,0,0,0,1,2,3,0,0,0,2,0,0,0,0,1,0,0,1,0,0,0,0,0,0,0,0,10927,0,0,0,0,0,0,0,0,0,0,0,64,1360,1424,12352,0,0,0,900,0,0,0,0,525,0,0,0,0,0,0,0,9642,2710,0,0,12352,0,0,0,0,0,0,0,9642,1286,0,0,10927,1,1.28556847539769
Granite County Sheriff's Office,2015-12-01,Montana,3246,MT02000,0,0,0,0,0,0,0,0,0,0,0,0,0,0,0,0,0,0,0,0,0,0,0,0,0,0,0,0,0,0,0,0,0,0,0,0,0,0,0,0,0,0,0,0,0,0,0,0,0,0,0,0,0,0,0,0,0,0,0,0,0,0,0,0,0,0,0,0,0,0,0,0,0,0,0,0,0,0,0,0,0,0,0,0,0,0,0,0,0,0,0,1,1.28556847539769
Granite County Sheriff's Office,2016-01-01,Montana,3277,MT02000,0,0,0,0,0,0,0,3,0,0,0,0,0,0,0,0,0,0,0,0,2,2,0,0,0,0,0,0,0,0,2,0,0,0,0,0,0,0,0,0,0,0,32374,0,0,0,0,0,0,0,0,0,0,0,0,12047,12047,44420,0,0,0,0,0,0,0,0,12047,0,0,0,0,0,0,0,30469,12170,1781,0,44420,0,0,0,0,0,0,0,0,7624,0,0,7624,1,1.26955202032162
Granite County Sheriff's Office,2016-02-01,Montana,3277,MT02000,0,0,0,0,0,0,0,0,0,1,0,0,0,0,0,0,0,0,0,1,1,2,0,0,0,0,0,0,0,0,2,0,0,0,0,0,0,0,0,0,0,0,0,0,0,0,0,0,0,0,0,0,0,0,136,342,477,477,0,0,0,0,0,0,0,0,477,0,0,136,0,0,0,0,0,114,0,227,477,0,0,0,0,0,0,0,0,0,0,0,0,1,1.26955202032162
Granite County Sheriff's Office,2016-03-01,Montana,3277,MT02000,0,0,0,0,0,0,0,0,0,0,0,0,0,0,0,0,0,0,0,0,1,1,0,0,0,0,1,0,0,0,0,0,0,0,0,0,0,0,0,0,0,0,0,0,0,0,0,0,0,0,0,0,0,0,0,1403,1403,1403,0,0,0,0,1403,0,0,0,0,0,0,0,0,0,0,0,0,1403,0,0,1403,0,0,0,0,0,0,0,0,0,0,0,0,1,1.26955202032162
Granite County Sheriff's Office,2016-04-01,Montana,3277,MT02000,0,0,0,0,0,0,0,0,0,0,0,0,0,0,0,0,0,0,0,3,1,4,0,0,0,0,0,0,0,0,4,0,0,0,0,0,0,0,0,0,0,0,0,0,0,0,0,0,0,0,0,0,0,0,254,1206,1460,1460,0,0,0,0,0,0,0,0,1460,0,0,1270,0,0,0,0,0,190,0,0,1460,0,0,0,0,0,0,0,0,730,0,0,730,1,1.26955202032162
Granite County Sheriff's Office,2016-05-01,Montana,3277,MT02000,2,0,0,0,0,0,2,0,0,0,0,0,0,0,0,0,0,0,0,3,1,4,0,0,0,1,0,0,0,0,3,0,0,0,0,0,711,0,0,0,0,711,0,0,0,0,0,0,0,0,0,0,0,0,297,3491,3788,4499,0,0,0,3491,0,0,0,0,297,0,0,330,2349,0,0,0,0,1821,0,0,4499,0,0,0,0,0,0,0,0,0,0,0,0,1,1.26955202032162
Granite County Sheriff's Office,2016-06-01,Montana,3277,MT02000,0,0,1,0,0,0,1,1,0,0,0,0,0,0,0,0,0,0,1,2,1,4,0,0,0,1,0,0,0,1,2,0,0,0,0,0,0,2539,0,0,0,2539,5713,0,0,0,0,0,0,0,0,0,0,9,159,5382,5549,13801,0,0,0,63,0,0,0,9,5477,0,168,0,0,0,444,0,5713,7476,0,0,13801,0,0,0,0,0,0,0,0,0,0,0,0,1,1.26955202032162
Granite County Sheriff's Office,2016-07-01,Montana,3277,MT02000,1,0,1,0,0,0,2,0,0,0,0,0,0,0,0,0,0,0,2,4,5,11,0,0,0,4,0,0,0,0,7,0,0,0,0,0,9025,2158,0,0,0,11183,0,0,0,0,0,0,0,0,0,0,0,44,510,23068,23623,34806,0,0,0,2628,0,0,0,0,20995,381,0,19309,0,0,0,0,0,12958,0,2158,34806,0,0,0,0,0,0,0,0,0,0,0,0,1,1.26955202032162
Granite County Sheriff's Office,2016-08-01,Montana,3277,MT02000,1,0,0,0,0,0,1,0,0,0,0,0,0,0,0,0,0,0,0,2,1,3,1,0,0,0,0,0,0,0,2,0,0,0,0,0,1016,0,0,0,0,1016,0,0,0,0,0,0,0,0,0,0,0,0,184,2158,2342,3358,95,0,0,0,0,0,0,0,2247,0,0,0,0,0,0,0,0,3358,0,0,3358,0,0,0,0,0,0,0,0,0,0,0,0,1,1.26955202032162
Granite County Sheriff's Office,2016-09-01,Montana,3277,MT02000,2,0,0,0,0,0,2,1,0,0,0,0,0,0,0,0,0,0,1,1,1,3,0,0,0,2,1,0,0,0,0,0,0,3,0,0,2272,0,0,0,0,2272,5078,0,0,0,0,0,0,0,0,0,0,55,127,2793,2975,10325,0,0,0,182,2793,0,0,0,0,0,55,51,3428,0,0,0,5078,1714,0,0,10325,0,0,0,0,0,0,0,35547,0,0,0,35547,1,1.26955202032162
Granite County Sheriff's Office,2016-10-01,Montana,3277,MT02000,0,1,0,1,1,0,3,0,0,0,0,0,0,0,0,0,0,0,0,2,1,3,0,0,0,1,0,0,0,0,2,0,0,0,0,3174,0,0,190,6,0,3371,0,0,0,0,0,0,0,0,0,0,0,0,152,508,660,4031,0,0,0,63,0,0,0,0,597,0,6,190,3174,0,0,0,0,660,0,0,4031,0,0,0,0,0,0,0,0,63,0,0,63,1,1.26955202032162
Granite County Sheriff's Office,2016-11-01,Montana,3277,MT02000,0,0,0,0,0,0,0,0,0,0,0,0,0,0,0,0,0,0,0,2,1,3,0,0,0,0,1,0,0,0,2,0,0,0,0,0,0,0,0,0,0,0,0,0,0,0,0,0,0,0,0,0,0,0,316,1002,1318,1318,0,0,0,0,1002,0,0,0,316,0,0,0,0,0,0,0,0,1318,0,0,1318,0,0,0,0,0,0,0,0,0,0,0,0,1,1.26955202032162
Granite County Sheriff's Office,2016-12-01,Montana,3277,MT02000,0,0,0,0,0,0,0,0,0,0,0,0,0,0,0,0,0,0,1,1,1,3,1,0,0,2,0,0,0,0,0,0,0,0,0,0,0,0,0,0,0,0,0,0,0,0,0,0,0,0,0,0,0,0,63,840,904,904,0,0,0,904,0,0,0,0,0,0,0,0,330,0,0,0,0,574,0,0,904,0,0,0,0,0,0,0,0,0,0,0,0,1,1.26955202032162
Granite County Sheriff's Office,1960-01-01,Montana,3014,MT02000,0,0,0,0,0,0,0,0,0,0,0,0,0,0,0,0,0,0,0,0,0,0,0,0,0,0,0,0,0,0,0,0,0,0,0,0,0,0,0,0,0,0,0,0,0,0,0,0,0,0,0,0,0,0,0,0,0,0,0,0,0,0,0,0,0,0,0,0,0,0,0,0,0,0,0,0,0,0,0,0,0,0,0,0,0,0,0,0,0,0,0,1,10.302673992674
Granite County Sheriff's Office,1960-02-01,Montana,3014,MT02000,0,0,0,0,0,0,0,0,0,0,0,0,0,0,0,0,0,0,0,0,0,0,0,0,0,0,0,0,0,0,0,0,0,0,0,0,0,0,0,0,0,0,0,0,0,0,0,0,0,0,0,0,0,0,0,0,0,0,0,0,0,0,0,0,0,0,0,0,0,0,0,0,0,0,0,0,0,0,0,0,0,0,0,0,0,0,0,0,0,0,0,1,10.302673992674
Granite County Sheriff's Office,1960-03-01,Montana,3014,MT02000,0,0,0,0,0,0,0,0,0,0,0,0,0,0,0,0,0,0,0,0,0,0,0,0,0,0,0,0,0,0,0,0,0,0,0,0,0,0,0,0,0,0,0,0,0,0,0,0,0,0,0,0,0,0,0,0,0,0,0,0,0,0,0,0,0,0,0,0,0,0,0,0,0,0,0,0,0,0,0,0,0,0,0,0,0,0,0,0,0,0,0,1,10.302673992674
Granite County Sheriff's Office,1960-04-01,Montana,3014,MT02000,0,0,0,0,0,0,0,0,0,0,0,0,0,0,0,0,0,0,0,0,0,0,0,0,0,0,0,0,0,0,0,0,0,0,0,0,0,0,0,0,0,0,0,0,0,0,0,0,0,0,0,0,0,0,0,0,0,0,0,0,0,0,0,0,0,0,0,0,0,0,0,0,0,0,0,0,0,0,0,0,0,0,0,0,0,0,0,0,0,0,0,1,10.302673992674
Granite County Sheriff's Office,1960-05-01,Montana,3014,MT02000,0,0,0,0,0,0,0,0,0,0,0,0,0,0,0,0,0,0,0,0,0,0,0,0,0,0,0,0,0,0,0,0,0,0,0,0,0,0,0,0,0,0,0,0,0,0,0,0,0,0,0,0,0,0,0,0,0,0,0,0,0,0,0,0,0,0,0,0,0,0,0,0,0,0,0,0,0,0,0,0,0,0,0,0,0,0,0,0,0,0,0,1,10.302673992674
Granite County Sheriff's Office,1960-06-01,Montana,3014,MT02000,0,0,0,0,0,0,0,0,0,0,0,0,0,0,0,0,0,0,0,0,0,0,0,0,0,0,0,0,0,0,0,0,0,0,0,0,0,0,0,0,0,0,0,0,0,0,0,0,0,0,0,0,0,0,0,0,0,0,0,0,0,0,0,0,0,0,0,0,0,0,0,0,0,0,0,0,0,0,0,0,0,0,0,0,0,0,0,0,0,0,0,1,10.302673992674
Granite County Sheriff's Office,1960-07-01,Montana,3014,MT02000,0,0,0,0,0,0,0,0,0,0,0,0,0,0,0,0,0,0,0,0,0,0,0,0,0,0,0,0,0,0,0,0,0,0,0,0,0,0,0,0,0,0,0,0,0,0,0,0,0,0,0,0,0,0,0,0,0,0,0,0,0,0,0,0,0,0,0,0,0,0,0,0,0,0,0,0,0,0,0,0,0,0,0,0,0,0,0,0,0,0,0,1,10.302673992674
Granite County Sheriff's Office,1960-08-01,Montana,3014,MT02000,0,0,0,0,0,0,0,0,0,0,0,0,0,0,0,0,0,0,0,0,0,0,0,0,0,0,0,0,0,0,0,0,0,0,0,0,0,0,0,0,0,0,0,0,0,0,0,0,0,0,0,0,0,0,0,0,0,0,0,0,0,0,0,0,0,0,0,0,0,0,0,0,0,0,0,0,0,0,0,0,0,0,0,0,0,0,0,0,0,0,0,1,10.302673992674
Granite County Sheriff's Office,1960-09-01,Montana,3014,MT02000,0,0,0,0,0,0,0,0,0,0,0,0,0,0,0,0,0,0,0,0,0,0,0,0,0,0,0,0,0,0,0,0,0,0,0,0,0,0,0,0,0,0,0,0,0,0,0,0,0,0,0,0,0,0,0,0,0,0,0,0,0,0,0,0,0,0,0,0,0,0,0,0,0,0,0,0,0,0,0,0,0,0,0,0,0,0,0,0,0,0,0,1,10.302673992674
Granite County Sheriff's Office,1960-10-01,Montana,3014,MT02000,0,0,0,0,0,0,0,0,0,0,0,0,0,0,0,0,0,0,0,0,0,0,0,0,0,0,0,0,0,0,0,0,0,0,0,0,0,0,0,0,0,0,0,0,0,0,0,0,0,0,0,0,0,0,0,0,0,0,0,0,0,0,0,0,0,0,0,0,0,0,0,0,0,0,0,0,0,0,0,0,0,0,0,0,0,0,0,0,0,0,0,1,10.302673992674
Granite County Sheriff's Office,1960-11-01,Montana,3014,MT02000,0,0,0,0,0,0,0,0,0,0,0,0,0,0,0,0,0,0,0,0,0,0,0,0,0,0,0,0,0,0,0,0,0,0,0,0,0,0,0,0,0,0,0,0,0,0,0,0,0,0,0,0,0,0,0,0,0,0,0,0,0,0,0,0,0,0,0,0,0,0,0,0,0,0,0,0,0,0,0,0,0,0,0,0,0,0,0,0,0,0,0,1,10.302673992674
Granite County Sheriff's Office,1960-12-01,Montana,3014,MT02000,0,0,0,0,0,0,0,0,0,0,0,0,0,0,0,0,0,0,0,0,0,0,0,0,0,0,0,0,0,0,0,0,0,0,0,0,0,0,0,0,0,0,0,0,0,0,0,0,0,0,0,0,0,0,0,0,0,0,0,0,0,0,0,0,0,0,0,0,0,0,0,0,0,0,0,0,0,0,0,0,0,0,0,0,0,0,0,0,0,0,0,1,10.302673992674
Granite County Sheriff's Office,1961-01-01,Montana,3014,MT02000,0,0,0,0,0,0,0,0,0,0,0,0,0,0,0,0,0,0,0,0,0,0,0,0,0,0,0,0,0,0,0,0,0,0,0,0,0,0,0,0,0,0,0,0,0,0,0,0,0,0,0,0,0,0,0,0,0,0,0,0,0,0,0,0,0,0,0,0,0,0,0,0,0,0,0,0,0,0,0,0,0,0,0,0,0,0,0,0,0,0,0,1,10.1935294117647
Granite County Sheriff's Office,1961-02-01,Montana,3014,MT02000,0,0,0,0,0,0,0,0,0,0,0,0,0,0,0,0,0,0,0,0,0,0,0,0,0,0,0,0,0,0,0,0,0,0,0,0,0,0,0,0,0,0,0,0,0,0,0,0,0,0,0,0,0,0,0,0,0,0,0,0,0,0,0,0,0,0,0,0,0,0,0,0,0,0,0,0,0,0,0,0,0,0,0,0,0,0,0,0,0,0,0,1,10.1935294117647
Granite County Sheriff's Office,1961-03-01,Montana,3014,MT02000,0,0,0,0,0,0,0,0,0,0,0,0,0,0,0,0,0,0,0,0,0,0,0,0,0,0,0,0,0,0,0,0,0,0,0,0,0,0,0,0,0,0,0,0,0,0,0,0,0,0,0,0,0,0,0,0,0,0,0,0,0,0,0,0,0,0,0,0,0,0,0,0,0,0,0,0,0,0,0,0,0,0,0,0,0,0,0,0,0,0,0,1,10.1935294117647
Granite County Sheriff's Office,1961-04-01,Montana,3014,MT02000,0,0,0,0,0,0,0,0,0,0,0,0,0,0,0,0,0,0,0,0,0,0,0,0,0,0,0,0,0,0,0,0,0,0,0,0,0,0,0,0,0,0,0,0,0,0,0,0,0,0,0,0,0,0,0,0,0,0,0,0,0,0,0,0,0,0,0,0,0,0,0,0,0,0,0,0,0,0,0,0,0,0,0,0,0,0,0,0,0,0,0,1,10.1935294117647
Granite County Sheriff's Office,1961-05-01,Montana,3014,MT02000,0,0,0,0,0,0,0,0,0,0,0,0,0,0,0,0,0,0,0,0,0,0,0,0,0,0,0,0,0,0,0,0,0,0,0,0,0,0,0,0,0,0,0,0,0,0,0,0,0,0,0,0,0,0,0,0,0,0,0,0,0,0,0,0,0,0,0,0,0,0,0,0,0,0,0,0,0,0,0,0,0,0,0,0,0,0,0,0,0,0,0,1,10.1935294117647
Granite County Sheriff's Office,1961-06-01,Montana,3014,MT02000,0,0,0,0,0,0,0,0,0,0,0,0,0,0,0,0,0,0,0,0,0,0,0,0,0,0,0,0,0,0,0,0,0,0,0,0,0,0,0,0,0,0,0,0,0,0,0,0,0,0,0,0,0,0,0,0,0,0,0,0,0,0,0,0,0,0,0,0,0,0,0,0,0,0,0,0,0,0,0,0,0,0,0,0,0,0,0,0,0,0,0,1,10.1935294117647
Granite County Sheriff's Office,1961-07-01,Montana,3014,MT02000,0,0,0,0,0,0,0,0,0,0,0,0,0,0,0,0,0,0,0,0,0,0,0,0,0,0,0,0,0,0,0,0,0,0,0,0,0,0,0,0,0,0,0,0,0,0,0,0,0,0,0,0,0,0,0,0,0,0,0,0,0,0,0,0,0,0,0,0,0,0,0,0,0,0,0,0,0,0,0,0,0,0,0,0,0,0,0,0,0,0,0,1,10.1935294117647
Granite County Sheriff's Office,1961-08-01,Montana,3014,MT02000,0,0,0,0,0,0,0,0,0,0,0,0,0,0,0,0,0,0,0,0,0,0,0,0,0,0,0,0,0,0,0,0,0,0,0,0,0,0,0,0,0,0,0,0,0,0,0,0,0,0,0,0,0,0,0,0,0,0,0,0,0,0,0,0,0,0,0,0,0,0,0,0,0,0,0,0,0,0,0,0,0,0,0,0,0,0,0,0,0,0,0,1,10.1935294117647
Granite County Sheriff's Office,1961-09-01,Montana,3014,MT02000,0,0,0,0,0,0,0,0,0,0,0,0,0,0,0,0,0,0,0,0,0,0,0,0,0,0,0,0,0,0,0,0,0,0,0,0,0,0,0,0,0,0,0,0,0,0,0,0,0,0,0,0,0,0,0,0,0,0,0,0,0,0,0,0,0,0,0,0,0,0,0,0,0,0,0,0,0,0,0,0,0,0,0,0,0,0,0,0,0,0,0,1,10.1935294117647
Granite County Sheriff's Office,1961-10-01,Montana,3014,MT02000,0,0,0,0,0,0,0,0,0,0,0,0,0,0,0,0,0,0,0,0,0,0,0,0,0,0,0,0,0,0,0,0,0,0,0,0,0,0,0,0,0,0,0,0,0,0,0,0,0,0,0,0,0,0,0,0,0,0,0,0,0,0,0,0,0,0,0,0,0,0,0,0,0,0,0,0,0,0,0,0,0,0,0,0,0,0,0,0,0,0,0,1,10.1935294117647
Granite County Sheriff's Office,1961-11-01,Montana,3014,MT02000,0,0,0,0,0,0,0,0,0,0,0,0,0,0,0,0,0,0,0,0,0,0,0,0,0,0,0,0,0,0,0,0,0,0,0,0,0,0,0,0,0,0,0,0,0,0,0,0,0,0,0,0,0,0,0,0,0,0,0,0,0,0,0,0,0,0,0,0,0,0,0,0,0,0,0,0,0,0,0,0,0,0,0,0,0,0,0,0,0,0,0,1,10.1935294117647
Granite County Sheriff's Office,1961-12-01,Montana,3014,MT02000,0,0,0,0,0,0,0,0,0,0,0,0,0,0,0,0,0,0,0,0,0,0,0,0,0,0,0,0,0,0,0,0,0,0,0,0,0,0,0,0,0,0,0,0,0,0,0,0,0,0,0,0,0,0,0,0,0,0,0,0,0,0,0,0,0,0,0,0,0,0,0,0,0,0,0,0,0,0,0,0,0,0,0,0,0,0,0,0,0,0,0,1,10.1935294117647
Granite County Sheriff's Office,1962-01-01,Montana,3083,MT02000,0,0,0,0,0,0,0,0,0,0,0,0,0,0,0,0,0,0,0,0,0,0,0,0,0,0,0,0,0,0,0,0,0,0,0,0,0,0,0,0,0,0,0,0,0,0,0,0,0,0,0,0,0,0,0,0,0,0,0,0,0,0,0,0,0,0,0,0,0,0,0,0,0,0,0,0,0,0,0,0,0,0,0,0,0,0,0,0,0,0,0,1,10.0727796143251
Granite County Sheriff's Office,1962-02-01,Montana,3083,MT02000,0,0,0,0,0,0,0,0,0,0,0,0,0,0,0,0,0,0,0,0,0,0,0,0,0,0,0,0,0,0,0,0,0,0,0,0,0,0,0,0,0,0,0,0,0,0,0,0,0,0,0,0,0,0,0,0,0,0,0,0,0,0,0,0,0,0,0,0,0,0,0,0,0,0,0,0,0,0,0,0,0,0,0,0,0,0,0,0,0,0,0,1,10.0727796143251
Granite County Sheriff's Office,1962-03-01,Montana,3083,MT02000,0,0,0,0,0,0,0,0,0,0,0,0,0,0,0,0,0,0,0,0,0,0,0,0,0,0,0,0,0,0,0,0,0,0,0,0,0,0,0,0,0,0,0,0,0,0,0,0,0,0,0,0,0,0,0,0,0,0,0,0,0,0,0,0,0,0,0,0,0,0,0,0,0,0,0,0,0,0,0,0,0,0,0,0,0,0,0,0,0,0,0,1,10.0727796143251
Granite County Sheriff's Office,1962-04-01,Montana,3083,MT02000,0,0,0,0,0,0,0,0,0,0,0,0,0,0,0,0,0,0,0,0,0,0,0,0,0,0,0,0,0,0,0,0,0,0,0,0,0,0,0,0,0,0,0,0,0,0,0,0,0,0,0,0,0,0,0,0,0,0,0,0,0,0,0,0,0,0,0,0,0,0,0,0,0,0,0,0,0,0,0,0,0,0,0,0,0,0,0,0,0,0,0,1,10.0727796143251
Granite County Sheriff's Office,1962-05-01,Montana,3083,MT02000,0,0,0,0,0,0,0,0,0,0,0,0,0,0,0,0,0,0,0,0,0,0,0,0,0,0,0,0,0,0,0,0,0,0,0,0,0,0,0,0,0,0,0,0,0,0,0,0,0,0,0,0,0,0,0,0,0,0,0,0,0,0,0,0,0,0,0,0,0,0,0,0,0,0,0,0,0,0,0,0,0,0,0,0,0,0,0,0,0,0,0,1,10.0727796143251
Granite County Sheriff's Office,1962-06-01,Montana,3083,MT02000,0,0,0,0,0,0,0,0,0,0,0,0,0,0,0,0,0,0,0,0,0,0,0,0,0,0,0,0,0,0,0,0,0,0,0,0,0,0,0,0,0,0,0,0,0,0,0,0,0,0,0,0,0,0,0,0,0,0,0,0,0,0,0,0,0,0,0,0,0,0,0,0,0,0,0,0,0,0,0,0,0,0,0,0,0,0,0,0,0,0,0,1,10.0727796143251
Granite County Sheriff's Office,1962-07-01,Montana,3083,MT02000,0,0,0,0,0,0,0,0,0,0,0,0,0,0,0,0,0,0,0,0,0,0,0,0,0,0,0,0,0,0,0,0,0,0,0,0,0,0,0,0,0,0,0,0,0,0,0,0,0,0,0,0,0,0,0,0,0,0,0,0,0,0,0,0,0,0,0,0,0,0,0,0,0,0,0,0,0,0,0,0,0,0,0,0,0,0,0,0,0,0,0,1,10.0727796143251
Granite County Sheriff's Office,1962-08-01,Montana,3083,MT02000,0,0,0,0,0,0,0,0,0,0,0,0,0,0,0,0,0,0,0,0,0,0,0,0,0,0,0,0,0,0,0,0,0,0,0,0,0,0,0,0,0,0,0,0,0,0,0,0,0,0,0,0,0,0,0,0,0,0,0,0,0,0,0,0,0,0,0,0,0,0,0,0,0,0,0,0,0,0,0,0,0,0,0,0,0,0,0,0,0,0,0,1,10.0727796143251
Granite County Sheriff's Office,1962-09-01,Montana,3083,MT02000,0,0,0,0,0,0,0,0,0,0,0,0,0,0,0,0,0,0,0,0,0,0,0,0,0,0,0,0,0,0,0,0,0,0,0,0,0,0,0,0,0,0,0,0,0,0,0,0,0,0,0,0,0,0,0,0,0,0,0,0,0,0,0,0,0,0,0,0,0,0,0,0,0,0,0,0,0,0,0,0,0,0,0,0,0,0,0,0,0,0,0,1,10.0727796143251
Granite County Sheriff's Office,1962-10-01,Montana,3083,MT02000,0,0,0,0,0,0,0,0,0,0,0,0,0,0,0,0,0,0,0,0,0,0,0,0,0,0,0,0,0,0,0,0,0,0,0,0,0,0,0,0,0,0,0,0,0,0,0,0,0,0,0,0,0,0,0,0,0,0,0,0,0,0,0,0,0,0,0,0,0,0,0,0,0,0,0,0,0,0,0,0,0,0,0,0,0,0,0,0,0,0,0,1,10.0727796143251
Granite County Sheriff's Office,1962-11-01,Montana,3083,MT02000,0,0,0,0,0,0,0,0,0,0,0,0,0,0,0,0,0,0,0,0,0,0,0,0,0,0,0,0,0,0,0,0,0,0,0,0,0,0,0,0,0,0,0,0,0,0,0,0,0,0,0,0,0,0,0,0,0,0,0,0,0,0,0,0,0,0,0,0,0,0,0,0,0,0,0,0,0,0,0,0,0,0,0,0,0,0,0,0,0,0,0,1,10.0727796143251
Granite County Sheriff's Office,1962-12-01,Montana,3083,MT02000,0,0,0,0,0,0,0,0,0,0,0,0,0,0,0,0,0,0,0,0,0,0,0,0,0,0,0,0,0,0,0,0,0,0,0,0,0,0,0,0,0,0,0,0,0,0,0,0,0,0,0,0,0,0,0,0,0,0,0,0,0,0,0,0,0,0,0,0,0,0,0,0,0,0,0,0,0,0,0,0,0,0,0,0,0,0,0,0,0,0,0,1,10.0727796143251
Granite County Sheriff's Office,1963-01-01,Montana,3052,MT02000,0,0,0,0,0,0,0,0,0,0,0,0,0,0,0,0,0,0,0,0,0,0,0,0,0,0,0,0,0,0,0,0,0,0,0,0,0,0,0,0,0,0,0,0,0,0,0,0,0,0,0,0,0,0,0,0,0,0,0,0,0,0,0,0,0,0,0,0,0,0,0,0,0,0,0,0,0,0,0,0,0,0,0,0,0,0,0,0,0,0,0,1,9.94943945578232
Granite County Sheriff's Office,1963-02-01,Montana,3052,MT02000,0,0,0,0,0,0,0,0,0,0,0,0,0,0,0,0,0,0,0,0,0,0,0,0,0,0,0,0,0,0,0,0,0,0,0,0,0,0,0,0,0,0,0,0,0,0,0,0,0,0,0,0,0,0,0,0,0,0,0,0,0,0,0,0,0,0,0,0,0,0,0,0,0,0,0,0,0,0,0,0,0,0,0,0,0,0,0,0,0,0,0,1,9.94943945578232
Granite County Sheriff's Office,1963-03-01,Montana,3052,MT02000,0,0,0,0,0,0,0,0,0,0,0,0,0,0,0,0,0,0,0,0,0,0,0,0,0,0,0,0,0,0,0,0,0,0,0,0,0,0,0,0,0,0,0,0,0,0,0,0,0,0,0,0,0,0,0,0,0,0,0,0,0,0,0,0,0,0,0,0,0,0,0,0,0,0,0,0,0,0,0,0,0,0,0,0,0,0,0,0,0,0,0,1,9.94943945578232
Granite County Sheriff's Office,1963-04-01,Montana,3052,MT02000,0,0,0,0,0,0,0,0,0,0,0,0,0,0,0,0,0,0,0,0,0,0,0,0,0,0,0,0,0,0,0,0,0,0,0,0,0,0,0,0,0,0,0,0,0,0,0,0,0,0,0,0,0,0,0,0,0,0,0,0,0,0,0,0,0,0,0,0,0,0,0,0,0,0,0,0,0,0,0,0,0,0,0,0,0,0,0,0,0,0,0,1,9.94943945578232
Granite County Sheriff's Office,1963-05-01,Montana,3052,MT02000,0,0,0,0,0,0,0,0,0,0,0,0,0,0,0,0,0,0,0,0,0,0,0,0,0,0,0,0,0,0,0,0,0,0,0,0,0,0,0,0,0,0,0,0,0,0,0,0,0,0,0,0,0,0,0,0,0,0,0,0,0,0,0,0,0,0,0,0,0,0,0,0,0,0,0,0,0,0,0,0,0,0,0,0,0,0,0,0,0,0,0,1,9.94943945578232
Granite County Sheriff's Office,1963-06-01,Montana,3052,MT02000,0,0,0,0,0,0,0,0,0,0,0,0,0,0,0,0,0,0,0,0,0,0,0,0,0,0,0,0,0,0,0,0,0,0,0,0,0,0,0,0,0,0,0,0,0,0,0,0,0,0,0,0,0,0,0,0,0,0,0,0,0,0,0,0,0,0,0,0,0,0,0,0,0,0,0,0,0,0,0,0,0,0,0,0,0,0,0,0,0,0,0,1,9.94943945578232
Granite County Sheriff's Office,1963-07-01,Montana,3052,MT02000,0,0,0,0,0,0,0,0,0,0,0,0,0,0,0,0,0,0,0,0,0,0,0,0,0,0,0,0,0,0,0,0,0,0,0,0,0,0,0,0,0,0,0,0,0,0,0,0,0,0,0,0,0,0,0,0,0,0,0,0,0,0,0,0,0,0,0,0,0,0,0,0,0,0,0,0,0,0,0,0,0,0,0,0,0,0,0,0,0,0,0,1,9.94943945578232
Granite County Sheriff's Office,1963-08-01,Montana,3052,MT02000,0,0,0,0,0,0,0,0,0,0,0,0,0,0,0,0,0,0,0,0,0,0,0,0,0,0,0,0,0,0,0,0,0,0,0,0,0,0,0,0,0,0,0,0,0,0,0,0,0,0,0,0,0,0,0,0,0,0,0,0,0,0,0,0,0,0,0,0,0,0,0,0,0,0,0,0,0,0,0,0,0,0,0,0,0,0,0,0,0,0,0,1,9.94943945578232
Granite County Sheriff's Office,1963-09-01,Montana,3052,MT02000,0,0,0,0,0,0,0,0,0,0,0,0,0,0,0,0,0,0,0,0,0,0,0,0,0,0,0,0,0,0,0,0,0,0,0,0,0,0,0,0,0,0,0,0,0,0,0,0,0,0,0,0,0,0,0,0,0,0,0,0,0,0,0,0,0,0,0,0,0,0,0,0,0,0,0,0,0,0,0,0,0,0,0,0,0,0,0,0,0,0,0,1,9.94943945578232
Granite County Sheriff's Office,1963-10-01,Montana,3052,MT02000,0,0,0,0,0,0,0,0,0,0,0,0,0,0,0,0,0,0,0,0,0,0,0,0,0,0,0,0,0,0,0,0,0,0,0,0,0,0,0,0,0,0,0,0,0,0,0,0,0,0,0,0,0,0,0,0,0,0,0,0,0,0,0,0,0,0,0,0,0,0,0,0,0,0,0,0,0,0,0,0,0,0,0,0,0,0,0,0,0,0,0,1,9.94943945578232
Granite County Sheriff's Office,1963-11-01,Montana,3052,MT02000,0,0,0,0,0,0,0,0,0,0,0,0,0,0,0,0,0,0,0,0,0,0,0,0,0,0,0,0,0,0,0,0,0,0,0,0,0,0,0,0,0,0,0,0,0,0,0,0,0,0,0,0,0,0,0,0,0,0,0,0,0,0,0,0,0,0,0,0,0,0,0,0,0,0,0,0,0,0,0,0,0,0,0,0,0,0,0,0,0,0,0,1,9.94943945578232
Granite County Sheriff's Office,1963-12-01,Montana,3052,MT02000,0,0,0,0,0,0,0,0,0,0,0,0,0,0,0,0,0,0,0,0,0,0,0,0,0,0,0,0,0,0,0,0,0,0,0,0,0,0,0,0,0,0,0,0,0,0,0,0,0,0,0,0,0,0,0,0,0,0,0,0,0,0,0,0,0,0,0,0,0,0,0,0,0,0,0,0,0,0,0,0,0,0,0,0,0,0,0,0,0,0,0,1,9.94943945578232
Granite County Sheriff's Office,1964-01-01,Montana,3005,MT02000,0,0,0,0,0,0,0,0,0,0,0,0,0,0,0,0,0,0,0,0,0,0,0,0,0,0,0,0,0,0,0,0,0,0,0,0,0,0,0,0,0,0,0,0,0,0,0,0,0,0,0,0,0,0,0,0,0,0,0,0,0,0,0,0,0,0,0,0,0,0,0,0,0,0,0,0,0,0,0,0,0,0,0,0,0,0,0,0,0,0,0,1,9.82380171950564
Granite County Sheriff's Office,1964-02-01,Montana,3005,MT02000,0,0,0,0,0,0,0,0,0,0,0,0,0,0,0,0,0,0,0,0,0,0,0,0,0,0,0,0,0,0,0,0,0,0,0,0,0,0,0,0,0,0,0,0,0,0,0,0,0,0,0,0,0,0,0,0,0,0,0,0,0,0,0,0,0,0,0,0,0,0,0,0,0,0,0,0,0,0,0,0,0,0,0,0,0,0,0,0,0,0,0,1,9.82380171950564
Granite County Sheriff's Office,1964-03-01,Montana,3005,MT02000,0,0,0,0,0,0,0,0,0,0,0,0,0,0,0,0,0,0,0,0,0,0,0,0,0,0,0,0,0,0,0,0,0,0,0,0,0,0,0,0,0,0,0,0,0,0,0,0,0,0,0,0,0,0,0,0,0,0,0,0,0,0,0,0,0,0,0,0,0,0,0,0,0,0,0,0,0,0,0,0,0,0,0,0,0,0,0,0,0,0,0,1,9.82380171950564
Granite County Sheriff's Office,1964-04-01,Montana,3005,MT02000,0,0,0,0,0,0,0,0,0,0,0,0,0,0,0,0,0,0,0,0,0,0,0,0,0,0,0,0,0,0,0,0,0,0,0,0,0,0,0,0,0,0,0,0,0,0,0,0,0,0,0,0,0,0,0,0,0,0,0,0,0,0,0,0,0,0,0,0,0,0,0,0,0,0,0,0,0,0,0,0,0,0,0,0,0,0,0,0,0,0,0,1,9.82380171950564
Granite County Sheriff's Office,1964-05-01,Montana,3005,MT02000,0,0,0,0,0,0,0,0,0,0,0,0,0,0,0,0,0,0,0,0,0,0,0,0,0,0,0,0,0,0,0,0,0,0,0,0,0,0,0,0,0,0,0,0,0,0,0,0,0,0,0,0,0,0,0,0,0,0,0,0,0,0,0,0,0,0,0,0,0,0,0,0,0,0,0,0,0,0,0,0,0,0,0,0,0,0,0,0,0,0,0,1,9.82380171950564
Granite County Sheriff's Office,1964-06-01,Montana,3005,MT02000,0,0,0,0,0,0,0,0,0,0,0,0,0,0,0,0,0,0,0,0,0,0,0,0,0,0,0,0,0,0,0,0,0,0,0,0,0,0,0,0,0,0,0,0,0,0,0,0,0,0,0,0,0,0,0,0,0,0,0,0,0,0,0,0,0,0,0,0,0,0,0,0,0,0,0,0,0,0,0,0,0,0,0,0,0,0,0,0,0,0,0,1,9.82380171950564
Granite County Sheriff's Office,1964-07-01,Montana,3005,MT02000,0,0,0,0,0,0,0,0,0,0,0,0,0,0,0,0,0,0,0,0,0,0,0,0,0,0,0,0,0,0,0,0,0,0,0,0,0,0,0,0,0,0,0,0,0,0,0,0,0,0,0,0,0,0,0,0,0,0,0,0,0,0,0,0,0,0,0,0,0,0,0,0,0,0,0,0,0,0,0,0,0,0,0,0,0,0,0,0,0,0,0,1,9.82380171950564
Granite County Sheriff's Office,1964-08-01,Montana,3005,MT02000,0,0,0,0,0,0,0,0,0,0,0,0,0,0,0,0,0,0,0,0,0,0,0,0,0,0,0,0,0,0,0,0,0,0,0,0,0,0,0,0,0,0,0,0,0,0,0,0,0,0,0,0,0,0,0,0,0,0,0,0,0,0,0,0,0,0,0,0,0,0,0,0,0,0,0,0,0,0,0,0,0,0,0,0,0,0,0,0,0,0,0,1,9.82380171950564
Granite County Sheriff's Office,1964-09-01,Montana,3005,MT02000,0,0,0,0,0,0,0,0,0,0,0,0,0,0,0,0,0,0,0,0,0,0,0,0,0,0,0,0,0,0,0,0,0,0,0,0,0,0,0,0,0,0,0,0,0,0,0,0,0,0,0,0,0,0,0,0,0,0,0,0,0,0,0,0,0,0,0,0,0,0,0,0,0,0,0,0,0,0,0,0,0,0,0,0,0,0,0,0,0,0,0,1,9.82380171950564
Granite County Sheriff's Office,1964-10-01,Montana,3005,MT02000,0,0,0,0,0,0,0,0,0,0,0,0,0,0,0,0,0,0,0,0,0,0,0,0,0,0,0,0,0,0,0,0,0,0,0,0,0,0,0,0,0,0,0,0,0,0,0,0,0,0,0,0,0,0,0,0,0,0,0,0,0,0,0,0,0,0,0,0,0,0,0,0,0,0,0,0,0,0,0,0,0,0,0,0,0,0,0,0,0,0,0,1,9.82380171950564
Granite County Sheriff's Office,1964-11-01,Montana,3005,MT02000,0,0,0,0,0,0,0,0,0,0,0,0,0,0,0,0,0,0,0,0,0,0,0,0,0,0,0,0,0,0,0,0,0,0,0,0,0,0,0,0,0,0,0,0,0,0,0,0,0,0,0,0,0,0,0,0,0,0,0,0,0,0,0,0,0,0,0,0,0,0,0,0,0,0,0,0,0,0,0,0,0,0,0,0,0,0,0,0,0,0,0,1,9.82380171950564
Granite County Sheriff's Office,1964-12-01,Montana,3005,MT02000,0,0,0,0,0,0,0,0,0,0,0,0,0,0,0,0,0,0,0,0,0,0,0,0,0,0,0,0,0,0,0,0,0,0,0,0,0,0,0,0,0,0,0,0,0,0,0,0,0,0,0,0,0,0,0,0,0,0,0,0,0,0,0,0,0,0,0,0,0,0,0,0,0,0,0,0,0,0,0,0,0,0,0,0,0,0,0,0,0,0,0,1,9.82380171950564
Granite County Sheriff's Office,1965-01-01,Montana,3099,MT02000,0,0,0,0,0,0,0,0,0,0,0,0,0,0,0,0,0,0,0,0,0,0,0,0,0,0,0,0,0,0,0,0,0,0,0,0,0,0,0,0,0,0,0,0,0,0,0,0,0,0,0,0,0,0,0,0,0,0,0,0,0,0,0,0,0,0,0,0,0,0,0,0,0,0,0,0,0,0,0,0,0,0,0,0,0,0,0,0,0,0,0,1,9.67050780216874
Granite County Sheriff's Office,1965-02-01,Montana,3099,MT02000,0,0,0,0,0,0,0,0,0,0,0,0,0,0,0,0,0,0,0,0,0,0,0,0,0,0,0,0,0,0,0,0,0,0,0,0,0,0,0,0,0,0,0,0,0,0,0,0,0,0,0,0,0,0,0,0,0,0,0,0,0,0,0,0,0,0,0,0,0,0,0,0,0,0,0,0,0,0,0,0,0,0,0,0,0,0,0,0,0,0,0,1,9.67050780216874
Granite County Sheriff's Office,1965-03-01,Montana,3099,MT02000,0,0,0,0,0,0,0,0,0,0,0,0,0,0,0,0,0,0,0,0,0,0,0,0,0,0,0,0,0,0,0,0,0,0,0,0,0,0,0,0,0,0,0,0,0,0,0,0,0,0,0,0,0,0,0,0,0,0,0,0,0,0,0,0,0,0,0,0,0,0,0,0,0,0,0,0,0,0,0,0,0,0,0,0,0,0,0,0,0,0,0,1,9.67050780216874
Granite County Sheriff's Office,1965-04-01,Montana,3099,MT02000,0,0,0,0,0,0,0,0,0,0,0,0,0,0,0,0,0,0,0,0,0,0,0,0,0,0,0,0,0,0,0,0,0,0,0,0,0,0,0,0,0,0,0,0,0,0,0,0,0,0,0,0,0,0,0,0,0,0,0,0,0,0,0,0,0,0,0,0,0,0,0,0,0,0,0,0,0,0,0,0,0,0,0,0,0,0,0,0,0,0,0,1,9.67050780216874
Granite County Sheriff's Office,1965-05-01,Montana,3099,MT02000,0,0,0,0,0,0,0,0,0,0,0,0,0,0,0,0,0,0,0,0,0,0,0,0,0,0,0,0,0,0,0,0,0,0,0,0,0,0,0,0,0,0,0,0,0,0,0,0,0,0,0,0,0,0,0,0,0,0,0,0,0,0,0,0,0,0,0,0,0,0,0,0,0,0,0,0,0,0,0,0,0,0,0,0,0,0,0,0,0,0,0,1,9.67050780216874
Granite County Sheriff's Office,1965-06-01,Montana,3099,MT02000,0,0,0,0,0,0,0,0,0,0,0,0,0,0,0,0,0,0,0,0,0,0,0,0,0,0,0,0,0,0,0,0,0,0,0,0,0,0,0,0,0,0,0,0,0,0,0,0,0,0,0,0,0,0,0,0,0,0,0,0,0,0,0,0,0,0,0,0,0,0,0,0,0,0,0,0,0,0,0,0,0,0,0,0,0,0,0,0,0,0,0,1,9.67050780216874
Granite County Sheriff's Office,1965-07-01,Montana,3099,MT02000,0,0,0,0,0,0,0,0,0,0,0,0,0,0,0,0,0,0,0,0,0,0,0,0,0,0,0,0,0,0,0,0,0,0,0,0,0,0,0,0,0,0,0,0,0,0,0,0,0,0,0,0,0,0,0,0,0,0,0,0,0,0,0,0,0,0,0,0,0,0,0,0,0,0,0,0,0,0,0,0,0,0,0,0,0,0,0,0,0,0,0,1,9.67050780216874
Granite County Sheriff's Office,1965-08-01,Montana,3099,MT02000,0,0,0,0,0,0,0,0,0,0,0,0,0,0,0,0,0,0,0,0,0,0,0,0,0,0,0,0,0,0,0,0,0,0,0,0,0,0,0,0,0,0,0,0,0,0,0,0,0,0,0,0,0,0,0,0,0,0,0,0,0,0,0,0,0,0,0,0,0,0,0,0,0,0,0,0,0,0,0,0,0,0,0,0,0,0,0,0,0,0,0,1,9.67050780216874
Granite County Sheriff's Office,1965-09-01,Montana,3099,MT02000,0,0,0,0,0,0,0,0,0,0,0,0,0,0,0,0,0,0,0,0,0,0,0,0,0,0,0,0,0,0,0,0,0,0,0,0,0,0,0,0,0,0,0,0,0,0,0,0,0,0,0,0,0,0,0,0,0,0,0,0,0,0,0,0,0,0,0,0,0,0,0,0,0,0,0,0,0,0,0,0,0,0,0,0,0,0,0,0,0,0,0,1,9.67050780216874
Granite County Sheriff's Office,1965-10-01,Montana,3099,MT02000,0,0,0,0,0,0,0,0,0,0,0,0,0,0,0,0,0,0,0,0,0,0,0,0,0,0,0,0,0,0,0,0,0,0,0,0,0,0,0,0,0,0,0,0,0,0,0,0,0,0,0,0,0,0,0,0,0,0,0,0,0,0,0,0,0,0,0,0,0,0,0,0,0,0,0,0,0,0,0,0,0,0,0,0,0,0,0,0,0,0,0,1,9.67050780216874
Granite County Sheriff's Office,1965-11-01,Montana,3099,MT02000,0,0,0,0,0,0,0,0,0,0,0,0,0,0,0,0,0,0,0,0,0,0,0,0,0,0,0,0,0,0,0,0,0,0,0,0,0,0,0,0,0,0,0,0,0,0,0,0,0,0,0,0,0,0,0,0,0,0,0,0,0,0,0,0,0,0,0,0,0,0,0,0,0,0,0,0,0,0,0,0,0,0,0,0,0,0,0,0,0,0,0,1,9.67050780216874
Granite County Sheriff's Office,1965-12-01,Montana,3099,MT02000,0,0,0,0,0,0,0,0,0,0,0,0,0,0,0,0,0,0,0,0,0,0,0,0,0,0,0,0,0,0,0,0,0,0,0,0,0,0,0,0,0,0,0,0,0,0,0,0,0,0,0,0,0,0,0,0,0,0,0,0,0,0,0,0,0,0,0,0,0,0,0,0,0,0,0,0,0,0,0,0,0,0,0,0,0,0,0,0,0,0,0,1,9.67050780216874
Granite County Sheriff's Office,1966-01-01,Montana,3063,MT02000,0,0,0,0,0,0,0,0,0,0,0,0,0,0,0,0,0,0,0,0,0,0,0,0,0,0,0,0,0,0,0,0,0,0,0,0,0,0,0,0,0,0,0,0,0,0,0,0,0,0,0,0,0,0,0,0,0,0,0,0,0,0,0,0,0,0,0,0,0,0,0,0,0,0,0,0,0,0,0,0,0,0,0,0,0,0,0,0,0,0,0,1,9.38746854942234
Granite County Sheriff's Office,1966-02-01,Montana,3063,MT02000,0,0,0,0,0,0,0,0,0,0,0,0,0,0,0,0,0,0,0,0,0,0,0,0,0,0,0,0,0,0,0,0,0,0,0,0,0,0,0,0,0,0,0,0,0,0,0,0,0,0,0,0,0,0,0,0,0,0,0,0,0,0,0,0,0,0,0,0,0,0,0,0,0,0,0,0,0,0,0,0,0,0,0,0,0,0,0,0,0,0,0,1,9.38746854942234
Granite County Sheriff's Office,1966-03-01,Montana,3063,MT02000,0,0,0,0,0,0,0,0,0,0,0,0,0,0,0,0,0,0,0,0,0,0,0,0,0,0,0,0,0,0,0,0,0,0,0,0,0,0,0,0,0,0,0,0,0,0,0,0,0,0,0,0,0,0,0,0,0,0,0,0,0,0,0,0,0,0,0,0,0,0,0,0,0,0,0,0,0,0,0,0,0,0,0,0,0,0,0,0,0,0,0,1,9.38746854942234
Granite County Sheriff's Office,1966-04-01,Montana,3063,MT02000,0,0,0,0,0,0,0,0,0,0,0,0,0,0,0,0,0,0,0,0,0,0,0,0,0,0,0,0,0,0,0,0,0,0,0,0,0,0,0,0,0,0,0,0,0,0,0,0,0,0,0,0,0,0,0,0,0,0,0,0,0,0,0,0,0,0,0,0,0,0,0,0,0,0,0,0,0,0,0,0,0,0,0,0,0,0,0,0,0,0,0,1,9.38746854942234
Granite County Sheriff's Office,1966-05-01,Montana,3063,MT02000,0,0,0,0,0,0,0,0,0,0,0,0,0,0,0,0,0,0,0,0,0,0,0,0,0,0,0,0,0,0,0,0,0,0,0,0,0,0,0,0,0,0,0,0,0,0,0,0,0,0,0,0,0,0,0,0,0,0,0,0,0,0,0,0,0,0,0,0,0,0,0,0,0,0,0,0,0,0,0,0,0,0,0,0,0,0,0,0,0,0,0,1,9.38746854942234
Granite County Sheriff's Office,1966-06-01,Montana,3063,MT02000,0,0,0,0,0,0,0,0,0,0,0,0,0,0,0,0,0,0,0,0,0,0,0,0,0,0,0,0,0,0,0,0,0,0,0,0,0,0,0,0,0,0,0,0,0,0,0,0,0,0,0,0,0,0,0,0,0,0,0,0,0,0,0,0,0,0,0,0,0,0,0,0,0,0,0,0,0,0,0,0,0,0,0,0,0,0,0,0,0,0,0,1,9.38746854942234
Granite County Sheriff's Office,1966-07-01,Montana,3063,MT02000,0,0,0,0,0,0,0,0,0,0,0,0,0,0,0,0,0,0,0,0,0,0,0,0,0,0,0,0,0,0,0,0,0,0,0,0,0,0,0,0,0,0,0,0,0,0,0,0,0,0,0,0,0,0,0,0,0,0,0,0,0,0,0,0,0,0,0,0,0,0,0,0,0,0,0,0,0,0,0,0,0,0,0,0,0,0,0,0,0,0,0,1,9.38746854942234
Granite County Sheriff's Office,1966-08-01,Montana,3063,MT02000,0,0,0,0,0,0,0,0,0,0,0,0,0,0,0,0,0,0,0,0,0,0,0,0,0,0,0,0,0,0,0,0,0,0,0,0,0,0,0,0,0,0,0,0,0,0,0,0,0,0,0,0,0,0,0,0,0,0,0,0,0,0,0,0,0,0,0,0,0,0,0,0,0,0,0,0,0,0,0,0,0,0,0,0,0,0,0,0,0,0,0,1,9.38746854942234
Granite County Sheriff's Office,1966-09-01,Montana,3063,MT02000,0,0,0,0,0,0,0,0,0,0,0,0,0,0,0,0,0,0,0,0,0,0,0,0,0,0,0,0,0,0,0,0,0,0,0,0,0,0,0,0,0,0,0,0,0,0,0,0,0,0,0,0,0,0,0,0,0,0,0,0,0,0,0,0,0,0,0,0,0,0,0,0,0,0,0,0,0,0,0,0,0,0,0,0,0,0,0,0,0,0,0,1,9.38746854942234
Granite County Sheriff's Office,1966-10-01,Montana,3063,MT02000,0,0,0,0,0,0,0,0,0,0,0,0,0,0,0,0,0,0,0,0,0,0,0,0,0,0,0,0,0,0,0,0,0,0,0,0,0,0,0,0,0,0,0,0,0,0,0,0,0,0,0,0,0,0,0,0,0,0,0,0,0,0,0,0,0,0,0,0,0,0,0,0,0,0,0,0,0,0,0,0,0,0,0,0,0,0,0,0,0,0,0,1,9.38746854942234
Granite County Sheriff's Office,1966-11-01,Montana,3063,MT02000,0,0,0,0,0,0,0,0,0,0,0,0,0,0,0,0,0,0,0,0,0,0,0,0,0,0,0,0,0,0,0,0,0,0,0,0,0,0,0,0,0,0,0,0,0,0,0,0,0,0,0,0,0,0,0,0,0,0,0,0,0,0,0,0,0,0,0,0,0,0,0,0,0,0,0,0,0,0,0,0,0,0,0,0,0,0,0,0,0,0,0,1,9.38746854942234
Granite County Sheriff's Office,1966-12-01,Montana,3063,MT02000,0,0,0,0,0,0,0,0,0,0,0,0,0,0,0,0,0,0,0,0,0,0,0,0,0,0,0,0,0,0,0,0,0,0,0,0,0,0,0,0,0,0,0,0,0,0,0,0,0,0,0,0,0,0,0,0,0,0,0,0,0,0,0,0,0,0,0,0,0,0,0,0,0,0,0,0,0,0,0,0,0,0,0,0,0,0,0,0,0,0,0,1,9.38746854942234
Granite County Sheriff's Office,1967-01-01,Montana,2968,MT02000,0,0,0,0,0,0,0,0,0,0,0,0,0,0,0,0,0,0,0,0,0,0,0,0,0,0,0,0,0,0,0,0,0,0,0,0,0,0,0,0,0,0,0,0,0,0,0,0,0,0,0,0,0,0,0,0,0,0,0,0,0,0,0,0,0,0,0,0,0,0,0,0,0,0,0,0,0,0,0,0,0,0,0,0,0,0,0,0,0,0,0,1,9.13419685236073
Granite County Sheriff's Office,1967-02-01,Montana,2968,MT02000,0,0,0,0,0,0,0,0,0,0,0,0,0,0,0,0,0,0,0,0,0,0,0,0,0,0,0,0,0,0,0,0,0,0,0,0,0,0,0,0,0,0,0,0,0,0,0,0,0,0,0,0,0,0,0,0,0,0,0,0,0,0,0,0,0,0,0,0,0,0,0,0,0,0,0,0,0,0,0,0,0,0,0,0,0,0,0,0,0,0,0,1,9.13419685236073
Granite County Sheriff's Office,1967-03-01,Montana,2968,MT02000,0,0,0,0,0,0,0,0,0,0,0,0,0,0,0,0,0,0,0,0,0,0,0,0,0,0,0,0,0,0,0,0,0,0,0,0,0,0,0,0,0,0,0,0,0,0,0,0,0,0,0,0,0,0,0,0,0,0,0,0,0,0,0,0,0,0,0,0,0,0,0,0,0,0,0,0,0,0,0,0,0,0,0,0,0,0,0,0,0,0,0,1,9.13419685236073
Granite County Sheriff's Office,1967-04-01,Montana,2968,MT02000,0,0,0,0,0,0,0,0,0,0,0,0,0,0,0,0,0,0,0,0,0,0,0,0,0,0,0,0,0,0,0,0,0,0,0,0,0,0,0,0,0,0,0,0,0,0,0,0,0,0,0,0,0,0,0,0,0,0,0,0,0,0,0,0,0,0,0,0,0,0,0,0,0,0,0,0,0,0,0,0,0,0,0,0,0,0,0,0,0,0,0,1,9.13419685236073
Granite County Sheriff's Office,1967-05-01,Montana,2968,MT02000,0,0,0,0,0,0,0,0,0,0,0,0,0,0,0,0,0,0,0,0,0,0,0,0,0,0,0,0,0,0,0,0,0,0,0,0,0,0,0,0,0,0,0,0,0,0,0,0,0,0,0,0,0,0,0,0,0,0,0,0,0,0,0,0,0,0,0,0,0,0,0,0,0,0,0,0,0,0,0,0,0,0,0,0,0,0,0,0,0,0,0,1,9.13419685236073
Granite County Sheriff's Office,1967-06-01,Montana,2968,MT02000,0,0,0,0,0,0,0,0,0,0,0,0,0,0,0,0,0,0,0,0,0,0,0,0,0,0,0,0,0,0,0,0,0,0,0,0,0,0,0,0,0,0,0,0,0,0,0,0,0,0,0,0,0,0,0,0,0,0,0,0,0,0,0,0,0,0,0,0,0,0,0,0,0,0,0,0,0,0,0,0,0,0,0,0,0,0,0,0,0,0,0,1,9.13419685236073
Granite County Sheriff's Office,1967-07-01,Montana,2968,MT02000,0,0,0,0,0,0,0,0,0,0,0,0,0,0,0,0,0,0,0,0,0,0,0,0,0,0,0,0,0,0,0,0,0,0,0,0,0,0,0,0,0,0,0,0,0,0,0,0,0,0,0,0,0,0,0,0,0,0,0,0,0,0,0,0,0,0,0,0,0,0,0,0,0,0,0,0,0,0,0,0,0,0,0,0,0,0,0,0,0,0,0,1,9.13419685236073
Granite County Sheriff's Office,1967-08-01,Montana,2968,MT02000,0,0,0,0,0,0,0,0,0,0,0,0,0,0,0,0,0,0,0,0,0,0,0,0,0,0,0,0,0,0,0,0,0,0,0,0,0,0,0,0,0,0,0,0,0,0,0,0,0,0,0,0,0,0,0,0,0,0,0,0,0,0,0,0,0,0,0,0,0,0,0,0,0,0,0,0,0,0,0,0,0,0,0,0,0,0,0,0,0,0,0,1,9.13419685236073
Granite County Sheriff's Office,1967-09-01,Montana,2968,MT02000,0,0,0,0,0,0,0,0,0,0,0,0,0,0,0,0,0,0,0,0,0,0,0,0,0,0,0,0,0,0,0,0,0,0,0,0,0,0,0,0,0,0,0,0,0,0,0,0,0,0,0,0,0,0,0,0,0,0,0,0,0,0,0,0,0,0,0,0,0,0,0,0,0,0,0,0,0,0,0,0,0,0,0,0,0,0,0,0,0,0,0,1,9.13419685236073
Granite County Sheriff's Office,1967-10-01,Montana,2968,MT02000,0,0,0,0,0,0,0,0,0,0,0,0,0,0,0,0,0,0,0,0,0,0,0,0,0,0,0,0,0,0,0,0,0,0,0,0,0,0,0,0,0,0,0,0,0,0,0,0,0,0,0,0,0,0,0,0,0,0,0,0,0,0,0,0,0,0,0,0,0,0,0,0,0,0,0,0,0,0,0,0,0,0,0,0,0,0,0,0,0,0,0,1,9.13419685236073
Granite County Sheriff's Office,1967-11-01,Montana,2968,MT02000,0,0,0,0,0,0,0,0,0,0,0,0,0,0,0,0,0,0,0,0,0,0,0,0,0,0,0,0,0,0,0,0,0,0,0,0,0,0,0,0,0,0,0,0,0,0,0,0,0,0,0,0,0,0,0,0,0,0,0,0,0,0,0,0,0,0,0,0,0,0,0,0,0,0,0,0,0,0,0,0,0,0,0,0,0,0,0,0,0,0,0,1,9.13419685236073
Granite County Sheriff's Office,1967-12-01,Montana,2968,MT02000,0,0,0,0,0,0,0,0,0,0,0,0,0,0,0,0,0,0,0,0,0,0,0,0,0,0,0,0,0,0,0,0,0,0,0,0,0,0,0,0,0,0,0,0,0,0,0,0,0,0,0,0,0,0,0,0,0,0,0,0,0,0,0,0,0,0,0,0,0,0,0,0,0,0,0,0,0,0,0,0,0,0,0,0,0,0,0,0,0,0,0,1,9.13419685236073
Granite County Sheriff's Office,1968-01-01,Montana,3129,MT02000,0,0,0,0,0,0,0,0,0,0,0,0,0,0,0,0,0,0,0,0,0,0,0,0,0,0,0,0,0,0,0,0,0,0,0,0,0,0,0,0,0,0,0,0,0,0,0,0,0,0,0,0,0,0,0,0,0,0,0,0,0,0,0,0,0,0,0,0,0,0,0,0,0,0,0,0,0,0,0,0,0,0,0,0,0,0,0,0,0,0,0,1,8.75998802108289
Granite County Sheriff's Office,1968-02-01,Montana,3129,MT02000,0,0,0,0,0,0,0,0,0,0,0,0,0,0,0,0,0,0,0,0,0,0,0,0,0,0,0,0,0,0,0,0,0,0,0,0,0,0,0,0,0,0,0,0,0,0,0,0,0,0,0,0,0,0,0,0,0,0,0,0,0,0,0,0,0,0,0,0,0,0,0,0,0,0,0,0,0,0,0,0,0,0,0,0,0,0,0,0,0,0,0,1,8.75998802108289
Granite County Sheriff's Office,1968-03-01,Montana,3129,MT02000,0,0,0,0,0,0,0,0,0,0,0,0,0,0,0,0,0,0,0,0,0,0,0,0,0,0,0,0,0,0,0,0,0,0,0,0,0,0,0,0,0,0,0,0,0,0,0,0,0,0,0,0,0,0,0,0,0,0,0,0,0,0,0,0,0,0,0,0,0,0,0,0,0,0,0,0,0,0,0,0,0,0,0,0,0,0,0,0,0,0,0,1,8.75998802108289
Granite County Sheriff's Office,1968-04-01,Montana,3129,MT02000,0,0,0,0,0,0,0,0,0,0,0,0,0,0,0,0,0,0,0,0,0,0,0,0,0,0,0,0,0,0,0,0,0,0,0,0,0,0,0,0,0,0,0,0,0,0,0,0,0,0,0,0,0,0,0,0,0,0,0,0,0,0,0,0,0,0,0,0,0,0,0,0,0,0,0,0,0,0,0,0,0,0,0,0,0,0,0,0,0,0,0,1,8.75998802108289
Granite County Sheriff's Office,1968-05-01,Montana,3129,MT02000,0,0,0,0,0,0,0,0,0,0,0,0,0,0,0,0,0,0,0,0,0,0,0,0,0,0,0,0,0,0,0,0,0,0,0,0,0,0,0,0,0,0,0,0,0,0,0,0,0,0,0,0,0,0,0,0,0,0,0,0,0,0,0,0,0,0,0,0,0,0,0,0,0,0,0,0,0,0,0,0,0,0,0,0,0,0,0,0,0,0,0,1,8.75998802108289
Granite County Sheriff's Office,1968-06-01,Montana,3129,MT02000,0,0,0,0,0,0,0,0,0,0,0,0,0,0,0,0,0,0,0,0,0,0,0,0,0,0,0,0,0,0,0,0,0,0,0,0,0,0,0,0,0,0,0,0,0,0,0,0,0,0,0,0,0,0,0,0,0,0,0,0,0,0,0,0,0,0,0,0,0,0,0,0,0,0,0,0,0,0,0,0,0,0,0,0,0,0,0,0,0,0,0,1,8.75998802108289
Granite County Sheriff's Office,1968-07-01,Montana,3129,MT02000,0,0,0,0,0,0,0,0,0,0,0,0,0,0,0,0,0,0,0,0,0,0,0,0,0,0,0,0,0,0,0,0,0,0,0,0,0,0,0,0,0,0,0,0,0,0,0,0,0,0,0,0,0,0,0,0,0,0,0,0,0,0,0,0,0,0,0,0,0,0,0,0,0,0,0,0,0,0,0,0,0,0,0,0,0,0,0,0,0,0,0,1,8.75998802108289
Granite County Sheriff's Office,1968-08-01,Montana,3129,MT02000,0,0,0,0,0,0,0,0,0,0,0,0,0,0,0,0,0,0,0,0,0,0,0,0,0,0,0,0,0,0,0,0,0,0,0,0,0,0,0,0,0,0,0,0,0,0,0,0,0,0,0,0,0,0,0,0,0,0,0,0,0,0,0,0,0,0,0,0,0,0,0,0,0,0,0,0,0,0,0,0,0,0,0,0,0,0,0,0,0,0,0,1,8.75998802108289
Granite County Sheriff's Office,1968-09-01,Montana,3129,MT02000,0,0,0,0,0,0,0,0,0,0,0,0,0,0,0,0,0,0,0,0,0,0,0,0,0,0,0,0,0,0,0,0,0,0,0,0,0,0,0,0,0,0,0,0,0,0,0,0,0,0,0,0,0,0,0,0,0,0,0,0,0,0,0,0,0,0,0,0,0,0,0,0,0,0,0,0,0,0,0,0,0,0,0,0,0,0,0,0,0,0,0,1,8.75998802108289
Granite County Sheriff's Office,1968-10-01,Montana,3129,MT02000,0,0,0,0,0,0,0,0,0,0,0,0,0,0,0,0,0,0,0,0,0,0,0,0,0,0,0,0,0,0,0,0,0,0,0,0,0,0,0,0,0,0,0,0,0,0,0,0,0,0,0,0,0,0,0,0,0,0,0,0,0,0,0,0,0,0,0,0,0,0,0,0,0,0,0,0,0,0,0,0,0,0,0,0,0,0,0,0,0,0,0,1,8.75998802108289
Granite County Sheriff's Office,1968-11-01,Montana,3129,MT02000,0,0,0,0,0,0,0,0,0,0,0,0,0,0,0,0,0,0,0,0,0,0,0,0,0,0,0,0,0,0,0,0,0,0,0,0,0,0,0,0,0,0,0,0,0,0,0,0,0,0,0,0,0,0,0,0,0,0,0,0,0,0,0,0,0,0,0,0,0,0,0,0,0,0,0,0,0,0,0,0,0,0,0,0,0,0,0,0,0,0,0,1,8.75998802108289
Granite County Sheriff's Office,1968-12-01,Montana,3129,MT02000,0,0,0,0,0,0,0,0,0,0,0,0,0,0,0,0,0,0,0,0,0,0,0,0,0,0,0,0,0,0,0,0,0,0,0,0,0,0,0,0,0,0,0,0,0,0,0,0,0,0,0,0,0,0,0,0,0,0,0,0,0,0,0,0,0,0,0,0,0,0,0,0,0,0,0,0,0,0,0,0,0,0,0,0,0,0,0,0,0,0,0,1,8.75998802108289
Granite County Sheriff's Office,1969-01-01,Montana,2904,MT02000,0,0,0,0,0,0,0,0,0,0,0,0,0,0,0,0,0,0,0,0,0,0,0,0,0,0,0,0,0,0,0,0,0,0,0,0,0,0,0,0,0,0,0,0,0,0,0,0,0,0,0,0,0,0,0,0,0,0,0,0,0,0,0,0,0,0,0,0,0,0,0,0,0,0,0,0,0,0,0,0,0,0,0,0,0,0,0,0,0,0,0,1,8.30626760563381
Granite County Sheriff's Office,1969-02-01,Montana,2904,MT02000,0,0,0,0,0,0,0,0,0,0,0,0,0,0,0,0,0,0,0,0,0,0,0,0,0,0,0,0,0,0,0,0,0,0,0,0,0,0,0,0,0,0,0,0,0,0,0,0,0,0,0,0,0,0,0,0,0,0,0,0,0,0,0,0,0,0,0,0,0,0,0,0,0,0,0,0,0,0,0,0,0,0,0,0,0,0,0,0,0,0,0,1,8.30626760563381
Granite County Sheriff's Office,1969-03-01,Montana,2904,MT02000,0,0,0,0,0,0,0,0,0,0,0,0,0,0,0,0,0,0,0,0,0,0,0,0,0,0,0,0,0,0,0,0,0,0,0,0,0,0,0,0,0,0,0,0,0,0,0,0,0,0,0,0,0,0,0,0,0,0,0,0,0,0,0,0,0,0,0,0,0,0,0,0,0,0,0,0,0,0,0,0,0,0,0,0,0,0,0,0,0,0,0,1,8.30626760563381
Granite County Sheriff's Office,1969-04-01,Montana,2904,MT02000,0,0,0,0,0,0,0,0,0,0,0,0,0,0,0,0,0,0,0,0,0,0,0,0,0,0,0,0,0,0,0,0,0,0,0,0,0,0,0,0,0,0,0,0,0,0,0,0,0,0,0,0,0,0,0,0,0,0,0,0,0,0,0,0,0,0,0,0,0,0,0,0,0,0,0,0,0,0,0,0,0,0,0,0,0,0,0,0,0,0,0,1,8.30626760563381
Granite County Sheriff's Office,1969-05-01,Montana,2904,MT02000,0,0,0,0,0,0,0,0,0,0,0,0,0,0,0,0,0,0,0,0,0,0,0,0,0,0,0,0,0,0,0,0,0,0,0,0,0,0,0,0,0,0,0,0,0,0,0,0,0,0,0,0,0,0,0,0,0,0,0,0,0,0,0,0,0,0,0,0,0,0,0,0,0,0,0,0,0,0,0,0,0,0,0,0,0,0,0,0,0,0,0,1,8.30626760563381
Granite County Sheriff's Office,1969-06-01,Montana,2904,MT02000,0,0,0,0,0,0,0,0,0,0,0,0,0,0,0,0,0,0,0,0,0,0,0,0,0,0,0,0,0,0,0,0,0,0,0,0,0,0,0,0,0,0,0,0,0,0,0,0,0,0,0,0,0,0,0,0,0,0,0,0,0,0,0,0,0,0,0,0,0,0,0,0,0,0,0,0,0,0,0,0,0,0,0,0,0,0,0,0,0,0,0,1,8.30626760563381
Granite County Sheriff's Office,1969-07-01,Montana,2904,MT02000,0,0,0,0,0,0,0,0,0,0,0,0,0,0,0,0,0,0,0,0,0,0,0,0,0,0,0,0,0,0,0,0,0,0,0,0,0,0,0,0,0,0,0,0,0,0,0,0,0,0,0,0,0,0,0,0,0,0,0,0,0,0,0,0,0,0,0,0,0,0,0,0,0,0,0,0,0,0,0,0,0,0,0,0,0,0,0,0,0,0,0,1,8.30626760563381
Granite County Sheriff's Office,1969-08-01,Montana,2904,MT02000,0,0,0,0,0,0,0,0,0,0,0,0,0,0,0,0,0,0,0,0,0,0,0,0,0,0,0,0,0,0,0,0,0,0,0,0,0,0,0,0,0,0,0,0,0,0,0,0,0,0,0,0,0,0,0,0,0,0,0,0,0,0,0,0,0,0,0,0,0,0,0,0,0,0,0,0,0,0,0,0,0,0,0,0,0,0,0,0,0,0,0,1,8.30626760563381
Granite County Sheriff's Office,1969-09-01,Montana,2904,MT02000,0,0,0,0,0,0,0,0,0,0,0,0,0,0,0,0,0,0,0,0,0,0,0,0,0,0,0,0,0,0,0,0,0,0,0,0,0,0,0,0,0,0,0,0,0,0,0,0,0,0,0,0,0,0,0,0,0,0,0,0,0,0,0,0,0,0,0,0,0,0,0,0,0,0,0,0,0,0,0,0,0,0,0,0,0,0,0,0,0,0,0,1,8.30626760563381
Granite County Sheriff's Office,1969-10-01,Montana,2904,MT02000,0,0,0,0,0,0,0,0,0,0,0,0,0,0,0,0,0,0,0,0,0,0,0,0,0,0,0,0,0,0,0,0,0,0,0,0,0,0,0,0,0,0,0,0,0,0,0,0,0,0,0,0,0,0,0,0,0,0,0,0,0,0,0,0,0,0,0,0,0,0,0,0,0,0,0,0,0,0,0,0,0,0,0,0,0,0,0,0,0,0,0,1,8.30626760563381
Granite County Sheriff's Office,1969-11-01,Montana,2904,MT02000,0,0,0,0,0,0,0,0,0,0,0,0,0,0,0,0,0,0,0,0,0,0,0,0,0,0,0,0,0,0,0,0,0,0,0,0,0,0,0,0,0,0,0,0,0,0,0,0,0,0,0,0,0,0,0,0,0,0,0,0,0,0,0,0,0,0,0,0,0,0,0,0,0,0,0,0,0,0,0,0,0,0,0,0,0,0,0,0,0,0,0,1,8.30626760563381
Granite County Sheriff's Office,1969-12-01,Montana,2904,MT02000,0,0,0,0,0,0,0,0,0,0,0,0,0,0,0,0,0,0,0,0,0,0,0,0,0,0,0,0,0,0,0,0,0,0,0,0,0,0,0,0,0,0,0,0,0,0,0,0,0,0,0,0,0,0,0,0,0,0,0,0,0,0,0,0,0,0,0,0,0,0,0,0,0,0,0,0,0,0,0,0,0,0,0,0,0,0,0,0,0,0,0,1,8.30626760563381
Granite County Sheriff's Office,1970-01-01,Montana,2737,MT02000,0,0,0,0,0,0,0,0,0,0,0,0,0,0,0,0,0,0,0,0,0,0,0,0,0,0,0,0,0,0,0,0,0,0,0,0,0,0,0,0,0,0,0,0,0,0,0,0,0,0,0,0,0,0,0,0,0,0,0,0,0,0,0,0,0,0,0,0,0,0,0,0,0,0,0,0,0,0,0,0,0,0,0,0,0,0,0,0,0,0,0,1,7.84807684052372
Granite County Sheriff's Office,1970-02-01,Montana,2737,MT02000,0,0,0,0,0,0,0,0,0,0,0,0,0,0,0,0,0,0,0,0,0,0,0,0,0,0,0,0,0,0,0,0,0,0,0,0,0,0,0,0,0,0,0,0,0,0,0,0,0,0,0,0,0,0,0,0,0,0,0,0,0,0,0,0,0,0,0,0,0,0,0,0,0,0,0,0,0,0,0,0,0,0,0,0,0,0,0,0,0,0,0,1,7.84807684052372
Granite County Sheriff's Office,1970-03-01,Montana,2737,MT02000,0,0,0,0,0,0,0,0,0,0,0,0,0,0,0,0,0,0,0,0,0,0,0,0,0,0,0,0,0,0,0,0,0,0,0,0,0,0,0,0,0,0,0,0,0,0,0,0,0,0,0,0,0,0,0,0,0,0,0,0,0,0,0,0,0,0,0,0,0,0,0,0,0,0,0,0,0,0,0,0,0,0,0,0,0,0,0,0,0,0,0,1,7.84807684052372
Granite County Sheriff's Office,1970-04-01,Montana,2737,MT02000,0,0,0,0,0,0,0,0,0,0,0,0,0,0,0,0,0,0,0,0,0,0,0,0,0,0,0,0,0,0,0,0,0,0,0,0,0,0,0,0,0,0,0,0,0,0,0,0,0,0,0,0,0,0,0,0,0,0,0,0,0,0,0,0,0,0,0,0,0,0,0,0,0,0,0,0,0,0,0,0,0,0,0,0,0,0,0,0,0,0,0,1,7.84807684052372
Granite County Sheriff's Office,1970-05-01,Montana,2737,MT02000,0,0,0,0,0,0,0,0,0,0,0,0,0,0,0,0,0,0,0,0,0,0,0,0,0,0,0,0,0,0,0,0,0,0,0,0,0,0,0,0,0,0,0,0,0,0,0,0,0,0,0,0,0,0,0,0,0,0,0,0,0,0,0,0,0,0,0,0,0,0,0,0,0,0,0,0,0,0,0,0,0,0,0,0,0,0,0,0,0,0,0,1,7.84807684052372
Granite County Sheriff's Office,1970-06-01,Montana,2737,MT02000,0,0,0,0,0,0,0,0,0,0,0,0,0,0,0,0,0,0,0,0,0,0,0,0,0,0,0,0,0,0,0,0,0,0,0,0,0,0,0,0,0,0,0,0,0,0,0,0,0,0,0,0,0,0,0,0,0,0,0,0,0,0,0,0,0,0,0,0,0,0,0,0,0,0,0,0,0,0,0,0,0,0,0,0,0,0,0,0,0,0,0,1,7.84807684052372
Granite County Sheriff's Office,1970-07-01,Montana,2737,MT02000,0,0,0,0,0,0,0,0,0,0,0,0,0,0,0,0,0,0,0,0,0,0,0,0,0,0,0,0,0,0,0,0,0,0,0,0,0,0,0,0,0,0,0,0,0,0,0,0,0,0,0,0,0,0,0,0,0,0,0,0,0,0,0,0,0,0,0,0,0,0,0,0,0,0,0,0,0,0,0,0,0,0,0,0,0,0,0,0,0,0,0,1,7.84807684052372
Granite County Sheriff's Office,1970-08-01,Montana,2737,MT02000,0,0,0,0,0,0,0,0,0,0,0,0,0,0,0,0,0,0,0,0,0,0,0,0,0,0,0,0,0,0,0,0,0,0,0,0,0,0,0,0,0,0,0,0,0,0,0,0,0,0,0,0,0,0,0,0,0,0,0,0,0,0,0,0,0,0,0,0,0,0,0,0,0,0,0,0,0,0,0,0,0,0,0,0,0,0,0,0,0,0,0,1,7.84807684052372
Granite County Sheriff's Office,1970-09-01,Montana,2737,MT02000,0,0,0,0,0,0,0,0,0,0,0,0,0,0,0,0,0,0,0,0,0,0,0,0,0,0,0,0,0,0,0,0,0,0,0,0,0,0,0,0,0,0,0,0,0,0,0,0,0,0,0,0,0,0,0,0,0,0,0,0,0,0,0,0,0,0,0,0,0,0,0,0,0,0,0,0,0,0,0,0,0,0,0,0,0,0,0,0,0,0,0,1,7.84807684052372
Granite County Sheriff's Office,1970-10-01,Montana,2737,MT02000,0,0,0,0,0,0,0,0,0,0,0,0,0,0,0,0,0,0,0,0,0,0,0,0,0,0,0,0,0,0,0,0,0,0,0,0,0,0,0,0,0,0,0,0,0,0,0,0,0,0,0,0,0,0,0,0,0,0,0,0,0,0,0,0,0,0,0,0,0,0,0,0,0,0,0,0,0,0,0,0,0,0,0,0,0,0,0,0,0,0,0,1,7.84807684052372
Granite County Sheriff's Office,1970-11-01,Montana,2737,MT02000,0,0,0,0,0,0,0,0,0,0,0,0,0,0,0,0,0,0,0,0,0,0,0,0,0,0,0,0,0,0,0,0,0,0,0,0,0,0,0,0,0,0,0,0,0,0,0,0,0,0,0,0,0,0,0,0,0,0,0,0,0,0,0,0,0,0,0,0,0,0,0,0,0,0,0,0,0,0,0,0,0,0,0,0,0,0,0,0,0,0,0,1,7.84807684052372
Granite County Sheriff's Office,1970-12-01,Montana,2737,MT02000,0,0,0,0,0,0,0,0,0,0,0,0,0,0,0,0,0,0,0,0,0,0,0,0,0,0,0,0,0,0,0,0,0,0,0,0,0,0,0,0,0,0,0,0,0,0,0,0,0,0,0,0,0,0,0,0,0,0,0,0,0,0,0,0,0,0,0,0,0,0,0,0,0,0,0,0,0,0,0,0,0,0,0,0,0,0,0,0,0,0,0,1,7.84807684052372
Granite County Sheriff's Office,1971-01-01,Montana,2767,MT02000,0,0,0,0,0,0,0,0,0,0,0,0,0,0,0,0,0,0,0,0,0,0,0,0,0,0,0,0,0,0,0,0,0,0,0,0,0,0,0,0,0,0,0,0,0,0,0,0,0,0,0,0,0,0,0,0,0,0,0,0,0,0,0,0,0,0,0,0,0,0,0,0,0,0,0,0,0,0,0,0,0,0,0,0,0,0,0,0,0,0,0,1,7.52504424778761
Granite County Sheriff's Office,1971-02-01,Montana,2767,MT02000,0,0,0,0,0,0,0,0,0,0,0,0,0,0,0,0,0,0,0,0,0,0,0,0,0,0,0,0,0,0,0,0,0,0,0,0,0,0,0,0,0,0,0,0,0,0,0,0,0,0,0,0,0,0,0,0,0,0,0,0,0,0,0,0,0,0,0,0,0,0,0,0,0,0,0,0,0,0,0,0,0,0,0,0,0,0,0,0,0,0,0,1,7.52504424778761
Granite County Sheriff's Office,1971-03-01,Montana,2767,MT02000,0,0,0,0,0,0,0,0,0,0,0,0,0,0,0,0,0,0,0,0,0,0,0,0,0,0,0,0,0,0,0,0,0,0,0,0,0,0,0,0,0,0,0,0,0,0,0,0,0,0,0,0,0,0,0,0,0,0,0,0,0,0,0,0,0,0,0,0,0,0,0,0,0,0,0,0,0,0,0,0,0,0,0,0,0,0,0,0,0,0,0,1,7.52504424778761
Granite County Sheriff's Office,1971-04-01,Montana,2767,MT02000,0,0,0,0,0,0,0,0,0,0,0,0,0,0,0,0,0,0,0,0,0,0,0,0,0,0,0,0,0,0,0,0,0,0,0,0,0,0,0,0,0,0,0,0,0,0,0,0,0,0,0,0,0,0,0,0,0,0,0,0,0,0,0,0,0,0,0,0,0,0,0,0,0,0,0,0,0,0,0,0,0,0,0,0,0,0,0,0,0,0,0,1,7.52504424778761
Granite County Sheriff's Office,1971-05-01,Montana,2767,MT02000,0,0,0,0,0,0,0,0,0,0,0,0,0,0,0,0,0,0,0,0,0,0,0,0,0,0,0,0,0,0,0,0,0,0,0,0,0,0,0,0,0,0,0,0,0,0,0,0,0,0,0,0,0,0,0,0,0,0,0,0,0,0,0,0,0,0,0,0,0,0,0,0,0,0,0,0,0,0,0,0,0,0,0,0,0,0,0,0,0,0,0,1,7.52504424778761
Granite County Sheriff's Office,1971-06-01,Montana,2767,MT02000,0,0,0,0,0,0,0,0,0,0,0,0,0,0,0,0,0,0,0,0,0,0,0,0,0,0,0,0,0,0,0,0,0,0,0,0,0,0,0,0,0,0,0,0,0,0,0,0,0,0,0,0,0,0,0,0,0,0,0,0,0,0,0,0,0,0,0,0,0,0,0,0,0,0,0,0,0,0,0,0,0,0,0,0,0,0,0,0,0,0,0,1,7.52504424778761
Granite County Sheriff's Office,1971-07-01,Montana,2767,MT02000,0,0,0,0,0,0,0,0,0,0,0,0,0,0,0,0,0,0,0,0,0,0,0,0,0,0,0,0,0,0,0,0,0,0,0,0,0,0,0,0,0,0,0,0,0,0,0,0,0,0,0,0,0,0,0,0,0,0,0,0,0,0,0,0,0,0,0,0,0,0,0,0,0,0,0,0,0,0,0,0,0,0,0,0,0,0,0,0,0,0,0,1,7.52504424778761
Granite County Sheriff's Office,1971-08-01,Montana,2767,MT02000,0,0,0,0,0,0,0,0,0,0,0,0,0,0,0,0,0,0,0,0,0,0,0,0,0,0,0,0,0,0,0,0,0,0,0,0,0,0,0,0,0,0,0,0,0,0,0,0,0,0,0,0,0,0,0,0,0,0,0,0,0,0,0,0,0,0,0,0,0,0,0,0,0,0,0,0,0,0,0,0,0,0,0,0,0,0,0,0,0,0,0,1,7.52504424778761
Granite County Sheriff's Office,1971-09-01,Montana,2767,MT02000,0,0,0,0,0,0,0,0,0,0,0,0,0,0,0,0,0,0,0,0,0,0,0,0,0,0,0,0,0,0,0,0,0,0,0,0,0,0,0,0,0,0,0,0,0,0,0,0,0,0,0,0,0,0,0,0,0,0,0,0,0,0,0,0,0,0,0,0,0,0,0,0,0,0,0,0,0,0,0,0,0,0,0,0,0,0,0,0,0,0,0,1,7.52504424778761
Granite County Sheriff's Office,1971-10-01,Montana,2767,MT02000,0,0,0,0,0,0,0,0,0,0,0,0,0,0,0,0,0,0,0,0,0,0,0,0,0,0,0,0,0,0,0,0,0,0,0,0,0,0,0,0,0,0,0,0,0,0,0,0,0,0,0,0,0,0,0,0,0,0,0,0,0,0,0,0,0,0,0,0,0,0,0,0,0,0,0,0,0,0,0,0,0,0,0,0,0,0,0,0,0,0,0,1,7.52504424778761
Granite County Sheriff's Office,1971-11-01,Montana,2767,MT02000,0,0,0,0,0,0,0,0,0,0,0,0,0,0,0,0,0,0,0,0,0,0,0,0,0,0,0,0,0,0,0,0,0,0,0,0,0,0,0,0,0,0,0,0,0,0,0,0,0,0,0,0,0,0,0,0,0,0,0,0,0,0,0,0,0,0,0,0,0,0,0,0,0,0,0,0,0,0,0,0,0,0,0,0,0,0,0,0,0,0,0,1,7.52504424778761
Granite County Sheriff's Office,1971-12-01,Montana,2767,MT02000,0,0,0,0,0,0,0,0,0,0,0,0,0,0,0,0,0,0,0,0,0,0,0,0,0,0,0,0,0,0,0,0,0,0,0,0,0,0,0,0,0,0,0,0,0,0,0,0,0,0,0,0,0,0,0,0,0,0,0,0,0,0,0,0,0,0,0,0,0,0,0,0,0,0,0,0,0,0,0,0,0,0,0,0,0,0,0,0,0,0,0,1,7.52504424778761
Granite County Sheriff's Office,1972-01-01,Montana,2617,MT02000,0,0,0,0,0,0,0,0,0,0,0,0,0,0,0,0,0,0,0,0,0,0,0,0,0,0,0,0,0,0,0,0,0,0,0,0,0,0,0,0,0,0,0,0,0,0,0,0,0,0,0,0,0,0,0,0,0,0,0,0,0,0,0,0,0,0,0,0,0,0,0,0,0,0,0,0,0,0,0,0,0,0,0,0,0,0,0,0,0,0,0,1,7.28660621761658
Granite County Sheriff's Office,1972-02-01,Montana,2617,MT02000,0,0,0,0,0,0,0,0,0,0,0,0,0,0,0,0,0,0,0,0,0,0,0,0,0,0,0,0,0,0,0,0,0,0,0,0,0,0,0,0,0,0,0,0,0,0,0,0,0,0,0,0,0,0,0,0,0,0,0,0,0,0,0,0,0,0,0,0,0,0,0,0,0,0,0,0,0,0,0,0,0,0,0,0,0,0,0,0,0,0,0,1,7.28660621761658
Granite County Sheriff's Office,1972-03-01,Montana,2617,MT02000,0,0,0,0,0,0,0,0,0,0,0,0,0,0,0,0,0,0,0,0,0,0,0,0,0,0,0,0,0,0,0,0,0,0,0,0,0,0,0,0,0,0,0,0,0,0,0,0,0,0,0,0,0,0,0,0,0,0,0,0,0,0,0,0,0,0,0,0,0,0,0,0,0,0,0,0,0,0,0,0,0,0,0,0,0,0,0,0,0,0,0,1,7.28660621761658
Granite County Sheriff's Office,1972-04-01,Montana,2617,MT02000,0,0,0,0,0,0,0,0,0,0,0,0,0,0,0,0,0,0,0,0,0,0,0,0,0,0,0,0,0,0,0,0,0,0,0,0,0,0,0,0,0,0,0,0,0,0,0,0,0,0,0,0,0,0,0,0,0,0,0,0,0,0,0,0,0,0,0,0,0,0,0,0,0,0,0,0,0,0,0,0,0,0,0,0,0,0,0,0,0,0,0,1,7.28660621761658
Granite County Sheriff's Office,1972-05-01,Montana,2617,MT02000,0,0,0,0,0,0,0,0,0,0,0,0,0,0,0,0,0,0,0,0,0,0,0,0,0,0,0,0,0,0,0,0,0,0,0,0,0,0,0,0,0,0,0,0,0,0,0,0,0,0,0,0,0,0,0,0,0,0,0,0,0,0,0,0,0,0,0,0,0,0,0,0,0,0,0,0,0,0,0,0,0,0,0,0,0,0,0,0,0,0,0,1,7.28660621761658
Granite County Sheriff's Office,1972-06-01,Montana,2617,MT02000,0,0,0,0,0,0,0,0,0,0,0,0,0,0,0,0,0,0,0,0,0,0,0,0,0,0,0,0,0,0,0,0,0,0,0,0,0,0,0,0,0,0,0,0,0,0,0,0,0,0,0,0,0,0,0,0,0,0,0,0,0,0,0,0,0,0,0,0,0,0,0,0,0,0,0,0,0,0,0,0,0,0,0,0,0,0,0,0,0,0,0,1,7.28660621761658
Granite County Sheriff's Office,1972-07-01,Montana,2617,MT02000,0,0,0,0,0,0,0,0,0,0,0,0,0,0,0,0,0,0,0,0,0,0,0,0,0,0,0,0,0,0,0,0,0,0,0,0,0,0,0,0,0,0,0,0,0,0,0,0,0,0,0,0,0,0,0,0,0,0,0,0,0,0,0,0,0,0,0,0,0,0,0,0,0,0,0,0,0,0,0,0,0,0,0,0,0,0,0,0,0,0,0,1,7.28660621761658
Granite County Sheriff's Office,1972-08-01,Montana,2617,MT02000,0,0,0,0,0,0,0,0,0,0,0,0,0,0,0,0,0,0,0,0,0,0,0,0,0,0,0,0,0,0,0,0,0,0,0,0,0,0,0,0,0,0,0,0,0,0,0,0,0,0,0,0,0,0,0,0,0,0,0,0,0,0,0,0,0,0,0,0,0,0,0,0,0,0,0,0,0,0,0,0,0,0,0,0,0,0,0,0,0,0,0,1,7.28660621761658
Granite County Sheriff's Office,1972-09-01,Montana,2617,MT02000,0,0,0,0,0,0,0,0,0,0,0,0,0,0,0,0,0,0,0,0,0,0,0,0,0,0,0,0,0,0,0,0,0,0,0,0,0,0,0,0,0,0,0,0,0,0,0,0,0,0,0,0,0,0,0,0,0,0,0,0,0,0,0,0,0,0,0,0,0,0,0,0,0,0,0,0,0,0,0,0,0,0,0,0,0,0,0,0,0,0,0,1,7.28660621761658
Granite County Sheriff's Office,1972-10-01,Montana,2617,MT02000,0,0,0,0,0,0,0,0,0,0,0,0,0,0,0,0,0,0,0,0,0,0,0,0,0,0,0,0,0,0,0,0,0,0,0,0,0,0,0,0,0,0,0,0,0,0,0,0,0,0,0,0,0,0,0,0,0,0,0,0,0,0,0,0,0,0,0,0,0,0,0,0,0,0,0,0,0,0,0,0,0,0,0,0,0,0,0,0,0,0,0,1,7.28660621761658
Granite County Sheriff's Office,1972-11-01,Montana,2617,MT02000,0,0,0,0,0,0,0,0,0,0,0,0,0,0,0,0,0,0,0,0,0,0,0,0,0,0,0,0,0,0,0,0,0,0,0,0,0,0,0,0,0,0,0,0,0,0,0,0,0,0,0,0,0,0,0,0,0,0,0,0,0,0,0,0,0,0,0,0,0,0,0,0,0,0,0,0,0,0,0,0,0,0,0,0,0,0,0,0,0,0,0,1,7.28660621761658
Granite County Sheriff's Office,1972-12-01,Montana,2617,MT02000,0,0,0,0,0,0,0,0,0,0,0,0,0,0,0,0,0,0,0,0,0,0,0,0,0,0,0,0,0,0,0,0,0,0,0,0,0,0,0,0,0,0,0,0,0,0,0,0,0,0,0,0,0,0,0,0,0,0,0,0,0,0,0,0,0,0,0,0,0,0,0,0,0,0,0,0,0,0,0,0,0,0,0,0,0,0,0,0,0,0,0,1,7.28660621761658
Granite County Sheriff's Office,1973-01-01,Montana,2594,MT02000,0,0,0,0,0,0,0,0,0,0,0,0,0,0,0,0,0,0,0,0,0,0,0,0,0,0,0,0,0,0,0,0,0,0,0,0,0,0,0,0,0,0,0,0,0,0,0,0,0,0,0,0,0,0,0,0,0,0,0,0,0,0,0,0,0,0,0,0,0,0,0,0,0,0,0,0,0,0,0,0,0,0,0,0,0,0,0,0,0,0,0,1,6.86264827327328
Granite County Sheriff's Office,1973-02-01,Montana,2594,MT02000,0,0,0,0,0,0,0,0,0,0,0,0,0,0,0,0,0,0,0,0,0,0,0,0,0,0,0,0,0,0,0,0,0,0,0,0,0,0,0,0,0,0,0,0,0,0,0,0,0,0,0,0,0,0,0,0,0,0,0,0,0,0,0,0,0,0,0,0,0,0,0,0,0,0,0,0,0,0,0,0,0,0,0,0,0,0,0,0,0,0,0,1,6.86264827327328
Granite County Sheriff's Office,1973-03-01,Montana,2594,MT02000,0,0,0,0,0,0,0,0,0,0,0,0,0,0,0,0,0,0,0,0,0,0,0,0,0,0,0,0,0,0,0,0,0,0,0,0,0,0,0,0,0,0,0,0,0,0,0,0,0,0,0,0,0,0,0,0,0,0,0,0,0,0,0,0,0,0,0,0,0,0,0,0,0,0,0,0,0,0,0,0,0,0,0,0,0,0,0,0,0,0,0,1,6.86264827327328
Granite County Sheriff's Office,1973-04-01,Montana,2594,MT02000,0,0,0,0,0,0,0,0,0,0,0,0,0,0,0,0,0,0,0,0,0,0,0,0,0,0,0,0,0,0,0,0,0,0,0,0,0,0,0,0,0,0,0,0,0,0,0,0,0,0,0,0,0,0,0,0,0,0,0,0,0,0,0,0,0,0,0,0,0,0,0,0,0,0,0,0,0,0,0,0,0,0,0,0,0,0,0,0,0,0,0,1,6.86264827327328
Granite County Sheriff's Office,1973-05-01,Montana,2594,MT02000,0,0,0,0,0,0,0,0,0,0,0,0,0,0,0,0,0,0,0,0,0,0,0,0,0,0,0,0,0,0,0,0,0,0,0,0,0,0,0,0,0,0,0,0,0,0,0,0,0,0,0,0,0,0,0,0,0,0,0,0,0,0,0,0,0,0,0,0,0,0,0,0,0,0,0,0,0,0,0,0,0,0,0,0,0,0,0,0,0,0,0,1,6.86264827327328
Granite County Sheriff's Office,1973-06-01,Montana,2594,MT02000,0,0,0,0,0,0,0,0,0,0,0,0,0,0,0,0,0,0,0,0,0,0,0,0,0,0,0,0,0,0,0,0,0,0,0,0,0,0,0,0,0,0,0,0,0,0,0,0,0,0,0,0,0,0,0,0,0,0,0,0,0,0,0,0,0,0,0,0,0,0,0,0,0,0,0,0,0,0,0,0,0,0,0,0,0,0,0,0,0,0,0,1,6.86264827327328
Granite County Sheriff's Office,1973-07-01,Montana,2594,MT02000,0,0,0,0,0,0,0,0,0,0,0,0,0,0,0,0,0,0,0,0,0,0,0,0,0,0,0,0,0,0,0,0,0,0,0,0,0,0,0,0,0,0,0,0,0,0,0,0,0,0,0,0,0,0,0,0,0,0,0,0,0,0,0,0,0,0,0,0,0,0,0,0,0,0,0,0,0,0,0,0,0,0,0,0,0,0,0,0,0,0,0,1,6.86264827327328
Granite County Sheriff's Office,1973-08-01,Montana,2594,MT02000,0,0,0,0,0,0,0,0,0,0,0,0,0,0,0,0,0,0,0,0,0,0,0,0,0,0,0,0,0,0,0,0,0,0,0,0,0,0,0,0,0,0,0,0,0,0,0,0,0,0,0,0,0,0,0,0,0,0,0,0,0,0,0,0,0,0,0,0,0,0,0,0,0,0,0,0,0,0,0,0,0,0,0,0,0,0,0,0,0,0,0,1,6.86264827327328
Granite County Sheriff's Office,1973-09-01,Montana,2594,MT02000,0,0,0,0,0,0,0,0,0,0,0,0,0,0,0,0,0,0,0,0,0,0,0,0,0,0,0,0,0,0,0,0,0,0,0,0,0,0,0,0,0,0,0,0,0,0,0,0,0,0,0,0,0,0,0,0,0,0,0,0,0,0,0,0,0,0,0,0,0,0,0,0,0,0,0,0,0,0,0,0,0,0,0,0,0,0,0,0,0,0,0,1,6.86264827327328
Granite County Sheriff's Office,1973-10-01,Montana,2594,MT02000,0,0,0,0,0,0,0,0,0,0,0,0,0,0,0,0,0,0,0,0,0,0,0,0,0,0,0,0,0,0,0,0,0,0,0,0,0,0,0,0,0,0,0,0,0,0,0,0,0,0,0,0,0,0,0,0,0,0,0,0,0,0,0,0,0,0,0,0,0,0,0,0,0,0,0,0,0,0,0,0,0,0,0,0,0,0,0,0,0,0,0,1,6.86264827327328
Granite County Sheriff's Office,1973-11-01,Montana,2594,MT02000,0,0,0,0,0,0,0,0,0,0,0,0,0,0,0,0,0,0,0,0,0,0,0,0,0,0,0,0,0,0,0,0,0,0,0,0,0,0,0,0,0,0,0,0,0,0,0,0,0,0,0,0,0,0,0,0,0,0,0,0,0,0,0,0,0,0,0,0,0,0,0,0,0,0,0,0,0,0,0,0,0,0,0,0,0,0,0,0,0,0,0,1,6.86264827327328
Granite County Sheriff's Office,1973-12-01,Montana,2594,MT02000,0,0,0,0,0,0,0,0,0,0,0,0,0,0,0,0,0,0,0,0,0,0,0,0,0,0,0,0,0,0,0,0,0,0,0,0,0,0,0,0,0,0,0,0,0,0,0,0,0,0,0,0,0,0,0,0,0,0,0,0,0,0,0,0,0,0,0,0,0,0,0,0,0,0,0,0,0,0,0,0,0,0,0,0,0,0,0,0,0,0,0,1,6.86264827327328
Granite County Sheriff's Office,1974-01-01,Montana,2653,MT02000,0,0,0,0,0,0,0,0,0,0,0,0,0,0,0,0,0,0,0,0,0,0,0,0,0,0,0,0,0,0,0,0,0,0,0,0,0,0,0,0,0,0,0,0,0,0,0,0,0,0,0,0,0,0,0,0,0,0,0,0,0,0,0,0,0,0,0,0,0,0,0,0,0,0,0,0,0,0,0,0,0,0,0,0,0,0,0,0,0,0,0,1,6.17951495690384
Granite County Sheriff's Office,1974-02-01,Montana,2653,MT02000,0,0,0,0,0,0,0,0,0,0,0,0,0,0,0,0,0,0,0,0,0,0,0,0,0,0,0,0,0,0,0,0,0,0,0,0,0,0,0,0,0,0,0,0,0,0,0,0,0,0,0,0,0,0,0,0,0,0,0,0,0,0,0,0,0,0,0,0,0,0,0,0,0,0,0,0,0,0,0,0,0,0,0,0,0,0,0,0,0,0,0,1,6.17951495690384
Granite County Sheriff's Office,1974-03-01,Montana,2653,MT02000,0,0,0,0,0,0,0,0,0,0,0,0,0,0,0,0,0,0,0,0,0,0,0,0,0,0,0,0,0,0,0,0,0,0,0,0,0,0,0,0,0,0,0,0,0,0,0,0,0,0,0,0,0,0,0,0,0,0,0,0,0,0,0,0,0,0,0,0,0,0,0,0,0,0,0,0,0,0,0,0,0,0,0,0,0,0,0,0,0,0,0,1,6.17951495690384
Granite County Sheriff's Office,1974-04-01,Montana,2653,MT02000,0,0,0,0,0,0,0,0,0,0,0,0,0,0,0,0,0,0,0,0,0,0,0,0,0,0,0,0,0,0,0,0,0,0,0,0,0,0,0,0,0,0,0,0,0,0,0,0,0,0,0,0,0,0,0,0,0,0,0,0,0,0,0,0,0,0,0,0,0,0,0,0,0,0,0,0,0,0,0,0,0,0,0,0,0,0,0,0,0,0,0,1,6.17951495690384
Granite County Sheriff's Office,1974-05-01,Montana,2653,MT02000,0,0,0,0,0,0,0,0,0,0,0,0,0,0,0,0,0,0,0,0,0,0,0,0,0,0,0,0,0,0,0,0,0,0,0,0,0,0,0,0,0,0,0,0,0,0,0,0,0,0,0,0,0,0,0,0,0,0,0,0,0,0,0,0,0,0,0,0,0,0,0,0,0,0,0,0,0,0,0,0,0,0,0,0,0,0,0,0,0,0,0,1,6.17951495690384
Granite County Sheriff's Office,1974-06-01,Montana,2653,MT02000,0,0,0,0,0,0,0,0,0,0,0,0,0,0,0,0,0,0,0,0,0,0,0,0,0,0,0,0,0,0,0,0,0,0,0,0,0,0,0,0,0,0,0,0,0,0,0,0,0,0,0,0,0,0,0,0,0,0,0,0,0,0,0,0,0,0,0,0,0,0,0,0,0,0,0,0,0,0,0,0,0,0,0,0,0,0,0,0,0,0,0,1,6.17951495690384
Granite County Sheriff's Office,1974-07-01,Montana,2653,MT02000,0,0,0,0,0,0,0,0,0,0,0,0,0,0,0,0,0,0,0,0,0,0,0,0,0,0,0,0,0,0,0,0,0,0,0,0,0,0,0,0,0,0,0,0,0,0,0,0,0,0,0,0,0,0,0,0,0,0,0,0,0,0,0,0,0,0,0,0,0,0,0,0,0,0,0,0,0,0,0,0,0,0,0,0,0,0,0,0,0,0,0,1,6.17951495690384
Granite County Sheriff's Office,1974-08-01,Montana,2653,MT02000,0,0,0,0,0,0,0,0,0,0,0,0,0,0,0,0,0,0,0,0,0,0,0,0,0,0,0,0,0,0,0,0,0,0,0,0,0,0,0,0,0,0,0,0,0,0,0,0,0,0,0,0,0,0,0,0,0,0,0,0,0,0,0,0,0,0,0,0,0,0,0,0,0,0,0,0,0,0,0,0,0,0,0,0,0,0,0,0,0,0,0,1,6.17951495690384
Granite County Sheriff's Office,1974-09-01,Montana,2653,MT02000,0,0,0,0,0,1,1,0,0,0,0,0,0,0,0,0,0,0,0,0,0,0,0,0,0,0,0,0,0,0,0,0,0,0,0,0,0,0,0,0,0,0,0,0,0,0,0,0,0,0,0,0,0,0,0,0,0,0,0,0,0,0,0,0,0,0,0,0,0,0,0,0,0,0,0,0,0,0,0,0,0,0,0,0,0,0,0,0,0,0,0,1,6.17951495690384
Granite County Sheriff's Office,1974-10-01,Montana,2653,MT02000,0,0,0,0,0,0,0,0,0,0,0,0,0,0,0,0,0,0,0,0,0,0,0,0,0,0,0,0,0,0,0,0,0,0,0,0,0,0,0,0,0,0,0,0,0,0,0,0,0,0,0,0,0,0,0,0,0,0,0,0,0,0,0,0,0,0,0,0,0,0,0,0,0,0,0,0,0,0,0,0,0,0,0,0,0,0,0,0,0,0,0,1,6.17951495690384
Granite County Sheriff's Office,1974-11-01,Montana,2653,MT02000,0,0,0,0,0,0,0,0,0,0,0,0,0,0,0,0,0,0,0,0,0,0,0,0,0,0,0,0,0,0,0,0,0,0,0,0,0,0,0,0,0,0,0,0,0,0,0,0,0,0,0,0,0,0,0,0,0,0,0,0,0,0,0,0,0,0,0,0,0,0,0,0,0,0,0,0,0,0,0,0,0,0,0,0,0,0,0,0,0,0,0,1,6.17951495690384
Granite County Sheriff's Office,1974-12-01,Montana,2653,MT02000,0,0,0,0,0,0,0,0,0,0,0,0,0,0,0,0,0,0,0,0,0,0,0,0,0,0,0,0,0,0,0,0,0,0,0,0,0,0,0,0,0,0,0,0,0,0,0,0,0,0,0,0,0,0,0,0,0,0,0,0,0,0,0,0,0,0,0,0,0,0,0,0,0,0,0,0,0,0,0,0,0,0,0,0,0,0,0,0,0,0,0,1,6.17951495690384
Granite County Sheriff's Office,1975-01-01,Montana,2746,MT02000,0,0,0,0,0,0,0,0,0,0,0,0,0,0,0,0,0,0,0,0,0,0,0,0,0,0,0,0,0,0,0,0,0,0,0,0,0,0,0,0,0,0,0,0,0,0,0,0,0,0,0,0,0,0,0,0,0,0,0,0,0,0,0,0,0,0,0,0,0,0,0,0,0,0,0,0,0,0,0,0,0,0,0,0,0,0,0,0,0,0,0,1,5.66184422421803
Granite County Sheriff's Office,1975-02-01,Montana,2746,MT02000,0,0,0,0,0,0,0,0,0,0,0,0,0,0,0,0,0,0,0,0,0,0,0,0,0,0,0,0,0,0,0,0,0,0,0,0,0,0,0,0,0,0,0,0,0,0,0,0,0,0,0,0,0,0,0,0,0,0,0,0,0,0,0,0,0,0,0,0,0,0,0,0,0,0,0,0,0,0,0,0,0,0,0,0,0,0,0,0,0,0,0,1,5.66184422421803
Granite County Sheriff's Office,1975-03-01,Montana,2746,MT02000,0,0,0,0,0,0,0,0,0,0,0,0,0,0,0,0,0,0,0,0,0,0,0,0,0,0,0,0,0,0,0,0,0,0,0,0,0,0,0,0,0,0,0,0,0,0,0,0,0,0,0,0,0,0,0,0,0,0,0,0,0,0,0,0,0,0,0,0,0,0,0,0,0,0,0,0,0,0,0,0,0,0,0,0,0,0,0,0,0,0,0,1,5.66184422421803
Granite County Sheriff's Office,1975-04-01,Montana,2746,MT02000,0,0,0,0,0,0,0,0,0,0,0,0,0,0,0,0,0,0,0,0,0,0,0,0,0,0,0,0,0,0,0,0,0,0,0,0,0,0,0,0,0,0,0,0,0,0,0,0,0,0,0,0,0,0,0,0,0,0,0,0,0,0,0,0,0,0,0,0,0,0,0,0,0,0,0,0,0,0,0,0,0,0,0,0,0,0,0,0,0,0,0,1,5.66184422421803
Granite County Sheriff's Office,1975-05-01,Montana,2746,MT02000,0,0,0,0,0,0,0,0,0,0,0,0,0,0,0,0,0,0,0,0,0,0,0,0,0,0,0,0,0,0,0,0,0,0,0,0,0,0,0,0,0,0,0,0,0,0,0,0,0,0,0,0,0,0,0,0,0,0,0,0,0,0,0,0,0,0,0,0,0,0,0,0,0,0,0,0,0,0,0,0,0,0,0,0,0,0,0,0,0,0,0,1,5.66184422421803
Granite County Sheriff's Office,1975-06-01,Montana,2746,MT02000,0,0,0,0,0,0,0,0,0,0,0,0,0,0,0,0,0,0,0,0,0,0,0,0,0,0,0,0,0,0,0,0,0,0,0,0,0,0,0,0,0,0,0,0,0,0,0,0,0,0,0,0,0,0,0,0,0,0,0,0,0,0,0,0,0,0,0,0,0,0,0,0,0,0,0,0,0,0,0,0,0,0,0,0,0,0,0,0,0,0,0,1,5.66184422421803
Granite County Sheriff's Office,1975-07-01,Montana,2746,MT02000,0,0,0,0,0,0,0,0,0,0,0,0,0,0,0,0,0,0,0,0,0,0,0,0,0,0,0,0,0,0,0,0,0,0,0,0,0,0,0,0,0,0,0,0,0,0,0,0,0,0,0,0,0,0,0,0,0,0,0,0,0,0,0,0,0,0,0,0,0,0,0,0,0,0,0,0,0,0,0,0,0,0,0,0,0,0,0,0,0,0,0,1,5.66184422421803
Granite County Sheriff's Office,1975-08-01,Montana,2746,MT02000,0,0,0,0,0,0,0,0,0,0,0,0,0,0,0,0,0,0,0,0,0,0,0,0,0,0,0,0,0,0,0,0,0,0,0,0,0,0,0,0,0,0,0,0,0,0,0,0,0,0,0,0,0,0,0,0,0,0,0,0,0,0,0,0,0,0,0,0,0,0,0,0,0,0,0,0,0,0,0,0,0,0,0,0,0,0,0,0,0,0,0,1,5.66184422421803
Granite County Sheriff's Office,1975-09-01,Montana,2746,MT02000,0,0,0,0,0,0,0,0,0,0,0,0,0,0,0,0,0,0,0,0,0,0,0,0,0,0,0,0,0,0,0,0,0,0,0,0,0,0,0,0,0,0,0,0,0,0,0,0,0,0,0,0,0,0,0,0,0,0,0,0,0,0,0,0,0,0,0,0,0,0,0,0,0,0,0,0,0,0,0,0,0,0,0,0,0,0,0,0,0,0,0,1,5.66184422421803
Granite County Sheriff's Office,1975-10-01,Montana,2746,MT02000,0,0,0,0,0,0,0,0,0,0,0,0,0,0,0,0,0,0,0,0,0,0,0,0,0,0,0,0,0,0,0,0,0,0,0,0,0,0,0,0,0,0,0,0,0,0,0,0,0,0,0,0,0,0,0,0,0,0,0,0,0,0,0,0,0,0,0,0,0,0,0,0,0,0,0,0,0,0,0,0,0,0,0,0,0,0,0,0,0,0,0,1,5.66184422421803
Granite County Sheriff's Office,1975-11-01,Montana,2746,MT02000,0,0,0,0,0,0,0,0,0,0,0,0,0,0,0,0,0,0,0,0,0,0,0,0,0,0,0,0,0,0,0,0,0,0,0,0,0,0,0,0,0,0,0,0,0,0,0,0,0,0,0,0,0,0,0,0,0,0,0,0,0,0,0,0,0,0,0,0,0,0,0,0,0,0,0,0,0,0,0,0,0,0,0,0,0,0,0,0,0,0,0,1,5.66184422421803
Granite County Sheriff's Office,1975-12-01,Montana,2746,MT02000,0,0,0,0,0,0,0,0,0,0,0,0,0,0,0,0,0,0,0,0,0,0,0,0,0,0,0,0,0,0,0,0,0,0,0,0,0,0,0,0,0,0,0,0,0,0,0,0,0,0,0,0,0,0,0,0,0,0,0,0,0,0,0,0,0,0,0,0,0,0,0,0,0,0,0,0,0,0,0,0,0,0,0,0,0,0,0,0,0,0,0,1,5.66184422421803
Granite County Sheriff's Office,1976-01-01,Montana,3000,MT02000,0,0,0,0,0,0,0,0,0,0,0,0,0,0,0,0,0,0,0,0,0,0,0,0,0,0,0,0,0,0,0,0,0,0,0,0,0,0,0,0,0,0,0,0,0,0,0,0,0,0,0,0,0,0,0,0,0,0,0,0,0,0,0,0,0,0,0,0,0,0,0,0,0,0,0,0,0,0,0,0,0,0,0,0,0,0,0,0,0,0,0,1,5.35425245277493
Granite County Sheriff's Office,1976-02-01,Montana,3000,MT02000,0,0,0,0,0,0,0,0,0,0,0,0,0,0,0,0,0,0,0,0,0,0,0,0,0,0,0,0,0,0,0,0,0,0,0,0,0,0,0,0,0,0,0,0,0,0,0,0,0,0,0,0,0,0,0,0,0,0,0,0,0,0,0,0,0,0,0,0,0,0,0,0,0,0,0,0,0,0,0,0,0,0,0,0,0,0,0,0,0,0,0,1,5.35425245277493
Granite County Sheriff's Office,1976-03-01,Montana,3000,MT02000,0,0,0,0,0,0,0,0,0,0,0,0,0,0,0,0,0,0,0,0,0,0,0,0,0,0,0,0,0,0,0,0,0,0,0,0,0,0,0,0,0,0,0,0,0,0,0,0,0,0,0,0,0,0,0,0,0,0,0,0,0,0,0,0,0,0,0,0,0,0,0,0,0,0,0,0,0,0,0,0,0,0,0,0,0,0,0,0,0,0,0,1,5.35425245277493
Granite County Sheriff's Office,1976-04-01,Montana,3000,MT02000,0,0,0,0,0,0,0,0,0,0,0,0,0,0,0,0,0,0,0,0,0,0,0,0,0,0,0,0,0,0,0,0,0,0,0,0,0,0,0,0,0,0,0,0,0,0,0,0,0,0,0,0,0,0,0,0,0,0,0,0,0,0,0,0,0,0,0,0,0,0,0,0,0,0,0,0,0,0,0,0,0,0,0,0,0,0,0,0,0,0,0,1,5.35425245277493
Granite County Sheriff's Office,1976-05-01,Montana,3000,MT02000,0,0,0,0,0,0,0,0,0,0,0,0,0,0,0,0,0,0,0,0,0,0,0,0,0,0,0,0,0,0,0,0,0,0,0,0,0,0,0,0,0,0,0,0,0,0,0,0,0,0,0,0,0,0,0,0,0,0,0,0,0,0,0,0,0,0,0,0,0,0,0,0,0,0,0,0,0,0,0,0,0,0,0,0,0,0,0,0,0,0,0,1,5.35425245277493
Granite County Sheriff's Office,1976-06-01,Montana,3000,MT02000,0,0,0,0,0,0,0,0,0,0,0,0,0,0,0,0,0,0,0,0,0,0,0,0,0,0,0,0,0,0,0,0,0,0,0,0,0,0,0,0,0,0,0,0,0,0,0,0,0,0,0,0,0,0,0,0,0,0,0,0,0,0,0,0,0,0,0,0,0,0,0,0,0,0,0,0,0,0,0,0,0,0,0,0,0,0,0,0,0,0,0,1,5.35425245277493
Granite County Sheriff's Office,1976-07-01,Montana,3000,MT02000,0,0,0,0,0,0,0,0,0,0,0,0,0,0,0,0,0,0,0,0,0,0,0,0,0,0,0,0,0,0,0,0,0,0,0,0,0,0,0,0,0,0,0,0,0,0,0,0,0,0,0,0,0,0,0,0,0,0,0,0,0,0,0,0,0,0,0,0,0,0,0,0,0,0,0,0,0,0,0,0,0,0,0,0,0,0,0,0,0,0,0,1,5.35425245277493
Granite County Sheriff's Office,1976-08-01,Montana,3000,MT02000,0,0,0,0,0,0,0,0,0,0,0,0,0,0,0,0,0,0,0,0,0,0,0,0,0,0,0,0,0,0,0,0,0,0,0,0,0,0,0,0,0,0,0,0,0,0,0,0,0,0,0,0,0,0,0,0,0,0,0,0,0,0,0,0,0,0,0,0,0,0,0,0,0,0,0,0,0,0,0,0,0,0,0,0,0,0,0,0,0,0,0,1,5.35425245277493
Granite County Sheriff's Office,1976-09-01,Montana,3000,MT02000,0,0,0,0,0,0,0,0,0,0,0,0,0,0,0,0,0,0,0,0,0,0,0,0,0,0,0,0,0,0,0,0,0,0,0,0,0,0,0,0,0,0,0,0,0,0,0,0,0,0,0,0,0,0,0,0,0,0,0,0,0,0,0,0,0,0,0,0,0,0,0,0,0,0,0,0,0,0,0,0,0,0,0,0,0,0,0,0,0,0,0,1,5.35425245277493
Granite County Sheriff's Office,1976-10-01,Montana,3000,MT02000,0,0,0,0,0,0,0,0,0,0,0,0,0,0,0,0,0,0,0,0,0,0,0,0,0,0,0,0,0,0,0,0,0,0,0,0,0,0,0,0,0,0,0,0,0,0,0,0,0,0,0,0,0,0,0,0,0,0,0,0,0,0,0,0,0,0,0,0,0,0,0,0,0,0,0,0,0,0,0,0,0,0,0,0,0,0,0,0,0,0,0,1,5.35425245277493
Granite County Sheriff's Office,1976-11-01,Montana,3000,MT02000,0,0,0,0,0,0,0,0,0,0,0,0,0,0,0,0,0,0,0,0,0,0,0,0,0,0,0,0,0,0,0,0,0,0,0,0,0,0,0,0,0,0,0,0,0,0,0,0,0,0,0,0,0,0,0,0,0,0,0,0,0,0,0,0,0,0,0,0,0,0,0,0,0,0,0,0,0,0,0,0,0,0,0,0,0,0,0,0,0,0,0,1,5.35425245277493
Granite County Sheriff's Office,1976-12-01,Montana,3000,MT02000,0,0,0,0,0,0,0,0,0,0,0,0,0,0,0,0,0,0,0,0,0,0,0,0,0,0,0,0,0,0,0,0,0,0,0,0,0,0,0,0,0,0,0,0,0,0,0,0,0,0,0,0,0,0,0,0,0,0,0,0,0,0,0,0,0,0,0,0,0,0,0,0,0,0,0,0,0,0,0,0,0,0,0,0,0,0,0,0,0,0,0,1,5.35425245277493
Granite County Sheriff's Office,1977-01-01,Montana,2575,MT02000,0,0,0,0,0,0,0,0,0,0,0,0,0,0,0,0,0,0,0,0,0,0,0,0,0,0,0,0,0,0,0,0,0,0,0,0,0,0,0,0,0,0,0,0,0,0,0,0,0,0,0,0,0,0,0,0,0,0,0,0,0,0,0,0,0,0,0,0,0,0,0,0,0,0,0,0,0,0,0,0,0,0,0,0,0,0,0,0,0,0,0,1,5.02738759796508
Granite County Sheriff's Office,1977-02-01,Montana,2575,MT02000,0,0,0,0,0,0,0,0,0,0,0,0,0,0,0,0,0,0,0,0,0,0,0,0,0,0,0,0,0,0,0,0,0,0,0,0,0,0,0,0,0,0,0,0,0,0,0,0,0,0,0,0,0,0,0,0,0,0,0,0,0,0,0,0,0,0,0,0,0,0,0,0,0,0,0,0,0,0,0,0,0,0,0,0,0,0,0,0,0,0,0,1,5.02738759796508
Granite County Sheriff's Office,1977-03-01,Montana,2575,MT02000,0,0,0,0,0,0,0,0,0,0,0,0,0,0,0,0,0,0,0,0,0,0,0,0,0,0,0,0,0,0,0,0,0,0,0,0,0,0,0,0,0,0,0,0,0,0,0,0,0,0,0,0,0,0,0,0,0,0,0,0,0,0,0,0,0,0,0,0,0,0,0,0,0,0,0,0,0,0,0,0,0,0,0,0,0,0,0,0,0,0,0,1,5.02738759796508
Granite County Sheriff's Office,1977-04-01,Montana,2575,MT02000,0,0,0,0,0,0,0,0,0,0,0,0,0,0,0,0,0,0,0,0,0,0,0,0,0,0,0,0,0,0,0,0,0,0,0,0,0,0,0,0,0,0,0,0,0,0,0,0,0,0,0,0,0,0,0,0,0,0,0,0,0,0,0,0,0,0,0,0,0,0,0,0,0,0,0,0,0,0,0,0,0,0,0,0,0,0,0,0,0,0,0,1,5.02738759796508
Granite County Sheriff's Office,1977-05-01,Montana,2575,MT02000,0,0,0,0,0,0,0,0,0,0,0,0,0,0,0,0,0,0,0,0,0,0,0,0,0,0,0,0,0,0,0,0,0,0,0,0,0,0,0,0,0,0,0,0,0,0,0,0,0,0,0,0,0,0,0,0,0,0,0,0,0,0,0,0,0,0,0,0,0,0,0,0,0,0,0,0,0,0,0,0,0,0,0,0,0,0,0,0,0,0,0,1,5.02738759796508
Granite County Sheriff's Office,1977-06-01,Montana,2575,MT02000,0,0,0,0,0,0,0,0,0,0,0,0,0,0,0,0,0,0,0,0,0,0,0,0,0,0,0,0,0,0,0,0,0,0,0,0,0,0,0,0,0,0,0,0,0,0,0,0,0,0,0,0,0,0,0,0,0,0,0,0,0,0,0,0,0,0,0,0,0,0,0,0,0,0,0,0,0,0,0,0,0,0,0,0,0,0,0,0,0,0,0,1,5.02738759796508
Granite County Sheriff's Office,1977-07-01,Montana,2575,MT02000,0,0,0,0,0,0,0,0,0,0,0,0,0,0,0,0,0,0,0,0,0,0,0,0,0,0,0,0,0,0,0,0,0,0,0,0,0,0,0,0,0,0,0,0,0,0,0,0,0,0,0,0,0,0,0,0,0,0,0,0,0,0,0,0,0,0,0,0,0,0,0,0,0,0,0,0,0,0,0,0,0,0,0,0,0,0,0,0,0,0,0,1,5.02738759796508
Granite County Sheriff's Office,1977-08-01,Montana,2575,MT02000,0,0,0,0,0,0,0,0,0,0,0,0,0,0,0,0,0,0,0,0,0,0,0,0,0,0,0,0,0,0,0,0,0,0,0,0,0,0,0,0,0,0,0,0,0,0,0,0,0,0,0,0,0,0,0,0,0,0,0,0,0,0,0,0,0,0,0,0,0,0,0,0,0,0,0,0,0,0,0,0,0,0,0,0,0,0,0,0,0,0,0,1,5.02738759796508
Granite County Sheriff's Office,1977-09-01,Montana,2575,MT02000,0,0,0,0,0,0,0,0,0,0,0,0,0,0,0,0,0,0,0,0,0,0,0,0,0,0,0,0,0,0,0,0,0,0,0,0,0,0,0,0,0,0,0,0,0,0,0,0,0,0,0,0,0,0,0,0,0,0,0,0,0,0,0,0,0,0,0,0,0,0,0,0,0,0,0,0,0,0,0,0,0,0,0,0,0,0,0,0,0,0,0,1,5.02738759796508
Granite County Sheriff's Office,1977-10-01,Montana,2575,MT02000,0,0,0,0,0,0,0,0,0,0,0,0,0,0,0,0,0,0,0,0,0,0,0,0,0,0,0,0,0,0,0,0,0,0,0,0,0,0,0,0,0,0,0,0,0,0,0,0,0,0,0,0,0,0,0,0,0,0,0,0,0,0,0,0,0,0,0,0,0,0,0,0,0,0,0,0,0,0,0,0,0,0,0,0,0,0,0,0,0,0,0,1,5.02738759796508
Granite County Sheriff's Office,1977-11-01,Montana,2575,MT02000,0,0,0,0,0,0,0,0,0,0,0,0,0,0,0,0,0,0,0,0,0,0,0,0,0,0,0,0,0,0,0,0,0,0,0,0,0,0,0,0,0,0,0,0,0,0,0,0,0,0,0,0,0,0,0,0,0,0,0,0,0,0,0,0,0,0,0,0,0,0,0,0,0,0,0,0,0,0,0,0,0,0,0,0,0,0,0,0,0,0,0,1,5.02738759796508
Granite County Sheriff's Office,1977-12-01,Montana,2575,MT02000,0,0,0,0,0,0,0,0,0,0,0,0,0,0,0,0,0,0,0,0,0,0,0,0,0,0,0,0,0,0,0,0,0,0,0,0,0,0,0,0,0,0,0,0,0,0,0,0,0,0,0,0,0,0,0,0,0,0,0,0,0,0,0,0,0,0,0,0,0,0,0,0,0,0,0,0,0,0,0,0,0,0,0,0,0,0,0,0,0,0,0,1,5.02738759796508
Granite County Sheriff's Office,1978-01-01,Montana,2745,MT02000,0,0,0,0,0,0,0,0,0,0,0,0,0,0,0,0,0,0,0,0,0,0,0,0,0,0,0,0,0,0,0,0,0,0,0,0,0,0,0,0,0,0,0,0,0,0,0,0,0,0,0,0,0,0,0,0,0,0,0,0,0,0,0,0,0,0,0,0,0,0,0,0,0,0,0,0,0,0,0,0,0,0,0,0,0,0,0,0,0,0,0,1,4.67094915687277
Granite County Sheriff's Office,1978-02-01,Montana,2745,MT02000,0,0,0,0,0,0,0,0,0,0,0,0,0,0,0,0,0,0,0,0,0,0,0,0,0,0,0,0,0,0,0,0,0,0,0,0,0,0,0,0,0,0,0,0,0,0,0,0,0,0,0,0,0,0,0,0,0,0,0,0,0,0,0,0,0,0,0,0,0,0,0,0,0,0,0,0,0,0,0,0,0,0,0,0,0,0,0,0,0,0,0,1,4.67094915687277
Granite County Sheriff's Office,1978-03-01,Montana,2745,MT02000,0,0,0,0,0,0,0,0,0,0,0,0,0,0,0,0,0,0,0,0,0,0,0,0,0,0,0,0,0,0,0,0,0,0,0,0,0,0,0,0,0,0,0,0,0,0,0,0,0,0,0,0,0,0,0,0,0,0,0,0,0,0,0,0,0,0,0,0,0,0,0,0,0,0,0,0,0,0,0,0,0,0,0,0,0,0,0,0,0,0,0,1,4.67094915687277
Granite County Sheriff's Office,1978-04-01,Montana,2745,MT02000,0,0,0,0,0,0,0,0,0,0,0,0,0,0,0,0,0,0,0,0,0,0,0,0,0,0,0,0,0,0,0,0,0,0,0,0,0,0,0,0,0,0,0,0,0,0,0,0,0,0,0,0,0,0,0,0,0,0,0,0,0,0,0,0,0,0,0,0,0,0,0,0,0,0,0,0,0,0,0,0,0,0,0,0,0,0,0,0,0,0,0,1,4.67094915687277
Granite County Sheriff's Office,1978-05-01,Montana,2745,MT02000,0,0,0,0,0,0,0,0,0,0,0,0,0,0,0,0,0,0,0,0,0,0,0,0,0,0,0,0,0,0,0,0,0,0,0,0,0,0,0,0,0,0,0,0,0,0,0,0,0,0,0,0,0,0,0,0,0,0,0,0,0,0,0,0,0,0,0,0,0,0,0,0,0,0,0,0,0,0,0,0,0,0,0,0,0,0,0,0,0,0,0,1,4.67094915687277
Granite County Sheriff's Office,1978-06-01,Montana,2745,MT02000,0,0,0,0,0,0,0,0,0,0,0,0,0,0,0,0,0,0,0,0,0,0,0,0,0,0,0,0,0,0,0,0,0,0,0,0,0,0,0,0,0,0,0,0,0,0,0,0,0,0,0,0,0,0,0,0,0,0,0,0,0,0,0,0,0,0,0,0,0,0,0,0,0,0,0,0,0,0,0,0,0,0,0,0,0,0,0,0,0,0,0,1,4.67094915687277
Granite County Sheriff's Office,1978-07-01,Montana,2745,MT02000,0,0,0,0,0,0,0,0,0,0,0,0,0,0,0,0,0,0,0,0,0,0,0,0,0,0,0,0,0,0,0,0,0,0,0,0,0,0,0,0,0,0,0,0,0,0,0,0,0,0,0,0,0,0,0,0,0,0,0,0,0,0,0,0,0,0,0,0,0,0,0,0,0,0,0,0,0,0,0,0,0,0,0,0,0,0,0,0,0,0,0,1,4.67094915687277
Granite County Sheriff's Office,1978-08-01,Montana,2745,MT02000,0,0,0,0,0,0,0,0,0,0,0,0,0,0,0,0,0,0,0,0,0,0,0,0,0,0,0,0,0,0,0,0,0,0,0,0,0,0,0,0,0,0,0,0,0,0,0,0,0,0,0,0,0,0,0,0,0,0,0,0,0,0,0,0,0,0,0,0,0,0,0,0,0,0,0,0,0,0,0,0,0,0,0,0,0,0,0,0,0,0,0,1,4.67094915687277
Granite County Sheriff's Office,1978-09-01,Montana,2745,MT02000,0,0,0,0,0,0,0,0,0,0,0,0,0,0,0,0,0,0,0,0,0,0,0,0,0,0,0,0,0,0,0,0,0,0,0,0,0,0,0,0,0,0,0,0,0,0,0,0,0,0,0,0,0,0,0,0,0,0,0,0,0,0,0,0,0,0,0,0,0,0,0,0,0,0,0,0,0,0,0,0,0,0,0,0,0,0,0,0,0,0,0,1,4.67094915687277
Granite County Sheriff's Office,1978-10-01,Montana,2745,MT02000,0,0,0,0,0,0,0,0,0,0,0,0,0,0,0,0,0,0,0,0,0,0,0,0,0,0,0,0,0,0,0,0,0,0,0,0,0,0,0,0,0,0,0,0,0,0,0,0,0,0,0,0,0,0,0,0,0,0,0,0,0,0,0,0,0,0,0,0,0,0,0,0,0,0,0,0,0,0,0,0,0,0,0,0,0,0,0,0,0,0,0,1,4.67094915687277
Granite County Sheriff's Office,1978-11-01,Montana,2745,MT02000,0,0,0,0,0,0,0,0,0,0,0,0,0,0,0,0,0,0,0,0,0,0,0,0,0,0,0,0,0,0,0,0,0,0,0,0,0,0,0,0,0,0,0,0,0,0,0,0,0,0,0,0,0,0,0,0,0,0,0,0,0,0,0,0,0,0,0,0,0,0,0,0,0,0,0,0,0,0,0,0,0,0,0,0,0,0,0,0,0,0,0,1,4.67094915687277
Granite County Sheriff's Office,1978-12-01,Montana,2745,MT02000,0,0,0,0,0,0,0,0,0,0,0,0,0,0,0,0,0,0,0,0,0,0,0,0,0,0,0,0,0,0,0,0,0,0,0,0,0,0,0,0,0,0,0,0,0,0,0,0,0,0,0,0,0,0,0,0,0,0,0,0,0,0,0,0,0,0,0,0,0,0,0,0,0,0,0,0,0,0,0,0,0,0,0,0,0,0,0,0,0,0,0,1,4.67094915687277
Granite County Sheriff's Office,1979-01-01,Montana,2805,MT02000,1,0,0,0,1,0,2,0,0,0,0,0,0,0,0,0,0,0,0,3,1,4,2,0,0,0,0,0,0,0,2,0,0,0,0,0,2099,0,840,0,0,2939,0,0,0,0,0,0,0,0,0,0,0,0,1889,206,2095,5034,835,0,0,0,0,0,0,0,1260,0,0,840,0,0,2099,0,0,1889,0,206,5034,0,0,0,0,0,2099,0,0,630,0,0,2729,1,4.19843724882306
Granite County Sheriff's Office,1979-02-01,Montana,2805,MT02000,0,0,1,0,0,0,1,0,0,0,0,0,0,0,0,0,0,0,0,0,0,0,0,0,0,0,0,0,0,0,0,0,0,0,0,0,0,630,0,0,0,630,0,0,0,0,0,0,0,0,0,0,0,0,0,0,0,630,0,0,0,0,0,0,0,0,0,0,0,0,0,0,0,0,0,630,0,0,630,0,0,0,0,0,0,0,0,630,0,0,630,1,4.19843724882306
Granite County Sheriff's Office,1979-03-01,Montana,2805,MT02000,0,0,0,0,0,0,0,0,0,0,0,0,0,0,1,0,0,1,3,0,1,4,0,0,0,1,0,0,0,0,3,0,0,0,0,0,0,0,0,0,0,0,0,0,0,0,0,0,0,7557,0,0,7557,281,0,840,1121,8678,0,0,0,210,0,0,0,0,911,0,0,7557,0,0,0,0,0,1121,0,0,8678,0,0,0,0,0,0,0,0,0,0,0,0,1,4.19843724882306
Granite County Sheriff's Office,1979-04-01,Montana,2805,MT02000,0,2,0,0,0,0,2,1,0,0,0,0,0,0,0,0,0,0,2,0,0,2,0,0,0,0,2,0,0,0,0,0,0,0,0,1260,0,0,0,0,0,1260,18893,0,0,0,0,0,0,0,0,0,0,185,0,0,185,20337,0,0,0,0,185,0,0,0,0,0,0,1427,0,0,0,0,18893,17,0,0,20337,0,0,0,0,0,0,0,0,0,0,0,0,1,4.19843724882306
Granite County Sheriff's Office,1979-05-01,Montana,2805,MT02000,0,0,0,0,3,0,3,0,0,0,0,0,0,0,0,0,0,0,2,0,0,2,2,0,0,0,0,0,0,0,0,0,1,1,1,0,0,0,2926,0,0,2926,0,0,0,0,0,0,0,0,0,0,0,168,0,0,168,3094,168,0,0,0,0,0,0,0,0,0,0,0,0,0,0,0,0,2721,374,0,3094,0,0,0,0,0,0,0,18893,0,0,0,18893,1,4.19843724882306
Granite County Sheriff's Office,1979-06-01,Montana,2805,MT02000,0,0,3,0,0,4,7,1,0,0,0,0,0,0,0,0,0,0,2,2,0,4,0,0,0,2,0,0,0,0,2,0,0,0,0,0,0,5038,0,0,8502,13540,12595,0,0,0,0,0,0,0,0,0,0,273,630,0,903,27038,0,0,0,546,0,0,0,0,357,0,0,378,0,5038,0,0,12595,9027,0,0,27038,0,0,0,0,0,0,0,0,2246,0,0,2246,1,4.19843724882306
Granite County Sheriff's Office,1979-07-01,Montana,2805,MT02000,0,1,0,0,0,0,1,0,0,0,0,0,0,0,0,0,0,0,2,1,2,5,0,0,0,1,3,0,0,0,1,1,0,1,3,10043,0,0,0,0,0,10043,0,0,0,0,0,0,0,0,0,0,0,17,840,5248,6105,16147,0,0,0,840,1066,0,0,0,4198,1679,0,88,0,0,21,0,1679,11504,0,1176,16147,0,0,46,0,0,0,0,1679,2250,0,0,3976,1,4.19843724882306
Granite County Sheriff's Office,1979-08-01,Montana,2805,MT02000,0,0,0,0,0,0,0,0,0,0,0,0,0,0,0,0,0,0,3,0,1,4,0,0,0,2,1,0,0,0,1,0,0,0,0,0,0,0,0,0,0,0,0,0,0,0,0,0,0,0,0,0,0,441,0,4198,4639,4639,0,0,0,273,168,0,0,0,4198,0,0,126,0,0,0,0,0,4513,0,0,4639,0,0,0,0,0,0,0,0,4198,0,0,4198,1,4.19843724882306
Granite County Sheriff's Office,1979-09-01,Montana,2805,MT02000,0,0,1,0,0,0,1,0,0,0,0,0,0,0,0,0,0,0,1,1,2,4,1,1,0,1,1,0,0,0,0,0,0,0,0,0,0,0,0,0,0,0,0,0,0,0,0,0,0,0,0,0,0,105,319,3909,4333,4333,504,336,0,974,2519,0,0,0,0,319,21,84,0,0,0,0,0,1390,0,2519,4333,0,0,0,0,0,0,0,0,189,0,0,189,1,4.19843724882306
Granite County Sheriff's Office,1979-10-01,Montana,2805,MT02000,0,0,2,0,0,0,2,0,0,0,0,0,0,0,0,0,0,0,1,1,7,9,0,0,0,6,2,0,0,0,1,0,0,0,0,0,0,966,0,0,0,966,0,0,0,0,0,0,0,0,0,0,0,21,273,16227,16521,17486,0,0,0,8670,5962,0,0,0,1889,0,0,2519,4114,0,0,0,0,10853,0,0,17486,0,0,0,0,0,0,0,0,0,0,0,0,1,4.19843724882306
Granite County Sheriff's Office,1979-11-01,Montana,2805,MT02000,0,0,0,0,0,0,0,0,0,0,0,0,0,0,0,0,0,0,0,0,0,0,0,0,0,0,0,0,0,0,0,0,0,0,0,0,0,0,0,0,0,0,0,0,0,0,0,0,0,0,0,0,0,0,0,0,0,0,0,0,0,0,0,0,0,0,0,0,0,0,0,0,0,0,0,0,0,0,0,0,0,0,0,0,0,0,0,0,0,0,0,1,4.19843724882306
Granite County Sheriff's Office,1979-12-01,Montana,2805,MT02000,0,0,2,0,1,0,3,0,0,0,0,0,0,0,0,0,0,0,1,2,3,6,0,0,0,2,3,0,0,0,1,0,0,0,0,0,0,4597,18893,0,0,23490,0,0,0,0,0,0,0,0,0,0,0,63,714,4534,5311,28801,0,0,0,3611,1637,0,0,0,63,63,0,18893,2519,0,0,0,0,6906,0,420,28801,0,0,0,0,0,0,0,0,63,0,0,63,1,4.19843724882306
Granite County Sheriff's Office,1980-01-01,Montana,2691,MT02000,0,0,2,0,0,0,2,0,0,0,0,0,0,0,0,0,0,0,2,2,2,6,1,0,0,0,1,0,0,0,4,0,0,0,0,0,0,1978,0,0,0,1978,0,0,0,0,0,0,0,0,0,0,0,166,547,1516,2230,4208,185,0,0,0,362,0,0,0,1682,0,0,344,739,1793,0,0,0,1331,0,0,4208,0,0,0,0,0,0,0,0,666,0,0,666,1,3.69746081504702
Granite County Sheriff's Office,1980-02-01,Montana,2691,MT02000,0,0,0,0,1,0,1,0,0,0,0,0,0,0,0,0,0,0,2,1,3,6,0,0,0,2,2,0,0,0,2,0,0,0,0,0,0,0,185,0,0,185,0,0,0,0,0,0,0,0,0,0,0,189,185,3605,3978,4163,0,0,0,2218,1497,0,0,0,263,0,0,111,1479,0,74,0,0,2499,0,0,4163,0,0,111,1479,0,74,0,0,3317,0,0,4980,1,3.69746081504702
Granite County Sheriff's Office,1980-03-01,Montana,2691,MT02000,0,0,1,0,0,1,2,2,0,0,0,0,0,0,0,0,0,0,2,4,2,8,0,0,0,3,1,0,1,0,3,1,0,1,1,0,0,11832,0,0,74,11906,48067,0,0,0,0,0,0,0,0,0,0,237,1875,14217,16328,76301,0,0,0,3439,11610,0,126,0,1154,111,739,12039,0,739,0,0,48067,7210,0,7395,76301,0,0,0,0,0,0,0,9244,1361,0,0,10604,1,3.69746081504702
Granite County Sheriff's Office,1980-04-01,Montana,2691,MT02000,0,0,1,0,2,0,3,1,0,0,0,0,0,0,0,0,0,0,2,3,3,8,0,0,0,1,1,0,0,0,6,1,0,1,1,0,0,0,9521,0,0,9521,5546,0,0,0,0,0,0,0,0,0,0,203,1272,4622,6097,21164,0,0,0,924,2958,0,0,0,2215,2714,0,296,0,4012,0,0,5546,7347,0,1250,21164,0,0,296,0,0,0,0,5546,148,0,0,5990,1,3.69746081504702
Granite County Sheriff's Office,1980-05-01,Montana,2691,MT02000,0,1,1,0,2,0,4,0,0,0,0,0,0,0,0,0,0,0,2,3,3,8,1,0,0,3,1,0,0,0,3,0,0,0,0,3379,0,0,37,0,0,3416,0,0,0,0,0,0,0,0,0,0,0,74,1387,14864,16324,19741,1849,0,0,721,1405,0,0,0,12350,0,37,0,791,1405,1849,0,0,15659,0,0,19741,0,0,0,0,0,0,0,0,11795,0,0,11795,1,3.69746081504702
Granite County Sheriff's Office,1980-06-01,Montana,2691,MT02000,0,0,2,0,1,0,3,0,0,0,0,0,0,0,0,0,0,0,0,3,0,3,0,0,0,0,0,0,0,0,3,0,0,0,0,0,0,259,0,0,0,259,0,0,0,0,0,0,0,0,0,0,0,0,1372,0,1372,1631,0,0,0,0,0,0,0,0,1372,0,0,0,0,148,0,0,0,1483,0,0,1631,0,0,0,0,0,0,0,0,0,0,0,0,1,3.69746081504702
Granite County Sheriff's Office,1980-07-01,Montana,2691,MT02000,0,0,1,0,1,2,4,5,0,0,0,0,0,0,0,0,0,0,1,2,2,5,2,0,1,0,1,0,0,0,1,3,2,5,0,0,0,17881,3143,0,18598,39622,31059,0,0,0,0,0,0,0,0,0,0,148,813,2366,3328,74008,444,0,518,0,1627,0,0,0,739,166,0,518,0,2126,2218,0,31059,36109,0,1812,74008,0,0,0,0,0,0,0,31059,0,0,0,31059,1,3.69746081504702
Granite County Sheriff's Office,1980-08-01,Montana,2691,MT02000,0,0,0,0,2,0,2,0,0,2,0,0,0,0,0,0,0,0,1,1,1,3,0,0,0,1,1,0,0,0,1,0,0,0,0,0,0,0,148,0,0,148,0,0,0,0,0,0,0,0,0,0,0,92,296,5639,6027,6175,0,0,0,5639,296,0,0,0,92,0,0,2089,0,296,3697,0,0,92,0,0,6175,129,0,0,0,647,0,0,0,795,0,0,1571,1,3.69746081504702
Granite County Sheriff's Office,1980-09-01,Montana,2691,MT02000,0,0,0,0,0,1,1,1,0,1,0,0,0,0,0,0,0,0,0,1,0,1,0,0,0,1,0,0,0,0,0,0,1,1,0,0,0,0,0,0,0,0,11092,0,0,0,0,0,0,0,0,0,0,0,555,0,555,11647,0,0,0,555,0,0,0,0,0,0,0,0,0,0,0,0,11092,0,0,555,11647,0,0,0,0,0,0,0,11092,0,0,0,11092,1,3.69746081504702
Granite County Sheriff's Office,1980-10-01,Montana,2691,MT02000,0,0,0,0,1,0,1,0,0,0,0,0,0,0,0,0,0,0,1,1,2,4,1,1,0,1,0,0,0,0,1,0,0,0,0,0,0,0,137,0,0,137,0,0,0,0,0,0,0,0,0,0,0,92,555,3365,4012,4149,1886,92,0,1479,0,0,0,0,555,0,0,11,0,0,0,0,0,4137,0,0,4149,0,0,0,0,0,0,0,0,92,0,0,92,1,3.69746081504702
Granite County Sheriff's Office,1980-11-01,Montana,2691,MT02000,0,0,2,0,0,0,2,1,0,0,0,0,0,0,0,0,0,0,1,0,0,1,0,0,0,0,0,0,0,0,1,0,1,1,0,0,0,3143,0,0,0,3143,36975,0,0,0,0,0,0,0,0,0,0,126,0,0,126,40243,0,0,0,0,0,0,0,0,126,0,126,0,185,2958,0,0,36975,0,0,0,40243,0,0,0,0,0,0,0,38823,0,0,0,38823,1,3.69746081504702
Granite County Sheriff's Office,1980-12-01,Montana,2691,MT02000,0,0,0,0,0,1,1,1,0,0,0,0,0,0,0,0,0,0,1,0,0,1,0,0,0,1,0,0,0,0,0,0,0,0,0,0,0,0,0,0,887,887,1849,0,0,0,0,0,0,0,0,0,0,18,0,0,18,2755,0,0,0,18,0,0,0,0,0,0,887,0,0,0,0,0,1849,18,0,0,2755,0,0,0,0,0,0,0,0,0,0,0,0,1,3.69746081504702
Granite County Sheriff's Office,1981-01-01,Montana,2727,MT02000,0,0,0,0,0,1,1,1,0,0,0,0,0,0,0,0,0,0,0,3,0,3,0,1,0,1,0,0,0,0,1,1,1,2,0,0,0,0,0,0,1005,1005,20107,0,0,0,0,0,0,0,0,0,0,0,838,0,838,21950,0,335,0,168,0,0,0,0,335,0,0,0,0,0,0,0,20107,1843,0,0,21950,0,0,0,0,0,0,0,20107,0,0,0,20107,1,3.35113096874714
Granite County Sheriff's Office,1981-02-01,Montana,2727,MT02000,0,0,0,0,1,0,1,0,0,1,0,0,0,0,0,0,0,0,2,2,0,4,0,0,0,1,0,0,0,0,3,0,0,0,0,0,0,0,1153,0,0,1153,0,0,0,0,0,0,0,0,0,0,0,603,84,0,687,1840,0,0,0,352,0,0,0,0,335,0,1153,0,0,0,0,0,0,335,0,352,1840,0,0,0,0,0,0,0,0,50,0,0,50,1,3.35113096874714
Granite County Sheriff's Office,1981-03-01,Montana,2727,MT02000,1,0,3,0,0,1,5,1,0,0,0,0,0,0,0,0,0,0,1,1,1,3,0,0,0,0,1,0,0,0,2,0,1,1,0,0,4695,107,0,0,201,5003,13405,0,0,0,0,0,0,0,0,0,0,67,352,1005,1424,19832,0,0,0,0,352,0,0,0,1072,0,0,74,0,0,4695,0,13405,1659,0,0,19832,0,0,0,0,0,0,0,13405,1072,0,0,14477,1,3.35113096874714
Granite County Sheriff's Office,1981-04-01,Montana,2727,MT02000,0,1,1,0,0,1,3,0,0,0,0,0,0,0,0,0,0,0,0,0,0,0,0,0,0,0,0,0,0,0,0,0,0,0,0,0,0,10657,0,0,1340,11997,0,0,0,0,0,0,0,0,0,0,0,0,0,0,0,11997,0,0,0,0,0,0,0,0,0,0,0,838,1508,84,0,0,6702,2865,0,0,11997,0,0,0,0,0,0,0,0,0,0,0,0,1,3.35113096874714
Granite County Sheriff's Office,1981-05-01,Montana,2727,MT02000,0,0,0,0,2,0,2,1,0,0,0,0,0,0,0,0,0,0,0,1,1,2,1,0,0,0,0,0,0,0,1,1,0,1,0,0,0,0,1180,0,0,1180,503,0,0,0,0,0,0,0,0,0,0,0,235,1676,1910,3592,235,0,0,0,0,0,0,0,1676,0,335,570,0,0,0,0,503,2185,0,0,3592,0,335,570,0,0,0,0,6702,2195,0,0,9802,1,3.35113096874714
Granite County Sheriff's Office,1981-06-01,Montana,2727,MT02000,0,1,0,0,0,0,1,1,0,0,0,0,0,0,0,0,0,0,0,2,1,3,1,0,0,1,0,0,0,0,1,0,1,1,0,2346,0,0,0,0,0,2346,9216,0,0,0,0,0,0,0,0,0,0,0,922,1005,1927,13488,1005,0,0,586,0,0,0,0,335,0,0,0,838,0,0,0,9216,3435,0,0,13488,0,0,0,419,0,0,0,9216,1927,0,0,11561,1,3.35113096874714
Granite County Sheriff's Office,1981-07-01,Montana,2727,MT02000,0,0,4,0,1,0,5,0,0,1,0,0,0,0,0,0,0,0,1,0,1,2,0,0,0,0,0,0,0,0,2,0,0,0,0,0,0,11203,0,0,0,11203,0,0,0,0,0,0,0,0,0,0,0,74,0,670,744,11947,0,0,0,0,0,0,0,0,744,0,285,0,0,761,0,670,0,10231,0,0,11947,0,0,0,0,0,0,670,0,0,0,0,670,1,3.35113096874714
Granite County Sheriff's Office,1981-08-01,Montana,2727,MT02000,0,0,0,0,1,0,1,0,0,0,0,0,0,0,0,0,0,0,0,4,0,4,0,0,0,2,1,0,0,0,1,0,0,0,0,0,0,0,503,0,0,503,0,0,0,0,0,0,0,0,0,0,0,0,1474,0,1474,1977,0,0,0,754,419,0,0,0,302,0,0,0,503,0,0,0,0,1223,0,251,1977,0,0,0,0,0,0,0,0,503,0,0,503,1,3.35113096874714
Granite County Sheriff's Office,1981-09-01,Montana,2727,MT02000,0,0,1,0,0,0,1,1,0,0,0,0,0,0,0,0,0,0,1,1,2,4,0,0,0,2,1,0,0,0,1,1,0,1,0,0,0,0,0,0,0,0,1005,0,0,0,0,0,0,0,0,0,0,0,0,0,0,1005,0,0,0,0,0,0,0,0,0,0,0,0,0,0,0,0,1005,0,0,0,1005,0,0,0,0,0,0,0,1005,0,0,0,1005,1,3.35113096874714
Granite County Sheriff's Office,1981-10-01,Montana,2727,MT02000,0,0,0,0,0,0,0,0,0,0,0,0,0,0,0,0,0,0,0,0,0,0,0,0,0,0,0,0,0,0,0,0,0,0,0,0,0,0,0,0,0,0,0,0,0,0,0,0,0,0,0,0,0,0,0,0,0,0,0,0,0,0,0,0,0,0,0,0,0,0,0,0,0,0,0,0,0,0,0,0,0,0,0,0,0,0,0,0,0,0,0,1,3.35113096874714
Granite County Sheriff's Office,1981-11-01,Montana,2727,MT02000,0,0,0,0,0,0,0,0,0,0,0,0,0,0,0,0,0,0,0,0,0,0,0,0,0,0,0,0,0,0,0,0,0,0,0,0,0,0,0,0,0,0,0,0,0,0,0,0,0,0,0,0,0,0,0,0,0,0,0,0,0,0,0,0,0,0,0,0,0,0,0,0,0,0,0,0,0,0,0,0,0,0,0,0,0,0,0,0,0,0,0,1,3.35113096874714
Granite County Sheriff's Office,1981-12-01,Montana,2727,MT02000,0,0,0,0,0,0,0,0,0,0,0,0,0,0,0,0,0,0,0,0,0,0,0,0,0,0,0,0,0,0,0,0,0,0,0,0,0,0,0,0,0,0,0,0,0,0,0,0,0,0,0,0,0,0,0,0,0,0,0,0,0,0,0,0,0,0,0,0,0,0,0,0,0,0,0,0,0,0,0,0,0,0,0,0,0,0,0,0,0,0,0,1,3.35113096874714
Granite County Sheriff's Office,1982-01-01,Montana,2758,MT02000,0,0,1,0,0,1,2,1,0,0,0,0,0,0,0,0,0,0,1,2,0,3,0,0,0,2,0,0,0,0,1,0,1,1,1,0,0,63,0,0,47,111,6315,0,0,0,0,0,0,0,0,0,0,79,587,0,666,7092,0,0,0,350,0,0,0,0,316,0,272,47,0,63,0,0,6315,395,0,0,7092,0,0,0,0,0,0,0,6315,0,0,0,6315,1,3.15752936096719
Granite County Sheriff's Office,1982-02-01,Montana,2758,MT02000,0,0,0,1,0,0,1,0,0,0,0,0,0,0,0,0,0,0,4,0,1,5,1,1,1,0,0,0,0,0,2,0,0,0,0,0,0,0,0,268,0,268,0,0,0,0,0,0,0,0,0,0,0,0,0,1010,1010,1279,1010,0,0,0,0,0,0,0,0,0,0,268,0,0,0,0,0,1010,0,0,1279,0,0,0,0,0,0,0,0,0,0,0,0,1,3.15752936096719
Granite County Sheriff's Office,1982-03-01,Montana,2758,MT02000,0,0,0,0,0,1,1,0,0,0,0,0,0,0,0,0,0,0,3,1,0,4,2,0,0,2,0,0,0,0,0,0,0,0,0,0,0,0,0,0,1793,1793,0,0,0,0,0,0,0,0,0,0,0,35,0,0,35,1828,0,0,0,35,0,0,0,0,0,0,35,1793,0,0,0,0,0,0,0,0,1828,0,0,1793,0,0,0,0,0,0,0,0,1793,1,3.15752936096719
Granite County Sheriff's Office,1982-04-01,Montana,2758,MT02000,0,0,0,0,0,0,0,0,0,0,0,0,0,0,0,0,0,0,6,1,0,7,1,0,1,0,0,0,0,0,5,0,0,0,0,0,0,0,0,0,0,0,0,0,0,0,0,0,0,0,0,0,0,164,189,0,354,354,0,0,63,0,0,0,0,0,290,0,101,0,0,0,0,0,0,253,0,0,354,0,0,0,0,0,0,0,0,0,0,0,0,1,3.15752936096719
Granite County Sheriff's Office,1982-05-01,Montana,2758,MT02000,0,0,0,0,0,0,0,0,0,0,0,0,0,0,0,0,0,0,0,0,0,0,0,0,0,0,0,0,0,0,0,0,0,0,0,0,0,0,0,0,0,0,0,0,0,0,0,0,0,0,0,0,0,0,0,0,0,0,0,0,0,0,0,0,0,0,0,0,0,0,0,0,0,0,0,0,0,0,0,0,0,0,0,0,0,0,0,0,0,0,0,1,3.15752936096719
Granite County Sheriff's Office,1982-06-01,Montana,2758,MT02000,0,0,2,0,0,0,2,0,0,0,0,0,0,0,0,0,0,0,3,1,2,6,0,0,0,1,0,0,0,0,5,0,0,0,0,0,0,947,0,0,0,947,0,0,0,0,0,0,0,0,0,0,0,16,553,6631,7199,8146,0,0,0,553,0,0,0,0,6647,0,0,0,0,0,0,0,0,1516,0,6631,8146,0,0,0,0,0,0,0,0,0,0,0,0,1,3.15752936096719
Granite County Sheriff's Office,1982-07-01,Montana,2758,MT02000,0,2,1,0,1,0,4,2,1,0,0,0,0,0,0,1,0,1,3,1,1,5,0,0,0,0,0,0,0,1,4,0,0,0,0,0,0,158,0,0,0,158,0,0,0,0,0,0,0,0,632,0,632,133,0,789,922,1711,0,0,0,0,0,0,0,19,903,0,0,0,0,0,0,0,0,1711,0,0,1711,0,0,0,0,0,0,0,0,44,0,0,44,1,3.15752936096719
Granite County Sheriff's Office,1982-08-01,Montana,2758,MT02000,0,0,1,0,0,0,1,0,0,0,0,0,0,0,0,0,0,0,0,0,3,3,1,0,0,0,0,0,0,0,2,0,0,0,0,0,0,157876,0,0,0,157876,0,0,0,0,0,0,0,0,0,0,0,0,0,7089,7089,164965,6315,0,0,0,0,0,0,0,774,0,0,0,0,0,157876,0,0,7089,0,0,164965,0,0,0,0,0,0,0,0,7089,0,0,7089,1,3.15752936096719
Granite County Sheriff's Office,1982-09-01,Montana,2758,MT02000,0,1,0,0,0,0,1,0,0,0,0,0,0,0,0,0,0,0,1,1,2,4,0,0,0,0,1,0,0,2,1,0,0,0,0,0,0,0,0,0,0,0,0,0,0,0,0,0,0,0,0,0,0,79,0,1074,1152,1152,0,0,0,0,1074,0,0,79,0,0,0,79,0,0,0,0,0,1074,0,0,1152,0,0,0,0,0,0,0,0,1074,0,0,1074,1,3.15752936096719
Granite County Sheriff's Office,1982-10-01,Montana,2758,MT02000,0,0,0,0,0,0,0,0,0,0,0,0,0,0,0,0,0,0,6,1,3,10,1,0,0,0,1,0,0,2,6,0,0,0,0,0,0,0,0,0,0,0,0,0,0,0,0,0,0,0,0,0,0,357,316,32207,32879,32879,316,0,0,0,0,0,0,63,32500,0,79,0,0,0,0,0,0,32485,0,316,32879,0,0,0,0,0,0,0,0,695,0,0,695,1,3.15752936096719
Granite County Sheriff's Office,1982-11-01,Montana,2758,MT02000,0,0,0,0,0,1,1,0,0,0,0,0,0,0,0,0,0,0,2,1,0,3,1,0,0,0,1,0,0,0,1,0,0,0,0,0,0,0,0,0,0,0,0,0,0,0,0,0,0,0,0,0,0,126,262,0,388,388,126,0,0,0,262,0,0,0,0,0,0,262,0,0,0,0,0,126,0,0,388,0,0,0,0,0,0,0,0,0,0,0,0,1,3.15752936096719
Granite County Sheriff's Office,1982-12-01,Montana,2758,MT02000,0,1,0,0,0,1,2,1,0,0,0,0,0,0,0,0,0,0,1,0,0,1,0,0,0,0,1,0,0,0,0,0,0,0,0,0,0,0,0,0,0,0,0,0,0,0,0,0,0,0,0,0,0,0,0,0,0,0,0,0,0,0,0,0,0,0,0,0,0,0,0,0,0,0,0,0,0,0,0,0,0,0,0,0,0,0,0,0,0,0,0,1,3.15752936096719
Granite County Sheriff's Office,1983-01-01,Montana,2813,MT02000,0,0,0,0,10,0,10,1,0,0,0,0,0,0,0,0,0,0,0,2,0,2,0,0,0,1,0,0,0,0,1,0,0,0,0,0,0,0,2279,0,0,2279,0,0,0,0,0,0,0,0,0,0,0,0,0,0,0,2279,0,0,0,0,0,0,0,0,0,0,242,1331,0,0,0,0,0,150,0,557,2279,0,0,0,0,0,0,0,0,0,0,0,0,1,3.05925284471218
Granite County Sheriff's Office,1983-02-01,Montana,2813,MT02000,0,0,1,0,0,0,1,2,0,0,0,0,0,0,0,0,0,0,2,0,1,3,0,0,0,1,1,0,0,0,1,2,0,2,0,0,0,1068,0,0,0,1068,21415,0,0,0,0,0,0,0,0,0,0,107,0,1652,1759,24242,0,0,0,1652,61,0,0,0,46,46,0,0,0,61,0,0,21415,2720,0,0,24242,0,0,0,0,0,0,0,21415,0,0,0,21415,1,3.05925284471218
Granite County Sheriff's Office,1983-03-01,Montana,2813,MT02000,0,0,2,0,0,0,2,1,0,0,0,0,0,0,0,0,0,0,0,0,2,2,0,0,0,0,2,0,0,0,0,0,0,0,0,0,0,0,0,0,0,0,0,0,0,0,0,0,0,0,0,0,0,0,0,16214,16214,16214,0,0,0,0,16214,0,0,0,0,0,0,0,0,0,15296,0,0,0,0,918,16214,0,0,0,0,0,0,0,0,0,0,0,0,1,3.05925284471218
Granite County Sheriff's Office,1983-04-01,Montana,2813,MT02000,0,0,0,0,1,0,1,1,0,0,0,0,0,0,0,0,0,0,0,0,1,1,0,0,0,0,1,0,0,0,0,0,0,0,0,0,0,0,0,0,0,0,0,0,0,0,0,0,0,0,0,0,0,0,0,0,0,0,0,0,0,0,0,0,0,0,0,0,0,0,0,0,0,0,0,0,0,0,0,0,0,0,0,0,0,0,0,0,0,0,0,1,3.05925284471218
Granite County Sheriff's Office,1983-05-01,Montana,2813,MT02000,0,0,4,0,1,1,6,0,0,0,0,0,0,0,0,0,0,0,1,1,1,3,1,0,0,0,0,1,0,0,1,0,0,0,0,0,0,0,551,0,2701,3252,0,0,0,0,0,0,0,0,0,0,0,0,612,153,765,4017,153,0,0,0,0,612,0,0,0,0,0,551,0,0,0,0,0,3466,0,0,4017,0,0,0,0,0,0,0,0,0,0,0,0,1,3.05925284471218
Granite County Sheriff's Office,1983-06-01,Montana,2813,MT02000,0,0,3,0,1,0,4,0,0,0,0,0,0,0,0,0,0,0,0,0,3,3,0,0,0,0,2,0,0,0,1,0,0,0,0,0,0,1224,0,0,0,1224,0,0,0,0,0,0,0,0,0,0,0,0,0,0,0,1224,0,0,0,0,0,0,0,0,0,0,0,0,1224,0,0,0,0,0,0,0,1224,0,0,0,0,0,0,0,0,0,0,0,0,1,3.05925284471218
Granite County Sheriff's Office,1983-07-01,Montana,2813,MT02000,0,1,2,0,0,3,6,1,0,0,0,0,0,0,0,0,0,0,1,0,2,3,0,0,0,1,0,1,1,0,0,0,0,0,0,0,0,0,0,0,0,0,0,0,0,0,0,0,0,0,0,0,0,0,0,0,0,0,0,0,0,0,0,0,0,0,0,0,0,0,0,0,0,0,0,0,0,0,0,0,0,0,0,0,0,0,0,0,0,0,0,1,3.05925284471218
Granite County Sheriff's Office,1983-08-01,Montana,2813,MT02000,0,0,0,0,1,0,1,0,0,0,0,0,0,0,0,0,0,0,1,1,1,3,2,0,0,0,1,0,0,0,0,0,0,0,0,0,0,0,3059,0,0,3059,0,0,0,0,0,0,0,0,0,0,0,61,184,2447,2692,5751,245,0,0,0,2447,0,0,0,0,0,0,3059,0,0,2447,0,0,245,0,0,5751,0,0,0,0,0,0,0,0,61,0,0,61,1,3.05925284471218
Granite County Sheriff's Office,1983-09-01,Montana,2813,MT02000,0,0,0,0,1,1,2,1,0,0,0,0,0,0,0,0,0,0,1,0,1,2,0,0,0,0,1,0,0,0,1,0,0,0,0,0,0,0,0,0,612,612,9178,0,0,0,0,0,0,0,0,0,0,0,0,1071,1071,10860,0,0,0,0,1071,0,0,0,0,0,0,0,1071,0,0,0,9178,612,0,0,10860,0,0,0,0,0,0,0,0,0,0,0,0,1,3.05925284471218
Granite County Sheriff's Office,1983-10-01,Montana,2813,MT02000,0,0,0,0,0,0,0,0,0,0,0,0,0,0,0,0,0,0,2,2,4,8,1,0,1,1,1,0,0,1,3,0,0,0,0,0,0,0,0,0,0,0,0,0,0,0,0,0,0,0,0,0,0,107,193,9331,9631,9631,193,0,46,918,4283,0,0,61,4130,61,0,46,0,0,4283,0,0,5241,0,0,9631,0,0,0,0,0,0,0,0,3212,0,0,3212,1,3.05925284471218
Granite County Sheriff's Office,1983-11-01,Montana,2813,MT02000,0,0,0,0,1,0,1,1,0,0,0,0,0,0,0,0,0,0,1,2,1,4,1,0,0,0,2,0,0,0,1,0,0,0,0,0,0,0,291,0,0,291,0,0,0,0,0,0,0,0,0,0,0,92,535,1319,1946,2236,92,0,0,0,535,0,0,0,1319,0,0,0,0,0,0,0,0,1410,138,688,2236,0,0,0,0,0,0,0,0,0,0,0,0,1,3.05925284471218
Granite County Sheriff's Office,1983-12-01,Montana,2813,MT02000,0,0,0,0,0,0,0,0,0,0,0,0,0,0,0,0,0,0,0,0,0,0,0,0,0,0,0,0,0,0,0,0,0,0,0,0,0,0,0,0,0,0,0,0,0,0,0,0,0,0,0,0,0,0,0,0,0,0,0,0,0,0,0,0,0,0,0,0,0,0,0,0,0,0,0,0,0,0,0,0,0,0,0,0,0,0,0,0,0,0,0,1,3.05925284471218
Granite County Sheriff's Office,1984-01-01,Montana,2709,MT02000,0,0,0,0,0,0,0,0,0,0,0,0,0,0,0,0,0,0,4,3,2,9,2,0,0,5,0,0,0,0,2,0,0,0,0,0,0,0,0,0,0,0,0,0,0,0,0,0,0,0,0,0,0,199,909,8506,9615,9615,352,0,0,1584,0,0,0,0,7679,0,170,0,0,0,0,7626,0,1819,0,0,9615,0,0,0,0,0,0,0,0,0,0,0,0,1,2.9331132680892
Granite County Sheriff's Office,1984-02-01,Montana,2709,MT02000,0,0,0,0,0,0,0,0,0,0,0,0,0,0,0,0,0,0,4,2,2,8,0,0,1,1,1,0,0,0,5,0,0,0,0,0,0,0,0,0,0,0,0,0,0,0,0,0,0,0,0,0,0,235,293,2992,3520,3520,0,0,147,59,2112,0,0,0,1203,0,88,2258,0,0,0,0,0,235,0,939,3520,0,0,0,0,0,0,0,0,88,0,0,88,1,2.9331132680892
Granite County Sheriff's Office,1984-03-01,Montana,2709,MT02000,0,0,0,0,0,0,0,0,0,0,0,0,0,0,0,0,0,0,1,1,5,7,1,0,0,2,2,0,0,0,2,0,0,0,0,0,0,0,0,0,0,0,0,0,0,0,0,0,0,0,0,0,0,38,235,27780,28052,28052,38,0,0,836,25125,0,0,0,2053,0,0,0,0,0,1467,0,0,26146,0,440,28052,0,0,0,0,0,0,0,0,0,0,0,0,1,2.9331132680892
Granite County Sheriff's Office,1984-04-01,Montana,2709,MT02000,0,0,0,0,0,0,0,0,0,0,0,0,0,0,0,0,0,0,2,1,1,4,1,0,0,0,2,0,0,1,0,0,0,0,0,0,0,0,0,0,0,0,0,0,0,0,0,0,0,0,0,0,0,73,293,1965,2332,2332,293,0,0,0,2039,0,0,0,0,0,0,0,293,499,0,0,0,587,0,953,2332,0,0,0,0,0,0,0,0,293,0,73,367,1,2.9331132680892
Granite County Sheriff's Office,1984-05-01,Montana,2709,MT02000,0,0,0,0,0,0,0,2,0,0,0,0,0,0,0,0,0,0,2,3,1,6,1,0,0,2,1,0,0,0,2,1,0,1,0,0,0,0,0,0,0,0,17599,0,0,0,0,0,0,0,0,0,0,176,631,1467,2273,19872,117,0,0,396,235,0,0,0,1525,0,176,235,0,0,0,0,2933,16528,0,0,19872,0,0,0,0,0,0,0,2933,14666,0,0,17599,1,2.9331132680892
Granite County Sheriff's Office,1984-06-01,Montana,2709,MT02000,0,0,0,0,0,0,0,0,0,0,0,0,0,0,0,0,0,0,5,5,2,12,2,0,0,2,5,0,0,0,3,0,0,0,0,0,0,0,0,0,0,0,0,0,0,0,0,0,0,0,0,0,0,279,2171,5353,7802,7802,44,0,0,147,6233,0,0,0,1379,0,88,425,0,1100,0,0,0,6042,0,147,7802,0,0,0,0,0,0,0,0,0,0,0,0,1,2.9331132680892
Granite County Sheriff's Office,1984-07-01,Montana,2709,MT02000,0,0,0,0,0,0,0,0,0,0,0,0,0,0,0,0,0,0,0,0,0,0,0,0,0,0,0,0,0,0,0,0,0,0,0,0,0,0,0,0,0,0,0,0,0,0,0,0,0,0,0,0,0,0,0,0,0,0,0,0,0,0,0,0,0,0,0,0,0,0,0,0,0,0,0,0,0,0,0,0,0,0,0,0,0,0,0,0,0,0,0,1,2.9331132680892
Granite County Sheriff's Office,1984-08-01,Montana,2709,MT02000,0,0,0,0,0,0,0,0,0,0,0,0,0,0,0,0,0,0,0,0,0,0,0,0,0,0,0,0,0,0,0,0,0,0,0,0,0,0,0,0,0,0,0,0,0,0,0,0,0,0,0,0,0,0,0,0,0,0,0,0,0,0,0,0,0,0,0,0,0,0,0,0,0,0,0,0,0,0,0,0,0,0,0,0,0,0,0,0,0,0,0,1,2.9331132680892
Granite County Sheriff's Office,1984-09-01,Montana,2709,MT02000,0,0,0,0,0,0,0,0,0,0,0,0,0,0,0,0,0,0,0,0,0,0,0,0,0,0,0,0,0,0,0,0,0,0,0,0,0,0,0,0,0,0,0,0,0,0,0,0,0,0,0,0,0,0,0,0,0,0,0,0,0,0,0,0,0,0,0,0,0,0,0,0,0,0,0,0,0,0,0,0,0,0,0,0,0,0,0,0,0,0,0,1,2.9331132680892
Granite County Sheriff's Office,1984-10-01,Montana,2709,MT02000,0,0,0,0,0,0,0,0,0,0,0,0,0,0,0,0,0,0,0,0,0,0,0,0,0,0,0,0,0,0,0,0,0,0,0,0,0,0,0,0,0,0,0,0,0,0,0,0,0,0,0,0,0,0,0,0,0,0,0,0,0,0,0,0,0,0,0,0,0,0,0,0,0,0,0,0,0,0,0,0,0,0,0,0,0,0,0,0,0,0,0,1,2.9331132680892
Granite County Sheriff's Office,1984-11-01,Montana,2709,MT02000,0,0,0,0,0,0,0,0,0,0,0,0,0,0,0,0,0,0,0,0,0,0,0,0,0,0,0,0,0,0,0,0,0,0,0,0,0,0,0,0,0,0,0,0,0,0,0,0,0,0,0,0,0,0,0,0,0,0,0,0,0,0,0,0,0,0,0,0,0,0,0,0,0,0,0,0,0,0,0,0,0,0,0,0,0,0,0,0,0,0,0,1,2.9331132680892
Granite County Sheriff's Office,1984-12-01,Montana,2709,MT02000,0,0,0,0,0,0,0,0,0,0,0,0,0,0,0,0,0,0,0,0,0,0,0,0,0,0,0,0,0,0,0,0,0,0,0,0,0,0,0,0,0,0,0,0,0,0,0,0,0,0,0,0,0,0,0,0,0,0,0,0,0,0,0,0,0,0,0,0,0,0,0,0,0,0,0,0,0,0,0,0,0,0,0,0,0,0,0,0,0,0,0,1,2.9331132680892
Granite County Sheriff's Office,1985-01-01,Montana,2807,MT02000,0,0,1,0,0,0,1,0,0,0,0,0,0,0,0,0,0,0,3,0,1,4,2,0,0,0,1,0,0,0,1,0,0,0,0,0,0,9065,0,0,0,9065,0,0,0,0,0,0,0,0,0,0,0,184,0,1416,1600,10665,57,0,0,0,127,0,0,0,1416,0,0,0,0,7082,0,0,0,3583,0,0,10665,0,0,0,0,0,0,0,0,1416,0,0,1416,1,2.83267663464518
Granite County Sheriff's Office,1985-02-01,Montana,2807,MT02000,0,0,0,0,1,0,1,0,0,0,0,0,0,0,0,0,0,0,1,1,1,3,0,0,0,0,2,0,0,1,0,0,0,0,0,0,0,0,184,0,0,184,0,0,0,0,0,0,0,0,0,0,0,28,425,595,1048,1232,0,0,0,0,1020,0,0,28,0,0,212,0,425,0,0,0,0,595,0,0,1232,0,28,0,0,0,0,0,0,0,0,0,28,1,2.83267663464518
Granite County Sheriff's Office,1985-03-01,Montana,2807,MT02000,0,0,0,0,0,0,0,1,0,0,0,0,0,0,0,0,0,0,1,0,1,2,0,0,0,1,0,0,0,0,1,0,0,0,0,0,0,0,0,0,0,0,0,0,0,0,0,0,0,0,0,0,0,28,0,751,779,779,0,0,0,751,0,0,0,0,28,0,0,0,0,0,0,0,0,779,0,0,779,0,0,0,0,0,0,0,0,0,0,0,0,1,2.83267663464518
Granite County Sheriff's Office,1985-04-01,Montana,2807,MT02000,0,0,0,0,0,0,0,0,0,0,0,0,0,0,0,0,0,0,1,3,4,8,2,1,0,0,4,0,0,0,1,0,0,0,0,0,0,0,0,0,0,0,0,0,0,0,0,0,0,0,0,0,0,14,567,6034,6614,6614,14,425,0,0,5042,0,0,0,1133,0,0,0,637,0,0,0,0,5892,0,85,6614,0,0,0,0,0,0,0,0,425,0,0,425,1,2.83267663464518
Granite County Sheriff's Office,1985-05-01,Montana,2807,MT02000,0,0,0,0,0,0,0,1,0,0,0,0,0,0,0,0,0,0,2,2,1,5,2,0,0,2,0,0,0,0,1,1,0,1,0,0,0,0,0,0,0,0,22661,0,0,0,0,0,0,0,0,0,0,0,397,765,1161,23823,397,0,0,765,0,0,0,0,0,0,0,0,0,0,0,0,22661,397,0,765,23823,0,0,0,0,0,0,0,22661,0,0,0,22661,1,2.83267663464518
Granite County Sheriff's Office,1985-06-01,Montana,2807,MT02000,0,0,1,0,1,0,2,0,0,0,0,0,0,0,0,0,0,0,0,1,1,2,0,0,0,0,1,0,0,0,1,0,0,0,0,0,0,0,0,0,0,0,0,0,0,0,0,0,0,0,0,0,0,0,425,850,1275,1275,0,0,0,0,850,0,0,0,425,0,0,0,0,0,0,0,0,1275,0,0,1275,0,0,0,0,0,0,0,0,850,0,0,850,1,2.83267663464518
Granite County Sheriff's Office,1985-07-01,Montana,2807,MT02000,0,0,0,0,0,0,0,1,0,0,0,0,0,0,0,0,0,0,0,2,0,2,1,0,0,0,1,0,0,0,0,1,0,1,2,0,0,0,0,0,0,0,4249,0,0,0,0,0,0,0,0,0,0,0,142,0,142,4391,142,0,0,0,0,0,0,0,0,0,0,0,0,0,0,0,4249,142,0,0,4391,0,0,0,0,0,0,0,4249,142,0,0,4391,1,2.83267663464518
Granite County Sheriff's Office,1985-08-01,Montana,2807,MT02000,0,0,0,0,0,1,1,2,0,0,0,0,0,0,0,0,0,0,2,1,2,5,0,0,0,2,0,0,0,0,3,1,0,1,0,0,0,0,0,0,0,0,4249,0,0,0,0,0,0,0,0,0,0,0,198,9631,9829,14078,0,0,0,0,0,0,0,0,9829,0,567,0,0,0,0,0,4249,9263,0,0,14078,0,567,0,0,0,0,0,2833,0,0,0,3399,1,2.83267663464518
Granite County Sheriff's Office,1985-09-01,Montana,2807,MT02000,1,1,1,0,0,0,3,2,0,0,0,0,1,0,0,0,0,1,3,0,2,5,0,1,0,1,0,0,0,0,3,1,0,1,1,283,71,28,0,0,0,382,7082,0,0,0,0,57,0,0,0,0,57,85,0,1416,1501,9022,0,28,0,850,0,0,0,0,623,0,127,340,850,0,567,0,7082,57,0,0,9022,0,14,326,0,0,0,0,5665,0,0,0,6005,1,2.83267663464518
Granite County Sheriff's Office,1985-10-01,Montana,2807,MT02000,0,0,0,0,0,1,1,3,0,0,0,0,0,0,0,0,0,0,1,1,0,2,0,0,0,0,1,0,0,0,1,1,1,2,0,0,0,0,0,0,0,0,7082,0,0,0,0,0,0,0,0,0,0,71,425,0,496,7577,0,0,0,0,425,0,0,0,71,0,0,0,0,0,0,0,7082,71,0,425,7577,0,0,0,0,0,0,0,5665,71,0,425,6161,1,2.83267663464518
Granite County Sheriff's Office,1985-11-01,Montana,2807,MT02000,0,0,0,0,2,4,6,0,0,0,0,0,0,0,0,0,0,0,1,0,1,2,0,0,0,1,1,0,0,0,0,0,0,0,0,0,0,0,0,0,850,850,0,0,0,0,0,0,0,0,0,0,0,71,0,875,946,1796,0,0,0,875,71,0,0,0,0,0,142,0,0,0,0,0,0,1654,0,0,1796,0,0,0,0,0,0,0,0,0,0,0,0,1,2.83267663464518
Granite County Sheriff's Office,1985-12-01,Montana,2807,MT02000,0,0,0,0,0,0,0,0,0,0,0,0,0,0,0,0,0,0,0,0,0,0,0,0,0,0,0,0,0,0,0,0,0,0,0,0,0,0,0,0,0,0,0,0,0,0,0,0,0,0,0,0,0,0,0,0,0,0,0,0,0,0,0,0,0,0,0,0,0,0,0,0,0,0,0,0,0,0,0,0,0,0,0,0,0,0,0,0,0,0,0,1,2.83267663464518
Granite County Sheriff's Office,1986-01-01,Montana,2798,MT02000,0,0,0,0,0,2,2,0,0,0,0,0,0,0,0,0,0,0,2,1,1,4,0,0,0,2,0,0,0,0,2,0,0,0,0,0,0,0,0,0,0,0,0,0,0,0,0,0,0,0,0,0,0,150,278,1084,1512,1512,0,0,0,1201,0,0,0,0,311,0,33,0,0,0,0,0,0,1479,0,0,1512,0,33,0,0,0,0,0,0,0,0,0,33,1,2.7799125674751
Granite County Sheriff's Office,1986-02-01,Montana,2798,MT02000,0,0,0,0,0,0,0,1,0,0,0,0,0,0,0,0,0,0,1,1,0,2,0,1,0,1,0,0,0,0,0,0,0,0,0,0,0,0,0,0,0,0,0,0,0,0,0,0,0,0,0,0,0,0,222,0,222,222,0,0,0,222,0,0,0,0,0,0,0,0,0,0,0,0,0,222,0,0,222,0,0,0,0,0,0,0,0,0,0,0,0,1,2.7799125674751
Granite County Sheriff's Office,1986-03-01,Montana,2798,MT02000,0,0,0,0,0,1,1,0,0,0,0,0,0,0,0,0,0,0,1,1,0,2,0,0,0,1,0,0,0,0,1,0,0,0,0,0,0,0,0,0,69,69,0,0,0,0,0,0,0,0,0,0,0,97,250,0,347,417,0,0,0,250,0,0,0,0,97,0,0,0,0,0,0,0,0,417,0,0,417,0,0,0,0,0,0,0,0,0,0,0,0,1,2.7799125674751
Granite County Sheriff's Office,1986-04-01,Montana,2798,MT02000,0,0,0,0,0,0,0,2,0,0,0,0,0,0,0,0,0,0,1,2,1,4,0,0,0,0,2,0,0,0,2,1,1,2,0,0,0,0,0,0,0,0,9174,0,0,0,0,0,0,0,0,0,0,67,278,1390,1735,10908,0,0,0,0,345,0,0,0,1390,0,67,0,278,0,0,0,6394,4170,0,0,10908,0,61,0,278,0,0,0,6394,2780,0,0,9513,1,2.7799125674751
Granite County Sheriff's Office,1986-05-01,Montana,2798,MT02000,0,0,2,0,1,1,4,0,0,0,0,0,0,0,0,0,0,0,1,0,2,3,0,0,0,1,0,0,0,0,2,0,0,0,0,0,0,0,595,0,139,734,0,0,0,0,0,0,0,0,0,0,0,69,0,2919,2988,3722,0,0,0,2085,0,0,0,0,903,0,678,0,0,2085,0,0,0,959,0,0,3722,0,0,0,0,0,0,0,0,0,0,0,0,1,2.7799125674751
Granite County Sheriff's Office,1986-06-01,Montana,2798,MT02000,0,0,0,0,0,0,0,0,0,0,0,0,0,0,0,0,0,0,0,0,0,0,0,0,0,0,0,0,0,0,0,0,0,0,0,0,0,0,0,0,0,0,0,0,0,0,0,0,0,0,0,0,0,0,0,0,0,0,0,0,0,0,0,0,0,0,0,0,0,0,0,0,0,0,0,0,0,0,0,0,0,0,0,0,0,0,0,0,0,0,0,1,2.7799125674751
Granite County Sheriff's Office,1986-07-01,Montana,2798,MT02000,1,1,1,0,2,2,7,1,0,0,0,0,0,0,0,0,0,0,1,2,0,3,0,0,0,1,1,0,0,0,1,0,1,1,0,0,0,1529,111,0,195,1835,8340,0,0,0,0,0,0,0,0,0,0,83,709,0,792,10967,0,0,0,556,153,0,0,0,83,0,0,83,0,0,0,0,8340,1432,0,1112,10967,0,0,83,0,0,0,0,8340,139,0,0,8562,1,2.7799125674751
Granite County Sheriff's Office,1986-08-01,Montana,2798,MT02000,2,0,1,1,1,1,6,2,0,0,0,0,0,0,0,0,0,0,6,1,4,11,2,0,0,1,1,0,0,0,7,0,1,1,2,0,667,556,612,0,15348,17183,13900,0,0,0,0,0,0,0,0,0,0,300,167,6730,7197,38279,2938,0,0,167,1665,0,0,0,2427,2355,58,1362,1290,0,0,0,13900,8737,2224,8354,38279,2355,0,0,417,0,0,0,11120,3125,2224,0,19240,1,2.7799125674751
Granite County Sheriff's Office,1986-09-01,Montana,2798,MT02000,0,0,1,0,0,0,1,0,0,0,0,0,0,0,0,0,0,0,5,2,2,9,1,0,0,1,2,0,0,1,4,0,0,0,0,0,0,278,0,0,0,278,0,0,0,0,0,0,0,0,0,0,0,339,417,17486,18242,18520,83,0,0,208,167,0,0,6,17778,0,806,486,0,111,0,0,0,17116,0,0,18520,0,0,208,0,0,0,0,0,145,0,0,353,1,2.7799125674751
Granite County Sheriff's Office,1986-10-01,Montana,2798,MT02000,1,1,0,0,0,0,2,0,0,0,0,0,0,0,0,0,0,0,2,4,0,6,1,0,0,1,1,0,0,0,3,0,0,0,0,0,250,0,0,0,0,250,0,0,0,0,0,0,0,0,0,0,0,214,1223,0,1437,1687,195,0,0,278,167,0,0,0,798,111,19,0,0,0,0,0,56,1223,0,278,1687,0,0,0,0,0,0,0,0,0,0,0,0,1,2.7799125674751
Granite County Sheriff's Office,1986-11-01,Montana,2798,MT02000,0,0,0,0,0,0,0,0,0,0,0,0,0,0,0,0,0,0,0,0,0,0,0,0,0,0,0,0,0,0,0,0,0,0,0,0,0,0,0,0,0,0,0,0,0,0,0,0,0,0,0,0,0,0,0,0,0,0,0,0,0,0,0,0,0,0,0,0,0,0,0,0,0,0,0,0,0,0,0,0,0,0,0,0,0,0,0,0,0,0,0,1,2.7799125674751
Granite County Sheriff's Office,1986-12-01,Montana,2798,MT02000,0,0,0,0,0,0,0,0,0,0,0,0,0,0,0,0,0,0,0,0,0,0,0,0,0,0,0,0,0,0,0,0,0,0,0,0,0,0,0,0,0,0,0,0,0,0,0,0,0,0,0,0,0,0,0,0,0,0,0,0,0,0,0,0,0,0,0,0,0,0,0,0,0,0,0,0,0,0,0,0,0,0,0,0,0,0,0,0,0,0,0,1,2.7799125674751
Granite County Sheriff's Office,1987-01-01,Montana,2667,MT02000,0,0,0,0,0,0,0,0,0,0,0,0,0,0,0,0,0,0,2,2,2,6,0,0,0,0,0,0,1,0,5,0,0,0,0,0,0,0,0,0,0,0,0,0,0,0,0,0,0,0,0,0,0,188,137300,1102,138590,138590,0,0,0,0,0,0,268,0,138322,0,563,137434,0,0,539,0,0,54,0,0,138590,0,0,0,0,0,0,0,0,0,0,0,0,1,2.68164209754309
Granite County Sheriff's Office,1987-02-01,Montana,2667,MT02000,1,1,1,0,0,1,4,1,0,0,0,0,0,0,0,0,0,0,0,3,1,4,1,1,0,0,1,0,0,0,1,0,0,0,0,0,0,0,0,0,0,0,0,0,0,0,0,0,0,0,0,0,0,0,362,2682,3044,3044,0,0,0,0,2682,0,0,0,362,0,0,362,0,0,0,0,0,2682,0,0,3044,0,0,0,0,0,0,0,0,0,0,0,0,1,2.68164209754309
Granite County Sheriff's Office,1987-03-01,Montana,2667,MT02000,0,0,0,0,0,0,0,0,0,0,0,0,0,0,0,0,0,0,1,1,1,3,0,0,0,0,1,0,0,0,2,0,0,0,0,0,0,0,0,0,0,0,0,0,0,0,0,0,0,0,0,0,0,40,536,0,577,577,0,0,0,0,536,0,0,0,40,0,40,536,0,0,0,0,0,0,0,0,577,0,0,0,0,0,0,0,0,0,0,0,0,1,2.68164209754309
Granite County Sheriff's Office,1987-04-01,Montana,2667,MT02000,0,0,0,0,0,0,0,0,0,0,0,0,0,0,0,0,0,0,2,2,2,6,0,0,1,0,1,0,0,0,4,0,0,0,0,0,0,0,0,0,0,0,0,0,0,0,0,0,0,0,0,0,0,121,555,0,676,676,0,0,0,0,0,0,0,0,676,0,287,0,0,0,0,0,0,389,0,0,676,0,0,0,0,0,0,0,0,0,0,0,0,1,2.68164209754309
Granite County Sheriff's Office,1987-05-01,Montana,2667,MT02000,0,0,0,0,0,0,0,0,0,0,0,0,0,0,0,0,0,0,3,1,3,7,2,1,0,0,1,0,0,0,3,0,0,0,0,0,0,0,0,0,0,0,0,0,0,0,0,0,0,0,0,0,0,40,0,1073,1113,1113,1073,0,0,0,0,0,0,0,40,0,0,0,0,0,0,0,0,1113,0,0,1113,0,0,0,0,0,0,0,0,40,0,0,40,1,2.68164209754309
Granite County Sheriff's Office,1987-06-01,Montana,2667,MT02000,1,0,1,0,0,0,2,1,0,0,0,0,0,0,0,0,0,0,3,0,2,5,0,0,0,1,0,0,0,0,4,0,1,1,0,0,0,1340821,0,0,0,1340821,53633,0,0,0,0,0,0,0,0,0,0,19,0,1341,1360,1395813,0,0,0,0,0,0,0,0,1360,0,0,5,0,0,0,0,53633,1342175,0,0,1395813,0,0,5,0,0,0,0,53633,0,0,0,53638,1,2.68164209754309
Granite County Sheriff's Office,1987-07-01,Montana,2667,MT02000,2,1,2,0,1,1,7,0,0,0,0,0,0,0,0,0,0,0,1,2,2,5,0,0,0,0,3,0,0,0,2,0,0,0,0,0,536,0,2199,0,1485764,1488499,0,0,0,0,0,0,0,0,0,0,0,1073,670,2682,4425,1492924,0,0,0,0,4022,0,0,0,402,0,0,2199,0,0,536,0,0,1490189,0,0,1492924,0,0,0,0,0,0,0,0,1341,0,0,1341,1,2.68164209754309
Granite County Sheriff's Office,1987-08-01,Montana,2667,MT02000,0,1,1,0,0,0,2,2,0,0,0,0,0,0,0,0,0,0,4,1,1,6,0,2,0,1,0,0,0,0,3,1,0,1,0,0,0,0,0,0,0,0,2682,0,0,0,0,0,0,0,0,0,0,11008,268,1341,12617,15299,0,268,0,268,0,0,0,0,12081,0,13,0,0,0,0,0,2682,12604,0,0,15299,0,0,0,0,0,0,0,2682,268,0,0,2950,1,2.68164209754309
Granite County Sheriff's Office,1987-09-01,Montana,2667,MT02000,0,0,0,0,0,0,0,1,0,0,0,0,0,0,0,0,0,0,1,2,0,3,1,0,0,0,0,0,0,0,2,0,0,0,0,0,0,0,0,0,0,0,0,0,0,0,0,0,0,0,0,0,0,0,1046,0,1046,1046,0,0,0,0,0,0,0,0,1046,0,0,0,0,0,0,0,0,1046,0,0,1046,0,0,0,0,0,0,0,0,0,0,0,0,1,2.68164209754309
Granite County Sheriff's Office,1987-10-01,Montana,2667,MT02000,0,0,0,0,0,1,1,0,0,0,0,0,0,0,0,0,0,0,5,4,1,10,1,0,0,1,1,0,0,0,7,0,0,0,0,0,0,0,0,0,0,0,0,0,0,0,0,0,0,0,0,0,0,260,1046,670,1976,1976,54,0,0,0,670,0,0,0,1252,0,153,0,670,0,0,0,0,1153,0,0,1976,0,0,0,0,0,0,0,0,268,0,0,268,1,2.68164209754309
Granite County Sheriff's Office,1987-11-01,Montana,2667,MT02000,0,0,0,0,0,0,0,0,0,0,0,0,0,0,0,0,0,0,0,0,0,0,0,0,0,0,0,0,0,0,0,0,0,0,0,0,0,0,0,0,0,0,0,0,0,0,0,0,0,0,0,0,0,0,0,0,0,0,0,0,0,0,0,0,0,0,0,0,0,0,0,0,0,0,0,0,0,0,0,0,0,0,0,0,0,0,0,0,0,0,0,1,2.68164209754309
Granite County Sheriff's Office,1987-12-01,Montana,2667,MT02000,0,0,0,0,0,0,0,0,0,0,0,0,0,0,0,0,0,0,0,0,0,0,0,0,0,0,0,0,0,0,0,0,0,0,0,0,0,0,0,0,0,0,0,0,0,0,0,0,0,0,0,0,0,0,0,0,0,0,0,0,0,0,0,0,0,0,0,0,0,0,0,0,0,0,0,0,0,0,0,0,0,0,0,0,0,0,0,0,0,0,0,1,2.68164209754309
Granite County Sheriff's Office,1988-01-01,Montana,2681,MT02000,1,0,0,0,0,0,1,0,0,0,0,0,0,0,0,0,0,0,2,0,1,3,0,0,0,1,1,0,0,0,1,0,0,0,0,0,26,0,0,0,0,26,0,0,0,0,0,0,0,0,0,0,0,85,0,1288,1373,1399,0,0,0,8,1288,0,0,0,77,0,8,26,0,0,0,0,0,77,0,1288,1399,0,8,0,0,0,0,0,0,77,0,0,85,1,2.57657599887252
Granite County Sheriff's Office,1988-02-01,Montana,2681,MT02000,1,1,1,0,0,0,3,1,0,0,0,0,0,0,0,0,0,0,1,0,1,2,1,0,0,0,0,0,0,0,1,1,0,1,0,0,773,0,0,0,0,773,5153,0,0,0,0,0,0,0,0,0,0,103,0,773,876,6802,103,0,0,0,0,0,0,0,773,0,0,0,0,0,773,0,5153,876,0,0,6802,0,0,0,0,0,0,0,5153,0,0,0,5153,1,2.57657599887252
Granite County Sheriff's Office,1988-03-01,Montana,2681,MT02000,0,0,0,0,0,2,2,1,0,0,0,0,0,0,0,0,0,0,1,1,1,3,0,0,0,1,2,0,0,0,0,0,0,0,0,0,0,0,0,0,193,193,0,0,0,0,0,0,0,0,0,0,0,52,644,1288,1984,2177,0,0,0,1288,696,0,0,0,0,0,0,0,193,0,0,0,0,1984,0,0,2177,0,0,0,0,0,0,0,0,0,0,0,0,1,2.57657599887252
Granite County Sheriff's Office,1988-04-01,Montana,2681,MT02000,0,0,1,1,0,0,2,0,0,0,0,0,0,0,0,0,0,0,3,1,1,5,0,0,0,0,3,0,0,0,2,0,0,0,0,0,0,0,0,1417,0,1417,0,0,0,0,0,0,0,0,0,0,0,152,515,3607,4275,5692,0,0,0,0,644,0,0,0,3630,0,1440,0,0,0,0,0,0,644,0,3607,5692,0,0,0,0,0,0,0,0,0,0,0,0,1,2.57657599887252
Granite County Sheriff's Office,1988-05-01,Montana,2681,MT02000,1,1,1,0,0,1,4,0,0,0,0,0,0,0,0,0,0,0,1,0,2,3,0,0,0,0,2,0,0,0,1,0,0,0,0,1031,0,0,0,0,773,1804,0,0,0,0,0,0,0,0,0,0,0,26,0,5926,5952,7755,0,0,0,0,5179,0,0,0,773,0,26,0,0,0,0,0,0,7730,0,0,7755,0,0,0,0,0,0,0,0,0,0,0,0,1,2.57657599887252
Granite County Sheriff's Office,1988-06-01,Montana,2681,MT02000,0,0,0,0,0,0,0,2,0,0,0,0,0,0,0,0,0,0,1,0,4,5,0,0,0,1,3,0,0,0,1,0,0,0,0,0,0,0,0,0,0,0,4380,0,0,0,0,0,0,0,0,0,0,10,0,17044,17054,21435,0,0,0,1069,15975,0,0,0,10,0,10,0,0,0,0,0,0,20909,0,515,21435,0,0,0,0,0,0,0,0,0,0,0,0,1,2.57657599887252
Granite County Sheriff's Office,1988-07-01,Montana,2681,MT02000,0,0,0,0,0,0,0,0,0,0,0,0,0,0,0,0,0,0,0,0,0,0,0,0,0,0,0,0,0,0,0,0,0,0,0,0,0,0,0,0,0,0,0,0,0,0,0,0,0,0,0,0,0,0,0,0,0,0,0,0,0,0,0,0,0,0,0,0,0,0,0,0,0,0,0,0,0,0,0,0,0,0,0,0,0,0,0,0,0,0,0,1,2.57657599887252
Granite County Sheriff's Office,1988-08-01,Montana,2681,MT02000,0,1,1,0,2,1,5,1,0,0,0,0,0,0,0,0,0,0,0,7,2,9,0,1,0,3,0,0,0,0,5,0,0,0,0,1288,0,129,3221,0,773,5411,2577,0,0,0,0,0,0,0,0,0,0,0,2319,1701,4019,12007,0,193,0,2087,0,0,0,0,1739,0,0,515,1159,773,0,0,0,8271,0,1288,12007,0,0,515,0,0,0,0,0,4573,0,0,5089,1,2.57657599887252
Granite County Sheriff's Office,1988-09-01,Montana,2681,MT02000,0,0,2,0,0,0,2,0,0,0,0,0,0,0,0,0,0,0,3,3,1,7,1,0,0,1,2,0,0,0,3,0,0,0,0,0,0,2705,0,0,0,2705,0,0,0,0,0,0,0,0,0,0,0,271,889,3607,4767,7472,386,0,0,309,3800,0,0,0,271,0,129,0,3607,0,0,0,0,3736,0,0,7472,0,0,0,0,0,0,0,0,0,0,0,0,1,2.57657599887252
Granite County Sheriff's Office,1988-10-01,Montana,2681,MT02000,0,0,0,0,0,0,0,0,0,0,0,0,0,0,0,0,0,0,0,0,0,0,0,0,0,0,0,0,0,0,0,0,0,0,0,0,0,0,0,0,0,0,0,0,0,0,0,0,0,0,0,0,0,0,0,0,0,0,0,0,0,0,0,0,0,0,0,0,0,0,0,0,0,0,0,0,0,0,0,0,0,0,0,0,0,0,0,0,0,0,0,1,2.57657599887252
Granite County Sheriff's Office,1988-11-01,Montana,2681,MT02000,0,0,1,0,1,2,4,2,0,0,0,0,0,0,0,0,0,0,2,5,1,8,0,1,0,1,2,0,0,0,4,2,0,2,0,0,0,219,258,0,2061,2538,18036,0,0,0,0,0,0,0,0,0,0,116,1546,773,2435,23009,0,322,0,773,425,0,0,0,915,0,335,39,773,1288,0,0,18036,2538,0,0,23009,0,77,0,0,0,0,0,17521,322,0,0,17920,1,2.57657599887252
Granite County Sheriff's Office,1988-12-01,Montana,2681,MT02000,0,0,0,0,0,0,0,0,0,0,0,0,0,0,0,0,0,0,0,0,0,0,0,0,0,0,0,0,0,0,0,0,0,0,0,0,0,0,0,0,0,0,0,0,0,0,0,0,0,0,0,0,0,0,0,0,0,0,0,0,0,0,0,0,0,0,0,0,0,0,0,0,0,0,0,0,0,0,0,0,0,0,0,0,0,0,0,0,0,0,0,1,2.57657599887252
Granite County Sheriff's Office,1989-01-01,Montana,2604,MT02000,0,0,0,0,0,0,0,1,0,0,0,0,0,0,0,0,0,0,1,1,0,2,0,0,0,0,0,0,0,0,2,0,0,0,0,0,0,0,0,0,0,0,0,0,0,0,0,0,0,0,0,0,0,0,492,0,492,492,0,0,0,0,0,0,0,0,492,0,0,0,0,0,0,0,0,492,0,0,492,0,0,0,0,0,0,0,0,492,0,0,492,1,2.45793156762571
Granite County Sheriff's Office,1989-02-01,Montana,2604,MT02000,0,0,0,0,0,0,0,0,0,0,0,0,0,0,0,0,0,0,0,0,1,1,0,0,0,0,0,0,0,0,1,0,0,0,0,0,0,0,0,0,0,0,0,0,0,0,0,0,0,0,0,0,0,0,0,1598,1598,1598,0,0,0,0,0,0,0,0,1598,0,0,0,0,0,0,0,0,1598,0,0,1598,0,0,0,0,0,0,0,0,0,0,0,0,1,2.45793156762571
Granite County Sheriff's Office,1989-03-01,Montana,2604,MT02000,0,0,0,0,0,0,0,0,0,0,0,0,0,0,0,0,0,0,0,0,0,0,0,0,0,0,0,0,0,0,0,0,0,0,0,0,0,0,0,0,0,0,0,0,0,0,0,0,0,0,0,0,0,0,0,0,0,0,0,0,0,0,0,0,0,0,0,0,0,0,0,0,0,0,0,0,0,0,0,0,0,0,0,0,0,0,0,0,0,0,0,1,2.45793156762571
Granite County Sheriff's Office,1989-04-01,Montana,2604,MT02000,0,0,0,0,1,1,2,2,0,0,0,0,0,0,0,0,0,0,3,0,0,3,0,1,0,0,0,0,0,0,2,0,0,0,0,0,0,0,0,0,0,0,0,0,0,0,0,0,0,0,0,0,0,123,0,0,123,123,0,0,0,0,0,0,0,0,123,0,123,0,0,0,0,0,0,0,0,0,123,0,0,0,0,0,0,0,0,0,0,0,0,1,2.45793156762571
Granite County Sheriff's Office,1989-05-01,Montana,2604,MT02000,0,0,0,0,0,0,0,0,0,0,0,0,0,0,0,0,0,0,0,0,0,0,0,0,0,0,0,0,0,0,0,0,0,0,0,0,0,0,0,0,0,0,0,0,0,0,0,0,0,0,0,0,0,0,0,0,0,0,0,0,0,0,0,0,0,0,0,0,0,0,0,0,0,0,0,0,0,0,0,0,0,0,0,0,0,0,0,0,0,0,0,1,2.45793156762571
Granite County Sheriff's Office,1989-06-01,Montana,2604,MT02000,0,1,2,0,2,1,6,2,0,0,0,0,0,0,0,0,0,0,0,1,1,2,0,0,0,0,2,0,0,0,0,1,1,2,0,1229,0,2458,123,0,1229,5039,61694,0,0,0,0,0,0,0,0,0,0,0,246,492,737,67470,0,0,0,0,737,0,0,0,0,0,123,0,492,0,0,0,61694,3933,0,1229,67470,0,0,0,0,0,0,0,61694,0,0,0,61694,1,2.45793156762571
Granite County Sheriff's Office,1989-07-01,Montana,2604,MT02000,0,0,0,0,0,0,0,0,0,0,0,0,0,0,0,0,0,0,0,0,0,0,0,0,0,0,0,0,0,0,0,0,0,0,0,0,0,0,0,0,0,0,0,0,0,0,0,0,0,0,0,0,0,0,0,0,0,0,0,0,0,0,0,0,0,0,0,0,0,0,0,0,0,0,0,0,0,0,0,0,0,0,0,0,0,0,0,0,0,0,0,1,2.45793156762571
Granite County Sheriff's Office,1989-08-01,Montana,2604,MT02000,0,0,0,0,0,0,0,0,0,0,0,0,0,0,0,0,0,0,0,0,0,0,0,0,0,0,0,0,0,0,0,0,0,0,0,0,0,0,0,0,0,0,0,0,0,0,0,0,0,0,0,0,0,0,0,0,0,0,0,0,0,0,0,0,0,0,0,0,0,0,0,0,0,0,0,0,0,0,0,0,0,0,0,0,0,0,0,0,0,0,0,1,2.45793156762571
Granite County Sheriff's Office,1989-09-01,Montana,2604,MT02000,0,0,0,0,0,0,0,0,0,0,0,0,0,0,0,0,0,0,0,0,0,0,0,0,0,0,0,0,0,0,0,0,0,0,0,0,0,0,0,0,0,0,0,0,0,0,0,0,0,0,0,0,0,0,0,0,0,0,0,0,0,0,0,0,0,0,0,0,0,0,0,0,0,0,0,0,0,0,0,0,0,0,0,0,0,0,0,0,0,0,0,1,2.45793156762571
Granite County Sheriff's Office,1989-10-01,Montana,2604,MT02000,0,1,1,0,2,0,4,0,0,0,0,0,0,0,0,0,0,0,0,0,1,1,0,0,1,0,0,0,0,0,0,0,0,0,0,737,0,0,1106,0,0,1843,0,0,0,0,0,0,0,0,0,0,0,0,0,1229,1229,3072,0,0,1229,0,0,0,0,0,0,0,0,737,0,0,0,0,0,2335,0,0,3072,0,0,737,0,0,0,0,0,0,0,0,737,1,2.45793156762571
Granite County Sheriff's Office,1989-11-01,Montana,2604,MT02000,0,0,0,1,0,0,1,1,0,0,0,0,0,0,0,0,0,0,1,0,0,1,0,0,0,0,1,0,0,0,0,0,0,0,0,0,0,0,0,0,0,0,0,0,0,0,0,0,0,0,0,0,0,0,0,0,0,0,0,0,0,0,0,0,0,0,0,0,0,0,0,0,0,0,0,0,0,0,0,0,0,0,0,0,0,0,0,0,0,0,0,1,2.45793156762571
Granite County Sheriff's Office,1989-12-01,Montana,2604,MT02000,0,0,0,1,0,1,2,0,0,0,0,0,0,0,0,0,0,0,1,1,1,3,0,0,0,1,1,0,0,0,1,0,0,0,0,0,0,0,0,0,0,0,0,0,0,0,0,0,0,0,0,0,0,0,0,737,737,737,0,0,0,0,737,0,0,0,0,0,0,0,0,0,0,0,0,737,0,0,737,0,0,0,0,0,0,0,0,0,0,0,0,1,2.45793156762571
Granite County Sheriff's Office,1990-01-01,Montana,2548,MT02000,0,0,0,0,0,1,1,2,0,0,0,0,0,0,0,0,0,0,0,0,0,0,0,0,0,0,0,0,0,0,0,0,0,0,0,0,0,0,0,0,0,0,583,0,0,0,0,0,0,0,0,0,0,0,0,0,0,583,0,0,0,0,0,0,0,0,0,0,0,0,0,0,0,0,583,0,0,0,583,0,0,0,0,0,0,0,0,0,0,0,0,1,2.33204860003827
Granite County Sheriff's Office,1990-02-01,Montana,2548,MT02000,0,0,0,0,0,0,0,0,0,0,0,0,0,0,0,0,0,0,2,1,1,4,1,0,0,0,1,0,1,0,1,0,0,0,0,0,0,0,0,0,0,0,0,0,0,0,0,0,0,0,0,0,0,0,0,0,0,0,0,0,0,0,0,0,0,0,0,0,0,0,0,0,0,0,0,0,0,0,0,0,0,0,0,0,0,0,0,0,0,0,0,1,2.33204860003827
Granite County Sheriff's Office,1990-03-01,Montana,2548,MT02000,0,0,0,0,0,0,0,0,0,0,0,0,0,0,0,0,0,0,1,2,0,3,0,0,0,1,0,0,0,1,1,0,0,0,0,0,0,0,0,0,0,0,0,0,0,0,0,0,0,0,0,0,0,0,0,0,0,0,0,0,0,0,0,0,0,0,0,0,0,0,0,0,0,0,0,0,0,0,0,0,0,0,0,0,0,0,0,0,0,0,0,1,2.33204860003827
Granite County Sheriff's Office,1990-04-01,Montana,2548,MT02000,0,1,0,0,0,2,3,0,0,0,0,0,0,0,0,0,0,0,0,3,0,3,0,0,0,0,0,0,0,0,3,0,0,0,0,0,0,0,0,0,0,0,0,0,0,0,0,0,0,0,0,0,0,0,0,0,0,0,0,0,0,0,0,0,0,0,0,0,0,0,0,0,0,0,0,0,0,0,0,0,0,0,0,0,0,0,0,1166,0,0,1166,1,2.33204860003827
Granite County Sheriff's Office,1990-05-01,Montana,2548,MT02000,0,0,0,0,0,0,0,0,0,0,0,0,0,0,0,0,0,0,1,0,0,1,1,0,0,0,0,0,0,0,0,0,0,0,0,0,0,0,0,0,0,0,0,0,0,0,0,0,0,0,0,0,0,0,0,0,0,0,0,0,0,0,0,0,0,0,0,0,0,0,0,0,0,0,0,0,0,0,0,0,0,0,0,0,0,0,0,0,0,0,0,1,2.33204860003827
Granite County Sheriff's Office,1990-06-01,Montana,2548,MT02000,1,0,1,0,0,0,2,1,0,0,0,0,0,0,0,0,0,0,1,1,0,2,1,0,0,0,0,0,0,0,1,1,0,1,0,0,0,0,0,0,0,0,0,0,0,0,0,0,0,0,0,0,0,0,280,0,280,280,0,0,0,0,0,0,0,0,280,0,0,0,0,0,0,0,0,280,0,0,280,0,0,0,0,0,0,0,1749,0,0,0,1749,1,2.33204860003827
Granite County Sheriff's Office,1990-07-01,Montana,2548,MT02000,0,0,2,0,0,0,2,1,0,0,0,0,0,0,0,0,0,0,0,1,3,4,0,0,0,0,3,0,0,0,1,0,0,0,0,0,0,0,0,0,0,0,0,0,0,0,0,0,0,0,0,0,0,0,0,3286,3286,3286,0,0,0,0,3286,0,0,0,0,0,0,548,0,0,0,0,0,1516,0,1222,3286,0,0,0,0,0,0,0,0,0,0,0,0,1,2.33204860003827
Granite County Sheriff's Office,1990-08-01,Montana,2548,MT02000,0,0,0,0,0,0,0,0,0,0,0,0,0,0,0,0,0,0,0,0,0,0,0,0,0,0,0,0,0,0,0,0,0,0,0,0,0,0,0,0,0,0,0,0,0,0,0,0,0,0,0,0,0,0,0,0,0,0,0,0,0,0,0,0,0,0,0,0,0,0,0,0,0,0,0,0,0,0,0,0,0,0,0,0,0,0,0,0,0,0,0,1,2.33204860003827
Granite County Sheriff's Office,1990-09-01,Montana,2548,MT02000,0,2,1,0,1,1,5,0,0,0,0,0,0,0,0,0,0,0,0,0,4,4,0,0,0,1,1,0,0,0,2,0,0,0,0,0,0,0,1866,0,653,2519,0,0,0,0,0,0,0,0,0,0,0,0,0,17490,17490,20009,0,0,0,0,0,0,0,0,17490,0,0,0,0,0,0,0,0,20009,0,0,20009,0,0,0,0,0,0,0,0,0,0,0,0,1,2.33204860003827
Granite County Sheriff's Office,1990-10-01,Montana,2548,MT02000,0,0,0,0,1,1,2,1,0,0,0,0,0,0,0,0,0,0,1,2,4,7,2,0,0,2,1,0,0,0,2,0,1,1,1,0,0,0,0,0,0,0,0,0,0,0,0,0,0,0,0,0,0,58,0,1866,1924,1924,1924,0,0,0,0,0,0,0,0,0,58,0,0,0,0,0,0,1866,0,0,1924,0,0,0,0,0,0,0,23320,0,0,0,23320,1,2.33204860003827
Granite County Sheriff's Office,1990-11-01,Montana,2548,MT02000,0,0,0,0,0,0,0,0,0,0,0,0,0,0,0,0,0,0,0,0,0,0,0,0,0,0,0,0,0,0,0,0,0,0,0,0,0,0,0,0,0,0,0,0,0,0,0,0,0,0,0,0,0,0,0,0,0,0,0,0,0,0,0,0,0,0,0,0,0,0,0,0,0,0,0,0,0,0,0,0,0,0,0,0,0,0,0,0,0,0,0,1,2.33204860003827
Granite County Sheriff's Office,1990-12-01,Montana,2548,MT02000,0,0,0,0,0,0,0,0,0,0,0,0,0,0,0,0,0,0,0,0,0,0,0,0,0,0,0,0,0,0,0,0,0,0,0,0,0,0,0,0,0,0,0,0,0,0,0,0,0,0,0,0,0,0,0,0,0,0,0,0,0,0,0,0,0,0,0,0,0,0,0,0,0,0,0,0,0,0,0,0,0,0,0,0,0,0,0,0,0,0,0,1,2.33204860003827
Granite County Sheriff's Office,1991-01-01,Montana,2576,MT02000,0,0,0,0,0,0,0,0,0,0,0,0,0,0,0,0,0,0,3,0,0,3,0,0,0,0,0,0,0,0,3,0,0,0,0,0,0,0,0,0,0,0,0,0,0,0,0,0,0,0,0,0,0,488,0,0,488,488,0,0,0,0,0,0,0,0,488,0,0,0,0,0,0,0,0,488,0,0,488,0,0,0,0,0,0,0,0,0,0,0,0,1,2.23729976136572
Granite County Sheriff's Office,1991-02-01,Montana,2576,MT02000,0,0,0,0,0,0,0,0,0,0,0,0,0,0,0,0,0,0,7,0,0,7,0,0,0,5,0,0,0,1,1,0,0,0,0,0,0,0,0,0,0,0,0,0,0,0,0,0,0,0,0,0,0,5792,0,0,5792,5792,0,0,0,5792,0,0,0,0,0,0,0,0,0,0,0,0,0,5792,0,0,5792,0,0,0,0,0,0,0,0,0,0,0,0,1,2.23729976136572
Granite County Sheriff's Office,1991-03-01,Montana,2576,MT02000,0,0,0,0,0,0,0,0,0,0,0,0,0,0,0,0,0,0,4,0,0,4,0,0,0,1,0,0,0,0,3,0,0,0,0,0,0,0,0,0,0,0,0,0,0,0,0,0,0,0,0,0,0,964,0,0,964,964,0,0,0,0,0,0,0,0,964,0,13,0,0,392,0,0,0,559,0,0,964,0,0,0,0,392,0,0,0,0,0,0,392,1,2.23729976136572
Granite County Sheriff's Office,1991-04-01,Montana,2576,MT02000,0,3,0,0,1,0,4,0,0,1,0,0,0,0,0,0,0,0,4,0,0,4,0,0,0,0,1,0,0,0,3,0,0,0,0,0,0,0,0,0,0,0,0,0,0,0,0,0,0,0,0,0,0,6857,0,0,6857,6857,0,0,0,0,559,0,0,0,6298,0,705,0,0,0,0,0,0,6153,0,0,6857,0,0,0,0,0,0,0,0,0,0,0,0,1,2.23729976136572
Granite County Sheriff's Office,1991-05-01,Montana,2576,MT02000,0,1,0,0,1,0,2,0,0,0,0,0,0,0,0,0,0,0,4,0,0,4,0,0,0,3,0,0,0,0,1,0,0,0,0,0,0,0,1231,0,0,1231,0,0,0,0,0,0,0,0,0,0,0,1902,0,0,1902,3132,0,0,0,1398,0,0,0,0,503,0,0,0,0,0,0,503,0,2629,0,0,3132,0,0,0,0,0,0,0,0,0,0,0,0,1,2.23729976136572
Granite County Sheriff's Office,1991-06-01,Montana,2576,MT02000,0,3,0,0,2,0,5,0,0,0,0,0,0,0,0,0,0,0,5,0,0,5,0,0,0,1,1,0,0,0,3,0,0,0,0,671,0,0,1029,0,0,1700,0,0,0,0,0,0,0,0,0,0,0,13200,0,0,13200,14900,0,0,0,5370,4475,0,0,0,3356,0,0,4475,0,671,0,3356,0,6399,0,0,14900,0,0,0,0,0,0,0,0,0,0,0,0,1,2.23729976136572
Granite County Sheriff's Office,1991-07-01,Montana,2576,MT02000,0,1,0,0,0,0,1,0,0,0,0,0,0,0,0,0,0,0,2,0,0,2,0,0,0,2,0,0,0,0,0,0,0,0,0,671,0,0,0,0,0,671,0,0,0,0,0,0,0,0,0,0,0,112,0,0,112,783,0,0,0,112,0,0,0,0,0,0,0,0,0,0,0,0,0,783,0,0,783,0,0,0,0,0,0,0,0,0,0,0,0,1,2.23729976136572
Granite County Sheriff's Office,1991-08-01,Montana,2576,MT02000,0,0,0,0,0,0,0,0,0,0,0,0,0,0,0,0,0,0,2,0,0,2,0,0,0,0,0,0,0,0,2,0,0,0,0,0,0,0,0,0,0,0,0,0,0,0,0,0,0,0,0,0,0,157,0,0,157,157,0,0,0,0,0,0,0,0,157,0,72,0,0,0,0,0,0,85,0,0,157,0,0,0,0,0,0,0,0,0,0,0,0,1,2.23729976136572
Granite County Sheriff's Office,1991-09-01,Montana,2576,MT02000,0,0,0,0,0,0,0,1,0,0,0,0,0,0,0,0,0,0,1,0,0,1,0,0,0,0,0,0,0,0,1,0,0,0,0,0,0,0,0,0,0,0,11186,0,0,0,0,0,0,0,0,0,0,224,0,0,224,11410,0,0,0,0,0,0,0,0,224,0,0,0,0,224,0,0,11186,0,0,0,11410,0,0,0,0,0,0,0,0,0,0,0,0,1,2.23729976136572
Granite County Sheriff's Office,1991-10-01,Montana,2576,MT02000,0,0,0,0,1,0,1,1,0,0,0,0,0,0,0,0,0,0,3,0,0,3,0,0,1,1,0,0,0,1,0,1,0,1,0,0,0,0,224,0,0,224,6712,0,0,0,0,0,0,0,0,0,0,3132,0,0,3132,10068,0,0,0,2685,447,0,0,0,0,0,0,0,447,0,0,0,6712,2908,0,0,10068,0,0,0,0,0,0,0,6712,0,0,0,6712,1,2.23729976136572
Granite County Sheriff's Office,1991-11-01,Montana,2576,MT02000,0,2,0,0,1,0,3,0,0,0,0,0,0,0,0,0,0,0,2,0,0,2,0,0,0,0,1,0,0,0,1,0,0,0,0,2908,0,0,1566,0,0,4475,0,0,0,0,0,0,0,0,0,0,0,5761,0,0,5761,10236,0,0,168,0,0,0,0,0,5593,0,0,168,0,0,0,0,0,8502,0,1566,10236,0,0,0,0,0,0,0,0,0,0,0,0,1,2.23729976136572
Granite County Sheriff's Office,1991-12-01,Montana,2576,MT02000,0,0,0,0,0,0,0,0,0,0,0,0,0,0,0,0,0,0,0,0,0,0,0,0,0,0,0,0,0,0,0,0,0,0,0,0,0,0,0,0,0,0,0,0,0,0,0,0,0,0,0,0,0,0,0,0,0,0,0,0,0,0,0,0,0,0,0,0,0,0,0,0,0,0,0,0,0,0,0,0,0,0,0,0,0,0,0,0,0,0,0,1,2.23729976136572
Granite County Sheriff's Office,1992-01-01,Montana,2627,MT02000,0,4,0,0,0,0,4,3,0,0,0,0,0,0,0,0,0,0,2,0,0,2,0,0,0,0,2,0,0,0,0,0,0,0,0,0,0,0,0,0,0,0,0,0,0,0,0,0,0,0,0,0,0,0,0,0,0,0,0,0,0,0,0,0,0,0,0,0,0,0,0,0,0,0,0,0,0,0,0,0,0,0,0,0,0,0,0,0,0,0,0,1,2.17152809122224
Granite County Sheriff's Office,1992-02-01,Montana,2627,MT02000,0,1,0,0,0,0,1,1,0,0,0,0,0,0,0,0,0,0,3,0,0,3,0,0,0,1,0,0,0,0,2,0,0,0,0,0,0,0,0,0,0,0,0,0,0,0,0,0,0,0,0,0,0,0,0,0,0,0,0,0,0,0,0,0,0,0,0,0,0,0,0,0,0,0,0,0,0,0,0,0,0,0,0,0,0,0,0,0,0,0,0,1,2.17152809122224
Granite County Sheriff's Office,1992-03-01,Montana,2627,MT02000,0,1,0,0,1,0,2,0,0,0,0,0,0,0,0,0,0,0,3,0,0,3,0,0,0,1,0,0,0,0,2,0,0,0,0,0,0,0,0,0,0,0,0,0,0,0,0,0,0,0,0,0,0,0,0,0,0,0,0,0,0,0,0,0,0,0,0,0,0,0,0,0,0,0,0,0,0,0,0,0,0,0,0,0,0,0,0,0,0,0,0,1,2.17152809122224
Granite County Sheriff's Office,1992-04-01,Montana,2627,MT02000,0,4,0,0,1,0,5,2,0,0,0,0,0,0,0,0,0,0,3,0,0,3,0,0,0,1,0,0,0,0,2,2,0,2,0,0,0,0,434,0,0,434,2606,0,0,0,0,0,0,0,0,0,0,0,0,0,0,3040,0,0,0,0,0,0,0,0,0,0,0,434,0,0,0,0,2606,0,0,0,3040,0,0,0,0,0,0,0,2172,0,0,0,2172,1,2.17152809122224
Granite County Sheriff's Office,1992-05-01,Montana,2627,MT02000,0,0,0,0,0,0,0,0,0,0,0,0,0,0,0,0,0,0,3,0,0,3,0,0,0,1,0,0,1,0,1,0,0,0,0,0,0,0,0,0,0,0,0,0,0,0,0,0,0,0,0,0,0,0,0,0,0,0,0,0,0,0,0,0,0,0,0,0,0,0,0,0,0,0,0,0,0,0,0,0,0,0,0,0,0,0,0,0,0,0,0,1,2.17152809122224
Granite County Sheriff's Office,1992-06-01,Montana,2627,MT02000,0,3,0,0,2,0,5,0,0,0,0,0,0,0,0,0,0,0,3,0,0,3,0,0,1,1,0,0,0,0,1,0,0,0,0,0,0,0,0,0,0,0,0,0,0,0,0,0,0,0,0,0,0,0,0,0,0,0,0,0,0,0,0,0,0,0,0,0,0,0,0,0,0,0,0,0,0,0,0,0,0,0,0,0,0,0,0,0,0,0,0,1,2.17152809122224
Granite County Sheriff's Office,1992-07-01,Montana,2627,MT02000,0,1,0,0,0,0,1,1,0,0,0,0,0,0,0,0,0,0,1,0,0,1,0,0,0,0,1,0,0,0,0,0,0,0,0,0,0,0,0,0,0,0,0,0,0,0,0,0,0,0,0,0,0,0,0,0,0,0,0,0,0,0,0,0,0,0,0,0,0,0,0,0,0,0,0,0,0,0,0,0,0,0,0,0,0,0,0,0,0,0,0,1,2.17152809122224
Granite County Sheriff's Office,1992-08-01,Montana,2627,MT02000,0,0,0,0,0,0,0,0,0,0,0,0,0,1,0,0,0,1,3,0,0,3,0,0,0,0,1,0,0,0,2,0,0,0,0,0,0,0,0,0,0,0,0,0,0,0,0,0,0,0,0,0,0,0,0,0,0,0,0,0,0,0,0,0,0,0,0,0,0,0,0,0,0,0,0,0,0,0,0,0,0,0,0,0,0,0,0,0,0,0,0,1,2.17152809122224
Granite County Sheriff's Office,1992-09-01,Montana,2627,MT02000,0,2,0,0,0,0,2,1,0,0,0,0,0,0,0,0,0,0,4,0,0,4,0,0,0,0,2,0,0,0,2,0,0,0,0,0,0,0,0,0,0,0,0,0,0,0,0,0,0,0,0,0,0,0,0,0,0,0,0,0,0,0,0,0,0,0,0,0,0,0,0,0,0,0,0,0,0,0,0,0,0,0,0,0,0,0,0,0,0,0,0,1,2.17152809122224
Granite County Sheriff's Office,1992-10-01,Montana,2627,MT02000,0,2,0,0,0,0,2,0,0,0,0,0,0,0,0,0,0,0,6,0,0,6,0,0,0,2,2,0,0,0,2,0,0,0,0,0,0,0,0,0,0,0,0,0,0,0,0,0,0,0,0,0,0,0,0,0,0,0,0,0,0,0,0,0,0,0,0,0,0,0,0,0,0,0,0,0,0,0,0,0,0,0,0,0,0,0,0,0,0,0,0,1,2.17152809122224
Granite County Sheriff's Office,1992-11-01,Montana,2627,MT02000,0,0,0,0,0,0,0,0,0,0,0,0,0,0,0,0,0,0,3,0,0,3,0,0,0,1,1,0,0,0,1,0,0,0,0,0,0,0,0,0,0,0,0,0,0,0,0,0,0,0,0,0,0,0,0,0,0,0,0,0,0,0,0,0,0,0,0,0,0,0,0,0,0,0,0,0,0,0,0,0,0,0,0,0,0,0,0,0,0,0,0,1,2.17152809122224
Granite County Sheriff's Office,1992-12-01,Montana,2627,MT02000,0,0,0,0,0,0,0,1,0,0,0,0,0,0,0,0,0,0,2,0,0,2,0,0,0,1,1,0,0,0,0,0,0,0,0,0,0,0,0,0,0,0,0,0,0,0,0,0,0,0,0,0,0,0,0,0,0,0,0,0,0,0,0,0,0,0,0,0,0,0,0,0,0,0,0,0,0,0,0,0,0,0,0,0,0,0,0,0,0,0,0,1,2.17152809122224
Granite County Sheriff's Office,1993-01-01,Montana,2583,MT02000,0,0,0,0,0,0,0,0,0,0,0,0,0,0,0,0,0,0,0,0,0,0,0,0,0,0,0,0,0,0,0,0,0,0,0,0,0,0,0,0,0,0,0,0,0,0,0,0,0,0,0,0,0,0,0,0,0,0,0,0,0,0,0,0,0,0,0,0,0,0,0,0,0,0,0,0,0,0,0,0,0,0,0,0,0,0,0,0,0,0,0,1,2.10926968560715
Granite County Sheriff's Office,1993-02-01,Montana,2583,MT02000,0,2,0,0,0,0,2,0,0,0,0,0,0,0,0,0,0,0,2,0,0,2,0,0,0,1,0,0,0,0,1,0,0,0,0,0,0,0,0,0,0,0,0,0,0,0,0,0,0,0,0,0,0,0,0,0,0,0,0,0,0,0,0,0,0,0,0,0,0,0,0,0,0,0,0,0,0,0,0,0,0,0,0,0,0,0,0,0,0,0,0,1,2.10926968560715
Granite County Sheriff's Office,1993-03-01,Montana,2583,MT02000,0,1,0,0,1,0,2,1,0,0,0,0,0,0,0,0,0,0,3,0,0,3,0,0,0,1,1,0,0,0,1,0,0,0,0,0,0,0,0,0,0,0,0,0,0,0,0,0,0,0,0,0,0,0,0,0,0,0,0,0,0,0,0,0,0,0,0,0,0,0,0,0,0,0,0,0,0,0,0,0,0,0,0,0,0,0,0,0,0,0,0,1,2.10926968560715
Granite County Sheriff's Office,1993-04-01,Montana,2583,MT02000,0,4,0,0,0,0,4,0,0,0,0,0,0,0,0,0,0,0,4,0,0,4,0,0,2,1,0,0,0,0,1,0,0,0,0,0,0,0,0,0,0,0,0,0,0,0,0,0,0,0,0,0,0,0,0,0,0,0,0,0,0,0,0,0,0,0,0,0,0,0,0,0,0,0,0,0,0,0,0,0,0,0,0,0,0,0,0,0,0,0,0,1,2.10926968560715
Granite County Sheriff's Office,1993-05-01,Montana,2583,MT02000,0,0,0,0,0,0,0,0,0,0,0,0,0,1,0,0,0,1,6,0,0,6,0,0,0,0,2,0,1,0,3,0,0,0,0,0,0,0,0,0,0,0,0,0,0,0,0,0,0,0,0,0,0,0,0,0,0,0,0,0,0,0,0,0,0,0,0,0,0,0,0,0,0,0,0,0,0,0,0,0,0,0,0,0,0,0,0,0,0,0,0,1,2.10926968560715
Granite County Sheriff's Office,1993-06-01,Montana,2583,MT02000,0,0,0,0,0,0,0,0,0,0,0,0,0,0,0,0,0,0,8,0,0,8,0,0,0,1,2,0,1,0,4,0,0,0,0,0,0,0,0,0,0,0,0,0,0,0,0,0,0,0,0,0,0,0,0,0,0,0,0,0,0,0,0,0,0,0,0,0,0,0,0,0,0,0,0,0,0,0,0,0,0,0,0,0,0,0,0,0,0,0,0,1,2.10926968560715
Granite County Sheriff's Office,1993-07-01,Montana,2583,MT02000,0,3,0,0,0,0,3,2,0,0,0,0,0,0,0,0,0,0,4,0,0,4,0,0,0,2,1,0,0,0,1,0,0,0,0,0,0,0,0,0,0,0,0,0,0,0,0,0,0,0,0,0,0,0,0,0,0,0,0,0,0,0,0,0,0,0,0,0,0,0,0,0,0,0,0,0,0,0,0,0,0,0,0,0,0,0,0,0,0,0,0,1,2.10926968560715
Granite County Sheriff's Office,1993-08-01,Montana,2583,MT02000,0,5,0,0,0,0,5,1,0,0,0,0,0,0,0,0,0,0,9,0,0,9,0,0,0,1,1,0,0,0,7,0,0,0,0,0,0,0,0,0,0,0,0,0,0,0,0,0,0,0,0,0,0,0,0,0,0,0,0,0,0,0,0,0,0,0,0,0,0,0,0,0,0,0,0,0,0,0,0,0,0,0,0,0,0,0,0,0,0,0,0,1,2.10926968560715
Granite County Sheriff's Office,1993-09-01,Montana,2583,MT02000,0,0,0,0,0,0,0,0,0,0,0,0,0,0,0,0,0,0,1,0,0,1,0,0,0,0,1,0,0,0,0,0,0,0,0,0,0,0,0,0,0,0,0,0,0,0,0,0,0,0,0,0,0,0,0,0,0,0,0,0,0,0,0,0,0,0,0,0,0,0,0,0,0,0,0,0,0,0,0,0,0,0,0,0,0,0,0,0,0,0,0,1,2.10926968560715
Granite County Sheriff's Office,1993-10-01,Montana,2583,MT02000,0,2,0,0,1,0,3,2,0,0,0,0,0,0,0,0,0,0,2,0,0,2,0,0,0,2,0,0,0,0,0,0,0,0,0,0,0,0,0,0,0,0,0,0,0,0,0,0,0,0,0,0,0,0,0,0,0,0,0,0,0,0,0,0,0,0,0,0,0,0,0,0,0,0,0,0,0,0,0,0,0,0,0,0,0,0,0,0,0,0,0,1,2.10926968560715
Granite County Sheriff's Office,1993-11-01,Montana,2583,MT02000,0,0,0,0,0,0,0,0,0,0,0,0,0,0,0,0,0,0,1,0,0,1,0,0,0,0,0,0,0,0,1,0,0,0,0,0,0,0,0,0,0,0,0,0,0,0,0,0,0,0,0,0,0,0,0,0,0,0,0,0,0,0,0,0,0,0,0,0,0,0,0,0,0,0,0,0,0,0,0,0,0,0,0,0,0,0,0,0,0,0,0,1,2.10926968560715
Granite County Sheriff's Office,1993-12-01,Montana,2583,MT02000,0,2,0,0,0,0,2,0,0,0,0,0,0,0,0,0,0,0,2,0,0,2,0,0,0,1,0,0,0,0,1,0,0,0,0,0,0,0,0,0,0,0,0,0,0,0,0,0,0,0,0,0,0,0,0,0,0,0,0,0,0,0,0,0,0,0,0,0,0,0,0,0,0,0,0,0,0,0,0,0,0,0,0,0,0,0,0,0,0,0,0,1,2.10926968560715
Granite County Sheriff's Office,1994-01-01,Montana,2635,MT02000,0,0,0,0,0,0,0,0,0,0,0,0,0,0,0,0,0,0,0,0,0,0,0,0,0,0,0,0,0,0,0,0,0,0,0,0,0,0,0,0,0,0,0,0,0,0,0,0,0,0,0,0,0,0,0,0,0,0,0,0,0,0,0,0,0,0,0,0,0,0,0,0,0,0,0,0,0,0,0,0,0,0,0,0,0,0,0,0,0,0,0,1,2.05566930904593
Granite County Sheriff's Office,1994-02-01,Montana,2635,MT02000,0,0,0,0,0,0,0,0,0,0,0,0,0,0,0,0,0,0,0,0,0,0,0,0,0,0,0,0,0,0,0,0,0,0,0,0,0,0,0,0,0,0,0,0,0,0,0,0,0,0,0,0,0,0,0,0,0,0,0,0,0,0,0,0,0,0,0,0,0,0,0,0,0,0,0,0,0,0,0,0,0,0,0,0,0,0,0,0,0,0,0,1,2.05566930904593
Granite County Sheriff's Office,1994-03-01,Montana,2635,MT02000,0,0,0,0,0,0,0,0,0,0,0,0,0,0,0,0,0,0,0,0,0,0,0,0,0,0,0,0,0,0,0,0,0,0,0,0,0,0,0,0,0,0,0,0,0,0,0,0,0,0,0,0,0,0,0,0,0,0,0,0,0,0,0,0,0,0,0,0,0,0,0,0,0,0,0,0,0,0,0,0,0,0,0,0,0,0,0,0,0,0,0,1,2.05566930904593
Granite County Sheriff's Office,1994-04-01,Montana,2635,MT02000,0,0,0,0,0,0,0,0,0,0,0,0,0,0,0,0,0,0,0,0,0,0,0,0,0,0,0,0,0,0,0,0,0,0,0,0,0,0,0,0,0,0,0,0,0,0,0,0,0,0,0,0,0,0,0,0,0,0,0,0,0,0,0,0,0,0,0,0,0,0,0,0,0,0,0,0,0,0,0,0,0,0,0,0,0,0,0,0,0,0,0,1,2.05566930904593
Granite County Sheriff's Office,1994-05-01,Montana,2635,MT02000,0,0,0,0,0,0,0,0,0,0,0,0,0,0,0,0,0,0,0,0,0,0,0,0,0,0,0,0,0,0,0,0,0,0,0,0,0,0,0,0,0,0,0,0,0,0,0,0,0,0,0,0,0,0,0,0,0,0,0,0,0,0,0,0,0,0,0,0,0,0,0,0,0,0,0,0,0,0,0,0,0,0,0,0,0,0,0,0,0,0,0,1,2.05566930904593
Granite County Sheriff's Office,1994-06-01,Montana,2635,MT02000,0,0,0,0,0,0,0,0,0,0,0,0,0,0,0,0,0,0,0,0,0,0,0,0,0,0,0,0,0,0,0,0,0,0,0,0,0,0,0,0,0,0,0,0,0,0,0,0,0,0,0,0,0,0,0,0,0,0,0,0,0,0,0,0,0,0,0,0,0,0,0,0,0,0,0,0,0,0,0,0,0,0,0,0,0,0,0,0,0,0,0,1,2.05566930904593
Granite County Sheriff's Office,1994-07-01,Montana,2635,MT02000,0,0,0,0,0,0,0,0,0,0,0,0,0,0,0,0,0,0,0,0,0,0,0,0,0,0,0,0,0,0,0,0,0,0,0,0,0,0,0,0,0,0,0,0,0,0,0,0,0,0,0,0,0,0,0,0,0,0,0,0,0,0,0,0,0,0,0,0,0,0,0,0,0,0,0,0,0,0,0,0,0,0,0,0,0,0,0,0,0,0,0,1,2.05566930904593
Granite County Sheriff's Office,1994-08-01,Montana,2635,MT02000,0,0,0,0,0,0,0,0,0,0,0,0,0,0,0,0,0,0,0,0,0,0,0,0,0,0,0,0,0,0,0,0,0,0,0,0,0,0,0,0,0,0,0,0,0,0,0,0,0,0,0,0,0,0,0,0,0,0,0,0,0,0,0,0,0,0,0,0,0,0,0,0,0,0,0,0,0,0,0,0,0,0,0,0,0,0,0,0,0,0,0,1,2.05566930904593
Granite County Sheriff's Office,1994-09-01,Montana,2635,MT02000,0,0,0,0,0,0,0,0,0,0,0,0,0,0,0,0,0,0,0,0,0,0,0,0,0,0,0,0,0,0,0,0,0,0,0,0,0,0,0,0,0,0,0,0,0,0,0,0,0,0,0,0,0,0,0,0,0,0,0,0,0,0,0,0,0,0,0,0,0,0,0,0,0,0,0,0,0,0,0,0,0,0,0,0,0,0,0,0,0,0,0,1,2.05566930904593
Granite County Sheriff's Office,1994-10-01,Montana,2635,MT02000,0,0,0,0,0,0,0,0,0,0,0,0,0,0,0,0,0,0,0,0,0,0,0,0,0,0,0,0,0,0,0,0,0,0,0,0,0,0,0,0,0,0,0,0,0,0,0,0,0,0,0,0,0,0,0,0,0,0,0,0,0,0,0,0,0,0,0,0,0,0,0,0,0,0,0,0,0,0,0,0,0,0,0,0,0,0,0,0,0,0,0,1,2.05566930904593
Granite County Sheriff's Office,1994-11-01,Montana,2635,MT02000,0,0,0,0,0,0,0,0,0,0,0,0,0,0,0,0,0,0,0,0,0,0,0,0,0,0,0,0,0,0,0,0,0,0,0,0,0,0,0,0,0,0,0,0,0,0,0,0,0,0,0,0,0,0,0,0,0,0,0,0,0,0,0,0,0,0,0,0,0,0,0,0,0,0,0,0,0,0,0,0,0,0,0,0,0,0,0,0,0,0,0,1,2.05566930904593
Granite County Sheriff's Office,1994-12-01,Montana,2635,MT02000,0,0,0,0,0,0,0,0,0,0,0,0,0,0,0,0,0,0,0,0,0,0,0,0,0,0,0,0,0,0,0,0,0,0,0,0,0,0,0,0,0,0,0,0,0,0,0,0,0,0,0,0,0,0,0,0,0,0,0,0,0,0,0,0,0,0,0,0,0,0,0,0,0,0,0,0,0,0,0,0,0,0,0,0,0,0,0,0,0,0,0,1,2.05566930904593
Granite County Sheriff's Office,1995-01-01,Montana,2698,MT02000,0,0,0,0,0,0,0,0,0,0,0,0,0,0,0,0,0,0,0,0,0,0,0,0,0,0,0,0,0,0,0,0,0,0,0,0,0,0,0,0,0,0,0,0,0,0,0,0,0,0,0,0,0,0,0,0,0,0,0,0,0,0,0,0,0,0,0,0,0,0,0,0,0,0,0,0,0,0,0,0,0,0,0,0,0,0,0,0,0,0,0,1,1.99957289729848
Granite County Sheriff's Office,1995-02-01,Montana,2698,MT02000,0,0,0,0,0,0,0,0,0,0,0,0,0,0,0,0,0,0,0,0,0,0,0,0,0,0,0,0,0,0,0,0,0,0,0,0,0,0,0,0,0,0,0,0,0,0,0,0,0,0,0,0,0,0,0,0,0,0,0,0,0,0,0,0,0,0,0,0,0,0,0,0,0,0,0,0,0,0,0,0,0,0,0,0,0,0,0,0,0,0,0,1,1.99957289729848
Granite County Sheriff's Office,1995-03-01,Montana,2698,MT02000,0,0,0,0,0,0,0,0,0,0,0,0,0,0,0,0,0,0,0,0,0,0,0,0,0,0,0,0,0,0,0,0,0,0,0,0,0,0,0,0,0,0,0,0,0,0,0,0,0,0,0,0,0,0,0,0,0,0,0,0,0,0,0,0,0,0,0,0,0,0,0,0,0,0,0,0,0,0,0,0,0,0,0,0,0,0,0,0,0,0,0,1,1.99957289729848
Granite County Sheriff's Office,1995-04-01,Montana,2698,MT02000,0,0,0,0,0,0,0,0,0,0,0,0,0,0,0,0,0,0,0,0,0,0,0,0,0,0,0,0,0,0,0,0,0,0,0,0,0,0,0,0,0,0,0,0,0,0,0,0,0,0,0,0,0,0,0,0,0,0,0,0,0,0,0,0,0,0,0,0,0,0,0,0,0,0,0,0,0,0,0,0,0,0,0,0,0,0,0,0,0,0,0,1,1.99957289729848
Granite County Sheriff's Office,1995-05-01,Montana,2698,MT02000,0,0,0,0,0,0,0,0,0,0,0,0,0,0,0,0,0,0,0,0,0,0,0,0,0,0,0,0,0,0,0,0,0,0,0,0,0,0,0,0,0,0,0,0,0,0,0,0,0,0,0,0,0,0,0,0,0,0,0,0,0,0,0,0,0,0,0,0,0,0,0,0,0,0,0,0,0,0,0,0,0,0,0,0,0,0,0,0,0,0,0,1,1.99957289729848
Granite County Sheriff's Office,1995-06-01,Montana,2698,MT02000,0,0,0,0,0,0,0,0,0,0,0,0,0,0,0,0,0,0,0,0,0,0,0,0,0,0,0,0,0,0,0,0,0,0,0,0,0,0,0,0,0,0,0,0,0,0,0,0,0,0,0,0,0,0,0,0,0,0,0,0,0,0,0,0,0,0,0,0,0,0,0,0,0,0,0,0,0,0,0,0,0,0,0,0,0,0,0,0,0,0,0,1,1.99957289729848
Granite County Sheriff's Office,1995-07-01,Montana,2698,MT02000,0,0,0,0,0,0,0,0,0,0,0,0,0,0,0,0,0,0,0,0,0,0,0,0,0,0,0,0,0,0,0,0,0,0,0,0,0,0,0,0,0,0,0,0,0,0,0,0,0,0,0,0,0,0,0,0,0,0,0,0,0,0,0,0,0,0,0,0,0,0,0,0,0,0,0,0,0,0,0,0,0,0,0,0,0,0,0,0,0,0,0,1,1.99957289729848
Granite County Sheriff's Office,1995-08-01,Montana,2698,MT02000,0,0,0,0,0,0,0,0,0,0,0,0,0,0,0,0,0,0,0,0,0,0,0,0,0,0,0,0,0,0,0,0,0,0,0,0,0,0,0,0,0,0,0,0,0,0,0,0,0,0,0,0,0,0,0,0,0,0,0,0,0,0,0,0,0,0,0,0,0,0,0,0,0,0,0,0,0,0,0,0,0,0,0,0,0,0,0,0,0,0,0,1,1.99957289729848
Granite County Sheriff's Office,1995-09-01,Montana,2698,MT02000,0,0,0,0,0,0,0,0,0,0,0,0,0,0,0,0,0,0,0,0,0,0,0,0,0,0,0,0,0,0,0,0,0,0,0,0,0,0,0,0,0,0,0,0,0,0,0,0,0,0,0,0,0,0,0,0,0,0,0,0,0,0,0,0,0,0,0,0,0,0,0,0,0,0,0,0,0,0,0,0,0,0,0,0,0,0,0,0,0,0,0,1,1.99957289729848
Granite County Sheriff's Office,1995-10-01,Montana,2698,MT02000,0,0,0,0,0,0,0,0,0,0,0,0,0,0,0,0,0,0,0,0,0,0,0,0,0,0,0,0,0,0,0,0,0,0,0,0,0,0,0,0,0,0,0,0,0,0,0,0,0,0,0,0,0,0,0,0,0,0,0,0,0,0,0,0,0,0,0,0,0,0,0,0,0,0,0,0,0,0,0,0,0,0,0,0,0,0,0,0,0,0,0,1,1.99957289729848
Granite County Sheriff's Office,1995-11-01,Montana,2698,MT02000,0,0,0,0,0,0,0,0,0,0,0,0,0,0,0,0,0,0,0,0,0,0,0,0,0,0,0,0,0,0,0,0,0,0,0,0,0,0,0,0,0,0,0,0,0,0,0,0,0,0,0,0,0,0,0,0,0,0,0,0,0,0,0,0,0,0,0,0,0,0,0,0,0,0,0,0,0,0,0,0,0,0,0,0,0,0,0,0,0,0,0,1,1.99957289729848
Granite County Sheriff's Office,1995-12-01,Montana,2698,MT02000,0,0,0,0,0,0,0,0,0,0,0,0,0,0,0,0,0,0,0,0,0,0,0,0,0,0,0,0,0,0,0,0,0,0,0,0,0,0,0,0,0,0,0,0,0,0,0,0,0,0,0,0,0,0,0,0,0,0,0,0,0,0,0,0,0,0,0,0,0,0,0,0,0,0,0,0,0,0,0,0,0,0,0,0,0,0,0,0,0,0,0,1,1.99957289729848
Granite County Sheriff's Office,1996-01-01,Montana,2725,MT02000,0,0,0,0,0,0,0,0,0,0,0,0,0,0,0,0,0,0,0,0,0,0,0,0,0,0,0,0,0,0,0,0,0,0,0,0,0,0,0,0,0,0,0,0,0,0,0,0,0,0,0,0,0,0,0,0,0,0,0,0,0,0,0,0,0,0,0,0,0,0,0,0,0,0,0,0,0,0,0,0,0,0,0,0,0,0,0,0,0,0,0,1,1.94263043247264
Granite County Sheriff's Office,1996-02-01,Montana,2725,MT02000,0,0,0,0,0,0,0,0,0,0,0,0,0,0,0,0,0,0,0,0,0,0,0,0,0,0,0,0,0,0,0,0,0,0,0,0,0,0,0,0,0,0,0,0,0,0,0,0,0,0,0,0,0,0,0,0,0,0,0,0,0,0,0,0,0,0,0,0,0,0,0,0,0,0,0,0,0,0,0,0,0,0,0,0,0,0,0,0,0,0,0,1,1.94263043247264
Granite County Sheriff's Office,1996-03-01,Montana,2725,MT02000,0,0,0,0,0,0,0,0,0,0,0,0,0,0,0,0,0,0,0,0,0,0,0,0,0,0,0,0,0,0,0,0,0,0,0,0,0,0,0,0,0,0,0,0,0,0,0,0,0,0,0,0,0,0,0,0,0,0,0,0,0,0,0,0,0,0,0,0,0,0,0,0,0,0,0,0,0,0,0,0,0,0,0,0,0,0,0,0,0,0,0,1,1.94263043247264
Granite County Sheriff's Office,1996-04-01,Montana,2725,MT02000,0,0,0,0,0,0,0,0,0,0,0,0,0,0,0,0,0,0,0,0,0,0,0,0,0,0,0,0,0,0,0,0,0,0,0,0,0,0,0,0,0,0,0,0,0,0,0,0,0,0,0,0,0,0,0,0,0,0,0,0,0,0,0,0,0,0,0,0,0,0,0,0,0,0,0,0,0,0,0,0,0,0,0,0,0,0,0,0,0,0,0,1,1.94263043247264
Granite County Sheriff's Office,1996-05-01,Montana,2725,MT02000,0,0,0,0,0,0,0,0,0,0,0,0,0,0,0,0,0,0,0,0,0,0,0,0,0,0,0,0,0,0,0,0,0,0,0,0,0,0,0,0,0,0,0,0,0,0,0,0,0,0,0,0,0,0,0,0,0,0,0,0,0,0,0,0,0,0,0,0,0,0,0,0,0,0,0,0,0,0,0,0,0,0,0,0,0,0,0,0,0,0,0,1,1.94263043247264
Granite County Sheriff's Office,1996-06-01,Montana,2725,MT02000,0,0,0,0,0,0,0,0,0,0,0,0,0,0,0,0,0,0,0,0,0,0,0,0,0,0,0,0,0,0,0,0,0,0,0,0,0,0,0,0,0,0,0,0,0,0,0,0,0,0,0,0,0,0,0,0,0,0,0,0,0,0,0,0,0,0,0,0,0,0,0,0,0,0,0,0,0,0,0,0,0,0,0,0,0,0,0,0,0,0,0,1,1.94263043247264
Granite County Sheriff's Office,1996-07-01,Montana,2725,MT02000,0,0,0,0,0,0,0,0,0,0,0,0,0,0,0,0,0,0,0,0,0,0,0,0,0,0,0,0,0,0,0,0,0,0,0,0,0,0,0,0,0,0,0,0,0,0,0,0,0,0,0,0,0,0,0,0,0,0,0,0,0,0,0,0,0,0,0,0,0,0,0,0,0,0,0,0,0,0,0,0,0,0,0,0,0,0,0,0,0,0,0,1,1.94263043247264
Granite County Sheriff's Office,1996-08-01,Montana,2725,MT02000,0,0,0,0,0,0,0,0,0,0,0,0,0,0,0,0,0,0,0,0,0,0,0,0,0,0,0,0,0,0,0,0,0,0,0,0,0,0,0,0,0,0,0,0,0,0,0,0,0,0,0,0,0,0,0,0,0,0,0,0,0,0,0,0,0,0,0,0,0,0,0,0,0,0,0,0,0,0,0,0,0,0,0,0,0,0,0,0,0,0,0,1,1.94263043247264
Granite County Sheriff's Office,1996-09-01,Montana,2725,MT02000,0,0,0,0,0,0,0,0,0,0,0,0,0,0,0,0,0,0,0,0,0,0,0,0,0,0,0,0,0,0,0,0,0,0,0,0,0,0,0,0,0,0,0,0,0,0,0,0,0,0,0,0,0,0,0,0,0,0,0,0,0,0,0,0,0,0,0,0,0,0,0,0,0,0,0,0,0,0,0,0,0,0,0,0,0,0,0,0,0,0,0,1,1.94263043247264
Granite County Sheriff's Office,1996-10-01,Montana,2725,MT02000,0,0,0,0,0,0,0,0,0,0,0,0,0,0,0,0,0,0,0,0,0,0,0,0,0,0,0,0,0,0,0,0,0,0,0,0,0,0,0,0,0,0,0,0,0,0,0,0,0,0,0,0,0,0,0,0,0,0,0,0,0,0,0,0,0,0,0,0,0,0,0,0,0,0,0,0,0,0,0,0,0,0,0,0,0,0,0,0,0,0,0,1,1.94263043247264
Granite County Sheriff's Office,1996-11-01,Montana,2725,MT02000,0,0,0,0,0,0,0,0,0,0,0,0,0,0,0,0,0,0,0,0,0,0,0,0,0,0,0,0,0,0,0,0,0,0,0,0,0,0,0,0,0,0,0,0,0,0,0,0,0,0,0,0,0,0,0,0,0,0,0,0,0,0,0,0,0,0,0,0,0,0,0,0,0,0,0,0,0,0,0,0,0,0,0,0,0,0,0,0,0,0,0,1,1.94263043247264
Granite County Sheriff's Office,1996-12-01,Montana,2725,MT02000,0,0,0,0,0,0,0,0,0,0,0,0,0,0,0,0,0,0,0,0,0,0,0,0,0,0,0,0,0,0,0,0,0,0,0,0,0,0,0,0,0,0,0,0,0,0,0,0,0,0,0,0,0,0,0,0,0,0,0,0,0,0,0,0,0,0,0,0,0,0,0,0,0,0,0,0,0,0,0,0,0,0,0,0,0,0,0,0,0,0,0,1,1.94263043247264
Granite County Sheriff's Office,1997-01-01,Montana,2725,MT02000,0,1,0,0,0,0,1,0,0,0,0,0,0,0,0,0,0,0,3,0,0,3,0,0,0,0,2,0,0,1,0,0,0,0,0,0,0,0,0,0,0,0,0,0,0,0,0,0,0,0,0,0,0,0,0,0,0,0,0,0,0,0,0,0,0,0,0,0,0,0,0,0,0,0,0,0,0,0,0,0,0,0,0,0,0,0,0,0,0,0,0,1,1.89825511369536
Granite County Sheriff's Office,1997-02-01,Montana,2725,MT02000,0,1,0,0,0,0,1,0,0,0,0,0,0,0,0,0,0,0,2,0,0,2,0,0,0,2,0,0,0,0,0,0,0,0,0,0,0,0,0,0,0,0,0,0,0,0,0,0,0,0,0,0,0,0,0,0,0,0,0,0,0,0,0,0,0,0,0,0,0,0,0,0,0,0,0,0,0,0,0,0,0,0,0,0,0,0,0,0,0,0,0,1,1.89825511369536
Granite County Sheriff's Office,1997-03-01,Montana,2725,MT02000,0,1,0,0,0,0,1,0,0,0,0,0,0,0,0,0,0,0,2,0,0,2,0,0,0,1,1,0,0,0,0,0,0,0,0,0,0,0,0,0,0,0,0,0,0,0,0,0,0,0,0,0,0,0,0,0,0,0,0,0,0,0,0,0,0,0,0,0,0,0,0,0,0,0,0,0,0,0,0,0,0,0,0,0,0,0,0,0,0,0,0,1,1.89825511369536
Granite County Sheriff's Office,1997-04-01,Montana,2725,MT02000,0,3,0,0,1,0,4,0,0,0,0,0,0,0,0,0,0,0,2,0,0,2,0,0,0,1,1,0,0,0,0,0,0,0,0,0,0,0,0,0,0,0,0,0,0,0,0,0,0,0,0,0,0,0,0,0,0,0,0,0,0,0,0,0,0,0,0,0,0,0,0,0,0,0,0,0,0,0,0,0,0,0,0,0,0,0,0,0,0,0,0,1,1.89825511369536
Granite County Sheriff's Office,1997-05-01,Montana,2725,MT02000,0,2,0,0,0,0,2,1,0,0,0,0,0,0,0,0,0,0,0,0,0,0,0,0,0,0,0,0,0,0,0,0,0,0,0,0,0,0,0,0,0,0,0,0,0,0,0,0,0,0,0,0,0,0,0,0,0,0,0,0,0,0,0,0,0,0,0,0,0,0,0,0,0,0,0,0,0,0,0,0,0,0,0,0,0,0,0,0,0,0,0,1,1.89825511369536
Granite County Sheriff's Office,1997-06-01,Montana,2725,MT02000,0,1,0,0,0,0,1,0,0,0,0,0,0,0,0,0,0,0,6,0,0,6,0,0,0,0,4,0,0,0,2,0,0,0,0,0,0,0,0,0,0,0,0,0,0,0,0,0,0,0,0,0,0,0,0,0,0,0,0,0,0,0,0,0,0,0,0,0,0,0,0,0,0,0,0,0,0,0,0,0,0,0,0,0,0,0,0,0,0,0,0,1,1.89825511369536
Granite County Sheriff's Office,1997-07-01,Montana,2725,MT02000,0,2,0,0,0,0,2,5,0,0,0,0,0,0,0,0,0,0,6,0,0,6,0,0,0,2,1,0,1,0,2,0,0,0,0,0,0,0,0,0,0,0,0,0,0,0,0,0,0,0,0,0,0,0,0,0,0,0,0,0,0,0,0,0,0,0,0,0,0,0,0,0,0,0,0,0,0,0,0,0,0,0,0,0,0,0,0,0,0,0,0,1,1.89825511369536
Granite County Sheriff's Office,1997-08-01,Montana,2725,MT02000,0,5,0,0,0,0,5,1,0,0,0,0,0,0,0,0,0,0,6,0,0,6,0,0,0,2,0,0,0,0,4,0,0,0,0,0,0,0,0,0,0,0,0,0,0,0,0,0,0,0,0,0,0,0,0,0,0,0,0,0,0,0,0,0,0,0,0,0,0,0,0,0,0,0,0,0,0,0,0,0,0,0,0,0,0,0,0,0,0,0,0,1,1.89825511369536
Granite County Sheriff's Office,1997-09-01,Montana,2725,MT02000,0,1,0,0,0,0,1,0,0,0,0,0,0,0,0,0,0,0,4,0,0,4,0,0,0,1,2,0,0,0,1,0,0,0,0,0,0,0,0,0,0,0,0,0,0,0,0,0,0,0,0,0,0,0,0,0,0,0,0,0,0,0,0,0,0,0,0,0,0,0,0,0,0,0,0,0,0,0,0,0,0,0,0,0,0,0,0,0,0,0,0,1,1.89825511369536
Granite County Sheriff's Office,1997-10-01,Montana,2725,MT02000,0,2,0,0,1,0,3,0,0,0,0,0,0,0,0,0,0,0,6,0,0,6,0,0,0,1,0,0,0,0,5,0,0,0,0,0,0,0,0,0,0,0,0,0,0,0,0,0,0,0,0,0,0,0,0,0,0,0,0,0,0,0,0,0,0,0,0,0,0,0,0,0,0,0,0,0,0,0,0,0,0,0,0,0,0,0,0,0,0,0,0,1,1.89825511369536
Granite County Sheriff's Office,1997-11-01,Montana,2725,MT02000,0,0,0,0,0,0,0,2,0,0,0,0,0,0,0,0,0,0,1,0,0,1,0,0,0,1,0,0,0,0,0,0,0,0,0,0,0,0,0,0,0,0,0,0,0,0,0,0,0,0,0,0,0,0,0,0,0,0,0,0,0,0,0,0,0,0,0,0,0,0,0,0,0,0,0,0,0,0,0,0,0,0,0,0,0,0,0,0,0,0,0,1,1.89825511369536
Granite County Sheriff's Office,1997-12-01,Montana,2725,MT02000,0,0,0,0,0,0,0,1,0,0,0,0,0,0,0,0,0,0,2,0,0,2,0,0,0,1,1,0,0,0,0,0,0,0,0,0,0,0,0,0,0,0,0,0,0,0,0,0,0,0,0,0,0,0,0,0,0,0,0,0,0,0,0,0,0,0,0,0,0,0,0,0,0,0,0,0,0,0,0,0,0,0,0,0,0,0,0,0,0,0,0,1,1.89825511369536
Granite County Sheriff's Office,1998-01-01,Montana,2635,MT02000,0,0,0,0,0,0,0,0,0,0,0,0,0,0,0,0,0,0,0,0,0,0,0,0,0,0,0,0,0,0,0,0,0,0,0,0,0,0,0,0,0,0,0,0,0,0,0,0,0,0,0,0,0,0,0,0,0,0,0,0,0,0,0,0,0,0,0,0,0,0,0,0,0,0,0,0,0,0,0,0,0,0,0,0,0,0,0,0,0,0,0,1,1.86923930269414
Granite County Sheriff's Office,1998-02-01,Montana,2635,MT02000,0,0,0,0,0,0,0,0,0,0,0,0,0,0,0,0,0,0,0,0,0,0,0,0,0,0,0,0,0,0,0,0,0,0,0,0,0,0,0,0,0,0,0,0,0,0,0,0,0,0,0,0,0,0,0,0,0,0,0,0,0,0,0,0,0,0,0,0,0,0,0,0,0,0,0,0,0,0,0,0,0,0,0,0,0,0,0,0,0,0,0,1,1.86923930269414
Granite County Sheriff's Office,1998-03-01,Montana,2635,MT02000,0,0,0,0,0,0,0,0,0,0,0,0,0,0,0,0,0,0,0,0,0,0,0,0,0,0,0,0,0,0,0,0,0,0,0,0,0,0,0,0,0,0,0,0,0,0,0,0,0,0,0,0,0,0,0,0,0,0,0,0,0,0,0,0,0,0,0,0,0,0,0,0,0,0,0,0,0,0,0,0,0,0,0,0,0,0,0,0,0,0,0,1,1.86923930269414
Granite County Sheriff's Office,1998-04-01,Montana,2635,MT02000,0,0,0,0,0,0,0,0,0,0,0,0,0,0,0,0,0,0,0,0,0,0,0,0,0,0,0,0,0,0,0,0,0,0,0,0,0,0,0,0,0,0,0,0,0,0,0,0,0,0,0,0,0,0,0,0,0,0,0,0,0,0,0,0,0,0,0,0,0,0,0,0,0,0,0,0,0,0,0,0,0,0,0,0,0,0,0,0,0,0,0,1,1.86923930269414
Granite County Sheriff's Office,1998-05-01,Montana,2635,MT02000,0,0,0,0,0,0,0,0,0,0,0,0,0,0,0,0,0,0,0,0,0,0,0,0,0,0,0,0,0,0,0,0,0,0,0,0,0,0,0,0,0,0,0,0,0,0,0,0,0,0,0,0,0,0,0,0,0,0,0,0,0,0,0,0,0,0,0,0,0,0,0,0,0,0,0,0,0,0,0,0,0,0,0,0,0,0,0,0,0,0,0,1,1.86923930269414
Granite County Sheriff's Office,1998-06-01,Montana,2635,MT02000,0,0,0,0,0,0,0,0,0,0,0,0,0,0,0,0,0,0,0,0,0,0,0,0,0,0,0,0,0,0,0,0,0,0,0,0,0,0,0,0,0,0,0,0,0,0,0,0,0,0,0,0,0,0,0,0,0,0,0,0,0,0,0,0,0,0,0,0,0,0,0,0,0,0,0,0,0,0,0,0,0,0,0,0,0,0,0,0,0,0,0,1,1.86923930269414
Granite County Sheriff's Office,1998-07-01,Montana,2635,MT02000,0,0,0,0,0,0,0,0,0,0,0,0,0,0,0,0,0,0,0,0,0,0,0,0,0,0,0,0,0,0,0,0,0,0,0,0,0,0,0,0,0,0,0,0,0,0,0,0,0,0,0,0,0,0,0,0,0,0,0,0,0,0,0,0,0,0,0,0,0,0,0,0,0,0,0,0,0,0,0,0,0,0,0,0,0,0,0,0,0,0,0,1,1.86923930269414
Granite County Sheriff's Office,1998-08-01,Montana,2635,MT02000,0,0,0,0,0,0,0,0,0,0,0,0,0,0,0,0,0,0,0,0,0,0,0,0,0,0,0,0,0,0,0,0,0,0,0,0,0,0,0,0,0,0,0,0,0,0,0,0,0,0,0,0,0,0,0,0,0,0,0,0,0,0,0,0,0,0,0,0,0,0,0,0,0,0,0,0,0,0,0,0,0,0,0,0,0,0,0,0,0,0,0,1,1.86923930269414
Granite County Sheriff's Office,1998-09-01,Montana,2635,MT02000,0,0,0,0,0,0,0,0,0,0,0,0,0,0,0,0,0,0,0,0,0,0,0,0,0,0,0,0,0,0,0,0,0,0,0,0,0,0,0,0,0,0,0,0,0,0,0,0,0,0,0,0,0,0,0,0,0,0,0,0,0,0,0,0,0,0,0,0,0,0,0,0,0,0,0,0,0,0,0,0,0,0,0,0,0,0,0,0,0,0,0,1,1.86923930269414
Granite County Sheriff's Office,1998-10-01,Montana,2635,MT02000,0,0,0,0,0,0,0,0,0,0,0,0,0,0,0,0,0,0,0,0,0,0,0,0,0,0,0,0,0,0,0,0,0,0,0,0,0,0,0,0,0,0,0,0,0,0,0,0,0,0,0,0,0,0,0,0,0,0,0,0,0,0,0,0,0,0,0,0,0,0,0,0,0,0,0,0,0,0,0,0,0,0,0,0,0,0,0,0,0,0,0,1,1.86923930269414
Granite County Sheriff's Office,1998-11-01,Montana,2635,MT02000,0,0,0,0,0,0,0,0,0,0,0,0,0,0,0,0,0,0,0,0,0,0,0,0,0,0,0,0,0,0,0,0,0,0,0,0,0,0,0,0,0,0,0,0,0,0,0,0,0,0,0,0,0,0,0,0,0,0,0,0,0,0,0,0,0,0,0,0,0,0,0,0,0,0,0,0,0,0,0,0,0,0,0,0,0,0,0,0,0,0,0,1,1.86923930269414
Granite County Sheriff's Office,1998-12-01,Montana,2635,MT02000,0,0,0,0,0,0,0,0,0,0,0,0,0,0,0,0,0,0,0,0,0,0,0,0,0,0,0,0,0,0,0,0,0,0,0,0,0,0,0,0,0,0,0,0,0,0,0,0,0,0,0,0,0,0,0,0,0,0,0,0,0,0,0,0,0,0,0,0,0,0,0,0,0,0,0,0,0,0,0,0,0,0,0,0,0,0,0,0,0,0,0,1,1.86923930269414
Granite County Sheriff's Office,1999-01-01,Montana,2674,MT02000,0,0,0,0,0,0,0,0,0,0,0,0,0,0,0,0,0,0,0,0,0,0,0,0,0,0,0,0,0,0,0,0,0,0,0,0,0,0,0,0,0,0,0,0,0,0,0,0,0,0,0,0,0,0,0,0,0,0,0,0,0,0,0,0,0,0,0,0,0,0,0,0,0,0,0,0,0,0,0,0,0,0,0,0,0,0,0,0,0,0,0,1,1.82921556856271
Granite County Sheriff's Office,1999-02-01,Montana,2674,MT02000,0,0,0,0,0,0,0,0,0,0,0,0,0,0,0,0,0,0,0,0,0,0,0,0,0,0,0,0,0,0,0,0,0,0,0,0,0,0,0,0,0,0,0,0,0,0,0,0,0,0,0,0,0,0,0,0,0,0,0,0,0,0,0,0,0,0,0,0,0,0,0,0,0,0,0,0,0,0,0,0,0,0,0,0,0,0,0,0,0,0,0,1,1.82921556856271
Granite County Sheriff's Office,1999-03-01,Montana,2674,MT02000,0,0,0,0,0,0,0,0,0,0,0,0,0,0,0,0,0,0,0,0,0,0,0,0,0,0,0,0,0,0,0,0,0,0,0,0,0,0,0,0,0,0,0,0,0,0,0,0,0,0,0,0,0,0,0,0,0,0,0,0,0,0,0,0,0,0,0,0,0,0,0,0,0,0,0,0,0,0,0,0,0,0,0,0,0,0,0,0,0,0,0,1,1.82921556856271
Granite County Sheriff's Office,1999-04-01,Montana,2674,MT02000,0,0,0,0,0,0,0,0,0,0,0,0,0,0,0,0,0,0,0,0,0,0,0,0,0,0,0,0,0,0,0,0,0,0,0,0,0,0,0,0,0,0,0,0,0,0,0,0,0,0,0,0,0,0,0,0,0,0,0,0,0,0,0,0,0,0,0,0,0,0,0,0,0,0,0,0,0,0,0,0,0,0,0,0,0,0,0,0,0,0,0,1,1.82921556856271
Granite County Sheriff's Office,1999-05-01,Montana,2674,MT02000,0,0,0,0,0,0,0,0,0,0,0,0,0,0,0,0,0,0,0,0,0,0,0,0,0,0,0,0,0,0,0,0,0,0,0,0,0,0,0,0,0,0,0,0,0,0,0,0,0,0,0,0,0,0,0,0,0,0,0,0,0,0,0,0,0,0,0,0,0,0,0,0,0,0,0,0,0,0,0,0,0,0,0,0,0,0,0,0,0,0,0,1,1.82921556856271
Granite County Sheriff's Office,1999-06-01,Montana,2674,MT02000,0,0,0,0,0,0,0,0,0,0,0,0,0,0,0,0,0,0,0,0,0,0,0,0,0,0,0,0,0,0,0,0,0,0,0,0,0,0,0,0,0,0,0,0,0,0,0,0,0,0,0,0,0,0,0,0,0,0,0,0,0,0,0,0,0,0,0,0,0,0,0,0,0,0,0,0,0,0,0,0,0,0,0,0,0,0,0,0,0,0,0,1,1.82921556856271
Granite County Sheriff's Office,1999-07-01,Montana,2674,MT02000,0,0,0,0,0,0,0,0,0,0,0,0,0,0,0,0,0,0,0,0,0,0,0,0,0,0,0,0,0,0,0,0,0,0,0,0,0,0,0,0,0,0,0,0,0,0,0,0,0,0,0,0,0,0,0,0,0,0,0,0,0,0,0,0,0,0,0,0,0,0,0,0,0,0,0,0,0,0,0,0,0,0,0,0,0,0,0,0,0,0,0,1,1.82921556856271
Granite County Sheriff's Office,1999-08-01,Montana,2674,MT02000,0,0,0,0,0,0,0,0,0,0,0,0,0,0,0,0,0,0,0,0,0,0,0,0,0,0,0,0,0,0,0,0,0,0,0,0,0,0,0,0,0,0,0,0,0,0,0,0,0,0,0,0,0,0,0,0,0,0,0,0,0,0,0,0,0,0,0,0,0,0,0,0,0,0,0,0,0,0,0,0,0,0,0,0,0,0,0,0,0,0,0,1,1.82921556856271
Granite County Sheriff's Office,1999-09-01,Montana,2674,MT02000,0,0,0,0,0,0,0,0,0,0,0,0,0,0,0,0,0,0,0,0,0,0,0,0,0,0,0,0,0,0,0,0,0,0,0,0,0,0,0,0,0,0,0,0,0,0,0,0,0,0,0,0,0,0,0,0,0,0,0,0,0,0,0,0,0,0,0,0,0,0,0,0,0,0,0,0,0,0,0,0,0,0,0,0,0,0,0,0,0,0,0,1,1.82921556856271
Granite County Sheriff's Office,1999-10-01,Montana,2674,MT02000,0,0,0,0,0,0,0,0,0,0,0,0,0,0,0,0,0,0,0,0,0,0,0,0,0,0,0,0,0,0,0,0,0,0,0,0,0,0,0,0,0,0,0,0,0,0,0,0,0,0,0,0,0,0,0,0,0,0,0,0,0,0,0,0,0,0,0,0,0,0,0,0,0,0,0,0,0,0,0,0,0,0,0,0,0,0,0,0,0,0,0,1,1.82921556856271
Granite County Sheriff's Office,1999-11-01,Montana,2674,MT02000,0,0,0,0,0,0,0,0,0,0,0,0,0,0,0,0,0,0,0,0,0,0,0,0,0,0,0,0,0,0,0,0,0,0,0,0,0,0,0,0,0,0,0,0,0,0,0,0,0,0,0,0,0,0,0,0,0,0,0,0,0,0,0,0,0,0,0,0,0,0,0,0,0,0,0,0,0,0,0,0,0,0,0,0,0,0,0,0,0,0,0,1,1.82921556856271
Granite County Sheriff's Office,1999-12-01,Montana,2674,MT02000,0,0,0,0,0,0,0,0,0,0,0,0,0,0,0,0,0,0,0,0,0,0,0,0,0,0,0,0,0,0,0,0,0,0,0,0,0,0,0,0,0,0,0,0,0,0,0,0,0,0,0,0,0,0,0,0,0,0,0,0,0,0,0,0,0,0,0,0,0,0,0,0,0,0,0,0,0,0,0,0,0,0,0,0,0,0,0,0,0,0,0,1,1.82921556856271
