agency,year,state,population,ORI,offenses_burg_resident_day,offenses_burg_resident_night,offenses_burg_resident_unk,offenses_burg_nonresident_day,offenses_burg_nonresident_night,offenses_burg_nonresident_unk,offenses_burg_total,offenses_motor_vehicle_theft,offenses_murder,offenses_rape,offenses_robbery_bank,offenses_robbery_chain_store,offenses_robbery_gas_station,offenses_robbery_highway,offenses_robbery_house,offenses_robbery_misc,offenses_robbery_residence,offenses_robbery_total,offenses_theft_under_50,offenses_theft_50_to_200,offenses_theft_over_200,offenses_theft_total,offenses_theft_auto_part,offenses_theft_bicycle,offenses_theft_coin_machine,offenses_theft_from_auto,offenses_theft_from_building,offenses_theft_pick_pocket,offenses_theft_purse_snatch,offenses_theft_shoplift,offenses_theft_all_other,auto_stolen_recover_local,auto_stolen_recovered_other,auto_theft_total,auto_stole_oth_recover_local,value_burg_resident_night,value_burg_resident_day,value_burg_resident_unk,value_burg_nonresident_night,value_burg_nonresident_day,value_burg_nonresident_unk,value_burg_total,value_motor_vehicle_theft,value_murder,value_rape,value_robbery_bank,value_robbery_chain_store,value_robbery_gas_station,value_robbery_highway,value_robbery_house,value_robbery_misc,value_robbery_residence,value_robbery_total,value_theft_under_50,value_theft_50_to_200,value_theft_over_200,value_theft_total,value_total_all_values,value_theft_auto_part,value_theft_bicycle,value_theft_coin_machine,value_theft_from_auto,value_theft_from_building,value_theft_pick_pocket,value_theft_purse_snatch,value_theft_shoplift,value_theft_all_other,value_stolen_clothing_or_fur,value_stolen_consumable_good,value_stolen_currency,value_stolen_guns,value_stolen_household_good,value_stolen_jewel_metal,value_stolen_livestock,value_stolen_local_mtr_veh,value_stolen_misc,value_stolen_office_equip,value_stolen_tv_and_radio,value_stolen_total,value_recovered_clothing_or_fur,value_recovered_consumable_good,value_recovered_currency,value_recovered_guns,value_recovered_house_good,value_recovered_jewel_metal,value_recovered_livestock,value_recovered_local_mtv_veh,value_recovered_misc,value_recovered_office_equip,value_recovered_tv_and_radio,value_recovered_total,price,in_2023_dollars
Woodland Township Police Chatsworth,2023-12-01,New Jersey,1551,NJ00339,0,0,0,0,0,0,0,0,0,0,0,0,0,0,0,0,0,0,0,0,0,0,0,0,0,0,0,0,0,0,0,0,0,0,0,0,0,0,0,0,0,0,0,0,0,0,0,0,0,0,0,0,0,0,0,0,0,0,0,0,0,0,0,0,0,0,0,0,0,0,0,0,0,0,0,0,0,0,0,0,0,0,0,0,0,0,0,0,0,0,0,1,1
Woodland Township Police Chatsworth,2023-11-01,New Jersey,1551,NJ00339,0,0,0,0,0,0,0,0,0,0,0,0,0,0,0,0,0,0,0,0,0,0,0,0,0,0,0,0,0,0,0,0,0,0,0,0,0,0,0,0,0,0,0,0,0,0,0,0,0,0,0,0,0,0,0,0,0,0,0,0,0,0,0,0,0,0,0,0,0,0,0,0,0,0,0,0,0,0,0,0,0,0,0,0,0,0,0,0,0,0,0,1,1
Woodland Township Police Chatsworth,2023-10-01,New Jersey,1551,NJ00339,0,0,0,0,0,0,0,0,0,0,0,0,0,0,0,0,0,0,0,0,0,0,0,0,0,0,0,0,0,0,0,0,0,0,0,0,0,0,0,0,0,0,0,0,0,0,0,0,0,0,0,0,0,0,0,0,0,0,0,0,0,0,0,0,0,0,0,0,0,0,0,0,0,0,0,0,0,0,0,0,0,0,0,0,0,0,0,0,0,0,0,1,1
Woodland Township Police Chatsworth,2023-09-01,New Jersey,1551,NJ00339,0,0,0,0,0,0,0,0,0,0,0,0,0,0,0,0,0,0,0,0,0,0,0,0,0,0,0,0,0,0,0,0,0,0,0,0,0,0,0,0,0,0,0,0,0,0,0,0,0,0,0,0,0,0,0,0,0,0,0,0,0,0,0,0,0,0,0,0,0,0,0,0,0,0,0,0,0,0,0,0,0,0,0,0,0,0,0,0,0,0,0,1,1
Woodland Township Police Chatsworth,2023-08-01,New Jersey,1551,NJ00339,0,0,0,0,0,0,0,0,0,0,0,0,0,0,0,0,0,0,0,0,0,0,0,0,0,0,0,0,0,0,0,0,0,0,0,0,0,0,0,0,0,0,0,0,0,0,0,0,0,0,0,0,0,0,0,0,0,0,0,0,0,0,0,0,0,0,0,0,0,0,0,0,0,0,0,0,0,0,0,0,0,0,0,0,0,0,0,0,0,0,0,1,1
Woodland Township Police Chatsworth,2023-07-01,New Jersey,1551,NJ00339,0,0,0,0,0,0,0,0,0,0,0,0,0,0,0,0,0,0,0,0,0,0,0,0,0,0,0,0,0,0,0,0,0,0,0,0,0,0,0,0,0,0,0,0,0,0,0,0,0,0,0,0,0,0,0,0,0,0,0,0,0,0,0,0,0,0,0,0,0,0,0,0,0,0,0,0,0,0,0,0,0,0,0,0,0,0,0,0,0,0,0,1,1
Woodland Township Police Chatsworth,2023-06-01,New Jersey,1551,NJ00339,0,0,0,0,0,0,0,0,0,0,0,0,0,0,0,0,0,0,0,0,0,0,0,0,0,0,0,0,0,0,0,0,0,0,0,0,0,0,0,0,0,0,0,0,0,0,0,0,0,0,0,0,0,0,0,0,0,0,0,0,0,0,0,0,0,0,0,0,0,0,0,0,0,0,0,0,0,0,0,0,0,0,0,0,0,0,0,0,0,0,0,1,1
Woodland Township Police Chatsworth,2023-05-01,New Jersey,1551,NJ00339,0,0,0,0,0,0,0,0,0,0,0,0,0,0,0,0,0,0,0,0,0,0,0,0,0,0,0,0,0,0,0,0,0,0,0,0,0,0,0,0,0,0,0,0,0,0,0,0,0,0,0,0,0,0,0,0,0,0,0,0,0,0,0,0,0,0,0,0,0,0,0,0,0,0,0,0,0,0,0,0,0,0,0,0,0,0,0,0,0,0,0,1,1
Woodland Township Police Chatsworth,2023-04-01,New Jersey,1551,NJ00339,0,0,0,0,0,0,0,0,0,0,0,0,0,0,0,0,0,0,0,0,0,0,0,0,0,0,0,0,0,0,0,0,0,0,0,0,0,0,0,0,0,0,0,0,0,0,0,0,0,0,0,0,0,0,0,0,0,0,0,0,0,0,0,0,0,0,0,0,0,0,0,0,0,0,0,0,0,0,0,0,0,0,0,0,0,0,0,0,0,0,0,1,1
Woodland Township Police Chatsworth,2023-03-01,New Jersey,1551,NJ00339,0,0,0,0,0,0,0,0,0,0,0,0,0,0,0,0,0,0,0,0,0,0,0,0,0,0,0,0,0,0,0,0,0,0,0,0,0,0,0,0,0,0,0,0,0,0,0,0,0,0,0,0,0,0,0,0,0,0,0,0,0,0,0,0,0,0,0,0,0,0,0,0,0,0,0,0,0,0,0,0,0,0,0,0,0,0,0,0,0,0,0,1,1
Woodland Township Police Chatsworth,2023-02-01,New Jersey,1551,NJ00339,0,0,0,0,0,0,0,0,0,0,0,0,0,0,0,0,0,0,0,0,0,0,0,0,0,0,0,0,0,0,0,0,0,0,0,0,0,0,0,0,0,0,0,0,0,0,0,0,0,0,0,0,0,0,0,0,0,0,0,0,0,0,0,0,0,0,0,0,0,0,0,0,0,0,0,0,0,0,0,0,0,0,0,0,0,0,0,0,0,0,0,1,1
Woodland Township Police Chatsworth,2023-01-01,New Jersey,1551,NJ00339,0,0,0,0,0,0,0,0,0,0,0,0,0,0,0,0,0,0,0,0,0,0,0,0,0,0,0,0,0,0,0,0,0,0,0,0,0,0,0,0,0,0,0,0,0,0,0,0,0,0,0,0,0,0,0,0,0,0,0,0,0,0,0,0,0,0,0,0,0,0,0,0,0,0,0,0,0,0,0,0,0,0,0,0,0,0,0,0,0,0,0,1,1
Woodland Township Police Chatsworth,2022-12-01,New Jersey,1550,NJ00339,0,0,0,0,0,0,0,0,0,0,0,0,0,0,0,0,0,0,0,0,0,0,0,0,0,0,0,0,0,0,0,0,0,0,0,0,0,0,0,0,0,0,0,0,0,0,0,0,0,0,0,0,0,0,0,0,0,0,0,0,0,0,0,0,0,0,0,0,0,0,0,0,0,0,0,0,0,0,0,0,0,0,0,0,0,0,0,0,0,0,0,1,1.04116338383745
Woodland Township Police Chatsworth,2022-11-01,New Jersey,1550,NJ00339,0,0,0,0,0,0,0,0,0,0,0,0,0,0,0,0,0,0,0,0,0,0,0,0,0,0,0,0,0,0,0,0,0,0,0,0,0,0,0,0,0,0,0,0,0,0,0,0,0,0,0,0,0,0,0,0,0,0,0,0,0,0,0,0,0,0,0,0,0,0,0,0,0,0,0,0,0,0,0,0,0,0,0,0,0,0,0,0,0,0,0,1,1.04116338383745
Woodland Township Police Chatsworth,2022-10-01,New Jersey,1550,NJ00339,0,0,0,0,0,0,0,0,0,0,0,0,0,0,0,0,0,0,0,0,0,0,0,0,0,0,0,0,0,0,0,0,0,0,0,0,0,0,0,0,0,0,0,0,0,0,0,0,0,0,0,0,0,0,0,0,0,0,0,0,0,0,0,0,0,0,0,0,0,0,0,0,0,0,0,0,0,0,0,0,0,0,0,0,0,0,0,0,0,0,0,1,1.04116338383745
Woodland Township Police Chatsworth,2022-09-01,New Jersey,1550,NJ00339,0,0,0,0,0,0,0,0,0,0,0,0,0,0,0,0,0,0,0,0,0,0,0,0,0,0,0,0,0,0,0,0,0,0,0,0,0,0,0,0,0,0,0,0,0,0,0,0,0,0,0,0,0,0,0,0,0,0,0,0,0,0,0,0,0,0,0,0,0,0,0,0,0,0,0,0,0,0,0,0,0,0,0,0,0,0,0,0,0,0,0,1,1.04116338383745
Woodland Township Police Chatsworth,2022-08-01,New Jersey,1550,NJ00339,0,0,0,0,0,0,0,0,0,0,0,0,0,0,0,0,0,0,0,0,0,0,0,0,0,0,0,0,0,0,0,0,0,0,0,0,0,0,0,0,0,0,0,0,0,0,0,0,0,0,0,0,0,0,0,0,0,0,0,0,0,0,0,0,0,0,0,0,0,0,0,0,0,0,0,0,0,0,0,0,0,0,0,0,0,0,0,0,0,0,0,1,1.04116338383745
Woodland Township Police Chatsworth,2022-07-01,New Jersey,1550,NJ00339,0,0,0,0,0,0,0,0,0,0,0,0,0,0,0,0,0,0,0,0,0,0,0,0,0,0,0,0,0,0,0,0,0,0,0,0,0,0,0,0,0,0,0,0,0,0,0,0,0,0,0,0,0,0,0,0,0,0,0,0,0,0,0,0,0,0,0,0,0,0,0,0,0,0,0,0,0,0,0,0,0,0,0,0,0,0,0,0,0,0,0,1,1.04116338383745
Woodland Township Police Chatsworth,2022-06-01,New Jersey,1550,NJ00339,0,0,0,0,0,0,0,0,0,0,0,0,0,0,0,0,0,0,0,0,0,0,0,0,0,0,0,0,0,0,0,0,0,0,0,0,0,0,0,0,0,0,0,0,0,0,0,0,0,0,0,0,0,0,0,0,0,0,0,0,0,0,0,0,0,0,0,0,0,0,0,0,0,0,0,0,0,0,0,0,0,0,0,0,0,0,0,0,0,0,0,1,1.04116338383745
Woodland Township Police Chatsworth,2022-05-01,New Jersey,1550,NJ00339,0,0,0,0,0,0,0,0,0,0,0,0,0,0,0,0,0,0,0,0,0,0,0,0,0,0,0,0,0,0,0,0,0,0,0,0,0,0,0,0,0,0,0,0,0,0,0,0,0,0,0,0,0,0,0,0,0,0,0,0,0,0,0,0,0,0,0,0,0,0,0,0,0,0,0,0,0,0,0,0,0,0,0,0,0,0,0,0,0,0,0,1,1.04116338383745
Woodland Township Police Chatsworth,2022-04-01,New Jersey,1550,NJ00339,0,0,0,0,0,0,0,0,0,0,0,0,0,0,0,0,0,0,0,0,0,0,0,0,0,0,0,0,0,0,0,0,0,0,0,0,0,0,0,0,0,0,0,0,0,0,0,0,0,0,0,0,0,0,0,0,0,0,0,0,0,0,0,0,0,0,0,0,0,0,0,0,0,0,0,0,0,0,0,0,0,0,0,0,0,0,0,0,0,0,0,1,1.04116338383745
Woodland Township Police Chatsworth,2022-03-01,New Jersey,1550,NJ00339,0,0,0,0,0,0,0,0,0,0,0,0,0,0,0,0,0,0,0,0,0,0,0,0,0,0,0,0,0,0,0,0,0,0,0,0,0,0,0,0,0,0,0,0,0,0,0,0,0,0,0,0,0,0,0,0,0,0,0,0,0,0,0,0,0,0,0,0,0,0,0,0,0,0,0,0,0,0,0,0,0,0,0,0,0,0,0,0,0,0,0,1,1.04116338383745
Woodland Township Police Chatsworth,2022-02-01,New Jersey,1550,NJ00339,0,0,0,0,0,0,0,0,0,0,0,0,0,0,0,0,0,0,0,0,0,0,0,0,0,0,0,0,0,0,0,0,0,0,0,0,0,0,0,0,0,0,0,0,0,0,0,0,0,0,0,0,0,0,0,0,0,0,0,0,0,0,0,0,0,0,0,0,0,0,0,0,0,0,0,0,0,0,0,0,0,0,0,0,0,0,0,0,0,0,0,1,1.04116338383745
Woodland Township Police Chatsworth,2022-01-01,New Jersey,1550,NJ00339,0,0,0,0,0,0,0,0,0,0,0,0,0,0,0,0,0,0,0,0,0,0,0,0,0,0,0,0,0,0,0,0,0,0,0,0,0,0,0,0,0,0,0,0,0,0,0,0,0,0,0,0,0,0,0,0,0,0,0,0,0,0,0,0,0,0,0,0,0,0,0,0,0,0,0,0,0,0,0,0,0,0,0,0,0,0,0,0,0,0,0,1,1.04116338383745
Woodland Township Police Chatsworth,2021-12-01,New Jersey,1761,NJ00339,0,0,0,0,0,0,0,0,0,0,0,0,0,0,0,0,0,0,0,0,0,0,0,0,0,0,0,0,0,0,0,0,0,0,0,0,0,0,0,0,0,0,0,0,0,0,0,0,0,0,0,0,0,0,0,0,0,0,0,0,0,0,0,0,0,0,0,0,0,0,0,0,0,0,0,0,0,0,0,0,0,0,0,0,0,0,0,0,0,0,0,1,1.12448560525052
Woodland Township Police Chatsworth,2021-11-01,New Jersey,1761,NJ00339,0,0,0,0,0,0,0,0,0,0,0,0,0,0,0,0,0,0,0,0,0,0,0,0,0,0,0,0,0,0,0,0,0,0,0,0,0,0,0,0,0,0,0,0,0,0,0,0,0,0,0,0,0,0,0,0,0,0,0,0,0,0,0,0,0,0,0,0,0,0,0,0,0,0,0,0,0,0,0,0,0,0,0,0,0,0,0,0,0,0,0,1,1.12448560525052
Woodland Township Police Chatsworth,2021-10-01,New Jersey,1761,NJ00339,0,0,0,0,0,0,0,0,0,0,0,0,0,0,0,0,0,0,0,0,0,0,0,0,0,0,0,0,0,0,0,0,0,0,0,0,0,0,0,0,0,0,0,0,0,0,0,0,0,0,0,0,0,0,0,0,0,0,0,0,0,0,0,0,0,0,0,0,0,0,0,0,0,0,0,0,0,0,0,0,0,0,0,0,0,0,0,0,0,0,0,1,1.12448560525052
Woodland Township Police Chatsworth,2021-09-01,New Jersey,1761,NJ00339,0,0,0,0,0,0,0,0,0,0,0,0,0,0,0,0,0,0,0,0,0,0,0,0,0,0,0,0,0,0,0,0,0,0,0,0,0,0,0,0,0,0,0,0,0,0,0,0,0,0,0,0,0,0,0,0,0,0,0,0,0,0,0,0,0,0,0,0,0,0,0,0,0,0,0,0,0,0,0,0,0,0,0,0,0,0,0,0,0,0,0,1,1.12448560525052
Woodland Township Police Chatsworth,2021-08-01,New Jersey,1761,NJ00339,0,0,0,0,0,0,0,0,0,0,0,0,0,0,0,0,0,0,0,0,0,0,0,0,0,0,0,0,0,0,0,0,0,0,0,0,0,0,0,0,0,0,0,0,0,0,0,0,0,0,0,0,0,0,0,0,0,0,0,0,0,0,0,0,0,0,0,0,0,0,0,0,0,0,0,0,0,0,0,0,0,0,0,0,0,0,0,0,0,0,0,1,1.12448560525052
Woodland Township Police Chatsworth,2021-07-01,New Jersey,1761,NJ00339,0,0,0,0,0,0,0,0,0,0,0,0,0,0,0,0,0,0,0,0,0,0,0,0,0,0,0,0,0,0,0,0,0,0,0,0,0,0,0,0,0,0,0,0,0,0,0,0,0,0,0,0,0,0,0,0,0,0,0,0,0,0,0,0,0,0,0,0,0,0,0,0,0,0,0,0,0,0,0,0,0,0,0,0,0,0,0,0,0,0,0,1,1.12448560525052
Woodland Township Police Chatsworth,2021-06-01,New Jersey,1761,NJ00339,0,0,0,0,0,0,0,0,0,0,0,0,0,0,0,0,0,0,0,0,0,0,0,0,0,0,0,0,0,0,0,0,0,0,0,0,0,0,0,0,0,0,0,0,0,0,0,0,0,0,0,0,0,0,0,0,0,0,0,0,0,0,0,0,0,0,0,0,0,0,0,0,0,0,0,0,0,0,0,0,0,0,0,0,0,0,0,0,0,0,0,1,1.12448560525052
Woodland Township Police Chatsworth,2021-05-01,New Jersey,1761,NJ00339,0,0,0,0,0,0,0,0,0,0,0,0,0,0,0,0,0,0,0,0,0,0,0,0,0,0,0,0,0,0,0,0,0,0,0,0,0,0,0,0,0,0,0,0,0,0,0,0,0,0,0,0,0,0,0,0,0,0,0,0,0,0,0,0,0,0,0,0,0,0,0,0,0,0,0,0,0,0,0,0,0,0,0,0,0,0,0,0,0,0,0,1,1.12448560525052
Woodland Township Police Chatsworth,2021-04-01,New Jersey,1761,NJ00339,0,0,0,0,0,0,0,0,0,0,0,0,0,0,0,0,0,0,0,0,0,0,0,0,0,0,0,0,0,0,0,0,0,0,0,0,0,0,0,0,0,0,0,0,0,0,0,0,0,0,0,0,0,0,0,0,0,0,0,0,0,0,0,0,0,0,0,0,0,0,0,0,0,0,0,0,0,0,0,0,0,0,0,0,0,0,0,0,0,0,0,1,1.12448560525052
Woodland Township Police Chatsworth,2021-03-01,New Jersey,1761,NJ00339,0,0,0,0,0,0,0,0,0,0,0,0,0,0,0,0,0,0,0,0,0,0,0,0,0,0,0,0,0,0,0,0,0,0,0,0,0,0,0,0,0,0,0,0,0,0,0,0,0,0,0,0,0,0,0,0,0,0,0,0,0,0,0,0,0,0,0,0,0,0,0,0,0,0,0,0,0,0,0,0,0,0,0,0,0,0,0,0,0,0,0,1,1.12448560525052
Woodland Township Police Chatsworth,2021-02-01,New Jersey,1761,NJ00339,0,0,0,0,0,0,0,0,0,0,0,0,0,0,0,0,0,0,0,0,0,0,0,0,0,0,0,0,0,0,0,0,0,0,0,0,0,0,0,0,0,0,0,0,0,0,0,0,0,0,0,0,0,0,0,0,0,0,0,0,0,0,0,0,0,0,0,0,0,0,0,0,0,0,0,0,0,0,0,0,0,0,0,0,0,0,0,0,0,0,0,1,1.12448560525052
Woodland Township Police Chatsworth,2021-01-01,New Jersey,1761,NJ00339,0,0,0,0,0,0,0,0,0,0,0,0,0,0,0,0,0,0,0,0,0,0,0,0,0,0,0,0,0,0,0,0,0,0,0,0,0,0,0,0,0,0,0,0,0,0,0,0,0,0,0,0,0,0,0,0,0,0,0,0,0,0,0,0,0,0,0,0,0,0,0,0,0,0,0,0,0,0,0,0,0,0,0,0,0,0,0,0,0,0,0,1,1.12448560525052
Woodland Township Police Chatsworth,2020-12-01,New Jersey,1766,NJ00339,0,0,0,0,0,0,0,0,0,0,0,0,0,0,0,0,0,0,0,0,0,0,0,0,0,0,0,0,0,0,0,0,0,0,0,0,0,0,0,0,0,0,0,0,0,0,0,0,0,0,0,0,0,0,0,0,0,0,0,0,0,0,0,0,0,0,0,0,0,0,0,0,0,0,0,0,0,0,0,0,0,0,0,0,0,0,0,0,0,0,0,1,1.17731235192711
Woodland Township Police Chatsworth,2020-11-01,New Jersey,1766,NJ00339,0,0,0,0,0,0,0,0,0,0,0,0,0,0,0,0,0,0,0,0,0,0,0,0,0,0,0,0,0,0,0,0,0,0,0,0,0,0,0,0,0,0,0,0,0,0,0,0,0,0,0,0,0,0,0,0,0,0,0,0,0,0,0,0,0,0,0,0,0,0,0,0,0,0,0,0,0,0,0,0,0,0,0,0,0,0,0,0,0,0,0,1,1.17731235192711
Woodland Township Police Chatsworth,2020-10-01,New Jersey,1766,NJ00339,0,0,0,0,0,0,0,0,0,0,0,0,0,0,0,0,0,0,0,0,0,0,0,0,0,0,0,0,0,0,0,0,0,0,0,0,0,0,0,0,0,0,0,0,0,0,0,0,0,0,0,0,0,0,0,0,0,0,0,0,0,0,0,0,0,0,0,0,0,0,0,0,0,0,0,0,0,0,0,0,0,0,0,0,0,0,0,0,0,0,0,1,1.17731235192711
Woodland Township Police Chatsworth,2020-09-01,New Jersey,1766,NJ00339,0,0,0,0,0,0,0,0,0,0,0,0,0,0,0,0,0,0,0,0,0,0,0,0,0,0,0,0,0,0,0,0,0,0,0,0,0,0,0,0,0,0,0,0,0,0,0,0,0,0,0,0,0,0,0,0,0,0,0,0,0,0,0,0,0,0,0,0,0,0,0,0,0,0,0,0,0,0,0,0,0,0,0,0,0,0,0,0,0,0,0,1,1.17731235192711
Woodland Township Police Chatsworth,2020-08-01,New Jersey,1766,NJ00339,0,0,0,0,0,0,0,0,0,0,0,0,0,0,0,0,0,0,0,0,0,0,0,0,0,0,0,0,0,0,0,0,0,0,0,0,0,0,0,0,0,0,0,0,0,0,0,0,0,0,0,0,0,0,0,0,0,0,0,0,0,0,0,0,0,0,0,0,0,0,0,0,0,0,0,0,0,0,0,0,0,0,0,0,0,0,0,0,0,0,0,1,1.17731235192711
Woodland Township Police Chatsworth,2020-07-01,New Jersey,1766,NJ00339,0,0,0,0,0,0,0,0,0,0,0,0,0,0,0,0,0,0,0,0,0,0,0,0,0,0,0,0,0,0,0,0,0,0,0,0,0,0,0,0,0,0,0,0,0,0,0,0,0,0,0,0,0,0,0,0,0,0,0,0,0,0,0,0,0,0,0,0,0,0,0,0,0,0,0,0,0,0,0,0,0,0,0,0,0,0,0,0,0,0,0,1,1.17731235192711
Woodland Township Police Chatsworth,2020-06-01,New Jersey,1766,NJ00339,0,0,0,0,0,0,0,0,0,0,0,0,0,0,0,0,0,0,0,0,0,0,0,0,0,0,0,0,0,0,0,0,0,0,0,0,0,0,0,0,0,0,0,0,0,0,0,0,0,0,0,0,0,0,0,0,0,0,0,0,0,0,0,0,0,0,0,0,0,0,0,0,0,0,0,0,0,0,0,0,0,0,0,0,0,0,0,0,0,0,0,1,1.17731235192711
Woodland Township Police Chatsworth,2020-05-01,New Jersey,1766,NJ00339,0,0,0,0,0,0,0,0,0,0,0,0,0,0,0,0,0,0,0,0,0,0,0,0,0,0,0,0,0,0,0,0,0,0,0,0,0,0,0,0,0,0,0,0,0,0,0,0,0,0,0,0,0,0,0,0,0,0,0,0,0,0,0,0,0,0,0,0,0,0,0,0,0,0,0,0,0,0,0,0,0,0,0,0,0,0,0,0,0,0,0,1,1.17731235192711
Woodland Township Police Chatsworth,2020-04-01,New Jersey,1766,NJ00339,0,0,0,0,0,0,0,0,0,0,0,0,0,0,0,0,0,0,0,0,0,0,0,0,0,0,0,0,0,0,0,0,0,0,0,0,0,0,0,0,0,0,0,0,0,0,0,0,0,0,0,0,0,0,0,0,0,0,0,0,0,0,0,0,0,0,0,0,0,0,0,0,0,0,0,0,0,0,0,0,0,0,0,0,0,0,0,0,0,0,0,1,1.17731235192711
Woodland Township Police Chatsworth,2020-03-01,New Jersey,1766,NJ00339,0,0,0,0,0,0,0,0,0,0,0,0,0,0,0,0,0,0,0,0,0,0,0,0,0,0,0,0,0,0,0,0,0,0,0,0,0,0,0,0,0,0,0,0,0,0,0,0,0,0,0,0,0,0,0,0,0,0,0,0,0,0,0,0,0,0,0,0,0,0,0,0,0,0,0,0,0,0,0,0,0,0,0,0,0,0,0,0,0,0,0,1,1.17731235192711
Woodland Township Police Chatsworth,2020-02-01,New Jersey,1766,NJ00339,0,0,0,0,0,0,0,0,0,0,0,0,0,0,0,0,0,0,0,0,0,0,0,0,0,0,0,0,0,0,0,0,0,0,0,0,0,0,0,0,0,0,0,0,0,0,0,0,0,0,0,0,0,0,0,0,0,0,0,0,0,0,0,0,0,0,0,0,0,0,0,0,0,0,0,0,0,0,0,0,0,0,0,0,0,0,0,0,0,0,0,1,1.17731235192711
Woodland Township Police Chatsworth,2020-01-01,New Jersey,1766,NJ00339,0,0,0,0,0,0,0,0,0,0,0,0,0,0,0,0,0,0,0,0,0,0,0,0,0,0,0,0,0,0,0,0,0,0,0,0,0,0,0,0,0,0,0,0,0,0,0,0,0,0,0,0,0,0,0,0,0,0,0,0,0,0,0,0,0,0,0,0,0,0,0,0,0,0,0,0,0,0,0,0,0,0,0,0,0,0,0,0,0,0,0,1,1.17731235192711
Woodland Township Police Chatsworth,2019-12-01,New Jersey,1767,NJ00339,0,0,0,0,0,0,0,0,0,0,0,0,0,0,0,0,0,0,0,0,0,0,0,0,0,0,0,0,0,0,0,0,0,0,0,0,0,0,0,0,0,0,0,0,0,0,0,0,0,0,0,0,0,0,0,0,0,0,0,0,0,0,0,0,0,0,0,0,0,0,0,0,0,0,0,0,0,0,0,0,0,0,0,0,0,0,0,0,0,0,0,1,1.19183549339627
Woodland Township Police Chatsworth,2019-11-01,New Jersey,1767,NJ00339,0,0,0,0,0,0,0,0,0,0,0,0,0,0,0,0,0,0,0,0,0,0,0,0,0,0,0,0,0,0,0,0,0,0,0,0,0,0,0,0,0,0,0,0,0,0,0,0,0,0,0,0,0,0,0,0,0,0,0,0,0,0,0,0,0,0,0,0,0,0,0,0,0,0,0,0,0,0,0,0,0,0,0,0,0,0,0,0,0,0,0,1,1.19183549339627
Woodland Township Police Chatsworth,2019-10-01,New Jersey,1767,NJ00339,0,0,0,0,0,0,0,0,0,0,0,0,0,0,0,0,0,0,0,0,0,0,0,0,0,0,0,0,0,0,0,0,0,0,0,0,0,0,0,0,0,0,0,0,0,0,0,0,0,0,0,0,0,0,0,0,0,0,0,0,0,0,0,0,0,0,0,0,0,0,0,0,0,0,0,0,0,0,0,0,0,0,0,0,0,0,0,0,0,0,0,1,1.19183549339627
Woodland Township Police Chatsworth,2019-09-01,New Jersey,1767,NJ00339,0,0,0,0,0,0,0,0,0,0,0,0,0,0,0,0,0,0,0,0,0,0,0,0,0,0,0,0,0,0,0,0,0,0,0,0,0,0,0,0,0,0,0,0,0,0,0,0,0,0,0,0,0,0,0,0,0,0,0,0,0,0,0,0,0,0,0,0,0,0,0,0,0,0,0,0,0,0,0,0,0,0,0,0,0,0,0,0,0,0,0,1,1.19183549339627
Woodland Township Police Chatsworth,2019-08-01,New Jersey,1767,NJ00339,0,0,0,0,0,0,0,0,0,0,0,0,0,0,0,0,0,0,0,0,0,0,0,0,0,0,0,0,0,0,0,0,0,0,0,0,0,0,0,0,0,0,0,0,0,0,0,0,0,0,0,0,0,0,0,0,0,0,0,0,0,0,0,0,0,0,0,0,0,0,0,0,0,0,0,0,0,0,0,0,0,0,0,0,0,0,0,0,0,0,0,1,1.19183549339627
Woodland Township Police Chatsworth,2019-07-01,New Jersey,1767,NJ00339,0,0,0,0,0,0,0,0,0,0,0,0,0,0,0,0,0,0,0,0,0,0,0,0,0,0,0,0,0,0,0,0,0,0,0,0,0,0,0,0,0,0,0,0,0,0,0,0,0,0,0,0,0,0,0,0,0,0,0,0,0,0,0,0,0,0,0,0,0,0,0,0,0,0,0,0,0,0,0,0,0,0,0,0,0,0,0,0,0,0,0,1,1.19183549339627
Woodland Township Police Chatsworth,2019-06-01,New Jersey,1767,NJ00339,0,0,0,0,0,0,0,0,0,0,0,0,0,0,0,0,0,0,0,0,0,0,0,0,0,0,0,0,0,0,0,0,0,0,0,0,0,0,0,0,0,0,0,0,0,0,0,0,0,0,0,0,0,0,0,0,0,0,0,0,0,0,0,0,0,0,0,0,0,0,0,0,0,0,0,0,0,0,0,0,0,0,0,0,0,0,0,0,0,0,0,1,1.19183549339627
Woodland Township Police Chatsworth,2019-05-01,New Jersey,1767,NJ00339,0,0,0,0,0,0,0,0,0,0,0,0,0,0,0,0,0,0,0,0,0,0,0,0,0,0,0,0,0,0,0,0,0,0,0,0,0,0,0,0,0,0,0,0,0,0,0,0,0,0,0,0,0,0,0,0,0,0,0,0,0,0,0,0,0,0,0,0,0,0,0,0,0,0,0,0,0,0,0,0,0,0,0,0,0,0,0,0,0,0,0,1,1.19183549339627
Woodland Township Police Chatsworth,2019-04-01,New Jersey,1767,NJ00339,0,0,0,0,0,0,0,0,0,0,0,0,0,0,0,0,0,0,0,0,0,0,0,0,0,0,0,0,0,0,0,0,0,0,0,0,0,0,0,0,0,0,0,0,0,0,0,0,0,0,0,0,0,0,0,0,0,0,0,0,0,0,0,0,0,0,0,0,0,0,0,0,0,0,0,0,0,0,0,0,0,0,0,0,0,0,0,0,0,0,0,1,1.19183549339627
Woodland Township Police Chatsworth,2019-03-01,New Jersey,1767,NJ00339,0,0,0,0,0,0,0,0,0,0,0,0,0,0,0,0,0,0,0,0,0,0,0,0,0,0,0,0,0,0,0,0,0,0,0,0,0,0,0,0,0,0,0,0,0,0,0,0,0,0,0,0,0,0,0,0,0,0,0,0,0,0,0,0,0,0,0,0,0,0,0,0,0,0,0,0,0,0,0,0,0,0,0,0,0,0,0,0,0,0,0,1,1.19183549339627
Woodland Township Police Chatsworth,2019-02-01,New Jersey,1767,NJ00339,0,0,0,0,0,0,0,0,0,0,0,0,0,0,0,0,0,0,0,0,0,0,0,0,0,0,0,0,0,0,0,0,0,0,0,0,0,0,0,0,0,0,0,0,0,0,0,0,0,0,0,0,0,0,0,0,0,0,0,0,0,0,0,0,0,0,0,0,0,0,0,0,0,0,0,0,0,0,0,0,0,0,0,0,0,0,0,0,0,0,0,1,1.19183549339627
Woodland Township Police Chatsworth,2019-01-01,New Jersey,1767,NJ00339,0,0,0,0,0,0,0,0,0,0,0,0,0,0,0,0,0,0,0,0,0,0,0,0,0,0,0,0,0,0,0,0,0,0,0,0,0,0,0,0,0,0,0,0,0,0,0,0,0,0,0,0,0,0,0,0,0,0,0,0,0,0,0,0,0,0,0,0,0,0,0,0,0,0,0,0,0,0,0,0,0,0,0,0,0,0,0,0,0,0,0,1,1.19183549339627
Woodland Township Police Chatsworth,2018-12-01,New Jersey,1774,NJ00339,0,0,0,0,0,0,0,0,0,0,0,0,0,0,0,0,0,0,0,0,0,0,0,0,0,0,0,0,0,0,0,0,0,0,0,0,0,0,0,0,0,0,0,0,0,0,0,0,0,0,0,0,0,0,0,0,0,0,0,0,0,0,0,0,0,0,0,0,0,0,0,0,0,0,0,0,0,0,0,0,0,0,0,0,0,0,0,0,0,0,0,1,1.21343405628813
Woodland Township Police Chatsworth,2018-11-01,New Jersey,1774,NJ00339,0,0,0,0,0,0,0,0,0,0,0,0,0,0,0,0,0,0,0,0,0,0,0,0,0,0,0,0,0,0,0,0,0,0,0,0,0,0,0,0,0,0,0,0,0,0,0,0,0,0,0,0,0,0,0,0,0,0,0,0,0,0,0,0,0,0,0,0,0,0,0,0,0,0,0,0,0,0,0,0,0,0,0,0,0,0,0,0,0,0,0,1,1.21343405628813
Woodland Township Police Chatsworth,2018-10-01,New Jersey,1774,NJ00339,0,0,0,0,0,0,0,0,0,0,0,0,0,0,0,0,0,0,0,0,0,0,0,0,0,0,0,0,0,0,0,0,0,0,0,0,0,0,0,0,0,0,0,0,0,0,0,0,0,0,0,0,0,0,0,0,0,0,0,0,0,0,0,0,0,0,0,0,0,0,0,0,0,0,0,0,0,0,0,0,0,0,0,0,0,0,0,0,0,0,0,1,1.21343405628813
Woodland Township Police Chatsworth,2018-09-01,New Jersey,1774,NJ00339,0,0,0,0,0,0,0,0,0,0,0,0,0,0,0,0,0,0,0,0,0,0,0,0,0,0,0,0,0,0,0,0,0,0,0,0,0,0,0,0,0,0,0,0,0,0,0,0,0,0,0,0,0,0,0,0,0,0,0,0,0,0,0,0,0,0,0,0,0,0,0,0,0,0,0,0,0,0,0,0,0,0,0,0,0,0,0,0,0,0,0,1,1.21343405628813
Woodland Township Police Chatsworth,2018-08-01,New Jersey,1774,NJ00339,0,0,0,0,0,0,0,0,0,0,0,0,0,0,0,0,0,0,0,0,0,0,0,0,0,0,0,0,0,0,0,0,0,0,0,0,0,0,0,0,0,0,0,0,0,0,0,0,0,0,0,0,0,0,0,0,0,0,0,0,0,0,0,0,0,0,0,0,0,0,0,0,0,0,0,0,0,0,0,0,0,0,0,0,0,0,0,0,0,0,0,1,1.21343405628813
Woodland Township Police Chatsworth,2018-07-01,New Jersey,1774,NJ00339,0,0,0,0,0,0,0,0,0,0,0,0,0,0,0,0,0,0,0,0,0,0,0,0,0,0,0,0,0,0,0,0,0,0,0,0,0,0,0,0,0,0,0,0,0,0,0,0,0,0,0,0,0,0,0,0,0,0,0,0,0,0,0,0,0,0,0,0,0,0,0,0,0,0,0,0,0,0,0,0,0,0,0,0,0,0,0,0,0,0,0,1,1.21343405628813
Woodland Township Police Chatsworth,2018-06-01,New Jersey,1774,NJ00339,0,0,0,0,0,0,0,0,0,0,0,0,0,0,0,0,0,0,0,0,0,0,0,0,0,0,0,0,0,0,0,0,0,0,0,0,0,0,0,0,0,0,0,0,0,0,0,0,0,0,0,0,0,0,0,0,0,0,0,0,0,0,0,0,0,0,0,0,0,0,0,0,0,0,0,0,0,0,0,0,0,0,0,0,0,0,0,0,0,0,0,1,1.21343405628813
Woodland Township Police Chatsworth,2018-05-01,New Jersey,1774,NJ00339,0,0,0,0,0,0,0,0,0,0,0,0,0,0,0,0,0,0,0,0,0,0,0,0,0,0,0,0,0,0,0,0,0,0,0,0,0,0,0,0,0,0,0,0,0,0,0,0,0,0,0,0,0,0,0,0,0,0,0,0,0,0,0,0,0,0,0,0,0,0,0,0,0,0,0,0,0,0,0,0,0,0,0,0,0,0,0,0,0,0,0,1,1.21343405628813
Woodland Township Police Chatsworth,2018-04-01,New Jersey,1774,NJ00339,0,0,0,0,0,0,0,0,0,0,0,0,0,0,0,0,0,0,0,0,0,0,0,0,0,0,0,0,0,0,0,0,0,0,0,0,0,0,0,0,0,0,0,0,0,0,0,0,0,0,0,0,0,0,0,0,0,0,0,0,0,0,0,0,0,0,0,0,0,0,0,0,0,0,0,0,0,0,0,0,0,0,0,0,0,0,0,0,0,0,0,1,1.21343405628813
Woodland Township Police Chatsworth,2018-03-01,New Jersey,1774,NJ00339,0,0,0,0,0,0,0,0,0,0,0,0,0,0,0,0,0,0,0,0,0,0,0,0,0,0,0,0,0,0,0,0,0,0,0,0,0,0,0,0,0,0,0,0,0,0,0,0,0,0,0,0,0,0,0,0,0,0,0,0,0,0,0,0,0,0,0,0,0,0,0,0,0,0,0,0,0,0,0,0,0,0,0,0,0,0,0,0,0,0,0,1,1.21343405628813
Woodland Township Police Chatsworth,2018-02-01,New Jersey,1774,NJ00339,0,0,0,0,0,0,0,0,0,0,0,0,0,0,0,0,0,0,0,0,0,0,0,0,0,0,0,0,0,0,0,0,0,0,0,0,0,0,0,0,0,0,0,0,0,0,0,0,0,0,0,0,0,0,0,0,0,0,0,0,0,0,0,0,0,0,0,0,0,0,0,0,0,0,0,0,0,0,0,0,0,0,0,0,0,0,0,0,0,0,0,1,1.21343405628813
Woodland Township Police Chatsworth,2018-01-01,New Jersey,1774,NJ00339,0,0,0,0,0,0,0,0,0,0,0,0,0,0,0,0,0,0,0,0,0,0,0,0,0,0,0,0,0,0,0,0,0,0,0,0,0,0,0,0,0,0,0,0,0,0,0,0,0,0,0,0,0,0,0,0,0,0,0,0,0,0,0,0,0,0,0,0,0,0,0,0,0,0,0,0,0,0,0,0,0,0,0,0,0,0,0,0,0,0,0,1,1.21343405628813
Woodland Township Police Chatsworth,2017-12-01,New Jersey,1777,NJ00339,0,0,0,0,0,0,0,0,0,0,0,0,0,0,0,0,0,0,0,0,0,0,0,0,0,0,0,0,0,0,0,0,0,0,0,0,0,0,0,0,0,0,0,0,0,0,0,0,0,0,0,0,0,0,0,0,0,0,0,0,0,0,0,0,0,0,0,0,0,0,0,0,0,0,0,0,0,0,0,0,0,0,0,0,0,0,0,0,0,0,0,1,1.24307319386626
Woodland Township Police Chatsworth,2017-11-01,New Jersey,1777,NJ00339,0,0,0,0,0,0,0,0,0,0,0,0,0,0,0,0,0,0,0,0,0,0,0,0,0,0,0,0,0,0,0,0,0,0,0,0,0,0,0,0,0,0,0,0,0,0,0,0,0,0,0,0,0,0,0,0,0,0,0,0,0,0,0,0,0,0,0,0,0,0,0,0,0,0,0,0,0,0,0,0,0,0,0,0,0,0,0,0,0,0,0,1,1.24307319386626
Woodland Township Police Chatsworth,2017-10-01,New Jersey,1777,NJ00339,0,0,0,0,0,0,0,0,0,0,0,0,0,0,0,0,0,0,0,0,0,0,0,0,0,0,0,0,0,0,0,0,0,0,0,0,0,0,0,0,0,0,0,0,0,0,0,0,0,0,0,0,0,0,0,0,0,0,0,0,0,0,0,0,0,0,0,0,0,0,0,0,0,0,0,0,0,0,0,0,0,0,0,0,0,0,0,0,0,0,0,1,1.24307319386626
Woodland Township Police Chatsworth,2017-09-01,New Jersey,1777,NJ00339,0,0,0,0,0,0,0,0,0,0,0,0,0,0,0,0,0,0,0,0,0,0,0,0,0,0,0,0,0,0,0,0,0,0,0,0,0,0,0,0,0,0,0,0,0,0,0,0,0,0,0,0,0,0,0,0,0,0,0,0,0,0,0,0,0,0,0,0,0,0,0,0,0,0,0,0,0,0,0,0,0,0,0,0,0,0,0,0,0,0,0,1,1.24307319386626
Woodland Township Police Chatsworth,2017-08-01,New Jersey,1777,NJ00339,0,0,0,0,0,0,0,0,0,0,0,0,0,0,0,0,0,0,0,0,0,0,0,0,0,0,0,0,0,0,0,0,0,0,0,0,0,0,0,0,0,0,0,0,0,0,0,0,0,0,0,0,0,0,0,0,0,0,0,0,0,0,0,0,0,0,0,0,0,0,0,0,0,0,0,0,0,0,0,0,0,0,0,0,0,0,0,0,0,0,0,1,1.24307319386626
Woodland Township Police Chatsworth,2017-07-01,New Jersey,1777,NJ00339,0,0,0,0,0,0,0,0,0,0,0,0,0,0,0,0,0,0,0,0,0,0,0,0,0,0,0,0,0,0,0,0,0,0,0,0,0,0,0,0,0,0,0,0,0,0,0,0,0,0,0,0,0,0,0,0,0,0,0,0,0,0,0,0,0,0,0,0,0,0,0,0,0,0,0,0,0,0,0,0,0,0,0,0,0,0,0,0,0,0,0,1,1.24307319386626
Woodland Township Police Chatsworth,2017-06-01,New Jersey,1777,NJ00339,0,0,0,0,0,0,0,0,0,0,0,0,0,0,0,0,0,0,0,0,0,0,0,0,0,0,0,0,0,0,0,0,0,0,0,0,0,0,0,0,0,0,0,0,0,0,0,0,0,0,0,0,0,0,0,0,0,0,0,0,0,0,0,0,0,0,0,0,0,0,0,0,0,0,0,0,0,0,0,0,0,0,0,0,0,0,0,0,0,0,0,1,1.24307319386626
Woodland Township Police Chatsworth,2017-05-01,New Jersey,1777,NJ00339,0,0,0,0,0,0,0,0,0,0,0,0,0,0,0,0,0,0,0,0,0,0,0,0,0,0,0,0,0,0,0,0,0,0,0,0,0,0,0,0,0,0,0,0,0,0,0,0,0,0,0,0,0,0,0,0,0,0,0,0,0,0,0,0,0,0,0,0,0,0,0,0,0,0,0,0,0,0,0,0,0,0,0,0,0,0,0,0,0,0,0,1,1.24307319386626
Woodland Township Police Chatsworth,2017-04-01,New Jersey,1777,NJ00339,0,0,0,0,0,0,0,0,0,0,0,0,0,0,0,0,0,0,0,0,0,0,0,0,0,0,0,0,0,0,0,0,0,0,0,0,0,0,0,0,0,0,0,0,0,0,0,0,0,0,0,0,0,0,0,0,0,0,0,0,0,0,0,0,0,0,0,0,0,0,0,0,0,0,0,0,0,0,0,0,0,0,0,0,0,0,0,0,0,0,0,1,1.24307319386626
Woodland Township Police Chatsworth,2017-03-01,New Jersey,1777,NJ00339,0,0,0,0,0,0,0,0,0,0,0,0,0,0,0,0,0,0,0,0,0,0,0,0,0,0,0,0,0,0,0,0,0,0,0,0,0,0,0,0,0,0,0,0,0,0,0,0,0,0,0,0,0,0,0,0,0,0,0,0,0,0,0,0,0,0,0,0,0,0,0,0,0,0,0,0,0,0,0,0,0,0,0,0,0,0,0,0,0,0,0,1,1.24307319386626
Woodland Township Police Chatsworth,2017-02-01,New Jersey,1777,NJ00339,0,0,0,0,0,0,0,0,0,0,0,0,0,0,0,0,0,0,0,0,0,0,0,0,0,0,0,0,0,0,0,0,0,0,0,0,0,0,0,0,0,0,0,0,0,0,0,0,0,0,0,0,0,0,0,0,0,0,0,0,0,0,0,0,0,0,0,0,0,0,0,0,0,0,0,0,0,0,0,0,0,0,0,0,0,0,0,0,0,0,0,1,1.24307319386626
Woodland Township Police Chatsworth,2017-01-01,New Jersey,1777,NJ00339,0,0,0,0,0,0,0,0,0,0,0,0,0,0,0,0,0,0,0,0,0,0,0,0,0,0,0,0,0,0,0,0,0,0,0,0,0,0,0,0,0,0,0,0,0,0,0,0,0,0,0,0,0,0,0,0,0,0,0,0,0,0,0,0,0,0,0,0,0,0,0,0,0,0,0,0,0,0,0,0,0,0,0,0,0,0,0,0,0,0,0,1,1.24307319386626
Woodland Township Police Chatsworth,2016-12-01,New Jersey,,NJ00339,,,,,,,,,,,,,,,,,,,,,,,,,,,,,,,,,,,,,,,,,,,,,,,,,,,,,,,,,,,,,,,,,,,,,,,,,,,,,,,,,,,,,,,,,,,,,
Woodland Township Police Chatsworth,2016-11-01,New Jersey,,NJ00339,,,,,,,,,,,,,,,,,,,,,,,,,,,,,,,,,,,,,,,,,,,,,,,,,,,,,,,,,,,,,,,,,,,,,,,,,,,,,,,,,,,,,,,,,,,,,
Woodland Township Police Chatsworth,2016-10-01,New Jersey,,NJ00339,,,,,,,,,,,,,,,,,,,,,,,,,,,,,,,,,,,,,,,,,,,,,,,,,,,,,,,,,,,,,,,,,,,,,,,,,,,,,,,,,,,,,,,,,,,,,
Woodland Township Police Chatsworth,2016-09-01,New Jersey,,NJ00339,,,,,,,,,,,,,,,,,,,,,,,,,,,,,,,,,,,,,,,,,,,,,,,,,,,,,,,,,,,,,,,,,,,,,,,,,,,,,,,,,,,,,,,,,,,,,
Woodland Township Police Chatsworth,2016-08-01,New Jersey,,NJ00339,,,,,,,,,,,,,,,,,,,,,,,,,,,,,,,,,,,,,,,,,,,,,,,,,,,,,,,,,,,,,,,,,,,,,,,,,,,,,,,,,,,,,,,,,,,,,
Woodland Township Police Chatsworth,2016-07-01,New Jersey,,NJ00339,,,,,,,,,,,,,,,,,,,,,,,,,,,,,,,,,,,,,,,,,,,,,,,,,,,,,,,,,,,,,,,,,,,,,,,,,,,,,,,,,,,,,,,,,,,,,
Woodland Township Police Chatsworth,2016-06-01,New Jersey,,NJ00339,,,,,,,,,,,,,,,,,,,,,,,,,,,,,,,,,,,,,,,,,,,,,,,,,,,,,,,,,,,,,,,,,,,,,,,,,,,,,,,,,,,,,,,,,,,,,
Woodland Township Police Chatsworth,2016-05-01,New Jersey,,NJ00339,,,,,,,,,,,,,,,,,,,,,,,,,,,,,,,,,,,,,,,,,,,,,,,,,,,,,,,,,,,,,,,,,,,,,,,,,,,,,,,,,,,,,,,,,,,,,
Woodland Township Police Chatsworth,2016-04-01,New Jersey,,NJ00339,,,,,,,,,,,,,,,,,,,,,,,,,,,,,,,,,,,,,,,,,,,,,,,,,,,,,,,,,,,,,,,,,,,,,,,,,,,,,,,,,,,,,,,,,,,,,
Woodland Township Police Chatsworth,2016-03-01,New Jersey,,NJ00339,,,,,,,,,,,,,,,,,,,,,,,,,,,,,,,,,,,,,,,,,,,,,,,,,,,,,,,,,,,,,,,,,,,,,,,,,,,,,,,,,,,,,,,,,,,,,
Woodland Township Police Chatsworth,2016-02-01,New Jersey,,NJ00339,,,,,,,,,,,,,,,,,,,,,,,,,,,,,,,,,,,,,,,,,,,,,,,,,,,,,,,,,,,,,,,,,,,,,,,,,,,,,,,,,,,,,,,,,,,,,
Woodland Township Police Chatsworth,2016-01-01,New Jersey,,NJ00339,,,,,,,,,,,,,,,,,,,,,,,,,,,,,,,,,,,,,,,,,,,,,,,,,,,,,,,,,,,,,,,,,,,,,,,,,,,,,,,,,,,,,,,,,,,,,
Woodland Township Police Chatsworth,2015-12-01,New Jersey,,NJ00339,,,,,,,,,,,,,,,,,,,,,,,,,,,,,,,,,,,,,,,,,,,,,,,,,,,,,,,,,,,,,,,,,,,,,,,,,,,,,,,,,,,,,,,,,,,,,
Woodland Township Police Chatsworth,2015-11-01,New Jersey,,NJ00339,,,,,,,,,,,,,,,,,,,,,,,,,,,,,,,,,,,,,,,,,,,,,,,,,,,,,,,,,,,,,,,,,,,,,,,,,,,,,,,,,,,,,,,,,,,,,
Woodland Township Police Chatsworth,2015-10-01,New Jersey,,NJ00339,,,,,,,,,,,,,,,,,,,,,,,,,,,,,,,,,,,,,,,,,,,,,,,,,,,,,,,,,,,,,,,,,,,,,,,,,,,,,,,,,,,,,,,,,,,,,
Woodland Township Police Chatsworth,2015-09-01,New Jersey,,NJ00339,,,,,,,,,,,,,,,,,,,,,,,,,,,,,,,,,,,,,,,,,,,,,,,,,,,,,,,,,,,,,,,,,,,,,,,,,,,,,,,,,,,,,,,,,,,,,
Woodland Township Police Chatsworth,2015-08-01,New Jersey,,NJ00339,,,,,,,,,,,,,,,,,,,,,,,,,,,,,,,,,,,,,,,,,,,,,,,,,,,,,,,,,,,,,,,,,,,,,,,,,,,,,,,,,,,,,,,,,,,,,
Woodland Township Police Chatsworth,2015-07-01,New Jersey,,NJ00339,,,,,,,,,,,,,,,,,,,,,,,,,,,,,,,,,,,,,,,,,,,,,,,,,,,,,,,,,,,,,,,,,,,,,,,,,,,,,,,,,,,,,,,,,,,,,
Woodland Township Police Chatsworth,2015-06-01,New Jersey,,NJ00339,,,,,,,,,,,,,,,,,,,,,,,,,,,,,,,,,,,,,,,,,,,,,,,,,,,,,,,,,,,,,,,,,,,,,,,,,,,,,,,,,,,,,,,,,,,,,
Woodland Township Police Chatsworth,2015-05-01,New Jersey,,NJ00339,,,,,,,,,,,,,,,,,,,,,,,,,,,,,,,,,,,,,,,,,,,,,,,,,,,,,,,,,,,,,,,,,,,,,,,,,,,,,,,,,,,,,,,,,,,,,
Woodland Township Police Chatsworth,2015-04-01,New Jersey,,NJ00339,,,,,,,,,,,,,,,,,,,,,,,,,,,,,,,,,,,,,,,,,,,,,,,,,,,,,,,,,,,,,,,,,,,,,,,,,,,,,,,,,,,,,,,,,,,,,
Woodland Township Police Chatsworth,2015-03-01,New Jersey,,NJ00339,,,,,,,,,,,,,,,,,,,,,,,,,,,,,,,,,,,,,,,,,,,,,,,,,,,,,,,,,,,,,,,,,,,,,,,,,,,,,,,,,,,,,,,,,,,,,
Woodland Township Police Chatsworth,2015-02-01,New Jersey,,NJ00339,,,,,,,,,,,,,,,,,,,,,,,,,,,,,,,,,,,,,,,,,,,,,,,,,,,,,,,,,,,,,,,,,,,,,,,,,,,,,,,,,,,,,,,,,,,,,
Woodland Township Police Chatsworth,2015-01-01,New Jersey,,NJ00339,,,,,,,,,,,,,,,,,,,,,,,,,,,,,,,,,,,,,,,,,,,,,,,,,,,,,,,,,,,,,,,,,,,,,,,,,,,,,,,,,,,,,,,,,,,,,
Woodland Township Police Chatsworth,2014-12-01,New Jersey,,NJ00339,,,,,,,,,,,,,,,,,,,,,,,,,,,,,,,,,,,,,,,,,,,,,,,,,,,,,,,,,,,,,,,,,,,,,,,,,,,,,,,,,,,,,,,,,,,,,
Woodland Township Police Chatsworth,2014-11-01,New Jersey,,NJ00339,,,,,,,,,,,,,,,,,,,,,,,,,,,,,,,,,,,,,,,,,,,,,,,,,,,,,,,,,,,,,,,,,,,,,,,,,,,,,,,,,,,,,,,,,,,,,
Woodland Township Police Chatsworth,2014-10-01,New Jersey,,NJ00339,,,,,,,,,,,,,,,,,,,,,,,,,,,,,,,,,,,,,,,,,,,,,,,,,,,,,,,,,,,,,,,,,,,,,,,,,,,,,,,,,,,,,,,,,,,,,
Woodland Township Police Chatsworth,2014-09-01,New Jersey,,NJ00339,,,,,,,,,,,,,,,,,,,,,,,,,,,,,,,,,,,,,,,,,,,,,,,,,,,,,,,,,,,,,,,,,,,,,,,,,,,,,,,,,,,,,,,,,,,,,
Woodland Township Police Chatsworth,2014-08-01,New Jersey,,NJ00339,,,,,,,,,,,,,,,,,,,,,,,,,,,,,,,,,,,,,,,,,,,,,,,,,,,,,,,,,,,,,,,,,,,,,,,,,,,,,,,,,,,,,,,,,,,,,
Woodland Township Police Chatsworth,2014-07-01,New Jersey,,NJ00339,,,,,,,,,,,,,,,,,,,,,,,,,,,,,,,,,,,,,,,,,,,,,,,,,,,,,,,,,,,,,,,,,,,,,,,,,,,,,,,,,,,,,,,,,,,,,
Woodland Township Police Chatsworth,2014-06-01,New Jersey,,NJ00339,,,,,,,,,,,,,,,,,,,,,,,,,,,,,,,,,,,,,,,,,,,,,,,,,,,,,,,,,,,,,,,,,,,,,,,,,,,,,,,,,,,,,,,,,,,,,
Woodland Township Police Chatsworth,2014-05-01,New Jersey,,NJ00339,,,,,,,,,,,,,,,,,,,,,,,,,,,,,,,,,,,,,,,,,,,,,,,,,,,,,,,,,,,,,,,,,,,,,,,,,,,,,,,,,,,,,,,,,,,,,
Woodland Township Police Chatsworth,2014-04-01,New Jersey,,NJ00339,,,,,,,,,,,,,,,,,,,,,,,,,,,,,,,,,,,,,,,,,,,,,,,,,,,,,,,,,,,,,,,,,,,,,,,,,,,,,,,,,,,,,,,,,,,,,
Woodland Township Police Chatsworth,2014-03-01,New Jersey,,NJ00339,,,,,,,,,,,,,,,,,,,,,,,,,,,,,,,,,,,,,,,,,,,,,,,,,,,,,,,,,,,,,,,,,,,,,,,,,,,,,,,,,,,,,,,,,,,,,
Woodland Township Police Chatsworth,2014-02-01,New Jersey,,NJ00339,,,,,,,,,,,,,,,,,,,,,,,,,,,,,,,,,,,,,,,,,,,,,,,,,,,,,,,,,,,,,,,,,,,,,,,,,,,,,,,,,,,,,,,,,,,,,
Woodland Township Police Chatsworth,2014-01-01,New Jersey,,NJ00339,,,,,,,,,,,,,,,,,,,,,,,,,,,,,,,,,,,,,,,,,,,,,,,,,,,,,,,,,,,,,,,,,,,,,,,,,,,,,,,,,,,,,,,,,,,,,
Woodland Township Police Chatsworth,2013-12-01,New Jersey,,NJ00339,,,,,,,,,,,,,,,,,,,,,,,,,,,,,,,,,,,,,,,,,,,,,,,,,,,,,,,,,,,,,,,,,,,,,,,,,,,,,,,,,,,,,,,,,,,,,
Woodland Township Police Chatsworth,2013-11-01,New Jersey,,NJ00339,,,,,,,,,,,,,,,,,,,,,,,,,,,,,,,,,,,,,,,,,,,,,,,,,,,,,,,,,,,,,,,,,,,,,,,,,,,,,,,,,,,,,,,,,,,,,
Woodland Township Police Chatsworth,2013-10-01,New Jersey,,NJ00339,,,,,,,,,,,,,,,,,,,,,,,,,,,,,,,,,,,,,,,,,,,,,,,,,,,,,,,,,,,,,,,,,,,,,,,,,,,,,,,,,,,,,,,,,,,,,
Woodland Township Police Chatsworth,2013-09-01,New Jersey,,NJ00339,,,,,,,,,,,,,,,,,,,,,,,,,,,,,,,,,,,,,,,,,,,,,,,,,,,,,,,,,,,,,,,,,,,,,,,,,,,,,,,,,,,,,,,,,,,,,
Woodland Township Police Chatsworth,2013-08-01,New Jersey,,NJ00339,,,,,,,,,,,,,,,,,,,,,,,,,,,,,,,,,,,,,,,,,,,,,,,,,,,,,,,,,,,,,,,,,,,,,,,,,,,,,,,,,,,,,,,,,,,,,
Woodland Township Police Chatsworth,2013-07-01,New Jersey,,NJ00339,,,,,,,,,,,,,,,,,,,,,,,,,,,,,,,,,,,,,,,,,,,,,,,,,,,,,,,,,,,,,,,,,,,,,,,,,,,,,,,,,,,,,,,,,,,,,
Woodland Township Police Chatsworth,2013-06-01,New Jersey,,NJ00339,,,,,,,,,,,,,,,,,,,,,,,,,,,,,,,,,,,,,,,,,,,,,,,,,,,,,,,,,,,,,,,,,,,,,,,,,,,,,,,,,,,,,,,,,,,,,
Woodland Township Police Chatsworth,2013-05-01,New Jersey,,NJ00339,,,,,,,,,,,,,,,,,,,,,,,,,,,,,,,,,,,,,,,,,,,,,,,,,,,,,,,,,,,,,,,,,,,,,,,,,,,,,,,,,,,,,,,,,,,,,
Woodland Township Police Chatsworth,2013-04-01,New Jersey,,NJ00339,,,,,,,,,,,,,,,,,,,,,,,,,,,,,,,,,,,,,,,,,,,,,,,,,,,,,,,,,,,,,,,,,,,,,,,,,,,,,,,,,,,,,,,,,,,,,
Woodland Township Police Chatsworth,2013-03-01,New Jersey,,NJ00339,,,,,,,,,,,,,,,,,,,,,,,,,,,,,,,,,,,,,,,,,,,,,,,,,,,,,,,,,,,,,,,,,,,,,,,,,,,,,,,,,,,,,,,,,,,,,
Woodland Township Police Chatsworth,2013-02-01,New Jersey,,NJ00339,,,,,,,,,,,,,,,,,,,,,,,,,,,,,,,,,,,,,,,,,,,,,,,,,,,,,,,,,,,,,,,,,,,,,,,,,,,,,,,,,,,,,,,,,,,,,
Woodland Township Police Chatsworth,2013-01-01,New Jersey,,NJ00339,,,,,,,,,,,,,,,,,,,,,,,,,,,,,,,,,,,,,,,,,,,,,,,,,,,,,,,,,,,,,,,,,,,,,,,,,,,,,,,,,,,,,,,,,,,,,
Woodland Township Police Chatsworth,2012-12-01,New Jersey,,NJ00339,,,,,,,,,,,,,,,,,,,,,,,,,,,,,,,,,,,,,,,,,,,,,,,,,,,,,,,,,,,,,,,,,,,,,,,,,,,,,,,,,,,,,,,,,,,,,
Woodland Township Police Chatsworth,2012-11-01,New Jersey,,NJ00339,,,,,,,,,,,,,,,,,,,,,,,,,,,,,,,,,,,,,,,,,,,,,,,,,,,,,,,,,,,,,,,,,,,,,,,,,,,,,,,,,,,,,,,,,,,,,
Woodland Township Police Chatsworth,2012-10-01,New Jersey,,NJ00339,,,,,,,,,,,,,,,,,,,,,,,,,,,,,,,,,,,,,,,,,,,,,,,,,,,,,,,,,,,,,,,,,,,,,,,,,,,,,,,,,,,,,,,,,,,,,
Woodland Township Police Chatsworth,2012-09-01,New Jersey,,NJ00339,,,,,,,,,,,,,,,,,,,,,,,,,,,,,,,,,,,,,,,,,,,,,,,,,,,,,,,,,,,,,,,,,,,,,,,,,,,,,,,,,,,,,,,,,,,,,
Woodland Township Police Chatsworth,2012-08-01,New Jersey,,NJ00339,,,,,,,,,,,,,,,,,,,,,,,,,,,,,,,,,,,,,,,,,,,,,,,,,,,,,,,,,,,,,,,,,,,,,,,,,,,,,,,,,,,,,,,,,,,,,
Woodland Township Police Chatsworth,2012-07-01,New Jersey,,NJ00339,,,,,,,,,,,,,,,,,,,,,,,,,,,,,,,,,,,,,,,,,,,,,,,,,,,,,,,,,,,,,,,,,,,,,,,,,,,,,,,,,,,,,,,,,,,,,
Woodland Township Police Chatsworth,2012-06-01,New Jersey,,NJ00339,,,,,,,,,,,,,,,,,,,,,,,,,,,,,,,,,,,,,,,,,,,,,,,,,,,,,,,,,,,,,,,,,,,,,,,,,,,,,,,,,,,,,,,,,,,,,
Woodland Township Police Chatsworth,2012-05-01,New Jersey,,NJ00339,,,,,,,,,,,,,,,,,,,,,,,,,,,,,,,,,,,,,,,,,,,,,,,,,,,,,,,,,,,,,,,,,,,,,,,,,,,,,,,,,,,,,,,,,,,,,
Woodland Township Police Chatsworth,2012-04-01,New Jersey,,NJ00339,,,,,,,,,,,,,,,,,,,,,,,,,,,,,,,,,,,,,,,,,,,,,,,,,,,,,,,,,,,,,,,,,,,,,,,,,,,,,,,,,,,,,,,,,,,,,
Woodland Township Police Chatsworth,2012-03-01,New Jersey,,NJ00339,,,,,,,,,,,,,,,,,,,,,,,,,,,,,,,,,,,,,,,,,,,,,,,,,,,,,,,,,,,,,,,,,,,,,,,,,,,,,,,,,,,,,,,,,,,,,
Woodland Township Police Chatsworth,2012-02-01,New Jersey,,NJ00339,,,,,,,,,,,,,,,,,,,,,,,,,,,,,,,,,,,,,,,,,,,,,,,,,,,,,,,,,,,,,,,,,,,,,,,,,,,,,,,,,,,,,,,,,,,,,
Woodland Township Police Chatsworth,2012-01-01,New Jersey,,NJ00339,,,,,,,,,,,,,,,,,,,,,,,,,,,,,,,,,,,,,,,,,,,,,,,,,,,,,,,,,,,,,,,,,,,,,,,,,,,,,,,,,,,,,,,,,,,,,
Woodland Township Police Chatsworth,2011-12-01,New Jersey,,NJ00339,,,,,,,,,,,,,,,,,,,,,,,,,,,,,,,,,,,,,,,,,,,,,,,,,,,,,,,,,,,,,,,,,,,,,,,,,,,,,,,,,,,,,,,,,,,,,
Woodland Township Police Chatsworth,2011-11-01,New Jersey,,NJ00339,,,,,,,,,,,,,,,,,,,,,,,,,,,,,,,,,,,,,,,,,,,,,,,,,,,,,,,,,,,,,,,,,,,,,,,,,,,,,,,,,,,,,,,,,,,,,
Woodland Township Police Chatsworth,2011-10-01,New Jersey,,NJ00339,,,,,,,,,,,,,,,,,,,,,,,,,,,,,,,,,,,,,,,,,,,,,,,,,,,,,,,,,,,,,,,,,,,,,,,,,,,,,,,,,,,,,,,,,,,,,
Woodland Township Police Chatsworth,2011-09-01,New Jersey,,NJ00339,,,,,,,,,,,,,,,,,,,,,,,,,,,,,,,,,,,,,,,,,,,,,,,,,,,,,,,,,,,,,,,,,,,,,,,,,,,,,,,,,,,,,,,,,,,,,
Woodland Township Police Chatsworth,2011-08-01,New Jersey,,NJ00339,,,,,,,,,,,,,,,,,,,,,,,,,,,,,,,,,,,,,,,,,,,,,,,,,,,,,,,,,,,,,,,,,,,,,,,,,,,,,,,,,,,,,,,,,,,,,
Woodland Township Police Chatsworth,2011-07-01,New Jersey,,NJ00339,,,,,,,,,,,,,,,,,,,,,,,,,,,,,,,,,,,,,,,,,,,,,,,,,,,,,,,,,,,,,,,,,,,,,,,,,,,,,,,,,,,,,,,,,,,,,
Woodland Township Police Chatsworth,2011-06-01,New Jersey,,NJ00339,,,,,,,,,,,,,,,,,,,,,,,,,,,,,,,,,,,,,,,,,,,,,,,,,,,,,,,,,,,,,,,,,,,,,,,,,,,,,,,,,,,,,,,,,,,,,
Woodland Township Police Chatsworth,2011-05-01,New Jersey,,NJ00339,,,,,,,,,,,,,,,,,,,,,,,,,,,,,,,,,,,,,,,,,,,,,,,,,,,,,,,,,,,,,,,,,,,,,,,,,,,,,,,,,,,,,,,,,,,,,
Woodland Township Police Chatsworth,2011-04-01,New Jersey,,NJ00339,,,,,,,,,,,,,,,,,,,,,,,,,,,,,,,,,,,,,,,,,,,,,,,,,,,,,,,,,,,,,,,,,,,,,,,,,,,,,,,,,,,,,,,,,,,,,
Woodland Township Police Chatsworth,2011-03-01,New Jersey,,NJ00339,,,,,,,,,,,,,,,,,,,,,,,,,,,,,,,,,,,,,,,,,,,,,,,,,,,,,,,,,,,,,,,,,,,,,,,,,,,,,,,,,,,,,,,,,,,,,
Woodland Township Police Chatsworth,2011-02-01,New Jersey,,NJ00339,,,,,,,,,,,,,,,,,,,,,,,,,,,,,,,,,,,,,,,,,,,,,,,,,,,,,,,,,,,,,,,,,,,,,,,,,,,,,,,,,,,,,,,,,,,,,
Woodland Township Police Chatsworth,2011-01-01,New Jersey,,NJ00339,,,,,,,,,,,,,,,,,,,,,,,,,,,,,,,,,,,,,,,,,,,,,,,,,,,,,,,,,,,,,,,,,,,,,,,,,,,,,,,,,,,,,,,,,,,,,
Woodland Township Police Chatsworth,2010-12-01,New Jersey,,NJ00339,,,,,,,,,,,,,,,,,,,,,,,,,,,,,,,,,,,,,,,,,,,,,,,,,,,,,,,,,,,,,,,,,,,,,,,,,,,,,,,,,,,,,,,,,,,,,
Woodland Township Police Chatsworth,2010-11-01,New Jersey,,NJ00339,,,,,,,,,,,,,,,,,,,,,,,,,,,,,,,,,,,,,,,,,,,,,,,,,,,,,,,,,,,,,,,,,,,,,,,,,,,,,,,,,,,,,,,,,,,,,
Woodland Township Police Chatsworth,2010-10-01,New Jersey,,NJ00339,,,,,,,,,,,,,,,,,,,,,,,,,,,,,,,,,,,,,,,,,,,,,,,,,,,,,,,,,,,,,,,,,,,,,,,,,,,,,,,,,,,,,,,,,,,,,
Woodland Township Police Chatsworth,2010-09-01,New Jersey,,NJ00339,,,,,,,,,,,,,,,,,,,,,,,,,,,,,,,,,,,,,,,,,,,,,,,,,,,,,,,,,,,,,,,,,,,,,,,,,,,,,,,,,,,,,,,,,,,,,
Woodland Township Police Chatsworth,2010-08-01,New Jersey,,NJ00339,,,,,,,,,,,,,,,,,,,,,,,,,,,,,,,,,,,,,,,,,,,,,,,,,,,,,,,,,,,,,,,,,,,,,,,,,,,,,,,,,,,,,,,,,,,,,
Woodland Township Police Chatsworth,2010-07-01,New Jersey,,NJ00339,,,,,,,,,,,,,,,,,,,,,,,,,,,,,,,,,,,,,,,,,,,,,,,,,,,,,,,,,,,,,,,,,,,,,,,,,,,,,,,,,,,,,,,,,,,,,
Woodland Township Police Chatsworth,2010-06-01,New Jersey,,NJ00339,,,,,,,,,,,,,,,,,,,,,,,,,,,,,,,,,,,,,,,,,,,,,,,,,,,,,,,,,,,,,,,,,,,,,,,,,,,,,,,,,,,,,,,,,,,,,
Woodland Township Police Chatsworth,2010-05-01,New Jersey,,NJ00339,,,,,,,,,,,,,,,,,,,,,,,,,,,,,,,,,,,,,,,,,,,,,,,,,,,,,,,,,,,,,,,,,,,,,,,,,,,,,,,,,,,,,,,,,,,,,
Woodland Township Police Chatsworth,2010-04-01,New Jersey,,NJ00339,,,,,,,,,,,,,,,,,,,,,,,,,,,,,,,,,,,,,,,,,,,,,,,,,,,,,,,,,,,,,,,,,,,,,,,,,,,,,,,,,,,,,,,,,,,,,
Woodland Township Police Chatsworth,2010-03-01,New Jersey,,NJ00339,,,,,,,,,,,,,,,,,,,,,,,,,,,,,,,,,,,,,,,,,,,,,,,,,,,,,,,,,,,,,,,,,,,,,,,,,,,,,,,,,,,,,,,,,,,,,
Woodland Township Police Chatsworth,2010-02-01,New Jersey,,NJ00339,,,,,,,,,,,,,,,,,,,,,,,,,,,,,,,,,,,,,,,,,,,,,,,,,,,,,,,,,,,,,,,,,,,,,,,,,,,,,,,,,,,,,,,,,,,,,
Woodland Township Police Chatsworth,2010-01-01,New Jersey,,NJ00339,,,,,,,,,,,,,,,,,,,,,,,,,,,,,,,,,,,,,,,,,,,,,,,,,,,,,,,,,,,,,,,,,,,,,,,,,,,,,,,,,,,,,,,,,,,,,
Woodland Township Police Chatsworth,2009-12-01,New Jersey,1359,NJ00339,0,0,0,0,0,0,0,0,0,0,0,0,0,0,0,0,0,0,0,0,0,0,0,0,0,0,0,0,0,0,0,0,0,0,0,0,0,0,0,0,0,0,0,0,0,0,0,0,0,0,0,0,0,0,0,0,0,0,0,0,0,0,0,0,0,0,0,0,0,0,0,0,0,0,0,0,0,0,0,0,0,0,0,0,0,0,0,0,0,0,0,1,1.42027521282265
Woodland Township Police Chatsworth,2009-11-01,New Jersey,1359,NJ00339,0,0,0,0,0,0,0,0,0,0,0,0,0,0,0,0,0,0,0,0,0,0,0,0,0,0,0,0,0,0,0,0,0,0,0,0,0,0,0,0,0,0,0,0,0,0,0,0,0,0,0,0,0,0,0,0,0,0,0,0,0,0,0,0,0,0,0,0,0,0,0,0,0,0,0,0,0,0,0,0,0,0,0,0,0,0,0,0,0,0,0,1,1.42027521282265
Woodland Township Police Chatsworth,2009-10-01,New Jersey,1359,NJ00339,0,0,0,0,0,0,0,0,0,0,0,0,0,0,0,0,0,0,0,0,0,0,0,0,0,0,0,0,0,0,0,0,0,0,0,0,0,0,0,0,0,0,0,0,0,0,0,0,0,0,0,0,0,0,0,0,0,0,0,0,0,0,0,0,0,0,0,0,0,0,0,0,0,0,0,0,0,0,0,0,0,0,0,0,0,0,0,0,0,0,0,1,1.42027521282265
Woodland Township Police Chatsworth,2009-09-01,New Jersey,1359,NJ00339,0,0,0,0,0,0,0,0,0,0,0,0,0,0,0,0,0,0,0,0,0,0,0,0,0,0,0,0,0,0,0,0,0,0,0,0,0,0,0,0,0,0,0,0,0,0,0,0,0,0,0,0,0,0,0,0,0,0,0,0,0,0,0,0,0,0,0,0,0,0,0,0,0,0,0,0,0,0,0,0,0,0,0,0,0,0,0,0,0,0,0,1,1.42027521282265
Woodland Township Police Chatsworth,2009-08-01,New Jersey,1359,NJ00339,0,0,0,0,0,0,0,0,0,0,0,0,0,0,0,0,0,0,0,0,0,0,0,0,0,0,0,0,0,0,0,0,0,0,0,0,0,0,0,0,0,0,0,0,0,0,0,0,0,0,0,0,0,0,0,0,0,0,0,0,0,0,0,0,0,0,0,0,0,0,0,0,0,0,0,0,0,0,0,0,0,0,0,0,0,0,0,0,0,0,0,1,1.42027521282265
Woodland Township Police Chatsworth,2009-07-01,New Jersey,1359,NJ00339,0,0,0,0,0,0,0,0,0,0,0,0,0,0,0,0,0,0,0,0,0,0,0,0,0,0,0,0,0,0,0,0,0,0,0,0,0,0,0,0,0,0,0,0,0,0,0,0,0,0,0,0,0,0,0,0,0,0,0,0,0,0,0,0,0,0,0,0,0,0,0,0,0,0,0,0,0,0,0,0,0,0,0,0,0,0,0,0,0,0,0,1,1.42027521282265
Woodland Township Police Chatsworth,2009-06-01,New Jersey,1359,NJ00339,0,0,0,0,0,0,0,0,0,0,0,0,0,0,0,0,0,0,0,0,0,0,0,0,0,0,0,0,0,0,0,0,0,0,0,0,0,0,0,0,0,0,0,0,0,0,0,0,0,0,0,0,0,0,0,0,0,0,0,0,0,0,0,0,0,0,0,0,0,0,0,0,0,0,0,0,0,0,0,0,0,0,0,0,0,0,0,0,0,0,0,1,1.42027521282265
Woodland Township Police Chatsworth,2009-05-01,New Jersey,1359,NJ00339,0,0,0,0,0,0,0,0,0,0,0,0,0,0,0,0,0,0,0,0,0,0,0,0,0,0,0,0,0,0,0,0,0,0,0,0,0,0,0,0,0,0,0,0,0,0,0,0,0,0,0,0,0,0,0,0,0,0,0,0,0,0,0,0,0,0,0,0,0,0,0,0,0,0,0,0,0,0,0,0,0,0,0,0,0,0,0,0,0,0,0,1,1.42027521282265
Woodland Township Police Chatsworth,2009-04-01,New Jersey,1359,NJ00339,0,0,0,0,0,0,0,0,0,0,0,0,0,0,0,0,0,0,0,0,0,0,0,0,0,0,0,0,0,0,0,0,0,0,0,0,0,0,0,0,0,0,0,0,0,0,0,0,0,0,0,0,0,0,0,0,0,0,0,0,0,0,0,0,0,0,0,0,0,0,0,0,0,0,0,0,0,0,0,0,0,0,0,0,0,0,0,0,0,0,0,1,1.42027521282265
Woodland Township Police Chatsworth,2009-03-01,New Jersey,1359,NJ00339,0,0,0,0,0,0,0,0,0,0,0,0,0,0,0,0,0,0,0,0,0,0,0,0,0,0,0,0,0,0,0,0,0,0,0,0,0,0,0,0,0,0,0,0,0,0,0,0,0,0,0,0,0,0,0,0,0,0,0,0,0,0,0,0,0,0,0,0,0,0,0,0,0,0,0,0,0,0,0,0,0,0,0,0,0,0,0,0,0,0,0,1,1.42027521282265
Woodland Township Police Chatsworth,2009-02-01,New Jersey,1359,NJ00339,0,0,0,0,0,0,0,0,0,0,0,0,0,0,0,0,0,0,0,0,0,0,0,0,0,0,0,0,0,0,0,0,0,0,0,0,0,0,0,0,0,0,0,0,0,0,0,0,0,0,0,0,0,0,0,0,0,0,0,0,0,0,0,0,0,0,0,0,0,0,0,0,0,0,0,0,0,0,0,0,0,0,0,0,0,0,0,0,0,0,0,1,1.42027521282265
Woodland Township Police Chatsworth,2009-01-01,New Jersey,1359,NJ00339,0,0,0,0,0,0,0,0,0,0,0,0,0,0,0,0,0,0,0,0,0,0,0,0,0,0,0,0,0,0,0,0,0,0,0,0,0,0,0,0,0,0,0,0,0,0,0,0,0,0,0,0,0,0,0,0,0,0,0,0,0,0,0,0,0,0,0,0,0,0,0,0,0,0,0,0,0,0,0,0,0,0,0,0,0,0,0,0,0,0,0,1,1.42027521282265
Woodland Township Police Chatsworth,2008-12-01,New Jersey,1345,NJ00339,0,0,0,0,0,0,0,0,0,0,0,0,0,0,0,0,0,0,0,0,0,0,0,0,0,0,0,0,0,0,0,0,0,0,0,0,0,0,0,0,0,0,0,0,0,0,0,0,0,0,0,0,0,0,0,0,0,0,0,0,0,0,0,0,0,0,0,0,0,0,0,0,0,0,0,0,0,0,0,0,0,0,0,0,0,0,0,0,0,0,0,1,1.41522547733228
Woodland Township Police Chatsworth,2008-11-01,New Jersey,1345,NJ00339,0,0,0,0,0,0,0,0,0,0,0,0,0,0,0,0,0,0,0,0,0,0,0,0,0,0,0,0,0,0,0,0,0,0,0,0,0,0,0,0,0,0,0,0,0,0,0,0,0,0,0,0,0,0,0,0,0,0,0,0,0,0,0,0,0,0,0,0,0,0,0,0,0,0,0,0,0,0,0,0,0,0,0,0,0,0,0,0,0,0,0,1,1.41522547733228
Woodland Township Police Chatsworth,2008-10-01,New Jersey,1345,NJ00339,0,0,0,0,0,0,0,0,0,0,0,0,0,0,0,0,0,0,0,0,0,0,0,0,0,0,0,0,0,0,0,0,0,0,0,0,0,0,0,0,0,0,0,0,0,0,0,0,0,0,0,0,0,0,0,0,0,0,0,0,0,0,0,0,0,0,0,0,0,0,0,0,0,0,0,0,0,0,0,0,0,0,0,0,0,0,0,0,0,0,0,1,1.41522547733228
Woodland Township Police Chatsworth,2008-09-01,New Jersey,1345,NJ00339,0,0,0,0,0,0,0,0,0,0,0,0,0,0,0,0,0,0,0,0,0,0,0,0,0,0,0,0,0,0,0,0,0,0,0,0,0,0,0,0,0,0,0,0,0,0,0,0,0,0,0,0,0,0,0,0,0,0,0,0,0,0,0,0,0,0,0,0,0,0,0,0,0,0,0,0,0,0,0,0,0,0,0,0,0,0,0,0,0,0,0,1,1.41522547733228
Woodland Township Police Chatsworth,2008-08-01,New Jersey,1345,NJ00339,0,0,0,0,0,0,0,0,0,0,0,0,0,0,0,0,0,0,0,0,0,0,0,0,0,0,0,0,0,0,0,0,0,0,0,0,0,0,0,0,0,0,0,0,0,0,0,0,0,0,0,0,0,0,0,0,0,0,0,0,0,0,0,0,0,0,0,0,0,0,0,0,0,0,0,0,0,0,0,0,0,0,0,0,0,0,0,0,0,0,0,1,1.41522547733228
Woodland Township Police Chatsworth,2008-07-01,New Jersey,1345,NJ00339,0,0,0,0,0,0,0,0,0,0,0,0,0,0,0,0,0,0,0,0,0,0,0,0,0,0,0,0,0,0,0,0,0,0,0,0,0,0,0,0,0,0,0,0,0,0,0,0,0,0,0,0,0,0,0,0,0,0,0,0,0,0,0,0,0,0,0,0,0,0,0,0,0,0,0,0,0,0,0,0,0,0,0,0,0,0,0,0,0,0,0,1,1.41522547733228
Woodland Township Police Chatsworth,2008-06-01,New Jersey,1345,NJ00339,0,0,0,0,0,0,0,0,0,0,0,0,0,0,0,0,0,0,0,0,0,0,0,0,0,0,0,0,0,0,0,0,0,0,0,0,0,0,0,0,0,0,0,0,0,0,0,0,0,0,0,0,0,0,0,0,0,0,0,0,0,0,0,0,0,0,0,0,0,0,0,0,0,0,0,0,0,0,0,0,0,0,0,0,0,0,0,0,0,0,0,1,1.41522547733228
Woodland Township Police Chatsworth,2008-05-01,New Jersey,1345,NJ00339,0,0,0,0,0,0,0,0,0,0,0,0,0,0,0,0,0,0,0,0,0,0,0,0,0,0,0,0,0,0,0,0,0,0,0,0,0,0,0,0,0,0,0,0,0,0,0,0,0,0,0,0,0,0,0,0,0,0,0,0,0,0,0,0,0,0,0,0,0,0,0,0,0,0,0,0,0,0,0,0,0,0,0,0,0,0,0,0,0,0,0,1,1.41522547733228
Woodland Township Police Chatsworth,2008-04-01,New Jersey,1345,NJ00339,0,0,0,0,0,0,0,0,0,0,0,0,0,0,0,0,0,0,0,0,0,0,0,0,0,0,0,0,0,0,0,0,0,0,0,0,0,0,0,0,0,0,0,0,0,0,0,0,0,0,0,0,0,0,0,0,0,0,0,0,0,0,0,0,0,0,0,0,0,0,0,0,0,0,0,0,0,0,0,0,0,0,0,0,0,0,0,0,0,0,0,1,1.41522547733228
Woodland Township Police Chatsworth,2008-03-01,New Jersey,1345,NJ00339,0,0,0,0,0,0,0,0,0,0,0,0,0,0,0,0,0,0,0,0,0,0,0,0,0,0,0,0,0,0,0,0,0,0,0,0,0,0,0,0,0,0,0,0,0,0,0,0,0,0,0,0,0,0,0,0,0,0,0,0,0,0,0,0,0,0,0,0,0,0,0,0,0,0,0,0,0,0,0,0,0,0,0,0,0,0,0,0,0,0,0,1,1.41522547733228
Woodland Township Police Chatsworth,2008-02-01,New Jersey,1345,NJ00339,0,0,0,0,0,0,0,0,0,0,0,0,0,0,0,0,0,0,0,0,0,0,0,0,0,0,0,0,0,0,0,0,0,0,0,0,0,0,0,0,0,0,0,0,0,0,0,0,0,0,0,0,0,0,0,0,0,0,0,0,0,0,0,0,0,0,0,0,0,0,0,0,0,0,0,0,0,0,0,0,0,0,0,0,0,0,0,0,0,0,0,1,1.41522547733228
Woodland Township Police Chatsworth,2008-01-01,New Jersey,1345,NJ00339,0,0,0,0,0,0,0,0,0,0,0,0,0,0,0,0,0,0,0,0,0,0,0,0,0,0,0,0,0,0,0,0,0,0,0,0,0,0,0,0,0,0,0,0,0,0,0,0,0,0,0,0,0,0,0,0,0,0,0,0,0,0,0,0,0,0,0,0,0,0,0,0,0,0,0,0,0,0,0,0,0,0,0,0,0,0,0,0,0,0,0,1,1.41522547733228
Woodland Township Police Chatsworth,2007-12-01,New Jersey,1368,NJ00339,0,0,0,0,0,0,0,0,0,0,0,0,0,0,0,0,0,0,0,1,0,1,0,0,0,0,1,0,0,0,0,0,0,0,0,0,0,0,0,0,0,0,0,0,0,0,0,0,0,0,0,0,0,0,175,0,175,175,0,0,0,0,175,0,0,0,0,0,0,0,0,0,0,0,0,175,0,0,175,0,0,0,0,0,0,0,0,175,0,0,175,1,1.46955740283082
Woodland Township Police Chatsworth,2007-11-01,New Jersey,1368,NJ00339,0,0,0,0,0,0,0,0,0,0,0,0,0,0,0,0,0,0,0,0,1,1,0,0,0,0,0,0,0,0,1,0,0,0,0,0,0,0,0,0,0,0,0,0,0,0,0,0,0,0,0,0,0,0,0,735,735,735,0,0,0,0,0,0,0,0,735,0,0,0,0,0,0,0,0,735,0,0,735,0,0,0,0,0,0,0,0,0,0,0,0,1,1.46955740283082
Woodland Township Police Chatsworth,2007-10-01,New Jersey,1368,NJ00339,0,0,0,0,0,0,0,0,0,0,0,0,0,0,0,0,0,0,0,0,1,1,0,0,0,1,0,0,0,0,0,0,0,0,0,0,0,0,0,0,0,0,0,0,0,0,0,0,0,0,0,0,0,0,0,2241,2241,2241,0,0,0,2241,0,0,0,0,0,0,0,588,0,0,0,0,0,1653,0,0,2241,0,0,0,0,0,0,0,0,0,0,0,0,1,1.46955740283082
Woodland Township Police Chatsworth,2007-09-01,New Jersey,1368,NJ00339,0,0,0,0,0,0,0,0,0,0,0,0,0,0,0,0,0,0,0,1,0,1,0,0,0,0,0,0,0,0,1,0,0,0,0,0,0,0,0,0,0,0,0,0,0,0,0,0,0,0,0,0,0,0,73,0,73,73,0,0,0,0,0,0,0,0,73,0,0,0,0,0,0,0,0,73,0,0,73,0,0,0,0,0,0,0,0,0,0,0,0,1,1.46955740283082
Woodland Township Police Chatsworth,2007-08-01,New Jersey,1368,NJ00339,0,0,0,0,0,0,0,0,0,0,0,0,0,0,0,0,0,0,0,1,0,1,0,0,0,0,1,0,0,0,0,0,0,0,0,0,0,0,0,0,0,0,0,0,0,0,0,0,0,0,0,0,0,0,159,0,159,159,0,0,0,0,159,0,0,0,0,0,0,159,0,0,0,0,0,0,0,0,159,0,0,0,0,0,0,0,0,0,0,0,0,1,1.46955740283082
Woodland Township Police Chatsworth,2007-07-01,New Jersey,1368,NJ00339,0,0,0,0,0,0,0,0,0,0,0,0,0,0,0,0,0,0,0,1,0,1,0,0,0,0,0,0,0,0,1,0,0,0,0,0,0,0,0,0,0,0,0,0,0,0,0,0,0,0,0,0,0,0,191,0,191,191,0,0,0,0,0,0,0,0,191,0,0,0,0,0,0,0,0,191,0,0,191,0,0,0,0,0,0,0,0,0,0,0,0,1,1.46955740283082
Woodland Township Police Chatsworth,2007-06-01,New Jersey,1368,NJ00339,0,0,0,0,0,0,0,0,0,0,0,0,0,0,0,0,0,0,0,0,0,0,0,0,0,0,0,0,0,0,0,0,0,0,0,0,0,0,0,0,0,0,0,0,0,0,0,0,0,0,0,0,0,0,0,0,0,0,0,0,0,0,0,0,0,0,0,0,0,0,0,0,0,0,0,0,0,0,0,0,0,0,0,0,0,0,0,0,0,0,0,1,1.46955740283082
Woodland Township Police Chatsworth,2007-05-01,New Jersey,1368,NJ00339,0,0,0,0,0,0,0,0,0,0,0,0,0,0,0,0,0,0,0,1,1,2,0,0,0,0,2,0,0,0,0,0,0,0,0,0,0,0,0,0,0,0,0,0,0,0,0,0,0,0,0,0,0,0,147,845,992,992,0,0,0,0,992,0,0,0,0,0,0,147,0,0,0,0,0,845,0,0,992,0,0,0,0,0,0,0,0,0,0,0,0,1,1.46955740283082
Woodland Township Police Chatsworth,2007-04-01,New Jersey,1368,NJ00339,0,0,0,0,0,0,0,0,0,0,0,0,0,0,0,0,0,0,1,0,0,1,0,0,0,0,0,0,0,0,1,0,0,0,0,0,0,0,0,0,0,0,0,0,0,0,0,0,0,0,0,0,0,22,0,0,22,22,0,0,0,0,0,0,0,0,22,0,0,22,0,0,0,0,0,0,0,0,22,0,0,0,0,0,0,0,0,0,0,0,0,1,1.46955740283082
Woodland Township Police Chatsworth,2007-03-01,New Jersey,1368,NJ00339,0,0,0,0,0,0,0,0,0,0,0,0,0,0,0,0,0,0,1,0,1,2,0,0,0,1,1,0,0,0,0,0,0,0,0,0,0,0,0,0,0,0,0,0,0,0,0,0,0,0,0,0,0,22,0,625,647,647,0,0,0,22,625,0,0,0,0,0,0,0,0,0,0,0,0,647,0,0,647,0,0,0,0,0,0,0,0,0,0,0,0,1,1.46955740283082
Woodland Township Police Chatsworth,2007-02-01,New Jersey,1368,NJ00339,0,0,0,0,0,0,0,0,0,0,0,0,0,0,0,0,0,0,0,0,0,0,0,0,0,0,0,0,0,0,0,0,0,0,0,0,0,0,0,0,0,0,0,0,0,0,0,0,0,0,0,0,0,0,0,0,0,0,0,0,0,0,0,0,0,0,0,0,0,0,0,0,0,0,0,0,0,0,0,0,0,0,0,0,0,0,0,0,0,0,0,1,1.46955740283082
Woodland Township Police Chatsworth,2007-01-01,New Jersey,1368,NJ00339,0,0,0,0,0,0,0,0,0,0,0,0,0,0,0,0,0,0,0,0,0,0,0,0,0,0,0,0,0,0,0,0,0,0,0,0,0,0,0,0,0,0,0,0,0,0,0,0,0,0,0,0,0,0,0,0,0,0,0,0,0,0,0,0,0,0,0,0,0,0,0,0,0,0,0,0,0,0,0,0,0,0,0,0,0,0,0,0,0,0,0,1,1.46955740283082
Woodland Township Police Chatsworth,2006-12-01,New Jersey,1371,NJ00339,0,0,0,0,0,1,1,0,0,0,0,0,0,0,0,0,0,0,0,1,0,1,0,0,0,0,0,0,0,0,1,0,0,0,0,0,0,0,0,0,0,0,0,0,0,0,0,0,0,0,0,0,0,0,121,0,121,121,0,0,0,0,0,0,0,0,121,0,0,121,0,0,0,0,0,0,0,0,121,0,0,0,0,0,0,0,0,0,0,0,0,1,1.51147906246125
Woodland Township Police Chatsworth,2006-11-01,New Jersey,1371,NJ00339,0,0,1,0,0,0,1,0,0,0,0,0,0,0,0,0,0,0,1,1,0,2,0,0,0,0,2,0,0,0,0,0,0,0,0,0,0,302,0,0,0,302,0,0,0,0,0,0,0,0,0,0,0,30,302,0,333,635,0,0,0,0,333,0,0,0,0,0,0,302,0,0,0,0,0,333,0,0,635,0,0,302,0,0,0,0,0,0,0,0,302,1,1.51147906246125
Woodland Township Police Chatsworth,2006-10-01,New Jersey,1371,NJ00339,0,0,0,0,0,0,0,0,0,0,0,0,0,0,0,0,0,0,0,0,0,0,0,0,0,0,0,0,0,0,0,0,0,0,0,0,0,0,0,0,0,0,0,0,0,0,0,0,0,0,0,0,0,0,0,0,0,0,0,0,0,0,0,0,0,0,0,0,0,0,0,0,0,0,0,0,0,0,0,0,0,0,0,0,0,0,0,0,0,0,0,1,1.51147906246125
Woodland Township Police Chatsworth,2006-09-01,New Jersey,1371,NJ00339,0,0,0,2,1,0,3,0,0,0,0,0,0,0,0,0,0,0,0,1,0,1,0,0,0,0,1,0,0,0,0,0,0,0,0,0,0,0,0,0,0,0,0,0,0,0,0,0,0,0,0,0,0,0,94,0,94,94,0,0,0,0,94,0,0,0,0,0,0,94,0,0,0,0,0,0,0,0,94,0,0,0,0,0,0,0,0,0,0,0,0,1,1.51147906246125
Woodland Township Police Chatsworth,2006-08-01,New Jersey,1371,NJ00339,0,0,0,0,0,0,0,0,0,0,0,0,0,0,0,0,0,0,0,0,0,0,0,0,0,0,0,0,0,0,0,0,0,0,0,0,0,0,0,0,0,0,0,0,0,0,0,0,0,0,0,0,0,0,0,0,0,0,0,0,0,0,0,0,0,0,0,0,0,0,0,0,0,0,0,0,0,0,0,0,0,0,0,0,0,0,0,0,0,0,0,1,1.51147906246125
Woodland Township Police Chatsworth,2006-07-01,New Jersey,1371,NJ00339,0,0,0,0,0,0,0,0,0,0,0,0,0,0,0,0,0,0,0,0,0,0,0,0,0,0,0,0,0,0,0,0,0,0,0,0,0,0,0,0,0,0,0,0,0,0,0,0,0,0,0,0,0,0,0,0,0,0,0,0,0,0,0,0,0,0,0,0,0,0,0,0,0,0,0,0,0,0,0,0,0,0,0,0,0,0,0,0,0,0,0,1,1.51147906246125
Woodland Township Police Chatsworth,2006-06-01,New Jersey,1371,NJ00339,0,0,0,0,0,0,0,0,0,0,0,0,0,0,0,0,0,0,1,0,1,2,0,0,0,0,1,0,0,0,1,0,0,0,0,0,0,0,0,0,0,0,0,0,0,0,0,0,0,0,0,0,0,33,0,3254,3287,3287,0,0,0,0,33,0,0,0,3254,0,0,3287,0,0,0,0,0,0,0,0,3287,0,0,0,0,0,0,0,0,0,0,0,0,1,1.51147906246125
Woodland Township Police Chatsworth,2006-05-01,New Jersey,1371,NJ00339,0,0,0,0,0,0,0,0,0,0,0,0,0,0,0,0,0,0,0,1,0,1,0,0,0,0,1,0,0,0,0,0,0,0,0,0,0,0,0,0,0,0,0,0,0,0,0,0,0,0,0,0,0,0,272,0,272,272,0,0,0,0,272,0,0,0,0,0,0,272,0,0,0,0,0,0,0,0,272,0,0,0,0,0,0,0,0,0,0,0,0,1,1.51147906246125
Woodland Township Police Chatsworth,2006-04-01,New Jersey,1371,NJ00339,0,0,0,0,0,0,0,0,0,0,0,0,0,0,0,0,0,0,0,0,1,1,0,0,0,0,1,0,0,0,0,0,0,0,0,0,0,0,0,0,0,0,0,0,0,0,0,0,0,0,0,0,0,0,0,376,376,376,0,0,0,0,376,0,0,0,0,0,0,0,0,0,0,0,0,376,0,0,376,0,0,0,0,0,0,0,0,0,0,0,0,1,1.51147906246125
Woodland Township Police Chatsworth,2006-03-01,New Jersey,1371,NJ00339,0,0,0,0,0,0,0,0,0,0,0,0,0,0,0,0,0,0,0,0,0,0,0,0,0,0,0,0,0,0,0,0,0,0,0,0,0,0,0,0,0,0,0,0,0,0,0,0,0,0,0,0,0,0,0,0,0,0,0,0,0,0,0,0,0,0,0,0,0,0,0,0,0,0,0,0,0,0,0,0,0,0,0,0,0,0,0,0,0,0,0,1,1.51147906246125
Woodland Township Police Chatsworth,2006-02-01,New Jersey,1371,NJ00339,0,0,0,0,0,0,0,0,0,0,0,0,0,0,0,0,0,0,0,0,0,0,0,0,0,0,0,0,0,0,0,0,0,0,0,0,0,0,0,0,0,0,0,0,0,0,0,0,0,0,0,0,0,0,0,0,0,0,0,0,0,0,0,0,0,0,0,0,0,0,0,0,0,0,0,0,0,0,0,0,0,0,0,0,0,0,0,0,0,0,0,1,1.51147906246125
Woodland Township Police Chatsworth,2006-01-01,New Jersey,1371,NJ00339,0,0,0,0,0,0,0,0,0,0,0,0,0,0,0,0,0,0,0,0,0,0,0,0,0,0,0,0,0,0,0,0,0,0,0,0,0,0,0,0,0,0,0,0,0,0,0,0,0,0,0,0,0,0,0,0,0,0,0,0,0,0,0,0,0,0,0,0,0,0,0,0,0,0,0,0,0,0,0,0,0,0,0,0,0,0,0,0,0,0,0,1,1.51147906246125
Woodland Township Police Chatsworth,2005-12-01,New Jersey,1367,NJ00339,0,0,0,0,0,0,0,0,0,0,0,0,0,0,0,0,0,0,0,0,0,0,0,0,0,0,0,0,0,0,0,0,0,0,0,0,0,0,0,0,0,0,0,0,0,0,0,0,0,0,0,0,0,0,0,0,0,0,0,0,0,0,0,0,0,0,0,0,0,0,0,0,0,0,0,0,0,0,0,0,0,0,0,0,0,0,0,0,0,0,0,1,1.56023853211009
Woodland Township Police Chatsworth,2005-11-01,New Jersey,1367,NJ00339,0,0,0,0,0,0,0,0,0,0,0,0,0,0,0,0,0,0,0,1,1,2,0,0,0,0,2,0,0,0,0,0,0,0,0,0,0,0,0,0,0,0,0,0,0,0,0,0,0,0,0,0,0,0,234,936,1170,1170,0,0,0,0,1170,0,0,0,0,936,0,234,0,0,0,0,0,0,0,0,1170,0,0,0,0,0,0,0,0,0,0,0,0,1,1.56023853211009
Woodland Township Police Chatsworth,2005-10-01,New Jersey,1367,NJ00339,0,0,0,0,0,0,0,0,0,0,0,0,0,0,0,0,0,0,1,1,0,2,0,0,0,0,2,0,0,0,0,0,0,0,0,0,0,0,0,0,0,0,0,0,0,0,0,0,0,0,0,0,0,9,267,0,276,276,0,0,0,0,276,0,0,0,0,0,0,267,0,0,0,0,0,9,0,0,276,0,0,267,0,0,0,0,0,0,0,0,267,1,1.56023853211009
Woodland Township Police Chatsworth,2005-09-01,New Jersey,1367,NJ00339,0,0,0,0,0,0,0,0,0,0,0,0,0,0,0,0,0,0,2,1,0,3,0,0,0,0,3,0,0,0,0,0,0,0,0,0,0,0,0,0,0,0,0,0,0,0,0,0,0,0,0,0,0,78,94,0,172,172,0,0,0,0,172,0,0,0,0,31,0,47,0,0,0,0,0,94,0,0,172,31,0,0,0,0,0,0,0,0,0,0,31,1,1.56023853211009
Woodland Township Police Chatsworth,2005-08-01,New Jersey,1367,NJ00339,0,0,0,0,0,0,0,0,0,0,0,0,0,0,0,0,0,0,0,1,0,1,0,0,0,0,0,0,0,0,1,0,0,0,0,0,0,0,0,0,0,0,0,0,0,0,0,0,0,0,0,0,0,0,140,0,140,140,0,0,0,0,0,0,0,0,140,0,0,140,0,0,0,0,0,0,0,0,140,0,0,0,0,0,0,0,0,0,0,0,0,1,1.56023853211009
Woodland Township Police Chatsworth,2005-07-01,New Jersey,1367,NJ00339,0,0,0,0,0,0,0,0,0,0,0,0,0,0,0,0,0,0,2,0,0,2,0,0,0,0,0,0,0,0,2,0,0,0,0,0,0,0,0,0,0,0,0,0,0,0,0,0,0,0,0,0,0,78,0,0,78,78,0,0,0,0,0,0,0,0,78,0,0,78,0,0,0,0,0,0,0,0,78,0,0,62,0,0,0,0,0,0,0,0,62,1,1.56023853211009
Woodland Township Police Chatsworth,2005-06-01,New Jersey,1367,NJ00339,0,0,0,0,0,0,0,1,0,0,0,0,0,0,0,0,0,0,1,0,0,1,0,0,0,0,1,0,0,0,0,0,1,1,0,0,0,0,0,0,0,0,24964,0,0,0,0,0,0,0,0,0,0,70,0,0,70,25034,0,0,0,0,70,0,0,0,0,0,0,70,0,0,0,0,24964,0,0,0,25034,0,0,0,0,0,0,0,24964,0,0,0,24964,1,1.56023853211009
Woodland Township Police Chatsworth,2005-05-01,New Jersey,1367,NJ00339,0,0,0,0,0,0,0,0,0,0,0,0,0,0,0,0,0,0,2,0,0,2,0,0,0,0,2,0,0,0,0,0,0,0,0,0,0,0,0,0,0,0,0,0,0,0,0,0,0,0,0,0,0,117,0,0,117,117,0,0,0,0,117,0,0,0,0,0,0,117,0,0,0,0,0,0,0,0,117,0,0,0,0,0,0,0,0,0,0,0,0,1,1.56023853211009
Woodland Township Police Chatsworth,2005-04-01,New Jersey,1367,NJ00339,0,0,0,0,0,0,0,0,0,0,0,0,0,0,0,0,0,0,0,1,0,1,0,0,0,0,1,0,0,0,0,0,0,0,0,0,0,0,0,0,0,0,0,0,0,0,0,0,0,0,0,0,0,0,281,0,281,281,0,0,0,0,281,0,0,0,0,0,0,47,0,0,0,0,0,234,0,0,281,0,0,0,0,0,0,0,0,234,0,0,234,1,1.56023853211009
Woodland Township Police Chatsworth,2005-03-01,New Jersey,1367,NJ00339,0,0,0,0,0,0,0,0,0,0,0,0,0,0,0,0,0,0,1,0,0,1,0,0,0,0,0,0,0,0,1,0,0,0,0,0,0,0,0,0,0,0,0,0,0,0,0,0,0,0,0,0,0,16,0,0,16,16,0,0,0,0,0,0,0,0,16,0,0,0,0,0,0,0,0,16,0,0,16,0,0,0,0,0,0,0,0,0,0,0,0,1,1.56023853211009
Woodland Township Police Chatsworth,2005-02-01,New Jersey,1367,NJ00339,0,0,0,0,0,2,2,0,0,0,0,0,0,0,0,0,0,0,0,0,1,1,0,0,0,0,1,0,0,0,0,0,0,0,0,0,0,0,0,0,1785,1785,0,0,0,0,0,0,0,0,0,0,0,0,0,1092,1092,2877,0,0,0,0,1092,0,0,0,0,0,0,0,0,0,0,0,0,2877,0,0,2877,0,0,0,0,0,0,0,0,0,0,0,0,1,1.56023853211009
Woodland Township Police Chatsworth,2005-01-01,New Jersey,1367,NJ00339,0,0,0,0,0,0,0,0,0,0,0,0,0,0,0,0,0,0,1,1,1,3,0,0,0,0,3,0,0,0,0,0,0,0,0,0,0,0,0,0,0,0,0,0,0,0,0,0,0,0,0,0,0,8,190,1392,1590,1590,0,0,0,0,1590,0,0,0,0,0,0,1590,0,0,0,0,0,0,0,0,1590,0,0,1392,0,0,0,0,0,0,0,0,1392,1,1.56023853211009
Woodland Township Police Chatsworth,2004-12-01,New Jersey,1363,NJ00339,0,0,0,0,0,0,0,0,0,0,0,0,0,0,0,0,0,0,0,0,0,0,0,0,0,0,0,0,0,0,0,0,0,0,0,0,0,0,0,0,0,0,0,0,0,0,0,0,0,0,0,0,0,0,0,0,0,0,0,0,0,0,0,0,0,0,0,0,0,0,0,0,0,0,0,0,0,0,0,0,0,0,0,0,0,0,0,0,0,0,0,1,1.61317347569046
Woodland Township Police Chatsworth,2004-11-01,New Jersey,1363,NJ00339,0,0,0,0,0,0,0,0,0,0,0,0,0,0,0,0,0,0,0,1,0,1,0,0,0,0,1,0,0,0,0,0,0,0,0,0,0,0,0,0,0,0,0,0,0,0,0,0,0,0,0,0,0,0,161,0,161,161,0,0,0,0,161,0,0,0,0,0,0,0,0,0,0,0,0,161,0,0,161,0,0,0,0,0,0,0,0,0,0,0,0,1,1.61317347569046
Woodland Township Police Chatsworth,2004-10-01,New Jersey,1363,NJ00339,0,0,0,0,0,0,0,0,0,0,0,0,0,0,0,0,0,0,0,0,0,0,0,0,0,0,0,0,0,0,0,0,0,0,0,0,0,0,0,0,0,0,0,0,0,0,0,0,0,0,0,0,0,0,0,0,0,0,0,0,0,0,0,0,0,0,0,0,0,0,0,0,0,0,0,0,0,0,0,0,0,0,0,0,0,0,0,0,0,0,0,1,1.61317347569046
Woodland Township Police Chatsworth,2004-09-01,New Jersey,1363,NJ00339,0,0,0,0,0,0,0,0,0,0,0,0,0,0,0,0,0,0,0,0,0,0,0,0,0,0,0,0,0,0,0,0,0,0,0,0,0,0,0,0,0,0,0,0,0,0,0,0,0,0,0,0,0,0,0,0,0,0,0,0,0,0,0,0,0,0,0,0,0,0,0,0,0,0,0,0,0,0,0,0,0,0,0,0,0,0,0,0,0,0,0,1,1.61317347569046
Woodland Township Police Chatsworth,2004-08-01,New Jersey,1363,NJ00339,0,0,0,0,0,0,0,0,0,0,0,0,0,0,0,0,0,0,2,0,0,2,0,0,0,0,2,0,0,0,0,0,0,0,0,0,0,0,0,0,0,0,0,0,0,0,0,0,0,0,0,0,0,42,0,0,42,42,0,0,0,0,42,0,0,0,0,0,0,42,0,0,0,0,0,0,0,0,42,0,0,0,0,0,0,0,0,0,0,0,0,1,1.61317347569046
Woodland Township Police Chatsworth,2004-07-01,New Jersey,1363,NJ00339,0,0,0,0,0,0,0,0,0,0,0,0,0,0,0,0,0,0,1,0,0,1,0,0,0,0,1,0,0,0,0,0,0,0,0,0,0,0,0,0,0,0,0,0,0,0,0,0,0,0,0,0,0,73,0,0,73,73,0,0,0,0,73,0,0,0,0,0,0,73,0,0,0,0,0,0,0,0,73,0,0,0,0,0,0,0,0,0,0,0,0,1,1.61317347569046
Woodland Township Police Chatsworth,2004-06-01,New Jersey,1363,NJ00339,0,0,0,0,0,0,0,0,0,0,0,0,0,0,0,0,0,0,0,0,0,0,0,0,0,0,0,0,0,0,0,0,0,0,0,0,0,0,0,0,0,0,0,0,0,0,0,0,0,0,0,0,0,0,0,0,0,0,0,0,0,0,0,0,0,0,0,0,0,0,0,0,0,0,0,0,0,0,0,0,0,0,0,0,0,0,0,0,0,0,0,1,1.61317347569046
Woodland Township Police Chatsworth,2004-05-01,New Jersey,1363,NJ00339,0,0,0,0,0,0,0,0,0,0,0,0,0,0,0,0,0,0,3,0,0,3,0,0,0,0,3,0,0,0,0,0,0,0,0,0,0,0,0,0,0,0,0,0,0,0,0,0,0,0,0,0,0,131,0,0,131,131,0,0,0,0,131,0,0,0,0,0,0,131,0,0,0,0,0,0,0,0,131,0,0,0,0,0,0,0,0,0,0,0,0,1,1.61317347569046
Woodland Township Police Chatsworth,2004-04-01,New Jersey,1363,NJ00339,0,0,0,0,0,0,0,0,0,0,0,0,0,0,0,0,0,0,0,0,0,0,0,0,0,0,0,0,0,0,0,0,0,0,0,0,0,0,0,0,0,0,0,0,0,0,0,0,0,0,0,0,0,0,0,0,0,0,0,0,0,0,0,0,0,0,0,0,0,0,0,0,0,0,0,0,0,0,0,0,0,0,0,0,0,0,0,0,0,0,0,1,1.61317347569046
Woodland Township Police Chatsworth,2004-03-01,New Jersey,1363,NJ00339,0,0,0,0,0,0,0,0,0,0,0,0,0,0,0,0,0,0,0,1,0,1,0,1,0,0,0,0,0,0,0,0,0,0,0,0,0,0,0,0,0,0,0,0,0,0,0,0,0,0,0,0,0,0,81,0,81,81,0,81,0,0,0,0,0,0,0,0,0,81,0,0,0,0,0,0,0,0,81,0,0,0,0,0,0,0,0,0,0,0,0,1,1.61317347569046
Woodland Township Police Chatsworth,2004-02-01,New Jersey,1363,NJ00339,0,0,0,0,0,0,0,0,0,0,0,0,0,0,0,0,0,0,0,0,1,1,0,0,0,0,1,0,0,0,0,0,0,0,0,0,0,0,0,0,0,0,0,0,0,0,0,0,0,0,0,0,0,0,0,755,755,755,0,0,0,0,755,0,0,0,0,0,0,755,0,0,0,0,0,0,0,0,755,0,0,0,0,0,0,0,0,0,0,0,0,1,1.61317347569046
Woodland Township Police Chatsworth,2004-01-01,New Jersey,1363,NJ00339,0,0,0,0,0,0,0,0,0,0,0,0,0,0,0,0,0,0,0,1,0,1,0,0,0,0,1,0,0,0,0,0,0,0,0,0,0,0,0,0,0,0,0,0,0,0,0,0,0,0,0,0,0,0,226,0,226,226,0,0,0,0,226,0,0,0,0,0,0,0,0,0,0,0,0,226,0,0,226,0,0,0,0,0,0,0,0,0,0,0,0,1,1.61317347569046
Woodland Township Police Chatsworth,2003-12-01,New Jersey,1343,NJ00339,0,0,0,0,0,0,0,0,0,0,0,0,0,0,0,0,0,0,2,2,0,4,0,0,0,0,4,0,0,0,0,0,0,0,0,0,0,0,0,0,0,0,0,0,0,0,0,0,0,0,0,0,0,50,225,0,275,275,0,0,0,0,275,0,0,0,0,0,0,142,0,0,0,0,0,133,0,0,275,0,0,0,0,0,0,0,0,0,0,0,0,1,1.65636194790487
Woodland Township Police Chatsworth,2003-11-01,New Jersey,1343,NJ00339,0,0,0,0,0,0,0,0,0,0,0,0,0,0,0,0,0,0,0,0,0,0,0,0,0,0,0,0,0,0,0,0,0,0,0,0,0,0,0,0,0,0,0,0,0,0,0,0,0,0,0,0,0,0,0,0,0,0,0,0,0,0,0,0,0,0,0,0,0,0,0,0,0,0,0,0,0,0,0,0,0,0,0,0,0,0,0,0,0,0,0,1,1.65636194790487
Woodland Township Police Chatsworth,2003-10-01,New Jersey,1343,NJ00339,0,0,0,0,0,0,0,0,0,0,0,0,0,0,0,0,0,0,1,3,0,4,0,0,0,0,4,0,0,0,0,0,0,0,0,0,0,0,0,0,0,0,0,0,0,0,0,0,0,0,0,0,0,66,464,0,530,530,0,0,0,0,530,0,0,0,0,166,0,66,0,0,0,0,0,298,0,0,530,0,0,0,0,0,0,0,0,0,0,0,0,1,1.65636194790487
Woodland Township Police Chatsworth,2003-09-01,New Jersey,1343,NJ00339,0,0,0,0,0,0,0,0,0,0,0,0,0,0,0,0,0,0,0,0,0,0,0,0,0,0,0,0,0,0,0,0,0,0,0,0,0,0,0,0,0,0,0,0,0,0,0,0,0,0,0,0,0,0,0,0,0,0,0,0,0,0,0,0,0,0,0,0,0,0,0,0,0,0,0,0,0,0,0,0,0,0,0,0,0,0,0,0,0,0,0,1,1.65636194790487
Woodland Township Police Chatsworth,2003-08-01,New Jersey,1343,NJ00339,0,0,0,0,0,0,0,0,0,0,0,0,0,0,0,0,0,0,0,2,2,4,0,0,0,1,3,0,0,0,0,0,0,0,0,0,0,0,0,0,0,0,0,0,0,0,0,0,0,0,0,0,0,0,240,1126,1366,1366,0,0,0,654,712,0,0,0,0,0,0,1366,0,0,0,0,0,0,0,0,1366,0,0,0,0,0,0,0,0,0,0,0,0,1,1.65636194790487
Woodland Township Police Chatsworth,2003-07-01,New Jersey,1343,NJ00339,0,0,0,0,0,0,0,0,0,0,0,0,0,0,0,0,0,0,0,2,0,2,0,0,0,0,2,0,0,0,0,0,0,0,0,0,0,0,0,0,0,0,0,0,0,0,0,0,0,0,0,0,0,0,610,0,610,610,0,0,0,0,610,0,0,0,0,0,0,0,0,0,0,0,0,610,0,0,610,0,0,0,0,0,0,0,0,0,0,0,0,1,1.65636194790487
Woodland Township Police Chatsworth,2003-06-01,New Jersey,1343,NJ00339,0,0,0,0,0,0,0,0,0,0,0,0,0,0,0,0,0,0,1,0,0,1,0,0,0,0,0,0,0,0,1,0,0,0,0,0,0,0,0,0,0,0,0,0,0,0,0,0,0,0,0,0,0,33,0,0,33,33,0,0,0,0,0,0,0,0,33,0,0,33,0,0,0,0,0,0,0,0,33,0,0,0,0,0,0,0,0,0,0,0,0,1,1.65636194790487
Woodland Township Police Chatsworth,2003-05-01,New Jersey,1343,NJ00339,0,0,0,0,0,0,0,0,0,0,0,0,0,0,0,0,0,0,0,3,0,3,0,0,0,0,0,0,0,0,3,0,0,0,0,0,0,0,0,0,0,0,0,0,0,0,0,0,0,0,0,0,0,0,694,0,694,694,0,0,0,0,0,0,0,0,694,116,0,0,0,0,247,0,0,331,0,0,694,0,0,0,0,0,0,0,0,0,0,0,0,1,1.65636194790487
Woodland Township Police Chatsworth,2003-04-01,New Jersey,1343,NJ00339,0,0,0,0,0,0,0,0,0,0,0,0,0,0,0,0,0,0,0,0,0,0,0,0,0,0,0,0,0,0,0,0,0,0,0,0,0,0,0,0,0,0,0,0,0,0,0,0,0,0,0,0,0,0,0,0,0,0,0,0,0,0,0,0,0,0,0,0,0,0,0,0,0,0,0,0,0,0,0,0,0,0,0,0,0,0,0,0,0,0,0,1,1.65636194790487
Woodland Township Police Chatsworth,2003-03-01,New Jersey,1343,NJ00339,0,0,0,0,0,0,0,0,0,0,0,0,0,0,0,0,0,0,0,0,0,0,0,0,0,0,0,0,0,0,0,0,0,0,0,0,0,0,0,0,0,0,0,0,0,0,0,0,0,0,0,0,0,0,0,0,0,0,0,0,0,0,0,0,0,0,0,0,0,0,0,0,0,0,0,0,0,0,0,0,0,0,0,0,0,0,0,0,0,0,0,1,1.65636194790487
Woodland Township Police Chatsworth,2003-02-01,New Jersey,1343,NJ00339,0,0,0,0,0,0,0,0,0,0,0,0,0,0,0,0,0,0,0,0,0,0,0,0,0,0,0,0,0,0,0,0,0,0,0,0,0,0,0,0,0,0,0,0,0,0,0,0,0,0,0,0,0,0,0,0,0,0,0,0,0,0,0,0,0,0,0,0,0,0,0,0,0,0,0,0,0,0,0,0,0,0,0,0,0,0,0,0,0,0,0,1,1.65636194790487
Woodland Township Police Chatsworth,2003-01-01,New Jersey,1343,NJ00339,0,0,0,0,0,0,0,0,0,0,0,0,0,0,0,0,0,0,1,0,1,2,0,2,0,0,0,0,0,0,0,0,0,0,0,0,0,0,0,0,0,0,0,0,0,0,0,0,0,0,0,0,0,66,0,6087,6153,6153,0,6153,0,0,0,0,0,0,0,0,0,66,0,0,6087,0,0,0,0,0,6153,0,0,0,0,0,0,0,0,0,0,0,0,1,1.65636194790487
Woodland Township Police Chatsworth,2002-12-01,New Jersey,1194,NJ00339,0,0,0,0,0,0,0,0,0,0,0,0,0,0,0,0,0,0,1,0,0,1,0,0,1,0,0,0,0,0,0,0,0,0,0,0,0,0,0,0,0,0,0,0,0,0,0,0,0,0,0,0,0,78,0,0,78,78,0,0,78,0,0,0,0,0,0,78,0,0,0,0,0,0,0,0,0,0,78,78,0,0,0,0,0,0,0,0,0,0,78,1,1.69396293722493
Woodland Township Police Chatsworth,2002-11-01,New Jersey,1194,NJ00339,0,0,0,0,0,0,0,0,0,0,0,0,0,0,0,0,0,0,0,1,0,1,0,0,0,0,1,0,0,0,0,0,0,0,0,0,0,0,0,0,0,0,0,0,0,0,0,0,0,0,0,0,0,0,220,0,220,220,0,0,0,0,220,0,0,0,0,0,0,220,0,0,0,0,0,0,0,0,220,0,0,0,0,0,0,0,0,0,0,0,0,1,1.69396293722493
Woodland Township Police Chatsworth,2002-10-01,New Jersey,1194,NJ00339,0,0,0,0,0,0,0,0,0,0,0,0,0,0,0,0,0,0,0,1,0,1,0,0,0,0,1,0,0,0,0,0,0,0,0,0,0,0,0,0,0,0,0,0,0,0,0,0,0,0,0,0,0,0,305,0,305,305,0,0,0,0,305,0,0,0,0,0,0,305,0,0,0,0,0,0,0,0,305,0,0,0,0,0,0,0,0,0,0,0,0,1,1.69396293722493
Woodland Township Police Chatsworth,2002-09-01,New Jersey,1194,NJ00339,0,0,0,0,0,0,0,0,0,0,0,0,0,0,0,0,0,0,0,0,0,0,0,0,0,0,0,0,0,0,0,0,0,0,0,0,0,0,0,0,0,0,0,0,0,0,0,0,0,0,0,0,0,0,0,0,0,0,0,0,0,0,0,0,0,0,0,0,0,0,0,0,0,0,0,0,0,0,0,0,0,0,0,0,0,0,0,0,0,0,0,1,1.69396293722493
Woodland Township Police Chatsworth,2002-08-01,New Jersey,1194,NJ00339,0,0,0,0,0,0,0,0,0,0,0,0,0,0,0,0,0,0,0,0,0,0,0,0,0,0,0,0,0,0,0,0,0,0,0,0,0,0,0,0,0,0,0,0,0,0,0,0,0,0,0,0,0,0,0,0,0,0,0,0,0,0,0,0,0,0,0,0,0,0,0,0,0,0,0,0,0,0,0,0,0,0,0,0,0,0,0,0,0,0,0,1,1.69396293722493
Woodland Township Police Chatsworth,2002-07-01,New Jersey,1194,NJ00339,0,0,0,0,0,0,0,0,0,0,0,0,0,0,0,0,0,0,0,2,0,2,0,0,0,0,2,0,0,0,0,0,0,0,0,0,0,0,0,0,0,0,0,0,0,0,0,0,0,0,0,0,0,0,364,0,364,364,0,0,0,0,364,0,0,0,0,0,0,364,0,0,0,0,0,0,0,0,364,0,0,0,0,0,0,0,0,0,0,0,0,1,1.69396293722493
Woodland Township Police Chatsworth,2002-06-01,New Jersey,1194,NJ00339,0,0,0,0,0,0,0,0,0,0,0,0,0,0,0,0,0,0,0,1,0,1,0,1,0,0,0,0,0,0,0,0,0,0,0,0,0,0,0,0,0,0,0,0,0,0,0,0,0,0,0,0,0,0,169,0,169,169,0,169,0,0,0,0,0,0,0,0,0,0,0,0,0,0,0,169,0,0,169,0,0,0,0,0,0,0,0,169,0,0,169,1,1.69396293722493
Woodland Township Police Chatsworth,2002-05-01,New Jersey,1194,NJ00339,0,0,0,0,0,0,0,0,0,0,0,0,0,0,0,0,0,0,0,0,0,0,0,0,0,0,0,0,0,0,0,0,0,0,0,0,0,0,0,0,0,0,0,0,0,0,0,0,0,0,0,0,0,0,0,0,0,0,0,0,0,0,0,0,0,0,0,0,0,0,0,0,0,0,0,0,0,0,0,0,0,0,0,0,0,0,0,0,0,0,0,1,1.69396293722493
Woodland Township Police Chatsworth,2002-04-01,New Jersey,1194,NJ00339,0,0,0,0,0,1,1,0,0,0,0,0,0,0,0,0,0,0,2,1,0,3,0,1,1,0,0,0,0,0,1,0,0,0,0,0,0,0,0,0,119,119,0,0,0,0,0,0,0,0,0,0,0,68,254,0,322,440,0,169,85,0,0,0,0,0,68,0,0,186,0,0,0,0,0,254,0,0,440,0,0,0,0,0,0,0,0,254,0,0,254,1,1.69396293722493
Woodland Township Police Chatsworth,2002-03-01,New Jersey,1194,NJ00339,0,0,0,0,0,0,0,0,0,0,0,0,0,0,0,0,0,0,0,1,0,1,0,0,0,0,1,0,0,0,0,0,0,0,0,0,0,0,0,0,0,0,0,0,0,0,0,0,0,0,0,0,0,0,219,0,219,219,0,0,0,0,219,0,0,0,0,0,0,0,0,0,0,0,0,219,0,0,219,0,0,0,0,0,0,0,0,0,0,0,0,1,1.69396293722493
Woodland Township Police Chatsworth,2002-02-01,New Jersey,1194,NJ00339,0,0,0,0,0,0,0,0,0,0,0,0,0,0,0,0,0,0,0,0,0,0,0,0,0,0,0,0,0,0,0,0,0,0,0,0,0,0,0,0,0,0,0,0,0,0,0,0,0,0,0,0,0,0,0,0,0,0,0,0,0,0,0,0,0,0,0,0,0,0,0,0,0,0,0,0,0,0,0,0,0,0,0,0,0,0,0,0,0,0,0,1,1.69396293722493
Woodland Township Police Chatsworth,2002-01-01,New Jersey,1194,NJ00339,0,0,0,0,0,0,0,0,0,0,0,0,0,0,0,0,0,0,0,0,0,0,0,0,0,0,0,0,0,0,0,0,0,0,0,0,0,0,0,0,0,0,0,0,0,0,0,0,0,0,0,0,0,0,0,0,0,0,0,0,0,0,0,0,0,0,0,0,0,0,0,0,0,0,0,0,0,0,0,0,0,0,0,0,0,0,0,0,0,0,0,1,1.69396293722493
Woodland Township Police Chatsworth,2001-12-01,New Jersey,1180,NJ00339,0,0,0,0,0,0,0,0,0,0,0,0,0,0,0,0,0,0,0,0,0,0,0,0,0,0,0,0,0,0,0,0,0,0,0,0,0,0,0,0,0,0,0,0,0,0,0,0,0,0,0,0,0,0,0,0,0,0,0,0,0,0,0,0,0,0,0,0,0,0,0,0,0,0,0,0,0,0,0,0,0,0,0,0,0,0,0,0,0,0,0,1,1.7208297251506
Woodland Township Police Chatsworth,2001-11-01,New Jersey,1180,NJ00339,0,0,0,0,0,0,0,0,0,0,0,0,0,0,0,0,0,0,0,0,0,0,0,0,0,0,0,0,0,0,0,0,0,0,0,0,0,0,0,0,0,0,0,0,0,0,0,0,0,0,0,0,0,0,0,0,0,0,0,0,0,0,0,0,0,0,0,0,0,0,0,0,0,0,0,0,0,0,0,0,0,0,0,0,0,0,0,0,0,0,0,1,1.7208297251506
Woodland Township Police Chatsworth,2001-10-01,New Jersey,1180,NJ00339,0,0,0,0,0,0,0,0,1,0,0,0,0,0,0,0,0,0,0,0,0,0,0,0,0,0,0,0,0,0,0,0,0,0,0,0,0,0,0,0,0,0,0,0,0,0,0,0,0,0,0,0,0,0,0,0,0,0,0,0,0,0,0,0,0,0,0,0,0,0,0,0,0,0,0,0,0,0,0,0,0,0,0,0,0,0,0,0,0,0,0,1,1.7208297251506
Woodland Township Police Chatsworth,2001-09-01,New Jersey,1180,NJ00339,0,0,0,0,0,0,0,0,0,0,0,0,0,0,0,0,0,0,0,0,0,0,0,0,0,0,0,0,0,0,0,0,0,0,0,0,0,0,0,0,0,0,0,0,0,0,0,0,0,0,0,0,0,0,0,0,0,0,0,0,0,0,0,0,0,0,0,0,0,0,0,0,0,0,0,0,0,0,0,0,0,0,0,0,0,0,0,0,0,0,0,1,1.7208297251506
Woodland Township Police Chatsworth,2001-08-01,New Jersey,1180,NJ00339,0,0,0,0,0,0,0,0,0,0,0,0,0,0,0,0,0,0,0,0,0,0,0,0,0,0,0,0,0,0,0,0,0,0,0,0,0,0,0,0,0,0,0,0,0,0,0,0,0,0,0,0,0,0,0,0,0,0,0,0,0,0,0,0,0,0,0,0,0,0,0,0,0,0,0,0,0,0,0,0,0,0,0,0,0,0,0,0,0,0,0,1,1.7208297251506
Woodland Township Police Chatsworth,2001-07-01,New Jersey,1180,NJ00339,0,0,0,0,0,0,0,0,0,0,0,0,0,0,0,0,0,0,0,0,0,0,0,0,0,0,0,0,0,0,0,0,0,0,0,0,0,0,0,0,0,0,0,0,0,0,0,0,0,0,0,0,0,0,0,0,0,0,0,0,0,0,0,0,0,0,0,0,0,0,0,0,0,0,0,0,0,0,0,0,0,0,0,0,0,0,0,0,0,0,0,1,1.7208297251506
Woodland Township Police Chatsworth,2001-06-01,New Jersey,1180,NJ00339,0,0,0,0,0,0,0,0,0,0,0,0,0,0,0,0,0,0,0,0,0,0,0,0,0,0,0,0,0,0,0,0,0,0,0,0,0,0,0,0,0,0,0,0,0,0,0,0,0,0,0,0,0,0,0,0,0,0,0,0,0,0,0,0,0,0,0,0,0,0,0,0,0,0,0,0,0,0,0,0,0,0,0,0,0,0,0,0,0,0,0,1,1.7208297251506
Woodland Township Police Chatsworth,2001-05-01,New Jersey,1180,NJ00339,0,0,0,0,0,0,0,0,0,0,0,0,0,0,0,0,0,0,0,0,0,0,0,0,0,0,0,0,0,0,0,0,0,0,0,0,0,0,0,0,0,0,0,0,0,0,0,0,0,0,0,0,0,0,0,0,0,0,0,0,0,0,0,0,0,0,0,0,0,0,0,0,0,0,0,0,0,0,0,0,0,0,0,0,0,0,0,0,0,0,0,1,1.7208297251506
Woodland Township Police Chatsworth,2001-04-01,New Jersey,1180,NJ00339,0,0,0,0,0,0,0,0,0,0,0,0,0,0,0,0,0,0,0,0,0,0,0,0,0,0,0,0,0,0,0,0,0,0,0,0,0,0,0,0,0,0,0,0,0,0,0,0,0,0,0,0,0,0,0,0,0,0,0,0,0,0,0,0,0,0,0,0,0,0,0,0,0,0,0,0,0,0,0,0,0,0,0,0,0,0,0,0,0,0,0,1,1.7208297251506
Woodland Township Police Chatsworth,2001-03-01,New Jersey,1180,NJ00339,0,0,0,0,0,0,0,0,0,0,0,0,0,0,0,0,0,0,0,0,0,0,0,0,0,0,0,0,0,0,0,0,0,0,0,0,0,0,0,0,0,0,0,0,0,0,0,0,0,0,0,0,0,0,0,0,0,0,0,0,0,0,0,0,0,0,0,0,0,0,0,0,0,0,0,0,0,0,0,0,0,0,0,0,0,0,0,0,0,0,0,1,1.7208297251506
Woodland Township Police Chatsworth,2001-02-01,New Jersey,1180,NJ00339,0,0,0,0,0,0,0,0,0,0,0,0,0,0,0,0,0,0,0,0,0,0,0,0,0,0,0,0,0,0,0,0,0,0,0,0,0,0,0,0,0,0,0,0,0,0,0,0,0,0,0,0,0,0,0,0,0,0,0,0,0,0,0,0,0,0,0,0,0,0,0,0,0,0,0,0,0,0,0,0,0,0,0,0,0,0,0,0,0,0,0,1,1.7208297251506
Woodland Township Police Chatsworth,2001-01-01,New Jersey,1180,NJ00339,0,0,0,0,0,0,0,0,1,0,0,0,0,0,0,0,0,0,0,0,0,0,0,0,0,0,0,0,0,0,0,0,0,0,0,0,0,0,0,0,0,0,0,0,0,0,0,0,0,0,0,0,0,0,0,0,0,0,0,0,0,0,0,0,0,0,0,0,0,0,0,0,0,0,0,0,0,0,0,0,0,0,0,0,0,0,0,0,0,0,0,1,1.7208297251506
Woodland Township Police Chatsworth,2000-12-01,New Jersey,1170,NJ00339,0,0,0,0,0,0,0,0,0,0,0,0,0,0,0,0,0,0,0,0,0,0,0,0,0,0,0,0,0,0,0,0,0,0,0,0,0,0,0,0,0,0,0,0,0,0,0,0,0,0,0,0,0,0,0,0,0,0,0,0,0,0,0,0,0,0,0,0,0,0,0,0,0,0,0,0,0,0,0,0,0,0,0,0,0,0,0,0,0,0,0,1,1.76946331784747
Woodland Township Police Chatsworth,2000-11-01,New Jersey,1170,NJ00339,0,0,0,0,0,0,0,0,0,0,0,0,0,0,0,0,0,0,0,0,0,0,0,0,0,0,0,0,0,0,0,0,0,0,0,0,0,0,0,0,0,0,0,0,0,0,0,0,0,0,0,0,0,0,0,0,0,0,0,0,0,0,0,0,0,0,0,0,0,0,0,0,0,0,0,0,0,0,0,0,0,0,0,0,0,0,0,0,0,0,0,1,1.76946331784747
Woodland Township Police Chatsworth,2000-10-01,New Jersey,1170,NJ00339,0,0,0,0,0,0,0,0,0,0,0,0,0,0,0,0,0,0,0,0,0,0,0,0,0,0,0,0,0,0,0,0,0,0,0,0,0,0,0,0,0,0,0,0,0,0,0,0,0,0,0,0,0,0,0,0,0,0,0,0,0,0,0,0,0,0,0,0,0,0,0,0,0,0,0,0,0,0,0,0,0,0,0,0,0,0,0,0,0,0,0,1,1.76946331784747
Woodland Township Police Chatsworth,2000-09-01,New Jersey,1170,NJ00339,0,0,0,0,0,0,0,0,0,0,0,0,0,0,0,0,0,0,0,0,0,0,0,0,0,0,0,0,0,0,0,0,0,0,0,0,0,0,0,0,0,0,0,0,0,0,0,0,0,0,0,0,0,0,0,0,0,0,0,0,0,0,0,0,0,0,0,0,0,0,0,0,0,0,0,0,0,0,0,0,0,0,0,0,0,0,0,0,0,0,0,1,1.76946331784747
Woodland Township Police Chatsworth,2000-08-01,New Jersey,1170,NJ00339,0,0,0,0,0,0,0,0,0,0,0,0,0,0,0,0,0,0,0,0,0,0,0,0,0,0,0,0,0,0,0,0,0,0,0,0,0,0,0,0,0,0,0,0,0,0,0,0,0,0,0,0,0,0,0,0,0,0,0,0,0,0,0,0,0,0,0,0,0,0,0,0,0,0,0,0,0,0,0,0,0,0,0,0,0,0,0,0,0,0,0,1,1.76946331784747
Woodland Township Police Chatsworth,2000-07-01,New Jersey,1170,NJ00339,0,0,0,0,0,0,0,0,0,0,0,0,0,0,0,0,0,0,0,0,0,0,0,0,0,0,0,0,0,0,0,0,0,0,0,0,0,0,0,0,0,0,0,0,0,0,0,0,0,0,0,0,0,0,0,0,0,0,0,0,0,0,0,0,0,0,0,0,0,0,0,0,0,0,0,0,0,0,0,0,0,0,0,0,0,0,0,0,0,0,0,1,1.76946331784747
Woodland Township Police Chatsworth,2000-06-01,New Jersey,1170,NJ00339,0,0,0,0,0,0,0,0,0,0,0,0,0,0,0,0,0,0,0,0,0,0,0,0,0,0,0,0,0,0,0,0,0,0,0,0,0,0,0,0,0,0,0,0,0,0,0,0,0,0,0,0,0,0,0,0,0,0,0,0,0,0,0,0,0,0,0,0,0,0,0,0,0,0,0,0,0,0,0,0,0,0,0,0,0,0,0,0,0,0,0,1,1.76946331784747
Woodland Township Police Chatsworth,2000-05-01,New Jersey,1170,NJ00339,0,0,0,0,0,0,0,1,0,0,0,0,0,0,0,0,0,0,0,1,2,3,0,1,0,2,0,0,0,0,0,0,1,1,0,0,0,0,0,0,0,0,10944,0,0,0,0,0,0,0,0,0,0,0,265,6315,6581,17525,0,265,0,6315,0,0,0,0,0,1007,0,0,0,0,0,0,10944,5574,0,0,17525,0,0,0,0,0,0,0,10944,5308,0,0,16253,1,1.76946331784747
Woodland Township Police Chatsworth,2000-04-01,New Jersey,1170,NJ00339,0,0,0,0,0,0,0,1,0,0,0,0,0,0,0,0,0,0,0,1,0,1,0,0,0,0,1,0,0,0,0,0,1,1,0,0,0,0,0,0,0,0,23003,0,0,0,0,0,0,0,0,0,0,0,177,0,177,23180,0,0,0,0,177,0,0,0,0,0,0,0,0,0,0,0,23003,177,0,0,23180,0,0,0,0,0,0,0,23003,0,0,0,23003,1,1.76946331784747
Woodland Township Police Chatsworth,2000-03-01,New Jersey,1170,NJ00339,0,0,0,0,0,0,0,0,0,0,0,0,0,0,0,0,0,0,0,0,0,0,0,0,0,0,0,0,0,0,0,0,0,0,0,0,0,0,0,0,0,0,0,0,0,0,0,0,0,0,0,0,0,0,0,0,0,0,0,0,0,0,0,0,0,0,0,0,0,0,0,0,0,0,0,0,0,0,0,0,0,0,0,0,0,0,0,0,0,0,0,1,1.76946331784747
Woodland Township Police Chatsworth,2000-02-01,New Jersey,1170,NJ00339,0,0,0,0,0,0,0,0,0,0,0,0,0,0,0,0,0,0,0,0,0,0,0,0,0,0,0,0,0,0,0,0,0,0,0,0,0,0,0,0,0,0,0,0,0,0,0,0,0,0,0,0,0,0,0,0,0,0,0,0,0,0,0,0,0,0,0,0,0,0,0,0,0,0,0,0,0,0,0,0,0,0,0,0,0,0,0,0,0,0,0,1,1.76946331784747
Woodland Township Police Chatsworth,2000-01-01,New Jersey,1170,NJ00339,0,0,0,0,0,0,0,0,0,0,0,0,0,0,0,0,0,0,0,1,0,1,0,0,0,0,0,0,0,0,1,0,0,0,0,0,0,0,0,0,0,0,0,0,0,0,0,0,0,0,0,0,0,0,177,0,177,177,0,0,0,0,0,0,0,0,177,0,0,0,0,0,0,0,0,177,0,0,177,0,0,0,0,0,0,0,0,0,0,0,0,1,1.76946331784747
Woodland Township Police Chatsworth,1999-12-01,New Jersey,2043,NJ00339,0,0,0,0,0,0,0,0,0,0,0,0,0,0,0,0,0,0,0,0,2,2,0,0,0,0,0,0,0,0,2,0,0,0,0,0,0,0,0,0,0,0,0,0,0,0,0,0,0,0,0,0,0,0,0,5305,5305,5305,0,0,0,0,0,0,0,0,5305,0,0,0,0,0,0,0,0,5305,0,0,5305,0,0,0,0,0,0,0,0,0,0,0,0,1,1.82921556856271
Woodland Township Police Chatsworth,1999-11-01,New Jersey,2043,NJ00339,0,0,0,0,0,0,0,0,0,0,0,0,0,0,0,0,0,0,1,2,1,4,0,0,0,0,4,0,0,0,0,0,0,0,0,0,0,0,0,0,0,0,0,0,0,0,0,0,0,0,0,0,0,73,547,750,1370,1370,0,0,0,0,1370,0,0,0,0,0,0,256,0,0,0,0,0,1114,0,0,1370,0,0,183,0,0,0,0,0,0,0,0,183,1,1.82921556856271
Woodland Township Police Chatsworth,1999-10-01,New Jersey,2043,NJ00339,0,0,0,0,0,0,0,0,0,0,0,0,0,0,0,0,0,0,0,2,0,2,0,0,0,0,2,0,0,0,0,0,0,0,0,0,0,0,0,0,0,0,0,0,0,0,0,0,0,0,0,0,0,0,474,0,474,474,0,0,0,0,474,0,0,0,0,0,0,256,0,0,0,0,0,218,0,0,474,0,0,0,0,0,0,0,0,0,0,0,0,1,1.82921556856271
Woodland Township Police Chatsworth,1999-09-01,New Jersey,2043,NJ00339,0,0,0,0,0,0,0,0,0,0,0,0,0,0,0,0,0,0,0,0,0,0,0,0,0,0,0,0,0,0,0,0,0,0,0,0,0,0,0,0,0,0,0,0,0,0,0,0,0,0,0,0,0,0,0,0,0,0,0,0,0,0,0,0,0,0,0,0,0,0,0,0,0,0,0,0,0,0,0,0,0,0,0,0,0,0,0,0,0,0,0,1,1.82921556856271
Woodland Township Police Chatsworth,1999-08-01,New Jersey,2043,NJ00339,0,0,0,0,0,0,0,1,0,0,0,0,0,0,0,0,0,0,1,1,1,3,0,0,0,0,3,0,0,0,0,1,0,1,0,0,0,0,0,0,0,0,3658,0,0,0,0,0,0,0,0,0,0,38,256,5085,5380,9038,0,0,0,0,5380,0,0,0,0,0,0,130,0,0,0,0,3658,5250,0,0,9038,0,0,117,0,0,0,0,3658,0,0,0,3776,1,1.82921556856271
Woodland Township Police Chatsworth,1999-07-01,New Jersey,2043,NJ00339,0,0,0,0,0,0,0,0,0,0,0,0,0,0,0,0,0,0,1,0,0,1,0,0,0,0,0,0,0,0,1,0,0,0,0,0,0,0,0,0,0,0,0,0,0,0,0,0,0,0,0,0,0,46,0,0,46,46,0,0,0,0,0,0,0,0,46,0,0,0,0,0,0,0,0,46,0,0,46,0,0,0,0,0,0,0,0,0,0,0,0,1,1.82921556856271
Woodland Township Police Chatsworth,1999-06-01,New Jersey,2043,NJ00339,0,0,0,0,0,0,0,0,0,0,0,0,0,0,0,0,0,0,0,0,0,0,0,0,0,0,0,0,0,0,0,0,0,0,0,0,0,0,0,0,0,0,0,0,0,0,0,0,0,0,0,0,0,0,0,0,0,0,0,0,0,0,0,0,0,0,0,0,0,0,0,0,0,0,0,0,0,0,0,0,0,0,0,0,0,0,0,0,0,0,0,1,1.82921556856271
Woodland Township Police Chatsworth,1999-05-01,New Jersey,2043,NJ00339,0,0,0,0,0,0,0,0,0,0,0,0,0,0,0,0,0,0,0,1,0,1,0,0,0,0,0,0,0,0,1,0,0,0,0,0,0,0,0,0,0,0,0,0,0,0,0,0,0,0,0,0,0,0,157,0,157,157,0,0,0,0,0,0,0,0,157,0,0,157,0,0,0,0,0,0,0,0,157,0,0,0,0,0,0,0,0,0,0,0,0,1,1.82921556856271
Woodland Township Police Chatsworth,1999-04-01,New Jersey,2043,NJ00339,0,0,0,0,0,0,0,0,0,0,0,0,0,0,0,0,0,0,0,1,1,2,0,0,0,0,2,0,0,0,0,0,0,0,0,0,0,0,0,0,0,0,0,0,0,0,0,0,0,0,0,0,0,0,293,474,766,766,0,0,0,0,766,0,0,0,0,0,0,0,0,0,0,0,0,766,0,0,766,0,0,0,0,0,0,0,0,0,0,0,0,1,1.82921556856271
Woodland Township Police Chatsworth,1999-03-01,New Jersey,2043,NJ00339,0,0,0,0,0,0,0,0,0,0,0,0,0,0,0,0,0,0,0,0,1,1,0,0,0,0,0,0,0,0,1,0,0,0,0,0,0,0,0,0,0,0,0,0,0,0,0,0,0,0,0,0,0,0,0,457,457,457,0,0,0,0,0,0,0,0,457,0,0,0,0,0,0,0,0,457,0,0,457,0,0,0,0,0,0,0,0,0,0,0,0,1,1.82921556856271
Woodland Township Police Chatsworth,1999-02-01,New Jersey,2043,NJ00339,0,0,0,0,0,0,0,0,0,0,0,0,0,0,0,0,0,0,0,0,0,0,0,0,0,0,0,0,0,0,0,0,0,0,0,0,0,0,0,0,0,0,0,0,0,0,0,0,0,0,0,0,0,0,0,0,0,0,0,0,0,0,0,0,0,0,0,0,0,0,0,0,0,0,0,0,0,0,0,0,0,0,0,0,0,0,0,0,0,0,0,1,1.82921556856271
Woodland Township Police Chatsworth,1999-01-01,New Jersey,2043,NJ00339,0,0,0,0,0,0,0,0,0,0,0,0,0,0,0,0,0,0,0,2,2,4,0,0,0,0,4,0,0,0,0,0,0,0,0,0,0,0,0,0,0,0,0,0,0,0,0,0,0,0,0,0,0,0,305,1564,1869,1869,0,0,0,0,1869,0,0,0,0,0,0,421,0,0,0,0,0,1449,0,0,1869,0,0,0,0,0,0,0,0,0,0,0,0,1,1.82921556856271
Woodland Township Police Chatsworth,1998-12-01,New Jersey,2058,NJ00339,0,0,0,0,0,0,0,0,0,0,0,0,0,0,0,0,0,0,0,0,0,0,0,0,0,0,0,0,0,0,0,0,0,0,0,0,0,0,0,0,0,0,0,0,0,0,0,0,0,0,0,0,0,0,0,0,0,0,0,0,0,0,0,0,0,0,0,0,0,0,0,0,0,0,0,0,0,0,0,0,0,0,0,0,0,0,0,0,0,0,0,1,1.86923930269414
Woodland Township Police Chatsworth,1998-11-01,New Jersey,2058,NJ00339,0,0,0,0,0,0,0,0,0,0,0,0,0,0,0,0,0,0,0,0,0,0,0,0,0,0,0,0,0,0,0,0,0,0,0,0,0,0,0,0,0,0,0,0,0,0,0,0,0,0,0,0,0,0,0,0,0,0,0,0,0,0,0,0,0,0,0,0,0,0,0,0,0,0,0,0,0,0,0,0,0,0,0,0,0,0,0,0,0,0,0,1,1.86923930269414
Woodland Township Police Chatsworth,1998-10-01,New Jersey,2058,NJ00339,0,0,0,0,0,0,0,0,0,0,0,0,0,0,0,0,0,0,0,0,0,0,0,0,0,0,0,0,0,0,0,0,0,0,0,0,0,0,0,0,0,0,0,0,0,0,0,0,0,0,0,0,0,0,0,0,0,0,0,0,0,0,0,0,0,0,0,0,0,0,0,0,0,0,0,0,0,0,0,0,0,0,0,0,0,0,0,0,0,0,0,1,1.86923930269414
Woodland Township Police Chatsworth,1998-09-01,New Jersey,2058,NJ00339,0,0,0,0,0,0,0,0,0,0,0,0,0,0,0,0,0,0,0,0,1,1,0,0,0,0,1,0,0,0,0,0,0,0,0,0,0,0,0,0,0,0,0,0,0,0,0,0,0,0,0,0,0,0,0,748,748,748,0,0,0,0,748,0,0,0,0,0,0,748,0,0,0,0,0,0,0,0,748,0,0,0,0,0,0,0,0,0,0,0,0,1,1.86923930269414
Woodland Township Police Chatsworth,1998-08-01,New Jersey,2058,NJ00339,0,0,0,0,0,0,0,0,0,0,0,0,0,0,0,0,0,0,2,0,0,2,0,0,0,0,2,0,0,0,0,0,0,0,0,0,0,0,0,0,0,0,0,0,0,0,0,0,0,0,0,0,0,118,0,0,118,118,0,0,0,0,118,0,0,0,0,0,0,118,0,0,0,0,0,0,0,0,118,0,0,0,0,0,0,0,0,0,0,0,0,1,1.86923930269414
Woodland Township Police Chatsworth,1998-07-01,New Jersey,2058,NJ00339,0,0,0,0,0,0,0,0,0,0,0,0,0,0,0,0,0,0,0,0,0,0,0,0,0,0,0,0,0,0,0,0,0,0,0,0,0,0,0,0,0,0,0,0,0,0,0,0,0,0,0,0,0,0,0,0,0,0,0,0,0,0,0,0,0,0,0,0,0,0,0,0,0,0,0,0,0,0,0,0,0,0,0,0,0,0,0,0,0,0,0,1,1.86923930269414
Woodland Township Police Chatsworth,1998-06-01,New Jersey,2058,NJ00339,0,0,1,0,0,0,1,0,0,0,0,0,0,0,0,0,0,0,2,0,1,3,0,0,0,0,2,0,0,0,1,0,0,0,0,0,0,37,0,0,0,37,0,0,0,0,0,0,0,0,0,0,0,37,0,1241,1279,1316,0,0,0,0,37,0,0,0,1241,0,0,1241,0,0,0,0,0,75,0,0,1316,0,0,0,0,0,0,0,0,0,0,0,0,1,1.86923930269414
Woodland Township Police Chatsworth,1998-05-01,New Jersey,2058,NJ00339,0,0,1,0,0,0,1,0,0,0,0,0,0,0,0,0,0,0,0,0,1,1,0,0,0,0,1,0,0,0,0,0,0,0,0,0,0,0,0,0,0,0,0,0,0,0,0,0,0,0,0,0,0,0,0,710,710,710,0,0,0,0,710,0,0,0,0,0,0,0,0,0,0,0,0,710,0,0,710,0,0,0,0,0,0,0,0,0,0,0,0,1,1.86923930269414
Woodland Township Police Chatsworth,1998-04-01,New Jersey,2058,NJ00339,0,0,0,0,0,0,0,0,0,1,0,0,0,0,0,0,0,0,0,0,0,0,0,0,0,0,0,0,0,0,0,0,0,0,0,0,0,0,0,0,0,0,0,0,0,0,0,0,0,0,0,0,0,0,0,0,0,0,0,0,0,0,0,0,0,0,0,0,0,0,0,0,0,0,0,0,0,0,0,0,0,0,0,0,0,0,0,0,0,0,0,1,1.86923930269414
Woodland Township Police Chatsworth,1998-03-01,New Jersey,2058,NJ00339,0,0,0,0,0,0,0,0,0,0,0,0,0,0,0,0,0,0,0,1,0,1,0,0,0,0,1,0,0,0,0,0,0,0,0,0,0,0,0,0,0,0,0,0,0,0,0,0,0,0,0,0,0,0,234,0,234,234,0,0,0,0,234,0,0,0,0,0,0,0,0,0,0,0,0,234,0,0,234,0,0,0,0,0,0,0,0,0,0,0,0,1,1.86923930269414
Woodland Township Police Chatsworth,1998-02-01,New Jersey,2058,NJ00339,0,0,0,0,0,0,0,0,0,0,0,0,0,0,0,0,0,0,0,0,0,0,0,0,0,0,0,0,0,0,0,0,0,0,0,0,0,0,0,0,0,0,0,0,0,0,0,0,0,0,0,0,0,0,0,0,0,0,0,0,0,0,0,0,0,0,0,0,0,0,0,0,0,0,0,0,0,0,0,0,0,0,0,0,0,0,0,0,0,0,0,1,1.86923930269414
Woodland Township Police Chatsworth,1998-01-01,New Jersey,2058,NJ00339,0,0,0,0,0,0,0,0,0,0,0,0,0,0,0,0,0,0,1,2,1,4,0,0,0,0,4,0,0,0,0,0,0,0,0,0,0,0,0,0,0,0,0,0,0,0,0,0,0,0,0,0,0,0,353,1090,1443,1443,0,0,0,0,1443,0,0,0,0,0,0,1209,0,0,0,0,0,234,0,0,1443,0,0,0,0,0,0,0,0,0,0,0,0,1,1.86923930269414
Woodland Township Police Chatsworth,1997-12-01,New Jersey,2136,NJ00339,0,0,0,0,0,0,0,0,0,0,0,0,0,0,0,0,0,0,0,0,0,0,0,0,0,0,0,0,0,0,0,0,0,0,0,0,0,0,0,0,0,0,0,0,0,0,0,0,0,0,0,0,0,0,0,0,0,0,0,0,0,0,0,0,0,0,0,0,0,0,0,0,0,0,0,0,0,0,0,0,0,0,0,0,0,0,0,0,0,0,0,1,1.89825511369536
Woodland Township Police Chatsworth,1997-11-01,New Jersey,2136,NJ00339,0,0,0,0,0,0,0,0,0,0,0,0,0,0,0,0,0,0,0,1,0,1,0,0,0,0,1,0,0,0,0,0,0,0,0,0,0,0,0,0,0,0,0,0,0,0,0,0,0,0,0,0,0,0,199,0,199,199,0,0,0,0,199,0,0,0,0,0,0,199,0,0,0,0,0,0,0,0,199,0,0,0,0,0,0,0,0,0,0,0,0,1,1.89825511369536
Woodland Township Police Chatsworth,1997-10-01,New Jersey,2136,NJ00339,0,0,0,0,0,0,0,0,0,0,0,0,0,0,0,0,0,0,2,0,0,2,0,0,0,0,2,0,0,0,0,0,0,0,0,0,0,0,0,0,0,0,0,0,0,0,0,0,0,0,0,0,0,47,0,0,47,47,0,0,0,0,47,0,0,0,0,0,0,34,0,0,0,0,0,13,0,0,47,0,0,3652,0,0,0,0,0,0,0,0,3652,1,1.89825511369536
Woodland Township Police Chatsworth,1997-09-01,New Jersey,2136,NJ00339,0,0,0,0,0,0,0,0,0,0,0,0,0,0,0,0,0,0,0,0,2,2,0,0,0,0,1,0,0,0,1,0,0,0,0,0,0,0,0,0,0,0,0,0,0,0,0,0,0,0,0,0,0,0,0,5171,5171,5171,0,0,0,0,1519,0,0,0,3652,0,0,5171,0,0,0,0,0,0,0,0,5171,0,0,0,0,0,0,0,0,0,0,0,0,1,1.89825511369536
Woodland Township Police Chatsworth,1997-08-01,New Jersey,2136,NJ00339,0,0,0,0,0,0,0,0,0,0,0,0,0,0,0,0,0,0,0,0,0,0,0,0,0,0,0,0,0,0,0,0,0,0,0,0,0,0,0,0,0,0,0,0,0,0,0,0,0,0,0,0,0,0,0,0,0,0,0,0,0,0,0,0,0,0,0,0,0,0,0,0,0,0,0,0,0,0,0,0,0,0,0,0,0,0,0,0,0,0,0,1,1.89825511369536
Woodland Township Police Chatsworth,1997-07-01,New Jersey,2136,NJ00339,0,0,0,0,0,0,0,0,0,0,0,0,0,0,0,0,0,0,0,0,1,1,0,0,0,0,0,0,0,0,1,0,0,0,0,0,0,0,0,0,0,0,0,0,0,0,0,0,0,0,0,0,0,0,0,2889,2889,2889,0,0,0,0,0,0,0,0,2889,0,0,2889,0,0,0,0,0,0,0,0,2889,0,0,2889,0,0,0,0,0,0,0,0,2889,1,1.89825511369536
Woodland Township Police Chatsworth,1997-06-01,New Jersey,2136,NJ00339,0,0,0,0,0,0,0,0,0,0,0,0,0,0,0,0,0,0,0,0,0,0,0,0,0,0,0,0,0,0,0,0,0,0,0,0,0,0,0,0,0,0,0,0,0,0,0,0,0,0,0,0,0,0,0,0,0,0,0,0,0,0,0,0,0,0,0,0,0,0,0,0,0,0,0,0,0,0,0,0,0,0,0,0,0,0,0,0,0,0,0,1,1.89825511369536
Woodland Township Police Chatsworth,1997-05-01,New Jersey,2136,NJ00339,0,0,0,0,0,0,0,0,0,0,0,0,0,0,0,0,0,0,1,0,0,1,0,0,0,0,1,0,0,0,0,0,0,0,0,0,0,0,0,0,0,0,0,0,0,0,0,0,0,0,0,0,0,76,0,0,76,76,0,0,0,0,76,0,0,0,0,0,0,0,0,0,0,0,0,76,0,0,76,0,0,0,0,0,0,0,0,0,0,0,0,1,1.89825511369536
Woodland Township Police Chatsworth,1997-04-01,New Jersey,2136,NJ00339,0,0,0,0,0,0,0,0,0,0,0,0,0,0,0,0,0,0,0,2,0,2,0,0,0,0,2,0,0,0,0,0,0,0,0,0,0,0,0,0,0,0,0,0,0,0,0,0,0,0,0,0,0,0,266,0,266,266,0,0,0,0,266,0,0,0,0,0,0,114,0,0,0,0,0,152,0,0,266,0,0,99,0,0,0,0,0,0,0,0,99,1,1.89825511369536
Woodland Township Police Chatsworth,1997-03-01,New Jersey,2136,NJ00339,0,0,0,0,0,0,0,0,0,0,0,0,0,0,0,0,0,0,1,2,1,4,0,0,2,0,2,0,0,0,0,0,0,0,0,0,0,0,0,0,0,0,0,0,0,0,0,0,0,0,0,0,0,13,437,706,1156,1156,0,0,437,0,719,0,0,0,0,0,0,0,0,0,0,0,0,1156,0,0,1156,0,0,0,0,0,0,0,0,1156,0,0,1156,1,1.89825511369536
Woodland Township Police Chatsworth,1997-02-01,New Jersey,2136,NJ00339,0,0,0,0,0,0,0,0,0,0,0,0,0,0,0,0,0,0,0,1,0,1,0,0,0,0,1,0,0,0,0,0,0,0,0,0,0,0,0,0,0,0,0,0,0,0,0,0,0,0,0,0,0,0,95,0,95,95,0,0,0,0,95,0,0,0,0,0,0,0,0,0,0,0,0,95,0,0,95,0,0,0,0,0,0,0,0,95,0,0,95,1,1.89825511369536
Woodland Township Police Chatsworth,1997-01-01,New Jersey,2136,NJ00339,0,0,0,0,0,0,0,0,0,0,0,0,0,0,0,0,0,0,1,0,1,2,0,0,0,0,2,0,0,0,0,0,0,0,0,0,0,0,0,0,0,0,0,0,0,0,0,0,0,0,0,0,0,55,0,647,702,702,0,0,0,0,702,0,0,0,0,0,0,0,0,0,0,0,0,702,0,0,702,0,0,0,0,0,0,0,0,0,0,0,0,1,1.89825511369536
Woodland Township Police Chatsworth,1996-12-01,New Jersey,2119,NJ00339,0,0,0,0,0,0,0,0,0,0,0,0,0,0,0,0,0,0,0,0,0,0,0,0,0,0,0,0,0,0,0,0,0,0,0,0,0,0,0,0,0,0,0,0,0,0,0,0,0,0,0,0,0,0,0,0,0,0,0,0,0,0,0,0,0,0,0,0,0,0,0,0,0,0,0,0,0,0,0,0,0,0,0,0,0,0,0,0,0,0,0,1,1.94263043247264
Woodland Township Police Chatsworth,1996-11-01,New Jersey,2119,NJ00339,0,0,0,0,0,0,0,0,0,0,0,0,0,0,0,0,0,0,0,0,0,0,0,0,0,0,0,0,0,0,0,0,0,0,0,0,0,0,0,0,0,0,0,0,0,0,0,0,0,0,0,0,0,0,0,0,0,0,0,0,0,0,0,0,0,0,0,0,0,0,0,0,0,0,0,0,0,0,0,0,0,0,0,0,0,0,0,0,0,0,0,1,1.94263043247264
Woodland Township Police Chatsworth,1996-10-01,New Jersey,2119,NJ00339,0,0,0,0,0,0,0,0,0,0,0,0,0,0,0,0,0,0,0,0,0,0,0,0,0,0,0,0,0,0,0,0,0,0,0,0,0,0,0,0,0,0,0,0,0,0,0,0,0,0,0,0,0,0,0,0,0,0,0,0,0,0,0,0,0,0,0,0,0,0,0,0,0,0,0,0,0,0,0,0,0,0,0,0,0,0,0,0,0,0,0,1,1.94263043247264
Woodland Township Police Chatsworth,1996-09-01,New Jersey,2119,NJ00339,0,0,0,0,0,0,0,0,0,0,0,0,0,0,0,0,0,0,0,0,0,0,0,0,0,0,0,0,0,0,0,0,0,0,0,0,0,0,0,0,0,0,0,0,0,0,0,0,0,0,0,0,0,0,0,0,0,0,0,0,0,0,0,0,0,0,0,0,0,0,0,0,0,0,0,0,0,0,0,0,0,0,0,0,0,0,0,0,0,0,0,1,1.94263043247264
Woodland Township Police Chatsworth,1996-08-01,New Jersey,2119,NJ00339,0,0,0,0,0,0,0,0,0,0,0,0,0,0,0,0,0,0,0,0,0,0,0,0,0,0,0,0,0,0,0,0,0,0,0,0,0,0,0,0,0,0,0,0,0,0,0,0,0,0,0,0,0,0,0,0,0,0,0,0,0,0,0,0,0,0,0,0,0,0,0,0,0,0,0,0,0,0,0,0,0,0,0,0,0,0,0,0,0,0,0,1,1.94263043247264
Woodland Township Police Chatsworth,1996-07-01,New Jersey,2119,NJ00339,0,0,0,0,0,0,0,0,0,0,0,0,0,0,0,0,0,0,0,0,0,0,0,0,0,0,0,0,0,0,0,0,0,0,0,0,0,0,0,0,0,0,0,0,0,0,0,0,0,0,0,0,0,0,0,0,0,0,0,0,0,0,0,0,0,0,0,0,0,0,0,0,0,0,0,0,0,0,0,0,0,0,0,0,0,0,0,0,0,0,0,1,1.94263043247264
Woodland Township Police Chatsworth,1996-06-01,New Jersey,2119,NJ00339,0,0,0,0,0,0,0,0,0,0,0,0,0,0,0,0,0,0,0,0,0,0,0,0,0,0,0,0,0,0,0,0,0,0,0,0,0,0,0,0,0,0,0,0,0,0,0,0,0,0,0,0,0,0,0,0,0,0,0,0,0,0,0,0,0,0,0,0,0,0,0,0,0,0,0,0,0,0,0,0,0,0,0,0,0,0,0,0,0,0,0,1,1.94263043247264
Woodland Township Police Chatsworth,1996-05-01,New Jersey,2119,NJ00339,0,0,0,0,0,0,0,0,0,0,0,0,0,0,0,0,0,0,0,0,0,0,0,0,0,0,0,0,0,0,0,0,0,0,0,0,0,0,0,0,0,0,0,0,0,0,0,0,0,0,0,0,0,0,0,0,0,0,0,0,0,0,0,0,0,0,0,0,0,0,0,0,0,0,0,0,0,0,0,0,0,0,0,0,0,0,0,0,0,0,0,1,1.94263043247264
Woodland Township Police Chatsworth,1996-04-01,New Jersey,2119,NJ00339,0,0,0,0,0,0,0,0,0,0,0,0,0,0,0,0,0,0,0,0,0,0,0,0,0,0,0,0,0,0,0,0,0,0,0,0,0,0,0,0,0,0,0,0,0,0,0,0,0,0,0,0,0,0,0,0,0,0,0,0,0,0,0,0,0,0,0,0,0,0,0,0,0,0,0,0,0,0,0,0,0,0,0,0,0,0,0,0,0,0,0,1,1.94263043247264
Woodland Township Police Chatsworth,1996-03-01,New Jersey,2119,NJ00339,0,0,0,0,0,0,0,0,0,0,0,0,0,0,0,0,0,0,0,0,0,0,0,0,0,0,0,0,0,0,0,0,0,0,0,0,0,0,0,0,0,0,0,0,0,0,0,0,0,0,0,0,0,0,0,0,0,0,0,0,0,0,0,0,0,0,0,0,0,0,0,0,0,0,0,0,0,0,0,0,0,0,0,0,0,0,0,0,0,0,0,1,1.94263043247264
Woodland Township Police Chatsworth,1996-02-01,New Jersey,2119,NJ00339,0,0,0,0,0,0,0,0,0,0,0,0,0,0,0,0,0,0,0,0,0,0,0,0,0,0,0,0,0,0,0,0,0,0,0,0,0,0,0,0,0,0,0,0,0,0,0,0,0,0,0,0,0,0,0,0,0,0,0,0,0,0,0,0,0,0,0,0,0,0,0,0,0,0,0,0,0,0,0,0,0,0,0,0,0,0,0,0,0,0,0,1,1.94263043247264
Woodland Township Police Chatsworth,1996-01-01,New Jersey,2119,NJ00339,0,0,0,0,0,0,0,0,0,0,0,0,0,0,0,0,0,0,0,0,0,0,0,0,0,0,0,0,0,0,0,0,0,0,0,0,0,0,0,0,0,0,0,0,0,0,0,0,0,0,0,0,0,0,0,0,0,0,0,0,0,0,0,0,0,0,0,0,0,0,0,0,0,0,0,0,0,0,0,0,0,0,0,0,0,0,0,0,0,0,0,1,1.94263043247264
Woodland Township Police Chatsworth,1995-12-01,New Jersey,2108,NJ00339,0,0,0,0,0,0,0,0,0,0,0,0,0,0,0,0,0,0,0,4,0,4,0,0,0,0,4,0,0,0,0,0,0,0,0,0,0,0,0,0,0,0,0,0,0,0,0,0,0,0,0,0,0,0,1116,0,1116,1116,0,0,0,0,1116,0,0,0,0,160,0,558,0,0,0,0,0,398,0,0,1116,0,0,0,0,0,0,0,0,0,0,0,0,1,1.99957289729848
Woodland Township Police Chatsworth,1995-11-01,New Jersey,2108,NJ00339,0,0,0,0,0,0,0,0,0,0,0,0,0,0,0,0,0,0,0,0,0,0,0,0,0,0,0,0,0,0,0,0,0,0,0,0,0,0,0,0,0,0,0,0,0,0,0,0,0,0,0,0,0,0,0,0,0,0,0,0,0,0,0,0,0,0,0,0,0,0,0,0,0,0,0,0,0,0,0,0,0,0,0,0,0,0,0,0,0,0,0,1,1.99957289729848
Woodland Township Police Chatsworth,1995-10-01,New Jersey,2108,NJ00339,0,0,0,0,0,0,0,0,0,0,0,0,0,0,0,0,0,0,0,1,0,1,0,0,0,0,1,0,0,0,0,0,0,0,0,0,0,0,0,0,0,0,0,0,0,0,0,0,0,0,0,0,0,0,318,0,318,318,0,0,0,0,318,0,0,0,0,0,0,0,0,0,0,0,0,318,0,0,318,0,0,0,0,0,0,0,0,0,0,0,0,1,1.99957289729848
Woodland Township Police Chatsworth,1995-09-01,New Jersey,2108,NJ00339,0,0,0,0,0,0,0,0,0,0,0,0,0,0,0,0,0,0,1,0,1,2,0,0,0,0,2,0,0,0,0,0,0,0,0,0,0,0,0,0,0,0,0,0,0,0,0,0,0,0,0,0,0,40,0,3499,3539,3539,0,0,0,0,3539,0,0,0,0,0,0,40,0,0,0,0,0,3499,0,0,3539,0,0,0,0,0,0,0,0,0,0,0,0,1,1.99957289729848
Woodland Township Police Chatsworth,1995-08-01,New Jersey,2108,NJ00339,0,0,0,0,0,0,0,0,0,0,0,0,0,0,0,0,0,0,0,0,0,0,0,0,0,0,0,0,0,0,0,0,0,0,0,0,0,0,0,0,0,0,0,0,0,0,0,0,0,0,0,0,0,0,0,0,0,0,0,0,0,0,0,0,0,0,0,0,0,0,0,0,0,0,0,0,0,0,0,0,0,0,0,0,0,0,0,0,0,0,0,1,1.99957289729848
Woodland Township Police Chatsworth,1995-07-01,New Jersey,2108,NJ00339,0,0,0,0,0,0,0,0,0,0,0,0,0,0,0,0,0,0,0,1,0,1,0,0,0,0,1,0,0,0,0,0,0,0,0,0,0,0,0,0,0,0,0,0,0,0,0,0,0,0,0,0,0,0,140,0,140,140,0,0,0,0,140,0,0,0,0,0,0,0,0,0,0,0,0,140,0,0,140,0,0,0,0,0,0,0,0,0,0,0,0,1,1.99957289729848
Woodland Township Police Chatsworth,1995-06-01,New Jersey,2108,NJ00339,0,0,0,0,0,0,0,0,0,0,0,0,0,0,0,0,0,0,0,0,1,1,0,0,0,0,1,0,0,0,0,0,0,0,0,0,0,0,0,0,0,0,0,0,0,0,0,0,0,0,0,0,0,0,0,5127,5127,5127,0,0,0,0,5127,0,0,0,0,0,0,4327,0,0,0,0,0,800,0,0,5127,0,0,0,0,0,0,0,0,800,0,0,800,1,1.99957289729848
Woodland Township Police Chatsworth,1995-05-01,New Jersey,2108,NJ00339,0,0,0,0,0,0,0,0,0,0,0,0,0,0,0,0,0,0,1,2,0,3,0,0,0,0,3,0,0,0,0,0,0,0,0,0,0,0,0,0,0,0,0,0,0,0,0,0,0,0,0,0,0,50,456,0,506,506,0,0,0,0,506,0,0,0,0,0,0,50,0,0,0,0,0,456,0,0,506,0,0,0,0,0,0,0,0,0,0,0,0,1,1.99957289729848
Woodland Township Police Chatsworth,1995-04-01,New Jersey,2108,NJ00339,0,0,0,0,0,0,0,0,0,0,0,0,0,0,0,0,0,0,0,1,0,1,0,0,0,0,1,0,0,0,0,0,0,0,0,0,0,0,0,0,0,0,0,0,0,0,0,0,0,0,0,0,0,0,148,0,148,148,0,0,0,0,148,0,0,0,0,0,0,0,0,0,0,0,0,148,0,0,148,0,0,0,0,0,0,0,0,160,0,0,160,1,1.99957289729848
Woodland Township Police Chatsworth,1995-03-01,New Jersey,2108,NJ00339,0,0,0,0,0,1,1,0,0,0,0,0,0,0,0,0,0,0,2,0,0,2,0,0,0,0,0,0,0,0,2,0,0,0,0,0,0,0,0,0,9998,9998,0,0,0,0,0,0,0,0,0,0,0,0,0,0,0,9998,0,0,0,0,0,0,0,0,0,0,0,0,0,0,0,0,0,9998,0,0,9998,0,0,0,0,0,0,0,0,0,0,0,0,1,1.99957289729848
Woodland Township Police Chatsworth,1995-02-01,New Jersey,2108,NJ00339,0,0,0,0,0,0,0,0,0,0,0,0,0,0,0,0,0,0,0,1,1,2,0,0,0,0,2,0,0,0,0,0,1,1,0,0,0,0,0,0,0,0,0,0,0,0,0,0,0,0,0,0,0,0,110,500,610,610,0,0,0,0,610,0,0,0,0,500,0,110,0,0,0,0,0,0,0,0,610,0,0,0,0,0,0,0,2399,3999,0,0,6399,1,1.99957289729848
Woodland Township Police Chatsworth,1995-01-01,New Jersey,2108,NJ00339,0,0,0,0,0,1,1,0,0,1,0,0,0,0,0,0,0,0,0,2,3,5,0,0,0,1,4,0,0,0,0,0,0,0,0,0,0,0,0,0,0,0,0,0,0,0,0,0,0,0,0,0,0,0,500,1200,1700,1700,0,0,0,600,1100,0,0,0,0,0,0,600,0,0,0,0,0,1100,0,0,1700,0,0,0,0,0,0,0,0,2695,0,0,2695,1,1.99957289729848
Woodland Township Police Chatsworth,1994-12-01,New Jersey,2098,NJ00339,0,0,0,0,0,0,0,0,0,0,0,0,0,0,0,0,0,0,0,1,1,2,0,0,0,0,2,0,0,0,0,0,0,0,0,0,0,0,0,0,0,0,0,0,0,0,0,0,0,0,0,0,0,0,360,2771,3131,3131,0,0,0,0,3131,0,0,0,0,0,0,360,0,0,0,0,0,2771,0,0,3131,0,0,360,0,0,0,0,0,0,0,0,360,1,2.05566930904593
Woodland Township Police Chatsworth,1994-11-01,New Jersey,2098,NJ00339,0,0,0,0,0,0,0,0,0,0,0,0,0,0,0,0,0,0,0,0,1,1,0,0,0,0,1,0,0,0,0,0,0,0,0,0,0,0,0,0,0,0,0,0,0,0,0,0,0,0,0,0,0,0,0,493,493,493,0,0,0,0,493,0,0,0,0,0,0,0,0,0,0,0,0,493,0,0,493,0,0,0,0,0,0,0,0,0,0,0,0,1,2.05566930904593
Woodland Township Police Chatsworth,1994-10-01,New Jersey,2098,NJ00339,0,0,0,0,0,0,0,0,0,0,0,0,0,0,0,0,0,0,1,0,0,1,0,0,0,0,1,0,0,0,0,0,0,0,0,0,0,0,0,0,0,0,0,0,0,0,0,0,0,0,0,0,0,35,0,0,35,35,0,0,0,0,35,0,0,0,0,0,0,35,0,0,0,0,0,0,0,0,35,0,0,35,0,0,0,0,0,0,0,0,35,1,2.05566930904593
Woodland Township Police Chatsworth,1994-09-01,New Jersey,2098,NJ00339,0,0,0,0,0,0,0,0,0,0,0,0,0,0,0,0,0,0,1,1,0,2,0,0,0,0,2,0,0,0,0,0,0,0,0,0,0,0,0,0,0,0,0,0,0,0,0,0,0,0,0,0,0,95,376,0,471,471,0,0,0,0,471,0,0,0,0,0,0,95,0,0,0,0,0,376,0,0,471,0,0,95,0,0,0,0,0,376,0,0,471,1,2.05566930904593
Woodland Township Police Chatsworth,1994-08-01,New Jersey,2098,NJ00339,0,0,0,0,0,0,0,0,0,0,0,0,0,0,0,0,0,0,0,1,0,1,0,0,0,0,1,0,0,0,0,0,0,0,0,0,0,0,0,0,0,0,0,0,0,0,0,0,0,0,0,0,0,0,123,0,123,123,0,0,0,0,123,0,0,0,0,0,0,0,0,0,0,0,0,123,0,0,123,0,0,0,0,0,0,0,0,0,0,0,0,1,2.05566930904593
Woodland Township Police Chatsworth,1994-07-01,New Jersey,2098,NJ00339,0,0,0,0,0,0,0,0,0,1,0,0,0,0,0,0,0,0,0,1,1,2,0,0,0,0,2,0,0,0,0,0,0,0,0,0,0,0,0,0,0,0,0,0,0,0,0,0,0,0,0,0,0,0,154,2467,2621,2621,0,0,0,0,2621,0,0,0,0,0,0,0,0,0,2467,0,0,154,0,0,2621,0,0,0,0,0,0,0,0,0,0,0,0,1,2.05566930904593
Woodland Township Police Chatsworth,1994-06-01,New Jersey,2098,NJ00339,0,0,0,0,0,0,0,0,0,0,0,0,0,0,0,0,0,0,0,0,0,0,0,0,0,0,0,0,0,0,0,0,0,0,0,0,0,0,0,0,0,0,0,0,0,0,0,0,0,0,0,0,0,0,0,0,0,0,0,0,0,0,0,0,0,0,0,0,0,0,0,0,0,0,0,0,0,0,0,0,0,0,0,0,0,0,0,0,0,0,0,1,2.05566930904593
Woodland Township Police Chatsworth,1994-05-01,New Jersey,2098,NJ00339,0,0,0,0,0,0,0,0,0,0,0,0,0,0,0,0,0,0,1,0,1,2,0,0,0,0,2,0,0,0,0,0,0,0,0,0,0,0,0,0,0,0,0,0,0,0,0,0,0,0,0,0,0,29,0,822,851,851,0,0,0,0,851,0,0,0,0,0,0,0,0,0,0,0,0,851,0,0,851,0,0,0,0,0,0,0,0,0,0,0,0,1,2.05566930904593
Woodland Township Police Chatsworth,1994-04-01,New Jersey,2098,NJ00339,0,0,0,0,0,0,0,0,0,0,0,0,0,0,0,0,0,0,0,0,0,0,0,0,0,0,0,0,0,0,0,0,0,0,0,0,0,0,0,0,0,0,0,0,0,0,0,0,0,0,0,0,0,0,0,0,0,0,0,0,0,0,0,0,0,0,0,0,0,0,0,0,0,0,0,0,0,0,0,0,0,0,0,0,0,0,0,0,0,0,0,1,2.05566930904593
Woodland Township Police Chatsworth,1994-03-01,New Jersey,2098,NJ00339,0,0,0,0,0,0,0,0,0,0,0,0,0,0,0,0,0,0,0,2,0,2,0,0,0,0,2,0,0,0,0,0,0,0,0,0,0,0,0,0,0,0,0,0,0,0,0,0,0,0,0,0,0,0,134,0,134,134,0,0,0,0,134,0,0,0,0,0,0,0,0,0,0,0,0,134,0,0,134,0,0,0,0,0,0,0,0,0,0,0,0,1,2.05566930904593
Woodland Township Police Chatsworth,1994-02-01,New Jersey,2098,NJ00339,0,0,0,1,0,0,1,0,0,0,0,0,0,0,0,0,0,0,0,0,0,0,0,0,0,0,0,0,0,0,0,0,0,0,0,0,0,0,0,206,0,206,0,0,0,0,0,0,0,0,0,0,0,0,0,0,0,206,0,0,0,0,0,0,0,0,0,0,0,0,0,0,0,0,0,206,0,0,206,0,0,0,0,0,0,0,0,0,0,0,0,1,2.05566930904593
Woodland Township Police Chatsworth,1994-01-01,New Jersey,2098,NJ00339,0,0,0,0,0,0,0,0,0,0,0,0,0,0,0,0,0,0,0,0,0,0,0,0,0,0,0,0,0,0,0,0,0,0,0,0,0,0,0,0,0,0,0,0,0,0,0,0,0,0,0,0,0,0,0,0,0,0,0,0,0,0,0,0,0,0,0,0,0,0,0,0,0,0,0,0,0,0,0,0,0,0,0,0,0,0,0,0,0,0,0,1,2.05566930904593
Woodland Township Police Chatsworth,1993-12-01,New Jersey,2092,NJ00339,0,0,0,0,0,0,0,0,0,0,0,0,0,0,0,0,0,0,0,1,1,2,0,0,0,0,2,0,0,0,0,0,0,0,0,0,0,0,0,0,0,0,0,0,0,0,0,0,0,0,0,0,0,0,127,475,601,601,0,0,0,0,601,0,0,0,0,0,0,0,0,0,0,0,0,601,0,0,601,0,0,0,0,0,0,0,0,0,0,0,0,1,2.10926968560715
Woodland Township Police Chatsworth,1993-11-01,New Jersey,2092,NJ00339,0,0,0,0,0,0,0,0,0,0,0,0,0,0,0,0,0,0,1,0,0,1,0,0,0,0,1,0,0,0,0,0,0,0,0,0,0,0,0,0,0,0,0,0,0,0,0,0,0,0,0,0,0,63,0,0,63,63,0,0,0,0,63,0,0,0,0,0,0,0,0,0,0,0,0,63,0,0,63,0,0,0,0,0,0,0,0,0,0,0,0,1,2.10926968560715
Woodland Township Police Chatsworth,1993-10-01,New Jersey,2092,NJ00339,0,0,0,0,0,0,0,0,0,1,0,0,0,0,0,0,0,0,1,0,0,1,0,0,0,0,1,0,0,0,0,0,0,0,0,0,0,0,0,0,0,0,0,0,0,0,0,0,0,0,0,0,0,61,0,0,61,61,0,0,0,0,61,0,0,0,0,0,0,0,0,0,0,0,0,61,0,0,61,0,0,0,0,0,0,0,0,0,0,0,0,1,2.10926968560715
Woodland Township Police Chatsworth,1993-09-01,New Jersey,2092,NJ00339,0,0,0,0,0,0,0,0,0,0,0,0,0,0,0,0,0,0,2,0,0,2,0,0,0,0,2,0,0,0,0,0,0,0,0,0,0,0,0,0,0,0,0,0,0,0,0,0,0,0,0,0,0,95,0,0,95,95,0,0,0,0,95,0,0,0,0,0,0,0,0,0,74,0,0,21,0,0,95,0,0,0,0,0,0,0,0,0,0,0,0,1,2.10926968560715
Woodland Township Police Chatsworth,1993-08-01,New Jersey,2092,NJ00339,0,0,0,0,0,0,0,0,0,0,0,0,0,0,0,0,0,0,0,2,0,2,0,0,0,0,2,0,0,0,0,0,0,0,0,0,0,0,0,0,0,0,0,0,0,0,0,0,0,0,0,0,0,0,633,0,633,633,0,0,0,0,633,0,0,0,0,0,0,0,0,0,0,0,0,633,0,0,633,0,0,0,0,0,0,0,0,0,0,0,0,1,2.10926968560715
Woodland Township Police Chatsworth,1993-07-01,New Jersey,2092,NJ00339,0,0,0,0,0,0,0,0,0,0,0,0,0,0,0,0,0,0,2,0,1,3,0,0,0,0,0,0,2,0,1,0,0,0,0,0,0,0,0,0,0,0,0,0,0,0,0,0,0,0,0,0,0,30,0,1055,1084,1084,0,0,0,0,0,0,30,0,1055,0,0,1055,0,0,0,0,0,30,0,0,1084,0,0,0,0,0,0,0,0,0,0,0,0,1,2.10926968560715
Woodland Township Police Chatsworth,1993-06-01,New Jersey,2092,NJ00339,0,0,0,0,0,0,0,0,0,0,0,0,0,0,0,0,0,0,0,1,0,1,0,0,0,0,0,0,0,0,1,0,0,0,0,0,0,0,0,0,0,0,0,0,0,0,0,0,0,0,0,0,0,0,211,0,211,211,0,0,0,0,0,0,0,0,211,0,0,0,0,0,0,0,0,211,0,0,211,0,0,0,0,0,0,0,0,0,0,0,0,1,2.10926968560715
Woodland Township Police Chatsworth,1993-05-01,New Jersey,2092,NJ00339,0,0,0,0,0,0,0,0,0,0,0,0,0,0,0,0,0,0,0,1,0,1,0,0,0,0,0,0,0,0,1,0,0,0,0,0,0,0,0,0,0,0,0,0,0,0,0,0,0,0,0,0,0,0,211,0,211,211,0,0,0,0,0,0,0,0,211,0,0,0,0,0,0,0,0,211,0,0,211,0,0,0,0,0,0,0,0,0,0,0,0,1,2.10926968560715
Woodland Township Police Chatsworth,1993-04-01,New Jersey,2092,NJ00339,0,0,0,0,0,0,0,0,0,0,0,0,0,0,0,0,0,0,1,0,0,1,0,0,0,0,0,1,0,0,0,0,0,0,0,0,0,0,0,0,0,0,0,0,0,0,0,0,0,0,0,0,0,32,0,0,32,32,0,0,0,0,0,32,0,0,0,0,0,32,0,0,0,0,0,0,0,0,32,0,0,32,0,0,0,0,0,0,0,0,32,1,2.10926968560715
Woodland Township Police Chatsworth,1993-03-01,New Jersey,2092,NJ00339,0,0,0,0,0,0,0,0,0,0,0,0,0,0,0,0,0,0,0,0,0,0,0,0,0,0,0,0,0,0,0,0,0,0,0,0,0,0,0,0,0,0,0,0,0,0,0,0,0,0,0,0,0,0,0,0,0,0,0,0,0,0,0,0,0,0,0,0,0,0,0,0,0,0,0,0,0,0,0,0,0,0,0,0,0,0,0,0,0,0,0,1,2.10926968560715
Woodland Township Police Chatsworth,1993-02-01,New Jersey,2092,NJ00339,0,0,0,0,0,0,0,0,0,0,0,0,0,0,0,0,0,0,0,0,0,0,0,0,0,0,0,0,0,0,0,0,0,0,0,0,0,0,0,0,0,0,0,0,0,0,0,0,0,0,0,0,0,0,0,0,0,0,0,0,0,0,0,0,0,0,0,0,0,0,0,0,0,0,0,0,0,0,0,0,0,0,0,0,0,0,0,0,0,0,0,1,2.10926968560715
Woodland Township Police Chatsworth,1993-01-01,New Jersey,2092,NJ00339,0,0,1,0,0,0,1,0,0,0,0,0,0,0,0,0,0,0,2,1,0,3,0,0,0,0,0,0,1,0,2,0,0,0,0,0,0,1287,0,0,0,1287,0,0,0,0,0,0,0,0,0,0,0,53,105,0,158,1445,0,0,0,0,0,0,105,0,53,0,0,105,0,0,0,0,0,1339,0,0,1445,0,0,0,0,0,0,0,0,0,0,0,0,1,2.10926968560715
Woodland Township Police Chatsworth,1992-12-01,New Jersey,2077,NJ00339,0,0,0,0,0,0,0,0,0,0,0,0,0,0,0,0,0,0,0,0,0,0,0,0,0,0,0,0,0,0,0,0,0,0,0,0,0,0,0,0,0,0,0,0,0,0,0,0,0,0,0,0,0,0,0,0,0,0,0,0,0,0,0,0,0,0,0,0,0,0,0,0,0,0,0,0,0,0,0,0,0,0,0,0,0,0,0,0,0,0,0,1,2.17152809122224
Woodland Township Police Chatsworth,1992-11-01,New Jersey,2077,NJ00339,0,0,0,0,0,0,0,0,0,0,0,0,0,0,0,0,0,0,0,0,0,0,0,0,0,0,0,0,0,0,0,0,0,0,0,0,0,0,0,0,0,0,0,0,0,0,0,0,0,0,0,0,0,0,0,0,0,0,0,0,0,0,0,0,0,0,0,0,0,0,0,0,0,0,0,0,0,0,0,0,0,0,0,0,0,0,0,0,0,0,0,1,2.17152809122224
Woodland Township Police Chatsworth,1992-10-01,New Jersey,2077,NJ00339,0,0,0,0,0,0,0,0,0,0,0,0,0,0,0,0,0,0,0,0,0,0,0,0,0,0,0,0,0,0,0,0,0,0,0,0,0,0,0,0,0,0,0,0,0,0,0,0,0,0,0,0,0,0,0,0,0,0,0,0,0,0,0,0,0,0,0,0,0,0,0,0,0,0,0,0,0,0,0,0,0,0,0,0,0,0,0,0,0,0,0,1,2.17152809122224
Woodland Township Police Chatsworth,1992-09-01,New Jersey,2077,NJ00339,0,1,0,0,0,0,1,0,0,0,0,0,0,0,0,0,0,0,1,1,0,2,0,0,0,0,2,0,0,0,0,0,0,0,0,1086,0,0,0,0,0,1086,0,0,0,0,0,0,0,0,0,0,0,76,206,0,282,1368,0,0,0,0,282,0,0,0,0,0,0,282,0,0,0,0,0,1086,0,0,1368,0,0,0,0,0,0,0,0,0,0,0,0,1,2.17152809122224
Woodland Township Police Chatsworth,1992-08-01,New Jersey,2077,NJ00339,0,0,0,0,1,0,1,0,0,0,0,0,0,0,0,0,0,0,0,0,0,0,0,0,0,0,0,0,0,0,0,0,0,0,0,0,0,0,8686,0,0,8686,0,0,0,0,0,0,0,0,0,0,0,0,0,0,0,8686,0,0,0,0,0,0,0,0,0,0,0,0,0,0,0,0,0,8686,0,0,8686,0,0,0,0,0,0,0,0,0,0,0,0,1,2.17152809122224
Woodland Township Police Chatsworth,1992-07-01,New Jersey,2077,NJ00339,0,0,0,0,1,0,1,0,0,0,0,0,0,0,0,0,0,0,0,1,0,1,0,0,0,0,1,0,0,0,0,0,0,0,0,0,0,0,0,0,0,0,0,0,0,0,0,0,0,0,0,0,0,0,434,0,434,434,0,0,0,0,434,0,0,0,0,0,0,0,0,0,0,0,0,434,0,0,434,0,0,0,0,0,0,0,0,0,0,0,0,1,2.17152809122224
Woodland Township Police Chatsworth,1992-06-01,New Jersey,2077,NJ00339,0,0,0,1,2,1,4,0,0,2,0,0,0,0,0,0,0,0,1,0,0,1,0,0,0,0,1,0,0,0,0,0,0,0,0,0,0,0,0,0,0,0,0,0,0,0,0,0,0,0,0,0,0,54,0,0,54,54,0,0,0,0,54,0,0,0,0,0,0,0,0,0,0,0,0,54,0,0,54,0,0,0,0,0,0,0,0,0,0,0,0,1,2.17152809122224
Woodland Township Police Chatsworth,1992-05-01,New Jersey,2077,NJ00339,0,0,0,1,0,4,5,0,0,0,0,0,0,0,0,0,0,0,0,1,1,2,0,0,0,0,2,0,0,0,0,0,0,0,0,0,0,0,0,0,0,0,0,0,0,0,0,0,0,0,0,0,0,0,174,1086,1259,1259,0,0,0,0,1259,0,0,0,0,174,0,0,0,0,0,0,0,1086,0,0,1259,0,0,0,0,0,0,0,0,0,0,0,0,1,2.17152809122224
Woodland Township Police Chatsworth,1992-04-01,New Jersey,2077,NJ00339,0,0,1,0,0,1,2,0,0,0,0,0,0,0,0,0,0,0,0,0,0,0,0,0,0,0,0,0,0,0,0,0,0,0,0,0,0,0,0,0,43,43,0,0,0,0,0,0,0,0,0,0,0,0,0,0,0,43,0,0,0,0,0,0,0,0,0,0,0,0,0,0,0,0,0,43,0,0,43,0,0,0,0,0,0,0,0,0,0,0,0,1,2.17152809122224
Woodland Township Police Chatsworth,1992-03-01,New Jersey,2077,NJ00339,0,0,0,0,0,0,0,0,0,0,0,0,0,0,0,0,0,0,0,0,1,1,0,0,0,0,1,0,0,0,0,0,0,0,0,0,0,0,0,0,0,0,0,0,0,0,0,0,0,0,0,0,0,0,0,508,508,508,0,0,0,0,508,0,0,0,0,0,0,0,0,0,0,0,0,508,0,0,508,0,0,0,0,0,0,0,0,0,0,0,0,1,2.17152809122224
Woodland Township Police Chatsworth,1992-02-01,New Jersey,2077,NJ00339,0,0,0,0,0,0,0,0,0,0,0,0,0,0,0,0,0,0,2,1,0,3,0,0,0,0,3,0,0,0,0,0,0,0,0,0,0,0,0,0,0,0,0,0,0,0,0,0,0,0,0,0,0,165,176,0,341,341,0,0,0,0,341,0,0,0,0,0,0,265,0,0,0,0,0,76,0,0,341,0,0,0,0,0,0,0,0,0,0,0,0,1,2.17152809122224
Woodland Township Police Chatsworth,1992-01-01,New Jersey,2077,NJ00339,0,0,0,0,0,0,0,0,0,0,0,0,0,0,0,0,0,0,1,0,0,1,0,0,0,0,0,1,0,0,0,0,0,0,0,0,0,0,0,0,0,0,0,0,0,0,0,0,0,0,0,0,0,17,0,0,17,17,0,0,0,0,0,17,0,0,0,0,0,17,0,0,0,0,0,0,0,0,17,0,0,0,0,0,0,0,0,0,0,0,0,1,2.17152809122224
Woodland Township Police Chatsworth,1991-12-01,New Jersey,2070,NJ00339,0,0,0,0,0,0,0,0,0,0,0,0,0,0,0,0,0,0,0,0,0,0,0,0,0,0,0,0,0,0,0,0,0,0,0,0,0,0,0,0,0,0,0,0,0,0,0,0,0,0,0,0,0,0,0,0,0,0,0,0,0,0,0,0,0,0,0,0,0,0,0,0,0,0,0,0,0,0,0,0,0,0,0,0,0,0,0,0,0,0,0,1,2.23729976136572
Woodland Township Police Chatsworth,1991-11-01,New Jersey,2070,NJ00339,0,0,0,0,0,0,0,0,0,0,0,0,0,0,0,0,0,0,0,0,1,1,0,0,0,0,1,0,0,0,0,0,0,0,0,0,0,0,0,0,0,0,0,0,0,0,0,0,0,0,0,0,0,0,0,559,559,559,0,0,0,0,559,0,0,0,0,0,0,0,0,0,0,0,0,559,0,0,559,0,0,0,0,0,0,0,0,0,0,0,0,1,2.23729976136572
Woodland Township Police Chatsworth,1991-10-01,New Jersey,2070,NJ00339,0,1,0,0,1,0,2,0,0,0,0,0,0,0,0,0,0,0,1,1,1,3,1,0,0,0,2,0,0,0,0,0,0,0,0,0,0,0,1208,0,0,1208,0,0,0,0,0,0,0,0,0,0,0,56,447,1119,1622,2830,56,0,0,0,1566,0,0,0,0,447,0,0,0,0,0,0,0,2383,0,0,2830,0,0,0,0,0,0,0,0,0,0,0,0,1,2.23729976136572
Woodland Township Police Chatsworth,1991-09-01,New Jersey,2070,NJ00339,0,0,0,0,0,0,0,0,0,0,0,0,0,0,0,0,0,0,1,0,0,1,0,0,0,0,1,0,0,0,0,0,0,0,0,0,0,0,0,0,0,0,0,0,0,0,0,0,0,0,0,0,0,94,0,0,94,94,0,0,0,0,94,0,0,0,0,0,0,0,0,0,0,0,0,94,0,0,94,0,0,0,0,0,0,0,0,0,0,0,0,1,2.23729976136572
Woodland Township Police Chatsworth,1991-08-01,New Jersey,2070,NJ00339,0,0,0,0,0,0,0,0,0,0,0,0,0,0,0,0,0,0,0,0,0,0,0,0,0,0,0,0,0,0,0,0,0,0,0,0,0,0,0,0,0,0,0,0,0,0,0,0,0,0,0,0,0,0,0,0,0,0,0,0,0,0,0,0,0,0,0,0,0,0,0,0,0,0,0,0,0,0,0,0,0,0,0,0,0,0,0,0,0,0,0,1,2.23729976136572
Woodland Township Police Chatsworth,1991-07-01,New Jersey,2070,NJ00339,0,0,0,0,0,0,0,0,0,0,0,0,0,0,0,0,0,0,9,3,0,12,0,0,0,0,0,0,0,0,12,0,0,0,0,0,0,0,0,0,0,0,0,0,0,0,0,0,0,0,0,0,0,360,593,0,953,953,0,0,0,0,0,0,0,0,953,0,0,602,0,0,0,0,0,351,0,0,953,0,0,0,0,0,0,0,0,0,0,0,0,1,2.23729976136572
Woodland Township Police Chatsworth,1991-06-01,New Jersey,2070,NJ00339,0,0,0,0,0,0,0,0,0,0,0,0,0,0,0,0,0,0,0,2,0,2,0,0,2,0,0,0,0,0,0,0,0,0,0,0,0,0,0,0,0,0,0,0,0,0,0,0,0,0,0,0,0,0,336,0,336,336,0,0,336,0,0,0,0,0,0,0,0,0,0,0,224,0,0,112,0,0,336,0,0,0,0,0,0,0,0,0,0,0,0,1,2.23729976136572
Woodland Township Police Chatsworth,1991-05-01,New Jersey,2070,NJ00339,0,0,0,0,0,0,0,0,0,0,0,0,0,0,0,0,0,0,0,2,1,3,0,0,0,0,3,0,0,0,0,0,0,0,0,0,0,0,0,0,0,0,0,0,0,0,0,0,0,0,0,0,0,0,347,772,1119,1119,0,0,0,0,1119,0,0,0,0,772,0,0,0,0,0,0,0,347,0,0,1119,0,0,0,0,0,0,0,0,0,0,0,0,1,2.23729976136572
Woodland Township Police Chatsworth,1991-04-01,New Jersey,2070,NJ00339,0,0,0,3,2,0,5,1,0,0,0,0,0,0,0,0,0,0,0,1,0,1,0,0,0,0,1,0,0,0,0,0,0,0,0,0,0,0,0,336,0,336,7831,0,0,0,0,0,0,0,0,0,0,0,224,0,224,8390,0,0,0,0,224,0,0,0,0,0,0,336,0,0,0,0,7831,224,0,0,8390,0,0,0,0,0,0,0,0,0,0,0,0,1,2.23729976136572
Woodland Township Police Chatsworth,1991-03-01,New Jersey,2070,NJ00339,0,0,0,0,0,0,0,0,0,0,0,0,0,0,0,0,0,0,0,0,0,0,0,0,0,0,0,0,0,0,0,0,0,0,0,0,0,0,0,0,0,0,0,0,0,0,0,0,0,0,0,0,0,0,0,0,0,0,0,0,0,0,0,0,0,0,0,0,0,0,0,0,0,0,0,0,0,0,0,0,0,0,0,0,0,0,0,0,0,0,0,1,2.23729976136572
Woodland Township Police Chatsworth,1991-02-01,New Jersey,2070,NJ00339,0,0,0,0,0,0,0,0,0,0,0,0,0,0,0,0,0,0,0,0,0,0,0,0,0,0,0,0,0,0,0,0,0,0,0,0,0,0,0,0,0,0,0,0,0,0,0,0,0,0,0,0,0,0,0,0,0,0,0,0,0,0,0,0,0,0,0,0,0,0,0,0,0,0,0,0,0,0,0,0,0,0,0,0,0,0,0,0,0,0,0,1,2.23729976136572
Woodland Township Police Chatsworth,1991-01-01,New Jersey,2070,NJ00339,0,0,1,0,0,0,1,0,0,0,0,0,0,0,0,0,0,0,2,3,2,7,0,0,0,0,6,1,0,0,0,0,0,0,0,0,0,383,0,0,0,383,0,0,0,0,0,0,0,0,0,0,0,89,673,1577,2340,2723,0,0,0,0,1714,626,0,0,0,1356,0,626,0,0,0,0,0,741,0,0,2723,0,0,0,0,0,0,0,0,0,0,0,0,1,2.23729976136572
Woodland Township Police Chatsworth,1990-12-01,New Jersey,2063,NJ00339,0,0,0,0,0,0,0,0,0,0,0,0,0,0,0,0,0,0,0,1,1,2,0,0,0,0,2,0,0,0,0,0,0,0,0,0,0,0,0,0,0,0,0,0,0,0,0,0,0,0,0,0,0,0,350,2099,2449,2449,0,0,0,0,2449,0,0,0,0,1632,0,0,0,0,0,0,0,816,0,0,2449,0,0,0,0,0,0,0,0,0,0,0,0,1,2.33204860003827
Woodland Township Police Chatsworth,1990-11-01,New Jersey,2063,NJ00339,0,0,0,0,0,0,0,0,0,0,0,0,0,0,0,0,0,0,1,3,2,6,0,0,0,0,6,0,0,0,0,0,0,0,0,0,0,0,0,0,0,0,0,0,0,0,0,0,0,0,0,0,0,93,1224,1796,3113,3113,0,0,0,0,3113,0,0,0,0,0,0,0,0,0,0,0,0,3113,0,0,3113,0,0,0,0,0,0,0,0,0,0,0,0,1,2.33204860003827
Woodland Township Police Chatsworth,1990-10-01,New Jersey,2063,NJ00339,0,0,0,0,1,0,1,0,0,0,0,0,0,0,0,0,0,0,0,0,1,1,0,0,0,0,1,0,0,0,0,0,0,0,0,0,0,0,47,0,0,47,0,0,0,0,0,0,0,0,0,0,0,0,0,805,805,851,0,0,0,0,805,0,0,0,0,0,0,47,0,0,0,0,0,805,0,0,851,0,0,0,0,0,0,0,0,0,0,0,0,1,2.33204860003827
Woodland Township Police Chatsworth,1990-09-01,New Jersey,2063,NJ00339,0,0,0,0,0,0,0,0,0,0,0,0,0,0,0,0,0,0,0,1,0,1,0,0,0,1,0,0,0,0,0,0,0,0,0,0,0,0,0,0,0,0,0,0,0,0,0,0,0,0,0,0,0,0,292,0,292,292,0,0,0,292,0,0,0,0,0,0,0,0,0,0,0,0,0,292,0,0,292,0,0,0,0,0,0,0,0,0,0,0,0,1,2.33204860003827
Woodland Township Police Chatsworth,1990-08-01,New Jersey,2063,NJ00339,0,0,0,0,0,0,0,0,0,0,0,0,0,0,0,0,0,0,2,0,0,2,1,0,0,0,1,0,0,0,0,0,0,0,0,0,0,0,0,0,0,0,0,0,0,0,0,0,0,0,0,0,0,89,0,0,89,89,58,0,0,0,30,0,0,0,0,0,0,30,0,0,0,0,0,58,0,0,89,0,0,0,0,0,0,0,0,58,0,0,58,1,2.33204860003827
Woodland Township Police Chatsworth,1990-07-01,New Jersey,2063,NJ00339,0,0,0,0,0,0,0,0,0,0,0,0,0,0,0,0,0,0,0,0,0,0,0,0,0,0,0,0,0,0,0,0,0,0,0,0,0,0,0,0,0,0,0,0,0,0,0,0,0,0,0,0,0,0,0,0,0,0,0,0,0,0,0,0,0,0,0,0,0,0,0,0,0,0,0,0,0,0,0,0,0,0,0,0,0,0,0,0,0,0,0,1,2.33204860003827
Woodland Township Police Chatsworth,1990-06-01,New Jersey,2063,NJ00339,0,0,0,0,0,0,0,0,0,0,0,0,0,0,0,0,0,0,1,1,0,2,0,0,0,0,2,0,0,0,0,0,0,0,0,0,0,0,0,0,0,0,0,0,0,0,0,0,0,0,0,0,0,70,466,0,536,536,0,0,0,0,536,0,0,0,0,0,0,0,0,0,0,0,0,536,0,0,536,0,0,0,0,0,0,0,0,0,0,0,0,1,2.33204860003827
Woodland Township Police Chatsworth,1990-05-01,New Jersey,2063,NJ00339,0,0,0,0,1,0,1,0,0,1,0,0,0,0,0,0,0,0,0,0,0,0,0,0,0,0,0,0,0,0,0,0,0,0,0,0,0,0,0,0,0,0,0,0,0,0,0,0,0,0,0,0,0,0,0,0,0,0,0,0,0,0,0,0,0,0,0,0,0,0,0,0,0,0,0,0,0,0,0,0,0,0,0,0,0,0,0,0,0,0,0,1,2.33204860003827
Woodland Township Police Chatsworth,1990-04-01,New Jersey,2063,NJ00339,0,0,0,0,0,0,0,0,0,0,0,0,0,0,0,0,0,0,1,1,0,2,0,0,0,0,2,0,0,0,0,0,0,0,0,0,0,0,0,0,0,0,0,0,0,0,0,0,0,0,0,0,0,82,350,0,431,431,0,0,0,0,431,0,0,0,0,0,0,350,0,0,0,0,0,82,0,0,431,0,0,0,0,0,0,0,0,0,0,0,0,1,2.33204860003827
Woodland Township Police Chatsworth,1990-03-01,New Jersey,2063,NJ00339,0,0,0,0,0,0,0,0,0,0,0,0,0,0,0,0,0,0,2,0,0,2,0,0,0,0,2,0,0,0,0,0,0,0,0,0,0,0,0,0,0,0,0,0,0,0,0,0,0,0,0,0,0,222,0,0,222,222,0,0,0,0,222,0,0,0,0,0,0,0,0,0,0,0,0,222,0,0,222,0,0,0,0,0,0,0,0,0,0,0,0,1,2.33204860003827
Woodland Township Police Chatsworth,1990-02-01,New Jersey,2063,NJ00339,0,0,0,0,0,0,0,0,0,0,0,0,0,0,0,0,0,0,0,4,0,4,0,0,0,0,4,0,0,0,0,0,0,0,0,0,0,0,0,0,0,0,0,0,0,0,0,0,0,0,0,0,0,0,1231,0,1231,1231,0,0,0,0,1231,0,0,0,0,0,0,366,0,0,147,0,0,718,0,0,1231,0,0,0,0,0,98,0,0,89,0,0,187,1,2.33204860003827
Woodland Township Police Chatsworth,1990-01-01,New Jersey,2063,NJ00339,0,0,0,0,0,0,0,0,0,0,0,0,0,0,0,0,0,0,2,0,0,2,0,0,0,0,2,0,0,0,0,0,0,0,0,0,0,0,0,0,0,0,0,0,0,0,0,0,0,0,0,0,0,112,0,0,112,112,0,0,0,0,112,0,0,0,0,0,0,0,0,0,0,0,0,112,0,0,112,0,0,0,0,0,0,0,0,0,0,0,0,1,2.33204860003827
Woodland Township Police Chatsworth,1989-12-01,New Jersey,0,NJ00339,0,0,0,0,0,0,0,0,0,0,0,0,0,0,0,0,0,0,0,2,0,2,0,0,0,0,2,0,0,0,0,0,0,0,0,0,0,0,0,0,0,0,0,0,0,0,0,0,0,0,0,0,0,0,268,0,268,268,0,0,0,0,268,0,0,0,0,0,0,135,0,0,0,0,0,133,0,0,268,0,0,0,0,0,0,0,0,0,0,0,0,1,2.45793156762571
Woodland Township Police Chatsworth,1989-11-01,New Jersey,0,NJ00339,0,0,0,0,0,0,0,0,0,0,0,0,0,0,0,0,0,0,0,0,0,0,0,0,0,0,0,0,0,0,0,0,0,0,0,0,0,0,0,0,0,0,0,0,0,0,0,0,0,0,0,0,0,0,0,0,0,0,0,0,0,0,0,0,0,0,0,0,0,0,0,0,0,0,0,0,0,0,0,0,0,0,0,0,0,0,0,0,0,0,0,1,2.45793156762571
Woodland Township Police Chatsworth,1989-10-01,New Jersey,0,NJ00339,0,0,0,0,0,0,0,0,0,0,0,0,0,0,0,0,0,0,1,1,0,2,0,0,0,1,1,0,0,0,0,0,0,0,0,0,0,0,0,0,0,0,0,0,0,0,0,0,0,0,0,0,0,57,398,0,455,455,0,0,0,398,57,0,0,0,0,0,0,398,0,0,0,0,0,57,0,0,455,0,0,0,0,0,0,0,0,0,0,0,0,1,2.45793156762571
Woodland Township Police Chatsworth,1989-09-01,New Jersey,0,NJ00339,0,0,0,0,0,0,0,0,0,0,0,0,0,0,0,0,0,0,0,1,0,1,0,0,0,0,0,0,0,0,1,0,0,0,0,0,0,0,0,0,0,0,0,0,0,0,0,0,0,0,0,0,0,0,184,0,184,184,0,0,0,0,0,0,0,0,184,0,0,0,0,0,0,0,0,184,0,0,184,0,0,0,0,0,0,0,0,0,0,0,0,1,2.45793156762571
Woodland Township Police Chatsworth,1989-08-01,New Jersey,0,NJ00339,0,0,0,0,0,0,0,1,0,1,0,0,0,0,0,0,0,0,0,2,2,4,0,0,0,2,2,0,0,0,0,0,1,1,0,0,0,0,0,0,0,0,7128,0,0,0,0,0,0,0,0,0,0,0,469,1681,2151,9279,0,0,0,1681,469,0,0,0,0,0,0,0,0,0,0,0,7128,2151,0,0,9279,0,0,0,0,0,0,0,7128,0,0,0,7128,1,2.45793156762571
Woodland Township Police Chatsworth,1989-07-01,New Jersey,0,NJ00339,0,0,0,0,0,0,0,0,0,0,0,0,0,0,0,0,0,0,0,1,0,1,0,0,0,0,1,0,0,0,0,0,0,0,0,0,0,0,0,0,0,0,0,0,0,0,0,0,0,0,0,0,0,0,209,0,209,209,0,0,0,0,209,0,0,0,0,0,0,0,0,0,0,0,0,209,0,0,209,0,0,0,0,0,0,0,0,0,0,0,0,1,2.45793156762571
Woodland Township Police Chatsworth,1989-06-01,New Jersey,0,NJ00339,0,0,0,0,0,0,0,0,0,0,0,0,0,0,0,0,0,0,0,2,0,2,0,1,0,0,1,0,0,0,0,0,0,0,0,0,0,0,0,0,0,0,0,0,0,0,0,0,0,0,0,0,0,0,701,0,701,701,0,221,0,0,479,0,0,0,0,0,0,0,0,0,0,0,0,701,0,0,701,0,0,0,0,0,0,0,0,221,0,0,221,1,2.45793156762571
Woodland Township Police Chatsworth,1989-05-01,New Jersey,0,NJ00339,0,0,0,0,0,0,0,0,0,0,0,0,0,0,0,0,0,0,2,0,0,2,0,0,0,0,0,0,0,0,2,0,0,0,0,0,0,0,0,0,0,0,0,0,0,0,0,0,0,0,0,0,0,66,0,0,66,66,0,0,0,0,0,0,0,0,66,0,0,49,0,0,0,0,0,17,0,0,66,0,0,0,0,0,0,0,0,0,0,0,0,1,2.45793156762571
Woodland Township Police Chatsworth,1989-04-01,New Jersey,0,NJ00339,0,0,0,0,0,0,0,0,0,0,0,0,0,0,0,0,0,0,0,1,1,2,0,0,0,0,0,0,0,0,2,0,0,0,0,0,0,0,0,0,0,0,0,0,0,0,0,0,0,0,0,0,0,0,369,504,873,873,0,0,0,0,0,0,0,0,873,0,0,0,0,0,0,0,0,873,0,0,873,0,0,0,0,0,0,0,0,504,0,0,504,1,2.45793156762571
Woodland Township Police Chatsworth,1989-03-01,New Jersey,0,NJ00339,0,0,0,0,0,0,0,0,0,0,0,0,0,0,0,0,0,0,0,1,0,1,0,0,0,0,0,0,0,0,1,0,0,0,0,0,0,0,0,0,0,0,0,0,0,0,0,0,0,0,0,0,0,0,184,0,184,184,0,0,0,0,0,0,0,0,184,0,0,0,0,0,0,0,0,184,0,0,184,0,0,0,0,0,0,0,0,0,0,0,0,1,2.45793156762571
Woodland Township Police Chatsworth,1989-02-01,New Jersey,0,NJ00339,0,0,0,0,1,0,1,0,0,1,0,0,0,0,0,0,0,0,0,0,1,1,0,0,0,0,0,0,0,0,1,0,0,0,0,0,0,0,64,0,0,64,0,0,0,0,0,0,0,0,0,0,0,0,0,865,865,929,0,0,0,0,0,0,0,0,865,0,0,865,0,0,0,0,0,64,0,0,929,0,0,0,0,0,0,0,0,64,0,0,64,1,2.45793156762571
Woodland Township Police Chatsworth,1989-01-01,New Jersey,0,NJ00339,0,0,0,0,0,0,0,0,0,0,0,0,0,0,0,0,0,0,1,1,1,3,0,0,0,0,2,0,0,0,1,0,0,0,0,0,0,0,0,0,0,0,0,0,0,0,0,0,0,0,0,0,0,106,295,1721,2121,2121,0,0,0,0,401,0,0,0,1721,0,0,0,0,0,0,0,0,2121,0,0,2121,0,0,0,0,0,0,0,0,0,0,0,0,1,2.45793156762571
Woodland Township Police Chatsworth,1988-12-01,New Jersey,0,NJ00339,0,0,0,0,0,0,0,0,0,0,0,0,0,0,0,0,0,0,0,0,0,0,0,0,0,0,0,0,0,0,0,0,0,0,0,0,0,0,0,0,0,0,0,0,0,0,0,0,0,0,0,0,0,0,0,0,0,0,0,0,0,0,0,0,0,0,0,0,0,0,0,0,0,0,0,0,0,0,0,0,0,0,0,0,0,0,0,0,0,0,0,1,2.57657599887252
Woodland Township Police Chatsworth,1988-11-01,New Jersey,0,NJ00339,0,0,0,1,0,0,1,0,0,0,0,0,0,0,0,0,0,0,1,1,0,2,0,0,0,0,2,0,0,0,0,0,0,0,0,0,0,0,0,0,0,0,0,0,0,0,0,0,0,0,0,0,0,103,167,0,271,271,0,0,0,0,271,0,0,0,0,0,0,103,0,0,0,0,0,167,0,0,271,0,0,0,0,0,0,0,0,0,0,0,0,1,2.57657599887252
Woodland Township Police Chatsworth,1988-10-01,New Jersey,0,NJ00339,0,0,0,0,0,0,0,0,0,2,0,0,0,0,0,0,0,0,0,1,0,1,0,0,0,1,0,0,0,0,0,0,0,0,0,0,0,0,0,0,0,0,0,0,0,0,0,0,0,0,0,0,0,0,330,0,330,330,0,0,0,330,0,0,0,0,0,0,0,330,0,0,0,0,0,0,0,0,330,0,0,0,0,0,0,0,0,0,0,0,0,1,2.57657599887252
Woodland Township Police Chatsworth,1988-09-01,New Jersey,0,NJ00339,0,0,0,0,0,0,0,0,0,0,0,0,0,0,0,0,0,0,1,2,0,3,0,0,0,0,3,0,0,0,0,0,0,0,0,0,0,0,0,0,0,0,0,0,0,0,0,0,0,0,0,0,0,106,773,0,879,879,0,0,0,0,879,0,0,0,0,0,0,106,0,0,0,0,0,773,0,0,879,0,0,0,0,0,0,0,0,0,0,0,0,1,2.57657599887252
Woodland Township Police Chatsworth,1988-08-01,New Jersey,0,NJ00339,0,0,2,0,0,0,2,0,0,0,0,0,0,0,0,0,0,0,0,0,0,0,0,0,0,0,0,0,0,0,0,0,0,0,0,0,0,0,0,0,0,0,0,0,0,0,0,0,0,0,0,0,0,0,0,0,0,0,0,0,0,0,0,0,0,0,0,0,0,0,0,0,0,0,0,0,0,0,0,0,0,0,0,0,0,0,0,0,0,0,0,1,2.57657599887252
Woodland Township Police Chatsworth,1988-07-01,New Jersey,0,NJ00339,0,0,0,0,0,0,0,0,0,0,0,0,0,0,0,0,0,0,0,0,0,0,0,0,0,0,0,0,0,0,0,0,0,0,0,0,0,0,0,0,0,0,0,0,0,0,0,0,0,0,0,0,0,0,0,0,0,0,0,0,0,0,0,0,0,0,0,0,0,0,0,0,0,0,0,0,0,0,0,0,0,0,0,0,0,0,0,0,0,0,0,1,2.57657599887252
Woodland Township Police Chatsworth,1988-06-01,New Jersey,0,NJ00339,0,0,0,0,0,0,0,0,0,0,0,0,0,0,0,0,0,0,0,1,1,2,0,0,0,0,2,0,0,0,0,0,0,0,0,0,0,0,0,0,0,0,0,0,0,0,0,0,0,0,0,0,0,0,335,3929,4264,4264,0,0,0,0,4264,0,0,0,0,0,0,3929,0,0,0,0,0,335,0,0,4264,0,0,0,0,0,0,0,0,0,0,0,0,1,2.57657599887252
Woodland Township Police Chatsworth,1988-05-01,New Jersey,0,NJ00339,0,0,0,0,0,0,0,0,0,0,0,0,0,0,0,0,0,0,0,1,0,1,0,0,0,0,1,0,0,0,0,0,0,0,0,0,0,0,0,0,0,0,0,0,0,0,0,0,0,0,0,0,0,0,515,0,515,515,0,0,0,0,515,0,0,0,0,0,0,0,0,0,0,0,0,515,0,0,515,0,0,0,0,0,0,0,0,0,0,0,0,1,2.57657599887252
Woodland Township Police Chatsworth,1988-04-01,New Jersey,0,NJ00339,0,0,0,0,0,0,0,0,0,0,0,0,0,0,0,0,0,0,0,0,0,0,0,0,0,0,0,0,0,0,0,0,0,0,0,0,0,0,0,0,0,0,0,0,0,0,0,0,0,0,0,0,0,0,0,0,0,0,0,0,0,0,0,0,0,0,0,0,0,0,0,0,0,0,0,0,0,0,0,0,0,0,0,0,0,0,0,0,0,0,0,1,2.57657599887252
Woodland Township Police Chatsworth,1988-03-01,New Jersey,0,NJ00339,0,0,0,0,0,0,0,0,0,0,0,0,0,0,0,0,0,0,0,1,1,2,0,0,0,0,2,0,0,0,0,0,0,0,0,0,0,0,0,0,0,0,0,0,0,0,0,0,0,0,0,0,0,0,232,5437,5668,5668,0,0,0,0,5668,0,0,0,0,0,0,0,0,0,0,0,0,5668,0,0,5668,0,0,0,0,0,0,0,0,0,0,0,0,1,2.57657599887252
Woodland Township Police Chatsworth,1988-02-01,New Jersey,0,NJ00339,0,0,0,0,0,0,0,0,0,0,0,0,0,0,0,0,0,0,0,0,1,1,0,0,0,0,1,0,0,0,0,0,0,0,0,0,0,0,0,0,0,0,0,0,0,0,0,0,0,0,0,0,0,0,0,876,876,876,0,0,0,0,876,0,0,0,0,0,0,0,0,0,0,0,0,876,0,0,876,0,0,0,0,0,0,0,0,0,0,0,0,1,2.57657599887252
Woodland Township Police Chatsworth,1988-01-01,New Jersey,0,NJ00339,0,0,0,0,0,0,0,0,0,0,0,0,0,0,0,0,0,0,2,0,0,2,0,0,0,0,2,0,0,0,0,0,0,0,0,0,0,0,0,0,0,0,0,0,0,0,0,0,0,0,0,0,0,62,0,0,62,62,0,0,0,0,62,0,0,0,0,0,0,52,0,0,0,0,0,10,0,0,62,0,0,0,0,0,0,0,0,0,0,0,0,1,2.57657599887252
Woodland Township Police Chatsworth,1987-12-01,New Jersey,0,NJ00339,0,0,0,0,0,0,0,0,0,0,0,0,0,0,0,0,0,0,1,0,2,3,0,0,0,0,3,0,0,0,0,0,0,0,0,0,0,0,0,0,0,0,0,0,0,0,0,0,0,0,0,0,0,11,0,2467,2478,2478,0,0,0,0,2478,0,0,0,0,0,0,0,0,0,0,0,0,2478,0,0,2478,0,0,0,0,0,0,0,0,0,0,0,0,1,2.68164209754309
Woodland Township Police Chatsworth,1987-11-01,New Jersey,0,NJ00339,0,0,0,0,0,0,0,0,0,0,0,0,0,0,0,0,0,0,0,0,1,1,1,0,0,0,0,0,0,0,0,0,0,0,0,0,0,0,0,0,0,0,0,0,0,0,0,0,0,0,0,0,0,0,0,737,737,737,737,0,0,0,0,0,0,0,0,0,0,0,0,0,0,0,0,737,0,0,737,0,0,0,0,0,0,0,0,0,0,0,0,1,2.68164209754309
Woodland Township Police Chatsworth,1987-10-01,New Jersey,0,NJ00339,0,0,0,0,0,0,0,0,0,0,0,0,0,0,0,0,0,0,0,0,0,0,0,0,0,0,0,0,0,0,0,0,0,0,0,0,0,0,0,0,0,0,0,0,0,0,0,0,0,0,0,0,0,0,0,0,0,0,0,0,0,0,0,0,0,0,0,0,0,0,0,0,0,0,0,0,0,0,0,0,0,0,0,0,0,0,0,0,0,0,0,1,2.68164209754309
Woodland Township Police Chatsworth,1987-09-01,New Jersey,0,NJ00339,0,0,0,0,0,0,0,0,0,0,0,0,0,0,0,0,0,0,1,0,0,1,0,0,0,0,1,0,0,0,0,0,0,0,0,0,0,0,0,0,0,0,0,0,0,0,0,0,0,0,0,0,0,27,0,0,27,27,0,0,0,0,27,0,0,0,0,0,0,0,0,0,0,0,0,27,0,0,27,0,0,0,0,0,0,0,0,0,0,0,0,1,2.68164209754309
Woodland Township Police Chatsworth,1987-08-01,New Jersey,0,NJ00339,0,0,0,0,0,0,0,1,0,0,0,0,0,0,0,0,0,0,0,0,0,0,0,0,0,0,0,0,0,0,0,0,1,1,0,0,0,0,0,0,0,0,48270,0,0,0,0,0,0,0,0,0,0,0,0,0,0,48270,0,0,0,0,0,0,0,0,0,0,0,0,0,0,0,0,48270,0,0,0,48270,0,0,0,0,0,0,0,48270,0,0,0,48270,1,2.68164209754309
Woodland Township Police Chatsworth,1987-07-01,New Jersey,0,NJ00339,0,0,0,0,0,0,0,0,0,0,0,0,0,0,0,0,0,0,0,2,0,2,0,0,0,0,2,0,0,0,0,0,0,0,0,0,0,0,0,0,0,0,0,0,0,0,0,0,0,0,0,0,0,0,394,0,394,394,0,0,0,0,394,0,0,0,0,0,0,233,0,0,0,0,0,161,0,0,394,0,0,233,0,0,0,0,0,0,0,0,233,1,2.68164209754309
Woodland Township Police Chatsworth,1987-06-01,New Jersey,0,NJ00339,0,0,0,0,0,0,0,0,0,0,0,0,0,0,0,0,0,0,0,0,1,1,0,0,0,0,1,0,0,0,0,0,0,0,0,0,0,0,0,0,0,0,0,0,0,0,0,0,0,0,0,0,0,0,0,1073,1073,1073,0,0,0,0,1073,0,0,0,0,0,0,0,0,0,0,0,0,1073,0,0,1073,0,0,0,0,0,0,0,0,0,0,0,0,1,2.68164209754309
Woodland Township Police Chatsworth,1987-05-01,New Jersey,0,NJ00339,0,0,0,0,0,0,0,0,0,0,0,0,0,0,0,0,0,0,0,0,1,1,0,0,0,0,1,0,0,0,0,0,0,0,0,0,0,0,0,0,0,0,0,0,0,0,0,0,0,0,0,0,0,0,0,804,804,804,0,0,0,0,804,0,0,0,0,0,0,0,0,0,0,0,0,804,0,0,804,0,0,0,0,0,0,0,0,0,0,0,0,1,2.68164209754309
Woodland Township Police Chatsworth,1987-04-01,New Jersey,0,NJ00339,0,0,0,0,0,0,0,0,0,0,0,0,0,0,0,0,0,0,1,2,0,3,0,0,0,0,3,0,0,0,0,0,0,0,0,0,0,0,0,0,0,0,0,0,0,0,0,0,0,0,0,0,0,107,536,0,644,644,0,0,0,0,644,0,0,0,0,0,0,0,0,0,0,0,0,644,0,0,644,0,0,0,0,0,0,0,0,0,0,0,0,1,2.68164209754309
Woodland Township Police Chatsworth,1987-03-01,New Jersey,0,NJ00339,0,0,0,0,0,0,0,0,0,0,0,0,0,0,0,0,0,0,0,0,0,0,0,0,0,0,0,0,0,0,0,0,0,0,0,0,0,0,0,0,0,0,0,0,0,0,0,0,0,0,0,0,0,0,0,0,0,0,0,0,0,0,0,0,0,0,0,0,0,0,0,0,0,0,0,0,0,0,0,0,0,0,0,0,0,0,0,0,0,0,0,1,2.68164209754309
Woodland Township Police Chatsworth,1987-02-01,New Jersey,0,NJ00339,0,0,0,0,0,0,0,0,0,0,0,0,0,0,0,0,0,0,0,0,0,0,0,0,0,0,0,0,0,0,0,0,0,0,0,0,0,0,0,0,0,0,0,0,0,0,0,0,0,0,0,0,0,0,0,0,0,0,0,0,0,0,0,0,0,0,0,0,0,0,0,0,0,0,0,0,0,0,0,0,0,0,0,0,0,0,0,0,0,0,0,1,2.68164209754309
Woodland Township Police Chatsworth,1987-01-01,New Jersey,0,NJ00339,0,0,0,0,0,0,0,0,0,0,0,0,0,0,0,0,0,0,0,1,2,3,0,0,0,0,3,0,0,0,0,0,0,0,0,0,0,0,0,0,0,0,0,0,0,0,0,0,0,0,0,0,0,0,402,1850,2253,2253,0,0,0,0,2253,0,0,0,0,0,0,1046,0,0,0,0,0,1207,0,0,2253,0,0,0,0,0,0,0,0,0,0,0,0,1,2.68164209754309
Woodland Township Police Chatsworth,1986-12-01,New Jersey,0,NJ00339,0,0,0,0,0,0,0,0,0,0,0,0,0,0,0,0,0,0,0,0,2,2,0,0,0,0,2,0,0,0,0,0,0,0,0,0,0,0,0,0,0,0,0,0,0,0,0,0,0,0,0,0,0,0,0,2224,2224,2224,0,0,0,0,2224,0,0,0,0,0,0,0,0,0,0,0,0,2224,0,0,2224,0,0,0,0,0,0,0,0,0,0,0,0,1,2.7799125674751
Woodland Township Police Chatsworth,1986-11-01,New Jersey,0,NJ00339,0,0,0,0,0,0,0,0,0,0,0,0,0,0,0,0,0,0,0,0,1,1,0,0,0,0,1,0,0,0,0,0,0,0,0,0,0,0,0,0,0,0,0,0,0,0,0,0,0,0,0,0,0,0,0,1390,1390,1390,0,0,0,0,1390,0,0,0,0,1390,0,0,0,0,0,0,0,0,0,0,1390,0,0,0,0,0,0,0,0,0,0,0,0,1,2.7799125674751
Woodland Township Police Chatsworth,1986-10-01,New Jersey,0,NJ00339,0,0,0,0,0,0,0,0,0,0,0,0,0,0,0,0,0,0,1,0,0,1,0,0,0,0,0,0,0,0,1,0,0,0,0,0,0,0,0,0,0,0,0,0,0,0,0,0,0,0,0,0,0,28,0,0,28,28,0,0,0,0,0,0,0,0,28,0,0,28,0,0,0,0,0,0,0,0,28,0,0,0,0,0,0,0,0,0,0,0,0,1,2.7799125674751
Woodland Township Police Chatsworth,1986-09-01,New Jersey,0,NJ00339,0,0,0,0,0,0,0,0,0,0,0,0,0,0,0,0,0,0,0,0,0,0,0,0,0,0,0,0,0,0,0,0,0,0,0,0,0,0,0,0,0,0,0,0,0,0,0,0,0,0,0,0,0,0,0,0,0,0,0,0,0,0,0,0,0,0,0,0,0,0,0,0,0,0,0,0,0,0,0,0,0,0,0,0,0,0,0,0,0,0,0,1,2.7799125674751
Woodland Township Police Chatsworth,1986-08-01,New Jersey,0,NJ00339,0,0,0,0,1,0,1,0,0,0,0,0,0,0,0,0,0,0,0,0,0,0,0,0,0,0,0,0,0,0,0,0,0,0,0,0,0,0,834,0,0,834,0,0,0,0,0,0,0,0,0,0,0,0,0,0,0,834,0,0,0,0,0,0,0,0,0,0,0,0,0,0,0,0,0,834,0,0,834,0,0,0,0,0,0,0,0,0,0,0,0,1,2.7799125674751
Woodland Township Police Chatsworth,1986-07-01,New Jersey,0,NJ00339,0,0,0,0,0,0,0,0,0,0,0,0,0,0,0,0,0,0,1,0,0,1,0,0,0,0,0,0,0,0,1,0,0,0,0,0,0,0,0,0,0,0,0,0,0,0,0,0,0,0,0,0,0,111,0,0,111,111,0,0,0,0,0,0,0,0,111,0,0,111,0,0,0,0,0,0,0,0,111,0,0,0,0,0,0,0,0,0,0,0,0,1,2.7799125674751
Woodland Township Police Chatsworth,1986-06-01,New Jersey,0,NJ00339,0,0,0,0,0,0,0,0,0,0,0,0,0,0,0,0,0,0,0,0,0,0,0,0,0,0,0,0,0,0,0,0,0,0,0,0,0,0,0,0,0,0,0,0,0,0,0,0,0,0,0,0,0,0,0,0,0,0,0,0,0,0,0,0,0,0,0,0,0,0,0,0,0,0,0,0,0,0,0,0,0,0,0,0,0,0,0,0,0,0,0,1,2.7799125674751
Woodland Township Police Chatsworth,1986-05-01,New Jersey,0,NJ00339,0,0,0,0,0,0,0,0,0,0,0,0,0,0,0,0,0,0,0,0,0,0,0,0,0,0,0,0,0,0,0,0,0,0,0,0,0,0,0,0,0,0,0,0,0,0,0,0,0,0,0,0,0,0,0,0,0,0,0,0,0,0,0,0,0,0,0,0,0,0,0,0,0,0,0,0,0,0,0,0,0,0,0,0,0,0,0,0,0,0,0,1,2.7799125674751
Woodland Township Police Chatsworth,1986-04-01,New Jersey,0,NJ00339,0,0,0,0,0,0,0,0,0,0,0,0,0,0,0,0,0,0,1,0,0,1,0,0,0,0,0,0,0,0,1,0,0,0,0,0,0,0,0,0,0,0,0,0,0,0,0,0,0,0,0,0,0,56,0,0,56,56,0,0,0,0,0,0,0,0,56,0,0,0,0,0,0,0,0,56,0,0,56,0,0,0,0,0,0,0,0,0,0,0,0,1,2.7799125674751
Woodland Township Police Chatsworth,1986-03-01,New Jersey,0,NJ00339,0,0,0,0,0,0,0,0,0,0,0,0,0,0,0,0,0,0,0,1,1,2,0,0,0,0,2,0,0,0,0,0,0,0,0,0,0,0,0,0,0,0,0,0,0,0,0,0,0,0,0,0,0,0,278,973,1251,1251,0,0,0,0,1251,0,0,0,0,278,0,0,0,0,0,0,0,973,0,0,1251,0,0,0,0,0,0,0,0,0,0,0,0,1,2.7799125674751
Woodland Township Police Chatsworth,1986-02-01,New Jersey,0,NJ00339,0,0,0,0,0,0,0,0,0,0,0,0,0,0,0,0,0,0,0,0,0,0,0,0,0,0,0,0,0,0,0,0,0,0,0,0,0,0,0,0,0,0,0,0,0,0,0,0,0,0,0,0,0,0,0,0,0,0,0,0,0,0,0,0,0,0,0,0,0,0,0,0,0,0,0,0,0,0,0,0,0,0,0,0,0,0,0,0,0,0,0,1,2.7799125674751
Woodland Township Police Chatsworth,1986-01-01,New Jersey,0,NJ00339,0,0,0,0,0,0,0,0,0,0,0,0,0,0,0,0,0,0,0,0,1,1,0,0,0,0,1,0,0,0,0,0,0,0,0,0,0,0,0,0,0,0,0,0,0,0,0,0,0,0,0,0,0,0,0,581,581,581,0,0,0,0,581,0,0,0,0,0,0,0,0,0,0,0,0,581,0,0,581,0,0,0,0,0,0,0,0,0,0,0,0,1,2.7799125674751
Woodland Township Police Chatsworth,1985-12-01,New Jersey,0,NJ00339,0,0,0,0,0,0,0,0,0,0,0,0,0,0,0,0,0,0,0,0,0,0,0,0,0,0,0,0,0,0,0,0,0,0,0,0,0,0,0,0,0,0,0,0,0,0,0,0,0,0,0,0,0,0,0,0,0,0,0,0,0,0,0,0,0,0,0,0,0,0,0,0,0,0,0,0,0,0,0,0,0,0,0,0,0,0,0,0,0,0,0,1,2.83267663464518
Woodland Township Police Chatsworth,1985-11-01,New Jersey,0,NJ00339,0,0,0,0,0,0,0,0,0,0,0,0,0,0,0,0,0,0,0,0,0,0,0,0,0,0,0,0,0,0,0,0,0,0,0,0,0,0,0,0,0,0,0,0,0,0,0,0,0,0,0,0,0,0,0,0,0,0,0,0,0,0,0,0,0,0,0,0,0,0,0,0,0,0,0,0,0,0,0,0,0,0,0,0,0,0,0,0,0,0,0,1,2.83267663464518
Woodland Township Police Chatsworth,1985-10-01,New Jersey,0,NJ00339,0,0,0,0,0,0,0,0,0,0,0,0,0,0,0,0,0,0,0,0,0,0,0,0,0,0,0,0,0,0,0,0,0,0,0,0,0,0,0,0,0,0,0,0,0,0,0,0,0,0,0,0,0,0,0,0,0,0,0,0,0,0,0,0,0,0,0,0,0,0,0,0,0,0,0,0,0,0,0,0,0,0,0,0,0,0,0,0,0,0,0,1,2.83267663464518
Woodland Township Police Chatsworth,1985-09-01,New Jersey,0,NJ00339,0,0,0,0,0,0,0,0,0,0,0,0,0,0,0,0,0,0,0,0,0,0,0,0,0,0,0,0,0,0,0,0,0,0,0,0,0,0,0,0,0,0,0,0,0,0,0,0,0,0,0,0,0,0,0,0,0,0,0,0,0,0,0,0,0,0,0,0,0,0,0,0,0,0,0,0,0,0,0,0,0,0,0,0,0,0,0,0,0,0,0,1,2.83267663464518
Woodland Township Police Chatsworth,1985-08-01,New Jersey,0,NJ00339,0,0,0,0,0,0,0,0,0,0,0,0,0,0,0,0,0,0,1,0,0,1,0,0,0,0,0,0,0,0,1,0,0,0,0,0,0,0,0,0,0,0,0,0,0,0,0,0,0,0,0,0,0,99,0,0,99,99,0,0,0,0,0,0,0,0,99,0,0,0,0,0,0,0,0,99,0,0,99,0,0,0,0,0,0,0,0,99,0,0,99,1,2.83267663464518
Woodland Township Police Chatsworth,1985-07-01,New Jersey,0,NJ00339,0,0,0,0,0,0,0,0,0,0,0,0,0,0,0,0,0,0,0,0,0,0,0,0,0,0,0,0,0,0,0,0,0,0,0,0,0,0,0,0,0,0,0,0,0,0,0,0,0,0,0,0,0,0,0,0,0,0,0,0,0,0,0,0,0,0,0,0,0,0,0,0,0,0,0,0,0,0,0,0,0,0,0,0,0,0,0,0,0,0,0,1,2.83267663464518
Woodland Township Police Chatsworth,1985-06-01,New Jersey,0,NJ00339,0,0,0,0,0,0,0,0,0,0,0,0,0,0,0,0,0,0,0,0,1,1,0,0,0,0,1,0,0,0,0,0,0,0,0,0,0,0,0,0,0,0,0,0,0,0,0,0,0,0,0,0,0,0,0,991,991,991,0,0,0,0,991,0,0,0,0,0,0,0,0,0,0,0,0,991,0,0,991,0,0,0,0,0,0,0,0,0,0,0,0,1,2.83267663464518
Woodland Township Police Chatsworth,1985-05-01,New Jersey,0,NJ00339,0,0,0,0,0,0,0,0,0,0,0,0,0,0,0,0,0,0,0,0,0,0,0,0,0,0,0,0,0,0,0,0,0,0,0,0,0,0,0,0,0,0,0,0,0,0,0,0,0,0,0,0,0,0,0,0,0,0,0,0,0,0,0,0,0,0,0,0,0,0,0,0,0,0,0,0,0,0,0,0,0,0,0,0,0,0,0,0,0,0,0,1,2.83267663464518
Woodland Township Police Chatsworth,1985-04-01,New Jersey,0,NJ00339,0,0,0,0,0,0,0,0,0,0,0,0,0,0,0,0,0,0,0,0,0,0,0,0,0,0,0,0,0,0,0,0,0,0,0,0,0,0,0,0,0,0,0,0,0,0,0,0,0,0,0,0,0,0,0,0,0,0,0,0,0,0,0,0,0,0,0,0,0,0,0,0,0,0,0,0,0,0,0,0,0,0,0,0,0,0,0,0,0,0,0,1,2.83267663464518
Woodland Township Police Chatsworth,1985-03-01,New Jersey,0,NJ00339,0,0,0,0,0,0,0,0,0,0,0,0,0,0,0,0,0,0,1,0,0,1,0,0,0,0,0,0,0,0,1,0,0,0,0,0,0,0,0,0,0,0,0,0,0,0,0,0,0,0,0,0,0,59,0,0,59,59,0,0,0,0,0,0,0,0,59,0,0,0,0,0,0,0,0,59,0,0,59,0,0,0,0,0,0,0,0,59,0,0,59,1,2.83267663464518
Woodland Township Police Chatsworth,1985-02-01,New Jersey,0,NJ00339,0,0,0,0,0,0,0,0,0,0,0,0,0,0,0,0,0,0,1,1,0,2,0,0,0,0,2,0,0,0,0,0,0,0,0,0,0,0,0,0,0,0,0,0,0,0,0,0,0,0,0,0,0,57,397,0,453,453,0,0,0,0,453,0,0,0,0,397,0,0,0,0,0,0,0,57,0,0,453,0,0,0,0,0,0,0,0,0,0,0,0,1,2.83267663464518
Woodland Township Police Chatsworth,1985-01-01,New Jersey,0,NJ00339,0,0,0,0,0,0,0,0,0,0,0,0,0,0,0,0,0,0,0,0,0,0,0,0,0,0,0,0,0,0,0,0,0,0,0,0,0,0,0,0,0,0,0,0,0,0,0,0,0,0,0,0,0,0,0,0,0,0,0,0,0,0,0,0,0,0,0,0,0,0,0,0,0,0,0,0,0,0,0,0,0,0,0,0,0,0,0,0,0,0,0,1,2.83267663464518
Woodland Township Police Chatsworth,1984-12-01,New Jersey,0,NJ00339,0,0,0,0,0,0,0,0,0,0,0,0,0,0,0,0,0,0,1,1,0,2,0,0,0,0,2,0,0,0,0,0,0,0,0,0,0,0,0,0,0,0,0,0,0,0,0,0,0,0,0,0,0,129,264,0,393,393,0,0,0,0,393,0,0,0,0,264,0,0,0,0,0,0,0,129,0,0,393,0,0,0,0,0,0,0,0,0,0,0,0,1,2.9331132680892
Woodland Township Police Chatsworth,1984-11-01,New Jersey,0,NJ00339,0,0,0,0,0,0,0,0,0,0,0,0,0,0,0,0,0,0,0,0,0,0,0,0,0,0,0,0,0,0,0,0,0,0,0,0,0,0,0,0,0,0,0,0,0,0,0,0,0,0,0,0,0,0,0,0,0,0,0,0,0,0,0,0,0,0,0,0,0,0,0,0,0,0,0,0,0,0,0,0,0,0,0,0,0,0,0,0,0,0,0,1,2.9331132680892
Woodland Township Police Chatsworth,1984-10-01,New Jersey,0,NJ00339,0,0,0,0,0,0,0,0,0,0,0,0,0,0,0,0,0,0,1,1,1,3,0,0,0,0,3,0,0,0,0,0,0,0,0,0,0,0,0,0,0,0,0,0,0,0,0,0,0,0,0,0,0,59,455,645,1159,1159,0,0,0,0,1159,0,0,0,0,0,0,645,0,0,0,0,0,513,0,0,1159,0,0,0,0,0,0,0,0,0,0,0,0,1,2.9331132680892
Woodland Township Police Chatsworth,1984-09-01,New Jersey,0,NJ00339,0,0,0,0,0,0,0,0,0,0,0,0,0,0,0,0,0,0,0,0,0,0,0,0,0,0,0,0,0,0,0,0,0,0,0,0,0,0,0,0,0,0,0,0,0,0,0,0,0,0,0,0,0,0,0,0,0,0,0,0,0,0,0,0,0,0,0,0,0,0,0,0,0,0,0,0,0,0,0,0,0,0,0,0,0,0,0,0,0,0,0,1,2.9331132680892
Woodland Township Police Chatsworth,1984-08-01,New Jersey,0,NJ00339,0,0,0,0,0,0,0,0,0,0,0,0,0,0,0,0,0,0,0,0,0,0,0,0,0,0,0,0,0,0,0,0,0,0,0,0,0,0,0,0,0,0,0,0,0,0,0,0,0,0,0,0,0,0,0,0,0,0,0,0,0,0,0,0,0,0,0,0,0,0,0,0,0,0,0,0,0,0,0,0,0,0,0,0,0,0,0,0,0,0,0,1,2.9331132680892
Woodland Township Police Chatsworth,1984-07-01,New Jersey,0,NJ00339,0,0,0,0,0,0,0,0,0,0,0,0,0,0,0,0,0,0,0,2,1,3,0,0,0,0,1,0,0,0,2,0,0,0,0,0,0,0,0,0,0,0,0,0,0,0,0,0,0,0,0,0,0,0,375,1173,1549,1549,0,0,0,0,185,0,0,0,1364,0,0,1358,0,0,0,0,0,191,0,0,1549,0,0,0,0,0,0,0,0,0,0,0,0,1,2.9331132680892
Woodland Township Police Chatsworth,1984-06-01,New Jersey,0,NJ00339,0,0,0,0,0,0,0,0,0,0,0,0,0,0,0,0,0,0,0,0,0,0,0,0,0,0,0,0,0,0,0,0,0,0,0,0,0,0,0,0,0,0,0,0,0,0,0,0,0,0,0,0,0,0,0,0,0,0,0,0,0,0,0,0,0,0,0,0,0,0,0,0,0,0,0,0,0,0,0,0,0,0,0,0,0,0,0,0,0,0,0,1,2.9331132680892
Woodland Township Police Chatsworth,1984-05-01,New Jersey,0,NJ00339,0,0,0,0,0,0,0,0,0,0,0,0,0,0,0,0,0,0,0,0,0,0,0,0,0,0,0,0,0,0,0,0,0,0,0,0,0,0,0,0,0,0,0,0,0,0,0,0,0,0,0,0,0,0,0,0,0,0,0,0,0,0,0,0,0,0,0,0,0,0,0,0,0,0,0,0,0,0,0,0,0,0,0,0,0,0,0,0,0,0,0,1,2.9331132680892
Woodland Township Police Chatsworth,1984-04-01,New Jersey,0,NJ00339,0,0,0,0,0,0,0,0,0,0,0,0,0,0,0,0,0,0,0,0,0,0,0,0,0,0,0,0,0,0,0,0,0,0,0,0,0,0,0,0,0,0,0,0,0,0,0,0,0,0,0,0,0,0,0,0,0,0,0,0,0,0,0,0,0,0,0,0,0,0,0,0,0,0,0,0,0,0,0,0,0,0,0,0,0,0,0,0,0,0,0,1,2.9331132680892
Woodland Township Police Chatsworth,1984-03-01,New Jersey,0,NJ00339,0,0,0,0,0,0,0,0,0,0,0,0,0,0,0,0,0,0,0,0,0,0,0,0,0,0,0,0,0,0,0,0,0,0,0,0,0,0,0,0,0,0,0,0,0,0,0,0,0,0,0,0,0,0,0,0,0,0,0,0,0,0,0,0,0,0,0,0,0,0,0,0,0,0,0,0,0,0,0,0,0,0,0,0,0,0,0,0,0,0,0,1,2.9331132680892
Woodland Township Police Chatsworth,1984-02-01,New Jersey,0,NJ00339,0,0,0,0,0,0,0,0,0,0,0,0,0,0,0,0,0,0,0,0,0,0,0,0,0,0,0,0,0,0,0,0,0,0,0,0,0,0,0,0,0,0,0,0,0,0,0,0,0,0,0,0,0,0,0,0,0,0,0,0,0,0,0,0,0,0,0,0,0,0,0,0,0,0,0,0,0,0,0,0,0,0,0,0,0,0,0,0,0,0,0,1,2.9331132680892
Woodland Township Police Chatsworth,1984-01-01,New Jersey,0,NJ00339,0,0,0,0,0,0,0,0,0,0,0,0,0,0,0,0,0,0,0,0,0,0,0,0,0,0,0,0,0,0,0,0,0,0,0,0,0,0,0,0,0,0,0,0,0,0,0,0,0,0,0,0,0,0,0,0,0,0,0,0,0,0,0,0,0,0,0,0,0,0,0,0,0,0,0,0,0,0,0,0,0,0,0,0,0,0,0,0,0,0,0,1,2.9331132680892
