agency,year,state,population,ORI,offenses_burg_resident_day,offenses_burg_resident_night,offenses_burg_resident_unk,offenses_burg_nonresident_day,offenses_burg_nonresident_night,offenses_burg_nonresident_unk,offenses_burg_total,offenses_motor_vehicle_theft,offenses_murder,offenses_rape,offenses_robbery_bank,offenses_robbery_chain_store,offenses_robbery_gas_station,offenses_robbery_highway,offenses_robbery_house,offenses_robbery_misc,offenses_robbery_residence,offenses_robbery_total,offenses_theft_under_50,offenses_theft_50_to_200,offenses_theft_over_200,offenses_theft_total,offenses_theft_auto_part,offenses_theft_bicycle,offenses_theft_coin_machine,offenses_theft_from_auto,offenses_theft_from_building,offenses_theft_pick_pocket,offenses_theft_purse_snatch,offenses_theft_shoplift,offenses_theft_all_other,auto_stolen_recover_local,auto_stolen_recovered_other,auto_theft_total,auto_stole_oth_recover_local,value_burg_resident_night,value_burg_resident_day,value_burg_resident_unk,value_burg_nonresident_night,value_burg_nonresident_day,value_burg_nonresident_unk,value_burg_total,value_motor_vehicle_theft,value_murder,value_rape,value_robbery_bank,value_robbery_chain_store,value_robbery_gas_station,value_robbery_highway,value_robbery_house,value_robbery_misc,value_robbery_residence,value_robbery_total,value_theft_under_50,value_theft_50_to_200,value_theft_over_200,value_theft_total,value_total_all_values,value_theft_auto_part,value_theft_bicycle,value_theft_coin_machine,value_theft_from_auto,value_theft_from_building,value_theft_pick_pocket,value_theft_purse_snatch,value_theft_shoplift,value_theft_all_other,value_stolen_clothing_or_fur,value_stolen_consumable_good,value_stolen_currency,value_stolen_guns,value_stolen_household_good,value_stolen_jewel_metal,value_stolen_livestock,value_stolen_local_mtr_veh,value_stolen_misc,value_stolen_office_equip,value_stolen_tv_and_radio,value_stolen_total,value_recovered_clothing_or_fur,value_recovered_consumable_good,value_recovered_currency,value_recovered_guns,value_recovered_house_good,value_recovered_jewel_metal,value_recovered_livestock,value_recovered_local_mtv_veh,value_recovered_misc,value_recovered_office_equip,value_recovered_tv_and_radio,value_recovered_total,price,in_2023_dollars
Sherburne Village Police Department,2017-01-01,New York,1325,NY00827,0,0,0,0,0,0,0,0,0,0,0,0,0,0,0,0,0,0,1,0,0,1,0,0,0,0,0,0,0,1,0,0,0,0,0,0,0,0,0,0,0,0,0,0,0,0,0,0,0,0,0,0,0,5,0,0,5,5,0,0,0,0,0,0,0,5,0,0,5,0,0,0,0,0,0,0,0,0,5,0,5,0,0,0,0,0,0,0,0,0,5,1,1.24307319386626
Sherburne Village Police Department,2017-02-01,New York,1325,NY00827,0,0,0,0,0,0,0,0,0,0,0,0,0,0,0,0,0,0,1,0,0,1,0,0,0,0,0,0,0,0,1,0,0,0,0,0,0,0,0,0,0,0,0,0,0,0,0,0,0,0,0,0,0,37,0,0,37,37,0,0,0,0,0,0,0,0,37,0,0,0,0,0,0,0,0,37,0,0,37,0,0,0,0,0,0,0,0,0,0,0,0,1,1.24307319386626
Sherburne Village Police Department,2017-03-01,New York,1325,NY00827,0,0,0,0,0,0,0,0,0,0,0,0,0,0,0,0,0,0,1,0,0,1,0,1,0,0,0,0,0,0,0,0,0,0,0,0,0,0,0,0,0,0,0,0,0,0,0,0,0,0,0,0,0,124,0,0,124,124,0,124,0,0,0,0,0,0,0,0,0,0,0,0,0,0,0,124,0,0,124,0,0,0,0,0,0,0,0,124,0,0,124,1,1.24307319386626
Sherburne Village Police Department,2017-04-01,New York,1325,NY00827,0,0,0,0,0,0,0,0,0,0,0,0,0,0,0,0,0,0,0,0,0,0,0,0,0,0,0,0,0,0,0,0,0,0,0,0,0,0,0,0,0,0,0,0,0,0,0,0,0,0,0,0,0,0,0,0,0,0,0,0,0,0,0,0,0,0,0,0,0,0,0,0,0,0,0,0,0,0,0,0,0,0,0,0,0,0,0,0,0,0,0,1,1.24307319386626
Sherburne Village Police Department,2017-05-01,New York,1325,NY00827,0,0,0,0,0,0,0,0,0,0,0,0,0,0,0,0,0,0,0,0,0,0,0,0,0,0,0,0,0,0,0,0,0,0,0,0,0,0,0,0,0,0,0,0,0,0,0,0,0,0,0,0,0,0,0,0,0,0,0,0,0,0,0,0,0,0,0,0,0,0,0,0,0,0,0,0,0,0,0,0,0,0,0,0,0,0,0,0,0,0,0,1,1.24307319386626
Sherburne Village Police Department,2017-06-01,New York,1325,NY00827,0,0,0,0,0,0,0,0,0,0,0,0,0,0,0,0,0,0,0,0,0,0,0,0,0,0,0,0,0,0,0,0,0,0,0,0,0,0,0,0,0,0,0,0,0,0,0,0,0,0,0,0,0,0,0,0,0,0,0,0,0,0,0,0,0,0,0,0,0,0,0,0,0,0,0,0,0,0,0,0,0,0,0,0,0,0,0,0,0,0,0,1,1.24307319386626
Sherburne Village Police Department,2017-07-01,New York,1325,NY00827,0,0,0,0,0,0,0,0,0,1,0,0,0,0,0,0,0,0,0,0,0,0,0,0,0,0,0,0,0,0,0,0,0,0,0,0,0,0,0,0,0,0,0,0,0,0,0,0,0,0,0,0,0,0,0,0,0,0,0,0,0,0,0,0,0,0,0,0,0,0,0,0,0,0,0,0,0,0,0,0,0,0,0,0,0,0,0,0,0,0,0,1,1.24307319386626
Sherburne Village Police Department,2017-08-01,New York,1325,NY00827,0,0,0,0,0,0,0,0,0,0,0,0,0,0,0,0,0,0,0,1,0,1,0,0,0,0,0,0,0,0,1,0,0,0,0,0,0,0,0,0,0,0,0,0,0,0,0,0,0,0,0,0,0,0,124,0,124,124,0,0,0,0,0,0,0,0,124,0,0,0,0,0,0,0,0,124,0,0,124,0,0,0,0,0,0,0,0,124,0,0,124,1,1.24307319386626
Sherburne Village Police Department,2017-09-01,New York,1325,NY00827,0,0,0,0,0,0,0,0,0,0,0,0,0,0,0,0,0,0,1,0,0,1,0,0,0,0,0,0,0,0,1,0,0,0,0,0,0,0,0,0,0,0,0,0,0,0,0,0,0,0,0,0,0,37,0,0,37,37,0,0,0,0,0,0,0,0,37,0,0,0,0,0,0,0,0,37,0,0,37,0,0,0,0,0,0,0,0,0,0,0,0,1,1.24307319386626
Sherburne Village Police Department,2017-10-01,New York,1325,NY00827,0,0,0,0,0,0,0,0,0,0,0,0,0,0,0,0,0,0,0,1,0,1,0,0,0,0,0,0,0,0,1,0,0,0,0,0,0,0,0,0,0,0,0,0,0,0,0,0,0,0,0,0,0,0,75,0,75,75,0,0,0,0,0,0,0,0,75,0,0,0,0,0,0,0,0,75,0,0,75,0,0,0,0,0,0,0,0,0,0,0,0,1,1.24307319386626
Sherburne Village Police Department,2017-11-01,New York,1325,NY00827,0,0,0,0,0,0,0,0,0,0,0,0,0,0,0,0,0,0,0,0,0,0,0,0,0,0,0,0,0,0,0,0,0,0,0,0,0,0,0,0,0,0,0,0,0,0,0,0,0,0,0,0,0,0,0,0,0,0,0,0,0,0,0,0,0,0,0,0,0,0,0,0,0,0,0,0,0,0,0,0,0,0,0,0,0,0,0,0,0,0,0,1,1.24307319386626
Sherburne Village Police Department,2017-12-01,New York,1325,NY00827,0,0,0,0,0,0,0,0,0,0,0,0,0,0,0,0,0,0,0,0,0,0,0,0,0,0,0,0,0,0,0,0,0,0,0,0,0,0,0,0,0,0,0,0,0,0,0,0,0,0,0,0,0,0,0,0,0,0,0,0,0,0,0,0,0,0,0,0,0,0,0,0,0,0,0,0,0,0,0,0,0,0,0,0,0,0,0,0,0,0,0,1,1.24307319386626
Sherburne Village Police Department,2018-01-01,New York,1307,NY00827,0,0,0,0,0,0,0,0,0,0,0,0,0,0,0,0,0,0,0,0,0,0,0,0,0,0,0,0,0,0,0,0,0,0,0,0,0,0,0,0,0,0,0,0,0,0,0,0,0,0,0,0,0,0,0,0,0,0,0,0,0,0,0,0,0,0,0,0,0,0,0,0,0,0,0,0,0,0,0,0,0,0,0,0,0,0,0,0,0,0,0,1,1.21343405628813
Sherburne Village Police Department,2018-02-01,New York,1307,NY00827,0,0,0,0,0,0,0,0,0,0,0,0,0,0,0,0,0,0,0,0,0,0,0,0,0,0,0,0,0,0,0,0,0,0,0,0,0,0,0,0,0,0,0,0,0,0,0,0,0,0,0,0,0,0,0,0,0,0,0,0,0,0,0,0,0,0,0,0,0,0,0,0,0,0,0,0,0,0,0,0,0,0,0,0,0,0,0,0,0,0,0,1,1.21343405628813
Sherburne Village Police Department,2018-03-01,New York,1307,NY00827,0,0,0,0,0,0,0,0,0,0,0,0,0,0,0,0,0,0,1,0,0,1,0,0,0,0,1,0,0,0,0,0,0,0,0,0,0,0,0,0,0,0,0,0,0,0,0,0,0,0,0,0,0,30,0,0,30,30,0,0,0,0,30,0,0,0,0,0,30,0,0,0,0,0,0,0,0,0,30,0,0,0,0,0,0,0,0,0,0,0,0,1,1.21343405628813
Sherburne Village Police Department,2018-04-01,New York,1307,NY00827,0,0,0,0,0,0,0,0,0,0,0,0,0,0,0,0,0,0,1,0,0,1,0,0,0,0,0,0,0,1,0,0,0,0,0,0,0,0,0,0,0,0,0,0,0,0,0,0,0,0,0,0,0,12,0,0,12,12,0,0,0,0,0,0,0,12,0,0,0,0,0,12,0,0,0,0,0,0,12,0,0,0,0,12,0,0,0,0,0,0,12,1,1.21343405628813
Sherburne Village Police Department,2018-05-01,New York,1307,NY00827,0,0,0,0,0,0,0,0,0,0,0,0,0,0,0,0,0,0,0,0,0,0,0,0,0,0,0,0,0,0,0,0,0,0,0,0,0,0,0,0,0,0,0,0,0,0,0,0,0,0,0,0,0,0,0,0,0,0,0,0,0,0,0,0,0,0,0,0,0,0,0,0,0,0,0,0,0,0,0,0,0,0,0,0,0,0,0,0,0,0,0,1,1.21343405628813
Sherburne Village Police Department,2018-06-01,New York,1307,NY00827,0,0,0,0,0,0,0,0,0,0,0,0,0,0,0,0,0,0,0,1,0,1,0,0,0,0,0,0,0,0,1,0,0,0,0,0,0,0,0,0,0,0,0,0,0,0,0,0,0,0,0,0,0,0,212,0,212,212,0,0,0,0,0,0,0,0,212,0,0,212,0,0,0,0,0,0,0,0,212,0,0,212,0,0,0,0,0,0,0,0,212,1,1.21343405628813
Sherburne Village Police Department,2018-07-01,New York,1307,NY00827,0,0,0,0,0,0,0,0,0,0,0,0,0,0,0,0,0,0,2,1,0,3,0,0,0,0,0,0,0,1,2,0,0,0,0,0,0,0,0,0,0,0,0,0,0,0,0,0,0,0,0,0,0,0,125,0,125,125,0,0,0,0,0,0,0,0,125,0,0,0,0,0,0,0,0,125,0,0,125,0,0,0,0,0,0,0,0,125,0,0,125,1,1.21343405628813
Sherburne Village Police Department,2018-08-01,New York,1307,NY00827,0,0,0,0,0,0,0,0,0,0,0,0,0,0,0,0,0,0,0,2,0,2,0,2,0,0,0,0,0,0,0,0,0,0,0,0,0,0,0,0,0,0,0,0,0,0,0,0,0,0,0,0,0,0,243,0,243,243,0,243,0,0,0,0,0,0,0,0,0,0,0,0,0,0,0,243,0,0,243,0,0,0,0,0,0,0,0,121,0,0,121,1,1.21343405628813
Sherburne Village Police Department,2018-09-01,New York,1307,NY00827,0,0,0,0,0,0,0,0,0,0,0,0,0,0,0,0,0,0,0,0,0,0,0,0,0,0,0,0,0,0,0,0,0,0,0,0,0,0,0,0,0,0,0,0,0,0,0,0,0,0,0,0,0,0,0,0,0,0,0,0,0,0,0,0,0,0,0,0,0,0,0,0,0,0,0,0,0,0,0,0,0,0,0,0,0,0,0,0,0,0,0,1,1.21343405628813
Sherburne Village Police Department,2018-10-01,New York,1307,NY00827,0,0,0,0,0,0,0,0,0,0,0,0,0,0,0,0,0,0,0,1,0,1,0,1,0,0,0,0,0,0,0,0,0,0,0,0,0,0,0,0,0,0,0,0,0,0,0,0,0,0,0,0,0,0,121,0,121,121,0,121,0,0,0,0,0,0,0,0,0,0,0,0,0,0,0,121,0,0,121,0,0,0,0,0,0,0,0,121,0,0,121,1,1.21343405628813
Sherburne Village Police Department,2018-11-01,New York,1307,NY00827,0,0,0,0,0,0,0,0,0,0,0,0,0,1,0,0,0,1,0,0,0,0,0,0,0,0,0,0,0,0,0,0,0,0,0,0,0,0,0,0,0,0,0,0,0,0,0,0,61,0,0,0,61,0,0,0,0,61,0,0,0,0,0,0,0,0,0,0,0,0,0,0,0,0,0,61,0,0,61,0,0,0,0,0,0,0,0,61,0,0,61,1,1.21343405628813
Sherburne Village Police Department,2018-12-01,New York,1307,NY00827,0,0,0,0,0,0,0,0,0,0,0,0,0,0,0,0,0,0,0,0,1,1,0,0,0,0,1,0,0,0,0,0,0,0,0,0,0,0,0,0,0,0,0,0,0,0,0,0,0,0,0,0,0,0,0,485,485,485,0,0,0,0,485,0,0,0,0,0,0,485,0,0,0,0,0,0,0,0,485,0,0,485,0,0,0,0,0,0,0,0,485,1,1.21343405628813
Sherburne Village Police Department,2019-01-01,New York,1302,NY00827,0,0,0,0,0,0,0,0,0,0,0,0,0,0,0,0,0,0,1,1,0,2,0,0,0,0,0,0,0,0,2,0,2000,0,960,0,0,0,0,0,0,0,0,0,0,0,0,0,0,0,0,0,0,0,0,0,0,0,0,0,0,0,0,0,0,0,90579,0,0,0,0,0,0,0,1144162074,0,0,0,0,0,0,0,1144162074,0,0,0,0,24,0,0,0,1,1.19183549339627
Sherburne Village Police Department,2019-02-01,New York,1302,NY00827,0,0,0,0,0,0,0,9600,0,0,0,0,0,0,0,0,0,0,76000,0,0,76000,0,0,0,0,0,0,0,0,0,0,0,0,0,0,0,0,0,0,0,0,0,0,0,0,0,0,0,0,0,0,0,0,0,0,0,0,0,0,0,0,0,0,0,0,0,0,0,0,0,0,0,0,0,0,0,0,0,0,0,0,0,0,0,0,0,0,0,0,0,1,1.19183549339627
Sherburne Village Police Department,2019-03-01,New York,1302,NY00827,0,0,0,0,0,0,0,0,0,0,0,0,0,0,0,0,0,0,0,0,0,0,0,0,0,0,0,0,0,0,0,0,0,0,0,0,0,0,0,0,0,0,0,0,0,0,0,0,0,0,0,0,0,0,0,0,0,0,0,0,0,0,0,0,0,0,0,0,0,0,0,0,0,0,0,0,0,0,0,0,0,0,0,0,0,0,119184,0,0,0,0,1,1.19183549339627
Sherburne Village Police Department,2019-04-01,New York,1302,NY00827,0,0,0,0,0,0,0,0,0,0,10000,0,0,0,0,0,0,10000,0,0,10000,10000,0,0,0,0,0,0,0,0,0,0,0,0,0,0,0,0,0,0,0,0,0,0,0,0,0,0,0,0,0,0,0,0,0,0,0,76277,0,0,0,0,76277472,0,0,76,0,0,0,0,0,0,0,0,0,0,0,763,0,0,0,0,0,0,76,0,0,0,0,0,0,1,1.19183549339627
Sherburne Village Police Department,2019-05-01,New York,1302,NY00827,0,4000000,0,0,0,0,4000000,0,0,0,0,0,0,0,0,0,0,0,0,0,0,0,0,0,0,0,0,0,0,0,0,0,0,0,0,0,0,0,0,0,0,0,0,0,0,0,0,11918355,0,0,0,0,0,119,0,0,11918,0,0,0,0,0,0,1192,0,0,0,0,0,0,0,0,0,0,0,0,0,0,0,0,0,0,0,0,0,0,0,0,0,0,0,1,1.19183549339627
Sherburne Village Police Department,2019-06-01,New York,1302,NY00827,0,0,0,0,0,48000,48000,0,0,0,0,0,480,4800,0,4,0,5284,0,0,0,0,0,0,0,0,0,0,0,0,0,0,0,0,0,0,0,0,0,0,5,953468395,953468395,0,0,0,0,0,0,0,0,0,0,0,0,0,5,0,0,0,0,0,0,0,0,0,0,0,0,57,0,0,0,0,0,0,0,57,0,0,0,0,0,0,0,0,0,0,0,0,0,1,1.19183549339627
Sherburne Village Police Department,2019-07-01,New York,1302,NY00827,0,0,0,0,0,0,0,0,0,0,0,0,0,0,0,0,0,0,0,0,0,0,0,0,0,0,0,0,0,0,0,0,0,0,0,0,0,0,0,0,0,0,0,0,0,0,0,0,0,0,0,0,0,0,0,0,0,0,0,0,0,0,0,0,0,0,0,0,0,0,0,0,0,0,0,0,0,0,0,0,0,0,0,0,0,0,0,0,0,0,0,1,1.19183549339627
Sherburne Village Police Department,2019-08-01,New York,1302,NY00827,0,0,0,0,0,0,0,0,0,0,0,0,0,0,0,0,0,0,0,0,0,0,0,0,0,0,0,0,0,10,0,0,0,0,0,119,23837,0,0,0,0,11918355,0,0,0,0,0,0,0,0,0,0,11918355,1191835,0,0,0,0,0,0,0,0,0,0,0,0,0,0,0,0,0,0,0,0,0,0,0,0,0,0,0,0,4,297958873,4,0,0,3873465,0,297959,0,1,1.19183549339627
Sherburne Village Police Department,2019-09-01,New York,1302,NY00827,0,0,0,0,0,0,0,0,0,0,0,0,0,0,0,2500000,0,2500000,0,0,0,0,0,0,0,0,0,300,0,0,0,100,0,0,0,2979589,38,595917747,0,0,0,0,0,0,0,0,0,0,0,0,0,0,0,0,0,0,0,0,0,0,0,0,0,0,0,0,0,0,0,0,0,0,0,0,0,0,0,0,0,0,0,23836710,0,0,238,23837,0,0,0,0,0,1,1.19183549339627
Sherburne Village Police Department,2019-10-01,New York,1302,NY00827,0,0,0,0,0,0,0,0,0,0,0,0,0,0,0,0,0,0,0,0,0,0,0,0,0,0,0,0,0,0,0,0,0,0,0,0,119183549,0,0,0,0,0,0,0,0,119,0,119184,0,0,0,0,0,0,0,0,0,0,0,0,0,119183549,0,0,0,0,0,0,0,0,0,0,0,0,0,0,0,0,0,119183549,0,119184,0,0,0,0,0,0,0,0,0,1,1.19183549339627
Sherburne Village Police Department,2019-11-01,New York,1302,NY00827,0,0,0,0,100000,0,100000,0,0,0,0,0,0,0,0,0,0,0,0,0,0,0,0,0,0,0,0,0,0,0,0,0,0,0,0,0,0,0,0,0,0,0,0,0,238,0,0,0,23837,0,119,119184,0,0,0,0,0,0,0,0,0,0,0,0,0,0,0,0,238367,0,0,0,0,0,0,238367099,0,0,0,0,238367099,0,0,0,238367,0,0,0,0,0,0,1,1.19183549339627
Sherburne Village Police Department,2019-12-01,New York,1302,NY00827,0,0,0,0,0,0,0,0,0,0,0,0,0,0,0,0,0,0,0,0,0,0,0,0,0,0,20000,0,0,0,0,0,0,0,0,0,0,0,0,0,0,0,0,0,0,0,0,0,2,0,0,0,0,0,0,0,0,0,0,0,0,0,0,11918,0,0,0,0,0,0,0,0,0,0,1,1,119,0,0,0,0,0,0,0,0,0,0,0,0,0,0,1,1.19183549339627
Sherburne Village Police Department,2020-01-01,New York,1301,NY00827,0,0,0,0,0,0,0,0,0,0,0,0,0,0,0,0,0,0,0,0,0,0,0,0,0,0,0,0,0,0,0,0,0,0,0,0,0,0,0,0,0,0,0,0,0,0,0,0,0,0,0,0,0,0,0,0,0,0,0,0,0,0,0,0,0,0,0,0,0,0,0,0,0,0,0,0,0,0,0,0,0,0,0,0,0,0,0,0,0,0,0,1,1.17731235192711
Sherburne Village Police Department,2020-02-01,New York,1301,NY00827,0,0,0,0,0,0,0,0,0,0,0,0,0,0,0,0,0,0,0,0,0,0,0,0,0,0,0,0,0,0,0,0,0,0,0,0,0,0,0,0,0,0,0,0,0,0,0,0,0,0,0,0,0,0,0,0,0,0,0,0,0,0,0,0,0,0,0,0,0,0,0,0,0,0,0,0,0,0,0,0,0,0,0,0,0,0,0,0,0,0,0,1,1.17731235192711
Sherburne Village Police Department,2020-03-01,New York,1301,NY00827,0,0,0,0,0,0,0,0,0,0,0,0,0,0,0,0,0,0,0,0,0,0,0,0,0,0,0,0,0,0,0,0,0,0,0,0,0,0,0,0,0,0,0,0,0,0,0,0,0,0,0,0,0,0,0,0,0,0,0,0,0,0,0,0,0,0,0,0,0,0,0,0,0,0,0,0,0,0,0,0,0,0,0,0,0,0,0,0,0,0,0,1,1.17731235192711
Sherburne Village Police Department,2020-04-01,New York,1301,NY00827,0,0,0,0,0,0,0,0,0,0,0,0,0,0,0,0,0,0,0,0,0,0,0,0,0,0,0,0,0,0,0,0,0,0,0,0,0,0,0,0,0,0,0,0,0,0,0,0,0,0,0,0,0,0,0,0,0,0,0,0,0,0,0,0,0,0,0,0,0,0,0,0,0,0,0,0,0,0,0,0,0,0,0,0,0,0,0,0,0,0,0,1,1.17731235192711
Sherburne Village Police Department,2020-05-01,New York,1301,NY00827,0,0,0,0,0,0,0,0,0,0,0,0,0,0,0,0,0,0,0,0,0,0,0,0,0,0,0,0,0,0,0,0,0,0,0,0,0,0,0,0,12,0,1177312,0,0,0,0,11773124,0,0,0,0,0,0,1,117731,11773,0,0,0,0,0,0,0,0,1,0,0,0,0,0,0,0,0,0,0,0,0,0,0,0,0,294328088,0,0,9712827,0,0,0,9,0,1,1.17731235192711
Sherburne Village Police Department,2020-06-01,New York,1301,NY00827,0,0,0,0,0,0,0,50,50000,0,0,0,500,0,0,387,1500,2387,0,0,0,0,0,0,10000,0,0,0,0,0,0,0,0,0,0,0,0,0,0,0,0,0,588656176,1177312,0,176597,0,0,0,0,0,0,0,103014831,0,0,279,0,176597,0,0,0,0,0,0,0,0,0,0,0,117731,0,0,0,0,0,0,1766,0,0,117731,0,0,0,0,1,0,235,0,0,0,1,1.17731235192711
Sherburne Village Police Department,2020-07-01,New York,1301,NY00827,0,0,0,0,0,0,0,0,0,0,0,0,0,0,20,0,0,20,0,0,0,0,0,0,0,0,0,0,0,0,0,0,0,0,0,0,706,0,0,0,41205932,748,0,0,0,0,0,0,0,0,0,0,0,0,0,0,747593343,0,0,747593,0,0,0,0,0,0,0,0,0,0,0,0,0,0,0,0,0,0,0,0,0,0,0,0,0,747593,0,0,0,0,747593343,1,1.17731235192711
Sherburne Village Police Department,2020-08-01,New York,1301,NY00827,0,0,0,0,0,0,0,0,0,0,0,0,0,0,0,0,0,0,0,0,0,0,0,0,0,0,0,0,0,10,0,0,0,0,0,0,11773,0,0,0,117731,0,0,0,0,0,0,0,0,0,0,0,11773124,0,0,0,0,0,0,0,0,0,0,0,0,0,0,0,0,0,0,0,0,0,0,0,0,0,0,588656176,0,0,2,588656176,2,0,0,2943281,0,0,0,1,1.17731235192711
Sherburne Village Police Department,2020-09-01,New York,1301,NY00827,0,0,0,0,0,0,0,0,0,0,0,25,0,0,0,0,0,25,0,0,0,0,0,0,0,0,0,0,0,0,0,100,0,0,0,0,29,0,0,0,0,0,0,0,0,0,0,0,0,29433,0,0,0,0,0,0,0,0,0,0,0,0,0,29433,0,0,29,0,0,0,0,0,0,0,0,0,0,0,0,0,0,23546247,0,11773125,235,0,0,0,0,0,0,1,1.17731235192711
Sherburne Village Police Department,2020-10-01,New York,1301,NY00827,0,0,0,0,0,0,0,0,0,0,0,0,0,0,0,0,0,0,0,0,0,0,0,0,0,0,0,0,0,0,0,0,0,0,0,0,294328088,0,0,0,0,0,176596853,0,0,294,0,294328,0,0,0,0,0,0,0,0,0,118,0,0,0,0,0,0,0,0,0,0,0,0,0,117731,0,0,0,0,0,0,0,294328088,0,176597,0,0,0,0,0,0,0,0,0,1,1.17731235192711
Sherburne Village Police Department,2020-11-01,New York,1301,NY00827,0,150000,15000,0,0,0,165000,0,0,0,0,0,0,0,0,0,0,0,0,0,0,0,0,0,0,0,0,0,0,0,0,0,0,0,0,0,0,0,0,0,0,0,0,0,0,0,0,0,0,0,0,0,0,0,0,0,0,0,0,0,0,0,0,0,0,0,0,0,0,0,0,0,0,0,0,0,0,0,0,0,0,0,0,0,0,0,0,0,0,0,0,1,1.17731235192711
Sherburne Village Police Department,2020-12-01,New York,1301,NY00827,0,0,0,0,0,0,0,0,0,0,0,0,0,0,0,0,0,0,0,0,0,0,0,0,0,0,0,0,0,0,0,0,0,0,0,0,0,0,0,0,0,0,0,0,0,0,0,0,0,0,0,0,0,0,0,0,0,0,0,0,0,0,0,0,0,0,0,0,0,0,0,0,0,0,0,0,0,0,0,0,0,0,0,0,0,0,0,0,0,0,0,1,1.17731235192711
Sherburne Village Police Department,2021-01-01,New York,1289,NY00827,0,0,0,0,0,0,0,0,0,0,0,0,0,0,0,0,0,0,0,0,0,0,0,0,0,0,0,0,0,0,0,0,0,0,0,0,0,0,0,0,0,0,0,0,0,0,0,0,0,0,0,0,0,0,0,0,0,0,0,0,0,0,0,0,0,0,0,0,0,0,0,0,0,0,0,0,0,0,0,0,0,0,0,0,0,0,0,0,0,0,0,1,1.12448560525052
Sherburne Village Police Department,2021-02-01,New York,1289,NY00827,0,0,0,0,0,0,0,0,0,0,0,0,0,0,0,0,0,0,0,0,0,0,0,0,0,0,0,0,0,0,0,0,0,0,0,0,0,0,0,0,0,0,0,0,0,0,0,0,0,0,0,0,0,0,0,0,0,0,0,0,0,0,0,0,0,0,0,0,0,0,0,0,0,0,0,0,0,0,0,0,0,0,0,0,0,0,0,0,0,0,0,1,1.12448560525052
Sherburne Village Police Department,2021-03-01,New York,1289,NY00827,0,0,0,0,0,0,0,0,0,0,0,0,0,0,0,0,0,0,0,0,0,0,0,0,0,0,0,0,0,0,0,0,0,0,0,0,0,0,0,0,0,0,0,0,0,0,0,0,0,0,0,0,0,0,0,0,0,0,0,0,0,0,0,0,0,0,0,0,0,0,0,0,0,0,0,0,0,0,0,0,0,0,0,0,0,0,0,0,0,0,0,1,1.12448560525052
Sherburne Village Police Department,2021-04-01,New York,1289,NY00827,0,0,0,0,0,0,0,0,0,0,0,0,0,0,0,0,0,0,0,0,0,0,0,0,0,0,0,0,0,0,0,0,0,0,0,0,0,0,0,0,0,0,0,0,0,0,0,0,0,0,0,0,0,0,0,0,0,0,0,0,0,0,0,0,0,0,0,0,0,0,0,0,0,0,0,0,0,0,0,0,0,0,0,0,0,0,0,0,0,0,0,1,1.12448560525052
Sherburne Village Police Department,2021-05-01,New York,1289,NY00827,0,0,0,0,0,0,0,0,0,0,0,0,0,0,0,0,0,0,0,0,0,0,0,0,0,0,0,0,0,0,0,0,0,0,0,0,0,0,0,0,0,0,0,0,0,0,0,0,0,0,0,0,0,0,0,0,0,0,0,0,0,0,0,0,0,0,0,0,0,0,0,0,0,0,0,0,0,0,0,0,0,0,0,0,0,0,0,0,0,0,0,1,1.12448560525052
Sherburne Village Police Department,2021-06-01,New York,1289,NY00827,0,0,0,0,0,0,0,0,0,0,0,0,0,0,0,0,0,0,0,0,0,0,0,0,0,0,0,0,0,0,0,0,0,0,0,0,0,0,0,0,0,0,0,0,0,0,0,0,0,0,0,0,0,0,0,0,0,0,0,0,0,0,0,0,0,0,0,0,0,0,0,0,0,0,0,0,0,0,0,0,0,0,0,0,0,0,0,0,0,0,0,1,1.12448560525052
Sherburne Village Police Department,2021-07-01,New York,1289,NY00827,0,0,0,0,0,0,0,0,0,0,0,0,0,0,0,0,0,0,0,0,0,0,0,0,0,0,0,0,0,0,0,0,0,0,0,0,0,0,0,0,0,0,0,0,0,0,0,0,0,0,0,0,0,0,0,0,0,0,0,0,0,0,0,0,0,0,0,0,0,0,0,0,0,0,0,0,0,0,0,0,0,0,0,0,0,0,0,0,0,0,0,1,1.12448560525052
Sherburne Village Police Department,2021-08-01,New York,1289,NY00827,0,0,0,0,0,0,0,0,0,0,0,0,0,0,0,0,0,0,0,0,0,0,0,0,0,0,0,0,0,0,0,0,0,0,0,0,0,0,0,0,0,0,0,0,0,0,0,0,0,0,0,0,0,0,0,0,0,0,0,0,0,0,0,0,0,0,0,0,0,0,0,0,0,0,0,0,0,0,0,0,0,0,0,0,0,0,0,0,0,0,0,1,1.12448560525052
Sherburne Village Police Department,2021-09-01,New York,1289,NY00827,0,0,0,0,0,0,0,0,0,0,0,0,0,0,0,0,0,0,0,0,0,0,0,0,0,0,0,0,0,0,0,0,0,0,0,0,0,0,0,0,0,0,0,0,0,0,0,0,0,0,0,0,0,0,0,0,0,0,0,0,0,0,0,0,0,0,0,0,0,0,0,0,0,0,0,0,0,0,0,0,0,0,0,0,0,0,0,0,0,0,0,1,1.12448560525052
Sherburne Village Police Department,2021-10-01,New York,1289,NY00827,0,0,0,0,0,0,0,0,0,0,0,0,0,0,0,0,0,0,0,0,0,0,0,0,0,0,0,0,0,0,0,0,0,0,0,0,0,0,0,0,0,0,0,0,0,0,0,0,0,0,0,0,0,0,0,0,0,0,0,0,0,0,0,0,0,0,0,0,0,0,0,0,0,0,0,0,0,0,0,0,0,0,0,0,0,0,0,0,0,0,0,1,1.12448560525052
Sherburne Village Police Department,2021-11-01,New York,1289,NY00827,0,0,0,0,0,0,0,0,0,0,0,0,0,0,0,0,0,0,0,0,0,0,0,0,0,0,0,0,0,0,0,0,0,0,0,0,0,0,0,0,0,0,0,0,0,0,0,0,0,0,0,0,0,0,0,0,0,0,0,0,0,0,0,0,0,0,0,0,0,0,0,0,0,0,0,0,0,0,0,0,0,0,0,0,0,0,0,0,0,0,0,1,1.12448560525052
Sherburne Village Police Department,2021-12-01,New York,1289,NY00827,0,0,0,0,0,0,0,0,0,0,0,0,0,0,0,0,0,0,0,0,0,0,0,0,0,0,0,0,0,0,0,0,0,0,0,0,0,0,0,0,0,0,0,0,0,0,0,0,0,0,0,0,0,0,0,0,0,0,0,0,0,0,0,0,0,0,0,0,0,0,0,0,0,0,0,0,0,0,0,0,0,0,0,0,0,0,0,0,0,0,0,1,1.12448560525052
Sherburne Village Police Department,2022-01-01,New York,1366,NY00827,0,0,0,0,0,0,0,0,0,0,0,0,0,0,0,0,0,0,0,0,0,0,0,0,0,0,0,0,0,0,0,0,0,0,0,0,0,0,0,0,0,0,0,0,0,0,0,0,0,0,0,0,0,0,0,0,0,0,0,0,0,0,0,0,0,0,0,0,0,0,0,0,0,0,0,0,0,0,0,0,0,0,0,0,0,0,0,0,0,0,0,1,1.04116338383745
Sherburne Village Police Department,2022-02-01,New York,1366,NY00827,0,0,0,0,0,0,0,0,0,0,0,0,0,0,0,0,0,0,0,0,0,0,0,0,0,0,0,0,0,0,0,0,0,0,0,0,0,0,0,0,0,0,0,0,0,0,0,0,0,0,0,0,0,0,0,0,0,0,0,0,0,0,0,0,0,0,0,0,0,0,0,0,0,0,0,0,0,0,0,0,0,0,0,0,0,0,0,0,0,0,0,1,1.04116338383745
Sherburne Village Police Department,2022-03-01,New York,1366,NY00827,0,0,0,0,0,0,0,0,0,0,0,0,0,0,0,0,0,0,0,0,0,0,0,0,0,0,0,0,0,0,0,0,0,0,0,0,0,0,0,0,0,0,0,0,0,0,0,0,0,0,0,0,0,0,0,0,0,0,0,0,0,0,0,0,0,0,0,0,0,0,0,0,0,0,0,0,0,0,0,0,0,0,0,0,0,0,104116,0,0,0,0,1,1.04116338383745
Sherburne Village Police Department,2022-04-01,New York,1366,NY00827,0,0,0,0,0,0,0,0,0,0,0,0,0,0,0,10000,0,10000,0,0,10000,10000,0,0,0,0,0,0,0,0,0,0,0,0,0,0,0,0,0,0,0,0,0,0,0,0,0,0,0,0,0,0,0,0,0,0,0,0,0,0,0,0,0,0,0,0,0,0,0,0,0,0,0,0,0,0,0,0,0,0,0,0,0,0,0,0,0,0,0,0,0,1,1.04116338383745
Sherburne Village Police Department,2022-05-01,New York,1366,NY00827,0,0,0,0,0,0,0,0,0,0,0,0,0,0,0,0,0,0,0,0,0,0,0,0,0,0,0,0,0,0,0,0,0,0,0,0,0,0,0,0,0,0,0,0,0,0,0,0,0,0,0,0,0,0,0,0,0,0,0,0,0,0,0,0,0,0,0,0,0,0,0,0,0,0,0,0,0,0,0,0,0,0,0,0,0,0,0,0,0,0,0,1,1.04116338383745
Sherburne Village Police Department,2022-06-01,New York,1366,NY00827,0,0,0,0,0,0,0,0,0,0,0,0,0,0,0,0,0,0,0,0,0,0,0,0,0,0,0,0,0,0,0,0,0,0,0,0,0,0,0,0,0,0,0,0,0,0,0,0,0,0,0,0,0,0,0,0,0,0,0,0,0,0,0,0,0,0,0,0,0,0,104116,0,0,0,0,0,0,0,0,0,0,0,0,0,0,1,0,104,0,0,0,1,1.04116338383745
Sherburne Village Police Department,2022-07-01,New York,1366,NY00827,0,0,0,0,0,0,0,0,0,0,0,10,0,0,0,0,0,10,0,0,0,0,0,0,0,0,0,0,0,0,0,0,0,0,0,0,0,0,0,0,0,0,0,0,0,0,0,0,0,0,0,0,0,0,0,0,0,0,0,0,0,0,0,0,0,0,0,0,0,0,0,0,0,0,0,0,0,0,0,0,0,0,0,0,0,0,0,0,0,0,0,1,1.04116338383745
Sherburne Village Police Department,2022-08-01,New York,1366,NY00827,0,0,0,0,0,0,0,0,0,0,0,0,0,0,0,0,0,0,0,0,0,0,0,0,0,0,0,0,0,10,0,0,0,0,0,104,10412,0,0,0,0,0,0,0,0,0,0,0,0,0,0,0,0,1041163,0,0,0,0,0,0,0,0,0,0,0,0,0,0,0,0,0,0,0,0,0,0,0,0,0,0,0,0,0,0,0,0,0,0,0,0,0,1,1.04116338383745
Sherburne Village Police Department,2022-09-01,New York,1366,NY00827,0,0,0,0,0,0,0,0,0,0,0,0,0,0,0,0,0,0,0,0,0,0,0,0,0,0,0,0,0,0,0,0,0,0,0,0,0,0,0,0,0,0,0,0,0,0,0,0,0,0,0,0,0,0,0,0,0,0,0,0,0,0,0,0,0,0,0,0,0,0,0,0,0,0,0,0,0,0,0,0,0,0,0,0,0,0,0,0,0,0,0,1,1.04116338383745
Sherburne Village Police Department,2022-10-01,New York,1366,NY00827,0,0,0,0,0,0,0,0,0,0,0,0,0,0,0,0,0,0,0,0,0,0,0,0,0,0,0,0,0,0,0,0,0,0,0,0,0,0,0,0,0,0,0,0,0,0,0,0,0,0,0,0,0,0,0,0,0,0,0,0,0,0,0,0,0,0,0,0,0,0,0,0,0,0,0,0,0,0,0,0,0,0,0,0,0,0,0,0,0,0,0,1,1.04116338383745
Sherburne Village Police Department,2022-11-01,New York,1366,NY00827,0,0,0,0,0,0,0,0,0,0,0,0,0,0,0,0,0,0,0,0,0,0,0,0,0,0,0,0,0,0,0,0,0,0,0,0,0,0,0,0,0,0,0,0,0,0,0,0,0,0,0,0,0,0,0,0,0,0,0,0,0,0,0,0,0,0,0,0,0,0,0,0,0,0,0,0,0,0,0,0,0,0,0,0,0,0,0,0,0,0,0,1,1.04116338383745
Sherburne Village Police Department,2022-12-01,New York,1366,NY00827,0,0,0,0,0,0,0,0,0,0,0,0,0,0,0,0,0,0,0,0,0,0,0,0,0,0,0,0,0,0,0,0,0,0,0,0,0,0,0,0,0,0,0,0,0,0,0,0,0,0,0,0,0,0,0,0,0,0,0,0,0,0,0,10412,0,0,0,0,0,0,0,0,0,0,10411634,0,104,0,0,0,0,10412,0,0,0,0,0,0,0,0,0,1,1.04116338383745
Sherburne Village Police Department,2023-01-01,New York,1376,NY00827,0,0,0,0,0,0,0,0,0,0,0,0,0,0,0,0,0,0,0,0,0,0,0,0,0,0,0,0,0,0,0,0,0,0,0,0,0,0,0,0,0,0,0,0,0,0,0,0,0,0,0,0,0,0,0,0,0,0,0,0,0,0,0,0,0,0,0,0,0,0,0,0,0,0,0,0,0,0,0,0,0,0,0,0,0,0,0,0,0,0,0,1,1
Sherburne Village Police Department,2023-02-01,New York,1376,NY00827,0,0,0,0,0,0,0,0,0,0,0,0,0,0,0,0,0,0,0,0,0,0,0,0,0,0,0,0,0,0,0,0,0,0,0,0,0,0,0,0,0,0,0,0,0,0,0,0,0,0,0,0,0,0,0,0,0,0,0,0,0,0,0,0,0,0,0,0,0,0,0,0,0,0,0,0,0,0,0,0,0,0,0,0,0,0,0,0,0,0,0,1,1
Sherburne Village Police Department,2023-03-01,New York,1376,NY00827,0,0,0,0,0,0,0,0,0,0,0,0,0,0,0,0,0,0,0,0,0,0,0,0,0,0,0,0,0,0,0,0,0,0,0,0,0,0,0,0,0,0,0,0,0,0,0,0,0,0,0,0,0,0,0,0,0,0,0,0,0,0,0,0,0,0,0,0,0,0,0,0,0,0,0,0,0,0,0,0,0,0,0,0,0,0,0,0,0,0,0,1,1
Sherburne Village Police Department,2023-04-01,New York,1376,NY00827,0,0,0,0,0,0,0,0,0,0,0,0,0,0,0,0,0,0,0,0,0,0,0,0,0,0,0,0,0,0,0,0,0,0,0,0,0,0,0,0,0,0,0,0,0,0,0,0,0,0,0,0,0,0,0,0,0,0,0,0,0,0,0,0,0,0,0,0,0,0,0,0,0,0,0,0,0,0,0,0,0,0,0,0,0,0,0,0,0,0,0,1,1
Sherburne Village Police Department,2023-05-01,New York,1376,NY00827,0,0,0,0,0,0,0,0,0,0,0,0,0,0,0,0,0,0,0,0,0,0,0,0,0,0,0,0,0,0,0,0,0,0,0,0,0,0,0,0,0,0,0,0,0,0,0,0,0,0,0,0,0,0,0,0,0,0,0,0,0,0,0,0,0,0,0,0,0,0,0,0,0,0,0,0,0,0,0,0,0,0,0,0,0,0,0,0,0,0,0,1,1
Sherburne Village Police Department,2023-06-01,New York,1376,NY00827,0,0,0,0,0,0,0,0,0,0,0,0,0,0,0,0,0,0,0,0,0,0,0,0,0,0,0,0,0,0,0,0,0,0,0,0,0,0,0,0,0,0,0,0,0,0,0,0,0,0,0,0,0,0,0,0,0,0,0,0,0,0,0,0,0,0,0,0,0,0,0,0,0,0,0,0,0,0,0,0,0,0,0,0,0,0,0,0,0,0,0,1,1
Sherburne Village Police Department,2023-07-01,New York,1376,NY00827,0,0,0,0,0,0,0,0,0,0,0,0,0,0,0,0,0,0,0,0,0,0,0,0,0,0,0,0,0,0,0,0,0,0,0,0,0,0,0,0,0,0,0,0,0,0,0,0,0,0,0,0,0,0,0,0,0,0,0,0,0,0,0,0,0,0,0,0,0,0,0,0,0,0,0,0,0,0,0,0,0,0,0,0,0,0,0,0,0,0,0,1,1
Sherburne Village Police Department,2023-08-01,New York,1376,NY00827,0,0,0,0,0,0,0,0,0,0,0,0,0,0,0,0,0,0,0,0,0,0,0,0,0,0,0,0,0,0,0,0,0,0,0,0,0,0,0,0,0,0,0,0,0,0,0,0,0,0,0,0,0,0,0,0,0,0,0,0,0,0,0,0,0,0,0,0,0,0,0,0,0,0,0,0,0,0,0,0,0,0,0,0,0,0,0,0,0,0,0,1,1
Sherburne Village Police Department,2023-09-01,New York,1376,NY00827,0,0,0,0,0,0,0,0,0,0,0,0,0,0,0,0,0,0,0,0,0,0,0,0,0,0,0,0,0,0,0,100,0,0,0,0,0,0,0,0,0,0,0,0,0,0,0,0,0,0,0,0,0,0,0,0,0,0,0,0,0,0,0,0,0,0,0,0,0,0,0,0,0,0,0,1000,0,1,0,0,0,0,0,0,0,0,0,0,0,0,0,1,1
Sherburne Village Police Department,2023-10-01,New York,1376,NY00827,0,0,0,0,0,0,0,0,0,0,0,0,0,0,0,0,0,0,0,0,0,0,0,0,0,0,0,0,0,0,0,0,0,0,0,0,0,0,0,0,0,0,0,0,0,0,0,0,0,0,0,0,0,0,0,0,0,0,0,0,0,0,0,0,0,0,0,0,0,0,0,0,0,0,0,0,0,0,0,0,0,0,0,0,0,0,0,0,0,0,0,1,1
Sherburne Village Police Department,2023-11-01,New York,1376,NY00827,0,0,0,0,0,0,0,0,0,0,0,0,0,0,0,0,0,0,0,0,0,0,0,0,0,0,0,0,0,0,0,0,0,0,0,0,0,0,0,0,0,0,0,0,0,0,0,0,0,0,0,0,0,0,0,0,0,0,0,0,0,0,0,0,0,0,0,0,0,0,0,0,0,0,0,0,0,0,0,0,0,0,0,0,0,0,0,0,0,0,0,1,1
Sherburne Village Police Department,2023-12-01,New York,1376,NY00827,0,0,0,0,0,0,0,0,0,0,0,0,0,0,0,0,0,0,0,0,0,0,0,0,0,0,0,0,0,0,0,0,0,0,0,0,0,0,0,0,0,0,0,0,0,0,0,0,0,0,0,0,0,0,0,0,0,0,0,0,0,0,0,10000,0,0,0,0,0,0,0,0,0,0,10000000,1,100,0,0,0,0,0,0,0,0,0,0,0,0,0,0,1,1
Sherburne Village Police Department,2000-01-01,New York,1455,NY00827,1,0,0,0,0,0,1,1,0,0,0,0,0,0,0,0,0,0,0,0,0,0,0,0,0,0,0,0,0,0,0,1,0,1,0,0,0,0,0,0,0,0,2654,0,0,0,0,0,0,0,0,0,0,0,0,0,0,2654,0,0,0,0,0,0,0,0,0,0,0,0,0,0,0,0,2654,0,0,0,2654,0,0,0,0,0,0,0,2654,0,0,0,2654,1,1.76946331784747
Sherburne Village Police Department,2000-02-01,New York,1455,NY00827,2,0,0,0,1,0,3,0,0,0,0,0,0,0,0,0,0,0,3,0,0,3,0,0,3,0,0,0,0,0,0,0,0,0,0,0,0,0,0,0,0,0,0,0,0,0,0,0,0,0,0,0,0,101,0,0,101,101,0,0,101,0,0,0,0,0,0,0,101,0,0,0,0,0,0,0,0,0,101,0,83,0,0,0,0,0,0,0,0,0,83,1,1.76946331784747
Sherburne Village Police Department,2000-03-01,New York,1455,NY00827,0,0,0,0,0,0,0,0,0,0,0,0,0,0,0,0,0,0,2,1,2,5,0,0,1,1,1,0,0,0,2,0,0,0,0,0,0,0,0,0,0,0,0,0,0,0,0,0,0,0,0,0,0,18,124,1769,1911,1911,0,0,18,708,124,0,0,0,1062,0,18,708,0,0,124,0,0,1062,0,0,1911,0,18,0,0,0,124,0,0,0,0,0,142,1,1.76946331784747
Sherburne Village Police Department,2000-04-01,New York,1455,NY00827,0,0,0,0,1,0,1,1,0,0,0,0,0,0,0,0,0,0,4,0,0,4,0,0,2,0,0,0,0,0,2,1,0,1,0,0,0,0,18,0,0,18,0,0,0,0,0,0,0,0,0,0,0,110,0,0,110,127,0,0,73,0,0,0,0,0,37,0,127,0,0,0,0,0,0,0,0,0,127,0,108,0,0,0,0,0,0,0,0,0,108,1,1.76946331784747
Sherburne Village Police Department,2000-05-01,New York,1455,NY00827,0,0,0,0,0,0,0,0,0,0,0,0,0,0,0,0,0,0,2,0,1,3,0,0,0,0,0,0,0,1,2,0,0,0,0,0,0,0,0,0,0,0,0,0,0,0,0,0,0,0,0,0,0,50,0,679,729,729,0,0,0,0,0,0,0,50,679,0,0,50,0,0,0,0,0,679,0,0,729,0,0,50,0,0,0,0,0,679,0,0,729,1,1.76946331784747
Sherburne Village Police Department,2000-06-01,New York,1455,NY00827,0,1,0,0,0,0,1,0,0,0,0,0,0,0,0,0,0,0,5,0,3,8,0,0,1,4,0,0,0,0,3,0,0,0,0,265,0,0,0,0,0,265,0,0,0,0,0,0,0,0,0,0,0,44,0,2764,2808,3074,0,0,44,1276,0,0,0,0,1488,0,44,752,0,0,0,0,0,1039,0,1239,3074,0,44,0,0,0,0,0,0,0,0,0,44,1,1.76946331784747
Sherburne Village Police Department,2000-07-01,New York,1455,NY00827,0,0,0,0,0,0,0,0,0,0,0,0,0,0,0,0,0,0,2,1,0,3,0,0,2,1,0,0,0,0,0,0,0,0,0,0,0,0,0,0,0,0,0,0,0,0,0,0,0,0,0,0,0,32,257,0,288,288,0,0,32,257,0,0,0,0,0,0,32,0,0,0,0,0,0,0,0,257,288,0,32,0,0,0,0,0,0,0,0,0,32,1,1.76946331784747
Sherburne Village Police Department,2000-08-01,New York,1455,NY00827,0,0,0,0,1,1,2,0,0,0,0,0,0,0,0,0,0,0,3,1,3,7,0,2,0,1,0,0,0,1,3,0,0,0,0,0,0,0,0,0,0,0,0,0,0,0,0,0,0,0,0,0,0,11,133,1398,1541,1541,0,593,0,354,0,0,0,11,584,0,11,584,0,0,0,0,0,593,0,354,1541,0,11,0,0,0,0,0,0,0,0,0,11,1,1.76946331784747
Sherburne Village Police Department,2000-09-01,New York,1455,NY00827,0,0,0,0,0,0,0,0,0,0,0,0,0,0,0,0,0,0,2,1,3,6,0,1,3,1,0,0,0,1,0,0,0,0,0,0,0,0,0,0,0,0,0,0,0,0,0,0,0,0,0,0,0,48,159,1964,2171,2171,0,672,207,584,0,0,0,708,0,0,1587,584,0,0,0,0,0,0,0,0,2171,0,207,0,0,0,0,0,0,0,0,0,207,1,1.76946331784747
Sherburne Village Police Department,2000-10-01,New York,1455,NY00827,0,0,0,0,0,0,0,0,0,0,0,0,0,0,0,0,0,0,4,3,1,8,0,2,0,0,1,0,0,4,1,0,0,0,0,0,0,0,0,0,0,0,0,0,0,0,0,0,0,0,0,0,0,62,708,1769,2539,2539,0,531,0,0,177,0,0,62,1769,0,62,1769,0,0,0,0,0,708,0,0,2539,0,62,0,0,0,0,0,0,0,0,0,62,1,1.76946331784747
Sherburne Village Police Department,2000-11-01,New York,1455,NY00827,0,0,0,0,0,0,0,0,0,0,0,0,0,0,0,0,0,0,0,0,1,1,0,0,0,0,0,0,0,0,1,0,0,0,0,0,0,0,0,0,0,0,0,0,0,0,0,0,0,0,0,0,0,0,0,885,885,885,0,0,0,0,0,0,0,0,885,0,885,0,0,0,0,0,0,0,0,0,885,0,0,0,0,0,0,0,0,0,0,0,0,1,1.76946331784747
Sherburne Village Police Department,2000-12-01,New York,1455,NY00827,0,0,0,0,0,0,0,0,0,0,0,0,0,0,0,0,0,0,3,0,0,3,0,0,0,0,0,0,0,2,1,0,0,0,0,0,0,0,0,0,0,0,0,0,0,0,0,0,0,0,0,0,0,74,0,0,74,74,0,0,0,0,0,0,0,74,0,0,74,0,0,0,0,0,0,0,0,0,74,0,0,0,0,0,0,0,0,0,0,0,0,1,1.76946331784747
Sherburne Village Police Department,2013-01-01,New York,1351,NY00827,0,0,0,0,0,0,0,0,0,0,0,0,0,0,0,0,0,0,1,0,0,1,0,0,0,0,0,0,0,1,0,0,0,0,0,0,0,0,0,0,0,0,0,0,0,0,0,0,0,0,0,0,0,0,33,0,33,33,0,0,0,0,0,0,0,33,0,0,33,0,0,0,0,0,0,0,0,0,33,0,33,0,0,0,0,0,0,0,0,0,33,1,1.30797303509051
Sherburne Village Police Department,2013-02-01,New York,1351,NY00827,0,0,0,0,0,0,0,0,0,0,0,0,0,0,0,0,0,0,0,0,0,0,0,0,0,0,0,0,0,0,0,0,0,0,0,0,0,0,0,0,0,0,0,0,0,0,0,0,0,0,0,0,0,0,0,0,0,0,0,0,0,0,0,0,0,0,0,0,0,0,0,0,0,0,0,0,0,0,0,0,0,0,0,0,0,0,0,0,0,0,0,1,1.30797303509051
Sherburne Village Police Department,2013-03-01,New York,1351,NY00827,0,0,0,0,0,0,0,0,0,0,0,0,0,0,0,0,0,0,0,0,0,0,0,0,0,0,0,0,0,0,0,0,0,0,0,0,0,0,0,0,0,0,0,0,0,0,0,0,0,0,0,0,0,0,0,0,0,0,0,0,0,0,0,0,0,0,0,0,0,0,0,0,0,0,0,0,0,0,0,0,0,0,0,0,0,0,0,0,0,0,0,1,1.30797303509051
Sherburne Village Police Department,2013-04-01,New York,1351,NY00827,0,0,0,0,0,0,0,0,0,0,0,0,0,0,0,0,0,0,0,0,0,0,0,0,0,0,0,0,0,0,0,0,0,0,0,0,0,0,0,0,0,0,0,0,0,0,0,0,0,0,0,0,0,0,0,0,0,0,0,0,0,0,0,0,0,0,0,0,0,0,0,0,0,0,0,0,0,0,0,0,0,0,0,0,0,0,0,0,0,0,0,1,1.30797303509051
Sherburne Village Police Department,2013-05-01,New York,1351,NY00827,0,0,1,0,0,0,1,0,0,0,0,0,0,0,0,0,0,0,1,0,0,1,0,0,0,1,0,0,0,0,0,0,0,0,0,0,0,523,0,0,0,523,0,0,0,0,0,0,0,0,0,0,0,0,26,0,26,549,0,0,0,26,0,0,0,0,0,0,0,26,523,0,0,0,0,0,0,0,549,0,0,0,0,0,0,0,0,0,0,0,0,1,1.30797303509051
Sherburne Village Police Department,2013-06-01,New York,1351,NY00827,0,0,0,0,0,0,0,0,0,0,0,0,0,0,0,0,0,0,0,0,1,1,0,0,0,0,1,0,0,0,0,0,0,0,0,0,0,0,0,0,0,0,0,0,0,0,0,0,0,0,0,0,0,0,0,654,654,654,0,0,0,0,654,0,0,0,0,0,0,654,0,0,0,0,0,0,0,0,654,0,0,654,0,0,0,0,0,0,0,0,654,1,1.30797303509051
Sherburne Village Police Department,2013-07-01,New York,1351,NY00827,0,0,0,0,0,0,0,0,0,0,0,0,0,0,0,0,0,0,0,0,0,0,0,0,0,0,0,0,0,0,0,0,0,0,0,0,0,0,0,0,0,0,0,0,0,0,0,0,0,0,0,0,0,0,0,0,0,0,0,0,0,0,0,0,0,0,0,0,0,0,0,0,0,0,0,0,0,0,0,0,0,0,0,0,0,0,0,0,0,0,0,1,1.30797303509051
Sherburne Village Police Department,2013-08-01,New York,1351,NY00827,0,5,0,0,1,0,6,0,0,0,0,0,0,0,0,0,0,0,1,0,0,1,0,0,0,0,1,0,0,0,0,0,0,0,0,0,0,0,327,0,0,327,0,0,0,0,0,0,0,0,0,0,0,0,0,0,0,327,0,0,0,0,0,0,0,0,0,0,0,0,0,0,0,0,0,327,0,0,327,0,0,0,0,0,0,0,0,327,0,0,327,1,1.30797303509051
Sherburne Village Police Department,2013-09-01,New York,1351,NY00827,0,0,0,0,0,0,0,0,0,0,0,0,0,0,0,0,0,0,0,0,0,0,0,0,0,0,0,0,0,0,0,0,0,0,0,0,0,0,0,0,0,0,0,0,0,0,0,0,0,0,0,0,0,0,0,0,0,0,0,0,0,0,0,0,0,0,0,0,0,0,0,0,0,0,0,0,0,0,0,0,0,0,0,0,0,0,0,0,0,0,0,1,1.30797303509051
Sherburne Village Police Department,2013-10-01,New York,1351,NY00827,0,0,0,0,0,0,0,0,0,0,0,0,0,0,0,0,0,0,0,0,0,0,0,0,0,0,0,0,0,0,0,0,0,0,0,0,0,0,0,0,0,0,0,0,0,0,0,0,0,0,0,0,0,0,0,0,0,0,0,0,0,0,0,0,0,0,0,0,0,0,0,0,0,0,0,0,0,0,0,0,0,0,0,0,0,0,0,0,0,0,0,1,1.30797303509051
Sherburne Village Police Department,2013-11-01,New York,1351,NY00827,0,0,0,0,0,0,0,0,0,0,0,0,0,0,0,0,0,0,0,0,0,0,0,0,0,0,0,0,0,0,0,0,0,0,0,0,0,0,0,0,0,0,0,0,0,0,0,0,0,0,0,0,0,0,0,0,0,0,0,0,0,0,0,0,0,0,0,0,0,0,0,0,0,0,0,0,0,0,0,0,0,0,0,0,0,0,0,0,0,0,0,1,1.30797303509051
Sherburne Village Police Department,2013-12-01,New York,1351,NY00827,0,0,0,0,0,0,0,0,0,0,0,0,0,0,0,0,0,0,0,0,0,0,0,0,0,0,0,0,0,0,0,0,0,0,0,0,0,0,0,0,0,0,0,0,0,0,0,0,0,0,0,0,0,0,0,0,0,0,0,0,0,0,0,0,0,0,0,0,0,0,0,0,0,0,0,0,0,0,0,0,0,0,0,0,0,0,0,0,0,0,0,1,1.30797303509051
Sherburne Village Police Department,2017-01-01,New York,1325,NY00827,0,0,0,0,0,0,0,0,0,0,0,0,0,0,0,0,0,0,1,0,0,1,0,0,0,0,0,0,0,1,0,0,0,0,0,0,0,0,0,0,0,0,0,0,0,0,0,0,0,0,0,0,0,5,0,0,5,5,0,0,0,0,0,0,0,5,0,0,5,0,0,0,0,0,0,0,0,0,5,0,5,0,0,0,0,0,0,0,0,0,5,1,1.24307319386626
Sherburne Village Police Department,2017-02-01,New York,1325,NY00827,0,0,0,0,0,0,0,0,0,0,0,0,0,0,0,0,0,0,1,0,0,1,0,0,0,0,0,0,0,0,1,0,0,0,0,0,0,0,0,0,0,0,0,0,0,0,0,0,0,0,0,0,0,37,0,0,37,37,0,0,0,0,0,0,0,0,37,0,0,0,0,0,0,0,0,37,0,0,37,0,0,0,0,0,0,0,0,0,0,0,0,1,1.24307319386626
Sherburne Village Police Department,2017-03-01,New York,1325,NY00827,0,0,0,0,0,0,0,0,0,0,0,0,0,0,0,0,0,0,1,0,0,1,0,1,0,0,0,0,0,0,0,0,0,0,0,0,0,0,0,0,0,0,0,0,0,0,0,0,0,0,0,0,0,124,0,0,124,124,0,124,0,0,0,0,0,0,0,0,0,0,0,0,0,0,0,124,0,0,124,0,0,0,0,0,0,0,0,124,0,0,124,1,1.24307319386626
Sherburne Village Police Department,2017-04-01,New York,1325,NY00827,0,0,0,0,0,0,0,0,0,0,0,0,0,0,0,0,0,0,0,0,0,0,0,0,0,0,0,0,0,0,0,0,0,0,0,0,0,0,0,0,0,0,0,0,0,0,0,0,0,0,0,0,0,0,0,0,0,0,0,0,0,0,0,0,0,0,0,0,0,0,0,0,0,0,0,0,0,0,0,0,0,0,0,0,0,0,0,0,0,0,0,1,1.24307319386626
Sherburne Village Police Department,2017-05-01,New York,1325,NY00827,0,0,0,0,0,0,0,0,0,0,0,0,0,0,0,0,0,0,0,0,0,0,0,0,0,0,0,0,0,0,0,0,0,0,0,0,0,0,0,0,0,0,0,0,0,0,0,0,0,0,0,0,0,0,0,0,0,0,0,0,0,0,0,0,0,0,0,0,0,0,0,0,0,0,0,0,0,0,0,0,0,0,0,0,0,0,0,0,0,0,0,1,1.24307319386626
Sherburne Village Police Department,2017-06-01,New York,1325,NY00827,0,0,0,0,0,0,0,0,0,0,0,0,0,0,0,0,0,0,0,0,0,0,0,0,0,0,0,0,0,0,0,0,0,0,0,0,0,0,0,0,0,0,0,0,0,0,0,0,0,0,0,0,0,0,0,0,0,0,0,0,0,0,0,0,0,0,0,0,0,0,0,0,0,0,0,0,0,0,0,0,0,0,0,0,0,0,0,0,0,0,0,1,1.24307319386626
Sherburne Village Police Department,2017-07-01,New York,1325,NY00827,0,0,0,0,0,0,0,0,0,1,0,0,0,0,0,0,0,0,0,0,0,0,0,0,0,0,0,0,0,0,0,0,0,0,0,0,0,0,0,0,0,0,0,0,0,0,0,0,0,0,0,0,0,0,0,0,0,0,0,0,0,0,0,0,0,0,0,0,0,0,0,0,0,0,0,0,0,0,0,0,0,0,0,0,0,0,0,0,0,0,0,1,1.24307319386626
Sherburne Village Police Department,2017-08-01,New York,1325,NY00827,0,0,0,0,0,0,0,0,0,0,0,0,0,0,0,0,0,0,0,1,0,1,0,0,0,0,0,0,0,0,1,0,0,0,0,0,0,0,0,0,0,0,0,0,0,0,0,0,0,0,0,0,0,0,124,0,124,124,0,0,0,0,0,0,0,0,124,0,0,0,0,0,0,0,0,124,0,0,124,0,0,0,0,0,0,0,0,124,0,0,124,1,1.24307319386626
Sherburne Village Police Department,2017-09-01,New York,1325,NY00827,0,0,0,0,0,0,0,0,0,0,0,0,0,0,0,0,0,0,1,0,0,1,0,0,0,0,0,0,0,0,1,0,0,0,0,0,0,0,0,0,0,0,0,0,0,0,0,0,0,0,0,0,0,37,0,0,37,37,0,0,0,0,0,0,0,0,37,0,0,0,0,0,0,0,0,37,0,0,37,0,0,0,0,0,0,0,0,0,0,0,0,1,1.24307319386626
Sherburne Village Police Department,2017-10-01,New York,1325,NY00827,0,0,0,0,0,0,0,0,0,0,0,0,0,0,0,0,0,0,0,1,0,1,0,0,0,0,0,0,0,0,1,0,0,0,0,0,0,0,0,0,0,0,0,0,0,0,0,0,0,0,0,0,0,0,75,0,75,75,0,0,0,0,0,0,0,0,75,0,0,0,0,0,0,0,0,75,0,0,75,0,0,0,0,0,0,0,0,0,0,0,0,1,1.24307319386626
Sherburne Village Police Department,2017-11-01,New York,1325,NY00827,0,0,0,0,0,0,0,0,0,0,0,0,0,0,0,0,0,0,0,0,0,0,0,0,0,0,0,0,0,0,0,0,0,0,0,0,0,0,0,0,0,0,0,0,0,0,0,0,0,0,0,0,0,0,0,0,0,0,0,0,0,0,0,0,0,0,0,0,0,0,0,0,0,0,0,0,0,0,0,0,0,0,0,0,0,0,0,0,0,0,0,1,1.24307319386626
Sherburne Village Police Department,2017-12-01,New York,1325,NY00827,0,0,0,0,0,0,0,0,0,0,0,0,0,0,0,0,0,0,0,0,0,0,0,0,0,0,0,0,0,0,0,0,0,0,0,0,0,0,0,0,0,0,0,0,0,0,0,0,0,0,0,0,0,0,0,0,0,0,0,0,0,0,0,0,0,0,0,0,0,0,0,0,0,0,0,0,0,0,0,0,0,0,0,0,0,0,0,0,0,0,0,1,1.24307319386626
Sherburne Village Police Department,2001-01-01,New York,1458,NY00827,0,1,0,0,0,0,1,0,0,0,0,0,0,0,0,0,0,0,5,0,0,5,0,0,2,0,1,0,0,2,0,0,0,0,0,21,0,0,0,0,0,21,0,0,0,0,0,0,0,0,0,0,0,160,0,0,160,181,0,0,71,0,43,0,0,46,0,0,160,0,0,0,0,0,0,21,0,0,181,0,19,0,0,0,0,0,0,0,0,0,19,1,1.7208297251506
Sherburne Village Police Department,2001-02-01,New York,1458,NY00827,0,0,0,0,0,1,1,0,0,0,0,0,0,0,0,0,0,0,0,0,0,0,0,0,0,0,0,0,0,0,0,0,0,0,0,0,0,0,0,0,96,96,0,0,0,0,0,0,0,0,0,0,0,0,0,0,0,96,0,0,0,0,0,0,0,0,0,96,0,0,0,0,0,0,0,0,0,0,96,0,0,0,0,0,0,0,0,0,0,0,0,1,1.7208297251506
Sherburne Village Police Department,2001-03-01,New York,1458,NY00827,0,0,0,0,0,0,0,1,0,0,0,0,0,0,0,0,0,0,1,0,0,1,0,0,0,0,0,0,0,0,1,0,0,0,0,0,0,0,0,0,0,0,0,0,0,0,0,0,0,0,0,0,0,52,0,0,52,52,0,0,0,0,0,0,0,0,52,0,0,0,0,0,0,0,0,52,0,0,52,0,0,0,0,0,0,0,0,0,0,0,0,1,1.7208297251506
Sherburne Village Police Department,2001-04-01,New York,1458,NY00827,0,1,0,0,1,0,2,0,0,0,0,0,0,0,0,0,0,0,0,2,1,3,0,1,0,2,0,0,0,0,0,0,0,0,0,430,0,0,2753,0,0,3184,0,0,0,0,0,0,0,0,0,0,0,0,344,516,860,4044,0,172,0,688,0,0,0,0,0,0,430,516,0,0,0,0,0,2753,172,172,4044,0,0,0,0,0,0,0,0,172,0,0,172,1,1.7208297251506
Sherburne Village Police Department,2001-05-01,New York,1458,NY00827,0,0,0,0,1,0,1,0,0,0,0,0,0,0,0,0,0,0,1,1,0,2,0,0,0,0,0,0,0,1,1,0,0,0,0,0,0,0,0,0,0,0,0,0,0,0,0,0,0,0,0,0,0,9,172,0,181,181,0,0,0,0,0,0,0,9,172,0,9,0,0,172,0,0,0,0,0,0,181,0,0,0,0,0,0,0,0,0,0,0,0,1,1.7208297251506
Sherburne Village Police Department,2001-06-01,New York,1458,NY00827,0,0,0,0,0,0,0,0,0,0,0,0,0,0,0,0,0,0,2,0,1,3,0,0,0,0,0,0,0,0,3,0,0,0,0,0,0,0,0,0,0,0,0,0,0,0,0,0,0,0,0,0,0,40,0,516,556,556,0,0,0,0,0,0,0,0,556,0,40,516,0,0,0,0,0,0,0,0,556,0,0,516,0,0,0,0,0,0,0,0,516,1,1.7208297251506
Sherburne Village Police Department,2001-07-01,New York,1458,NY00827,0,0,0,0,0,0,0,0,0,0,0,0,0,0,0,0,0,0,0,2,0,2,0,1,0,0,0,0,0,0,1,0,0,0,0,0,0,0,0,0,0,0,0,0,0,0,0,0,0,0,0,0,0,0,344,0,344,344,0,172,0,0,0,0,0,0,172,0,0,0,0,0,0,0,0,344,0,0,344,0,0,0,0,0,0,0,0,0,0,0,0,1,1.7208297251506
Sherburne Village Police Department,2001-08-01,New York,1458,NY00827,2,0,0,0,0,0,2,0,0,0,0,0,0,0,0,0,0,0,4,2,0,6,0,1,1,0,0,0,0,3,1,0,0,0,0,0,365,0,0,0,0,365,0,0,0,0,0,0,0,0,0,0,0,62,172,0,234,599,0,86,34,0,0,0,0,28,86,0,28,399,0,0,0,0,0,172,0,0,599,0,0,0,0,0,0,0,0,0,0,0,0,1,1.7208297251506
Sherburne Village Police Department,2001-09-01,New York,1458,NY00827,0,0,0,0,0,0,0,0,0,0,0,0,0,0,0,0,0,0,2,1,2,5,0,0,0,1,0,0,0,0,4,0,0,0,0,0,0,0,0,0,0,0,0,0,0,0,0,0,0,0,0,0,0,34,103,807,945,945,0,0,0,344,0,0,0,0,601,0,0,0,0,0,0,0,0,482,0,463,945,0,0,0,0,0,0,0,0,17,0,0,17,1,1.7208297251506
Sherburne Village Police Department,2001-10-01,New York,1458,NY00827,0,0,0,0,0,0,0,0,0,0,0,0,0,0,0,0,0,0,1,4,2,7,1,1,0,0,0,0,0,0,5,0,0,0,0,0,0,0,0,0,0,0,0,0,0,0,0,0,0,0,0,0,0,52,516,792,1359,1359,447,344,0,0,0,0,0,0,568,0,0,105,0,172,0,0,0,1082,0,0,1359,0,0,0,0,0,0,0,0,0,0,0,0,1,1.7208297251506
Sherburne Village Police Department,2001-11-01,New York,1458,NY00827,0,0,0,0,0,0,0,0,0,0,0,0,0,0,0,0,0,0,1,1,1,3,0,0,0,0,0,0,0,1,2,0,0,0,0,0,0,0,0,0,0,0,0,0,0,0,0,0,0,0,0,0,0,60,134,29254,29449,29449,0,0,0,0,0,0,0,194,29254,0,60,29388,0,0,0,0,0,0,0,0,29449,0,0,134,0,0,0,0,0,0,0,0,134,1,1.7208297251506
Sherburne Village Police Department,2001-12-01,New York,1458,NY00827,0,0,0,4,0,0,4,0,0,0,0,0,0,0,0,0,0,0,1,10,3,14,0,2,0,10,1,0,0,0,1,0,0,0,0,0,0,0,0,473,0,473,0,0,0,0,0,0,0,0,0,0,0,69,2581,2485,5135,5608,0,516,0,4206,344,0,0,0,69,688,0,473,516,0,0,0,0,3328,0,602,5608,688,0,0,0,0,0,0,0,0,0,602,1291,1,1.7208297251506
Sherburne Village Police Department,2002-01-01,New York,1469,NY00827,0,0,0,0,0,0,0,0,0,0,0,0,0,0,0,0,0,0,0,0,0,0,0,0,0,0,0,0,0,0,0,0,0,0,0,0,0,0,0,0,0,0,0,0,0,0,0,0,0,0,0,0,0,0,0,0,0,0,0,0,0,0,0,0,0,0,0,0,0,0,0,0,0,0,0,0,0,0,0,0,0,0,0,0,0,0,0,0,0,0,0,1,1.69396293722493
Sherburne Village Police Department,2002-02-01,New York,1469,NY00827,0,2,0,0,0,0,2,0,0,0,0,0,0,0,0,0,0,0,1,0,1,2,0,0,1,0,0,0,0,1,0,0,0,0,0,0,0,0,0,0,0,0,0,0,0,0,0,0,0,0,0,0,0,22,0,1016,1038,1038,0,0,22,0,0,0,0,1016,0,0,1016,0,0,0,0,0,0,22,0,0,1038,0,0,0,0,0,0,0,0,0,0,0,0,1,1.69396293722493
Sherburne Village Police Department,2002-03-01,New York,1469,NY00827,1,0,0,0,1,0,2,1,0,0,0,0,0,0,0,0,0,0,1,0,0,1,0,0,0,0,0,0,0,1,0,0,0,0,0,0,1101,0,0,0,0,1101,0,0,0,0,0,0,0,0,0,0,0,3,0,0,3,1104,0,0,0,0,0,0,0,3,0,0,3,593,0,0,0,0,0,0,0,508,1104,0,3,0,0,0,0,0,0,0,0,0,3,1,1.69396293722493
Sherburne Village Police Department,2002-04-01,New York,1469,NY00827,0,0,1,0,1,0,2,0,0,0,0,0,0,0,0,0,0,0,2,0,0,2,0,0,0,0,0,0,0,0,2,0,0,0,0,0,0,288,0,0,0,288,0,0,0,0,0,0,0,0,0,0,0,127,0,0,127,415,0,0,0,0,0,0,0,0,127,0,34,0,0,254,0,0,0,127,0,0,415,0,0,0,0,0,0,0,0,0,0,0,0,1,1.69396293722493
Sherburne Village Police Department,2002-05-01,New York,1469,NY00827,0,0,0,1,0,1,2,0,0,0,0,0,0,0,0,0,0,0,2,0,1,3,0,0,1,0,0,0,0,0,2,0,0,0,0,0,0,0,0,254,1016,1270,0,0,0,0,0,0,0,0,0,0,0,0,0,4066,4066,5336,0,0,0,0,0,0,0,0,4066,0,0,5082,0,0,0,0,0,254,0,0,5336,0,0,0,0,0,0,0,0,0,0,0,0,1,1.69396293722493
Sherburne Village Police Department,2002-06-01,New York,1469,NY00827,0,0,0,0,0,0,0,0,0,0,0,0,0,0,0,0,0,0,2,0,3,5,0,1,0,0,0,0,0,1,3,0,0,0,0,0,0,0,0,0,0,0,0,0,0,0,0,0,0,0,0,0,0,166,0,19416,19582,19582,0,83,0,0,0,0,0,83,19416,0,0,0,0,0,0,102,0,19481,0,0,19582,0,0,0,0,0,0,0,0,6776,0,0,6776,1,1.69396293722493
Sherburne Village Police Department,2002-07-01,New York,1469,NY00827,0,0,0,0,0,0,0,0,0,0,0,0,0,0,0,0,0,0,4,0,1,5,0,0,0,0,0,0,0,0,5,0,0,0,0,0,0,0,0,0,0,0,0,0,0,0,0,0,0,0,0,0,0,112,0,339,451,451,0,0,0,0,0,0,0,0,451,0,451,0,0,0,0,0,0,0,0,0,451,0,339,0,0,0,0,0,0,0,0,0,339,1,1.69396293722493
Sherburne Village Police Department,2002-08-01,New York,1469,NY00827,0,0,0,0,1,0,1,0,0,0,0,0,0,0,0,0,0,0,1,1,1,3,0,0,1,0,2,0,0,0,0,0,0,0,0,0,0,0,254,0,0,254,0,0,0,0,0,0,0,0,0,0,0,73,169,8300,8543,8797,0,0,73,0,8470,0,0,0,0,0,0,0,0,0,0,73,0,254,0,8470,8797,0,0,0,0,0,0,73,0,0,0,0,73,1,1.69396293722493
Sherburne Village Police Department,2002-09-01,New York,1469,NY00827,0,1,0,0,0,0,1,0,0,0,0,0,0,0,0,0,0,0,1,1,0,2,0,0,0,1,0,0,0,0,1,0,0,0,0,356,0,0,0,0,0,356,0,0,0,0,0,0,0,0,0,0,0,44,97,0,141,496,0,0,0,44,0,0,0,0,97,0,0,356,0,0,0,0,0,141,0,0,496,0,0,0,0,0,0,0,0,141,0,0,141,1,1.69396293722493
Sherburne Village Police Department,2002-10-01,New York,1469,NY00827,0,0,0,0,1,0,1,0,0,0,0,0,0,0,0,0,0,0,0,0,1,1,0,0,0,0,0,0,0,0,1,0,0,0,0,0,0,0,0,0,0,0,0,0,0,0,0,0,0,0,0,0,0,0,0,423,423,423,0,0,0,0,0,0,0,0,423,0,0,0,0,0,0,0,0,0,0,423,423,0,0,0,0,0,0,0,0,0,0,0,0,1,1.69396293722493
Sherburne Village Police Department,2002-11-01,New York,1469,NY00827,2,0,0,1,0,0,3,1,0,0,0,0,0,0,0,0,0,0,2,0,5,7,0,1,2,3,0,0,0,1,0,0,0,0,0,0,42,0,0,25,0,68,59289,0,0,0,0,0,0,0,0,0,0,166,0,1047,1213,60569,0,1016,119,0,0,0,0,78,0,0,0,44,0,0,0,0,59289,1237,0,0,60569,0,0,0,0,0,0,0,59289,0,0,0,59289,1,1.69396293722493
Sherburne Village Police Department,2002-12-01,New York,1469,NY00827,1,1,0,0,0,0,2,0,0,0,0,0,0,0,0,0,0,0,0,5,0,5,0,0,2,0,2,0,0,0,1,0,0,0,0,271,212,0,0,0,0,483,0,0,0,0,0,0,0,0,0,0,0,0,576,0,576,1059,0,0,169,0,322,0,0,0,85,0,212,483,0,0,0,0,0,364,0,0,1059,0,42,0,0,0,0,0,0,0,0,0,42,1,1.69396293722493
Sherburne Village Police Department,2003-01-01,New York,1441,NY00827,1,0,0,0,3,0,4,0,0,0,0,0,0,0,0,0,0,0,3,1,0,4,0,0,3,1,0,0,0,0,0,0,0,0,0,0,414,0,0,0,0,414,0,0,0,0,0,0,0,0,0,0,0,41,248,0,290,704,0,0,41,248,0,0,0,0,0,0,17,414,0,25,0,0,0,248,0,0,704,0,17,0,0,0,0,0,0,0,0,0,17,1,1.65636194790487
Sherburne Village Police Department,2003-02-01,New York,1441,NY00827,0,0,0,0,0,0,0,0,0,0,0,0,0,0,0,0,0,0,1,1,0,2,0,0,0,0,0,0,0,0,2,0,0,0,0,0,0,0,0,0,0,0,0,0,0,0,0,0,0,0,0,0,0,58,174,0,232,232,0,0,0,0,0,0,0,0,232,0,232,0,0,0,0,0,0,0,0,0,232,0,58,0,0,0,0,0,0,0,0,0,58,1,1.65636194790487
Sherburne Village Police Department,2003-03-01,New York,1441,NY00827,0,0,0,0,0,0,0,0,0,0,0,0,0,0,0,0,0,0,1,0,0,1,0,0,0,0,0,0,0,1,0,0,0,0,0,0,0,0,0,0,0,0,0,0,0,0,0,0,0,0,0,0,0,20,0,0,20,20,0,0,0,0,0,0,0,20,0,0,20,0,0,0,0,0,0,0,0,0,20,0,20,0,0,0,0,0,0,0,0,0,20,1,1.65636194790487
Sherburne Village Police Department,2003-04-01,New York,1441,NY00827,0,1,0,0,0,0,1,0,0,0,0,0,0,0,0,0,0,0,0,1,0,1,0,0,0,0,0,0,0,0,1,0,0,0,0,663,0,0,0,0,0,663,0,0,0,0,0,0,0,0,0,0,0,0,124,0,124,787,0,0,0,0,0,0,0,0,124,0,0,0,663,0,0,0,0,124,0,0,787,0,0,0,0,0,0,0,0,124,0,0,124,1,1.65636194790487
Sherburne Village Police Department,2003-05-01,New York,1441,NY00827,0,0,0,0,0,0,0,1,0,0,0,0,0,0,0,0,0,0,1,1,3,5,0,0,2,1,1,0,0,0,1,0,0,0,0,0,0,0,0,0,0,0,3313,0,0,0,0,0,0,0,0,0,0,66,166,31241,31473,34785,0,0,548,166,580,0,0,0,30179,0,0,482,0,580,0,431,33127,0,0,166,34785,0,0,0,0,0,0,0,33127,0,0,0,33127,1,1.65636194790487
Sherburne Village Police Department,2003-06-01,New York,1441,NY00827,0,0,0,0,0,0,0,0,0,0,0,0,0,0,0,0,0,0,2,2,0,4,0,1,0,0,0,0,0,1,2,0,0,0,0,0,0,0,0,0,0,0,0,0,0,0,0,0,0,0,0,0,0,13,248,0,262,262,0,124,0,0,0,0,0,137,0,0,137,124,0,0,0,0,0,0,0,0,262,0,13,0,0,0,0,0,0,0,0,0,13,1,1.65636194790487
Sherburne Village Police Department,2003-07-01,New York,1441,NY00827,0,0,0,0,0,0,0,0,0,0,0,0,0,0,0,0,0,0,0,0,2,2,0,1,0,0,0,0,0,0,1,0,0,0,0,0,0,0,0,0,0,0,0,0,0,0,0,0,0,0,0,0,0,0,0,828,828,828,0,497,0,0,0,0,0,0,331,0,0,0,0,0,0,0,0,828,0,0,828,0,0,0,0,0,0,0,0,497,0,0,497,1,1.65636194790487
Sherburne Village Police Department,2003-08-01,New York,1441,NY00827,0,0,1,0,0,0,1,1,0,0,0,0,0,0,0,0,0,0,0,3,0,3,0,2,0,1,0,0,0,0,0,1,0,1,0,0,0,166,0,0,0,166,3313,0,0,0,0,0,0,0,0,0,0,0,406,0,406,3884,0,290,0,116,0,0,0,0,0,0,0,116,0,0,0,0,3313,455,0,0,3884,0,0,0,0,0,0,0,3313,0,0,0,3313,1,1.65636194790487
Sherburne Village Police Department,2003-09-01,New York,1441,NY00827,0,1,0,0,1,0,2,0,0,0,0,0,0,0,0,0,0,0,0,3,0,3,0,2,0,0,0,0,0,1,0,0,0,0,0,2253,0,0,0,0,0,2253,0,0,0,0,0,0,0,0,0,0,0,0,248,0,248,2501,0,166,0,0,0,0,0,83,0,0,17,828,0,0,1656,0,0,0,0,0,2501,0,0,0,0,0,0,0,0,0,0,0,0,1,1.65636194790487
Sherburne Village Police Department,2003-10-01,New York,1441,NY00827,0,0,0,0,1,0,1,0,0,0,0,0,0,0,0,0,0,0,0,2,0,2,0,0,0,2,0,0,0,0,0,0,0,0,0,0,0,0,199,0,0,199,0,0,0,0,0,0,0,0,0,0,0,0,331,0,331,530,0,0,0,331,0,0,0,0,0,0,0,199,0,0,0,0,0,0,0,331,530,0,0,0,0,0,0,0,0,0,0,0,0,1,1.65636194790487
Sherburne Village Police Department,2003-11-01,New York,1441,NY00827,0,0,0,0,0,1,1,0,0,0,0,0,0,0,0,0,0,0,1,0,0,1,0,0,1,0,0,0,0,0,0,0,0,0,0,0,0,0,0,0,331,331,0,0,0,0,0,0,0,0,0,0,0,23,0,0,23,354,0,0,23,0,0,0,0,0,0,0,23,0,0,331,0,0,0,0,0,0,354,0,0,0,0,0,0,0,0,0,0,0,0,1,1.65636194790487
Sherburne Village Police Department,2003-12-01,New York,1441,NY00827,0,1,0,0,1,0,2,0,0,0,0,0,0,0,0,0,0,0,0,0,0,0,0,0,0,0,0,0,0,0,0,0,0,0,0,0,0,0,331,0,0,331,0,0,0,0,0,0,0,0,0,0,0,0,0,0,0,331,0,0,0,0,0,0,0,0,0,0,0,0,0,331,0,0,0,0,0,0,331,0,0,0,0,0,0,0,0,0,0,0,0,1,1.65636194790487
Sherburne Village Police Department,2004-01-01,New York,1447,NY00827,0,0,0,0,0,0,0,0,0,0,0,0,0,0,0,0,0,0,2,0,1,3,0,0,2,1,0,0,0,0,0,0,0,0,0,0,0,0,0,0,0,0,0,0,0,0,0,0,0,0,0,0,0,73,0,323,395,395,0,0,73,323,0,0,0,0,0,0,73,323,0,0,0,0,0,0,0,0,395,0,73,0,0,0,0,0,0,0,0,0,73,1,1.61317347569046
Sherburne Village Police Department,2004-02-01,New York,1447,NY00827,0,0,0,0,0,0,0,0,0,0,0,0,0,0,0,0,0,0,0,2,1,3,0,0,0,2,0,0,0,0,1,0,0,0,0,0,0,0,0,0,0,0,0,0,0,0,0,0,0,0,0,0,0,0,395,323,718,718,0,0,0,395,0,0,0,0,323,0,0,323,0,0,0,0,0,0,0,395,718,0,0,323,0,0,0,0,0,0,0,0,323,1,1.61317347569046
Sherburne Village Police Department,2004-03-01,New York,1447,NY00827,0,0,0,0,0,0,0,0,0,0,0,0,0,0,0,0,0,0,1,1,1,3,0,0,0,0,0,0,0,1,2,0,0,0,0,0,0,0,0,0,0,0,0,0,0,0,0,0,0,0,0,0,0,32,242,5807,6082,6082,0,0,0,0,0,0,0,32,6049,0,0,5807,0,0,0,0,0,274,0,0,6082,0,0,0,0,0,0,0,0,0,0,0,0,1,1.61317347569046
Sherburne Village Police Department,2004-04-01,New York,1447,NY00827,0,0,0,0,1,0,1,0,0,0,0,0,0,0,0,0,0,0,0,1,1,2,0,0,0,0,0,0,0,0,2,0,0,0,0,0,0,0,0,0,0,0,0,0,0,0,0,0,0,0,0,0,0,0,81,807,887,887,0,0,0,0,0,0,0,0,887,0,0,0,0,403,0,0,0,0,0,484,887,0,0,0,0,0,0,0,0,0,0,0,0,1,1.61317347569046
Sherburne Village Police Department,2004-05-01,New York,1447,NY00827,0,0,1,0,1,0,2,1,0,0,0,0,0,0,0,0,0,0,3,2,0,5,0,0,0,1,0,0,0,1,3,1,0,1,0,0,0,0,494,0,0,494,16132,0,0,0,0,0,0,0,0,0,0,208,323,0,531,17156,0,0,0,202,0,0,0,121,208,0,208,10,0,484,0,0,16132,121,0,202,17156,0,0,0,0,0,0,0,16132,121,0,0,16253,1,1.61317347569046
Sherburne Village Police Department,2004-06-01,New York,1447,NY00827,0,0,0,0,0,0,0,0,0,0,0,0,0,0,0,0,0,0,2,1,1,4,0,1,0,1,0,0,0,0,2,0,0,0,0,0,0,0,0,0,0,0,0,0,0,0,0,0,0,0,0,0,0,61,161,436,658,658,0,161,0,61,0,0,0,0,436,0,0,0,0,0,0,0,0,223,0,436,658,0,0,0,0,0,0,0,0,161,0,0,161,1,1.61317347569046
Sherburne Village Police Department,2004-07-01,New York,1447,NY00827,0,0,0,0,0,0,0,1,0,0,0,0,0,0,0,0,0,0,2,0,0,2,0,0,0,0,0,0,0,1,1,0,0,0,0,0,0,0,0,0,0,0,0,0,0,0,0,0,0,0,0,0,0,110,0,0,110,110,0,0,0,0,0,0,0,45,65,0,110,0,0,0,0,0,0,0,0,0,110,0,45,0,0,0,0,0,29037,0,0,0,29082,1,1.61317347569046
Sherburne Village Police Department,2004-08-01,New York,1447,NY00827,0,0,0,0,0,0,0,0,0,0,0,0,0,0,0,0,0,0,2,0,1,3,0,0,1,0,0,0,0,1,1,0,0,0,0,0,0,0,0,0,0,0,0,0,0,0,0,0,0,0,0,0,0,61,0,323,384,384,0,0,35,0,0,0,0,0,348,0,384,0,0,0,0,0,0,0,0,0,384,0,0,0,0,0,0,0,0,0,0,0,0,1,1.61317347569046
Sherburne Village Police Department,2004-09-01,New York,1447,NY00827,0,0,0,0,2,0,2,0,0,0,0,0,0,0,0,0,0,0,0,0,1,1,0,0,0,0,0,0,0,0,1,0,0,0,0,0,0,0,807,0,0,807,0,0,0,0,0,0,0,0,0,0,0,0,0,565,565,1371,0,0,0,0,0,0,0,0,565,565,0,807,0,0,0,0,0,0,0,0,1371,0,0,0,0,0,0,0,0,0,0,0,0,1,1.61317347569046
Sherburne Village Police Department,2004-10-01,New York,1447,NY00827,0,0,0,0,3,0,3,0,0,0,0,0,0,0,0,0,0,0,0,2,0,2,0,1,0,0,0,0,0,0,1,0,0,0,0,0,0,0,12905,0,0,12905,0,0,0,0,0,0,0,0,0,0,0,0,323,0,323,13228,0,161,0,0,0,0,0,0,161,0,0,12905,0,0,0,0,0,161,0,161,13228,0,0,0,0,0,0,0,0,161,0,0,161,1,1.61317347569046
Sherburne Village Police Department,2004-11-01,New York,1447,NY00827,0,0,1,0,0,0,1,0,0,0,0,0,0,0,0,0,0,0,0,1,0,1,0,0,0,0,0,0,0,1,0,0,0,0,0,0,0,323,0,0,0,323,0,0,0,0,0,0,0,0,0,0,0,0,242,0,242,565,0,0,0,0,0,0,0,242,0,0,0,242,0,0,0,0,0,0,0,323,565,0,0,242,0,0,0,0,0,0,0,0,242,1,1.61317347569046
Sherburne Village Police Department,2004-12-01,New York,1447,NY00827,1,0,0,0,0,0,1,0,0,0,0,0,0,0,0,0,1,1,0,0,0,0,0,0,0,0,0,0,0,0,0,0,0,0,0,0,807,0,0,0,0,807,0,0,0,0,0,0,0,0,0,194,194,0,0,0,0,1000,0,0,0,0,0,0,0,0,0,0,807,0,0,194,0,0,0,0,0,0,1000,0,0,0,0,194,0,0,0,0,0,0,194,1,1.61317347569046
Sherburne Village Police Department,2005-01-01,New York,1456,NY00827,0,0,0,0,0,0,0,0,0,0,0,0,0,0,0,0,0,0,0,0,0,0,0,0,0,0,0,0,0,0,0,0,0,0,0,0,0,0,0,0,0,0,0,0,0,0,0,0,0,0,0,0,0,0,0,0,0,0,0,0,0,0,0,0,0,0,0,0,0,0,0,0,0,0,0,0,0,0,0,0,0,0,0,0,0,0,0,0,0,0,0,1,1.56023853211009
Sherburne Village Police Department,2005-02-01,New York,1456,NY00827,0,3,0,0,0,0,3,0,0,0,0,0,0,0,0,0,0,0,0,0,2,2,0,0,0,1,0,0,0,1,0,0,0,0,0,0,0,0,0,0,0,0,0,0,0,0,0,0,0,0,0,0,0,0,0,1027,1027,1027,0,0,0,312,0,0,0,715,0,715,0,0,0,0,0,0,0,0,0,312,1027,0,0,0,0,0,0,0,0,0,0,0,0,1,1.56023853211009
Sherburne Village Police Department,2005-03-01,New York,1456,NY00827,0,0,0,0,0,0,0,0,0,0,0,0,0,0,0,0,0,0,5,0,0,5,0,0,0,0,0,0,0,5,0,0,0,0,0,0,0,0,0,0,0,0,0,0,0,0,0,0,0,0,0,0,0,273,0,0,273,273,0,0,0,0,0,0,0,273,0,0,0,0,0,273,0,0,0,0,0,0,273,0,0,0,0,228,0,0,0,0,0,0,228,1,1.56023853211009
Sherburne Village Police Department,2005-04-01,New York,1456,NY00827,3,0,0,0,0,0,3,0,0,0,0,0,0,0,0,0,0,0,3,0,1,4,0,0,0,0,0,0,0,3,1,0,0,0,0,0,1543,0,0,0,0,1543,0,0,0,0,0,0,0,0,0,0,0,153,0,2262,2415,3958,0,0,0,0,0,0,0,153,2262,0,153,3540,0,31,0,0,0,0,0,234,3958,0,62,0,0,0,0,0,0,0,0,0,62,1,1.56023853211009
Sherburne Village Police Department,2005-05-01,New York,1456,NY00827,0,0,0,0,0,0,0,0,0,0,0,0,0,0,0,0,0,0,0,1,0,1,0,0,0,0,0,0,0,0,1,0,0,0,0,0,0,0,0,0,0,0,0,0,0,0,0,0,0,0,0,0,0,0,273,0,273,273,0,0,0,0,0,0,0,0,273,0,0,0,273,0,0,0,0,0,0,0,273,0,0,0,0,0,0,0,0,0,0,0,0,1,1.56023853211009
Sherburne Village Police Department,2005-06-01,New York,1456,NY00827,0,0,0,0,0,0,0,0,0,0,0,0,0,0,0,0,0,0,6,1,0,7,0,1,0,0,0,0,0,6,0,0,0,0,0,0,0,0,0,0,0,0,0,0,0,0,0,0,0,0,0,0,0,78,187,0,265,265,0,187,0,0,0,0,0,78,0,0,78,0,0,0,0,0,0,187,0,0,265,0,47,0,0,0,0,0,0,187,0,0,234,1,1.56023853211009
Sherburne Village Police Department,2005-07-01,New York,1456,NY00827,0,0,0,0,0,0,0,0,0,0,0,0,0,0,0,0,0,0,1,1,1,3,0,2,0,0,0,0,0,1,0,0,0,0,0,0,0,0,0,0,0,0,0,0,0,0,0,0,0,0,0,0,0,12,273,312,598,598,0,585,0,0,0,0,0,12,0,0,12,0,0,0,0,0,0,585,0,0,598,0,0,0,0,0,0,0,0,0,0,0,0,1,1.56023853211009
Sherburne Village Police Department,2005-08-01,New York,1456,NY00827,0,0,0,0,0,1,1,0,0,0,0,0,0,0,0,0,0,0,1,0,0,1,0,0,0,0,0,0,0,1,0,0,0,0,0,0,0,0,0,0,579,579,0,0,0,0,0,0,0,0,0,0,0,53,0,0,53,632,0,0,0,0,0,0,0,53,0,0,53,0,0,0,0,0,0,0,579,0,632,0,0,0,0,0,0,0,0,0,0,0,0,1,1.56023853211009
Sherburne Village Police Department,2005-09-01,New York,1456,NY00827,0,0,0,0,1,0,1,0,0,0,0,0,0,0,0,0,0,0,0,0,0,0,0,0,0,0,0,0,0,0,0,0,0,0,0,0,0,0,31,0,0,31,0,0,0,0,0,0,0,0,0,0,0,0,0,0,0,31,0,0,0,0,0,0,0,0,0,0,31,0,0,0,0,0,0,0,0,0,31,0,0,0,0,0,0,0,0,0,0,0,0,1,1.56023853211009
Sherburne Village Police Department,2005-10-01,New York,1456,NY00827,0,0,0,0,0,0,0,0,0,0,0,0,0,0,0,0,0,0,2,0,1,3,0,1,0,0,0,0,0,1,1,0,0,0,0,0,0,0,0,0,0,0,0,0,0,0,0,0,0,0,0,0,0,19,0,359,378,378,0,359,0,0,0,0,0,19,0,0,19,0,0,0,0,0,0,359,0,0,378,0,19,0,0,0,0,0,0,0,0,0,19,1,1.56023853211009
Sherburne Village Police Department,2005-11-01,New York,1456,NY00827,0,0,0,0,0,0,0,0,0,0,0,0,0,0,0,0,0,0,3,0,0,3,0,0,0,0,0,0,0,3,0,0,0,0,0,0,0,0,0,0,0,0,0,0,0,0,0,0,0,0,0,0,0,94,0,0,94,94,0,0,0,0,0,0,0,94,0,0,0,0,0,94,0,0,0,0,0,0,94,0,0,0,0,0,0,0,0,0,0,0,0,1,1.56023853211009
Sherburne Village Police Department,2005-12-01,New York,1456,NY00827,0,0,0,0,0,0,0,0,0,0,0,0,0,0,0,0,0,0,1,0,0,1,0,0,0,0,0,0,0,1,0,0,0,0,0,0,0,0,0,0,0,0,0,0,0,0,0,0,0,0,0,0,0,70,0,0,70,70,0,0,0,0,0,0,0,70,0,0,70,0,0,0,0,0,0,0,0,0,70,0,0,0,0,0,0,0,0,0,0,0,0,1,1.56023853211009
Sherburne Village Police Department,2006-01-01,New York,1450,NY00827,0,0,0,0,0,0,0,0,0,0,0,0,0,0,0,0,0,0,0,0,0,0,0,0,0,0,0,0,0,0,0,0,0,0,0,0,0,0,0,0,0,0,0,0,0,0,0,0,0,0,0,0,0,0,0,0,0,0,0,0,0,0,0,0,0,0,0,0,0,0,0,0,0,0,0,0,0,0,0,0,0,0,0,0,0,0,0,0,0,0,0,1,1.51147906246125
Sherburne Village Police Department,2006-02-01,New York,1450,NY00827,0,0,0,0,0,0,0,1,0,0,0,0,0,0,0,0,0,0,2,0,0,2,0,0,0,0,0,0,0,0,2,1,0,1,0,0,0,0,0,0,0,0,11336,0,0,0,0,0,0,0,0,0,0,68,0,0,68,11404,0,0,0,0,0,0,0,0,68,0,68,0,0,0,0,0,11336,0,0,0,11404,0,0,0,0,0,0,0,11336,0,0,0,11336,1,1.51147906246125
Sherburne Village Police Department,2006-03-01,New York,1450,NY00827,0,0,0,0,1,0,1,0,0,0,0,0,0,0,0,0,0,0,0,0,0,0,0,0,0,0,0,0,0,0,0,0,0,0,0,0,0,0,3023,0,0,3023,0,0,0,0,0,0,0,0,0,0,0,0,0,0,0,3023,0,0,0,0,0,0,0,0,0,0,3023,0,0,0,0,0,0,0,0,0,3023,0,0,0,0,0,0,0,0,0,0,0,0,1,1.51147906246125
Sherburne Village Police Department,2006-04-01,New York,1450,NY00827,0,0,0,0,1,0,1,0,0,0,0,0,0,0,0,0,0,0,0,3,0,3,0,0,0,0,0,0,0,3,0,0,0,0,0,0,0,0,0,0,0,0,0,0,0,0,0,0,0,0,0,0,0,0,227,0,227,227,0,0,0,0,0,0,0,227,0,0,0,227,0,0,0,0,0,0,0,0,227,0,0,227,0,0,0,0,0,0,0,0,227,1,1.51147906246125
Sherburne Village Police Department,2006-05-01,New York,1450,NY00827,0,0,0,0,0,0,0,0,0,0,0,0,0,0,0,0,0,0,1,1,0,2,0,1,0,0,0,0,0,1,0,0,0,0,0,0,0,0,0,0,0,0,0,0,0,0,0,0,0,0,0,0,0,45,227,0,272,272,0,227,0,0,0,0,0,45,0,0,45,0,0,0,0,0,0,227,0,0,272,0,0,0,0,0,0,0,0,227,0,0,227,1,1.51147906246125
Sherburne Village Police Department,2006-06-01,New York,1450,NY00827,0,0,0,0,0,0,0,0,0,0,0,0,0,0,0,0,0,0,1,1,1,3,0,3,0,0,0,0,0,0,0,0,0,0,0,0,0,0,0,0,0,0,0,0,0,0,0,0,0,0,0,0,0,15,166,423,605,605,0,605,0,0,0,0,0,0,0,0,0,0,0,0,0,0,0,605,0,0,605,0,0,0,0,0,0,0,0,0,0,0,0,1,1.51147906246125
Sherburne Village Police Department,2006-07-01,New York,1450,NY00827,0,0,0,0,1,0,1,0,0,0,0,0,0,0,0,0,0,0,6,1,2,9,0,1,0,0,2,0,0,0,6,0,0,0,0,0,0,0,76,0,0,76,0,0,0,0,0,0,0,0,0,0,0,378,113,1814,2305,2381,0,113,0,0,1889,0,0,0,302,0,0,0,0,0,0,0,0,2381,0,0,2381,0,0,0,0,0,0,0,0,0,0,0,0,1,1.51147906246125
Sherburne Village Police Department,2006-08-01,New York,1450,NY00827,0,0,0,0,1,0,1,0,0,0,0,0,0,0,0,0,0,0,2,1,2,5,0,1,0,0,0,0,0,0,4,0,0,0,0,0,0,0,2570,0,0,2570,0,0,0,0,0,0,0,0,0,0,0,113,76,967,1156,3726,0,76,0,0,0,0,0,0,1081,0,113,3537,0,0,0,0,0,76,0,0,3726,0,0,0,0,0,0,0,0,0,0,0,0,1,1.51147906246125
Sherburne Village Police Department,2006-09-01,New York,1450,NY00827,0,0,0,0,0,1,1,0,0,0,0,0,0,0,0,0,0,0,3,1,1,5,1,0,0,0,1,0,0,2,1,0,0,0,0,0,0,0,0,0,756,756,0,0,0,0,0,0,0,0,0,0,0,29,121,446,596,1351,121,0,0,0,446,0,0,20,9,0,905,446,0,0,0,0,0,0,0,0,1351,0,29,0,0,0,0,0,0,0,0,0,29,1,1.51147906246125
Sherburne Village Police Department,2006-10-01,New York,1450,NY00827,0,0,0,0,0,0,0,0,0,0,0,0,0,0,0,0,0,0,1,0,0,1,0,0,0,0,0,0,0,0,1,0,0,0,0,0,0,0,0,0,0,0,0,0,0,0,0,0,0,0,0,0,0,15,0,0,15,15,0,0,0,0,0,0,0,0,15,0,15,0,0,0,0,0,0,0,0,0,15,0,15,0,0,0,0,0,0,0,0,0,15,1,1.51147906246125
Sherburne Village Police Department,2006-11-01,New York,1450,NY00827,0,1,0,0,0,0,1,0,0,0,0,0,0,0,0,0,0,0,1,0,0,1,1,0,0,0,0,0,0,0,0,0,0,0,0,605,0,0,0,0,0,605,0,0,0,0,0,0,0,0,0,0,0,62,0,0,62,667,62,0,0,0,0,0,0,0,0,0,62,605,0,0,0,0,0,0,0,0,667,0,0,0,0,0,0,0,0,0,0,0,0,1,1.51147906246125
Sherburne Village Police Department,2006-12-01,New York,1450,NY00827,0,0,0,0,0,0,0,0,0,0,0,0,0,0,0,0,0,0,2,4,1,7,0,0,0,4,1,0,0,0,2,0,0,0,0,0,0,0,0,0,0,0,0,0,0,0,0,0,0,0,0,0,0,70,302,378,750,750,0,0,0,378,302,0,0,0,70,0,70,453,0,0,0,0,0,0,0,227,750,0,0,453,0,0,0,0,0,0,0,0,453,1,1.51147906246125
Sherburne Village Police Department,2007-01-01,New York,1443,NY00827,0,0,0,0,0,0,0,0,0,0,0,0,0,0,0,0,0,0,4,0,0,4,0,0,0,0,0,0,0,0,4,0,0,0,0,0,0,0,0,0,0,0,0,0,0,0,0,0,0,0,0,0,0,51,0,0,51,51,0,0,0,0,0,0,0,0,51,0,51,0,0,0,0,0,0,0,0,0,51,0,0,0,0,0,0,0,0,0,0,0,0,1,1.46955740283082
Sherburne Village Police Department,2007-02-01,New York,1443,NY00827,0,0,0,0,0,0,0,0,0,0,0,0,0,0,0,0,0,0,0,0,1,1,0,0,0,0,0,0,0,0,1,0,0,0,0,0,0,0,0,0,0,0,0,0,0,0,0,0,0,0,0,0,0,0,0,294,294,294,0,0,0,0,0,0,0,0,294,0,0,0,0,0,0,0,0,294,0,0,294,0,0,0,0,0,0,0,0,294,0,0,294,1,1.46955740283082
Sherburne Village Police Department,2007-03-01,New York,1443,NY00827,0,0,0,0,0,0,0,0,0,0,0,0,0,0,0,0,0,0,4,1,1,6,1,1,0,0,0,0,0,1,3,0,0,0,0,0,0,0,0,0,0,0,0,0,0,0,0,0,0,0,0,0,0,176,257,882,1315,1315,882,73,0,0,0,0,0,257,103,0,360,0,0,0,0,0,0,955,0,0,1315,0,257,0,0,0,0,0,0,955,0,0,1212,1,1.46955740283082
Sherburne Village Police Department,2007-04-01,New York,1443,NY00827,0,0,0,0,0,0,0,0,0,0,0,0,0,0,0,0,0,0,3,2,1,6,1,1,0,1,0,0,0,0,3,0,0,0,0,0,0,0,0,0,0,0,0,0,0,0,0,0,0,0,0,0,0,66,367,294,727,727,294,147,0,220,0,0,0,0,66,0,66,0,0,0,0,0,0,661,0,0,727,0,0,0,0,0,0,0,0,147,0,0,147,1,1.46955740283082
Sherburne Village Police Department,2007-05-01,New York,1443,NY00827,0,0,0,0,0,0,0,0,0,0,0,0,0,0,0,0,0,0,3,1,0,4,0,0,0,0,1,0,0,0,3,0,0,0,0,0,0,0,0,0,0,0,0,0,0,0,0,0,0,0,0,0,0,150,220,0,370,370,0,0,0,0,220,0,0,0,150,0,150,0,0,0,0,0,0,220,0,0,370,0,73,0,0,0,0,0,0,0,0,0,73,1,1.46955740283082
Sherburne Village Police Department,2007-06-01,New York,1443,NY00827,0,0,0,0,0,0,0,0,0,0,0,0,0,0,0,0,0,0,2,4,1,7,0,3,0,0,2,0,0,0,2,0,0,0,0,0,0,0,0,0,0,0,0,0,0,0,0,0,0,0,0,0,0,51,698,1470,2219,2219,0,331,0,0,1837,0,0,0,51,0,51,0,0,0,0,0,0,2021,0,147,2219,0,0,0,0,0,0,0,0,220,0,0,220,1,1.46955740283082
Sherburne Village Police Department,2007-07-01,New York,1443,NY00827,0,0,0,0,0,0,0,0,0,0,0,0,0,0,0,0,0,0,1,1,0,2,1,0,0,0,0,0,0,0,1,0,0,0,0,0,0,0,0,0,0,0,0,0,0,0,0,0,0,0,0,0,0,46,73,0,119,119,73,0,0,0,0,0,0,0,46,0,0,0,0,0,0,0,0,119,0,0,119,0,0,0,0,0,0,0,0,0,0,0,0,1,1.46955740283082
Sherburne Village Police Department,2007-08-01,New York,1443,NY00827,0,0,0,0,0,0,0,0,0,0,0,0,0,0,0,0,0,0,4,0,0,4,0,0,0,0,0,0,0,2,2,0,0,0,0,0,0,0,0,0,0,0,0,0,0,0,0,0,0,0,0,0,0,153,0,0,153,153,0,0,0,0,0,0,0,110,43,0,110,0,0,0,0,0,0,43,0,0,153,0,0,0,0,0,0,0,0,0,0,0,0,1,1.46955740283082
Sherburne Village Police Department,2007-09-01,New York,1443,NY00827,0,0,0,0,0,0,0,0,0,0,0,0,0,0,0,0,0,0,5,2,1,8,0,1,0,0,1,0,0,1,5,0,0,0,0,0,0,0,0,0,0,0,0,0,0,0,0,0,0,0,0,0,0,154,262,1763,2179,2179,0,184,0,0,1763,0,0,78,154,0,232,0,0,0,0,0,0,184,1763,0,2179,0,78,0,0,0,0,0,0,184,0,0,262,1,1.46955740283082
Sherburne Village Police Department,2007-10-01,New York,1443,NY00827,0,0,0,0,0,0,0,0,0,0,0,0,0,0,0,0,0,0,1,1,0,2,0,1,0,0,0,0,0,1,0,0,0,0,0,0,0,0,0,0,0,0,0,0,0,0,0,0,0,0,0,0,0,15,110,0,125,125,0,110,0,0,0,0,0,15,0,0,0,0,0,0,15,0,0,110,0,0,125,0,0,0,0,0,15,0,0,0,0,0,15,1,1.46955740283082
Sherburne Village Police Department,2007-11-01,New York,1443,NY00827,0,0,0,0,0,0,0,0,0,0,0,0,0,0,0,0,0,0,0,0,0,0,0,0,0,0,0,0,0,0,0,0,0,0,0,0,0,0,0,0,0,0,0,0,0,0,0,0,0,0,0,0,0,0,0,0,0,0,0,0,0,0,0,0,0,0,0,0,0,0,0,0,0,0,0,0,0,0,0,0,0,0,0,0,0,0,0,0,0,0,0,1,1.46955740283082
Sherburne Village Police Department,2007-12-01,New York,1443,NY00827,0,0,0,0,0,0,0,0,0,0,0,0,0,0,0,0,0,0,4,1,0,5,0,0,0,1,0,0,0,0,4,0,0,0,0,0,0,0,0,0,0,0,0,0,0,0,0,0,0,0,0,0,0,112,103,0,215,215,0,0,0,103,0,0,0,0,112,0,112,0,0,0,0,0,0,103,0,0,215,0,112,0,0,0,0,0,0,0,0,0,112,1,1.46955740283082
Sherburne Village Police Department,2008-01-01,New York,1419,NY00827,0,0,0,0,0,0,0,0,0,0,0,0,0,0,0,0,0,0,1,1,0,2,0,0,0,0,0,0,0,1,1,0,0,0,0,0,0,0,0,0,0,0,0,0,0,0,0,0,0,0,0,0,0,4,88,0,92,92,0,0,0,0,0,0,0,4,88,0,92,0,0,0,0,0,0,0,0,0,92,0,88,0,0,0,0,0,0,0,0,0,88,1,1.41522547733228
Sherburne Village Police Department,2008-02-01,New York,1419,NY00827,0,0,0,0,0,0,0,0,0,0,0,0,0,0,0,0,0,0,0,2,0,2,0,0,0,0,0,0,0,0,2,0,0,0,0,0,0,0,0,0,0,0,0,0,0,0,0,0,0,0,0,0,0,0,163,0,163,163,0,0,0,0,0,0,0,0,163,0,0,0,0,0,0,0,0,163,0,0,163,0,0,0,0,0,0,0,0,163,0,0,163,1,1.41522547733228
Sherburne Village Police Department,2008-03-01,New York,1419,NY00827,0,0,0,0,0,0,0,0,0,0,0,0,0,0,0,0,0,0,1,0,0,1,0,0,0,0,0,0,0,1,0,0,0,0,0,0,0,0,0,0,0,0,0,0,0,0,0,0,0,0,0,0,0,17,0,0,17,17,0,0,0,0,0,0,0,17,0,0,17,0,0,0,0,0,0,0,0,0,17,0,0,0,0,0,0,0,0,0,0,0,0,1,1.41522547733228
Sherburne Village Police Department,2008-04-01,New York,1419,NY00827,0,0,0,0,1,0,1,0,0,0,0,0,0,0,0,0,0,0,4,0,0,4,0,0,0,0,2,0,0,0,2,0,0,0,0,0,0,0,991,0,0,991,0,0,0,0,0,0,0,0,0,0,0,113,0,0,113,1104,0,0,0,0,57,0,0,0,57,0,57,1047,0,0,0,0,0,0,0,0,1104,0,0,0,0,0,0,0,0,0,0,0,0,1,1.41522547733228
Sherburne Village Police Department,2008-05-01,New York,1419,NY00827,0,0,0,0,0,0,0,0,0,0,0,0,0,0,0,0,0,0,4,0,2,6,0,0,0,0,2,0,0,0,4,0,0,0,0,0,0,0,0,0,0,0,0,0,0,0,0,0,0,0,0,0,0,154,0,1274,1428,1428,0,0,0,0,1274,0,0,0,154,0,988,16,0,0,0,0,0,0,0,425,1428,0,0,0,0,0,0,0,0,0,0,425,425,1,1.41522547733228
Sherburne Village Police Department,2008-06-01,New York,1419,NY00827,0,0,1,1,0,0,2,0,0,0,0,0,0,0,0,0,0,0,1,2,3,6,0,0,0,1,2,0,0,0,3,0,0,0,0,0,0,12737,0,1415,0,14152,0,0,0,0,0,0,0,0,0,0,0,64,142,3113,3319,17471,0,0,0,3113,0,0,0,0,205,0,0,142,0,0,12737,0,0,1479,0,3113,17471,0,0,142,0,0,0,0,0,14,0,0,156,1,1.41522547733228
Sherburne Village Police Department,2008-07-01,New York,1419,NY00827,0,1,0,0,0,0,1,0,0,0,0,0,0,0,0,0,0,0,1,0,1,2,0,0,0,0,1,0,0,1,0,0,0,0,0,439,0,0,0,0,0,439,0,0,0,0,0,0,0,0,0,0,0,16,0,8208,8224,8663,0,0,0,0,8208,0,0,16,0,0,16,8647,0,0,0,0,0,0,0,0,8663,0,0,8208,0,0,0,0,0,0,0,0,8208,1,1.41522547733228
Sherburne Village Police Department,2008-08-01,New York,1419,NY00827,0,0,0,0,0,0,0,0,0,0,0,0,0,0,0,0,0,0,3,1,2,6,1,0,0,1,1,0,0,0,3,0,0,0,0,0,0,0,0,0,0,0,0,0,0,0,0,0,0,0,0,0,0,85,71,566,722,722,71,0,0,28,283,0,0,0,340,0,283,354,0,0,0,0,0,85,0,0,722,0,0,283,0,0,0,0,0,0,0,0,283,1,1.41522547733228
Sherburne Village Police Department,2008-09-01,New York,1419,NY00827,0,0,0,0,0,0,0,0,0,0,0,0,0,0,0,0,0,0,4,2,0,6,0,2,0,0,2,0,0,1,1,0,0,0,0,0,0,0,0,0,0,0,0,0,0,0,0,0,0,0,0,0,0,85,212,0,297,297,0,212,0,0,28,0,0,8,48,0,0,0,0,0,0,0,0,297,0,0,297,0,0,0,0,0,0,0,0,249,0,0,249,1,1.41522547733228
Sherburne Village Police Department,2008-10-01,New York,1419,NY00827,0,0,0,0,0,0,0,0,0,0,0,0,0,0,0,0,0,0,3,0,2,5,0,0,0,1,1,0,0,2,1,0,0,0,0,0,0,0,0,0,0,0,0,0,0,0,0,0,0,0,0,0,0,71,0,1557,1628,1628,0,0,0,283,1274,0,0,35,35,0,35,0,0,0,0,0,0,35,0,1557,1628,0,0,0,0,0,0,0,0,0,0,1274,1274,1,1.41522547733228
Sherburne Village Police Department,2008-11-01,New York,1419,NY00827,0,0,0,0,0,0,0,0,0,0,0,0,0,0,0,0,0,0,2,0,0,2,0,0,0,0,0,0,0,2,0,0,0,0,0,0,0,0,0,0,0,0,0,0,0,0,0,0,0,0,0,0,0,35,0,0,35,35,0,0,0,0,0,0,0,35,0,0,35,0,0,0,0,0,0,0,0,0,35,0,0,0,0,0,0,0,0,0,0,0,0,1,1.41522547733228
Sherburne Village Police Department,2008-12-01,New York,1419,NY00827,0,0,0,0,0,0,0,0,0,0,0,0,0,0,0,0,0,0,1,0,0,1,0,0,0,0,0,0,0,0,1,0,0,0,0,0,0,0,0,0,0,0,0,0,0,0,0,0,0,0,0,0,0,57,0,0,57,57,0,0,0,0,0,0,0,0,57,0,0,0,0,0,0,0,0,57,0,0,57,0,0,0,0,0,0,0,0,57,0,0,57,1,1.41522547733228
Sherburne Village Police Department,2009-01-01,New York,1408,NY00827,1,0,0,0,0,0,1,0,0,0,0,0,0,0,0,0,0,0,8,0,0,8,0,0,0,6,1,0,0,0,1,0,0,0,0,0,26985,0,0,0,0,26985,0,0,0,0,0,0,0,0,0,0,0,355,0,0,355,27340,0,0,0,249,64,0,0,0,43,0,0,27049,0,0,0,0,0,43,0,249,27340,0,0,0,0,0,0,0,0,0,0,0,0,1,1.42027521282265
Sherburne Village Police Department,2009-02-01,New York,1408,NY00827,0,0,0,0,0,0,0,0,0,0,0,0,0,0,0,0,0,0,6,1,0,7,0,0,0,1,1,0,0,3,2,0,0,0,0,0,0,0,0,0,0,0,0,0,0,0,0,0,0,0,0,0,0,50,107,0,156,156,0,0,0,7,107,0,0,14,28,0,0,0,0,0,0,0,0,50,0,107,156,0,0,0,0,0,0,0,0,28,0,107,135,1,1.42027521282265
Sherburne Village Police Department,2009-03-01,New York,1408,NY00827,1,0,0,0,0,0,1,0,0,0,0,0,0,0,0,0,0,0,0,1,0,1,0,0,0,0,0,0,0,0,1,0,0,0,0,0,994,0,0,0,0,994,0,0,0,0,0,0,0,0,0,0,0,0,170,0,170,1165,0,0,0,0,0,0,0,0,170,0,28,0,0,0,0,0,0,142,0,994,1165,0,28,0,0,0,0,0,0,142,0,994,1165,1,1.42027521282265
Sherburne Village Police Department,2009-04-01,New York,1408,NY00827,0,0,0,0,0,0,0,0,0,0,0,0,0,0,0,0,0,0,0,0,2,2,0,0,0,0,2,0,0,0,0,0,0,0,0,0,0,0,0,0,0,0,0,0,0,0,0,0,0,0,0,0,0,0,0,2556,2556,2556,0,0,0,0,2556,0,0,0,0,0,0,0,0,0,0,0,0,0,0,2556,2556,0,0,0,0,0,0,0,0,0,0,1846,1846,1,1.42027521282265
Sherburne Village Police Department,2009-05-01,New York,1408,NY00827,0,0,0,0,0,0,0,0,0,0,0,0,0,0,0,0,0,0,0,5,0,5,0,0,0,0,1,0,0,0,4,0,0,0,0,0,0,0,0,0,0,0,0,0,0,0,0,0,0,0,0,0,0,0,568,0,568,568,0,0,0,0,355,0,0,0,213,0,71,0,0,0,0,0,0,0,0,497,568,0,0,0,0,0,0,0,0,0,0,355,355,1,1.42027521282265
Sherburne Village Police Department,2009-06-01,New York,1408,NY00827,0,0,0,0,0,0,0,0,0,0,0,0,0,0,0,0,0,0,3,3,0,6,0,0,0,0,1,0,0,2,3,0,0,0,0,0,0,0,0,0,0,0,0,0,0,0,0,0,0,0,0,0,0,65,426,0,491,491,0,0,0,0,142,0,0,284,65,0,284,142,0,0,0,0,0,65,0,0,491,0,0,0,0,0,0,0,0,9,0,0,9,1,1.42027521282265
Sherburne Village Police Department,2009-07-01,New York,1408,NY00827,0,0,0,0,0,0,0,0,0,0,0,0,0,0,0,0,0,0,5,3,0,8,0,2,0,0,1,0,0,2,3,0,0,0,0,0,0,0,0,0,0,0,0,0,0,0,0,0,0,0,0,0,0,107,362,0,469,469,0,284,0,0,0,0,0,114,71,0,114,0,0,0,0,0,0,355,0,0,469,0,0,0,0,0,0,0,0,291,0,0,291,1,1.42027521282265
Sherburne Village Police Department,2009-08-01,New York,1408,NY00827,0,0,0,0,0,0,0,0,0,0,0,0,0,0,0,0,0,0,1,2,0,3,0,1,0,0,0,0,0,0,2,0,0,0,0,0,0,0,0,0,0,0,0,0,0,0,0,0,0,0,0,0,0,14,213,0,227,227,0,142,0,0,0,0,0,0,85,0,14,0,0,0,0,0,0,213,0,0,227,0,0,0,0,0,0,0,0,0,0,0,0,1,1.42027521282265
Sherburne Village Police Department,2009-09-01,New York,1408,NY00827,0,0,0,1,0,0,1,0,0,0,0,0,0,0,0,0,0,0,3,3,0,6,0,0,0,0,3,0,0,1,2,0,0,0,0,0,0,0,0,0,0,0,0,0,0,0,0,0,0,0,0,0,0,57,249,0,305,305,0,0,0,0,142,0,0,21,142,0,21,0,0,0,0,0,0,284,0,0,305,0,0,0,0,0,0,0,0,71,0,0,71,1,1.42027521282265
Sherburne Village Police Department,2009-10-01,New York,1408,NY00827,0,1,0,0,0,0,1,0,0,0,0,0,0,0,0,0,0,0,2,0,0,2,0,0,0,0,0,0,0,0,2,0,0,0,0,426,0,0,0,0,0,426,0,0,0,0,0,0,0,0,0,0,0,51,0,0,51,477,0,0,0,0,0,0,0,0,51,0,0,0,0,0,0,0,0,51,0,426,477,0,0,0,0,0,0,0,0,36,0,0,36,1,1.42027521282265
Sherburne Village Police Department,2009-11-01,New York,1408,NY00827,0,0,0,0,1,0,1,0,0,0,0,0,0,0,0,0,0,0,0,0,0,0,0,0,0,0,0,0,0,0,0,0,0,0,0,0,0,0,0,0,0,0,0,0,0,0,0,0,0,0,0,0,0,0,0,0,0,0,0,0,0,0,0,0,0,0,0,0,0,0,0,0,0,0,0,0,0,0,0,0,0,0,0,0,0,0,0,0,0,0,0,1,1.42027521282265
Sherburne Village Police Department,2009-12-01,New York,1408,NY00827,0,0,0,0,1,0,1,0,0,0,0,0,0,0,0,0,0,0,2,0,0,2,0,0,0,0,1,0,0,0,1,0,0,0,0,0,0,0,639,0,0,639,0,0,0,0,0,0,0,0,0,0,0,57,0,0,57,696,0,0,0,0,14,0,0,0,43,0,57,639,0,0,0,0,0,0,0,0,696,0,0,0,0,0,0,0,0,0,0,0,0,1,1.42027521282265
Sherburne Village Police Department,2010-01-01,New York,1367,NY00827,0,0,0,0,0,0,0,0,0,0,0,0,0,0,0,0,0,0,3,0,1,4,0,0,0,0,0,0,0,0,4,0,0,0,0,0,0,0,0,0,0,0,0,0,0,0,0,0,0,0,0,0,0,98,0,699,796,796,0,0,0,0,0,0,0,0,796,0,98,0,0,0,0,0,0,699,0,0,796,0,98,0,0,0,0,0,0,699,0,0,796,1,1.3973579356326
Sherburne Village Police Department,2010-02-01,New York,1367,NY00827,0,0,0,0,0,0,0,0,0,0,0,0,0,0,0,0,0,0,1,0,0,1,0,0,0,0,0,0,0,0,1,0,0,0,0,0,0,0,0,0,0,0,0,0,0,0,0,0,0,0,0,0,0,35,0,0,35,35,0,0,0,0,0,0,0,0,35,0,0,0,0,0,0,0,0,35,0,0,35,0,0,0,0,0,0,0,0,0,0,0,0,1,1.3973579356326
Sherburne Village Police Department,2010-03-01,New York,1367,NY00827,0,0,0,0,0,0,0,0,0,0,0,0,0,0,0,0,0,0,2,0,0,2,0,0,0,0,0,0,0,0,2,0,0,0,0,0,0,0,0,0,0,0,0,0,0,0,0,0,0,0,0,0,0,70,0,0,70,70,0,0,0,0,0,0,0,0,70,0,0,0,0,0,0,0,0,70,0,0,70,0,0,0,0,0,0,0,0,0,0,0,0,1,1.3973579356326
Sherburne Village Police Department,2010-04-01,New York,1367,NY00827,0,0,0,0,0,0,0,0,0,0,0,0,0,0,0,0,0,0,0,0,1,1,0,0,0,0,1,0,0,0,0,0,0,0,0,0,0,0,0,0,0,0,0,0,0,0,0,0,0,0,0,0,0,0,0,559,559,559,0,0,0,0,559,0,0,0,0,0,559,0,0,0,0,0,0,0,0,0,559,0,0,0,0,0,0,0,0,0,0,0,0,1,1.3973579356326
Sherburne Village Police Department,2010-05-01,New York,1367,NY00827,0,0,0,0,0,0,0,0,0,0,0,0,0,0,0,0,0,0,4,1,0,5,0,2,0,0,0,0,0,0,3,0,0,0,0,0,0,0,0,0,0,0,0,0,0,0,0,0,0,0,0,0,0,162,140,0,302,302,0,126,0,0,0,0,0,0,176,0,0,0,0,0,0,0,0,302,0,0,302,0,0,0,0,0,0,0,0,22,0,0,22,1,1.3973579356326
Sherburne Village Police Department,2010-06-01,New York,1367,NY00827,0,0,0,0,0,0,0,0,0,0,0,0,0,0,0,0,0,0,2,1,0,3,0,1,0,0,0,0,0,0,2,0,0,0,0,0,0,0,0,0,0,0,0,0,0,0,0,0,0,0,0,0,0,42,140,0,182,182,0,0,0,0,0,0,0,0,182,0,0,0,0,0,0,0,0,182,0,0,182,0,0,0,0,0,0,0,0,42,0,0,42,1,1.3973579356326
Sherburne Village Police Department,2010-07-01,New York,1367,NY00827,0,0,0,0,0,0,0,0,0,0,0,0,0,0,0,0,0,0,1,1,0,2,0,2,0,0,0,0,0,0,0,0,0,0,0,0,0,0,0,0,0,0,0,0,0,0,0,0,0,0,0,0,0,56,70,0,126,126,0,126,0,0,0,0,0,0,0,0,0,0,0,0,0,0,0,126,0,0,126,0,0,0,0,0,0,0,0,0,0,0,0,1,1.3973579356326
Sherburne Village Police Department,2010-08-01,New York,1367,NY00827,0,0,0,0,0,0,0,0,0,0,0,0,0,0,0,0,0,0,1,3,2,6,0,2,0,0,2,0,0,0,2,0,0,0,0,0,0,0,0,0,0,0,0,0,0,0,0,0,0,0,0,0,0,14,363,699,1076,1076,0,279,0,0,699,0,0,0,98,0,0,0,0,0,0,0,0,377,0,699,1076,0,0,0,0,0,0,0,0,0,0,0,0,1,1.3973579356326
Sherburne Village Police Department,2010-09-01,New York,1367,NY00827,0,0,0,0,0,0,0,0,0,0,0,0,0,0,0,0,0,0,0,1,1,2,0,1,0,0,0,0,0,0,1,0,0,0,0,0,0,0,0,0,0,0,0,0,0,0,0,0,0,0,0,0,0,0,70,838,908,908,0,70,0,0,0,0,0,0,838,0,0,0,0,0,0,0,0,908,0,0,908,0,0,0,0,0,0,0,0,0,0,0,0,1,1.3973579356326
Sherburne Village Police Department,2010-10-01,New York,1367,NY00827,0,0,0,0,0,0,0,0,0,0,0,0,0,0,0,0,0,0,1,0,1,2,0,0,0,0,1,0,0,0,1,0,0,0,0,0,0,0,0,0,0,0,0,0,0,0,0,0,0,0,0,0,0,28,0,559,587,587,0,0,0,0,559,0,0,0,28,0,0,0,0,0,0,0,0,587,0,0,587,0,0,0,0,0,0,0,0,0,0,0,0,1,1.3973579356326
Sherburne Village Police Department,2010-11-01,New York,1367,NY00827,0,0,0,0,0,0,0,0,0,0,0,0,0,0,0,0,0,0,0,1,1,2,0,0,0,0,2,0,0,0,0,0,0,0,0,0,0,0,0,0,0,0,0,0,0,0,0,0,0,0,0,0,0,0,210,279,489,489,0,0,0,0,489,0,0,0,0,0,0,0,0,0,0,0,0,489,0,0,489,0,0,0,0,0,0,0,0,489,0,0,489,1,1.3973579356326
Sherburne Village Police Department,2010-12-01,New York,1367,NY00827,0,0,0,0,0,0,0,0,0,0,0,0,0,0,0,0,0,0,0,0,0,0,0,0,0,0,0,0,0,0,0,0,0,0,0,0,0,0,0,0,0,0,0,0,0,0,0,0,0,0,0,0,0,0,0,0,0,0,0,0,0,0,0,0,0,0,0,0,0,0,0,0,0,0,0,0,0,0,0,0,0,0,0,0,0,0,0,0,0,0,0,1,1.3973579356326
Sherburne Village Police Department,2011-01-01,New York,1373,NY00827,0,0,0,0,0,0,0,0,0,0,0,0,0,0,0,0,0,0,0,0,1,1,0,1,0,0,0,0,0,0,0,0,0,0,0,0,0,0,0,0,0,0,0,0,0,0,0,0,0,0,0,0,0,0,0,339,339,339,0,339,0,0,0,0,0,0,0,0,0,0,0,0,0,0,0,339,0,0,339,0,0,0,0,0,0,0,0,0,0,0,0,1,1.35459550174677
Sherburne Village Police Department,2011-02-01,New York,1373,NY00827,0,0,0,0,0,0,0,0,0,0,0,0,0,0,0,0,0,0,0,0,0,0,0,0,0,0,0,0,0,0,0,0,0,0,0,0,0,0,0,0,0,0,0,0,0,0,0,0,0,0,0,0,0,0,0,0,0,0,0,0,0,0,0,0,0,0,0,0,0,0,0,0,0,0,0,0,0,0,0,0,0,0,0,0,0,0,0,0,0,0,0,1,1.35459550174677
Sherburne Village Police Department,2011-03-01,New York,1373,NY00827,0,0,0,0,0,0,0,0,0,0,0,0,0,0,0,0,0,0,0,0,0,0,0,0,0,0,0,0,0,0,0,0,0,0,0,0,0,0,0,0,0,0,0,0,0,0,0,0,0,0,0,0,0,0,0,0,0,0,0,0,0,0,0,0,0,0,0,0,0,0,0,0,0,0,0,0,0,0,0,0,0,0,0,0,0,0,0,0,0,0,0,1,1.35459550174677
Sherburne Village Police Department,2011-04-01,New York,1373,NY00827,0,0,0,0,0,0,0,0,0,0,0,0,0,0,0,0,0,0,0,0,0,0,0,0,0,0,0,0,0,0,0,0,0,0,0,0,0,0,0,0,0,0,0,0,0,0,0,0,0,0,0,0,0,0,0,0,0,0,0,0,0,0,0,0,0,0,0,0,0,0,0,0,0,0,0,0,0,0,0,0,0,0,0,0,0,0,0,0,0,0,0,1,1.35459550174677
Sherburne Village Police Department,2011-05-01,New York,1373,NY00827,0,0,0,0,0,0,0,0,0,0,0,0,0,0,0,0,0,0,0,0,0,0,0,0,0,0,0,0,0,0,0,0,0,0,0,0,0,0,0,0,0,0,0,0,0,0,0,0,0,0,0,0,0,0,0,0,0,0,0,0,0,0,0,0,0,0,0,0,0,0,0,0,0,0,0,0,0,0,0,0,0,0,0,0,0,0,0,0,0,0,0,1,1.35459550174677
Sherburne Village Police Department,2011-06-01,New York,1373,NY00827,0,0,1,0,0,0,1,0,0,0,0,0,0,0,0,0,0,0,0,2,0,2,0,0,0,0,0,0,0,0,2,0,0,0,0,0,0,203,0,0,0,203,0,0,0,0,0,0,0,0,0,0,0,0,207,0,207,410,0,0,0,0,0,0,0,0,207,0,0,207,0,0,0,0,0,203,0,0,410,0,0,207,0,0,0,0,0,0,0,0,207,1,1.35459550174677
Sherburne Village Police Department,2011-07-01,New York,1373,NY00827,0,0,0,0,0,0,0,0,0,0,0,0,0,0,0,0,0,0,1,1,0,2,0,0,0,0,0,0,0,0,2,0,0,0,0,0,0,0,0,0,0,0,0,0,0,0,0,0,0,0,0,0,0,41,203,0,244,244,0,0,0,0,0,0,0,0,244,0,0,0,0,0,0,0,0,244,0,0,244,0,0,0,0,0,0,0,0,244,0,0,244,1,1.35459550174677
Sherburne Village Police Department,2011-08-01,New York,1373,NY00827,0,0,0,0,0,0,0,0,0,0,0,0,0,0,0,0,0,0,0,1,0,1,0,1,0,0,0,0,0,0,0,0,0,0,0,0,0,0,0,0,0,0,0,0,0,0,0,0,0,0,0,0,0,0,102,0,102,102,0,102,0,0,0,0,0,0,0,0,0,0,0,0,0,0,0,102,0,0,102,0,0,0,0,0,0,0,0,0,0,0,0,1,1.35459550174677
Sherburne Village Police Department,2011-09-01,New York,1373,NY00827,0,0,0,0,0,0,0,0,0,0,0,0,0,0,0,0,0,0,0,0,0,0,0,0,0,0,0,0,0,0,0,0,0,0,0,0,0,0,0,0,0,0,0,0,0,0,0,0,0,0,0,0,0,0,0,0,0,0,0,0,0,0,0,0,0,0,0,0,0,0,0,0,0,0,0,0,0,0,0,0,0,0,0,0,0,0,0,0,0,0,0,1,1.35459550174677
Sherburne Village Police Department,2011-10-01,New York,1373,NY00827,0,0,0,0,0,0,0,0,0,0,0,0,0,0,0,0,0,0,0,0,0,0,0,0,0,0,0,0,0,0,0,0,0,0,0,0,0,0,0,0,0,0,0,0,0,0,0,0,0,0,0,0,0,0,0,0,0,0,0,0,0,0,0,0,0,0,0,0,0,0,0,0,0,0,0,0,0,0,0,0,0,0,0,0,0,0,0,0,0,0,0,1,1.35459550174677
Sherburne Village Police Department,2011-11-01,New York,1373,NY00827,0,0,0,0,0,0,0,0,0,0,0,0,0,0,0,0,0,0,0,0,0,0,0,0,0,0,0,0,0,0,0,0,0,0,0,0,0,0,0,0,0,0,0,0,0,0,0,0,0,0,0,0,0,0,0,0,0,0,0,0,0,0,0,0,0,0,0,0,0,0,0,0,0,0,0,0,0,0,0,0,0,0,0,0,0,0,0,0,0,0,0,1,1.35459550174677
Sherburne Village Police Department,2011-12-01,New York,1373,NY00827,0,0,0,0,0,0,0,0,0,0,0,0,0,0,0,0,0,0,0,0,0,0,0,0,0,0,0,0,0,0,0,0,0,0,0,0,0,0,0,0,0,0,0,0,0,0,0,0,0,0,0,0,0,0,0,0,0,0,0,0,0,0,0,0,0,0,0,0,0,0,0,0,0,0,0,0,0,0,0,0,0,0,0,0,0,0,0,0,0,0,0,1,1.35459550174677
Sherburne Village Police Department,2012-01-01,New York,1365,NY00827,0,0,0,0,0,0,0,0,0,0,0,0,0,0,0,0,0,0,2,1,0,3,0,0,0,0,0,0,0,2,1,0,0,0,0,0,0,0,0,0,0,0,0,0,0,0,0,0,0,0,0,0,0,70,27,0,97,97,0,0,0,0,0,0,0,27,70,0,0,0,0,7,0,0,0,90,0,0,97,0,0,0,0,7,0,0,0,90,0,0,97,1,1.32713265123532
Sherburne Village Police Department,2012-02-01,New York,1365,NY00827,0,0,0,0,1,0,1,0,0,0,0,0,0,0,0,0,0,0,0,1,0,1,0,1,0,0,0,0,0,0,0,0,0,0,0,0,0,0,332,0,0,332,0,0,0,0,0,0,0,0,0,0,0,133,0,0,133,464,0,133,0,0,0,0,0,0,0,0,0,0,0,0,0,0,0,464,0,0,464,0,0,0,0,0,0,0,0,0,0,0,0,1,1.32713265123532
Sherburne Village Police Department,2012-03-01,New York,1365,NY00827,0,0,0,0,1,0,1,0,0,0,0,0,0,0,0,0,0,0,1,0,0,1,0,0,0,0,0,0,0,1,0,0,0,0,0,0,0,0,0,0,0,0,0,0,0,0,0,0,0,0,0,0,0,0,33,0,33,33,0,0,0,0,0,0,0,33,0,0,33,0,0,0,0,0,0,0,0,0,33,0,0,0,0,0,0,0,0,0,0,0,0,1,1.32713265123532
Sherburne Village Police Department,2012-04-01,New York,1365,NY00827,0,0,0,0,0,0,0,0,0,0,0,0,0,0,0,0,0,0,0,0,0,0,0,0,0,0,0,0,0,0,0,0,0,0,0,0,0,0,0,0,0,0,0,0,0,0,0,0,0,0,0,0,0,0,0,0,0,0,0,0,0,0,0,0,0,0,0,0,0,0,0,0,0,0,0,0,0,0,0,0,0,0,0,0,0,0,0,0,0,0,0,1,1.32713265123532
Sherburne Village Police Department,2012-05-01,New York,1365,NY00827,1,0,0,0,0,0,1,0,0,0,0,0,0,0,0,0,0,0,0,0,0,0,0,0,0,0,0,0,0,0,0,0,0,0,0,0,956,0,0,0,0,956,0,0,0,0,0,0,0,0,0,0,0,0,0,0,0,956,0,0,0,0,0,0,0,0,0,0,0,956,0,0,0,0,0,0,0,0,956,0,0,0,0,0,0,0,0,0,0,0,0,1,1.32713265123532
Sherburne Village Police Department,2012-06-01,New York,1365,NY00827,0,0,0,0,0,0,0,0,0,0,0,0,0,0,0,0,0,0,0,0,0,0,0,0,0,0,0,0,0,0,0,0,0,0,0,0,0,0,0,0,0,0,0,0,0,0,0,0,0,0,0,0,0,0,0,0,0,0,0,0,0,0,0,0,0,0,0,0,0,0,0,0,0,0,0,0,0,0,0,0,0,0,0,0,0,0,0,0,0,0,0,1,1.32713265123532
Sherburne Village Police Department,2012-07-01,New York,1365,NY00827,0,0,0,0,0,0,0,0,0,0,0,0,0,0,0,0,0,0,2,0,0,2,0,0,0,0,0,0,0,0,2,0,0,0,0,0,0,0,0,0,0,0,0,0,0,0,0,0,0,0,0,0,0,0,38,0,38,38,0,0,0,0,0,0,0,0,38,0,0,36,0,0,0,0,0,3,0,0,38,0,0,0,0,0,0,0,0,3,0,0,3,1,1.32713265123532
Sherburne Village Police Department,2012-08-01,New York,1365,NY00827,0,0,0,0,0,0,0,0,0,0,0,0,0,0,0,0,0,0,0,0,0,0,0,0,0,0,0,0,0,0,0,0,0,0,0,0,0,0,0,0,0,0,0,0,0,0,0,0,0,0,0,0,0,0,0,0,0,0,0,0,0,0,0,0,0,0,0,0,0,0,0,0,0,0,0,0,0,0,0,0,0,0,0,0,0,0,0,0,0,0,0,1,1.32713265123532
Sherburne Village Police Department,2012-09-01,New York,1365,NY00827,0,0,0,0,0,0,0,0,0,0,0,0,0,0,0,0,0,0,0,2,0,2,0,2,0,0,0,0,0,0,0,0,0,0,0,0,0,0,0,0,0,0,0,0,0,0,0,0,0,0,0,0,0,199,0,0,199,199,0,199,0,0,0,0,0,0,0,0,0,0,0,0,0,0,0,199,0,0,199,0,0,0,0,0,0,0,0,199,0,0,199,1,1.32713265123532
Sherburne Village Police Department,2012-10-01,New York,1365,NY00827,1,0,0,0,0,0,1,0,0,0,0,0,0,0,0,0,0,0,0,0,0,0,0,0,0,0,0,0,0,0,0,0,0,0,0,0,332,0,0,0,0,332,0,0,0,0,0,0,0,0,0,0,0,0,0,0,0,332,0,0,0,0,0,0,0,0,0,0,0,0,0,0,0,0,0,0,0,332,332,0,0,0,0,0,0,0,0,0,0,332,332,1,1.32713265123532
Sherburne Village Police Department,2012-11-01,New York,1365,NY00827,0,0,0,0,0,0,0,0,0,0,0,0,0,0,0,0,0,0,0,0,0,0,0,0,0,0,0,0,0,0,0,0,0,0,0,0,0,0,0,0,0,0,0,0,0,0,0,0,0,0,0,0,0,0,0,0,0,0,0,0,0,0,0,0,0,0,0,0,0,0,0,0,0,0,0,0,0,0,0,0,0,0,0,0,0,0,0,0,0,0,0,1,1.32713265123532
Sherburne Village Police Department,2012-12-01,New York,1365,NY00827,0,0,0,0,0,0,0,0,0,0,0,0,0,0,0,0,0,0,0,0,0,0,0,0,0,0,0,0,0,0,0,0,0,0,0,0,0,0,0,0,0,0,0,0,0,0,0,0,0,0,0,0,0,0,0,0,0,0,0,0,0,0,0,0,0,0,0,0,0,0,0,0,0,0,0,0,0,0,0,0,0,0,0,0,0,0,0,0,0,0,0,1,1.32713265123532
Sherburne Village Police Department,2014-01-01,New York,1350,NY00827,1,0,0,0,0,0,1,0,0,0,0,0,0,0,0,0,0,0,3,0,0,3,0,0,0,0,0,0,0,3,0,0,0,0,0,0,32,0,0,0,0,32,0,0,0,0,0,0,0,0,0,0,0,64,0,0,64,97,0,0,0,0,0,0,0,64,0,0,64,0,0,0,0,0,0,32,0,0,97,0,64,0,0,0,0,0,0,32,0,0,97,1,1.28709350845562
Sherburne Village Police Department,2014-02-01,New York,1350,NY00827,0,0,0,0,0,0,0,0,0,0,0,0,0,0,0,0,0,0,0,0,0,0,0,0,0,0,0,0,0,0,0,0,0,0,0,0,0,0,0,0,0,0,0,0,0,0,0,0,0,0,0,0,0,0,0,0,0,0,0,0,0,0,0,0,0,0,0,0,0,0,0,0,0,0,0,0,0,0,0,0,0,0,0,0,0,0,0,0,0,0,0,1,1.28709350845562
Sherburne Village Police Department,2014-03-01,New York,1350,NY00827,0,0,0,0,0,0,0,0,0,0,0,0,0,0,0,0,0,0,0,0,0,0,0,0,0,0,0,0,0,0,0,0,0,0,0,0,0,0,0,0,0,0,0,0,0,0,0,0,0,0,0,0,0,0,0,0,0,0,0,0,0,0,0,0,0,0,0,0,0,0,0,0,0,0,0,0,0,0,0,0,0,0,0,0,0,0,0,0,0,0,0,1,1.28709350845562
Sherburne Village Police Department,2014-04-01,New York,1350,NY00827,0,0,0,0,0,0,0,0,0,0,0,0,0,0,0,0,0,0,1,0,0,1,0,0,0,0,0,0,0,0,1,0,0,0,0,0,0,0,0,0,0,0,0,0,0,0,0,0,0,0,0,0,0,32,0,0,32,32,0,0,0,0,0,0,0,0,32,0,0,0,0,0,0,0,0,32,0,0,32,0,0,0,0,0,0,0,0,32,0,0,32,1,1.28709350845562
Sherburne Village Police Department,2014-05-01,New York,1350,NY00827,0,0,0,0,0,0,0,0,0,0,0,0,0,0,0,0,0,0,0,0,0,0,0,0,0,0,0,0,0,0,0,0,0,0,0,0,0,0,0,0,0,0,0,0,0,0,0,0,0,0,0,0,0,0,0,0,0,0,0,0,0,0,0,0,0,0,0,0,0,0,0,0,0,0,0,0,0,0,0,0,0,0,0,0,0,0,0,0,0,0,0,1,1.28709350845562
Sherburne Village Police Department,2014-06-01,New York,1350,NY00827,0,0,0,0,0,0,0,0,0,0,0,0,0,0,0,0,0,0,0,0,1,1,0,0,0,0,1,0,0,0,0,0,0,0,0,0,0,0,0,0,0,0,0,0,0,0,0,0,0,0,0,0,0,0,0,644,644,644,0,0,0,0,644,0,0,0,0,0,0,644,0,0,0,0,0,0,0,0,644,0,0,644,0,0,0,0,0,0,0,0,644,1,1.28709350845562
Sherburne Village Police Department,2014-07-01,New York,1350,NY00827,0,0,0,0,0,0,0,0,0,0,0,0,0,0,0,0,0,0,0,1,0,1,0,1,0,0,0,0,0,0,0,0,0,0,0,0,0,0,0,0,0,0,0,0,0,0,0,0,0,0,0,0,0,0,129,0,129,129,0,129,0,0,0,0,0,0,0,0,0,0,0,0,0,0,0,129,0,0,129,0,0,0,0,0,0,0,0,0,0,0,0,1,1.28709350845562
Sherburne Village Police Department,2014-08-01,New York,1350,NY00827,0,0,0,0,0,0,0,0,0,0,0,0,0,0,0,0,0,0,0,0,0,0,0,0,0,0,0,0,0,0,0,0,0,0,0,0,0,0,0,0,0,0,0,0,0,0,0,0,0,0,0,0,0,0,0,0,0,0,0,0,0,0,0,0,0,0,0,0,0,0,0,0,0,0,0,0,0,0,0,0,0,0,0,0,0,0,0,0,0,0,0,1,1.28709350845562
Sherburne Village Police Department,2014-09-01,New York,1350,NY00827,0,0,0,0,0,0,0,0,0,0,0,0,0,0,0,0,0,0,0,0,0,0,0,0,0,0,0,0,0,0,0,0,0,0,0,0,0,0,0,0,0,0,0,0,0,0,0,0,0,0,0,0,0,0,0,0,0,0,0,0,0,0,0,0,0,0,0,0,0,0,0,0,0,0,0,0,0,0,0,0,0,0,0,0,0,0,0,0,0,0,0,1,1.28709350845562
Sherburne Village Police Department,2014-10-01,New York,1350,NY00827,0,0,0,0,0,0,0,0,0,0,0,0,0,0,0,0,0,0,1,0,0,1,0,1,0,0,0,0,0,0,0,0,0,0,0,0,0,0,0,0,0,0,0,0,0,0,0,0,0,0,0,0,0,64,0,0,64,64,0,64,0,0,0,0,0,0,0,0,0,0,0,0,0,0,0,64,0,0,64,0,0,0,0,0,0,0,0,0,0,0,0,1,1.28709350845562
Sherburne Village Police Department,2014-11-01,New York,1350,NY00827,0,0,0,0,0,0,0,0,0,0,0,0,0,0,0,0,0,0,2,0,0,2,0,0,0,0,0,0,0,0,2,0,0,0,0,0,0,0,0,0,0,0,0,0,0,0,0,0,0,0,0,0,0,84,0,0,84,84,0,0,0,0,0,0,0,0,84,0,0,0,0,0,0,0,0,84,0,0,84,0,0,0,0,0,0,0,0,0,0,0,0,1,1.28709350845562
Sherburne Village Police Department,2014-12-01,New York,1350,NY00827,0,0,0,0,0,0,0,0,0,0,0,0,0,0,0,0,0,0,0,1,0,1,0,0,0,0,0,0,0,0,1,0,0,0,0,0,0,0,0,0,0,0,0,0,0,0,0,0,0,0,0,0,0,0,71,0,71,71,0,0,0,0,0,0,0,0,71,0,0,71,0,0,0,0,0,0,0,0,71,0,0,0,0,0,0,0,0,0,0,0,0,1,1.28709350845562
Sherburne Village Police Department,2015-01-01,New York,1341,NY00827,0,0,0,0,0,0,0,0,0,0,0,0,0,0,0,0,0,0,0,0,0,0,0,0,0,0,0,0,0,0,0,0,0,0,0,0,0,0,0,0,0,0,0,0,0,0,0,0,0,0,0,0,0,0,0,0,0,0,0,0,0,0,0,0,0,0,0,0,0,0,0,0,0,0,0,0,0,0,0,0,0,0,0,0,0,0,0,0,0,0,0,1,1.28556847539769
Sherburne Village Police Department,2015-02-01,New York,1341,NY00827,0,0,0,0,0,0,0,0,0,0,0,0,0,0,0,0,0,0,0,0,0,0,0,0,0,0,0,0,0,0,0,0,0,0,0,0,0,0,0,0,0,0,0,0,0,0,0,0,0,0,0,0,0,0,0,0,0,0,0,0,0,0,0,0,0,0,0,0,0,0,0,0,0,0,0,0,0,0,0,0,0,0,0,0,0,0,0,0,0,0,0,1,1.28556847539769
Sherburne Village Police Department,2015-03-01,New York,1341,NY00827,0,0,0,0,0,0,0,0,0,0,0,0,0,0,0,0,0,0,1,0,0,1,0,0,0,0,0,0,0,0,1,0,0,0,0,0,0,0,0,0,0,0,0,0,0,0,0,0,0,0,0,0,0,13,0,0,13,13,0,0,0,0,0,0,0,0,13,0,0,0,0,0,0,0,0,13,0,0,13,0,0,0,0,0,0,0,0,0,0,0,0,1,1.28556847539769
Sherburne Village Police Department,2015-04-01,New York,1341,NY00827,0,0,0,0,0,0,0,0,0,0,0,0,0,0,0,0,0,0,0,0,0,0,0,0,0,0,0,0,0,0,0,0,0,0,0,0,0,0,0,0,0,0,0,0,0,0,0,0,0,0,0,0,0,0,0,0,0,0,0,0,0,0,0,0,0,0,0,0,0,0,0,0,0,0,0,0,0,0,0,0,0,0,0,0,0,0,0,0,0,0,0,1,1.28556847539769
Sherburne Village Police Department,2015-05-01,New York,1341,NY00827,0,0,0,0,0,0,0,0,0,0,0,0,0,0,0,0,0,0,0,0,0,0,0,0,0,0,0,0,0,0,0,0,0,0,0,0,0,0,0,0,0,0,0,0,0,0,0,0,0,0,0,0,0,0,0,0,0,0,0,0,0,0,0,0,0,0,0,0,0,0,0,0,0,0,0,0,0,0,0,0,0,0,0,0,0,0,0,0,0,0,0,1,1.28556847539769
Sherburne Village Police Department,2015-06-01,New York,1341,NY00827,0,0,0,0,0,0,0,0,0,0,0,0,0,0,0,0,0,0,0,0,0,0,0,0,0,0,0,0,0,0,0,0,0,0,0,0,0,0,0,0,0,0,0,0,0,0,0,0,0,0,0,0,0,0,0,0,0,0,0,0,0,0,0,0,0,0,0,0,0,0,0,0,0,0,0,0,0,0,0,0,0,0,0,0,0,0,0,0,0,0,0,1,1.28556847539769
Sherburne Village Police Department,2015-07-01,New York,1341,NY00827,0,0,0,0,0,0,0,0,0,0,0,0,0,0,0,0,0,0,0,0,0,0,0,0,0,0,0,0,0,0,0,0,0,0,0,0,0,0,0,0,0,0,0,0,0,0,0,0,0,0,0,0,0,0,0,0,0,0,0,0,0,0,0,0,0,0,0,0,0,0,0,0,0,0,0,0,0,0,0,0,0,0,0,0,0,0,0,0,0,0,0,1,1.28556847539769
Sherburne Village Police Department,2015-08-01,New York,1341,NY00827,0,0,0,0,0,0,0,0,0,0,0,0,0,0,0,0,0,0,1,0,0,1,0,0,0,0,0,0,0,1,0,0,0,0,0,0,0,0,0,0,0,0,0,0,0,0,0,0,0,0,0,0,0,26,0,0,26,26,0,0,0,0,0,0,0,26,0,0,26,0,0,0,0,0,0,0,0,0,26,0,26,0,0,0,0,0,0,0,0,0,26,1,1.28556847539769
Sherburne Village Police Department,2015-09-01,New York,1341,NY00827,0,0,0,0,0,0,0,0,0,0,0,0,0,0,0,0,0,0,0,0,0,0,0,0,0,0,0,0,0,0,0,0,0,0,0,0,0,0,0,0,0,0,0,0,0,0,0,0,0,0,0,0,0,0,0,0,0,0,0,0,0,0,0,0,0,0,0,0,0,0,0,0,0,0,0,0,0,0,0,0,0,0,0,0,0,0,0,0,0,0,0,1,1.28556847539769
Sherburne Village Police Department,2015-10-01,New York,1341,NY00827,0,0,0,0,0,0,0,0,0,0,0,0,0,0,0,0,0,0,0,0,0,0,0,0,0,0,0,0,0,0,0,0,0,0,0,0,0,0,0,0,0,0,0,0,0,0,0,0,0,0,0,0,0,0,0,0,0,0,0,0,0,0,0,0,0,0,0,0,0,0,0,0,0,0,0,0,0,0,0,0,0,0,0,0,0,0,0,0,0,0,0,1,1.28556847539769
Sherburne Village Police Department,2015-11-01,New York,1341,NY00827,0,0,0,0,0,0,0,0,0,0,0,0,0,0,0,0,0,0,0,1,0,1,0,1,0,0,0,0,0,0,0,0,0,0,0,0,0,0,0,0,0,0,0,0,0,0,0,0,0,0,0,0,0,0,96,0,96,96,0,96,0,0,0,0,0,0,0,0,0,0,0,0,0,0,0,96,0,0,96,0,0,0,0,0,0,0,0,0,0,0,0,1,1.28556847539769
Sherburne Village Police Department,2015-12-01,New York,1341,NY00827,0,0,0,0,0,0,0,0,0,0,0,0,0,0,0,0,0,0,0,0,0,0,0,0,0,0,0,0,0,0,0,0,0,0,0,0,0,0,0,0,0,0,0,0,0,0,0,0,0,0,0,0,0,0,0,0,0,0,0,0,0,0,0,0,0,0,0,0,0,0,0,0,0,0,0,0,0,0,0,0,0,0,0,0,0,0,0,0,0,0,0,1,1.28556847539769
Sherburne Village Police Department,2016-01-01,New York,1326,NY00827,0,0,0,0,0,0,0,0,0,0,0,0,0,0,0,0,0,0,0,1,0,1,0,0,0,0,1,0,0,0,0,0,0,0,0,0,0,0,0,0,0,0,0,0,0,0,0,0,0,0,0,0,0,0,127,0,127,127,0,0,0,0,127,0,0,0,0,0,0,127,0,0,0,0,0,0,0,0,127,0,0,127,0,0,0,0,0,0,0,0,127,1,1.26955202032162
Sherburne Village Police Department,2016-02-01,New York,1326,NY00827,0,0,0,0,0,0,0,0,0,0,0,0,0,0,0,0,0,0,3,0,0,3,0,0,0,0,0,0,0,3,0,0,0,0,0,0,0,0,0,0,0,0,0,0,0,0,0,0,0,0,0,0,0,32,0,0,32,32,0,0,0,0,0,0,0,32,0,0,32,0,0,0,0,0,0,0,0,0,32,0,32,0,0,0,0,0,0,0,0,0,32,1,1.26955202032162
Sherburne Village Police Department,2016-03-01,New York,1326,NY00827,0,0,0,0,0,0,0,0,0,0,0,0,0,0,0,0,0,0,6,0,0,6,0,0,0,6,0,0,0,0,0,0,0,0,0,0,0,0,0,0,0,0,0,0,0,0,0,0,0,0,0,0,0,57,0,0,57,57,0,0,0,57,0,0,0,0,0,0,0,57,0,0,0,0,0,0,0,0,57,0,0,57,0,0,0,0,0,0,0,0,57,1,1.26955202032162
Sherburne Village Police Department,2016-04-01,New York,1326,NY00827,0,1,0,0,0,0,1,0,0,0,0,0,0,0,0,0,0,0,0,0,0,0,0,0,0,0,0,0,0,0,0,0,0,0,0,25,0,0,0,0,0,25,0,0,0,0,0,0,0,0,0,0,0,0,0,0,0,25,0,0,0,0,0,0,0,0,0,0,0,25,0,0,0,0,0,0,0,0,25,0,0,0,0,0,0,0,0,0,0,0,0,1,1.26955202032162
Sherburne Village Police Department,2016-05-01,New York,1326,NY00827,0,0,0,0,0,0,0,0,0,0,0,0,0,0,0,0,0,0,1,0,0,1,0,0,0,0,0,0,0,0,1,0,0,0,0,0,0,0,0,0,0,0,0,0,0,0,0,0,0,0,0,0,0,25,0,0,25,25,0,0,0,0,0,0,0,0,25,0,0,0,0,0,0,0,0,25,0,0,25,0,0,0,0,0,0,0,0,25,0,0,25,1,1.26955202032162
Sherburne Village Police Department,2016-06-01,New York,1326,NY00827,0,0,0,0,0,0,0,0,0,0,0,0,0,0,0,0,0,0,0,2,0,2,0,0,0,0,1,0,0,0,1,0,0,0,0,0,0,0,0,0,0,0,0,0,0,0,0,0,0,0,0,0,0,0,222,0,222,222,0,0,0,0,0,0,0,0,222,0,0,0,0,0,0,0,0,57,0,165,222,0,0,0,0,0,0,0,0,0,0,165,165,1,1.26955202032162
Sherburne Village Police Department,2016-07-01,New York,1326,NY00827,0,0,0,0,0,0,0,0,0,0,0,0,0,0,0,0,0,0,3,0,0,3,0,0,0,0,0,0,0,0,3,0,0,0,0,0,0,0,0,0,0,0,0,0,0,0,0,0,0,0,0,0,0,107,0,0,107,107,0,0,0,0,0,0,0,0,107,0,0,107,0,0,0,0,0,0,0,0,107,0,0,81,0,0,0,0,0,0,0,0,81,1,1.26955202032162
Sherburne Village Police Department,2016-08-01,New York,1326,NY00827,0,0,0,0,0,0,0,0,0,0,0,0,0,0,0,0,0,0,0,0,0,0,0,0,0,0,0,0,0,0,0,0,0,0,0,0,0,0,0,0,0,0,0,0,0,0,0,0,0,0,0,0,0,0,0,0,0,0,0,0,0,0,0,0,0,0,0,0,0,0,0,0,0,0,0,0,0,0,0,0,0,0,0,0,0,0,0,0,0,0,0,1,1.26955202032162
Sherburne Village Police Department,2016-09-01,New York,1326,NY00827,0,0,0,0,0,0,0,0,0,0,0,0,0,0,0,0,0,0,1,1,0,2,0,1,0,0,0,0,0,1,0,0,0,0,0,0,0,0,0,0,0,0,0,0,0,0,0,0,0,0,0,0,0,4,127,0,131,131,0,127,0,0,0,0,0,4,0,0,4,0,0,0,0,0,0,127,0,0,131,0,0,0,0,0,0,0,0,127,0,0,127,1,1.26955202032162
Sherburne Village Police Department,2016-10-01,New York,1326,NY00827,0,0,0,0,0,0,0,0,0,0,0,0,0,0,0,0,0,0,0,0,0,0,0,0,0,0,0,0,0,0,0,0,0,0,0,0,0,0,0,0,0,0,0,0,0,0,0,0,0,0,0,0,0,0,0,0,0,0,0,0,0,0,0,0,0,0,0,0,0,0,0,0,0,0,0,0,0,0,0,0,0,0,0,0,0,0,0,0,0,0,0,1,1.26955202032162
Sherburne Village Police Department,2016-11-01,New York,1326,NY00827,0,0,0,0,0,0,0,0,0,0,0,0,0,0,0,0,0,0,0,0,0,0,0,0,0,0,0,0,0,0,0,0,0,0,0,0,0,0,0,0,0,0,0,0,0,0,0,0,0,0,0,0,0,0,0,0,0,0,0,0,0,0,0,0,0,0,0,0,0,0,0,0,0,0,0,0,0,0,0,0,0,0,0,0,0,0,0,0,0,0,0,1,1.26955202032162
Sherburne Village Police Department,2016-12-01,New York,1326,NY00827,2,0,0,0,0,0,2,0,0,0,0,0,0,0,0,0,0,0,0,0,0,0,0,0,0,0,0,0,0,0,0,0,0,0,0,0,0,0,0,0,0,0,0,0,0,0,0,0,0,0,0,0,0,0,0,0,0,0,0,0,0,0,0,0,0,0,0,0,0,0,0,0,0,0,0,0,0,0,0,0,0,0,0,0,0,0,0,0,0,0,0,1,1.26955202032162
Sherburne Village Police Department,1975-01-01,New York,1607,NY00827,0,0,0,0,0,0,0,0,0,0,0,0,0,0,0,0,0,0,0,0,0,0,0,0,0,0,0,0,0,0,0,0,0,0,0,0,0,0,0,0,0,0,0,0,0,0,0,0,0,0,0,0,0,0,0,0,0,0,0,0,0,0,0,0,0,0,0,0,0,0,0,0,0,0,0,0,0,0,0,0,0,0,0,0,0,0,0,0,0,0,0,1,5.66184422421803
Sherburne Village Police Department,1975-02-01,New York,1607,NY00827,0,0,0,0,0,0,0,0,0,0,0,0,0,0,0,0,0,0,0,0,0,0,0,0,0,0,0,0,0,0,0,0,0,0,0,0,0,0,0,0,0,0,0,0,0,0,0,0,0,0,0,0,0,0,0,0,0,0,0,0,0,0,0,0,0,0,0,0,0,0,0,0,0,0,0,0,0,0,0,0,0,0,0,0,0,0,0,0,0,0,0,1,5.66184422421803
Sherburne Village Police Department,1975-03-01,New York,1607,NY00827,0,0,0,0,0,0,0,0,0,0,0,0,0,0,0,0,0,0,0,0,0,0,0,0,0,0,0,0,0,0,0,0,0,0,0,0,0,0,0,0,0,0,0,0,0,0,0,0,0,0,0,0,0,0,0,0,0,0,0,0,0,0,0,0,0,0,0,0,0,0,0,0,0,0,0,0,0,0,0,0,0,0,0,0,0,0,0,0,0,0,0,1,5.66184422421803
Sherburne Village Police Department,1975-04-01,New York,1607,NY00827,0,0,0,0,0,0,0,0,0,0,0,0,0,0,0,0,0,0,0,0,0,0,0,0,0,0,0,0,0,0,0,0,0,0,0,0,0,0,0,0,0,0,0,0,0,0,0,0,0,0,0,0,0,0,0,0,0,0,0,0,0,0,0,0,0,0,0,0,0,0,0,0,0,0,0,0,0,0,0,0,0,0,0,0,0,0,0,0,0,0,0,1,5.66184422421803
Sherburne Village Police Department,1975-05-01,New York,1607,NY00827,0,0,0,0,0,0,0,0,0,0,0,0,0,0,0,0,0,0,0,0,0,0,0,0,0,0,0,0,0,0,0,0,0,0,0,0,0,0,0,0,0,0,0,0,0,0,0,0,0,0,0,0,0,0,0,0,0,0,0,0,0,0,0,0,0,0,0,0,0,0,0,0,0,0,0,0,0,0,0,0,0,0,0,0,0,0,0,0,0,0,0,1,5.66184422421803
Sherburne Village Police Department,1975-06-01,New York,1607,NY00827,0,0,0,0,0,0,0,0,0,0,0,0,0,0,0,0,0,0,0,0,0,0,0,0,0,0,0,0,0,0,0,0,0,0,0,0,0,0,0,0,0,0,0,0,0,0,0,0,0,0,0,0,0,0,0,0,0,0,0,0,0,0,0,0,0,0,0,0,0,0,0,0,0,0,0,0,0,0,0,0,0,0,0,0,0,0,0,0,0,0,0,1,5.66184422421803
Sherburne Village Police Department,1975-07-01,New York,1607,NY00827,0,0,0,0,0,0,0,0,0,0,0,0,0,0,0,0,0,0,0,0,0,0,0,0,0,0,0,0,0,0,0,0,0,0,0,0,0,0,0,0,0,0,0,0,0,0,0,0,0,0,0,0,0,0,0,0,0,0,0,0,0,0,0,0,0,0,0,0,0,0,0,0,0,0,0,0,0,0,0,0,0,0,0,0,0,0,0,0,0,0,0,1,5.66184422421803
Sherburne Village Police Department,1975-08-01,New York,1607,NY00827,0,0,0,0,0,0,0,0,0,0,0,0,0,0,0,0,0,0,0,0,0,0,0,0,0,0,0,0,0,0,0,0,0,0,0,0,0,0,0,0,0,0,0,0,0,0,0,0,0,0,0,0,0,0,0,0,0,0,0,0,0,0,0,0,0,0,0,0,0,0,0,0,0,0,0,0,0,0,0,0,0,0,0,0,0,0,0,0,0,0,0,1,5.66184422421803
Sherburne Village Police Department,1975-09-01,New York,1607,NY00827,0,0,0,0,0,0,0,0,0,0,0,0,0,0,0,0,0,0,0,0,0,0,0,0,0,0,0,0,0,0,0,0,0,0,0,0,0,0,0,0,0,0,0,0,0,0,0,0,0,0,0,0,0,0,0,0,0,0,0,0,0,0,0,0,0,0,0,0,0,0,0,0,0,0,0,0,0,0,0,0,0,0,0,0,0,0,0,0,0,0,0,1,5.66184422421803
Sherburne Village Police Department,1975-10-01,New York,1607,NY00827,0,0,0,0,0,0,0,0,0,0,0,0,0,0,0,0,0,0,0,0,0,0,0,0,0,0,0,0,0,0,0,0,0,0,0,0,0,0,0,0,0,0,0,0,0,0,0,0,0,0,0,0,0,0,0,0,0,0,0,0,0,0,0,0,0,0,0,0,0,0,0,0,0,0,0,0,0,0,0,0,0,0,0,0,0,0,0,0,0,0,0,1,5.66184422421803
Sherburne Village Police Department,1975-11-01,New York,1607,NY00827,0,0,0,0,0,0,0,0,0,0,0,0,0,0,0,0,0,0,0,0,0,0,0,0,0,0,0,0,0,0,0,0,0,0,0,0,0,0,0,0,0,0,0,0,0,0,0,0,0,0,0,0,0,0,0,0,0,0,0,0,0,0,0,0,0,0,0,0,0,0,0,0,0,0,0,0,0,0,0,0,0,0,0,0,0,0,0,0,0,0,0,1,5.66184422421803
Sherburne Village Police Department,1975-12-01,New York,1607,NY00827,0,0,0,0,0,0,0,0,0,0,0,0,0,0,0,0,0,0,0,0,0,0,0,0,0,0,0,0,0,0,0,0,0,0,0,0,0,0,0,0,0,0,0,0,0,0,0,0,0,0,0,0,0,0,0,0,0,0,0,0,0,0,0,0,0,0,0,0,0,0,0,0,0,0,0,0,0,0,0,0,0,0,0,0,0,0,0,0,0,0,0,1,5.66184422421803
Sherburne Village Police Department,1976-01-01,New York,1608,NY00827,0,0,0,0,0,0,0,0,0,0,0,0,0,0,0,0,0,0,0,0,0,0,0,0,0,0,0,0,0,0,0,0,0,0,0,0,0,0,0,0,0,0,0,0,0,0,0,0,0,0,0,0,0,0,0,0,0,0,0,0,0,0,0,0,0,0,0,0,0,0,0,0,0,0,0,0,0,0,0,0,0,0,0,0,0,0,0,0,0,0,0,1,5.35425245277493
Sherburne Village Police Department,1976-02-01,New York,1608,NY00827,0,0,0,0,0,0,0,0,0,0,0,0,0,0,0,0,0,0,0,0,0,0,0,0,0,0,0,0,0,0,0,0,0,0,0,0,0,0,0,0,0,0,0,0,0,0,0,0,0,0,0,0,0,0,0,0,0,0,0,0,0,0,0,0,0,0,0,0,0,0,0,0,0,0,0,0,0,0,0,0,0,0,0,0,0,0,0,0,0,0,0,1,5.35425245277493
Sherburne Village Police Department,1976-03-01,New York,1608,NY00827,0,0,0,0,1,0,1,0,0,0,0,0,0,0,0,0,0,0,1,0,0,1,0,0,0,0,1,0,0,0,0,0,0,0,0,0,0,0,241,0,0,241,0,0,0,0,0,0,0,0,0,0,0,134,0,0,134,375,0,0,0,0,134,0,0,0,0,0,134,241,0,0,0,0,0,0,0,0,375,0,0,241,0,0,0,0,0,0,0,0,241,1,5.35425245277493
Sherburne Village Police Department,1976-04-01,New York,1608,NY00827,0,0,1,0,0,0,1,0,0,0,0,0,0,0,0,0,0,0,0,0,0,0,0,0,0,0,0,0,0,0,0,0,0,0,0,0,0,241,0,0,0,241,0,0,0,0,0,0,0,0,0,0,0,0,0,0,0,241,0,0,0,0,0,0,0,0,0,241,0,0,0,0,0,0,0,0,0,0,241,0,0,0,0,0,0,0,0,0,0,0,0,1,5.35425245277493
Sherburne Village Police Department,1976-05-01,New York,1608,NY00827,0,0,0,0,2,0,2,0,0,0,0,0,0,0,0,0,0,0,0,0,0,0,0,0,0,0,0,0,0,0,0,0,0,0,0,0,0,0,273,0,0,273,0,0,0,0,0,0,0,0,0,0,0,0,0,0,0,273,0,0,0,0,0,0,0,0,0,54,107,59,0,0,0,0,0,54,0,0,273,0,0,0,0,0,0,0,0,0,0,0,0,1,5.35425245277493
Sherburne Village Police Department,1976-06-01,New York,1608,NY00827,0,2,0,0,0,0,2,0,0,0,0,0,0,0,0,0,0,0,0,1,0,1,0,0,0,0,0,0,0,0,1,0,0,0,0,857,0,0,0,0,0,857,0,0,0,0,0,0,0,0,0,0,0,0,428,0,428,1285,0,0,0,0,0,0,0,0,428,0,0,0,0,0,0,0,0,482,0,803,1285,0,0,0,0,0,0,0,0,375,0,0,375,1,5.35425245277493
Sherburne Village Police Department,1976-07-01,New York,1608,NY00827,0,0,0,0,0,0,0,0,0,0,0,0,0,0,0,0,0,0,0,1,0,1,0,0,1,0,0,0,0,0,0,0,0,0,0,0,0,0,0,0,0,0,0,0,0,0,0,0,0,0,0,0,0,0,782,0,782,782,0,0,782,0,0,0,0,0,0,0,0,782,0,0,0,0,0,0,0,0,782,0,0,0,0,0,0,0,0,0,0,0,0,1,5.35425245277493
Sherburne Village Police Department,1976-08-01,New York,1608,NY00827,0,0,0,0,0,0,0,0,0,0,0,0,0,0,0,0,0,0,0,0,0,0,0,0,0,0,0,0,0,0,0,0,0,0,0,0,0,0,0,0,0,0,0,0,0,0,0,0,0,0,0,0,0,0,0,0,0,0,0,0,0,0,0,0,0,0,0,0,0,0,0,0,0,0,0,0,0,0,0,0,0,0,0,0,0,0,0,0,0,0,0,1,5.35425245277493
Sherburne Village Police Department,1976-09-01,New York,1608,NY00827,0,0,0,0,0,0,0,0,0,0,0,0,0,0,0,0,0,0,0,0,0,0,0,0,0,0,0,0,0,0,0,0,0,0,0,0,0,0,0,0,0,0,0,0,0,0,0,0,0,0,0,0,0,0,0,0,0,0,0,0,0,0,0,0,0,0,0,0,0,0,0,0,0,0,0,0,0,0,0,0,0,0,0,0,0,0,0,0,0,0,0,1,5.35425245277493
Sherburne Village Police Department,1976-10-01,New York,1608,NY00827,0,0,0,0,1,0,1,0,0,0,0,0,0,0,0,0,0,0,1,0,0,1,0,0,0,0,0,0,0,1,0,0,0,0,0,0,0,0,1205,0,0,1205,0,0,0,0,0,0,0,0,0,0,0,134,0,0,134,1339,0,0,0,0,0,0,0,134,0,0,134,803,0,0,0,0,0,402,0,0,1339,0,134,803,0,0,0,0,0,402,0,0,1339,1,5.35425245277493
Sherburne Village Police Department,1976-11-01,New York,1608,NY00827,0,0,0,0,1,0,1,0,0,0,0,0,0,0,0,0,0,0,0,0,0,0,0,0,0,0,0,0,0,0,0,0,0,0,0,0,0,0,402,0,0,402,0,0,0,0,0,0,0,0,0,0,0,0,0,0,0,402,0,0,0,0,0,0,0,0,0,0,402,0,0,0,0,0,0,0,0,0,402,0,402,0,0,0,0,0,0,0,0,0,402,1,5.35425245277493
Sherburne Village Police Department,1976-12-01,New York,1608,NY00827,0,0,0,0,0,0,0,0,0,0,0,0,0,0,0,0,0,0,0,0,0,0,0,0,0,0,0,0,0,0,0,0,0,0,0,0,0,0,0,0,0,0,0,0,0,0,0,0,0,0,0,0,0,0,0,0,0,0,0,0,0,0,0,0,0,0,0,0,0,0,0,0,0,0,0,0,0,0,0,0,0,0,0,0,0,0,0,0,0,0,0,1,5.35425245277493
Sherburne Village Police Department,1977-01-01,New York,1647,NY00827,0,0,0,0,0,0,0,0,0,0,0,0,0,0,0,0,0,0,0,0,0,0,0,0,0,0,0,0,0,0,0,0,0,0,0,0,0,0,0,0,0,0,0,0,0,0,0,0,0,0,0,0,0,0,0,0,0,0,0,0,0,0,0,0,0,0,0,0,0,0,0,0,0,0,0,0,0,0,0,0,0,0,0,0,0,0,0,0,0,0,0,1,5.02738759796508
Sherburne Village Police Department,1977-02-01,New York,1647,NY00827,0,0,0,0,0,0,0,0,0,0,0,0,0,0,0,0,0,0,0,0,0,0,0,0,0,0,0,0,0,0,0,0,0,0,0,0,0,0,0,0,0,0,0,0,0,0,0,0,0,0,0,0,0,0,0,0,0,0,0,0,0,0,0,0,0,0,0,0,0,0,0,0,0,0,0,0,0,0,0,0,0,0,0,0,0,0,0,0,0,0,0,1,5.02738759796508
Sherburne Village Police Department,1977-03-01,New York,1647,NY00827,0,0,0,0,0,0,0,0,0,0,0,0,0,0,0,0,0,0,0,0,0,0,0,0,0,0,0,0,0,0,0,0,0,0,0,0,0,0,0,0,0,0,0,0,0,0,0,0,0,0,0,0,0,0,0,0,0,0,0,0,0,0,0,0,0,0,0,0,0,0,0,0,0,0,0,0,0,0,0,0,0,0,0,0,0,0,0,0,0,0,0,1,5.02738759796508
Sherburne Village Police Department,1977-04-01,New York,1647,NY00827,0,0,0,0,0,0,0,0,0,0,0,0,0,0,0,0,0,0,0,0,0,0,0,0,0,0,0,0,0,0,0,0,0,0,0,0,0,0,0,0,0,0,0,0,0,0,0,0,0,0,0,0,0,0,0,0,0,0,0,0,0,0,0,0,0,0,0,0,0,0,0,0,0,0,0,0,0,0,0,0,0,0,0,0,0,0,0,0,0,0,0,1,5.02738759796508
Sherburne Village Police Department,1977-05-01,New York,1647,NY00827,0,0,0,0,0,0,0,0,0,0,0,0,0,0,0,0,0,0,0,0,0,0,0,0,0,0,0,0,0,0,0,0,0,0,0,0,0,0,0,0,0,0,0,0,0,0,0,0,0,0,0,0,0,0,0,0,0,0,0,0,0,0,0,0,0,0,0,0,0,0,0,0,0,0,0,0,0,0,0,0,0,0,0,0,0,0,0,0,0,0,0,1,5.02738759796508
Sherburne Village Police Department,1977-06-01,New York,1647,NY00827,0,0,0,0,0,0,0,0,0,0,0,0,0,0,0,0,0,0,0,0,0,0,0,0,0,0,0,0,0,0,0,0,0,0,0,0,0,0,0,0,0,0,0,0,0,0,0,0,0,0,0,0,0,0,0,0,0,0,0,0,0,0,0,0,0,0,0,0,0,0,0,0,0,0,0,0,0,0,0,0,0,0,0,0,0,0,0,0,0,0,0,1,5.02738759796508
Sherburne Village Police Department,1977-07-01,New York,1647,NY00827,0,0,0,0,0,0,0,0,0,0,0,0,0,0,0,0,0,0,0,0,0,0,0,0,0,0,0,0,0,0,0,0,0,0,0,0,0,0,0,0,0,0,0,0,0,0,0,0,0,0,0,0,0,0,0,0,0,0,0,0,0,0,0,0,0,0,0,0,0,0,0,0,0,0,0,0,0,0,0,0,0,0,0,0,0,0,0,0,0,0,0,1,5.02738759796508
Sherburne Village Police Department,1977-08-01,New York,1647,NY00827,0,0,0,0,0,0,0,0,0,0,0,0,0,0,0,0,0,0,0,0,0,0,0,0,0,0,0,0,0,0,0,0,0,0,0,0,0,0,0,0,0,0,0,0,0,0,0,0,0,0,0,0,0,0,0,0,0,0,0,0,0,0,0,0,0,0,0,0,0,0,0,0,0,0,0,0,0,0,0,0,0,0,0,0,0,0,0,0,0,0,0,1,5.02738759796508
Sherburne Village Police Department,1977-09-01,New York,1647,NY00827,0,0,0,0,0,0,0,0,0,0,0,0,0,0,0,0,0,0,0,0,0,0,0,0,0,0,0,0,0,0,0,0,0,0,0,0,0,0,0,0,0,0,0,0,0,0,0,0,0,0,0,0,0,0,0,0,0,0,0,0,0,0,0,0,0,0,0,0,0,0,0,0,0,0,0,0,0,0,0,0,0,0,0,0,0,0,0,0,0,0,0,1,5.02738759796508
Sherburne Village Police Department,1977-10-01,New York,1647,NY00827,0,0,0,0,0,0,0,0,0,0,0,0,0,0,0,0,0,0,0,0,0,0,0,0,0,0,0,0,0,0,0,0,0,0,0,0,0,0,0,0,0,0,0,0,0,0,0,0,0,0,0,0,0,0,0,0,0,0,0,0,0,0,0,0,0,0,0,0,0,0,0,0,0,0,0,0,0,0,0,0,0,0,0,0,0,0,0,0,0,0,0,1,5.02738759796508
Sherburne Village Police Department,1977-11-01,New York,1647,NY00827,0,0,0,0,0,0,0,0,0,0,0,0,0,0,0,0,0,0,0,0,0,0,0,0,0,0,0,0,0,0,0,0,0,0,0,0,0,0,0,0,0,0,0,0,0,0,0,0,0,0,0,0,0,0,0,0,0,0,0,0,0,0,0,0,0,0,0,0,0,0,0,0,0,0,0,0,0,0,0,0,0,0,0,0,0,0,0,0,0,0,0,1,5.02738759796508
Sherburne Village Police Department,1977-12-01,New York,1647,NY00827,0,0,0,0,0,0,0,0,0,0,0,0,0,0,0,0,0,0,0,0,0,0,0,0,0,0,0,0,0,0,0,0,0,0,0,0,0,0,0,0,0,0,0,0,0,0,0,0,0,0,0,0,0,0,0,0,0,0,0,0,0,0,0,0,0,0,0,0,0,0,0,0,0,0,0,0,0,0,0,0,0,0,0,0,0,0,0,0,0,0,0,1,5.02738759796508
Sherburne Village Police Department,1978-01-01,New York,1479,NY00827,0,0,0,0,0,0,0,0,0,0,0,0,0,0,0,0,0,0,0,0,0,0,0,0,0,0,0,0,0,0,0,0,0,0,0,0,0,0,0,0,0,0,0,0,0,0,0,0,0,0,0,0,0,0,0,0,0,0,0,0,0,0,0,0,0,0,0,0,0,0,0,0,0,0,0,0,0,0,0,0,0,0,0,0,0,0,0,0,0,0,0,1,4.67094915687277
Sherburne Village Police Department,1978-02-01,New York,1479,NY00827,0,0,0,0,0,0,0,0,0,0,0,0,0,0,0,0,0,0,0,0,0,0,0,0,0,0,0,0,0,0,0,0,0,0,0,0,0,0,0,0,0,0,0,0,0,0,0,0,0,0,0,0,0,0,0,0,0,0,0,0,0,0,0,0,0,0,0,0,0,0,0,0,0,0,0,0,0,0,0,0,0,0,0,0,0,0,0,0,0,0,0,1,4.67094915687277
Sherburne Village Police Department,1978-03-01,New York,1479,NY00827,0,0,0,0,0,0,0,0,0,0,0,0,0,0,0,0,0,0,0,0,0,0,0,0,0,0,0,0,0,0,0,0,0,0,0,0,0,0,0,0,0,0,0,0,0,0,0,0,0,0,0,0,0,0,0,0,0,0,0,0,0,0,0,0,0,0,0,0,0,0,0,0,0,0,0,0,0,0,0,0,0,0,0,0,0,0,0,0,0,0,0,1,4.67094915687277
Sherburne Village Police Department,1978-04-01,New York,1479,NY00827,0,0,0,0,0,0,0,0,0,0,0,0,0,0,0,0,0,0,0,0,0,0,0,0,0,0,0,0,0,0,0,0,0,0,0,0,0,0,0,0,0,0,0,0,0,0,0,0,0,0,0,0,0,0,0,0,0,0,0,0,0,0,0,0,0,0,0,0,0,0,0,0,0,0,0,0,0,0,0,0,0,0,0,0,0,0,0,0,0,0,0,1,4.67094915687277
Sherburne Village Police Department,1978-05-01,New York,1479,NY00827,0,0,0,0,0,0,0,0,0,0,0,0,0,0,0,0,0,0,0,0,0,0,0,0,0,0,0,0,0,0,0,0,0,0,0,0,0,0,0,0,0,0,0,0,0,0,0,0,0,0,0,0,0,0,0,0,0,0,0,0,0,0,0,0,0,0,0,0,0,0,0,0,0,0,0,0,0,0,0,0,0,0,0,0,0,0,0,0,0,0,0,1,4.67094915687277
Sherburne Village Police Department,1978-06-01,New York,1479,NY00827,0,0,0,0,0,0,0,0,0,0,0,0,0,0,0,0,0,0,0,0,0,0,0,0,0,0,0,0,0,0,0,0,0,0,0,0,0,0,0,0,0,0,0,0,0,0,0,0,0,0,0,0,0,0,0,0,0,0,0,0,0,0,0,0,0,0,0,0,0,0,0,0,0,0,0,0,0,0,0,0,0,0,0,0,0,0,0,0,0,0,0,1,4.67094915687277
Sherburne Village Police Department,1978-07-01,New York,1479,NY00827,0,0,0,0,0,0,0,0,0,0,0,0,0,0,0,0,0,0,0,0,0,0,0,0,0,0,0,0,0,0,0,0,0,0,0,0,0,0,0,0,0,0,0,0,0,0,0,0,0,0,0,0,0,0,0,0,0,0,0,0,0,0,0,0,0,0,0,0,0,0,0,0,0,0,0,0,0,0,0,0,0,0,0,0,0,0,0,0,0,0,0,1,4.67094915687277
Sherburne Village Police Department,1978-08-01,New York,1479,NY00827,0,0,0,0,0,0,0,0,0,0,0,0,0,0,0,0,0,0,0,0,0,0,0,0,0,0,0,0,0,0,0,0,0,0,0,0,0,0,0,0,0,0,0,0,0,0,0,0,0,0,0,0,0,0,0,0,0,0,0,0,0,0,0,0,0,0,0,0,0,0,0,0,0,0,0,0,0,0,0,0,0,0,0,0,0,0,0,0,0,0,0,1,4.67094915687277
Sherburne Village Police Department,1978-09-01,New York,1479,NY00827,0,0,0,0,0,0,0,0,0,0,0,0,0,0,0,0,0,0,0,0,0,0,0,0,0,0,0,0,0,0,0,0,0,0,0,0,0,0,0,0,0,0,0,0,0,0,0,0,0,0,0,0,0,0,0,0,0,0,0,0,0,0,0,0,0,0,0,0,0,0,0,0,0,0,0,0,0,0,0,0,0,0,0,0,0,0,0,0,0,0,0,1,4.67094915687277
Sherburne Village Police Department,1978-10-01,New York,1479,NY00827,0,0,0,0,0,0,0,0,0,0,0,0,0,0,0,0,0,0,0,0,0,0,0,0,0,0,0,0,0,0,0,0,0,0,0,0,0,0,0,0,0,0,0,0,0,0,0,0,0,0,0,0,0,0,0,0,0,0,0,0,0,0,0,0,0,0,0,0,0,0,0,0,0,0,0,0,0,0,0,0,0,0,0,0,0,0,0,0,0,0,0,1,4.67094915687277
Sherburne Village Police Department,1978-11-01,New York,1479,NY00827,0,0,0,0,0,0,0,0,0,0,0,0,0,0,0,0,0,0,0,0,0,0,0,0,0,0,0,0,0,0,0,0,0,0,0,0,0,0,0,0,0,0,0,0,0,0,0,0,0,0,0,0,0,0,0,0,0,0,0,0,0,0,0,0,0,0,0,0,0,0,0,0,0,0,0,0,0,0,0,0,0,0,0,0,0,0,0,0,0,0,0,1,4.67094915687277
Sherburne Village Police Department,1978-12-01,New York,1479,NY00827,0,0,0,0,0,0,0,0,0,0,0,0,0,0,0,0,0,0,0,0,0,0,0,0,0,0,0,0,0,0,0,0,0,0,0,0,0,0,0,0,0,0,0,0,0,0,0,0,0,0,0,0,0,0,0,0,0,0,0,0,0,0,0,0,0,0,0,0,0,0,0,0,0,0,0,0,0,0,0,0,0,0,0,0,0,0,0,0,0,0,0,1,4.67094915687277
Sherburne Village Police Department,1979-01-01,New York,1499,NY00827,0,0,0,0,0,0,0,0,0,0,0,0,0,0,0,0,0,0,0,0,0,0,0,0,0,0,0,0,0,0,0,0,0,0,0,0,0,0,0,0,0,0,0,0,0,0,0,0,0,0,0,0,0,0,0,0,0,0,0,0,0,0,0,0,0,0,0,0,0,0,0,0,0,0,0,0,0,0,0,0,0,0,0,0,0,0,0,0,0,0,0,1,4.19843724882306
Sherburne Village Police Department,1979-02-01,New York,1499,NY00827,0,0,0,0,0,0,0,0,0,0,0,0,0,0,0,0,0,0,0,0,0,0,0,0,0,0,0,0,0,0,0,0,0,0,0,0,0,0,0,0,0,0,0,0,0,0,0,0,0,0,0,0,0,0,0,0,0,0,0,0,0,0,0,0,0,0,0,0,0,0,0,0,0,0,0,0,0,0,0,0,0,0,0,0,0,0,0,0,0,0,0,1,4.19843724882306
Sherburne Village Police Department,1979-03-01,New York,1499,NY00827,0,0,0,0,0,0,0,0,0,0,0,0,0,0,0,0,0,0,0,0,0,0,0,0,0,0,0,0,0,0,0,0,0,0,0,0,0,0,0,0,0,0,0,0,0,0,0,0,0,0,0,0,0,0,0,0,0,0,0,0,0,0,0,0,0,0,0,0,0,0,0,0,0,0,0,0,0,0,0,0,0,0,0,0,0,0,0,0,0,0,0,1,4.19843724882306
Sherburne Village Police Department,1979-04-01,New York,1499,NY00827,0,0,0,0,0,0,0,0,0,0,0,0,0,0,0,0,0,0,0,0,0,0,0,0,0,0,0,0,0,0,0,0,0,0,0,0,0,0,0,0,0,0,0,0,0,0,0,0,0,0,0,0,0,0,0,0,0,0,0,0,0,0,0,0,0,0,0,0,0,0,0,0,0,0,0,0,0,0,0,0,0,0,0,0,0,0,0,0,0,0,0,1,4.19843724882306
Sherburne Village Police Department,1979-05-01,New York,1499,NY00827,0,0,0,0,0,0,0,0,0,0,0,0,0,0,0,0,0,0,0,0,0,0,0,0,0,0,0,0,0,0,0,0,0,0,0,0,0,0,0,0,0,0,0,0,0,0,0,0,0,0,0,0,0,0,0,0,0,0,0,0,0,0,0,0,0,0,0,0,0,0,0,0,0,0,0,0,0,0,0,0,0,0,0,0,0,0,0,0,0,0,0,1,4.19843724882306
Sherburne Village Police Department,1979-06-01,New York,1499,NY00827,0,0,0,0,0,0,0,0,0,0,0,0,0,0,0,0,0,0,0,0,0,0,0,0,0,0,0,0,0,0,0,0,0,0,0,0,0,0,0,0,0,0,0,0,0,0,0,0,0,0,0,0,0,0,0,0,0,0,0,0,0,0,0,0,0,0,0,0,0,0,0,0,0,0,0,0,0,0,0,0,0,0,0,0,0,0,0,0,0,0,0,1,4.19843724882306
Sherburne Village Police Department,1979-07-01,New York,1499,NY00827,0,0,0,0,0,0,0,0,0,0,0,0,0,0,0,0,0,0,0,0,0,0,0,0,0,0,0,0,0,0,0,0,0,0,0,0,0,0,0,0,0,0,0,0,0,0,0,0,0,0,0,0,0,0,0,0,0,0,0,0,0,0,0,0,0,0,0,0,0,0,0,0,0,0,0,0,0,0,0,0,0,0,0,0,0,0,0,0,0,0,0,1,4.19843724882306
Sherburne Village Police Department,1979-08-01,New York,1499,NY00827,0,0,0,0,0,0,0,0,0,0,0,0,0,0,0,0,0,0,0,0,0,0,0,0,0,0,0,0,0,0,0,0,0,0,0,0,0,0,0,0,0,0,0,0,0,0,0,0,0,0,0,0,0,0,0,0,0,0,0,0,0,0,0,0,0,0,0,0,0,0,0,0,0,0,0,0,0,0,0,0,0,0,0,0,0,0,0,0,0,0,0,1,4.19843724882306
Sherburne Village Police Department,1979-09-01,New York,1499,NY00827,0,0,0,0,0,0,0,0,0,0,0,0,0,0,0,0,0,0,0,0,0,0,0,0,0,0,0,0,0,0,0,0,0,0,0,0,0,0,0,0,0,0,0,0,0,0,0,0,0,0,0,0,0,0,0,0,0,0,0,0,0,0,0,0,0,0,0,0,0,0,0,0,0,0,0,0,0,0,0,0,0,0,0,0,0,0,0,0,0,0,0,1,4.19843724882306
Sherburne Village Police Department,1979-10-01,New York,1499,NY00827,0,0,0,0,0,0,0,0,0,0,0,0,0,0,0,0,0,0,0,0,0,0,0,0,0,0,0,0,0,0,0,0,0,0,0,0,0,0,0,0,0,0,0,0,0,0,0,0,0,0,0,0,0,0,0,0,0,0,0,0,0,0,0,0,0,0,0,0,0,0,0,0,0,0,0,0,0,0,0,0,0,0,0,0,0,0,0,0,0,0,0,1,4.19843724882306
Sherburne Village Police Department,1979-11-01,New York,1499,NY00827,0,0,0,0,0,0,0,0,0,0,0,0,0,0,0,0,0,0,0,0,0,0,0,0,0,0,0,0,0,0,0,0,0,0,0,0,0,0,0,0,0,0,0,0,0,0,0,0,0,0,0,0,0,0,0,0,0,0,0,0,0,0,0,0,0,0,0,0,0,0,0,0,0,0,0,0,0,0,0,0,0,0,0,0,0,0,0,0,0,0,0,1,4.19843724882306
Sherburne Village Police Department,1979-12-01,New York,1499,NY00827,0,0,0,0,0,0,0,0,0,0,0,0,0,0,0,0,0,0,0,0,0,0,0,0,0,0,0,0,0,0,0,0,0,0,0,0,0,0,0,0,0,0,0,0,0,0,0,0,0,0,0,0,0,0,0,0,0,0,0,0,0,0,0,0,0,0,0,0,0,0,0,0,0,0,0,0,0,0,0,0,0,0,0,0,0,0,0,0,0,0,0,1,4.19843724882306
Sherburne Village Police Department,1980-01-01,New York,1550,NY00827,0,0,0,0,0,0,0,0,0,0,0,0,0,0,0,0,0,0,0,0,0,0,0,0,0,0,0,0,0,0,0,0,0,0,0,0,0,0,0,0,0,0,0,0,0,0,0,0,0,0,0,0,0,0,0,0,0,0,0,0,0,0,0,0,0,0,0,0,0,0,0,0,0,0,0,0,0,0,0,0,0,0,0,0,0,0,0,0,0,0,0,1,3.69746081504702
Sherburne Village Police Department,1980-02-01,New York,1550,NY00827,0,0,0,0,0,0,0,0,0,0,0,0,0,0,0,0,0,0,0,0,0,0,0,0,0,0,0,0,0,0,0,0,0,0,0,0,0,0,0,0,0,0,0,0,0,0,0,0,0,0,0,0,0,0,0,0,0,0,0,0,0,0,0,0,0,0,0,0,0,0,0,0,0,0,0,0,0,0,0,0,0,0,0,0,0,0,0,0,0,0,0,1,3.69746081504702
Sherburne Village Police Department,1980-03-01,New York,1550,NY00827,0,0,0,0,0,0,0,0,0,0,0,0,0,0,0,0,0,0,0,0,0,0,0,0,0,0,0,0,0,0,0,0,0,0,0,0,0,0,0,0,0,0,0,0,0,0,0,0,0,0,0,0,0,0,0,0,0,0,0,0,0,0,0,0,0,0,0,0,0,0,0,0,0,0,0,0,0,0,0,0,0,0,0,0,0,0,0,0,0,0,0,1,3.69746081504702
Sherburne Village Police Department,1980-04-01,New York,1550,NY00827,0,0,0,0,0,0,0,0,0,0,0,0,0,0,0,0,0,0,0,0,0,0,0,0,0,0,0,0,0,0,0,0,0,0,0,0,0,0,0,0,0,0,0,0,0,0,0,0,0,0,0,0,0,0,0,0,0,0,0,0,0,0,0,0,0,0,0,0,0,0,0,0,0,0,0,0,0,0,0,0,0,0,0,0,0,0,0,0,0,0,0,1,3.69746081504702
Sherburne Village Police Department,1980-05-01,New York,1550,NY00827,0,0,0,0,0,0,0,0,0,0,0,0,0,0,0,0,0,0,0,0,0,0,0,0,0,0,0,0,0,0,0,0,0,0,0,0,0,0,0,0,0,0,0,0,0,0,0,0,0,0,0,0,0,0,0,0,0,0,0,0,0,0,0,0,0,0,0,0,0,0,0,0,0,0,0,0,0,0,0,0,0,0,0,0,0,0,0,0,0,0,0,1,3.69746081504702
Sherburne Village Police Department,1980-06-01,New York,1550,NY00827,0,0,0,0,0,0,0,0,0,0,0,0,0,0,0,0,0,0,0,0,0,0,0,0,0,0,0,0,0,0,0,0,0,0,0,0,0,0,0,0,0,0,0,0,0,0,0,0,0,0,0,0,0,0,0,0,0,0,0,0,0,0,0,0,0,0,0,0,0,0,0,0,0,0,0,0,0,0,0,0,0,0,0,0,0,0,0,0,0,0,0,1,3.69746081504702
Sherburne Village Police Department,1980-07-01,New York,1550,NY00827,0,0,0,0,0,0,0,0,0,0,0,0,0,0,0,0,0,0,0,0,0,0,0,0,0,0,0,0,0,0,0,0,0,0,0,0,0,0,0,0,0,0,0,0,0,0,0,0,0,0,0,0,0,0,0,0,0,0,0,0,0,0,0,0,0,0,0,0,0,0,0,0,0,0,0,0,0,0,0,0,0,0,0,0,0,0,0,0,0,0,0,1,3.69746081504702
Sherburne Village Police Department,1980-08-01,New York,1550,NY00827,0,0,0,0,0,0,0,0,0,0,0,0,0,0,0,0,0,0,0,0,0,0,0,0,0,0,0,0,0,0,0,0,0,0,0,0,0,0,0,0,0,0,0,0,0,0,0,0,0,0,0,0,0,0,0,0,0,0,0,0,0,0,0,0,0,0,0,0,0,0,0,0,0,0,0,0,0,0,0,0,0,0,0,0,0,0,0,0,0,0,0,1,3.69746081504702
Sherburne Village Police Department,1980-09-01,New York,1550,NY00827,0,0,0,0,0,0,0,0,0,0,0,0,0,0,0,0,0,0,0,0,0,0,0,0,0,0,0,0,0,0,0,0,0,0,0,0,0,0,0,0,0,0,0,0,0,0,0,0,0,0,0,0,0,0,0,0,0,0,0,0,0,0,0,0,0,0,0,0,0,0,0,0,0,0,0,0,0,0,0,0,0,0,0,0,0,0,0,0,0,0,0,1,3.69746081504702
Sherburne Village Police Department,1980-10-01,New York,1550,NY00827,0,0,0,0,0,0,0,0,0,0,0,0,0,0,0,0,0,0,0,0,0,0,0,0,0,0,0,0,0,0,0,0,0,0,0,0,0,0,0,0,0,0,0,0,0,0,0,0,0,0,0,0,0,0,0,0,0,0,0,0,0,0,0,0,0,0,0,0,0,0,0,0,0,0,0,0,0,0,0,0,0,0,0,0,0,0,0,0,0,0,0,1,3.69746081504702
Sherburne Village Police Department,1980-11-01,New York,1550,NY00827,0,0,0,0,0,0,0,0,0,0,0,0,0,0,0,0,0,0,0,0,0,0,0,0,0,0,0,0,0,0,0,0,0,0,0,0,0,0,0,0,0,0,0,0,0,0,0,0,0,0,0,0,0,0,0,0,0,0,0,0,0,0,0,0,0,0,0,0,0,0,0,0,0,0,0,0,0,0,0,0,0,0,0,0,0,0,0,0,0,0,0,1,3.69746081504702
Sherburne Village Police Department,1980-12-01,New York,1550,NY00827,0,0,0,0,0,0,0,0,0,0,0,0,0,0,0,0,0,0,0,0,0,0,0,0,0,0,0,0,0,0,0,0,0,0,0,0,0,0,0,0,0,0,0,0,0,0,0,0,0,0,0,0,0,0,0,0,0,0,0,0,0,0,0,0,0,0,0,0,0,0,0,0,0,0,0,0,0,0,0,0,0,0,0,0,0,0,0,0,0,0,0,1,3.69746081504702
Sherburne Village Police Department,1981-01-01,New York,1558,NY00827,0,0,0,0,0,0,0,0,0,0,0,0,0,0,0,0,0,0,0,0,0,0,0,0,0,0,0,0,0,0,0,0,0,0,0,0,0,0,0,0,0,0,0,0,0,0,0,0,0,0,0,0,0,0,0,0,0,0,0,0,0,0,0,0,0,0,0,0,0,0,0,0,0,0,0,0,0,0,0,0,0,0,0,0,0,0,0,0,0,0,0,1,3.35113096874714
Sherburne Village Police Department,1981-02-01,New York,1558,NY00827,0,0,0,0,0,0,0,0,0,0,0,0,0,0,0,0,0,0,0,0,0,0,0,0,0,0,0,0,0,0,0,0,0,0,0,0,0,0,0,0,0,0,0,0,0,0,0,0,0,0,0,0,0,0,0,0,0,0,0,0,0,0,0,0,0,0,0,0,0,0,0,0,0,0,0,0,0,0,0,0,0,0,0,0,0,0,0,0,0,0,0,1,3.35113096874714
Sherburne Village Police Department,1981-03-01,New York,1558,NY00827,0,0,0,0,0,0,0,0,0,0,0,0,0,0,0,0,0,0,0,0,0,0,0,0,0,0,0,0,0,0,0,0,0,0,0,0,0,0,0,0,0,0,0,0,0,0,0,0,0,0,0,0,0,0,0,0,0,0,0,0,0,0,0,0,0,0,0,0,0,0,0,0,0,0,0,0,0,0,0,0,0,0,0,0,0,0,0,0,0,0,0,1,3.35113096874714
Sherburne Village Police Department,1981-04-01,New York,1558,NY00827,0,0,0,0,0,0,0,0,0,0,0,0,0,0,0,0,0,0,0,0,0,0,0,0,0,0,0,0,0,0,0,0,0,0,0,0,0,0,0,0,0,0,0,0,0,0,0,0,0,0,0,0,0,0,0,0,0,0,0,0,0,0,0,0,0,0,0,0,0,0,0,0,0,0,0,0,0,0,0,0,0,0,0,0,0,0,0,0,0,0,0,1,3.35113096874714
Sherburne Village Police Department,1981-05-01,New York,1558,NY00827,0,0,0,0,0,0,0,0,0,0,0,0,0,0,0,0,0,0,0,0,0,0,0,0,0,0,0,0,0,0,0,0,0,0,0,0,0,0,0,0,0,0,0,0,0,0,0,0,0,0,0,0,0,0,0,0,0,0,0,0,0,0,0,0,0,0,0,0,0,0,0,0,0,0,0,0,0,0,0,0,0,0,0,0,0,0,0,0,0,0,0,1,3.35113096874714
Sherburne Village Police Department,1981-06-01,New York,1558,NY00827,0,0,0,0,0,0,0,0,0,0,0,0,0,0,0,0,0,0,0,0,0,0,0,0,0,0,0,0,0,0,0,0,0,0,0,0,0,0,0,0,0,0,0,0,0,0,0,0,0,0,0,0,0,0,0,0,0,0,0,0,0,0,0,0,0,0,0,0,0,0,0,0,0,0,0,0,0,0,0,0,0,0,0,0,0,0,0,0,0,0,0,1,3.35113096874714
Sherburne Village Police Department,1981-07-01,New York,1558,NY00827,0,0,0,0,0,0,0,0,0,0,0,0,0,0,0,0,0,0,0,0,0,0,0,0,0,0,0,0,0,0,0,0,0,0,0,0,0,0,0,0,0,0,0,0,0,0,0,0,0,0,0,0,0,0,0,0,0,0,0,0,0,0,0,0,0,0,0,0,0,0,0,0,0,0,0,0,0,0,0,0,0,0,0,0,0,0,0,0,0,0,0,1,3.35113096874714
Sherburne Village Police Department,1981-08-01,New York,1558,NY00827,0,0,0,0,0,0,0,0,0,0,0,0,0,0,0,0,0,0,0,0,0,0,0,0,0,0,0,0,0,0,0,0,0,0,0,0,0,0,0,0,0,0,0,0,0,0,0,0,0,0,0,0,0,0,0,0,0,0,0,0,0,0,0,0,0,0,0,0,0,0,0,0,0,0,0,0,0,0,0,0,0,0,0,0,0,0,0,0,0,0,0,1,3.35113096874714
Sherburne Village Police Department,1981-09-01,New York,1558,NY00827,0,0,0,0,0,0,0,0,0,0,0,0,0,0,0,0,0,0,0,0,0,0,0,0,0,0,0,0,0,0,0,0,0,0,0,0,0,0,0,0,0,0,0,0,0,0,0,0,0,0,0,0,0,0,0,0,0,0,0,0,0,0,0,0,0,0,0,0,0,0,0,0,0,0,0,0,0,0,0,0,0,0,0,0,0,0,0,0,0,0,0,1,3.35113096874714
Sherburne Village Police Department,1981-10-01,New York,1558,NY00827,0,0,0,0,0,0,0,0,0,0,0,0,0,0,0,0,0,0,0,0,0,0,0,0,0,0,0,0,0,0,0,0,0,0,0,0,0,0,0,0,0,0,0,0,0,0,0,0,0,0,0,0,0,0,0,0,0,0,0,0,0,0,0,0,0,0,0,0,0,0,0,0,0,0,0,0,0,0,0,0,0,0,0,0,0,0,0,0,0,0,0,1,3.35113096874714
Sherburne Village Police Department,1981-11-01,New York,1558,NY00827,0,0,0,0,0,0,0,0,0,0,0,0,0,0,0,0,0,0,0,0,0,0,0,0,0,0,0,0,0,0,0,0,0,0,0,0,0,0,0,0,0,0,0,0,0,0,0,0,0,0,0,0,0,0,0,0,0,0,0,0,0,0,0,0,0,0,0,0,0,0,0,0,0,0,0,0,0,0,0,0,0,0,0,0,0,0,0,0,0,0,0,1,3.35113096874714
Sherburne Village Police Department,1981-12-01,New York,1558,NY00827,0,0,0,0,0,0,0,0,0,0,0,0,0,0,0,0,0,0,0,0,0,0,0,0,0,0,0,0,0,0,0,0,0,0,0,0,0,0,0,0,0,0,0,0,0,0,0,0,0,0,0,0,0,0,0,0,0,0,0,0,0,0,0,0,0,0,0,0,0,0,0,0,0,0,0,0,0,0,0,0,0,0,0,0,0,0,0,0,0,0,0,1,3.35113096874714
Sherburne Village Police Department,1982-01-01,New York,1563,NY00827,0,0,0,0,0,0,0,0,0,0,0,0,0,0,0,0,0,0,0,0,0,0,0,0,0,0,0,0,0,0,0,0,0,0,0,0,0,0,0,0,0,0,0,0,0,0,0,0,0,0,0,0,0,0,0,0,0,0,0,0,0,0,0,0,0,0,0,0,0,0,0,0,0,0,0,0,0,0,0,0,0,0,0,0,0,0,0,0,0,0,0,1,3.15752936096719
Sherburne Village Police Department,1982-02-01,New York,1563,NY00827,0,0,0,0,0,0,0,0,0,0,0,0,0,0,0,0,0,0,0,0,0,0,0,0,0,0,0,0,0,0,0,0,0,0,0,0,0,0,0,0,0,0,0,0,0,0,0,0,0,0,0,0,0,0,0,0,0,0,0,0,0,0,0,0,0,0,0,0,0,0,0,0,0,0,0,0,0,0,0,0,0,0,0,0,0,0,0,0,0,0,0,1,3.15752936096719
Sherburne Village Police Department,1982-03-01,New York,1563,NY00827,0,0,0,0,0,0,0,0,0,0,0,0,0,0,0,0,0,0,0,0,0,0,0,0,0,0,0,0,0,0,0,0,0,0,0,0,0,0,0,0,0,0,0,0,0,0,0,0,0,0,0,0,0,0,0,0,0,0,0,0,0,0,0,0,0,0,0,0,0,0,0,0,0,0,0,0,0,0,0,0,0,0,0,0,0,0,0,0,0,0,0,1,3.15752936096719
Sherburne Village Police Department,1982-04-01,New York,1563,NY00827,0,0,0,0,0,0,0,0,0,0,0,0,0,0,0,0,0,0,0,0,0,0,0,0,0,0,0,0,0,0,0,0,0,0,0,0,0,0,0,0,0,0,0,0,0,0,0,0,0,0,0,0,0,0,0,0,0,0,0,0,0,0,0,0,0,0,0,0,0,0,0,0,0,0,0,0,0,0,0,0,0,0,0,0,0,0,0,0,0,0,0,1,3.15752936096719
Sherburne Village Police Department,1982-05-01,New York,1563,NY00827,0,0,0,0,0,0,0,0,0,0,0,0,0,0,0,0,0,0,0,0,0,0,0,0,0,0,0,0,0,0,0,0,0,0,0,0,0,0,0,0,0,0,0,0,0,0,0,0,0,0,0,0,0,0,0,0,0,0,0,0,0,0,0,0,0,0,0,0,0,0,0,0,0,0,0,0,0,0,0,0,0,0,0,0,0,0,0,0,0,0,0,1,3.15752936096719
Sherburne Village Police Department,1982-06-01,New York,1563,NY00827,0,0,0,0,0,0,0,0,0,0,0,0,0,0,0,0,0,0,0,0,0,0,0,0,0,0,0,0,0,0,0,0,0,0,0,0,0,0,0,0,0,0,0,0,0,0,0,0,0,0,0,0,0,0,0,0,0,0,0,0,0,0,0,0,0,0,0,0,0,0,0,0,0,0,0,0,0,0,0,0,0,0,0,0,0,0,0,0,0,0,0,1,3.15752936096719
Sherburne Village Police Department,1982-07-01,New York,1563,NY00827,0,0,0,0,0,0,0,0,0,0,0,0,0,0,0,0,0,0,0,0,0,0,0,0,0,0,0,0,0,0,0,0,0,0,0,0,0,0,0,0,0,0,0,0,0,0,0,0,0,0,0,0,0,0,0,0,0,0,0,0,0,0,0,0,0,0,0,0,0,0,0,0,0,0,0,0,0,0,0,0,0,0,0,0,0,0,0,0,0,0,0,1,3.15752936096719
Sherburne Village Police Department,1982-08-01,New York,1563,NY00827,0,0,0,0,0,0,0,0,0,0,0,0,0,0,0,0,0,0,0,0,0,0,0,0,0,0,0,0,0,0,0,0,0,0,0,0,0,0,0,0,0,0,0,0,0,0,0,0,0,0,0,0,0,0,0,0,0,0,0,0,0,0,0,0,0,0,0,0,0,0,0,0,0,0,0,0,0,0,0,0,0,0,0,0,0,0,0,0,0,0,0,1,3.15752936096719
Sherburne Village Police Department,1982-09-01,New York,1563,NY00827,0,0,0,0,0,0,0,0,0,0,0,0,0,0,0,0,0,0,0,0,0,0,0,0,0,0,0,0,0,0,0,0,0,0,0,0,0,0,0,0,0,0,0,0,0,0,0,0,0,0,0,0,0,0,0,0,0,0,0,0,0,0,0,0,0,0,0,0,0,0,0,0,0,0,0,0,0,0,0,0,0,0,0,0,0,0,0,0,0,0,0,1,3.15752936096719
Sherburne Village Police Department,1982-10-01,New York,1563,NY00827,0,0,0,0,0,0,0,0,0,0,0,0,0,0,0,0,0,0,0,0,0,0,0,0,0,0,0,0,0,0,0,0,0,0,0,0,0,0,0,0,0,0,0,0,0,0,0,0,0,0,0,0,0,0,0,0,0,0,0,0,0,0,0,0,0,0,0,0,0,0,0,0,0,0,0,0,0,0,0,0,0,0,0,0,0,0,0,0,0,0,0,1,3.15752936096719
Sherburne Village Police Department,1982-11-01,New York,1563,NY00827,0,0,0,0,0,0,0,0,0,0,0,0,0,0,0,0,0,0,0,0,0,0,0,0,0,0,0,0,0,0,0,0,0,0,0,0,0,0,0,0,0,0,0,0,0,0,0,0,0,0,0,0,0,0,0,0,0,0,0,0,0,0,0,0,0,0,0,0,0,0,0,0,0,0,0,0,0,0,0,0,0,0,0,0,0,0,0,0,0,0,0,1,3.15752936096719
Sherburne Village Police Department,1982-12-01,New York,1563,NY00827,0,0,0,0,0,0,0,0,0,0,0,0,0,0,0,0,0,0,0,0,0,0,0,0,0,0,0,0,0,0,0,0,0,0,0,0,0,0,0,0,0,0,0,0,0,0,0,0,0,0,0,0,0,0,0,0,0,0,0,0,0,0,0,0,0,0,0,0,0,0,0,0,0,0,0,0,0,0,0,0,0,0,0,0,0,0,0,0,0,0,0,1,3.15752936096719
Sherburne Village Police Department,1983-01-01,New York,1563,NY00827,0,0,0,0,0,0,0,0,0,0,0,0,0,0,0,0,0,0,0,0,0,0,0,0,0,0,0,0,0,0,0,0,0,0,0,0,0,0,0,0,0,0,0,0,0,0,0,0,0,0,0,0,0,0,0,0,0,0,0,0,0,0,0,0,0,0,0,0,0,0,0,0,0,0,0,0,0,0,0,0,0,0,0,0,0,0,0,0,0,0,0,1,3.05925284471218
Sherburne Village Police Department,1983-02-01,New York,1563,NY00827,0,0,0,0,0,0,0,0,0,0,0,0,0,0,0,0,0,0,0,0,0,0,0,0,0,0,0,0,0,0,0,0,0,0,0,0,0,0,0,0,0,0,0,0,0,0,0,0,0,0,0,0,0,0,0,0,0,0,0,0,0,0,0,0,0,0,0,0,0,0,0,0,0,0,0,0,0,0,0,0,0,0,0,0,0,0,0,0,0,0,0,1,3.05925284471218
Sherburne Village Police Department,1983-03-01,New York,1563,NY00827,0,0,0,0,0,0,0,0,0,0,0,0,0,0,0,0,0,0,0,0,0,0,0,0,0,0,0,0,0,0,0,0,0,0,0,0,0,0,0,0,0,0,0,0,0,0,0,0,0,0,0,0,0,0,0,0,0,0,0,0,0,0,0,0,0,0,0,0,0,0,0,0,0,0,0,0,0,0,0,0,0,0,0,0,0,0,0,0,0,0,0,1,3.05925284471218
Sherburne Village Police Department,1983-04-01,New York,1563,NY00827,0,0,0,0,0,0,0,0,0,0,0,0,0,0,0,0,0,0,0,0,0,0,0,0,0,0,0,0,0,0,0,0,0,0,0,0,0,0,0,0,0,0,0,0,0,0,0,0,0,0,0,0,0,0,0,0,0,0,0,0,0,0,0,0,0,0,0,0,0,0,0,0,0,0,0,0,0,0,0,0,0,0,0,0,0,0,0,0,0,0,0,1,3.05925284471218
Sherburne Village Police Department,1983-05-01,New York,1563,NY00827,0,0,0,0,0,0,0,0,0,0,0,0,0,0,0,0,0,0,0,0,0,0,0,0,0,0,0,0,0,0,0,0,0,0,0,0,0,0,0,0,0,0,0,0,0,0,0,0,0,0,0,0,0,0,0,0,0,0,0,0,0,0,0,0,0,0,0,0,0,0,0,0,0,0,0,0,0,0,0,0,0,0,0,0,0,0,0,0,0,0,0,1,3.05925284471218
Sherburne Village Police Department,1983-06-01,New York,1563,NY00827,0,0,0,0,0,0,0,0,0,0,0,0,0,0,0,0,0,0,0,0,0,0,0,0,0,0,0,0,0,0,0,0,0,0,0,0,0,0,0,0,0,0,0,0,0,0,0,0,0,0,0,0,0,0,0,0,0,0,0,0,0,0,0,0,0,0,0,0,0,0,0,0,0,0,0,0,0,0,0,0,0,0,0,0,0,0,0,0,0,0,0,1,3.05925284471218
Sherburne Village Police Department,1983-07-01,New York,1563,NY00827,0,0,0,0,0,0,0,0,0,0,0,0,0,0,0,0,0,0,0,0,0,0,0,0,0,0,0,0,0,0,0,0,0,0,0,0,0,0,0,0,0,0,0,0,0,0,0,0,0,0,0,0,0,0,0,0,0,0,0,0,0,0,0,0,0,0,0,0,0,0,0,0,0,0,0,0,0,0,0,0,0,0,0,0,0,0,0,0,0,0,0,1,3.05925284471218
Sherburne Village Police Department,1983-08-01,New York,1563,NY00827,0,0,0,0,0,0,0,0,0,0,0,0,0,0,0,0,0,0,0,0,0,0,0,0,0,0,0,0,0,0,0,0,0,0,0,0,0,0,0,0,0,0,0,0,0,0,0,0,0,0,0,0,0,0,0,0,0,0,0,0,0,0,0,0,0,0,0,0,0,0,0,0,0,0,0,0,0,0,0,0,0,0,0,0,0,0,0,0,0,0,0,1,3.05925284471218
Sherburne Village Police Department,1983-09-01,New York,1563,NY00827,0,0,0,0,0,0,0,0,0,0,0,0,0,0,0,0,0,0,0,0,0,0,0,0,0,0,0,0,0,0,0,0,0,0,0,0,0,0,0,0,0,0,0,0,0,0,0,0,0,0,0,0,0,0,0,0,0,0,0,0,0,0,0,0,0,0,0,0,0,0,0,0,0,0,0,0,0,0,0,0,0,0,0,0,0,0,0,0,0,0,0,1,3.05925284471218
Sherburne Village Police Department,1983-10-01,New York,1563,NY00827,0,0,0,0,0,0,0,0,0,0,0,0,0,0,0,0,0,0,0,0,0,0,0,0,0,0,0,0,0,0,0,0,0,0,0,0,0,0,0,0,0,0,0,0,0,0,0,0,0,0,0,0,0,0,0,0,0,0,0,0,0,0,0,0,0,0,0,0,0,0,0,0,0,0,0,0,0,0,0,0,0,0,0,0,0,0,0,0,0,0,0,1,3.05925284471218
Sherburne Village Police Department,1983-11-01,New York,1563,NY00827,0,0,0,0,0,0,0,0,0,0,0,0,0,0,0,0,0,0,0,0,0,0,0,0,0,0,0,0,0,0,0,0,0,0,0,0,0,0,0,0,0,0,0,0,0,0,0,0,0,0,0,0,0,0,0,0,0,0,0,0,0,0,0,0,0,0,0,0,0,0,0,0,0,0,0,0,0,0,0,0,0,0,0,0,0,0,0,0,0,0,0,1,3.05925284471218
Sherburne Village Police Department,1983-12-01,New York,1563,NY00827,0,0,0,0,0,0,0,0,0,0,0,0,0,0,0,0,0,0,0,0,0,0,0,0,0,0,0,0,0,0,0,0,0,0,0,0,0,0,0,0,0,0,0,0,0,0,0,0,0,0,0,0,0,0,0,0,0,0,0,0,0,0,0,0,0,0,0,0,0,0,0,0,0,0,0,0,0,0,0,0,0,0,0,0,0,0,0,0,0,0,0,1,3.05925284471218
Sherburne Village Police Department,1984-01-01,New York,1575,NY00827,0,0,0,0,0,0,0,0,0,0,0,0,0,0,0,0,0,0,0,0,0,0,0,0,0,0,0,0,0,0,0,0,0,0,0,0,0,0,0,0,0,0,0,0,0,0,0,0,0,0,0,0,0,0,0,0,0,0,0,0,0,0,0,0,0,0,0,0,0,0,0,0,0,0,0,0,0,0,0,0,0,0,0,0,0,0,0,0,0,0,0,1,2.9331132680892
Sherburne Village Police Department,1984-02-01,New York,1575,NY00827,0,0,0,0,0,0,0,0,0,0,0,0,0,0,0,0,0,0,0,0,0,0,0,0,0,0,0,0,0,0,0,0,0,0,0,0,0,0,0,0,0,0,0,0,0,0,0,0,0,0,0,0,0,0,0,0,0,0,0,0,0,0,0,0,0,0,0,0,0,0,0,0,0,0,0,0,0,0,0,0,0,0,0,0,0,0,0,0,0,0,0,1,2.9331132680892
Sherburne Village Police Department,1984-03-01,New York,1575,NY00827,0,0,1,0,0,0,1,0,0,0,0,0,0,0,0,0,0,0,1,0,1,2,1,0,0,0,0,0,0,0,1,0,0,0,0,0,0,0,0,0,0,0,0,0,0,0,0,0,0,0,0,0,0,44,0,1467,1511,1511,44,0,0,0,0,0,0,0,1467,0,44,0,0,0,0,0,0,1467,0,0,1511,0,0,0,0,0,0,0,0,1467,0,0,1467,1,2.9331132680892
Sherburne Village Police Department,1984-04-01,New York,1575,NY00827,0,1,0,0,0,0,1,0,0,0,0,0,0,0,0,0,0,0,2,2,0,4,4,0,0,0,0,0,0,0,0,0,0,0,0,2200,0,0,0,0,0,2200,0,0,0,0,0,0,0,0,0,0,0,53,293,0,346,2546,346,0,0,0,0,0,0,0,0,0,53,0,0,2200,0,0,0,293,0,0,2546,0,0,0,0,0,0,0,0,0,0,0,0,1,2.9331132680892
Sherburne Village Police Department,1984-05-01,New York,1575,NY00827,0,1,0,0,0,0,1,0,0,0,0,0,0,0,0,0,0,0,2,0,1,3,0,0,0,0,0,0,0,0,3,0,0,0,0,15,0,0,0,0,0,15,0,0,0,0,0,0,0,0,0,0,0,176,0,1760,1936,1951,0,0,0,0,0,0,0,0,1936,0,15,0,0,0,0,0,0,1804,0,132,1951,0,0,0,0,0,0,0,0,1804,0,132,1936,1,2.9331132680892
Sherburne Village Police Department,1984-06-01,New York,1575,NY00827,0,0,0,0,0,0,0,0,0,0,0,0,0,0,0,0,0,0,1,1,0,2,1,1,0,0,0,0,0,0,0,0,0,0,0,0,0,0,0,0,0,0,0,0,0,0,0,0,0,0,0,0,0,41,293,0,334,334,41,293,0,0,0,0,0,0,0,0,41,0,0,0,0,0,0,293,0,0,334,0,0,0,0,0,0,0,0,0,0,0,0,1,2.9331132680892
Sherburne Village Police Department,1984-07-01,New York,1575,NY00827,0,1,0,0,0,0,1,0,0,0,0,0,0,0,0,0,0,0,1,2,1,4,0,1,0,2,0,0,0,1,0,0,0,0,0,2053,0,0,0,0,0,2053,0,0,0,0,0,0,0,0,0,0,0,12,293,587,892,2945,0,587,0,293,0,0,0,12,0,0,0,0,0,2053,0,0,0,892,0,0,2945,0,0,0,0,2053,0,0,0,892,0,0,2945,1,2.9331132680892
Sherburne Village Police Department,1984-08-01,New York,1575,NY00827,0,0,0,0,0,0,0,0,0,0,0,0,0,0,0,0,0,0,1,0,0,1,0,0,0,1,0,0,0,0,0,0,0,0,0,0,0,0,0,0,0,0,0,0,0,0,0,0,0,0,0,0,0,59,0,0,59,59,0,0,0,59,0,0,0,0,0,0,59,0,0,0,0,0,0,0,0,0,59,0,0,0,0,0,0,0,0,0,0,0,0,1,2.9331132680892
Sherburne Village Police Department,1984-09-01,New York,1575,NY00827,0,0,0,0,0,0,0,0,0,0,0,0,0,0,0,0,0,0,0,0,0,0,0,0,0,0,0,0,0,0,0,0,0,0,0,0,0,0,0,0,0,0,0,0,0,0,0,0,0,0,0,0,0,0,0,0,0,0,0,0,0,0,0,0,0,0,0,0,0,0,0,0,0,0,0,0,0,0,0,0,0,0,0,0,0,0,0,0,0,0,0,1,2.9331132680892
Sherburne Village Police Department,1984-10-01,New York,1575,NY00827,0,1,0,0,0,0,1,0,0,0,0,0,0,0,0,0,0,0,0,0,0,0,0,0,0,0,0,0,0,0,0,0,0,0,0,293,0,0,0,0,0,293,0,0,0,0,0,0,0,0,0,0,0,0,0,0,0,293,0,0,0,0,0,0,0,0,0,0,0,0,293,0,0,0,0,0,0,0,293,0,0,0,0,0,0,0,0,0,0,0,0,1,2.9331132680892
Sherburne Village Police Department,1984-11-01,New York,1575,NY00827,0,0,0,0,0,0,0,0,0,0,0,0,0,0,0,0,0,0,0,0,1,1,0,0,0,0,0,0,0,0,1,0,0,0,0,0,0,0,0,0,0,0,0,0,0,0,0,0,0,0,0,0,0,0,0,2053,2053,2053,0,0,0,0,0,0,0,0,2053,0,0,0,0,0,0,0,0,2053,0,0,2053,0,0,0,0,0,0,0,0,0,0,0,0,1,2.9331132680892
Sherburne Village Police Department,1984-12-01,New York,1575,NY00827,0,0,0,0,0,0,0,0,0,0,0,0,0,0,0,0,0,0,1,1,0,2,0,0,0,0,0,0,0,0,2,0,0,0,0,0,0,0,0,0,0,0,0,0,0,0,0,0,0,0,0,0,0,15,293,0,308,308,0,0,0,0,0,0,0,0,308,0,0,0,0,0,0,0,0,308,0,0,308,0,0,0,0,0,0,0,0,0,0,0,0,1,2.9331132680892
Sherburne Village Police Department,1985-01-01,New York,1579,NY00827,0,0,0,0,0,0,0,0,0,0,0,0,0,0,0,0,0,0,1,0,1,2,1,0,0,0,0,0,0,0,1,0,0,0,0,0,0,0,0,0,0,0,0,0,0,0,0,0,0,0,0,0,0,71,0,567,637,637,637,0,0,0,0,0,0,0,0,0,567,0,0,0,0,0,0,71,0,0,637,0,0,0,0,0,0,0,0,71,0,0,71,1,2.83267663464518
Sherburne Village Police Department,1985-02-01,New York,1579,NY00827,0,1,0,0,0,0,1,0,0,0,0,0,0,0,0,0,0,0,1,2,1,4,2,1,0,0,0,0,1,0,0,0,0,0,0,0,0,0,0,0,0,0,0,0,0,0,0,0,0,0,0,0,0,71,850,567,1487,1487,637,567,0,0,0,0,283,0,0,0,991,425,0,0,0,0,0,71,0,0,1487,0,567,0,0,0,0,0,0,0,0,0,567,1,2.83267663464518
Sherburne Village Police Department,1985-03-01,New York,1579,NY00827,0,0,0,0,1,0,1,0,0,0,0,0,0,0,0,0,0,0,1,0,0,1,0,0,0,0,1,0,0,0,0,0,0,0,0,0,0,0,57,0,0,57,0,0,0,0,0,0,0,0,0,0,0,57,0,0,57,113,0,0,0,0,57,0,0,0,0,0,0,113,0,0,0,0,0,0,0,0,113,0,0,0,0,0,0,0,0,0,0,0,0,1,2.83267663464518
Sherburne Village Police Department,1985-04-01,New York,1579,NY00827,0,0,0,1,0,0,1,0,0,0,0,0,0,0,0,0,0,0,0,1,1,2,0,1,0,0,1,0,0,0,0,0,0,0,0,0,0,0,0,0,0,0,0,0,0,0,0,0,0,0,0,0,0,0,283,14163,14447,14447,0,283,0,0,14163,0,0,0,0,0,0,0,0,14163,0,0,0,283,0,0,14447,0,0,0,0,14163,0,0,0,283,0,0,14447,1,2.83267663464518
Sherburne Village Police Department,1985-05-01,New York,1579,NY00827,0,1,0,0,0,0,1,0,0,0,0,0,0,0,0,0,0,0,1,0,2,3,0,0,0,0,1,0,0,0,2,0,0,0,0,85,0,0,0,0,0,85,0,0,0,0,0,0,0,0,0,0,0,0,0,1246,1246,1331,0,0,0,0,1246,0,0,0,0,0,0,1246,0,85,0,0,0,0,0,0,1331,0,0,0,0,0,0,0,0,0,0,0,0,1,2.83267663464518
Sherburne Village Police Department,1985-06-01,New York,1579,NY00827,0,0,0,0,1,0,1,0,0,0,0,0,0,0,0,0,0,0,2,0,1,3,0,1,0,0,0,0,0,0,2,0,0,0,0,0,0,0,0,0,0,0,0,0,0,0,0,0,0,0,0,0,0,99,0,649,748,748,0,649,0,0,0,0,0,0,99,0,0,0,0,0,0,0,0,677,0,71,748,0,0,0,0,0,0,0,0,677,0,71,748,1,2.83267663464518
Sherburne Village Police Department,1985-07-01,New York,1579,NY00827,0,0,0,0,0,0,0,0,0,0,0,0,0,0,0,0,0,0,0,4,0,4,1,1,0,0,0,0,0,0,2,0,0,0,0,0,0,0,0,0,0,0,0,0,0,0,0,0,0,0,0,0,0,0,719,0,719,719,142,142,0,0,0,0,0,0,436,0,0,0,0,0,0,0,0,719,0,0,719,0,0,0,0,0,0,0,0,0,0,0,0,1,2.83267663464518
Sherburne Village Police Department,1985-08-01,New York,1579,NY00827,0,1,0,0,1,0,2,0,0,0,0,0,0,0,0,0,0,0,1,0,0,1,0,0,0,1,0,0,0,0,0,0,0,0,0,142,0,0,2125,0,0,2266,0,0,0,0,0,0,0,0,0,0,0,34,0,0,34,2300,0,0,0,34,0,0,0,0,0,0,2125,142,0,0,0,0,0,34,0,0,2300,0,0,0,0,0,0,0,0,0,0,0,0,1,2.83267663464518
Sherburne Village Police Department,1985-09-01,New York,1579,NY00827,0,1,0,0,0,0,1,0,0,0,0,0,0,0,0,0,0,0,1,1,0,2,1,0,0,1,0,0,0,0,0,0,0,0,0,708,0,0,0,0,0,708,0,0,0,0,0,0,0,0,0,0,0,85,212,0,297,1006,85,0,0,212,0,0,0,0,0,0,0,0,0,0,0,0,0,297,0,708,1006,0,0,0,0,0,0,0,0,0,0,708,708,1,2.83267663464518
Sherburne Village Police Department,1985-10-01,New York,1579,NY00827,0,0,0,0,0,0,0,0,0,0,0,0,0,0,0,0,0,0,1,0,0,1,0,0,0,0,1,0,0,0,0,0,0,0,0,0,0,0,0,0,0,0,0,0,0,0,0,0,0,0,0,0,0,85,0,0,85,85,0,0,0,0,85,0,0,0,0,0,0,85,0,0,0,0,0,0,0,0,85,0,0,0,0,0,0,0,0,0,0,0,0,1,2.83267663464518
Sherburne Village Police Department,1985-11-01,New York,1579,NY00827,0,0,0,0,0,0,0,1,0,0,0,0,0,0,0,0,0,0,7,1,0,8,0,0,0,0,1,0,0,0,7,1,0,1,0,0,0,0,0,0,0,0,2833,0,0,0,0,0,0,0,0,0,0,198,255,0,453,3286,0,0,0,0,255,0,0,0,198,0,0,0,0,0,0,0,2833,453,0,0,3286,0,0,0,0,0,0,0,2833,0,0,0,2833,1,2.83267663464518
Sherburne Village Police Department,1985-12-01,New York,1579,NY00827,0,5,0,0,1,0,6,0,0,0,0,0,0,0,0,0,2,2,3,0,0,3,0,0,0,0,0,0,0,0,3,0,0,0,0,878,0,0,0,0,0,878,0,0,0,0,0,0,0,0,0,0,0,0,0,0,0,878,0,0,0,0,0,0,0,0,0,878,0,0,0,0,0,0,0,0,0,0,878,878,0,0,0,0,0,0,0,0,0,0,878,1,2.83267663464518
Sherburne Village Police Department,1986-01-01,New York,1505,NY00827,0,2,0,0,8,0,10,1,0,0,0,0,0,0,0,0,0,0,0,1,0,1,0,0,1,0,0,0,0,0,0,1,0,1,0,156,0,0,1073,0,0,1229,2780,0,0,0,0,0,0,0,0,0,0,0,217,0,217,4225,0,0,217,0,0,0,0,0,0,0,278,1168,0,0,0,0,2780,0,0,0,4225,0,0,1073,0,0,0,0,2780,0,0,0,3853,1,2.7799125674751
Sherburne Village Police Department,1986-02-01,New York,1505,NY00827,0,1,0,0,0,0,1,0,0,0,0,0,0,0,0,0,0,0,2,1,0,3,0,0,0,0,0,0,1,0,2,0,0,0,0,56,0,0,0,0,0,56,0,0,0,0,0,0,0,0,0,0,0,111,417,0,528,584,0,0,0,0,0,0,417,0,111,0,0,473,0,0,0,0,0,0,0,111,584,0,0,473,0,0,0,0,0,0,0,111,584,1,2.7799125674751
Sherburne Village Police Department,1986-03-01,New York,1505,NY00827,0,1,0,0,0,0,1,0,0,0,0,0,0,0,0,0,0,0,0,1,0,1,0,0,0,0,0,0,0,0,1,0,0,0,0,0,0,0,0,0,0,0,0,0,0,0,0,0,0,0,0,0,0,0,167,0,167,167,0,0,0,0,0,0,0,0,167,0,0,0,0,0,0,0,0,167,0,0,167,0,0,0,0,0,0,0,0,0,0,0,0,1,2.7799125674751
Sherburne Village Police Department,1986-04-01,New York,1505,NY00827,0,0,0,0,0,0,0,0,0,0,0,0,0,0,0,0,0,0,0,0,1,1,0,1,0,0,0,0,0,0,0,0,0,0,0,0,0,0,0,0,0,0,0,0,0,0,0,0,0,0,0,0,0,0,0,556,556,556,0,556,0,0,0,0,0,0,0,0,0,0,0,0,0,0,0,556,0,0,556,0,0,0,0,0,0,0,0,556,0,0,556,1,2.7799125674751
Sherburne Village Police Department,1986-05-01,New York,1505,NY00827,0,0,0,0,0,0,0,0,0,0,0,0,0,0,0,0,0,0,2,1,0,3,1,1,0,0,0,0,0,0,1,0,0,0,0,0,0,0,0,0,0,0,0,0,0,0,0,0,0,0,0,0,0,139,139,0,278,278,139,111,0,0,0,0,0,0,28,0,278,0,0,0,0,0,0,0,0,0,278,0,28,0,0,0,0,0,0,0,0,0,28,1,2.7799125674751
Sherburne Village Police Department,1986-06-01,New York,1505,NY00827,1,0,0,0,0,1,2,0,0,0,0,0,0,0,0,0,0,0,0,0,0,0,0,0,0,0,0,0,0,0,0,0,0,0,0,0,1946,0,0,0,1112,3058,0,0,0,0,0,0,0,0,0,0,0,0,0,0,0,3058,0,0,0,0,0,0,0,0,0,0,0,0,0,0,0,0,0,3058,0,0,3058,0,0,0,0,0,0,0,0,0,0,0,0,1,2.7799125674751
Sherburne Village Police Department,1986-07-01,New York,1505,NY00827,0,0,0,0,0,0,0,0,0,0,0,0,0,0,0,0,0,0,0,0,0,0,0,0,0,0,0,0,0,0,0,0,0,0,0,0,0,0,0,0,0,0,0,0,0,0,0,0,0,0,0,0,0,0,0,0,0,0,0,0,0,0,0,0,0,0,0,0,0,0,0,0,0,0,0,0,0,0,0,0,0,0,0,0,0,0,0,0,0,0,0,1,2.7799125674751
Sherburne Village Police Department,1986-08-01,New York,1505,NY00827,0,0,0,0,0,0,0,0,0,0,0,0,0,0,0,0,0,0,1,0,0,1,0,0,0,0,0,0,0,1,0,0,0,0,0,0,0,0,0,0,0,0,0,0,0,0,0,0,0,0,0,0,0,56,0,0,56,56,0,0,0,0,0,0,0,56,0,0,56,0,0,0,0,0,0,0,0,0,56,0,1446,0,0,0,0,0,0,0,0,0,1446,1,2.7799125674751
Sherburne Village Police Department,1986-09-01,New York,1505,NY00827,1,0,0,0,0,0,1,0,0,0,0,0,0,0,0,0,0,0,3,0,0,3,0,0,0,0,0,0,0,0,3,0,0,0,0,0,695,0,0,0,0,695,0,0,0,0,0,0,0,0,0,0,0,181,0,0,181,876,0,0,0,0,0,0,0,0,181,695,181,0,0,0,0,0,0,0,0,0,876,695,0,0,0,0,0,0,0,0,0,0,695,1,2.7799125674751
Sherburne Village Police Department,1986-10-01,New York,1505,NY00827,0,2,0,0,1,0,3,0,0,0,0,0,0,0,0,0,0,0,0,0,0,0,0,0,0,0,0,0,0,0,0,0,0,0,0,1946,0,0,189,0,0,2135,0,0,0,0,0,0,0,0,0,0,0,0,0,0,0,2135,0,0,0,0,0,0,0,0,0,0,578,0,0,1557,0,0,0,0,0,0,2135,0,0,0,0,0,0,0,0,0,0,0,0,1,2.7799125674751
Sherburne Village Police Department,1986-11-01,New York,1505,NY00827,0,1,0,0,0,0,1,0,0,0,0,0,0,0,0,0,0,0,1,0,0,1,0,0,0,0,0,0,0,0,1,0,0,0,0,284,0,0,0,0,0,284,0,0,0,0,0,0,0,0,0,0,0,56,0,0,56,339,0,0,0,0,0,0,0,0,56,0,56,284,0,0,0,0,0,0,0,0,339,0,0,0,0,0,0,0,0,0,0,0,0,1,2.7799125674751
Sherburne Village Police Department,1986-12-01,New York,1505,NY00827,0,0,0,0,0,0,0,0,0,0,0,0,0,0,0,0,0,0,0,0,1,1,0,0,0,0,0,0,0,0,1,0,0,0,0,0,0,0,0,0,0,0,0,0,0,0,0,0,0,0,0,0,0,0,0,1668,1668,1668,0,0,0,0,0,0,0,0,1668,0,0,1668,0,0,0,0,0,0,0,0,1668,0,0,1668,0,0,0,0,0,0,0,0,1668,1,2.7799125674751
Sherburne Village Police Department,1987-01-01,New York,1494,NY00827,0,0,0,0,0,0,0,0,0,0,0,0,0,0,0,0,0,0,2,0,0,2,0,0,0,0,0,0,0,2,0,0,0,0,0,0,0,0,0,0,0,0,0,0,0,0,0,0,0,0,0,0,0,19,0,0,19,19,0,0,0,0,0,0,0,19,0,0,19,0,0,0,0,0,0,0,0,0,19,0,0,0,0,0,0,0,0,0,0,0,0,1,2.68164209754309
Sherburne Village Police Department,1987-02-01,New York,1494,NY00827,0,0,0,0,0,0,0,0,0,0,0,0,0,0,0,0,0,0,0,0,0,0,0,0,0,0,0,0,0,0,0,0,0,0,0,0,0,0,0,0,0,0,0,0,0,0,0,0,0,0,0,0,0,0,0,0,0,0,0,0,0,0,0,0,0,0,0,0,0,0,0,0,0,0,0,0,0,0,0,0,0,0,0,0,0,0,0,0,0,0,0,1,2.68164209754309
Sherburne Village Police Department,1987-03-01,New York,1494,NY00827,0,0,0,0,1,0,1,0,0,0,0,0,0,0,0,0,0,0,0,0,0,0,0,0,0,0,0,0,0,0,0,0,0,0,0,0,0,0,0,0,0,0,0,0,0,0,0,0,0,0,0,0,0,0,0,0,0,0,0,0,0,0,0,0,0,0,0,0,0,0,0,0,0,0,0,0,0,0,0,0,0,0,0,0,0,0,0,0,0,0,0,1,2.68164209754309
Sherburne Village Police Department,1987-04-01,New York,1494,NY00827,0,0,1,1,0,0,2,0,0,0,0,0,0,0,0,0,0,0,3,0,0,3,0,0,0,0,0,0,0,0,3,0,0,0,0,0,0,0,0,134,0,134,0,0,0,0,0,0,0,0,0,0,0,40,0,0,40,174,0,0,0,0,0,0,0,0,40,27,0,134,0,0,0,0,0,13,0,0,174,27,0,0,0,0,0,0,0,13,0,0,40,1,2.68164209754309
Sherburne Village Police Department,1987-05-01,New York,1494,NY00827,0,0,0,0,0,0,0,0,0,0,0,0,0,0,0,0,0,0,0,1,1,2,0,0,0,0,1,0,0,1,0,0,0,0,0,0,0,0,0,0,0,0,0,0,0,0,0,0,0,0,0,0,0,0,268,4559,4827,4827,0,0,0,0,4559,0,0,268,0,0,4559,0,0,0,0,0,0,268,0,0,4827,0,0,0,0,0,0,0,0,0,0,0,0,1,2.68164209754309
Sherburne Village Police Department,1987-06-01,New York,1494,NY00827,0,0,0,0,0,0,0,1,0,0,0,0,0,0,0,0,0,0,1,0,0,1,0,0,0,0,0,0,0,1,0,0,1,1,0,0,0,0,0,0,0,0,1877,0,0,0,0,0,0,0,0,0,0,32,0,0,32,1909,0,0,0,0,0,0,0,32,0,0,32,0,0,0,0,0,1877,0,0,0,1909,0,0,0,0,0,0,0,1877,0,0,0,1877,1,2.68164209754309
Sherburne Village Police Department,1987-07-01,New York,1494,NY00827,0,0,0,0,0,1,1,0,0,0,0,0,0,0,0,0,0,0,0,1,0,1,0,1,0,0,0,0,0,0,0,0,0,0,0,0,0,0,0,0,67,67,0,0,0,0,0,0,0,0,0,0,0,0,282,0,282,349,0,282,0,0,0,0,0,0,0,0,0,67,0,0,0,0,0,282,0,0,349,0,0,67,0,0,0,0,0,282,0,0,349,1,2.68164209754309
Sherburne Village Police Department,1987-08-01,New York,1494,NY00827,0,0,0,0,0,0,0,0,0,0,0,0,0,0,0,0,0,0,0,0,0,0,0,0,0,0,0,0,0,0,0,0,0,0,0,0,0,0,0,0,0,0,0,0,0,0,0,0,0,0,0,0,0,0,0,0,0,0,0,0,0,0,0,0,0,0,0,0,0,0,0,0,0,0,0,0,0,0,0,0,0,0,0,0,0,0,0,0,0,0,0,1,2.68164209754309
Sherburne Village Police Department,1987-09-01,New York,1494,NY00827,0,0,0,0,0,0,0,0,0,0,0,0,0,0,0,0,0,0,0,0,0,0,0,0,0,0,0,0,0,0,0,0,0,0,0,0,0,0,0,0,0,0,0,0,0,0,0,0,0,0,0,0,0,0,0,0,0,0,0,0,0,0,0,0,0,0,0,0,0,0,0,0,0,0,0,0,0,0,0,0,0,0,0,0,0,0,0,0,0,0,0,1,2.68164209754309
Sherburne Village Police Department,1987-10-01,New York,1494,NY00827,0,0,0,0,0,0,0,0,0,0,0,0,0,0,0,0,0,0,0,0,0,0,0,0,0,0,0,0,0,0,0,0,0,0,0,0,0,0,0,0,0,0,0,0,0,0,0,0,0,0,0,0,0,0,0,0,0,0,0,0,0,0,0,0,0,0,0,0,0,0,0,0,0,0,0,0,0,0,0,0,0,0,0,0,0,0,0,0,0,0,0,1,2.68164209754309
Sherburne Village Police Department,1987-11-01,New York,1494,NY00827,0,0,0,0,0,0,0,0,0,0,0,0,0,0,0,0,0,0,0,0,0,0,0,0,0,0,0,0,0,0,0,0,0,0,0,0,0,0,0,0,0,0,0,0,0,0,0,0,0,0,0,0,0,0,0,0,0,0,0,0,0,0,0,0,0,0,0,0,0,0,0,0,0,0,0,0,0,0,0,0,0,0,0,0,0,0,0,0,0,0,0,1,2.68164209754309
Sherburne Village Police Department,1987-12-01,New York,1494,NY00827,0,0,0,0,0,0,0,0,0,0,0,0,0,0,0,0,0,0,0,0,0,0,0,0,0,0,0,0,0,0,0,0,0,0,0,0,0,0,0,0,0,0,0,0,0,0,0,0,0,0,0,0,0,0,0,0,0,0,0,0,0,0,0,0,0,0,0,0,0,0,0,0,0,0,0,0,0,0,0,0,0,0,0,0,0,0,0,0,0,0,0,1,2.68164209754309
Sherburne Village Police Department,1988-01-01,New York,1531,NY00827,0,0,0,0,0,0,0,0,0,0,0,0,0,0,0,0,0,0,3,0,0,3,0,0,0,0,0,0,0,1,2,0,0,0,0,0,0,0,0,0,0,0,0,0,0,0,0,0,0,0,0,0,0,204,0,0,204,204,0,0,0,0,0,0,0,5,198,0,160,44,0,0,0,0,0,0,0,0,204,0,160,44,0,0,0,0,0,0,0,0,204,1,2.57657599887252
Sherburne Village Police Department,1988-02-01,New York,1531,NY00827,0,0,0,0,0,0,0,0,0,0,0,0,0,0,0,0,0,0,1,0,0,1,0,0,0,0,0,0,0,0,1,0,0,0,0,0,0,0,0,0,0,0,0,0,0,0,0,0,0,0,0,0,0,44,0,0,44,44,0,0,0,0,0,0,0,0,44,0,0,0,0,0,0,0,0,44,0,0,44,0,0,0,0,0,0,0,0,44,0,0,44,1,2.57657599887252
Sherburne Village Police Department,1988-03-01,New York,1531,NY00827,0,0,0,0,0,0,0,1,0,0,0,0,0,0,0,0,0,0,1,0,0,1,0,0,0,0,0,0,0,0,1,0,1,1,0,0,0,0,0,0,0,0,5153,0,0,0,0,0,0,0,0,0,0,8,0,0,8,5161,0,0,0,0,0,0,0,0,8,0,8,0,0,0,0,0,5153,0,0,0,5161,0,8,0,0,0,0,0,5153,0,0,0,5161,1,2.57657599887252
Sherburne Village Police Department,1988-04-01,New York,1531,NY00827,0,0,0,0,0,0,0,1,0,0,0,0,0,0,0,0,0,0,5,0,0,5,0,2,0,0,1,0,0,2,0,0,1,1,0,0,0,0,0,0,0,0,5153,0,0,0,0,0,0,0,0,0,0,119,0,0,119,5272,0,0,0,0,59,0,0,59,0,0,119,0,0,0,0,0,5153,0,0,0,5272,0,0,0,0,0,0,0,5153,0,0,0,5153,1,2.57657599887252
Sherburne Village Police Department,1988-05-01,New York,1531,NY00827,0,0,0,0,1,0,1,0,0,0,0,0,0,0,0,0,0,0,1,0,0,1,0,0,0,0,1,0,0,0,0,0,0,0,0,0,0,0,639,0,0,639,0,0,0,0,0,0,0,0,0,0,0,0,0,0,0,639,0,0,0,0,0,0,0,0,0,0,0,639,0,0,0,0,0,0,0,0,639,0,0,0,0,0,0,0,0,0,0,0,0,1,2.57657599887252
Sherburne Village Police Department,1988-06-01,New York,1531,NY00827,0,0,0,0,0,0,0,0,0,0,0,0,0,0,0,0,0,0,1,0,0,1,0,0,0,0,0,0,0,0,1,0,0,0,0,0,0,0,0,0,0,0,0,0,0,0,0,0,0,0,0,0,0,15,0,0,15,15,0,0,0,0,0,0,0,0,15,0,0,15,0,0,0,0,0,0,0,0,15,0,0,0,0,0,0,0,0,0,0,0,0,1,2.57657599887252
Sherburne Village Police Department,1988-07-01,New York,1531,NY00827,0,0,0,0,0,0,0,0,0,0,0,0,1,0,0,0,0,1,1,0,0,1,0,0,0,1,0,0,0,0,0,0,0,0,0,0,0,0,0,0,0,0,0,0,0,0,0,639,0,0,0,0,639,64,0,0,64,703,0,0,0,64,0,0,0,0,0,0,0,639,0,64,0,0,0,0,0,0,703,0,0,639,0,0,0,0,0,0,0,0,639,1,2.57657599887252
Sherburne Village Police Department,1988-08-01,New York,1531,NY00827,1,0,0,0,0,0,1,0,0,0,0,0,0,0,0,0,0,0,1,0,0,1,0,0,0,0,0,0,0,1,0,0,0,0,0,0,773,0,0,0,0,773,0,0,0,0,0,0,0,0,0,0,0,15,0,0,15,788,0,0,0,0,0,0,0,15,0,0,15,0,0,773,0,0,0,0,0,0,788,0,0,0,0,0,0,0,0,0,0,0,0,1,2.57657599887252
Sherburne Village Police Department,1988-09-01,New York,1531,NY00827,0,0,0,0,1,0,1,0,0,0,0,0,0,0,0,0,0,0,2,0,0,2,0,0,0,0,0,2,0,0,0,0,0,0,0,0,0,0,129,0,0,129,0,0,0,0,0,0,0,0,0,0,0,8,0,0,8,137,0,0,0,0,0,8,0,0,0,0,129,0,0,0,0,0,0,8,0,0,137,0,0,0,0,0,0,0,0,0,0,0,0,1,2.57657599887252
Sherburne Village Police Department,1988-10-01,New York,1531,NY00827,0,1,0,0,1,0,2,0,0,0,0,0,0,0,0,0,0,0,0,0,0,0,0,0,0,0,0,0,0,0,0,0,0,0,0,634,0,0,0,0,0,634,0,0,0,0,0,0,0,0,0,0,0,0,0,0,0,634,0,0,0,0,0,0,0,0,0,0,0,0,0,0,0,0,0,0,0,634,634,0,0,0,0,0,0,0,0,0,0,0,0,1,2.57657599887252
Sherburne Village Police Department,1988-11-01,New York,1531,NY00827,0,0,0,0,0,0,0,0,0,0,0,0,0,0,0,0,0,0,1,0,0,1,0,0,0,0,0,0,0,0,1,0,0,0,0,0,0,0,0,0,0,0,0,0,0,0,0,0,0,0,0,0,0,64,0,0,64,64,0,0,0,0,0,0,0,0,64,0,0,64,0,0,0,0,0,0,0,0,64,0,0,0,0,0,0,0,0,0,0,0,0,1,2.57657599887252
Sherburne Village Police Department,1988-12-01,New York,1531,NY00827,0,0,0,0,0,0,0,0,0,0,0,0,0,0,0,0,0,0,0,0,1,1,0,0,0,0,0,0,0,0,1,0,0,0,0,0,0,0,0,0,0,0,0,0,0,0,0,0,0,0,0,0,0,0,0,618,618,618,0,0,0,0,0,0,0,0,618,0,0,618,0,0,0,0,0,0,0,0,618,0,0,0,0,0,0,0,0,0,0,0,0,1,2.57657599887252
Sherburne Village Police Department,1989-01-01,New York,1483,NY00827,0,1,0,0,0,0,1,0,0,0,0,0,0,0,0,0,0,0,0,0,1,1,0,0,0,0,0,0,0,0,1,0,0,0,0,0,0,0,0,0,0,0,0,0,0,0,0,0,0,0,0,0,0,0,0,602,602,602,0,0,0,0,0,0,0,0,602,0,0,602,0,0,0,0,0,0,0,0,602,0,0,602,0,0,0,0,0,0,0,0,602,1,2.45793156762571
Sherburne Village Police Department,1989-02-01,New York,1483,NY00827,0,0,0,0,0,0,0,1,0,0,0,0,0,0,0,0,0,0,0,0,3,3,0,0,0,0,0,0,0,0,3,1,0,1,0,0,0,0,0,0,0,0,1229,0,0,0,0,0,0,0,0,0,0,0,0,1475,1475,2704,0,0,0,0,0,0,0,0,1475,0,0,1475,0,0,0,0,1229,0,0,0,2704,0,0,0,0,0,0,0,1229,0,0,0,1229,1,2.45793156762571
Sherburne Village Police Department,1989-03-01,New York,1483,NY00827,0,0,0,0,0,0,0,1,0,0,0,0,0,0,0,0,0,0,0,0,0,0,0,0,0,0,0,0,0,0,0,1,0,1,0,0,0,0,0,0,0,0,1475,0,0,0,0,0,0,0,0,0,0,0,0,0,0,1475,0,0,0,0,0,0,0,0,0,0,0,0,0,0,0,0,1475,0,0,0,1475,0,0,0,0,0,0,0,1475,0,0,0,1475,1,2.45793156762571
Sherburne Village Police Department,1989-04-01,New York,1483,NY00827,0,0,1,0,0,1,2,0,0,0,0,0,0,0,0,0,0,0,3,0,0,3,0,0,0,0,2,0,0,1,0,0,0,0,0,0,0,0,0,0,0,0,0,0,0,0,0,0,0,0,0,0,0,59,0,0,59,59,0,0,0,0,32,0,0,27,0,0,0,0,0,0,0,0,0,59,0,0,59,0,0,0,0,0,0,0,0,0,0,0,0,1,2.45793156762571
Sherburne Village Police Department,1989-05-01,New York,1483,NY00827,0,0,0,0,0,0,0,0,0,0,0,0,0,0,0,0,0,0,4,0,0,4,0,0,0,0,0,0,0,0,4,0,0,0,0,0,0,0,0,0,0,0,0,0,0,0,0,0,0,0,0,0,0,59,0,0,59,59,0,0,0,0,0,0,0,0,59,0,59,0,0,0,0,0,0,0,0,0,59,0,59,0,0,0,0,0,0,0,0,0,59,1,2.45793156762571
Sherburne Village Police Department,1989-06-01,New York,1483,NY00827,0,0,0,0,0,0,0,0,0,0,0,0,0,0,0,0,0,0,0,0,1,1,0,0,0,0,0,0,0,1,0,0,0,0,0,0,0,0,0,0,0,0,0,0,0,0,0,0,0,0,0,0,0,0,0,504,504,504,0,0,0,0,0,0,0,504,0,0,504,0,0,0,0,0,0,0,0,0,504,0,504,0,0,0,0,0,0,0,0,0,504,1,2.45793156762571
Sherburne Village Police Department,1989-07-01,New York,1483,NY00827,0,2,0,0,0,0,2,0,0,0,0,0,0,0,0,0,0,0,0,2,0,2,0,2,0,0,0,0,0,0,0,0,0,0,0,0,0,0,0,0,0,0,0,0,0,0,0,0,0,0,0,0,0,0,492,0,492,492,0,492,0,0,0,0,0,0,0,0,0,0,0,0,0,0,0,492,0,0,492,0,0,0,0,0,0,0,0,492,0,0,492,1,2.45793156762571
Sherburne Village Police Department,1989-08-01,New York,1483,NY00827,1,1,0,0,0,0,2,0,0,0,0,0,0,0,0,0,0,0,2,0,0,2,1,0,0,0,0,0,0,1,0,0,0,0,0,1721,0,0,0,0,0,1721,0,0,0,0,0,0,0,0,0,0,0,25,0,0,25,1745,25,0,0,0,0,0,0,0,0,0,0,0,0,123,369,0,0,270,0,983,1745,0,0,0,0,0,369,0,0,25,0,860,1254,1,2.45793156762571
Sherburne Village Police Department,1989-09-01,New York,1483,NY00827,0,0,0,0,0,0,0,0,0,0,0,0,0,0,0,0,0,0,9,1,1,11,0,0,0,11,0,0,0,0,0,0,0,0,0,0,0,0,0,0,0,0,0,0,0,0,0,0,0,0,0,0,0,111,184,492,787,787,0,0,0,787,0,0,0,0,0,0,295,492,0,0,0,0,0,0,0,0,787,0,258,0,0,0,0,0,0,0,0,0,258,1,2.45793156762571
Sherburne Village Police Department,1989-10-01,New York,1483,NY00827,0,0,1,0,0,0,1,0,0,0,0,0,0,0,0,0,0,0,0,1,0,1,0,0,0,0,1,0,0,0,0,0,0,0,0,0,0,398,0,0,0,398,0,0,0,0,0,0,0,0,0,0,0,0,216,0,216,614,0,0,0,0,216,0,0,0,0,0,0,216,0,398,0,0,0,0,0,0,614,0,0,0,0,0,0,0,0,0,0,0,0,1,2.45793156762571
Sherburne Village Police Department,1989-11-01,New York,1483,NY00827,0,0,0,0,0,0,0,0,0,0,0,0,0,0,0,0,0,0,1,0,0,1,0,0,0,0,0,0,0,1,0,0,0,0,0,0,0,0,0,0,0,0,0,0,0,0,0,0,0,0,0,0,0,12,0,0,12,12,0,0,0,0,0,0,0,12,0,0,12,0,0,0,0,0,0,0,0,0,12,0,12,0,0,0,0,0,0,0,0,0,12,1,2.45793156762571
Sherburne Village Police Department,1989-12-01,New York,1483,NY00827,0,0,0,0,0,0,0,0,0,0,0,0,0,0,0,0,0,0,2,0,1,3,0,0,0,1,0,0,0,0,2,0,0,0,0,0,0,0,0,0,0,0,0,0,0,0,0,0,0,0,0,0,0,61,0,787,848,848,0,0,0,49,0,0,0,0,799,0,0,848,0,0,0,0,0,0,0,0,848,0,0,0,0,0,0,0,0,0,0,0,0,1,2.45793156762571
Sherburne Village Police Department,1990-01-01,New York,1531,NY00827,0,0,0,0,0,0,0,0,0,0,0,0,0,0,0,0,0,0,0,0,1,1,0,0,0,0,0,0,0,0,1,0,0,0,0,0,0,0,0,0,0,0,0,0,0,0,0,0,0,0,0,0,0,0,0,700,700,700,0,0,0,0,0,0,0,0,700,0,0,0,0,0,0,0,0,700,0,0,700,0,0,0,0,0,0,0,0,0,0,0,0,1,2.33204860003827
Sherburne Village Police Department,1990-02-01,New York,1531,NY00827,0,0,1,0,0,0,1,0,0,0,0,0,0,0,0,0,0,0,3,0,0,3,1,0,0,0,0,0,0,2,0,0,0,0,0,0,0,93,0,0,0,93,0,0,0,0,0,0,0,0,0,0,0,58,0,0,58,152,0,0,0,0,0,0,0,58,0,0,0,0,0,0,0,0,0,152,0,0,152,0,0,0,0,0,0,0,0,152,0,0,152,1,2.33204860003827
Sherburne Village Police Department,1990-03-01,New York,1531,NY00827,0,0,0,0,0,1,1,0,0,0,0,0,0,0,0,0,0,0,0,1,1,2,0,1,0,0,0,0,0,0,1,0,0,0,0,0,0,0,0,0,0,0,0,0,0,0,0,0,0,0,0,0,0,0,117,700,816,816,0,700,0,0,0,0,0,0,117,0,117,0,0,0,0,0,0,700,0,0,816,0,0,0,0,0,0,0,0,0,0,0,0,1,2.33204860003827
Sherburne Village Police Department,1990-04-01,New York,1531,NY00827,0,0,1,0,0,0,1,0,0,0,0,0,0,0,0,0,0,0,2,1,0,3,0,1,0,0,0,0,0,2,0,0,0,0,0,0,0,583,0,0,0,583,0,0,0,0,0,0,0,0,0,0,0,28,257,0,285,868,0,257,0,0,0,0,0,28,0,0,0,0,0,583,0,0,0,285,0,0,868,0,0,0,0,0,0,0,0,257,0,0,257,1,2.33204860003827
Sherburne Village Police Department,1990-05-01,New York,1531,NY00827,0,0,1,0,0,0,1,0,0,0,0,0,0,0,0,0,0,0,0,0,1,1,0,0,0,0,0,0,0,0,1,0,0,0,0,0,0,466,0,0,0,466,0,0,0,0,0,0,0,0,0,0,0,0,0,520,520,986,0,0,0,0,0,0,0,0,520,0,466,466,0,0,0,54,0,0,0,0,986,0,0,0,0,0,0,0,0,0,0,0,0,1,2.33204860003827
Sherburne Village Police Department,1990-06-01,New York,1531,NY00827,0,0,0,0,1,0,1,0,0,0,0,0,0,0,0,0,0,0,2,0,0,2,0,0,0,0,1,0,0,0,1,0,0,0,0,0,0,0,0,0,0,0,0,0,0,0,0,0,0,0,0,0,0,117,0,0,117,117,0,0,0,0,47,0,0,0,70,0,0,47,0,0,0,0,0,70,0,0,117,0,0,0,0,0,0,0,0,70,0,0,70,1,2.33204860003827
Sherburne Village Police Department,1990-07-01,New York,1531,NY00827,1,1,0,0,0,0,2,0,0,0,0,0,0,0,0,0,0,0,0,0,1,1,0,0,0,0,1,0,0,0,0,0,0,0,0,0,0,0,0,0,0,0,0,0,0,0,0,0,0,0,0,0,0,0,0,1866,1866,1866,0,0,0,0,1866,0,0,0,0,0,0,0,0,0,0,0,0,1866,0,0,1866,0,0,0,0,0,0,0,0,0,0,0,0,1,2.33204860003827
Sherburne Village Police Department,1990-08-01,New York,1531,NY00827,0,0,0,0,0,0,0,0,0,0,0,0,0,0,0,0,0,0,2,0,9,11,0,0,0,0,0,0,0,1,10,0,0,0,0,0,0,0,0,0,0,0,0,0,0,0,0,0,0,0,0,0,0,0,0,8395,8395,8395,0,0,0,0,0,0,0,0,8395,0,5830,2565,0,0,0,0,0,0,0,0,8395,0,5830,2565,0,0,0,0,0,0,0,0,8395,1,2.33204860003827
Sherburne Village Police Department,1990-09-01,New York,1531,NY00827,0,0,0,0,0,0,0,0,0,0,0,0,0,0,0,0,0,0,1,0,0,1,0,0,0,0,0,0,0,0,1,0,0,0,0,0,0,0,0,0,0,0,0,0,0,0,0,0,0,0,0,0,0,47,0,0,47,47,0,0,0,0,0,0,0,0,47,0,0,0,0,0,0,0,0,47,0,0,47,0,0,0,0,0,0,0,0,0,0,0,0,1,2.33204860003827
Sherburne Village Police Department,1990-10-01,New York,1531,NY00827,0,0,0,0,0,0,0,1,0,0,0,0,0,0,0,0,0,0,0,1,1,2,0,1,0,0,0,0,0,0,1,1,0,1,0,0,0,0,0,0,0,0,3498,0,0,0,0,0,0,0,0,0,0,0,350,2565,2915,6413,0,350,0,0,0,0,0,0,2565,0,0,2565,0,0,0,0,3498,350,0,0,6413,0,0,0,0,0,0,0,0,0,0,0,0,1,2.33204860003827
Sherburne Village Police Department,1990-11-01,New York,1531,NY00827,0,0,0,0,0,0,0,0,0,0,0,0,0,0,0,0,0,0,0,0,1,1,0,0,0,0,0,0,0,0,1,0,0,0,0,0,0,0,0,0,0,0,0,0,0,0,0,0,0,0,0,0,0,0,0,525,525,525,0,0,0,0,0,0,0,0,525,0,525,0,0,0,0,0,0,0,0,0,525,0,525,0,0,0,0,0,0,0,0,0,525,1,2.33204860003827
Sherburne Village Police Department,1990-12-01,New York,1531,NY00827,0,2,0,0,0,0,2,0,0,0,0,0,0,0,0,0,0,0,2,0,1,3,0,0,0,0,0,0,0,0,3,0,0,0,0,1329,0,0,0,0,0,1329,0,0,0,0,0,0,0,0,0,0,0,35,0,504,539,1868,0,0,0,0,0,0,0,0,539,0,504,0,0,0,0,0,0,35,1329,0,1868,0,0,0,0,0,0,0,0,0,385,0,385,1,2.33204860003827
Sherburne Village Police Department,1991-01-01,New York,1536,NY00827,0,0,0,0,3,0,3,0,0,0,0,0,0,0,0,0,0,0,2,1,0,3,0,0,0,1,0,0,0,0,2,0,0,0,0,0,0,0,0,0,0,0,0,0,0,0,0,0,0,0,0,0,0,67,336,0,403,403,0,0,0,336,0,0,0,0,67,336,67,0,0,0,0,0,0,0,0,0,403,0,67,0,0,0,0,0,0,0,0,0,67,1,2.23729976136572
Sherburne Village Police Department,1991-02-01,New York,1536,NY00827,0,0,0,0,0,0,0,0,0,0,0,0,0,0,0,0,0,0,0,0,1,1,0,0,0,0,0,0,0,0,1,0,0,0,0,0,0,0,0,0,0,0,0,0,0,0,0,0,0,0,0,0,0,0,0,515,515,515,0,0,0,0,0,0,0,0,515,0,0,0,0,0,0,0,0,0,0,515,515,0,0,0,0,0,0,0,0,0,0,515,515,1,2.23729976136572
Sherburne Village Police Department,1991-03-01,New York,1536,NY00827,0,0,0,0,0,0,0,0,0,0,0,0,0,0,0,0,0,0,1,0,0,1,0,0,0,0,0,0,0,0,1,0,0,0,0,0,0,0,0,0,0,0,0,0,0,0,0,0,0,0,0,0,0,22,0,0,22,22,0,0,0,0,0,0,0,0,22,0,22,0,0,0,0,0,0,0,0,0,22,0,0,0,0,0,0,0,0,0,0,0,0,1,2.23729976136572
Sherburne Village Police Department,1991-04-01,New York,1536,NY00827,0,0,0,0,1,0,1,0,0,0,0,0,0,0,0,0,0,0,1,0,0,1,0,0,0,0,0,0,0,0,1,0,0,0,0,0,0,0,1790,0,0,1790,0,0,0,0,0,0,0,0,0,0,0,34,0,0,34,1823,0,0,0,0,0,0,0,0,34,0,34,0,0,0,0,0,0,0,1790,0,1823,0,0,0,0,0,0,0,0,0,0,0,0,1,2.23729976136572
Sherburne Village Police Department,1991-05-01,New York,1536,NY00827,0,0,0,0,0,0,0,0,0,0,0,0,0,0,0,0,0,0,1,0,0,1,0,0,0,0,0,0,0,0,1,0,0,0,0,0,0,0,0,0,0,0,0,0,0,0,0,0,0,0,0,0,0,38,0,0,38,38,0,0,0,0,0,0,0,0,38,0,38,0,0,0,0,0,0,0,0,0,38,0,38,0,0,0,0,0,0,0,0,0,38,1,2.23729976136572
Sherburne Village Police Department,1991-06-01,New York,1536,NY00827,0,1,0,0,0,0,1,0,0,0,0,0,0,0,0,0,0,0,1,1,0,2,0,0,0,0,1,0,0,0,1,0,0,0,0,1119,0,0,0,0,0,1119,0,0,0,0,0,0,0,0,0,0,0,22,112,0,134,1253,0,0,0,0,112,0,0,0,22,0,134,1119,0,0,0,0,0,0,0,0,1253,0,0,0,0,0,0,0,0,0,0,0,0,1,2.23729976136572
Sherburne Village Police Department,1991-07-01,New York,1536,NY00827,0,0,0,0,5,0,5,0,0,0,0,0,0,0,0,0,0,0,0,0,1,1,0,0,0,0,0,0,0,1,0,0,0,0,0,0,0,0,1208,0,0,1208,0,0,0,0,0,0,0,0,0,0,0,0,0,447,447,1656,0,0,0,0,0,0,0,447,0,0,0,1656,0,0,0,0,0,0,0,0,1656,0,0,1656,0,0,0,0,0,0,0,0,1656,1,2.23729976136572
Sherburne Village Police Department,1991-08-01,New York,1536,NY00827,0,0,0,0,2,0,2,0,0,0,0,0,0,0,0,0,0,0,4,0,0,4,0,0,0,0,0,0,0,3,1,0,0,0,0,0,0,0,839,0,0,839,0,0,0,0,0,0,0,0,0,0,0,89,0,0,89,928,0,0,0,0,0,0,0,45,45,0,45,45,0,0,0,0,0,392,0,447,928,0,45,45,0,0,0,0,0,0,0,447,537,1,2.23729976136572
Sherburne Village Police Department,1991-09-01,New York,1536,NY00827,0,0,0,0,0,0,0,0,0,0,0,0,0,0,0,0,0,0,0,2,0,2,0,0,0,1,0,0,0,0,1,0,0,0,0,0,0,0,0,0,0,0,0,0,0,0,0,0,0,0,0,0,0,0,626,0,626,626,0,0,0,336,0,0,0,0,291,0,0,0,336,0,0,0,0,291,0,0,626,0,0,0,0,0,0,0,0,0,0,0,0,1,2.23729976136572
Sherburne Village Police Department,1991-10-01,New York,1536,NY00827,0,1,0,0,1,0,2,0,0,0,0,0,0,0,0,0,0,0,0,0,0,0,0,0,0,0,0,0,0,0,0,0,0,0,0,45,0,0,89,0,0,134,0,0,0,0,0,0,0,0,0,0,0,0,0,0,0,134,0,0,0,0,0,0,0,0,0,0,0,45,0,0,0,0,0,0,89,0,134,0,0,45,0,0,0,0,0,0,89,0,134,1,2.23729976136572
Sherburne Village Police Department,1991-11-01,New York,1536,NY00827,0,0,0,0,0,0,0,0,0,0,0,0,0,0,0,0,0,0,0,0,0,0,0,0,0,0,0,0,0,0,0,0,0,0,0,0,0,0,0,0,0,0,0,0,0,0,0,0,0,0,0,0,0,0,0,0,0,0,0,0,0,0,0,0,0,0,0,0,0,0,0,0,0,0,0,0,0,0,0,0,0,0,0,0,0,0,0,0,0,0,0,1,2.23729976136572
Sherburne Village Police Department,1991-12-01,New York,1536,NY00827,0,0,0,0,0,0,0,0,0,0,0,0,0,0,0,0,0,0,0,3,0,3,1,0,0,0,0,0,0,1,1,0,0,0,0,0,0,0,0,0,0,0,0,0,0,0,0,0,0,0,0,0,0,0,783,0,783,783,224,0,0,0,0,0,0,224,336,0,783,0,0,0,0,0,0,0,0,0,783,0,0,0,0,0,0,0,0,0,0,0,0,1,2.23729976136572
Sherburne Village Police Department,1992-01-01,New York,1541,NY00827,0,1,0,0,1,0,2,0,0,0,0,0,0,0,0,0,0,0,0,1,0,1,0,0,0,0,0,0,0,1,0,0,0,0,0,434,0,0,0,0,0,434,0,0,0,0,0,0,0,0,0,0,0,0,250,0,250,684,0,0,0,0,0,0,0,250,0,0,0,0,0,0,0,0,0,0,0,684,684,0,0,0,0,0,0,0,0,0,0,0,0,1,2.17152809122224
Sherburne Village Police Department,1992-02-01,New York,1541,NY00827,0,0,0,1,0,0,1,0,0,0,0,0,0,0,0,0,0,0,0,0,1,1,0,0,0,0,1,0,0,0,0,0,0,0,0,0,0,0,0,651,0,651,0,0,0,0,0,0,0,0,0,0,0,0,0,664,664,1316,0,0,0,0,664,0,0,0,0,0,0,1316,0,0,0,0,0,0,0,0,1316,0,0,0,0,0,0,0,0,0,0,0,0,1,2.17152809122224
Sherburne Village Police Department,1992-03-01,New York,1541,NY00827,0,0,0,0,0,0,0,0,0,0,0,0,0,0,0,0,0,0,1,0,1,2,0,0,0,1,0,0,0,0,1,0,0,0,0,0,0,0,0,0,0,0,0,0,0,0,0,0,0,0,0,0,0,33,0,434,467,467,0,0,0,33,0,0,0,0,434,0,0,434,0,0,0,0,0,33,0,0,467,0,0,434,0,0,0,0,0,0,0,0,434,1,2.17152809122224
Sherburne Village Police Department,1992-04-01,New York,1541,NY00827,0,0,0,0,0,0,0,0,0,0,0,0,0,0,0,0,0,0,2,0,1,3,0,0,1,0,0,0,0,1,1,0,0,0,0,0,0,0,0,0,0,0,0,0,0,0,0,0,0,0,0,0,0,117,0,460,578,578,0,0,43,0,0,0,0,74,460,0,578,0,0,0,0,0,0,0,0,0,578,0,195,0,0,0,0,0,0,0,0,0,195,1,2.17152809122224
Sherburne Village Police Department,1992-05-01,New York,1541,NY00827,0,1,0,0,0,0,1,0,0,0,0,0,0,0,0,0,0,0,1,1,0,2,0,0,0,0,0,0,0,1,1,0,0,0,0,1325,0,0,0,0,0,1325,0,0,0,0,0,0,0,0,0,0,0,7,271,0,278,1603,0,0,0,0,0,0,0,7,271,0,7,912,0,271,0,0,0,413,0,0,1603,0,7,0,0,0,0,0,0,0,0,0,7,1,2.17152809122224
Sherburne Village Police Department,1992-06-01,New York,1541,NY00827,0,0,0,0,0,0,0,0,0,0,0,0,0,0,0,0,0,0,1,0,0,1,0,0,0,0,0,0,0,0,1,0,0,0,0,0,0,0,0,0,0,0,0,0,0,0,0,0,0,0,0,0,0,17,0,0,17,17,0,0,0,0,0,0,0,0,17,0,0,0,0,0,0,0,0,17,0,0,17,0,0,0,0,0,0,0,0,0,0,0,0,1,2.17152809122224
Sherburne Village Police Department,1992-07-01,New York,1541,NY00827,0,0,0,0,1,0,1,0,0,0,0,0,0,0,0,0,0,0,4,0,0,4,0,0,0,0,0,0,0,4,0,0,0,0,0,0,0,0,54,0,0,54,0,0,0,0,0,0,0,0,0,0,0,61,0,0,61,115,0,0,0,0,0,0,0,61,0,0,0,54,0,0,0,0,0,61,0,0,115,0,0,54,0,0,0,0,0,61,0,0,115,1,2.17152809122224
Sherburne Village Police Department,1992-08-01,New York,1541,NY00827,0,0,1,0,0,0,1,0,0,0,0,0,0,0,0,0,0,0,1,2,0,3,0,0,0,0,3,0,0,0,0,0,0,0,0,0,0,760,0,0,0,760,0,0,0,0,0,0,0,0,0,0,0,0,358,0,358,1118,0,0,0,0,358,0,0,0,0,0,0,0,0,109,0,0,0,1010,0,0,1118,0,0,0,0,109,0,0,0,0,0,0,109,1,2.17152809122224
Sherburne Village Police Department,1992-09-01,New York,1541,NY00827,0,0,0,1,0,0,1,0,0,0,0,0,0,0,0,0,0,0,0,0,1,1,1,0,0,0,0,0,0,0,0,0,0,0,0,0,0,0,0,261,0,261,0,0,0,0,0,0,0,0,0,0,0,0,0,927,927,1188,927,0,0,0,0,0,0,0,0,0,0,43,0,261,0,0,0,15,0,869,1188,0,0,43,0,261,0,0,0,15,0,869,1188,1,2.17152809122224
Sherburne Village Police Department,1992-10-01,New York,1541,NY00827,0,0,0,0,1,1,2,0,0,0,0,0,0,0,0,0,0,0,0,2,1,3,0,0,0,0,1,0,0,0,2,0,0,0,0,0,0,0,1520,0,1629,3149,0,0,0,0,0,0,0,0,0,0,0,0,326,651,977,4126,0,0,0,0,326,0,0,0,651,0,0,1629,0,0,326,0,0,2172,0,0,4126,0,0,1629,0,0,326,0,0,0,0,0,1954,1,2.17152809122224
Sherburne Village Police Department,1992-11-01,New York,1541,NY00827,0,0,0,0,1,0,1,0,0,0,0,0,0,0,0,0,0,0,2,0,0,2,0,0,1,0,1,0,0,0,0,0,0,0,0,0,0,0,543,0,0,543,0,0,0,0,0,0,0,0,0,0,0,109,0,0,109,651,0,0,54,0,54,0,0,0,0,0,54,54,0,0,0,0,0,0,0,543,651,0,0,54,0,0,0,0,0,0,0,0,54,1,2.17152809122224
Sherburne Village Police Department,1992-12-01,New York,1541,NY00827,0,0,0,0,2,0,2,0,0,0,0,0,0,0,0,0,0,0,0,0,0,0,0,0,0,0,0,0,0,0,0,0,0,0,0,0,0,0,4452,0,0,4452,0,0,0,0,0,0,0,0,0,0,0,0,0,0,0,4452,0,0,0,0,0,0,0,0,0,0,1411,3040,0,0,0,0,0,0,0,0,4452,0,326,0,0,0,0,0,0,0,0,0,326,1,2.17152809122224
Sherburne Village Police Department,1993-01-01,New York,1571,NY00827,0,0,0,0,1,0,1,0,0,0,0,0,0,0,0,0,0,0,1,0,0,1,0,0,0,0,0,0,0,1,0,0,0,0,0,0,0,0,911,0,0,911,0,0,0,0,0,0,0,0,0,0,0,49,0,0,49,960,0,0,0,0,0,0,0,49,0,0,49,911,0,0,0,0,0,0,0,0,960,0,49,0,0,0,0,0,0,0,0,0,49,1,2.10926968560715
Sherburne Village Police Department,1993-02-01,New York,1571,NY00827,0,0,0,0,0,0,0,1,0,0,0,0,0,0,0,0,0,0,1,1,0,2,0,0,0,1,0,0,0,1,0,0,1,1,0,0,0,0,0,0,0,0,42185,0,0,0,0,0,0,0,0,0,0,13,375,0,388,42573,0,0,0,375,0,0,0,13,0,0,388,0,0,0,0,0,42185,0,0,0,42573,0,388,0,0,0,0,0,42185,0,0,0,42573,1,2.10926968560715
Sherburne Village Police Department,1993-03-01,New York,1571,NY00827,0,0,0,0,0,0,0,2,0,0,0,0,0,0,0,0,0,0,0,0,0,0,0,0,0,0,0,0,0,0,0,0,1,1,0,0,0,0,0,0,0,0,6117,0,0,0,0,0,0,0,0,0,0,0,0,0,0,6117,0,0,0,0,0,0,0,0,0,0,0,0,0,0,0,0,6117,0,0,0,6117,0,0,0,0,0,0,0,6117,0,0,0,6117,1,2.10926968560715
Sherburne Village Police Department,1993-04-01,New York,1571,NY00827,0,0,0,0,2,0,2,0,0,0,0,0,0,0,0,0,0,0,7,0,1,8,0,0,0,7,0,0,0,0,1,0,1,1,0,0,0,0,1080,0,0,1080,0,0,0,0,0,0,0,0,0,0,0,316,0,443,759,1839,0,0,0,759,0,0,0,0,0,0,1839,0,0,0,0,0,0,0,0,0,1839,0,0,0,0,0,0,0,0,0,0,0,0,1,2.10926968560715
Sherburne Village Police Department,1993-05-01,New York,1571,NY00827,0,0,0,0,1,0,1,0,0,0,0,0,0,0,0,0,0,0,0,1,0,1,0,0,0,0,0,0,0,0,1,0,0,0,0,0,0,0,506,0,0,506,0,0,0,0,0,0,0,0,0,0,0,0,232,0,232,738,0,0,0,0,0,0,0,0,232,0,232,506,0,0,0,0,0,0,0,0,738,0,0,0,0,0,0,0,0,0,0,0,0,1,2.10926968560715
Sherburne Village Police Department,1993-06-01,New York,1571,NY00827,0,0,0,0,0,0,0,0,0,0,0,0,0,0,0,0,0,0,2,1,0,3,0,0,0,0,0,0,0,1,2,0,0,0,0,0,0,0,0,0,0,0,0,0,0,0,0,0,0,0,0,0,0,0,160,0,160,160,0,0,0,0,0,0,0,13,148,0,160,0,0,0,0,0,0,0,0,0,160,0,13,0,0,0,0,0,0,0,0,0,13,1,2.10926968560715
Sherburne Village Police Department,1993-07-01,New York,1571,NY00827,0,1,0,0,4,0,5,0,0,0,0,0,0,0,0,0,0,0,0,1,0,1,0,0,0,0,0,0,0,0,1,0,0,0,0,844,0,0,2531,0,0,3375,0,0,0,0,0,0,0,0,0,0,0,0,264,0,264,3638,0,0,0,0,0,0,0,0,264,0,264,3375,0,0,0,0,0,0,0,0,3638,0,264,0,0,0,0,0,0,0,0,0,264,1,2.10926968560715
Sherburne Village Police Department,1993-08-01,New York,1571,NY00827,0,0,0,0,1,0,1,0,0,0,0,0,0,0,0,0,0,0,1,0,2,3,0,2,0,0,0,0,0,0,1,0,0,0,0,0,0,0,0,0,0,0,0,0,0,0,0,0,0,0,0,0,0,42,0,1266,1308,1308,0,1266,0,0,0,0,0,0,42,0,1308,0,0,0,0,0,0,0,0,0,1308,0,422,0,0,0,0,0,0,0,0,0,422,1,2.10926968560715
Sherburne Village Police Department,1993-09-01,New York,1571,NY00827,0,0,0,0,0,0,0,1,0,0,0,0,0,0,0,0,0,0,1,1,2,4,0,2,0,0,1,0,0,0,1,1,0,1,0,0,0,0,0,0,0,0,3375,0,0,0,0,0,0,0,0,0,0,0,158,1160,1318,4693,0,580,0,0,738,0,0,0,0,0,0,738,0,0,0,0,3375,580,0,0,4693,0,0,0,0,0,0,0,3375,0,0,0,3375,1,2.10926968560715
Sherburne Village Police Department,1993-10-01,New York,1571,NY00827,0,1,0,0,1,0,2,0,0,0,0,0,0,0,0,0,0,0,0,1,2,3,0,1,0,0,0,0,0,0,2,0,0,0,0,127,0,0,527,0,0,654,0,0,0,0,0,0,0,0,0,0,0,0,316,1266,1582,2236,0,844,0,0,0,0,0,0,738,0,127,527,0,0,0,0,0,1582,0,0,2236,0,0,0,0,0,0,0,0,316,0,0,316,1,2.10926968560715
Sherburne Village Police Department,1993-11-01,New York,1571,NY00827,0,0,0,0,0,0,0,0,0,0,0,0,0,0,0,0,0,0,0,2,0,2,0,2,0,0,0,0,0,0,0,0,0,0,0,0,0,0,0,0,0,0,0,0,0,0,0,0,0,0,0,0,0,0,422,0,422,422,0,422,0,0,0,0,0,0,0,0,0,0,0,0,0,0,0,422,0,0,422,0,0,0,0,0,0,0,0,422,0,0,422,1,2.10926968560715
Sherburne Village Police Department,1993-12-01,New York,1571,NY00827,0,0,0,0,0,1,1,0,0,0,0,0,0,0,0,0,0,0,1,1,1,3,0,0,0,0,0,0,0,1,2,0,0,0,0,0,0,0,0,0,3586,3586,0,0,0,0,0,0,0,0,0,0,0,0,105,1160,1266,4851,0,0,0,0,0,0,0,105,1160,0,3586,105,0,0,0,0,0,1160,0,0,4851,0,0,0,0,0,0,0,0,1160,0,0,1160,1,2.10926968560715
Sherburne Village Police Department,1994-01-01,New York,1568,NY00827,0,0,1,0,0,1,2,0,0,0,0,0,0,0,0,0,0,0,1,1,0,2,0,0,0,1,0,0,0,1,0,0,0,0,0,0,0,185,0,0,411,596,0,0,0,0,0,0,0,0,0,0,0,0,380,0,380,976,0,0,0,380,0,0,0,0,0,257,0,185,0,0,0,0,0,534,0,0,976,0,0,0,0,0,0,0,0,0,0,0,0,1,2.05566930904593
Sherburne Village Police Department,1994-02-01,New York,1568,NY00827,0,0,0,0,0,1,1,0,0,0,0,0,0,0,0,0,0,0,0,1,0,1,0,0,0,0,0,0,0,1,0,0,0,0,0,0,0,0,0,0,411,411,0,0,0,0,0,0,0,0,0,0,0,0,154,0,154,565,0,0,0,0,0,0,0,154,0,0,154,411,0,0,0,0,0,0,0,0,565,0,154,0,0,0,0,0,0,0,0,0,154,1,2.05566930904593
Sherburne Village Police Department,1994-03-01,New York,1568,NY00827,0,0,0,0,3,0,3,0,0,0,0,0,0,0,0,0,0,0,3,0,0,3,0,0,3,0,0,0,0,0,0,0,0,0,0,0,0,0,1388,0,0,1388,0,0,0,0,0,0,0,0,0,0,0,49,0,0,49,1437,0,0,49,0,0,0,0,0,0,0,0,1437,0,0,0,0,0,0,0,0,1437,0,0,0,0,0,0,0,0,0,0,0,0,1,2.05566930904593
Sherburne Village Police Department,1994-04-01,New York,1568,NY00827,0,0,0,0,3,0,3,0,0,0,0,0,0,0,0,0,1,1,0,1,0,1,0,1,0,0,0,0,0,0,0,0,0,0,0,0,0,0,3197,0,0,3197,0,0,0,0,0,0,0,0,0,144,144,0,401,0,401,3741,0,401,0,0,0,0,0,0,0,0,0,0,0,0,0,0,0,3741,0,0,3741,0,0,0,0,0,0,0,0,0,0,0,0,1,2.05566930904593
Sherburne Village Police Department,1994-05-01,New York,1568,NY00827,0,0,0,0,2,0,2,0,0,0,0,0,1,0,0,0,0,1,1,0,2,3,0,1,0,0,0,0,0,1,1,0,0,0,0,0,0,0,1275,0,0,1275,0,0,0,0,0,0,0,0,0,0,0,41,0,2148,2189,3464,0,617,0,0,0,0,0,41,1531,0,41,1531,0,0,0,0,0,1901,0,0,3474,0,41,1531,0,0,0,0,0,0,0,0,1573,1,2.05566930904593
Sherburne Village Police Department,1994-06-01,New York,1568,NY00827,0,0,0,0,2,2,4,0,0,0,0,0,0,0,0,0,0,0,1,0,0,1,0,0,0,0,1,0,0,0,0,1,0,1,0,0,0,0,99,0,0,99,0,0,0,0,0,0,0,0,0,0,0,41,0,0,41,140,0,0,0,0,41,0,0,0,0,0,0,41,0,0,0,0,0,99,0,0,140,0,0,41,0,0,0,0,0,99,0,0,140,1,2.05566930904593
Sherburne Village Police Department,1994-07-01,New York,1568,NY00827,0,0,0,1,2,0,3,0,0,0,0,0,0,0,0,0,0,0,3,1,0,4,0,0,0,3,0,0,0,0,1,0,0,0,0,0,0,0,185,0,0,185,0,0,0,0,0,0,0,0,0,0,0,169,134,0,302,487,0,0,0,169,0,0,0,0,134,0,134,354,0,0,0,0,0,0,0,0,487,0,0,0,0,0,0,0,0,0,0,0,0,1,2.05566930904593
Sherburne Village Police Department,1994-08-01,New York,1568,NY00827,1,0,0,0,0,0,1,0,0,0,0,0,0,0,0,0,0,0,0,0,1,1,0,0,0,0,0,0,0,0,1,0,0,0,0,0,0,0,0,0,0,0,0,0,0,0,0,0,0,0,0,0,0,0,0,46561,46561,46561,0,0,0,0,0,0,0,0,46561,0,0,46561,0,0,0,0,0,0,0,0,46561,0,0,0,0,0,0,0,0,0,0,0,0,1,2.05566930904593
Sherburne Village Police Department,1994-09-01,New York,1568,NY00827,0,0,0,0,1,1,2,1,0,0,0,0,0,0,0,0,0,0,2,3,1,6,0,0,0,0,0,0,0,0,6,0,0,0,0,0,0,0,134,0,216,349,34946,0,0,0,0,0,0,0,0,0,0,0,308,1645,1953,37249,0,0,0,0,0,0,0,0,1953,0,216,1655,0,0,0,0,34946,432,0,0,37249,0,0,0,0,0,0,0,0,0,0,0,0,1,2.05566930904593
Sherburne Village Police Department,1994-10-01,New York,1568,NY00827,0,0,0,0,0,0,0,0,0,0,0,0,0,0,0,0,0,0,2,0,0,2,0,0,2,0,0,0,0,0,0,0,0,0,0,0,0,0,0,0,0,0,0,0,0,0,0,0,0,0,0,0,0,29,0,0,29,29,0,0,29,0,0,0,0,0,0,0,0,0,0,0,0,0,0,29,0,0,29,0,0,0,0,0,0,0,0,0,0,0,0,1,2.05566930904593
Sherburne Village Police Department,1994-11-01,New York,1568,NY00827,0,0,0,0,1,0,1,0,0,0,0,0,0,0,0,0,0,0,0,0,0,0,0,0,0,0,0,0,0,0,0,0,0,0,0,0,0,0,514,0,0,514,0,0,0,0,0,0,0,0,0,0,0,0,0,0,0,514,0,0,0,0,0,0,0,0,0,0,514,0,0,0,0,0,0,0,0,0,514,0,0,0,0,0,0,0,0,0,0,0,0,1,2.05566930904593
Sherburne Village Police Department,1994-12-01,New York,1568,NY00827,0,0,0,0,0,1,1,0,0,0,0,0,0,0,0,0,0,0,1,0,0,1,0,0,0,0,0,0,0,0,1,0,0,0,0,0,0,0,0,0,226,226,0,0,0,0,0,0,0,0,0,0,0,21,0,0,21,247,0,0,0,0,0,0,0,0,21,0,0,247,0,0,0,0,0,0,0,0,247,0,0,0,0,0,0,0,0,0,0,0,0,1,2.05566930904593
Sherburne Village Police Department,1995-01-01,New York,1536,NY00827,0,0,0,0,0,0,0,0,0,0,0,0,0,0,0,0,0,0,1,0,0,1,0,0,0,0,0,0,0,1,0,0,0,0,0,0,0,0,0,0,0,0,0,0,0,0,0,0,0,0,0,0,0,20,0,0,20,20,0,0,0,0,0,0,0,20,0,0,0,0,0,0,0,0,0,20,0,0,20,0,0,0,0,0,0,0,0,0,0,0,0,1,1.99957289729848
Sherburne Village Police Department,1995-02-01,New York,1536,NY00827,0,2,0,0,3,0,5,0,0,0,0,0,0,0,0,0,0,0,2,0,0,2,0,0,0,0,0,0,0,2,0,0,0,0,0,0,0,0,0,0,0,0,0,0,0,0,0,0,0,0,0,0,0,6,0,0,6,6,0,0,0,0,0,0,0,6,0,0,6,0,0,0,0,0,0,0,0,0,6,0,6,0,0,0,0,0,0,0,0,0,6,1,1.99957289729848
Sherburne Village Police Department,1995-03-01,New York,1536,NY00827,0,0,0,0,0,0,0,0,0,0,0,0,0,0,1,0,0,1,1,1,1,3,0,0,0,2,0,0,0,0,1,0,0,0,0,0,0,0,0,0,0,0,0,0,0,0,0,0,0,34,0,0,34,0,160,400,560,594,0,0,0,360,0,0,0,0,200,0,0,594,0,0,0,0,0,0,0,0,594,0,0,34,0,0,0,0,0,0,0,0,34,1,1.99957289729848
Sherburne Village Police Department,1995-04-01,New York,1536,NY00827,0,1,0,0,0,1,2,0,0,0,0,0,0,0,0,0,0,0,0,0,2,2,0,1,0,0,0,0,0,0,1,0,0,0,0,50,0,0,0,0,1500,1550,0,0,0,0,0,0,0,0,0,0,0,0,0,3199,3199,4749,0,1000,0,0,0,0,0,0,2200,0,0,50,0,0,0,0,0,4699,0,0,4749,0,0,0,0,0,0,0,0,0,0,0,0,1,1.99957289729848
Sherburne Village Police Department,1995-05-01,New York,1536,NY00827,0,1,0,0,1,0,2,0,0,0,0,0,0,0,0,0,0,0,2,0,1,3,0,0,0,2,0,0,0,0,1,0,0,0,0,48,0,0,312,0,0,360,0,0,0,0,0,0,0,0,0,0,0,0,0,400,400,760,0,0,0,400,0,0,0,0,0,0,48,400,0,0,0,0,0,312,0,0,760,0,0,0,0,0,0,0,0,312,0,0,312,1,1.99957289729848
Sherburne Village Police Department,1995-06-01,New York,1536,NY00827,0,1,0,0,0,0,1,0,0,0,0,0,0,0,0,0,0,0,1,1,0,2,0,1,0,0,0,0,0,0,1,0,0,0,0,5999,0,0,0,0,0,5999,0,0,0,0,0,0,0,0,0,0,0,36,104,0,140,6139,0,104,0,0,0,0,0,0,36,0,0,6035,0,0,0,0,0,104,0,0,6139,0,0,36,0,0,0,0,0,104,0,0,140,1,1.99957289729848
Sherburne Village Police Department,1995-07-01,New York,1536,NY00827,0,0,0,0,1,0,1,0,0,0,0,0,0,0,0,0,0,0,1,0,0,1,0,0,0,1,0,0,0,0,0,0,0,0,0,0,0,0,250,0,0,250,0,0,0,0,0,0,0,0,0,0,0,50,0,0,50,300,0,0,0,50,0,0,0,0,0,0,250,50,0,0,0,0,0,0,0,0,300,0,0,0,0,0,0,0,0,0,0,0,0,1,1.99957289729848
Sherburne Village Police Department,1995-08-01,New York,1536,NY00827,0,0,0,0,1,1,2,0,0,0,0,0,0,0,0,0,0,0,2,2,0,4,0,1,0,1,0,0,0,1,1,0,0,0,0,0,0,0,0,0,90,90,0,0,0,0,0,0,0,0,0,0,0,24,410,0,434,524,0,200,0,20,0,0,0,4,210,0,4,0,0,0,0,0,0,520,0,0,524,0,0,0,0,0,0,0,0,0,0,0,0,1,1.99957289729848
Sherburne Village Police Department,1995-09-01,New York,1536,NY00827,0,0,0,0,1,0,1,0,0,0,0,0,0,0,0,0,0,0,1,1,0,2,0,1,0,1,0,0,0,0,0,0,0,0,0,0,0,0,0,0,0,0,0,0,0,0,0,0,0,0,0,0,0,4,300,0,304,304,0,300,0,4,0,0,0,0,0,0,0,4,0,0,0,0,0,300,0,0,304,0,0,0,0,0,0,0,0,300,0,0,300,1,1.99957289729848
Sherburne Village Police Department,1995-10-01,New York,1536,NY00827,0,0,0,0,0,2,2,0,0,0,0,0,0,0,0,0,0,0,0,1,0,1,0,0,0,1,0,0,0,0,0,0,0,0,0,0,0,0,0,0,850,850,0,0,0,0,0,0,0,0,0,0,0,0,120,0,120,970,0,0,0,120,0,0,0,0,0,0,0,120,0,0,0,0,0,850,0,0,970,0,0,0,0,0,0,0,0,850,0,0,850,1,1.99957289729848
Sherburne Village Police Department,1995-11-01,New York,1536,NY00827,0,0,1,0,1,1,3,0,0,0,0,0,0,0,0,0,0,0,1,1,0,2,0,0,0,0,0,0,0,0,2,0,0,0,0,0,0,0,800,0,0,800,0,0,0,0,0,0,0,0,0,0,0,70,330,0,400,1200,0,0,0,0,0,0,0,0,400,0,0,1200,0,0,0,0,0,0,0,0,1200,0,0,0,0,0,0,0,0,0,0,0,0,1,1.99957289729848
Sherburne Village Police Department,1995-12-01,New York,1536,NY00827,0,0,0,0,1,0,1,0,0,0,0,0,0,0,0,0,0,0,1,0,0,1,0,0,0,0,0,0,0,1,0,0,0,0,0,0,0,0,80,0,0,80,0,0,0,0,0,0,0,0,0,0,0,16,0,0,16,96,0,0,0,0,0,0,0,16,0,0,16,0,0,0,0,0,0,80,0,0,96,0,0,0,0,0,0,0,0,0,0,0,0,1,1.99957289729848
Sherburne Village Police Department,1996-01-01,New York,1540,NY00827,0,0,0,0,0,0,0,0,0,0,0,0,0,0,0,0,0,0,1,2,0,3,0,0,0,1,0,0,0,1,1,0,0,0,0,0,0,0,0,0,0,0,0,0,0,0,0,0,0,0,0,0,0,6,291,0,297,297,0,0,0,97,0,0,0,6,194,194,103,0,0,0,0,0,0,0,0,0,297,194,6,0,0,0,0,0,0,0,0,0,200,1,1.94263043247264
Sherburne Village Police Department,1996-02-01,New York,1540,NY00827,0,0,0,0,1,0,1,0,0,0,0,0,0,0,0,0,0,0,5,0,0,5,0,0,0,0,5,0,0,0,0,0,0,0,0,0,0,0,389,0,0,389,0,0,0,0,0,0,0,0,0,0,0,272,0,0,272,660,0,0,0,0,272,0,0,0,0,0,0,660,0,0,0,0,0,0,0,0,660,0,0,0,0,0,0,0,0,0,0,0,0,1,1.94263043247264
Sherburne Village Police Department,1996-03-01,New York,1540,NY00827,0,0,0,0,1,0,1,0,0,0,0,0,0,0,0,0,0,0,0,0,0,0,0,0,0,0,0,0,0,0,0,0,0,0,0,0,0,0,39,0,0,39,0,0,0,0,0,0,0,0,0,0,0,0,0,0,0,39,0,0,0,0,0,0,0,0,0,0,39,0,0,0,0,0,0,0,0,0,39,0,39,0,0,0,0,0,0,0,0,0,39,1,1.94263043247264
Sherburne Village Police Department,1996-04-01,New York,1540,NY00827,0,0,0,0,2,0,2,0,0,0,0,0,0,0,0,0,0,0,0,1,0,1,0,0,0,0,1,0,0,0,0,0,0,0,0,0,0,0,0,0,0,0,0,0,0,0,0,0,0,0,0,0,0,0,291,0,291,291,0,0,0,0,291,0,0,0,0,0,291,0,0,0,0,0,0,0,0,0,291,0,0,0,0,0,0,0,0,0,0,0,0,1,1.94263043247264
Sherburne Village Police Department,1996-05-01,New York,1540,NY00827,0,0,0,0,0,1,1,0,0,0,0,0,0,0,0,0,0,0,2,0,0,2,0,1,0,0,0,0,0,0,1,0,0,0,0,0,0,0,0,0,282,282,0,0,0,0,0,0,0,0,0,0,0,23,0,0,23,305,0,0,0,0,0,0,0,0,23,0,23,0,0,0,0,0,0,282,0,0,305,0,0,0,0,0,0,0,0,0,0,0,0,1,1.94263043247264
Sherburne Village Police Department,1996-06-01,New York,1540,NY00827,0,0,0,0,0,1,1,0,0,0,0,0,0,0,0,0,0,0,2,1,0,3,0,1,0,0,0,0,0,0,2,0,0,0,0,0,0,0,0,0,670,670,0,0,0,0,0,0,0,0,0,0,0,0,175,0,175,845,0,0,0,0,0,0,0,0,175,0,107,68,0,0,0,0,0,670,0,0,845,0,107,0,0,0,0,0,0,0,0,0,107,1,1.94263043247264
Sherburne Village Police Department,1996-07-01,New York,1540,NY00827,0,0,0,0,0,1,1,0,0,0,0,0,0,0,0,0,0,0,3,0,0,3,0,0,0,0,0,0,0,0,3,0,0,0,0,0,0,0,0,0,0,0,0,0,0,0,0,0,0,0,0,0,0,175,0,0,175,175,0,0,0,0,0,0,0,0,175,0,175,0,0,0,0,0,0,0,0,0,175,0,175,0,0,0,0,0,0,0,0,0,175,1,1.94263043247264
Sherburne Village Police Department,1996-08-01,New York,1540,NY00827,0,0,0,0,2,0,2,0,0,0,0,0,0,0,0,0,0,0,1,0,1,2,0,1,0,0,0,0,0,1,0,0,0,0,0,0,0,0,2576,0,0,2576,0,0,0,0,0,0,0,0,0,0,0,58,0,639,697,3273,0,639,0,0,0,0,0,58,0,0,58,0,0,0,0,0,0,639,0,2576,3273,0,58,0,0,0,0,0,0,0,0,2576,2634,1,1.94263043247264
Sherburne Village Police Department,1996-09-01,New York,1540,NY00827,2,0,1,0,0,0,3,0,0,0,0,0,0,0,0,0,0,0,0,0,0,0,0,0,0,0,0,0,0,0,0,0,0,0,0,0,243,0,0,0,0,243,0,0,0,0,0,0,0,0,0,0,0,0,0,0,0,243,0,0,0,0,0,0,0,0,0,0,0,243,0,0,0,0,0,0,0,0,243,0,0,0,0,0,0,0,0,0,0,0,0,1,1.94263043247264
Sherburne Village Police Department,1996-10-01,New York,1540,NY00827,0,0,0,0,1,0,1,0,0,0,0,0,0,0,0,0,0,0,3,0,0,3,0,0,0,0,0,0,0,0,3,0,0,0,0,0,0,0,660,0,0,660,0,0,0,0,0,0,0,0,0,0,0,126,0,0,126,787,0,0,0,0,0,0,0,0,126,0,126,0,0,0,0,0,0,0,0,660,787,0,126,0,0,0,0,0,0,0,0,660,787,1,1.94263043247264
Sherburne Village Police Department,1996-11-01,New York,1540,NY00827,0,1,0,0,1,0,2,0,0,0,0,0,0,0,0,0,0,0,1,0,1,2,0,0,0,0,0,0,0,0,2,0,0,0,0,0,0,0,2914,0,0,2914,0,0,0,0,0,0,0,0,0,0,0,87,0,534,622,3536,0,0,0,0,0,0,0,0,622,0,622,0,0,0,0,0,0,0,0,2914,3536,0,0,0,0,0,0,0,0,0,0,0,0,1,1.94263043247264
Sherburne Village Police Department,1996-12-01,New York,1540,NY00827,0,0,0,0,1,0,1,0,0,0,0,0,0,0,0,0,0,0,1,0,0,1,0,0,0,0,0,0,0,1,0,0,0,0,0,0,0,0,0,0,0,0,0,0,0,0,0,0,0,0,0,0,0,39,0,0,39,39,0,0,0,0,0,0,0,39,0,0,39,0,0,0,0,0,0,0,0,0,39,0,0,0,0,0,0,0,0,0,0,0,0,1,1.94263043247264
Sherburne Village Police Department,1997-01-01,New York,1535,NY00827,0,1,0,0,0,1,2,0,0,0,0,0,0,0,0,0,0,0,0,1,1,2,0,0,0,1,1,0,0,0,0,0,0,0,0,0,0,0,0,0,0,0,0,0,0,0,0,0,0,0,0,0,0,0,237,13288,13525,13525,0,0,0,237,13288,0,0,0,0,0,0,0,0,0,0,0,0,237,13288,0,13525,0,0,0,0,0,0,0,0,237,13288,0,13525,1,1.89825511369536
Sherburne Village Police Department,1997-02-01,New York,1535,NY00827,0,0,0,0,2,0,2,0,0,0,0,0,0,0,0,0,0,0,6,3,0,9,0,0,0,7,1,0,0,1,0,0,0,0,0,0,0,0,228,0,0,228,0,0,0,0,0,0,0,0,0,0,0,279,475,0,754,981,0,0,0,380,222,0,0,152,0,0,0,475,0,0,0,0,0,317,0,190,981,0,0,0,0,0,0,0,0,317,0,190,507,1,1.89825511369536
Sherburne Village Police Department,1997-03-01,New York,1535,NY00827,1,0,0,0,0,0,1,0,0,0,0,0,0,0,0,0,0,0,1,0,0,1,0,0,0,0,0,0,0,1,0,0,0,0,0,0,57,0,0,0,0,57,0,0,0,0,0,0,0,0,0,0,0,19,0,0,19,76,0,0,0,0,0,0,0,19,0,0,76,0,0,0,0,0,0,0,0,0,76,0,0,0,0,0,0,0,0,0,0,0,0,1,1.89825511369536
Sherburne Village Police Department,1997-04-01,New York,1535,NY00827,0,0,0,0,0,0,0,0,0,0,0,0,0,0,0,0,0,0,3,0,0,3,0,0,0,0,0,0,0,2,1,0,0,0,0,0,0,0,0,0,0,0,0,0,0,0,0,0,0,0,0,0,0,63,0,0,63,63,0,0,0,0,0,0,0,6,57,0,63,0,0,0,0,0,0,0,0,0,63,0,6,0,0,0,0,0,0,0,0,0,6,1,1.89825511369536
Sherburne Village Police Department,1997-05-01,New York,1535,NY00827,0,1,0,0,0,0,1,0,0,0,0,0,0,0,0,0,0,0,3,0,0,3,0,0,2,0,0,0,0,1,0,0,0,0,0,0,0,0,0,0,0,0,0,0,0,0,0,0,0,0,0,0,0,36,0,0,36,36,0,0,30,0,0,0,0,6,0,0,30,0,0,0,0,0,0,6,0,0,36,0,0,0,0,0,0,0,0,0,0,0,0,1,1.89825511369536
Sherburne Village Police Department,1997-06-01,New York,1535,NY00827,1,2,0,0,0,0,3,0,0,0,0,0,0,0,0,0,0,0,3,2,0,5,0,2,0,3,0,0,0,0,0,0,0,0,0,76,38,0,0,0,0,114,0,0,0,0,0,0,0,0,0,0,0,76,532,0,607,721,0,532,0,76,0,0,0,0,0,0,0,190,0,0,0,0,0,532,0,0,721,0,0,0,0,0,0,0,0,532,0,0,532,1,1.89825511369536
Sherburne Village Police Department,1997-07-01,New York,1535,NY00827,0,0,0,0,0,1,1,0,0,0,0,0,0,0,0,0,0,0,0,3,0,3,0,0,0,3,0,0,0,0,0,0,0,0,0,0,0,0,0,0,569,569,0,0,0,0,0,0,0,0,0,0,0,0,522,0,522,1091,0,0,0,522,0,0,0,0,0,0,0,9,0,0,0,0,0,513,0,569,1091,0,0,0,0,0,0,0,0,0,0,0,0,1,1.89825511369536
Sherburne Village Police Department,1997-08-01,New York,1535,NY00827,0,0,0,0,1,0,1,0,0,0,0,0,0,0,0,0,0,0,3,0,0,3,1,0,0,1,0,0,0,1,0,0,0,0,0,0,0,0,114,0,0,114,0,0,0,0,0,0,0,0,0,0,0,123,0,0,123,237,76,0,0,38,0,0,0,9,0,0,85,114,0,0,0,0,0,0,0,38,237,0,0,0,0,0,0,0,0,0,0,0,0,1,1.89825511369536
Sherburne Village Police Department,1997-09-01,New York,1535,NY00827,0,0,0,0,0,0,0,0,0,0,0,0,0,0,0,0,0,0,0,2,2,4,0,3,0,1,0,0,0,0,0,0,0,0,0,0,0,0,0,0,0,0,0,0,0,0,0,0,0,0,0,0,0,0,475,4746,5220,5220,0,1424,0,3797,0,0,0,0,0,0,0,0,0,0,0,0,0,5220,0,0,5220,0,0,0,0,0,0,0,0,0,0,0,0,1,1.89825511369536
Sherburne Village Police Department,1997-10-01,New York,1535,NY00827,1,0,0,0,1,0,2,0,0,0,0,0,0,0,0,0,0,0,2,2,3,7,0,3,0,4,0,0,0,0,0,0,0,0,0,0,30,0,38,0,0,68,0,0,0,0,0,0,0,0,0,0,0,0,285,1139,1424,1492,0,1139,0,285,0,0,0,0,0,0,0,30,0,0,0,0,0,1177,0,285,1492,0,0,0,0,0,0,0,0,0,0,0,0,1,1.89825511369536
Sherburne Village Police Department,1997-11-01,New York,1535,NY00827,0,1,0,0,1,0,2,0,0,0,0,0,0,0,0,0,0,0,1,1,0,2,0,0,1,1,0,0,0,0,0,0,0,0,0,40,0,0,38,0,0,78,0,0,0,0,0,0,0,0,0,0,0,30,285,0,315,393,0,0,30,285,0,0,0,0,0,0,70,38,0,0,0,0,0,0,0,285,393,0,0,0,0,0,0,0,0,0,0,285,285,1,1.89825511369536
Sherburne Village Police Department,1997-12-01,New York,1535,NY00827,0,0,0,0,1,0,1,0,0,0,0,0,0,0,0,0,0,0,0,0,1,1,0,0,0,0,0,0,0,0,1,0,0,0,0,0,0,0,285,0,0,285,0,0,0,0,0,0,0,0,0,0,0,0,0,1139,1139,1424,0,0,0,0,0,0,0,0,1139,0,0,0,0,0,0,0,0,1424,0,0,1424,0,0,0,0,0,0,0,0,0,0,0,0,1,1.89825511369536
Sherburne Village Police Department,1998-01-01,New York,1529,NY00827,0,0,0,0,0,0,0,0,0,0,0,0,0,0,0,0,0,0,2,0,1,3,0,0,0,0,3,0,0,0,0,0,0,0,0,0,0,0,0,0,0,0,0,0,0,0,0,0,0,0,0,0,0,43,0,421,464,464,0,0,0,0,464,0,0,0,0,421,43,0,0,0,0,0,0,0,0,0,464,0,0,0,0,0,0,0,0,0,0,0,0,1,1.86923930269414
Sherburne Village Police Department,1998-02-01,New York,1529,NY00827,0,0,0,0,0,0,0,0,0,0,0,0,0,0,0,0,0,0,0,0,0,0,0,0,0,0,0,0,0,0,0,0,0,0,0,0,0,0,0,0,0,0,0,0,0,0,0,0,0,0,0,0,0,0,0,0,0,0,0,0,0,0,0,0,0,0,0,0,0,0,0,0,0,0,0,0,0,0,0,0,0,0,0,0,0,0,0,0,0,0,0,1,1.86923930269414
Sherburne Village Police Department,1998-03-01,New York,1529,NY00827,1,0,0,0,0,0,1,0,0,0,0,0,0,0,0,0,0,0,2,2,0,4,0,0,0,0,2,0,0,2,0,0,0,0,0,0,131,0,0,0,0,131,0,0,0,0,0,0,0,0,0,0,0,28,262,0,290,421,0,0,0,0,262,0,0,28,0,131,28,0,0,0,0,0,0,131,131,0,421,0,28,0,0,0,0,0,0,0,131,0,159,1,1.86923930269414
Sherburne Village Police Department,1998-04-01,New York,1529,NY00827,0,0,0,0,0,1,1,0,0,0,0,0,0,0,0,0,0,0,0,0,1,1,0,0,0,0,1,0,0,0,0,0,0,0,0,0,0,0,0,0,561,561,0,0,0,0,0,0,0,0,0,0,0,0,0,505,505,1065,0,0,0,0,505,0,0,0,0,0,0,0,0,0,0,0,0,0,1065,0,1065,0,0,0,0,0,0,0,0,0,1065,0,1065,1,1.86923930269414
Sherburne Village Police Department,1998-05-01,New York,1529,NY00827,0,0,0,0,0,0,0,0,0,0,0,0,0,0,0,0,0,0,0,1,1,2,0,0,0,0,0,0,0,0,2,0,0,0,0,0,0,0,0,0,0,0,0,0,0,0,0,0,0,0,0,0,0,0,131,5795,5925,5925,0,0,0,0,0,0,0,0,5925,0,0,5925,0,0,0,0,0,0,0,0,5925,0,0,131,0,0,0,0,0,0,0,0,131,1,1.86923930269414
Sherburne Village Police Department,1998-06-01,New York,1529,NY00827,1,1,0,0,1,0,3,0,0,0,0,0,0,0,0,0,0,0,0,0,1,1,0,1,0,0,0,0,0,0,0,0,0,0,0,206,168,0,280,0,0,654,0,0,0,0,0,0,0,0,0,0,0,0,0,411,411,1065,0,411,0,0,0,0,0,0,0,0,0,0,0,374,0,0,0,411,0,280,1065,0,0,0,0,0,0,0,0,411,0,0,411,1,1.86923930269414
Sherburne Village Police Department,1998-07-01,New York,1529,NY00827,0,0,0,0,0,0,0,0,0,0,0,0,0,0,0,0,0,0,0,1,0,1,0,0,0,1,0,0,0,0,0,0,0,0,0,0,0,0,0,0,0,0,0,0,0,0,0,0,0,0,0,0,0,0,206,0,206,206,0,0,0,206,0,0,0,0,0,0,0,0,0,0,0,0,0,0,0,206,206,0,0,0,0,0,0,0,0,0,0,0,0,1,1.86923930269414
Sherburne Village Police Department,1998-08-01,New York,1529,NY00827,1,1,0,0,3,0,5,0,0,0,0,0,0,0,0,0,0,0,1,1,0,2,0,1,0,0,0,0,0,1,0,0,0,0,0,280,1495,0,6610,0,0,8385,0,0,0,0,0,0,0,0,0,0,0,13,280,0,293,8679,0,280,0,0,0,0,0,13,0,0,13,67,280,0,0,0,0,1776,6542,0,8679,0,0,0,0,0,0,0,0,0,6542,0,6542,1,1.86923930269414
Sherburne Village Police Department,1998-09-01,New York,1529,NY00827,0,0,0,0,1,1,2,0,0,0,0,0,0,0,0,0,0,0,0,1,0,1,0,0,0,1,0,0,0,0,0,0,0,0,0,0,0,0,374,0,93,467,0,0,0,0,0,0,0,0,0,0,0,0,234,0,234,701,0,0,0,234,0,0,0,0,0,0,0,467,0,0,0,0,0,0,0,234,701,0,0,0,0,0,0,0,0,0,0,234,234,1,1.86923930269414
Sherburne Village Police Department,1998-10-01,New York,1529,NY00827,1,1,0,0,1,0,3,1,0,0,0,0,0,0,0,0,0,0,1,1,0,2,0,0,0,0,0,0,0,0,2,0,0,0,0,0,93,0,93,0,0,187,0,0,0,0,0,0,0,0,0,0,0,47,93,0,140,327,0,0,0,0,0,0,0,0,140,0,0,93,0,47,0,0,0,187,0,0,327,0,0,0,0,0,0,0,0,0,0,0,0,1,1.86923930269414
Sherburne Village Police Department,1998-11-01,New York,1529,NY00827,0,0,0,0,1,0,1,0,0,0,0,0,0,0,0,0,0,0,2,1,0,3,0,0,0,0,0,0,0,2,1,0,0,0,0,0,0,0,0,0,0,0,0,0,0,0,0,0,0,0,0,0,0,86,159,0,245,245,0,0,0,0,0,0,0,86,159,0,0,0,0,0,0,159,0,86,0,0,245,0,0,0,0,0,0,159,0,0,0,0,159,1,1.86923930269414
Sherburne Village Police Department,1998-12-01,New York,1529,NY00827,0,1,0,0,1,0,2,0,0,0,0,0,0,0,0,0,0,0,2,1,0,3,0,0,0,0,0,0,0,3,0,0,0,0,0,0,0,0,0,0,0,0,0,0,0,0,0,0,0,0,0,0,0,47,140,0,187,187,0,0,0,0,0,0,0,187,0,0,0,0,0,0,0,0,0,187,0,0,187,0,0,0,0,0,0,0,0,0,0,0,0,1,1.86923930269414
Sherburne Village Police Department,1999-01-01,New York,1487,NY00827,0,0,0,0,0,0,0,0,0,0,0,0,0,0,0,0,0,0,2,0,0,2,0,0,0,0,0,0,0,2,0,0,0,0,0,0,0,0,0,0,0,0,0,0,0,0,0,0,0,0,0,0,0,42,0,0,42,42,0,0,0,0,0,0,0,42,0,0,42,0,0,0,0,0,0,0,0,0,42,0,42,0,0,0,0,0,0,0,0,0,42,1,1.82921556856271
Sherburne Village Police Department,1999-02-01,New York,1487,NY00827,0,0,0,0,0,0,0,0,0,0,0,0,0,0,0,0,0,0,4,0,0,4,0,0,0,0,0,0,0,2,2,0,0,0,0,0,0,0,0,0,0,0,0,0,0,0,0,0,0,0,0,0,0,68,0,0,68,68,0,0,0,0,0,0,0,68,0,0,0,49,0,18,0,0,0,0,0,0,68,0,0,49,0,18,0,0,0,0,0,0,68,1,1.82921556856271
Sherburne Village Police Department,1999-03-01,New York,1487,NY00827,0,0,1,0,0,0,1,0,0,0,0,0,0,0,0,0,0,0,1,0,2,3,0,0,0,0,0,0,0,1,2,0,0,0,0,0,0,0,0,0,0,0,0,0,0,0,0,0,0,0,0,0,0,5,0,1555,1560,1560,0,0,0,0,0,0,0,5,1555,0,5,1189,0,366,0,0,0,0,0,0,1560,0,0,0,0,0,0,0,0,0,0,0,0,1,1.82921556856271
Sherburne Village Police Department,1999-04-01,New York,1487,NY00827,0,0,0,0,0,0,0,0,0,0,0,0,0,0,0,0,0,0,3,1,1,5,0,0,0,1,2,0,0,1,1,0,0,0,0,0,0,0,0,0,0,0,0,0,0,0,0,0,0,0,0,0,0,42,145,439,626,626,0,0,0,37,439,0,0,145,5,0,0,5,0,439,0,0,0,37,0,145,626,0,0,0,0,439,0,0,0,0,0,0,439,1,1.82921556856271
Sherburne Village Police Department,1999-05-01,New York,1487,NY00827,0,0,0,0,0,0,0,0,0,0,0,0,0,0,0,0,0,0,0,0,1,1,0,0,0,0,0,0,0,0,1,0,0,0,0,0,0,0,0,0,0,0,0,0,0,0,0,0,0,0,0,0,0,0,0,2744,2744,2744,0,0,0,0,0,0,0,0,2744,0,0,0,0,0,0,0,0,2744,0,0,2744,0,0,0,0,0,0,0,0,0,0,0,0,1,1.82921556856271
Sherburne Village Police Department,1999-06-01,New York,1487,NY00827,1,0,0,0,0,0,1,0,0,0,0,0,0,0,0,0,0,0,0,1,0,1,0,0,0,0,1,0,0,0,0,0,0,0,0,0,0,0,0,0,0,0,0,0,0,0,0,0,0,0,0,0,0,0,95,0,95,95,0,0,0,0,95,0,0,0,0,0,0,0,0,0,95,0,0,0,0,0,95,0,0,0,0,0,0,0,0,0,0,0,0,1,1.82921556856271
Sherburne Village Police Department,1999-07-01,New York,1487,NY00827,0,1,0,0,3,0,4,0,0,0,0,0,0,0,0,0,0,0,1,0,1,2,0,0,0,0,0,0,0,2,0,0,0,0,0,0,0,0,2287,0,0,2287,0,0,0,0,0,0,0,0,0,0,0,24,0,732,755,3042,0,0,0,0,0,0,0,755,0,0,732,24,0,0,0,0,0,2287,0,0,3042,0,0,0,0,0,0,0,0,2287,0,0,2287,1,1.82921556856271
Sherburne Village Police Department,1999-08-01,New York,1487,NY00827,0,1,0,0,0,0,1,0,0,0,0,0,0,0,0,0,0,0,0,0,0,0,0,0,0,0,0,0,0,0,0,0,0,0,0,0,0,0,0,0,0,0,0,0,0,0,0,0,0,0,0,0,0,0,0,0,0,0,0,0,0,0,0,0,0,0,0,0,0,0,0,0,0,0,0,0,0,0,0,0,0,0,0,0,0,0,0,0,0,0,0,1,1.82921556856271
Sherburne Village Police Department,1999-09-01,New York,1487,NY00827,1,0,0,0,0,0,1,0,0,0,0,0,0,0,0,0,0,0,2,1,2,5,1,1,1,0,1,0,0,0,1,0,0,0,0,0,0,0,0,0,0,0,0,0,0,0,0,0,0,0,0,0,0,64,236,6091,6391,6391,37,421,27,0,5671,0,0,0,236,0,183,0,0,265,5488,0,0,455,0,0,6391,0,0,0,0,0,0,0,0,455,0,0,455,1,1.82921556856271
Sherburne Village Police Department,1999-10-01,New York,1487,NY00827,0,0,1,0,0,0,1,0,0,0,0,0,0,0,0,0,0,0,1,1,0,2,0,0,1,0,0,0,0,1,0,0,0,0,0,0,0,4573,0,0,0,4573,0,0,0,0,0,0,0,0,0,0,0,27,256,0,284,4857,0,0,256,0,0,0,0,27,0,0,27,4829,0,0,0,0,0,0,0,0,4857,0,27,4573,0,0,0,0,0,0,0,0,4600,1,1.82921556856271
Sherburne Village Police Department,1999-11-01,New York,1487,NY00827,0,0,0,0,0,0,0,0,0,0,0,0,0,0,0,0,0,0,1,1,0,2,0,1,0,0,0,0,0,0,1,0,0,0,0,0,0,0,0,0,0,0,0,0,0,0,0,0,0,0,0,0,0,26,274,0,300,300,0,274,0,0,0,0,0,0,26,0,26,0,0,0,0,0,0,274,0,0,300,0,0,0,0,0,0,0,0,0,0,0,0,1,1.82921556856271
Sherburne Village Police Department,1999-12-01,New York,1487,NY00827,0,0,0,0,0,1,1,0,0,0,0,0,0,0,0,0,0,0,0,0,1,1,0,0,0,1,0,0,0,0,0,0,0,0,0,0,0,0,0,0,1280,1280,0,0,0,0,0,0,0,0,0,0,0,0,0,2744,2744,4024,0,0,0,2744,0,0,0,0,0,0,0,0,2744,0,0,0,0,0,0,1280,4024,0,0,0,0,0,0,0,0,0,0,0,0,1,1.82921556856271
