agency,year,state,population,ORI,offenses_burg_resident_day,offenses_burg_resident_night,offenses_burg_resident_unk,offenses_burg_nonresident_day,offenses_burg_nonresident_night,offenses_burg_nonresident_unk,offenses_burg_total,offenses_motor_vehicle_theft,offenses_murder,offenses_rape,offenses_robbery_bank,offenses_robbery_chain_store,offenses_robbery_gas_station,offenses_robbery_highway,offenses_robbery_house,offenses_robbery_misc,offenses_robbery_residence,offenses_robbery_total,offenses_theft_under_50,offenses_theft_50_to_200,offenses_theft_over_200,offenses_theft_total,offenses_theft_auto_part,offenses_theft_bicycle,offenses_theft_coin_machine,offenses_theft_from_auto,offenses_theft_from_building,offenses_theft_pick_pocket,offenses_theft_purse_snatch,offenses_theft_shoplift,offenses_theft_all_other,auto_stolen_recover_local,auto_stolen_recovered_other,auto_theft_total,auto_stole_oth_recover_local,value_burg_resident_night,value_burg_resident_day,value_burg_resident_unk,value_burg_nonresident_night,value_burg_nonresident_day,value_burg_nonresident_unk,value_burg_total,value_motor_vehicle_theft,value_murder,value_rape,value_robbery_bank,value_robbery_chain_store,value_robbery_gas_station,value_robbery_highway,value_robbery_house,value_robbery_misc,value_robbery_residence,value_robbery_total,value_theft_under_50,value_theft_50_to_200,value_theft_over_200,value_theft_total,value_total_all_values,value_theft_auto_part,value_theft_bicycle,value_theft_coin_machine,value_theft_from_auto,value_theft_from_building,value_theft_pick_pocket,value_theft_purse_snatch,value_theft_shoplift,value_theft_all_other,value_stolen_clothing_or_fur,value_stolen_consumable_good,value_stolen_currency,value_stolen_guns,value_stolen_household_good,value_stolen_jewel_metal,value_stolen_livestock,value_stolen_local_mtr_veh,value_stolen_misc,value_stolen_office_equip,value_stolen_tv_and_radio,value_stolen_total,value_recovered_clothing_or_fur,value_recovered_consumable_good,value_recovered_currency,value_recovered_guns,value_recovered_house_good,value_recovered_jewel_metal,value_recovered_livestock,value_recovered_local_mtv_veh,value_recovered_misc,value_recovered_office_equip,value_recovered_tv_and_radio,value_recovered_total,price,in_2023_dollars
Sargent County Sheriff's Office,2017-01-01,North Dakota,3811,ND04100,0,1,0,0,0,0,1,0,0,0,0,0,0,0,0,0,0,0,0,0,1,1,0,0,0,0,0,0,0,0,1,0,0,0,0,588,0,0,0,0,0,588,0,0,0,0,0,0,0,0,0,0,0,0,0,2486,2486,3074,0,0,0,0,0,0,0,0,2486,0,2486,47,0,0,292,0,0,0,249,0,3074,0,0,0,0,0,0,0,0,0,0,0,0,1,1.24307319386626
Sargent County Sheriff's Office,2017-02-01,North Dakota,3811,ND04100,0,0,0,0,0,0,0,0,0,0,0,0,0,0,0,0,0,0,0,0,0,0,0,0,0,0,0,0,0,0,0,0,0,0,0,0,0,0,0,0,0,0,0,0,0,0,0,0,0,0,0,0,0,0,0,0,0,0,0,0,0,0,0,0,0,0,0,0,0,0,0,0,0,0,0,0,0,0,0,0,0,0,0,0,0,0,0,0,0,0,0,1,1.24307319386626
Sargent County Sheriff's Office,2017-03-01,North Dakota,3811,ND04100,0,0,0,0,0,0,0,0,0,0,0,0,0,0,0,0,0,0,0,0,0,0,0,0,0,0,0,0,0,0,0,0,0,0,0,0,0,0,0,0,0,0,0,0,0,0,0,0,0,0,0,0,0,0,0,0,0,0,0,0,0,0,0,0,0,0,0,0,0,0,0,0,0,0,0,0,0,0,0,0,0,0,0,0,0,0,0,0,0,0,0,1,1.24307319386626
Sargent County Sheriff's Office,2017-04-01,North Dakota,3811,ND04100,0,0,0,0,0,0,0,0,0,0,0,0,0,0,0,0,0,0,0,0,0,0,0,0,0,0,0,0,0,0,0,0,0,0,0,0,0,0,0,0,0,0,0,0,0,0,0,0,0,0,0,0,0,0,0,0,0,0,0,0,0,0,0,0,0,0,0,0,0,0,0,0,0,0,0,0,0,0,0,0,0,0,0,0,0,0,0,0,0,0,0,1,1.24307319386626
Sargent County Sheriff's Office,2017-05-01,North Dakota,3811,ND04100,0,0,0,0,0,0,0,0,0,0,0,0,0,0,0,0,0,0,0,0,0,0,0,0,0,0,0,0,0,0,0,0,0,0,0,0,0,0,0,0,0,0,0,0,0,0,0,0,0,0,0,0,0,0,0,0,0,0,0,0,0,0,0,0,0,0,0,0,0,0,0,0,0,0,0,0,0,0,0,0,0,0,0,0,0,0,0,0,0,0,0,1,1.24307319386626
Sargent County Sheriff's Office,2017-06-01,North Dakota,3811,ND04100,0,0,0,0,0,0,0,0,0,0,0,0,0,0,0,0,0,0,0,0,1,1,0,0,0,0,0,0,0,0,1,0,0,0,0,0,0,0,0,0,0,0,0,0,0,0,0,0,0,0,0,0,0,0,0,1430,1430,1430,0,0,0,0,0,0,0,0,1430,0,0,0,0,0,0,0,0,1430,0,0,1430,0,0,0,0,0,0,0,0,0,0,0,0,1,1.24307319386626
Sargent County Sheriff's Office,2017-07-01,North Dakota,3811,ND04100,0,0,0,0,0,0,0,0,0,0,0,0,0,0,0,0,0,0,2,0,1,3,0,0,0,0,0,0,0,0,3,0,0,0,0,0,0,0,0,0,0,0,0,0,0,0,0,0,0,0,0,0,0,25,0,27348,27372,27372,0,0,0,0,0,0,0,0,27372,0,0,25,0,0,0,27348,0,0,0,0,27372,0,0,0,0,0,0,0,0,1430,0,0,1430,1,1.24307319386626
Sargent County Sheriff's Office,2017-08-01,North Dakota,3811,ND04100,0,0,0,1,0,0,1,0,0,0,0,0,0,0,0,0,0,0,1,0,0,1,0,0,0,0,0,0,0,0,1,0,0,0,0,0,0,0,0,746,0,746,0,0,0,0,0,0,0,0,0,0,0,0,0,0,0,746,0,0,0,0,0,0,0,0,0,0,0,0,0,0,0,0,0,746,0,0,746,0,0,0,0,0,0,0,0,0,0,0,0,1,1.24307319386626
Sargent County Sheriff's Office,2017-09-01,North Dakota,3811,ND04100,0,0,0,0,0,0,0,1,0,0,0,0,0,0,0,0,0,0,0,0,0,0,0,0,0,0,0,0,0,0,0,0,0,0,0,0,0,0,0,0,0,0,12431,0,0,0,0,0,0,0,0,0,0,0,0,0,0,24861,0,0,0,0,0,0,0,0,0,0,0,0,0,0,0,0,12431,0,0,0,12431,0,0,0,0,0,0,0,12431,0,0,0,12431,1,1.24307319386626
Sargent County Sheriff's Office,2017-10-01,North Dakota,3811,ND04100,1,0,0,0,0,0,1,0,0,0,0,0,0,0,0,0,0,0,0,0,0,0,0,0,0,0,0,0,0,0,0,0,0,0,0,0,6824,0,0,0,0,6824,0,0,0,0,0,0,0,0,0,0,0,0,0,0,0,6824,0,0,0,0,0,0,0,0,0,0,0,5333,994,0,0,0,0,528,0,0,6856,0,0,0,0,0,0,0,0,0,0,0,0,1,1.24307319386626
Sargent County Sheriff's Office,2017-11-01,North Dakota,3811,ND04100,0,0,0,0,0,0,0,1,0,0,0,0,0,0,0,0,0,0,0,0,0,0,0,0,0,0,0,0,0,0,0,0,0,0,0,0,0,0,0,0,0,0,37292,0,0,0,0,0,0,0,0,0,0,0,0,0,0,74584,0,0,0,0,0,0,0,0,0,0,0,0,0,0,0,0,37292,0,0,0,37292,0,0,0,0,0,0,0,0,0,0,0,0,1,1.24307319386626
Sargent County Sheriff's Office,2017-12-01,North Dakota,3811,ND04100,0,0,0,0,1,0,1,0,0,0,0,0,0,0,0,0,0,0,0,0,0,0,0,0,0,0,0,0,0,0,0,0,0,0,0,0,0,0,5973,0,0,5973,0,0,0,0,0,0,0,0,0,0,0,0,0,0,0,5973,0,0,0,0,0,0,0,0,0,0,4420,1428,0,0,0,0,0,0,124,0,5973,0,0,0,0,0,0,0,0,0,0,0,0,1,1.24307319386626
Sargent County Sheriff's Office,2018-01-01,North Dakota,3821,ND04100,0,0,0,1,0,0,1,0,0,0,0,0,0,0,0,0,0,0,1,0,0,1,0,0,0,0,0,0,0,0,1,0,0,0,0,0,0,0,0,13462,0,13462,0,0,0,0,0,0,0,0,0,0,0,0,0,0,0,13462,0,0,0,0,0,0,0,0,0,0,0,0,0,0,0,0,0,13462,0,0,13462,0,0,0,0,0,0,0,0,0,0,0,0,1,1.21343405628813
Sargent County Sheriff's Office,2018-02-01,North Dakota,3821,ND04100,0,0,0,0,0,0,0,0,0,0,0,0,0,0,0,0,0,0,1,0,0,1,0,0,0,0,0,0,0,0,1,0,0,0,0,0,0,0,0,0,0,0,0,0,0,0,0,0,0,0,0,0,0,6,0,0,6,6,0,0,0,0,0,0,0,0,6,0,0,0,0,0,0,0,0,6,0,0,6,0,0,0,0,0,0,0,0,2,0,0,2,1,1.21343405628813
Sargent County Sheriff's Office,2018-03-01,North Dakota,3821,ND04100,0,0,0,0,0,0,0,0,0,0,0,0,0,0,0,0,0,0,0,0,0,0,0,0,0,0,0,0,0,0,0,0,0,0,0,0,0,0,0,0,0,0,0,0,0,0,0,0,0,0,0,0,0,0,0,0,0,0,0,0,0,0,0,0,0,0,0,0,0,0,0,0,0,0,0,0,0,0,0,0,0,0,0,0,0,0,0,0,0,0,0,1,1.21343405628813
Sargent County Sheriff's Office,2018-04-01,North Dakota,3821,ND04100,0,0,0,0,0,0,0,0,0,0,0,0,0,0,0,0,0,0,1,0,1,2,0,0,0,0,0,0,0,0,2,0,0,0,0,0,0,0,0,0,0,0,0,0,0,0,0,0,0,0,0,0,0,0,0,1820,1820,1820,0,0,0,0,0,0,0,0,1820,0,0,0,0,0,0,0,0,1820,0,0,1820,0,0,0,0,0,0,0,0,0,0,0,0,1,1.21343405628813
Sargent County Sheriff's Office,2018-05-01,North Dakota,3821,ND04100,0,0,0,0,0,0,0,1,0,0,0,0,0,0,0,0,0,0,1,1,0,2,0,0,0,1,0,0,0,0,1,0,0,0,0,0,0,0,0,0,0,0,2427,0,0,0,0,0,0,0,0,0,0,36,85,0,121,4975,0,0,0,36,0,0,0,0,85,0,0,85,0,0,0,0,2427,0,36,0,2548,0,0,0,0,0,0,0,0,0,0,0,0,1,1.21343405628813
Sargent County Sheriff's Office,2018-06-01,North Dakota,3821,ND04100,0,0,0,0,0,0,0,0,0,0,0,0,0,0,0,0,0,0,1,0,0,1,1,0,0,0,0,0,0,0,0,0,0,0,0,0,0,0,0,0,0,0,0,0,0,0,0,0,0,0,0,0,0,12,0,0,12,12,12,0,0,0,0,0,0,0,0,0,0,0,0,0,0,0,0,12,0,0,12,0,0,0,0,0,0,0,0,0,0,0,0,1,1.21343405628813
Sargent County Sheriff's Office,2018-07-01,North Dakota,3821,ND04100,0,0,0,0,0,0,0,0,0,0,0,0,0,0,0,0,0,0,2,1,0,3,0,0,0,1,1,0,0,0,1,0,0,0,0,0,0,0,0,0,0,0,0,0,0,0,0,0,0,0,0,0,0,56,103,0,159,159,0,0,0,103,0,0,0,0,56,0,56,0,0,0,0,0,0,103,0,0,159,0,0,0,0,0,0,0,0,0,0,0,0,1,1.21343405628813
Sargent County Sheriff's Office,2018-08-01,North Dakota,3821,ND04100,0,0,0,0,0,0,0,0,0,0,0,0,0,0,0,0,0,0,0,1,0,1,0,0,0,1,0,0,0,0,0,0,0,0,0,0,0,0,0,0,0,0,0,0,0,0,0,0,0,0,0,0,0,0,61,0,61,61,0,0,0,61,0,0,0,0,0,0,0,61,0,0,0,0,0,0,0,0,61,0,0,0,0,0,0,0,0,0,0,0,0,1,1.21343405628813
Sargent County Sheriff's Office,2018-09-01,North Dakota,3821,ND04100,0,0,0,0,0,0,0,0,0,0,0,0,0,0,0,0,0,0,0,0,0,0,0,0,0,0,0,0,0,0,0,0,0,0,0,0,0,0,0,0,0,0,0,0,0,0,0,0,0,0,0,0,0,0,0,0,0,0,0,0,0,0,0,0,0,0,0,0,0,0,0,0,0,0,0,0,0,0,0,0,0,0,0,0,0,0,0,0,0,0,0,1,1.21343405628813
Sargent County Sheriff's Office,2018-10-01,North Dakota,3821,ND04100,0,0,0,0,0,0,0,0,0,0,0,0,0,0,0,0,0,0,0,2,0,2,0,0,0,0,1,0,0,0,1,0,0,0,0,0,0,0,0,0,0,0,0,0,0,0,0,0,0,0,0,0,0,0,303,0,303,303,0,0,0,0,182,0,0,0,121,0,182,121,0,0,0,0,0,0,0,0,303,0,0,0,0,0,0,0,0,0,0,0,0,1,1.21343405628813
Sargent County Sheriff's Office,2018-11-01,North Dakota,3821,ND04100,0,0,0,0,0,0,0,1,0,0,0,0,0,0,0,0,0,0,0,0,0,0,0,0,0,0,0,0,0,0,0,0,0,0,0,0,0,0,0,0,0,0,12159,0,0,0,0,0,0,0,0,0,0,0,0,0,0,24317,0,0,0,0,0,0,0,0,0,24,0,0,0,0,6067,0,6067,0,0,0,12159,0,0,0,0,0,0,0,0,0,0,0,0,1,1.21343405628813
Sargent County Sheriff's Office,2018-12-01,North Dakota,3821,ND04100,0,0,0,0,1,0,1,0,0,0,0,0,0,0,0,0,0,0,0,0,1,1,0,0,0,0,0,0,0,0,1,0,0,0,0,0,0,0,33382,0,0,33382,0,0,0,0,0,0,0,0,0,0,0,0,0,1577,1577,34959,0,0,0,0,0,0,0,0,1577,0,0,1577,0,0,0,0,0,33382,0,0,34959,24,0,0,0,0,0,0,0,0,0,0,24,1,1.21343405628813
Sargent County Sheriff's Office,2019-01-01,North Dakota,3825,ND04100,0,0,0,0,0,0,0,0,0,0,0,0,0,0,0,0,0,0,1,0,0,1,0,0,0,0,0,0,0,0,1,0,0,0,0,0,0,0,0,0,0,0,0,0,0,0,0,0,0,0,0,0,0,0,0,0,0,0,0,0,0,0,0,0,0,0,0,0,0,0,0,0,0,0,0,0,0,0,0,0,0,0,0,0,0,0,0,0,0,0,0,1,1.19183549339627
Sargent County Sheriff's Office,2019-02-01,North Dakota,3825,ND04100,0,0,0,0,0,0,0,0,0,0,0,0,0,0,0,0,0,0,0,0,0,0,0,0,0,0,0,0,0,0,0,0,0,0,0,0,0,0,11918355,119,0,0,119,0,0,0,0,0,0,0,0,0,0,0,0,0,0,0,0,0,0,119184,0,0,0,0,0,0,0,0,0,0,0,0,0,0,0,0,0,0,5959177,0,0,0,0,0,0,0,0,0,0,1,1.19183549339627
Sargent County Sheriff's Office,2019-03-01,North Dakota,3825,ND04100,0,0,0,0,0,0,0,0,0,0,5000,0,0,0,0,0,0,5000,0,0,0,0,0,0,0,0,0,0,0,0,0,0,0,0,0,0,0,0,0,0,0,0,0,0,0,0,0,0,0,0,0,0,0,0,0,0,0,0,0,59591775,0,0,60,0,0,0,0,0,0,0,0,0,0,0,0,0,0,0,0,0,0,0,0,0,0,0,119184,0,0,0,0,1,1.19183549339627
Sargent County Sheriff's Office,2019-04-01,North Dakota,3825,ND04100,0,0,0,0,0,0,0,0,0,0,0,0,0,0,0,0,10000,10000,10000,0,0,10000,0,0,0,0,0,0,0,0,0,0,0,0,0,0,0,0,0,0,0,0,0,0,0,0,0,0,0,0,0,0,0,0,0,0,453,0,0,0,0,0,452897487,0,0,453,0,0,4,0,0,0,0,953468395,0,0,0,0,0,0,0,0,0,0,453,0,0,0,0,0,0,1,1.19183549339627
Sargent County Sheriff's Office,2019-05-01,North Dakota,3825,ND04100,0,0,8000000,0,0,0,8000000,0,0,0,0,0,0,0,0,0,0,0,0,0,0,0,0,0,0,0,0,0,0,0,0,0,0,0,0,0,0,119,0,0,119183549,0,0,0,0,0,0,11918355,0,9535,0,0,0,0,0,238367,0,0,0,0,0,0,0,0,0,0,0,0,0,0,0,0,0,0,0,0,0,0,81020977,0,0,0,0,0,0,86980154,0,0,5959177,0,0,1,1.19183549339627
Sargent County Sheriff's Office,2019-06-01,North Dakota,3825,ND04100,0,0,0,0,0,0,0,0,0,0,0,0,0,0,0,729,0,729,0,0,0,0,0,0,0,0,0,0,0,0,0,0,0,0,0,0,0,0,0,23836710,0,0,953468395,0,0,0,0,0,0,0,0,0,0,845964833,0,0,869,0,0,0,0,0,0,0,0,0,0,0,0,0,119184,0,0,0,0,0,0,0,0,1,119184,0,0,1192,0,2,0,358,0,0,0,1,1.19183549339627
Sargent County Sheriff's Office,2019-07-01,North Dakota,3825,ND04100,0,0,0,0,0,0,0,0,0,0,30,0,0,0,0,0,0,30,0,0,0,0,0,0,0,0,0,0,0,0,0,0,0,0,10,11918355,1192,0,0,0,19069368,1211,0,11918355,0,0,0,0,0,0,0,0,0,1,0,0,30987723,0,0,0,0,0,0,0,0,0,0,0,0,190693679,0,0,0,0,0,0,1,0,0,0,0,0,17877532,0,0,1203754,0,1,0,0,30987723,1,1.19183549339627
Sargent County Sheriff's Office,2019-08-01,North Dakota,3825,ND04100,0,0,0,0,0,0,0,0,0,0,0,0,0,0,0,0,0,0,0,0,0,0,0,0,0,0,0,0,0,0,0,0,0,0,0,0,0,0,0,0,0,0,0,0,0,0,0,0,0,0,0,0,0,0,0,0,0,0,0,0,0,0,0,0,0,0,0,0,0,0,0,0,0,0,0,0,0,0,0,0,0,0,0,0,0,0,0,0,0,0,0,1,1.19183549339627
Sargent County Sheriff's Office,2019-09-01,North Dakota,3825,ND04100,0,0,0,0,0,0,0,0,0,0,0,0,0,0,0,0,0,0,0,0,0,0,0,0,0,0,0,0,0,0,0,100,0,0,0,0,0,0,0,0,0,0,0,0,0,0,0,0,0,0,0,0,0,0,0,0,0,0,0,0,0,0,0,0,0,0,0,0,0,0,0,0,0,0,0,0,0,0,119184,11918,0,1,0,0,238,23837,0,0,0,0,0,1,1.19183549339627
Sargent County Sheriff's Office,2019-10-01,North Dakota,3825,ND04100,0,0,0,0,0,0,0,0,0,0,0,0,0,0,0,0,0,0,0,0,0,0,0,0,0,0,0,0,0,0,0,0,0,0,0,29,625713634,0,0,0,0,0,0,0,0,626,0,0,605,0,0,20261203,14302026,0,0,0,0,0,0,0,0,625713634,0,0,0,0,0,0,0,14302,0,1192,0,371852674,0,0,0,0,0,625713634,14302,252669,0,0,14,0,0,0,0,0,0,1,1.19183549339627
Sargent County Sheriff's Office,2019-11-01,North Dakota,3825,ND04100,0,0,1200000,0,100000,0,1300000,0,0,0,0,0,0,0,0,0,0,0,0,0,0,0,0,200000,0,0,0,0,0,200000,400000,0,491,7000000,0,0,0,0,0,0,0,0,0,0,0,0,0,0,0,0,0,0,0,0,0,0,0,0,0,0,0,0,0,0,0,0,0,0,0,0,0,0,0,0,58602551,0,0,0,0,0,0,0,0,0,58602551,0,0,0,0,0,0,1,1.19183549339627
Sargent County Sheriff's Office,2019-12-01,North Dakota,3825,ND04100,0,0,0,0,0,0,0,0,0,0,0,0,0,0,0,0,0,0,0,0,0,0,10000,0,0,0,30000,0,30,0,0,0,0,0,0,0,0,0,0,0,0,0,0,0,224780174,0,0,0,585,834284845,0,0,0,0,0,0,0,0,0,0,0,0,0,0,0,0,0,0,0,0,0,0,0,0,0,0,0,0,0,0,0,0,0,0,0,0,0,0,0,0,0,1,1.19183549339627
Sargent County Sheriff's Office,2020-01-01,North Dakota,3865,ND04100,0,0,0,0,1,0,1,0,0,0,0,0,0,0,0,0,0,0,1,0,0,1,0,0,0,0,1,0,0,0,0,0,0,0,0,0,0,0,0,0,0,0,0,0,0,0,0,0,0,0,0,0,0,0,0,0,0,8,8,0,0,0,0,0,0,0,0,82,0,0,0,0,0,0,0,0,0,0,0,0,0,0,0,0,0,0,0,0,0,0,0,1,1.17731235192711
Sargent County Sheriff's Office,2020-02-01,North Dakota,3865,ND04100,0,0,0,0,0,0,0,700000,0,0,0,0,7000000,0,0,0,0,7000000,0,0,0,0,0,0,0,0,0,0,0,0,0,0,0,0,0,0,0,0,11773124,0,0,0,0,0,0,0,0,0,0,0,0,0,0,0,0,0,0,0,0,0,0,0,0,0,0,0,0,0,0,0,0,0,0,0,0,0,0,0,0,0,0,0,0,0,0,0,0,0,0,0,0,1,1.17731235192711
Sargent County Sheriff's Office,2020-03-01,North Dakota,3865,ND04100,0,0,0,0,0,0,0,0,0,0,0,0,0,0,0,0,0,0,0,0,0,0,0,0,0,0,0,0,0,0,0,0,0,0,0,0,0,0,0,0,0,0,0,0,0,0,0,0,0,0,0,0,0,0,0,0,0,0,0,0,0,0,0,0,0,0,0,0,0,0,0,0,8241186,0,0,0,0,0,0,8241,0,0,0,0,0,0,0,0,0,0,0,1,1.17731235192711
Sargent County Sheriff's Office,2020-04-01,North Dakota,3865,ND04100,0,0,0,0,0,0,0,0,0,0,0,0,0,0,0,0,0,0,0,0,0,0,0,0,0,0,0,0,0,0,0,0,0,0,0,0,0,0,0,0,0,0,0,0,0,0,0,0,0,0,0,0,0,0,0,0,0,0,0,0,0,0,0,0,0,0,0,0,0,0,0,0,0,0,0,0,0,0,0,0,0,0,0,0,0,0,0,0,0,0,0,1,1.17731235192711
Sargent County Sheriff's Office,2020-05-01,North Dakota,3865,ND04100,0,0,0,0,0,0,0,0,0,0,0,0,0,0,0,0,0,0,0,0,0,0,0,0,0,0,0,0,0,0,0,0,0,0,0,0,0,0,0,0,0,0,2354625,0,0,0,0,11773124,0,0,0,0,0,0,0,0,0,0,0,0,0,0,0,0,0,0,0,0,0,0,0,0,0,0,0,0,0,0,0,0,0,0,0,0,0,0,0,0,0,0,0,1,1.17731235192711
Sargent County Sheriff's Office,2020-06-01,North Dakota,3865,ND04100,0,0,0,0,0,0,0,0,0,0,0,0,0,0,0,2250,11250,13500,0,0,0,0,0,0,0,0,0,0,0,0,0,0,0,0,0,0,0,0,0,0,0,0,0,0,0,270782,0,0,0,0,0,0,0,1053694555,0,0,1324,0,0,0,0,0,0,0,0,0,0,0,0,0,117731,0,0,0,0,0,0,0,0,0,235462,0,0,1177,0,0,0,235,0,1177312,0,1,1.17731235192711
Sargent County Sheriff's Office,2020-07-01,North Dakota,3865,ND04100,0,0,0,0,0,0,0,0,0,0,10,0,0,10,0,0,0,20,0,0,0,0,0,0,0,0,0,0,0,0,0,0,0,0,730,1086659301,94185,0,0,0,0,94185,0,0,0,0,1086659301,2,0,0,0,0,2,97,0,0,1086659301,0,0,0,0,8241,0,0,0,0,0,0,0,0,0,0,0,0,0,0,89385,0,0,1177,0,0,0,0,0,7063874,0,97,0,0,1086659301,1,1.17731235192711
Sargent County Sheriff's Office,2020-08-01,North Dakota,3865,ND04100,0,0,0,0,0,0,0,0,0,0,0,0,0,0,0,0,0,0,0,0,0,0,0,0,0,0,0,0,0,0,0,0,0,0,0,0,0,0,0,0,0,0,0,0,0,0,0,0,0,0,0,0,0,0,0,0,0,0,0,0,0,0,0,0,0,0,0,0,0,0,0,0,0,0,0,0,0,0,0,0,0,0,0,0,0,0,0,0,0,0,0,1,1.17731235192711
Sargent County Sheriff's Office,2020-09-01,North Dakota,3865,ND04100,0,0,0,0,0,0,0,0,0,0,0,0,0,0,0,0,0,0,0,0,0,0,0,0,0,0,0,0,0,0,0,100,0,0,0,0,0,0,0,0,0,0,0,0,0,0,0,0,0,0,0,0,0,0,0,0,0,0,0,0,0,0,0,0,0,0,0,0,0,0,0,0,0,0,0,1177,0,1,0,0,0,0,0,0,0,0,0,0,0,0,0,1,1.17731235192711
Sargent County Sheriff's Office,2020-10-01,North Dakota,3865,ND04100,0,0,0,0,0,0,0,0,0,0,0,0,0,0,0,0,0,0,12000,0,0,12000,0,0,0,0,0,0,0,0,0,0,0,0,0,1,235462470,0,0,0,0,0,0,1,235462470,0,0,0,0,0,0,0,0,0,0,0,0,0,0,0,0,0,0,0,0,0,0,0,0,0,0,0,0,0,0,0,0,1413,0,235462470,942,0,0,0,1,0,0,0,0,0,0,1,1.17731235192711
Sargent County Sheriff's Office,2020-11-01,North Dakota,3865,ND04100,0,0,80000,0,100000,0,180000,0,0,0,0,0,0,0,0,0,0,0,0,0,0,0,0,0,0,0,0,0,0,0,0,0,0,0,0,1177312,0,0,0,0,0,0,0,1,235,11773124,0,0,35319,0,118,0,0,0,0,0,0,0,0,0,0,0,0,0,0,0,0,0,0,0,589,0,0,0,0,588656176,0,0,0,0,0,0,0,0,588656,589,0,0,0,0,0,1,1.17731235192711
Sargent County Sheriff's Office,2020-12-01,North Dakota,3865,ND04100,0,0,0,0,0,0,0,0,0,0,0,0,0,0,0,0,0,0,0,0,0,0,0,0,0,0,0,0,0,0,0,0,0,0,0,0,0,0,0,0,0,0,282554964,0,5886562,0,0,0,6,0,0,0,0,0,0,0,0,283,0,0,0,0,0,0,0,0,0,0,0,0,0,0,0,0,0,0,0,0,0,0,0,0,0,0,0,0,0,0,0,0,0,1,1.17731235192711
Sargent County Sheriff's Office,2021-01-01,North Dakota,3917,ND04100,0,0,0,0,0,0,0,0,0,0,0,0,0,0,0,0,0,0,0,0,0,0,0,0,0,0,0,0,0,0,0,0,0,0,0,0,0,0,0,0,0,0,0,0,0,0,0,0,0,0,0,0,0,0,0,0,0,0,0,0,0,0,0,0,0,0,0,0,0,0,0,0,0,0,0,0,0,0,0,0,0,0,0,0,0,0,0,0,0,0,0,1,1.12448560525052
Sargent County Sheriff's Office,2021-02-01,North Dakota,3917,ND04100,0,0,0,0,0,0,0,0,0,0,0,0,0,0,0,0,0,0,0,0,0,0,0,0,0,0,0,0,0,0,0,0,0,0,0,0,0,0,0,0,0,0,0,0,0,0,0,0,0,0,0,0,0,0,0,0,0,0,0,0,0,0,0,0,0,0,0,0,0,0,0,0,0,0,0,0,0,0,0,0,0,0,0,0,0,0,0,0,0,0,0,1,1.12448560525052
Sargent County Sheriff's Office,2021-03-01,North Dakota,3917,ND04100,0,0,0,0,0,0,0,0,0,0,0,0,0,0,0,0,0,0,0,0,0,0,0,0,0,0,0,0,0,0,0,0,0,0,0,0,0,0,0,0,0,0,0,0,0,0,0,0,0,0,0,0,0,0,0,0,0,0,0,0,0,0,0,0,0,0,0,0,0,0,0,0,0,0,0,0,0,0,0,0,0,0,0,0,0,0,0,0,0,0,0,1,1.12448560525052
Sargent County Sheriff's Office,2021-04-01,North Dakota,3917,ND04100,0,0,0,0,0,0,0,0,0,0,0,0,0,0,0,0,0,0,0,0,0,0,0,0,0,0,0,0,0,0,0,0,0,0,0,0,0,0,0,0,0,0,0,0,0,0,0,0,0,0,0,0,0,0,0,0,0,0,0,0,0,0,0,0,0,0,0,0,0,0,0,0,0,0,0,0,0,0,0,0,0,0,0,0,0,0,0,0,0,0,0,1,1.12448560525052
Sargent County Sheriff's Office,2021-05-01,North Dakota,3917,ND04100,0,0,0,0,0,0,0,0,0,0,0,0,0,0,0,0,0,0,0,0,0,0,0,0,0,0,0,0,0,0,0,0,0,0,0,0,0,0,0,0,0,0,1124486,0,0,0,0,11244856,0,0,0,0,0,112,0,0,11245,0,0,1124486,0,0,0,0,0,0,0,0,0,0,0,0,0,0,0,0,0,0,0,0,0,0,0,0,0,0,0,0,0,0,0,1,1.12448560525052
Sargent County Sheriff's Office,2021-06-01,North Dakota,3917,ND04100,0,0,0,0,0,0,0,0,0,0,0,0,0,0,0,1000,5000,6000,0,0,0,0,0,0,0,0,0,0,0,0,0,0,0,0,0,0,0,0,0,0,0,0,0,0,0,562243,0,0,0,0,0,0,0,0,0,0,562,0,562243,0,0,0,0,0,0,0,0,0,0,0,112449,0,0,0,0,0,0,5622,0,0,0,0,112448561,1124,0,1,0,112,0,0,0,1,1.12448560525052
Sargent County Sheriff's Office,2021-07-01,North Dakota,3917,ND04100,0,0,0,0,0,0,0,0,0,0,10,0,0,0,0,0,0,10,0,0,0,0,0,0,0,0,0,0,0,0,0,0,0,0,0,0,0,0,0,0,39356996,39,0,0,0,0,0,0,0,0,0,11245,11,11,0,0,39356996,0,0,0,0,0,0,0,0,0,0,0,0,393569962,0,0,0,0,0,0,0,0,0,0,0,0,0,0,0,11284213,0,11,0,0,39356996,1,1.12448560525052
Sargent County Sheriff's Office,2021-08-01,North Dakota,3917,ND04100,0,0,0,0,0,0,0,0,0,0,0,0,0,0,0,0,0,0,0,0,0,0,0,0,0,0,0,0,0,10,0,0,0,0,0,0,0,1124486,0,0,0,0,0,0,0,0,0,0,0,0,0,0,0,0,0,0,0,0,0,0,0,0,0,0,0,0,0,0,0,0,0,0,0,0,0,0,0,0,0,0,157428,0,0,0,0,0,0,314855969,0,0,0,1,1.12448560525052
Sargent County Sheriff's Office,2021-09-01,North Dakota,3917,ND04100,0,0,0,0,0,0,0,0,0,0,0,0,0,0,0,0,0,0,0,0,0,0,0,0,0,0,14,0,0,0,0,100,0,100,0,0,1574,0,0,0,0,0,0,0,0,0,0,0,0,0,0,0,0,0,0,0,0,0,0,0,0,0,0,0,0,0,0,0,0,0,0,0,0,0,0,0,0,0,112449,0,0,0,0,0,112,11245,0,0,0,0,0,1,1.12448560525052
Sargent County Sheriff's Office,2021-10-01,North Dakota,3917,ND04100,0,0,0,0,0,0,0,0,0,0,0,0,0,0,0,0,0,0,0,0,0,0,0,0,0,0,0,0,0,0,0,0,0,0,0,0,787139924,0,0,0,0,0,0,0,0,787,0,0,787,0,0,0,0,0,0,0,0,0,0,0,79,787139924,0,0,0,0,0,0,0,0,0,0,0,0,0,0,0,0,0,787139924,0,0,0,0,0,0,0,0,0,0,0,1,1.12448560525052
Sargent County Sheriff's Office,2021-11-01,North Dakota,3917,ND04100,0,0,0,0,0,0,0,0,0,0,0,0,0,0,0,0,0,0,0,0,0,0,0,0,0,0,0,0,0,0,0,0,0,0,0,0,0,0,0,0,0,0,0,0,0,0,0,0,0,0,0,0,0,0,0,0,0,0,0,0,0,0,0,0,0,0,0,0,0,0,0,0,0,0,0,0,0,0,0,0,0,0,0,0,0,0,0,0,0,0,0,1,1.12448560525052
Sargent County Sheriff's Office,2021-12-01,North Dakota,3917,ND04100,0,0,0,0,0,0,0,0,0,0,0,0,0,0,0,0,0,0,0,0,0,0,0,0,0,0,0,0,0,0,0,0,0,0,0,0,0,0,0,0,0,0,0,0,0,0,0,0,0,0,0,0,0,0,0,0,0,0,0,0,0,0,0,0,0,0,0,0,0,0,0,0,0,0,0,0,0,0,0,0,0,0,0,0,0,0,0,0,0,0,0,1,1.12448560525052
Sargent County Sheriff's Office,2022-01-01,North Dakota,3856,ND04100,0,0,0,0,0,0,0,1,0,1,0,0,0,0,0,0,0,0,0,0,0,0,0,0,0,0,0,0,0,0,0,0,0,0,0,0,0,0,0,0,0,0,0,0,0,0,0,0,0,0,0,0,0,0,0,0,0,0,0,0,0,0,0,0,0,0,0,208,0,0,0,0,104116338,0,0,0,0,0,0,0,0,0,0,0,0,0,0,0,0,0,0,1,1.04116338383745
Sargent County Sheriff's Office,2022-02-01,North Dakota,3856,ND04100,0,0,0,0,0,0,0,1000000,0,0,0,0,0,0,1,0,0,1,0,0,0,0,0,0,0,0,0,0,0,0,0,0,0,0,0,0,0,0,10411634,0,0,0,0,0,0,0,0,0,0,0,0,0,0,0,0,0,0,0,0,104,0,0,10412,0,0,0,0,10411634,0,0,0,0,0,0,0,0,0,0,0,0,0,0,0,0,0,0,0,0,0,0,0,1,1.04116338383745
Sargent County Sheriff's Office,2022-03-01,North Dakota,3856,ND04100,0,0,0,3100000,0,0,3100000,0,0,0,0,0,0,0,0,0,0,0,0,0,0,0,0,0,0,0,0,0,0,0,0,0,0,0,0,0,0,0,0,0,0,0,0,0,0,0,0,0,0,0,0,32,0,0,0,0,0,0,0,0,104116338,0,3,0,3,104116338,0,0,0,0,0,0,0,0,0,0,0,0,0,0,0,0,0,0,0,0,0,0,0,0,0,1,1.04116338383745
Sargent County Sheriff's Office,2022-04-01,North Dakota,3856,ND04100,0,0,0,0,0,0,0,0,0,0,0,0,0,0,0,0,0,0,0,0,0,0,0,0,0,0,0,0,0,0,0,0,0,0,0,0,0,0,0,0,0,0,0,0,0,0,0,0,0,0,0,0,0,0,0,0,0,0,0,0,0,0,0,0,0,0,0,0,0,0,0,0,0,0,0,0,0,0,0,0,0,0,0,0,0,0,0,0,0,0,0,1,1.04116338383745
Sargent County Sheriff's Office,2022-05-01,North Dakota,3856,ND04100,0,0,0,0,0,0,0,0,0,0,0,0,0,0,0,0,0,0,0,0,0,0,0,0,0,0,0,0,0,0,0,0,0,0,0,0,0,104,0,0,0,0,0,0,0,0,0,10411634,0,0,0,0,0,0,1,104116,10412,0,0,1041163,0,0,0,0,0,0,0,0,0,0,0,0,0,0,0,0,0,0,286319931,0,0,0,0,0,0,286319931,0,0,0,0,0,1,1.04116338383745
Sargent County Sheriff's Office,2022-06-01,North Dakota,3856,ND04100,0,0,0,0,0,0,0,0,118000,0,0,0,1180,0,0,2761,0,3941,0,0,0,0,0,0,0,0,1180000,0,0,0,0,0,0,0,0,0,0,0,0,0,11,832930707,832930707,0,0,2863199,0,0,0,0,0,0,0,0,0,0,2875,0,0,0,0,0,0,0,0,0,0,0,0,0,104116,0,0,0,0,0,0,0,0,0,0,0,0,0,0,0,0,0,0,0,20823,1,1.04116338383745
Sargent County Sheriff's Office,2022-07-01,North Dakota,3856,ND04100,0,0,0,0,0,0,0,0,0,0,0,0,0,0,0,0,0,0,0,0,0,0,0,0,0,0,0,0,0,0,0,0,0,0,0,0,0,0,0,0,0,0,0,0,0,0,0,0,0,0,0,0,0,24,11973379,0,0,0,0,0,0,0,0,0,0,0,0,0,0,0,0,0,0,11973,0,0,0,0,0,0,0,0,0,0,0,0,0,11,0,0,520581692,1,1.04116338383745
Sargent County Sheriff's Office,2022-08-01,North Dakota,3856,ND04100,0,0,0,0,0,0,0,0,0,0,0,0,0,0,0,0,0,0,0,0,0,0,0,0,0,0,0,0,0,0,0,0,0,0,0,0,0,0,0,0,0,0,0,0,0,0,0,0,0,0,0,0,0,0,0,0,0,0,0,0,0,0,0,0,0,0,0,0,0,0,0,0,0,0,0,0,0,0,0,0,0,0,0,0,0,0,0,0,0,0,0,1,1.04116338383745
Sargent County Sheriff's Office,2022-09-01,North Dakota,3856,ND04100,0,0,0,0,0,0,0,0,0,0,0,0,0,0,0,0,0,0,0,0,0,0,0,0,0,0,0,0,0,0,0,100,0,0,0,0,0,0,0,0,0,0,0,0,0,0,0,0,0,0,0,0,0,0,0,0,0,0,0,0,0,0,0,0,0,0,0,0,0,0,0,0,0,0,0,0,0,0,104116,31235,0,0,0,0,104,10412,0,0,0,0,0,1,1.04116338383745
Sargent County Sheriff's Office,2022-10-01,North Dakota,3856,ND04100,0,0,0,0,0,0,0,0,0,0,0,0,0,0,0,0,0,0,0,0,0,0,0,0,0,0,0,0,0,0,0,0,0,0,0,23,374818818,0,0,0,0,0,0,0,0,375,0,0,375,0,0,0,11452797,0,0,0,0,0,0,0,0,374818818,0,0,0,0,0,0,0,11453,0,0,0,374818818,0,0,0,0,0,374818818,0,0,0,0,11,0,0,0,0,0,0,1,1.04116338383745
Sargent County Sheriff's Office,2022-11-01,North Dakota,3856,ND04100,0,0,0,0,100000,0,100000,0,0,0,0,0,0,0,0,0,0,0,0,0,0,0,0,0,0,0,0,0,0,0,0,0,0,0,0,0,0,0,0,0,0,0,0,10411634,0,0,0,0,10412,1041163,104,0,0,0,0,0,0,0,0,0,0,0,0,0,0,0,0,0,0,0,0,0,0,27,0,957870313,27,957870313,31235,0,0,0,0,0,90497921,0,0,0,0,0,0,1,1.04116338383745
Sargent County Sheriff's Office,2022-12-01,North Dakota,3856,ND04100,0,0,0,0,200000,0,200000,134,2692,0,0,0,0,0,0,0,0,0,1150,0,30000,31150,0,0,0,0,0,2000000,0,0,0,0,0,0,0,0,0,0,0,0,0,0,0,0,0,0,0,0,592,208232677,0,0,156175,0,0,0,0,156,0,0,0,0,0,0,0,0,0,0,0,0,0,0,0,0,0,0,0,0,0,0,0,0,0,0,0,0,0,0,0,0,0,1,1.04116338383745
Sargent County Sheriff's Office,2023-01-01,North Dakota,3797,ND04100,0,0,0,0,0,0,0,0,0,0,0,0,0,0,0,0,0,0,0,0,0,0,0,0,0,0,0,0,0,0,0,0,0,0,0,0,0,0,0,0,0,0,0,0,0,0,0,0,0,0,0,0,0,0,0,0,0,0,0,0,0,0,0,0,0,0,0,0,0,0,0,0,0,0,0,0,0,0,0,0,0,0,0,0,0,0,0,0,0,0,0,1,1
Sargent County Sheriff's Office,2023-02-01,North Dakota,3797,ND04100,0,0,0,0,0,0,0,0,0,0,0,0,0,0,0,0,0,0,0,0,0,0,0,0,0,0,0,0,0,0,0,0,0,0,0,0,0,0,10000000,0,0,0,0,0,0,0,0,0,0,0,0,0,0,0,0,0,0,0,0,100,0,0,10000,0,0,0,0,10000000,0,0,0,0,0,0,0,0,0,0,0,0,0,0,0,0,0,0,0,0,0,0,0,1,1
Sargent County Sheriff's Office,2023-03-01,North Dakota,3797,ND04100,0,0,0,1000000,0,0,1000000,0,0,0,0,0,0,0,0,0,0,0,0,0,0,0,0,0,0,0,0,0,0,0,0,0,0,0,0,0,1000,0,0,0,0,0,0,0,0,0,0,0,0,0,0,10,0,0,0,0,0,0,0,0,0,0,1,0,0,0,0,0,0,0,0,0,0,0,0,0,0,0,0,0,0,0,0,0,0,0,100000,0,0,0,0,1,1
Sargent County Sheriff's Office,2023-04-01,North Dakota,3797,ND04100,0,0,0,0,0,0,0,0,0,0,0,10000,0,10000,0,0,0,20000,0,0,0,0,0,0,0,0,0,0,0,0,0,0,0,0,0,0,0,0,0,0,0,0,0,0,0,0,0,0,0,0,0,0,0,0,0,0,0,0,0,0,0,0,0,0,0,0,0,0,0,0,0,0,0,0,0,0,0,0,0,0,0,0,0,0,0,0,0,0,0,0,0,1,1
Sargent County Sheriff's Office,2023-05-01,North Dakota,3797,ND04100,0,0,0,0,0,0,0,0,0,0,0,0,0,0,0,0,0,0,0,0,0,0,0,0,0,0,0,0,0,0,0,0,0,0,0,0,0,0,0,0,100000000,0,0,0,500,0,0,10000000,0,500000,0,0,0,0,20000000,100000,20000,0,0,1000000,0,0,0,0,100000,0,0,0,0,0,0,0,0,0,0,0,0,0,0,0,0,0,0,0,0,2000000,0,189,2000000,0,200000000,1,1
Sargent County Sheriff's Office,2023-06-01,North Dakota,3797,ND04100,0,0,0,0,0,0,0,0,0,0,0,0,189200,0,0,1912,0,191112,0,0,228000,228000,0,16,0,0,6400000,0,0,0,0,0,0,0,0,0,0,100000,0,35000000,0,0,0,0,0,0,20,0,1704000,0,0,0,0,53000000,0,0,1912,0,0,0,0,0,0,0,0,0,0,0,0,0,100000,0,0,0,0,0,0,0,0,0,100000,0,0,1000,0,0,100,100,0,0,0,1,1
Sargent County Sheriff's Office,2023-07-01,North Dakota,3797,ND04100,0,0,0,0,0,0,0,0,0,0,10,0,0,0,0,0,0,10,0,0,0,0,0,0,0,0,0,0,0,0,0,0,0,0,2,369000000,235,0,0,0,0,235,0,0,369,0,0,0,0,0,0,0,0,0,0,0,604000000,0,0,0,0,0,0,0,0,0,0,0,0,350000000,0,0,0,0,0,0,235,0,0,0,0,0,0,0,0,369000,0,0,0,0,604000000,1,1
Sargent County Sheriff's Office,2023-08-01,North Dakota,3797,ND04100,0,0,0,0,0,0,0,36,0,0,0,0,0,0,0,0,0,0,0,0,0,0,0,0,0,0,0,9000000,3,6900010,0,0,0,0,0,0,10000,0,0,0,0,0,0,0,0,0,0,0,0,0,0,0,10000000,1000000,0,0,0,0,0,0,0,0,0,0,0,0,0,0,0,0,0,0,0,0,0,0,0,0,0,0,0,0,60,0,60,0,0,60000000,0,0,0,1,1
Sargent County Sheriff's Office,2023-09-01,North Dakota,3797,ND04100,0,0,0,0,0,0,0,0,0,0,0,0,0,0,0,0,0,0,0,0,0,0,0,0,0,0,0,0,0,0,0,100,0,0,0,600000000,600,0,0,0,0,0,0,0,0,0,0,0,0,0,0,0,0,0,0,0,0,0,0,0,0,0,0,0,0,0,0,0,0,0,0,0,0,0,0,0,0,0,100000,0,0,0,0,0,100,0,0,0,0,1000,0,1,1
Sargent County Sheriff's Office,2023-10-01,North Dakota,3797,ND04100,0,0,0,0,0,0,0,0,0,0,0,0,0,0,0,0,0,0,0,0,0,0,0,0,0,0,0,0,0,0,0,0,0,0,0,0,549000000,0,0,0,0,0,0,0,0,549,0,0,549,0,0,0,0,0,0,549,0,0,0,0,0,0,0,0,0,0,0,0,0,0,0,0,0,0,0,0,0,0,0,549000000,0,549000,0,0,0,0,0,0,0,0,0,1,1
Sargent County Sheriff's Office,2023-11-01,North Dakota,3797,ND04100,0,0,0,0,0,0,0,0,0,0,0,0,0,0,0,0,0,0,0,0,0,0,0,0,0,0,0,0,0,0,0,0,0,0,0,0,0,0,0,0,0,0,0,0,0,0,0,0,0,0,0,0,0,0,0,0,0,0,0,0,0,0,0,0,0,0,0,0,0,0,0,0,0,0,0,0,0,0,0,0,0,0,0,0,0,0,0,0,0,0,0,1,1
Sargent County Sheriff's Office,2023-12-01,North Dakota,3797,ND04100,0,0,0,0,0,0,0,0,0,0,0,0,0,0,0,0,0,0,0,0,0,0,0,0,0,0,0,0,0,0,0,0,0,0,0,0,0,0,0,0,0,0,0,0,0,0,0,0,0,0,0,0,0,0,0,0,0,0,0,0,0,0,0,0,0,0,0,0,0,0,0,0,0,0,0,0,0,0,0,0,0,0,0,0,0,0,0,0,0,0,0,1,1
Sargent County Sheriff's Office,2000-01-01,North Dakota,4366,ND04100,0,1,0,0,0,0,1,0,0,0,0,0,0,0,0,0,0,0,1,2,0,3,0,0,0,1,0,0,0,1,1,0,0,0,0,2943,0,0,0,0,0,2943,0,0,0,0,0,0,0,0,0,0,0,73,216,0,288,3231,0,0,0,88,0,0,0,127,73,0,0,0,0,32,0,0,0,3199,0,0,3231,0,0,0,0,32,0,0,0,168,0,0,200,1,1.76946331784747
Sargent County Sheriff's Office,2000-02-01,North Dakota,4366,ND04100,0,1,0,0,0,0,1,0,0,0,0,0,0,0,0,0,0,0,1,1,1,3,0,0,0,1,0,0,0,0,2,0,0,0,0,2654,0,0,0,0,0,2654,0,0,0,0,0,0,0,0,0,0,0,2,212,1769,1984,4638,0,0,0,2,0,0,0,0,1982,0,0,0,0,0,0,0,0,1982,0,2656,4638,0,0,0,0,0,0,0,0,0,0,2654,2654,1,1.76946331784747
Sargent County Sheriff's Office,2000-03-01,North Dakota,4366,ND04100,0,0,0,1,3,0,4,0,0,0,0,0,0,0,0,0,0,0,1,1,2,4,0,0,0,1,0,0,0,0,3,0,0,0,0,0,0,0,885,44,0,929,0,0,0,0,0,0,0,0,0,0,0,53,177,2106,2336,3265,0,0,0,1398,0,0,0,0,938,885,0,44,0,0,0,0,0,1451,885,0,3265,0,0,0,0,0,0,0,0,708,0,2,710,1,1.76946331784747
Sargent County Sheriff's Office,2000-04-01,North Dakota,4366,ND04100,0,1,0,0,1,0,2,0,0,0,0,0,0,0,0,0,0,0,0,0,3,3,0,0,0,0,2,0,0,0,1,0,0,0,0,0,0,0,531,0,0,531,0,0,0,0,0,0,0,0,0,0,0,0,0,4291,4291,4822,0,0,0,0,2964,0,0,0,1327,0,0,0,0,0,1769,0,0,3052,0,0,4822,0,0,0,0,0,0,0,0,0,0,0,0,1,1.76946331784747
Sargent County Sheriff's Office,2000-05-01,North Dakota,4366,ND04100,1,0,0,0,0,0,1,0,0,0,0,0,0,0,0,0,0,0,0,1,1,2,0,0,0,0,1,0,0,0,1,0,0,0,0,0,0,0,0,0,0,0,0,0,0,0,0,0,0,0,0,0,0,0,88,575,664,664,0,0,0,0,575,0,0,0,88,0,0,0,0,0,0,0,0,664,0,0,664,0,0,0,0,0,0,0,0,88,0,0,88,1,1.76946331784747
Sargent County Sheriff's Office,2000-06-01,North Dakota,4366,ND04100,0,0,0,0,3,0,3,0,0,0,0,0,0,0,0,0,0,0,1,1,2,4,1,0,0,0,1,0,0,0,2,0,0,0,0,0,0,0,1946,0,0,1946,0,0,0,0,0,0,0,0,0,0,0,2,142,2743,2886,4832,142,0,0,0,2123,0,0,0,621,0,58,1870,0,0,0,0,0,2904,0,0,4832,0,0,0,0,0,0,0,0,212,0,0,212,1,1.76946331784747
Sargent County Sheriff's Office,2000-07-01,North Dakota,4366,ND04100,0,1,0,0,0,0,1,0,0,0,0,0,0,0,0,0,0,0,2,6,0,8,0,3,1,1,0,0,0,2,1,0,0,0,0,0,0,0,0,0,0,0,0,0,0,0,0,0,0,0,0,0,0,19,1111,0,1131,1131,0,531,265,173,0,0,0,19,142,0,2,407,0,0,0,0,0,722,0,0,1131,0,0,0,0,0,0,0,0,2661,0,0,2661,1,1.76946331784747
Sargent County Sheriff's Office,2000-08-01,North Dakota,4366,ND04100,0,1,0,1,1,0,3,0,0,0,0,0,0,0,0,0,0,0,0,3,1,4,1,0,0,3,0,0,0,0,0,0,0,0,0,0,0,0,1734,0,0,1734,0,0,0,0,0,0,0,0,0,0,0,0,681,354,1035,2769,354,0,0,681,0,0,0,0,0,0,1637,407,0,0,0,0,0,725,0,0,2769,0,0,0,0,0,0,0,0,0,0,0,0,1,1.76946331784747
Sargent County Sheriff's Office,2000-09-01,North Dakota,4366,ND04100,0,0,0,0,0,0,0,0,0,0,0,0,0,0,0,0,0,0,2,2,2,6,0,1,0,0,2,0,0,0,3,0,0,0,0,0,0,0,0,0,0,0,0,0,0,0,0,0,0,0,0,0,0,7,372,12110,12489,12489,0,265,0,0,11611,0,0,0,612,0,168,0,0,0,0,0,0,12321,0,0,12489,0,0,0,0,0,0,0,0,0,0,0,0,1,1.76946331784747
Sargent County Sheriff's Office,2000-10-01,North Dakota,4366,ND04100,0,0,0,0,0,0,0,0,0,0,0,0,0,0,0,0,0,0,2,2,1,5,0,0,0,2,2,0,0,0,1,0,0,0,0,0,0,0,0,0,0,0,0,0,0,0,0,0,0,0,0,0,0,60,177,2185,2422,2422,0,0,0,2274,60,0,0,0,88,0,131,18,0,0,0,0,0,2274,0,0,2422,0,0,0,0,0,0,0,0,0,0,0,0,1,1.76946331784747
Sargent County Sheriff's Office,2000-11-01,North Dakota,4366,ND04100,0,0,0,0,1,0,1,0,0,0,0,0,0,0,0,0,0,0,1,0,0,1,0,0,0,0,0,0,0,1,0,0,0,0,0,0,0,0,968,0,0,968,0,0,0,0,0,0,0,0,0,0,0,4,0,0,4,971,0,0,0,0,0,0,0,4,0,0,115,32,0,0,0,0,0,825,0,0,971,0,4,0,0,0,0,0,0,0,0,0,4,1,1.76946331784747
Sargent County Sheriff's Office,2000-12-01,North Dakota,4366,ND04100,0,0,0,0,0,0,0,1,0,0,0,0,0,0,0,0,0,0,0,2,0,2,0,0,0,0,0,0,0,0,2,0,0,1,0,0,0,0,0,0,0,0,24772,0,0,0,0,0,0,0,0,0,0,0,203,0,203,24976,0,0,0,0,0,0,0,0,203,0,0,115,0,0,0,0,24772,88,0,0,24976,0,0,0,0,0,0,0,24772,0,0,0,24772,1,1.76946331784747
Sargent County Sheriff's Office,2013-01-01,North Dakota,4010,ND04100,0,0,0,0,0,0,0,0,0,0,0,0,0,0,0,0,0,0,0,0,2,2,0,0,0,0,2,0,0,0,0,0,0,0,0,0,0,0,0,0,0,0,0,0,0,0,0,0,0,0,0,0,0,0,0,5395,5395,5395,0,0,0,0,5395,0,0,0,0,0,0,0,1439,0,0,0,0,1210,2093,654,5395,0,0,0,0,0,0,0,0,0,0,0,0,1,1.30797303509051
Sargent County Sheriff's Office,2013-02-01,North Dakota,4010,ND04100,0,0,0,0,0,0,0,0,0,0,0,0,0,0,0,0,0,0,1,0,0,1,1,0,0,0,0,0,0,0,0,0,0,0,0,0,0,0,0,0,0,0,0,0,0,0,0,0,0,0,0,0,0,0,0,0,0,0,0,0,0,0,0,0,0,0,0,0,0,0,0,0,0,0,0,0,0,0,0,0,0,0,0,0,0,0,0,0,0,0,0,1,1.30797303509051
Sargent County Sheriff's Office,2013-03-01,North Dakota,4010,ND04100,0,1,0,0,0,0,1,0,0,0,0,0,0,0,0,0,0,0,0,0,0,0,0,0,0,0,0,0,0,0,0,0,0,0,0,458,0,0,0,0,0,458,0,0,0,0,0,0,0,0,0,0,0,0,0,0,0,458,0,0,0,0,0,0,0,0,0,0,458,0,0,0,0,0,0,0,0,0,458,0,0,0,0,0,0,0,0,0,0,0,0,1,1.30797303509051
Sargent County Sheriff's Office,2013-04-01,North Dakota,4010,ND04100,0,1,0,0,0,0,1,1,0,0,0,0,0,0,0,0,0,0,0,0,0,0,0,0,0,0,0,0,0,0,0,0,0,0,0,0,0,0,0,0,0,0,7848,0,0,0,0,0,0,0,0,0,0,0,0,0,0,7848,0,0,0,0,0,0,0,0,0,0,0,0,0,0,0,0,7848,0,0,0,7848,0,0,0,0,0,0,0,0,0,0,0,0,1,1.30797303509051
Sargent County Sheriff's Office,2013-05-01,North Dakota,4010,ND04100,1,0,0,0,0,0,1,0,0,0,0,0,0,0,0,0,0,0,0,0,0,0,0,0,0,0,0,0,0,0,0,0,0,0,0,0,0,0,0,0,0,0,0,0,0,0,0,0,0,0,0,0,0,0,0,0,0,0,0,0,0,0,0,0,0,0,0,0,0,0,0,0,0,0,0,0,0,0,0,0,0,0,0,0,0,0,0,0,0,0,0,1,1.30797303509051
Sargent County Sheriff's Office,2013-06-01,North Dakota,4010,ND04100,0,0,0,0,0,0,0,0,0,0,0,0,0,0,0,0,0,0,0,0,1,1,0,0,0,1,0,0,0,0,0,0,0,0,0,0,0,0,0,0,0,0,0,0,0,0,0,0,0,0,0,0,0,0,0,654,654,654,0,0,0,654,0,0,0,0,0,0,654,0,0,0,0,0,0,0,0,0,654,0,0,0,0,0,0,0,0,0,0,0,0,1,1.30797303509051
Sargent County Sheriff's Office,2013-07-01,North Dakota,4010,ND04100,0,0,0,0,0,0,0,0,0,0,0,0,0,0,0,0,0,0,1,0,2,3,0,0,0,1,1,0,0,0,1,0,0,0,0,0,0,0,0,0,0,0,0,0,0,0,0,0,0,0,0,0,0,39,0,2093,2132,2132,0,0,0,785,39,0,0,0,1308,0,39,0,0,0,0,0,0,1308,785,0,2132,0,0,0,0,0,0,0,0,0,0,0,0,1,1.30797303509051
Sargent County Sheriff's Office,2013-08-01,North Dakota,4010,ND04100,1,1,0,0,1,0,3,0,0,0,0,0,0,0,0,0,0,0,0,0,2,2,0,0,0,1,1,0,0,0,0,0,0,0,0,0,392,0,1648,0,0,2040,0,0,0,0,0,0,0,0,0,0,0,0,0,2289,2289,4329,0,0,0,327,1962,0,0,0,0,0,392,1648,0,0,0,0,0,2289,0,0,4329,0,0,0,0,0,0,0,0,0,0,0,0,1,1.30797303509051
Sargent County Sheriff's Office,2013-09-01,North Dakota,4010,ND04100,0,0,0,0,0,0,0,0,0,0,0,0,0,0,0,0,0,0,0,0,0,0,0,0,0,0,0,0,0,0,0,0,0,0,0,0,0,0,0,0,0,0,0,0,0,0,0,0,0,0,0,0,0,0,0,0,0,0,0,0,0,0,0,0,0,0,0,0,0,0,0,0,0,0,0,0,0,0,0,0,0,0,0,0,0,0,0,0,0,0,0,1,1.30797303509051
Sargent County Sheriff's Office,2013-10-01,North Dakota,4010,ND04100,0,0,0,0,0,0,0,0,0,0,0,0,0,0,0,0,0,0,0,0,2,2,0,0,0,0,1,0,0,0,1,0,0,0,0,0,0,0,0,0,0,0,0,0,0,0,0,0,0,0,0,0,0,0,0,916,916,916,0,0,0,0,654,0,0,0,262,0,654,0,0,0,0,0,0,0,0,262,916,0,0,0,0,0,0,0,0,0,0,0,0,1,1.30797303509051
Sargent County Sheriff's Office,2013-11-01,North Dakota,4010,ND04100,0,0,0,0,0,0,0,0,0,0,0,0,0,0,0,0,0,0,0,0,1,1,0,0,0,1,0,0,0,0,0,0,0,0,0,0,0,0,0,0,0,0,0,0,0,0,0,0,0,0,0,0,0,0,0,262,262,262,0,0,0,262,0,0,0,0,0,0,262,0,0,0,0,0,0,0,0,0,262,0,0,0,0,0,0,0,0,0,0,0,0,1,1.30797303509051
Sargent County Sheriff's Office,2013-12-01,North Dakota,4010,ND04100,0,0,0,0,0,0,0,0,0,0,0,0,0,0,0,0,0,0,0,0,0,0,0,0,0,0,0,0,0,0,0,0,0,0,0,0,0,0,0,0,0,0,0,0,0,0,0,0,0,0,0,0,0,0,0,0,0,0,0,0,0,0,0,0,0,0,0,0,0,0,0,0,0,0,0,0,0,0,0,0,0,0,0,0,0,0,0,0,0,0,0,1,1.30797303509051
Sargent County Sheriff's Office,2017-01-01,North Dakota,3811,ND04100,0,1,0,0,0,0,1,0,0,0,0,0,0,0,0,0,0,0,0,0,1,1,0,0,0,0,0,0,0,0,1,0,0,0,0,588,0,0,0,0,0,588,0,0,0,0,0,0,0,0,0,0,0,0,0,2486,2486,3074,0,0,0,0,0,0,0,0,2486,0,2486,47,0,0,292,0,0,0,249,0,3074,0,0,0,0,0,0,0,0,0,0,0,0,1,1.24307319386626
Sargent County Sheriff's Office,2017-02-01,North Dakota,3811,ND04100,0,0,0,0,0,0,0,0,0,0,0,0,0,0,0,0,0,0,0,0,0,0,0,0,0,0,0,0,0,0,0,0,0,0,0,0,0,0,0,0,0,0,0,0,0,0,0,0,0,0,0,0,0,0,0,0,0,0,0,0,0,0,0,0,0,0,0,0,0,0,0,0,0,0,0,0,0,0,0,0,0,0,0,0,0,0,0,0,0,0,0,1,1.24307319386626
Sargent County Sheriff's Office,2017-03-01,North Dakota,3811,ND04100,0,0,0,0,0,0,0,0,0,0,0,0,0,0,0,0,0,0,0,0,0,0,0,0,0,0,0,0,0,0,0,0,0,0,0,0,0,0,0,0,0,0,0,0,0,0,0,0,0,0,0,0,0,0,0,0,0,0,0,0,0,0,0,0,0,0,0,0,0,0,0,0,0,0,0,0,0,0,0,0,0,0,0,0,0,0,0,0,0,0,0,1,1.24307319386626
Sargent County Sheriff's Office,2017-04-01,North Dakota,3811,ND04100,0,0,0,0,0,0,0,0,0,0,0,0,0,0,0,0,0,0,0,0,0,0,0,0,0,0,0,0,0,0,0,0,0,0,0,0,0,0,0,0,0,0,0,0,0,0,0,0,0,0,0,0,0,0,0,0,0,0,0,0,0,0,0,0,0,0,0,0,0,0,0,0,0,0,0,0,0,0,0,0,0,0,0,0,0,0,0,0,0,0,0,1,1.24307319386626
Sargent County Sheriff's Office,2017-05-01,North Dakota,3811,ND04100,0,0,0,0,0,0,0,0,0,0,0,0,0,0,0,0,0,0,0,0,0,0,0,0,0,0,0,0,0,0,0,0,0,0,0,0,0,0,0,0,0,0,0,0,0,0,0,0,0,0,0,0,0,0,0,0,0,0,0,0,0,0,0,0,0,0,0,0,0,0,0,0,0,0,0,0,0,0,0,0,0,0,0,0,0,0,0,0,0,0,0,1,1.24307319386626
Sargent County Sheriff's Office,2017-06-01,North Dakota,3811,ND04100,0,0,0,0,0,0,0,0,0,0,0,0,0,0,0,0,0,0,0,0,1,1,0,0,0,0,0,0,0,0,1,0,0,0,0,0,0,0,0,0,0,0,0,0,0,0,0,0,0,0,0,0,0,0,0,1430,1430,1430,0,0,0,0,0,0,0,0,1430,0,0,0,0,0,0,0,0,1430,0,0,1430,0,0,0,0,0,0,0,0,0,0,0,0,1,1.24307319386626
Sargent County Sheriff's Office,2017-07-01,North Dakota,3811,ND04100,0,0,0,0,0,0,0,0,0,0,0,0,0,0,0,0,0,0,2,0,1,3,1,0,0,0,0,0,0,0,2,0,0,0,0,0,0,0,0,0,0,0,0,0,0,0,0,0,0,0,0,0,0,25,0,27348,27372,27372,0,0,0,0,0,0,0,0,27372,0,0,25,0,0,0,27348,0,0,0,0,27372,0,0,0,0,0,0,0,0,1430,0,0,1430,1,1.24307319386626
Sargent County Sheriff's Office,2017-08-01,North Dakota,3811,ND04100,0,0,0,1,0,0,1,0,0,0,0,0,0,0,0,0,0,0,1,0,0,1,1,0,0,0,0,0,0,0,0,0,0,0,0,0,0,0,0,746,0,746,0,0,0,0,0,0,0,0,0,0,0,0,0,0,0,746,0,0,0,0,0,0,0,0,0,0,0,0,0,0,0,0,0,746,0,0,746,0,0,0,0,0,0,0,0,0,0,0,0,1,1.24307319386626
Sargent County Sheriff's Office,2017-09-01,North Dakota,3811,ND04100,0,0,0,0,0,0,0,1,0,0,0,0,0,0,0,0,0,0,0,0,0,0,0,0,0,0,0,0,0,0,0,0,0,1,0,0,0,0,0,0,0,0,12431,0,0,0,0,0,0,0,0,0,0,0,0,0,0,12431,0,0,0,0,0,0,0,0,0,0,0,0,0,0,0,0,12431,0,0,0,12431,0,0,0,0,0,0,0,12431,0,0,0,12431,1,1.24307319386626
Sargent County Sheriff's Office,2017-10-01,North Dakota,3811,ND04100,1,0,0,0,0,0,1,0,0,0,0,0,0,0,0,0,0,0,0,0,0,0,0,0,0,0,0,0,0,0,0,0,0,0,0,0,6824,0,0,0,0,6824,0,0,0,0,0,0,0,0,0,0,0,0,0,0,0,6824,0,0,0,0,0,0,0,0,0,0,0,5333,994,0,0,0,0,497,0,0,6824,0,0,0,0,0,0,0,0,0,0,0,0,1,1.24307319386626
Sargent County Sheriff's Office,2017-11-01,North Dakota,3811,ND04100,0,0,0,0,0,0,0,1,0,0,0,0,0,0,0,0,0,0,0,0,0,0,0,0,0,0,0,0,0,0,0,0,0,0,0,0,0,0,0,0,0,0,37292,0,0,0,0,0,0,0,0,0,0,0,0,0,0,37292,0,0,0,0,0,0,0,0,0,0,0,0,0,0,0,0,37292,0,0,0,37292,0,0,0,0,0,0,0,0,0,0,0,0,1,1.24307319386626
Sargent County Sheriff's Office,2017-12-01,North Dakota,3811,ND04100,0,0,0,0,1,0,1,0,0,0,0,0,0,0,0,0,0,0,0,0,0,0,0,0,0,0,0,0,0,0,0,0,0,0,0,0,0,0,5973,0,0,5973,0,0,0,0,0,0,0,0,0,0,0,0,0,0,0,5973,0,0,0,0,0,0,0,0,0,0,4420,1428,0,0,0,0,0,0,124,0,5973,0,0,0,0,0,0,0,0,0,0,0,0,1,1.24307319386626
Sargent County Sheriff's Office,2001-01-01,North Dakota,4313,ND04100,0,0,0,0,0,0,0,0,0,0,0,0,0,0,0,0,0,0,0,1,0,1,0,0,0,0,0,0,0,0,1,0,0,0,0,0,0,0,0,0,0,0,0,0,0,0,0,0,0,0,0,0,0,0,86,0,86,86,0,0,0,0,0,0,0,0,86,0,0,0,0,0,0,0,0,86,0,0,86,0,0,0,0,0,0,0,0,0,0,0,0,1,1.7208297251506
Sargent County Sheriff's Office,2001-02-01,North Dakota,4313,ND04100,0,0,0,0,1,0,1,0,1,0,0,0,0,0,0,0,0,0,2,0,1,3,0,0,0,2,0,0,0,0,1,0,0,0,0,0,0,0,0,0,0,0,0,0,0,0,0,0,0,0,0,0,0,36,0,2624,2660,2660,0,0,0,36,0,0,0,0,2624,0,36,0,0,0,0,0,0,2624,0,0,2660,0,0,0,0,0,0,0,0,0,0,0,0,1,1.7208297251506
Sargent County Sheriff's Office,2001-03-01,North Dakota,4313,ND04100,0,1,0,0,0,0,1,0,0,0,0,0,0,0,0,0,0,0,1,0,0,1,0,0,0,0,0,0,0,0,1,0,0,0,0,0,0,0,0,0,0,0,0,0,0,0,0,0,0,0,0,0,0,3,0,0,3,3,0,0,0,0,0,0,0,0,3,0,2,0,0,0,0,0,0,2,0,0,3,0,0,0,0,0,0,0,0,2624,0,0,2624,1,1.7208297251506
Sargent County Sheriff's Office,2001-04-01,North Dakota,4313,ND04100,0,0,0,0,2,0,2,0,0,0,0,0,0,0,0,0,0,0,0,1,1,2,0,0,0,0,2,0,0,0,0,0,0,0,0,0,0,0,7153,0,0,7153,0,0,0,0,0,0,0,0,0,0,0,0,174,2358,2531,9685,0,0,0,0,2531,0,0,0,0,0,310,6895,0,0,0,0,0,2480,0,0,9685,0,0,0,0,0,0,0,0,0,0,0,0,1,1.7208297251506
Sargent County Sheriff's Office,2001-05-01,North Dakota,4313,ND04100,0,0,0,1,2,0,3,0,0,1,0,0,0,0,0,0,0,0,0,1,0,1,0,0,0,0,0,0,0,0,1,0,0,0,0,0,0,0,0,258,0,258,0,0,0,0,0,0,0,0,0,0,0,0,258,0,258,516,0,0,0,0,0,0,0,0,258,0,0,258,0,0,0,0,0,258,0,0,516,0,0,258,0,0,0,0,0,0,0,0,258,1,1.7208297251506
Sargent County Sheriff's Office,2001-06-01,North Dakota,4313,ND04100,0,0,0,0,0,0,0,1,0,0,0,0,0,0,0,0,0,0,2,2,0,4,0,0,0,1,0,0,0,0,3,0,0,1,0,0,0,0,0,0,0,0,8604,0,0,0,0,0,0,0,0,0,0,21,404,0,425,9029,0,0,0,2,0,0,0,0,423,0,10,0,0,0,0,0,8604,415,0,0,9029,0,0,0,0,0,0,0,8604,430,0,0,9034,1,1.7208297251506
Sargent County Sheriff's Office,2001-07-01,North Dakota,4313,ND04100,0,0,0,0,0,0,0,0,0,0,0,0,0,0,0,0,0,0,1,0,0,1,0,0,0,1,0,0,0,0,0,0,0,0,0,0,0,0,0,0,0,0,0,0,0,0,0,0,0,0,0,0,0,62,0,0,62,62,0,0,0,62,0,0,0,0,0,0,0,26,0,0,0,0,0,36,0,0,62,0,0,0,0,0,0,0,0,0,0,0,0,1,1.7208297251506
Sargent County Sheriff's Office,2001-08-01,North Dakota,4313,ND04100,0,1,0,0,3,0,4,0,0,0,0,0,0,0,0,0,0,0,2,0,2,4,0,0,0,1,0,0,0,0,3,0,0,0,0,0,0,0,5,0,0,5,0,0,0,0,0,0,0,0,0,0,0,117,0,1053,1170,1175,0,0,0,365,0,0,0,0,805,0,117,0,0,0,0,0,0,1058,0,0,1175,0,0,0,0,0,0,0,0,43,0,0,43,1,1.7208297251506
Sargent County Sheriff's Office,2001-09-01,North Dakota,4313,ND04100,0,0,0,0,2,0,2,0,0,1,0,0,0,0,0,0,0,0,0,0,4,4,0,0,0,0,1,0,0,0,3,0,0,0,0,0,0,0,4318,0,0,4318,0,0,0,0,0,0,0,0,0,0,0,0,0,5865,5865,10182,0,0,0,0,687,0,0,0,5178,0,0,0,0,0,0,0,0,10182,0,0,10182,0,0,0,0,0,0,0,0,0,0,0,0,1,1.7208297251506
Sargent County Sheriff's Office,2001-10-01,North Dakota,4313,ND04100,0,0,0,0,0,0,0,0,0,0,0,0,0,0,0,0,0,0,2,1,5,8,0,0,0,1,1,0,0,0,6,0,0,0,0,0,0,0,0,0,0,0,0,0,0,0,0,0,0,0,0,0,0,34,172,13264,13471,13471,0,0,0,172,5589,0,0,0,7709,0,189,499,0,0,5589,0,0,5369,0,1824,13471,0,0,0,0,0,0,0,0,0,0,0,0,1,1.7208297251506
Sargent County Sheriff's Office,2001-11-01,North Dakota,4313,ND04100,0,1,0,0,0,0,1,0,0,0,0,0,0,0,0,0,0,0,2,0,2,4,0,0,0,2,1,0,0,1,0,0,0,0,0,301,0,0,0,0,0,301,0,0,0,0,0,0,0,0,0,0,0,9,0,6097,6106,6407,0,0,0,2617,3481,0,0,7,0,2376,129,0,0,0,933,0,0,2934,0,34,6407,0,7,0,0,0,0,0,0,2,0,0,9,1,1.7208297251506
Sargent County Sheriff's Office,2001-12-01,North Dakota,4313,ND04100,0,0,0,0,0,0,0,0,0,0,0,0,0,0,0,0,0,0,0,0,0,0,0,0,0,0,0,0,0,0,0,0,0,0,0,0,0,0,0,0,0,0,0,0,0,0,0,0,0,0,0,0,0,0,0,0,0,0,0,0,0,0,0,0,0,0,0,0,0,0,0,0,0,0,0,0,0,0,0,0,0,0,0,0,0,0,0,0,0,0,0,1,1.7208297251506
Sargent County Sheriff's Office,2002-01-01,North Dakota,4311,ND04100,0,0,0,0,0,0,0,1,0,0,0,0,0,0,0,0,0,0,1,1,2,4,0,0,0,0,4,0,0,0,0,0,0,0,0,0,0,0,0,0,0,0,10164,0,0,0,0,0,0,0,0,0,0,42,169,5599,5810,15974,0,0,0,0,5810,0,0,0,0,254,169,0,0,0,0,0,10164,5361,0,25,15974,0,0,0,0,0,0,0,0,0,0,0,0,1,1.69396293722493
Sargent County Sheriff's Office,2002-02-01,North Dakota,4311,ND04100,1,0,0,0,1,0,2,0,0,0,0,0,0,0,0,0,0,0,0,2,2,4,0,0,1,2,1,0,0,0,0,0,0,1,0,0,0,0,59,0,0,59,0,0,0,0,0,0,0,0,0,0,0,0,364,2033,2397,2456,0,0,1694,364,339,0,0,0,0,0,59,1694,0,0,0,0,0,195,0,508,2456,0,0,0,0,0,0,0,10164,0,0,0,10164,1,1.69396293722493
Sargent County Sheriff's Office,2002-03-01,North Dakota,4311,ND04100,1,0,0,0,2,0,3,0,0,0,0,0,0,0,0,0,0,0,0,1,0,1,0,0,0,0,0,0,0,0,1,0,0,0,0,0,220,0,246,0,0,466,0,0,0,0,0,0,0,0,0,0,0,0,110,0,110,576,0,0,0,0,0,0,0,0,110,0,17,339,85,0,0,0,0,136,0,0,576,0,0,0,0,0,0,0,0,0,0,0,0,1,1.69396293722493
Sargent County Sheriff's Office,2002-04-01,North Dakota,4311,ND04100,0,0,0,0,0,0,0,0,0,0,0,0,0,0,0,0,0,0,1,1,1,3,0,0,0,0,2,0,0,0,1,0,0,0,0,0,0,0,0,0,0,0,0,0,0,0,0,0,0,0,0,0,0,71,137,2612,2820,2820,0,0,0,0,208,0,0,0,2612,0,0,136,0,0,2,0,0,2683,0,0,2820,0,0,0,0,0,0,0,0,0,0,0,0,1,1.69396293722493
Sargent County Sheriff's Office,2002-05-01,North Dakota,4311,ND04100,0,0,0,0,0,0,0,1,0,0,0,0,0,0,0,0,0,0,0,3,1,4,0,0,0,0,1,0,0,0,3,0,0,1,0,0,0,0,0,0,0,0,22022,0,0,0,0,0,0,0,0,0,0,0,551,1355,1906,23927,0,0,0,0,212,0,0,0,1694,0,0,0,1101,0,0,0,22022,805,0,0,23927,0,0,0,0,0,0,0,22022,212,0,0,22233,1,1.69396293722493
Sargent County Sheriff's Office,2002-06-01,North Dakota,4311,ND04100,0,0,0,0,0,0,0,0,0,0,0,0,0,0,0,0,0,0,0,0,0,0,0,0,0,0,0,0,0,0,0,0,0,0,0,0,0,0,0,0,0,0,0,0,0,0,0,0,0,0,0,0,0,0,0,0,0,0,0,0,0,0,0,0,0,0,0,0,0,0,0,0,0,0,0,0,0,0,0,0,0,0,0,0,0,0,0,0,0,0,0,1,1.69396293722493
Sargent County Sheriff's Office,2002-07-01,North Dakota,4311,ND04100,0,0,0,0,1,0,1,0,0,0,0,0,0,0,0,0,0,0,0,0,0,0,0,0,0,0,0,0,0,0,0,0,0,0,0,0,0,0,254,0,0,254,0,0,0,0,0,0,0,0,0,0,0,0,0,0,0,254,0,0,0,0,0,0,0,0,0,0,254,0,0,0,0,0,0,0,0,0,254,0,0,0,0,0,0,0,0,0,0,0,0,1,1.69396293722493
Sargent County Sheriff's Office,2002-08-01,North Dakota,4311,ND04100,0,0,0,0,0,0,0,0,0,0,0,0,0,0,0,0,0,0,1,0,0,1,1,0,0,0,0,0,0,0,0,0,0,0,0,0,0,0,0,0,0,0,0,0,0,0,0,0,0,0,0,0,0,2,0,0,2,2,2,0,0,0,0,0,0,0,0,0,0,0,0,0,0,0,0,2,0,0,2,0,0,0,0,0,0,0,0,0,0,0,0,1,1.69396293722493
Sargent County Sheriff's Office,2002-09-01,North Dakota,4311,ND04100,0,0,0,0,0,0,0,0,0,0,0,0,0,0,0,0,0,0,1,0,1,2,0,0,0,0,1,0,0,0,1,0,0,0,0,0,0,0,0,0,0,0,0,0,0,0,0,0,0,0,0,0,0,63,0,1199,1262,1262,0,0,0,0,63,0,0,0,1199,0,8,1199,0,0,0,0,0,54,0,0,1262,0,0,0,0,0,0,0,0,46,0,0,46,1,1.69396293722493
Sargent County Sheriff's Office,2002-10-01,North Dakota,4311,ND04100,0,0,0,0,0,0,0,0,0,0,0,0,0,0,0,0,0,0,1,0,0,1,0,0,0,0,1,0,0,0,0,0,0,0,0,0,0,0,0,0,0,0,0,0,0,0,0,0,0,0,0,0,0,3,0,0,3,3,0,0,0,0,3,0,0,0,0,0,0,0,0,2,0,0,0,2,0,0,3,0,0,0,0,0,0,0,0,0,0,0,0,1,1.69396293722493
Sargent County Sheriff's Office,2002-11-01,North Dakota,4311,ND04100,0,0,0,0,0,0,0,0,0,0,0,0,0,0,0,0,0,0,1,0,0,1,0,1,0,0,0,0,0,0,0,0,0,0,0,0,0,0,0,0,0,0,0,0,0,0,0,0,0,0,0,0,0,34,0,0,34,34,0,34,0,0,0,0,0,0,0,0,0,0,0,0,0,0,0,34,0,0,34,0,0,0,0,0,0,0,0,0,0,0,0,1,1.69396293722493
Sargent County Sheriff's Office,2002-12-01,North Dakota,4311,ND04100,1,0,0,0,1,0,2,1,0,0,0,0,0,0,0,0,0,0,1,0,0,1,0,0,0,0,1,0,0,0,0,0,0,1,0,0,0,0,0,0,0,0,1694,0,0,0,0,0,0,0,0,0,0,2,0,0,2,1696,0,0,0,0,2,0,0,0,0,0,0,0,0,0,0,0,1694,2,0,0,1696,0,0,0,0,0,0,0,1694,0,0,0,1694,1,1.69396293722493
Sargent County Sheriff's Office,2003-01-01,North Dakota,4248,ND04100,0,0,0,0,0,0,0,0,0,0,0,0,0,0,0,0,0,0,2,1,1,4,0,0,0,0,4,0,0,0,0,0,0,0,0,0,0,0,0,0,0,0,0,0,0,0,0,0,0,0,0,0,0,75,156,12423,12653,12653,0,0,0,0,12653,0,0,0,0,0,0,0,5,0,12423,0,0,225,0,0,12653,0,0,0,0,0,0,0,0,0,0,0,0,1,1.65636194790487
Sargent County Sheriff's Office,2003-02-01,North Dakota,4248,ND04100,0,1,0,0,0,0,1,0,0,0,0,0,0,0,0,0,0,0,0,0,3,3,0,0,0,0,0,0,0,0,3,0,0,0,0,7,0,0,0,0,0,7,0,0,0,0,0,0,0,0,0,0,0,0,0,65426,65426,65433,0,0,0,0,0,0,0,0,65426,0,414,0,49693,5,0,0,0,15321,0,0,65433,0,0,0,0,0,0,0,0,414,0,0,414,1,1.65636194790487
Sargent County Sheriff's Office,2003-03-01,North Dakota,4248,ND04100,0,0,0,0,0,0,0,0,0,0,0,0,0,0,0,0,0,0,2,1,0,3,0,0,0,0,1,0,0,0,2,0,0,0,0,0,0,0,0,0,0,0,0,0,0,0,0,0,0,0,0,0,0,66,242,0,308,308,0,0,0,0,33,0,0,0,275,0,0,25,0,0,0,0,0,283,0,0,308,0,0,0,0,0,0,0,0,0,0,0,0,1,1.65636194790487
Sargent County Sheriff's Office,2003-04-01,North Dakota,4248,ND04100,0,0,0,0,0,0,0,0,0,0,0,0,0,0,0,0,0,0,1,0,0,1,0,0,0,0,0,0,0,0,1,0,0,0,0,0,0,0,0,0,0,0,0,0,0,0,0,0,0,0,0,0,0,0,0,0,0,0,0,0,0,0,0,0,0,0,0,0,0,0,0,0,0,0,0,0,0,0,0,0,0,0,0,0,0,0,0,0,0,0,0,1,1.65636194790487
Sargent County Sheriff's Office,2003-05-01,North Dakota,4248,ND04100,0,0,0,0,3,0,3,0,0,0,0,0,0,0,0,0,0,0,0,0,2,2,0,0,0,0,0,0,0,0,2,0,0,0,0,0,0,0,2243,0,0,2243,0,0,0,0,0,0,0,0,0,0,0,0,0,1358,1358,3601,0,0,0,0,0,0,0,0,1358,0,33,1845,0,0,0,0,0,1723,0,0,3601,0,0,0,0,0,0,0,0,0,0,0,0,1,1.65636194790487
Sargent County Sheriff's Office,2003-06-01,North Dakota,4248,ND04100,0,1,0,0,0,0,1,0,0,0,0,0,0,0,0,0,0,0,1,0,0,1,0,0,0,0,1,0,0,0,0,0,0,0,0,3313,0,0,0,0,0,3313,0,0,0,0,0,0,0,0,0,0,0,2,0,0,2,3314,0,0,0,0,2,0,0,0,0,0,0,2,166,2319,0,0,0,828,0,0,3314,0,0,2,0,0,0,0,0,0,0,0,2,1,1.65636194790487
Sargent County Sheriff's Office,2003-07-01,North Dakota,4248,ND04100,0,1,0,0,0,0,1,0,0,0,0,0,0,0,0,0,0,0,0,1,1,2,0,0,0,0,0,0,0,0,2,0,0,0,0,0,0,0,0,0,0,0,0,0,0,0,0,0,0,0,0,0,0,0,124,1656,1781,1781,0,0,0,0,0,0,0,0,1781,0,0,0,0,0,0,0,0,1781,0,0,1781,0,0,0,0,0,0,0,0,0,0,0,0,1,1.65636194790487
Sargent County Sheriff's Office,2003-08-01,North Dakota,4248,ND04100,0,4,0,0,1,0,5,1,0,0,0,0,0,0,0,0,0,0,2,3,1,6,1,0,0,0,1,0,1,0,3,0,0,1,0,1247,0,0,108,0,0,1355,1656,0,0,0,0,0,0,0,0,0,0,8,600,1656,2264,5276,190,0,0,0,0,0,1656,0,417,0,133,1242,0,2,0,0,1656,2243,0,0,5276,0,0,0,0,0,0,0,1656,0,0,0,1656,1,1.65636194790487
Sargent County Sheriff's Office,2003-09-01,North Dakota,4248,ND04100,0,0,0,0,0,0,0,0,0,0,0,0,0,0,0,0,0,0,2,0,1,3,0,0,0,1,1,0,0,0,1,0,0,0,0,0,0,0,0,0,0,0,0,0,0,0,0,0,0,0,0,0,0,8,0,1656,1665,1665,0,0,0,2,7,0,0,0,1656,0,0,0,0,0,0,0,0,1663,0,2,1665,0,0,0,0,0,0,0,0,0,0,0,0,1,1.65636194790487
Sargent County Sheriff's Office,2003-10-01,North Dakota,4248,ND04100,0,0,0,0,0,0,0,2,0,0,0,0,0,0,0,0,0,0,2,0,4,6,0,0,0,2,0,0,0,0,4,0,0,1,0,0,0,0,0,0,0,0,46380,0,0,0,0,0,0,0,0,0,0,68,0,4442,4510,50890,0,0,0,3381,0,0,0,0,1130,0,0,565,0,0,0,0,46380,3447,0,499,50890,0,0,0,0,0,0,0,2,0,0,0,2,1,1.65636194790487
Sargent County Sheriff's Office,2003-11-01,North Dakota,4248,ND04100,0,0,0,1,0,0,1,0,0,0,0,0,0,0,0,0,0,0,2,0,0,2,0,0,0,0,1,0,0,0,1,0,0,0,0,0,0,0,0,7527,0,7527,0,0,0,0,0,0,0,0,0,0,0,3,0,0,3,7530,0,0,0,0,2,0,0,0,2,0,0,2,7527,0,0,0,0,2,0,0,7530,0,0,0,0,0,0,0,0,2,0,0,2,1,1.65636194790487
Sargent County Sheriff's Office,2003-12-01,North Dakota,4248,ND04100,0,0,0,0,0,0,0,0,0,0,0,0,0,0,0,0,0,0,1,1,1,3,0,0,0,0,1,0,0,0,2,0,0,0,0,0,0,0,0,0,0,0,0,0,0,0,0,0,0,0,0,0,0,5,83,497,585,585,0,0,0,0,83,0,0,0,502,0,0,0,0,5,0,0,0,580,0,0,585,0,0,0,0,0,0,0,0,83,0,0,83,1,1.65636194790487
Sargent County Sheriff's Office,2004-01-01,North Dakota,4229,ND04100,0,0,0,0,0,0,0,0,0,0,0,0,0,0,0,0,0,0,0,0,1,1,0,0,0,0,0,0,0,1,0,0,0,0,0,0,0,0,0,0,0,0,0,0,0,0,0,0,0,0,0,0,0,0,0,418,418,418,0,0,0,0,0,0,0,418,0,0,0,0,0,418,0,0,0,0,0,0,418,0,0,0,0,418,0,0,0,0,0,0,418,1,1.61317347569046
Sargent County Sheriff's Office,2004-02-01,North Dakota,4229,ND04100,0,0,0,0,0,0,0,0,0,0,0,0,0,0,0,0,0,0,0,0,0,0,0,0,0,0,0,0,0,0,0,0,0,0,0,0,0,0,0,0,0,0,0,0,0,0,0,0,0,0,0,0,0,0,0,0,0,0,0,0,0,0,0,0,0,0,0,0,0,0,0,0,0,0,0,0,0,0,0,0,0,0,0,0,0,0,0,0,0,0,0,1,1.61317347569046
Sargent County Sheriff's Office,2004-03-01,North Dakota,4229,ND04100,0,1,0,0,0,0,1,0,0,0,0,0,0,0,0,0,0,0,3,0,1,4,0,0,0,0,2,0,0,0,2,0,0,0,0,0,0,0,0,0,0,0,0,0,0,0,0,0,0,0,0,0,0,19,0,1371,1391,1391,0,0,0,0,1387,0,0,0,3,0,258,0,2,0,323,0,0,324,0,484,1391,0,0,0,0,0,0,0,0,0,0,0,0,1,1.61317347569046
Sargent County Sheriff's Office,2004-04-01,North Dakota,4229,ND04100,0,0,0,0,0,0,0,0,0,0,0,0,0,0,0,0,0,0,2,2,0,4,0,1,0,1,0,0,0,0,2,0,0,0,0,0,0,0,0,0,0,0,0,0,0,0,0,0,0,0,0,0,0,66,419,0,486,486,0,242,0,2,0,0,0,0,242,0,0,161,0,0,0,0,0,324,0,0,486,0,0,0,0,0,0,0,0,0,0,0,0,1,1.61317347569046
Sargent County Sheriff's Office,2004-05-01,North Dakota,4229,ND04100,0,0,0,0,0,0,0,0,0,0,0,0,0,0,0,0,0,0,3,0,2,5,0,0,0,0,1,0,0,0,4,0,0,0,0,0,0,0,0,0,0,0,0,0,0,0,0,0,0,0,0,0,0,69,0,3710,3780,3780,0,0,0,0,3,0,0,0,3776,0,0,0,0,0,0,0,0,3780,0,0,3780,0,0,0,0,0,0,0,0,129,0,0,129,1,1.61317347569046
Sargent County Sheriff's Office,2004-06-01,North Dakota,4229,ND04100,0,0,0,0,0,0,0,0,0,0,0,0,0,0,0,0,0,0,3,0,1,4,0,0,0,0,0,0,0,0,4,0,0,0,0,0,0,0,0,0,0,0,0,0,0,0,0,0,0,0,0,0,0,5,0,403,408,408,0,0,0,0,0,0,0,0,408,0,0,0,0,2,0,0,0,407,0,0,408,0,0,0,0,0,0,0,0,0,0,0,0,1,1.61317347569046
Sargent County Sheriff's Office,2004-07-01,North Dakota,4229,ND04100,0,0,0,0,0,0,0,0,0,1,0,0,0,0,0,0,0,0,0,0,2,2,0,0,0,0,0,0,0,0,2,0,0,0,0,0,0,0,0,0,0,0,0,0,0,0,0,0,0,0,0,0,0,0,0,4197,4197,4197,0,0,0,0,0,0,0,0,4197,0,0,0,0,0,0,0,0,4197,0,0,4197,0,0,0,0,0,0,0,0,0,0,0,0,1,1.61317347569046
Sargent County Sheriff's Office,2004-08-01,North Dakota,4229,ND04100,0,0,0,0,0,0,0,0,0,0,0,0,0,0,0,0,0,0,1,1,1,3,0,0,0,0,0,0,0,0,3,0,0,0,0,0,0,0,0,0,0,0,0,0,0,0,0,0,0,0,0,0,0,2,137,2355,2494,2494,0,0,0,0,0,0,0,0,2494,0,0,137,0,2,0,0,0,2355,0,0,2494,0,0,0,0,0,0,0,0,0,0,0,0,1,1.61317347569046
Sargent County Sheriff's Office,2004-09-01,North Dakota,4229,ND04100,0,0,0,0,0,0,0,0,0,0,0,0,0,0,0,0,0,0,2,0,2,4,0,0,0,0,0,0,0,0,4,0,0,0,0,0,0,0,0,0,0,0,0,0,0,0,0,0,0,0,0,0,0,2,0,1855,1857,1857,0,0,0,0,0,0,0,0,1857,0,0,565,1291,0,0,0,0,2,0,0,1857,0,0,0,0,0,0,0,0,0,0,0,0,1,1.61317347569046
Sargent County Sheriff's Office,2004-10-01,North Dakota,4229,ND04100,0,0,0,0,0,0,0,0,0,0,0,0,0,0,0,0,0,0,2,0,0,2,0,0,0,0,0,0,0,0,2,0,0,0,0,0,0,0,0,0,0,0,0,0,0,0,0,0,0,0,0,0,0,32,0,0,32,32,0,0,0,0,0,0,0,0,32,0,0,0,0,0,0,0,0,32,0,0,32,0,0,0,0,0,0,0,0,0,0,0,0,1,1.61317347569046
Sargent County Sheriff's Office,2004-11-01,North Dakota,4229,ND04100,0,0,0,0,0,0,0,0,0,0,0,0,0,0,0,0,0,0,1,0,4,5,0,0,0,0,0,0,0,0,5,0,0,0,0,0,0,0,0,0,0,0,0,0,0,0,0,0,0,0,0,0,0,16,0,5959,5975,5975,0,0,0,0,0,0,0,0,5975,0,2249,0,0,0,0,0,0,3726,0,0,5975,0,0,0,0,0,0,0,0,0,0,0,0,1,1.61317347569046
Sargent County Sheriff's Office,2004-12-01,North Dakota,4229,ND04100,0,0,0,0,0,0,0,1,0,0,0,0,0,0,0,0,0,0,0,0,0,0,0,0,0,0,0,0,0,0,0,0,0,0,0,0,0,0,0,0,0,0,807,0,0,0,0,0,0,0,0,0,0,0,0,0,0,807,0,0,0,0,0,0,0,0,0,0,0,0,0,0,0,0,807,0,0,0,807,0,0,0,0,0,0,0,0,0,0,0,0,1,1.61317347569046
Sargent County Sheriff's Office,2005-01-01,North Dakota,4125,ND04100,1,0,0,0,1,0,2,0,0,0,0,0,0,0,0,0,0,0,1,0,0,1,0,0,0,0,0,0,0,0,1,0,0,0,0,0,55,0,156,0,0,211,0,0,0,0,0,0,0,0,0,0,0,47,0,0,47,257,0,0,0,0,0,0,0,0,47,0,0,8,0,156,0,0,0,94,0,0,257,0,0,0,0,0,0,0,0,0,0,0,0,1,1.56023853211009
Sargent County Sheriff's Office,2005-02-01,North Dakota,4125,ND04100,0,0,0,0,0,0,0,1,0,0,0,0,0,0,0,0,0,0,0,0,2,2,0,0,0,0,1,0,0,0,1,0,0,0,0,0,0,0,0,0,0,0,43687,0,0,0,0,0,0,0,0,0,0,0,0,8795,8795,52482,0,0,0,0,1872,0,0,0,6923,0,0,0,0,0,0,0,43687,8795,0,0,52482,0,0,0,0,0,0,0,0,0,0,0,0,1,1.56023853211009
Sargent County Sheriff's Office,2005-03-01,North Dakota,4125,ND04100,0,0,0,0,0,0,0,0,0,0,0,0,0,0,0,0,0,0,0,0,0,0,0,0,0,0,0,0,0,0,0,0,0,0,0,0,0,0,0,0,0,0,0,0,0,0,0,0,0,0,0,0,0,0,0,0,0,0,0,0,0,0,0,0,0,0,0,0,0,0,0,0,0,0,0,0,0,0,0,0,0,0,0,0,0,0,0,0,0,0,0,1,1.56023853211009
Sargent County Sheriff's Office,2005-04-01,North Dakota,4125,ND04100,0,0,0,0,0,0,0,0,0,0,0,0,0,0,0,0,0,0,0,1,0,1,0,0,0,0,0,0,0,0,1,0,0,0,0,0,0,0,0,0,0,0,0,0,0,0,0,0,0,0,0,0,0,0,156,0,156,156,0,0,0,0,0,0,0,0,156,0,0,0,0,0,0,0,0,0,0,156,156,0,0,0,0,0,0,0,0,0,0,0,0,1,1.56023853211009
Sargent County Sheriff's Office,2005-05-01,North Dakota,4125,ND04100,0,0,0,0,0,0,0,0,0,0,0,0,0,0,0,0,0,0,0,2,2,4,0,0,0,3,1,0,0,0,0,0,0,0,0,0,0,0,0,0,0,0,0,0,0,0,0,0,0,0,0,0,0,0,429,5063,5492,5492,0,0,0,5336,156,0,0,0,0,0,156,0,0,0,0,0,0,2606,0,2730,5492,0,0,0,0,0,0,0,0,0,0,0,0,1,1.56023853211009
Sargent County Sheriff's Office,2005-06-01,North Dakota,4125,ND04100,0,0,1,0,0,1,2,0,0,0,0,0,0,0,0,0,0,0,0,1,0,1,0,0,0,0,0,0,0,0,1,0,0,0,0,0,0,4977,0,0,47,5024,0,0,0,0,0,0,0,0,0,0,0,0,234,0,234,5258,0,0,0,0,0,0,0,0,234,0,0,31,2184,0,0,0,0,3042,0,0,5258,0,0,0,0,0,0,0,0,0,0,0,0,1,1.56023853211009
Sargent County Sheriff's Office,2005-07-01,North Dakota,4125,ND04100,1,0,0,0,0,0,1,0,0,0,0,0,0,0,0,0,0,0,0,2,0,2,0,0,0,0,1,0,0,0,1,0,0,0,0,0,3120,0,0,0,0,3120,0,0,0,0,0,0,0,0,0,0,0,0,250,0,250,3370,0,0,0,0,172,0,0,0,78,0,78,0,1560,94,0,0,0,1638,0,0,3370,0,78,0,1560,94,0,0,0,1560,0,0,3292,1,1.56023853211009
Sargent County Sheriff's Office,2005-08-01,North Dakota,4125,ND04100,0,0,0,0,0,0,0,1,0,0,0,0,0,0,0,0,0,0,0,0,0,0,0,0,0,0,0,0,0,0,0,0,0,1,0,0,0,0,0,0,0,0,6241,0,0,0,0,0,0,0,0,0,0,0,0,0,0,6241,0,0,0,0,0,0,0,0,0,0,0,0,0,0,0,0,6241,0,0,0,6241,0,0,0,0,0,0,0,6241,0,0,0,6241,1,1.56023853211009
Sargent County Sheriff's Office,2005-09-01,North Dakota,4125,ND04100,0,0,0,0,0,0,0,1,0,0,0,0,0,0,0,0,0,0,0,3,1,4,0,0,0,0,0,0,0,0,4,0,0,0,0,0,0,0,0,0,0,0,1560,0,0,0,0,0,0,0,0,0,0,0,608,1716,2325,3885,0,0,0,0,0,0,0,0,2325,0,125,0,0,0,0,0,1560,2200,0,0,3885,0,0,0,0,0,0,0,0,1716,0,0,1716,1,1.56023853211009
Sargent County Sheriff's Office,2005-10-01,North Dakota,4125,ND04100,0,0,0,0,0,0,0,0,0,0,0,0,0,0,0,0,0,0,0,2,3,5,0,0,0,0,2,0,1,0,2,0,0,0,0,0,0,0,0,0,0,0,0,0,0,0,0,0,0,0,0,0,0,0,281,3929,4210,4210,0,0,0,0,1373,0,156,0,2680,156,0,0,780,421,0,2184,0,668,0,0,4210,0,0,0,0,0,0,0,0,0,0,0,0,1,1.56023853211009
Sargent County Sheriff's Office,2005-11-01,North Dakota,4125,ND04100,0,0,0,0,0,0,0,0,0,0,0,0,0,0,0,0,0,0,2,0,0,2,0,0,0,0,2,0,0,0,0,0,0,0,0,0,0,0,0,0,0,0,0,0,0,0,0,0,0,0,0,0,0,31,0,0,31,31,0,0,0,0,31,0,0,0,0,0,0,0,0,0,0,0,0,31,0,0,31,0,0,0,0,0,0,0,0,0,0,0,0,1,1.56023853211009
Sargent County Sheriff's Office,2005-12-01,North Dakota,4125,ND04100,0,0,0,0,0,0,0,0,0,0,0,0,0,0,0,0,0,0,0,0,1,1,0,0,0,0,0,0,0,0,1,0,0,0,0,0,0,0,0,0,0,0,0,0,0,0,0,0,0,0,0,0,0,0,0,562,562,562,0,0,0,0,0,0,0,0,562,0,0,0,0,0,0,0,0,562,0,0,562,0,0,0,0,0,0,0,0,0,0,0,0,1,1.56023853211009
Sargent County Sheriff's Office,2006-01-01,North Dakota,4145,ND04100,0,0,0,0,1,0,1,0,0,0,0,0,0,0,0,0,0,0,0,0,0,0,0,0,0,0,0,0,0,0,0,0,0,0,0,0,0,0,4864,0,0,4864,0,0,0,0,0,0,0,0,0,0,0,0,0,0,0,4864,0,0,0,0,0,0,0,0,0,0,4864,0,0,0,0,0,0,0,0,0,4864,0,0,0,0,0,0,0,0,0,0,0,0,1,1.51147906246125
Sargent County Sheriff's Office,2006-02-01,North Dakota,4145,ND04100,0,0,0,0,0,0,0,0,0,0,0,0,0,0,0,0,0,0,0,0,0,0,0,0,0,0,0,0,0,0,0,0,0,0,0,0,0,0,0,0,0,0,0,0,0,0,0,0,0,0,0,0,0,0,0,0,0,0,0,0,0,0,0,0,0,0,0,0,0,0,0,0,0,0,0,0,0,0,0,0,0,0,0,0,0,0,0,0,0,0,0,1,1.51147906246125
Sargent County Sheriff's Office,2006-03-01,North Dakota,4145,ND04100,0,1,0,0,0,0,1,1,0,0,0,0,0,0,0,0,0,0,0,0,0,0,0,0,0,0,0,0,0,0,0,0,0,1,0,30,0,0,0,0,0,30,15115,0,0,0,0,0,0,0,0,0,0,0,0,0,0,15145,0,0,0,0,0,0,0,0,0,0,30,0,0,0,0,0,15115,0,0,0,15145,0,0,0,0,0,0,0,1511,0,0,0,1511,1,1.51147906246125
Sargent County Sheriff's Office,2006-04-01,North Dakota,4145,ND04100,0,0,0,0,0,0,0,1,0,0,0,0,0,0,0,0,0,0,1,0,1,2,0,0,0,0,0,0,0,0,2,0,0,1,0,0,0,0,0,0,0,0,22672,0,0,0,0,0,0,0,0,0,0,38,0,453,491,23163,0,0,0,0,0,0,0,0,491,0,0,0,0,38,0,0,22672,0,453,0,23163,0,0,0,0,0,0,0,22672,0,453,0,23126,1,1.51147906246125
Sargent County Sheriff's Office,2006-05-01,North Dakota,4145,ND04100,1,0,0,0,0,0,1,0,0,0,0,0,0,0,0,0,0,0,0,1,2,3,0,0,0,0,0,0,0,0,3,0,0,0,0,0,1814,0,0,0,0,1814,0,0,0,0,0,0,0,0,0,0,0,0,196,665,862,2675,0,0,0,0,0,0,0,0,862,0,302,196,0,0,0,363,0,1814,0,0,2675,0,0,0,0,0,0,0,0,0,0,0,0,1,1.51147906246125
Sargent County Sheriff's Office,2006-06-01,North Dakota,4145,ND04100,0,0,0,0,0,0,0,0,0,0,0,0,0,0,0,0,0,0,1,1,0,2,0,0,0,0,0,0,0,0,2,0,0,0,0,0,0,0,0,0,0,0,0,0,0,0,0,0,0,0,0,0,0,15,227,0,242,242,0,0,0,0,0,0,0,0,242,0,0,0,0,242,0,0,0,0,0,0,242,0,0,0,0,0,0,0,0,0,0,0,0,1,1.51147906246125
Sargent County Sheriff's Office,2006-07-01,North Dakota,4145,ND04100,0,0,0,1,0,0,1,0,0,0,0,0,0,0,0,0,0,0,1,1,1,3,0,0,0,0,0,0,0,0,3,0,0,0,0,0,0,0,0,756,0,756,0,0,0,0,0,0,0,0,0,0,0,0,106,302,408,1164,0,0,0,0,0,0,0,0,408,0,0,0,0,0,0,0,0,1164,0,0,1164,0,0,0,0,0,0,0,0,756,0,0,756,1,1.51147906246125
Sargent County Sheriff's Office,2006-08-01,North Dakota,4145,ND04100,0,0,0,0,0,0,0,0,0,0,0,0,0,0,0,0,0,0,0,1,0,1,0,0,0,0,1,0,0,0,0,0,0,0,0,0,0,0,0,0,0,0,0,0,0,0,0,0,0,0,0,0,0,0,151,0,151,151,0,0,0,0,151,0,0,0,0,0,0,0,0,0,0,0,0,151,0,0,151,0,0,0,0,0,0,0,0,0,0,0,0,1,1.51147906246125
Sargent County Sheriff's Office,2006-09-01,North Dakota,4145,ND04100,0,0,0,0,0,0,0,0,0,0,0,0,0,0,0,0,0,0,0,0,0,0,0,0,0,0,0,0,0,0,0,0,0,0,0,0,0,0,0,0,0,0,0,0,0,0,0,0,0,0,0,0,0,0,0,0,0,0,0,0,0,0,0,0,0,0,0,0,0,0,0,0,0,0,0,0,0,0,0,0,0,0,0,0,0,0,0,0,0,0,0,1,1.51147906246125
Sargent County Sheriff's Office,2006-10-01,North Dakota,4145,ND04100,0,0,0,0,0,0,0,0,0,1,0,0,0,0,0,0,0,0,0,0,3,3,0,0,0,2,1,0,0,0,0,0,0,0,0,0,0,0,0,0,0,0,0,0,0,0,0,0,0,0,0,0,0,0,0,3673,3673,3673,0,0,0,3295,378,0,0,0,0,0,0,0,529,393,0,0,0,1239,0,1511,3673,0,0,0,0,0,0,0,0,0,0,0,0,1,1.51147906246125
Sargent County Sheriff's Office,2006-11-01,North Dakota,4145,ND04100,0,0,0,0,0,0,0,0,0,0,0,0,0,0,0,0,0,0,1,0,0,1,0,0,0,0,1,0,0,0,0,0,0,0,0,0,0,0,0,0,0,0,0,0,0,0,0,0,0,0,0,0,0,33,0,0,33,33,0,0,0,0,33,0,0,0,0,0,0,33,0,0,0,0,0,0,0,0,33,0,0,0,0,0,0,0,0,620,0,0,620,1,1.51147906246125
Sargent County Sheriff's Office,2006-12-01,North Dakota,4145,ND04100,0,0,0,0,0,0,0,0,0,0,0,0,0,0,0,0,0,0,0,0,0,0,0,0,0,0,0,0,0,0,0,0,0,0,0,0,0,0,0,0,0,0,0,0,0,0,0,0,0,0,0,0,0,0,0,0,0,0,0,0,0,0,0,0,0,0,0,0,0,0,0,0,0,0,0,0,0,0,0,0,0,0,0,0,0,0,0,0,0,0,0,1,1.51147906246125
Sargent County Sheriff's Office,2007-01-01,North Dakota,4196,ND04100,0,1,0,0,0,0,1,0,0,0,0,0,0,0,0,0,0,0,0,0,1,1,0,0,0,0,1,0,0,0,0,0,0,0,0,73,0,0,0,0,0,73,0,0,0,0,0,0,0,0,0,0,0,0,0,5819,5819,5893,0,0,0,0,5819,0,0,0,0,0,0,0,0,0,0,0,0,5819,73,0,5893,0,0,0,0,0,0,0,0,0,73,0,73,1,1.46955740283082
Sargent County Sheriff's Office,2007-02-01,North Dakota,4196,ND04100,0,0,0,0,0,0,0,0,0,1,0,0,0,0,0,0,0,0,0,0,2,2,0,0,0,0,1,1,0,0,0,0,0,0,0,0,0,0,0,0,0,0,0,0,0,0,0,0,0,0,0,0,0,0,0,3380,3380,3380,0,0,0,0,2498,882,0,0,0,0,0,3380,0,0,0,0,0,0,0,0,3380,0,0,2498,0,0,0,0,0,0,0,0,2498,1,1.46955740283082
Sargent County Sheriff's Office,2007-03-01,North Dakota,4196,ND04100,0,0,0,0,0,0,0,0,0,0,0,0,0,0,0,0,0,0,0,0,0,0,0,0,0,0,0,0,0,0,0,0,0,0,0,0,0,0,0,0,0,0,0,0,0,0,0,0,0,0,0,0,0,0,0,0,0,0,0,0,0,0,0,0,0,0,0,0,0,0,0,0,0,0,0,0,0,0,0,0,0,0,0,0,0,0,0,0,0,0,0,1,1.46955740283082
Sargent County Sheriff's Office,2007-04-01,North Dakota,4196,ND04100,0,0,0,0,0,0,0,0,0,0,0,0,0,0,0,0,0,0,0,0,2,2,0,0,0,0,2,0,0,0,0,0,0,0,0,0,0,0,0,0,0,0,0,0,0,0,0,0,0,0,0,0,0,0,0,1910,1910,1910,0,0,0,0,1910,0,0,0,0,0,0,441,0,0,0,0,0,1470,0,0,1910,0,0,0,0,0,0,0,0,0,0,0,0,1,1.46955740283082
Sargent County Sheriff's Office,2007-05-01,North Dakota,4196,ND04100,0,0,0,0,0,0,0,0,0,0,0,0,0,0,0,0,0,0,0,1,1,2,0,0,0,0,2,0,0,0,0,0,0,0,0,0,0,0,0,0,0,0,0,0,0,0,0,0,0,0,0,0,0,0,147,294,441,441,0,0,0,0,441,0,0,0,0,0,0,294,0,147,0,0,0,0,0,0,441,0,0,0,0,147,0,0,0,0,0,0,147,1,1.46955740283082
Sargent County Sheriff's Office,2007-06-01,North Dakota,4196,ND04100,0,0,0,0,0,0,0,0,0,0,0,0,0,0,0,0,0,0,0,0,2,2,0,0,0,0,2,0,0,0,0,0,0,0,0,0,0,0,0,0,0,0,0,0,0,0,0,0,0,0,0,0,0,0,0,999,999,999,0,0,0,0,999,0,0,0,0,0,705,294,0,0,0,0,0,0,0,0,999,0,0,0,0,0,0,0,0,0,0,0,0,1,1.46955740283082
Sargent County Sheriff's Office,2007-07-01,North Dakota,4196,ND04100,0,0,0,0,0,0,0,0,0,0,0,0,0,0,0,0,0,0,1,1,3,5,1,1,0,1,1,0,0,0,1,0,0,0,0,0,0,0,0,0,0,0,0,0,0,0,0,0,0,0,0,0,0,29,220,1396,1646,1646,29,294,0,367,735,0,0,0,220,0,985,0,0,0,0,0,0,294,367,0,1646,0,0,0,0,0,0,0,0,0,0,0,0,1,1.46955740283082
Sargent County Sheriff's Office,2007-08-01,North Dakota,4196,ND04100,0,0,0,0,0,0,0,0,0,0,0,0,0,0,0,0,0,0,0,0,1,1,0,0,0,0,0,0,0,0,1,0,0,0,0,0,0,0,0,0,0,0,0,0,0,0,0,0,0,0,0,0,0,0,0,1440,1440,1440,0,0,0,0,0,0,0,0,1440,0,0,0,0,1440,0,0,0,0,0,0,1440,0,0,0,0,0,0,0,0,0,0,0,0,1,1.46955740283082
Sargent County Sheriff's Office,2007-09-01,North Dakota,4196,ND04100,0,0,0,0,0,0,0,0,0,0,0,0,0,0,0,0,0,0,0,0,1,1,0,0,0,0,0,0,0,0,1,0,0,0,0,0,0,0,0,0,0,0,0,0,0,0,0,0,0,0,0,0,0,0,0,735,735,735,0,0,0,0,0,0,0,0,735,0,0,0,0,735,0,0,0,0,0,0,735,0,0,0,0,0,0,0,0,0,0,0,0,1,1.46955740283082
Sargent County Sheriff's Office,2007-10-01,North Dakota,4196,ND04100,0,0,0,0,0,0,0,0,0,0,0,0,0,0,0,0,0,0,0,0,2,2,0,0,0,0,1,0,0,0,1,0,0,0,0,0,0,0,0,0,0,0,0,0,0,0,0,0,0,0,0,0,0,0,0,3674,3674,3674,0,0,0,0,735,0,0,0,2939,0,0,0,0,0,0,2939,0,0,0,735,3674,0,0,0,0,0,0,0,0,0,0,0,0,1,1.46955740283082
Sargent County Sheriff's Office,2007-11-01,North Dakota,4196,ND04100,0,0,0,0,1,0,1,0,0,0,0,0,0,0,0,0,0,0,1,0,2,3,0,0,0,1,1,0,0,0,1,0,0,0,0,0,0,0,0,0,0,0,0,0,0,0,0,0,0,0,0,0,0,22,0,30097,30119,30119,0,0,0,705,22,0,0,0,29391,0,265,22,0,441,0,0,0,29391,0,0,30119,0,0,0,0,0,0,0,0,0,0,0,0,1,1.46955740283082
Sargent County Sheriff's Office,2007-12-01,North Dakota,4196,ND04100,0,0,0,0,0,0,0,0,0,0,0,0,0,0,0,0,0,0,0,1,1,2,0,0,0,0,0,0,0,0,2,0,0,0,0,0,0,0,0,0,0,0,0,0,0,0,0,0,0,0,0,0,0,0,257,9699,9956,9956,0,0,0,0,0,0,0,0,9956,0,0,257,0,0,0,0,0,9699,0,0,9956,0,0,0,0,0,0,0,0,0,0,0,0,1,1.46955740283082
Sargent County Sheriff's Office,2008-01-01,North Dakota,4091,ND04100,0,0,0,0,0,0,0,0,0,0,0,0,0,0,0,0,0,0,0,0,2,2,0,0,0,0,0,0,0,0,2,0,0,0,0,0,0,0,0,0,0,0,0,0,0,0,0,0,0,0,0,0,0,0,0,1301,1301,1301,0,0,0,0,0,0,0,0,1301,0,0,0,778,0,0,0,0,522,0,0,1301,0,0,0,0,0,0,0,0,0,0,0,0,1,1.41522547733228
Sargent County Sheriff's Office,2008-02-01,North Dakota,4091,ND04100,0,0,0,0,0,0,0,0,0,0,0,0,0,0,0,0,0,0,0,0,1,1,0,0,0,0,0,0,0,0,1,0,0,0,0,0,0,0,0,0,0,0,0,0,0,0,0,0,0,0,0,0,0,0,0,1415,1415,1415,0,0,0,0,0,0,0,0,1415,0,0,0,0,1415,0,0,0,0,0,0,1415,0,0,0,0,0,0,0,0,0,0,0,0,1,1.41522547733228
Sargent County Sheriff's Office,2008-03-01,North Dakota,4091,ND04100,0,0,0,0,0,0,0,0,0,0,0,0,0,0,0,0,0,0,0,0,0,0,0,0,0,0,0,0,0,0,0,0,0,0,0,0,0,0,0,0,0,0,0,0,0,0,0,0,0,0,0,0,0,0,0,0,0,0,0,0,0,0,0,0,0,0,0,0,0,0,0,0,0,0,0,0,0,0,0,0,0,0,0,0,0,0,0,0,0,0,0,1,1.41522547733228
Sargent County Sheriff's Office,2008-04-01,North Dakota,4091,ND04100,0,0,0,0,0,0,0,0,0,0,0,0,0,0,0,0,0,0,0,3,2,5,0,0,0,0,0,0,0,0,5,0,0,0,0,0,0,0,0,0,0,0,0,0,0,0,0,0,0,0,0,0,0,0,340,1330,1670,1670,0,0,0,0,0,0,0,0,1670,0,0,198,0,1472,0,0,0,0,0,0,1670,0,0,113,0,0,0,0,0,0,0,0,113,1,1.41522547733228
Sargent County Sheriff's Office,2008-05-01,North Dakota,4091,ND04100,0,0,0,0,0,0,0,0,0,0,0,0,0,0,0,0,0,0,1,0,0,1,0,0,0,0,0,0,0,1,0,0,0,0,0,0,0,0,0,0,0,0,0,0,0,0,0,0,0,0,0,0,0,23,0,0,23,23,0,0,0,0,0,0,0,23,0,0,23,0,0,0,0,0,0,0,0,0,23,0,23,0,0,0,0,0,0,0,0,0,23,1,1.41522547733228
Sargent County Sheriff's Office,2008-06-01,North Dakota,4091,ND04100,0,0,0,0,0,0,0,0,0,0,0,0,0,0,0,0,0,0,0,0,0,0,0,0,0,0,0,0,0,0,0,0,0,0,0,0,0,0,0,0,0,0,0,0,0,0,0,0,0,0,0,0,0,0,0,0,0,0,0,0,0,0,0,0,0,0,0,0,0,0,0,0,0,0,0,0,0,0,0,0,0,0,0,0,0,0,0,0,0,0,0,1,1.41522547733228
Sargent County Sheriff's Office,2008-07-01,North Dakota,4091,ND04100,0,0,0,0,0,0,0,0,0,0,0,0,0,0,0,0,0,0,1,1,1,3,1,0,0,0,0,0,0,0,2,0,0,0,0,0,0,0,0,0,0,0,0,0,0,0,0,0,0,0,0,0,0,42,170,2123,2335,2335,2123,0,0,0,0,0,0,0,212,0,170,0,0,0,0,0,0,2165,0,0,2335,0,0,0,0,0,0,0,0,0,0,0,0,1,1.41522547733228
Sargent County Sheriff's Office,2008-08-01,North Dakota,4091,ND04100,0,0,0,0,0,0,0,0,0,0,0,0,0,0,0,0,0,0,1,3,2,6,0,0,0,0,3,0,0,0,3,0,0,0,0,0,0,0,0,0,0,0,0,0,0,0,0,0,0,0,0,0,0,50,396,4812,5258,5258,0,0,0,0,2993,0,0,0,2264,0,142,50,0,113,0,0,0,2972,0,1981,5258,0,0,0,0,0,0,0,0,0,0,0,0,1,1.41522547733228
Sargent County Sheriff's Office,2008-09-01,North Dakota,4091,ND04100,0,0,0,0,0,0,0,0,0,0,0,0,0,0,0,0,0,0,0,2,0,2,1,0,0,0,0,0,0,0,1,0,0,0,0,0,0,0,0,0,0,0,0,0,0,0,0,0,0,0,0,0,0,0,451,0,451,451,170,0,0,0,0,0,0,0,282,0,170,0,0,0,0,0,0,0,0,282,451,0,0,0,0,0,0,0,0,0,0,0,0,1,1.41522547733228
Sargent County Sheriff's Office,2008-10-01,North Dakota,4091,ND04100,0,0,0,0,0,0,0,0,0,0,0,0,0,0,0,0,0,0,0,0,2,2,0,0,0,0,1,0,0,0,1,0,0,0,0,0,0,0,0,0,0,0,0,0,0,0,0,0,0,0,0,0,0,0,0,4670,4670,4670,0,0,0,0,1132,0,0,0,3538,0,0,0,1132,0,0,0,0,3538,0,0,4670,0,0,0,0,0,0,0,0,0,0,0,0,1,1.41522547733228
Sargent County Sheriff's Office,2008-11-01,North Dakota,4091,ND04100,0,0,0,0,0,0,0,0,0,0,0,0,0,0,0,0,0,0,0,1,0,1,0,0,0,0,1,0,0,0,0,0,0,0,0,0,0,0,0,0,0,0,0,0,0,0,0,0,0,0,0,0,0,0,142,0,142,142,0,0,0,0,142,0,0,0,0,0,0,0,142,0,0,0,0,0,0,0,142,0,0,0,142,0,0,0,0,0,0,0,142,1,1.41522547733228
Sargent County Sheriff's Office,2008-12-01,North Dakota,4091,ND04100,0,0,0,0,0,0,0,0,0,0,0,0,0,0,0,0,0,0,1,0,1,2,1,0,0,0,1,0,0,0,0,0,0,0,0,0,0,0,0,0,0,0,0,0,0,0,0,0,0,0,0,0,0,23,0,3443,3466,3466,23,0,0,0,3443,0,0,0,0,0,23,0,3443,0,0,0,0,0,0,0,3466,0,0,0,0,0,0,0,0,0,0,0,0,1,1.41522547733228
Sargent County Sheriff's Office,2009-01-01,North Dakota,4047,ND04100,0,0,0,0,0,0,0,1,0,0,0,0,0,0,0,0,0,0,0,0,0,0,0,0,0,0,0,0,0,0,0,0,0,0,0,0,0,0,0,0,0,0,11362,0,0,0,0,0,0,0,0,0,0,0,0,0,0,11362,0,0,0,0,0,0,0,0,0,0,0,0,0,0,0,0,11362,0,0,0,11362,0,0,0,0,0,0,0,0,0,0,0,0,1,1.42027521282265
Sargent County Sheriff's Office,2009-02-01,North Dakota,4047,ND04100,0,0,0,0,0,0,0,0,0,0,0,0,0,0,0,0,0,0,0,0,2,2,0,0,0,1,0,0,0,0,1,0,0,0,0,0,0,0,0,0,0,0,0,0,0,0,0,0,0,0,0,0,0,0,0,568,568,568,0,0,0,284,0,0,0,0,284,0,0,0,0,0,0,0,0,568,0,0,568,0,0,0,0,0,0,0,0,0,0,0,0,1,1.42027521282265
Sargent County Sheriff's Office,2009-03-01,North Dakota,4047,ND04100,0,0,0,0,0,0,0,0,0,0,0,0,0,0,0,0,0,0,0,0,0,0,0,0,0,0,0,0,0,0,0,0,0,0,0,0,0,0,0,0,0,0,0,0,0,0,0,0,0,0,0,0,0,0,0,0,0,0,0,0,0,0,0,0,0,0,0,0,0,0,0,0,0,0,0,0,0,0,0,0,0,0,0,0,0,0,0,0,0,0,0,1,1.42027521282265
Sargent County Sheriff's Office,2009-04-01,North Dakota,4047,ND04100,0,0,0,0,0,0,0,0,0,0,0,0,0,0,0,0,0,0,0,0,0,0,0,0,0,0,0,0,0,0,0,0,0,0,0,0,0,0,0,0,0,0,0,0,0,0,0,0,0,0,0,0,0,0,0,0,0,0,0,0,0,0,0,0,0,0,0,0,0,0,0,0,0,0,0,0,0,0,0,0,0,0,0,0,0,0,0,0,0,0,0,1,1.42027521282265
Sargent County Sheriff's Office,2009-05-01,North Dakota,4047,ND04100,0,0,0,0,0,0,0,0,0,0,0,0,0,0,0,0,0,0,0,0,1,1,0,0,0,0,1,0,0,0,0,0,0,0,0,0,0,0,0,0,0,0,0,0,0,0,0,0,0,0,0,0,0,0,0,2272,2272,2272,0,0,0,0,2272,0,0,0,0,0,639,0,1633,0,0,0,0,0,0,0,2272,0,0,0,0,0,0,0,0,0,0,0,0,1,1.42027521282265
Sargent County Sheriff's Office,2009-06-01,North Dakota,4047,ND04100,0,0,0,0,0,0,0,0,0,0,0,0,0,0,0,0,0,0,0,1,2,3,0,0,0,0,0,0,0,0,3,0,0,0,0,0,0,0,0,0,0,0,0,0,0,0,0,0,0,0,0,0,0,0,142,1429,1571,1571,0,0,0,0,0,0,0,0,1571,0,0,80,0,0,0,0,0,355,1136,0,1571,0,0,80,0,0,0,0,0,213,0,0,293,1,1.42027521282265
Sargent County Sheriff's Office,2009-07-01,North Dakota,4047,ND04100,0,0,0,0,0,0,0,0,0,0,0,0,0,0,0,0,0,0,0,1,2,3,0,0,0,2,0,0,0,0,1,0,0,0,0,0,0,0,0,0,0,0,0,0,0,0,0,0,0,0,0,0,0,0,107,746,852,852,0,0,0,746,0,0,0,0,107,107,0,0,0,0,0,0,0,462,0,284,852,0,0,0,0,0,0,0,0,0,0,0,0,1,1.42027521282265
Sargent County Sheriff's Office,2009-08-01,North Dakota,4047,ND04100,0,0,0,0,1,0,1,0,0,0,0,0,0,0,0,0,0,0,0,0,3,3,1,0,0,0,1,0,0,0,1,0,0,0,0,0,0,0,163,0,0,163,0,0,0,0,0,0,0,0,0,0,0,0,0,2130,2130,2294,994,0,0,0,284,0,0,0,852,0,930,85,0,0,0,0,0,1278,0,0,2294,0,0,0,0,0,0,0,0,0,0,0,0,1,1.42027521282265
Sargent County Sheriff's Office,2009-09-01,North Dakota,4047,ND04100,0,0,0,0,0,0,0,0,0,0,0,0,0,0,0,0,0,0,0,0,2,2,0,0,0,0,1,0,0,0,1,0,0,0,0,0,0,0,0,0,0,0,0,0,0,0,0,0,0,0,0,0,0,0,0,8238,8238,8238,0,0,0,0,3977,0,0,0,4261,0,0,0,3977,0,0,0,0,0,4261,0,8238,0,0,0,0,0,0,0,0,0,0,0,0,1,1.42027521282265
Sargent County Sheriff's Office,2009-10-01,North Dakota,4047,ND04100,0,0,0,0,0,0,0,0,0,0,0,0,0,0,0,0,0,0,0,0,0,0,0,0,0,0,0,0,0,0,0,0,0,0,0,0,0,0,0,0,0,0,0,0,0,0,0,0,0,0,0,0,0,0,0,0,0,0,0,0,0,0,0,0,0,0,0,0,0,0,0,0,0,0,0,0,0,0,0,0,0,0,0,0,0,0,0,0,0,0,0,1,1.42027521282265
Sargent County Sheriff's Office,2009-11-01,North Dakota,4047,ND04100,1,0,0,0,0,0,1,1,0,0,0,0,0,0,0,0,0,0,0,1,3,4,0,0,0,3,0,0,0,0,1,0,0,1,0,0,14203,0,0,0,0,14203,11362,0,0,0,0,0,0,0,0,0,0,0,142,19124,19266,44831,0,0,0,2223,0,0,0,0,17043,0,852,142,0,0,0,17043,11362,15126,0,305,44831,0,0,0,0,0,0,0,11362,14274,0,0,25636,1,1.42027521282265
Sargent County Sheriff's Office,2009-12-01,North Dakota,4047,ND04100,0,0,0,0,0,0,0,1,0,0,0,0,0,0,0,0,0,0,0,0,1,1,0,0,0,0,1,0,0,0,0,0,0,1,0,0,0,0,0,0,0,0,852,0,0,0,0,0,0,0,0,0,0,0,0,1136,1136,1988,0,0,0,0,1136,0,0,0,0,0,0,0,710,0,0,0,852,426,0,0,1988,0,0,0,0,0,0,0,852,0,0,0,852,1,1.42027521282265
Sargent County Sheriff's Office,2010-01-01,North Dakota,3829,ND04100,0,0,0,0,2,0,2,1,0,0,0,0,0,0,0,0,0,0,0,0,1,1,0,0,0,0,1,0,0,0,0,0,0,1,0,0,0,0,0,0,0,0,6987,0,0,0,0,0,0,0,0,0,0,0,0,838,838,7825,0,0,0,0,838,0,0,0,0,0,0,0,0,838,0,0,6987,0,0,0,7825,0,0,0,0,0,0,0,6987,0,0,0,6987,1,1.3973579356326
Sargent County Sheriff's Office,2010-02-01,North Dakota,3829,ND04100,0,0,0,0,0,0,0,0,0,0,0,0,0,0,0,0,0,0,0,0,2,2,0,0,0,1,0,0,0,0,1,0,0,0,0,0,0,0,0,0,0,0,0,0,0,0,0,0,0,0,0,0,0,0,0,1775,1775,1775,0,0,0,377,0,0,0,0,1397,0,0,377,0,0,0,0,0,1397,0,0,1775,0,0,0,0,0,0,0,0,0,0,0,0,1,1.3973579356326
Sargent County Sheriff's Office,2010-03-01,North Dakota,3829,ND04100,0,0,0,0,0,0,0,0,0,0,0,0,0,0,0,0,0,0,1,1,0,2,1,0,0,1,0,0,0,0,0,0,0,0,0,0,0,0,0,0,0,0,0,0,0,0,0,0,0,0,0,0,0,0,154,0,154,154,0,0,0,154,0,0,0,0,0,0,0,0,0,0,0,0,0,154,0,0,154,0,0,0,0,0,0,0,0,0,0,0,0,1,1.3973579356326
Sargent County Sheriff's Office,2010-04-01,North Dakota,3829,ND04100,0,0,0,0,0,0,0,1,0,0,0,0,0,0,0,0,0,0,0,2,0,2,0,0,0,0,0,0,0,0,2,0,0,0,0,0,0,0,0,0,0,0,20960,0,0,0,0,0,0,0,0,0,0,0,210,0,210,21170,0,0,0,0,0,0,0,0,210,0,0,0,0,0,0,0,20960,210,0,0,21170,0,0,0,0,0,0,0,0,0,0,0,0,1,1.3973579356326
Sargent County Sheriff's Office,2010-05-01,North Dakota,3829,ND04100,1,0,0,0,0,0,1,0,0,0,0,0,0,0,0,0,0,0,1,0,2,3,0,0,0,1,1,0,0,1,0,0,0,0,0,0,0,0,0,0,0,0,0,0,0,0,0,0,0,0,0,0,0,56,0,1083,1139,1139,0,0,0,56,384,0,0,699,0,0,699,0,0,0,0,0,0,56,0,384,1139,0,0,0,0,0,0,0,0,0,0,384,384,1,1.3973579356326
Sargent County Sheriff's Office,2010-06-01,North Dakota,3829,ND04100,0,0,0,0,0,0,0,0,0,0,0,0,0,0,0,0,0,0,0,0,0,0,0,0,0,0,0,0,0,0,0,0,0,0,0,0,0,0,0,0,0,0,0,0,0,0,0,0,0,0,0,0,0,0,0,0,0,0,0,0,0,0,0,0,0,0,0,0,0,0,0,0,0,0,0,0,0,0,0,0,0,0,0,0,0,0,0,0,0,0,0,1,1.3973579356326
Sargent County Sheriff's Office,2010-07-01,North Dakota,3829,ND04100,0,1,0,0,0,0,1,0,0,0,0,0,0,0,0,0,0,0,0,0,2,2,0,0,0,0,0,0,0,0,2,0,0,0,0,0,0,0,0,0,0,0,0,0,0,0,0,0,0,0,0,0,0,0,0,5589,5589,5589,0,0,0,0,0,0,0,0,5589,0,0,0,0,0,0,4891,0,699,0,0,5589,0,0,0,0,0,0,0,0,0,0,0,0,1,1.3973579356326
Sargent County Sheriff's Office,2010-08-01,North Dakota,3829,ND04100,0,0,0,0,2,0,2,0,0,0,0,0,0,0,0,0,0,0,0,0,1,1,0,0,0,1,0,0,0,0,0,0,0,0,0,0,0,0,0,0,0,0,0,0,0,0,0,0,0,0,0,0,0,0,0,2208,2208,2208,0,0,0,2208,0,0,0,0,0,0,0,2208,0,0,0,0,0,0,0,0,2208,0,0,0,0,0,0,0,0,0,0,0,0,1,1.3973579356326
Sargent County Sheriff's Office,2010-09-01,North Dakota,3829,ND04100,0,0,0,0,1,0,1,0,0,0,0,0,0,0,0,0,0,0,1,0,2,3,0,0,0,1,1,0,0,0,1,0,0,0,0,0,0,0,0,0,0,0,0,0,0,0,0,0,0,0,0,0,0,42,0,3214,3256,3256,0,0,0,419,42,0,0,0,2795,0,21,0,0,21,0,0,0,3214,0,0,3256,0,0,0,0,0,0,0,0,0,0,0,0,1,1.3973579356326
Sargent County Sheriff's Office,2010-10-01,North Dakota,3829,ND04100,0,0,0,0,0,0,0,0,0,0,0,0,0,0,0,0,0,0,0,1,4,5,1,0,0,0,3,0,0,0,1,0,0,0,0,0,0,0,0,0,0,0,0,0,0,0,0,0,0,0,0,0,0,0,70,3703,3773,3773,70,0,0,0,2585,0,0,0,1118,0,0,2236,0,0,0,0,0,1537,0,0,3773,0,0,0,0,0,0,0,0,0,0,0,0,1,1.3973579356326
Sargent County Sheriff's Office,2010-11-01,North Dakota,3829,ND04100,0,0,0,0,0,0,0,1,0,0,0,0,0,0,0,0,0,0,0,0,2,2,0,0,0,0,1,0,0,0,1,0,0,0,0,0,0,0,0,0,0,0,279,0,0,0,0,0,0,0,0,0,0,0,0,1537,1537,1817,0,0,0,0,699,0,0,0,838,0,0,0,699,0,0,0,279,838,0,0,1817,0,0,0,0,0,0,0,0,0,0,0,0,1,1.3973579356326
Sargent County Sheriff's Office,2010-12-01,North Dakota,3829,ND04100,0,0,0,0,0,0,0,0,0,0,0,0,0,0,0,0,0,0,0,0,0,0,0,0,0,0,0,0,0,0,0,0,0,0,0,0,0,0,0,0,0,0,0,0,0,0,0,0,0,0,0,0,0,0,0,0,0,0,0,0,0,0,0,0,0,0,0,0,0,0,0,0,0,0,0,0,0,0,0,0,0,0,0,0,0,0,0,0,0,0,0,1,1.3973579356326
Sargent County Sheriff's Office,2011-01-01,North Dakota,3894,ND04100,0,0,0,0,0,0,0,0,0,0,0,0,0,0,0,0,0,0,0,0,0,0,0,0,0,0,0,0,0,0,0,0,0,0,0,0,0,0,0,0,0,0,0,0,0,0,0,0,0,0,0,0,0,0,0,0,0,0,0,0,0,0,0,0,0,0,0,0,0,0,0,0,0,0,0,0,0,0,0,0,0,0,0,0,0,0,0,0,0,0,0,1,1.35459550174677
Sargent County Sheriff's Office,2011-02-01,North Dakota,3894,ND04100,0,0,0,0,0,0,0,0,0,0,0,0,0,0,0,0,0,0,0,0,0,0,0,0,0,0,0,0,0,0,0,0,0,0,0,0,0,0,0,0,0,0,0,0,0,0,0,0,0,0,0,0,0,0,0,0,0,0,0,0,0,0,0,0,0,0,0,0,0,0,0,0,0,0,0,0,0,0,0,0,0,0,0,0,0,0,0,0,0,0,0,1,1.35459550174677
Sargent County Sheriff's Office,2011-03-01,North Dakota,3894,ND04100,0,0,0,0,0,0,0,0,0,0,0,0,0,0,0,0,0,0,1,0,1,2,0,0,0,2,0,0,0,0,0,0,0,0,0,0,0,0,0,0,0,0,0,0,0,0,0,0,0,0,0,0,0,49,0,2709,2758,2758,0,0,0,2758,0,0,0,0,0,0,49,0,0,0,0,0,0,2709,0,0,2758,0,0,0,0,0,0,0,0,0,0,0,0,1,1.35459550174677
Sargent County Sheriff's Office,2011-04-01,North Dakota,3894,ND04100,0,0,0,0,0,0,0,0,0,0,0,0,0,0,0,0,0,0,1,0,1,2,0,0,0,1,1,0,0,0,0,0,0,0,0,0,0,0,0,0,0,0,0,0,0,0,0,0,0,0,0,0,0,27,0,1692,1719,1719,0,0,0,27,1692,0,0,0,0,0,0,1692,0,27,0,0,0,0,0,0,1719,0,0,0,0,0,0,0,0,0,0,0,0,1,1.35459550174677
Sargent County Sheriff's Office,2011-05-01,North Dakota,3894,ND04100,0,0,0,0,0,0,0,0,0,0,0,0,0,0,0,0,0,0,0,0,0,0,0,0,0,0,0,0,0,0,0,0,0,0,0,0,0,0,0,0,0,0,0,0,0,0,0,0,0,0,0,0,0,0,0,0,0,0,0,0,0,0,0,0,0,0,0,0,0,0,0,0,0,0,0,0,0,0,0,0,0,0,0,0,0,0,0,0,0,0,0,1,1.35459550174677
Sargent County Sheriff's Office,2011-06-01,North Dakota,3894,ND04100,0,0,0,0,2,0,2,0,0,0,0,0,0,0,0,0,0,0,0,0,2,2,0,0,0,0,2,0,0,0,0,0,0,0,0,0,0,0,2773,0,0,2773,0,0,0,0,0,0,0,0,0,0,0,0,0,4335,4335,7108,0,0,0,0,4335,0,0,0,0,0,203,2570,0,4064,0,0,0,0,271,0,7108,0,0,0,0,0,0,0,0,0,0,0,0,1,1.35459550174677
Sargent County Sheriff's Office,2011-07-01,North Dakota,3894,ND04100,0,0,0,0,0,0,0,1,0,0,0,0,0,0,0,0,0,0,1,0,0,1,1,0,0,0,0,0,0,0,0,0,0,0,0,0,0,0,0,0,0,0,6773,0,0,0,0,0,0,0,0,0,0,0,0,0,0,6773,0,0,0,0,0,0,0,0,0,0,0,0,0,0,0,0,6773,0,0,0,6773,0,0,0,0,0,0,0,0,0,0,0,0,1,1.35459550174677
Sargent County Sheriff's Office,2011-08-01,North Dakota,3894,ND04100,0,0,0,0,0,0,0,0,0,0,0,0,0,0,0,0,0,0,0,1,2,3,0,0,0,0,2,0,0,0,1,0,0,1,0,0,0,0,0,0,0,0,0,0,0,0,0,0,0,0,0,0,0,0,135,1355,1490,1490,0,0,0,0,1355,0,0,0,135,0,677,0,677,0,0,0,0,135,0,0,1490,0,0,0,677,0,0,0,6773,0,0,0,7450,1,1.35459550174677
Sargent County Sheriff's Office,2011-09-01,North Dakota,3894,ND04100,0,1,0,0,0,0,1,0,0,0,0,0,0,0,0,0,0,0,0,1,1,2,0,0,0,0,1,0,0,0,1,0,0,0,0,54,0,0,0,0,0,54,0,0,0,0,0,0,0,0,0,0,0,0,217,813,1029,1084,0,0,0,0,813,0,0,0,217,0,54,0,0,0,0,0,0,217,813,0,1084,0,0,0,0,0,0,0,0,0,813,0,813,1,1.35459550174677
Sargent County Sheriff's Office,2011-10-01,North Dakota,3894,ND04100,1,1,0,0,0,0,2,0,0,0,0,0,0,0,0,0,0,0,1,0,2,3,0,0,0,3,0,0,0,0,0,0,0,0,0,0,0,0,0,0,0,0,0,0,0,0,0,0,0,0,0,0,0,54,0,1544,1598,1598,0,0,0,1598,0,0,0,0,0,0,325,54,1219,0,0,0,0,0,0,0,1598,0,0,0,1219,0,0,0,0,0,0,0,1219,1,1.35459550174677
Sargent County Sheriff's Office,2011-11-01,North Dakota,3894,ND04100,0,0,0,0,0,0,0,0,0,0,0,0,0,0,0,0,0,0,0,0,1,1,0,0,0,0,1,0,0,0,0,0,0,0,0,0,0,0,0,0,0,0,0,0,0,0,0,0,0,0,0,0,0,0,0,271,271,271,0,0,0,0,271,0,0,0,0,0,0,0,0,0,0,0,0,0,271,0,271,0,0,0,0,0,0,0,0,0,271,0,271,1,1.35459550174677
Sargent County Sheriff's Office,2011-12-01,North Dakota,3894,ND04100,0,0,0,0,0,0,0,0,0,0,0,0,0,0,0,0,0,0,0,1,2,3,0,0,0,0,2,0,0,0,1,0,0,0,0,0,0,0,0,0,0,0,0,0,0,0,0,0,0,0,0,0,0,0,68,2033,2101,2101,0,0,0,0,746,0,0,0,1355,0,68,679,0,0,0,0,0,1355,0,0,2101,0,0,0,0,0,0,0,0,0,0,0,0,1,1.35459550174677
Sargent County Sheriff's Office,2012-01-01,North Dakota,3885,ND04100,0,2,0,0,0,0,2,0,0,0,0,0,0,0,0,0,0,0,0,0,2,2,0,0,0,1,1,0,0,0,0,0,0,0,0,0,0,0,0,0,0,0,0,0,0,0,0,0,0,0,0,0,0,0,0,3251,3251,3251,0,0,0,597,2654,0,0,0,0,0,0,0,0,0,0,0,0,597,0,2654,3251,0,0,0,0,0,0,0,0,0,0,0,0,1,1.32713265123532
Sargent County Sheriff's Office,2012-02-01,North Dakota,3885,ND04100,0,1,0,0,1,0,2,0,0,0,0,0,0,0,0,0,0,0,0,0,0,0,0,0,0,0,0,0,0,0,0,0,0,0,0,0,0,0,0,0,0,0,0,0,0,0,0,0,0,0,0,0,0,0,0,0,0,0,0,0,0,0,0,0,0,0,0,0,0,0,0,0,0,0,0,0,0,0,0,0,0,0,0,0,0,0,0,0,0,0,0,1,1.32713265123532
Sargent County Sheriff's Office,2012-03-01,North Dakota,3885,ND04100,0,1,0,0,0,0,1,0,0,0,0,0,0,0,0,0,0,0,0,1,1,2,0,0,0,2,0,0,0,0,0,0,0,0,0,0,0,0,0,0,0,0,0,0,0,0,0,0,0,0,0,0,0,0,133,1194,1327,1327,0,0,0,1327,0,0,0,0,0,0,133,0,1194,0,0,0,0,0,0,0,1327,0,0,0,0,0,0,0,0,0,0,0,0,1,1.32713265123532
Sargent County Sheriff's Office,2012-04-01,North Dakota,3885,ND04100,0,0,0,0,0,0,0,0,0,0,0,0,0,0,0,0,0,0,0,0,0,0,0,0,0,0,0,0,0,0,0,0,0,0,0,0,0,0,0,0,0,0,0,0,0,0,0,0,0,0,0,0,0,0,0,0,0,0,0,0,0,0,0,0,0,0,0,0,0,0,0,0,0,0,0,0,0,0,0,0,0,0,0,0,0,0,0,0,0,0,0,1,1.32713265123532
Sargent County Sheriff's Office,2012-05-01,North Dakota,3885,ND04100,0,0,0,0,1,0,1,0,0,0,0,0,0,0,0,0,0,0,0,1,0,1,0,0,0,0,1,0,0,0,0,0,0,0,0,0,0,0,0,0,0,0,0,0,0,0,0,0,0,0,0,0,0,0,133,0,133,133,0,0,0,0,133,0,0,0,0,0,0,0,0,133,0,0,0,0,0,0,133,0,0,0,0,0,0,0,0,0,0,0,0,1,1.32713265123532
Sargent County Sheriff's Office,2012-06-01,North Dakota,3885,ND04100,0,0,0,0,1,0,1,0,0,0,0,0,0,0,0,0,0,0,0,0,1,1,0,0,0,0,1,0,0,0,0,0,0,0,0,0,0,0,0,0,0,0,0,0,0,0,0,0,0,0,0,0,0,0,0,1593,1593,1593,0,0,0,0,1593,0,0,0,0,0,0,1593,0,0,0,0,0,0,0,0,1593,0,0,0,0,0,0,0,0,0,0,0,0,1,1.32713265123532
Sargent County Sheriff's Office,2012-07-01,North Dakota,3885,ND04100,0,0,0,0,0,0,0,0,0,0,0,0,0,0,0,0,0,0,0,1,2,3,0,0,0,2,0,0,0,0,1,0,0,0,0,0,0,0,0,0,0,0,0,0,0,0,0,0,0,0,0,0,0,0,199,1593,1792,1792,0,0,0,464,0,0,0,0,1327,0,199,0,0,0,0,0,0,1593,0,0,1792,0,0,0,0,0,0,0,0,0,0,0,0,1,1.32713265123532
Sargent County Sheriff's Office,2012-08-01,North Dakota,3885,ND04100,0,0,0,0,0,0,0,0,0,0,0,0,0,0,0,0,0,0,0,0,0,0,0,0,0,0,0,0,0,0,0,0,0,0,0,0,0,0,0,0,0,0,0,0,0,0,0,0,0,0,0,0,0,0,0,0,0,0,0,0,0,0,0,0,0,0,0,0,0,0,0,0,0,0,0,0,0,0,0,0,0,0,0,0,0,0,0,0,0,0,0,1,1.32713265123532
Sargent County Sheriff's Office,2012-09-01,North Dakota,3885,ND04100,0,0,0,0,0,0,0,0,0,0,0,0,0,0,0,0,0,0,0,0,1,1,0,0,0,0,1,0,0,0,0,0,0,0,0,0,0,0,0,0,0,0,0,0,0,0,0,0,0,0,0,0,0,0,0,664,664,664,0,0,0,0,664,0,0,0,0,0,0,0,0,0,0,0,0,664,0,0,664,0,0,0,0,0,0,0,0,0,0,0,0,1,1.32713265123532
Sargent County Sheriff's Office,2012-10-01,North Dakota,3885,ND04100,1,0,0,0,0,0,1,0,0,0,0,0,0,0,0,0,0,0,0,0,0,0,0,0,0,0,0,0,0,0,0,0,0,0,0,0,0,0,0,0,0,0,0,0,0,0,0,0,0,0,0,0,0,0,0,0,0,0,0,0,0,0,0,0,0,0,0,0,0,0,0,0,0,0,0,0,0,0,0,0,0,0,0,0,0,0,0,0,0,0,0,1,1.32713265123532
Sargent County Sheriff's Office,2012-11-01,North Dakota,3885,ND04100,0,0,0,0,0,0,0,0,0,0,0,0,0,0,0,0,0,0,0,1,1,2,0,0,0,1,1,0,0,0,0,0,0,0,0,0,0,0,0,0,0,0,0,0,0,0,0,0,0,0,0,0,0,0,219,292,511,511,0,0,0,292,219,0,0,0,0,0,292,219,0,0,0,0,0,0,0,0,511,0,0,0,0,0,0,0,0,0,0,0,0,1,1.32713265123532
Sargent County Sheriff's Office,2012-12-01,North Dakota,3885,ND04100,0,0,0,0,0,0,0,0,0,0,0,0,0,0,0,0,0,0,0,1,0,1,0,0,0,0,1,0,0,0,0,0,0,0,0,0,0,0,0,0,0,0,0,0,0,0,0,0,0,0,0,0,0,0,66,0,66,66,0,0,0,0,66,0,0,0,0,0,66,0,0,0,0,0,0,0,0,0,66,0,0,0,0,0,0,0,0,0,0,0,0,1,1.32713265123532
Sargent County Sheriff's Office,2014-01-01,North Dakota,3926,ND04100,0,0,0,0,1,0,1,0,0,0,0,0,0,0,0,0,0,0,0,0,0,0,0,0,0,0,0,0,0,0,0,0,0,0,0,0,0,0,10940,0,0,10940,0,0,0,0,0,0,0,0,0,0,0,0,0,0,0,10940,0,0,0,0,0,0,0,0,0,0,0,10940,0,0,0,0,0,0,0,0,10940,0,0,0,0,0,0,0,0,0,0,0,0,1,1.28709350845562
Sargent County Sheriff's Office,2014-02-01,North Dakota,3926,ND04100,0,0,0,0,0,0,0,0,0,0,0,0,0,0,0,0,0,0,0,0,1,1,0,0,0,0,1,0,0,0,0,0,0,0,0,0,0,0,0,0,0,0,0,0,0,0,0,0,0,0,0,0,0,0,0,1416,1416,1416,0,0,0,0,1416,0,0,0,0,0,0,0,0,0,0,0,0,1416,0,0,1416,0,0,0,0,0,0,0,0,0,0,0,0,1,1.28709350845562
Sargent County Sheriff's Office,2014-03-01,North Dakota,3926,ND04100,0,0,0,0,0,0,0,2,0,0,0,0,0,0,0,0,0,0,0,0,0,0,0,0,0,0,0,0,0,0,0,0,0,1,0,0,0,0,0,0,0,0,2866,0,0,0,0,0,0,0,0,0,0,0,0,0,0,2866,0,0,0,0,0,0,0,0,0,0,0,0,0,0,0,0,2866,0,0,0,2866,0,0,0,0,0,0,0,1287,0,0,0,1287,1,1.28709350845562
Sargent County Sheriff's Office,2014-04-01,North Dakota,3926,ND04100,1,0,0,0,0,0,1,0,0,0,0,0,0,0,0,0,0,0,0,1,1,2,0,0,0,1,1,0,0,0,0,0,0,0,0,0,1287,0,0,0,0,1287,0,0,0,0,0,0,0,0,0,0,0,0,129,1287,1416,2703,0,0,0,1287,129,0,0,0,0,0,129,0,0,0,0,0,0,1931,0,644,2703,0,0,0,0,0,0,0,0,0,0,0,0,1,1.28709350845562
Sargent County Sheriff's Office,2014-05-01,North Dakota,3926,ND04100,0,0,0,0,0,0,0,0,0,0,0,0,0,0,0,0,0,0,1,0,0,1,0,0,0,0,0,0,0,0,1,0,0,0,0,0,0,0,0,0,0,0,0,0,0,0,0,0,0,0,0,0,0,13,0,0,13,13,0,0,0,0,0,0,0,0,13,0,13,0,0,0,0,0,0,0,0,0,13,0,0,0,0,0,0,0,0,0,0,0,0,1,1.28709350845562
Sargent County Sheriff's Office,2014-06-01,North Dakota,3926,ND04100,0,0,0,0,0,0,0,0,0,0,0,0,0,0,0,0,0,0,0,0,1,1,0,0,0,0,1,0,0,0,0,0,0,0,0,0,0,0,0,0,0,0,0,0,0,0,0,0,0,0,0,0,0,0,0,348,348,348,0,0,0,0,348,0,0,0,0,0,0,0,0,0,0,0,0,348,0,0,348,0,0,0,0,0,0,0,0,0,0,0,0,1,1.28709350845562
Sargent County Sheriff's Office,2014-07-01,North Dakota,3926,ND04100,0,0,0,0,0,0,0,0,0,0,0,0,0,0,0,0,0,0,0,0,2,2,0,0,0,2,0,0,0,0,0,0,0,0,0,0,0,0,0,0,0,0,0,0,0,0,0,0,0,0,0,0,0,0,0,708,708,708,0,0,0,708,0,0,0,0,0,0,0,0,0,0,0,0,0,708,0,0,708,0,0,0,0,0,0,0,0,0,0,0,0,1,1.28709350845562
Sargent County Sheriff's Office,2014-08-01,North Dakota,3926,ND04100,1,0,0,0,0,0,1,0,0,0,0,0,0,0,0,0,0,0,0,0,2,2,0,0,0,0,1,0,0,0,1,0,0,0,0,0,0,0,0,0,0,0,0,0,0,0,0,0,0,0,0,0,0,0,0,1351,1351,1351,0,0,0,0,965,0,0,0,386,0,0,0,0,0,965,0,0,386,0,0,1351,0,0,0,0,0,0,0,0,0,0,0,0,1,1.28709350845562
Sargent County Sheriff's Office,2014-09-01,North Dakota,3926,ND04100,0,0,0,0,1,0,1,1,0,0,0,0,0,0,0,0,0,0,0,0,2,2,0,0,0,0,0,0,0,0,2,0,0,1,0,0,0,0,64,0,0,64,1287,0,0,0,0,0,0,0,0,0,0,0,0,3668,3668,5020,0,0,0,0,0,0,0,0,3668,0,64,3668,0,0,0,0,1287,0,0,0,5020,0,0,0,0,0,0,0,1287,0,0,0,1287,1,1.28709350845562
Sargent County Sheriff's Office,2014-10-01,North Dakota,3926,ND04100,0,0,0,0,0,0,0,0,0,0,0,0,0,0,0,0,0,0,1,0,1,2,0,0,0,0,1,0,0,0,1,0,0,0,0,0,0,0,0,0,0,0,0,0,0,0,0,0,0,0,0,0,0,51,0,772,824,824,0,0,0,0,772,0,0,0,51,0,0,0,0,772,0,0,0,51,0,0,824,0,0,0,0,0,0,0,0,0,0,0,0,1,1.28709350845562
Sargent County Sheriff's Office,2014-11-01,North Dakota,3926,ND04100,0,0,0,0,0,0,0,0,0,0,0,0,0,0,0,0,0,0,0,1,0,1,0,1,0,0,0,0,0,0,0,0,0,0,0,0,0,0,0,0,0,0,0,0,0,0,0,0,0,0,0,0,0,0,129,0,129,129,0,129,0,0,0,0,0,0,0,0,0,0,0,0,0,0,0,129,0,0,129,0,0,0,0,0,0,0,0,0,0,0,0,1,1.28709350845562
Sargent County Sheriff's Office,2014-12-01,North Dakota,3926,ND04100,0,0,0,0,0,0,0,0,0,0,0,0,0,0,0,0,0,0,1,0,1,2,1,0,0,0,1,0,0,0,0,0,0,0,0,0,0,0,0,0,0,0,0,0,0,0,0,0,0,0,0,0,0,0,0,322,322,322,0,0,0,0,322,0,0,0,0,0,0,0,0,0,0,0,0,322,0,0,322,0,0,0,0,0,0,0,0,0,0,0,0,1,1.28709350845562
Sargent County Sheriff's Office,2015-01-01,North Dakota,3958,ND04100,0,1,0,0,0,0,1,0,0,1,0,0,0,0,0,0,0,0,0,0,0,0,0,0,0,0,0,0,0,0,0,0,0,0,0,0,0,0,0,0,0,0,0,0,0,0,0,0,0,0,0,0,0,0,0,0,0,0,0,0,0,0,0,0,0,0,0,0,0,0,0,0,0,0,0,0,0,0,0,0,0,0,0,0,0,0,0,0,0,0,0,1,1.28556847539769
Sargent County Sheriff's Office,2015-02-01,North Dakota,3958,ND04100,0,0,0,0,0,0,0,0,0,0,0,0,0,0,0,0,0,0,1,0,0,1,0,0,0,0,0,0,0,0,1,0,0,0,0,0,0,0,0,0,0,0,0,0,0,0,0,0,0,0,0,0,0,39,0,0,39,39,0,0,0,0,0,0,0,0,39,0,39,0,0,0,0,0,0,0,0,0,39,0,0,0,0,0,0,0,0,0,0,0,0,1,1.28556847539769
Sargent County Sheriff's Office,2015-03-01,North Dakota,3958,ND04100,2,1,0,0,0,0,3,0,0,0,0,0,0,0,0,0,0,0,0,0,0,0,0,0,0,0,0,0,0,0,0,0,0,0,0,0,0,0,0,0,0,0,0,0,0,0,0,0,0,0,0,0,0,0,0,0,0,0,0,0,0,0,0,0,0,0,0,0,0,0,0,0,0,0,0,0,0,0,0,0,0,0,0,0,0,0,0,0,0,0,0,1,1.28556847539769
Sargent County Sheriff's Office,2015-04-01,North Dakota,3958,ND04100,0,0,0,0,0,0,0,0,0,0,0,0,0,0,0,0,0,0,0,0,1,1,0,0,0,0,0,0,0,0,1,0,0,0,0,0,0,0,0,0,0,0,0,0,0,0,0,0,0,0,0,0,0,0,0,643,643,643,0,0,0,0,0,0,0,0,643,0,0,0,643,0,0,0,0,0,0,0,643,0,0,0,0,0,0,0,0,0,0,0,0,1,1.28556847539769
Sargent County Sheriff's Office,2015-05-01,North Dakota,3958,ND04100,1,1,0,0,0,0,2,0,0,0,0,0,0,0,0,0,0,0,0,0,0,0,0,0,0,0,0,0,0,0,0,0,0,0,0,0,0,0,0,0,0,0,0,0,0,0,0,0,0,0,0,0,0,0,0,0,0,0,0,0,0,0,0,0,0,0,0,0,0,0,0,0,0,0,0,0,0,0,0,0,0,0,0,0,0,0,0,0,0,0,0,1,1.28556847539769
Sargent County Sheriff's Office,2015-06-01,North Dakota,3958,ND04100,0,0,0,0,0,0,0,1,0,0,0,0,0,0,0,0,0,0,0,2,1,3,0,0,0,0,1,0,0,0,2,0,0,0,0,0,0,0,0,0,0,0,2571,0,0,0,0,0,0,0,0,0,0,0,129,257,386,2957,0,0,0,0,64,0,0,0,321,0,64,0,257,0,0,0,2571,64,0,0,2957,0,0,0,0,0,0,0,0,0,0,0,0,1,1.28556847539769
Sargent County Sheriff's Office,2015-07-01,North Dakota,3958,ND04100,1,0,0,0,0,0,1,1,0,0,0,0,0,0,0,0,0,0,0,0,0,0,0,0,0,0,0,0,0,0,0,0,0,1,0,0,3600,0,0,0,0,3600,643,0,0,0,0,0,0,0,0,0,0,0,0,0,0,4242,0,0,0,0,0,0,0,0,0,0,0,1286,0,0,2314,0,643,0,0,0,4242,0,0,0,0,0,0,0,643,0,0,0,643,1,1.28556847539769
Sargent County Sheriff's Office,2015-08-01,North Dakota,3958,ND04100,0,0,0,0,0,0,0,2,0,0,0,0,0,0,0,0,0,0,0,0,1,1,0,0,0,0,1,0,0,0,0,0,0,1,0,0,0,0,0,0,0,0,643,0,0,0,0,0,0,0,0,0,0,0,0,257,257,900,0,0,0,0,257,0,0,0,0,0,0,0,0,0,0,0,643,257,0,0,900,0,0,0,0,0,0,0,643,0,0,0,643,1,1.28556847539769
Sargent County Sheriff's Office,2015-09-01,North Dakota,3958,ND04100,0,1,0,0,0,0,1,0,0,0,0,0,0,0,0,0,0,0,0,0,0,0,0,0,0,0,0,0,0,0,0,0,0,0,0,15427,0,0,0,0,0,15427,0,0,0,0,0,0,0,0,0,0,0,0,0,0,0,15427,0,0,0,0,0,0,0,0,0,0,0,0,0,0,0,0,15427,0,0,0,15427,0,0,0,0,0,0,0,0,0,0,0,0,1,1.28556847539769
Sargent County Sheriff's Office,2015-10-01,North Dakota,3958,ND04100,0,0,0,0,0,0,0,0,0,0,0,0,0,0,0,0,0,0,0,0,1,1,0,0,0,0,0,0,0,0,1,0,0,0,0,0,0,0,0,0,0,0,0,0,0,0,0,0,0,0,0,0,0,0,0,32139,32139,32139,0,0,0,0,0,0,0,0,32139,0,0,0,0,0,0,0,0,32139,0,0,32139,0,0,0,0,0,0,0,0,0,0,0,0,1,1.28556847539769
Sargent County Sheriff's Office,2015-11-01,North Dakota,3958,ND04100,0,0,0,0,0,0,0,0,0,0,0,0,0,0,0,0,0,0,2,0,0,2,0,0,0,0,0,0,0,0,2,0,0,0,0,0,0,0,0,0,0,0,0,0,0,0,0,0,0,0,0,0,0,99,0,0,99,99,0,0,0,0,0,0,0,0,99,0,99,0,0,0,0,0,0,0,0,0,99,0,0,0,0,0,0,0,0,0,0,0,0,1,1.28556847539769
Sargent County Sheriff's Office,2015-12-01,North Dakota,3958,ND04100,0,0,0,0,0,0,0,0,0,0,0,0,0,0,0,0,0,0,0,0,1,1,0,0,0,0,0,0,0,0,1,0,0,0,0,0,0,0,0,0,0,0,0,0,0,0,0,0,0,0,0,0,0,0,0,347,347,347,0,0,0,0,0,0,0,0,347,347,0,0,0,0,0,0,0,0,0,0,347,347,0,0,0,0,0,0,0,0,0,0,347,1,1.28556847539769
Sargent County Sheriff's Office,2016-01-01,North Dakota,3800,ND04100,0,0,0,0,0,0,0,0,0,0,0,0,0,0,0,0,0,0,0,0,0,0,0,0,0,0,0,0,0,0,0,0,0,0,0,0,0,0,0,0,0,0,0,0,0,0,0,0,0,0,0,0,0,0,0,0,0,0,0,0,0,0,0,0,0,0,0,0,0,0,0,0,0,0,0,0,0,0,0,0,0,0,0,0,0,0,0,0,0,0,0,1,1.26955202032162
Sargent County Sheriff's Office,2016-02-01,North Dakota,3800,ND04100,0,0,0,0,0,0,0,0,0,0,0,0,0,0,0,0,0,0,0,0,0,0,0,0,0,0,0,0,0,0,0,0,0,0,0,0,0,0,0,0,0,0,0,0,0,0,0,0,0,0,0,0,0,0,0,0,0,0,0,0,0,0,0,0,0,0,0,0,0,0,0,0,0,0,0,0,0,0,0,0,0,0,0,0,0,0,0,0,0,0,0,1,1.26955202032162
Sargent County Sheriff's Office,2016-03-01,North Dakota,3800,ND04100,0,0,0,0,0,0,0,0,0,0,0,0,0,0,0,0,0,0,0,0,0,0,0,0,0,0,0,0,0,0,0,0,0,0,0,0,0,0,0,0,0,0,0,0,0,0,0,0,0,0,0,0,0,0,0,0,0,0,0,0,0,0,0,0,0,0,0,0,0,0,0,0,0,0,0,0,0,0,0,0,0,0,0,0,0,0,0,0,0,0,0,1,1.26955202032162
Sargent County Sheriff's Office,2016-04-01,North Dakota,3800,ND04100,0,1,0,0,0,0,1,0,0,0,0,0,0,0,0,0,0,0,0,0,0,0,0,0,0,0,0,0,0,0,0,0,0,0,0,254,0,0,0,0,0,254,0,0,0,0,0,0,0,0,0,0,0,0,0,0,0,254,0,0,0,0,0,0,0,0,0,0,0,0,0,190,0,0,0,63,0,0,254,0,0,0,0,0,0,0,0,0,0,0,0,1,1.26955202032162
Sargent County Sheriff's Office,2016-05-01,North Dakota,3800,ND04100,0,0,0,0,1,0,1,1,0,0,0,0,0,0,0,0,0,0,0,0,0,0,0,0,0,0,0,0,0,0,0,0,0,0,0,0,0,0,3094,0,0,3094,6348,0,0,0,0,0,0,0,0,0,0,0,0,0,0,9442,0,0,0,0,0,0,0,0,0,0,95,2999,0,0,0,0,6348,0,0,0,9442,0,0,0,0,0,0,0,0,0,0,0,0,1,1.26955202032162
Sargent County Sheriff's Office,2016-06-01,North Dakota,3800,ND04100,0,0,0,0,0,0,0,0,0,0,0,0,0,0,0,0,0,0,0,0,0,0,0,0,0,0,0,0,0,0,0,0,0,0,0,0,0,0,0,0,0,0,0,0,0,0,0,0,0,0,0,0,0,0,0,0,0,0,0,0,0,0,0,0,0,0,0,0,0,0,0,0,0,0,0,0,0,0,0,0,0,0,0,0,0,0,0,0,0,0,0,1,1.26955202032162
Sargent County Sheriff's Office,2016-07-01,North Dakota,3800,ND04100,0,0,0,0,0,0,0,0,0,0,0,0,0,0,0,0,0,0,0,1,1,2,0,1,0,0,0,0,0,0,1,0,0,0,0,0,0,0,0,0,0,0,0,0,0,0,0,0,0,0,0,0,0,0,63,3809,3872,3872,0,63,0,0,0,0,0,0,3809,0,0,0,0,0,0,0,0,3872,0,0,3872,0,0,0,0,0,0,0,0,0,0,0,0,1,1.26955202032162
Sargent County Sheriff's Office,2016-08-01,North Dakota,3800,ND04100,0,1,0,0,0,0,1,1,0,0,0,0,0,0,0,0,0,0,0,0,2,2,0,0,0,0,1,0,0,0,1,0,0,0,0,0,0,0,0,0,0,0,0,0,0,0,0,0,0,0,0,0,0,0,0,12981,12981,12981,0,0,0,0,9173,0,0,0,3809,0,0,0,0,0,0,0,0,12981,0,0,12981,0,0,0,0,0,0,0,0,3809,0,0,3809,1,1.26955202032162
Sargent County Sheriff's Office,2016-09-01,North Dakota,3800,ND04100,0,0,0,0,0,0,0,0,0,0,0,0,0,0,0,0,0,0,1,1,1,3,1,0,0,0,1,0,0,0,1,0,0,0,0,0,0,0,0,0,0,0,0,0,0,0,0,0,0,0,0,0,0,0,127,997,1124,1124,0,0,0,0,127,0,0,0,997,0,0,0,0,0,0,0,0,1124,0,0,1124,0,0,0,0,0,0,0,0,0,0,0,0,1,1.26955202032162
Sargent County Sheriff's Office,2016-10-01,North Dakota,3800,ND04100,0,0,0,0,0,0,0,0,0,0,0,0,0,0,0,0,0,0,0,0,0,0,0,0,0,0,0,0,0,0,0,0,0,0,0,0,0,0,0,0,0,0,0,0,0,0,0,0,0,0,0,0,0,0,0,0,0,0,0,0,0,0,0,0,0,0,0,0,0,0,0,0,0,0,0,0,0,0,0,0,0,0,0,0,0,0,0,0,0,0,0,1,1.26955202032162
Sargent County Sheriff's Office,2016-11-01,North Dakota,3800,ND04100,0,0,0,0,0,0,0,0,0,1,0,0,0,0,0,0,0,0,0,0,1,1,0,0,0,0,0,0,0,0,1,0,0,0,0,0,0,0,0,0,0,0,0,0,0,0,0,0,0,0,0,0,0,0,0,635,635,635,0,0,0,0,0,0,0,0,635,0,0,0,0,0,0,0,0,635,0,0,635,0,0,0,0,0,0,0,0,0,0,0,0,1,1.26955202032162
Sargent County Sheriff's Office,2016-12-01,North Dakota,3800,ND04100,0,0,0,0,0,0,0,1,0,0,0,0,0,0,0,0,0,0,0,0,0,0,0,0,0,0,0,0,0,0,0,0,0,0,0,0,0,0,0,0,0,0,12696,0,0,0,0,0,0,0,0,0,0,0,0,0,0,12696,0,0,0,0,0,0,0,0,0,0,0,0,0,0,0,0,12696,0,0,0,12696,0,0,0,0,0,0,0,0,0,0,0,0,1,1.26955202032162
Sargent County Sheriff's Office,1960-01-01,North Dakota,6856,ND04100,0,0,0,0,0,0,0,0,0,0,0,0,0,0,0,0,0,0,0,0,0,0,0,0,0,0,0,0,0,0,0,0,0,0,0,0,0,0,0,0,0,0,0,0,0,0,0,0,0,0,0,0,0,0,0,0,0,0,0,0,0,0,0,0,0,0,0,0,0,0,0,0,0,0,0,0,0,0,0,0,0,0,0,0,0,0,0,0,0,0,0,1,10.302673992674
Sargent County Sheriff's Office,1960-02-01,North Dakota,6856,ND04100,0,0,0,0,0,0,0,0,0,0,0,0,0,0,0,0,0,0,0,0,0,0,0,0,0,0,0,0,0,0,0,0,0,0,0,0,0,0,0,0,0,0,0,0,0,0,0,0,0,0,0,0,0,0,0,0,0,0,0,0,0,0,0,0,0,0,0,0,0,0,0,0,0,0,0,0,0,0,0,0,0,0,0,0,0,0,0,0,0,0,0,1,10.302673992674
Sargent County Sheriff's Office,1960-03-01,North Dakota,6856,ND04100,0,0,0,0,0,0,0,0,0,0,0,0,0,0,0,0,0,0,0,0,0,0,0,0,0,0,0,0,0,0,0,0,0,0,0,0,0,0,0,0,0,0,0,0,0,0,0,0,0,0,0,0,0,0,0,0,0,0,0,0,0,0,0,0,0,0,0,0,0,0,0,0,0,0,0,0,0,0,0,0,0,0,0,0,0,0,0,0,0,0,0,1,10.302673992674
Sargent County Sheriff's Office,1960-04-01,North Dakota,6856,ND04100,0,0,0,0,0,0,0,0,0,0,0,0,0,0,0,0,0,0,0,0,0,0,0,0,0,0,0,0,0,0,0,0,0,0,0,0,0,0,0,0,0,0,0,0,0,0,0,0,0,0,0,0,0,0,0,0,0,0,0,0,0,0,0,0,0,0,0,0,0,0,0,0,0,0,0,0,0,0,0,0,0,0,0,0,0,0,0,0,0,0,0,1,10.302673992674
Sargent County Sheriff's Office,1960-05-01,North Dakota,6856,ND04100,0,0,0,0,0,0,0,0,0,0,0,0,0,0,0,0,0,0,0,0,0,0,0,0,0,0,0,0,0,0,0,0,0,0,0,0,0,0,0,0,0,0,0,0,0,0,0,0,0,0,0,0,0,0,0,0,0,0,0,0,0,0,0,0,0,0,0,0,0,0,0,0,0,0,0,0,0,0,0,0,0,0,0,0,0,0,0,0,0,0,0,1,10.302673992674
Sargent County Sheriff's Office,1960-06-01,North Dakota,6856,ND04100,0,0,0,0,0,0,0,0,0,0,0,0,0,0,0,0,0,0,0,0,0,0,0,0,0,0,0,0,0,0,0,0,0,0,0,0,0,0,0,0,0,0,0,0,0,0,0,0,0,0,0,0,0,0,0,0,0,0,0,0,0,0,0,0,0,0,0,0,0,0,0,0,0,0,0,0,0,0,0,0,0,0,0,0,0,0,0,0,0,0,0,1,10.302673992674
Sargent County Sheriff's Office,1960-07-01,North Dakota,6856,ND04100,0,0,0,0,0,0,0,0,0,0,0,0,0,0,0,0,0,0,0,0,0,0,0,0,0,0,0,0,0,0,0,0,0,0,0,0,0,0,0,0,0,0,0,0,0,0,0,0,0,0,0,0,0,0,0,0,0,0,0,0,0,0,0,0,0,0,0,0,0,0,0,0,0,0,0,0,0,0,0,0,0,0,0,0,0,0,0,0,0,0,0,1,10.302673992674
Sargent County Sheriff's Office,1960-08-01,North Dakota,6856,ND04100,0,0,0,0,0,0,0,0,0,0,0,0,0,0,0,0,0,0,0,0,0,0,0,0,0,0,0,0,0,0,0,0,0,0,0,0,0,0,0,0,0,0,0,0,0,0,0,0,0,0,0,0,0,0,0,0,0,0,0,0,0,0,0,0,0,0,0,0,0,0,0,0,0,0,0,0,0,0,0,0,0,0,0,0,0,0,0,0,0,0,0,1,10.302673992674
Sargent County Sheriff's Office,1960-09-01,North Dakota,6856,ND04100,0,0,0,0,0,0,0,0,0,0,0,0,0,0,0,0,0,0,0,0,0,0,0,0,0,0,0,0,0,0,0,0,0,0,0,0,0,0,0,0,0,0,0,0,0,0,0,0,0,0,0,0,0,0,0,0,0,0,0,0,0,0,0,0,0,0,0,0,0,0,0,0,0,0,0,0,0,0,0,0,0,0,0,0,0,0,0,0,0,0,0,1,10.302673992674
Sargent County Sheriff's Office,1960-10-01,North Dakota,6856,ND04100,0,0,0,0,0,0,0,0,0,0,0,0,0,0,0,0,0,0,0,0,0,0,0,0,0,0,0,0,0,0,0,0,0,0,0,0,0,0,0,0,0,0,0,0,0,0,0,0,0,0,0,0,0,0,0,0,0,0,0,0,0,0,0,0,0,0,0,0,0,0,0,0,0,0,0,0,0,0,0,0,0,0,0,0,0,0,0,0,0,0,0,1,10.302673992674
Sargent County Sheriff's Office,1960-11-01,North Dakota,6856,ND04100,0,0,0,0,0,0,0,0,0,0,0,0,0,0,0,0,0,0,0,0,0,0,0,0,0,0,0,0,0,0,0,0,0,0,0,0,0,0,0,0,0,0,0,0,0,0,0,0,0,0,0,0,0,0,0,0,0,0,0,0,0,0,0,0,0,0,0,0,0,0,0,0,0,0,0,0,0,0,0,0,0,0,0,0,0,0,0,0,0,0,0,1,10.302673992674
Sargent County Sheriff's Office,1960-12-01,North Dakota,6856,ND04100,0,0,0,0,0,0,0,0,0,0,0,0,0,0,0,0,0,0,0,0,0,0,0,0,0,0,0,0,0,0,0,0,0,0,0,0,0,0,0,0,0,0,0,0,0,0,0,0,0,0,0,0,0,0,0,0,0,0,0,0,0,0,0,0,0,0,0,0,0,0,0,0,0,0,0,0,0,0,0,0,0,0,0,0,0,0,0,0,0,0,0,1,10.302673992674
Sargent County Sheriff's Office,1961-01-01,North Dakota,6856,ND04100,0,0,0,0,0,0,0,0,0,0,0,0,0,0,0,0,0,0,0,0,0,0,0,0,0,0,0,0,0,0,0,0,0,0,0,0,0,0,0,0,0,0,0,0,0,0,0,0,0,0,0,0,0,0,0,0,0,0,0,0,0,0,0,0,0,0,0,0,0,0,0,0,0,0,0,0,0,0,0,0,0,0,0,0,0,0,0,0,0,0,0,1,10.1935294117647
Sargent County Sheriff's Office,1961-02-01,North Dakota,6856,ND04100,0,0,0,0,0,0,0,0,0,0,0,0,0,0,0,0,0,0,0,0,0,0,0,0,0,0,0,0,0,0,0,0,0,0,0,0,0,0,0,0,0,0,0,0,0,0,0,0,0,0,0,0,0,0,0,0,0,0,0,0,0,0,0,0,0,0,0,0,0,0,0,0,0,0,0,0,0,0,0,0,0,0,0,0,0,0,0,0,0,0,0,1,10.1935294117647
Sargent County Sheriff's Office,1961-03-01,North Dakota,6856,ND04100,0,0,0,0,0,0,0,0,0,0,0,0,0,0,0,0,0,0,0,0,0,0,0,0,0,0,0,0,0,0,0,0,0,0,0,0,0,0,0,0,0,0,0,0,0,0,0,0,0,0,0,0,0,0,0,0,0,0,0,0,0,0,0,0,0,0,0,0,0,0,0,0,0,0,0,0,0,0,0,0,0,0,0,0,0,0,0,0,0,0,0,1,10.1935294117647
Sargent County Sheriff's Office,1961-04-01,North Dakota,6856,ND04100,0,0,0,0,0,0,0,0,0,0,0,0,0,0,0,0,0,0,0,0,0,0,0,0,0,0,0,0,0,0,0,0,0,0,0,0,0,0,0,0,0,0,0,0,0,0,0,0,0,0,0,0,0,0,0,0,0,0,0,0,0,0,0,0,0,0,0,0,0,0,0,0,0,0,0,0,0,0,0,0,0,0,0,0,0,0,0,0,0,0,0,1,10.1935294117647
Sargent County Sheriff's Office,1961-05-01,North Dakota,6856,ND04100,0,0,0,0,0,0,0,0,0,0,0,0,0,0,0,0,0,0,0,0,0,0,0,0,0,0,0,0,0,0,0,0,0,0,0,0,0,0,0,0,0,0,0,0,0,0,0,0,0,0,0,0,0,0,0,0,0,0,0,0,0,0,0,0,0,0,0,0,0,0,0,0,0,0,0,0,0,0,0,0,0,0,0,0,0,0,0,0,0,0,0,1,10.1935294117647
Sargent County Sheriff's Office,1961-06-01,North Dakota,6856,ND04100,0,0,0,0,0,0,0,0,0,0,0,0,0,0,0,0,0,0,0,0,0,0,0,0,0,0,0,0,0,0,0,0,0,0,0,0,0,0,0,0,0,0,0,0,0,0,0,0,0,0,0,0,0,0,0,0,0,0,0,0,0,0,0,0,0,0,0,0,0,0,0,0,0,0,0,0,0,0,0,0,0,0,0,0,0,0,0,0,0,0,0,1,10.1935294117647
Sargent County Sheriff's Office,1961-07-01,North Dakota,6856,ND04100,0,0,0,0,0,0,0,0,0,0,0,0,0,0,0,0,0,0,0,0,0,0,0,0,0,0,0,0,0,0,0,0,0,0,0,0,0,0,0,0,0,0,0,0,0,0,0,0,0,0,0,0,0,0,0,0,0,0,0,0,0,0,0,0,0,0,0,0,0,0,0,0,0,0,0,0,0,0,0,0,0,0,0,0,0,0,0,0,0,0,0,1,10.1935294117647
Sargent County Sheriff's Office,1961-08-01,North Dakota,6856,ND04100,0,0,0,0,0,0,0,0,0,0,0,0,0,0,0,0,0,0,0,0,0,0,0,0,0,0,0,0,0,0,0,0,0,0,0,0,0,0,0,0,0,0,0,0,0,0,0,0,0,0,0,0,0,0,0,0,0,0,0,0,0,0,0,0,0,0,0,0,0,0,0,0,0,0,0,0,0,0,0,0,0,0,0,0,0,0,0,0,0,0,0,1,10.1935294117647
Sargent County Sheriff's Office,1961-09-01,North Dakota,6856,ND04100,0,0,0,0,0,0,0,0,0,0,0,0,0,0,0,0,0,0,0,0,0,0,0,0,0,0,0,0,0,0,0,0,0,0,0,0,0,0,0,0,0,0,0,0,0,0,0,0,0,0,0,0,0,0,0,0,0,0,0,0,0,0,0,0,0,0,0,0,0,0,0,0,0,0,0,0,0,0,0,0,0,0,0,0,0,0,0,0,0,0,0,1,10.1935294117647
Sargent County Sheriff's Office,1961-10-01,North Dakota,6856,ND04100,0,0,0,0,0,0,0,0,0,0,0,0,0,0,0,0,0,0,0,0,0,0,0,0,0,0,0,0,0,0,0,0,0,0,0,0,0,0,0,0,0,0,0,0,0,0,0,0,0,0,0,0,0,0,0,0,0,0,0,0,0,0,0,0,0,0,0,0,0,0,0,0,0,0,0,0,0,0,0,0,0,0,0,0,0,0,0,0,0,0,0,1,10.1935294117647
Sargent County Sheriff's Office,1961-11-01,North Dakota,6856,ND04100,0,0,0,0,0,0,0,0,0,0,0,0,0,0,0,0,0,0,0,0,0,0,0,0,0,0,0,0,0,0,0,0,0,0,0,0,0,0,0,0,0,0,0,0,0,0,0,0,0,0,0,0,0,0,0,0,0,0,0,0,0,0,0,0,0,0,0,0,0,0,0,0,0,0,0,0,0,0,0,0,0,0,0,0,0,0,0,0,0,0,0,1,10.1935294117647
Sargent County Sheriff's Office,1961-12-01,North Dakota,6856,ND04100,0,0,0,0,0,0,0,0,0,0,0,0,0,0,0,0,0,0,0,0,0,0,0,0,0,0,0,0,0,0,0,0,0,0,0,0,0,0,0,0,0,0,0,0,0,0,0,0,0,0,0,0,0,0,0,0,0,0,0,0,0,0,0,0,0,0,0,0,0,0,0,0,0,0,0,0,0,0,0,0,0,0,0,0,0,0,0,0,0,0,0,1,10.1935294117647
Sargent County Sheriff's Office,1962-01-01,North Dakota,6833,ND04100,0,0,0,0,0,0,0,0,0,0,0,0,0,0,0,0,0,0,0,0,0,0,0,0,0,0,0,0,0,0,0,0,0,0,0,0,0,0,0,0,0,0,0,0,0,0,0,0,0,0,0,0,0,0,0,0,0,0,0,0,0,0,0,0,0,0,0,0,0,0,0,0,0,0,0,0,0,0,0,0,0,0,0,0,0,0,0,0,0,0,0,1,10.0727796143251
Sargent County Sheriff's Office,1962-02-01,North Dakota,6833,ND04100,0,0,0,0,0,0,0,0,0,0,0,0,0,0,0,0,0,0,0,0,0,0,0,0,0,0,0,0,0,0,0,0,0,0,0,0,0,0,0,0,0,0,0,0,0,0,0,0,0,0,0,0,0,0,0,0,0,0,0,0,0,0,0,0,0,0,0,0,0,0,0,0,0,0,0,0,0,0,0,0,0,0,0,0,0,0,0,0,0,0,0,1,10.0727796143251
Sargent County Sheriff's Office,1962-03-01,North Dakota,6833,ND04100,0,0,0,0,0,0,0,0,0,0,0,0,0,0,0,0,0,0,0,0,0,0,0,0,0,0,0,0,0,0,0,0,0,0,0,0,0,0,0,0,0,0,0,0,0,0,0,0,0,0,0,0,0,0,0,0,0,0,0,0,0,0,0,0,0,0,0,0,0,0,0,0,0,0,0,0,0,0,0,0,0,0,0,0,0,0,0,0,0,0,0,1,10.0727796143251
Sargent County Sheriff's Office,1962-04-01,North Dakota,6833,ND04100,0,0,0,0,0,0,0,0,0,0,0,0,0,0,0,0,0,0,0,0,0,0,0,0,0,0,0,0,0,0,0,0,0,0,0,0,0,0,0,0,0,0,0,0,0,0,0,0,0,0,0,0,0,0,0,0,0,0,0,0,0,0,0,0,0,0,0,0,0,0,0,0,0,0,0,0,0,0,0,0,0,0,0,0,0,0,0,0,0,0,0,1,10.0727796143251
Sargent County Sheriff's Office,1962-05-01,North Dakota,6833,ND04100,0,0,0,0,0,0,0,0,0,0,0,0,0,0,0,0,0,0,0,0,0,0,0,0,0,0,0,0,0,0,0,0,0,0,0,0,0,0,0,0,0,0,0,0,0,0,0,0,0,0,0,0,0,0,0,0,0,0,0,0,0,0,0,0,0,0,0,0,0,0,0,0,0,0,0,0,0,0,0,0,0,0,0,0,0,0,0,0,0,0,0,1,10.0727796143251
Sargent County Sheriff's Office,1962-06-01,North Dakota,6833,ND04100,0,0,0,0,0,0,0,0,0,0,0,0,0,0,0,0,0,0,0,0,0,0,0,0,0,0,0,0,0,0,0,0,0,0,0,0,0,0,0,0,0,0,0,0,0,0,0,0,0,0,0,0,0,0,0,0,0,0,0,0,0,0,0,0,0,0,0,0,0,0,0,0,0,0,0,0,0,0,0,0,0,0,0,0,0,0,0,0,0,0,0,1,10.0727796143251
Sargent County Sheriff's Office,1962-07-01,North Dakota,6833,ND04100,0,0,0,0,0,0,0,0,0,0,0,0,0,0,0,0,0,0,0,0,0,0,0,0,0,0,0,0,0,0,0,0,0,0,0,0,0,0,0,0,0,0,0,0,0,0,0,0,0,0,0,0,0,0,0,0,0,0,0,0,0,0,0,0,0,0,0,0,0,0,0,0,0,0,0,0,0,0,0,0,0,0,0,0,0,0,0,0,0,0,0,1,10.0727796143251
Sargent County Sheriff's Office,1962-08-01,North Dakota,6833,ND04100,0,0,0,0,0,0,0,0,0,0,0,0,0,0,0,0,0,0,0,0,0,0,0,0,0,0,0,0,0,0,0,0,0,0,0,0,0,0,0,0,0,0,0,0,0,0,0,0,0,0,0,0,0,0,0,0,0,0,0,0,0,0,0,0,0,0,0,0,0,0,0,0,0,0,0,0,0,0,0,0,0,0,0,0,0,0,0,0,0,0,0,1,10.0727796143251
Sargent County Sheriff's Office,1962-09-01,North Dakota,6833,ND04100,0,0,0,0,0,0,0,0,0,0,0,0,0,0,0,0,0,0,0,0,0,0,0,0,0,0,0,0,0,0,0,0,0,0,0,0,0,0,0,0,0,0,0,0,0,0,0,0,0,0,0,0,0,0,0,0,0,0,0,0,0,0,0,0,0,0,0,0,0,0,0,0,0,0,0,0,0,0,0,0,0,0,0,0,0,0,0,0,0,0,0,1,10.0727796143251
Sargent County Sheriff's Office,1962-10-01,North Dakota,6833,ND04100,0,0,0,0,0,0,0,0,0,0,0,0,0,0,0,0,0,0,0,0,0,0,0,0,0,0,0,0,0,0,0,0,0,0,0,0,0,0,0,0,0,0,0,0,0,0,0,0,0,0,0,0,0,0,0,0,0,0,0,0,0,0,0,0,0,0,0,0,0,0,0,0,0,0,0,0,0,0,0,0,0,0,0,0,0,0,0,0,0,0,0,1,10.0727796143251
Sargent County Sheriff's Office,1962-11-01,North Dakota,6833,ND04100,0,0,0,0,0,0,0,0,0,0,0,0,0,0,0,0,0,0,0,0,0,0,0,0,0,0,0,0,0,0,0,0,0,0,0,0,0,0,0,0,0,0,0,0,0,0,0,0,0,0,0,0,0,0,0,0,0,0,0,0,0,0,0,0,0,0,0,0,0,0,0,0,0,0,0,0,0,0,0,0,0,0,0,0,0,0,0,0,0,0,0,1,10.0727796143251
Sargent County Sheriff's Office,1962-12-01,North Dakota,6833,ND04100,0,0,0,0,0,0,0,0,0,0,0,0,0,0,0,0,0,0,0,0,0,0,0,0,0,0,0,0,0,0,0,0,0,0,0,0,0,0,0,0,0,0,0,0,0,0,0,0,0,0,0,0,0,0,0,0,0,0,0,0,0,0,0,0,0,0,0,0,0,0,0,0,0,0,0,0,0,0,0,0,0,0,0,0,0,0,0,0,0,0,0,1,10.0727796143251
Sargent County Sheriff's Office,1963-01-01,North Dakota,6624,ND04100,0,0,0,0,0,0,0,0,0,0,0,0,0,0,0,0,0,0,0,0,0,0,0,0,0,0,0,0,0,0,0,0,0,0,0,0,0,0,0,0,0,0,0,0,0,0,0,0,0,0,0,0,0,0,0,0,0,0,0,0,0,0,0,0,0,0,0,0,0,0,0,0,0,0,0,0,0,0,0,0,0,0,0,0,0,0,0,0,0,0,0,1,9.94943945578232
Sargent County Sheriff's Office,1963-02-01,North Dakota,6624,ND04100,0,0,0,0,0,0,0,0,0,0,0,0,0,0,0,0,0,0,0,0,0,0,0,0,0,0,0,0,0,0,0,0,0,0,0,0,0,0,0,0,0,0,0,0,0,0,0,0,0,0,0,0,0,0,0,0,0,0,0,0,0,0,0,0,0,0,0,0,0,0,0,0,0,0,0,0,0,0,0,0,0,0,0,0,0,0,0,0,0,0,0,1,9.94943945578232
Sargent County Sheriff's Office,1963-03-01,North Dakota,6624,ND04100,0,0,0,0,0,0,0,0,0,0,0,0,0,0,0,0,0,0,0,0,0,0,0,0,0,0,0,0,0,0,0,0,0,0,0,0,0,0,0,0,0,0,0,0,0,0,0,0,0,0,0,0,0,0,0,0,0,0,0,0,0,0,0,0,0,0,0,0,0,0,0,0,0,0,0,0,0,0,0,0,0,0,0,0,0,0,0,0,0,0,0,1,9.94943945578232
Sargent County Sheriff's Office,1963-04-01,North Dakota,6624,ND04100,0,0,0,0,0,0,0,0,0,0,0,0,0,0,0,0,0,0,0,0,0,0,0,0,0,0,0,0,0,0,0,0,0,0,0,0,0,0,0,0,0,0,0,0,0,0,0,0,0,0,0,0,0,0,0,0,0,0,0,0,0,0,0,0,0,0,0,0,0,0,0,0,0,0,0,0,0,0,0,0,0,0,0,0,0,0,0,0,0,0,0,1,9.94943945578232
Sargent County Sheriff's Office,1963-05-01,North Dakota,6624,ND04100,0,0,0,0,0,0,0,0,0,0,0,0,0,0,0,0,0,0,0,0,0,0,0,0,0,0,0,0,0,0,0,0,0,0,0,0,0,0,0,0,0,0,0,0,0,0,0,0,0,0,0,0,0,0,0,0,0,0,0,0,0,0,0,0,0,0,0,0,0,0,0,0,0,0,0,0,0,0,0,0,0,0,0,0,0,0,0,0,0,0,0,1,9.94943945578232
Sargent County Sheriff's Office,1963-06-01,North Dakota,6624,ND04100,0,0,0,0,0,0,0,0,0,0,0,0,0,0,0,0,0,0,0,0,0,0,0,0,0,0,0,0,0,0,0,0,0,0,0,0,0,0,0,0,0,0,0,0,0,0,0,0,0,0,0,0,0,0,0,0,0,0,0,0,0,0,0,0,0,0,0,0,0,0,0,0,0,0,0,0,0,0,0,0,0,0,0,0,0,0,0,0,0,0,0,1,9.94943945578232
Sargent County Sheriff's Office,1963-07-01,North Dakota,6624,ND04100,0,0,0,0,0,0,0,0,0,0,0,0,0,0,0,0,0,0,0,0,0,0,0,0,0,0,0,0,0,0,0,0,0,0,0,0,0,0,0,0,0,0,0,0,0,0,0,0,0,0,0,0,0,0,0,0,0,0,0,0,0,0,0,0,0,0,0,0,0,0,0,0,0,0,0,0,0,0,0,0,0,0,0,0,0,0,0,0,0,0,0,1,9.94943945578232
Sargent County Sheriff's Office,1963-08-01,North Dakota,6624,ND04100,0,0,0,0,0,0,0,0,0,0,0,0,0,0,0,0,0,0,0,0,0,0,0,0,0,0,0,0,0,0,0,0,0,0,0,0,0,0,0,0,0,0,0,0,0,0,0,0,0,0,0,0,0,0,0,0,0,0,0,0,0,0,0,0,0,0,0,0,0,0,0,0,0,0,0,0,0,0,0,0,0,0,0,0,0,0,0,0,0,0,0,1,9.94943945578232
Sargent County Sheriff's Office,1963-09-01,North Dakota,6624,ND04100,0,0,0,0,0,0,0,0,0,0,0,0,0,0,0,0,0,0,0,0,0,0,0,0,0,0,0,0,0,0,0,0,0,0,0,0,0,0,0,0,0,0,0,0,0,0,0,0,0,0,0,0,0,0,0,0,0,0,0,0,0,0,0,0,0,0,0,0,0,0,0,0,0,0,0,0,0,0,0,0,0,0,0,0,0,0,0,0,0,0,0,1,9.94943945578232
Sargent County Sheriff's Office,1963-10-01,North Dakota,6624,ND04100,0,0,0,0,0,0,0,0,0,0,0,0,0,0,0,0,0,0,0,0,0,0,0,0,0,0,0,0,0,0,0,0,0,0,0,0,0,0,0,0,0,0,0,0,0,0,0,0,0,0,0,0,0,0,0,0,0,0,0,0,0,0,0,0,0,0,0,0,0,0,0,0,0,0,0,0,0,0,0,0,0,0,0,0,0,0,0,0,0,0,0,1,9.94943945578232
Sargent County Sheriff's Office,1963-11-01,North Dakota,6624,ND04100,0,0,0,0,0,0,0,0,0,0,0,0,0,0,0,0,0,0,0,0,0,0,0,0,0,0,0,0,0,0,0,0,0,0,0,0,0,0,0,0,0,0,0,0,0,0,0,0,0,0,0,0,0,0,0,0,0,0,0,0,0,0,0,0,0,0,0,0,0,0,0,0,0,0,0,0,0,0,0,0,0,0,0,0,0,0,0,0,0,0,0,1,9.94943945578232
Sargent County Sheriff's Office,1963-12-01,North Dakota,6624,ND04100,0,0,0,0,0,0,0,0,0,0,0,0,0,0,0,0,0,0,0,0,0,0,0,0,0,0,0,0,0,0,0,0,0,0,0,0,0,0,0,0,0,0,0,0,0,0,0,0,0,0,0,0,0,0,0,0,0,0,0,0,0,0,0,0,0,0,0,0,0,0,0,0,0,0,0,0,0,0,0,0,0,0,0,0,0,0,0,0,0,0,0,1,9.94943945578232
Sargent County Sheriff's Office,1964-01-01,North Dakota,6648,ND04100,0,0,0,0,0,0,0,0,0,0,0,0,0,0,0,0,0,0,0,0,0,0,0,0,0,0,0,0,0,0,0,0,0,0,0,0,0,0,0,0,0,0,0,0,0,0,0,0,0,0,0,0,0,0,0,0,0,0,0,0,0,0,0,0,0,0,0,0,0,0,0,0,0,0,0,0,0,0,0,0,0,0,0,0,0,0,0,0,0,0,0,1,9.82380171950564
Sargent County Sheriff's Office,1964-02-01,North Dakota,6648,ND04100,0,0,0,0,0,0,0,0,0,0,0,0,0,0,0,0,0,0,0,0,0,0,0,0,0,0,0,0,0,0,0,0,0,0,0,0,0,0,0,0,0,0,0,0,0,0,0,0,0,0,0,0,0,0,0,0,0,0,0,0,0,0,0,0,0,0,0,0,0,0,0,0,0,0,0,0,0,0,0,0,0,0,0,0,0,0,0,0,0,0,0,1,9.82380171950564
Sargent County Sheriff's Office,1964-03-01,North Dakota,6648,ND04100,0,0,0,0,0,0,0,0,0,0,0,0,0,0,0,0,0,0,0,0,0,0,0,0,0,0,0,0,0,0,0,0,0,0,0,0,0,0,0,0,0,0,0,0,0,0,0,0,0,0,0,0,0,0,0,0,0,0,0,0,0,0,0,0,0,0,0,0,0,0,0,0,0,0,0,0,0,0,0,0,0,0,0,0,0,0,0,0,0,0,0,1,9.82380171950564
Sargent County Sheriff's Office,1964-04-01,North Dakota,6648,ND04100,0,0,0,0,0,0,0,0,0,0,0,0,0,0,0,0,0,0,0,0,0,0,0,0,0,0,0,0,0,0,0,0,0,0,0,0,0,0,0,0,0,0,0,0,0,0,0,0,0,0,0,0,0,0,0,0,0,0,0,0,0,0,0,0,0,0,0,0,0,0,0,0,0,0,0,0,0,0,0,0,0,0,0,0,0,0,0,0,0,0,0,1,9.82380171950564
Sargent County Sheriff's Office,1964-05-01,North Dakota,6648,ND04100,0,0,0,0,0,0,0,0,0,0,0,0,0,0,0,0,0,0,0,0,0,0,0,0,0,0,0,0,0,0,0,0,0,0,0,0,0,0,0,0,0,0,0,0,0,0,0,0,0,0,0,0,0,0,0,0,0,0,0,0,0,0,0,0,0,0,0,0,0,0,0,0,0,0,0,0,0,0,0,0,0,0,0,0,0,0,0,0,0,0,0,1,9.82380171950564
Sargent County Sheriff's Office,1964-06-01,North Dakota,6648,ND04100,0,0,0,0,0,0,0,0,0,0,0,0,0,0,0,0,0,0,0,0,0,0,0,0,0,0,0,0,0,0,0,0,0,0,0,0,0,0,0,0,0,0,0,0,0,0,0,0,0,0,0,0,0,0,0,0,0,0,0,0,0,0,0,0,0,0,0,0,0,0,0,0,0,0,0,0,0,0,0,0,0,0,0,0,0,0,0,0,0,0,0,1,9.82380171950564
Sargent County Sheriff's Office,1964-07-01,North Dakota,6648,ND04100,0,0,0,0,0,0,0,0,0,0,0,0,0,0,0,0,0,0,0,0,0,0,0,0,0,0,0,0,0,0,0,0,0,0,0,0,0,0,0,0,0,0,0,0,0,0,0,0,0,0,0,0,0,0,0,0,0,0,0,0,0,0,0,0,0,0,0,0,0,0,0,0,0,0,0,0,0,0,0,0,0,0,0,0,0,0,0,0,0,0,0,1,9.82380171950564
Sargent County Sheriff's Office,1964-08-01,North Dakota,6648,ND04100,0,0,0,0,0,0,0,0,0,0,0,0,0,0,0,0,0,0,0,0,0,0,0,0,0,0,0,0,0,0,0,0,0,0,0,0,0,0,0,0,0,0,0,0,0,0,0,0,0,0,0,0,0,0,0,0,0,0,0,0,0,0,0,0,0,0,0,0,0,0,0,0,0,0,0,0,0,0,0,0,0,0,0,0,0,0,0,0,0,0,0,1,9.82380171950564
Sargent County Sheriff's Office,1964-09-01,North Dakota,6648,ND04100,0,0,0,0,0,0,0,0,0,0,0,0,0,0,0,0,0,0,0,0,0,0,0,0,0,0,0,0,0,0,0,0,0,0,0,0,0,0,0,0,0,0,0,0,0,0,0,0,0,0,0,0,0,0,0,0,0,0,0,0,0,0,0,0,0,0,0,0,0,0,0,0,0,0,0,0,0,0,0,0,0,0,0,0,0,0,0,0,0,0,0,1,9.82380171950564
Sargent County Sheriff's Office,1964-10-01,North Dakota,6648,ND04100,0,0,0,0,0,0,0,0,0,0,0,0,0,0,0,0,0,0,0,0,0,0,0,0,0,0,0,0,0,0,0,0,0,0,0,0,0,0,0,0,0,0,0,0,0,0,0,0,0,0,0,0,0,0,0,0,0,0,0,0,0,0,0,0,0,0,0,0,0,0,0,0,0,0,0,0,0,0,0,0,0,0,0,0,0,0,0,0,0,0,0,1,9.82380171950564
Sargent County Sheriff's Office,1964-11-01,North Dakota,6648,ND04100,0,0,0,0,0,0,0,0,0,0,0,0,0,0,0,0,0,0,0,0,0,0,0,0,0,0,0,0,0,0,0,0,0,0,0,0,0,0,0,0,0,0,0,0,0,0,0,0,0,0,0,0,0,0,0,0,0,0,0,0,0,0,0,0,0,0,0,0,0,0,0,0,0,0,0,0,0,0,0,0,0,0,0,0,0,0,0,0,0,0,0,1,9.82380171950564
Sargent County Sheriff's Office,1964-12-01,North Dakota,6648,ND04100,0,0,0,0,0,0,0,0,0,0,0,0,0,0,0,0,0,0,0,0,0,0,0,0,0,0,0,0,0,0,0,0,0,0,0,0,0,0,0,0,0,0,0,0,0,0,0,0,0,0,0,0,0,0,0,0,0,0,0,0,0,0,0,0,0,0,0,0,0,0,0,0,0,0,0,0,0,0,0,0,0,0,0,0,0,0,0,0,0,0,0,1,9.82380171950564
Sargent County Sheriff's Office,1965-01-01,North Dakota,6490,ND04100,0,0,0,0,0,0,0,0,0,0,0,0,0,0,0,0,0,0,0,0,0,0,0,0,0,0,0,0,0,0,0,0,0,0,0,0,0,0,0,0,0,0,0,0,0,0,0,0,0,0,0,0,0,0,0,0,0,0,0,0,0,0,0,0,0,0,0,0,0,0,0,0,0,0,0,0,0,0,0,0,0,0,0,0,0,0,0,0,0,0,0,1,9.67050780216874
Sargent County Sheriff's Office,1965-02-01,North Dakota,6490,ND04100,0,0,0,0,0,0,0,0,0,0,0,0,0,0,0,0,0,0,0,0,0,0,0,0,0,0,0,0,0,0,0,0,0,0,0,0,0,0,0,0,0,0,0,0,0,0,0,0,0,0,0,0,0,0,0,0,0,0,0,0,0,0,0,0,0,0,0,0,0,0,0,0,0,0,0,0,0,0,0,0,0,0,0,0,0,0,0,0,0,0,0,1,9.67050780216874
Sargent County Sheriff's Office,1965-03-01,North Dakota,6490,ND04100,0,0,0,0,0,0,0,0,0,0,0,0,0,0,0,0,0,0,0,0,0,0,0,0,0,0,0,0,0,0,0,0,0,0,0,0,0,0,0,0,0,0,0,0,0,0,0,0,0,0,0,0,0,0,0,0,0,0,0,0,0,0,0,0,0,0,0,0,0,0,0,0,0,0,0,0,0,0,0,0,0,0,0,0,0,0,0,0,0,0,0,1,9.67050780216874
Sargent County Sheriff's Office,1965-04-01,North Dakota,6490,ND04100,0,0,0,0,0,0,0,0,0,0,0,0,0,0,0,0,0,0,0,0,0,0,0,0,0,0,0,0,0,0,0,0,0,0,0,0,0,0,0,0,0,0,0,0,0,0,0,0,0,0,0,0,0,0,0,0,0,0,0,0,0,0,0,0,0,0,0,0,0,0,0,0,0,0,0,0,0,0,0,0,0,0,0,0,0,0,0,0,0,0,0,1,9.67050780216874
Sargent County Sheriff's Office,1965-05-01,North Dakota,6490,ND04100,0,0,0,0,0,0,0,0,0,0,0,0,0,0,0,0,0,0,0,0,0,0,0,0,0,0,0,0,0,0,0,0,0,0,0,0,0,0,0,0,0,0,0,0,0,0,0,0,0,0,0,0,0,0,0,0,0,0,0,0,0,0,0,0,0,0,0,0,0,0,0,0,0,0,0,0,0,0,0,0,0,0,0,0,0,0,0,0,0,0,0,1,9.67050780216874
Sargent County Sheriff's Office,1965-06-01,North Dakota,6490,ND04100,0,0,0,0,0,0,0,0,0,0,0,0,0,0,0,0,0,0,0,0,0,0,0,0,0,0,0,0,0,0,0,0,0,0,0,0,0,0,0,0,0,0,0,0,0,0,0,0,0,0,0,0,0,0,0,0,0,0,0,0,0,0,0,0,0,0,0,0,0,0,0,0,0,0,0,0,0,0,0,0,0,0,0,0,0,0,0,0,0,0,0,1,9.67050780216874
Sargent County Sheriff's Office,1965-07-01,North Dakota,6490,ND04100,0,0,0,0,0,0,0,0,0,0,0,0,0,0,0,0,0,0,0,0,0,0,0,0,0,0,0,0,0,0,0,0,0,0,0,0,0,0,0,0,0,0,0,0,0,0,0,0,0,0,0,0,0,0,0,0,0,0,0,0,0,0,0,0,0,0,0,0,0,0,0,0,0,0,0,0,0,0,0,0,0,0,0,0,0,0,0,0,0,0,0,1,9.67050780216874
Sargent County Sheriff's Office,1965-08-01,North Dakota,6490,ND04100,0,0,0,0,0,0,0,0,0,0,0,0,0,0,0,0,0,0,0,0,0,0,0,0,0,0,0,0,0,0,0,0,0,0,0,0,0,0,0,0,0,0,0,0,0,0,0,0,0,0,0,0,0,0,0,0,0,0,0,0,0,0,0,0,0,0,0,0,0,0,0,0,0,0,0,0,0,0,0,0,0,0,0,0,0,0,0,0,0,0,0,1,9.67050780216874
Sargent County Sheriff's Office,1965-09-01,North Dakota,6490,ND04100,0,0,0,0,0,0,0,0,0,0,0,0,0,0,0,0,0,0,0,0,0,0,0,0,0,0,0,0,0,0,0,0,0,0,0,0,0,0,0,0,0,0,0,0,0,0,0,0,0,0,0,0,0,0,0,0,0,0,0,0,0,0,0,0,0,0,0,0,0,0,0,0,0,0,0,0,0,0,0,0,0,0,0,0,0,0,0,0,0,0,0,1,9.67050780216874
Sargent County Sheriff's Office,1965-10-01,North Dakota,6490,ND04100,0,0,0,0,0,0,0,0,0,0,0,0,0,0,0,0,0,0,0,0,0,0,0,0,0,0,0,0,0,0,0,0,0,0,0,0,0,0,0,0,0,0,0,0,0,0,0,0,0,0,0,0,0,0,0,0,0,0,0,0,0,0,0,0,0,0,0,0,0,0,0,0,0,0,0,0,0,0,0,0,0,0,0,0,0,0,0,0,0,0,0,1,9.67050780216874
Sargent County Sheriff's Office,1965-11-01,North Dakota,6490,ND04100,0,0,0,0,0,0,0,0,0,0,0,0,0,0,0,0,0,0,0,0,0,0,0,0,0,0,0,0,0,0,0,0,0,0,0,0,0,0,0,0,0,0,0,0,0,0,0,0,0,0,0,0,0,0,0,0,0,0,0,0,0,0,0,0,0,0,0,0,0,0,0,0,0,0,0,0,0,0,0,0,0,0,0,0,0,0,0,0,0,0,0,1,9.67050780216874
Sargent County Sheriff's Office,1965-12-01,North Dakota,6490,ND04100,0,0,0,0,0,0,0,0,0,0,0,0,0,0,0,0,0,0,0,0,0,0,0,0,0,0,0,0,0,0,0,0,0,0,0,0,0,0,0,0,0,0,0,0,0,0,0,0,0,0,0,0,0,0,0,0,0,0,0,0,0,0,0,0,0,0,0,0,0,0,0,0,0,0,0,0,0,0,0,0,0,0,0,0,0,0,0,0,0,0,0,1,9.67050780216874
Sargent County Sheriff's Office,1966-01-01,North Dakota,6376,ND04100,0,0,0,0,0,0,0,0,0,0,0,0,0,0,0,0,0,0,0,0,0,0,0,0,0,0,0,0,0,0,0,0,0,0,0,0,0,0,0,0,0,0,0,0,0,0,0,0,0,0,0,0,0,0,0,0,0,0,0,0,0,0,0,0,0,0,0,0,0,0,0,0,0,0,0,0,0,0,0,0,0,0,0,0,0,0,0,0,0,0,0,1,9.38746854942234
Sargent County Sheriff's Office,1966-02-01,North Dakota,6376,ND04100,0,0,0,0,0,0,0,0,0,0,0,0,0,0,0,0,0,0,0,0,0,0,0,0,0,0,0,0,0,0,0,0,0,0,0,0,0,0,0,0,0,0,0,0,0,0,0,0,0,0,0,0,0,0,0,0,0,0,0,0,0,0,0,0,0,0,0,0,0,0,0,0,0,0,0,0,0,0,0,0,0,0,0,0,0,0,0,0,0,0,0,1,9.38746854942234
Sargent County Sheriff's Office,1966-03-01,North Dakota,6376,ND04100,0,0,0,0,0,0,0,0,0,0,0,0,0,0,0,0,0,0,0,0,0,0,0,0,0,0,0,0,0,0,1,0,0,0,0,0,0,0,0,0,0,0,0,0,0,0,0,0,0,0,0,0,0,0,0,0,0,0,0,0,0,0,0,0,0,0,0,0,0,0,0,0,0,0,0,0,0,0,0,0,0,0,0,0,0,0,0,0,0,0,0,1,9.38746854942234
Sargent County Sheriff's Office,1966-04-01,North Dakota,6376,ND04100,0,0,0,0,0,0,0,0,0,0,0,0,0,0,0,0,0,0,0,0,0,0,1,0,0,0,0,0,0,0,0,0,0,0,0,0,0,0,0,0,0,0,0,0,0,0,0,0,0,0,0,0,0,0,0,0,0,0,0,0,0,0,0,0,0,0,0,0,0,0,0,0,0,0,0,0,0,0,0,0,0,0,0,0,0,0,0,0,0,0,0,1,9.38746854942234
Sargent County Sheriff's Office,1966-05-01,North Dakota,6376,ND04100,0,0,0,0,0,0,0,0,0,0,0,0,0,0,0,0,0,0,0,0,0,0,0,0,0,0,0,0,0,0,0,0,0,0,0,0,0,0,0,0,0,0,0,0,0,0,0,0,0,0,0,0,0,0,0,0,0,0,0,0,0,0,0,0,0,0,0,0,0,0,0,0,0,0,0,0,0,0,0,0,0,0,0,0,0,0,0,0,0,0,0,1,9.38746854942234
Sargent County Sheriff's Office,1966-06-01,North Dakota,6376,ND04100,0,0,0,0,0,0,0,0,0,0,0,0,0,0,0,0,0,0,0,0,0,0,0,0,0,0,0,0,0,0,0,0,0,0,0,0,0,0,0,0,0,0,0,0,0,0,0,0,0,0,0,0,0,0,0,0,0,0,0,0,0,0,0,0,0,0,0,0,0,0,0,0,0,0,0,0,0,0,0,0,0,0,0,0,0,0,0,0,0,0,0,1,9.38746854942234
Sargent County Sheriff's Office,1966-07-01,North Dakota,6376,ND04100,0,0,0,0,0,0,0,0,0,0,0,0,0,0,0,0,0,0,0,0,0,0,2,0,0,0,0,0,0,0,0,0,0,0,0,0,0,0,0,0,0,0,0,0,0,0,0,0,0,0,0,0,0,0,0,0,0,0,0,0,0,0,0,0,0,0,0,0,0,0,0,0,0,0,0,0,0,0,0,0,0,0,0,0,0,0,0,0,0,0,0,1,9.38746854942234
Sargent County Sheriff's Office,1966-08-01,North Dakota,6376,ND04100,0,0,0,0,0,0,0,0,0,0,0,0,0,0,0,0,0,0,0,0,0,0,0,0,0,0,0,0,0,0,0,0,0,0,0,0,0,0,0,0,0,0,0,0,0,0,0,0,0,0,0,0,0,0,0,0,0,0,0,0,0,0,0,0,0,0,0,0,0,0,0,0,0,0,0,0,0,0,0,0,0,0,0,0,0,0,0,0,0,0,0,1,9.38746854942234
Sargent County Sheriff's Office,1966-09-01,North Dakota,6376,ND04100,0,0,0,0,0,0,0,0,0,0,0,0,0,0,0,0,0,0,0,0,0,0,0,2,0,1,0,0,0,0,0,0,0,0,0,0,0,0,0,0,0,0,0,0,0,0,0,0,0,0,0,0,0,0,0,0,0,0,0,0,0,0,0,0,0,0,0,0,0,0,0,0,0,0,0,0,0,0,0,0,0,0,0,0,0,0,0,0,0,0,0,1,9.38746854942234
Sargent County Sheriff's Office,1966-10-01,North Dakota,6376,ND04100,0,0,0,0,0,0,0,0,0,0,0,0,0,0,0,0,0,0,0,0,0,0,0,0,0,2,0,0,0,0,0,0,0,0,0,0,0,0,0,0,0,0,0,0,0,0,0,0,0,0,0,0,0,0,0,0,0,0,0,0,0,0,0,0,0,0,0,0,0,0,0,0,0,0,0,0,0,0,0,0,0,0,0,0,0,0,0,0,0,0,0,1,9.38746854942234
Sargent County Sheriff's Office,1966-11-01,North Dakota,6376,ND04100,0,0,0,0,0,0,0,0,0,0,0,0,0,0,0,0,0,0,0,0,0,0,0,0,0,0,0,0,0,0,1,0,0,0,0,0,0,0,0,0,0,0,0,0,0,0,0,0,0,0,0,0,0,0,0,0,0,0,0,0,0,0,0,0,0,0,0,0,0,0,0,0,0,0,0,0,0,0,0,0,0,0,0,0,0,0,0,0,0,0,0,1,9.38746854942234
Sargent County Sheriff's Office,1966-12-01,North Dakota,6376,ND04100,0,0,0,0,0,0,0,0,0,0,0,0,0,0,0,0,0,0,0,0,0,0,0,0,0,0,0,0,0,0,0,0,0,0,0,0,0,0,0,0,0,0,0,0,0,0,0,0,0,0,0,0,0,0,0,0,0,0,0,0,0,0,0,0,0,0,0,0,0,0,0,0,0,0,0,0,0,0,0,0,0,0,0,0,0,0,0,0,0,0,0,1,9.38746854942234
Sargent County Sheriff's Office,1967-01-01,North Dakota,6307,ND04100,0,0,0,0,0,0,0,0,0,0,0,0,0,0,0,0,0,0,0,0,0,0,0,0,0,0,0,0,0,0,0,0,0,0,0,0,0,0,0,0,0,0,0,0,0,0,0,0,0,0,0,0,0,0,0,0,0,0,0,0,0,0,0,0,0,0,0,0,0,0,0,0,0,0,0,0,0,0,0,0,0,0,0,0,0,0,0,0,0,0,0,1,9.13419685236073
Sargent County Sheriff's Office,1967-02-01,North Dakota,6307,ND04100,0,0,0,0,0,0,0,0,0,0,0,0,0,0,0,0,0,0,0,0,0,0,0,0,0,0,0,0,0,0,0,0,0,0,0,0,0,0,0,0,0,0,0,0,0,0,0,0,0,0,0,0,0,0,0,0,0,0,0,0,0,0,0,0,0,0,0,0,0,0,0,0,0,0,0,0,0,0,0,0,0,0,0,0,0,0,0,0,0,0,0,1,9.13419685236073
Sargent County Sheriff's Office,1967-03-01,North Dakota,6307,ND04100,0,0,0,0,0,0,0,0,0,0,0,0,0,0,0,0,0,0,0,0,0,0,0,0,0,0,0,0,0,0,0,0,0,0,0,0,0,0,0,0,0,0,0,0,0,0,0,0,0,0,0,0,0,0,0,0,0,0,0,0,0,0,0,0,0,0,0,0,0,0,0,0,0,0,0,0,0,0,0,0,0,0,0,0,0,0,0,0,0,0,0,1,9.13419685236073
Sargent County Sheriff's Office,1967-04-01,North Dakota,6307,ND04100,0,0,0,0,0,0,0,0,0,0,0,0,0,0,0,0,0,0,0,0,0,0,0,0,0,0,0,0,0,0,0,0,0,0,0,0,0,0,0,0,0,0,0,0,0,0,0,0,0,0,0,0,0,0,0,0,0,0,0,0,0,0,0,0,0,0,0,0,0,0,0,0,0,0,0,0,0,0,0,0,0,0,0,0,0,0,0,0,0,0,0,1,9.13419685236073
Sargent County Sheriff's Office,1967-05-01,North Dakota,6307,ND04100,0,0,0,0,0,0,0,0,0,0,0,0,0,0,0,0,0,0,0,0,0,0,0,0,0,0,0,0,0,0,0,0,0,0,0,0,0,0,0,0,0,0,0,0,0,0,0,0,0,0,0,0,0,0,0,0,0,0,0,0,0,0,0,0,0,0,0,0,0,0,0,0,0,0,0,0,0,0,0,0,0,0,0,0,0,0,0,0,0,0,0,1,9.13419685236073
Sargent County Sheriff's Office,1967-06-01,North Dakota,6307,ND04100,0,0,0,0,0,0,0,0,0,0,0,0,0,0,0,0,0,0,0,0,0,0,0,0,0,0,0,0,0,0,0,0,0,0,0,0,0,0,0,0,0,0,0,0,0,0,0,0,0,0,0,0,0,0,0,0,0,0,0,0,0,0,0,0,0,0,0,0,0,0,0,0,0,0,0,0,0,0,0,0,0,0,0,0,0,0,0,0,0,0,0,1,9.13419685236073
Sargent County Sheriff's Office,1967-07-01,North Dakota,6307,ND04100,0,0,0,0,0,0,0,0,0,0,0,0,0,0,0,0,0,0,0,0,0,0,0,0,0,0,0,0,0,0,0,0,0,0,0,0,0,0,0,0,0,0,0,0,0,0,0,0,0,0,0,0,0,0,0,0,0,0,0,0,0,0,0,0,0,0,0,0,0,0,0,0,0,0,0,0,0,0,0,0,0,0,0,0,0,0,0,0,0,0,0,1,9.13419685236073
Sargent County Sheriff's Office,1967-08-01,North Dakota,6307,ND04100,0,0,0,0,0,0,0,0,0,0,0,0,0,0,0,0,0,0,0,0,0,0,0,0,0,0,0,0,0,0,0,0,0,0,0,0,0,0,0,0,0,0,0,0,0,0,0,0,0,0,0,0,0,0,0,0,0,0,0,0,0,0,0,0,0,0,0,0,0,0,0,0,0,0,0,0,0,0,0,0,0,0,0,0,0,0,0,0,0,0,0,1,9.13419685236073
Sargent County Sheriff's Office,1967-09-01,North Dakota,6307,ND04100,0,0,0,0,0,0,0,0,0,0,0,0,0,0,0,0,0,0,0,0,0,0,0,0,0,0,0,0,0,0,5,0,0,0,0,0,0,0,0,0,0,0,0,0,0,0,0,0,0,0,0,0,0,0,0,0,0,0,0,0,0,0,0,0,0,0,0,0,0,0,0,0,0,0,0,0,0,0,0,0,0,0,0,0,0,0,0,0,0,0,0,1,9.13419685236073
Sargent County Sheriff's Office,1967-10-01,North Dakota,6307,ND04100,0,0,0,0,0,0,0,0,0,0,0,0,0,0,0,0,0,0,0,0,0,0,0,0,0,0,0,0,0,0,3,0,0,0,0,0,0,0,0,0,0,0,0,0,0,0,0,0,0,0,0,0,0,0,0,0,0,0,0,0,0,0,0,0,0,0,0,0,0,0,0,0,0,0,0,0,0,0,0,0,0,0,0,0,0,0,0,0,0,0,0,1,9.13419685236073
Sargent County Sheriff's Office,1967-11-01,North Dakota,6307,ND04100,0,0,0,0,0,0,0,0,0,0,0,0,0,0,0,0,0,0,0,0,0,0,0,0,0,0,0,0,0,0,0,0,0,0,0,0,0,0,0,0,0,0,0,0,0,0,0,0,0,0,0,0,0,0,0,0,0,0,0,0,0,0,0,0,0,0,0,0,0,0,0,0,0,0,0,0,0,0,0,0,0,0,0,0,0,0,0,0,0,0,0,1,9.13419685236073
Sargent County Sheriff's Office,1967-12-01,North Dakota,6307,ND04100,0,0,0,0,0,0,0,0,0,0,0,0,0,0,0,0,0,0,0,0,0,0,0,0,0,1,0,0,0,0,0,0,0,0,0,0,0,0,0,0,0,0,0,0,0,0,0,0,0,0,0,0,0,0,0,0,0,0,0,0,0,0,0,0,0,0,0,0,0,0,0,0,0,0,0,0,0,0,0,0,0,0,0,0,0,0,0,0,0,0,0,1,9.13419685236073
Sargent County Sheriff's Office,1968-01-01,North Dakota,6085,ND04100,0,0,0,0,0,0,0,0,0,0,0,0,0,0,0,0,0,0,0,0,0,0,0,0,0,0,0,0,0,0,0,0,0,0,0,0,0,0,0,0,0,0,0,0,0,0,0,0,0,0,0,0,0,0,0,0,0,0,0,0,0,0,0,0,0,0,0,0,0,0,0,0,0,0,0,0,0,0,0,0,0,0,0,0,0,0,0,0,0,0,0,1,8.75998802108289
Sargent County Sheriff's Office,1968-02-01,North Dakota,6085,ND04100,0,0,0,0,0,0,0,0,0,0,0,0,0,0,0,0,0,0,0,0,0,0,0,0,0,1,0,0,0,0,0,0,0,0,0,0,0,0,0,0,0,0,0,0,0,0,0,0,0,0,0,0,0,0,0,0,0,0,0,0,0,0,0,0,0,0,0,0,0,0,0,0,0,0,0,0,0,0,0,0,0,0,0,0,0,0,0,0,0,0,0,1,8.75998802108289
Sargent County Sheriff's Office,1968-03-01,North Dakota,6085,ND04100,0,0,0,0,0,0,0,0,0,0,0,0,0,0,0,0,0,0,0,0,0,0,0,0,0,0,0,0,0,0,2,0,0,0,0,0,0,0,0,0,0,0,0,0,0,0,0,0,0,0,0,0,0,0,0,0,0,0,0,0,0,0,0,0,0,0,0,0,0,0,0,0,0,0,0,0,0,0,0,0,0,0,0,0,0,0,0,0,0,0,0,1,8.75998802108289
Sargent County Sheriff's Office,1968-04-01,North Dakota,6085,ND04100,0,0,0,0,0,0,0,0,0,0,0,0,0,0,0,0,0,0,0,0,0,0,0,0,0,2,1,0,0,0,0,0,0,0,0,0,0,0,0,0,0,0,0,0,0,0,0,0,0,0,0,0,0,0,0,0,0,0,0,0,0,0,0,0,0,0,0,0,0,0,0,0,0,0,0,0,0,0,0,0,0,0,0,0,0,0,0,0,0,0,0,1,8.75998802108289
Sargent County Sheriff's Office,1968-05-01,North Dakota,6085,ND04100,0,0,0,0,0,0,0,0,0,0,0,0,0,0,0,0,0,0,0,0,0,0,0,0,0,1,0,0,0,0,0,0,0,0,0,0,0,0,0,0,0,0,0,0,0,0,0,0,0,0,0,0,0,0,0,0,0,0,0,0,0,0,0,0,0,0,0,0,0,0,0,0,0,0,0,0,0,0,0,0,0,0,0,0,0,0,0,0,0,0,0,1,8.75998802108289
Sargent County Sheriff's Office,1968-06-01,North Dakota,6085,ND04100,0,0,0,0,0,0,0,0,0,0,0,0,0,0,0,0,0,0,0,0,0,0,0,0,0,0,1,0,0,0,0,0,0,0,0,0,0,0,0,0,0,0,0,0,0,0,0,0,0,0,0,0,0,0,0,0,0,0,0,0,0,0,0,0,0,0,0,0,0,0,0,0,0,0,0,0,0,0,0,0,0,0,0,0,0,0,0,0,0,0,0,1,8.75998802108289
Sargent County Sheriff's Office,1968-07-01,North Dakota,6085,ND04100,0,0,0,0,0,0,0,0,0,0,0,0,0,0,0,0,0,0,0,0,0,0,0,0,0,0,0,0,0,0,0,0,0,0,0,0,0,0,0,0,0,0,0,0,0,0,0,0,0,0,0,0,0,0,0,0,0,0,0,0,0,0,0,0,0,0,0,0,0,0,0,0,0,0,0,0,0,0,0,0,0,0,0,0,0,0,0,0,0,0,0,1,8.75998802108289
Sargent County Sheriff's Office,1968-08-01,North Dakota,6085,ND04100,0,0,0,0,0,0,0,0,0,0,0,0,0,0,0,0,0,0,0,0,0,0,0,0,1,0,1,0,0,0,0,0,0,0,0,0,0,0,0,0,0,0,0,0,0,0,0,0,0,0,0,0,0,0,0,0,0,0,0,0,0,0,0,0,0,0,0,0,0,0,0,0,0,0,0,0,0,0,0,0,0,0,0,0,0,0,0,0,0,0,0,1,8.75998802108289
Sargent County Sheriff's Office,1968-09-01,North Dakota,6085,ND04100,0,0,0,0,0,0,0,0,0,0,0,0,0,0,0,0,0,0,0,0,0,0,1,0,0,1,0,0,0,0,0,0,0,0,0,0,0,0,0,0,0,0,0,0,0,0,0,0,0,0,0,0,0,0,0,0,0,0,0,0,0,0,0,0,0,0,0,0,0,0,0,0,0,0,0,0,0,0,0,0,0,0,0,0,0,0,0,0,0,0,0,1,8.75998802108289
Sargent County Sheriff's Office,1968-10-01,North Dakota,6085,ND04100,0,0,0,0,0,0,0,0,0,0,0,0,0,0,0,0,0,0,0,0,0,0,0,0,0,0,3,0,0,0,0,0,0,0,0,0,0,0,0,0,0,0,0,0,0,0,0,0,0,0,0,0,0,0,0,0,0,0,0,0,0,0,0,0,0,0,0,0,0,0,0,0,0,0,0,0,0,0,0,0,0,0,0,0,0,0,0,0,0,0,0,1,8.75998802108289
Sargent County Sheriff's Office,1968-11-01,North Dakota,6085,ND04100,0,0,0,0,0,0,0,0,0,0,0,0,0,0,0,0,0,0,0,0,0,0,0,0,0,0,1,0,0,0,0,0,0,0,0,0,0,0,0,0,0,0,0,0,0,0,0,0,0,0,0,0,0,0,0,0,0,0,0,0,0,0,0,0,0,0,0,0,0,0,0,0,0,0,0,0,0,0,0,0,0,0,0,0,0,0,0,0,0,0,0,1,8.75998802108289
Sargent County Sheriff's Office,1968-12-01,North Dakota,6085,ND04100,0,0,0,0,0,0,0,0,0,0,0,0,0,0,0,0,0,0,0,0,0,0,0,0,0,0,0,0,0,0,0,0,0,0,0,0,0,0,0,0,0,0,0,0,0,0,0,0,0,0,0,0,0,0,0,0,0,0,0,0,0,0,0,0,0,0,0,0,0,0,0,0,0,0,0,0,0,0,0,0,0,0,0,0,0,0,0,0,0,0,0,1,8.75998802108289
Sargent County Sheriff's Office,1969-01-01,North Dakota,5862,ND04100,0,0,0,0,0,0,0,0,0,0,0,0,0,0,0,0,0,0,0,0,0,0,0,0,0,0,0,0,0,0,0,0,0,0,0,0,0,0,0,0,0,0,0,0,0,0,0,0,0,0,0,0,0,0,0,0,0,0,0,0,0,0,0,0,0,0,0,0,0,0,0,0,0,0,0,0,0,0,0,0,0,0,0,0,0,0,0,0,0,0,0,1,8.30626760563381
Sargent County Sheriff's Office,1969-02-01,North Dakota,5862,ND04100,0,0,0,0,0,0,0,0,0,0,0,0,0,0,0,0,0,0,0,0,0,0,0,0,0,7,0,0,0,0,0,0,0,0,0,0,0,0,0,0,0,0,0,0,0,0,0,0,0,0,0,0,0,0,0,0,0,0,0,0,0,0,0,0,0,0,0,0,0,0,0,0,0,0,0,0,0,0,0,0,0,0,0,0,0,0,0,0,0,0,0,1,8.30626760563381
Sargent County Sheriff's Office,1969-03-01,North Dakota,5862,ND04100,0,0,0,0,0,0,0,0,0,0,0,0,0,0,0,0,0,0,0,0,0,0,0,0,0,0,0,0,0,0,0,0,0,0,0,0,0,0,0,0,0,0,0,0,0,0,0,0,0,0,0,0,0,0,0,0,0,0,0,0,0,0,0,0,0,0,0,0,0,0,0,0,0,0,0,0,0,0,0,0,0,0,0,0,0,0,0,0,0,0,0,1,8.30626760563381
Sargent County Sheriff's Office,1969-04-01,North Dakota,5862,ND04100,0,0,0,0,0,0,0,0,0,0,0,0,0,0,0,0,0,0,0,0,0,0,0,0,0,0,1,0,0,0,0,0,0,0,0,0,0,0,0,0,0,0,0,0,0,0,0,0,0,0,0,0,0,0,0,0,0,0,0,0,0,0,0,0,0,0,0,0,0,0,0,0,0,0,0,0,0,0,0,0,0,0,0,0,0,0,0,0,0,0,0,1,8.30626760563381
Sargent County Sheriff's Office,1969-05-01,North Dakota,5862,ND04100,0,0,0,0,0,0,0,0,0,0,0,0,0,0,0,0,0,0,0,0,0,0,0,0,0,0,1,0,0,0,0,0,0,0,0,0,0,0,0,0,0,0,0,0,0,0,0,0,0,0,0,0,0,0,0,0,0,0,0,0,0,0,0,0,0,0,0,0,0,0,0,0,0,0,0,0,0,0,0,0,0,0,0,0,0,0,0,0,0,0,0,1,8.30626760563381
Sargent County Sheriff's Office,1969-06-01,North Dakota,5862,ND04100,0,0,0,0,0,0,0,0,0,0,0,0,0,0,0,0,0,0,0,0,0,0,0,0,0,0,1,0,0,0,0,0,0,0,0,0,0,0,0,0,0,0,0,0,0,0,0,0,0,0,0,0,0,0,0,0,0,0,0,0,0,0,0,0,0,0,0,0,0,0,0,0,0,0,0,0,0,0,0,0,0,0,0,0,0,0,0,0,0,0,0,1,8.30626760563381
Sargent County Sheriff's Office,1969-07-01,North Dakota,5862,ND04100,0,0,0,0,0,0,0,0,0,0,0,0,0,0,0,0,0,0,0,0,0,0,0,0,0,0,1,0,0,0,0,0,0,0,0,0,0,0,0,0,0,0,0,0,0,0,0,0,0,0,0,0,0,0,0,0,0,0,0,0,0,0,0,0,0,0,0,0,0,0,0,0,0,0,0,0,0,0,0,0,0,0,0,0,0,0,0,0,0,0,0,1,8.30626760563381
Sargent County Sheriff's Office,1969-08-01,North Dakota,5862,ND04100,0,0,0,0,0,0,0,0,0,0,0,0,0,0,0,0,0,0,0,0,0,0,0,0,0,0,1,0,0,0,0,0,0,0,0,0,0,0,0,0,0,0,0,0,0,0,0,0,0,0,0,0,0,0,0,0,0,0,0,0,0,0,0,0,0,0,0,0,0,0,0,0,0,0,0,0,0,0,0,0,0,0,0,0,0,0,0,0,0,0,0,1,8.30626760563381
Sargent County Sheriff's Office,1969-09-01,North Dakota,5862,ND04100,0,0,0,0,0,0,0,0,0,0,0,0,0,0,0,0,0,0,0,0,0,0,0,0,0,0,1,0,0,0,0,0,0,0,0,0,0,0,0,0,0,0,0,0,0,0,0,0,0,0,0,0,0,0,0,0,0,0,0,0,0,0,0,0,0,0,0,0,0,0,0,0,0,0,0,0,0,0,0,0,0,0,0,0,0,0,0,0,0,0,0,1,8.30626760563381
Sargent County Sheriff's Office,1969-10-01,North Dakota,5862,ND04100,0,0,0,0,0,0,0,0,0,0,0,0,0,0,0,0,0,0,0,0,0,0,0,0,0,0,0,0,0,1,1,0,0,0,0,0,0,0,0,0,0,0,0,0,0,0,0,0,0,0,0,0,0,0,0,0,0,0,0,0,0,0,0,0,0,0,0,0,0,0,0,0,0,0,0,0,0,0,0,0,0,0,0,0,0,0,0,0,0,0,0,1,8.30626760563381
Sargent County Sheriff's Office,1969-11-01,North Dakota,5862,ND04100,0,0,0,0,0,0,0,0,0,0,0,0,0,0,0,0,0,0,0,0,0,0,0,0,0,0,0,0,0,1,6,0,0,0,0,0,0,0,0,0,0,0,0,0,0,0,0,0,0,0,0,0,0,0,0,0,0,0,0,0,0,0,0,0,0,0,0,0,0,0,0,0,0,0,0,0,0,0,0,0,0,0,0,0,0,0,0,0,0,0,0,1,8.30626760563381
Sargent County Sheriff's Office,1969-12-01,North Dakota,5862,ND04100,0,0,0,0,0,0,0,0,0,0,0,0,0,0,0,0,0,0,0,0,0,0,0,0,0,1,0,0,0,0,0,0,0,0,0,0,0,0,0,0,0,0,0,0,0,0,0,0,0,0,0,0,0,0,0,0,0,0,0,0,0,0,0,0,0,0,0,0,0,0,0,0,0,0,0,0,0,0,0,0,0,0,0,0,0,0,0,0,0,0,0,1,8.30626760563381
Sargent County Sheriff's Office,1970-01-01,North Dakota,5937,ND04100,0,0,0,0,0,0,0,0,0,0,0,0,0,0,0,0,0,0,0,0,0,0,0,0,0,0,0,0,0,0,0,0,0,0,0,0,0,0,0,0,0,0,0,0,0,0,0,0,0,0,0,0,0,0,0,0,0,0,0,0,0,0,0,0,0,0,0,0,0,0,0,0,0,0,0,0,0,0,0,0,0,0,0,0,0,0,0,0,0,0,0,1,7.84807684052372
Sargent County Sheriff's Office,1970-02-01,North Dakota,5937,ND04100,0,0,0,0,0,0,0,0,0,0,0,0,0,0,0,0,0,0,0,0,0,0,0,0,0,0,0,0,0,0,1,0,0,0,0,0,0,0,0,0,0,0,0,0,0,0,0,0,0,0,0,0,0,0,0,0,0,0,0,0,0,0,0,0,0,0,0,0,0,0,0,0,0,0,0,0,0,0,0,0,0,0,0,0,0,0,0,0,0,0,0,1,7.84807684052372
Sargent County Sheriff's Office,1970-03-01,North Dakota,5937,ND04100,0,0,0,0,0,0,0,0,0,0,0,0,0,0,0,0,0,0,0,0,0,0,0,0,0,1,1,0,0,0,0,0,0,0,0,0,0,0,0,0,0,0,0,0,0,0,0,0,0,0,0,0,0,0,0,0,0,0,0,0,0,0,0,0,0,0,0,0,0,0,0,0,0,0,0,0,0,0,0,0,0,0,0,0,0,0,0,0,0,0,0,1,7.84807684052372
Sargent County Sheriff's Office,1970-04-01,North Dakota,5937,ND04100,0,0,0,0,0,0,0,0,0,0,0,0,0,0,0,0,0,0,0,0,0,0,0,0,0,1,0,0,0,0,2,0,0,0,0,0,0,0,0,0,0,0,0,0,0,0,0,0,0,0,0,0,0,0,0,0,0,0,0,0,0,0,0,0,0,0,0,0,0,0,0,0,0,0,0,0,0,0,0,0,0,0,0,0,0,0,0,0,0,0,0,1,7.84807684052372
Sargent County Sheriff's Office,1970-05-01,North Dakota,5937,ND04100,0,0,0,0,0,0,0,0,0,0,0,0,0,0,0,0,0,0,0,0,0,0,0,0,0,0,1,0,0,0,3,0,0,0,0,0,0,0,0,0,0,0,0,0,0,0,0,0,0,0,0,0,0,0,0,0,0,0,0,0,0,0,0,0,0,0,0,0,0,0,0,0,0,0,0,0,0,0,0,0,0,0,0,0,0,0,0,0,0,0,0,1,7.84807684052372
Sargent County Sheriff's Office,1970-06-01,North Dakota,5937,ND04100,0,0,0,0,0,0,0,0,0,0,0,0,0,0,0,0,0,0,0,0,0,0,1,0,0,0,0,0,0,0,4,0,0,0,0,0,0,0,0,0,0,0,0,0,0,0,0,0,0,0,0,0,0,0,0,0,0,0,0,0,0,0,0,0,0,0,0,0,0,0,0,0,0,0,0,0,0,0,0,0,0,0,0,0,0,0,0,0,0,0,0,1,7.84807684052372
Sargent County Sheriff's Office,1970-07-01,North Dakota,5937,ND04100,0,0,0,0,0,0,0,0,0,0,0,0,0,0,0,0,0,0,0,0,0,0,1,0,0,0,0,0,0,0,3,0,0,0,0,0,0,0,0,0,0,0,0,0,0,0,0,0,0,0,0,0,0,0,0,0,0,0,0,0,0,0,0,0,0,0,0,0,0,0,0,0,0,0,0,0,0,0,0,0,0,0,0,0,0,0,0,0,0,0,0,1,7.84807684052372
Sargent County Sheriff's Office,1970-08-01,North Dakota,5937,ND04100,0,0,0,0,0,0,0,0,0,0,0,0,0,0,0,0,0,0,0,0,0,0,0,0,0,0,0,0,0,0,1,0,0,0,0,0,0,0,0,0,0,0,0,0,0,0,0,0,0,0,0,0,0,0,0,0,0,0,0,0,0,0,0,0,0,0,0,0,0,0,0,0,0,0,0,0,0,0,0,0,0,0,0,0,0,0,0,0,0,0,0,1,7.84807684052372
Sargent County Sheriff's Office,1970-09-01,North Dakota,5937,ND04100,0,0,0,0,0,0,0,0,0,0,0,0,0,0,0,0,0,0,0,0,0,0,0,0,0,1,0,0,0,0,1,0,0,0,0,0,0,0,0,0,0,0,0,0,0,0,0,0,0,0,0,0,0,0,0,0,0,0,0,0,0,0,0,0,0,0,0,0,0,0,0,0,0,0,0,0,0,0,0,0,0,0,0,0,0,0,0,0,0,0,0,1,7.84807684052372
Sargent County Sheriff's Office,1970-10-01,North Dakota,5937,ND04100,0,0,0,0,0,0,0,0,0,0,0,0,0,0,0,0,0,0,0,0,0,0,0,0,0,0,0,0,0,0,3,0,0,0,0,0,0,0,0,0,0,0,0,0,0,0,0,0,0,0,0,0,0,0,0,0,0,0,0,0,0,0,0,0,0,0,0,0,0,0,0,0,0,0,0,0,0,0,0,0,0,0,0,0,0,0,0,0,0,0,0,1,7.84807684052372
Sargent County Sheriff's Office,1970-11-01,North Dakota,5937,ND04100,0,0,0,0,0,0,0,0,0,0,0,0,0,0,0,0,0,0,0,0,0,0,0,0,0,0,0,0,0,0,0,0,0,0,0,0,0,0,0,0,0,0,0,0,0,0,0,0,0,0,0,0,0,0,0,0,0,0,0,0,0,0,0,0,0,0,0,0,0,0,0,0,0,0,0,0,0,0,0,0,0,0,0,0,0,0,0,0,0,0,0,1,7.84807684052372
Sargent County Sheriff's Office,1970-12-01,North Dakota,5937,ND04100,0,0,0,0,0,0,0,0,0,0,0,0,0,0,0,0,0,0,0,0,0,0,0,0,0,0,0,0,0,0,2,0,0,0,0,0,0,0,0,0,0,0,0,0,0,0,0,0,0,0,0,0,0,0,0,0,0,0,0,0,0,0,0,0,0,0,0,0,0,0,0,0,0,0,0,0,0,0,0,0,0,0,0,0,0,0,0,0,0,0,0,1,7.84807684052372
Sargent County Sheriff's Office,1971-01-01,North Dakota,6097,ND04100,0,0,0,0,0,0,0,0,0,0,0,0,0,0,0,0,0,0,0,0,0,0,0,0,0,1,0,0,0,0,0,0,0,0,0,0,0,0,0,0,0,0,0,0,0,0,0,0,0,0,0,0,0,0,0,0,0,0,0,0,0,0,0,0,0,0,0,0,0,0,0,0,0,0,0,0,0,0,0,0,0,0,0,0,0,0,0,0,0,0,0,1,7.52504424778761
Sargent County Sheriff's Office,1971-02-01,North Dakota,6097,ND04100,0,0,0,0,0,0,0,0,0,0,0,0,0,0,0,0,0,0,0,0,0,0,0,0,0,0,0,0,0,0,0,0,0,0,0,0,0,0,0,0,0,0,0,0,0,0,0,0,0,0,0,0,0,0,0,0,0,0,0,0,0,0,0,0,0,0,0,0,0,0,0,0,0,0,0,0,0,0,0,0,0,0,0,0,0,0,0,0,0,0,0,1,7.52504424778761
Sargent County Sheriff's Office,1971-03-01,North Dakota,6097,ND04100,0,0,0,0,0,0,0,0,0,0,0,0,0,0,0,0,0,0,0,0,0,0,0,0,0,1,0,0,0,0,2,0,0,0,0,0,0,0,0,0,0,0,0,0,0,0,0,0,0,0,0,0,0,0,0,0,0,0,0,0,0,0,0,0,0,0,0,0,0,0,0,0,0,0,0,0,0,0,0,0,0,0,0,0,0,0,0,0,0,0,0,1,7.52504424778761
Sargent County Sheriff's Office,1971-04-01,North Dakota,6097,ND04100,0,0,0,0,0,0,0,0,0,0,0,0,0,0,0,0,0,0,0,0,0,0,0,0,0,0,0,0,0,0,3,0,0,0,0,0,0,0,0,0,0,0,0,0,0,0,0,0,0,0,0,0,0,0,0,0,0,0,0,0,0,0,0,0,0,0,0,0,0,0,0,0,0,0,0,0,0,0,0,0,0,0,0,0,0,0,0,0,0,0,0,1,7.52504424778761
Sargent County Sheriff's Office,1971-05-01,North Dakota,6097,ND04100,0,0,0,0,0,0,0,0,0,0,0,0,0,0,0,0,0,0,0,0,0,0,0,0,0,0,0,0,0,0,0,0,0,0,0,0,0,0,0,0,0,0,0,0,0,0,0,0,0,0,0,0,0,0,0,0,0,0,0,0,0,0,0,0,0,0,0,0,0,0,0,0,0,0,0,0,0,0,0,0,0,0,0,0,0,0,0,0,0,0,0,1,7.52504424778761
Sargent County Sheriff's Office,1971-06-01,North Dakota,6097,ND04100,0,0,0,0,0,0,0,0,0,0,0,0,0,0,0,0,0,0,0,0,0,0,0,0,0,0,0,0,0,0,0,0,0,0,0,0,0,0,0,0,0,0,0,0,0,0,0,0,0,0,0,0,0,0,0,0,0,0,0,0,0,0,0,0,0,0,0,0,0,0,0,0,0,0,0,0,0,0,0,0,0,0,0,0,0,0,0,0,0,0,0,1,7.52504424778761
Sargent County Sheriff's Office,1971-07-01,North Dakota,6097,ND04100,0,0,0,0,0,0,0,0,0,0,0,0,0,0,0,0,0,0,0,0,0,0,0,0,0,0,4,0,0,0,0,0,0,0,0,0,0,0,0,0,0,0,0,0,0,0,0,0,0,0,0,0,0,0,0,0,0,0,0,0,0,0,0,0,0,0,0,0,0,0,0,0,0,0,0,0,0,0,0,0,0,0,0,0,0,0,0,0,0,0,0,1,7.52504424778761
Sargent County Sheriff's Office,1971-08-01,North Dakota,6097,ND04100,0,0,0,0,0,0,0,0,0,0,0,0,0,0,0,0,0,0,0,0,0,0,0,0,0,0,0,0,0,0,0,0,0,0,0,0,0,0,0,0,0,0,0,0,0,0,0,0,0,0,0,0,0,0,0,0,0,0,0,0,0,0,0,0,0,0,0,0,0,0,0,0,0,0,0,0,0,0,0,0,0,0,0,0,0,0,0,0,0,0,0,1,7.52504424778761
Sargent County Sheriff's Office,1971-09-01,North Dakota,6097,ND04100,0,0,0,0,0,0,0,0,0,0,0,0,0,0,0,0,0,0,0,0,0,0,1,0,0,0,1,0,0,0,0,0,0,0,0,0,0,0,0,0,0,0,0,0,0,0,0,0,0,0,0,0,0,0,0,0,0,0,0,0,0,0,0,0,0,0,0,0,0,0,0,0,0,0,0,0,0,0,0,0,0,0,0,0,0,0,0,0,0,0,0,1,7.52504424778761
Sargent County Sheriff's Office,1971-10-01,North Dakota,6097,ND04100,0,0,0,0,0,0,0,0,0,0,0,0,0,0,0,0,0,0,0,0,0,0,0,0,0,0,0,0,0,0,2,0,0,0,0,0,0,0,0,0,0,0,0,0,0,0,0,0,0,0,0,0,0,0,0,0,0,0,0,0,0,0,0,0,0,0,0,0,0,0,0,0,0,0,0,0,0,0,0,0,0,0,0,0,0,0,0,0,0,0,0,1,7.52504424778761
Sargent County Sheriff's Office,1971-11-01,North Dakota,6097,ND04100,0,0,0,0,0,0,0,0,0,0,0,0,0,0,0,0,0,0,0,0,0,0,0,0,0,2,0,0,0,0,3,0,0,0,0,0,0,0,0,0,0,0,0,0,0,0,0,0,0,0,0,0,0,0,0,0,0,0,0,0,0,0,0,0,0,0,0,0,0,0,0,0,0,0,0,0,0,0,0,0,0,0,0,0,0,0,0,0,0,0,0,1,7.52504424778761
Sargent County Sheriff's Office,1971-12-01,North Dakota,6097,ND04100,0,0,0,0,0,0,0,0,0,0,0,0,0,0,0,0,0,0,0,0,0,0,0,0,0,1,1,0,0,0,0,0,0,0,0,0,0,0,0,0,0,0,0,0,0,0,0,0,0,0,0,0,0,0,0,0,0,0,0,0,0,0,0,0,0,0,0,0,0,0,0,0,0,0,0,0,0,0,0,0,0,0,0,0,0,0,0,0,0,0,0,1,7.52504424778761
Sargent County Sheriff's Office,1972-01-01,North Dakota,5784,ND04100,0,0,0,0,0,0,0,0,0,0,0,0,0,0,0,0,0,0,0,0,0,0,0,0,0,2,1,0,0,0,0,0,0,0,0,0,0,0,0,0,0,0,0,0,0,0,0,0,0,0,0,0,0,0,0,0,0,0,0,0,0,0,0,0,0,0,0,0,0,0,0,0,0,0,0,0,0,0,0,0,0,0,0,0,0,0,0,0,0,0,0,1,7.28660621761658
Sargent County Sheriff's Office,1972-02-01,North Dakota,5784,ND04100,0,0,0,0,0,0,0,0,0,0,0,0,0,0,0,0,0,0,0,0,0,0,0,0,0,0,0,0,0,0,0,0,0,0,0,0,0,0,0,0,0,0,0,0,0,0,0,0,0,0,0,0,0,0,0,0,0,0,0,0,0,0,0,0,0,0,0,0,0,0,0,0,0,0,0,0,0,0,0,0,0,0,0,0,0,0,0,0,0,0,0,1,7.28660621761658
Sargent County Sheriff's Office,1972-03-01,North Dakota,5784,ND04100,0,0,0,0,0,0,0,0,0,0,0,0,0,0,0,0,0,0,0,0,0,0,0,0,0,0,0,0,0,0,0,0,0,0,0,0,0,0,0,0,0,0,0,0,0,0,0,0,0,0,0,0,0,0,0,0,0,0,0,0,0,0,0,0,0,0,0,0,0,0,0,0,0,0,0,0,0,0,0,0,0,0,0,0,0,0,0,0,0,0,0,1,7.28660621761658
Sargent County Sheriff's Office,1972-04-01,North Dakota,5784,ND04100,0,0,0,0,0,0,0,0,0,0,0,0,0,0,0,0,0,0,0,0,0,0,0,0,0,1,0,0,0,0,6,0,0,0,0,0,0,0,0,0,0,0,0,0,0,0,0,0,0,0,0,0,0,0,0,0,0,0,0,0,0,0,0,0,0,0,0,0,0,0,0,0,0,0,0,0,0,0,0,0,0,0,0,0,0,0,0,0,0,0,0,1,7.28660621761658
Sargent County Sheriff's Office,1972-05-01,North Dakota,5784,ND04100,0,0,0,0,0,0,0,0,0,0,0,0,0,0,0,0,0,0,0,0,0,0,0,0,0,1,2,0,0,0,1,0,0,0,0,0,0,0,0,0,0,0,0,0,0,0,0,0,0,0,0,0,0,0,0,0,0,0,0,0,0,0,0,0,0,0,0,0,0,0,0,0,0,0,0,0,0,0,0,0,0,0,0,0,0,0,0,0,0,0,0,1,7.28660621761658
Sargent County Sheriff's Office,1972-06-01,North Dakota,5784,ND04100,0,0,0,0,0,0,0,0,0,0,0,0,0,0,0,0,0,0,0,0,0,0,0,0,0,0,0,0,0,0,0,0,0,0,0,0,0,0,0,0,0,0,0,0,0,0,0,0,0,0,0,0,0,0,0,0,0,0,0,0,0,0,0,0,0,0,0,0,0,0,0,0,0,0,0,0,0,0,0,0,0,0,0,0,0,0,0,0,0,0,0,1,7.28660621761658
Sargent County Sheriff's Office,1972-07-01,North Dakota,5784,ND04100,0,0,0,0,0,0,0,0,0,0,0,0,0,0,0,0,0,0,0,0,0,0,0,0,0,1,0,0,0,0,2,0,0,0,0,0,0,0,0,0,0,0,0,0,0,0,0,0,0,0,0,0,0,0,0,0,0,0,0,0,0,0,0,0,0,0,0,0,0,0,0,0,0,0,0,0,0,0,0,0,0,0,0,0,0,0,0,0,0,0,0,1,7.28660621761658
Sargent County Sheriff's Office,1972-08-01,North Dakota,5784,ND04100,0,0,0,0,0,0,0,0,0,0,0,0,0,0,0,0,0,0,0,0,0,0,0,0,0,1,0,0,0,0,0,0,0,0,0,0,0,0,0,0,0,0,0,0,0,0,0,0,0,0,0,0,0,0,0,0,0,0,0,0,0,0,0,0,0,0,0,0,0,0,0,0,0,0,0,0,0,0,0,0,0,0,0,0,0,0,0,0,0,0,0,1,7.28660621761658
Sargent County Sheriff's Office,1972-09-01,North Dakota,5784,ND04100,0,0,0,0,0,0,0,0,0,0,0,0,0,0,0,0,0,0,0,0,0,0,5,0,0,0,0,2,0,0,0,0,0,0,0,0,0,0,0,0,0,0,0,0,0,0,0,0,0,0,0,0,0,0,0,0,0,0,0,0,0,0,0,0,0,0,0,0,0,0,0,0,0,0,0,0,0,0,0,0,0,0,0,0,0,0,0,0,0,0,0,1,7.28660621761658
Sargent County Sheriff's Office,1972-10-01,North Dakota,5784,ND04100,0,0,0,0,0,0,0,0,0,0,0,0,0,0,0,0,0,0,0,0,0,0,1,0,0,0,0,0,0,0,3,0,0,0,0,0,0,0,0,0,0,0,0,0,0,0,0,0,0,0,0,0,0,0,0,0,0,0,0,0,0,0,0,0,0,0,0,0,0,0,0,0,0,0,0,0,0,0,0,0,0,0,0,0,0,0,0,0,0,0,0,1,7.28660621761658
Sargent County Sheriff's Office,1972-11-01,North Dakota,5784,ND04100,0,0,0,0,0,0,0,0,0,0,0,0,0,0,0,0,0,0,0,0,0,0,0,0,0,1,0,0,0,0,1,0,0,0,0,0,0,0,0,0,0,0,0,0,0,0,0,0,0,0,0,0,0,0,0,0,0,0,0,0,0,0,0,0,0,0,0,0,0,0,0,0,0,0,0,0,0,0,0,0,0,0,0,0,0,0,0,0,0,0,0,1,7.28660621761658
Sargent County Sheriff's Office,1972-12-01,North Dakota,5784,ND04100,0,0,0,0,0,0,0,0,0,0,0,0,0,0,0,0,0,0,0,0,0,0,5,0,0,0,0,0,0,0,2,0,0,0,0,0,0,0,0,0,0,0,0,0,0,0,0,0,0,0,0,0,0,0,0,0,0,0,0,0,0,0,0,0,0,0,0,0,0,0,0,0,0,0,0,0,0,0,0,0,0,0,0,0,0,0,0,0,0,0,0,1,7.28660621761658
Sargent County Sheriff's Office,1973-01-01,North Dakota,5960,ND04100,0,0,0,0,0,0,0,0,0,0,0,0,0,0,0,0,0,0,0,0,0,0,0,0,0,0,0,0,0,0,2,0,0,0,0,0,0,0,0,0,0,0,0,0,0,0,0,0,0,0,0,0,0,0,0,0,0,0,0,0,0,0,0,0,0,0,0,0,0,0,0,0,0,0,0,0,0,0,0,0,0,0,0,0,0,0,0,0,0,0,0,1,6.86264827327328
Sargent County Sheriff's Office,1973-02-01,North Dakota,5960,ND04100,0,0,1,0,1,0,2,0,0,0,0,0,0,0,0,0,0,0,0,0,2,2,1,0,0,1,0,0,0,0,0,0,0,0,0,0,0,3431,686,0,0,4118,0,0,0,0,0,0,0,0,0,0,0,0,0,755,755,4872,343,0,0,412,0,0,0,0,0,0,0,686,0,0,0,0,0,4186,0,0,4872,0,0,0,0,0,0,0,0,0,0,0,0,1,6.86264827327328
Sargent County Sheriff's Office,1973-03-01,North Dakota,5960,ND04100,0,0,0,0,0,0,0,1,0,0,0,0,0,0,0,0,0,0,0,0,1,1,0,0,0,0,0,0,0,0,1,0,0,0,0,0,0,0,0,0,0,0,3431,0,0,0,0,0,0,0,0,0,0,0,0,1098,1098,4529,0,0,0,0,0,0,0,0,1098,0,0,1098,0,0,0,0,3431,0,0,0,4529,0,0,0,0,0,0,0,0,0,0,0,0,1,6.86264827327328
Sargent County Sheriff's Office,1973-04-01,North Dakota,5960,ND04100,0,0,0,0,0,0,0,0,0,0,0,0,0,0,0,0,0,0,0,0,5,5,2,0,0,0,0,0,0,0,3,1,0,1,0,0,0,0,0,0,0,0,0,0,0,0,0,0,0,0,0,0,0,0,0,6176,6176,6176,2402,0,0,0,0,0,0,0,3774,0,0,0,0,0,0,0,0,6176,0,0,6176,0,0,0,0,0,0,0,6863,0,0,0,6863,1,6.86264827327328
Sargent County Sheriff's Office,1973-05-01,North Dakota,5960,ND04100,0,0,0,0,0,0,0,0,0,0,0,0,0,0,0,0,0,0,0,1,3,4,0,0,0,1,0,0,0,0,3,0,0,0,0,0,0,0,0,0,0,0,0,0,0,0,0,0,0,0,0,0,0,0,137,17843,17980,17980,0,0,0,137,0,0,0,0,17843,0,0,0,0,0,0,0,0,17980,0,0,17980,0,0,0,0,0,0,0,0,0,0,0,0,1,6.86264827327328
Sargent County Sheriff's Office,1973-06-01,North Dakota,5960,ND04100,0,0,0,0,0,0,0,0,0,0,0,0,0,0,0,0,0,0,0,0,0,0,0,0,0,0,0,0,0,0,4,0,0,0,0,0,0,0,0,0,0,0,0,0,0,0,0,0,0,0,0,0,0,0,0,0,0,0,0,0,0,0,0,0,0,0,0,0,0,0,0,0,0,0,0,0,0,0,0,0,0,0,0,0,0,0,0,0,0,0,0,1,6.86264827327328
Sargent County Sheriff's Office,1973-07-01,North Dakota,5960,ND04100,0,0,0,0,0,0,0,0,0,0,0,0,0,0,0,0,0,0,0,0,4,4,0,0,0,4,0,0,0,0,0,0,0,0,0,0,0,0,0,0,0,0,0,0,0,0,0,0,0,0,0,0,0,0,0,3020,3020,3020,0,0,0,3020,0,0,0,0,0,0,0,0,0,0,0,0,0,3020,0,0,3020,0,0,0,0,0,0,0,0,0,0,0,0,1,6.86264827327328
Sargent County Sheriff's Office,1973-08-01,North Dakota,5960,ND04100,0,0,0,0,0,1,1,0,0,0,0,0,0,0,0,0,0,0,0,0,4,4,0,0,0,0,0,0,0,0,4,0,0,0,0,0,0,0,0,0,686,686,0,0,0,0,0,0,0,0,0,0,0,0,0,36029,36029,36715,0,0,0,0,0,0,0,0,36029,0,0,0,0,0,0,0,0,36715,0,0,36715,0,0,0,0,0,0,0,0,3088,0,0,3088,1,6.86264827327328
Sargent County Sheriff's Office,1973-09-01,North Dakota,5960,ND04100,0,0,0,0,0,0,0,0,0,0,0,0,0,0,0,0,0,0,0,0,0,0,0,0,0,1,0,0,0,0,2,0,0,0,0,0,0,0,0,0,0,0,0,0,0,0,0,0,0,0,0,0,0,0,0,0,0,0,0,0,0,0,0,0,0,0,0,0,0,0,0,0,0,0,0,0,0,0,0,0,0,0,0,0,0,0,0,0,0,0,0,1,6.86264827327328
Sargent County Sheriff's Office,1973-10-01,North Dakota,5960,ND04100,0,0,0,0,0,0,0,0,0,0,0,0,0,0,0,0,0,0,0,0,7,7,0,0,0,0,0,0,0,0,7,0,0,0,0,0,0,0,0,0,0,0,0,0,0,0,0,0,0,0,0,0,0,0,0,16470,16470,16470,0,0,0,0,0,0,0,0,16470,0,0,0,0,0,0,0,0,16470,0,0,16470,0,0,0,0,0,0,0,0,2745,0,0,2745,1,6.86264827327328
Sargent County Sheriff's Office,1973-11-01,North Dakota,5960,ND04100,0,0,0,0,0,0,0,0,0,0,0,0,0,0,0,0,0,0,0,0,0,0,0,0,0,0,0,0,0,0,11,0,0,0,0,0,0,0,0,0,0,0,0,0,0,0,0,0,0,0,0,0,0,0,0,0,0,0,0,0,0,0,0,0,0,0,0,0,0,0,0,0,0,0,0,0,0,0,0,0,0,0,0,0,0,0,0,0,0,0,0,1,6.86264827327328
Sargent County Sheriff's Office,1973-12-01,North Dakota,5960,ND04100,0,0,0,0,0,0,0,0,0,0,0,0,0,0,0,0,0,0,0,0,0,0,0,0,0,0,0,0,0,0,0,0,0,0,0,0,0,0,0,0,0,0,0,0,0,0,0,0,0,0,0,0,0,0,0,0,0,0,0,0,0,0,0,0,0,0,0,0,0,0,0,0,0,0,0,0,0,0,0,0,0,0,0,0,0,0,0,0,0,0,0,1,6.86264827327328
Sargent County Sheriff's Office,1974-01-01,North Dakota,6047,ND04100,0,0,0,0,1,0,1,0,0,0,0,0,0,0,0,0,0,0,0,0,0,0,0,0,0,0,0,0,0,0,0,0,0,0,0,0,0,0,3090,0,0,3090,0,0,0,0,0,0,0,0,0,0,0,0,0,0,0,3090,0,0,0,0,0,0,0,0,0,0,0,0,0,0,0,0,0,3090,0,0,3090,0,0,0,0,0,0,0,0,3090,0,0,3090,1,6.17951495690384
Sargent County Sheriff's Office,1974-02-01,North Dakota,6047,ND04100,0,0,0,0,0,0,0,0,0,0,0,0,0,0,0,0,0,0,0,0,0,0,0,0,0,0,0,0,0,0,0,0,0,0,0,0,0,0,0,0,0,0,0,0,0,0,0,0,0,0,0,0,0,0,0,0,0,0,0,0,0,0,0,0,0,0,0,0,0,0,0,0,0,0,0,0,0,0,0,0,0,0,0,0,0,0,0,0,0,0,0,1,6.17951495690384
Sargent County Sheriff's Office,1974-03-01,North Dakota,6047,ND04100,0,0,0,0,0,0,0,0,0,0,0,0,0,0,0,0,0,0,0,0,0,0,0,0,0,0,0,0,0,0,0,0,0,0,0,0,0,0,0,0,0,0,0,0,0,0,0,0,0,0,0,0,0,0,0,0,0,0,0,0,0,0,0,0,0,0,0,0,0,0,0,0,0,0,0,0,0,0,0,0,0,0,0,0,0,0,0,0,0,0,0,1,6.17951495690384
Sargent County Sheriff's Office,1974-04-01,North Dakota,6047,ND04100,0,0,0,0,0,0,0,0,0,0,0,0,0,0,0,0,0,0,0,0,0,0,0,0,0,0,0,0,0,0,0,0,0,0,0,0,0,0,0,0,0,0,0,0,0,0,0,0,0,0,0,0,0,0,0,0,0,0,0,0,0,0,0,0,0,0,0,0,0,0,0,0,0,0,0,0,0,0,0,0,0,0,0,0,0,0,0,0,0,0,0,1,6.17951495690384
Sargent County Sheriff's Office,1974-05-01,North Dakota,6047,ND04100,0,0,0,0,0,0,0,0,0,0,0,0,0,0,0,0,0,0,0,0,0,0,0,0,0,0,0,0,0,0,0,0,0,0,0,0,0,0,0,0,0,0,0,0,0,0,0,0,0,0,0,0,0,0,0,0,0,0,0,0,0,0,0,0,0,0,0,0,0,0,0,0,0,0,0,0,0,0,0,0,0,0,0,0,0,0,0,0,0,0,0,1,6.17951495690384
Sargent County Sheriff's Office,1974-06-01,North Dakota,6047,ND04100,0,0,0,0,0,0,0,0,0,0,0,0,0,0,0,0,0,0,0,0,0,0,0,0,0,0,0,0,0,0,0,0,0,0,0,0,0,0,0,0,0,0,0,0,0,0,0,0,0,0,0,0,0,0,0,0,0,0,0,0,0,0,0,0,0,0,0,0,0,0,0,0,0,0,0,0,0,0,0,0,0,0,0,0,0,0,0,0,0,0,0,1,6.17951495690384
Sargent County Sheriff's Office,1974-07-01,North Dakota,6047,ND04100,0,0,0,0,0,0,0,0,0,0,0,0,0,0,0,0,0,0,0,0,0,0,0,0,0,0,0,0,0,0,0,0,0,0,0,0,0,0,0,0,0,0,0,0,0,0,0,0,0,0,0,0,0,0,0,0,0,0,0,0,0,0,0,0,0,0,0,0,0,0,0,0,0,0,0,0,0,0,0,0,0,0,0,0,0,0,0,0,0,0,0,1,6.17951495690384
Sargent County Sheriff's Office,1974-08-01,North Dakota,6047,ND04100,0,0,0,0,0,0,0,0,0,0,0,0,0,0,0,0,0,0,0,0,0,0,0,0,0,0,0,0,0,0,0,0,0,0,0,0,0,0,0,0,0,0,0,0,0,0,0,0,0,0,0,0,0,0,0,0,0,0,0,0,0,0,0,0,0,0,0,0,0,0,0,0,0,0,0,0,0,0,0,0,0,0,0,0,0,0,0,0,0,0,0,1,6.17951495690384
Sargent County Sheriff's Office,1974-09-01,North Dakota,6047,ND04100,0,0,0,0,0,0,0,0,0,0,0,0,0,0,0,0,0,0,0,0,0,0,0,0,0,0,0,0,0,0,0,0,0,0,0,0,0,0,0,0,0,0,0,0,0,0,0,0,0,0,0,0,0,0,0,0,0,0,0,0,0,0,0,0,0,0,0,0,0,0,0,0,0,0,0,0,0,0,0,0,0,0,0,0,0,0,0,0,0,0,0,1,6.17951495690384
Sargent County Sheriff's Office,1974-10-01,North Dakota,6047,ND04100,0,0,0,0,0,0,0,0,0,0,0,0,0,0,0,0,0,0,0,0,0,0,0,0,0,0,0,0,0,0,0,0,0,0,0,0,0,0,0,0,0,0,0,0,0,0,0,0,0,0,0,0,0,0,0,0,0,0,0,0,0,0,0,0,0,0,0,0,0,0,0,0,0,0,0,0,0,0,0,0,0,0,0,0,0,0,0,0,0,0,0,1,6.17951495690384
Sargent County Sheriff's Office,1974-11-01,North Dakota,6047,ND04100,0,0,0,0,0,0,0,0,0,0,0,0,0,0,0,0,0,0,0,0,0,0,0,0,0,0,0,0,0,0,0,0,0,0,0,0,0,0,0,0,0,0,0,0,0,0,0,0,0,0,0,0,0,0,0,0,0,0,0,0,0,0,0,0,0,0,0,0,0,0,0,0,0,0,0,0,0,0,0,0,0,0,0,0,0,0,0,0,0,0,0,1,6.17951495690384
Sargent County Sheriff's Office,1974-12-01,North Dakota,6047,ND04100,0,0,0,0,0,0,0,0,0,0,0,0,0,0,0,0,0,0,0,0,0,0,0,0,0,0,0,0,0,0,0,0,0,0,0,0,0,0,0,0,0,0,0,0,0,0,0,0,0,0,0,0,0,0,0,0,0,0,0,0,0,0,0,0,0,0,0,0,0,0,0,0,0,0,0,0,0,0,0,0,0,0,0,0,0,0,0,0,0,0,0,1,6.17951495690384
Sargent County Sheriff's Office,1975-01-01,North Dakota,5966,ND04100,0,0,0,0,0,0,0,0,0,0,0,0,0,0,0,0,0,0,0,0,0,0,0,0,0,0,0,0,0,0,0,0,0,0,0,0,0,0,0,0,0,0,0,0,0,0,0,0,0,0,0,0,0,0,0,0,0,0,0,0,0,0,0,0,0,0,0,0,0,0,0,0,0,0,0,0,0,0,0,0,0,0,0,0,0,0,0,0,0,0,0,1,5.66184422421803
Sargent County Sheriff's Office,1975-02-01,North Dakota,5966,ND04100,0,0,0,0,0,0,0,0,0,0,0,0,0,0,0,0,0,0,0,0,0,0,0,0,0,0,0,0,0,0,0,0,0,0,0,0,0,0,0,0,0,0,0,0,0,0,0,0,0,0,0,0,0,0,0,0,0,0,0,0,0,0,0,0,0,0,0,0,0,0,0,0,0,0,0,0,0,0,0,0,0,0,0,0,0,0,0,0,0,0,0,1,5.66184422421803
Sargent County Sheriff's Office,1975-03-01,North Dakota,5966,ND04100,0,0,0,0,1,0,1,0,0,0,0,0,0,0,0,0,0,0,0,0,0,0,0,0,0,0,0,0,0,0,0,0,0,0,0,0,0,0,193,0,0,193,0,0,0,0,0,0,0,0,0,0,0,0,0,0,0,193,0,0,0,0,0,0,0,0,0,0,193,0,0,0,0,0,0,0,0,0,193,0,0,0,0,0,0,0,0,0,0,0,0,1,5.66184422421803
Sargent County Sheriff's Office,1975-04-01,North Dakota,5966,ND04100,0,0,0,0,0,0,0,0,0,0,0,0,0,0,0,0,0,0,0,0,0,0,0,0,0,0,0,0,0,0,0,0,0,0,0,0,0,0,0,0,0,0,0,0,0,0,0,0,0,0,0,0,0,0,0,0,0,0,0,0,0,0,0,0,0,0,0,0,0,0,0,0,0,0,0,0,0,0,0,0,0,0,0,0,0,0,0,0,0,0,0,1,5.66184422421803
Sargent County Sheriff's Office,1975-05-01,North Dakota,5966,ND04100,0,0,0,0,0,0,0,0,0,0,0,0,0,0,0,0,0,0,2,0,0,2,0,0,0,0,2,0,0,0,0,0,0,0,0,0,0,0,0,0,0,0,0,0,0,0,0,0,0,0,0,0,0,209,0,0,209,209,0,0,0,0,209,0,0,0,0,0,0,0,0,0,0,0,0,209,0,0,209,0,0,0,0,0,0,0,0,0,0,0,0,1,5.66184422421803
Sargent County Sheriff's Office,1975-06-01,North Dakota,5966,ND04100,0,0,0,0,0,0,0,0,0,0,0,0,0,0,0,0,0,0,0,0,0,0,0,0,0,0,0,0,0,0,0,0,0,0,0,0,0,0,0,0,0,0,0,0,0,0,0,0,0,0,0,0,0,0,0,0,0,0,0,0,0,0,0,0,0,0,0,0,0,0,0,0,0,0,0,0,0,0,0,0,0,0,0,0,0,0,0,0,0,0,0,1,5.66184422421803
Sargent County Sheriff's Office,1975-07-01,North Dakota,5966,ND04100,0,0,0,0,0,0,0,0,0,0,0,0,0,0,0,0,0,0,0,0,0,0,0,0,0,0,0,0,0,0,0,0,0,0,0,0,0,0,0,0,0,0,0,0,0,0,0,0,0,0,0,0,0,0,0,0,0,0,0,0,0,0,0,0,0,0,0,0,0,0,0,0,0,0,0,0,0,0,0,0,0,0,0,0,0,0,0,0,0,0,0,1,5.66184422421803
Sargent County Sheriff's Office,1975-08-01,North Dakota,5966,ND04100,0,0,0,0,0,0,0,0,0,0,0,0,0,0,0,0,0,0,0,0,0,0,0,0,0,0,0,0,0,0,0,0,0,0,0,0,0,0,0,0,0,0,0,0,0,0,0,0,0,0,0,0,0,0,0,0,0,0,0,0,0,0,0,0,0,0,0,0,0,0,0,0,0,0,0,0,0,0,0,0,0,0,0,0,0,0,0,0,0,0,0,1,5.66184422421803
Sargent County Sheriff's Office,1975-09-01,North Dakota,5966,ND04100,0,0,0,0,0,0,0,0,0,0,0,0,0,0,0,0,0,0,0,2,0,2,0,0,0,0,2,0,0,0,0,0,0,0,0,0,0,0,0,0,0,0,0,0,0,0,0,0,0,0,0,0,0,0,425,0,425,425,0,0,0,0,425,0,0,0,0,0,0,0,0,0,0,0,0,425,0,0,425,0,0,0,0,0,0,0,0,425,0,0,425,1,5.66184422421803
Sargent County Sheriff's Office,1975-10-01,North Dakota,5966,ND04100,0,0,0,0,0,0,0,0,0,0,0,0,0,0,0,0,0,0,0,0,0,0,0,0,0,0,0,0,0,0,0,0,0,0,0,0,0,0,0,0,0,0,0,0,0,0,0,0,0,0,0,0,0,0,0,0,0,0,0,0,0,0,0,0,0,0,0,0,0,0,0,0,0,0,0,0,0,0,0,0,0,0,0,0,0,0,0,0,0,0,0,1,5.66184422421803
Sargent County Sheriff's Office,1975-11-01,North Dakota,5966,ND04100,0,0,0,0,0,0,0,0,0,0,0,0,0,0,0,0,0,0,0,0,0,0,0,0,0,0,0,0,0,0,0,0,0,0,0,0,0,0,0,0,0,0,0,0,0,0,0,0,0,0,0,0,0,0,0,0,0,0,0,0,0,0,0,0,0,0,0,0,0,0,0,0,0,0,0,0,0,0,0,0,0,0,0,0,0,0,0,0,0,0,0,1,5.66184422421803
Sargent County Sheriff's Office,1975-12-01,North Dakota,5966,ND04100,0,0,0,0,0,0,0,0,0,0,0,0,0,0,0,0,0,0,0,0,0,0,0,0,0,0,0,0,0,0,0,0,0,0,0,0,0,0,0,0,0,0,0,0,0,0,0,0,0,0,0,0,0,0,0,0,0,0,0,0,0,0,0,0,0,0,0,0,0,0,0,0,0,0,0,0,0,0,0,0,0,0,0,0,0,0,0,0,0,0,0,1,5.66184422421803
Sargent County Sheriff's Office,1976-01-01,North Dakota,6117,ND04100,0,0,0,0,0,0,0,0,0,0,0,0,0,0,0,0,0,0,0,0,0,0,0,0,0,0,0,0,0,0,0,0,0,0,0,0,0,0,0,0,0,0,0,0,0,0,0,0,0,0,0,0,0,0,0,0,0,0,0,0,0,0,0,0,0,0,0,0,0,0,0,0,0,0,0,0,0,0,0,0,0,0,0,0,0,0,0,0,0,0,0,1,5.35425245277493
Sargent County Sheriff's Office,1976-02-01,North Dakota,6117,ND04100,0,0,0,0,0,0,0,0,0,0,0,0,0,0,0,0,0,0,0,1,0,1,1,0,0,0,0,0,0,0,0,0,0,0,0,0,0,0,0,0,0,0,0,0,0,0,0,0,0,0,0,0,0,0,803,0,803,803,803,0,0,0,0,0,0,0,0,0,803,0,0,0,0,0,0,0,0,0,803,0,803,0,0,0,0,0,0,0,0,0,803,1,5.35425245277493
Sargent County Sheriff's Office,1976-03-01,North Dakota,6117,ND04100,0,0,0,0,0,0,0,0,0,0,0,0,0,0,0,0,0,0,0,0,0,0,0,0,0,0,0,0,0,0,0,0,0,0,0,0,0,0,0,0,0,0,0,0,0,0,0,0,0,0,0,0,0,0,0,0,0,0,0,0,0,0,0,0,0,0,0,0,0,0,0,0,0,0,0,0,0,0,0,0,0,0,0,0,0,0,0,0,0,0,0,1,5.35425245277493
Sargent County Sheriff's Office,1976-04-01,North Dakota,6117,ND04100,0,0,0,0,2,0,2,0,0,0,0,0,0,0,0,0,0,0,0,0,0,0,0,0,0,0,0,0,0,0,0,0,0,0,0,0,0,0,2035,0,0,2035,0,0,0,0,0,0,0,0,0,0,0,0,0,0,0,2035,0,0,0,0,0,0,0,0,0,0,0,0,0,0,0,0,0,2035,0,0,2035,0,0,0,0,0,0,0,0,0,0,0,0,1,5.35425245277493
Sargent County Sheriff's Office,1976-05-01,North Dakota,6117,ND04100,0,0,0,0,0,0,0,0,0,0,0,0,0,0,0,0,0,0,0,0,0,0,0,0,0,0,0,0,0,0,0,0,0,0,0,0,0,0,0,0,0,0,0,0,0,0,0,0,0,0,0,0,0,0,0,0,0,0,0,0,0,0,0,0,0,0,0,0,0,0,0,0,0,0,0,0,0,0,0,0,0,0,0,0,0,0,0,0,0,0,0,1,5.35425245277493
Sargent County Sheriff's Office,1976-06-01,North Dakota,6117,ND04100,0,0,0,0,0,0,0,0,0,0,0,0,0,0,0,0,0,0,0,0,0,0,0,0,0,0,0,0,0,0,0,0,0,0,0,0,0,0,0,0,0,0,0,0,0,0,0,0,0,0,0,0,0,0,0,0,0,0,0,0,0,0,0,0,0,0,0,0,0,0,0,0,0,0,0,0,0,0,0,0,0,0,0,0,0,0,0,0,0,0,0,1,5.35425245277493
Sargent County Sheriff's Office,1976-07-01,North Dakota,6117,ND04100,0,0,0,1,0,0,1,0,0,0,0,0,0,0,0,0,0,0,0,0,0,0,0,0,0,0,0,0,0,0,0,0,0,0,0,0,0,0,0,187,0,187,0,0,0,0,0,0,0,0,0,0,0,0,0,0,0,187,0,0,0,0,0,0,0,0,0,187,0,0,0,0,0,0,0,0,0,0,187,187,0,0,0,0,0,0,0,0,0,0,187,1,5.35425245277493
Sargent County Sheriff's Office,1976-08-01,North Dakota,6117,ND04100,0,0,0,0,0,0,0,0,0,0,0,0,0,0,0,0,0,0,0,0,0,0,0,0,0,0,0,0,0,0,0,0,0,0,0,0,0,0,0,0,0,0,0,0,0,0,0,0,0,0,0,0,0,0,0,0,0,0,0,0,0,0,0,0,0,0,0,0,0,0,0,0,0,0,0,0,0,0,0,0,0,0,0,0,0,0,0,0,0,0,0,1,5.35425245277493
Sargent County Sheriff's Office,1976-09-01,North Dakota,6117,ND04100,0,0,0,0,1,0,1,0,0,0,0,0,0,0,0,0,0,0,0,0,0,0,0,0,0,0,0,0,0,0,0,0,0,0,0,0,0,0,11726,0,0,11726,0,0,0,0,0,0,0,0,0,0,0,0,0,0,0,11726,0,0,0,0,0,0,0,0,0,0,11726,0,0,0,0,0,0,0,0,0,11726,0,11726,0,0,0,0,0,0,0,0,0,11726,1,5.35425245277493
Sargent County Sheriff's Office,1976-10-01,North Dakota,6117,ND04100,0,0,0,0,0,0,0,0,0,0,0,0,0,0,0,0,0,0,0,0,0,0,0,0,0,0,0,0,0,0,0,0,0,0,0,0,0,0,0,0,0,0,0,0,0,0,0,0,0,0,0,0,0,0,0,0,0,0,0,0,0,0,0,0,0,0,0,0,0,0,0,0,0,0,0,0,0,0,0,0,0,0,0,0,0,0,0,0,0,0,0,1,5.35425245277493
Sargent County Sheriff's Office,1976-11-01,North Dakota,6117,ND04100,0,0,0,0,0,0,0,0,0,0,0,0,0,0,0,0,0,0,0,0,0,0,0,0,0,0,0,0,0,0,0,0,0,0,0,0,0,0,0,0,0,0,0,0,0,0,0,0,0,0,0,0,0,0,0,0,0,0,0,0,0,0,0,0,0,0,0,0,0,0,0,0,0,0,0,0,0,0,0,0,0,0,0,0,0,0,0,0,0,0,0,1,5.35425245277493
Sargent County Sheriff's Office,1976-12-01,North Dakota,6117,ND04100,0,0,0,0,0,0,0,0,0,0,0,0,0,0,0,0,0,0,0,0,0,0,0,0,0,0,0,0,0,0,0,0,0,0,0,0,0,0,0,0,0,0,0,0,0,0,0,0,0,0,0,0,0,0,0,0,0,0,0,0,0,0,0,0,0,0,0,0,0,0,0,0,0,0,0,0,0,0,0,0,0,0,0,0,0,0,0,0,0,0,0,1,5.35425245277493
Sargent County Sheriff's Office,1977-01-01,North Dakota,6164,ND04100,0,0,0,0,0,0,0,0,0,0,0,0,0,0,0,0,0,0,0,0,0,0,0,0,0,0,0,0,0,0,0,0,0,0,0,0,0,0,0,0,0,0,0,0,0,0,0,0,0,0,0,0,0,0,0,0,0,0,0,0,0,0,0,0,0,0,0,0,0,0,0,0,0,0,0,0,0,0,0,0,0,0,0,0,0,0,0,0,0,0,0,1,5.02738759796508
Sargent County Sheriff's Office,1977-02-01,North Dakota,6164,ND04100,0,0,0,0,0,0,0,0,0,0,0,0,0,0,0,0,0,0,0,0,0,0,0,0,0,0,0,0,0,0,0,0,0,0,0,0,0,0,0,0,0,0,0,0,0,0,0,0,0,0,0,0,0,0,0,0,0,0,0,0,0,0,0,0,0,0,0,0,0,0,0,0,0,0,0,0,0,0,0,0,0,0,0,0,0,0,0,0,0,0,0,1,5.02738759796508
Sargent County Sheriff's Office,1977-03-01,North Dakota,6164,ND04100,0,0,0,0,0,0,0,0,0,0,0,0,0,0,0,0,0,0,0,0,0,0,0,0,0,0,0,0,0,0,0,0,0,0,0,0,0,0,0,0,0,0,0,0,0,0,0,0,0,0,0,0,0,0,0,0,0,0,0,0,0,0,0,0,0,0,0,0,0,0,0,0,0,0,0,0,0,0,0,0,0,0,0,0,0,0,0,0,0,0,0,1,5.02738759796508
Sargent County Sheriff's Office,1977-04-01,North Dakota,6164,ND04100,0,0,0,0,0,0,0,0,0,0,0,0,0,0,0,0,0,0,0,0,0,0,0,0,0,0,0,0,0,0,0,0,0,0,0,0,0,0,0,0,0,0,0,0,0,0,0,0,0,0,0,0,0,0,0,0,0,0,0,0,0,0,0,0,0,0,0,0,0,0,0,0,0,0,0,0,0,0,0,0,0,0,0,0,0,0,0,0,0,0,0,1,5.02738759796508
Sargent County Sheriff's Office,1977-05-01,North Dakota,6164,ND04100,0,2,3,0,0,0,5,1,0,0,0,0,0,0,0,0,0,0,0,0,0,0,0,0,0,0,0,0,0,0,0,0,0,0,0,2086,0,5781,0,0,0,7868,30164,0,0,0,0,0,0,0,0,0,0,0,0,0,0,38032,0,0,0,0,0,0,0,0,0,0,0,0,1131,0,0,0,30164,2262,0,4474,38032,0,0,0,0,0,0,0,0,0,0,0,0,1,5.02738759796508
Sargent County Sheriff's Office,1977-06-01,North Dakota,6164,ND04100,0,0,0,0,0,0,0,0,0,0,0,0,0,0,0,0,0,0,0,0,0,0,0,0,0,0,0,0,0,0,0,0,0,0,0,0,0,0,0,0,0,0,0,0,0,0,0,0,0,0,0,0,0,0,0,0,0,0,0,0,0,0,0,0,0,0,0,0,0,0,0,0,0,0,0,0,0,0,0,0,0,0,0,0,0,0,0,0,0,0,0,1,5.02738759796508
Sargent County Sheriff's Office,1977-07-01,North Dakota,6164,ND04100,0,0,0,0,0,0,0,0,0,0,0,0,0,0,0,0,0,0,0,0,0,0,0,0,0,0,0,0,0,0,0,0,0,0,0,0,0,0,0,0,0,0,0,0,0,0,0,0,0,0,0,0,0,0,0,0,0,0,0,0,0,0,0,0,0,0,0,0,0,0,0,0,0,0,0,0,0,0,0,0,0,0,0,0,0,0,0,0,0,0,0,1,5.02738759796508
Sargent County Sheriff's Office,1977-08-01,North Dakota,6164,ND04100,0,0,0,0,0,0,0,0,0,0,0,0,0,0,0,0,0,0,0,0,0,0,0,0,0,0,0,0,0,0,0,0,0,0,0,0,0,0,0,0,0,0,0,0,0,0,0,0,0,0,0,0,0,0,0,0,0,0,0,0,0,0,0,0,0,0,0,0,0,0,0,0,0,0,0,0,0,0,0,0,0,0,0,0,0,0,0,0,0,0,0,1,5.02738759796508
Sargent County Sheriff's Office,1977-09-01,North Dakota,6164,ND04100,0,0,0,0,0,0,0,0,0,0,0,0,0,0,0,0,0,0,0,0,0,0,0,0,0,0,0,0,0,0,0,0,0,0,0,0,0,0,0,0,0,0,0,0,0,0,0,0,0,0,0,0,0,0,0,0,0,0,0,0,0,0,0,0,0,0,0,0,0,0,0,0,0,0,0,0,0,0,0,0,0,0,0,0,0,0,0,0,0,0,0,1,5.02738759796508
Sargent County Sheriff's Office,1977-10-01,North Dakota,6164,ND04100,0,0,0,0,0,0,0,0,0,0,0,0,0,0,0,0,0,0,0,0,0,0,0,0,0,0,0,0,0,0,0,0,0,0,0,0,0,0,0,0,0,0,0,0,0,0,0,0,0,0,0,0,0,0,0,0,0,0,0,0,0,0,0,0,0,0,0,0,0,0,0,0,0,0,0,0,0,0,0,0,0,0,0,0,0,0,0,0,0,0,0,1,5.02738759796508
Sargent County Sheriff's Office,1977-11-01,North Dakota,6164,ND04100,0,0,0,0,0,0,0,0,0,0,0,0,0,0,0,0,0,0,0,0,0,0,0,0,0,0,0,0,0,0,0,0,0,0,0,0,0,0,0,0,0,0,0,0,0,0,0,0,0,0,0,0,0,0,0,0,0,0,0,0,0,0,0,0,0,0,0,0,0,0,0,0,0,0,0,0,0,0,0,0,0,0,0,0,0,0,0,0,0,0,0,1,5.02738759796508
Sargent County Sheriff's Office,1977-12-01,North Dakota,6164,ND04100,0,0,0,0,1,0,1,0,0,0,0,0,0,0,0,0,0,0,1,0,0,1,0,0,0,1,0,0,0,0,0,0,0,0,0,0,0,0,774,0,0,774,0,0,0,0,0,0,0,0,0,0,0,15,0,0,15,789,0,0,0,15,0,0,0,0,0,0,774,0,0,0,0,0,0,15,0,0,789,0,0,0,0,0,0,0,0,0,0,0,0,1,5.02738759796508
Sargent County Sheriff's Office,1978-01-01,North Dakota,5987,ND04100,0,0,0,0,0,0,0,0,0,0,0,0,0,0,0,0,0,0,0,0,0,0,0,0,0,0,0,0,0,0,0,0,0,0,0,0,0,0,0,0,0,0,0,0,0,0,0,0,0,0,0,0,0,0,0,0,0,0,0,0,0,0,0,0,0,0,0,0,0,0,0,0,0,0,0,0,0,0,0,0,0,0,0,0,0,0,0,0,0,0,0,1,4.67094915687277
Sargent County Sheriff's Office,1978-02-01,North Dakota,5987,ND04100,0,0,0,0,0,0,0,0,0,0,0,0,0,0,0,0,0,0,0,0,0,0,0,0,0,0,0,0,0,0,0,0,0,0,0,0,0,0,0,0,0,0,0,0,0,0,0,0,0,0,0,0,0,0,0,0,0,0,0,0,0,0,0,0,0,0,0,0,0,0,0,0,0,0,0,0,0,0,0,0,0,0,0,0,0,0,0,0,0,0,0,1,4.67094915687277
Sargent County Sheriff's Office,1978-03-01,North Dakota,5987,ND04100,0,0,0,0,0,0,0,0,0,0,0,0,0,0,0,0,0,0,0,0,0,0,0,0,0,0,0,0,0,0,0,0,0,0,0,0,0,0,0,0,0,0,0,0,0,0,0,0,0,0,0,0,0,0,0,0,0,0,0,0,0,0,0,0,0,0,0,0,0,0,0,0,0,0,0,0,0,0,0,0,0,0,0,0,0,0,0,0,0,0,0,1,4.67094915687277
Sargent County Sheriff's Office,1978-04-01,North Dakota,5987,ND04100,0,0,0,0,0,0,0,0,0,0,0,0,0,0,0,0,0,0,0,0,0,0,0,0,0,0,0,0,0,0,0,0,0,0,0,0,0,0,0,0,0,0,0,0,0,0,0,0,0,0,0,0,0,0,0,0,0,0,0,0,0,0,0,0,0,0,0,0,0,0,0,0,0,0,0,0,0,0,0,0,0,0,0,0,0,0,0,0,0,0,0,1,4.67094915687277
Sargent County Sheriff's Office,1978-05-01,North Dakota,5987,ND04100,0,0,0,0,0,0,0,0,0,0,0,0,0,0,0,0,0,0,0,0,0,0,0,0,0,0,0,0,0,0,0,0,0,0,0,0,0,0,0,0,0,0,0,0,0,0,0,0,0,0,0,0,0,0,0,0,0,0,0,0,0,0,0,0,0,0,0,0,0,0,0,0,0,0,0,0,0,0,0,0,0,0,0,0,0,0,0,0,0,0,0,1,4.67094915687277
Sargent County Sheriff's Office,1978-06-01,North Dakota,5987,ND04100,0,1,0,0,0,0,1,0,0,0,0,0,0,0,0,0,0,0,0,0,0,0,0,0,0,0,0,0,0,0,0,0,0,0,0,6072,0,0,0,0,0,6072,0,0,0,0,0,0,0,0,0,0,0,0,0,0,0,6072,0,0,0,0,0,0,0,0,0,0,1401,0,0,4671,0,0,0,0,0,0,6072,0,1401,0,0,2335,0,0,0,0,0,0,3737,1,4.67094915687277
Sargent County Sheriff's Office,1978-07-01,North Dakota,5987,ND04100,0,0,0,0,0,0,0,0,0,0,0,0,0,0,0,0,0,0,0,0,0,0,0,0,0,0,0,0,0,0,0,0,0,0,0,0,0,0,0,0,0,0,0,0,0,0,0,0,0,0,0,0,0,0,0,0,0,0,0,0,0,0,0,0,0,0,0,0,0,0,0,0,0,0,0,0,0,0,0,0,0,0,0,0,0,0,0,0,0,0,0,1,4.67094915687277
Sargent County Sheriff's Office,1978-08-01,North Dakota,5987,ND04100,0,0,0,0,0,0,0,0,0,0,0,0,0,0,0,0,0,0,0,0,0,0,0,0,0,0,0,0,0,0,0,0,0,0,0,0,0,0,0,0,0,0,0,0,0,0,0,0,0,0,0,0,0,0,0,0,0,0,0,0,0,0,0,0,0,0,0,0,0,0,0,0,0,0,0,0,0,0,0,0,0,0,0,0,0,0,0,0,0,0,0,1,4.67094915687277
Sargent County Sheriff's Office,1978-09-01,North Dakota,5987,ND04100,0,0,0,0,0,0,0,0,0,0,0,0,0,0,0,0,0,0,0,0,0,0,0,0,0,0,0,0,0,0,0,0,0,0,0,0,0,0,0,0,0,0,0,0,0,0,0,0,0,0,0,0,0,0,0,0,0,0,0,0,0,0,0,0,0,0,0,0,0,0,0,0,0,0,0,0,0,0,0,0,0,0,0,0,0,0,0,0,0,0,0,1,4.67094915687277
Sargent County Sheriff's Office,1978-10-01,North Dakota,5987,ND04100,0,0,0,0,0,0,0,0,0,0,0,0,0,0,0,0,0,0,0,0,0,0,0,0,0,0,0,0,0,0,0,0,0,0,0,0,0,0,0,0,0,0,0,0,0,0,0,0,0,0,0,0,0,0,0,0,0,0,0,0,0,0,0,0,0,0,0,0,0,0,0,0,0,0,0,0,0,0,0,0,0,0,0,0,0,0,0,0,0,0,0,1,4.67094915687277
Sargent County Sheriff's Office,1978-11-01,North Dakota,5987,ND04100,0,0,0,0,0,0,0,0,0,0,0,0,0,0,0,0,0,0,0,0,0,0,0,0,0,0,0,0,0,0,0,0,0,0,0,0,0,0,0,0,0,0,0,0,0,0,0,0,0,0,0,0,0,0,0,0,0,0,0,0,0,0,0,0,0,0,0,0,0,0,0,0,0,0,0,0,0,0,0,0,0,0,0,0,0,0,0,0,0,0,0,1,4.67094915687277
Sargent County Sheriff's Office,1978-12-01,North Dakota,5987,ND04100,0,0,0,0,1,0,1,0,0,0,0,0,0,0,0,0,0,0,0,2,1,3,0,0,0,1,2,0,0,0,0,0,0,0,0,0,0,0,1168,0,0,1168,0,0,0,0,0,0,0,0,0,0,0,0,467,1518,1985,3153,0,0,0,1518,467,0,0,0,0,0,1168,0,1518,0,0,0,0,467,0,0,3153,0,0,0,0,0,0,0,0,0,0,0,0,1,4.67094915687277
Sargent County Sheriff's Office,1979-01-01,North Dakota,5843,ND04100,0,0,0,0,0,0,0,1,0,0,0,0,0,0,0,0,0,0,0,2,1,3,0,0,0,1,0,0,0,0,2,0,1,1,0,0,0,0,0,0,0,0,8397,0,0,0,0,0,0,0,0,0,0,0,693,1020,1713,10110,0,0,0,420,0,0,0,0,1293,0,273,0,0,0,0,0,8397,1440,0,0,10110,0,273,0,0,0,0,0,8397,1020,0,0,9690,1,4.19843724882306
Sargent County Sheriff's Office,1979-02-01,North Dakota,5843,ND04100,0,0,0,0,1,0,1,1,0,0,0,0,0,0,0,0,0,0,0,0,0,0,0,0,0,0,0,0,0,0,0,0,0,0,0,0,0,0,437,0,0,437,2729,0,0,0,0,0,0,0,0,0,0,0,0,0,0,3166,0,0,0,0,0,0,0,0,0,0,0,437,0,0,0,0,2729,0,0,0,3166,0,0,0,0,0,0,0,0,0,0,0,0,1,4.19843724882306
Sargent County Sheriff's Office,1979-03-01,North Dakota,5843,ND04100,0,1,0,0,0,0,1,0,0,0,0,0,0,0,0,0,0,0,0,0,1,1,0,0,0,0,0,0,1,0,0,0,0,0,0,6298,0,0,0,0,0,6298,0,0,0,0,0,0,0,0,0,0,0,0,0,3048,3048,9346,0,0,0,0,0,0,3048,0,0,0,0,3048,0,0,0,0,0,6298,0,0,9346,0,0,2733,0,0,0,0,0,0,0,0,2733,1,4.19843724882306
Sargent County Sheriff's Office,1979-04-01,North Dakota,5843,ND04100,0,0,1,0,0,0,1,0,0,0,0,0,0,0,0,0,0,0,0,2,1,3,0,0,0,1,0,0,0,0,2,0,0,0,0,0,0,5676,0,0,0,5676,0,0,0,0,0,0,0,0,0,0,0,0,1155,1176,2330,8006,0,0,0,1176,0,0,0,0,1155,0,0,0,1176,5676,0,0,0,1155,0,0,8006,0,0,0,0,0,0,0,0,0,0,0,0,1,4.19843724882306
Sargent County Sheriff's Office,1979-05-01,North Dakota,5843,ND04100,0,0,1,0,0,0,1,0,0,0,0,0,0,0,0,0,0,0,0,3,1,4,1,0,0,1,0,0,0,0,2,0,0,0,0,0,0,2099,0,0,0,2099,0,0,0,0,0,0,0,0,0,0,0,0,1742,2414,4156,6256,735,0,0,210,0,0,0,0,3212,0,0,0,0,2099,0,0,0,4156,0,0,6256,0,0,0,0,0,0,0,0,0,0,0,0,1,4.19843724882306
Sargent County Sheriff's Office,1979-06-01,North Dakota,5843,ND04100,0,0,1,0,0,0,1,0,0,0,0,0,0,0,0,0,0,0,0,2,0,2,0,0,0,0,0,0,0,0,2,0,0,0,0,0,0,420,0,0,0,420,0,0,0,0,0,0,0,0,0,0,0,0,525,0,525,945,0,0,0,0,0,0,0,0,525,0,0,420,0,0,0,0,0,525,0,0,945,0,0,0,0,0,0,0,0,0,0,0,0,1,4.19843724882306
Sargent County Sheriff's Office,1979-07-01,North Dakota,5843,ND04100,0,0,0,0,0,0,0,0,0,0,0,0,0,0,0,0,0,0,0,0,2,2,1,0,0,1,0,0,0,0,0,0,0,0,0,0,0,0,0,0,0,0,0,0,0,0,0,0,0,0,0,0,0,0,0,2183,2183,2183,1260,0,0,924,0,0,0,0,0,0,0,0,924,0,0,0,0,1260,0,0,2183,0,0,0,0,0,0,0,0,0,0,0,0,1,4.19843724882306
Sargent County Sheriff's Office,1979-08-01,North Dakota,5843,ND04100,0,0,0,0,0,0,0,0,0,0,0,0,0,0,0,0,0,0,0,3,3,6,0,0,0,5,0,0,0,0,1,0,0,0,0,0,0,0,0,0,0,0,0,0,0,0,0,0,0,0,0,0,0,0,1847,33802,35649,35649,0,0,0,5420,0,0,0,0,30229,0,0,0,0,0,0,0,0,35649,0,0,35649,0,0,0,0,0,0,0,0,630,0,0,630,1,4.19843724882306
Sargent County Sheriff's Office,1979-09-01,North Dakota,5843,ND04100,0,0,0,0,0,0,0,1,0,0,0,0,0,0,0,0,0,0,1,0,3,4,0,0,0,2,0,0,0,0,2,0,0,0,0,0,0,0,0,0,0,0,4198,0,0,0,0,0,0,0,0,0,0,105,0,3779,3884,8082,0,0,0,2099,0,0,0,0,1784,0,0,0,0,0,0,0,4198,3884,0,0,8082,0,0,0,0,0,0,0,0,0,0,0,0,1,4.19843724882306
Sargent County Sheriff's Office,1979-10-01,North Dakota,5843,ND04100,0,0,1,0,0,1,2,0,0,0,0,0,0,0,0,0,0,0,1,0,2,3,0,0,0,2,0,0,0,0,1,0,0,0,0,0,0,1679,0,0,1679,3359,0,0,0,0,0,0,0,0,0,0,0,38,0,2494,2532,5890,0,0,0,2494,0,0,0,0,38,0,0,0,1679,0,0,0,0,4211,0,0,5890,0,0,0,0,0,0,0,0,0,0,0,0,1,4.19843724882306
Sargent County Sheriff's Office,1979-11-01,North Dakota,5843,ND04100,0,0,1,0,0,1,2,2,0,0,0,0,0,0,0,0,0,0,0,1,3,4,0,0,0,2,1,0,0,0,1,1,0,1,1,0,0,3082,0,0,2939,6021,33587,0,0,0,0,0,0,0,0,0,0,0,420,3464,3884,43492,0,0,0,1364,1679,0,0,0,840,0,3082,2939,0,0,0,0,33587,3884,0,0,43492,0,0,2939,0,0,0,0,1679,0,0,0,4618,1,4.19843724882306
Sargent County Sheriff's Office,1979-12-01,North Dakota,5843,ND04100,0,0,0,0,0,0,0,1,0,0,0,0,0,0,0,0,0,0,2,4,2,8,3,0,0,0,5,0,0,0,0,1,0,1,0,0,0,0,0,0,0,0,12595,0,0,0,0,0,0,0,0,0,0,210,1457,3779,5445,18041,630,0,0,0,4816,0,0,0,0,2099,420,365,1994,0,0,0,12595,210,0,357,18041,2099,0,0,0,0,0,0,12595,0,0,0,14695,1,4.19843724882306
Sargent County Sheriff's Office,1980-01-01,North Dakota,5512,ND04100,0,0,0,0,1,0,1,0,0,0,0,0,0,0,0,0,0,0,1,2,0,3,1,0,0,1,1,0,0,0,0,0,0,0,0,0,0,0,11092,0,0,11092,0,0,0,0,0,0,0,0,0,0,0,74,592,0,666,11758,370,0,0,222,74,0,0,0,0,0,0,11092,0,0,0,0,0,444,0,222,11758,0,0,0,0,0,0,0,0,0,0,0,0,1,3.69746081504702
Sargent County Sheriff's Office,1980-02-01,North Dakota,5512,ND04100,0,0,0,0,0,0,0,0,0,0,0,0,0,0,0,0,0,0,1,0,2,3,0,0,0,1,2,0,0,0,0,0,0,0,0,0,0,0,0,0,0,0,0,0,0,0,0,0,0,0,0,0,0,30,0,4067,4097,4097,0,0,0,30,4067,0,0,0,0,0,0,30,0,2958,0,0,0,1109,0,0,4097,0,0,0,0,0,0,0,0,0,0,0,0,1,3.69746081504702
Sargent County Sheriff's Office,1980-03-01,North Dakota,5512,ND04100,0,0,0,0,1,0,1,0,0,0,0,0,0,0,0,0,0,0,1,0,1,2,0,0,0,0,0,0,0,0,2,0,0,0,0,0,0,0,185,0,0,185,0,0,0,0,0,0,0,0,0,0,0,148,0,1109,1257,1442,0,0,0,0,0,0,0,0,1257,0,0,0,0,0,0,0,0,1442,0,0,1442,0,0,0,0,0,0,0,0,0,0,0,0,1,3.69746081504702
Sargent County Sheriff's Office,1980-04-01,North Dakota,5512,ND04100,0,0,0,0,0,0,0,0,0,0,0,0,0,0,0,0,0,0,1,3,1,5,0,2,0,0,2,0,0,0,1,0,0,0,0,0,0,0,0,0,0,0,0,0,0,0,0,0,0,0,0,0,0,30,1109,11092,12231,12231,0,739,0,0,11462,0,0,0,30,0,739,0,0,370,0,0,0,11122,0,0,12231,0,0,0,0,0,0,0,0,0,0,0,0,1,3.69746081504702
Sargent County Sheriff's Office,1980-05-01,North Dakota,5512,ND04100,0,0,0,0,1,0,1,2,0,0,0,0,0,0,0,0,0,0,2,2,3,7,0,0,0,2,5,0,0,0,0,1,0,1,0,0,0,0,148,0,0,148,29580,0,0,0,0,0,0,0,0,0,0,222,592,6840,7654,37381,0,0,0,3439,4215,0,0,0,0,0,7210,296,0,0,0,0,29580,0,0,296,37381,0,0,148,0,0,0,0,11092,0,0,0,11240,1,3.69746081504702
Sargent County Sheriff's Office,1980-06-01,North Dakota,5512,ND04100,0,0,0,0,1,0,1,0,0,0,0,0,0,0,0,0,0,0,2,1,2,5,0,0,0,2,2,0,0,0,1,0,0,0,0,0,0,0,370,0,0,370,0,0,0,0,0,0,0,0,0,0,0,129,185,1849,2163,2533,0,0,0,1165,813,0,0,0,185,0,2348,0,0,0,0,0,0,185,0,0,2533,0,0,0,0,0,0,0,0,0,0,0,0,1,3.69746081504702
Sargent County Sheriff's Office,1980-07-01,North Dakota,5512,ND04100,0,0,0,0,1,0,1,0,0,0,0,0,0,0,0,0,0,0,4,6,4,14,0,0,0,4,1,0,0,0,9,0,0,0,0,0,0,0,74,0,0,74,0,0,0,0,0,0,0,0,0,0,0,481,1904,3420,5805,5879,0,0,0,1497,296,0,0,0,4012,0,4825,74,0,0,0,0,0,980,0,0,5879,0,0,0,0,0,0,0,0,296,0,0,296,1,3.69746081504702
Sargent County Sheriff's Office,1980-08-01,North Dakota,5512,ND04100,0,0,0,0,0,0,0,1,0,0,0,0,0,0,0,0,0,0,2,1,2,5,1,0,0,1,1,0,0,0,2,1,0,1,0,0,0,0,0,0,0,0,31428,0,0,0,0,0,0,0,0,0,0,148,185,4067,4400,35828,74,0,0,2958,74,0,0,0,1294,0,1405,0,0,0,0,0,31428,148,0,2847,35828,0,0,0,0,0,0,0,31428,0,0,0,31428,1,3.69746081504702
Sargent County Sheriff's Office,1980-09-01,North Dakota,5512,ND04100,0,0,0,0,0,0,0,1,0,0,0,0,0,0,0,0,0,0,3,6,2,11,1,0,0,0,2,0,0,0,8,0,1,1,0,0,0,0,0,0,0,0,2958,0,0,0,0,0,0,0,0,0,0,270,1671,8504,10445,13403,1109,0,0,0,536,0,0,0,8800,0,1302,0,0,166,0,0,2958,8977,0,0,13403,0,0,0,0,0,0,0,2958,0,0,0,2958,1,3.69746081504702
Sargent County Sheriff's Office,1980-10-01,North Dakota,5512,ND04100,0,0,0,0,3,0,3,0,0,0,0,0,0,0,0,0,0,0,0,2,1,3,0,0,0,0,1,0,0,0,2,0,0,0,0,0,0,0,1313,0,0,1313,0,0,0,0,0,0,0,0,0,0,0,0,739,1479,2218,3531,0,0,0,0,1479,0,0,0,739,370,0,1313,0,0,0,0,0,739,0,1109,3531,0,0,0,0,0,0,0,0,0,0,0,0,1,3.69746081504702
Sargent County Sheriff's Office,1980-11-01,North Dakota,5512,ND04100,0,0,0,0,1,0,1,0,0,0,0,0,0,0,0,0,0,0,0,6,3,9,0,0,0,2,2,0,0,0,5,0,0,0,0,0,0,0,0,0,0,0,0,0,0,0,0,0,0,0,0,0,0,0,2152,11525,13677,13677,0,0,0,7920,4160,0,0,0,1597,155,1061,2958,2034,0,370,0,0,813,0,6286,13677,0,0,0,0,0,0,0,0,0,0,0,0,1,3.69746081504702
Sargent County Sheriff's Office,1980-12-01,North Dakota,5512,ND04100,0,0,0,0,0,0,0,0,0,0,0,0,0,0,0,0,0,0,4,1,0,5,0,0,0,1,1,0,0,0,3,0,0,0,0,0,0,0,0,0,0,0,0,0,0,0,0,0,0,0,0,0,0,229,296,0,525,525,0,0,0,118,0,0,0,0,407,0,0,0,0,0,0,0,0,229,0,296,525,0,0,0,555,0,0,0,0,74,0,296,924,1,3.69746081504702
Sargent County Sheriff's Office,1981-01-01,North Dakota,5559,ND04100,0,0,0,0,0,0,0,0,0,0,0,0,0,0,0,0,0,0,1,0,0,1,0,0,0,0,0,0,0,0,1,0,0,0,0,0,0,0,0,0,0,0,0,0,0,0,0,0,0,0,0,0,0,151,0,0,151,151,0,0,0,0,0,0,0,0,151,0,0,0,0,0,0,0,0,151,0,0,151,0,0,0,0,0,0,0,0,0,0,0,0,1,3.35113096874714
Sargent County Sheriff's Office,1981-02-01,North Dakota,5559,ND04100,0,0,0,0,0,0,0,0,0,0,0,0,0,0,0,0,0,0,0,1,3,4,1,0,0,2,0,0,0,0,1,0,0,0,0,0,0,0,0,0,0,0,0,0,0,0,0,0,0,0,0,0,0,0,503,2363,2865,2865,503,0,0,1676,0,0,0,0,687,0,687,0,0,0,0,0,0,503,0,1676,2865,0,0,0,0,0,0,0,0,0,0,0,0,1,3.35113096874714
Sargent County Sheriff's Office,1981-03-01,North Dakota,5559,ND04100,0,0,0,0,0,0,0,0,0,0,0,0,0,0,0,0,0,0,0,2,2,4,1,0,0,0,1,0,0,0,2,0,0,0,0,0,0,0,0,0,0,0,0,0,0,0,0,0,0,0,0,0,0,0,670,2081,2751,2751,335,0,0,0,335,0,0,0,2081,0,2081,0,0,0,0,0,0,670,0,0,2751,0,0,0,0,0,0,0,0,0,0,0,0,1,3.35113096874714
Sargent County Sheriff's Office,1981-04-01,North Dakota,5559,ND04100,0,0,0,0,0,0,0,2,0,0,0,0,0,0,0,0,0,0,1,3,1,5,0,0,0,2,1,0,0,0,2,1,1,2,0,0,0,0,0,0,0,0,17426,0,0,0,0,0,0,0,0,0,0,84,737,1005,1826,19252,0,0,0,251,235,0,0,0,1340,0,335,235,0,0,0,0,17426,1257,0,0,19252,0,0,0,0,0,0,0,17426,0,0,0,17426,1,3.35113096874714
Sargent County Sheriff's Office,1981-05-01,North Dakota,5559,ND04100,0,0,0,0,0,0,0,1,0,0,0,0,0,0,0,0,0,0,1,0,1,2,0,0,0,0,0,0,0,0,2,1,1,2,0,0,0,0,0,0,0,0,13405,0,0,0,0,0,0,0,0,0,0,84,0,13405,13488,26893,0,0,0,0,0,0,0,0,13488,0,0,0,0,0,0,13405,13405,84,0,0,26893,0,0,0,0,0,0,0,30160,0,0,0,30160,1,3.35113096874714
Sargent County Sheriff's Office,1981-06-01,North Dakota,5559,ND04100,0,0,0,0,2,0,2,0,0,0,0,0,0,0,0,0,0,0,0,3,1,4,1,0,0,0,1,0,0,0,2,0,0,0,0,0,0,0,493,0,0,493,0,0,0,0,0,0,0,0,0,0,0,0,955,1676,2631,3123,168,0,0,0,1676,0,0,0,788,0,493,0,0,0,0,0,0,955,0,1676,3123,0,0,0,0,0,0,0,0,436,0,0,436,1,3.35113096874714
Sargent County Sheriff's Office,1981-07-01,North Dakota,5559,ND04100,0,0,0,0,1,0,1,0,0,0,0,0,0,0,0,0,0,0,0,4,1,5,0,0,0,0,1,0,0,0,4,0,0,0,0,0,0,0,168,0,0,168,0,0,0,0,0,0,0,0,0,0,0,0,1562,1927,3489,3656,0,0,0,0,1927,0,0,0,1562,0,720,0,0,0,0,0,0,2936,0,0,3656,0,0,0,0,0,0,0,0,0,0,0,0,1,3.35113096874714
Sargent County Sheriff's Office,1981-08-01,North Dakota,5559,ND04100,1,0,0,0,0,0,1,0,0,0,0,0,0,0,0,0,0,0,0,2,3,5,0,0,0,0,0,0,0,0,5,0,0,0,0,0,5362,0,0,0,0,5362,0,0,0,0,0,0,0,0,0,0,0,0,335,5027,5362,10724,0,0,0,0,0,0,0,0,5362,0,3569,5362,0,0,0,0,0,1458,0,335,10724,0,0,0,0,0,0,0,0,0,0,0,0,1,3.35113096874714
Sargent County Sheriff's Office,1981-09-01,North Dakota,5559,ND04100,0,1,2,0,0,0,3,0,0,0,0,0,0,0,0,0,0,0,1,1,1,3,0,0,0,1,1,0,0,0,1,0,0,0,0,5362,0,486,0,0,0,5848,0,0,0,0,0,0,0,0,0,0,0,101,285,1508,1893,7741,0,0,0,101,1508,0,0,0,285,0,452,5395,838,0,0,0,0,771,0,285,7741,0,0,0,0,0,0,0,0,101,0,0,101,1,3.35113096874714
Sargent County Sheriff's Office,1981-10-01,North Dakota,5559,ND04100,0,0,0,0,0,1,1,0,0,0,0,0,0,0,0,0,0,0,0,3,5,8,0,0,0,5,0,0,0,0,3,0,0,0,0,0,0,0,0,0,335,335,0,0,0,0,0,0,0,0,0,0,0,0,865,6786,7651,7986,0,0,0,2765,0,0,0,0,4886,0,446,0,2111,335,0,0,0,4641,0,452,7986,0,0,0,0,0,0,0,0,0,0,0,0,1,3.35113096874714
Sargent County Sheriff's Office,1981-11-01,North Dakota,5559,ND04100,0,0,0,0,0,0,0,0,0,0,0,0,0,0,0,0,0,0,0,0,1,1,0,0,0,1,0,0,0,0,0,0,0,0,0,0,0,0,0,0,0,0,0,0,0,0,0,0,0,0,0,0,0,0,0,670,670,670,0,0,0,670,0,0,0,0,0,0,0,0,0,0,0,0,0,670,0,0,670,0,0,0,0,0,0,0,0,670,0,0,670,1,3.35113096874714
Sargent County Sheriff's Office,1981-12-01,North Dakota,5559,ND04100,0,0,0,0,0,0,0,1,0,0,0,0,0,0,0,0,0,0,0,2,3,5,4,0,0,0,0,0,0,0,1,0,1,1,0,0,0,0,0,0,0,0,20107,0,0,0,0,0,0,0,0,0,0,0,754,3854,4608,24715,4105,0,0,0,0,0,0,0,503,168,0,0,0,0,0,0,20107,3100,0,1340,24715,0,0,0,0,0,0,0,20107,0,0,0,20107,1,3.35113096874714
Sargent County Sheriff's Office,1982-01-01,North Dakota,5660,ND04100,0,0,0,0,0,0,0,0,0,0,0,0,0,0,0,0,0,0,0,0,0,0,0,0,0,0,0,0,0,0,0,0,0,0,0,0,0,0,0,0,0,0,0,0,0,0,0,0,0,0,0,0,0,0,0,0,0,0,0,0,0,0,0,0,0,0,0,0,0,0,0,0,0,0,0,0,0,0,0,0,0,0,0,0,0,0,0,0,0,0,0,1,3.15752936096719
Sargent County Sheriff's Office,1982-02-01,North Dakota,5660,ND04100,0,0,0,0,1,0,1,0,0,0,0,0,0,0,0,0,0,0,0,2,2,4,1,0,0,0,1,0,0,0,2,0,0,0,0,0,0,0,947,0,0,947,0,0,0,0,0,0,0,0,0,0,0,0,613,22103,22715,23663,158,0,0,0,455,0,0,0,22103,0,455,947,0,0,0,22103,0,158,0,0,23663,0,0,0,0,0,0,0,0,0,0,0,0,1,3.15752936096719
Sargent County Sheriff's Office,1982-03-01,North Dakota,5660,ND04100,0,0,0,0,0,0,0,0,0,0,0,0,0,0,0,0,0,0,1,1,2,4,0,0,0,0,0,0,0,0,4,0,0,0,0,0,0,0,0,0,0,0,0,0,0,0,0,0,0,0,0,0,0,47,316,1263,1626,1626,0,0,0,0,0,0,0,0,1626,0,47,0,0,0,0,0,0,1579,0,0,1626,0,0,0,0,0,0,0,0,0,0,0,0,1,3.15752936096719
Sargent County Sheriff's Office,1982-04-01,North Dakota,5660,ND04100,0,0,0,0,0,0,0,0,0,0,0,0,0,0,0,0,0,0,0,0,2,2,0,0,0,0,1,0,0,0,1,0,0,0,0,0,0,0,0,0,0,0,0,0,0,0,0,0,0,0,0,0,0,0,0,33154,33154,33154,0,0,0,0,1579,0,0,0,31575,0,0,0,0,0,0,31575,0,1579,0,0,33154,0,0,0,0,0,0,31575,0,1579,0,0,33154,1,3.15752936096719
Sargent County Sheriff's Office,1982-05-01,North Dakota,5660,ND04100,0,0,0,0,0,0,0,0,0,0,0,0,0,0,0,0,0,0,0,0,4,4,0,0,0,0,2,0,0,0,2,0,0,0,0,0,0,0,0,0,0,0,0,0,0,0,0,0,0,0,0,0,0,0,0,4578,4578,4578,0,0,0,0,1895,0,0,0,2684,0,0,0,0,0,947,0,0,2684,0,947,4578,0,0,0,0,0,947,0,0,0,0,947,1895,1,3.15752936096719
Sargent County Sheriff's Office,1982-06-01,North Dakota,5660,ND04100,0,0,0,0,0,0,0,0,0,0,0,0,0,0,0,0,0,0,0,3,3,6,0,0,0,0,3,0,1,0,2,0,0,0,0,0,0,0,0,0,0,0,0,0,0,0,0,0,0,0,0,0,0,0,1168,5447,6615,6615,0,0,0,0,3631,0,1026,0,1958,0,2842,1026,0,0,0,0,0,2747,0,0,6615,0,0,0,0,0,0,0,0,474,0,0,474,1,3.15752936096719
Sargent County Sheriff's Office,1982-07-01,North Dakota,5660,ND04100,0,2,0,0,0,0,2,0,0,0,0,0,0,0,0,0,0,0,1,1,0,2,0,0,0,1,0,0,0,0,1,0,0,0,0,63,0,0,0,0,0,63,0,0,0,0,0,0,0,0,0,0,0,32,474,0,505,568,0,0,0,474,0,0,0,0,32,0,142,0,0,0,0,0,0,426,0,0,568,0,0,0,0,0,0,0,0,0,0,0,0,1,3.15752936096719
Sargent County Sheriff's Office,1982-08-01,North Dakota,5660,ND04100,0,0,0,0,0,0,0,0,0,0,0,0,0,0,0,0,0,0,3,1,2,6,0,0,0,1,1,0,0,0,4,0,0,0,0,0,0,0,0,0,0,0,0,0,0,0,0,0,0,0,0,0,0,332,221,6315,6868,6868,0,0,0,189,3158,0,0,0,3521,0,47,0,0,0,0,221,0,6599,0,0,6868,0,0,0,0,0,0,0,0,0,0,0,0,1,3.15752936096719
Sargent County Sheriff's Office,1982-09-01,North Dakota,5660,ND04100,0,0,0,0,0,0,0,0,0,0,0,0,0,0,0,0,0,0,1,3,2,6,1,0,0,2,1,0,0,0,2,0,0,0,0,0,0,0,0,0,0,0,0,0,0,0,0,0,0,0,0,0,0,9,710,3315,4035,4035,158,0,0,246,2368,0,0,0,1263,0,947,0,237,2368,0,0,0,483,0,0,4035,0,0,0,0,0,0,0,0,0,0,0,0,1,3.15752936096719
Sargent County Sheriff's Office,1982-10-01,North Dakota,5660,ND04100,0,0,0,0,0,0,0,0,0,0,0,0,0,0,0,0,0,0,0,1,2,3,0,0,0,0,2,0,0,0,1,0,0,0,0,0,0,0,0,0,0,0,0,0,0,0,0,0,0,0,0,0,0,0,79,2526,2605,2605,0,0,0,0,1342,0,0,0,1263,0,0,0,0,1342,0,0,0,1263,0,0,2605,0,0,0,0,1263,0,0,0,0,0,0,1263,1,3.15752936096719
Sargent County Sheriff's Office,1982-11-01,North Dakota,5660,ND04100,0,0,0,0,0,0,0,0,0,0,0,0,0,0,0,0,0,0,3,2,2,7,1,0,0,3,3,0,0,0,0,0,0,0,0,0,0,0,0,0,0,0,0,0,0,0,0,0,0,0,0,0,0,221,505,1421,2147,2147,101,0,0,751,1295,0,0,0,0,0,467,0,1579,0,0,0,0,101,0,0,2147,0,0,0,0,0,0,0,0,0,0,0,0,1,3.15752936096719
Sargent County Sheriff's Office,1982-12-01,North Dakota,5660,ND04100,0,0,0,0,0,0,0,0,0,0,0,0,0,0,0,0,0,0,5,1,1,7,0,0,0,2,2,0,0,0,3,0,0,0,0,0,0,0,0,0,0,0,0,0,0,0,0,0,0,0,0,0,0,373,316,947,1636,1636,0,0,0,152,1263,0,0,0,221,0,183,0,0,0,0,0,0,1452,0,0,1636,0,0,0,0,0,0,0,0,126,0,0,126,1,3.15752936096719
Sargent County Sheriff's Office,1983-01-01,North Dakota,5744,ND04100,0,0,0,0,0,0,0,0,0,0,0,0,0,0,0,0,0,0,1,5,5,11,0,0,0,1,6,0,0,0,4,0,0,0,0,0,0,0,0,0,0,0,0,0,0,0,0,0,0,0,0,0,0,15,1309,7220,8544,8544,0,0,0,245,4629,0,0,0,3671,306,0,1569,0,306,0,0,0,6363,0,0,8544,0,0,0,0,0,0,0,0,0,0,0,0,1,3.05925284471218
Sargent County Sheriff's Office,1983-02-01,North Dakota,5744,ND04100,0,0,1,0,0,1,2,0,0,0,0,0,0,0,0,0,0,0,2,1,0,3,0,0,0,1,1,0,0,0,1,0,0,0,0,0,0,459,0,0,5782,6241,0,0,0,0,0,0,0,0,0,0,0,184,459,0,642,6883,0,0,0,61,459,0,0,0,122,0,61,0,0,459,0,0,0,6363,0,0,6883,0,0,0,0,0,0,0,0,0,0,0,0,1,3.05925284471218
Sargent County Sheriff's Office,1983-03-01,North Dakota,5744,ND04100,0,1,1,0,0,0,2,1,0,0,0,0,0,0,0,0,0,0,2,0,2,4,0,0,0,3,0,0,0,0,1,1,0,1,0,0,0,0,0,0,0,0,6119,0,0,0,0,0,0,0,0,0,0,122,0,5201,5323,11442,0,0,0,734,0,0,0,0,4589,0,122,0,612,0,0,0,6119,4589,0,0,11442,0,0,0,0,0,0,0,6119,0,0,0,6119,1,3.05925284471218
Sargent County Sheriff's Office,1983-04-01,North Dakota,5744,ND04100,0,0,0,0,0,0,0,0,0,0,0,0,0,0,0,0,0,0,0,1,2,3,0,0,0,0,1,0,0,0,2,0,0,0,0,0,0,0,0,0,0,0,0,0,0,0,0,0,0,0,0,0,0,0,229,2524,2753,2753,0,0,0,0,994,0,0,0,1759,0,0,0,765,0,0,0,0,1989,0,0,2753,0,0,0,765,0,0,0,0,229,0,0,994,1,3.05925284471218
Sargent County Sheriff's Office,1983-05-01,North Dakota,5744,ND04100,0,0,2,0,0,0,2,0,0,0,0,0,0,0,0,0,0,0,3,3,2,8,0,0,0,2,1,0,0,0,5,0,0,0,0,0,0,688,0,0,0,688,0,0,0,0,0,0,0,0,0,0,0,245,1300,1989,3533,4222,0,0,0,214,1071,0,0,0,2249,0,1423,291,459,0,0,0,0,2050,0,0,4222,0,0,0,0,0,0,0,0,1836,0,0,1836,1,3.05925284471218
Sargent County Sheriff's Office,1983-06-01,North Dakota,5744,ND04100,0,0,0,0,0,0,0,2,0,0,0,0,0,0,0,0,0,0,1,1,3,5,0,0,0,1,0,0,0,0,4,1,1,2,0,0,0,0,0,0,0,0,9178,0,0,0,0,0,0,0,0,0,0,31,153,5384,5568,14746,0,0,0,612,0,0,0,0,4956,0,0,31,0,0,0,0,9178,5537,0,0,14746,0,0,0,0,0,0,0,9178,0,0,0,9178,1,3.05925284471218
Sargent County Sheriff's Office,1983-07-01,North Dakota,5744,ND04100,0,1,0,0,0,0,1,0,0,0,0,0,0,0,0,0,0,0,2,2,2,6,1,0,0,1,1,0,0,0,3,0,0,0,0,171,0,0,0,0,0,171,0,0,0,0,0,0,0,0,0,0,0,168,612,1377,2157,2328,122,0,0,459,765,0,0,0,811,0,584,92,0,0,765,0,0,887,0,0,2328,0,0,0,0,0,0,0,0,0,0,0,0,1,3.05925284471218
Sargent County Sheriff's Office,1983-08-01,North Dakota,5744,ND04100,0,0,1,0,1,0,2,0,0,0,0,0,0,0,0,0,0,0,1,2,1,4,0,0,0,3,0,0,0,0,1,0,0,0,0,0,0,0,1603,0,0,1603,0,0,0,0,0,0,0,0,0,0,0,86,780,612,1478,3081,0,0,0,866,0,0,0,0,612,0,0,1658,0,0,0,0,0,1423,0,0,3081,0,0,0,0,0,0,0,0,0,0,0,0,1,3.05925284471218
Sargent County Sheriff's Office,1983-09-01,North Dakota,5744,ND04100,0,0,1,0,0,0,1,0,0,0,0,0,0,0,0,0,0,0,2,1,1,4,1,0,0,2,0,0,0,0,1,0,0,0,0,0,0,0,0,0,0,0,0,0,0,0,0,0,0,0,0,0,0,168,229,2056,2454,2454,2056,0,0,352,0,0,0,0,46,0,76,0,0,0,0,46,0,2209,0,122,2454,0,0,0,0,0,0,0,0,0,0,0,0,1,3.05925284471218
Sargent County Sheriff's Office,1983-10-01,North Dakota,5744,ND04100,1,0,3,0,0,0,4,0,0,0,0,0,0,0,0,0,0,0,2,2,3,7,0,0,0,3,1,0,0,0,3,0,0,0,0,0,0,2585,0,0,0,2585,0,0,0,0,0,0,0,0,0,0,0,184,765,3977,4925,7510,0,0,0,1254,306,0,0,0,3365,0,214,1132,1530,627,0,0,0,3702,0,306,7510,0,0,0,0,0,0,0,0,0,0,0,0,1,3.05925284471218
Sargent County Sheriff's Office,1983-11-01,North Dakota,5744,ND04100,0,0,0,0,0,0,0,0,0,0,0,0,0,0,0,0,0,0,1,2,0,3,0,0,0,0,2,0,0,0,1,0,0,0,0,0,0,0,0,0,0,0,0,0,0,0,0,0,0,0,0,0,0,122,520,0,642,642,0,0,0,0,520,0,0,0,122,0,122,0,0,0,0,0,0,520,0,0,642,0,0,0,0,0,0,0,0,0,0,0,0,1,3.05925284471218
Sargent County Sheriff's Office,1983-12-01,North Dakota,5744,ND04100,0,0,2,0,0,0,2,0,0,0,0,0,0,0,0,0,0,0,3,1,1,5,0,0,0,2,0,0,0,0,3,0,0,0,0,0,0,1530,0,0,0,1530,0,0,0,0,0,0,0,0,0,0,0,300,382,918,1600,3130,0,0,0,453,0,0,0,0,1147,0,0,0,0,0,0,0,0,2977,0,153,3130,0,0,0,0,0,0,0,0,0,0,0,0,1,3.05925284471218
Sargent County Sheriff's Office,1984-01-01,North Dakota,5479,ND04100,1,0,0,0,7,0,8,0,0,0,0,0,0,0,0,0,0,0,1,0,3,4,0,0,0,2,0,0,0,0,2,0,0,0,0,0,2933,0,2561,0,0,5494,0,0,0,0,0,0,0,0,0,0,0,73,0,6233,6306,11800,0,0,0,733,0,0,0,0,5573,0,191,1358,0,0,0,0,0,5573,1027,3652,11800,0,0,0,0,0,0,0,0,0,0,0,0,1,2.9331132680892
Sargent County Sheriff's Office,1984-02-01,North Dakota,5479,ND04100,0,0,0,0,1,0,1,0,0,0,0,0,0,0,0,0,0,0,1,2,2,5,0,0,0,0,2,0,0,0,3,0,0,0,0,0,0,0,484,0,0,484,0,0,0,0,0,0,0,0,0,0,0,117,880,1467,2464,2948,0,0,0,0,1907,0,0,0,557,0,323,161,0,0,0,0,0,2464,0,0,2948,0,194,114,0,0,0,0,0,0,0,0,308,1,2.9331132680892
Sargent County Sheriff's Office,1984-03-01,North Dakota,5479,ND04100,0,0,0,0,0,0,0,0,0,0,0,0,0,0,0,0,0,0,0,0,1,1,0,0,0,0,1,0,0,0,0,0,0,0,0,0,0,0,0,0,0,0,0,0,0,0,0,0,0,0,0,0,0,0,0,587,587,587,0,0,0,0,587,0,0,0,0,0,0,0,587,0,0,0,0,0,0,0,587,0,0,0,0,0,0,0,0,0,0,0,0,1,2.9331132680892
Sargent County Sheriff's Office,1984-04-01,North Dakota,5479,ND04100,0,0,0,0,0,0,0,0,0,0,0,0,0,0,0,0,0,0,1,1,2,4,0,0,0,1,3,0,0,0,0,0,0,0,0,0,0,0,0,0,0,0,0,0,0,0,0,0,0,0,0,0,0,73,440,2640,3153,3153,0,0,0,1613,1540,0,0,0,0,0,1467,0,0,0,0,0,0,1613,0,73,3153,0,0,0,0,0,0,0,0,0,0,0,0,1,2.9331132680892
Sargent County Sheriff's Office,1984-05-01,North Dakota,5479,ND04100,0,0,1,0,0,0,1,0,0,0,0,0,0,0,0,0,0,0,1,2,0,3,0,0,0,1,1,0,0,0,1,0,0,0,0,0,0,2200,0,0,0,2200,0,0,0,0,0,0,0,0,0,0,0,73,939,0,1012,3212,0,0,0,440,499,0,0,0,73,0,73,0,0,1467,0,0,0,1672,0,0,3212,0,0,0,0,0,0,0,0,0,0,0,0,1,2.9331132680892
Sargent County Sheriff's Office,1984-06-01,North Dakota,5479,ND04100,0,0,3,0,0,1,4,0,0,0,0,0,0,0,0,0,0,0,0,0,3,3,0,0,0,2,1,0,0,0,0,0,0,0,0,0,0,616,0,0,1467,2083,0,0,0,0,0,0,0,0,0,0,0,0,0,2493,2493,4576,0,0,0,1907,587,0,0,0,0,0,147,29,0,587,0,0,0,2346,1467,0,4576,0,0,0,0,0,0,0,0,587,0,0,587,1,2.9331132680892
Sargent County Sheriff's Office,1984-07-01,North Dakota,5479,ND04100,0,5,0,0,0,2,7,0,0,0,0,0,0,0,0,0,0,0,3,1,2,6,0,0,0,1,1,0,0,0,4,0,0,0,0,619,0,0,0,0,252,871,0,0,0,0,0,0,0,0,0,0,0,361,220,2024,2605,3476,0,0,0,141,733,0,0,0,1731,0,32,766,73,0,0,0,0,1211,0,1393,3476,0,0,0,73,0,0,0,0,147,0,0,220,1,2.9331132680892
Sargent County Sheriff's Office,1984-08-01,North Dakota,5479,ND04100,0,0,2,0,4,1,7,2,0,1,0,0,0,0,0,0,0,0,2,0,2,4,0,0,0,0,1,0,0,0,3,2,0,2,1,0,0,1613,8946,0,0,10559,20532,0,0,0,0,0,0,0,0,0,0,153,0,2053,2206,33297,0,0,0,0,1467,0,0,0,739,0,182,0,0,0,880,0,20532,2904,0,8799,33297,0,0,0,0,0,0,0,20532,0,0,0,20532,1,2.9331132680892
Sargent County Sheriff's Office,1984-09-01,North Dakota,5479,ND04100,0,0,0,0,0,0,0,2,0,0,0,0,0,0,0,0,0,0,2,1,1,4,0,0,0,1,2,0,0,0,1,2,0,2,0,0,0,0,0,0,0,0,17599,0,0,0,0,0,0,0,0,0,0,161,440,1467,2068,19667,0,0,0,440,1540,0,0,0,88,0,88,0,1760,0,0,0,17599,220,0,0,19667,0,0,0,1760,0,0,0,17599,147,0,0,19505,1,2.9331132680892
Sargent County Sheriff's Office,1984-10-01,North Dakota,5479,ND04100,0,0,0,0,1,0,1,0,0,0,0,0,0,0,0,0,0,0,0,1,2,3,1,1,0,1,0,0,0,0,0,0,0,0,0,0,0,0,5866,0,0,5866,0,0,0,0,0,0,0,0,0,0,0,0,147,2640,2786,8653,1173,147,0,1467,0,0,0,0,0,0,0,5866,0,0,0,0,0,2786,0,0,8653,0,0,0,0,0,0,0,0,147,0,0,147,1,2.9331132680892
Sargent County Sheriff's Office,1984-11-01,North Dakota,5479,ND04100,0,0,0,0,1,0,1,0,0,0,0,0,0,0,0,0,0,0,0,4,4,8,0,1,0,4,0,0,0,0,3,0,0,0,0,0,0,0,120,0,0,120,0,0,0,0,0,0,0,0,0,0,0,0,977,4224,5200,5321,0,264,0,3910,0,0,0,0,1027,0,62,59,1320,0,0,0,0,3001,0,880,5321,0,0,0,0,0,0,0,0,0,0,880,880,1,2.9331132680892
Sargent County Sheriff's Office,1984-12-01,North Dakota,5479,ND04100,0,0,1,0,0,0,1,0,0,0,0,0,0,0,0,0,0,0,1,0,0,1,0,0,0,0,0,0,0,0,1,0,0,0,0,0,0,1364,0,0,0,1364,0,0,0,0,0,0,0,0,0,0,0,47,0,0,47,1411,0,0,0,0,0,0,0,0,47,0,91,0,880,0,0,0,0,0,0,440,1411,0,47,0,880,0,0,0,0,0,0,440,1367,1,2.9331132680892
Sargent County Sheriff's Office,1985-01-01,North Dakota,5289,ND04100,0,0,0,0,1,0,1,1,0,0,0,0,0,0,0,0,0,0,2,2,1,5,0,0,0,3,1,0,0,0,1,0,0,0,0,0,0,0,708,0,0,708,2833,0,0,0,0,0,0,0,0,0,0,142,646,567,1354,4895,0,0,0,567,221,0,0,0,567,0,609,221,0,0,0,0,2833,524,0,708,4895,0,0,221,0,0,0,0,0,0,0,0,221,1,2.83267663464518
Sargent County Sheriff's Office,1985-02-01,North Dakota,5289,ND04100,0,0,0,0,2,0,2,0,0,0,0,0,0,0,0,0,0,0,1,2,0,3,0,0,0,1,0,0,1,0,1,0,0,0,0,0,0,0,3065,0,0,3065,0,0,0,0,0,0,0,0,0,0,0,28,963,0,991,4056,0,0,0,28,0,0,538,0,425,42,1187,1977,0,0,0,0,0,708,0,142,4056,42,1159,1261,0,0,0,0,0,286,0,0,2748,1,2.83267663464518
Sargent County Sheriff's Office,1985-03-01,North Dakota,5289,ND04100,0,0,0,0,0,0,0,0,0,0,0,0,0,0,0,0,0,0,1,0,0,1,0,0,0,1,0,0,0,0,0,0,0,0,0,0,0,0,0,0,0,0,0,0,0,0,0,0,0,0,0,0,0,8,0,0,8,8,0,0,0,8,0,0,0,0,0,0,0,0,0,0,0,0,0,8,0,0,8,0,0,0,0,0,0,0,0,0,0,0,0,1,2.83267663464518
Sargent County Sheriff's Office,1985-04-01,North Dakota,5289,ND04100,0,0,0,0,1,0,1,0,0,0,0,0,0,0,0,0,0,0,3,2,2,7,0,0,1,1,3,0,0,0,2,0,0,0,0,0,0,0,0,0,0,0,0,0,0,0,0,0,0,0,0,0,0,142,567,2266,2974,2974,0,0,1133,28,1473,0,0,0,340,0,170,1416,0,57,0,0,0,1331,0,0,2974,0,0,0,0,0,0,0,0,0,0,0,0,1,2.83267663464518
Sargent County Sheriff's Office,1985-05-01,North Dakota,5289,ND04100,0,0,0,0,0,0,0,0,0,0,0,0,0,0,0,0,0,0,2,2,2,6,2,0,0,1,2,0,0,0,1,0,0,0,0,0,0,0,0,0,0,0,0,0,0,0,0,0,0,0,0,0,0,156,567,1700,2422,2422,850,0,0,14,1416,0,0,0,142,0,0,0,0,283,1133,0,0,1006,0,0,2422,0,0,0,0,283,0,0,0,0,0,0,283,1,2.83267663464518
Sargent County Sheriff's Office,1985-06-01,North Dakota,5289,ND04100,0,0,0,0,0,0,0,0,0,0,0,0,0,0,0,0,0,0,2,1,4,7,0,0,0,1,1,0,0,0,5,0,0,0,0,0,0,0,0,0,0,0,0,0,0,0,0,0,0,0,0,0,0,227,212,8753,9192,9192,0,0,0,113,1615,0,0,0,7464,0,4915,99,0,0,0,2266,0,1770,0,142,9192,0,0,0,0,0,0,0,0,0,0,0,0,1,2.83267663464518
Sargent County Sheriff's Office,1985-07-01,North Dakota,5289,ND04100,0,0,1,0,0,0,1,0,0,0,0,0,0,0,0,0,0,0,0,2,1,3,0,0,0,0,0,0,0,0,3,0,0,0,0,0,0,0,0,0,0,0,0,0,0,0,0,0,0,0,0,0,0,0,496,850,1346,1346,0,0,0,0,0,0,0,0,1346,0,0,0,0,0,0,0,0,1346,0,0,1346,0,0,0,0,0,0,0,0,0,0,0,0,1,2.83267663464518
Sargent County Sheriff's Office,1985-08-01,North Dakota,5289,ND04100,0,0,0,0,0,0,0,0,0,0,0,0,0,0,0,0,0,0,1,3,3,7,0,1,0,0,0,0,0,0,6,0,0,0,0,0,0,0,0,0,0,0,0,0,0,0,0,0,0,0,0,0,0,113,552,11260,11926,11926,0,212,0,0,0,0,0,0,11713,0,0,0,0,0,0,0,0,11926,0,0,11926,0,0,0,0,0,0,0,0,212,0,0,212,1,2.83267663464518
Sargent County Sheriff's Office,1985-09-01,North Dakota,5289,ND04100,0,0,0,0,0,0,0,0,0,0,0,0,0,0,0,0,0,0,0,2,0,2,0,0,0,1,0,0,0,0,1,0,0,0,0,0,0,0,0,0,0,0,0,0,0,0,0,0,0,0,0,0,0,0,453,0,453,453,0,0,0,283,0,0,0,0,170,0,0,0,0,0,0,0,0,453,0,0,453,0,0,0,0,0,0,0,0,0,0,0,0,1,2.83267663464518
Sargent County Sheriff's Office,1985-10-01,North Dakota,5289,ND04100,0,1,0,0,0,0,1,0,0,0,0,0,0,0,0,0,0,0,0,0,1,1,0,0,0,0,0,0,0,0,1,0,0,0,0,0,0,0,0,0,0,0,0,0,0,0,0,0,0,0,0,0,0,0,0,15580,15580,15580,0,0,0,0,0,0,0,0,15580,0,0,0,0,0,0,15580,0,0,0,0,15580,0,0,0,0,0,0,0,0,0,0,0,0,1,2.83267663464518
Sargent County Sheriff's Office,1985-11-01,North Dakota,5289,ND04100,0,0,0,0,0,0,0,0,0,0,0,0,0,0,0,0,0,0,1,0,1,2,1,0,0,0,0,0,0,0,1,0,0,0,0,0,0,0,0,0,0,0,0,0,0,0,0,0,0,0,0,0,0,99,0,2833,2932,2932,99,0,0,0,0,0,0,0,2833,0,0,0,0,0,0,2833,0,99,0,0,2932,0,0,0,0,0,0,0,0,0,0,0,0,1,2.83267663464518
Sargent County Sheriff's Office,1985-12-01,North Dakota,5289,ND04100,0,0,1,0,0,0,1,0,0,0,0,0,0,0,0,0,0,0,2,1,1,4,0,0,0,1,0,0,0,0,3,0,0,0,0,0,0,1006,0,0,0,1006,0,0,0,0,0,0,0,0,0,0,0,198,170,708,1076,2082,0,0,0,708,0,0,0,0,368,0,765,0,708,368,0,0,0,241,0,0,2082,0,0,0,0,0,0,0,0,0,0,0,0,1,2.83267663464518
Sargent County Sheriff's Office,1986-01-01,North Dakota,5183,ND04100,0,0,1,0,1,0,2,1,0,0,0,0,0,0,0,0,0,0,0,1,2,3,0,0,0,0,0,0,0,0,3,1,0,1,0,0,0,0,56,0,0,56,1390,0,0,0,0,0,0,0,0,0,0,0,208,5560,5768,7214,0,0,0,0,0,0,0,0,5768,0,28,28,0,0,0,2780,1390,2988,0,0,7214,0,0,0,0,0,0,0,1390,0,0,0,1390,1,2.7799125674751
Sargent County Sheriff's Office,1986-02-01,North Dakota,5183,ND04100,0,0,0,0,0,0,0,0,0,0,0,0,0,0,0,0,0,0,0,0,0,0,0,0,0,0,0,0,0,0,0,0,0,0,0,0,0,0,0,0,0,0,0,0,0,0,0,0,0,0,0,0,0,0,0,0,0,0,0,0,0,0,0,0,0,0,0,0,0,0,0,0,0,0,0,0,0,0,0,0,0,0,0,0,0,0,0,0,0,0,0,1,2.7799125674751
Sargent County Sheriff's Office,1986-03-01,North Dakota,5183,ND04100,0,0,0,0,0,0,0,0,0,0,0,0,0,0,0,0,0,0,0,2,1,3,0,0,0,1,0,0,0,0,2,0,0,0,0,0,0,0,0,0,0,0,0,0,0,0,0,0,0,0,0,0,0,0,417,556,973,973,0,0,0,556,0,0,0,0,417,0,0,0,0,0,0,417,0,556,0,0,973,0,0,0,0,0,0,0,0,0,0,0,0,1,2.7799125674751
Sargent County Sheriff's Office,1986-04-01,North Dakota,5183,ND04100,0,0,0,0,0,0,0,1,0,0,0,0,0,0,0,0,0,0,3,2,1,6,0,0,0,2,2,0,0,0,2,1,0,1,0,0,0,0,0,0,0,0,5560,0,0,0,0,0,0,0,0,0,0,264,473,1209,1946,7506,0,0,0,153,1404,0,0,0,389,0,28,0,0,0,0,389,5560,1404,0,125,7506,0,0,0,0,0,0,0,5560,0,0,125,5685,1,2.7799125674751
Sargent County Sheriff's Office,1986-05-01,North Dakota,5183,ND04100,0,0,0,0,0,0,0,1,0,0,0,0,0,0,0,0,0,0,0,0,2,2,0,0,0,0,0,0,0,0,2,1,0,1,0,0,0,0,0,0,0,0,19459,0,0,0,0,0,0,0,0,0,0,0,0,5282,5282,24741,0,0,0,0,0,0,0,0,5282,0,903,208,0,0,0,0,19459,1390,0,2780,24741,0,42,0,0,0,0,0,19459,1390,0,2780,23671,1,2.7799125674751
Sargent County Sheriff's Office,1986-06-01,North Dakota,5183,ND04100,0,0,0,0,0,0,0,0,0,0,0,0,0,0,0,0,0,0,2,1,0,3,2,0,0,0,0,0,0,0,1,0,0,0,0,0,0,0,0,0,0,0,0,0,0,0,0,0,0,0,0,0,0,139,353,0,492,492,139,0,0,0,0,0,0,0,353,0,0,353,0,0,0,0,0,139,0,0,492,0,0,0,0,0,0,0,0,0,0,0,0,1,2.7799125674751
Sargent County Sheriff's Office,1986-07-01,North Dakota,5183,ND04100,0,0,0,0,0,0,0,0,0,0,0,0,0,0,0,0,0,0,0,2,0,2,0,0,0,1,1,0,0,0,0,0,0,0,0,0,0,0,0,0,0,0,0,0,0,0,0,0,0,0,0,0,0,0,514,0,514,514,0,0,0,208,306,0,0,0,0,0,97,0,0,306,0,0,0,111,0,0,514,0,0,0,0,0,0,0,0,0,0,0,0,1,2.7799125674751
Sargent County Sheriff's Office,1986-08-01,North Dakota,5183,ND04100,1,0,0,0,0,0,1,0,0,0,0,0,0,0,0,0,0,0,2,3,2,7,0,0,0,1,0,0,1,0,5,0,0,0,0,0,0,0,0,0,0,0,0,0,0,0,0,0,0,0,0,0,0,167,1042,3303,4512,4512,0,0,0,556,0,0,97,0,3859,0,0,97,0,0,0,0,0,3859,0,556,4512,0,0,97,0,0,0,0,0,0,0,0,97,1,2.7799125674751
Sargent County Sheriff's Office,1986-09-01,North Dakota,5183,ND04100,0,0,1,0,0,0,1,0,0,0,0,0,0,0,0,0,0,0,2,0,1,3,0,0,0,2,0,0,0,0,1,0,0,0,0,0,0,0,0,0,0,0,0,0,0,0,0,0,0,0,0,0,0,111,0,1390,1501,1501,0,0,0,111,0,0,0,0,1390,0,1390,0,0,0,0,0,0,111,0,0,1501,0,0,0,0,0,0,0,0,111,0,0,111,1,2.7799125674751
Sargent County Sheriff's Office,1986-10-01,North Dakota,5183,ND04100,0,0,0,0,0,0,0,2,0,0,0,0,0,0,0,0,0,0,1,3,0,4,0,0,0,1,0,0,0,0,3,2,0,2,0,0,0,0,0,0,0,0,3336,0,0,0,0,0,0,0,0,0,0,28,859,0,887,4223,0,0,0,373,0,0,0,0,514,0,139,0,0,0,0,0,3336,748,0,0,4223,0,0,0,0,0,0,0,3336,0,0,0,3336,1,2.7799125674751
Sargent County Sheriff's Office,1986-11-01,North Dakota,5183,ND04100,0,0,0,0,0,1,1,0,0,0,0,0,0,0,0,0,0,0,1,1,1,3,0,0,0,0,1,0,0,0,2,0,0,0,0,0,0,0,0,0,2641,2641,0,0,0,0,0,0,0,0,0,0,0,28,417,1390,1835,4476,0,0,0,0,1390,0,0,0,445,0,0,0,0,2641,0,0,0,1835,0,0,4476,0,0,0,0,0,0,0,0,0,0,0,0,1,2.7799125674751
Sargent County Sheriff's Office,1986-12-01,North Dakota,5183,ND04100,0,0,0,0,0,1,1,0,0,0,0,0,0,0,0,0,0,0,1,1,0,2,0,0,0,0,0,0,0,0,2,0,0,0,0,0,0,0,0,0,1946,1946,0,0,0,0,0,0,0,0,0,0,0,69,278,0,347,2293,0,0,0,0,0,0,0,0,347,0,0,0,0,0,0,0,0,347,0,1946,2293,0,0,0,0,0,0,0,0,0,0,0,0,1,2.7799125674751
Sargent County Sheriff's Office,1987-01-01,North Dakota,5139,ND04100,0,0,0,0,1,0,1,0,0,0,0,0,0,0,0,0,0,0,0,1,0,1,0,0,0,0,0,0,0,0,1,0,0,0,0,0,0,0,1971,0,0,1971,0,0,0,0,0,0,0,0,0,0,0,0,402,0,402,2373,0,0,0,0,0,0,0,0,402,0,0,0,1877,0,0,0,0,496,0,0,2373,0,0,0,0,0,0,0,0,0,0,0,0,1,2.68164209754309
Sargent County Sheriff's Office,1987-02-01,North Dakota,5139,ND04100,0,0,0,0,0,0,0,1,0,0,0,0,0,0,0,0,0,0,0,2,0,2,0,0,0,0,1,0,0,0,1,1,0,1,0,0,0,0,0,0,0,0,24135,0,0,0,0,0,0,0,0,0,0,0,402,0,402,24537,0,0,0,0,268,0,0,0,134,0,134,0,0,268,0,0,24135,0,0,0,24537,0,0,0,0,0,0,0,24135,0,0,0,24135,1,2.68164209754309
Sargent County Sheriff's Office,1987-03-01,North Dakota,5139,ND04100,0,0,1,0,0,0,1,0,0,0,0,0,0,0,0,0,0,0,0,1,1,2,0,0,0,0,1,0,0,0,1,0,0,0,0,0,0,4827,0,0,0,4827,0,0,0,0,0,0,0,0,0,0,0,0,161,7509,7669,12496,0,0,0,0,161,0,0,0,7509,0,0,0,0,4827,0,7509,0,161,0,0,12496,0,0,0,0,0,0,0,0,0,0,0,0,1,2.68164209754309
Sargent County Sheriff's Office,1987-04-01,North Dakota,5139,ND04100,0,0,2,0,0,1,3,0,0,0,0,0,0,0,0,0,0,0,0,3,2,5,0,0,0,1,2,0,0,0,2,0,0,0,0,0,0,4559,0,0,10727,15285,0,0,0,0,0,0,0,0,0,0,0,0,1140,12067,13207,28492,0,0,0,268,9788,0,0,0,3151,0,10727,0,268,4559,0,0,0,12939,0,0,28492,0,0,0,0,0,0,0,0,0,0,0,0,1,2.68164209754309
Sargent County Sheriff's Office,1987-05-01,North Dakota,5139,ND04100,0,0,0,0,0,0,0,0,0,0,0,0,0,0,0,0,0,0,0,1,0,1,0,0,0,0,0,0,0,0,1,0,0,0,0,0,0,0,0,0,0,0,0,0,0,0,0,0,0,0,0,0,0,0,268,0,268,268,0,0,0,0,0,0,0,0,268,0,0,0,0,0,0,0,0,268,0,0,268,0,0,0,0,0,0,0,0,0,0,0,0,1,2.68164209754309
Sargent County Sheriff's Office,1987-06-01,North Dakota,5139,ND04100,0,0,1,0,0,0,1,0,0,0,0,0,0,0,0,0,0,0,0,4,2,6,0,0,0,3,0,0,0,0,3,0,0,0,0,0,0,7777,0,0,0,7777,0,0,0,0,0,0,0,0,0,0,0,0,1207,14213,15419,23196,0,0,0,1609,0,0,0,0,13810,0,7911,0,0,0,0,0,0,14816,0,469,23196,0,0,0,0,0,0,0,0,14213,0,469,14682,1,2.68164209754309
Sargent County Sheriff's Office,1987-07-01,North Dakota,5139,ND04100,0,0,0,0,0,0,0,0,0,0,0,0,0,0,0,0,0,0,0,2,1,3,0,0,0,0,0,0,0,0,3,0,0,0,0,0,0,0,0,0,0,0,0,0,0,0,0,0,0,0,0,0,0,0,402,804,1207,1207,0,0,0,0,0,0,0,0,1207,0,134,0,0,0,0,0,0,1073,0,0,1207,0,0,0,0,0,0,0,0,0,0,0,0,1,2.68164209754309
Sargent County Sheriff's Office,1987-08-01,North Dakota,5139,ND04100,0,0,0,0,0,1,1,0,0,0,0,0,0,0,0,0,0,0,0,2,1,3,0,0,0,1,0,0,0,0,2,0,0,0,0,0,0,0,0,0,134,134,0,0,0,0,0,0,0,0,0,0,0,0,670,2682,3352,3486,0,0,0,2682,0,0,0,0,670,0,0,0,134,0,2682,268,0,402,0,0,3486,0,0,0,134,0,0,0,0,0,0,0,134,1,2.68164209754309
Sargent County Sheriff's Office,1987-09-01,North Dakota,5139,ND04100,0,2,0,0,0,0,2,0,0,0,0,0,0,0,0,0,0,0,2,0,1,3,0,0,0,0,0,0,1,0,2,0,0,0,0,1609,0,0,0,0,0,1609,0,0,0,0,0,0,0,0,0,0,0,107,0,804,912,2521,0,0,0,0,0,0,80,0,831,0,0,80,0,1609,0,0,0,831,0,0,2521,0,0,0,0,0,0,0,0,0,0,0,0,1,2.68164209754309
Sargent County Sheriff's Office,1987-10-01,North Dakota,5139,ND04100,0,0,1,0,0,0,1,0,0,0,0,0,0,0,0,0,0,0,0,2,1,3,1,0,0,0,0,0,0,0,2,0,0,0,0,0,0,4022,0,0,0,4022,0,0,0,0,0,0,0,0,0,0,0,0,670,872,1542,5564,872,0,0,0,0,0,0,0,670,0,0,0,0,4022,0,0,0,1140,0,402,5564,0,0,0,0,0,0,0,0,0,0,0,0,1,2.68164209754309
Sargent County Sheriff's Office,1987-11-01,North Dakota,5139,ND04100,0,0,1,0,1,0,2,0,0,0,0,0,0,0,0,0,0,0,2,0,1,3,0,0,0,2,0,0,0,0,1,0,0,0,0,0,0,0,0,0,0,0,0,0,0,0,0,0,0,0,0,0,0,121,0,4022,4143,4143,0,0,0,4090,0,0,0,0,54,0,0,0,4022,0,0,0,0,54,0,67,4143,0,0,0,0,0,0,0,0,0,0,0,0,1,2.68164209754309
Sargent County Sheriff's Office,1987-12-01,North Dakota,5139,ND04100,0,0,0,0,0,0,0,0,0,0,0,0,0,0,0,0,0,0,0,1,0,1,0,0,0,0,0,0,0,0,1,0,0,0,0,0,0,0,0,0,0,0,0,0,0,0,0,0,0,0,0,0,0,0,268,0,268,268,0,0,0,0,0,0,0,0,268,0,0,0,0,0,0,0,0,268,0,0,268,0,0,0,1877,0,0,0,0,0,0,0,1877,1,2.68164209754309
Sargent County Sheriff's Office,1988-01-01,North Dakota,4835,ND04100,0,0,1,0,0,0,1,0,0,0,0,0,0,0,0,0,0,0,0,1,1,2,0,0,0,0,1,0,0,0,1,0,0,0,0,0,0,1288,0,0,0,1288,0,0,0,0,0,0,0,0,0,0,0,0,155,1288,1443,2731,0,0,0,0,155,0,0,0,1288,0,0,0,0,1288,0,0,0,1443,0,0,2731,0,0,0,0,0,0,0,0,0,0,0,0,1,2.57657599887252
Sargent County Sheriff's Office,1988-02-01,North Dakota,4835,ND04100,0,0,0,0,3,0,3,0,0,0,0,0,0,0,0,0,0,0,1,0,0,1,0,0,0,0,1,0,0,0,0,0,0,0,0,0,0,0,18995,0,0,18995,0,0,0,0,0,0,0,0,0,0,0,103,0,0,103,19098,0,0,0,0,103,0,0,0,0,0,103,18995,0,0,0,0,0,0,0,0,19098,0,0,155,0,0,0,0,0,0,0,0,155,1,2.57657599887252
Sargent County Sheriff's Office,1988-03-01,North Dakota,4835,ND04100,0,0,1,0,0,1,2,0,0,0,0,0,0,0,0,0,0,0,0,0,1,1,0,0,0,0,1,0,0,0,0,0,0,0,0,0,0,0,0,0,309,309,0,0,0,0,0,0,0,0,0,0,0,0,0,1224,1224,1533,0,0,0,0,1224,0,0,0,0,0,309,0,1224,0,0,0,0,0,0,0,1533,0,309,0,0,0,0,0,0,0,0,0,309,1,2.57657599887252
Sargent County Sheriff's Office,1988-04-01,North Dakota,4835,ND04100,1,0,1,0,0,0,2,0,0,0,0,0,0,0,0,0,0,0,0,0,1,1,0,0,0,0,1,0,0,0,0,0,0,0,0,0,116,258,0,0,0,374,0,0,0,0,0,0,0,0,0,0,0,0,0,773,773,1147,0,0,0,0,773,0,0,0,0,0,0,116,0,1031,0,0,0,0,0,0,1147,0,0,0,0,0,0,0,0,0,0,0,0,1,2.57657599887252
Sargent County Sheriff's Office,1988-05-01,North Dakota,4835,ND04100,0,0,0,0,0,1,1,1,0,0,0,0,0,0,0,0,0,0,0,1,2,3,0,1,0,0,2,0,0,0,0,1,0,1,0,0,0,0,0,0,1288,1288,12883,0,0,0,0,0,0,0,0,0,0,0,258,1804,2061,16232,0,515,0,0,1546,0,0,0,0,0,0,0,0,1546,0,0,12883,1804,0,0,16232,0,0,0,0,0,0,0,12883,515,0,0,13398,1,2.57657599887252
Sargent County Sheriff's Office,1988-06-01,North Dakota,4835,ND04100,0,0,2,0,0,0,2,0,0,0,0,0,0,0,0,0,0,0,0,0,0,0,0,0,0,0,0,0,0,0,0,0,0,0,0,0,0,11852,0,0,0,11852,0,0,0,0,0,0,0,0,0,0,0,0,0,0,0,11852,0,0,0,0,0,0,0,0,0,0,0,0,0,10306,0,0,0,1546,0,0,11852,0,0,0,0,0,0,0,0,0,0,0,0,1,2.57657599887252
Sargent County Sheriff's Office,1988-07-01,North Dakota,4835,ND04100,0,0,1,0,0,1,2,0,0,0,0,0,0,0,0,0,0,0,0,1,0,1,0,0,0,0,0,0,0,0,1,0,0,0,0,0,0,773,0,0,0,773,0,0,0,0,0,0,0,0,0,0,0,0,386,0,386,1159,0,0,0,0,0,0,0,0,386,0,0,0,0,0,0,0,0,1159,0,0,1159,0,0,0,0,0,0,0,0,386,0,0,386,1,2.57657599887252
Sargent County Sheriff's Office,1988-08-01,North Dakota,4835,ND04100,0,0,2,0,2,0,4,0,0,0,0,0,0,0,0,0,0,0,2,0,2,4,0,0,0,1,2,0,0,0,1,0,0,0,0,0,0,5218,345,0,0,5563,0,0,0,0,0,0,0,0,0,0,0,124,0,1804,1927,7490,0,0,0,52,1804,0,0,0,72,0,52,216,0,6506,0,0,0,716,0,0,7490,0,0,0,0,0,0,0,0,0,0,0,0,1,2.57657599887252
Sargent County Sheriff's Office,1988-09-01,North Dakota,4835,ND04100,0,0,2,0,0,0,2,0,0,0,0,0,0,0,0,0,0,0,0,2,3,5,1,0,0,1,1,0,0,0,2,0,0,0,0,0,0,5282,0,0,0,5282,0,0,0,0,0,0,0,0,0,0,0,0,773,4380,5153,10435,386,0,0,515,386,0,0,0,3865,0,0,0,902,5282,0,0,0,4251,0,0,10435,0,0,0,0,0,0,0,0,0,0,0,0,1,2.57657599887252
Sargent County Sheriff's Office,1988-10-01,North Dakota,4835,ND04100,0,0,1,0,3,1,5,0,0,0,0,0,0,0,0,0,0,0,1,1,4,6,0,0,0,1,2,0,0,0,3,0,0,0,0,0,0,464,580,0,0,1044,0,0,0,0,0,0,0,0,0,0,0,103,155,5854,6112,7155,0,0,0,2061,670,0,0,0,3380,0,580,155,464,0,515,0,0,3380,0,2061,7155,0,580,155,0,0,515,0,0,773,0,0,2023,1,2.57657599887252
Sargent County Sheriff's Office,1988-11-01,North Dakota,4835,ND04100,0,0,0,0,0,0,0,0,0,0,0,0,0,0,0,0,0,0,0,4,2,6,1,0,0,1,1,0,0,0,3,0,0,0,0,0,0,0,0,0,0,0,0,0,0,0,0,0,0,0,0,0,0,0,1108,2190,3298,3298,1031,0,0,1159,258,0,0,0,850,0,258,0,1159,0,0,0,0,1881,0,0,3298,0,0,0,0,0,0,0,0,0,0,0,0,1,2.57657599887252
Sargent County Sheriff's Office,1988-12-01,North Dakota,4835,ND04100,0,0,0,0,0,0,0,0,0,1,0,0,0,0,0,0,0,0,2,1,0,3,1,0,0,0,1,0,0,0,1,0,0,0,0,0,0,0,0,0,0,0,0,0,0,0,0,0,0,0,0,0,0,167,258,0,425,425,77,0,0,0,258,0,0,0,90,0,0,0,0,0,0,0,0,425,0,0,425,0,0,0,0,0,0,0,0,90,0,0,90,1,2.57657599887252
Sargent County Sheriff's Office,1989-01-01,North Dakota,4942,ND04100,0,0,0,0,0,0,0,1,0,0,0,0,0,0,0,0,0,0,0,0,1,1,0,0,0,0,0,0,0,0,1,1,0,1,0,0,0,0,0,0,0,0,4916,0,0,0,0,0,0,0,0,0,0,0,0,8849,8849,13764,0,0,0,0,0,0,0,0,8849,0,0,0,0,0,0,8849,4916,0,0,0,13764,0,0,0,0,0,0,1037,4916,0,0,0,5953,1,2.45793156762571
Sargent County Sheriff's Office,1989-02-01,North Dakota,4942,ND04100,0,0,0,0,0,0,0,0,0,0,0,0,0,0,0,0,0,0,0,1,1,2,0,0,0,0,2,0,0,0,0,0,0,0,0,0,0,0,0,0,0,0,0,0,0,0,0,0,0,0,0,0,0,0,369,1229,1598,1598,0,0,0,0,1598,0,0,0,0,0,0,320,0,0,0,0,0,1278,0,0,1598,0,0,0,0,0,0,0,0,0,0,0,0,1,2.45793156762571
Sargent County Sheriff's Office,1989-03-01,North Dakota,4942,ND04100,0,0,0,0,0,0,0,0,0,0,0,0,0,0,0,0,0,0,0,2,0,2,0,0,0,2,0,0,0,0,0,0,0,0,0,0,0,0,0,0,0,0,0,0,0,0,0,0,0,0,0,0,0,0,553,0,553,553,0,0,0,553,0,0,0,0,0,0,0,0,369,0,0,0,0,184,0,0,553,0,0,0,369,0,0,0,0,184,0,0,553,1,2.45793156762571
Sargent County Sheriff's Office,1989-04-01,North Dakota,4942,ND04100,0,0,0,0,0,0,0,0,0,0,0,0,0,0,0,0,0,0,0,0,1,1,0,0,0,0,0,0,0,0,1,0,0,0,0,0,0,0,0,0,0,0,0,0,0,0,0,0,0,0,0,0,0,0,0,983,983,983,0,0,0,0,0,0,0,0,983,0,0,0,0,0,0,0,0,983,0,0,983,0,0,0,0,0,0,0,0,0,0,0,0,1,2.45793156762571
Sargent County Sheriff's Office,1989-05-01,North Dakota,4942,ND04100,0,1,0,0,0,0,1,0,0,0,0,0,0,0,0,0,0,0,0,1,4,5,0,0,0,1,1,0,0,0,3,0,0,0,0,307,0,0,0,0,0,307,0,0,0,0,0,0,0,0,0,0,0,0,123,5076,5199,5506,0,0,0,123,1229,0,0,0,3847,0,0,0,123,307,0,0,0,3908,0,1168,5506,0,0,0,0,307,0,0,0,0,0,0,307,1,2.45793156762571
Sargent County Sheriff's Office,1989-06-01,North Dakota,4942,ND04100,0,0,0,0,0,0,0,0,0,0,0,0,0,0,0,0,0,0,0,1,1,2,0,0,0,0,0,0,0,0,2,0,0,0,0,0,0,0,0,0,0,0,0,0,0,0,0,0,0,0,0,0,0,0,197,614,811,811,0,0,0,0,0,0,0,0,811,0,0,0,0,0,0,614,0,197,0,0,811,0,0,0,0,0,0,0,0,0,0,0,0,1,2.45793156762571
Sargent County Sheriff's Office,1989-07-01,North Dakota,4942,ND04100,0,0,1,0,1,0,2,0,0,0,0,0,0,0,0,0,0,0,1,2,1,4,0,0,0,1,0,0,0,0,3,0,0,0,0,0,0,737,541,0,0,1278,0,0,0,0,0,0,0,0,0,0,0,108,565,7374,8047,9325,0,0,0,123,0,0,0,0,7924,0,7374,541,0,737,0,0,0,673,0,0,9325,0,0,0,0,737,0,0,0,0,0,0,737,1,2.45793156762571
Sargent County Sheriff's Office,1989-08-01,North Dakota,4942,ND04100,0,0,0,0,3,0,3,0,0,0,0,0,0,0,0,0,0,0,0,0,1,1,0,0,0,0,1,0,0,0,0,0,0,0,0,0,0,0,246,0,0,246,0,0,0,0,0,0,0,0,0,0,0,0,0,737,737,983,0,0,0,0,737,0,0,0,0,0,123,737,0,0,0,0,0,0,0,123,983,0,123,0,0,0,0,0,0,0,0,123,246,1,2.45793156762571
Sargent County Sheriff's Office,1989-09-01,North Dakota,4942,ND04100,0,0,1,0,0,0,1,0,0,0,0,0,0,0,0,0,0,0,0,2,0,2,0,0,0,1,0,0,0,0,1,0,0,0,0,0,0,0,0,0,0,0,0,0,0,0,0,0,0,0,0,0,0,0,737,0,737,737,0,0,0,369,0,0,0,0,369,0,0,0,0,0,0,0,0,737,0,0,737,0,0,0,0,0,0,0,0,614,0,0,614,1,2.45793156762571
Sargent County Sheriff's Office,1989-10-01,North Dakota,4942,ND04100,0,0,0,0,0,0,0,1,0,0,0,0,0,0,0,0,0,0,0,1,2,3,0,0,0,1,0,0,0,0,2,1,0,1,0,0,0,0,0,0,0,0,2458,0,0,0,0,0,0,0,0,0,0,0,430,4670,5100,7558,0,0,0,2212,0,0,0,0,2888,0,430,0,2212,0,0,0,2458,2458,0,0,7558,0,0,0,0,0,0,0,2458,0,0,0,2458,1,2.45793156762571
Sargent County Sheriff's Office,1989-11-01,North Dakota,4942,ND04100,0,0,0,0,5,0,5,1,0,0,0,0,0,0,0,0,0,0,0,2,1,3,0,0,0,2,0,0,0,0,1,1,0,1,0,0,0,0,6051,0,0,6051,6145,0,0,0,0,0,0,0,0,0,0,0,438,737,1175,13371,0,0,0,929,0,0,0,0,246,0,519,3146,737,418,0,0,6145,2406,0,0,13371,0,192,0,0,0,0,0,6145,0,0,0,6337,1,2.45793156762571
Sargent County Sheriff's Office,1989-12-01,North Dakota,4942,ND04100,0,1,2,0,0,0,3,0,0,0,0,0,0,0,0,0,0,0,0,0,2,2,0,0,0,1,0,0,0,0,1,0,0,0,0,98,0,2522,0,0,0,2620,0,0,0,0,0,0,0,0,0,0,0,0,0,9869,9869,12489,0,0,0,2409,0,0,0,0,7460,0,0,0,1106,98,0,0,0,10999,0,285,12489,0,0,0,0,0,0,0,0,0,0,0,0,1,2.45793156762571
Sargent County Sheriff's Office,1990-01-01,North Dakota,3964,ND04100,0,0,0,0,0,0,0,0,0,0,0,0,0,0,0,0,0,0,0,0,0,0,0,0,0,0,0,0,0,0,0,0,0,0,0,0,0,0,0,0,0,0,0,0,0,0,0,0,0,0,0,0,0,0,0,0,0,0,0,0,0,0,0,0,0,0,0,0,0,0,0,0,0,0,0,0,0,0,0,0,0,0,0,0,0,0,0,0,0,0,0,1,2.33204860003827
Sargent County Sheriff's Office,1990-02-01,North Dakota,3964,ND04100,0,0,0,0,0,0,0,0,0,0,0,0,0,0,0,0,0,0,0,0,0,0,0,0,0,0,0,0,0,0,0,0,0,0,0,0,0,0,0,0,0,0,0,0,0,0,0,0,0,0,0,0,0,0,0,0,0,0,0,0,0,0,0,0,0,0,0,0,0,0,0,0,0,0,0,0,0,0,0,0,0,0,0,0,0,0,0,0,0,0,0,1,2.33204860003827
Sargent County Sheriff's Office,1990-03-01,North Dakota,3964,ND04100,0,0,0,0,0,0,0,0,0,0,0,0,0,0,0,0,0,0,0,0,0,0,0,0,0,0,0,0,0,0,0,0,0,0,0,0,0,0,0,0,0,0,0,0,0,0,0,0,0,0,0,0,0,0,0,0,0,0,0,0,0,0,0,0,0,0,0,0,0,0,0,0,0,0,0,0,0,0,0,0,0,0,0,0,0,0,0,0,0,0,0,1,2.33204860003827
Sargent County Sheriff's Office,1990-04-01,North Dakota,3964,ND04100,0,0,0,0,0,0,0,0,0,0,0,0,0,0,0,0,0,0,0,0,0,0,0,0,0,0,0,0,0,0,0,0,0,0,0,0,0,0,0,0,0,0,0,0,0,0,0,0,0,0,0,0,0,0,0,0,0,0,0,0,0,0,0,0,0,0,0,0,0,0,0,0,0,0,0,0,0,0,0,0,0,0,0,0,0,0,0,0,0,0,0,1,2.33204860003827
Sargent County Sheriff's Office,1990-05-01,North Dakota,3964,ND04100,0,0,0,0,0,0,0,0,0,0,0,0,0,0,0,0,0,0,0,0,0,0,0,0,0,0,0,0,0,0,0,0,0,0,0,0,0,0,0,0,0,0,0,0,0,0,0,0,0,0,0,0,0,0,0,0,0,0,0,0,0,0,0,0,0,0,0,0,0,0,0,0,0,0,0,0,0,0,0,0,0,0,0,0,0,0,0,0,0,0,0,1,2.33204860003827
Sargent County Sheriff's Office,1990-06-01,North Dakota,3964,ND04100,0,0,0,0,0,0,0,0,0,0,0,0,0,0,0,0,0,0,0,0,0,0,0,0,0,0,0,0,0,0,0,0,0,0,0,0,0,0,0,0,0,0,0,0,0,0,0,0,0,0,0,0,0,0,0,0,0,0,0,0,0,0,0,0,0,0,0,0,0,0,0,0,0,0,0,0,0,0,0,0,0,0,0,0,0,0,0,0,0,0,0,1,2.33204860003827
Sargent County Sheriff's Office,1990-07-01,North Dakota,3964,ND04100,0,0,0,0,0,0,0,0,0,0,0,0,0,0,0,0,0,0,0,0,0,0,0,0,0,0,0,0,0,0,0,0,0,0,0,0,0,0,0,0,0,0,0,0,0,0,0,0,0,0,0,0,0,0,0,0,0,0,0,0,0,0,0,0,0,0,0,0,0,0,0,0,0,0,0,0,0,0,0,0,0,0,0,0,0,0,0,0,0,0,0,1,2.33204860003827
Sargent County Sheriff's Office,1990-08-01,North Dakota,3964,ND04100,0,0,0,0,0,0,0,0,0,0,0,0,0,0,0,0,0,0,0,0,0,0,0,0,0,0,0,0,0,0,0,0,0,0,0,0,0,0,0,0,0,0,0,0,0,0,0,0,0,0,0,0,0,0,0,0,0,0,0,0,0,0,0,0,0,0,0,0,0,0,0,0,0,0,0,0,0,0,0,0,0,0,0,0,0,0,0,0,0,0,0,1,2.33204860003827
Sargent County Sheriff's Office,1990-09-01,North Dakota,3964,ND04100,0,0,0,0,0,0,0,0,0,0,0,0,0,0,0,0,0,0,0,0,0,0,0,0,0,0,0,0,0,0,0,0,0,0,0,0,0,0,0,0,0,0,0,0,0,0,0,0,0,0,0,0,0,0,0,0,0,0,0,0,0,0,0,0,0,0,0,0,0,0,0,0,0,0,0,0,0,0,0,0,0,0,0,0,0,0,0,0,0,0,0,1,2.33204860003827
Sargent County Sheriff's Office,1990-10-01,North Dakota,3964,ND04100,0,0,0,0,0,0,0,0,0,0,0,0,0,0,0,0,0,0,0,0,0,0,0,0,0,0,0,0,0,0,0,0,0,0,0,0,0,0,0,0,0,0,0,0,0,0,0,0,0,0,0,0,0,0,0,0,0,0,0,0,0,0,0,0,0,0,0,0,0,0,0,0,0,0,0,0,0,0,0,0,0,0,0,0,0,0,0,0,0,0,0,1,2.33204860003827
Sargent County Sheriff's Office,1990-11-01,North Dakota,3964,ND04100,0,0,0,0,0,0,0,0,0,0,0,0,0,0,0,0,0,0,0,0,0,0,0,0,0,0,0,0,0,0,0,0,0,0,0,0,0,0,0,0,0,0,0,0,0,0,0,0,0,0,0,0,0,0,0,0,0,0,0,0,0,0,0,0,0,0,0,0,0,0,0,0,0,0,0,0,0,0,0,0,0,0,0,0,0,0,0,0,0,0,0,1,2.33204860003827
Sargent County Sheriff's Office,1990-12-01,North Dakota,3964,ND04100,0,0,0,0,0,0,0,0,0,0,0,0,0,0,0,0,0,0,0,0,0,0,0,0,0,0,0,0,0,0,0,0,0,0,0,0,0,0,0,0,0,0,0,0,0,0,0,0,0,0,0,0,0,0,0,0,0,0,0,0,0,0,0,0,0,0,0,0,0,0,0,0,0,0,0,0,0,0,0,0,0,0,0,0,0,0,0,0,0,0,0,1,2.33204860003827
Sargent County Sheriff's Office,1991-01-01,North Dakota,3940,ND04100,0,0,0,0,0,0,0,0,0,0,0,0,0,0,0,0,0,0,0,0,0,0,0,0,0,0,0,0,0,0,0,0,0,0,0,0,0,0,0,0,0,0,0,0,0,0,0,0,0,0,0,0,0,0,0,0,0,0,0,0,0,0,0,0,0,0,0,0,0,0,0,0,0,0,0,0,0,0,0,0,0,0,0,0,0,0,0,0,0,0,0,1,2.23729976136572
Sargent County Sheriff's Office,1991-02-01,North Dakota,3940,ND04100,0,0,0,0,0,0,0,0,0,0,0,0,0,0,0,0,0,0,0,0,0,0,0,0,0,0,0,0,0,0,0,0,0,0,0,0,0,0,0,0,0,0,0,0,0,0,0,0,0,0,0,0,0,0,0,0,0,0,0,0,0,0,0,0,0,0,0,0,0,0,0,0,0,0,0,0,0,0,0,0,0,0,0,0,0,0,0,0,0,0,0,1,2.23729976136572
Sargent County Sheriff's Office,1991-03-01,North Dakota,3940,ND04100,0,0,0,0,0,0,0,0,0,0,0,0,0,0,0,0,0,0,0,0,0,0,0,0,0,0,0,0,0,0,0,0,0,0,0,0,0,0,0,0,0,0,0,0,0,0,0,0,0,0,0,0,0,0,0,0,0,0,0,0,0,0,0,0,0,0,0,0,0,0,0,0,0,0,0,0,0,0,0,0,0,0,0,0,0,0,0,0,0,0,0,1,2.23729976136572
Sargent County Sheriff's Office,1991-04-01,North Dakota,3940,ND04100,0,0,0,0,0,0,0,0,0,0,0,0,0,0,0,0,0,0,0,0,0,0,0,0,0,0,0,0,0,0,0,0,0,0,0,0,0,0,0,0,0,0,0,0,0,0,0,0,0,0,0,0,0,0,0,0,0,0,0,0,0,0,0,0,0,0,0,0,0,0,0,0,0,0,0,0,0,0,0,0,0,0,0,0,0,0,0,0,0,0,0,1,2.23729976136572
Sargent County Sheriff's Office,1991-05-01,North Dakota,3940,ND04100,0,0,0,0,0,0,0,0,0,0,0,0,0,0,0,0,0,0,0,0,0,0,0,0,0,0,0,0,0,0,0,0,0,0,0,0,0,0,0,0,0,0,0,0,0,0,0,0,0,0,0,0,0,0,0,0,0,0,0,0,0,0,0,0,0,0,0,0,0,0,0,0,0,0,0,0,0,0,0,0,0,0,0,0,0,0,0,0,0,0,0,1,2.23729976136572
Sargent County Sheriff's Office,1991-06-01,North Dakota,3940,ND04100,0,0,0,0,0,0,0,0,0,0,0,0,0,0,0,0,0,0,0,0,0,0,0,0,0,0,0,0,0,0,0,0,0,0,0,0,0,0,0,0,0,0,0,0,0,0,0,0,0,0,0,0,0,0,0,0,0,0,0,0,0,0,0,0,0,0,0,0,0,0,0,0,0,0,0,0,0,0,0,0,0,0,0,0,0,0,0,0,0,0,0,1,2.23729976136572
Sargent County Sheriff's Office,1991-07-01,North Dakota,3940,ND04100,0,0,0,0,0,0,0,0,0,0,0,0,0,0,0,0,0,0,0,0,0,0,0,0,0,0,0,0,0,0,0,0,0,0,0,0,0,0,0,0,0,0,0,0,0,0,0,0,0,0,0,0,0,0,0,0,0,0,0,0,0,0,0,0,0,0,0,0,0,0,0,0,0,0,0,0,0,0,0,0,0,0,0,0,0,0,0,0,0,0,0,1,2.23729976136572
Sargent County Sheriff's Office,1991-08-01,North Dakota,3940,ND04100,0,0,0,0,0,0,0,0,0,0,0,0,0,0,0,0,0,0,0,0,0,0,0,0,0,0,0,0,0,0,0,0,0,0,0,0,0,0,0,0,0,0,0,0,0,0,0,0,0,0,0,0,0,0,0,0,0,0,0,0,0,0,0,0,0,0,0,0,0,0,0,0,0,0,0,0,0,0,0,0,0,0,0,0,0,0,0,0,0,0,0,1,2.23729976136572
Sargent County Sheriff's Office,1991-09-01,North Dakota,3940,ND04100,0,0,0,0,0,0,0,0,0,0,0,0,0,0,0,0,0,0,0,0,0,0,0,0,0,0,0,0,0,0,0,0,0,0,0,0,0,0,0,0,0,0,0,0,0,0,0,0,0,0,0,0,0,0,0,0,0,0,0,0,0,0,0,0,0,0,0,0,0,0,0,0,0,0,0,0,0,0,0,0,0,0,0,0,0,0,0,0,0,0,0,1,2.23729976136572
Sargent County Sheriff's Office,1991-10-01,North Dakota,3940,ND04100,0,0,0,0,0,0,0,0,0,0,0,0,0,0,0,0,0,0,0,0,0,0,0,0,0,0,0,0,0,0,0,0,0,0,0,0,0,0,0,0,0,0,0,0,0,0,0,0,0,0,0,0,0,0,0,0,0,0,0,0,0,0,0,0,0,0,0,0,0,0,0,0,0,0,0,0,0,0,0,0,0,0,0,0,0,0,0,0,0,0,0,1,2.23729976136572
Sargent County Sheriff's Office,1991-11-01,North Dakota,3940,ND04100,0,0,0,0,0,0,0,0,0,0,0,0,0,0,0,0,0,0,0,0,0,0,0,0,0,0,0,0,0,0,0,0,0,0,0,0,0,0,0,0,0,0,0,0,0,0,0,0,0,0,0,0,0,0,0,0,0,0,0,0,0,0,0,0,0,0,0,0,0,0,0,0,0,0,0,0,0,0,0,0,0,0,0,0,0,0,0,0,0,0,0,1,2.23729976136572
Sargent County Sheriff's Office,1991-12-01,North Dakota,3940,ND04100,0,0,0,0,0,0,0,0,0,0,0,0,0,0,0,0,0,0,0,0,0,0,0,0,0,0,0,0,0,0,0,0,0,0,0,0,0,0,0,0,0,0,0,0,0,0,0,0,0,0,0,0,0,0,0,0,0,0,0,0,0,0,0,0,0,0,0,0,0,0,0,0,0,0,0,0,0,0,0,0,0,0,0,0,0,0,0,0,0,0,0,1,2.23729976136572
Sargent County Sheriff's Office,1992-01-01,North Dakota,3946,ND04100,0,0,0,0,0,0,0,0,0,0,0,0,0,0,0,0,0,0,0,0,0,0,0,0,0,0,0,0,0,0,0,0,0,0,0,0,0,0,0,0,0,0,0,0,0,0,0,0,0,0,0,0,0,0,0,0,0,0,0,0,0,0,0,0,0,0,0,0,0,0,0,0,0,0,0,0,0,0,0,0,0,0,0,0,0,0,0,0,0,0,0,1,2.17152809122224
Sargent County Sheriff's Office,1992-02-01,North Dakota,3946,ND04100,0,0,0,0,0,0,0,0,0,0,0,0,0,0,0,0,0,0,0,0,0,0,0,0,0,0,0,0,0,0,0,0,0,0,0,0,0,0,0,0,0,0,0,0,0,0,0,0,0,0,0,0,0,0,0,0,0,0,0,0,0,0,0,0,0,0,0,0,0,0,0,0,0,0,0,0,0,0,0,0,0,0,0,0,0,0,0,0,0,0,0,1,2.17152809122224
Sargent County Sheriff's Office,1992-03-01,North Dakota,3946,ND04100,0,0,0,0,0,0,0,0,0,0,0,0,0,0,0,0,0,0,0,0,0,0,0,0,0,0,0,0,0,0,0,0,0,0,0,0,0,0,0,0,0,0,0,0,0,0,0,0,0,0,0,0,0,0,0,0,0,0,0,0,0,0,0,0,0,0,0,0,0,0,0,0,0,0,0,0,0,0,0,0,0,0,0,0,0,0,0,0,0,0,0,1,2.17152809122224
Sargent County Sheriff's Office,1992-04-01,North Dakota,3946,ND04100,0,0,0,0,0,0,0,0,0,0,0,0,0,0,0,0,0,0,0,0,0,0,0,0,0,0,0,0,0,0,0,0,0,0,0,0,0,0,0,0,0,0,0,0,0,0,0,0,0,0,0,0,0,0,0,0,0,0,0,0,0,0,0,0,0,0,0,0,0,0,0,0,0,0,0,0,0,0,0,0,0,0,0,0,0,0,0,0,0,0,0,1,2.17152809122224
Sargent County Sheriff's Office,1992-05-01,North Dakota,3946,ND04100,0,0,0,0,0,0,0,0,0,0,0,0,0,0,0,0,0,0,0,0,0,0,0,0,0,0,0,0,0,0,0,0,0,0,0,0,0,0,0,0,0,0,0,0,0,0,0,0,0,0,0,0,0,0,0,0,0,0,0,0,0,0,0,0,0,0,0,0,0,0,0,0,0,0,0,0,0,0,0,0,0,0,0,0,0,0,0,0,0,0,0,1,2.17152809122224
Sargent County Sheriff's Office,1992-06-01,North Dakota,3946,ND04100,0,0,0,0,0,0,0,0,0,0,0,0,0,0,0,0,0,0,0,0,0,0,0,0,0,0,0,0,0,0,0,0,0,0,0,0,0,0,0,0,0,0,0,0,0,0,0,0,0,0,0,0,0,0,0,0,0,0,0,0,0,0,0,0,0,0,0,0,0,0,0,0,0,0,0,0,0,0,0,0,0,0,0,0,0,0,0,0,0,0,0,1,2.17152809122224
Sargent County Sheriff's Office,1992-07-01,North Dakota,3946,ND04100,0,0,0,0,0,0,0,0,0,0,0,0,0,0,0,0,0,0,0,0,0,0,0,0,0,0,0,0,0,0,0,0,0,0,0,0,0,0,0,0,0,0,0,0,0,0,0,0,0,0,0,0,0,0,0,0,0,0,0,0,0,0,0,0,0,0,0,0,0,0,0,0,0,0,0,0,0,0,0,0,0,0,0,0,0,0,0,0,0,0,0,1,2.17152809122224
Sargent County Sheriff's Office,1992-08-01,North Dakota,3946,ND04100,0,0,0,0,0,0,0,0,0,0,0,0,0,0,0,0,0,0,0,0,0,0,0,0,0,0,0,0,0,0,0,0,0,0,0,0,0,0,0,0,0,0,0,0,0,0,0,0,0,0,0,0,0,0,0,0,0,0,0,0,0,0,0,0,0,0,0,0,0,0,0,0,0,0,0,0,0,0,0,0,0,0,0,0,0,0,0,0,0,0,0,1,2.17152809122224
Sargent County Sheriff's Office,1992-09-01,North Dakota,3946,ND04100,0,0,0,0,0,0,0,0,0,0,0,0,0,0,0,0,0,0,0,0,0,0,0,0,0,0,0,0,0,0,0,0,0,0,0,0,0,0,0,0,0,0,0,0,0,0,0,0,0,0,0,0,0,0,0,0,0,0,0,0,0,0,0,0,0,0,0,0,0,0,0,0,0,0,0,0,0,0,0,0,0,0,0,0,0,0,0,0,0,0,0,1,2.17152809122224
Sargent County Sheriff's Office,1992-10-01,North Dakota,3946,ND04100,0,0,0,0,0,0,0,0,0,0,0,0,0,0,0,0,0,0,0,0,0,0,0,0,0,0,0,0,0,0,0,0,0,0,0,0,0,0,0,0,0,0,0,0,0,0,0,0,0,0,0,0,0,0,0,0,0,0,0,0,0,0,0,0,0,0,0,0,0,0,0,0,0,0,0,0,0,0,0,0,0,0,0,0,0,0,0,0,0,0,0,1,2.17152809122224
Sargent County Sheriff's Office,1992-11-01,North Dakota,3946,ND04100,0,0,0,0,0,0,0,0,0,0,0,0,0,0,0,0,0,0,0,0,0,0,0,0,0,0,0,0,0,0,0,0,0,0,0,0,0,0,0,0,0,0,0,0,0,0,0,0,0,0,0,0,0,0,0,0,0,0,0,0,0,0,0,0,0,0,0,0,0,0,0,0,0,0,0,0,0,0,0,0,0,0,0,0,0,0,0,0,0,0,0,1,2.17152809122224
Sargent County Sheriff's Office,1992-12-01,North Dakota,3946,ND04100,0,0,0,0,0,0,0,0,0,0,0,0,0,0,0,0,0,0,0,0,0,0,0,0,0,0,0,0,0,0,0,0,0,0,0,0,0,0,0,0,0,0,0,0,0,0,0,0,0,0,0,0,0,0,0,0,0,0,0,0,0,0,0,0,0,0,0,0,0,0,0,0,0,0,0,0,0,0,0,0,0,0,0,0,0,0,0,0,0,0,0,1,2.17152809122224
Sargent County Sheriff's Office,1993-01-01,North Dakota,3819,ND04100,0,0,0,0,5,0,5,0,0,0,0,0,0,0,0,0,0,0,0,0,0,0,0,0,0,0,0,0,0,0,0,0,0,0,0,0,0,0,4950,0,0,4950,0,0,0,0,0,0,0,0,0,0,0,0,0,0,0,4950,0,0,0,0,0,0,0,0,0,0,84,4866,0,0,0,0,0,0,0,0,4950,0,0,0,0,0,0,0,0,0,0,0,0,1,2.10926968560715
Sargent County Sheriff's Office,1993-02-01,North Dakota,3819,ND04100,0,0,0,0,0,0,0,0,0,0,0,0,0,0,0,0,0,0,2,1,0,3,0,0,0,1,2,0,0,0,0,0,0,0,0,0,0,0,0,0,0,0,0,0,0,0,0,0,0,0,0,0,0,127,316,0,443,443,0,0,0,316,127,0,0,0,0,0,0,42,0,0,0,0,0,84,0,316,443,0,0,0,0,0,0,0,0,0,0,0,0,1,2.10926968560715
Sargent County Sheriff's Office,1993-03-01,North Dakota,3819,ND04100,1,0,0,0,0,0,1,0,0,0,0,0,0,0,0,0,0,0,1,0,1,2,0,0,0,0,2,0,0,0,0,0,0,0,0,0,0,0,0,0,0,0,0,0,0,0,0,0,0,0,0,0,0,21,0,2953,2974,2974,0,0,0,0,2974,0,0,0,0,0,0,0,0,0,0,0,0,2974,0,0,2974,0,0,0,0,0,0,0,0,0,0,0,0,1,2.10926968560715
Sargent County Sheriff's Office,1993-04-01,North Dakota,3819,ND04100,0,0,0,0,0,0,0,0,0,0,0,0,0,0,0,0,0,0,2,0,1,3,0,0,1,1,1,0,0,0,0,0,0,0,0,0,0,0,0,0,0,0,0,0,0,0,0,0,0,0,0,0,0,2,0,605,607,607,0,0,0,2,605,0,0,0,0,521,0,0,0,0,0,0,0,86,0,0,607,0,0,0,0,0,0,0,0,0,0,0,0,1,2.10926968560715
Sargent County Sheriff's Office,1993-05-01,North Dakota,3819,ND04100,0,0,0,0,0,0,0,0,0,0,0,0,0,0,0,0,0,0,0,1,1,2,0,0,0,0,2,0,0,0,0,0,0,0,0,0,0,0,0,0,0,0,0,0,0,0,0,0,0,0,0,0,0,0,179,6480,6659,6659,0,0,0,0,6659,0,0,0,0,0,6659,0,0,0,0,0,0,0,0,0,6659,0,0,0,0,0,0,0,0,0,0,0,0,1,2.10926968560715
Sargent County Sheriff's Office,1993-06-01,North Dakota,3819,ND04100,0,0,0,0,1,0,1,0,0,0,0,0,0,0,0,0,0,0,0,0,3,3,0,0,1,2,0,0,0,0,0,0,0,0,0,0,0,0,3375,0,0,3375,0,0,0,0,0,0,0,0,0,0,0,0,0,71084,71084,74459,0,0,66864,4221,0,0,0,0,0,0,3375,0,0,0,0,66864,0,2,0,4219,74459,0,0,0,0,0,0,0,0,0,0,0,0,1,2.10926968560715
Sargent County Sheriff's Office,1993-07-01,North Dakota,3819,ND04100,0,0,0,0,1,0,1,1,0,0,0,0,0,0,0,0,0,0,0,4,2,6,0,1,2,1,2,0,0,0,0,0,0,1,0,0,0,0,0,0,0,0,18983,0,0,0,0,0,0,0,0,0,0,0,951,21831,22782,41766,0,211,21831,308,432,0,0,0,0,0,0,0,0,0,0,21831,18983,656,295,0,41766,0,0,0,0,0,0,0,18983,211,0,0,19194,1,2.10926968560715
Sargent County Sheriff's Office,1993-08-01,North Dakota,3819,ND04100,0,1,0,1,1,0,3,0,0,0,0,0,0,0,0,0,0,0,0,0,1,1,0,0,1,0,0,0,0,0,0,0,0,0,0,359,0,0,0,2732,0,3090,0,0,0,0,0,0,0,0,0,0,0,0,0,14765,14765,17855,0,0,14765,0,0,0,0,0,0,0,0,3090,0,0,0,14765,0,0,0,0,17855,0,0,0,0,0,0,0,0,2,0,1476,1479,1,2.10926968560715
Sargent County Sheriff's Office,1993-09-01,North Dakota,3819,ND04100,0,0,0,0,0,0,0,0,0,0,0,0,0,0,0,0,0,0,0,0,2,2,0,0,1,0,1,0,0,0,0,0,0,0,0,0,0,0,0,0,0,0,0,0,0,0,0,0,0,0,0,0,0,0,0,7066,7066,7066,0,0,738,0,6328,0,0,0,0,0,0,0,0,0,0,0,0,7066,0,0,7066,0,0,0,0,0,0,0,0,0,0,0,0,1,2.10926968560715
Sargent County Sheriff's Office,1993-10-01,North Dakota,3819,ND04100,1,0,0,0,1,0,2,0,0,0,0,0,0,0,0,0,0,0,1,2,1,4,1,0,3,0,0,0,0,0,0,0,0,0,0,0,171,0,84,0,0,255,0,0,0,0,0,0,0,0,0,0,0,0,232,633,865,1120,105,0,759,0,0,0,0,0,0,0,171,717,0,0,0,0,0,232,0,0,1120,0,0,0,0,0,0,0,0,6328,0,0,6328,1,2.10926968560715
Sargent County Sheriff's Office,1993-11-01,North Dakota,3819,ND04100,0,0,0,0,0,0,0,0,0,0,0,0,0,0,0,0,0,0,1,0,0,1,0,0,1,0,0,0,0,0,0,0,0,0,0,0,0,0,0,0,0,0,0,0,0,0,0,0,0,0,0,0,0,2,0,0,2,2,0,0,2,0,0,0,0,0,0,0,2,0,0,0,0,0,0,0,0,0,2,0,0,0,0,0,0,0,0,0,0,0,0,1,2.10926968560715
Sargent County Sheriff's Office,1993-12-01,North Dakota,3819,ND04100,0,0,0,0,0,0,0,0,0,0,0,0,0,0,0,0,0,0,2,1,0,3,0,0,2,1,0,0,0,0,0,0,0,0,0,0,0,0,0,0,0,0,0,0,0,0,0,0,0,0,0,0,0,2,105,0,108,108,0,0,2,105,0,0,0,0,0,0,0,108,0,0,0,0,0,0,0,0,108,0,0,0,0,0,0,22358,0,0,0,0,22358,1,2.10926968560715
Sargent County Sheriff's Office,1994-01-01,North Dakota,3837,ND04100,0,0,0,0,0,0,0,0,0,0,0,0,0,0,0,0,0,0,0,0,1,1,1,0,0,0,0,0,0,0,0,0,0,0,0,0,0,0,0,0,0,0,0,0,0,0,0,0,0,0,0,0,0,0,0,1503,1503,1503,1503,0,0,0,0,0,0,0,0,0,0,0,0,0,0,0,0,1503,0,0,1503,0,0,0,0,0,0,0,0,0,0,0,0,1,2.05566930904593
Sargent County Sheriff's Office,1994-02-01,North Dakota,3837,ND04100,0,0,0,0,0,0,0,0,0,0,0,0,0,0,0,0,0,0,0,0,0,0,0,0,0,0,0,0,0,0,0,0,0,0,0,0,0,0,0,0,0,0,0,0,0,0,0,0,0,0,0,0,0,0,0,0,0,0,0,0,0,0,0,0,0,0,0,0,0,0,0,0,0,0,0,0,0,0,0,0,0,0,0,0,0,0,0,0,0,0,0,1,2.05566930904593
Sargent County Sheriff's Office,1994-03-01,North Dakota,3837,ND04100,0,0,0,0,0,0,0,0,0,0,0,0,0,0,0,0,0,0,0,0,1,1,0,0,0,0,1,0,0,0,0,0,0,0,0,0,0,0,0,0,0,0,0,0,0,0,0,0,0,0,0,0,0,0,0,1439,1439,1439,0,0,0,0,1439,0,0,0,0,0,0,0,0,0,0,0,0,0,0,1439,1439,0,0,0,0,0,0,0,0,0,0,0,0,1,2.05566930904593
Sargent County Sheriff's Office,1994-04-01,North Dakota,3837,ND04100,1,0,0,1,0,0,2,0,0,0,0,0,0,0,0,0,0,0,2,0,3,5,0,0,0,0,3,0,0,0,2,0,0,0,0,0,0,0,0,206,0,206,0,0,0,0,0,0,0,0,0,0,0,2,0,6342,6344,6549,0,0,0,0,4874,0,0,0,1470,0,206,206,0,2,0,0,0,6136,0,0,6549,0,0,0,0,0,0,0,0,0,0,1439,1439,1,2.05566930904593
Sargent County Sheriff's Office,1994-05-01,North Dakota,3837,ND04100,0,0,0,0,0,0,0,0,0,0,0,0,0,0,0,0,0,0,0,1,2,3,0,0,0,1,2,0,0,0,0,0,0,0,0,0,0,0,0,0,0,0,0,0,0,0,0,0,0,0,0,0,0,0,329,3885,4214,4214,0,0,0,329,3885,0,0,0,0,0,0,1521,0,2364,0,0,0,329,0,0,4214,0,0,0,0,0,0,0,0,0,0,0,0,1,2.05566930904593
Sargent County Sheriff's Office,1994-06-01,North Dakota,3837,ND04100,0,0,0,0,0,0,0,0,0,0,0,0,0,0,0,0,0,0,1,0,2,3,0,0,0,0,1,0,0,0,2,0,0,0,0,0,0,0,0,0,0,0,0,0,0,0,0,0,0,0,0,0,0,2,0,3145,3147,3147,0,0,0,0,2,0,0,0,3145,0,0,0,0,0,0,0,0,3147,0,0,3147,0,0,0,0,0,0,0,0,1316,0,0,1316,1,2.05566930904593
Sargent County Sheriff's Office,1994-07-01,North Dakota,3837,ND04100,0,0,0,0,1,0,1,0,0,0,0,0,0,0,0,0,0,0,0,0,1,1,0,0,0,0,1,0,0,0,0,0,0,0,0,0,0,0,0,0,0,0,0,0,0,0,0,0,0,0,0,0,0,0,0,1028,1028,1028,0,0,0,0,1028,0,0,0,0,0,0,1028,0,0,0,0,0,0,0,0,1028,0,0,0,0,0,0,0,0,0,0,0,0,1,2.05566930904593
Sargent County Sheriff's Office,1994-08-01,North Dakota,3837,ND04100,0,1,0,0,1,0,2,0,0,0,0,0,0,0,0,0,0,0,3,1,2,6,0,0,0,1,1,0,1,0,3,0,0,0,0,278,0,0,1665,0,0,1943,0,0,0,0,0,0,0,0,0,0,0,62,154,5139,5355,7298,0,0,0,0,0,0,2056,0,3299,0,154,62,278,0,0,3084,0,3618,103,0,7298,0,0,0,0,0,0,0,0,0,0,0,0,1,2.05566930904593
Sargent County Sheriff's Office,1994-09-01,North Dakota,3837,ND04100,1,0,0,0,0,0,1,3,0,0,0,0,0,0,0,0,0,0,1,2,1,4,0,2,0,0,1,0,0,0,1,0,0,1,0,0,206,0,0,0,0,206,2467,0,0,0,0,0,0,0,0,0,0,2,485,668,1155,3828,0,791,0,0,362,0,0,0,2,0,0,0,0,206,0,0,2467,1155,0,0,3828,0,0,0,0,0,0,0,1028,0,0,0,1028,1,2.05566930904593
Sargent County Sheriff's Office,1994-10-01,North Dakota,3837,ND04100,0,0,0,0,0,0,0,0,0,0,0,0,0,0,0,0,0,0,1,1,2,4,0,1,0,3,0,0,0,0,0,0,0,0,0,0,0,0,0,0,0,0,0,0,0,0,0,0,0,0,0,0,0,0,134,1645,1778,1778,0,134,0,1645,0,0,0,0,0,0,0,0,0,0,0,0,0,1367,0,411,1778,0,0,0,0,0,0,0,0,206,0,411,617,1,2.05566930904593
Sargent County Sheriff's Office,1994-11-01,North Dakota,3837,ND04100,1,0,0,0,0,0,1,0,0,0,0,0,0,0,0,0,0,0,2,2,1,5,0,0,0,1,0,0,0,0,4,0,0,0,0,0,0,0,0,0,0,0,0,0,0,0,0,0,0,0,0,0,0,175,236,473,884,884,0,0,0,473,0,0,0,0,411,0,0,0,0,206,0,0,0,678,0,0,884,0,0,0,0,206,0,0,0,267,0,0,473,1,2.05566930904593
Sargent County Sheriff's Office,1994-12-01,North Dakota,3837,ND04100,0,0,0,0,0,0,0,0,0,0,0,0,0,0,0,0,0,0,0,1,1,2,0,0,0,2,0,0,0,0,0,0,0,0,0,0,0,0,0,0,0,0,0,0,0,0,0,0,0,0,0,0,0,0,175,5622,5797,5797,0,0,0,5797,0,0,0,0,0,0,185,0,0,0,0,0,0,5612,0,0,5797,0,0,0,0,0,0,0,0,93,0,0,93,1,2.05566930904593
Sargent County Sheriff's Office,1995-01-01,North Dakota,3856,ND04100,0,0,0,0,0,0,0,1,0,0,0,0,0,0,0,0,0,0,1,1,1,3,0,0,0,2,1,0,0,0,0,0,0,1,0,0,0,0,0,0,0,0,3999,0,0,0,0,0,0,0,0,0,0,30,106,400,536,4535,0,0,0,136,400,0,0,0,0,0,430,0,0,0,0,0,3999,0,0,106,4535,0,0,0,0,0,0,0,3999,0,0,0,3999,1,1.99957289729848
Sargent County Sheriff's Office,1995-02-01,North Dakota,3856,ND04100,0,0,0,0,1,0,1,1,0,0,0,0,0,0,0,0,0,0,0,0,0,0,0,0,0,0,0,0,0,0,0,0,0,1,0,0,0,0,320,0,0,320,7998,0,0,0,0,0,0,0,0,0,0,0,0,0,0,8318,0,0,0,0,0,0,0,0,0,0,320,0,0,0,0,0,7998,0,0,0,8318,0,0,0,0,0,0,0,7998,0,0,0,7998,1,1.99957289729848
Sargent County Sheriff's Office,1995-03-01,North Dakota,3856,ND04100,0,1,0,0,0,0,1,0,0,0,0,0,0,0,0,0,0,0,2,2,1,5,0,0,0,3,0,0,0,0,2,0,0,0,0,2399,0,0,0,0,0,2399,0,0,0,0,0,0,0,0,0,0,0,92,300,1190,1582,3981,0,0,0,1490,0,0,0,0,92,0,12,0,0,0,0,0,0,2619,0,1350,3981,0,0,0,0,0,0,0,0,0,0,0,0,1,1.99957289729848
Sargent County Sheriff's Office,1995-04-01,North Dakota,3856,ND04100,0,1,0,0,1,0,2,0,0,0,0,0,0,0,0,0,0,0,1,0,1,2,0,0,0,0,1,0,0,0,1,0,0,0,0,0,0,0,0,0,0,0,0,0,0,0,0,0,0,0,0,0,0,18,0,2000,2018,2018,0,0,0,0,2000,0,0,0,18,0,0,18,2000,0,0,0,0,0,0,0,2018,0,0,0,0,0,0,0,0,0,0,0,0,1,1.99957289729848
Sargent County Sheriff's Office,1995-05-01,North Dakota,3856,ND04100,0,0,0,0,0,0,0,0,0,0,0,0,0,0,0,0,0,0,0,1,2,3,0,0,0,1,1,0,0,0,1,0,0,0,0,0,0,0,0,0,0,0,0,0,0,0,0,0,0,0,0,0,0,0,200,4747,4947,4947,0,0,0,400,200,0,0,0,4347,0,10,0,0,0,0,0,0,4937,0,0,4947,0,0,0,0,0,0,0,0,2,0,0,2,1,1.99957289729848
Sargent County Sheriff's Office,1995-06-01,North Dakota,3856,ND04100,0,1,0,0,1,0,2,0,0,0,0,0,0,0,0,0,0,0,1,0,1,2,0,0,0,0,0,0,0,0,2,0,0,0,0,0,0,0,49775,0,0,49775,0,0,0,0,0,0,0,0,0,0,0,70,0,900,970,50745,0,0,0,0,0,0,0,0,970,0,0,0,0,0,0,0,0,50745,0,0,50745,0,0,0,0,0,0,0,0,0,0,0,0,1,1.99957289729848
Sargent County Sheriff's Office,1995-07-01,North Dakota,3856,ND04100,0,1,0,0,0,0,1,0,0,0,0,0,0,0,0,0,0,0,2,1,4,7,0,1,0,2,1,0,0,0,3,0,0,0,0,4947,0,0,0,0,0,4947,0,0,0,0,0,0,0,0,0,0,0,74,100,2959,3133,8080,0,400,0,860,400,0,0,0,1474,0,194,618,400,0,1942,0,0,4927,0,0,8080,0,0,0,0,0,8,0,0,1540,0,0,1548,1,1.99957289729848
Sargent County Sheriff's Office,1995-08-01,North Dakota,3856,ND04100,0,0,0,0,0,0,0,0,0,0,0,0,0,0,0,0,0,0,2,3,5,10,0,2,1,2,4,0,0,0,1,0,0,0,0,0,0,0,0,0,0,0,0,0,0,0,0,0,0,0,0,0,0,100,580,10570,11250,11250,0,700,140,1030,9310,0,0,0,70,0,30,350,0,0,0,0,0,9790,880,200,11250,0,0,0,0,0,0,0,0,400,0,0,400,1,1.99957289729848
Sargent County Sheriff's Office,1995-09-01,North Dakota,3856,ND04100,0,2,0,1,1,0,4,0,0,0,0,0,0,0,0,0,0,0,0,1,1,2,0,0,0,1,0,0,0,0,1,0,0,0,0,400,0,0,1400,2064,0,3863,0,0,0,0,0,0,0,0,0,0,0,0,240,960,1200,5063,0,0,0,240,0,0,0,0,960,0,0,400,0,600,0,0,0,4063,0,0,5063,0,0,0,0,0,0,0,0,0,0,0,0,1,1.99957289729848
Sargent County Sheriff's Office,1995-10-01,North Dakota,3856,ND04100,0,0,0,0,2,0,2,0,0,0,0,0,0,0,0,0,0,0,3,0,0,3,0,0,0,1,0,0,0,1,1,0,0,0,0,0,0,0,806,0,0,806,0,0,0,0,0,0,0,0,0,0,0,84,0,0,84,890,0,0,0,30,0,0,0,4,50,0,54,300,0,0,0,0,0,536,0,0,890,0,0,0,0,0,0,0,0,0,0,0,0,1,1.99957289729848
Sargent County Sheriff's Office,1995-11-01,North Dakota,3856,ND04100,0,1,0,0,0,0,1,0,0,0,0,0,0,0,0,0,0,0,0,0,0,0,0,0,0,0,0,0,0,0,0,0,0,0,0,800,0,0,0,0,0,800,0,0,0,0,0,0,0,0,0,0,0,0,0,0,0,800,0,0,0,0,0,0,0,0,0,0,0,800,0,0,0,0,0,0,0,0,800,0,0,0,0,0,0,0,0,50,0,0,50,1,1.99957289729848
Sargent County Sheriff's Office,1995-12-01,North Dakota,3856,ND04100,1,0,0,0,0,0,1,0,0,0,0,0,0,0,0,0,0,0,1,0,0,1,0,0,0,0,0,0,0,0,1,0,0,0,0,0,180,0,0,0,0,180,0,0,0,0,0,0,0,0,0,0,0,20,0,0,20,200,0,0,0,0,0,0,0,0,20,0,0,180,0,0,0,0,0,20,0,0,200,0,0,0,0,0,0,0,0,0,0,0,0,1,1.99957289729848
Sargent County Sheriff's Office,1996-01-01,North Dakota,3874,ND04100,0,0,0,0,1,0,1,0,0,0,0,0,0,0,0,0,0,0,2,0,1,3,0,0,0,1,0,0,0,0,2,0,0,0,0,0,0,0,0,0,0,0,0,0,0,0,0,0,0,0,0,0,0,19,0,826,845,845,0,0,0,826,0,0,0,0,19,0,19,0,0,0,0,0,0,243,0,583,845,0,0,0,0,0,0,0,0,243,0,583,826,1,1.94263043247264
Sargent County Sheriff's Office,1996-02-01,North Dakota,3874,ND04100,0,0,0,0,0,0,0,0,0,0,0,0,0,0,0,0,0,0,0,1,0,1,0,0,0,0,1,0,0,0,0,0,0,0,0,0,0,0,0,0,0,0,0,0,0,0,0,0,0,0,0,0,0,0,146,0,146,146,0,0,0,0,146,0,0,0,0,0,0,0,146,0,0,0,0,0,0,0,146,0,0,0,0,0,0,0,0,0,0,0,0,1,1.94263043247264
Sargent County Sheriff's Office,1996-03-01,North Dakota,3874,ND04100,1,0,0,0,0,0,1,0,0,0,0,0,0,0,0,0,0,0,0,0,1,1,0,0,0,0,1,0,0,0,0,0,0,0,0,0,0,0,0,0,0,0,0,0,0,0,0,0,0,0,0,0,0,0,0,1554,1554,1554,0,0,0,0,1554,0,0,0,0,0,0,0,0,0,1554,0,0,0,0,0,1554,0,0,0,0,0,0,0,0,0,0,0,0,1,1.94263043247264
Sargent County Sheriff's Office,1996-04-01,North Dakota,3874,ND04100,0,1,0,0,0,0,1,0,0,0,0,0,0,0,0,0,0,0,1,1,1,3,0,0,0,2,1,0,0,0,0,0,0,0,0,82,0,0,0,0,0,82,0,0,0,0,0,0,0,0,0,0,0,2,155,5976,6133,6214,0,0,0,6131,2,0,0,0,0,0,0,1948,0,0,0,0,0,3188,0,1078,6214,0,0,0,0,0,0,0,0,0,0,0,0,1,1.94263043247264
Sargent County Sheriff's Office,1996-05-01,North Dakota,3874,ND04100,0,1,0,1,3,0,5,0,0,0,0,0,0,0,0,0,0,0,0,1,3,4,0,0,0,1,2,0,0,0,1,0,0,0,0,0,0,0,303,301,0,604,0,0,0,0,0,0,0,0,0,0,0,0,291,8790,9082,9686,0,0,0,2525,2088,0,0,0,4468,0,2,1523,291,0,583,4468,0,2819,0,0,9686,0,0,0,0,0,0,0,0,0,0,0,0,1,1.94263043247264
Sargent County Sheriff's Office,1996-06-01,North Dakota,3874,ND04100,0,2,0,0,3,0,5,0,0,0,0,0,0,0,0,0,0,0,1,0,3,4,0,0,0,0,3,0,0,0,1,0,0,0,0,19426,0,0,1638,0,0,21064,0,0,0,0,0,0,0,0,0,0,0,2,0,3351,3353,24417,0,0,0,0,2799,0,0,0,554,0,319,915,0,0,0,0,19426,3757,0,0,24417,0,0,0,0,0,0,0,19426,2,0,0,19428,1,1.94263043247264
Sargent County Sheriff's Office,1996-07-01,North Dakota,3874,ND04100,0,0,0,0,3,0,3,0,0,0,0,0,0,0,0,0,0,0,0,1,1,2,0,0,0,1,0,0,0,0,1,0,0,0,0,0,0,0,0,0,0,0,0,0,0,0,0,0,0,0,0,0,0,0,311,631,942,942,0,0,0,631,0,0,0,0,311,0,0,0,0,0,0,311,0,0,0,631,942,0,0,0,0,0,0,0,0,0,0,0,0,1,1.94263043247264
Sargent County Sheriff's Office,1996-08-01,North Dakota,3874,ND04100,1,1,0,1,0,0,3,2,0,0,0,0,0,0,0,0,0,0,0,1,0,1,0,0,0,1,0,0,0,0,0,0,0,2,0,5828,0,0,0,235,0,6063,21369,0,0,0,0,0,0,0,0,0,0,0,291,0,291,27723,0,0,0,291,0,0,0,0,0,0,0,47,0,0,0,0,27197,480,0,0,27723,0,0,0,0,0,0,0,21369,0,0,0,21369,1,1.94263043247264
Sargent County Sheriff's Office,1996-09-01,North Dakota,3874,ND04100,0,0,0,0,1,0,1,0,0,2,0,0,0,0,0,0,0,0,1,2,2,5,0,1,0,1,0,0,0,0,3,0,0,0,0,0,0,0,21,0,0,21,0,0,0,0,0,0,0,0,0,0,0,41,534,2739,3314,3335,0,291,0,1088,0,0,0,0,1935,0,0,21,0,0,0,0,0,2731,0,583,3335,0,0,0,0,0,0,0,5828,0,0,0,5828,1,1.94263043247264
Sargent County Sheriff's Office,1996-10-01,North Dakota,3874,ND04100,0,0,0,0,0,0,0,0,0,0,0,0,0,0,0,0,0,0,1,1,1,3,0,0,0,1,0,0,0,0,2,0,0,0,0,0,0,0,0,0,0,0,0,0,0,0,0,0,0,0,0,0,0,0,194,1360,1554,1554,0,0,0,194,0,0,0,0,1360,0,0,0,194,0,0,0,0,1360,0,0,1554,0,0,0,194,0,0,0,0,0,0,0,194,1,1.94263043247264
Sargent County Sheriff's Office,1996-11-01,North Dakota,3874,ND04100,0,0,0,1,1,0,2,1,0,0,0,0,0,0,0,0,0,0,0,0,3,3,0,0,0,2,1,0,0,0,0,0,0,0,0,0,0,0,0,194,0,194,2584,0,0,0,0,0,0,0,0,0,0,0,0,2632,2632,5410,0,0,0,2108,525,0,0,0,0,0,262,0,583,0,0,0,2584,1457,0,525,5410,0,0,0,0,0,0,0,0,0,0,0,0,1,1.94263043247264
Sargent County Sheriff's Office,1996-12-01,North Dakota,3874,ND04100,0,0,0,0,0,0,0,0,0,0,0,0,0,0,0,0,0,0,0,0,2,2,0,0,0,0,2,0,0,0,0,0,0,0,0,0,0,0,0,0,0,0,0,0,0,0,0,0,0,0,0,0,0,0,0,6216,6216,6216,0,0,0,0,6216,0,0,0,0,0,0,0,0,0,0,0,0,0,6216,0,6216,0,0,0,0,0,0,0,0,0,0,0,0,1,1.94263043247264
Sargent County Sheriff's Office,1997-01-01,North Dakota,3855,ND04100,0,0,0,1,0,0,1,0,0,0,0,0,0,0,0,0,0,0,0,0,0,0,0,0,0,0,0,0,0,0,0,0,0,0,0,0,0,0,0,0,0,0,0,0,0,0,0,0,0,0,0,0,0,0,0,0,0,0,0,0,0,0,0,0,0,0,0,0,0,0,0,0,0,0,0,0,0,0,0,0,0,0,0,0,0,0,0,0,0,0,0,1,1.89825511369536
Sargent County Sheriff's Office,1997-02-01,North Dakota,3855,ND04100,0,0,0,0,2,0,2,0,0,0,0,0,0,0,0,0,0,0,0,0,0,0,0,0,0,0,0,0,0,0,0,0,0,0,0,0,0,0,9590,0,0,9590,0,0,0,0,0,0,0,0,0,0,0,0,0,0,0,9590,0,0,0,0,0,0,0,0,0,0,0,0,0,0,0,0,0,0,9305,285,9590,0,0,0,0,0,0,0,0,0,0,0,0,1,1.89825511369536
Sargent County Sheriff's Office,1997-03-01,North Dakota,3855,ND04100,0,0,0,0,0,0,0,1,0,0,0,0,0,0,0,0,0,0,1,1,2,4,0,0,0,0,2,0,0,0,2,0,0,1,0,0,0,0,0,0,0,0,13288,0,0,0,0,0,0,0,0,0,0,17,142,2373,2532,15820,0,0,0,0,617,0,0,0,1915,142,0,1915,0,0,0,0,13288,475,0,0,15820,0,0,0,0,0,0,0,13288,0,0,0,13288,1,1.89825511369536
Sargent County Sheriff's Office,1997-04-01,North Dakota,3855,ND04100,0,0,0,0,0,0,0,0,0,0,0,0,0,0,0,0,0,0,2,0,1,3,0,0,0,0,2,0,0,0,1,0,0,0,0,0,0,0,0,0,0,0,0,0,0,0,0,0,0,0,0,0,0,57,0,2278,2335,2335,0,0,0,0,57,0,0,0,2278,0,0,2310,0,0,0,0,0,25,0,0,2335,0,0,32,0,0,0,0,0,25,0,0,57,1,1.89825511369536
Sargent County Sheriff's Office,1997-05-01,North Dakota,3855,ND04100,0,0,0,0,0,0,0,0,0,0,0,0,0,0,0,0,0,0,0,1,2,3,0,0,0,1,1,0,0,0,1,0,0,0,0,0,0,0,0,0,0,0,0,0,0,0,0,0,0,0,0,0,0,0,95,1319,1414,1414,0,0,0,380,940,0,0,0,95,0,380,95,0,0,0,0,0,940,0,0,1414,0,0,0,0,0,0,0,0,0,0,0,0,1,1.89825511369536
Sargent County Sheriff's Office,1997-06-01,North Dakota,3855,ND04100,0,0,0,0,1,0,1,2,0,0,0,0,0,0,0,0,0,0,1,2,3,6,0,0,0,2,0,0,0,0,4,0,0,1,0,0,0,0,0,0,0,0,2280,0,0,0,0,0,0,0,0,0,0,0,626,1727,2354,4634,0,0,0,968,0,0,0,0,1386,0,0,0,285,0,0,0,2278,2071,0,0,4634,0,0,0,0,0,0,0,1898,0,3986,0,5885,1,1.89825511369536
Sargent County Sheriff's Office,1997-07-01,North Dakota,3855,ND04100,0,0,0,0,0,0,0,1,0,0,0,0,0,0,0,0,0,0,6,1,1,8,0,1,0,6,0,0,0,0,1,0,0,0,0,0,0,0,0,0,0,0,7593,0,0,0,0,0,0,0,0,0,0,209,192,401,801,8394,0,192,0,607,0,0,0,0,2,2,38,395,47,0,0,0,7593,319,0,0,8394,0,0,0,0,0,0,0,0,192,0,0,192,1,1.89825511369536
Sargent County Sheriff's Office,1997-08-01,North Dakota,3855,ND04100,0,1,0,0,1,0,2,0,0,0,0,0,0,0,0,0,0,0,1,3,3,7,0,2,0,1,0,0,0,0,4,0,0,0,0,0,0,0,10630,0,0,10630,0,0,0,0,0,0,0,0,0,0,0,61,579,3797,4436,15066,0,475,0,569,0,0,0,0,3392,0,0,0,0,59,0,0,0,15008,0,0,15066,0,0,0,0,0,0,0,0,95,0,0,95,1,1.89825511369536
Sargent County Sheriff's Office,1997-09-01,North Dakota,3855,ND04100,0,0,0,0,3,0,3,0,0,0,0,0,0,0,0,0,0,0,2,1,5,8,0,0,0,1,2,0,0,1,4,0,0,0,0,0,0,0,61,0,0,61,0,0,0,0,0,0,0,0,0,0,0,63,237,22794,23094,23155,0,0,0,907,2933,0,0,34,19220,0,34,723,475,0,2268,0,0,19655,0,0,23155,0,0,0,0,0,0,0,0,0,0,0,0,1,1.89825511369536
Sargent County Sheriff's Office,1997-10-01,North Dakota,3855,ND04100,0,0,0,0,1,0,1,0,0,0,0,0,0,0,0,0,0,0,2,2,1,5,0,0,0,0,1,0,0,0,4,0,0,0,0,0,0,0,0,0,0,0,0,0,0,0,0,0,0,0,0,0,0,23,617,28474,29114,29114,0,0,0,0,332,0,0,0,28781,0,332,19,0,0,0,0,0,28762,0,0,29114,0,0,0,475,0,0,0,0,57713,0,0,58187,1,1.89825511369536
Sargent County Sheriff's Office,1997-11-01,North Dakota,3855,ND04100,0,0,0,1,0,0,1,1,0,0,0,0,0,0,0,0,0,0,0,0,1,1,0,0,0,0,0,0,0,0,1,0,0,1,0,0,0,0,0,790,0,790,11390,0,0,0,0,0,0,0,0,0,0,0,0,1363,1363,13542,0,0,0,0,0,0,0,0,1363,0,0,0,0,0,0,0,11390,2153,0,0,13542,0,0,0,0,0,0,0,11390,0,0,0,11390,1,1.89825511369536
Sargent County Sheriff's Office,1997-12-01,North Dakota,3855,ND04100,0,0,0,0,1,0,1,0,0,0,0,0,0,0,0,0,0,0,1,2,2,5,0,0,0,2,1,0,0,0,2,0,0,0,0,0,0,0,0,0,0,0,0,0,0,0,0,0,0,0,0,0,0,19,513,7566,8098,8098,0,0,0,771,7043,0,0,0,285,0,0,266,524,0,0,0,0,7062,0,247,8098,0,0,0,0,0,0,0,0,0,0,0,0,1,1.89825511369536
Sargent County Sheriff's Office,1998-01-01,North Dakota,3783,ND04100,0,0,0,0,0,0,0,0,0,0,0,0,0,0,0,0,0,0,1,2,3,6,0,0,0,1,4,0,0,0,1,0,0,0,0,0,0,0,0,0,0,0,0,0,0,0,0,0,0,0,0,0,0,65,374,7684,8124,8124,0,0,0,2056,5955,0,0,0,112,0,112,0,0,0,1308,0,0,6703,0,0,8124,0,112,0,0,0,0,0,0,0,0,0,112,1,1.86923930269414
Sargent County Sheriff's Office,1998-02-01,North Dakota,3783,ND04100,0,1,0,1,0,0,2,0,0,0,0,0,0,0,0,0,0,0,0,0,0,0,0,0,0,0,0,0,0,0,0,0,0,0,0,0,0,0,0,2198,0,2198,0,0,0,0,0,0,0,0,0,0,0,0,0,0,0,2198,0,0,0,0,0,0,0,0,0,0,1608,19,0,0,0,0,0,572,0,0,2198,0,0,0,0,0,0,0,0,0,0,0,0,1,1.86923930269414
Sargent County Sheriff's Office,1998-03-01,North Dakota,3783,ND04100,1,0,0,0,2,0,3,0,0,0,0,0,0,0,0,0,0,0,0,1,1,2,0,0,0,0,0,0,0,0,2,0,0,0,0,0,131,0,153,0,0,284,0,0,0,0,0,0,0,0,0,0,0,0,93,561,654,938,0,0,0,0,0,0,0,0,654,0,49,0,0,0,0,0,0,890,0,0,938,0,0,0,0,0,0,0,0,0,0,0,0,1,1.86923930269414
Sargent County Sheriff's Office,1998-04-01,North Dakota,3783,ND04100,0,1,0,0,0,0,1,0,0,0,0,0,0,0,0,0,0,0,1,0,2,3,0,0,0,1,1,0,0,0,1,0,0,0,0,0,0,0,0,0,0,0,0,0,0,0,0,0,0,0,0,0,0,37,0,2056,2094,2094,0,0,0,1122,37,0,0,0,935,0,0,935,0,0,0,0,0,37,0,1122,2094,0,0,0,0,0,0,0,0,0,0,0,0,1,1.86923930269414
Sargent County Sheriff's Office,1998-05-01,North Dakota,3783,ND04100,0,0,0,0,1,0,1,0,0,0,0,0,0,0,0,0,0,0,0,2,2,4,0,0,0,0,2,0,0,0,2,0,0,0,0,0,0,0,0,0,0,0,0,0,0,0,0,0,0,0,0,0,0,0,467,23394,23861,23861,0,0,0,0,23394,0,0,0,467,0,0,0,0,0,0,0,0,23861,0,0,23861,0,0,0,0,0,0,0,0,0,0,0,0,1,1.86923930269414
Sargent County Sheriff's Office,1998-06-01,North Dakota,3783,ND04100,0,2,0,0,0,0,2,2,0,0,0,0,0,0,0,0,0,0,0,1,1,2,0,0,0,1,0,0,0,0,1,0,0,2,0,2,0,0,0,0,0,2,16823,0,0,0,0,0,0,0,0,0,0,0,187,34583,34770,51595,0,0,0,34583,0,0,0,0,187,0,0,34581,0,0,0,0,16823,191,0,0,51595,0,0,0,0,0,0,0,16823,0,0,0,16823,1,1.86923930269414
Sargent County Sheriff's Office,1998-07-01,North Dakota,3783,ND04100,1,0,0,0,4,0,5,0,0,0,0,0,0,0,0,0,0,0,1,4,1,6,0,0,0,1,2,0,0,1,2,0,0,0,0,0,0,0,3084,0,0,3084,0,0,0,0,0,0,0,0,0,0,0,9,522,3738,4269,7354,0,0,0,9,3851,0,0,185,224,0,187,3026,0,0,0,0,0,4140,0,0,7354,0,0,0,0,0,0,0,0,0,0,0,0,1,1.86923930269414
Sargent County Sheriff's Office,1998-08-01,North Dakota,3783,ND04100,0,1,0,0,3,0,4,1,0,0,0,0,0,0,0,0,0,0,1,0,1,2,0,0,0,0,0,0,0,0,2,0,0,1,0,978,0,0,965,0,0,1942,1869,0,0,0,0,0,0,0,0,0,0,2,0,1122,1123,4935,0,0,0,0,0,0,0,0,1123,0,946,19,0,0,0,0,1869,2101,0,0,4935,0,0,0,0,0,0,0,0,0,0,0,0,1,1.86923930269414
Sargent County Sheriff's Office,1998-09-01,North Dakota,3783,ND04100,0,1,0,0,0,0,1,0,0,0,0,0,0,0,0,0,0,0,2,1,2,5,0,1,0,1,0,0,0,0,3,0,0,0,0,1028,0,0,0,0,0,1028,0,0,0,0,0,0,0,0,0,0,0,103,150,1028,1280,2309,0,374,0,654,0,0,0,0,252,0,0,654,374,0,0,0,0,1280,0,0,2309,0,0,0,0,0,0,0,1869,746,0,0,2615,1,1.86923930269414
Sargent County Sheriff's Office,1998-10-01,North Dakota,3783,ND04100,0,0,0,0,0,0,0,1,0,0,0,0,0,0,0,0,0,0,1,2,4,7,0,0,0,3,1,0,0,0,3,0,0,1,0,0,0,0,0,0,0,0,1869,0,0,0,0,0,0,0,0,0,0,47,514,7307,7868,9737,0,0,0,6524,783,0,0,0,561,0,0,0,654,0,0,0,1869,729,0,6484,9737,0,0,0,0,0,0,0,1869,374,0,3832,6075,1,1.86923930269414
Sargent County Sheriff's Office,1998-11-01,North Dakota,3783,ND04100,0,0,0,0,1,0,1,0,0,0,0,0,0,0,0,0,0,0,2,1,2,5,0,0,0,2,1,0,0,0,2,0,0,0,0,0,0,0,2116,0,0,2116,0,0,0,0,0,0,0,0,0,0,0,47,140,5387,5574,7690,0,0,0,3002,2,0,0,0,2570,0,56,2107,1682,0,0,0,0,3845,0,0,7690,0,0,0,0,0,0,0,0,0,0,0,0,1,1.86923930269414
Sargent County Sheriff's Office,1998-12-01,North Dakota,3783,ND04100,1,0,0,0,0,0,1,0,0,0,0,0,0,0,0,0,0,0,2,1,1,4,0,0,0,0,1,0,0,1,2,0,0,0,0,0,2965,0,0,0,0,2965,0,0,0,0,0,0,0,0,0,0,0,58,297,561,916,3881,0,0,0,0,297,0,0,2,617,0,30,1813,0,0,0,0,0,1740,0,297,3881,0,0,0,0,0,0,0,0,2,0,0,2,1,1.86923930269414
Sargent County Sheriff's Office,1999-01-01,North Dakota,3770,ND04100,0,0,0,0,1,0,1,1,0,0,0,0,0,0,0,0,0,0,0,0,1,1,0,0,0,0,1,0,0,0,0,0,0,1,0,0,0,0,366,0,0,366,274382,0,0,0,0,0,0,0,0,0,0,0,0,640,640,275388,0,0,0,0,640,0,0,0,0,0,0,366,0,0,0,0,274382,0,640,0,275388,0,0,0,0,0,0,0,274382,0,0,0,274382,1,1.82921556856271
Sargent County Sheriff's Office,1999-02-01,North Dakota,3770,ND04100,0,0,0,0,0,0,0,0,0,0,0,0,0,0,0,0,0,0,0,0,0,0,0,0,0,0,0,0,0,0,0,0,0,0,0,0,0,0,0,0,0,0,0,0,0,0,0,0,0,0,0,0,0,0,0,0,0,0,0,0,0,0,0,0,0,0,0,0,0,0,0,0,0,0,0,0,0,0,0,0,0,0,0,0,0,0,0,0,0,0,0,1,1.82921556856271
Sargent County Sheriff's Office,1999-03-01,North Dakota,3770,ND04100,0,0,0,0,0,0,0,0,0,0,0,0,0,0,0,0,0,0,3,3,4,10,0,0,0,9,0,0,0,0,1,0,0,0,0,0,0,0,0,0,0,0,0,0,0,0,0,0,0,0,0,0,0,57,596,2680,3333,3333,0,0,0,3205,0,0,0,0,128,91,48,37,0,0,0,0,0,3066,91,0,3333,0,0,0,0,0,0,0,0,148,0,0,148,1,1.82921556856271
Sargent County Sheriff's Office,1999-04-01,North Dakota,3770,ND04100,0,0,0,0,2,0,2,0,0,0,0,0,0,0,0,0,0,0,0,0,1,1,1,0,0,0,0,0,0,0,0,0,0,0,0,0,0,0,472,0,0,472,0,0,0,0,0,0,0,0,0,0,0,0,0,366,366,838,366,0,0,0,0,0,0,0,0,0,406,0,0,0,0,0,0,432,0,0,838,0,379,0,0,0,0,0,0,0,0,0,379,1,1.82921556856271
Sargent County Sheriff's Office,1999-05-01,North Dakota,3770,ND04100,0,1,0,0,0,0,1,0,0,0,0,0,0,0,0,0,0,0,2,0,1,3,0,0,1,0,0,0,0,0,2,0,0,0,0,31,0,0,0,0,0,31,0,0,0,0,0,0,0,0,0,0,0,4,0,373,377,408,0,0,2,0,0,0,0,0,375,0,0,2,0,0,0,2,0,404,0,0,408,0,0,0,0,0,0,0,0,0,0,0,0,1,1.82921556856271
Sargent County Sheriff's Office,1999-06-01,North Dakota,3770,ND04100,1,1,0,1,0,0,3,0,0,0,0,0,0,0,0,0,0,0,1,0,3,4,0,0,0,0,1,0,0,0,3,0,0,0,0,549,0,0,0,0,0,549,0,0,0,0,0,0,0,0,0,0,0,2,0,2671,2672,3221,0,0,0,0,549,0,0,0,2124,0,0,0,0,915,549,0,0,1758,0,0,3221,0,0,0,0,0,0,0,0,0,0,0,0,1,1.82921556856271
Sargent County Sheriff's Office,1999-07-01,North Dakota,3770,ND04100,0,1,0,1,3,0,5,0,0,0,0,0,0,0,0,0,0,0,1,2,2,5,0,0,0,1,3,0,0,0,1,0,0,0,0,0,0,0,3000,165,0,3165,0,0,0,0,0,0,0,0,0,0,0,37,452,3110,3598,6763,0,0,0,37,3293,0,0,0,269,0,274,360,0,0,183,0,0,5945,0,0,6763,0,0,0,0,0,0,0,0,0,0,0,0,1,1.82921556856271
Sargent County Sheriff's Office,1999-08-01,North Dakota,3770,ND04100,0,3,0,0,1,0,4,0,0,0,0,0,0,0,0,0,0,0,1,2,2,5,1,0,0,1,2,0,0,0,1,0,0,0,0,101,0,0,1098,0,0,1198,0,0,0,0,0,0,0,0,0,0,0,4,278,2746,3027,4225,4,0,0,183,1377,0,0,0,1463,0,55,2040,183,18,0,0,0,1930,0,0,4225,0,4,0,0,0,0,0,0,91,0,0,95,1,1.82921556856271
Sargent County Sheriff's Office,1999-09-01,North Dakota,3770,ND04100,0,1,0,0,0,0,1,0,0,0,0,0,0,0,0,0,0,0,3,1,2,6,0,0,0,2,1,0,0,0,3,0,0,0,0,73,0,0,0,0,0,73,0,0,0,0,0,0,0,0,0,0,0,80,183,1226,1489,1562,0,0,0,7,73,0,0,0,1408,0,2,0,0,73,0,494,0,993,0,0,1562,0,0,0,0,0,0,0,0,1463,0,0,1463,1,1.82921556856271
Sargent County Sheriff's Office,1999-10-01,North Dakota,3770,ND04100,0,0,0,0,0,0,0,0,0,0,0,0,0,0,0,0,0,0,1,1,4,6,1,1,0,2,1,0,0,0,1,0,0,0,0,0,0,0,0,0,0,0,0,0,0,0,0,0,0,0,0,0,0,2,320,3439,3761,3761,1098,366,0,322,512,0,0,0,1463,0,322,0,0,0,0,0,0,1244,0,2195,3761,0,0,0,0,0,0,0,0,366,0,0,366,1,1.82921556856271
Sargent County Sheriff's Office,1999-11-01,North Dakota,3770,ND04100,0,0,0,1,2,0,3,0,0,0,0,0,0,0,0,0,0,0,1,2,1,4,0,0,0,2,1,0,0,0,1,0,0,0,0,0,0,0,0,1436,0,1436,0,0,0,0,0,0,0,0,0,0,0,46,327,2835,3208,4644,0,0,0,145,2835,0,0,0,229,0,0,2835,0,0,0,0,0,373,0,1436,4644,0,0,0,0,0,0,0,0,0,0,0,0,1,1.82921556856271
Sargent County Sheriff's Office,1999-12-01,North Dakota,3770,ND04100,0,0,0,0,0,0,0,1,0,0,0,0,0,0,0,0,0,0,0,1,3,4,0,0,0,0,3,0,0,0,1,0,0,1,0,0,0,0,0,0,0,0,915,0,0,0,0,0,0,0,0,0,0,0,322,5124,5446,6360,0,0,0,0,4531,0,0,0,915,0,2,686,0,0,2,0,915,4756,0,0,6360,0,0,0,0,0,0,0,915,0,0,0,915,1,1.82921556856271
