agency,year,state,population,ORI,offenses_burg_resident_day,offenses_burg_resident_night,offenses_burg_resident_unk,offenses_burg_nonresident_day,offenses_burg_nonresident_night,offenses_burg_nonresident_unk,offenses_burg_total,offenses_motor_vehicle_theft,offenses_murder,offenses_rape,offenses_robbery_bank,offenses_robbery_chain_store,offenses_robbery_gas_station,offenses_robbery_highway,offenses_robbery_house,offenses_robbery_misc,offenses_robbery_residence,offenses_robbery_total,offenses_theft_under_50,offenses_theft_50_to_200,offenses_theft_over_200,offenses_theft_total,offenses_theft_auto_part,offenses_theft_bicycle,offenses_theft_coin_machine,offenses_theft_from_auto,offenses_theft_from_building,offenses_theft_pick_pocket,offenses_theft_purse_snatch,offenses_theft_shoplift,offenses_theft_all_other,auto_stolen_recover_local,auto_stolen_recovered_other,auto_theft_total,auto_stole_oth_recover_local,value_burg_resident_night,value_burg_resident_day,value_burg_resident_unk,value_burg_nonresident_night,value_burg_nonresident_day,value_burg_nonresident_unk,value_burg_total,value_motor_vehicle_theft,value_murder,value_rape,value_robbery_bank,value_robbery_chain_store,value_robbery_gas_station,value_robbery_highway,value_robbery_house,value_robbery_misc,value_robbery_residence,value_robbery_total,value_theft_under_50,value_theft_50_to_200,value_theft_over_200,value_theft_total,value_total_all_values,value_theft_auto_part,value_theft_bicycle,value_theft_coin_machine,value_theft_from_auto,value_theft_from_building,value_theft_pick_pocket,value_theft_purse_snatch,value_theft_shoplift,value_theft_all_other,value_stolen_clothing_or_fur,value_stolen_consumable_good,value_stolen_currency,value_stolen_guns,value_stolen_household_good,value_stolen_jewel_metal,value_stolen_livestock,value_stolen_local_mtr_veh,value_stolen_misc,value_stolen_office_equip,value_stolen_tv_and_radio,value_stolen_total,value_recovered_clothing_or_fur,value_recovered_consumable_good,value_recovered_currency,value_recovered_guns,value_recovered_house_good,value_recovered_jewel_metal,value_recovered_livestock,value_recovered_local_mtv_veh,value_recovered_misc,value_recovered_office_equip,value_recovered_tv_and_radio,value_recovered_total,price,in_2023_dollars
Kline Township Police Department,2017-01-01,Pennsylvania,1380,PA05438,0,0,0,0,0,0,0,0,0,0,0,0,0,0,0,0,0,0,0,0,0,0,0,0,0,0,0,0,0,0,0,0,0,0,0,0,0,0,0,0,0,0,0,0,0,0,0,0,0,0,0,0,0,0,0,0,0,0,0,0,0,0,0,0,0,0,0,0,0,0,0,0,0,0,0,0,0,0,0,0,0,0,0,0,0,0,0,0,0,0,0,1,1.24307319386626
Kline Township Police Department,2017-02-01,Pennsylvania,1380,PA05438,0,0,0,0,0,0,0,0,0,0,0,0,0,0,0,0,0,0,0,0,0,0,0,0,0,0,0,0,0,0,0,0,0,0,0,0,0,0,0,0,0,0,0,0,0,0,0,0,0,0,0,0,0,0,0,0,0,0,0,0,0,0,0,0,0,0,0,0,0,0,0,0,0,0,0,0,0,0,0,0,0,0,0,0,0,0,0,0,0,0,0,1,1.24307319386626
Kline Township Police Department,2017-03-01,Pennsylvania,1380,PA05438,0,0,0,0,0,0,0,0,0,0,0,0,0,0,0,0,0,0,4,1,1,6,0,0,0,4,0,0,0,0,2,0,0,0,0,0,0,0,0,0,0,0,0,0,0,0,0,0,0,0,0,0,0,32,93,251,377,377,0,0,0,377,0,0,0,0,0,50,0,0,186,7,0,0,93,25,2,12,377,0,0,0,0,0,0,0,0,0,0,0,0,1,1.24307319386626
Kline Township Police Department,2017-04-01,Pennsylvania,1380,PA05438,0,0,0,0,0,0,0,0,0,0,0,0,0,0,0,0,0,0,1,0,0,1,0,0,0,0,0,0,0,0,1,0,0,0,0,0,0,0,0,0,0,0,0,0,0,0,0,0,0,0,0,0,0,0,0,0,0,0,0,0,0,0,0,0,0,0,0,0,0,0,0,0,0,0,0,0,0,0,0,0,0,0,0,0,0,0,0,0,0,0,0,1,1.24307319386626
Kline Township Police Department,2017-05-01,Pennsylvania,1380,PA05438,0,0,0,0,0,0,0,0,0,0,0,0,0,0,0,0,0,0,2,0,0,2,0,0,0,0,0,0,0,1,1,0,0,0,0,0,0,0,0,0,0,0,0,0,0,0,0,0,0,0,0,0,0,0,0,0,0,0,0,0,0,0,0,0,0,0,0,0,0,0,0,0,0,0,0,0,0,0,0,0,0,0,0,0,0,0,0,0,0,0,0,1,1.24307319386626
Kline Township Police Department,2017-06-01,Pennsylvania,1380,PA05438,0,0,0,0,0,0,0,0,0,0,0,0,0,0,0,0,0,0,0,2,0,2,0,0,0,0,2,0,0,0,0,0,0,0,0,0,0,0,0,0,0,0,0,0,0,0,0,0,0,0,0,0,0,0,199,0,199,199,0,0,0,0,199,0,0,0,0,0,0,0,0,0,0,0,0,199,0,0,199,0,0,0,0,0,0,0,0,0,0,0,0,1,1.24307319386626
Kline Township Police Department,2017-07-01,Pennsylvania,1380,PA05438,0,0,0,0,0,0,0,1,0,0,0,0,0,0,0,0,0,0,0,0,1,1,0,0,0,0,1,0,0,0,0,0,0,0,0,0,0,0,0,0,0,0,0,0,0,0,0,0,0,0,0,0,0,0,0,186,186,186,0,0,0,0,186,0,0,0,0,0,0,0,0,0,0,0,0,186,0,0,186,0,0,0,0,0,0,0,0,0,0,0,0,1,1.24307319386626
Kline Township Police Department,2017-08-01,Pennsylvania,1380,PA05438,0,0,0,0,0,0,0,0,0,0,0,0,0,0,0,0,0,0,1,1,0,2,0,0,0,0,0,0,0,1,1,0,0,0,0,0,0,0,0,0,0,0,0,0,0,0,0,0,0,0,0,0,0,2,186,0,189,189,0,0,0,0,0,0,0,2,186,0,0,0,0,0,0,0,0,189,0,0,189,0,0,0,0,0,0,0,0,0,0,0,0,1,1.24307319386626
Kline Township Police Department,2017-09-01,Pennsylvania,1380,PA05438,0,0,0,0,0,0,0,0,0,0,0,0,0,0,0,0,0,0,0,1,3,4,0,0,0,0,1,0,0,0,3,0,0,0,0,0,0,0,0,0,0,0,0,0,0,0,0,0,0,0,0,0,0,0,62,249,311,311,0,0,0,0,249,0,0,0,62,0,0,0,0,0,0,0,0,311,0,0,311,0,0,0,0,0,0,0,0,0,0,0,0,1,1.24307319386626
Kline Township Police Department,2017-10-01,Pennsylvania,1380,PA05438,0,0,0,0,0,0,0,0,0,0,0,0,0,0,0,0,0,0,2,1,1,4,0,0,0,0,2,0,0,1,1,0,0,0,0,0,0,0,0,0,0,0,0,0,0,0,0,0,0,0,0,0,0,99,0,2865,2965,2965,0,0,0,0,2921,0,0,44,0,0,44,0,0,0,1871,0,0,1050,0,0,2965,0,44,0,0,0,0,0,0,0,0,0,44,1,1.24307319386626
Kline Township Police Department,2017-11-01,Pennsylvania,1380,PA05438,0,0,0,0,1,0,1,0,0,0,0,0,0,0,0,0,0,0,0,0,1,1,0,0,0,0,0,0,0,0,1,0,0,0,0,0,0,0,0,0,0,0,0,0,0,0,0,0,0,0,0,0,0,0,0,323,323,323,0,0,0,0,0,0,0,0,323,0,0,0,0,323,0,0,0,0,0,0,323,0,0,0,0,0,0,0,0,0,0,0,0,1,1.24307319386626
Kline Township Police Department,2017-12-01,Pennsylvania,1380,PA05438,0,0,0,0,0,0,0,0,0,3,0,0,0,0,0,0,0,0,1,0,0,1,0,0,0,0,0,0,0,1,0,0,0,0,0,0,0,0,0,0,0,0,0,0,0,0,0,0,0,0,0,0,0,0,0,0,0,0,0,0,0,0,0,0,0,0,0,0,0,0,0,0,0,0,0,0,0,0,0,0,0,0,0,0,0,0,0,0,0,0,0,1,1.24307319386626
Kline Township Police Department,2018-01-01,Pennsylvania,1366,PA05438,0,0,0,0,0,0,0,0,0,0,0,0,0,0,0,0,0,0,1,0,1,2,0,0,0,0,1,0,0,1,0,0,0,0,0,0,0,0,0,0,0,0,0,0,0,0,0,0,0,0,0,0,0,4,0,3337,3341,3341,0,0,0,0,3337,0,0,4,0,0,0,0,0,0,0,0,0,792,0,2548,3341,0,0,0,0,0,0,0,0,0,0,0,0,1,1.21343405628813
Kline Township Police Department,2018-02-01,Pennsylvania,1366,PA05438,0,0,1,0,0,0,1,0,0,0,0,0,0,0,0,0,0,0,1,2,0,3,0,0,0,0,0,0,0,1,2,0,0,0,0,0,0,1857,0,0,0,1857,0,0,0,0,0,0,0,0,0,0,0,5,267,0,272,2128,0,0,0,0,0,0,0,5,267,0,0,0,0,1857,0,0,0,272,0,0,2128,0,0,0,0,0,0,0,0,0,0,0,0,1,1.21343405628813
Kline Township Police Department,2018-03-01,Pennsylvania,1366,PA05438,0,0,0,0,0,0,0,0,0,0,0,0,0,0,0,0,0,0,0,0,1,1,0,0,0,0,0,0,0,0,1,0,0,0,0,0,0,0,0,0,0,0,0,0,0,0,0,0,0,0,0,0,0,0,0,983,983,983,0,0,0,0,0,0,0,0,983,0,0,983,0,0,0,0,0,0,0,0,983,0,0,0,0,0,0,0,0,0,0,0,0,1,1.21343405628813
Kline Township Police Department,2018-04-01,Pennsylvania,1366,PA05438,0,0,0,1,0,0,1,0,0,0,0,0,0,0,0,0,0,0,0,0,0,0,0,0,0,0,0,0,0,0,0,0,0,0,0,0,0,0,0,1710,0,1710,0,0,0,0,0,0,0,0,0,0,0,0,0,0,0,1710,0,0,0,0,0,0,0,0,0,0,0,0,0,0,0,0,0,1710,0,0,1710,0,0,0,0,0,0,0,0,0,0,0,0,1,1.21343405628813
Kline Township Police Department,2018-05-01,Pennsylvania,1366,PA05438,0,0,0,0,0,0,0,0,0,0,0,0,0,0,0,0,0,0,0,1,1,2,1,0,0,0,0,0,0,0,1,0,0,0,0,0,0,0,0,0,0,0,0,0,0,0,0,0,0,0,0,0,0,0,231,667,898,898,231,0,0,0,667,0,0,0,0,0,0,667,0,0,0,0,0,231,0,0,898,0,0,0,0,0,0,0,0,0,0,0,0,1,1.21343405628813
Kline Township Police Department,2018-06-01,Pennsylvania,1366,PA05438,0,0,0,0,0,0,0,0,0,0,0,0,0,0,0,0,0,0,0,0,0,0,0,0,0,0,0,0,0,0,0,0,0,0,0,0,0,0,0,0,0,0,0,0,0,0,0,0,0,0,0,0,0,0,0,0,0,0,0,0,0,0,0,0,0,0,0,0,0,0,0,0,0,0,0,0,0,0,0,0,0,0,0,0,0,0,0,0,0,0,0,1,1.21343405628813
Kline Township Police Department,2018-07-01,Pennsylvania,1366,PA05438,0,1,0,0,0,0,1,1,0,0,0,0,0,0,0,0,0,0,0,1,1,2,0,0,0,1,0,0,0,0,1,0,1,1,0,4289,0,0,0,0,0,4289,3640,0,0,0,0,0,0,0,0,0,0,0,61,849,910,12480,0,0,0,61,0,0,0,0,849,0,0,849,0,0,0,0,3640,4350,0,0,8840,0,0,0,0,0,0,0,3640,0,0,0,3640,1,1.21343405628813
Kline Township Police Department,2018-08-01,Pennsylvania,1366,PA05438,0,1,0,0,0,0,1,0,0,0,0,0,0,0,0,0,0,0,0,0,3,3,0,0,0,0,0,0,0,0,3,0,0,0,0,1092,0,0,0,0,0,1092,0,0,0,0,0,0,0,0,0,0,0,0,0,1881,1881,2973,0,0,0,0,0,0,0,0,1881,0,0,1881,1092,0,0,0,0,0,0,0,2973,0,0,0,0,0,0,0,0,0,0,0,0,1,1.21343405628813
Kline Township Police Department,2018-09-01,Pennsylvania,1366,PA05438,0,0,1,0,0,0,1,0,0,0,0,0,0,0,0,0,0,0,1,0,0,1,0,0,0,0,0,0,0,0,1,0,0,0,0,0,0,4,0,0,0,4,0,0,0,0,0,0,0,0,0,0,0,0,0,0,0,4,0,0,0,0,0,0,0,0,0,0,4,0,0,0,0,0,0,0,0,0,4,0,0,0,0,0,0,0,0,0,0,0,0,1,1.21343405628813
Kline Township Police Department,2018-10-01,Pennsylvania,1366,PA05438,0,0,0,0,0,0,0,0,0,0,0,0,0,0,0,0,0,0,0,1,1,2,0,0,0,0,0,0,0,0,2,0,0,0,0,0,0,0,0,0,0,0,0,0,0,0,0,0,0,0,0,0,0,0,158,971,1128,1128,0,0,0,0,0,0,0,0,1128,158,0,0,0,0,0,0,0,0,971,0,1128,0,0,0,0,0,0,0,0,0,971,0,971,1,1.21343405628813
Kline Township Police Department,2018-11-01,Pennsylvania,1366,PA05438,0,0,0,0,0,0,0,0,0,0,0,0,0,0,0,0,0,0,1,0,1,2,0,0,0,1,0,0,0,0,1,0,0,0,0,0,0,0,0,0,0,0,0,0,0,0,0,0,0,0,0,0,0,49,0,0,49,49,0,0,0,49,0,0,0,0,0,0,0,49,0,0,0,0,0,0,0,0,49,0,0,0,0,0,0,0,0,0,0,0,0,1,1.21343405628813
Kline Township Police Department,2018-12-01,Pennsylvania,1366,PA05438,0,0,0,0,0,0,0,0,0,0,0,0,0,0,0,0,0,0,2,0,1,3,0,0,0,0,0,0,0,3,0,0,0,0,0,0,0,0,0,0,0,0,0,0,0,0,0,0,0,0,0,0,0,52,0,334,386,386,0,0,0,0,0,0,0,386,0,0,0,0,0,0,0,0,0,386,0,0,386,0,0,0,0,0,0,0,0,0,0,0,0,1,1.21343405628813
Kline Township Police Department,2019-01-01,Pennsylvania,1360,PA05438,0,0,0,0,0,0,0,0,0,0,0,0,0,0,0,0,0,0,0,0,0,0,0,0,0,0,0,0,0,0,0,0,0,0,0,0,0,0,0,0,0,0,0,0,0,0,0,0,0,0,0,0,0,0,0,0,0,0,0,0,0,0,0,0,0,0,0,0,0,0,0,0,0,0,0,0,0,0,0,0,0,0,0,0,0,0,0,0,0,0,0,1,1.19183549339627
Kline Township Police Department,2019-02-01,Pennsylvania,1360,PA05438,0,0,0,0,0,0,0,0,0,0,0,0,0,0,0,0,0,0,0,0,0,0,0,0,0,0,0,0,0,0,0,0,0,0,0,0,0,0,0,0,0,0,0,0,0,0,0,0,0,0,0,0,0,0,0,0,0,0,0,0,0,0,0,0,0,0,0,0,0,0,0,0,0,0,0,0,0,0,0,0,0,0,0,0,0,0,0,0,0,0,0,1,1.19183549339627
Kline Township Police Department,2019-03-01,Pennsylvania,1360,PA05438,0,0,0,0,0,0,0,0,0,0,0,0,0,0,0,0,0,0,0,0,0,0,0,0,0,0,0,0,0,0,0,0,0,0,0,0,0,0,0,0,0,0,0,0,0,0,0,0,0,0,0,0,0,0,0,0,0,0,0,0,0,0,0,0,0,0,0,0,0,0,0,0,0,0,0,0,0,0,0,0,0,0,0,0,0,0,0,0,0,0,0,1,1.19183549339627
Kline Township Police Department,2019-04-01,Pennsylvania,1360,PA05438,0,0,0,0,0,0,0,0,0,0,0,0,0,0,0,0,0,0,0,0,0,0,0,0,0,0,0,0,0,0,0,0,0,0,0,0,0,0,0,0,0,0,0,0,0,0,0,0,0,0,0,0,0,0,0,0,0,0,0,0,0,0,0,0,0,0,0,0,0,0,0,0,0,0,0,0,0,0,0,0,0,0,0,0,0,0,0,0,0,0,0,1,1.19183549339627
Kline Township Police Department,2019-05-01,Pennsylvania,1360,PA05438,0,0,0,0,0,0,0,0,0,0,0,0,0,0,0,0,0,0,0,0,0,0,0,0,0,0,0,0,0,0,0,0,0,0,0,0,0,0,0,0,0,0,0,0,0,0,0,11918355,0,0,0,0,0,119,0,0,11918,0,0,0,0,0,0,1192,0,0,0,0,0,0,0,0,0,0,0,0,0,0,0,0,0,0,0,0,0,0,0,0,0,0,0,1,1.19183549339627
Kline Township Police Department,2019-06-01,Pennsylvania,1360,PA05438,0,0,0,0,0,1000,1000,0,0,0,0,0,10,100,0,0,0,110,0,0,0,0,0,0,0,0,0,0,0,0,0,0,0,0,0,0,0,0,0,0,0,0,119183549,0,0,0,0,0,119,0,0,0,0,0,0,0,0,0,0,0,0,0,0,0,0,0,0,0,0,0,119184,0,0,0,0,0,0,0,0,0,0,0,0,0,0,11918357,0,358,0,0,0,1,1.19183549339627
Kline Township Police Department,2019-07-01,Pennsylvania,1360,PA05438,0,0,0,0,0,0,0,0,0,30,0,0,0,0,0,0,0,0,0,0,0,0,0,0,0,0,0,0,0,0,0,0,0,0,0,0,0,0,29796,0,19069368,49,0,0,0,0,0,0,0,0,0,0,0,0,0,0,48865255,0,0,0,0,0,0,0,0,48865255,0,0,0,0,0,0,0,0,0,0,0,0,0,0,0,0,41714242,0,0,0,0,0,7151,0,48865255,1,1.19183549339627
Kline Township Police Department,2019-08-01,Pennsylvania,1360,PA05438,0,0,0,0,0,0,0,0,0,0,0,0,0,0,0,0,0,0,0,0,0,0,0,0,0,0,0,0,0,10,0,0,0,0,0,0,11918,2383671,0,0,0,0,0,0,0,0,0,11918,0,0,119184,0,1,0,0,119,0,0,0,0,0,0,0,0,0,0,0,0,0,0,0,0,0,0,2,0,429060778,0,0,0,50057,2812732,1,0,0,0,1192,104118749,0,0,0,1,1.19183549339627
Kline Township Police Department,2019-09-01,Pennsylvania,1360,PA05438,0,0,100000,0,0,0,100000,0,0,0,0,0,0,0,0,0,0,0,0,0,0,0,0,0,2000000,0,4,236,0,0,0,6000000,0,0,0,11918355,540,715101296,28127,0,0,0,0,0,0,0,0,0,0,0,0,0,0,0,0,0,0,0,0,0,0,0,0,0,0,0,27,0,0,0,0,0,0,0,0,0,0,0,0,0,0,0,0,0,0,0,0,0,0,0,0,1,1.19183549339627
Kline Township Police Department,2019-10-01,Pennsylvania,1360,PA05438,0,0,0,0,0,0,0,0,0,0,0,0,0,0,0,0,0,0,0,0,0,0,0,0,0,0,0,0,0,0,0,0,0,0,0,0,0,0,0,0,0,0,0,0,0,0,0,0,0,0,0,0,0,0,0,0,0,0,0,0,0,0,0,0,0,0,0,0,0,0,0,0,0,0,0,0,0,0,0,0,0,0,0,0,0,0,0,0,0,0,0,1,1.19183549339627
Kline Township Police Department,2019-11-01,Pennsylvania,1360,PA05438,0,0,0,0,100000,0,100000,0,0,0,0,0,0,0,0,0,0,0,0,0,0,0,0,0,0,0,0,0,0,0,0,0,0,0,0,1191835,0,0,0,0,0,0,0,11918355,0,0,0,0,11918,0,0,0,0,0,0,0,0,0,0,0,0,0,0,0,0,0,0,0,0,0,0,0,0,2,0,0,2,0,0,0,0,0,0,0,2383671,0,0,0,0,0,0,1,1.19183549339627
Kline Township Police Department,2019-12-01,Pennsylvania,1360,PA05438,0,0,0,0,0,0,0,0,0,0,0,0,2,0,0,0,0,2,0,0,0,0,0,0,0,0,0,0,0,0,0,0,0,0,0,0,0,0,0,0,0,0,0,0,23836710,0,0,0,24,0,0,0,0,0,0,0,0,0,0,0,0,0,0,11918,0,0,0,119184,0,0,0,0,0,0,0,0,119,0,0,0,0,11918,0,0,0,0,0,0,0,0,0,1,1.19183549339627
Kline Township Police Department,2020-01-01,Pennsylvania,1353,PA05438,0,0,0,0,0,0,0,0,0,0,0,0,0,0,0,0,0,0,0,0,2,2,0,0,0,0,0,0,0,0,2,0,0,0,11910,0,0,0,0,0,0,0,0,0,0,0,0,0,0,0,0,0,0,0,0,0,0,0,0,0,0,0,1402,0,0,0,0,13,0,0,0,0,0,0,1071354240,0,0,0,0,0,0,0,1071354240,0,0,0,0,1402,0,13,0,1,1.17731235192711
Kline Township Police Department,2020-02-01,Pennsylvania,1353,PA05438,0,0,0,0,0,0,0,119100,0,0,0,0,0,0,0,0,0,0,0,0,0,0,0,0,0,0,0,0,0,0,0,10,0,0,0,0,0,0,11773124,0,0,0,0,0,0,0,0,0,0,0,0,0,0,0,0,0,0,0,11773125,118,0,0,35319,0,0,0,0,23546247,0,0,0,0,0,0,0,0,0,0,0,0,0,0,0,0,0,0,0,0,0,0,0,1,1.17731235192711
Kline Township Police Department,2020-03-01,Pennsylvania,1353,PA05438,0,0,0,300000,0,0,300000,0,0,0,0,0,0,0,0,0,0,0,0,0,0,0,0,3000000,0,0,0,0,0,0,0,0,0,0,0,0,50036,0,0,0,0,0,0,0,0,0,0,0,0,0,0,500,0,0,0,0,0,0,0,0,941849882,0,49,0,0,353193706,0,0,0,0,0,0,0,0,0,0,0,0,0,0,0,0,0,0,0,0,117731,0,0,0,0,1,1.17731235192711
Kline Township Police Department,2020-04-01,Pennsylvania,1353,PA05438,0,0,0,10000,0,0,10000,0,0,0,10000,0,0,0,0,0,20000,30000,10000,0,10000,20000,0,0,0,0,0,0,0,0,0,0,0,0,0,0,0,0,0,0,0,0,0,0,0,0,0,0,0,0,0,0,0,0,0,0,5008,128327,0,5,0,0,427364384,0,0,5137,0,0,6,1283,0,0,0,694614288,0,0,0,43502,0,0,0,0,0,0,0,0,3855698,0,0,0,0,1,1.17731235192711
Kline Township Police Department,2020-05-01,Pennsylvania,1353,PA05438,0,3000000,0,0,0,0,3000000,0,0,979000,109,0,0,0,0,0,0,109,0,0,0,0,0,0,0,0,0,0,0,0,0,0,0,0,0,0,0,0,0,0,0,0,0,0,0,0,0,11773124,0,0,0,0,0,0,1,0,11773,0,0,1177312,0,0,0,0,0,0,0,0,0,0,0,0,0,0,0,0,0,0,0,0,0,0,0,0,0,0,0,0,0,0,0,1,1.17731235192711
Kline Township Police Department,2020-06-01,Pennsylvania,1353,PA05438,0,0,0,0,0,0,0,0,51000,0,0,0,510,0,0,5,0,515,0,0,0,0,0,0,0,0,510000,0,0,0,0,0,0,0,0,0,0,0,0,0,0,0,117731235,0,0,0,0,0,118,0,0,0,0,5886562,0,0,6,0,0,0,0,0,0,0,0,0,0,0,0,0,117731,0,0,0,0,0,0,0,0,0,117731,0,0,0,0,11773127,0,589,0,0,0,1,1.17731235192711
Kline Township Police Department,2020-07-01,Pennsylvania,1353,PA05438,0,0,0,0,0,0,0,0,0,0,50,0,0,0,0,0,0,50,0,0,0,0,0,0,0,0,0,0,0,0,0,0,0,0,3,0,191,0,29433,0,194256538,414,0,0,0,0,0,0,0,0,0,0,0,0,0,0,414413948,0,0,0,0,0,0,0,0,0,0,0,0,612202423,0,0,0,0,0,0,361,0,0,0,0,0,0,0,0,29433,0,0,23546,0,414413948,1,1.17731235192711
Kline Township Police Department,2020-08-01,Pennsylvania,1353,PA05438,0,0,0,0,0,0,0,0,0,0,0,0,0,0,0,0,0,0,0,0,0,0,0,0,0,0,0,0,0,10,0,0,0,0,0,0,11773,0,0,0,0,0,0,0,0,0,0,0,0,0,0,0,11773124,1177312,0,0,0,0,0,0,0,0,0,0,0,0,0,0,0,0,0,0,0,0,0,0,0,0,0,0,0,0,0,0,0,0,0,0,0,0,0,1,1.17731235192711
Kline Township Police Department,2020-09-01,Pennsylvania,1353,PA05438,0,0,0,0,0,0,0,0,0,0,0,0,0,0,0,0,0,0,0,0,0,0,0,0,0,0,0,0,0,0,0,100,0,0,0,0,0,0,0,0,0,0,0,0,0,0,0,0,0,0,0,0,0,0,0,0,0,0,0,0,0,0,0,0,0,0,0,0,0,0,0,0,0,0,0,0,0,0,235462,0,0,23546249,235462,11773124,706,23546,0,0,12,0,0,1,1.17731235192711
Kline Township Police Department,2020-10-01,Pennsylvania,1353,PA05438,0,0,0,0,0,0,0,0,0,0,0,0,0,0,0,0,0,0,0,0,0,0,0,0,0,0,0,0,0,0,0,0,0,0,0,7,1097255112,0,0,0,0,2354625,235462470,0,0,8161,0,235462,7923,0,0,2354625,0,0,0,0,0,0,0,0,792,859438017,0,0,0,7,0,0,0,0,0,0,0,0,0,0,0,0,0,1097255112,0,237817,0,0,7,0,0,0,0,0,0,1,1.17731235192711
Kline Township Police Department,2020-11-01,Pennsylvania,1353,PA05438,0,0,0,0,0,0,0,0,0,0,0,0,0,0,0,0,0,0,0,0,0,0,0,0,0,0,0,0,0,0,0,0,0,0,0,0,0,0,0,0,0,0,0,0,0,0,0,0,0,0,0,0,0,0,0,0,0,0,0,0,0,0,0,0,0,0,0,0,0,0,0,0,0,0,0,0,0,0,0,0,0,0,0,0,0,0,0,0,0,0,0,1,1.17731235192711
Kline Township Police Department,2020-12-01,Pennsylvania,1353,PA05438,0,0,0,0,0,0,0,0,0,0,0,0,0,0,0,0,0,0,0,0,0,0,0,0,0,0,0,0,0,0,0,0,0,0,0,0,0,0,0,0,0,0,0,0,0,0,0,0,0,0,0,0,0,0,0,0,0,0,0,0,0,0,0,11773,0,0,0,117731,0,0,0,0,0,0,1,0,235,11773,0,0,0,23546,0,0,0,0,0,0,0,0,0,1,1.17731235192711
Kline Township Police Department,2021-01-01,Pennsylvania,1350,PA05438,0,0,0,0,0,0,0,0,0,0,0,0,0,0,0,0,0,0,0,0,0,0,0,0,0,0,0,0,0,0,0,0,0,0,0,0,0,0,0,0,0,0,0,0,0,0,0,0,0,0,0,0,0,0,0,0,0,0,0,0,0,0,0,0,0,0,0,0,0,0,0,0,0,0,0,0,0,0,0,0,0,0,0,0,0,0,0,0,0,0,0,1,1.12448560525052
Kline Township Police Department,2021-02-01,Pennsylvania,1350,PA05438,0,0,0,0,0,0,0,0,0,0,0,0,0,0,0,0,0,0,0,0,0,0,0,0,0,0,0,0,0,0,0,0,0,0,0,0,0,0,0,0,0,0,0,0,0,0,0,0,0,0,0,0,0,0,0,0,0,0,0,0,0,0,0,0,0,0,0,0,0,0,0,0,0,0,0,0,0,0,0,0,0,0,0,0,0,0,0,0,0,0,0,1,1.12448560525052
Kline Township Police Department,2021-03-01,Pennsylvania,1350,PA05438,0,0,0,0,0,0,0,0,0,0,0,0,0,0,0,0,0,0,0,0,0,0,0,0,0,0,0,0,0,0,0,0,0,0,0,0,0,0,0,0,0,0,0,0,0,0,0,0,0,0,0,0,0,0,0,0,0,0,0,0,0,0,0,0,0,0,0,0,0,0,0,0,0,0,0,0,0,0,0,0,0,0,0,0,0,0,0,0,0,0,0,1,1.12448560525052
Kline Township Police Department,2021-04-01,Pennsylvania,1350,PA05438,0,0,0,0,0,0,0,0,0,0,0,0,0,0,0,0,0,0,0,0,0,0,0,0,0,0,0,0,0,0,0,0,0,0,0,0,0,0,0,0,0,0,0,0,0,0,0,0,0,0,0,0,0,0,0,0,0,0,0,0,0,0,0,0,0,0,0,0,0,0,0,0,0,0,0,0,0,0,0,0,0,0,0,0,0,0,0,0,0,0,0,1,1.12448560525052
Kline Township Police Department,2021-05-01,Pennsylvania,1350,PA05438,0,0,0,0,0,0,0,0,0,0,0,0,0,0,0,0,0,0,0,0,0,0,0,0,0,0,0,0,0,0,0,0,0,0,0,0,0,0,0,0,0,0,0,0,0,0,0,0,0,0,0,0,0,0,0,0,0,0,0,0,0,0,0,0,0,0,0,0,0,0,0,0,0,0,0,0,0,0,0,0,0,0,0,0,0,0,0,0,0,0,0,1,1.12448560525052
Kline Township Police Department,2021-06-01,Pennsylvania,1350,PA05438,0,0,0,0,0,0,0,0,0,0,0,0,0,0,0,0,0,0,0,0,0,0,0,0,0,0,0,0,0,0,0,0,0,0,0,0,0,0,0,0,0,0,0,0,0,0,0,0,0,0,0,0,0,0,0,0,0,0,0,0,0,0,0,0,0,0,0,0,0,0,0,0,0,0,0,0,0,0,0,0,0,0,0,0,0,0,0,0,0,0,0,1,1.12448560525052
Kline Township Police Department,2021-07-01,Pennsylvania,1350,PA05438,0,0,0,0,0,0,0,0,0,0,0,0,0,0,0,0,0,0,0,0,0,0,0,0,0,0,0,0,0,0,0,0,0,0,0,0,0,0,0,0,0,0,0,0,0,0,0,0,0,0,0,0,0,0,0,0,0,0,0,0,0,0,0,0,0,0,0,0,0,0,0,0,0,0,0,0,0,0,0,0,0,0,0,0,0,0,0,0,0,0,0,1,1.12448560525052
Kline Township Police Department,2021-08-01,Pennsylvania,1350,PA05438,0,0,0,0,0,0,0,0,0,0,0,0,0,0,0,0,0,0,0,0,0,0,0,0,0,0,0,0,0,0,0,0,0,0,0,0,0,0,0,0,0,0,0,0,0,0,0,0,0,0,0,0,0,0,0,0,0,0,0,0,0,0,0,0,0,0,0,0,0,0,0,0,0,0,0,0,0,0,0,0,0,0,0,0,0,0,0,0,0,0,0,1,1.12448560525052
Kline Township Police Department,2021-09-01,Pennsylvania,1350,PA05438,0,0,0,0,0,0,0,0,0,0,0,0,0,0,0,0,0,0,0,0,0,0,0,0,0,0,0,0,0,0,0,0,0,0,0,0,0,0,0,0,0,0,0,0,0,0,0,0,0,0,0,0,0,0,0,0,0,0,0,0,0,0,0,0,0,0,0,0,0,0,0,0,0,0,0,0,0,0,0,0,0,0,0,0,0,0,0,0,0,0,0,1,1.12448560525052
Kline Township Police Department,2021-10-01,Pennsylvania,1350,PA05438,0,0,0,0,0,0,0,0,0,0,0,0,0,0,0,0,0,0,0,0,0,0,0,0,0,0,0,0,0,0,0,0,0,0,0,0,0,0,0,0,0,0,0,0,0,0,0,0,0,0,0,0,0,0,0,0,0,0,0,0,0,0,0,0,0,0,0,0,0,0,0,0,0,0,0,0,0,0,0,0,0,0,0,0,0,0,0,0,0,0,0,1,1.12448560525052
Kline Township Police Department,2021-11-01,Pennsylvania,1350,PA05438,0,0,0,0,0,0,0,0,0,0,0,0,0,0,0,0,0,0,0,0,0,0,0,0,0,0,0,0,0,0,0,0,0,0,0,0,0,0,0,0,0,0,0,0,0,0,0,0,0,0,0,0,0,0,0,0,0,0,0,0,0,0,0,0,0,0,0,0,0,0,0,0,0,0,0,0,0,0,0,0,0,0,0,0,0,0,0,0,0,0,0,1,1.12448560525052
Kline Township Police Department,2021-12-01,Pennsylvania,1350,PA05438,0,0,0,0,0,0,0,0,0,0,0,0,0,0,0,0,0,0,0,0,0,0,0,0,0,0,0,0,0,0,0,0,0,0,0,0,0,0,0,0,0,0,0,0,0,0,0,0,0,0,0,0,0,0,0,0,0,0,0,0,0,0,0,0,0,0,0,0,0,0,0,0,0,0,0,0,0,0,0,0,0,0,0,0,0,0,0,0,0,0,0,1,1.12448560525052
Kline Township Police Department,2022-01-01,Pennsylvania,1486,PA05438,0,0,0,0,0,0,0,0,0,0,0,0,0,0,0,0,0,0,0,0,4,4,3,0,0,0,0,0,0,0,1,0,0,0,8030,0,0,0,0,0,0,0,0,0,0,0,0,0,0,0,0,0,0,0,0,0,0,0,0,0,0,0,836,0,0,0,0,8,0,0,0,0,0,0,31234902,0,0,0,8360542,0,0,0,0,0,0,0,0,0,0,0,0,1,1.04116338383745
Kline Township Police Department,2022-02-01,Pennsylvania,1486,PA05438,0,0,0,0,0,0,0,80300,0,0,0,0,0,0,0,0,0,0,803000,0,0,803000,0,0,0,0,0,0,0,0,0,0,0,0,0,0,0,0,10411634,0,0,0,0,0,0,0,0,0,0,0,0,0,0,0,0,0,0,0,10411634,0,0,0,10412,0,0,0,0,10411634,0,0,0,0,0,0,0,0,0,0,0,0,0,0,0,0,0,0,0,0,0,0,0,1,1.04116338383745
Kline Township Police Department,2022-03-01,Pennsylvania,1486,PA05438,0,0,0,0,0,0,0,0,0,0,0,0,0,0,0,0,0,0,0,0,0,0,0,0,0,0,0,0,0,0,0,0,0,0,0,0,26029,0,0,0,0,0,0,0,0,0,0,0,0,0,0,260,0,0,0,0,0,0,0,0,0,0,26,0,0,0,0,0,0,0,0,0,0,0,0,0,0,0,0,0,0,0,0,0,0,0,0,0,0,0,0,1,1.04116338383745
Kline Township Police Department,2022-04-01,Pennsylvania,1486,PA05438,0,0,0,0,0,0,0,0,0,0,0,0,0,0,0,0,0,0,0,0,0,0,0,0,0,0,0,0,0,0,0,0,0,0,0,0,0,0,0,0,0,0,0,0,0,0,0,0,0,0,0,0,0,0,0,0,0,0,0,0,0,0,0,0,0,0,0,0,0,0,0,0,0,0,0,0,0,0,0,0,0,0,0,0,0,0,0,0,0,0,0,1,1.04116338383745
Kline Township Police Department,2022-05-01,Pennsylvania,1486,PA05438,0,0,0,0,0,0,0,0,0,0,0,0,0,0,0,0,0,0,0,0,0,0,0,0,0,0,0,0,0,0,0,0,0,0,0,0,0,0,0,0,0,0,0,0,0,0,0,10411634,0,0,0,0,0,104,10411635,0,31235,0,0,0,0,0,0,1041,0,20823268,0,0,0,0,0,0,0,0,0,0,0,0,0,0,0,0,0,0,0,0,0,0,0,0,0,1,1.04116338383745
Kline Township Police Department,2022-06-01,Pennsylvania,1486,PA05438,0,0,0,0,0,9000,9000,0,92000,0,0,0,1010,900,0,10,0,1920,920,0,0,920,0,0,0,0,0,0,0,0,0,0,0,0,4000000,0,0,0,0,416465,0,104116338,104116338,0,0,0,0,0,0,0,0,0,0,9995168,0,0,10,0,0,0,0,0,0,0,0,0,0,0,0,1,104116,0,0,0,0,0,4164654,9,0,0,208233,0,0,0,0,0,0,208,0,0,10412,1,1.04116338383745
Kline Township Police Department,2022-07-01,Pennsylvania,1486,PA05438,0,0,0,0,0,0,0,0,0,0,20,0,0,0,0,0,0,20,0,0,0,0,0,0,0,0,0,0,0,0,0,0,0,0,35,0,3745,0,0,0,0,3745,0,0,0,0,0,0,0,0,0,0,0,3,0,0,621574540,0,0,0,0,0,0,0,0,0,0,0,0,1009928482,0,0,0,0,0,0,0,0,0,0,0,0,988064051,0,0,2757001,0,3,0,0,621574540,1,1.04116338383745
Kline Township Police Department,2022-08-01,Pennsylvania,1486,PA05438,0,0,0,0,0,0,0,0,0,0,0,0,0,0,0,0,0,0,0,0,0,0,0,0,0,0,0,0,0,10,0,0,0,0,0,104,31235,0,0,0,0,0,0,0,0,0,0,0,0,0,0,0,2,3123490,0,0,0,0,0,0,0,0,0,0,0,0,0,0,0,0,0,0,0,0,0,0,0,0,0,0,0,0,1,20823268,0,0,541,1061987,0,520582,0,1,1.04116338383745
Kline Township Police Department,2022-09-01,Pennsylvania,1486,PA05438,0,0,0,0,0,0,0,0,0,0,0,0,0,0,0,0,0,0,0,0,0,0,0,0,0,0,0,0,0,0,0,100,0,0,0,5205817,10,208232677,0,0,0,0,0,0,0,0,5414050,0,0,0,0,0,0,0,0,0,0,0,0,0,0,0,0,0,0,0,0,0,0,0,104,0,0,0,0,1041,0,0,104116,0,0,0,0,0,104,10412,0,0,0,0,0,1,1.04116338383745
Kline Township Police Department,2022-10-01,Pennsylvania,1486,PA05438,0,0,0,0,0,0,0,0,0,0,0,0,0,0,0,0,0,0,0,0,0,0,0,0,0,0,0,0,0,0,0,0,0,0,0,0,7288144,0,0,0,0,0,0,0,0,7,0,0,7,0,0,0,0,0,0,0,0,0,0,0,0,7288144,0,0,0,0,0,0,0,0,0,7288,0,0,0,0,0,0,0,7288144,0,0,0,0,0,0,0,0,0,0,0,1,1.04116338383745
Kline Township Police Department,2022-11-01,Pennsylvania,1486,PA05438,0,0,0,0,100000,0,100000,0,0,0,0,0,0,0,0,0,0,0,0,0,0,0,0,0,0,100000,0,0,0,0,100000,0,0,0,0,0,0,0,0,0,0,0,0,0,0,0,0,0,0,0,0,0,0,0,0,0,0,0,0,0,104116338,0,0,0,0,0,0,0,0,0,0,0,0,0,1041163,0,0,0,0,0,0,0,0,0,1041163,0,0,0,0,0,0,1,1.04116338383745
Kline Township Police Department,2022-12-01,Pennsylvania,1486,PA05438,0,0,0,0,0,10000,10000,0,0,0,0,0,0,0,0,0,0,0,0,0,0,0,0,0,0,0,0,0,0,0,0,0,0,0,0,0,0,0,0,0,0,0,0,0,0,0,0,0,10,0,0,0,0,0,0,0,0,0,0,0,0,0,0,10412,0,0,0,104116,0,0,0,0,0,0,0,0,104,0,0,0,0,10412,0,0,0,0,0,0,0,0,0,1,1.04116338383745
Kline Township Police Department,2023-01-01,Pennsylvania,1479,PA05438,0,0,0,0,0,0,0,0,0,0,0,0,0,0,0,0,0,0,0,0,0,0,0,0,0,0,0,0,0,0,0,0,0,0,0,0,0,0,0,0,0,0,0,0,0,0,0,0,0,0,0,0,0,0,0,0,0,0,0,0,0,0,0,0,0,0,0,0,0,0,0,0,0,0,0,0,0,0,0,0,0,0,0,0,0,0,0,0,0,0,0,1,1
Kline Township Police Department,2023-02-01,Pennsylvania,1479,PA05438,0,0,0,0,0,0,0,0,0,0,0,0,0,0,0,0,0,0,0,0,0,0,0,0,0,0,0,0,0,0,0,0,0,10,0,0,0,0,10000000,0,0,0,0,0,0,0,0,0,0,0,0,0,0,0,0,0,0,0,10000000,100,0,0,20000,0,0,0,0,10000000,0,0,0,0,0,0,0,0,0,0,0,0,0,0,0,0,0,0,0,0,0,0,0,1,1
Kline Township Police Department,2023-03-01,Pennsylvania,1479,PA05438,0,0,0,4200000,0,0,4200000,0,0,0,0,0,0,0,0,0,0,0,0,0,0,0,0,0,0,0,0,0,0,0,0,0,0,0,0,0,0,0,0,0,0,0,0,500000000,0,0,0,0,0,0,0,42,0,0,0,0,0,0,0,50000000,200000000,0,54,4200000,0,0,0,0,42000000,0,0,0,0,0,0,0,0,0,0,42,0,0,0,0,0,0,0,0,0,0,0,1,1
Kline Township Police Department,2023-04-01,Pennsylvania,1479,PA05438,0,0,0,0,0,0,0,0,0,0,0,0,0,0,0,0,0,0,0,0,0,0,0,0,0,0,0,0,0,0,0,0,0,0,0,0,0,0,0,0,0,0,0,0,0,0,0,0,0,0,0,0,0,0,0,0,0,0,0,0,0,0,0,0,0,0,0,0,0,0,0,0,0,0,0,0,0,0,0,0,0,0,0,0,0,0,0,0,0,0,0,1,1
Kline Township Police Department,2023-05-01,Pennsylvania,1479,PA05438,0,0,0,0,0,0,0,0,0,0,0,0,0,0,0,0,0,0,0,0,0,0,0,0,0,0,0,0,0,0,0,0,0,0,0,0,0,0,0,0,0,0,0,0,0,0,0,10000000,0,0,0,0,0,100,30000000,0,40000,0,0,2000000,0,0,0,1000,0,1,0,0,0,0,0,0,0,0,0,0,0,0,0,0,0,0,0,0,0,0,0,231,0,0,270000000,1,1
Kline Township Police Department,2023-06-01,Pennsylvania,1479,PA05438,0,0,0,0,0,0,0,130,0,0,0,0,231270,0,0,2312,0,233582,0,0,0,0,0,22,0,0,9970000,0,0,0,0,0,0,0,0,0,0,0,0,0,0,0,700000000,0,0,0,0,0,0,0,0,0,0,312700000,2,0,2312,0,0,0,0,0,0,0,0,0,0,0,0,0,100000,0,0,0,0,0,630000000,630,0,0,0,0,0,0,0,10000000,0,100,0,0,0,1,1
Kline Township Police Department,2023-07-01,Pennsylvania,1479,PA05438,0,0,0,0,0,0,0,0,0,0,0,0,0,0,10,0,0,10,0,0,0,0,0,0,0,0,0,0,0,0,0,0,0,0,0,0,0,0,200000,0,0,200,0,0,0,0,0,0,0,0,0,0,0,0,0,0,200000000,0,0,200000,0,0,0,0,0,0,0,0,0,0,0,0,0,0,0,0,0,0,0,0,0,0,0,0,0,200000,0,0,0,0,200000000,1,1
Kline Township Police Department,2023-08-01,Pennsylvania,1479,PA05438,0,0,0,0,0,0,0,0,0,0,0,0,0,0,0,0,0,0,0,0,0,0,0,0,0,0,0,0,0,0,0,0,0,0,0,0,0,0,0,0,0,0,0,0,0,0,0,0,0,0,0,0,0,0,0,0,0,0,0,0,0,0,0,0,0,0,0,0,0,0,0,0,0,0,0,0,0,0,0,0,0,0,0,0,0,0,0,0,0,0,0,1,1
Kline Township Police Department,2023-09-01,Pennsylvania,1479,PA05438,0,0,0,0,0,0,0,0,0,0,0,0,0,0,0,0,0,0,0,0,0,0,0,0,0,0,0,0,0,0,0,0,0,0,0,0,0,0,0,0,0,0,0,0,0,0,0,0,0,0,0,0,0,0,0,0,0,0,0,0,0,0,0,0,0,0,0,0,0,0,0,0,0,0,0,0,0,0,0,0,0,0,0,0,0,0,0,0,0,0,0,1,1
Kline Township Police Department,2023-10-01,Pennsylvania,1479,PA05438,0,0,0,0,0,0,0,0,0,0,0,0,0,0,0,0,0,0,0,0,0,0,0,0,0,0,0,0,0,0,0,0,0,0,0,0,0,0,0,0,0,0,0,0,0,0,0,0,0,0,0,0,0,0,0,0,0,0,0,0,0,0,0,0,0,0,0,0,0,0,0,0,0,0,0,0,0,0,0,0,0,0,0,0,0,0,0,0,0,0,0,1,1
Kline Township Police Department,2023-11-01,Pennsylvania,1479,PA05438,0,0,0,0,100000,0,100000,0,0,0,0,0,0,0,0,0,0,0,0,0,0,0,0,100000,0,0,0,0,0,0,100000,0,160,0,0,0,0,0,0,0,0,0,0,0,0,0,0,0,0,0,0,0,0,0,0,0,0,0,0,0,0,0,0,0,0,0,0,0,0,0,0,0,0,0,16000000,0,0,0,0,0,0,0,0,0,16000000,0,0,0,0,0,0,1,1
Kline Township Police Department,2023-12-01,Pennsylvania,1479,PA05438,0,0,0,0,0,0,0,0,0,0,0,0,0,0,0,0,0,0,0,0,16000,16000,0,0,0,0,0,0,0,0,0,0,0,0,0,0,0,0,0,0,0,0,0,0,0,0,0,0,160,0,0,0,0,0,0,0,0,0,0,0,0,0,0,0,0,0,0,0,0,0,0,0,0,0,0,0,0,0,0,0,0,0,0,0,0,0,0,0,0,0,0,1,1
Kline Township Police Department,2000-01-01,Pennsylvania,1591,PA05438,0,0,0,0,0,0,0,0,0,0,0,0,0,0,0,0,0,0,0,0,0,0,0,0,0,0,0,0,0,0,0,0,0,0,0,0,0,0,0,0,0,0,0,0,0,0,0,0,0,0,0,0,0,0,0,0,0,0,0,0,0,0,0,0,0,0,0,0,0,0,0,0,0,0,0,0,0,0,0,0,0,0,0,0,0,0,0,0,0,0,0,1,1.76946331784747
Kline Township Police Department,2000-02-01,Pennsylvania,1591,PA05438,0,0,0,0,1,0,1,0,0,0,0,0,0,0,0,0,0,0,0,0,0,0,0,0,0,0,0,0,0,0,0,0,0,0,0,0,0,0,0,0,0,0,0,0,0,0,0,0,0,0,0,0,0,0,0,0,0,0,0,0,0,0,0,0,0,0,0,0,0,0,0,0,0,0,0,0,0,0,0,0,0,0,0,0,0,0,0,0,0,0,0,1,1.76946331784747
Kline Township Police Department,2000-03-01,Pennsylvania,1591,PA05438,0,0,0,0,0,0,0,0,0,0,0,0,0,0,0,0,0,0,0,2,1,3,0,1,0,0,1,0,0,0,1,0,0,0,0,0,0,0,0,0,0,0,0,0,0,0,0,0,0,0,0,0,0,0,354,672,1026,1026,0,265,0,0,88,0,0,0,672,0,88,0,0,0,0,0,0,938,0,0,1026,0,0,0,0,0,0,0,0,0,0,0,0,1,1.76946331784747
Kline Township Police Department,2000-04-01,Pennsylvania,1591,PA05438,0,0,0,0,0,0,0,0,0,0,0,0,0,0,0,0,0,0,0,1,0,1,0,0,0,0,0,0,0,0,1,0,0,0,0,0,0,0,0,0,0,0,0,0,0,0,0,0,0,0,0,0,0,0,265,0,265,265,0,0,0,0,0,0,0,0,265,0,0,0,0,0,0,0,0,0,0,265,265,0,0,0,0,0,0,0,0,0,0,0,0,1,1.76946331784747
Kline Township Police Department,2000-05-01,Pennsylvania,1591,PA05438,0,0,0,0,0,0,0,0,0,0,0,0,0,0,0,0,0,0,1,0,0,1,0,0,0,0,0,0,0,0,1,0,0,0,0,0,0,0,0,0,0,0,0,0,0,0,0,0,0,0,0,0,0,80,0,0,80,80,0,0,0,0,0,0,0,0,80,0,0,0,0,0,0,0,0,80,0,0,80,0,0,0,0,0,0,0,0,0,0,0,0,1,1.76946331784747
Kline Township Police Department,2000-06-01,Pennsylvania,1591,PA05438,0,0,1,0,0,0,1,0,0,0,0,0,0,0,0,0,0,0,1,2,0,3,0,1,0,0,0,0,0,1,1,0,0,0,0,0,0,354,0,0,0,354,0,0,0,0,0,0,0,0,0,0,0,5,478,0,483,837,0,212,0,0,0,0,0,5,265,354,0,265,0,0,0,0,0,218,0,0,837,0,0,0,0,0,0,0,0,212,0,0,212,1,1.76946331784747
Kline Township Police Department,2000-07-01,Pennsylvania,1591,PA05438,0,0,0,0,0,0,0,0,0,0,0,0,0,0,0,0,0,0,0,2,1,3,0,1,0,0,2,0,0,0,0,0,0,0,0,0,0,0,0,0,0,0,0,0,0,0,0,0,0,0,0,0,0,0,301,531,832,832,0,177,0,0,655,0,0,0,0,0,0,531,0,0,0,0,0,301,0,0,832,0,0,301,0,0,0,0,0,0,0,0,301,1,1.76946331784747
Kline Township Police Department,2000-08-01,Pennsylvania,1591,PA05438,0,0,0,0,0,0,0,0,0,0,0,0,0,0,0,0,0,0,1,0,0,1,1,0,0,0,0,0,0,0,0,0,0,0,0,0,0,0,0,0,0,0,0,0,0,0,0,0,0,0,0,0,0,80,0,0,80,80,80,0,0,0,0,0,0,0,0,0,0,0,0,0,0,0,0,80,0,0,80,0,0,0,0,0,0,0,0,0,0,0,0,1,1.76946331784747
Kline Township Police Department,2000-09-01,Pennsylvania,1591,PA05438,0,0,0,0,0,0,0,0,0,0,0,0,0,0,0,0,0,0,1,0,0,1,1,0,0,0,0,0,0,0,0,0,0,0,0,0,0,0,0,0,0,0,0,0,0,0,0,0,0,0,0,0,0,80,0,0,80,80,80,0,0,0,0,0,0,0,0,0,0,0,0,0,0,0,0,80,0,0,80,0,0,0,0,0,0,0,0,0,0,0,0,1,1.76946331784747
Kline Township Police Department,2000-10-01,Pennsylvania,1591,PA05438,0,0,0,0,0,0,0,1,0,0,0,0,0,0,0,0,0,0,2,0,0,2,0,0,0,0,1,0,0,0,1,0,1,1,0,0,0,0,0,0,0,0,115015,0,0,0,0,0,0,0,0,0,0,111,0,0,111,115127,0,0,0,0,67,0,0,0,44,0,67,0,0,0,0,0,115015,44,0,0,115127,0,0,0,0,0,0,0,0,0,0,0,0,1,1.76946331784747
Kline Township Police Department,2000-11-01,Pennsylvania,1591,PA05438,0,0,0,0,0,0,0,0,0,0,0,0,0,0,0,0,0,0,1,0,2,3,0,0,0,1,0,0,0,0,2,0,0,0,0,0,0,0,0,0,0,0,0,0,0,0,0,0,0,0,0,0,0,44,0,1371,1416,1416,0,0,0,708,0,0,0,0,708,0,0,0,0,0,0,0,0,708,0,708,1416,0,0,0,0,0,0,0,0,0,0,0,0,1,1.76946331784747
Kline Township Police Department,2000-12-01,Pennsylvania,1591,PA05438,0,0,0,0,0,0,0,0,0,0,0,0,0,0,0,0,0,0,0,0,0,0,0,0,0,0,0,0,0,0,0,0,0,0,0,0,0,0,0,0,0,0,0,0,0,0,0,0,0,0,0,0,0,0,0,0,0,0,0,0,0,0,0,0,0,0,0,0,0,0,0,0,0,0,0,0,0,0,0,0,0,0,0,0,0,0,0,0,0,0,0,1,1.76946331784747
Kline Township Police Department,2013-01-01,Pennsylvania,1422,PA05438,0,0,0,0,0,0,0,0,0,0,0,0,0,0,0,0,0,0,0,0,0,0,0,0,0,0,0,0,0,0,0,0,0,0,0,0,0,0,0,0,0,0,0,0,0,0,0,0,0,0,0,0,0,0,0,0,0,0,0,0,0,0,0,0,0,0,0,0,0,0,0,0,0,0,0,0,0,0,0,0,0,0,0,0,0,0,0,0,0,0,0,1,1.30797303509051
Kline Township Police Department,2013-02-01,Pennsylvania,1422,PA05438,0,0,0,0,0,0,0,0,0,0,0,0,0,0,0,0,0,0,1,0,0,1,0,0,0,0,0,0,0,1,0,0,0,0,0,0,0,0,0,0,0,0,0,0,0,0,0,0,0,0,0,0,0,17,0,0,17,17,0,0,0,0,0,0,0,17,0,0,17,0,0,0,0,0,0,0,0,0,17,0,0,0,0,0,0,0,0,0,0,0,0,1,1.30797303509051
Kline Township Police Department,2013-03-01,Pennsylvania,1422,PA05438,0,0,0,0,0,0,0,0,0,0,0,0,0,0,0,0,0,0,0,1,0,1,1,0,0,0,0,0,0,0,0,0,0,0,0,0,0,0,0,0,0,0,0,0,0,0,0,0,0,0,0,0,0,0,80,0,80,80,80,0,0,0,0,0,0,0,0,0,0,0,0,0,0,0,0,80,0,0,80,0,0,0,0,0,0,0,0,0,0,0,0,1,1.30797303509051
Kline Township Police Department,2013-04-01,Pennsylvania,1422,PA05438,0,0,0,0,0,0,0,0,0,0,0,0,0,0,0,0,0,0,2,1,0,3,0,0,0,0,0,0,0,0,3,0,0,0,0,0,0,0,0,0,0,0,0,0,0,0,0,0,0,0,0,0,0,52,98,0,150,150,0,0,0,0,0,0,0,0,150,0,0,0,0,0,0,0,0,150,0,0,150,0,0,0,0,0,0,0,0,0,0,0,0,1,1.30797303509051
Kline Township Police Department,2013-05-01,Pennsylvania,1422,PA05438,0,0,0,0,0,0,0,0,0,0,0,0,0,0,0,0,0,0,3,1,2,6,1,0,0,0,2,0,0,0,3,0,0,0,0,0,0,0,0,0,0,0,0,0,0,0,0,0,0,0,0,0,0,33,131,667,831,831,327,0,0,0,340,0,0,0,163,0,0,0,0,0,0,0,0,700,0,131,831,0,0,0,0,0,0,0,0,0,0,0,0,1,1.30797303509051
Kline Township Police Department,2013-06-01,Pennsylvania,1422,PA05438,0,0,0,0,0,0,0,0,0,0,0,0,0,0,0,0,0,0,2,0,1,3,0,0,0,1,0,0,0,1,1,0,0,0,0,0,0,0,0,0,0,0,0,0,0,0,0,0,0,0,0,0,0,10,0,412,422,422,0,0,0,412,0,0,0,10,0,0,10,412,0,0,0,0,0,0,0,0,422,0,0,0,0,0,0,0,0,0,0,0,0,1,1.30797303509051
Kline Township Police Department,2013-07-01,Pennsylvania,1422,PA05438,0,0,0,0,0,0,0,0,0,0,0,0,0,0,0,0,0,0,2,0,1,3,0,2,0,0,0,0,0,0,1,0,0,0,0,0,0,0,0,0,0,0,0,0,0,0,0,0,0,0,0,0,0,0,0,3479,3479,3479,0,0,0,0,0,0,0,0,3479,0,0,0,0,0,0,0,0,3479,0,0,3479,0,0,0,0,0,0,0,0,0,0,0,0,1,1.30797303509051
Kline Township Police Department,2013-08-01,Pennsylvania,1422,PA05438,0,1,0,0,0,0,1,0,0,0,0,0,0,0,0,0,0,0,1,0,0,1,0,0,0,0,0,0,0,1,0,0,0,0,0,7,0,0,0,0,0,7,0,0,0,0,0,0,0,0,0,0,0,1,0,0,1,8,0,0,0,0,0,0,0,1,0,0,1,7,0,0,0,0,0,0,0,0,8,0,0,0,0,0,0,0,0,0,0,0,0,1,1.30797303509051
Kline Township Police Department,2013-09-01,Pennsylvania,1422,PA05438,0,1,0,0,0,0,1,0,0,0,0,0,0,0,0,0,0,0,3,1,2,6,1,1,0,2,1,0,0,0,1,0,0,0,0,0,0,0,0,0,0,0,0,0,0,0,0,0,0,0,0,0,0,22,131,13538,13691,13691,131,458,0,22,13080,0,0,0,0,0,0,22,0,0,13080,0,0,0,0,589,13691,0,0,0,0,0,0,0,0,0,0,0,0,1,1.30797303509051
Kline Township Police Department,2013-10-01,Pennsylvania,1422,PA05438,0,0,0,0,0,0,0,0,0,0,0,0,0,0,0,0,0,0,2,0,0,2,0,0,0,0,0,0,0,2,0,0,0,0,0,0,0,0,0,0,0,0,0,0,0,0,0,0,0,0,0,0,0,18,0,0,18,18,0,0,0,0,0,0,0,18,0,0,0,0,0,0,0,0,0,18,0,0,18,0,0,0,0,0,0,0,0,0,0,0,0,1,1.30797303509051
Kline Township Police Department,2013-11-01,Pennsylvania,1422,PA05438,0,0,0,0,0,0,0,0,0,0,0,0,0,0,0,0,0,0,0,0,0,0,0,0,0,0,0,0,0,0,0,0,0,0,0,0,0,0,0,0,0,0,0,0,0,0,0,0,0,0,0,0,0,0,0,0,0,0,0,0,0,0,0,0,0,0,0,0,0,0,0,0,0,0,0,0,0,0,0,0,0,0,0,0,0,0,0,0,0,0,0,1,1.30797303509051
Kline Township Police Department,2013-12-01,Pennsylvania,1422,PA05438,0,0,0,0,0,0,0,0,0,0,0,0,0,0,0,0,0,0,1,0,0,1,0,0,0,0,1,0,0,0,0,0,0,0,0,0,0,0,0,0,0,0,0,0,0,0,0,0,0,0,0,0,0,52,0,0,52,52,0,0,0,0,52,0,0,0,0,0,0,0,0,0,0,0,0,0,0,52,52,0,0,0,0,0,0,0,0,0,0,0,0,1,1.30797303509051
Kline Township Police Department,2017-01-01,Pennsylvania,1380,PA05438,0,0,0,0,0,0,0,0,0,0,0,0,0,0,0,0,0,0,0,0,0,0,0,0,0,0,0,0,0,0,0,0,0,0,0,0,0,0,0,0,0,0,0,0,0,0,0,0,0,0,0,0,0,0,0,0,0,0,0,0,0,0,0,0,0,0,0,0,0,0,0,0,0,0,0,0,0,0,0,0,0,0,0,0,0,0,0,0,0,0,0,1,1.24307319386626
Kline Township Police Department,2017-02-01,Pennsylvania,1380,PA05438,0,0,0,0,0,0,0,0,0,0,0,0,0,0,0,0,0,0,0,0,0,0,0,0,0,0,0,0,0,0,0,0,0,0,0,0,0,0,0,0,0,0,0,0,0,0,0,0,0,0,0,0,0,0,0,0,0,0,0,0,0,0,0,0,0,0,0,0,0,0,0,0,0,0,0,0,0,0,0,0,0,0,0,0,0,0,0,0,0,0,0,1,1.24307319386626
Kline Township Police Department,2017-03-01,Pennsylvania,1380,PA05438,0,0,0,0,0,0,0,0,0,0,0,0,0,0,0,0,0,0,4,1,1,6,0,0,0,4,0,0,0,0,2,0,0,0,0,0,0,0,0,0,0,0,0,0,0,0,0,0,0,0,0,0,0,32,93,251,377,377,0,0,0,377,0,0,0,0,0,50,0,0,186,7,0,0,93,25,2,12,377,0,0,0,0,0,0,0,0,0,0,0,0,1,1.24307319386626
Kline Township Police Department,2017-04-01,Pennsylvania,1380,PA05438,0,0,0,0,0,0,0,0,0,0,0,0,0,0,0,0,0,0,1,0,0,1,0,0,0,0,0,0,0,0,1,0,0,0,0,0,0,0,0,0,0,0,0,0,0,0,0,0,0,0,0,0,0,0,0,0,0,0,0,0,0,0,0,0,0,0,0,0,0,0,0,0,0,0,0,0,0,0,0,0,0,0,0,0,0,0,0,0,0,0,0,1,1.24307319386626
Kline Township Police Department,2017-05-01,Pennsylvania,1380,PA05438,0,0,0,0,0,0,0,0,0,0,0,0,0,0,0,0,0,0,2,0,0,2,0,0,0,0,0,0,0,1,1,0,0,0,0,0,0,0,0,0,0,0,0,0,0,0,0,0,0,0,0,0,0,0,0,0,0,0,0,0,0,0,0,0,0,0,0,0,0,0,0,0,0,0,0,0,0,0,0,0,0,0,0,0,0,0,0,0,0,0,0,1,1.24307319386626
Kline Township Police Department,2017-06-01,Pennsylvania,1380,PA05438,0,0,0,0,0,0,0,0,0,0,0,0,0,0,0,0,0,0,0,2,0,2,0,0,0,0,2,0,0,0,0,0,0,0,0,0,0,0,0,0,0,0,0,0,0,0,0,0,0,0,0,0,0,0,199,0,199,199,0,0,0,0,199,0,0,0,0,0,0,0,0,0,0,0,0,199,0,0,199,0,0,0,0,0,0,0,0,0,0,0,0,1,1.24307319386626
Kline Township Police Department,2017-07-01,Pennsylvania,1380,PA05438,0,0,0,0,0,0,0,1,0,0,0,0,0,0,0,0,0,0,0,1,0,1,0,0,0,0,1,0,0,0,0,0,0,0,0,0,0,0,0,0,0,0,0,0,0,0,0,0,0,0,0,0,0,0,186,0,186,186,0,0,0,0,186,0,0,0,0,0,0,0,0,0,0,0,0,186,0,0,186,0,0,0,0,0,0,0,0,0,0,0,0,1,1.24307319386626
Kline Township Police Department,2017-08-01,Pennsylvania,1380,PA05438,0,0,0,0,0,0,0,0,0,0,0,0,0,0,0,0,0,0,1,0,0,1,0,0,0,0,0,0,0,1,0,0,0,0,0,0,0,0,0,0,0,0,0,0,0,0,0,0,0,0,0,0,0,2,0,0,2,2,0,0,0,0,0,0,0,2,0,0,0,0,0,0,0,0,0,2,0,0,2,0,0,0,0,0,0,0,0,0,0,0,0,1,1.24307319386626
Kline Township Police Department,2017-09-01,Pennsylvania,1380,PA05438,0,0,0,0,0,0,0,0,0,0,0,0,0,0,0,0,0,0,0,1,1,2,0,0,0,0,0,0,0,0,2,0,0,0,0,0,0,0,0,0,0,0,0,0,0,0,0,0,0,0,0,0,0,0,62,539,602,602,0,0,0,0,0,0,0,0,602,0,0,0,0,0,0,0,0,602,0,0,602,0,0,0,0,0,0,0,0,0,0,0,0,1,1.24307319386626
Kline Township Police Department,2017-10-01,Pennsylvania,1380,PA05438,0,0,0,0,0,0,0,0,0,0,0,0,0,0,0,0,0,0,2,1,1,4,0,0,0,0,2,0,0,1,1,0,0,0,0,0,0,0,0,0,0,0,0,0,0,0,0,0,0,0,0,0,0,99,0,2865,2965,2965,0,0,0,0,2921,0,0,44,0,0,44,0,0,0,1871,0,0,1050,0,0,2965,0,44,0,0,0,0,0,0,0,0,0,44,1,1.24307319386626
Kline Township Police Department,2017-11-01,Pennsylvania,1380,PA05438,0,0,0,0,1,0,1,0,0,0,0,0,0,0,0,0,0,0,0,0,1,1,0,0,0,0,0,0,0,0,1,0,0,0,0,0,0,0,0,0,0,0,0,0,0,0,0,0,0,0,0,0,0,0,0,323,323,323,0,0,0,0,0,0,0,0,323,0,0,0,0,323,0,0,0,0,0,0,323,0,0,0,0,0,0,0,0,0,0,0,0,1,1.24307319386626
Kline Township Police Department,2017-12-01,Pennsylvania,1380,PA05438,0,0,0,0,0,0,0,0,0,3,0,0,0,0,0,0,0,0,1,0,0,1,0,0,0,0,0,0,0,1,0,0,0,0,0,0,0,0,0,0,0,0,0,0,0,0,0,0,0,0,0,0,0,0,0,0,0,0,0,0,0,0,0,0,0,0,0,0,0,0,0,0,0,0,0,0,0,0,0,0,0,0,0,0,0,0,0,0,0,0,0,1,1.24307319386626
Kline Township Police Department,2001-01-01,Pennsylvania,1592,PA05438,0,0,0,0,0,0,0,0,0,0,0,0,0,0,0,0,0,0,2,1,0,3,0,0,0,0,0,0,0,2,1,0,0,0,0,0,0,0,0,0,0,0,0,0,0,0,0,0,0,0,0,0,0,77,172,0,250,250,0,0,0,0,0,0,0,77,172,0,77,0,0,0,0,0,0,172,0,0,250,0,0,0,0,0,0,0,0,0,0,0,0,1,1.7208297251506
Kline Township Police Department,2001-02-01,Pennsylvania,1592,PA05438,0,0,0,0,0,0,0,0,0,0,0,0,0,0,0,0,0,0,10,25,1,36,0,0,0,0,0,0,0,2,34,0,0,0,0,0,0,0,0,0,0,0,0,0,0,0,0,0,0,0,0,0,0,485,4378,4646,9509,9509,0,0,0,0,0,0,0,28,9482,0,4863,4646,0,0,0,0,0,0,0,0,9509,0,0,0,0,0,0,0,0,0,0,0,0,1,1.7208297251506
Kline Township Police Department,2001-03-01,Pennsylvania,1592,PA05438,0,0,0,0,0,0,0,0,0,0,0,0,0,0,0,0,0,0,0,1,0,1,0,0,0,0,0,0,0,0,1,0,0,0,0,0,0,0,0,0,0,0,0,0,0,0,0,0,0,0,0,0,0,0,69,0,69,69,0,0,0,0,0,0,0,0,69,0,0,0,0,0,0,0,0,69,0,0,69,0,0,0,0,0,0,0,0,0,0,0,0,1,1.7208297251506
Kline Township Police Department,2001-04-01,Pennsylvania,1592,PA05438,0,1,0,0,0,0,1,0,0,0,0,0,0,0,0,0,0,0,16,0,0,16,0,0,0,1,0,0,0,2,13,0,0,0,0,344,0,0,0,0,0,344,0,0,0,0,0,0,0,0,0,0,0,661,0,0,661,1005,0,0,0,9,0,0,0,79,573,0,79,661,0,0,0,0,0,265,0,0,1005,0,79,88,0,0,0,0,0,265,0,0,432,1,1.7208297251506
Kline Township Police Department,2001-05-01,Pennsylvania,1592,PA05438,0,0,0,0,0,0,0,0,0,0,0,0,0,0,0,0,0,0,1,0,0,1,0,0,0,0,0,0,0,0,1,0,0,0,0,0,0,0,0,0,0,0,0,0,0,0,0,0,0,0,0,0,0,71,0,0,71,71,0,0,0,0,0,0,0,0,71,0,71,0,0,0,0,0,0,0,0,0,71,0,0,0,0,0,0,0,0,0,0,0,0,1,1.7208297251506
Kline Township Police Department,2001-06-01,Pennsylvania,1592,PA05438,0,1,0,0,0,0,1,0,0,0,0,0,0,0,0,0,0,0,0,0,0,0,0,0,0,0,0,0,0,0,0,0,0,0,0,344,0,0,0,0,0,344,0,0,0,0,0,0,0,0,0,0,0,0,0,0,0,344,0,0,0,0,0,0,0,0,0,0,0,344,0,0,0,0,0,0,0,0,344,0,0,0,0,0,0,0,0,0,0,0,0,1,1.7208297251506
Kline Township Police Department,2001-07-01,Pennsylvania,1592,PA05438,0,0,0,0,0,0,0,0,0,0,0,0,0,0,0,0,0,0,5,1,2,8,0,0,0,1,1,0,0,2,4,0,0,0,0,0,0,0,0,0,0,0,0,0,0,0,0,0,0,0,0,0,0,148,220,1807,2175,2175,0,0,0,1377,220,0,0,33,546,0,33,0,0,0,0,0,0,766,0,1377,2175,0,0,0,0,0,0,0,0,0,0,0,0,1,1.7208297251506
Kline Township Police Department,2001-08-01,Pennsylvania,1592,PA05438,0,0,0,0,0,0,0,0,0,0,0,0,0,0,0,0,0,0,0,1,0,1,0,0,0,0,0,0,0,0,1,0,0,0,0,0,0,0,0,0,0,0,0,0,0,0,0,0,0,0,0,0,0,0,96,0,96,96,0,0,0,0,0,0,0,0,96,0,96,0,0,0,0,0,0,0,0,0,96,0,0,0,0,0,0,0,0,0,0,0,0,1,1.7208297251506
Kline Township Police Department,2001-09-01,Pennsylvania,1592,PA05438,0,0,0,0,0,0,0,0,0,0,0,0,0,0,0,0,0,0,0,1,0,1,0,0,0,0,0,0,0,0,1,0,0,0,0,0,0,0,0,0,0,0,0,0,0,0,0,0,0,0,0,0,0,0,241,0,241,241,0,0,0,0,0,0,0,0,241,0,0,0,0,0,0,0,0,241,0,0,241,0,0,0,0,0,0,0,0,0,0,0,0,1,1.7208297251506
Kline Township Police Department,2001-10-01,Pennsylvania,1592,PA05438,0,0,0,0,2,0,2,0,0,0,0,0,0,0,0,0,0,0,2,0,1,3,0,0,0,0,1,0,0,1,1,0,0,0,0,0,0,0,454,0,0,454,0,0,0,0,0,0,0,0,0,0,0,57,0,516,573,1027,0,0,0,0,516,0,0,5,52,0,57,764,0,0,0,0,0,206,0,0,1027,0,0,0,0,0,0,0,0,0,0,0,0,1,1.7208297251506
Kline Township Police Department,2001-11-01,Pennsylvania,1592,PA05438,0,0,0,0,0,0,0,0,0,0,0,0,0,0,0,0,0,0,1,2,0,3,0,0,0,1,0,0,0,1,1,0,0,0,0,0,0,0,0,0,0,0,0,0,0,0,0,0,0,0,0,0,0,5,377,0,382,382,0,0,0,103,0,0,0,5,274,0,0,0,0,0,0,0,0,382,0,0,382,0,0,0,0,0,0,0,0,5,0,0,5,1,1.7208297251506
Kline Township Police Department,2001-12-01,Pennsylvania,1592,PA05438,0,1,0,0,1,0,2,0,0,0,0,0,0,0,0,0,0,0,2,0,0,2,1,0,0,0,0,0,0,0,1,0,0,0,0,430,0,0,1377,0,0,1807,0,0,0,0,0,0,0,0,0,0,0,89,0,0,89,1896,43,0,0,0,0,0,0,0,46,0,0,430,0,0,0,0,0,89,1377,0,1896,0,0,0,0,0,0,0,0,0,0,0,0,1,1.7208297251506
Kline Township Police Department,2002-01-01,Pennsylvania,1598,PA05438,0,0,0,0,0,0,0,0,0,0,0,0,0,0,0,0,0,0,1,0,1,2,0,0,0,0,0,0,0,0,2,0,0,0,0,0,0,0,0,0,0,0,0,0,0,0,0,0,0,0,0,0,0,24,0,2168,2192,2192,0,0,0,0,0,0,0,0,2192,0,0,0,0,0,0,0,0,2192,0,0,2192,0,0,0,0,0,0,0,0,0,0,0,0,1,1.69396293722493
Kline Township Police Department,2002-02-01,Pennsylvania,1598,PA05438,0,0,0,0,0,0,0,0,0,0,0,0,0,0,0,0,0,0,0,0,1,1,1,0,0,0,0,0,0,0,0,0,0,0,0,0,0,0,0,0,0,0,0,0,0,0,0,0,0,0,0,0,0,0,0,1609,1609,1609,1609,0,0,0,0,0,0,0,0,0,0,0,0,0,0,0,0,0,0,1609,1609,0,0,0,0,0,0,0,0,0,0,0,0,1,1.69396293722493
Kline Township Police Department,2002-03-01,Pennsylvania,1598,PA05438,0,0,0,0,0,0,0,0,0,0,0,0,0,0,0,0,0,0,0,1,1,2,0,0,0,0,1,0,0,0,1,0,0,0,0,0,0,0,0,0,0,0,0,0,0,0,0,0,0,0,0,0,0,0,169,423,593,593,0,0,0,0,423,0,0,0,169,0,0,0,0,0,0,0,0,593,0,0,593,0,0,0,0,0,0,0,0,0,0,0,0,1,1.69396293722493
Kline Township Police Department,2002-04-01,Pennsylvania,1598,PA05438,0,0,0,0,0,0,0,0,0,0,0,0,0,0,0,0,0,0,1,0,0,1,0,0,0,0,0,0,0,0,1,0,0,0,0,0,0,0,0,0,0,0,0,0,0,0,0,0,0,0,0,0,0,34,0,0,34,34,0,0,0,0,0,0,0,0,34,0,0,0,0,0,0,0,0,34,0,0,34,0,0,0,0,0,0,0,0,0,0,0,0,1,1.69396293722493
Kline Township Police Department,2002-05-01,Pennsylvania,1598,PA05438,0,1,0,0,0,0,1,0,0,0,0,0,0,0,0,0,0,0,1,1,1,3,0,0,0,2,0,0,0,0,1,0,0,0,0,7623,0,0,0,0,0,7623,0,0,0,0,0,0,0,0,0,0,0,42,85,1525,1652,9274,0,0,0,1609,0,0,0,0,42,0,0,85,0,0,0,0,0,7665,0,1525,9274,0,0,0,0,0,0,0,0,42,0,0,42,1,1.69396293722493
Kline Township Police Department,2002-06-01,Pennsylvania,1598,PA05438,0,0,0,0,1,0,1,0,0,0,0,0,0,0,0,0,0,0,0,1,0,1,0,0,0,0,1,0,0,0,0,0,0,0,0,0,0,0,0,0,0,0,0,0,0,0,0,0,0,0,0,0,0,0,169,0,169,169,0,0,0,0,169,0,0,0,0,0,0,0,0,0,0,0,0,0,0,169,169,0,0,0,0,0,0,0,0,0,0,0,0,1,1.69396293722493
Kline Township Police Department,2002-07-01,Pennsylvania,1598,PA05438,0,0,0,0,0,0,0,1,0,0,0,0,0,0,0,0,0,0,0,0,2,2,0,0,0,0,1,0,0,1,0,0,0,0,0,0,0,0,0,0,0,0,0,0,0,0,0,0,0,0,0,0,0,0,0,1369,1369,1369,0,0,0,0,678,0,0,691,0,0,691,0,0,0,0,0,0,678,0,0,1369,0,0,0,0,0,0,0,0,0,0,0,0,1,1.69396293722493
Kline Township Police Department,2002-08-01,Pennsylvania,1598,PA05438,0,0,0,0,0,0,0,1,0,0,0,0,0,0,0,0,0,0,2,0,1,3,0,0,0,0,1,0,0,0,2,0,0,0,0,0,0,0,0,0,0,0,2541,0,0,0,0,0,0,0,0,0,0,119,0,508,627,3168,0,0,0,0,508,0,0,0,119,0,0,508,0,0,0,0,2541,119,0,0,3168,0,0,508,0,0,0,0,2541,0,0,0,3049,1,1.69396293722493
Kline Township Police Department,2002-09-01,Pennsylvania,1598,PA05438,0,0,0,0,0,0,0,0,0,0,0,0,0,0,0,0,0,0,0,0,0,0,0,0,0,0,0,0,0,0,0,0,0,0,0,0,0,0,0,0,0,0,0,0,0,0,0,0,0,0,0,0,0,0,0,0,0,0,0,0,0,0,0,0,0,0,0,0,0,0,0,0,0,0,0,0,0,0,0,0,0,0,0,0,0,0,0,0,0,0,0,1,1.69396293722493
Kline Township Police Department,2002-10-01,Pennsylvania,1598,PA05438,0,0,0,0,2,0,2,0,0,0,0,0,0,0,0,0,0,0,0,2,5,7,0,0,0,0,0,0,0,0,7,0,0,0,0,0,0,0,1525,0,0,1525,0,0,0,0,0,0,0,0,0,0,0,0,305,19413,19718,21242,0,0,0,0,0,0,0,0,19718,0,0,21090,0,0,0,0,0,152,0,0,21242,0,0,593,0,0,0,0,0,0,0,0,593,1,1.69396293722493
Kline Township Police Department,2002-11-01,Pennsylvania,1598,PA05438,0,0,0,0,0,0,0,1,0,0,0,0,0,0,0,0,0,0,0,0,0,0,0,0,0,0,0,0,0,0,0,1,0,1,0,0,0,0,0,0,0,0,5082,0,0,0,0,0,0,0,0,0,0,0,0,0,0,5082,0,0,0,0,0,0,0,0,0,0,0,0,0,0,0,0,5082,0,0,0,5082,0,0,0,0,0,0,0,5082,0,0,0,5082,1,1.69396293722493
Kline Township Police Department,2002-12-01,Pennsylvania,1598,PA05438,0,0,1,0,0,0,1,0,0,0,0,0,0,0,0,0,0,0,0,0,0,0,0,0,0,0,0,0,0,0,0,0,0,0,0,0,0,93,0,0,0,93,0,0,0,0,0,0,0,0,0,0,0,0,0,0,0,93,0,0,0,0,0,0,0,0,0,0,0,93,0,0,0,0,0,0,0,0,93,0,0,0,0,0,0,0,0,0,0,0,0,1,1.69396293722493
Kline Township Police Department,2003-01-01,Pennsylvania,1553,PA05438,0,0,0,0,0,0,0,1,0,0,0,0,0,0,0,0,0,0,0,0,1,1,1,0,0,0,0,0,0,0,0,0,0,0,0,0,0,0,0,0,0,0,994,0,0,0,0,0,0,0,0,0,0,0,0,1656,1656,2650,1656,0,0,0,0,0,0,0,0,0,0,0,0,0,0,0,0,2650,0,0,2650,0,0,0,0,0,0,0,0,0,0,0,0,1,1.65636194790487
Kline Township Police Department,2003-02-01,Pennsylvania,1553,PA05438,0,0,0,0,0,0,0,0,0,0,0,0,0,0,0,0,0,0,0,0,0,0,0,0,0,0,0,0,0,0,0,0,0,0,0,0,0,0,0,0,0,0,0,0,0,0,0,0,0,0,0,0,0,0,0,0,0,0,0,0,0,0,0,0,0,0,0,0,0,0,0,0,0,0,0,0,0,0,0,0,0,0,0,0,0,0,0,0,0,0,0,1,1.65636194790487
Kline Township Police Department,2003-03-01,Pennsylvania,1553,PA05438,0,0,0,0,0,0,0,0,0,0,0,0,0,0,0,0,0,0,1,0,1,2,0,0,0,0,1,0,0,0,1,0,0,0,0,0,0,0,0,0,0,0,0,0,0,0,0,0,0,0,0,0,0,50,0,497,547,547,0,0,0,0,497,0,0,0,50,0,0,0,0,0,0,0,0,50,0,497,547,0,0,0,0,0,0,0,0,0,0,497,497,1,1.65636194790487
Kline Township Police Department,2003-04-01,Pennsylvania,1553,PA05438,0,1,0,0,0,0,1,0,0,0,0,0,0,0,0,0,0,0,0,0,0,0,0,0,0,0,0,0,0,0,0,0,0,0,0,0,0,0,0,0,0,0,0,0,0,0,0,0,0,0,0,0,0,0,0,0,0,0,0,0,0,0,0,0,0,0,0,0,0,0,0,0,0,0,0,0,0,0,0,0,0,0,0,0,0,0,0,0,0,0,0,1,1.65636194790487
Kline Township Police Department,2003-05-01,Pennsylvania,1553,PA05438,1,0,0,0,0,0,1,0,0,0,0,0,0,0,0,0,0,0,0,0,0,0,0,0,0,0,0,0,0,0,0,0,0,0,0,0,4969,0,0,0,0,4969,0,0,0,0,0,0,0,0,0,0,0,0,0,0,0,4969,0,0,0,0,0,0,0,0,0,0,0,1988,1656,0,1325,0,0,0,0,0,4969,0,0,0,414,0,0,0,0,0,0,0,414,1,1.65636194790487
Kline Township Police Department,2003-06-01,Pennsylvania,1553,PA05438,0,0,0,0,0,0,0,0,0,0,0,0,0,0,0,0,0,0,0,1,0,1,1,0,0,0,0,0,0,0,0,0,0,0,0,0,0,0,0,0,0,0,0,0,0,0,0,0,0,0,0,0,0,0,166,0,166,166,166,0,0,0,0,0,0,0,0,0,0,0,0,0,0,0,0,166,0,0,166,0,0,0,0,0,0,0,0,166,0,0,166,1,1.65636194790487
Kline Township Police Department,2003-07-01,Pennsylvania,1553,PA05438,0,0,0,0,1,0,1,1,0,0,0,0,0,0,0,0,0,0,0,1,0,1,0,0,0,0,0,0,0,0,1,0,0,0,0,0,0,0,116,0,0,116,994,0,0,0,0,0,0,0,0,0,0,0,99,0,99,1209,0,0,0,0,0,0,0,0,99,0,0,116,0,0,0,0,994,99,0,0,1209,0,0,0,0,0,0,0,0,0,0,0,0,1,1.65636194790487
Kline Township Police Department,2003-08-01,Pennsylvania,1553,PA05438,0,0,0,0,0,0,0,1,0,0,0,0,0,0,0,0,0,0,1,0,2,3,0,1,0,1,0,0,0,1,0,0,1,1,0,0,0,0,0,0,0,0,4141,0,0,0,0,0,0,0,0,0,0,7,0,663,669,4810,0,331,0,331,0,0,0,7,0,0,0,0,0,0,0,0,4141,669,0,0,4810,0,0,0,0,0,0,0,4141,0,0,0,4141,1,1.65636194790487
Kline Township Police Department,2003-09-01,Pennsylvania,1553,PA05438,0,0,0,0,0,0,0,0,0,0,0,0,0,0,0,0,0,0,0,0,0,0,0,0,0,0,0,0,0,0,0,0,0,0,0,0,0,0,0,0,0,0,0,0,0,0,0,0,0,0,0,0,0,0,0,0,0,0,0,0,0,0,0,0,0,0,0,0,0,0,0,0,0,0,0,0,0,0,0,0,0,0,0,0,0,0,0,0,0,0,0,1,1.65636194790487
Kline Township Police Department,2003-10-01,Pennsylvania,1553,PA05438,0,0,0,0,0,0,0,0,0,0,0,0,0,0,0,0,0,0,2,0,1,3,0,0,0,0,0,0,0,1,2,0,0,0,0,0,0,0,0,0,0,0,0,0,0,0,0,0,0,0,0,0,0,108,0,17135,17243,17243,0,0,0,0,0,0,0,66,17176,0,66,17135,0,0,0,0,0,41,0,0,17243,0,0,0,0,0,0,0,0,0,0,0,0,1,1.65636194790487
Kline Township Police Department,2003-11-01,Pennsylvania,1553,PA05438,0,0,0,0,0,0,0,0,0,0,0,0,0,0,0,0,0,0,1,0,1,2,0,0,0,0,1,0,0,1,0,0,0,0,0,0,0,0,0,0,0,0,0,0,0,0,0,0,0,0,0,0,0,63,0,6625,6688,6688,0,0,0,0,6625,0,0,63,0,0,63,0,0,0,0,0,0,6625,0,0,6688,0,63,0,0,0,0,0,0,0,0,0,63,1,1.65636194790487
Kline Township Police Department,2003-12-01,Pennsylvania,1553,PA05438,0,0,0,0,0,0,0,0,0,0,0,0,0,0,0,0,0,0,0,0,1,1,0,0,0,0,1,0,0,0,0,0,0,0,0,0,0,0,0,0,0,0,0,0,0,0,0,0,0,0,0,0,0,0,0,1617,1617,1617,0,0,0,0,1617,0,0,0,0,0,0,1617,0,0,0,0,0,0,0,0,1617,0,0,0,0,0,0,0,0,0,0,0,0,1,1.65636194790487
Kline Township Police Department,2004-01-01,Pennsylvania,1535,PA05438,0,0,0,0,0,0,0,0,0,0,0,0,0,0,0,0,0,0,0,0,2,2,0,0,0,0,1,0,0,0,1,0,0,0,0,0,0,0,0,0,0,0,0,0,0,0,0,0,0,0,0,0,0,0,0,108044,108044,108044,0,0,0,0,1574,0,0,0,106469,0,0,1574,0,0,0,0,0,106469,0,0,108044,0,0,0,0,0,0,0,0,0,0,0,0,1,1.61317347569046
Kline Township Police Department,2004-02-01,Pennsylvania,1535,PA05438,0,0,0,0,0,0,0,0,0,0,0,0,0,0,0,0,0,0,0,1,0,1,0,0,0,0,0,0,0,1,0,0,0,0,0,0,0,0,0,0,0,0,0,0,0,0,0,0,0,0,0,0,0,0,187,0,187,187,0,0,0,0,0,0,0,187,0,0,187,0,0,0,0,0,0,0,0,0,187,0,187,0,0,0,0,0,0,0,0,0,187,1,1.61317347569046
Kline Township Police Department,2004-03-01,Pennsylvania,1535,PA05438,0,0,0,0,0,0,0,0,0,1,0,0,0,0,0,0,0,0,2,0,0,2,0,0,0,0,0,0,0,1,1,0,0,0,0,0,0,0,0,0,0,0,0,0,0,0,0,6,0,0,32,0,39,0,0,0,0,39,0,0,0,0,0,0,0,0,0,0,6,32,0,0,0,0,0,0,0,0,39,0,0,0,0,0,0,0,0,0,0,0,0,1,1.61317347569046
Kline Township Police Department,2004-04-01,Pennsylvania,1535,PA05438,0,0,0,0,0,0,0,0,0,0,0,0,0,0,0,0,0,0,0,0,0,0,0,0,0,0,0,0,0,0,0,0,0,0,0,0,0,0,0,0,0,0,0,0,0,0,0,0,0,0,0,0,0,0,0,0,0,0,0,0,0,0,0,0,0,0,0,0,0,0,0,0,0,0,0,0,0,0,0,0,0,0,0,0,0,0,0,0,0,0,0,1,1.61317347569046
Kline Township Police Department,2004-05-01,Pennsylvania,1535,PA05438,0,0,0,0,0,0,0,0,0,0,0,0,0,0,0,0,0,0,0,0,0,0,0,0,0,0,0,0,0,0,0,0,0,0,0,0,0,0,0,0,0,0,0,0,0,0,0,0,0,0,0,0,0,0,0,0,0,0,0,0,0,0,0,0,0,0,0,0,0,0,0,0,0,0,0,0,0,0,0,0,0,0,0,0,0,0,0,0,0,0,0,1,1.61317347569046
Kline Township Police Department,2004-06-01,Pennsylvania,1535,PA05438,0,0,0,0,0,0,0,0,0,0,0,0,0,0,0,0,0,0,0,0,0,0,0,0,0,0,0,0,0,0,0,0,0,0,0,0,0,0,0,0,0,0,0,0,0,0,0,0,0,0,0,0,0,0,0,0,0,0,0,0,0,0,0,0,0,0,0,0,0,0,0,0,0,0,0,0,0,0,0,0,0,0,0,0,0,0,0,0,0,0,0,1,1.61317347569046
Kline Township Police Department,2004-07-01,Pennsylvania,1535,PA05438,0,0,0,0,0,0,0,0,0,0,0,0,0,0,0,0,0,0,1,0,1,2,0,0,0,0,1,0,0,0,1,0,0,0,0,0,0,0,0,0,0,0,0,0,0,0,0,0,0,0,0,0,0,8,0,807,815,815,0,0,0,0,807,0,0,0,8,0,8,0,0,0,807,0,0,0,0,0,815,0,8,0,0,0,0,0,0,0,0,0,8,1,1.61317347569046
Kline Township Police Department,2004-08-01,Pennsylvania,1535,PA05438,0,0,0,0,0,0,0,0,0,0,0,0,0,0,0,0,0,0,0,1,0,1,0,0,0,0,0,0,0,1,0,0,0,0,0,0,0,0,0,0,0,0,0,0,0,0,0,0,0,0,0,0,0,0,121,0,121,121,0,0,0,0,0,0,0,121,0,0,121,0,0,0,0,0,0,0,0,0,121,0,121,0,0,0,0,0,0,0,0,0,121,1,1.61317347569046
Kline Township Police Department,2004-09-01,Pennsylvania,1535,PA05438,0,0,0,0,0,0,0,0,0,0,0,0,0,0,0,0,0,0,0,1,0,1,0,0,0,0,0,0,0,1,0,0,0,0,0,0,0,0,0,0,0,0,0,0,0,0,0,0,0,0,0,0,0,0,145,0,145,145,0,0,0,0,0,0,0,145,0,0,145,0,0,0,0,0,0,0,0,0,145,0,0,0,0,0,0,0,0,0,0,0,0,1,1.61317347569046
Kline Township Police Department,2004-10-01,Pennsylvania,1535,PA05438,0,0,0,0,0,0,0,0,0,1,0,0,1,0,0,1,0,2,1,3,0,4,0,1,0,0,1,0,0,1,1,0,0,0,0,0,0,0,0,0,0,0,0,0,0,0,0,445,0,0,11937,0,12383,32,492,0,524,12907,0,161,0,0,242,0,0,89,32,0,12220,445,0,0,0,0,0,0,0,242,12907,0,12220,445,0,0,0,0,0,0,0,242,12907,1,1.61317347569046
Kline Township Police Department,2004-11-01,Pennsylvania,1535,PA05438,0,0,0,0,0,0,0,0,0,0,0,0,0,0,0,0,0,0,0,0,0,0,0,0,0,0,0,0,0,0,0,0,0,0,0,0,0,0,0,0,0,0,0,0,0,0,0,0,0,0,0,0,0,0,0,0,0,0,0,0,0,0,0,0,0,0,0,0,0,0,0,0,0,0,0,0,0,0,0,0,0,0,0,0,0,0,0,0,0,0,0,1,1.61317347569046
Kline Township Police Department,2004-12-01,Pennsylvania,1535,PA05438,0,0,0,0,0,0,0,0,0,0,0,0,0,0,0,0,0,0,0,0,0,0,0,0,0,0,0,0,0,0,0,0,0,0,0,0,0,0,0,0,0,0,0,0,0,0,0,0,0,0,0,0,0,0,0,0,0,0,0,0,0,0,0,0,0,0,0,0,0,0,0,0,0,0,0,0,0,0,0,0,0,0,0,0,0,0,0,0,0,0,0,1,1.61317347569046
Kline Township Police Department,2005-01-01,Pennsylvania,1519,PA05438,0,0,0,0,0,0,0,0,0,0,0,0,0,0,0,0,0,0,0,0,0,0,0,0,0,0,0,0,0,0,0,0,0,0,0,0,0,0,0,0,0,0,0,0,0,0,0,0,0,0,0,0,0,0,0,0,0,0,0,0,0,0,0,0,0,0,0,0,0,0,0,0,0,0,0,0,0,0,0,0,0,0,0,0,0,0,0,0,0,0,0,1,1.56023853211009
Kline Township Police Department,2005-02-01,Pennsylvania,1519,PA05438,0,0,0,0,0,0,0,1,0,0,0,0,0,0,0,0,0,0,0,0,0,0,0,0,0,0,0,0,0,0,0,0,0,0,0,0,0,0,0,0,0,0,9361,0,0,0,0,0,0,0,0,0,0,0,0,0,0,9361,0,0,0,0,0,0,0,0,0,0,0,0,0,0,0,0,9361,0,0,0,9361,0,0,0,0,0,0,0,0,0,0,0,0,1,1.56023853211009
Kline Township Police Department,2005-03-01,Pennsylvania,1519,PA05438,0,0,0,0,0,0,0,0,0,0,0,0,0,0,0,0,0,0,0,0,0,0,0,0,0,0,0,0,0,0,0,0,0,0,0,0,0,0,0,0,0,0,0,0,0,0,0,0,0,0,0,0,0,0,0,0,0,0,0,0,0,0,0,0,0,0,0,0,0,0,0,0,0,0,0,0,0,0,0,0,0,0,0,0,0,0,0,0,0,0,0,1,1.56023853211009
Kline Township Police Department,2005-04-01,Pennsylvania,1519,PA05438,0,0,0,0,0,0,0,0,0,0,0,0,0,0,0,0,0,0,1,0,1,2,0,0,0,0,0,0,0,1,1,0,0,0,0,0,0,0,0,0,0,0,0,0,0,0,0,0,0,0,0,0,0,69,0,546,615,615,0,0,0,0,0,0,0,69,546,0,69,0,0,0,0,0,0,546,0,0,615,0,69,0,0,0,0,0,0,0,0,0,69,1,1.56023853211009
Kline Township Police Department,2005-05-01,Pennsylvania,1519,PA05438,0,1,0,0,0,0,1,0,0,0,0,0,0,0,0,0,0,0,0,0,0,0,0,0,0,0,0,0,0,0,0,0,1,1,1,2340,0,0,0,0,0,2340,0,0,0,0,0,0,0,0,0,0,0,0,0,0,0,2340,0,0,0,0,0,0,0,0,0,0,0,0,0,0,2340,0,0,0,0,0,2340,0,0,0,0,0,0,0,0,0,0,0,0,1,1.56023853211009
Kline Township Police Department,2005-06-01,Pennsylvania,1519,PA05438,0,1,0,0,0,0,1,0,0,0,0,0,0,0,0,0,0,0,0,0,1,1,0,0,0,0,0,0,0,0,1,0,0,0,0,312,0,0,0,0,0,312,0,0,0,0,0,0,0,0,0,0,0,0,0,780,780,1092,0,0,0,0,0,0,0,0,780,0,780,312,0,0,0,0,0,0,0,0,1092,0,0,312,0,0,0,0,0,0,0,0,312,1,1.56023853211009
Kline Township Police Department,2005-07-01,Pennsylvania,1519,PA05438,0,0,0,0,0,0,0,1,0,0,0,0,0,0,0,0,0,0,0,1,1,2,0,0,0,1,0,0,0,0,1,0,1,1,0,0,0,0,0,0,0,0,6241,0,0,0,0,0,0,0,0,0,0,0,156,1560,1716,7957,0,0,0,1560,0,0,0,0,156,0,0,0,0,0,0,156,6241,1560,0,0,7957,0,0,0,0,0,0,156,6241,0,0,0,6397,1,1.56023853211009
Kline Township Police Department,2005-08-01,Pennsylvania,1519,PA05438,0,0,0,0,0,0,0,0,0,0,0,0,0,0,0,0,0,0,0,1,1,2,0,0,0,2,0,0,0,0,0,0,0,0,0,0,0,0,0,0,0,0,0,0,0,0,0,0,0,0,0,0,0,0,78,390,468,468,0,0,0,468,0,0,0,0,0,0,0,0,0,0,0,0,0,0,0,468,468,0,0,0,0,0,0,0,0,0,0,0,0,1,1.56023853211009
Kline Township Police Department,2005-09-01,Pennsylvania,1519,PA05438,1,1,0,0,0,0,2,0,0,0,0,0,0,0,0,0,0,0,0,2,0,2,0,0,2,0,0,0,0,0,0,0,0,0,0,819,10415,0,0,0,0,11234,0,0,0,0,0,0,0,0,0,0,0,0,384,0,384,11618,0,0,384,0,0,0,0,0,0,0,819,384,0,10415,0,0,0,0,0,0,11618,0,0,0,0,0,0,0,0,0,0,0,0,1,1.56023853211009
Kline Township Police Department,2005-10-01,Pennsylvania,1519,PA05438,0,0,0,0,0,0,0,0,0,0,0,0,0,0,0,0,0,0,0,0,0,0,0,0,0,0,0,0,0,0,0,0,0,0,0,0,0,0,0,0,0,0,0,0,0,0,0,0,0,0,0,0,0,0,0,0,0,0,0,0,0,0,0,0,0,0,0,0,0,0,0,0,0,0,0,0,0,0,0,0,0,0,0,0,0,0,0,0,0,0,0,1,1.56023853211009
Kline Township Police Department,2005-11-01,Pennsylvania,1519,PA05438,0,0,0,0,0,0,0,0,0,0,0,0,0,0,0,0,0,0,0,0,0,0,0,0,0,0,0,0,0,0,0,0,0,0,0,0,0,0,0,0,0,0,0,0,0,0,0,0,0,0,0,0,0,0,0,0,0,0,0,0,0,0,0,0,0,0,0,0,0,0,0,0,0,0,0,0,0,0,0,0,0,0,0,0,0,0,0,0,0,0,0,1,1.56023853211009
Kline Township Police Department,2005-12-01,Pennsylvania,1519,PA05438,0,0,0,0,0,0,0,0,0,0,0,0,1,0,0,0,0,1,0,1,1,2,0,0,0,0,0,0,0,1,1,0,0,0,0,0,0,0,0,0,0,0,0,0,0,0,0,2418,0,0,0,0,2418,0,125,2158,2283,4701,0,0,0,0,0,0,0,125,2158,0,125,2418,0,0,0,0,0,0,2158,0,4701,0,0,0,0,0,0,0,0,0,0,0,0,1,1.56023853211009
Kline Township Police Department,2006-01-01,Pennsylvania,1509,PA05438,0,0,0,0,0,0,0,0,0,0,0,0,0,0,0,0,0,0,0,1,1,2,0,0,0,0,0,0,0,0,2,0,0,0,0,0,0,0,0,0,0,0,0,0,0,0,0,0,0,0,0,0,0,0,302,623,925,925,0,0,0,0,0,0,0,0,925,0,0,302,0,0,0,0,0,623,0,0,925,0,0,0,0,0,0,0,0,0,0,0,0,1,1.51147906246125
Kline Township Police Department,2006-02-01,Pennsylvania,1509,PA05438,0,0,0,0,0,0,0,0,0,0,0,0,0,0,0,0,0,0,0,1,0,1,0,0,0,0,1,0,0,0,0,0,0,0,0,0,0,0,0,0,0,0,0,0,0,0,0,0,0,0,0,0,0,0,212,0,212,212,0,0,0,0,212,0,0,0,0,0,151,60,0,0,0,0,0,0,0,0,212,0,0,0,0,0,0,0,0,0,0,0,0,1,1.51147906246125
Kline Township Police Department,2006-03-01,Pennsylvania,1509,PA05438,0,0,0,0,0,0,0,0,0,0,0,0,0,0,0,0,0,0,1,0,1,2,0,0,0,0,1,0,0,0,1,0,0,0,0,0,0,0,0,0,0,0,0,0,0,0,0,0,0,0,0,0,0,38,0,2719,2757,2757,0,0,0,0,38,0,0,0,2719,0,2719,0,0,38,0,0,0,0,0,0,2757,0,0,0,0,0,0,0,0,0,0,0,0,1,1.51147906246125
Kline Township Police Department,2006-04-01,Pennsylvania,1509,PA05438,0,0,0,0,0,0,0,0,0,0,0,0,0,0,0,0,0,0,0,0,0,0,0,0,0,0,0,0,0,0,0,0,0,0,0,0,0,0,0,0,0,0,0,0,0,0,0,0,0,0,0,0,0,0,0,0,0,0,0,0,0,0,0,0,0,0,0,0,0,0,0,0,0,0,0,0,0,0,0,0,0,0,0,0,0,0,0,0,0,0,0,1,1.51147906246125
Kline Township Police Department,2006-05-01,Pennsylvania,1509,PA05438,0,0,0,0,0,0,0,0,0,0,0,0,0,0,0,0,0,0,0,0,0,0,0,0,0,0,0,0,0,0,0,0,0,0,0,0,0,0,0,0,0,0,0,0,0,0,0,0,0,0,0,0,0,0,0,0,0,0,0,0,0,0,0,0,0,0,0,0,0,0,0,0,0,0,0,0,0,0,0,0,0,0,0,0,0,0,0,0,0,0,0,1,1.51147906246125
Kline Township Police Department,2006-06-01,Pennsylvania,1509,PA05438,0,0,0,0,0,0,0,0,0,0,0,0,0,0,0,0,0,0,2,2,0,4,0,0,0,0,1,0,0,0,3,0,0,0,0,0,0,0,0,0,0,0,0,0,0,0,0,0,0,0,0,0,0,33,181,0,215,215,0,0,0,0,106,0,0,0,109,0,3,106,0,0,0,0,0,106,0,0,215,0,3,0,0,0,0,0,0,106,0,0,109,1,1.51147906246125
Kline Township Police Department,2006-07-01,Pennsylvania,1509,PA05438,0,0,0,0,0,0,0,0,0,0,0,0,0,0,0,0,0,0,1,0,0,1,0,0,0,0,0,0,0,1,0,0,0,0,0,0,0,0,0,0,0,0,0,0,0,0,0,0,0,0,0,0,0,3,0,0,3,3,0,0,0,0,0,0,0,3,0,0,3,0,0,0,0,0,0,0,0,0,3,0,3,0,0,0,0,0,0,0,0,0,3,1,1.51147906246125
Kline Township Police Department,2006-08-01,Pennsylvania,1509,PA05438,0,0,0,0,0,0,0,0,0,0,0,0,0,0,0,0,0,0,0,0,1,1,0,0,0,0,1,0,0,0,0,0,0,0,0,0,0,0,0,0,0,0,0,0,0,0,0,0,0,0,0,0,0,0,0,1365,1365,1365,0,0,0,0,1365,0,0,0,0,0,0,1365,0,0,0,0,0,0,0,0,1365,0,0,0,0,0,0,0,0,0,0,0,0,1,1.51147906246125
Kline Township Police Department,2006-09-01,Pennsylvania,1509,PA05438,0,0,0,0,1,0,1,1,0,0,0,0,0,0,0,0,0,0,0,2,2,4,0,1,0,0,0,0,0,0,3,0,0,0,0,0,0,0,319,0,0,319,4534,0,0,0,0,0,0,0,0,0,0,0,257,605,862,5715,0,181,0,0,0,0,0,0,680,0,319,0,605,0,0,0,4534,181,0,76,5715,0,0,0,0,0,0,0,0,0,0,0,0,1,1.51147906246125
Kline Township Police Department,2006-10-01,Pennsylvania,1509,PA05438,0,0,0,0,1,0,1,1,0,0,0,0,0,0,0,0,0,0,2,0,1,3,0,0,0,1,1,0,0,1,0,0,1,1,0,0,0,0,53,0,0,53,68017,0,0,0,0,0,0,0,0,0,0,38,0,4831,4868,72938,0,0,0,8,4831,0,0,30,0,0,30,0,0,8,4831,0,68017,53,0,0,72938,0,0,0,0,0,4831,0,68017,0,0,0,72847,1,1.51147906246125
Kline Township Police Department,2006-11-01,Pennsylvania,1509,PA05438,0,0,0,0,0,0,0,0,0,0,0,0,0,0,0,0,0,0,2,0,0,2,0,0,0,0,0,0,0,0,2,0,0,0,0,0,0,0,0,0,0,0,0,0,0,0,0,0,0,0,0,0,0,88,0,0,88,88,0,0,0,0,0,0,0,0,88,0,0,0,0,0,0,0,0,88,0,0,88,0,0,0,0,0,0,0,0,51,0,0,51,1,1.51147906246125
Kline Township Police Department,2006-12-01,Pennsylvania,1509,PA05438,0,0,0,0,0,1,1,0,0,1,0,0,0,0,0,0,0,0,0,0,1,1,0,0,0,0,1,0,0,0,0,0,0,0,0,0,0,0,0,0,0,0,0,0,0,0,0,0,0,0,0,0,0,0,0,2267,2267,2267,0,0,0,0,2267,0,0,0,0,0,0,0,0,0,756,0,0,0,0,1511,2267,0,0,0,0,0,0,0,0,0,0,0,0,1,1.51147906246125
Kline Township Police Department,2007-01-01,Pennsylvania,1491,PA05438,0,0,0,0,0,0,0,0,0,0,0,0,0,0,0,0,0,0,1,0,0,1,0,0,0,0,0,0,0,0,1,0,0,0,0,0,0,0,0,0,0,0,0,0,0,0,0,0,0,0,0,0,0,22,0,0,22,22,0,0,0,0,0,0,0,0,22,0,0,0,0,0,0,0,0,22,0,0,22,0,0,0,0,0,0,0,0,22,0,0,22,1,1.46955740283082
Kline Township Police Department,2007-02-01,Pennsylvania,1491,PA05438,0,0,0,0,0,0,0,0,0,0,0,0,0,0,0,0,0,0,0,0,2,2,0,0,0,0,0,0,0,2,0,0,0,0,0,0,0,0,0,0,0,0,0,0,0,0,0,0,0,0,0,0,0,0,0,31,31,31,0,0,0,0,0,0,0,31,0,0,31,0,0,0,0,0,0,0,0,0,31,0,31,0,0,0,0,0,0,0,0,0,31,1,1.46955740283082
Kline Township Police Department,2007-03-01,Pennsylvania,1491,PA05438,0,0,0,0,0,0,0,0,0,0,0,0,0,0,0,0,0,0,0,2,0,2,0,0,0,1,0,0,0,0,1,0,0,0,0,0,0,0,0,0,0,0,0,0,0,0,0,0,0,0,0,0,0,0,103,0,103,103,0,0,0,44,0,0,0,0,59,0,0,0,0,0,0,0,0,103,0,0,103,0,0,0,0,0,0,0,0,0,0,0,0,1,1.46955740283082
Kline Township Police Department,2007-04-01,Pennsylvania,1491,PA05438,0,0,0,0,0,0,0,0,0,0,0,0,0,0,0,0,0,0,0,1,1,2,0,0,0,0,1,0,0,0,1,0,0,0,0,0,0,0,0,0,0,0,0,0,0,0,0,0,0,0,0,0,0,0,220,367,588,588,0,0,0,0,220,0,0,0,367,0,0,367,0,0,0,0,0,220,0,0,588,0,0,0,0,0,0,0,0,0,0,0,0,1,1.46955740283082
Kline Township Police Department,2007-05-01,Pennsylvania,1491,PA05438,0,0,0,0,0,0,0,0,0,1,0,0,0,0,0,0,0,0,0,1,0,1,0,0,0,0,1,0,0,0,0,0,0,0,0,0,0,0,0,0,0,0,0,0,0,0,0,0,0,0,0,0,0,0,294,0,294,294,0,0,0,0,294,0,0,0,0,0,0,0,0,0,0,0,0,294,0,0,294,0,0,0,0,0,0,0,0,0,0,0,0,1,1.46955740283082
Kline Township Police Department,2007-06-01,Pennsylvania,1491,PA05438,0,0,0,0,0,0,0,0,0,0,0,0,0,0,0,0,0,0,1,0,0,1,0,0,0,0,0,0,0,0,1,0,0,0,0,0,0,0,0,0,0,0,0,0,0,0,0,0,0,0,0,0,0,72,0,0,72,72,0,0,0,0,0,0,0,0,72,0,0,0,0,0,0,0,0,72,0,0,72,0,0,0,0,0,0,0,0,0,0,0,0,1,1.46955740283082
Kline Township Police Department,2007-07-01,Pennsylvania,1491,PA05438,0,1,0,0,0,0,1,0,0,0,0,0,0,0,0,0,0,0,2,2,1,5,0,2,0,0,2,0,0,1,0,0,0,0,0,735,0,0,0,0,0,735,0,0,0,0,0,0,0,0,0,0,0,21,279,441,741,1475,0,647,0,0,88,0,0,6,0,0,6,735,0,0,0,0,0,735,0,0,1475,0,6,0,0,0,0,0,0,647,0,0,652,1,1.46955740283082
Kline Township Police Department,2007-08-01,Pennsylvania,1491,PA05438,0,1,0,0,0,0,1,1,0,0,0,0,1,0,0,0,0,1,0,0,1,1,0,0,0,0,1,0,0,0,0,0,0,0,0,147,0,0,0,0,0,147,4409,0,0,0,0,845,0,0,0,0,845,0,0,367,367,5768,0,0,0,0,367,0,0,0,0,0,0,992,0,0,0,0,4409,367,0,0,5768,0,0,0,0,0,0,0,0,367,0,0,367,1,1.46955740283082
Kline Township Police Department,2007-09-01,Pennsylvania,1491,PA05438,0,0,0,0,0,0,0,0,0,1,0,0,0,0,0,0,0,0,0,1,0,1,0,1,0,0,0,0,0,0,0,0,0,0,0,0,0,0,0,0,0,0,0,0,0,0,0,0,0,0,0,0,0,0,220,0,220,220,0,220,0,0,0,0,0,0,0,0,0,0,0,0,0,0,0,220,0,0,220,0,0,0,0,0,0,0,0,0,0,0,0,1,1.46955740283082
Kline Township Police Department,2007-10-01,Pennsylvania,1491,PA05438,0,0,0,0,0,0,0,0,0,0,0,0,0,0,0,0,0,0,1,0,0,1,0,0,0,0,0,0,0,1,0,0,0,0,0,0,0,0,0,0,0,0,0,0,0,0,0,0,0,0,0,0,0,3,0,0,3,3,0,0,0,0,0,0,0,3,0,0,0,0,0,0,0,0,0,3,0,0,3,0,0,0,0,0,0,0,0,3,0,0,3,1,1.46955740283082
Kline Township Police Department,2007-11-01,Pennsylvania,1491,PA05438,0,0,0,0,0,0,0,0,0,0,0,0,0,0,0,0,0,0,0,0,0,0,0,0,0,0,0,0,0,0,0,0,0,0,0,0,0,0,0,0,0,0,0,0,0,0,0,0,0,0,0,0,0,0,0,0,0,0,0,0,0,0,0,0,0,0,0,0,0,0,0,0,0,0,0,0,0,0,0,0,0,0,0,0,0,0,0,0,0,0,0,1,1.46955740283082
Kline Township Police Department,2007-12-01,Pennsylvania,1491,PA05438,0,0,0,0,0,0,0,0,0,0,0,0,0,0,0,0,0,0,0,5,1,6,0,0,0,0,0,0,0,1,5,0,0,0,0,0,0,0,0,0,0,0,0,0,0,0,0,0,0,0,0,0,0,0,359,1511,1869,1869,0,0,0,0,0,0,0,18,1852,0,18,291,0,0,0,0,0,929,0,632,1869,0,0,0,0,0,0,0,0,0,0,0,0,1,1.46955740283082
Kline Township Police Department,2008-01-01,Pennsylvania,1496,PA05438,0,0,0,0,0,0,0,0,0,0,0,0,0,0,0,0,0,0,0,1,0,1,0,0,0,1,0,0,0,0,0,0,0,0,0,0,0,0,0,0,0,0,0,0,0,0,0,0,0,0,0,0,0,0,235,0,235,235,0,0,0,235,0,0,0,0,0,0,0,0,0,0,0,0,0,235,0,0,235,0,0,0,0,0,0,0,0,0,0,0,0,1,1.41522547733228
Kline Township Police Department,2008-02-01,Pennsylvania,1496,PA05438,0,0,0,0,0,0,0,0,0,0,0,0,0,0,0,0,0,0,0,0,1,1,1,0,0,0,0,0,0,0,0,0,0,0,0,0,0,0,0,0,0,0,0,0,0,0,0,0,0,0,0,0,0,0,0,1415,1415,1415,1415,0,0,0,0,0,0,0,0,0,0,0,0,0,0,0,0,1415,0,0,1415,0,0,0,0,0,0,0,0,0,0,0,0,1,1.41522547733228
Kline Township Police Department,2008-03-01,Pennsylvania,1496,PA05438,1,0,0,0,0,0,1,0,0,0,0,0,0,0,0,0,0,0,2,0,0,2,0,0,0,1,0,0,0,0,1,0,0,0,0,0,1019,0,0,0,0,1019,0,0,0,0,0,0,0,0,0,0,0,14,0,0,14,1033,0,0,0,0,0,0,0,0,14,0,0,14,0,0,0,0,0,14,0,1005,1033,0,0,0,0,0,0,0,0,0,0,0,0,1,1.41522547733228
Kline Township Police Department,2008-04-01,Pennsylvania,1496,PA05438,0,0,0,0,0,0,0,0,0,0,0,0,0,0,0,0,0,0,4,0,0,4,0,1,0,0,0,0,0,3,0,0,0,0,0,0,0,0,0,0,0,0,0,0,0,0,0,0,0,0,0,0,0,6,0,0,6,6,0,0,0,0,0,0,0,6,0,0,6,0,0,0,0,0,0,0,0,0,6,0,0,0,0,0,0,0,0,0,0,0,0,1,1.41522547733228
Kline Township Police Department,2008-05-01,Pennsylvania,1496,PA05438,1,0,0,0,0,0,1,0,0,0,0,0,0,0,0,0,0,0,1,0,2,3,0,0,0,0,1,0,0,0,2,0,0,0,0,0,262,0,0,0,0,262,0,0,0,0,0,0,0,0,0,0,0,35,0,15596,15631,15893,0,0,0,0,1444,0,0,0,14188,0,0,0,0,0,0,0,0,15185,708,0,15893,0,0,0,0,0,0,0,0,0,0,0,0,1,1.41522547733228
Kline Township Police Department,2008-06-01,Pennsylvania,1496,PA05438,0,0,0,0,0,0,0,0,0,0,0,0,0,0,0,0,0,0,1,1,1,3,0,0,0,1,1,0,0,0,1,0,0,0,0,0,0,0,0,0,0,0,0,0,0,0,0,0,0,0,0,0,0,11,177,580,768,768,0,0,0,11,177,0,0,0,580,0,0,11,0,0,0,0,177,580,0,0,768,0,0,0,0,0,0,0,0,0,0,0,0,1,1.41522547733228
Kline Township Police Department,2008-07-01,Pennsylvania,1496,PA05438,0,0,0,0,0,0,0,0,0,0,0,0,0,0,0,0,0,0,2,1,0,3,0,2,0,1,-1,0,0,1,0,0,0,0,0,0,0,0,0,0,0,0,0,0,0,0,0,0,0,0,0,0,0,11,212,0,224,224,0,142,0,71,0,0,0,11,0,0,11,0,0,0,0,0,0,212,0,0,224,0,0,0,0,0,0,0,0,0,0,0,0,1,1.41522547733228
Kline Township Police Department,2008-08-01,Pennsylvania,1496,PA05438,0,0,0,0,0,0,0,0,0,0,0,0,0,0,0,0,0,0,3,0,1,4,0,3,0,0,0,0,0,1,0,0,0,0,0,0,0,0,0,0,0,0,0,0,0,0,0,0,0,0,0,0,0,0,0,283,283,283,0,283,0,0,0,0,0,0,0,0,0,0,0,0,0,0,0,283,0,0,283,0,0,0,0,0,0,0,0,0,0,0,0,1,1.41522547733228
Kline Township Police Department,2008-09-01,Pennsylvania,1496,PA05438,0,0,1,0,2,0,3,0,0,0,0,0,0,0,0,0,0,0,0,0,1,1,0,0,0,0,1,0,0,0,0,0,0,0,0,0,0,0,13421,0,0,13421,0,0,0,0,0,0,0,0,0,0,0,0,0,425,425,13845,0,0,0,0,425,0,0,0,0,0,0,0,0,0,425,0,0,13421,0,0,13845,0,0,0,0,0,0,0,0,0,0,0,0,1,1.41522547733228
Kline Township Police Department,2008-10-01,Pennsylvania,1496,PA05438,0,0,0,0,0,1,1,0,0,0,0,0,0,0,0,0,0,0,0,1,0,1,0,0,0,0,1,0,0,0,0,0,0,0,0,0,0,0,0,0,7076,7076,0,0,0,0,0,0,0,0,0,0,0,0,142,0,142,7218,0,0,0,0,142,0,0,0,0,0,0,0,0,0,0,0,0,7218,0,0,7218,0,0,0,0,0,0,0,0,0,0,0,0,1,1.41522547733228
Kline Township Police Department,2008-11-01,Pennsylvania,1496,PA05438,0,0,0,0,0,1,1,0,0,0,0,0,0,0,0,0,0,0,1,1,0,2,1,0,0,0,0,0,0,0,1,0,0,0,0,0,0,0,0,0,4246,4246,0,0,0,0,0,0,0,0,0,0,0,55,71,0,126,4372,71,0,0,0,0,0,0,0,55,0,0,0,0,0,0,0,0,4372,0,0,4372,0,0,0,0,0,0,0,0,0,0,0,0,1,1.41522547733228
Kline Township Police Department,2008-12-01,Pennsylvania,1496,PA05438,0,-1,0,0,0,0,-1,0,0,0,0,0,0,0,0,0,0,0,1,0,0,1,0,0,0,0,0,0,0,1,0,0,0,0,0,0,0,0,0,0,0,0,0,0,0,0,0,0,0,0,0,0,0,31,0,0,31,31,0,0,0,0,0,0,0,31,0,0,31,0,0,0,0,0,0,0,0,0,31,0,0,0,0,0,0,0,0,0,0,0,0,1,1.41522547733228
Kline Township Police Department,2009-01-01,Pennsylvania,1484,PA05438,0,0,0,0,0,0,0,0,0,0,0,0,0,0,0,0,0,0,1,0,1,2,0,0,0,0,1,0,0,1,0,0,0,0,0,0,0,0,0,0,0,0,0,0,0,0,0,0,0,0,0,0,0,0,0,10226,10226,10226,0,0,0,0,0,0,0,10226,0,0,0,0,0,0,0,0,0,10226,0,0,10226,0,0,0,0,0,0,0,0,0,0,0,0,1,1.42027521282265
Kline Township Police Department,2009-02-01,Pennsylvania,1484,PA05438,0,0,0,0,0,0,0,0,0,0,0,0,0,0,0,0,0,0,1,0,0,1,0,0,0,0,0,0,0,0,1,0,0,0,0,0,0,0,0,0,0,0,0,0,0,0,0,0,0,0,0,0,0,0,0,0,0,0,0,0,0,0,0,0,0,0,0,0,0,0,0,0,0,0,0,0,0,0,0,0,0,0,0,0,0,0,0,0,0,0,0,1,1.42027521282265
Kline Township Police Department,2009-03-01,Pennsylvania,1484,PA05438,0,0,0,0,0,0,0,0,0,0,0,0,0,0,0,0,0,0,1,0,1,2,0,0,0,1,1,0,0,0,0,0,0,0,0,0,0,0,0,0,0,0,0,0,0,0,0,0,0,0,0,0,0,0,0,284,284,284,0,0,0,284,0,0,0,0,0,0,0,0,0,0,0,0,0,0,0,284,284,0,0,0,0,0,0,0,0,0,0,0,0,1,1.42027521282265
Kline Township Police Department,2009-04-01,Pennsylvania,1484,PA05438,0,0,1,0,0,0,1,0,0,0,0,0,0,0,0,0,0,0,1,1,1,3,0,1,0,1,0,0,0,1,0,0,0,0,0,0,0,682,0,0,0,682,0,0,0,0,0,0,0,0,0,0,0,3,142,426,571,1253,0,142,0,426,0,0,0,3,0,0,3,43,639,0,0,0,0,142,0,426,1253,0,0,0,0,0,0,0,0,0,0,0,0,1,1.42027521282265
Kline Township Police Department,2009-05-01,Pennsylvania,1484,PA05438,0,0,0,0,0,0,0,0,0,0,0,0,0,0,0,0,0,0,0,0,0,0,0,0,0,0,0,0,0,0,0,0,0,0,0,0,0,0,0,0,0,0,0,0,0,0,0,0,0,0,0,0,0,0,0,0,0,0,0,0,0,0,0,0,0,0,0,0,0,0,0,0,0,0,0,0,0,0,0,0,0,0,0,0,0,0,0,0,0,0,0,1,1.42027521282265
Kline Township Police Department,2009-06-01,Pennsylvania,1484,PA05438,0,0,1,0,0,0,1,0,0,0,0,0,0,0,0,0,0,0,0,0,1,1,0,0,0,1,0,0,0,0,0,0,0,0,0,0,0,0,0,0,0,0,0,0,0,0,0,0,0,0,0,0,0,0,0,284,284,284,0,0,0,284,0,0,0,0,0,0,0,0,0,0,0,0,0,0,0,284,284,0,0,0,0,0,0,0,0,0,0,0,0,1,1.42027521282265
Kline Township Police Department,2009-07-01,Pennsylvania,1484,PA05438,0,0,0,0,0,0,0,0,0,0,0,0,0,0,0,0,0,0,0,0,2,2,0,0,0,0,0,0,0,1,1,0,0,0,0,0,0,0,0,0,0,0,0,0,0,0,0,0,0,0,0,0,0,0,0,690,690,690,0,0,0,0,0,0,0,65,625,0,0,0,0,0,0,0,0,65,0,625,690,0,0,0,0,0,0,0,0,0,0,0,0,1,1.42027521282265
Kline Township Police Department,2009-08-01,Pennsylvania,1484,PA05438,0,0,0,0,0,0,0,0,0,0,0,0,0,0,0,0,0,0,6,4,0,10,1,2,0,6,0,0,0,0,1,0,0,0,0,0,0,0,0,0,0,0,0,0,0,0,0,0,0,0,0,0,0,43,504,0,547,547,0,256,0,291,0,0,0,0,0,92,0,28,0,0,0,0,0,256,0,170,547,0,0,0,0,0,0,0,0,0,0,0,0,1,1.42027521282265
Kline Township Police Department,2009-09-01,Pennsylvania,1484,PA05438,0,0,0,0,0,0,0,0,0,0,0,0,0,0,0,0,0,0,3,0,0,3,1,0,0,0,0,0,0,2,0,0,0,0,0,0,0,0,0,0,0,0,0,0,0,0,0,0,0,0,0,0,0,23,0,0,23,23,0,0,0,0,0,0,0,23,0,0,23,0,0,0,0,0,0,0,0,0,23,0,0,0,0,0,0,0,0,0,0,0,0,1,1.42027521282265
Kline Township Police Department,2009-10-01,Pennsylvania,1484,PA05438,0,0,0,0,0,0,0,0,0,0,0,0,0,0,0,0,0,0,4,0,1,5,0,1,0,0,3,0,0,0,1,0,0,0,0,0,0,0,0,0,0,0,0,0,0,0,0,0,0,0,0,0,0,0,0,2841,2841,2841,0,0,0,0,2841,0,0,0,0,0,0,0,0,0,2841,0,0,0,0,0,2841,0,0,0,0,0,0,0,0,0,0,0,0,1,1.42027521282265
Kline Township Police Department,2009-11-01,Pennsylvania,1484,PA05438,0,1,2,0,0,0,3,0,0,1,0,0,0,0,0,0,0,0,1,0,0,1,0,0,0,0,0,0,0,0,1,0,0,0,0,0,0,0,0,0,0,0,0,0,0,0,0,0,0,0,0,0,0,0,0,0,0,0,0,0,0,0,0,0,0,0,0,0,0,0,0,0,0,0,0,0,0,0,0,0,0,0,0,0,0,0,0,0,0,0,0,1,1.42027521282265
Kline Township Police Department,2009-12-01,Pennsylvania,1484,PA05438,0,-1,0,0,0,0,-1,0,0,0,0,0,0,0,0,0,0,0,0,1,0,1,0,0,0,0,0,0,0,0,1,0,0,0,0,0,0,0,0,0,0,0,0,0,0,0,0,0,0,0,0,0,0,0,213,0,213,213,0,0,0,0,0,0,0,0,213,213,0,0,0,0,0,0,0,0,0,0,213,0,0,0,0,0,0,0,0,0,0,0,0,1,1.42027521282265
Kline Township Police Department,2010-01-01,Pennsylvania,1438,PA05438,0,0,0,0,0,0,0,0,0,-1,0,0,0,0,0,0,0,0,2,0,0,2,0,0,0,0,0,0,0,2,0,0,0,0,0,0,0,0,0,0,0,0,0,0,0,0,0,0,0,0,0,0,0,8,0,0,8,8,0,0,0,0,0,0,0,8,0,0,0,0,0,8,0,0,0,0,0,0,8,0,0,0,0,8,0,0,0,0,0,0,8,1,1.3973579356326
Kline Township Police Department,2010-02-01,Pennsylvania,1438,PA05438,0,0,0,0,0,0,0,0,0,0,0,0,0,0,0,0,0,0,0,0,0,0,0,0,0,0,0,0,0,0,0,0,0,0,0,0,0,0,0,0,0,0,0,0,0,0,0,0,0,0,0,0,0,0,0,0,0,0,0,0,0,0,0,0,0,0,0,0,0,0,0,0,0,0,0,0,0,0,0,0,0,0,0,0,0,0,0,0,0,0,0,1,1.3973579356326
Kline Township Police Department,2010-03-01,Pennsylvania,1438,PA05438,0,0,0,0,0,0,0,0,0,0,0,0,0,0,0,0,0,0,1,0,2,3,2,0,0,0,0,0,0,1,0,1,0,1,0,0,0,0,0,0,0,0,0,0,0,0,0,0,0,0,0,0,0,0,0,769,769,769,769,0,0,0,0,0,0,0,0,0,0,0,0,0,0,0,0,769,0,0,769,0,0,0,0,0,0,0,0,384,0,0,384,1,1.3973579356326
Kline Township Police Department,2010-04-01,Pennsylvania,1438,PA05438,0,0,0,0,0,0,0,0,0,0,0,0,0,0,0,0,0,0,0,0,1,1,0,0,0,0,1,0,0,0,0,0,0,0,0,0,0,0,0,0,0,0,0,0,0,0,0,0,0,0,0,0,0,0,0,279,279,279,0,0,0,0,279,0,0,0,0,0,0,0,0,0,0,0,0,0,0,279,279,0,0,0,0,0,0,0,0,0,0,0,0,1,1.3973579356326
Kline Township Police Department,2010-05-01,Pennsylvania,1438,PA05438,0,0,0,0,0,0,0,0,0,0,0,0,0,0,0,0,0,0,2,0,0,2,0,0,0,0,1,0,0,1,0,0,0,0,0,0,0,0,0,0,0,0,0,0,0,0,0,0,0,0,0,0,0,20,0,0,20,20,0,0,0,0,0,0,0,20,0,0,20,0,0,0,0,0,0,0,0,0,20,0,0,0,0,0,0,0,0,0,0,0,0,1,1.3973579356326
Kline Township Police Department,2010-06-01,Pennsylvania,1438,PA05438,0,0,0,0,0,0,0,0,0,0,0,0,0,0,0,0,0,0,0,0,0,0,0,0,0,0,0,0,0,0,0,0,0,0,0,0,0,0,0,0,0,0,0,0,0,0,0,0,0,0,0,0,0,0,0,0,0,0,0,0,0,0,0,0,0,0,0,0,0,0,0,0,0,0,0,0,0,0,0,0,0,0,0,0,0,0,0,0,0,0,0,1,1.3973579356326
Kline Township Police Department,2010-07-01,Pennsylvania,1438,PA05438,0,0,0,0,0,0,0,0,0,0,0,0,0,0,0,0,0,0,0,0,0,0,0,0,0,0,0,0,0,0,0,0,0,0,0,0,0,0,0,0,0,0,0,0,0,0,0,0,0,0,0,0,0,0,0,0,0,0,0,0,0,0,0,0,0,0,0,0,0,0,0,0,0,0,0,0,0,0,0,0,0,0,0,0,0,0,0,0,0,0,0,1,1.3973579356326
Kline Township Police Department,2010-08-01,Pennsylvania,1438,PA05438,0,0,0,0,0,0,0,0,0,0,0,0,0,0,0,0,0,0,0,0,1,1,0,0,0,0,1,0,0,0,0,0,0,0,0,0,0,0,0,0,0,0,0,0,0,0,0,0,0,0,0,0,0,0,0,559,559,559,0,0,0,0,559,0,0,0,0,0,0,0,0,0,0,0,0,559,0,0,559,0,0,0,0,0,0,0,0,0,0,0,0,1,1.3973579356326
Kline Township Police Department,2010-09-01,Pennsylvania,1438,PA05438,0,0,0,2,0,0,2,0,0,0,0,0,0,0,0,0,0,0,4,0,1,5,0,0,0,0,3,0,1,1,0,0,0,0,0,0,0,0,0,10215,0,10215,0,0,0,0,0,0,0,0,0,0,0,6,0,769,774,10989,0,0,0,0,6,0,769,0,0,349,6,70,1537,0,0,0,0,503,0,8524,10989,0,0,0,0,0,0,0,0,0,0,0,0,1,1.3973579356326
Kline Township Police Department,2010-10-01,Pennsylvania,1438,PA05438,0,0,0,0,0,0,0,0,0,0,0,0,0,0,0,0,0,0,0,0,0,0,0,0,0,0,0,0,0,0,0,0,0,0,0,0,0,0,0,0,0,0,0,0,0,0,0,0,0,0,0,0,0,0,0,0,0,0,0,0,0,0,0,0,0,0,0,0,0,0,0,0,0,0,0,0,0,0,0,0,0,0,0,0,0,0,0,0,0,0,0,1,1.3973579356326
Kline Township Police Department,2010-11-01,Pennsylvania,1438,PA05438,1,0,0,0,0,0,1,0,0,0,0,0,0,0,0,0,0,0,3,2,0,5,0,0,0,2,2,0,0,0,1,0,0,0,0,0,279,0,0,0,0,279,0,0,0,0,0,0,0,0,0,0,0,21,175,0,196,475,0,0,0,0,91,0,0,0,105,0,0,279,0,0,0,0,0,196,0,0,475,0,0,0,0,0,0,0,0,0,0,0,0,1,1.3973579356326
Kline Township Police Department,2010-12-01,Pennsylvania,1438,PA05438,0,0,0,0,0,0,0,0,0,0,0,0,0,0,0,0,0,0,0,0,1,1,1,0,0,0,0,0,0,0,0,0,0,0,0,0,0,0,0,0,0,0,0,0,0,0,0,0,0,0,0,0,0,0,0,279,279,279,279,0,0,0,0,0,0,0,0,0,0,0,0,0,0,0,0,279,0,0,279,0,0,0,0,0,0,0,0,0,0,0,0,1,1.3973579356326
Kline Township Police Department,2011-01-01,Pennsylvania,1443,PA05438,0,0,0,0,0,0,0,0,0,0,0,0,0,0,0,0,0,0,2,0,1,3,0,0,0,0,0,0,0,1,2,0,0,0,0,0,0,0,0,0,0,0,0,0,0,0,0,0,0,0,0,0,0,14,0,406,420,420,0,0,0,0,0,0,0,14,406,0,4,0,0,0,0,0,0,416,0,0,420,0,0,0,0,0,0,0,0,0,0,0,0,1,1.35459550174677
Kline Township Police Department,2011-02-01,Pennsylvania,1443,PA05438,0,0,1,0,0,0,1,0,0,0,0,0,0,0,0,0,0,0,0,0,0,0,0,0,0,0,0,0,0,0,0,0,0,0,0,0,0,412,0,0,0,412,0,0,0,0,0,0,0,0,0,0,0,0,0,0,0,412,0,0,0,0,0,0,0,0,0,0,0,0,0,0,169,0,0,242,0,0,412,0,0,0,0,0,0,0,0,0,0,0,0,1,1.35459550174677
Kline Township Police Department,2011-03-01,Pennsylvania,1443,PA05438,0,0,0,0,0,1,1,0,0,0,0,0,0,0,0,0,0,0,3,0,0,3,0,0,0,0,0,0,0,0,3,0,0,0,0,0,0,0,0,0,364,364,0,0,0,0,0,0,0,0,0,0,0,62,0,0,62,427,0,0,0,0,0,0,0,0,62,0,62,0,0,0,0,0,0,364,0,0,427,0,0,0,0,0,0,0,0,0,0,0,0,1,1.35459550174677
Kline Township Police Department,2011-04-01,Pennsylvania,1443,PA05438,0,0,0,0,0,0,0,0,0,0,0,0,0,0,0,0,0,0,4,0,0,4,1,0,0,0,3,0,0,0,0,0,0,0,0,0,0,0,0,0,0,0,0,0,0,0,0,0,0,0,0,0,0,54,76,0,130,130,54,0,0,0,76,0,0,0,0,0,0,0,0,0,0,0,0,130,0,0,130,0,0,0,0,0,0,0,0,0,0,0,0,1,1.35459550174677
Kline Township Police Department,2011-05-01,Pennsylvania,1443,PA05438,0,0,0,0,1,0,1,0,0,0,0,0,0,0,0,0,0,0,4,2,0,6,1,0,0,1,0,0,0,0,4,0,0,0,0,0,0,0,1084,0,0,1084,0,0,0,0,0,0,0,0,0,0,0,49,167,0,215,1299,49,0,0,99,0,0,0,0,68,0,68,20,0,1151,0,0,0,60,0,0,1299,0,0,0,0,0,0,0,0,0,0,0,0,1,1.35459550174677
Kline Township Police Department,2011-06-01,Pennsylvania,1443,PA05438,0,0,2,1,0,0,3,0,0,0,0,0,0,0,0,0,0,0,2,1,2,5,0,0,0,2,1,0,0,0,2,0,0,0,0,0,0,3617,0,0,0,3617,0,0,0,0,0,0,0,0,0,0,0,0,203,20421,20624,24240,0,0,0,271,20150,0,0,0,203,0,0,203,508,2709,19642,0,0,298,0,880,24240,0,0,0,0,0,0,0,0,0,0,0,0,1,1.35459550174677
Kline Township Police Department,2011-07-01,Pennsylvania,1443,PA05438,0,0,1,0,0,0,1,0,0,0,0,0,0,0,0,0,0,0,0,0,0,0,0,0,0,0,0,0,0,0,0,0,0,0,0,0,0,4741,0,0,0,4741,0,0,0,0,0,0,0,0,0,0,0,0,0,0,0,4741,0,0,0,0,0,0,0,0,0,0,0,0,0,0,0,0,0,4741,0,0,4741,0,0,0,0,0,0,0,0,0,0,0,0,1,1.35459550174677
Kline Township Police Department,2011-08-01,Pennsylvania,1443,PA05438,0,0,0,0,0,0,0,0,0,0,0,0,0,0,0,0,0,0,2,1,1,4,2,0,0,0,1,0,0,0,1,0,0,0,0,0,0,0,0,0,0,0,0,0,0,0,0,0,0,0,0,0,0,49,203,8663,8915,8915,49,0,0,0,8663,0,0,0,203,0,0,0,0,27,8636,0,0,252,0,0,8915,0,0,0,0,0,0,0,0,0,0,0,0,1,1.35459550174677
Kline Township Police Department,2011-09-01,Pennsylvania,1443,PA05438,0,0,0,0,0,1,1,0,0,0,0,0,0,0,0,0,0,0,2,0,0,2,0,0,0,2,0,0,0,0,0,0,0,0,0,0,0,0,0,0,0,0,0,0,0,0,0,0,0,0,0,0,0,0,0,0,0,0,0,0,0,0,0,0,0,0,0,0,0,0,0,0,0,0,0,0,0,0,0,0,0,0,0,0,0,0,0,0,0,0,0,1,1.35459550174677
Kline Township Police Department,2011-10-01,Pennsylvania,1443,PA05438,1,0,0,0,0,0,1,0,0,1,0,0,0,0,0,0,0,0,1,0,0,1,0,0,0,0,0,0,0,0,1,0,0,0,0,0,813,0,0,0,0,813,0,0,0,0,0,0,0,0,0,0,0,68,0,0,68,880,0,0,0,0,0,0,0,0,68,0,0,0,0,0,0,0,0,68,0,813,880,0,0,0,0,0,0,0,0,0,0,0,0,1,1.35459550174677
Kline Township Police Department,2011-11-01,Pennsylvania,1443,PA05438,0,0,1,0,0,0,1,0,0,0,0,0,0,0,0,0,0,0,2,1,2,5,1,0,0,0,2,0,0,1,1,0,0,0,0,0,0,68,0,0,0,68,0,0,0,0,0,0,0,0,0,0,0,0,203,2614,2818,2885,0,0,0,0,2547,0,0,0,271,677,0,244,0,0,0,0,0,1896,0,68,2885,0,0,0,0,0,0,0,0,0,0,0,0,1,1.35459550174677
Kline Township Police Department,2011-12-01,Pennsylvania,1443,PA05438,0,0,0,0,0,0,0,0,0,0,0,0,0,0,0,0,0,0,0,1,1,2,1,0,0,0,0,0,0,0,1,0,0,0,0,0,0,0,0,0,0,0,0,0,0,0,0,0,0,0,0,0,0,0,135,406,542,542,406,0,0,0,0,0,0,0,135,0,0,0,0,0,0,0,0,542,0,0,542,0,0,0,0,0,0,0,0,0,0,0,0,1,1.35459550174677
Kline Township Police Department,2012-01-01,Pennsylvania,1431,PA05438,0,0,0,0,0,0,0,0,0,0,0,0,0,0,0,0,0,0,1,0,0,1,0,0,0,0,0,0,0,1,0,0,0,0,0,0,0,0,0,0,0,0,0,0,0,0,0,0,0,0,0,0,0,13,0,0,13,13,0,0,0,0,0,0,0,13,0,0,13,0,0,0,0,0,0,0,0,0,13,0,0,0,0,0,0,0,0,0,0,0,0,1,1.32713265123532
Kline Township Police Department,2012-02-01,Pennsylvania,1431,PA05438,0,0,0,0,0,0,0,0,0,0,0,0,0,0,0,0,0,0,0,1,0,1,0,0,0,0,0,0,0,0,1,0,0,0,0,0,0,0,0,0,0,0,0,0,0,0,0,0,0,0,0,0,0,0,153,0,153,153,0,0,0,0,0,0,0,0,153,0,0,0,0,0,0,0,0,153,0,0,153,0,0,0,0,0,0,0,0,0,0,0,0,1,1.32713265123532
Kline Township Police Department,2012-03-01,Pennsylvania,1431,PA05438,0,0,0,0,0,0,0,0,0,1,0,0,0,0,0,0,0,0,3,0,0,3,0,0,0,0,0,0,0,3,0,0,0,0,0,0,0,0,0,0,0,0,0,0,0,0,0,0,0,0,0,0,0,38,0,0,38,38,0,0,0,0,0,0,0,38,0,0,11,27,0,1,0,0,0,0,0,0,38,0,0,0,0,0,0,0,0,0,0,0,0,1,1.32713265123532
Kline Township Police Department,2012-04-01,Pennsylvania,1431,PA05438,0,0,1,0,0,0,1,0,0,0,0,0,0,0,0,0,0,0,1,0,0,1,0,0,0,0,0,0,0,0,1,0,0,0,0,0,0,4910,0,0,0,4910,0,0,0,0,0,0,0,0,0,0,0,13,0,0,13,4924,0,0,0,0,0,0,0,0,13,0,0,0,4512,0,398,0,0,13,0,0,4924,0,0,0,0,0,0,0,0,0,0,0,0,1,1.32713265123532
Kline Township Police Department,2012-05-01,Pennsylvania,1431,PA05438,0,0,0,0,0,0,0,0,0,0,0,0,0,0,0,0,0,0,0,0,0,0,0,0,0,0,0,0,0,0,0,0,0,0,0,0,0,0,0,0,0,0,0,0,0,0,0,0,0,0,0,0,0,0,0,0,0,0,0,0,0,0,0,0,0,0,0,0,0,0,0,0,0,0,0,0,0,0,0,0,0,0,0,0,0,0,0,0,0,0,0,1,1.32713265123532
Kline Township Police Department,2012-06-01,Pennsylvania,1431,PA05438,0,0,0,0,0,0,0,0,0,0,0,0,0,0,0,0,0,0,0,0,0,0,0,0,0,0,0,0,0,0,0,0,0,0,0,0,0,0,0,0,0,0,0,0,0,0,0,0,0,0,0,0,0,0,0,0,0,0,0,0,0,0,0,0,0,0,0,0,0,0,0,0,0,0,0,0,0,0,0,0,0,0,0,0,0,0,0,0,0,0,0,1,1.32713265123532
Kline Township Police Department,2012-07-01,Pennsylvania,1431,PA05438,1,0,0,0,0,0,1,0,0,1,0,0,0,0,0,0,0,0,11,0,0,11,0,0,0,7,3,0,0,1,0,0,0,0,0,0,0,0,0,0,0,0,0,0,0,0,0,0,0,0,0,0,0,23,0,0,23,23,0,0,0,0,20,0,0,3,0,0,3,0,0,0,0,0,0,20,0,0,23,0,0,0,0,0,0,0,0,0,0,0,0,1,1.32713265123532
Kline Township Police Department,2012-08-01,Pennsylvania,1431,PA05438,0,0,0,0,0,0,0,0,0,0,0,0,0,0,0,0,0,0,1,0,0,1,0,0,0,0,0,0,0,0,1,0,0,0,0,0,0,0,0,0,0,0,0,0,0,0,0,0,0,0,0,0,0,0,0,0,0,0,0,0,0,0,0,0,0,0,0,0,0,0,0,0,0,0,0,0,0,0,0,0,0,0,0,0,0,0,0,0,0,0,0,1,1.32713265123532
Kline Township Police Department,2012-09-01,Pennsylvania,1431,PA05438,0,0,0,0,0,0,0,0,0,0,0,0,0,0,0,0,0,0,0,0,0,0,0,0,0,0,0,0,0,0,0,0,0,0,0,0,0,0,0,0,0,0,0,0,0,0,0,0,0,0,0,0,0,0,0,0,0,0,0,0,0,0,0,0,0,0,0,0,0,0,0,0,0,0,0,0,0,0,0,0,0,0,0,0,0,0,0,0,0,0,0,1,1.32713265123532
Kline Township Police Department,2012-10-01,Pennsylvania,1431,PA05438,0,0,0,0,0,0,0,0,0,0,0,0,0,0,0,0,0,0,1,0,1,2,0,0,0,0,2,0,0,0,0,0,0,0,0,0,0,0,0,0,0,0,0,0,0,0,0,0,0,0,0,0,0,0,0,636,636,636,0,0,0,0,636,0,0,0,0,0,0,0,0,0,0,0,0,636,0,0,636,0,0,0,0,0,0,0,0,0,0,0,0,1,1.32713265123532
Kline Township Police Department,2012-11-01,Pennsylvania,1431,PA05438,0,0,0,0,0,0,0,0,0,0,0,0,0,0,0,0,0,0,1,0,0,1,0,0,0,0,0,0,0,0,1,0,0,0,0,0,0,0,0,0,0,0,0,0,0,0,0,0,0,0,0,0,0,0,0,0,0,0,0,0,0,0,0,0,0,0,0,0,0,0,0,0,0,0,0,0,0,0,0,0,0,0,0,0,0,0,0,0,0,0,0,1,1.32713265123532
Kline Township Police Department,2012-12-01,Pennsylvania,1431,PA05438,0,0,0,0,0,0,0,0,0,0,0,0,0,0,0,0,0,0,6,0,1,7,0,0,0,2,1,0,0,3,1,0,0,0,0,0,0,0,0,0,0,0,0,0,0,0,0,0,0,0,0,0,0,1,0,1098,1099,1099,0,0,0,1098,0,0,0,1,0,752,1,133,0,0,0,0,0,0,212,0,1099,0,0,0,0,0,0,0,0,0,0,0,0,1,1.32713265123532
Kline Township Police Department,2014-01-01,Pennsylvania,1422,PA05438,0,0,0,0,0,0,0,0,0,1,0,0,0,0,0,0,0,0,2,0,1,3,0,0,0,0,1,0,0,2,0,0,0,0,0,0,0,0,0,0,0,0,0,0,0,0,0,0,0,0,0,0,0,6,0,655,662,662,0,0,0,0,655,0,0,6,0,0,5,655,0,1,0,0,0,0,0,0,662,0,0,0,0,0,0,0,0,0,0,0,0,1,1.28709350845562
Kline Township Police Department,2014-02-01,Pennsylvania,1422,PA05438,0,0,0,0,0,0,0,0,0,0,0,0,0,0,0,0,0,0,0,0,1,1,0,0,0,0,0,0,0,0,1,0,0,0,0,0,0,0,0,0,0,0,0,0,0,0,0,0,0,0,0,0,0,0,0,297,297,297,0,0,0,0,0,0,0,0,297,0,0,297,0,0,0,0,0,0,0,0,297,0,0,0,0,0,0,0,0,0,0,0,0,1,1.28709350845562
Kline Township Police Department,2014-03-01,Pennsylvania,1422,PA05438,0,2,0,0,0,0,2,0,0,0,0,0,0,0,0,0,0,0,2,0,0,2,0,0,0,2,0,0,0,0,0,0,0,0,0,257,0,0,0,0,0,257,0,0,0,0,0,0,0,0,0,0,0,13,0,0,13,270,0,0,0,13,0,0,0,0,0,0,0,13,0,0,0,0,0,257,0,0,270,0,0,0,0,0,0,0,0,0,0,0,0,1,1.28709350845562
Kline Township Police Department,2014-04-01,Pennsylvania,1422,PA05438,0,0,0,0,1,0,1,0,0,0,0,0,0,0,0,0,0,0,2,0,0,2,0,0,0,0,0,0,0,2,0,0,0,0,0,0,0,0,0,0,0,0,0,0,0,0,0,0,0,0,0,0,0,70,0,0,70,70,0,0,0,0,0,0,0,70,0,0,12,0,0,0,0,0,0,58,0,0,70,0,0,0,0,0,0,0,0,0,0,0,0,1,1.28709350845562
Kline Township Police Department,2014-05-01,Pennsylvania,1422,PA05438,0,1,0,0,0,0,1,0,0,0,0,0,0,0,0,0,0,0,1,0,0,1,0,0,0,0,0,0,0,0,1,0,0,0,0,0,0,0,0,0,0,0,0,0,0,0,0,0,0,0,0,0,0,26,0,0,26,26,0,0,0,0,0,0,0,0,26,0,0,0,0,0,0,0,0,26,0,0,26,0,0,0,0,0,0,0,0,0,0,0,0,1,1.28709350845562
Kline Township Police Department,2014-06-01,Pennsylvania,1422,PA05438,1,0,1,0,0,0,2,0,0,0,0,0,0,0,0,0,0,0,0,0,1,1,0,0,0,0,0,0,0,0,1,0,0,0,0,0,0,1094,0,0,0,1094,0,0,0,0,0,0,0,0,0,0,0,0,0,450,450,1545,0,0,0,0,0,0,0,0,450,0,0,0,0,0,0,0,0,0,0,1545,1545,0,0,0,0,0,0,0,0,0,0,0,0,1,1.28709350845562
Kline Township Police Department,2014-07-01,Pennsylvania,1422,PA05438,0,1,0,0,0,0,1,0,0,0,0,0,0,0,0,0,0,0,1,0,0,1,0,0,0,0,0,0,0,0,1,0,0,0,0,0,0,0,0,0,0,0,0,0,0,0,0,0,0,0,0,0,0,0,0,0,0,0,0,0,0,0,0,0,0,0,0,0,0,0,0,0,0,0,0,0,0,0,0,0,0,0,0,0,0,0,0,0,0,0,0,1,1.28709350845562
Kline Township Police Department,2014-08-01,Pennsylvania,1422,PA05438,0,0,1,0,0,0,1,0,0,0,0,0,0,0,0,0,0,0,0,1,4,5,0,0,0,1,1,0,0,0,3,0,0,0,0,0,0,3218,0,0,0,3218,0,0,0,0,0,0,0,0,0,0,0,0,64,3990,4054,7272,0,0,0,515,2832,0,0,0,708,0,0,0,515,0,0,0,0,3926,0,2832,7272,0,0,0,0,0,0,0,0,0,0,0,0,1,1.28709350845562
Kline Township Police Department,2014-09-01,Pennsylvania,1422,PA05438,0,0,0,0,0,0,0,0,0,0,0,0,0,0,0,0,0,0,0,2,1,3,0,2,0,1,0,0,0,0,0,0,0,0,0,0,0,0,0,0,0,0,0,0,0,0,0,0,0,0,0,0,0,0,198,1416,1614,1614,0,198,0,1416,0,0,0,0,0,0,0,0,0,0,0,0,0,1614,0,0,1614,0,0,0,0,0,0,0,0,0,0,0,0,1,1.28709350845562
Kline Township Police Department,2014-10-01,Pennsylvania,1422,PA05438,1,0,1,0,0,0,2,0,0,0,0,0,0,0,0,0,0,0,1,2,1,4,0,0,0,0,0,0,0,2,2,0,0,0,0,0,386,22267,0,0,0,22653,0,0,0,0,0,0,0,0,0,0,0,0,251,463,714,23367,0,0,0,0,0,0,0,251,463,0,0,0,386,187,22267,0,0,528,0,0,23367,0,0,0,0,0,0,0,0,0,0,0,0,1,1.28709350845562
Kline Township Police Department,2014-11-01,Pennsylvania,1422,PA05438,1,0,0,0,0,0,1,0,0,0,0,0,0,0,0,0,0,0,4,0,0,4,0,0,0,0,0,0,0,4,0,0,0,0,0,0,2574,0,0,0,0,2574,0,0,0,0,0,0,0,0,0,0,0,54,0,0,54,2628,0,0,0,0,0,0,0,54,0,0,15,1416,0,4,1158,0,0,35,0,0,2628,0,0,0,0,0,0,0,0,0,0,0,0,1,1.28709350845562
Kline Township Police Department,2014-12-01,Pennsylvania,1422,PA05438,0,0,0,0,0,0,0,0,0,0,0,0,0,0,0,0,0,0,0,1,0,1,0,0,0,0,0,0,0,0,1,0,0,0,0,0,0,0,0,0,0,0,0,0,0,0,0,0,0,0,0,0,0,0,206,0,206,206,0,0,0,0,0,0,0,0,206,0,0,206,0,0,0,0,0,0,0,0,206,0,0,0,0,0,0,0,0,0,0,0,0,1,1.28709350845562
Kline Township Police Department,2015-01-01,Pennsylvania,1401,PA05438,0,0,0,0,0,0,0,0,0,0,0,0,0,0,0,0,0,0,2,0,0,2,0,0,0,0,0,0,0,2,0,0,0,0,0,0,0,0,0,0,0,0,0,0,0,0,0,0,0,0,0,0,0,4,0,0,4,4,0,0,0,0,0,0,0,4,0,0,4,0,0,0,0,0,0,0,0,0,4,0,0,0,0,0,0,0,0,0,0,0,0,1,1.28556847539769
Kline Township Police Department,2015-02-01,Pennsylvania,1401,PA05438,0,0,0,0,0,0,0,0,0,1,0,0,0,0,0,0,0,0,0,0,0,0,0,0,0,0,0,0,0,0,0,0,0,0,0,0,0,0,0,0,0,0,0,0,0,0,0,0,0,0,0,0,0,0,0,0,0,0,0,0,0,0,0,0,0,0,0,0,0,0,0,0,0,0,0,0,0,0,0,0,0,0,0,0,0,0,0,0,0,0,0,1,1.28556847539769
Kline Township Police Department,2015-03-01,Pennsylvania,1401,PA05438,1,0,0,0,0,0,1,0,0,0,0,0,0,0,0,0,0,0,0,0,0,0,0,0,0,0,0,0,0,0,0,0,0,0,0,0,12856,0,0,0,0,12856,0,0,0,0,0,0,0,0,0,0,0,0,0,0,0,12856,0,0,0,0,0,0,0,0,0,0,0,12856,0,0,0,0,0,0,0,0,12856,0,0,0,0,0,0,0,0,0,0,0,0,1,1.28556847539769
Kline Township Police Department,2015-04-01,Pennsylvania,1401,PA05438,0,0,0,0,1,0,1,0,0,0,0,0,0,0,0,0,0,0,0,0,1,1,0,0,0,1,0,0,0,0,0,0,0,0,0,0,0,0,0,0,0,0,0,0,0,0,0,0,0,0,0,0,0,0,0,482,482,482,0,0,0,482,0,0,0,0,0,0,0,0,482,0,0,0,0,0,0,0,482,0,0,0,0,0,0,0,0,0,0,0,0,1,1.28556847539769
Kline Township Police Department,2015-05-01,Pennsylvania,1401,PA05438,0,0,0,0,0,3,3,0,0,0,0,0,0,0,0,0,0,0,1,0,0,1,0,0,0,0,0,0,0,0,1,0,0,0,0,0,0,0,0,0,8485,8485,0,0,0,0,0,0,0,0,0,0,0,39,0,0,39,8523,0,0,0,0,0,0,0,0,39,0,0,0,0,270,0,0,0,8253,0,0,8523,0,0,0,0,0,0,0,0,0,0,0,0,1,1.28556847539769
Kline Township Police Department,2015-06-01,Pennsylvania,1401,PA05438,0,0,1,0,0,0,1,0,0,0,0,0,0,0,0,0,0,0,1,0,2,3,0,0,0,0,1,0,0,1,1,0,0,0,0,0,0,12856,0,0,0,12856,0,0,0,0,0,0,0,0,0,0,0,1,0,7199,7200,20056,0,0,0,0,771,0,0,1,6428,0,1,771,0,0,6428,0,0,12856,0,0,20056,0,0,0,0,0,0,0,0,0,0,0,0,1,1.28556847539769
Kline Township Police Department,2015-07-01,Pennsylvania,1401,PA05438,0,0,0,0,0,0,0,0,0,0,0,0,0,0,0,0,0,0,1,2,2,5,1,0,0,0,1,0,0,0,3,0,0,0,0,0,0,0,0,0,0,0,0,0,0,0,0,0,0,0,0,0,0,22,617,1286,1924,1924,22,0,0,0,1028,0,0,0,874,0,0,0,0,0,0,0,0,1924,0,0,1924,0,0,0,0,0,0,0,0,0,0,0,0,1,1.28556847539769
Kline Township Police Department,2015-08-01,Pennsylvania,1401,PA05438,1,0,0,0,0,0,1,0,0,0,0,0,0,0,0,0,0,0,1,0,2,3,0,0,0,0,0,0,0,2,1,0,0,0,0,0,6428,0,0,0,0,6428,0,0,0,0,0,0,0,0,0,0,0,1,0,3238,3240,9667,0,0,0,0,0,0,0,1481,1759,0,1481,1759,6428,0,0,0,0,0,0,0,9667,0,0,0,0,0,0,0,0,0,0,0,0,1,1.28556847539769
Kline Township Police Department,2015-09-01,Pennsylvania,1401,PA05438,0,0,0,0,0,0,0,0,0,0,0,0,0,0,0,0,0,0,0,1,0,1,1,0,0,0,0,0,0,0,0,0,0,0,0,0,0,0,0,0,0,0,0,0,0,0,0,0,0,0,0,0,0,0,180,0,180,180,180,0,0,0,0,0,0,0,0,0,0,0,0,0,0,0,0,180,0,0,180,0,0,0,0,0,0,0,0,0,0,0,0,1,1.28556847539769
Kline Township Police Department,2015-10-01,Pennsylvania,1401,PA05438,0,0,0,0,0,0,0,0,0,0,0,0,0,0,0,0,0,0,0,0,0,0,0,0,0,0,0,0,0,0,0,0,0,0,0,0,0,0,0,0,0,0,0,0,0,0,0,0,0,0,0,0,0,0,0,0,0,0,0,0,0,0,0,0,0,0,0,0,0,0,0,0,0,0,0,0,0,0,0,0,0,0,0,0,0,0,0,0,0,0,0,1,1.28556847539769
Kline Township Police Department,2015-11-01,Pennsylvania,1401,PA05438,0,0,1,0,0,0,1,0,0,0,0,0,0,0,0,0,0,0,0,0,1,1,0,0,0,0,0,0,0,0,1,0,0,0,0,0,0,0,0,0,0,0,0,0,0,0,0,0,0,0,0,0,0,0,0,321,321,321,0,0,0,0,0,0,0,0,321,0,0,0,0,0,0,0,0,321,0,0,321,0,0,0,0,0,0,0,0,0,0,0,0,1,1.28556847539769
Kline Township Police Department,2015-12-01,Pennsylvania,1401,PA05438,0,0,0,0,0,0,0,0,0,0,0,0,0,0,0,0,0,0,2,0,0,2,0,0,0,0,0,0,0,2,0,0,0,0,0,0,0,0,0,0,0,0,0,0,0,0,0,0,0,0,0,0,0,39,0,0,39,39,0,0,0,0,0,0,0,39,0,0,0,0,0,0,0,0,0,39,0,0,39,0,0,0,0,0,0,0,0,0,0,0,0,1,1.28556847539769
Kline Township Police Department,2016-01-01,Pennsylvania,1387,PA05438,0,0,0,0,0,0,0,0,0,0,0,0,0,0,0,0,0,0,1,0,1,2,0,0,0,0,0,0,0,1,1,0,0,0,0,0,0,0,0,0,0,0,0,0,0,0,0,0,0,0,0,0,0,4,0,889,892,892,0,0,0,0,0,0,0,4,889,0,4,0,0,0,0,0,0,0,0,889,892,0,0,0,0,0,0,0,0,0,0,0,0,1,1.26955202032162
Kline Township Police Department,2016-02-01,Pennsylvania,1387,PA05438,0,0,0,0,0,0,0,0,0,0,0,0,0,0,0,0,0,0,1,0,0,1,0,0,0,0,0,0,0,1,0,0,0,0,0,0,0,0,0,0,0,0,0,0,0,0,0,0,0,0,0,0,0,13,0,0,13,13,0,0,0,0,0,0,0,13,0,0,13,0,0,0,0,0,0,0,0,0,13,0,0,0,0,0,0,0,0,0,0,0,0,1,1.26955202032162
Kline Township Police Department,2016-03-01,Pennsylvania,1387,PA05438,0,0,0,0,0,0,0,0,0,0,0,0,0,0,0,0,0,0,0,0,1,1,1,0,0,0,0,0,0,0,0,0,0,0,0,0,0,0,0,0,0,0,0,0,0,0,0,0,0,0,0,0,0,0,0,317,317,317,317,0,0,0,0,0,0,0,0,0,0,0,0,0,0,0,0,317,0,0,317,0,0,0,0,0,0,0,0,0,0,0,0,1,1.26955202032162
Kline Township Police Department,2016-04-01,Pennsylvania,1387,PA05438,0,0,0,0,0,0,0,0,0,0,0,0,0,0,0,0,0,0,1,0,0,1,0,0,0,0,0,0,0,0,1,0,0,0,0,0,0,0,0,0,0,0,0,0,0,0,0,0,0,0,0,0,0,0,0,0,0,0,0,0,0,0,0,0,0,0,0,0,0,0,0,0,0,0,0,0,0,0,0,0,0,0,0,0,0,0,0,0,0,0,0,1,1.26955202032162
Kline Township Police Department,2016-05-01,Pennsylvania,1387,PA05438,0,0,0,0,0,0,0,0,0,0,0,0,0,0,0,0,0,0,1,1,0,2,0,0,0,1,0,0,0,1,0,0,0,0,0,0,0,0,0,0,0,0,0,0,0,0,0,0,0,0,0,0,0,10,63,0,74,74,0,0,0,63,0,0,0,10,0,0,9,0,0,0,0,0,0,65,0,0,74,0,0,0,0,0,0,0,0,0,0,0,0,1,1.26955202032162
Kline Township Police Department,2016-06-01,Pennsylvania,1387,PA05438,0,0,0,0,0,0,0,0,0,0,0,0,0,0,0,0,0,0,2,1,0,3,0,0,0,0,0,0,0,2,1,0,0,0,0,0,0,0,0,0,0,0,0,0,0,0,0,0,0,0,0,0,0,48,152,0,201,201,0,0,0,0,0,0,0,188,13,0,0,0,0,201,0,0,0,0,0,0,201,0,0,0,0,0,0,0,0,0,0,0,0,1,1.26955202032162
Kline Township Police Department,2016-07-01,Pennsylvania,1387,PA05438,0,0,0,0,0,0,0,0,0,0,0,0,0,0,0,0,0,0,3,0,0,3,0,0,0,0,0,0,0,1,2,0,0,0,0,0,0,0,0,0,0,0,0,0,0,0,0,0,0,0,0,0,0,38,0,0,38,38,0,0,0,0,0,0,0,0,38,0,0,0,0,0,0,0,0,38,0,0,38,0,0,0,0,0,0,0,0,0,0,0,0,1,1.26955202032162
Kline Township Police Department,2016-08-01,Pennsylvania,1387,PA05438,0,0,0,0,0,0,0,0,1,0,0,0,0,0,0,0,0,0,1,1,2,4,1,1,0,0,2,0,0,0,0,0,0,0,0,0,0,0,0,0,0,0,0,0,0,0,0,0,0,0,0,0,0,0,102,1016,1117,1117,635,102,0,0,381,0,0,0,0,0,0,0,0,0,0,0,0,736,0,381,1117,0,0,0,0,0,0,0,0,0,0,0,0,1,1.26955202032162
Kline Township Police Department,2016-09-01,Pennsylvania,1387,PA05438,0,0,0,0,0,0,0,0,0,0,0,0,0,0,0,0,0,0,0,0,0,0,0,0,0,0,0,0,0,0,0,0,0,0,0,0,0,0,0,0,0,0,0,0,0,0,0,0,0,0,0,0,0,0,0,0,0,0,0,0,0,0,0,0,0,0,0,0,0,0,0,0,0,0,0,0,0,0,0,0,0,0,0,0,0,0,0,0,0,0,0,1,1.26955202032162
Kline Township Police Department,2016-10-01,Pennsylvania,1387,PA05438,0,0,0,0,0,0,0,0,0,0,0,0,0,0,0,0,0,0,5,2,1,8,0,0,0,7,0,0,0,1,0,0,0,0,0,0,0,0,0,0,0,0,0,0,0,0,0,0,0,0,0,0,0,47,320,317,684,684,0,0,0,682,0,0,0,3,0,0,15,95,0,41,0,0,0,533,0,0,684,0,0,0,0,0,0,0,0,0,0,0,0,1,1.26955202032162
Kline Township Police Department,2016-11-01,Pennsylvania,1387,PA05438,0,0,0,1,0,0,1,0,0,0,0,0,0,0,0,0,0,0,0,0,2,2,0,0,0,0,0,0,0,0,2,0,0,0,0,0,0,0,0,267,0,267,0,0,0,0,0,0,0,0,0,0,0,0,0,575,575,842,0,0,0,0,0,0,0,0,575,0,0,0,0,0,0,0,0,842,0,0,842,0,0,0,0,0,0,0,0,0,0,0,0,1,1.26955202032162
Kline Township Police Department,2016-12-01,Pennsylvania,1387,PA05438,0,0,0,0,0,0,0,0,0,0,0,0,0,0,0,0,0,0,0,0,2,2,1,0,0,0,0,0,0,0,1,0,0,0,0,0,0,0,0,0,0,0,0,0,0,0,0,0,0,0,0,0,0,0,0,13838,13838,13838,1270,0,0,0,0,0,0,0,12569,0,0,0,0,0,317,0,0,2856,1143,9522,13838,0,0,0,0,0,0,0,0,0,0,0,0,1,1.26955202032162
Kline Township Police Department,1975-01-01,Pennsylvania,1490,PA05438,0,1,0,0,0,0,1,0,0,0,0,0,0,0,0,0,0,0,0,0,0,0,0,0,0,0,0,0,0,0,0,0,0,0,0,1982,0,0,0,0,0,1982,0,0,0,0,0,0,0,0,0,0,0,0,0,0,0,1982,0,0,0,0,0,0,0,0,0,0,0,1982,0,0,0,0,0,0,0,0,1982,0,0,0,0,0,0,0,0,0,0,0,0,1,5.66184422421803
Kline Township Police Department,1975-02-01,Pennsylvania,1490,PA05438,0,0,0,0,0,0,0,0,0,0,0,0,0,0,0,0,0,0,0,0,0,0,0,0,0,0,0,0,0,0,0,0,0,0,0,0,0,0,0,0,0,0,0,0,0,0,0,0,0,0,0,0,0,0,0,0,0,0,0,0,0,0,0,0,0,0,0,0,0,0,0,0,0,0,0,0,0,0,0,0,0,0,0,0,0,0,0,0,0,0,0,1,5.66184422421803
Kline Township Police Department,1975-03-01,Pennsylvania,1490,PA05438,0,0,0,0,0,0,0,0,0,0,0,0,0,0,0,0,0,0,0,0,0,0,0,0,0,0,0,0,0,0,0,0,0,0,0,0,0,0,0,0,0,0,0,0,0,0,0,0,0,0,0,0,0,0,0,0,0,0,0,0,0,0,0,0,0,0,0,0,0,0,0,0,0,0,0,0,0,0,0,0,0,0,0,0,0,0,0,0,0,0,0,1,5.66184422421803
Kline Township Police Department,1975-04-01,Pennsylvania,1490,PA05438,0,0,0,0,0,0,0,0,0,0,0,0,0,0,0,0,0,0,0,0,1,1,0,0,0,0,0,0,0,0,1,0,0,0,0,0,0,0,0,0,0,0,0,0,0,0,0,0,0,0,0,0,0,0,0,2831,2831,2831,0,0,0,0,0,0,0,0,2831,0,0,0,0,0,0,0,0,2831,0,0,2831,0,0,0,0,0,0,0,0,0,0,0,0,1,5.66184422421803
Kline Township Police Department,1975-05-01,Pennsylvania,1490,PA05438,0,0,0,0,0,0,0,0,0,0,0,1,0,0,0,0,0,1,0,0,0,0,0,0,0,0,0,0,0,0,0,0,0,0,0,0,0,0,0,0,0,0,0,0,0,0,283,0,0,0,0,0,283,0,0,0,0,283,0,0,0,0,0,0,0,0,0,0,283,0,0,0,0,0,0,0,0,0,283,0,0,0,0,0,0,0,0,0,0,0,0,1,5.66184422421803
Kline Township Police Department,1975-06-01,Pennsylvania,1490,PA05438,0,0,0,0,0,0,0,1,0,0,0,0,0,0,0,0,0,0,0,0,0,0,0,0,0,0,0,0,0,0,0,1,0,1,0,0,0,0,0,0,0,0,5379,0,0,0,0,0,0,0,0,0,0,0,0,0,0,5379,0,0,0,0,0,0,0,0,0,0,0,0,0,0,0,0,5379,0,0,0,5379,0,0,0,0,0,0,0,5379,0,0,0,5379,1,5.66184422421803
Kline Township Police Department,1975-07-01,Pennsylvania,1490,PA05438,0,0,0,0,0,0,0,1,0,0,0,0,0,0,0,0,0,0,0,2,0,2,0,1,0,0,0,0,0,0,1,0,0,0,0,0,0,0,0,0,0,0,5662,0,0,0,0,0,0,0,0,0,0,0,1948,0,1948,7610,0,1098,0,0,0,0,0,0,849,0,0,0,0,0,0,0,5662,1948,0,0,7610,0,0,0,0,0,0,0,0,0,0,0,0,1,5.66184422421803
Kline Township Police Department,1975-08-01,Pennsylvania,1490,PA05438,0,0,0,0,0,0,0,0,0,0,0,0,0,0,0,0,0,0,0,0,0,0,0,0,0,0,0,0,0,0,0,0,0,0,0,0,0,0,0,0,0,0,0,0,0,0,0,0,0,0,0,0,0,0,0,0,0,0,0,0,0,0,0,0,0,0,0,0,0,0,0,0,0,0,0,0,0,0,0,0,0,0,0,0,0,0,0,0,0,0,0,1,5.66184422421803
Kline Township Police Department,1975-09-01,Pennsylvania,1490,PA05438,0,0,0,0,0,0,0,0,0,0,0,0,0,0,0,0,0,0,0,0,0,0,0,0,0,0,0,0,0,0,0,0,0,0,0,0,0,0,0,0,0,0,0,0,0,0,0,0,0,0,0,0,0,0,0,0,0,0,0,0,0,0,0,0,0,0,0,0,0,0,0,0,0,0,0,0,0,0,0,0,0,0,0,0,0,0,0,0,0,0,0,1,5.66184422421803
Kline Township Police Department,1975-10-01,Pennsylvania,1490,PA05438,0,0,0,0,0,0,0,0,0,0,0,0,0,0,0,0,0,0,0,0,0,0,0,0,0,0,0,0,0,0,0,0,0,0,0,0,0,0,0,0,0,0,0,0,0,0,0,0,0,0,0,0,0,0,0,0,0,0,0,0,0,0,0,0,0,0,0,0,0,0,0,0,0,0,0,0,0,0,0,0,0,0,0,0,0,0,0,0,0,0,0,1,5.66184422421803
Kline Township Police Department,1975-11-01,Pennsylvania,1490,PA05438,0,0,0,0,0,0,0,1,0,0,0,0,0,0,0,0,0,0,0,0,0,0,0,0,0,0,0,0,0,0,0,0,0,0,0,0,0,0,0,0,0,0,1982,0,0,0,0,0,0,0,0,0,0,0,0,0,0,1982,0,0,0,0,0,0,0,0,0,0,0,0,0,0,0,0,1982,0,0,0,1982,0,0,0,0,0,0,0,0,0,0,0,0,1,5.66184422421803
Kline Township Police Department,1975-12-01,Pennsylvania,1490,PA05438,0,0,0,0,0,0,0,0,0,0,0,0,0,0,0,0,0,0,0,0,0,0,0,0,0,0,0,0,0,0,0,0,0,0,0,0,0,0,0,0,0,0,0,0,0,0,0,0,0,0,0,0,0,0,0,0,0,0,0,0,0,0,0,0,0,0,0,0,0,0,0,0,0,0,0,0,0,0,0,0,0,0,0,0,0,0,0,0,0,0,0,1,5.66184422421803
Kline Township Police Department,1976-01-01,Pennsylvania,1537,PA05438,0,0,0,0,1,0,1,0,0,0,0,0,0,0,0,0,0,0,0,0,0,0,0,0,0,0,0,0,0,0,0,0,0,0,0,0,0,0,42020,0,0,42020,0,0,0,0,0,0,0,0,0,0,0,0,0,0,0,42020,0,0,0,0,0,0,0,0,0,0,0,34803,0,0,0,0,0,7218,0,0,42020,0,0,0,0,0,0,0,0,0,0,0,0,1,5.35425245277493
Kline Township Police Department,1976-02-01,Pennsylvania,1537,PA05438,0,0,0,0,0,0,0,0,0,0,0,0,0,0,0,0,0,0,0,1,0,1,1,0,0,0,0,0,0,0,0,0,0,0,0,0,0,0,0,0,0,0,0,0,0,0,0,0,0,0,0,0,0,0,723,0,723,723,723,0,0,0,0,0,0,0,0,0,0,0,0,0,0,0,0,0,0,723,723,0,0,0,0,0,0,0,0,0,0,0,0,1,5.35425245277493
Kline Township Police Department,1976-03-01,Pennsylvania,1537,PA05438,0,0,0,0,1,0,1,0,0,0,0,0,0,0,0,0,0,0,0,2,0,2,0,0,0,2,0,0,0,0,0,0,0,0,0,0,0,0,1606,0,0,1606,0,0,0,0,0,0,0,0,0,0,0,0,1392,0,1392,2998,0,0,0,1392,0,0,0,0,0,0,0,0,0,0,0,0,0,1606,0,1392,2998,0,0,0,0,0,0,0,0,0,0,0,0,1,5.35425245277493
Kline Township Police Department,1976-04-01,Pennsylvania,1537,PA05438,0,0,0,0,2,0,2,0,0,0,0,0,0,0,0,0,0,0,0,1,0,1,1,0,0,0,0,0,0,0,0,0,0,0,0,0,0,0,2329,0,0,2329,0,0,0,0,0,0,0,0,0,0,0,0,669,0,669,2998,669,0,0,0,0,0,0,0,0,0,0,1874,0,0,0,0,0,1124,0,0,2998,0,0,0,0,0,0,0,0,0,0,0,0,1,5.35425245277493
Kline Township Police Department,1976-05-01,Pennsylvania,1537,PA05438,1,0,0,0,0,0,1,0,0,0,0,0,0,0,0,0,0,0,0,0,1,1,0,0,0,0,1,0,0,0,0,0,0,0,0,0,14055,0,0,0,0,14055,0,0,0,0,0,0,0,0,0,0,0,0,0,6425,6425,20480,0,0,0,0,6425,0,0,0,0,0,6425,11378,0,0,2677,0,0,0,0,0,20480,0,0,0,0,0,0,0,0,0,0,0,0,1,5.35425245277493
Kline Township Police Department,1976-06-01,Pennsylvania,1537,PA05438,0,1,0,0,0,0,1,0,0,0,0,0,0,0,0,0,0,0,0,0,0,0,0,0,0,0,0,0,0,0,0,0,0,0,0,20346,0,0,0,0,0,20346,0,0,0,0,0,0,0,0,0,0,0,0,0,0,0,20346,0,0,0,0,0,0,0,0,0,0,0,20346,0,0,0,0,0,0,0,0,20346,0,0,0,0,0,0,0,0,0,0,0,0,1,5.35425245277493
Kline Township Police Department,1976-07-01,Pennsylvania,1537,PA05438,0,0,0,0,0,0,0,0,0,0,0,0,0,0,0,0,0,0,1,0,0,1,0,0,0,0,0,0,0,1,0,0,0,0,0,0,0,0,0,0,0,0,0,0,0,0,0,0,0,0,0,0,0,37,0,0,37,37,0,0,0,0,0,0,0,37,0,0,37,0,0,0,0,0,0,0,0,0,37,0,37,0,0,0,0,0,0,0,0,0,37,1,5.35425245277493
Kline Township Police Department,1976-08-01,Pennsylvania,1537,PA05438,0,0,0,0,0,0,0,0,0,0,0,0,0,0,0,0,0,0,0,0,0,0,0,0,0,0,0,0,0,0,0,0,0,0,0,0,0,0,0,0,0,0,0,0,0,0,0,0,0,0,0,0,0,0,0,0,0,0,0,0,0,0,0,0,0,0,0,0,0,0,0,0,0,0,0,0,0,0,0,0,0,0,0,0,0,0,0,0,0,0,0,1,5.35425245277493
Kline Township Police Department,1976-09-01,Pennsylvania,1537,PA05438,0,1,0,0,0,0,1,0,0,0,0,0,0,0,0,0,0,0,0,0,0,0,0,0,0,0,0,0,0,0,0,0,0,0,0,0,0,0,0,0,0,0,0,0,0,0,0,0,0,0,0,0,0,0,0,0,0,0,0,0,0,0,0,0,0,0,0,0,0,0,0,0,0,0,0,0,0,0,0,0,0,0,0,0,0,0,0,0,0,0,0,1,5.35425245277493
Kline Township Police Department,1976-10-01,Pennsylvania,1537,PA05438,1,0,1,0,0,0,2,0,0,0,0,0,0,0,0,0,0,0,0,0,0,0,0,0,0,0,0,0,0,0,0,0,0,0,0,0,375,696,0,0,0,1071,0,0,0,0,0,0,0,0,0,0,0,0,0,0,0,1071,0,0,0,0,0,0,0,0,0,0,0,0,0,696,0,0,0,375,0,0,1071,0,0,0,0,0,0,0,0,375,0,0,375,1,5.35425245277493
Kline Township Police Department,1976-11-01,Pennsylvania,1537,PA05438,0,0,0,0,0,0,0,0,0,0,0,0,0,0,0,0,0,0,0,3,0,3,3,0,0,0,0,0,0,0,0,0,0,0,0,0,0,0,0,0,0,0,0,0,0,0,0,0,0,0,0,0,0,0,1124,0,1124,1124,1124,0,0,0,0,0,0,0,0,0,0,0,0,0,0,0,0,1124,0,0,1124,0,0,0,0,0,0,0,0,0,0,0,0,1,5.35425245277493
Kline Township Police Department,1976-12-01,Pennsylvania,1537,PA05438,1,0,0,0,0,0,1,0,0,0,0,0,0,0,0,0,0,0,0,0,0,0,0,0,0,0,0,0,0,0,0,0,0,0,0,0,3614,0,0,0,0,3614,0,0,0,0,0,0,0,0,0,0,0,0,0,0,0,3614,0,0,0,0,0,0,0,0,0,0,0,3614,0,0,0,0,0,0,0,0,3614,0,0,0,0,0,0,0,0,0,0,0,0,1,5.35425245277493
Kline Township Police Department,1977-01-01,Pennsylvania,1514,PA05438,0,0,0,0,0,0,0,0,0,0,0,0,0,0,0,0,0,0,0,0,0,0,0,0,0,0,0,0,0,0,0,0,0,0,0,0,0,0,0,0,0,0,0,0,0,0,0,0,0,0,0,0,0,0,0,0,0,0,0,0,0,0,0,0,0,0,0,0,0,0,0,0,0,0,0,0,0,0,0,0,0,0,0,0,0,0,0,0,0,0,0,1,5.02738759796508
Kline Township Police Department,1977-02-01,Pennsylvania,1514,PA05438,0,1,0,0,0,0,1,0,0,0,0,0,0,0,0,0,0,0,0,0,0,0,0,0,0,0,0,0,0,0,0,0,0,0,0,1257,0,0,0,0,0,1257,0,0,0,0,0,0,0,0,0,0,0,0,0,0,0,1257,0,0,0,0,0,0,0,0,0,0,0,1257,0,0,0,0,0,0,0,0,1257,0,0,0,0,0,0,0,0,0,0,0,0,1,5.02738759796508
Kline Township Police Department,1977-03-01,Pennsylvania,1514,PA05438,0,0,0,0,0,0,0,0,0,0,0,0,0,0,0,0,0,0,1,1,0,2,2,0,0,0,0,0,0,0,0,0,0,0,0,0,0,0,0,0,0,0,0,0,0,0,0,0,0,0,0,0,0,226,880,0,1106,1106,1106,0,0,0,0,0,0,0,0,0,0,0,0,0,0,0,0,880,0,226,1106,0,0,0,0,0,0,0,0,0,0,0,0,1,5.02738759796508
Kline Township Police Department,1977-04-01,Pennsylvania,1514,PA05438,0,0,0,0,1,0,1,0,0,0,0,0,0,0,0,0,0,0,0,0,0,0,0,0,0,0,0,0,0,0,0,0,0,0,0,0,0,0,1760,0,0,1760,0,0,0,0,0,0,0,0,0,0,0,0,0,0,0,1760,0,0,0,0,0,0,0,0,0,0,0,0,0,0,0,0,0,1760,0,0,1760,0,0,0,0,0,0,0,0,0,0,0,0,1,5.02738759796508
Kline Township Police Department,1977-05-01,Pennsylvania,1514,PA05438,0,0,0,0,0,0,0,0,0,0,0,0,0,0,0,0,0,0,0,0,0,0,0,0,0,0,0,0,0,0,0,0,0,0,0,0,0,0,0,0,0,0,0,0,0,0,0,0,0,0,0,0,0,0,0,0,0,0,0,0,0,0,0,0,0,0,0,0,0,0,0,0,0,0,0,0,0,0,0,0,0,0,0,0,0,0,0,0,0,0,0,1,5.02738759796508
Kline Township Police Department,1977-06-01,Pennsylvania,1514,PA05438,0,0,0,0,0,0,0,0,0,0,0,0,0,0,0,0,0,0,0,0,0,0,0,0,0,0,0,0,0,0,0,0,0,0,0,0,0,0,0,0,0,0,0,0,0,0,0,0,0,0,0,0,0,0,0,0,0,0,0,0,0,0,0,0,0,0,0,0,0,0,0,0,0,0,0,0,0,0,0,0,0,0,0,0,0,0,0,0,0,0,0,1,5.02738759796508
Kline Township Police Department,1977-07-01,Pennsylvania,1514,PA05438,0,0,0,0,2,0,2,0,0,0,0,0,0,0,0,0,0,0,0,1,0,1,1,0,0,0,0,0,0,0,0,0,0,0,0,0,0,0,1277,0,0,1277,0,0,0,0,0,0,0,0,0,0,0,0,769,0,769,2046,769,0,0,0,0,0,0,0,0,0,0,1277,0,0,0,0,0,769,0,0,2046,0,0,0,0,0,0,0,0,0,0,0,0,1,5.02738759796508
Kline Township Police Department,1977-08-01,Pennsylvania,1514,PA05438,0,1,0,0,0,0,1,0,0,0,0,0,0,0,0,0,0,0,0,0,0,0,0,0,0,0,0,0,0,0,0,0,0,0,0,6033,0,0,0,0,0,6033,0,0,0,0,0,0,0,0,0,0,0,0,0,0,0,6033,0,0,0,0,0,0,0,0,0,0,0,0,0,0,6033,0,0,0,0,0,6033,0,0,0,0,0,0,0,0,0,0,0,0,1,5.02738759796508
Kline Township Police Department,1977-09-01,Pennsylvania,1514,PA05438,0,0,0,0,0,0,0,0,0,0,0,0,0,0,0,0,0,0,0,1,0,1,0,0,0,0,0,0,0,0,1,0,0,0,0,0,0,0,0,0,0,0,0,0,0,0,0,0,0,0,0,0,0,0,603,0,603,603,0,0,0,0,0,0,0,0,603,0,0,603,0,0,0,0,0,0,0,0,603,0,0,0,0,0,0,0,0,0,0,0,0,1,5.02738759796508
Kline Township Police Department,1977-10-01,Pennsylvania,1514,PA05438,0,1,0,0,0,0,1,0,0,0,0,0,0,0,0,0,0,0,0,0,0,0,0,0,0,0,0,0,0,0,0,0,0,0,0,2438,0,0,0,0,0,2438,0,0,0,0,0,0,0,0,0,0,0,0,0,0,0,2438,0,0,0,0,0,0,0,0,0,0,0,0,0,0,0,0,0,2438,0,0,2438,0,0,0,0,0,0,0,0,0,0,0,0,1,5.02738759796508
Kline Township Police Department,1977-11-01,Pennsylvania,1514,PA05438,0,0,0,0,1,0,1,2,0,0,0,0,0,0,0,0,0,0,0,0,0,0,0,0,0,0,0,0,0,0,0,2,0,2,0,0,0,0,1760,0,0,1760,7541,0,0,0,0,0,0,0,0,0,0,0,0,0,0,9301,0,0,0,0,0,0,0,0,0,0,0,0,0,0,0,0,7541,1760,0,0,9301,0,0,0,0,0,0,0,7541,0,0,0,7541,1,5.02738759796508
Kline Township Police Department,1977-12-01,Pennsylvania,1514,PA05438,0,0,0,0,0,0,0,0,0,0,0,0,0,0,0,0,0,0,0,0,0,0,0,0,0,0,0,0,0,0,0,0,0,0,0,0,0,0,0,0,0,0,0,0,0,0,0,0,0,0,0,0,0,0,0,0,0,0,0,0,0,0,0,0,0,0,0,0,0,0,0,0,0,0,0,0,0,0,0,0,0,0,0,0,0,0,0,0,0,0,0,1,5.02738759796508
Kline Township Police Department,1978-01-01,Pennsylvania,1497,PA05438,0,0,0,0,0,0,0,0,0,0,0,0,0,0,0,0,0,0,0,0,0,0,0,0,0,0,0,0,0,0,0,0,0,0,0,0,0,0,0,0,0,0,0,0,0,0,0,0,0,0,0,0,0,0,0,0,0,0,0,0,0,0,0,0,0,0,0,0,0,0,0,0,0,0,0,0,0,0,0,0,0,0,0,0,0,0,0,0,0,0,0,1,4.67094915687277
Kline Township Police Department,1978-02-01,Pennsylvania,1497,PA05438,0,0,1,0,0,0,1,0,0,0,0,0,0,0,0,0,0,0,0,1,0,1,1,0,0,0,0,0,0,0,0,0,0,0,0,0,0,467,0,0,0,467,0,0,0,0,0,0,0,0,0,0,0,0,794,0,794,1261,794,0,0,0,0,0,0,0,0,0,0,0,0,467,0,0,0,794,0,0,1261,0,0,0,0,0,0,0,0,0,0,0,0,1,4.67094915687277
Kline Township Police Department,1978-03-01,Pennsylvania,1497,PA05438,0,0,0,0,0,0,0,0,0,0,0,0,0,0,0,0,0,0,0,0,0,0,0,0,0,0,0,0,0,0,0,0,0,0,0,0,0,0,0,0,0,0,0,0,0,0,0,0,0,0,0,0,0,0,0,0,0,0,0,0,0,0,0,0,0,0,0,0,0,0,0,0,0,0,0,0,0,0,0,0,0,0,0,0,0,0,0,0,0,0,0,1,4.67094915687277
Kline Township Police Department,1978-04-01,Pennsylvania,1497,PA05438,0,0,0,0,0,0,0,0,0,0,0,0,0,0,0,0,0,0,0,0,0,0,0,0,0,0,0,0,0,0,0,0,0,0,0,0,0,0,0,0,0,0,0,0,0,0,0,0,0,0,0,0,0,0,0,0,0,0,0,0,0,0,0,0,0,0,0,0,0,0,0,0,0,0,0,0,0,0,0,0,0,0,0,0,0,0,0,0,0,0,0,1,4.67094915687277
Kline Township Police Department,1978-05-01,Pennsylvania,1497,PA05438,0,0,0,0,0,0,0,0,0,0,0,0,0,0,0,0,0,0,0,0,0,0,0,0,0,0,0,0,0,0,0,0,0,0,0,0,0,0,0,0,0,0,0,0,0,0,0,0,0,0,0,0,0,0,0,0,0,0,0,0,0,0,0,0,0,0,0,0,0,0,0,0,0,0,0,0,0,0,0,0,0,0,0,0,0,0,0,0,0,0,0,1,4.67094915687277
Kline Township Police Department,1978-06-01,Pennsylvania,1497,PA05438,0,0,0,0,0,0,0,0,0,0,0,0,0,0,0,0,0,0,0,0,0,0,0,0,0,0,0,0,0,0,0,0,0,0,0,0,0,0,0,0,0,0,0,0,0,0,0,0,0,0,0,0,0,0,0,0,0,0,0,0,0,0,0,0,0,0,0,0,0,0,0,0,0,0,0,0,0,0,0,0,0,0,0,0,0,0,0,0,0,0,0,1,4.67094915687277
Kline Township Police Department,1978-07-01,Pennsylvania,1497,PA05438,0,0,0,0,0,0,0,0,0,0,0,0,0,0,0,0,0,0,2,0,0,2,0,0,0,0,0,0,0,2,0,0,0,0,0,0,0,0,0,0,0,0,0,0,0,0,0,0,0,0,0,0,0,33,0,0,33,33,0,0,0,0,0,0,0,33,0,5,0,0,0,0,0,0,0,28,0,0,33,5,0,0,0,0,0,0,0,0,0,0,5,1,4.67094915687277
Kline Township Police Department,1978-08-01,Pennsylvania,1497,PA05438,0,0,0,0,0,0,0,0,0,0,0,0,0,0,0,0,0,0,0,0,0,0,0,0,0,0,0,0,0,0,0,0,0,0,0,0,0,0,0,0,0,0,0,0,0,0,0,0,0,0,0,0,0,0,0,0,0,0,0,0,0,0,0,0,0,0,0,0,0,0,0,0,0,0,0,0,0,0,0,0,0,0,0,0,0,0,0,0,0,0,0,1,4.67094915687277
Kline Township Police Department,1978-09-01,Pennsylvania,1497,PA05438,0,0,0,0,0,0,0,0,0,0,0,0,0,0,0,0,0,0,0,0,0,0,0,0,0,0,0,0,0,0,0,0,0,0,0,0,0,0,0,0,0,0,0,0,0,0,0,0,0,0,0,0,0,0,0,0,0,0,0,0,0,0,0,0,0,0,0,0,0,0,0,0,0,0,0,0,0,0,0,0,0,0,0,0,0,0,0,0,0,0,0,1,4.67094915687277
Kline Township Police Department,1978-10-01,Pennsylvania,1497,PA05438,0,0,0,0,0,0,0,0,0,0,0,0,0,0,0,0,0,0,0,0,0,0,0,0,0,0,0,0,0,0,0,0,0,0,0,0,0,0,0,0,0,0,0,0,0,0,0,0,0,0,0,0,0,0,0,0,0,0,0,0,0,0,0,0,0,0,0,0,0,0,0,0,0,0,0,0,0,0,0,0,0,0,0,0,0,0,0,0,0,0,0,1,4.67094915687277
Kline Township Police Department,1978-11-01,Pennsylvania,1497,PA05438,0,0,0,0,0,0,0,0,0,0,0,0,0,0,0,0,0,0,0,0,0,0,0,0,0,0,0,0,0,0,0,0,0,0,0,0,0,0,0,0,0,0,0,0,0,0,0,0,0,0,0,0,0,0,0,0,0,0,0,0,0,0,0,0,0,0,0,0,0,0,0,0,0,0,0,0,0,0,0,0,0,0,0,0,0,0,0,0,0,0,0,1,4.67094915687277
Kline Township Police Department,1978-12-01,Pennsylvania,1497,PA05438,0,0,0,0,0,0,0,0,0,0,0,0,0,0,0,0,0,0,0,0,0,0,0,0,0,0,0,0,0,0,0,0,0,0,0,0,0,0,0,0,0,0,0,0,0,0,0,0,0,0,0,0,0,0,0,0,0,0,0,0,0,0,0,0,0,0,0,0,0,0,0,0,0,0,0,0,0,0,0,0,0,0,0,0,0,0,0,0,0,0,0,1,4.67094915687277
Kline Township Police Department,1979-01-01,Pennsylvania,1565,PA05438,0,0,0,0,0,0,0,0,0,0,0,0,0,0,0,0,0,0,0,0,0,0,0,0,0,0,0,0,0,0,0,0,0,0,0,0,0,0,0,0,0,0,1679,0,0,0,0,0,0,0,0,0,0,0,0,0,0,1679,0,0,0,0,0,0,0,0,0,0,0,0,0,0,0,0,1679,0,0,0,1679,0,0,0,0,0,0,0,1679,0,0,0,1679,1,4.19843724882306
Kline Township Police Department,1979-02-01,Pennsylvania,1565,PA05438,0,0,0,0,0,0,0,0,0,0,0,0,0,0,0,0,0,0,0,0,0,0,0,0,0,0,0,0,0,0,0,0,0,0,0,0,0,0,0,0,0,0,0,0,0,0,0,0,0,0,0,0,0,0,0,0,0,0,0,0,0,0,0,0,0,0,0,0,0,0,0,0,0,0,0,0,0,0,0,0,0,0,0,0,0,0,0,0,0,0,0,1,4.19843724882306
Kline Township Police Department,1979-03-01,Pennsylvania,1565,PA05438,0,2,0,0,0,0,2,0,0,0,0,0,0,0,0,0,0,0,0,0,0,0,0,0,0,0,0,0,0,0,0,0,0,0,0,8145,0,0,0,0,0,8145,0,0,0,0,0,0,0,0,0,0,0,0,0,0,0,8145,0,0,0,0,0,0,0,0,0,0,0,0,0,0,0,0,0,8145,0,0,8145,0,0,0,0,0,0,0,0,0,0,0,0,1,4.19843724882306
Kline Township Police Department,1979-04-01,Pennsylvania,1565,PA05438,0,0,0,0,0,0,0,0,0,0,0,0,0,0,0,0,0,0,0,0,0,0,0,0,0,0,0,0,0,0,0,0,0,0,0,0,0,0,0,0,0,0,0,0,0,0,0,0,0,0,0,0,0,0,0,0,0,0,0,0,0,0,0,0,0,0,0,0,0,0,0,0,0,0,0,0,0,0,0,0,0,0,0,0,0,0,0,0,0,0,0,1,4.19843724882306
Kline Township Police Department,1979-05-01,Pennsylvania,1565,PA05438,0,0,0,0,0,0,0,0,0,0,0,0,0,0,0,0,0,0,0,0,0,0,0,0,0,0,0,0,0,0,0,0,0,0,0,0,0,0,0,0,0,0,0,0,0,0,0,0,0,0,0,0,0,0,0,0,0,0,0,0,0,0,0,0,0,0,0,0,0,0,0,0,0,0,0,0,0,0,0,0,0,0,0,0,0,0,0,0,0,0,0,1,4.19843724882306
Kline Township Police Department,1979-06-01,Pennsylvania,1565,PA05438,0,1,0,0,0,0,1,0,0,0,0,0,0,0,0,0,0,0,0,1,0,1,1,0,0,0,0,0,0,0,0,0,0,0,0,4198,0,0,0,0,0,4198,0,0,0,0,0,0,0,0,0,0,0,0,210,0,210,4408,210,0,0,0,0,0,0,0,0,0,0,0,0,0,0,0,0,4408,0,0,4408,0,0,0,0,0,0,0,0,0,0,0,0,1,4.19843724882306
Kline Township Police Department,1979-07-01,Pennsylvania,1565,PA05438,0,0,0,0,0,0,0,0,0,0,0,0,0,0,0,0,0,0,0,1,0,1,0,0,0,0,0,0,0,0,1,0,0,0,0,0,0,0,0,0,0,0,0,0,0,0,0,0,0,0,0,0,0,0,151,0,151,151,0,0,0,0,0,0,0,0,151,0,0,0,0,0,0,0,0,151,0,0,151,0,0,0,0,0,0,0,0,151,0,0,151,1,4.19843724882306
Kline Township Police Department,1979-08-01,Pennsylvania,1565,PA05438,0,0,0,0,0,0,0,0,0,0,0,0,0,0,0,0,0,0,0,0,0,0,0,0,0,0,0,0,0,0,0,0,0,0,0,0,0,0,0,0,0,0,0,0,0,0,0,0,0,0,0,0,0,0,0,0,0,0,0,0,0,0,0,0,0,0,0,0,0,0,0,0,0,0,0,0,0,0,0,0,0,0,0,0,0,0,0,0,0,0,0,1,4.19843724882306
Kline Township Police Department,1979-09-01,Pennsylvania,1565,PA05438,0,0,0,0,0,0,0,1,0,0,0,0,0,0,0,0,0,0,0,0,1,1,0,0,0,0,0,0,0,0,1,0,0,0,0,0,0,0,0,0,0,0,26030,0,0,0,0,0,0,0,0,0,0,0,0,1260,1260,27290,0,0,0,0,0,0,0,0,1260,0,0,0,0,0,0,0,26030,1260,0,0,27290,0,0,0,0,0,0,0,0,0,0,0,0,1,4.19843724882306
Kline Township Police Department,1979-10-01,Pennsylvania,1565,PA05438,0,0,0,0,0,0,0,0,0,0,0,0,0,0,0,0,0,0,0,0,1,1,1,0,0,0,0,0,0,0,0,0,1,1,0,0,0,0,0,0,0,0,0,0,0,0,0,0,0,0,0,0,0,0,0,2099,2099,2099,2099,0,0,0,0,0,0,0,0,0,0,0,0,0,0,0,0,2099,0,0,2099,0,0,0,0,0,0,0,26030,0,0,0,26030,1,4.19843724882306
Kline Township Police Department,1979-11-01,Pennsylvania,1565,PA05438,0,0,0,0,0,0,0,0,0,0,0,0,0,0,0,0,0,0,0,4,0,4,4,0,0,0,0,0,0,0,0,0,0,0,0,0,0,0,0,0,0,0,0,0,0,0,0,0,0,0,0,0,0,0,2297,0,2297,2297,2297,0,0,0,0,0,0,0,0,0,0,0,0,0,0,0,0,2297,0,0,2297,0,0,0,0,0,0,0,0,0,0,0,0,1,4.19843724882306
Kline Township Police Department,1979-12-01,Pennsylvania,1565,PA05438,0,1,0,0,0,0,1,0,0,0,0,0,0,0,0,0,0,0,0,1,0,1,1,0,0,0,0,0,0,0,0,0,0,0,0,5588,0,0,0,0,0,5588,0,0,0,0,0,0,0,0,0,0,0,0,235,0,235,5823,235,0,0,0,0,0,0,0,0,0,0,5588,0,0,0,0,0,235,0,0,5823,0,0,0,0,0,0,0,0,0,0,0,0,1,4.19843724882306
Kline Township Police Department,1980-01-01,Pennsylvania,1762,PA05438,0,0,0,0,0,0,0,0,0,0,0,0,0,0,0,0,0,0,0,0,0,0,0,0,0,0,0,0,0,0,0,0,0,0,0,0,0,0,0,0,0,0,0,0,0,0,0,0,0,0,0,0,0,0,0,0,0,0,0,0,0,0,0,0,0,0,0,0,0,0,0,0,0,0,0,0,0,0,0,0,0,0,0,0,0,0,0,0,0,0,0,1,3.69746081504702
Kline Township Police Department,1980-02-01,Pennsylvania,1762,PA05438,1,0,0,0,0,0,1,0,0,0,0,0,0,0,0,0,0,0,0,0,0,0,0,0,0,0,0,0,0,0,0,0,0,0,0,0,92,0,0,0,0,92,0,0,0,0,0,0,0,0,0,0,0,0,0,0,0,92,0,0,0,0,0,0,0,0,0,0,92,0,0,0,0,0,0,0,0,0,92,0,92,0,0,0,0,0,0,0,0,0,92,1,3.69746081504702
Kline Township Police Department,1980-03-01,Pennsylvania,1762,PA05438,1,0,0,0,0,0,1,0,0,0,0,0,0,0,0,0,0,0,0,0,0,0,0,0,0,0,0,0,0,0,0,0,0,0,0,0,1202,0,0,0,0,1202,0,0,0,0,0,0,0,0,0,0,0,0,0,0,0,1202,0,0,0,0,0,0,0,0,0,0,0,0,0,0,0,0,0,0,0,1202,1202,0,0,0,0,0,0,0,0,0,0,1202,1202,1,3.69746081504702
Kline Township Police Department,1980-04-01,Pennsylvania,1762,PA05438,0,1,0,0,0,0,1,0,0,0,0,0,0,0,0,0,0,0,0,0,0,0,0,0,0,0,0,0,0,0,0,0,0,0,0,555,0,0,0,0,0,555,0,0,0,0,0,0,0,0,0,0,0,0,0,0,0,555,0,0,0,0,0,0,0,0,0,0,0,0,0,0,0,0,0,555,0,0,555,0,0,0,0,0,0,0,0,0,0,0,0,1,3.69746081504702
Kline Township Police Department,1980-05-01,Pennsylvania,1762,PA05438,1,0,0,1,0,0,2,0,0,0,0,0,0,0,0,0,0,0,0,0,0,0,0,0,0,0,0,0,0,0,0,0,0,0,0,0,1202,0,0,4271,0,5472,0,0,0,0,0,0,0,0,0,0,0,0,0,0,0,5472,0,0,0,0,0,0,0,0,0,0,0,0,0,1202,0,0,0,4271,0,0,5472,0,0,0,0,0,0,0,0,0,0,0,0,1,3.69746081504702
Kline Township Police Department,1980-06-01,Pennsylvania,1762,PA05438,0,0,0,0,0,0,0,0,0,0,0,0,0,0,0,0,0,0,0,0,0,0,0,0,0,0,0,0,0,0,0,0,0,0,0,0,0,0,0,0,0,0,0,0,0,0,0,0,0,0,0,0,0,0,0,0,0,0,0,0,0,0,0,0,0,0,0,0,0,0,0,0,0,0,0,0,0,0,0,0,0,0,0,0,0,0,0,0,0,0,0,1,3.69746081504702
Kline Township Police Department,1980-07-01,Pennsylvania,1762,PA05438,0,0,0,0,0,0,0,0,0,0,0,0,0,0,0,0,0,0,0,0,0,0,0,0,0,0,0,0,0,0,0,0,0,0,0,0,0,0,0,0,0,0,0,0,0,0,0,0,0,0,0,0,0,0,0,0,0,0,0,0,0,0,0,0,0,0,0,0,0,0,0,0,0,0,0,0,0,0,0,0,0,0,0,0,0,0,0,0,0,0,0,1,3.69746081504702
Kline Township Police Department,1980-08-01,Pennsylvania,1762,PA05438,0,0,0,0,0,0,0,0,0,0,0,0,0,0,0,0,0,0,0,0,4,4,2,0,0,0,0,0,0,0,2,0,0,0,0,0,0,0,0,0,0,0,0,0,0,0,0,0,0,0,0,0,0,0,0,7802,7802,7802,5990,0,0,0,0,0,0,0,1812,0,0,0,0,0,0,0,0,6508,0,1294,7802,0,0,0,0,0,0,0,0,0,0,0,0,1,3.69746081504702
Kline Township Police Department,1980-09-01,Pennsylvania,1762,PA05438,0,0,0,0,2,0,2,0,0,0,0,0,0,0,0,0,0,0,0,0,0,0,0,0,0,0,0,0,0,0,0,0,0,0,0,0,0,0,3527,0,0,3527,0,0,0,0,0,0,0,0,0,0,0,0,0,0,0,3527,0,0,0,0,0,0,0,0,0,0,0,3328,0,0,0,0,0,200,0,0,3527,0,0,0,0,0,0,0,0,0,0,0,0,1,3.69746081504702
Kline Township Police Department,1980-10-01,Pennsylvania,1762,PA05438,0,0,0,0,0,0,0,0,0,0,0,0,0,0,0,0,0,0,0,0,0,0,0,0,0,0,0,0,0,0,0,0,0,0,0,0,0,0,0,0,0,0,0,0,0,0,0,0,0,0,0,0,0,0,0,0,0,0,0,0,0,0,0,0,0,0,0,0,0,0,0,0,0,0,0,0,0,0,0,0,0,0,0,0,0,0,0,0,0,0,0,1,3.69746081504702
Kline Township Police Department,1980-11-01,Pennsylvania,1762,PA05438,0,1,0,0,0,0,1,0,0,0,0,0,0,0,0,0,0,0,0,0,2,2,0,0,0,0,0,0,0,0,2,0,0,0,0,887,0,0,0,0,0,887,0,0,0,0,0,0,0,0,0,0,0,0,0,7395,7395,8282,0,0,0,0,0,0,0,0,7395,0,0,0,0,0,0,0,0,8282,0,0,8282,0,0,0,0,0,0,0,0,0,0,0,0,1,3.69746081504702
Kline Township Police Department,1980-12-01,Pennsylvania,1762,PA05438,0,0,0,0,0,0,0,0,0,0,0,0,0,0,0,0,0,0,0,0,0,0,0,0,0,0,0,0,0,0,0,0,0,0,0,0,0,0,0,0,0,0,0,0,0,0,0,0,0,0,0,0,0,0,0,0,0,0,0,0,0,0,0,0,0,0,0,0,0,0,0,0,0,0,0,0,0,0,0,0,0,0,0,0,0,0,0,0,0,0,0,1,3.69746081504702
Kline Township Police Department,1981-01-01,Pennsylvania,1768,PA05438,0,0,0,0,1,0,1,1,0,0,0,0,0,0,0,0,0,0,0,0,0,0,0,0,0,0,0,0,0,0,0,0,0,0,0,0,0,0,3351,0,0,3351,1005,0,0,0,0,0,0,0,0,0,0,0,0,0,0,4356,0,0,0,0,0,0,0,0,0,0,0,0,0,0,0,0,0,4356,0,0,4356,0,0,0,0,0,0,0,0,0,0,0,0,1,3.35113096874714
Kline Township Police Department,1981-02-01,Pennsylvania,1768,PA05438,0,0,0,0,0,0,0,1,0,0,0,0,0,0,0,0,0,0,0,0,0,0,0,0,0,0,0,0,0,0,0,0,0,0,0,0,0,0,0,0,0,0,2011,0,0,0,0,0,0,0,0,0,0,0,0,0,0,2011,0,0,0,0,0,0,0,0,0,0,0,0,0,0,0,0,2011,0,0,0,2011,0,0,0,0,0,0,0,0,0,0,0,0,1,3.35113096874714
Kline Township Police Department,1981-03-01,Pennsylvania,1768,PA05438,0,0,0,0,0,0,0,0,0,0,0,0,0,0,0,0,0,0,0,1,0,1,1,0,0,0,0,0,0,0,0,0,0,0,0,0,0,0,0,0,0,0,0,0,0,0,0,0,0,0,0,0,0,0,201,0,201,201,201,0,0,0,0,0,0,0,0,0,0,0,0,0,0,0,0,201,0,0,201,0,0,0,0,0,0,0,0,0,0,0,0,1,3.35113096874714
Kline Township Police Department,1981-04-01,Pennsylvania,1768,PA05438,0,0,0,0,0,0,0,0,0,0,0,0,0,0,0,0,0,0,1,1,0,2,0,0,0,0,0,0,0,0,2,0,0,0,0,0,0,0,0,0,0,0,0,0,0,0,0,0,0,0,0,0,0,101,201,0,302,302,0,0,0,0,0,0,0,0,302,0,0,0,0,0,0,0,0,302,0,0,302,0,0,0,0,0,0,0,0,0,0,0,0,1,3.35113096874714
Kline Township Police Department,1981-05-01,Pennsylvania,1768,PA05438,0,0,0,0,0,0,0,0,0,0,0,0,0,0,0,0,0,0,0,0,0,0,0,0,0,0,0,0,0,0,0,0,0,0,0,0,0,0,0,0,0,0,0,0,0,0,0,0,0,0,0,0,0,0,0,0,0,0,0,0,0,0,0,0,0,0,0,0,0,0,0,0,0,0,0,0,0,0,0,0,0,0,0,0,0,0,0,0,0,0,0,1,3.35113096874714
Kline Township Police Department,1981-06-01,Pennsylvania,1768,PA05438,0,0,0,0,0,0,0,1,0,0,0,0,0,0,0,0,0,0,0,0,0,0,0,0,0,0,0,0,0,0,0,0,0,0,0,0,0,0,0,0,0,0,16756,0,0,0,0,0,0,0,0,0,0,0,0,0,0,16756,0,0,0,0,0,0,0,0,0,0,0,0,0,0,0,0,0,16756,0,0,16756,0,0,0,0,0,0,0,0,0,0,0,0,1,3.35113096874714
Kline Township Police Department,1981-07-01,Pennsylvania,1768,PA05438,0,0,0,0,0,0,0,0,0,0,0,0,0,0,0,0,0,0,1,0,0,1,0,0,0,0,0,0,0,1,0,0,0,0,0,0,0,0,0,0,0,0,0,0,0,0,0,0,0,0,0,0,0,7,0,0,7,7,0,0,0,0,0,0,0,7,0,0,7,0,0,0,0,0,0,0,0,0,7,0,0,0,0,0,0,0,0,0,0,0,0,1,3.35113096874714
Kline Township Police Department,1981-08-01,Pennsylvania,1768,PA05438,0,0,0,0,0,0,0,0,0,0,0,0,0,0,0,0,0,0,4,0,0,4,0,0,0,0,0,0,0,0,4,0,0,0,0,0,0,0,0,0,0,0,0,0,0,0,0,0,0,0,0,0,0,536,0,0,536,536,0,0,0,0,0,0,0,0,536,0,0,0,0,0,0,0,0,536,0,0,536,0,0,0,0,0,0,0,0,0,0,0,0,1,3.35113096874714
Kline Township Police Department,1981-09-01,Pennsylvania,1768,PA05438,0,0,0,0,0,0,0,0,0,0,0,0,0,0,0,0,0,0,0,0,0,0,0,0,0,0,0,0,0,0,0,0,0,0,0,0,0,0,0,0,0,0,0,0,0,0,0,0,0,0,0,0,0,0,0,0,0,0,0,0,0,0,0,0,0,0,0,0,0,0,0,0,0,0,0,0,0,0,0,0,0,0,0,0,0,0,0,0,0,0,0,1,3.35113096874714
Kline Township Police Department,1981-10-01,Pennsylvania,1768,PA05438,0,0,0,0,0,0,0,0,0,0,0,0,0,0,0,0,0,0,0,1,0,1,1,0,0,0,0,0,0,0,0,0,0,0,0,0,0,0,0,0,0,0,0,0,0,0,0,0,0,0,0,0,0,0,335,0,335,335,335,0,0,0,0,0,0,0,0,0,0,0,0,0,0,0,0,0,0,335,335,0,0,0,0,0,0,0,0,0,0,0,0,1,3.35113096874714
Kline Township Police Department,1981-11-01,Pennsylvania,1768,PA05438,0,0,0,0,0,0,0,0,0,0,0,0,0,0,0,0,0,0,0,1,1,2,0,0,0,0,2,0,0,0,0,0,0,0,0,0,0,0,0,0,0,0,0,0,0,0,0,0,0,0,0,0,0,0,201,804,1005,1005,0,0,0,0,1005,0,0,0,0,0,0,1005,0,0,0,0,0,0,0,0,1005,0,0,1005,0,0,0,0,0,0,0,0,1005,1,3.35113096874714
Kline Township Police Department,1981-12-01,Pennsylvania,1768,PA05438,0,0,0,0,0,0,0,0,0,0,0,0,0,0,0,0,0,0,1,0,0,1,0,0,0,0,0,0,0,1,0,0,0,0,0,0,0,0,0,0,0,0,0,0,0,0,0,0,0,0,0,0,0,40,0,0,40,40,0,0,0,0,0,0,0,40,0,0,40,0,0,0,0,0,0,0,0,0,40,0,0,0,0,0,0,0,0,0,0,0,0,1,3.35113096874714
Kline Township Police Department,1982-01-01,Pennsylvania,1768,PA05438,0,0,0,0,0,0,0,0,0,0,0,0,0,0,0,0,0,0,1,0,1,2,0,0,0,2,0,0,0,0,0,0,0,0,0,0,0,0,0,0,0,0,0,0,0,0,0,0,0,0,0,0,0,79,0,1263,1342,1342,0,0,0,1342,0,0,0,0,0,0,1342,0,0,0,0,0,0,0,0,0,1342,0,0,0,0,0,0,0,0,0,0,0,0,1,3.15752936096719
Kline Township Police Department,1982-02-01,Pennsylvania,1768,PA05438,0,0,0,0,0,0,0,0,0,0,0,0,0,0,0,0,0,0,0,0,0,0,0,0,0,0,0,0,0,0,0,0,0,0,0,0,0,0,0,0,0,0,0,0,0,0,0,0,0,0,0,0,0,0,0,0,0,0,0,0,0,0,0,0,0,0,0,0,0,0,0,0,0,0,0,0,0,0,0,0,0,0,0,0,0,0,0,0,0,0,0,1,3.15752936096719
Kline Township Police Department,1982-03-01,Pennsylvania,1768,PA05438,0,0,0,0,1,0,1,0,0,0,0,0,0,0,0,0,0,0,0,0,0,0,0,0,0,0,0,0,0,0,0,0,0,0,0,0,0,0,1895,0,0,1895,0,0,0,0,0,0,0,0,0,0,0,0,0,0,0,1895,0,0,0,0,0,0,0,0,0,0,1895,0,0,0,0,0,0,0,0,0,1895,0,0,0,0,0,0,0,0,0,0,0,0,1,3.15752936096719
Kline Township Police Department,1982-04-01,Pennsylvania,1768,PA05438,1,0,0,0,0,0,1,0,0,0,0,0,0,0,0,0,0,0,0,0,0,0,0,0,0,0,0,0,0,0,0,0,0,0,0,0,1342,0,0,0,0,1342,0,0,0,0,0,0,0,0,0,0,0,0,0,0,0,1342,0,0,0,0,0,0,0,0,0,0,0,0,0,1342,0,0,0,0,0,0,1342,0,0,0,0,0,0,0,0,0,0,0,0,1,3.15752936096719
Kline Township Police Department,1982-05-01,Pennsylvania,1768,PA05438,0,0,0,0,0,0,0,0,0,0,0,0,0,0,0,0,0,0,0,0,0,0,0,0,0,0,0,0,0,0,0,0,0,0,0,0,0,0,0,0,0,0,0,0,0,0,0,0,0,0,0,0,0,0,0,0,0,0,0,0,0,0,0,0,0,0,0,0,0,0,0,0,0,0,0,0,0,0,0,0,0,0,0,0,0,0,0,0,0,0,0,1,3.15752936096719
Kline Township Police Department,1982-06-01,Pennsylvania,1768,PA05438,0,0,0,0,0,0,0,0,0,0,0,0,0,0,0,0,0,0,0,0,0,0,0,0,0,0,0,0,0,0,0,0,0,0,0,0,0,0,0,0,0,0,0,0,0,0,0,0,0,0,0,0,0,0,0,0,0,0,0,0,0,0,0,0,0,0,0,0,0,0,0,0,0,0,0,0,0,0,0,0,0,0,0,0,0,0,0,0,0,0,0,1,3.15752936096719
Kline Township Police Department,1982-07-01,Pennsylvania,1768,PA05438,0,0,0,0,0,0,0,0,0,0,0,0,0,0,0,0,0,0,0,0,0,0,0,0,0,0,0,0,0,0,0,0,0,0,0,0,0,0,0,0,0,0,0,0,0,0,0,0,0,0,0,0,0,0,0,0,0,0,0,0,0,0,0,0,0,0,0,0,0,0,0,0,0,0,0,0,0,0,0,0,0,0,0,0,0,0,0,0,0,0,0,1,3.15752936096719
Kline Township Police Department,1982-08-01,Pennsylvania,1768,PA05438,0,2,0,0,0,0,2,0,0,0,0,0,0,0,0,0,0,0,0,0,0,0,0,0,0,0,0,0,0,0,0,0,0,0,0,5431,0,0,0,0,0,5431,0,0,0,0,0,0,0,0,0,0,0,0,0,0,0,5431,0,0,0,0,0,0,0,0,0,0,0,0,0,0,4326,0,0,0,0,1105,5431,0,0,0,0,0,0,0,0,0,0,0,0,1,3.15752936096719
Kline Township Police Department,1982-09-01,Pennsylvania,1768,PA05438,0,0,0,0,0,0,0,0,0,0,0,0,0,0,0,0,0,0,1,0,0,1,0,0,0,0,0,0,0,1,0,0,0,0,0,0,0,0,0,0,0,0,0,0,0,0,0,0,0,0,0,0,0,9,0,0,9,9,0,0,0,0,0,0,0,9,0,0,9,0,0,0,0,0,0,0,0,0,9,0,0,0,0,0,0,0,0,0,0,0,0,1,3.15752936096719
Kline Township Police Department,1982-10-01,Pennsylvania,1768,PA05438,0,0,0,0,0,0,0,0,0,0,0,0,0,0,0,0,0,0,0,0,0,0,0,0,0,0,0,0,0,0,0,0,0,0,0,0,0,0,0,0,0,0,0,0,0,0,0,0,0,0,0,0,0,0,0,0,0,0,0,0,0,0,0,0,0,0,0,0,0,0,0,0,0,0,0,0,0,0,0,0,0,0,0,0,0,0,0,0,0,0,0,1,3.15752936096719
Kline Township Police Department,1982-11-01,Pennsylvania,1768,PA05438,0,0,0,0,0,0,0,0,0,0,0,0,0,0,0,0,0,0,0,0,0,0,0,0,0,0,0,0,0,0,0,0,0,0,0,0,0,0,0,0,0,0,0,0,0,0,0,0,0,0,0,0,0,0,0,0,0,0,0,0,0,0,0,0,0,0,0,0,0,0,0,0,0,0,0,0,0,0,0,0,0,0,0,0,0,0,0,0,0,0,0,1,3.15752936096719
Kline Township Police Department,1982-12-01,Pennsylvania,1768,PA05438,0,0,0,0,0,0,0,0,0,0,0,1,0,0,0,0,0,1,0,0,0,0,0,0,0,0,0,0,0,0,0,0,0,0,0,0,0,0,0,0,0,0,0,0,0,0,1879,0,0,0,0,0,1879,0,0,0,0,1879,0,0,0,0,0,0,0,0,0,0,0,1879,0,0,0,0,0,0,0,0,1879,0,0,0,0,0,0,0,0,0,0,0,0,1,3.15752936096719
Kline Township Police Department,1983-01-01,Pennsylvania,1772,PA05438,0,1,0,0,0,0,1,0,0,0,0,0,0,0,0,0,0,0,0,0,0,0,0,0,0,0,0,0,0,0,0,0,0,0,0,6256,0,0,0,0,0,6256,0,0,0,0,0,0,0,0,0,0,0,0,0,0,0,6256,0,0,0,0,0,0,0,0,0,0,0,795,0,0,5461,0,0,0,0,0,6256,0,0,0,0,0,0,0,0,0,0,0,0,1,3.05925284471218
Kline Township Police Department,1983-02-01,Pennsylvania,1772,PA05438,1,1,0,0,0,0,2,0,0,0,0,0,0,0,0,0,0,0,0,0,0,0,0,0,0,0,0,0,0,0,0,0,0,0,0,486,1621,0,0,0,0,2108,0,0,0,0,0,0,0,0,0,0,0,0,0,0,0,2108,0,0,0,0,0,0,0,0,0,0,0,2050,0,0,58,0,0,0,0,0,2108,0,0,0,0,0,0,0,0,0,0,0,0,1,3.05925284471218
Kline Township Police Department,1983-03-01,Pennsylvania,1772,PA05438,0,0,0,0,0,0,0,0,0,0,0,0,0,0,0,0,0,0,0,0,0,0,0,0,0,0,0,0,0,0,0,0,0,0,0,0,0,0,0,0,0,0,0,0,0,0,0,0,0,0,0,0,0,0,0,0,0,0,0,0,0,0,0,0,0,0,0,0,0,0,0,0,0,0,0,0,0,0,0,0,0,0,0,0,0,0,0,0,0,0,0,1,3.05925284471218
Kline Township Police Department,1983-04-01,Pennsylvania,1772,PA05438,0,1,0,0,0,0,1,0,0,0,0,0,0,0,0,0,0,0,1,0,0,1,0,0,0,0,0,0,0,0,1,0,0,0,0,26004,0,0,0,0,0,26004,0,0,0,0,0,0,0,0,0,0,0,70,0,0,70,26074,0,0,0,0,0,0,0,0,70,0,70,0,0,0,26004,0,0,0,0,0,26074,0,0,0,0,0,0,0,0,0,0,0,0,1,3.05925284471218
Kline Township Police Department,1983-05-01,Pennsylvania,1772,PA05438,0,0,0,0,0,0,0,0,0,0,0,0,0,0,0,0,0,0,0,0,0,0,0,0,0,0,0,0,0,0,0,0,0,0,0,0,0,0,0,0,0,0,0,0,0,0,0,0,0,0,0,0,0,0,0,0,0,0,0,0,0,0,0,0,0,0,0,0,0,0,0,0,0,0,0,0,0,0,0,0,0,0,0,0,0,0,0,0,0,0,0,1,3.05925284471218
Kline Township Police Department,1983-06-01,Pennsylvania,1772,PA05438,0,0,0,0,0,0,0,0,0,0,0,0,0,0,0,0,0,0,0,0,0,0,0,0,0,0,0,0,0,0,0,0,0,0,0,0,0,0,0,0,0,0,0,0,0,0,0,0,0,0,0,0,0,0,0,0,0,0,0,0,0,0,0,0,0,0,0,0,0,0,0,0,0,0,0,0,0,0,0,0,0,0,0,0,0,0,0,0,0,0,0,1,3.05925284471218
Kline Township Police Department,1983-07-01,Pennsylvania,1772,PA05438,0,0,0,0,0,0,0,0,0,0,0,0,0,0,0,0,0,0,0,0,0,0,0,0,0,0,0,0,0,0,0,0,0,0,0,0,0,0,0,0,0,0,0,0,0,0,0,0,0,0,0,0,0,0,0,0,0,0,0,0,0,0,0,0,0,0,0,0,0,0,0,0,0,0,0,0,0,0,0,0,0,0,0,0,0,0,0,0,0,0,0,1,3.05925284471218
Kline Township Police Department,1983-08-01,Pennsylvania,1772,PA05438,0,0,0,0,0,0,0,0,0,0,0,0,0,0,0,0,0,0,0,0,0,0,0,0,0,0,0,0,0,0,0,0,0,0,0,0,0,0,0,0,0,0,0,0,0,0,0,0,0,0,0,0,0,0,0,0,0,0,0,0,0,0,0,0,0,0,0,0,0,0,0,0,0,0,0,0,0,0,0,0,0,0,0,0,0,0,0,0,0,0,0,1,3.05925284471218
Kline Township Police Department,1983-09-01,Pennsylvania,1772,PA05438,0,0,0,0,0,0,0,0,0,0,0,0,0,0,0,0,0,0,0,0,0,0,0,0,0,0,0,0,0,0,0,0,0,0,0,0,0,0,0,0,0,0,0,0,0,0,0,0,0,0,0,0,0,0,0,0,0,0,0,0,0,0,0,0,0,0,0,0,0,0,0,0,0,0,0,0,0,0,0,0,0,0,0,0,0,0,0,0,0,0,0,1,3.05925284471218
Kline Township Police Department,1983-10-01,Pennsylvania,1772,PA05438,0,0,0,0,0,0,0,0,0,0,0,0,0,0,0,0,0,0,0,0,0,0,0,0,0,0,0,0,0,0,0,0,0,0,0,0,0,0,0,0,0,0,0,0,0,0,0,0,0,0,0,0,0,0,0,0,0,0,0,0,0,0,0,0,0,0,0,0,0,0,0,0,0,0,0,0,0,0,0,0,0,0,0,0,0,0,0,0,0,0,0,1,3.05925284471218
Kline Township Police Department,1983-11-01,Pennsylvania,1772,PA05438,0,0,0,0,0,0,0,0,0,0,0,0,0,0,0,0,0,0,1,0,0,1,0,0,0,0,0,0,0,0,1,0,0,0,0,0,0,0,0,0,0,0,0,0,0,0,0,0,0,0,0,0,0,37,0,0,37,37,0,0,0,0,0,0,0,0,37,37,0,0,0,0,0,0,0,0,0,0,37,0,0,0,0,0,0,0,0,0,0,0,0,1,3.05925284471218
Kline Township Police Department,1983-12-01,Pennsylvania,1772,PA05438,0,0,0,0,0,0,0,0,0,0,0,0,0,0,0,0,0,0,0,0,0,0,0,0,0,0,0,0,0,0,0,0,0,0,0,0,0,0,0,0,0,0,0,0,0,0,0,0,0,0,0,0,0,0,0,0,0,0,0,0,0,0,0,0,0,0,0,0,0,0,0,0,0,0,0,0,0,0,0,0,0,0,0,0,0,0,0,0,0,0,0,1,3.05925284471218
Kline Township Police Department,1984-01-01,Pennsylvania,1716,PA05438,0,0,0,0,0,0,0,0,0,0,0,0,0,0,0,0,0,0,0,0,0,0,0,0,0,0,0,0,0,0,0,0,0,0,0,0,0,0,0,0,0,0,0,0,0,0,0,0,0,0,0,0,0,0,0,0,0,0,0,0,0,0,0,0,0,0,0,0,0,0,0,0,0,0,0,0,0,0,0,0,0,0,0,0,0,0,0,0,0,0,0,1,2.9331132680892
Kline Township Police Department,1984-02-01,Pennsylvania,1716,PA05438,0,0,0,0,0,0,0,0,0,0,0,0,0,0,0,0,0,0,0,0,0,0,0,0,0,0,0,0,0,0,0,0,0,0,0,0,0,0,0,0,0,0,0,0,0,0,0,0,0,0,0,0,0,0,0,0,0,0,0,0,0,0,0,0,0,0,0,0,0,0,0,0,0,0,0,0,0,0,0,0,0,0,0,0,0,0,0,0,0,0,0,1,2.9331132680892
Kline Township Police Department,1984-03-01,Pennsylvania,1716,PA05438,0,0,0,0,0,0,0,0,0,0,0,0,0,0,0,0,0,0,0,0,0,0,0,0,0,0,0,0,0,0,0,0,0,0,0,0,0,0,0,0,0,0,0,0,0,0,0,0,0,0,0,0,0,0,0,0,0,0,0,0,0,0,0,0,0,0,0,0,0,0,0,0,0,0,0,0,0,0,0,0,0,0,0,0,0,0,0,0,0,0,0,1,2.9331132680892
Kline Township Police Department,1984-04-01,Pennsylvania,1716,PA05438,0,0,0,0,0,0,0,0,0,0,0,0,0,0,0,0,0,0,0,0,0,0,0,0,0,0,0,0,0,0,0,0,0,0,0,0,0,0,0,0,0,0,0,0,0,0,0,0,0,0,0,0,0,0,0,0,0,0,0,0,0,0,0,0,0,0,0,0,0,0,0,0,0,0,0,0,0,0,0,0,0,0,0,0,0,0,0,0,0,0,0,1,2.9331132680892
Kline Township Police Department,1984-05-01,Pennsylvania,1716,PA05438,0,0,0,0,0,0,0,0,0,0,0,0,0,0,0,0,0,0,0,0,0,0,0,0,0,0,0,0,0,0,0,0,0,0,0,0,0,0,0,0,0,0,0,0,0,0,0,0,0,0,0,0,0,0,0,0,0,0,0,0,0,0,0,0,0,0,0,0,0,0,0,0,0,0,0,0,0,0,0,0,0,0,0,0,0,0,0,0,0,0,0,1,2.9331132680892
Kline Township Police Department,1984-06-01,Pennsylvania,1716,PA05438,0,0,0,0,0,0,0,0,0,0,0,0,0,0,0,0,0,0,0,0,0,0,0,0,0,0,0,0,0,0,0,0,0,0,0,0,0,0,0,0,0,0,0,0,0,0,0,0,0,0,0,0,0,0,0,0,0,0,0,0,0,0,0,0,0,0,0,0,0,0,0,0,0,0,0,0,0,0,0,0,0,0,0,0,0,0,0,0,0,0,0,1,2.9331132680892
Kline Township Police Department,1984-07-01,Pennsylvania,1716,PA05438,0,0,0,0,0,0,0,0,0,0,0,0,0,0,0,0,0,0,0,0,0,0,0,0,0,0,0,0,0,0,0,0,0,0,0,0,0,0,0,0,0,0,0,0,0,0,0,0,0,0,0,0,0,0,0,0,0,0,0,0,0,0,0,0,0,0,0,0,0,0,0,0,0,0,0,0,0,0,0,0,0,0,0,0,0,0,0,0,0,0,0,1,2.9331132680892
Kline Township Police Department,1984-08-01,Pennsylvania,1716,PA05438,0,0,0,0,0,0,0,0,0,0,0,0,0,0,0,0,0,0,0,0,0,0,0,0,0,0,0,0,0,0,0,0,0,0,0,0,0,0,0,0,0,0,0,0,0,0,0,0,0,0,0,0,0,0,0,0,0,0,0,0,0,0,0,0,0,0,0,0,0,0,0,0,0,0,0,0,0,0,0,0,0,0,0,0,0,0,0,0,0,0,0,1,2.9331132680892
Kline Township Police Department,1984-09-01,Pennsylvania,1716,PA05438,0,0,0,0,0,0,0,0,0,0,0,0,0,0,0,0,0,0,0,0,0,0,0,0,0,0,0,0,0,0,0,0,0,0,0,0,0,0,0,0,0,0,0,0,0,0,0,0,0,0,0,0,0,0,0,0,0,0,0,0,0,0,0,0,0,0,0,0,0,0,0,0,0,0,0,0,0,0,0,0,0,0,0,0,0,0,0,0,0,0,0,1,2.9331132680892
Kline Township Police Department,1984-10-01,Pennsylvania,1716,PA05438,0,0,0,0,0,0,0,0,0,0,0,0,0,0,0,0,0,0,0,0,0,0,0,0,0,0,0,0,0,0,0,0,0,0,0,0,0,0,0,0,0,0,0,0,0,0,0,0,0,0,0,0,0,0,0,0,0,0,0,0,0,0,0,0,0,0,0,0,0,0,0,0,0,0,0,0,0,0,0,0,0,0,0,0,0,0,0,0,0,0,0,1,2.9331132680892
Kline Township Police Department,1984-11-01,Pennsylvania,1716,PA05438,0,0,0,0,0,0,0,0,0,0,0,0,0,0,0,0,0,0,0,2,0,2,0,0,0,2,0,0,0,0,0,0,0,0,0,0,0,0,0,0,0,0,0,0,0,0,0,0,0,0,0,0,0,0,484,0,484,484,0,0,0,484,0,0,0,0,0,0,484,0,0,0,0,0,0,0,0,0,484,0,0,0,0,0,0,0,0,0,0,0,0,1,2.9331132680892
Kline Township Police Department,1984-12-01,Pennsylvania,1716,PA05438,0,0,0,0,0,0,0,0,0,0,0,0,0,0,0,0,0,0,0,0,0,0,0,0,0,0,0,0,0,0,0,0,0,0,0,0,0,0,0,0,0,0,0,0,0,0,0,0,0,0,0,0,0,0,0,0,0,0,0,0,0,0,0,0,0,0,0,0,0,0,0,0,0,0,0,0,0,0,0,0,0,0,0,0,0,0,0,0,0,0,0,1,2.9331132680892
Kline Township Police Department,1985-01-01,Pennsylvania,1709,PA05438,0,0,0,0,0,0,0,0,0,0,0,0,0,0,0,0,0,0,0,0,0,0,0,0,0,0,0,0,0,0,0,0,0,0,0,0,0,0,0,0,0,0,0,0,0,0,0,0,0,0,0,0,0,0,0,0,0,0,0,0,0,0,0,0,0,0,0,0,0,0,0,0,0,0,0,0,0,0,0,0,0,0,0,0,0,0,0,0,0,0,0,1,2.83267663464518
Kline Township Police Department,1985-02-01,Pennsylvania,1709,PA05438,0,0,0,0,0,0,0,0,0,0,0,0,0,0,0,0,0,0,0,0,0,0,0,0,0,0,0,0,0,0,0,0,0,0,0,0,0,0,0,0,0,0,0,0,0,0,0,0,0,0,0,0,0,0,0,0,0,0,0,0,0,0,0,0,0,0,0,0,0,0,0,0,0,0,0,0,0,0,0,0,0,0,0,0,0,0,0,0,0,0,0,1,2.83267663464518
Kline Township Police Department,1985-03-01,Pennsylvania,1709,PA05438,0,0,0,0,0,0,0,0,0,0,0,0,0,0,0,0,0,0,0,0,0,0,0,0,0,0,0,0,0,0,0,0,0,0,0,0,0,0,0,0,0,0,0,0,0,0,0,0,0,0,0,0,0,0,0,0,0,0,0,0,0,0,0,0,0,0,0,0,0,0,0,0,0,0,0,0,0,0,0,0,0,0,0,0,0,0,0,0,0,0,0,1,2.83267663464518
Kline Township Police Department,1985-04-01,Pennsylvania,1709,PA05438,0,0,0,0,0,0,0,0,0,0,0,0,0,0,0,0,0,0,0,0,0,0,0,0,0,0,0,0,0,0,0,0,0,0,0,0,0,0,0,0,0,0,0,0,0,0,0,0,0,0,0,0,0,0,0,0,0,0,0,0,0,0,0,0,0,0,0,0,0,0,0,0,0,0,0,0,0,0,0,0,0,0,0,0,0,0,0,0,0,0,0,1,2.83267663464518
Kline Township Police Department,1985-05-01,Pennsylvania,1709,PA05438,0,0,0,0,0,0,0,0,0,0,0,0,0,0,0,0,0,0,0,0,1,1,0,0,0,1,0,0,0,0,0,0,0,0,0,0,0,0,0,0,0,0,0,0,0,0,0,0,0,0,0,0,0,0,0,1020,1020,1020,0,0,0,1020,0,0,0,0,0,0,0,0,0,0,0,0,0,1020,0,0,1020,0,0,0,0,0,0,0,0,0,0,0,0,1,2.83267663464518
Kline Township Police Department,1985-06-01,Pennsylvania,1709,PA05438,0,0,0,0,0,0,0,0,0,0,0,0,0,0,0,0,0,0,0,0,0,0,0,0,0,0,0,0,0,0,0,0,0,0,0,0,0,0,0,0,0,0,0,0,0,0,0,0,0,0,0,0,0,0,0,0,0,0,0,0,0,0,0,0,0,0,0,0,0,0,0,0,0,0,0,0,0,0,0,0,0,0,0,0,0,0,0,0,0,0,0,1,2.83267663464518
Kline Township Police Department,1985-07-01,Pennsylvania,1709,PA05438,0,0,0,0,0,0,0,0,0,0,0,0,0,0,0,0,0,0,0,0,0,0,0,0,0,0,0,0,0,0,0,0,0,0,0,0,0,0,0,0,0,0,0,0,0,0,0,0,0,0,0,0,0,0,0,0,0,0,0,0,0,0,0,0,0,0,0,0,0,0,0,0,0,0,0,0,0,0,0,0,0,0,0,0,0,0,0,0,0,0,0,1,2.83267663464518
Kline Township Police Department,1985-08-01,Pennsylvania,1709,PA05438,0,0,0,0,0,0,0,0,0,0,0,0,0,0,0,0,0,0,0,0,1,1,1,0,0,0,0,0,0,0,0,0,0,0,0,0,0,0,0,0,0,0,0,0,0,0,0,0,0,0,0,0,0,0,0,708,708,708,708,0,0,0,0,0,0,0,0,0,0,0,0,0,0,0,0,708,0,0,708,0,0,0,0,0,0,0,0,0,0,0,0,1,2.83267663464518
Kline Township Police Department,1985-09-01,Pennsylvania,1709,PA05438,0,0,0,0,0,0,0,0,0,0,0,0,0,0,0,0,0,0,0,0,0,0,0,0,0,0,0,0,0,0,0,0,0,0,0,0,0,0,0,0,0,0,0,0,0,0,0,0,0,0,0,0,0,0,0,0,0,0,0,0,0,0,0,0,0,0,0,0,0,0,0,0,0,0,0,0,0,0,0,0,0,0,0,0,0,0,0,0,0,0,0,1,2.83267663464518
Kline Township Police Department,1985-10-01,Pennsylvania,1709,PA05438,0,0,0,0,0,0,0,0,0,0,0,0,0,0,0,0,0,0,0,0,1,1,0,0,0,1,0,0,0,0,0,0,0,0,0,0,0,0,0,0,0,0,0,0,0,0,0,0,0,0,0,0,0,0,0,1275,1275,1275,0,0,0,1275,0,0,0,0,0,0,0,0,0,0,0,0,0,1275,0,0,1275,0,0,0,0,0,0,0,0,0,0,0,0,1,2.83267663464518
Kline Township Police Department,1985-11-01,Pennsylvania,1709,PA05438,0,0,0,0,0,0,0,0,0,0,0,0,0,0,0,0,0,0,0,0,1,1,1,0,0,0,0,0,0,0,0,0,0,0,0,0,0,0,0,0,0,0,0,0,0,0,0,0,0,0,0,0,0,0,0,1275,1275,1275,1275,0,0,0,0,0,0,0,0,0,0,0,0,0,0,0,0,1275,0,0,1275,0,0,0,0,0,0,0,0,0,0,0,0,1,2.83267663464518
Kline Township Police Department,1985-12-01,Pennsylvania,1709,PA05438,0,0,0,0,0,0,0,0,0,0,0,0,0,0,0,0,0,0,0,0,0,0,0,0,0,0,0,0,0,0,0,0,0,0,0,0,0,0,0,0,0,0,0,0,0,0,0,0,0,0,0,0,0,0,0,0,0,0,0,0,0,0,0,0,0,0,0,0,0,0,0,0,0,0,0,0,0,0,0,0,0,0,0,0,0,0,0,0,0,0,0,1,2.83267663464518
Kline Township Police Department,1986-01-01,Pennsylvania,1737,PA05438,0,0,0,0,0,0,0,0,0,0,0,0,0,0,0,0,0,0,0,0,0,0,0,0,0,0,0,0,0,0,0,0,0,0,0,0,0,0,0,0,0,0,0,0,0,0,0,0,0,0,0,0,0,0,0,0,0,0,0,0,0,0,0,0,0,0,0,0,0,0,0,0,0,0,0,0,0,0,0,0,0,0,0,0,0,0,0,0,0,0,0,1,2.7799125674751
Kline Township Police Department,1986-02-01,Pennsylvania,1737,PA05438,0,0,0,0,0,0,0,0,0,0,0,0,0,0,0,0,0,0,0,0,0,0,0,0,0,0,0,0,0,0,0,0,0,0,0,0,0,0,0,0,0,0,0,0,0,0,0,0,0,0,0,0,0,0,0,0,0,0,0,0,0,0,0,0,0,0,0,0,0,0,0,0,0,0,0,0,0,0,0,0,0,0,0,0,0,0,0,0,0,0,0,1,2.7799125674751
Kline Township Police Department,1986-03-01,Pennsylvania,1737,PA05438,0,0,0,0,0,0,0,0,0,0,0,0,0,0,0,0,0,0,0,0,1,1,1,0,0,0,0,0,0,0,0,0,0,0,0,0,0,0,0,0,0,0,0,0,0,0,0,0,0,0,0,0,0,0,0,695,695,695,695,0,0,0,0,0,0,0,0,0,0,0,0,0,0,0,0,695,0,0,695,0,0,0,0,0,0,0,0,0,0,0,0,1,2.7799125674751
Kline Township Police Department,1986-04-01,Pennsylvania,1737,PA05438,0,0,0,0,0,0,0,0,0,0,0,0,0,0,0,0,0,0,0,2,0,2,0,0,0,2,0,0,0,0,0,0,0,0,0,0,0,0,0,0,0,0,0,0,0,0,0,0,0,0,0,0,0,0,556,0,556,556,0,0,0,556,0,0,0,0,0,0,0,0,0,0,0,0,0,556,0,0,556,0,0,0,0,0,0,0,0,0,0,0,0,1,2.7799125674751
Kline Township Police Department,1986-05-01,Pennsylvania,1737,PA05438,0,0,0,0,0,0,0,0,0,0,0,0,0,0,0,0,0,0,0,0,0,0,0,0,0,0,0,0,0,0,0,0,0,0,0,0,0,0,0,0,0,0,0,0,0,0,0,0,0,0,0,0,0,0,0,0,0,0,0,0,0,0,0,0,0,0,0,0,0,0,0,0,0,0,0,0,0,0,0,0,0,0,0,0,0,0,0,0,0,0,0,1,2.7799125674751
Kline Township Police Department,1986-06-01,Pennsylvania,1737,PA05438,0,0,0,0,0,0,0,0,0,0,0,0,0,0,0,0,0,0,0,0,0,0,0,0,0,0,0,0,0,0,0,0,0,0,0,0,0,0,0,0,0,0,0,0,0,0,0,0,0,0,0,0,0,0,0,0,0,0,0,0,0,0,0,0,0,0,0,0,0,0,0,0,0,0,0,0,0,0,0,0,0,0,0,0,0,0,0,0,0,0,0,1,2.7799125674751
Kline Township Police Department,1986-07-01,Pennsylvania,1737,PA05438,0,0,0,0,0,0,0,0,0,0,0,0,0,0,0,0,0,0,0,0,0,0,0,0,0,0,0,0,0,0,0,0,0,0,0,0,0,0,0,0,0,0,0,0,0,0,0,0,0,0,0,0,0,0,0,0,0,0,0,0,0,0,0,0,0,0,0,0,0,0,0,0,0,0,0,0,0,0,0,0,0,0,0,0,0,0,0,0,0,0,0,1,2.7799125674751
Kline Township Police Department,1986-08-01,Pennsylvania,1737,PA05438,0,0,0,0,0,0,0,0,0,0,0,0,0,0,0,0,0,0,0,0,0,0,0,0,0,0,0,0,0,0,0,0,0,0,0,0,0,0,0,0,0,0,0,0,0,0,0,0,0,0,0,0,0,0,0,0,0,0,0,0,0,0,0,0,0,0,0,0,0,0,0,0,0,0,0,0,0,0,0,0,0,0,0,0,0,0,0,0,0,0,0,1,2.7799125674751
Kline Township Police Department,1986-09-01,Pennsylvania,1737,PA05438,0,0,0,0,0,0,0,0,0,0,0,0,0,0,0,0,0,0,0,0,0,0,0,0,0,0,0,0,0,0,0,0,0,0,0,0,0,0,0,0,0,0,0,0,0,0,0,0,0,0,0,0,0,0,0,0,0,0,0,0,0,0,0,0,0,0,0,0,0,0,0,0,0,0,0,0,0,0,0,0,0,0,0,0,0,0,0,0,0,0,0,1,2.7799125674751
Kline Township Police Department,1986-10-01,Pennsylvania,1737,PA05438,0,0,0,0,0,0,0,0,0,0,0,0,0,0,0,0,0,0,0,0,0,0,0,0,0,0,0,0,0,0,0,0,0,0,0,0,0,0,0,0,0,0,0,0,0,0,0,0,0,0,0,0,0,0,0,0,0,0,0,0,0,0,0,0,0,0,0,0,0,0,0,0,0,0,0,0,0,0,0,0,0,0,0,0,0,0,0,0,0,0,0,1,2.7799125674751
Kline Township Police Department,1986-11-01,Pennsylvania,1737,PA05438,0,0,0,0,0,0,0,0,0,0,0,0,0,0,0,0,0,0,0,0,1,1,0,0,0,1,0,0,0,0,0,0,0,0,0,0,0,0,0,0,0,0,0,0,0,0,0,0,0,0,0,0,0,0,0,973,973,973,0,0,0,973,0,0,0,0,0,0,0,0,0,0,0,0,0,0,0,973,973,0,0,0,0,0,0,0,0,0,0,0,0,1,2.7799125674751
Kline Township Police Department,1986-12-01,Pennsylvania,1737,PA05438,0,0,0,0,0,0,0,0,0,0,0,0,0,0,0,0,0,0,0,2,0,2,0,0,0,0,0,0,0,0,2,0,0,0,0,0,0,0,0,0,0,0,0,0,0,0,0,0,0,0,0,0,0,0,195,0,195,195,0,0,0,0,0,0,0,0,195,0,0,0,0,0,0,0,0,195,0,0,195,0,0,0,0,0,0,0,0,0,0,0,0,1,2.7799125674751
Kline Township Police Department,1987-01-01,Pennsylvania,1757,PA05438,0,0,0,0,0,0,0,0,0,0,0,0,0,0,0,0,0,0,0,0,0,0,0,0,0,0,0,0,0,0,0,0,0,0,0,0,0,0,0,0,0,0,0,0,0,0,0,0,0,0,0,0,0,0,0,0,0,0,0,0,0,0,0,0,0,0,0,0,0,0,0,0,0,0,0,0,0,0,0,0,0,0,0,0,0,0,0,0,0,0,0,1,2.68164209754309
Kline Township Police Department,1987-02-01,Pennsylvania,1757,PA05438,0,0,0,0,0,0,0,0,0,0,0,0,0,0,0,0,0,0,0,0,0,0,0,0,0,0,0,0,0,0,0,0,0,0,0,0,0,0,0,0,0,0,0,0,0,0,0,0,0,0,0,0,0,0,0,0,0,0,0,0,0,0,0,0,0,0,0,0,0,0,0,0,0,0,0,0,0,0,0,0,0,0,0,0,0,0,0,0,0,0,0,1,2.68164209754309
Kline Township Police Department,1987-03-01,Pennsylvania,1757,PA05438,0,0,0,0,0,0,0,0,0,0,0,0,0,0,0,0,0,0,0,0,0,0,0,0,0,0,0,0,0,0,0,0,0,0,0,0,0,0,0,0,0,0,0,0,0,0,0,0,0,0,0,0,0,0,0,0,0,0,0,0,0,0,0,0,0,0,0,0,0,0,0,0,0,0,0,0,0,0,0,0,0,0,0,0,0,0,0,0,0,0,0,1,2.68164209754309
Kline Township Police Department,1987-04-01,Pennsylvania,1757,PA05438,0,0,0,0,0,0,0,0,0,0,0,0,0,0,0,0,0,0,0,0,0,0,0,0,0,0,0,0,0,0,0,0,0,0,0,0,0,0,0,0,0,0,0,0,0,0,0,0,0,0,0,0,0,0,0,0,0,0,0,0,0,0,0,0,0,0,0,0,0,0,0,0,0,0,0,0,0,0,0,0,0,0,0,0,0,0,0,0,0,0,0,1,2.68164209754309
Kline Township Police Department,1987-05-01,Pennsylvania,1757,PA05438,0,0,0,0,0,0,0,0,0,0,0,0,0,0,0,0,0,0,0,0,0,0,0,0,0,0,0,0,0,0,0,0,0,0,0,0,0,0,0,0,0,0,0,0,0,0,0,0,0,0,0,0,0,0,0,0,0,0,0,0,0,0,0,0,0,0,0,0,0,0,0,0,0,0,0,0,0,0,0,0,0,0,0,0,0,0,0,0,0,0,0,1,2.68164209754309
Kline Township Police Department,1987-06-01,Pennsylvania,1757,PA05438,0,0,0,0,0,0,0,1,0,0,0,0,0,0,0,0,0,0,0,0,0,0,0,0,0,0,0,0,0,0,0,0,0,0,0,0,0,0,0,0,0,0,10727,0,0,0,0,0,0,0,0,0,0,0,0,0,0,10727,0,0,0,0,0,0,0,0,0,0,0,0,0,0,0,0,10727,0,0,0,10727,0,0,0,0,0,0,0,0,0,0,0,0,1,2.68164209754309
Kline Township Police Department,1987-07-01,Pennsylvania,1757,PA05438,0,0,0,0,0,0,0,0,0,0,0,0,0,0,0,0,0,0,0,0,0,0,0,0,0,0,0,0,0,0,0,0,0,0,0,0,0,0,0,0,0,0,0,0,0,0,0,0,0,0,0,0,0,0,0,0,0,0,0,0,0,0,0,0,0,0,0,0,0,0,0,0,0,0,0,0,0,0,0,0,0,0,0,0,0,0,0,0,0,0,0,1,2.68164209754309
Kline Township Police Department,1987-08-01,Pennsylvania,1757,PA05438,0,0,0,0,0,0,0,0,0,0,0,0,0,0,0,0,0,0,0,0,0,0,0,0,0,0,0,0,0,0,0,0,0,0,0,0,0,0,0,0,0,0,0,0,0,0,0,0,0,0,0,0,0,0,0,0,0,0,0,0,0,0,0,0,0,0,0,0,0,0,0,0,0,0,0,0,0,0,0,0,0,0,0,0,0,0,0,0,0,0,0,1,2.68164209754309
Kline Township Police Department,1987-09-01,Pennsylvania,1757,PA05438,0,0,0,0,0,0,0,0,0,0,0,0,0,0,0,0,0,0,0,0,0,0,0,0,0,0,0,0,0,0,0,0,0,0,0,0,0,0,0,0,0,0,0,0,0,0,0,0,0,0,0,0,0,0,0,0,0,0,0,0,0,0,0,0,0,0,0,0,0,0,0,0,0,0,0,0,0,0,0,0,0,0,0,0,0,0,0,0,0,0,0,1,2.68164209754309
Kline Township Police Department,1987-10-01,Pennsylvania,1757,PA05438,0,0,0,0,0,0,0,0,0,0,0,0,0,0,0,0,0,0,0,0,0,0,0,0,0,0,0,0,0,0,0,0,0,0,0,0,0,0,0,0,0,0,0,0,0,0,0,0,0,0,0,0,0,0,0,0,0,0,0,0,0,0,0,0,0,0,0,0,0,0,0,0,0,0,0,0,0,0,0,0,0,0,0,0,0,0,0,0,0,0,0,1,2.68164209754309
Kline Township Police Department,1987-11-01,Pennsylvania,1757,PA05438,0,0,0,0,0,0,0,0,0,0,0,0,0,0,0,0,0,0,0,0,0,0,0,0,0,0,0,0,0,0,0,0,0,0,0,0,0,0,0,0,0,0,0,0,0,0,0,0,0,0,0,0,0,0,0,0,0,0,0,0,0,0,0,0,0,0,0,0,0,0,0,0,0,0,0,0,0,0,0,0,0,0,0,0,0,0,0,0,0,0,0,1,2.68164209754309
Kline Township Police Department,1987-12-01,Pennsylvania,1757,PA05438,0,0,0,0,0,0,0,0,0,0,0,0,0,0,0,0,0,0,0,0,0,0,0,0,0,0,0,0,0,0,0,0,0,0,0,0,0,0,0,0,0,0,0,0,0,0,0,0,0,0,0,0,0,0,0,0,0,0,0,0,0,0,0,0,0,0,0,0,0,0,0,0,0,0,0,0,0,0,0,0,0,0,0,0,0,0,0,0,0,0,0,1,2.68164209754309
Kline Township Police Department,1988-01-01,Pennsylvania,1749,PA05438,0,0,0,0,0,0,0,0,0,0,0,0,0,0,0,0,0,0,0,0,0,0,0,0,0,0,0,0,0,0,0,0,0,0,0,0,0,0,0,0,0,0,0,0,0,0,0,0,0,0,0,0,0,0,0,0,0,0,0,0,0,0,0,0,0,0,0,0,0,0,0,0,0,0,0,0,0,0,0,0,0,0,0,0,0,0,0,0,0,0,0,1,2.57657599887252
Kline Township Police Department,1988-02-01,Pennsylvania,1749,PA05438,0,0,0,0,0,0,0,0,0,0,0,0,0,0,0,0,0,0,0,1,0,1,0,0,0,0,0,0,0,0,1,0,0,0,0,0,0,0,0,0,0,0,0,0,0,0,0,0,0,0,0,0,0,0,451,0,451,451,0,0,0,0,0,0,0,0,451,0,0,0,0,0,0,0,0,0,0,451,451,0,0,0,0,0,0,0,0,0,0,0,0,1,2.57657599887252
Kline Township Police Department,1988-03-01,Pennsylvania,1749,PA05438,0,0,0,0,0,0,0,0,0,0,0,0,0,0,0,0,0,0,0,0,0,0,0,0,0,0,0,0,0,0,0,0,0,0,0,0,0,0,0,0,0,0,0,0,0,0,0,0,0,0,0,0,0,0,0,0,0,0,0,0,0,0,0,0,0,0,0,0,0,0,0,0,0,0,0,0,0,0,0,0,0,0,0,0,0,0,0,0,0,0,0,1,2.57657599887252
Kline Township Police Department,1988-04-01,Pennsylvania,1749,PA05438,0,0,0,0,0,0,0,0,0,0,0,0,0,0,0,0,0,0,0,0,0,0,0,0,0,0,0,0,0,0,0,0,0,0,0,0,0,0,0,0,0,0,0,0,0,0,0,0,0,0,0,0,0,0,0,0,0,0,0,0,0,0,0,0,0,0,0,0,0,0,0,0,0,0,0,0,0,0,0,0,0,0,0,0,0,0,0,0,0,0,0,1,2.57657599887252
Kline Township Police Department,1988-05-01,Pennsylvania,1749,PA05438,0,0,0,0,0,0,0,0,0,0,0,0,0,0,0,0,0,0,0,0,0,0,0,0,0,0,0,0,0,0,0,0,0,0,0,0,0,0,0,0,0,0,0,0,0,0,0,0,0,0,0,0,0,0,0,0,0,0,0,0,0,0,0,0,0,0,0,0,0,0,0,0,0,0,0,0,0,0,0,0,0,0,0,0,0,0,0,0,0,0,0,1,2.57657599887252
Kline Township Police Department,1988-06-01,Pennsylvania,1749,PA05438,0,0,0,0,0,0,0,0,0,0,0,0,0,0,0,0,0,0,0,0,0,0,0,0,0,0,0,0,0,0,0,0,0,0,0,0,0,0,0,0,0,0,0,0,0,0,0,0,0,0,0,0,0,0,0,0,0,0,0,0,0,0,0,0,0,0,0,0,0,0,0,0,0,0,0,0,0,0,0,0,0,0,0,0,0,0,0,0,0,0,0,1,2.57657599887252
Kline Township Police Department,1988-07-01,Pennsylvania,1749,PA05438,0,0,0,0,0,0,0,0,0,0,0,0,0,0,0,0,0,0,0,0,0,0,0,0,0,0,0,0,0,0,0,0,0,0,0,0,0,0,0,0,0,0,0,0,0,0,0,0,0,0,0,0,0,0,0,0,0,0,0,0,0,0,0,0,0,0,0,0,0,0,0,0,0,0,0,0,0,0,0,0,0,0,0,0,0,0,0,0,0,0,0,1,2.57657599887252
Kline Township Police Department,1988-08-01,Pennsylvania,1749,PA05438,0,0,0,0,0,0,0,0,0,0,0,0,0,0,0,0,0,0,0,0,0,0,0,0,0,0,0,0,0,0,0,0,0,0,0,0,0,0,0,0,0,0,0,0,0,0,0,0,0,0,0,0,0,0,0,0,0,0,0,0,0,0,0,0,0,0,0,0,0,0,0,0,0,0,0,0,0,0,0,0,0,0,0,0,0,0,0,0,0,0,0,1,2.57657599887252
Kline Township Police Department,1988-09-01,Pennsylvania,1749,PA05438,0,0,0,0,0,0,0,0,0,0,0,0,0,0,0,0,0,0,0,0,0,0,0,0,0,0,0,0,0,0,0,0,0,0,0,0,0,0,0,0,0,0,0,0,0,0,0,0,0,0,0,0,0,0,0,0,0,0,0,0,0,0,0,0,0,0,0,0,0,0,0,0,0,0,0,0,0,0,0,0,0,0,0,0,0,0,0,0,0,0,0,1,2.57657599887252
Kline Township Police Department,1988-10-01,Pennsylvania,1749,PA05438,0,0,0,0,0,0,0,0,0,0,0,0,0,0,0,0,0,0,0,0,0,0,0,0,0,0,0,0,0,0,0,0,0,0,0,0,0,0,0,0,0,0,0,0,0,0,0,0,0,0,0,0,0,0,0,0,0,0,0,0,0,0,0,0,0,0,0,0,0,0,0,0,0,0,0,0,0,0,0,0,0,0,0,0,0,0,0,0,0,0,0,1,2.57657599887252
Kline Township Police Department,1988-11-01,Pennsylvania,1749,PA05438,0,0,0,0,0,0,0,1,0,0,0,0,0,0,0,0,0,0,0,0,0,0,0,0,0,0,0,0,0,0,0,0,1,1,0,0,0,0,0,0,0,0,20613,0,0,0,0,0,0,0,0,0,0,0,0,0,0,20613,0,0,0,0,0,0,0,0,0,0,0,0,0,0,0,0,20613,0,0,0,20613,0,0,0,0,0,0,0,20613,0,0,0,20613,1,2.57657599887252
Kline Township Police Department,1988-12-01,Pennsylvania,1749,PA05438,0,0,0,0,0,0,0,0,0,0,0,0,0,0,0,0,0,0,0,0,0,0,0,0,0,0,0,0,0,0,0,0,0,0,0,0,0,0,0,0,0,0,0,0,0,0,0,0,0,0,0,0,0,0,0,0,0,0,0,0,0,0,0,0,0,0,0,0,0,0,0,0,0,0,0,0,0,0,0,0,0,0,0,0,0,0,0,0,0,0,0,1,2.57657599887252
Kline Township Police Department,1989-01-01,Pennsylvania,1675,PA05438,0,0,0,0,0,0,0,0,0,0,0,0,0,0,0,0,0,0,0,0,0,0,0,0,0,0,0,0,0,0,0,0,0,0,0,0,0,0,0,0,0,0,0,0,0,0,0,0,0,0,0,0,0,0,0,0,0,0,0,0,0,0,0,0,0,0,0,0,0,0,0,0,0,0,0,0,0,0,0,0,0,0,0,0,0,0,0,0,0,0,0,1,2.45793156762571
Kline Township Police Department,1989-02-01,Pennsylvania,1675,PA05438,0,0,0,0,0,0,0,0,0,0,0,0,0,0,0,0,0,0,0,0,0,0,0,0,0,0,0,0,0,0,0,0,0,0,0,0,0,0,0,0,0,0,0,0,0,0,0,0,0,0,0,0,0,0,0,0,0,0,0,0,0,0,0,0,0,0,0,0,0,0,0,0,0,0,0,0,0,0,0,0,0,0,0,0,0,0,0,0,0,0,0,1,2.45793156762571
Kline Township Police Department,1989-03-01,Pennsylvania,1675,PA05438,0,0,0,0,0,0,0,0,0,0,0,0,0,0,0,0,0,0,0,0,0,0,0,0,0,0,0,0,0,0,0,0,0,0,0,0,0,0,0,0,0,0,0,0,0,0,0,0,0,0,0,0,0,0,0,0,0,0,0,0,0,0,0,0,0,0,0,0,0,0,0,0,0,0,0,0,0,0,0,0,0,0,0,0,0,0,0,0,0,0,0,1,2.45793156762571
Kline Township Police Department,1989-04-01,Pennsylvania,1675,PA05438,0,0,0,0,0,0,0,0,0,0,0,0,0,0,0,0,0,0,0,0,0,0,0,0,0,0,0,0,0,0,0,0,0,0,0,0,0,0,0,0,0,0,0,0,0,0,0,0,0,0,0,0,0,0,0,0,0,0,0,0,0,0,0,0,0,0,0,0,0,0,0,0,0,0,0,0,0,0,0,0,0,0,0,0,0,0,0,0,0,0,0,1,2.45793156762571
Kline Township Police Department,1989-05-01,Pennsylvania,1675,PA05438,0,0,0,0,0,0,0,0,0,0,0,0,0,0,0,0,0,0,1,0,0,1,0,0,0,0,0,0,0,1,0,0,0,0,0,0,0,0,0,0,0,0,0,0,0,0,0,0,0,0,0,0,0,7,0,0,7,7,0,0,0,0,0,0,0,7,0,0,0,0,0,0,0,0,0,7,0,0,7,0,0,0,0,0,0,0,0,7,0,0,7,1,2.45793156762571
Kline Township Police Department,1989-06-01,Pennsylvania,1675,PA05438,0,0,0,0,0,0,0,0,0,0,0,0,0,0,0,0,0,0,0,0,0,0,0,0,0,0,0,0,0,0,0,0,0,0,0,0,0,0,0,0,0,0,0,0,0,0,0,0,0,0,0,0,0,0,0,0,0,0,0,0,0,0,0,0,0,0,0,0,0,0,0,0,0,0,0,0,0,0,0,0,0,0,0,0,0,0,0,0,0,0,0,1,2.45793156762571
Kline Township Police Department,1989-07-01,Pennsylvania,1675,PA05438,0,0,0,0,0,0,0,0,0,0,0,0,0,0,0,0,0,0,0,1,0,1,0,0,0,0,1,0,0,0,0,0,0,0,0,0,0,0,0,0,0,0,0,0,0,0,0,0,0,0,0,0,0,0,147,0,147,147,0,0,0,0,147,0,0,0,0,0,147,0,0,0,0,0,0,0,0,0,147,0,0,0,0,0,0,0,0,0,0,0,0,1,2.45793156762571
Kline Township Police Department,1989-08-01,Pennsylvania,1675,PA05438,0,0,0,0,0,0,0,0,0,0,0,0,0,0,0,0,0,0,1,0,0,1,0,0,1,0,0,0,0,0,0,0,0,0,0,0,0,0,0,0,0,0,0,0,0,0,0,0,0,0,0,0,0,5,0,0,5,5,0,0,5,0,0,0,0,0,0,0,5,0,0,0,0,0,0,0,0,0,5,0,0,0,0,0,0,0,0,0,0,0,0,1,2.45793156762571
Kline Township Police Department,1989-09-01,Pennsylvania,1675,PA05438,0,0,0,0,0,0,0,0,0,0,0,0,0,0,0,0,0,0,1,0,0,1,0,0,0,0,0,0,0,0,1,0,0,0,0,0,0,0,0,0,0,0,0,0,0,0,0,0,0,0,0,0,0,147,0,0,147,147,0,0,0,0,0,0,0,0,147,0,0,0,0,0,147,0,0,0,0,0,147,0,0,0,0,0,0,0,0,0,0,0,0,1,2.45793156762571
Kline Township Police Department,1989-10-01,Pennsylvania,1675,PA05438,0,0,0,0,0,0,0,0,0,0,0,0,0,0,0,0,0,0,0,0,0,0,0,0,0,0,0,0,0,0,0,0,0,0,0,0,0,0,0,0,0,0,0,0,0,0,0,0,0,0,0,0,0,0,0,0,0,0,0,0,0,0,0,0,0,0,0,0,0,0,0,0,0,0,0,0,0,0,0,0,0,0,0,0,0,0,0,0,0,0,0,1,2.45793156762571
Kline Township Police Department,1989-11-01,Pennsylvania,1675,PA05438,0,0,0,0,0,0,0,0,0,0,0,0,0,0,0,0,0,0,0,0,0,0,0,0,0,0,0,0,0,0,0,0,0,0,0,0,0,0,0,0,0,0,0,0,0,0,0,0,0,0,0,0,0,0,0,0,0,0,0,0,0,0,0,0,0,0,0,0,0,0,0,0,0,0,0,0,0,0,0,0,0,0,0,0,0,0,0,0,0,0,0,1,2.45793156762571
Kline Township Police Department,1989-12-01,Pennsylvania,1675,PA05438,0,0,0,0,0,0,0,0,0,0,0,0,0,0,0,0,0,0,0,0,0,0,0,0,0,0,0,0,0,0,0,0,0,0,0,0,0,0,0,0,0,0,0,0,0,0,0,0,0,0,0,0,0,0,0,0,0,0,0,0,0,0,0,0,0,0,0,0,0,0,0,0,0,0,0,0,0,0,0,0,0,0,0,0,0,0,0,0,0,0,0,1,2.45793156762571
Kline Township Police Department,1990-01-01,Pennsylvania,1722,PA05438,0,0,0,0,0,0,0,0,0,0,0,0,0,0,0,0,0,0,0,0,0,0,0,0,0,0,0,0,0,0,0,0,0,0,0,0,0,0,0,0,0,0,0,0,0,0,0,0,0,0,0,0,0,0,0,0,0,0,0,0,0,0,0,0,0,0,0,0,0,0,0,0,0,0,0,0,0,0,0,0,0,0,0,0,0,0,0,0,0,0,0,1,2.33204860003827
Kline Township Police Department,1990-02-01,Pennsylvania,1722,PA05438,0,0,0,0,0,0,0,0,0,0,0,0,0,0,0,0,0,0,0,0,0,0,0,0,0,0,0,0,0,0,0,0,0,0,0,0,0,0,0,0,0,0,0,0,0,0,0,0,0,0,0,0,0,0,0,0,0,0,0,0,0,0,0,0,0,0,0,0,0,0,0,0,0,0,0,0,0,0,0,0,0,0,0,0,0,0,0,0,0,0,0,1,2.33204860003827
Kline Township Police Department,1990-03-01,Pennsylvania,1722,PA05438,0,0,0,0,0,0,0,0,0,0,0,0,0,0,0,0,0,0,0,0,0,0,0,0,0,0,0,0,0,0,0,0,0,0,0,0,0,0,0,0,0,0,0,0,0,0,0,0,0,0,0,0,0,0,0,0,0,0,0,0,0,0,0,0,0,0,0,0,0,0,0,0,0,0,0,0,0,0,0,0,0,0,0,0,0,0,0,0,0,0,0,1,2.33204860003827
Kline Township Police Department,1990-04-01,Pennsylvania,1722,PA05438,0,0,0,0,0,0,0,0,0,0,0,0,0,0,0,0,0,0,0,0,0,0,0,0,0,0,0,0,0,0,0,0,0,0,0,0,0,0,0,0,0,0,0,0,0,0,0,0,0,0,0,0,0,0,0,0,0,0,0,0,0,0,0,0,0,0,0,0,0,0,0,0,0,0,0,0,0,0,0,0,0,0,0,0,0,0,0,0,0,0,0,1,2.33204860003827
Kline Township Police Department,1990-05-01,Pennsylvania,1722,PA05438,0,0,0,0,0,0,0,0,0,0,0,0,0,0,0,0,0,0,0,0,1,1,0,0,0,0,1,0,0,0,0,0,0,0,0,0,0,0,0,0,0,0,0,0,0,0,0,0,0,0,0,0,0,0,0,700,700,700,0,0,0,0,700,0,0,0,0,0,0,700,0,0,0,0,0,0,0,0,700,0,0,0,0,0,0,0,0,0,0,0,0,1,2.33204860003827
Kline Township Police Department,1990-06-01,Pennsylvania,1722,PA05438,0,0,0,0,0,0,0,0,0,0,0,0,0,0,0,0,0,0,0,0,0,0,0,0,0,0,0,0,0,0,0,0,0,0,0,0,0,0,0,0,0,0,0,0,0,0,0,0,0,0,0,0,0,0,0,0,0,0,0,0,0,0,0,0,0,0,0,0,0,0,0,0,0,0,0,0,0,0,0,0,0,0,0,0,0,0,0,0,0,0,0,1,2.33204860003827
Kline Township Police Department,1990-07-01,Pennsylvania,1722,PA05438,0,3,0,0,0,0,3,0,0,0,0,0,0,0,0,0,0,0,0,0,1,1,1,0,0,0,0,0,0,0,0,0,0,0,0,0,0,0,0,0,0,0,0,0,0,0,0,0,0,0,0,0,0,0,0,700,700,700,700,0,0,0,0,0,0,0,0,0,0,0,0,0,0,0,0,700,0,0,700,0,0,0,0,0,0,0,0,0,0,0,0,1,2.33204860003827
Kline Township Police Department,1990-08-01,Pennsylvania,1722,PA05438,0,0,0,0,0,0,0,0,0,0,0,0,0,0,0,0,0,0,0,0,0,0,0,0,0,0,0,0,0,0,0,0,0,0,0,0,0,0,0,0,0,0,0,0,0,0,0,0,0,0,0,0,0,0,0,0,0,0,0,0,0,0,0,0,0,0,0,0,0,0,0,0,0,0,0,0,0,0,0,0,0,0,0,0,0,0,0,0,0,0,0,1,2.33204860003827
Kline Township Police Department,1990-09-01,Pennsylvania,1722,PA05438,0,0,0,0,0,0,0,0,0,0,0,0,0,0,0,0,0,0,0,0,0,0,0,0,0,0,0,0,0,0,0,0,0,0,0,0,0,0,0,0,0,0,0,0,0,0,0,0,0,0,0,0,0,0,0,0,0,0,0,0,0,0,0,0,0,0,0,0,0,0,0,0,0,0,0,0,0,0,0,0,0,0,0,0,0,0,0,0,0,0,0,1,2.33204860003827
Kline Township Police Department,1990-10-01,Pennsylvania,1722,PA05438,0,0,0,0,0,0,0,0,0,0,0,0,0,0,0,0,0,0,1,0,0,1,0,0,0,1,0,0,0,0,0,0,0,0,0,0,0,0,0,0,0,0,0,0,0,0,0,0,0,0,0,0,0,14,0,0,14,14,0,0,0,14,0,0,0,0,0,0,14,0,0,0,0,0,0,0,0,0,14,0,0,0,0,0,0,0,0,0,0,0,0,1,2.33204860003827
Kline Township Police Department,1990-11-01,Pennsylvania,1722,PA05438,0,4,0,0,0,0,4,0,0,0,0,0,0,0,0,0,0,0,0,0,0,0,0,0,0,0,0,0,0,0,0,0,0,0,0,11212,0,0,0,0,0,11212,0,0,0,0,0,0,0,0,0,0,0,0,0,0,0,11212,0,0,0,0,0,0,0,0,0,0,0,718,3498,2332,0,0,0,0,0,4664,11212,0,0,0,3498,2332,0,0,0,0,0,4664,10494,1,2.33204860003827
Kline Township Police Department,1990-12-01,Pennsylvania,1722,PA05438,0,0,0,0,0,0,0,0,0,0,0,0,0,0,0,0,0,0,0,0,0,0,0,0,0,0,0,0,0,0,0,0,0,0,0,0,0,0,0,0,0,0,0,0,0,0,0,0,0,0,0,0,0,0,0,0,0,0,0,0,0,0,0,0,0,0,0,0,0,0,0,0,0,0,0,0,0,0,0,0,0,0,0,0,0,0,0,0,0,0,0,1,2.33204860003827
Kline Township Police Department,1991-01-01,Pennsylvania,1733,PA05438,0,0,0,0,0,0,0,0,0,0,0,0,0,0,0,0,0,0,0,0,0,0,0,0,0,0,0,0,0,0,0,0,0,0,0,0,0,0,0,0,0,0,0,0,0,0,0,0,0,0,0,0,0,0,0,0,0,0,0,0,0,0,0,0,0,0,0,0,0,0,0,0,0,0,0,0,0,0,0,0,0,0,0,0,0,0,0,0,0,0,0,1,2.23729976136572
Kline Township Police Department,1991-02-01,Pennsylvania,1733,PA05438,0,0,0,0,0,0,0,0,0,0,0,0,0,0,0,0,0,0,2,0,0,2,0,0,0,2,0,0,0,0,0,0,0,0,0,0,0,0,0,0,0,0,0,0,0,0,0,0,0,0,0,0,0,45,0,0,45,45,0,0,0,45,0,0,0,0,0,0,0,0,0,43,0,0,0,2,0,0,45,0,0,0,0,43,0,0,0,0,0,0,43,1,2.23729976136572
Kline Township Police Department,1991-03-01,Pennsylvania,1733,PA05438,0,0,0,0,0,0,0,0,0,0,0,0,0,0,0,0,0,0,0,0,0,0,0,0,0,0,0,0,0,0,0,0,0,0,0,0,0,0,0,0,0,0,0,0,0,0,0,0,0,0,0,0,0,0,0,0,0,0,0,0,0,0,0,0,0,0,0,0,0,0,0,0,0,0,0,0,0,0,0,0,0,0,0,0,0,0,0,0,0,0,0,1,2.23729976136572
Kline Township Police Department,1991-04-01,Pennsylvania,1733,PA05438,0,0,0,0,0,0,0,0,0,0,0,0,0,0,0,0,0,0,0,0,0,0,0,0,0,0,0,0,0,0,0,0,0,0,0,0,0,0,0,0,0,0,0,0,0,0,0,0,0,0,0,0,0,0,0,0,0,0,0,0,0,0,0,0,0,0,0,0,0,0,0,0,0,0,0,0,0,0,0,0,0,0,0,0,0,0,0,0,0,0,0,1,2.23729976136572
Kline Township Police Department,1991-05-01,Pennsylvania,1733,PA05438,0,0,0,0,0,0,0,0,0,0,0,0,0,0,0,0,0,0,0,0,0,0,0,0,0,0,0,0,0,0,0,0,0,0,0,0,0,0,0,0,0,0,0,0,0,0,0,0,0,0,0,0,0,0,0,0,0,0,0,0,0,0,0,0,0,0,0,0,0,0,0,0,0,0,0,0,0,0,0,0,0,0,0,0,0,0,0,0,0,0,0,1,2.23729976136572
Kline Township Police Department,1991-06-01,Pennsylvania,1733,PA05438,0,0,0,0,0,0,0,0,0,0,0,0,0,0,0,0,0,0,0,0,0,0,0,0,0,0,0,0,0,0,0,0,0,0,0,0,0,0,0,0,0,0,0,0,0,0,0,0,0,0,0,0,0,0,0,0,0,0,0,0,0,0,0,0,0,0,0,0,0,0,0,0,0,0,0,0,0,0,0,0,0,0,0,0,0,0,0,0,0,0,0,1,2.23729976136572
Kline Township Police Department,1991-07-01,Pennsylvania,1733,PA05438,0,0,0,0,0,0,0,0,0,0,0,0,0,0,0,0,0,0,0,0,1,1,0,0,0,0,1,0,0,0,0,0,0,0,0,0,0,0,0,0,0,0,0,0,0,0,0,0,0,0,0,0,0,0,0,895,895,895,0,0,0,0,895,0,0,0,0,0,0,0,0,0,0,0,0,0,895,0,895,0,0,0,0,0,0,0,0,0,0,0,0,1,2.23729976136572
Kline Township Police Department,1991-08-01,Pennsylvania,1733,PA05438,0,0,0,0,0,0,0,0,0,0,0,0,0,0,0,0,0,0,0,0,0,0,0,0,0,0,0,0,0,0,0,0,0,0,0,0,0,0,0,0,0,0,0,0,0,0,0,0,0,0,0,0,0,0,0,0,0,0,0,0,0,0,0,0,0,0,0,0,0,0,0,0,0,0,0,0,0,0,0,0,0,0,0,0,0,0,0,0,0,0,0,1,2.23729976136572
Kline Township Police Department,1991-09-01,Pennsylvania,1733,PA05438,0,0,0,0,0,0,0,0,0,0,0,0,0,0,0,0,0,0,0,0,0,0,0,0,0,0,0,0,0,0,0,0,0,0,0,0,0,0,0,0,0,0,0,0,0,0,0,0,0,0,0,0,0,0,0,0,0,0,0,0,0,0,0,0,0,0,0,0,0,0,0,0,0,0,0,0,0,0,0,0,0,0,0,0,0,0,0,0,0,0,0,1,2.23729976136572
Kline Township Police Department,1991-10-01,Pennsylvania,1733,PA05438,0,0,0,0,0,0,0,0,0,0,0,0,0,0,0,0,0,0,0,1,0,1,0,0,0,1,0,0,0,0,0,0,0,0,0,0,0,0,0,0,0,0,0,0,0,0,0,0,0,0,0,0,0,0,179,0,179,179,0,0,0,179,0,0,0,0,0,0,0,0,0,0,0,0,0,179,0,0,179,0,0,0,0,0,0,0,0,0,0,0,0,1,2.23729976136572
Kline Township Police Department,1991-11-01,Pennsylvania,1733,PA05438,0,0,0,0,0,0,0,0,0,0,0,0,0,0,0,0,0,0,0,0,0,0,0,0,0,0,0,0,0,0,0,0,0,0,0,0,0,0,0,0,0,0,0,0,0,0,0,0,0,0,0,0,0,0,0,0,0,0,0,0,0,0,0,0,0,0,0,0,0,0,0,0,0,0,0,0,0,0,0,0,0,0,0,0,0,0,0,0,0,0,0,1,2.23729976136572
Kline Township Police Department,1991-12-01,Pennsylvania,1733,PA05438,0,0,0,0,0,0,0,0,0,0,0,0,0,0,0,0,0,0,2,0,0,2,0,0,0,0,0,0,0,2,0,0,0,0,0,0,0,0,0,0,0,0,0,0,0,0,0,0,0,0,0,0,0,16,0,0,16,16,0,0,0,0,0,0,0,16,0,0,0,0,0,16,0,0,0,0,0,0,16,0,0,0,0,16,0,0,0,0,0,0,16,1,2.23729976136572
Kline Township Police Department,1992-01-01,Pennsylvania,1739,PA05438,0,0,0,0,0,0,0,0,0,0,0,0,0,0,0,0,0,0,0,0,0,0,0,0,0,0,0,0,0,0,0,0,0,0,0,0,0,0,0,0,0,0,0,0,0,0,0,0,0,0,0,0,0,0,0,0,0,0,0,0,0,0,0,0,0,0,0,0,0,0,0,0,0,0,0,0,0,0,0,0,0,0,0,0,0,0,0,0,0,0,0,1,2.17152809122224
Kline Township Police Department,1992-02-01,Pennsylvania,1739,PA05438,0,0,0,0,0,0,0,0,0,0,0,0,0,0,0,0,0,0,0,0,0,0,0,0,0,0,0,0,0,0,0,0,0,0,0,0,0,0,0,0,0,0,0,0,0,0,0,0,0,0,0,0,0,0,0,0,0,0,0,0,0,0,0,0,0,0,0,0,0,0,0,0,0,0,0,0,0,0,0,0,0,0,0,0,0,0,0,0,0,0,0,1,2.17152809122224
Kline Township Police Department,1992-03-01,Pennsylvania,1739,PA05438,0,0,0,0,0,0,0,0,0,0,0,0,0,0,0,0,0,0,0,0,0,0,0,0,0,0,0,0,0,0,0,0,0,0,0,0,0,0,0,0,0,0,0,0,0,0,0,0,0,0,0,0,0,0,0,0,0,0,0,0,0,0,0,0,0,0,0,0,0,0,0,0,0,0,0,0,0,0,0,0,0,0,0,0,0,0,0,0,0,0,0,1,2.17152809122224
Kline Township Police Department,1992-04-01,Pennsylvania,1739,PA05438,0,0,0,0,0,0,0,0,0,0,0,0,0,0,0,0,0,0,2,0,0,2,0,0,0,2,0,0,0,0,0,0,0,0,0,0,0,0,0,0,0,0,0,0,0,0,0,0,0,0,0,0,0,65,0,0,65,65,0,0,0,65,0,0,0,0,0,0,65,0,0,0,0,0,0,0,0,0,65,0,65,0,0,0,0,0,0,0,0,0,65,1,2.17152809122224
Kline Township Police Department,1992-05-01,Pennsylvania,1739,PA05438,0,0,0,0,0,0,0,0,0,0,0,0,0,0,0,0,0,0,0,0,0,0,0,0,0,0,0,0,0,0,0,0,0,0,0,0,0,0,0,0,0,0,0,0,0,0,0,0,0,0,0,0,0,0,0,0,0,0,0,0,0,0,0,0,0,0,0,0,0,0,0,0,0,0,0,0,0,0,0,0,0,0,0,0,0,0,0,0,0,0,0,1,2.17152809122224
Kline Township Police Department,1992-06-01,Pennsylvania,1739,PA05438,0,0,0,0,0,0,0,0,0,0,0,0,0,0,0,0,0,0,0,0,0,0,0,0,0,0,0,0,0,0,0,0,0,0,0,0,0,0,0,0,0,0,0,0,0,0,0,0,0,0,0,0,0,0,0,0,0,0,0,0,0,0,0,0,0,0,0,0,0,0,0,0,0,0,0,0,0,0,0,0,0,0,0,0,0,0,0,0,0,0,0,1,2.17152809122224
Kline Township Police Department,1992-07-01,Pennsylvania,1739,PA05438,0,0,0,0,0,0,0,0,0,0,0,0,0,0,0,0,0,0,0,0,0,0,0,0,0,0,0,0,0,0,0,0,0,0,0,0,0,0,0,0,0,0,0,0,0,0,0,0,0,0,0,0,0,0,0,0,0,0,0,0,0,0,0,0,0,0,0,0,0,0,0,0,0,0,0,0,0,0,0,0,0,0,0,0,0,0,0,0,0,0,0,1,2.17152809122224
Kline Township Police Department,1992-08-01,Pennsylvania,1739,PA05438,0,0,0,0,0,0,0,0,0,0,0,0,0,0,0,0,0,0,0,0,0,0,0,0,0,0,0,0,0,0,0,0,0,0,0,0,0,0,0,0,0,0,0,0,0,0,0,0,0,0,0,0,0,0,0,0,0,0,0,0,0,0,0,0,0,0,0,0,0,0,0,0,0,0,0,0,0,0,0,0,0,0,0,0,0,0,0,0,0,0,0,1,2.17152809122224
Kline Township Police Department,1992-09-01,Pennsylvania,1739,PA05438,0,0,0,0,0,0,0,0,0,0,0,0,0,0,0,0,0,0,0,0,0,0,0,0,0,0,0,0,0,0,0,0,0,0,0,0,0,0,0,0,0,0,0,0,0,0,0,0,0,0,0,0,0,0,0,0,0,0,0,0,0,0,0,0,0,0,0,0,0,0,0,0,0,0,0,0,0,0,0,0,0,0,0,0,0,0,0,0,0,0,0,1,2.17152809122224
Kline Township Police Department,1992-10-01,Pennsylvania,1739,PA05438,0,0,0,0,0,0,0,0,0,0,0,0,0,0,0,0,0,0,0,0,0,0,0,0,0,0,0,0,0,0,0,0,0,0,0,0,0,0,0,0,0,0,0,0,0,0,0,0,0,0,0,0,0,0,0,0,0,0,0,0,0,0,0,0,0,0,0,0,0,0,0,0,0,0,0,0,0,0,0,0,0,0,0,0,0,0,0,0,0,0,0,1,2.17152809122224
Kline Township Police Department,1992-11-01,Pennsylvania,1739,PA05438,0,0,0,0,0,0,0,0,0,0,0,0,0,0,0,0,0,0,0,0,0,0,0,0,0,0,0,0,0,0,0,0,0,0,0,0,0,0,0,0,0,0,0,0,0,0,0,0,0,0,0,0,0,0,0,0,0,0,0,0,0,0,0,0,0,0,0,0,0,0,0,0,0,0,0,0,0,0,0,0,0,0,0,0,0,0,0,0,0,0,0,1,2.17152809122224
Kline Township Police Department,1992-12-01,Pennsylvania,1739,PA05438,0,0,0,0,0,0,0,0,0,0,0,0,0,0,0,0,0,0,0,0,0,0,0,0,0,0,0,0,0,0,0,0,0,0,0,0,0,0,0,0,0,0,0,0,0,0,0,0,0,0,0,0,0,0,0,0,0,0,0,0,0,0,0,0,0,0,0,0,0,0,0,0,0,0,0,0,0,0,0,0,0,0,0,0,0,0,0,0,0,0,0,1,2.17152809122224
Kline Township Police Department,1993-01-01,Pennsylvania,1746,PA05438,0,2,0,0,0,0,2,0,0,0,0,0,0,0,0,0,0,0,0,0,0,0,0,0,0,0,0,0,0,0,0,0,0,0,0,0,0,0,0,0,0,0,0,0,0,0,0,0,0,0,0,0,0,0,0,0,0,0,0,0,0,0,0,0,0,0,0,0,0,0,0,0,0,0,0,0,0,0,0,0,0,0,0,0,0,0,0,0,0,0,0,1,2.10926968560715
Kline Township Police Department,1993-02-01,Pennsylvania,1746,PA05438,0,2,0,0,0,0,2,0,0,0,0,0,0,0,0,0,0,0,1,0,0,1,0,0,0,0,0,0,0,1,0,0,0,0,0,0,0,0,0,0,0,0,0,0,0,0,0,0,0,0,0,0,0,11,0,0,11,11,0,0,0,0,0,0,0,11,0,0,11,0,0,0,0,0,0,0,0,0,11,0,11,0,0,0,0,0,0,0,0,0,11,1,2.10926968560715
Kline Township Police Department,1993-03-01,Pennsylvania,1746,PA05438,0,0,0,0,0,0,0,0,0,0,0,0,0,0,0,0,0,0,0,0,0,0,0,0,0,0,0,0,0,0,0,0,0,0,0,0,0,0,0,0,0,0,0,0,0,0,0,0,0,0,0,0,0,0,0,0,0,0,0,0,0,0,0,0,0,0,0,0,0,0,0,0,0,0,0,0,0,0,0,0,0,0,0,0,0,0,0,0,0,0,0,1,2.10926968560715
Kline Township Police Department,1993-04-01,Pennsylvania,1746,PA05438,0,0,0,0,0,0,0,0,0,0,0,0,0,0,0,0,0,0,1,0,0,1,0,0,0,0,0,0,0,1,0,0,0,0,0,0,0,0,0,0,0,0,0,0,0,0,0,0,0,0,0,0,0,8,0,0,8,8,0,0,0,0,0,0,0,8,0,0,0,0,0,8,0,0,0,0,0,0,8,0,0,0,0,8,0,0,0,0,0,0,8,1,2.10926968560715
Kline Township Police Department,1993-05-01,Pennsylvania,1746,PA05438,0,0,0,0,0,0,0,0,0,0,0,0,0,0,0,0,0,0,2,0,0,2,0,0,0,0,0,0,0,0,2,0,0,0,0,0,0,0,0,0,0,0,0,0,0,0,0,0,0,0,0,0,0,27,0,0,27,27,0,0,0,0,0,0,0,0,27,0,4,0,0,23,0,0,0,0,0,0,27,0,4,0,0,23,0,0,0,0,0,0,27,1,2.10926968560715
Kline Township Police Department,1993-06-01,Pennsylvania,1746,PA05438,0,0,0,0,0,0,0,0,0,0,0,0,0,0,0,0,0,0,1,0,0,1,0,0,0,0,0,0,0,0,1,0,0,0,0,0,0,0,0,0,0,0,0,0,0,0,0,0,0,0,0,0,0,4,0,0,4,4,0,0,0,0,0,0,0,0,4,0,0,0,0,0,0,0,0,4,0,0,4,0,0,0,0,0,0,0,0,4,0,0,4,1,2.10926968560715
Kline Township Police Department,1993-07-01,Pennsylvania,1746,PA05438,0,0,0,0,0,0,0,0,0,0,0,0,0,0,0,0,0,0,0,0,0,0,0,0,0,0,0,0,0,0,0,0,0,0,0,0,0,0,0,0,0,0,0,0,0,0,0,0,0,0,0,0,0,0,0,0,0,0,0,0,0,0,0,0,0,0,0,0,0,0,0,0,0,0,0,0,0,0,0,0,0,0,0,0,0,0,0,0,0,0,0,1,2.10926968560715
Kline Township Police Department,1993-08-01,Pennsylvania,1746,PA05438,0,0,0,0,0,0,0,0,0,0,0,0,0,0,0,0,0,0,0,0,0,0,0,0,0,0,0,0,0,0,0,0,0,0,0,0,0,0,0,0,0,0,0,0,0,0,0,0,0,0,0,0,0,0,0,0,0,0,0,0,0,0,0,0,0,0,0,0,0,0,0,0,0,0,0,0,0,0,0,0,0,0,0,0,0,0,0,0,0,0,0,1,2.10926968560715
Kline Township Police Department,1993-09-01,Pennsylvania,1746,PA05438,0,0,0,0,0,0,0,0,0,0,0,0,0,0,0,0,0,0,0,0,0,0,0,0,0,0,0,0,0,0,0,0,0,0,0,0,0,0,0,0,0,0,0,0,0,0,0,0,0,0,0,0,0,0,0,0,0,0,0,0,0,0,0,0,0,0,0,0,0,0,0,0,0,0,0,0,0,0,0,0,0,0,0,0,0,0,0,0,0,0,0,1,2.10926968560715
Kline Township Police Department,1993-10-01,Pennsylvania,1746,PA05438,0,0,0,0,0,0,0,0,0,0,0,0,0,0,0,0,0,0,0,0,0,0,0,0,0,0,0,0,0,0,0,0,0,0,0,0,0,0,0,0,0,0,0,0,0,0,0,0,0,0,0,0,0,0,0,0,0,0,0,0,0,0,0,0,0,0,0,0,0,0,0,0,0,0,0,0,0,0,0,0,0,0,0,0,0,0,0,0,0,0,0,1,2.10926968560715
Kline Township Police Department,1993-11-01,Pennsylvania,1746,PA05438,0,0,0,0,0,0,0,0,0,0,0,0,0,0,0,0,0,0,0,0,0,0,0,0,0,0,0,0,0,0,0,0,0,0,0,0,0,0,0,0,0,0,0,0,0,0,0,0,0,0,0,0,0,0,0,0,0,0,0,0,0,0,0,0,0,0,0,0,0,0,0,0,0,0,0,0,0,0,0,0,0,0,0,0,0,0,0,0,0,0,0,1,2.10926968560715
Kline Township Police Department,1993-12-01,Pennsylvania,1746,PA05438,0,0,0,0,0,0,0,0,0,0,0,0,0,0,0,0,0,0,1,0,0,1,0,0,0,0,0,0,0,0,1,0,0,0,0,0,0,0,0,0,0,0,0,0,0,0,0,0,0,0,0,0,0,4,0,0,4,4,0,0,0,0,0,0,0,0,4,0,0,0,0,0,0,0,0,4,0,0,4,0,0,0,0,0,0,0,0,0,0,0,0,1,2.10926968560715
Kline Township Police Department,1994-01-01,Pennsylvania,1746,PA05438,0,0,0,0,0,0,0,0,0,0,0,0,0,0,0,0,0,0,0,0,0,0,0,0,0,0,0,0,0,0,0,0,0,0,0,0,0,0,0,0,0,0,0,0,0,0,0,0,0,0,0,0,0,0,0,0,0,0,0,0,0,0,0,0,0,0,0,0,0,0,0,0,0,0,0,0,0,0,0,0,0,0,0,0,0,0,0,0,0,0,0,1,2.05566930904593
Kline Township Police Department,1994-02-01,Pennsylvania,1746,PA05438,0,0,0,0,0,0,0,0,0,0,0,0,0,0,0,0,0,0,0,0,1,1,0,0,0,0,1,0,0,0,0,0,0,0,0,0,0,0,0,0,0,0,0,0,0,0,0,0,0,0,0,0,0,0,0,1172,1172,1172,0,0,0,0,1172,0,0,0,0,0,0,0,0,0,1172,0,0,0,0,0,1172,0,0,0,0,0,0,0,0,0,0,0,0,1,2.05566930904593
Kline Township Police Department,1994-03-01,Pennsylvania,1746,PA05438,0,0,0,0,0,0,0,0,0,0,0,0,0,0,0,0,0,0,2,0,0,2,0,0,0,0,0,0,0,0,2,0,0,0,0,0,0,0,0,0,0,0,0,0,0,0,0,0,0,0,0,0,0,0,0,0,0,0,0,0,0,0,0,0,0,0,0,0,0,0,0,0,0,0,0,0,0,0,0,0,0,0,0,0,0,0,0,0,0,0,0,1,2.05566930904593
Kline Township Police Department,1994-04-01,Pennsylvania,1746,PA05438,0,0,0,0,0,0,0,0,0,0,0,0,0,0,0,0,0,0,1,0,0,1,0,0,0,0,0,0,0,1,0,0,0,0,0,0,0,0,0,0,0,0,0,0,0,0,0,0,0,0,0,0,0,25,0,0,25,25,0,0,0,0,0,0,0,25,0,0,25,0,0,0,0,0,0,0,0,0,25,0,0,0,0,0,0,0,0,0,0,0,0,1,2.05566930904593
Kline Township Police Department,1994-05-01,Pennsylvania,1746,PA05438,0,0,0,0,0,0,0,0,0,0,0,0,0,0,0,0,0,0,1,0,0,1,0,0,0,0,0,0,0,0,1,0,0,0,0,0,0,0,0,0,0,0,0,0,0,0,0,0,0,0,0,0,0,8,0,0,8,8,0,0,0,0,0,0,0,0,8,0,8,0,0,0,0,0,0,0,0,0,8,0,8,0,0,0,0,0,0,0,0,0,8,1,2.05566930904593
Kline Township Police Department,1994-06-01,Pennsylvania,1746,PA05438,0,0,0,0,0,0,0,0,0,0,0,0,0,0,0,0,0,0,0,0,0,0,0,0,0,0,0,0,0,0,0,0,0,0,0,0,0,0,0,0,0,0,0,0,0,0,0,0,0,0,0,0,0,0,0,0,0,0,0,0,0,0,0,0,0,0,0,0,0,0,0,0,0,0,0,0,0,0,0,0,0,0,0,0,0,0,0,0,0,0,0,1,2.05566930904593
Kline Township Police Department,1994-07-01,Pennsylvania,1746,PA05438,0,0,0,0,0,0,0,0,0,0,0,0,0,0,0,0,0,0,0,0,0,0,0,0,0,0,0,0,0,0,0,0,0,0,0,0,0,0,0,0,0,0,0,0,0,0,0,0,0,0,0,0,0,0,0,0,0,0,0,0,0,0,0,0,0,0,0,0,0,0,0,0,0,0,0,0,0,0,0,0,0,0,0,0,0,0,0,0,0,0,0,1,2.05566930904593
Kline Township Police Department,1994-08-01,Pennsylvania,1746,PA05438,0,0,0,0,0,0,0,0,0,0,0,0,0,0,0,0,0,0,0,0,0,0,0,0,0,0,0,0,0,0,0,0,0,0,0,0,0,0,0,0,0,0,0,0,0,0,0,0,0,0,0,0,0,0,0,0,0,0,0,0,0,0,0,0,0,0,0,0,0,0,0,0,0,0,0,0,0,0,0,0,0,0,0,0,0,0,0,0,0,0,0,1,2.05566930904593
Kline Township Police Department,1994-09-01,Pennsylvania,1746,PA05438,0,0,0,0,0,0,0,0,0,0,0,0,0,0,0,0,0,0,1,0,0,1,0,0,0,0,0,0,0,1,0,0,0,0,0,0,0,0,0,0,0,0,0,0,0,0,0,0,0,0,0,0,0,14,0,0,14,14,0,0,0,0,0,0,0,14,0,0,14,0,0,0,0,0,0,0,0,0,14,0,0,0,0,0,0,0,0,0,0,0,0,1,2.05566930904593
Kline Township Police Department,1994-10-01,Pennsylvania,1746,PA05438,0,0,0,0,0,0,0,0,0,0,0,0,0,0,0,0,0,0,0,0,0,0,0,0,0,0,0,0,0,0,0,0,0,0,0,0,0,0,0,0,0,0,0,0,0,0,0,0,0,0,0,0,0,0,0,0,0,0,0,0,0,0,0,0,0,0,0,0,0,0,0,0,0,0,0,0,0,0,0,0,0,0,0,0,0,0,0,0,0,0,0,1,2.05566930904593
Kline Township Police Department,1994-11-01,Pennsylvania,1746,PA05438,0,0,0,0,0,0,0,0,0,0,0,0,0,0,0,0,0,0,0,0,0,0,0,0,0,0,0,0,0,0,0,0,0,0,0,0,0,0,0,0,0,0,0,0,0,0,0,0,0,0,0,0,0,0,0,0,0,0,0,0,0,0,0,0,0,0,0,0,0,0,0,0,0,0,0,0,0,0,0,0,0,0,0,0,0,0,0,0,0,0,0,1,2.05566930904593
Kline Township Police Department,1994-12-01,Pennsylvania,1746,PA05438,0,0,0,0,0,0,0,0,0,0,0,0,0,0,0,0,0,0,0,0,0,0,0,0,0,0,0,0,0,0,0,0,0,0,0,0,0,0,0,0,0,0,0,0,0,0,0,0,0,0,0,0,0,0,0,0,0,0,0,0,0,0,0,0,0,0,0,0,0,0,0,0,0,0,0,0,0,0,0,0,0,0,0,0,0,0,0,0,0,0,0,1,2.05566930904593
Kline Township Police Department,1995-01-01,Pennsylvania,1748,PA05438,0,0,0,0,0,0,0,0,0,0,0,0,0,0,0,0,0,0,0,0,0,0,0,0,0,0,0,0,0,0,0,0,0,0,0,0,0,0,0,0,0,0,0,0,0,0,0,0,0,0,0,0,0,0,0,0,0,0,0,0,0,0,0,0,0,0,0,0,0,0,0,0,0,0,0,0,0,0,0,0,0,0,0,0,0,0,0,0,0,0,0,1,1.99957289729848
Kline Township Police Department,1995-02-01,Pennsylvania,1748,PA05438,0,0,0,0,0,0,0,0,0,0,0,0,0,0,0,0,0,0,0,0,0,0,0,0,0,0,0,0,0,0,0,0,0,0,0,0,0,0,0,0,0,0,0,0,0,0,0,0,0,0,0,0,0,0,0,0,0,0,0,0,0,0,0,0,0,0,0,0,0,0,0,0,0,0,0,0,0,0,0,0,0,0,0,0,0,0,0,0,0,0,0,1,1.99957289729848
Kline Township Police Department,1995-03-01,Pennsylvania,1748,PA05438,0,0,0,0,0,0,0,0,0,0,0,0,0,0,0,0,0,0,1,0,0,1,0,0,0,0,0,0,0,0,1,0,0,0,0,0,0,0,0,0,0,0,0,0,0,0,0,0,0,0,0,0,0,10,0,0,10,10,0,0,0,0,0,0,0,0,10,0,0,0,0,0,0,0,0,10,0,0,10,0,0,0,0,0,0,0,0,0,0,0,0,1,1.99957289729848
Kline Township Police Department,1995-04-01,Pennsylvania,1748,PA05438,0,0,0,0,0,0,0,0,0,0,0,0,0,0,0,0,0,0,0,0,0,0,0,0,0,0,0,0,0,0,0,0,0,0,0,0,0,0,0,0,0,0,0,0,0,0,0,0,0,0,0,0,0,0,0,0,0,0,0,0,0,0,0,0,0,0,0,0,0,0,0,0,0,0,0,0,0,0,0,0,0,0,0,0,0,0,0,0,0,0,0,1,1.99957289729848
Kline Township Police Department,1995-05-01,Pennsylvania,1748,PA05438,0,0,0,0,0,0,0,0,0,0,0,0,0,0,0,0,0,0,1,0,0,1,0,0,0,0,0,0,0,1,0,0,0,0,0,0,0,0,0,0,0,0,0,0,0,0,0,0,0,0,0,0,0,6,0,0,6,6,0,0,0,0,0,0,0,6,0,0,0,0,0,6,0,0,0,0,0,0,6,0,0,0,0,6,0,0,0,0,0,0,6,1,1.99957289729848
Kline Township Police Department,1995-06-01,Pennsylvania,1748,PA05438,0,0,0,0,0,0,0,0,0,0,0,0,0,0,0,0,0,0,0,0,0,0,0,0,0,0,0,0,0,0,0,0,0,0,0,0,0,0,0,0,0,0,0,0,0,0,0,0,0,0,0,0,0,0,0,0,0,0,0,0,0,0,0,0,0,0,0,0,0,0,0,0,0,0,0,0,0,0,0,0,0,0,0,0,0,0,0,0,0,0,0,1,1.99957289729848
Kline Township Police Department,1995-07-01,Pennsylvania,1748,PA05438,0,0,0,0,0,0,0,0,0,0,0,0,0,0,0,0,0,0,0,0,0,0,0,0,0,0,0,0,0,0,0,0,0,0,0,0,0,0,0,0,0,0,0,0,0,0,0,0,0,0,0,0,0,0,0,0,0,0,0,0,0,0,0,0,0,0,0,0,0,0,0,0,0,0,0,0,0,0,0,0,0,0,0,0,0,0,0,0,0,0,0,1,1.99957289729848
Kline Township Police Department,1995-08-01,Pennsylvania,1748,PA05438,0,0,0,0,0,0,0,0,0,0,0,0,0,0,0,0,0,0,0,0,0,0,0,0,0,0,0,0,0,0,0,0,0,0,0,0,0,0,0,0,0,0,0,0,0,0,0,0,0,0,0,0,0,0,0,0,0,0,0,0,0,0,0,0,0,0,0,0,0,0,0,0,0,0,0,0,0,0,0,0,0,0,0,0,0,0,0,0,0,0,0,1,1.99957289729848
Kline Township Police Department,1995-09-01,Pennsylvania,1748,PA05438,0,0,0,0,0,0,0,0,0,0,0,0,0,0,0,0,0,0,1,0,0,1,0,0,0,0,0,0,0,0,1,0,0,0,0,0,0,0,0,0,0,0,0,0,0,0,0,0,0,0,0,0,0,70,0,0,70,70,0,0,0,0,0,0,0,0,70,0,48,0,0,22,0,0,0,0,0,0,70,0,48,0,0,22,0,0,0,0,0,0,70,1,1.99957289729848
Kline Township Police Department,1995-10-01,Pennsylvania,1748,PA05438,0,0,0,0,0,0,0,0,0,0,0,0,0,0,0,0,0,0,0,0,0,0,0,0,0,0,0,0,0,0,0,0,0,0,0,0,0,0,0,0,0,0,0,0,0,0,0,0,0,0,0,0,0,0,0,0,0,0,0,0,0,0,0,0,0,0,0,0,0,0,0,0,0,0,0,0,0,0,0,0,0,0,0,0,0,0,0,0,0,0,0,1,1.99957289729848
Kline Township Police Department,1995-11-01,Pennsylvania,1748,PA05438,0,0,0,0,0,0,0,0,0,0,0,0,0,0,0,0,0,0,0,0,0,0,0,0,0,0,0,0,0,0,0,0,0,0,0,0,0,0,0,0,0,0,0,0,0,0,0,0,0,0,0,0,0,0,0,0,0,0,0,0,0,0,0,0,0,0,0,0,0,0,0,0,0,0,0,0,0,0,0,0,0,0,0,0,0,0,0,0,0,0,0,1,1.99957289729848
Kline Township Police Department,1995-12-01,Pennsylvania,1748,PA05438,0,0,0,0,0,0,0,0,0,0,0,0,0,0,0,0,0,0,0,0,0,0,0,0,0,0,0,0,0,0,0,0,0,0,0,0,0,0,0,0,0,0,0,0,0,0,0,0,0,0,0,0,0,0,0,0,0,0,0,0,0,0,0,0,0,0,0,0,0,0,0,0,0,0,0,0,0,0,0,0,0,0,0,0,0,0,0,0,0,0,0,1,1.99957289729848
Kline Township Police Department,1996-01-01,Pennsylvania,1745,PA05438,0,0,0,0,0,0,0,0,0,0,0,0,0,0,0,0,0,0,0,0,0,0,0,0,0,0,0,0,0,0,0,0,0,0,0,0,0,0,0,0,0,0,0,0,0,0,0,0,0,0,0,0,0,0,0,0,0,0,0,0,0,0,0,0,0,0,0,0,0,0,0,0,0,0,0,0,0,0,0,0,0,0,0,0,0,0,0,0,0,0,0,1,1.94263043247264
Kline Township Police Department,1996-02-01,Pennsylvania,1745,PA05438,0,0,0,0,0,0,0,0,0,0,0,0,0,0,0,0,0,0,0,0,0,0,0,0,0,0,0,0,0,0,0,0,0,0,0,0,0,0,0,0,0,0,0,0,0,0,0,0,0,0,0,0,0,0,0,0,0,0,0,0,0,0,0,0,0,0,0,0,0,0,0,0,0,0,0,0,0,0,0,0,0,0,0,0,0,0,0,0,0,0,0,1,1.94263043247264
Kline Township Police Department,1996-03-01,Pennsylvania,1745,PA05438,0,0,0,0,0,0,0,0,0,0,0,0,0,0,0,0,0,0,0,0,0,0,0,0,0,0,0,0,0,0,0,0,0,0,0,0,0,0,0,0,0,0,0,0,0,0,0,0,0,0,0,0,0,0,0,0,0,0,0,0,0,0,0,0,0,0,0,0,0,0,0,0,0,0,0,0,0,0,0,0,0,0,0,0,0,0,0,0,0,0,0,1,1.94263043247264
Kline Township Police Department,1996-04-01,Pennsylvania,1745,PA05438,0,0,0,0,0,0,0,0,0,0,0,0,0,0,0,0,0,0,0,0,1,1,0,0,0,0,0,0,0,0,1,0,0,0,0,0,0,0,0,0,0,0,0,0,0,0,0,0,0,0,0,0,0,0,0,1845,1845,1845,0,0,0,0,0,0,0,0,1845,1845,0,0,0,0,0,0,0,0,0,0,1845,1845,0,0,0,0,0,0,0,0,0,0,1845,1,1.94263043247264
Kline Township Police Department,1996-05-01,Pennsylvania,1745,PA05438,0,0,0,0,0,0,0,0,0,0,0,0,0,0,0,0,0,0,0,0,1,1,0,0,0,0,0,0,0,0,1,0,0,0,0,0,0,0,0,0,0,0,0,0,0,0,0,0,0,0,0,0,0,0,0,1845,1845,1845,0,0,0,0,0,0,0,0,1845,1845,0,0,0,0,0,0,0,0,0,0,1845,1845,0,0,0,0,0,0,0,0,0,0,1845,1,1.94263043247264
Kline Township Police Department,1996-06-01,Pennsylvania,1745,PA05438,0,0,0,0,0,0,0,0,0,0,0,0,0,0,0,0,0,0,0,0,0,0,0,0,0,0,0,0,0,0,0,0,0,0,0,0,0,0,0,0,0,0,0,0,0,0,0,0,0,0,0,0,0,0,0,0,0,0,0,0,0,0,0,0,0,0,0,0,0,0,0,0,0,0,0,0,0,0,0,0,0,0,0,0,0,0,0,0,0,0,0,1,1.94263043247264
Kline Township Police Department,1996-07-01,Pennsylvania,1745,PA05438,0,0,0,0,0,0,0,0,0,0,0,0,0,0,0,0,0,0,0,0,0,0,0,0,0,0,0,0,0,0,0,0,0,0,0,0,0,0,0,0,0,0,0,0,0,0,0,0,0,0,0,0,0,0,0,0,0,0,0,0,0,0,0,0,0,0,0,0,0,0,0,0,0,0,0,0,0,0,0,0,0,0,0,0,0,0,0,0,0,0,0,1,1.94263043247264
Kline Township Police Department,1996-08-01,Pennsylvania,1745,PA05438,0,0,0,0,0,0,0,0,0,0,0,0,0,0,0,0,0,0,0,0,0,0,0,0,0,0,0,0,0,0,0,0,0,0,0,0,0,0,0,0,0,0,0,0,0,0,0,0,0,0,0,0,0,0,0,0,0,0,0,0,0,0,0,0,0,0,0,0,0,0,0,0,0,0,0,0,0,0,0,0,0,0,0,0,0,0,0,0,0,0,0,1,1.94263043247264
Kline Township Police Department,1996-09-01,Pennsylvania,1745,PA05438,1,0,0,0,0,0,1,0,0,0,0,0,0,0,0,0,0,0,0,0,1,1,0,0,0,0,0,0,0,0,1,0,0,0,0,0,11656,0,0,0,0,11656,0,0,0,0,0,0,0,0,0,0,0,0,0,971,971,12627,0,0,0,0,0,0,0,0,971,0,0,11656,0,0,0,0,0,971,0,0,12627,0,0,0,0,0,0,0,0,0,0,0,0,1,1.94263043247264
Kline Township Police Department,1996-10-01,Pennsylvania,1745,PA05438,0,0,0,0,0,0,0,0,0,0,0,0,0,0,0,0,0,0,0,0,0,0,0,0,0,0,0,0,0,0,0,0,0,0,0,0,0,0,0,0,0,0,0,0,0,0,0,0,0,0,0,0,0,0,0,0,0,0,0,0,0,0,0,0,0,0,0,0,0,0,0,0,0,0,0,0,0,0,0,0,0,0,0,0,0,0,0,0,0,0,0,1,1.94263043247264
Kline Township Police Department,1996-11-01,Pennsylvania,1745,PA05438,0,0,0,0,0,0,0,0,0,0,0,0,0,0,0,0,0,0,0,0,0,0,0,0,0,0,0,0,0,0,0,0,0,0,0,0,0,0,0,0,0,0,0,0,0,0,0,0,0,0,0,0,0,0,0,0,0,0,0,0,0,0,0,0,0,0,0,0,0,0,0,0,0,0,0,0,0,0,0,0,0,0,0,0,0,0,0,0,0,0,0,1,1.94263043247264
Kline Township Police Department,1996-12-01,Pennsylvania,1745,PA05438,0,0,0,0,0,0,0,0,0,0,0,0,0,0,0,0,0,0,0,0,0,0,0,0,0,0,0,0,0,0,0,0,0,0,0,0,0,0,0,0,0,0,0,0,0,0,0,0,0,0,0,0,0,0,0,0,0,0,0,0,0,0,0,0,0,0,0,0,0,0,0,0,0,0,0,0,0,0,0,0,0,0,0,0,0,0,0,0,0,0,0,1,1.94263043247264
Kline Township Police Department,1997-01-01,Pennsylvania,1739,PA05438,0,0,0,0,0,0,0,0,0,0,0,0,0,0,0,0,0,0,0,0,0,0,0,0,0,0,0,0,0,0,0,0,0,0,0,0,0,0,0,0,0,0,0,0,0,0,0,0,0,0,0,0,0,0,0,0,0,0,0,0,0,0,0,0,0,0,0,0,0,0,0,0,0,0,0,0,0,0,0,0,0,0,0,0,0,0,0,0,0,0,0,1,1.89825511369536
Kline Township Police Department,1997-02-01,Pennsylvania,1739,PA05438,0,0,0,0,0,0,0,2,0,0,0,0,0,0,0,0,0,0,0,0,0,0,0,0,0,0,0,0,0,0,0,2,0,2,0,0,0,0,0,0,0,0,19932,0,0,0,0,0,0,0,0,0,0,0,0,0,0,19932,0,0,0,0,0,0,0,0,0,0,0,0,0,0,0,0,19932,0,0,0,19932,0,0,0,0,0,0,0,19932,0,0,0,19932,1,1.89825511369536
Kline Township Police Department,1997-03-01,Pennsylvania,1739,PA05438,0,0,0,0,0,0,0,0,0,0,0,0,0,0,0,0,0,0,0,0,0,0,0,0,0,0,0,0,0,0,0,0,0,0,0,0,0,0,0,0,0,0,0,0,0,0,0,0,0,0,0,0,0,0,0,0,0,0,0,0,0,0,0,0,0,0,0,0,0,0,0,0,0,0,0,0,0,0,0,0,0,0,0,0,0,0,0,0,0,0,0,1,1.89825511369536
Kline Township Police Department,1997-04-01,Pennsylvania,1739,PA05438,0,0,0,0,0,0,0,0,0,0,0,0,0,0,0,0,0,0,0,0,0,0,0,0,0,0,0,0,0,0,0,0,0,0,0,0,0,0,0,0,0,0,0,0,0,0,0,0,0,0,0,0,0,0,0,0,0,0,0,0,0,0,0,0,0,0,0,0,0,0,0,0,0,0,0,0,0,0,0,0,0,0,0,0,0,0,0,0,0,0,0,1,1.89825511369536
Kline Township Police Department,1997-05-01,Pennsylvania,1739,PA05438,0,0,0,0,0,0,0,1,0,0,0,0,0,0,0,0,0,0,0,0,0,0,0,0,0,0,0,0,0,0,0,1,0,1,0,0,0,0,0,0,0,0,12908,0,0,0,0,0,0,0,0,0,0,0,0,0,0,12908,0,0,0,0,0,0,0,0,0,0,0,0,0,0,0,0,12908,0,0,0,12908,0,0,0,0,0,0,0,12908,0,0,0,12908,1,1.89825511369536
Kline Township Police Department,1997-06-01,Pennsylvania,1739,PA05438,0,0,0,0,0,0,0,0,0,0,0,0,0,0,0,0,0,0,1,0,1,2,0,0,0,1,0,0,0,1,0,0,0,0,0,0,0,0,0,0,0,0,0,0,0,0,0,0,0,0,0,0,0,8,0,8542,8550,8550,0,0,0,8542,0,0,0,8,0,0,8,0,0,0,0,0,0,8542,0,0,8550,0,0,0,0,0,0,0,0,0,0,0,0,1,1.89825511369536
Kline Township Police Department,1997-07-01,Pennsylvania,1739,PA05438,0,0,0,0,0,0,0,0,0,0,0,0,0,0,0,0,0,0,0,0,1,1,0,0,0,0,1,0,0,0,0,0,0,0,0,0,0,0,0,0,0,0,0,0,0,0,0,0,0,0,0,0,0,0,0,949,949,949,0,0,0,0,949,0,0,0,0,0,0,949,0,0,0,0,0,0,0,0,949,0,0,0,0,0,0,0,0,0,0,0,0,1,1.89825511369536
Kline Township Police Department,1997-08-01,Pennsylvania,1739,PA05438,0,0,0,0,0,0,0,0,0,0,0,0,0,0,0,0,0,0,0,0,0,0,0,0,0,0,0,0,0,0,0,0,0,0,0,0,0,0,0,0,0,0,0,0,0,0,0,0,0,0,0,0,0,0,0,0,0,0,0,0,0,0,0,0,0,0,0,0,0,0,0,0,0,0,0,0,0,0,0,0,0,0,0,0,0,0,0,0,0,0,0,1,1.89825511369536
Kline Township Police Department,1997-09-01,Pennsylvania,1739,PA05438,0,0,0,0,0,0,0,0,0,0,0,0,0,0,0,0,0,0,0,0,0,0,0,0,0,0,0,0,0,0,0,0,0,0,0,0,0,0,0,0,0,0,0,0,0,0,0,0,0,0,0,0,0,0,0,0,0,0,0,0,0,0,0,0,0,0,0,0,0,0,0,0,0,0,0,0,0,0,0,0,0,0,0,0,0,0,0,0,0,0,0,1,1.89825511369536
Kline Township Police Department,1997-10-01,Pennsylvania,1739,PA05438,0,1,0,0,0,0,1,0,0,0,0,0,0,0,0,0,0,0,2,1,2,5,1,0,0,2,0,0,0,2,0,0,0,0,0,1519,0,0,0,0,0,1519,0,0,0,0,0,0,0,0,0,0,0,27,380,1044,1450,2969,380,0,0,1044,0,0,0,27,0,0,27,1519,0,0,0,0,0,0,0,1424,2969,0,0,0,0,0,0,0,0,0,0,0,0,1,1.89825511369536
Kline Township Police Department,1997-11-01,Pennsylvania,1739,PA05438,0,0,0,0,0,0,0,0,0,0,0,0,0,0,0,0,0,0,1,0,1,2,0,0,0,1,0,0,0,1,0,0,0,0,0,0,0,0,0,0,0,0,0,0,0,0,0,0,0,0,0,0,0,15,0,475,490,490,0,0,0,475,0,0,0,15,0,0,15,0,0,475,0,0,0,0,0,0,490,0,15,0,0,0,0,0,0,0,0,0,15,1,1.89825511369536
Kline Township Police Department,1997-12-01,Pennsylvania,1739,PA05438,0,0,0,0,0,0,0,0,0,0,0,0,0,0,0,0,0,0,0,0,0,0,0,0,0,0,0,0,0,0,0,0,0,0,0,0,0,0,0,0,0,0,0,0,0,0,0,0,0,0,0,0,0,0,0,0,0,0,0,0,0,0,0,0,0,0,0,0,0,0,0,0,0,0,0,0,0,0,0,0,0,0,0,0,0,0,0,0,0,0,0,1,1.89825511369536
Kline Township Police Department,1998-01-01,Pennsylvania,1648,PA05438,0,0,0,0,0,0,0,0,0,0,0,0,0,0,0,0,0,0,1,0,1,2,0,0,0,1,0,0,0,0,1,0,0,0,0,0,0,0,0,0,0,0,0,0,0,0,0,0,0,0,0,0,0,75,0,935,1009,1009,0,0,0,75,0,0,0,0,935,0,0,0,0,0,0,0,0,935,0,75,1009,0,0,0,0,0,0,0,0,935,0,0,935,1,1.86923930269414
Kline Township Police Department,1998-02-01,Pennsylvania,1648,PA05438,0,0,0,0,0,0,0,0,0,0,0,0,0,0,0,0,0,0,0,0,0,0,0,0,0,0,0,0,0,0,0,0,0,0,0,0,0,0,0,0,0,0,0,0,0,0,0,0,0,0,0,0,0,0,0,0,0,0,0,0,0,0,0,0,0,0,0,0,0,0,0,0,0,0,0,0,0,0,0,0,0,0,0,0,0,0,0,0,0,0,0,1,1.86923930269414
Kline Township Police Department,1998-03-01,Pennsylvania,1648,PA05438,0,0,0,0,0,0,0,0,0,0,0,0,0,0,0,0,0,0,0,1,0,1,0,0,0,0,0,0,0,0,1,0,0,0,0,0,0,0,0,0,0,0,0,0,0,0,0,0,0,0,0,0,0,0,93,0,93,93,0,0,0,0,0,0,0,0,93,0,0,93,0,0,0,0,0,0,0,0,93,0,0,0,0,0,0,0,0,0,0,0,0,1,1.86923930269414
Kline Township Police Department,1998-04-01,Pennsylvania,1648,PA05438,0,0,0,0,0,0,0,0,0,0,0,0,0,0,0,0,0,0,0,0,0,0,0,0,0,0,0,0,0,0,0,0,0,0,0,0,0,0,0,0,0,0,0,0,0,0,0,0,0,0,0,0,0,0,0,0,0,0,0,0,0,0,0,0,0,0,0,0,0,0,0,0,0,0,0,0,0,0,0,0,0,0,0,0,0,0,0,0,0,0,0,1,1.86923930269414
Kline Township Police Department,1998-05-01,Pennsylvania,1648,PA05438,0,0,0,0,0,0,0,0,0,0,0,0,0,0,0,0,0,0,1,0,0,1,0,0,0,0,0,0,0,1,0,0,0,0,0,0,0,0,0,0,0,0,0,0,0,0,0,0,0,0,0,0,0,2,0,0,2,2,0,0,0,0,0,0,0,2,0,0,2,0,0,0,0,0,0,0,0,0,2,0,2,0,0,0,0,0,0,0,0,0,2,1,1.86923930269414
Kline Township Police Department,1998-06-01,Pennsylvania,1648,PA05438,0,0,0,0,0,0,0,0,0,0,0,0,0,0,0,0,0,0,0,1,0,1,1,0,0,0,0,0,0,0,0,0,0,0,0,0,0,0,0,0,0,0,0,0,0,0,0,0,0,0,0,0,0,0,374,0,374,374,374,0,0,0,0,0,0,0,0,0,0,0,0,0,0,0,0,374,0,0,374,0,0,0,0,0,0,0,0,0,0,0,0,1,1.86923930269414
Kline Township Police Department,1998-07-01,Pennsylvania,1648,PA05438,0,0,0,0,0,0,0,0,0,0,0,0,0,0,0,0,0,0,2,6,1,9,0,0,0,1,7,0,0,0,1,0,0,0,0,0,0,0,0,0,0,0,0,0,0,0,0,0,0,0,0,0,0,181,750,449,1379,1379,0,0,0,449,650,0,0,0,280,0,785,90,0,0,0,0,0,0,0,505,1379,0,0,0,0,0,0,0,0,0,0,0,0,1,1.86923930269414
Kline Township Police Department,1998-08-01,Pennsylvania,1648,PA05438,0,0,0,0,0,0,0,0,0,0,0,0,0,0,0,0,0,0,0,1,2,3,1,0,0,0,2,0,0,0,0,0,0,0,0,0,0,0,0,0,0,0,0,0,0,0,0,0,0,0,0,0,0,0,350,1120,1469,1469,654,0,0,0,815,0,0,0,0,0,815,0,0,0,0,0,0,654,0,0,1469,0,0,0,0,0,0,0,0,0,0,0,0,1,1.86923930269414
Kline Township Police Department,1998-09-01,Pennsylvania,1648,PA05438,1,0,0,0,0,0,1,0,0,0,0,0,0,0,0,0,0,0,1,0,2,3,0,0,0,0,1,0,0,1,1,0,0,0,0,0,748,0,0,0,0,748,0,0,0,0,0,0,0,0,0,0,0,13,0,935,948,1695,0,0,0,0,374,0,0,13,561,0,0,480,0,0,0,0,0,561,0,654,1695,0,0,13,0,0,0,0,0,0,0,0,13,1,1.86923930269414
Kline Township Police Department,1998-10-01,Pennsylvania,1648,PA05438,0,0,0,0,0,0,0,0,0,0,0,0,0,0,0,0,0,0,0,0,0,0,0,0,0,0,0,0,0,0,0,0,0,0,0,0,0,0,0,0,0,0,0,0,0,0,0,0,0,0,0,0,0,0,0,0,0,0,0,0,0,0,0,0,0,0,0,0,0,0,0,0,0,0,0,0,0,0,0,0,0,0,0,0,0,0,0,0,0,0,0,1,1.86923930269414
Kline Township Police Department,1998-11-01,Pennsylvania,1648,PA05438,0,0,0,0,0,0,0,0,0,0,0,0,0,0,0,0,0,0,1,1,0,2,0,0,0,0,0,0,0,0,2,0,0,0,0,0,0,0,0,0,0,0,0,0,0,0,0,0,0,0,0,0,0,60,183,0,243,243,0,0,0,0,0,0,0,0,243,0,243,0,0,0,0,0,0,0,0,0,243,0,0,0,0,0,0,0,0,0,0,0,0,1,1.86923930269414
Kline Township Police Department,1998-12-01,Pennsylvania,1648,PA05438,0,0,0,0,0,0,0,0,0,0,0,0,0,0,0,0,0,0,0,0,1,1,0,0,0,1,0,0,0,0,0,0,0,0,0,0,0,0,0,0,0,0,0,0,0,0,0,0,0,0,0,0,0,0,0,561,561,561,0,0,0,561,0,0,0,0,0,0,0,0,0,0,0,0,0,561,0,0,561,0,0,0,0,0,0,0,0,0,0,0,0,1,1.86923930269414
Kline Township Police Department,1999-01-01,Pennsylvania,1618,PA05438,0,0,0,0,0,0,0,0,0,0,0,0,0,0,0,0,0,0,1,0,0,1,0,0,0,0,0,0,0,1,0,0,0,0,0,0,0,0,0,0,0,0,0,0,0,0,0,0,0,0,0,0,0,11,0,0,11,11,0,0,0,0,0,0,0,11,0,0,11,0,0,0,0,0,0,0,0,0,11,0,11,0,0,0,0,0,0,0,0,0,11,1,1.82921556856271
Kline Township Police Department,1999-02-01,Pennsylvania,1618,PA05438,0,0,0,0,0,0,0,0,0,0,0,0,0,0,0,0,0,0,1,0,0,1,0,0,0,0,0,0,0,1,0,0,0,0,0,0,0,0,0,0,0,0,0,0,0,0,0,0,0,0,0,0,0,13,0,0,13,13,0,0,0,0,0,0,0,13,0,0,0,0,0,13,0,0,0,0,0,0,13,0,0,0,0,13,0,0,0,0,0,0,13,1,1.82921556856271
Kline Township Police Department,1999-03-01,Pennsylvania,1618,PA05438,0,0,0,0,0,0,0,0,0,0,0,0,0,0,0,0,0,0,1,0,2,3,0,0,0,0,0,0,0,3,0,0,0,0,0,0,0,0,0,0,0,0,0,0,0,0,0,0,0,0,0,0,0,46,0,931,977,977,0,0,0,0,0,0,0,977,0,0,0,0,0,0,0,0,0,977,0,0,977,0,0,0,0,0,0,0,0,0,0,0,0,1,1.82921556856271
Kline Township Police Department,1999-04-01,Pennsylvania,1618,PA05438,0,0,0,0,0,0,0,0,0,0,0,0,0,0,0,0,0,0,1,1,0,2,0,1,0,0,0,0,0,1,0,0,0,0,0,0,0,0,0,0,0,0,0,0,0,0,0,0,0,0,0,0,0,20,163,0,183,183,0,163,0,0,0,0,0,20,0,0,20,0,0,0,0,0,0,163,0,0,183,0,20,0,0,0,0,0,0,163,0,0,183,1,1.82921556856271
Kline Township Police Department,1999-05-01,Pennsylvania,1618,PA05438,0,0,0,0,0,0,0,0,0,0,0,0,0,0,0,0,0,0,1,0,0,1,0,0,0,1,0,0,0,0,0,0,0,0,0,0,0,0,0,0,0,0,0,0,0,0,0,0,0,0,0,0,0,73,0,0,73,73,0,0,0,73,0,0,0,0,0,0,0,0,0,0,0,0,0,73,0,0,73,0,0,0,0,0,0,0,0,0,0,0,0,1,1.82921556856271
Kline Township Police Department,1999-06-01,Pennsylvania,1618,PA05438,0,0,0,0,0,0,0,0,0,0,0,0,0,0,0,0,0,0,1,1,0,2,0,0,0,0,0,0,0,2,0,0,0,0,0,0,0,0,0,0,0,0,0,0,0,0,0,0,0,0,0,0,0,13,230,0,243,243,0,0,0,0,0,0,0,243,0,0,243,0,0,0,0,0,0,0,0,0,243,0,243,0,0,0,0,0,0,0,0,0,243,1,1.82921556856271
Kline Township Police Department,1999-07-01,Pennsylvania,1618,PA05438,0,0,0,0,0,0,0,0,0,0,0,0,0,0,0,0,0,0,0,0,0,0,0,0,0,0,0,0,0,0,0,0,0,0,0,0,0,0,0,0,0,0,0,0,0,0,0,0,0,0,0,0,0,0,0,0,0,0,0,0,0,0,0,0,0,0,0,0,0,0,0,0,0,0,0,0,0,0,0,0,0,0,0,0,0,0,0,0,0,0,0,1,1.82921556856271
Kline Township Police Department,1999-08-01,Pennsylvania,1618,PA05438,0,0,0,0,0,0,0,0,0,0,0,0,0,0,0,0,0,0,1,0,1,2,0,0,1,0,0,0,0,0,1,0,0,0,0,0,0,0,0,0,0,0,0,0,0,0,0,0,0,0,0,0,0,55,0,732,787,787,0,0,55,0,0,0,0,0,732,0,0,732,0,55,0,0,0,0,0,0,787,0,0,0,0,0,0,0,0,0,0,0,0,1,1.82921556856271
Kline Township Police Department,1999-09-01,Pennsylvania,1618,PA05438,0,0,0,0,0,0,0,0,0,0,0,0,0,0,0,0,0,0,0,1,0,1,0,0,0,0,1,0,0,0,0,0,0,0,0,0,0,0,0,0,0,0,0,0,0,0,0,0,0,0,0,0,0,0,220,0,220,220,0,0,0,0,220,0,0,0,0,0,0,220,0,0,0,0,0,0,0,0,220,0,0,0,0,0,0,0,0,0,0,0,0,1,1.82921556856271
Kline Township Police Department,1999-10-01,Pennsylvania,1618,PA05438,0,0,0,0,0,0,0,0,0,0,0,0,0,0,0,0,0,0,1,2,1,4,0,0,0,1,3,0,0,0,0,0,0,0,0,0,0,0,0,0,0,0,0,0,0,0,0,0,0,0,0,0,0,4,346,732,1081,1081,0,0,0,201,880,0,0,0,0,0,349,732,0,0,0,0,0,0,0,0,1081,0,49,0,0,0,0,0,0,0,0,0,49,1,1.82921556856271
Kline Township Police Department,1999-11-01,Pennsylvania,1618,PA05438,0,0,0,0,0,0,0,0,0,0,0,0,0,0,0,0,0,0,0,0,0,0,0,0,0,0,0,0,0,0,0,0,0,0,0,0,0,0,0,0,0,0,0,0,0,0,0,0,0,0,0,0,0,0,0,0,0,0,0,0,0,0,0,0,0,0,0,0,0,0,0,0,0,0,0,0,0,0,0,0,0,0,0,0,0,0,0,0,0,0,0,1,1.82921556856271
Kline Township Police Department,1999-12-01,Pennsylvania,1618,PA05438,0,0,0,0,0,0,0,0,0,0,0,0,0,0,0,0,0,0,0,0,2,2,0,0,0,1,1,0,0,0,0,0,0,0,0,0,0,0,0,0,0,0,0,0,0,0,0,0,0,0,0,0,0,0,0,2012,2012,2012,0,0,0,549,1463,0,0,0,0,0,0,1463,0,0,0,0,0,549,0,0,2012,0,0,1463,0,0,0,0,0,0,0,0,1463,1,1.82921556856271
