agency,year,state,population,ORI,offenses_burg_resident_day,offenses_burg_resident_night,offenses_burg_resident_unk,offenses_burg_nonresident_day,offenses_burg_nonresident_night,offenses_burg_nonresident_unk,offenses_burg_total,offenses_motor_vehicle_theft,offenses_murder,offenses_rape,offenses_robbery_bank,offenses_robbery_chain_store,offenses_robbery_gas_station,offenses_robbery_highway,offenses_robbery_house,offenses_robbery_misc,offenses_robbery_residence,offenses_robbery_total,offenses_theft_under_50,offenses_theft_50_to_200,offenses_theft_over_200,offenses_theft_total,offenses_theft_auto_part,offenses_theft_bicycle,offenses_theft_coin_machine,offenses_theft_from_auto,offenses_theft_from_building,offenses_theft_pick_pocket,offenses_theft_purse_snatch,offenses_theft_shoplift,offenses_theft_all_other,auto_stolen_recover_local,auto_stolen_recovered_other,auto_theft_total,auto_stole_oth_recover_local,value_burg_resident_night,value_burg_resident_day,value_burg_resident_unk,value_burg_nonresident_night,value_burg_nonresident_day,value_burg_nonresident_unk,value_burg_total,value_motor_vehicle_theft,value_murder,value_rape,value_robbery_bank,value_robbery_chain_store,value_robbery_gas_station,value_robbery_highway,value_robbery_house,value_robbery_misc,value_robbery_residence,value_robbery_total,value_theft_under_50,value_theft_50_to_200,value_theft_over_200,value_theft_total,value_total_all_values,value_theft_auto_part,value_theft_bicycle,value_theft_coin_machine,value_theft_from_auto,value_theft_from_building,value_theft_pick_pocket,value_theft_purse_snatch,value_theft_shoplift,value_theft_all_other,value_stolen_clothing_or_fur,value_stolen_consumable_good,value_stolen_currency,value_stolen_guns,value_stolen_household_good,value_stolen_jewel_metal,value_stolen_livestock,value_stolen_local_mtr_veh,value_stolen_misc,value_stolen_office_equip,value_stolen_tv_and_radio,value_stolen_total,value_recovered_clothing_or_fur,value_recovered_consumable_good,value_recovered_currency,value_recovered_guns,value_recovered_house_good,value_recovered_jewel_metal,value_recovered_livestock,value_recovered_local_mtv_veh,value_recovered_misc,value_recovered_office_equip,value_recovered_tv_and_radio,value_recovered_total,price,in_2023_dollars
Canton Borough Police Department,2017-01-01,Pennsylvania,1883,PA00802,0,0,0,0,0,0,0,0,0,0,0,0,0,0,0,0,0,0,1,0,0,1,0,0,0,0,0,0,0,1,0,0,0,0,0,0,0,0,0,0,0,0,0,0,0,0,0,0,0,0,0,0,0,4,0,0,4,4,0,0,0,0,0,0,0,4,0,0,4,0,0,0,0,0,0,0,0,0,4,0,0,0,0,0,0,0,0,0,0,0,0,1,1.24307319386626
Canton Borough Police Department,2017-02-01,Pennsylvania,1883,PA00802,0,0,0,0,0,0,0,0,0,0,0,0,0,0,0,0,0,0,0,0,0,0,0,0,0,0,0,0,0,0,0,0,0,0,0,0,0,0,0,0,0,0,0,0,0,0,0,0,0,0,0,0,0,0,0,0,0,0,0,0,0,0,0,0,0,0,0,0,0,0,0,0,0,0,0,0,0,0,0,0,0,0,0,0,0,0,0,0,0,0,0,1,1.24307319386626
Canton Borough Police Department,2017-03-01,Pennsylvania,1883,PA00802,0,0,0,0,0,0,0,0,0,0,0,0,0,0,0,0,0,0,1,0,1,2,0,0,0,0,2,0,0,0,0,0,0,0,0,0,0,0,0,0,0,0,0,0,0,0,0,0,0,0,0,0,0,37,0,746,783,783,0,0,0,0,783,0,0,0,0,0,37,0,0,0,0,0,0,0,746,0,783,0,0,0,0,0,0,0,0,0,0,0,0,1,1.24307319386626
Canton Borough Police Department,2017-04-01,Pennsylvania,1883,PA00802,0,0,0,0,0,0,0,0,0,0,0,0,0,0,0,0,0,0,0,0,0,0,0,0,0,0,0,0,0,0,0,0,0,0,0,0,0,0,0,0,0,0,0,0,0,0,0,0,0,0,0,0,0,0,0,0,0,0,0,0,0,0,0,0,0,0,0,0,0,0,0,0,0,0,0,0,0,0,0,0,0,0,0,0,0,0,0,0,0,0,0,1,1.24307319386626
Canton Borough Police Department,2017-05-01,Pennsylvania,1883,PA00802,0,0,0,0,0,0,0,0,0,0,0,0,0,0,0,0,0,0,0,0,0,0,0,0,0,0,0,0,0,0,0,0,0,0,0,0,0,0,0,0,0,0,0,0,0,0,0,0,0,0,0,0,0,0,0,0,0,0,0,0,0,0,0,0,0,0,0,0,0,0,0,0,0,0,0,0,0,0,0,0,0,0,0,0,0,0,0,0,0,0,0,1,1.24307319386626
Canton Borough Police Department,2017-06-01,Pennsylvania,1883,PA00802,0,0,0,0,0,0,0,0,0,0,0,0,0,0,0,0,0,0,0,0,0,0,0,0,0,0,0,0,0,0,0,0,0,0,0,0,0,0,0,0,0,0,0,0,0,0,0,0,0,0,0,0,0,0,0,0,0,0,0,0,0,0,0,0,0,0,0,0,0,0,0,0,0,0,0,0,0,0,0,0,0,0,0,0,0,0,0,0,0,0,0,1,1.24307319386626
Canton Borough Police Department,2017-07-01,Pennsylvania,1883,PA00802,0,1,0,0,0,0,1,0,0,0,0,0,0,0,0,0,0,0,0,1,0,1,0,0,0,0,1,0,0,0,0,0,0,0,0,224,0,0,0,0,0,224,0,0,0,0,0,0,0,0,0,0,0,0,75,0,75,298,0,0,0,0,75,0,0,0,0,0,0,124,0,0,0,0,0,0,174,0,298,0,0,0,0,0,0,0,0,0,0,0,0,1,1.24307319386626
Canton Borough Police Department,2017-08-01,Pennsylvania,1883,PA00802,1,0,0,0,0,0,1,0,0,0,0,0,0,0,0,0,0,0,0,1,1,2,0,1,0,0,1,0,0,0,0,0,0,0,0,0,75,0,0,0,0,75,0,0,0,0,0,0,0,0,0,0,0,0,124,410,535,609,0,124,0,0,410,0,0,0,0,0,0,0,0,410,0,0,0,124,75,0,609,0,0,0,0,0,0,0,0,0,0,0,0,1,1.24307319386626
Canton Borough Police Department,2017-09-01,Pennsylvania,1883,PA00802,1,0,0,0,0,0,1,0,0,0,0,0,0,0,0,0,0,0,1,0,0,1,0,0,0,0,0,0,0,1,0,0,0,0,0,0,249,0,0,0,0,249,0,0,0,0,0,0,0,0,0,0,0,15,0,0,15,264,0,0,0,0,0,0,0,15,0,0,15,0,0,0,0,0,0,249,0,0,264,0,0,0,0,0,0,0,0,0,0,0,0,1,1.24307319386626
Canton Borough Police Department,2017-10-01,Pennsylvania,1883,PA00802,0,0,0,0,0,0,0,0,0,0,0,0,0,0,0,0,0,0,0,0,0,0,0,0,0,0,0,0,0,0,0,0,0,0,0,0,0,0,0,0,0,0,0,0,0,0,0,0,0,0,0,0,0,0,0,0,0,0,0,0,0,0,0,0,0,0,0,0,0,0,0,0,0,0,0,0,0,0,0,0,0,0,0,0,0,0,0,0,0,0,0,1,1.24307319386626
Canton Borough Police Department,2017-11-01,Pennsylvania,1883,PA00802,0,0,0,0,0,0,0,0,0,0,0,0,0,0,0,0,0,0,0,0,0,0,0,0,0,0,0,0,0,0,0,0,0,0,0,0,0,0,0,0,0,0,0,0,0,0,0,0,0,0,0,0,0,0,0,0,0,0,0,0,0,0,0,0,0,0,0,0,0,0,0,0,0,0,0,0,0,0,0,0,0,0,0,0,0,0,0,0,0,0,0,1,1.24307319386626
Canton Borough Police Department,2017-12-01,Pennsylvania,1883,PA00802,0,0,0,0,0,0,0,0,0,0,0,0,0,0,0,0,0,0,0,0,0,0,0,0,0,0,0,0,0,0,0,0,0,0,0,0,0,0,0,0,0,0,0,0,0,0,0,0,0,0,0,0,0,0,0,0,0,0,0,0,0,0,0,0,0,0,0,0,0,0,0,0,0,0,0,0,0,0,0,0,0,0,0,0,0,0,0,0,0,0,0,1,1.24307319386626
Canton Borough Police Department,2018-01-01,Pennsylvania,1881,PA00802,0,0,0,0,0,0,0,0,0,0,0,0,0,0,0,0,0,0,0,0,0,0,0,0,0,0,0,0,0,0,0,0,0,0,0,0,0,0,0,0,0,0,0,0,0,0,0,0,0,0,0,0,0,0,0,0,0,0,0,0,0,0,0,0,0,0,0,0,0,0,0,0,0,0,0,0,0,0,0,0,0,0,0,0,0,0,0,0,0,0,0,1,1.21343405628813
Canton Borough Police Department,2018-02-01,Pennsylvania,1881,PA00802,0,0,0,0,0,0,0,0,0,0,0,0,0,0,0,0,0,0,0,1,0,1,0,1,0,0,0,0,0,0,0,0,0,0,0,0,0,0,0,0,0,0,0,0,0,0,0,0,0,0,0,0,0,0,243,0,243,243,0,243,0,0,0,0,0,0,0,0,0,0,0,0,0,0,0,243,0,0,243,0,0,0,0,0,0,0,0,243,0,0,243,1,1.21343405628813
Canton Borough Police Department,2018-03-01,Pennsylvania,1881,PA00802,0,0,0,0,0,0,0,0,0,0,0,0,0,0,0,0,0,0,0,0,0,0,0,0,0,0,0,0,0,0,0,0,0,0,0,0,0,0,0,0,0,0,0,0,0,0,0,0,0,0,0,0,0,0,0,0,0,0,0,0,0,0,0,0,0,0,0,0,0,0,0,0,0,0,0,0,0,0,0,0,0,0,0,0,0,0,0,0,0,0,0,1,1.21343405628813
Canton Borough Police Department,2018-04-01,Pennsylvania,1881,PA00802,0,0,0,0,0,0,0,0,0,0,0,0,0,0,0,0,0,0,0,0,0,0,0,0,0,0,0,0,0,0,0,0,0,0,0,0,0,0,0,0,0,0,0,0,0,0,0,0,0,0,0,0,0,0,0,0,0,0,0,0,0,0,0,0,0,0,0,0,0,0,0,0,0,0,0,0,0,0,0,0,0,0,0,0,0,0,0,0,0,0,0,1,1.21343405628813
Canton Borough Police Department,2018-05-01,Pennsylvania,1881,PA00802,0,0,0,0,0,0,0,0,0,0,0,0,0,0,0,0,0,0,0,0,0,0,0,0,0,0,0,0,0,0,0,0,0,0,0,0,0,0,0,0,0,0,0,0,0,0,0,0,0,0,0,0,0,0,0,0,0,0,0,0,0,0,0,0,0,0,0,0,0,0,0,0,0,0,0,0,0,0,0,0,0,0,0,0,0,0,0,0,0,0,0,1,1.21343405628813
Canton Borough Police Department,2018-06-01,Pennsylvania,1881,PA00802,0,0,0,0,0,0,0,0,0,0,0,0,0,0,0,0,0,0,0,0,1,1,0,0,0,1,0,0,0,0,0,0,0,0,0,0,0,0,0,0,0,0,0,0,0,0,0,0,0,0,0,0,0,0,0,312,312,312,0,0,0,312,0,0,0,0,0,0,0,312,0,0,0,0,0,0,0,0,312,0,0,0,0,0,0,0,0,0,0,0,0,1,1.21343405628813
Canton Borough Police Department,2018-07-01,Pennsylvania,1881,PA00802,0,0,0,0,0,0,0,0,0,0,0,0,0,0,0,0,0,0,0,0,0,0,0,0,0,0,0,0,0,0,0,0,0,0,0,0,0,0,0,0,0,0,0,0,0,0,0,0,0,0,0,0,0,0,0,0,0,0,0,0,0,0,0,0,0,0,0,0,0,0,0,0,0,0,0,0,0,0,0,0,0,0,0,0,0,0,0,0,0,0,0,1,1.21343405628813
Canton Borough Police Department,2018-08-01,Pennsylvania,1881,PA00802,0,0,0,0,0,0,0,0,0,0,0,0,0,0,0,0,0,0,0,0,0,0,0,0,0,0,0,0,0,0,0,0,0,0,0,0,0,0,0,0,0,0,0,0,0,0,0,0,0,0,0,0,0,0,0,0,0,0,0,0,0,0,0,0,0,0,0,0,0,0,0,0,0,0,0,0,0,0,0,0,0,0,0,0,0,0,0,0,0,0,0,1,1.21343405628813
Canton Borough Police Department,2018-09-01,Pennsylvania,1881,PA00802,0,0,0,0,0,0,0,0,0,0,0,0,0,0,0,0,0,0,0,1,1,2,0,0,0,0,1,0,0,0,1,0,0,0,0,0,0,0,0,0,0,0,0,0,0,0,0,0,0,0,0,0,0,0,243,2439,2682,2682,0,0,0,0,2439,0,0,0,243,0,0,2682,0,0,0,0,0,0,0,0,2682,0,0,0,0,0,0,0,0,0,0,0,0,1,1.21343405628813
Canton Borough Police Department,2018-10-01,Pennsylvania,1881,PA00802,0,0,0,0,0,0,0,0,0,1,0,0,0,0,0,0,0,0,0,0,0,0,0,0,0,0,0,0,0,0,0,0,0,0,0,0,0,0,0,0,0,0,0,0,0,0,0,0,0,0,0,0,0,0,0,0,0,0,0,0,0,0,0,0,0,0,0,0,0,0,0,0,0,0,0,0,0,0,0,0,0,0,0,0,0,0,0,0,0,0,0,1,1.21343405628813
Canton Borough Police Department,2018-11-01,Pennsylvania,1881,PA00802,0,0,0,0,0,0,0,1,0,0,0,0,0,0,0,0,0,0,0,1,0,1,0,0,0,0,1,0,0,0,0,0,0,0,0,0,0,0,0,0,0,0,971,0,0,0,0,0,0,0,0,0,0,0,91,0,91,2033,0,0,0,0,91,0,0,0,0,0,0,0,0,0,0,0,971,91,0,0,1062,0,0,0,0,0,0,0,971,91,0,0,1062,1,1.21343405628813
Canton Borough Police Department,2018-12-01,Pennsylvania,1881,PA00802,0,0,0,0,0,0,0,0,0,0,0,0,0,0,0,0,0,0,1,0,1,2,0,0,0,0,2,0,0,0,0,0,0,0,0,0,0,0,0,0,0,0,0,0,0,0,0,0,0,0,0,0,0,5,0,243,248,248,0,0,0,0,248,0,0,0,0,0,5,0,0,0,0,0,0,0,0,243,248,0,5,0,0,0,0,0,0,0,0,243,248,1,1.21343405628813
Canton Borough Police Department,2019-01-01,Pennsylvania,1878,PA00802,0,0,0,0,0,0,0,0,0,0,0,0,0,0,0,0,0,0,0,0,0,0,0,0,0,0,0,0,0,0,0,0,0,0,0,0,0,0,0,0,0,0,0,0,0,0,0,0,0,0,0,0,0,0,0,0,0,0,0,0,0,0,0,0,0,0,0,0,0,0,0,0,0,0,0,0,0,0,0,0,0,0,0,0,0,0,0,0,0,0,0,1,1.19183549339627
Canton Borough Police Department,2019-02-01,Pennsylvania,1878,PA00802,0,0,0,0,0,0,0,0,0,0,0,0,0,0,0,0,0,0,0,0,0,0,0,0,0,0,0,0,0,0,0,0,0,0,0,0,0,0,0,0,0,0,0,0,0,0,0,0,0,0,0,0,0,0,0,0,0,0,0,0,0,0,0,0,0,0,0,0,0,0,0,0,0,0,0,0,0,0,0,0,0,0,0,0,0,0,0,0,0,0,0,1,1.19183549339627
Canton Borough Police Department,2019-03-01,Pennsylvania,1878,PA00802,0,0,0,0,0,0,0,0,0,0,0,0,0,0,0,0,0,0,0,0,0,0,0,0,0,0,0,0,0,0,0,0,0,0,0,0,0,0,0,0,0,0,0,0,0,0,0,0,0,0,0,0,0,0,0,0,0,0,0,0,0,0,0,0,0,0,0,0,0,0,0,0,0,0,0,0,0,0,0,0,0,0,0,0,0,0,0,0,0,0,0,1,1.19183549339627
Canton Borough Police Department,2019-04-01,Pennsylvania,1878,PA00802,0,0,0,0,0,0,0,0,0,0,0,0,0,0,0,0,0,0,0,0,0,0,0,0,0,0,0,0,0,0,0,0,0,0,0,0,0,0,0,0,0,0,0,0,0,0,0,0,0,0,0,0,0,0,0,0,0,0,0,0,0,0,0,0,0,0,0,0,0,0,0,0,0,0,0,0,0,0,0,0,0,0,0,0,0,0,0,0,0,0,0,1,1.19183549339627
Canton Borough Police Department,2019-05-01,Pennsylvania,1878,PA00802,0,0,0,0,0,0,0,0,0,0,0,0,0,0,0,0,0,0,0,0,0,0,0,0,0,0,0,0,0,0,0,0,0,0,0,0,0,0,0,0,0,0,0,0,0,0,0,0,0,0,0,0,0,0,0,0,0,0,0,0,0,0,0,0,0,0,0,0,0,0,0,0,0,0,0,0,0,0,0,0,0,0,0,0,0,0,0,0,0,0,0,1,1.19183549339627
Canton Borough Police Department,2019-06-01,Pennsylvania,1878,PA00802,0,0,0,0,0,0,0,0,0,0,0,0,0,0,0,0,0,0,0,0,0,0,0,0,0,0,0,0,0,0,0,0,0,0,0,0,0,0,0,0,0,0,0,0,0,0,0,0,0,0,0,0,0,0,0,0,0,0,0,0,0,0,0,0,0,0,0,0,0,0,0,0,0,0,0,0,0,0,0,0,0,0,0,0,0,0,0,0,0,0,0,1,1.19183549339627
Canton Borough Police Department,2019-07-01,Pennsylvania,1878,PA00802,0,0,0,0,0,0,0,0,0,0,0,0,0,0,0,0,0,0,0,0,0,0,0,0,0,0,0,0,0,0,0,0,0,0,0,0,0,0,0,0,0,0,0,0,0,0,0,0,0,0,0,0,0,0,0,0,0,0,0,0,0,0,0,0,0,0,0,0,0,0,0,0,0,0,0,0,0,0,0,0,0,0,0,0,0,0,0,0,0,0,0,1,1.19183549339627
Canton Borough Police Department,2019-08-01,Pennsylvania,1878,PA00802,0,0,0,0,0,0,0,0,0,0,0,0,0,0,0,0,0,0,0,0,0,0,0,0,0,0,0,0,0,0,0,0,0,0,0,0,0,0,0,0,0,0,0,0,0,0,0,0,0,0,0,0,0,0,0,0,0,0,0,0,0,0,0,0,0,0,0,0,0,0,0,0,0,0,0,0,0,0,0,0,0,0,0,0,0,0,0,0,0,0,0,1,1.19183549339627
Canton Borough Police Department,2019-09-01,Pennsylvania,1878,PA00802,0,0,0,0,0,0,0,0,0,0,0,0,0,0,0,0,0,0,0,0,0,0,0,0,0,0,0,0,0,0,0,100,0,0,0,0,0,0,0,0,0,0,0,0,0,0,0,0,0,0,0,0,0,0,0,0,0,0,0,0,0,0,0,0,0,0,0,0,0,0,0,11918,0,0,0,1192,0,0,0,11918,0,0,0,0,0,0,0,0,0,0,0,1,1.19183549339627
Canton Borough Police Department,2019-10-01,Pennsylvania,1878,PA00802,0,0,0,0,0,0,0,0,0,0,0,0,0,0,0,0,0,0,0,0,0,0,0,0,0,0,0,0,30,0,0,0,0,0,0,15,357550648,0,0,0,0,0,0,0,357550648,0,0,0,0,0,0,0,7746931,0,0,0,0,0,12,1192,36,0,0,0,0,0,0,0,0,7747,0,0,0,0,0,0,0,0,0,953468395,7747,0,0,0,7,0,0,0,0,0,0,1,1.19183549339627
Canton Borough Police Department,2019-11-01,Pennsylvania,1878,PA00802,0,0,650000,0,100000,0,750000,0,0,0,0,0,0,0,0,0,0,0,0,0,0,0,0,0,0,0,0,0,0,0,0,0,0,0,0,0,0,0,0,0,0,0,0,11918355,0,0,0,0,11918,1191835,119,0,0,0,0,0,0,0,0,0,0,0,0,0,0,0,0,0,0,0,0,0,0,18,0,0,18,0,14302,0,0,0,0,0,46481584,0,0,0,0,0,0,1,1.19183549339627
Canton Borough Police Department,2019-12-01,Pennsylvania,1878,PA00802,0,0,0,0,0,0,0,0,1500,0,0,0,0,0,0,0,0,0,0,0,27000,27000,0,0,0,0,0,0,0,0,0,0,0,0,0,0,0,0,0,0,0,0,0,0,0,0,0,0,322,0,0,0,178775,0,0,0,0,179,0,0,0,0,0,11918,0,0,0,357551,1192,0,0,0,0,0,0,1,358,0,0,0,0,11918,0,0,0,0,0,0,0,0,0,1,1.19183549339627
Canton Borough Police Department,2020-01-01,Pennsylvania,1850,PA00802,1,0,0,0,0,0,1,0,0,1,0,0,0,0,0,0,0,0,0,0,1,1,0,0,0,0,1,0,0,0,0,0,0,0,6450,0,0,0,0,0,0,0,0,0,0,0,0,0,0,0,0,0,0,59,0,0,0,0,0,58865618,0,0,759,0,0,0,0,7,0,0,0,0,0,0,1118446734,0,0,0,0,7594,0,0,0,0,0,0,0,759,0,0,0,1,1.17731235192711
Canton Borough Police Department,2020-02-01,Pennsylvania,1850,PA00802,0,0,0,0,0,0,0,69500,0,0,0,0,0,0,0,0,0,0,50000,0,0,50000,0,0,0,0,0,0,0,0,0,0,0,0,0,0,0,0,11773124,0,0,0,118,0,0,0,0,0,0,0,0,0,0,0,0,0,0,0,23546247,0,0,117731,23546,0,0,0,0,0,0,2355,0,0,0,0,0,0,0,0,0,0,0,0,0,0,0,0,0,0,0,0,0,1,1.17731235192711
Canton Borough Police Department,2020-03-01,Pennsylvania,1850,PA00802,0,0,0,0,0,2,2,0,0,0,0,0,0,0,0,0,0,0,0,0,0,0,0,0,0,0,0,0,0,0,0,0,0,0,0,0,95362,0,0,0,0,0,0,0,0,0,0,0,0,2366398,0,0,0,0,141277482,0,0,0,0,0,0,0,237,0,0,0,95362,0,0,0,0,0,0,0,0,0,0,0,0,954,0,0,0,0,0,0,117731,0,0,0,0,1,1.17731235192711
Canton Borough Police Department,2020-04-01,Pennsylvania,1850,PA00802,0,10000,0,0,0,0,10000,0,0,0,0,0,0,0,0,0,10000,10000,0,0,10000,10000,0,0,0,0,0,0,0,0,0,0,0,0,0,0,0,0,0,0,0,0,0,0,0,0,0,0,0,0,0,0,0,0,0,0,1177,0,1295044,4,0,0,235462470,0,0,1177,0,0,0,0,0,0,0,0,0,0,0,11773,0,0,0,0,1295,0,1177,0,0,0,0,0,0,1,1.17731235192711
Canton Borough Police Department,2020-05-01,Pennsylvania,1850,PA00802,0,0,0,0,0,0,0,0,0,0,0,0,0,0,0,0,0,0,0,0,0,0,0,0,0,0,0,0,0,0,0,0,0,0,0,0,0,0,0,0,0,0,0,0,0,0,0,0,0,0,0,0,0,0,0,0,0,0,0,0,0,0,0,0,0,0,0,0,0,0,0,0,0,0,0,0,0,0,0,0,0,0,0,0,0,0,0,0,0,0,0,1,1.17731235192711
Canton Borough Police Department,2020-06-01,Pennsylvania,1850,PA00802,0,0,0,0,0,0,0,0,0,0,0,0,0,0,0,0,0,0,0,0,0,0,0,0,0,0,0,0,0,0,0,0,0,0,0,0,0,0,0,0,0,0,0,0,0,0,0,0,0,0,0,0,0,0,0,0,0,0,0,0,0,0,0,0,0,0,0,0,0,0,0,0,0,0,0,0,0,0,0,0,0,0,0,0,0,0,0,0,0,0,0,1,1.17731235192711
Canton Borough Police Department,2020-07-01,Pennsylvania,1850,PA00802,0,0,0,0,0,0,0,0,0,0,0,0,0,0,0,0,0,0,0,0,0,0,0,0,0,0,0,0,0,0,0,0,0,0,0,0,0,0,0,0,0,0,0,0,0,0,0,0,0,0,0,0,0,0,0,0,0,0,0,0,0,0,0,0,0,0,0,0,0,0,0,0,0,0,0,0,0,0,0,0,0,0,0,0,0,0,0,0,0,0,0,1,1.17731235192711
Canton Borough Police Department,2020-08-01,Pennsylvania,1850,PA00802,0,0,0,0,0,0,0,0,0,0,0,0,0,0,0,0,0,0,0,0,0,0,0,0,0,0,0,0,0,0,0,0,0,0,0,0,0,0,0,0,0,0,0,0,0,0,0,0,0,0,0,0,0,0,0,0,0,0,0,0,0,0,0,0,0,0,0,0,0,0,0,0,0,0,0,0,0,0,0,0,0,0,0,0,0,0,0,0,0,0,0,1,1.17731235192711
Canton Borough Police Department,2020-09-01,Pennsylvania,1850,PA00802,0,0,0,0,0,0,0,0,0,0,0,0,0,0,0,0,0,0,0,0,0,0,0,0,0,0,0,0,0,0,0,100,0,0,0,0,0,0,0,0,0,0,0,0,0,0,0,0,0,0,0,0,0,0,0,0,0,0,0,0,0,0,0,0,0,0,0,0,0,0,0,0,0,0,0,0,0,0,0,11773,0,0,0,0,0,0,0,0,0,0,0,1,1.17731235192711
Canton Borough Police Department,2020-10-01,Pennsylvania,1850,PA00802,0,0,0,0,0,0,0,0,0,0,0,0,0,0,0,0,0,0,0,0,0,0,0,0,0,0,0,0,0,0,0,0,0,0,0,5,941849882,0,0,0,0,0,0,0,0,0,0,0,0,0,0,0,2825550,0,0,0,0,0,0,0,0,0,0,0,0,0,0,0,0,2826,0,0,0,0,0,0,0,0,0,470924941,0,0,0,0,2,0,0,0,0,0,0,1,1.17731235192711
Canton Borough Police Department,2020-11-01,Pennsylvania,1850,PA00802,0,0,0,0,0,0,0,0,0,0,0,0,0,0,0,0,0,0,0,0,0,0,0,0,0,0,0,0,0,0,0,0,0,0,0,0,0,0,0,0,0,0,0,0,0,0,0,0,0,0,0,0,0,0,0,0,0,0,0,0,0,0,0,0,0,0,0,0,0,0,0,0,0,0,0,0,0,0,0,0,0,0,0,0,0,0,0,0,0,0,0,1,1.17731235192711
Canton Borough Police Department,2020-12-01,Pennsylvania,1850,PA00802,0,0,0,0,0,0,0,0,0,0,0,0,0,0,0,0,0,0,0,0,0,0,0,0,0,0,0,0,0,0,0,0,0,0,0,0,0,0,0,0,0,0,0,0,0,0,0,0,0,0,0,0,0,0,0,0,0,0,0,0,0,0,0,11773,0,117731235,0,117731,1177,0,0,0,0,0,0,0,118,0,0,0,0,0,0,0,0,0,0,0,0,0,0,1,1.17731235192711
Canton Borough Police Department,2021-01-01,Pennsylvania,1844,PA00802,0,0,0,0,0,0,0,0,0,0,0,0,0,0,0,0,0,0,0,0,0,0,0,0,0,0,0,0,0,0,0,0,0,0,0,0,0,0,0,0,0,0,0,0,0,0,0,0,0,0,0,0,0,0,0,0,0,0,0,0,0,0,0,0,0,0,0,0,0,0,0,0,0,0,0,0,0,0,0,0,0,0,0,0,0,0,0,0,0,0,0,1,1.12448560525052
Canton Borough Police Department,2021-02-01,Pennsylvania,1844,PA00802,0,0,0,0,0,0,0,0,0,0,0,0,0,0,0,0,0,0,0,0,0,0,0,0,0,0,0,0,0,0,0,0,0,0,0,0,0,0,0,0,0,0,0,0,0,0,0,0,0,0,0,0,0,0,0,0,0,0,0,0,0,0,0,0,0,0,0,0,0,0,0,0,0,0,0,0,0,0,0,0,0,0,0,0,0,0,0,0,0,0,0,1,1.12448560525052
Canton Borough Police Department,2021-03-01,Pennsylvania,1844,PA00802,0,0,0,0,0,0,0,0,0,0,0,0,0,0,0,0,0,0,0,0,0,0,0,0,0,0,0,0,0,0,0,0,0,0,0,0,0,0,0,0,0,0,0,0,0,0,0,0,0,0,0,0,0,0,0,0,0,0,0,0,0,0,0,0,0,0,0,0,0,0,0,0,0,0,0,0,0,0,0,0,0,0,0,0,0,0,0,0,0,0,0,1,1.12448560525052
Canton Borough Police Department,2021-04-01,Pennsylvania,1844,PA00802,0,0,0,0,0,0,0,0,0,0,0,0,0,0,0,0,0,0,0,0,0,0,0,0,0,0,0,0,0,0,0,0,0,0,0,0,0,0,0,0,0,0,0,0,0,0,0,0,0,0,0,0,0,0,0,0,0,0,0,0,0,0,0,0,0,0,0,0,0,0,0,0,0,0,0,0,0,0,0,0,0,0,0,0,0,0,0,0,0,0,0,1,1.12448560525052
Canton Borough Police Department,2021-05-01,Pennsylvania,1844,PA00802,0,0,0,0,0,0,0,0,0,0,0,0,0,0,0,0,0,0,0,0,0,0,0,0,0,0,0,0,0,0,0,0,0,0,0,0,0,0,0,0,0,0,0,0,0,0,0,0,0,0,0,0,0,0,0,0,0,0,0,0,0,0,0,0,0,0,0,0,0,0,0,0,0,0,0,0,0,0,0,0,0,0,0,0,0,0,0,0,0,0,0,1,1.12448560525052
Canton Borough Police Department,2021-06-01,Pennsylvania,1844,PA00802,0,0,0,0,0,0,0,0,0,0,0,0,0,0,0,0,0,0,0,0,0,0,0,0,0,0,0,0,0,0,0,0,0,0,0,0,0,0,0,0,0,0,0,0,0,0,0,0,0,0,0,0,0,0,0,0,0,0,0,0,0,0,0,0,0,0,0,0,0,0,0,0,0,0,0,0,0,0,0,0,0,0,0,0,0,0,0,0,0,0,0,1,1.12448560525052
Canton Borough Police Department,2021-07-01,Pennsylvania,1844,PA00802,0,0,0,0,0,0,0,0,0,0,0,0,0,0,0,0,0,0,0,0,0,0,0,0,0,0,0,0,0,0,0,0,0,0,0,0,0,0,0,0,0,0,0,0,0,0,0,0,0,0,0,0,0,0,0,0,0,0,0,0,0,0,0,0,0,0,0,0,0,0,0,0,0,0,0,0,0,0,0,0,0,0,0,0,0,0,0,0,0,0,0,1,1.12448560525052
Canton Borough Police Department,2021-08-01,Pennsylvania,1844,PA00802,0,0,0,0,0,0,0,0,0,0,0,0,0,0,0,0,0,0,0,0,0,0,0,0,0,0,0,0,0,0,0,0,0,0,0,0,0,0,0,0,0,0,0,0,0,0,0,0,0,0,0,0,0,0,0,0,0,0,0,0,0,0,0,0,0,0,0,0,0,0,0,0,0,0,0,0,0,0,0,0,0,0,0,0,0,0,0,0,0,0,0,1,1.12448560525052
Canton Borough Police Department,2021-09-01,Pennsylvania,1844,PA00802,0,0,0,0,0,0,0,0,0,0,0,0,0,0,0,0,0,0,0,0,0,0,0,0,0,0,0,0,0,0,0,0,0,0,0,0,0,0,0,0,0,0,0,0,0,0,0,0,0,0,0,0,0,0,0,0,0,0,0,0,0,0,0,0,0,0,0,0,0,0,0,0,0,0,0,0,0,0,0,0,0,0,0,0,0,0,0,0,0,0,0,1,1.12448560525052
Canton Borough Police Department,2021-10-01,Pennsylvania,1844,PA00802,0,0,0,0,0,0,0,0,0,0,0,0,0,0,0,0,0,0,0,0,0,0,0,0,0,0,0,0,0,0,0,0,0,0,0,0,0,0,0,0,0,0,0,0,0,0,0,0,0,0,0,0,0,0,0,0,0,0,0,0,0,0,0,0,0,0,0,0,0,0,0,0,0,0,0,0,0,0,0,0,0,0,0,0,0,0,0,0,0,0,0,1,1.12448560525052
Canton Borough Police Department,2021-11-01,Pennsylvania,1844,PA00802,0,0,0,0,0,0,0,0,0,0,0,0,0,0,0,0,0,0,0,0,0,0,0,0,0,0,0,0,0,0,0,0,0,0,0,0,0,0,0,0,0,0,0,0,0,0,0,0,0,0,0,0,0,0,0,0,0,0,0,0,0,0,0,0,0,0,0,0,0,0,0,0,0,0,0,0,0,0,0,0,0,0,0,0,0,0,0,0,0,0,0,1,1.12448560525052
Canton Borough Police Department,2021-12-01,Pennsylvania,1844,PA00802,0,0,0,0,0,0,0,0,0,0,0,0,0,0,0,0,0,0,0,0,0,0,0,0,0,0,0,0,0,0,0,0,0,0,0,0,0,0,0,0,0,0,0,0,0,0,0,0,0,0,0,0,0,0,0,0,0,0,0,0,0,0,0,0,0,0,0,0,0,0,0,0,0,0,0,0,0,0,0,0,0,0,0,0,0,0,0,0,0,0,0,1,1.12448560525052
Canton Borough Police Department,2022-01-01,Pennsylvania,1720,PA00802,0,0,0,0,0,0,0,0,0,0,0,0,0,0,0,0,0,0,0,0,0,0,0,0,0,0,0,0,0,0,0,0,0,0,0,0,0,0,0,0,0,0,0,0,0,0,0,0,0,0,0,0,0,0,0,0,0,0,0,0,0,0,0,0,0,0,0,0,0,0,0,0,0,0,0,0,0,0,0,0,0,0,0,0,0,0,0,0,0,0,0,1,1.04116338383745
Canton Borough Police Department,2022-02-01,Pennsylvania,1720,PA00802,0,0,0,0,0,0,0,0,0,0,0,0,0,0,0,0,0,0,0,0,0,0,0,0,0,0,0,0,0,0,0,0,0,0,0,0,0,0,0,0,0,0,0,0,0,0,0,0,0,0,0,0,0,0,0,0,0,0,0,0,0,0,0,0,0,0,0,0,0,0,0,0,0,0,0,0,0,0,0,0,0,0,0,0,0,0,0,0,0,0,0,1,1.04116338383745
Canton Borough Police Department,2022-03-01,Pennsylvania,1720,PA00802,0,0,0,0,0,0,0,0,0,0,0,0,0,0,0,0,0,0,0,0,0,0,0,0,0,0,0,0,0,0,0,0,0,0,0,0,0,0,0,0,0,0,0,0,0,0,0,0,0,0,0,0,0,0,0,0,0,0,0,0,0,0,0,0,0,0,0,0,0,0,0,0,0,0,0,0,0,0,0,0,0,0,0,0,0,0,104116,0,0,0,0,1,1.04116338383745
Canton Borough Police Department,2022-04-01,Pennsylvania,1720,PA00802,0,0,0,0,0,0,0,0,0,0,0,0,0,0,0,0,10000,10000,0,0,10000,10000,0,0,0,0,0,0,0,0,0,0,0,0,0,0,0,0,0,0,0,0,0,0,0,0,0,0,0,0,0,0,0,0,0,0,3644,0,0,3,0,0,520581692,0,0,3644,0,0,0,0,0,0,0,0,0,0,0,36441,0,0,0,0,0,0,3644,0,0,0,0,0,0,1,1.04116338383745
Canton Borough Police Department,2022-05-01,Pennsylvania,1720,PA00802,0,0,0,0,0,0,0,0,0,0,0,0,0,0,0,0,0,0,0,0,0,0,0,0,0,0,0,0,0,0,0,0,0,0,0,0,0,0,0,0,0,0,0,0,0,0,0,0,0,0,0,0,0,0,0,0,0,0,0,0,0,0,0,0,0,0,0,0,0,0,0,0,0,0,0,0,0,0,0,0,0,0,0,0,0,0,0,0,0,0,0,1,1.04116338383745
Canton Borough Police Department,2022-06-01,Pennsylvania,1720,PA00802,0,0,0,0,0,0,0,0,0,0,0,0,0,0,0,0,0,0,0,0,0,0,0,0,0,0,0,0,0,0,0,0,0,0,0,0,0,0,0,0,0,0,0,0,0,0,0,0,0,0,0,0,0,0,0,0,0,0,0,0,0,0,0,0,0,0,0,0,0,0,0,0,0,0,0,0,0,0,0,0,0,0,0,0,0,0,0,0,0,0,0,1,1.04116338383745
Canton Borough Police Department,2022-07-01,Pennsylvania,1720,PA00802,0,0,0,0,0,0,0,0,0,0,0,0,0,0,0,0,0,0,0,0,0,0,0,0,0,0,0,0,0,0,0,0,0,0,0,0,0,0,0,0,0,0,0,0,0,0,0,0,0,0,0,0,0,0,0,0,0,0,0,0,0,0,0,0,0,0,0,0,0,0,0,0,0,0,0,0,0,0,0,0,0,0,0,0,0,0,0,0,0,0,0,1,1.04116338383745
Canton Borough Police Department,2022-08-01,Pennsylvania,1720,PA00802,0,0,0,0,0,0,0,0,0,0,0,0,0,0,0,0,0,0,0,0,0,0,0,0,0,0,0,0,0,0,0,0,0,0,0,0,0,0,0,0,0,0,0,0,0,0,0,0,0,0,0,0,0,0,0,0,0,0,0,0,0,0,0,0,0,0,0,0,0,0,0,0,0,0,0,0,0,0,0,0,0,0,0,0,0,0,0,0,0,0,0,1,1.04116338383745
Canton Borough Police Department,2022-09-01,Pennsylvania,1720,PA00802,0,0,0,0,0,0,0,0,0,0,0,0,0,0,0,0,0,0,0,0,0,0,0,0,0,0,0,0,0,0,0,0,0,0,0,0,0,0,0,0,0,0,0,0,0,0,0,0,0,0,0,0,0,0,0,0,0,0,0,0,0,0,0,0,0,0,0,0,0,0,0,0,0,0,0,0,0,0,0,0,0,0,0,0,0,0,0,0,0,0,0,1,1.04116338383745
Canton Borough Police Department,2022-10-01,Pennsylvania,1720,PA00802,0,0,0,0,0,0,0,0,0,0,0,0,0,0,0,0,0,0,0,0,0,0,0,0,0,0,0,0,0,0,0,0,0,0,0,0,0,0,0,0,0,0,0,0,0,0,0,0,0,0,0,0,0,0,0,0,0,0,0,0,0,0,0,0,0,0,0,0,0,0,0,0,0,0,0,0,0,0,0,0,0,0,0,0,0,0,0,0,0,0,0,1,1.04116338383745
Canton Borough Police Department,2022-11-01,Pennsylvania,1720,PA00802,0,0,0,0,0,0,0,0,0,0,0,0,0,0,0,0,0,0,0,0,0,0,0,0,0,0,0,0,0,0,0,0,0,0,0,0,0,0,0,0,0,0,0,0,0,0,0,0,0,0,0,0,0,0,0,0,0,0,0,0,0,0,0,0,0,0,0,0,0,0,0,0,0,0,0,0,0,0,0,0,0,0,0,0,0,0,0,0,0,0,0,1,1.04116338383745
Canton Borough Police Department,2022-12-01,Pennsylvania,1720,PA00802,0,0,0,0,0,0,0,0,0,0,0,0,0,0,0,0,0,0,0,0,0,0,0,0,0,0,0,0,0,0,0,0,0,0,0,0,0,0,0,0,0,0,0,0,0,0,0,0,0,0,0,0,0,0,0,0,0,0,0,0,0,0,0,0,0,0,0,0,0,0,0,0,0,0,0,0,0,0,0,0,0,0,0,0,0,0,0,0,0,0,0,1,1.04116338383745
Canton Borough Police Department,2023-01-01,Pennsylvania,1717,PA00802,0,0,0,0,0,0,0,0,0,0,0,0,0,0,0,0,0,0,0,0,0,0,0,0,0,0,0,0,0,0,0,0,0,0,0,0,0,0,0,0,0,0,0,0,0,0,0,0,0,0,0,0,0,0,0,0,0,0,0,0,0,0,0,0,0,0,0,0,0,0,0,0,0,0,0,0,0,0,0,0,0,0,0,0,0,0,0,0,0,0,0,1,1
Canton Borough Police Department,2023-02-01,Pennsylvania,1717,PA00802,0,0,0,0,0,0,0,0,0,0,0,0,0,0,0,0,0,0,0,0,0,0,0,0,0,0,0,0,0,0,0,0,0,0,0,0,0,0,0,0,0,0,0,0,0,0,0,0,0,0,0,0,0,0,0,0,0,0,0,0,0,0,0,0,0,0,0,0,0,0,0,0,0,0,0,0,0,0,0,0,0,0,0,0,0,0,0,0,0,0,0,1,1
Canton Borough Police Department,2023-03-01,Pennsylvania,1717,PA00802,0,0,0,0,0,0,0,0,0,0,0,0,0,0,0,0,0,0,0,0,0,0,0,0,0,0,0,0,0,0,0,0,0,0,0,0,0,0,0,0,0,0,0,0,0,0,0,0,0,0,0,0,0,0,0,0,0,0,0,0,0,0,0,0,0,0,0,0,0,0,0,0,0,0,0,0,0,0,0,0,0,0,0,0,0,0,0,0,0,0,0,1,1
Canton Borough Police Department,2023-04-01,Pennsylvania,1717,PA00802,0,0,0,0,0,0,0,0,0,0,0,0,0,0,0,0,0,0,0,0,0,0,0,0,0,0,0,0,0,0,0,0,0,0,0,0,0,0,0,0,0,0,0,0,0,0,0,0,0,0,0,0,0,0,0,0,0,0,0,0,0,0,0,0,0,0,0,0,0,0,0,0,0,0,0,0,0,0,0,0,0,0,0,0,0,0,0,0,0,0,0,1,1
Canton Borough Police Department,2023-05-01,Pennsylvania,1717,PA00802,0,0,0,0,0,0,0,0,0,0,0,0,0,0,0,0,0,0,0,0,0,0,0,0,0,0,0,0,0,0,0,0,0,0,0,0,0,0,0,0,0,0,0,0,0,0,0,0,0,0,0,0,0,0,0,0,0,0,0,0,0,0,0,0,0,0,0,0,0,0,0,0,0,0,0,0,0,0,0,0,0,0,0,0,0,0,0,0,0,0,0,1,1
Canton Borough Police Department,2023-06-01,Pennsylvania,1717,PA00802,0,0,0,0,0,0,0,0,0,0,0,0,0,0,0,0,0,0,0,0,0,0,0,0,0,0,0,0,0,0,0,0,0,0,0,0,0,0,0,0,0,0,0,0,0,0,0,0,0,0,0,0,0,0,0,0,0,0,0,0,0,0,0,0,0,0,0,0,0,0,0,0,0,0,0,0,0,0,0,0,0,0,0,0,0,0,0,0,0,0,0,1,1
Canton Borough Police Department,2023-07-01,Pennsylvania,1717,PA00802,0,0,0,0,0,0,0,0,0,0,0,0,0,0,0,0,0,0,0,0,0,0,0,0,0,0,0,0,0,0,0,0,0,0,0,0,0,0,0,0,0,0,0,0,0,0,0,0,0,0,0,0,0,0,0,0,0,0,0,0,0,0,0,0,0,0,0,0,0,0,0,0,0,0,0,0,0,0,0,0,0,0,0,0,0,0,0,0,0,0,0,1,1
Canton Borough Police Department,2023-08-01,Pennsylvania,1717,PA00802,0,0,0,0,0,0,0,0,0,0,0,0,0,0,0,0,0,0,0,0,0,0,0,0,0,0,0,0,0,10,0,0,0,0,0,100,10000,0,0,1000,0,0,0,0,0,0,0,0,0,0,0,0,0,0,0,0,0,0,0,0,0,0,0,0,0,0,0,0,0,0,0,0,0,0,0,0,0,0,0,0,0,0,0,310000000,0,0,0,310000,0,310000,0,1,1
Canton Borough Police Department,2023-09-01,Pennsylvania,1717,PA00802,0,0,0,0,0,0,0,0,0,0,0,0,0,0,31,0,0,31,0,0,0,0,0,0,0,0,0,0,0,0,0,0,0,0,0,3100000,3,100000000,0,0,0,0,0,0,0,0,0,0,0,0,0,0,0,0,0,0,0,0,0,0,0,0,0,0,0,0,0,0,0,0,0,0,0,0,0,0,0,0,0,0,0,0,0,0,0,0,0,0,0,0,0,1,1
Canton Borough Police Department,2023-10-01,Pennsylvania,1717,PA00802,0,0,0,0,0,0,0,0,0,0,0,0,0,0,0,0,0,0,0,0,0,0,0,0,0,0,0,0,0,0,0,0,0,0,0,0,0,0,0,0,0,0,0,0,0,0,0,0,0,0,0,0,0,0,0,0,0,0,0,0,0,0,0,0,0,0,0,0,0,0,0,0,0,0,0,0,0,0,0,0,0,0,0,0,0,0,0,0,0,0,0,1,1
Canton Borough Police Department,2023-11-01,Pennsylvania,1717,PA00802,0,0,0,0,0,0,0,0,0,0,0,0,0,0,0,0,0,0,0,0,0,0,0,0,0,0,0,0,0,0,0,0,0,0,0,0,0,0,0,0,0,0,0,0,0,0,0,0,0,0,0,0,0,0,0,0,0,0,0,0,0,0,0,0,0,0,0,0,0,0,0,0,0,0,0,0,0,0,0,0,0,0,0,0,0,0,0,0,0,0,0,1,1
Canton Borough Police Department,2023-12-01,Pennsylvania,1717,PA00802,0,0,0,0,0,0,0,0,0,0,0,0,0,0,0,0,0,0,0,0,0,0,0,0,0,0,0,0,0,0,0,0,0,0,0,0,0,0,0,0,0,0,0,0,0,0,0,0,0,0,0,0,0,0,0,0,0,0,0,0,0,0,0,10000,0,100000000,0,100000,0,0,0,0,0,0,0,1,100,0,0,0,0,0,0,0,0,0,0,0,0,0,0,1,1
Canton Borough Police Department,2000-01-01,Pennsylvania,1807,PA00802,0,0,0,0,0,0,0,0,0,0,0,0,0,0,0,0,0,0,3,0,0,3,0,0,0,1,0,1,0,0,1,0,0,0,0,0,0,0,0,0,0,0,0,0,0,0,0,0,0,0,0,0,0,0,0,0,0,0,0,0,0,0,0,0,0,0,0,0,0,0,0,0,0,0,0,0,0,0,0,0,0,0,0,0,0,0,0,0,0,0,0,1,1.76946331784747
Canton Borough Police Department,2000-02-01,Pennsylvania,1807,PA00802,0,0,0,0,2,0,2,0,0,0,0,0,0,0,0,0,0,0,1,0,0,1,0,0,0,0,0,0,0,1,0,0,0,0,0,0,0,0,0,0,0,0,0,0,0,0,0,0,0,0,0,0,0,0,0,0,0,0,0,0,0,0,0,0,0,0,0,0,0,0,0,0,0,0,0,0,0,0,0,0,0,0,0,0,0,0,0,0,0,0,0,1,1.76946331784747
Canton Borough Police Department,2000-03-01,Pennsylvania,1807,PA00802,0,0,0,0,0,0,0,0,0,0,0,0,0,0,0,0,0,0,3,0,0,3,2,0,0,0,0,0,0,0,1,0,0,0,0,0,0,0,0,0,0,0,0,0,0,0,0,0,0,0,0,0,0,0,0,0,0,0,0,0,0,0,0,0,0,0,0,0,0,0,0,0,0,0,0,0,0,0,0,0,0,0,0,177,0,0,0,0,0,0,177,1,1.76946331784747
Canton Borough Police Department,2000-04-01,Pennsylvania,1807,PA00802,0,0,0,0,0,0,0,0,0,0,0,0,0,0,0,0,0,0,1,0,0,1,0,0,0,0,1,0,0,0,0,0,0,0,0,0,0,0,0,0,0,0,0,0,0,0,0,0,0,0,0,0,0,0,0,0,0,0,0,0,0,0,0,0,0,0,0,0,0,0,0,0,0,0,0,0,0,0,0,0,0,0,0,0,0,0,0,0,0,0,0,1,1.76946331784747
Canton Borough Police Department,2000-05-01,Pennsylvania,1807,PA00802,0,0,0,0,0,0,0,0,0,0,0,0,0,0,0,0,0,0,1,0,0,1,0,0,0,1,0,0,0,0,0,0,0,0,0,0,0,0,0,0,0,0,0,0,0,0,0,0,0,0,0,0,0,0,0,0,0,0,0,0,0,0,0,0,0,0,0,0,0,0,0,0,0,0,0,0,0,0,0,0,0,0,0,0,0,0,0,0,0,0,0,1,1.76946331784747
Canton Borough Police Department,2000-06-01,Pennsylvania,1807,PA00802,1,0,0,0,0,0,1,0,0,0,0,0,0,0,0,0,0,0,2,0,0,2,0,0,0,1,0,0,0,0,1,0,0,0,0,0,0,0,0,0,0,0,0,0,0,0,0,0,0,0,0,0,0,0,0,0,0,0,0,0,0,0,0,0,0,0,0,0,0,0,0,0,0,0,0,0,0,0,0,0,0,0,0,0,0,0,0,0,0,0,0,1,1.76946331784747
Canton Borough Police Department,2000-07-01,Pennsylvania,1807,PA00802,0,0,0,0,1,0,1,0,0,0,0,0,0,0,0,0,0,0,0,0,0,0,0,0,0,0,0,0,0,0,0,0,0,0,0,0,0,0,0,0,0,0,0,0,0,0,0,0,0,0,0,0,0,0,0,0,0,0,0,0,0,0,0,0,0,0,0,0,0,0,0,0,0,0,0,0,0,0,0,0,0,0,0,0,0,0,0,0,0,0,0,1,1.76946331784747
Canton Borough Police Department,2000-08-01,Pennsylvania,1807,PA00802,0,0,0,0,0,0,0,0,0,0,0,0,0,0,0,0,0,0,1,0,0,1,0,1,0,0,0,0,0,0,0,0,0,0,0,0,0,0,0,0,0,0,0,0,0,0,0,0,0,0,0,0,0,0,0,0,0,0,0,0,0,0,0,0,0,0,0,0,0,0,0,0,0,0,0,0,0,0,0,0,0,0,0,0,0,0,0,0,0,0,0,1,1.76946331784747
Canton Borough Police Department,2000-09-01,Pennsylvania,1807,PA00802,0,0,0,0,0,0,0,0,0,0,0,0,0,0,0,0,0,0,0,0,0,0,0,0,0,0,0,0,0,0,0,0,0,0,0,0,0,0,0,0,0,0,0,0,0,0,0,0,0,0,0,0,0,0,0,0,0,0,0,0,0,0,0,0,0,0,0,0,0,0,0,0,0,0,0,0,0,0,0,0,0,0,0,0,0,0,0,0,0,0,0,1,1.76946331784747
Canton Borough Police Department,2000-10-01,Pennsylvania,1807,PA00802,0,0,0,0,0,0,0,0,0,0,0,0,0,0,0,0,0,0,0,0,0,0,0,0,0,0,0,0,0,0,0,0,0,0,0,0,0,0,0,0,0,0,0,0,0,0,0,0,0,0,0,0,0,0,0,0,0,0,0,0,0,0,0,0,0,0,0,0,0,0,0,0,0,0,0,0,0,0,0,0,0,0,0,0,0,0,0,0,0,0,0,1,1.76946331784747
Canton Borough Police Department,2000-11-01,Pennsylvania,1807,PA00802,0,0,0,0,0,1,1,0,0,0,0,0,0,0,0,0,0,0,0,0,0,0,0,0,0,0,0,0,0,0,0,0,0,0,0,0,0,0,0,0,0,0,0,0,0,0,0,0,0,0,0,0,0,0,0,0,0,0,0,0,0,0,0,0,0,0,0,0,0,0,0,0,0,0,0,0,0,0,0,0,0,0,0,0,0,0,0,0,0,0,0,1,1.76946331784747
Canton Borough Police Department,2000-12-01,Pennsylvania,1807,PA00802,0,0,0,0,0,0,0,0,0,0,0,0,0,0,0,0,0,0,0,0,0,0,0,0,0,0,0,0,0,0,0,0,0,0,0,0,0,0,0,0,0,0,0,0,0,0,0,0,0,0,0,0,0,0,0,0,0,0,0,0,0,0,0,0,0,0,0,0,0,0,0,0,0,0,0,0,0,0,0,0,0,0,0,0,0,0,0,0,0,0,0,1,1.76946331784747
Canton Borough Police Department,2013-01-01,Pennsylvania,1998,PA00802,0,0,0,0,0,0,0,1,0,0,0,0,0,0,0,0,0,0,0,1,1,2,0,0,0,2,0,0,0,0,0,0,0,0,0,0,0,0,0,0,0,0,3270,0,0,0,0,0,0,0,0,0,0,0,157,927,1084,4354,0,0,0,1084,0,0,0,0,0,927,26,0,0,0,0,0,3270,131,0,0,4354,0,0,0,0,0,0,0,3270,0,0,0,3270,1,1.30797303509051
Canton Borough Police Department,2013-02-01,Pennsylvania,1998,PA00802,0,0,0,0,0,0,0,0,0,0,0,0,0,0,0,0,0,0,0,0,0,0,0,0,0,0,0,0,0,0,0,0,0,0,0,0,0,0,0,0,0,0,0,0,0,0,0,0,0,0,0,0,0,0,0,0,0,0,0,0,0,0,0,0,0,0,0,0,0,0,0,0,0,0,0,0,0,0,0,0,0,0,0,0,0,0,0,0,0,0,0,1,1.30797303509051
Canton Borough Police Department,2013-03-01,Pennsylvania,1998,PA00802,0,0,0,0,0,0,0,0,0,0,0,0,0,0,0,0,0,0,1,2,0,3,0,0,0,0,1,0,0,1,1,0,0,0,0,0,0,0,0,0,0,0,0,0,0,0,0,0,0,0,0,0,0,27,250,0,277,277,0,0,0,0,152,0,0,27,98,27,8,242,0,0,0,0,0,0,0,0,277,0,0,0,0,0,0,0,0,0,0,0,0,1,1.30797303509051
Canton Borough Police Department,2013-04-01,Pennsylvania,1998,PA00802,0,0,1,0,0,0,1,0,0,0,0,0,0,0,0,0,0,0,2,1,0,3,0,0,0,2,1,0,0,0,0,0,0,0,0,0,0,3532,0,0,0,3532,0,0,0,0,0,0,0,0,0,0,0,26,131,0,157,3688,0,0,0,26,131,0,0,0,0,0,0,7,0,0,0,0,0,150,1177,2354,3688,0,0,0,0,0,0,0,0,0,0,0,0,1,1.30797303509051
Canton Borough Police Department,2013-05-01,Pennsylvania,1998,PA00802,1,0,0,0,0,0,1,0,0,0,0,0,0,0,0,0,0,0,2,1,0,3,0,0,0,0,3,0,0,0,0,1,0,1,0,0,0,0,0,0,0,0,0,0,0,0,0,0,0,0,0,0,0,0,196,0,196,196,0,0,0,0,196,0,0,0,0,0,0,0,0,0,0,0,0,196,0,0,196,0,0,0,0,0,0,0,0,0,0,0,0,1,1.30797303509051
Canton Borough Police Department,2013-06-01,Pennsylvania,1998,PA00802,0,0,0,0,0,0,0,0,0,0,0,0,0,0,0,0,0,0,1,0,0,1,0,0,0,0,1,0,0,0,0,0,0,0,0,0,0,0,0,0,0,0,0,0,0,0,0,0,0,0,0,0,0,0,0,0,0,0,0,0,0,0,0,0,0,0,0,0,0,0,0,0,0,0,0,0,0,0,0,0,0,0,0,0,0,0,0,0,0,0,0,1,1.30797303509051
Canton Borough Police Department,2013-07-01,Pennsylvania,1998,PA00802,0,0,0,0,0,0,0,1,0,0,0,0,0,0,0,0,0,0,1,0,0,1,0,0,0,0,1,0,0,0,0,0,0,0,0,0,0,0,0,0,0,0,0,0,0,0,0,0,0,0,0,0,0,16,0,0,16,16,0,0,0,0,16,0,0,0,0,0,0,0,0,0,16,0,0,0,0,0,16,0,0,0,0,0,0,0,0,0,0,0,0,1,1.30797303509051
Canton Borough Police Department,2013-08-01,Pennsylvania,1998,PA00802,0,1,0,0,1,0,2,0,0,0,0,0,0,0,0,0,0,0,0,1,2,3,0,0,0,0,3,0,0,0,0,0,0,0,0,1596,0,0,0,0,0,1596,0,0,0,0,0,0,0,0,0,0,0,0,123,2093,2216,3811,0,0,0,0,2216,0,0,0,0,26,0,785,0,0,1962,0,0,0,1039,0,3811,26,0,39,0,0,654,0,0,65,916,0,1700,1,1.30797303509051
Canton Borough Police Department,2013-09-01,Pennsylvania,1998,PA00802,0,0,0,0,0,0,0,0,0,0,0,0,0,0,0,0,0,0,1,0,0,1,0,0,0,0,0,1,0,0,0,0,0,0,0,0,0,0,0,0,0,0,0,0,0,0,0,0,0,0,0,0,0,39,0,0,39,39,0,0,0,0,0,39,0,0,0,0,0,0,0,0,0,0,0,39,0,0,39,0,0,0,0,0,0,0,0,0,0,0,0,1,1.30797303509051
Canton Borough Police Department,2013-10-01,Pennsylvania,1998,PA00802,0,0,0,0,0,0,0,0,0,0,0,0,0,0,0,0,0,0,2,0,2,4,0,1,0,0,2,0,0,0,1,0,0,0,0,0,0,0,0,0,0,0,0,0,0,0,0,0,0,0,0,0,0,52,0,2624,2676,2676,0,52,0,0,0,0,0,0,2624,0,0,2624,0,0,0,0,0,52,0,0,2676,0,0,0,0,0,0,0,0,0,0,0,0,1,1.30797303509051
Canton Borough Police Department,2013-11-01,Pennsylvania,1998,PA00802,0,1,0,0,0,0,1,0,0,0,0,0,0,0,0,0,0,0,0,1,0,1,0,0,0,0,0,0,0,1,0,0,0,0,0,0,0,0,0,0,0,0,0,0,0,0,0,0,0,0,0,0,0,0,48,0,48,48,0,0,0,0,0,0,0,48,0,0,48,0,0,0,0,0,0,0,0,0,48,0,48,0,0,0,0,0,0,0,0,0,48,1,1.30797303509051
Canton Borough Police Department,2013-12-01,Pennsylvania,1998,PA00802,0,2,0,0,0,0,2,0,0,0,0,0,0,0,0,0,0,0,2,0,0,2,0,0,0,2,0,0,0,0,0,0,0,0,0,1190,0,0,0,0,0,1190,0,0,0,0,0,0,0,0,0,0,0,1,0,0,1,1192,0,0,0,1,0,0,0,0,0,0,0,1,0,0,0,0,0,1190,0,0,1192,0,0,0,0,0,0,0,0,0,0,0,0,1,1.30797303509051
Canton Borough Police Department,2017-01-01,Pennsylvania,1883,PA00802,0,0,0,0,0,0,0,0,0,0,0,0,0,0,0,0,0,0,1,0,0,1,0,0,0,0,0,0,0,1,0,0,0,0,0,0,0,0,0,0,0,0,0,0,0,0,0,0,0,0,0,0,0,4,0,0,4,4,0,0,0,0,0,0,0,4,0,0,4,0,0,0,0,0,0,0,0,0,4,0,0,0,0,0,0,0,0,0,0,0,0,1,1.24307319386626
Canton Borough Police Department,2017-02-01,Pennsylvania,1883,PA00802,0,0,0,0,0,0,0,0,0,0,0,0,0,0,0,0,0,0,0,0,0,0,0,0,0,0,0,0,0,0,0,0,0,0,0,0,0,0,0,0,0,0,0,0,0,0,0,0,0,0,0,0,0,0,0,0,0,0,0,0,0,0,0,0,0,0,0,0,0,0,0,0,0,0,0,0,0,0,0,0,0,0,0,0,0,0,0,0,0,0,0,1,1.24307319386626
Canton Borough Police Department,2017-03-01,Pennsylvania,1883,PA00802,0,0,0,0,0,0,0,0,0,0,0,0,0,0,0,0,0,0,1,0,1,2,0,0,0,0,2,0,0,0,0,0,0,0,0,0,0,0,0,0,0,0,0,0,0,0,0,0,0,0,0,0,0,37,0,746,783,783,0,0,0,0,783,0,0,0,0,0,37,0,0,0,0,0,0,0,746,0,783,0,0,0,0,0,0,0,0,0,0,0,0,1,1.24307319386626
Canton Borough Police Department,2017-04-01,Pennsylvania,1883,PA00802,0,0,0,0,0,0,0,0,0,0,0,0,0,0,0,0,0,0,0,0,0,0,0,0,0,0,0,0,0,0,0,0,0,0,0,0,0,0,0,0,0,0,0,0,0,0,0,0,0,0,0,0,0,0,0,0,0,0,0,0,0,0,0,0,0,0,0,0,0,0,0,0,0,0,0,0,0,0,0,0,0,0,0,0,0,0,0,0,0,0,0,1,1.24307319386626
Canton Borough Police Department,2017-05-01,Pennsylvania,1883,PA00802,0,0,0,0,0,0,0,0,0,0,0,0,0,0,0,0,0,0,0,0,0,0,0,0,0,0,0,0,0,0,0,0,0,0,0,0,0,0,0,0,0,0,0,0,0,0,0,0,0,0,0,0,0,0,0,0,0,0,0,0,0,0,0,0,0,0,0,0,0,0,0,0,0,0,0,0,0,0,0,0,0,0,0,0,0,0,0,0,0,0,0,1,1.24307319386626
Canton Borough Police Department,2017-06-01,Pennsylvania,1883,PA00802,0,0,0,0,0,0,0,0,0,0,0,0,0,0,0,0,0,0,0,0,0,0,0,0,0,0,0,0,0,0,0,0,0,0,0,0,0,0,0,0,0,0,0,0,0,0,0,0,0,0,0,0,0,0,0,0,0,0,0,0,0,0,0,0,0,0,0,0,0,0,0,0,0,0,0,0,0,0,0,0,0,0,0,0,0,0,0,0,0,0,0,1,1.24307319386626
Canton Borough Police Department,2017-07-01,Pennsylvania,1883,PA00802,0,1,0,0,0,0,1,0,0,0,0,0,0,0,0,0,0,0,0,1,0,1,0,0,0,0,1,0,0,0,0,0,0,0,0,224,0,0,0,0,0,224,0,0,0,0,0,0,0,0,0,0,0,0,75,0,75,298,0,0,0,0,75,0,0,0,0,0,0,124,0,0,0,0,0,0,174,0,298,0,0,0,0,0,0,0,0,0,0,0,0,1,1.24307319386626
Canton Borough Police Department,2017-08-01,Pennsylvania,1883,PA00802,1,0,0,0,0,0,1,0,0,0,0,0,0,0,0,0,0,0,0,1,1,2,0,1,0,0,1,0,0,0,0,0,0,0,0,0,75,0,0,0,0,75,0,0,0,0,0,0,0,0,0,0,0,0,124,410,535,609,0,124,0,0,410,0,0,0,0,0,0,0,0,410,0,0,0,124,75,0,609,0,0,0,0,0,0,0,0,0,0,0,0,1,1.24307319386626
Canton Borough Police Department,2017-09-01,Pennsylvania,1883,PA00802,1,0,0,0,0,0,1,0,0,0,0,0,0,0,0,0,0,0,1,0,0,1,0,0,0,0,0,0,0,1,0,0,0,0,0,0,249,0,0,0,0,249,0,0,0,0,0,0,0,0,0,0,0,15,0,0,15,264,0,0,0,0,0,0,0,15,0,0,15,0,0,0,0,0,0,249,0,0,264,0,0,0,0,0,0,0,0,0,0,0,0,1,1.24307319386626
Canton Borough Police Department,2017-10-01,Pennsylvania,1883,PA00802,0,0,0,0,0,0,0,0,0,0,0,0,0,0,0,0,0,0,0,0,0,0,0,0,0,0,0,0,0,0,0,0,0,0,0,0,0,0,0,0,0,0,0,0,0,0,0,0,0,0,0,0,0,0,0,0,0,0,0,0,0,0,0,0,0,0,0,0,0,0,0,0,0,0,0,0,0,0,0,0,0,0,0,0,0,0,0,0,0,0,0,1,1.24307319386626
Canton Borough Police Department,2017-11-01,Pennsylvania,1883,PA00802,0,0,0,0,0,0,0,0,0,0,0,0,0,0,0,0,0,0,0,0,0,0,0,0,0,0,0,0,0,0,0,0,0,0,0,0,0,0,0,0,0,0,0,0,0,0,0,0,0,0,0,0,0,0,0,0,0,0,0,0,0,0,0,0,0,0,0,0,0,0,0,0,0,0,0,0,0,0,0,0,0,0,0,0,0,0,0,0,0,0,0,1,1.24307319386626
Canton Borough Police Department,2017-12-01,Pennsylvania,1883,PA00802,0,0,0,0,0,0,0,0,0,0,0,0,0,0,0,0,0,0,0,0,0,0,0,0,0,0,0,0,0,0,0,0,0,0,0,0,0,0,0,0,0,0,0,0,0,0,0,0,0,0,0,0,0,0,0,0,0,0,0,0,0,0,0,0,0,0,0,0,0,0,0,0,0,0,0,0,0,0,0,0,0,0,0,0,0,0,0,0,0,0,0,1,1.24307319386626
Canton Borough Police Department,2001-01-01,Pennsylvania,1808,PA00802,0,0,0,0,0,0,0,0,0,0,0,0,0,0,0,0,0,0,0,0,0,0,0,0,0,0,0,0,0,0,0,0,0,0,0,0,0,0,0,0,0,0,0,0,0,0,0,0,0,0,0,0,0,0,0,0,0,0,0,0,0,0,0,0,0,0,0,0,0,0,0,0,0,0,0,0,0,0,0,0,0,0,0,0,0,0,0,0,0,0,0,1,1.7208297251506
Canton Borough Police Department,2001-02-01,Pennsylvania,1808,PA00802,0,0,0,0,0,0,0,0,0,0,0,0,0,0,0,0,0,0,0,0,0,0,0,0,0,0,0,0,0,0,0,0,0,0,0,0,0,0,0,0,0,0,0,0,0,0,0,0,0,0,0,0,0,0,0,0,0,0,0,0,0,0,0,0,0,0,0,0,0,0,0,0,0,0,0,0,0,0,0,0,0,0,0,0,0,0,0,0,0,0,0,1,1.7208297251506
Canton Borough Police Department,2001-03-01,Pennsylvania,1808,PA00802,0,0,0,0,0,0,0,0,0,0,0,0,0,0,0,0,0,0,0,0,0,0,0,0,0,0,0,0,0,0,0,0,0,0,0,0,0,0,0,0,0,0,0,0,0,0,0,0,0,0,0,0,0,0,0,0,0,0,0,0,0,0,0,0,0,0,0,0,0,0,0,0,0,0,0,0,0,0,0,0,0,0,0,0,0,0,0,0,0,0,0,1,1.7208297251506
Canton Borough Police Department,2001-04-01,Pennsylvania,1808,PA00802,0,0,0,0,0,0,0,0,0,0,0,0,0,0,0,0,0,0,0,0,0,0,0,0,0,0,0,0,0,0,0,0,0,0,0,0,0,0,0,0,0,0,0,0,0,0,0,0,0,0,0,0,0,0,0,0,0,0,0,0,0,0,0,0,0,0,0,0,0,0,0,0,0,0,0,0,0,0,0,0,0,0,0,0,0,0,0,0,0,0,0,1,1.7208297251506
Canton Borough Police Department,2001-05-01,Pennsylvania,1808,PA00802,0,0,0,0,0,0,0,0,0,0,0,0,0,0,0,0,0,0,0,0,0,0,0,0,0,0,0,0,0,0,0,0,0,0,0,0,0,0,0,0,0,0,0,0,0,0,0,0,0,0,0,0,0,0,0,0,0,0,0,0,0,0,0,0,0,0,0,0,0,0,0,0,0,0,0,0,0,0,0,0,0,0,0,0,0,0,0,0,0,0,0,1,1.7208297251506
Canton Borough Police Department,2001-06-01,Pennsylvania,1808,PA00802,0,0,0,0,0,0,0,0,0,0,0,0,0,0,0,0,0,0,0,0,0,0,0,0,0,0,0,0,0,0,0,0,0,0,0,0,0,0,0,0,0,0,0,0,0,0,0,0,0,0,0,0,0,0,0,0,0,0,0,0,0,0,0,0,0,0,0,0,0,0,0,0,0,0,0,0,0,0,0,0,0,0,0,0,0,0,0,0,0,0,0,1,1.7208297251506
Canton Borough Police Department,2001-07-01,Pennsylvania,1808,PA00802,0,0,0,0,0,0,0,0,0,0,0,0,0,0,0,0,0,0,0,0,0,0,0,0,0,0,0,0,0,0,0,0,0,0,0,0,0,0,0,0,0,0,0,0,0,0,0,0,0,0,0,0,0,0,0,0,0,0,0,0,0,0,0,0,0,0,0,0,0,0,0,0,0,0,0,0,0,0,0,0,0,0,0,0,0,0,0,0,0,0,0,1,1.7208297251506
Canton Borough Police Department,2001-08-01,Pennsylvania,1808,PA00802,0,0,0,0,0,0,0,0,0,0,0,0,0,0,0,0,0,0,0,0,0,0,0,0,0,0,0,0,0,0,0,0,0,0,0,0,0,0,0,0,0,0,0,0,0,0,0,0,0,0,0,0,0,0,0,0,0,0,0,0,0,0,0,0,0,0,0,0,0,0,0,0,0,0,0,0,0,0,0,0,0,0,0,0,0,0,0,0,0,0,0,1,1.7208297251506
Canton Borough Police Department,2001-09-01,Pennsylvania,1808,PA00802,0,0,0,0,0,0,0,0,0,0,0,0,0,0,0,0,0,0,0,0,0,0,0,0,0,0,0,0,0,0,0,0,0,0,0,0,0,0,0,0,0,0,0,0,0,0,0,0,0,0,0,0,0,0,0,0,0,0,0,0,0,0,0,0,0,0,0,0,0,0,0,0,0,0,0,0,0,0,0,0,0,0,0,0,0,0,0,0,0,0,0,1,1.7208297251506
Canton Borough Police Department,2001-10-01,Pennsylvania,1808,PA00802,0,0,0,0,0,0,0,0,0,0,0,0,0,0,0,0,0,0,0,0,0,0,0,0,0,0,0,0,0,0,0,0,0,0,0,0,0,0,0,0,0,0,0,0,0,0,0,0,0,0,0,0,0,0,0,0,0,0,0,0,0,0,0,0,0,0,0,0,0,0,0,0,0,0,0,0,0,0,0,0,0,0,0,0,0,0,0,0,0,0,0,1,1.7208297251506
Canton Borough Police Department,2001-11-01,Pennsylvania,1808,PA00802,0,0,0,0,0,0,0,0,0,0,0,0,0,0,0,0,0,0,0,0,0,0,0,0,0,0,0,0,0,0,0,0,0,0,0,0,0,0,0,0,0,0,0,0,0,0,0,0,0,0,0,0,0,0,0,0,0,0,0,0,0,0,0,0,0,0,0,0,0,0,0,0,0,0,0,0,0,0,0,0,0,0,0,0,0,0,0,0,0,0,0,1,1.7208297251506
Canton Borough Police Department,2001-12-01,Pennsylvania,1808,PA00802,0,0,0,0,0,0,0,0,0,0,0,0,0,0,0,0,0,0,0,0,0,0,0,0,0,0,0,0,0,0,0,0,0,0,0,0,0,0,0,0,0,0,0,0,0,0,0,0,0,0,0,0,0,0,0,0,0,0,0,0,0,0,0,0,0,0,0,0,0,0,0,0,0,0,0,0,0,0,0,0,0,0,0,0,0,0,0,0,0,0,0,1,1.7208297251506
Canton Borough Police Department,2002-01-01,Pennsylvania,1815,PA00802,0,0,0,0,0,0,0,0,0,0,0,0,0,0,0,0,0,0,0,0,0,0,0,0,0,0,0,0,0,0,0,0,0,0,0,0,0,0,0,0,0,0,0,0,0,0,0,0,0,0,0,0,0,0,0,0,0,0,0,0,0,0,0,0,0,0,0,0,0,0,0,0,0,0,0,0,0,0,0,0,0,0,0,0,0,0,0,0,0,0,0,1,1.69396293722493
Canton Borough Police Department,2002-02-01,Pennsylvania,1815,PA00802,0,0,0,0,0,0,0,0,0,0,0,0,0,0,0,0,0,0,0,0,0,0,0,0,0,0,0,0,0,0,0,0,0,0,0,0,0,0,0,0,0,0,0,0,0,0,0,0,0,0,0,0,0,0,0,0,0,0,0,0,0,0,0,0,0,0,0,0,0,0,0,0,0,0,0,0,0,0,0,0,0,0,0,0,0,0,0,0,0,0,0,1,1.69396293722493
Canton Borough Police Department,2002-03-01,Pennsylvania,1815,PA00802,0,0,0,0,0,0,0,0,0,0,0,0,0,0,0,0,0,0,0,0,0,0,0,0,0,0,0,0,0,0,0,0,0,0,0,0,0,0,0,0,0,0,0,0,0,0,0,0,0,0,0,0,0,0,0,0,0,0,0,0,0,0,0,0,0,0,0,0,0,0,0,0,0,0,0,0,0,0,0,0,0,0,0,0,0,0,0,0,0,0,0,1,1.69396293722493
Canton Borough Police Department,2002-04-01,Pennsylvania,1815,PA00802,0,0,0,0,0,0,0,0,0,0,0,0,0,0,0,0,0,0,0,0,0,0,0,0,0,0,0,0,0,0,0,0,0,0,0,0,0,0,0,0,0,0,0,0,0,0,0,0,0,0,0,0,0,0,0,0,0,0,0,0,0,0,0,0,0,0,0,0,0,0,0,0,0,0,0,0,0,0,0,0,0,0,0,0,0,0,0,0,0,0,0,1,1.69396293722493
Canton Borough Police Department,2002-05-01,Pennsylvania,1815,PA00802,0,0,0,0,0,0,0,0,0,0,0,0,0,0,0,0,0,0,0,0,0,0,0,0,0,0,0,0,0,0,0,0,0,0,0,0,0,0,0,0,0,0,0,0,0,0,0,0,0,0,0,0,0,0,0,0,0,0,0,0,0,0,0,0,0,0,0,0,0,0,0,0,0,0,0,0,0,0,0,0,0,0,0,0,0,0,0,0,0,0,0,1,1.69396293722493
Canton Borough Police Department,2002-06-01,Pennsylvania,1815,PA00802,0,0,0,0,0,0,0,0,0,0,0,0,0,0,0,0,0,0,0,0,0,0,0,0,0,0,0,0,0,0,0,0,0,0,0,0,0,0,0,0,0,0,0,0,0,0,0,0,0,0,0,0,0,0,0,0,0,0,0,0,0,0,0,0,0,0,0,0,0,0,0,0,0,0,0,0,0,0,0,0,0,0,0,0,0,0,0,0,0,0,0,1,1.69396293722493
Canton Borough Police Department,2002-07-01,Pennsylvania,1815,PA00802,0,0,0,0,0,0,0,0,0,0,0,0,0,0,0,0,0,0,0,0,0,0,0,0,0,0,0,0,0,0,0,0,0,0,0,0,0,0,0,0,0,0,0,0,0,0,0,0,0,0,0,0,0,0,0,0,0,0,0,0,0,0,0,0,0,0,0,0,0,0,0,0,0,0,0,0,0,0,0,0,0,0,0,0,0,0,0,0,0,0,0,1,1.69396293722493
Canton Borough Police Department,2002-08-01,Pennsylvania,1815,PA00802,0,0,0,0,0,0,0,0,0,0,0,0,0,0,0,0,0,0,0,0,0,0,0,0,0,0,0,0,0,0,0,0,0,0,0,0,0,0,0,0,0,0,0,0,0,0,0,0,0,0,0,0,0,0,0,0,0,0,0,0,0,0,0,0,0,0,0,0,0,0,0,0,0,0,0,0,0,0,0,0,0,0,0,0,0,0,0,0,0,0,0,1,1.69396293722493
Canton Borough Police Department,2002-09-01,Pennsylvania,1815,PA00802,0,0,0,0,0,0,0,0,0,0,0,0,0,0,0,0,0,0,0,0,0,0,0,0,0,0,0,0,0,0,0,0,0,0,0,0,0,0,0,0,0,0,0,0,0,0,0,0,0,0,0,0,0,0,0,0,0,0,0,0,0,0,0,0,0,0,0,0,0,0,0,0,0,0,0,0,0,0,0,0,0,0,0,0,0,0,0,0,0,0,0,1,1.69396293722493
Canton Borough Police Department,2002-10-01,Pennsylvania,1815,PA00802,0,0,0,0,0,0,0,0,0,0,0,0,0,0,0,0,0,0,0,0,0,0,0,0,0,0,0,0,0,0,0,0,0,0,0,0,0,0,0,0,0,0,0,0,0,0,0,0,0,0,0,0,0,0,0,0,0,0,0,0,0,0,0,0,0,0,0,0,0,0,0,0,0,0,0,0,0,0,0,0,0,0,0,0,0,0,0,0,0,0,0,1,1.69396293722493
Canton Borough Police Department,2002-11-01,Pennsylvania,1815,PA00802,0,0,0,0,0,0,0,0,0,0,0,0,0,0,0,0,0,0,0,0,0,0,0,0,0,0,0,0,0,0,0,0,0,0,0,0,0,0,0,0,0,0,0,0,0,0,0,0,0,0,0,0,0,0,0,0,0,0,0,0,0,0,0,0,0,0,0,0,0,0,0,0,0,0,0,0,0,0,0,0,0,0,0,0,0,0,0,0,0,0,0,1,1.69396293722493
Canton Borough Police Department,2002-12-01,Pennsylvania,1815,PA00802,0,0,0,0,0,0,0,0,0,0,0,0,0,0,0,0,0,0,0,0,0,0,0,0,0,0,0,0,0,0,0,0,0,0,0,0,0,0,0,0,0,0,0,0,0,0,0,0,0,0,0,0,0,0,0,0,0,0,0,0,0,0,0,0,0,0,0,0,0,0,0,0,0,0,0,0,0,0,0,0,0,0,0,0,0,0,0,0,0,0,0,1,1.69396293722493
Canton Borough Police Department,2003-01-01,Pennsylvania,1777,PA00802,0,0,0,0,0,0,0,0,0,0,0,0,0,0,0,0,0,0,0,0,0,0,0,0,0,0,0,0,0,0,0,0,0,0,0,0,0,0,0,0,0,0,0,0,0,0,0,0,0,0,0,0,0,0,0,0,0,0,0,0,0,0,0,0,0,0,0,0,0,0,0,0,0,0,0,0,0,0,0,0,0,0,0,0,0,0,0,0,0,0,0,1,1.65636194790487
Canton Borough Police Department,2003-02-01,Pennsylvania,1777,PA00802,0,0,0,0,0,0,0,0,0,0,0,0,0,0,0,0,0,0,0,0,0,0,0,0,0,0,0,0,0,0,0,0,0,0,0,0,0,0,0,0,0,0,0,0,0,0,0,0,0,0,0,0,0,0,0,0,0,0,0,0,0,0,0,0,0,0,0,0,0,0,0,0,0,0,0,0,0,0,0,0,0,0,0,0,0,0,0,0,0,0,0,1,1.65636194790487
Canton Borough Police Department,2003-03-01,Pennsylvania,1777,PA00802,0,0,0,0,0,0,0,0,0,0,0,0,0,0,0,0,0,0,0,0,0,0,0,0,0,0,0,0,0,0,0,0,0,0,0,0,0,0,0,0,0,0,0,0,0,0,0,0,0,0,0,0,0,0,0,0,0,0,0,0,0,0,0,0,0,0,0,0,0,0,0,0,0,0,0,0,0,0,0,0,0,0,0,0,0,0,0,0,0,0,0,1,1.65636194790487
Canton Borough Police Department,2003-04-01,Pennsylvania,1777,PA00802,0,0,0,0,0,0,0,0,0,0,0,0,0,0,0,0,0,0,0,0,0,0,0,0,0,0,0,0,0,0,0,0,0,0,0,0,0,0,0,0,0,0,0,0,0,0,0,0,0,0,0,0,0,0,0,0,0,0,0,0,0,0,0,0,0,0,0,0,0,0,0,0,0,0,0,0,0,0,0,0,0,0,0,0,0,0,0,0,0,0,0,1,1.65636194790487
Canton Borough Police Department,2003-05-01,Pennsylvania,1777,PA00802,0,0,0,0,0,0,0,0,0,0,0,0,0,0,0,0,0,0,0,0,0,0,0,0,0,0,0,0,0,0,0,0,0,0,0,0,0,0,0,0,0,0,0,0,0,0,0,0,0,0,0,0,0,0,0,0,0,0,0,0,0,0,0,0,0,0,0,0,0,0,0,0,0,0,0,0,0,0,0,0,0,0,0,0,0,0,0,0,0,0,0,1,1.65636194790487
Canton Borough Police Department,2003-06-01,Pennsylvania,1777,PA00802,0,0,0,0,0,0,0,0,0,0,0,0,0,0,0,0,0,0,0,0,0,0,0,0,0,0,0,0,0,0,0,0,0,0,0,0,0,0,0,0,0,0,0,0,0,0,0,0,0,0,0,0,0,0,0,0,0,0,0,0,0,0,0,0,0,0,0,0,0,0,0,0,0,0,0,0,0,0,0,0,0,0,0,0,0,0,0,0,0,0,0,1,1.65636194790487
Canton Borough Police Department,2003-07-01,Pennsylvania,1777,PA00802,0,0,0,0,0,0,0,0,0,0,0,0,0,0,0,0,0,0,0,0,0,0,0,0,0,0,0,0,0,0,0,0,0,0,0,0,0,0,0,0,0,0,0,0,0,0,0,0,0,0,0,0,0,0,0,0,0,0,0,0,0,0,0,0,0,0,0,0,0,0,0,0,0,0,0,0,0,0,0,0,0,0,0,0,0,0,0,0,0,0,0,1,1.65636194790487
Canton Borough Police Department,2003-08-01,Pennsylvania,1777,PA00802,0,0,0,0,0,0,0,0,0,0,0,0,0,0,0,0,0,0,0,0,0,0,0,0,0,0,0,0,0,0,0,0,0,0,0,0,0,0,0,0,0,0,0,0,0,0,0,0,0,0,0,0,0,0,0,0,0,0,0,0,0,0,0,0,0,0,0,0,0,0,0,0,0,0,0,0,0,0,0,0,0,0,0,0,0,0,0,0,0,0,0,1,1.65636194790487
Canton Borough Police Department,2003-09-01,Pennsylvania,1777,PA00802,0,0,0,0,0,0,0,0,0,0,0,0,0,0,0,0,0,0,0,0,0,0,0,0,0,0,0,0,0,0,0,0,0,0,0,0,0,0,0,0,0,0,0,0,0,0,0,0,0,0,0,0,0,0,0,0,0,0,0,0,0,0,0,0,0,0,0,0,0,0,0,0,0,0,0,0,0,0,0,0,0,0,0,0,0,0,0,0,0,0,0,1,1.65636194790487
Canton Borough Police Department,2003-10-01,Pennsylvania,1777,PA00802,0,0,0,0,0,0,0,0,0,0,0,0,0,0,0,0,0,0,0,0,0,0,0,0,0,0,0,0,0,0,0,0,0,0,0,0,0,0,0,0,0,0,0,0,0,0,0,0,0,0,0,0,0,0,0,0,0,0,0,0,0,0,0,0,0,0,0,0,0,0,0,0,0,0,0,0,0,0,0,0,0,0,0,0,0,0,0,0,0,0,0,1,1.65636194790487
Canton Borough Police Department,2003-11-01,Pennsylvania,1777,PA00802,0,0,0,0,0,0,0,0,0,0,0,0,0,0,0,0,0,0,0,0,0,0,0,0,0,0,0,0,0,0,0,0,0,0,0,0,0,0,0,0,0,0,0,0,0,0,0,0,0,0,0,0,0,0,0,0,0,0,0,0,0,0,0,0,0,0,0,0,0,0,0,0,0,0,0,0,0,0,0,0,0,0,0,0,0,0,0,0,0,0,0,1,1.65636194790487
Canton Borough Police Department,2003-12-01,Pennsylvania,1777,PA00802,0,0,0,0,0,0,0,0,0,0,0,0,0,0,0,0,0,0,0,0,0,0,0,0,0,0,0,0,0,0,0,0,0,0,0,0,0,0,0,0,0,0,0,0,0,0,0,0,0,0,0,0,0,0,0,0,0,0,0,0,0,0,0,0,0,0,0,0,0,0,0,0,0,0,0,0,0,0,0,0,0,0,0,0,0,0,0,0,0,0,0,1,1.65636194790487
Canton Borough Police Department,2004-01-01,Pennsylvania,1761,PA00802,0,0,0,0,0,0,0,0,0,0,0,0,0,0,0,0,0,0,0,0,0,0,0,0,0,0,0,0,0,0,0,0,0,0,0,0,0,0,0,0,0,0,0,0,0,0,0,0,0,0,0,0,0,0,0,0,0,0,0,0,0,0,0,0,0,0,0,0,0,0,0,0,0,0,0,0,0,0,0,0,0,0,0,0,0,0,0,0,0,0,0,1,1.61317347569046
Canton Borough Police Department,2004-02-01,Pennsylvania,1761,PA00802,0,0,0,0,0,0,0,0,0,0,0,0,0,0,0,0,0,0,0,0,0,0,0,0,0,0,0,0,0,0,0,0,0,0,0,0,0,0,0,0,0,0,0,0,0,0,0,0,0,0,0,0,0,0,0,0,0,0,0,0,0,0,0,0,0,0,0,0,0,0,0,0,0,0,0,0,0,0,0,0,0,0,0,0,0,0,0,0,0,0,0,1,1.61317347569046
Canton Borough Police Department,2004-03-01,Pennsylvania,1761,PA00802,0,0,0,0,0,0,0,0,0,0,0,0,0,0,0,0,0,0,0,0,0,0,0,0,0,0,0,0,0,0,0,0,0,0,0,0,0,0,0,0,0,0,0,0,0,0,0,0,0,0,0,0,0,0,0,0,0,0,0,0,0,0,0,0,0,0,0,0,0,0,0,0,0,0,0,0,0,0,0,0,0,0,0,0,0,0,0,0,0,0,0,1,1.61317347569046
Canton Borough Police Department,2004-04-01,Pennsylvania,1761,PA00802,0,0,0,0,0,0,0,0,0,0,0,0,0,0,0,0,0,0,0,0,0,0,0,0,0,0,0,0,0,0,0,0,0,0,0,0,0,0,0,0,0,0,0,0,0,0,0,0,0,0,0,0,0,0,0,0,0,0,0,0,0,0,0,0,0,0,0,0,0,0,0,0,0,0,0,0,0,0,0,0,0,0,0,0,0,0,0,0,0,0,0,1,1.61317347569046
Canton Borough Police Department,2004-05-01,Pennsylvania,1761,PA00802,0,0,0,0,0,0,0,0,0,0,0,0,0,0,0,0,0,0,0,0,0,0,0,0,0,0,0,0,0,0,0,0,0,0,0,0,0,0,0,0,0,0,0,0,0,0,0,0,0,0,0,0,0,0,0,0,0,0,0,0,0,0,0,0,0,0,0,0,0,0,0,0,0,0,0,0,0,0,0,0,0,0,0,0,0,0,0,0,0,0,0,1,1.61317347569046
Canton Borough Police Department,2004-06-01,Pennsylvania,1761,PA00802,0,0,0,0,0,0,0,0,0,0,0,0,0,0,0,0,0,0,0,0,0,0,0,0,0,0,0,0,0,0,0,0,0,0,0,0,0,0,0,0,0,0,0,0,0,0,0,0,0,0,0,0,0,0,0,0,0,0,0,0,0,0,0,0,0,0,0,0,0,0,0,0,0,0,0,0,0,0,0,0,0,0,0,0,0,0,0,0,0,0,0,1,1.61317347569046
Canton Borough Police Department,2004-07-01,Pennsylvania,1761,PA00802,0,0,0,0,0,0,0,0,0,0,0,0,0,0,0,0,0,0,0,0,0,0,0,0,0,0,0,0,0,0,0,0,0,0,0,0,0,0,0,0,0,0,0,0,0,0,0,0,0,0,0,0,0,0,0,0,0,0,0,0,0,0,0,0,0,0,0,0,0,0,0,0,0,0,0,0,0,0,0,0,0,0,0,0,0,0,0,0,0,0,0,1,1.61317347569046
Canton Borough Police Department,2004-08-01,Pennsylvania,1761,PA00802,0,0,0,0,0,0,0,0,0,0,0,0,0,0,0,0,0,0,0,0,0,0,0,0,0,0,0,0,0,0,0,0,0,0,0,0,0,0,0,0,0,0,0,0,0,0,0,0,0,0,0,0,0,0,0,0,0,0,0,0,0,0,0,0,0,0,0,0,0,0,0,0,0,0,0,0,0,0,0,0,0,0,0,0,0,0,0,0,0,0,0,1,1.61317347569046
Canton Borough Police Department,2004-09-01,Pennsylvania,1761,PA00802,0,0,0,0,0,0,0,0,0,0,0,0,0,0,0,0,0,0,0,0,0,0,0,0,0,0,0,0,0,0,0,0,0,0,0,0,0,0,0,0,0,0,0,0,0,0,0,0,0,0,0,0,0,0,0,0,0,0,0,0,0,0,0,0,0,0,0,0,0,0,0,0,0,0,0,0,0,0,0,0,0,0,0,0,0,0,0,0,0,0,0,1,1.61317347569046
Canton Borough Police Department,2004-10-01,Pennsylvania,1761,PA00802,0,0,0,0,0,0,0,0,0,0,0,0,0,0,0,0,0,0,0,0,0,0,0,0,0,0,0,0,0,0,0,0,0,0,0,0,0,0,0,0,0,0,0,0,0,0,0,0,0,0,0,0,0,0,0,0,0,0,0,0,0,0,0,0,0,0,0,0,0,0,0,0,0,0,0,0,0,0,0,0,0,0,0,0,0,0,0,0,0,0,0,1,1.61317347569046
Canton Borough Police Department,2004-11-01,Pennsylvania,1761,PA00802,0,0,0,0,0,0,0,0,0,0,0,0,0,0,0,0,0,0,0,0,0,0,0,0,0,0,0,0,0,0,0,0,0,0,0,0,0,0,0,0,0,0,0,0,0,0,0,0,0,0,0,0,0,0,0,0,0,0,0,0,0,0,0,0,0,0,0,0,0,0,0,0,0,0,0,0,0,0,0,0,0,0,0,0,0,0,0,0,0,0,0,1,1.61317347569046
Canton Borough Police Department,2004-12-01,Pennsylvania,1761,PA00802,0,0,0,0,0,0,0,0,0,0,0,0,0,0,0,0,0,0,0,0,0,0,0,0,0,0,0,0,0,0,0,0,0,0,0,0,0,0,0,0,0,0,0,0,0,0,0,0,0,0,0,0,0,0,0,0,0,0,0,0,0,0,0,0,0,0,0,0,0,0,0,0,0,0,0,0,0,0,0,0,0,0,0,0,0,0,0,0,0,0,0,1,1.61317347569046
Canton Borough Police Department,2005-01-01,Pennsylvania,1759,PA00802,0,0,0,0,0,0,0,0,0,0,0,0,0,0,0,0,0,0,0,0,0,0,0,0,0,0,0,0,0,0,0,0,0,0,0,0,0,0,0,0,0,0,0,0,0,0,0,0,0,0,0,0,0,0,0,0,0,0,0,0,0,0,0,0,0,0,0,0,0,0,0,0,0,0,0,0,0,0,0,0,0,0,0,0,0,0,0,0,0,0,0,1,1.56023853211009
Canton Borough Police Department,2005-02-01,Pennsylvania,1759,PA00802,0,0,0,0,0,0,0,0,0,0,0,0,0,0,0,0,0,0,0,0,0,0,0,0,0,0,0,0,0,0,0,0,0,0,0,0,0,0,0,0,0,0,0,0,0,0,0,0,0,0,0,0,0,0,0,0,0,0,0,0,0,0,0,0,0,0,0,0,0,0,0,0,0,0,0,0,0,0,0,0,0,0,0,0,0,0,0,0,0,0,0,1,1.56023853211009
Canton Borough Police Department,2005-03-01,Pennsylvania,1759,PA00802,0,0,0,0,0,0,0,0,0,0,0,0,0,0,0,0,0,0,0,0,0,0,0,0,0,0,0,0,0,0,0,0,0,0,0,0,0,0,0,0,0,0,0,0,0,0,0,0,0,0,0,0,0,0,0,0,0,0,0,0,0,0,0,0,0,0,0,0,0,0,0,0,0,0,0,0,0,0,0,0,0,0,0,0,0,0,0,0,0,0,0,1,1.56023853211009
Canton Borough Police Department,2005-04-01,Pennsylvania,1759,PA00802,0,0,0,0,0,0,0,0,0,0,0,0,0,0,0,0,0,0,0,0,0,0,0,0,0,0,0,0,0,0,0,0,0,0,0,0,0,0,0,0,0,0,0,0,0,0,0,0,0,0,0,0,0,0,0,0,0,0,0,0,0,0,0,0,0,0,0,0,0,0,0,0,0,0,0,0,0,0,0,0,0,0,0,0,0,0,0,0,0,0,0,1,1.56023853211009
Canton Borough Police Department,2005-05-01,Pennsylvania,1759,PA00802,0,0,0,0,0,0,0,0,0,0,0,0,0,0,0,0,0,0,0,0,0,0,0,0,0,0,0,0,0,0,0,0,0,0,0,0,0,0,0,0,0,0,0,0,0,0,0,0,0,0,0,0,0,0,0,0,0,0,0,0,0,0,0,0,0,0,0,0,0,0,0,0,0,0,0,0,0,0,0,0,0,0,0,0,0,0,0,0,0,0,0,1,1.56023853211009
Canton Borough Police Department,2005-06-01,Pennsylvania,1759,PA00802,0,0,0,0,0,0,0,0,0,0,0,0,0,0,0,0,0,0,0,0,0,0,0,0,0,0,0,0,0,0,0,0,0,0,0,0,0,0,0,0,0,0,0,0,0,0,0,0,0,0,0,0,0,0,0,0,0,0,0,0,0,0,0,0,0,0,0,0,0,0,0,0,0,0,0,0,0,0,0,0,0,0,0,0,0,0,0,0,0,0,0,1,1.56023853211009
Canton Borough Police Department,2005-07-01,Pennsylvania,1759,PA00802,0,0,0,0,0,0,0,0,0,0,0,0,0,0,0,0,0,0,0,0,0,0,0,0,0,0,0,0,0,0,0,0,0,0,0,0,0,0,0,0,0,0,0,0,0,0,0,0,0,0,0,0,0,0,0,0,0,0,0,0,0,0,0,0,0,0,0,0,0,0,0,0,0,0,0,0,0,0,0,0,0,0,0,0,0,0,0,0,0,0,0,1,1.56023853211009
Canton Borough Police Department,2005-08-01,Pennsylvania,1759,PA00802,0,0,0,0,0,0,0,0,0,0,0,0,0,0,0,0,0,0,0,0,0,0,0,0,0,0,0,0,0,0,0,0,0,0,0,0,0,0,0,0,0,0,0,0,0,0,0,0,0,0,0,0,0,0,0,0,0,0,0,0,0,0,0,0,0,0,0,0,0,0,0,0,0,0,0,0,0,0,0,0,0,0,0,0,0,0,0,0,0,0,0,1,1.56023853211009
Canton Borough Police Department,2005-09-01,Pennsylvania,1759,PA00802,0,0,0,0,0,0,0,0,0,0,0,0,0,0,0,0,0,0,0,0,0,0,0,0,0,0,0,0,0,0,0,0,0,0,0,0,0,0,0,0,0,0,0,0,0,0,0,0,0,0,0,0,0,0,0,0,0,0,0,0,0,0,0,0,0,0,0,0,0,0,0,0,0,0,0,0,0,0,0,0,0,0,0,0,0,0,0,0,0,0,0,1,1.56023853211009
Canton Borough Police Department,2005-10-01,Pennsylvania,1759,PA00802,0,0,0,0,0,0,0,0,0,0,0,0,0,0,0,0,0,0,0,0,0,0,0,0,0,0,0,0,0,0,0,0,0,0,0,0,0,0,0,0,0,0,0,0,0,0,0,0,0,0,0,0,0,0,0,0,0,0,0,0,0,0,0,0,0,0,0,0,0,0,0,0,0,0,0,0,0,0,0,0,0,0,0,0,0,0,0,0,0,0,0,1,1.56023853211009
Canton Borough Police Department,2005-11-01,Pennsylvania,1759,PA00802,0,0,0,0,0,0,0,0,0,0,0,0,0,0,0,0,0,0,0,0,0,0,0,0,0,0,0,0,0,0,0,0,0,0,0,0,0,0,0,0,0,0,0,0,0,0,0,0,0,0,0,0,0,0,0,0,0,0,0,0,0,0,0,0,0,0,0,0,0,0,0,0,0,0,0,0,0,0,0,0,0,0,0,0,0,0,0,0,0,0,0,1,1.56023853211009
Canton Borough Police Department,2005-12-01,Pennsylvania,1759,PA00802,0,0,0,0,0,0,0,0,0,0,0,0,0,0,0,0,0,0,0,0,0,0,0,0,0,0,0,0,0,0,0,0,0,0,0,0,0,0,0,0,0,0,0,0,0,0,0,0,0,0,0,0,0,0,0,0,0,0,0,0,0,0,0,0,0,0,0,0,0,0,0,0,0,0,0,0,0,0,0,0,0,0,0,0,0,0,0,0,0,0,0,1,1.56023853211009
Canton Borough Police Department,2006-01-01,Pennsylvania,1747,PA00802,0,0,0,0,0,0,0,0,0,0,0,0,0,0,0,0,0,0,0,0,0,0,0,0,0,0,0,0,0,0,0,0,0,0,0,0,0,0,0,0,0,0,0,0,0,0,0,0,0,0,0,0,0,0,0,0,0,0,0,0,0,0,0,0,0,0,0,0,0,0,0,0,0,0,0,0,0,0,0,0,0,0,0,0,0,0,0,0,0,0,0,1,1.51147906246125
Canton Borough Police Department,2006-02-01,Pennsylvania,1747,PA00802,0,0,0,0,0,0,0,0,0,0,0,0,0,0,0,0,0,0,0,0,0,0,0,0,0,0,0,0,0,0,0,0,0,0,0,0,0,0,0,0,0,0,0,0,0,0,0,0,0,0,0,0,0,0,0,0,0,0,0,0,0,0,0,0,0,0,0,0,0,0,0,0,0,0,0,0,0,0,0,0,0,0,0,0,0,0,0,0,0,0,0,1,1.51147906246125
Canton Borough Police Department,2006-03-01,Pennsylvania,1747,PA00802,0,0,0,0,0,0,0,0,0,0,0,0,0,0,0,0,0,0,0,0,0,0,0,0,0,0,0,0,0,0,0,0,0,0,0,0,0,0,0,0,0,0,0,0,0,0,0,0,0,0,0,0,0,0,0,0,0,0,0,0,0,0,0,0,0,0,0,0,0,0,0,0,0,0,0,0,0,0,0,0,0,0,0,0,0,0,0,0,0,0,0,1,1.51147906246125
Canton Borough Police Department,2006-04-01,Pennsylvania,1747,PA00802,0,0,0,0,0,0,0,0,0,0,0,0,0,0,0,0,0,0,0,0,0,0,0,0,0,0,0,0,0,0,0,0,0,0,0,0,0,0,0,0,0,0,0,0,0,0,0,0,0,0,0,0,0,0,0,0,0,0,0,0,0,0,0,0,0,0,0,0,0,0,0,0,0,0,0,0,0,0,0,0,0,0,0,0,0,0,0,0,0,0,0,1,1.51147906246125
Canton Borough Police Department,2006-05-01,Pennsylvania,1747,PA00802,0,0,0,0,0,0,0,0,0,0,0,0,0,0,0,0,0,0,1,0,0,1,0,1,0,0,0,0,0,0,0,0,0,0,0,0,0,0,0,0,0,0,0,0,0,0,0,0,0,0,0,0,0,74,0,0,74,74,0,74,0,0,0,0,0,0,0,0,0,0,0,0,0,0,0,74,0,0,74,0,0,0,0,0,0,0,0,0,0,0,0,1,1.51147906246125
Canton Borough Police Department,2006-06-01,Pennsylvania,1747,PA00802,0,0,0,0,0,0,0,0,0,0,0,0,0,0,0,0,0,0,0,0,0,0,0,0,0,0,0,0,0,0,0,0,0,0,0,0,0,0,0,0,0,0,0,0,0,0,0,0,0,0,0,0,0,0,0,0,0,0,0,0,0,0,0,0,0,0,0,0,0,0,0,0,0,0,0,0,0,0,0,0,0,0,0,0,0,0,0,0,0,0,0,1,1.51147906246125
Canton Borough Police Department,2006-07-01,Pennsylvania,1747,PA00802,0,0,0,0,0,0,0,0,0,0,0,0,0,0,0,0,0,0,0,0,0,0,0,0,0,0,0,0,0,0,0,0,0,0,0,0,0,0,0,0,0,0,0,0,0,0,0,0,0,0,0,0,0,0,0,0,0,0,0,0,0,0,0,0,0,0,0,0,0,0,0,0,0,0,0,0,0,0,0,0,0,0,0,0,0,0,0,0,0,0,0,1,1.51147906246125
Canton Borough Police Department,2006-08-01,Pennsylvania,1747,PA00802,0,0,0,0,0,0,0,0,0,0,0,0,0,0,0,0,0,0,0,0,0,0,0,0,0,0,0,0,0,0,0,0,0,0,0,0,0,0,0,0,0,0,0,0,0,0,0,0,0,0,0,0,0,0,0,0,0,0,0,0,0,0,0,0,0,0,0,0,0,0,0,0,0,0,0,0,0,0,0,0,0,0,0,0,0,0,0,0,0,0,0,1,1.51147906246125
Canton Borough Police Department,2006-09-01,Pennsylvania,1747,PA00802,1,0,0,0,0,0,1,1,0,0,0,0,0,0,0,0,0,0,0,1,0,1,0,0,0,0,1,0,0,0,0,1,0,1,0,0,2056,0,0,0,0,2056,0,0,0,0,0,0,0,0,0,0,0,0,227,0,227,2282,0,0,0,0,227,0,0,0,0,0,0,0,227,0,695,0,0,0,0,1360,2282,0,0,0,0,0,0,0,0,0,0,0,0,1,1.51147906246125
Canton Borough Police Department,2006-10-01,Pennsylvania,1747,PA00802,0,0,0,0,2,0,2,0,0,0,0,0,0,0,0,0,0,0,0,2,0,2,1,0,0,1,0,0,0,0,0,0,0,0,0,0,0,0,242,0,0,242,0,0,0,0,0,0,0,0,0,0,0,0,290,0,290,532,139,0,0,151,0,0,0,0,0,0,0,242,0,0,0,0,0,139,0,151,532,0,0,0,0,0,0,0,0,0,0,0,0,1,1.51147906246125
Canton Borough Police Department,2006-11-01,Pennsylvania,1747,PA00802,0,0,0,0,0,0,0,0,0,0,0,0,0,0,0,0,0,0,1,0,0,1,0,0,0,0,1,0,0,0,0,0,0,0,0,0,0,0,0,0,0,0,0,0,0,0,0,0,0,0,0,0,0,36,0,0,36,36,0,0,0,0,36,0,0,0,0,0,0,36,0,0,0,0,0,0,0,0,36,0,0,0,0,0,0,0,0,0,0,0,0,1,1.51147906246125
Canton Borough Police Department,2006-12-01,Pennsylvania,1747,PA00802,0,0,0,0,0,0,0,0,0,0,0,0,0,0,0,0,0,0,0,1,1,2,0,0,0,0,1,0,0,0,1,0,0,0,0,0,0,0,0,0,0,0,0,0,0,0,0,0,0,0,0,0,0,0,121,453,574,574,0,0,0,0,453,0,0,0,121,0,0,121,0,0,453,0,0,0,0,0,574,0,0,0,0,0,0,0,0,0,0,0,0,1,1.51147906246125
Canton Borough Police Department,2007-01-01,Pennsylvania,1731,PA00802,0,0,0,0,0,0,0,0,0,0,0,0,0,0,0,0,0,0,0,0,1,1,0,0,0,0,1,0,0,0,0,0,0,0,0,0,0,0,0,0,0,0,0,0,0,0,0,0,0,0,0,0,0,0,0,955,955,955,0,0,0,0,955,0,0,0,0,0,0,0,0,0,0,0,0,0,0,955,955,0,0,0,0,0,0,0,0,0,0,955,955,1,1.46955740283082
Canton Borough Police Department,2007-02-01,Pennsylvania,1731,PA00802,0,1,0,0,0,0,1,0,0,0,0,0,0,0,0,0,0,0,0,1,0,1,0,0,0,0,1,0,0,0,0,0,0,0,0,0,0,0,0,0,0,0,0,0,0,0,0,0,0,0,0,0,0,0,294,0,294,294,0,0,0,0,294,0,0,0,0,0,0,0,0,294,0,0,0,0,0,0,294,0,0,0,0,0,0,0,0,0,0,0,0,1,1.46955740283082
Canton Borough Police Department,2007-03-01,Pennsylvania,1731,PA00802,0,0,0,0,0,0,0,0,0,0,0,0,0,0,0,0,0,0,0,3,0,3,0,0,0,1,2,0,0,0,0,0,0,0,0,0,0,0,0,0,0,0,0,0,0,0,0,0,0,0,0,0,0,0,588,0,588,588,0,0,0,147,441,0,0,0,0,0,0,0,0,0,0,0,0,294,0,294,588,0,0,0,0,0,0,0,0,0,0,0,0,1,1.46955740283082
Canton Borough Police Department,2007-04-01,Pennsylvania,1731,PA00802,0,0,0,0,1,0,1,0,0,0,0,0,0,0,0,0,0,0,2,0,2,4,1,0,0,1,0,0,0,0,2,0,0,0,0,0,0,0,162,0,0,162,0,0,0,0,0,0,0,0,0,0,0,96,0,591,686,848,295,0,0,66,0,0,0,0,325,0,0,15,0,0,0,0,0,686,147,0,848,0,0,0,0,0,0,0,0,0,0,0,0,1,1.46955740283082
Canton Borough Police Department,2007-05-01,Pennsylvania,1731,PA00802,0,0,0,0,0,0,0,0,0,0,0,0,0,0,0,0,0,0,0,0,0,0,0,0,0,0,0,0,0,0,0,0,0,0,0,0,0,0,0,0,0,0,0,0,0,0,0,0,0,0,0,0,0,0,0,0,0,0,0,0,0,0,0,0,0,0,0,0,0,0,0,0,0,0,0,0,0,0,0,0,0,0,0,0,0,0,0,0,0,0,0,1,1.46955740283082
Canton Borough Police Department,2007-06-01,Pennsylvania,1731,PA00802,0,0,0,0,0,0,0,0,0,0,0,0,0,0,0,0,0,0,0,0,0,0,0,0,0,0,0,0,0,0,0,0,0,0,0,0,0,0,0,0,0,0,0,0,0,0,0,0,0,0,0,0,0,0,0,0,0,0,0,0,0,0,0,0,0,0,0,0,0,0,0,0,0,0,0,0,0,0,0,0,0,0,0,0,0,0,0,0,0,0,0,1,1.46955740283082
Canton Borough Police Department,2007-07-01,Pennsylvania,1731,PA00802,0,0,0,0,0,0,0,0,0,0,0,0,0,0,0,0,0,0,0,0,0,0,0,0,0,0,0,0,0,0,0,0,0,0,0,0,0,0,0,0,0,0,0,0,0,0,0,0,0,0,0,0,0,0,0,0,0,0,0,0,0,0,0,0,0,0,0,0,0,0,0,0,0,0,0,0,0,0,0,0,0,0,0,0,0,0,0,0,0,0,0,1,1.46955740283082
Canton Borough Police Department,2007-08-01,Pennsylvania,1731,PA00802,0,0,0,0,0,0,0,0,0,0,0,0,0,0,0,0,0,0,0,0,0,0,0,0,0,0,0,0,0,0,0,0,0,0,0,0,0,0,0,0,0,0,0,0,0,0,0,0,0,0,0,0,0,0,0,0,0,0,0,0,0,0,0,0,0,0,0,0,0,0,0,0,0,0,0,0,0,0,0,0,0,0,0,0,0,0,0,0,0,0,0,1,1.46955740283082
Canton Borough Police Department,2007-09-01,Pennsylvania,1731,PA00802,0,0,0,0,0,0,0,0,0,0,0,0,0,0,0,0,0,0,0,0,0,0,0,0,0,0,0,0,0,0,0,0,0,0,0,0,0,0,0,0,0,0,0,0,0,0,0,0,0,0,0,0,0,0,0,0,0,0,0,0,0,0,0,0,0,0,0,0,0,0,0,0,0,0,0,0,0,0,0,0,0,0,0,0,0,0,0,0,0,0,0,1,1.46955740283082
Canton Borough Police Department,2007-10-01,Pennsylvania,1731,PA00802,0,0,0,0,0,0,0,0,0,0,0,0,0,0,0,0,0,0,0,0,0,0,0,0,0,0,0,0,0,0,0,0,0,0,0,0,0,0,0,0,0,0,0,0,0,0,0,0,0,0,0,0,0,0,0,0,0,0,0,0,0,0,0,0,0,0,0,0,0,0,0,0,0,0,0,0,0,0,0,0,0,0,0,0,0,0,0,0,0,0,0,1,1.46955740283082
Canton Borough Police Department,2007-11-01,Pennsylvania,1731,PA00802,0,0,0,0,0,0,0,0,0,0,0,0,0,0,0,0,0,0,0,0,0,0,0,0,0,0,0,0,0,0,0,0,0,0,0,0,0,0,0,0,0,0,0,0,0,0,0,0,0,0,0,0,0,0,0,0,0,0,0,0,0,0,0,0,0,0,0,0,0,0,0,0,0,0,0,0,0,0,0,0,0,0,0,0,0,0,0,0,0,0,0,1,1.46955740283082
Canton Borough Police Department,2007-12-01,Pennsylvania,1731,PA00802,0,0,0,0,0,0,0,0,0,0,0,0,0,0,0,0,0,0,0,0,0,0,0,0,0,0,0,0,0,0,0,0,0,0,0,0,0,0,0,0,0,0,0,0,0,0,0,0,0,0,0,0,0,0,0,0,0,0,0,0,0,0,0,0,0,0,0,0,0,0,0,0,0,0,0,0,0,0,0,0,0,0,0,0,0,0,0,0,0,0,0,1,1.46955740283082
Canton Borough Police Department,2008-01-01,Pennsylvania,1700,PA00802,0,1,0,0,0,0,1,0,0,0,0,0,0,0,0,0,0,0,0,1,0,1,0,0,0,0,1,0,0,0,0,0,0,0,0,0,0,0,0,0,0,0,0,0,0,0,0,0,0,0,0,0,0,0,142,0,142,142,0,0,0,0,142,0,0,0,0,0,0,0,0,0,0,0,0,142,0,0,142,0,0,0,0,0,0,0,0,0,0,0,0,1,1.41522547733228
Canton Borough Police Department,2008-02-01,Pennsylvania,1700,PA00802,0,0,0,0,0,0,0,0,0,0,0,0,0,0,0,0,0,0,2,0,1,3,0,0,0,0,2,0,0,0,1,0,0,0,0,0,0,0,0,0,0,0,0,0,0,0,0,0,0,0,0,0,0,50,0,485,535,535,0,0,0,0,50,0,0,0,485,0,0,521,0,0,0,0,0,14,0,0,535,0,0,0,0,0,0,0,0,0,0,0,0,1,1.41522547733228
Canton Borough Police Department,2008-03-01,Pennsylvania,1700,PA00802,0,0,0,0,0,0,0,0,0,0,0,0,0,0,0,0,0,0,0,0,0,0,0,0,0,0,0,0,0,0,0,0,0,0,0,0,0,0,0,0,0,0,0,0,0,0,0,0,0,0,0,0,0,0,0,0,0,0,0,0,0,0,0,0,0,0,0,0,0,0,0,0,0,0,0,0,0,0,0,0,0,0,0,0,0,0,0,0,0,0,0,1,1.41522547733228
Canton Borough Police Department,2008-04-01,Pennsylvania,1700,PA00802,0,0,0,0,0,0,0,0,0,0,0,0,0,0,0,0,0,0,0,1,1,2,1,0,0,0,1,0,0,0,0,0,0,0,0,0,0,0,0,0,0,0,0,0,0,0,0,0,0,0,0,0,0,0,69,284,354,354,284,0,0,0,69,0,0,0,0,0,0,0,0,0,0,0,0,69,0,284,354,0,0,0,0,0,0,0,0,0,0,0,0,1,1.41522547733228
Canton Borough Police Department,2008-05-01,Pennsylvania,1700,PA00802,0,0,0,0,0,0,0,0,0,0,0,0,0,0,0,0,0,0,3,0,2,5,0,1,0,0,1,0,0,3,0,0,0,0,0,0,0,0,0,0,0,0,0,0,0,0,0,0,0,0,0,0,0,14,0,2406,2420,2420,0,283,0,0,2123,0,0,14,0,0,0,0,0,0,0,0,0,2420,0,0,2420,0,0,0,0,0,0,0,0,297,0,0,297,1,1.41522547733228
Canton Borough Police Department,2008-06-01,Pennsylvania,1700,PA00802,0,0,0,0,0,0,0,1,0,0,0,0,0,0,0,0,0,0,0,0,0,0,0,0,0,0,0,0,0,0,0,0,1,1,0,0,0,0,0,0,0,0,14152,0,0,0,0,0,0,0,0,0,0,0,0,0,0,14152,0,0,0,0,0,0,0,0,0,0,0,0,0,0,0,0,14152,0,0,0,14152,0,0,0,0,0,0,0,14152,0,0,0,14152,1,1.41522547733228
Canton Borough Police Department,2008-07-01,Pennsylvania,1700,PA00802,0,0,0,0,0,0,0,0,0,0,0,0,0,0,0,0,0,0,1,0,0,1,0,0,0,0,0,0,0,1,0,0,0,0,0,0,0,0,0,0,0,0,0,0,0,0,0,0,0,0,0,0,0,3,0,0,3,3,0,0,0,0,0,0,0,3,0,0,3,0,0,0,0,0,0,0,0,0,3,0,3,0,0,0,0,0,0,0,0,0,3,1,1.41522547733228
Canton Borough Police Department,2008-08-01,Pennsylvania,1700,PA00802,0,0,0,0,0,0,0,0,0,0,0,0,0,0,0,0,0,0,0,0,0,0,0,0,0,0,0,0,0,0,0,0,0,0,0,0,0,0,0,0,0,0,0,0,0,0,0,0,0,0,0,0,0,0,0,0,0,0,0,0,0,0,0,0,0,0,0,0,0,0,0,0,0,0,0,0,0,0,0,0,0,0,0,0,0,0,0,0,0,0,0,1,1.41522547733228
Canton Borough Police Department,2008-09-01,Pennsylvania,1700,PA00802,0,0,0,0,0,0,0,0,0,0,0,0,0,0,0,0,0,0,0,0,0,0,0,0,0,0,0,0,0,0,0,0,0,0,0,0,0,0,0,0,0,0,0,0,0,0,0,0,0,0,0,0,0,0,0,0,0,0,0,0,0,0,0,0,0,0,0,0,0,0,0,0,0,0,0,0,0,0,0,0,0,0,0,0,0,0,0,0,0,0,0,1,1.41522547733228
Canton Borough Police Department,2008-10-01,Pennsylvania,1700,PA00802,0,0,0,0,0,0,0,0,0,0,0,0,0,0,0,0,0,0,0,0,0,0,0,0,0,0,0,0,0,0,0,0,0,0,0,0,0,0,0,0,0,0,0,0,0,0,0,0,0,0,0,0,0,0,0,0,0,0,0,0,0,0,0,0,0,0,0,0,0,0,0,0,0,0,0,0,0,0,0,0,0,0,0,0,0,0,0,0,0,0,0,1,1.41522547733228
Canton Borough Police Department,2008-11-01,Pennsylvania,1700,PA00802,0,0,0,0,0,0,0,0,0,0,0,0,0,0,0,0,0,0,0,0,0,0,0,0,0,0,0,0,0,0,0,0,0,0,0,0,0,0,0,0,0,0,0,0,0,0,0,0,0,0,0,0,0,0,0,0,0,0,0,0,0,0,0,0,0,0,0,0,0,0,0,0,0,0,0,0,0,0,0,0,0,0,0,0,0,0,0,0,0,0,0,1,1.41522547733228
Canton Borough Police Department,2008-12-01,Pennsylvania,1700,PA00802,0,0,0,0,0,0,0,1,0,0,0,1,0,0,0,0,0,1,0,0,0,0,0,0,0,0,0,0,0,0,0,0,0,0,0,0,0,0,0,0,0,0,0,0,0,0,4953,0,0,0,0,0,4953,0,0,0,0,4953,0,0,0,0,0,0,0,0,0,0,0,4953,0,0,0,0,0,0,0,0,4953,0,0,0,0,0,0,0,0,0,0,0,0,1,1.41522547733228
Canton Borough Police Department,2009-01-01,Pennsylvania,1683,PA00802,0,1,0,0,0,0,1,0,0,0,0,0,0,0,0,0,0,0,0,0,1,1,0,0,0,0,1,0,0,0,0,0,0,0,0,497,0,0,0,0,0,497,0,0,0,0,0,0,0,0,0,0,0,0,0,568,568,1065,0,0,0,0,568,0,0,0,0,0,0,568,0,0,0,0,0,0,0,497,1065,0,0,0,0,0,0,0,0,0,0,497,497,1,1.42027521282265
Canton Borough Police Department,2009-02-01,Pennsylvania,1683,PA00802,0,0,0,0,0,0,0,0,0,0,0,0,0,0,0,0,0,0,0,0,1,1,0,0,0,0,0,0,0,0,1,0,0,0,0,0,0,0,0,0,0,0,0,0,0,0,0,0,0,0,0,0,0,0,0,432,432,432,0,0,0,0,0,0,0,0,432,0,0,432,0,0,0,0,0,0,0,0,432,0,0,0,0,0,0,0,0,0,0,0,0,1,1.42027521282265
Canton Borough Police Department,2009-03-01,Pennsylvania,1683,PA00802,0,0,1,0,0,0,1,0,0,0,0,0,0,0,0,0,0,0,2,0,0,2,0,0,0,0,0,0,0,1,1,0,0,0,0,0,0,497,0,0,0,497,0,0,0,0,0,0,0,0,0,0,0,51,0,0,51,548,0,0,0,0,0,0,0,9,43,0,0,71,0,9,0,0,0,43,0,426,548,0,0,0,0,9,0,0,0,0,0,0,9,1,1.42027521282265
Canton Borough Police Department,2009-04-01,Pennsylvania,1683,PA00802,0,1,0,0,0,0,1,0,0,0,0,0,0,0,0,0,0,0,1,3,1,5,3,0,0,2,0,0,0,0,0,0,0,0,0,0,0,0,0,0,0,0,0,0,0,0,0,0,0,0,0,0,0,3,355,454,812,812,597,0,0,216,0,0,0,0,0,0,0,3,0,0,0,0,0,0,0,810,812,0,0,0,0,0,0,0,0,0,0,0,0,1,1.42027521282265
Canton Borough Police Department,2009-05-01,Pennsylvania,1683,PA00802,0,1,0,0,0,0,1,0,0,0,0,0,0,0,0,0,0,0,0,0,0,0,0,0,0,0,0,0,0,0,0,0,0,0,0,142,0,0,0,0,0,142,0,0,0,0,0,0,0,0,0,0,0,0,0,0,0,142,0,0,0,0,0,0,0,0,0,0,0,0,0,0,0,0,0,142,0,0,142,0,0,0,0,0,0,0,0,0,0,0,0,1,1.42027521282265
Canton Borough Police Department,2009-06-01,Pennsylvania,1683,PA00802,0,0,0,0,0,0,0,0,0,0,0,0,0,0,0,0,0,0,0,0,0,0,0,0,0,0,0,0,0,0,0,0,0,0,0,0,0,0,0,0,0,0,0,0,0,0,0,0,0,0,0,0,0,0,0,0,0,0,0,0,0,0,0,0,0,0,0,0,0,0,0,0,0,0,0,0,0,0,0,0,0,0,0,0,0,0,0,0,0,0,0,1,1.42027521282265
Canton Borough Police Department,2009-07-01,Pennsylvania,1683,PA00802,0,0,0,0,0,0,0,0,0,0,0,0,0,0,0,0,0,0,0,0,1,1,0,0,0,0,0,0,0,0,1,0,0,0,0,0,0,0,0,0,0,0,0,0,0,0,0,0,0,0,0,0,0,0,0,5326,5326,5326,0,0,0,0,0,0,0,0,5326,0,0,0,0,0,0,0,0,5326,0,0,5326,0,0,0,0,0,0,0,0,0,0,0,0,1,1.42027521282265
Canton Borough Police Department,2009-08-01,Pennsylvania,1683,PA00802,0,0,0,0,0,0,0,0,0,0,0,0,0,0,0,0,0,0,0,1,0,1,0,0,0,0,0,0,1,0,0,0,0,0,0,0,0,0,0,0,0,0,0,0,0,0,0,0,0,0,0,0,0,0,84,0,84,84,0,0,0,0,0,0,84,0,0,0,0,84,0,0,0,0,0,0,0,0,84,0,0,84,0,0,0,0,0,0,0,0,84,1,1.42027521282265
Canton Borough Police Department,2009-09-01,Pennsylvania,1683,PA00802,0,0,0,0,1,0,1,0,0,0,0,0,0,0,0,0,0,0,1,0,0,1,0,0,0,0,0,0,0,1,0,0,0,0,0,0,0,0,3234,0,0,3234,0,0,0,0,0,0,0,0,0,0,0,13,0,0,13,3247,0,0,0,0,0,0,0,13,0,0,13,3234,0,0,0,0,0,0,0,0,3247,0,13,0,0,0,0,0,0,0,0,0,13,1,1.42027521282265
Canton Borough Police Department,2009-10-01,Pennsylvania,1683,PA00802,0,0,0,0,0,0,0,0,0,0,0,0,0,0,0,0,0,0,0,0,0,0,0,0,0,0,0,0,0,0,0,0,0,0,0,0,0,0,0,0,0,0,0,0,0,0,0,0,0,0,0,0,0,0,0,0,0,0,0,0,0,0,0,0,0,0,0,0,0,0,0,0,0,0,0,0,0,0,0,0,0,0,0,0,0,0,0,0,0,0,0,1,1.42027521282265
Canton Borough Police Department,2009-11-01,Pennsylvania,1683,PA00802,0,0,0,0,1,0,1,1,0,0,0,0,0,0,0,0,0,0,0,0,0,0,0,0,0,0,0,0,0,0,0,0,1,1,0,0,0,0,195,0,0,195,7101,0,0,0,0,0,0,0,0,0,0,0,0,0,0,7296,0,0,0,0,0,0,0,0,0,0,195,0,0,0,0,0,7101,0,0,0,7296,0,0,0,0,0,0,0,7101,0,0,0,7101,1,1.42027521282265
Canton Borough Police Department,2009-12-01,Pennsylvania,1683,PA00802,0,0,0,0,0,0,0,0,0,0,0,0,0,0,0,0,0,0,0,0,0,0,0,0,0,0,0,0,0,0,0,0,0,0,0,0,0,0,0,0,0,0,0,0,0,0,0,0,0,0,0,0,0,0,0,0,0,0,0,0,0,0,0,0,0,0,0,0,0,0,0,0,0,0,0,0,0,0,0,0,0,0,0,0,0,0,0,0,0,0,0,1,1.42027521282265
Canton Borough Police Department,2010-01-01,Pennsylvania,1976,PA00802,0,0,0,0,0,0,0,0,0,0,0,0,0,0,0,0,0,0,1,0,0,1,0,0,0,0,0,0,0,1,0,0,0,0,0,0,0,0,0,0,0,0,0,0,0,0,0,0,0,0,0,0,0,8,0,0,8,8,0,0,0,0,0,0,0,8,0,0,0,0,0,0,0,0,0,8,0,0,8,0,0,0,0,0,0,0,0,8,0,0,8,1,1.3973579356326
Canton Borough Police Department,2010-02-01,Pennsylvania,1976,PA00802,0,0,0,0,0,0,0,0,0,0,0,0,0,0,0,0,0,0,0,0,0,0,0,0,0,0,0,0,0,0,0,0,0,0,0,0,0,0,0,0,0,0,0,0,0,0,0,0,0,0,0,0,0,0,0,0,0,0,0,0,0,0,0,0,0,0,0,0,0,0,0,0,0,0,0,0,0,0,0,0,0,0,0,0,0,0,0,0,0,0,0,1,1.3973579356326
Canton Borough Police Department,2010-03-01,Pennsylvania,1976,PA00802,0,0,0,0,1,0,1,0,0,0,0,0,0,0,0,0,0,0,0,0,0,0,0,0,0,0,0,0,0,0,0,0,0,0,0,0,0,0,574,0,0,574,0,0,0,0,0,0,0,0,0,0,0,0,0,0,0,574,0,0,0,0,0,0,0,0,0,0,0,0,0,0,0,0,0,574,0,0,574,0,0,0,0,0,0,0,0,0,0,0,0,1,1.3973579356326
Canton Borough Police Department,2010-04-01,Pennsylvania,1976,PA00802,0,0,0,0,0,1,1,0,0,0,0,0,0,0,0,0,0,0,0,0,0,0,0,0,0,0,0,0,0,0,0,0,0,0,0,0,0,0,0,0,699,699,0,0,0,0,0,0,0,0,0,0,0,0,0,0,0,699,0,0,0,0,0,0,0,0,0,0,0,0,0,0,279,0,0,419,0,0,699,0,0,0,0,0,0,0,0,0,0,0,0,1,1.3973579356326
Canton Borough Police Department,2010-05-01,Pennsylvania,1976,PA00802,0,0,0,0,0,0,0,0,0,0,0,0,0,0,0,0,0,0,1,0,0,1,0,0,0,0,1,0,0,0,0,0,0,0,0,0,0,0,0,0,0,0,0,0,0,0,0,0,0,0,0,0,0,35,0,0,35,35,0,0,0,0,35,0,0,0,0,0,0,0,0,0,0,0,0,35,0,0,35,0,0,0,0,0,0,0,0,0,0,0,0,1,1.3973579356326
Canton Borough Police Department,2010-06-01,Pennsylvania,1976,PA00802,0,0,0,0,0,0,0,0,0,0,0,0,0,0,0,0,0,0,0,0,0,0,0,0,0,0,0,0,0,0,0,0,0,0,0,0,0,0,0,0,0,0,0,0,0,0,0,0,0,0,0,0,0,0,0,0,0,0,0,0,0,0,0,0,0,0,0,0,0,0,0,0,0,0,0,0,0,0,0,0,0,0,0,0,0,0,0,0,0,0,0,1,1.3973579356326
Canton Borough Police Department,2010-07-01,Pennsylvania,1976,PA00802,0,0,0,0,0,0,0,0,0,0,0,0,0,0,0,0,0,0,0,0,0,0,0,0,0,0,0,0,0,0,0,0,0,0,0,0,0,0,0,0,0,0,0,0,0,0,0,0,0,0,0,0,0,0,0,0,0,0,0,0,0,0,0,0,0,0,0,0,0,0,0,0,0,0,0,0,0,0,0,0,0,0,0,0,0,0,0,0,0,0,0,1,1.3973579356326
Canton Borough Police Department,2010-08-01,Pennsylvania,1976,PA00802,0,0,2,0,0,0,2,0,0,0,0,0,0,0,0,0,0,0,0,1,1,2,0,1,0,0,0,0,0,0,1,0,0,0,0,0,0,419,0,0,0,419,0,0,0,0,0,0,0,0,0,0,0,0,140,2962,3102,3521,0,140,0,0,0,0,0,0,2962,0,0,419,0,0,0,0,0,3102,0,0,3521,0,0,0,0,0,0,0,0,0,0,0,0,1,1.3973579356326
Canton Borough Police Department,2010-09-01,Pennsylvania,1976,PA00802,0,0,0,0,1,0,1,0,0,0,0,0,0,0,0,0,0,0,0,1,0,1,1,0,0,0,0,0,0,0,0,0,0,0,0,0,0,0,140,0,0,140,0,0,0,0,0,0,0,0,0,0,0,0,105,0,105,245,105,0,0,0,0,0,0,0,0,0,0,140,0,0,0,0,0,105,0,0,245,0,0,0,0,0,0,0,0,0,0,0,0,1,1.3973579356326
Canton Borough Police Department,2010-10-01,Pennsylvania,1976,PA00802,0,0,0,0,0,0,0,0,0,0,0,0,0,0,0,0,0,0,0,1,0,1,0,0,0,0,0,0,0,0,1,0,0,0,0,0,0,0,0,0,0,0,0,0,0,0,0,0,0,0,0,0,0,0,70,0,70,70,0,0,0,0,0,0,0,0,70,0,0,0,0,0,0,0,0,70,0,0,70,0,0,0,0,0,0,0,0,0,0,0,0,1,1.3973579356326
Canton Borough Police Department,2010-11-01,Pennsylvania,1976,PA00802,0,1,0,0,1,0,2,1,0,0,0,0,0,0,0,0,0,0,2,0,1,3,0,0,0,1,1,0,0,0,1,0,0,0,0,1069,0,0,1374,0,0,2443,8524,0,0,0,0,0,0,0,0,0,0,112,0,337,449,11415,0,0,0,56,337,0,0,0,56,140,0,1485,0,0,0,0,8384,1406,0,0,11415,0,0,0,0,0,0,0,0,0,0,0,0,1,1.3973579356326
Canton Borough Police Department,2010-12-01,Pennsylvania,1976,PA00802,0,0,0,0,2,1,3,0,0,0,0,0,0,0,0,0,0,0,0,1,0,1,0,0,0,1,0,0,0,0,0,0,0,0,0,0,0,0,430,0,3,433,0,0,0,0,0,0,0,0,0,0,0,0,175,0,175,608,0,0,0,175,0,0,0,0,0,0,0,605,0,0,0,0,0,3,0,0,608,0,0,0,0,0,0,0,0,0,0,0,0,1,1.3973579356326
Canton Borough Police Department,2011-01-01,Pennsylvania,1982,PA00802,0,0,0,0,3,0,3,0,0,0,0,0,0,0,0,0,0,0,0,0,0,0,0,0,0,0,0,0,0,0,0,0,0,0,0,0,0,0,2113,0,0,2113,0,0,0,0,0,0,0,0,0,0,0,0,0,0,0,2113,0,0,0,0,0,0,0,0,0,0,0,7,0,0,0,0,0,2106,0,0,2113,0,0,0,0,0,0,0,0,0,0,0,0,1,1.35459550174677
Canton Borough Police Department,2011-02-01,Pennsylvania,1982,PA00802,0,0,0,0,0,0,0,0,0,0,0,0,0,0,0,0,0,0,0,0,0,0,0,0,0,0,0,0,0,0,0,0,0,0,0,0,0,0,0,0,0,0,0,0,0,0,0,0,0,0,0,0,0,0,0,0,0,0,0,0,0,0,0,0,0,0,0,0,0,0,0,0,0,0,0,0,0,0,0,0,0,0,0,0,0,0,0,0,0,0,0,1,1.35459550174677
Canton Borough Police Department,2011-03-01,Pennsylvania,1982,PA00802,0,0,0,0,1,0,1,0,0,0,0,0,0,0,0,0,0,0,0,0,0,0,0,0,0,0,0,0,0,0,0,0,0,0,0,0,0,0,34,0,0,34,0,0,0,0,0,0,0,0,0,0,0,0,0,0,0,34,0,0,0,0,0,0,0,0,0,0,0,0,0,0,0,0,0,34,0,0,34,0,0,0,0,0,0,0,0,0,0,0,0,1,1.35459550174677
Canton Borough Police Department,2011-04-01,Pennsylvania,1982,PA00802,0,0,0,0,0,0,0,0,0,0,0,0,0,0,0,0,0,0,0,0,1,1,0,0,0,0,1,0,0,0,0,0,0,0,0,0,0,0,0,0,0,0,0,0,0,0,0,0,0,0,0,0,0,0,0,271,271,271,0,0,0,0,271,0,0,0,0,0,0,0,0,0,0,0,0,271,0,0,271,0,0,0,0,0,0,0,0,0,0,0,0,1,1.35459550174677
Canton Borough Police Department,2011-05-01,Pennsylvania,1982,PA00802,0,0,0,0,0,0,0,0,0,0,0,0,0,0,0,0,0,0,0,1,2,3,0,0,0,1,1,0,1,0,0,0,0,0,0,0,0,0,0,0,0,0,0,0,0,0,0,0,0,0,0,0,0,0,68,1422,1490,1490,0,0,0,1016,68,0,406,0,0,0,0,406,0,0,0,0,0,1084,0,0,1490,0,0,0,0,0,0,0,0,0,0,203,203,1,1.35459550174677
Canton Borough Police Department,2011-06-01,Pennsylvania,1982,PA00802,0,0,0,0,0,0,0,0,0,1,0,0,0,0,0,0,0,0,3,0,0,3,0,0,0,2,0,0,0,1,0,0,0,0,0,0,0,0,0,0,0,0,0,0,0,0,0,0,0,0,0,0,0,81,0,0,81,81,0,0,0,68,0,0,0,14,0,0,14,0,0,0,0,0,0,68,0,0,81,0,0,0,0,0,0,0,0,0,0,0,0,1,1.35459550174677
Canton Borough Police Department,2011-07-01,Pennsylvania,1982,PA00802,0,0,0,0,0,0,0,0,0,0,0,0,0,0,0,0,0,0,0,0,0,0,0,0,0,0,0,0,0,0,0,0,0,0,0,0,0,0,0,0,0,0,0,0,0,0,0,0,0,0,0,0,0,0,0,0,0,0,0,0,0,0,0,0,0,0,0,0,0,0,0,0,0,0,0,0,0,0,0,0,0,0,0,0,0,0,0,0,0,0,0,1,1.35459550174677
Canton Borough Police Department,2011-08-01,Pennsylvania,1982,PA00802,0,1,0,0,0,0,1,1,0,0,0,0,0,0,0,0,0,0,1,0,1,2,0,0,0,1,1,0,0,0,0,0,0,0,0,0,0,0,0,0,0,0,0,0,0,0,0,0,0,0,0,0,0,5,0,271,276,276,0,0,0,271,5,0,0,0,0,0,0,5,0,0,0,0,0,0,0,271,276,0,0,0,0,0,0,0,0,0,0,0,0,1,1.35459550174677
Canton Borough Police Department,2011-09-01,Pennsylvania,1982,PA00802,0,0,0,0,0,0,0,0,0,0,0,0,0,0,0,0,0,0,2,3,0,5,0,0,0,4,1,0,0,0,0,0,0,0,0,0,0,0,0,0,0,0,0,0,0,0,0,0,0,0,0,0,0,41,224,0,264,264,0,0,0,196,68,0,0,0,0,0,0,7,0,0,0,0,0,257,0,0,264,0,0,0,0,0,0,0,0,0,0,0,0,1,1.35459550174677
Canton Borough Police Department,2011-10-01,Pennsylvania,1982,PA00802,1,0,1,0,0,1,3,0,0,0,0,0,0,0,0,0,0,0,1,0,0,1,0,0,0,0,0,0,0,1,0,0,0,0,0,0,1002,203,0,0,0,1206,0,0,0,0,0,0,0,0,0,0,0,5,0,0,5,1211,0,0,0,0,0,0,0,5,0,0,0,0,0,0,0,0,0,303,230,677,1211,0,0,0,0,0,0,0,0,0,0,0,0,1,1.35459550174677
Canton Borough Police Department,2011-11-01,Pennsylvania,1982,PA00802,1,0,1,0,0,0,2,0,0,0,0,0,0,0,0,0,0,0,0,2,2,4,0,0,0,2,1,0,0,0,1,0,0,0,0,0,0,676,0,0,0,676,0,0,0,0,0,0,0,0,0,0,0,0,226,1558,1784,2460,0,0,0,226,542,0,0,0,1016,0,0,565,0,0,135,0,0,1355,0,405,2460,0,0,0,0,0,0,0,0,0,14,169,183,1,1.35459550174677
Canton Borough Police Department,2011-12-01,Pennsylvania,1982,PA00802,0,0,1,0,0,0,1,0,0,0,0,0,0,0,0,0,0,0,0,0,3,3,0,0,0,2,0,0,0,0,1,0,0,0,0,0,0,34,0,0,0,34,0,0,0,0,0,0,0,0,0,0,0,0,0,1023,1023,1057,0,0,0,752,0,0,0,0,271,0,34,305,0,0,0,0,0,447,0,271,1057,0,0,0,0,0,0,0,0,0,0,0,0,1,1.35459550174677
Canton Borough Police Department,2012-01-01,Pennsylvania,1986,PA00802,0,2,0,0,0,0,2,0,0,0,0,0,0,0,0,0,0,0,0,2,0,2,1,0,0,0,1,0,0,0,0,0,0,0,0,0,0,0,0,0,0,0,0,0,0,0,0,0,0,0,0,0,0,0,199,0,199,199,66,0,0,0,133,0,0,0,0,0,0,0,0,0,133,0,0,66,0,0,199,0,0,0,0,0,0,0,0,0,0,0,0,1,1.32713265123532
Canton Borough Police Department,2012-02-01,Pennsylvania,1986,PA00802,0,0,0,0,0,0,0,0,0,0,0,0,0,0,0,0,0,0,0,1,1,2,0,0,0,1,1,0,0,0,0,0,0,0,0,0,0,0,0,0,0,0,0,0,0,0,0,0,0,0,0,0,0,0,133,8122,8255,8255,0,0,0,8122,133,0,0,0,0,0,0,40,0,0,119,0,7963,133,0,0,8255,0,0,0,0,0,0,0,0,0,0,0,0,1,1.32713265123532
Canton Borough Police Department,2012-03-01,Pennsylvania,1986,PA00802,0,0,0,0,0,0,0,1,0,0,0,0,0,0,0,0,0,0,0,2,1,3,0,0,0,0,2,0,0,0,1,0,0,0,0,0,0,0,0,0,0,0,1327,0,0,0,0,0,0,0,0,0,0,0,463,1062,1525,2852,0,0,0,0,1261,0,0,0,264,0,0,0,0,0,0,0,1327,304,1062,159,2852,0,0,0,0,0,0,0,0,0,0,80,80,1,1.32713265123532
Canton Borough Police Department,2012-04-01,Pennsylvania,1986,PA00802,0,0,0,0,0,0,0,0,0,0,0,0,0,0,0,0,0,0,0,0,0,0,0,0,0,0,0,0,0,0,0,0,0,0,0,0,0,0,0,0,0,0,0,0,0,0,0,0,0,0,0,0,0,0,0,0,0,0,0,0,0,0,0,0,0,0,0,0,0,0,0,0,0,0,0,0,0,0,0,0,0,0,0,0,0,0,0,27,0,0,27,1,1.32713265123532
Canton Borough Police Department,2012-05-01,Pennsylvania,1986,PA00802,0,0,0,0,0,0,0,0,0,0,0,0,0,0,0,0,0,0,1,0,1,2,0,0,0,0,1,0,0,1,0,0,0,0,0,0,0,0,0,0,0,0,0,0,0,0,0,0,0,0,0,0,0,15,0,1228,1242,1242,0,0,0,0,1228,0,0,15,0,0,15,1228,0,0,0,0,0,0,0,0,1242,0,0,0,0,0,0,0,0,0,0,0,0,1,1.32713265123532
Canton Borough Police Department,2012-06-01,Pennsylvania,1986,PA00802,1,0,0,0,3,0,4,0,0,0,0,0,0,0,0,0,0,0,0,3,1,4,0,0,0,0,3,0,0,0,1,0,0,0,0,0,0,0,284,0,0,284,0,0,0,0,0,0,0,0,0,0,0,0,279,1489,1768,2052,0,0,0,0,1688,0,0,0,80,0,0,284,0,133,0,0,0,1555,0,80,2052,0,0,0,0,0,0,0,0,0,0,0,0,1,1.32713265123532
Canton Borough Police Department,2012-07-01,Pennsylvania,1986,PA00802,1,0,0,0,1,0,2,0,0,0,0,0,0,0,0,0,0,0,0,1,2,3,0,0,0,0,3,0,0,0,0,0,0,0,0,0,0,0,0,0,0,0,0,0,0,0,0,0,0,0,0,0,0,0,199,1752,1951,1951,0,0,0,0,1951,0,0,0,0,0,27,438,1261,0,0,0,0,27,0,199,1951,0,0,0,0,0,0,0,0,0,0,80,80,1,1.32713265123532
Canton Borough Police Department,2012-08-01,Pennsylvania,1986,PA00802,0,0,0,0,1,0,1,0,0,0,0,0,0,0,0,0,0,0,1,0,0,1,0,0,0,1,0,0,0,0,0,0,0,0,0,0,0,0,1062,0,0,1062,0,0,0,0,0,0,0,0,0,0,0,7,0,0,7,1068,0,0,0,7,0,0,0,0,0,0,0,7,0,0,0,0,1062,0,0,0,1068,0,0,0,0,0,0,0,0,0,0,0,0,1,1.32713265123532
Canton Borough Police Department,2012-09-01,Pennsylvania,1986,PA00802,0,0,0,0,1,0,1,0,0,0,0,0,0,0,0,0,0,0,1,0,0,1,0,0,0,0,1,0,0,0,0,0,0,0,0,0,0,0,0,0,0,0,0,0,0,0,0,0,0,0,0,0,0,3,0,0,3,3,0,0,0,0,3,0,0,0,0,0,3,0,0,0,0,0,0,0,0,0,3,0,0,0,0,0,0,0,0,0,0,0,0,1,1.32713265123532
Canton Borough Police Department,2012-10-01,Pennsylvania,1986,PA00802,0,0,0,0,0,0,0,1,0,1,0,0,0,0,0,0,0,0,1,1,1,3,0,0,0,2,0,0,0,1,0,0,0,0,0,0,0,0,0,0,0,0,7963,0,0,0,0,0,0,0,0,0,0,4,106,676,786,8748,0,0,0,782,0,0,0,4,0,0,4,106,410,0,0,0,7963,0,0,265,8748,0,0,106,0,0,133,0,0,0,0,0,239,1,1.32713265123532
Canton Borough Police Department,2012-11-01,Pennsylvania,1986,PA00802,0,0,0,0,0,0,0,0,0,0,0,0,0,0,0,0,0,0,0,0,2,2,0,0,0,2,0,0,0,0,0,0,0,0,0,0,0,0,0,0,0,0,0,0,0,0,0,0,0,0,0,0,0,0,0,1991,1991,1991,0,0,0,1991,0,0,0,0,0,0,0,0,531,0,0,0,0,1460,0,0,1991,0,0,0,0,0,0,0,0,0,0,0,0,1,1.32713265123532
Canton Borough Police Department,2012-12-01,Pennsylvania,1986,PA00802,0,0,0,0,0,0,0,0,0,0,0,0,0,0,0,0,0,0,1,0,0,1,0,0,0,0,1,0,0,0,0,0,0,0,0,0,0,0,0,0,0,0,0,0,0,0,0,0,0,0,0,0,0,60,0,0,60,60,0,0,0,0,60,0,0,0,0,0,0,60,0,0,0,0,0,0,0,0,60,0,0,0,0,0,0,0,0,0,0,0,0,1,1.32713265123532
Canton Borough Police Department,2014-01-01,Pennsylvania,1972,PA00802,1,0,0,0,0,0,1,0,0,0,0,0,0,0,0,0,0,0,0,0,0,0,0,0,0,0,0,0,0,0,0,0,0,0,0,0,9579,0,0,0,0,9579,0,0,0,0,0,0,0,0,0,0,0,0,0,0,0,9579,0,0,0,0,0,0,0,0,0,0,0,9579,0,0,0,0,0,0,0,0,9579,0,0,0,0,0,0,0,0,0,0,0,0,1,1.28709350845562
Canton Borough Police Department,2014-02-01,Pennsylvania,1972,PA00802,0,0,0,0,0,0,0,0,0,0,0,0,0,0,0,0,0,0,0,0,0,0,0,0,0,0,0,0,0,0,0,0,0,0,0,0,0,0,0,0,0,0,0,0,0,0,0,0,0,0,0,0,0,0,0,0,0,0,0,0,0,0,0,0,0,0,0,0,0,0,0,0,0,0,0,0,0,0,0,0,0,0,0,0,0,0,0,0,0,0,0,1,1.28709350845562
Canton Borough Police Department,2014-03-01,Pennsylvania,1972,PA00802,0,0,0,0,0,0,0,0,0,0,0,0,0,0,0,0,0,0,0,0,1,1,0,0,0,0,0,0,0,0,1,0,0,0,0,0,0,0,0,0,0,0,0,0,0,0,0,0,0,0,0,0,0,0,0,644,644,644,0,0,0,0,0,0,0,0,644,0,0,0,0,0,0,0,0,644,0,0,644,0,0,0,0,0,0,0,0,0,0,0,0,1,1.28709350845562
Canton Borough Police Department,2014-04-01,Pennsylvania,1972,PA00802,0,0,0,0,1,0,1,0,0,0,0,0,0,0,0,0,0,0,1,0,0,1,0,0,0,0,1,0,0,0,0,0,0,0,0,0,0,0,0,0,0,0,0,0,0,0,0,0,0,0,0,0,0,13,0,0,13,13,0,0,0,0,13,0,0,0,0,0,0,0,0,0,0,0,0,13,0,0,13,0,0,0,0,0,0,0,0,0,0,0,0,1,1.28709350845562
Canton Borough Police Department,2014-05-01,Pennsylvania,1972,PA00802,0,1,0,0,1,0,2,0,0,0,0,0,0,0,0,0,0,0,1,0,0,1,0,0,0,0,1,0,0,0,0,0,0,0,0,129,0,0,1030,0,0,1158,0,0,0,0,0,0,0,0,0,0,0,19,0,0,19,1178,0,0,0,0,19,0,0,0,0,0,0,1030,0,0,0,0,0,148,0,0,1178,0,0,0,0,0,0,0,0,0,0,0,0,1,1.28709350845562
Canton Borough Police Department,2014-06-01,Pennsylvania,1972,PA00802,0,0,0,0,0,0,0,0,0,0,0,0,0,0,0,0,0,0,0,0,0,0,0,0,0,0,0,0,0,0,0,0,0,0,0,0,0,0,0,0,0,0,0,0,0,0,0,0,0,0,0,0,0,0,0,0,0,0,0,0,0,0,0,0,0,0,0,0,0,0,0,0,0,0,0,0,0,0,0,0,0,0,0,0,0,0,0,0,0,0,0,1,1.28709350845562
Canton Borough Police Department,2014-07-01,Pennsylvania,1972,PA00802,0,0,0,0,0,0,0,0,0,0,0,0,0,0,0,0,0,0,0,1,1,2,0,0,0,0,0,0,0,0,2,0,0,0,0,0,0,0,0,0,0,0,0,0,0,0,0,0,0,0,0,0,0,0,103,646,749,749,0,0,0,0,0,0,0,0,749,0,0,646,0,103,0,0,0,0,0,0,749,0,0,0,0,0,0,0,0,0,0,0,0,1,1.28709350845562
Canton Borough Police Department,2014-08-01,Pennsylvania,1972,PA00802,0,0,0,0,0,0,0,0,0,0,0,0,0,0,0,0,0,0,0,1,0,1,0,0,0,0,0,0,0,1,0,0,0,0,0,0,0,0,0,0,0,0,0,0,0,0,0,0,0,0,0,0,0,0,58,0,58,58,0,0,0,0,0,0,0,58,0,58,0,0,0,0,0,0,0,0,0,0,58,58,0,0,0,0,0,0,0,0,0,0,58,1,1.28709350845562
Canton Borough Police Department,2014-09-01,Pennsylvania,1972,PA00802,0,0,0,0,0,0,0,0,0,0,0,0,0,0,0,0,0,0,0,0,0,0,0,0,0,0,0,0,0,0,0,0,0,0,0,0,0,0,0,0,0,0,0,0,0,0,0,0,0,0,0,0,0,0,0,0,0,0,0,0,0,0,0,0,0,0,0,0,0,0,0,0,0,0,0,0,0,0,0,0,0,0,0,0,0,0,0,0,0,0,0,1,1.28709350845562
Canton Borough Police Department,2014-10-01,Pennsylvania,1972,PA00802,0,0,0,0,0,0,0,0,0,0,0,0,0,0,0,0,0,0,4,2,0,6,0,1,0,0,2,0,0,0,3,0,0,0,0,0,0,0,0,0,0,0,0,0,0,0,0,0,0,0,0,0,0,84,322,0,405,405,0,257,0,0,0,0,0,0,148,0,0,0,0,0,0,0,0,405,0,0,405,0,0,0,0,0,0,0,0,64,0,0,64,1,1.28709350845562
Canton Borough Police Department,2014-11-01,Pennsylvania,1972,PA00802,0,1,0,0,0,0,1,0,0,0,0,0,0,0,0,0,0,0,0,0,0,0,0,0,0,0,0,0,0,0,0,0,0,0,0,257,0,0,0,0,0,257,0,0,0,0,0,0,0,0,0,0,0,0,0,0,0,257,0,0,0,0,0,0,0,0,0,0,0,0,0,257,0,0,0,0,0,0,257,0,0,0,0,0,0,0,0,0,0,0,0,1,1.28709350845562
Canton Borough Police Department,2014-12-01,Pennsylvania,1972,PA00802,0,0,0,0,1,0,1,0,0,0,0,0,0,0,0,0,0,0,0,0,1,1,0,0,0,0,1,0,0,0,0,0,0,0,0,0,0,0,129,0,0,129,0,0,0,0,0,0,0,0,0,0,0,0,0,322,322,450,0,0,0,0,322,0,0,0,0,0,0,129,0,0,0,0,0,322,0,0,450,0,0,0,0,0,0,0,0,0,0,0,0,1,1.28709350845562
Canton Borough Police Department,2015-01-01,Pennsylvania,1934,PA00802,0,0,0,0,0,0,0,0,0,0,0,0,0,0,0,0,0,0,1,0,0,1,0,0,0,0,0,0,0,1,0,0,0,0,0,0,0,0,0,0,0,0,0,0,0,0,0,0,0,0,0,0,0,1,0,0,1,1,0,0,0,0,0,0,0,1,0,0,1,0,0,0,0,0,0,0,0,0,1,0,0,0,0,0,0,0,0,0,0,0,0,1,1.28556847539769
Canton Borough Police Department,2015-02-01,Pennsylvania,1934,PA00802,0,0,0,0,0,0,0,0,0,0,0,0,0,0,0,0,0,0,0,0,0,0,0,0,0,0,0,0,0,0,0,0,0,0,0,0,0,0,0,0,0,0,0,0,0,0,0,0,0,0,0,0,0,0,0,0,0,0,0,0,0,0,0,0,0,0,0,0,0,0,0,0,0,0,0,0,0,0,0,0,0,0,0,0,0,0,0,0,0,0,0,1,1.28556847539769
Canton Borough Police Department,2015-03-01,Pennsylvania,1934,PA00802,0,0,0,0,0,0,0,0,0,0,0,0,0,0,0,0,0,0,0,0,0,0,0,0,0,0,0,0,0,0,0,0,0,0,0,0,0,0,0,0,0,0,0,0,0,0,0,0,0,0,0,0,0,0,0,0,0,0,0,0,0,0,0,0,0,0,0,0,0,0,0,0,0,0,0,0,0,0,0,0,0,0,0,0,0,0,0,0,0,0,0,1,1.28556847539769
Canton Borough Police Department,2015-04-01,Pennsylvania,1934,PA00802,0,0,0,0,0,0,0,0,0,0,0,0,0,0,0,0,0,0,0,0,0,0,0,0,0,0,0,0,0,0,0,0,0,0,0,0,0,0,0,0,0,0,0,0,0,0,0,0,0,0,0,0,0,0,0,0,0,0,0,0,0,0,0,0,0,0,0,0,0,0,0,0,0,0,0,0,0,0,0,0,0,0,0,0,0,0,0,0,0,0,0,1,1.28556847539769
Canton Borough Police Department,2015-05-01,Pennsylvania,1934,PA00802,0,0,0,0,0,0,0,1,0,0,0,0,0,0,0,0,0,0,0,0,0,0,0,0,0,0,0,0,0,0,0,0,0,0,0,0,0,0,0,0,0,0,257,0,0,0,0,0,0,0,0,0,0,0,0,0,0,257,0,0,0,0,0,0,0,0,0,0,0,0,0,0,0,0,257,0,0,0,257,0,0,0,0,0,0,0,0,0,0,0,0,1,1.28556847539769
Canton Borough Police Department,2015-06-01,Pennsylvania,1934,PA00802,0,0,0,0,0,0,0,0,0,0,0,0,0,0,0,0,0,0,0,0,0,0,0,0,0,0,0,0,0,0,0,0,0,0,0,0,0,0,0,0,0,0,0,0,0,0,0,0,0,0,0,0,0,0,0,0,0,0,0,0,0,0,0,0,0,0,0,0,0,0,0,0,0,0,0,0,0,0,0,0,0,0,0,0,0,0,0,0,0,0,0,1,1.28556847539769
Canton Borough Police Department,2015-07-01,Pennsylvania,1934,PA00802,0,0,0,0,0,0,0,0,0,0,0,0,0,0,0,0,0,0,0,0,0,0,0,0,0,0,0,0,0,0,0,0,0,0,0,0,0,0,0,0,0,0,0,0,0,0,0,0,0,0,0,0,0,0,0,0,0,0,0,0,0,0,0,0,0,0,0,0,0,0,0,0,0,0,0,0,0,0,0,0,0,0,0,0,0,0,0,0,0,0,0,1,1.28556847539769
Canton Borough Police Department,2015-08-01,Pennsylvania,1934,PA00802,0,0,0,0,0,0,0,0,0,0,0,0,0,0,0,0,0,0,0,0,0,0,0,0,0,0,0,0,0,0,0,0,0,0,0,0,0,0,0,0,0,0,0,0,0,0,0,0,0,0,0,0,0,0,0,0,0,0,0,0,0,0,0,0,0,0,0,0,0,0,0,0,0,0,0,0,0,0,0,0,0,0,0,0,0,0,0,0,0,0,0,1,1.28556847539769
Canton Borough Police Department,2015-09-01,Pennsylvania,1934,PA00802,0,0,0,0,0,0,0,0,0,0,0,0,0,0,0,0,0,0,0,0,0,0,0,0,0,0,0,0,0,0,0,0,0,0,0,0,0,0,0,0,0,0,0,0,0,0,0,0,0,0,0,0,0,0,0,0,0,0,0,0,0,0,0,0,0,0,0,0,0,0,0,0,0,0,0,0,0,0,0,0,0,0,0,0,0,0,0,0,0,0,0,1,1.28556847539769
Canton Borough Police Department,2015-10-01,Pennsylvania,1934,PA00802,0,0,0,0,0,0,0,0,0,0,0,0,0,0,0,0,0,0,0,0,0,0,0,0,0,0,0,0,0,0,0,0,0,0,0,0,0,0,0,0,0,0,0,0,0,0,0,0,0,0,0,0,0,0,0,0,0,0,0,0,0,0,0,0,0,0,0,0,0,0,0,0,0,0,0,0,0,0,0,0,0,0,0,0,0,0,0,0,0,0,0,1,1.28556847539769
Canton Borough Police Department,2015-11-01,Pennsylvania,1934,PA00802,0,0,0,0,0,0,0,0,0,0,0,0,0,0,0,0,0,0,0,0,3,3,0,0,0,0,3,0,0,0,0,0,0,0,0,0,0,0,0,0,0,0,0,0,0,0,0,0,0,0,0,0,0,0,0,5914,5914,5914,0,0,0,0,5914,0,0,0,0,0,0,5142,0,0,0,0,0,0,257,514,5914,0,0,0,0,0,0,0,0,0,257,514,771,1,1.28556847539769
Canton Borough Police Department,2015-12-01,Pennsylvania,1934,PA00802,0,0,0,0,0,0,0,1,0,0,0,0,0,0,0,0,0,0,0,0,0,0,0,0,0,0,0,0,0,0,0,0,0,0,0,0,0,0,0,0,0,0,2185,0,0,0,0,0,0,0,0,0,0,0,0,0,0,2185,0,0,0,0,0,0,0,0,0,0,0,0,0,0,0,0,2185,0,0,0,2185,0,0,0,0,0,0,0,2185,0,0,0,2185,1,1.28556847539769
Canton Borough Police Department,2016-01-01,Pennsylvania,1910,PA00802,0,0,0,0,0,0,0,0,0,0,0,0,0,0,0,0,0,0,0,1,0,1,0,0,0,0,1,0,0,0,0,0,0,0,0,0,0,0,0,0,0,0,0,0,0,0,0,0,0,0,0,0,0,0,127,0,127,127,0,0,0,0,127,0,0,0,0,0,127,0,0,0,0,0,0,0,0,0,127,0,0,0,0,0,0,0,0,0,0,0,0,1,1.26955202032162
Canton Borough Police Department,2016-02-01,Pennsylvania,1910,PA00802,0,0,0,0,0,0,0,0,0,0,0,0,0,0,0,0,0,0,0,0,0,0,0,0,0,0,0,0,0,0,0,0,0,0,0,0,0,0,0,0,0,0,0,0,0,0,0,0,0,0,0,0,0,0,0,0,0,0,0,0,0,0,0,0,0,0,0,0,0,0,0,0,0,0,0,0,0,0,0,0,0,0,0,0,0,0,0,0,0,0,0,1,1.26955202032162
Canton Borough Police Department,2016-03-01,Pennsylvania,1910,PA00802,0,0,0,0,0,0,0,0,0,0,0,0,0,0,0,0,0,0,0,1,0,1,0,0,0,0,0,0,0,0,1,0,0,0,0,0,0,0,0,0,0,0,0,0,0,0,0,0,0,0,0,0,0,0,63,0,63,63,0,0,0,0,0,0,0,0,63,0,0,0,0,0,63,0,0,0,0,0,63,0,0,0,0,0,0,0,0,0,0,0,0,1,1.26955202032162
Canton Borough Police Department,2016-04-01,Pennsylvania,1910,PA00802,0,0,0,0,0,0,0,0,0,0,0,0,0,0,0,0,0,0,2,0,0,2,0,0,0,0,1,1,0,0,0,0,0,0,0,0,0,0,0,0,0,0,0,0,0,0,0,0,0,0,0,0,0,63,0,0,63,63,0,0,0,0,63,0,0,0,0,0,0,0,0,0,0,0,0,63,0,0,63,0,0,0,0,0,0,0,0,0,0,0,0,1,1.26955202032162
Canton Borough Police Department,2016-05-01,Pennsylvania,1910,PA00802,1,2,0,0,0,0,3,0,0,0,0,0,0,0,0,0,0,0,0,0,0,0,0,0,0,0,0,0,0,0,0,0,0,0,0,0,0,0,0,0,0,0,0,0,0,0,0,0,0,0,0,0,0,0,0,0,0,0,0,0,0,0,0,0,0,0,0,0,0,0,0,0,0,0,0,0,0,0,0,0,0,0,0,0,0,0,0,0,0,0,0,1,1.26955202032162
Canton Borough Police Department,2016-06-01,Pennsylvania,1910,PA00802,0,0,0,0,0,0,0,0,0,0,0,0,0,0,0,0,0,0,0,0,0,0,0,0,0,0,0,0,0,0,0,0,0,0,0,0,0,0,0,0,0,0,0,0,0,0,0,0,0,0,0,0,0,0,0,0,0,0,0,0,0,0,0,0,0,0,0,0,0,0,0,0,0,0,0,0,0,0,0,0,0,0,0,0,0,0,0,0,0,0,0,1,1.26955202032162
Canton Borough Police Department,2016-07-01,Pennsylvania,1910,PA00802,0,0,0,0,0,0,0,0,0,0,0,0,0,0,0,0,0,0,1,0,0,1,0,0,0,0,0,0,0,0,1,0,0,0,0,0,0,0,0,0,0,0,0,0,0,0,0,0,0,0,0,0,0,1,0,0,1,1,0,0,0,0,0,0,0,0,1,0,0,0,0,0,0,0,0,1,0,0,1,0,0,0,0,0,0,0,0,0,0,0,0,1,1.26955202032162
Canton Borough Police Department,2016-08-01,Pennsylvania,1910,PA00802,0,0,0,0,0,0,0,0,0,0,0,0,0,0,0,0,0,0,1,0,0,1,0,0,0,0,0,0,0,1,0,0,0,0,0,0,0,0,0,0,0,0,0,0,0,0,0,0,0,0,0,0,0,3,0,0,3,3,0,0,0,0,0,0,0,3,0,0,3,0,0,0,0,0,0,0,0,0,3,0,0,0,0,0,0,0,0,0,0,0,0,1,1.26955202032162
Canton Borough Police Department,2016-09-01,Pennsylvania,1910,PA00802,0,0,0,0,0,0,0,0,0,0,0,0,0,0,0,0,0,0,0,0,0,0,0,0,0,0,0,0,0,0,0,0,0,0,0,0,0,0,0,0,0,0,0,0,0,0,0,0,0,0,0,0,0,0,0,0,0,0,0,0,0,0,0,0,0,0,0,0,0,0,0,0,0,0,0,0,0,0,0,0,0,0,0,0,0,0,0,0,0,0,0,1,1.26955202032162
Canton Borough Police Department,2016-10-01,Pennsylvania,1910,PA00802,0,0,0,0,0,0,0,0,0,0,0,0,0,0,0,0,0,0,1,1,1,3,0,1,0,1,1,0,0,0,0,0,0,0,0,0,0,0,0,0,0,0,0,0,0,0,0,0,0,0,0,0,0,13,13,254,279,279,0,254,0,13,13,0,0,0,0,0,0,0,0,0,0,0,0,279,0,0,279,0,0,0,0,20,0,0,0,127,0,0,147,1,1.26955202032162
Canton Borough Police Department,2016-11-01,Pennsylvania,1910,PA00802,0,0,0,0,0,0,0,0,0,0,0,0,0,0,0,0,0,0,0,0,1,1,0,0,0,0,0,0,0,0,1,0,0,0,0,0,0,0,0,0,0,0,0,0,0,0,0,0,0,0,0,0,0,0,0,300,300,300,0,0,0,0,0,0,0,0,300,0,300,0,0,0,0,0,0,0,0,0,300,0,0,0,0,0,0,0,0,0,0,0,0,1,1.26955202032162
Canton Borough Police Department,2016-12-01,Pennsylvania,1910,PA00802,0,0,0,0,0,0,0,0,0,0,0,0,0,0,0,0,0,0,1,0,0,1,0,0,0,0,0,0,0,0,1,0,0,0,0,0,0,0,0,0,0,0,0,0,0,0,0,0,0,0,0,0,0,51,0,0,51,51,0,0,0,0,0,0,0,0,51,0,0,0,0,0,0,0,0,51,0,0,51,0,0,0,0,0,0,0,0,51,0,0,51,1,1.26955202032162
Canton Borough Police Department,1975-01-01,Pennsylvania,1955,PA00802,0,0,0,0,0,0,0,1,0,0,0,0,0,0,0,0,0,0,2,2,0,4,1,0,2,0,1,0,0,0,0,0,0,0,0,0,0,0,0,0,0,0,566,0,0,0,0,0,0,0,0,0,0,113,963,0,1076,1642,283,0,113,0,679,0,0,0,0,0,0,793,0,0,0,0,566,0,0,283,1642,0,0,679,0,0,0,0,0,0,0,0,679,1,5.66184422421803
Canton Borough Police Department,1975-02-01,Pennsylvania,1955,PA00802,0,0,0,0,0,1,1,0,0,0,0,0,0,0,0,0,0,0,2,2,0,4,1,0,1,1,0,0,0,0,1,0,0,0,0,0,0,0,0,0,0,0,0,0,0,0,0,0,0,0,0,0,0,85,1104,0,1189,1189,425,0,57,679,0,0,0,0,28,0,57,57,0,0,0,0,0,1076,0,0,1189,0,57,0,0,0,0,0,0,368,0,0,425,1,5.66184422421803
Canton Borough Police Department,1975-03-01,Pennsylvania,1955,PA00802,0,0,0,0,0,0,0,0,0,0,0,0,0,0,0,0,0,0,0,0,0,0,0,0,0,0,0,0,0,0,0,0,0,0,0,0,0,0,0,0,0,0,0,0,0,0,0,0,0,0,0,0,0,0,0,0,0,0,0,0,0,0,0,0,0,0,0,0,0,0,0,0,0,0,0,0,0,0,0,0,0,0,0,0,0,0,0,0,0,0,0,1,5.66184422421803
Canton Borough Police Department,1975-04-01,Pennsylvania,1955,PA00802,0,0,0,0,0,0,0,0,0,0,0,0,0,0,0,0,0,0,0,0,0,0,0,0,0,0,0,0,0,0,0,0,0,0,0,0,0,0,0,0,0,0,0,0,0,0,0,0,0,0,0,0,0,0,0,0,0,0,0,0,0,0,0,0,0,0,0,0,0,0,0,0,0,0,0,0,0,0,0,0,0,0,0,0,0,0,0,0,0,0,0,1,5.66184422421803
Canton Borough Police Department,1975-05-01,Pennsylvania,1955,PA00802,0,0,0,0,0,0,0,0,0,0,0,0,0,0,0,0,0,0,0,0,0,0,0,0,0,0,0,0,0,0,0,0,0,0,0,0,0,0,0,0,0,0,0,0,0,0,0,0,0,0,0,0,0,0,0,0,0,0,0,0,0,0,0,0,0,0,0,0,0,0,0,0,0,0,0,0,0,0,0,0,0,0,0,0,0,0,0,0,0,0,0,1,5.66184422421803
Canton Borough Police Department,1975-06-01,Pennsylvania,1955,PA00802,0,0,0,0,0,0,0,0,0,0,0,0,0,0,0,0,0,0,0,0,0,0,0,0,0,0,0,0,0,0,0,0,0,0,0,0,0,0,0,0,0,0,0,0,0,0,0,0,0,0,0,0,0,0,0,0,0,0,0,0,0,0,0,0,0,0,0,0,0,0,0,0,0,0,0,0,0,0,0,0,0,0,0,0,0,0,0,0,0,0,0,1,5.66184422421803
Canton Borough Police Department,1975-07-01,Pennsylvania,1955,PA00802,0,0,0,0,0,0,0,0,0,0,0,0,0,0,0,0,0,0,1,1,0,2,0,0,0,1,1,0,0,0,0,0,0,0,0,0,0,0,0,0,0,0,0,0,0,0,0,0,0,0,0,0,0,142,566,0,708,708,0,0,0,142,566,0,0,0,0,0,0,0,0,0,0,0,0,708,0,0,708,0,0,0,0,0,0,0,0,0,0,0,0,1,5.66184422421803
Canton Borough Police Department,1975-08-01,Pennsylvania,1955,PA00802,0,0,0,0,0,0,0,0,0,0,0,0,0,0,0,0,0,0,0,3,0,3,0,1,0,1,1,0,0,0,0,0,0,0,0,0,0,0,0,0,0,0,0,0,0,0,0,0,0,0,0,0,0,0,1404,0,1404,1404,0,566,0,453,385,0,0,0,0,0,0,40,0,0,345,0,0,1019,0,0,1404,0,0,40,0,0,345,0,0,0,0,0,385,1,5.66184422421803
Canton Borough Police Department,1975-09-01,Pennsylvania,1955,PA00802,0,1,0,0,0,0,1,0,0,0,0,0,0,0,0,0,0,0,1,0,0,1,1,0,0,0,0,0,0,0,0,0,0,0,0,0,0,0,0,0,0,0,0,0,0,0,0,0,0,0,0,0,0,198,0,0,198,198,198,0,0,0,0,0,0,0,0,0,0,0,0,0,0,0,0,198,0,0,198,0,0,0,0,0,0,0,0,0,0,0,0,1,5.66184422421803
Canton Borough Police Department,1975-10-01,Pennsylvania,1955,PA00802,0,0,0,0,0,0,0,0,0,0,0,0,0,0,0,0,0,0,0,1,0,1,0,0,0,0,0,0,0,0,1,0,0,0,0,0,0,0,0,0,0,0,0,0,0,0,0,0,0,0,0,0,0,0,425,0,425,425,0,0,0,0,0,0,0,0,425,0,0,0,0,0,0,0,0,425,0,0,425,0,0,0,0,0,0,0,0,0,0,0,0,1,5.66184422421803
Canton Borough Police Department,1975-11-01,Pennsylvania,1955,PA00802,0,1,1,0,0,0,2,0,0,0,0,0,0,0,0,0,0,0,0,0,0,0,0,0,0,0,0,0,0,0,0,0,0,0,0,119,0,0,0,0,0,119,0,0,0,0,0,0,0,0,0,0,0,0,0,0,0,119,0,0,0,0,0,0,0,0,0,0,34,0,0,0,0,0,0,85,0,0,119,0,0,0,0,0,0,0,0,0,0,0,0,1,5.66184422421803
Canton Borough Police Department,1975-12-01,Pennsylvania,1955,PA00802,0,0,1,0,1,0,2,0,0,0,0,0,0,0,0,0,0,0,0,2,0,2,0,0,0,1,1,0,0,0,0,0,0,0,0,0,0,906,708,0,0,1614,0,0,0,0,0,0,0,0,0,0,0,0,1019,0,1019,2633,0,0,0,566,453,0,0,0,0,0,0,453,0,0,906,0,0,708,0,566,2633,0,0,453,0,0,0,0,0,0,0,0,453,1,5.66184422421803
Canton Borough Police Department,1976-01-01,Pennsylvania,1976,PA00802,1,0,0,0,0,0,1,1,0,0,0,0,0,0,0,0,0,0,3,0,0,3,0,0,2,0,0,0,0,0,1,0,0,0,0,0,161,0,0,0,0,161,16063,0,0,0,0,0,0,0,0,0,0,177,0,0,177,16400,0,0,134,0,0,0,0,0,43,0,0,337,0,0,0,0,16063,0,0,0,16400,0,0,0,0,0,0,0,0,0,0,0,0,1,5.35425245277493
Canton Borough Police Department,1976-02-01,Pennsylvania,1976,PA00802,0,0,0,0,0,0,0,0,0,0,0,0,0,0,0,0,0,0,1,2,0,3,1,1,1,0,0,0,0,0,0,0,1,1,0,0,0,0,0,0,0,0,0,0,0,0,0,0,0,0,0,0,0,187,1124,0,1312,1312,321,803,187,0,0,0,0,0,0,0,0,187,0,0,0,0,0,1124,0,0,1312,0,0,187,0,0,0,0,16063,803,0,0,17053,1,5.35425245277493
Canton Borough Police Department,1976-03-01,Pennsylvania,1976,PA00802,0,0,0,0,1,0,1,0,0,0,0,0,0,0,0,0,0,0,0,1,0,1,0,0,0,1,0,0,0,0,0,0,0,0,0,0,0,0,22863,0,0,22863,0,0,0,0,0,0,0,0,0,0,0,0,643,0,643,23505,0,0,0,643,0,0,0,0,0,0,0,0,0,0,0,0,0,0,0,23505,23505,0,0,0,0,0,0,0,0,0,0,22863,22863,1,5.35425245277493
Canton Borough Police Department,1976-04-01,Pennsylvania,1976,PA00802,0,0,0,0,0,0,0,0,0,0,0,0,0,0,0,0,0,0,1,0,0,1,0,0,0,0,1,0,0,0,0,0,0,0,0,0,0,0,0,0,0,0,0,0,0,0,0,0,0,0,0,0,0,214,0,0,214,214,0,0,0,0,214,0,0,0,0,0,0,214,0,0,0,0,0,0,0,0,214,0,0,0,0,0,0,0,0,0,0,0,0,1,5.35425245277493
Canton Borough Police Department,1976-05-01,Pennsylvania,1976,PA00802,0,1,0,0,0,0,1,0,0,0,0,0,0,0,0,0,0,0,2,0,2,4,2,0,0,0,0,0,0,0,2,0,0,0,0,535,0,0,0,0,0,535,0,0,0,0,0,0,0,0,0,0,0,482,0,30519,31001,31537,482,0,0,0,0,0,0,0,30519,0,0,0,0,0,0,0,0,31537,0,0,31537,0,0,0,0,0,0,0,0,0,0,0,0,1,5.35425245277493
Canton Borough Police Department,1976-06-01,Pennsylvania,1976,PA00802,0,0,0,0,0,0,0,1,0,0,0,0,0,0,0,0,0,0,0,0,0,0,0,0,0,0,0,0,0,0,0,0,1,1,0,0,0,0,0,0,0,0,18740,0,0,0,0,0,0,0,0,0,0,0,0,0,0,18740,0,0,0,0,0,0,0,0,0,0,0,0,0,0,0,0,18740,0,0,0,18740,0,0,0,0,0,0,0,18740,10173,0,0,28913,1,5.35425245277493
Canton Borough Police Department,1976-07-01,Pennsylvania,1976,PA00802,0,1,0,0,0,0,1,0,0,0,0,0,0,0,0,0,0,0,0,1,0,1,0,1,0,0,0,0,0,0,0,0,0,0,0,2811,0,0,0,0,0,2811,0,0,0,0,0,0,0,0,0,0,0,0,268,0,268,3079,0,268,0,0,0,0,0,0,0,0,0,0,0,0,0,0,0,3079,0,0,3079,0,0,0,0,0,0,0,0,0,0,0,0,1,5.35425245277493
Canton Borough Police Department,1976-08-01,Pennsylvania,1976,PA00802,1,0,0,0,1,0,2,0,0,0,0,0,0,0,0,0,0,0,2,1,0,3,0,1,0,0,0,0,1,0,1,0,0,0,0,0,974,0,145,0,0,1119,0,0,0,0,0,0,0,0,0,0,0,220,803,0,1023,2142,0,107,0,0,0,0,112,0,803,0,145,1087,0,0,0,0,0,910,0,0,2142,0,145,112,0,0,0,0,0,0,0,0,257,1,5.35425245277493
Canton Borough Police Department,1976-09-01,Pennsylvania,1976,PA00802,0,0,0,0,0,0,0,1,0,0,0,0,0,0,0,0,0,0,2,0,0,2,0,0,0,1,0,0,0,1,0,0,1,1,0,0,0,0,0,0,0,0,4283,0,0,0,0,0,0,0,0,0,0,236,0,0,236,4519,0,0,0,214,0,0,0,21,0,0,0,214,0,0,0,0,4283,21,0,0,4519,0,0,0,0,0,0,0,4283,0,0,0,4283,1,5.35425245277493
Canton Borough Police Department,1976-10-01,Pennsylvania,1976,PA00802,0,0,1,0,0,0,1,0,0,0,0,0,0,0,0,0,0,0,0,0,0,0,0,0,0,0,0,0,0,0,0,0,0,0,0,0,0,0,0,0,0,0,0,0,0,0,0,0,0,0,0,0,0,0,0,0,0,0,0,0,0,0,0,0,0,0,0,0,0,0,0,0,0,0,0,0,0,0,0,0,0,0,0,0,0,0,0,0,0,0,0,1,5.35425245277493
Canton Borough Police Department,1976-11-01,Pennsylvania,1976,PA00802,0,0,0,0,1,0,1,0,0,0,0,0,0,0,0,0,0,0,0,1,0,1,1,0,0,0,0,0,0,0,0,0,0,0,0,0,0,0,428,0,0,428,0,0,0,0,0,0,0,0,0,0,0,0,402,0,402,830,402,0,0,0,0,0,0,0,0,0,80,214,134,0,0,0,0,402,0,0,830,0,0,0,0,0,0,0,0,0,0,0,0,1,5.35425245277493
Canton Borough Police Department,1976-12-01,Pennsylvania,1976,PA00802,1,0,0,0,0,0,1,0,0,0,0,0,0,0,0,0,0,0,1,0,0,1,0,0,0,0,1,0,0,0,0,0,0,0,0,0,2013,0,0,0,0,2013,0,0,0,0,0,0,0,0,0,0,0,27,0,0,27,2040,0,0,0,0,27,0,0,0,0,0,0,2040,0,0,0,0,0,0,0,0,2040,0,0,0,0,0,0,0,0,0,0,0,0,1,5.35425245277493
Canton Borough Police Department,1977-01-01,Pennsylvania,1961,PA00802,0,0,1,0,0,0,1,0,0,0,0,0,0,0,0,0,0,0,1,0,0,1,0,0,0,0,0,0,0,0,1,0,0,0,0,0,0,0,0,0,0,0,0,0,0,0,0,0,0,0,0,0,0,10,0,0,10,10,0,0,0,0,0,0,0,0,10,0,10,0,0,0,0,0,0,0,0,0,10,0,0,0,0,0,0,0,0,0,0,0,0,1,5.02738759796508
Canton Borough Police Department,1977-02-01,Pennsylvania,1961,PA00802,0,0,0,0,0,0,0,0,0,0,0,0,0,0,0,0,0,0,0,1,0,1,0,0,0,1,0,0,0,0,0,0,0,0,0,0,0,0,0,0,0,0,0,0,0,0,0,0,0,0,0,0,0,0,628,0,628,628,0,0,0,628,0,0,0,0,0,0,0,0,0,0,0,0,0,0,0,628,628,0,0,0,0,0,0,0,0,0,0,628,628,1,5.02738759796508
Canton Borough Police Department,1977-03-01,Pennsylvania,1961,PA00802,0,0,0,1,0,0,1,2,0,0,0,0,0,0,0,0,0,0,0,1,0,1,0,0,0,1,0,0,0,0,0,2,0,2,0,0,0,0,0,0,0,0,13071,0,0,0,0,0,0,0,0,0,0,0,704,0,704,13775,0,0,0,704,0,0,0,0,0,0,0,0,0,0,0,0,13071,704,0,0,13775,0,0,0,0,0,0,0,13071,0,0,0,13071,1,5.02738759796508
Canton Borough Police Department,1977-04-01,Pennsylvania,1961,PA00802,0,0,0,0,1,0,1,0,0,0,0,0,0,0,0,0,0,0,0,0,1,1,1,0,0,0,0,0,0,0,0,0,0,0,0,0,0,0,407,0,0,407,0,0,0,0,0,0,0,0,0,0,0,0,0,1181,1181,1589,1181,0,0,0,0,0,0,0,0,0,0,0,0,0,0,0,0,1181,0,407,1589,0,0,0,0,0,0,0,0,0,0,0,0,1,5.02738759796508
Canton Borough Police Department,1977-05-01,Pennsylvania,1961,PA00802,0,2,0,1,1,0,4,1,0,0,0,0,0,0,0,0,0,0,0,0,0,0,0,0,0,0,0,0,0,0,0,1,0,1,0,50,0,0,126,251,0,427,11060,0,0,0,0,0,0,0,0,0,0,0,0,0,0,11488,0,0,0,0,0,0,0,0,0,0,50,0,126,0,0,0,11060,251,0,0,11488,0,0,0,0,0,0,0,11060,251,0,0,11312,1,5.02738759796508
Canton Borough Police Department,1977-06-01,Pennsylvania,1961,PA00802,0,1,0,0,0,0,1,0,0,0,0,0,0,0,0,0,0,0,3,2,1,6,0,1,0,2,1,0,0,0,2,0,0,0,0,146,0,0,0,0,0,146,0,0,0,0,0,0,0,0,0,0,0,357,759,1508,2624,2770,0,402,0,533,25,0,0,0,1664,0,171,0,0,0,0,0,0,2267,0,332,2770,0,25,0,0,0,0,0,0,156,0,0,181,1,5.02738759796508
Canton Borough Police Department,1977-07-01,Pennsylvania,1961,PA00802,0,1,0,0,1,0,2,0,0,0,0,0,0,0,0,0,0,0,2,0,1,3,0,0,1,0,1,0,0,1,0,0,0,0,0,5731,0,0,151,0,0,5882,0,0,0,0,0,0,0,0,0,0,0,457,0,1026,1483,7365,0,0,226,0,1026,0,0,231,0,0,151,6983,0,0,0,0,0,0,0,231,7365,0,0,0,0,0,0,0,0,0,0,0,0,1,5.02738759796508
Canton Borough Police Department,1977-08-01,Pennsylvania,1961,PA00802,1,0,1,0,0,0,2,0,0,0,0,0,0,0,0,0,0,0,2,0,0,2,1,0,0,1,0,0,0,0,0,0,0,0,0,0,553,0,0,0,0,553,0,0,0,0,0,0,0,0,0,0,0,277,0,0,277,830,226,0,0,50,0,0,0,0,0,0,0,553,0,0,0,0,0,226,0,50,830,0,0,0,0,0,0,0,0,503,0,231,734,1,5.02738759796508
Canton Borough Police Department,1977-09-01,Pennsylvania,1961,PA00802,0,0,0,0,0,0,0,0,0,0,0,0,0,0,0,0,0,0,0,0,0,0,0,0,0,0,0,0,0,0,0,0,0,0,0,0,0,0,0,0,0,0,0,0,0,0,0,0,0,0,0,0,0,0,0,0,0,0,0,0,0,0,0,0,0,0,0,0,0,0,0,0,0,0,0,0,0,0,0,0,0,0,0,0,0,0,0,0,0,0,0,1,5.02738759796508
Canton Borough Police Department,1977-10-01,Pennsylvania,1961,PA00802,0,0,0,0,0,0,0,0,0,0,0,0,0,0,0,0,0,0,0,1,1,2,0,0,0,2,0,0,0,0,0,0,0,0,0,0,0,0,0,0,0,0,0,0,0,0,0,0,0,0,0,0,0,0,327,2514,2840,2840,0,0,0,2840,0,0,0,0,0,0,0,0,2514,0,0,0,0,0,0,327,2840,0,0,0,0,0,0,0,0,0,0,0,0,1,5.02738759796508
Canton Borough Police Department,1977-11-01,Pennsylvania,1961,PA00802,0,0,0,0,0,0,0,1,0,0,0,0,0,0,0,0,0,0,2,1,0,3,0,0,1,1,0,1,0,0,0,0,1,1,0,0,0,0,0,0,0,0,3016,0,0,0,0,0,0,0,0,0,0,231,271,0,503,3519,0,0,30,201,0,271,0,0,0,0,0,302,0,0,0,0,3016,0,0,201,3519,0,0,0,0,0,0,0,0,0,0,0,0,1,5.02738759796508
Canton Borough Police Department,1977-12-01,Pennsylvania,1961,PA00802,0,0,0,0,0,0,0,0,0,0,0,0,0,0,0,0,0,0,0,0,0,0,0,0,0,0,0,0,0,0,0,0,0,0,0,0,0,0,0,0,0,0,0,0,0,0,0,0,0,0,0,0,0,0,0,0,0,0,0,0,0,0,0,0,0,0,0,0,0,0,0,0,0,0,0,0,0,0,0,0,0,0,0,0,0,0,0,0,0,0,0,1,5.02738759796508
Canton Borough Police Department,1978-01-01,Pennsylvania,1954,PA00802,0,0,0,0,2,0,2,0,0,0,0,0,0,0,0,0,0,0,0,0,0,0,0,0,0,0,0,0,0,0,0,0,0,0,0,0,0,0,584,0,0,584,0,0,0,0,0,0,0,0,0,0,0,0,0,0,0,584,0,0,0,0,0,0,0,0,0,0,0,163,0,0,0,0,0,117,304,0,584,0,0,0,0,0,0,0,0,0,0,0,0,1,4.67094915687277
Canton Borough Police Department,1978-02-01,Pennsylvania,1954,PA00802,1,0,0,0,0,0,1,0,0,0,0,0,0,0,0,0,0,0,0,0,0,0,0,0,0,0,0,0,0,0,0,0,0,0,0,0,397,0,0,0,0,397,0,0,0,0,0,0,0,0,0,0,0,0,0,0,0,397,0,0,0,0,0,0,0,0,0,0,0,397,0,0,0,0,0,0,0,0,397,0,0,0,0,0,0,0,0,0,0,0,0,1,4.67094915687277
Canton Borough Police Department,1978-03-01,Pennsylvania,1954,PA00802,0,0,0,0,0,0,0,0,0,0,0,0,0,0,0,0,0,0,1,2,0,3,0,1,0,1,0,0,0,0,1,0,0,0,0,0,0,0,0,0,0,0,0,0,0,0,0,0,0,0,0,0,0,173,1051,0,1224,1224,0,420,0,631,0,0,0,0,173,0,0,0,0,0,0,0,0,593,0,631,1224,0,0,0,0,0,0,0,0,593,0,0,593,1,4.67094915687277
Canton Borough Police Department,1978-04-01,Pennsylvania,1954,PA00802,0,0,0,0,0,0,0,0,0,0,0,0,0,0,0,0,0,0,2,0,0,2,2,0,0,0,0,0,0,0,0,0,0,0,0,0,0,0,0,0,0,0,0,0,0,0,0,0,0,0,0,0,0,234,0,0,234,234,234,0,0,0,0,0,0,0,0,0,0,0,0,0,0,0,0,234,0,0,234,0,0,0,0,0,0,0,0,234,0,0,234,1,4.67094915687277
Canton Borough Police Department,1978-05-01,Pennsylvania,1954,PA00802,1,0,0,0,0,2,3,0,0,0,0,0,0,0,0,0,0,0,0,0,0,0,0,0,0,0,0,0,0,0,0,0,0,0,0,0,47,0,0,0,0,47,0,0,0,0,0,0,0,0,0,0,0,0,0,0,0,47,0,0,0,0,0,0,0,0,0,0,0,47,0,0,0,0,0,0,0,0,47,0,0,0,0,0,0,0,0,0,0,0,0,1,4.67094915687277
Canton Borough Police Department,1978-06-01,Pennsylvania,1954,PA00802,0,1,0,0,0,0,1,1,0,0,0,0,0,0,0,0,0,0,1,1,0,2,0,0,0,0,1,0,0,0,1,1,0,1,0,234,0,0,0,0,0,234,9342,0,0,0,0,0,0,0,0,0,0,140,701,0,841,10416,0,0,0,0,701,0,0,0,140,0,0,0,0,0,0,0,9342,841,0,234,10416,0,0,0,0,0,0,0,9342,0,0,0,9342,1,4.67094915687277
Canton Borough Police Department,1978-07-01,Pennsylvania,1954,PA00802,1,0,0,1,0,0,2,0,0,0,0,0,0,0,0,0,0,0,2,0,0,2,0,0,0,0,1,0,0,0,1,0,0,0,0,0,304,0,0,47,0,350,0,0,0,0,0,0,0,0,0,0,0,126,0,0,126,476,0,0,0,0,9,0,0,0,117,0,0,350,0,0,0,0,0,126,0,0,476,0,0,47,0,0,0,0,0,701,0,0,747,1,4.67094915687277
Canton Borough Police Department,1978-08-01,Pennsylvania,1954,PA00802,0,0,0,0,0,0,0,0,0,0,0,0,0,0,0,0,0,0,2,2,0,4,0,0,0,1,2,0,0,1,0,0,0,0,0,0,0,0,0,0,0,0,0,0,0,0,0,0,0,0,0,0,0,79,981,0,1060,1060,0,0,0,467,584,0,0,9,0,0,0,584,0,0,0,0,0,9,0,467,1060,0,0,584,0,0,0,0,0,9,0,0,593,1,4.67094915687277
Canton Borough Police Department,1978-09-01,Pennsylvania,1954,PA00802,0,1,0,0,0,0,1,0,0,0,0,0,0,0,0,0,0,0,2,1,0,3,2,1,0,0,0,0,0,0,0,0,0,0,0,1285,0,0,0,0,0,1285,0,0,0,0,0,0,0,0,0,0,0,374,584,0,958,2242,374,584,0,0,0,0,0,0,0,0,0,0,0,1285,0,0,0,958,0,0,2242,0,0,0,0,0,0,0,0,794,0,0,794,1,4.67094915687277
Canton Borough Police Department,1978-10-01,Pennsylvania,1954,PA00802,0,0,0,0,3,0,3,0,0,0,0,0,0,0,0,0,0,0,0,1,0,1,0,0,0,0,0,0,0,0,1,0,0,0,0,0,0,0,280,0,0,280,0,0,0,0,0,0,0,0,0,0,0,0,467,0,467,747,0,0,0,0,0,0,0,0,467,467,0,187,0,0,0,0,0,93,0,0,747,0,0,0,0,0,0,0,0,0,0,0,0,1,4.67094915687277
Canton Borough Police Department,1978-11-01,Pennsylvania,1954,PA00802,0,0,0,0,0,0,0,1,0,0,0,0,0,0,0,0,0,0,0,1,0,1,0,1,0,0,0,0,0,0,0,1,0,1,0,0,0,0,0,0,0,0,7006,0,0,0,0,0,0,0,0,0,0,0,280,0,280,7287,0,280,0,0,0,0,0,0,0,0,0,0,0,0,0,0,7006,280,0,0,7287,0,0,0,0,0,0,0,7006,0,0,0,7006,1,4.67094915687277
Canton Borough Police Department,1978-12-01,Pennsylvania,1954,PA00802,0,0,0,0,0,0,0,0,0,0,0,0,0,0,0,0,0,0,2,0,0,2,0,0,0,0,0,0,0,0,2,0,0,0,0,0,0,0,0,0,0,0,0,0,0,0,0,0,0,0,0,0,0,70,0,0,70,70,0,0,0,0,0,0,0,0,70,0,0,0,0,0,0,0,0,70,0,0,70,0,0,0,0,0,0,0,0,0,0,0,0,1,4.67094915687277
Canton Borough Police Department,1979-01-01,Pennsylvania,1987,PA00802,0,0,0,0,0,0,0,0,0,0,0,0,0,0,0,0,0,0,0,0,0,0,0,0,0,0,0,0,0,0,0,0,0,0,0,0,0,0,0,0,0,0,0,0,0,0,0,0,0,0,0,0,0,0,0,0,0,0,0,0,0,0,0,0,0,0,0,0,0,0,0,0,0,0,0,0,0,0,0,0,0,0,0,0,0,0,0,0,0,0,0,1,4.19843724882306
Canton Borough Police Department,1979-02-01,Pennsylvania,1987,PA00802,0,0,0,0,0,0,0,1,0,0,0,0,0,0,0,0,0,0,1,0,0,1,0,0,0,0,0,0,0,1,0,0,1,1,0,0,0,0,0,0,0,0,10496,0,0,0,0,0,0,0,0,0,0,4,0,0,4,10500,0,0,0,0,0,0,0,4,0,0,4,0,0,0,0,0,10496,0,0,0,10500,0,4,0,0,0,0,0,10496,0,0,0,10500,1,4.19843724882306
Canton Borough Police Department,1979-03-01,Pennsylvania,1987,PA00802,0,0,0,0,0,0,0,0,0,0,0,0,0,0,0,0,0,0,2,2,0,4,0,0,0,1,1,0,0,2,0,0,0,0,0,0,0,0,0,0,0,0,0,0,0,0,0,0,0,0,0,0,0,17,592,0,609,609,0,0,0,315,277,0,0,17,0,0,17,277,0,0,0,0,0,0,0,315,609,0,0,0,0,0,0,0,0,0,0,0,0,1,4.19843724882306
Canton Borough Police Department,1979-04-01,Pennsylvania,1987,PA00802,0,0,0,0,0,0,0,0,0,0,0,0,0,0,0,0,0,0,0,4,1,5,4,0,0,1,0,0,0,0,0,0,0,0,0,0,0,0,0,0,0,0,0,0,0,0,0,0,0,0,0,0,0,0,2351,2834,5185,5185,4681,0,0,504,0,0,0,0,0,0,0,0,504,0,0,0,0,4051,0,630,5185,0,0,0,0,0,0,0,0,588,0,0,588,1,4.19843724882306
Canton Borough Police Department,1979-05-01,Pennsylvania,1987,PA00802,0,0,0,0,0,0,0,0,0,0,0,0,0,0,0,0,0,0,0,1,0,1,1,0,0,0,0,0,0,0,0,0,0,0,0,0,0,0,0,0,0,0,0,0,0,0,0,0,0,0,0,0,0,0,315,0,315,315,315,0,0,0,0,0,0,0,0,0,0,0,0,0,0,0,0,315,0,0,315,0,0,0,0,0,0,0,0,0,0,0,0,1,4.19843724882306
Canton Borough Police Department,1979-06-01,Pennsylvania,1987,PA00802,0,0,0,0,1,0,1,0,0,0,0,0,0,0,0,0,0,0,1,2,0,3,1,2,0,0,0,0,0,0,0,0,0,0,0,0,0,0,210,0,0,210,0,0,0,0,0,0,0,0,0,0,0,126,840,0,966,1176,126,840,0,0,0,0,0,0,0,0,210,0,0,0,0,0,0,966,0,0,1176,0,210,0,0,0,0,0,0,0,0,0,210,1,4.19843724882306
Canton Borough Police Department,1979-07-01,Pennsylvania,1987,PA00802,1,0,0,0,0,0,1,1,0,0,0,0,0,0,0,0,0,0,2,3,0,5,1,2,0,0,2,0,0,0,0,0,1,1,0,0,2939,0,0,0,0,2939,12595,0,0,0,0,0,0,0,0,0,0,399,966,0,1364,16899,231,714,0,0,420,0,0,0,0,0,0,0,0,0,0,0,12595,4303,0,0,16899,0,0,0,0,0,0,0,12595,2939,0,0,15534,1,4.19843724882306
Canton Borough Police Department,1979-08-01,Pennsylvania,1987,PA00802,0,0,1,0,0,0,1,0,0,0,0,0,0,0,0,0,0,0,1,0,0,1,0,0,0,0,0,0,0,0,1,0,0,0,0,0,0,59,0,0,0,59,0,0,0,0,0,0,0,0,0,0,0,21,0,0,21,80,0,0,0,0,0,0,0,0,21,0,0,59,0,0,0,0,0,21,0,0,80,0,0,59,0,0,0,0,0,21,0,0,80,1,4.19843724882306
Canton Borough Police Department,1979-09-01,Pennsylvania,1987,PA00802,0,0,0,0,1,0,1,1,0,0,0,0,0,0,0,0,0,0,4,0,0,4,1,0,0,1,1,0,0,1,0,0,1,1,0,0,0,0,8296,0,0,8296,16794,0,0,0,0,0,0,0,0,0,0,407,0,0,407,25497,147,0,0,197,59,0,0,4,0,0,63,0,0,0,0,0,16794,8640,0,0,25497,0,4,0,0,0,0,0,0,8493,0,0,8498,1,4.19843724882306
Canton Borough Police Department,1979-10-01,Pennsylvania,1987,PA00802,2,0,0,0,0,0,2,2,0,1,0,0,0,0,0,0,0,0,0,1,0,1,0,0,0,1,0,0,0,0,0,2,0,2,0,0,231,0,0,0,0,231,25191,0,0,0,0,0,0,0,0,0,0,0,210,0,210,25631,0,0,0,210,0,0,0,0,0,0,0,231,0,0,0,0,25191,0,0,210,25631,0,0,0,0,0,0,0,25191,0,0,0,25191,1,4.19843724882306
Canton Borough Police Department,1979-11-01,Pennsylvania,1987,PA00802,1,0,0,0,5,0,6,0,0,0,0,0,0,0,0,0,0,0,1,1,0,2,0,0,0,1,0,0,0,0,1,0,0,0,0,0,0,0,1176,0,0,1176,0,0,0,0,0,0,0,0,0,0,0,147,546,0,693,1868,0,0,0,546,0,0,0,0,147,0,42,630,0,0,0,0,0,147,0,1050,1868,0,0,0,0,0,0,0,0,0,0,0,0,1,4.19843724882306
Canton Borough Police Department,1979-12-01,Pennsylvania,1987,PA00802,0,0,0,0,1,0,1,0,0,0,0,0,0,0,0,0,0,0,2,1,0,3,1,1,0,0,0,0,0,0,1,0,0,0,0,0,0,0,126,0,0,126,0,0,0,0,0,0,0,0,0,0,0,84,273,0,357,483,21,273,0,0,0,0,0,0,63,0,0,0,0,0,0,0,0,483,0,0,483,0,0,0,0,0,0,0,0,273,0,0,273,1,4.19843724882306
Canton Borough Police Department,1980-01-01,Pennsylvania,1962,PA00802,0,0,0,0,2,0,2,0,0,0,0,0,0,0,0,0,0,0,3,0,0,3,0,1,0,0,1,0,0,0,1,0,0,0,0,0,0,0,462,0,0,462,0,0,0,0,0,0,0,0,0,0,0,325,0,0,325,788,0,185,0,0,37,0,0,0,104,0,0,185,0,0,0,0,0,325,0,277,788,0,0,0,0,0,0,0,0,185,0,0,185,1,3.69746081504702
Canton Borough Police Department,1980-02-01,Pennsylvania,1962,PA00802,0,0,0,1,1,0,2,1,0,0,0,0,0,0,0,0,0,0,0,0,1,1,0,0,0,1,0,0,0,0,0,0,0,0,0,0,0,0,1109,37,0,1146,3697,0,0,0,0,0,0,0,0,0,0,0,0,739,739,5583,0,0,0,739,0,0,0,0,0,0,0,37,536,0,0,0,3697,0,1109,203,5583,0,0,37,0,0,0,0,0,0,0,0,37,1,3.69746081504702
Canton Borough Police Department,1980-03-01,Pennsylvania,1962,PA00802,0,0,0,0,1,0,1,0,0,0,0,0,0,0,0,0,0,0,3,0,0,3,0,0,0,0,3,0,0,0,0,0,0,0,0,0,0,0,2218,0,0,2218,0,0,0,0,0,0,0,0,0,0,0,192,0,0,192,2411,0,0,0,0,192,0,0,0,0,0,44,148,0,0,0,0,0,1109,0,1109,2411,0,22,0,0,0,0,0,0,1109,0,1109,2241,1,3.69746081504702
Canton Borough Police Department,1980-04-01,Pennsylvania,1962,PA00802,0,0,0,0,1,0,1,0,0,0,0,0,0,0,0,0,0,0,3,1,0,4,1,1,1,1,0,0,0,0,0,1,0,1,0,0,0,0,370,0,0,370,0,0,0,0,0,0,0,0,0,0,0,255,370,0,625,995,148,370,11,96,0,0,0,0,0,0,11,96,0,0,0,0,0,887,0,0,995,0,0,0,0,0,0,0,3697,739,0,0,4437,1,3.69746081504702
Canton Borough Police Department,1980-05-01,Pennsylvania,1962,PA00802,0,1,0,0,0,0,1,0,0,0,0,0,0,0,0,0,0,0,0,1,1,2,0,0,0,0,0,0,1,0,1,0,0,0,0,144,0,0,0,0,0,144,0,0,0,0,0,0,0,0,0,0,0,0,277,817,1094,1239,0,0,0,0,0,0,277,0,817,0,0,422,0,0,0,0,0,817,0,0,1239,0,0,0,0,0,0,0,0,0,0,0,0,1,3.69746081504702
Canton Borough Police Department,1980-06-01,Pennsylvania,1962,PA00802,0,2,0,0,0,0,2,0,0,0,0,0,0,0,0,0,0,0,1,0,1,2,1,0,0,0,0,0,0,0,1,0,0,0,0,0,0,0,0,0,0,0,0,0,0,0,0,0,0,0,0,0,0,74,0,813,887,887,74,0,0,0,0,0,0,0,813,0,0,0,0,0,0,0,0,887,0,0,887,0,0,0,0,0,0,0,0,0,0,0,0,1,3.69746081504702
Canton Borough Police Department,1980-07-01,Pennsylvania,1962,PA00802,0,0,0,0,0,0,0,0,0,0,0,0,0,0,0,0,0,0,1,0,0,1,1,0,0,0,0,0,0,0,0,0,0,0,0,0,0,0,0,0,0,0,0,0,0,0,0,0,0,0,0,0,0,148,0,0,148,148,148,0,0,0,0,0,0,0,0,0,0,0,0,0,0,0,0,148,0,0,148,0,0,0,0,0,0,0,0,0,0,0,0,1,3.69746081504702
Canton Borough Police Department,1980-08-01,Pennsylvania,1962,PA00802,0,0,0,0,0,0,0,0,0,0,0,0,0,0,0,0,0,0,5,0,0,5,0,0,0,2,2,0,0,0,1,0,0,0,0,0,0,0,0,0,0,0,0,0,0,0,0,0,0,0,0,0,0,251,0,0,251,251,0,0,0,55,104,0,0,0,92,0,104,37,0,0,0,0,0,111,0,0,251,0,0,0,0,0,0,0,0,148,0,0,148,1,3.69746081504702
Canton Borough Police Department,1980-09-01,Pennsylvania,1962,PA00802,0,0,0,0,0,0,0,0,0,0,0,0,0,0,0,0,0,0,0,0,0,0,0,0,0,0,0,0,0,0,0,0,0,0,0,0,0,0,0,0,0,0,0,0,0,0,0,0,0,0,0,0,0,0,0,0,0,0,0,0,0,0,0,0,0,0,0,0,0,0,0,0,0,0,0,0,0,0,0,0,0,0,0,0,0,0,0,0,0,0,0,1,3.69746081504702
Canton Borough Police Department,1980-10-01,Pennsylvania,1962,PA00802,0,0,0,0,0,0,0,0,0,0,0,0,0,0,0,0,0,0,1,0,1,2,0,0,0,0,0,0,0,0,2,0,0,0,0,0,0,0,0,0,0,0,0,0,0,0,0,0,0,0,0,0,0,55,0,1479,1534,1534,0,0,0,0,0,0,0,0,1534,0,0,0,0,0,1479,0,0,55,0,0,1534,0,0,0,0,0,0,0,0,0,0,0,0,1,3.69746081504702
Canton Borough Police Department,1980-11-01,Pennsylvania,1962,PA00802,0,0,0,0,0,0,0,1,0,0,0,0,0,0,0,0,0,0,0,0,1,1,0,0,0,1,0,0,0,0,0,1,0,1,0,0,0,0,0,0,0,0,1849,0,0,0,0,0,0,0,0,0,0,0,0,924,924,2773,0,0,0,924,0,0,0,0,0,0,0,0,0,0,0,0,1849,924,0,0,2773,0,0,0,0,0,0,0,1849,0,0,0,1849,1,3.69746081504702
Canton Borough Police Department,1980-12-01,Pennsylvania,1962,PA00802,0,0,0,0,0,0,0,0,0,0,0,0,0,0,0,0,0,0,4,3,0,7,0,0,1,2,0,0,0,0,4,0,0,0,0,0,0,0,0,0,0,0,0,0,0,0,0,0,0,0,0,0,0,333,961,0,1294,1294,0,0,18,776,0,0,0,0,499,185,0,18,555,0,0,0,0,536,0,0,1294,0,0,0,0,0,0,0,0,0,0,0,0,1,3.69746081504702
Canton Borough Police Department,1981-01-01,Pennsylvania,1969,PA00802,0,0,0,0,0,0,0,0,0,0,0,0,0,1,0,0,0,1,1,0,1,2,0,0,0,1,1,0,0,0,0,0,0,0,0,0,0,0,0,0,0,0,0,0,0,0,0,0,164,0,0,0,164,23,0,8545,8569,8733,0,0,0,8545,23,0,0,0,0,0,0,188,0,0,0,0,0,0,0,8545,8733,168,0,0,0,0,168,0,0,0,0,0,335,1,3.35113096874714
Canton Borough Police Department,1981-02-01,Pennsylvania,1969,PA00802,0,1,0,0,0,0,1,0,0,0,0,0,0,0,0,0,0,0,0,2,1,3,0,2,0,1,0,0,0,0,0,0,0,0,0,0,0,0,0,0,0,0,0,0,0,0,0,0,0,0,0,0,0,0,1005,670,1676,1676,0,1005,0,670,0,0,0,0,0,0,0,0,0,0,0,0,0,1676,0,0,1676,0,0,0,0,0,0,0,0,419,0,8545,8964,1,3.35113096874714
Canton Borough Police Department,1981-03-01,Pennsylvania,1969,PA00802,0,0,0,0,0,0,0,0,0,0,0,0,0,0,0,0,0,0,2,0,0,2,0,0,0,0,1,0,0,0,1,0,0,0,0,0,0,0,0,0,0,0,0,0,0,0,0,0,0,0,0,0,0,201,0,0,201,201,0,0,0,0,50,0,0,0,151,0,0,50,0,0,0,0,0,151,0,0,201,0,0,50,0,0,0,0,0,0,0,0,50,1,3.35113096874714
Canton Borough Police Department,1981-04-01,Pennsylvania,1969,PA00802,0,0,0,0,0,0,0,0,0,0,0,0,0,0,0,0,0,0,1,1,0,2,0,0,0,0,0,0,0,0,2,0,0,0,0,0,0,0,0,0,0,0,0,0,0,0,0,0,0,0,0,0,0,57,168,0,225,225,0,0,0,0,0,0,0,0,225,0,0,0,0,0,0,0,0,225,0,0,225,0,0,0,0,0,0,0,0,168,0,0,168,1,3.35113096874714
Canton Borough Police Department,1981-05-01,Pennsylvania,1969,PA00802,0,0,0,0,0,0,0,1,0,0,0,0,0,0,0,0,0,0,0,0,0,0,0,0,0,0,0,0,0,0,0,1,0,1,0,0,0,0,0,0,0,0,5027,0,0,0,0,0,0,0,0,0,0,0,0,0,0,5027,0,0,0,0,0,0,0,0,0,0,0,0,0,0,0,0,5027,0,0,0,5027,0,0,0,0,0,0,0,5027,0,0,0,5027,1,3.35113096874714
Canton Borough Police Department,1981-06-01,Pennsylvania,1969,PA00802,0,1,0,0,0,0,1,0,0,0,0,0,0,0,0,0,0,0,0,1,0,1,0,1,0,0,0,0,0,0,0,0,0,0,0,3016,0,0,0,0,0,3016,0,0,0,0,0,0,0,0,0,0,0,0,335,0,335,3351,0,335,0,0,0,0,0,0,0,0,0,3016,0,0,0,0,0,335,0,0,3351,0,0,3016,0,0,0,0,0,335,0,0,3351,1,3.35113096874714
Canton Borough Police Department,1981-07-01,Pennsylvania,1969,PA00802,0,0,0,0,0,0,0,1,0,0,0,0,0,0,0,0,0,0,1,0,4,5,0,0,0,3,0,0,0,0,2,0,1,1,0,0,0,0,0,0,0,0,11729,0,0,0,0,0,0,0,0,0,0,168,0,5948,6116,17845,0,0,0,4189,0,0,0,0,1927,0,0,1005,0,0,0,0,11729,5110,0,0,17845,0,0,0,0,0,0,0,11729,3519,0,0,15248,1,3.35113096874714
Canton Borough Police Department,1981-08-01,Pennsylvania,1969,PA00802,0,0,0,0,0,0,0,0,0,0,0,0,0,0,0,0,0,0,1,3,1,5,0,3,0,0,1,0,0,0,1,0,0,0,0,0,0,0,0,0,0,0,0,0,0,0,0,0,0,0,0,0,0,84,1424,754,2262,2262,0,1005,0,0,503,0,0,0,754,0,0,0,0,0,0,0,0,1759,0,503,2262,0,0,0,0,0,0,0,0,586,0,0,586,1,3.35113096874714
Canton Borough Police Department,1981-09-01,Pennsylvania,1969,PA00802,0,1,0,0,0,0,1,0,0,0,0,0,0,0,0,0,0,0,0,1,0,1,0,0,0,0,0,0,0,0,1,0,0,0,0,101,0,0,0,0,0,101,0,0,0,0,0,0,0,0,0,0,0,0,168,0,168,268,0,0,0,0,0,0,0,0,168,0,0,101,0,0,0,0,0,168,0,0,268,0,0,0,0,0,0,0,0,0,0,0,0,1,3.35113096874714
Canton Borough Police Department,1981-10-01,Pennsylvania,1969,PA00802,0,0,0,0,4,0,4,0,0,0,0,0,0,0,0,0,0,0,0,1,0,1,0,1,0,0,0,0,0,0,0,0,0,0,0,0,0,0,476,0,0,476,0,0,0,0,0,0,0,0,0,0,0,0,335,0,335,811,0,335,0,0,0,0,0,0,0,0,0,101,0,0,0,0,0,710,0,0,811,0,0,0,0,0,0,0,0,335,0,0,335,1,3.35113096874714
Canton Borough Police Department,1981-11-01,Pennsylvania,1969,PA00802,0,0,0,0,1,0,1,0,0,0,0,0,0,0,0,0,0,0,2,1,1,4,0,0,0,1,1,0,0,0,2,0,0,0,0,0,0,0,67,0,0,67,0,0,0,0,0,0,0,0,0,0,0,194,302,2182,2678,2745,0,0,0,302,2182,0,0,0,194,0,0,2319,302,0,0,0,0,124,0,0,2745,0,0,134,0,0,0,0,0,1062,0,0,1196,1,3.35113096874714
Canton Borough Police Department,1981-12-01,Pennsylvania,1969,PA00802,0,0,0,0,0,0,0,0,0,0,1,0,0,0,0,0,0,1,1,1,0,2,1,0,0,0,1,0,0,0,0,0,0,0,0,0,0,0,0,0,0,0,0,0,0,10858,0,0,0,0,0,0,10858,101,235,0,335,11193,235,0,0,0,101,0,0,0,0,0,0,10858,0,0,0,0,0,335,0,0,11193,0,0,0,0,0,0,0,0,101,0,0,101,1,3.35113096874714
Canton Borough Police Department,1982-01-01,Pennsylvania,1969,PA00802,0,0,0,0,0,0,0,0,0,0,0,0,0,0,0,0,0,0,0,0,0,0,0,0,0,0,0,0,0,0,0,0,0,0,0,0,0,0,0,0,0,0,0,0,0,0,0,0,0,0,0,0,0,0,0,0,0,0,0,0,0,0,0,0,0,0,0,0,0,0,0,0,0,0,0,0,0,0,0,0,0,0,0,0,0,0,0,0,0,0,0,1,3.15752936096719
Canton Borough Police Department,1982-02-01,Pennsylvania,1969,PA00802,0,2,0,0,3,0,5,0,0,0,0,0,0,0,0,0,0,0,1,0,0,1,0,0,1,0,0,0,0,0,0,0,0,0,0,0,0,0,8304,0,0,8304,0,0,0,0,0,0,0,0,0,0,0,79,0,0,79,8383,0,0,79,0,0,0,0,0,0,0,0,79,0,0,0,0,0,0,0,8304,8383,0,0,0,0,0,0,0,0,0,0,0,0,1,3.15752936096719
Canton Borough Police Department,1982-03-01,Pennsylvania,1969,PA00802,0,0,0,0,1,0,1,0,0,0,0,0,0,0,0,0,0,0,0,2,0,2,0,1,0,1,0,0,0,0,0,0,0,0,0,0,0,0,0,0,0,0,0,0,0,0,0,0,0,0,0,0,0,0,632,0,632,632,0,316,0,316,0,0,0,0,0,0,0,0,0,0,0,0,0,316,0,316,632,0,0,0,0,0,0,0,0,0,0,0,0,1,3.15752936096719
Canton Borough Police Department,1982-04-01,Pennsylvania,1969,PA00802,0,0,0,0,0,0,0,0,0,0,0,0,0,0,0,0,0,0,0,4,1,5,3,0,2,0,0,0,0,0,0,0,0,0,0,0,0,0,0,0,0,0,0,0,0,0,0,0,0,0,0,0,0,0,931,632,1563,1563,616,0,947,0,0,0,0,0,0,0,0,632,316,0,0,0,0,616,0,0,1563,0,0,632,316,0,0,0,0,0,0,0,947,1,3.15752936096719
Canton Borough Police Department,1982-05-01,Pennsylvania,1969,PA00802,0,0,0,0,3,0,3,0,0,0,0,0,0,0,0,0,0,0,0,0,1,1,0,0,0,1,0,0,0,0,0,0,0,0,0,0,0,0,0,0,0,0,0,0,0,0,0,0,0,0,0,0,0,0,0,947,947,947,0,0,0,947,0,0,0,0,0,0,0,0,0,0,0,0,0,0,0,947,947,0,0,0,0,0,0,0,0,0,0,0,0,1,3.15752936096719
Canton Borough Police Department,1982-06-01,Pennsylvania,1969,PA00802,0,0,0,0,0,0,0,0,0,0,0,0,0,0,0,0,0,0,0,2,0,2,0,1,0,0,0,0,0,0,1,0,0,0,0,0,0,0,0,0,0,0,0,0,0,0,0,0,0,0,0,0,0,0,758,0,758,758,0,316,0,0,0,0,0,0,442,0,0,0,0,0,0,0,0,758,0,0,758,0,0,0,0,0,0,0,0,0,0,0,0,1,3.15752936096719
Canton Borough Police Department,1982-07-01,Pennsylvania,1969,PA00802,0,0,0,0,1,0,1,0,0,0,0,0,0,0,0,0,0,0,0,2,1,3,0,0,0,0,2,0,0,0,1,0,0,0,0,0,0,0,0,0,0,0,0,0,0,0,0,0,0,0,0,0,0,0,632,789,1421,1421,0,0,0,0,947,0,0,0,474,0,158,0,789,0,0,0,0,474,0,0,1421,0,0,0,0,0,0,0,0,0,0,0,0,1,3.15752936096719
Canton Borough Police Department,1982-08-01,Pennsylvania,1969,PA00802,0,0,0,0,1,0,1,0,0,0,0,0,0,0,0,0,0,0,1,4,0,5,1,1,0,0,1,0,0,0,2,0,0,0,0,0,0,0,47,0,0,47,0,0,0,0,0,0,0,0,0,0,0,63,1152,0,1216,1263,158,158,0,0,284,0,0,0,616,0,63,616,0,0,0,0,0,584,0,0,1263,0,0,0,0,0,0,0,0,0,0,0,0,1,3.15752936096719
Canton Borough Police Department,1982-09-01,Pennsylvania,1969,PA00802,1,1,0,0,0,0,2,0,0,0,0,0,0,0,0,0,0,0,3,0,1,4,0,1,1,1,0,0,0,0,1,0,0,0,0,1958,126,0,0,0,0,2084,0,0,0,0,0,0,0,0,0,0,0,189,0,789,979,3063,0,126,32,789,0,0,0,0,32,0,0,221,0,0,1895,0,0,947,0,0,3063,0,0,0,0,0,1895,0,0,1579,0,0,3473,1,3.15752936096719
Canton Borough Police Department,1982-10-01,Pennsylvania,1969,PA00802,0,0,0,0,2,0,2,0,0,0,0,0,0,0,0,0,0,0,0,2,1,3,0,0,0,0,3,0,0,0,0,0,0,0,0,0,0,0,16,0,0,16,0,0,0,0,0,0,0,0,0,0,0,0,474,789,1263,1279,0,0,0,0,1263,0,0,0,0,0,0,16,474,0,0,0,0,789,0,0,1279,0,0,0,474,0,0,0,0,789,0,0,1263,1,3.15752936096719
Canton Borough Police Department,1982-11-01,Pennsylvania,1969,PA00802,0,0,0,0,0,0,0,0,0,0,0,0,0,0,0,0,0,0,1,1,1,3,1,1,0,0,1,0,0,0,0,0,0,0,0,0,0,0,0,0,0,0,0,0,0,0,0,0,0,0,0,0,0,126,158,758,1042,1042,758,158,0,0,126,0,0,0,0,0,0,126,0,0,0,0,0,916,0,0,1042,0,0,0,0,0,0,0,0,158,0,0,158,1,3.15752936096719
Canton Borough Police Department,1982-12-01,Pennsylvania,1969,PA00802,0,1,0,0,5,0,6,1,0,0,0,0,0,0,0,0,0,0,2,2,0,4,0,0,0,1,0,0,0,0,3,1,0,1,0,3158,0,0,272,0,0,3429,3158,0,0,0,0,0,0,0,0,0,0,95,316,0,410,6997,0,0,0,158,0,0,0,0,253,0,32,35,0,0,3158,0,3158,458,0,158,6997,0,32,0,0,0,3158,0,3158,363,0,0,6710,1,3.15752936096719
Canton Borough Police Department,1983-01-01,Pennsylvania,1973,PA00802,1,3,0,0,2,0,6,0,0,0,0,0,0,0,0,0,0,0,3,1,1,5,2,0,0,0,2,0,0,1,0,0,0,0,0,43,1530,0,367,0,0,1940,0,0,0,0,0,0,0,0,0,0,0,144,153,1101,1398,3338,1254,0,0,0,135,0,0,9,0,0,376,177,0,0,0,0,0,2784,0,0,3338,0,0,0,0,0,0,0,0,1101,0,0,1101,1,3.05925284471218
Canton Borough Police Department,1983-02-01,Pennsylvania,1973,PA00802,0,0,0,0,1,0,1,1,0,0,0,0,0,0,0,0,0,0,2,0,0,2,0,0,0,1,1,0,0,0,0,0,1,1,0,0,0,0,465,0,0,465,24474,0,0,0,0,0,0,0,0,0,0,128,0,0,128,25068,0,0,0,73,55,0,0,0,0,0,73,55,0,0,0,0,24474,465,0,0,25068,0,73,0,0,0,0,0,24474,465,0,0,25012,1,3.05925284471218
Canton Borough Police Department,1983-03-01,Pennsylvania,1973,PA00802,0,0,0,0,0,0,0,1,0,0,0,0,0,0,0,0,0,0,1,2,0,3,1,0,1,0,0,0,0,0,1,0,0,0,0,0,0,0,0,0,0,0,1530,0,0,0,0,0,0,0,0,0,0,153,1019,0,1172,2701,153,0,468,0,0,0,0,0,551,0,0,468,0,0,0,0,1530,704,0,0,2701,0,0,0,0,0,0,0,0,0,0,0,0,1,3.05925284471218
Canton Borough Police Department,1983-04-01,Pennsylvania,1973,PA00802,0,0,0,0,0,0,0,0,0,0,0,0,0,0,0,0,0,0,2,2,0,4,0,0,0,1,3,0,0,0,0,1,0,1,0,0,0,0,0,0,0,0,0,0,0,0,0,0,0,0,0,0,0,199,612,0,811,811,0,0,0,306,505,0,0,0,0,0,0,413,0,0,0,0,0,398,0,0,811,0,0,0,0,0,0,0,1530,398,0,0,1927,1,3.05925284471218
Canton Borough Police Department,1983-05-01,Pennsylvania,1973,PA00802,1,0,0,0,0,0,1,1,0,0,0,0,0,0,0,0,0,0,0,1,0,1,0,0,0,0,0,0,0,0,1,1,0,1,0,0,168,0,0,0,0,168,12237,0,0,0,0,0,0,0,0,0,0,0,306,0,306,12711,0,0,0,0,0,0,0,0,306,0,0,168,0,0,0,0,12237,306,0,0,12711,0,0,0,0,0,0,0,12237,0,0,0,12237,1,3.05925284471218
Canton Borough Police Department,1983-06-01,Pennsylvania,1973,PA00802,0,0,0,0,0,0,0,0,0,0,0,0,0,0,0,0,0,0,4,0,1,5,0,0,0,1,1,0,0,0,3,0,0,0,0,0,0,0,0,0,0,0,0,0,0,0,0,0,0,0,0,0,0,285,0,765,1049,1049,0,0,0,40,107,0,0,0,902,765,107,0,0,0,0,0,0,177,0,0,1049,0,0,0,0,0,0,0,0,0,0,0,0,1,3.05925284471218
Canton Borough Police Department,1983-07-01,Pennsylvania,1973,PA00802,0,0,0,0,0,0,0,0,0,0,0,0,0,0,0,0,0,0,2,2,1,5,1,1,0,1,0,0,1,0,1,0,0,0,0,0,0,0,0,0,0,0,0,0,0,0,0,0,0,0,0,0,0,156,548,1071,1774,1774,122,382,0,1071,0,0,34,0,165,0,0,34,0,0,0,0,0,1741,0,0,1774,0,0,0,0,0,0,0,0,0,0,0,0,1,3.05925284471218
Canton Borough Police Department,1983-08-01,Pennsylvania,1973,PA00802,0,0,0,0,1,0,1,0,0,0,0,0,0,0,0,0,0,0,3,3,1,7,1,2,0,1,0,0,0,0,3,0,0,0,0,0,0,0,92,0,0,92,0,0,0,0,0,0,0,0,0,0,0,168,765,3059,3992,4084,76,459,0,3059,0,0,0,0,398,0,0,0,0,0,0,0,0,1025,0,3059,4084,0,0,0,0,0,0,0,0,627,0,0,627,1,3.05925284471218
Canton Borough Police Department,1983-09-01,Pennsylvania,1973,PA00802,0,0,0,0,1,0,1,0,0,0,0,0,0,0,0,0,0,0,0,0,0,0,0,0,0,0,0,0,0,0,0,0,0,0,0,0,0,0,1967,0,0,1967,0,0,0,0,0,0,0,0,0,0,0,0,0,0,0,1967,0,0,0,0,0,0,0,0,0,0,0,1967,0,0,0,0,0,0,0,0,1967,0,0,1967,0,0,0,0,0,0,0,0,1967,1,3.05925284471218
Canton Borough Police Department,1983-10-01,Pennsylvania,1973,PA00802,0,0,0,0,0,0,0,0,0,0,0,0,0,0,0,0,0,0,1,1,0,2,0,0,0,1,1,0,0,0,0,0,0,0,0,0,0,0,0,0,0,0,0,0,0,0,0,0,0,0,0,0,0,12,551,0,563,563,0,0,0,551,12,0,0,0,0,0,0,551,0,0,0,0,0,12,0,0,563,0,0,0,0,0,0,0,0,0,0,0,0,1,3.05925284471218
Canton Borough Police Department,1983-11-01,Pennsylvania,1973,PA00802,0,0,0,0,6,1,7,0,0,0,0,0,0,0,0,0,0,0,1,3,0,4,0,0,0,3,1,0,0,0,0,0,0,0,0,0,0,0,4179,0,0,4179,0,0,0,0,0,0,0,0,0,0,0,92,664,0,756,4935,0,0,0,664,92,0,0,0,0,0,0,3812,0,0,0,0,0,765,0,358,4935,0,0,306,0,0,0,0,0,306,0,358,970,1,3.05925284471218
Canton Borough Police Department,1983-12-01,Pennsylvania,1973,PA00802,0,3,0,0,0,0,3,0,0,0,0,0,0,0,0,0,0,0,0,4,0,4,1,0,0,1,1,0,0,1,0,0,0,0,0,1805,0,0,0,0,0,1805,0,0,0,0,0,0,0,0,0,0,0,0,1040,0,1040,2845,229,0,0,489,15,0,0,306,0,0,214,2096,0,0,0,0,0,229,0,306,2845,0,0,0,0,0,0,0,0,0,0,0,0,1,3.05925284471218
Canton Borough Police Department,1984-01-01,Pennsylvania,1933,PA00802,0,0,0,0,0,0,0,0,0,0,0,0,0,0,0,0,0,0,1,0,0,1,0,0,0,1,0,0,0,0,0,0,0,0,0,0,0,0,0,0,0,0,0,0,0,0,0,0,0,0,0,0,0,0,0,0,0,0,0,0,0,0,0,0,0,0,0,0,0,0,0,0,0,0,0,0,0,0,0,0,0,0,0,0,0,0,0,0,0,293,293,1,2.9331132680892
Canton Borough Police Department,1984-02-01,Pennsylvania,1933,PA00802,0,0,0,0,0,0,0,1,0,0,0,0,0,0,0,0,0,0,1,0,0,1,0,0,0,0,0,0,0,0,1,1,0,1,0,0,0,0,0,0,0,0,4106,0,0,0,0,0,0,0,0,0,0,88,0,0,88,4194,0,0,0,0,0,0,0,0,88,0,0,88,0,0,0,0,4106,0,0,0,4194,0,0,0,0,0,0,0,4106,0,0,0,4106,1,2.9331132680892
Canton Borough Police Department,1984-03-01,Pennsylvania,1933,PA00802,0,0,1,0,0,0,1,0,0,0,0,0,0,0,0,0,0,0,2,3,0,5,0,2,1,0,1,0,0,1,0,0,0,0,0,0,0,0,0,0,0,0,0,0,0,0,0,0,0,0,0,0,0,65,645,0,710,710,0,499,59,0,147,0,0,6,0,0,0,59,0,0,0,0,0,651,0,0,710,0,0,0,0,0,0,0,0,651,0,0,651,1,2.9331132680892
Canton Borough Police Department,1984-04-01,Pennsylvania,1933,PA00802,0,0,0,0,0,0,0,1,0,1,0,0,0,0,0,0,0,0,0,0,0,0,0,0,0,0,0,0,0,0,0,0,0,0,0,0,0,0,0,0,0,0,0,0,0,0,0,0,0,0,0,0,0,0,0,0,0,0,0,0,0,0,0,0,0,0,0,0,0,0,0,0,0,0,0,0,0,0,0,0,0,0,0,0,0,0,0,0,0,0,0,1,2.9331132680892
Canton Borough Police Department,1984-05-01,Pennsylvania,1933,PA00802,0,0,0,0,1,0,1,1,0,0,0,0,0,0,0,0,0,0,0,1,0,1,0,0,0,0,1,0,0,0,0,1,0,1,0,0,0,0,1467,0,0,1467,109992,0,0,0,0,0,0,0,0,0,0,0,48983,0,48983,160441,0,0,0,0,48983,0,0,0,0,0,1467,48983,0,0,0,0,109992,0,0,0,160441,0,0,0,0,0,0,0,109992,0,0,0,109992,1,2.9331132680892
Canton Borough Police Department,1984-06-01,Pennsylvania,1933,PA00802,0,0,0,0,1,0,1,0,0,0,0,0,0,0,0,0,0,0,2,1,0,3,0,1,0,0,2,0,0,0,0,0,0,0,0,0,0,0,0,0,0,0,0,0,0,0,0,0,0,0,0,0,0,235,293,0,528,528,0,293,0,0,235,0,0,0,0,0,0,117,0,0,0,0,0,293,0,117,528,0,0,0,0,0,0,0,0,293,0,0,293,1,2.9331132680892
Canton Borough Police Department,1984-07-01,Pennsylvania,1933,PA00802,0,1,0,0,0,0,1,1,0,0,0,0,0,0,0,0,0,0,1,0,2,3,1,0,0,1,1,0,0,0,0,1,0,1,0,29,0,0,0,0,0,29,2933,0,0,0,0,0,0,0,0,0,0,123,0,1877,2000,4963,123,0,0,704,1173,0,0,0,0,0,0,29,0,0,0,0,2933,123,0,1877,4963,0,0,0,0,0,0,0,2933,0,0,0,2933,1,2.9331132680892
Canton Borough Police Department,1984-08-01,Pennsylvania,1933,PA00802,0,0,0,0,1,1,2,1,0,0,0,0,0,0,0,0,0,0,1,5,0,6,0,2,0,0,2,0,0,0,2,1,0,1,0,0,0,0,8931,0,0,8931,1027,0,0,0,0,0,0,0,0,0,0,44,1232,0,1276,11234,0,587,0,0,44,0,0,0,645,0,0,9474,0,0,0,0,1027,733,0,0,11234,0,0,0,0,0,0,0,1027,293,0,0,1320,1,2.9331132680892
Canton Borough Police Department,1984-09-01,Pennsylvania,1933,PA00802,0,0,0,0,0,0,0,4,0,0,0,0,0,0,0,0,0,0,0,1,0,1,0,0,0,1,0,0,0,0,0,1,1,2,0,0,0,0,0,0,0,0,2346,0,0,0,0,0,0,0,0,0,0,0,176,0,176,2522,0,0,0,176,0,0,0,0,0,0,0,0,176,0,0,0,2346,0,0,0,2522,0,0,0,0,0,0,0,2346,0,0,0,2346,1,2.9331132680892
Canton Borough Police Department,1984-10-01,Pennsylvania,1933,PA00802,0,0,0,0,0,0,0,0,0,0,0,0,0,0,0,0,0,0,0,4,3,7,4,0,0,2,1,0,0,0,0,0,0,0,0,0,0,0,0,0,0,0,0,0,0,0,0,0,0,0,0,0,0,0,733,30211,30944,30944,733,0,0,15546,14666,0,0,0,0,0,0,14666,0,0,0,0,0,16279,0,0,30944,0,0,14666,0,0,0,0,0,14666,0,0,29331,1,2.9331132680892
Canton Borough Police Department,1984-11-01,Pennsylvania,1933,PA00802,0,0,0,0,0,0,0,0,0,0,0,0,0,0,0,0,0,0,2,1,2,5,1,1,0,1,1,0,0,0,1,0,0,0,0,0,0,0,0,0,0,0,0,0,0,0,0,0,0,0,0,0,0,176,440,2933,3549,3549,103,440,0,1760,73,0,0,0,1173,0,0,15,0,0,0,0,0,3534,0,0,3549,0,0,0,0,0,0,0,0,1613,0,0,1613,1,2.9331132680892
Canton Borough Police Department,1984-12-01,Pennsylvania,1933,PA00802,0,0,0,0,3,0,3,0,0,0,0,0,0,0,0,0,0,0,1,2,0,3,0,0,0,2,1,0,0,0,0,0,0,0,0,0,0,0,232,0,0,232,0,0,0,0,0,0,0,0,0,0,0,29,616,0,645,877,0,0,0,616,29,0,0,0,0,0,0,232,0,0,0,0,0,645,0,0,877,0,0,0,0,0,0,0,0,0,0,0,0,1,2.9331132680892
Canton Borough Police Department,1985-01-01,Pennsylvania,1925,PA00802,0,1,0,0,1,0,2,0,0,0,0,0,0,0,0,0,0,0,0,1,0,1,0,0,0,1,0,0,0,0,0,0,0,0,0,5665,0,0,212,0,0,5878,0,0,0,0,0,0,0,0,0,0,0,0,198,0,198,6076,0,0,0,198,0,0,0,0,0,0,0,212,5665,0,0,0,0,0,0,198,6076,0,0,212,5665,0,0,0,0,365,0,0,6243,1,2.83267663464518
Canton Borough Police Department,1985-02-01,Pennsylvania,1925,PA00802,0,0,0,0,1,0,1,0,0,0,0,0,0,0,0,0,0,0,0,1,0,1,0,1,0,0,0,0,0,0,0,0,0,0,0,0,0,0,0,0,0,0,0,0,0,0,0,0,0,0,0,0,0,0,283,0,283,283,0,283,0,0,0,0,0,0,0,0,0,0,0,0,0,0,0,283,0,0,283,0,0,0,0,0,0,0,0,283,0,0,283,1,2.83267663464518
Canton Borough Police Department,1985-03-01,Pennsylvania,1925,PA00802,0,0,0,0,1,0,1,0,0,0,0,0,0,0,0,0,0,0,0,2,0,2,0,1,0,1,0,0,0,0,0,0,0,0,0,0,0,0,57,0,0,57,0,0,0,0,0,0,0,0,0,0,0,0,510,0,510,567,0,283,0,227,0,0,0,0,0,0,0,0,0,0,0,0,0,567,0,0,567,0,0,0,0,0,0,0,0,510,0,0,510,1,2.83267663464518
Canton Borough Police Department,1985-04-01,Pennsylvania,1925,PA00802,0,0,0,0,0,0,0,1,0,0,0,0,0,0,0,0,0,0,0,1,0,1,0,0,0,1,0,0,0,0,0,1,0,1,0,0,0,0,0,0,0,0,4249,0,0,0,0,0,0,0,0,0,0,0,142,0,142,4391,0,0,0,142,0,0,0,0,0,0,0,0,0,0,0,0,4249,142,0,0,4391,0,0,0,0,0,0,0,4249,142,0,0,4391,1,2.83267663464518
Canton Borough Police Department,1985-05-01,Pennsylvania,1925,PA00802,0,0,0,0,0,0,0,0,0,0,0,0,0,0,0,0,0,0,0,0,0,0,0,0,0,0,0,0,0,0,0,0,0,0,0,0,0,0,0,0,0,0,0,0,0,0,0,0,0,0,0,0,0,0,0,0,0,0,0,0,0,0,0,0,0,0,0,0,0,0,0,0,0,0,0,0,0,0,0,0,0,0,0,0,0,0,0,0,0,0,0,1,2.83267663464518
Canton Borough Police Department,1985-06-01,Pennsylvania,1925,PA00802,0,0,0,0,0,0,0,0,0,0,0,0,0,0,0,0,0,0,0,2,0,2,1,0,0,0,1,0,0,0,0,0,0,0,0,0,0,0,0,0,0,0,0,0,0,0,0,0,0,0,0,0,0,0,453,0,453,453,170,0,0,0,283,0,0,0,0,0,0,0,0,283,0,0,0,170,0,0,453,0,0,0,0,0,0,0,0,0,0,0,0,1,2.83267663464518
Canton Borough Police Department,1985-07-01,Pennsylvania,1925,PA00802,0,0,0,0,0,0,0,0,0,0,0,0,0,0,0,0,0,0,2,0,0,2,0,0,0,0,0,0,0,0,2,0,0,0,0,0,0,0,0,0,0,0,0,0,0,0,0,0,0,0,0,0,0,85,0,0,85,85,0,0,0,0,0,0,0,0,85,0,0,0,0,0,0,0,0,85,0,0,85,0,0,0,0,0,0,0,0,0,0,0,0,1,2.83267663464518
Canton Borough Police Department,1985-08-01,Pennsylvania,1925,PA00802,0,0,0,0,0,0,0,0,0,0,0,0,0,0,0,0,0,0,1,3,0,4,2,0,0,0,0,0,0,0,2,0,0,0,0,0,0,0,0,0,0,0,0,0,0,0,0,0,0,0,0,0,0,127,708,0,836,836,425,0,0,0,0,0,0,0,411,0,0,0,0,0,0,0,0,836,0,0,836,0,0,0,0,0,0,0,0,198,0,0,198,1,2.83267663464518
Canton Borough Police Department,1985-09-01,Pennsylvania,1925,PA00802,0,0,0,0,0,0,0,0,0,0,0,0,0,0,0,0,0,0,1,1,0,2,0,0,0,1,1,0,0,0,0,0,0,0,0,0,0,0,0,0,0,0,0,0,0,0,0,0,0,0,0,0,0,113,510,0,623,623,0,0,0,113,510,0,0,0,0,0,0,0,0,0,510,0,0,113,0,0,623,0,0,0,0,0,0,0,0,0,0,0,0,1,2.83267663464518
Canton Borough Police Department,1985-10-01,Pennsylvania,1925,PA00802,1,0,0,0,3,0,4,1,0,0,0,0,0,0,0,0,0,0,1,3,0,4,0,0,0,1,2,0,0,0,1,0,1,1,0,0,2294,0,609,0,0,2903,5665,0,0,0,0,0,0,0,0,0,0,57,1204,0,1261,9829,0,0,0,57,850,0,0,0,354,0,42,283,0,0,2294,0,5665,1544,0,0,9829,0,0,0,0,0,0,0,5665,637,0,0,6303,1,2.83267663464518
Canton Borough Police Department,1985-11-01,Pennsylvania,1925,PA00802,0,0,0,0,0,0,0,1,0,0,0,0,0,0,0,0,0,0,2,0,4,6,1,0,0,2,3,0,0,0,0,0,1,1,1,0,0,0,0,0,0,0,4249,0,0,0,0,0,0,0,0,0,0,57,0,3470,3527,7776,42,0,0,1006,2479,0,0,0,0,0,0,0,0,0,0,0,4249,2535,0,991,7776,0,0,0,0,0,0,0,4249,42,0,0,4292,1,2.83267663464518
Canton Borough Police Department,1985-12-01,Pennsylvania,1925,PA00802,1,1,0,0,0,0,2,0,0,0,0,0,0,0,0,0,0,0,0,0,0,0,0,0,0,0,0,0,0,0,0,0,0,0,0,0,0,0,0,0,0,0,0,0,0,0,0,0,0,0,0,0,0,0,0,0,0,0,0,0,0,0,0,0,0,0,0,0,0,0,0,0,0,0,0,0,0,0,0,0,0,0,0,0,0,0,0,0,0,0,0,1,2.83267663464518
Canton Borough Police Department,1986-01-01,Pennsylvania,1915,PA00802,0,0,0,0,1,0,1,1,0,0,0,0,0,0,0,0,0,0,2,0,1,3,0,0,0,2,1,0,0,0,0,0,0,0,0,0,0,0,56,0,0,56,5004,0,0,0,0,0,0,0,0,0,0,361,0,556,917,5977,0,0,0,890,28,0,0,0,0,0,56,0,0,0,0,0,5004,584,0,334,5977,0,56,0,0,0,0,0,0,0,0,0,56,1,2.7799125674751
Canton Borough Police Department,1986-02-01,Pennsylvania,1915,PA00802,0,0,0,0,1,0,1,0,0,0,0,0,0,0,0,0,0,0,2,1,0,3,0,0,0,1,2,0,0,0,0,0,0,0,0,0,0,0,4170,0,0,4170,0,0,0,0,0,0,0,0,0,0,0,72,222,0,295,4465,0,0,0,222,72,0,0,0,0,4170,0,72,0,0,0,0,0,222,0,0,4465,0,0,72,0,0,0,0,0,0,0,0,72,1,2.7799125674751
Canton Borough Police Department,1986-03-01,Pennsylvania,1915,PA00802,0,0,0,0,0,0,0,0,0,0,0,0,0,0,0,0,0,0,0,0,0,0,0,0,0,0,0,0,0,0,0,0,0,0,0,0,0,0,0,0,0,0,0,0,0,0,0,0,0,0,0,0,0,0,0,0,0,0,0,0,0,0,0,0,0,0,0,0,0,0,0,0,0,0,0,0,0,0,0,0,0,0,0,0,0,0,0,0,0,0,0,1,2.7799125674751
Canton Borough Police Department,1986-04-01,Pennsylvania,1915,PA00802,0,1,0,0,0,0,1,0,0,0,0,0,0,0,0,0,0,0,1,1,0,2,1,0,0,1,0,0,0,0,0,0,0,0,0,56,0,0,0,0,0,56,0,0,0,0,0,0,0,0,0,0,0,125,139,0,264,320,125,0,0,139,0,0,0,0,0,0,56,0,0,0,0,0,0,139,0,125,320,0,0,0,0,0,0,0,0,0,0,0,0,1,2.7799125674751
Canton Borough Police Department,1986-05-01,Pennsylvania,1915,PA00802,0,0,2,0,0,0,2,0,0,0,0,0,0,0,0,0,0,0,1,2,0,3,0,0,0,1,2,0,0,0,0,0,0,0,0,0,0,0,0,0,0,0,0,0,0,0,0,0,0,0,0,0,0,111,834,0,945,945,0,0,0,417,528,0,0,0,0,0,0,0,0,0,0,0,0,528,0,417,945,0,0,0,0,0,0,0,0,0,0,417,417,1,2.7799125674751
Canton Borough Police Department,1986-06-01,Pennsylvania,1915,PA00802,0,0,1,0,1,0,2,0,0,0,0,0,0,0,0,0,0,0,0,1,1,2,1,0,0,1,0,0,0,0,0,0,0,0,0,0,0,0,0,0,0,0,0,0,0,0,0,0,0,0,0,0,0,0,222,556,778,778,222,0,0,556,0,0,0,0,0,0,556,0,0,0,0,0,0,0,0,222,778,0,278,0,0,0,0,0,0,0,0,0,278,1,2.7799125674751
Canton Borough Police Department,1986-07-01,Pennsylvania,1915,PA00802,0,0,0,0,0,0,0,0,0,0,0,0,0,0,0,0,0,0,0,0,0,0,0,0,0,0,0,0,0,0,0,0,0,0,0,0,0,0,0,0,0,0,0,0,0,0,0,0,0,0,0,0,0,0,0,0,0,0,0,0,0,0,0,0,0,0,0,0,0,0,0,0,0,0,0,0,0,0,0,0,0,0,0,0,0,0,0,0,0,0,0,1,2.7799125674751
Canton Borough Police Department,1986-08-01,Pennsylvania,1915,PA00802,0,0,0,0,0,0,0,0,0,0,0,0,0,0,0,0,0,0,3,2,0,5,0,1,0,2,1,0,0,0,1,0,0,0,0,0,0,0,0,0,0,0,0,0,0,0,0,0,0,0,0,0,0,131,556,0,687,687,0,278,0,117,14,0,0,0,278,0,278,278,0,64,0,0,0,0,67,0,687,0,278,0,0,14,0,0,0,0,0,0,292,1,2.7799125674751
Canton Borough Police Department,1986-09-01,Pennsylvania,1915,PA00802,0,2,0,0,0,0,2,0,0,0,0,0,0,0,0,0,0,0,0,2,1,3,0,0,0,2,1,0,0,0,0,0,0,0,0,1988,0,0,0,0,0,1988,0,0,0,0,0,0,0,0,0,0,0,0,292,556,848,2836,0,0,0,709,139,0,0,0,0,0,0,153,0,139,0,0,0,1849,139,556,2836,0,0,0,0,0,0,0,0,0,0,0,0,1,2.7799125674751
Canton Borough Police Department,1986-10-01,Pennsylvania,1915,PA00802,0,2,0,0,2,0,4,0,0,0,0,0,0,0,0,0,0,0,0,3,2,5,0,0,0,1,1,0,0,1,2,0,0,0,0,1876,0,0,75,0,0,1951,0,0,0,0,0,0,0,0,0,0,0,0,434,2113,2546,4498,0,0,0,69,695,0,0,114,1668,0,778,2330,0,0,1320,0,0,0,0,69,4498,0,695,1418,0,0,0,0,0,0,0,0,2113,1,2.7799125674751
Canton Borough Police Department,1986-11-01,Pennsylvania,1915,PA00802,0,0,0,0,2,0,2,0,0,0,0,0,0,0,0,0,0,0,0,0,0,0,0,0,0,0,0,0,0,0,0,0,0,0,0,0,0,0,69,0,0,69,0,0,0,0,0,0,0,0,0,0,0,0,0,0,0,69,0,0,0,0,0,0,0,0,0,0,0,0,0,0,0,0,0,69,0,0,69,0,0,0,0,0,0,0,0,69,0,0,69,1,2.7799125674751
Canton Borough Police Department,1986-12-01,Pennsylvania,1915,PA00802,0,0,0,0,1,0,1,2,0,0,0,0,0,0,0,0,0,0,2,3,5,10,5,1,0,2,0,0,0,2,0,0,2,2,0,0,0,0,7114,0,0,7114,6394,0,0,0,0,0,0,0,0,0,0,225,1154,3058,4437,17944,3058,334,0,820,0,0,0,225,0,167,7325,0,0,0,0,0,6394,2558,0,1501,17944,0,1206,0,0,0,0,0,6394,334,0,0,7934,1,2.7799125674751
Canton Borough Police Department,1987-01-01,Pennsylvania,1877,PA00802,0,1,0,0,1,0,2,0,0,0,0,0,0,0,0,0,0,0,1,2,2,5,5,0,0,0,0,0,0,0,0,0,0,0,0,54,0,0,804,0,0,858,0,0,0,0,0,0,0,0,0,0,0,67,939,1944,2950,3808,2950,0,0,0,0,0,0,0,0,0,54,0,804,0,0,0,0,939,0,2011,3808,0,54,0,804,0,0,0,0,0,0,0,858,1,2.68164209754309
Canton Borough Police Department,1987-02-01,Pennsylvania,1877,PA00802,0,0,0,0,0,0,0,0,0,0,0,0,0,0,0,0,0,0,1,0,0,1,0,0,0,0,1,0,0,0,0,0,0,0,0,0,0,0,0,0,0,0,0,0,0,0,0,0,0,0,0,0,0,13,0,0,13,13,0,0,0,0,13,0,0,0,0,0,0,13,0,0,0,0,0,0,0,0,13,0,0,13,0,0,0,0,0,0,0,0,13,1,2.68164209754309
Canton Borough Police Department,1987-03-01,Pennsylvania,1877,PA00802,0,0,0,1,0,0,1,0,0,0,0,0,0,0,0,0,0,0,2,3,0,5,0,1,0,0,2,0,0,0,2,0,0,0,0,0,0,0,0,1341,0,1341,0,0,0,0,0,0,0,0,0,0,0,29,644,0,673,2014,0,295,0,0,349,0,0,0,29,0,1341,365,0,13,0,0,0,295,0,0,2014,0,0,0,0,0,0,0,0,0,0,0,0,1,2.68164209754309
Canton Borough Police Department,1987-04-01,Pennsylvania,1877,PA00802,0,0,0,0,1,0,1,0,0,0,0,0,0,0,0,0,0,0,3,3,1,7,0,2,0,2,3,0,0,0,0,0,0,0,0,0,0,0,0,0,0,0,0,0,0,0,0,0,0,0,0,0,0,236,469,1609,2314,2314,0,335,0,228,1751,0,0,0,0,0,0,0,0,21,0,0,0,2199,0,94,2314,0,0,0,0,0,0,0,0,1609,0,0,1609,1,2.68164209754309
Canton Borough Police Department,1987-05-01,Pennsylvania,1877,PA00802,0,0,0,0,1,2,3,0,0,0,0,0,0,0,0,0,0,0,2,3,0,5,0,3,0,0,0,0,0,0,2,0,0,0,0,0,0,0,1006,0,0,1006,0,0,0,0,0,0,0,0,0,0,0,107,1167,0,1274,2279,0,630,0,0,0,0,0,0,644,0,536,0,0,1006,0,0,0,737,0,0,2279,0,0,0,0,0,0,0,0,737,0,0,737,1,2.68164209754309
Canton Borough Police Department,1987-06-01,Pennsylvania,1877,PA00802,0,0,0,0,0,0,0,0,0,0,0,0,0,0,0,0,0,0,0,0,0,0,0,0,0,0,0,0,0,0,0,0,0,0,0,0,0,0,0,0,0,0,0,0,0,0,0,0,0,0,0,0,0,0,0,0,0,0,0,0,0,0,0,0,0,0,0,0,0,0,0,0,0,0,0,0,0,0,0,0,0,0,0,0,0,0,0,0,0,0,0,1,2.68164209754309
Canton Borough Police Department,1987-07-01,Pennsylvania,1877,PA00802,0,1,0,1,1,0,3,0,0,0,0,0,0,0,0,0,0,0,1,1,0,2,1,0,0,0,1,0,0,0,0,0,0,0,0,737,0,0,188,0,0,925,0,0,0,0,0,0,0,0,0,0,0,121,300,0,421,1346,121,0,0,0,300,0,0,0,0,0,0,354,737,0,0,0,0,0,0,255,1346,0,0,0,737,0,0,0,0,0,0,0,737,1,2.68164209754309
Canton Borough Police Department,1987-08-01,Pennsylvania,1877,PA00802,0,2,0,0,0,0,2,1,0,0,0,0,0,0,0,0,0,0,0,3,0,3,0,2,0,1,0,0,0,0,0,1,0,1,0,0,0,0,0,0,0,0,5363,0,0,0,0,0,0,0,0,0,0,0,429,0,429,5792,0,161,0,268,0,0,0,0,0,0,268,0,0,0,0,0,5363,161,0,0,5792,0,0,0,0,0,0,0,5363,161,0,0,5524,1,2.68164209754309
Canton Borough Police Department,1987-09-01,Pennsylvania,1877,PA00802,0,1,0,0,1,0,2,0,0,0,0,0,0,0,0,0,0,0,0,0,1,1,0,0,0,0,0,0,0,0,1,0,0,0,0,335,0,0,1810,0,0,2145,0,0,0,0,0,0,0,0,0,0,0,0,0,670,670,2816,0,0,0,0,0,0,0,0,670,0,0,1461,0,0,0,0,0,1006,349,0,2816,0,0,0,0,0,0,0,0,670,0,0,670,1,2.68164209754309
Canton Borough Police Department,1987-10-01,Pennsylvania,1877,PA00802,0,0,0,0,0,0,0,1,0,0,0,0,0,0,0,0,0,0,0,0,0,0,0,0,0,0,0,0,0,0,0,1,0,1,0,0,0,0,0,0,0,0,2682,0,0,0,0,0,0,0,0,0,0,0,0,0,0,2682,0,0,0,0,0,0,0,0,0,0,0,0,0,0,0,0,2682,0,0,0,2682,0,0,0,0,0,0,0,2682,0,0,0,2682,1,2.68164209754309
Canton Borough Police Department,1987-11-01,Pennsylvania,1877,PA00802,0,0,0,0,0,0,0,1,0,0,0,0,0,0,0,0,0,0,3,0,0,3,0,2,0,0,0,0,0,0,1,0,1,1,0,0,0,0,0,0,0,0,1341,0,0,0,0,0,0,0,0,0,0,362,0,0,362,1703,0,268,0,0,0,0,0,0,94,0,0,94,0,0,0,0,1341,268,0,0,1703,0,0,0,0,0,0,0,1341,0,0,0,1341,1,2.68164209754309
Canton Borough Police Department,1987-12-01,Pennsylvania,1877,PA00802,0,2,0,0,0,0,2,0,0,0,0,0,0,0,0,0,0,0,3,1,0,4,0,0,0,0,4,0,0,0,0,0,0,0,0,0,0,0,0,0,0,0,0,0,0,0,0,0,0,0,0,0,0,121,295,0,416,416,0,0,0,0,416,0,0,0,0,0,67,349,0,0,0,0,0,0,0,0,416,0,0,27,0,0,0,0,0,0,0,0,27,1,2.68164209754309
Canton Borough Police Department,1988-01-01,Pennsylvania,1884,PA00802,0,0,0,0,0,0,0,1,0,0,0,0,0,0,0,0,0,0,0,2,0,2,2,0,0,0,0,0,0,0,0,1,0,1,0,0,0,0,0,0,0,0,2061,0,0,0,0,0,0,0,0,0,0,0,580,0,580,2641,580,0,0,0,0,0,0,0,0,0,0,0,0,193,0,0,2061,386,0,0,2641,0,0,0,0,0,0,0,2061,386,0,0,2448,1,2.57657599887252
Canton Borough Police Department,1988-02-01,Pennsylvania,1884,PA00802,0,0,0,0,2,0,2,0,0,0,0,0,0,0,0,0,0,0,2,5,0,7,1,0,3,0,2,1,0,0,0,0,0,0,0,0,0,0,0,0,0,0,0,0,0,0,0,0,0,0,0,0,0,90,902,0,992,992,77,0,219,0,361,335,0,0,0,258,0,554,0,0,0,0,0,180,0,0,992,258,0,0,0,0,0,0,0,0,0,0,258,1,2.57657599887252
Canton Borough Police Department,1988-03-01,Pennsylvania,1884,PA00802,0,0,0,0,0,0,0,1,0,0,0,0,0,0,0,0,0,0,3,3,0,6,3,3,0,0,0,0,0,0,0,1,0,1,0,0,0,0,0,0,0,0,25766,0,0,0,0,0,0,0,0,0,0,116,1224,0,1340,27106,567,773,0,0,0,0,0,0,0,0,52,0,0,0,0,0,25766,1288,0,0,27106,0,26,0,0,0,0,0,25766,322,0,0,26114,1,2.57657599887252
Canton Borough Police Department,1988-04-01,Pennsylvania,1884,PA00802,0,0,0,0,0,0,0,2,0,0,0,0,0,0,0,0,0,0,2,2,0,4,1,1,0,1,1,0,0,0,0,1,1,2,0,0,0,0,0,0,0,0,3865,0,0,0,0,0,0,0,0,0,0,88,580,0,667,4532,10,245,0,77,335,0,0,0,0,0,10,0,0,0,0,0,3865,580,0,77,4532,0,10,0,0,0,0,0,3865,580,0,0,4455,1,2.57657599887252
Canton Borough Police Department,1988-05-01,Pennsylvania,1884,PA00802,0,0,0,0,0,0,0,1,0,0,0,0,0,0,0,0,0,0,1,2,0,3,0,0,0,0,2,0,0,0,1,0,1,1,0,0,0,0,0,0,0,0,515,0,0,0,0,0,0,0,0,0,0,26,314,0,340,855,0,0,0,0,211,0,0,0,129,0,340,0,0,0,0,0,515,0,0,0,855,0,0,0,0,0,0,0,515,0,0,0,515,1,2.57657599887252
Canton Borough Police Department,1988-06-01,Pennsylvania,1884,PA00802,0,0,0,0,0,0,0,1,0,0,0,0,0,0,0,0,0,0,1,0,0,1,0,0,0,0,1,0,0,0,0,0,0,0,0,0,0,0,0,0,0,0,451,0,0,0,0,0,0,0,0,0,0,31,0,0,31,482,0,0,0,0,31,0,0,0,0,0,31,0,0,0,0,0,451,0,0,0,482,0,0,0,0,0,0,0,0,0,0,0,0,1,2.57657599887252
Canton Borough Police Department,1988-07-01,Pennsylvania,1884,PA00802,1,0,0,0,0,0,1,1,0,0,0,0,0,0,0,0,0,0,3,2,0,5,0,0,1,0,2,0,0,0,2,1,0,1,0,0,3066,0,0,0,0,3066,2577,0,0,0,0,0,0,0,0,0,0,82,258,0,340,5983,0,0,39,0,258,0,0,0,44,0,95,374,2512,129,64,0,2577,129,0,103,5983,0,95,52,2512,0,64,0,2577,129,0,103,5532,1,2.57657599887252
Canton Borough Police Department,1988-08-01,Pennsylvania,1884,PA00802,1,0,0,0,0,0,1,0,0,0,0,0,0,0,0,0,0,0,2,1,0,3,1,0,0,0,2,0,0,0,0,0,0,0,0,0,64,0,0,0,0,64,0,0,0,0,0,0,0,0,0,0,0,180,258,0,438,502,103,0,0,0,335,0,0,0,0,0,77,0,258,0,64,0,0,103,0,0,502,0,0,0,0,0,0,0,0,0,0,0,0,1,2.57657599887252
Canton Borough Police Department,1988-09-01,Pennsylvania,1884,PA00802,0,0,0,0,0,0,0,0,0,0,0,0,0,0,0,0,0,0,0,0,2,2,1,0,1,0,0,0,0,0,0,0,0,0,0,0,0,0,0,0,0,0,0,0,0,0,0,0,0,0,0,0,0,0,0,1546,1546,1546,1031,0,515,0,0,0,0,0,0,0,0,515,0,0,0,0,0,1031,0,0,1546,0,0,0,0,0,0,0,0,0,0,0,0,1,2.57657599887252
Canton Borough Police Department,1988-10-01,Pennsylvania,1884,PA00802,0,0,0,0,0,0,0,0,0,0,0,0,0,0,0,0,0,0,1,2,0,3,2,1,0,0,0,0,0,0,0,0,0,0,0,0,0,0,0,0,0,0,0,0,0,0,0,0,0,0,0,0,0,26,734,0,760,760,734,26,0,0,0,0,0,0,0,0,0,0,0,0,0,0,0,760,0,0,760,0,0,0,0,0,0,0,0,322,0,0,322,1,2.57657599887252
Canton Borough Police Department,1988-11-01,Pennsylvania,1884,PA00802,0,0,0,0,0,0,0,1,0,0,0,0,0,0,0,0,0,0,3,0,0,3,0,0,0,0,1,0,0,1,1,0,0,0,0,0,0,0,0,0,0,0,1031,0,0,0,0,0,0,0,0,0,0,59,0,0,59,1090,0,0,0,0,10,0,0,23,26,23,26,0,0,0,0,0,1031,0,10,0,1090,23,0,0,0,0,0,0,0,0,0,0,23,1,2.57657599887252
Canton Borough Police Department,1988-12-01,Pennsylvania,1884,PA00802,0,0,0,0,0,0,0,0,0,0,0,0,0,0,0,0,0,0,0,1,0,1,0,0,0,0,0,0,0,0,1,0,0,0,0,0,0,0,0,0,0,0,0,0,0,0,0,0,0,0,0,0,0,0,258,0,258,258,0,0,0,0,0,0,0,0,258,0,0,0,0,258,0,0,0,0,0,0,258,0,0,0,0,0,0,0,0,0,0,0,0,1,2.57657599887252
Canton Borough Police Department,1989-01-01,Pennsylvania,1836,PA00802,0,0,0,0,0,0,0,0,0,0,0,0,0,0,0,0,0,0,0,3,0,3,0,1,1,0,0,0,0,0,1,0,0,0,0,0,0,0,0,0,0,0,0,0,0,0,0,0,0,0,0,0,0,0,688,0,688,688,0,246,197,0,0,0,0,0,246,246,0,197,0,0,0,0,0,246,0,0,688,0,0,0,0,0,0,0,0,246,0,0,246,1,2.45793156762571
Canton Borough Police Department,1989-02-01,Pennsylvania,1836,PA00802,0,0,0,0,0,1,1,1,0,0,0,0,0,0,0,0,0,0,3,0,7,10,0,4,3,1,1,0,0,1,0,1,0,1,0,0,0,0,0,0,0,0,1966,0,0,0,0,0,0,0,0,0,0,118,0,2514,2632,4599,0,1352,391,430,442,0,0,17,0,0,0,391,0,0,0,0,1966,1811,0,430,4599,0,0,0,0,0,0,0,1966,509,0,0,2475,1,2.45793156762571
Canton Borough Police Department,1989-03-01,Pennsylvania,1836,PA00802,0,0,0,0,0,0,0,1,0,0,0,0,0,0,0,0,0,0,1,0,1,2,0,0,1,0,1,0,0,0,0,1,0,1,0,0,0,0,0,0,0,0,2950,0,0,0,0,0,0,0,0,0,0,98,0,614,713,3662,0,0,98,0,614,0,0,0,0,0,614,98,0,0,0,0,2950,0,0,0,3662,0,0,0,0,0,0,0,2950,0,0,0,2950,1,2.45793156762571
Canton Borough Police Department,1989-04-01,Pennsylvania,1836,PA00802,0,0,0,0,0,0,0,0,0,0,0,0,0,0,0,0,0,0,1,3,1,5,1,0,1,0,1,0,0,0,2,0,0,0,0,0,0,0,0,0,0,0,0,0,0,0,0,0,0,0,0,0,0,86,718,676,1480,1480,165,0,307,0,676,0,0,0,332,0,165,307,0,0,676,0,0,332,0,0,1480,0,0,0,0,0,0,0,0,246,0,0,246,1,2.45793156762571
Canton Borough Police Department,1989-05-01,Pennsylvania,1836,PA00802,0,0,0,0,0,0,0,0,0,0,0,0,0,0,0,0,0,0,0,3,0,3,0,2,0,0,1,0,0,0,0,0,0,0,0,0,0,0,0,0,0,0,0,0,0,0,0,0,0,0,0,0,0,0,701,0,701,701,0,455,0,0,246,0,0,0,0,0,0,0,0,0,0,0,0,701,0,0,701,0,0,0,0,0,0,0,0,0,0,0,0,1,2.45793156762571
Canton Borough Police Department,1989-06-01,Pennsylvania,1836,PA00802,0,1,0,0,0,0,1,0,0,0,0,0,0,0,0,0,0,0,2,2,0,4,0,1,0,0,1,0,1,0,1,0,0,0,0,25,0,0,0,0,0,25,0,0,0,0,0,0,0,0,0,0,0,135,369,0,504,528,0,246,0,0,123,0,37,0,98,98,0,61,0,0,0,0,0,246,0,123,528,0,0,0,0,0,0,0,0,246,0,0,246,1,2.45793156762571
Canton Borough Police Department,1989-07-01,Pennsylvania,1836,PA00802,1,0,0,0,0,0,1,0,0,0,0,0,0,0,0,0,0,0,0,1,0,1,0,1,0,0,0,0,0,0,0,0,0,0,0,0,22,0,0,0,0,22,0,0,0,0,0,0,0,0,0,0,0,0,369,0,369,391,0,369,0,0,0,0,0,0,0,0,0,22,0,0,0,0,0,369,0,0,391,0,0,0,0,0,0,0,0,369,0,0,369,1,2.45793156762571
Canton Borough Police Department,1989-08-01,Pennsylvania,1836,PA00802,0,0,0,0,0,0,0,0,0,0,0,0,0,0,0,0,0,0,3,4,0,7,4,0,0,0,3,0,0,0,0,0,0,0,0,0,0,0,0,0,0,0,0,0,0,0,0,0,0,0,0,0,0,206,929,0,1136,1136,732,0,0,0,403,0,0,0,0,0,0,403,0,0,0,0,0,732,0,0,1136,0,0,0,0,0,0,0,0,0,0,0,0,1,2.45793156762571
Canton Borough Police Department,1989-09-01,Pennsylvania,1836,PA00802,1,0,0,0,0,0,1,2,0,0,0,0,0,0,0,0,0,0,1,2,4,7,1,0,0,1,2,0,1,0,2,0,1,1,0,0,3045,0,0,0,0,3045,8603,0,0,0,0,0,0,0,0,0,0,93,959,3503,4555,16203,1229,0,0,614,1168,0,983,0,560,0,0,1568,823,0,1635,0,8603,1853,0,1721,16203,0,0,624,0,0,0,0,7374,238,0,0,8237,1,2.45793156762571
Canton Borough Police Department,1989-10-01,Pennsylvania,1836,PA00802,0,0,0,0,0,0,0,0,0,0,0,0,0,0,0,0,0,0,4,1,0,5,0,0,0,2,2,0,0,0,1,0,0,0,0,0,0,0,0,0,0,0,0,0,0,0,0,0,0,0,0,0,0,211,295,0,506,506,0,0,0,334,98,0,0,0,74,0,101,0,0,0,0,0,0,406,0,0,506,0,0,0,0,0,0,0,0,0,0,0,0,1,2.45793156762571
Canton Borough Police Department,1989-11-01,Pennsylvania,1836,PA00802,0,2,0,0,0,0,2,1,0,0,0,0,0,0,0,0,0,0,0,0,0,0,0,0,0,0,0,0,0,0,0,0,1,1,0,307,0,0,0,0,0,307,83570,0,0,0,0,0,0,0,0,0,0,0,0,0,0,83877,0,0,0,0,0,0,0,0,0,0,0,307,0,0,0,0,83570,0,0,0,83877,0,0,0,0,0,0,0,83570,0,0,0,83570,1,2.45793156762571
Canton Borough Police Department,1989-12-01,Pennsylvania,1836,PA00802,0,2,0,0,0,0,2,0,0,0,0,0,0,0,0,0,0,0,1,0,2,3,0,0,0,1,2,0,0,0,0,0,0,0,0,1106,0,0,0,0,0,1106,0,0,0,0,0,0,0,0,0,0,0,34,0,3072,3107,4213,0,0,0,34,3072,0,0,0,0,0,34,2950,614,614,0,0,0,0,0,0,4213,0,0,0,0,0,0,0,0,0,0,0,0,1,2.45793156762571
Canton Borough Police Department,1990-01-01,Pennsylvania,1966,PA00802,0,0,0,0,4,0,4,0,0,0,0,0,0,0,0,0,0,0,1,1,0,2,0,0,0,0,0,1,0,0,1,0,0,0,0,0,0,0,1793,0,0,1793,0,0,0,0,0,0,0,0,0,0,0,33,117,0,149,1943,0,0,0,0,0,117,0,0,33,0,33,117,0,0,0,0,0,560,0,1234,1943,0,0,0,0,0,0,0,0,0,0,0,0,1,2.33204860003827
Canton Borough Police Department,1990-02-01,Pennsylvania,1966,PA00802,0,1,0,0,0,0,1,0,0,0,0,0,0,0,0,0,0,0,1,0,1,2,0,0,0,0,2,0,0,0,0,0,0,0,0,0,0,0,0,0,0,0,0,0,0,0,0,0,0,0,0,0,0,9,0,730,739,739,0,0,0,0,739,0,0,0,0,0,9,0,0,0,0,0,0,0,0,730,739,0,0,0,0,0,0,0,0,0,0,730,730,1,2.33204860003827
Canton Borough Police Department,1990-03-01,Pennsylvania,1966,PA00802,0,0,0,0,2,0,2,0,0,0,0,0,0,0,0,0,0,0,0,0,2,2,0,0,0,1,0,0,0,0,1,0,0,0,0,0,0,0,0,0,0,0,0,0,0,0,0,0,0,0,0,0,0,0,0,1586,1586,1586,0,0,0,653,0,0,0,0,933,0,0,0,0,0,0,0,0,1329,0,257,1586,0,0,0,0,0,0,0,0,0,0,0,0,1,2.33204860003827
Canton Borough Police Department,1990-04-01,Pennsylvania,1966,PA00802,2,0,0,0,0,0,2,0,0,0,0,0,0,0,0,0,0,0,0,0,0,0,0,0,0,0,0,0,0,0,0,0,0,0,0,0,0,0,0,0,0,0,0,0,0,0,0,0,0,0,0,0,0,0,0,0,0,0,0,0,0,0,0,0,0,0,0,0,0,0,0,0,0,0,0,0,0,0,0,0,0,0,0,0,0,0,0,0,0,0,0,1,2.33204860003827
Canton Borough Police Department,1990-05-01,Pennsylvania,1966,PA00802,0,1,0,0,3,0,4,0,0,0,0,0,0,0,0,0,0,0,1,0,0,1,0,0,0,0,1,0,0,0,0,0,0,0,0,0,0,0,1094,0,0,1094,0,0,0,0,0,0,0,0,0,0,0,105,0,0,105,1199,0,0,0,0,105,0,0,0,0,0,105,861,0,0,0,0,0,233,0,0,1199,0,0,0,0,0,0,0,0,0,0,0,0,1,2.33204860003827
Canton Borough Police Department,1990-06-01,Pennsylvania,1966,PA00802,0,1,0,0,1,0,2,1,0,0,0,0,0,0,0,0,0,0,1,3,0,4,0,1,0,1,1,0,0,0,1,0,1,1,0,0,0,0,23,0,0,23,1866,0,0,0,0,0,0,0,0,0,0,42,875,0,916,2805,0,233,0,350,292,0,0,0,42,0,0,23,0,0,0,0,1866,567,0,350,2805,0,0,0,0,0,0,0,0,292,0,0,292,1,2.33204860003827
Canton Borough Police Department,1990-07-01,Pennsylvania,1966,PA00802,0,2,0,0,0,0,2,0,0,1,0,0,0,0,0,0,0,0,1,2,2,5,0,1,0,3,1,0,0,0,0,0,0,0,0,536,0,0,0,0,0,536,0,0,0,0,0,0,0,0,0,0,0,16,443,1539,1999,2535,0,117,0,1866,16,0,0,0,0,0,0,233,0,0,0,0,0,133,0,2169,2535,0,0,0,0,0,0,0,0,16,0,0,16,1,2.33204860003827
Canton Borough Police Department,1990-08-01,Pennsylvania,1966,PA00802,0,0,0,1,0,0,1,0,0,0,0,0,0,0,0,0,0,0,1,2,2,5,0,2,0,0,2,0,0,0,1,0,0,0,0,0,0,0,0,35,0,35,0,0,0,0,0,0,0,0,0,0,0,12,583,2332,2927,2962,0,583,0,0,2332,0,0,0,12,0,12,2367,0,0,0,0,0,583,0,0,2962,0,0,0,0,0,0,0,0,0,0,0,0,1,2.33204860003827
Canton Borough Police Department,1990-09-01,Pennsylvania,1966,PA00802,0,0,0,0,0,0,0,0,0,0,0,0,0,0,0,0,0,0,1,1,0,2,0,1,0,0,0,0,0,0,1,0,0,0,0,0,0,0,0,0,0,0,0,0,0,0,0,0,0,0,0,0,0,12,233,0,245,245,0,233,0,0,0,0,0,0,12,0,12,0,0,0,0,0,0,233,0,0,245,0,0,0,0,0,0,0,0,0,0,0,0,1,2.33204860003827
Canton Borough Police Department,1990-10-01,Pennsylvania,1966,PA00802,0,0,0,0,0,0,0,0,0,0,0,0,0,0,0,0,0,0,1,0,0,1,0,0,0,0,0,0,0,0,1,0,0,0,0,0,0,0,0,0,0,0,0,0,0,0,0,0,0,0,0,0,0,70,0,0,70,70,0,0,0,0,0,0,0,0,70,0,0,0,0,70,0,0,0,0,0,0,70,0,0,0,0,0,0,0,0,0,0,0,0,1,2.33204860003827
Canton Borough Police Department,1990-11-01,Pennsylvania,1966,PA00802,0,1,0,0,0,0,1,0,0,0,0,0,0,0,0,0,0,0,0,0,1,1,0,0,0,0,1,0,0,0,0,0,0,0,0,292,0,0,0,0,0,292,0,0,0,0,0,0,0,0,0,0,0,0,0,816,816,1108,0,0,0,0,816,0,0,0,0,0,0,292,0,0,0,0,0,816,0,0,1108,0,0,0,0,0,0,0,0,0,0,0,0,1,2.33204860003827
Canton Borough Police Department,1990-12-01,Pennsylvania,1966,PA00802,0,0,0,0,0,0,0,0,0,0,0,0,0,0,0,0,0,0,0,0,0,0,0,0,0,0,0,0,0,0,0,0,0,0,0,0,0,0,0,0,0,0,0,0,0,0,0,0,0,0,0,0,0,0,0,0,0,0,0,0,0,0,0,0,0,0,0,0,0,0,0,0,0,0,0,0,0,0,0,0,0,0,0,0,0,0,0,0,0,0,0,1,2.33204860003827
Canton Borough Police Department,1991-01-01,Pennsylvania,1979,PA00802,0,2,0,0,0,0,2,0,0,0,0,0,0,0,0,0,0,0,0,3,0,3,0,0,0,0,2,0,0,0,1,0,0,0,0,3765,0,0,0,0,0,3765,0,0,0,0,0,0,0,0,0,0,0,0,528,0,528,4293,0,0,0,0,392,0,0,0,136,0,716,0,0,0,0,0,0,371,0,3206,4293,0,0,0,0,0,0,0,0,235,0,0,235,1,2.23729976136572
Canton Borough Police Department,1991-02-01,Pennsylvania,1979,PA00802,0,2,0,0,0,0,2,0,0,0,0,0,0,0,0,0,0,0,1,0,0,1,0,0,0,0,1,0,0,0,0,0,0,0,0,4240,0,0,0,0,0,4240,0,0,0,0,0,0,0,0,0,0,0,38,0,0,38,4278,0,0,0,0,38,0,0,0,0,0,38,0,0,0,0,0,0,0,0,4240,4278,0,0,0,0,0,0,0,0,0,0,1891,1891,1,2.23729976136572
Canton Borough Police Department,1991-03-01,Pennsylvania,1979,PA00802,0,0,0,0,0,1,1,0,0,0,0,0,0,0,0,0,0,0,2,0,0,2,0,0,0,0,2,0,0,0,0,0,0,0,0,0,0,0,0,0,0,0,0,0,0,0,0,0,0,0,0,0,0,76,0,0,76,76,0,0,0,0,76,0,0,0,0,0,76,0,0,0,0,0,0,0,0,0,76,0,0,0,0,0,0,0,0,0,0,0,0,1,2.23729976136572
Canton Borough Police Department,1991-04-01,Pennsylvania,1979,PA00802,0,0,0,0,1,0,1,0,0,0,0,0,0,0,0,0,0,0,1,1,0,2,0,0,1,0,0,0,0,1,0,0,0,0,0,0,0,0,2436,0,0,2436,0,0,0,0,0,0,0,0,0,0,0,29,112,0,141,2577,0,0,112,0,0,0,0,29,0,0,0,112,0,246,0,0,0,0,0,2219,2577,0,0,0,0,0,0,0,0,0,0,29,29,1,2.23729976136572
Canton Borough Police Department,1991-05-01,Pennsylvania,1979,PA00802,0,1,0,0,0,0,1,0,0,0,0,0,0,0,0,0,0,0,1,0,2,3,0,0,0,0,1,0,0,0,2,0,0,0,0,67,0,0,0,0,0,67,0,0,0,0,0,0,0,0,0,0,0,67,425,3803,4296,4363,0,0,0,0,3781,0,0,0,515,67,0,492,0,0,3356,0,0,447,0,0,4363,0,0,0,0,0,0,0,0,447,0,0,447,1,2.23729976136572
Canton Borough Police Department,1991-06-01,Pennsylvania,1979,PA00802,1,0,0,0,0,0,1,0,0,0,0,0,0,0,0,0,0,0,2,0,0,2,0,1,1,0,0,0,0,0,0,0,0,0,0,0,87,0,0,0,0,87,0,0,0,0,0,0,0,0,0,0,0,101,0,0,101,188,0,56,45,0,0,0,0,0,0,0,0,132,0,0,0,0,0,56,0,0,188,0,0,0,0,0,0,0,0,0,0,0,0,1,2.23729976136572
Canton Borough Police Department,1991-07-01,Pennsylvania,1979,PA00802,0,1,0,0,1,0,2,1,0,0,0,0,0,0,0,0,0,0,1,0,1,2,0,0,1,0,1,0,0,0,0,0,1,1,0,2685,0,0,1197,0,0,3882,4027,0,0,0,0,0,0,0,0,0,0,98,0,783,881,8790,0,0,98,0,783,0,0,0,0,0,783,1295,0,2685,0,0,4027,0,0,0,8790,0,0,0,0,0,0,0,4027,0,0,0,4027,1,2.23729976136572
Canton Borough Police Department,1991-08-01,Pennsylvania,1979,PA00802,0,0,0,0,0,0,0,0,0,0,0,0,0,0,0,0,0,0,1,1,2,4,0,0,0,1,3,0,0,0,0,0,0,0,0,0,0,0,0,0,0,0,0,0,0,0,0,0,0,0,0,0,0,4,190,1365,1559,1559,0,0,0,805,754,0,0,0,0,0,0,0,559,0,0,0,0,195,0,805,1559,0,0,0,0,0,0,0,0,4,0,0,4,1,2.23729976136572
Canton Borough Police Department,1991-09-01,Pennsylvania,1979,PA00802,0,0,0,0,0,0,0,0,0,0,0,0,0,0,0,0,0,0,1,2,0,3,0,0,0,1,2,0,0,0,0,0,0,0,0,0,0,0,0,0,0,0,0,0,0,0,0,0,0,0,0,0,0,29,783,0,812,812,0,0,0,447,365,0,0,0,0,0,29,0,0,336,0,0,0,0,0,447,812,0,0,0,0,0,0,0,0,0,0,0,0,1,2.23729976136572
Canton Borough Police Department,1991-10-01,Pennsylvania,1979,PA00802,0,0,0,0,0,0,0,0,0,0,0,0,0,0,0,0,0,0,1,1,2,4,0,0,1,0,3,0,0,0,0,0,0,0,0,0,0,0,0,0,0,0,0,0,0,0,0,0,0,0,0,0,0,11,246,1924,2181,2181,0,0,11,0,2170,0,0,0,0,0,246,537,0,0,0,0,0,1398,0,0,2181,0,0,0,0,0,0,0,0,1398,0,0,1398,1,2.23729976136572
Canton Borough Police Department,1991-11-01,Pennsylvania,1979,PA00802,0,0,0,0,0,0,0,0,0,0,0,0,0,0,0,0,0,0,2,0,0,2,0,0,0,1,1,0,0,0,0,0,0,0,0,0,0,0,0,0,0,0,0,0,0,0,0,0,0,0,0,0,0,63,0,0,63,63,0,0,0,40,22,0,0,0,0,0,0,0,0,22,0,0,0,40,0,0,63,0,0,0,0,0,0,0,0,0,0,0,0,1,2.23729976136572
Canton Borough Police Department,1991-12-01,Pennsylvania,1979,PA00802,0,0,0,0,0,0,0,2,0,0,0,0,0,0,0,0,0,0,2,2,0,4,0,0,0,0,1,0,0,0,3,1,1,2,0,0,0,0,0,0,0,0,22820,0,0,0,0,0,0,0,0,0,0,78,389,0,468,23288,0,0,0,0,60,0,0,0,407,60,18,0,0,0,0,0,22820,389,0,0,23288,0,0,0,0,0,0,0,22820,0,0,0,22820,1,2.23729976136572
Canton Borough Police Department,1992-01-01,Pennsylvania,1986,PA00802,0,0,0,0,0,0,0,0,0,0,0,0,0,0,0,0,0,0,1,0,1,2,0,0,0,1,0,1,0,0,0,0,0,0,0,0,0,0,0,0,0,0,0,0,0,0,0,0,0,0,0,0,0,85,0,543,628,628,0,0,0,543,0,85,0,0,0,0,0,85,0,0,0,0,0,543,0,0,628,0,0,0,0,0,0,0,0,0,0,0,0,1,2.17152809122224
Canton Borough Police Department,1992-02-01,Pennsylvania,1986,PA00802,0,0,0,0,2,0,2,1,0,0,0,0,0,0,0,0,0,0,1,1,2,4,0,2,0,0,1,0,0,0,1,0,1,1,0,0,0,0,17995,0,0,17995,651,0,0,0,0,0,0,0,0,0,0,54,363,717,1134,19780,0,717,0,0,363,0,0,0,54,0,717,1720,0,0,0,0,651,16693,0,0,19780,0,0,0,0,0,0,0,651,0,0,0,651,1,2.17152809122224
Canton Borough Police Department,1992-03-01,Pennsylvania,1986,PA00802,0,0,0,0,1,0,1,0,0,0,0,0,0,0,0,0,0,0,0,2,0,2,0,0,0,1,1,0,0,0,0,0,0,0,0,0,0,0,37939,0,0,37939,0,0,0,0,0,0,0,0,0,0,0,0,282,0,282,38221,0,0,0,163,119,0,0,0,0,0,0,14134,0,0,0,23967,0,119,0,0,38221,0,0,0,0,0,0,0,0,0,0,0,0,1,2.17152809122224
Canton Borough Police Department,1992-04-01,Pennsylvania,1986,PA00802,0,0,0,0,0,0,0,0,0,0,0,0,0,0,0,0,0,0,2,2,0,4,1,0,0,1,1,0,0,0,1,0,0,0,0,0,0,0,0,0,0,0,0,0,0,0,0,0,0,0,0,0,0,137,239,0,376,376,130,0,0,109,39,0,0,0,98,109,39,0,0,98,0,0,0,130,0,0,376,0,39,0,0,0,0,0,0,0,0,0,39,1,2.17152809122224
Canton Borough Police Department,1992-05-01,Pennsylvania,1986,PA00802,0,1,0,0,0,0,1,0,0,0,0,0,0,0,0,0,0,0,1,1,1,3,0,1,0,1,1,0,0,0,0,0,0,0,0,1259,0,0,0,0,0,1259,0,0,0,0,0,0,0,0,0,0,0,87,326,1125,1537,2797,0,326,0,1125,87,0,0,0,0,0,413,1259,0,0,0,0,0,0,0,1125,2797,0,326,0,0,0,0,0,0,0,0,1125,1451,1,2.17152809122224
Canton Borough Police Department,1992-06-01,Pennsylvania,1986,PA00802,0,1,0,0,0,0,1,0,0,0,0,0,0,0,0,0,0,0,2,2,0,4,0,1,0,0,0,1,0,0,2,0,0,0,0,0,0,0,0,0,0,0,0,0,0,0,0,0,0,0,0,0,0,93,302,0,395,395,0,193,0,0,0,109,0,0,93,0,28,109,0,65,0,0,0,193,0,0,395,0,0,109,0,0,0,0,0,193,0,0,302,1,2.17152809122224
Canton Borough Police Department,1992-07-01,Pennsylvania,1986,PA00802,0,1,0,0,0,0,1,1,0,0,0,0,0,0,0,0,0,0,2,2,1,5,0,0,0,2,3,0,0,0,0,0,1,1,0,2111,0,0,0,0,0,2111,0,0,0,0,0,0,0,0,0,0,0,122,565,434,1121,3231,0,0,0,512,608,0,0,0,0,434,1763,608,0,0,54,0,0,78,0,293,3231,434,0,0,0,0,0,0,0,0,0,0,434,1,2.17152809122224
Canton Borough Police Department,1992-08-01,Pennsylvania,1986,PA00802,0,0,0,0,0,0,0,0,0,0,0,0,0,0,0,0,0,0,1,1,1,3,0,0,0,0,2,0,0,0,1,0,0,0,0,0,0,0,0,0,0,0,0,0,0,0,0,0,0,0,0,0,0,54,245,436,736,736,0,0,0,0,682,0,0,0,54,0,0,682,0,0,0,0,0,54,0,0,736,0,0,245,0,0,0,0,0,0,0,0,245,1,2.17152809122224
Canton Borough Police Department,1992-09-01,Pennsylvania,1986,PA00802,0,0,0,0,0,0,0,1,0,0,0,0,0,0,0,0,0,0,2,0,1,3,0,1,0,0,2,0,0,0,0,0,0,0,0,0,0,0,0,0,0,0,1737,0,0,0,0,0,0,0,0,0,0,65,0,686,751,2489,0,54,0,0,697,0,0,0,0,0,11,686,0,0,0,0,1737,54,0,0,2489,0,0,0,0,0,0,0,0,54,0,0,54,1,2.17152809122224
Canton Borough Police Department,1992-10-01,Pennsylvania,1986,PA00802,0,0,0,0,0,0,0,0,0,0,0,0,0,0,0,0,0,0,1,1,0,2,0,0,0,0,2,0,0,0,0,0,0,0,0,0,0,0,0,0,0,0,0,0,0,0,0,0,0,0,0,0,0,9,163,0,172,172,0,0,0,0,172,0,0,0,0,0,9,163,0,0,0,0,0,0,0,0,172,0,0,0,0,0,0,0,0,0,0,0,0,1,2.17152809122224
Canton Borough Police Department,1992-11-01,Pennsylvania,1986,PA00802,0,0,0,0,0,0,0,0,0,0,0,0,0,0,0,0,0,0,0,1,0,1,0,0,0,0,1,0,0,0,0,0,0,0,0,0,0,0,0,0,0,0,0,0,0,0,0,0,0,0,0,0,0,0,98,0,98,98,0,0,0,0,98,0,0,0,0,0,98,0,0,0,0,0,0,0,0,0,98,0,0,0,0,0,0,0,0,0,0,0,0,1,2.17152809122224
Canton Borough Police Department,1992-12-01,Pennsylvania,1986,PA00802,0,0,0,0,0,0,0,0,0,0,0,0,0,0,0,0,0,0,0,2,0,2,0,0,0,0,2,0,0,0,0,0,0,0,0,0,0,0,0,0,0,0,0,0,0,0,0,0,0,0,0,0,0,0,499,0,499,499,0,0,0,0,499,0,0,0,0,0,0,0,0,347,0,0,0,152,0,0,499,0,0,0,0,0,0,0,0,0,0,0,0,1,2.17152809122224
Canton Borough Police Department,1993-01-01,Pennsylvania,1976,PA00802,0,0,0,0,0,0,0,0,0,0,0,0,0,0,0,0,0,0,0,1,0,1,1,0,0,0,0,0,0,0,0,0,0,0,0,0,0,0,0,0,0,0,0,0,0,0,0,0,0,0,0,0,0,0,116,0,116,116,116,0,0,0,0,0,0,0,0,0,0,0,0,0,0,0,0,116,0,0,116,0,0,0,0,0,0,0,0,0,0,0,0,1,2.10926968560715
Canton Borough Police Department,1993-02-01,Pennsylvania,1976,PA00802,0,0,0,0,0,0,0,0,0,0,0,0,0,0,0,0,0,0,2,0,1,3,0,0,0,2,0,0,0,1,0,0,0,0,0,0,0,0,0,0,0,0,0,0,0,0,0,0,0,0,0,0,0,103,0,949,1053,1053,0,0,0,981,0,0,0,72,0,72,0,0,0,32,0,0,0,0,0,949,1053,0,0,0,0,0,0,0,0,0,0,0,0,1,2.10926968560715
Canton Borough Police Department,1993-03-01,Pennsylvania,1976,PA00802,0,0,0,0,0,0,0,0,0,0,0,0,0,0,0,0,0,0,1,3,0,4,2,0,0,0,1,0,0,0,1,0,0,0,0,0,0,0,0,0,0,0,0,0,0,0,0,0,0,0,0,0,0,30,742,0,772,772,240,0,0,0,316,0,0,0,215,0,0,215,0,0,0,30,0,316,0,211,772,0,0,0,0,0,0,0,0,0,0,0,0,1,2.10926968560715
Canton Borough Police Department,1993-04-01,Pennsylvania,1976,PA00802,0,0,0,0,0,0,0,0,0,0,0,0,0,0,0,0,0,0,0,1,0,1,1,0,0,0,0,0,0,0,0,0,0,0,0,0,0,0,0,0,0,0,0,0,0,0,0,0,0,0,0,0,0,0,211,0,211,211,211,0,0,0,0,0,0,0,0,0,211,0,0,0,0,0,0,0,0,0,211,0,211,0,0,0,0,0,0,0,0,0,211,1,2.10926968560715
Canton Borough Police Department,1993-05-01,Pennsylvania,1976,PA00802,0,0,0,0,0,0,0,0,0,0,0,0,0,0,0,0,0,0,0,0,0,0,0,0,0,0,0,0,0,0,0,0,0,0,0,0,0,0,0,0,0,0,0,0,0,0,0,0,0,0,0,0,0,0,0,0,0,0,0,0,0,0,0,0,0,0,0,0,0,0,0,0,0,0,0,0,0,0,0,0,0,0,0,0,0,0,0,0,0,0,0,1,2.10926968560715
Canton Borough Police Department,1993-06-01,Pennsylvania,1976,PA00802,0,0,0,0,0,0,0,0,0,0,0,0,0,0,0,0,0,0,0,0,0,0,0,0,0,0,0,0,0,0,0,0,0,0,0,0,0,0,0,0,0,0,0,0,0,0,0,0,0,0,0,0,0,0,0,0,0,0,0,0,0,0,0,0,0,0,0,0,0,0,0,0,0,0,0,0,0,0,0,0,0,0,0,0,0,0,0,0,0,0,0,1,2.10926968560715
Canton Borough Police Department,1993-07-01,Pennsylvania,1976,PA00802,0,2,0,0,0,0,2,0,0,0,0,0,0,0,0,0,0,0,1,0,0,1,0,0,0,0,0,0,1,0,0,0,0,0,0,0,0,0,0,0,0,0,0,0,0,0,0,0,0,0,0,0,0,4,0,0,4,4,0,0,0,0,0,0,4,0,0,0,0,4,0,0,0,0,0,0,0,0,4,0,0,0,0,0,0,0,0,0,0,0,0,1,2.10926968560715
Canton Borough Police Department,1993-08-01,Pennsylvania,1976,PA00802,0,1,0,0,0,0,1,0,0,0,0,0,0,0,0,0,0,0,0,1,0,1,0,0,0,0,1,0,0,0,0,0,0,0,0,0,0,0,0,0,0,0,0,0,0,0,0,0,0,0,0,0,0,0,253,0,253,253,0,0,0,0,253,0,0,0,0,0,0,0,0,0,0,0,0,253,0,0,253,0,0,0,0,0,0,0,0,0,0,0,0,1,2.10926968560715
Canton Borough Police Department,1993-09-01,Pennsylvania,1976,PA00802,0,0,0,0,0,0,0,0,0,0,0,0,0,0,0,0,0,0,2,1,0,3,0,0,0,2,1,0,0,0,0,0,0,0,0,0,0,0,0,0,0,0,0,0,0,0,0,0,0,0,0,0,0,179,116,0,295,295,0,0,0,179,116,0,0,0,0,0,0,0,0,0,0,0,0,200,0,95,295,0,0,0,0,0,0,0,0,0,0,0,0,1,2.10926968560715
Canton Borough Police Department,1993-10-01,Pennsylvania,1976,PA00802,0,0,0,0,0,0,0,0,0,0,0,0,0,0,0,0,0,0,3,1,0,4,1,0,0,0,0,0,0,3,0,0,0,0,0,0,0,0,0,0,0,0,0,0,0,0,0,0,0,0,0,0,0,67,127,0,194,194,127,0,0,0,0,0,0,67,0,27,40,0,0,0,0,0,0,127,0,0,194,27,40,0,0,0,0,0,0,127,0,0,194,1,2.10926968560715
Canton Borough Police Department,1993-11-01,Pennsylvania,1976,PA00802,0,0,0,0,0,0,0,0,0,0,0,0,0,0,0,0,0,0,1,0,0,1,0,0,0,0,0,0,0,1,0,0,0,0,0,0,0,0,0,0,0,0,0,0,0,0,0,0,0,0,0,0,0,27,0,0,27,27,0,0,0,0,0,0,0,27,0,27,0,0,0,0,0,0,0,0,0,0,27,27,0,0,0,0,0,0,0,0,0,0,27,1,2.10926968560715
Canton Borough Police Department,1993-12-01,Pennsylvania,1976,PA00802,0,0,0,0,0,0,0,1,0,0,0,0,0,0,0,0,0,0,8,1,1,10,0,0,0,0,2,0,0,8,0,0,0,0,0,0,0,0,0,0,0,0,3797,0,0,0,0,0,0,0,0,0,0,198,127,584,909,4706,0,0,0,0,711,0,0,198,0,0,146,711,0,53,0,0,3797,0,0,0,4706,0,127,0,0,0,0,0,0,0,0,0,127,1,2.10926968560715
Canton Borough Police Department,1994-01-01,Pennsylvania,1976,PA00802,0,0,0,0,0,0,0,0,0,0,0,0,0,0,0,0,0,0,0,0,0,0,0,0,0,0,0,0,0,0,0,0,0,0,0,0,0,0,0,0,0,0,0,0,0,0,0,0,0,0,0,0,0,0,0,0,0,0,0,0,0,0,0,0,0,0,0,0,0,0,0,0,0,0,0,0,0,0,0,0,0,0,0,0,0,0,0,0,0,0,0,1,2.05566930904593
Canton Borough Police Department,1994-02-01,Pennsylvania,1976,PA00802,0,0,0,0,0,0,0,0,0,0,0,0,0,0,0,0,0,0,3,1,1,5,1,0,0,0,0,0,0,3,1,0,0,0,0,0,0,0,0,0,0,0,0,0,0,0,0,0,0,0,0,0,0,8,144,617,769,769,617,0,0,0,0,0,0,8,144,144,8,0,0,0,0,0,0,0,0,617,769,0,8,0,0,0,0,0,0,0,0,617,625,1,2.05566930904593
Canton Borough Police Department,1994-03-01,Pennsylvania,1976,PA00802,0,0,0,0,0,0,0,0,0,0,0,0,0,0,0,0,0,0,1,0,0,1,0,0,0,0,0,0,0,1,0,0,0,0,0,0,0,0,0,0,0,0,0,0,0,0,0,0,0,0,0,0,0,2,0,0,2,2,0,0,0,0,0,0,0,2,0,0,2,0,0,0,0,0,0,0,0,0,2,0,2,0,0,0,0,0,0,0,0,0,2,1,2.05566930904593
Canton Borough Police Department,1994-04-01,Pennsylvania,1976,PA00802,0,1,0,0,0,0,1,0,0,0,0,0,0,0,0,0,0,0,1,1,0,2,0,1,0,0,0,0,0,0,1,0,0,0,0,964,0,0,0,0,0,964,0,0,0,0,0,0,0,0,0,0,0,21,257,0,278,1242,0,257,0,0,0,0,0,0,21,0,21,0,0,0,0,0,0,257,0,964,1242,0,0,0,0,0,0,0,0,0,0,0,0,1,2.05566930904593
Canton Borough Police Department,1994-05-01,Pennsylvania,1976,PA00802,0,0,0,0,0,0,0,0,0,0,0,0,0,0,0,0,0,0,2,1,2,5,0,0,0,0,3,0,1,0,1,0,0,0,0,0,0,0,0,0,0,0,0,0,0,0,0,0,0,0,0,0,0,74,206,3073,3353,3353,0,0,0,0,3279,0,33,0,41,0,0,33,0,606,0,0,0,2713,0,0,3353,0,0,0,0,0,0,0,0,0,0,0,0,1,2.05566930904593
Canton Borough Police Department,1994-06-01,Pennsylvania,1976,PA00802,0,0,0,0,0,0,0,0,0,0,0,0,0,0,0,0,0,0,1,1,0,2,0,1,0,0,0,0,0,1,0,0,0,0,0,0,0,0,0,0,0,0,0,0,0,0,0,0,0,0,0,0,0,2,411,0,413,413,0,411,0,0,0,0,0,2,0,0,2,0,0,0,0,0,0,411,0,0,413,0,0,0,0,0,0,0,0,0,0,0,0,1,2.05566930904593
Canton Borough Police Department,1994-07-01,Pennsylvania,1976,PA00802,0,0,0,0,1,0,1,0,0,0,0,0,0,0,0,0,0,0,1,0,0,1,0,0,0,0,0,0,0,0,1,0,0,0,0,0,0,0,1246,0,0,1246,0,0,0,0,0,0,0,0,0,0,0,10,0,0,10,1256,0,0,0,0,0,0,0,0,10,0,60,160,0,0,543,0,0,442,51,0,1256,0,0,0,0,0,0,0,0,0,0,0,0,1,2.05566930904593
Canton Borough Police Department,1994-08-01,Pennsylvania,1976,PA00802,0,0,0,0,0,0,0,1,0,0,0,0,0,0,0,0,0,0,0,1,1,2,0,1,0,1,0,0,0,0,0,1,0,1,0,0,0,0,0,0,0,0,41113,0,0,0,0,0,0,0,0,0,0,0,411,822,1233,42347,0,411,0,822,0,0,0,0,0,0,0,0,0,0,0,0,41113,1233,0,0,42347,0,0,0,0,0,0,0,41113,411,0,0,41525,1,2.05566930904593
Canton Borough Police Department,1994-09-01,Pennsylvania,1976,PA00802,0,0,0,0,0,0,0,0,0,0,0,0,0,0,0,0,0,0,1,1,2,4,1,0,0,1,2,0,0,0,0,0,0,0,0,0,0,0,0,0,0,0,0,0,0,0,0,0,0,0,0,0,0,62,206,1431,1698,1698,62,0,0,206,1431,0,0,0,0,0,1431,0,0,0,0,0,0,267,0,0,1698,0,771,0,0,0,0,0,0,0,0,0,771,1,2.05566930904593
Canton Borough Police Department,1994-10-01,Pennsylvania,1976,PA00802,0,0,0,0,0,0,0,1,0,0,0,0,0,0,0,0,0,0,1,2,0,3,0,0,0,0,3,0,0,0,0,1,0,1,0,0,0,0,0,0,0,0,822,0,0,0,0,0,0,0,0,0,0,4,288,0,292,1114,0,0,0,0,292,0,0,0,0,0,189,0,0,0,103,0,822,0,0,0,1114,0,4,0,0,0,0,0,822,0,0,0,826,1,2.05566930904593
Canton Borough Police Department,1994-11-01,Pennsylvania,1976,PA00802,0,0,0,0,0,0,0,0,0,0,0,0,0,0,0,0,0,0,2,0,1,3,0,0,0,2,1,0,0,0,0,0,0,0,0,0,0,0,0,0,0,0,0,0,0,0,0,0,0,0,0,0,0,70,0,1028,1098,1098,0,0,0,1053,45,0,0,0,0,0,1073,25,0,0,0,0,0,0,0,0,1098,0,45,0,0,0,0,0,0,0,0,0,45,1,2.05566930904593
Canton Borough Police Department,1994-12-01,Pennsylvania,1976,PA00802,0,0,0,0,0,0,0,0,0,0,0,0,0,0,0,0,0,0,2,0,0,2,0,0,0,0,2,0,0,0,0,0,0,0,0,0,0,0,0,0,0,0,0,0,0,0,0,0,0,0,0,0,0,19,0,0,19,19,0,0,0,0,19,0,0,0,0,0,19,0,0,0,0,0,0,0,0,0,19,0,19,0,0,0,0,0,0,0,0,0,19,1,2.05566930904593
Canton Borough Police Department,1995-01-01,Pennsylvania,2072,PA00802,0,0,0,0,0,0,0,0,0,0,0,0,0,0,0,0,0,0,1,1,1,3,0,1,0,0,2,0,0,0,0,0,0,0,0,0,0,0,0,0,0,0,0,0,0,0,0,0,0,0,0,0,0,10,110,550,670,670,0,550,0,0,120,0,0,0,0,0,10,0,0,110,0,0,0,550,0,0,670,0,10,0,0,0,0,0,0,0,0,0,10,1,1.99957289729848
Canton Borough Police Department,1995-02-01,Pennsylvania,2072,PA00802,0,0,0,0,0,0,0,0,0,0,0,0,0,0,0,0,0,0,0,0,0,0,0,0,0,0,0,0,0,0,0,0,0,0,0,0,0,0,0,0,0,0,0,0,0,0,0,0,0,0,0,0,0,0,0,0,0,0,0,0,0,0,0,0,0,0,0,0,0,0,0,0,0,0,0,0,0,0,0,0,0,0,0,0,0,0,0,0,0,0,0,1,1.99957289729848
Canton Borough Police Department,1995-03-01,Pennsylvania,2072,PA00802,0,0,0,0,0,0,0,0,0,0,0,0,0,0,0,0,0,0,3,1,0,4,0,0,0,0,4,0,0,0,0,0,0,0,0,0,0,0,0,0,0,0,0,0,0,0,0,0,0,0,0,0,0,64,240,0,304,304,0,0,0,0,302,0,0,0,0,0,28,240,0,0,0,0,0,36,0,0,304,0,0,0,0,0,0,0,0,0,0,0,0,1,1.99957289729848
Canton Borough Police Department,1995-04-01,Pennsylvania,2072,PA00802,0,0,0,0,0,0,0,1,0,0,0,0,0,0,0,0,0,0,0,2,0,2,0,1,0,0,1,0,0,0,0,0,1,1,0,0,0,0,0,0,0,0,2399,0,0,0,0,0,0,0,0,0,0,0,350,0,350,2749,0,200,0,0,150,0,0,0,0,0,0,0,0,0,0,0,2399,350,0,0,2749,0,0,0,0,0,0,0,2399,150,0,0,2549,1,1.99957289729848
Canton Borough Police Department,1995-05-01,Pennsylvania,2072,PA00802,0,0,0,0,0,0,0,0,0,0,0,0,0,0,0,0,0,0,0,0,1,1,0,0,0,1,0,0,0,0,0,0,0,0,0,0,0,0,0,0,0,0,0,0,0,0,0,0,0,0,0,0,0,0,0,3399,3399,3399,0,0,0,3399,0,0,0,0,0,0,0,0,0,0,0,0,0,3399,0,0,3399,0,0,0,0,0,0,0,0,0,0,0,0,1,1.99957289729848
Canton Borough Police Department,1995-06-01,Pennsylvania,2072,PA00802,0,1,0,0,0,0,1,0,0,0,0,0,0,0,0,0,0,0,0,1,0,1,0,0,0,0,1,0,0,0,0,0,0,0,0,0,0,0,0,0,0,0,0,0,0,0,0,0,0,0,0,0,0,0,200,0,200,200,0,0,0,0,200,0,0,0,0,0,0,200,0,0,0,0,0,0,0,0,200,0,0,0,0,0,0,0,0,0,0,0,0,1,1.99957289729848
Canton Borough Police Department,1995-07-01,Pennsylvania,2072,PA00802,0,0,0,0,0,0,0,0,0,0,0,0,0,0,0,0,0,0,0,0,0,0,0,0,0,0,0,0,0,0,0,0,0,0,0,0,0,0,0,0,0,0,0,0,0,0,0,0,0,0,0,0,0,0,0,0,0,0,0,0,0,0,0,0,0,0,0,0,0,0,0,0,0,0,0,0,0,0,0,0,0,0,0,0,0,0,0,0,0,0,0,1,1.99957289729848
Canton Borough Police Department,1995-08-01,Pennsylvania,2072,PA00802,0,0,0,0,0,0,0,0,0,0,0,0,0,0,0,0,0,0,1,1,0,2,0,0,0,0,0,0,0,0,2,0,0,0,0,0,0,0,0,0,0,0,0,0,0,0,0,0,0,0,0,0,0,62,200,0,262,262,0,0,0,0,0,0,0,0,262,0,62,0,0,0,0,0,0,200,0,0,262,0,0,0,0,0,0,0,0,0,0,0,0,1,1.99957289729848
Canton Borough Police Department,1995-09-01,Pennsylvania,2072,PA00802,0,0,0,0,0,0,0,0,0,0,0,0,0,0,0,0,0,0,1,2,0,3,0,1,0,1,1,0,0,0,0,0,0,0,0,0,0,0,0,0,0,0,0,0,0,0,0,0,0,0,0,0,0,6,300,0,306,306,0,200,0,100,6,0,0,0,0,0,6,100,0,0,0,0,0,200,0,0,306,0,6,0,0,0,0,0,0,0,0,0,6,1,1.99957289729848
Canton Borough Police Department,1995-10-01,Pennsylvania,2072,PA00802,0,0,0,0,0,0,0,0,0,0,0,0,0,0,0,0,0,0,0,1,0,1,0,0,0,0,1,0,0,0,0,0,0,0,0,0,0,0,0,0,0,0,0,0,0,0,0,0,0,0,0,0,0,0,350,0,350,350,0,0,0,0,350,0,0,0,0,0,0,350,0,0,0,0,0,0,0,0,350,0,0,0,0,0,0,0,0,0,0,0,0,1,1.99957289729848
Canton Borough Police Department,1995-11-01,Pennsylvania,2072,PA00802,0,0,0,0,0,0,0,0,0,0,0,0,0,0,0,0,0,0,2,0,0,2,0,0,0,1,0,0,0,1,0,0,0,0,0,0,0,0,0,0,0,0,0,0,0,0,0,0,0,0,0,0,0,122,0,0,122,122,0,0,0,90,0,0,0,32,0,0,32,90,0,0,0,0,0,0,0,0,122,0,32,0,0,0,0,0,0,0,0,0,32,1,1.99957289729848
Canton Borough Police Department,1995-12-01,Pennsylvania,2072,PA00802,0,0,0,0,0,0,0,0,0,0,0,0,0,0,0,0,0,0,1,1,1,3,0,0,0,2,1,0,0,0,0,0,0,0,0,0,0,0,0,0,0,0,0,0,0,0,0,0,0,0,0,0,0,26,400,1542,1968,1968,0,0,0,1942,26,0,0,0,0,0,26,1542,0,0,0,0,0,0,0,400,1968,0,26,1542,0,0,0,0,0,0,0,0,1568,1,1.99957289729848
Canton Borough Police Department,1996-01-01,Pennsylvania,2069,PA00802,0,0,0,0,0,0,0,0,0,0,0,0,0,0,0,0,0,0,0,0,0,0,0,0,0,0,0,0,0,0,0,0,0,0,0,0,0,0,0,0,0,0,0,0,0,0,0,0,0,0,0,0,0,0,0,0,0,0,0,0,0,0,0,0,0,0,0,0,0,0,0,0,0,0,0,0,0,0,0,0,0,0,0,0,0,0,0,0,0,0,0,1,1.94263043247264
Canton Borough Police Department,1996-02-01,Pennsylvania,2069,PA00802,0,0,0,0,0,0,0,0,0,0,0,0,0,0,0,0,0,0,1,2,1,4,0,1,0,1,1,0,0,0,1,0,0,0,0,0,0,0,0,0,0,0,0,0,0,0,0,0,0,0,0,0,0,19,470,389,878,878,0,389,0,350,120,0,0,0,19,58,19,0,0,0,0,0,0,509,0,291,878,0,0,0,0,0,0,0,0,389,0,0,389,1,1.94263043247264
Canton Borough Police Department,1996-03-01,Pennsylvania,2069,PA00802,0,1,0,0,0,0,1,0,0,0,0,0,0,0,0,0,0,0,1,1,0,2,0,0,0,0,1,0,0,1,0,0,0,0,0,538,0,0,0,0,0,538,0,0,0,0,0,0,0,0,0,0,0,19,254,0,274,812,0,0,0,0,254,0,0,19,0,0,19,247,0,254,0,0,0,0,291,0,812,0,19,247,0,0,0,0,0,0,291,0,558,1,1.94263043247264
Canton Borough Police Department,1996-04-01,Pennsylvania,2069,PA00802,0,0,0,0,0,0,0,0,0,0,0,0,0,0,0,0,0,0,1,1,0,2,0,0,0,0,0,0,0,2,0,0,0,0,0,0,0,0,0,0,0,0,0,0,0,0,0,0,0,0,0,0,0,4,194,0,198,198,0,0,0,0,0,0,0,198,0,0,4,0,0,0,0,194,0,0,0,0,198,0,4,0,0,0,0,0,0,0,0,0,4,1,1.94263043247264
Canton Borough Police Department,1996-05-01,Pennsylvania,2069,PA00802,0,0,0,0,0,0,0,0,0,0,0,0,0,0,0,0,0,0,1,0,0,1,0,0,0,0,0,0,0,1,0,0,0,0,0,0,0,0,0,0,0,0,0,0,0,0,0,0,0,0,0,0,0,58,0,0,58,58,0,0,0,0,0,0,0,58,0,0,58,0,0,0,0,0,0,0,0,0,58,0,58,0,0,0,0,0,0,0,0,0,58,1,1.94263043247264
Canton Borough Police Department,1996-06-01,Pennsylvania,2069,PA00802,0,1,0,0,0,0,1,0,0,0,0,0,0,0,0,0,0,0,2,0,0,2,1,0,0,0,1,0,0,0,0,0,0,0,0,249,0,0,0,0,0,249,0,0,0,0,0,0,0,0,0,0,0,99,0,0,99,348,78,0,0,0,21,0,0,0,0,0,270,0,0,0,0,0,0,78,0,0,348,0,0,0,0,0,0,0,0,0,0,0,0,1,1.94263043247264
Canton Borough Police Department,1996-07-01,Pennsylvania,2069,PA00802,0,0,0,0,0,0,0,0,0,0,0,0,0,0,0,0,0,0,4,4,0,8,0,0,0,8,0,0,0,0,0,0,0,0,0,0,0,0,0,0,0,0,0,0,0,0,0,0,0,0,0,0,0,165,818,0,983,983,0,0,0,983,0,0,0,0,0,0,23,552,0,0,0,0,0,0,0,408,983,0,0,0,0,0,0,0,0,0,0,0,0,1,1.94263043247264
Canton Borough Police Department,1996-08-01,Pennsylvania,2069,PA00802,0,0,0,0,0,0,0,0,0,0,0,0,0,0,0,0,0,0,1,1,1,3,0,2,0,0,0,0,0,1,0,0,0,0,0,0,0,0,0,0,0,0,0,0,0,0,0,0,0,0,0,0,0,12,126,453,591,591,0,581,0,0,0,0,0,10,0,0,138,453,0,0,0,0,0,0,0,0,591,0,126,453,0,0,0,0,0,0,0,0,579,1,1.94263043247264
Canton Borough Police Department,1996-09-01,Pennsylvania,2069,PA00802,0,0,0,0,0,0,0,0,0,0,0,0,0,0,0,0,0,0,2,1,0,3,1,0,0,0,2,0,0,0,0,0,0,0,0,0,0,0,0,0,0,0,0,0,0,0,0,0,0,0,0,0,0,84,97,0,181,181,97,0,0,0,84,0,0,0,0,0,84,0,0,0,0,0,0,97,0,0,181,0,33,0,0,0,0,0,0,0,0,0,33,1,1.94263043247264
Canton Borough Police Department,1996-10-01,Pennsylvania,2069,PA00802,0,0,0,0,0,0,0,0,0,0,0,0,0,0,0,0,0,0,3,0,0,3,0,0,0,0,1,0,0,2,0,0,0,0,0,0,0,0,0,0,0,0,0,0,0,0,0,0,0,0,0,0,0,60,0,0,60,60,0,0,0,0,49,0,0,12,0,49,0,0,0,12,0,0,0,0,0,0,60,0,0,0,0,12,0,0,0,0,0,0,12,1,1.94263043247264
Canton Borough Police Department,1996-11-01,Pennsylvania,2069,PA00802,0,0,0,0,0,0,0,0,0,0,0,0,0,0,0,0,0,0,3,0,1,4,1,0,0,0,2,0,0,0,1,0,0,0,0,0,0,0,0,0,0,0,0,0,0,0,0,0,0,0,0,0,0,91,0,544,635,635,544,0,0,0,91,0,0,0,0,0,33,58,0,0,0,0,0,544,0,0,635,0,0,0,0,0,0,0,0,0,0,0,0,1,1.94263043247264
Canton Borough Police Department,1996-12-01,Pennsylvania,2069,PA00802,0,0,0,0,0,0,0,0,0,0,0,0,0,0,0,0,0,0,3,3,0,6,0,0,0,2,4,0,0,0,0,0,0,0,0,0,0,0,0,0,0,0,0,0,0,0,0,0,0,0,0,0,0,72,556,0,627,627,0,0,0,340,288,0,0,0,0,97,19,52,0,0,0,0,0,0,0,458,627,0,19,4,0,0,0,0,0,0,0,0,23,1,1.94263043247264
Canton Borough Police Department,1997-01-01,Pennsylvania,2062,PA00802,0,0,0,0,0,0,0,1,0,0,0,0,0,0,0,0,0,0,0,1,1,2,0,0,0,1,1,0,0,0,0,1,0,1,0,0,0,0,0,0,0,0,9491,0,0,0,0,0,0,0,0,0,0,0,342,380,721,10213,0,0,0,380,342,0,0,0,0,380,0,0,0,0,0,0,9491,342,0,0,10213,0,0,0,0,0,0,0,9491,342,0,0,9833,1,1.89825511369536
Canton Borough Police Department,1997-02-01,Pennsylvania,2062,PA00802,0,0,0,0,0,0,0,0,0,0,0,0,0,0,0,0,0,0,2,0,0,2,0,0,0,0,2,0,0,0,0,0,0,0,0,0,0,0,0,0,0,0,0,0,0,0,0,0,0,0,0,0,0,17,0,0,17,17,0,0,0,0,17,0,0,0,0,0,17,0,0,0,0,0,0,0,0,0,17,0,17,0,0,0,0,0,0,285,0,0,302,1,1.89825511369536
Canton Borough Police Department,1997-03-01,Pennsylvania,2062,PA00802,0,0,0,0,0,0,0,0,0,0,0,0,0,0,0,0,0,0,2,0,1,3,0,0,0,0,1,0,0,1,1,0,0,0,0,0,0,0,0,0,0,0,0,0,0,0,0,0,0,0,0,0,0,34,0,569,604,604,0,0,0,0,569,0,0,6,28,0,0,0,0,0,604,0,0,0,0,0,604,0,0,0,0,0,0,0,0,0,0,0,0,1,1.89825511369536
Canton Borough Police Department,1997-04-01,Pennsylvania,2062,PA00802,0,0,0,0,0,0,0,0,0,0,0,0,0,0,0,0,0,0,0,0,0,0,0,0,0,0,0,0,0,0,0,0,0,0,0,0,0,0,0,0,0,0,0,0,0,0,0,0,0,0,0,0,0,0,0,0,0,0,0,0,0,0,0,0,0,0,0,0,0,0,0,0,0,0,0,0,0,0,0,0,0,0,0,0,0,0,0,0,0,0,0,1,1.89825511369536
Canton Borough Police Department,1997-05-01,Pennsylvania,2062,PA00802,0,0,0,0,0,0,0,0,0,0,0,0,0,0,0,0,0,0,1,0,0,1,0,0,0,0,0,0,0,0,1,0,0,0,0,0,0,0,0,0,0,0,0,0,0,0,0,0,0,0,0,0,0,0,0,0,0,0,0,0,0,0,0,0,0,0,0,0,0,0,0,0,0,0,0,0,0,0,0,0,0,0,0,0,0,0,0,0,0,0,0,1,1.89825511369536
Canton Borough Police Department,1997-06-01,Pennsylvania,2062,PA00802,0,0,0,0,0,0,0,0,0,0,0,0,0,0,0,0,0,0,0,0,0,0,0,0,0,0,0,0,0,0,0,0,0,0,0,0,0,0,0,0,0,0,0,0,0,0,0,0,0,0,0,0,0,0,0,0,0,0,0,0,0,0,0,0,0,0,0,0,0,0,0,0,0,0,0,0,0,0,0,0,0,0,0,0,0,0,0,0,0,0,0,1,1.89825511369536
Canton Borough Police Department,1997-07-01,Pennsylvania,2062,PA00802,0,0,0,1,0,0,1,1,0,0,0,0,0,0,0,0,0,0,1,0,0,1,0,0,0,0,1,0,0,0,0,0,0,0,0,0,0,0,0,0,0,0,0,0,0,0,0,0,0,0,0,0,0,0,0,0,0,0,0,0,0,0,0,0,0,0,0,0,0,0,0,0,0,0,0,0,0,0,0,0,0,0,0,0,0,0,0,0,0,0,0,1,1.89825511369536
Canton Borough Police Department,1997-08-01,Pennsylvania,2062,PA00802,0,0,0,0,0,0,0,0,0,0,0,0,0,0,0,0,0,0,0,0,0,0,0,0,0,0,0,0,0,0,0,0,0,0,0,0,0,0,0,0,0,0,0,0,0,0,0,0,0,0,0,0,0,0,0,0,0,0,0,0,0,0,0,0,0,0,0,0,0,0,0,0,0,0,0,0,0,0,0,0,0,0,0,0,0,0,0,0,0,0,0,1,1.89825511369536
Canton Borough Police Department,1997-09-01,Pennsylvania,2062,PA00802,0,0,0,0,0,0,0,1,0,0,0,0,0,0,0,0,0,0,1,1,0,2,0,2,0,0,0,0,0,0,0,0,0,0,0,0,0,0,0,0,0,0,0,0,0,0,0,0,0,0,0,0,0,0,190,0,190,190,0,190,0,0,0,0,0,0,0,0,0,0,0,190,0,0,0,0,0,0,190,0,0,0,0,190,0,0,0,0,0,0,190,1,1.89825511369536
Canton Borough Police Department,1997-10-01,Pennsylvania,2062,PA00802,0,0,0,0,0,0,0,0,0,0,0,0,0,0,0,0,0,0,2,0,0,2,0,0,0,1,0,0,0,0,1,0,0,0,0,0,0,0,0,0,0,0,0,0,0,0,0,0,0,0,0,0,0,0,0,0,0,0,0,0,0,0,0,0,0,0,0,0,0,0,0,0,0,0,0,0,0,0,0,0,0,0,0,0,0,0,0,0,0,0,0,1,1.89825511369536
Canton Borough Police Department,1997-11-01,Pennsylvania,2062,PA00802,0,0,0,0,0,0,0,0,0,0,0,0,0,0,0,0,0,0,0,0,0,0,0,0,0,0,0,0,0,0,0,0,0,0,0,0,0,0,0,0,0,0,0,0,0,0,0,0,0,0,0,0,0,0,0,0,0,0,0,0,0,0,0,0,0,0,0,0,0,0,0,0,0,0,0,0,0,0,0,0,0,0,0,0,0,0,0,0,0,0,0,1,1.89825511369536
Canton Borough Police Department,1997-12-01,Pennsylvania,2062,PA00802,0,0,0,0,0,0,0,0,0,0,0,0,0,0,0,0,0,0,3,0,0,3,0,1,0,1,1,0,0,0,0,0,0,0,0,0,0,0,0,0,0,0,0,0,0,0,0,0,0,0,0,0,0,0,0,0,0,0,0,0,0,0,0,0,0,0,0,0,0,0,0,0,0,0,0,0,0,0,0,0,0,0,0,190,0,0,0,0,0,0,190,1,1.89825511369536
Canton Borough Police Department,1998-01-01,Pennsylvania,1916,PA00802,0,0,0,0,0,0,0,0,0,0,0,0,0,0,0,0,0,0,0,1,0,1,0,0,0,0,0,0,0,0,1,0,0,0,0,0,0,0,0,0,0,0,0,0,0,0,0,0,0,0,0,0,0,0,187,0,187,187,0,0,0,0,0,0,0,0,187,187,0,0,0,0,0,0,0,0,0,0,187,0,0,0,0,0,0,0,0,0,0,0,0,1,1.86923930269414
Canton Borough Police Department,1998-02-01,Pennsylvania,1916,PA00802,0,0,0,0,0,0,0,1,0,0,0,0,0,0,0,0,0,0,0,0,0,0,0,0,0,0,0,0,0,0,0,0,0,0,0,0,0,0,0,0,0,0,0,0,0,0,0,0,0,0,0,0,0,0,0,0,0,0,0,0,0,0,0,0,0,0,0,0,0,0,0,0,0,0,0,0,0,0,0,0,0,0,0,0,0,0,0,0,0,0,0,1,1.86923930269414
Canton Borough Police Department,1998-03-01,Pennsylvania,1916,PA00802,0,0,0,0,0,0,0,1,0,0,0,0,0,0,0,0,0,0,1,1,0,2,0,0,0,1,0,0,0,0,1,0,1,1,0,0,0,0,0,0,0,0,11215,0,0,0,0,0,0,0,0,0,0,0,224,0,224,11440,0,0,0,224,0,0,0,0,0,0,0,0,0,0,0,0,11215,0,0,224,11440,0,0,0,0,0,0,0,11215,0,0,0,11215,1,1.86923930269414
Canton Borough Police Department,1998-04-01,Pennsylvania,1916,PA00802,0,0,0,0,0,0,0,0,0,0,0,0,0,0,0,0,0,0,0,0,0,0,0,0,0,0,0,0,0,0,0,0,0,0,0,0,0,0,0,0,0,0,0,0,0,0,0,0,0,0,0,0,0,0,0,0,0,0,0,0,0,0,0,0,0,0,0,0,0,0,0,0,0,0,0,0,0,0,0,0,0,0,0,0,0,0,0,0,0,0,0,1,1.86923930269414
Canton Borough Police Department,1998-05-01,Pennsylvania,1916,PA00802,0,0,0,0,0,0,0,0,0,0,0,0,0,0,0,0,0,0,0,0,0,0,0,0,0,0,0,0,0,0,0,0,0,0,0,0,0,0,0,0,0,0,0,0,0,0,0,0,0,0,0,0,0,0,0,0,0,0,0,0,0,0,0,0,0,0,0,0,0,0,0,0,0,0,0,0,0,0,0,0,0,0,0,0,0,0,0,0,0,0,0,1,1.86923930269414
Canton Borough Police Department,1998-06-01,Pennsylvania,1916,PA00802,0,0,0,0,0,0,0,0,0,0,0,0,0,0,0,0,0,0,0,0,0,0,0,0,0,0,0,0,0,0,0,0,0,0,0,0,0,0,0,0,0,0,0,0,0,0,0,0,0,0,0,0,0,0,0,0,0,0,0,0,0,0,0,0,0,0,0,0,0,0,0,0,0,0,0,0,0,0,0,0,0,0,0,0,0,0,0,0,0,0,0,1,1.86923930269414
Canton Borough Police Department,1998-07-01,Pennsylvania,1916,PA00802,0,0,0,1,0,0,1,0,0,0,0,0,0,0,0,0,0,0,0,1,0,1,0,0,0,0,0,0,0,0,1,0,0,0,0,0,0,0,0,0,0,0,0,0,0,0,0,0,0,0,0,0,0,0,112,0,112,112,0,0,0,0,0,0,0,0,112,0,0,112,0,0,0,0,0,0,0,0,112,0,0,0,0,0,0,0,0,0,0,0,0,1,1.86923930269414
Canton Borough Police Department,1998-08-01,Pennsylvania,1916,PA00802,0,0,0,0,0,0,0,0,0,0,0,0,0,0,0,0,0,0,0,0,0,0,0,0,0,0,0,0,0,0,0,0,0,0,0,0,0,0,0,0,0,0,0,0,0,0,0,0,0,0,0,0,0,0,0,0,0,0,0,0,0,0,0,0,0,0,0,0,0,0,0,0,0,0,0,0,0,0,0,0,0,0,0,0,0,0,0,0,0,0,0,1,1.86923930269414
Canton Borough Police Department,1998-09-01,Pennsylvania,1916,PA00802,0,0,0,0,0,0,0,2,0,0,0,0,0,0,0,0,0,0,3,0,0,3,0,0,0,1,2,0,0,0,0,1,0,1,0,0,0,0,0,0,0,0,6542,0,0,0,0,0,0,0,0,0,0,0,0,0,0,6542,0,0,0,0,0,0,0,0,0,0,0,0,0,0,0,0,6542,0,0,0,6542,0,0,0,0,0,0,0,0,0,0,0,0,1,1.86923930269414
Canton Borough Police Department,1998-10-01,Pennsylvania,1916,PA00802,0,0,0,0,1,0,1,0,0,0,0,0,0,0,0,0,0,0,0,0,1,1,0,0,0,1,0,0,0,0,0,0,0,0,0,0,0,0,0,0,0,0,0,0,0,0,0,0,0,0,0,0,0,0,0,374,374,374,0,0,0,374,0,0,0,0,0,0,0,0,0,0,0,0,0,374,0,0,374,0,0,0,0,0,0,0,0,0,0,0,0,1,1.86923930269414
Canton Borough Police Department,1998-11-01,Pennsylvania,1916,PA00802,0,0,0,0,1,0,1,0,0,1,0,0,0,0,0,0,0,0,1,0,0,1,0,0,0,1,0,0,0,0,0,0,0,0,0,0,0,0,0,0,0,0,0,0,0,0,0,0,0,0,0,0,0,0,0,0,0,0,0,0,0,0,0,0,0,0,0,0,0,0,0,0,0,0,0,0,0,0,0,0,0,0,0,0,0,0,0,0,0,0,0,1,1.86923930269414
Canton Borough Police Department,1998-12-01,Pennsylvania,1916,PA00802,0,0,0,0,0,0,0,0,0,0,0,0,0,0,0,0,0,0,0,0,0,0,0,0,0,0,0,0,0,0,0,0,0,0,0,0,0,0,0,0,0,0,0,0,0,0,0,0,0,0,0,0,0,0,0,0,0,0,0,0,0,0,0,0,0,0,0,0,0,0,0,0,0,0,0,0,0,0,0,0,0,0,0,0,0,0,0,0,0,0,0,1,1.86923930269414
Canton Borough Police Department,1999-01-01,Pennsylvania,1891,PA00802,0,0,0,0,0,0,0,3,0,0,0,0,0,0,0,0,0,0,1,0,0,1,0,0,0,0,0,0,0,0,1,1,0,1,0,0,0,0,0,0,0,0,2927,0,0,0,0,0,0,0,0,0,0,0,0,0,0,2927,0,0,0,0,0,0,0,0,0,0,0,0,0,0,0,0,2927,0,0,0,2927,0,0,0,0,0,0,0,1463,0,0,0,1463,1,1.82921556856271
Canton Borough Police Department,1999-02-01,Pennsylvania,1891,PA00802,0,0,0,0,0,0,0,0,0,0,0,0,0,0,0,0,0,0,2,0,0,2,0,0,0,1,1,0,0,0,0,0,0,0,0,0,0,0,0,0,0,0,0,0,0,0,0,0,0,0,0,0,0,0,0,0,0,0,0,0,0,0,0,0,0,0,0,0,0,0,0,0,0,0,0,0,0,0,0,0,0,0,0,0,0,0,0,0,0,0,0,1,1.82921556856271
Canton Borough Police Department,1999-03-01,Pennsylvania,1891,PA00802,0,0,0,0,0,0,0,0,0,0,0,0,0,0,0,0,0,0,0,0,0,0,0,0,0,0,0,0,0,0,0,0,0,0,0,0,0,0,0,0,0,0,0,0,0,0,0,0,0,0,0,0,0,0,0,0,0,0,0,0,0,0,0,0,0,0,0,0,0,0,0,0,0,0,0,0,0,0,0,0,0,0,0,0,0,0,0,0,0,0,0,1,1.82921556856271
Canton Borough Police Department,1999-04-01,Pennsylvania,1891,PA00802,0,0,0,0,0,0,0,0,0,0,0,0,0,0,0,0,0,0,0,0,0,0,0,0,0,0,0,0,0,0,0,0,0,0,0,0,0,0,0,0,0,0,0,0,0,0,0,0,0,0,0,0,0,0,0,0,0,0,0,0,0,0,0,0,0,0,0,0,0,0,0,0,0,0,0,0,0,0,0,0,0,0,0,0,0,0,0,0,0,0,0,1,1.82921556856271
Canton Borough Police Department,1999-05-01,Pennsylvania,1891,PA00802,0,0,0,0,0,0,0,0,0,0,0,0,0,0,0,0,0,0,1,0,0,1,0,0,0,0,0,0,0,0,1,0,0,0,0,0,0,0,0,0,0,0,0,0,0,0,0,0,0,0,0,0,0,0,0,0,0,0,0,0,0,0,0,0,0,0,0,0,0,0,0,0,0,0,0,0,0,0,0,0,0,0,0,0,0,0,0,0,0,0,0,1,1.82921556856271
Canton Borough Police Department,1999-06-01,Pennsylvania,1891,PA00802,0,0,0,0,0,0,0,0,0,0,0,0,0,0,0,0,0,0,0,0,0,0,0,0,0,0,0,0,0,0,0,0,0,0,0,0,0,0,0,0,0,0,0,0,0,0,0,0,0,0,0,0,0,0,0,0,0,0,0,0,0,0,0,0,0,0,0,0,0,0,0,0,0,0,0,0,0,0,0,0,0,0,0,0,0,0,0,0,0,0,0,1,1.82921556856271
Canton Borough Police Department,1999-07-01,Pennsylvania,1891,PA00802,0,0,0,1,0,0,1,0,0,0,0,0,0,0,0,0,0,0,0,0,0,0,0,0,0,0,0,0,0,0,0,0,0,0,0,0,0,0,0,0,0,0,0,0,0,0,0,0,0,0,0,0,0,0,0,0,0,0,0,0,0,0,0,0,0,0,0,0,0,0,0,0,0,0,0,0,0,0,0,0,0,0,0,0,0,0,0,0,0,0,0,1,1.82921556856271
Canton Borough Police Department,1999-08-01,Pennsylvania,1891,PA00802,0,0,0,0,0,0,0,0,0,0,0,0,0,0,0,0,0,0,0,0,0,0,0,0,0,0,0,0,0,0,0,0,0,0,0,0,0,0,0,0,0,0,0,0,0,0,0,0,0,0,0,0,0,0,0,0,0,0,0,0,0,0,0,0,0,0,0,0,0,0,0,0,0,0,0,0,0,0,0,0,0,0,0,0,0,0,0,0,0,0,0,1,1.82921556856271
Canton Borough Police Department,1999-09-01,Pennsylvania,1891,PA00802,0,0,0,0,0,0,0,1,0,0,0,0,0,0,0,0,0,0,1,0,0,1,0,0,0,0,1,0,0,0,0,1,0,1,0,0,0,0,0,0,0,0,915,0,0,0,0,0,0,0,0,0,0,0,0,0,0,915,0,0,0,0,0,0,0,0,0,0,0,0,0,0,0,0,915,0,0,0,915,0,0,0,0,0,0,0,915,0,0,0,915,1,1.82921556856271
Canton Borough Police Department,1999-10-01,Pennsylvania,1891,PA00802,0,0,0,0,0,0,0,0,0,0,0,0,0,0,0,0,0,0,1,0,0,1,0,0,0,0,1,0,0,0,0,0,0,0,0,0,0,0,0,0,0,0,0,0,0,0,0,0,0,0,0,0,0,0,0,0,0,0,0,0,0,0,0,0,0,0,0,0,0,0,0,0,0,0,0,0,0,0,0,0,0,0,0,0,915,0,0,0,0,0,915,1,1.82921556856271
Canton Borough Police Department,1999-11-01,Pennsylvania,1891,PA00802,0,0,0,0,0,0,0,0,0,0,0,0,0,0,0,0,0,0,1,0,0,1,0,0,0,0,0,0,0,0,1,0,0,0,0,0,0,0,0,0,0,0,0,0,0,0,0,0,0,0,0,0,0,0,0,0,0,0,0,0,0,0,0,0,0,0,0,0,0,0,0,0,0,0,0,0,0,0,0,0,0,0,0,0,0,0,0,0,0,0,0,1,1.82921556856271
Canton Borough Police Department,1999-12-01,Pennsylvania,1891,PA00802,0,0,0,0,0,0,0,0,0,0,0,0,0,0,0,0,0,0,0,0,0,0,0,0,0,0,0,0,0,0,0,0,0,0,0,0,0,0,0,0,0,0,0,0,0,0,0,0,0,0,0,0,0,0,0,0,0,0,0,0,0,0,0,0,0,0,0,0,0,0,0,0,0,0,0,0,0,0,0,0,0,0,0,0,0,0,0,0,0,0,0,1,1.82921556856271
