agency,year,state,population,ORI,offenses_burg_resident_day,offenses_burg_resident_night,offenses_burg_resident_unk,offenses_burg_nonresident_day,offenses_burg_nonresident_night,offenses_burg_nonresident_unk,offenses_burg_total,offenses_motor_vehicle_theft,offenses_murder,offenses_rape,offenses_robbery_bank,offenses_robbery_chain_store,offenses_robbery_gas_station,offenses_robbery_highway,offenses_robbery_house,offenses_robbery_misc,offenses_robbery_residence,offenses_robbery_total,offenses_theft_under_50,offenses_theft_50_to_200,offenses_theft_over_200,offenses_theft_total,offenses_theft_auto_part,offenses_theft_bicycle,offenses_theft_coin_machine,offenses_theft_from_auto,offenses_theft_from_building,offenses_theft_pick_pocket,offenses_theft_purse_snatch,offenses_theft_shoplift,offenses_theft_all_other,auto_stolen_recover_local,auto_stolen_recovered_other,auto_theft_total,auto_stole_oth_recover_local,value_burg_resident_night,value_burg_resident_day,value_burg_resident_unk,value_burg_nonresident_night,value_burg_nonresident_day,value_burg_nonresident_unk,value_burg_total,value_motor_vehicle_theft,value_murder,value_rape,value_robbery_bank,value_robbery_chain_store,value_robbery_gas_station,value_robbery_highway,value_robbery_house,value_robbery_misc,value_robbery_residence,value_robbery_total,value_theft_under_50,value_theft_50_to_200,value_theft_over_200,value_theft_total,value_total_all_values,value_theft_auto_part,value_theft_bicycle,value_theft_coin_machine,value_theft_from_auto,value_theft_from_building,value_theft_pick_pocket,value_theft_purse_snatch,value_theft_shoplift,value_theft_all_other,value_stolen_clothing_or_fur,value_stolen_consumable_good,value_stolen_currency,value_stolen_guns,value_stolen_household_good,value_stolen_jewel_metal,value_stolen_livestock,value_stolen_local_mtr_veh,value_stolen_misc,value_stolen_office_equip,value_stolen_tv_and_radio,value_stolen_total,value_recovered_clothing_or_fur,value_recovered_consumable_good,value_recovered_currency,value_recovered_guns,value_recovered_house_good,value_recovered_jewel_metal,value_recovered_livestock,value_recovered_local_mtv_veh,value_recovered_misc,value_recovered_office_equip,value_recovered_tv_and_radio,value_recovered_total,price,in_2023_dollars
Seagoville Police Department,2023-12-01,Texas,20070,TX05722,5820000,7,0,0,0,129000,5949007,310,100,0,0,7600000,1330,0,0,0,0,7601330,880,0,625020,625900,9100000,0,0,4,1147000,0,15,100000,0,0,0,3000000,0,0,0,0,0,0,0,0,638100000,15,423100000,73,0,0,23714,300000000,500000000,0,7750200,0,800000000,0,4,12462,0,0,0,0,0,600010000,0,200000000,0,900000,3000,30,0,40,6000,0,10000004,3,1400,80000,0,0,0,40000,0,0,0,0,0,0,0,0,0,1,1
Seagoville Police Department,2023-11-01,Texas,20070,TX05722,0,626000,5286400,0,100000,100000,6112400,0,0,0,0,0,0,0,0,0,8800000,8800000,0,0,0,0,300000,0,400000,0,0,0,0,0,700000,0,0,0,0,6000000,0,0,0,0,0,0,0,140000003,500,0,4000,0,220000,8000000,100,1100000,0,0,0,0,0,0,0,0,0,0,0,0,0,0,16890,0,730000,0,2460,0,51050,1445,219950000,960000000,1442,770000000,705520,0,190000000,3,39010000,75,76950000,0,0,0,0,0,0,1,1
Seagoville Police Department,2023-10-01,Texas,20070,TX05722,0,0,0,0,0,0,0,0,0,0,0,0,0,0,0,0,0,0,0,0,0,0,0,0,0,0,0,0,0,0,400000,0,0,37,5000000,413,130000000,0,0,0,0,394000000,0,0,400000000,18726,0,355000,18344,0,0,27000000,197002000,250000,0,11724,0,850,0,0,957,508000000,0,0,0,5,800000000,300000,0,197001,0,0,0,88000000,0,0,0,529,0,128000000,52000,8257000,0,150000000,216,0,0,0,0,0,0,1,1
Seagoville Police Department,2023-09-01,Texas,20070,TX05722,0,0,20000,0,0,0,20000,0,0,0,0,384,0,0,675,0,0,1059,0,0,0,0,4,2000000,5000000,0,72,0,0,0,0,5000100,0,0,0,6000000,16572,900000000,0,0,0,0,0,65000000,35,0,10000000,0,900000000,160000,0,4,9,0,4450000,0,0,0,0,0,107500000,0,0,0,0,0,4557,0,0,0,0,0,0,20,0,2000,0,0,1200000,110000,0,30000001,100000,1,1600,10000,0,0,30,10000,0,1,1
Seagoville Police Department,2023-08-01,Texas,20070,TX05722,0,0,0,0,0,0,0,106,0,0,2000000,0,0,0,0,0,22720,2022720,0,0,400,400,10,0,0,0,0,9000000,2283,1100010,0,0,0,0,0,300,90000,9000000,0,1000,300000,0,0,0,0,4000,1000000,0,0,0,500000,0,60000000,4000000,0,100,0,0,0,0,0,0,0,0,0,0,0,0,0,0,0,0,0,0,0,87890,0,0,0,150000000,1516640,87890000,52,760000000,52,3,0,173930000,0,610000,0,1,1
Seagoville Police Department,2023-07-01,Texas,20070,TX05722,0,0,0,0,0,0,0,0,0,30,80,10,0,40,10,0,0,140,0,0,0,0,0,0,0,0,0,0,0,0,0,0,0,0,732,706000000,84755,0,281000,0,10000000,85046,0,0,0,0,0,0,0,1000,91705000,0,91,680,251702000,0,156000000,0,0,10000,0,10160,0,0,0,896000000,750,0,0,300000000,0,40,0,251703,0,0,5152,0,0,1100,0,6,550000000,0,900000000,121898000,0,428,151000,1,454000000,1,1
Seagoville Police Department,2023-06-01,Texas,20070,TX05722,0,0,0,1,0,5908000,5908001,0,471000,0,0,0,162870,200,0,17090,55001,235161,2500,0,12900,15400,0,0,0,0,0,0,0,0,0,0,0,0,0,0,0,0,2,838000000,12,700000000,900000000,0,0,5500200,5,561400000,0,1,0,800000000,0,672800000,1,0,11590,0,5500200,0,0,700000000,0,0,3600000,5,0,0,0,0,100000,0,0,0,0,0,83000000,55178,0,0,1400000,0,90,11000,0,20000001,0,1700,20000,0,100000,1,1
Seagoville Police Department,2023-05-01,Texas,20070,TX05722,0,8000000,0,0,0,0,8000000,0,0,0,96173,0,0,0,0,0,0,96173,0,6650200,0,6650200,0,0,0,9000000,0,0,0,29,0,0,0,0,0,0,0,0,0,0,0,3000,5000000,0,1532,0,0,10000000,900000000,8213000,0,0,0,200,20000004,300000,80000,0,0,0,0,0,0,4000,300000,10000000,0,0,0,0,0,0,0,0,0,0,0,0,0,0,0,0,0,446200,0,446200000,0,158,0,0,140000000,1,1
Seagoville Police Department,2023-04-01,Texas,20070,TX05722,0,90000,0,50000,30000,20000,190000,0,0,0,0,0,0,0,0,40000,90000,130000,30000,0,0,30000,0,0,0,0,0,0,0,0,0,0,0,1501,0,0,0,0,0,0,0,0,0,0,0,0,0,0,0,0,0,0,0,0,0,0,75080,0,179522000,434,0,0,149000000,0,25000000,75105,0,445000000,283,7850,0,0,0,190000000,0,0,0,0,0,0,251000,0,129503,0,28000,0,0,0,0,22000000,679,1,1
Seagoville Police Department,2023-03-01,Texas,20070,TX05722,0,0,0,0,0,72,72,0,0,0,45900,0,0,0,0,0,0,45900,1,7003000,2,7003003,0,0,0,0,0,0,0,0,0,0,0,0,0,0,5854100,0,0,0,0,2700100,0,0,0,0,0,0,0,0,0,72041,0,0,0,0,0,0,1,809100000,400000000,0,10363,0,0,100000000,0,0,0,0,0,0,27001000,0,0,0,0,0,0,27252,0,0,0,0,251000000,0,100000,0,0,0,0,1,1
Seagoville Police Department,2023-02-01,Texas,20070,TX05722,0,0,0,0,0,100000,100000,4674400,0,0,0,0,5403000,0,7,0,20000,5423007,4395000,6,0,4395006,0,0,125,0,0,0,0,0,200000,0,0,0,0,0,0,1250200,10000000,0,0,0,0,0,0,0,0,0,0,0,0,0,0,0,0,0,0,0,60000000,0,3000000,300000,60000,3000000,0,0,0,60000000,0,0,0,0,0,0,0,0,0,0,0,0,0,0,0,0,0,0,0,0,0,0,45900,1,1
Seagoville Police Department,2023-01-01,Texas,20070,TX05722,0,0,0,0,0,2,2,7,0,1,0,0,0,0,0,0,0,0,3,1,11,15,3,0,1,8,0,0,0,1,2,0,4100,0,691500,0,0,0,0,0,0,0,0,0,0,0,0,0,0,0,0,0,0,0,0,0,0,0,4,560000000,0,4560000,68993,0,0,0,116000,2197,160000000,0,0,1,730340000,241110,780000000,0,0,0,39080000,0,0,0,850000000,0,0,0,0,6745,300000,409,0,1,1
Seagoville Police Department,2022-12-01,Texas,19365,TX05722,0,19,0,0,0,257500,257519,61,1000,0,0,0,300,0,0,0,0,300,2500,0,240000,242500,0,0,0,1,0,5000000,0,0,0,0,0,0,0,0,0,0,0,0,0,0,0,5,295273936,0,0,0,10674,624698030,0,0,520582,0,0,0,0,521,0,0,0,0,0,10412,0,104116338,0,832931,1041,42,0,21,4165,416465,10411638,2,1354,104116,104,0,0,31235,0,0,0,0,0,0,0,0,0,1,1.04116338383745
Seagoville Police Department,2022-11-01,Texas,19365,TX05722,0,0,5250100,0,100000,0,5350100,0,0,0,0,0,0,0,0,0,0,0,0,0,0,0,100000,0,600000,0,0,0,100000,0,700000,0,0,0,0,1041163,0,0,0,0,0,0,0,104116338,208,31234902,2082,0,124940,4164654,104,520582,0,0,0,0,0,0,0,0,0,0,0,0,0,0,15097,0,593463,0,0,0,232117,434,383085655,333172283,433,780872538,249879,0,541404960,1,13326891,80,276178999,17700,0,0,0,0,0,1,1.04116338383745
Seagoville Police Department,2022-10-01,Texas,19365,TX05722,0,0,0,0,0,0,0,0,0,0,0,0,0,0,0,0,0,0,0,0,0,0,0,0,10,0,0,0,0,0,9039000,9240,0,428,0,333,179080102,0,0,0,0,0,0,113,40605372,7425,0,83293,7339,0,0,2082327,106199706,2602908,0,85,0,0,0,0,156,571598698,0,0,0,4,0,3321311,0,106200,0,29001606,0,0,8,0,874577242,1,0,178038939,54662,63785834,0,0,227,0,0,0,0,0,0,1,1.04116338383745
Seagoville Police Department,2022-09-01,Texas,19365,TX05722,0,0,2830000,0,0,0,2830000,0,0,0,36,162,0,0,51,0,0,249,0,0,0,0,100,5000000,10000,0,134,20,0,80,0,1000100,0,100,0,374506469,30221,104116338,0,0,0,0,0,41646535,821,0,229055944,0,312349015,0,0,10547,3,0,11921425,0,0,0,0,0,10411634,0,0,0,0,0,11932,0,0,0,0,0,0,208,0,20823,0,0,624698,104116,0,10411635,104116,0,833,52058,0,0,0,2082,0,1,1.04116338383745
Seagoville Police Department,2022-08-01,Texas,19365,TX05722,0,0,0,0,0,0,0,2773,3000,0,2000000,0,0,0,0,0,7700,2007700,0,0,1000,1000,10,0,0,0,0,8000000,1048,7000010,0,0,0,0,0,0,114528,7288144,0,1041,416465,10411634,0,1041,0,7288,0,0,1,0,728814,0,72881441,3123490,0,208,0,0,0,0,104,0,0,0,0,0,0,0,0,1041,0,0,0,0,0,399380,0,0,0,312349015,1407663,399379862,1214,10411634,1210,4,3863,265101021,0,0,0,1,1.04116338383745
Seagoville Police Department,2022-07-01,Texas,19365,TX05722,0,0,0,0,0,0,0,0,0,10,110,0,0,60,70,0,0,240,0,0,0,0,0,0,3000000,0,0,0,0,0,0,0,0,0,147,728814369,22745,0,498717,0,53099333,23297,0,0,0,0,0,0,0,5001749,5097536,0,9,271,119059115,0,843342341,0,0,3149519,0,4686,0,0,0,130145423,0,0,1041163,260290846,872495,0,0,92666,0,0,656,0,98911,501,0,1,313390179,0,0,45381188,0,152,9914999,1,476852830,1,1.04116338383745
Seagoville Police Department,2022-06-01,Texas,19365,TX05722,0,0,0,0,0,0,0,128,128000,0,0,0,764420,1100,0,71736,315901,1153157,8100,0,1170300,1178400,0,63,0,0,8010000,0,0,0,0,0,0,0,0,10,0,119838,0,52058169,1150,0,832930707,0,0,32885250,260,0,208233,0,0,0,98910521,766920949,6,0,41799,0,27783549,0,0,0,0,0,0,0,0,0,0,0,104116,1,0,10412,0,0,0,277835,104116338,20823268,1353512,0,21,6247,0,41646544,0,2603,41647,0,114528,1,1.04116338383745
Seagoville Police Department,2022-05-01,Texas,19365,TX05722,0,5000000,0,0,0,0,5000000,0,0,1000,40272,0,0,0,810800,0,0,851072,0,2870200,1,2870201,0,100000,20000,0,0,0,0,25,0,0,0,0,0,0,0,0,0,3123490,0,2082,16658614,0,0,0,104,10411634,0,13426322,0,0,0,208,145762875,520582,176998,0,0,9370470,0,0,0,0,520582,20823269,0,0,0,0,0,0,0,0,0,0,0,0,0,39824,0,0,0,55182,0,95006159,0,794,0,0,31234902,1,1.04116338383745
Seagoville Police Department,2022-04-01,Texas,19365,TX05722,0,130000,0,30000,20000,40000,220000,0,0,20000,10000,50000,30000,0,0,40000,100000,230000,60000,0,0,60000,0,0,0,0,0,0,0,0,0,0,0,2302,0,0,0,2082,0,0,0,0,0,0,0,0,0,0,0,0,0,0,0,263414336,9,9631802,39623,135351,195428449,439,0,0,902688654,0,24987921,39783,0,114736205,250,8350,0,0,0,895400510,0,0,0,0,0,0,833972,0,181893,0,8413,0,2394676,0,0,52058169,886,1,1.04116338383745
Seagoville Police Department,2022-03-01,Texas,19365,TX05722,37,0,6000000,2100000,1,35,8100073,0,0,0,123810,1238100,0,0,0,0,0,1361910,2,2798000,9,2798011,17,3000000,8400000,0,23,0,0,0,1,0,0,0,0,0,2630499,0,0,42,104116338,9297485,44249,11452797,0,0,0,0,0,191574,0,33034,0,259,0,0,208232677,0,1,977860650,937047045,0,14852,553274222,7,104116338,0,0,0,0,0,0,91101796,47,0,0,0,0,0,91214,0,0,0,0,65593293,0,104116,0,0,0,0,1,1.04116338383745
Seagoville Police Department,2022-02-01,Texas,19365,TX05722,0,652,1535,7,4000000,7500000,11502194,1080500,0,5,0,0,500000,4000000,2,13810,222500,4736312,2098000,6,0,2098006,0,0,60,0,0,0,0,0,0,40,30,20,0,15,832930707,764943,10411635,0,0,0,0,0,0,0,124,0,0,0,0,937047045,0,0,1041,0,1,0,83293074,416,3123490,1561745,156175,0,0,15617,0,52058169,0,1041,0,0,0,0,0,0,0,0,0,0,0,0,20823,0,20823,0,0,0,0,0,0,1,1.04116338383745
Seagoville Police Department,2022-01-01,Texas,19365,TX05722,0,0,6,0,0,9,15,3,0,0,0,0,0,0,0,0,0,0,3,1,11,15,2,0,1,4,0,0,0,1,7,0,1000,0,325500,0,0,0,0,0,0,0,8283496,0,0,0,0,0,0,0,0,0,0,0,0,0,0,0,59,786078355,0,51848895,33817,0,0,0,62470,1367,187409409,0,0,3,213438494,24998,52058169,0,0,0,8433423,0,0,0,218644311,0,0,0,0,2520,0,302,0,1,1.04116338383745
Seagoville Police Department,2021-12-01,Texas,17262,TX05722,1010000,0,0,0,0,84900,1094900,49,0,0,0,1400000,524,0,0,0,0,1400524,600,0,1454000,1454600,300000,0,0,0,152000,0,6,100000,0,0,0,2000000,0,0,0,0,0,0,0,0,454067287,10,371417595,16,0,0,27159,674691363,899588484,0,9828004,0,0,0,0,10298,0,1,0,0,0,674702608,0,224897121,1124486,1236934,10120,67,0,0,8996,337346,56224283,0,2024,146183,0,0,0,67469,0,0,0,0,0,0,0,0,0,1,1.12448560525052
Seagoville Police Department,2021-11-01,Texas,17262,TX05722,0,4047000,1645700,0,100000,0,5792700,0,0,0,0,0,0,0,0,0,100000,100000,0,0,0,0,0,0,500000,0,0,0,0,0,500000,0,0,0,0,8995885,0,0,0,0,0,0,0,146183132,225,22489712,3373,0,202407,8995885,0,562243,0,0,0,0,0,0,0,0,0,0,0,0,0,0,0,0,112449,0,3227,0,72259,771,72259445,1113240749,769,22489712,1871155,0,573487659,4,2203992,145,89137974,35286,0,0,0,0,0,1,1.12448560525052
Seagoville Police Department,2021-10-01,Texas,17262,TX05722,0,0,0,0,0,0,0,0,0,0,0,0,0,0,0,0,0,0,0,0,0,0,0,0,0,0,0,0,1346,0,120000,10,0,329,9000000,112,981675933,0,0,0,0,175419754,0,15,652201651,70497,0,175420,70321,0,0,1124486,13831173,2931534,0,8153,0,10884,0,0,576,1124486,0,0,0,48,0,2361420,0,22827,0,0,0,1124486,1,0,899588484,618,0,644330252,13831,62288631,0,111324075,99,0,0,0,0,11245,0,1,1.12448560525052
Seagoville Police Department,2021-09-01,Texas,17262,TX05722,0,0,4500000,0,0,0,4500000,0,0,0,46,46,0,0,250,7900000,0,7900342,0,0,0,0,27,2800000,6010000,0,62,4500,0,0,0,3000100,0,0,0,113235700,11691,674691363,0,0,0,22,0,157427985,193,562242803,0,0,562242803,0,0,1,3,0,899701,0,0,0,562242803,0,4160597,1,0,0,0,0,928,0,0,11245,0,22490,0,11,0,3373,0,11244856,899588,33735,0,22489713,112449,2,1237,33735,0,0,22,3373,0,1,1.12448560525052
Seagoville Police Department,2021-08-01,Texas,17262,TX05722,0,0,0,0,0,0,0,811,0,0,1000000,0,37,0,0,0,8770,1008807,0,0,40,40,20,0,0,0,0,2000000,958,5400010,0,0,0,0,0,112,146183,6746914,0,2249,224897,44979424,0,0,0,2249,2248971,0,0,0,449794,0,101203708,4497942,0,112,0,0,0,0,0,0,0,0,0,0,0,0,0,0,0,0,0,0,0,76847,0,8434,0,730915643,751190,85280988,332,1000792189,328,1,3531,795899667,0,112449,0,1,1.12448560525052
Seagoville Police Department,2021-07-01,Texas,17262,TX05722,0,0,0,0,0,0,0,0,0,30,60,10,0,10,10,0,0,90,0,0,0,0,0,0,0,0,0,0,0,0,0,0,0,0,247,982800419,29287,0,98955,0,84336420,29471,0,0,0,0,0,0,0,0,5480743,0,4,457,211067073,0,544251033,0,0,11245,0,337,0,0,0,172046298,1124,0,41605967,506018522,0,0,0,183517,0,0,0,0,0,2107,0,0,4497942,0,0,60347769,0,245,0,0,880472229,1,1.12448560525052
Seagoville Police Department,2021-06-01,Texas,17262,TX05722,0,0,0,0,0,92000,92000,0,163000,0,0,0,234890,1900,0,10367,31800,278957,2500,0,688100,690600,0,16,0,0,2660000,0,0,0,0,0,0,0,0,0,0,123693,1,365457822,82,0,0,0,0,2114033,326,0,1608014,0,0,787139924,33734568,133026647,2,0,8160,0,1461831,0,0,787139924,0,0,0,6,0,0,0,34,112449,0,0,0,0,0,423931073,15140,0,0,899588,0,34,3373,0,11244859,0,1349,0,0,123693,1,1.12448560525052
Seagoville Police Department,2021-05-01,Texas,17262,TX05722,0,3000000,0,0,0,0,3000000,0,0,657000,108153,0,0,0,6500,0,0,114653,0,7700000,0,7700000,0,0,530000,0,0,0,0,0,0,0,0,0,0,0,0,0,0,2248971,0,3373,3373457,0,2094,0,112,11244856,1012037045,10789439,0,0,0,112,89958851,562243,123693,0,0,3373457,0,0,0,2249,562243,11244856,0,0,0,0,0,0,0,0,0,0,0,0,0,11,0,0,0,186440,0,186450958,0,262,0,0,78713992,1,1.12448560525052
Seagoville Police Department,2021-04-01,Texas,17262,TX05722,0,30000,0,50000,90000,40000,210000,0,0,10000,40000,50000,40000,0,0,60000,130000,320000,50000,0,0,50000,0,0,0,0,0,0,0,0,0,0,0,1143,0,0,0,3373,0,0,0,0,0,0,0,0,0,0,0,0,0,0,0,246262348,22,22732601,60274,562243,134939397,353,0,0,465537041,0,103452676,60939,0,20364434,432,143619,0,0,0,753405356,0,0,0,0,0,0,6701934,0,86585,0,0,0,0,404814818,0,582483544,1912,1,1.12448560525052
Seagoville Police Department,2021-03-01,Texas,17262,TX05722,25,0,4000000,1800000,1,14,5800040,0,0,0,54000,540000,0,0,0,0,0,594000,3,5202000,14,5202017,138,2000000,2300000,0,1,0,0,0,3,0,0,0,140,0,1237,0,0,20,899588484,14663517,112,562242803,0,0,0,0,0,0,0,10178,0,0,0,0,0,0,3,530307411,899588484,0,18616,0,27,0,1237,0,0,0,0,0,17994019,270,0,0,0,0,0,19693,0,1,0,0,134938273,0,112449,0,0,0,0,1,1.12448560525052
Seagoville Police Department,2021-02-01,Texas,17262,TX05722,0,350,176,11,1000000,6600000,7600537,2531400,0,0,0,0,3501000,580000,5,385990,100000,4566995,4589000,1,0,4589001,0,5,535,0,7000000,0,0,0,100000,60,10,10,0,39,224897121,6148912,11244856,0,11245,0,0,0,0,86810,0,0,0,0,0,0,0,0,0,0,1,0,44979426,450,8995885,112449,112449,0,0,1124,0,22489712,0,0,10,0,0,0,0,0,0,0,0,0,0,0,10120,0,0,0,0,0,0,0,0,1,1.12448560525052
Seagoville Police Department,2021-01-01,Texas,17262,TX05722,0,0,1,0,0,3,4,8,0,0,0,0,0,0,1,0,0,1,5,2,10,17,1,0,0,6,0,0,0,6,4,0,4600,0,233640,0,0,0,0,0,0,0,0,0,0,0,0,0,0,0,0,0,0,0,0,0,0,0,9,955812764,0,9951698,26044,0,0,0,176544,2456,438549386,0,0,34,1046896098,80007,157427985,0,0,0,112449,0,0,0,0,0,0,0,0,15057,0,148,0,1,1.12448560525052
Seagoville Police Department,2020-12-01,Texas,17093,TX05722,1670000,94,0,0,56000,11600,1737694,0,0,0,0,1600000,1193,10,0,0,0,1601203,350,0,2019010,2019360,690000,0,0,10,52000,0,2,0,0,0,0,3000000,0,0,0,0,0,0,1,8123455,828239240,2,680604271,12,0,0,39168,235462470,353193706,3061012,22192456,0,117731235,6,0,24227,0,0,0,0,0,588667949,0,0,0,1530506,7064,47,0,94,8241,470925,58865626,1,2943,129504,0,0,0,70639,0,0,0,0,0,0,0,0,0,1,1.17731235192711
Seagoville Police Department,2020-11-01,Texas,17093,TX05722,1,8248000,44600,0,100000,100000,8492601,0,0,0,0,0,0,0,0,0,9400000,9400000,0,0,0,0,200000,0,100000,0,0,0,0,0,300000,0,0,0,0,4709249,0,0,0,0,0,0,0,117731242,589,23546247,10596,0,247236,15305061,0,588656,11773,0,0,0,0,0,0,0,0,0,0,0,0,0,506,0,1518733,0,7111,0,0,1532,5062443,706387411,1523,317874335,2379372,0,1012488623,6,14516261,69,409634060,41500,0,0,0,0,0,1,1.17731235192711
Seagoville Police Department,2020-10-01,Texas,17093,TX05722,0,0,0,0,0,0,0,0,0,0,0,0,0,0,0,0,0,0,0,0,0,0,0,0,0,0,0,0,0,0,5000,0,0,10,3000000,413,662826854,0,0,0,0,521549372,0,0,5886562,4177,0,502712,3554,0,0,120085860,204858236,2355,0,1161,0,706,0,0,35,607493174,0,0,1177,1,588656176,3532,0,183664,0,0,0,110667361,0,0,1177312,1417,0,774671528,96542,23481495,0,120085860,208,0,0,0,0,0,0,1,1.17731235192711
Seagoville Police Department,2020-09-01,Texas,17093,TX05722,0,3000000,250000,100,0,0,3250100,0,0,0,0,192,0,0,822,0,4000000,4001014,0,0,0,0,9,5000000,20000,0,194,829,0,0,0,6000100,0,0,0,302687006,29392,0,0,0,0,59,0,63810329,24,706387411,0,0,0,58866,0,6,6,0,15423027,0,16600104,0,706387411,0,14951867,6,0,0,0,0,15519,0,0,0,0,23546,0,12,0,3532,0,0,706387,117731,118,47092506,235462,1,2355,70639,0,0,82,3532,0,1,1.17731235192711
Seagoville Police Department,2020-08-01,Texas,17093,TX05722,0,0,0,0,0,4100,4100,32,600,0,1000000,0,932,120,0,0,1000,1002052,0,0,11060,11060,0,0,0,0,0,1000000,124,1900010,0,0,0,0,0,353,200143,11773124,0,8241,470925,1,0,0,0,2355,1177312,0,0,0,353194,0,82411873,2354625,11773,235,0,0,0,0,0,0,0,0,0,0,0,0,0,0,0,0,0,0,0,59690,0,189324,0,847664893,2637203,249013336,52,1141992981,42,5,9678,867114093,0,35319,0,1,1.17731235192711
Seagoville Police Department,2020-07-01,Texas,17093,TX05722,0,0,0,2500000,4,0,2500004,0,0,190,20,0,0,50,20,0,0,90,0,0,0,0,0,0,2500000,0,4,0,0,0,0,0,0,0,10,236639783,4825,0,818232,0,346129831,5989,0,0,0,0,0,0,0,0,9655139,0,9,61,22723306,0,370853391,0,0,54156,0,1222,0,0,2,1092545863,0,0,1110205548,882984264,14128,0,0,32142,0,0,559,0,0,532,0,0,124795109,0,0,2458228,0,39,749948,1,16482373,1,1.17731235192711
Seagoville Police Department,2020-06-01,Texas,17093,TX05722,0,0,0,0,0,2213000,2213000,0,572000,0,0,0,28820,10400,0,6859,21606,67685,10,0,60100,60110,0,0,0,0,670000,0,0,0,0,0,0,0,0,0,0,70639,0,0,49,353193706,941849882,0,0,3308954,36,0,941850,0,0,235462470,0,1123980102,0,0,5531,0,2696634,0,0,235462470,0,0,0,36,0,0,118,419,117731,0,0,0,5,0,558046055,33020,0,11773124,1059581,0,24,3532,0,82411879,0,3296,11773,0,105958,1,1.17731235192711
Seagoville Police Department,2020-05-01,Texas,17093,TX05722,0,6000000,0,200000,0,0,6200000,0,0,5330000,20663,0,0,0,250200,0,0,270863,0,300,0,300,0,0,2770000,0,0,0,0,0,0,0,0,0,0,0,0,0,0,0,0,2355,5886562,0,638,0,0,11773124,1059581117,875332,0,0,0,589,47092500,235462,164824,0,0,2354625,0,0,0,10596,235462,11773124,0,0,0,0,0,0,0,0,0,0,0,0,0,0,0,0,0,264895,0,264895279,0,26,0,0,70638741,1,1.17731235192711
Seagoville Police Department,2020-04-01,Texas,17093,TX05722,0,50000,0,30000,60000,20000,160000,0,0,30000,60000,60000,30000,0,0,20000,80000,250000,50000,0,0,50000,0,0,0,0,0,0,0,0,0,0,0,5584,0,0,0,1630578,0,0,0,0,0,0,0,0,0,0,0,0,0,0,0,387335764,31,29366879,18255,797040,21783810,93,0,0,622798234,0,12950436,19065,0,9536230,97,17872,0,0,0,965396129,0,0,0,0,0,0,1432789,0,21784,0,41,1,6032548,0,6,864147266,1081,1,1.17731235192711
Seagoville Police Department,2020-03-01,Texas,17093,TX05722,54,0,1000000,4500000,0,23,5500077,0,0,0,10,100,0,0,0,0,0,110,3,6999000,16,6999019,86,7000000,8900000,0,10,0,0,0,0,0,0,0,155,0,63575,0,44620138,20,588656176,15540405,0,7063874,0,0,0,0,0,0,0,25675,0,0,11655392,0,0,0,5,288323795,0,0,22460,0,1780,1059581117,0,0,0,0,0,0,51800566,11,0,0,0,0,0,52717,0,0,0,0,722869784,0,117731,0,1,0,0,1,1.17731235192711
Seagoville Police Department,2020-02-01,Texas,17093,TX05722,0,2700,48,0,5000000,5200000,10202748,1722500,0,0,0,0,8001000,8270000,7,11000,7100,16289107,8773000,2,0,8773002,0,1,530,0,2000000,0,38660,0,100000,50,50,10,0,12,824118646,7051277,11773124,118,0,0,0,8,117731235,6004,9,317874335,0,0,0,588656176,0,0,0,0,0,0,70638748,471,11773124,235462,188370,0,0,2355,0,58865618,0,0,0,0,0,0,0,0,0,0,0,0,0,0,0,0,0,0,0,0,0,0,0,1,1.17731235192711
Seagoville Police Department,2020-01-01,Texas,17093,TX05722,0,0,3,0,0,3,6,5,0,0,0,0,0,1,1,0,0,2,3,4,11,18,2,0,0,5,0,0,0,9,2,0,5800,0,137490,0,0,0,0,0,0,4786952,1376278,0,0,0,0,235,0,0,0,4551490,0,0,0,0,0,0,24,446201381,0,22616170,15708,0,0,0,410882,2310,23546247,0,0,89,930441725,42595,659294917,0,0,0,7075647,0,0,0,329647459,0,0,0,0,5552,0,22,0,1,1.17731235192711
Seagoville Police Department,2019-12-01,Texas,17094,TX05722,200000,0,0,0,0,27500,227500,190,12,0,400000,3000000,102,0,0,1000000,200000,4600102,1200,0,414440,415640,3500000,0,0,0,205000,0,7,5000000,0,0,0,3000000,0,0,0,0,0,59592,0,3337139,10130602,1,566479410,6,0,0,7257,834284845,595917747,0,3980731,0,715101296,17,0,4077,0,0,11918,0,0,476746116,0,119183549,1191835,238367,2384,203,0,12,23837,0,11918360,0,834,95347,0,0,0,47673,0,0,0,0,0,0,0,0,0,1,1.19183549339627
Seagoville Police Department,2019-11-01,Texas,17094,TX05722,0,115000,3770000,0,100000,100000,4085000,0,0,0,0,0,0,0,0,0,0,0,0,0,0,0,100000,100000,0,0,0,0,100000,0,200000,0,0,0,0,4767342,0,0,0,0,0,0,894,59591779,358,0,4767,0,143020,9534684,119,357551,0,0,0,0,0,0,0,0,0,894,0,0,0,0,8259,0,500571,0,4303,0,0,139,82594200,870039910,135,834284845,493944,0,476734197,1,4660077,13,27900869,0,0,0,0,0,0,1,1.19183549339627
Seagoville Police Department,2019-10-01,Texas,17094,TX05722,0,0,0,0,0,0,0,30,0,0,0,0,0,0,0,0,0,0,0,0,0,0,0,0,0,115,0,0,1486,1000000,0,725,0,379,1000000,99,762774716,0,0,0,2,530366795,190693679,31,466007678,9831,0,332522,9492,0,0,7151013,29199970,7151,0,4932,0,0,48,7151,268,595917747,238367,0,0,1,0,5303668,0,29200,0,0,0,297958873,0,0,23836710,256,0,166856969,32537,27339514,0,0,70,0,340,0,0,0,0,1,1.19183549339627
Seagoville Police Department,2019-09-01,Texas,17094,TX05722,0,0,0,0,0,0,0,0,0,0,1,1408,0,0,9592,5000000,4000000,9011001,90,40,0,130,166,1900000,4000000,0,17,2383,0,0,0,100,0,0,0,822843225,6960,238367099,0,0,0,0,0,270546657,173,595917747,5959177,0,715101296,57804,0,99,1,0,1549386,0,0,0,0,0,157322285,0,0,0,0,0,1707,0,4767342,0,119,11918,0,0,0,7151,0,0,1549386,47673,0,23836712,119184,11918355,2026,47673,0,0,48,8343,0,1,1.19183549339627
Seagoville Police Department,2019-08-01,Texas,17094,TX05722,0,0,0,0,0,4000,4000,108,25000,0,0,0,0,0,0,0,6350,6350,0,0,0,0,0,0,0,0,0,5000000,648,7500010,0,0,0,0,0,0,178775,9534684,0,4767,834285,11918355,0,0,0,0,0,47673,0,119,715101,119183549,154938617,3575506,0,0,0,0,0,0,0,0,0,0,0,0,0,0,0,0,0,11382029,0,0,175,0,429060778,0,0,1084570299,207379,187010907,302,131101904,298,0,2622,903435141,0,0,0,1,1.19183549339627
Seagoville Police Department,2019-07-01,Texas,17094,TX05722,0,0,0,0,0,0,0,0,0,20,40,0,10,30,10,0,0,90,0,0,0,0,60,0,0,0,6,0,0,0,0,0,0,0,32,460048500,9970,0,101306,0,0,10071,0,0,0,0,0,4,0,0,6419226,0,10,137,58161572,0,42906078,0,0,2383671,327754761,2980,0,0,0,458856665,0,214530,0,1072651948,0,0,596,58162,11918355,0,1371,0,0,0,0,0,429060778,0,0,18933499,0,79,47673,0,281273176,1,1.19183549339627
Seagoville Police Department,2019-06-01,Texas,17094,TX05722,0,0,0,0,0,798000,798000,0,710000,0,0,0,125330,5100,0,15950,66500,212880,300,0,870500,870800,0,3,30000,0,0,0,0,0,20000,0,0,0,0,54,0,0,0,0,10,476734197,476734197,9534684,357550648,7925706,63,0,364702,0,0,476734197,542761884,932253723,1,0,11084,0,7031829,0,54,0,0,0,0,0,0,0,0,0,119184,0,0,0,0,0,11918355,70867,0,11918356,1072652,0,48,7151,119184,23836710,0,1311,0,1191835,143020,1,1.19183549339627
Seagoville Police Department,2019-05-01,Texas,17094,TX05722,0,8000000,0,0,0,0,8000000,0,0,1280000,11413,0,0,0,129300,0,0,140713,0,6000000,0,6000000,0,0,0,0,0,0,0,0,0,0,0,0,0,0,0,0,11918,0,476734209,2384,4767342,0,60,0,0,11918355,0,7240997,0,0,0,358,119183553,953468,190694,0,0,4767342,0,0,0,3576,953468,11918355,0,0,0,0,0,0,0,0,0,0,0,0,0,0,0,21,0,14409,786611426,166511337,0,139,129862395,0,858121555,1,1.19183549339627
Seagoville Police Department,2019-04-01,Texas,17094,TX05722,0,50000,0,60000,80000,0,190000,0,10000,10000,50000,50000,20000,10000,0,30000,140000,300000,60000,0,10000,70000,0,0,0,0,0,0,0,0,0,0,0,3485,0,0,0,0,5,199036527,0,0,0,0,0,0,0,0,0,0,0,0,0,271738492,10,4840044,36686,1415901,69960743,187,0,0,808064465,0,96538675,38198,0,0,299,34742,0,0,0,595917749,6,596,0,0,131102,0,2084520,4767342,69961,0,26947,0,0,0,0,814023642,1490,1,1.19183549339627
Seagoville Police Department,2019-03-01,Texas,17094,TX05722,50,0,5000000,5200000,4,34,10200088,0,10,620000,115870,30500,0,0,0,0,0,146370,3,3500000,16,3500019,386,8000000,2500000,0,21,0,0,0,0,0,0,0,300,715101296,154581,0,196652856,378,238367099,19486510,35755,0,0,834,0,0,0,0,35755,33836,19069368,285,95346839,0,715101296,0,4,685186225,0,0,24965,53632597,18,715101296,0,1,0,0,0,0,149575354,55,0,0,0,0,0,154033,0,2,0,0,469583184,0,119184,119184,0,0,11918355,1,1.19183549339627
Seagoville Police Department,2019-02-01,Texas,17094,TX05722,0,0,0,0,0,0,0,7725900,0,7,0,0,1200000,5760000,14,37000,142000,7139014,2303000,2,0,2303002,0,3,875,0,1000000,0,0,0,0,70,60,20,0,32,1072651944,10465507,11918355,0,0,0,119,0,0,0,0,0,0,0,0,0,0,0,0,0,0,11918,143020265,953,14302026,834285,297959,0,238367099,3576,0,119183549,0,0,0,0,0,0,0,0,0,0,0,0,14540393,0,0,0,0,0,0,0,0,0,0,1,1.19183549339627
Seagoville Police Department,2019-01-01,Texas,17094,TX05722,0,2,1,0,0,2,5,14,0,0,0,0,0,0,0,0,0,0,1,3,13,17,0,0,0,9,0,0,0,4,4,0,4500,0,268900,0,0,0,0,0,0,0,4171424,0,0,0,0,0,0,0,0,0,0,0,1071460109,11,0,0,20,201420198,0,4493220,31578,0,0,0,417142,3699,595917747,1,0,118,395689384,144212,703182941,0,0,0,0,0,190694,0,476734200,1073,0,5959177,0,1263,0,57,0,1,1.19183549339627
Seagoville Police Department,2018-12-01,Texas,16955,TX05722,1,0,0,0,1,1,3,11,0,0,0,0,0,0,1,0,0,1,3,8,14,25,5,0,1,8,0,0,0,5,6,4,5,13,4,0,0,0,0,0,303,303,53998,0,0,0,0,0,0,847,0,0,847,36,996,24662,25694,134840,3592,0,0,9034,0,0,0,547,12521,121,87,1701,243,0,971,0,53998,18445,1359,3917,80843,80,0,0,0,0,0,0,84940,530,0,847,86398,1,1.21343405628813
Seagoville Police Department,2018-11-01,Texas,16955,TX05722,3,0,0,1,1,3,8,5,0,0,0,0,0,0,0,0,0,0,5,4,7,16,4,0,1,3,0,0,0,6,2,1,3,13,9,0,71817,0,580,752,27624,100773,161023,0,0,0,0,0,0,0,0,0,0,69,542,4428,5039,427858,829,0,0,1990,0,0,0,1505,716,0,407,562,10436,4026,5278,0,219268,18853,2485,5521,266835,17,21,0,1335,265,0,0,160780,16,0,0,162433,1,1.21343405628813
Seagoville Police Department,2018-10-01,Texas,16955,TX05722,0,1,3,1,1,3,9,8,0,0,0,0,0,0,0,0,1,1,7,3,11,21,2,0,0,6,0,0,0,5,8,0,6,15,9,607,0,5339,607,121,46819,53493,24147,0,0,0,0,0,0,0,0,0,0,193,478,9686,10357,112144,212,0,0,1484,0,0,0,1064,7596,4640,171,676,1941,898,0,0,24754,53733,0,1183,87997,17,51,32,364,0,89,0,19900,9157,0,0,29609,1,1.21343405628813
Seagoville Police Department,2018-09-01,Texas,16955,TX05722,2,0,1,1,5,2,11,8,0,0,0,0,0,0,0,0,0,0,4,5,13,22,1,0,1,7,0,0,0,7,6,1,2,5,2,0,1480,1420,5066,10921,1153,20040,29668,0,0,0,0,0,0,0,0,0,0,226,398,123866,124490,203867,683,0,0,9362,0,0,0,806,113639,39,18,8391,849,309,89,0,29668,131063,1335,2437,174198,0,7,0,0,0,89,0,14319,11673,0,0,26088,1,1.21343405628813
Seagoville Police Department,2018-08-01,Texas,16955,TX05722,1,0,0,0,2,2,5,6,0,0,0,0,0,0,0,0,1,1,3,4,9,16,0,1,1,3,0,0,0,4,7,0,4,6,2,0,522,0,9271,0,10678,20471,37556,0,0,0,0,0,0,0,0,0,0,49,349,20941,21339,116922,0,182,0,3112,0,0,0,2599,15446,284,606,0,0,0,0,0,37556,40041,880,0,79366,72,10,0,1238,0,0,0,33915,10503,0,0,45738,1,1.21343405628813
Seagoville Police Department,2018-07-01,Texas,16955,TX05722,2,0,0,0,2,0,4,10,0,0,0,0,0,0,0,0,0,0,0,5,7,12,0,0,0,5,0,0,0,4,3,4,5,16,7,0,3871,0,4004,0,0,7875,68542,0,0,0,0,0,0,0,0,0,0,0,749,9845,10593,155553,0,0,0,5566,0,0,0,3966,1062,0,36,3686,0,498,2245,0,68542,8521,2390,1092,87011,0,12,0,158,0,0,0,81125,625,0,0,81920,1,1.21343405628813
Seagoville Police Department,2018-06-01,Texas,16955,TX05722,3,1,1,0,1,3,9,7,0,0,0,0,0,0,0,1,0,1,6,2,8,16,4,0,0,3,0,0,0,2,7,2,2,10,6,425,439,303,0,0,9283,10450,90765,0,0,0,0,0,0,0,0,0,0,140,73,9131,9343,201323,382,0,0,1775,0,0,0,85,7101,42,73,3879,0,0,0,0,90765,14707,303,789,110558,0,0,0,0,73,0,0,36403,30,0,425,36931,1,1.21343405628813
Seagoville Police Department,2018-05-01,Texas,16955,TX05722,3,0,0,0,0,2,5,7,0,0,0,0,0,0,0,0,0,0,1,1,13,15,5,0,1,4,0,0,0,2,3,2,5,12,5,0,249,0,0,0,6110,6358,71350,0,0,0,0,0,0,0,0,0,0,58,193,11701,11952,161011,6947,0,58,1810,0,0,0,1056,2081,144,262,125,425,0,849,0,71350,11792,0,4713,89661,416,4,0,0,182,0,0,77053,7341,0,813,85809,1,1.21343405628813
Seagoville Police Department,2018-04-01,Texas,16955,TX05722,1,0,0,0,0,0,1,10,0,0,0,0,0,0,0,0,0,0,2,1,7,10,1,0,0,5,0,0,0,2,2,2,3,17,12,0,1577,0,0,0,0,1577,134813,0,0,0,0,0,0,0,0,0,0,90,141,26028,26259,297461,1092,0,0,8955,0,0,0,194,16017,58,64,2427,4368,0,607,0,134813,20312,0,0,162649,58,64,0,0,0,0,0,103263,72,0,0,103457,1,1.21343405628813
Seagoville Police Department,2018-03-01,Texas,16955,TX05722,4,0,1,1,2,1,9,13,0,0,0,0,0,0,0,0,0,0,2,8,6,16,2,0,1,5,0,0,0,1,7,4,4,18,10,0,7827,3446,3034,2610,7523,24440,50072,0,0,0,0,0,0,0,0,0,0,33,955,33783,34771,159355,4247,0,121,7112,0,0,0,74,23217,3195,152,491,607,0,0,0,50072,49305,3883,1577,109283,109,30,0,109,0,607,0,28231,3077,0,0,32163,1,1.21343405628813
Seagoville Police Department,2018-02-01,Texas,16955,TX05722,1,0,1,1,0,0,3,5,0,0,0,0,0,0,0,0,0,0,2,4,6,12,3,0,0,4,0,0,0,4,1,0,4,13,9,0,364,607,0,1383,0,2354,83630,0,0,0,0,0,0,0,0,0,0,0,362,9441,9802,179416,2184,0,0,6674,0,0,0,871,73,604,67,6795,0,0,0,0,83630,3112,0,1577,95786,604,67,0,485,0,0,0,95764,55,0,0,96975,1,1.21343405628813
Seagoville Police Department,2018-01-01,Texas,16955,TX05722,2,1,0,1,1,0,5,12,0,0,0,0,0,0,0,0,0,0,7,5,17,29,3,0,0,12,0,0,0,7,7,2,8,19,9,0,4492,0,491,300,0,5283,133478,0,0,0,0,0,0,0,0,0,0,137,710,12959,13806,286045,1092,0,0,6553,0,0,0,1559,4603,297,403,1132,485,0,1075,0,133478,10591,2912,2194,152567,18,23,0,1213,0,0,0,79601,2421,0,282,83558,1,1.21343405628813
Seagoville Police Department,2017-12-01,Texas,16268,TX05722,0,1,1,0,0,0,2,5,0,0,0,0,0,0,0,0,0,0,7,4,8,19,2,1,0,7,0,0,0,2,7,0,4,9,5,2511,0,37,0,0,0,2548,24861,0,0,0,0,0,0,0,0,0,0,155,648,17121,17924,70195,9820,247,0,3046,0,0,0,104,4706,735,280,37,0,36,0,0,24861,15879,994,2511,45334,53,0,0,0,0,0,0,91987,31,0,0,92072,1,1.24307319386626
Seagoville Police Department,2017-12-01,Texas,16290,TX05722,0,1,1,0,0,0,2,5,0,0,0,0,0,0,0,0,0,0,7,4,8,19,2,1,0,7,0,0,0,2,7,0,4,4,5,2511,0,37,0,0,0,2548,24861,0,0,0,0,0,0,0,0,0,0,155,648,17121,17924,45334,9820,247,0,3046,0,0,0,104,4706,735,280,37,0,36,0,0,24861,15879,994,2511,45334,53,0,0,0,0,0,0,91987,31,0,0,92072,1,1.24307319386626
Seagoville Police Department,2017-11-01,Texas,16268,TX05722,1,0,1,0,0,1,3,6,0,0,0,0,0,0,0,0,0,0,2,2,13,17,3,0,0,7,0,0,0,2,5,1,5,14,8,0,33352,25,0,0,5594,38970,34682,0,0,0,0,0,0,0,0,0,0,12,213,10950,11175,119509,746,0,0,2276,0,0,0,782,7371,5783,199,168,249,0,24861,0,34682,15213,3083,590,84827,216,35,0,0,0,0,0,33812,4879,373,0,39315,1,1.24307319386626
Seagoville Police Department,2017-11-01,Texas,16290,TX05722,1,0,1,0,0,1,3,6,0,0,0,0,0,0,0,0,0,0,2,2,13,17,3,0,0,7,0,0,0,2,5,1,5,6,8,0,33352,25,0,0,5594,38970,34682,0,0,0,0,0,0,0,0,0,0,12,213,10950,11175,84827,746,0,0,2276,0,0,0,782,7371,5783,199,168,249,0,24861,0,34682,15213,3083,590,84827,216,35,0,0,0,0,0,33812,4879,373,0,39315,1,1.24307319386626
Seagoville Police Department,2017-10-01,Texas,16268,TX05722,2,0,0,0,1,0,3,9,0,0,0,0,0,0,1,0,1,2,3,6,11,20,2,0,0,4,0,0,0,7,7,1,5,11,5,0,0,0,0,0,0,0,149349,0,0,0,0,0,0,17524,0,1526,19050,82,815,43508,44405,362153,994,0,0,65,0,0,0,833,42513,310,241,1696,0,0,4972,0,149349,38882,17355,0,212804,310,206,169,1989,0,0,0,53138,27886,18928,0,102626,1,1.24307319386626
Seagoville Police Department,2017-10-01,Texas,16290,TX05722,2,0,0,0,1,0,3,9,0,0,0,0,0,0,1,0,1,2,3,6,11,20,2,0,0,4,0,0,0,7,7,1,5,6,5,0,0,0,0,0,0,0,149349,0,0,0,0,0,0,17524,0,1526,19050,82,815,43508,44405,212804,994,0,0,65,0,0,0,833,42513,310,241,1696,0,0,4972,0,149349,38882,17355,0,212804,310,206,169,1989,0,0,0,53138,27886,18928,0,102626,1,1.24307319386626
Seagoville Police Department,2017-09-01,Texas,16268,TX05722,2,1,0,0,1,1,5,5,0,0,0,0,0,0,0,0,0,0,2,3,15,20,4,1,1,5,0,0,0,3,6,2,2,8,4,1713,1152,0,852,0,249,3965,82789,0,0,0,0,0,0,0,0,0,0,45,280,15978,16303,185846,2834,497,3995,6103,0,0,0,1045,1827,1287,457,7,0,1641,186,0,82789,15747,497,445,103057,81,0,0,1740,0,0,0,34309,28286,0,0,64416,1,1.24307319386626
Seagoville Police Department,2017-09-01,Texas,16290,TX05722,2,1,0,0,1,1,5,5,0,0,0,0,0,0,0,0,0,0,2,3,15,20,4,1,1,5,0,0,0,3,6,2,2,4,4,1713,1152,0,852,0,249,3965,82789,0,0,0,0,0,0,0,0,0,0,45,280,15978,16303,103057,2834,497,3995,6103,0,0,0,1045,1827,1287,457,7,0,1641,186,0,82789,15747,497,445,103057,81,0,0,1740,0,0,0,34309,28286,0,0,64416,1,1.24307319386626
Seagoville Police Department,2017-08-01,Texas,16268,TX05722,3,0,0,0,3,2,8,6,0,0,0,0,0,0,1,0,0,1,9,5,22,36,7,0,0,9,0,0,0,5,15,1,6,11,4,0,9038,0,16433,0,1343,26814,50966,0,0,0,0,0,0,489,0,0,489,208,845,59419,60472,189707,6837,0,0,5422,0,0,0,318,47894,1827,216,1238,2772,311,2983,0,50966,63392,13481,1554,138741,170,87,0,1243,0,0,0,64640,16975,10032,0,93147,1,1.24307319386626
Seagoville Police Department,2017-08-01,Texas,16290,TX05722,3,0,0,0,3,2,8,6,0,0,0,0,0,0,1,0,0,1,9,5,22,36,7,0,0,9,0,0,0,5,15,1,6,7,4,0,9038,0,16433,0,1343,26814,50966,0,0,0,0,0,0,489,0,0,489,208,845,59419,60472,138741,6837,0,0,5422,0,0,0,318,47894,1827,216,1238,2772,311,2983,0,50966,63392,13481,1554,138741,170,87,0,1243,0,0,0,64640,16975,10032,0,93147,1,1.24307319386626
Seagoville Police Department,2017-07-01,Texas,16268,TX05722,3,0,0,0,1,3,7,7,0,0,0,0,0,0,0,0,0,0,2,4,9,15,1,1,0,6,0,0,0,3,4,0,2,12,10,0,4550,0,373,0,2758,7681,28591,0,0,0,0,0,0,0,0,0,0,58,492,6046,6597,71459,80,249,0,3763,0,0,0,982,1524,167,164,4127,0,1119,373,0,28591,6029,1927,373,42869,178,82,0,1057,0,0,0,21132,352,0,87,22887,1,1.24307319386626
Seagoville Police Department,2017-07-01,Texas,16290,TX05722,3,0,0,0,1,3,7,7,0,0,0,0,0,0,0,0,0,0,2,4,9,15,1,1,0,6,0,0,0,3,4,0,2,2,10,0,4550,0,373,0,2758,7681,28591,0,0,0,0,0,0,0,0,0,0,58,492,6046,6597,42869,80,249,0,3763,0,0,0,982,1524,167,164,4127,0,1119,373,0,28591,6029,1927,373,42869,178,82,0,1057,0,0,0,21132,352,0,87,22887,1,1.24307319386626
Seagoville Police Department,2017-06-01,Texas,16268,TX05722,0,2,0,0,2,2,6,6,0,0,0,0,0,0,0,1,1,2,2,6,17,25,8,1,1,7,0,0,0,1,7,3,4,9,2,4972,0,0,796,0,4019,9787,46615,0,0,0,0,0,0,0,0,0,0,37,663,25550,26250,129267,11878,93,0,4879,0,0,0,164,9236,6,0,5384,0,0,0,0,46615,28280,497,1870,82652,0,0,0,0,0,0,0,94225,568,0,0,94793,1,1.24307319386626
Seagoville Police Department,2017-06-01,Texas,16290,TX05722,0,2,0,0,2,2,6,6,0,0,0,0,0,0,0,1,1,2,2,6,17,25,8,1,1,7,0,0,0,1,7,3,4,7,2,4972,0,0,796,0,4019,9787,46615,0,0,0,0,0,0,0,0,0,0,37,663,25550,26250,82652,11878,93,0,4879,0,0,0,164,9236,6,0,5384,0,0,0,0,46615,28280,497,1870,82652,0,0,0,0,0,0,0,94225,568,0,0,94793,1,1.24307319386626
Seagoville Police Department,2017-05-01,Texas,16268,TX05722,5,0,1,0,1,1,8,7,0,0,0,0,0,1,0,0,0,1,4,3,8,15,3,0,0,3,2,0,0,3,4,1,1,4,2,0,4251,603,12917,0,0,17771,92982,0,0,0,0,0,58,0,0,0,58,123,547,19268,19938,223731,9137,0,0,224,957,0,0,260,9360,646,188,1616,0,0,62,0,92982,20821,11761,2673,130749,0,0,0,0,0,0,0,41021,1262,1927,0,44210,1,1.24307319386626
Seagoville Police Department,2017-05-01,Texas,16290,TX05722,5,0,1,0,1,1,8,7,0,0,0,0,0,1,0,0,0,1,4,3,8,15,3,0,0,3,2,0,0,3,4,1,1,2,2,0,4251,603,12917,0,0,17771,92982,0,0,0,0,0,58,0,0,0,58,123,547,19268,19938,130749,9137,0,0,224,957,0,0,260,9360,646,188,1616,0,0,62,0,92982,20821,11761,2673,130749,0,0,0,0,0,0,0,41021,1262,1927,0,44210,1,1.24307319386626
Seagoville Police Department,2017-04-01,Texas,16268,TX05722,6,1,1,0,2,1,11,4,0,0,0,0,0,0,0,0,0,0,2,1,16,19,1,1,0,6,0,0,0,2,9,0,7,8,1,870,16404,398,2940,0,0,20611,32469,0,0,0,0,0,0,0,0,0,0,5,149,31322,31476,117025,14917,373,0,3771,0,0,0,747,11667,3190,0,1667,3170,373,6085,0,32469,29262,7844,497,84556,124,0,6,0,0,0,0,51364,0,0,0,51494,1,1.24307319386626
Seagoville Police Department,2017-04-01,Texas,16290,TX05722,6,1,1,0,2,1,11,4,0,0,0,0,0,0,0,0,0,0,2,1,16,19,1,1,0,6,0,0,0,2,9,0,7,7,1,870,16404,398,2940,0,0,20611,32469,0,0,0,0,0,0,0,0,0,0,5,149,31322,31476,84556,14917,373,0,3771,0,0,0,747,11667,3190,0,1667,3170,373,6085,0,32469,29262,7844,497,84556,124,0,6,0,0,0,0,51364,0,0,0,51494,1,1.24307319386626
Seagoville Police Department,2017-03-01,Texas,16268,TX05722,2,1,2,0,0,1,6,8,1,0,0,0,0,0,0,0,1,1,3,5,15,23,3,0,0,9,0,0,0,3,8,0,7,10,3,2026,1564,1029,0,0,155,4775,119459,0,0,0,0,0,0,0,0,671,671,124,639,88302,89065,333430,3431,0,0,9739,0,0,0,999,74895,7701,87,937,5470,0,0,0,119459,77373,1949,994,213970,634,0,5,0,0,0,0,157746,70935,372,0,229691,1,1.24307319386626
Seagoville Police Department,2017-03-01,Texas,16290,TX05722,2,1,2,0,0,1,6,8,1,0,0,0,0,0,0,0,1,1,3,5,15,23,3,0,0,9,0,0,0,3,8,0,7,7,3,2026,1564,1029,0,0,155,4775,119459,0,0,0,0,0,0,0,0,671,671,124,639,88302,89065,213970,3431,0,0,9739,0,0,0,999,74895,7701,87,937,5470,0,0,0,119459,77373,1949,994,213970,634,0,5,0,0,0,0,157746,70935,372,0,229691,1,1.24307319386626
Seagoville Police Department,2017-02-01,Texas,16268,TX05722,0,0,0,0,0,0,0,8,0,0,0,0,0,0,0,0,0,0,3,2,9,14,2,0,0,6,0,0,0,4,2,0,9,12,3,0,0,0,0,0,0,0,82043,0,0,0,0,0,0,0,0,0,0,142,276,12625,13042,177128,5320,0,0,6831,0,0,0,671,220,35,404,622,0,0,0,0,82043,11232,6,743,95085,35,495,0,0,0,0,0,134128,6239,6,0,140902,1,1.24307319386626
Seagoville Police Department,2017-02-01,Texas,16290,TX05722,0,0,0,0,0,0,0,8,0,0,0,0,0,0,0,0,0,0,3,2,9,14,2,0,0,6,0,0,0,4,2,0,9,9,3,0,0,0,0,0,0,0,82043,0,0,0,0,0,0,0,0,0,0,142,276,12625,13042,95085,5320,0,0,6831,0,0,0,671,220,35,404,622,0,0,0,0,82043,11232,6,743,95085,35,495,0,0,0,0,0,134128,6239,6,0,140902,1,1.24307319386626
Seagoville Police Department,2017-01-01,Texas,16268,TX05722,7,2,0,0,1,0,10,8,0,0,0,0,0,0,0,0,1,1,3,8,11,22,2,0,1,6,0,0,0,5,8,2,3,10,5,50254,7395,0,0,0,0,57649,116227,0,0,0,0,0,0,0,0,41021,41021,78,1347,24464,25889,357014,6514,0,0,2472,0,0,0,477,16426,43347,689,4083,236,0,39399,0,116227,27839,5144,3822,240787,205,58,0,435,0,0,0,22997,395,752,249,25091,1,1.24307319386626
Seagoville Police Department,2017-01-01,Texas,16290,TX05722,7,2,0,0,1,0,10,8,0,0,0,0,0,0,0,0,1,1,3,8,11,22,2,0,1,6,0,0,0,5,8,2,3,5,5,50254,7395,0,0,0,0,57649,116227,0,0,0,0,0,0,0,0,41021,41021,78,1347,24464,25889,240787,6514,0,0,2472,0,0,0,477,16426,43347,689,4083,236,0,39399,0,116227,27839,5144,3822,240787,205,58,0,435,0,0,0,22997,395,752,249,25091,1,1.24307319386626
Seagoville Police Department,2016-12-01,Texas,16085,TX05722,4,1,0,0,0,0,5,9,0,0,0,0,0,0,0,0,0,0,3,2,9,14,2,0,0,5,0,0,0,1,6,0,4,4,3,698,32815,0,0,0,0,33514,109854,0,0,0,0,0,0,0,0,0,0,57,279,12214,12551,155919,1523,0,0,5846,0,0,0,51,5130,6475,612,3428,508,0,18816,0,109854,11690,1873,2664,155919,0,41,0,0,0,0,0,64595,10,0,0,64646,1,1.26955202032162
Seagoville Police Department,2016-11-01,Texas,16085,TX05722,4,1,0,1,0,0,6,5,0,0,0,0,0,0,0,0,0,0,3,1,5,9,1,0,0,4,1,0,0,2,1,0,3,3,2,571,31244,0,0,152,0,31967,22471,0,0,0,0,0,0,0,0,0,0,96,190,6564,6851,61289,631,0,0,4786,1270,0,0,96,67,11967,33,432,889,1523,3364,0,22471,9828,3228,7554,61289,185,0,0,0,0,0,0,115783,47,17,0,116032,1,1.26955202032162
Seagoville Police Department,2016-10-01,Texas,16085,TX05722,2,0,2,0,0,0,4,11,0,0,0,0,0,0,1,0,1,2,3,5,13,21,0,1,0,7,0,0,0,4,9,3,5,8,9,0,7705,2552,0,0,0,10257,94658,0,0,0,0,0,0,0,0,889,889,8,759,8900,9666,115470,0,762,0,746,0,0,0,1376,6782,463,696,2524,2158,331,959,0,94658,10018,1270,2393,115470,63,692,0,2539,331,0,0,90468,2190,0,0,96284,1,1.26955202032162
Seagoville Police Department,2016-09-01,Texas,16085,TX05722,3,0,0,1,2,3,9,9,0,0,0,0,0,0,1,0,1,2,4,5,18,27,6,1,0,6,0,0,0,4,10,0,4,4,6,0,4520,0,15387,0,7935,27841,105373,0,0,0,0,0,0,807,0,762,1569,56,505,38701,39262,174045,3415,63,0,7319,0,0,0,621,27844,635,152,5955,3656,7236,18953,0,105373,27210,4176,698,174045,0,0,0,762,0,0,0,39991,6367,0,0,47119,1,1.26955202032162
Seagoville Police Department,2016-08-01,Texas,16085,TX05722,3,1,0,0,3,4,11,7,0,0,0,0,0,0,0,0,0,0,3,5,8,16,2,0,0,5,0,0,0,4,5,2,3,5,4,1143,6275,0,13191,0,20097,40706,222172,0,0,0,0,0,0,0,0,0,0,128,746,18722,19597,282474,1549,0,0,2712,0,0,0,726,14610,2091,57,3350,0,1143,2539,0,222172,46322,2297,2504,282474,11,0,10,0,0,0,0,88869,1390,317,38,90636,1,1.26955202032162
Seagoville Police Department,2016-07-01,Texas,16085,TX05722,3,0,3,0,3,1,10,12,0,0,0,0,0,0,0,0,1,1,10,4,17,31,5,0,0,13,0,0,0,3,10,2,10,12,11,0,2920,3782,3952,0,2977,13631,137395,0,0,0,0,0,0,0,0,486,486,358,653,31594,32605,184117,4507,0,0,6640,0,0,0,423,21035,946,6,1956,0,330,2920,0,137395,35283,3147,2133,184117,25,0,0,444,0,635,0,135998,14210,1270,0,152582,1,1.26955202032162
Seagoville Police Department,2016-06-01,Texas,16085,TX05722,1,1,0,1,0,1,4,10,0,0,0,0,0,0,0,1,0,1,6,2,16,24,4,3,0,5,0,0,0,6,6,0,7,7,2,0,889,0,0,0,17774,18662,109816,0,0,0,0,0,0,0,0,0,0,151,170,19665,19987,148465,4824,2349,0,2387,0,0,0,518,9909,245,84,75,1714,0,25,0,109816,35871,381,254,148465,55,84,0,0,0,0,0,86203,355,0,0,86696,1,1.26955202032162
Seagoville Police Department,2016-05-01,Texas,16085,TX05722,2,0,1,1,2,0,6,5,0,0,0,0,0,0,0,1,0,1,4,3,14,21,2,0,1,4,1,0,0,5,8,1,5,6,2,0,2558,0,76,2539,0,5173,20948,0,0,0,0,0,0,0,1270,0,1270,88,292,31840,32220,59611,5154,0,0,3237,1777,0,0,1426,20625,102,90,2171,0,0,254,0,20948,31393,4634,19,59611,0,10,546,0,0,0,0,27105,171,2539,19,30391,1,1.26955202032162
Seagoville Police Department,2016-04-01,Texas,16085,TX05722,7,2,1,3,0,1,14,8,0,0,0,0,0,0,0,0,1,1,7,4,11,22,6,0,0,8,0,0,0,4,4,0,5,5,4,4266,23082,2285,0,2818,571,33022,58844,0,0,0,0,0,0,0,0,74,74,100,819,10559,11478,103418,3136,0,0,4206,0,0,0,517,3619,1730,531,1092,7966,63,3041,0,58844,15235,7730,7186,103418,11,124,0,317,0,0,0,85695,1655,2969,2599,93372,1,1.26955202032162
Seagoville Police Department,2016-03-01,Texas,16085,TX05722,1,0,1,1,1,1,5,10,0,0,0,0,0,0,1,0,1,2,4,8,25,37,10,0,0,13,0,0,0,3,11,0,6,6,4,0,597,634,127,2599,2031,5987,141825,0,0,0,0,0,0,34,0,256,291,67,1148,40934,42149,190253,5458,0,0,18304,0,0,0,255,18132,1058,160,161,0,0,542,0,141825,36608,1523,8375,190253,55,129,0,0,0,9,0,110087,1449,0,1904,113633,1,1.26955202032162
Seagoville Police Department,2016-02-01,Texas,16085,TX05722,2,1,0,0,3,3,9,5,0,0,0,0,0,0,0,0,0,0,7,4,13,24,4,0,0,7,0,0,0,7,6,1,3,4,10,734,3985,0,689,0,28599,34007,17393,0,0,0,0,0,0,0,0,0,0,202,443,70878,71523,122923,1460,0,0,7446,0,0,0,853,61764,381,100,871,0,88,0,0,17393,99548,0,4542,122923,0,77,0,0,0,0,0,24121,44753,0,0,68952,1,1.26955202032162
Seagoville Police Department,2016-01-01,Texas,16085,TX05722,3,2,0,1,1,3,10,6,0,0,0,1,0,0,1,0,0,2,3,2,25,30,8,0,0,8,0,0,0,4,10,0,5,5,5,903,6479,0,508,1333,7041,16263,91916,0,0,0,0,0,0,5597,0,0,5597,107,264,47985,48356,162132,10244,0,0,10867,0,0,0,3340,23904,533,2246,8521,571,0,3574,0,91916,44969,3896,5906,162132,0,30,0,0,0,0,0,104103,18331,0,0,122465,1,1.26955202032162
Seagoville Police Department,2015-12-01,Texas,15917,TX05722,4,0,1,0,0,5,10,8,0,0,1,0,0,0,0,0,0,1,9,5,18,32,6,0,0,9,0,0,0,7,10,1,5,6,8,0,9320,10027,0,0,24306,43654,63893,0,0,4488,0,0,0,0,0,0,4488,267,690,21304,22262,134297,2134,0,0,9335,0,0,0,1648,9146,1044,1390,9192,450,0,6081,0,63893,43488,827,7933,134297,424,48,0,0,0,0,0,49751,411,0,991,51626,1,1.28556847539769
Seagoville Police Department,2015-11-01,Texas,15917,TX05722,3,1,2,3,0,3,12,8,1,0,0,0,0,0,0,0,0,0,8,9,17,34,3,0,0,14,0,0,0,8,9,4,4,8,8,0,2314,450,0,103,114768,117635,57401,0,0,0,0,0,0,0,0,0,0,224,1121,35712,37057,212092,399,0,0,15508,0,0,0,715,20435,518,2050,3722,386,57577,16044,0,57401,44472,4151,25772,212092,105,68,0,0,23,0,0,50973,363,90,0,51622,1,1.28556847539769
Seagoville Police Department,2015-10-01,Texas,15917,TX05722,6,1,0,1,0,2,10,14,0,0,0,2,0,0,0,0,0,2,16,10,19,45,2,0,0,17,0,0,0,13,13,4,7,11,5,0,11161,0,0,3214,1517,15892,178307,0,0,0,825,0,0,0,0,0,825,413,1275,142869,144557,339582,26,0,0,12962,0,0,0,917,130652,237,462,116561,1736,51,27,0,178307,35555,1620,5027,339582,139,233,51,0,0,606,0,92945,442,81,39,94536,1,1.28556847539769
Seagoville Police Department,2015-09-01,Texas,15917,TX05722,7,0,3,1,1,3,15,9,1,0,0,0,0,0,0,0,0,0,6,4,17,27,2,0,0,9,0,0,0,5,11,1,5,6,5,0,10483,25255,1864,836,1928,40366,152854,0,0,0,0,0,0,0,0,0,0,208,420,48472,49101,242321,819,0,0,8122,0,0,0,1509,38651,1520,175,80,13216,51,29144,0,152854,36193,2417,6672,242321,22,111,0,0,0,0,0,105417,3048,643,0,109240,1,1.28556847539769
Seagoville Police Department,2015-08-01,Texas,15917,TX05722,1,0,2,0,1,0,4,10,0,0,0,0,0,0,0,0,0,0,7,8,17,32,5,1,1,7,0,0,0,8,10,4,4,8,1,0,19433,27106,1940,0,0,48479,149640,0,0,0,0,0,0,0,0,0,0,229,994,52585,53807,251926,3534,129,33,12235,0,0,0,616,37261,3709,280,7734,1350,8363,8883,0,149640,55822,3855,12290,251926,108,28,27,514,0,0,0,109916,5015,0,0,115609,1,1.28556847539769
Seagoville Police Department,2015-07-01,Texas,15917,TX05722,1,1,1,0,1,1,5,11,0,0,0,0,0,0,1,0,0,1,7,8,12,27,4,1,0,8,0,0,0,7,7,3,6,9,1,257,3471,257,2732,0,2121,8838,52708,0,0,0,0,0,0,33638,0,0,33638,163,962,40324,41449,136634,7071,63,0,6397,0,0,0,665,27254,157,195,0,0,303,579,0,52708,45518,34859,2314,136634,22,113,0,0,175,0,0,50266,2926,33638,0,87140,1,1.28556847539769
Seagoville Police Department,2015-06-01,Texas,15917,TX05722,4,0,2,1,0,3,10,10,0,0,0,0,0,0,0,1,0,1,9,7,18,34,4,1,2,14,0,0,0,4,9,0,7,7,5,0,11703,2443,0,2250,18744,35138,49880,0,0,0,0,0,0,0,900,0,900,179,1158,16023,17360,103279,2025,1028,186,5520,0,0,0,319,8282,180,739,6977,1414,2468,4880,0,49880,30634,1003,5104,103279,0,6,87,0,0,0,0,97703,390,0,0,98187,1,1.28556847539769
Seagoville Police Department,2015-05-01,Texas,15917,TX05722,2,0,1,0,0,1,4,9,0,0,0,0,0,0,0,0,0,0,7,10,16,33,7,2,0,4,0,0,0,9,11,2,2,4,7,0,270,0,0,0,1570,1840,128428,0,0,0,0,0,0,0,0,0,0,211,1513,11192,12916,143184,4307,418,0,2700,0,0,0,1115,4377,712,764,1570,0,424,0,0,128428,8972,2314,0,143184,307,261,1286,0,0,0,0,25583,307,0,0,27744,1,1.28556847539769
Seagoville Police Department,2015-04-01,Texas,15917,TX05722,3,0,0,0,1,1,5,7,0,0,0,0,0,0,0,0,0,0,4,9,11,24,2,0,0,4,0,0,0,4,14,1,3,4,4,0,13860,0,0,0,964,14824,147005,0,0,0,0,0,0,0,0,0,0,55,1072,8960,10088,171917,4114,0,0,1777,0,0,0,357,3840,602,143,180,616,1620,6852,0,147005,13578,360,962,171917,0,98,0,0,0,0,0,140384,1201,0,0,141683,1,1.28556847539769
Seagoville Police Department,2015-03-01,Texas,15917,TX05722,0,0,0,0,0,1,1,3,0,0,0,0,0,0,0,0,0,0,1,5,14,20,1,0,0,6,0,0,0,3,10,1,3,4,8,0,0,0,0,0,1286,1286,41836,0,0,0,0,0,0,0,0,0,0,58,630,50077,50765,93886,431,0,0,9972,0,0,0,328,40034,2533,0,1118,0,3857,404,0,41836,42407,1643,89,93886,0,0,0,0,0,82,0,17410,186,10,89,17778,1,1.28556847539769
Seagoville Police Department,2015-02-01,Texas,15917,TX05722,0,0,0,0,1,1,2,9,0,0,0,0,0,0,0,0,0,0,3,3,5,11,1,0,0,2,0,0,0,1,7,2,3,5,5,0,0,0,0,0,129,129,149852,0,0,0,0,0,0,0,0,0,0,6,674,12026,12707,162687,6,0,0,8748,0,0,0,539,3413,27,405,264,0,0,0,0,149852,10359,0,1781,162687,27,405,0,0,0,0,0,47180,107,0,0,47719,1,1.28556847539769
Seagoville Police Department,2015-01-01,Texas,15917,TX05722,2,1,0,0,1,1,5,6,0,0,0,0,0,0,1,0,0,1,5,6,8,19,4,0,0,1,0,0,0,9,5,2,5,7,2,306,10831,0,0,0,257,11394,50393,0,0,0,0,0,0,183,0,0,183,239,843,4948,6031,68000,2250,0,0,963,0,0,0,915,1903,7355,459,553,0,298,0,0,50393,2259,321,6362,68000,244,36,64,0,0,0,0,56564,26337,0,0,83246,1,1.28556847539769
Seagoville Police Department,2014-12-01,Texas,15660,TX05722,7,3,1,1,0,3,15,8,0,0,0,0,0,0,0,0,0,0,5,5,15,25,0,0,0,7,0,0,1,7,10,1,4,5,3,2658,15270,2034,0,8430,2574,30966,67572,0,0,0,0,0,0,0,0,0,0,138,660,295744,296542,395081,0,0,0,7285,0,0,2072,3318,283867,1143,2397,4793,1480,288,9221,0,67572,302719,1358,4110,395081,158,2422,0,0,329,5,0,124205,6058,0,313,133491,1,1.28709350845562
Seagoville Police Department,2014-11-01,Texas,15660,TX05722,1,1,0,0,0,0,2,12,0,0,0,1,0,0,1,1,1,4,2,7,27,36,6,0,1,16,0,0,0,4,9,2,8,10,9,274,2465,0,0,0,0,2739,93440,0,0,0,0,0,0,0,0,230,230,32,1000,26770,27803,124212,1866,0,193,18247,0,0,0,2502,4994,1577,1232,3147,0,530,0,0,93440,15870,5430,2986,124212,297,301,0,0,530,0,0,93440,959,1273,167,96968,1,1.28709350845562
Seagoville Police Department,2014-10-01,Texas,15660,TX05722,4,0,0,0,0,0,4,12,1,0,0,0,0,0,0,0,0,0,5,8,15,28,3,0,0,9,0,0,0,8,8,2,5,7,10,0,12433,0,0,0,0,12433,111384,0,0,0,0,0,0,0,0,0,0,84,965,16346,17395,141212,1480,0,0,4486,0,0,0,1416,10014,1900,1053,1583,1416,0,4247,0,111384,14041,2888,2700,141212,1115,108,0,0,0,322,0,86543,212,24,255,88579,1,1.28709350845562
Seagoville Police Department,2014-09-01,Texas,15660,TX05722,5,0,0,0,1,3,9,7,0,0,0,0,0,0,0,1,1,2,10,12,16,38,1,1,0,7,0,0,0,14,15,2,6,8,4,0,25752,0,526,0,2793,29072,83082,0,0,0,0,0,0,0,0,207,207,227,1525,34506,36257,148618,257,257,0,4797,0,0,0,2996,27949,1799,487,431,0,354,16162,0,83082,33059,4205,9039,148618,525,152,257,0,0,322,0,83725,427,1335,1445,88189,1,1.28709350845562
Seagoville Police Department,2014-08-01,Texas,15660,TX05722,0,0,0,0,1,0,1,6,0,0,0,1,0,0,0,0,0,1,7,6,21,34,1,0,0,6,2,0,0,11,14,0,5,5,6,0,0,0,898,0,0,898,57211,0,0,0,901,0,0,0,0,0,901,214,886,53420,54519,113529,1287,0,0,22340,1866,0,0,1497,27528,738,795,6242,579,515,7465,0,57211,37519,2227,238,113529,712,49,0,129,0,0,0,51484,3579,1133,142,57227,1,1.28709350845562
Seagoville Police Department,2014-07-01,Texas,15660,TX05722,2,0,1,1,3,2,9,15,0,0,0,0,0,0,0,0,0,0,12,13,28,53,4,0,1,12,0,0,0,14,22,4,11,15,11,0,12620,2703,2767,0,901,18991,250597,0,0,0,0,0,0,0,0,0,0,223,1659,52095,53977,323565,1461,0,1416,10142,0,0,0,947,40011,922,12,4062,644,5083,12620,0,242875,53888,0,3461,323565,487,4,0,0,3089,0,0,248795,9902,0,1389,263665,1,1.28709350845562
Seagoville Police Department,2014-06-01,Texas,15660,TX05722,3,2,2,0,3,0,10,10,0,0,0,0,0,0,0,0,0,0,7,8,25,40,10,0,0,8,0,0,0,7,15,3,4,7,10,6608,7652,1622,3192,0,0,19073,175045,0,0,0,0,0,0,0,0,0,0,165,922,43473,44559,238677,20829,0,0,5139,0,0,0,626,17965,1185,163,816,5535,4029,951,0,175045,41604,4730,4619,238677,257,161,18,0,49,0,0,119056,242,0,13,119796,1,1.28709350845562
Seagoville Police Department,2014-05-01,Texas,15660,TX05722,2,1,1,2,2,1,9,6,0,0,0,0,0,0,0,0,0,0,11,6,11,28,4,2,0,5,0,0,0,10,7,1,6,7,5,1673,4402,644,2716,2265,193,11893,63660,0,0,0,0,0,0,0,0,0,0,310,896,48863,50069,125622,2561,631,0,3771,0,0,0,494,42612,140,300,366,0,49,3406,0,63660,53647,515,3540,125622,24,327,0,0,0,59,0,71434,3703,515,0,76062,1,1.28709350845562
Seagoville Police Department,2014-04-01,Texas,15660,TX05722,0,1,0,0,1,1,3,9,0,0,0,0,0,0,0,0,0,0,6,3,12,21,3,0,0,5,0,0,0,8,5,2,3,5,2,129,0,0,386,0,0,515,111334,0,0,0,0,0,0,0,0,0,0,187,309,32784,33279,145128,2754,0,0,17909,0,0,0,942,11674,874,305,77,1931,19,0,0,111334,25930,3062,1596,145128,230,42,0,901,19,0,0,89324,108,0,0,90626,1,1.28709350845562
Seagoville Police Department,2014-03-01,Texas,15660,TX05722,1,0,1,0,0,2,4,8,0,0,1,0,0,0,0,0,0,1,13,5,15,33,1,1,0,3,0,0,0,17,11,1,4,5,3,0,2574,808,0,0,463,3846,55345,0,0,5975,0,0,0,0,0,0,5975,314,916,17927,19157,84323,901,193,0,5417,0,0,0,2187,10459,205,176,5975,425,1296,5,0,55345,12659,3442,4796,84323,237,166,0,0,9,5,0,21881,10392,332,0,33022,1,1.28709350845562
Seagoville Police Department,2014-02-01,Texas,15660,TX05722,1,0,2,1,0,0,4,4,0,0,0,0,0,0,0,0,0,0,3,4,12,19,1,0,0,0,1,0,0,4,13,0,3,3,2,0,36462,1377,0,2445,0,40285,24455,0,0,0,0,0,0,0,0,0,0,23,557,12940,13521,78260,1545,0,0,0,450,0,0,458,11068,60,15,167,579,0,15992,0,24455,30351,5482,1158,78260,60,15,0,0,0,1384,0,12871,8169,1931,0,24430,1,1.28709350845562
Seagoville Police Department,2014-01-01,Texas,15660,TX05722,1,2,1,0,2,2,8,3,0,0,0,0,0,0,0,1,0,1,4,8,20,32,3,1,0,7,0,0,0,10,11,0,7,7,4,1257,4061,8494,51849,0,6281,71942,36039,0,0,0,0,0,0,0,58,0,58,76,734,36004,36813,144852,946,116,0,21890,0,0,0,1122,12740,136,133,64,6481,0,1933,0,36039,82786,11563,5717,144852,66,102,0,0,0,4,0,90354,3655,1735,0,95915,1,1.28709350845562
Seagoville Police Department,2013-12-01,Texas,15652,TX05722,4,1,2,1,1,5,14,13,0,0,0,0,0,0,0,0,0,0,4,5,16,25,1,0,0,7,0,0,0,6,11,1,7,8,11,0,11985,14388,6713,3754,24047,60886,110655,0,0,0,0,0,0,0,0,0,0,65,814,26297,27176,198716,1046,0,0,1534,0,0,0,1507,23088,781,778,2407,131,14256,6409,0,110655,42114,4853,16334,198716,75,218,0,0,0,153,0,90250,842,0,246,91784,1,1.30797303509051
Seagoville Police Department,2013-11-01,Texas,15652,TX05722,4,0,1,0,0,4,9,2,0,0,0,0,0,0,0,0,0,0,7,9,17,33,3,0,0,8,0,0,0,7,15,0,3,3,3,0,10871,1369,0,0,12413,24653,7194,0,0,0,0,0,0,0,0,0,0,194,1279,81144,82617,114463,354,0,0,523,0,0,0,844,80896,157,94,24841,0,2093,4625,0,7194,69486,1635,4339,114463,183,0,0,0,0,145,0,38585,1079,0,1171,41163,1,1.30797303509051
Seagoville Police Department,2013-10-01,Texas,15652,TX05722,2,0,0,0,1,2,5,4,0,0,0,0,0,0,0,0,1,1,1,15,10,26,1,0,0,6,0,0,0,9,10,1,3,4,3,0,11170,0,262,0,1308,12740,86588,0,0,0,0,0,0,0,0,1659,1659,18,1367,20156,21541,122527,654,0,0,1485,0,0,0,2088,17315,1848,404,685,0,52,31,0,86588,23697,2982,6239,122527,985,404,0,0,0,358,0,83710,641,0,157,86256,1,1.30797303509051
Seagoville Police Department,2013-09-01,Texas,15652,TX05722,2,0,0,0,1,4,7,3,0,0,0,0,0,0,0,0,0,0,7,6,21,34,4,0,0,9,0,0,0,7,14,0,1,1,1,0,589,0,3109,0,13832,17529,137337,0,0,0,0,0,0,0,0,0,0,177,973,44509,45659,200525,3532,0,0,10193,0,0,0,1074,30860,3205,408,353,785,262,3532,0,137337,52358,0,2286,200525,46,297,0,785,0,0,0,130797,2670,0,521,135115,1,1.30797303509051
Seagoville Police Department,2013-08-01,Texas,15652,TX05722,1,0,0,1,1,7,10,5,0,0,0,0,0,0,0,0,0,0,7,7,26,40,5,0,0,10,0,0,0,6,19,0,7,7,6,0,25059,0,1570,922,24485,52036,24067,0,0,0,0,0,0,0,0,0,0,112,861,40386,41359,117463,2197,0,0,3670,0,0,0,1063,34428,1635,89,1919,0,6867,15323,0,24067,59133,1764,6665,117463,0,86,0,785,0,0,0,41201,13412,0,1732,57216,1,1.30797303509051
Seagoville Police Department,2013-07-01,Texas,15652,TX05722,5,0,1,1,3,1,11,7,0,0,0,0,0,0,0,0,0,0,8,3,15,26,1,0,0,3,1,0,0,5,16,3,2,5,5,0,12126,1099,200,392,10464,24281,278860,0,0,0,0,0,0,0,0,0,0,221,425,42501,43147,346288,98,0,0,360,305,0,0,156,42229,255,12,5289,4840,2354,262,0,278860,47948,4701,1768,346288,0,12,0,0,0,0,0,305790,1284,0,0,307086,1,1.30797303509051
Seagoville Police Department,2013-06-01,Texas,15652,TX05722,9,0,0,0,9,5,23,6,0,0,0,0,0,0,0,0,0,0,5,6,27,38,8,1,0,9,1,0,0,7,12,0,5,5,5,0,44973,0,11373,0,10125,66471,93651,0,0,0,0,0,0,0,0,0,0,245,1469,46761,48475,208597,8986,124,0,6142,849,0,0,1507,30867,1897,5790,5605,883,1589,17218,0,93651,62940,9424,9601,208597,0,59,0,0,20,0,0,100060,4200,1040,654,106032,1,1.30797303509051
Seagoville Police Department,2013-05-01,Texas,15652,TX05722,6,3,2,0,6,2,19,4,0,0,0,0,0,0,0,0,0,0,6,7,20,33,1,1,1,8,0,0,0,10,12,1,3,4,0,35812,3491,35930,18058,0,497,93788,17004,0,0,0,0,0,0,0,0,0,0,143,1031,30293,31466,142258,392,209,0,3368,0,0,0,969,26527,4204,8184,10353,10228,1177,38252,0,17004,38290,9073,5493,142258,222,532,0,0,0,0,0,22890,793,0,0,24437,1,1.30797303509051
Seagoville Police Department,2013-04-01,Texas,15652,TX05722,3,0,1,0,0,2,6,6,0,0,0,0,0,0,0,1,0,1,11,16,25,52,2,2,2,9,0,0,0,19,18,1,6,7,1,0,4891,841,0,0,0,5732,121903,0,0,0,0,0,0,0,360,0,360,381,2565,23987,26932,154927,353,523,179,6907,0,0,0,3830,15140,3151,1087,795,981,627,1504,0,121903,19315,1700,3864,154927,400,628,252,458,0,0,0,113532,11050,0,456,126777,1,1.30797303509051
Seagoville Police Department,2013-03-01,Texas,15652,TX05722,5,0,1,0,0,5,11,10,0,0,0,1,0,0,0,0,0,1,9,7,19,35,2,0,1,9,0,0,0,13,10,1,4,5,7,0,10180,262,0,0,15846,26288,129829,0,0,0,0,0,0,0,0,0,0,362,1086,24517,25965,182082,523,0,0,8187,0,0,0,1605,15650,306,135,5373,262,4199,3016,0,129829,29347,4142,5473,182082,31,69,0,0,275,13,0,36309,1056,0,0,37753,1,1.30797303509051
Seagoville Police Department,2013-02-01,Texas,15652,TX05722,3,0,0,0,4,2,9,8,0,0,0,0,0,0,0,0,0,0,3,5,19,27,0,0,0,12,0,0,0,5,10,4,4,8,4,0,26909,0,10129,0,2613,39651,68669,0,0,0,0,0,0,0,0,0,0,54,705,88134,88892,197212,0,0,0,61367,0,0,0,946,26579,641,1736,17,1823,259,9254,0,68669,49215,60041,5558,197212,327,26,0,0,0,6828,0,67099,3670,576,203,78728,1,1.30797303509051
Seagoville Police Department,2013-01-01,Texas,15652,TX05722,5,1,4,0,1,4,15,5,0,0,0,0,0,0,1,0,0,1,5,9,21,35,2,0,0,5,1,0,0,7,20,1,3,4,2,314,7573,6011,0,0,9221,23120,51273,0,0,0,0,0,0,233,0,0,233,85,1133,57331,58549,133174,876,0,0,3239,233,0,0,540,53661,103,487,1138,2289,9531,1570,0,51273,56965,3454,6365,133174,24,396,0,131,10,0,0,29691,568,445,115,31380,1,1.30797303509051
Seagoville Police Department,2012-12-01,Texas,15320,TX05722,1,0,1,1,2,0,5,5,0,0,0,0,0,0,0,0,1,1,8,12,18,38,7,0,0,9,0,0,0,12,10,0,5,5,4,0,292,796,6768,796,0,8653,34505,0,0,0,0,0,0,0,0,0,0,242,1366,45140,46747,89905,2210,0,0,5460,0,0,0,1660,37417,1314,409,12085,0,0,1623,0,34505,34277,2560,3132,89905,212,273,690,0,0,0,0,22030,16779,0,0,39985,1,1.32713265123532
Seagoville Police Department,2012-11-01,Texas,15320,TX05722,8,2,1,1,0,2,14,6,0,0,0,0,0,0,0,0,0,0,7,7,28,42,6,0,0,12,0,0,0,9,15,2,3,5,3,8527,21388,2474,0,1692,8096,42176,78944,0,0,0,0,0,0,0,0,0,0,88,879,68471,69437,190558,3019,0,0,9632,0,0,0,1202,55583,2080,341,8604,1817,398,10085,0,71599,83579,7149,4906,190558,461,192,131,0,0,763,0,12210,4678,928,2502,21865,1,1.32713265123532
Seagoville Police Department,2012-10-01,Texas,15320,TX05722,8,1,0,1,5,5,20,14,0,0,0,0,0,0,0,0,2,2,8,12,22,42,5,1,0,11,0,0,0,15,10,5,5,10,6,863,17784,0,8949,3849,7266,38710,103008,0,0,0,0,0,0,0,0,299,299,276,1408,40424,42109,184125,518,199,0,16868,0,0,0,4264,20260,478,545,16123,557,3023,6986,0,92023,52752,8056,3581,184125,259,240,1,398,24,19,0,78323,1102,392,106,80864,1,1.32713265123532
Seagoville Police Department,2012-09-01,Texas,15320,TX05722,3,0,0,0,1,3,7,5,2,0,0,0,0,1,0,0,0,1,4,8,18,30,5,1,1,4,0,0,0,5,14,0,5,5,1,0,3011,0,1991,0,8652,13654,11121,0,0,0,0,0,0,0,0,0,0,191,1363,37046,38600,63375,1232,208,630,4739,0,0,0,1111,30679,276,507,1447,0,478,929,0,11121,28746,18093,1778,63375,269,227,0,0,478,0,0,13006,402,6921,0,21303,1,1.32713265123532
Seagoville Police Department,2012-08-01,Texas,15320,TX05722,0,1,0,1,0,2,4,9,0,0,0,0,0,0,0,0,0,0,9,12,20,41,5,1,0,9,0,0,0,18,8,1,3,4,6,265,0,0,0,2933,6675,9874,57730,0,0,0,0,0,0,0,0,0,0,585,2901,28801,32288,99892,2714,53,0,6382,0,0,0,6880,16259,1520,2960,11274,796,613,137,0,38487,42309,0,1797,99892,1173,1185,0,0,1301,183,0,34505,2532,0,365,41245,1,1.32713265123532
Seagoville Police Department,2012-07-01,Texas,15320,TX05722,2,2,2,0,2,2,10,11,0,0,0,0,0,0,1,0,0,1,8,15,27,50,10,0,0,14,0,0,0,17,9,0,7,7,3,2157,711,2522,18613,0,11577,35579,210351,0,0,0,0,0,0,319,0,0,319,520,3159,43075,46754,293002,16805,0,0,10004,0,0,0,3750,16194,1082,18897,265,0,1026,2699,0,136031,116857,12828,3317,293002,1577,18728,0,0,97,45,0,78434,15371,1900,506,116658,1,1.32713265123532
Seagoville Police Department,2012-06-01,Texas,15320,TX05722,0,1,1,1,2,0,5,7,0,0,0,0,0,0,0,0,0,0,11,7,18,36,4,0,0,15,0,0,0,11,6,2,2,4,4,1526,0,265,398,929,0,3119,121552,0,0,0,0,0,0,0,0,0,0,715,1849,94181,96745,221416,8096,0,0,22624,0,0,0,2253,63773,248,171,1646,0,906,0,60119,104843,44460,1723,7299,221416,16,186,0,0,0,0,0,30524,610,0,2389,33725,1,1.32713265123532
Seagoville Police Department,2012-05-01,Texas,15320,TX05722,4,0,2,2,4,4,16,9,0,0,0,0,0,0,0,0,0,0,6,7,25,38,3,1,0,9,0,0,0,8,17,1,5,6,4,0,5420,3119,20444,239,8925,38147,56337,0,0,0,0,0,0,0,0,0,0,211,1858,82910,84979,179463,1175,636,0,16130,0,0,0,1417,65621,1482,0,186,3052,1460,2654,0,56337,79592,26709,7991,179463,62,0,0,0,0,0,0,32515,62726,0,857,96160,1,1.32713265123532
Seagoville Police Department,2012-04-01,Texas,15320,TX05722,3,0,0,0,3,2,8,3,0,0,0,0,0,0,0,0,0,0,9,6,17,32,5,0,0,9,0,0,0,14,4,1,3,4,5,0,19231,0,6111,0,7896,33239,29860,0,0,0,0,0,0,0,0,0,0,182,898,34577,35657,98757,5727,0,0,23902,0,0,0,2454,3575,5128,975,690,991,0,6901,0,29860,48046,2721,3444,98757,1001,253,0,0,0,0,0,13669,13101,13,33,28072,1,1.32713265123532
Seagoville Police Department,2012-03-01,Texas,15320,TX05722,3,0,0,0,2,5,10,7,0,0,0,0,0,0,0,0,0,0,2,2,22,26,2,0,0,11,0,0,0,7,6,1,4,5,2,0,4747,0,1331,0,10776,16855,67870,0,0,0,0,0,0,0,0,0,0,130,264,32135,32529,117253,5574,0,0,7851,0,0,0,2382,16722,636,317,5455,0,0,326,0,66887,37303,1293,5036,117253,247,145,0,0,0,21,0,33975,1898,0,824,37109,1,1.32713265123532
Seagoville Police Department,2012-02-01,Texas,15320,TX05722,1,1,1,0,1,1,5,4,0,0,0,0,0,0,0,0,0,0,4,4,10,18,1,0,0,6,1,0,0,6,4,0,2,2,1,0,664,796,398,0,0,1858,55576,0,0,0,0,0,0,0,0,0,0,206,297,14500,15003,72438,531,0,0,5316,398,0,0,657,8101,427,0,664,0,0,368,1460,55178,13458,0,883,72438,29,0,0,0,0,0,0,41111,210,0,0,41349,1,1.32713265123532
Seagoville Police Department,2012-01-01,Texas,15320,TX05722,2,2,1,1,0,4,10,6,0,0,0,0,0,0,0,0,1,1,7,14,21,42,3,0,0,13,0,0,1,13,12,1,3,4,3,1725,4280,332,0,3019,61048,70404,49369,0,0,0,0,0,0,0,0,1194,1194,260,1602,87783,89645,210613,12667,0,0,13117,0,0,0,1712,62148,2401,1099,2588,196,14731,13,0,49701,133207,1102,5575,210613,203,248,0,0,0,0,0,3583,5043,40,134,9251,1,1.32713265123532
Seagoville Police Department,2011-12-01,Texas,15147,TX05722,4,2,0,1,4,6,17,2,0,0,0,0,0,0,0,0,0,0,5,10,20,35,3,0,0,7,0,0,0,17,8,0,2,2,5,4132,12660,0,6381,203,28447,51823,162958,0,0,0,0,0,0,0,0,0,0,152,1214,40977,42342,257123,1995,0,0,5926,0,0,0,9447,24973,1711,3657,0,135,1084,17637,0,129093,84657,7770,11379,257123,207,1181,0,0,0,33,0,128687,1011,27,6650,137795,1,1.35459550174677
Seagoville Police Department,2011-11-01,Texas,15147,TX05722,5,1,0,0,0,2,8,5,0,0,0,0,0,0,1,0,0,1,14,7,15,36,2,0,2,7,0,0,0,16,9,1,4,5,5,677,17481,0,0,0,23164,41322,56893,0,0,0,0,0,0,35293,0,0,35293,531,851,24228,25610,159118,6502,0,244,3041,0,0,0,1223,14600,1730,469,108,0,16357,7951,0,57435,64719,4524,5825,159118,433,459,0,0,0,0,0,44702,34157,0,135,79887,1,1.35459550174677
Seagoville Police Department,2011-10-01,Texas,15147,TX05722,2,1,1,0,3,5,12,5,0,0,0,0,0,0,2,0,0,2,7,8,13,28,0,0,0,11,0,0,0,9,8,1,2,3,3,4294,1172,20468,11135,0,42494,79562,145726,0,0,0,0,0,0,3657,0,0,3657,183,1078,9493,10754,239700,0,0,0,4317,0,0,0,2292,4145,4068,4997,4226,2506,4809,20542,0,98073,91372,3488,5619,239700,234,81,0,0,0,0,0,39283,47764,34,34,87431,1,1.35459550174677
Seagoville Police Department,2011-09-01,Texas,15147,TX05722,3,3,0,0,3,3,12,4,0,0,0,0,0,0,0,0,0,0,4,4,19,27,1,0,0,9,0,0,0,4,13,0,3,3,1,2728,5432,0,2018,0,3545,13723,33459,0,0,0,0,0,0,0,0,0,0,119,428,81582,82129,129311,163,0,0,7258,0,0,0,160,74549,276,496,2835,0,6678,237,0,33459,76146,2641,6543,129311,232,15,163,0,0,0,0,26686,23741,271,68,51174,1,1.35459550174677
Seagoville Police Department,2011-08-01,Texas,15147,TX05722,4,2,2,2,2,4,16,4,0,0,0,0,0,0,0,0,1,1,2,6,18,26,0,0,0,8,0,0,0,8,10,2,2,4,2,20416,16471,6773,1120,169,1829,46778,42263,0,0,0,0,0,0,0,0,0,0,70,638,37331,38040,127081,0,0,0,14165,0,0,0,3786,20089,2613,1113,741,677,15077,18330,0,42263,30974,6502,8790,127081,202,81,0,1084,0,0,0,17068,1636,1001,0,21072,1,1.35459550174677
Seagoville Police Department,2011-07-01,Texas,15147,TX05722,1,0,3,0,1,2,7,3,0,0,1,0,0,0,0,0,0,1,2,7,22,31,1,0,0,6,0,0,0,6,18,0,2,2,0,0,6243,3228,1863,0,723,12057,117173,0,0,16391,0,0,0,0,0,0,16391,37,1258,77807,79102,224722,2032,0,0,2425,0,0,0,2621,72024,1424,191,16391,271,25148,2050,0,83308,85161,6437,4343,224722,141,65,0,0,237,153,0,83308,2041,0,1451,87396,1,1.35459550174677
Seagoville Police Department,2011-06-01,Texas,15147,TX05722,3,0,2,1,2,5,13,2,1,0,0,0,0,0,1,0,0,1,0,7,11,18,2,0,0,6,0,0,0,3,7,0,1,1,1,0,13173,6311,3915,2121,9076,34596,6773,0,0,0,0,0,0,1207,0,0,1207,0,782,29993,30775,73351,569,0,0,13973,0,0,0,205,16029,1344,39,5795,1775,15369,6143,0,6773,25819,4606,5689,73351,70,39,0,0,0,0,0,2709,230,0,0,3049,1,1.35459550174677
Seagoville Police Department,2011-05-01,Texas,15147,TX05722,2,1,2,2,1,2,10,6,0,1,0,0,0,0,0,0,1,1,0,5,18,23,0,2,0,4,0,0,0,2,15,0,7,7,3,3210,17602,5087,6100,271,2708,34977,93016,0,542,0,0,0,0,0,0,381,381,0,630,51498,52128,181043,0,339,0,4481,0,0,0,1394,45914,3943,0,577,339,14074,4104,0,77618,52436,13867,14084,181043,0,0,0,0,0,0,0,92248,9214,948,9414,111825,1,1.35459550174677
Seagoville Police Department,2011-04-01,Texas,15147,TX05722,3,0,4,1,3,5,16,8,0,1,0,0,0,0,0,0,0,0,0,7,17,24,1,0,0,7,0,0,0,2,14,1,2,3,2,0,8358,6434,5437,0,10207,30436,86863,0,0,0,0,0,0,0,0,0,0,0,1015,33654,34668,151968,102,0,0,6341,0,0,0,317,27909,68,240,969,2777,3386,0,0,87270,42495,5756,9008,151968,0,213,0,0,0,0,0,52829,578,0,0,53620,1,1.35459550174677
Seagoville Police Department,2011-03-01,Texas,15147,TX05722,4,0,3,0,0,2,9,10,0,0,0,0,0,0,0,0,0,0,2,7,20,29,3,0,0,7,0,0,1,4,14,0,6,6,2,0,10081,2912,0,0,10092,23085,224186,0,0,0,0,0,0,0,0,0,0,20,963,61045,62028,309299,5692,0,0,5364,0,0,20,7488,43464,1127,416,4768,203,6773,1964,0,206576,82708,0,4764,309299,0,340,0,0,0,0,0,134105,17879,0,93,152418,1,1.35459550174677
Seagoville Police Department,2011-02-01,Texas,15147,TX05722,6,0,1,2,2,1,12,2,0,0,0,0,0,0,0,0,0,0,2,5,15,22,3,0,0,5,0,0,0,3,11,1,1,2,3,0,32283,1388,15144,6367,4050,59232,71794,0,0,0,0,0,0,0,0,0,0,43,962,56705,57710,188736,1558,0,0,35192,0,0,0,1417,19543,1775,410,3997,3116,12571,19321,5418,72471,32405,11266,25987,188736,0,261,192,0,0,0,0,7450,290,1002,677,9874,1,1.35459550174677
Seagoville Police Department,2011-01-01,Texas,15147,TX05722,7,0,2,0,1,4,14,4,0,0,0,1,0,0,0,0,0,1,2,0,12,14,1,0,0,4,0,0,0,1,8,0,0,0,0,0,73044,5486,5100,0,17067,100697,15578,0,0,0,49,0,0,0,0,0,49,49,0,19810,19858,136182,677,0,0,5085,0,0,0,27,14069,271,509,1036,6908,7721,25231,0,18287,28904,6173,41140,136182,0,27,0,0,0,0,0,0,650,0,14,691,1,1.35459550174677
Seagoville Police Department,2010-12-01,Texas,14835,TX05722,6,0,0,0,2,0,8,5,0,0,0,0,0,0,0,0,0,0,0,9,14,23,1,2,0,5,0,0,0,2,13,1,2,3,0,0,43688,0,6148,0,0,49837,70811,0,0,0,0,0,0,0,0,0,0,0,1023,61487,62509,183157,314,391,0,10240,0,0,0,218,51346,671,256,4360,7755,0,31832,0,46392,84757,2948,4186,183157,140,183,0,0,0,2655,0,30162,23217,0,0,56357,1,1.3973579356326
Seagoville Police Department,2010-11-01,Texas,14835,TX05722,9,3,0,0,1,4,17,2,0,0,0,0,0,0,0,0,0,0,4,6,11,21,3,0,0,3,1,0,0,3,11,1,2,3,2,1761,18241,0,3773,0,2145,25920,25152,0,0,0,0,0,0,0,0,0,0,66,778,14203,15047,66119,3605,0,0,1677,419,0,0,203,9143,454,21,2891,1677,0,7804,0,25152,20719,3866,3534,66119,0,21,0,0,0,0,0,10480,5852,1736,419,18508,1,1.3973579356326
Seagoville Police Department,2010-10-01,Texas,14835,TX05722,3,1,2,0,2,5,13,10,0,0,0,0,0,0,0,0,0,0,5,5,17,27,1,0,0,12,0,0,0,1,13,2,4,6,4,70,18391,6351,16276,0,12297,53385,76296,0,0,0,0,0,0,0,0,0,0,272,852,38904,40029,169709,0,0,0,13781,0,0,0,429,25819,668,112,6907,629,11319,9798,0,81745,43191,3074,12266,169709,0,0,0,0,0,0,0,49606,5799,0,0,55405,1,1.3973579356326
Seagoville Police Department,2010-09-01,Texas,14835,TX05722,5,1,3,1,1,1,12,3,0,0,0,0,0,0,0,0,0,0,2,2,14,18,3,0,1,3,0,0,0,1,10,1,2,3,5,279,28137,16810,5352,655,629,51863,23755,0,0,0,0,0,0,0,0,0,0,137,328,33767,34232,109850,7755,0,419,5209,0,0,0,838,20010,1562,1034,1544,1198,3214,5890,0,24943,39885,8001,22580,109850,0,0,0,0,0,0,0,29345,8444,0,279,38068,1,1.3973579356326
Seagoville Police Department,2010-08-01,Texas,14835,TX05722,4,1,5,1,2,2,15,3,0,0,0,0,0,0,0,0,0,0,1,2,14,17,2,0,0,4,1,0,0,0,10,0,3,3,6,3773,15325,23933,3116,2124,2595,50865,43318,0,0,0,0,0,0,0,0,0,0,56,323,36486,36865,131048,994,0,0,12604,732,0,0,0,22535,224,439,1406,0,8384,28201,0,41641,24250,7665,18839,131048,0,0,0,0,0,0,0,46811,0,0,0,46811,1,1.3973579356326
Seagoville Police Department,2010-07-01,Texas,14835,TX05722,4,2,1,1,4,3,15,8,0,0,0,0,0,0,0,1,0,1,5,14,30,49,6,2,0,12,0,0,0,9,20,2,4,6,2,14050,59157,7040,16072,3540,2641,102500,138009,0,0,0,0,0,0,0,265,0,265,231,3913,64429,68573,309347,16000,2376,0,11502,0,0,0,1020,37676,2079,2272,1594,2806,3277,50554,0,149496,78228,1258,17783,309347,383,66,6,0,0,18,0,35213,9840,0,0,45526,1,1.3973579356326
Seagoville Police Department,2010-06-01,Texas,14835,TX05722,2,1,1,0,2,5,11,0,0,0,0,0,0,0,0,0,0,0,6,12,24,42,3,1,0,7,0,0,0,12,19,0,0,0,0,21240,19761,1160,6288,0,10718,59167,0,0,0,0,0,0,0,0,0,0,0,272,1443,54192,55908,115075,4611,112,0,12321,0,0,0,3301,35564,6099,644,6204,140,7994,7789,0,5589,72306,5405,2904,115075,148,186,0,0,379,1646,0,0,5237,699,1221,9516,1,1.3973579356326
Seagoville Police Department,2010-05-01,Texas,14835,TX05722,6,2,2,0,4,2,16,3,0,0,0,0,0,0,0,0,1,1,5,5,17,27,2,1,0,6,0,0,0,7,11,1,1,2,4,3773,20874,21296,4192,0,2542,52676,26899,0,0,0,0,0,0,0,0,489,489,105,560,25095,25760,105825,1452,196,0,10809,0,0,0,703,12601,314,510,11074,0,0,14281,0,26899,29370,6699,16677,105825,0,510,1,457,0,70,0,27248,1713,1202,0,31202,1,1.3973579356326
Seagoville Police Department,2010-04-01,Texas,14835,TX05722,11,0,2,0,0,4,17,4,0,0,0,0,0,0,0,0,1,1,5,9,12,26,4,0,1,9,0,0,0,4,8,6,2,8,4,0,29512,3424,0,0,4891,37826,50102,0,0,0,0,0,0,0,0,8803,8803,170,1288,38854,40312,137044,3913,0,140,12101,0,0,0,330,23829,119,604,1118,4541,978,14868,0,43115,51895,6568,13239,137044,56,179,0,2096,0,8803,0,62678,4903,0,27,78743,1,1.3973579356326
Seagoville Police Department,2010-03-01,Texas,14835,TX05722,6,0,0,2,2,2,12,1,0,0,0,0,0,0,0,0,0,0,8,6,7,21,3,0,0,6,1,0,0,8,3,1,0,1,2,0,9881,0,3263,4899,890,18933,34934,0,0,0,0,0,0,0,0,0,0,194,693,8103,8991,62857,2060,0,0,3556,0,0,0,843,2532,151,4773,279,0,296,1397,0,34934,13232,105,7690,62857,151,154,0,0,0,699,0,34934,4506,0,2194,42638,1,1.3973579356326
Seagoville Police Department,2010-02-01,Texas,14835,TX05722,7,0,2,0,1,0,10,7,0,0,0,0,0,0,0,0,0,0,7,5,10,22,2,0,0,4,0,0,0,7,9,0,7,7,7,0,33416,2709,1940,0,0,38065,298336,0,0,0,0,0,0,0,0,0,0,203,669,12294,13166,349567,1397,0,0,5869,0,0,0,563,5337,117,35,2595,1213,558,9502,0,263402,59755,4416,7975,349567,117,35,0,0,0,0,0,354230,511,3214,184,358292,1,1.3973579356326
Seagoville Police Department,2010-01-01,Texas,14835,TX05722,10,0,0,0,1,1,12,8,0,0,0,0,0,0,0,1,1,2,7,10,17,34,6,1,0,7,0,0,0,12,8,2,7,9,6,0,64565,0,331,0,70,64966,293795,0,0,0,0,0,0,0,0,559,559,189,1178,30031,31397,390717,14952,279,0,1952,0,0,0,1543,12671,2329,1142,18727,699,168,18178,0,293319,39823,6793,9538,390717,205,112,0,0,0,34,0,233233,461,0,619,234664,1,1.3973579356326
Seagoville Police Department,2009-12-01,Texas,12133,TX05722,9,0,1,0,3,3,16,2,0,0,0,0,0,0,0,1,1,2,12,13,19,44,0,1,0,15,1,0,0,17,10,0,1,1,4,0,24973,959,3948,0,1846,31726,4971,0,0,0,0,0,0,0,20,38347,38367,408,1804,32644,34855,109919,0,128,0,11912,312,0,0,2983,19520,2022,504,1028,355,0,8181,0,43318,45639,2801,6070,109919,598,398,0,0,0,750,0,40762,4775,105,0,47387,1,1.42027521282265
Seagoville Police Department,2009-11-01,Texas,12133,TX05722,1,0,1,2,2,2,8,1,0,0,0,0,0,0,0,1,1,2,9,6,16,31,1,0,0,10,0,0,0,14,6,0,0,0,0,0,14869,2841,7101,9871,3475,38157,3409,0,0,0,0,0,0,0,0,4261,4261,274,717,27937,28928,74755,2218,0,0,3849,0,0,0,3456,19405,1339,628,4261,0,8314,4279,0,12640,29163,0,14130,74755,1348,641,0,0,6,18,0,0,1707,0,71,3791,1,1.42027521282265
Seagoville Police Department,2009-10-01,Texas,12133,TX05722,1,0,0,0,2,1,4,6,0,0,0,0,0,0,0,0,0,0,18,14,24,56,1,1,1,13,1,0,0,21,18,0,7,7,5,0,3323,0,625,0,994,4943,372836,0,0,0,0,0,0,0,0,0,0,631,1724,37693,40048,417827,21,85,108,24561,0,0,0,1484,13788,2312,942,108,1136,2677,1669,0,366447,22291,1193,19052,417827,182,689,0,0,2272,220,0,374116,6164,1193,142,384978,1,1.42027521282265
Seagoville Police Department,2009-09-01,Texas,12133,TX05722,4,1,1,1,3,4,14,5,0,0,0,0,0,0,1,0,0,1,5,7,18,30,1,1,2,10,0,0,0,6,10,1,3,4,2,2407,24939,1648,6462,1649,50718,87823,229826,0,0,0,0,0,0,1535,0,0,1535,162,873,30915,31951,351135,369,128,795,14896,0,0,0,311,15451,2052,220,15721,107,3018,814,0,144016,171353,8522,5312,351135,36,109,0,284,0,33,0,121149,257,710,0,122578,1,1.42027521282265
Seagoville Police Department,2009-08-01,Texas,12133,TX05722,4,0,1,0,1,4,10,12,0,0,0,0,0,0,0,0,0,0,5,12,25,42,2,2,2,12,0,0,0,8,16,1,6,7,3,0,6590,8421,99,0,7854,22964,319315,0,0,0,0,0,0,0,0,0,0,193,1713,36619,38525,380804,3764,311,426,12849,0,0,0,717,20458,251,642,1711,1420,7812,2049,0,267432,87578,1988,9919,380804,0,116,0,0,0,0,0,237890,55071,0,717,293795,1,1.42027521282265
Seagoville Police Department,2009-07-01,Texas,12133,TX05722,4,2,2,2,2,5,17,2,1,0,0,0,0,0,1,2,0,3,7,7,24,38,0,0,0,11,0,0,1,10,16,2,2,4,7,10726,8253,11334,3416,4289,8654,46672,15457,0,0,0,0,0,0,1714,80,0,1794,219,787,55075,56081,120003,0,0,0,8380,0,0,78,1508,46115,516,61,4088,646,6106,5269,0,16877,47065,13983,25393,120003,61,48,28,0,0,0,0,18464,2818,178,5511,27107,1,1.42027521282265
Seagoville Police Department,2009-06-01,Texas,12133,TX05722,1,0,0,1,0,1,3,2,0,0,0,0,0,0,0,0,0,0,1,11,18,30,1,0,0,15,2,0,0,2,10,0,2,2,0,0,2272,0,0,354,8777,11403,57230,0,0,0,0,0,0,0,0,0,0,57,1950,36441,38448,107082,1136,0,0,11099,335,0,0,166,25711,531,47,15816,1136,3480,1420,0,57230,18628,1846,6947,107082,176,47,0,0,0,0,0,81375,368,0,85,82051,1,1.42027521282265
Seagoville Police Department,2009-05-01,Texas,12133,TX05722,2,0,4,2,1,2,11,1,0,0,0,0,0,1,0,0,0,1,7,12,19,38,3,1,0,12,0,0,0,8,14,0,3,3,7,0,2089,16489,872,10646,6917,37014,28406,0,0,0,0,0,0,0,0,0,0,226,2267,23990,26482,91902,739,142,0,7059,0,0,0,974,17569,683,2873,8426,142,10652,8238,0,29471,25771,3338,2308,91902,249,136,0,0,0,0,0,51130,886,524,433,53358,1,1.42027521282265
Seagoville Police Department,2009-04-01,Texas,12133,TX05722,9,3,2,1,0,4,19,6,0,0,0,0,0,0,1,0,0,1,5,13,20,38,1,1,1,17,1,0,0,7,10,2,2,4,0,7037,19918,5028,0,1136,4457,37576,73854,0,0,0,0,0,0,170,0,0,170,166,2037,57564,59767,171368,213,355,60,22332,537,0,0,1915,34355,774,926,3987,1456,4176,3835,0,74991,54972,9963,16289,171368,0,0,480,0,994,0,0,41188,490,85,0,43237,1,1.42027521282265
Seagoville Police Department,2009-03-01,Texas,12133,TX05722,4,1,2,0,2,7,16,4,0,0,0,0,0,0,0,0,0,0,4,3,10,17,0,0,3,3,0,0,0,3,8,0,2,2,3,1420,5954,32164,355,0,16681,56574,46656,0,0,0,0,0,0,0,0,0,0,88,570,28410,29067,132297,0,0,2973,852,0,0,0,383,24859,1241,33,34645,5218,0,2463,0,47295,31040,3906,6457,132297,105,33,0,0,0,0,0,15623,7381,0,143,23285,1,1.42027521282265
Seagoville Police Department,2009-02-01,Texas,12133,TX05722,1,0,0,0,0,3,4,6,0,0,0,0,0,0,0,0,0,0,4,5,11,20,2,0,0,6,1,0,0,6,5,1,2,3,5,0,0,0,0,0,8713,8713,26754,0,0,0,0,0,0,0,0,0,0,170,562,80172,80905,116372,472,0,0,13890,80,0,0,1400,65063,692,449,0,0,852,89,0,25281,78697,540,9771,116372,540,494,0,0,0,89,0,19884,219,0,0,21226,1,1.42027521282265
Seagoville Police Department,2009-01-01,Texas,12133,TX05722,4,1,2,1,1,1,10,7,1,1,0,0,0,0,0,0,0,0,9,4,20,33,5,0,1,8,1,0,0,6,12,1,5,6,5,3139,5573,341,6107,0,1420,16580,239600,0,0,0,0,0,0,0,0,0,0,217,325,27721,28263,284444,2059,0,714,7638,27,0,0,232,17593,1342,193,3321,1530,2983,426,0,182789,84214,2045,5602,284444,0,145,0,0,0,0,0,158645,51883,0,64,210736,1,1.42027521282265
Seagoville Police Department,2008-12-01,Texas,11867,TX05722,10,2,2,1,0,2,17,9,0,0,0,0,0,0,1,0,0,1,2,5,19,26,6,0,0,8,0,0,0,1,11,0,5,5,4,0,19656,2087,0,4642,4641,31026,44438,0,0,0,0,0,0,0,0,0,0,81,701,31027,31809,107273,1661,0,0,10364,0,0,0,38,19745,852,306,2569,495,5734,7642,0,44438,21626,9135,14475,107273,31,0,0,0,0,0,0,19106,30,0,0,19166,1,1.41522547733228
Seagoville Police Department,2008-11-01,Texas,11867,TX05722,2,1,2,1,1,2,9,6,0,0,0,0,0,1,0,0,0,1,4,5,7,16,0,0,1,10,0,0,0,1,4,1,2,3,5,849,4853,3125,7642,566,1840,18875,106629,0,0,0,0,0,134,0,0,0,134,42,587,15785,16415,142053,0,0,142,2645,0,0,0,1,13627,333,538,1428,0,566,8138,0,88403,33658,0,8990,142053,0,0,0,0,0,0,0,73521,16983,0,0,90504,1,1.41522547733228
Seagoville Police Department,2008-10-01,Texas,11867,TX05722,7,2,3,1,0,3,16,8,0,0,0,0,1,0,0,0,0,1,1,4,18,23,4,0,2,3,0,0,0,0,14,1,4,5,2,1132,23994,7855,0,0,4411,37392,92131,0,0,0,0,0,0,0,0,0,0,57,412,69479,69948,199470,2201,0,412,920,0,0,0,0,66415,1684,0,2689,142,13808,14653,0,92131,43154,11316,19892,199470,0,0,0,0,0,42,0,45853,71,212,106,46285,1,1.41522547733228
Seagoville Police Department,2008-09-01,Texas,11867,TX05722,4,2,1,1,4,3,15,3,0,0,0,0,0,0,0,0,1,1,1,3,26,30,1,1,0,16,1,0,0,1,10,2,3,5,3,566,9829,19065,6775,2768,14377,53379,56821,0,0,0,0,0,0,0,0,21228,21228,58,531,68999,69588,201017,311,170,0,41746,552,0,0,106,26702,984,439,2363,1068,5130,17871,0,98508,63754,4468,6431,201017,106,0,16,423,0,42,0,93405,679,0,0,94672,1,1.41522547733228
Seagoville Police Department,2008-08-01,Texas,11867,TX05722,1,1,2,1,1,2,8,6,0,0,0,0,0,0,0,0,0,0,4,6,11,21,3,1,0,1,0,0,0,7,9,2,2,4,3,0,747,495,3037,7494,1274,13047,83781,0,0,0,0,0,0,0,0,0,0,166,624,56237,57027,153855,1217,849,0,991,0,0,0,686,53283,209,36714,2029,0,495,44,0,83781,30074,211,297,153855,167,358,0,0,0,44,0,28305,948,0,14,29836,1,1.41522547733228
Seagoville Police Department,2008-07-01,Texas,11867,TX05722,2,0,2,1,0,1,6,4,0,0,0,1,0,1,0,0,0,2,6,7,10,23,4,1,0,8,1,0,0,3,6,1,6,7,6,0,6112,7464,0,1840,142,15558,12666,0,0,0,0,0,0,0,0,0,0,304,855,10116,11275,39499,778,225,0,7821,14,0,0,358,2079,143,250,1,423,0,4387,0,14506,12525,5091,2172,39499,0,248,0,0,0,0,0,46278,440,0,0,46966,1,1.41522547733228
Seagoville Police Department,2008-06-01,Texas,11867,TX05722,6,2,3,0,0,3,14,6,0,1,0,0,0,0,0,0,0,0,3,8,7,18,2,2,1,4,1,0,0,2,6,0,2,2,2,6942,13658,2590,0,0,7300,30490,81913,0,0,0,0,0,0,0,0,0,0,93,1054,8818,9966,122369,730,354,361,2024,2830,0,0,93,3573,297,188,3616,3746,7508,6820,0,42032,47489,8099,2573,122369,156,44,0,0,0,0,0,4246,3909,0,0,8354,1,1.41522547733228
Seagoville Police Department,2008-05-01,Texas,11867,TX05722,4,2,5,0,2,4,17,1,0,0,0,0,0,1,0,0,0,1,5,4,21,30,6,0,1,5,0,1,0,1,16,1,0,1,4,885,25117,27484,962,0,4599,59047,16275,0,0,0,0,0,287,0,0,0,287,198,848,23436,24482,100092,4741,0,849,3034,0,45,0,112,15701,142,2556,808,0,6472,19028,0,16275,31752,1879,21180,100092,0,112,45,0,0,0,0,16275,191,0,0,16623,1,1.41522547733228
Seagoville Police Department,2008-04-01,Texas,11867,TX05722,1,0,2,2,0,3,8,3,1,0,0,0,0,0,0,0,0,0,2,6,27,35,4,0,1,2,1,1,0,4,22,6,4,10,4,0,1323,10408,0,8810,3963,24503,156862,0,0,0,0,0,0,0,0,0,0,62,817,179401,180280,361645,4731,0,391,4616,555,92,0,1073,168822,984,1613,1453,708,90986,8145,0,155675,88793,4883,8406,361645,61,821,0,0,16030,0,0,27625,49704,0,74,94315,1,1.41522547733228
Seagoville Police Department,2008-03-01,Texas,11867,TX05722,3,0,1,3,1,1,9,8,0,0,0,0,0,0,0,0,0,0,4,5,19,28,7,0,0,10,4,0,0,0,7,1,9,10,4,0,3963,609,106,1337,0,6015,94843,0,0,0,0,0,0,0,0,0,0,184,553,45921,46659,147516,1946,0,0,11315,3694,0,0,0,29704,531,283,1826,283,0,3538,0,95386,38167,283,7219,147516,0,0,0,0,0,0,0,143645,106,0,0,143752,1,1.41522547733228
Seagoville Police Department,2008-02-01,Texas,11867,TX05722,5,0,1,2,0,1,9,4,0,0,0,0,0,1,0,0,0,1,7,7,10,24,3,0,0,4,0,0,0,9,8,0,0,0,0,0,46647,2583,0,1274,495,50999,40716,0,0,0,0,0,109,0,0,0,109,126,1029,8958,10113,101937,21,0,0,877,0,0,0,1169,8046,562,117,1340,0,2972,10982,566,40334,17772,2485,24806,101937,562,117,0,0,0,14,0,0,3037,0,68,3798,1,1.41522547733228
Seagoville Police Department,2008-01-01,Texas,11867,TX05722,3,1,0,0,1,3,8,5,0,0,0,0,0,0,0,0,0,0,0,4,21,25,0,0,0,12,1,0,0,0,12,1,5,6,1,7654,2661,0,283,0,5232,15829,76847,0,0,0,0,0,0,0,0,0,0,0,676,85453,86129,178805,0,0,0,61970,722,0,0,0,23438,573,252,37850,1804,6861,6581,0,58449,57236,4246,4953,178805,0,0,0,0,0,0,0,53071,23630,0,326,77026,1,1.41522547733228
Seagoville Police Department,2007-12-01,Texas,11452,TX05722,4,2,1,1,1,5,14,7,0,0,0,0,0,1,0,1,0,2,0,3,13,16,1,0,0,7,1,0,0,1,6,0,7,7,2,7348,1033,47,220,220,10841,19710,185758,0,0,0,0,0,0,0,118,0,118,0,617,19555,20173,225758,1572,0,0,10706,676,0,0,585,6634,75,60,2635,0,47,7348,0,137392,75559,1837,805,225758,0,0,3,0,0,0,0,212339,52498,0,0,264841,1,1.46955740283082
Seagoville Police Department,2007-11-01,Texas,11452,TX05722,3,2,1,1,1,3,11,5,0,0,0,0,0,1,0,0,0,1,4,2,15,21,1,1,0,5,3,0,0,2,9,5,5,10,3,147,8083,3821,18663,1176,7421,39311,386494,0,0,0,0,0,1997,0,0,0,1997,15,344,60713,61072,488873,0,0,0,6378,786,0,0,344,53564,1393,478,6143,0,8083,1470,0,228810,231285,4776,6437,488873,313,0,1227,0,0,0,0,114963,31000,0,265,147768,1,1.46955740283082
Seagoville Police Department,2007-10-01,Texas,11452,TX05722,1,0,1,0,0,6,8,10,0,1,0,0,0,0,0,0,0,0,5,4,22,31,11,1,0,11,0,0,0,1,7,2,6,8,5,0,381,6025,0,0,37247,43653,130688,0,0,0,0,0,0,0,0,0,0,18,772,180920,181709,356050,10548,206,0,13864,0,0,0,10,157081,0,811,7348,381,11977,75094,0,143026,113820,1073,2520,356050,0,10,0,0,0,0,0,139749,5531,0,1859,147150,1,1.46955740283082
Seagoville Police Department,2007-09-01,Texas,11452,TX05722,1,2,1,1,4,2,11,8,0,0,0,0,0,1,0,1,0,2,6,3,18,27,5,0,0,7,2,1,0,0,12,2,12,14,10,18084,1470,591,0,1947,3346,25438,365920,0,0,0,0,0,9552,0,0,0,9552,128,456,42000,42583,443493,6434,0,0,14873,3924,735,0,0,16618,2983,65,2212,0,6015,2204,0,333892,81287,2792,12043,443493,44,24,0,0,0,0,0,265999,52081,0,0,318147,1,1.46955740283082
Seagoville Police Department,2007-08-01,Texas,11452,TX05722,6,0,2,0,3,3,14,9,0,0,0,0,0,1,0,0,0,1,5,4,15,24,2,2,0,6,2,0,0,2,10,1,2,3,5,0,26944,1440,918,0,43566,72869,312061,0,0,0,0,0,382,0,0,0,382,229,632,25512,26373,411685,485,641,0,4071,1802,0,0,123,19251,73,248,580,5775,8457,5878,0,198905,170260,10199,11308,411685,0,12,15,0,2204,0,0,163114,41,0,37,165422,1,1.46955740283082
Seagoville Police Department,2007-07-01,Texas,11452,TX05722,1,4,4,0,2,1,12,6,0,0,0,0,0,0,0,0,0,0,3,3,24,30,2,2,3,11,0,0,0,1,11,1,9,10,1,495,110,34554,838,0,2880,38877,241633,0,0,0,0,0,0,0,0,0,0,145,860,38422,39427,319937,1323,749,338,22533,0,0,0,456,14028,6124,88611,1910,0,8500,12006,0,152098,29284,9220,12184,319937,0,88320,0,0,0,0,0,456445,1029,0,250,546043,1,1.46955740283082
Seagoville Police Department,2007-06-01,Texas,11452,TX05722,1,1,2,0,3,3,10,11,0,0,0,0,0,0,0,0,1,1,1,5,27,33,6,1,2,6,0,1,0,4,13,3,2,5,4,44,588,9407,2573,0,2745,15357,181564,0,0,0,0,0,0,0,0,2204,2204,15,821,57048,57884,257009,7370,206,788,7343,0,360,0,8043,33775,169,90,5027,0,3086,3233,0,171049,61842,5143,7370,257009,0,90,0,0,0,0,0,85969,929,0,2867,89855,1,1.46955740283082
Seagoville Police Department,2007-05-01,Texas,11452,TX05722,5,0,3,0,3,5,16,13,0,1,0,0,0,0,0,0,0,0,5,6,15,26,3,1,1,6,0,0,0,6,9,1,7,8,1,0,22624,2683,5143,0,27199,57649,1292476,0,0,0,0,0,0,0,0,0,0,73,741,25413,26227,1376352,294,441,0,7827,0,0,0,1405,16261,26,156,2575,8465,2939,3527,0,613687,731265,6639,7073,1376352,26,35,0,0,0,0,0,256438,194935,879,157,452471,1,1.46955740283082
Seagoville Police Department,2007-04-01,Texas,11452,TX05722,3,2,5,1,5,9,25,12,0,0,0,0,0,1,0,0,0,1,4,10,23,37,11,0,0,4,1,0,0,7,14,5,8,13,8,2469,8568,34072,5377,367,17892,68744,611409,0,0,0,0,0,18223,0,0,0,18223,265,1816,32044,34125,732501,8906,0,0,2259,73,0,0,3968,18919,5174,682,11636,2645,5833,7939,0,506336,160458,9684,22114,732501,758,391,0,0,0,223,0,308901,112305,2498,733,425810,1,1.46955740283082
Seagoville Police Department,2007-03-01,Texas,11452,TX05722,3,0,3,0,0,11,17,3,0,0,0,0,0,0,0,0,0,0,5,8,16,29,4,0,2,5,2,0,0,8,8,1,3,4,5,0,3630,5452,0,0,22415,31497,235276,0,0,0,0,0,0,0,0,0,0,3,1096,102759,103858,370631,4819,0,3,7107,2632,0,0,2010,87287,495,354,3,0,106,203,0,61574,298236,2004,7655,370631,319,348,0,0,106,26,0,86557,40203,96,964,128619,1,1.46955740283082
Seagoville Police Department,2007-02-01,Texas,11452,TX05722,4,1,3,0,0,5,13,9,0,0,0,0,0,2,0,0,1,3,2,10,16,28,3,0,0,1,1,0,0,13,10,3,4,7,3,2148,17303,1174,0,0,8935,29560,159344,0,0,0,0,0,87,0,0,426,513,135,1371,39940,41446,230863,3446,0,0,331,220,0,0,3274,34175,334,1430,3199,8156,6907,4791,0,72511,128450,1874,3212,230863,253,1271,0,0,0,0,0,45968,5915,257,614,54278,1,1.46955740283082
Seagoville Police Department,2007-01-01,Texas,11452,TX05722,1,0,3,0,1,2,7,6,0,1,0,0,0,1,1,0,1,3,6,8,23,37,4,0,0,8,0,0,0,4,21,0,5,5,2,0,5878,24137,6632,0,882,37530,71274,0,0,0,0,0,713,12638,0,18369,31720,168,1207,49464,50838,191361,382,0,0,2112,0,0,0,1183,47161,187,41,17867,3968,4996,5790,0,99195,47696,1446,10175,191361,51,13,0,0,0,0,0,62456,2441,799,153,65914,1,1.46955740283082
Seagoville Police Department,2006-12-01,Texas,11427,TX05722,2,0,0,0,2,5,9,5,0,1,0,0,0,0,0,0,0,0,6,9,19,34,5,1,1,1,2,0,0,11,13,0,3,3,3,0,30,0,2418,0,8056,10505,267532,0,0,0,0,0,0,0,0,0,0,104,1250,33857,35211,313248,756,302,453,166,544,0,0,3436,29554,278,763,1242,668,756,358,0,40810,253336,3643,11394,313248,222,372,0,0,0,358,0,31741,227615,227,133,260668,1,1.51147906246125
Seagoville Police Department,2006-11-01,Texas,11427,TX05722,3,3,5,3,1,8,23,3,0,0,0,0,0,1,0,0,0,1,5,1,29,35,5,0,0,5,1,1,0,6,17,0,4,4,1,187,16870,18333,1814,2328,13148,52680,38089,0,0,0,0,0,151,0,0,0,151,110,227,48024,48361,139281,1323,0,0,11531,358,2494,0,2506,30149,4196,195,3735,2418,8872,16771,0,46023,40272,13573,3225,139281,1078,144,0,0,529,0,0,34764,2387,6817,0,45718,1,1.51147906246125
Seagoville Police Department,2006-10-01,Texas,11427,TX05722,4,2,1,1,1,4,13,4,0,0,0,1,0,1,0,0,0,2,4,8,11,23,2,2,0,3,2,0,0,2,12,0,4,4,2,453,7406,665,23,0,7013,15561,52902,0,0,0,128,0,0,0,0,0,128,86,1050,26307,27444,96035,685,408,0,1108,139,0,0,391,24713,0,0,567,831,9069,6348,0,52902,24028,340,1950,96035,0,0,0,0,0,1232,0,29474,154,340,0,31200,1,1.51147906246125
Seagoville Police Department,2006-09-01,Texas,11427,TX05722,4,3,0,4,14,5,30,6,0,0,0,0,0,0,0,0,0,0,6,6,35,47,14,0,1,12,0,1,1,3,15,3,2,5,3,7917,22556,0,22347,8399,34970,96189,137771,0,0,0,0,0,0,0,0,0,0,76,1063,116594,117732,351692,6836,0,3023,15352,0,30,484,1768,90238,887,331,8337,3703,7861,22442,0,147067,112986,12394,35683,351692,131,221,0,0,0,0,0,102478,16956,0,77,119863,1,1.51147906246125
Seagoville Police Department,2006-08-01,Texas,11427,TX05722,5,2,3,0,3,2,15,5,0,1,0,0,0,0,0,0,1,1,5,6,17,28,4,3,1,3,1,0,0,2,14,0,6,6,1,2947,21448,1527,13659,0,14812,54394,44286,0,0,0,0,0,0,0,0,0,0,91,1032,53125,54248,152928,496,1338,453,3892,748,0,0,369,46953,816,331,2090,1270,2630,5973,0,64691,60888,1406,12832,152928,0,29,0,0,0,33,0,35671,355,196,0,36285,1,1.51147906246125
Seagoville Police Department,2006-07-01,Texas,11427,TX05722,1,3,2,1,2,6,15,10,0,0,0,0,0,0,2,0,0,2,10,11,26,47,5,3,0,11,2,0,0,6,20,2,2,4,1,692,5063,2600,1239,4157,7852,21604,129685,0,0,0,0,0,0,419,0,0,419,272,2189,35881,38342,190049,2863,363,0,3786,4565,0,0,1259,25506,190,275,676,5192,9114,1239,0,129685,40408,453,2816,190049,39,0,0,0,0,1239,0,86910,509,0,505,89203,1,1.51147906246125
Seagoville Police Department,2006-06-01,Texas,11427,TX05722,0,1,1,0,2,1,5,3,0,0,0,0,0,1,0,0,0,1,3,10,23,36,4,2,0,4,1,1,0,5,19,1,1,2,3,0,0,949,5441,0,453,6844,54413,0,0,0,0,0,0,0,0,0,0,139,1493,43698,45331,106588,1608,378,0,12778,67,121,0,2272,28107,928,886,76,0,709,1977,0,57890,40795,895,2433,106588,32,559,0,0,141,0,0,36275,1681,0,45,38733,1,1.51147906246125
Seagoville Police Department,2006-05-01,Texas,11427,TX05722,4,0,2,0,2,4,12,6,0,0,0,0,0,2,0,0,0,2,0,6,18,24,4,0,0,2,1,0,0,1,16,3,3,6,3,0,9150,544,7293,0,101508,118495,51632,0,0,0,0,0,15508,0,0,0,15508,0,1188,32982,34170,219805,1273,0,0,4013,967,0,0,278,27639,364,261,2518,0,9339,4217,0,62212,134230,1134,5529,219805,274,0,0,0,0,0,0,86305,42326,0,0,128905,1,1.51147906246125
Seagoville Police Department,2006-04-01,Texas,11427,TX05722,3,2,0,1,2,2,10,20,0,0,0,0,0,0,0,0,0,0,6,14,22,42,1,3,0,8,1,0,0,10,19,1,16,17,3,831,1451,0,3628,204,20843,26957,872485,0,0,0,0,0,0,0,0,0,0,76,1962,42802,44840,944281,605,614,0,1876,83,0,0,1737,39926,665,280,3673,605,35217,426,0,859729,40524,0,3162,944281,762,138,0,0,0,0,0,835092,12577,0,659,849228,1,1.51147906246125
Seagoville Police Department,2006-03-01,Texas,11427,TX05722,3,0,0,2,2,2,9,4,0,0,0,0,0,0,1,0,0,1,2,2,18,22,2,0,0,3,2,0,0,4,11,0,5,5,5,0,3674,0,440,3949,9714,17778,73966,0,0,0,0,0,0,10807,0,0,10807,0,342,45721,46062,148613,1134,0,0,3162,13528,0,0,719,27519,1375,35,2160,2645,11637,15659,0,84168,27832,2093,1008,148613,23,30,0,302,0,0,0,138802,227,0,0,139384,1,1.51147906246125
Seagoville Police Department,2006-02-01,Texas,11427,TX05722,0,1,0,1,2,0,4,3,0,0,0,0,0,0,0,0,0,0,4,5,15,24,3,0,1,4,2,0,0,3,11,0,3,3,3,0,0,0,1511,1511,0,3023,62190,0,0,0,0,0,0,0,0,0,0,60,629,79195,79885,145097,204,0,76,3741,10611,0,0,845,64409,375,51,30438,1134,16626,0,0,62946,30143,0,3384,145097,375,9,0,0,0,0,0,12092,375,0,59,12910,1,1.51147906246125
Seagoville Police Department,2006-01-01,Texas,11427,TX05722,2,4,0,0,0,1,7,8,0,0,0,0,0,1,0,1,0,2,4,4,17,25,1,1,0,4,2,0,0,7,10,6,3,9,2,9672,816,0,0,0,3242,13730,66883,0,0,0,0,0,0,0,3325,0,3325,59,680,32075,32814,116753,106,234,0,966,174,0,0,1844,29490,379,127,3407,1270,3827,1675,0,66883,32539,3717,2929,116753,266,128,0,605,56,104,0,72400,4831,150,50,78589,1,1.51147906246125
Seagoville Police Department,2005-12-01,Texas,11253,TX05722,6,1,1,1,1,1,11,7,0,2,0,0,0,1,1,0,0,2,9,6,21,36,11,1,1,4,2,0,0,4,13,1,4,5,1,2652,58821,619,0,702,4383,67178,74111,0,0,0,0,0,47,716,0,0,763,281,1279,24990,26551,168602,5788,250,0,3707,1435,0,0,133,15237,1591,81,14551,4369,936,46620,0,67870,27321,234,5029,168602,0,5,0,0,0,0,0,54608,34,0,176,54824,1,1.56023853211009
Seagoville Police Department,2005-11-01,Texas,11253,TX05722,4,1,1,1,2,2,11,5,0,0,0,0,0,1,1,0,0,2,5,9,18,32,3,2,0,7,2,1,0,5,12,3,2,5,1,0,12214,7926,1014,2762,3587,27502,30425,0,0,0,0,0,21843,254,0,0,22098,136,1448,53082,54666,134691,2044,250,0,8692,19271,156,0,535,23719,496,31,35300,4103,2808,9354,0,31829,37408,2964,10396,134691,78,19,0,0,0,94,0,21063,663,0,187,22104,1,1.56023853211009
Seagoville Police Department,2005-10-01,Texas,11253,TX05722,2,0,1,1,0,0,4,5,0,0,0,0,0,0,0,0,0,0,8,5,15,28,1,0,1,5,0,0,0,5,16,0,3,3,3,0,1623,0,0,1092,0,2715,132620,0,0,0,0,0,0,0,0,0,0,106,618,44821,45545,180880,1404,0,0,843,0,0,0,184,43114,39,658,1786,1200,1014,1131,0,132620,42126,0,304,180880,36,6,3,0,0,0,0,62410,31411,0,62,93928,1,1.56023853211009
Seagoville Police Department,2005-09-01,Texas,11253,TX05722,9,1,2,0,5,1,18,8,0,0,0,0,0,0,1,0,1,2,9,7,21,37,5,2,0,12,6,0,0,1,11,0,4,4,0,468,43014,3401,1615,0,655,49154,161764,0,0,0,0,0,0,192,0,16,208,148,1161,94942,96251,307376,1825,240,0,34840,14484,0,0,3436,41426,54296,282,52666,2705,1092,19565,0,73331,90291,3448,9698,307376,0,0,0,0,0,0,0,59756,1822,0,0,61578,1,1.56023853211009
Seagoville Police Department,2005-08-01,Texas,11253,TX05722,4,3,2,1,5,2,17,7,0,0,0,0,0,0,0,0,0,0,10,7,24,41,7,0,1,9,7,2,0,3,12,1,5,6,6,0,9815,1209,1136,1872,9054,23087,51145,0,0,0,0,0,0,0,0,0,0,187,1478,33194,34859,109090,2684,0,3,5043,5701,1350,0,348,19731,569,307,2680,226,8539,3198,0,51145,34085,1482,6857,109090,0,0,0,0,0,0,0,81132,179,0,0,81312,1,1.56023853211009
Seagoville Police Department,2005-07-01,Texas,11253,TX05722,6,8,3,1,2,1,21,13,0,0,0,0,0,0,0,0,1,1,8,14,23,45,7,1,1,13,6,1,0,4,12,4,7,11,3,13601,3239,3339,12772,2496,637,36084,191519,0,0,0,0,0,0,0,0,624,624,172,3336,50074,53582,281809,3347,234,0,23677,15047,94,0,1111,10073,3202,1683,8382,1683,0,33545,0,191129,32829,1966,7389,281809,783,41,0,0,0,0,0,156804,3437,0,53,161118,1,1.56023853211009
Seagoville Police Department,2005-06-01,Texas,11253,TX05722,5,1,3,0,2,6,17,11,0,0,0,0,1,0,0,0,1,2,7,6,23,36,5,1,0,12,5,0,0,4,9,1,10,11,6,1872,14591,4763,2056,0,5681,28964,393336,0,0,0,0,250,0,0,0,0,250,80,804,27626,28509,451059,2496,122,0,7723,6428,0,0,1526,10213,718,1559,8940,4135,1950,429,0,334047,84983,2184,12114,451059,0,0,250,0,702,0,0,329210,12512,0,0,342674,1,1.56023853211009
Seagoville Police Department,2005-05-01,Texas,11253,TX05722,2,1,3,0,4,3,13,14,0,0,0,0,0,0,0,0,0,0,20,3,15,38,7,0,0,5,3,1,0,9,13,3,9,12,4,632,1248,13733,6628,0,913,23154,99543,0,0,0,0,0,0,0,0,0,0,621,292,25106,26019,148716,2153,0,0,1521,1989,89,0,2286,17980,27,45,7069,0,6670,13250,0,99543,16844,1620,3648,148716,27,45,2871,0,0,0,0,102818,5359,0,632,111752,1,1.56023853211009
Seagoville Police Department,2005-04-01,Texas,11253,TX05722,2,2,2,2,3,6,17,8,0,0,0,0,0,0,0,0,0,0,5,5,25,35,3,1,0,8,0,1,0,7,15,2,5,7,3,2418,1549,5475,3885,655,17662,31645,80928,0,0,0,0,0,0,0,0,0,0,62,892,37346,38301,150874,1014,460,0,10770,0,257,0,4557,21241,165,454,67,1638,5773,4369,0,70318,57991,2086,8012,150874,165,50,0,0,0,0,0,78120,463,0,662,79460,1,1.56023853211009
Seagoville Police Department,2005-03-01,Texas,11253,TX05722,4,4,2,0,5,3,18,7,0,1,0,0,0,0,0,0,0,0,11,6,18,35,3,0,0,6,3,2,1,7,13,1,4,5,4,5344,18038,2574,2596,0,2713,31266,46728,0,0,0,0,0,0,0,0,0,0,154,788,43841,44784,122777,17007,0,0,4662,1513,109,201,1187,20104,484,364,1270,15242,4057,7606,0,46728,39396,2401,5230,122777,0,59,22,265,0,0,0,33545,1807,0,0,35698,1,1.56023853211009
Seagoville Police Department,2005-02-01,Texas,11253,TX05722,4,1,0,0,1,3,9,8,0,0,0,0,0,0,0,0,0,0,10,6,21,37,7,0,2,17,1,0,0,3,7,1,2,3,4,0,30971,0,133,0,3492,34595,112977,0,0,0,0,0,0,0,0,0,0,179,897,60010,61086,208659,1346,0,47,11627,885,0,0,117,47065,2106,72,184,0,963,22467,0,112961,66605,0,3300,208659,0,72,0,0,0,0,0,17943,41828,0,1279,61122,1,1.56023853211009
Seagoville Police Department,2005-01-01,Texas,11253,TX05722,3,6,0,0,2,2,13,6,0,1,0,0,0,0,1,0,0,1,6,7,23,36,15,0,1,13,1,0,0,2,4,2,4,6,7,12200,1911,0,10766,0,655,25532,68650,0,0,0,0,0,0,0,0,0,0,133,1632,41395,43159,137342,9795,0,187,18500,129,0,0,257,14290,364,72,4623,0,0,8737,0,65998,33191,0,24357,137342,51,72,0,780,0,0,0,90494,236,0,0,91633,1,1.56023853211009
Seagoville Police Department,2004-12-01,Texas,11204,TX05722,3,2,0,0,3,0,8,6,0,0,0,0,0,0,1,0,0,1,9,8,16,33,4,1,0,7,3,0,1,9,8,2,3,5,2,2476,6541,0,32830,0,0,41847,62072,0,0,0,0,0,0,11621,0,0,11621,213,1170,94572,95955,211495,1350,65,0,10195,1471,0,357,8877,73640,55,640,17958,1142,0,4160,0,81869,100123,323,5225,211495,5,236,0,0,0,0,0,39523,6516,0,0,46279,1,1.61317347569046
Seagoville Police Department,2004-11-01,Texas,11204,TX05722,4,3,1,3,4,2,17,6,0,0,0,0,0,0,1,0,0,1,13,11,15,39,5,1,0,9,3,0,0,11,10,1,3,4,5,4849,5932,2742,37940,4068,857,56388,41136,0,0,0,0,0,0,271,0,0,271,337,2217,17951,20505,118300,1823,113,0,5233,1952,0,0,5102,6282,274,9947,23262,4559,1320,1583,0,43072,23885,6354,4046,118300,16,60,0,0,271,10,0,21294,1303,4840,0,27793,1,1.61317347569046
Seagoville Police Department,2004-10-01,Texas,11204,TX05722,4,2,0,2,1,2,11,9,0,0,0,0,0,0,0,0,1,1,6,9,22,37,10,1,1,8,8,0,0,0,9,3,6,9,3,645,1503,0,968,43394,2429,48940,207091,0,0,0,0,0,0,0,0,382,382,0,1649,65711,67360,323774,5930,0,339,1450,2830,0,0,0,56811,242,369,561,0,1155,0,0,207575,109101,0,4770,323774,0,0,0,0,0,0,0,132442,0,0,161,132603,1,1.61317347569046
Seagoville Police Department,2004-09-01,Texas,11204,TX05722,8,2,1,0,3,2,16,15,0,1,0,0,1,0,0,0,1,2,18,12,16,46,9,1,1,12,6,0,0,8,9,2,10,12,4,4252,24294,2484,1608,0,581,33220,117439,0,0,0,0,0,0,0,0,0,0,321,1623,43659,45603,196262,5693,65,0,6316,5930,0,0,692,26908,234,368,16966,2016,0,10365,0,107599,51320,3146,4249,196262,184,206,35,0,0,40,0,86305,19836,0,0,106607,1,1.61317347569046
Seagoville Police Department,2004-08-01,Texas,11204,TX05722,1,0,1,1,1,3,7,8,0,2,0,0,0,1,0,0,2,3,4,13,26,43,7,0,0,8,10,0,0,7,11,1,6,7,4,0,807,565,161,968,2339,4840,40975,0,0,0,0,0,4194,0,0,492,4686,142,2223,65953,68318,118818,3872,0,0,23859,3310,0,0,2602,34675,66,1720,27472,0,548,0,0,40975,43762,0,4275,118818,0,45,0,0,0,0,0,46298,0,0,807,47150,1,1.61317347569046
Seagoville Police Department,2004-07-01,Texas,11204,TX05722,9,3,2,0,4,3,21,11,0,0,1,0,0,0,0,0,0,1,11,8,19,38,10,1,0,7,7,0,0,4,9,2,5,7,3,7643,20470,22746,12430,0,5588,68876,128033,0,0,12444,0,0,0,0,0,0,12444,258,1512,20600,22370,231723,5796,323,0,700,5946,0,0,323,9282,653,10019,15307,1115,4301,22794,0,128033,33877,0,15624,231723,8,10,0,742,155,0,0,108675,1355,0,0,110944,1,1.61317347569046
Seagoville Police Department,2004-06-01,Texas,11204,TX05722,4,2,0,0,1,0,7,7,0,0,0,1,0,0,0,0,0,1,11,8,17,36,4,3,0,6,5,0,0,5,13,1,5,6,3,6106,2300,0,0,0,0,8406,62591,0,0,0,0,0,0,0,0,0,0,292,968,33215,34475,105473,2175,839,0,4772,7380,0,0,368,18942,621,60,371,895,0,10949,0,62591,26872,0,3113,105473,0,42,0,0,0,0,0,112696,648,0,194,113580,1,1.61317347569046
Seagoville Police Department,2004-05-01,Texas,11204,TX05722,4,1,1,1,4,2,13,10,0,0,0,0,0,1,0,0,0,1,14,4,14,32,4,1,2,6,7,0,0,5,7,5,4,9,3,0,10226,3236,3020,339,1421,18242,68560,0,0,0,0,0,56461,0,0,0,56461,200,855,73440,74495,217757,2089,218,0,1786,4060,0,0,1654,64688,1058,44,3301,4227,1153,2541,0,125021,73491,3236,3686,217757,0,24,0,0,1129,0,0,126997,40715,0,0,168865,1,1.61317347569046
Seagoville Police Department,2004-04-01,Texas,11204,TX05722,0,4,3,2,3,1,13,7,0,1,0,0,0,0,0,0,0,0,15,9,10,34,3,2,1,8,3,0,0,7,10,2,5,7,3,9042,0,6356,6614,637,605,23254,209600,0,0,0,0,0,0,0,0,0,0,1142,1845,10647,13635,246488,1170,436,174,2868,871,0,0,3325,4791,97,115,11137,0,0,137,0,209600,13546,5323,6533,246488,97,34,10,0,0,0,0,249122,2931,0,0,252194,1,1.61317347569046
Seagoville Police Department,2004-03-01,Texas,11204,TX05722,2,1,0,0,1,0,4,8,0,1,0,0,0,0,1,0,0,1,6,8,11,25,5,0,0,5,5,0,0,0,10,0,4,4,3,9800,5951,0,11628,0,0,27379,158694,0,0,0,0,0,0,11,0,0,11,106,1634,28858,30599,216683,4891,0,0,11324,1791,0,0,0,12592,516,481,169,2097,0,1654,1613,165147,37805,2275,4927,216683,0,11,0,0,0,0,0,41136,936,0,0,42083,1,1.61317347569046
Seagoville Police Department,2004-02-01,Texas,11204,TX05722,3,1,2,1,2,2,11,3,0,0,0,0,0,0,0,0,0,0,1,5,9,15,2,0,0,5,5,0,0,0,3,1,3,4,2,0,11718,18484,8530,790,7593,47116,58074,0,0,0,0,0,0,0,0,0,0,0,702,13352,14054,119244,807,0,0,3743,5149,0,0,0,4356,1436,13,323,3001,6104,8114,0,58074,27672,8805,5703,119244,0,0,0,0,0,0,0,83078,0,0,0,83078,1,1.61317347569046
Seagoville Police Department,2004-01-01,Texas,11204,TX05722,1,3,1,1,2,2,10,8,0,1,0,0,0,0,0,0,0,0,8,6,10,24,5,5,0,8,1,0,0,0,5,1,4,5,6,5541,2331,3601,1081,4356,6048,22957,60089,0,0,0,0,0,0,0,0,0,0,77,1052,7300,8429,91475,1549,1044,0,1432,0,0,0,0,4404,1702,110,637,565,0,2742,0,60089,14612,4888,6130,91475,0,5,0,0,0,0,0,41943,3270,2307,548,48073,1,1.61317347569046
Seagoville Police Department,2003-12-01,Texas,11266,TX05722,3,1,1,1,3,1,10,11,0,0,0,0,0,0,0,0,0,0,10,2,20,32,7,1,0,11,3,0,0,1,9,3,8,11,9,1532,5004,1226,10564,2567,3490,24383,155946,0,0,0,0,0,0,0,0,0,0,80,447,47122,47649,227978,3901,199,0,6276,2398,0,0,13,34861,2382,13,563,0,969,4972,0,164063,48364,828,5824,227978,0,13,0,108,0,0,0,144103,0,0,0,144224,1,1.65636194790487
Seagoville Police Department,2003-11-01,Texas,11266,TX05722,4,1,0,1,5,3,14,15,0,1,0,0,0,0,0,0,0,0,9,8,22,39,7,1,3,9,6,1,0,0,12,2,7,9,9,0,14116,0,19239,248,22700,56303,417768,0,0,0,0,0,0,0,0,0,0,179,1439,34651,36269,510340,3197,265,25,10139,10679,1159,0,0,10806,199,99,4547,230,0,12479,166,438704,45510,5797,2609,510340,0,0,0,0,0,6377,0,308506,88,828,0,315799,1,1.65636194790487
Seagoville Police Department,2003-10-01,Texas,11266,TX05722,7,2,0,2,4,4,19,14,0,0,0,0,0,1,0,0,0,1,10,6,23,39,8,0,1,15,7,0,0,2,6,1,7,8,4,5448,10680,0,14513,2319,12704,45664,137725,0,0,0,0,0,331,0,0,0,331,179,1075,33311,34565,218285,12744,0,41,12116,4679,0,0,98,4886,181,144,5777,248,99,7651,0,142031,47639,8116,6399,218285,0,0,0,0,0,0,0,107995,504,0,0,108498,1,1.65636194790487
Seagoville Police Department,2003-09-01,Texas,11266,TX05722,2,1,1,1,2,3,10,10,0,0,0,0,0,0,1,0,0,1,6,9,19,34,5,0,1,11,3,0,0,2,12,1,10,11,2,1656,14443,25,80085,63,7727,104000,223940,0,0,0,0,0,0,83,0,0,83,129,1903,50259,52291,380314,1955,0,18,28420,479,0,0,70,21351,0,80,189,0,1656,8365,0,263685,90446,2741,13153,380314,0,0,0,0,0,0,0,237680,41177,0,414,279271,1,1.65636194790487
Seagoville Police Department,2003-08-01,Texas,11266,TX05722,2,2,0,0,3,2,9,12,0,0,0,0,0,0,1,0,1,2,5,4,17,26,6,1,1,7,2,0,0,1,8,3,5,8,0,1118,10766,0,17806,0,4050,33740,227851,0,0,0,0,0,0,1756,0,0,1756,17,1045,63406,64467,327814,9498,199,0,43566,1244,0,0,17,9945,0,91,994,348,4050,6659,0,234476,71336,5489,4371,327814,0,0,0,0,0,99,0,191310,4845,0,0,196254,1,1.65636194790487
Seagoville Police Department,2003-07-01,Texas,11266,TX05722,6,4,1,0,5,6,22,12,0,0,0,0,0,1,0,0,1,2,13,8,23,44,5,0,0,19,5,0,0,0,15,0,8,8,2,10599,44680,696,6095,0,2286,64356,185120,0,0,0,0,0,14079,0,0,0,14079,174,1847,35913,37934,301489,1839,0,0,11664,2054,0,0,0,22377,331,348,623,0,1201,1656,0,253360,39431,0,4538,301489,0,0,0,0,0,0,0,128807,182,0,83,129072,1,1.65636194790487
Seagoville Police Department,2003-06-01,Texas,11266,TX05722,4,3,2,0,3,2,14,3,1,2,0,0,0,0,0,0,0,0,4,4,18,26,6,1,0,7,4,0,0,1,7,0,2,2,3,17599,5686,2798,33813,0,13085,72981,32299,0,0,0,0,0,0,0,0,0,0,41,795,54395,55231,160511,14352,41,0,9093,1375,0,0,0,30369,0,682,3222,2882,0,596,0,45094,103720,1822,2493,160511,0,0,0,0,0,0,0,3313,0,0,0,3313,1,1.65636194790487
Seagoville Police Department,2003-05-01,Texas,11266,TX05722,3,1,0,2,2,0,8,7,1,2,0,0,0,0,1,0,0,1,5,12,19,36,6,3,0,3,6,0,0,1,17,4,1,5,2,0,2857,0,2821,9607,0,15285,60788,0,0,0,0,0,0,7,0,0,7,121,2327,27027,29475,105555,6659,530,0,933,9978,0,0,25,11351,25,1612,480,1822,1325,5218,0,60788,22661,0,11624,105555,25,0,0,0,0,0,0,24349,4398,0,0,28771,1,1.65636194790487
Seagoville Police Department,2003-04-01,Texas,11266,TX05722,5,2,1,0,1,0,9,10,0,0,0,0,0,0,0,0,0,0,6,11,31,48,8,2,0,11,15,0,0,0,12,2,6,8,2,182,10453,0,5963,0,0,16598,116305,0,0,0,0,0,0,0,0,0,0,66,1951,44044,46062,178965,5928,613,0,8870,22359,0,0,0,8292,0,0,4340,3313,0,5921,0,128065,30030,0,7296,178965,0,0,0,0,0,373,0,102897,5017,0,0,108286,1,1.65636194790487
Seagoville Police Department,2003-03-01,Texas,11266,TX05722,2,4,0,0,12,3,21,3,0,1,0,0,0,0,0,1,0,1,9,12,18,39,4,2,0,18,8,0,0,1,6,3,1,4,4,7137,3304,0,20050,0,6712,37204,38096,0,0,0,0,0,0,0,93,0,93,159,2413,34671,37243,112636,2899,282,0,29324,1509,0,0,46,3184,1441,10308,767,0,5511,1424,0,38096,48619,1979,4490,112636,0,46,55,0,0,0,0,42237,2211,0,0,44550,1,1.65636194790487
Seagoville Police Department,2003-02-01,Texas,11266,TX05722,4,0,3,0,0,0,7,4,0,0,0,0,0,2,0,0,1,3,5,9,10,24,4,0,0,4,5,0,0,2,9,0,3,3,0,0,4000,4837,0,0,0,8837,11937,0,0,0,0,0,663,0,0,0,663,38,1671,17412,19121,40558,3664,0,0,3362,6796,0,0,25,5274,0,25,199,0,0,3313,0,11937,18372,0,6712,40558,0,25,0,0,0,3313,0,10104,1039,0,422,14902,1,1.65636194790487
Seagoville Police Department,2003-01-01,Texas,11266,TX05722,3,1,1,2,1,2,10,4,0,0,0,0,0,1,0,0,2,3,6,5,18,29,10,2,0,3,4,0,1,3,6,0,3,3,4,265,2104,735,1822,3644,1010,9580,28158,0,0,0,0,0,0,0,0,828,828,98,944,38767,39809,78376,7063,961,0,1451,884,0,17201,133,12116,0,50,1176,0,994,1574,0,31802,37745,0,5035,78376,0,50,0,0,0,0,0,9938,331,0,0,10319,1,1.65636194790487
Seagoville Police Department,2002-12-01,Texas,11304,TX05722,4,1,1,1,4,3,14,5,0,1,0,0,0,1,0,0,0,1,5,3,9,17,5,0,0,6,4,0,0,0,2,0,2,2,4,0,2841,6335,20934,1609,2329,34049,81591,0,0,0,0,0,0,0,0,0,0,139,427,22311,22877,138517,4069,0,0,5668,8829,0,0,0,4311,0,3249,203,0,3783,678,0,91755,28216,3388,7245,138517,0,0,0,0,0,0,0,70603,0,0,254,70857,1,1.69396293722493
Seagoville Police Department,2002-11-01,Texas,11304,TX05722,3,2,0,1,2,1,9,10,0,1,0,1,0,0,0,0,0,1,22,5,13,40,3,1,0,23,4,0,0,1,8,2,1,3,4,5155,2880,0,34,185,1282,9535,60813,0,0,0,339,0,0,0,0,0,339,7,1335,26693,28035,98722,2202,203,0,2582,5634,0,0,0,17414,0,478,1276,508,1282,3811,0,60813,27293,0,3261,98722,0,7,0,1172,0,0,0,64371,3183,0,0,68733,1,1.69396293722493
Seagoville Police Department,2002-10-01,Texas,11304,TX05722,2,1,2,1,0,5,11,6,1,0,0,0,0,0,0,0,0,0,7,9,17,33,12,0,0,11,3,1,0,1,5,3,3,6,1,381,3471,6318,0,1072,10298,21540,65387,0,0,0,0,0,0,0,0,0,0,581,1536,87431,89548,176475,4804,0,0,13033,2549,2541,0,5,66615,0,0,15556,0,762,0,0,65387,90493,508,3769,176475,0,0,0,0,0,0,0,62846,49591,0,339,112776,1,1.69396293722493
Seagoville Police Department,2002-09-01,Texas,11304,TX05722,3,3,0,2,2,0,10,5,0,1,0,0,0,0,0,0,1,1,5,6,13,24,3,4,0,5,6,0,0,1,5,0,4,4,2,5204,464,0,1779,678,0,8124,58967,0,0,0,0,0,0,0,0,427,427,230,1924,19160,21315,88833,102,1474,0,1165,5751,0,0,0,12823,0,349,2656,508,1779,423,0,63524,16240,0,3354,88833,0,0,0,0,0,0,0,77075,112,0,0,77187,1,1.69396293722493
Seagoville Police Department,2002-08-01,Texas,11304,TX05722,6,3,5,2,0,3,19,8,0,0,0,0,0,0,0,0,0,0,8,7,20,35,7,1,0,15,4,0,0,1,7,4,3,7,1,10648,6158,10362,0,1016,4874,33058,87805,0,0,0,0,0,0,0,0,0,0,230,1001,36103,37335,158198,4150,339,0,23709,3871,0,0,17,5250,2556,5,1855,767,2776,2206,0,87805,42817,3557,13853,158198,17,0,0,0,0,0,0,89780,847,0,0,90644,1,1.69396293722493
Seagoville Police Department,2002-07-01,Texas,11304,TX05722,1,3,4,0,2,1,11,4,0,0,0,0,0,0,0,0,0,0,11,7,17,35,9,2,0,8,6,1,0,2,7,0,4,4,1,3049,0,5488,678,0,1270,10486,87002,0,0,0,0,0,0,0,0,0,0,113,1123,112713,113949,211437,3879,644,0,7609,4780,152,0,36,96849,0,2407,1460,423,5246,2751,0,87002,107455,1846,2846,211437,0,22,0,0,0,0,0,35675,305,0,0,36002,1,1.69396293722493
Seagoville Police Department,2002-06-01,Texas,11304,TX05722,2,1,3,0,3,0,9,9,0,3,0,0,0,1,0,0,1,2,4,1,11,16,1,0,0,7,3,0,0,0,5,6,4,10,4,0,4374,6024,2126,0,0,12523,93198,0,0,0,0,0,5082,0,0,1016,6098,100,127,18552,18779,130599,1694,0,0,2846,811,0,0,0,13428,0,671,53,3854,6130,0,0,98280,19206,847,1558,130599,0,0,0,186,0,0,0,70371,1753,0,0,72310,1,1.69396293722493
Seagoville Police Department,2002-05-01,Texas,11304,TX05722,3,1,0,1,1,2,8,6,0,0,0,0,0,0,1,0,0,1,0,15,14,29,2,2,0,11,4,0,0,2,8,2,5,7,2,110,4054,0,9825,1474,5167,20629,64371,0,0,0,0,0,0,325,0,0,325,0,4548,41738,46286,131611,381,339,0,15911,1701,0,0,1187,26766,342,327,20841,0,85,49,0,74196,24837,9749,1186,131611,0,2,0,0,0,0,0,67250,254,0,0,67506,1,1.69396293722493
Seagoville Police Department,2002-04-01,Texas,11304,TX05722,1,0,0,1,0,1,3,2,0,2,0,0,0,0,0,0,0,0,3,5,12,20,3,1,0,2,5,0,0,1,8,2,3,5,5,0,0,0,0,2245,2075,4320,70299,0,0,0,0,0,0,0,0,0,0,51,788,21019,21857,96476,1652,136,0,2412,3522,0,0,17,14119,0,0,0,0,2075,0,0,70299,20910,0,3191,96476,339,0,0,0,0,0,0,87747,1491,0,1016,90593,1,1.69396293722493
Seagoville Police Department,2002-03-01,Texas,11304,TX05722,3,0,1,2,2,3,11,12,0,0,0,0,0,1,2,0,0,3,6,5,14,25,6,0,0,8,7,0,0,1,3,1,8,9,0,0,2033,1609,28362,16601,4533,53138,106308,0,0,0,0,0,0,2565,0,0,2565,161,1110,23463,24734,186744,2302,0,0,11480,9164,0,0,203,1584,144,0,4208,0,1609,6564,0,106308,61899,2202,3810,186744,0,0,2104,0,0,0,0,81226,0,0,0,83329,1,1.69396293722493
Seagoville Police Department,2002-02-01,Texas,11304,TX05722,5,2,2,0,2,1,12,4,0,1,0,0,0,0,0,0,0,0,10,3,14,27,2,1,0,15,2,0,0,1,6,1,2,3,2,3413,5129,452,15025,0,659,24679,8809,0,0,0,0,0,0,0,0,0,0,27,544,27280,27850,61338,796,339,0,7665,2245,0,0,4440,12366,313,4440,689,0,0,1313,0,8809,38692,1694,5388,61338,0,0,0,0,0,254,0,5590,58,0,0,5902,1,1.69396293722493
Seagoville Police Department,2002-01-01,Texas,11304,TX05722,3,1,2,0,0,5,11,17,0,0,0,0,0,0,0,0,0,0,11,7,19,37,3,0,0,20,5,0,0,4,5,6,8,14,6,10672,12152,4303,0,0,22409,49537,453982,0,0,0,0,0,0,0,0,0,0,113,1755,57669,59538,563056,1057,0,0,41324,12290,0,0,3796,1071,1855,3881,5089,474,8487,10291,0,453982,71988,0,7010,563056,0,15,0,0,0,0,0,353869,381,0,0,354265,1,1.69396293722493
Seagoville Police Department,2001-12-01,Texas,11069,TX05722,2,1,2,0,2,0,7,4,0,0,0,0,0,0,0,0,0,0,3,4,21,28,2,4,0,11,2,0,0,0,9,0,1,1,0,1119,1695,4173,14395,0,0,21381,21166,0,0,0,0,0,0,0,0,0,0,62,780,34177,35019,77566,2495,1132,0,22527,1858,0,0,0,7005,1306,122,95,206,3588,852,0,21166,47462,0,2769,77566,0,0,0,946,0,344,0,7055,602,0,946,9895,1,1.7208297251506
Seagoville Police Department,2001-11-01,Texas,11069,TX05722,0,1,0,0,2,0,3,4,0,0,0,0,0,0,0,0,0,0,6,1,12,19,4,1,0,5,4,0,0,1,4,1,1,2,5,124,0,0,2783,0,0,2906,29691,0,0,0,0,0,0,0,0,0,0,40,172,58727,58938,91536,10067,516,0,13340,1936,0,0,14,33066,0,95,6811,0,0,344,0,29691,44012,0,10583,91536,0,14,6539,0,0,0,0,28659,2753,0,0,37965,1,1.7208297251506
Seagoville Police Department,2001-10-01,Texas,11069,TX05722,2,1,1,0,2,2,8,10,0,0,0,0,0,0,0,0,0,0,14,6,12,32,6,1,0,9,6,0,0,4,6,3,2,5,8,15278,1549,8604,809,0,9465,35704,150056,0,0,0,0,0,0,0,0,0,0,181,4361,24296,28838,214598,3507,172,0,16795,7776,0,0,17,570,0,122,9482,0,8957,860,0,150917,33078,2925,8257,214598,0,0,0,0,0,0,0,49044,59,0,0,49102,1,1.7208297251506
Seagoville Police Department,2001-09-01,Texas,11069,TX05722,4,1,1,0,0,1,7,15,0,3,0,0,0,0,0,0,0,0,9,6,11,26,6,0,0,6,8,0,0,0,6,4,9,13,4,2211,27576,198,0,0,0,29985,168504,0,0,0,0,0,0,0,0,0,0,138,1323,13178,14639,213128,3894,0,0,2220,6217,0,0,0,2308,1032,0,2617,860,86,2616,0,169158,27712,3442,5605,213128,0,0,0,344,120,0,0,173288,1012,0,0,174764,1,1.7208297251506
Seagoville Police Department,2001-08-01,Texas,11069,TX05722,2,2,1,1,4,4,14,8,0,0,0,0,0,0,0,0,1,1,12,5,16,33,11,1,1,8,2,0,0,3,7,1,5,6,4,401,25382,2581,38030,1858,11031,79284,695645,0,0,0,0,0,0,0,0,89,89,265,1158,18342,19765,794784,5686,69,169,5920,327,0,0,110,7486,0,110,8310,2065,2702,0,0,732075,28025,6539,14957,794784,0,110,0,0,0,0,0,222882,1635,0,0,224627,1,1.7208297251506
Seagoville Police Department,2001-07-01,Texas,11069,TX05722,2,3,1,0,2,2,10,7,0,2,0,0,0,1,0,0,0,1,5,9,13,27,1,2,0,15,3,0,0,2,4,0,2,2,2,13379,37789,1902,4722,0,1724,59517,53036,0,0,0,0,0,5507,0,0,0,5507,206,2567,49004,51778,169837,275,465,0,32553,14214,0,0,817,3454,0,311,1076,3958,2168,51100,0,58543,45256,3442,3984,169837,0,0,0,0,0,0,0,26793,430,0,0,27224,1,1.7208297251506
Seagoville Police Department,2001-06-01,Texas,11069,TX05722,2,2,1,0,1,0,6,4,0,0,0,0,0,0,0,0,0,0,10,8,9,27,6,2,0,9,5,0,0,2,3,1,1,2,4,792,3347,413,516,0,0,5068,8604,0,0,0,0,0,0,0,0,0,0,71,1953,11617,13641,27313,215,946,0,2013,8864,0,0,53,1549,0,53,2848,1377,0,0,0,8604,13562,258,611,27313,0,0,0,0,0,0,0,4302,344,0,0,4646,1,1.7208297251506
Seagoville Police Department,2001-05-01,Texas,11069,TX05722,2,1,1,0,1,5,10,11,0,0,0,1,0,2,0,0,1,4,7,5,12,24,4,1,0,9,4,0,0,1,5,0,5,5,0,0,0,8243,0,0,4538,12781,107077,0,0,0,473,0,416,0,0,706,1595,46,1002,19253,20301,141753,3726,120,0,9853,3631,0,0,46,2924,129,743,4104,0,86,258,0,107077,21359,3304,4693,141753,0,0,0,0,0,0,0,203574,293,0,0,203867,1,1.7208297251506
Seagoville Police Department,2001-04-01,Texas,11069,TX05722,7,1,1,0,1,6,16,5,0,3,0,0,0,0,0,0,0,0,6,4,7,17,4,1,0,3,4,0,0,0,5,1,4,5,1,2495,6075,855,0,0,6049,15474,60573,0,0,0,0,0,0,0,0,0,0,1788,912,6154,8854,84901,181,258,0,2657,4151,0,0,0,1607,0,59,3419,4810,2065,0,0,60573,12658,0,1316,84901,0,0,0,3528,0,0,0,32696,1721,0,0,37944,1,1.7208297251506
Seagoville Police Department,2001-03-01,Texas,11069,TX05722,3,3,0,1,3,1,11,3,0,1,1,0,0,0,0,0,0,1,8,6,5,19,1,2,0,3,5,0,0,6,2,1,2,3,0,1803,3839,0,181,43,1144,7011,29254,0,0,0,0,0,0,0,0,0,0,220,1614,4367,6202,42467,301,379,0,3270,1535,0,0,494,224,69,1652,940,0,215,2855,0,29254,6441,0,1041,42467,0,986,308,0,0,0,0,22973,155,0,645,25067,1,1.7208297251506
Seagoville Police Department,2001-02-01,Texas,11069,TX05722,2,0,1,1,2,3,9,7,0,1,0,0,0,0,0,0,0,0,11,0,10,21,6,0,0,6,4,1,0,3,1,3,3,6,3,0,4612,1170,3951,428,2132,12294,42461,0,0,0,0,0,0,0,0,0,0,224,0,18127,18351,73106,1795,0,0,4281,43,4474,0,107,7651,43,824,4510,0,0,172,0,42461,18394,2786,3915,73106,43,0,602,0,0,688,0,48183,809,0,0,50326,1,1.7208297251506
Seagoville Police Department,2001-01-01,Texas,11069,TX05722,1,0,0,1,3,1,6,8,0,1,0,0,0,0,0,0,0,0,5,2,16,23,2,1,0,9,10,0,0,0,1,2,5,7,2,0,5162,0,79800,375,6806,92144,93785,0,0,0,0,0,0,0,0,0,0,79,387,24699,25165,211094,3751,361,0,10118,10504,0,0,0,430,0,7,1156,805,6720,7288,0,146787,42942,0,5390,211094,0,0,0,0,0,0,0,77523,8604,0,0,86128,1,1.7208297251506
Seagoville Police Department,2000-12-01,Texas,10823,TX05722,5,1,0,0,1,1,8,8,0,0,0,0,0,1,0,0,1,2,5,7,13,25,3,1,0,7,5,0,0,0,9,3,3,6,4,1062,8279,0,103,0,779,10222,63258,0,0,0,0,0,168,0,0,142,310,0,1490,17079,18569,92359,796,442,0,5671,7469,0,0,0,4190,0,202,3282,0,0,5839,0,63258,16881,0,2897,92359,0,0,0,0,0,0,0,57331,0,0,0,57331,1,1.76946331784747
Seagoville Police Department,2000-11-01,Texas,10823,TX05722,2,3,0,1,1,0,7,7,0,2,0,0,0,0,0,0,0,0,3,5,11,19,1,0,1,6,5,0,0,1,5,1,3,4,4,4617,425,0,0,1062,0,6103,920475,0,0,0,0,0,0,0,0,0,0,97,1324,17314,18735,945313,1017,0,88,6197,5721,0,0,398,5314,265,106,301,3318,0,0,0,920475,19406,0,1442,945313,0,0,0,0,0,0,0,413701,0,0,0,413701,1,1.76946331784747
Seagoville Police Department,2000-10-01,Texas,10823,TX05722,7,1,0,1,2,2,13,10,0,0,0,0,0,0,0,0,0,0,7,2,25,34,2,1,1,8,10,0,0,0,12,2,5,7,3,531,19323,0,4894,265,4903,29916,505486,0,0,0,0,0,0,0,0,0,0,122,264,146968,147354,682756,779,1062,354,91844,11284,0,0,0,42032,0,2718,9030,17668,610,64276,0,505486,68395,0,14573,682756,0,0,0,0,0,177,0,112134,1911,0,0,114222,1,1.76946331784747
Seagoville Police Department,2000-09-01,Texas,10823,TX05722,3,4,1,1,7,0,16,5,0,3,0,0,0,1,0,0,2,3,7,4,9,20,3,1,1,8,5,0,0,1,1,0,5,5,2,3042,3760,0,55397,708,0,62906,84050,0,0,0,0,0,0,0,0,2495,2495,104,734,18277,19116,168566,1124,531,88,14437,2918,0,0,0,18,0,2651,2555,796,177,1327,0,116608,39153,354,4946,168566,0,0,0,0,0,0,0,57508,0,0,0,57508,1,1.76946331784747
Seagoville Police Department,2000-08-01,Texas,10823,TX05722,6,0,2,1,3,1,13,5,0,0,0,0,0,0,0,0,0,0,8,5,13,26,2,0,5,10,5,0,0,0,4,0,2,2,2,0,9916,2212,17721,1769,2654,34273,212334,0,0,0,0,0,0,0,0,0,0,212,1002,15449,16663,263270,1460,0,258,8134,529,0,0,0,6282,885,258,2021,159,53,796,0,230028,21586,0,7483,263270,0,0,0,0,0,0,0,38926,3928,0,618,43472,1,1.76946331784747
Seagoville Police Department,2000-07-01,Texas,10823,TX05722,6,2,2,1,2,0,13,5,0,0,0,0,0,0,0,0,0,0,15,10,18,43,8,3,0,14,5,0,2,0,11,1,3,4,1,6582,11063,6115,4742,88,0,28591,188713,0,0,0,0,0,0,0,0,0,0,78,1621,41147,42846,260150,6315,637,0,3787,27906,0,779,0,3422,221,5,10852,3353,619,2819,0,192252,41678,0,8350,260150,0,0,188,708,0,0,0,187563,265,0,1416,190139,1,1.76946331784747
Seagoville Police Department,2000-06-01,Texas,10823,TX05722,3,1,0,0,0,1,5,7,0,0,0,0,0,0,0,0,0,0,1,11,14,26,6,5,0,4,6,0,0,0,5,4,4,8,2,1946,21193,0,0,0,0,23139,62816,0,0,0,0,0,0,0,0,0,0,19,2129,19204,21352,107307,1929,1131,0,8272,5376,0,0,0,4645,1108,19,1352,796,0,6956,0,62816,24243,2352,7665,107307,0,0,0,0,0,1166,0,63701,265,0,0,65132,1,1.76946331784747
Seagoville Police Department,2000-05-01,Texas,10823,TX05722,5,3,4,2,3,0,17,8,0,0,0,0,0,0,0,0,1,1,7,8,14,29,4,3,0,5,8,0,0,0,9,1,1,2,2,3675,21685,15794,7980,4254,0,53388,64047,0,0,0,0,0,0,0,0,248,248,115,1186,21832,23132,140816,7163,637,0,7007,4866,0,0,0,3459,0,35,4282,3061,2775,21570,0,64047,36430,4424,4192,140816,0,0,0,0,0,0,0,21853,150,0,0,22003,1,1.76946331784747
Seagoville Police Department,2000-04-01,Texas,10823,TX05722,1,0,2,1,1,3,8,4,0,1,0,0,0,1,4,0,0,5,3,0,6,9,0,0,0,5,3,0,0,0,1,0,1,1,1,0,646,1416,4424,239,6432,13156,24755,0,0,0,0,0,62,1502,0,0,1564,0,0,9980,9980,49455,0,0,0,6140,531,0,0,0,3309,142,0,609,0,0,0,0,29178,17783,0,1743,49455,0,0,0,708,0,0,0,44237,1239,0,380,46563,1,1.76946331784747
Seagoville Police Department,2000-03-01,Texas,10823,TX05722,3,2,1,0,1,0,7,6,0,0,0,0,0,1,0,0,0,1,9,5,7,21,2,0,1,4,8,0,0,0,6,0,4,4,1,2847,10183,0,1239,0,0,14269,157222,0,0,0,0,0,858,0,0,0,858,1141,1285,9394,11820,184169,3008,0,354,3006,1460,0,0,0,3992,230,74,1318,0,1327,5751,0,157222,12657,1769,3820,184169,0,0,0,0,0,0,0,127999,0,0,0,127999,1,1.76946331784747
Seagoville Police Department,2000-02-01,Texas,10823,TX05722,2,4,2,0,2,2,12,5,0,4,0,0,0,0,0,0,0,0,5,4,10,19,5,2,0,5,2,0,0,3,2,0,4,4,4,3274,10174,29161,6237,0,18997,67843,71486,0,0,0,0,0,0,0,0,0,0,136,575,17555,18266,157595,3937,1088,0,6464,1164,0,0,127,5485,2300,39,2996,9290,354,29382,0,71486,38396,0,3353,157595,0,0,0,0,0,0,0,36021,8600,0,0,44621,1,1.76946331784747
Seagoville Police Department,2000-01-01,Texas,10823,TX05722,3,0,1,1,1,1,7,7,0,0,0,0,0,0,0,0,0,0,4,3,17,24,5,2,0,6,1,1,0,3,6,2,2,4,3,0,5006,10882,11611,212,2720,30431,68572,0,0,0,0,0,0,0,0,0,0,7,715,26264,26986,125989,4815,566,0,7503,531,1416,0,964,11192,849,964,4353,6635,2546,1088,0,79997,26806,0,2750,125989,0,0,0,0,0,0,0,36354,1504,0,0,37858,1,1.76946331784747
Seagoville Police Department,1999-12-01,Texas,10141,TX05722,6,0,2,0,2,0,10,8,0,1,0,0,0,0,0,0,1,1,15,9,7,31,6,2,4,5,7,0,0,5,2,2,2,4,1,0,10855,21320,37,0,0,32211,90727,0,0,0,0,0,0,0,0,6219,6219,311,14497,56054,70862,200019,1910,331,9,57079,5524,0,0,48,5961,274,4,496,1482,229,4546,0,96947,42582,2378,51083,200019,0,2,68,0,0,0,0,66583,1001,0,37,67690,1,1.82921556856271
Seagoville Police Department,1999-11-01,Texas,10141,TX05722,4,2,5,0,0,1,12,2,0,0,0,0,1,0,1,0,0,2,3,7,5,15,2,2,1,5,4,0,0,1,0,0,2,2,3,1463,10800,10395,0,0,4544,27202,12805,0,0,0,0,0,0,274,0,0,274,121,1266,9420,10807,51088,669,594,220,1284,8003,0,0,37,0,0,121,2340,1933,0,10417,0,12805,12433,3658,7381,51088,0,0,0,0,0,0,0,16463,402,0,0,16865,1,1.82921556856271
Seagoville Police Department,1999-10-01,Texas,10141,TX05722,2,1,2,0,2,3,10,3,0,0,0,0,0,0,1,0,0,1,3,3,12,18,1,1,0,7,2,0,0,0,7,0,3,3,3,0,5100,183,0,0,13875,19157,14451,0,0,0,0,0,0,95,0,0,95,113,466,17926,18506,52209,256,549,0,6238,732,0,0,0,10732,0,0,95,0,0,0,0,14451,31514,1972,4178,52209,0,0,95,0,0,0,0,16463,823,0,220,17601,1,1.82921556856271
Seagoville Police Department,1999-09-01,Texas,10141,TX05722,8,2,3,0,0,1,14,7,0,0,0,0,0,0,0,0,0,0,2,5,25,32,2,3,0,13,6,0,0,5,3,0,1,1,6,1043,10368,3282,0,0,1187,15879,82113,0,0,0,0,0,0,0,0,0,0,40,944,41024,42008,140001,1463,1425,0,18429,3850,0,0,3272,13567,55,3170,247,1718,3062,6126,0,82113,39006,0,4504,140001,0,40,732,0,0,0,0,91,4436,0,1646,6946,1,1.82921556856271
Seagoville Police Department,1999-08-01,Texas,10141,TX05722,1,0,3,0,3,2,9,8,0,1,0,0,0,0,0,0,0,0,6,7,16,29,4,2,0,5,6,0,0,2,10,2,2,4,2,0,8043,14551,7253,0,1004,30852,86807,0,359,0,0,0,0,0,0,0,0,106,1207,54105,55418,173435,1390,302,0,1430,8290,0,0,33,43973,1965,15,39209,0,2012,2835,0,86807,30275,183,10134,173435,0,0,0,91,0,0,0,41432,274,0,0,41798,1,1.82921556856271
Seagoville Police Department,1999-07-01,Texas,10141,TX05722,1,2,1,1,2,6,13,7,0,0,0,0,0,0,0,0,0,0,6,7,10,23,4,3,0,8,2,0,0,0,6,2,1,3,4,677,3604,13,3915,0,43680,51888,43160,0,0,0,0,0,0,0,0,0,0,123,851,7582,8555,103603,1866,750,0,2863,1948,0,0,0,1129,82,82,1141,3552,247,119,0,44532,51734,64,2049,103603,82,0,0,161,0,0,0,16006,549,0,640,17438,1,1.82921556856271
Seagoville Police Department,1999-06-01,Texas,10141,TX05722,4,3,0,0,6,2,15,5,0,1,0,0,0,0,0,0,1,1,6,7,10,23,7,0,0,8,5,0,0,0,3,0,4,4,4,11330,5414,0,12777,0,1756,31278,147618,0,0,0,0,0,0,0,0,0,0,110,1388,37371,38869,217764,3673,0,0,7079,17946,0,0,0,10170,0,16494,501,618,2744,457,0,147618,41926,0,7406,217764,0,0,0,0,0,0,0,136642,2341,0,0,138984,1,1.82921556856271
Seagoville Police Department,1999-05-01,Texas,10141,TX05722,2,1,2,2,1,3,11,4,0,0,0,0,0,1,0,0,1,2,5,5,10,20,2,0,0,8,7,0,0,0,3,1,3,4,6,1699,547,1646,7683,1098,9100,21773,9146,0,0,0,0,0,91,0,0,915,1006,31,997,11879,12907,44832,0,0,0,8056,4156,0,0,0,695,0,37,9622,0,4037,5396,0,13189,9474,0,3079,44832,0,0,0,0,0,0,0,32011,0,0,0,32011,1,1.82921556856271
Seagoville Police Department,1999-04-01,Texas,10141,TX05722,2,1,4,0,0,2,9,8,0,1,0,0,1,0,0,0,0,1,4,7,7,18,3,2,0,4,5,0,0,0,4,0,5,5,0,412,9768,915,0,0,2058,13152,60792,0,0,0,0,0,0,0,0,0,0,82,1387,11094,12563,86507,1509,274,0,5158,3188,0,0,0,2433,393,0,0,0,0,0,0,60792,12885,0,12437,86507,0,0,0,0,0,0,0,46645,128,0,849,47622,1,1.82921556856271
Seagoville Police Department,1999-03-01,Texas,10141,TX05722,3,0,1,0,3,1,8,11,0,0,0,0,0,1,0,0,1,2,3,2,4,9,0,0,0,5,1,0,0,0,3,3,7,10,0,0,12539,695,10626,0,0,23860,137594,0,0,0,0,0,0,0,0,55,55,0,274,4491,4765,166274,0,0,0,3576,0,0,0,0,1189,4939,0,18,0,55,0,0,150124,7745,229,3165,166274,0,0,0,0,0,0,0,57353,0,0,0,57353,1,1.82921556856271
Seagoville Police Department,1999-02-01,Texas,10141,TX05722,1,1,1,0,9,2,14,1,0,0,0,0,0,0,0,0,0,0,3,3,13,19,3,1,0,4,6,0,0,0,5,0,1,1,1,366,37,366,2744,0,8250,11762,4573,0,0,0,0,0,0,0,0,0,0,139,1483,37795,39418,55753,532,0,0,9109,10591,0,0,0,19185,845,0,273,0,0,2927,0,7317,36992,37,7363,55753,0,0,0,0,0,0,0,2927,11506,0,1692,16125,1,1.82921556856271
Seagoville Police Department,1999-01-01,Texas,10141,TX05722,2,1,4,1,1,0,9,4,0,0,0,0,0,0,0,1,0,1,1,8,11,20,1,5,0,5,6,0,0,0,3,0,2,2,1,247,37,6117,5488,915,0,12803,32286,0,0,0,0,0,0,0,304,0,304,20,1471,30744,32234,77626,659,1178,0,1445,6325,0,0,0,22627,668,0,6834,366,110,2744,0,33200,28777,3254,1674,77626,0,0,0,201,0,0,0,45822,192,0,549,46764,1,1.82921556856271
Seagoville Police Department,1998-12-01,Texas,10171,TX05722,5,1,2,0,0,1,9,3,0,0,0,0,0,0,0,0,0,0,4,5,10,19,6,4,0,2,5,0,0,0,2,1,1,2,2,748,5720,409,0,0,17758,24635,40189,0,0,0,0,0,0,0,0,0,0,36,1054,17468,18558,83381,2505,1308,0,690,13167,0,0,0,888,708,0,11344,467,185,1206,0,57946,6724,0,4800,83381,0,0,0,0,0,0,0,33646,879,0,1495,36020,1,1.86923930269414
Seagoville Police Department,1998-11-01,Texas,10171,TX05722,5,1,0,0,1,3,10,4,0,0,0,0,0,0,0,0,0,0,3,0,6,9,3,0,1,2,0,0,0,2,1,1,3,4,1,617,5146,0,1875,0,6737,14374,83927,0,0,0,0,0,0,0,0,0,0,34,0,14898,14931,113233,6505,0,561,7832,0,0,0,34,0,0,1908,1196,0,0,654,0,83927,18496,0,7051,113233,0,1908,0,0,0,0,0,46731,0,0,0,48639,1,1.86923930269414
Seagoville Police Department,1998-10-01,Texas,10171,TX05722,5,1,2,0,1,2,11,5,0,0,0,0,0,0,0,0,2,2,3,4,15,22,5,1,0,3,6,0,0,2,5,1,4,5,3,299,7045,6172,1019,0,1580,16115,65423,0,0,0,0,0,0,0,0,1366,1366,150,821,47279,48249,131153,2907,561,0,2615,31626,0,0,299,10242,701,0,1776,3365,0,187,187,65423,48114,3365,8036,131153,0,0,129,0,0,0,0,65423,299,0,0,65851,1,1.86923930269414
Seagoville Police Department,1998-09-01,Texas,10171,TX05722,1,0,3,0,1,1,6,7,0,2,0,0,0,0,0,0,0,0,4,4,10,18,4,1,1,4,2,0,1,1,4,0,2,2,2,0,430,5496,1159,0,262,7346,27076,0,0,0,0,0,0,0,0,0,0,122,632,17479,18233,52655,5054,738,80,4953,5051,0,0,41,2314,280,41,2140,561,570,0,0,27076,14847,262,6877,52655,0,41,0,0,0,0,0,46824,1365,0,1626,49856,1,1.86923930269414
Seagoville Police Department,1998-08-01,Texas,10171,TX05722,3,2,1,0,1,1,8,5,0,3,0,0,0,0,0,0,0,0,2,5,6,13,1,3,0,4,4,0,0,0,1,0,3,3,0,19,4892,430,4673,0,11275,21289,60978,0,0,0,0,0,0,0,0,0,0,0,1155,12402,13558,95825,187,925,0,3486,2211,0,0,0,6748,0,0,865,1495,0,0,0,60978,26186,4673,1626,95825,0,0,230,0,5608,0,0,127108,561,0,0,133507,1,1.86923930269414
Seagoville Police Department,1998-07-01,Texas,10171,TX05722,6,1,3,0,1,0,11,6,0,2,0,0,0,0,1,0,0,1,13,1,11,25,5,3,0,4,2,0,0,0,11,0,3,3,3,1439,11666,8402,7800,0,0,29308,65507,0,0,0,0,0,0,0,0,0,0,82,187,22093,22362,117177,2523,804,0,1215,15924,0,0,0,1895,1495,26,15625,0,4243,2804,0,65507,19358,0,8118,117177,1495,0,0,0,224,0,0,75327,3738,0,701,81486,1,1.86923930269414
Seagoville Police Department,1998-06-01,Texas,10171,TX05722,3,0,1,1,2,1,8,2,0,3,0,0,0,0,0,0,0,0,3,0,3,6,0,1,0,0,2,0,0,0,3,2,1,3,1,0,13272,75,187,56,187,13776,41680,0,0,0,0,0,0,0,0,0,0,0,0,5944,5944,61401,0,710,0,0,2991,0,0,0,2243,0,0,56,1122,5982,8131,2243,41680,2000,187,0,61401,0,0,0,561,0,0,0,2430,0,0,0,2991,1,1.86923930269414
Seagoville Police Department,1998-05-01,Texas,10171,TX05722,5,0,1,1,1,0,8,6,0,0,0,0,0,1,0,0,1,2,1,3,5,9,1,2,0,1,3,0,0,0,2,0,3,3,1,0,31009,383,140,166,0,31699,65685,0,0,0,0,0,0,0,0,187,187,0,757,8684,9442,107012,280,1759,0,1974,5054,0,0,0,374,5421,286,845,561,103,16879,0,65685,6593,748,9892,107012,748,0,0,0,0,1776,0,21870,2393,0,4813,31599,1,1.86923930269414
Seagoville Police Department,1998-04-01,Texas,10171,TX05722,8,0,0,1,4,0,13,9,0,0,0,0,0,0,1,0,0,1,9,8,16,33,2,0,0,16,4,0,0,2,9,2,4,6,1,0,84914,0,4458,20001,0,109373,76826,0,0,0,0,0,0,0,0,0,0,329,3516,73818,77663,263862,2477,0,0,66029,600,0,0,473,8084,0,264,159,16571,374,96434,2804,76826,51600,3365,15466,263862,0,0,0,0,0,0,0,22992,9004,0,421,32416,1,1.86923930269414
Seagoville Police Department,1998-03-01,Texas,10171,TX05722,4,0,1,0,1,2,8,3,0,0,0,0,0,1,0,0,0,1,9,6,6,21,0,1,0,4,5,0,0,0,11,1,2,3,1,0,18814,0,0,0,4467,23281,28693,0,0,0,0,0,280,0,0,0,280,217,1494,4976,6686,58941,0,280,0,879,1286,0,0,0,4241,0,293,3047,561,327,3879,0,28693,15361,0,6780,58941,0,0,0,0,0,0,0,28693,258,0,1265,30216,1,1.86923930269414
Seagoville Police Department,1998-02-01,Texas,10171,TX05722,3,0,0,1,3,0,7,4,0,1,0,0,0,0,0,0,0,0,14,8,17,39,8,2,0,7,6,0,0,0,16,2,0,2,3,0,5079,0,5514,1009,0,11602,37104,0,0,0,0,0,0,0,0,0,0,419,1325,27958,29702,78409,5142,374,0,4510,11285,0,0,0,8391,561,284,4,0,75,1813,2430,37104,20040,7266,8832,78409,0,0,0,0,0,0,0,54488,1383,0,449,56320,1,1.86923930269414
Seagoville Police Department,1998-01-01,Texas,10171,TX05722,3,2,5,0,0,1,11,3,0,1,0,0,0,0,0,0,0,0,18,4,19,41,7,3,0,8,4,1,0,2,16,1,1,2,3,1047,2363,7935,0,0,1075,12419,30618,0,0,0,0,0,0,0,0,0,0,389,935,28749,30072,73110,6391,3178,0,15167,3770,542,0,88,936,991,439,3402,991,4224,561,0,30618,16750,0,15133,73110,0,0,0,187,327,0,0,19403,643,0,1327,21887,1,1.86923930269414
Seagoville Police Department,1997-12-01,Texas,10594,TX05722,2,4,1,0,3,1,11,6,0,1,0,0,0,0,0,0,0,0,16,4,13,33,0,0,0,2,8,0,0,2,21,4,4,8,3,475,7407,0,6359,0,142,14383,54784,0,0,0,0,0,0,0,0,0,0,395,1877,42534,44806,113973,0,0,0,22883,14751,0,0,213,6959,114,907,3855,2407,47,30942,0,54784,19351,0,1566,113973,0,0,0,949,0,0,0,43394,0,0,0,44343,1,1.89825511369536
Seagoville Police Department,1997-11-01,Texas,10594,TX05722,6,1,2,0,1,1,11,4,0,0,0,0,0,0,1,0,1,2,16,1,10,27,5,0,0,3,2,0,0,0,17,1,1,2,6,10372,21697,2650,0,0,949,35668,86371,0,0,0,0,0,0,38,0,361,399,4265,285,28512,33062,155499,1196,0,0,4822,9696,0,0,0,17348,435,3709,2494,5600,1441,2872,0,86371,38180,0,14398,155499,8,4,57,0,0,25,0,7783,642,0,683,9201,1,1.89825511369536
Seagoville Police Department,1997-10-01,Texas,10594,TX05722,4,3,2,0,1,1,11,3,0,0,0,0,0,1,0,0,0,1,25,6,11,42,4,2,0,10,1,0,0,5,20,1,3,4,4,427,5028,1042,3797,0,209,10503,53514,0,0,0,0,0,1044,0,0,0,1044,530,2168,37122,39820,104880,1803,569,0,5607,1566,0,0,4463,25811,864,5074,20900,380,1612,1547,0,53514,18487,759,1744,104880,0,63,0,0,0,1547,0,37965,854,0,0,40429,1,1.89825511369536
Seagoville Police Department,1997-09-01,Texas,10594,TX05722,1,1,5,0,0,0,7,7,0,0,0,0,0,0,0,0,0,0,17,3,18,38,5,4,0,3,4,0,1,3,18,3,1,4,6,285,816,6424,0,0,0,7525,63971,0,0,0,0,0,0,0,0,0,0,364,550,74079,74994,146490,3967,2240,0,1819,11771,0,97,290,54810,0,907,569,2041,892,2563,3797,63971,60539,85,11126,146490,0,290,0,664,0,0,0,18603,38535,0,0,58092,1,1.89825511369536
Seagoville Police Department,1997-08-01,Texas,10594,TX05722,3,1,1,0,2,2,9,3,0,1,0,0,0,0,0,0,0,0,17,8,16,41,2,3,0,3,11,0,0,3,19,2,5,7,0,380,3988,38,27107,0,9045,40558,81625,0,0,0,0,0,0,0,0,0,0,492,1579,32897,34968,157151,0,702,0,3242,18819,0,0,623,11581,854,938,15655,5885,0,8068,0,81625,42096,0,2031,157151,0,520,0,0,0,0,0,136200,3599,0,0,140319,1,1.89825511369536
Seagoville Police Department,1997-07-01,Texas,10594,TX05722,4,1,4,0,1,4,14,4,0,1,0,0,0,0,1,0,0,1,14,5,13,32,3,8,0,3,4,0,0,2,12,0,2,2,2,759,4474,9772,541,0,5809,21355,56029,0,0,0,0,0,0,256,0,0,256,304,951,29427,30681,108322,0,6745,0,1925,14867,0,0,404,6741,1253,885,1224,3104,1718,18449,0,56029,23073,0,2587,108322,0,0,28,541,0,190,0,40623,1129,0,1469,43981,1,1.89825511369536
Seagoville Police Department,1997-06-01,Texas,10594,TX05722,1,1,0,0,1,1,4,2,0,0,0,1,0,0,0,0,0,1,8,9,12,29,3,2,0,8,6,0,0,2,8,2,1,3,0,142,2658,0,380,0,1424,4603,23728,0,0,0,207,0,0,0,0,0,207,228,2948,12227,15402,43941,2240,1044,0,7825,2278,0,0,85,1931,949,351,2424,0,1803,569,0,23728,9478,0,4637,43941,0,66,104,0,0,0,0,23728,3445,0,425,27770,1,1.89825511369536
Seagoville Police Department,1997-05-01,Texas,10594,TX05722,1,1,0,0,0,1,3,2,0,1,0,0,0,0,0,0,0,0,25,7,7,39,7,1,0,5,2,0,0,5,19,0,3,3,2,8081,4055,0,0,0,4328,16464,34169,0,0,0,0,0,0,0,0,0,0,588,3487,5847,9922,60554,4932,1139,0,76,854,0,0,70,2851,949,513,4778,0,2904,7282,0,34169,7312,0,2648,60554,0,4,2418,340,0,2278,0,63781,1139,0,0,69960,1,1.89825511369536
Seagoville Police Department,1997-04-01,Texas,10594,TX05722,3,1,1,0,1,2,8,4,0,1,0,0,0,0,0,0,0,0,15,5,14,34,6,1,0,9,6,0,0,2,10,1,3,4,3,133,4470,3797,0,0,475,8874,30372,0,0,0,0,0,0,0,0,0,0,309,1042,38250,39601,78848,902,190,0,24524,7109,0,0,23,6855,636,370,1243,7726,1898,1589,0,30372,32284,0,2730,78848,0,17,9,1898,0,0,0,30372,13667,0,569,46534,1,1.89825511369536
Seagoville Police Department,1997-03-01,Texas,10594,TX05722,1,4,2,1,1,0,9,5,0,1,0,0,0,0,0,0,0,0,18,8,12,38,4,2,0,6,6,0,0,3,17,1,3,4,0,2815,1139,3237,1898,1661,0,10750,35213,0,0,0,0,0,0,0,0,0,0,550,1595,33565,35710,81672,1936,569,0,3284,4303,0,0,270,25347,142,693,2553,0,0,3667,0,35213,28293,3559,7551,81672,0,152,2278,0,0,0,0,10440,0,0,0,12870,1,1.89825511369536
Seagoville Police Department,1997-02-01,Texas,10594,TX05722,3,0,2,0,1,1,7,5,0,0,0,0,0,0,0,0,0,0,10,5,10,25,1,1,0,2,10,0,0,1,10,1,2,3,3,0,5940,5989,3550,0,1898,17377,67388,0,0,0,0,0,0,0,0,0,0,178,1460,62971,64609,149374,380,245,0,541,56502,0,0,4,6938,0,156,52620,664,1196,399,0,67388,19719,0,7232,149374,0,0,0,0,9675,0,0,19932,2468,0,0,32075,1,1.89825511369536
Seagoville Police Department,1997-01-01,Texas,10594,TX05722,2,0,1,0,0,2,5,3,0,1,0,0,0,0,0,0,0,0,16,2,11,29,3,0,0,4,3,0,0,3,16,0,3,3,1,0,1519,949,0,0,205,2673,58846,0,0,0,0,0,0,0,0,0,0,383,569,25881,26834,88352,1329,0,0,1870,1424,0,0,91,22120,0,270,1027,475,9675,0,0,58846,3658,949,13453,88352,0,36,0,712,0,0,0,80106,1082,0,0,81936,1,1.89825511369536
Seagoville Police Department,1996-12-01,Texas,10425,TX05722,2,1,1,0,1,2,7,3,0,0,0,0,0,0,0,0,1,1,16,3,7,26,2,0,0,9,2,0,0,1,12,0,1,1,2,0,1743,1360,1457,0,2720,7279,34326,0,0,0,0,0,0,0,0,291,291,274,791,42408,43472,85369,19426,0,0,4870,16182,0,0,0,2994,39,227,1943,1360,208,16182,0,34326,28617,0,2467,85369,0,0,0,0,0,0,0,7771,0,0,0,7771,1,1.94263043247264
Seagoville Police Department,1996-11-01,Texas,10425,TX05722,1,1,1,1,1,3,8,5,0,0,0,0,0,0,0,0,0,0,15,4,9,28,3,0,0,4,5,0,0,1,15,2,2,4,2,4216,0,534,0,3312,5536,13598,60610,0,0,0,0,0,0,0,0,0,0,398,1028,20967,22393,96601,497,0,0,7108,4509,0,0,19,10259,0,251,482,874,3817,3079,0,60610,24036,0,3452,96601,0,0,225,0,0,194,0,76151,0,0,0,76571,1,1.94263043247264
Seagoville Police Department,1996-10-01,Texas,10425,TX05722,3,1,1,0,1,2,8,5,0,2,0,0,0,0,0,0,0,0,16,8,3,27,0,2,0,5,2,0,0,2,16,0,1,1,3,19,12176,486,787,0,1554,15022,112090,0,0,0,0,0,0,0,0,0,0,561,1523,6216,8301,135413,0,394,0,633,437,0,0,16,6821,0,293,690,591,0,2759,0,112090,16050,117,2825,135413,0,51,0,0,0,0,0,58279,185,0,0,58514,1,1.94263043247264
Seagoville Police Department,1996-09-01,Texas,10425,TX05722,2,1,3,1,2,1,10,1,0,1,0,0,0,1,0,0,0,1,16,8,14,38,2,5,3,9,3,0,0,2,14,0,2,2,1,1418,5993,398,17406,486,777,26478,3885,0,0,0,0,0,0,0,0,0,0,523,1368,86208,88098,118462,2253,1329,303,15026,2634,0,0,12,66541,0,278,60884,0,4468,6080,0,4371,36481,0,5900,118462,0,4,0,0,0,0,0,1748,1418,0,0,3170,1,1.94263043247264
Seagoville Police Department,1996-08-01,Texas,10425,TX05722,6,3,2,1,2,1,15,7,0,0,0,0,0,0,0,0,0,0,9,12,14,35,5,3,1,3,7,0,0,1,15,1,4,5,1,6236,5078,1331,9189,175,15055,37063,128505,0,0,0,0,0,0,0,0,0,0,218,2634,24409,27261,192829,3450,1752,126,8079,4750,0,0,10,9093,7040,7298,3782,4759,6508,5090,0,128505,16986,8548,4313,192829,0,0,0,0,0,0,0,121317,1261,0,0,122578,1,1.94263043247264
Seagoville Police Department,1996-07-01,Texas,10425,TX05722,1,1,0,0,2,1,5,4,0,0,0,0,0,0,1,0,0,1,11,4,13,28,4,4,0,2,3,0,0,3,12,2,5,7,2,631,16318,0,2331,0,1272,20553,229813,0,0,0,0,0,0,4,0,0,4,763,740,11188,12691,263061,2807,1428,0,971,1943,0,0,763,4779,0,289,1166,0,1272,0,0,229813,14232,6605,9684,263061,0,4,0,1554,0,680,0,76345,777,0,0,79360,1,1.94263043247264
Seagoville Police Department,1996-06-01,Texas,10425,TX05722,3,1,2,0,1,0,7,6,0,0,0,0,0,0,0,0,1,1,15,4,11,30,1,5,0,4,4,0,0,1,15,0,0,0,0,1166,8322,2253,2331,0,0,14072,54392,0,0,0,0,0,0,0,0,554,554,406,1010,32300,33716,102734,78,1884,0,3429,25157,0,0,4,3165,0,328,24860,971,0,1661,0,54392,10830,0,9692,102734,0,0,0,0,0,0,0,0,0,0,0,0,1,1.94263043247264
Seagoville Police Department,1996-05-01,Texas,10425,TX05722,3,0,1,0,0,2,6,3,0,1,0,0,1,1,0,0,0,2,14,6,16,36,2,3,0,9,3,0,0,1,18,0,1,1,3,0,2467,5439,0,0,18436,26342,16318,0,0,0,0,330,243,0,0,0,573,398,1506,20980,22884,66117,56,1224,0,12520,1166,0,0,41,7877,0,1649,2176,0,5430,3885,0,16318,35494,0,1166,66117,0,0,291,0,0,0,0,15541,41,0,0,15873,1,1.94263043247264
Seagoville Police Department,1996-04-01,Texas,10425,TX05722,2,2,2,0,0,8,14,2,0,0,0,0,0,0,0,0,0,0,22,6,16,44,3,1,1,7,3,0,0,6,23,0,1,1,1,3691,3547,6799,0,0,12064,26101,2739,0,0,0,0,0,0,0,0,0,0,707,1527,45013,47247,76087,7749,346,777,19698,1836,0,0,2642,14199,350,3180,2409,0,6764,5974,0,2739,43666,7771,3234,76087,0,0,0,0,0,0,0,11656,0,0,0,11656,1,1.94263043247264
Seagoville Police Department,1996-03-01,Texas,10425,TX05722,1,4,2,0,2,4,13,1,0,2,0,0,0,1,0,0,0,1,6,1,9,16,6,0,0,3,1,0,0,0,6,1,1,2,0,27492,6799,2710,63524,0,14764,115289,4857,0,0,0,0,0,97,0,0,0,97,4305,276,9313,13894,134137,3590,0,0,3969,583,0,0,0,5752,470,4505,0,7382,9268,1651,0,4857,86410,3497,16097,134137,0,39,0,0,0,0,0,10684,0,0,0,10723,1,1.94263043247264
Seagoville Police Department,1996-02-01,Texas,10425,TX05722,1,1,1,0,5,0,8,7,0,0,0,0,0,0,0,0,0,0,7,3,7,17,3,0,0,5,3,0,0,0,6,2,4,6,3,1379,44389,14570,35535,0,0,95873,75180,0,0,0,0,0,0,0,0,0,0,233,659,10978,11869,182922,2185,0,0,3742,5787,0,0,0,155,14375,7067,1671,0,16512,11073,0,75180,48531,0,8513,182922,0,49,361,0,0,0,0,64884,2790,0,4427,72511,1,1.94263043247264
Seagoville Police Department,1996-01-01,Texas,10425,TX05722,1,1,0,0,3,1,6,3,0,0,0,0,0,0,0,0,0,0,13,2,11,26,0,1,0,2,3,0,0,2,18,0,1,1,0,2185,645,0,7868,0,680,11378,14570,0,0,0,0,0,0,0,0,0,0,326,319,33017,33662,59610,0,534,0,2877,8161,0,0,124,21965,0,2576,0,0,6255,3934,0,14570,25633,0,6642,59610,0,25,0,214,0,0,0,0,1653,0,0,1892,1,1.94263043247264
Seagoville Police Department,1995-12-01,Texas,10246,TX05722,3,3,1,1,1,1,10,6,0,0,0,1,0,1,0,0,0,2,8,5,17,30,2,4,0,6,5,0,0,2,11,0,3,3,7,21907,4559,300,800,260,400,28226,77184,0,0,0,1606,0,30,0,0,0,1636,246,1446,32001,33693,140738,616,2278,0,11618,15499,0,0,64,3619,1608,166,2068,200,0,20126,0,77184,31629,0,7758,140738,0,32,1490,0,0,0,0,54188,316,0,0,56026,1,1.99957289729848
Seagoville Police Department,1995-11-01,Texas,10246,TX05722,4,1,0,1,1,1,8,3,0,1,0,1,0,0,0,0,0,1,6,9,9,24,6,3,0,2,3,0,0,2,8,0,3,3,2,216,35308,0,6977,0,400,42901,37982,0,0,0,5989,0,0,0,0,0,5989,182,2092,19060,21333,108205,3989,860,0,1620,7198,0,0,32,7634,700,94,3343,5617,2000,20066,0,43971,24499,0,7916,108205,0,12,0,220,0,0,0,55968,460,0,0,56660,1,1.99957289729848
Seagoville Police Department,1995-10-01,Texas,10246,TX05722,2,2,1,1,4,1,11,6,0,1,0,0,0,1,0,0,0,1,11,10,14,35,11,4,0,5,2,0,0,4,9,1,3,4,3,600,1468,1500,22145,2725,100,28538,90621,0,0,0,0,0,450,0,0,0,450,222,2849,38004,41075,160684,10658,690,0,3121,2200,0,0,108,24299,1000,290,2899,4049,0,0,0,90621,52879,1300,7646,160684,0,74,0,0,0,0,0,62087,100,1300,600,64160,1,1.99957289729848
Seagoville Police Department,1995-09-01,Texas,10246,TX05722,5,0,0,0,0,1,6,9,1,1,0,0,0,0,0,0,0,0,11,7,7,25,5,2,1,6,5,0,0,1,5,2,4,6,1,0,10938,0,0,0,0,10938,72185,0,0,0,0,0,0,0,0,0,0,230,1150,7370,8750,91872,2439,376,0,4721,940,0,0,120,154,0,226,180,620,0,6599,0,72185,8044,0,4019,91872,0,0,64,0,0,6599,0,50589,130,0,378,57760,1,1.99957289729848
Seagoville Police Department,1995-08-01,Texas,10246,TX05722,10,4,0,0,3,1,18,3,0,1,0,0,0,1,0,0,0,1,8,6,11,25,1,5,0,6,4,0,0,0,9,0,2,2,2,6085,31371,0,3799,0,2525,43781,39492,0,0,0,0,0,8,0,0,0,8,230,1470,39438,41137,124417,100,2539,0,2369,5635,0,0,0,30493,1630,170,9110,600,2080,7678,0,39492,59453,0,4205,124417,0,0,0,0,0,0,0,37992,12097,0,0,50089,1,1.99957289729848
Seagoville Police Department,1995-07-01,Texas,10246,TX05722,1,0,4,0,2,1,8,6,0,3,0,0,0,1,0,0,0,1,15,7,18,40,8,2,0,5,4,0,0,3,18,2,3,5,2,0,1020,8458,2433,0,11324,23235,33593,0,0,0,0,0,0,0,0,0,0,610,1666,23687,25962,82790,2691,920,0,2200,7218,0,0,84,12849,0,302,1542,5979,4169,5209,0,33593,18628,1000,12369,82790,0,84,0,440,0,0,0,35992,590,0,1350,38456,1,1.99957289729848
Seagoville Police Department,1995-06-01,Texas,10246,TX05722,3,1,0,1,2,1,8,4,0,1,0,0,0,0,0,0,0,0,9,3,13,25,3,1,0,4,7,0,0,2,8,2,3,5,3,800,540,0,450,420,1080,3289,38992,0,0,0,0,0,0,0,0,0,0,180,766,14811,15757,58038,2050,500,0,6027,3965,0,0,42,3173,950,520,666,700,0,0,0,38992,12921,0,3289,58038,100,38,0,700,0,0,0,38992,1040,0,240,41109,1,1.99957289729848
Seagoville Police Department,1995-05-01,Texas,10246,TX05722,6,1,1,2,4,1,15,8,0,0,0,0,0,0,0,1,2,3,13,7,8,28,2,3,0,7,8,0,0,2,6,2,4,6,2,7644,11468,840,19472,16946,24391,80761,43391,0,0,0,0,0,0,0,20,2018,2038,280,1324,17686,19290,145479,1200,678,0,7812,9330,0,0,24,246,470,160,2497,220,22751,4779,0,43391,44263,15397,11552,145479,0,0,0,0,0,0,0,23795,0,0,0,23795,1,1.99957289729848
Seagoville Police Department,1995-04-01,Texas,10246,TX05722,1,0,1,0,1,1,4,1,0,1,0,0,0,0,0,0,0,0,14,5,6,25,1,2,0,4,2,0,0,1,15,0,1,1,1,0,1680,44395,6,0,4189,50269,1140,0,0,0,0,0,0,0,0,0,0,2539,11819,26524,40883,92292,3445,380,0,1590,25311,0,0,14,10144,5589,2455,920,2679,7718,1556,0,1140,28244,0,41991,92292,0,0,0,0,0,0,0,1140,14,0,0,1154,1,1.99957289729848
Seagoville Police Department,1995-03-01,Texas,10246,TX05722,2,2,1,0,1,0,6,2,0,2,0,0,0,0,0,0,0,0,15,2,3,20,1,1,0,0,1,0,0,1,16,3,0,3,1,4099,2355,300,6999,0,0,13753,11498,0,0,0,0,0,0,0,0,0,0,462,442,4099,5003,30254,200,700,0,0,2200,0,0,34,1870,0,456,800,2999,280,3299,0,11498,9666,0,1256,30254,0,34,0,740,0,0,0,24895,900,0,0,26568,1,1.99957289729848
Seagoville Police Department,1995-02-01,Texas,10246,TX05722,3,1,1,3,2,2,12,6,0,0,0,0,0,0,0,0,0,0,7,3,13,23,4,1,1,4,4,0,0,3,6,2,4,6,2,20,10056,19216,0,6299,6559,42149,69385,0,0,0,0,0,0,0,0,0,0,196,546,21605,22347,133881,1638,200,2000,6405,2551,0,0,100,9454,0,216,3925,13031,800,8098,0,69385,30629,0,7796,133881,0,100,0,2597,0,0,0,55988,210,0,0,58895,1,1.99957289729848
Seagoville Police Department,1995-01-01,Texas,10246,TX05722,7,0,1,0,2,0,10,5,0,0,0,0,0,0,0,0,0,0,16,3,7,26,2,2,0,4,1,0,0,1,16,2,0,2,1,0,4343,12605,5649,0,0,22597,23395,0,0,0,0,0,0,0,0,0,0,814,740,6529,8082,54074,1050,1040,0,2060,2,0,0,330,3601,700,578,3893,3179,2000,0,0,23395,12949,2997,4383,54074,0,0,0,0,0,5999,0,15997,600,0,2997,25593,1,1.99957289729848
Seagoville Police Department,1994-12-01,Texas,10166,TX05722,1,1,0,0,1,2,5,4,0,0,0,0,0,0,1,0,0,1,12,4,5,21,3,0,1,1,4,0,0,2,10,2,1,3,1,17689,10381,0,810,0,1883,30763,65524,0,0,0,0,0,0,9446,0,0,9446,428,693,8891,10011,115744,3310,0,0,0,715,0,0,19,5968,0,162,944,7555,0,18429,0,65524,21691,0,1439,115744,0,0,0,0,0,0,0,25696,1161,0,0,26857,1,2.05566930904593
Seagoville Police Department,1994-11-01,Texas,10166,TX05722,7,0,1,0,0,5,13,2,0,0,0,0,0,0,0,0,1,1,8,10,12,30,12,0,0,5,6,0,0,1,6,1,1,2,3,0,9475,103,0,0,4751,14328,925,0,0,0,0,0,0,0,0,82,82,156,1943,14799,16898,32233,5359,0,0,489,9826,0,0,10,1213,103,156,617,3207,2981,7254,0,925,7246,0,9744,32233,0,10,0,360,411,0,0,14106,0,0,617,15504,1,2.05566930904593
Seagoville Police Department,1994-10-01,Texas,10166,TX05722,3,2,0,0,0,5,10,5,0,1,0,0,0,1,0,0,0,1,10,9,15,34,5,1,1,6,11,0,0,5,5,0,1,1,2,1499,11629,0,0,0,58358,71486,32864,0,0,0,0,0,103,0,0,0,103,802,2391,52247,55439,159892,7725,411,820,1805,41056,0,0,641,2981,0,265,1538,1696,2241,40125,0,32864,71050,411,9703,159892,0,197,0,0,0,3495,0,8223,0,0,0,11915,1,2.05566930904593
Seagoville Police Department,1994-09-01,Texas,10166,TX05722,2,0,5,0,0,0,7,4,1,0,0,0,0,0,0,0,0,0,9,5,12,26,3,1,0,4,3,1,0,1,13,0,2,2,1,0,1252,13440,0,0,0,14692,29499,0,0,0,0,0,0,0,0,0,0,236,1423,30506,32165,76356,1932,257,0,1490,16094,109,0,1131,11152,0,1285,1176,140,2487,2442,0,29499,38094,0,1233,76356,0,0,0,0,0,0,0,27238,617,0,615,28469,1,2.05566930904593
Seagoville Police Department,1994-08-01,Texas,10166,TX05722,1,0,2,1,0,1,5,5,0,0,0,0,0,0,0,0,0,0,8,7,9,24,1,2,0,2,3,0,0,2,14,4,1,5,1,0,10895,3916,0,127,4882,19821,59614,0,0,0,0,0,0,0,0,0,0,191,1277,8095,9563,88998,228,463,0,1270,3022,0,0,835,3745,0,1013,360,1028,4728,1850,0,59614,17763,0,2642,88998,0,0,0,0,0,0,0,59614,3186,0,0,62801,1,2.05566930904593
Seagoville Police Department,1994-07-01,Texas,10166,TX05722,2,1,4,0,3,5,15,5,0,4,0,0,0,0,0,0,0,0,11,10,14,35,5,5,0,0,10,0,0,2,13,1,4,5,0,0,884,4035,15785,0,4821,25525,55298,0,0,0,0,0,0,0,0,0,0,450,2146,15794,18390,99213,1770,2126,0,0,5577,0,0,95,8823,103,292,1645,1336,1850,0,0,55298,34825,0,3865,99213,0,0,0,0,0,0,0,55298,0,0,0,55298,1,2.05566930904593
Seagoville Police Department,1994-06-01,Texas,10166,TX05722,0,2,1,1,0,2,6,4,0,1,0,0,0,0,1,0,0,1,9,2,7,18,1,1,1,1,4,0,0,4,6,2,2,4,1,62,0,1439,0,514,1624,3639,39563,0,0,0,0,0,0,308,0,0,308,275,380,23852,24508,68018,216,164,14,72,3760,0,0,582,19699,0,185,2683,0,1953,0,0,39563,20045,0,3589,68018,0,21,0,0,0,0,0,59092,51,0,0,59164,1,2.05566930904593
Seagoville Police Department,1994-05-01,Texas,10166,TX05722,2,2,1,0,1,2,8,4,0,0,0,0,0,0,1,1,0,2,7,9,8,24,3,1,0,5,5,0,0,2,8,1,1,2,0,103,3659,189,0,0,154,4105,19734,0,0,0,0,0,0,0,0,0,0,210,3854,15241,19305,43144,771,1439,0,3782,1490,0,0,99,11723,0,99,950,154,524,0,0,19734,18723,2549,411,43144,0,4,0,0,0,0,0,14390,146,0,10278,24818,1,2.05566930904593
Seagoville Police Department,1994-04-01,Texas,10166,TX05722,1,0,2,0,0,1,4,3,0,0,0,0,0,0,0,0,0,0,6,3,4,13,1,1,0,3,1,0,0,2,5,1,3,4,2,0,1131,709,0,0,4111,5951,63109,0,0,0,0,0,0,0,0,0,0,181,645,14125,14951,84011,97,288,0,744,12969,0,0,245,608,514,319,0,0,0,0,0,63109,19453,0,617,84011,0,234,0,0,0,0,0,73387,0,0,0,73622,1,2.05566930904593
Seagoville Police Department,1994-03-01,Texas,10166,TX05722,5,0,2,0,3,1,11,4,0,0,0,0,0,0,1,0,0,1,6,8,12,26,2,0,1,3,9,0,0,1,10,0,1,1,0,0,16232,1930,10361,0,0,28522,77499,0,0,0,0,0,0,23,0,0,23,162,1719,20267,22148,128192,666,0,41,4420,13728,0,0,53,3240,0,300,4516,0,411,8325,0,77499,20211,0,16928,128192,0,76,0,204,0,0,0,41113,0,0,0,41393,1,2.05566930904593
Seagoville Police Department,1994-02-01,Texas,10166,TX05722,5,4,3,1,6,1,20,3,2,1,0,0,0,0,1,0,1,2,6,2,5,13,5,0,0,1,1,0,0,1,5,2,1,3,3,5417,13759,1398,19786,164,1275,41798,54681,0,0,0,0,0,0,53,0,247,300,251,298,13078,13627,110406,2847,0,0,144,713,0,0,21,9902,719,189,175,411,450,1636,0,54681,39929,1028,11187,110406,21,0,0,0,0,0,0,54681,9045,0,0,63746,1,2.05566930904593
Seagoville Police Department,1994-01-01,Texas,10166,TX05722,3,0,1,0,1,3,8,3,0,2,0,0,0,0,0,0,0,0,14,7,14,35,10,2,0,1,8,0,0,1,13,0,2,2,1,0,21202,1275,6167,0,4975,33618,32058,0,0,0,0,0,0,0,0,0,0,654,1441,77067,79162,144838,6013,473,0,1141,45905,0,0,2,25628,565,150,41,5445,5139,14478,0,32058,41216,3597,42147,144838,0,0,0,0,0,0,0,21821,103,0,1786,23710,1,2.05566930904593
Seagoville Police Department,1993-12-01,Texas,9975,TX05722,4,7,6,0,11,7,35,4,1,0,0,0,0,1,0,0,1,2,11,6,15,32,7,2,0,7,3,0,0,2,11,2,3,5,4,3227,10439,17963,1825,0,17119,50572,166632,0,0,0,0,0,633,0,0,200,833,407,3624,37496,41527,259565,5862,757,0,14229,4324,0,0,768,15588,2611,698,1183,5379,63,13225,0,166632,48112,274,21386,259565,0,30,0,738,63,0,0,128876,5330,0,0,135038,1,2.10926968560715
Seagoville Police Department,1993-11-01,Texas,9975,TX05722,1,2,3,0,5,3,14,3,0,1,0,0,0,1,0,0,0,1,11,6,9,26,7,0,1,4,5,0,0,3,6,1,0,1,3,5168,7804,2569,7317,0,5431,28290,35900,0,0,0,0,0,316,0,0,0,316,310,1202,8985,10498,75004,3328,0,105,3554,1540,0,0,46,1924,0,1101,2141,289,1012,6644,316,35900,15497,0,12103,75004,0,17,0,0,0,0,0,10546,0,0,0,10563,1,2.10926968560715
Seagoville Police Department,1993-10-01,Texas,9975,TX05722,1,2,1,1,1,0,6,2,0,1,0,1,0,0,0,0,0,1,8,11,7,26,0,4,0,3,4,0,1,4,10,2,0,2,0,7773,5387,3839,1719,0,0,18718,39021,0,0,0,2,0,0,0,0,0,2,764,2472,12867,16102,73843,0,738,0,1358,10091,0,633,169,3113,1266,700,3811,844,2215,14847,0,39021,7806,0,3333,73843,0,8,0,527,1107,0,0,39021,17,0,1476,42158,1,2.10926968560715
Seagoville Police Department,1993-09-01,Texas,9975,TX05722,5,3,2,0,7,2,19,2,0,0,0,0,0,0,0,0,0,0,9,7,11,27,6,3,0,4,4,0,0,2,8,1,4,5,3,3248,30171,633,18456,0,4008,56516,45349,0,0,0,0,0,0,0,0,0,0,356,1289,30747,32392,134257,8815,662,0,3231,15948,0,0,93,3643,0,633,0,1289,3512,34697,0,45349,37631,42,11103,134257,0,72,0,0,0,0,0,110526,443,0,0,111040,1,2.10926968560715
Seagoville Police Department,1993-08-01,Texas,9975,TX05722,2,1,1,0,4,1,9,1,0,1,0,0,0,1,0,0,0,1,19,7,8,34,7,3,0,8,1,0,0,2,13,0,2,2,1,6980,6634,401,4997,0,844,19855,8437,0,0,0,0,0,63,0,0,0,63,378,4621,22379,27378,55733,5180,3683,0,3419,0,0,0,40,15056,0,228,453,2310,0,6558,0,8437,27349,0,10399,55733,0,21,0,0,0,0,0,33748,202,0,169,34141,1,2.10926968560715
Seagoville Police Department,1993-07-01,Texas,9975,TX05722,5,1,1,0,8,6,21,6,1,0,0,0,0,0,0,0,0,0,11,15,28,54,6,10,0,12,7,0,0,0,19,1,3,4,5,1603,14280,0,7427,0,4214,27524,108627,0,0,0,0,0,0,0,0,0,0,394,3255,34961,38610,174761,1514,3301,0,11736,5898,0,0,0,16161,1907,1122,837,1392,0,2109,0,108627,53135,0,5632,174761,0,0,0,0,0,0,0,64333,5020,0,1244,70597,1,2.10926968560715
Seagoville Police Department,1993-06-01,Texas,9975,TX05722,3,2,6,0,8,5,24,6,0,3,0,0,0,0,0,0,0,0,20,11,18,49,10,8,0,11,4,1,0,2,13,0,5,5,2,580,16494,6640,10257,0,11922,45893,60747,0,0,0,0,0,0,0,0,0,0,342,2989,17623,20953,127594,4923,4075,0,1981,1865,105,0,11,7994,105,2048,1202,105,0,2405,0,60747,41340,3586,16056,127594,0,0,0,0,0,0,0,53365,3073,0,0,56438,1,2.10926968560715
Seagoville Police Department,1993-05-01,Texas,9975,TX05722,4,5,1,2,4,5,21,5,0,0,0,0,0,1,0,0,0,1,21,12,12,45,8,3,1,10,2,0,0,2,19,0,1,1,2,11831,14543,422,35923,1476,23734,87929,37650,0,0,0,0,0,23,0,0,0,23,538,3181,28941,32660,158263,4552,915,84,8585,16096,0,0,11,2417,0,2877,2999,7593,0,14991,0,37650,83314,0,8838,158263,0,0,0,844,0,0,0,25311,1582,0,0,27737,1,2.10926968560715
Seagoville Police Department,1993-04-01,Texas,9975,TX05722,4,0,2,1,7,5,19,2,0,1,0,0,0,0,0,0,0,0,23,9,19,51,6,4,0,10,2,0,0,6,23,0,1,1,3,0,9785,3229,30987,0,6954,50956,10546,0,0,0,0,0,0,0,0,0,0,648,3008,59209,62865,124367,2959,2240,0,18872,1896,0,0,167,36731,1924,854,508,3628,0,2383,0,10546,97050,0,7473,124367,0,11,0,0,0,0,0,8437,2202,0,1304,11953,1,2.10926968560715
Seagoville Police Department,1993-03-01,Texas,9975,TX05722,4,0,2,0,2,4,12,6,0,0,0,0,0,1,0,0,1,2,7,9,5,21,2,2,0,3,6,0,0,3,5,1,1,2,3,0,4219,21329,8648,0,3695,37891,36912,0,0,0,0,0,169,0,0,422,591,310,1909,8796,11015,86408,329,795,0,1498,7558,0,0,154,681,422,1088,753,7003,211,11970,0,36912,22090,0,5959,86408,0,114,0,0,0,0,0,14238,901,0,211,15463,1,2.10926968560715
Seagoville Police Department,1993-02-01,Texas,9975,TX05722,1,1,1,0,2,1,6,5,0,1,0,0,0,1,0,0,0,1,5,3,3,11,3,3,0,0,2,0,0,2,1,0,2,2,1,211,0,2890,316,0,333,3750,48091,0,0,0,0,0,13,0,0,0,13,101,652,2959,3712,55567,2447,652,0,0,534,0,0,74,6,0,734,8,0,0,0,0,48091,5520,0,1213,55567,0,0,0,0,0,0,0,0,0,0,0,0,1,2.10926968560715
Seagoville Police Department,1993-01-01,Texas,9975,TX05722,1,0,3,0,0,0,4,4,0,0,0,0,0,0,0,0,0,0,6,1,7,14,3,1,0,4,4,0,0,1,1,2,1,3,0,0,0,10462,0,0,0,10462,33748,0,0,0,0,0,0,0,0,0,0,82,148,10709,10939,55149,34,148,0,6269,3539,0,0,0,949,0,49,0,127,1751,9492,0,33748,7030,0,2953,55149,0,0,0,0,0,0,0,33748,2004,0,0,35752,1,2.10926968560715
Seagoville Police Department,1992-12-01,Texas,9322,TX05722,5,5,1,0,0,0,11,1,0,3,0,0,0,1,1,0,0,2,5,1,23,29,2,1,0,13,6,0,0,0,7,0,0,0,0,6819,9296,217,0,0,0,16332,2172,0,0,0,0,0,0,1792,0,0,1792,22,0,49782,49804,70099,1107,543,0,8942,6059,0,0,0,33153,543,65,3008,163,1303,11563,0,2172,41724,0,9559,70099,0,0,1792,0,0,0,0,0,0,0,0,1792,1,2.17152809122224
Seagoville Police Department,1992-11-01,Texas,9322,TX05722,3,0,2,1,1,2,9,1,0,2,0,1,0,0,0,1,0,2,6,7,10,23,4,1,0,5,9,0,0,0,4,0,2,2,4,0,6525,3164,22,6515,3149,19374,6515,0,0,0,0,0,0,0,2,0,2,78,1564,17307,18949,44840,3405,185,0,4291,6693,0,0,0,4376,0,4,3240,1031,174,3568,0,6515,15283,304,14721,44840,0,4,0,0,0,0,0,11509,0,304,2823,14640,1,2.17152809122224
Seagoville Police Department,1992-10-01,Texas,9322,TX05722,9,3,0,0,1,1,14,6,0,0,0,0,0,0,0,0,0,0,11,8,11,30,5,5,1,7,7,0,0,1,4,2,4,6,2,1759,27518,0,293,0,0,29570,165316,0,0,0,0,0,0,0,0,0,0,434,1453,12208,14095,208981,3329,803,280,3885,5629,0,0,7,163,217,124,2714,2258,0,18853,0,165316,8845,0,10654,208981,0,0,280,239,0,0,0,159670,760,0,0,160949,1,2.17152809122224
Seagoville Police Department,1992-09-01,Texas,9322,TX05722,4,2,1,1,1,1,10,5,0,1,0,0,0,0,0,0,1,1,14,10,28,52,18,1,0,19,6,0,0,1,7,0,4,4,0,8634,6938,289,419,347,0,16627,98066,0,0,0,0,0,0,0,0,0,0,258,2541,27570,30369,145062,9600,141,0,10043,1229,0,0,261,9094,0,606,1116,5798,0,3160,0,98066,24158,0,12158,145062,0,0,0,3040,0,0,0,63191,3322,0,0,69554,1,2.17152809122224
Seagoville Police Department,1992-08-01,Texas,9322,TX05722,2,2,2,0,0,1,7,7,0,2,0,1,0,0,0,0,0,1,5,8,13,26,6,5,1,3,6,0,0,1,4,2,3,5,0,584,10710,736,0,0,2601,14632,95973,0,0,0,22310,0,0,0,0,0,22310,198,1857,24321,26375,159290,6119,1792,0,1042,12814,0,0,26,4582,0,74,22755,617,8736,13192,0,95973,10918,760,6265,159290,0,26,0,0,0,0,0,86186,0,0,0,86212,1,2.17152809122224
Seagoville Police Department,1992-07-01,Texas,9322,TX05722,1,4,2,0,1,1,9,7,0,1,0,0,0,1,1,0,0,2,19,13,15,47,12,4,0,18,1,0,0,1,11,3,7,10,0,9652,1368,10206,1381,0,2986,25594,134396,0,0,0,0,0,4343,0,0,0,4343,434,5411,29476,35322,199655,4571,1097,0,7305,1140,0,0,4,21205,7079,213,710,5776,0,3214,0,138739,34632,0,9292,199655,0,56,0,326,0,0,0,151790,478,0,0,152650,1,2.17152809122224
Seagoville Police Department,1992-06-01,Texas,9322,TX05722,1,3,4,0,1,1,10,4,0,0,0,0,0,0,0,0,1,1,12,12,9,33,6,1,0,10,3,0,0,3,10,2,1,3,0,10056,434,10124,9120,0,109,29843,66666,0,0,0,0,0,0,0,0,0,0,4454,2150,14514,21118,117627,2856,0,0,5596,1066,0,0,426,11175,252,434,929,6873,1090,0,0,66666,33033,0,8350,117627,0,33,0,0,0,0,0,59717,2767,4343,6504,73363,1,2.17152809122224
Seagoville Police Department,1992-05-01,Texas,9322,TX05722,3,2,0,0,1,1,7,2,0,1,0,0,0,0,0,0,0,0,6,7,10,23,8,2,1,4,2,0,0,0,6,0,1,1,0,367,5537,0,760,0,3529,10193,13029,0,0,0,0,0,0,0,0,0,0,256,1362,21724,23342,46564,4191,736,109,6317,195,0,0,0,11794,130,460,148,543,0,6547,0,13029,22992,0,2714,46564,0,0,0,0,0,0,0,6515,434,0,0,6949,1,2.17152809122224
Seagoville Police Department,1992-04-01,Texas,9322,TX05722,3,4,2,1,1,1,12,4,0,2,0,0,0,0,0,0,2,2,7,4,13,24,8,0,0,4,5,0,0,1,6,0,1,1,0,110509,14534,3715,825,0,4538,134122,31053,0,0,0,0,0,0,0,0,521,521,72,630,30395,31096,196793,1711,0,0,8128,5874,0,0,2,15381,2562,76,3181,0,5900,112387,0,31053,17246,3657,20729,196793,0,0,0,738,0,0,0,10858,1042,0,0,12638,1,2.17152809122224
Seagoville Police Department,1992-03-01,Texas,9322,TX05722,1,0,0,1,0,1,3,6,0,0,0,0,0,0,0,0,0,0,5,7,14,26,6,2,0,5,3,0,1,1,8,3,5,8,4,0,736,0,0,6732,217,7685,77849,0,0,0,0,0,0,0,0,0,0,91,1631,18015,19737,105271,5809,869,0,387,2000,0,267,26,10380,0,26,413,651,0,1327,0,77849,21748,0,3257,105271,0,0,43,0,0,0,0,79587,50,0,760,80440,1,2.17152809122224
Seagoville Police Department,1992-02-01,Texas,9322,TX05722,4,0,5,0,1,5,15,2,0,0,0,0,0,0,1,0,0,1,4,8,8,20,4,1,0,5,2,0,0,0,8,1,0,1,4,0,20525,9783,2280,0,7277,39865,11824,0,0,0,0,0,0,0,0,0,0,48,1422,33051,34521,86210,727,202,0,649,5581,0,0,0,27361,109,1396,3846,434,4886,15650,0,11824,43016,0,5049,86210,0,0,0,0,0,0,0,4777,0,0,0,4777,1,2.17152809122224
Seagoville Police Department,1992-01-01,Texas,9322,TX05722,6,2,4,0,2,3,17,6,0,1,0,0,0,0,0,0,0,0,12,6,9,27,6,2,0,10,1,0,0,3,5,0,4,4,5,1633,15175,17915,5272,0,9652,49648,130292,0,0,0,0,0,0,0,0,0,0,178,4115,13854,18147,198087,3309,532,0,12808,0,0,0,87,1411,806,258,113,934,2389,21932,0,130292,31470,1086,8808,198087,0,28,0,0,0,0,0,93376,87,0,24,93515,1,2.17152809122224
Seagoville Police Department,1991-12-01,Texas,9160,TX05722,5,0,2,1,1,2,11,2,0,1,0,0,0,0,0,0,0,0,3,7,6,16,5,1,0,2,1,0,0,1,6,2,1,3,3,0,2998,7372,2338,0,2023,14730,4027,0,0,0,0,0,0,0,0,0,0,150,1524,6763,8437,27194,3631,280,0,2685,98,0,0,336,1407,0,336,98,1812,134,157,0,4027,18438,0,2193,27194,0,0,0,0,0,0,0,18346,1056,0,0,19402,1,2.23729976136572
Seagoville Police Department,1991-11-01,Texas,9160,TX05722,7,1,1,1,1,3,14,6,0,0,0,0,0,0,0,0,0,0,6,6,24,36,11,1,0,10,4,0,0,3,7,2,3,5,5,1432,14925,615,1980,21509,8222,48684,112536,0,0,0,0,0,0,0,0,0,0,179,1374,34573,36126,197346,5604,280,0,6719,12323,0,0,1472,9728,10681,1517,2647,4081,10578,8115,2349,112536,26671,4922,13249,197346,0,0,0,0,0,0,0,114326,559,0,0,114885,1,2.23729976136572
Seagoville Police Department,1991-10-01,Texas,9160,TX05722,6,5,4,0,5,0,20,5,0,0,0,0,0,1,0,0,0,1,19,10,14,43,10,0,0,5,8,0,0,10,10,0,5,5,6,3020,6947,43773,5595,0,0,59335,402714,0,0,0,0,0,671,0,0,0,671,447,1423,32340,34211,496931,3633,0,0,6904,5911,0,0,237,17525,1119,6264,2427,1309,1342,15487,0,402714,55507,3356,7405,496931,0,0,0,0,0,671,0,406070,27,0,89,406857,1,2.23729976136572
Seagoville Police Department,1991-09-01,Texas,9160,TX05722,7,3,2,0,0,1,13,3,0,0,0,0,0,0,0,0,0,0,9,3,13,25,4,0,1,5,6,0,0,4,5,1,0,1,2,14695,18758,5537,0,0,3745,42735,40271,0,0,0,0,0,0,0,0,0,0,101,544,15064,15708,98714,2166,0,11,4779,8251,0,0,22,479,0,528,2895,3188,0,24722,0,40271,11263,0,15847,98714,0,4,0,0,0,0,0,11186,0,0,0,11191,1,2.23729976136572
Seagoville Police Department,1991-08-01,Texas,9160,TX05722,8,4,0,0,0,1,13,8,0,1,0,0,0,1,0,0,0,1,10,15,19,44,18,5,0,8,9,0,0,0,4,0,6,6,4,7244,71603,0,0,0,4877,83724,49109,0,0,0,0,0,515,0,0,0,515,3564,3300,26512,33376,166724,12193,1119,0,2445,13345,0,0,0,4273,10403,3483,1727,3155,7529,10907,0,49109,30380,12227,37804,166724,0,0,0,2014,0,3580,0,18905,2461,0,2908,29868,1,2.23729976136572
Seagoville Police Department,1991-07-01,Texas,9160,TX05722,5,0,3,0,3,1,12,4,0,0,0,0,0,1,0,0,0,1,12,12,22,46,9,4,1,13,11,0,0,1,7,0,2,2,0,0,12887,3421,931,0,2685,19923,30651,0,0,0,0,0,9880,0,0,0,9880,280,2776,60566,63622,124076,8186,1454,152,12231,12155,0,0,0,29443,6349,1280,11238,4428,3542,14140,0,30651,42918,0,9531,124076,0,0,0,0,0,0,0,6936,27966,0,0,34902,1,2.23729976136572
Seagoville Police Department,1991-06-01,Texas,9160,TX05722,1,3,5,0,1,1,11,5,0,0,0,1,0,1,0,0,0,2,14,13,16,43,7,1,1,12,7,0,0,3,12,0,1,1,7,3188,0,9998,22,0,224,13433,45417,0,0,0,168,0,44746,0,0,0,44914,271,2683,25114,28067,131831,2870,224,40,2622,11531,0,0,318,10462,503,94,44981,0,257,1398,0,45417,31767,224,7188,131831,0,49,0,0,0,0,0,2237,671,0,559,3517,1,2.23729976136572
Seagoville Police Department,1991-05-01,Texas,9160,TX05722,5,1,2,1,3,2,14,4,0,0,0,0,0,0,0,0,0,0,11,10,15,36,9,2,1,9,2,0,0,0,13,0,2,2,4,0,4880,6399,559,783,3076,15697,31870,0,0,0,0,0,0,0,0,0,0,367,2172,30295,32835,80402,4826,1521,2,14010,783,0,0,0,11692,0,43,698,3443,0,78,0,31870,40723,0,3546,80402,0,0,0,0,0,0,0,3356,559,0,0,3915,1,2.23729976136572
Seagoville Police Department,1991-04-01,Texas,9160,TX05722,7,4,1,0,4,0,16,2,0,2,0,0,0,0,0,0,0,0,5,9,10,24,6,1,0,5,4,0,0,1,7,1,1,2,4,1510,18744,4871,2703,0,0,27828,7831,0,0,0,0,0,0,0,0,0,0,152,1953,14610,16715,52373,1401,336,0,3839,2651,0,0,11,8477,0,2,765,582,3020,11844,2685,7831,17438,0,8206,52373,0,0,0,0,0,0,0,5593,0,0,3745,9338,1,2.23729976136572
Seagoville Police Department,1991-03-01,Texas,9160,TX05722,3,2,4,1,4,1,15,4,0,0,0,0,0,0,0,0,0,0,3,10,15,28,7,3,0,5,2,0,0,2,9,0,1,1,4,271,7627,3709,5224,1119,11473,29423,52577,0,0,0,0,0,0,0,0,0,0,69,2687,28799,31555,113554,11106,1083,0,1797,1280,0,0,532,15757,537,5331,9656,803,839,2573,0,52577,25872,727,14639,113554,0,45,8949,0,0,0,0,11186,447,0,0,20628,1,2.23729976136572
Seagoville Police Department,1991-02-01,Texas,9160,TX05722,7,1,1,0,5,0,14,3,0,0,0,0,0,0,0,0,0,0,5,5,11,21,7,2,0,4,1,0,0,1,6,4,1,5,2,14363,11377,895,10627,0,0,37262,21198,0,0,0,0,0,0,0,0,0,0,139,1423,13724,15285,73746,5038,727,0,3282,615,0,0,4,5618,4504,206,879,4642,221,1902,0,21198,17375,5593,17225,73746,1922,4,0,0,0,0,0,36412,2640,0,0,40978,1,2.23729976136572
Seagoville Police Department,1991-01-01,Texas,9160,TX05722,4,0,2,0,0,0,6,3,0,0,0,0,0,0,1,0,0,1,7,5,8,20,4,0,0,9,2,0,0,3,2,0,1,1,1,0,14084,1470,0,0,0,15554,83899,0,0,0,0,0,0,10891,0,0,10891,183,1074,11820,13077,123421,4944,0,0,4768,884,0,0,20,2461,716,132,1767,705,347,21263,0,83899,10643,671,3278,123421,9,4,0,0,0,0,0,13424,0,0,0,13437,1,2.23729976136572
Seagoville Police Department,1990-12-01,Texas,8969,TX05722,3,0,3,4,2,4,16,2,0,0,0,0,0,1,0,0,0,1,9,3,8,20,7,1,2,4,4,0,0,2,0,0,3,3,2,0,11357,1621,3568,6201,8335,31082,15741,0,0,0,0,0,163,0,0,0,163,366,940,27784,29090,76076,5441,1632,2875,2253,16788,0,0,100,0,536,205,15571,991,2260,1208,0,18073,25879,735,10618,76076,0,86,0,0,243,0,0,15741,280,0,70,16420,1,2.33204860003827
Seagoville Police Department,1990-11-01,Texas,8969,TX05722,3,2,2,0,3,1,11,14,0,0,0,0,0,0,0,0,0,0,7,6,9,22,2,1,0,6,4,0,0,1,8,2,2,4,3,6313,18768,2099,2337,0,4897,34414,168887,0,0,0,0,0,0,0,0,0,0,149,968,21208,22325,225626,396,700,0,2915,14855,0,0,9,3449,2185,33,2838,0,2099,17024,0,168887,16614,7668,8279,225626,0,0,0,0,0,0,0,53637,0,0,0,53637,1,2.33204860003827
Seagoville Police Department,1990-10-01,Texas,8969,TX05722,3,4,0,0,6,3,16,10,0,0,0,0,0,0,0,0,0,0,6,6,18,30,3,3,0,7,8,0,0,1,8,5,4,9,0,7451,5212,0,27653,0,9690,50006,81855,0,0,0,0,0,0,0,0,0,0,317,1616,43714,45648,177509,133,928,0,4116,12099,0,0,9,28362,140,18192,4083,5082,2798,0,2663,0,53833,81855,8862,177509,0,0,0,1399,233,0,0,0,1679,61216,0,64528,1,2.33204860003827
Seagoville Police Department,1990-09-01,Texas,8969,TX05722,6,6,0,0,2,4,18,6,0,0,0,0,0,0,0,0,0,0,6,10,10,26,6,2,0,3,2,1,0,0,12,0,1,1,3,2337,8414,0,3792,0,7766,22308,258857,0,0,0,0,0,0,0,0,0,0,175,2589,25872,28635,309801,2176,583,0,175,4687,63,0,0,20951,525,275,835,2332,676,4897,0,258857,33523,0,7880,309801,0,19,0,0,0,0,0,186564,233,0,0,186816,1,2.33204860003827
Seagoville Police Department,1990-08-01,Texas,8969,TX05722,5,4,0,0,0,2,11,6,0,0,0,0,1,0,0,0,0,1,7,8,18,33,12,2,1,5,4,0,1,1,7,2,2,4,4,10961,33404,0,0,0,350,44715,50139,0,0,0,0,0,0,0,0,0,0,142,2017,31597,33756,128610,8181,898,70,5107,10413,0,326,19,8743,420,718,3416,2215,1842,24787,0,50139,25366,0,19706,128610,0,0,0,0,0,8162,0,54803,651,0,0,63616,1,2.33204860003827
Seagoville Police Department,1990-07-01,Texas,8969,TX05722,2,4,3,2,1,3,15,6,0,1,0,0,0,0,0,0,0,0,11,7,11,29,7,0,0,6,5,0,0,0,11,1,1,2,1,2857,1164,12955,319,2903,3360,23558,97946,0,0,0,0,0,0,0,0,0,0,434,2106,15979,18519,140023,5242,0,0,6054,1572,0,0,0,5651,0,485,257,1469,1632,3964,0,97946,21352,0,12917,140023,0,0,0,0,0,0,0,75792,0,0,1982,77774,1,2.33204860003827
Seagoville Police Department,1990-06-01,Texas,8969,TX05722,3,1,1,0,1,1,7,4,0,1,0,1,0,1,0,0,0,2,7,7,11,25,2,4,1,5,2,0,0,0,11,1,3,4,1,4478,3214,781,700,0,1014,10186,26553,0,0,0,47,0,0,0,0,0,47,233,1628,25888,27749,64535,6672,1154,117,3008,462,0,0,0,16336,0,103,5075,0,10424,2507,0,26553,14531,0,5343,64535,0,0,0,0,0,0,0,26553,0,0,0,26553,1,2.33204860003827
Seagoville Police Department,1990-05-01,Texas,8969,TX05722,6,4,1,1,2,1,15,0,0,0,0,0,0,0,0,0,0,0,8,10,20,38,4,10,3,6,5,0,0,1,9,0,1,1,0,24218,7281,0,4151,35,3498,39183,0,0,0,0,0,0,0,0,0,0,0,308,4958,55992,61258,100441,6721,3869,100,17595,17672,0,0,37,15263,0,245,5825,1248,1201,15247,0,0,60321,0,16355,100441,0,37,0,0,0,0,0,2332,0,0,0,2369,1,2.33204860003827
Seagoville Police Department,1990-04-01,Texas,8969,TX05722,2,1,0,1,1,1,6,3,0,0,0,0,0,0,0,0,0,0,7,8,13,28,4,2,0,8,6,0,0,0,8,1,2,3,4,0,3941,0,54,420,466,4881,41627,0,0,0,0,0,0,0,0,0,0,98,2339,20942,23379,69887,1420,1133,0,2607,10634,0,0,0,7584,0,5,984,1632,3242,3563,3265,41627,11991,420,3158,69887,0,0,0,0,0,0,0,41627,0,0,105,41732,1,2.33204860003827
Seagoville Police Department,1990-03-01,Texas,8969,TX05722,3,6,2,0,0,1,12,1,0,1,0,0,0,0,0,0,0,0,9,9,5,23,6,0,0,2,2,0,0,0,13,1,0,1,4,3790,54600,2432,0,0,1458,62280,1166,0,0,0,0,0,0,0,0,0,0,394,2903,20408,23705,87151,4233,0,0,4909,7444,0,0,0,7120,968,450,2514,933,10730,9426,175,1166,54239,0,6551,87151,0,0,233,0,487,0,0,1166,70,0,816,2773,1,2.33204860003827
Seagoville Police Department,1990-02-01,Texas,8969,TX05722,8,4,1,0,4,1,18,4,0,0,0,0,0,0,0,0,0,0,13,10,8,31,9,2,0,8,4,0,0,1,7,2,2,4,3,2845,30930,396,17308,0,1912,53392,51014,0,0,0,0,0,0,0,0,0,0,485,2101,7542,10128,114534,4060,1667,0,2253,529,0,0,268,1350,630,305,4443,8943,42,15811,0,51014,22495,0,10851,114534,0,0,0,0,0,0,0,51014,1399,0,0,52413,1,2.33204860003827
Seagoville Police Department,1990-01-01,Texas,8969,TX05722,4,0,1,0,0,1,6,5,0,3,0,0,1,0,0,0,0,1,6,8,15,29,10,1,0,8,5,0,0,0,5,0,2,2,1,0,9207,816,0,0,1446,11469,15699,0,0,0,0,63,0,0,0,0,63,187,4200,26114,30501,57732,5856,1049,0,6038,4692,0,0,0,12866,1961,0,5170,175,4454,3811,0,15699,20256,0,6206,57732,0,0,0,0,0,0,0,10494,47,0,0,10541,1,2.33204860003827
Seagoville Police Department,1989-12-01,Texas,9546,TX05722,1,0,1,4,0,2,8,1,0,0,0,1,0,0,1,0,0,2,2,4,6,12,6,0,0,0,2,1,0,0,3,2,0,2,3,0,8858,3441,0,8603,4043,24946,24579,0,0,0,86,0,0,1229,0,0,1315,27,1008,6607,7642,58482,2802,0,0,0,4178,270,0,0,391,0,27,1315,1411,8603,7927,0,24579,5710,0,8910,58482,0,0,0,0,0,0,0,33182,270,0,0,33452,1,2.45793156762571
Seagoville Police Department,1989-11-01,Texas,9546,TX05722,6,3,2,0,5,2,18,4,0,0,0,0,0,0,0,0,0,0,9,6,7,22,3,0,0,5,5,0,0,1,8,0,2,2,3,12941,18312,6474,29382,0,3367,70476,36869,0,0,0,0,0,0,0,0,0,0,172,1504,16734,18410,125755,2035,0,0,0,1499,0,0,47,14829,391,3854,74,5985,1622,8347,0,36869,46531,0,22082,125755,0,130,0,0,0,320,0,35271,2841,0,0,38562,1,2.45793156762571
Seagoville Police Department,1989-10-01,Texas,9546,TX05722,6,3,0,2,3,6,20,5,0,4,0,0,0,2,0,0,0,2,9,8,14,31,11,1,0,4,4,0,0,0,11,0,2,2,5,9210,15237,0,1428,0,6816,32690,26300,0,0,0,0,0,147,0,0,0,147,138,1708,33698,35544,94682,8944,246,0,369,3930,0,0,0,22055,0,2483,9642,983,3176,9559,0,26300,26973,0,15566,94682,0,0,0,0,0,9190,0,19295,4542,0,1792,34819,1,2.45793156762571
Seagoville Police Department,1989-09-01,Texas,9546,TX05722,5,2,3,0,3,3,16,1,0,0,0,0,0,0,0,0,0,0,8,14,15,37,16,0,2,2,4,0,0,1,12,0,1,1,3,2556,10041,14010,1743,0,806,29156,21876,0,0,0,0,0,0,0,0,0,0,241,2839,23564,26644,77676,5464,0,5,175,4862,0,0,735,15404,1352,189,6214,553,1794,15495,0,21876,18159,49,11995,77676,0,0,0,0,0,0,0,21876,0,0,0,21876,1,2.45793156762571
Seagoville Police Department,1989-08-01,Texas,9546,TX05722,4,5,2,3,2,2,18,8,0,0,0,0,0,0,0,0,0,0,10,9,21,40,12,2,1,5,7,0,0,2,11,3,4,7,10,13823,1893,6391,4203,553,7706,34568,153129,0,0,0,0,0,0,0,0,0,0,332,4493,80448,85273,272971,10790,617,320,10707,9672,0,0,199,52968,268,506,3311,1475,4363,15111,36869,153129,39932,0,18007,272971,0,37,0,0,0,0,0,129041,1069,0,0,130147,1,2.45793156762571
Seagoville Police Department,1989-07-01,Texas,9546,TX05722,11,3,11,2,3,1,31,4,0,2,0,0,0,1,0,0,0,1,14,18,22,54,24,1,0,7,5,0,0,3,14,1,1,2,4,15632,16930,24648,37,1635,737,59620,40064,0,0,0,0,0,155,0,0,0,155,393,6644,54357,61394,161233,15040,246,0,14851,4331,0,0,1998,24928,0,18039,1644,8182,7863,19457,0,40064,25801,0,40182,161233,0,0,0,0,61,0,0,30724,737,0,0,31523,1,2.45793156762571
Seagoville Police Department,1989-06-01,Texas,9546,TX05722,9,2,2,0,0,5,18,6,0,0,0,0,0,0,0,0,1,1,7,13,21,41,19,0,0,6,4,1,0,2,9,1,4,5,6,31083,676,22601,0,0,1598,55957,57270,0,0,0,0,0,0,0,0,860,860,499,5897,28691,35087,149174,12417,0,0,4987,6981,381,0,1104,9217,7008,1268,147,3785,15711,8453,0,57270,34099,2519,18914,149174,0,0,0,0,0,860,0,133834,0,0,0,134695,1,2.45793156762571
Seagoville Police Department,1989-05-01,Texas,9546,TX05722,16,6,4,4,3,3,36,5,0,1,0,0,0,0,0,1,0,1,15,10,33,58,19,1,2,13,6,0,0,1,16,3,2,5,2,3638,51990,2969,2753,6206,1106,68662,17206,0,0,0,0,0,0,0,3441,0,3441,853,2605,56306,59765,149074,13541,0,258,13634,15807,0,0,10,16515,246,1158,7008,10316,6391,19078,676,17206,49667,86,37243,149074,0,0,0,0,0,1671,0,16468,1106,0,2994,22239,1,2.45793156762571
Seagoville Police Department,1989-04-01,Texas,9546,TX05722,6,0,3,2,16,20,47,1,0,1,0,0,0,0,0,0,0,0,7,8,25,40,14,2,0,6,4,0,1,0,13,0,1,1,6,0,36948,4791,15544,0,26297,83580,44243,0,0,0,0,0,0,0,0,0,0,162,1934,69901,71998,199820,9114,295,0,4006,36980,0,226,0,21377,1475,332,3652,1352,7590,41615,2212,44243,54650,2433,40266,199820,0,0,226,0,0,924,0,44243,7349,0,270,53013,1,2.45793156762571
Seagoville Police Department,1989-03-01,Texas,9546,TX05722,12,2,2,0,15,6,37,2,0,0,0,0,0,0,0,0,0,0,5,8,12,25,6,2,1,4,3,0,1,2,6,1,0,1,4,2089,51265,33022,0,0,4085,90462,28266,0,0,0,0,0,0,0,0,0,0,170,2222,17021,19413,138141,3970,804,64,2465,2082,0,1032,560,8436,4877,767,27322,7312,3419,24085,0,28266,21691,0,20401,138141,0,0,0,2458,0,0,0,28266,74,0,0,30798,1,2.45793156762571
Seagoville Police Department,1989-02-01,Texas,9546,TX05722,2,0,4,1,1,0,8,6,0,0,0,0,0,0,0,0,0,0,6,2,10,18,7,1,0,4,4,0,0,1,1,1,1,2,3,0,1598,50658,0,1278,0,53534,104241,0,0,0,0,0,0,0,0,0,0,91,369,20770,21229,179004,9357,492,0,4262,4894,0,0,12,2212,0,3419,528,737,848,36500,0,104241,13929,0,18801,179004,0,3419,0,0,0,0,0,42448,12,0,737,46617,1,2.45793156762571
Seagoville Police Department,1989-01-01,Texas,9546,TX05722,6,3,4,2,0,13,28,6,0,2,0,0,0,0,0,0,0,0,14,7,23,44,15,0,0,9,5,0,0,1,14,0,2,2,4,6936,29193,10149,0,5162,2802,54242,214966,0,0,0,0,0,0,0,0,0,0,447,2313,41711,44471,313679,9603,0,0,4137,4916,0,0,44,25771,3178,2957,1234,5985,381,21669,14748,214966,17616,0,30945,313679,0,0,0,0,0,0,0,54099,116,0,0,54215,1,2.45793156762571
Seagoville Police Department,1988-12-01,Texas,9330,TX05722,11,5,3,2,7,2,30,8,0,0,0,0,0,0,0,0,0,0,7,7,9,23,4,3,0,2,1,0,0,2,11,0,4,4,2,17312,8943,7343,13290,12015,6210,65113,190829,0,0,0,0,0,0,0,0,0,0,139,1878,28819,30836,286778,3553,1330,0,3929,139,0,0,1520,20365,26,268,1765,14571,13720,9227,0,190829,42145,0,14228,286778,0,0,0,0,0,0,0,131954,773,0,1819,134546,1,2.57657599887252
Seagoville Police Department,1988-11-01,Texas,9330,TX05722,4,0,3,0,14,5,26,5,0,0,0,0,0,0,0,0,0,0,14,7,13,34,10,2,0,5,1,0,0,3,13,0,1,1,1,0,7735,1208,2167,0,18487,29597,98966,0,0,0,0,0,0,0,0,0,0,477,1891,27879,30246,158810,10087,644,0,2935,6441,0,0,394,9745,461,788,672,386,18294,9533,0,98966,23913,0,5795,158810,0,0,0,0,0,0,0,20948,721,0,531,22200,1,2.57657599887252
Seagoville Police Department,1988-10-01,Texas,9330,TX05722,5,2,1,0,4,1,13,3,0,2,0,0,0,0,0,0,0,0,11,14,9,34,14,3,0,3,5,0,0,1,8,0,1,1,6,144,13457,0,5256,0,1340,20198,7575,0,0,0,0,0,0,0,0,0,0,234,4004,21025,25263,53036,5060,902,0,3285,6287,0,0,21,9709,129,155,3556,322,4019,12806,0,7575,14748,2164,7562,53036,0,0,322,0,0,3994,0,63126,3607,0,258,71307,1,2.57657599887252
Seagoville Police Department,1988-09-01,Texas,9330,TX05722,5,3,3,1,22,1,35,4,0,1,0,0,0,0,0,0,0,0,5,14,11,30,8,4,1,1,3,0,0,0,13,1,2,3,4,386,32658,631,57393,0,10564,101633,52562,0,0,0,0,0,0,0,0,0,0,201,3455,39143,42800,196995,3015,1438,180,157,863,0,0,0,37146,0,487,14735,2499,24735,4086,2061,52562,68411,3445,23972,196995,0,0,0,837,0,0,0,15431,0,0,0,16269,1,2.57657599887252
Seagoville Police Department,1988-08-01,Texas,9330,TX05722,9,2,4,4,4,2,25,6,0,0,0,0,0,0,0,0,1,1,12,17,10,39,9,5,0,7,3,0,0,1,14,2,5,7,4,7021,62881,8271,2924,9997,1288,92383,102548,0,0,0,0,0,0,0,0,307,307,639,4787,25786,31213,226450,4195,1456,0,3690,10925,0,0,108,10840,1698,253,5918,7343,17881,35209,0,102548,32151,386,23063,226450,0,0,3679,1623,0,0,0,106413,3703,0,77,115495,1,2.57657599887252
Seagoville Police Department,1988-07-01,Texas,9330,TX05722,7,2,6,0,5,3,23,1,0,0,0,0,0,0,0,0,0,0,11,5,18,34,4,6,0,5,7,0,0,5,7,0,1,1,2,6983,41782,14027,8606,0,175,71572,5153,0,0,0,0,0,0,0,0,0,0,363,1263,25944,27569,104295,6364,3038,0,6622,5601,0,0,721,5223,721,1311,8771,5215,5194,20226,0,5153,33328,0,24374,104295,0,15,0,0,0,0,0,5153,7364,0,0,12532,1,2.57657599887252
Seagoville Police Department,1988-06-01,Texas,9330,TX05722,6,3,1,0,3,5,18,3,0,3,0,0,0,0,0,0,0,0,10,8,18,36,7,3,0,3,9,0,0,2,12,0,2,2,3,20981,23869,3169,7923,0,7253,63196,119811,0,605,0,0,0,0,0,0,0,0,345,2533,38249,41127,224739,4370,1907,0,4117,15065,0,0,5,15663,3788,1038,8747,0,14661,14135,0,119811,35585,4903,22071,224739,0,0,0,0,0,0,0,115946,2319,0,0,118265,1,2.57657599887252
Seagoville Police Department,1988-05-01,Texas,9330,TX05722,9,0,3,1,4,1,18,1,0,0,0,0,0,1,1,0,0,2,7,6,10,23,3,4,0,3,5,0,0,0,8,0,0,0,0,0,22872,3182,13393,0,773,40220,3865,0,0,0,0,0,49,67,0,0,116,193,1466,22800,24459,68661,3221,822,0,5918,9268,0,0,0,5230,52,964,6374,2461,11734,13501,0,3865,19577,0,10134,68661,0,0,0,0,0,0,0,0,4123,0,0,4123,1,2.57657599887252
Seagoville Police Department,1988-04-01,Texas,9330,TX05722,12,4,0,0,2,1,19,4,0,0,0,0,0,1,0,0,0,1,8,7,15,30,3,3,1,7,5,0,0,2,9,1,2,3,2,3834,90440,0,4705,0,515,99494,22545,0,0,0,0,0,142,0,0,0,142,260,1579,53474,55314,177495,299,1314,206,7982,12275,0,0,1116,32122,453,1159,18371,1713,8706,70335,0,22545,40388,129,13695,177495,21,0,474,0,0,0,0,18680,52,0,0,19226,1,2.57657599887252
Seagoville Police Department,1988-03-01,Texas,9330,TX05722,8,1,1,0,2,2,14,1,0,1,0,0,0,0,0,0,0,0,10,15,20,45,17,3,1,8,4,0,0,2,10,0,0,0,0,1675,56994,7258,6622,0,4316,76864,40612,0,0,0,0,0,0,0,0,0,0,477,3834,45587,49898,167374,8245,1121,139,19528,13063,0,0,268,7534,52,1234,502,1804,4612,52871,0,40612,33714,11530,20443,167374,0,0,0,0,0,0,0,0,0,0,0,0,1,2.57657599887252
Seagoville Police Department,1988-02-01,Texas,9330,TX05722,2,4,2,0,1,0,9,2,0,1,0,0,0,1,0,0,1,2,6,14,12,32,13,5,0,5,2,0,0,1,6,2,0,2,5,5326,2293,2641,2061,0,0,12321,13398,0,0,0,0,0,0,0,0,64,64,268,3710,36430,40408,66192,5120,1404,0,3924,721,0,0,67,29172,322,157,21025,2860,5733,3350,0,13398,11654,2061,5632,66192,0,0,0,0,0,0,0,13398,1353,0,848,15599,1,2.57657599887252
Seagoville Police Department,1988-01-01,Texas,9330,TX05722,11,3,6,1,3,0,24,3,0,0,0,0,0,0,1,0,0,1,10,10,15,35,13,1,0,3,8,0,0,3,7,0,2,2,3,487,46165,10170,11386,386,0,68594,111993,0,0,0,0,0,0,5761,0,0,5761,338,2332,39955,42624,228973,13761,142,0,8214,13112,0,0,183,7212,119,106,7712,18909,11298,24763,0,111993,35464,0,18608,228973,119,54,0,3285,2577,0,0,73345,600,0,0,79979,1,2.57657599887252
Seagoville Police Department,1987-12-01,Texas,9259,TX05722,8,6,3,0,0,1,18,4,0,1,0,0,0,0,0,0,0,0,22,8,13,43,5,0,0,16,9,0,0,0,13,1,3,4,4,5910,25564,2239,0,0,3910,37623,90103,0,0,0,0,0,0,0,0,0,0,402,1864,41077,43343,171070,1196,0,0,17061,18380,0,0,0,6707,0,333,10391,10230,1781,16774,0,90103,27390,0,14068,171070,0,501,0,1341,510,0,0,90103,0,0,0,92455,1,2.68164209754309
Seagoville Police Department,1987-11-01,Texas,9259,TX05722,4,4,6,1,0,1,16,3,0,1,0,1,0,0,0,0,0,1,26,18,20,64,13,1,0,32,5,0,0,5,8,3,0,3,7,5926,4704,9718,0,2145,7790,30284,72941,0,0,0,2228,0,0,0,0,0,2228,378,6015,44909,51302,156755,14556,349,0,10686,5937,0,0,1019,18755,933,1612,1354,3304,4578,8302,0,72941,32890,0,30842,156755,0,501,0,134,0,0,0,72941,7034,0,0,80610,1,2.68164209754309
Seagoville Police Department,1987-10-01,Texas,9259,TX05722,8,4,3,0,3,4,22,3,0,2,0,0,0,0,0,0,0,0,12,18,13,43,10,9,0,6,5,0,0,0,13,0,0,0,0,134323,17490,5556,1373,0,25677,184419,77902,0,0,0,0,0,0,0,0,0,0,711,4553,39074,44338,306659,4570,2717,0,4269,8128,0,0,0,24655,134506,947,965,6956,0,9386,0,77902,54486,15822,5690,306659,185,0,0,0,0,670,0,0,9986,0,0,10842,1,2.68164209754309
Seagoville Police Department,1987-09-01,Texas,9259,TX05722,8,2,1,1,1,1,14,2,0,1,0,1,0,0,0,1,0,2,8,15,25,48,14,4,0,15,4,0,0,0,11,2,0,2,2,3929,61908,1877,8447,6675,1341,84177,9386,0,0,0,367,0,0,0,670,0,1038,209,4130,56127,60466,155066,16197,1676,0,11303,7927,0,0,0,23362,32225,477,1845,2011,7029,19498,0,9386,59173,0,23421,155066,23330,0,0,0,1207,5535,0,9386,3615,0,7493,50565,1,2.68164209754309
Seagoville Police Department,1987-08-01,Texas,9259,TX05722,9,5,3,0,4,2,23,2,0,2,0,0,0,0,0,0,0,0,9,15,30,54,15,2,0,12,10,0,0,0,15,2,2,4,2,5286,53617,7643,10204,0,23877,100626,13408,0,0,0,0,0,0,0,0,0,0,244,4688,85965,90897,204931,15012,826,0,12456,23923,0,0,0,38680,17069,137,31638,2223,4768,26776,0,13408,73737,9721,25454,204931,311,0,536,0,402,0,0,37047,6927,9721,721,55666,1,2.68164209754309
Seagoville Police Department,1987-07-01,Texas,9259,TX05722,3,6,2,0,2,1,14,5,0,0,0,0,0,0,0,0,0,0,15,16,10,41,14,2,1,6,2,0,0,1,15,1,1,2,1,21086,12614,268,4033,0,2896,40898,74322,0,0,0,0,0,0,0,0,0,0,335,4342,13843,18519,133739,3242,644,11,4462,4886,0,0,201,5074,1478,633,413,4492,1073,4639,0,74322,19608,0,27082,133739,0,201,0,0,0,0,0,21185,542,0,0,21928,1,2.68164209754309
Seagoville Police Department,1987-06-01,Texas,9259,TX05722,6,1,2,0,2,2,13,6,1,1,0,0,0,0,0,0,0,0,9,16,15,40,3,7,0,12,9,0,0,0,9,2,6,8,5,1274,63021,9252,2840,0,1877,78264,177525,0,0,0,0,0,0,0,0,0,0,424,4009,46859,51292,307080,343,1716,0,10708,25610,0,0,0,12915,67,145,11011,9868,1756,62697,0,177525,27162,0,16849,307080,0,0,2118,161,0,7659,0,212118,402,0,2883,225341,1,2.68164209754309
Seagoville Police Department,1987-05-01,Texas,9259,TX05722,6,5,1,1,1,6,20,5,0,0,0,0,0,0,0,0,0,0,11,6,10,27,6,4,0,3,4,0,0,0,10,3,2,5,1,17047,18804,3245,1341,0,9276,49712,112629,0,0,0,0,0,0,0,0,0,0,365,1435,13647,15446,177788,3778,1234,0,432,3371,0,0,0,6632,0,231,4328,2078,3593,15634,0,112629,21032,536,17726,177788,0,40,13,0,0,0,0,109143,1314,0,268,110779,1,2.68164209754309
Seagoville Police Department,1987-04-01,Texas,9259,TX05722,4,2,3,1,2,2,14,7,0,0,0,0,0,0,0,0,0,0,7,5,9,21,6,0,0,3,2,0,0,1,9,2,2,4,6,77086,4478,12789,201,3457,3963,101975,209948,0,0,0,0,0,0,0,0,0,0,357,1145,27819,29321,341244,1311,0,0,839,775,0,0,134,26261,12049,0,0,775,44542,6661,0,209948,36435,0,30834,341244,0,0,0,0,0,0,0,135530,190,0,0,135721,1,2.68164209754309
Seagoville Police Department,1987-03-01,Texas,9259,TX05722,10,2,4,0,2,2,20,5,0,0,0,0,0,0,0,0,0,0,9,4,20,33,6,1,0,8,4,0,0,0,14,3,2,5,5,4216,35306,4671,2708,0,3768,50670,96539,0,0,0,0,0,0,0,0,0,0,324,1078,63536,64939,212147,7313,134,0,12563,9882,0,0,0,35046,3245,1247,7098,737,668,22856,0,96539,60745,1821,17192,212147,0,0,0,0,0,0,0,96539,1411,0,0,97950,1,2.68164209754309
Seagoville Police Department,1987-02-01,Texas,9259,TX05722,4,2,2,1,3,5,17,4,0,0,0,1,0,0,0,0,0,1,3,8,10,21,4,1,1,1,4,0,0,0,10,2,2,4,7,6326,10592,7289,12799,346,16444,53796,80181,0,0,0,0,0,0,0,0,0,0,75,2207,42917,45199,179177,9734,268,161,1437,11389,0,0,0,22209,0,48,174,456,14875,17575,0,80181,25905,12799,27162,179177,0,0,0,0,0,0,0,97612,161,0,0,97773,1,2.68164209754309
Seagoville Police Department,1987-01-01,Texas,9259,TX05722,4,1,4,0,5,2,16,7,0,1,0,1,0,0,0,0,1,2,11,4,12,27,0,1,0,8,9,0,0,1,8,3,1,4,10,24175,52579,13419,9480,0,5937,105590,241334,0,0,0,804,0,0,0,0,858,1663,585,947,27921,29452,378039,0,764,0,18763,3628,0,0,11,6286,7023,5087,6873,13086,5535,49074,0,241334,37811,0,12215,378039,0,0,0,764,0,1073,0,222174,869,0,0,224880,1,2.68164209754309
Seagoville Police Department,1986-12-01,Texas,9006,TX05722,3,1,4,2,2,1,13,9,0,0,0,0,0,0,0,0,1,1,8,9,14,31,6,3,3,7,5,0,0,1,6,3,1,4,5,0,23499,39377,1473,13344,7367,85060,173403,0,0,0,0,0,0,0,0,2168,2168,203,2488,19240,21931,282561,2933,826,67,10058,2530,0,0,44,5474,9324,347,4153,17533,26812,4923,695,173403,26423,0,18948,282561,0,44,222,0,278,0,0,93683,1257,0,1059,96544,1,2.7799125674751
Seagoville Police Department,1986-11-01,Texas,9006,TX05722,4,2,3,0,1,0,10,3,0,0,0,0,0,0,0,0,0,0,9,6,7,22,0,1,4,6,5,0,0,1,5,0,1,1,3,5076,42060,6789,3633,0,0,57558,238794,0,0,0,0,0,0,0,0,0,0,175,1829,28230,30234,326587,0,556,64,2299,21011,0,0,8,6297,0,23462,2032,14928,278,37937,0,215443,15701,0,16805,326587,0,8,556,1112,0,0,0,150115,3822,0,1251,156865,1,2.7799125674751
Seagoville Police Department,1986-10-01,Texas,9006,TX05722,8,2,1,0,5,0,16,3,0,0,0,0,0,0,0,1,0,1,12,11,13,36,3,3,0,11,8,0,0,4,7,1,0,1,2,24766,16919,5629,5179,0,0,52493,28911,0,0,0,0,0,0,0,11,0,11,512,3191,52082,55785,137200,1718,1140,0,11651,7000,0,0,89,34187,556,373,1918,5474,2635,2363,0,28911,74958,1248,18764,137200,0,0,0,0,0,0,0,5560,1749,0,0,7308,1,2.7799125674751
Seagoville Police Department,1986-09-01,Texas,9006,TX05722,3,3,7,0,1,2,16,6,0,2,0,0,0,0,0,0,0,0,8,7,15,30,2,3,0,10,7,0,0,0,8,3,1,4,2,13177,25194,41204,0,0,1390,80965,393636,0,0,0,0,0,0,0,0,0,0,75,2380,58684,61139,535739,2015,837,0,12971,34123,0,0,0,11192,2293,1679,3411,12749,3711,57544,0,393636,27916,0,32800,535739,0,0,0,0,0,0,0,392246,3503,0,0,395748,1,2.7799125674751
Seagoville Police Department,1986-08-01,Texas,9006,TX05722,9,4,6,0,1,2,22,7,0,0,0,0,0,0,0,0,0,0,1,5,15,21,3,3,0,6,3,0,0,0,6,4,3,7,0,8006,210559,17055,15262,0,4420,255302,273126,0,0,0,0,0,0,0,0,0,0,111,1518,91009,92638,621066,1223,1154,0,8829,30315,0,0,0,51117,52818,417,48507,19915,1029,121010,0,273126,47915,709,55620,621066,0,0,40918,0,0,27799,0,217528,751,0,0,286995,1,2.7799125674751
Seagoville Police Department,1986-07-01,Texas,9006,TX05722,4,1,4,0,5,0,14,3,0,0,0,0,0,0,0,0,0,0,11,11,12,34,2,7,2,6,2,1,0,0,14,1,1,2,0,334,8940,7823,3058,0,0,20154,75475,0,0,0,0,0,0,0,0,0,0,528,3725,26718,30971,126600,892,3002,56,4740,8807,56,0,0,13419,862,53,2808,973,4309,13018,0,77143,24808,0,2627,126600,0,0,0,0,0,0,0,73946,834,0,278,75058,1,2.7799125674751
Seagoville Police Department,1986-06-01,Texas,9006,TX05722,0,6,0,0,1,2,9,3,0,0,0,0,0,1,0,0,0,1,6,7,13,26,0,5,0,7,7,0,0,0,7,3,0,3,0,17875,0,0,2446,0,9618,29940,43645,0,0,0,0,0,4448,0,0,0,4448,128,1935,53363,55426,133458,0,1640,0,6499,37918,0,0,0,9368,1112,39,5087,5004,4615,42741,0,43645,24900,0,6316,133458,0,3,0,0,0,0,0,43645,806,0,0,44454,1,2.7799125674751
Seagoville Police Department,1986-05-01,Texas,9006,TX05722,4,2,6,0,4,3,19,2,0,0,0,0,0,0,0,0,0,0,8,13,18,39,0,9,0,9,7,0,0,1,13,0,0,0,0,1320,11209,46669,5421,0,1685,66304,11676,0,0,0,0,0,0,0,0,0,0,331,3380,31805,35516,113495,0,3747,0,13421,11990,0,0,131,6227,1312,61,8659,417,7197,32336,0,11676,28186,56,23596,113495,131,0,0,0,1946,0,0,0,1807,0,14,3897,1,2.7799125674751
Seagoville Police Department,1986-04-01,Texas,9006,TX05722,2,0,1,0,1,7,11,3,1,0,0,0,0,0,0,0,0,0,4,7,9,20,1,4,1,2,2,0,0,2,8,1,3,4,4,0,4934,720,1712,0,35149,42516,47259,0,0,0,0,0,0,0,0,0,0,158,1593,33573,35324,125099,570,1807,3,1362,2955,0,0,44,28583,361,553,1462,542,26573,250,0,47259,37968,0,10130,125099,83,0,97,139,0,0,0,52248,1807,0,1807,56182,1,2.7799125674751
Seagoville Police Department,1986-03-01,Texas,9006,TX05722,2,3,4,2,0,4,15,4,1,0,0,0,0,0,0,0,0,0,9,8,17,34,3,5,0,10,2,0,0,2,12,0,2,2,1,10758,2252,21483,0,22,37167,71683,19209,0,0,0,0,0,0,0,0,0,0,311,2380,84470,87161,178053,3391,1365,0,11759,39,0,0,11,70596,5693,92,1451,5490,9480,9710,0,19209,116114,0,10814,178053,556,0,0,222,0,0,0,14622,300,0,0,15701,1,2.7799125674751
Seagoville Police Department,1986-02-01,Texas,9006,TX05722,4,0,1,0,1,3,9,3,1,0,0,0,0,0,0,0,0,0,6,3,14,23,2,2,1,6,5,0,0,0,7,1,0,1,1,0,10586,956,2002,0,9830,23374,11954,0,0,0,0,0,0,0,0,0,0,178,954,79847,80979,116306,6283,931,2933,7139,15715,0,0,0,47979,556,81,1454,2680,4615,10174,0,11954,74927,167,9699,116306,0,0,0,973,0,0,0,5560,0,0,0,6533,1,2.7799125674751
Seagoville Police Department,1986-01-01,Texas,9006,TX05722,4,2,0,1,5,3,15,5,0,0,0,0,0,0,0,0,0,0,4,10,7,21,1,5,0,2,3,0,0,0,10,1,2,3,4,1699,18111,0,19070,25545,2810,67235,52098,0,0,0,0,0,0,0,0,0,0,272,3136,13588,16996,136330,361,2710,0,186,8682,0,0,0,5057,1168,267,8526,625,334,9146,0,52098,63054,0,1112,136330,0,0,0,625,0,0,0,46564,6825,0,0,54014,1,2.7799125674751
Seagoville Police Department,1985-12-01,Texas,8474,TX05722,2,0,1,0,2,3,8,3,0,0,0,1,0,0,0,0,0,1,5,9,6,20,4,2,1,7,3,0,0,0,3,1,1,2,3,0,22149,2742,40153,0,15597,80641,68820,0,0,0,1867,0,0,0,0,0,1867,167,2433,16829,19429,170757,561,623,991,4266,12605,0,0,0,382,306,195,3439,3357,7274,14163,0,68820,60707,989,11506,170757,0,0,567,0,0,0,0,80731,878,0,0,82176,1,2.83267663464518
Seagoville Police Department,1985-11-01,Texas,8474,TX05722,4,1,2,0,0,1,8,3,0,0,0,0,0,0,0,0,0,0,1,7,10,18,0,3,0,7,3,0,0,0,5,0,0,0,0,0,40383,13407,0,0,2773,56563,37193,0,0,0,0,0,0,0,0,0,0,45,2379,24967,27392,121148,0,1176,0,7433,5934,0,0,0,12849,1275,45,1544,2153,16271,18225,9914,37193,10096,0,24432,121148,0,0,0,0,0,0,0,4816,0,0,0,4816,1,2.83267663464518
Seagoville Police Department,1985-10-01,Texas,8474,TX05722,4,1,3,0,0,3,11,3,0,0,0,0,0,0,0,0,0,0,4,3,12,19,6,1,0,2,3,0,0,0,7,0,0,0,0,85,16044,10608,0,0,4277,31015,10198,0,0,0,0,0,0,0,0,0,0,249,283,24423,24956,66168,2598,708,0,3966,5900,0,0,0,11784,0,0,3238,3059,6056,1770,0,10198,26321,0,15526,66168,0,0,0,0,0,0,0,1983,0,0,0,1983,1,2.83267663464518
Seagoville Police Department,1985-09-01,Texas,8474,TX05722,8,1,3,0,2,4,18,4,0,0,0,0,0,0,0,0,0,0,2,4,9,15,2,3,0,1,4,0,0,0,5,1,0,1,3,6798,33630,19608,76,0,26522,86635,16430,0,0,0,0,0,0,0,0,0,0,71,807,26794,27672,130737,269,1150,0,0,17968,0,0,0,8286,0,283,19143,29063,0,3391,0,16430,45051,1133,16243,130737,0,0,0,0,0,850,0,4107,0,0,0,4957,1,2.83267663464518
Seagoville Police Department,1985-08-01,Texas,8474,TX05722,12,3,4,0,1,3,23,5,0,1,0,0,0,0,0,0,0,0,2,9,11,22,4,5,0,4,4,0,0,0,5,0,3,3,1,4433,45510,13855,3079,0,1357,68234,21387,0,0,0,0,0,0,0,0,0,0,93,3496,43640,47229,136849,7320,1824,0,6696,10198,0,0,0,21191,0,654,12537,8314,2093,22826,0,20537,48603,0,21285,136849,0,0,0,0,3399,127,0,15155,1176,0,4079,23936,1,2.83267663464518
Seagoville Police Department,1985-07-01,Texas,8474,TX05722,7,2,4,0,1,6,20,4,0,1,0,0,0,0,0,0,0,0,6,8,8,22,3,4,2,2,2,0,0,0,9,0,2,2,0,269,28298,20254,2195,0,23370,74386,42773,0,0,0,0,0,0,0,0,0,0,368,2745,15121,18234,135393,204,2054,1119,3510,419,0,0,0,10928,0,105,1620,10093,9489,7082,0,44473,41632,1558,19342,135393,0,0,0,71,0,0,0,34984,0,0,0,35054,1,2.83267663464518
Seagoville Police Department,1985-06-01,Texas,8474,TX05722,7,2,3,1,0,1,14,8,0,0,0,0,0,0,0,0,0,0,7,12,6,25,3,7,0,5,1,0,0,2,7,0,1,1,0,14305,16648,17220,0,0,3399,51572,405200,0,0,0,0,0,0,0,0,0,0,351,4147,13056,17554,474326,482,2459,0,3031,1008,0,0,40,10535,0,836,3867,3158,2649,10053,0,405200,26055,3399,19109,474326,0,0,0,0,397,0,0,79315,7065,3399,3187,93362,1,2.83267663464518
Seagoville Police Department,1985-05-01,Texas,8474,TX05722,0,1,0,2,1,0,4,3,0,1,0,0,0,1,0,0,0,1,5,9,5,19,3,5,0,0,6,0,0,1,4,0,1,1,1,708,0,0,7847,660,0,9215,14942,0,0,0,0,0,2578,0,0,0,2578,142,3402,3835,7379,34114,1161,2629,0,0,1640,0,0,1062,887,0,697,2105,0,0,1586,0,9844,11328,0,8555,34114,0,0,0,0,0,0,2833,35975,5697,0,9546,54050,1,2.83267663464518
Seagoville Police Department,1985-04-01,Texas,8474,TX05722,4,3,7,0,2,2,18,4,0,1,0,0,0,0,0,0,0,0,1,6,7,14,0,1,0,3,4,0,0,2,4,0,1,1,1,1210,731,9506,1133,0,2158,14738,27760,0,0,0,0,0,0,0,0,0,0,23,1878,12498,14398,56897,0,326,0,2541,6883,0,0,357,4292,14,635,2889,3994,7082,1668,0,32859,7288,0,467,56897,0,0,0,0,0,0,0,25494,0,0,0,25494,1,2.83267663464518
Seagoville Police Department,1985-03-01,Texas,8474,TX05722,3,2,2,0,2,0,9,7,0,0,0,0,0,0,0,0,0,0,8,4,8,20,11,0,0,3,2,0,0,1,3,4,0,4,1,5665,3833,4926,977,0,0,15401,76482,0,0,0,0,0,0,0,0,0,0,334,1813,9569,11716,103599,4442,0,0,1374,1940,0,0,0,3960,212,431,147,0,1841,1841,0,74499,8934,0,15693,103599,0,0,108,0,0,0,0,25494,0,0,0,25602,1,2.83267663464518
Seagoville Police Department,1985-02-01,Texas,8474,TX05722,5,2,2,0,0,2,11,2,0,0,0,0,0,0,0,0,0,0,2,0,4,6,0,0,0,0,6,0,0,0,0,0,0,0,0,363,5181,1983,0,0,2960,10487,17846,0,0,0,0,0,0,0,0,0,0,11,0,7000,7011,35343,0,0,0,0,7011,0,0,0,0,1983,0,5748,1263,708,0,0,17846,3513,0,4283,35343,0,0,0,0,0,0,0,0,0,0,0,0,1,2.83267663464518
Seagoville Police Department,1985-01-01,Texas,8474,TX05722,8,1,2,0,2,1,14,7,0,1,0,3,0,0,0,0,0,3,6,6,8,20,4,1,1,1,5,0,0,0,8,3,2,5,1,1048,65860,30508,12039,0,1317,110772,72641,0,0,0,1057,0,0,0,0,0,1057,269,1935,19452,21656,206125,1677,312,320,269,7388,0,0,0,11690,5878,581,5552,13940,8444,22996,2833,72641,57229,6374,9659,206125,0,57,340,708,1416,439,0,29743,5317,0,0,38020,1,2.83267663464518
Seagoville Police Department,1984-12-01,Texas,8277,TX05722,2,2,0,0,0,0,4,1,0,0,0,0,0,0,0,0,0,0,2,2,3,7,1,1,0,1,0,0,0,0,4,1,0,1,0,59601,8808,0,0,0,0,68409,2493,0,0,0,0,0,0,0,0,0,0,38,821,2083,2942,73844,587,557,0,909,0,0,0,0,889,147,331,73,1071,2346,4810,0,58222,2828,0,4015,73844,0,3,0,0,0,0,0,23025,9122,0,0,32150,1,2.9331132680892
Seagoville Police Department,1984-11-01,Texas,8277,TX05722,3,3,3,0,5,0,14,3,0,0,0,0,0,0,0,0,0,0,6,5,4,15,2,2,0,0,2,0,0,0,9,1,0,1,3,131327,7257,84098,3373,0,0,226055,9093,0,0,0,0,0,0,0,0,0,0,176,1643,28501,30320,265467,261,827,0,0,50,0,0,0,29182,34699,513,2341,7846,49224,89753,0,9093,29006,293,42700,265467,0,79,0,0,0,0,0,1467,0,0,1537,3083,1,2.9331132680892
Seagoville Police Department,1984-10-01,Texas,8277,TX05722,5,1,2,1,4,1,14,0,0,0,0,0,0,0,0,0,0,0,4,9,12,25,1,4,0,1,5,0,0,0,14,0,0,0,0,1599,9301,5834,10386,15601,587,43307,0,0,0,0,0,0,0,0,0,0,0,59,3033,34784,37875,81183,147,2728,0,6292,8227,0,0,0,20482,0,32,4561,12049,0,3165,0,0,37485,0,23890,81183,0,18,279,2537,0,0,0,0,0,0,1511,4344,1,2.9331132680892
Seagoville Police Department,1984-09-01,Texas,8277,TX05722,6,1,0,1,2,0,10,2,0,0,0,0,0,0,0,0,0,0,5,1,10,16,1,2,0,1,2,0,0,0,10,2,0,2,3,41,20186,0,4752,1578,0,26556,12612,0,0,0,0,0,0,0,0,0,0,276,205,91117,91598,130767,733,810,0,82,35335,0,0,0,54638,138,73,3807,15619,0,53098,0,12612,41460,381,3578,130767,138,0,2974,411,0,161,0,12612,26644,0,0,42941,1,2.9331132680892
Seagoville Police Department,1984-08-01,Texas,8277,TX05722,3,1,3,2,0,0,9,3,0,0,0,0,0,0,0,0,0,0,2,13,17,32,4,6,0,7,2,0,0,0,13,1,1,2,1,147,3922,3197,0,293,0,7559,45581,0,0,0,0,0,0,0,0,0,0,26,5790,53054,58871,112010,1068,2596,0,15100,3226,0,0,0,36881,0,0,3960,851,2346,880,0,45581,54286,0,4106,112010,0,0,0,0,0,0,0,38940,2781,0,0,41721,1,2.9331132680892
Seagoville Police Department,1984-07-01,Texas,8277,TX05722,4,1,0,0,3,0,8,4,0,0,0,0,0,0,0,0,0,0,9,7,7,23,4,1,0,5,0,0,0,1,12,0,1,1,2,15,4919,0,942,0,0,5875,72149,0,0,0,0,0,0,0,0,0,0,120,2924,8139,11184,89208,2050,220,0,4444,0,0,0,3,4467,0,0,1716,5080,85,1833,0,72149,7538,0,807,89208,0,0,0,0,0,0,0,1467,1144,0,0,2610,1,2.9331132680892
Seagoville Police Department,1984-06-01,Texas,8277,TX05722,0,1,1,0,0,3,5,1,0,0,0,0,0,1,0,0,0,1,4,8,1,13,0,4,0,5,0,0,0,0,4,0,0,0,0,0,0,440,0,0,1071,1511,2927,0,0,0,0,0,205,0,0,0,205,434,3737,1027,5197,9841,0,818,0,1285,0,0,0,0,3094,0,176,220,936,0,0,147,2927,5288,0,147,9841,0,0,0,0,0,0,0,0,836,0,0,836,1,2.9331132680892
Seagoville Police Department,1984-05-01,Texas,8277,TX05722,1,1,2,1,1,0,6,0,0,0,0,0,0,0,0,0,0,0,3,0,10,13,0,0,0,2,4,0,1,0,6,0,0,0,0,947,1760,3361,62,41,0,6171,0,0,0,0,0,0,0,0,0,0,0,150,0,23805,23955,30126,0,0,0,3009,5503,0,3784,0,11659,0,167,3793,1654,1760,0,0,0,20197,0,2555,30126,0,41,0,367,0,0,0,0,4400,0,0,4807,1,2.9331132680892
Seagoville Police Department,1984-04-01,Texas,8277,TX05722,0,1,5,0,0,4,10,0,1,0,0,0,0,0,0,0,0,0,4,5,6,15,1,2,0,0,3,0,0,0,9,0,0,0,0,6195,0,8066,0,0,7415,21676,0,0,0,0,0,0,0,0,0,0,0,132,1478,34684,36294,57970,417,1701,0,0,25911,0,0,0,8266,0,0,88,0,3027,4837,14666,0,33270,763,1320,57970,0,0,0,0,0,0,0,0,1467,0,0,1467,1,2.9331132680892
Seagoville Police Department,1984-03-01,Texas,8277,TX05722,2,0,3,1,6,0,12,0,0,0,0,0,0,0,0,0,0,0,2,3,5,10,2,2,0,1,1,0,0,0,4,0,0,0,0,0,10938,2693,17062,82,0,30774,0,0,0,0,0,0,0,0,0,0,0,97,733,16528,17358,48132,194,1173,0,4810,807,0,0,0,10374,0,50,1329,2039,3147,6086,0,0,29102,1065,5315,48132,0,0,0,0,0,0,0,0,1173,0,0,1173,1,2.9331132680892
Seagoville Police Department,1984-02-01,Texas,8277,TX05722,4,3,0,0,0,3,10,2,0,0,0,0,0,0,0,0,0,0,2,7,10,19,2,4,1,3,1,0,0,0,8,0,1,1,0,8010,17519,0,0,0,4567,30097,35197,0,0,0,0,0,0,0,0,0,0,117,1651,19892,21661,86955,469,2640,302,9503,1487,0,0,0,7259,628,569,2370,6306,3153,10383,0,35197,20309,0,8040,86955,188,449,241,0,0,0,0,0,2112,0,0,2989,1,2.9331132680892
Seagoville Police Department,1984-01-01,Texas,8277,TX05722,0,3,0,0,0,1,4,1,0,0,0,0,0,0,0,0,0,0,1,2,5,8,0,2,0,2,0,0,0,0,4,0,1,1,0,1467,0,0,0,0,194,1660,16132,0,0,0,0,0,0,0,0,0,0,103,909,12530,13542,31334,0,909,0,4467,0,0,0,0,8166,0,176,0,0,2886,469,0,16132,11671,0,0,31334,0,0,0,0,0,0,0,0,909,0,0,909,1,2.9331132680892
Seagoville Police Department,1983-12-01,Texas,,TX05722,,,,,,,,,,,,,,,,,,,,,,,,,,,,,,,,,,,,,,,,,,,,,,,,,,,,,,,,,,,,,,,,,,,,,,,,,,,,,,,,,,,,,,,,,,,,,
Seagoville Police Department,1983-11-01,Texas,,TX05722,,,,,,,,,,,,,,,,,,,,,,,,,,,,,,,,,,,,,,,,,,,,,,,,,,,,,,,,,,,,,,,,,,,,,,,,,,,,,,,,,,,,,,,,,,,,,
Seagoville Police Department,1983-10-01,Texas,,TX05722,,,,,,,,,,,,,,,,,,,,,,,,,,,,,,,,,,,,,,,,,,,,,,,,,,,,,,,,,,,,,,,,,,,,,,,,,,,,,,,,,,,,,,,,,,,,,
Seagoville Police Department,1983-09-01,Texas,,TX05722,,,,,,,,,,,,,,,,,,,,,,,,,,,,,,,,,,,,,,,,,,,,,,,,,,,,,,,,,,,,,,,,,,,,,,,,,,,,,,,,,,,,,,,,,,,,,
Seagoville Police Department,1983-08-01,Texas,,TX05722,,,,,,,,,,,,,,,,,,,,,,,,,,,,,,,,,,,,,,,,,,,,,,,,,,,,,,,,,,,,,,,,,,,,,,,,,,,,,,,,,,,,,,,,,,,,,
Seagoville Police Department,1983-07-01,Texas,,TX05722,,,,,,,,,,,,,,,,,,,,,,,,,,,,,,,,,,,,,,,,,,,,,,,,,,,,,,,,,,,,,,,,,,,,,,,,,,,,,,,,,,,,,,,,,,,,,
Seagoville Police Department,1983-06-01,Texas,,TX05722,,,,,,,,,,,,,,,,,,,,,,,,,,,,,,,,,,,,,,,,,,,,,,,,,,,,,,,,,,,,,,,,,,,,,,,,,,,,,,,,,,,,,,,,,,,,,
Seagoville Police Department,1983-05-01,Texas,,TX05722,,,,,,,,,,,,,,,,,,,,,,,,,,,,,,,,,,,,,,,,,,,,,,,,,,,,,,,,,,,,,,,,,,,,,,,,,,,,,,,,,,,,,,,,,,,,,
Seagoville Police Department,1983-04-01,Texas,,TX05722,,,,,,,,,,,,,,,,,,,,,,,,,,,,,,,,,,,,,,,,,,,,,,,,,,,,,,,,,,,,,,,,,,,,,,,,,,,,,,,,,,,,,,,,,,,,,
Seagoville Police Department,1983-03-01,Texas,,TX05722,,,,,,,,,,,,,,,,,,,,,,,,,,,,,,,,,,,,,,,,,,,,,,,,,,,,,,,,,,,,,,,,,,,,,,,,,,,,,,,,,,,,,,,,,,,,,
Seagoville Police Department,1983-02-01,Texas,,TX05722,,,,,,,,,,,,,,,,,,,,,,,,,,,,,,,,,,,,,,,,,,,,,,,,,,,,,,,,,,,,,,,,,,,,,,,,,,,,,,,,,,,,,,,,,,,,,
Seagoville Police Department,1983-01-01,Texas,,TX05722,,,,,,,,,,,,,,,,,,,,,,,,,,,,,,,,,,,,,,,,,,,,,,,,,,,,,,,,,,,,,,,,,,,,,,,,,,,,,,,,,,,,,,,,,,,,,
Seagoville Police Department,1982-12-01,Texas,,TX05722,,,,,,,,,,,,,,,,,,,,,,,,,,,,,,,,,,,,,,,,,,,,,,,,,,,,,,,,,,,,,,,,,,,,,,,,,,,,,,,,,,,,,,,,,,,,,
Seagoville Police Department,1982-11-01,Texas,,TX05722,,,,,,,,,,,,,,,,,,,,,,,,,,,,,,,,,,,,,,,,,,,,,,,,,,,,,,,,,,,,,,,,,,,,,,,,,,,,,,,,,,,,,,,,,,,,,
Seagoville Police Department,1982-10-01,Texas,,TX05722,,,,,,,,,,,,,,,,,,,,,,,,,,,,,,,,,,,,,,,,,,,,,,,,,,,,,,,,,,,,,,,,,,,,,,,,,,,,,,,,,,,,,,,,,,,,,
Seagoville Police Department,1982-09-01,Texas,,TX05722,,,,,,,,,,,,,,,,,,,,,,,,,,,,,,,,,,,,,,,,,,,,,,,,,,,,,,,,,,,,,,,,,,,,,,,,,,,,,,,,,,,,,,,,,,,,,
Seagoville Police Department,1982-08-01,Texas,,TX05722,,,,,,,,,,,,,,,,,,,,,,,,,,,,,,,,,,,,,,,,,,,,,,,,,,,,,,,,,,,,,,,,,,,,,,,,,,,,,,,,,,,,,,,,,,,,,
Seagoville Police Department,1982-07-01,Texas,,TX05722,,,,,,,,,,,,,,,,,,,,,,,,,,,,,,,,,,,,,,,,,,,,,,,,,,,,,,,,,,,,,,,,,,,,,,,,,,,,,,,,,,,,,,,,,,,,,
Seagoville Police Department,1982-06-01,Texas,,TX05722,,,,,,,,,,,,,,,,,,,,,,,,,,,,,,,,,,,,,,,,,,,,,,,,,,,,,,,,,,,,,,,,,,,,,,,,,,,,,,,,,,,,,,,,,,,,,
Seagoville Police Department,1982-05-01,Texas,,TX05722,,,,,,,,,,,,,,,,,,,,,,,,,,,,,,,,,,,,,,,,,,,,,,,,,,,,,,,,,,,,,,,,,,,,,,,,,,,,,,,,,,,,,,,,,,,,,
Seagoville Police Department,1982-04-01,Texas,,TX05722,,,,,,,,,,,,,,,,,,,,,,,,,,,,,,,,,,,,,,,,,,,,,,,,,,,,,,,,,,,,,,,,,,,,,,,,,,,,,,,,,,,,,,,,,,,,,
Seagoville Police Department,1982-03-01,Texas,,TX05722,,,,,,,,,,,,,,,,,,,,,,,,,,,,,,,,,,,,,,,,,,,,,,,,,,,,,,,,,,,,,,,,,,,,,,,,,,,,,,,,,,,,,,,,,,,,,
Seagoville Police Department,1982-02-01,Texas,,TX05722,,,,,,,,,,,,,,,,,,,,,,,,,,,,,,,,,,,,,,,,,,,,,,,,,,,,,,,,,,,,,,,,,,,,,,,,,,,,,,,,,,,,,,,,,,,,,
Seagoville Police Department,1982-01-01,Texas,,TX05722,,,,,,,,,,,,,,,,,,,,,,,,,,,,,,,,,,,,,,,,,,,,,,,,,,,,,,,,,,,,,,,,,,,,,,,,,,,,,,,,,,,,,,,,,,,,,
Seagoville Police Department,1981-12-01,Texas,,TX05722,,,,,,,,,,,,,,,,,,,,,,,,,,,,,,,,,,,,,,,,,,,,,,,,,,,,,,,,,,,,,,,,,,,,,,,,,,,,,,,,,,,,,,,,,,,,,
Seagoville Police Department,1981-11-01,Texas,,TX05722,,,,,,,,,,,,,,,,,,,,,,,,,,,,,,,,,,,,,,,,,,,,,,,,,,,,,,,,,,,,,,,,,,,,,,,,,,,,,,,,,,,,,,,,,,,,,
Seagoville Police Department,1981-10-01,Texas,,TX05722,,,,,,,,,,,,,,,,,,,,,,,,,,,,,,,,,,,,,,,,,,,,,,,,,,,,,,,,,,,,,,,,,,,,,,,,,,,,,,,,,,,,,,,,,,,,,
Seagoville Police Department,1981-09-01,Texas,,TX05722,,,,,,,,,,,,,,,,,,,,,,,,,,,,,,,,,,,,,,,,,,,,,,,,,,,,,,,,,,,,,,,,,,,,,,,,,,,,,,,,,,,,,,,,,,,,,
Seagoville Police Department,1981-08-01,Texas,,TX05722,,,,,,,,,,,,,,,,,,,,,,,,,,,,,,,,,,,,,,,,,,,,,,,,,,,,,,,,,,,,,,,,,,,,,,,,,,,,,,,,,,,,,,,,,,,,,
Seagoville Police Department,1981-07-01,Texas,,TX05722,,,,,,,,,,,,,,,,,,,,,,,,,,,,,,,,,,,,,,,,,,,,,,,,,,,,,,,,,,,,,,,,,,,,,,,,,,,,,,,,,,,,,,,,,,,,,
Seagoville Police Department,1981-06-01,Texas,,TX05722,,,,,,,,,,,,,,,,,,,,,,,,,,,,,,,,,,,,,,,,,,,,,,,,,,,,,,,,,,,,,,,,,,,,,,,,,,,,,,,,,,,,,,,,,,,,,
Seagoville Police Department,1981-05-01,Texas,,TX05722,,,,,,,,,,,,,,,,,,,,,,,,,,,,,,,,,,,,,,,,,,,,,,,,,,,,,,,,,,,,,,,,,,,,,,,,,,,,,,,,,,,,,,,,,,,,,
Seagoville Police Department,1981-04-01,Texas,,TX05722,,,,,,,,,,,,,,,,,,,,,,,,,,,,,,,,,,,,,,,,,,,,,,,,,,,,,,,,,,,,,,,,,,,,,,,,,,,,,,,,,,,,,,,,,,,,,
Seagoville Police Department,1981-03-01,Texas,,TX05722,,,,,,,,,,,,,,,,,,,,,,,,,,,,,,,,,,,,,,,,,,,,,,,,,,,,,,,,,,,,,,,,,,,,,,,,,,,,,,,,,,,,,,,,,,,,,
Seagoville Police Department,1981-02-01,Texas,,TX05722,,,,,,,,,,,,,,,,,,,,,,,,,,,,,,,,,,,,,,,,,,,,,,,,,,,,,,,,,,,,,,,,,,,,,,,,,,,,,,,,,,,,,,,,,,,,,
Seagoville Police Department,1981-01-01,Texas,,TX05722,,,,,,,,,,,,,,,,,,,,,,,,,,,,,,,,,,,,,,,,,,,,,,,,,,,,,,,,,,,,,,,,,,,,,,,,,,,,,,,,,,,,,,,,,,,,,
Seagoville Police Department,1980-12-01,Texas,,TX05722,,,,,,,,,,,,,,,,,,,,,,,,,,,,,,,,,,,,,,,,,,,,,,,,,,,,,,,,,,,,,,,,,,,,,,,,,,,,,,,,,,,,,,,,,,,,,
Seagoville Police Department,1980-11-01,Texas,,TX05722,,,,,,,,,,,,,,,,,,,,,,,,,,,,,,,,,,,,,,,,,,,,,,,,,,,,,,,,,,,,,,,,,,,,,,,,,,,,,,,,,,,,,,,,,,,,,
Seagoville Police Department,1980-10-01,Texas,,TX05722,,,,,,,,,,,,,,,,,,,,,,,,,,,,,,,,,,,,,,,,,,,,,,,,,,,,,,,,,,,,,,,,,,,,,,,,,,,,,,,,,,,,,,,,,,,,,
Seagoville Police Department,1980-09-01,Texas,,TX05722,,,,,,,,,,,,,,,,,,,,,,,,,,,,,,,,,,,,,,,,,,,,,,,,,,,,,,,,,,,,,,,,,,,,,,,,,,,,,,,,,,,,,,,,,,,,,
Seagoville Police Department,1980-08-01,Texas,,TX05722,,,,,,,,,,,,,,,,,,,,,,,,,,,,,,,,,,,,,,,,,,,,,,,,,,,,,,,,,,,,,,,,,,,,,,,,,,,,,,,,,,,,,,,,,,,,,
Seagoville Police Department,1980-07-01,Texas,,TX05722,,,,,,,,,,,,,,,,,,,,,,,,,,,,,,,,,,,,,,,,,,,,,,,,,,,,,,,,,,,,,,,,,,,,,,,,,,,,,,,,,,,,,,,,,,,,,
Seagoville Police Department,1980-06-01,Texas,,TX05722,,,,,,,,,,,,,,,,,,,,,,,,,,,,,,,,,,,,,,,,,,,,,,,,,,,,,,,,,,,,,,,,,,,,,,,,,,,,,,,,,,,,,,,,,,,,,
Seagoville Police Department,1980-05-01,Texas,,TX05722,,,,,,,,,,,,,,,,,,,,,,,,,,,,,,,,,,,,,,,,,,,,,,,,,,,,,,,,,,,,,,,,,,,,,,,,,,,,,,,,,,,,,,,,,,,,,
Seagoville Police Department,1980-04-01,Texas,,TX05722,,,,,,,,,,,,,,,,,,,,,,,,,,,,,,,,,,,,,,,,,,,,,,,,,,,,,,,,,,,,,,,,,,,,,,,,,,,,,,,,,,,,,,,,,,,,,
Seagoville Police Department,1980-03-01,Texas,,TX05722,,,,,,,,,,,,,,,,,,,,,,,,,,,,,,,,,,,,,,,,,,,,,,,,,,,,,,,,,,,,,,,,,,,,,,,,,,,,,,,,,,,,,,,,,,,,,
Seagoville Police Department,1980-02-01,Texas,,TX05722,,,,,,,,,,,,,,,,,,,,,,,,,,,,,,,,,,,,,,,,,,,,,,,,,,,,,,,,,,,,,,,,,,,,,,,,,,,,,,,,,,,,,,,,,,,,,
Seagoville Police Department,1980-01-01,Texas,,TX05722,,,,,,,,,,,,,,,,,,,,,,,,,,,,,,,,,,,,,,,,,,,,,,,,,,,,,,,,,,,,,,,,,,,,,,,,,,,,,,,,,,,,,,,,,,,,,
Seagoville Police Department,1979-12-01,Texas,,TX05722,,,,,,,,,,,,,,,,,,,,,,,,,,,,,,,,,,,,,,,,,,,,,,,,,,,,,,,,,,,,,,,,,,,,,,,,,,,,,,,,,,,,,,,,,,,,,
Seagoville Police Department,1979-11-01,Texas,,TX05722,,,,,,,,,,,,,,,,,,,,,,,,,,,,,,,,,,,,,,,,,,,,,,,,,,,,,,,,,,,,,,,,,,,,,,,,,,,,,,,,,,,,,,,,,,,,,
Seagoville Police Department,1979-10-01,Texas,,TX05722,,,,,,,,,,,,,,,,,,,,,,,,,,,,,,,,,,,,,,,,,,,,,,,,,,,,,,,,,,,,,,,,,,,,,,,,,,,,,,,,,,,,,,,,,,,,,
Seagoville Police Department,1979-09-01,Texas,,TX05722,,,,,,,,,,,,,,,,,,,,,,,,,,,,,,,,,,,,,,,,,,,,,,,,,,,,,,,,,,,,,,,,,,,,,,,,,,,,,,,,,,,,,,,,,,,,,
Seagoville Police Department,1979-08-01,Texas,,TX05722,,,,,,,,,,,,,,,,,,,,,,,,,,,,,,,,,,,,,,,,,,,,,,,,,,,,,,,,,,,,,,,,,,,,,,,,,,,,,,,,,,,,,,,,,,,,,
Seagoville Police Department,1979-07-01,Texas,,TX05722,,,,,,,,,,,,,,,,,,,,,,,,,,,,,,,,,,,,,,,,,,,,,,,,,,,,,,,,,,,,,,,,,,,,,,,,,,,,,,,,,,,,,,,,,,,,,
Seagoville Police Department,1979-06-01,Texas,,TX05722,,,,,,,,,,,,,,,,,,,,,,,,,,,,,,,,,,,,,,,,,,,,,,,,,,,,,,,,,,,,,,,,,,,,,,,,,,,,,,,,,,,,,,,,,,,,,
Seagoville Police Department,1979-05-01,Texas,,TX05722,,,,,,,,,,,,,,,,,,,,,,,,,,,,,,,,,,,,,,,,,,,,,,,,,,,,,,,,,,,,,,,,,,,,,,,,,,,,,,,,,,,,,,,,,,,,,
Seagoville Police Department,1979-04-01,Texas,,TX05722,,,,,,,,,,,,,,,,,,,,,,,,,,,,,,,,,,,,,,,,,,,,,,,,,,,,,,,,,,,,,,,,,,,,,,,,,,,,,,,,,,,,,,,,,,,,,
Seagoville Police Department,1979-03-01,Texas,,TX05722,,,,,,,,,,,,,,,,,,,,,,,,,,,,,,,,,,,,,,,,,,,,,,,,,,,,,,,,,,,,,,,,,,,,,,,,,,,,,,,,,,,,,,,,,,,,,
Seagoville Police Department,1979-02-01,Texas,,TX05722,,,,,,,,,,,,,,,,,,,,,,,,,,,,,,,,,,,,,,,,,,,,,,,,,,,,,,,,,,,,,,,,,,,,,,,,,,,,,,,,,,,,,,,,,,,,,
Seagoville Police Department,1979-01-01,Texas,,TX05722,,,,,,,,,,,,,,,,,,,,,,,,,,,,,,,,,,,,,,,,,,,,,,,,,,,,,,,,,,,,,,,,,,,,,,,,,,,,,,,,,,,,,,,,,,,,,
Seagoville Police Department,1978-12-01,Texas,,TX05722,,,,,,,,,,,,,,,,,,,,,,,,,,,,,,,,,,,,,,,,,,,,,,,,,,,,,,,,,,,,,,,,,,,,,,,,,,,,,,,,,,,,,,,,,,,,,
Seagoville Police Department,1978-11-01,Texas,,TX05722,,,,,,,,,,,,,,,,,,,,,,,,,,,,,,,,,,,,,,,,,,,,,,,,,,,,,,,,,,,,,,,,,,,,,,,,,,,,,,,,,,,,,,,,,,,,,
Seagoville Police Department,1978-10-01,Texas,,TX05722,,,,,,,,,,,,,,,,,,,,,,,,,,,,,,,,,,,,,,,,,,,,,,,,,,,,,,,,,,,,,,,,,,,,,,,,,,,,,,,,,,,,,,,,,,,,,
Seagoville Police Department,1978-09-01,Texas,,TX05722,,,,,,,,,,,,,,,,,,,,,,,,,,,,,,,,,,,,,,,,,,,,,,,,,,,,,,,,,,,,,,,,,,,,,,,,,,,,,,,,,,,,,,,,,,,,,
Seagoville Police Department,1978-08-01,Texas,,TX05722,,,,,,,,,,,,,,,,,,,,,,,,,,,,,,,,,,,,,,,,,,,,,,,,,,,,,,,,,,,,,,,,,,,,,,,,,,,,,,,,,,,,,,,,,,,,,
Seagoville Police Department,1978-07-01,Texas,,TX05722,,,,,,,,,,,,,,,,,,,,,,,,,,,,,,,,,,,,,,,,,,,,,,,,,,,,,,,,,,,,,,,,,,,,,,,,,,,,,,,,,,,,,,,,,,,,,
Seagoville Police Department,1978-06-01,Texas,,TX05722,,,,,,,,,,,,,,,,,,,,,,,,,,,,,,,,,,,,,,,,,,,,,,,,,,,,,,,,,,,,,,,,,,,,,,,,,,,,,,,,,,,,,,,,,,,,,
Seagoville Police Department,1978-05-01,Texas,,TX05722,,,,,,,,,,,,,,,,,,,,,,,,,,,,,,,,,,,,,,,,,,,,,,,,,,,,,,,,,,,,,,,,,,,,,,,,,,,,,,,,,,,,,,,,,,,,,
Seagoville Police Department,1978-04-01,Texas,,TX05722,,,,,,,,,,,,,,,,,,,,,,,,,,,,,,,,,,,,,,,,,,,,,,,,,,,,,,,,,,,,,,,,,,,,,,,,,,,,,,,,,,,,,,,,,,,,,
Seagoville Police Department,1978-03-01,Texas,,TX05722,,,,,,,,,,,,,,,,,,,,,,,,,,,,,,,,,,,,,,,,,,,,,,,,,,,,,,,,,,,,,,,,,,,,,,,,,,,,,,,,,,,,,,,,,,,,,
Seagoville Police Department,1978-02-01,Texas,,TX05722,,,,,,,,,,,,,,,,,,,,,,,,,,,,,,,,,,,,,,,,,,,,,,,,,,,,,,,,,,,,,,,,,,,,,,,,,,,,,,,,,,,,,,,,,,,,,
Seagoville Police Department,1978-01-01,Texas,,TX05722,,,,,,,,,,,,,,,,,,,,,,,,,,,,,,,,,,,,,,,,,,,,,,,,,,,,,,,,,,,,,,,,,,,,,,,,,,,,,,,,,,,,,,,,,,,,,
Seagoville Police Department,1977-12-01,Texas,,TX05722,,,,,,,,,,,,,,,,,,,,,,,,,,,,,,,,,,,,,,,,,,,,,,,,,,,,,,,,,,,,,,,,,,,,,,,,,,,,,,,,,,,,,,,,,,,,,
Seagoville Police Department,1977-11-01,Texas,,TX05722,,,,,,,,,,,,,,,,,,,,,,,,,,,,,,,,,,,,,,,,,,,,,,,,,,,,,,,,,,,,,,,,,,,,,,,,,,,,,,,,,,,,,,,,,,,,,
Seagoville Police Department,1977-10-01,Texas,,TX05722,,,,,,,,,,,,,,,,,,,,,,,,,,,,,,,,,,,,,,,,,,,,,,,,,,,,,,,,,,,,,,,,,,,,,,,,,,,,,,,,,,,,,,,,,,,,,
Seagoville Police Department,1977-09-01,Texas,,TX05722,,,,,,,,,,,,,,,,,,,,,,,,,,,,,,,,,,,,,,,,,,,,,,,,,,,,,,,,,,,,,,,,,,,,,,,,,,,,,,,,,,,,,,,,,,,,,
Seagoville Police Department,1977-08-01,Texas,,TX05722,,,,,,,,,,,,,,,,,,,,,,,,,,,,,,,,,,,,,,,,,,,,,,,,,,,,,,,,,,,,,,,,,,,,,,,,,,,,,,,,,,,,,,,,,,,,,
Seagoville Police Department,1977-07-01,Texas,,TX05722,,,,,,,,,,,,,,,,,,,,,,,,,,,,,,,,,,,,,,,,,,,,,,,,,,,,,,,,,,,,,,,,,,,,,,,,,,,,,,,,,,,,,,,,,,,,,
Seagoville Police Department,1977-06-01,Texas,,TX05722,,,,,,,,,,,,,,,,,,,,,,,,,,,,,,,,,,,,,,,,,,,,,,,,,,,,,,,,,,,,,,,,,,,,,,,,,,,,,,,,,,,,,,,,,,,,,
Seagoville Police Department,1977-05-01,Texas,,TX05722,,,,,,,,,,,,,,,,,,,,,,,,,,,,,,,,,,,,,,,,,,,,,,,,,,,,,,,,,,,,,,,,,,,,,,,,,,,,,,,,,,,,,,,,,,,,,
Seagoville Police Department,1977-04-01,Texas,,TX05722,,,,,,,,,,,,,,,,,,,,,,,,,,,,,,,,,,,,,,,,,,,,,,,,,,,,,,,,,,,,,,,,,,,,,,,,,,,,,,,,,,,,,,,,,,,,,
Seagoville Police Department,1977-03-01,Texas,,TX05722,,,,,,,,,,,,,,,,,,,,,,,,,,,,,,,,,,,,,,,,,,,,,,,,,,,,,,,,,,,,,,,,,,,,,,,,,,,,,,,,,,,,,,,,,,,,,
Seagoville Police Department,1977-02-01,Texas,,TX05722,,,,,,,,,,,,,,,,,,,,,,,,,,,,,,,,,,,,,,,,,,,,,,,,,,,,,,,,,,,,,,,,,,,,,,,,,,,,,,,,,,,,,,,,,,,,,
Seagoville Police Department,1977-01-01,Texas,,TX05722,,,,,,,,,,,,,,,,,,,,,,,,,,,,,,,,,,,,,,,,,,,,,,,,,,,,,,,,,,,,,,,,,,,,,,,,,,,,,,,,,,,,,,,,,,,,,
Seagoville Police Department,1976-12-01,Texas,,TX05722,,,,,,,,,,,,,,,,,,,,,,,,,,,,,,,,,,,,,,,,,,,,,,,,,,,,,,,,,,,,,,,,,,,,,,,,,,,,,,,,,,,,,,,,,,,,,
Seagoville Police Department,1976-11-01,Texas,,TX05722,,,,,,,,,,,,,,,,,,,,,,,,,,,,,,,,,,,,,,,,,,,,,,,,,,,,,,,,,,,,,,,,,,,,,,,,,,,,,,,,,,,,,,,,,,,,,
Seagoville Police Department,1976-10-01,Texas,,TX05722,,,,,,,,,,,,,,,,,,,,,,,,,,,,,,,,,,,,,,,,,,,,,,,,,,,,,,,,,,,,,,,,,,,,,,,,,,,,,,,,,,,,,,,,,,,,,
Seagoville Police Department,1976-09-01,Texas,,TX05722,,,,,,,,,,,,,,,,,,,,,,,,,,,,,,,,,,,,,,,,,,,,,,,,,,,,,,,,,,,,,,,,,,,,,,,,,,,,,,,,,,,,,,,,,,,,,
Seagoville Police Department,1976-08-01,Texas,,TX05722,,,,,,,,,,,,,,,,,,,,,,,,,,,,,,,,,,,,,,,,,,,,,,,,,,,,,,,,,,,,,,,,,,,,,,,,,,,,,,,,,,,,,,,,,,,,,
Seagoville Police Department,1976-07-01,Texas,,TX05722,,,,,,,,,,,,,,,,,,,,,,,,,,,,,,,,,,,,,,,,,,,,,,,,,,,,,,,,,,,,,,,,,,,,,,,,,,,,,,,,,,,,,,,,,,,,,
Seagoville Police Department,1976-06-01,Texas,,TX05722,,,,,,,,,,,,,,,,,,,,,,,,,,,,,,,,,,,,,,,,,,,,,,,,,,,,,,,,,,,,,,,,,,,,,,,,,,,,,,,,,,,,,,,,,,,,,
Seagoville Police Department,1976-05-01,Texas,,TX05722,,,,,,,,,,,,,,,,,,,,,,,,,,,,,,,,,,,,,,,,,,,,,,,,,,,,,,,,,,,,,,,,,,,,,,,,,,,,,,,,,,,,,,,,,,,,,
Seagoville Police Department,1976-04-01,Texas,,TX05722,,,,,,,,,,,,,,,,,,,,,,,,,,,,,,,,,,,,,,,,,,,,,,,,,,,,,,,,,,,,,,,,,,,,,,,,,,,,,,,,,,,,,,,,,,,,,
Seagoville Police Department,1976-03-01,Texas,,TX05722,,,,,,,,,,,,,,,,,,,,,,,,,,,,,,,,,,,,,,,,,,,,,,,,,,,,,,,,,,,,,,,,,,,,,,,,,,,,,,,,,,,,,,,,,,,,,
Seagoville Police Department,1976-02-01,Texas,,TX05722,,,,,,,,,,,,,,,,,,,,,,,,,,,,,,,,,,,,,,,,,,,,,,,,,,,,,,,,,,,,,,,,,,,,,,,,,,,,,,,,,,,,,,,,,,,,,
Seagoville Police Department,1976-01-01,Texas,,TX05722,,,,,,,,,,,,,,,,,,,,,,,,,,,,,,,,,,,,,,,,,,,,,,,,,,,,,,,,,,,,,,,,,,,,,,,,,,,,,,,,,,,,,,,,,,,,,
Seagoville Police Department,1975-12-01,Texas,,TX05722,,,,,,,,,,,,,,,,,,,,,,,,,,,,,,,,,,,,,,,,,,,,,,,,,,,,,,,,,,,,,,,,,,,,,,,,,,,,,,,,,,,,,,,,,,,,,
Seagoville Police Department,1975-11-01,Texas,,TX05722,,,,,,,,,,,,,,,,,,,,,,,,,,,,,,,,,,,,,,,,,,,,,,,,,,,,,,,,,,,,,,,,,,,,,,,,,,,,,,,,,,,,,,,,,,,,,
Seagoville Police Department,1975-10-01,Texas,,TX05722,,,,,,,,,,,,,,,,,,,,,,,,,,,,,,,,,,,,,,,,,,,,,,,,,,,,,,,,,,,,,,,,,,,,,,,,,,,,,,,,,,,,,,,,,,,,,
Seagoville Police Department,1975-09-01,Texas,,TX05722,,,,,,,,,,,,,,,,,,,,,,,,,,,,,,,,,,,,,,,,,,,,,,,,,,,,,,,,,,,,,,,,,,,,,,,,,,,,,,,,,,,,,,,,,,,,,
Seagoville Police Department,1975-08-01,Texas,,TX05722,,,,,,,,,,,,,,,,,,,,,,,,,,,,,,,,,,,,,,,,,,,,,,,,,,,,,,,,,,,,,,,,,,,,,,,,,,,,,,,,,,,,,,,,,,,,,
Seagoville Police Department,1975-07-01,Texas,,TX05722,,,,,,,,,,,,,,,,,,,,,,,,,,,,,,,,,,,,,,,,,,,,,,,,,,,,,,,,,,,,,,,,,,,,,,,,,,,,,,,,,,,,,,,,,,,,,
Seagoville Police Department,1975-06-01,Texas,,TX05722,,,,,,,,,,,,,,,,,,,,,,,,,,,,,,,,,,,,,,,,,,,,,,,,,,,,,,,,,,,,,,,,,,,,,,,,,,,,,,,,,,,,,,,,,,,,,
Seagoville Police Department,1975-05-01,Texas,,TX05722,,,,,,,,,,,,,,,,,,,,,,,,,,,,,,,,,,,,,,,,,,,,,,,,,,,,,,,,,,,,,,,,,,,,,,,,,,,,,,,,,,,,,,,,,,,,,
Seagoville Police Department,1975-04-01,Texas,,TX05722,,,,,,,,,,,,,,,,,,,,,,,,,,,,,,,,,,,,,,,,,,,,,,,,,,,,,,,,,,,,,,,,,,,,,,,,,,,,,,,,,,,,,,,,,,,,,
Seagoville Police Department,1975-03-01,Texas,,TX05722,,,,,,,,,,,,,,,,,,,,,,,,,,,,,,,,,,,,,,,,,,,,,,,,,,,,,,,,,,,,,,,,,,,,,,,,,,,,,,,,,,,,,,,,,,,,,
Seagoville Police Department,1975-02-01,Texas,,TX05722,,,,,,,,,,,,,,,,,,,,,,,,,,,,,,,,,,,,,,,,,,,,,,,,,,,,,,,,,,,,,,,,,,,,,,,,,,,,,,,,,,,,,,,,,,,,,
Seagoville Police Department,1975-01-01,Texas,,TX05722,,,,,,,,,,,,,,,,,,,,,,,,,,,,,,,,,,,,,,,,,,,,,,,,,,,,,,,,,,,,,,,,,,,,,,,,,,,,,,,,,,,,,,,,,,,,,
Seagoville Police Department,1974-12-01,Texas,,TX05722,,,,,,,,,,,,,,,,,,,,,,,,,,,,,,,,,,,,,,,,,,,,,,,,,,,,,,,,,,,,,,,,,,,,,,,,,,,,,,,,,,,,,,,,,,,,,
Seagoville Police Department,1974-11-01,Texas,,TX05722,,,,,,,,,,,,,,,,,,,,,,,,,,,,,,,,,,,,,,,,,,,,,,,,,,,,,,,,,,,,,,,,,,,,,,,,,,,,,,,,,,,,,,,,,,,,,
Seagoville Police Department,1974-10-01,Texas,,TX05722,,,,,,,,,,,,,,,,,,,,,,,,,,,,,,,,,,,,,,,,,,,,,,,,,,,,,,,,,,,,,,,,,,,,,,,,,,,,,,,,,,,,,,,,,,,,,
Seagoville Police Department,1974-09-01,Texas,,TX05722,,,,,,,,,,,,,,,,,,,,,,,,,,,,,,,,,,,,,,,,,,,,,,,,,,,,,,,,,,,,,,,,,,,,,,,,,,,,,,,,,,,,,,,,,,,,,
Seagoville Police Department,1974-08-01,Texas,,TX05722,,,,,,,,,,,,,,,,,,,,,,,,,,,,,,,,,,,,,,,,,,,,,,,,,,,,,,,,,,,,,,,,,,,,,,,,,,,,,,,,,,,,,,,,,,,,,
Seagoville Police Department,1974-07-01,Texas,,TX05722,,,,,,,,,,,,,,,,,,,,,,,,,,,,,,,,,,,,,,,,,,,,,,,,,,,,,,,,,,,,,,,,,,,,,,,,,,,,,,,,,,,,,,,,,,,,,
Seagoville Police Department,1974-06-01,Texas,,TX05722,,,,,,,,,,,,,,,,,,,,,,,,,,,,,,,,,,,,,,,,,,,,,,,,,,,,,,,,,,,,,,,,,,,,,,,,,,,,,,,,,,,,,,,,,,,,,
Seagoville Police Department,1974-05-01,Texas,,TX05722,,,,,,,,,,,,,,,,,,,,,,,,,,,,,,,,,,,,,,,,,,,,,,,,,,,,,,,,,,,,,,,,,,,,,,,,,,,,,,,,,,,,,,,,,,,,,
Seagoville Police Department,1974-04-01,Texas,,TX05722,,,,,,,,,,,,,,,,,,,,,,,,,,,,,,,,,,,,,,,,,,,,,,,,,,,,,,,,,,,,,,,,,,,,,,,,,,,,,,,,,,,,,,,,,,,,,
Seagoville Police Department,1974-03-01,Texas,,TX05722,,,,,,,,,,,,,,,,,,,,,,,,,,,,,,,,,,,,,,,,,,,,,,,,,,,,,,,,,,,,,,,,,,,,,,,,,,,,,,,,,,,,,,,,,,,,,
Seagoville Police Department,1974-02-01,Texas,,TX05722,,,,,,,,,,,,,,,,,,,,,,,,,,,,,,,,,,,,,,,,,,,,,,,,,,,,,,,,,,,,,,,,,,,,,,,,,,,,,,,,,,,,,,,,,,,,,
Seagoville Police Department,1974-01-01,Texas,,TX05722,,,,,,,,,,,,,,,,,,,,,,,,,,,,,,,,,,,,,,,,,,,,,,,,,,,,,,,,,,,,,,,,,,,,,,,,,,,,,,,,,,,,,,,,,,,,,
Seagoville Police Department,1973-12-01,Texas,,TX05722,,,,,,,,,,,,,,,,,,,,,,,,,,,,,,,,,,,,,,,,,,,,,,,,,,,,,,,,,,,,,,,,,,,,,,,,,,,,,,,,,,,,,,,,,,,,,
Seagoville Police Department,1973-11-01,Texas,,TX05722,,,,,,,,,,,,,,,,,,,,,,,,,,,,,,,,,,,,,,,,,,,,,,,,,,,,,,,,,,,,,,,,,,,,,,,,,,,,,,,,,,,,,,,,,,,,,
Seagoville Police Department,1973-10-01,Texas,,TX05722,,,,,,,,,,,,,,,,,,,,,,,,,,,,,,,,,,,,,,,,,,,,,,,,,,,,,,,,,,,,,,,,,,,,,,,,,,,,,,,,,,,,,,,,,,,,,
Seagoville Police Department,1973-09-01,Texas,,TX05722,,,,,,,,,,,,,,,,,,,,,,,,,,,,,,,,,,,,,,,,,,,,,,,,,,,,,,,,,,,,,,,,,,,,,,,,,,,,,,,,,,,,,,,,,,,,,
Seagoville Police Department,1973-08-01,Texas,,TX05722,,,,,,,,,,,,,,,,,,,,,,,,,,,,,,,,,,,,,,,,,,,,,,,,,,,,,,,,,,,,,,,,,,,,,,,,,,,,,,,,,,,,,,,,,,,,,
Seagoville Police Department,1973-07-01,Texas,,TX05722,,,,,,,,,,,,,,,,,,,,,,,,,,,,,,,,,,,,,,,,,,,,,,,,,,,,,,,,,,,,,,,,,,,,,,,,,,,,,,,,,,,,,,,,,,,,,
Seagoville Police Department,1973-06-01,Texas,,TX05722,,,,,,,,,,,,,,,,,,,,,,,,,,,,,,,,,,,,,,,,,,,,,,,,,,,,,,,,,,,,,,,,,,,,,,,,,,,,,,,,,,,,,,,,,,,,,
Seagoville Police Department,1973-05-01,Texas,,TX05722,,,,,,,,,,,,,,,,,,,,,,,,,,,,,,,,,,,,,,,,,,,,,,,,,,,,,,,,,,,,,,,,,,,,,,,,,,,,,,,,,,,,,,,,,,,,,
Seagoville Police Department,1973-04-01,Texas,,TX05722,,,,,,,,,,,,,,,,,,,,,,,,,,,,,,,,,,,,,,,,,,,,,,,,,,,,,,,,,,,,,,,,,,,,,,,,,,,,,,,,,,,,,,,,,,,,,
Seagoville Police Department,1973-03-01,Texas,,TX05722,,,,,,,,,,,,,,,,,,,,,,,,,,,,,,,,,,,,,,,,,,,,,,,,,,,,,,,,,,,,,,,,,,,,,,,,,,,,,,,,,,,,,,,,,,,,,
Seagoville Police Department,1973-02-01,Texas,,TX05722,,,,,,,,,,,,,,,,,,,,,,,,,,,,,,,,,,,,,,,,,,,,,,,,,,,,,,,,,,,,,,,,,,,,,,,,,,,,,,,,,,,,,,,,,,,,,
Seagoville Police Department,1973-01-01,Texas,,TX05722,,,,,,,,,,,,,,,,,,,,,,,,,,,,,,,,,,,,,,,,,,,,,,,,,,,,,,,,,,,,,,,,,,,,,,,,,,,,,,,,,,,,,,,,,,,,,
Seagoville Police Department,1972-12-01,Texas,,TX05722,,,,,,,,,,,,,,,,,,,,,,,,,,,,,,,,,,,,,,,,,,,,,,,,,,,,,,,,,,,,,,,,,,,,,,,,,,,,,,,,,,,,,,,,,,,,,
Seagoville Police Department,1972-11-01,Texas,,TX05722,,,,,,,,,,,,,,,,,,,,,,,,,,,,,,,,,,,,,,,,,,,,,,,,,,,,,,,,,,,,,,,,,,,,,,,,,,,,,,,,,,,,,,,,,,,,,
Seagoville Police Department,1972-10-01,Texas,,TX05722,,,,,,,,,,,,,,,,,,,,,,,,,,,,,,,,,,,,,,,,,,,,,,,,,,,,,,,,,,,,,,,,,,,,,,,,,,,,,,,,,,,,,,,,,,,,,
Seagoville Police Department,1972-09-01,Texas,,TX05722,,,,,,,,,,,,,,,,,,,,,,,,,,,,,,,,,,,,,,,,,,,,,,,,,,,,,,,,,,,,,,,,,,,,,,,,,,,,,,,,,,,,,,,,,,,,,
Seagoville Police Department,1972-08-01,Texas,,TX05722,,,,,,,,,,,,,,,,,,,,,,,,,,,,,,,,,,,,,,,,,,,,,,,,,,,,,,,,,,,,,,,,,,,,,,,,,,,,,,,,,,,,,,,,,,,,,
Seagoville Police Department,1972-07-01,Texas,,TX05722,,,,,,,,,,,,,,,,,,,,,,,,,,,,,,,,,,,,,,,,,,,,,,,,,,,,,,,,,,,,,,,,,,,,,,,,,,,,,,,,,,,,,,,,,,,,,
Seagoville Police Department,1972-06-01,Texas,,TX05722,,,,,,,,,,,,,,,,,,,,,,,,,,,,,,,,,,,,,,,,,,,,,,,,,,,,,,,,,,,,,,,,,,,,,,,,,,,,,,,,,,,,,,,,,,,,,
Seagoville Police Department,1972-05-01,Texas,,TX05722,,,,,,,,,,,,,,,,,,,,,,,,,,,,,,,,,,,,,,,,,,,,,,,,,,,,,,,,,,,,,,,,,,,,,,,,,,,,,,,,,,,,,,,,,,,,,
Seagoville Police Department,1972-04-01,Texas,,TX05722,,,,,,,,,,,,,,,,,,,,,,,,,,,,,,,,,,,,,,,,,,,,,,,,,,,,,,,,,,,,,,,,,,,,,,,,,,,,,,,,,,,,,,,,,,,,,
Seagoville Police Department,1972-03-01,Texas,,TX05722,,,,,,,,,,,,,,,,,,,,,,,,,,,,,,,,,,,,,,,,,,,,,,,,,,,,,,,,,,,,,,,,,,,,,,,,,,,,,,,,,,,,,,,,,,,,,
Seagoville Police Department,1972-02-01,Texas,,TX05722,,,,,,,,,,,,,,,,,,,,,,,,,,,,,,,,,,,,,,,,,,,,,,,,,,,,,,,,,,,,,,,,,,,,,,,,,,,,,,,,,,,,,,,,,,,,,
Seagoville Police Department,1972-01-01,Texas,,TX05722,,,,,,,,,,,,,,,,,,,,,,,,,,,,,,,,,,,,,,,,,,,,,,,,,,,,,,,,,,,,,,,,,,,,,,,,,,,,,,,,,,,,,,,,,,,,,
Seagoville Police Department,1971-12-01,Texas,,TX05722,,,,,,,,,,,,,,,,,,,,,,,,,,,,,,,,,,,,,,,,,,,,,,,,,,,,,,,,,,,,,,,,,,,,,,,,,,,,,,,,,,,,,,,,,,,,,
Seagoville Police Department,1971-11-01,Texas,,TX05722,,,,,,,,,,,,,,,,,,,,,,,,,,,,,,,,,,,,,,,,,,,,,,,,,,,,,,,,,,,,,,,,,,,,,,,,,,,,,,,,,,,,,,,,,,,,,
Seagoville Police Department,1971-10-01,Texas,,TX05722,,,,,,,,,,,,,,,,,,,,,,,,,,,,,,,,,,,,,,,,,,,,,,,,,,,,,,,,,,,,,,,,,,,,,,,,,,,,,,,,,,,,,,,,,,,,,
Seagoville Police Department,1971-09-01,Texas,,TX05722,,,,,,,,,,,,,,,,,,,,,,,,,,,,,,,,,,,,,,,,,,,,,,,,,,,,,,,,,,,,,,,,,,,,,,,,,,,,,,,,,,,,,,,,,,,,,
Seagoville Police Department,1971-08-01,Texas,,TX05722,,,,,,,,,,,,,,,,,,,,,,,,,,,,,,,,,,,,,,,,,,,,,,,,,,,,,,,,,,,,,,,,,,,,,,,,,,,,,,,,,,,,,,,,,,,,,
Seagoville Police Department,1971-07-01,Texas,,TX05722,,,,,,,,,,,,,,,,,,,,,,,,,,,,,,,,,,,,,,,,,,,,,,,,,,,,,,,,,,,,,,,,,,,,,,,,,,,,,,,,,,,,,,,,,,,,,
Seagoville Police Department,1971-06-01,Texas,,TX05722,,,,,,,,,,,,,,,,,,,,,,,,,,,,,,,,,,,,,,,,,,,,,,,,,,,,,,,,,,,,,,,,,,,,,,,,,,,,,,,,,,,,,,,,,,,,,
Seagoville Police Department,1971-05-01,Texas,,TX05722,,,,,,,,,,,,,,,,,,,,,,,,,,,,,,,,,,,,,,,,,,,,,,,,,,,,,,,,,,,,,,,,,,,,,,,,,,,,,,,,,,,,,,,,,,,,,
Seagoville Police Department,1971-04-01,Texas,,TX05722,,,,,,,,,,,,,,,,,,,,,,,,,,,,,,,,,,,,,,,,,,,,,,,,,,,,,,,,,,,,,,,,,,,,,,,,,,,,,,,,,,,,,,,,,,,,,
Seagoville Police Department,1971-03-01,Texas,,TX05722,,,,,,,,,,,,,,,,,,,,,,,,,,,,,,,,,,,,,,,,,,,,,,,,,,,,,,,,,,,,,,,,,,,,,,,,,,,,,,,,,,,,,,,,,,,,,
Seagoville Police Department,1971-02-01,Texas,,TX05722,,,,,,,,,,,,,,,,,,,,,,,,,,,,,,,,,,,,,,,,,,,,,,,,,,,,,,,,,,,,,,,,,,,,,,,,,,,,,,,,,,,,,,,,,,,,,
Seagoville Police Department,1971-01-01,Texas,,TX05722,,,,,,,,,,,,,,,,,,,,,,,,,,,,,,,,,,,,,,,,,,,,,,,,,,,,,,,,,,,,,,,,,,,,,,,,,,,,,,,,,,,,,,,,,,,,,
Seagoville Police Department,1970-12-01,Texas,,TX05722,,,,,,,,,,,,,,,,,,,,,,,,,,,,,,,,,,,,,,,,,,,,,,,,,,,,,,,,,,,,,,,,,,,,,,,,,,,,,,,,,,,,,,,,,,,,,
Seagoville Police Department,1970-11-01,Texas,,TX05722,,,,,,,,,,,,,,,,,,,,,,,,,,,,,,,,,,,,,,,,,,,,,,,,,,,,,,,,,,,,,,,,,,,,,,,,,,,,,,,,,,,,,,,,,,,,,
Seagoville Police Department,1970-10-01,Texas,,TX05722,,,,,,,,,,,,,,,,,,,,,,,,,,,,,,,,,,,,,,,,,,,,,,,,,,,,,,,,,,,,,,,,,,,,,,,,,,,,,,,,,,,,,,,,,,,,,
Seagoville Police Department,1970-09-01,Texas,,TX05722,,,,,,,,,,,,,,,,,,,,,,,,,,,,,,,,,,,,,,,,,,,,,,,,,,,,,,,,,,,,,,,,,,,,,,,,,,,,,,,,,,,,,,,,,,,,,
Seagoville Police Department,1970-08-01,Texas,,TX05722,,,,,,,,,,,,,,,,,,,,,,,,,,,,,,,,,,,,,,,,,,,,,,,,,,,,,,,,,,,,,,,,,,,,,,,,,,,,,,,,,,,,,,,,,,,,,
Seagoville Police Department,1970-07-01,Texas,,TX05722,,,,,,,,,,,,,,,,,,,,,,,,,,,,,,,,,,,,,,,,,,,,,,,,,,,,,,,,,,,,,,,,,,,,,,,,,,,,,,,,,,,,,,,,,,,,,
Seagoville Police Department,1970-06-01,Texas,,TX05722,,,,,,,,,,,,,,,,,,,,,,,,,,,,,,,,,,,,,,,,,,,,,,,,,,,,,,,,,,,,,,,,,,,,,,,,,,,,,,,,,,,,,,,,,,,,,
Seagoville Police Department,1970-05-01,Texas,,TX05722,,,,,,,,,,,,,,,,,,,,,,,,,,,,,,,,,,,,,,,,,,,,,,,,,,,,,,,,,,,,,,,,,,,,,,,,,,,,,,,,,,,,,,,,,,,,,
Seagoville Police Department,1970-04-01,Texas,,TX05722,,,,,,,,,,,,,,,,,,,,,,,,,,,,,,,,,,,,,,,,,,,,,,,,,,,,,,,,,,,,,,,,,,,,,,,,,,,,,,,,,,,,,,,,,,,,,
Seagoville Police Department,1970-03-01,Texas,,TX05722,,,,,,,,,,,,,,,,,,,,,,,,,,,,,,,,,,,,,,,,,,,,,,,,,,,,,,,,,,,,,,,,,,,,,,,,,,,,,,,,,,,,,,,,,,,,,
Seagoville Police Department,1970-02-01,Texas,,TX05722,,,,,,,,,,,,,,,,,,,,,,,,,,,,,,,,,,,,,,,,,,,,,,,,,,,,,,,,,,,,,,,,,,,,,,,,,,,,,,,,,,,,,,,,,,,,,
Seagoville Police Department,1970-01-01,Texas,,TX05722,,,,,,,,,,,,,,,,,,,,,,,,,,,,,,,,,,,,,,,,,,,,,,,,,,,,,,,,,,,,,,,,,,,,,,,,,,,,,,,,,,,,,,,,,,,,,
Seagoville Police Department,1969-12-01,Texas,,TX05722,,,,,,,,,,,,,,,,,,,,,,,,,,,,,,,,,,,,,,,,,,,,,,,,,,,,,,,,,,,,,,,,,,,,,,,,,,,,,,,,,,,,,,,,,,,,,
Seagoville Police Department,1969-11-01,Texas,,TX05722,,,,,,,,,,,,,,,,,,,,,,,,,,,,,,,,,,,,,,,,,,,,,,,,,,,,,,,,,,,,,,,,,,,,,,,,,,,,,,,,,,,,,,,,,,,,,
Seagoville Police Department,1969-10-01,Texas,,TX05722,,,,,,,,,,,,,,,,,,,,,,,,,,,,,,,,,,,,,,,,,,,,,,,,,,,,,,,,,,,,,,,,,,,,,,,,,,,,,,,,,,,,,,,,,,,,,
Seagoville Police Department,1969-09-01,Texas,,TX05722,,,,,,,,,,,,,,,,,,,,,,,,,,,,,,,,,,,,,,,,,,,,,,,,,,,,,,,,,,,,,,,,,,,,,,,,,,,,,,,,,,,,,,,,,,,,,
Seagoville Police Department,1969-08-01,Texas,,TX05722,,,,,,,,,,,,,,,,,,,,,,,,,,,,,,,,,,,,,,,,,,,,,,,,,,,,,,,,,,,,,,,,,,,,,,,,,,,,,,,,,,,,,,,,,,,,,
Seagoville Police Department,1969-07-01,Texas,,TX05722,,,,,,,,,,,,,,,,,,,,,,,,,,,,,,,,,,,,,,,,,,,,,,,,,,,,,,,,,,,,,,,,,,,,,,,,,,,,,,,,,,,,,,,,,,,,,
Seagoville Police Department,1969-06-01,Texas,,TX05722,,,,,,,,,,,,,,,,,,,,,,,,,,,,,,,,,,,,,,,,,,,,,,,,,,,,,,,,,,,,,,,,,,,,,,,,,,,,,,,,,,,,,,,,,,,,,
Seagoville Police Department,1969-05-01,Texas,,TX05722,,,,,,,,,,,,,,,,,,,,,,,,,,,,,,,,,,,,,,,,,,,,,,,,,,,,,,,,,,,,,,,,,,,,,,,,,,,,,,,,,,,,,,,,,,,,,
Seagoville Police Department,1969-04-01,Texas,,TX05722,,,,,,,,,,,,,,,,,,,,,,,,,,,,,,,,,,,,,,,,,,,,,,,,,,,,,,,,,,,,,,,,,,,,,,,,,,,,,,,,,,,,,,,,,,,,,
Seagoville Police Department,1969-03-01,Texas,,TX05722,,,,,,,,,,,,,,,,,,,,,,,,,,,,,,,,,,,,,,,,,,,,,,,,,,,,,,,,,,,,,,,,,,,,,,,,,,,,,,,,,,,,,,,,,,,,,
Seagoville Police Department,1969-02-01,Texas,,TX05722,,,,,,,,,,,,,,,,,,,,,,,,,,,,,,,,,,,,,,,,,,,,,,,,,,,,,,,,,,,,,,,,,,,,,,,,,,,,,,,,,,,,,,,,,,,,,
Seagoville Police Department,1969-01-01,Texas,,TX05722,,,,,,,,,,,,,,,,,,,,,,,,,,,,,,,,,,,,,,,,,,,,,,,,,,,,,,,,,,,,,,,,,,,,,,,,,,,,,,,,,,,,,,,,,,,,,
Seagoville Police Department,1968-12-01,Texas,,TX05722,,,,,,,,,,,,,,,,,,,,,,,,,,,,,,,,,,,,,,,,,,,,,,,,,,,,,,,,,,,,,,,,,,,,,,,,,,,,,,,,,,,,,,,,,,,,,
Seagoville Police Department,1968-11-01,Texas,,TX05722,,,,,,,,,,,,,,,,,,,,,,,,,,,,,,,,,,,,,,,,,,,,,,,,,,,,,,,,,,,,,,,,,,,,,,,,,,,,,,,,,,,,,,,,,,,,,
Seagoville Police Department,1968-10-01,Texas,,TX05722,,,,,,,,,,,,,,,,,,,,,,,,,,,,,,,,,,,,,,,,,,,,,,,,,,,,,,,,,,,,,,,,,,,,,,,,,,,,,,,,,,,,,,,,,,,,,
Seagoville Police Department,1968-09-01,Texas,,TX05722,,,,,,,,,,,,,,,,,,,,,,,,,,,,,,,,,,,,,,,,,,,,,,,,,,,,,,,,,,,,,,,,,,,,,,,,,,,,,,,,,,,,,,,,,,,,,
Seagoville Police Department,1968-08-01,Texas,,TX05722,,,,,,,,,,,,,,,,,,,,,,,,,,,,,,,,,,,,,,,,,,,,,,,,,,,,,,,,,,,,,,,,,,,,,,,,,,,,,,,,,,,,,,,,,,,,,
Seagoville Police Department,1968-07-01,Texas,,TX05722,,,,,,,,,,,,,,,,,,,,,,,,,,,,,,,,,,,,,,,,,,,,,,,,,,,,,,,,,,,,,,,,,,,,,,,,,,,,,,,,,,,,,,,,,,,,,
Seagoville Police Department,1968-06-01,Texas,,TX05722,,,,,,,,,,,,,,,,,,,,,,,,,,,,,,,,,,,,,,,,,,,,,,,,,,,,,,,,,,,,,,,,,,,,,,,,,,,,,,,,,,,,,,,,,,,,,
Seagoville Police Department,1968-05-01,Texas,,TX05722,,,,,,,,,,,,,,,,,,,,,,,,,,,,,,,,,,,,,,,,,,,,,,,,,,,,,,,,,,,,,,,,,,,,,,,,,,,,,,,,,,,,,,,,,,,,,
Seagoville Police Department,1968-04-01,Texas,,TX05722,,,,,,,,,,,,,,,,,,,,,,,,,,,,,,,,,,,,,,,,,,,,,,,,,,,,,,,,,,,,,,,,,,,,,,,,,,,,,,,,,,,,,,,,,,,,,
Seagoville Police Department,1968-03-01,Texas,,TX05722,,,,,,,,,,,,,,,,,,,,,,,,,,,,,,,,,,,,,,,,,,,,,,,,,,,,,,,,,,,,,,,,,,,,,,,,,,,,,,,,,,,,,,,,,,,,,
Seagoville Police Department,1968-02-01,Texas,,TX05722,,,,,,,,,,,,,,,,,,,,,,,,,,,,,,,,,,,,,,,,,,,,,,,,,,,,,,,,,,,,,,,,,,,,,,,,,,,,,,,,,,,,,,,,,,,,,
Seagoville Police Department,1968-01-01,Texas,,TX05722,,,,,,,,,,,,,,,,,,,,,,,,,,,,,,,,,,,,,,,,,,,,,,,,,,,,,,,,,,,,,,,,,,,,,,,,,,,,,,,,,,,,,,,,,,,,,
Seagoville Police Department,1967-12-01,Texas,,TX05722,,,,,,,,,,,,,,,,,,,,,,,,,,,,,,,,,,,,,,,,,,,,,,,,,,,,,,,,,,,,,,,,,,,,,,,,,,,,,,,,,,,,,,,,,,,,,
Seagoville Police Department,1967-11-01,Texas,,TX05722,,,,,,,,,,,,,,,,,,,,,,,,,,,,,,,,,,,,,,,,,,,,,,,,,,,,,,,,,,,,,,,,,,,,,,,,,,,,,,,,,,,,,,,,,,,,,
Seagoville Police Department,1967-10-01,Texas,,TX05722,,,,,,,,,,,,,,,,,,,,,,,,,,,,,,,,,,,,,,,,,,,,,,,,,,,,,,,,,,,,,,,,,,,,,,,,,,,,,,,,,,,,,,,,,,,,,
Seagoville Police Department,1967-09-01,Texas,,TX05722,,,,,,,,,,,,,,,,,,,,,,,,,,,,,,,,,,,,,,,,,,,,,,,,,,,,,,,,,,,,,,,,,,,,,,,,,,,,,,,,,,,,,,,,,,,,,
Seagoville Police Department,1967-08-01,Texas,,TX05722,,,,,,,,,,,,,,,,,,,,,,,,,,,,,,,,,,,,,,,,,,,,,,,,,,,,,,,,,,,,,,,,,,,,,,,,,,,,,,,,,,,,,,,,,,,,,
Seagoville Police Department,1967-07-01,Texas,,TX05722,,,,,,,,,,,,,,,,,,,,,,,,,,,,,,,,,,,,,,,,,,,,,,,,,,,,,,,,,,,,,,,,,,,,,,,,,,,,,,,,,,,,,,,,,,,,,
Seagoville Police Department,1967-06-01,Texas,,TX05722,,,,,,,,,,,,,,,,,,,,,,,,,,,,,,,,,,,,,,,,,,,,,,,,,,,,,,,,,,,,,,,,,,,,,,,,,,,,,,,,,,,,,,,,,,,,,
Seagoville Police Department,1967-05-01,Texas,,TX05722,,,,,,,,,,,,,,,,,,,,,,,,,,,,,,,,,,,,,,,,,,,,,,,,,,,,,,,,,,,,,,,,,,,,,,,,,,,,,,,,,,,,,,,,,,,,,
Seagoville Police Department,1967-04-01,Texas,,TX05722,,,,,,,,,,,,,,,,,,,,,,,,,,,,,,,,,,,,,,,,,,,,,,,,,,,,,,,,,,,,,,,,,,,,,,,,,,,,,,,,,,,,,,,,,,,,,
Seagoville Police Department,1967-03-01,Texas,,TX05722,,,,,,,,,,,,,,,,,,,,,,,,,,,,,,,,,,,,,,,,,,,,,,,,,,,,,,,,,,,,,,,,,,,,,,,,,,,,,,,,,,,,,,,,,,,,,
Seagoville Police Department,1967-02-01,Texas,,TX05722,,,,,,,,,,,,,,,,,,,,,,,,,,,,,,,,,,,,,,,,,,,,,,,,,,,,,,,,,,,,,,,,,,,,,,,,,,,,,,,,,,,,,,,,,,,,,
Seagoville Police Department,1967-01-01,Texas,,TX05722,,,,,,,,,,,,,,,,,,,,,,,,,,,,,,,,,,,,,,,,,,,,,,,,,,,,,,,,,,,,,,,,,,,,,,,,,,,,,,,,,,,,,,,,,,,,,
Seagoville Police Department,1966-12-01,Texas,,TX05722,,,,,,,,,,,,,,,,,,,,,,,,,,,,,,,,,,,,,,,,,,,,,,,,,,,,,,,,,,,,,,,,,,,,,,,,,,,,,,,,,,,,,,,,,,,,,
Seagoville Police Department,1966-11-01,Texas,,TX05722,,,,,,,,,,,,,,,,,,,,,,,,,,,,,,,,,,,,,,,,,,,,,,,,,,,,,,,,,,,,,,,,,,,,,,,,,,,,,,,,,,,,,,,,,,,,,
Seagoville Police Department,1966-10-01,Texas,,TX05722,,,,,,,,,,,,,,,,,,,,,,,,,,,,,,,,,,,,,,,,,,,,,,,,,,,,,,,,,,,,,,,,,,,,,,,,,,,,,,,,,,,,,,,,,,,,,
Seagoville Police Department,1966-09-01,Texas,,TX05722,,,,,,,,,,,,,,,,,,,,,,,,,,,,,,,,,,,,,,,,,,,,,,,,,,,,,,,,,,,,,,,,,,,,,,,,,,,,,,,,,,,,,,,,,,,,,
Seagoville Police Department,1966-08-01,Texas,,TX05722,,,,,,,,,,,,,,,,,,,,,,,,,,,,,,,,,,,,,,,,,,,,,,,,,,,,,,,,,,,,,,,,,,,,,,,,,,,,,,,,,,,,,,,,,,,,,
Seagoville Police Department,1966-07-01,Texas,,TX05722,,,,,,,,,,,,,,,,,,,,,,,,,,,,,,,,,,,,,,,,,,,,,,,,,,,,,,,,,,,,,,,,,,,,,,,,,,,,,,,,,,,,,,,,,,,,,
Seagoville Police Department,1966-06-01,Texas,,TX05722,,,,,,,,,,,,,,,,,,,,,,,,,,,,,,,,,,,,,,,,,,,,,,,,,,,,,,,,,,,,,,,,,,,,,,,,,,,,,,,,,,,,,,,,,,,,,
Seagoville Police Department,1966-05-01,Texas,,TX05722,,,,,,,,,,,,,,,,,,,,,,,,,,,,,,,,,,,,,,,,,,,,,,,,,,,,,,,,,,,,,,,,,,,,,,,,,,,,,,,,,,,,,,,,,,,,,
Seagoville Police Department,1966-04-01,Texas,,TX05722,,,,,,,,,,,,,,,,,,,,,,,,,,,,,,,,,,,,,,,,,,,,,,,,,,,,,,,,,,,,,,,,,,,,,,,,,,,,,,,,,,,,,,,,,,,,,
Seagoville Police Department,1966-03-01,Texas,,TX05722,,,,,,,,,,,,,,,,,,,,,,,,,,,,,,,,,,,,,,,,,,,,,,,,,,,,,,,,,,,,,,,,,,,,,,,,,,,,,,,,,,,,,,,,,,,,,
Seagoville Police Department,1966-02-01,Texas,,TX05722,,,,,,,,,,,,,,,,,,,,,,,,,,,,,,,,,,,,,,,,,,,,,,,,,,,,,,,,,,,,,,,,,,,,,,,,,,,,,,,,,,,,,,,,,,,,,
Seagoville Police Department,1966-01-01,Texas,,TX05722,,,,,,,,,,,,,,,,,,,,,,,,,,,,,,,,,,,,,,,,,,,,,,,,,,,,,,,,,,,,,,,,,,,,,,,,,,,,,,,,,,,,,,,,,,,,,
Seagoville Police Department,1965-12-01,Texas,,TX05722,,,,,,,,,,,,,,,,,,,,,,,,,,,,,,,,,,,,,,,,,,,,,,,,,,,,,,,,,,,,,,,,,,,,,,,,,,,,,,,,,,,,,,,,,,,,,
Seagoville Police Department,1965-11-01,Texas,,TX05722,,,,,,,,,,,,,,,,,,,,,,,,,,,,,,,,,,,,,,,,,,,,,,,,,,,,,,,,,,,,,,,,,,,,,,,,,,,,,,,,,,,,,,,,,,,,,
Seagoville Police Department,1965-10-01,Texas,,TX05722,,,,,,,,,,,,,,,,,,,,,,,,,,,,,,,,,,,,,,,,,,,,,,,,,,,,,,,,,,,,,,,,,,,,,,,,,,,,,,,,,,,,,,,,,,,,,
Seagoville Police Department,1965-09-01,Texas,,TX05722,,,,,,,,,,,,,,,,,,,,,,,,,,,,,,,,,,,,,,,,,,,,,,,,,,,,,,,,,,,,,,,,,,,,,,,,,,,,,,,,,,,,,,,,,,,,,
Seagoville Police Department,1965-08-01,Texas,,TX05722,,,,,,,,,,,,,,,,,,,,,,,,,,,,,,,,,,,,,,,,,,,,,,,,,,,,,,,,,,,,,,,,,,,,,,,,,,,,,,,,,,,,,,,,,,,,,
Seagoville Police Department,1965-07-01,Texas,,TX05722,,,,,,,,,,,,,,,,,,,,,,,,,,,,,,,,,,,,,,,,,,,,,,,,,,,,,,,,,,,,,,,,,,,,,,,,,,,,,,,,,,,,,,,,,,,,,
Seagoville Police Department,1965-06-01,Texas,,TX05722,,,,,,,,,,,,,,,,,,,,,,,,,,,,,,,,,,,,,,,,,,,,,,,,,,,,,,,,,,,,,,,,,,,,,,,,,,,,,,,,,,,,,,,,,,,,,
Seagoville Police Department,1965-05-01,Texas,,TX05722,,,,,,,,,,,,,,,,,,,,,,,,,,,,,,,,,,,,,,,,,,,,,,,,,,,,,,,,,,,,,,,,,,,,,,,,,,,,,,,,,,,,,,,,,,,,,
Seagoville Police Department,1965-04-01,Texas,,TX05722,,,,,,,,,,,,,,,,,,,,,,,,,,,,,,,,,,,,,,,,,,,,,,,,,,,,,,,,,,,,,,,,,,,,,,,,,,,,,,,,,,,,,,,,,,,,,
Seagoville Police Department,1965-03-01,Texas,,TX05722,,,,,,,,,,,,,,,,,,,,,,,,,,,,,,,,,,,,,,,,,,,,,,,,,,,,,,,,,,,,,,,,,,,,,,,,,,,,,,,,,,,,,,,,,,,,,
Seagoville Police Department,1965-02-01,Texas,,TX05722,,,,,,,,,,,,,,,,,,,,,,,,,,,,,,,,,,,,,,,,,,,,,,,,,,,,,,,,,,,,,,,,,,,,,,,,,,,,,,,,,,,,,,,,,,,,,
Seagoville Police Department,1965-01-01,Texas,,TX05722,,,,,,,,,,,,,,,,,,,,,,,,,,,,,,,,,,,,,,,,,,,,,,,,,,,,,,,,,,,,,,,,,,,,,,,,,,,,,,,,,,,,,,,,,,,,,
Seagoville Police Department,1964-12-01,Texas,,TX05722,,,,,,,,,,,,,,,,,,,,,,,,,,,,,,,,,,,,,,,,,,,,,,,,,,,,,,,,,,,,,,,,,,,,,,,,,,,,,,,,,,,,,,,,,,,,,
Seagoville Police Department,1964-11-01,Texas,,TX05722,,,,,,,,,,,,,,,,,,,,,,,,,,,,,,,,,,,,,,,,,,,,,,,,,,,,,,,,,,,,,,,,,,,,,,,,,,,,,,,,,,,,,,,,,,,,,
Seagoville Police Department,1964-10-01,Texas,,TX05722,,,,,,,,,,,,,,,,,,,,,,,,,,,,,,,,,,,,,,,,,,,,,,,,,,,,,,,,,,,,,,,,,,,,,,,,,,,,,,,,,,,,,,,,,,,,,
Seagoville Police Department,1964-09-01,Texas,,TX05722,,,,,,,,,,,,,,,,,,,,,,,,,,,,,,,,,,,,,,,,,,,,,,,,,,,,,,,,,,,,,,,,,,,,,,,,,,,,,,,,,,,,,,,,,,,,,
Seagoville Police Department,1964-08-01,Texas,,TX05722,,,,,,,,,,,,,,,,,,,,,,,,,,,,,,,,,,,,,,,,,,,,,,,,,,,,,,,,,,,,,,,,,,,,,,,,,,,,,,,,,,,,,,,,,,,,,
Seagoville Police Department,1964-07-01,Texas,,TX05722,,,,,,,,,,,,,,,,,,,,,,,,,,,,,,,,,,,,,,,,,,,,,,,,,,,,,,,,,,,,,,,,,,,,,,,,,,,,,,,,,,,,,,,,,,,,,
Seagoville Police Department,1964-06-01,Texas,,TX05722,,,,,,,,,,,,,,,,,,,,,,,,,,,,,,,,,,,,,,,,,,,,,,,,,,,,,,,,,,,,,,,,,,,,,,,,,,,,,,,,,,,,,,,,,,,,,
Seagoville Police Department,1964-05-01,Texas,,TX05722,,,,,,,,,,,,,,,,,,,,,,,,,,,,,,,,,,,,,,,,,,,,,,,,,,,,,,,,,,,,,,,,,,,,,,,,,,,,,,,,,,,,,,,,,,,,,
Seagoville Police Department,1964-04-01,Texas,,TX05722,,,,,,,,,,,,,,,,,,,,,,,,,,,,,,,,,,,,,,,,,,,,,,,,,,,,,,,,,,,,,,,,,,,,,,,,,,,,,,,,,,,,,,,,,,,,,
Seagoville Police Department,1964-03-01,Texas,,TX05722,,,,,,,,,,,,,,,,,,,,,,,,,,,,,,,,,,,,,,,,,,,,,,,,,,,,,,,,,,,,,,,,,,,,,,,,,,,,,,,,,,,,,,,,,,,,,
Seagoville Police Department,1964-02-01,Texas,,TX05722,,,,,,,,,,,,,,,,,,,,,,,,,,,,,,,,,,,,,,,,,,,,,,,,,,,,,,,,,,,,,,,,,,,,,,,,,,,,,,,,,,,,,,,,,,,,,
Seagoville Police Department,1964-01-01,Texas,,TX05722,,,,,,,,,,,,,,,,,,,,,,,,,,,,,,,,,,,,,,,,,,,,,,,,,,,,,,,,,,,,,,,,,,,,,,,,,,,,,,,,,,,,,,,,,,,,,
Seagoville Police Department,1963-12-01,Texas,5045,TX05722,0,0,0,0,0,0,0,0,0,0,0,0,0,0,0,0,0,0,0,0,0,0,0,0,0,0,0,0,0,0,0,0,0,0,0,0,0,0,0,0,0,0,0,0,0,0,0,0,0,0,0,0,0,0,0,0,0,0,0,0,0,0,0,0,0,0,0,0,0,0,0,0,0,0,0,0,0,0,0,0,0,0,0,0,0,0,0,0,0,0,0,1,9.94943945578232
Seagoville Police Department,1963-11-01,Texas,5045,TX05722,0,0,0,0,0,0,0,0,0,0,0,0,0,0,0,0,0,0,0,0,0,0,0,0,0,0,0,0,0,0,0,0,0,0,0,0,0,0,0,0,0,0,0,0,0,0,0,0,0,0,0,0,0,0,0,0,0,0,0,0,0,0,0,0,0,0,0,0,0,0,0,0,0,0,0,0,0,0,0,0,0,0,0,0,0,0,0,0,0,0,0,1,9.94943945578232
Seagoville Police Department,1963-10-01,Texas,5045,TX05722,0,0,0,0,0,0,0,0,0,0,0,0,0,0,0,0,0,0,0,0,0,0,0,0,0,0,0,0,0,0,0,0,0,0,0,0,0,0,0,0,0,0,0,0,0,0,0,0,0,0,0,0,0,0,0,0,0,0,0,0,0,0,0,0,0,0,0,0,0,0,0,0,0,0,0,0,0,0,0,0,0,0,0,0,0,0,0,0,0,0,0,1,9.94943945578232
Seagoville Police Department,1963-09-01,Texas,5045,TX05722,0,0,0,0,0,0,0,0,0,0,0,0,0,0,0,0,0,0,0,0,0,0,0,0,0,0,0,0,0,0,0,0,0,0,0,0,0,0,0,0,0,0,0,0,0,0,0,0,0,0,0,0,0,0,0,0,0,0,0,0,0,0,0,0,0,0,0,0,0,0,0,0,0,0,0,0,0,0,0,0,0,0,0,0,0,0,0,0,0,0,0,1,9.94943945578232
Seagoville Police Department,1963-08-01,Texas,5045,TX05722,0,0,0,0,0,0,0,0,0,0,0,0,0,0,0,0,0,0,0,0,0,0,0,0,0,0,0,0,0,0,0,0,0,0,0,0,0,0,0,0,0,0,0,0,0,0,0,0,0,0,0,0,0,0,0,0,0,0,0,0,0,0,0,0,0,0,0,0,0,0,0,0,0,0,0,0,0,0,0,0,0,0,0,0,0,0,0,0,0,0,0,1,9.94943945578232
Seagoville Police Department,1963-07-01,Texas,5045,TX05722,0,0,0,0,0,0,0,0,0,0,0,0,0,0,0,0,0,0,0,0,0,0,0,0,0,0,0,0,0,0,0,0,0,0,0,0,0,0,0,0,0,0,0,0,0,0,0,0,0,0,0,0,0,0,0,0,0,0,0,0,0,0,0,0,0,0,0,0,0,0,0,0,0,0,0,0,0,0,0,0,0,0,0,0,0,0,0,0,0,0,0,1,9.94943945578232
Seagoville Police Department,1963-06-01,Texas,5045,TX05722,0,0,0,0,0,0,0,0,0,0,0,0,0,0,0,0,0,0,0,0,0,0,0,0,0,0,0,0,0,0,0,0,0,0,0,0,0,0,0,0,0,0,0,0,0,0,0,0,0,0,0,0,0,0,0,0,0,0,0,0,0,0,0,0,0,0,0,0,0,0,0,0,0,0,0,0,0,0,0,0,0,0,0,0,0,0,0,0,0,0,0,1,9.94943945578232
Seagoville Police Department,1963-05-01,Texas,5045,TX05722,0,0,0,0,0,0,0,0,0,0,0,0,0,0,0,0,0,0,0,0,0,0,0,0,0,0,0,0,0,0,0,0,0,0,0,0,0,0,0,0,0,0,0,0,0,0,0,0,0,0,0,0,0,0,0,0,0,0,0,0,0,0,0,0,0,0,0,0,0,0,0,0,0,0,0,0,0,0,0,0,0,0,0,0,0,0,0,0,0,0,0,1,9.94943945578232
Seagoville Police Department,1963-04-01,Texas,5045,TX05722,0,0,0,0,0,0,0,0,0,0,0,0,0,0,0,0,0,0,0,0,0,0,0,0,0,0,0,0,0,0,0,0,0,0,0,0,0,0,0,0,0,0,0,0,0,0,0,0,0,0,0,0,0,0,0,0,0,0,0,0,0,0,0,0,0,0,0,0,0,0,0,0,0,0,0,0,0,0,0,0,0,0,0,0,0,0,0,0,0,0,0,1,9.94943945578232
Seagoville Police Department,1963-03-01,Texas,5045,TX05722,0,0,0,0,0,0,0,0,0,0,0,0,0,0,0,0,0,0,0,0,0,0,0,0,0,0,0,0,0,0,0,0,0,0,0,0,0,0,0,0,0,0,0,0,0,0,0,0,0,0,0,0,0,0,0,0,0,0,0,0,0,0,0,0,0,0,0,0,0,0,0,0,0,0,0,0,0,0,0,0,0,0,0,0,0,0,0,0,0,0,0,1,9.94943945578232
Seagoville Police Department,1963-02-01,Texas,5045,TX05722,0,0,0,0,0,0,0,0,0,0,0,0,0,0,0,0,0,0,0,0,0,0,0,0,0,0,0,0,0,0,0,0,0,0,0,0,0,0,0,0,0,0,0,0,0,0,0,0,0,0,0,0,0,0,0,0,0,0,0,0,0,0,0,0,0,0,0,0,0,0,0,0,0,0,0,0,0,0,0,0,0,0,0,0,0,0,0,0,0,0,0,1,9.94943945578232
Seagoville Police Department,1963-01-01,Texas,5045,TX05722,0,0,0,0,0,0,0,0,0,0,0,0,0,0,0,0,0,0,0,0,0,0,0,0,0,0,0,0,0,0,0,0,0,0,0,0,0,0,0,0,0,0,0,0,0,0,0,0,0,0,0,0,0,0,0,0,0,0,0,0,0,0,0,0,0,0,0,0,0,0,0,0,0,0,0,0,0,0,0,0,0,0,0,0,0,0,0,0,0,0,0,1,9.94943945578232
Seagoville Police Department,1962-12-01,Texas,4556,TX05722,0,0,0,0,0,0,0,0,0,0,0,0,0,0,0,0,0,0,0,0,0,0,0,0,0,0,0,0,0,0,0,0,0,0,0,0,0,0,0,0,0,0,0,0,0,0,0,0,0,0,0,0,0,0,0,0,0,0,0,0,0,0,0,0,0,0,0,0,0,0,0,0,0,0,0,0,0,0,0,0,0,0,0,0,0,0,0,0,0,0,0,1,10.0727796143251
Seagoville Police Department,1962-11-01,Texas,4556,TX05722,0,0,0,0,0,0,0,0,0,0,0,0,0,0,0,0,0,0,0,0,0,0,0,0,0,0,0,0,0,0,0,0,0,0,0,0,0,0,0,0,0,0,0,0,0,0,0,0,0,0,0,0,0,0,0,0,0,0,0,0,0,0,0,0,0,0,0,0,0,0,0,0,0,0,0,0,0,0,0,0,0,0,0,0,0,0,0,0,0,0,0,1,10.0727796143251
Seagoville Police Department,1962-10-01,Texas,4556,TX05722,0,0,0,0,0,0,0,0,0,0,0,0,0,0,0,0,0,0,0,0,0,0,0,0,0,0,0,0,0,0,0,0,0,0,0,0,0,0,0,0,0,0,0,0,0,0,0,0,0,0,0,0,0,0,0,0,0,0,0,0,0,0,0,0,0,0,0,0,0,0,0,0,0,0,0,0,0,0,0,0,0,0,0,0,0,0,0,0,0,0,0,1,10.0727796143251
Seagoville Police Department,1962-09-01,Texas,4556,TX05722,0,0,0,0,0,0,0,0,0,0,0,0,0,0,0,0,0,0,0,0,0,0,0,0,0,0,0,0,0,0,0,0,0,0,0,0,0,0,0,0,0,0,0,0,0,0,0,0,0,0,0,0,0,0,0,0,0,0,0,0,0,0,0,0,0,0,0,0,0,0,0,0,0,0,0,0,0,0,0,0,0,0,0,0,0,0,0,0,0,0,0,1,10.0727796143251
Seagoville Police Department,1962-08-01,Texas,4556,TX05722,0,0,0,0,0,0,0,0,0,0,0,0,0,0,0,0,0,0,0,0,0,0,0,0,0,0,0,0,0,0,0,0,0,0,0,0,0,0,0,0,0,0,0,0,0,0,0,0,0,0,0,0,0,0,0,0,0,0,0,0,0,0,0,0,0,0,0,0,0,0,0,0,0,0,0,0,0,0,0,0,0,0,0,0,0,0,0,0,0,0,0,1,10.0727796143251
Seagoville Police Department,1962-07-01,Texas,4556,TX05722,0,0,0,0,0,0,0,0,0,0,0,0,0,0,0,0,0,0,0,0,0,0,0,0,0,0,0,0,0,0,0,0,0,0,0,0,0,0,0,0,0,0,0,0,0,0,0,0,0,0,0,0,0,0,0,0,0,0,0,0,0,0,0,0,0,0,0,0,0,0,0,0,0,0,0,0,0,0,0,0,0,0,0,0,0,0,0,0,0,0,0,1,10.0727796143251
Seagoville Police Department,1962-06-01,Texas,4556,TX05722,0,0,0,0,0,0,0,0,0,0,0,0,0,0,0,0,0,0,0,0,0,0,0,0,0,0,0,0,0,0,0,0,0,0,0,0,0,0,0,0,0,0,0,0,0,0,0,0,0,0,0,0,0,0,0,0,0,0,0,0,0,0,0,0,0,0,0,0,0,0,0,0,0,0,0,0,0,0,0,0,0,0,0,0,0,0,0,0,0,0,0,1,10.0727796143251
Seagoville Police Department,1962-05-01,Texas,4556,TX05722,0,0,0,0,0,0,0,0,0,0,0,0,0,0,0,0,0,0,0,0,0,0,0,0,0,0,0,0,0,0,0,0,0,0,0,0,0,0,0,0,0,0,0,0,0,0,0,0,0,0,0,0,0,0,0,0,0,0,0,0,0,0,0,0,0,0,0,0,0,0,0,0,0,0,0,0,0,0,0,0,0,0,0,0,0,0,0,0,0,0,0,1,10.0727796143251
Seagoville Police Department,1962-04-01,Texas,4556,TX05722,0,0,0,0,0,0,0,0,0,0,0,0,0,0,0,0,0,0,0,0,0,0,0,0,0,0,0,0,0,0,0,0,0,0,0,0,0,0,0,0,0,0,0,0,0,0,0,0,0,0,0,0,0,0,0,0,0,0,0,0,0,0,0,0,0,0,0,0,0,0,0,0,0,0,0,0,0,0,0,0,0,0,0,0,0,0,0,0,0,0,0,1,10.0727796143251
Seagoville Police Department,1962-03-01,Texas,4556,TX05722,0,0,0,0,0,0,0,0,0,0,0,0,0,0,0,0,0,0,0,0,0,0,0,0,0,0,0,0,0,0,0,0,0,0,0,0,0,0,0,0,0,0,0,0,0,0,0,0,0,0,0,0,0,0,0,0,0,0,0,0,0,0,0,0,0,0,0,0,0,0,0,0,0,0,0,0,0,0,0,0,0,0,0,0,0,0,0,0,0,0,0,1,10.0727796143251
Seagoville Police Department,1962-02-01,Texas,4556,TX05722,0,0,0,0,0,0,0,0,0,0,0,0,0,0,0,0,0,0,0,0,0,0,0,0,0,0,0,0,0,0,0,0,0,0,0,0,0,0,0,0,0,0,0,0,0,0,0,0,0,0,0,0,0,0,0,0,0,0,0,0,0,0,0,0,0,0,0,0,0,0,0,0,0,0,0,0,0,0,0,0,0,0,0,0,0,0,0,0,0,0,0,1,10.0727796143251
Seagoville Police Department,1962-01-01,Texas,4556,TX05722,0,0,0,0,0,0,0,0,0,0,0,0,0,0,0,0,0,0,0,0,0,0,0,0,0,0,0,0,0,0,0,0,0,0,0,0,0,0,0,0,0,0,0,0,0,0,0,0,0,0,0,0,0,0,0,0,0,0,0,0,0,0,0,0,0,0,0,0,0,0,0,0,0,0,0,0,0,0,0,0,0,0,0,0,0,0,0,0,0,0,0,1,10.0727796143251
Seagoville Police Department,1961-12-01,Texas,3745,TX05722,0,0,0,0,0,0,0,0,0,0,0,0,0,0,0,0,0,0,0,0,0,0,0,0,0,0,0,0,0,0,0,0,0,0,0,0,0,0,0,0,0,0,0,0,0,0,0,0,0,0,0,0,0,0,0,0,0,0,0,0,0,0,0,0,0,0,0,0,0,0,0,0,0,0,0,0,0,0,0,0,0,0,0,0,0,0,0,0,0,0,0,1,10.1935294117647
Seagoville Police Department,1961-11-01,Texas,3745,TX05722,0,0,0,0,0,0,0,0,0,0,0,0,0,0,0,0,0,0,0,0,0,0,0,0,0,0,0,0,0,0,0,0,0,0,0,0,0,0,0,0,0,0,0,0,0,0,0,0,0,0,0,0,0,0,0,0,0,0,0,0,0,0,0,0,0,0,0,0,0,0,0,0,0,0,0,0,0,0,0,0,0,0,0,0,0,0,0,0,0,0,0,1,10.1935294117647
Seagoville Police Department,1961-10-01,Texas,3745,TX05722,0,0,0,0,0,0,0,0,0,0,0,0,0,0,0,0,0,0,0,0,0,0,0,0,0,0,0,0,0,0,0,0,0,0,0,0,0,0,0,0,0,0,0,0,0,0,0,0,0,0,0,0,0,0,0,0,0,0,0,0,0,0,0,0,0,0,0,0,0,0,0,0,0,0,0,0,0,0,0,0,0,0,0,0,0,0,0,0,0,0,0,1,10.1935294117647
Seagoville Police Department,1961-09-01,Texas,3745,TX05722,0,0,0,0,0,0,0,0,0,0,0,0,0,0,0,0,0,0,0,0,0,0,0,0,0,0,0,0,0,0,0,0,0,0,0,0,0,0,0,0,0,0,0,0,0,0,0,0,0,0,0,0,0,0,0,0,0,0,0,0,0,0,0,0,0,0,0,0,0,0,0,0,0,0,0,0,0,0,0,0,0,0,0,0,0,0,0,0,0,0,0,1,10.1935294117647
Seagoville Police Department,1961-08-01,Texas,3745,TX05722,0,0,0,0,0,0,0,0,0,0,0,0,0,0,0,0,0,0,0,0,0,0,0,0,0,0,0,0,0,0,0,0,0,0,0,0,0,0,0,0,0,0,0,0,0,0,0,0,0,0,0,0,0,0,0,0,0,0,0,0,0,0,0,0,0,0,0,0,0,0,0,0,0,0,0,0,0,0,0,0,0,0,0,0,0,0,0,0,0,0,0,1,10.1935294117647
Seagoville Police Department,1961-07-01,Texas,3745,TX05722,0,0,0,0,0,0,0,0,0,0,0,0,0,0,0,0,0,0,0,0,0,0,0,0,0,0,0,0,0,0,0,0,0,0,0,0,0,0,0,0,0,0,0,0,0,0,0,0,0,0,0,0,0,0,0,0,0,0,0,0,0,0,0,0,0,0,0,0,0,0,0,0,0,0,0,0,0,0,0,0,0,0,0,0,0,0,0,0,0,0,0,1,10.1935294117647
Seagoville Police Department,1961-06-01,Texas,3745,TX05722,0,0,0,0,0,0,0,0,0,0,0,0,0,0,0,0,0,0,0,0,0,0,0,0,0,0,0,0,0,0,0,0,0,0,0,0,0,0,0,0,0,0,0,0,0,0,0,0,0,0,0,0,0,0,0,0,0,0,0,0,0,0,0,0,0,0,0,0,0,0,0,0,0,0,0,0,0,0,0,0,0,0,0,0,0,0,0,0,0,0,0,1,10.1935294117647
Seagoville Police Department,1961-05-01,Texas,3745,TX05722,0,0,0,0,0,0,0,0,0,0,0,0,0,0,0,0,0,0,0,0,0,0,0,0,0,0,0,0,0,0,0,0,0,0,0,0,0,0,0,0,0,0,0,0,0,0,0,0,0,0,0,0,0,0,0,0,0,0,0,0,0,0,0,0,0,0,0,0,0,0,0,0,0,0,0,0,0,0,0,0,0,0,0,0,0,0,0,0,0,0,0,1,10.1935294117647
Seagoville Police Department,1961-04-01,Texas,3745,TX05722,0,0,0,0,0,0,0,0,0,0,0,0,0,0,0,0,0,0,0,0,0,0,0,0,0,0,0,0,0,0,0,0,0,0,0,0,0,0,0,0,0,0,0,0,0,0,0,0,0,0,0,0,0,0,0,0,0,0,0,0,0,0,0,0,0,0,0,0,0,0,0,0,0,0,0,0,0,0,0,0,0,0,0,0,0,0,0,0,0,0,0,1,10.1935294117647
Seagoville Police Department,1961-03-01,Texas,3745,TX05722,0,0,0,0,0,0,0,0,0,0,0,0,0,0,0,0,0,0,0,0,0,0,0,0,0,0,0,0,0,0,0,0,0,0,0,0,0,0,0,0,0,0,0,0,0,0,0,0,0,0,0,0,0,0,0,0,0,0,0,0,0,0,0,0,0,0,0,0,0,0,0,0,0,0,0,0,0,0,0,0,0,0,0,0,0,0,0,0,0,0,0,1,10.1935294117647
Seagoville Police Department,1961-02-01,Texas,3745,TX05722,0,0,0,0,0,0,0,0,0,0,0,0,0,0,0,0,0,0,0,0,0,0,0,0,0,0,0,0,0,0,0,0,0,0,0,0,0,0,0,0,0,0,0,0,0,0,0,0,0,0,0,0,0,0,0,0,0,0,0,0,0,0,0,0,0,0,0,0,0,0,0,0,0,0,0,0,0,0,0,0,0,0,0,0,0,0,0,0,0,0,0,1,10.1935294117647
Seagoville Police Department,1961-01-01,Texas,3745,TX05722,0,0,0,0,0,0,0,0,0,0,0,0,0,0,0,0,0,0,0,0,0,0,0,0,0,0,0,0,0,0,0,0,0,0,0,0,0,0,0,0,0,0,0,0,0,0,0,0,0,0,0,0,0,0,0,0,0,0,0,0,0,0,0,0,0,0,0,0,0,0,0,0,0,0,0,0,0,0,0,0,0,0,0,0,0,0,0,0,0,0,0,1,10.1935294117647
Seagoville Police Department,1960-12-01,Texas,3745,TX05722,0,0,0,0,0,0,0,0,0,0,0,0,0,0,0,0,0,0,0,0,0,0,0,0,0,0,0,0,0,0,0,0,0,0,0,0,0,0,0,0,0,0,0,0,0,0,0,0,0,0,0,0,0,0,0,0,0,0,0,0,0,0,0,0,0,0,0,0,0,0,0,0,0,0,0,0,0,0,0,0,0,0,0,0,0,0,0,0,0,0,0,1,10.302673992674
Seagoville Police Department,1960-11-01,Texas,3745,TX05722,0,0,0,0,0,0,0,0,0,0,0,0,0,0,0,0,0,0,0,0,0,0,0,0,0,0,0,0,0,0,0,0,0,0,0,0,0,0,0,0,0,0,0,0,0,0,0,0,0,0,0,0,0,0,0,0,0,0,0,0,0,0,0,0,0,0,0,0,0,0,0,0,0,0,0,0,0,0,0,0,0,0,0,0,0,0,0,0,0,0,0,1,10.302673992674
Seagoville Police Department,1960-10-01,Texas,3745,TX05722,0,0,0,0,0,0,0,0,0,0,0,0,0,0,0,0,0,0,0,0,0,0,0,0,0,0,0,0,0,0,0,0,0,0,0,0,0,0,0,0,0,0,0,0,0,0,0,0,0,0,0,0,0,0,0,0,0,0,0,0,0,0,0,0,0,0,0,0,0,0,0,0,0,0,0,0,0,0,0,0,0,0,0,0,0,0,0,0,0,0,0,1,10.302673992674
Seagoville Police Department,1960-09-01,Texas,3745,TX05722,0,0,0,0,0,0,0,0,0,0,0,0,0,0,0,0,0,0,0,0,0,0,0,0,0,0,0,0,0,0,0,0,0,0,0,0,0,0,0,0,0,0,0,0,0,0,0,0,0,0,0,0,0,0,0,0,0,0,0,0,0,0,0,0,0,0,0,0,0,0,0,0,0,0,0,0,0,0,0,0,0,0,0,0,0,0,0,0,0,0,0,1,10.302673992674
Seagoville Police Department,1960-08-01,Texas,3745,TX05722,0,0,0,0,0,0,0,0,0,0,0,0,0,0,0,0,0,0,0,0,0,0,0,0,0,0,0,0,0,0,0,0,0,0,0,0,0,0,0,0,0,0,0,0,0,0,0,0,0,0,0,0,0,0,0,0,0,0,0,0,0,0,0,0,0,0,0,0,0,0,0,0,0,0,0,0,0,0,0,0,0,0,0,0,0,0,0,0,0,0,0,1,10.302673992674
Seagoville Police Department,1960-07-01,Texas,3745,TX05722,0,0,0,0,0,0,0,0,0,0,0,0,0,0,0,0,0,0,0,0,0,0,0,0,0,0,0,0,0,0,0,0,0,0,0,0,0,0,0,0,0,0,0,0,0,0,0,0,0,0,0,0,0,0,0,0,0,0,0,0,0,0,0,0,0,0,0,0,0,0,0,0,0,0,0,0,0,0,0,0,0,0,0,0,0,0,0,0,0,0,0,1,10.302673992674
Seagoville Police Department,1960-06-01,Texas,3745,TX05722,0,0,0,0,0,0,0,0,0,0,0,0,0,0,0,0,0,0,0,0,0,0,0,0,0,0,0,0,0,0,0,0,0,0,0,0,0,0,0,0,0,0,0,0,0,0,0,0,0,0,0,0,0,0,0,0,0,0,0,0,0,0,0,0,0,0,0,0,0,0,0,0,0,0,0,0,0,0,0,0,0,0,0,0,0,0,0,0,0,0,0,1,10.302673992674
Seagoville Police Department,1960-05-01,Texas,3745,TX05722,0,0,0,0,0,0,0,0,0,0,0,0,0,0,0,0,0,0,0,0,0,0,0,0,0,0,0,0,0,0,0,0,0,0,0,0,0,0,0,0,0,0,0,0,0,0,0,0,0,0,0,0,0,0,0,0,0,0,0,0,0,0,0,0,0,0,0,0,0,0,0,0,0,0,0,0,0,0,0,0,0,0,0,0,0,0,0,0,0,0,0,1,10.302673992674
Seagoville Police Department,1960-04-01,Texas,3745,TX05722,0,0,0,0,0,0,0,0,0,0,0,0,0,0,0,0,0,0,0,0,0,0,0,0,0,0,0,0,0,0,0,0,0,0,0,0,0,0,0,0,0,0,0,0,0,0,0,0,0,0,0,0,0,0,0,0,0,0,0,0,0,0,0,0,0,0,0,0,0,0,0,0,0,0,0,0,0,0,0,0,0,0,0,0,0,0,0,0,0,0,0,1,10.302673992674
Seagoville Police Department,1960-03-01,Texas,3745,TX05722,0,0,0,0,0,0,0,0,0,0,0,0,0,0,0,0,0,0,0,0,0,0,0,0,0,0,0,0,0,0,0,0,0,0,0,0,0,0,0,0,0,0,0,0,0,0,0,0,0,0,0,0,0,0,0,0,0,0,0,0,0,0,0,0,0,0,0,0,0,0,0,0,0,0,0,0,0,0,0,0,0,0,0,0,0,0,0,0,0,0,0,1,10.302673992674
Seagoville Police Department,1960-02-01,Texas,3745,TX05722,0,0,0,0,0,0,0,0,0,0,0,0,0,0,0,0,0,0,0,0,0,0,0,0,0,0,0,0,0,0,0,0,0,0,0,0,0,0,0,0,0,0,0,0,0,0,0,0,0,0,0,0,0,0,0,0,0,0,0,0,0,0,0,0,0,0,0,0,0,0,0,0,0,0,0,0,0,0,0,0,0,0,0,0,0,0,0,0,0,0,0,1,10.302673992674
Seagoville Police Department,1960-01-01,Texas,3745,TX05722,0,0,0,0,0,0,0,0,0,0,0,0,0,0,0,0,0,0,0,0,0,0,0,0,0,0,0,0,0,0,0,0,0,0,0,0,0,0,0,0,0,0,0,0,0,0,0,0,0,0,0,0,0,0,0,0,0,0,0,0,0,0,0,0,0,0,0,0,0,0,0,0,0,0,0,0,0,0,0,0,0,0,0,0,0,0,0,0,0,0,0,1,10.302673992674
