agency,year,state,population,ORI,offenses_burg_resident_day,offenses_burg_resident_night,offenses_burg_resident_unk,offenses_burg_nonresident_day,offenses_burg_nonresident_night,offenses_burg_nonresident_unk,offenses_burg_total,offenses_motor_vehicle_theft,offenses_murder,offenses_rape,offenses_robbery_bank,offenses_robbery_chain_store,offenses_robbery_gas_station,offenses_robbery_highway,offenses_robbery_house,offenses_robbery_misc,offenses_robbery_residence,offenses_robbery_total,offenses_theft_under_50,offenses_theft_50_to_200,offenses_theft_over_200,offenses_theft_total,offenses_theft_auto_part,offenses_theft_bicycle,offenses_theft_coin_machine,offenses_theft_from_auto,offenses_theft_from_building,offenses_theft_pick_pocket,offenses_theft_purse_snatch,offenses_theft_shoplift,offenses_theft_all_other,auto_stolen_recover_local,auto_stolen_recovered_other,auto_theft_total,auto_stole_oth_recover_local,value_burg_resident_night,value_burg_resident_day,value_burg_resident_unk,value_burg_nonresident_night,value_burg_nonresident_day,value_burg_nonresident_unk,value_burg_total,value_motor_vehicle_theft,value_murder,value_rape,value_robbery_bank,value_robbery_chain_store,value_robbery_gas_station,value_robbery_highway,value_robbery_house,value_robbery_misc,value_robbery_residence,value_robbery_total,value_theft_under_50,value_theft_50_to_200,value_theft_over_200,value_theft_total,value_total_all_values,value_theft_auto_part,value_theft_bicycle,value_theft_coin_machine,value_theft_from_auto,value_theft_from_building,value_theft_pick_pocket,value_theft_purse_snatch,value_theft_shoplift,value_theft_all_other,value_stolen_clothing_or_fur,value_stolen_consumable_good,value_stolen_currency,value_stolen_guns,value_stolen_household_good,value_stolen_jewel_metal,value_stolen_livestock,value_stolen_local_mtr_veh,value_stolen_misc,value_stolen_office_equip,value_stolen_tv_and_radio,value_stolen_total,value_recovered_clothing_or_fur,value_recovered_consumable_good,value_recovered_currency,value_recovered_guns,value_recovered_house_good,value_recovered_jewel_metal,value_recovered_livestock,value_recovered_local_mtv_veh,value_recovered_misc,value_recovered_office_equip,value_recovered_tv_and_radio,value_recovered_total,price,in_2023_dollars
Seattle Police Department,2017-01-01,Washington,721365,WASPD00,160,142,17,171,240,28,758,316,2,25,2,10,1,47,37,12,4,113,918,417,1099,2434,124,64,1,1229,198,18,1,391,408,0,0,0,0,442154,406445,32429,378915,351196,110453,1721592,4175319,0,0,62,690,1,42660,30637,24781,324,99155,9232,53838,1911368,1974438,12145822,33166,74224,6,1164041,276519,7941,31,136998,281511,382139,31465,241706,5977,25433,452229,0,4505068,1582949,506818,260643,7994426,7128,4455,1149,1,808,13298,0,3044908,62031,5141,1514,3140433,1,1.24307319386626
Seattle Police Department,2017-02-01,Washington,721365,WASPD00,150,99,19,107,143,21,539,275,0,16,1,4,0,42,33,19,10,109,770,313,814,1897,117,46,2,922,161,13,2,310,324,0,0,0,0,136990,430563,144131,202335,506255,121578,1541852,3323197,0,0,622,278,0,14090,7757,4601,6897,34244,6981,39342,1385659,1431982,9654472,18268,65484,497,813042,161833,7145,278,91335,274099,333142,31572,114022,4112,75116,396353,0,3595351,1208263,410300,163048,6331279,16556,4529,789,2,2208,1998,0,3008245,151705,6895,4663,3197589,1,1.24307319386626
Seattle Police Department,2017-03-01,Washington,721365,WASPD00,148,130,24,129,180,33,644,296,0,26,3,3,5,61,37,19,9,137,932,413,991,2336,111,58,0,1186,179,20,0,445,337,0,0,0,0,151161,363882,91726,290071,228868,56657,1182366,3664218,0,5842,2011,16,1055,332482,10831,47551,8861,402808,9087,53543,2037908,2100538,11019991,13134,61113,0,1089221,196981,10695,0,124803,604590,293983,47349,156541,13997,22936,560625,0,3931719,1427922,732451,169438,7356961,8419,7630,281,0,1329,525,0,4036884,56069,14904,960,4127001,1,1.24307319386626
Seattle Police Department,2017-04-01,Washington,721365,WASPD00,147,121,26,137,182,21,634,235,2,21,2,7,2,58,54,13,5,141,801,380,990,2171,135,56,2,1087,167,18,3,362,341,0,0,0,0,337790,318766,58013,368924,148251,75501,1307246,2940293,0,0,1780,686,32,52548,11873,2489,319,69728,7415,48228,1905526,1961168,9218728,28556,66308,348,1379247,157581,7892,3289,114094,203853,331355,28857,166137,13844,36534,482086,0,3128821,1375548,555065,161260,6279506,13300,2822,2317,1765,1643,1871,0,3004513,52858,12901,1604,3095593,1,1.24307319386626
Seattle Police Department,2017-05-01,Washington,721365,WASPD00,138,146,9,150,205,19,667,259,2,26,1,8,2,56,35,22,8,132,798,357,1054,2209,105,126,1,1026,182,19,1,382,367,0,0,0,0,277867,450145,6215,493316,343590,132882,1704016,3140028,0,0,0,62,17,82049,76425,24664,1395,184613,7087,44554,2165088,2216729,10385413,12288,163540,746,1236859,193980,8700,0,103986,496630,379841,147340,470271,16061,35904,350425,0,3320754,1662503,570996,297645,7251740,22603,1459,1282,1120,261,1287,0,3138761,73165,12663,8414,3261015,1,1.24307319386626
Seattle Police Department,2017-06-01,Washington,721365,WASPD00,131,124,13,148,142,28,586,288,3,30,1,3,1,51,32,20,5,113,796,337,982,2115,115,108,2,953,185,14,4,351,383,0,0,0,0,159366,333402,30703,350831,297815,51129,1223246,3283875,0,0,1,58,32,28263,78737,41833,201,149127,7374,41356,2572322,2621052,10561175,21608,119080,1492,1014399,978059,5099,608,116147,364561,296168,16192,294049,13310,99716,355927,1,3468250,2053356,534518,147001,7278487,12489,5903,2889,748,1288,454,0,2793811,69393,10746,3609,2901330,1,1.24307319386626
Seattle Police Department,2017-07-01,Washington,721365,WASPD00,153,126,23,152,161,23,638,341,2,20,0,5,0,53,35,15,9,117,859,396,1103,2358,133,135,0,1058,158,14,3,401,456,0,0,0,0,180755,213397,177543,406652,262046,60347,1300741,3973820,0,2,0,62,0,31179,10812,30718,2359,75130,8337,51353,1979671,2039361,11362875,40159,149631,0,1146677,216526,7214,2545,84418,392192,261821,55879,312398,14893,21444,328450,0,4176175,1498765,463124,267283,7400232,7675,1457,39526,996,1686,438,0,3508575,74858,11109,1304,3647623,1,1.24307319386626
Seattle Police Department,2017-08-01,Washington,721365,WASPD00,141,118,34,108,208,31,640,355,2,12,1,10,2,56,41,14,8,132,842,372,1133,2347,129,144,1,1071,184,17,4,361,436,0,0,0,0,165536,238712,446799,237713,259837,95488,1444086,4253798,0,0,0,314,4,51957,18627,3348,1704,75954,8063,47296,2096705,2152064,12179700,36962,179191,184,1315301,244245,4192,576,83240,288174,294142,44135,218694,14745,57664,761799,0,4479428,1256759,628572,217431,7973370,8822,3627,6834,873,1260,4604,0,4250072,82923,7507,2865,4369389,1,1.24307319386626
Seattle Police Department,2017-09-01,Washington,721365,WASPD00,146,101,36,144,163,54,644,328,2,16,0,4,1,62,27,23,6,123,771,328,1054,2153,105,112,1,991,187,11,4,331,411,0,0,0,0,179323,499109,285877,249982,166467,114621,1495380,3896118,0,0,0,249,870,54526,4200,27453,3115,90414,7215,42340,2123833,2173388,11551418,31809,168436,1,1214108,201270,2476,2398,105092,447797,471813,44118,315257,19070,32951,338998,1,4289233,1353865,580874,209623,7655804,4586,1866,511,5474,1986,11063,0,4015129,51203,8989,3813,4104620,1,1.24307319386626
Seattle Police Department,2017-10-01,Washington,721365,WASPD00,164,115,44,118,203,66,710,331,3,27,3,10,1,57,34,19,12,136,843,362,1026,2231,115,95,0,1041,155,11,6,375,433,0,0,0,0,216651,267379,178359,208274,231636,255818,1358117,4170588,0,0,5097,930,0,57027,5915,4223,9798,82989,7569,47163,2477957,2532690,12314971,25520,117758,0,1092671,197526,1004,2653,119067,976491,404772,41709,305324,12913,49763,444419,0,4216509,1923457,532943,231967,8163775,15306,4210,746,623,679,2453,0,4108358,116267,6685,2302,4257629,1,1.24307319386626
Seattle Police Department,2017-11-01,Washington,721365,WASPD00,154,97,59,124,172,51,657,304,3,15,3,9,0,54,42,13,12,133,727,318,957,2002,99,77,3,963,167,6,4,339,344,0,0,0,0,165209,334050,202479,205533,136842,210521,1254635,3648604,0,0,374,2129,0,34811,9311,4546,3003,54174,6836,42339,2073122,2122296,10728313,32130,85832,4164,987705,526250,1498,1911,122417,360391,284066,42415,631155,9621,40463,369939,0,3754090,1224321,576424,150846,7083341,7192,2300,6435,1,118,1125,0,3465074,66700,10680,2281,3561907,1,1.24307319386626
Seattle Police Department,2017-12-01,Washington,721365,WASPD00,112,104,59,91,158,83,607,284,3,20,3,10,0,41,35,11,11,111,767,371,786,1924,96,48,3,813,154,14,3,368,425,0,0,0,0,134370,203782,514216,281244,140840,342992,1617445,3616075,0,19828,1053,1881,0,37307,317263,1324,40954,399782,7453,48910,1367523,1423887,10693092,40724,63940,4,782681,127994,4219,2216,140396,261712,253195,25237,449679,15884,17240,696835,0,3754713,1161672,429717,273502,7077673,24349,1761,2,2067,126,19401,0,3425915,64264,4859,8950,3551695,1,1.24307319386626
Seattle Police Department,2018-01-01,Washington,742759,WASPD00,174,141,13,173,219,16,736,327,2,31,4,3,4,57,34,13,16,131,898,341,1007,2246,126,49,0,988,190,17,4,408,464,0,0,0,0,183745,385277,13367,470315,258932,61987,1373624,3012946,0,0,1215,222,823,22417,15390,6218,37670,83954,8300,44162,1779849,1832311,9315781,134057,61687,0,922374,241934,9500,359,133444,328956,365165,94577,169725,12320,40177,425762,0,3042697,1518348,480837,168511,6318119,13563,2776,1812,4914,1803,5900,0,2973527,60530,7134,11393,3083352,1,1.21343405628813
Seattle Police Department,2018-02-01,Washington,742759,WASPD00,129,145,2,149,159,4,588,307,2,23,2,9,0,41,49,10,9,120,743,313,913,1969,124,53,1,884,163,8,2,369,365,0,0,0,0,638423,231642,13105,309952,225539,4115,1422776,2539031,0,0,2,1386,0,16531,14376,7606,23419,63319,6040,38381,1709045,1753467,8317623,26282,67490,0,937606,144476,1694,431,161434,414054,305008,84432,146617,14990,77057,590283,0,2744511,1196504,382445,237753,5779600,14669,4470,177,5642,7533,5939,0,2557315,80215,9045,8909,2693915,1,1.21343405628813
Seattle Police Department,2018-03-01,Washington,742759,WASPD00,162,146,1,166,225,1,701,351,1,26,2,9,1,51,48,11,6,128,795,303,948,2046,114,75,1,910,159,12,9,407,359,0,0,0,0,148682,371902,61,399066,306732,27,1226469,2699282,0,0,121,572,0,8629,11880,5047,6958,33206,6703,37783,1856118,1900604,8558842,58501,99510,121,966997,129213,3720,7651,161254,473637,278822,33458,251562,14769,14776,401875,183,2851576,1302760,543112,168320,5861213,12803,3194,546,2245,191,1982,0,2378333,76861,10626,2100,2488881,1,1.21343405628813
Seattle Police Department,2018-04-01,Washington,742759,WASPD00,143,141,3,147,241,0,675,317,3,21,0,6,1,47,34,14,3,105,845,302,908,2055,114,67,0,889,150,18,2,399,416,0,0,0,0,263157,394361,11559,953890,214147,0,1837115,2167808,0,468,0,3506,2,63467,21864,11100,184,100124,8055,37379,1838014,1883447,8156772,40936,78526,0,843304,139291,4478,306,118267,658339,273543,35850,99520,9982,83682,177082,0,2414736,2236945,444522,213522,5989384,13111,2463,189,507,226,6,0,2379851,764465,5732,20332,3186883,1,1.21343405628813
Seattle Police Department,2018-05-01,Washington,742759,WASPD00,150,165,2,170,244,1,732,307,0,19,1,7,1,64,48,16,5,142,882,383,1036,2301,117,96,1,1023,125,17,1,458,463,0,0,0,0,427521,462083,1,439033,287521,0,1616158,2584134,0,0,282,4161,18,73031,21458,23214,3218,125382,8165,47675,2431950,2487790,9397598,34191,106724,0,1599040,344478,4974,1,126062,272319,300354,87862,239013,8653,45199,426881,142,2944400,1942672,596562,221938,6813676,15089,2529,860,1457,1773,149,0,2772697,97379,14053,781,2906768,1,1.21343405628813
Seattle Police Department,2018-06-01,Washington,742759,WASPD00,146,153,2,138,211,1,651,297,4,26,2,3,3,69,43,8,9,137,891,342,1120,2353,115,109,3,1076,137,19,1,453,440,0,0,0,0,434726,1169771,5,753847,257362,34055,2649766,2822425,0,1,39,6,25,20472,18873,2508,12031,53954,8774,42792,2129864,2181430,10530001,22942,156430,74,1138075,122955,6526,1,169833,564594,379460,382124,249861,8672,37471,235248,0,3133703,2467266,612191,202997,7708993,13501,32455,790,1894,284,1318,0,2745401,73595,10038,3756,2883030,1,1.21343405628813
Seattle Police Department,2018-07-01,Washington,742759,WASPD00,156,174,2,126,176,2,636,368,1,27,0,6,2,74,38,19,6,145,876,397,1045,2318,116,136,4,1001,134,26,2,401,498,0,0,0,0,370055,307683,0,502630,226905,4367,1411640,3344421,0,5,0,555,2,56762,11712,25318,1415,95764,7292,49978,1787583,1844852,10041103,35760,157280,862,889701,150582,11497,1044,156488,441638,413594,30156,229570,15687,30579,199196,1,3704885,1523536,429357,158124,6734684,9153,4205,2426,1,290,1251,0,3306876,54316,10903,1791,3391211,1,1.21343405628813
Seattle Police Department,2018-08-01,Washington,742759,WASPD00,166,169,4,147,202,5,693,375,1,25,1,10,1,74,43,16,8,153,818,329,1069,2216,137,153,5,929,160,25,2,376,429,0,0,0,0,188198,238598,854,346059,235900,53881,1063490,3581381,0,0,2572,1022,728,45458,8776,41202,581,100339,6807,42183,31619394,31668384,39994976,22973,176141,125,1689516,112465,7829,68,265423,29393844,377025,105856,184778,34222,23320,208004,0,3714937,30540222,435702,794015,36418082,7265,3004,4855,2490,1167,252,0,3430385,29264644,10326,26027,32750417,1,1.21343405628813
Seattle Police Department,2018-09-01,Washington,742759,WASPD00,146,150,0,121,192,0,609,379,4,18,3,7,3,70,48,14,5,150,864,358,1001,2223,114,118,3,1008,179,16,4,339,442,0,0,0,0,187738,219042,0,449360,298561,0,1154700,3194848,0,1,364,299,602,114679,11422,20172,3989,151526,6932,45163,1572655,1624751,9320675,31844,180523,364,845594,106049,2929,186,122355,334907,238932,31089,153630,22554,71844,205029,1,3423715,1326259,437255,216251,6126561,9356,1369,364,485,626,2670,0,3127026,91902,12379,9275,3255452,1,1.21343405628813
Seattle Police Department,2018-10-01,Washington,742759,WASPD00,153,146,2,144,232,8,685,356,3,21,3,6,5,64,59,19,10,166,910,349,961,2220,147,98,2,1004,157,19,5,396,392,0,0,0,0,376476,421796,1153,498577,290096,32143,1620240,3093773,0,227,3352,36472,632,67638,29486,16883,4919,159382,7998,42760,1762876,1813634,9781028,27797,124837,243,1087518,155159,15338,19406,130022,253313,256425,22490,172818,8797,35897,478418,0,3176664,1780172,587232,169384,6688298,9710,4006,40,1945,2143,637,0,2900110,179733,15017,5754,3119095,1,1.21343405628813
Seattle Police Department,2018-11-01,Washington,742759,WASPD00,154,139,0,151,195,1,640,338,3,29,3,8,1,65,49,10,7,143,827,370,965,2162,130,73,3,919,147,17,0,419,454,0,0,0,0,338892,342222,0,345089,273578,12,1299793,3095246,0,0,2057,1709,25,68821,82538,26062,80589,261801,7171,46323,2076340,2129834,9881919,16483,128443,184,1132770,265435,9559,0,282804,294155,522724,46991,226036,14122,36720,529902,25,3213608,1389712,582710,233843,6796394,14405,3415,4,4,1076,3935,0,2959568,90847,18761,13907,3105922,1,1.21343405628813
Seattle Police Department,2018-12-01,Washington,742759,WASPD00,169,128,11,152,164,14,638,318,1,26,3,9,0,51,42,13,8,126,889,367,858,2114,103,42,4,899,181,20,3,377,485,0,0,0,0,427200,470334,30438,276351,570304,43678,1818305,3157149,0,1,535,70,0,64649,12534,1546,5468,84802,7378,45780,1630513,1683671,9901078,58927,62253,64,842265,122946,34403,614,163373,398825,321059,330120,368741,4627,31980,235547,0,3407933,1364846,492782,196813,6754447,15886,3413,1813,2307,528,18883,0,3472856,82612,8256,1093,3607647,1,1.21343405628813
Seattle Police Department,2019-01-01,Washington,763706,WASPD00,192,181,10,204,244,15,846,284,3,34,1,12,1,65,32,18,7,136,971,352,992,2315,157,58,3,898,219,14,2,390,574,0,611000,2,1117930,0,19379245,1,270546657,6557,0,134695288,12078061,0,0,0,0,101536,0,0,4767342,5549186,206,377405,349207800,449,0,408,1603,1139394732,0,10069818,2465716,601876924,346724,0,43911987,116529,1120325364,37,1191835,1945,39402081,10259177,905794975,0,38854,0,347217434,3655407,0,1007,238367099,0,810448136,0,0,195298,5077219,7908,0,1,1.19183549339627
Seattle Police Department,2019-02-01,Washington,763706,WASPD00,0,13850,3304,734,9000000,2200000,11217888,2492800,9000000,290,0,5,9510000,2540000,342,1650810,3986900,17688057,960000,164,7800000,8760164,0,1003,25905,4356,0,0,49850,0,500000,3360,6200,990,410,15397,715101296,328131977,11918356,2384,440979,44097913,12395,922,715101296,207618,94,238486282,215245,0,0,953468395,0,119184,14302,238367206,178775459,1406366,250285754,77588,268162987,59115049,19355408,2383688,953469873,0,476734257,500570907,85848,190694,225,750856361,834288,0,0,23837,0,0,182,0,274277102,560162682,536421,1,17139,2036,0,1048815234,24,655509521,24,1,1.19183549339627
Seattle Police Department,2019-03-01,Washington,763706,WASPD00,2532,0,4000000,2000000,42,1459,6004033,0,187,3860000,6993070,0,0,21,8018000,0,0,15011091,62,5426000,203,5426265,17390,4000000,500000,0,7991,8070,0,1652,13,0,0,0,3970,0,16068803,15,501643559,32879,834284845,244386821,2602730,42906078,68626,0,200228363,0,0,152863629,0,340207,0,14984,289258474,38,595917747,1,130,385677966,834284845,238,505416,246233213,8336,595917747,117157,12,182350830,1,601877,0,952282518,2155,867656239,0,10572,0,0,2258821,238367134,82,429061,2383672,266971151,0,119184,2026122,35755096,6555,297959024,1,1.19183549339627
Seattle Police Department,2019-04-01,Washington,763706,WASPD00,150000,2480000,20000,8880000,3810000,1020000,16360000,0,1490000,0,3120000,5820000,0,1770000,1300000,8140002,9310000,29460002,4310000,10000,1730000,6050000,0,11674,6,145010,0,0,0,0,2000000,25040,0,180553,0,286666,0,0,324,1147737580,223052,0,0,186,0,43660510,11781,0,423102,0,225,0,221681402,982072447,1060,0,1902171,38027895,26198928,7870,1685,2,725827815,6,333713938,1946491,0,254433041,5543,9197728,0,143020,0,941550040,759,0,1120325364,1509531,0,0,619646000,0,2439157,0,181215,191,263358697,330138432,316,464815842,18857,1,1.19183549339627
Seattle Police Department,2019-05-01,Washington,763706,WASPD00,5,8000000,6400000,8880000,2,0,23280007,0,1,7507000,1144284,0,0,0,4032800,0,0,5177084,0,8400300,20,8400320,7,7400000,440000,2000000,9,1241,0,65,0,0,5241700,0,118310,595918,166857122,11442,1442121,23,238368529,0,313452736,0,14774,44097913,3099,11918355,595917747,267970505,238367182,667428,8343,89864,405224384,63048107,22084712,36,11918,421909765,0,16090,0,405224,99637447,1084570398,0,1,595917747,0,59591775,408,6054524,1325583,369469003,1,84442,0,576979481,0,8,1963,595917747,0,35755065,552487261,2,14619,929536338,1850,429060778,1,1.19183549339627
Seattle Police Department,2019-06-01,Washington,763706,WASPD00,7000000,3,0,12,4330000,4877000,16207015,93288,7082000,0,0,0,2584270,470900,1,654898,2216490,5926559,125030,0,5767300,5892330,2100000,181,0,2,8720000,0,8719,0,0,2131,0,31,4000000,10681,1072651944,599255,2,544430453,5825,834284845,1072651944,0,0,273396812,30170,330138432,21828944,12,41,715101296,66742788,278055221,118,4767,516543,477,234537731,0,369,357550648,732144544,0,9057950,1906,953468395,0,5125,5752,119184,47673469,0,333714,49,2383671,1117941693,2434208,1072652123,190693901,104047242,1192,250,750856,2145305,309878276,17520,247663,321796,201420208,3694690,1,1.19183549339627
Seattle Police Department,2019-07-01,Washington,763706,WASPD00,0,0,1000000,4900000,76,7,5900083,0,50,3340,4630,1780,860,8670,1290,0,10,17240,0,1002000,0,1002000,767,7000000,4000000,0,336,58770,0,1742,213,0,0,1000000,3071,679346231,2033630,0,39473592,6,259820138,2079323,5635,923672507,317553,0,249093618,321,0,23212188,25755565,121639,1063,4132,474863016,0,846203200,0,0,40142211,895068456,1042528,108,3550478,108,945125546,402674,0,435019955,250285454,356980951,265,0,502933,0,0,159145,0,646744763,17067,1,139,977305105,0,166856969,324135156,0,3658,29899577,24,445746475,1,1.19183549339627
Seattle Police Department,2019-08-01,Washington,763706,WASPD00,20000,0,0,0,350000,58700,428700,4969,100,0,6000000,0,3965,0,0,30,25957,6029952,0,0,15770,15770,430,390,50,10,380,4000000,3187,5300010,90,4810,0,6407,0,104166,24706750,418334261,60,409991,97134594,59591937,0,9535,238367,17878,27412235,1573223,274122311,24909,74728096,595918736,166857309,551819833,47673,21572,0,0,134677,0,1085,0,718676803,18,993990801,8561,0,508043716,2245,375798,2,682576105,2,71510130,2458,99089,333713938,148705,11,131101904,2215872,182624953,20526,357550648,20106,36,359350,487770594,0,60402223,396,1,1.19183549339627
Seattle Police Department,2019-09-01,Washington,763706,WASPD00,21,1730000,6826000,42500,0,0,8598521,0,0,1760,265,66885,0,0,106571,5200000,5000000,10373721,0,0,0,0,2063,2500000,5620000,2000000,180,207182,0,37847,36,8000100,700,4100,5200,412494264,340350,715101296,217510,13,1132243719,799,0,636678521,11108,119183549,352187388,2,834284845,954541,0,2404,163,0,3762386,953468395,738938006,476734197,357550648,0,102259485,116,5,65670,0,238486282,25050,238367242,187118184,572081,15613,286041,3575508,953468633,0,769926,2741223,595917992,122043958,4445546,358,476735344,13467742,405224370,277221,5839994,30987723,0,238372140,1050007,0,1,1.19183549339627
Seattle Police Department,2019-10-01,Washington,763706,WASPD00,1100000,14,0,1,0,3266000,4366015,155735,0,0,0,0,56660,1527300,0,89,38,1584087,1410510,0,3655100,5065610,5300000,175,2,1730,6670000,0,592,1000000,7352000,235888,0,21704,1000000,3935,1038088715,6143,0,1432586,179,78661143,1041664221,808,928439849,2695421,6,42425768,2646157,0,0,878382759,194251308,26321687,0,1142151,182,247840,0,0,34457,390922042,0,0,716293,908,834284845,452959463,27,201587,0,37114949,0,706758448,188,0,336097609,15433,1,58399939,53813,743521805,6,463624007,3744,0,58,5276256,0,54824,4,1,1.19183549339627
Seattle Police Department,2019-11-01,Washington,763706,WASPD00,3,9992000,1224700,500000,100000,5000000,16816703,200000,0,701,0,24,5000000,0,62,0,4000000,9000086,900000,700000,5600000,7200000,1900001,7900000,1700006,5900000,8000000,1900001,4100002,1400001,6800009,0,21229,9000000,1758,587574898,0,0,0,18,510105591,13246,9752,1072652366,120018,464815983,439787,1072652016,28020052,489844390,26101,116442329,11918,1,137061,0,42906078,0,0,404517309,518448440,48243,364,2026120,2,1076227451,6995,12,63334138,11918355,430562,0,334620,38698,797183006,560162682,38204,83428485,2601646,166,166856969,56,1079207039,20898,1083259280,374797,834284845,1,18187,0,803893040,1,1.19183549339627
Seattle Police Department,2019-12-01,Washington,763706,WASPD00,1550000,1126,40,2,2778000,1690500,6019668,10015,188690,0,0,9900000,9998,0,1000000,0,0,10909998,414241,0,3395250,3809491,4640000,2,0,22,3294000,2000000,56,1700000,100,8000013,8000001,8000018,6000010,0,747280854,18,595917747,71748,0,173650431,1055727880,229,187118172,905,0,341938,544991,238367099,834284845,113343555,2035655,0,834284845,321,6,11743,357551,35755080,178775,45290,238,715113214,2383675,477,135869270,115488863,1152505,238367242,30987723,834289756,791379,16447331,691265704,190693878,269951,4409791,358,0,751,5112974,51,417142423,0,0,12,35755,0,88124316,36,1,1.19183549339627
Seattle Police Department,2020-01-01,Washington,771517,WASPD00,154,188,19,99,190,14,664,369,6,42,6,14,3,34,47,18,14,136,988,331,900,2219,149,49,1,993,214,18,2,407,386,0,485100,1,6177680,0,110307104,0,920658259,2212,0,149498654,22713887,0,0,0,0,12770,0,0,886516201,21773215,629,220806,309633149,263,0,467,1075,10595811,0,13637986,1859369,1123155984,86372,0,39537681,35995,1094900487,1,4721023,1393,1175381560,11484623,376739953,0,42218,0,239194551,1718735,0,478,259008717,0,777026152,0,0,296886,35319371,3648,0,1,1.17731235192711
Seattle Police Department,2020-02-01,Washington,771517,WASPD00,0,7005,3299,265,1000000,4600000,5610569,5760100,600000,285,0,3,8226000,1850000,28,1158340,9244200,20478571,6592000,106,10000,6602106,0,911,2412,267,7000000,0,67360,0,7100000,4480,7710,1400,490,5119,0,36670336,11773125,3650,364967,28255496,20603,630,941849882,267956,75,58983349,215213,0,0,0,117731,235462,11773,117731294,141277582,1695330,23546617,105605,333179396,69579169,23699298,28255513,353194812,12950,824118658,1130219858,17424,234285,78,388513076,235466,0,0,0,0,0,4,0,1176700150,871211140,270229,1,55487,2664,58877391,882984264,55,612202423,186816,1,1.17731235192711
Seattle Police Department,2020-03-01,Washington,771517,WASPD00,3269,0,8000000,8600000,52,1617,16604938,0,253,940000,8722910,495700,0,17,2049000,0,0,11267627,28,4287000,15,4287043,10678,0,9500000,0,6719,19640,0,1,60,0,43560,0,15214,0,10899440,24,486230001,36373,235462470,17314615,469041,992474313,78340,0,2354625,0,0,203797477,0,631755,0,14361,996477175,53,235462470,5,150,579708602,706387411,0,314457,307984911,1915,706387411,134802,1,399108887,0,615734,0,108846059,4693,357902955,0,599,0,0,196784,235462565,55,423832,1177314,374385328,1177,117731,1530507,23546287,3767,35319612,1,1.17731235192711
Seattle Police Department,2020-04-01,Washington,771517,WASPD00,90000,3040000,20000,6890000,3230000,980000,14250000,0,1420000,130000,2390000,8000000,90000,2630000,1680000,8350001,6180000,29320001,3510000,10000,1490000,5010000,0,22212,0,18320,0,0,0,0,5000000,8620,0,73376,0,193394,0,15562892,251,709919348,418829,0,0,1077,0,50060499,3228,1150234168,15114336,1,218,0,233107846,459151817,1129,32203025,1507092,28569839,294811963,3309,1686,0,825295959,5,693436975,1541064,0,376610448,5683,6088282,0,11773,0,459151817,796,0,94184988,1575562,0,0,364991553,0,180222,0,491106,131,267534813,975991940,210,263717967,7442,1,1.17731235192711
Seattle Police Department,2020-05-01,Washington,771517,WASPD00,43,5000000,9800000,2780000,0,0,17580043,0,2,7813000,1114098,0,0,0,1576600,0,0,2690698,0,6431000,1,6431001,6,8200000,2020000,1000000,5,15,0,47,0,0,410800,0,23870,0,200143231,32847,2036750,22368969,470927166,5887,423832447,0,11821,43560557,3296,11773127,353193706,33784508,588656317,412059,5887,109961,777026410,112904260,20237999,470924964,11773,443846757,0,10478,0,226044,92065827,741706910,0,1,882984264,0,0,79,4885846,164164,871211140,1,1001,0,716606482,86509,11,1062,1012488623,47140,1094900487,228339731,2,10463,295458308,5082,1071354240,1,1.17731235192711
Seattle Police Department,2020-06-01,Washington,771517,WASPD00,6400000,23,0,2,6530000,2978000,15908025,111547,1837000,0,0,0,9153760,474800,0,213525,143269,9985354,561190,0,4818800,5379990,0,242,0,3,7840000,0,3044,3000000,0,4,0,32,2000000,18846,588656176,390044,6,1008132567,3929,588656176,0,0,0,16904675,12344,30492390,12241105,8,31,941849882,80528165,436900614,124,0,234569,10243,8845501,0,15,1059581117,147870431,0,11773124,45,706387411,0,5062,2490,117731,58865651,0,341421,81,7063874,440314820,175321,1059581211,188370246,65929493,2355,117731424,1058404,2236895,930077807,18719,191902,235462,393222342,3343567,1,1.17731235192711
Seattle Police Department,2020-07-01,Washington,771517,WASPD00,0,0,0,500000,37,7,500044,0,30,1700,3860,1000,960,6800,1890,0,0,14510,0,211000,0,211000,487,6000000,4200000,0,368,199530,0,1,129,0,0,0,1497,623975547,877660,0,21224587,4,560400680,902977,3526,196611163,295142,0,623975547,2405,0,10854820,4271289,196957,3065,4254,121190179,0,270781841,0,0,99315715,623975547,426001,88,155405,44,1144347606,64008,0,310810461,1000715499,146171570,452,0,196331,0,0,111303,0,252113199,5675,2,54,845310269,1,822941334,414230287,0,4132,129088767,15,700500849,1,1.17731235192711
Seattle Police Department,2020-08-01,Washington,771517,WASPD00,2560000,0,0,0,1054000,19000,3633000,3586,92300,0,1000000,0,7601,105780,0,174,11975,1125530,0,0,18640,18640,190,380,50,40,260,9000000,1955,7700010,120,0,0,6529,0,72993,14716404,448556006,706387423,164824,55804607,506244429,0,11773,0,12950,24723591,1648237,294328225,25783,91948099,470926306,1024261915,339065957,105958,10478,0,1177,421478,0,5829,0,719337847,2,1134929107,24788,0,295705543,1858,429342,6,85555289,2,706387411,1777,131035,941849882,112963,12,141277482,547815,729333229,10188,882984264,9985,24,173748,670538250,0,30668987,13,1,1.17731235192711
Seattle Police Department,2020-09-01,Washington,771517,WASPD00,6,6720000,5688000,261000,0,0,12669006,0,0,10,786,39533,0,0,29827,6100000,3000000,9170146,0,0,0,0,2031,600000,6250000,4000000,48,93372,0,12293,29,1000100,700,2700,3600,754421755,236747,824118646,37085,4,460211398,1034,59,940319375,10212,824118646,370382466,4,824118646,774083,0,2591,128,0,620561,588656176,33200208,235462470,117731235,0,370147003,61,2,79940,0,353194,8643,706387564,334356722,412059,22840,105958,7063875,117731329,2355,990120,2001432,294328353,82176403,5250813,118,1036035781,26136335,576883181,195434,4462014,3531937,0,2096,728756,0,1,1.17731235192711
Seattle Police Department,2020-10-01,Washington,771517,WASPD00,2400000,78,0,0,610000,9354000,12364078,394577,0,0,0,0,42800,777100,0,83,505,820488,5723840,0,3062800,8786640,7100000,404,0,8892,3010000,0,393,6000000,3806000,283342,0,26986,3000000,4727,613379735,49,0,0,125,732288283,626330171,2670,323760897,1838955,2,23136542,1812344,0,0,1119624047,91020373,120822857,0,914081,171,91853,0,0,18234,870033828,0,0,1177,414,706387411,473673965,24,119304,0,28784110,0,255476780,200,0,706387411,20796,2,563932617,64553,596646595,1,734642908,4652,0,268,1384519,0,2355,0,1,1.17731235192711
Seattle Police Department,2020-11-01,Washington,771517,WASPD00,1,1747000,1429900,600000,100000,2600000,6476901,100000,0,1403,0,6,0,0,260,0,8500000,8500266,1500000,1000000,4400000,6900000,800003,3700001,900010,7000000,7400000,2100001,5300003,1900001,1700008,0,59555,2000000,2092,434428258,0,0,1820125,7,57688305,27697,3680,141277764,97128,184,259009,588656200,22086380,589833488,14010,82765062,23546,31,154228,0,209561599,0,0,379979916,329647459,125704,213,47092494,8,897112012,5476,15,41370756,541563682,302087,0,28091,21429,186804151,259008717,21086,576883052,671398,15,223689347,39,1120436392,7119,688292120,1890458,35319371,1,4827,0,1085022837,1,1.17731235192711
Seattle Police Department,2020-12-01,Washington,771517,WASPD00,4140000,238,14,2,4779000,3804900,12724154,14918,473045,0,0,4200000,2926,19,9000000,0,0,13202945,346738,0,554860,901598,9480000,3,0,99,5328000,8000000,78,6700000,0,2000017,1000000,8000029,8000016,2,471278134,243,235462470,70992,0,59218811,777968002,233,826355540,549,0,8594,388844,706387411,117731235,2354625,8649596,0,588656176,231,5,18126,588656,47092509,223689,58866,824,824130419,7063876,117731635,155405267,100895671,970105,470925035,9418499,353196814,1131397,32729285,353194764,329647615,233814,6157344,118,0,7464,4085274,440,376739953,0,0,389,3320021,0,62527059,41,1,1.17731235192711
Seattle Police Department,2021-01-01,Washington,787749,WASPD00,190,289,0,150,282,0,911,424,4,29,1,12,2,41,48,14,16,134,963,229,726,1918,352,59,1,648,129,1,2,298,428,0,363800,1,3020900,0,3903090,0,4497942,990,0,43804337,0,0,0,0,0,10271,0,0,2248971,26470391,2164,137312,480155353,327,0,471,1292,666819964,0,0,1433309,237266463,356287,0,26781874,36530,550997947,3,359835,1321,888669729,4819444,1079506181,2,11,0,292748582,1210048,0,859,449794242,0,371080250,0,0,346538,11245,3888,0,1,1.12448560525052
Seattle Police Department,2021-02-01,Washington,787749,WASPD00,0,5689,2293,292,2000000,2400000,4408274,7155100,4300000,351,0,3,7905000,3550000,30,834460,7156000,19445493,6822000,125,0,6822125,0,399,1346,16,4000000,0,1760,0,2900000,2610,5320,3020,510,4642,899588484,21652195,11244858,1462,247387,56224280,27550,596,787139924,130890,96,160014302,415722,0,0,899588484,0,112449,16867,1012037168,134938408,1697973,809629839,85236,416059674,96930666,18115463,33,337347627,0,562242814,348590538,387891,143934,120,483528810,3,0,0,30979578,0,0,24,0,812272177,865853916,721290,2,122108,1837,10525185,550997947,24,888343628,0,1,1.12448560525052
Seattle Police Department,2021-03-01,Washington,787749,WASPD00,1943,0,2000000,6300000,27,1450,8303420,0,480,7360000,1326130,0,0,21,6193000,0,1,7519152,28,7716000,8,7716036,13330,3000000,7800000,0,5758,30070,0,1,195,0,2920,0,5867,0,13798900,19,350839509,46594,787139924,10169173,257395,2248971,56312,0,0,0,0,149437390,0,405748,0,4805,949290748,31,899588484,24,148,188238890,562242803,0,308676,191837244,8722,224897121,1131682,0,865853916,0,3373,2,105409281,5699,256382718,0,338,0,0,159828,674691498,26,528508,6746914,900712970,0,112449,1799178,22489738,3598,213652530,1,1.12448560525052
Seattle Police Department,2021-04-01,Washington,787749,WASPD00,20000,3710000,10000,6460000,2840000,3940000,16980000,0,1640000,0,2070000,8200000,0,2700000,1500000,9100001,7640000,31210001,3470000,0,1280000,4750000,0,18932,2,170910,0,0,0,0,5000000,10010,0,139546,0,191588,0,0,654,589230457,302247,0,0,867,0,73243370,19027,0,12813513,0,177,0,1113240749,763525726,1326,0,2011040,24626235,55626054,3550,124,0,366582307,3,300237657,2039340,0,96132274,4173,5711622,0,0,3,1023281901,913,0,685936219,4542764,0,0,283200575,0,48332,0,384820,146,267698417,407063789,430,1048020584,15741,1,1.12448560525052
Seattle Police Department,2021-05-01,Washington,787749,WASPD00,240,1000000,300000,350000,2,2,1650244,0,6,4889000,1500417,0,0,1,4143100,0,0,5643518,0,3494600,0,3494600,7,5200000,5070000,3000000,3,1782,0,88,0,0,263300,0,77310,562243,191162691,28337,1877891,27,337346919,0,390196505,0,5604,47228395,3036,11244858,224897121,16152224,337345850,337346,12369,101316,134938476,86810297,20173272,337345738,0,385698563,0,13269,0,326101,69830559,472284035,0,10,449794242,0,45226811,37,3845741,329058,944567908,37,114821,0,537672792,0,48,2809,179917697,0,787139924,969261612,6,16886,332791515,2911,843364204,1,1.12448560525052
Seattle Police Department,2021-06-01,Washington,787749,WASPD00,6200000,9,0,10,150000,9900000,16250019,75278,8839000,0,0,0,5236600,304600,1,629930,180093,6351224,2403260,0,6703200,9106460,0,320,0,0,9440000,0,20920,3000000,0,1,0,65,2000000,10007,562242803,800521,3,401216464,4658,787139924,899588484,0,0,17252196,28460,1071072539,18047544,52,36,674691363,708201034,768136117,515,0,688272,829421,14653959,0,101,787139924,1080405770,1,562692597,560,449794242,0,4273,6352,112449,33734594,0,573488,98,6746915,203531895,294254,180,494773974,96480867,4498,787139924,968182,2136524,236143115,19791,235130,0,308109070,3845741,1,1.12448560525052
Seattle Police Department,2021-07-01,Washington,787749,WASPD00,214,0,9000000,2600000,61,15,11600290,0,30,3640,3270,1140,890,8460,3430,0,10,17200,0,82000,0,82000,1203,7000000,9900000,0,483,15030,0,12880,315,0,0,1000000,4261,1027779843,2176630,0,26581715,3,507143008,2207092,570,0,219043,0,25863169,433,0,0,0,207014,1212,3621,72366271,0,1044647127,0,0,231512470,815252064,911130,112,56228778,240,887219143,174805,0,960310707,348590538,188043230,368,0,57604,0,0,313381,0,410603670,10631,1,124,173170783,0,202407409,828943801,0,3549,47759153,75,651077165,1,1.12448560525052
Seattle Police Department,2021-08-01,Washington,787749,WASPD00,6040000,0,0,0,1902000,318200,8260200,2368,101400,0,7000000,0,8692,630,0,68,3878,7013268,0,0,108320,108320,170,390,30,90,550,4000000,955,6600010,120,22600,0,9202,0,103902,22354774,426180046,449794253,393570,76352576,798384897,0,11245,112449,0,24,1754198,191162707,27550,85685812,112450247,922078401,383449591,33735,14056,0,0,652202,0,10796,0,239515434,19,598226342,13772,0,161116298,1904,580628,13,801432136,2,191162553,12858,0,213652265,0,30,404814818,2429226,1106887406,22591,775895068,22328,58,224054,1025519627,0,39446955,268,1,1.12448560525052
Seattle Police Department,2021-09-01,Washington,787749,WASPD00,26,6260000,9583000,45100,0,0,15888126,0,0,10,2680,77247,0,0,200471,1400000,7000000,8680398,0,0,0,0,4792,3200000,3670000,8000000,221,994760,0,26011,27,100,500,3500,4500,969306592,570901,449794242,80738,0,112449,1204,116,968182106,17684,562242803,944343011,6,1012037045,5403716,0,7935,281,0,14081146,899588484,456316259,1012037045,562242803,0,1035089000,701,8,51164,0,311257616,25910,337345805,266503103,528508,17430,0,4497944,1012037045,0,865854,2473869,472284223,110986731,4340514,0,22490910,47115948,539753286,253459,4970226,12369342,0,337349033,853485,0,1,1.12448560525052
Seattle Police Department,2021-10-01,Washington,787749,WASPD00,7000000,20,0,1,0,2549000,9549021,379363,4302000,0,0,0,123290,1608300,0,3083,40,1734713,2988510,0,7390100,10378610,4800000,183,0,3234,1840000,0,0,0,0,249880,0,31624,4000000,4844,461039098,778,0,13832297,175,972680049,544251033,1331,951314822,3210270,3,24437321,3182210,0,0,249635804,107097134,327322017,0,725490,262,388285,0,0,54647,1097497951,0,0,0,1315,224897121,321049636,120,236235,0,95715090,0,920953711,99,1,649952680,16162,2,559993831,65389,417095325,9,648828194,4739,0,1,7739834,0,1352756,0,1,1.12448560525052
Seattle Police Department,2021-11-01,Washington,787749,WASPD00,1,6445000,4166000,600000,100000,2500000,13811001,100000,0,4,0,96,8000000,0,58,0,6100000,14100154,1000000,500000,5400000,6900000,2,2200001,7,3600000,4400000,2400001,6700002,1900001,2100009,0,30941,3000000,2361,456541156,0,0,1124,150,827621405,31335,40074,719671047,118971,787140111,358711,562242836,25334661,549873461,20016,79163791,11245,0,4455212,0,633085396,0,0,289853032,865853916,239479,243,0,12,228270578,0,11,29270360,269876545,274588,0,0,21438,225706751,112448561,21134,989547333,2537346,16,427304530,39,355551104,9610,1021493969,2796854,910833340,2,22771,1,161397419,1,1.12448560525052
Seattle Police Department,2021-12-01,Washington,787749,WASPD00,620000,190,26,3,1579000,480800,2680019,13118,156206,0,0,1500000,2966,85,0,0,0,1503051,382842,0,1516830,1899672,5290000,12,0,86,9953000,8000000,104,5400000,0,1000015,2000000,30,14,1,337346,225,224897121,150344,0,35421297,341281381,196,165636730,322,0,3373,381265,112448561,787139924,85910700,11760995,0,224897121,254,3,17677,337346,112448575,258632,75341,337,562254047,2248975,382,172046322,110874283,963684,0,6746914,224900922,914207,45991462,303612407,506018714,265716,6195916,112,0,112,4891512,108,910833340,0,0,22,4958982,0,179175536,76,1,1.12448560525052
Seattle Police Department,2022-01-01,Washington,729691,WASPD00,128,206,0,167,345,0,846,534,4,22,2,22,2,53,67,25,17,188,1156,291,936,2383,440,58,1,785,183,4,1,430,481,0,356700,2,7628000,0,2122932,2,362324858,38995,0,109584528,0,0,0,0,0,18294,0,208232677,15617451,45220849,2492,645633,788160682,254,0,993,2047,289443421,0,0,2841338,51017006,153431,0,31474369,53285,635109664,1,20823,2032,433800724,8300706,624698030,2,469,0,697631525,2161351,0,818,551816593,0,937047045,0,0,745135,10412,12670,0,1,1.04116338383745
Seattle Police Department,2022-02-01,Washington,729691,WASPD00,0,13334,8067,1061,2000000,4700000,6722462,7664100,5300000,382,0,6,5366000,9690000,14,1104560,8330500,24491080,7164000,201,0,7164201,0,1243,583,823,8000000,0,3960,0,7400000,5560,7720,4250,710,14173,0,24243073,10411637,1978,385230,62469803,25404,754,0,1599227,102,42271233,71840,0,0,937047045,0,104116,16659,208232760,208232827,1353512,41646899,118172,538281470,82147800,24862982,28,624699478,0,104116359,31234902,240467,154092,441,260290846,4,0,0,1249396,0,62470,68,0,349935013,635109664,945814,3,11973,2483,10412,843342341,181,926635412,0,1,1.04116338383745
Seattle Police Department,2022-03-01,Washington,729691,WASPD00,3727,0,1000000,6000000,39,12144,7015910,0,503,9860000,3019670,0,0,22,5790000,1,1,8809694,140,6610000,25,6610165,22870,4000000,700000,0,18603,20070,0,2501,203,0,1015880,0,15119,0,33867275,26,32171949,28705,416465354,21600600,1425249,191574063,80889,0,0,0,0,196262421,0,9975601,0,14533,98389940,64,520581692,20,1211,715175128,208232677,0,1436146,291525747,14682,208232677,128375,23,741308329,0,1671067,1,121015461,10285,211356167,0,248,0,0,9756529,208232843,9475,655933,6246981,1028669423,2082,104116,1249397,62469825,4685,583051707,1,1.04116338383745
Seattle Police Department,2022-04-01,Washington,729691,WASPD00,80000,5440000,10000,8570000,4820000,4370000,23290000,0,1490000,0,2890001,8880000,0,3550000,1800000,1470002,9810000,28400003,4230000,0,1380000,5610000,0,29907,5,93280,0,0,100,0,4000000,45590,0,278877,0,133823,0,0,363,470605849,703760,0,0,1261,0,59311954,2281,83293071,14780355,0,267,0,711114591,627821520,1468,0,1808427,30714320,217158570,3804,2245,0,775666721,3,623656867,1842888,0,743692593,3576,8004173,0,0,1,93704705,854,0,624698030,1235507,0,0,485132161,0,109565,0,175032,91,438296467,502881914,355,895400510,6323,1,1.04116338383745
Seattle Police Department,2022-05-01,Washington,729691,WASPD00,26,9000000,8500000,7980000,0,1,25480027,0,10,5127000,1600954,0,0,1,4530700,0,0,6131655,0,5052300,0,5052300,34,7900000,4710000,5000000,21,1323,0,0,0,0,5926800,0,523380,104116,156174634,19678,1488864,27,520583035,0,520581693,0,6416,59346313,2603,10411638,728814369,20472916,104116411,322761,9370,113903,333172566,75588471,23925935,312349026,20823,420630007,0,16971,0,392519,80169585,978693658,0,3,176997775,0,0,1194,249879,4700634,145762874,2,2340723,0,407646700,0,16,7057,947458679,0,812107439,468773402,4,25694,807963609,1565,978693581,1,1.04116338383745
Seattle Police Department,2022-06-01,Washington,729691,WASPD00,8900000,96,0,15,0,9716000,18616111,84411,9177000,0,0,0,5003680,329700,2,476797,135553,5945732,2005960,0,509900,2515860,2500000,1002,0,1,3720000,0,13836,0,0,4405,0,152,9000000,17446,416465354,1701469,9,428334616,8704,416465354,0,0,0,10283675,49092,774833790,32104169,151,30,208232677,211564400,157215671,172,0,483229,53516,11998054,1,65,624698030,2707025,5,982025304,1031,832930707,0,3956,11888,104116,20823299,0,468524,64,5205818,240508742,285618,167,395642335,87978308,4165,208232677,780873,2082328,489347973,12910,231971,0,265496676,5643106,1,1.04116338383745
Seattle Police Department,2022-07-01,Washington,729691,WASPD00,1,0,7000000,3700000,321,16,10700338,0,10,3500,4390,1480,970,7340,4450,0,0,18630,0,754000,0,754000,402,7000000,7300000,0,800,119930,0,12409,423,0,0,0,9586,854795138,2360047,0,25666760,3,220726637,2389058,3632,620533377,328610,0,49975842,287,0,0,0,232761,1289,4482,360476793,0,1004722665,0,0,168939171,307143198,842801,124,884989,160,675715036,89494,0,104116338,270702480,411038810,325,0,338282,0,0,832235,0,489416548,19572,1,119,841260014,1,879783059,467258509,0,4133,30811148,58,26029085,1,1.04116338383745
Seattle Police Department,2022-08-01,Washington,729691,WASPD00,810000,0,0,0,1207000,266400,2283400,3739,96300,0,0,0,17393,220,0,79,197,17889,1,0,116110,116111,300,380,30,90,520,3000000,812,800010,110,537610,0,40730,0,105678,21729080,542446123,832930738,327966,67155042,124939719,0,16659,624698,0,22,1509687,208232829,20199,69445606,520582868,499758657,469564686,10412,14993,0,2082,3123490,0,15738,0,428959314,15,272784807,14028,0,654652301,3058,1465479,2,982296006,1,853753975,1021,0,791284172,0,8,353995551,3429290,512054564,133838,333172283,133567,151,241019,35514083,0,30703908,28,1,1.04116338383745
Seattle Police Department,2022-09-01,Washington,729691,WASPD00,1011,810000,4734000,100,0,1,5545112,0,0,6040,1819,66425,0,0,278375,7900000,9000000,17246619,0,0,0,0,3358,5600000,1100000,5000000,312,1267177,0,1013377,29,5000100,400,2600,5400,975153625,1475848,416465354,625,0,34462508,1565,104,684252576,15495,416465354,749845869,2,0,460402,1561745,3612,166,0,42990365,312349015,146075223,416465354,937047045,0,646250112,774,7,85271,0,742974191,54378,416465583,344625093,520582,15826,0,5205818,520581692,1041,856877,2290560,707991325,96828197,5788868,208,541406052,39355977,406053904,232284,5341168,6246980,0,104119274,763173,0,1,1.04116338383745
Seattle Police Department,2022-10-01,Washington,729691,WASPD00,3600000,821,0,4,0,3793000,7393825,294685,0,0,0,0,622430,6051600,0,59,20,6674109,2121940,0,4930200,7052140,9100000,196,0,2949,6100000,0,0,0,0,420161,0,42451,1000000,4188,317554832,5,0,52058,133,819395583,674673873,1039,499758424,2565850,2,26368504,2536516,0,0,883947713,161440712,184473328,0,878264,203,194618,0,0,19634,261332009,0,0,21864,970,416465354,752725727,36,111938,0,38740648,0,698620631,97,0,133268913,5658,1,373777655,97277,868520795,6,46852352,4028,0,527,28621581,0,625739,1,1,1.04116338383745
Seattle Police Department,2022-11-01,Washington,729691,WASPD00,4,3459000,1951100,1000000,100000,3500000,10010104,800000,0,1712,0,115,2000000,0,280,0,600000,2600395,900000,200000,6700000,7800000,2,200001,6,2500000,1600000,2000001,7800002,100001,4400009,0,43933,5000000,3462,516417038,1,0,0,21,452906072,7446,22958,31235185,112654,697579607,299855,10,23499058,628862685,19782,80169584,10412,0,3123,0,535157979,0,0,231138271,574722188,77690,141,18500432,6,723608552,0,11,32692530,93704705,283686,0,0,20671,448699772,1020340116,20356,114527972,918629,60,249879212,34,19625930,8960,829546926,1567607,395642086,1,10,1,471397134,1,1.04116338383745
Seattle Police Department,2022-12-01,Washington,729691,WASPD00,9280000,544,14,3,2879000,5236200,17395761,14966,219013,0,0,9800000,5022,0,0,0,0,9805022,330758,0,883770,1214528,4070000,4,0,81,673000,9000000,45,8400000,0,4000013,1000000,22,12,2,253835633,80,208232677,31755,0,260811428,664054006,161,614182280,498,0,1616198,342702,624698030,0,728918485,156383,0,416465354,668,5,12246,416465,104116352,176998,41647,104,832941119,4164657,208233229,143680565,79857234,687168,104116338,13535124,104119608,672592,31547252,770461914,10411810,209378,6069983,0,0,687,4685235,105,864165609,0,1,427,105001327,0,158673300,59,1,1.04116338383745
Seattle Police Department,2023-01-01,Washington,753786,WASPD00,129,184,0,134,226,0,673,608,6,19,6,6,3,40,30,16,23,124,943,208,635,1786,344,43,1,609,147,2,0,250,390,0,288000,1,7011130,0,4772000,9,139000000,21339,0,100288000,0,0,3000,5,0,45632,0,2000000,66000000,13808000,532,98796,294000000,169,0,718,1208,263000000,0,0,1676215,155000000,222018,0,22018000,31718,230000000,0,0,1250,811120000,6644350,930000000,3,2510,0,500440000,1908270,0,538,250000000,0,70000000,0,0,285816,10000,3167,0,1,1
Seattle Police Department,2023-02-01,Washington,753786,WASPD00,0,5310,2129,343,6000000,6600000,12607782,9137400,8600000,427,0,2,5501000,1630000,16,673100,9344100,17148218,4285000,160,0,4285160,0,681,310,1091,8000000,0,10,0,6900000,2220,4860,2550,310,5556,0,10134600,10000002,3100,300000,28000000,18000,200,400000000,283500,0,108100000,88400,0,0,300000000,0,100000,15000,300000070,160000100,1230000,900000175,81200,543000000,60000004,14770000,17,800001190,0,600000020,580000000,52090,117000,51,430000000,3,0,0,7520000,0,2540000,0,0,347920000,390000000,332820,1,146020,1006,20770000,810000000,54,600000000,0,1,1
Seattle Police Department,2023-03-01,Washington,753786,WASPD00,1802,0,9000000,9500000,27,977,18502806,0,175,70000,6278630,0,0,21,7383000,0,0,13661651,21,375000,26,375047,6714,1000000,7800000,0,4478,2640,0,2,146,0,10,0,2605,0,9363800,9,378400000,16158,200000000,25173500,600000,916000000,49969,0,0,0,0,45685000,0,219369,0,2796,125900000,22,0,15,86,594800000,100000000,0,190031,367800000,2472,700000000,800,1,275000000,0,305000,0,75896000,1086,124000000,0,202,0,0,117567,600000090,36,320000,8000000,65000000,2000,100000,1200001,60000025,3100,182,1,1
Seattle Police Department,2023-04-01,Washington,753786,WASPD00,50000,6180000,50000,5790000,2730000,1910000,16710000,0,1310000,0,2060000,6600000,0,2050000,1420000,7560001,6070000,25760001,3620000,0,1120000,4740000,0,8629,72,68940,0,0,1600,0,6000000,33490,0,118010,0,471268,0,0,280,291000000,71511,0,0,325,0,23555000,5116,191000000,1674000,0,150,0,289000000,359000000,973,0,1215812,21130000,171847000,2580,3305,0,615000000,3,49000000,1239991,0,565650000,2136,7063780,0,0,0,520000000,501,0,350000000,885970,0,0,284341000,0,185405,0,109941,91,227896000,96000000,298,614000000,7735,1,1
Seattle Police Department,2023-05-01,Washington,753786,WASPD00,0,1000000,1000000,0,0,0,2000000,0,4,4974000,1128885,0,0,0,3664400,0,0,4793285,0,8142000,0,8142000,8,1600000,9760000,3000000,0,502,0,259,0,0,473500,0,331280,100000,80000095,19300,1330000,24,300001100,0,626000000,0,2996,38000000,3000,10000005,500000000,12426300,400000040,310000,9000,86900,620000221,67900006,17520000,500000040,0,386000000,0,12200,0,367000,60400002,240000040,331000,9,70000000,0,5000000,0,6200000,415020,520000000,1,15600,0,419780000,0,9,1889,0,0,510000000,264630000,5,15743,120340000,835,520000000,1,1
Seattle Police Department,2023-06-01,Washington,753786,WASPD00,2400000,5,5,16,2400000,2332000,7132026,29541,2095000,0,0,0,5999120,346500,1,295770,194746,6836137,839440,0,8025700,8865140,0,593,0,0,770000,0,14499,7000000,0,5,0,82,9000000,7759,200000000,119200,3,293300000,9734,100000000,300000000,0,0,23033400,23996,79200000,20580000,43,20,100000000,995700000,340100000,124,0,276930,153400,8148800,0,64,300000000,328200000,0,300000,1116,100000000,0,5000,7551,100000,70000023,0,450000,24,3000000,165000000,130661,700000150,360000242,62900001,2000,400000000,797000,1400001,910000863,15700,168300,0,254000014,7240000,1,1
Seattle Police Department,2023-07-01,Washington,753786,WASPD00,9,0,1000000,4800000,279,17,5800305,0,70,3240,3620,1290,340,5930,2280,0,0,13460,0,243000,0,243000,34,1000000,6600000,0,490,14940,0,1500,313,0,0,0,3506,627000000,1754511,0,19733000,3,458000000,1777702,3002,865000000,246639,0,743000000,671,0,0,0,175380,1407,3996,381070000,0,626000000,0,0,49901000,542000000,1021451,38,5490000,175,906000000,132742,0,53000000,680000000,733411000,324,0,423435,0,0,170487,0,344457000,4115,1,100,547000000,1,632000000,396221000,0,3616,65020000,54,379000000,1,1
Seattle Police Department,2023-08-01,Washington,753786,WASPD00,10000,0,0,0,505000,8900,523900,4571,1700,0,0,0,18565,310,0,15,30027,48917,0,0,17110,17110,180,520,40,60,380,8000000,3684,9300010,150,3250,0,2527,0,84200,16250000,646000000,200000060,325000,55300001,950000052,0,12000,100000,0,22,1410000,220000144,19000,68700005,900001270,990000184,367000000,0,12500,0,0,509000,2,5914,0,977000000,19,358000000,38076,0,505620000,1994,696860,5,13450000,2,260000000,917,0,560000000,0,10,120000000,2310270,430890000,15420,720000000,15186,31,197750,169010000,0,36850000,18,1,1
Seattle Police Department,2023-09-01,Washington,753786,WASPD00,9,8310000,3970000,0,0,0,12280009,0,0,1640,473,55751,0,0,95565,4500000,7000000,11651789,0,0,0,0,2338,2000000,2330000,7000000,234,97339,0,9972,25,3000100,700,2600,5300,119300000,288591,0,32500,0,188900000,652,97,396400000,7174,600000000,752300000,3,0,361500,0,8275,177,1,4882000,400000000,60300000,300000000,0,0,996500000,253,3,400,0,307000000,11470,100000160,264000015,420000,15200,0,6000001,0,2000,769000,2100001,510000203,70200001,10210000,0,930000874,18200000,700000147,176900,3700000,16000000,0,700002830,694000,0,1,1
Seattle Police Department,2023-10-01,Washington,753786,WASPD00,4700000,507,1,0,0,7421000,12121508,285446,0,0,0,0,151520,1462100,0,339,1044,1615003,1617210,0,9338100,10955310,2800000,711,0,3230,3380000,0,0,0,0,280646,0,42662,8000000,3584,587000000,4392,0,3558000,67,299000000,396000000,1481,533000000,1651473,3,19809000,1628230,0,0,434000000,179100000,33542000,0,814736,44,78977,0,0,19292,573000000,0,0,0,604,600000000,308063000,60,186815,0,45986000,0,827000000,97,0,333000000,10547,1,628000000,89995,795857000,4,368000000,3405,0,3,1605000,0,15475000,0,1,1
Seattle Police Department,2023-11-01,Washington,753786,WASPD00,1,3091000,7848600,800000,100000,2300000,14139601,300000,0,851,0,30,5000000,0,6,0,3100000,8100036,700000,700000,4600000,6000000,2,9000001,7,4000000,3300000,2300001,6800001,8800001,5100006,0,64679,5000000,1666,385000000,0,0,0,23,822000000,12511,301100,70000179,86500,950000077,246000,200000030,16510001,124000001,11800,61500001,0,0,41000,0,290000000,0,0,308816000,29000000,341672,173,827000,3,81000000,0,12,33040000,980000000,192650,0,0,12629,953380000,10000000,12403,320000000,5921700,23,940000000,40,395800000,6397,842510000,656800,160000000,0,15450,1,733660000,1,1
Seattle Police Department,2023-12-01,Washington,753786,WASPD00,680000,556,23,3,5807000,9201700,15689282,17124,51666,0,0,5400000,2889,0,0,0,0,5402889,283238,0,5033360,5316598,6100000,10,0,36,8694000,1000000,372,5900000,0,3000017,1000000,23,13,1,660700000,7,300000000,600,0,52200000,350500000,116,979000000,766,0,26100,349406,0,400000000,100000,13841300,0,100000000,520,3,20225,700000,100000015,260000,36000,500,300010000,13000002,100000620,161000018,61000001,590000,300000000,11000000,500002830,717000,17500000,870000828,470000133,162500,8840000,0,0,4280,3810000,81,500000000,0,0,0,4350000,0,73870000,91,1,1
Seattle Police Department,2000-01-01,Washington,563374,WASPD00,120,58,168,25,51,123,545,858,3,16,17,5,2,45,9,36,11,125,1098,482,944,2524,319,42,12,1012,442,13,19,433,232,582,150,732,44,9796,316552,485171,116224,63218,510625,1501584,6677401,0,18,11783,147,0,73243,963,11809,5579,103524,5177,102100,1909442,2016719,10299246,276137,49773,9414,805332,588079,4279,1743,70867,211095,278851,24944,273771,14267,109818,390068,3723,6580280,902538,777242,943743,10299246,20230,4486,2063,1329,221,23953,1769,6712203,35612,11422,22593,6835881,1,1.76946331784747
Seattle Police Department,2000-02-01,Washington,563374,WASPD00,126,57,124,27,67,159,560,850,1,16,10,2,2,33,18,44,8,117,959,389,811,2159,206,32,7,855,410,21,11,422,195,561,127,688,53,62965,462150,276058,144500,39615,592475,1577761,6610310,0,88,1769,18,71,30621,11328,8182,2314,54303,18479,80994,1706665,1806137,10048600,167427,31866,1101,815811,577671,4271,3489,67289,137211,206256,26703,251402,14685,69158,525725,4601,6586473,801965,800125,761508,10048600,21853,4356,4555,495,902,43488,1593,6286726,71562,54648,8543,6498722,1,1.76946331784747
Seattle Police Department,2000-03-01,Washington,563374,WASPD00,86,45,108,37,41,134,451,772,3,12,16,7,2,35,24,48,14,146,988,409,904,2301,248,54,9,865,440,17,19,425,224,455,134,589,52,56272,199912,241870,42572,152599,443679,1136903,5749901,0,0,0,166,1232,26183,10045,19839,20464,77929,1748,75121,1807094,1864729,8829463,253893,40046,471,805927,522374,3420,2070,66162,170366,195182,15382,271623,19726,56874,332670,3539,5767959,752278,670513,743716,8829463,30647,4310,4832,265,2440,3707,0,5296004,41689,8224,7172,5399291,1,1.76946331784747
Seattle Police Department,2000-04-01,Washington,563374,WASPD00,88,51,126,23,43,110,441,654,5,16,5,7,7,39,13,50,13,134,991,357,802,2150,227,45,18,779,360,29,24,426,242,406,117,523,45,151829,210106,414660,242894,65605,507066,1592160,4617388,0,53,1168,911,11112,63685,6931,20749,1904,106460,24213,73841,1953236,2051291,8367351,229476,38162,334,748830,640332,6536,9375,66466,311779,172786,13828,196186,11073,190596,605402,46,4645549,947098,741476,843310,8367351,32151,5298,2500,2566,211,2337,0,4642895,88661,4408,15897,4796923,1,1.76946331784747
Seattle Police Department,2000-05-01,Washington,563374,WASPD00,119,70,144,22,54,115,524,563,1,13,10,4,4,32,32,39,7,128,974,388,800,2162,200,72,12,726,387,20,22,437,286,363,122,485,45,232936,213491,369234,49163,90903,787539,1743265,4224948,0,9201,0,180,159,24029,5919,6471,2406,39165,19365,71322,1591922,1682609,7699188,188441,79451,53096,619374,500714,2543,9638,63172,166181,168513,31157,233840,8290,32355,389503,3539,4220878,851959,1095303,663851,7699188,25348,4954,11838,4763,580,2684,0,4378472,70124,30636,15892,4545291,1,1.76946331784747
Seattle Police Department,2000-06-01,Washington,563374,WASPD00,97,72,124,24,38,84,439,621,1,18,7,8,3,48,19,52,15,152,941,363,740,2044,189,73,6,689,365,27,18,404,273,405,101,506,44,94335,177143,261410,28287,68446,311461,941082,4661515,0,0,0,596,18,27770,21136,10015,11884,71419,23778,67234,1546534,1637546,7311562,172082,55510,37,620227,537483,6253,5246,80983,159724,128592,17923,203297,10698,85056,390437,3008,4680584,750748,521353,519865,7311562,18949,6018,3047,1239,3121,10879,1769,4497445,68820,6910,15012,4633209,1,1.76946331784747
Seattle Police Department,2000-07-01,Washington,563374,WASPD00,97,76,159,32,42,120,526,604,1,11,0,7,3,43,27,55,13,148,932,423,897,2252,238,85,10,883,331,38,15,385,267,398,126,524,34,134210,213714,383237,83524,34489,580757,1429932,4399643,0,0,0,771,549,46256,8476,15667,15104,86822,34365,77800,1992740,2104904,8021301,216635,85985,14,980217,367979,11839,3707,71573,366953,286354,37247,327209,15336,83384,539092,177,4392870,994760,633845,711027,8021301,27782,6344,3153,2893,589,9030,0,4668375,54432,10222,15936,4798756,1,1.76946331784747
Seattle Police Department,2000-08-01,Washington,563374,WASPD00,96,75,163,23,52,106,515,648,4,20,8,3,3,44,19,57,19,153,953,364,894,2211,224,112,4,880,342,22,16,365,246,409,137,546,27,53425,163574,358187,81257,30152,418041,1104637,4829462,0,0,10615,90,9201,25949,44173,50929,6784,147741,32588,66741,1691702,1791031,7872871,204631,73086,0,776518,301095,5666,14789,87948,327298,178394,21812,253658,9067,145206,276415,1416,4870094,829337,546723,740750,7872871,14779,4594,1499,4280,2626,8424,0,4904250,42720,36575,13411,5033157,1,1.76946331784747
Seattle Police Department,2000-09-01,Washington,563374,WASPD00,141,81,135,31,61,146,595,617,5,17,9,5,2,51,22,59,13,161,911,400,853,2164,269,77,9,815,370,19,5,353,247,402,103,505,44,115863,485581,285683,84892,34894,541934,1548847,4768194,0,0,0,3204,239,65038,5862,18314,2583,95241,16523,77069,1773347,1866940,8279222,256321,76167,4220,783931,422166,4471,117,67893,251655,227116,23812,305128,16985,76720,398692,3755,4799846,844894,621892,960382,8279222,47165,5691,6108,708,9171,7556,0,4544690,35987,10406,13979,4681460,1,1.76946331784747
Seattle Police Department,2000-10-01,Washington,563374,WASPD00,143,48,151,34,74,115,565,656,7,16,8,3,2,32,24,47,13,129,993,397,849,2239,303,63,5,890,353,17,15,363,230,406,109,515,29,105117,407000,471613,56120,68804,395963,1504617,5148098,0,9286,230,425,9201,28232,42633,39388,23769,143879,31208,83497,1629663,1744369,8550248,253561,52052,78,744781,373988,4202,3785,90064,221857,191336,15242,249071,21587,128392,574568,1946,5146661,799647,608131,813666,8550248,26825,6802,1446,584,1881,3477,1062,4628031,25563,20843,15203,4731717,1,1.76946331784747
Seattle Police Department,2000-11-01,Washington,563374,WASPD00,93,53,153,33,62,103,497,806,3,18,5,1,1,42,26,42,17,134,979,376,786,2141,283,34,13,877,339,13,10,334,238,471,126,597,30,99281,247146,437167,186328,73629,488575,1532127,6261994,0,0,0,2,5,21138,48655,15290,42651,127741,16659,71626,1559800,1648085,9569948,244965,31185,34,684175,453073,2398,1635,61461,169161,226826,36571,309154,6131,57166,311091,1637,6281064,755490,717084,867734,9569948,19945,3512,1122,407,7432,12809,0,5428961,46793,8431,13069,5542483,1,1.76946331784747
Seattle Police Department,2000-12-01,Washington,563374,WASPD00,86,72,123,32,70,116,499,737,2,8,5,7,2,38,20,44,10,126,880,389,808,2077,253,29,13,780,334,20,11,428,209,483,162,645,26,210623,221079,350039,119940,101518,583213,1586411,5759447,0,0,0,725,9378,44306,21994,558414,100396,735214,31396,76457,1632744,1740596,9821668,285045,25977,833,726512,454407,4742,2145,104671,136265,272048,22255,196920,4910,124926,579075,53,5745094,1495726,690898,690349,9821668,54676,7740,2787,3803,5234,142311,0,5908946,84656,11402,20455,6242010,1,1.76946331784747
Seattle Police Department,2013-01-01,Washington,642814,WASPD00,252,121,11,162,161,10,717,357,0,9,4,5,2,67,18,18,7,121,714,342,875,1931,247,53,4,657,182,26,2,378,382,0,0,234,0,364167,1118721,14853,293406,350872,1640,2143659,3808123,0,0,10937,26693,24,91760,63612,10602,28510,232138,8244,48776,1574605,1631624,7815544,58742,47265,672,679994,203226,14173,371,115784,511395,325336,210673,293881,13481,59836,832081,0,3943541,1137239,717065,282411,7815544,28078,19655,8842,0,43,6278,0,2756554,90932,15654,7077,2933114,1,1.30797303509051
Seattle Police Department,2013-02-01,Washington,642814,WASPD00,220,147,3,77,105,1,553,273,1,17,5,8,2,72,23,13,11,134,583,239,650,1472,181,42,5,493,136,14,5,295,301,0,0,243,0,294100,721150,2191,369845,603994,8894,2000175,3046685,0,0,6779,178,34,56947,9636,112938,7730,194242,7000,33559,1706231,1746790,6987892,34783,64326,327,607015,93571,4172,8634,65877,868085,237674,48349,185299,9110,13658,367448,0,3240506,1974547,585955,325345,6987892,7559,2299,5868,0,14,2993,0,3087799,68342,11216,2639,3188728,1,1.30797303509051
Seattle Police Department,2013-03-01,Washington,642814,WASPD00,229,146,0,94,143,0,612,288,3,5,2,1,2,63,21,8,4,101,674,301,747,1722,224,69,4,624,134,13,1,324,329,0,0,231,0,459110,839608,0,254202,184691,0,1737611,3206140,0,0,131,17,320,18000,5836,8876,2489,35670,6903,39914,1132378,1179195,6158616,29743,69702,268,551407,169358,3749,526,84904,269539,189574,44573,136237,15829,50777,541333,0,3258192,899375,792218,230508,6158617,12860,6108,441,719,192,7026,0,2893236,36366,28035,3052,2988036,1,1.30797303509051
Seattle Police Department,2013-04-01,Washington,642814,WASPD00,230,134,0,86,148,0,598,331,1,6,3,4,1,61,15,11,7,102,630,276,752,1658,200,55,2,619,124,10,3,313,332,0,0,260,0,359691,1058032,0,377562,190804,0,1986090,3388561,0,0,984,11145,58,74054,18381,690348,36929,831898,6873,40257,1442679,1489809,7696358,36826,72564,2747,643198,96658,8837,662,78042,550540,251120,21846,140839,16231,43290,1238003,0,3567500,1472432,736479,208882,7696622,7135,5000,263,1180,3,16147,0,3080278,32765,10771,10953,3164494,1,1.30797303509051
Seattle Police Department,2013-05-01,Washington,642814,WASPD00,288,160,0,115,161,0,724,352,2,7,2,4,1,76,26,21,3,133,723,346,903,1972,203,108,2,775,151,19,3,348,363,0,0,297,0,456453,1511453,0,419152,340305,0,2727362,3891545,0,0,3139,65,5,80715,6760,4104,802,95591,8431,48980,1500330,1557741,8272239,37952,123320,1440,740187,248090,3236,2638,89597,312850,286038,30153,170490,19872,39077,1071000,0,4116846,1235653,861609,443071,8273808,8722,6927,2417,3,985,10940,0,3753949,71338,27603,3547,3886431,1,1.30797303509051
Seattle Police Department,2013-06-01,Washington,642814,WASPD00,238,105,1,82,148,0,574,356,0,7,1,9,1,69,19,24,3,126,676,306,900,1882,237,96,1,752,126,16,2,306,346,0,0,289,0,327702,958178,1727,206092,148077,0,1641776,3906628,0,0,742,2094,1,29368,17651,15150,473,65480,7225,42845,1454161,1504232,7118115,40036,89665,44,846901,177168,4337,616,58175,287944,208817,24336,208354,17205,38924,717379,0,4001745,807407,830647,263957,7118769,5450,6951,5093,1244,123,3971,0,3502100,56350,16886,5050,3603219,1,1.30797303509051
Seattle Police Department,2013-07-01,Washington,642814,WASPD00,233,138,0,82,114,0,567,363,3,16,0,2,1,88,29,22,6,148,770,366,1095,2231,249,135,1,877,153,28,4,343,441,0,0,330,0,461448,887848,0,361996,100893,0,1812185,3993011,0,1,0,154,1,101016,7525,22734,583,132014,8926,49759,2430417,2489101,8426313,27775,130703,7,929900,535839,15904,1219,84434,763814,265991,73165,303340,27930,65410,1164794,1,4058198,1272837,860128,335009,8426805,14133,6358,704,1309,35,4679,0,4123386,52282,8124,29708,4240718,1,1.30797303509051
Seattle Police Department,2013-08-01,Washington,642814,WASPD00,264,159,0,85,103,0,611,335,0,12,1,3,1,120,17,11,4,157,735,384,1078,2197,249,133,0,897,155,13,2,323,425,0,0,304,0,615570,739886,0,163760,147125,0,1666341,3846733,0,264,3,4,1570,94863,9815,2929,937,110120,7712,52455,1939649,1999816,7623274,26455,155330,0,1096899,239073,2893,1373,79368,398622,235265,28764,326076,15387,32652,700460,0,3884684,1223933,836020,340229,7623470,6079,4019,1734,1441,552,23018,0,3717919,37541,24870,16296,3833470,1,1.30797303509051
Seattle Police Department,2013-09-01,Washington,642814,WASPD00,245,127,1,104,140,0,617,437,3,3,0,1,2,63,23,23,9,121,771,372,1058,2201,237,115,1,914,160,20,1,343,410,0,0,378,0,374827,1060565,395,241365,321249,0,1998401,4646564,0,0,0,8,13,103250,8196,59009,4989,175465,8559,48621,1797422,1854602,8675032,38212,121560,331,939695,345706,6168,166,94916,309871,237298,37598,239937,42862,12941,709875,0,4865698,1357909,854144,318794,8677055,16163,6316,21,1086,969,9056,0,4379095,97533,24271,4570,4539080,1,1.30797303509051
Seattle Police Department,2013-10-01,Washington,642814,WASPD00,261,135,0,102,129,0,627,413,2,9,5,5,0,100,28,21,3,162,805,455,1147,2407,288,110,1,1036,192,25,3,390,362,0,0,352,0,357156,1004743,0,297396,193715,0,1853011,4556675,0,0,11773,1275,0,75736,16121,25855,2879,133638,9263,63813,1779465,1852541,8395865,49279,110329,262,1039768,241532,7401,296,125531,278736,345145,56418,261528,24530,81692,703488,0,4676805,1134559,842463,269827,8396456,14113,10194,4889,1177,1546,3636,0,4234565,44403,26549,13885,4354959,1,1.30797303509051
Seattle Police Department,2013-11-01,Washington,642814,WASPD00,225,158,0,83,125,0,591,402,1,4,2,7,1,103,20,31,7,171,780,390,1103,2273,298,82,1,998,180,18,3,344,349,0,0,341,0,491105,913518,0,359533,134870,0,1899026,4350569,0,458,3,12458,20,105034,10727,92505,10803,231549,7941,53385,1824948,1886274,8367877,62656,74486,3,1117063,147143,7169,9973,107167,362578,364781,66268,262327,20968,31166,683233,33,4577911,1025283,938913,398958,8369841,8200,7614,3337,428,582,1360,0,4195326,42892,25961,2135,4287834,1,1.30797303509051
Seattle Police Department,2013-12-01,Washington,642814,WASPD00,254,142,0,85,124,0,605,389,2,8,5,9,1,68,22,14,8,127,838,421,1052,2311,247,73,3,975,191,19,6,359,438,0,0,341,0,334309,682987,0,242842,276746,0,1536884,4374651,0,0,3037,2602,13,45664,2991,25356,3431,83094,9294,57118,1636338,1702751,7697379,35765,77828,160,906555,159042,5784,1842,103878,412754,324821,54753,140050,19956,66006,593027,132,4443842,965894,782324,307433,7698236,14445,10231,20,0,553,195,0,4263992,67616,21048,3719,4381818,1,1.30797303509051
Seattle Police Department,2017-01-01,Washington,721365,WASPD00,160,143,16,176,248,20,763,316,2,21,2,10,1,47,38,12,4,114,919,422,1102,2443,311,64,1,1085,198,18,1,400,365,0,0,209,0,442154,406445,32429,417041,374468,50152,1722689,4193965,0,0,62,690,1,42660,30637,24781,324,99155,9275,54409,1912678,1976362,7992171,33166,74224,6,1164041,276519,7941,31,138923,281511,382886,31644,236451,5977,25433,452546,0,4505068,1584691,506817,260660,7992173,7128,4538,1149,1,808,13378,0,2992077,62540,5141,1531,3088292,1,1.24307319386626
Seattle Police Department,2017-02-01,Washington,721365,WASPD00,150,101,18,112,145,15,541,277,0,15,1,5,0,42,33,19,10,110,773,313,817,1903,288,46,1,795,162,13,2,314,282,0,0,226,0,136990,430563,144131,205438,507161,120552,1544835,3351169,0,0,622,403,0,14090,7716,4601,6897,34327,7058,39471,1386682,1433211,6363543,18268,65484,497,813456,161847,7145,278,92743,274099,333115,31686,114146,4112,75340,396353,0,3623320,1212563,410300,163214,6364149,16740,4643,789,4,2419,1998,0,3082830,152437,6895,4829,3273585,1,1.24307319386626
Seattle Police Department,2017-03-01,Washington,721365,WASPD00,149,130,24,134,183,29,649,294,0,16,4,3,5,62,37,19,9,139,937,419,993,2349,335,58,0,1001,179,20,0,454,302,0,0,275,0,151161,364380,91726,290275,234768,51726,1184036,3664218,0,5842,2013,16,1055,332482,10831,47551,8861,402809,9158,54370,2039300,2102827,7359733,13134,61113,0,1089222,197278,10695,0,126770,604615,294912,48139,156561,13997,22924,563981,0,3931719,1431074,726875,169551,7359733,8852,8358,281,0,1329,762,0,4064853,58779,9701,1073,4153988,1,1.24307319386626
Seattle Police Department,2017-04-01,Washington,721365,WASPD00,150,122,23,142,183,19,639,237,2,15,2,7,2,58,54,13,5,141,809,383,994,2186,310,56,1,943,168,18,3,371,316,0,0,210,0,337790,318766,57456,368928,148872,75110,1306922,2982882,0,0,1780,686,32,52548,11873,2489,319,69728,7599,48808,1908014,1964421,6323953,28556,66308,348,1379773,159102,7892,3289,115288,203891,333479,29811,166508,12975,36541,482136,0,3169221,1376704,555338,161265,6323979,14807,2966,2347,1765,1674,1921,0,3054236,53724,12988,1609,3148037,1,1.24307319386626
Seattle Police Department,2017-05-01,Washington,721365,WASPD00,138,148,9,151,209,18,673,261,2,17,1,8,2,56,35,22,8,132,799,360,1060,2219,262,127,1,901,184,19,1,387,337,0,0,222,0,279005,450145,6215,511093,346822,116895,1710177,3183534,0,0,0,62,17,82049,76425,24664,1395,184613,7087,45049,2172601,2224737,7303060,12288,164534,746,1238538,198612,8700,0,105496,496630,380143,147854,470271,16061,37638,350885,0,3364262,1668239,575222,293294,7303868,22717,1459,1708,1120,858,1287,0,3185376,73487,15647,2199,3305857,1,1.24307319386626
Seattle Police Department,2017-06-01,Washington,721365,WASPD00,134,124,10,150,143,28,589,287,3,23,1,3,1,50,32,21,5,113,799,341,984,2124,237,108,2,865,185,14,4,356,353,0,0,222,0,159366,331576,32527,350831,298513,55462,1228276,3283876,0,0,1,58,32,28263,78737,41834,201,149128,7425,41838,2585187,2634450,7295730,21612,119080,1492,1014399,978059,5099,608,116643,377523,308747,16189,293800,13308,99753,355927,1,3468253,2054570,534515,150730,7295793,12492,5902,2889,746,1288,454,0,2831103,69623,10745,3609,2938850,1,1.24307319386626
Seattle Police Department,2017-07-01,Washington,721365,WASPD00,155,128,22,154,164,24,647,343,3,14,0,5,0,54,37,15,9,120,869,406,1112,2387,279,135,0,953,158,14,3,426,419,0,0,277,0,2689671,235101,132451,409759,263682,57373,3788037,3992466,0,0,0,62,0,31181,10878,30718,2359,75198,8592,52847,1985666,2047105,9902807,40159,149631,0,1150070,216526,7214,2545,88738,392441,263594,56422,2798184,14893,21449,328450,0,4185498,1501882,464430,268223,9903025,8874,1765,39526,996,1688,438,0,3499252,76350,11109,1310,3641308,1,1.24307319386626
Seattle Police Department,2017-08-01,Washington,721365,WASPD00,140,119,36,108,209,32,644,356,3,11,1,10,2,56,43,14,8,134,864,399,1142,2405,281,144,1,952,184,17,4,414,408,0,0,312,0,173369,237469,446860,237848,259791,94087,1449425,4274930,0,0,0,314,4,51957,19639,3348,1704,76966,8869,50444,2105414,2164727,7966048,37832,179191,184,1315301,244245,4192,576,93976,289231,295184,47418,222423,14745,57764,761809,0,4453946,1265644,629382,217733,7966048,9257,4358,6834,873,1285,4614,0,4128873,87151,7507,2865,4253617,1,1.24307319386626
Seattle Police Department,2017-09-01,Washington,721365,WASPD00,148,102,36,144,164,56,650,329,3,11,0,4,2,63,27,23,6,125,780,339,1058,2177,221,112,1,911,188,11,4,353,376,0,0,299,0,179324,516259,303281,253711,166517,113777,1532871,3905443,0,0,0,249,881,54531,4200,27453,3115,90430,7462,43580,1964358,2015400,7544143,31809,168436,1,1217913,201573,2476,2398,109072,282468,460786,44227,315562,19070,33076,339071,1,4298556,1226530,590728,217284,7544891,5264,1969,511,5474,1962,11063,0,3968514,51983,8989,3912,4059641,1,1.24307319386626
Seattle Police Department,2017-10-01,Washington,721365,WASPD00,165,119,44,119,203,69,719,329,3,19,4,10,1,58,36,20,12,141,856,385,1040,2281,272,97,0,926,156,11,6,417,396,0,0,302,0,219513,291419,175567,207034,232627,256903,1383063,4170586,0,0,8826,930,0,57524,6449,4226,9798,87754,7843,50469,2513832,2572143,8213546,25520,119932,0,1096253,198346,1004,2653,126465,1001974,407750,43300,309111,12914,49812,447765,0,4197863,1964404,544022,236608,8213550,16636,5399,746,623,707,2453,0,4080389,119969,6701,3456,4237078,1,1.24307319386626
Seattle Police Department,2017-11-01,Washington,721365,WASPD00,157,95,67,125,172,59,675,308,3,9,3,9,0,54,42,13,12,133,738,333,970,2041,217,80,3,872,168,6,4,369,322,0,0,265,0,146693,340358,228362,205625,136926,219155,1277120,3704558,0,0,374,2129,0,34811,9311,4546,3003,54174,7127,44343,2086700,2138169,7174022,34275,90804,4164,991183,525013,1498,1911,128932,360391,284725,42429,633095,10473,40476,381067,0,3810028,1236915,583346,151471,7174023,8255,2564,6435,1,129,1157,0,3530335,69516,10680,2578,3631653,1,1.24307319386626
Seattle Police Department,2017-12-01,Washington,721365,WASPD00,111,105,63,90,158,90,617,284,3,19,3,10,1,41,36,11,12,114,792,394,798,1984,224,48,2,726,157,15,3,423,386,0,0,257,0,134370,211891,515709,291810,298664,342648,1795092,3634717,0,19828,1053,1881,5,37307,317468,1324,43449,402487,8260,51627,1376794,1436682,7288807,40721,63940,4,782681,127038,4226,2216,151308,264574,259290,175130,452912,15884,18105,696836,0,3773359,1182204,440421,274693,7288834,25918,2137,2,2067,1318,19401,0,3450776,68200,5058,8981,3583858,1,1.24307319386626
Seattle Police Department,2001-01-01,Washington,572345,WASPD00,140,60,164,25,63,135,587,764,2,20,4,6,0,38,19,45,14,126,936,361,863,2160,286,32,8,902,338,16,8,358,212,503,148,651,49,59501,417038,300407,96535,65705,407520,1346706,5565156,0,103,0,9434,0,61583,22292,13483,15722,122513,13588,64898,1850262,1928747,8963226,279461,26855,564,775029,469774,1528,2851,64958,307726,271829,88748,273941,19657,149810,425141,774,5553118,708829,685264,786115,8963226,23856,3170,4693,3597,21720,14467,516,5727957,35611,2994,17446,5856027,1,1.7208297251506
Seattle Police Department,2001-02-01,Washington,572345,WASPD00,85,59,154,25,50,92,465,555,1,18,5,3,1,40,18,39,6,112,791,330,679,1800,179,29,8,721,308,19,13,355,168,371,111,482,52,127739,247610,1219674,100595,68628,336285,2100531,4347759,0,0,0,280,0,43210,6178,50384,6221,106273,19743,61007,1607024,1687774,8242337,189226,35940,14,709059,446252,2201,22551,56732,225799,204423,23722,213123,4620,199124,302813,1721,4427351,1652132,582940,630369,8242337,21572,11096,2306,1205,20906,8592,0,4304040,87256,61022,11018,4529014,1,1.7208297251506
Seattle Police Department,2001-03-01,Washington,572345,WASPD00,114,56,148,39,62,100,519,672,2,7,10,7,2,60,20,40,13,152,872,383,782,2037,247,48,8,751,341,39,18,390,195,435,124,559,57,63123,202013,398050,133848,76431,411633,1285098,5151476,0,0,1721,934,31,68869,14135,5138,129215,220044,16768,69429,1526545,1612741,8269359,207670,36323,1914,746470,417712,8458,5440,75472,113282,187424,49100,211641,12603,85338,310235,258,5211877,589438,863755,747690,8269359,19958,3788,2401,2409,3108,12994,0,4965110,23298,6673,13355,5053094,1,1.7208297251506
Seattle Police Department,2001-04-01,Washington,572345,WASPD00,80,54,178,23,46,125,506,762,3,18,5,5,1,44,22,47,9,133,860,346,675,1881,204,31,13,732,276,18,19,367,221,518,135,653,48,58482,194813,331616,70093,7418,540802,1203225,5743070,0,0,0,3894,0,14649,6716,14187,16554,56001,119016,80050,1604715,1803781,8806076,226368,38065,410,741154,491717,11714,5427,76608,212318,195103,12431,166026,13429,206266,421321,1549,5728298,970199,485000,606455,8806076,25515,10005,2681,2469,1643,2411,0,5815544,142967,41608,13849,6058692,1,1.7208297251506
Seattle Police Department,2001-05-01,Washington,572345,WASPD00,88,47,134,32,51,115,467,735,1,10,6,9,1,53,8,53,6,136,887,336,790,2013,248,53,7,735,284,26,12,373,275,469,152,621,51,58964,143466,282149,91121,45139,413219,1034059,5589308,0,0,3039,652,232,60568,4670,26410,2506,98077,11726,59444,1464452,1535622,8257066,238590,37987,644,585468,457076,5360,1879,83305,125313,190236,44934,211696,7055,105404,341148,5249,5619197,651274,494973,585900,8257066,16825,5206,5281,2156,2452,4082,946,5572959,83288,2493,13560,5709248,1,1.7208297251506
Seattle Police Department,2001-06-01,Washington,572345,WASPD00,89,48,183,30,58,92,500,707,1,13,4,5,1,34,16,33,9,102,952,410,928,2290,279,70,13,918,300,23,20,369,298,423,130,553,62,102081,182227,319087,95774,22546,213878,935594,5342595,0,0,0,444,0,39565,20285,19406,51367,131067,23749,77451,1863889,1965089,8374346,237924,59560,212,966308,392289,4887,8157,73865,221889,234257,30980,150870,14100,79447,392387,1205,5405814,801032,457393,806859,8374346,19726,5987,4202,1495,1819,9847,344,4897154,38282,16229,6259,5001344,1,1.7208297251506
Seattle Police Department,2001-07-01,Washington,572345,WASPD00,81,68,182,30,48,98,507,728,1,19,7,11,4,42,18,53,10,145,1010,444,1066,2520,368,86,11,1009,332,22,26,362,304,450,145,595,54,88929,285427,1010728,40508,42806,257481,1725879,5421192,0,172,2237,9427,933,18029,10692,10093,5842,57252,21228,79759,2017769,2118756,9323251,332525,100453,623,954117,286554,5290,10182,92577,336434,189611,41591,244652,8759,82238,429471,6907,5406847,1507409,492144,913621,9323251,22607,8527,2535,59,100,5119,1530,5221539,35418,4784,9561,5311778,1,1.7208297251506
Seattle Police Department,2001-08-01,Washington,572345,WASPD00,105,78,220,28,63,114,608,686,5,23,3,1,1,49,26,43,9,132,977,402,988,2367,349,93,11,967,290,28,19,356,254,429,155,584,60,169913,258384,450888,253320,29550,334918,1496974,5176438,0,0,0,52,62,94702,13274,21507,508,130105,34129,78062,1968529,2080721,8884238,277381,88285,160,1023038,326472,24264,5593,67014,268513,208735,41408,196194,13727,97576,556356,4887,5096920,1123149,624923,920362,8884238,42520,4901,5477,8497,2380,39798,2581,5114531,94663,1045,12020,5328413,1,1.7208297251506
Seattle Police Department,2001-09-01,Washington,572345,WASPD00,115,72,185,33,63,124,592,694,1,10,2,2,1,50,18,58,12,143,920,322,842,2084,271,84,14,868,263,13,14,322,235,375,156,531,56,47392,223913,241734,124361,50281,267587,955267,5192346,0,0,0,14,86,47316,14880,11488,1299,75083,10235,59243,1727758,1797236,8019932,268973,71500,17604,765048,319610,3402,4794,127944,218361,206389,16917,211783,17811,71365,377555,172,5079889,854001,453714,730336,8019932,20715,10877,3672,3289,84,6842,0,4581253,30691,4877,9910,4672211,1,1.7208297251506
Seattle Police Department,2001-10-01,Washington,572345,WASPD00,136,71,294,28,72,124,725,739,5,8,7,5,7,65,19,51,9,163,1088,427,1058,2573,422,84,14,1012,351,22,11,397,260,461,149,610,39,164389,532783,724736,161212,47741,300973,1931834,5469117,0,0,344,2111,1475,173024,8134,5335,3416,193839,21431,77959,2171272,2270662,9865453,438387,93887,2108,998575,292016,3376,7740,223007,211566,238757,35366,262592,12304,128512,881283,688,5454342,1209690,581725,1060195,9865453,21168,7453,2371,2667,900,7272,0,5355910,65218,8437,17053,5488450,1,1.7208297251506
Seattle Police Department,2001-11-01,Washington,572345,WASPD00,130,64,248,31,46,83,602,877,3,10,9,3,7,46,17,45,9,136,1017,375,972,2364,379,51,18,1011,319,11,15,348,212,531,177,708,39,58577,263117,641956,66192,41314,421719,1492873,6602817,0,0,1273,77,1962,61036,3077,50622,16606,134653,18447,69110,1952068,2039625,10269969,362789,37468,866,1009685,388892,2407,10320,108805,118395,200589,26576,206334,17805,98509,512186,0,6649630,849161,600917,1108261,10269969,26153,5543,2688,2581,3259,7873,0,6318887,25150,32634,22343,6447111,1,1.7208297251506
Seattle Police Department,2001-12-01,Washington,572345,WASPD00,92,78,263,25,46,102,606,836,0,8,5,8,2,30,28,34,7,114,1043,382,988,2413,403,23,16,1042,345,10,11,354,209,550,139,689,40,92849,243394,633754,54765,66114,291361,1382238,6452943,0,0,642,34231,0,36112,18738,23997,250,111212,12905,72301,1959576,2044781,9991174,365566,26984,4763,1022593,338140,1217,7129,120477,157912,269248,51475,191544,33873,94067,602598,2581,6445884,799408,516777,983717,9991174,26046,4226,1502,4669,547,2915,0,6130977,27501,533,10008,6208926,1,1.7208297251506
Seattle Police Department,2002-01-01,Washington,580089,WASPD00,101,100,269,27,50,103,650,696,2,11,4,1,4,40,32,60,8,149,983,363,812,2158,294,23,10,866,336,15,13,403,198,434,134,568,40,209315,351655,875994,89119,61972,339438,1927493,5232035,0,254,0,0,1321,26194,16489,47512,20346,111863,19154,66624,1564725,1650503,8922147,320535,16484,3507,687436,374284,6171,2688,122807,116590,234016,45583,269513,7982,83419,561310,3557,5139145,929186,598428,1050008,8922147,32970,6462,3906,4286,4270,61464,0,4890303,58582,10521,28010,5100775,1,1.69396293722493
Seattle Police Department,2002-02-01,Washington,580089,WASPD00,122,73,223,13,44,87,562,579,1,15,6,3,1,42,15,26,11,104,864,306,684,1854,257,30,19,718,273,12,10,340,195,415,121,536,45,144747,370248,665368,63954,37614,396447,1678378,4354638,0,0,8,3545,141,72222,6523,35900,3832,122172,21871,64948,1206876,1293695,7448884,235286,27603,5610,545697,296232,1138,5968,71223,104938,187310,33845,172901,13382,95894,509898,678,4484936,730046,398251,821743,7448884,19603,5062,1999,5370,1628,4889,0,4745136,29197,25259,13237,4851378,1,1.69396293722493
Seattle Police Department,2002-03-01,Washington,580089,WASPD00,107,61,226,26,48,85,553,551,2,10,15,0,0,46,17,31,9,118,864,320,756,1940,250,39,16,744,287,13,18,381,192,376,116,492,44,144759,284000,628596,63695,28347,230833,1380229,4107726,0,0,10884,0,0,32124,4428,16115,13437,76987,30715,60473,1376833,1468020,7032963,222792,40531,1780,642527,310032,2593,1787,71909,174068,148843,34304,200167,13044,69759,486670,1863,4143433,758004,512734,664140,7032963,20804,6352,4179,3437,76,35292,1694,4347785,11082,20619,11106,4461587,1,1.69396293722493
Seattle Police Department,2002-04-01,Washington,580089,WASPD00,113,72,200,18,32,99,534,576,4,7,11,7,1,43,22,39,9,132,925,373,815,2113,301,54,8,806,293,12,20,372,247,344,133,477,25,135317,260874,557551,42835,14651,289912,1301140,4197532,0,0,0,1209,127,34816,13713,20128,21657,91650,7436,76342,1419992,1503770,7094091,252951,49704,1804,576657,292214,5644,8439,88108,228248,183039,21222,221455,19191,107169,450823,1059,4292671,730069,461713,605680,7094091,24039,6446,2236,7746,8658,7746,0,4256726,14265,15708,13044,4356613,1,1.69396293722493
Seattle Police Department,2002-05-01,Washington,580089,WASPD00,116,67,237,32,46,120,618,552,2,16,10,6,4,32,21,43,9,125,949,416,880,2245,359,46,11,865,290,18,14,387,255,391,111,502,17,115445,294060,513964,85928,23443,343883,1376723,3932923,0,0,1674,872,1325,40743,15757,14053,30949,105373,19958,72673,1587718,1680349,7095367,317274,45617,447,761404,336121,3346,3678,67930,144532,189580,25804,196625,6742,157223,420848,1696,3984201,843331,475055,794262,7095367,25184,5382,17548,847,718,16403,169,4368730,40010,20277,15925,4511193,1,1.69396293722493
Seattle Police Department,2002-06-01,Washington,580089,WASPD00,94,58,197,27,41,116,533,575,1,12,12,5,1,51,12,44,16,141,900,352,792,2044,302,65,12,787,287,16,16,360,199,380,87,467,22,213453,259996,478521,75093,33735,397753,1458551,4188047,0,34,10164,954,0,26109,2114,21974,7648,68963,24866,63087,1693909,1781861,7497456,254335,45158,1862,624283,312523,4154,5973,364200,169374,182311,69102,287510,10420,97218,705832,1728,4245071,762028,417675,718562,7497456,19557,4897,2741,20592,464,66241,1694,4138013,36971,13055,23654,4327879,1,1.69396293722493
Seattle Police Department,2002-07-01,Washington,580089,WASPD00,107,80,234,30,58,119,628,717,0,16,8,7,2,63,18,46,9,153,1019,378,895,2292,344,88,6,773,321,21,27,408,304,407,145,552,33,120861,274293,520130,163400,47609,286495,1412787,5188924,0,93,4565,1243,474,38770,6525,32866,10226,94671,32277,69613,1739754,1841644,8538119,266232,76386,173,606203,294074,5011,9081,69559,514926,240009,76062,267487,6889,16084,573615,373,5244001,892090,497058,721079,8538119,18351,9447,5978,3073,1189,3234,0,4832028,28550,13057,11463,4926369,1,1.69396293722493
Seattle Police Department,2002-08-01,Washington,580089,WASPD00,93,87,191,24,72,134,601,747,4,15,11,5,8,52,21,40,8,145,934,401,927,2262,282,100,14,831,305,21,17,439,253,460,146,606,29,125806,430768,504030,102334,11538,555291,1729767,5526512,0,0,9571,5346,2629,46611,3933,18386,8636,95113,6110,72124,1624305,1702539,9053930,239774,93746,1530,790656,338606,2751,14629,102100,118748,182570,58266,281076,11011,119052,453757,2117,5475396,949102,558923,962661,9053930,29441,13662,5268,1746,1375,31360,0,5161505,53326,7240,12269,5317194,1,1.69396293722493
Seattle Police Department,2002-09-01,Washington,580089,WASPD00,121,67,224,37,64,139,652,730,3,15,13,1,1,37,14,53,14,133,955,363,920,2238,310,107,13,874,276,9,17,398,234,518,169,687,44,113180,344256,794680,80621,23197,359168,1715102,5522421,0,593,4235,34,59,73318,14463,75461,12007,179577,18335,64852,1624776,1707964,9125656,265991,106911,1177,700005,261079,418,7752,106340,258290,198036,34697,120527,16450,412409,443498,85,5521980,883720,594202,900983,9125656,23512,5162,2910,7911,478,2424,0,5945808,53600,21437,8905,6072147,1,1.69396293722493
Seattle Police Department,2002-10-01,Washington,580089,WASPD00,130,98,216,33,51,116,644,853,4,12,4,3,2,37,20,40,10,116,1077,455,1110,2642,425,74,11,1155,309,7,11,423,227,566,172,738,39,95877,526614,477335,73447,49620,358936,1581828,6723652,0,0,1152,1863,271,30893,696,9969,3574,48419,38126,82862,2363232,2484220,10838119,503508,74406,984,1065108,463904,3994,3405,91142,277769,323350,22968,309279,12857,129888,707445,1779,6669132,1088791,522940,1049690,10838119,24769,3505,2246,508,879,9881,0,6340756,44036,11341,21168,6459089,1,1.69396293722493
Seattle Police Department,2002-11-01,Washington,580089,WASPD00,123,79,221,21,46,140,630,851,2,10,11,5,3,51,13,44,10,137,957,372,958,2287,356,45,13,1019,267,12,16,366,193,575,203,778,31,116667,404893,687581,40745,90952,444199,1785037,6641061,0,0,932,1774,9215,19880,9334,15478,31377,87990,20148,68673,1797315,1886136,10400224,323752,50551,7660,881745,404217,2682,4411,83792,127327,227452,22479,241756,17431,140973,623897,0,6706399,813095,636476,970266,10400224,28967,4879,4382,3540,2270,13691,0,6792454,15767,27581,13120,6906651,1,1.69396293722493
Seattle Police Department,2002-12-01,Washington,580089,WASPD00,132,91,287,30,39,106,685,881,-1,13,5,3,3,51,21,35,5,123,1099,428,1140,2667,416,39,10,1243,308,8,14,405,224,541,178,719,54,134142,371176,585010,23854,60468,296571,1471220,6708979,0,0,330,1016,25,38800,4094,15532,16575,76374,21547,76948,1901507,2000003,10256576,392407,36127,2409,1055449,261019,1765,3276,92014,155536,245813,34880,195200,15420,106532,390486,1525,6747563,811661,608497,1099001,10256576,21725,3842,3359,3735,1826,1943,0,6361170,37782,11710,17040,6464132,1,1.69396293722493
Seattle Police Department,2003-01-01,Washington,576296,WASPD00,157,110,322,31,38,98,756,871,2,11,5,3,5,52,23,50,20,158,1175,431,1098,2704,478,36,10,1258,277,11,12,429,193,556,176,732,39,382654,1204540,746062,140016,62051,436269,2971591,6521503,0,0,464,499,151,63591,33565,22291,26272,146832,33574,77663,1812621,1923859,11563785,387143,33712,38,1062372,216859,1842,2493,78748,140652,254528,34722,875078,21856,243364,649733,580,6574763,879132,880474,1149555,11563785,23734,5062,5393,11421,11343,25906,0,6330284,22270,3187,13272,6451871,1,1.65636194790487
Seattle Police Department,2003-02-01,Washington,576296,WASPD00,102,71,224,26,47,83,553,808,3,12,4,4,4,43,19,33,10,117,994,316,803,2113,330,27,8,970,228,9,8,379,154,536,139,675,35,131316,177517,479858,41596,22806,303475,1156570,5899945,0,0,12,25,795,38192,7780,9307,7710,63821,26537,55195,1500619,1582351,8702686,304491,29553,343,716138,195878,513,1226,179657,154552,198543,26994,237068,4969,67243,483886,8186,5944020,620024,364396,747355,8702686,24561,5380,1926,1855,212,2480,0,5711799,20849,10748,11361,5791170,1,1.65636194790487
Seattle Police Department,2003-03-01,Washington,576296,WASPD00,142,83,259,38,43,120,685,711,3,15,7,1,4,37,17,33,12,111,1066,371,964,2401,430,41,2,1030,280,6,7,412,193,500,175,675,24,158562,351758,564975,157010,54625,371221,1658151,5419418,0,0,4969,166,333,62163,51241,20516,24329,163716,15184,66493,1727183,1808860,9050145,378550,34219,99,860705,335953,1714,1868,92683,103067,289380,53833,261762,18291,121764,432002,0,5298039,850991,569848,1154234,9050145,17687,5151,1133,2501,1482,11209,0,5875480,47142,18669,10887,5991341,1,1.65636194790487
Seattle Police Department,2003-04-01,Washington,576296,WASPD00,139,90,278,35,47,129,718,763,1,14,12,5,0,41,22,33,9,122,1036,390,927,2353,415,47,5,928,294,11,13,402,238,544,128,672,38,138946,451980,922264,36102,37170,366959,1953421,5607395,0,0,166,1477,0,47889,9150,8358,2539,69579,19699,68910,1862400,1951009,9581403,314618,49615,962,926079,384501,2427,615,85831,186362,255613,44768,218897,14306,82815,734174,1988,5572002,886735,632830,1137608,9581734,18768,4285,7260,2057,2085,2370,0,5749564,30118,2607,18738,5837853,1,1.65636194790487
Seattle Police Department,2003-05-01,Washington,576296,WASPD00,181,115,278,40,59,106,779,796,3,14,4,4,2,42,12,53,14,131,1080,411,947,2438,409,78,13,926,343,17,16,389,247,510,147,657,35,114908,524492,450882,62420,47036,278216,1477954,5936144,0,0,0,288,20,42764,6339,37778,6524,93714,83860,73203,1619344,1776407,9284218,338592,85594,358,720247,333243,3916,2524,89715,202217,204605,32665,201611,12671,60696,423244,2153,5969528,890444,544991,941610,9284218,11891,7018,6881,0,2036,18813,0,5670721,26260,12984,14743,5771346,1,1.65636194790487
Seattle Police Department,2003-06-01,Washington,576296,WASPD00,161,104,262,23,55,100,705,855,1,18,2,5,4,25,20,35,10,101,1075,371,923,2369,413,54,16,932,326,6,15,352,255,597,161,758,42,92664,480810,745636,47574,64300,546061,1977045,6229976,0,166,0,485,459,18965,87804,5547,3447,116707,36321,68933,1574122,1679375,10003270,330678,45103,80,624914,379285,596,4071,105540,189108,160821,37543,301085,342693,88910,507749,3810,6254920,832039,595475,878225,10003270,18632,6963,1481,2402,732,3571,0,6417574,69778,10354,12481,6543968,1,1.65636194790487
Seattle Police Department,2003-07-01,Washington,576296,WASPD00,170,120,274,36,51,113,764,680,4,15,1,4,1,62,19,43,10,140,1042,406,950,2398,327,80,19,967,325,18,16,394,252,459,144,603,8,124635,473254,673793,62960,97687,236492,1668821,5048697,0,0,0,668,7,65030,11919,12845,5398,95867,30197,77115,1684376,1791688,8605074,260317,64818,222,822712,387541,3129,2211,77244,173494,235858,53176,184583,7305,54955,682347,1077,4977036,864137,681268,863332,8605074,12931,8777,2279,3566,2899,16747,0,5078074,45782,6352,18510,5195918,1,1.65636194790487
Seattle Police Department,2003-08-01,Washington,576296,WASPD00,111,110,272,21,82,108,704,638,6,19,5,5,2,48,28,50,8,146,1042,352,928,2322,348,72,20,982,305,18,20,318,239,386,129,515,20,132415,488547,622557,109731,43031,186818,1583098,4533908,0,331,828,1406,149,84314,9016,51331,8837,155880,29646,61953,1706083,1797681,8070899,294117,71757,815,794626,380705,1999,5138,91473,157051,165356,41436,255830,5776,128587,685868,5052,4614495,795907,506378,866214,8070899,15672,4419,1436,745,3538,1661,0,4307734,34799,5971,5925,4381901,1,1.65636194790487
Seattle Police Department,2003-09-01,Washington,576296,WASPD00,194,104,256,24,70,119,767,677,3,16,4,4,3,39,12,47,7,116,1106,394,917,2417,382,67,14,1058,272,4,12,388,220,450,150,600,19,167703,602369,716340,95837,24448,495574,2102271,4861954,0,0,1656,775,712,44675,8966,23794,20428,101007,13317,69975,1738625,1821917,8887149,285547,61501,369,869224,292227,222,82321,96182,134324,247124,39693,198631,15222,131830,599631,0,4922376,820055,850189,1062397,8887149,45094,3902,4977,3702,716,25949,0,5014801,37541,15123,27635,5179440,1,1.65636194790487
Seattle Police Department,2003-10-01,Washington,576296,WASPD00,189,97,237,24,66,144,757,676,4,10,5,4,0,47,24,38,15,133,1173,383,920,2476,340,61,12,1119,319,13,14,395,203,401,126,527,24,119636,559652,344540,79780,11800,303369,1418777,5049519,0,0,17,663,0,56455,10915,15118,7684,90851,22540,66894,1613204,1702637,8261784,279511,56510,93,770506,356206,1822,5047,99009,133933,267085,31236,219032,13016,7661,593958,2402,5120477,746728,523902,820558,8261784,19215,7422,1883,2981,971,2233,0,4576748,23464,9945,5290,4650153,1,1.65636194790487
Seattle Police Department,2003-11-01,Washington,576296,WASPD00,143,86,255,19,56,124,683,803,3,16,1,3,2,31,20,35,9,101,1053,391,924,2368,358,29,10,1143,264,7,16,383,158,485,208,693,19,132632,410663,807029,28940,21109,222618,1622991,6035193,0,7,1623,48,3,8848,110556,5453,7782,134313,3854,71391,1843294,1918539,9710970,271711,32190,5,1099261,229824,936,1476,46663,236474,261490,43908,182438,12252,101338,735589,0,5921825,960761,558108,933261,9710970,21566,12343,10011,3810,1290,106661,0,5899630,98345,22233,15532,6191421,1,1.65636194790487
Seattle Police Department,2003-12-01,Washington,576296,WASPD00,145,86,249,27,66,92,665,774,1,14,6,3,7,40,21,44,12,133,1163,385,811,2359,256,31,10,1121,288,11,6,398,238,462,154,616,11,126301,225759,537836,54975,55226,270358,1270454,5891423,0,99,166,472,3079,51516,6725,4982,15449,82389,24686,67470,1384927,1477084,8721450,229640,22576,35,765257,269846,787,1254,62032,125657,209695,50276,182634,10995,112863,340381,1656,5965222,674022,445616,728090,8721450,25066,3690,2249,1145,1999,3511,0,5309303,40033,5532,11957,5404485,1,1.65636194790487
Seattle Police Department,2004-01-01,Washington,575816,WASPD00,118,93,232,24,58,89,614,728,4,14,2,7,3,44,26,49,16,147,918,361,777,2056,229,18,12,927,309,10,12,335,204,552,165,717,16,226890,263015,563448,101580,34525,255544,1445002,5419448,0,0,1581,1276,52,69566,116,25154,14531,110988,10126,62170,1604275,1676571,8652009,242315,20342,15,946008,239826,1984,3930,60859,161293,251913,61415,189850,12212,41946,391499,887,5497050,767656,593566,844016,8652009,22981,2959,1689,2773,1424,1442,0,6110056,21699,6617,5441,6177082,1,1.61317347569046
Seattle Police Department,2004-02-01,Washington,575816,WASPD00,85,98,251,39,56,107,636,744,0,13,8,5,1,34,28,34,7,117,889,333,647,1869,234,19,9,800,258,4,10,328,207,476,151,627,12,240847,255230,435266,29013,28573,256533,1245462,5566487,0,8390,5646,1807,0,33552,6317,6306,30089,83717,8942,55917,1127737,1192597,8096653,197788,9381,489,512420,211771,681,879,77771,181417,157176,24490,217891,4436,79368,322265,1613,5707085,566319,414490,601519,8096653,21163,3380,2702,0,1349,9444,0,5328796,21859,10897,8095,5407683,1,1.61317347569046
Seattle Police Department,2004-03-01,Washington,575816,WASPD00,126,89,245,35,37,116,648,656,3,13,3,5,5,46,26,37,11,133,950,367,778,2095,291,31,9,831,313,12,10,402,196,425,155,580,23,178559,345384,509952,33054,35291,261479,1363719,4796081,0,0,4840,206,9068,43223,11460,10457,8058,87311,18698,65016,1638431,1722145,7969256,243152,26482,326,744823,233891,3399,4961,132548,332564,191593,26684,141101,18019,103888,548232,161,4853394,761050,588629,736504,7969256,19848,5127,958,5404,5120,86048,0,4885335,36837,40917,20207,5105801,1,1.61317347569046
Seattle Police Department,2004-04-01,Washington,575816,WASPD00,134,109,224,31,44,97,639,604,5,10,6,4,5,37,16,39,13,120,869,318,703,1890,240,39,7,779,260,6,20,353,186,370,157,527,12,170046,365147,786127,20018,31350,227425,1600113,4390195,0,0,7525,321,9611,42184,3220,20765,35272,118899,14988,55711,1314041,1384740,7493947,215089,29260,653,641428,268974,542,2786,88333,137675,220103,20954,169583,3783,91393,802246,0,4336291,615827,545917,687851,7493947,22747,4680,3060,807,513,1691,0,4439382,48008,12115,13472,4546475,1,1.61317347569046
Seattle Police Department,2004-05-01,Washington,575816,WASPD00,120,106,225,26,50,108,635,716,1,13,4,5,7,42,27,48,7,140,1014,356,810,2180,302,54,11,877,307,9,14,383,223,432,163,595,23,162645,209685,395016,68928,40610,168680,1045564,5112263,0,0,3026,521,436,27555,19721,6237,2581,60076,13983,70784,1228198,1312965,7530868,225770,57411,1947,604685,180362,1500,12846,76845,151598,152476,24956,174087,4769,49791,222371,323,5157766,556451,429682,758198,7530868,20787,7492,2149,1955,1450,48116,0,5154515,122664,5583,14256,5378967,1,1.61317347569046
Seattle Police Department,2004-06-01,Washington,575816,WASPD00,117,93,237,28,79,126,680,652,1,9,2,2,3,45,20,50,4,126,963,340,823,2126,267,81,17,792,300,12,15,406,236,381,152,533,21,138104,335939,582778,85921,55117,279632,1477491,4424085,8389,121,3065,65,16,61894,3602,11718,3605,83966,27385,59045,1893520,1979951,7974002,211127,90530,794,847886,608213,1492,1315,86419,132175,238940,23975,243086,11587,78257,587069,6727,4549794,778198,617873,838495,7974002,32939,7617,2692,323,3233,59389,0,4364757,37556,22534,19011,4550053,1,1.61317347569046
Seattle Police Department,2004-07-01,Washington,575816,WASPD00,125,122,240,27,55,131,700,686,1,18,2,2,2,35,18,46,9,114,988,356,843,2187,249,64,21,816,313,12,18,395,299,430,127,557,19,134276,306921,583722,102145,39671,402058,1568792,4949140,0,0,0,129,8,7817,5025,31071,11841,55892,11079,62678,1524397,1598155,8171979,226557,73136,3739,739735,294506,653,2991,72490,184347,227817,19666,351759,8332,103948,342656,5727,4950507,855960,556866,748742,8171979,16562,6490,5354,2379,1379,22417,0,4657071,42022,14680,8472,4776826,1,1.61317347569046
Seattle Police Department,2004-08-01,Washington,575816,WASPD00,134,93,259,49,64,152,751,851,2,13,10,7,1,41,25,44,14,142,1073,393,881,2347,293,85,19,925,295,15,21,415,279,537,169,706,21,115552,332491,517037,49736,104301,277011,1396127,6182616,0,8389,7259,1618,323,41165,4920,74835,12568,142688,39621,69497,1785491,1894609,9624430,189051,74458,3391,757248,501516,1666,7721,117707,241852,193439,14635,276795,6937,76310,612778,807,6160710,1091960,556437,633624,9624430,23126,4449,2823,565,12846,8413,0,5857756,74098,6130,55530,6045735,1,1.61317347569046
Seattle Police Department,2004-09-01,Washington,575816,WASPD00,129,75,231,39,42,89,605,804,0,4,5,5,3,40,22,47,6,128,1061,355,832,2248,287,61,14,918,272,17,11,401,267,512,170,682,31,104305,449057,425655,71418,32691,197544,1280671,5734575,0,32,0,177,308,40513,6343,13072,132,60546,13405,62707,1364208,1440320,8516144,200158,58474,976,690435,284830,3325,1965,68431,131727,209882,25283,196246,5223,58519,480427,807,5709263,705504,454763,670227,8516144,25374,9856,1291,3517,1281,4164,403,5690069,2976,13455,7395,5727032,1,1.61317347569046
Seattle Police Department,2004-10-01,Washington,575816,WASPD00,165,86,213,42,36,92,634,1089,4,5,8,4,7,44,19,69,5,156,1059,358,847,2264,293,38,8,965,292,11,169,373,268,691,187,878,21,91814,426404,576621,23888,36459,187539,1342725,8051355,0,0,807,1829,1073,15857,8003,32812,17337,77718,19031,61751,1638884,1719666,11191464,183052,28321,660,738450,409256,974,6861,82299,269794,219263,16330,211348,6533,136971,501752,4388,8073933,825967,516628,678349,11191464,29497,5132,3128,790,1213,7329,3226,7332067,193786,7361,13862,7597391,1,1.61317347569046
Seattle Police Department,2004-11-01,Washington,575816,WASPD00,163,65,208,20,45,95,596,895,2,13,4,3,4,43,21,43,7,125,1031,394,848,2273,245,33,9,1012,303,16,14,360,281,530,238,768,24,73306,446752,664173,49199,144371,267108,1644908,6846305,0,8630,0,226,571,20571,17329,33914,12841,85451,19731,68953,1438831,1527516,10112810,175168,32802,5223,738659,311359,2496,4220,90068,167520,467991,50473,260358,21045,122248,562951,2097,6589330,704928,567911,763478,10112810,12596,9295,1721,2821,1952,4843,0,6374939,40631,10557,9826,6469181,1,1.61317347569046
Seattle Police Department,2004-12-01,Washington,575816,WASPD00,136,91,190,34,67,78,596,828,1,20,9,2,0,37,27,48,17,140,1081,372,822,2275,279,23,11,986,341,22,17,367,229,552,204,756,-2,140065,292397,711022,21441,44607,210718,1420251,6051036,0,0,65,242,0,11074,5583,7869,12454,37287,11575,61881,1763055,1836511,9345085,222684,19940,1899,758263,621635,3996,2947,80560,124587,249108,30545,217094,1783,151238,685170,3226,6049723,730017,519453,707727,9345085,28072,5396,60046,1455,211,4881,807,6254514,28224,15745,6256,6405607,1,1.61317347569046
Seattle Police Department,2005-01-01,Washington,579215,WASPD00,106,62,181,24,56,102,531,977,2,15,9,7,2,44,21,37,15,135,1164,397,832,2393,313,30,8,1019,328,19,6,414,256,637,197,834,3,100993,291780,319067,73771,26009,267520,1079141,9455351,0,0,312,351,198,60665,6622,6324,3693,78165,12017,67039,1641120,1720175,12332832,215815,22870,175,710715,292175,2411,1365,126507,348142,230962,76030,85389,12129,31192,304956,78168,9433826,869012,436129,775038,12332832,25359,6918,5614,5539,646,12861,0,9091510,50017,18270,14197,9169177,1,1.56023853211009
Seattle Police Department,2005-02-01,Washington,579215,WASPD00,73,74,135,17,31,64,394,762,0,14,2,0,1,38,16,39,13,109,936,310,710,1956,257,33,12,804,269,14,6,323,238,416,151,567,5,39975,137413,281969,41605,15396,232457,748816,7397801,0,0,234,0,1389,57139,3507,12440,28273,102982,8839,51065,1239725,1299629,9549228,151749,34146,1439,610869,273703,1045,477,62782,163418,135850,9680,110772,12326,168780,262345,156,7449359,640316,294462,465182,9549228,15336,5258,638,468,2629,5373,0,6268414,23341,13934,10351,6345743,1,1.56023853211009
Seattle Police Department,2005-03-01,Washington,579215,WASPD00,109,59,176,27,40,89,500,827,2,13,8,5,2,43,21,38,11,128,1115,358,946,2419,292,73,13,1073,297,5,6,392,268,493,206,699,1,112905,288413,502562,56183,38791,194471,1193325,7945936,0,0,624,520,287,66510,9112,65752,34606,177410,36809,59284,1921056,2017150,11333821,247763,75973,877,925956,363997,1908,257,97640,302778,149920,21029,186745,11663,164992,349634,4057,8082504,894488,704772,764018,11333821,16946,7328,7012,1133,1123,7492,4057,7688854,122777,16944,9020,7882685,1,1.56023853211009
Seattle Police Department,2005-04-01,Washington,579215,WASPD00,126,65,165,31,41,109,537,867,3,7,8,10,0,43,19,40,13,133,1124,398,976,2498,294,39,7,1165,340,19,15,354,265,584,169,753,5,91597,215077,348935,55370,38717,223089,972785,8112866,0,0,0,1058,0,24990,21126,19253,1602,68030,12568,67799,1973031,2053397,11207078,203917,40975,1292,966245,487849,5842,6795,85077,255406,176070,47160,149488,6448,67805,412897,468,8116361,890781,592856,746744,11207078,11477,12337,3653,3298,2099,2969,468,7997939,82984,13895,15102,8146221,1,1.56023853211009
Seattle Police Department,2005-05-01,Washington,579215,WASPD00,102,83,197,23,59,101,565,844,4,9,3,5,1,37,25,46,11,128,1138,450,986,2574,303,63,10,1173,332,19,14,401,259,563,186,749,9,112957,360273,333028,60562,73035,243368,1183222,8385106,0,0,0,1404,0,63226,39248,20698,28818,153393,13201,75157,1625491,1713849,11435570,179593,46667,2606,1064097,249701,5308,944,78411,86523,202006,24979,279807,9400,62954,335587,4845,8399700,786778,586888,742625,11435570,20711,9581,195,545,576,5071,0,8346090,66192,8956,22397,8480313,1,1.56023853211009
Seattle Police Department,2005-06-01,Washington,579215,WASPD00,127,93,175,17,47,87,546,853,7,12,0,3,3,39,16,61,10,132,1073,382,936,2391,235,80,15,1094,340,13,15,319,280,554,164,718,12,231945,442452,368357,37686,28381,187350,1296171,8484680,0,0,0,86,1148,82836,5171,18554,28958,136753,11856,89534,1882049,1983439,11901044,108752,96496,1307,884526,411474,7467,6065,68772,398580,320280,17642,144441,13729,62792,405888,780,8698330,1072558,639150,525456,11901044,15247,6420,2631,5773,1155,19824,0,8398140,139325,2496,10056,8601066,1,1.56023853211009
Seattle Police Department,2005-07-01,Washington,579215,WASPD00,138,115,244,21,41,79,638,830,2,8,6,2,4,36,17,49,18,132,1065,396,836,2297,200,55,7,1056,324,12,11,340,292,548,162,710,4,139922,242904,511346,67546,22266,227842,1211826,8488298,0,140,1144,284,29200,35520,20052,40540,22641,149380,49641,65541,1421458,1536640,11386285,148148,52235,780,715035,314775,1591,4284,81301,218490,163179,101896,235947,8059,66973,277999,1685,8612205,804657,597330,516356,11386285,15009,4185,804,3526,23,431,1326,8313575,47219,3868,4233,8394199,1,1.56023853211009
Seattle Police Department,2005-08-01,Washington,579215,WASPD00,132,97,189,22,54,113,607,816,1,8,4,2,4,55,17,53,5,140,1035,367,937,2339,204,70,18,1109,306,17,18,294,303,538,166,704,7,142192,713029,415955,84671,54739,288635,1699221,8567498,0,0,6241,23,11702,18943,588,19133,3518,60149,19670,62463,1697775,1779908,12106775,157143,59525,1298,844499,424663,1930,5280,106727,178844,194751,56404,185804,9149,59871,742513,390,8670246,918121,683542,585985,12106775,24649,4531,3958,4871,573,4657,0,8429501,44056,19097,6656,8542549,1,1.56023853211009
Seattle Police Department,2005-09-01,Washington,579215,WASPD00,159,94,225,25,57,98,658,704,0,19,4,3,4,47,20,52,14,144,928,366,775,2069,207,53,30,936,286,21,15,289,232,469,170,639,4,79001,493237,573388,99957,44766,283576,1573925,7281126,0,0,156,278,1618,44813,1908,46283,3089,98145,15119,61253,1478154,1554526,10507723,194964,39994,3969,770249,315666,3447,2276,85354,138607,197261,59376,253820,5019,29200,481213,780,7387417,736556,769193,587887,10507723,12939,10394,2278,3776,267,9541,0,7722401,42204,18640,12771,7835211,1,1.56023853211009
Seattle Police Department,2005-10-01,Washington,579215,WASPD00,141,80,170,23,60,97,571,629,3,8,2,6,4,52,30,48,8,150,977,340,859,2176,226,37,18,936,298,20,14,363,264,419,138,557,4,159803,400413,544155,57755,22377,396001,1580504,6697599,0,0,190,1507,259,25441,14641,7503,3924,53466,86476,57258,1380429,1524163,9855732,146469,34703,2106,757798,280144,4255,1008,94320,203360,199570,36648,184971,9077,86539,449717,468,6813406,837079,678058,560199,9855732,24953,8235,701,2730,2993,1106,0,6633666,25057,6258,27069,6732768,1,1.56023853211009
Seattle Police Department,2005-11-01,Washington,579215,WASPD00,134,75,197,21,56,102,585,768,1,18,9,7,3,39,20,42,21,141,955,327,778,2060,258,32,14,955,294,18,10,265,214,464,180,644,7,150465,405114,750930,51073,200194,198587,1756364,7952380,0,134,0,1381,234,11739,3277,51357,6800,74787,34158,56141,1384120,1474419,11258084,161879,24387,941,810311,246483,2897,1766,62458,163296,516503,42339,224278,8683,55691,523527,1248,8130715,635597,602572,516930,11258084,173199,2543,3734,3214,5055,14211,0,7668728,58347,21255,19400,7969686,1,1.56023853211009
Seattle Police Department,2005-12-01,Washington,579215,WASPD00,139,66,237,27,61,99,629,686,0,7,3,6,7,42,13,51,13,135,901,342,732,1975,188,23,20,810,276,14,12,364,268,508,203,711,6,323430,570298,700742,241150,24869,329948,2190438,7364742,23404,0,6241,755,3060,77652,8205,19168,26343,141423,114,55413,1636994,1681017,11401023,122518,22864,1228,613573,413366,5495,5664,260905,235404,240185,52563,187272,7466,148797,573264,16,7481344,1166405,784649,759235,11401023,23820,10527,1490,8633,4286,68811,0,8503612,81557,13892,13544,8730173,1,1.56023853211009
Seattle Police Department,2006-01-01,Washington,583772,WASPD00,129,59,200,22,57,108,575,662,2,13,1,0,1,33,19,44,17,115,852,321,667,1840,334,27,14,528,300,22,6,315,294,390,173,563,2,99283,248149,407669,67536,32178,263619,1118433,6798594,0,0,0,0,23,39129,15623,33862,17562,106198,76378,52906,1077388,1206673,9229897,158804,27527,1982,517311,196207,11430,1239,60415,231758,128179,49309,205130,11972,64546,211997,3174,7023087,563037,511507,457957,9229897,16058,6347,2225,756,37938,5748,0,6502232,72361,15367,9426,6668457,1,1.51147906246125
Seattle Police Department,2006-02-01,Washington,583772,WASPD00,129,80,212,21,67,101,610,731,1,7,8,0,1,35,21,38,6,109,817,302,660,1779,277,32,19,656,239,22,8,279,247,443,153,596,2,146094,228685,638370,146701,6242,186062,1352154,7364354,0,1360,333,0,0,27542,9805,30518,1035,69233,30059,49170,1305197,1384426,10171527,135654,22574,1221,776745,210990,4856,809,68919,162658,151270,32789,155835,8863,126065,455823,1511,7426652,441713,858197,512809,10171527,23266,3281,553,5529,352,3989,0,6729861,29687,8280,7730,6812528,1,1.51147906246125
Seattle Police Department,2006-03-01,Washington,583772,WASPD00,162,88,222,23,47,87,629,685,6,15,12,3,3,42,23,35,10,128,857,333,751,1941,284,34,13,672,275,9,10,381,263,448,172,620,3,153817,650270,516666,71792,13605,230481,1636631,7166252,0,127,4761,142,1424,25465,15230,44554,704,84526,61711,57956,1530682,1650349,10536481,172949,32541,135,645081,467290,3351,2222,87057,239724,137194,24516,159609,6545,184450,451160,1428,7291375,947264,667514,665426,10536481,13387,4858,1620,2192,76679,33106,0,7210964,89214,14556,12311,7458886,1,1.51147906246125
Seattle Police Department,2006-04-01,Washington,583772,WASPD00,112,80,227,21,49,87,576,627,1,10,9,3,1,31,17,42,10,113,779,275,644,1698,204,50,10,553,230,18,17,338,278,387,113,500,2,100255,315019,504157,108533,16114,271960,1316039,6313492,0,0,2949,224,402,52211,2577,83805,5091,147259,12863,43907,1045656,1102426,8879215,106611,62004,15,439060,236867,3334,1871,67788,184875,140888,19802,152064,11241,66466,308638,302,6420007,712436,509166,538206,8879215,18546,7334,1227,0,676,8422,0,5853203,16025,6874,32489,5944795,1,1.51147906246125
Seattle Police Department,2006-05-01,Washington,583772,WASPD00,141,76,200,15,37,73,542,566,1,12,9,5,3,38,22,54,9,140,861,327,723,1911,251,59,6,535,287,21,17,391,344,355,94,449,4,138269,423515,427773,49415,13043,193016,1245029,5864129,0,0,0,842,1540,57287,5207,35440,5933,106248,58342,54685,1357403,1470430,8685837,141491,78134,266,518462,459994,4696,4332,64218,198837,135441,19619,150623,8495,45349,382365,1451,6042138,663145,503620,733592,8685837,19755,10530,1502,0,1732,2319,0,5496796,31904,25224,17591,5607353,1,1.51147906246125
Seattle Police Department,2006-06-01,Washington,583772,WASPD00,143,70,196,20,55,88,572,479,4,16,13,4,1,40,15,56,10,139,861,339,720,1920,304,44,3,553,283,20,12,376,325,312,104,416,2,97235,363574,411210,29167,20682,244213,1166080,5103090,0,0,6197,506,0,29741,10698,36505,4778,88426,102784,52743,1225332,1380859,7738455,157750,35766,9,563819,288898,2709,3015,75042,253850,138569,33023,196039,18729,36711,502902,14377,5173037,616965,473581,534522,7738455,12266,11533,2861,3144,1443,8541,0,4823432,83571,5407,123709,5075906,1,1.51147906246125
Seattle Police Department,2006-07-01,Washington,583772,WASPD00,134,99,235,28,69,104,669,644,3,10,5,7,9,47,24,57,12,161,920,347,835,2102,224,95,5,780,272,36,10,336,344,429,154,583,11,175514,390208,727298,161870,22838,192396,1670125,6884013,0,0,0,877,1372,79667,3764,23727,5109,114516,67116,55328,1375085,1497528,10166182,139801,91417,647,674044,244025,6826,2650,60305,277813,147749,62726,204863,9333,216423,561598,4686,7040016,703489,672478,542822,10166182,19563,7530,15621,2025,896,7689,1511,6884409,63254,315610,8186,7326296,1,1.51147906246125
Seattle Police Department,2006-08-01,Washington,583772,WASPD00,141,101,226,43,66,126,703,638,1,12,4,3,4,68,24,59,8,170,946,365,908,2219,278,106,6,794,294,19,18,355,349,395,128,523,10,129076,402440,566439,78464,47680,394975,1619074,6509874,0,0,3413,50,171,59800,60192,14305,11131,149061,28411,58053,1731968,1818432,10096440,150438,83409,0,673586,248495,2709,14462,89764,555570,215340,52742,185658,2317,31596,492642,2645,6567377,1233680,613014,699429,10096440,18109,9309,2604,3665,1069,6440,0,5882677,32587,7704,123603,6087768,1,1.51147906246125
Seattle Police Department,2006-09-01,Washington,583772,WASPD00,212,106,235,32,64,117,766,689,4,9,4,3,4,48,25,58,17,159,859,305,885,2049,266,82,10,765,271,24,11,287,333,412,163,575,4,219657,605217,763796,104448,29627,306068,2028813,7090575,0,0,2207,33,540,19853,10972,31221,17851,82676,67583,50367,2160697,2278647,11480711,146432,74218,3974,907530,755632,6849,467,79192,304353,228147,28145,427628,12719,53083,563523,1436,7221091,972525,1307998,664416,11480711,21679,3632,3212,2205,0,6870,0,6564580,82855,6951,10012,6701996,1,1.51147906246125
Seattle Police Department,2006-10-01,Washington,583772,WASPD00,195,77,217,7,53,103,652,787,3,10,5,2,4,42,26,51,18,148,944,344,1003,2291,400,93,6,845,301,21,13,319,293,536,157,693,4,79794,650024,695241,101620,706,322090,1849474,8301595,0,0,6802,453,47037,42465,7527,13491,51194,168970,21189,53919,1773934,1849042,12169081,199574,113087,77,1079006,100205,2993,4054,67364,282683,229190,45449,180078,4081,81050,848881,2539,8362258,1321080,386094,708382,12169081,9828,3886,978,2645,1066,713,0,8141020,52918,32792,36158,8282003,1,1.51147906246125
Seattle Police Department,2006-11-01,Washington,583772,WASPD00,167,78,236,13,43,79,616,750,0,6,4,6,3,35,23,52,14,137,810,339,848,1997,294,36,7,888,233,11,13,258,257,498,148,646,6,188300,390197,544900,79282,15056,121422,1339157,7641898,0,0,4232,494,15,19593,5837,11759,12364,54295,36183,56626,1636300,1729109,10764459,131893,29778,45,861487,348326,2533,3726,99974,251347,214340,25351,181382,7482,56534,493382,2040,7765224,692173,710025,616528,10764459,15233,4881,3410,1678,0,12006,0,7562988,43163,4079,22124,7669561,1,1.51147906246125
Seattle Police Department,2006-12-01,Washington,583772,WASPD00,137,67,227,28,40,96,595,889,4,9,5,7,2,44,25,56,9,148,927,330,876,2133,243,25,8,980,280,17,17,326,237,660,196,856,8,190182,584143,942185,89604,74929,130831,2011872,9336034,0,0,3023,290,22675,6657,12433,54796,5190,105064,51239,53791,2316142,2421172,13874143,148383,21959,91,1602729,210960,2530,7527,140487,286475,316452,36055,245871,9861,101382,594531,5139,9474707,1587945,270512,778244,13874143,48426,4755,2068,3476,331,52436,0,9896432,55604,23292,43139,10129960,1,1.51147906246125
Seattle Police Department,2007-01-01,Washington,585118,WASPD00,167,72,239,25,41,73,617,764,1,8,3,5,1,50,16,54,12,141,877,291,721,1889,220,21,4,836,247,18,16,262,265,471,136,607,5,54979,307262,466269,23558,347,173014,1025429,7923827,0,0,6466,1096,11022,42658,6235,25406,14804,107688,59411,44548,1174229,1278189,10335133,76030,15673,7,647247,208680,4917,2601,52723,270309,160762,13595,155246,6639,61710,248824,7348,7953979,826829,470676,429525,10335133,14266,6631,9418,1352,7639,4866,7348,7221405,22318,5849,7659,7308751,1,1.46955740283082
Seattle Police Department,2007-02-01,Washington,585118,WASPD00,125,70,167,25,49,79,515,534,0,6,1,3,5,32,18,39,9,107,681,264,577,1522,156,27,4,558,212,15,16,295,239,358,129,487,2,40711,449078,530604,71390,48551,229125,1369459,5270222,0,0,2401,658,123,24365,172555,41574,11884,253562,36114,40714,1013858,1090686,7983929,83843,28598,1,396426,273599,75760,5182,60822,166455,147898,43810,132863,33380,59566,671588,2204,5339637,592862,496527,463595,7983929,17116,3902,779,2381,2717,3390,0,5633353,46823,65460,17513,5793433,1,1.46955740283082
Seattle Police Department,2007-03-01,Washington,585118,WASPD00,156,68,178,18,27,68,515,633,3,10,6,1,0,28,26,57,5,123,808,298,712,1818,170,32,6,716,239,16,14,349,276,405,123,528,4,105760,394683,359828,228550,22283,117644,1228748,6303689,0,0,1910,0,0,47459,15330,17222,1558,83480,58443,46270,1402328,1507041,9122958,78194,21952,0,689387,328931,2804,2750,61023,322001,150174,18095,208304,4877,69057,560156,6025,6421966,779785,438901,465618,9122958,16362,2785,6356,5327,30047,1959,588,6196546,38661,10625,785,6310040,1,1.46955740283082
Seattle Police Department,2007-04-01,Washington,585118,WASPD00,119,59,139,21,28,75,441,514,2,9,5,3,5,19,13,39,15,99,777,314,781,1872,229,32,5,769,211,14,11,317,284,339,121,460,4,74508,505487,455566,26527,14341,150096,1226525,5205158,0,73,2594,1179,745,3427,1110,15153,10540,34746,18308,50692,1254940,1323940,7790443,141402,28972,78,687396,217076,4409,3956,56560,184091,201826,21085,168095,13530,114133,411428,522,5241176,592789,531586,500011,7790443,15236,6178,4966,7032,2141,23871,0,5364472,18112,11799,9202,5463011,1,1.46955740283082
Seattle Police Department,2007-05-01,Washington,585118,WASPD00,117,59,148,25,32,63,444,514,3,8,4,4,3,41,16,65,8,141,891,302,756,1949,178,36,9,820,242,15,11,334,304,383,79,462,6,53686,235087,332764,14647,32995,214520,883698,5471318,0,184,0,749,0,28690,4259,14534,20397,68630,49802,47073,1369491,1466366,7890195,90132,27400,35,725688,229252,1722,3070,51855,337211,145852,11526,128216,3211,33015,302300,1969,5525536,657934,715375,365261,7890195,16685,3984,4131,2219,1621,1018,1176,5391071,38738,6100,7220,5473963,1,1.46955740283082
Seattle Police Department,2007-06-01,Washington,585118,WASPD00,126,63,143,23,57,90,502,407,5,5,3,2,1,42,13,59,7,127,1004,307,842,2153,295,77,10,863,225,18,12,341,312,282,103,385,2,128614,427879,388848,36839,52784,304630,1339594,4301652,0,0,0,28,1,549157,33900,32467,1420,616973,62744,44445,1422683,1529872,7788091,120576,81186,97,769795,233416,6371,3014,63851,251553,155730,53846,253271,8146,74626,813593,2572,4456433,703435,744692,521749,7788091,14619,5742,1436,2172,854,1966,0,4661730,32020,14496,7652,4742686,1,1.46955740283082
Seattle Police Department,2007-07-01,Washington,585118,WASPD00,114,63,178,22,52,91,520,460,4,14,6,2,-1,49,20,52,9,137,836,332,850,2018,178,78,6,851,219,23,13,342,308,311,97,408,1,56744,327317,771379,72465,17251,446211,1691368,5175749,0,0,7107,7,-18,123651,5872,75566,14496,226682,64231,50115,1810196,1924543,9018342,123832,71588,188,840271,356352,5262,2583,67207,457259,193109,33443,155970,12434,50156,903700,1910,5323472,1134044,685039,525066,9018342,16253,7931,2550,0,423,2861,1176,5146684,69917,12665,363,5256827,1,1.46955740283082
Seattle Police Department,2007-08-01,Washington,585118,WASPD00,130,65,180,20,44,65,504,413,2,11,3,3,1,30,26,52,12,127,807,250,821,1878,162,68,9,779,207,20,13,321,299,244,108,352,8,67425,310867,602643,77803,19946,489285,1567969,4680975,0,0,3503,1552,0,50556,4115,10534,3433,73692,88041,39675,1714854,1842571,8165208,95521,81305,38,985957,255628,2639,2589,67741,351152,233582,39133,167890,5862,42533,480830,749,4767979,1246185,758199,422266,8165208,17104,7671,2722,1881,533,19795,0,4447163,52529,11088,7720,4568206,1,1.46955740283082
Seattle Police Department,2007-09-01,Washington,585118,WASPD00,112,57,151,16,36,62,434,457,1,1,4,5,4,45,12,48,4,122,850,308,822,1980,180,50,14,852,208,11,8,350,307,267,97,364,11,42264,541973,493949,46109,37990,197282,1359567,5037803,0,0,0,445,265,55646,4482,80521,294,141654,48263,46103,1594639,1689005,8228028,70903,43602,341,960237,231579,2373,478,73759,305734,207174,20525,187261,12857,75701,400522,0,5036908,858983,793551,634546,8228028,19383,4869,17266,3527,769,1956,0,4431450,54882,8753,4713,4547567,1,1.46955740283082
Seattle Police Department,2007-10-01,Washington,585118,WASPD00,141,64,166,22,44,85,522,411,1,3,5,5,1,59,19,44,8,141,717,295,727,1739,149,35,6,761,201,22,13,295,257,241,76,317,4,53129,471744,495541,78948,43902,572831,1716093,4074793,0,73,2213,514,0,30442,1847,35723,632,71372,29681,45371,1537842,1612894,7475226,68426,31695,2024,826115,333490,4945,3565,106863,235771,156573,28283,152459,5396,58309,547326,125,4310947,904169,794898,516740,7475226,24847,4532,5928,1909,238,7558,125,3754719,27297,15404,8147,3850705,1,1.46955740283082
Seattle Police Department,2007-11-01,Washington,585118,WASPD00,135,37,181,12,37,55,457,360,0,10,1,1,2,59,7,18,3,91,696,243,685,1624,125,38,7,733,176,13,15,295,222,223,72,295,3,51733,563852,800995,65372,42173,155488,1679613,3774347,0,0,0,0,22043,90769,2441,7820,3151,126223,23015,37067,1685887,1745968,7326151,58862,33834,144,721244,507591,4973,4830,63486,351004,273864,23732,415711,7554,232995,674403,2425,4004544,597431,577596,515895,7326151,23479,7452,2132,3160,4910,39791,220,3657361,40445,16537,13774,3809262,1,1.46955740283082
Seattle Police Department,2007-12-01,Washington,585118,WASPD00,133,49,181,26,45,81,515,315,2,5,2,5,1,95,17,34,12,166,759,300,691,1750,159,22,6,728,184,17,14,375,245,237,72,309,4,188668,438176,727272,72427,50137,267606,1744287,3829329,0,18,62,1706,404,81990,6012,4157,989,95320,25357,45731,1465482,1536571,7205322,84508,32908,273,960595,157995,6637,3806,74895,214954,258090,64270,214538,11909,94410,531699,0,3879632,744222,828945,577608,7205322,21009,5210,210,1102,2541,28733,0,3951272,21820,20869,10684,4061128,1,1.46955740283082
Seattle Police Department,2008-01-01,Washington,598077,WASPD00,121,65,159,19,50,115,529,343,4,10,2,1,0,60,26,9,8,106,651,240,727,1618,148,23,5,727,122,23,6,312,252,252,19,271,3,99838,446153,582963,105184,27508,390826,1652471,3837510,0,0,3,14,0,68600,9120,10607,19304,107648,23864,106576,1455646,1586086,7183714,108064,30883,903,788450,159415,7479,1519,120831,368542,137723,8660,330465,42989,49843,386947,0,4009930,647403,953345,616410,7183714,16250,2433,1087,1049,3893,19747,0,2850549,24672,15481,10167,2945326,1,1.41522547733228
Seattle Police Department,2008-02-01,Washington,598077,WASPD00,118,36,103,15,53,77,402,387,2,6,5,3,2,59,16,9,5,99,649,241,688,1578,140,33,2,579,136,12,12,349,315,288,50,338,14,94292,531576,400304,124499,29727,285802,1466199,4125234,0,226,4249,184,17,11504,4752,938,26015,47659,30055,113568,1167102,1310725,6950044,103576,38363,4,621595,111067,14380,3077,71976,346688,158323,22867,236940,6547,37873,454752,0,4270171,634535,582355,545681,6950044,19844,2356,74,0,5719,6520,0,3691480,28663,6855,88805,3850316,1,1.41522547733228
Seattle Police Department,2008-03-01,Washington,598077,WASPD00,149,32,129,23,39,90,462,305,1,7,1,2,1,73,18,12,5,112,653,319,852,1824,149,31,6,789,132,22,5,347,343,261,66,327,6,37733,653458,517978,114979,28145,237582,1589874,3452978,0,0,0,108,3,24142,38020,5405,447,68125,36131,129782,1457084,1622996,6733973,91024,32567,301,762058,165363,7656,5136,103566,455323,187633,20417,293563,7202,33773,416801,0,3662922,839103,769209,503349,6733973,8187,3418,249,1,735,1724,0,3580526,22059,28044,18360,3663303,1,1.41522547733228
Seattle Police Department,2008-04-01,Washington,598077,WASPD00,177,43,141,19,38,89,507,225,4,16,2,6,3,97,16,10,13,147,657,298,868,1823,166,24,3,792,138,14,10,355,321,216,25,241,15,52114,853371,682443,41506,19922,247730,1897086,2606995,0,21385,14779,20160,301,82668,4333,5674,20686,148602,33159,144620,1706046,1883825,6557893,129940,30020,284,928916,163509,3968,1606,94483,531097,183478,11019,314303,19185,40887,684996,0,2782827,978089,937585,605523,6557893,11064,5484,13024,0,1991,3429,0,2807813,19223,5614,8971,2876614,1,1.41522547733228
Seattle Police Department,2008-05-01,Washington,598077,WASPD00,149,69,124,28,45,128,543,263,2,18,1,4,0,89,18,8,9,129,688,316,984,1988,143,58,1,874,128,14,3,398,369,241,15,256,17,158576,496528,393191,71098,45954,418025,1583371,2951945,0,1,1,252,0,76240,25876,6790,2419,111578,39285,146092,2004797,2190175,6837070,98536,102639,10,1197995,149561,3916,13569,87407,536540,179831,25485,345161,4417,46937,494413,0,3094559,1310187,871319,464760,6837070,9717,5798,3385,708,647,30536,0,2768187,158892,5381,8121,2991371,1,1.41522547733228
Seattle Police Department,2008-06-01,Washington,598077,WASPD00,165,73,140,24,57,139,598,277,2,8,3,5,1,68,12,13,12,114,676,312,969,1957,178,47,2,886,124,14,8,340,358,237,37,274,6,89316,458534,467980,69280,59570,417970,1562650,3061794,0,691,2632,442,1,91961,2194,11383,15202,123815,34534,137410,2235111,2407055,7156004,169008,46136,11,1449430,116658,2730,15576,101333,506172,260778,30427,275897,8820,22399,437947,1415,3414367,1063321,903462,737171,7156004,9437,5381,1753,0,989,1703,0,3060432,31493,24411,18207,3153806,1,1.41522547733228
Seattle Police Department,2008-07-01,Washington,598077,WASPD00,142,84,154,26,78,115,599,292,3,12,5,2,0,94,9,10,13,133,720,357,929,2006,152,66,1,846,171,16,6,361,387,224,61,285,14,197083,359992,328583,84691,36667,307986,1315002,3210360,0,0,6664,1169,0,124480,7082,17298,42169,198863,40508,141326,1731340,1913174,6637399,152461,76520,1,902076,317260,5014,1867,76442,381533,165481,41333,267287,20526,16591,336601,2123,3557401,777189,996145,456722,6637399,20780,14104,684,0,1067,4810,0,3129930,34188,8360,8930,3222852,1,1.41522547733228
Seattle Police Department,2008-08-01,Washington,598077,WASPD00,140,67,140,31,53,128,559,343,2,11,4,2,0,99,16,10,7,138,632,299,948,1879,124,62,0,815,161,27,12,294,384,234,69,303,14,96012,316545,355507,149170,88694,444368,1450296,3784921,0,10826,3398,25,0,64328,991,1398,31415,101555,33745,144803,1726695,1905243,7252842,94788,64028,0,939178,220031,6516,5689,63013,512002,170304,15849,257850,13711,106019,371926,0,4141009,877332,848797,450046,7252842,11659,2740,756,215,781,8980,0,3463402,37423,11845,46596,3584397,1,1.41522547733228
Seattle Police Department,2008-09-01,Washington,598077,WASPD00,182,51,149,22,70,134,608,370,1,12,4,4,1,86,25,15,10,145,642,255,1000,1897,202,57,3,954,141,22,5,181,332,305,92,397,18,68460,429041,386930,83617,45863,277492,1291403,3975909,0,113,2189,715,173,69278,8176,6132,7955,94618,31835,133427,1853965,2019228,7381271,138974,59670,34,1181810,165041,3111,1746,65754,403089,170980,41915,236904,5072,21568,218678,0,4239318,1274149,744628,428059,7381271,11466,5451,1044,0,463,9595,0,4472826,39621,18013,10381,4568860,1,1.41522547733228
Seattle Police Department,2008-10-01,Washington,598077,WASPD00,211,49,146,21,59,116,602,402,3,28,6,9,4,111,17,13,10,170,742,323,1053,2118,213,43,1,1012,139,26,10,291,383,270,95,365,26,31126,584662,278273,68655,30350,246579,1239646,3995206,0,19931,5269,743,112,56743,3973,2542,13668,83050,37607,147169,2171579,2356355,7694186,179509,54248,1,1341143,195232,4307,2312,88440,491162,182857,46295,368144,11886,40232,428526,283,4195617,1164800,803554,451992,7694186,17167,2971,5501,1,211,1967,0,3966880,54861,17025,10197,4076781,1,1.41522547733228
Seattle Police Department,2008-11-01,Washington,598077,WASPD00,141,60,141,19,69,129,559,352,3,3,2,8,1,119,33,7,14,184,692,371,968,2031,175,38,4,945,124,29,8,331,377,246,87,333,9,73930,403508,688063,25256,56654,607362,1854773,4006222,0,0,10475,405,0,66197,12629,860,16677,107244,36476,138998,2953501,3128974,9097214,149935,40376,379,801405,94895,7628,5174,83062,1946119,147959,20405,291326,11725,31085,356774,0,4231278,2461112,1135910,409640,9097214,10058,7203,4183,459,815,29997,0,3990230,46896,18992,3395,4112229,1,1.41522547733228
Seattle Police Department,2008-12-01,Washington,598077,WASPD00,129,64,132,27,64,119,535,116,2,-5,3,7,3,81,26,9,6,135,749,362,812,1923,145,25,1,899,119,27,9,420,278,187,55,242,11,68476,342663,294388,45273,50599,208028,1009427,695910,0,6,6255,964,1121,29611,18597,14803,4749,76101,38415,145730,1741860,1926004,3707380,119604,36613,57,1296106,183829,6673,6029,65655,211439,278487,26020,633967,8733,28239,378543,0,724107,864677,524480,240126,3707380,11199,4919,538,3041,541,546,0,656526,16036,5951,8348,615813,1,1.41522547733228
Seattle Police Department,2009-01-01,Washington,602531,WASPD00,123,54,151,26,69,145,568,256,2,10,8,8,1,102,17,11,11,158,837,363,961,2161,233,21,3,1017,129,32,11,390,325,210,65,275,35,71245,332715,564487,47922,67310,429511,1513190,2979448,0,0,10519,27164,0,147023,8280,2623,2166,197775,43051,160164,3137872,3341088,8031500,124795,18782,36,897025,134026,4829,4247,151031,2006319,196143,1442679,409657,18512,58243,680403,0,3274168,845430,773517,332749,8031500,23915,4561,12456,4,2268,3065,0,3337652,48136,9796,15437,3457289,1,1.42027521282265
Seattle Police Department,2009-02-01,Washington,602531,WASPD00,135,43,104,25,45,90,442,247,3,9,6,4,3,87,14,6,13,133,714,283,733,1730,132,29,6,755,131,17,3,362,295,202,47,249,12,96350,259284,242420,58504,34131,133294,823983,2818586,0,1,17305,16,2037,32341,2645,544,76466,131353,30539,99432,1297708,1427679,5201602,118354,28917,1,566353,142089,3129,1802,108347,458686,156012,18385,289773,5928,22537,401986,0,2888279,651922,541234,225545,5201602,23584,6445,2782,639,2724,8245,0,3002469,24410,2210,11094,3084602,1,1.42027521282265
Seattle Police Department,2009-03-01,Washington,602531,WASPD00,169,53,103,20,94,95,534,205,0,7,1,6,2,76,27,15,11,138,756,343,901,2000,119,36,3,945,151,29,4,397,316,169,60,229,15,118726,424330,237426,94137,16112,152815,1043546,2464628,0,0,1505,362,284,72106,14730,2147,15840,106975,34393,141251,1613710,1789354,5404502,60373,30698,85,878359,169724,5509,893,83862,559850,190656,46419,363852,17621,27296,373221,852,2651448,791272,624011,317853,5404502,10291,5104,3373,0,1667,10428,0,2797951,68636,16911,8184,2922546,1,1.42027521282265
Seattle Police Department,2009-04-01,Washington,602531,WASPD00,159,63,132,24,57,110,545,181,1,7,4,4,1,99,24,10,8,150,692,330,900,1922,121,40,1,898,137,32,5,369,319,152,58,210,13,95136,432227,286337,54970,75907,303166,1247743,2142150,0,0,1879,432,5095,64880,9556,2774,5795,90409,32655,121593,1274759,1429007,4909309,124743,32165,1,740063,151908,12983,3166,95022,268956,133147,19455,260510,17655,40234,287028,0,2370661,763774,676006,340840,4909309,17058,6084,980,1,1003,7510,0,2320020,38749,18510,3274,2413190,1,1.42027521282265
Seattle Police Department,2009-05-01,Washington,602531,WASPD00,113,49,116,26,61,104,469,230,1,6,1,3,1,112,18,12,21,168,758,351,930,2039,147,41,3,1003,140,29,6,385,285,173,54,227,14,202558,329086,285224,60646,32331,322439,1232285,2563068,0,0,43,1706,3,41515,31458,2850,58254,135828,34395,150731,1488197,1673323,5604504,101550,29890,70,989768,150866,7982,1072,77152,314973,150677,20908,292256,15522,63036,291179,426,2942813,828393,636570,362724,5604504,13112,7137,599,6,60,4426,0,2353397,28817,14458,7304,2429317,1,1.42027521282265
Seattle Police Department,2009-06-01,Washington,602531,WASPD00,180,72,100,43,38,88,521,244,1,16,7,5,1,111,21,11,5,161,729,335,967,2031,144,71,1,961,148,28,9,345,324,212,60,272,18,194177,372657,321968,177560,108248,165304,1339915,3126994,0,0,10719,5687,114,33942,29364,4654,2140,86620,33420,140533,1627020,1800974,6354503,124994,75911,1,997481,189973,7336,2929,62360,339990,159548,17580,237763,10756,20583,472536,0,3338162,951516,714123,431937,6354503,21513,5194,967,3,2326,63013,0,3171483,105295,13017,2775,3385587,1,1.42027521282265
Seattle Police Department,2009-07-01,Washington,602531,WASPD00,188,76,145,46,48,96,599,274,4,9,3,6,0,93,15,12,12,141,787,366,948,2101,120,65,0,988,126,27,4,375,396,211,56,267,19,104453,400445,526693,49921,39756,203190,1324459,2925543,0,0,2210,179,0,42131,4313,24058,9581,82473,35961,132164,1564906,1733031,6065505,119293,75249,0,797212,311231,8245,3210,54122,364470,114062,27840,228514,10084,30871,516869,0,3379995,738509,616002,402759,6065505,7296,5643,303,4,122,21753,0,3021359,49945,25924,2764,3135113,1,1.42027521282265
Seattle Police Department,2009-08-01,Washington,602531,WASPD00,170,101,132,27,69,133,632,299,3,7,5,6,3,81,11,6,6,118,800,322,1099,2221,140,65,3,1116,147,30,9,349,362,231,78,309,14,221846,384244,346256,106053,80646,657225,1796270,3358320,0,0,9009,36,639,31387,4727,1101,5783,52681,37642,148987,1707103,1893731,7101003,113927,79398,1226,1037799,188776,6059,2037,75620,388890,205629,33812,270555,10790,133423,324848,0,3488554,1359196,817258,456937,7101003,10276,5092,741,2280,57616,2238,0,3380256,71193,25676,8087,3563455,1,1.42027521282265
Seattle Police Department,2009-09-01,Washington,602531,WASPD00,178,84,145,39,55,127,628,322,0,12,3,6,1,115,15,17,8,165,781,394,1100,2275,135,79,3,1255,151,34,6,291,321,248,79,327,24,238157,353028,538679,58831,88300,523059,1800054,3855472,0,568,4248,585,87,121309,10662,6251,87185,230326,39570,156986,1784635,1981192,7867612,129175,90943,11,1024237,222057,7547,3417,95937,407866,158984,29939,257769,12173,84239,544183,0,4204174,1270074,903461,402615,7867612,5357,5428,2004,727,168,61086,0,3816991,21668,12487,3062,3928978,1,1.42027521282265
Seattle Police Department,2009-10-01,Washington,602531,WASPD00,139,73,134,37,58,110,551,316,1,8,2,4,2,103,22,14,8,155,794,375,1131,2300,146,63,2,1266,192,31,6,303,291,253,94,347,7,413993,1830375,735639,69781,112716,325369,3487874,3639153,0,0,0,1768,0,76796,13643,60161,12960,165329,38901,172612,1828319,2039832,9332187,161046,46638,43,1133667,307599,8263,1480,70298,310799,173606,48275,211576,9303,48068,1205088,0,3878942,2371701,980559,405070,9332187,15365,3358,419,0,1,11970,0,3944814,21892,16112,10930,4024861,1,1.42027521282265
Seattle Police Department,2009-11-01,Washington,602531,WASPD00,176,79,144,32,59,116,606,340,3,2,3,6,1,96,16,13,14,149,761,369,984,2114,133,28,2,1190,107,37,12,321,284,258,78,336,9,165324,667171,397056,327997,22158,353918,1933625,3859082,0,0,9800,1828,20,81823,5234,3606,18111,120422,34854,152320,1608324,1795498,7708628,106927,39761,30,1184322,72675,7275,3387,61775,319346,200878,24808,290264,7509,18937,571541,0,4111711,1353757,778129,351093,7708628,7831,3223,8313,1,44,7858,0,3912693,42226,17617,8924,4008731,1,1.42027521282265
Seattle Police Department,2009-12-01,Washington,602531,WASPD00,184,68,155,50,65,92,614,372,3,9,8,9,2,92,24,12,9,156,809,388,1004,2201,137,34,3,1210,121,28,6,309,353,315,91,406,17,161793,681837,507260,134617,110909,751499,2347915,4314048,0,0,5626,1233,11648,86495,9753,5614,4862,125230,37315,162282,1630598,1830195,8617388,184521,35557,36,1044385,144899,7927,2568,77956,332347,224815,176123,241707,14289,43385,444398,0,4677685,1426443,856700,511842,8617388,9416,4279,544,2130,469,4933,0,4355988,117516,80494,23266,4599036,1,1.42027521282265
Seattle Police Department,2010-01-01,Washington,608660,WASPD00,164,86,123,63,90,127,653,425,2,8,2,11,3,86,24,12,11,149,862,423,1109,2394,137,46,0,1398,138,27,8,297,343,347,92,439,22,126856,596814,290604,164596,115309,318491,1612671,4895057,0,0,3,75441,892,127857,7340,3973,7234,222739,43088,197208,1992426,2232721,8963188,136207,35212,0,1049079,130633,4295,762,62902,813630,207406,16331,343479,5812,29838,461191,0,5195437,1435611,891530,376554,8963188,26164,2582,6002,908,489,1413,0,4917304,44616,15534,9790,5024803,1,1.3973579356326
Seattle Police Department,2010-02-01,Washington,608660,WASPD00,98,83,105,34,48,75,443,277,1,5,5,2,1,63,15,8,8,102,662,320,802,1784,137,42,2,879,122,23,5,250,324,252,79,331,13,178367,300305,297196,48129,52827,135887,1012711,3018732,0,419,4671,562,6,26087,17980,6352,16752,72410,26293,127132,1255129,1408554,5512826,95889,57015,2795,736255,151155,47934,981,46965,269564,145436,23868,180691,4530,18859,269440,0,3289108,688109,614529,278256,5512826,4642,8257,6066,1731,268,5732,0,3591210,29880,11056,2598,3661440,1,1.3973579356326
Seattle Police Department,2010-03-01,Washington,608660,WASPD00,169,76,112,45,50,103,555,310,1,8,2,6,0,75,19,4,10,116,721,302,816,1839,181,59,2,806,119,25,3,295,349,278,74,352,13,105120,401844,288736,85138,60738,243860,1185436,3529230,0,0,1905,421,0,15283,12013,198,10122,39942,31002,124622,1441271,1596895,6351503,149541,52817,4,618595,214228,26940,690,61157,472923,141030,32356,138220,8535,55233,544975,0,3779996,774519,587115,289524,6351503,6945,10885,2888,3,7,13071,0,3891642,32695,9918,13271,3981326,1,1.3973579356326
Seattle Police Department,2010-04-01,Washington,608660,WASPD00,159,62,114,27,38,57,457,265,0,10,5,3,0,75,13,14,7,117,747,341,888,1976,159,55,2,921,155,31,3,315,335,196,83,279,11,103442,410735,542330,36186,31256,116431,1240380,2876542,0,3,11921,246,0,43089,22890,8528,3397,90071,30961,141677,1342602,1515240,5722237,83857,45698,31,778486,241088,11285,3404,38679,312713,134441,34136,213951,10164,31677,273646,0,3066407,894074,660507,403233,5722237,4921,3118,252,2192,84,3104,0,2999429,19918,21135,2213,3056366,1,1.3973579356326
Seattle Police Department,2010-05-01,Washington,608660,WASPD00,156,85,112,39,48,79,519,302,2,11,8,6,1,78,14,6,13,126,807,346,961,2114,150,56,2,1036,170,27,1,316,356,235,83,318,14,153670,534938,303530,81645,82745,265161,1421689,3473079,0,0,8989,1677,1,42325,5476,530,9629,68627,36801,147075,2042394,2226269,7189664,69200,48145,141,814465,846526,6208,22,45986,395575,181506,24212,869682,8571,41595,410780,0,3707040,885729,692929,367620,7189664,4938,4516,5598,423,82,749,0,3570388,38126,15873,6720,3647413,1,1.3973579356326
Seattle Police Department,2010-06-01,Washington,608660,WASPD00,132,75,106,36,66,103,518,361,1,7,4,4,3,67,14,16,8,116,739,308,984,2031,143,61,4,973,145,20,4,286,395,285,84,369,13,134023,247208,226858,92386,45954,672983,1419412,3995418,0,0,5752,306,4,30759,910,1516,6034,45280,36017,141477,1895420,2072913,7533024,121356,57191,225,1264930,171267,9772,1385,64505,382282,157668,55190,546167,5425,59115,689821,84,4144429,831748,699077,344299,7533024,5067,6755,1954,0,1246,2912,0,4080989,28457,12353,8256,4147989,1,1.3973579356326
Seattle Police Department,2010-07-01,Washington,608660,WASPD00,107,63,98,47,56,105,476,280,0,9,5,4,0,89,13,10,6,127,637,326,893,1856,133,92,2,798,173,12,8,311,327,215,77,292,16,121713,285549,498162,90573,129200,273818,1399014,3231512,0,0,12386,443,0,38725,12965,3770,3593,71881,29519,132414,1762679,1924612,6627019,94917,94981,71,747438,465155,2218,556,69109,450166,120739,26226,177051,23589,37793,669467,1,3353665,1350885,589323,278281,6627019,10128,3558,3002,1525,210,124,0,3220913,171795,15789,6931,3433974,1,1.3973579356326
Seattle Police Department,2010-08-01,Washington,608660,WASPD00,149,77,122,43,93,110,594,239,2,4,5,4,1,85,11,6,16,128,626,328,972,1926,160,105,3,834,173,5,7,262,377,217,65,282,7,163378,475814,288845,100654,92205,270995,1391891,2576312,0,0,3,377,25,136527,1154,12784,49005,199877,26608,127857,1521169,1675635,5843715,86716,121295,0,770897,228556,6109,272,71672,390117,171306,21167,232798,6818,32785,465400,699,2882815,1023186,643091,363650,5843715,9934,7372,1452,3,6396,486,0,2891834,44442,23051,11658,2996627,1,1.3973579356326
Seattle Police Department,2010-09-01,Washington,608660,WASPD00,177,63,135,28,56,127,586,257,6,6,2,4,2,60,15,12,10,105,645,336,921,1902,151,96,3,832,185,14,6,278,337,197,69,266,5,159617,590081,496845,100274,33053,252181,1632051,2909591,0,0,4,425,239,37145,5124,3020,11481,57437,25685,129019,1444633,1599338,6198417,80164,113799,29,835948,249224,5605,9060,64251,241257,147001,13877,252616,13535,70284,541240,127,3153209,1000279,622569,383680,6198417,11041,3176,1583,429,788,5764,1,2978471,44640,14457,7486,3067836,1,1.3973579356326
Seattle Police Department,2010-10-01,Washington,608660,WASPD00,154,74,115,51,51,104,549,294,2,8,2,3,1,66,14,9,7,102,635,286,904,1825,121,102,2,741,189,15,4,305,346,250,66,316,11,223203,407447,462917,79068,53577,371953,1598165,3264643,0,0,840,38,35,25446,11588,3685,35497,77129,24900,120571,1761976,1907447,6847384,96207,108258,0,627872,226354,3147,517,91650,753443,162921,20037,136195,6513,41673,583641,295,3560813,1429321,558813,347161,6847384,14948,2209,356,0,179,1021,0,3334798,44486,25066,41651,3464714,1,1.3973579356326
Seattle Police Department,2010-11-01,Washington,608660,WASPD00,130,57,101,44,57,111,500,214,2,11,3,2,1,67,21,11,8,113,600,326,914,1840,183,53,3,873,140,17,2,260,309,183,59,242,7,145816,413350,220994,83841,73340,321751,1259092,2476568,0,0,13331,423,1,55436,4051,4219,3848,81309,29108,125365,1734012,1888486,5705456,108815,49539,22,895396,286055,15648,261,114519,418231,148060,25632,151098,18032,26138,693076,0,2648414,1105552,585570,303886,5705456,11686,4298,3460,0,270,13969,0,2513150,27577,14458,2519,2591388,1,1.3973579356326
Seattle Police Department,2010-12-01,Washington,608660,WASPD00,136,78,142,51,61,131,599,229,0,9,0,4,2,86,16,11,9,128,641,312,844,1797,130,29,3,819,186,13,5,257,355,194,59,253,12,233352,366175,701071,52855,129711,323680,1806844,2685226,0,0,0,1130,560,31506,58111,4131,7244,102682,31501,135119,1858304,2024924,6619676,95416,15449,444,722795,207833,3921,2394,60478,916194,232991,71496,151356,7937,26676,488896,838,2879682,1660004,680340,419459,6619676,13301,1590,3175,0,60,41555,0,2697326,205307,14382,2253,2978948,1,1.3973579356326
Seattle Police Department,2011-01-01,Washington,618209,WASPD00,171,94,126,75,66,110,642,240,1,8,1,4,1,72,21,5,7,111,604,287,852,1743,155,36,5,800,174,11,4,241,317,169,69,238,8,132802,517896,429464,159141,56748,278902,1574952,2488769,0,0,989,15,19,25893,5263,619,3372,36169,21567,116933,3348056,3486555,7586445,122993,34462,1027,1570404,1255747,4341,161,64903,432517,151685,40960,290437,6535,5646,1578693,677,2644212,1779872,696740,390986,7586445,7720,2950,33,1,58,2441,0,2547320,46167,12686,4423,2623799,1,1.35459550174677
Seattle Police Department,2011-02-01,Washington,618209,WASPD00,108,61,116,42,54,90,471,204,1,8,4,2,1,61,11,6,10,95,500,260,704,1464,132,22,2,648,140,12,3,214,291,161,53,214,12,262399,183480,301167,79073,33163,141791,1001073,2140276,0,0,0,5147,45,32969,2659,2686,4042,47549,17728,101060,1118492,1237279,4426177,75741,13741,42,587140,215778,5704,765,57676,280693,112723,43079,254411,12798,47733,431617,0,2211513,608163,500938,203203,4426177,8546,1031,133,1693,805,1861,0,2123058,24505,14776,6972,2183379,1,1.35459550174677
Seattle Police Department,2011-03-01,Washington,618209,WASPD00,153,66,117,42,51,110,539,246,1,4,3,1,1,79,25,15,4,128,573,280,843,1696,151,38,3,760,167,6,5,245,321,194,51,245,18,232462,306987,387811,59971,78649,206496,1272376,2634715,0,0,2952,5825,20,23966,11087,52442,2637,98929,23682,116674,1250441,1390797,5396817,110183,32609,279,610989,229765,3702,1363,53387,348520,165746,12385,165540,10439,130342,484848,0,2731683,847550,600343,247942,5396817,13053,3408,5332,1020,276,23340,0,2414571,55349,15514,9363,2541225,1,1.35459550174677
Seattle Police Department,2011-04-01,Washington,618209,WASPD00,123,79,112,47,62,118,541,278,0,5,3,5,0,63,15,11,8,105,512,309,803,1624,105,50,3,726,177,11,3,252,297,214,61,275,14,119204,244679,397081,77957,48485,281748,1169154,2963314,0,0,69248,420,0,62920,2125,7341,7037,149091,23246,119787,1229770,1372803,5654362,88775,59977,14,588087,215542,2395,963,49616,367434,108789,14230,126172,8725,115183,433006,298,3102915,813941,673449,257654,5654362,8883,2562,42,1,461,1087074,0,2692260,56194,12525,6261,3866262,1,1.35459550174677
Seattle Police Department,2011-05-01,Washington,618209,WASPD00,190,79,111,47,45,106,578,328,0,7,4,7,0,66,13,7,10,107,616,327,981,1924,133,57,2,916,165,13,5,268,365,268,70,338,14,82427,482145,264133,49429,76587,389779,1344501,3385390,0,0,694,603,0,65317,4722,3259,6484,81079,26268,140045,1349705,1516019,6326989,85575,56454,0,888475,76768,15238,3101,71317,319091,168764,12770,218881,8993,69248,240935,0,3491509,1045893,756035,313961,6326989,9928,2139,801,679,1357,3504,0,3305217,40951,46904,13104,3424584,1,1.35459550174677
Seattle Police Department,2011-06-01,Washington,618209,WASPD00,171,65,90,43,50,68,487,327,1,10,2,6,1,78,11,13,9,120,606,341,937,1884,122,89,5,845,169,13,10,225,406,281,81,362,8,115382,489308,215643,92798,421233,204528,1538892,3465491,10159,0,272,593,1,79458,1722,3804,5441,91292,25920,121911,2178091,2325922,7431757,55607,97386,951,866666,863926,1967,4312,52459,382647,153030,72124,1044407,7961,25583,331655,54,3612599,1338493,611445,234405,7431757,7013,3507,851,952,438,4473,0,3545655,46679,12747,4732,3627046,1,1.35459550174677
Seattle Police Department,2011-07-01,Washington,618209,WASPD00,140,85,113,49,48,85,520,392,5,12,3,7,3,76,16,9,6,120,603,291,891,1785,143,105,3,722,141,17,6,241,407,335,84,419,4,130733,1676118,338622,28711,99290,216921,2490395,4357218,0,7,2078,580,889,57661,8921,3214,2681,76024,22641,116146,1967274,2106060,9029704,83730,138476,3,658863,557682,6903,1779,114740,543885,194794,15665,210170,14915,33813,1897504,81,4553161,1269022,591373,249206,9029704,13699,4621,708,1494,247,4194,0,3960840,44340,25680,6464,4062287,1,1.35459550174677
Seattle Police Department,2011-08-01,Washington,618209,WASPD00,179,84,139,30,50,95,577,310,2,14,3,2,0,71,24,9,10,119,682,369,1001,2052,132,113,3,895,145,42,5,301,416,255,76,331,23,123656,301884,325317,100365,51534,281302,1184057,3428630,0,1,272,123,0,21327,4168,2180,13794,41864,28090,143920,1916820,2088831,6743384,142039,123627,213,1016544,169971,9181,3679,62372,561205,199063,61160,398764,5466,28906,361429,3,3692676,980975,759473,255469,6743384,11933,4450,138957,3,492,14980,0,3420354,76470,28751,2543,3698932,1,1.35459550174677
Seattle Police Department,2011-09-01,Washington,618209,WASPD00,186,77,103,58,46,91,561,333,2,8,2,3,0,78,10,8,9,110,706,324,883,1913,123,100,0,816,121,35,5,313,400,262,86,348,9,188589,532597,217371,44652,86868,299225,1369301,3536218,0,8,3568,680,0,36382,596,2799,1566,45590,26465,118661,1362955,1508081,6459198,92123,112085,0,744609,93426,14039,989,54596,396214,157904,28429,163192,17943,13337,416370,0,3666359,1057816,707876,229971,6459198,11246,5103,6516,1382,81,844,0,3522627,58185,6610,37211,3649805,1,1.35459550174677
Seattle Police Department,2011-10-01,Washington,618209,WASPD00,249,90,130,42,50,96,657,265,2,12,3,4,0,98,17,9,10,141,669,324,934,1927,100,103,3,844,137,20,9,334,377,226,70,296,13,232416,798175,313628,64225,44829,242474,1695748,3007247,274,1,3,18,0,55278,1325,31280,25641,113545,29093,137422,1401688,1568203,6385017,72345,116293,50,715328,170991,4454,1768,52065,434909,146608,32727,271013,39152,46085,420748,1,3122417,1201009,796995,308263,6385017,8984,6463,416,1,108,16591,0,2915772,41254,22077,5299,3016966,1,1.35459550174677
Seattle Police Department,2011-11-01,Washington,618209,WASPD00,258,83,152,31,38,71,633,239,1,8,2,2,0,85,12,10,7,118,659,335,816,1810,136,70,5,817,129,7,4,347,295,198,59,257,12,114897,577803,614568,93223,43210,106439,1550139,2811142,0,0,34408,7,0,61580,13179,5135,2728,117037,24780,125850,5582130,5732759,10211078,95078,90857,77,663340,113271,1020,1150,59831,4708135,202009,24659,211993,8138,33104,451996,0,2904937,967726,5092476,314040,10211078,9078,6403,194,2582,982,3899,0,2745768,27147,15618,5120,2816792,1,1.35459550174677
Seattle Police Department,2011-12-01,Washington,618209,WASPD00,183,90,153,34,42,99,601,238,4,4,2,5,1,87,26,15,8,144,590,275,898,1763,93,40,0,827,148,18,4,242,391,195,52,247,9,102340,295569,399883,68066,20147,143905,1029910,2648687,0,0,1,1711,81,41857,4878,8065,38372,94965,25507,120999,1285598,1432104,5205666,68324,41460,0,739314,140224,5660,1294,70485,365344,174479,16828,141328,9038,60374,328603,1084,2763833,798359,661162,250578,5205666,14699,4840,160,610,898,4108,1084,2665168,51430,15158,7506,2765660,1,1.35459550174677
Seattle Police Department,2012-01-01,Washington,626865,WASPD00,151,88,129,29,38,86,521,266,4,7,1,4,0,87,15,4,4,115,615,288,837,1740,93,53,1,747,147,19,3,331,346,215,63,278,3,215609,785149,401885,62326,43623,155970,1664561,2873262,0,0,1,1489,0,94901,19375,1529,9274,126569,22602,117629,1256999,1397230,6061623,140283,60882,0,680600,145004,8986,742,82293,278440,162799,15948,242859,9435,9760,451639,0,3102276,1272258,595779,198870,6061623,15509,7311,1007,1481,165,4300,0,3102837,50513,16000,5516,3204639,1,1.32713265123532
Seattle Police Department,2012-02-01,Washington,626865,WASPD00,143,72,100,29,60,78,482,269,5,7,1,3,0,56,13,5,8,86,697,327,803,1827,101,48,0,821,130,13,4,375,335,227,56,283,8,186393,245638,269588,71274,48576,128711,950179,2914625,0,664,3318,15,0,21811,1189,453,4579,31364,25023,115397,1404952,1545372,5442203,64253,53133,0,867479,109357,4833,1108,72313,372895,165184,43453,117995,23924,10092,305530,100,3055057,869586,614235,237047,5442203,16249,3072,848,3752,319,7404,100,2955194,58931,19826,7673,3073368,1,1.32713265123532
Seattle Police Department,2012-03-01,Washington,626865,WASPD00,142,81,104,39,111,93,570,273,2,12,6,6,2,70,19,5,11,119,678,356,796,1830,86,31,0,835,128,8,3,377,362,225,50,275,8,156904,498482,321258,148079,25555,128389,1278667,2836486,0,5,6752,824,27,22427,7664,470,6293,44458,24156,120847,1244253,1389257,5548813,61819,22897,0,738172,123159,807,860,65007,376535,184315,30267,285425,10321,9566,447289,0,3023355,775832,581630,200812,5548813,12090,4738,4767,0,3216,1640,0,2834798,40373,20381,3983,2925985,1,1.32713265123532
Seattle Police Department,2012-04-01,Washington,626865,WASPD00,98,66,91,33,33,105,426,252,2,10,4,4,0,72,23,6,6,115,665,315,902,1882,109,42,6,835,164,12,2,336,376,233,55,288,7,183846,252245,416019,20585,160181,249732,1282609,2782051,0,3,29,393,0,30738,173621,1591,633,207005,25789,115530,1595900,1737218,6008885,120258,34073,552,918670,179828,3043,7,71137,409650,192481,28366,171454,8836,19295,843774,0,2939876,886554,643265,274985,6008885,9700,3452,8896,6476,665,2439,0,2833439,32991,23502,12038,2933599,1,1.32713265123532
Seattle Police Department,2012-05-01,Washington,626865,WASPD00,125,83,99,37,45,92,481,262,9,15,3,2,1,80,21,4,3,114,656,315,953,1924,108,70,2,826,173,12,7,322,404,239,68,307,19,156618,451358,254421,77274,45400,305336,1290406,2773677,1,0,561,9,332,74988,6475,145,21964,104475,25022,126508,1524317,1675846,5844404,72860,68323,35,839130,204218,4815,3196,49442,433828,220250,27927,207651,19421,35744,429914,1,2946300,846180,821267,289750,5844404,9662,3708,377,1530,16,2240,0,3117439,89854,22276,2888,3249989,1,1.32713265123532
Seattle Police Department,2012-06-01,Washington,626865,WASPD00,134,81,99,43,58,85,500,302,0,7,3,4,1,92,7,7,14,128,592,274,746,1612,87,61,2,615,161,15,2,350,319,244,66,310,12,255849,361880,118992,113921,29420,237332,1117394,3264789,0,1,1,2129,8,72172,569,382,40667,115929,24837,107012,1490207,1622056,6120169,63637,65336,48,880632,231826,5989,814,104460,269314,150347,45345,211062,16874,29182,415784,53,3523408,765230,677111,285771,6120169,10346,8844,677,2445,1127,8552,53,3224269,82213,23481,6904,3368910,1,1.32713265123532
Seattle Police Department,2012-07-01,Washington,626865,WASPD00,118,66,133,32,63,107,519,327,1,14,0,3,0,78,23,4,5,113,688,280,776,1744,98,88,0,649,140,13,4,400,352,254,67,321,13,124052,369940,265813,46357,114088,581240,1501490,3416343,0,3,0,214,0,30578,2369,2060,10191,45412,27214,99845,1834417,1961477,6924725,99162,84319,0,1024037,207715,4161,21754,96589,423740,129979,31119,437395,11939,92449,429526,0,3768992,1163164,610602,249559,6924725,9393,10609,1092,3259,248,6322,0,3626391,45359,8004,7001,3717679,1,1.32713265123532
Seattle Police Department,2012-08-01,Washington,626865,WASPD00,145,130,75,72,113,12,547,347,1,7,1,2,2,88,26,14,12,145,711,316,884,1911,196,105,1,646,161,13,9,413,367,0,0,284,0,249841,371334,507417,203922,74131,20279,1426924,3749784,0,106,402,38,664,76171,16732,4564,2917,101488,10231,45417,1708134,1763782,7042084,61786,114180,7,930151,183836,2814,7432,98942,364967,230001,51353,199915,26734,35531,783497,0,3788964,1011331,643216,271874,7042416,11573,14167,1188,265,1399,5667,0,3261431,61286,17691,12640,3387306,1,1.32713265123532
Seattle Police Department,2012-09-01,Washington,626865,WASPD00,194,104,57,63,101,16,535,322,0,18,4,5,2,86,15,18,9,139,641,303,856,1800,194,146,3,573,148,23,5,337,371,0,0,274,0,451749,499947,415309,274929,85887,192940,1920760,3377146,0,3,5356,20182,3,29733,1725,27875,1752,86626,7571,40864,2168422,2216857,7601392,43764,159701,913,573409,210061,5744,1473,79835,1143020,202209,33359,249961,24816,62560,820185,0,3499649,1614769,732755,362192,7602454,10764,10231,1092,532,8202,10776,0,3289962,465459,17989,109401,3924408,1,1.32713265123532
Seattle Police Department,2012-10-01,Washington,626865,WASPD00,207,115,77,85,136,29,649,323,2,10,5,7,1,81,25,13,7,139,633,296,769,1698,191,92,1,541,149,17,3,382,322,0,0,312,0,155060,617354,745525,144119,196166,112954,1971177,3650655,0,0,536,634,40,57702,16768,3103,19654,98437,7954,39955,1769142,1817050,7537320,83228,97788,1,556649,147244,5567,113,105021,823814,182465,43526,792492,10969,93980,698539,1,3739199,1002298,707136,269091,7539695,13662,9825,1371,3159,668,1186,0,3852003,45234,23760,2881,3953747,1,1.32713265123532
Seattle Police Department,2012-11-01,Washington,626865,WASPD00,266,142,62,82,133,26,711,307,0,8,2,2,2,72,14,14,9,115,567,236,742,1545,189,59,2,537,151,13,5,337,252,0,0,276,0,293531,811438,460788,165606,285830,154875,2172069,3654286,0,0,146,417,8,33146,35488,16405,15606,101215,7059,31404,1460578,1499041,7426612,62014,76611,93,677337,302584,3894,1476,84070,293352,197262,20439,200743,16179,126651,719222,0,3706021,1090951,1030455,321077,7429001,10637,4744,967,7,1281,527,0,3533491,67856,36963,16670,3673144,1,1.32713265123532
Seattle Police Department,2012-12-01,Washington,626865,WASPD00,232,138,30,115,142,20,677,316,0,6,4,4,2,70,14,14,6,114,556,269,729,1554,200,32,1,525,127,11,2,344,312,0,0,296,0,290418,1038828,64629,296860,285498,47263,2023495,3563686,0,0,19196,925,399,58144,2439,3232,3404,87739,7019,37774,1667437,1712231,7387151,41383,67958,3,804284,124603,5604,8,115638,556864,237676,32647,412442,19141,65417,686824,2654,3636346,1205559,742560,349997,7391265,12803,7084,14198,1725,19,1295,0,3664878,43468,25456,5275,3776201,1,1.32713265123532
Seattle Police Department,2014-01-01,Washington,663410,WASPD00,260,156,0,104,113,0,633,432,1,7,6,2,0,75,23,14,9,129,796,413,1099,2308,322,62,0,1033,180,22,2,333,354,0,0,243,0,336700,993202,0,240600,377834,0,1948337,4363238,0,515,10302,422,0,30307,4574,3642,27872,77120,7320,56183,1867537,1931039,8320249,74514,93512,0,1045492,191169,5208,3210,98797,419138,377432,59922,235063,199577,79638,513912,0,4456563,1270810,883151,244182,8320250,11988,3488,5663,0,1228,13992,0,2782053,37218,17296,2137,2875062,1,1.28709350845562
Seattle Police Department,2014-02-01,Washington,663410,WASPD00,207,108,0,78,116,0,509,366,2,7,2,2,1,48,8,12,5,78,704,338,902,1944,252,49,1,855,168,26,4,316,273,0,0,331,0,226072,561168,0,275474,113253,0,1175966,4100417,0,1,2061,598,0,58960,368,1476,31070,94534,7577,45808,1644384,1697769,7068688,33261,54731,1,807734,508424,21160,2972,104739,164748,658236,22139,147092,7412,38128,327663,0,4314981,663498,682956,206582,7068688,9700,4053,167,772,0,6708,0,3935290,15073,25420,4838,4002022,1,1.28709350845562
Seattle Police Department,2014-03-01,Washington,663410,WASPD00,201,128,0,97,120,1,547,424,0,14,9,4,1,83,20,18,5,140,831,436,1065,2332,253,72,3,1116,194,22,2,325,345,0,0,337,0,753123,587642,0,204555,189370,644,1735334,4764663,0,644,2322,1978,23,103646,20102,58491,2124,188685,8518,58735,1955818,2023072,8712398,48816,86015,516,1102608,254206,8737,6858,68396,446921,327164,34383,374735,11727,104728,733419,1,4865231,1053585,932786,274639,8712399,9477,3249,3896,323,230,516,0,4004793,35788,26021,8545,4092838,1,1.28709350845562
Seattle Police Department,2014-04-01,Washington,663410,WASPD00,201,151,0,76,140,0,568,502,4,10,4,1,2,66,23,15,13,124,929,440,1205,2574,291,113,1,1242,144,16,2,353,412,0,0,434,0,547079,558602,0,498811,215784,0,1820276,5536081,0,1,244548,3,6,17237,1602,15211,31932,310538,9512,59837,1781294,1850642,9517539,52060,113053,216,1123970,181009,3823,897,71556,308191,352719,106054,452323,15441,50413,643085,0,5564638,1306455,841156,189388,9521672,13681,3958,9068,1,257,18322,1,5074371,54483,17403,9051,5200595,1,1.28709350845562
Seattle Police Department,2014-05-01,Washington,663410,WASPD00,247,127,0,91,137,0,602,545,1,10,3,3,1,76,31,16,6,136,844,439,1237,2520,279,132,0,1141,164,18,4,382,400,0,0,504,0,327504,819261,0,360892,183780,0,1691437,6181179,0,0,2703,17,390,60643,3650,2259,2577,72238,9869,58749,2610305,2678924,10623778,41060,140934,0,1207659,836277,5202,7891,72363,368697,318323,90336,233641,11531,51112,682215,1,6168402,1765553,956505,347320,10624938,10888,5174,176,965,812,73219,0,5801577,64633,11985,11417,5980846,1,1.28709350845562
Seattle Police Department,2014-06-01,Washington,663410,WASPD00,245,133,0,96,133,0,607,631,5,7,0,6,1,85,27,25,7,151,815,415,1193,2423,239,104,0,1071,134,25,2,385,463,0,0,551,0,254977,690270,0,193024,1314686,0,2452957,6949065,0,669,0,1539,8,37259,4446,28957,3283,75492,9663,56579,2111975,2178218,11656401,27891,104711,0,1164258,130018,10117,1272,71991,669129,298187,27839,224527,15686,49122,664519,0,7075551,1367714,872613,1061814,11657571,9765,7771,1620,2059,626,12405,0,6355480,66807,31197,2529,6490259,1,1.28709350845562
Seattle Police Department,2014-07-01,Washington,663410,WASPD00,222,161,0,106,113,0,602,537,3,12,3,4,2,66,21,20,5,121,765,390,1158,2313,249,148,1,968,168,26,0,322,431,0,0,547,0,284109,649530,0,181959,318212,0,1433811,5877922,0,0,2833,6,816,93062,42805,20776,29141,189440,8107,52795,1948920,2009822,9510994,41957,177328,3,995080,333723,12302,0,74760,374736,339252,75966,254839,8313,27586,391652,257,6105984,1126414,860803,319992,9511060,10787,3340,14791,3349,1510,664,0,6275172,60444,31251,7454,6408762,1,1.28709350845562
Seattle Police Department,2014-08-01,Washington,663410,WASPD00,207,157,0,106,140,0,610,383,1,16,0,3,1,91,20,30,5,150,774,405,1202,2381,263,163,0,977,159,27,3,372,417,0,0,395,0,781840,660588,0,309859,242707,0,1994994,4395895,0,1263,0,21261,30,113860,9135,28501,76,172863,8522,54685,1813878,1877084,8442099,40076,180499,0,1051499,146721,9693,188,85799,362691,299723,102103,654627,15135,53618,419118,0,4666367,1132934,870429,228128,8442181,9146,4487,389103,3295,197,1964,0,5046055,82092,14071,3305,5553715,1,1.28709350845562
Seattle Police Department,2014-09-01,Washington,663410,WASPD00,217,157,0,106,126,0,606,437,3,4,1,9,2,71,34,29,6,152,753,410,1147,2310,250,177,2,941,134,19,0,356,431,0,0,360,0,712093,773067,0,237326,149551,0,1872038,5046885,0,0,129,170,644,79255,17791,5698,3623,107310,8756,54154,1891053,1953964,8980197,45064,251794,161,971850,226165,12652,0,86414,360251,286215,32508,433985,11660,14723,559964,0,5147097,1444578,813447,236407,8980584,12527,4325,2435,708,547,3295,0,4482474,74319,25576,14152,4620358,1,1.28709350845562
Seattle Police Department,2014-10-01,Washington,663410,WASPD00,233,144,0,115,130,0,622,538,3,12,2,6,3,45,35,12,4,107,874,432,1162,2468,270,126,1,1064,175,26,6,389,411,0,0,471,0,309237,1036547,0,448108,270009,0,2063901,5708191,0,0,4,111,1963,46425,9745,7845,483,66575,10211,56883,2232079,2299172,10137840,38482,145986,1,1342065,182605,9011,663,108756,472159,482894,24142,268440,17145,350159,732674,0,5851136,1206479,928381,276944,10138394,6441,6154,265,646,369,13242,0,5539859,123772,31758,4448,5726953,1,1.28709350845562
Seattle Police Department,2014-11-01,Washington,663410,WASPD00,252,120,0,92,136,1,601,382,0,11,6,6,3,75,33,12,7,142,808,400,996,2204,261,73,4,979,147,13,5,383,339,0,0,383,0,542931,755660,0,356849,238554,3220,1897214,4474005,0,772,1938,747,1291,51480,6819,17001,4078,83353,9075,54160,2123134,2186369,8641714,20850,78109,314,1566564,75455,3494,1022,129519,311043,295298,127973,342403,16853,34068,682393,0,4634319,1383050,879798,245559,8641714,11153,6170,260,904,1532,1628,0,4691986,57111,19103,1690,4791536,1,1.28709350845562
Seattle Police Department,2014-12-01,Washington,663410,WASPD00,256,109,0,123,128,0,616,320,3,12,3,9,2,69,33,15,8,139,829,447,1081,2357,236,64,0,1036,150,15,2,367,487,0,0,246,0,471151,982096,0,224521,311450,0,1989217,3903217,0,1407,1578,550,0,25979,8503,25787,4586,66982,9483,59233,2125704,2194421,8155243,25862,61613,0,1071096,202341,25609,710,111277,695915,285193,154859,355702,27165,33627,743896,0,3997155,1442272,895775,219601,8155246,28330,8644,597,1,198,27353,0,3285954,46801,51871,7963,3457714,1,1.28709350845562
Seattle Police Department,2015-01-01,Washington,683700,WASPD00,179,138,13,101,112,3,546,384,0,7,1,5,2,67,35,17,6,133,785,389,993,2167,230,82,2,921,143,19,4,389,377,0,0,255,0,338936,879929,114297,130510,278482,1174,1743329,4503449,0,129,2571,450,12,71957,4365,43677,3281,126312,8404,52661,1492555,1553620,7926838,28975,87615,689,842133,115655,11111,941,133961,332538,301075,69180,222568,11330,36031,718453,0,4581671,1016945,786157,183429,7926838,16736,6906,3177,0,576,1680,0,3072515,48026,15009,2562,3167187,1,1.28556847539769
Seattle Police Department,2015-02-01,Washington,683700,WASPD00,174,100,11,85,98,11,479,300,2,14,2,9,4,68,29,10,7,129,694,362,836,1892,211,110,2,751,147,22,0,377,272,0,0,279,0,172756,474885,97595,164490,128781,40452,1078958,3501066,0,0,3,28,1229,33024,21277,21153,1608,78322,8179,49089,1455464,1512732,6171078,28419,151856,3,679341,257565,4607,0,82832,308110,185508,55138,173234,31318,19593,458197,0,3599599,848609,568748,231134,6171078,20150,6951,30,1,1138,2709,0,3458187,39943,15580,3976,3548664,1,1.28556847539769
Seattle Police Department,2015-03-01,Washington,683700,WASPD00,211,115,7,117,134,8,592,353,4,6,1,5,1,58,38,20,8,131,715,411,958,2084,215,112,0,822,170,7,0,401,357,0,0,316,0,341235,509754,47823,316498,205992,24070,1445371,4286891,0,0,0,271,5,28189,6787,48520,53170,136941,8633,53414,1511089,1573136,7442340,29550,128739,0,838187,111175,2084,0,113579,354451,246134,32486,153620,14671,154308,498443,0,4403078,1029738,625271,289218,7446968,16863,4816,996,4691,496,14639,0,3978837,67707,14324,2139,4105508,1,1.28556847539769
Seattle Police Department,2015-04-01,Washington,683700,WASPD00,220,108,11,115,142,8,604,343,1,10,0,5,0,57,36,16,6,120,678,350,971,1999,166,126,0,854,131,19,7,365,331,0,0,299,0,232031,717971,50401,307727,243543,1182162,2733835,4164936,0,0,0,1059,0,34516,31431,27249,56263,150518,8034,46346,2163783,2218162,9267451,15060,129033,0,1235686,509592,5574,3007,79289,241105,249850,50131,222465,17084,62475,550732,0,4352300,1696842,735345,1330409,9267634,15391,4140,778,2378,1004,6542,0,3821355,47192,12269,4458,3915507,1,1.28556847539769
Seattle Police Department,2015-05-01,Washington,683700,WASPD00,230,158,7,132,170,10,707,305,0,6,0,2,2,66,26,21,10,127,735,379,1095,2209,195,187,1,947,147,15,3,362,352,0,0,314,0,347336,1197259,31412,704303,330608,35149,2646066,3535808,0,0,0,21,132,21321,2975,31206,14231,69886,8113,50672,2061647,2120432,8372193,20204,273520,13,1155853,253150,5502,1273,117627,294189,396689,31379,165565,26622,21220,1141698,1030,3580315,1998703,745536,264337,8373093,11325,3301,2687,2540,1619,5216,0,3861209,80187,12727,15884,3996695,1,1.28556847539769
Seattle Police Department,2015-06-01,Washington,683700,WASPD00,199,183,17,126,163,13,701,308,2,8,2,3,1,86,25,22,4,143,655,344,1097,2096,188,157,2,888,134,13,5,338,371,0,0,262,0,436119,645740,59298,198429,228735,51897,1620217,3589085,0,0,771,12,96,57599,1723,25544,1077155,1162900,7668,46610,2340867,2395145,8767347,17756,188180,516,1433081,192237,6023,1489,101447,454549,361223,30683,266509,24898,35120,2013516,1,3714204,1369704,742513,209108,8767479,10647,4789,1311,1415,297,5890,0,3249278,92017,17590,5239,3388474,1,1.28556847539769
Seattle Police Department,2015-07-01,Washington,683700,WASPD00,207,128,19,129,153,43,679,269,4,11,0,8,3,77,23,22,7,140,700,384,1078,2162,203,183,0,855,157,23,2,348,391,0,0,251,0,408790,549929,155167,437920,300986,62123,1914915,3273278,0,0,0,1349,4002,27708,3414,20059,43218,99750,7719,50641,1727106,1785466,7073409,39473,243686,0,945266,145429,8976,774,80875,324325,306202,24507,152261,16529,28856,539387,0,3504470,1400375,840826,263333,7076746,9630,2760,6312,643,1441,8324,0,3475541,121909,15714,4546,3646820,1,1.28556847539769
Seattle Police Department,2015-08-01,Washington,683700,WASPD00,190,133,21,139,146,22,651,268,4,12,5,12,4,69,20,20,2,132,726,398,1110,2234,205,155,1,966,162,15,3,342,385,0,0,264,0,347835,452800,113475,202327,275564,83741,1475741,3256282,0,0,9837,400,1121,51416,2419,11676,10794,87663,8179,53026,1939097,2000302,6819988,19898,140974,1,1185479,215648,5410,1459,72378,359264,295566,34475,258455,40031,30509,429577,1,3399687,1195081,837707,299107,6820197,14275,5212,1868,2058,585,18229,1,3500604,87574,34235,9810,3674452,1,1.28556847539769
Seattle Police Department,2015-09-01,Washington,683700,WASPD00,199,119,19,127,122,30,616,310,2,3,4,3,2,71,31,15,10,136,720,396,1153,2269,189,157,0,1054,189,14,3,341,322,0,0,269,0,235353,468945,127774,271561,183794,74225,1361651,3632862,0,1,2572,265,454,60662,3355,21133,901,89343,8314,55326,2352469,2416109,7499967,21063,213726,0,1437327,335625,3706,107,121247,283308,497808,27316,346017,25081,70110,374331,0,3764277,1393286,788821,212920,7499967,27838,3183,824,10191,198,909,0,3509606,66817,19200,12233,3650999,1,1.28556847539769
Seattle Police Department,2015-10-01,Washington,683700,WASPD00,213,111,40,114,174,42,694,328,3,9,3,5,4,60,28,20,5,125,798,384,1197,2379,196,128,2,1166,188,14,0,351,334,0,0,275,0,174340,497950,227831,297501,435941,79461,1713024,3778588,0,453,837,71,4,20176,7665,9621,8579,46952,8863,51842,2819348,2880053,8419068,25119,180122,53,1515329,145247,7527,0,97369,909479,312460,79857,183177,32592,677618,465791,0,3906855,1574866,909668,276377,8419261,12399,2947,2353,2751,305,2255,0,3614382,94114,11586,1783,3744874,1,1.28556847539769
Seattle Police Department,2015-11-01,Washington,683700,WASPD00,209,124,50,117,153,44,697,283,0,13,4,7,0,43,27,18,11,110,782,417,1173,2372,215,105,2,1213,159,19,1,351,307,0,0,237,0,196931,414686,330790,185038,259604,166360,1553409,3450354,0,0,644,1052,0,59263,9297,31853,16955,119064,8977,56475,2162074,2227526,7350353,42923,134684,387,1487698,112834,7198,2382,126134,313289,326821,40161,275004,24079,52892,375167,1,3616599,1403945,882039,353648,7350356,9255,7488,703,4412,1583,684,0,3276681,96437,17306,7235,3421785,1,1.28556847539769
Seattle Police Department,2015-12-01,Washington,683700,WASPD00,191,118,64,131,138,58,700,412,2,8,0,5,3,47,31,15,6,107,780,430,1127,2337,268,71,2,1010,190,23,3,401,369,0,0,335,0,151527,644893,367250,270257,196525,176917,1807369,4830338,0,0,0,284,18,139791,6729,6097,11160,164080,8099,57930,2226382,2292412,9094199,30590,73294,2094,1253387,345819,9891,2929,111355,463310,356011,46487,228518,77787,63929,798144,0,4998975,1481151,752493,290960,9094456,18422,4053,78,455,1617,3997,0,4431105,79421,16466,5324,4560939,1,1.28556847539769
Seattle Police Department,2016-01-01,Washington,700313,WASPD00,208,133,23,151,213,20,748,380,3,19,3,3,2,74,34,18,7,141,849,422,1140,2411,297,44,2,1138,200,9,2,392,327,0,0,253,0,265838,670961,206208,383571,342726,63014,1932318,4475614,0,0,2286,4,1,60418,17574,28597,3877,112758,9675,55076,2069845,2134596,8655285,34256,39708,438,1462516,148412,1369,256,119243,328436,403841,59989,186634,31985,33385,491460,0,4774229,1773964,669064,230772,8655323,30043,5223,905,848,114,21686,0,3389706,62721,6359,9369,3526975,1,1.26955202032162
Seattle Police Department,2016-02-01,Washington,700313,WASPD00,175,138,17,143,162,16,651,356,3,9,2,4,1,42,34,13,8,104,814,410,1013,2237,293,63,1,1029,177,9,2,395,268,0,0,324,0,231216,484578,109876,225212,232602,48423,1331907,4037949,0,0,8505,1108,0,24472,52223,41696,6390,134394,9514,52695,1749260,1811469,7315719,28640,59710,1270,1027634,274584,1252,70,103293,315018,295119,24012,335738,8267,68431,627129,0,4168843,1042414,602952,142812,7315719,11960,3246,2476,1,240,3148,0,4086696,63790,7630,4823,4184011,1,1.26955202032162
Seattle Police Department,2016-03-01,Washington,700313,WASPD00,195,109,26,99,179,18,626,320,2,15,5,7,1,53,36,8,8,118,774,376,961,2111,246,66,0,911,195,12,4,383,294,0,0,268,0,143063,908988,218583,217873,131136,70819,1690462,3967149,0,0,2683,2232,28,63583,10381,4416,5223,88545,9575,52874,2206584,2269034,8015190,26722,86515,0,1560400,194938,3779,2860,139933,254015,350572,41346,216958,14547,56854,834624,0,4127150,1403796,678257,291216,8015318,19707,5911,43,382,1935,29959,0,3521492,60442,17267,13040,3670178,1,1.26955202032162
Seattle Police Department,2016-04-01,Washington,700313,WASPD00,158,132,40,133,169,20,652,295,1,22,1,5,1,60,38,17,9,131,745,379,1033,2157,225,91,1,1010,147,11,3,357,312,0,0,278,0,248987,353170,318014,491041,254758,28288,1694259,3806758,0,1,128,86,192,45456,8986,34726,2356,91931,8116,48637,1952675,2009428,7602377,32733,114955,1,1175490,173350,4468,9,207475,300949,537803,53437,220481,9338,38295,629199,0,3921032,1298569,599435,294791,7602378,14412,4758,4860,0,1229,522,0,3682341,83198,20879,5708,3817906,1,1.26955202032162
Seattle Police Department,2016-05-01,Washington,700313,WASPD00,189,142,28,136,203,16,714,340,1,21,3,3,2,67,28,19,8,130,783,416,1141,2340,236,114,0,1041,151,19,3,401,375,0,0,270,0,528219,453169,219132,955874,254684,32187,2443264,4019496,0,1,3175,2323,14,64162,3364,18448,9697,101183,8484,53197,1978437,2040118,8604063,30775,133462,0,1078627,304969,5840,514,94484,391701,304347,62976,266212,40968,48794,1220851,0,4287939,1522543,617595,232091,8604316,11379,5846,1758,3237,2322,983,0,3523012,91739,28467,9734,3678477,1,1.26955202032162
Seattle Police Department,2016-06-01,Washington,700313,WASPD00,152,120,32,114,125,19,562,289,1,16,3,7,2,73,28,18,11,142,785,370,992,2147,234,114,0,873,125,23,1,418,359,0,0,248,0,234024,420884,84002,191222,174674,57064,1161871,3469119,0,0,8317,528,5,48518,8538,7347,8233,81486,9539,48430,1628837,1686806,6399282,39701,155912,0,934804,136462,10473,1,111511,297944,225903,36413,141936,12080,15575,401981,0,3592854,1324063,469157,179324,6399285,8227,8338,1124,509,819,4431,0,3205623,82391,9354,3198,3324013,1,1.26955202032162
Seattle Police Department,2016-07-01,Washington,700313,WASPD00,163,129,37,101,141,20,591,310,1,15,1,9,3,64,32,13,8,130,786,363,1062,2211,214,160,1,891,141,20,2,461,321,0,0,276,0,235485,490889,304783,195136,243591,115274,1585159,3841551,0,0,0,607,19851,101379,13539,11802,5167,152344,8958,48836,1883708,1941502,7520556,16149,203813,1,1020576,170007,9953,3547,180485,337546,343948,90417,370473,14156,31195,546927,0,3943875,1437669,518456,224015,7521131,5045,14026,8359,571,1498,8022,0,3620766,143241,16702,3551,3821782,1,1.26955202032162
Seattle Police Department,2016-08-01,Washington,700313,WASPD00,143,126,31,91,202,25,618,349,1,12,2,4,0,66,40,17,11,140,776,361,1071,2208,222,136,3,921,147,20,6,434,319,0,0,278,0,283683,449977,164851,213662,199529,54471,1366174,4226195,0,0,1271,90,0,69174,5509,8821,9472,94337,8601,47031,1886120,1941752,7628458,56969,129662,559,983980,144797,5373,188,173823,446598,331876,38239,204366,10937,76342,669161,1,4325625,1318715,456730,196661,7628654,13862,3331,343,637,1021,7188,0,3679797,91156,9946,5703,3812984,1,1.26955202032162
Seattle Police Department,2016-09-01,Washington,700313,WASPD00,172,114,66,111,137,79,679,308,0,20,2,7,1,71,30,12,6,129,717,343,1023,2083,192,124,1,949,119,17,6,353,322,0,0,275,0,273917,301129,1164982,230528,239110,135631,2345297,3857587,0,0,1271,971,32,102055,20555,10813,31162,166860,8450,44877,1762067,1815395,8185138,19622,153646,199,1080516,107181,12365,2596,91453,347815,281033,26155,202736,14213,50809,731876,1,4110191,1983686,587819,196618,8185138,7782,3473,4906,3032,444,19128,0,3747089,151953,11279,7696,3956782,1,1.26955202032162
Seattle Police Department,2016-10-01,Washington,700313,WASPD00,143,128,75,128,135,48,657,390,1,22,2,14,3,57,38,13,10,137,831,418,1029,2278,261,92,1,1043,139,21,6,397,318,0,0,348,0,171466,207532,450744,277720,256912,167510,1531883,5026757,0,738,4099,994,1245,71899,34810,4902,6943,124892,8784,53541,1815676,1878001,8562271,31584,134094,1,1181082,156579,7747,3060,98253,266047,383101,72851,196221,10762,55922,709040,0,5066797,1280953,553586,233485,8562717,11723,2677,441,2986,156,12308,0,4662436,105326,7437,1149,4806639,1,1.26955202032162
Seattle Police Department,2016-11-01,Washington,700313,WASPD00,133,103,67,102,120,54,579,424,2,19,4,9,4,61,24,8,12,122,860,421,1045,2326,275,89,0,1085,146,13,3,395,320,0,0,364,0,294902,252927,352657,148402,222794,66012,1337693,5021575,0,0,11680,467,415,13777,6123,1916,49683,84061,9793,57244,2265399,2332436,8775764,36712,118059,0,1480785,132607,4805,1897,103202,454473,275448,152844,305948,18059,59824,439081,0,5080123,1643807,577218,223516,8775868,6416,2846,1060,1214,57,2916,0,4576740,73799,14549,2915,4682513,1,1.26955202032162
Seattle Police Department,2016-12-01,Washington,700313,WASPD00,148,85,58,104,116,82,593,352,1,17,5,9,2,57,33,10,10,126,765,420,951,2136,234,44,1,920,187,14,3,375,358,0,0,332,0,268322,213000,1707865,162941,113419,161422,2626970,4363561,0,0,4446,368,8,83007,18845,3433,2620,112727,8478,55566,1644851,1708894,8812152,42771,54379,254,955493,180872,43622,1527,143166,286811,337903,69024,317468,15718,80625,1656421,1,4485337,1139832,518867,190955,8812152,9578,4344,13023,853,19175,534,1,4349495,180278,8590,4464,4590336,1,1.26955202032162
Seattle Police Department,1960-01-01,Washington,557087,WASPD00,36,145,0,8,249,0,438,160,0,0,0,0,1,19,13,8,9,50,121,455,214,790,192,69,0,191,0,10,5,58,0,0,0,161,0,0,0,0,0,0,0,381353,1627822,0,0,0,0,0,0,0,0,0,43642,0,0,0,502812,0,0,0,0,0,0,0,0,0,0,118367,0,216140,0,0,122334,0,1638125,460663,0,0,0,0,0,0,0,0,0,0,0,0,0,0,0,1,10.302673992674
Seattle Police Department,1960-02-01,Washington,557087,WASPD00,45,146,0,9,201,0,401,150,0,0,0,2,0,20,14,2,2,40,167,448,183,798,241,75,0,146,0,9,4,78,0,0,0,148,0,0,0,0,0,0,0,470060,1535098,0,0,0,0,0,0,0,0,0,94970,0,0,0,680481,0,0,0,0,0,0,0,0,0,0,93002,0,344233,0,0,382538,0,1576309,384527,0,0,0,0,0,0,0,0,0,0,0,0,0,0,0,1,10.302673992674
Seattle Police Department,1960-03-01,Washington,557087,WASPD00,34,118,0,17,180,0,349,121,0,0,0,0,2,14,18,3,3,40,147,457,167,771,238,99,0,117,0,4,6,79,0,0,0,117,0,0,0,0,0,0,0,333570,1205413,0,0,0,0,0,0,0,0,0,155601,0,0,0,401506,0,0,0,0,0,0,0,0,0,0,81123,0,311017,0,0,45620,0,1215716,442613,0,0,0,0,0,0,0,0,0,0,0,0,0,0,0,1,10.302673992674
Seattle Police Department,1960-04-01,Washington,557087,WASPD00,42,121,0,12,156,0,331,156,0,0,0,0,4,24,20,7,6,61,142,513,218,873,241,117,0,189,0,6,2,41,0,0,0,154,0,0,0,0,0,0,0,340977,1607217,0,0,0,0,0,0,0,0,0,74169,0,0,0,485792,0,0,0,0,0,0,0,0,0,0,61136,0,273721,0,0,60508,0,1627822,484967,0,0,0,0,0,0,0,0,0,0,0,0,0,0,0,1,10.302673992674
Seattle Police Department,1960-05-01,Washington,557087,WASPD00,47,131,0,11,140,0,329,161,0,0,1,0,1,11,10,4,7,34,145,533,223,901,216,163,0,136,0,9,4,57,0,0,0,153,0,0,0,0,0,0,0,352990,1648428,0,0,0,0,0,0,0,0,0,154808,0,0,0,929301,0,0,0,0,0,0,0,0,0,0,63526,0,351538,0,0,92858,0,1689639,887967,0,0,0,0,0,0,0,0,0,0,0,0,0,0,0,1,10.302673992674
Seattle Police Department,1960-06-01,Washington,557087,WASPD00,51,113,0,16,136,0,316,160,0,0,0,0,0,8,3,4,4,19,161,539,182,882,214,171,0,172,0,8,1,61,0,0,0,155,0,0,0,0,0,0,0,358770,1627822,0,0,0,0,0,0,0,0,0,78888,0,0,0,663296,0,0,0,0,0,0,0,0,0,0,82030,0,231233,0,0,295151,0,1658731,461632,0,0,0,0,0,0,0,0,0,0,0,0,0,0,0,1,10.302673992674
Seattle Police Department,1960-07-01,Washington,557087,WASPD00,68,128,0,7,151,0,354,153,0,0,0,0,2,21,13,3,8,47,131,581,213,925,192,169,0,207,0,7,4,37,0,0,0,143,0,0,0,0,0,0,0,434010,1535098,0,0,0,0,0,0,0,0,0,61662,0,0,0,510899,0,0,0,0,0,0,0,0,0,0,89304,0,200377,0,0,105128,0,1576309,570552,0,0,0,0,0,0,0,0,0,0,0,0,0,0,0,1,10.302673992674
Seattle Police Department,1960-08-01,Washington,557087,WASPD00,65,149,0,15,185,0,414,178,0,0,0,0,6,18,14,4,7,49,128,597,260,985,221,167,0,218,0,15,8,61,0,0,0,183,0,0,0,0,0,0,0,347602,1823573,0,0,0,0,0,0,0,0,0,85110,0,0,0,585656,0,0,0,0,0,0,0,0,0,0,126970,0,282870,0,0,101481,0,1833876,496743,0,0,0,0,0,0,0,0,0,0,0,0,0,0,0,1,10.302673992674
Seattle Police Department,1960-09-01,Washington,557087,WASPD00,46,129,0,14,190,0,379,191,0,0,0,1,2,14,5,4,5,31,148,506,230,884,177,136,0,195,0,8,4,67,0,0,0,190,0,0,0,0,0,0,0,353608,1961629,0,0,0,0,0,0,0,0,0,56253,0,0,0,555520,0,0,0,0,0,0,0,0,0,0,100915,0,344068,0,0,41654,0,1992537,447837,0,0,0,0,0,0,0,0,0,0,0,0,0,0,0,1,10.302673992674
Seattle Police Department,1960-10-01,Washington,557087,WASPD00,57,153,0,16,260,0,486,178,0,0,0,0,0,22,6,4,4,36,152,589,253,994,221,161,0,275,0,11,5,47,0,0,0,175,0,0,0,0,0,0,0,427808,1833876,0,0,0,0,0,0,0,0,0,68709,0,0,0,573550,0,0,0,0,0,0,0,0,0,0,93775,0,332581,0,0,61249,0,1854481,561856,0,0,0,0,0,0,0,0,0,0,0,0,0,0,0,1,10.302673992674
Seattle Police Department,1960-11-01,Washington,557087,WASPD00,36,169,0,10,210,0,425,163,0,0,0,0,3,15,10,3,4,35,141,526,231,898,199,122,0,214,0,5,8,62,0,0,0,160,0,0,0,0,0,0,0,621818,1679336,0,0,0,0,0,0,0,0,0,90457,0,0,0,463868,0,0,0,0,0,0,0,0,0,0,140642,0,398734,0,0,137870,0,1710244,467989,0,0,0,0,0,0,0,0,0,0,0,0,0,0,0,1,10.302673992674
Seattle Police Department,1960-12-01,Washington,557087,WASPD00,55,137,0,7,217,0,416,198,0,0,0,1,4,26,9,7,11,58,255,611,238,1104,198,107,0,272,0,10,9,172,0,0,0,197,0,0,0,0,0,0,0,653437,2009021,0,0,0,0,0,0,0,0,0,75106,0,0,0,506201,0,0,0,0,0,0,0,0,0,0,189538,0,240784,0,0,129340,0,2039929,644175,0,0,0,0,0,0,0,0,0,0,0,0,0,0,0,1,10.302673992674
Seattle Police Department,1961-01-01,Washington,557087,WASPD00,33,110,0,9,194,0,346,168,0,0,0,0,3,24,15,5,8,55,238,533,195,966,203,94,0,200,0,1,5,82,381,0,0,166,0,0,0,0,0,0,0,465814,1702319,0,0,0,0,0,0,0,0,0,105870,0,0,0,412705,2686709,0,0,0,0,0,0,0,0,0,173198,0,279894,0,0,56961,0,1732900,443755,0,0,2686709,33822,0,16024,0,0,7472,0,1712513,111517,0,0,1881348,1,10.1935294117647
Seattle Police Department,1961-02-01,Washington,557087,WASPD00,53,101,0,3,200,0,357,175,0,0,0,0,2,14,9,6,8,39,295,516,164,975,243,96,0,156,0,7,2,127,344,0,0,178,0,0,0,0,0,0,0,839407,1783868,0,0,0,0,0,0,0,0,0,94739,0,0,0,324307,3042320,0,0,0,0,0,0,0,0,0,61212,0,715229,0,0,27747,0,1794061,444071,0,0,3042320,33873,0,3415,0,0,2569,0,1824642,64545,0,0,1929044,1,10.1935294117647
Seattle Police Department,1961-03-01,Washington,557087,WASPD00,52,109,0,4,168,0,333,161,0,0,1,1,1,15,4,1,6,29,227,586,177,990,256,123,0,148,0,4,6,94,359,0,0,156,0,0,0,0,0,0,0,334113,1630965,0,0,0,0,0,0,0,0,0,54026,0,0,0,462562,2481666,0,0,0,0,0,0,0,0,0,88551,0,200181,0,0,75463,0,1651352,466120,0,0,2481666,31315,0,445019,0,0,9184,0,1620771,104912,0,0,2211201,1,10.1935294117647
Seattle Police Department,1961-04-01,Washington,557087,WASPD00,61,125,0,13,174,0,373,125,0,0,0,3,5,8,8,3,3,30,275,543,174,992,266,114,0,162,0,7,1,101,341,0,0,129,0,0,0,0,0,0,0,266693,1253804,0,0,0,0,0,0,0,0,0,99071,0,0,0,376794,1996362,0,0,0,0,0,0,0,0,0,51141,0,285113,0,0,48409,0,1263998,347701,0,0,1996362,7961,0,24801,0,0,10143,0,1325159,74841,0,0,1442904,1,10.1935294117647
Seattle Police Department,1961-05-01,Washington,557087,WASPD00,58,128,0,13,139,0,338,160,0,0,0,1,1,22,12,1,4,41,189,532,196,917,205,135,0,156,0,4,5,86,326,0,0,154,0,0,0,0,0,0,0,334613,1620771,0,0,0,0,0,0,0,0,0,43231,0,0,0,434071,2432686,0,0,0,0,0,0,0,0,0,64066,0,168774,0,0,79020,0,1630965,489860,0,0,2432686,4200,0,17727,0,0,11356,0,1549416,64647,0,0,1647346,1,10.1935294117647
Seattle Police Department,1961-06-01,Washington,557087,WASPD00,43,115,0,10,154,0,322,144,0,0,0,0,2,13,16,4,0,35,251,538,195,984,181,156,0,167,0,5,6,71,398,0,0,153,0,0,0,0,0,0,0,454591,1467868,0,0,0,0,0,0,0,0,0,74698,0,0,0,496160,2493317,0,0,0,0,0,0,0,0,0,109285,0,276928,0,0,188703,0,1488255,430147,0,0,2493317,5719,0,61283,0,0,24016,0,1437288,147368,0,0,1675674,1,10.1935294117647
Seattle Police Department,1961-07-01,Washington,557087,WASPD00,67,157,0,17,163,0,404,217,0,0,0,1,12,21,17,6,7,64,169,547,205,921,168,157,0,177,0,5,6,59,349,0,0,197,0,0,0,0,0,0,0,481135,2191609,0,0,0,0,0,0,0,0,0,285195,0,0,0,433480,3391418,0,0,0,0,0,0,0,0,0,140946,0,468790,0,0,113209,0,2242576,425896,0,0,3391418,16483,0,25178,0,0,46381,0,2048899,100202,0,0,2237143,1,10.1935294117647
Seattle Police Department,1961-08-01,Washington,557087,WASPD00,77,140,0,14,129,0,360,240,0,0,0,1,7,26,10,2,5,51,182,631,224,1037,200,190,0,213,0,9,5,65,355,0,0,234,0,0,0,0,0,0,0,331718,2415866,0,0,0,0,0,0,0,0,0,30234,0,0,0,476914,3254733,0,0,0,0,0,0,0,0,0,64984,0,220262,0,0,95310,0,2446447,427731,0,0,3254733,7615,0,20489,0,0,7747,0,2364899,92557,0,0,2493307,1,10.1935294117647
Seattle Police Department,1961-09-01,Washington,557087,WASPD00,61,128,0,25,135,0,349,260,0,0,0,0,5,20,5,7,5,42,134,484,190,808,159,142,0,180,0,8,7,49,263,0,0,245,0,0,0,0,0,0,0,233442,2619737,0,0,0,0,0,0,0,0,0,54260,0,0,0,443052,3350491,0,0,0,0,0,0,0,0,0,76482,0,237122,0,0,48644,0,2629931,358313,0,0,3350491,10805,0,18511,0,0,3384,0,2507608,93057,0,0,2633366,1,10.1935294117647
Seattle Police Department,1961-10-01,Washington,557087,WASPD00,53,139,0,15,162,0,369,177,0,0,0,0,2,11,9,3,2,27,190,534,204,928,167,159,0,181,0,6,6,62,347,0,0,191,0,0,0,0,0,0,0,413745,1763481,0,0,0,0,0,0,0,0,0,27777,0,0,0,472093,2677096,0,0,0,0,0,0,0,0,0,103597,0,269038,0,0,95340,0,1794061,415060,0,0,2677096,14200,0,9154,0,0,11417,0,1763481,75024,0,0,1873275,1,10.1935294117647
Seattle Police Department,1961-11-01,Washington,557087,WASPD00,64,139,0,8,137,0,348,157,0,0,0,1,0,17,12,8,7,45,241,466,175,882,133,121,0,143,0,5,10,94,376,0,0,140,0,0,0,0,0,0,0,327712,1600384,0,0,0,0,0,0,0,0,0,121160,0,0,0,794198,2843454,0,0,0,0,0,0,0,0,0,114035,0,296102,0,0,55381,0,1641158,736778,0,0,2843454,12783,0,17278,0,0,5668,0,1457675,425753,0,0,1919156,1,10.1935294117647
Seattle Police Department,1961-12-01,Washington,557087,WASPD00,42,139,0,8,122,0,311,156,0,0,1,1,2,25,15,5,6,55,249,508,248,1005,151,105,0,214,0,5,11,131,388,0,0,154,0,0,0,0,0,0,0,245297,1569804,0,0,0,0,0,0,0,0,0,104932,0,0,0,657472,2577505,0,0,0,0,0,0,0,0,0,127440,0,372543,0,0,58633,0,1579997,438893,0,0,2577505,9663,0,14567,0,0,13129,0,1559610,71722,0,0,1668691,1,10.1935294117647
Seattle Police Department,1962-01-01,Washington,572501,WASPD00,35,160,0,10,162,0,367,202,0,0,1,3,5,15,10,3,2,39,264,457,220,941,176,95,0,191,0,6,11,88,374,0,0,201,0,0,0,0,0,0,0,371585,2024629,0,0,0,0,0,0,0,0,0,147435,0,0,0,440412,2984061,0,0,0,0,0,0,0,0,0,129888,0,319539,0,0,50888,0,2064920,418826,0,0,2984061,17607,0,37551,0,0,9055,0,2054847,82274,0,0,2201335,1,10.0727796143251
Seattle Police Department,1962-02-01,Washington,572501,WASPD00,40,115,0,6,128,0,289,141,0,0,0,0,2,16,8,2,4,32,257,503,202,962,236,96,0,201,0,4,8,83,334,0,0,141,0,0,0,0,0,0,0,288585,1353782,0,0,0,0,0,0,0,0,0,75032,0,0,0,446204,2163603,0,0,0,0,0,0,0,0,0,113530,0,206593,0,0,44693,0,1363854,434933,0,0,2163603,7796,0,22895,0,0,977,0,1390044,68203,0,0,1489915,1,10.0727796143251
Seattle Police Department,1962-03-01,Washington,572501,WASPD00,56,178,0,16,153,0,403,195,0,0,0,3,4,22,16,6,6,57,281,515,195,991,210,109,0,181,0,7,4,92,388,0,0,192,0,0,0,0,0,0,0,339161,1964192,0,0,0,0,0,0,0,0,0,44864,0,0,0,510186,2858403,0,0,0,0,0,0,0,0,0,109239,0,178490,0,0,49316,0,1994410,526947,0,0,2858403,25817,0,10284,0,0,2599,0,1923901,65816,0,0,2028416,1,10.0727796143251
Seattle Police Department,1962-04-01,Washington,572501,WASPD00,50,152,0,12,128,0,342,208,0,0,0,0,0,30,7,4,6,47,271,586,227,1084,190,127,0,187,0,34,3,78,465,0,0,219,0,0,0,0,0,0,0,298033,2034701,0,0,0,0,0,0,0,0,0,44078,0,0,0,467639,2844452,0,0,0,0,0,0,0,0,0,106540,0,221047,0,0,121306,0,2044774,350785,0,0,2844452,12873,0,5228,0,0,28325,0,2054847,67981,0,0,2169254,1,10.0727796143251
Seattle Police Department,1962-05-01,Washington,572501,WASPD00,74,109,0,11,164,0,358,180,0,0,0,0,1,18,9,4,5,37,258,564,269,1091,181,125,0,205,0,18,7,92,463,0,0,194,0,0,0,0,0,0,0,400685,1782882,0,0,0,0,0,0,0,0,0,16852,0,0,0,564791,2765210,0,0,0,0,0,0,0,0,0,97686,0,299625,0,0,72423,0,1803028,492448,0,0,2765210,13951,0,15905,0,0,16429,0,1651936,100567,0,0,1798787,1,10.0727796143251
Seattle Police Department,1962-06-01,Washington,572501,WASPD00,70,132,0,11,202,0,415,180,0,0,1,1,3,14,13,2,5,39,326,676,290,1292,184,211,0,277,0,26,6,141,447,0,0,177,0,0,0,0,0,0,0,579195,1772809,0,0,0,0,0,0,0,0,0,50444,0,0,0,683086,3085534,0,0,0,0,0,0,0,0,0,128569,0,513782,0,0,90675,0,1833246,519262,0,0,3085534,12218,0,5298,0,0,4210,0,1722445,93919,0,0,1838091,1,10.0727796143251
Seattle Police Department,1962-07-01,Washington,572501,WASPD00,94,170,0,15,177,0,456,219,0,0,1,1,11,16,10,2,10,51,492,720,338,1550,206,178,0,315,0,16,2,164,669,0,0,223,0,0,0,0,0,0,0,485649,2236157,0,0,0,0,0,0,0,0,0,119634,0,0,0,851633,3693074,0,0,0,0,0,0,0,0,0,173383,0,458352,0,0,152482,0,2286521,622337,0,0,3693074,13357,0,17909,0,0,48098,0,2276448,132507,0,0,2488319,1,10.0727796143251
Seattle Police Department,1962-08-01,Washington,572501,WASPD00,77,161,0,12,155,0,405,222,0,0,0,0,0,27,5,10,7,49,369,846,394,1609,199,221,0,424,0,10,8,206,541,0,0,219,0,0,0,0,0,0,0,362902,2236157,0,0,0,0,0,0,0,0,0,89557,0,0,0,788074,3476690,0,0,0,0,0,0,0,0,0,170462,0,372028,0,0,81972,0,2276448,575780,0,0,3476690,28768,0,18866,0,0,7202,0,2246230,119272,0,0,2420338,1,10.0727796143251
Seattle Police Department,1962-09-01,Washington,572501,WASPD00,81,170,0,9,171,0,431,218,0,0,1,0,0,25,8,2,7,43,771,611,309,1691,150,170,0,246,0,14,8,187,916,0,0,209,0,0,0,0,0,0,0,444874,2195866,0,0,0,0,0,0,0,0,0,36443,0,0,0,941896,3619079,0,0,0,0,0,0,0,0,0,216162,0,358359,0,0,98683,0,2205939,739936,0,0,3619079,26542,0,19974,0,0,6880,0,2115284,81036,0,0,2249715,1,10.0727796143251
Seattle Police Department,1962-10-01,Washington,572501,WASPD00,77,191,0,7,223,0,498,236,0,0,1,4,3,18,16,5,10,57,280,597,274,1151,172,179,0,241,0,12,8,163,376,0,0,232,0,0,0,0,0,0,0,492740,2357030,0,0,0,0,0,0,0,0,0,158344,0,0,0,624643,3632758,0,0,0,0,0,0,0,0,0,155564,0,356556,0,0,80552,0,2417467,622619,0,0,3632758,14253,0,6638,0,0,5490,0,2357030,92639,0,0,2476050,1,10.0727796143251
Seattle Police Department,1962-11-01,Washington,572501,WASPD00,62,148,0,6,229,0,445,189,0,0,0,1,1,22,19,5,3,51,282,629,255,1166,139,132,0,274,0,8,8,319,286,0,0,191,0,0,0,0,0,0,0,556048,1893683,0,0,0,0,0,0,0,0,0,359669,0,0,0,587827,3397226,0,0,0,0,0,0,0,0,0,121991,0,594929,0,0,101473,0,1933974,644859,0,0,3397226,28083,0,3223,0,0,10093,0,1964192,166181,0,0,2171772,1,10.0727796143251
Seattle Police Department,1962-12-01,Washington,572501,WASPD00,56,163,0,9,254,0,482,230,0,0,0,1,7,20,8,5,9,50,407,659,249,1315,185,113,0,243,0,9,9,226,530,0,0,220,0,0,0,0,0,0,0,776712,2296594,0,0,0,0,0,0,0,0,0,51965,0,0,0,555050,3680322,0,0,0,0,0,0,0,0,0,124892,0,447020,0,0,107638,0,2326812,673960,0,0,3680322,24799,0,4724,0,0,13790,0,2246230,106973,0,0,2396516,1,10.0727796143251
Seattle Police Department,1963-01-01,Washington,571389,WASPD00,61,163,0,7,226,0,457,194,0,0,0,2,6,18,14,1,3,44,198,557,241,996,181,116,0,229,0,5,8,172,285,0,0,194,0,0,0,0,0,0,0,600648,1900343,0,0,0,0,0,0,0,0,0,38982,0,0,0,551388,3091360,0,0,0,0,0,0,0,0,0,169300,0,184244,0,0,232419,0,1960040,545359,0,0,3091360,31958,0,11223,0,0,9253,0,1979938,68313,0,0,2100685,1,9.94943945578232
Seattle Police Department,1963-02-01,Washington,571389,WASPD00,51,135,0,7,184,0,377,161,0,0,0,1,0,14,9,6,6,36,440,601,220,1261,232,99,0,233,0,5,4,428,260,0,0,153,0,0,0,0,0,0,0,586699,1552113,0,0,0,0,0,0,0,0,0,71258,0,0,0,471255,2681324,0,0,0,0,0,0,0,0,0,216550,0,215963,0,0,134526,0,1562062,552224,0,0,2681324,19173,0,77218,0,0,5840,0,1532214,116289,0,0,1750733,1,9.94943945578232
Seattle Police Department,1963-03-01,Washington,571389,WASPD00,55,153,0,5,206,0,419,161,0,0,2,0,2,19,21,3,6,53,290,515,224,1029,181,98,0,204,0,4,6,232,304,0,0,146,0,0,0,0,0,0,0,1137927,1611809,0,0,0,0,0,0,0,0,0,421130,0,0,0,473951,3644818,0,0,0,0,0,0,0,0,0,76840,0,631779,0,0,113911,0,1621759,1200529,0,0,3644818,13631,0,4189,0,0,5631,0,1462568,113453,0,0,1599472,1,9.94943945578232
Seattle Police Department,1963-04-01,Washington,571389,WASPD00,60,116,0,9,189,0,374,149,0,0,0,3,6,11,13,4,6,43,265,578,210,1053,179,138,0,193,0,6,4,228,305,0,0,142,0,0,0,0,0,0,0,452849,1462568,0,0,0,0,0,0,0,0,0,34684,0,0,0,423548,2373648,0,0,0,0,0,0,0,0,0,74193,0,206172,0,0,69736,0,1462568,560979,0,0,2373648,11293,0,15213,0,0,5582,0,1392922,101464,0,0,1526473,1,9.94943945578232
Seattle Police Department,1963-05-01,Washington,571389,WASPD00,75,130,0,17,178,0,400,178,0,0,4,3,1,15,14,2,7,46,252,597,205,1054,190,140,0,203,0,9,7,228,277,0,0,177,0,0,0,0,0,0,0,541976,1761051,0,0,0,0,0,0,0,0,0,164673,0,0,0,456729,2924429,0,0,0,0,0,0,0,0,0,55896,0,366776,0,0,95923,0,1800849,604986,0,0,2924429,14457,0,5383,0,0,16765,0,1761051,69925,0,0,1867579,1,9.94943945578232
Seattle Police Department,1963-06-01,Washington,571389,WASPD00,82,111,0,15,167,0,375,148,0,0,0,0,1,16,8,6,9,40,230,636,170,1036,171,179,0,236,0,4,1,170,275,0,0,155,0,0,0,0,0,0,0,450919,1462568,0,0,0,0,0,0,0,0,0,50056,0,0,0,406624,2370165,0,0,0,0,0,0,0,0,0,82153,0,180463,0,0,57199,0,1552113,498238,0,0,2370165,14357,0,9760,0,0,1831,0,1552113,94002,0,0,1672063,1,9.94943945578232
Seattle Police Department,1963-07-01,Washington,571389,WASPD00,97,129,0,20,168,0,414,168,0,0,0,1,4,15,10,5,10,45,241,618,250,1109,193,172,0,238,0,4,4,196,302,0,0,156,0,0,0,0,0,0,0,480150,1671506,0,0,0,0,0,0,0,0,0,47727,0,0,0,524714,2724097,0,0,0,0,0,0,0,0,0,97544,0,264914,0,0,110041,0,1671506,580092,0,0,2724097,15213,0,3253,0,0,6517,0,1542163,68572,0,0,1635718,1,9.94943945578232
Seattle Police Department,1963-08-01,Washington,571389,WASPD00,116,206,0,18,150,0,490,179,0,0,0,0,2,17,6,3,11,39,255,719,268,1242,202,202,0,290,0,11,3,149,385,0,0,166,0,0,0,0,0,0,0,558174,1626485,0,0,0,0,0,0,0,0,0,21859,0,0,0,577645,2784162,0,0,0,0,0,0,0,0,0,97236,0,262198,0,0,94599,0,1666780,663349,0,0,2784162,8119,0,8497,0,0,1930,0,1534950,100062,0,0,1653557,1,9.94943945578232
Seattle Police Department,1963-09-01,Washington,571389,WASPD00,130,196,0,18,185,0,529,149,0,0,1,1,4,15,4,2,8,35,176,468,324,968,182,177,0,230,0,11,9,121,238,0,0,163,0,0,0,0,0,0,0,691775,1578479,0,0,0,0,0,0,0,0,0,60960,0,0,0,863522,3194735,0,0,0,0,0,0,0,0,0,237165,0,275599,0,0,154186,0,1598377,929407,0,0,3194735,26913,0,6238,0,0,6308,0,1633051,115981,0,0,1788491,1,9.94943945578232
Seattle Police Department,1963-10-01,Washington,571389,WASPD00,70,156,0,16,245,0,487,175,0,0,0,0,2,13,19,0,7,41,195,507,324,1026,153,175,0,239,0,9,5,156,289,0,0,183,0,0,0,0,0,0,0,791090,1783338,0,0,0,0,0,0,0,0,0,87207,0,0,0,1210727,3872362,0,0,0,0,0,0,0,0,0,303995,0,344171,0,0,361224,0,1813186,1049785,0,0,3872362,9233,0,8139,0,0,167827,0,1785924,245642,0,0,2216765,1,9.94943945578232
Seattle Police Department,1963-11-01,Washington,571389,WASPD00,61,172,0,12,199,0,444,170,0,0,0,0,4,9,12,5,6,36,228,471,348,1047,172,104,0,297,0,3,8,178,285,0,0,169,0,0,0,0,0,0,0,757530,1644294,0,0,0,0,0,0,0,0,0,167131,0,0,0,765201,3334157,0,0,0,0,0,0,0,0,0,331356,0,324710,0,0,127054,0,1694041,856995,0,0,3334157,99763,0,12118,0,0,15601,0,1703344,116976,0,0,1947802,1,9.94943945578232
Seattle Police Department,1963-12-01,Washington,571389,WASPD00,70,174,0,8,210,0,462,141,0,0,0,0,4,17,13,3,7,44,457,636,363,1456,180,117,0,301,0,12,15,289,542,0,0,161,0,0,0,0,0,0,0,622337,1402871,0,0,0,0,0,0,0,0,0,59418,0,0,0,862238,2946865,0,0,0,0,0,0,0,0,0,283141,0,265202,0,0,137859,0,1432719,827943,0,0,2946865,32117,0,2438,0,0,6756,0,1492416,138616,0,0,1672342,1,9.94943945578232
Seattle Police Department,1964-01-01,Washington,543358,WASPD00,49,106,62,6,120,50,393,138,0,0,0,0,5,13,11,0,2,31,254,508,329,1091,212,86,60,232,198,5,14,227,57,124,24,148,11,134566,58668,96047,421392,14245,57862,782780,1336037,0,0,0,0,5943,5884,58599,1670,1631,70388,2495,108268,644294,755057,2944262,65574,25640,10423,299007,226360,2760,3753,47881,73659,337330,0,280695,0,0,143771,0,1355685,826781,0,0,2944262,30385,0,5875,0,0,16651,0,1355685,165551,0,0,1574146,1,9.82380171950564
Seattle Police Department,1964-02-01,Washington,543358,WASPD00,78,109,41,12,138,49,427,154,0,0,0,1,10,18,14,5,4,52,261,436,293,990,265,105,53,179,167,2,5,152,62,132,27,159,10,178744,87874,106569,235064,56457,64601,729309,1503042,0,0,0,2947,22359,1474,22713,1061,4804,55357,3222,95428,550496,649147,2936855,70240,33892,5531,202862,236164,2770,717,36191,60780,136973,0,241793,0,0,140529,0,1542337,875222,0,0,2936855,13213,0,13537,0,0,22929,0,1566110,123289,0,0,1739078,1,9.82380171950564
Seattle Police Department,1964-03-01,Washington,543358,WASPD00,81,80,67,18,98,47,391,170,0,0,1,1,2,11,6,4,5,30,207,487,345,1039,233,130,31,214,191,7,4,170,59,137,25,162,9,102865,118367,109693,139714,20993,137445,629077,1670046,0,0,24108,0,1935,5354,50170,3016,1817,86400,2584,111648,660749,774980,3160504,94829,39786,8507,300432,212292,6395,1051,61114,50573,314627,0,245978,0,0,102423,0,1670046,827429,0,0,3160504,88827,0,33185,0,0,1601,0,1601280,160757,0,0,1885649,1,9.82380171950564
Seattle Police Department,1964-04-01,Washington,543358,WASPD00,60,81,72,18,85,55,371,156,0,0,0,3,3,8,10,4,4,32,277,472,308,1057,203,133,68,221,146,9,7,172,98,136,32,168,12,98336,99181,175286,164932,24363,146306,708404,1532513,0,0,0,12673,2122,7712,12840,963,11612,47921,2918,109034,681182,793134,3081972,65888,40376,3713,298477,166229,1955,1768,19598,195130,212705,0,190385,0,0,131089,0,1561984,985809,0,0,3081972,16995,0,13920,0,0,6405,0,1660222,216919,0,0,1914462,1,9.82380171950564
Seattle Police Department,1964-05-01,Washington,543358,WASPD00,63,77,63,18,81,50,352,134,0,0,0,0,5,10,7,4,10,36,230,636,301,1167,229,204,125,201,157,6,2,144,99,99,24,123,13,63766,90222,98346,126197,37949,94711,511191,1316389,0,0,0,0,6700,2525,16573,963,24167,50927,2593,136963,801612,941169,2819677,84563,62479,6867,263523,154587,13154,157,32448,323390,184658,0,221311,0,0,75830,0,1336037,1001841,0,0,2819677,9608,0,19530,0,0,7073,0,1219134,353853,0,0,1609198,1,9.82380171950564
Seattle Police Department,1964-06-01,Washington,543358,WASPD00,53,79,59,15,118,76,400,170,0,0,1,0,2,6,9,8,6,32,242,589,336,1167,193,226,46,251,183,7,4,161,96,132,28,160,17,112748,77903,78266,169893,21878,126442,587129,1660222,0,0,0,0,2515,13341,10197,963,4116,31132,2446,144842,603663,750951,3029435,92177,70142,314,260822,165384,7132,23037,37213,94731,180709,0,236881,0,0,98091,0,1679870,833884,0,0,3029435,10462,0,28037,0,0,1925,0,1591456,132444,0,0,1764325,1,9.82380171950564
Seattle Police Department,1964-07-01,Washington,543358,WASPD00,75,81,56,17,110,38,377,167,0,0,1,0,3,16,6,3,5,34,290,567,353,1210,231,206,129,243,157,3,5,133,103,137,33,170,13,122837,81380,98906,178754,25699,88964,596541,1640575,0,0,19117,0,3733,6503,19009,138,15070,63570,3379,135559,592847,731785,3032470,87510,63069,10777,265518,168095,825,413,26357,109221,137543,0,249024,0,0,135382,0,1660222,850299,0,0,3032470,17260,0,37104,0,0,8586,0,1650399,203038,0,0,1916388,1,9.82380171950564
Seattle Police Department,1964-08-01,Washington,543358,WASPD00,78,98,77,13,149,61,476,180,0,0,1,0,0,20,11,3,7,42,240,723,397,1360,234,239,134,250,160,8,9,199,127,140,35,175,12,97835,47095,155815,258317,50308,68266,677636,1768284,0,0,34609,0,0,5698,57440,4519,5187,107453,2957,163350,925245,1091552,3644925,99122,73777,6798,365386,238856,3851,3615,45907,254240,220613,0,358274,0,0,119703,0,1768284,1178051,0,0,3644925,21033,0,17712,0,0,13409,0,1719165,276923,0,0,2048243,1,9.82380171950564
Seattle Police Department,1964-09-01,Washington,543358,WASPD00,79,86,81,11,97,66,420,171,0,0,0,2,0,21,6,3,7,39,312,600,387,1299,206,185,160,254,183,9,7,199,96,140,18,158,7,133535,165659,213619,216065,24530,108543,861950,1650399,0,0,0,13753,0,8311,1621,383,10256,34324,2466,132562,968676,1103704,3650377,113544,57175,4882,341033,267925,217568,5079,27477,69022,279674,0,508667,0,0,159057,0,1670046,1032933,0,0,3650377,23184,0,13380,0,0,1385,0,1521854,163733,0,0,1723537,1,9.82380171950564
Seattle Police Department,1964-10-01,Washington,543358,WASPD00,59,102,64,9,160,64,458,146,0,0,1,1,0,24,9,5,5,45,211,566,293,1070,171,215,28,199,190,6,5,189,67,95,40,135,9,143251,192802,168832,269035,6228,144420,924567,1414627,0,0,22280,8841,0,8969,40720,3949,1346,86106,2485,133790,492850,629126,3054426,61644,66311,1130,241587,176602,2888,815,40268,37881,266353,0,316985,0,0,151277,0,1424451,895361,0,0,3054426,23842,0,12908,0,0,3094,0,1306566,168842,0,0,1515253,1,9.82380171950564
Seattle Police Department,1964-11-01,Washington,543358,WASPD00,58,113,64,8,144,74,461,128,0,0,1,1,6,19,12,7,9,55,231,540,315,1086,191,155,63,175,196,9,9,209,79,103,28,131,7,248758,83895,95144,270606,1090,247196,946690,1257447,0,0,8547,0,2505,4912,14657,1719,9549,41889,2495,120784,693187,816466,3062492,96224,46565,2309,215711,291433,13007,21878,35768,93572,188106,0,339304,0,0,221605,0,1267270,1046205,0,0,3062492,16111,0,15875,0,0,8674,0,1277094,130981,0,0,1448736,1,9.82380171950564
Seattle Police Department,1964-12-01,Washington,543358,WASPD00,49,97,72,4,125,59,406,175,0,0,1,1,3,32,14,4,9,64,266,541,326,1133,193,116,38,183,207,11,14,270,101,133,28,161,16,130195,86508,308065,187929,3242,235644,951583,1709341,0,0,15030,2947,2259,42154,24854,334,16082,103661,3851,121304,639117,764272,3528857,71616,36250,550,230290,237343,49512,6140,59866,72706,263170,0,301630,0,0,218619,0,1728989,1016449,0,0,3528857,31800,0,27821,0,0,2918,0,1571808,101598,0,0,1735944,1,9.82380171950564
Seattle Police Department,1965-01-01,Washington,567000,WASPD00,43,92,35,3,159,72,404,169,0,0,0,5,7,21,13,9,7,62,268,511,329,1108,223,116,133,195,189,14,16,165,57,154,28,182,17,117613,68274,57617,275435,1518,111743,632200,1634316,0,0,0,10686,4294,16662,24553,10289,5193,71678,5667,112671,522352,640690,2978884,79878,34814,6383,209628,209357,12233,3404,31284,53710,171284,0,242498,0,0,90796,0,1653657,820649,0,0,2978884,18906,0,9874,0,0,7930,0,1732955,154467,0,0,1924131,1,9.67050780216874
Seattle Police Department,1965-02-01,Washington,567000,WASPD00,82,84,56,7,152,48,429,163,0,0,0,3,5,16,15,2,4,45,186,450,307,943,218,100,60,178,202,5,6,123,51,132,32,164,14,88388,166265,112458,274884,9032,118328,769357,1566622,0,0,0,7804,5406,6615,17214,3868,2031,42937,1828,98465,578470,678763,3057679,90342,30752,1054,186612,254141,5648,986,53004,56224,209995,0,239964,0,0,189668,0,1566622,851430,0,0,3057679,35355,0,7562,0,0,37318,0,1556952,189861,0,0,1827049,1,9.67050780216874
Seattle Police Department,1965-03-01,Washington,567000,WASPD00,60,76,64,11,120,52,383,136,0,0,1,3,3,18,16,2,6,49,234,532,361,1127,257,136,140,150,212,4,3,141,84,115,17,132,12,50964,93978,75962,169804,17610,96753,505071,1305519,0,0,20840,1596,2891,12436,30249,986,4652,73651,3278,119382,737280,859940,2744181,148075,40906,15860,184136,306188,1731,1509,56215,105322,100099,0,241289,0,0,218437,0,1344201,840154,0,0,2744181,18016,0,7901,0,0,36361,0,1266837,146847,0,0,1475961,1,9.67050780216874
Seattle Police Department,1965-04-01,Washington,567000,WASPD00,67,79,52,14,155,61,428,173,0,0,1,0,0,14,6,4,3,28,167,549,334,1050,251,186,17,165,180,9,1,158,83,135,27,162,6,118087,67075,89694,319059,10251,245776,849941,1682668,0,0,19341,0,0,7891,14515,822,3443,46012,2224,128550,656937,787711,3366333,130939,55412,2360,171487,263018,5357,77,31536,127525,167222,0,213970,0,0,173943,0,1721350,1089847,0,0,3366333,19815,0,4652,0,0,3946,0,1566622,319388,0,0,1914422,1,9.67050780216874
Seattle Police Department,1965-05-01,Washington,567000,WASPD00,62,60,57,19,114,50,362,134,0,0,1,0,0,10,5,4,9,29,167,497,356,1020,218,159,12,172,198,3,7,152,99,123,15,138,11,73389,76755,139139,202481,13007,101598,606370,1266837,0,0,0,0,0,10551,14796,9564,26217,61127,2021,118116,818231,938368,2872702,126539,47289,2427,335180,251627,2069,1083,34988,137166,298973,0,206117,0,0,148529,0,1305519,913563,0,0,2872702,22967,0,5251,0,0,4710,0,1315189,142814,0,0,1490931,1,9.67050780216874
Seattle Police Department,1965-06-01,Washington,567000,WASPD00,59,72,61,8,109,77,386,179,0,0,1,2,1,14,1,3,4,26,151,535,307,993,192,197,17,179,177,4,4,125,98,150,31,181,7,122255,47444,141905,189832,7572,162000,671008,1682668,0,0,29012,8017,0,13780,9071,3066,290,63235,2302,129633,523571,655506,3072417,76929,60054,754,190770,196505,2630,1847,29930,96086,132679,0,242449,0,0,161720,0,1731021,804548,0,0,3072417,27029,0,6586,0,0,24186,0,1702009,156507,0,0,1916317,1,9.67050780216874
Seattle Police Department,1965-07-01,Washington,567000,WASPD00,78,102,76,14,149,57,476,191,0,0,3,0,1,21,5,3,6,39,173,608,310,1091,234,233,2,206,163,7,3,117,126,160,23,183,20,95032,99442,216058,264837,9999,63458,748826,1818055,0,0,29012,0,2708,7350,5145,880,17736,62829,1789,149719,610741,762249,3391960,95593,70208,1209,202800,173885,6228,1808,73999,136519,170172,0,228543,0,0,202520,0,1847067,943658,0,0,3391960,10976,0,11353,0,0,19679,0,1731021,132147,0,0,1905177,1,9.67050780216874
Seattle Police Department,1965-08-01,Washington,567000,WASPD00,72,87,100,11,136,69,475,201,0,0,1,1,3,16,8,3,8,40,222,595,348,1165,220,212,13,240,188,7,8,163,114,145,44,189,16,125543,87518,219453,318276,17078,89230,857097,1934102,0,0,21730,1499,11653,11653,23451,1499,3385,74869,2563,142350,836741,981653,3847721,103678,62665,3791,329726,236666,4564,9061,54165,177338,139304,0,399663,0,0,261442,0,1943772,1104507,0,0,3848688,28054,0,9545,0,0,25076,0,1818055,162706,0,0,2043436,1,9.67050780216874
Seattle Police Department,1965-09-01,Washington,567000,WASPD00,76,84,66,9,98,68,401,162,0,0,0,1,1,11,10,7,3,33,285,503,328,1116,189,183,82,218,188,7,8,149,92,132,29,161,18,112884,42918,60267,347635,99693,131616,795012,1518270,0,0,0,0,367,6150,26081,2234,2379,37212,2979,119731,709361,832070,3182564,91290,54252,2273,305250,250195,4893,1306,52143,70469,282437,0,289535,0,0,139226,0,1576293,895073,0,0,3182564,25588,0,23345,0,0,12272,0,1508599,181022,0,0,1750826,1,9.67050780216874
Seattle Police Department,1965-10-01,Washington,567000,WASPD00,44,68,72,11,148,82,425,153,0,0,1,1,4,40,5,4,3,58,175,438,304,917,176,169,13,161,181,6,3,140,68,132,28,160,13,110901,54987,80874,190238,26139,110428,573567,1445741,0,0,24215,0,5715,13374,10657,948,1547,56456,1770,109925,572649,684343,2760108,65382,50770,4826,192520,215062,3133,638,78660,73351,133086,0,261152,0,0,102556,0,1484423,778892,0,0,2760108,10918,0,27416,0,0,2031,0,1498929,148317,0,0,1687610,1,9.67050780216874
Seattle Police Department,1965-11-01,Washington,567000,WASPD00,50,79,75,4,110,57,375,139,0,0,1,2,2,22,13,2,5,47,263,479,346,1088,249,166,104,194,172,8,10,116,69,98,29,127,7,130987,89559,222509,244035,3946,125978,817013,1324860,0,0,18132,4835,1779,15482,10463,0,6102,56795,2166,115737,658465,776368,2975035,99587,49900,5793,326109,131267,15676,3578,82741,61717,176980,0,244664,0,0,145899,0,1353871,1053621,0,0,2975035,11798,0,6876,0,0,18587,0,1228154,123879,0,0,1389294,1,9.67050780216874
Seattle Police Department,1965-12-01,Washington,567000,WASPD00,56,103,59,4,134,65,421,111,0,0,3,1,0,33,12,2,9,60,188,425,308,921,172,93,6,193,199,6,12,134,106,93,21,114,10,158026,60818,103658,292736,13055,228282,856575,1054085,0,0,26033,0,0,26178,18983,1257,9980,82431,2089,98146,551229,651463,2644555,72858,27851,1905,201988,245786,3907,4497,40036,52637,126780,0,454823,0,0,179494,0,1083097,800360,0,0,2644555,14806,0,40587,0,0,9293,0,1076328,79259,0,0,1220273,1,9.67050780216874
Seattle Police Department,1966-01-01,Washington,575700,WASPD00,65,92,60,9,110,57,393,114,0,0,1,2,2,24,22,5,3,59,192,370,335,897,190,86,11,202,228,6,14,111,49,109,14,123,10,141901,60981,121220,156020,1633,58606,540361,1042009,0,0,36292,59770,3333,28078,68998,5154,3286,204910,1877,83783,715776,801436,2588716,92711,24783,3267,252786,313025,6046,18531,18277,72011,167820,0,446684,0,0,125285,0,1070171,778756,0,0,2588716,14663,0,14579,0,0,4684,0,1107721,89838,0,0,1231486,1,9.38746854942234
Seattle Police Department,1966-02-01,Washington,575700,WASPD00,60,70,68,2,140,69,409,116,0,0,1,0,0,25,2,3,9,40,217,399,298,914,244,106,7,158,203,3,4,137,52,91,29,120,22,78986,94795,157653,198291,0,107646,637372,1070171,0,0,56325,0,0,37738,17367,5595,5323,122347,2497,91584,695217,789298,2619188,79305,29852,507,232875,304727,7670,1080,83539,49744,275804,0,289369,0,0,208496,0,1107721,737799,0,0,2619188,10035,0,26745,0,0,20530,0,1088946,111354,0,0,1257611,1,9.38746854942234
Seattle Police Department,1966-03-01,Washington,575700,WASPD00,52,58,62,8,93,65,338,170,0,0,0,1,4,16,9,4,11,45,157,431,352,940,186,118,2,196,195,7,3,160,73,134,34,168,13,91434,137620,143487,380803,19854,139836,913035,1577095,0,0,0,263,5830,6383,14541,1521,13020,41558,1605,99470,814400,915475,3447163,89697,35532,310,215029,325060,5285,122,159859,84581,402657,0,238442,0,0,324234,0,1577095,904736,0,0,3447163,20615,0,2722,0,0,31223,0,1539545,86881,0,0,1680986,1,9.38746854942234
Seattle Police Department,1966-04-01,Washington,575700,WASPD00,63,85,85,10,110,41,394,159,0,0,0,1,0,22,10,2,6,41,185,485,383,1053,189,176,2,183,227,12,6,147,111,116,28,144,13,114696,112359,95555,235241,6196,94776,658822,1492607,0,0,0,4722,0,15668,35485,1342,10354,67571,2319,112406,684572,799296,3018296,76358,52100,591,268651,227036,10364,864,74555,88777,250336,0,205698,0,0,124891,0,1530157,907214,0,0,3018296,37785,0,12420,0,0,1164,0,1379958,165632,0,0,1596959,1,9.38746854942234
Seattle Police Department,1966-05-01,Washington,575700,WASPD00,89,92,78,11,76,51,397,182,0,0,0,1,2,19,6,6,10,44,237,559,377,1173,240,194,7,221,211,20,11,168,101,146,34,180,16,138531,118639,182295,635043,9772,79615,1163896,1689744,0,0,0,7210,1070,3455,34133,2460,28360,76686,2619,129791,1115212,1247623,4177949,91650,57170,38,288383,300352,21432,3924,43821,440854,164600,0,310941,0,0,674227,0,1689744,1338437,0,0,4177949,33429,0,3079,0,0,56672,0,1670969,480413,0,0,2244563,1,9.38746854942234
Seattle Police Department,1966-06-01,Washington,575700,WASPD00,75,91,72,14,94,54,400,254,0,0,0,0,0,18,7,6,10,41,262,586,448,1296,212,217,38,291,219,13,6,143,157,209,36,245,21,140812,69317,109176,234471,5679,112556,672011,2346867,0,0,0,0,0,24069,6825,2159,8599,41652,2553,138418,901892,1042863,4103394,80404,64774,2797,416625,276095,6768,1652,44619,149129,268773,0,325116,0,0,116611,0,2375030,1017864,0,0,4103394,25027,0,88458,0,0,2704,0,2252992,154339,0,0,2523521,1,9.38746854942234
Seattle Police Department,1966-07-01,Washington,575700,WASPD00,97,103,87,21,132,74,514,261,0,0,0,2,3,25,6,8,11,55,388,606,408,1402,236,218,193,271,246,14,2,132,90,190,56,246,20,177188,160131,158357,222793,56484,63863,838817,2421967,0,0,0,3680,2657,26529,45060,6149,6402,90476,3586,142596,805858,952040,4303300,80338,64492,3426,294260,375827,6947,404,32753,93593,199061,0,317484,0,0,270491,0,2440742,1075522,0,0,4303300,16315,0,5417,0,0,37954,0,2281155,180061,0,0,2520901,1,9.38746854942234
Seattle Police Department,1966-08-01,Washington,575700,WASPD00,79,98,87,9,128,47,448,254,0,0,2,1,3,27,11,4,5,53,319,615,449,1383,196,237,113,295,272,8,3,147,112,196,36,232,17,134128,112941,131293,210908,37569,82347,709186,2375030,0,0,114339,1455,4271,20192,10533,3004,2234,156029,3473,146398,889763,1039634,4279878,88355,69561,2009,438780,241080,5548,1990,45050,147261,256513,0,450739,0,0,158592,0,2393804,1020230,0,0,4279878,14832,0,6046,0,0,4544,0,2168505,86168,0,0,2280094,1,9.38746854942234
Seattle Police Department,1966-09-01,Washington,575700,WASPD00,82,85,83,10,121,96,477,275,0,0,1,1,2,18,8,5,10,45,277,604,470,1351,203,160,101,347,259,6,6,183,86,233,31,264,23,128195,90054,163642,155325,7745,179057,724018,2553391,0,0,29298,0,1408,4384,3201,150,6036,44478,3370,139920,1088890,1232180,4554068,77935,47313,11312,595963,300155,2178,1737,65196,130392,409209,0,313973,0,0,136456,0,2572166,1122262,0,0,4554068,44656,0,10936,0,0,282,0,2450129,113588,0,0,2619592,1,9.38746854942234
Seattle Police Department,1966-10-01,Washington,575700,WASPD00,107,91,102,6,127,85,518,321,0,0,3,1,6,30,10,5,7,62,282,596,489,1367,219,194,89,341,254,11,10,182,67,266,42,308,28,141638,244431,307299,249960,141,104614,1048083,3013377,0,0,65365,28162,2863,15208,31899,2995,2497,148989,2215,139235,942633,1084084,5294532,107346,57170,16175,406552,329003,5417,1155,79118,82150,254335,0,448796,0,0,337789,0,3022765,1230847,0,0,5294532,30040,0,10345,0,0,33391,0,2891340,169481,0,0,3134598,1,9.38746854942234
Seattle Police Department,1966-11-01,Washington,575700,WASPD00,132,110,101,3,126,77,549,293,0,0,1,1,7,33,15,4,7,68,374,562,442,1378,243,128,160,258,230,3,25,167,164,226,33,259,15,283680,387665,223150,251960,1145,240376,1387975,2731753,0,0,4872,0,7191,11931,34152,1061,6111,65318,3398,121455,935574,1060427,5245473,120197,37738,13631,405407,311899,1183,6430,97376,66567,464520,0,364187,0,0,332438,0,2722366,1361962,0,0,5245473,27646,0,9951,0,0,25459,0,2421967,140943,0,0,2625966,1,9.38746854942234
Seattle Police Department,1966-12-01,Washington,575700,WASPD00,120,141,114,5,183,56,619,257,0,0,1,0,6,51,16,10,13,97,280,558,521,1359,202,110,68,360,298,10,26,199,86,202,45,247,15,251443,212908,298137,416503,3455,220634,1403079,2375030,0,0,18775,0,5304,24473,34358,16372,18944,118226,3051,121878,1153044,1277972,5174307,99789,34077,5708,580925,336841,7125,8956,49585,154968,474058,0,447266,0,0,221291,0,2459517,1572176,0,0,5174307,54241,0,23318,0,0,14231,0,2290542,166027,0,0,2548360,1,9.38746854942234
Seattle Police Department,1967-01-01,Washington,580000,WASPD00,79,121,106,8,195,107,616,257,0,0,1,3,7,51,28,7,9,106,324,516,489,1329,219,86,186,285,299,12,23,162,57,199,45,244,28,205501,243865,300488,565425,18625,245125,1579029,2338354,0,0,109610,731,4668,57692,115292,2247,2622,292861,2850,116671,958342,1077863,5288106,108606,25210,25649,423991,353959,14359,5069,57125,63894,356508,0,631337,0,0,300405,0,2438831,1561025,0,0,5288106,27165,0,11345,0,0,107272,0,2256147,154478,0,0,2556406,1,9.13419685236073
Seattle Police Department,1967-02-01,Washington,580000,WASPD00,93,120,87,8,198,78,584,366,0,0,1,1,1,48,30,6,6,93,597,554,459,1610,341,132,420,270,244,7,8,118,70,310,37,347,33,307137,125824,277625,282987,4183,246906,1244662,3343116,0,0,0,9,621,26215,92064,2411,5526,126847,3535,125294,977259,1106087,5820712,111401,39460,22397,390021,344021,4348,913,43342,150184,368008,0,516740,0,0,192996,0,3397921,1345047,0,0,5820712,21447,0,21730,0,0,21931,0,3196969,72918,0,0,3334996,1,9.13419685236073
Seattle Police Department,1967-03-01,Washington,580000,WASPD00,118,106,71,11,250,95,651,310,0,0,2,1,5,56,29,12,10,115,873,527,540,1940,281,136,650,255,294,5,26,201,92,234,46,280,22,223934,289106,163009,711600,17108,181058,1585815,2822467,0,0,21264,1598,1617,43716,80609,8129,24014,180948,2804,117530,1137445,1257779,5847009,134556,39460,7581,421123,461779,5828,8285,57299,121868,357595,0,679593,0,0,322556,0,2895540,1600859,0,0,5856144,22525,0,19209,0,0,2658,0,2594112,142320,0,0,2780824,1,9.13419685236073
Seattle Police Department,1967-04-01,Washington,580000,WASPD00,94,109,55,24,227,76,585,198,0,0,3,2,5,34,34,7,11,96,1275,468,471,2214,231,131,1077,244,247,6,18,173,87,176,41,217,19,262215,167877,69237,560593,15647,161136,1236706,1781168,0,0,89141,27403,6896,19721,573207,1014,90127,807509,2174,101307,1062161,1165642,4991026,131240,38364,7992,313696,320090,3809,4695,100549,245208,273788,0,1134440,0,0,246313,0,1863376,1473108,0,0,4991026,17812,0,47324,0,0,26124,0,1918181,331169,0,0,2340611,1,9.13419685236073
Seattle Police Department,1967-05-01,Washington,580000,WASPD00,127,80,65,32,235,91,630,244,0,0,1,1,0,36,22,14,15,89,728,535,513,1776,258,132,575,259,256,8,13,159,116,192,33,225,16,121786,242741,100029,469379,44228,157556,1135719,2219610,0,0,27403,1827,0,34509,98942,16442,10431,189553,1662,112305,1062307,1176274,4721156,175249,36719,2941,357111,342450,3955,2658,44538,210653,266043,0,531555,0,0,218609,0,2338354,1371710,0,0,4726271,23767,0,11253,0,0,29321,0,2137402,255602,0,0,2457346,1,9.13419685236073
Seattle Police Department,1967-06-01,Washington,580000,WASPD00,124,89,68,18,176,92,567,280,0,0,0,2,1,33,10,6,3,55,336,524,452,1312,217,209,162,226,236,12,12,127,111,216,34,250,19,110478,236466,84500,319195,22826,128326,901792,2539307,0,0,0,0,0,22963,34418,2265,2795,62441,1489,122179,905272,1028940,4532480,123823,58642,8029,280064,362746,8394,1553,56111,129578,244486,0,359284,0,0,272080,0,2566709,1089920,0,0,4532480,12870,0,29010,0,0,57080,0,2274415,135095,0,0,2508470,1,9.13419685236073
Seattle Police Department,1967-07-01,Washington,580000,WASPD00,164,94,123,19,192,78,670,303,0,0,0,1,1,45,8,9,5,69,472,528,492,1492,228,195,275,281,217,7,13,132,144,216,46,262,25,182602,289709,343829,503029,49507,160177,1528854,2721991,0,0,0,3654,0,11463,5069,2439,1516,24142,2156,122298,985032,1109485,5384472,147864,56449,12441,323250,357083,3873,14295,45360,148869,252323,0,505304,0,0,359412,0,2804198,1463234,0,0,5384472,11683,0,29704,0,0,45141,0,2402294,172910,0,0,2661732,1,9.13419685236073
Seattle Police Department,1967-08-01,Washington,580000,WASPD00,148,121,108,27,191,70,665,230,0,0,0,0,1,40,7,9,6,63,435,520,571,1526,229,199,231,317,260,9,15,115,151,46,195,241,27,292833,301556,203948,360371,32545,137269,1328523,2091731,0,0,0,0,0,72626,5234,3882,10203,91945,4722,119256,1508485,1632464,5144663,111930,57545,5143,562319,513771,5818,4357,38647,332932,272875,0,515470,0,0,356179,0,2201341,1798797,0,0,5144663,21767,0,19721,0,0,69466,0,1945584,216700,0,0,2273237,1,9.13419685236073
Seattle Police Department,1967-09-01,Washington,580000,WASPD00,162,173,117,11,207,61,731,280,0,0,1,1,0,23,18,11,10,64,1176,459,522,2157,249,145,998,287,254,8,9,115,92,210,38,248,22,404462,241526,220837,325607,15345,115822,1323600,2539307,0,0,18268,45671,0,10641,137168,17739,46420,275908,11180,105966,1339128,1456274,5595088,162735,40282,11600,401256,437775,2192,2457,37286,360691,436140,0,711335,0,0,352653,0,2584978,1509983,0,0,5595088,24471,0,72060,0,0,18579,0,2301818,408828,0,0,2825755,1,9.13419685236073
Seattle Police Department,1967-10-01,Washington,580000,WASPD00,188,145,105,13,228,108,787,352,0,0,1,0,1,34,24,12,8,80,751,452,575,1778,241,129,563,316,272,8,16,140,93,267,48,315,29,216124,349328,206479,622203,13491,169111,1576736,3196969,0,0,125942,0,365,13948,44493,7463,7508,199719,10513,103381,1573585,1687479,6660903,157400,37268,11071,601003,605497,7865,9527,57591,200258,458007,0,633858,0,0,351137,0,3224371,1993529,0,0,6660903,22899,0,162369,0,0,9372,0,2868138,206990,0,0,3269768,1,9.13419685236073
Seattle Police Department,1967-11-01,Washington,580000,WASPD00,159,142,105,10,259,73,748,275,0,0,2,1,2,46,12,10,12,85,765,453,595,1813,255,114,564,319,290,8,25,170,68,224,52,276,26,248277,479545,335965,572678,24626,134309,1795399,2475367,0,0,8586,22835,1050,65209,14861,8148,18278,138968,12267,102988,1275600,1390855,5800590,181076,34116,16003,443858,530204,6394,2959,70589,105655,394954,0,581839,0,0,346862,0,2566709,1910225,0,0,5800590,22507,0,16597,0,0,14514,0,2438831,211932,0,0,2704380,1,9.13419685236073
Seattle Police Department,1967-12-01,Washington,580000,WASPD00,150,152,103,7,255,112,779,265,0,0,1,0,11,79,24,4,16,135,1660,498,586,2744,226,57,1402,362,327,9,30,209,122,227,48,275,32,393355,322766,316034,918443,3124,307028,2260750,2402294,0,0,21694,0,11582,40136,31604,16624,24964,146604,25393,102303,1216702,1344398,6154046,169823,16716,25795,502079,463204,5919,7015,58578,95270,425745,0,613535,0,0,408938,0,2447965,2257864,0,0,6154046,35176,0,18004,0,0,26206,0,2402294,195673,0,0,2677352,1,9.13419685236073
Seattle Police Department,1968-01-01,Washington,587000,WASPD00,139,142,111,5,210,133,740,243,0,0,1,0,7,51,16,7,14,96,1143,421,595,2159,256,96,905,310,333,5,27,155,72,210,34,244,12,372291,315579,362217,426839,76413,398842,1952181,2076117,0,0,7008,0,10092,31115,45140,929,6807,101090,12492,87898,1161557,1261946,5391335,152748,26280,10985,435109,434408,6036,10565,67986,117831,412604,0,438341,0,0,367438,0,2102397,2068697,0,0,5389478,35338,0,17318,0,0,8243,0,2058597,291681,0,0,2411178,1,8.75998802108289
Seattle Police Department,1968-02-01,Washington,587000,WASPD00,151,142,115,15,261,94,778,317,0,0,1,1,8,49,28,19,16,122,743,586,578,1907,392,108,498,323,303,5,25,144,109,290,43,333,19,340387,313800,427093,770064,10416,186710,2048471,2733116,0,0,55696,0,8077,41067,57868,8094,13324,184126,7245,111637,1111371,1230253,6195966,208277,29959,10162,443755,363706,4214,7341,41557,121282,414479,0,472549,0,0,572658,0,2785676,1950604,0,0,6195966,27603,0,13587,0,0,32053,0,2759396,271376,0,0,3104014,1,8.75998802108289
Seattle Police Department,1968-03-01,Washington,587000,WASPD00,162,153,111,17,214,88,745,310,0,0,0,4,7,72,29,18,10,140,278,454,607,1339,367,120,11,275,308,9,27,133,89,254,41,295,35,416248,364468,283158,359519,18492,210897,1652782,2680556,0,0,0,4818,3460,32929,60593,18799,32053,152652,2348,99426,1210937,1312710,5798700,261083,33638,2838,373850,443693,15111,15067,23293,144137,357504,0,469798,0,0,421925,0,2724356,1825117,0,0,5798700,19421,0,19692,0,0,55757,0,2435277,228014,0,0,2758161,1,8.75998802108289
Seattle Police Department,1968-04-01,Washington,587000,WASPD00,152,121,103,22,171,103,672,240,0,0,0,2,3,64,22,20,8,119,227,465,574,1266,295,138,22,284,248,6,20,127,126,202,36,238,27,493240,434373,324698,596739,34488,364337,2247874,2067357,0,0,0,23652,3522,73409,65104,20113,4065,189864,2102,100521,1147786,1250409,5755505,205492,39157,12071,403949,305759,1314,4993,60680,216994,447241,0,573946,0,0,621101,0,2181237,1931980,0,0,5755505,7884,0,87661,0,0,7875,0,1979757,133634,0,0,2216811,1,8.75998802108289
Seattle Police Department,1968-05-01,Washington,587000,WASPD00,182,98,98,18,206,86,688,224,0,0,0,1,5,70,24,16,15,131,271,531,649,1451,309,169,61,327,291,7,8,131,148,169,33,202,27,352003,511496,245376,440417,343900,137768,2030959,1944717,0,0,0,2164,7402,57255,58245,3530,13438,142034,1953,115124,1290565,1407642,5525354,210616,45464,4906,407839,517181,5948,596,30301,184792,247137,0,445235,0,0,833530,0,2023557,1975894,0,0,5525354,16994,0,17774,0,0,378948,0,1743238,182418,0,0,2339372,1,8.75998802108289
Seattle Police Department,1968-06-01,Washington,587000,WASPD00,197,113,132,31,187,83,743,293,0,0,2,5,2,66,21,25,15,136,273,570,617,1460,280,242,4,350,265,9,24,125,161,249,40,289,23,309263,378764,360903,314536,19000,292084,1674551,2540397,0,0,0,4914,701,89825,61206,18387,27524,202557,2532,124094,1340383,1467009,5884513,185309,68854,184,413200,399964,3075,25816,86041,284568,316998,0,557521,0,0,394094,0,2654276,1961624,0,0,5884513,22574,0,7612,0,0,35741,0,2163717,178196,0,0,2644360,1,8.75998802108289
Seattle Police Department,1968-07-01,Washington,587000,WASPD00,250,135,155,21,222,73,856,343,0,0,1,2,10,82,37,25,25,182,440,574,685,1699,288,183,174,421,304,12,14,129,174,273,72,345,25,498601,643570,384213,615713,47628,200534,2390259,2943356,0,0,15330,7446,13797,47514,154456,14200,43590,296333,4336,126967,1350212,1481515,7111463,204817,52034,3819,381427,411308,4327,3320,77465,342997,382811,0,673284,0,0,671655,0,3013436,2370278,0,0,7111463,34558,0,10083,0,0,57860,0,2785676,228934,0,0,3117110,1,8.75998802108289
Seattle Police Department,1968-08-01,Washington,587000,WASPD00,324,146,154,18,192,85,919,312,0,0,2,5,14,114,69,35,20,259,425,587,683,1695,298,190,198,418,294,11,24,139,123,244,63,307,24,280871,647442,423318,466872,44177,246208,2108888,2706836,0,0,499319,22119,25684,77920,439042,20192,104375,1188652,3653,125864,1283356,1412872,7417248,205877,52560,10538,486994,480923,6999,4424,52928,111629,520685,0,1478590,0,0,566561,0,2794436,2056977,0,0,7417248,19614,0,17152,0,0,20674,0,2540397,184205,0,0,2782041,1,8.75998802108289
Seattle Police Department,1968-09-01,Washington,587000,WASPD00,267,180,125,18,175,110,875,382,0,0,3,8,11,88,50,21,29,210,289,540,772,1601,351,151,81,395,313,19,14,135,142,296,60,356,26,455309,733088,252866,448976,58858,424255,2373352,3284996,0,0,54312,46883,17599,64465,4473481,5598,84201,4746538,2015,120205,2927141,3049361,13454247,274223,43099,23188,529524,1891553,15435,8778,53804,209758,542506,0,704934,0,0,5007349,0,3328795,3870662,0,0,13454247,33095,0,12343,0,0,29153,0,3057236,191633,0,0,3323461,1,8.75998802108289
Seattle Police Department,1968-10-01,Washington,587000,WASPD00,354,174,120,17,225,86,976,422,0,0,6,5,10,91,70,26,21,229,319,575,748,1642,373,138,43,412,371,17,33,145,110,374,62,436,25,512389,880703,509393,472435,22706,153484,2551110,3609115,0,0,49494,964,6982,74837,361525,28899,29530,552230,2321,129455,1583175,1714952,8427406,264490,38894,11213,622038,617632,8611,9364,48399,94310,511496,0,959201,0,0,565475,0,3696715,2694520,0,0,8427406,18536,0,5019,0,0,23722,0,3486475,162507,0,0,3696259,1,8.75998802108289
Seattle Police Department,1968-11-01,Washington,587000,WASPD00,285,176,133,11,243,94,942,487,0,0,5,3,10,185,119,34,38,394,261,513,719,1493,401,115,36,336,340,7,28,142,88,418,51,469,24,566850,837998,481931,937914,20358,412315,3257367,4178514,0,0,20893,175,7157,129149,614399,17818,53611,843201,1542,113048,1501839,1616428,9895510,323033,30748,10398,479548,591387,2120,12369,44667,122158,579762,0,1300359,0,0,699240,0,2953675,4362474,0,0,9895510,20043,0,72139,0,0,38018,0,210424,4047114,0,0,4387738,1,8.75998802108289
Seattle Police Department,1968-12-01,Washington,587000,WASPD00,288,215,167,10,221,98,999,395,0,0,1,11,15,119,87,17,29,279,298,548,817,1663,436,73,25,421,354,10,34,191,119,333,32,365,23,485855,687063,493108,694282,2286,255108,2617703,3355075,0,0,13841,77473,13149,58569,251140,45797,49038,509008,2102,116263,1586635,1705000,8186787,425805,19184,7919,616624,440181,12816,11441,35898,135132,493836,0,1016448,0,0,492776,0,3503995,2679733,0,0,8186787,77377,0,44650,0,0,27086,0,3241196,151022,0,0,3541330,1,8.75998802108289
Seattle Police Department,1969-01-01,Washington,591000,WASPD00,238,181,149,6,229,108,911,434,0,0,2,5,8,100,44,19,24,202,228,425,663,1316,333,32,18,290,379,4,24,161,75,348,51,399,24,605552,476855,366730,566554,2832,319476,2337998,3413876,0,0,144006,31564,4843,68743,161756,9677,32295,452883,1586,83312,1381316,1466214,7670971,242011,8223,5798,496167,498210,2484,5034,127111,81177,393958,0,825086,0,0,503850,0,3480326,2467751,0,0,7670971,16363,0,9968,0,0,7434,0,3189607,157877,0,0,3381249,1,8.30626760563381
Seattle Police Department,1969-02-01,Washington,591000,WASPD00,326,194,158,15,267,117,1077,467,0,0,1,3,6,99,51,18,28,206,326,433,678,1437,318,83,10,330,400,13,28,163,92,399,50,449,19,466247,704529,397671,677534,27286,383783,2657050,3812577,0,0,4153,0,3655,84516,146938,8979,24229,272470,2882,89965,1664584,1757432,8499530,218671,22178,3862,774983,543903,6504,8531,61907,116894,391134,0,684603,0,0,528295,0,3920558,2974940,0,0,8499530,24080,0,11139,0,0,16455,0,3787658,362128,0,0,4201460,1,8.30626760563381
Seattle Police Department,1969-03-01,Washington,591000,WASPD00,422,202,170,36,282,135,1247,507,0,0,1,5,5,89,48,20,23,191,333,625,837,1795,416,207,27,411,391,12,27,172,132,409,59,468,12,482935,1006670,643977,924911,55536,430290,3544318,4061765,0,0,182738,14079,2484,59872,133723,27676,22203,442774,2949,128905,1753777,1885631,9934487,371847,54323,2126,609888,466372,14370,9361,36930,320414,594097,0,1012692,0,0,676072,0,4136521,3515104,0,0,9934487,26912,0,10624,0,0,39056,0,3804271,425821,0,0,4306683,1,8.30626760563381
Seattle Police Department,1969-04-01,Washington,591000,WASPD00,440,209,153,38,277,111,1228,420,0,0,3,1,3,63,33,37,23,163,315,626,867,1808,443,179,4,451,379,10,28,174,140,328,64,392,19,644915,1329825,536543,888629,46773,375709,3822395,3405570,0,0,7858,8306,665,58493,69764,40900,18731,204716,2592,126662,1799362,1928616,9361296,322017,47097,150,588167,549593,9178,13572,71052,327790,645563,0,892724,0,0,831017,0,3521857,3470134,0,0,9361296,23914,0,19428,0,0,20799,0,3256057,474113,0,0,3794311,1,8.30626760563381
Seattle Police Department,1969-05-01,Washington,591000,WASPD00,404,157,149,33,212,84,1039,462,0,0,0,0,7,119,51,25,24,226,310,619,866,1795,377,196,11,487,390,10,21,150,153,407,43,450,18,339585,1084433,440448,694911,49588,229510,2838476,3729514,0,0,0,0,7276,136729,131530,10765,36921,323222,2268,127335,1712088,1841691,8732902,288792,51831,1487,641111,441586,8439,5640,34596,368209,586755,0,699579,0,0,556769,0,3870721,3019079,0,0,8732902,16239,0,5740,0,0,55087,0,3513551,197739,0,0,3788356,1,8.30626760563381
Seattle Police Department,1969-06-01,Washington,591000,WASPD00,375,183,231,30,212,113,1144,448,0,0,2,0,4,120,42,29,20,217,309,743,920,1972,383,236,15,557,362,15,45,160,199,377,50,427,18,418054,943874,578656,523345,91543,278625,2834099,3555083,0,0,71035,0,7999,108995,48176,35418,38890,310513,4078,158999,1612487,1775564,8475259,294848,62795,2268,672226,437466,8755,11355,36431,249421,409682,0,873794,0,0,692319,0,3679677,2819787,0,0,8475259,35900,0,31879,0,0,26073,0,3314201,212724,0,0,3620777,1,8.30626760563381
Seattle Police Department,1969-07-01,Washington,591000,WASPD00,367,240,252,33,270,120,1282,650,0,0,0,0,4,106,36,25,35,206,341,779,936,2056,428,246,14,571,380,5,34,155,223,531,74,605,21,726142,1034919,659584,555831,58742,947645,3982864,5141580,0,0,0,0,4984,79881,280237,10217,52745,428064,2500,162562,1781711,1946773,11499280,327142,64540,1512,681795,437931,1487,9585,37071,385710,788423,0,796156,0,0,1464287,0,5183111,3267304,0,0,11499280,42196,0,10582,0,0,257660,0,4801023,485850,0,0,5597311,1,8.30626760563381
Seattle Police Department,1969-08-01,Washington,591000,WASPD00,458,210,237,36,281,147,1369,593,0,0,4,1,8,109,34,30,24,210,930,752,1025,2707,458,280,554,628,378,9,32,177,191,510,68,578,29,481672,1094434,908988,699579,138515,296276,3619464,4809329,0,0,29570,3323,7650,69499,39455,15508,37212,202216,10964,158334,2029529,2198827,10829836,405113,74507,11795,805127,493284,9037,11488,38242,350234,634591,0,825361,0,0,681122,0,4867473,3821290,0,0,10829836,27735,0,16895,0,0,51881,0,4485385,246704,0,0,4828599,1,8.30626760563381
Seattle Police Department,1969-09-01,Washington,591000,WASPD00,411,239,228,16,257,117,1268,519,0,0,2,0,9,130,35,34,29,239,313,636,877,1826,396,191,26,493,372,8,33,162,145,402,72,474,37,637381,1058501,774294,556038,50593,375742,3452550,4169746,0,0,1670,0,5416,73585,496565,41241,55802,674278,4170,133473,1770755,1908398,10204972,301011,50834,3131,686663,549651,22070,11562,41573,241903,609821,0,682161,0,0,1201593,0,4310953,3400445,0,0,10204972,26190,0,10100,0,0,43658,0,3829189,271598,0,0,4180736,1,8.30626760563381
Seattle Police Department,1969-10-01,Washington,591000,WASPD00,491,267,206,17,240,105,1326,443,0,0,2,1,6,139,35,31,38,252,574,649,890,2113,398,171,321,453,396,3,39,197,135,372,58,430,17,709962,1268741,542474,649318,50593,265709,3486797,3546776,0,0,48351,0,9585,97565,46665,16903,38998,258067,6778,133764,1831748,1972290,9263930,339261,44605,10541,710410,490286,3680,20533,54157,298818,575043,0,806098,0,0,637946,0,3580001,3664842,0,0,9263930,31140,0,6388,0,0,43558,0,3106544,241064,0,0,3428694,1,8.30626760563381
Seattle Police Department,1969-11-01,Washington,591000,WASPD00,427,322,294,17,226,136,1422,511,0,0,3,2,3,105,27,26,34,200,1213,635,974,2822,415,125,874,536,408,6,56,193,209,428,68,496,30,904627,1144936,847256,650298,46548,586456,4180121,4020234,0,0,0,8306,831,82531,34562,38566,42927,207723,17294,124785,2013439,2155518,10563596,344145,34886,15234,982631,510619,2367,14087,61824,189723,810891,0,833575,0,0,714007,0,4128215,4076907,0,0,10563596,45618,0,16413,0,0,62804,0,3721208,205206,0,0,4051249,1,8.30626760563381
Seattle Police Department,1969-12-01,Washington,591000,WASPD00,429,331,281,19,302,145,1507,437,0,0,1,3,3,126,50,25,39,247,659,619,981,2259,380,99,389,554,444,7,53,204,129,338,55,393,26,903597,1283717,806763,975687,16521,443114,4429400,3480326,0,0,15126,12144,2542,73859,83370,44671,93379,325091,8539,125508,1944406,2078452,10313270,321527,26414,8364,967830,487711,9054,51607,63535,142411,879094,0,882749,0,0,711689,0,3621533,4218205,0,0,10313270,46789,0,40892,0,0,14818,0,3239444,220980,0,0,3562924,1,8.30626760563381
Seattle Police Department,1970-01-01,Washington,530831,WASPD00,362,342,248,11,290,123,1376,375,0,0,1,0,7,94,39,27,30,198,1398,531,743,2672,318,97,1111,443,386,6,28,182,101,274,61,335,34,890780,965047,696870,839242,84210,538143,4014291,2848852,0,0,0,0,9049,63059,63350,25184,54065,214708,19408,102975,1615911,1738294,8816145,205251,24486,18106,803698,512315,1303,7950,43667,121520,761734,0,635318,0,0,550598,0,2950877,3917619,0,0,8816145,41815,0,4756,0,0,34147,0,2558473,355259,0,0,2994449,1,7.84807684052372
Seattle Police Department,1970-02-01,Washington,530831,WASPD00,409,293,212,19,289,141,1363,349,0,0,4,2,3,76,20,18,21,144,457,501,730,1688,452,98,23,386,388,12,39,190,100,278,45,323,26,739642,1122542,746941,839619,8751,311812,3769306,2597713,0,0,25710,2354,1750,30246,26268,15782,90057,192168,4026,93274,1478531,1575831,8135018,222980,24486,220,676889,450001,2182,10642,38534,149898,573443,0,522925,0,0,677917,0,2715435,3645298,0,0,8135018,21323,0,12314,0,0,30003,0,2464296,247175,0,0,2775111,1,7.84807684052372
Seattle Police Department,1970-03-01,Washington,530831,WASPD00,553,289,241,37,270,112,1502,297,0,0,5,2,3,82,25,22,33,172,418,549,832,1799,394,159,65,425,385,10,55,182,124,317,63,380,38,849790,1138646,748581,642137,204223,907371,4490748,2323031,0,0,49851,596,1405,38495,65759,23034,57825,236965,3924,106294,1616829,1727048,8777791,274275,40261,5792,653180,448259,11293,12981,25726,255282,627360,0,678929,0,0,1263642,0,2409360,3798501,0,0,8777791,16787,0,11380,0,0,8586,0,2111133,304356,0,0,2452241,1,7.84807684052372
Seattle Police Department,1970-04-01,Washington,530831,WASPD00,457,214,183,23,187,93,1157,329,0,0,3,0,0,57,15,22,31,128,352,540,802,1694,391,157,11,410,385,4,22,175,139,291,72,363,22,431966,1142382,564936,502104,17854,269911,2929153,2448600,0,0,17462,0,0,44985,610643,11293,78677,763061,2402,104772,1439039,1546212,7687026,253014,40025,910,562652,379910,432,7636,33346,268287,496250,0,488967,0,0,1123978,0,2527081,3050752,0,0,7687026,30670,0,19165,0,0,46712,0,2236702,274895,0,0,2608144,1,7.84807684052372
Seattle Police Department,1970-05-01,Washington,530831,WASPD00,484,186,209,37,177,112,1205,355,0,0,2,1,3,83,17,26,34,166,344,642,816,1802,368,207,22,460,355,7,43,185,155,237,66,303,30,838936,1502828,620626,608611,105612,382327,4058939,2691890,0,0,16481,0,2354,47402,7636,22343,175114,271332,2119,124392,1598700,1725211,8747372,240991,50856,753,612126,456444,5533,13255,62282,282970,573035,0,713531,0,0,779526,0,2762523,3918757,0,0,8747372,73254,0,14982,0,0,622305,0,2307335,379580,0,0,3397456,1,7.84807684052372
Seattle Police Department,1970-06-01,Washington,530831,WASPD00,460,210,221,24,174,144,1233,321,0,0,3,0,3,78,12,30,28,154,290,681,810,1781,332,302,13,465,331,6,24,123,185,234,60,294,23,512558,1003918,647647,443785,36093,481440,3125442,2370119,0,0,19620,0,2119,35858,21449,33810,51884,164739,2064,140692,1489196,1631953,7292252,199043,78402,1130,616694,353933,4623,7008,22830,348290,423435,0,527242,0,0,457135,0,2440752,3443689,0,0,7292252,45017,0,22807,0,0,36117,0,2001260,270154,0,0,2375354,1,7.84807684052372
Seattle Police Department,1970-07-01,Washington,530831,WASPD00,387,188,236,20,201,102,1134,433,0,0,1,0,8,71,18,19,29,146,334,780,845,1959,351,345,6,478,325,11,29,184,230,305,70,375,29,401358,746376,539634,567078,46775,310117,2611338,3264800,0,0,0,0,12565,37004,60768,6883,1591080,1708299,2284,151366,1640939,1794588,9379025,232389,86172,1436,532971,511514,5902,7974,56012,360219,330608,0,495410,0,0,2021445,0,3327585,3203977,0,0,9379025,21975,0,10925,0,0,11804,0,2786067,155879,0,0,2986648,1,7.84807684052372
Seattle Police Department,1970-08-01,Washington,530831,WASPD00,376,191,260,27,167,98,1119,443,0,0,2,1,0,73,19,27,24,146,339,729,780,1848,351,309,6,442,321,12,36,207,164,301,69,370,35,384987,805566,769457,296634,21323,364245,2642212,3351129,0,0,2354,1020,0,53124,189994,11254,120766,378513,2637,144593,1586952,1734182,8106035,220123,80050,777,591423,571850,7103,16041,46657,200157,324094,0,690976,0,0,636346,0,3437458,3017162,0,0,8106035,40527,0,5101,0,0,75734,0,2848852,163059,0,0,3133274,1,7.84807684052372
Seattle Police Department,1970-09-01,Washington,530831,WASPD00,410,219,246,20,178,105,1178,357,0,0,2,1,4,92,23,34,27,183,286,669,757,1712,335,209,10,423,349,17,36,181,152,277,44,321,38,600150,944469,692459,348408,20429,260062,2865976,2691890,0,0,3916,463,2511,56216,20468,13907,55855,153336,1797,132374,1758189,1892360,7603562,240363,51797,1169,499271,823138,8091,10234,43078,215218,347254,0,466262,0,0,511687,0,2793915,3484444,0,0,7603562,31824,0,4560,0,0,17015,0,2275942,533402,0,0,2862743,1,7.84807684052372
Seattle Police Department,1970-10-01,Washington,530831,WASPD00,471,210,239,17,183,86,1206,307,0,0,0,2,2,78,15,27,34,158,460,670,662,1792,277,222,141,402,368,6,32,223,121,229,51,280,28,572619,1237532,634219,377806,26950,208076,3057203,2291638,0,0,0,3987,1389,44067,32004,15312,175475,272234,5297,131738,1627291,1764326,7385401,176503,54623,3900,405016,918955,2660,11129,49749,141791,395166,0,400511,0,0,544743,0,2425056,3619925,0,0,7385401,37271,0,14409,0,0,10414,0,1914931,257315,0,0,2234340,1,7.84807684052372
Seattle Police Department,1970-11-01,Washington,530831,WASPD00,397,226,181,23,167,144,1138,377,0,0,2,2,5,88,27,19,47,190,507,600,581,1688,288,168,146,338,331,9,52,264,92,231,51,282,34,649632,1047043,604459,504843,55635,286525,3148138,2841004,0,0,8884,19934,3037,57573,74400,14692,31683,210203,5062,117258,1074237,1196557,7395902,192137,40967,3241,399703,332531,4685,61223,62133,99937,378866,0,583952,0,0,576928,0,2919485,2936672,0,0,7395902,42827,0,20923,0,0,24627,0,2244550,214472,0,0,2547399,1,7.84807684052372
Seattle Police Department,1970-12-01,Washington,530831,WASPD00,358,235,210,39,189,128,1159,357,0,0,1,3,14,90,30,30,31,199,574,538,584,1696,322,82,255,239,345,1,66,260,126,309,62,371,30,721073,1245914,614967,662904,28857,288809,3562525,2684042,0,0,0,11466,14825,54073,28802,33598,50636,193400,8601,96657,1386292,1491551,7931518,234037,20013,6239,280569,797106,2048,20491,59826,71221,422917,0,506452,0,0,507661,0,2833156,3661332,0,0,7931518,67101,0,26935,0,0,29438,0,2715435,290606,0,0,3129515,1,7.84807684052372
Seattle Police Department,1971-01-01,Washington,525000,WASPD00,336,252,195,23,160,99,1065,286,0,0,1,2,6,71,18,21,28,147,667,470,587,1724,295,86,412,241,372,3,28,196,91,217,45,262,26,601341,737349,505231,315051,47551,363791,2570314,2076912,0,0,10031,670,4267,60682,18022,9007,53488,156167,11099,86154,1102359,1199612,6003006,208903,20092,10242,345798,446657,1610,10490,55317,100504,390377,0,444339,0,0,418957,0,2174738,2574596,0,0,6003006,29528,0,56235,0,0,8511,0,1896311,204854,0,0,2195439,1,7.52504424778761
Seattle Police Department,1971-02-01,Washington,525000,WASPD00,264,213,168,19,150,90,904,212,0,0,3,3,3,64,17,28,15,133,654,489,611,1754,418,148,295,228,325,10,29,224,77,144,66,210,23,563490,608016,523073,367899,9948,169283,2241711,1527584,0,0,34420,4199,7036,63903,43630,10941,321809,485937,11024,87817,1451107,1549948,5805180,285154,34991,7405,291302,496871,4560,12830,33945,382889,397187,0,387901,0,0,860850,0,1617885,2541358,0,0,5805180,9956,0,26706,0,0,124111,0,1565209,464732,0,0,2190713,1,7.52504424778761
Seattle Police Department,1971-03-01,Washington,525000,WASPD00,303,210,136,24,168,102,943,287,0,0,1,1,2,55,14,27,11,111,447,531,586,1564,336,136,148,239,347,7,25,226,100,205,58,263,28,762159,797429,354324,450449,65829,286456,2716646,2107012,0,0,0,0,75,25525,19467,9519,13771,68358,5606,93867,1603331,1702805,6594821,246107,31379,3687,307074,849577,2431,10302,48491,203756,246393,0,350772,0,0,512358,0,2182263,3303035,0,0,6594821,16570,0,8842,0,0,8293,0,1979087,318595,0,0,2331387,1,7.52504424778761
Seattle Police Department,1971-04-01,Washington,525000,WASPD00,326,270,202,25,180,84,1087,276,0,0,2,2,2,83,16,48,22,175,906,678,644,2228,337,277,627,272,321,5,39,226,124,206,65,271,27,672686,811531,742346,529583,26277,161698,2944121,2001662,0,0,53992,5268,557,36045,15795,25247,22605,159508,14125,126142,842000,982267,6087558,259328,64791,14087,268968,181113,18910,7314,73046,94710,334864,0,564220,0,0,654039,0,2076912,2457521,0,0,6087558,18587,0,62082,0,0,14125,0,1888786,171104,0,0,2154684,1,7.52504424778761
Seattle Police Department,1971-05-01,Washington,525000,WASPD00,305,189,212,29,195,152,1082,382,0,0,1,1,1,90,21,24,15,153,598,797,598,1993,300,369,295,311,299,4,38,211,166,257,57,314,20,412643,534700,623450,370744,45203,281888,2268628,2814367,0,0,0,0,226,98179,37287,8488,31477,175657,8526,152329,1067631,1228486,6487137,194101,85334,6848,427490,286065,504,5516,61517,161111,405675,0,388947,0,0,356619,0,2942292,2393604,0,0,6487137,16563,0,17428,0,0,14922,0,2325239,171624,0,0,2545775,1,7.52504424778761
Seattle Police Department,1971-06-01,Washington,525000,WASPD00,326,264,195,33,200,153,1171,343,0,0,0,2,5,71,14,20,21,133,318,865,661,1844,313,437,4,301,321,12,25,258,173,264,55,319,28,558524,739930,466327,359833,30830,320830,2476274,2445639,0,0,0,715,3266,65934,22680,27722,121582,241900,2378,166898,1188927,1358203,6522016,242036,102491,45,350787,411477,7021,6088,57800,180458,312274,0,500084,0,0,511921,0,2528415,2669321,0,0,6522016,42358,0,30409,0,0,35729,0,2249988,331794,0,0,2690279,1,7.52504424778761
Seattle Police Department,1971-07-01,Washington,525000,WASPD00,284,241,206,14,160,100,1005,293,0,0,0,1,4,68,23,26,20,142,283,809,601,1693,300,363,13,266,298,10,31,215,197,233,42,275,27,530794,494275,661075,327648,28971,267252,2310016,2152163,0,0,0,3763,7999,58033,15238,10535,70179,165747,2024,155633,1211976,1369633,5997558,250170,85108,1076,248921,532058,7736,4583,43781,196200,291302,0,401077,0,0,381076,0,2204838,2719265,0,0,5997558,24727,0,5305,0,0,8594,0,2009187,246934,0,0,2294747,1,7.52504424778761
Seattle Police Department,1971-08-01,Washington,525000,WASPD00,355,232,214,21,142,91,1055,317,0,0,1,2,0,67,23,18,25,136,349,617,884,1850,282,422,78,313,321,9,16,205,204,233,63,296,31,425684,576509,635332,305223,80789,347379,2370916,2528415,0,0,0,0,0,29920,28550,23027,40583,122079,3763,110776,1320141,1434680,6456089,224427,219257,2032,376230,397902,4267,7480,34209,168877,340185,0,347484,0,0,461376,0,2611190,2695855,0,0,6456089,22342,0,7201,0,0,36459,0,2340289,204756,0,0,2611047,1,7.52504424778761
Seattle Police Department,1971-09-01,Washington,525000,WASPD00,342,210,221,27,156,118,1074,286,0,0,3,0,2,80,16,29,13,143,280,519,767,1566,304,247,7,274,343,15,18,217,141,212,55,267,25,542947,639847,612817,553399,18158,281482,2648650,2076912,0,0,145354,0,3010,45812,8180,65310,12093,279759,3341,94688,1218756,1316785,6322106,255987,136738,564,313636,369517,5004,8097,45812,181429,422313,0,557282,0,0,419228,0,2114537,2808745,0,0,6322106,28400,0,20084,0,0,13395,0,1948986,290038,0,0,2300903,1,7.52504424778761
Seattle Police Department,1971-10-01,Washington,525000,WASPD00,435,204,183,23,137,106,1088,296,0,0,0,1,0,118,21,36,23,199,376,476,718,1570,310,175,47,243,372,4,34,269,116,226,43,269,24,502402,1088881,450848,245271,88796,239266,2615465,2137113,0,0,0,0,0,102250,34886,35797,58176,231109,3334,83031,1266901,1353266,6336953,256755,94093,3063,420131,393033,2212,8300,50726,124953,314705,0,529349,0,0,533593,0,2257513,2701792,0,0,6336953,24486,0,15810,0,0,31598,0,1994137,234623,0,0,2300654,1,7.52504424778761
Seattle Police Department,1971-11-01,Washington,525000,WASPD00,379,201,186,21,130,109,1026,287,0,0,0,2,1,89,19,25,14,150,473,453,619,1545,250,127,197,214,382,4,32,244,95,236,45,281,28,593109,970753,345114,424721,21597,287938,2643232,2009187,0,0,0,0,376,30522,20190,6005,28362,85454,5614,76229,1180371,1262213,6000087,192280,71691,4154,436611,443308,1151,11084,43043,58891,283777,0,496141,0,0,278923,0,2076912,2864333,0,0,6000087,24592,0,8022,0,0,3680,0,2016712,177681,0,0,2230686,1,7.52504424778761
Seattle Police Department,1971-12-01,Washington,525000,WASPD00,310,200,175,31,132,107,955,245,0,0,0,7,3,83,26,32,28,179,704,494,582,1780,241,75,362,232,353,13,31,337,136,180,35,215,20,508452,758517,521147,286162,37023,282596,2393897,1783435,0,0,0,11626,1987,44556,26255,9248,51238,144910,10069,77591,1100613,1188272,5510515,155964,35217,7961,276026,377780,7668,17744,50237,259674,365785,0,353572,0,0,457771,0,1851161,2482226,0,0,5510515,23508,0,7359,0,0,16510,0,1580259,223072,0,0,1850709,1,7.52504424778761
Seattle Police Department,1972-01-01,Washington,515000,WASPD00,264,183,181,32,128,111,899,252,0,0,3,0,2,67,17,17,9,115,427,395,579,1401,252,60,165,190,402,5,23,237,67,170,43,213,23,475786,840036,519149,322367,79300,191237,2427875,1792505,0,0,44179,15994,2281,71627,63182,13641,6004,216908,4583,65346,1030210,1100139,5537427,163329,30181,3782,260890,499817,1144,5385,50125,85486,423483,0,421749,0,0,390409,0,1850798,2450988,0,0,5537427,12161,0,55925,0,0,27092,0,1515614,235773,0,0,1846564,1,7.28660621761658
Seattle Police Department,1972-02-01,Washington,515000,WASPD00,291,206,129,58,123,112,919,213,0,0,0,1,4,77,31,15,19,147,301,358,551,1210,258,62,13,181,319,2,31,263,81,158,29,187,17,467888,676299,316494,283784,39319,693138,2476921,1493754,0,0,0,0,2747,39574,37613,2929,39552,122415,2434,57382,919526,979342,5072432,176518,32112,3257,264569,361700,1661,8598,44514,86412,225018,0,333807,0,0,277387,0,1530187,2706034,0,0,5072432,22253,0,7461,0,0,25277,0,1333449,204586,0,0,1593027,1,7.28660621761658
Seattle Police Department,1972-03-01,Washington,515000,WASPD00,363,225,161,24,131,80,984,318,0,0,2,2,2,63,19,25,29,142,333,437,659,1429,319,106,10,250,322,2,30,265,125,247,56,303,35,687302,864949,340693,197715,27237,266238,2384134,2244275,0,0,12752,758,838,18872,18603,9677,42182,103681,2179,71008,927082,1000269,5732359,224493,53935,1384,271288,367981,2864,5378,71452,1494,366706,0,372943,0,0,388311,0,2287994,2316405,0,0,5732359,22282,0,11207,0,0,12205,0,2142262,248182,0,0,2436138,1,7.28660621761658
Seattle Police Department,1972-04-01,Washington,515000,WASPD00,303,226,132,22,122,97,902,307,0,0,0,0,1,45,16,17,26,105,587,399,641,1627,233,144,316,254,293,6,13,254,114,193,32,225,15,747154,667949,532563,267652,13291,228741,2457350,2193268,0,0,0,0,335,26873,24563,69055,16548,137374,7600,64290,1171847,1243736,6031729,169137,76094,7636,310468,449868,1253,6704,67795,154782,420510,0,446035,0,0,486330,0,2280708,2398146,0,0,6031729,23638,0,4117,0,0,29737,0,1639486,227247,0,0,1924225,1,7.28660621761658
Seattle Police Department,1972-05-01,Washington,515000,WASPD00,323,200,193,23,105,73,917,279,0,0,0,0,4,55,13,25,22,119,309,471,694,1474,224,269,5,246,307,3,13,251,156,233,57,290,21,470540,742083,617511,249348,17364,99652,2196496,1945524,0,0,0,0,8525,31165,24760,6653,38233,109336,3629,75263,1187899,1266791,5518147,137484,152152,197,327322,405580,1173,5101,35238,202546,344525,0,398082,0,0,311167,0,2011103,2453269,0,0,5518147,31872,0,29052,0,0,11535,0,2164122,258973,0,0,2495553,1,7.28660621761658
Seattle Police Department,1972-06-01,Washington,515000,WASPD00,245,197,187,22,123,0,774,331,0,0,1,2,0,70,16,29,24,142,1163,559,826,2548,233,304,873,304,312,8,17,350,147,181,27,208,41,646541,389396,384573,241077,18858,96890,1777334,2339001,0,0,0,7,0,43975,16125,18005,38138,116251,18012,91848,1204294,1314154,5546740,136602,169304,15448,366764,385789,5531,4729,60173,169814,213942,0,337290,0,0,451252,0,2382720,2161535,0,0,5546740,12635,0,9181,0,0,4933,0,1442748,532148,0,0,2001645,1,7.28660621761658
Seattle Police Department,1972-07-01,Washington,515000,WASPD00,261,249,191,29,114,103,947,331,0,0,3,0,0,70,18,24,24,139,307,475,767,1549,234,260,10,253,259,16,13,319,185,165,36,201,25,557331,445933,351819,218117,40455,222577,1836232,2382720,0,0,40936,0,0,64858,26684,5458,22851,160786,2915,76597,1223348,1302860,5682598,154454,141666,1217,308894,430427,3949,2805,46969,212477,278028,0,464208,0,0,264205,0,2411867,2264291,0,0,5682598,47829,0,9837,0,0,561,0,1450035,123246,0,0,1631508,1,7.28660621761658
Seattle Police Department,1972-08-01,Washington,515000,WASPD00,247,208,158,18,117,102,850,226,0,0,1,2,2,30,15,10,22,82,286,446,728,1460,178,234,4,304,284,2,16,288,150,298,59,357,17,427760,644661,616403,264125,45177,314519,2312645,1603053,0,0,37315,947,3643,26800,21670,20774,17874,129024,4729,73850,1126269,1204848,5249570,121315,129527,619,334543,393054,277,1989,61856,161668,414295,0,442946,0,0,440308,0,1639486,2312536,0,0,5249570,32046,0,53702,0,0,88008,0,2499306,350253,0,0,3023315,1,7.28660621761658
Seattle Police Department,1972-09-01,Washington,515000,WASPD00,299,185,170,7,106,106,873,315,0,0,1,5,4,64,17,19,19,129,295,444,686,1425,185,149,20,274,306,7,16,328,140,248,39,287,23,383071,496874,574389,168051,13043,263251,1898678,2164122,0,0,10930,1749,3585,21743,26902,14551,22771,102231,2463,67255,1342484,1412203,5577234,109037,81748,197,372724,459836,1982,9065,56398,321215,214000,0,401558,0,0,270654,0,2222415,2468607,0,0,5577234,11032,0,21066,0,0,3301,0,1901804,154177,0,0,2091380,1,7.28660621761658
Seattle Police Department,1972-10-01,Washington,515000,WASPD00,346,199,185,19,102,128,979,267,0,0,0,0,1,62,27,23,27,140,478,458,725,1661,211,135,202,319,353,7,27,292,115,154,36,190,32,499883,759498,451260,185816,41781,323299,2261537,1850798,0,0,0,0,0,35675,16876,3731,50897,107179,6266,72764,1054139,1133169,5352683,140952,68239,4234,442756,344700,1516,9196,58701,62876,391976,0,340831,0,0,296375,0,1945524,2377977,0,0,5352683,17189,0,3512,0,0,42015,0,1333449,223225,0,0,1619390,1,7.28660621761658
Seattle Police Department,1972-11-01,Washington,515000,WASPD00,368,203,241,29,130,110,1081,338,0,0,1,3,2,74,17,15,24,136,312,454,573,1339,229,53,10,278,356,6,37,286,84,334,72,406,31,510463,1312602,514128,138803,26902,209271,2712170,2368147,0,0,0,911,1421,38240,11673,21670,25263,99178,6784,70476,1591125,1668385,6847880,122189,27332,838,350457,1041096,2375,13276,52165,58657,355178,0,324793,0,0,1433137,0,2426440,2308331,0,0,6847880,28899,0,17539,0,0,19062,0,2827203,267171,0,0,3159873,1,7.28660621761658
Seattle Police Department,1972-12-01,Washington,515000,WASPD00,314,267,228,20,120,144,1093,263,0,0,5,5,3,75,27,25,28,168,332,498,911,1741,176,55,343,313,342,13,40,363,96,260,67,327,12,785511,725404,505552,200411,13283,350362,2580522,1828938,0,0,33300,7301,2215,62038,752269,33256,21474,911853,2783,73682,864818,941284,6262598,116972,27092,7789,309040,316435,3068,12868,64690,83330,531186,0,410265,0,0,1032672,0,1887231,2401243,0,0,6262598,145535,0,24454,0,0,15258,0,2215128,228231,0,0,2628607,1,7.28660621761658
Seattle Police Department,1973-01-01,Washington,515000,WASPD00,357,223,220,20,136,108,1064,282,0,0,2,1,0,70,38,14,27,152,684,226,576,1486,155,45,409,206,317,2,45,221,86,259,68,327,21,614633,908656,664977,236933,13307,275117,2713622,1859778,0,0,0,377,0,28576,76855,6938,29784,142530,59732,1990,822591,884314,5600244,87540,22784,110489,276908,263443,1578,8949,34114,78509,289322,0,379333,0,0,405871,0,1935267,2590451,0,0,5600244,31486,0,6019,0,0,7069,0,2120558,347277,0,0,2512409,1,6.86264827327328
Seattle Police Department,1973-02-01,Washington,515000,WASPD00,320,226,203,26,111,110,996,257,0,0,0,7,4,68,21,18,29,147,305,348,458,1111,167,51,5,209,292,6,32,218,79,188,51,239,23,500376,597435,514884,179836,29290,221149,2042969,1633310,0,0,0,4468,1592,38685,46076,11509,51779,154108,2553,51545,728408,782507,4612894,86442,21926,597,226200,270882,7158,11536,46295,111470,218713,0,311935,0,0,331178,0,1722525,2028544,0,0,4612894,25447,0,10548,0,0,1057,0,1550959,88158,0,0,1676168,1,6.86264827327328
Seattle Police Department,1973-03-01,Washington,515000,WASPD00,318,262,206,22,136,108,1052,246,0,0,0,4,1,68,17,16,21,127,632,458,572,1662,168,71,17,240,356,8,49,382,85,196,56,252,15,670563,688131,528918,151301,24637,206277,2269828,1612722,0,0,0,7995,858,44422,27876,8228,45232,134611,2875,64866,1025252,1092993,5110154,102006,41677,5936,262572,538155,4008,15963,58305,64372,259985,0,351402,0,0,559059,0,1736250,2203459,0,0,5110154,30113,0,9223,0,0,13492,0,1688211,199511,0,0,1940551,1,6.86264827327328
Seattle Police Department,1973-04-01,Washington,515000,WASPD00,342,203,203,25,133,118,1024,250,0,0,2,1,8,66,16,21,19,133,609,529,675,1813,194,112,43,236,388,9,41,328,118,208,52,260,16,501646,705974,602067,946112,24157,262373,3042329,1647036,0,0,5490,0,27327,24040,9011,6430,11474,83772,2752,94073,1200778,1297603,6070740,124248,70205,1544,259998,346022,3726,39371,42123,410366,291525,0,384555,0,0,1145259,0,1715662,2533738,0,0,6070740,63013,0,18714,0,0,35377,0,1626448,440541,0,0,2184093,1,6.86264827327328
Seattle Police Department,1973-05-01,Washington,515000,WASPD00,295,208,188,29,143,120,983,299,0,0,1,2,1,46,17,20,20,107,675,487,651,1813,160,105,426,283,363,5,24,304,143,243,39,282,33,763991,823497,481099,254947,44985,267568,2636087,1983305,0,0,0,0,3431,13746,46268,7837,56782,128064,2320,68620,1072865,1143804,5891261,87286,66197,3816,266429,469288,432,8359,49706,192291,415458,0,602678,0,0,470984,0,2141146,2260996,0,0,5891261,19943,0,12133,0,0,26284,0,1948992,192834,0,0,2200186,1,6.86264827327328
Seattle Police Department,1973-06-01,Washington,515000,WASPD00,265,198,182,39,172,153,1009,321,0,0,1,1,4,68,14,21,19,128,890,495,723,2108,219,143,571,288,378,5,40,317,147,247,65,312,33,442854,597407,434406,280442,59389,237674,2052172,2086931,0,0,1373,69,1578,35905,6471,22317,11406,79119,2834,72044,2248451,2323329,6541552,147794,77116,460,337642,457636,2793,6870,55725,1237294,239102,0,443423,0,0,375435,0,2203596,3279996,0,0,6541552,26112,0,7871,0,0,40140,0,2175460,215240,0,0,2464823,1,6.86264827327328
Seattle Police Department,1973-07-01,Washington,515000,WASPD00,258,250,231,22,169,124,1054,319,0,0,1,0,2,49,11,22,15,100,884,526,730,2140,167,201,601,312,343,13,36,289,178,252,57,309,23,431606,454424,625201,367536,29214,322915,2230896,2038207,0,0,31843,0,631,45383,14151,11419,40737,144164,2663,80904,1149054,1232621,5645887,82949,104539,1235,298360,396359,2958,24836,69189,252195,280874,0,415369,0,0,299925,0,2224939,2424780,0,0,5645887,76587,0,37854,0,0,6629,0,2025922,261714,0,0,2408707,1,6.86264827327328
Seattle Police Department,1973-08-01,Washington,515000,WASPD00,293,247,242,30,164,105,1081,343,0,0,1,1,2,61,14,17,27,123,565,524,773,1862,141,251,314,303,370,10,36,291,146,252,64,316,37,573978,571508,602403,258358,26442,152564,2185253,2237223,0,0,6863,343,2690,26757,15956,10452,39810,102871,59767,81453,1519960,1661180,6186526,74336,132271,57694,292328,781278,5511,8969,90532,218260,228814,0,393895,0,0,370370,0,2422515,2770931,0,0,6186526,23436,0,22461,0,0,5346,0,2264674,282913,0,0,2598830,1,6.86264827327328
Seattle Police Department,1973-09-01,Washington,515000,WASPD00,346,278,184,29,104,82,1023,351,0,0,1,7,1,52,27,21,29,138,519,468,694,1681,156,144,283,328,333,10,30,274,123,269,50,319,40,976109,807061,473763,161094,38966,290242,2747235,2305850,0,0,30882,8146,0,49109,1391978,6032,53350,1539498,6108,70315,1169608,1246030,7838613,111120,73314,11845,348074,454904,3253,13005,45561,184955,236494,0,494172,0,0,1928349,0,2552905,2628593,0,0,7840514,20739,0,8475,0,0,9457,0,2175460,267732,0,0,2481863,1,6.86264827327328
Seattle Police Department,1973-10-01,Washington,515000,WASPD00,390,256,179,33,154,88,1100,387,0,0,1,15,0,70,43,17,31,177,367,513,733,1613,178,115,28,311,437,10,34,373,127,316,62,378,29,791881,784161,458995,372793,56294,270004,2734127,2552905,0,0,11186,7412,1901,36811,48464,15091,43791,164656,3150,76189,1226026,1305365,6757053,96352,58573,4495,313403,497741,9093,9690,55581,260438,448419,0,504233,0,0,415321,0,2758785,2626493,0,0,6753251,25776,0,5689,0,0,4955,0,2566630,227545,0,0,2830595,1,6.86264827327328
Seattle Police Department,1973-11-01,Washington,515000,WASPD00,444,268,213,33,137,90,1185,360,0,0,4,6,5,61,25,16,35,152,420,518,690,1628,188,84,133,307,377,4,44,394,97,280,64,344,40,781381,1031909,542184,259216,33860,151349,2799899,2360751,0,0,34945,2663,2560,32728,18392,6087,94856,192230,6039,78996,1773624,1858659,7211538,125703,44978,8668,374097,406420,700,17555,89832,790707,314899,0,441694,0,0,516476,0,2552905,3385564,0,0,7211538,27032,0,31767,0,0,30703,0,2360751,1946920,0,0,4397173,1,6.86264827327328
Seattle Police Department,1973-12-01,Washington,515000,WASPD00,475,319,248,34,172,107,1355,325,0,0,3,13,6,92,56,26,22,218,548,594,637,1779,171,43,156,328,421,10,62,472,116,270,65,335,30,814596,960503,630581,280977,35528,208089,2930275,2141146,0,0,0,9930,2546,47448,43763,10644,25385,139717,4907,82784,990198,1077889,6289027,103674,22132,3905,333449,417736,3205,26970,72881,93936,290880,0,486116,0,0,374804,0,2395064,2742163,0,0,6289027,24136,0,25165,0,0,707820,0,2340163,220133,0,0,3317418,1,6.86264827327328
Seattle Police Department,1974-01-01,Washington,507000,WASPD00,408,325,191,29,177,123,1253,352,4,22,3,9,0,74,58,20,32,196,901,543,266,1710,207,54,167,285,450,11,44,386,106,277,42,319,30,648009,944718,433709,215455,9399,211655,2462945,2068247,0,890,12359,915,0,98186,41421,19818,57451,230150,68080,278196,1002824,1349099,6111330,105738,24514,3195,263204,561193,3448,16746,70107,300955,326618,0,487669,0,0,426578,0,2261702,2608763,0,0,6111330,22734,0,15239,0,0,3813,0,1952727,228321,0,0,2222833,1,6.17951495690384
Seattle Police Department,1974-02-01,Washington,507000,WASPD00,306,320,181,24,177,94,1102,301,4,16,3,7,0,67,29,27,32,165,1126,409,195,1730,275,59,257,242,377,10,44,387,79,225,38,263,28,654133,572507,393382,350144,37831,219212,2227208,1829025,0,3658,927,2707,0,42843,29909,19175,25027,120587,67913,256753,769337,1094003,5274482,110823,26689,3788,211865,569442,14664,9115,57599,90017,227888,0,401322,0,0,332378,0,1989804,2323090,0,0,5274482,19490,0,31948,0,0,25713,0,1649930,158109,0,0,1885191,1,6.17951495690384
Seattle Police Department,1974-03-01,Washington,507000,WASPD00,322,264,165,48,198,110,1107,290,3,24,3,8,1,72,23,20,33,160,1222,466,209,1897,212,94,338,258,424,8,28,441,94,295,69,364,24,622166,787406,619070,676453,58013,195149,2958257,1737785,0,1384,14825,9022,3090,57259,109007,5203,71719,270125,69723,296407,679011,1045197,6012748,100633,46334,4894,247181,362138,4480,8868,49881,220788,282404,0,472714,0,0,580596,0,1829136,2847897,0,0,6012748,31355,0,121032,0,0,102642,0,2218446,453657,0,0,2927131,1,6.17951495690384
Seattle Police Department,1974-04-01,Washington,507000,WASPD00,338,239,158,20,157,110,1022,307,8,13,1,5,0,68,29,23,16,142,1241,528,234,2003,180,145,423,292,411,6,33,380,133,245,28,273,31,537803,671417,395810,241582,29192,216920,2092724,1834408,0,531,4944,1570,0,62203,25021,12977,17587,124301,73994,326884,803949,1204826,5256790,97982,87632,6884,312640,420312,1557,9770,70508,197541,232807,0,446686,0,0,287106,0,1965086,2325104,0,0,5256790,19472,0,14497,0,0,17074,0,1693187,474679,0,0,2218909,1,6.17951495690384
Seattle Police Department,1974-05-01,Washington,507000,WASPD00,426,241,239,22,184,87,1199,281,7,28,3,9,2,67,30,15,21,147,930,527,227,1684,198,126,10,306,417,6,34,442,145,236,58,294,29,615010,1110138,516329,304366,24601,184378,2754822,1691655,0,933,13014,3170,9448,35131,26288,8676,26467,122194,87570,335486,820331,1243386,5812989,92408,73054,1329,338359,493854,1471,9968,78579,154364,300732,0,454948,0,0,511330,0,1921829,2624150,0,0,5812989,29977,0,20924,0,0,1256178,0,1822957,244610,0,0,3374645,1,6.17951495690384
Seattle Police Department,1974-06-01,Washington,507000,WASPD00,340,289,241,19,119,84,1092,326,2,25,1,10,0,63,26,19,23,142,822,532,251,1605,180,197,8,316,356,12,30,382,124,253,41,294,26,650048,809745,550440,133583,50814,306751,2501381,2020318,0,2750,0,3603,0,114537,38208,11000,42991,210338,63396,344273,1393654,1801322,6536110,92303,116923,797,326495,1149093,5141,6760,58792,45018,209313,0,418440,0,0,638115,0,2156651,3113592,0,0,6536110,23309,0,12600,0,0,59187,0,1835316,371061,0,0,2301474,1,6.17951495690384
Seattle Police Department,1974-07-01,Washington,507000,WASPD00,314,316,266,26,190,100,1212,316,4,37,4,10,0,63,37,23,30,167,937,606,289,1832,236,207,100,336,394,17,27,337,178,252,50,302,39,649659,766013,537086,299614,22314,426232,2700918,1881885,0,1279,22432,1440,0,68494,42484,13984,16314,165148,71553,379669,1156175,1607397,6356626,137018,120334,2095,366421,434908,4122,11463,175325,355650,179286,0,487329,0,0,681804,0,2026881,2981326,0,0,6356626,24465,0,15770,0,0,28580,0,1890932,291358,0,0,2251105,1,6.17951495690384
Seattle Police Department,1974-08-01,Washington,507000,WASPD00,351,345,215,29,173,82,1195,294,4,35,6,4,3,76,41,21,19,170,999,588,288,1875,174,209,175,351,379,5,33,351,198,236,49,285,35,753030,858143,821999,504384,113468,162008,3213033,1767317,0,12266,32999,1582,8868,15406,92668,32739,25460,209720,80377,373576,1049770,1503723,6706059,116509,128756,6340,324554,439438,1916,12038,61653,412520,284153,0,567125,0,0,866726,0,1921829,3066226,0,0,6706059,37368,0,48311,0,0,42892,0,1767341,634970,0,0,2530882,1,6.17951495690384
Seattle Police Department,1974-09-01,Washington,507000,WASPD00,399,285,226,30,140,106,1186,292,0,21,1,7,1,75,45,24,25,178,1161,492,279,1932,170,148,460,275,418,2,39,275,145,234,36,270,29,755668,942228,675415,299360,62364,290814,3025849,1754482,0,2855,0,1934,5537,46402,38066,52062,22975,155903,77874,315452,895053,1288379,6227468,107221,107419,10592,347245,445395,222,11129,64650,194506,227270,0,443288,0,0,768157,0,1989804,2798950,0,0,6227468,28549,0,13372,0,0,60053,0,1717905,217605,0,0,2037485,1,6.17951495690384
Seattle Police Department,1974-10-01,Washington,507000,WASPD00,490,277,198,28,154,77,1224,411,5,26,3,10,3,94,44,33,24,211,1706,535,275,2516,197,143,853,307,478,5,58,353,122,349,59,408,36,759197,1262364,692705,326217,29291,157405,3227178,2623569,0,3498,15449,7502,1322,59360,50864,22197,61653,218347,97364,336549,759759,1193672,7266263,110477,81625,16722,278097,424823,1143,28865,76385,175535,462055,0,498223,0,0,492705,0,2663371,3149909,0,0,7266263,170827,0,45432,0,0,33919,0,2515063,298767,0,0,3064007,1,6.17951495690384
Seattle Police Department,1974-11-01,Washington,507000,WASPD00,504,349,202,27,155,69,1306,379,6,35,2,11,5,57,35,27,30,167,1608,467,273,2348,264,78,830,273,404,11,27,356,105,351,57,408,38,1087008,1497099,828457,550817,40006,127996,4131383,2206180,0,2898,5654,5358,1644,19478,53329,33450,20813,139725,82911,293966,1089343,1466220,7946405,165846,13743,14120,425756,578347,1860,8447,101190,156910,443912,0,553654,0,0,828358,0,2329677,3790805,0,0,7946405,39827,0,32721,0,0,60429,0,2428549,399462,0,0,2960989,1,6.17951495690384
Seattle Police Department,1974-12-01,Washington,507000,WASPD00,447,314,223,40,175,122,1321,378,7,34,5,15,0,59,46,26,37,188,2411,462,303,3176,214,63,1527,350,394,5,46,451,126,293,52,345,31,864007,1215585,711868,352090,80179,381227,3604956,2294145,6180,2144,22574,23050,0,62351,69180,15016,139651,347987,91086,288793,987363,1367242,7622654,126328,32622,17692,425120,449121,8806,12483,71750,223321,381208,0,606291,0,0,820040,0,2379113,3436002,0,0,7622654,28277,0,25478,0,0,70440,0,2119574,331580,0,0,2575350,1,6.17951495690384
Seattle Police Department,1975-01-01,Washington,503500,WASPD00,379,278,202,22,151,79,1111,450,3,21,3,18,6,68,36,24,30,185,1686,439,300,2425,212,46,976,277,433,11,51,337,82,365,53,418,46,814739,977648,525504,273597,18237,231354,2841079,2526315,0,662,7360,20196,8459,27347,39169,12162,67517,182209,67784,254273,937913,1259970,6810236,180188,26384,8159,267267,533974,5968,18095,89208,130726,294405,39061,383069,55390,240640,686578,0,2638419,822723,98290,1551662,6810236,27715,6256,10882,2927,11573,29493,0,2366651,94859,2123,104891,2657370,1,5.66184422421803
Seattle Police Department,1975-02-01,Washington,503500,WASPD00,322,269,166,34,154,82,1027,275,4,28,2,18,5,62,41,20,33,181,1640,399,269,2308,218,31,908,252,406,11,37,356,89,224,46,270,30,719354,791741,425154,191421,41382,142107,2311159,1472997,0,4688,30274,29883,430,37357,41416,20117,260456,419933,70411,240277,953460,1264148,5472925,119154,15044,11278,251720,505286,3057,26169,64228,268213,216985,34605,720226,70439,117461,528312,0,1596640,700908,126984,1360366,5472925,37062,4767,17121,19137,10690,44213,0,1517374,91071,1132,115592,1858161,1,5.66184422421803
Seattle Police Department,1975-03-01,Washington,503500,WASPD00,354,386,195,32,183,81,1231,344,6,24,4,12,4,76,34,18,25,173,1033,506,323,1862,275,68,263,301,455,7,39,363,91,289,46,335,44,1038563,960639,532983,310807,40884,193890,3077767,1902968,0,561,11324,58759,3912,50260,29436,17116,22591,193397,73247,385487,1168571,1627305,6801998,177861,39089,3148,445174,697041,4711,13339,70813,176129,328200,129634,578097,83682,148499,788299,0,2083559,887913,192899,1581217,6801998,66295,4801,10152,11205,8883,25291,0,1953336,65004,11952,235369,2392288,1,5.66184422421803
Seattle Police Department,1975-04-01,Washington,503500,WASPD00,317,274,180,20,146,82,1019,322,6,21,5,14,5,68,33,16,32,173,999,493,305,1797,269,80,199,292,409,4,24,393,127,272,48,320,29,657533,1048460,637388,209132,12037,225692,2790242,1779620,0,7451,2831,7394,3725,42300,59336,6970,45442,167998,68927,291766,1009099,1369793,6115103,169861,43223,2219,289518,633006,2525,8374,62626,158441,286784,40290,329972,103583,134446,808942,0,1891056,836662,186824,1496544,6115103,43959,6664,31095,52774,20247,67495,0,1840099,215365,13362,95764,2386824,1,5.66184422421803
Seattle Police Department,1975-05-01,Washington,503500,WASPD00,284,283,202,24,168,81,1042,305,0,25,2,17,4,66,34,17,25,165,1055,492,322,1869,248,125,227,294,404,4,27,380,160,233,51,284,30,645060,707408,585729,235629,21051,358293,2553169,1823873,0,40,16986,18667,2389,33507,21911,31435,26260,151154,71481,279588,932693,1283761,5811996,193205,68712,5956,347847,415234,453,11176,37006,204172,245045,45215,400542,78988,169170,360761,0,1828776,1045307,143443,1494750,5811996,23870,6375,8951,11952,33841,26214,0,1579655,80189,6398,123168,1900613,1,5.66184422421803
Seattle Police Department,1975-06-01,Washington,503500,WASPD00,257,584,226,27,149,79,1322,313,3,29,3,11,0,68,19,28,26,155,1394,575,383,2352,285,151,696,364,355,9,25,318,149,277,39,316,29,534982,493283,878197,265574,24023,233081,2429141,1730486,0,9880,9625,139757,0,67053,7100,6981,24952,255468,65083,335753,1105079,1505915,5930889,250667,81247,12773,445021,407302,5673,12484,115700,175047,183421,58068,341845,185159,94796,375199,0,1811790,1030467,200288,1649856,5930889,19562,5911,21526,5764,5656,17756,0,1777819,187469,62461,101845,2205770,1,5.66184422421803
Seattle Police Department,1975-07-01,Washington,503500,WASPD00,292,331,253,16,63,90,1045,306,5,38,1,7,3,66,19,21,21,138,1136,557,365,2058,232,147,362,327,390,15,23,345,217,248,45,293,20,745937,676715,761778,282973,48046,135533,2650983,1643554,0,2497,1931,0,838,125172,11403,3091,34396,176831,70496,324758,1115163,1510416,5984281,183557,85885,5939,362669,450932,4580,6760,62303,347790,233466,55294,402048,0,183421,592472,0,1811790,1049723,110146,1438210,5876570,35913,5894,18333,37810,23265,46229,0,1698553,163808,13164,191268,2234237,1,5.66184422421803
Seattle Police Department,1975-08-01,Washington,503500,WASPD00,281,297,216,21,126,65,1006,235,6,32,3,11,3,57,24,31,30,159,1433,527,381,2341,239,125,690,329,388,17,20,332,201,175,31,206,27,733968,587026,656027,291274,42662,195662,2506617,1291195,0,2553,31989,1421,7219,36615,98437,43256,51506,270444,68837,298974,1219941,1587751,5658560,166741,69788,6262,444121,522583,3827,14947,82352,277130,228699,64030,562997,88540,166707,755216,0,1432447,1064438,108277,1186020,5658560,61374,6760,43415,6602,2010,53176,0,1234282,98409,26554,61239,1593820,1,5.66184422421803
Seattle Police Department,1975-09-01,Washington,503500,WASPD00,307,226,222,24,100,125,1004,242,7,28,6,5,5,73,21,21,33,164,1042,507,322,1871,255,113,317,273,381,20,30,319,163,178,41,219,20,493764,696577,671149,208367,54665,278121,2402643,1329016,0,5164,53527,15683,3108,54450,56245,5911,95951,284876,65179,292429,985937,1343544,5365243,172182,56347,2944,312783,510874,10089,6573,97208,174543,241347,52933,467804,65547,204404,497467,0,1443770,861563,118825,1411583,5365243,71537,4773,11879,7757,25756,13062,0,1273915,102598,2831,65547,1565494,1,5.66184422421803
Seattle Police Department,1975-10-01,Washington,503500,WASPD00,375,281,253,28,114,116,1167,326,2,32,7,15,8,80,37,15,47,209,1218,507,324,2049,266,80,467,302,421,12,23,353,125,251,43,294,29,775548,981260,820367,191404,25399,361582,3155561,1754249,57,470,357579,29091,7106,59812,30500,3658,78853,566598,67982,308333,988213,1364527,6841461,212195,43466,8034,322906,518246,6245,8821,75705,168910,308859,63599,896434,68520,129854,730848,226,1981645,966063,131021,1564390,6841235,57739,7060,343193,3001,7938,67665,0,1743848,69256,6568,52797,2359064,1,5.66184422421803
Seattle Police Department,1975-11-01,Washington,503500,WASPD00,345,208,252,25,89,118,1037,283,5,22,6,21,8,56,40,8,23,162,754,472,308,1534,243,52,7,256,412,20,28,411,105,203,30,233,0,501186,717486,570635,113220,27511,250406,2180444,1531801,0,385,32584,10118,6364,27177,84990,1902,22670,185805,67161,283981,1163781,1514923,5413357,177018,28519,2038,356515,681533,4416,9167,97208,158509,339818,38274,422226,63164,140770,444438,0,1636273,901971,98901,1327521,5413357,25037,6579,25614,3850,10333,18724,0,1324872,49207,2604,49677,1516497,1,5.66184422421803
Seattle Police Department,1975-12-01,Washington,503500,WASPD00,338,252,322,30,110,148,1200,265,5,24,4,27,7,84,51,24,42,239,2092,549,349,2990,300,38,1137,331,491,13,38,493,145,284,67,351,21,659237,896864,906059,210966,48850,479224,3201201,1440215,1415,7100,51109,14415,1500,56539,64834,52655,28938,269991,96897,328795,1243341,1669032,6588954,222261,22642,13821,457902,729070,3561,11126,81734,126916,514990,144530,624773,81485,199393,563722,0,1511712,976328,142152,1688322,6447408,57847,22223,17874,28553,122511,128411,0,1936351,141971,14551,285702,2755993,1,5.66184422421803
Seattle Police Department,1976-01-01,Washington,503500,WASPD00,322,247,223,23,103,148,1066,273,5,29,3,20,7,57,43,13,39,182,952,574,402,1928,369,53,43,341,488,17,25,463,129,213,33,246,29,743133,989182,578029,147874,44221,421385,2923823,1469319,0,482,6157,7062,20866,66232,85465,10516,29812,226110,72406,339486,1107789,1519681,6139416,298023,27526,6677,401001,471769,38695,9124,125327,141540,341366,61397,582623,71945,114779,521210,5354,1499191,964445,233097,1744009,6139416,49971,8401,34192,1151,11035,53071,5354,1333209,85133,12208,279631,1873357,1,5.35425245277493
Seattle Police Department,1976-02-01,Washington,503500,WASPD00,347,173,222,23,89,152,1006,201,5,26,4,18,5,78,35,16,23,179,779,490,343,1612,283,44,23,321,380,9,25,418,109,152,32,184,24,542059,824255,626726,142857,16609,473926,2626432,1053144,268,1237,37876,98443,1478,47937,24217,15468,11699,237118,57515,283138,1254710,1595364,5513563,191655,26777,3721,615080,486964,2720,8422,149196,110828,316008,46941,470992,50153,134552,799299,0,1210061,776645,95343,1613568,5513563,30134,7153,58051,5354,11592,36280,0,1097622,53660,1526,116316,1417688,1,5.35425245277493
Seattle Police Department,1976-03-01,Washington,503500,WASPD00,307,189,197,12,121,151,977,217,2,21,3,17,7,52,43,22,23,167,814,532,379,1725,361,56,46,327,390,12,22,385,126,150,31,181,26,508408,707698,440639,215648,21663,358912,2252968,1143738,0,22338,18793,16727,4819,31151,36575,18992,27869,154925,64010,316206,1114980,1495196,5069165,283111,30487,7935,367141,505934,6891,7951,74172,211573,308694,79404,318262,77273,127474,459630,0,1263604,918602,167117,1349106,5069165,31895,6457,16571,643,6056,16518,0,1022662,55336,857,50175,1207170,1,5.35425245277493
Seattle Police Department,1976-04-01,Washington,503500,WASPD00,330,189,218,24,99,129,989,204,5,27,11,23,6,54,42,15,30,181,758,490,351,1599,241,79,42,291,377,9,17,388,155,157,21,178,21,698580,612441,548147,99097,19864,190081,2168210,1036749,0,5858,76737,12181,1210,46416,29657,14092,30541,210834,60310,278116,1030870,1369297,4790948,202551,50780,12213,383022,416909,9161,6275,112177,176208,470044,25850,461585,36821,95150,441121,0,1113685,782251,136223,1228217,4790948,73551,4026,6420,2088,4888,9595,0,953057,50164,19752,70912,1194453,1,5.35425245277493
Seattle Police Department,1976-05-01,Washington,503500,WASPD00,322,176,225,25,106,122,976,198,0,21,11,19,7,57,40,17,22,173,806,543,350,1699,317,108,43,272,354,19,13,355,218,191,68,259,18,377443,736772,875982,141015,67613,461472,2659843,1045145,0,14938,103915,24249,4107,27071,26852,16052,27462,229708,65001,317304,1214018,1596322,5545956,276901,57307,11876,357150,291539,8920,5520,73851,513259,303827,37062,492018,73428,176776,456466,0,1092268,1464870,136453,1312788,5545956,112520,8074,28913,49479,16084,24191,0,1445648,557115,31922,387921,2661867,1,5.35425245277493
Seattle Police Department,1976-06-01,Washington,503500,WASPD00,279,181,213,29,94,111,907,242,5,28,4,15,10,56,38,16,31,170,827,573,367,1767,303,143,20,295,407,22,19,391,167,166,29,195,21,300486,571566,479441,166903,38808,660742,2217946,1230043,0,3213,14451,6596,6264,31440,36934,5970,73246,174902,67758,322995,1169021,1559774,5185877,265560,87376,4615,313497,513858,9241,9755,66473,289397,251280,29866,486755,41560,148607,437769,0,1359980,1248360,161061,1020638,5185877,36248,16919,11747,3239,9713,14076,0,1065496,126981,8813,53071,1346305,1,5.35425245277493
Seattle Police Department,1976-07-01,Washington,503500,WASPD00,344,214,246,22,109,87,1022,263,3,28,1,17,13,80,33,17,29,190,774,615,430,1819,343,130,29,323,382,24,12,365,211,184,44,228,28,294602,595382,614599,71817,19586,137535,1733520,1329616,268,808,38170,9525,11544,93148,37373,27938,72721,290420,62179,352203,1247659,1662040,5016672,277377,73626,5488,372233,554133,10296,5376,137578,225933,191950,32441,430717,77696,133476,552366,0,1445648,873434,108424,1170520,5016672,44183,8181,10029,3935,22086,12914,0,1247541,98079,31553,50218,1528719,1,5.35425245277493
Seattle Police Department,1976-08-01,Washington,503500,WASPD00,269,207,258,30,122,129,1015,276,4,26,3,13,7,86,26,30,33,198,891,634,441,1966,403,140,25,336,443,39,16,376,188,202,56,258,29,432201,659414,760347,135297,51818,449543,2488619,1440305,0,359,49634,4578,16587,44007,99445,64760,27034,306044,75645,375724,1320316,1771685,6007011,413263,86894,14831,535473,418520,26429,3288,72074,199949,343031,128181,634570,66334,198520,436479,0,1509899,1249570,113826,1326602,6007011,47010,8064,11292,11870,11763,22825,0,1376043,120353,20576,94776,1724573,1,5.35425245277493
Seattle Police Department,1976-09-01,Washington,503500,WASPD00,302,199,259,25,105,131,1021,270,5,34,0,8,2,82,34,21,36,183,860,588,399,1847,393,120,12,337,403,28,20,349,185,197,57,254,28,480871,652989,668382,122088,35665,321148,2281142,1434736,0,6543,0,937,2008,56771,55465,5194,44569,164943,68336,335862,1138384,1542582,5429946,395744,64347,4813,333115,379392,18483,9343,85941,251404,267150,42727,440489,74997,169510,448858,0,1515253,1055768,86262,1328931,5429946,92029,95001,16834,5692,3052,34685,0,1429585,125514,14778,235073,2052242,1,5.35425245277493
Seattle Police Department,1976-10-01,Washington,503500,WASPD00,294,180,230,21,103,109,937,235,2,22,3,28,7,73,31,22,28,192,881,576,392,1849,407,110,41,289,385,24,26,420,147,178,26,204,26,498770,587854,705594,108948,10478,201309,2112954,1280818,0,3630,9493,27055,707,75784,17610,23768,222694,377111,72695,332595,1091539,1496829,5271342,407378,60990,23179,334796,379381,14713,8942,90305,177145,270524,31429,459015,59181,95343,683026,0,1333209,833973,85743,1419900,5271342,56182,8224,20957,6853,20239,33020,0,1135102,61547,12636,111668,1466428,1,5.35425245277493
Seattle Police Department,1976-11-01,Washington,503500,WASPD00,308,179,209,16,77,111,900,247,2,27,2,19,2,64,37,16,26,166,799,510,383,1692,347,77,25,264,411,23,18,397,130,199,32,231,28,685650,1063944,737693,101153,18237,341398,2948073,1308686,0,3148,5558,4664,509,49639,197502,15731,18542,292144,62238,298269,1137939,1498446,6050498,315424,44167,7517,272735,509960,11217,5868,202498,129059,386904,41420,422633,52573,186135,1022983,0,1365334,829749,106758,1634991,6049481,44210,7817,11335,13252,22145,31087,0,1247541,90085,4203,93533,1565209,1,5.35425245277493
Seattle Police Department,1976-12-01,Washington,503500,WASPD00,345,213,254,21,76,110,1019,234,4,33,4,14,6,69,33,19,37,182,849,510,324,1683,273,55,64,247,375,28,28,463,150,184,61,245,26,560970,1201125,688851,194745,29555,280445,2955692,1190957,0,4155,25807,11057,2795,77080,46384,25743,46860,235726,73230,282683,1242749,1598662,5985192,233649,30766,21444,382411,563637,10200,10687,82621,263247,408240,44553,483323,91231,196945,983234,0,1274312,999521,85877,1417956,5985192,70821,6613,14617,36286,23618,53837,0,1343917,363987,16555,320880,2251131,1,5.35425245277493
Seattle Police Department,1977-01-01,Washington,500000,WASPD00,344,206,221,21,80,96,968,263,4,39,5,19,3,62,33,19,26,167,800,515,314,1629,263,63,107,228,411,48,35,359,115,254,31,285,22,513171,945481,683137,247242,22477,213242,2624749,1302320,0,2368,54643,6812,1885,28566,24111,6420,21562,143999,59152,265295,971442,1295890,5369325,225353,33261,18109,184601,560916,15122,9919,106168,142441,381508,47886,473087,46750,172077,730208,0,1347340,682036,174194,1314240,5369325,39380,4324,8898,14469,44276,60957,0,1462970,94153,15409,104288,1849123,1,5.02738759796508
Seattle Police Department,1977-02-01,Washington,500000,WASPD00,309,168,211,11,83,105,887,261,4,19,2,12,0,49,19,26,31,139,929,488,319,1736,322,76,118,255,415,37,25,378,110,219,32,251,23,464083,848221,524618,149685,12201,249182,2247991,1270909,1096,5404,45317,1574,226,52471,22980,8275,32522,163365,70026,255095,1011616,1336737,5025502,250475,34945,17666,277100,506896,101689,7144,72565,68257,333210,37746,435191,61947,174893,755305,0,1337285,644974,89784,1155168,5025502,77552,5646,58609,3871,43502,36263,0,1276956,67171,115213,134980,1819763,1,5.02738759796508
Seattle Police Department,1977-03-01,Washington,500000,WASPD00,295,198,240,24,114,118,989,289,4,27,0,6,2,52,30,19,27,136,788,437,325,1550,255,55,53,226,440,16,13,378,114,220,32,252,31,420219,688682,545894,115962,7616,201302,1979675,1448255,50,1322,0,1116,452,47720,24373,13227,45910,132798,54457,236197,893497,1184151,4746251,175109,32934,8134,304504,469322,3424,11985,59539,119199,272479,58966,366818,52446,119938,482131,0,1528326,649991,112920,1102235,4746251,40330,5002,14001,2262,2167,18063,0,1327230,79156,9552,51189,1548953,1,5.02738759796508
Seattle Police Department,1977-04-01,Washington,500000,WASPD00,301,205,207,15,81,63,872,229,4,36,1,4,3,68,19,22,43,160,787,493,292,1572,267,92,71,221,369,19,14,362,157,178,30,208,20,512532,739413,337649,90081,23216,81700,1784592,1135828,0,6209,7109,8009,804,80956,38852,9834,34201,179764,62671,262847,816000,1141519,4247911,235805,51350,8823,195329,390165,5847,7677,76165,170358,229772,20557,422577,52722,66070,461147,0,1241765,659905,56000,1037396,4247911,38439,3554,8823,11960,11025,14625,0,1106025,48630,3202,50988,1297272,1,5.02738759796508
Seattle Police Department,1977-05-01,Washington,500000,WASPD00,245,161,193,19,86,103,807,232,4,27,0,6,2,59,23,21,26,137,839,494,334,1667,293,61,69,255,365,17,20,407,180,182,29,211,20,441128,580226,464118,390165,38148,220461,2134247,1153348,0,779,0,5264,352,36625,68453,8411,15550,134654,58891,259484,987771,1306145,4729173,281534,34287,17757,231511,448931,4826,6058,59288,221954,249690,38042,377341,45593,124051,771282,0,1201546,788149,73893,1074669,4729173,31024,5470,10025,4213,9074,25413,0,1095970,64677,6460,75230,1327557,1,5.02738759796508
Seattle Police Department,1977-06-01,Washington,500000,WASPD00,242,152,181,21,75,91,762,286,2,24,1,1,0,62,8,20,36,128,835,515,335,1685,249,111,32,260,434,26,15,370,188,245,44,289,30,260575,430480,452405,71459,9205,177105,1401228,1432976,0,16178,22397,126,0,38590,13343,37052,75391,186898,65170,268749,1129176,1463095,4500377,226534,64894,5047,224221,511879,132728,6666,83424,207701,159720,34820,390507,82293,119134,478240,0,1493134,776963,102559,863006,4500377,35368,4821,9989,12186,25328,68991,0,1513244,148147,12649,129435,1960158,1,5.02738759796508
Seattle Police Department,1977-07-01,Washington,500000,WASPD00,253,167,231,26,101,103,881,264,4,32,1,9,2,60,17,22,23,134,834,560,336,1730,281,139,26,293,398,33,12,341,207,193,40,233,18,351852,409963,535291,193057,15897,388325,1894385,1292918,0,2318,3931,3288,2413,29129,106314,34488,27072,206636,65250,289799,840348,1195397,4591654,209034,79644,6194,250796,339479,9004,2237,89789,209220,256638,31833,587098,42406,141330,479120,0,1377504,722571,80177,872976,4591654,34030,7184,52421,3102,5027,51903,0,1151272,84711,1483,33699,1424832,1,5.02738759796508
Seattle Police Department,1977-08-01,Washington,500000,WASPD00,252,189,209,12,75,110,847,219,3,46,2,5,1,51,9,20,42,130,834,541,367,1742,226,163,12,265,410,35,10,363,258,147,32,179,32,318822,459729,457975,98014,1845,296636,1633021,1071623,0,13504,41230,8376,754,31617,6360,10502,56664,155502,62495,274661,1155088,1492244,4365894,212407,93147,7601,255859,368744,12604,2202,108049,431631,208265,37615,399863,37756,106204,516348,0,1121107,903175,67608,967953,4365894,26168,4977,14595,3378,3444,23684,0,894875,52375,75,27369,1050940,1,5.02738759796508
Seattle Police Department,1977-09-01,Washington,500000,WASPD00,252,155,200,13,93,90,803,232,1,32,1,5,1,63,8,12,35,125,767,503,367,1637,270,104,39,237,414,25,16,368,164,173,46,219,25,369337,664294,642762,127615,4193,299466,2107667,1164529,0,266,503,8984,503,56518,19471,13212,44080,143270,55457,265622,1310228,1631307,5047040,275053,61349,9462,344155,585887,10482,3786,144764,196370,335744,54039,405549,67241,125820,652133,912959,1226683,0,65542,1201329,5047040,61565,5339,7843,6526,9472,94998,160620,1136190,0,6988,102398,1591937,1,5.02738759796508
Seattle Police Department,1977-10-01,Washington,500000,WASPD00,333,194,201,22,100,118,968,325,4,29,6,10,4,71,16,30,30,167,950,511,371,1832,280,78,91,304,477,17,24,397,164,251,59,310,29,538142,956566,620576,154753,16631,257156,2543823,1622645,352,251,44940,3846,1513,1830924,5756,26851,60972,1974803,69388,263888,1301545,1634821,7776695,269483,38203,10829,307983,687138,4394,8552,91845,216394,379010,53577,523321,99110,166542,2646005,0,1699257,907026,74370,1228477,7776695,35141,5555,8431,6133,4962,1434389,0,1613791,35604,4902,76270,3225180,1,5.02738759796508
Seattle Police Department,1977-11-01,Washington,500000,WASPD00,288,184,206,25,85,120,908,250,0,29,1,14,8,62,23,21,40,169,895,500,354,1749,321,43,54,281,385,10,21,460,174,180,42,222,23,491804,762077,563188,112417,28636,291176,2249298,1271049,0,402,5,45533,15484,48182,9617,11689,80388,210899,64371,255874,1172457,1492702,5224351,230868,26082,8506,294002,468930,5716,11141,85943,361514,240671,43452,371212,77467,162455,571227,0,1372477,867008,94721,1423661,5224351,41783,5932,13006,980,2433,25750,0,1191491,127811,1870,107707,1518764,1,5.02738759796508
Seattle Police Department,1977-12-01,Washington,500000,WASPD00,350,188,218,26,114,124,1020,264,1,30,6,9,5,61,17,28,46,172,953,523,391,1867,313,35,31,315,434,31,26,525,157,236,47,283,32,532627,906282,642671,278085,46619,291051,2697334,1294190,0,5329,37575,2494,1156,48409,9979,22055,80167,201835,70107,270358,1288439,1628904,5827592,325428,18752,6691,367929,500140,22422,8386,148861,230295,565471,48896,453797,73234,131265,652907,0,1352367,849583,188421,1511650,5827592,75431,8597,11794,13473,24986,68000,0,1422751,114237,14595,128148,1882013,1,5.02738759796508
Seattle Police Department,1978-01-01,Washington,489961,WASPD00,322,161,197,33,107,153,973,264,3,37,3,4,1,94,26,9,39,176,832,538,383,1753,334,42,48,320,427,22,23,398,139,225,43,268,32,410642,752985,575937,157378,169004,442699,2508645,1224657,355,8127,21804,2415,350,112663,20020,25938,124088,307278,54898,257458,955938,1268293,5317357,257850,27395,5727,329947,432782,5194,7936,83456,118007,382415,88491,452120,65996,131688,854158,0,1279840,743900,135257,1183492,5317357,64492,5133,10883,13209,6231,15956,0,1303195,53268,22304,73395,1568066,1,4.67094915687277
Seattle Police Department,1978-02-01,Washington,489961,WASPD00,289,174,169,26,109,136,903,230,7,22,2,7,5,89,35,3,25,166,875,528,393,1796,297,54,63,358,399,15,20,437,153,182,42,224,22,433203,737636,645885,154239,31151,351984,2354098,1054584,0,425,5288,1462,1630,48382,69719,35737,77370,239587,60876,253833,1078924,1393634,5042327,222814,29161,9244,472387,453610,3643,5540,97263,99972,429129,117035,357272,77435,155300,610124,0,1121028,748753,143590,1282661,5042327,42973,4204,24060,7128,2032,61400,0,1069647,90593,9940,87066,1399043,1,4.67094915687277
Seattle Police Department,1978-03-01,Washington,489961,WASPD00,319,173,192,20,112,125,941,248,8,36,2,8,2,80,35,9,25,161,965,556,422,1943,319,71,129,342,392,30,21,478,161,193,41,234,26,534782,747076,616444,152390,41716,256818,2349226,1172763,0,3036,4671,3475,2532,58560,52483,2560,34201,158481,66659,265772,1128683,1461115,5144621,244309,51371,31725,358439,380304,9062,13952,229979,141973,438896,83801,395676,36503,293186,558141,467,1228460,750201,147700,1211588,5144621,62567,5479,24261,16699,54473,64053,467,1149053,51567,14503,75216,1518339,1,4.67094915687277
Seattle Police Department,1978-04-01,Washington,489961,WASPD00,282,184,194,16,102,124,902,235,1,28,1,3,2,57,34,8,16,121,875,539,390,1804,337,74,80,295,390,25,10,425,168,173,35,208,30,1087649,625627,483322,146467,18782,404018,2765865,1056984,0,4050,701,887,257,29754,72932,1924,18432,124887,58485,259359,1499879,1817723,5769510,317073,36798,23682,305751,812016,29567,2270,100678,189888,222837,55981,727225,61390,167622,698017,0,1083660,1465809,124546,1162422,5769510,43234,9379,22262,4914,10729,56906,0,948203,175913,15961,64328,1351829,1,4.67094915687277
Seattle Police Department,1978-05-01,Washington,489961,WASPD00,270,157,186,21,100,144,878,225,3,42,8,7,3,60,35,12,25,150,845,592,405,1842,312,72,119,309,424,23,18,386,179,187,32,219,24,455100,690768,539490,163507,24691,170116,2043671,1017109,0,2326,57527,3223,705,41324,107605,2807,424771,637963,60054,283643,1307912,1651610,5352679,265497,44991,32883,390832,486974,10570,8062,89061,322739,292775,74217,691562,54758,126578,1177560,934,1036951,757838,87538,1051968,5352679,32921,10225,34215,5680,6950,39717,0,1027609,57084,2508,103639,1320547,1,4.67094915687277
Seattle Police Department,1978-06-01,Washington,489961,WASPD00,287,179,166,22,98,130,882,249,4,28,1,8,4,73,22,16,30,154,862,623,415,1900,274,129,117,303,420,25,23,405,204,190,39,229,23,443180,640289,381126,126475,20104,249032,1860206,1121425,0,3228,1668,2345,2457,33467,13378,12107,16460,81882,58719,304817,1653198,2016734,5083473,214074,84815,42309,352460,506069,12817,6352,236130,561705,270074,48615,474424,46994,111411,678390,0,1177079,1139408,78818,1058260,5083473,79700,5068,18016,14088,4339,34327,0,1055635,261937,2919,63371,1539400,1,4.67094915687277
Seattle Police Department,1978-07-01,Washington,489961,WASPD00,229,173,223,22,114,146,907,324,3,30,1,7,3,91,36,14,25,177,938,648,463,2049,282,139,158,390,409,52,31,358,230,249,53,302,31,412987,727617,647267,211940,26610,268785,2295206,1432645,0,467,9674,2672,817,167832,96941,14405,84469,376810,68887,312206,1247601,1628695,5733824,212299,91018,42949,448855,444936,18688,11864,69915,288170,298179,56360,604024,41763,90439,893156,23355,1508717,1017739,77173,1122920,5733824,28904,4755,45640,3643,4475,46149,23355,1387272,91607,8361,89579,1733740,1,4.67094915687277
Seattle Police Department,1978-08-01,Washington,489961,WASPD00,300,220,193,27,136,135,1011,375,6,24,7,18,3,109,38,15,38,228,1020,745,571,2336,366,153,111,465,481,33,15,425,287,263,67,330,34,795290,665596,812689,312547,27820,314537,2928480,1699576,0,1345,980203,5498,1457,72731,499796,11953,33925,1605564,70027,363540,1642493,2076059,8311025,312571,98777,24854,489997,679623,9711,5428,103723,351377,354287,58434,1507866,73595,227998,1357924,0,1751606,1593406,63609,1322299,8311025,56724,6941,13490,6096,8155,66654,0,1541413,564363,7273,92793,2363902,1,4.67094915687277
Seattle Police Department,1978-09-01,Washington,489961,WASPD00,273,210,201,16,148,139,987,383,7,38,6,14,3,107,55,11,24,220,983,635,519,2137,342,134,109,379,475,23,38,426,211,317,49,366,31,535781,691277,703851,309595,31753,370593,2642851,1908564,0,1640,107866,17460,3209,47648,42464,2999,21683,243328,71694,307148,1647888,2026730,6823112,308796,85352,33990,525972,533665,10052,13536,222688,292677,403649,71769,692856,85562,158252,938730,0,1826341,1169400,138643,1337909,6823112,53506,8319,35499,10440,13504,36251,0,1737593,195218,33841,94526,2218696,1,4.67094915687277
Seattle Police Department,1978-10-01,Washington,489961,WASPD00,0,0,0,0,0,0,0,0,0,0,0,0,0,0,0,0,0,0,0,0,0,0,0,0,0,0,0,0,0,0,0,0,0,0,0,0,0,0,0,0,0,0,0,0,0,0,0,0,0,0,0,0,0,0,0,0,0,0,0,0,0,0,0,0,0,0,0,0,0,0,0,0,0,0,0,0,0,0,0,0,0,0,0,0,0,0,0,0,0,0,0,1,4.67094915687277
Seattle Police Department,1978-11-01,Washington,489961,WASPD00,352,178,163,24,118,143,978,299,4,18,4,6,8,104,39,12,27,200,1122,575,497,2194,360,90,117,323,465,46,19,588,186,228,40,268,37,533254,1039707,520017,209828,18390,382691,2703886,1383446,0,532,37629,1882,5358,50045,73100,8445,9174,185633,73698,271041,2840143,3184882,7458380,301659,58929,35779,412982,546482,11724,7754,454007,1355565,410679,269131,608461,192359,111388,1386450,0,1415298,1527092,174759,1362763,7458380,137022,196035,9178,12233,8837,26877,0,1242472,175109,2359,75254,1885377,1,4.67094915687277
Seattle Police Department,1978-12-01,Washington,489961,WASPD00,359,206,203,38,141,156,1103,331,4,25,6,28,5,122,73,15,34,283,1044,662,528,2234,347,74,114,379,448,32,36,575,229,238,63,301,36,463325,1024302,737249,325098,63525,356767,2970266,1535607,149,3083,50801,15097,2999,98071,49040,3597,51245,270850,70891,321674,1588903,1981468,6761423,290617,53039,45738,554442,446856,11612,15489,356520,207157,502104,58863,631041,114065,139120,1104493,1053785,1620819,0,108343,1428792,6761423,93199,8870,16386,46859,6661,35779,89220,1466678,0,23163,143660,1930475,1,4.67094915687277
Seattle Police Department,1979-01-01,Washington,521590,WASPD00,297,171,196,19,99,128,910,308,0,15,6,9,4,67,44,6,17,153,755,521,444,1720,355,36,65,312,403,13,22,378,136,294,62,356,45,440529,815685,591119,225087,45813,379996,2498230,2805228,0,5513,54794,2368,1037,32093,95993,13511,9669,209464,42047,223181,1297384,1562612,7081046,267629,27840,48496,421813,394687,3489,7864,255777,135018,388099,64773,511307,62410,213994,862212,0,2913715,808598,43865,1212072,7081046,47661,4589,9396,7973,2628,372309,0,2754175,48857,3212,77617,3328416,1,4.19843724882306
Seattle Police Department,1979-02-01,Washington,521590,WASPD00,309,197,180,31,128,123,968,294,4,28,5,12,5,85,57,5,24,193,999,572,578,2149,427,45,110,397,452,24,20,482,192,243,59,302,50,548370,955942,811717,289558,103643,429513,3138743,2373112,0,504,50998,9073,1369,68678,97836,852,46737,275543,58791,249072,1564237,1872100,7660003,364450,32374,62124,464196,433216,8972,7498,214007,285263,550474,54882,559904,684,137230,1242712,1159461,2477078,0,73410,1404167,7660003,91203,6495,26794,18293,11285,75110,74971,2460284,0,13758,57640,2835834,1,4.19843724882306
Seattle Police Department,1979-03-01,Washington,521590,WASPD00,292,244,127,35,236,69,1003,349,2,34,2,6,5,74,36,20,30,173,1096,559,553,2208,397,94,44,337,432,33,32,528,311,256,43,299,2,731322,794945,357405,464133,59127,200996,2607926,2637807,0,802,844,1180,1784,68737,34881,7058,47174,161657,60042,241490,1405570,1707101,7143612,344339,53849,43794,366801,432573,6285,10660,98949,349852,316155,47237,490944,34440,127515,660830,0,2755015,1232833,75102,1403542,7143612,15484,4534,43399,7095,6172,38836,0,2571963,209280,5340,77889,2979992,1,4.19843724882306
Seattle Police Department,1979-04-01,Washington,521590,WASPD00,204,197,111,30,204,49,795,363,5,41,3,1,6,59,34,16,22,141,1009,535,545,2089,475,127,55,314,354,24,27,489,224,290,27,317,1,372783,533773,355998,1383351,31505,235952,2913363,2800307,0,9812,7435,8,3707,42870,251344,6839,17906,330111,49046,233857,1323062,1605965,7662182,419298,73422,55260,344990,483605,7536,5294,88713,127847,102274,55978,512394,47514,167942,719209,0,2850319,1129220,85552,1991781,7662182,10639,5920,13196,11390,11680,6281,0,2703794,95556,0,62212,2920668,1,4.19843724882306
Seattle Police Department,1979-05-01,Washington,521590,WASPD00,301,227,87,34,164,35,848,329,0,21,6,5,1,71,34,13,19,149,1240,599,549,2388,448,154,111,388,391,21,18,627,230,246,40,286,2,1589625,702587,190680,209284,55869,114550,2862595,2471981,0,0,131835,235,80,47337,26551,18326,27206,251570,46027,281216,1517445,1844688,7437133,299122,91942,61289,373325,442276,19745,2360,68418,486213,74854,43311,719138,68632,134153,443913,0,2717019,2146959,48467,1040688,7437133,7927,9954,13679,1679,5114,33268,0,2557688,194950,3342,32987,2860588,1,4.19843724882306
Seattle Police Department,1979-06-01,Washington,521590,WASPD00,279,227,92,47,206,54,905,337,3,34,9,0,1,63,38,17,23,151,1000,652,548,2200,424,207,67,371,392,18,14,448,259,246,35,281,5,469054,815534,273197,435777,48840,203763,2246164,2503809,27563,92,123543,0,504,28722,107656,6113,143725,410263,49390,282307,1841011,2172708,7367892,303446,130173,27920,380966,416842,6953,3804,157811,744794,108916,47635,759266,68103,231367,927338,0,2561467,1432192,111292,1120315,7367892,31316,5042,15677,2443,5408,22537,0,2333890,151526,23608,82449,2672385,1,4.19843724882306
Seattle Police Department,1979-07-01,Washington,521590,WASPD00,302,270,100,66,175,55,968,301,2,43,10,2,1,80,38,16,21,168,1086,612,566,2264,398,204,40,406,445,22,17,454,278,190,59,249,2,687830,887608,413651,282601,41653,102219,2415562,2518701,0,445,56473,747,202,34028,46930,4761,25594,168735,50029,261890,1636383,1948302,7051746,239592,123925,7108,462718,639300,7398,11961,101350,354948,80383,64068,748661,35632,265513,665637,0,2477918,1457643,115747,1144645,7055847,6919,8263,28230,3989,14556,29460,0,2082425,159742,5979,41699,2381261,1,4.19843724882306
Seattle Police Department,1979-08-01,Washington,521590,WASPD00,316,217,149,24,190,69,965,320,3,34,2,7,1,69,41,9,24,153,1096,666,599,2361,387,218,29,442,475,26,19,495,270,225,32,257,3,499375,600473,550885,307489,33827,190210,2182260,2861361,0,760,6419,1302,844,24695,75240,10236,10588,129324,58195,293064,1847577,2198835,7372540,239517,149410,8800,544882,775502,10064,6243,85413,379006,139863,67444,765858,59740,132578,1149440,0,2453357,1409096,71256,1126772,7375403,17533,8762,27554,6592,1297,13825,0,2080787,150703,17180,24851,2349084,1,4.19843724882306
Seattle Police Department,1979-09-01,Washington,521590,WASPD00,361,233,100,40,175,38,947,288,3,44,11,5,1,78,43,15,13,166,951,538,522,2011,363,138,29,392,400,7,17,453,212,200,34,234,3,707596,736293,254803,268205,31623,106506,2105025,2154218,0,1121,178198,470,609,84049,42270,9300,9703,324598,44306,231741,1520481,1796528,6381490,254131,82428,11453,553933,518855,2880,4010,121389,247447,109785,53450,673765,38554,121557,801490,0,2140363,1109504,102035,1232514,6383018,14182,5156,26824,2813,3531,99196,0,1843954,85300,735,43735,2125425,1,4.19843724882306
Seattle Police Department,1979-10-01,Washington,521590,WASPD00,422,266,90,51,171,51,1051,272,2,46,11,4,3,89,31,21,15,174,1038,602,592,2232,488,147,44,399,458,19,18,431,228,176,44,220,1,725150,1075169,236859,356640,55755,81370,2530944,2252222,0,365,163882,1747,5202,39415,21055,9602,4434,245336,50239,265702,1518524,1834465,6868677,328763,84502,19145,465006,569270,5798,4291,68443,289247,167186,35829,720825,48194,171044,903856,0,2191584,1255081,54500,1320576,6868677,9845,4715,54055,1050,6487,27878,0,1763344,536594,424,40733,2445124,1,4.19843724882306
Seattle Police Department,1979-11-01,Washington,521590,WASPD00,357,292,152,49,167,86,1103,320,4,45,4,5,3,113,40,23,28,216,1096,537,483,2116,403,76,50,383,452,8,44,506,194,270,21,291,5,814283,974218,446344,370210,80921,154994,2840969,2590486,0,1272,66537,181,2691,58925,176599,12020,81307,398260,54559,241419,1438855,1734832,7567931,243589,42014,32139,518675,696999,2112,14270,80534,104499,134690,108639,582588,60273,335678,979382,0,2535856,1281157,51460,1498208,7567931,15295,5655,37106,7163,17663,34881,0,2385615,552300,12012,51120,3118809,1,4.19843724882306
Seattle Police Department,1979-12-01,Washington,521590,WASPD00,309,286,136,19,220,75,1045,332,9,36,6,10,7,97,54,24,36,234,1153,640,630,2423,463,58,67,460,444,26,46,617,242,288,34,322,7,858261,702474,490923,382515,69547,177002,2680723,2857750,0,953,99948,2557,638,51515,56398,11008,151391,373455,55575,275115,2223257,2553947,8484597,400195,40322,79615,946890,597937,38382,25426,109151,316029,154099,83780,762079,70790,293916,1300361,0,2880560,1269931,127918,1541162,8484597,23150,21152,15337,4480,6000,20388,0,2640641,119622,8691,46964,2906423,1,4.19843724882306
Seattle Police Department,1980-01-01,Washington,491897,WASPD00,325,316,105,24,256,91,1117,357,3,40,13,6,11,99,57,17,25,228,1108,541,558,2207,479,61,71,356,534,21,36,456,193,298,45,343,5,808172,1468336,186016,719241,24529,215041,3421334,2540973,0,3531,213184,651,8926,65637,58305,5358,25350,377411,67309,248381,1667888,1983577,8326826,350712,73820,75609,333585,839449,5646,8112,73609,223035,231468,199652,719659,117428,167880,1622331,0,2563457,1252293,106746,1345913,8326826,77539,10723,7173,8094,34656,29498,0,2516640,86665,788,68769,2840545,1,3.69746081504702
Seattle Police Department,1980-02-01,Washington,491897,WASPD00,291,209,104,32,276,77,989,312,3,45,5,4,2,66,31,15,22,145,1147,538,563,2248,436,62,99,349,478,16,32,520,256,220,28,248,4,522459,2821000,369365,476969,22965,209195,4421952,2080513,5184,924,61015,340,739,29857,17382,58224,18269,185827,43382,200029,1622816,1866227,8560627,353252,33569,51162,275095,575329,3198,9447,107925,457250,256855,49860,1989792,42136,281351,947164,0,2103863,1823125,63789,1002692,8560627,8375,5616,36586,2004,17578,11510,0,1830243,148808,30,36546,2097296,1,3.69746081504702
Seattle Police Department,1980-03-01,Washington,491897,WASPD00,332,282,132,42,206,101,1095,370,6,36,0,3,2,50,33,21,17,126,1246,556,625,2427,473,86,58,403,502,15,27,575,288,263,28,291,2,719759,1154151,431997,312021,56697,170989,2845614,2303655,0,0,0,296,891,35093,23778,16165,17722,93945,57089,213181,1658060,1928329,7171543,367162,44813,46026,479110,676358,2278,7554,75713,229317,130443,58901,432181,37015,103122,1517922,0,2296715,1335793,87112,1172339,7171543,10190,8208,21312,3102,1205,31769,0,2335612,92459,3195,51972,2559024,1,3.69746081504702
Seattle Police Department,1980-04-01,Washington,491897,WASPD00,375,228,115,41,309,73,1141,313,7,44,2,5,6,70,41,12,21,157,1285,565,626,2476,426,157,67,397,541,25,29,554,280,212,32,244,1,749557,1046733,343235,261651,38195,127559,2566929,2817473,0,15,9669,436,13614,21564,11447,9266,16402,82398,64987,202499,2435547,2703032,8169847,286934,77713,54497,474377,390256,10967,8855,92481,1306953,140137,79562,449282,33521,248710,830047,0,2818944,2318607,111371,1139665,8169847,4662,6005,3646,2218,4208,3572,0,1826546,90340,189,17666,1959052,1,3.69746081504702
Seattle Police Department,1980-05-01,Washington,491897,WASPD00,343,278,109,35,256,57,1078,287,5,37,3,2,1,96,33,22,28,185,1330,620,622,2572,467,151,84,377,501,27,31,629,305,184,40,224,4,615302,824035,357053,522344,91057,145680,2555470,1957521,0,100,15400,203,555,34508,10175,59270,15892,136004,65012,231931,1955480,2252423,6901518,346252,81159,54778,338961,427874,7417,11070,81599,903312,103843,53672,473855,62217,231121,949212,0,1972466,1963537,84487,1007107,6901518,2943,6300,15300,943,2817,46041,0,1629656,666441,85,36390,2406918,1,3.69746081504702
Seattle Police Department,1980-06-01,Washington,491897,WASPD00,330,236,144,43,271,70,1094,276,7,36,2,5,6,74,32,10,22,151,1273,633,732,2638,557,161,84,469,461,33,31,541,301,179,29,208,1,457265,1019124,904843,493234,48403,143861,3066729,1980556,0,222,92,736,2884,37766,34375,4622,57765,138241,58516,257317,2289804,2605638,7791386,417639,102686,59281,449064,618696,14139,8323,65704,870105,105119,53913,825029,56246,175208,1388360,0,1982220,1808724,195537,1201031,7791386,11174,7950,5931,3372,6622,48012,0,1532598,259946,850,55835,1932289,1,3.69746081504702
Seattle Police Department,1980-07-01,Washington,491897,WASPD00,376,304,183,45,125,94,1127,362,3,50,4,5,8,78,44,16,22,177,1304,649,697,2650,434,214,60,503,458,21,26,514,420,256,56,312,3,1081463,916016,584036,443185,28881,681693,3735275,2478460,0,2292,25512,2104,11932,30208,31576,5384,90207,196923,46281,259680,1694354,2000315,8413265,296178,120970,50411,438859,599436,7839,11677,74478,400468,138718,77240,590425,84014,406713,1315782,0,2582628,1585046,196032,1436667,8413265,14890,7247,16809,3771,4130,26444,0,2259149,109397,14350,42573,2498759,1,3.69746081504702
Seattle Police Department,1980-08-01,Washington,491897,WASPD00,415,294,214,40,214,97,1274,325,6,37,5,7,7,106,43,26,26,220,1374,613,800,2787,470,210,57,485,495,32,26,567,445,250,38,288,1,758715,1846826,905427,491285,186123,197285,4385662,2432486,0,7266,1664,2958,3261,172021,79122,47120,39881,346027,69239,242176,2002863,2314278,9485717,437558,132972,22004,464275,722451,15966,10072,137331,371650,181091,67867,791830,70145,923389,2158600,0,2345041,1248222,98988,1600546,9485717,8116,6652,141003,5554,28060,51173,0,2084277,128886,8634,342426,2804779,1,3.69746081504702
Seattle Police Department,1980-09-01,Washington,491897,WASPD00,467,262,205,40,198,91,1263,321,8,58,9,1,11,91,43,28,23,206,1300,567,730,2597,454,136,110,471,463,37,44,548,334,217,38,255,1,618352,1730711,1045165,236656,36745,110624,3778254,2207458,0,6315,18624,11,10649,91812,85663,65430,45911,318100,59296,225371,2474622,2759289,9069417,341797,94134,157220,548992,671389,16236,14232,87060,828231,181512,45338,745719,82309,200543,2589066,0,2233270,1461229,117982,1412449,9069417,19338,6215,16572,3106,4866,90532,0,1819151,209994,42232,38217,2250223,1,3.69746081504702
Seattle Police Department,1980-10-01,Washington,491897,WASPD00,342,136,287,32,91,198,1086,335,3,60,10,2,7,94,53,38,21,225,1315,618,717,2650,449,110,108,455,497,35,27,540,429,394,75,469,36,365365,1804150,1294614,180492,30493,514476,4189589,2272389,739,20373,62709,802,2034,99780,94441,33255,176539,469559,44595,264797,2119924,2429317,9381967,378272,80191,159523,405652,878683,23150,15629,93845,394371,273534,92688,878080,83237,274448,2589761,0,2336684,1342522,114780,1396231,9381967,37337,9421,30068,28652,12098,303698,0,2616508,342610,7957,95383,3483733,1,3.69746081504702
Seattle Police Department,1980-11-01,Washington,491897,WASPD00,556,214,44,158,194,47,1213,295,6,36,8,2,5,82,36,28,29,190,1355,567,681,2603,485,78,98,461,509,11,44,552,365,202,39,241,44,846304,2092160,168737,253235,438574,135756,3934768,3287253,203,39877,14032,0,1546,64299,25679,18739,19852,144146,50888,225471,1966739,2243098,9649345,387379,40691,94818,473279,728426,1460,13133,251117,252795,435772,115172,546866,93816,159464,3346942,0,2002774,1351403,129670,1467467,9649345,10871,7742,14960,9003,1912,25346,0,1710249,80512,9299,67734,1937628,1,3.69746081504702
Seattle Police Department,1980-12-01,Washington,491897,WASPD00,430,189,290,95,140,159,1303,277,6,33,4,6,8,114,62,23,26,243,1295,614,719,2628,477,69,112,487,541,16,49,534,343,179,42,221,23,405512,1226289,982038,122730,181985,202883,3121437,1868656,0,1390,0,673,10926,80390,26566,25091,20173,163820,47102,251982,2149404,2448488,7603791,403186,46751,139538,653922,607903,5106,51306,136569,404206,301576,38095,923829,85733,94104,1483244,0,1847251,1196491,81366,1515127,7603791,15289,4855,8212,3564,1316,72603,0,1578816,115272,1468,26969,1828365,1,3.69746081504702
Seattle Police Department,1981-01-01,Washington,503697,WASPD00,363,182,371,55,149,250,1370,250,5,41,1,4,4,108,58,29,28,232,1347,657,725,2729,517,84,134,541,537,8,26,520,362,194,48,242,25,786966,1340124,1167377,359345,40582,407129,4101523,1506501,0,5921,5573,6032,2212,83115,164360,35552,64828,361671,41279,248714,1830850,2120844,8096460,467808,41688,130547,459577,517073,1495,5858,136029,360769,297865,39580,940321,72190,189892,2052102,0,1606365,1466991,93758,1337396,8096460,13170,4990,3787,12543,3961,65089,0,1560454,125664,10425,61781,1861865,1,3.35113096874714
Seattle Police Department,1981-02-01,Washington,503697,WASPD00,354,151,292,53,107,224,1181,233,4,34,4,1,3,72,35,21,22,158,1266,520,618,2404,446,54,102,444,473,14,26,489,356,156,37,193,22,336578,1127538,999954,115038,34309,295516,2908932,1430638,0,2202,2363,670,14886,59144,23243,8418,119421,228145,41370,200900,1582746,1825016,6394933,342137,28528,79891,326280,690105,7687,11474,82843,256070,261777,51148,417732,77213,143640,1543186,0,1474920,1020681,78031,1326606,6394933,7463,6072,8626,9370,76898,19892,0,1263427,69771,5439,42727,1509685,1,3.35113096874714
Seattle Police Department,1981-03-01,Washington,503697,WASPD00,366,170,304,42,130,245,1257,251,7,35,7,4,5,85,26,11,26,164,1443,682,781,2906,548,97,188,508,564,23,40,557,381,169,25,194,25,504891,912925,1218836,163079,31467,299886,3131086,1554499,0,2094,21203,593,6508,57770,26286,1853,19386,133600,42016,262310,1878694,2183021,7004299,502217,53313,238286,409746,601622,8103,16565,100340,252829,176192,66899,719917,42707,196966,1889502,0,1584150,1039645,83366,1204956,7004299,7986,7336,5144,3167,6176,6809,0,1219812,56279,1180,15522,1329410,1,3.35113096874714
Seattle Police Department,1981-04-01,Washington,503697,WASPD00,371,159,317,39,95,226,1207,268,10,38,2,2,5,72,34,17,20,152,1344,610,689,2643,469,103,185,482,508,21,31,489,355,177,41,218,27,368346,1048753,1195030,147272,77140,796420,3632961,1622604,30,3556,0,225,1357,36356,232428,16478,23233,310077,39496,254207,2294818,2588521,8157749,442832,61148,124893,459765,760050,9065,5191,68755,656822,191269,62887,587547,67200,367140,1738929,0,1639943,2165869,47559,1289405,8157749,16846,6404,29356,5724,8133,96271,0,1388994,123402,6669,39342,1721141,1,3.35113096874714
Seattle Police Department,1981-05-01,Washington,503697,WASPD00,336,156,289,33,95,197,1106,262,5,48,2,5,4,90,28,32,31,192,1387,596,705,2688,396,98,141,543,524,17,28,572,369,187,44,231,31,474326,701998,951386,116834,72663,432474,2749680,1514782,0,1163,11079,191,6903,45686,26404,4521,25358,120141,38823,229566,1625952,1894341,6280107,356547,78004,111988,553597,425289,5094,12664,69439,281720,158612,38759,485793,75870,250718,1259167,0,1565146,1237794,83349,1124898,6280107,7493,5952,18796,9159,3552,65588,0,1397422,70937,318,64968,1644185,1,3.35113096874714
Seattle Police Department,1981-06-01,Washington,503697,WASPD00,308,156,286,50,108,230,1138,200,3,33,5,5,6,96,40,18,33,203,1421,573,679,2673,418,129,95,513,497,23,18,573,407,252,35,287,22,418446,710158,960622,163837,29721,511607,2794391,1337735,0,1635,103650,828,11424,34225,74961,5858,28227,259173,37167,237163,3016025,3290355,7683289,328136,80953,66339,435332,471407,10623,4052,124464,1769049,145855,50830,693922,71573,193387,1261027,0,1383400,2568531,118496,1196267,7683289,10985,4980,13317,23324,8003,286887,0,1851835,101094,9038,51705,2361167,1,3.35113096874714
Seattle Police Department,1981-07-01,Washington,503697,WASPD00,324,184,314,39,111,237,1209,270,2,45,0,3,4,83,37,28,32,187,1355,640,691,2686,397,192,100,516,440,30,33,525,453,221,42,263,28,312470,779074,998520,160643,32526,410014,2693247,1600922,0,265,0,737,1139,23793,10328,17932,42090,96020,41470,247468,1704157,1993095,6383549,320656,106325,55515,472570,537548,9015,6803,65977,418687,104224,55079,525092,32047,222066,1232248,0,1670204,1208254,149068,1185268,6383549,4558,6045,4470,3341,3438,43940,0,1621947,46664,3167,20043,1757615,1,3.35113096874714
Seattle Police Department,1981-08-01,Washington,503697,WASPD00,343,234,341,54,99,184,1255,275,6,46,2,6,8,138,40,25,25,244,1323,794,867,2984,535,236,89,583,471,29,32,561,448,234,44,278,27,572983,710909,1160172,94626,174996,671503,3385189,1636719,0,4480,10389,2607,9588,114160,27654,23046,39406,226848,41363,329724,3010676,3381764,8635000,471541,144310,112833,546191,1118215,4326,24058,175281,785009,251650,54255,675947,60498,333572,1755111,0,1656799,2303296,77626,1466247,8635000,16270,13572,40348,4956,13019,64690,0,1692991,318817,4199,63799,2232661,1,3.35113096874714
Seattle Police Department,1981-09-01,Washington,503697,WASPD00,408,165,333,44,79,158,1187,252,2,40,5,4,10,110,36,24,20,209,1321,681,775,2777,433,167,156,459,523,24,43,558,414,221,32,253,24,408446,874431,1155909,149481,36196,363219,2987681,1475620,0,580,19229,543,5462,69402,17091,10854,34791,157372,43890,258057,2119708,2421655,7042908,446726,120631,70461,542729,708972,3686,22902,181279,324269,252464,37559,647378,61788,199751,1844623,0,1518062,1140668,95423,1245190,7042908,12738,8016,16977,3901,16853,128529,0,1565648,284431,5600,51346,2094038,1,3.35113096874714
Seattle Police Department,1981-10-01,Washington,503697,WASPD00,398,169,295,32,97,170,1161,245,5,36,5,2,2,80,37,30,25,181,1317,664,731,2712,519,100,158,454,516,18,20,558,369,176,34,210,28,624141,1044893,1233186,342150,48199,285258,3577828,1603067,6702,865,32295,305,0,29604,31487,21437,27432,142560,42144,261123,1951085,2254353,7585375,422403,68805,76798,549019,657857,14162,7436,105420,352452,294631,54312,668611,88748,250085,1737565,0,1501307,1418021,222911,1349185,7585375,20177,36487,356141,7785,16407,51162,0,1367261,110145,117206,83865,2166637,1,3.35113096874714
Seattle Police Department,1981-11-01,Washington,503697,WASPD00,302,178,317,39,100,209,1145,227,4,59,2,8,6,87,45,32,25,205,1428,606,801,2835,572,83,155,522,503,17,51,603,329,152,40,192,26,356450,685373,887014,75498,32245,506986,2543565,1399898,0,7587,12279,2788,16856,73028,28867,29500,33216,196534,44902,224080,1858681,2127663,6275247,571582,71336,74043,550339,514516,1602,15636,138656,189952,283355,34600,604061,88135,128653,865989,0,1394794,1115739,178645,1581275,6275247,33394,7185,7483,5657,3029,13415,0,1233216,158086,90,35117,1496672,1,3.35113096874714
Seattle Police Department,1981-12-01,Washington,503697,WASPD00,341,187,377,48,133,265,1351,215,5,30,3,2,3,108,56,25,20,217,1407,681,710,2798,476,69,89,527,526,34,55,634,388,169,32,201,28,465801,883626,1333046,200220,53142,399760,3335595,1268276,0,6582,2798,285,1531,105175,80035,40287,9661,239773,48977,263644,2943436,3256056,8106282,406864,50109,17218,546442,696905,12144,20730,249693,1255950,399120,66486,617084,54654,180194,1620121,0,1316994,2248575,143546,1459508,8106282,18301,7664,13897,8210,8790,83584,0,1270079,80186,14594,90290,1595594,1,3.35113096874714
Seattle Police Department,1982-01-01,Washington,507643,WASPD00,320,147,322,41,120,228,1178,208,5,45,0,5,14,102,51,32,22,226,1308,570,622,2500,480,68,111,437,461,14,36,570,323,166,33,199,27,340656,845356,1108909,101524,35077,331749,2763271,1221152,0,3205,0,1705,6242,53918,34799,47556,14222,158442,38989,205792,1500174,1744955,5891025,384170,38986,5633,386567,513136,10174,10556,117918,277815,351632,76002,545631,44089,197109,1221257,0,1185182,1046560,81174,1142391,5891025,33896,6558,9368,13511,24130,41086,0,1188513,986804,4629,53261,2361756,1,3.15752936096719
Seattle Police Department,1982-02-01,Washington,507643,WASPD00,255,136,263,27,113,216,1010,192,4,31,4,4,7,90,38,22,24,189,1324,566,634,2524,475,42,126,473,474,16,24,572,322,154,27,181,19,300401,671477,738492,227948,14904,313378,2266601,1113092,0,12889,37515,316,505,36084,21531,17452,236167,349570,39842,206635,1612029,1858506,5600658,426068,22428,26097,442108,604664,2886,4777,60205,269274,252533,49674,452003,75481,142458,1086957,0,1105135,934215,87587,1414614,5600658,19315,12807,11844,8456,76940,72099,0,1061561,141066,448,98970,1503505,1,3.15752936096719
Seattle Police Department,1982-03-01,Washington,507643,WASPD00,312,136,262,38,101,245,1094,226,1,35,4,1,2,86,32,28,19,172,1308,623,706,2637,484,76,86,474,476,29,26,640,346,165,24,189,23,180349,497822,583385,140245,91480,374211,1867492,1280943,0,3574,15946,13,221,57726,17793,9122,7910,108730,40031,218444,1752732,2011207,5271947,428373,54625,21247,419958,453746,10234,6391,82430,534203,256142,31850,359892,71837,135256,562189,0,1282273,1311060,80043,1181405,5271947,23142,5106,15349,1626,3988,19463,0,1130089,342384,17761,173039,1731946,1,3.15752936096719
Seattle Police Department,1982-04-01,Washington,507643,WASPD00,247,129,207,30,114,173,900,164,2,23,5,3,2,79,25,28,20,162,1058,515,602,2175,455,87,90,325,400,23,25,480,290,116,24,140,20,249612,675421,641916,75380,12775,285374,1940479,965705,0,205,27739,278,0,35813,16871,11310,27906,119917,32406,195820,1375401,1603627,4629933,384915,58651,10174,303590,488978,6416,16088,102073,232741,231257,26059,446490,34063,84732,884001,0,966204,882987,74701,999437,4629933,12071,5425,25222,7370,682,30470,0,798855,162139,3053,33681,1078969,1,3.15752936096719
Seattle Police Department,1982-05-01,Washington,507643,WASPD00,365,177,274,44,125,274,1259,239,1,53,4,1,5,101,29,23,28,191,1571,720,863,3154,562,128,149,503,628,34,21,663,466,152,45,197,21,231510,797137,555122,137760,28923,1679266,3429718,2826017,0,900,452,0,8336,97729,12460,11238,28863,159076,47252,280016,2020749,2348018,8763729,507567,79570,11020,528823,769765,10594,7786,126229,306666,230673,1453300,593284,37107,98531,1035272,0,1351852,2531189,127056,1305465,8763729,14051,6429,14067,7916,1329,127687,0,1182226,106320,3041,67041,1530107,1,3.15752936096719
Seattle Police Department,1982-06-01,Washington,507643,WASPD00,335,175,250,53,133,222,1168,244,2,42,3,7,1,93,26,29,18,177,1312,686,691,2689,409,162,106,444,495,46,22,547,458,181,35,216,25,278264,665891,819717,432957,43820,541639,2782289,1285105,0,22292,2081,322,821,35285,12930,18854,19896,90189,40742,256777,2042836,2340354,6520229,356302,102898,24411,319652,536733,13795,7180,64129,915254,205612,59917,581784,35971,146642,1206912,0,1354580,1641195,102579,1185037,6520229,9769,6265,3868,8058,4563,235735,0,1258686,93539,15039,100169,1735691,1,3.15752936096719
Seattle Police Department,1982-07-01,Washington,507643,WASPD00,288,186,281,58,143,253,1209,291,5,46,7,2,8,104,21,28,15,185,1409,716,725,2850,419,203,102,515,454,33,27,615,482,192,46,238,28,344676,496127,860351,168975,54338,550828,2475295,1963235,0,259,0,0,2460,148606,26350,10031,7982,195429,45301,271071,1910776,2227148,6861365,442297,132187,16334,457602,545406,7067,21471,137665,467119,168922,353299,675803,37057,209284,1103689,0,1627084,1336030,109626,1240571,6861365,11184,11534,9874,5298,5804,67088,0,1363664,824642,2254,73176,2374519,1,3.15752936096719
Seattle Police Department,1982-08-01,Washington,507643,WASPD00,313,210,264,45,116,168,1116,262,2,34,1,4,9,115,38,29,21,217,1398,739,703,2840,446,180,106,501,483,39,47,596,442,130,39,169,25,289514,517497,711230,108070,56292,408218,2090821,1458232,0,5583,0,354,9441,81682,69349,35487,17272,213585,46400,281317,1489182,1816899,5585120,405970,108190,3385,422926,440510,11345,7594,114871,302109,190194,51427,461606,46867,191501,933760,0,1451993,924904,110226,1222643,5585120,13723,5920,8465,19299,903,33533,0,972519,106598,2921,37578,1201459,1,3.15752936096719
Seattle Police Department,1982-09-01,Washington,507643,WASPD00,296,225,295,40,105,191,1152,242,1,39,6,1,6,98,38,27,15,191,1342,721,740,2803,469,140,113,495,553,31,29,573,400,179,39,218,29,432635,513067,731565,106491,63182,460080,2307020,1362745,0,3199,41717,189,1860,35554,49968,18753,13075,161116,44417,271630,1776145,2092192,5926272,390372,93213,17581,411802,613448,7329,10549,103668,444230,204314,80640,465862,53599,265750,738167,0,1389313,1401040,106623,1220963,5926272,14607,8427,11942,5210,15677,18873,0,1288272,320808,5942,109563,1799321,1,3.15752936096719
Seattle Police Department,1982-10-01,Washington,507643,WASPD00,336,178,275,49,93,217,1148,227,3,31,7,4,0,90,28,24,27,180,1395,657,680,2732,448,121,112,522,587,25,28,562,327,164,49,213,26,278911,967483,1379900,80501,98395,424606,3229796,1325534,6315,1203,13761,7284,0,42668,63507,12520,18879,158618,44265,238321,1918221,2200807,6922274,375680,83513,5125,419310,522707,7603,8156,157794,620919,322526,38863,455805,58897,278684,1432025,0,1297748,1685034,123415,1229277,6922274,29258,6956,8630,15371,33621,15005,0,1253539,528182,8664,123144,2022369,1,3.15752936096719
Seattle Police Department,1982-11-01,Washington,507643,WASPD00,334,133,259,53,96,228,1103,158,3,28,4,3,3,91,32,31,14,178,1436,626,638,2700,453,58,98,477,571,37,43,647,316,109,33,142,18,208741,1139871,695493,130561,22819,386055,2583541,850348,0,237,27982,537,1579,49744,8528,12602,6214,107185,45475,232565,1437607,1715647,5256958,398572,48964,4351,332655,436090,9043,12201,153901,319870,299151,48620,338373,56889,131328,981600,0,928314,1297868,70801,1104014,5256958,15649,5257,6476,13473,5257,51076,0,833588,217620,1121,55238,1204755,1,3.15752936096719
Seattle Police Department,1982-12-01,Washington,507643,WASPD00,244,107,223,43,94,225,936,234,2,28,4,5,7,95,37,28,27,203,1463,647,607,2717,415,43,108,405,627,37,35,743,304,149,24,173,28,120577,513468,549094,102699,28042,291734,1605613,1311751,0,3221,12526,1105,1171,53069,126156,15102,14329,223458,49257,223525,1442909,1715691,4859734,386021,28351,4929,267196,635693,24806,16852,124877,226966,180510,38935,443762,33397,188122,779367,0,1335635,854134,68386,937486,4859734,26631,6947,10395,897,212,11620,0,1044511,79166,1010,22488,1203874,1,3.15752936096719
Seattle Police Department,1983-01-01,Washington,514319,WASPD00,263,133,246,45,96,225,1008,169,3,33,10,3,1,87,17,18,34,170,1361,625,615,2601,441,61,132,439,585,41,39,566,297,146,34,180,30,364935,559562,634810,89930,28215,336038,2013490,1069059,0,141,90490,245,0,401686,25395,12861,54993,585669,41606,212505,1500814,1754925,5423284,394472,53815,12748,290501,577630,14103,9771,182793,219091,253942,59444,399832,32229,153183,1031302,0,985079,1256227,123566,1128479,5423284,16945,5381,5904,7036,4026,73544,0,1027909,518675,4656,84350,1748427,1,3.05925284471218
Seattle Police Department,1983-02-01,Washington,514319,WASPD00,241,120,227,25,79,191,883,195,17,33,5,3,5,54,31,23,22,143,1309,552,588,2449,387,58,105,460,540,23,18,609,249,162,29,191,18,179899,760610,616014,105064,16245,311625,1989457,1054592,0,113,6057,245,2264,20775,38112,11870,25991,105315,36436,186373,1657020,1879828,5029305,380014,43307,6201,381308,784830,10487,5464,102696,165521,129593,42420,406514,31388,142748,1059086,0,1073798,1066437,80920,996402,5029305,13764,6443,6302,11487,18047,24385,0,1089094,79993,6119,56116,1311749,1,3.05925284471218
Seattle Police Department,1983-03-01,Washington,514319,WASPD00,270,132,231,44,92,225,994,197,3,48,1,7,2,80,31,18,17,156,1364,693,724,2781,575,72,120,510,547,27,23,621,286,126,27,153,26,217100,482615,610630,118519,42781,357367,1829011,1119035,0,15318,10769,1416,92,31731,13182,16569,3806,77564,40315,244220,2115626,2400161,5441089,449432,46672,6198,423523,994511,10359,15587,98835,355045,139909,33389,314871,36895,139224,888346,0,1129996,1309476,405195,1043790,5441089,6418,11625,14556,673,2931,25068,0,889111,228857,342092,32367,1553697,1,3.05925284471218
Seattle Police Department,1983-04-01,Washington,514319,WASPD00,266,177,298,25,117,235,1118,218,3,44,1,0,2,91,24,22,30,170,1309,565,758,2632,393,84,117,519,473,32,20,581,413,237,56,293,25,314014,481383,704060,96363,76252,698816,2370887,1110506,92,5969,0,0,0,40189,14648,26493,42062,123392,37292,178562,3154818,3370673,6981518,377154,46075,15878,610679,822905,6684,7012,66303,1417982,185614,56725,558929,50704,225907,657638,0,1286110,2523425,386472,1049994,6981518,12681,7621,20014,11815,6440,137061,0,1683813,118525,7614,56254,2061835,1,3.05925284471218
Seattle Police Department,1983-05-01,Washington,514319,WASPD00,296,179,291,35,109,272,1182,234,7,34,4,5,6,69,20,29,19,152,1427,575,801,2803,434,107,99,546,562,25,29,615,386,169,34,203,24,200097,526920,1001394,107986,92971,529664,2459030,1127237,0,1722,13975,1095,4008,19564,13121,11096,14256,77115,42949,177700,1938165,2158814,5823918,415407,71694,15400,462167,631766,5623,13583,83928,459246,142436,61173,387093,32027,127305,1244893,0,1239193,1279982,212101,1097715,5823918,11114,4283,4255,4613,5614,25022,0,1163128,292257,17315,38537,1566139,1,3.05925284471218
Seattle Police Department,1983-06-01,Washington,514319,WASPD00,286,177,317,34,95,221,1130,198,2,36,6,3,1,92,21,21,19,163,1307,532,756,2595,417,118,83,504,474,28,26,565,380,139,25,164,28,205909,595737,695390,187456,35705,333572,2053768,962046,15,401,1912,9,0,85638,6431,6859,26863,127712,38941,170104,1583800,1792845,4936787,346050,79186,2576,410111,493155,7226,20525,68007,366009,188101,61142,355852,27478,112115,793310,0,1031427,1216738,156212,994410,4936787,10989,5862,4109,11763,16086,26756,0,936131,88780,1377,34239,1136090,1,3.05925284471218
Seattle Police Department,1983-07-01,Washington,514319,WASPD00,219,194,300,34,126,251,1124,191,3,29,2,3,5,107,26,19,15,177,1410,647,849,2906,412,143,93,687,547,58,26,541,399,150,30,180,25,358309,541041,826797,494134,53800,805205,3079285,982785,0,3426,10793,37,7299,81180,15422,5666,6688,127084,43243,210776,2122412,2376431,6569011,345956,99566,38562,781388,571236,14164,8954,148897,367707,209008,114389,466365,44720,149087,1465725,0,1052386,1464269,271509,1331555,6569011,19986,15064,4980,3757,6290,362356,0,982020,116319,16600,66995,1594366,1,3.05925284471218
Seattle Police Department,1983-08-01,Washington,514319,WASPD00,267,197,308,21,105,212,1110,194,1,36,1,3,4,88,30,26,22,174,1469,752,901,3122,456,184,93,660,536,50,29,617,497,141,35,176,24,216702,486908,877198,114652,13767,534730,2243956,1030454,0,979,3081,5813,1413,44898,28050,3162243,134904,3380401,47871,239744,2419276,2706891,9362681,445124,109778,24214,577425,782979,10466,20479,86026,650400,291382,87115,449560,30718,308902,1953079,0,1136512,3928056,121039,1056317,9362681,12072,7896,8444,4512,4855,69941,0,1058501,136620,22547,41257,1366645,1,3.05925284471218
Seattle Police Department,1983-09-01,Washington,514319,WASPD00,244,158,286,30,97,223,1038,193,2,37,1,5,1,105,32,38,20,202,1326,579,912,2817,416,98,89,670,534,29,36,546,399,128,30,158,17,311043,585125,654310,221270,19475,395953,2187176,1046968,0,1291,0,618,306,47204,54819,24655,9579,137180,42043,174650,2144374,2361067,5733682,414263,67518,16492,685346,738494,17383,6611,99992,314968,208818,60530,508787,46130,211948,1138553,3059,1113568,1103555,152755,1185977,5733682,7162,6097,4148,2600,6510,19328,3059,917776,2533370,2141,31945,3534138,1,3.05925284471218
Seattle Police Department,1983-10-01,Washington,514319,WASPD00,307,183,331,28,106,231,1186,152,7,43,11,5,3,81,29,35,24,188,1410,664,812,2886,442,98,101,627,584,51,32,579,372,125,38,163,16,315357,576424,776374,114710,46103,336279,2165247,832692,0,398,61,7569,2227,46595,45965,11090,24186,137694,47596,215463,1784398,2047457,5183488,367826,58637,43756,619153,582622,14005,8572,98487,254398,185822,76827,421201,29142,181726,916803,0,908598,1065547,197704,1200117,5183488,18634,8811,8957,6363,2579,21029,0,957546,74465,27432,46088,1171905,1,3.05925284471218
Seattle Police Department,1983-11-01,Washington,514319,WASPD00,296,157,378,31,118,222,1202,187,6,25,2,7,3,71,29,25,24,161,1342,558,802,2702,503,44,53,666,479,85,36,542,294,136,25,161,14,336025,565604,997417,245276,20705,324737,2489764,987310,2447,701,22027,1218,76,62782,33058,36858,41294,197313,43500,177167,1993036,2213703,5891237,455498,34193,1065,604927,631959,18640,8704,119910,338806,198347,54455,479360,42622,268820,960348,0,1067067,1157649,127972,1534598,5891237,12476,19050,7666,8606,9132,152305,0,965916,70011,9444,37858,1292464,1,3.05925284471218
Seattle Police Department,1983-12-01,Washington,514319,WASPD00,201,168,332,31,88,204,1024,184,7,36,3,4,4,83,36,20,26,176,1278,564,774,2616,440,52,106,537,462,75,29,622,293,144,26,170,24,398459,449848,1037344,32541,46277,409787,2374256,1082667,0,6327,0,1358,1438,51903,56899,14571,166879,293049,41554,183341,1762809,1987704,5744001,405944,37702,69577,653573,452277,21996,7618,137113,201905,239864,109111,439789,58028,119669,1102093,0,1135595,1104479,160290,1275084,5744001,20904,10034,12078,7526,8220,37405,0,1010517,109965,2876,34218,1253743,1,3.05925284471218
Seattle Police Department,1984-01-01,Washington,497598,WASPD00,295,169,369,40,84,265,1222,176,6,32,2,2,6,97,31,38,26,202,1261,554,804,2619,442,47,80,593,530,39,44,558,286,162,24,186,29,568118,680034,1054774,63217,80593,438943,2885679,971022,0,947,1469,587,2728,47557,225562,54793,22031,354728,36330,166020,2771106,2973455,7185831,404717,27692,4945,558553,683870,9668,10515,102178,1171318,242909,66291,1423446,37262,188746,1663949,0,1014857,990501,224885,1332986,7185831,24571,15132,10418,11527,16264,137883,0,1032456,101143,22022,83321,1454736,1,2.9331132680892
Seattle Police Department,1984-02-01,Washington,497598,WASPD00,266,160,356,29,59,222,1092,177,1,41,2,3,6,84,38,23,21,177,1334,605,741,2680,403,57,80,659,512,33,50,589,297,122,25,147,14,379747,579258,840369,64036,25624,253324,2142358,936367,0,1687,2346,2018,510,75534,123959,13800,30463,248631,42914,176670,1379839,1599424,4928466,346096,34687,2344,543694,384695,10225,14607,110086,152991,237122,29498,309883,33088,145130,821562,0,944462,1069542,165501,1172676,4928466,27850,7500,9330,8439,5778,17373,0,812472,53573,6614,47728,996657,1,2.9331132680892
Seattle Police Department,1984-03-01,Washington,497598,WASPD00,272,176,321,23,91,213,1096,210,3,34,3,1,2,98,22,14,22,162,1432,599,891,2922,483,74,84,689,517,62,19,646,348,145,29,174,18,443023,701466,1179153,143030,2781,626167,3095619,1118464,0,308,2933,0,15,66209,4109,4212,16082,93560,44844,177585,1890735,2113164,6421116,489012,54632,1387,645558,530401,22913,9096,123478,236688,219438,49150,450385,35916,158896,1332167,0,1176178,1360334,224586,1414066,6421116,17737,9559,2836,3426,7650,37981,0,1000192,82136,4540,69972,1236029,1,2.9331132680892
Seattle Police Department,1984-04-01,Washington,497598,WASPD00,279,155,277,28,73,227,1039,194,8,27,4,2,1,101,25,19,21,173,1331,553,956,2840,402,61,72,608,545,68,26,572,486,141,41,182,25,278666,648813,774084,66940,15719,435626,2219848,997440,0,217,88,440,79,58912,11512,29393,37553,137977,39691,170021,2237267,2446979,5802461,404512,34664,46287,611542,610398,22506,6579,119348,591143,191961,43577,492986,41759,177937,992463,0,1071760,1544331,84245,1161442,5802461,12621,8098,3766,1408,12472,16203,0,1020527,178888,2103,31801,1287886,1,2.9331132680892
Seattle Police Department,1984-05-01,Washington,497598,WASPD00,328,145,312,33,89,249,1156,170,7,27,6,1,0,88,23,33,16,167,1328,569,825,2722,357,80,90,629,513,62,17,586,388,137,40,177,14,256210,1571817,1216400,122220,29956,424468,3621072,950645,0,1437,499,0,0,60666,12519,43900,9494,127077,41292,172165,2515816,2729274,7429506,399689,54521,15504,787811,613335,16868,3922,118234,719390,314799,345970,484401,45601,178521,2037279,0,1012144,1347619,165668,1497504,7429506,13765,9937,30774,9034,2605,97151,0,1006058,140220,880,74173,1384597,1,2.9331132680892
Seattle Police Department,1984-06-01,Washington,497598,WASPD00,247,129,285,22,104,226,1013,210,2,33,5,0,3,114,29,23,23,197,1308,597,815,2720,396,90,99,584,500,50,29,548,424,151,31,182,32,229064,453594,759861,163858,30135,551026,2187539,1097316,0,2781,7333,0,117,45739,65734,2171,41055,162148,40524,181354,2077641,2299520,5749304,389556,55453,1273,537830,751018,55582,5942,128954,373910,149169,48429,430229,37025,266506,1269020,0,1151837,1094497,192902,1109691,5749304,9738,9374,7113,2960,5849,5998,0,1013479,105049,2434,29340,1191334,1,2.9331132680892
Seattle Police Department,1984-07-01,Washington,497598,WASPD00,249,164,344,28,96,236,1117,167,5,51,3,7,4,104,35,18,30,201,1360,580,852,2792,394,134,61,656,453,63,18,551,462,149,29,178,22,311948,736827,1230086,97218,39374,484882,2900336,886715,0,4626,0,2619,126,43621,9401,3317,21074,80159,44108,174136,2112182,2330426,6202262,401490,97837,19869,619430,467406,15158,55706,72451,581079,280901,54333,433247,52297,145084,1358914,0,962064,1371600,288143,1255678,6202262,16962,10301,16883,6089,243,45255,0,1013215,144770,35722,49980,1339421,1,2.9331132680892
Seattle Police Department,1984-08-01,Washington,497598,WASPD00,281,172,362,44,89,261,1209,185,5,55,6,5,6,141,58,30,25,271,1397,741,943,3081,449,150,235,774,527,44,37,595,270,152,39,191,22,347756,834069,1216362,140197,57163,717343,3312890,945075,0,117,3872,698,4452,325048,61645,32830,38620,467166,42647,232338,2325058,2600044,7325292,451614,114782,11621,890303,512975,11955,10072,180518,416203,268714,70148,863764,73155,198361,1519256,0,1004298,1521054,296637,1509905,7325292,17998,12571,270486,13668,2593,38855,0,1021096,320800,24747,70025,1792839,1,2.9331132680892
Seattle Police Department,1984-09-01,Washington,497598,WASPD00,335,180,334,38,112,212,1211,223,2,49,3,6,6,131,20,30,28,224,1343,650,860,2853,389,97,70,812,515,32,27,558,353,158,33,191,16,428742,956204,1129571,198050,81285,399619,3193471,1110641,0,4455,0,1669,9269,49429,37209,26099,8770,132445,39506,199763,1953797,2193065,6634077,387714,55037,1918,782511,600611,12392,8902,85371,258610,239876,66758,441771,93314,215833,1529639,0,1195141,1114102,217998,1519646,6634077,22691,9817,8087,880,5558,16062,0,1030769,65191,3344,33575,1195974,1,2.9331132680892
Seattle Police Department,1984-10-01,Washington,497598,WASPD00,380,183,434,37,83,236,1353,178,1,40,1,5,6,102,40,25,26,205,1441,605,878,2924,469,83,68,687,558,35,42,618,364,118,24,142,21,424213,1636463,1331258,168267,23471,623369,4207041,966343,0,14815,0,384,1889,53221,18388,85500,16109,175491,38720,180609,2227893,2447223,7810913,439504,51156,4889,674587,581586,9952,11369,147436,526743,296057,49405,505745,73029,328887,2084587,0,935956,1581761,277716,1677770,7810913,20450,9805,6702,2159,4318,88436,0,789007,293156,19403,52054,1285490,1,2.9331132680892
Seattle Police Department,1984-11-01,Washington,497598,WASPD00,327,180,506,36,110,291,1450,209,8,35,4,2,3,92,37,29,25,192,1326,599,912,2837,458,46,72,730,548,32,40,598,313,152,37,189,20,394650,1270631,1827294,138375,43615,715190,4389756,1054756,0,0,9829,220,1892,85553,26973,19655,16651,160773,37456,181340,2308389,2527185,8132470,444032,26935,7585,1038560,648725,19564,7066,94684,240034,376533,61293,504671,76666,314849,2035525,0,1132188,1286044,400543,1944158,8132470,72392,10756,6336,13058,28615,10436,0,1155650,112482,53342,70101,1533168,1,2.9331132680892
Seattle Police Department,1984-12-01,Washington,497598,WASPD00,342,199,521,31,116,239,1448,190,2,24,11,8,4,110,44,22,16,215,1346,618,817,2781,395,30,54,623,603,41,46,642,347,127,29,156,18,444974,1965159,1897193,255272,52732,537000,5152330,928456,0,1613,2933,4209,1138,33713,64927,24483,20494,151897,38855,180161,1981647,2200662,8434959,349445,15496,1097,668691,802597,7940,15443,121979,217974,348149,38946,487533,57577,190858,2124885,0,991392,1296565,322821,2576233,8434959,21124,7544,8409,3945,5555,45278,0,868202,204409,25327,33479,1223272,1,2.9331132680892
Seattle Police Department,1985-01-01,Washington,495190,WASPD00,357,178,414,29,117,256,1351,219,0,46,9,3,5,112,41,30,28,228,1488,575,852,2915,495,52,88,612,533,45,43,709,338,174,34,208,36,458438,936559,1437345,284860,42082,574135,3733420,1116879,0,7662,2833,11,2943,74256,47966,9223,34182,171414,38618,166862,2125791,2331270,7360645,467763,28293,1804,679228,643998,9685,20330,138039,342131,406628,59299,385043,69675,180762,1456622,0,1180490,1564128,242253,1815746,7360645,19645,9855,6167,5552,6073,89031,0,1133071,110996,23605,64438,1468431,1,2.83267663464518
Seattle Police Department,1985-02-01,Washington,495190,WASPD00,279,183,319,30,100,240,1151,204,7,34,9,5,4,95,26,32,22,193,1247,493,778,2518,493,43,73,541,479,22,33,580,254,129,37,166,29,351348,743838,1104344,155375,21687,531263,2907856,1018965,0,57,0,918,578,46119,14775,50798,29097,142285,33593,140895,1692779,1867266,5936429,486152,26151,1456,491305,586568,4427,7815,68885,194506,224458,43071,309688,45207,179025,1307255,0,1062254,1061429,250392,1453650,5936429,13552,6776,15027,3258,6532,41918,0,907023,72613,8504,39615,1114817,1,2.83267663464518
Seattle Police Department,1985-03-01,Washington,495190,WASPD00,284,180,311,41,106,278,1200,237,9,44,12,4,8,103,46,35,36,244,1472,574,937,2983,567,50,84,569,630,32,46,653,352,170,31,201,10,283690,727666,1076689,173278,74094,407041,2742459,1205043,5665,11928,30607,592,2751,48949,19477,25539,140195,268110,39533,163403,2066758,2269693,6502899,559255,32293,2728,624696,620370,32635,13702,117324,266691,233597,49155,402121,64373,242837,1247094,0,1240712,1061883,308280,1652847,6502899,31862,8351,11662,1133,4748,36587,0,1082082,77757,25769,117749,1397699,1,2.83267663464518
Seattle Police Department,1985-04-01,Washington,495190,WASPD00,330,164,339,29,110,270,1242,183,8,27,5,8,4,76,58,19,30,200,1261,577,861,2699,467,71,55,604,531,23,22,589,337,139,34,173,23,393654,926591,1250029,163921,148410,474114,3356719,955043,0,623,283,708,6855,54118,112704,19625,23443,217737,34995,167377,2219793,2422165,6952286,454854,37145,1037,876053,738116,4759,8093,102121,199987,346275,65707,455778,64041,145115,1625200,0,985771,1302717,239446,1722236,6952286,45515,6773,6968,5864,1411,56274,0,929118,74573,11852,209321,1347669,1,2.83267663464518
Seattle Police Department,1985-05-01,Washington,495190,WASPD00,315,181,301,46,107,298,1248,208,2,44,5,6,3,124,43,34,19,234,1496,666,981,3143,508,112,81,749,639,42,32,595,385,156,22,178,30,233206,799812,849302,131340,25214,791824,2830697,1063704,1391,7609,850,567,977,51866,27103,12617,30465,124445,41975,196095,2363421,2601491,6629336,487195,72854,6099,709518,769063,11996,10722,114800,419245,303128,37881,523756,57427,195064,1131269,0,1097945,1453347,465077,1364441,6629336,7739,7994,9713,5382,3181,28718,0,944216,88853,4518,38827,1139141,1,2.83267663464518
Seattle Police Department,1985-06-01,Washington,495190,WASPD00,240,125,223,40,119,246,993,161,4,29,5,4,4,75,24,21,15,148,1031,517,830,2378,385,79,26,596,492,44,20,444,292,127,30,157,13,226481,493894,998768,246650,21084,519210,2506086,760661,0,7133,2833,510,1983,35335,16597,20619,3835,81711,29879,154095,2420239,2604213,5959804,405297,55671,1569,698501,638015,9889,7909,124893,662470,266158,61673,426267,25361,173062,952102,0,796690,1643729,328222,1286539,5959804,13478,7609,16721,4362,7203,74746,0,827142,59560,11784,24877,1047481,1,2.83267663464518
Seattle Police Department,1985-07-01,Washington,495190,WASPD00,379,215,408,41,146,279,1468,256,5,53,17,9,5,149,33,38,47,298,1877,835,1296,4008,644,176,54,1003,704,74,43,723,587,185,31,216,33,370761,735564,1361050,145466,56520,540990,3210352,1231787,0,332902,422,19605,142,61752,53082,15755,35879,186637,56291,246865,3411667,3714823,8676500,644862,116837,1099,1305108,903182,16577,26678,124204,576277,310147,80621,579163,73706,184727,1923226,0,1289859,1820190,262793,2152067,8676500,16152,6626,7153,11164,2663,24392,0,1124573,142209,45187,53509,1433626,1,2.83267663464518
Seattle Police Department,1985-08-01,Washington,495190,WASPD00,328,273,429,39,139,242,1450,272,1,32,14,7,3,126,40,40,34,264,1611,848,1230,3689,476,180,52,1051,660,52,33,680,505,206,43,249,32,877968,626415,1657099,220770,41402,827674,4251329,1288893,0,6597,14053,1977,603,54583,9070,40003,30519,150809,47062,251570,4484240,4782873,10480501,631081,141744,7963,1182014,1530926,18050,6008,133184,1131904,338063,74465,586373,63662,418893,2063472,0,1376681,3149701,265716,2143475,10480501,13741,13552,6206,4133,3807,29964,0,1283203,172972,507,84955,1613039,1,2.83267663464518
Seattle Police Department,1985-09-01,Washington,495190,WASPD00,300,203,359,36,131,263,1292,291,7,48,4,6,4,142,34,34,35,259,1475,746,1017,3238,570,170,66,790,540,93,37,582,390,210,59,269,29,385527,615212,1792640,224643,45923,506681,3570626,1320010,0,1926,2040,510,2498,112947,19514,12767,21823,172099,37575,224342,2535435,2797353,7862015,526694,98212,2014,1228297,505842,28607,14940,100724,292023,239846,79683,759916,66245,221801,1632885,0,1402288,1409764,307932,1741654,7862015,17772,5784,8682,3079,8305,30341,0,1250089,70536,9538,53274,1457401,1,2.83267663464518
Seattle Police Department,1985-10-01,Washington,495190,WASPD00,499,239,458,40,145,263,1644,306,4,25,5,4,4,131,40,44,37,265,1613,740,1115,3468,589,98,78,901,655,55,44,630,418,248,55,303,44,468057,1285758,1872688,408217,74287,482651,4591658,1535744,0,1161,6753,99,1671,81935,32315,39907,28262,190942,47566,220462,2759197,3027225,9346731,583166,61189,5113,1003303,903712,12379,19571,135728,303065,362517,65135,517745,86856,355294,1924628,0,1668730,1565173,416412,2384241,9346731,15495,13265,7008,3736,8274,149815,0,1606128,149647,107647,73344,2134360,1,2.83267663464518
Seattle Police Department,1985-11-01,Washington,495190,WASPD00,356,227,475,35,123,301,1517,238,7,31,6,6,5,113,42,30,24,226,1422,668,911,3001,504,55,45,705,580,59,37,675,341,184,37,221,26,440158,937851,1990516,138892,51835,670690,4229943,1139385,0,5090,524,269,1705,48059,20183,13158,245585,329483,41841,189381,2186203,2417426,8121326,538772,28290,4241,665362,624506,24423,25769,100280,405784,301003,102492,789611,95280,219481,1511635,0,1319461,1525331,296012,1961020,8121326,60322,8337,4915,4561,7283,28964,0,1203888,71953,9637,63948,1463805,1,2.83267663464518
Seattle Police Department,1985-12-01,Washington,495190,WASPD00,370,250,530,38,150,368,1706,208,8,28,9,11,5,133,48,38,40,284,1652,810,1032,3494,455,39,63,957,690,93,40,776,381,175,31,206,18,374692,938375,2032372,197865,78236,1171453,4792994,1073599,0,0,8572,9557,1295,67820,17344,39354,35264,179206,48303,231500,2786541,3066344,9112143,469658,23763,3430,991884,826241,29752,11376,134498,575742,487212,93371,652547,78403,322953,1554043,0,1141427,1946641,624863,2210683,9112143,39929,8926,10900,12331,12424,29185,0,1099362,105880,9101,60118,1388156,1,2.83267663464518
Seattle Police Department,1986-01-01,Washington,501279,WASPD00,360,217,451,33,159,297,1517,264,7,35,8,8,3,126,33,38,28,244,1751,732,1049,3532,509,48,80,1006,663,43,51,757,375,196,32,228,30,426391,1043207,1899984,352112,110465,858048,4690207,1238701,0,731,14906,954,222,46989,6519,33823,12165,115578,45310,210064,3240580,3495954,9541171,498163,32497,4231,1113480,1240731,36261,12437,132902,425252,511054,67380,523521,65039,397547,1782310,0,1305169,2244082,395473,2249597,9541171,28691,10147,10213,7269,18261,26420,0,1197169,158297,31936,102796,1591200,1,2.7799125674751
Seattle Police Department,1986-02-01,Washington,501279,WASPD00,304,182,375,32,116,282,1291,182,7,26,8,13,2,108,27,23,20,201,1505,656,837,2998,441,49,75,757,586,83,29,674,304,129,28,157,29,232465,756167,1707230,326459,22534,828595,3873450,996654,0,7172,9035,1851,3,101464,12721,20702,9969,155745,42313,191769,3714536,3948618,8981639,438370,31747,14014,1794178,987617,16577,9076,133983,523057,342380,58968,573162,62267,147258,2032099,0,1051029,2446921,378457,1889098,8981639,12604,6319,19715,3364,9416,31827,0,850653,146045,29959,28578,1138480,1,2.7799125674751
Seattle Police Department,1986-03-01,Washington,501279,WASPD00,366,261,433,42,125,284,1511,214,8,31,2,10,3,124,53,31,23,246,1764,743,1031,3538,607,73,88,933,666,53,31,757,330,184,29,213,41,398656,617330,1379098,152740,19162,631060,3198045,1107842,0,0,0,5640,834,29214,21036,14925,61842,133491,41412,213597,2610252,2865261,7304640,561770,49218,6455,1063753,903802,15876,6455,93044,164888,308456,67766,470381,41062,186432,1100045,0,1165979,1638542,398881,1927097,7304640,16510,7231,5599,17586,12704,21450,0,1153747,96385,22036,245288,1598536,1,2.7799125674751
Seattle Police Department,1986-04-01,Washington,501279,WASPD00,332,225,406,48,98,251,1360,252,2,31,4,6,1,82,29,27,23,172,1557,665,1001,3223,522,64,90,865,558,64,21,669,370,209,36,245,31,472582,909379,1831101,392346,57536,739343,4402286,1222150,0,6019,278,367,97,36917,25097,11862,16207,90825,38418,193671,2808173,3040262,8761542,471312,45824,3205,1362043,615845,19579,7061,124396,390997,407218,57389,556430,73668,267603,1191309,0,1309064,2351851,371444,2175568,8761542,18503,13438,31166,13310,10694,89360,0,1280789,231642,44773,61664,1795340,1,2.7799125674751
Seattle Police Department,1986-05-01,Washington,501279,WASPD00,362,208,399,40,124,255,1388,265,1,43,8,4,2,101,24,33,36,208,1731,720,1022,3473,533,93,74,865,627,64,28,746,443,183,39,222,41,209956,651172,1218819,99982,45196,461226,2686352,1266097,0,1359,867,211,459,55821,11567,10158,62595,141678,45621,209461,2215101,2470183,6565670,470862,57561,4587,872150,625742,22931,10072,73165,333114,250615,42071,358236,38213,310677,950085,0,1334764,1366722,182218,1732069,6565670,10297,288335,16290,1935,5424,10956,0,1145324,101475,24144,55915,1660094,1,2.7799125674751
Seattle Police Department,1986-06-01,Washington,501279,WASPD00,286,223,355,46,118,242,1270,245,4,27,11,4,4,94,32,35,21,201,1681,745,1056,3482,500,118,55,976,636,58,32,691,416,196,32,228,39,301643,656385,1308002,64719,46775,502250,2879773,1195871,5560,612,167,664,192,44640,25889,16591,22537,110679,42202,216772,2545294,2804267,6996762,490666,76687,1949,1001336,544179,19534,15484,111675,542758,212349,58748,389991,34076,181414,1093826,0,1295439,1725044,252969,1752904,6996762,13836,11628,30801,4512,7850,13897,0,1168244,159150,16349,51098,1477365,1,2.7799125674751
Seattle Police Department,1986-07-01,Washington,501279,WASPD00,257,184,364,47,158,288,1298,264,7,43,6,4,1,108,28,32,40,219,1686,753,1137,3576,553,153,66,964,596,72,43,656,473,231,44,275,35,288730,702726,1736347,254557,71093,911444,3964898,1382234,0,500,0,653,0,43230,29792,22651,52788,149115,47053,225245,2492206,2764504,8261250,550684,102907,1668,1065949,625030,23043,9207,129850,256166,260923,107900,457007,61645,287810,1433965,0,1289879,1913247,491653,1957222,8261250,48379,17372,28041,8234,6246,124988,0,1442775,257706,9694,84598,2028032,1,2.7799125674751
Seattle Police Department,1986-08-01,Washington,501279,WASPD00,299,250,424,49,135,241,1398,350,4,50,1,4,4,130,36,44,31,250,1739,848,1192,3779,581,139,51,1068,646,85,35,677,497,263,56,319,35,271119,643995,1072449,375388,61266,2389635,4813852,1644541,0,1968,56,459,139,86286,22745,60380,102545,272609,49271,246823,2829918,3126012,9858982,529854,97522,3806,905893,662286,30373,10261,100488,785528,368830,68036,579417,43255,168079,1050796,19,1752735,1781554,406165,3640095,9858982,17483,6852,61886,4823,6747,17680,0,1620186,115150,19167,42263,1912238,1,2.7799125674751
Seattle Police Department,1986-09-01,Washington,501279,WASPD00,293,184,377,45,135,261,1295,261,3,44,5,5,5,161,39,33,29,277,1618,689,1184,3491,606,102,66,984,582,60,40,650,401,203,29,232,24,283468,676839,1180798,87206,55726,601551,2885588,1287289,0,89,3558,0,4718,59949,8242,5902,44765,127134,44359,198135,3348380,3590874,7890974,652648,63190,10911,1355580,710768,12615,25139,214487,545536,312910,105667,725841,58898,263274,1424347,0,1304196,1659794,201719,1834328,7890974,12154,8623,19073,7325,1398,13916,0,1187023,161402,14753,48673,1474341,1,2.7799125674751
Seattle Police Department,1986-10-01,Washington,501279,WASPD00,332,195,354,45,118,263,1307,283,3,40,7,9,3,152,33,33,29,266,1505,764,1152,3421,587,106,75,862,683,45,50,639,374,221,38,259,43,422847,728145,1320228,266040,209644,831058,3777962,1381828,0,1585,10833,167,3044,61408,8040,37034,8890,129416,38416,228192,3189238,3455846,8746636,654200,65275,2338,959840,888499,23020,18545,109226,734903,481851,63766,551499,53166,292091,1269308,0,1424010,2114935,443652,2052359,8746636,37498,12115,5248,7014,13388,46641,0,1335537,264386,59182,69781,1850791,1,2.7799125674751
Seattle Police Department,1986-11-01,Washington,501279,WASPD00,255,160,433,44,97,251,1240,278,2,34,7,6,2,122,22,41,23,223,1570,739,1174,3483,752,56,50,901,597,26,25,752,324,226,45,271,30,186004,655462,1332437,90900,83884,718321,3067008,1378570,0,1059,6769,267,1112,95598,26573,24358,10483,165160,39022,211335,2776504,3026861,7638658,798591,45593,5738,1017081,693933,11976,16246,141901,295802,355782,70157,455453,37454,296825,1039251,0,1490117,1754689,277722,1861210,7638658,22628,8215,76684,2836,4212,26612,0,1420952,142515,11064,68375,1784092,1,2.7799125674751
Seattle Police Department,1986-12-01,Washington,501279,WASPD00,277,182,456,33,135,257,1340,252,4,39,6,8,3,138,57,47,26,285,1686,755,1188,3629,670,42,69,1001,641,42,34,784,346,188,33,221,33,377028,628911,1196277,88410,61478,546748,2898851,1223245,0,667,23368,995,200,82688,19840,115972,20463,263527,44303,214951,2551245,2810500,7196791,615342,26323,2952,837549,662197,9707,8943,141673,505813,256458,111694,558590,49085,150452,1025134,0,1259300,1564604,283429,1938044,7196791,21247,10672,6019,890,11389,39744,0,1172692,232434,23996,68264,1587347,1,2.7799125674751
Seattle Police Department,1987-01-01,Washington,494426,WASPD00,309,237,461,29,156,263,1455,335,8,38,4,8,0,141,39,24,33,249,1688,712,1098,3498,647,43,78,943,644,24,23,783,313,265,54,319,40,469582,759092,1758371,211560,18753,993007,4210366,1599755,0,94,1314,1617,0,78226,17146,3170,37487,138960,44722,199238,2644861,2888820,8837995,645195,30069,4446,933327,699378,6294,5934,120583,443595,359286,67846,618226,73952,192196,1360791,0,1678708,1675361,807684,2003946,8837995,49090,11252,9758,10576,8351,39726,0,1659936,135511,28181,214191,2166574,1,2.68164209754309
Seattle Police Department,1987-02-01,Washington,494426,WASPD00,247,196,346,31,121,236,1177,327,2,35,2,7,3,111,36,31,21,211,1646,644,925,3215,470,42,82,875,537,58,21,797,333,229,37,266,37,233700,549243,1068945,120317,28956,595413,2596575,1536613,0,107,0,960,166,94885,9611,16312,70079,192014,38785,180260,2378971,2598015,6923324,416295,23609,31863,716851,1010443,12880,6605,110881,268588,178487,65164,420310,55746,198669,1457207,0,1612420,1089956,374617,1470747,6923324,16551,13577,12526,2628,9115,9270,0,1365492,75534,16894,40466,1562054,1,2.68164209754309
Seattle Police Department,1987-03-01,Washington,494426,WASPD00,361,191,420,27,156,269,1424,332,5,35,8,10,3,126,65,20,27,259,1827,699,1033,3559,571,53,84,878,660,45,18,890,360,276,46,322,49,474039,2994445,2423352,194921,35671,815841,6938269,1531695,0,20759,3127,3687,1676,77430,53652,22722,26913,189206,44628,191367,3059595,3295591,11975519,582898,32105,5698,821778,1426781,14301,5428,135310,271291,267529,90218,469234,90637,187522,2107765,0,1598259,2381751,545685,4236919,11975519,26481,9686,6814,8367,11507,74694,0,1566079,248240,6962,77607,2036436,1,2.68164209754309
Seattle Police Department,1987-04-01,Washington,494426,WASPD00,302,172,304,46,145,278,1247,371,6,30,9,14,2,112,39,24,34,234,1788,691,1147,3626,646,72,72,990,580,64,27,793,382,251,56,307,49,238063,801248,837356,145139,61056,485565,2568426,1707487,0,94,6597,1842,1073,32330,19195,12078,10834,83949,42206,189750,2399673,2631629,6991585,587650,50887,26666,867222,639271,19225,11367,126831,302511,296222,52692,400211,33341,155039,1002524,0,1745910,1423826,332038,1549783,6991585,10512,13333,11424,2765,5028,147455,0,1555352,111310,4623,39664,1901467,1,2.68164209754309
Seattle Police Department,1987-05-01,Washington,494426,WASPD00,331,240,428,48,146,341,1534,339,7,50,2,11,2,127,24,33,32,231,1567,701,1147,3415,592,116,48,878,584,53,22,648,474,272,51,323,35,439695,988357,1593861,116364,65035,776204,3979517,1557696,0,265,6074,1724,0,53732,27181,16551,47007,152269,37575,201474,2295724,2534774,8224521,614166,91594,1354,772114,554765,10437,3556,92605,394183,245502,50903,416657,61369,206771,1360974,0,1617030,1900611,425472,1939232,8224521,18458,10437,18399,8453,14344,52177,0,1630438,97051,20198,85920,1955874,1,2.68164209754309
Seattle Police Department,1987-06-01,Washington,494426,WASPD00,393,203,389,55,151,308,1499,417,4,46,4,6,2,136,32,40,34,254,1775,681,1172,3628,657,118,68,970,521,57,18,690,529,326,55,381,44,262270,915459,1219723,141459,81954,565797,3186662,1796861,1475,652,0,5,268,57347,16101,17594,62753,154068,40992,186489,2584977,2812458,7952176,685733,71029,10107,715843,593190,14795,4484,73740,643538,240889,43362,429763,31035,211670,1194232,0,1861194,1693706,293087,1953238,7952176,18517,7527,4409,9069,853,15615,0,1837059,107877,14274,82251,2097452,1,2.68164209754309
Seattle Police Department,1987-07-01,Washington,494426,WASPD00,377,224,454,41,136,258,1490,440,5,39,8,9,3,137,34,32,17,240,1861,814,1328,4003,731,168,62,1160,550,45,40,720,527,315,62,377,52,242874,802366,1517560,133924,43343,698407,3438474,1962048,0,6760,5704,1815,1992,36497,24416,18731,29050,118207,43209,230136,2643877,2917222,8442710,653084,116247,50514,940331,611557,23848,13599,97864,410179,227384,69337,472519,45537,163996,1292439,0,1980087,1644900,326576,2219936,8442710,11421,11118,15607,3070,3427,13604,0,1878222,160960,3795,47457,2148682,1,2.68164209754309
Seattle Police Department,1987-08-01,Washington,494426,WASPD00,311,234,391,49,109,270,1364,539,5,41,11,8,6,163,31,47,33,299,1883,824,1183,3890,570,129,60,1148,583,59,32,723,586,418,58,476,60,299513,691148,1250662,300089,59133,431455,3031999,2301753,0,705,0,1099,1561,84319,5401,15985,17087,125453,44175,233311,2929241,3206726,8666636,544306,106075,5033,1058766,657099,11713,7897,122851,692985,228631,43349,450001,39629,131411,1454949,0,2362527,2000832,237867,1717439,8666636,19817,8916,7141,11161,2550,234236,0,2284759,353199,5114,44537,2971431,1,2.68164209754309
Seattle Police Department,1987-09-01,Washington,494426,WASPD00,363,241,397,28,111,261,1401,456,2,30,13,12,0,116,35,37,19,232,1689,730,1201,3620,669,117,75,1022,527,32,36,624,518,341,51,392,71,328203,809979,1342460,88336,62313,607759,3239051,2012744,0,7307,0,1633,0,106536,12126,46328,96612,263235,39517,207326,2752129,2998972,8521309,636431,68784,10091,1178710,573796,4985,12617,117282,396274,298309,62313,566966,40353,207994,1378182,0,2075594,1426465,318185,2146949,8521309,13658,7278,23231,12727,4618,41329,0,1971007,112610,5940,65440,2257838,1,2.68164209754309
Seattle Police Department,1987-10-01,Washington,494426,WASPD00,463,246,468,33,115,290,1615,495,5,40,11,15,5,135,37,35,18,256,1702,766,1527,3995,826,116,76,1087,577,23,28,749,513,435,69,504,61,588698,1603904,2217718,173148,83131,858262,5524861,2192822,0,5430,3781,1196,1287,89157,8302,22260,21434,147418,39860,227940,3847998,4115798,11986329,947628,95812,109467,1119457,693634,12400,16170,206368,914861,380209,258167,590490,98397,302256,2203875,0,2298435,2354227,453436,3046836,11986329,33807,21021,7385,21686,11008,99489,0,2455312,135383,20327,69900,2875318,1,2.68164209754309
Seattle Police Department,1987-11-01,Washington,494426,WASPD00,465,236,488,34,106,297,1626,444,2,51,11,12,2,117,35,31,27,235,1533,718,1184,3435,648,93,52,954,470,24,25,724,445,333,42,375,49,504326,1219386,1530016,94045,54770,738779,4141322,2050378,0,1183,11129,815,598,39098,16366,20815,24931,113753,34572,200697,2828776,3064044,9370679,684269,73957,10681,713322,581710,5774,5519,163725,825088,303846,185500,499585,73812,163905,1470395,0,2081357,1488150,477273,2626856,9370679,19935,9630,4382,1073,23489,90345,0,1923432,122189,8528,48404,2251405,1,2.68164209754309
Seattle Police Department,1987-12-01,Washington,494426,WASPD00,373,186,480,44,99,240,1422,506,3,30,4,12,2,141,36,31,33,259,1678,703,1321,3702,712,40,60,1116,519,27,38,743,447,358,60,418,68,371606,805815,1921641,69795,52793,673248,3894897,2306542,0,670,0,1054,0,109446,15237,11228,175771,312736,38605,193113,2697088,2928806,9443652,754129,44269,8975,947722,545805,5827,14760,149394,457925,372346,69465,506514,71149,213917,1661208,0,2414660,1578275,437526,2118591,9443652,27165,8107,3698,5605,11343,16940,0,2186611,69318,20043,68224,2417053,1,2.68164209754309
Seattle Police Department,1988-01-01,Washington,505380,WASPD00,80,117,902,22,98,363,1582,433,5,34,8,16,8,175,28,36,23,294,1898,730,1136,3764,715,44,93,1084,581,22,29,792,404,331,60,391,88,197386,104238,3688608,103669,50122,781190,4925213,1881591,0,3089,3775,2216,1002,53941,9397,16789,48138,135257,37384,198785,2588106,2824275,9769425,693395,21009,5532,1004612,522432,4975,10546,189832,371942,513334,101478,456544,68949,297236,2256498,0,1973657,1395082,407174,2299473,9769425,30669,7044,3027,12350,40942,21138,0,1966443,86604,18188,94596,2281002,1,2.57657599887252
Seattle Police Department,1988-02-01,Washington,505380,WASPD00,94,110,802,24,76,282,1388,417,7,47,13,1,2,109,37,34,26,222,1663,597,1039,3299,572,57,73,928,506,13,28,731,391,308,63,371,64,79616,66811,2748828,75519,35737,519992,3526503,1807404,0,5269,8245,18,193,33761,47587,6395,27049,123248,30687,161484,2956291,3148463,8610886,561570,30226,117482,742768,916998,4187,8933,119548,646751,308396,53905,442334,53054,157599,1771167,0,1926158,1638385,344460,1915429,8610886,28927,11734,2873,6704,17711,47365,0,1832461,100085,6921,72015,2126796,1,2.57657599887252
Seattle Police Department,1988-03-01,Washington,505380,WASPD00,86,118,799,23,69,295,1390,408,4,39,4,5,0,99,38,25,22,193,1764,693,1158,3615,661,79,58,958,576,13,31,754,485,288,57,345,66,135925,79124,2920281,91973,20839,369842,3617984,1798994,0,781,13398,453,0,67576,52067,26114,25944,185552,37056,183620,2619605,2840281,8443592,635796,51081,2553,987215,528587,5702,20419,162286,446642,330567,46937,382080,55662,141848,2070678,0,1850755,1429598,244079,1891387,8443592,21731,8508,77344,5617,3174,32728,0,1706209,138321,11175,52892,2057697,1,2.57657599887252
Seattle Police Department,1988-04-01,Washington,505380,WASPD00,58,100,566,21,80,212,1037,410,5,35,3,9,1,113,34,18,20,198,1676,619,1158,3453,661,61,75,1015,514,17,32,711,367,322,57,379,62,254906,69619,1952666,54719,28247,429108,2789265,1912028,0,5359,2556,1494,0,86967,13349,13674,16768,134809,34786,168905,2854055,3057746,7899207,666560,38806,302155,812850,622032,3228,43258,138524,430332,340819,67341,674151,27399,243399,1290094,0,1916978,1517722,216672,1604632,7899207,15467,9010,5748,5764,1242,23828,0,1852558,190721,3107,83723,2191169,1,2.57657599887252
Seattle Police Department,1988-05-01,Washington,505380,WASPD00,78,81,669,23,76,320,1247,420,4,38,5,9,3,144,19,20,17,217,1685,670,1116,3471,640,77,48,967,511,26,25,753,424,322,57,379,55,44907,80817,1654370,215608,7658,656589,2659949,1872140,1752,9536,0,1940,1108,66718,9930,7771,8503,95970,35428,183488,2501224,2720140,7359487,621604,54814,1453,909951,621336,16485,5759,127945,360793,198038,81317,290607,54863,167722,1159555,0,1945315,1420402,608077,1433591,7359487,15039,9961,2752,5514,5792,12599,0,1831946,92947,37146,40019,2053717,1,2.57657599887252
Seattle Police Department,1988-06-01,Washington,505380,WASPD00,105,116,798,26,59,323,1427,503,1,34,5,6,3,100,28,35,29,206,1771,702,1248,3721,662,112,71,1041,576,19,26,721,493,387,65,452,54,87060,53181,2407614,53005,56700,757029,3414589,2330201,0,6807,0,14238,631,47486,1572,30043,19185,113155,35706,191710,2866003,3093419,8958172,656156,77205,33990,1128324,596356,4174,9116,160526,427572,265995,78799,446160,57970,166748,1557641,0,2373477,1640436,525449,1845496,8958172,13120,6591,8132,6774,4924,52212,0,2246774,131691,3630,67166,2541014,1,2.57657599887252
Seattle Police Department,1988-07-01,Washington,505380,WASPD00,110,123,839,20,65,309,1466,504,5,41,8,14,5,119,32,30,31,239,1742,674,1110,3526,568,124,61,1028,444,30,28,770,473,441,56,497,72,157485,234984,2493943,54706,12213,700110,3653440,2342873,350,2855,33039,7449,1616,54943,38368,24606,18139,178160,36739,186730,2288407,2511876,8689554,591507,96467,7807,911575,456391,10108,15970,114933,307118,289156,68488,406040,41743,208478,1613171,0,2385909,1684936,264130,1727501,8689554,10263,9152,28773,6563,40769,47450,0,2411680,90415,7781,33088,2685934,1,2.57657599887252
Seattle Police Department,1988-08-01,Washington,505380,WASPD00,127,119,855,21,72,332,1526,543,5,41,9,18,2,121,41,33,29,253,1883,681,1243,3807,595,158,61,1130,443,22,21,766,611,448,89,537,71,147473,233036,2951782,74211,52472,829021,4287994,2486741,0,6815,5153,3971,515,53005,12120,19510,21901,116175,37381,186526,4067378,4291285,11189011,583981,90806,8583,2308463,463459,21563,5854,174854,633722,404190,86988,520803,51318,185026,1918864,0,2522468,2199440,403157,2896757,11189011,22883,8384,5764,9121,4390,60369,0,2617801,127038,12623,68570,2936944,1,2.57657599887252
Seattle Police Department,1988-09-01,Washington,505380,WASPD00,144,118,915,29,78,278,1562,504,2,34,14,10,7,106,29,21,27,214,1941,634,1107,3682,588,113,73,1125,483,30,19,680,571,382,66,448,64,135708,113918,2858175,52387,69882,758271,3988341,2198234,0,1340,9868,742,2435,54394,50073,18631,12705,148849,35170,170325,2825636,3031130,9367894,551733,51032,2404,1018474,624147,23504,4184,102161,653492,330129,55327,529754,40099,199947,2018825,0,2285423,2026799,239882,1641709,9367894,26469,9327,1492,2950,2906,9384,0,2207979,169394,1376,34067,2465345,1,2.57657599887252
Seattle Police Department,1988-10-01,Washington,505380,WASPD00,133,115,820,24,58,306,1456,541,9,34,10,5,3,124,34,26,29,231,1930,640,1148,3718,588,72,79,1168,476,36,22,753,524,411,78,489,84,110303,251080,2109662,88665,23344,830142,3413195,2449708,0,18,245,206,1520,68802,10020,17449,48442,146684,35799,167720,3124753,3328271,9337877,590778,41480,11636,1647342,470800,9229,5921,76535,474551,378259,56497,424519,41161,173563,1423553,0,2581729,1764416,192014,2302166,9337877,31545,8003,6606,1031,3597,18082,0,2391578,116191,7807,46579,2631019,1,2.57657599887252
Seattle Police Department,1988-11-01,Washington,505380,WASPD00,131,112,752,15,70,283,1363,553,5,26,11,15,4,103,35,24,21,213,1874,610,1081,3565,588,67,47,1209,440,31,29,650,504,410,78,488,96,100170,166965,1903108,32766,9294,608469,2820771,2512208,0,116,3659,6818,680,90489,23594,64891,31633,221763,33465,161938,2650606,2846009,8400867,527443,40264,8737,953653,500562,9631,5957,123189,676573,419433,47636,469965,57205,225036,1464613,0,2604918,1318228,267237,1526596,8400867,73507,5782,9041,7802,6233,20852,0,2479697,58493,781,69351,2731539,1,2.57657599887252
Seattle Police Department,1988-12-01,Washington,505380,WASPD00,131,138,737,41,81,308,1436,503,4,36,4,5,4,133,34,26,23,229,1911,640,1024,3575,586,66,52,1028,515,45,34,724,525,374,73,447,83,159511,187132,1749402,54868,42514,447448,2640874,2231171,0,850,0,353,5540,58604,8972,19507,29909,122885,38151,170611,2142665,2351427,7347207,489779,31888,4287,737370,536430,9317,11273,105057,426027,250739,41004,337050,45536,191679,1166509,0,2389774,1264813,339817,1320286,7347207,10520,7336,2734,1443,4267,8467,0,2246774,119053,3435,26637,2430665,1,2.57657599887252
Seattle Police Department,1989-01-01,Washington,514398,WASPD00,183,193,728,51,91,327,1573,527,2,24,2,8,4,103,38,23,16,194,1695,572,958,3225,487,51,75,888,481,38,21,719,465,468,86,554,104,513973,518810,2948459,102818,113461,593153,4790673,2229720,0,6931,344,1204,34,51548,28979,12331,16286,110727,34689,151853,2646964,2833506,9971558,475944,37137,3291,863916,1015743,7448,25975,100382,303670,315436,74726,555846,56886,175720,2189380,0,2421652,1999916,361667,1820327,9971558,24498,8055,60883,12998,8711,55584,0,2419487,237726,40949,80062,2948953,1,2.45793156762571
Seattle Police Department,1989-02-01,Washington,514398,WASPD00,84,92,603,21,82,250,1132,412,0,37,3,17,4,98,30,26,22,200,1568,509,915,2992,494,40,42,892,423,37,19,684,361,301,45,346,58,89680,157757,1735275,70260,23483,437072,2513528,1732185,0,0,16530,1657,787,40317,150172,10812,8487,228762,27666,129779,2071314,2228759,6703234,456986,24852,2689,904607,388179,79755,9021,110976,251695,231645,41492,375963,30016,275404,1218962,0,1834337,1098966,331727,1264721,6703234,16394,9293,14863,160,1674,9650,0,1652222,63515,20841,19646,1808258,1,2.45793156762571
Seattle Police Department,1989-03-01,Washington,514398,WASPD00,110,128,594,30,76,298,1236,474,5,22,3,4,7,99,32,18,24,187,1791,579,992,3362,516,43,65,1012,447,22,21,794,442,381,98,479,86,200761,297191,1788197,80873,37599,785093,3189714,2169928,0,24973,0,1045,1843,59477,29967,23343,17650,133326,32396,151817,2363628,2547840,8065781,470797,25260,6108,938094,601446,3571,9114,139254,354195,415639,94070,327537,57081,159500,1356417,0,2269162,1635638,275320,1475418,8065781,18466,12162,5808,8399,5184,10306,0,2295708,87480,22389,39865,2505768,1,2.45793156762571
Seattle Police Department,1989-04-01,Washington,514398,WASPD00,68,86,549,29,64,266,1062,533,1,36,5,6,2,106,27,24,27,197,1789,576,1121,3486,596,96,52,1068,466,47,28,705,428,405,73,478,92,33814,68638,1346101,48325,67746,733058,2297682,2257927,0,2888,2458,1630,816,68726,5919,11963,16834,108346,32214,150777,3066864,3249855,7916698,569564,63781,3667,905708,429401,16886,9770,94869,1156209,285403,57201,258916,37496,108508,662646,0,2344891,2084958,631519,1445161,7916698,8679,11968,2932,0,5557,9080,0,2235327,871720,8037,33556,3186856,1,2.45793156762571
Seattle Police Department,1989-05-01,Washington,514398,WASPD00,97,99,576,31,70,268,1141,488,3,51,4,8,4,106,24,19,28,193,1545,580,1220,3345,525,103,56,897,551,18,21,686,488,433,66,499,88,147618,240187,1670531,57631,38813,1149233,3304013,2116886,0,418,3461,147,590,62068,5272,2868,21939,96346,29436,146409,2666172,2842018,8359681,530050,87306,1303,890106,698067,9171,7244,117290,501482,269576,52941,405104,34010,154764,1104454,0,2172812,1825152,499186,1841681,8359681,11601,8568,1433,246,2089,27126,0,2012800,84907,5835,29562,2184167,1,2.45793156762571
Seattle Police Department,1989-06-01,Washington,514398,WASPD00,73,100,505,26,77,265,1046,524,3,49,1,2,5,103,18,22,24,175,1613,612,1147,3372,510,126,70,885,509,29,24,744,475,390,73,463,76,42072,114498,1124297,79696,28006,495212,1883781,2190553,4916,6047,2704,42,806,63982,13959,58686,11889,152067,33244,162027,2510890,2706161,6943524,552088,85836,2215,882275,504365,13499,13922,104226,547735,218242,64855,259417,46244,137460,692586,0,2301177,1457121,281568,1484854,6943524,21455,14209,4215,2581,11024,9827,0,2180677,94208,9178,42930,2390304,1,2.45793156762571
Seattle Police Department,1989-07-01,Washington,514398,WASPD00,98,130,533,37,73,290,1161,536,6,46,5,10,5,136,23,16,27,222,1618,604,1180,3402,496,150,51,934,453,23,22,727,546,409,56,465,108,99787,67839,968012,140702,21123,375643,1673107,2128323,4916,10267,0,12794,1647,70634,8905,15834,19956,129769,31223,159724,2958091,3149038,7095419,486117,110678,887,1199242,614490,5282,8013,101633,622695,215922,42574,308131,32823,118453,1054563,0,2271129,1505262,171591,1374972,7095419,16468,7964,3365,1745,15834,8758,0,2182643,182283,5670,67583,2492313,1,2.45793156762571
Seattle Police Department,1989-08-01,Washington,514398,WASPD00,90,118,577,24,70,299,1178,533,3,42,11,11,2,110,14,29,20,197,1644,633,1349,3626,511,208,40,1070,505,29,22,723,518,395,86,481,74,134864,231117,1561008,177910,31516,578555,2714970,2239451,0,393,7413,21672,17,92094,4324,10658,17825,154002,31771,167707,3628836,3828314,8937130,533553,179456,691,1407158,746329,53615,8315,172726,726471,381776,56995,332113,57464,199070,992235,0,2350518,2246928,367254,1952777,8937130,19359,9716,15674,4697,7578,24589,0,2259331,156600,7983,72784,2578311,1,2.45793156762571
Seattle Police Department,1989-09-01,Washington,514398,WASPD00,99,94,617,19,70,262,1161,439,4,41,1,8,5,124,22,15,31,206,1433,510,1105,3048,404,151,44,874,442,17,25,590,501,368,74,442,70,135051,260821,3499497,137204,19258,1462201,5514033,2028182,4916,4967,0,2814,2839,146397,5324,14740,15632,187747,28247,135840,3689250,3853336,11593181,452844,112659,4056,1544213,668029,1942,14748,64661,990185,333480,60822,673916,58017,397548,3146762,0,2091700,1904128,986616,1940193,11593181,24936,7212,9547,13737,3974,52224,0,2086784,88692,8136,51848,2347089,1,2.45793156762571
Seattle Police Department,1989-10-01,Washington,514398,WASPD00,90,82,560,30,60,277,1099,407,3,48,3,12,4,124,35,26,19,223,1571,510,1173,3254,466,145,48,976,436,26,29,643,485,293,62,355,82,61144,106583,2503772,18400,35719,524144,3249762,1806560,0,9979,0,2760,688,64801,7499,25907,9527,111182,27998,133817,3567297,3729112,8906595,442472,116821,172294,1129692,1200097,8939,7312,133675,517810,241580,30220,330843,55458,140844,935314,0,1900581,1642304,319944,3309507,8906595,25228,8600,17449,4314,777,8959,0,1681225,96110,841,95252,1938755,1,2.45793156762571
Seattle Police Department,1989-11-01,Washington,514398,WASPD00,91,90,550,39,66,317,1153,435,5,42,5,33,6,106,37,26,31,244,1479,539,1241,3259,565,92,35,984,445,16,15,671,436,408,67,475,66,71231,267416,2359570,122002,32563,810739,3663520,1982165,0,1155,1514,8001,737,141931,13012,19032,74741,258968,25806,146537,3582465,3754808,9660615,1092386,66342,750,1385096,646013,2925,6838,124192,430266,438876,68896,471670,95154,306529,1567499,0,2092191,2123417,519454,1976929,9660615,24211,9399,2790,23862,4582,30129,0,2283001,77818,43936,66893,2566619,1,2.45793156762571
Seattle Police Department,1989-12-01,Washington,514398,WASPD00,81,94,611,29,75,330,1220,508,3,40,9,7,1,109,31,28,25,210,1530,552,1087,3169,402,62,43,1015,431,22,28,728,438,363,88,451,95,77877,118042,2122161,73701,60694,863552,3316027,2232753,0,369,17083,983,246,70614,15143,17358,19280,140707,30967,146040,2162633,2339641,8029497,415506,46187,1703,910730,459274,6695,10869,220494,268182,331098,49822,361269,160604,183853,918364,0,2340450,1424868,650430,1608738,8029497,28920,12258,3488,2207,12715,13580,0,2143813,82621,111086,55185,2465873,1,2.45793156762571
Seattle Police Department,1990-01-01,Washington,516259,WASPD00,86,95,556,16,70,243,1066,456,1,34,11,14,4,129,41,15,27,241,1579,569,1117,3265,413,59,66,1200,431,25,26,731,314,370,76,446,80,225838,147362,1539597,59017,42292,629765,2643871,1827668,0,10732,11056,1355,361,44447,15877,7609,42553,123258,26378,139244,2728833,2894455,7499985,429251,46522,6721,1157972,811464,7094,8482,87517,339432,454031,57529,352160,48199,197720,984498,0,1917410,1383940,499534,1604962,7499985,30946,6341,6800,7078,9041,9261,0,1881963,65920,8139,28647,2054136,1,2.33204860003827
Seattle Police Department,1990-02-01,Washington,516259,WASPD00,65,77,388,15,69,242,856,488,3,35,13,8,1,125,27,20,13,207,1547,493,957,2997,395,45,43,947,406,23,28,786,324,378,74,452,71,59341,98471,1270906,26863,43623,459703,1958907,1964529,933,2346,299,921,1026,87566,15585,6499,2866,114762,27877,124002,2010695,2162574,6204052,391628,45018,2246,837998,522115,6217,6346,99329,251677,259716,43012,266019,27793,114958,635826,0,2024218,1198314,327725,1306470,6204052,14079,8055,1131,2684,11870,52236,0,2019904,67877,20928,43854,2242617,1,2.33204860003827
Seattle Police Department,1990-03-01,Washington,516259,WASPD00,57,66,389,12,71,211,806,662,5,33,17,7,7,99,22,29,18,199,1599,539,1086,3224,444,46,41,983,476,21,26,829,358,472,85,557,94,117122,54008,1331849,57037,7276,553836,2121129,2554162,0,793,44,285,4944,50876,18232,17315,31858,123554,29277,132600,2512628,2674505,7474143,438075,42900,1730,966494,699036,4062,7873,207963,306371,368667,46585,271294,39225,134527,864150,0,2616559,1352877,472210,1308051,7474143,113529,12495,4426,5450,2864,6530,0,2507022,71713,9519,47921,2781469,1,2.33204860003827
Seattle Police Department,1990-04-01,Washington,516259,WASPD00,47,88,379,19,63,278,874,504,4,35,2,7,1,135,23,16,22,206,1577,484,1097,3158,423,73,53,1014,406,24,13,749,403,394,67,461,78,35146,87156,1335200,70206,7742,502965,2038416,2094492,0,0,0,1185,0,66764,6481,3076,20380,97885,28675,124028,3038895,3191597,7422391,571821,70682,2297,855885,579911,7339,4443,145851,953369,259443,51184,340701,53353,191293,639807,0,2098844,2198387,291564,1297815,7422391,19468,10233,9624,4198,1884,25091,0,2100476,99100,8792,38367,2317233,1,2.33204860003827
Seattle Police Department,1990-05-01,Washington,516259,WASPD00,54,71,339,16,55,247,782,519,4,39,4,8,2,126,18,28,24,210,1654,565,1251,3470,499,94,36,1172,441,17,15,768,428,424,58,482,64,60069,43651,944666,93762,24144,470792,1637084,2089784,0,788,0,6439,142,62501,4431,71155,20184,164853,30499,143778,3032580,3206856,7099365,495766,91668,2001,1106475,636964,14006,3528,101740,754707,241010,69665,291534,38288,137635,565230,0,2143153,1819779,365693,1427377,7099365,15093,10949,16690,3221,3906,35820,0,2185130,90260,19899,78282,2459250,1,2.33204860003827
Seattle Police Department,1990-06-01,Washington,516259,WASPD00,44,62,379,17,72,270,844,493,8,33,4,10,0,134,20,37,26,231,1567,556,1302,3425,507,95,39,1159,462,27,11,727,398,412,64,476,63,36795,33682,1042948,74036,10058,509923,1707442,2009937,0,12138,0,11448,0,79653,10296,30555,16653,148605,29862,139540,2890257,3059659,6937782,501355,89814,27481,1361849,618109,7376,6800,125530,321345,300753,34395,398619,48847,184740,522041,0,2062231,1553375,352925,1479855,6937782,16977,7059,982,13125,1628,12085,0,2110970,78334,15359,57133,2313651,1,2.33204860003827
Seattle Police Department,1990-07-01,Washington,516259,WASPD00,72,101,449,21,49,261,953,496,7,43,13,2,2,161,32,32,15,257,1548,585,1191,3324,392,144,45,1096,458,24,17,695,453,380,75,455,82,70003,76689,979302,32094,23736,590995,1772819,1989958,0,912,5298,0,466,94222,14319,35778,12313,162397,27469,141376,2839085,3007930,6934015,426476,135138,961,1130258,774445,3062,3526,104749,429316,234525,55293,761556,38430,91869,670333,0,2075523,1380948,311377,1314161,6934015,21436,13985,7449,4373,4116,21844,0,1999032,168309,117,37798,2278458,1,2.33204860003827
Seattle Police Department,1990-08-01,Washington,516259,WASPD00,95,101,546,30,68,236,1076,550,2,42,9,2,4,162,20,32,21,250,1641,609,1476,3726,523,190,39,1227,485,36,10,733,483,421,88,509,80,157416,201309,2092820,70834,54915,720237,3297531,2257551,0,3123,25091,252,11896,109128,11091,3326,13199,173982,29853,149100,4669106,4848059,10580246,556084,179342,872,1756774,670751,8195,6103,1055492,614446,273932,52998,460020,58604,163941,2787290,0,2306461,2066081,471783,1939136,10580246,23087,21287,15112,9207,7003,20100,0,2267283,178462,21387,53845,2616773,1,2.33204860003827
Seattle Police Department,1990-09-01,Washington,516259,WASPD00,87,98,532,34,71,216,1038,514,3,51,4,8,1,129,27,41,28,238,1524,544,1278,3346,451,111,46,1106,433,21,25,738,415,396,62,458,96,126397,249643,1567307,202408,62191,428050,2635996,2051426,0,609,5177,1446,639,65500,11469,35760,247127,367118,28717,137096,3020686,3186500,8241649,465339,102211,1460,1336343,641710,8850,10793,139736,480057,257542,47618,416250,60097,114144,1585940,0,2136159,1550761,488905,1584233,8241649,18908,10893,18174,13831,4097,23684,0,2038677,105758,6520,35289,2275832,1,2.33204860003827
Seattle Police Department,1990-10-01,Washington,516259,WASPD00,95,91,462,27,67,211,953,567,6,50,7,5,3,130,26,29,23,223,1485,532,1251,3268,467,72,37,1034,464,36,20,782,356,476,70,546,98,162448,269340,1822981,114916,109368,2894564,5373618,2329024,0,5835,0,648,282,117262,46606,14100,22269,201167,28805,132943,2943099,3104848,11014492,575062,66256,3022,1142636,675023,13995,8587,138521,481745,365831,71834,379646,46436,168383,1012044,0,2471972,4022942,493842,1981563,11014492,45391,9685,8664,17008,6770,49286,0,2473219,112521,12206,99627,2834377,1,2.33204860003827
Seattle Police Department,1990-11-01,Washington,516259,WASPD00,84,106,507,17,73,245,1032,694,3,43,5,8,2,116,22,33,18,204,1398,526,1185,3109,435,57,37,1128,464,11,21,623,333,503,79,582,76,106922,178493,1656223,38647,76687,797633,2854605,2762867,0,1644,1866,520,979,139403,16238,70976,23859,253841,25785,128102,3723246,3877133,9750090,482086,59257,4862,1087222,1841992,9531,4748,102561,284874,308406,51981,637577,66111,94252,2127055,0,2847431,1348999,627913,1640363,9750090,14188,5438,26784,4501,2745,4629,0,2653871,73044,2463,44596,2832259,1,2.33204860003827
Seattle Police Department,1990-12-01,Washington,516259,WASPD00,74,78,401,30,93,225,901,627,7,43,13,8,6,116,33,26,27,229,1576,520,1114,3210,436,37,45,1210,450,26,22,683,301,483,82,565,73,158332,188012,2320185,109466,47268,618802,3442066,2611025,0,1329,12609,3904,1912,89900,18878,37385,19389,183978,29923,125574,2661483,2816979,9055377,485845,34272,1334,1030322,496768,31919,14006,218226,504287,454582,30137,1053452,48978,141266,919058,0,2674165,1781869,346995,1604876,9055377,23279,5772,8062,11471,3936,25813,0,2586708,70911,15508,39619,2791080,1,2.33204860003827
Seattle Police Department,1991-01-01,Washington,532418,WASPD00,64,81,534,24,68,262,1033,619,6,46,11,12,3,143,24,32,22,247,1645,586,1234,3465,484,51,38,1273,483,29,19,741,347,489,73,562,92,141299,116850,2211070,121387,37643,1074774,3703022,2374303,0,662,1099,1369,235,160922,10480,21449,20699,216253,30148,139525,3562754,3732427,10026667,534200,41987,3175,1926181,760375,9115,6379,166296,284719,1545627,38972,299718,83283,227480,1350537,0,2484700,1741205,445493,1809651,10026667,24722,8714,5578,5808,5712,15012,0,2467742,110523,8430,43963,2696204,1,2.23729976136572
Seattle Police Department,1991-02-01,Washington,532418,WASPD00,54,59,423,19,74,277,906,479,3,31,9,7,4,133,23,20,20,216,1446,508,1066,3020,444,48,27,1044,413,22,17,684,321,398,84,482,80,79417,958258,1558631,127953,20928,779357,3524544,1928100,0,56,9151,1172,1935,75352,6692,25988,16290,136580,23697,119682,2549933,2693313,8282593,476102,40529,685,874849,639537,2951,9985,132981,515695,284150,31996,377844,46672,136668,1784056,0,2176893,1436000,484948,1523366,8282593,29327,7338,3219,19129,13272,40439,0,2306656,126320,10068,41480,2597248,1,2.23729976136572
Seattle Police Department,1991-03-01,Washington,532418,WASPD00,41,60,400,26,74,246,847,431,4,42,3,6,2,112,23,23,18,187,1564,544,1069,3177,395,38,30,1043,471,26,17,803,354,281,49,330,56,76417,53812,1212693,67788,7119,1642728,3060557,1642552,0,2457,0,653,6403,55796,9855,8061,13287,94056,26901,124785,2698105,2849792,7649413,434090,34126,879,1177652,712949,10110,6278,259668,214040,283417,52662,508048,31201,108880,1107287,0,1637703,2290122,272682,1357410,7649413,11860,9419,2929,2573,12234,17182,0,1458719,58297,3640,16901,1593754,1,2.23729976136572
Seattle Police Department,1991-04-01,Washington,532418,WASPD00,35,55,348,16,72,253,779,544,2,25,10,12,5,124,33,20,26,230,1663,558,1355,3576,498,98,40,1315,441,17,10,793,364,409,81,490,70,74303,39500,996923,77263,32756,551958,1772702,2084794,0,2336,32866,2915,2309,47981,14912,6515,93515,201012,29465,132491,2938423,3100378,7161223,609998,96365,5309,1273690,610181,5976,2177,141959,354724,308790,35580,367877,39426,86405,850914,0,2138187,1698748,283949,1351347,7161223,23272,8370,36663,6745,3781,42721,0,2142662,105688,3839,56414,2430155,1,2.23729976136572
Seattle Police Department,1991-05-01,Washington,532418,WASPD00,158,96,188,39,90,195,766,531,5,51,4,7,1,134,22,28,20,216,1637,580,1363,3580,504,107,38,1263,462,27,21,788,370,436,77,513,82,184123,443923,647826,85939,82764,615763,2060338,1995879,0,4501,0,1392,0,886181,300789,8578,7544,1204484,26458,137493,3302492,3466443,8731646,580931,114823,3736,1230054,847814,9115,5352,178346,496273,384569,35573,960591,51858,109939,1582890,0,2051604,1610693,418355,1525574,8731646,32508,8144,9106,14549,1732,12860,0,2246696,249490,27385,63501,2665971,1,2.23729976136572
Seattle Police Department,1991-06-01,Washington,532418,WASPD00,169,96,215,43,105,229,857,513,5,26,7,9,0,144,19,37,15,231,1543,605,1236,3384,409,118,64,1059,492,13,17,816,396,360,82,442,82,173178,568860,580246,297418,39674,722558,2381934,1966915,0,3468,5497,3340,0,95463,12070,29210,5672,151253,28391,141664,2999653,3169708,7673278,458047,93580,5622,1070669,794089,1926,4743,192502,548530,342155,65267,391219,34781,123409,1034903,0,2020729,1976634,250215,1433966,7673278,15464,10298,14784,4486,2671,14041,0,1919156,81648,14634,27539,2104722,1,2.23729976136572
Seattle Police Department,1991-07-01,Washington,532418,WASPD00,206,131,227,31,109,243,947,555,6,32,12,10,3,153,20,30,28,256,1769,571,1353,3693,455,191,47,1228,478,13,16,799,466,409,71,480,62,240020,585164,680099,151810,21319,563084,2241495,2152978,0,794,22,1450,1566,115834,8692,14551,24966,167082,32170,133283,6547062,6712515,11274863,1659045,179217,1371,3632979,662393,3586,4694,175706,393523,331890,47652,460300,69171,131732,1018260,0,2171076,3233766,196994,3614022,11274863,20169,10927,3101,2718,5770,77339,0,2078899,65515,27306,33642,2325387,1,2.23729976136572
Seattle Police Department,1991-08-01,Washington,532418,WASPD00,221,169,270,38,120,250,1068,628,3,43,5,8,2,132,24,30,24,225,1632,569,1385,3586,442,157,41,1262,512,17,10,804,341,440,78,518,80,258102,635946,716927,146187,65499,520065,2342726,5446955,0,575,0,582,761,112512,181241,16684,10612,322390,29837,133835,3981863,4145535,12258181,516065,152600,1635,1689553,1187223,4188,6135,136070,452067,294596,45464,504455,47073,162567,1499194,0,5557007,1983362,277094,1887368,12258181,13967,9902,2398,4381,6687,36159,0,5623681,192421,13209,39121,5941928,1,2.23729976136572
Seattle Police Department,1991-09-01,Washington,532418,WASPD00,193,144,233,35,111,225,941,524,3,32,12,20,5,140,19,41,18,255,1385,558,1379,3322,449,148,18,1191,478,16,10,643,369,360,71,431,74,205814,526367,634136,83735,71775,411281,1933108,5304295,0,2331,2014,2412,1667,84366,9289,14278,5213,119239,22554,132227,3552617,3707398,11066371,580821,157186,139,1599067,899327,13797,5546,146105,305409,414724,28660,627312,42612,160795,698789,0,5440666,1725513,306727,1620575,11066371,17708,7719,1280,3589,4190,7352,0,5022291,83818,3636,68325,5219907,1,2.23729976136572
Seattle Police Department,1991-10-01,Washington,532418,WASPD00,174,105,258,33,78,208,856,716,2,32,14,11,1,117,16,25,18,202,1604,552,1184,3340,445,105,19,1162,461,13,18,751,366,493,81,574,108,455398,539983,1111645,65088,69493,476475,2718082,6770029,0,4,671,3164,353,64781,9133,13175,57619,148897,27655,134307,2407299,2569261,12206273,437927,97920,720,1016383,638848,22476,5578,108100,241311,255826,32866,333602,25114,143458,655386,0,6917286,1337905,337174,2167657,12206273,15408,9889,8432,6417,4539,6701,0,6494000,64647,11216,36524,6657772,1,2.23729976136572
Seattle Police Department,1991-11-01,Washington,532418,WASPD00,179,109,221,20,96,179,804,663,3,36,6,14,2,131,23,34,22,232,1512,520,1071,3103,412,69,21,999,446,17,23,803,313,545,91,636,80,254670,460439,625383,105865,14102,434669,1895127,6401955,0,1638,2716,3463,895,141319,5495,176901,13771,344560,29094,124479,3136262,3289835,11933115,441408,76122,3620,961195,475896,5233,19923,249750,1056688,314602,42495,472797,40285,157327,798166,0,6455057,2123077,270613,1258696,11933115,20279,8884,2159,9497,5983,32882,0,6606348,211756,26973,49205,6973965,1,2.23729976136572
Seattle Police Department,1991-12-01,Washington,532418,WASPD00,165,127,265,32,73,174,836,639,1,23,10,10,12,147,31,34,20,264,1561,584,1111,3256,392,63,19,1149,474,13,16,832,298,464,73,537,85,327675,462365,1164459,136703,44426,410070,2545698,6131709,0,884,9493,1705,2432,147572,18894,31687,45355,257137,28823,136413,2416760,2581996,11517425,392118,72276,967,1097657,635413,3040,7403,154320,218801,445010,40186,333100,35381,182935,1175477,0,6286477,1254899,434477,1329482,11517425,21310,9325,17033,8544,4367,13583,0,6169846,757565,1819,41435,7044827,1,2.23729976136572
Seattle Police Department,1992-01-01,Washington,544940,WASPD00,155,111,241,30,66,193,796,681,5,19,13,5,2,144,30,28,19,241,1654,572,1175,3401,470,73,39,1100,495,18,18,867,321,484,95,579,94,192808,480453,855126,145647,17288,541188,2232509,6417430,11292,879,1542,456,651,168828,19422,18386,32705,241991,30584,130537,2547995,2709116,11613217,493617,75919,645,1083860,510420,8669,20462,173477,342048,373618,38414,319755,56633,185472,785240,0,6597971,1242948,423960,1589205,11613217,18960,9038,38503,8814,4195,33995,0,6292220,119586,376,40773,6566460,1,2.17152809122224
Seattle Police Department,1992-02-01,Washington,544940,WASPD00,115,114,186,31,85,202,733,636,6,31,14,10,3,127,30,26,19,229,1516,557,1128,3201,433,78,29,1082,448,18,15,800,298,458,80,538,82,194547,392547,531903,76785,49811,419203,1664795,5761535,0,491,18899,1088,858,114639,10875,46486,7303,200148,28640,129095,2849573,3007308,10634277,473332,80208,176,1432935,628468,20973,8458,138051,224708,272436,45815,332161,38764,190450,638408,0,5929145,1513360,339746,1333994,10634277,16061,7765,8892,5531,3781,4004,0,5898305,75967,143,49324,6069773,1,2.17152809122224
Seattle Police Department,1992-03-01,Washington,544940,WASPD00,122,115,182,28,81,201,729,620,5,29,11,2,1,120,14,21,21,190,1567,568,1287,3422,494,86,34,1158,460,20,17,793,360,467,82,549,86,318396,506694,603900,111549,46319,557924,2144781,5942169,0,326,11424,890,0,133803,4784,41322,367648,559872,26810,131234,2760086,2918130,11565278,520350,91119,3572,1097642,559965,5991,5972,114833,518685,313653,56803,312009,31858,106107,825348,0,6063015,1698076,342761,1815647,11565278,20217,12441,5233,6847,6864,40751,0,6003667,241409,20910,64095,6422433,1,2.17152809122224
Seattle Police Department,1992-04-01,Washington,544940,WASPD00,117,111,165,31,103,185,712,689,3,31,6,7,1,119,11,19,21,184,1508,526,1286,3320,537,116,31,1149,422,17,6,652,390,475,111,586,106,151551,243619,534739,126700,82803,520435,1659847,6610394,0,11368,1868,493,109,51359,2378,10814,10723,77743,24894,118898,3359269,3503061,11862413,603607,108003,1090,913653,786590,3917,2452,94246,989502,233398,74557,351840,26054,110505,716483,0,6712628,1872354,340076,1424518,11862413,13494,8482,15552,6200,13891,25196,0,6484617,97699,29340,41774,6736245,1,2.17152809122224
Seattle Police Department,1992-05-01,Washington,544940,WASPD00,133,117,179,33,111,183,756,832,6,36,10,4,6,112,26,17,20,195,1638,541,1266,3445,567,115,24,1248,386,22,14,656,413,602,95,697,86,362610,327104,1589079,186254,127052,685469,3277568,7689348,0,12743,20213,289,554,124667,23961,54998,56607,281289,26397,125582,2506276,2658254,13919202,615302,132776,376,1048396,413698,7698,8115,64379,367514,177950,57589,495923,44165,194439,630149,0,7879175,1596306,326991,2516517,13919202,11555,12115,22556,13094,3181,12803,0,7679392,174256,22343,32864,7984159,1,2.17152809122224
Seattle Police Department,1992-06-01,Washington,544940,WASPD00,130,106,184,33,117,175,745,659,6,34,10,8,2,140,19,22,14,215,1442,531,1259,3232,493,132,38,1073,412,25,11,657,391,455,94,549,96,185244,403368,975196,201700,133653,670029,2569191,6238759,0,580,19915,1149,11392,139998,47229,19279,10163,249124,27046,128802,3863515,4019364,13077018,551388,153709,7557,1813706,680342,7989,4732,89973,709968,244314,52664,488809,34640,261272,859389,0,6330873,2882000,478151,1444907,13077018,15068,7818,136554,1653,2964,15644,0,6128028,428840,1913,65949,6804431,1,2.17152809122224
Seattle Police Department,1992-07-01,Washington,544940,WASPD00,157,167,237,36,92,216,905,620,1,26,13,5,2,156,20,30,16,242,1547,618,1454,3619,591,177,27,1345,504,12,11,559,393,445,98,543,92,276140,340146,547955,88029,232640,515464,2000375,6026405,0,554,42660,2311,0,106262,8171,43246,15839,218488,26877,141718,2904360,3072955,11318777,658548,177644,1079,1133902,653621,5472,2304,119375,321008,289302,41309,485269,43663,122841,598599,0,6179192,1636394,375648,1546560,11318777,12460,7720,34896,1516,2773,15648,0,6019910,59765,18682,27127,6200497,1,2.17152809122224
Seattle Police Department,1992-08-01,Washington,544940,WASPD00,167,160,244,37,66,211,885,645,5,34,9,12,1,110,28,28,18,206,1684,663,1553,3900,570,198,35,1489,463,30,7,708,400,493,94,587,77,392994,591192,979476,113280,74043,891121,3042107,6401565,0,11292,22165,799,0,92260,17188,18276,57999,208686,31861,161766,5192918,5386545,15050195,1728013,221544,3946,1481792,1309681,12415,1978,138168,489009,259202,61684,1033174,35830,597348,1304411,0,6482502,1983821,523820,2768401,15050195,22829,9040,16308,4484,2853,32475,0,6437334,162752,9131,37051,6734258,1,2.17152809122224
Seattle Police Department,1992-09-01,Washington,544940,WASPD00,143,136,220,25,79,155,758,592,6,27,9,7,3,129,15,31,23,217,1559,584,1419,3562,507,177,22,1242,492,14,7,680,421,445,62,507,87,261971,1014629,670435,235652,37294,453763,2673744,5653159,11292,1531,27268,217,11309,163164,10647,19928,8708,241242,26065,136565,2950219,3112849,11693816,583527,198908,1190,1135486,662631,2478,5136,140982,382513,245854,52495,290822,30245,169564,747273,0,5863126,2052928,562085,1679425,11693816,13070,11672,4237,2704,5199,17109,0,5540437,77760,552,30525,5703264,1,2.17152809122224
Seattle Police Department,1992-10-01,Washington,544940,WASPD00,146,110,209,30,70,143,708,599,4,32,12,4,4,115,23,36,20,214,1518,537,1350,3405,457,154,14,1257,461,28,10,638,386,454,76,530,81,221559,501545,916784,182912,82481,617363,2522645,5739605,0,395,10999,28660,684,116068,76273,74612,25181,332476,27809,135794,3570967,3734570,12329691,546695,180443,877,1541687,774250,8145,18610,109955,553907,307584,51513,362413,132572,127256,897499,0,5951941,2310912,484746,1703255,12329691,34123,7850,3896,20925,3848,11911,0,5876589,90370,11075,58056,6118643,1,2.17152809122224
Seattle Police Department,1992-11-01,Washington,544940,WASPD00,147,89,222,32,78,191,759,577,5,31,11,8,1,105,48,19,21,213,1489,535,1345,3369,573,80,22,1215,487,34,15,637,306,390,55,445,82,207427,364146,672635,1397973,54503,386979,3083663,5432990,0,467,14152,2180,0,99736,75819,45604,22831,260323,27846,140118,2974233,3142197,11919639,614030,85369,888,1085714,889521,7422,7807,131846,319599,252892,36343,448790,142265,92420,863660,0,5544128,1331509,416627,2791004,11919639,254694,16736,2480,21405,1748,18171,0,4914385,57491,4782,30749,5322641,1,2.17152809122224
Seattle Police Department,1992-12-01,Washington,544940,WASPD00,148,109,222,27,77,181,764,548,8,23,9,9,3,148,20,26,16,231,1441,551,1257,3249,518,35,22,1172,424,48,23,693,314,415,77,492,84,218560,599476,1103154,120266,39472,815159,2896087,5141405,0,575,5874,101604,801,148693,62058,30204,41114,390347,26341,132509,2267620,2426470,10854885,621307,49639,4076,908263,489925,13516,15270,142758,181716,298281,53003,473560,365475,168739,948523,0,5316513,1276496,458364,1495931,10854885,20365,12944,2317,13038,4002,83904,0,5416225,99697,21833,34282,5708606,1,2.17152809122224
Seattle Police Department,1993-01-01,Washington,531274,WASPD00,123,124,219,24,69,151,710,610,2,33,12,11,5,108,38,19,21,214,1328,487,1193,3008,454,59,41,1042,486,30,11,587,298,465,59,524,67,417952,377220,603414,89783,92302,451582,2032252,5774531,0,84,3586,2194,205,104980,134666,43487,101315,390432,25699,108208,2376004,2509911,10707210,516836,58731,4683,863503,721406,7503,4529,120654,212066,237491,38823,465883,52856,171524,1014542,0,5858075,1123233,399380,1345404,10707210,14685,5847,3219,7714,3335,14556,0,5702927,61053,14704,29840,5857879,1,2.10926968560715
Seattle Police Department,1993-02-01,Washington,531274,WASPD00,122,99,186,25,65,195,692,514,5,26,11,12,8,101,30,28,19,209,1386,540,1230,3156,446,67,45,1121,461,36,20,638,322,414,76,490,68,345081,427456,612275,74078,66353,605485,2130727,4866062,0,12173,6416,989,4126,129340,38022,70251,39517,288662,24896,122606,2895842,3043343,10340967,469180,70473,8665,1138151,528665,10519,5383,173255,639052,309466,40557,330539,61078,142644,724593,0,4987579,1808273,455917,1480321,10340967,13202,6874,4373,9042,23953,6241,0,5205205,256420,8439,55670,5589419,1,2.10926968560715
Seattle Police Department,1993-03-01,Washington,531274,WASPD00,163,121,212,26,77,174,773,642,6,30,6,4,1,120,25,28,8,192,1617,581,1291,3489,552,58,23,1307,446,39,15,706,343,467,84,551,71,324737,505550,796540,45583,25130,593593,2291133,5873926,0,359,2234,10669,4,112823,19171,17368,10272,172540,26423,132865,2526177,2685465,11023423,602589,60679,3860,1056135,535155,24885,7507,96330,298325,260581,43107,271722,39072,163582,863003,0,5968284,1398522,411759,1603790,11023423,8869,11833,903,5895,5267,8602,0,5992013,85930,7636,40536,6167483,1,2.10926968560715
Seattle Police Department,1993-04-01,Washington,531274,WASPD00,174,110,192,21,48,142,687,545,6,32,9,7,2,130,16,24,16,204,1547,539,1175,3261,506,69,31,1164,436,31,18,662,344,415,73,488,96,313923,511078,688326,100589,29152,468578,2111647,5058332,0,422,5822,12369,316,142228,4693,19140,8650,193218,24955,123093,3106256,3254304,10617922,524949,71028,4406,1062110,737437,3208,8176,84911,758080,234369,43668,249569,23187,193230,929279,0,5141767,1956942,384288,1461623,10617922,11249,7188,11719,8036,2107,17385,0,5244066,98233,26754,60287,5487025,1,2.10926968560715
Seattle Police Department,1993-05-01,Washington,531274,WASPD00,184,120,201,29,61,171,766,675,5,26,4,10,3,162,45,22,14,260,1463,592,1243,3298,470,104,27,1117,432,39,26,681,402,488,93,581,95,171475,549541,640193,85075,48304,728909,2223497,6342209,0,675,10173,7007,300,160013,44109,18249,40519,280370,28003,130026,4069119,4227147,13073899,511608,93848,6473,1929149,1210847,10561,8028,130884,325749,206443,44295,539646,36845,274958,831191,0,6432925,2651337,678244,1378015,13073899,18112,9755,1474,7273,5900,19205,0,6327387,141258,2246,57389,6590000,1,2.10926968560715
Seattle Police Department,1993-06-01,Washington,531274,WASPD00,167,96,197,28,82,208,778,573,6,38,5,3,1,152,20,28,16,225,1570,591,1305,3466,461,104,28,1361,456,29,25,592,410,424,79,503,92,266719,585116,784437,110119,14056,648459,2408906,5271094,42,2974,13,1371,1371,144451,32139,25109,70618,275072,24820,129606,2899666,3054092,11012181,442396,105710,3923,1172541,704570,7716,13970,287430,315836,248651,58665,437121,31991,155609,1039077,0,5427083,1733615,455722,1424645,11012181,17414,8920,9878,6180,21107,16585,0,5406807,116470,14446,29515,5647323,1,2.10926968560715
Seattle Police Department,1993-07-01,Washington,531274,WASPD00,153,127,178,34,102,234,828,649,8,36,6,10,4,150,25,26,27,248,1650,654,1322,3626,481,116,37,1321,495,35,6,661,474,448,78,526,91,300413,392740,622547,154757,162279,1731715,3364450,5957008,0,169,4451,1131,129,162893,13244,13335,24875,220056,26627,146866,2958858,3132352,12674034,420251,121393,4725,1116614,680725,11536,3883,144500,628727,171380,116174,339249,30017,144635,868504,0,6068791,3045241,420763,1469279,12674034,19528,18397,3132,4995,2533,9555,0,6734761,169775,939,42871,7006486,1,2.10926968560715
Seattle Police Department,1993-08-01,Washington,531274,WASPD00,166,117,221,44,103,236,887,563,9,38,14,5,8,148,26,33,22,256,1530,618,1325,3473,489,157,30,1230,425,24,10,651,457,441,71,512,106,156383,384644,645107,178001,195019,712885,2272040,5412078,0,844,2004,700,1424,112080,14984,31382,21365,183939,25029,147233,3994948,4167210,12036111,488237,133553,888,1240748,1598495,13641,3647,150984,537018,193930,67522,318749,73141,136596,794281,0,5646726,2779140,711206,1314820,12036111,13295,8076,6655,14379,2879,25830,0,5521646,105679,3738,42158,5744334,1,2.10926968560715
Seattle Police Department,1993-09-01,Washington,531274,WASPD00,165,99,181,23,89,171,728,492,6,24,13,5,1,129,12,41,18,219,1342,570,1167,3079,414,110,20,1028,404,25,18,648,412,0,0,0,0,251353,552414,916448,108252,45773,442099,2316339,4724528,10968,504,11679,139,10968,100285,10593,39332,18635,191631,23016,129328,3024482,3176826,10420796,396916,89174,3468,1212948,569037,7191,11451,99602,787040,322159,432221,345555,41896,232279,1026769,0,4901099,1407800,317323,1393694,10420796,14771,11839,6632,9101,3489,15805,0,4796311,81112,5980,44290,4989330,1,2.10926968560715
Seattle Police Department,1993-10-01,Washington,531274,WASPD00,208,87,197,31,78,185,786,506,6,31,11,8,5,131,21,27,9,212,1423,602,1335,3360,464,98,21,1300,437,27,18,632,363,393,84,477,81,193671,602401,552044,122323,71289,411805,1953534,5797226,2531,738,2531,1147,460,193251,13725,38962,54071,304148,25265,132854,2914327,3072447,11130625,457034,106174,2831,1258367,636082,15358,22554,101555,472491,321571,70140,313362,64105,118573,916680,0,5985953,1542760,417262,1380220,11130625,12244,9232,6087,17307,7393,30968,0,5126382,158491,40220,50903,5459227,1,2.10926968560715
Seattle Police Department,1993-11-01,Washington,531274,WASPD00,167,86,191,45,99,220,808,517,4,23,10,12,4,120,24,29,11,210,1193,504,1124,2821,407,64,11,1050,484,20,16,550,299,355,65,420,99,156664,526567,660284,101329,68988,937256,2451087,4737196,0,1533,1476,622,1943,181363,14282,44942,56029,300657,21057,113401,2464374,2598831,10089306,414425,63388,854,945676,497144,4993,8032,93519,570800,193454,191796,314735,26885,156622,771710,25,5063935,1747454,403476,1219215,10089306,14001,11521,1112,3908,4075,27718,0,4560241,127119,10030,26663,4786389,1,2.10926968560715
Seattle Police Department,1993-12-01,Washington,531274,WASPD00,178,98,222,27,90,189,804,533,4,19,7,6,6,131,25,28,18,221,1409,596,1134,3139,426,44,23,1120,474,27,13,628,384,372,72,444,97,176314,558562,771467,148239,32533,490570,2177686,5156160,0,0,74,297,1732,63371,6440,24022,17880,113816,26092,132582,2817543,2976217,10423880,423307,99028,799,925113,589908,9939,9171,108568,810384,241653,41371,329206,38608,200752,805224,0,5174460,1968404,353269,1270932,10423880,16549,7617,3636,11398,4775,17973,0,4819369,56208,4309,44396,4986231,1,2.10926968560715
Seattle Police Department,1994-01-01,Washington,540268,WASPD00,140,98,191,25,68,143,665,556,11,27,10,4,4,110,35,37,17,217,1503,520,1172,3195,500,47,50,1173,506,14,15,603,287,378,60,438,85,114472,325484,613673,60338,93097,354336,1561400,5164565,0,452,41,853,10689,103503,16478,89475,7583,228623,250208,114982,2009176,2374366,9329406,516150,42127,6276,827800,548812,4099,7166,134613,287323,192468,49544,370820,29577,126292,704589,0,5331584,966685,332525,1225323,9329406,9836,6907,1069,6907,1836,18071,0,4707882,69792,23556,56264,4902120,1,2.05566930904593
Seattle Police Department,1994-02-01,Washington,540268,WASPD00,137,104,158,15,58,120,592,453,1,20,3,8,9,106,33,25,11,195,1485,446,967,2898,423,46,26,1059,410,13,15,618,288,295,30,325,92,321036,437958,379481,65890,59331,498699,1762395,3986048,0,113,678,606,2683,76467,9076,17683,25768,132961,93519,96026,1827780,2017325,7897598,390555,42080,1994,774932,482009,5489,9436,108897,201935,231768,34768,225523,33836,200802,615899,0,4072077,1082573,298002,1102349,7897598,10704,9218,1895,5992,4185,5320,0,3670603,58807,5176,60994,3832894,1,2.05566930904593
Seattle Police Department,1994-03-01,Washington,540268,WASPD00,146,92,171,28,74,125,636,535,7,24,3,8,0,109,34,25,13,192,1488,468,1106,3062,436,60,28,1037,511,12,15,643,320,349,45,394,79,148380,317017,430595,46236,55875,274306,1272410,4703713,0,746,14369,21987,0,83452,20129,16330,84874,241142,88682,100220,2461358,2650259,8868270,419007,51749,2543,906203,928661,4691,7945,102681,226779,299104,60720,307491,36402,104601,440653,0,4852613,1316187,307395,1143104,8868270,15693,7618,7320,421,2232,11245,0,4306011,173538,4350,31641,4560069,1,2.05566930904593
Seattle Police Department,1994-04-01,Washington,540268,WASPD00,209,41,94,77,28,122,571,456,9,22,1,2,1,52,20,84,10,170,1095,590,1000,2685,357,82,26,965,412,14,32,593,204,291,68,359,34,88466,1109484,805493,83483,124426,437212,2648563,4089065,0,678,0,10702,1645,59407,22843,39693,13458,147747,395,124855,1917064,2037956,8924010,340474,78333,255,698440,434663,3762,9836,136696,335496,583827,51871,505633,35865,370329,600556,1645,4117865,1082890,529493,1044037,8924010,89448,5503,3225,21161,119712,44567,617,4735136,3086,18721,5855,5013074,1,2.05566930904593
Seattle Police Department,1994-05-01,Washington,540268,WASPD00,162,98,150,37,72,150,669,463,4,40,5,4,5,86,41,76,6,223,1325,544,1137,3006,405,95,32,1122,465,14,23,624,226,311,75,386,64,188885,452578,404568,91500,42834,690746,1871111,4079239,0,1007,2056,95,288,94238,18904,48064,2200,165843,5974,112083,1897159,2015216,8132417,404140,77928,1429,717424,498740,3813,7649,99836,204255,301209,24117,309123,39607,194966,336351,21585,4146900,1245082,526591,986888,8132417,43533,8311,27324,2672,7316,3811,0,4145709,53205,19817,27451,4339150,1,2.05566930904593
Seattle Police Department,1994-06-01,Washington,540268,WASPD00,125,77,156,26,77,188,649,528,5,25,7,8,0,75,23,76,18,207,1286,581,1124,2991,358,139,25,1113,462,14,27,577,276,328,89,417,64,174224,277914,361430,108837,37391,538041,1497837,4631314,0,0,18343,428,0,40930,39703,29147,16205,144756,28479,122366,2535485,2686330,8960237,343077,148717,2800,1040835,590287,4189,23655,179635,353135,389780,60632,377279,23280,197938,509985,3906,4511989,1359558,584478,941412,8960237,39808,6000,6728,3077,13327,44456,0,4451566,131415,17348,36626,4750352,1,2.05566930904593
Seattle Police Department,1994-07-01,Washington,540268,WASPD00,134,107,237,25,65,122,690,511,6,25,11,7,3,68,14,72,7,182,1292,613,1238,3143,334,207,18,1216,474,23,25,566,280,344,63,407,53,186414,316158,649904,49928,62918,581321,1846643,4347884,0,302,22222,206,621,74734,7244,70606,14990,190622,40038,133022,2201889,2374950,8760401,373184,181734,234,1018089,520183,5696,6229,74514,195087,390115,27018,405921,31859,163356,327059,4934,4479920,1402986,500703,1026531,8760401,28181,4568,6843,3544,1815,17843,1645,4471391,66256,19101,27873,4649061,1,2.05566930904593
Seattle Police Department,1994-08-01,Washington,540268,WASPD00,162,114,287,21,62,125,771,588,5,33,15,6,2,48,18,83,12,184,1465,615,1346,3426,455,224,24,1277,556,21,25,566,278,383,93,476,88,270561,436538,720475,108819,14363,449491,2000246,5112616,0,0,45749,473,483,107218,4397,71566,23424,253310,56712,130490,2462266,2649468,10015640,366585,186038,183,1173485,514990,7497,23959,99657,277073,388988,44709,399040,53493,238832,641467,4317,5106283,1521489,535755,1081268,10015640,34034,4229,19506,3166,13547,17407,0,5110394,171414,17259,13837,5404792,1,2.05566930904593
Seattle Police Department,1994-09-01,Washington,540268,WASPD00,193,88,238,24,70,138,751,530,6,27,9,6,1,86,33,110,20,265,1300,547,1249,3096,445,177,12,1084,547,15,26,566,224,358,68,426,106,164963,819394,647692,66702,27774,372833,2099358,4769903,0,0,11218,576,10689,66772,32589,68653,28490,218986,39430,115368,2829209,2984008,10072255,473324,184912,2401,1177366,698354,5365,17436,114236,310614,650406,28962,341210,30664,122275,1112867,2119,4877692,1298003,498327,1109728,10072255,29367,929181,20645,935,4831,45151,8,4572220,96199,3435,53234,5755206,1,2.05566930904593
Seattle Police Department,1994-10-01,Washington,540268,WASPD00,203,114,230,37,56,130,770,594,5,22,8,8,1,86,20,111,16,250,1398,592,1370,3360,535,155,20,1365,438,15,25,615,192,395,91,486,75,220323,905214,361364,89066,35865,333109,1944941,5327962,0,473,617,1168,0,114402,56309,87446,4995,264937,29437,130798,2703526,2863761,10402073,552671,161713,989,1217957,435950,5768,9530,109121,370062,633245,34852,329764,34671,108118,573622,20557,5393254,1446398,578494,1249715,10402073,36564,8543,6297,0,4714,3856,0,5203310,28781,7509,15249,5314824,1,2.05566930904593
Seattle Police Department,1994-11-01,Washington,540268,WASPD00,173,83,256,13,65,129,719,611,7,34,5,12,6,52,25,59,23,182,1261,508,1225,2994,444,81,16,1303,383,12,16,552,187,394,93,487,84,171276,501931,569665,67601,23455,648917,1982845,5223783,0,2909,0,2481,740,41323,14766,45177,4685,109172,26134,104677,2389944,2520754,9839463,438271,78002,1085,1110939,619986,5655,7740,113158,145918,361195,29536,317342,48532,133783,450747,411,5323361,1241918,783284,1149353,9839463,48448,7092,38373,411,3073,5789,0,5317182,51803,14815,12823,5499810,1,2.05566930904593
Seattle Police Department,1994-12-01,Washington,540268,WASPD00,150,84,244,24,72,129,703,598,3,19,8,13,4,95,19,102,28,269,1370,531,1001,2902,356,59,13,1147,469,20,29,617,192,379,88,467,58,124773,454159,634486,74088,21860,359666,1669033,5384180,0,21599,0,44894,11682,95313,43531,39072,15588,250080,43060,115919,2199909,2358889,9683781,336690,47299,39,850005,512591,4070,6531,111047,490616,382696,33947,292222,16063,175653,464476,1131,5419155,1272669,627236,998533,9683781,34924,10406,7999,822,2857,15526,0,5060236,61310,11341,17068,5222490,1,2.05566930904593
Seattle Police Department,1995-01-01,Washington,529526,WASPD00,127,119,241,46,65,112,710,661,3,25,8,3,3,60,30,82,14,200,1320,523,1058,2901,356,90,24,1141,439,18,25,579,229,441,98,539,84,164159,356758,543114,29528,64668,382498,1540725,6564448,0,10398,0,300,160,56618,5527,58508,24413,145525,26018,107815,1679637,1813471,10074566,367547,126479,574,769730,410292,4723,10394,130660,6929,376879,31555,125485,24801,100676,394440,8548,5786764,1525936,695016,1004465,10074566,45928,4759,2935,1968,21493,14721,400,5634886,770753,23283,33899,6555026,1,1.99957289729848
Seattle Police Department,1995-02-01,Washington,529526,WASPD00,178,96,217,20,51,91,653,621,1,22,20,4,3,58,33,67,12,197,1315,467,1084,2866,409,99,31,1149,442,29,19,529,159,387,92,479,90,118379,754595,521999,88961,22535,157704,1664173,5031141,0,10518,44443,842,466,85144,6133,52235,39666,228927,27468,96579,2618439,2742486,9677245,433627,137817,856,890794,959809,101074,7906,95734,114869,340283,15845,701864,31751,111450,463551,1460,5185692,1040886,532442,1252021,9677245,26704,5267,6503,1156,1146,5865,800,4963340,42669,15619,24355,5093422,1,1.99957289729848
Seattle Police Department,1995-03-01,Washington,529526,WASPD00,207,92,226,22,52,93,692,647,7,25,16,8,2,59,27,70,24,206,1469,580,1248,3297,477,104,18,1273,523,13,33,639,217,384,109,493,72,164387,610254,630487,9060,39184,300534,1753905,5665148,0,23545,16247,296,322,436575,7976,52459,40351,554226,40801,119624,2169399,2329824,10326648,412096,85240,682,959435,600750,8386,19378,88915,154943,484884,37970,315191,31071,130070,906278,900,5372452,1387458,526486,1133888,10326648,29884,5495,16223,3229,1914,35342,0,5093352,40361,41239,19278,5286317,1,1.99957289729848
Seattle Police Department,1995-04-01,Washington,529526,WASPD00,160,70,205,31,35,88,589,558,8,14,12,5,3,50,31,57,22,180,1324,531,1079,2934,375,122,14,1056,510,17,28,542,270,369,111,480,83,142939,709500,658675,100477,41169,352967,2005728,4647175,20796,340,14255,262,642,68539,4863,60735,50467,199763,47170,108303,2497639,2653111,9526913,353453,117165,276,810085,620683,4633,25211,76426,645180,569558,22379,338122,15743,150200,503600,1000,4705395,1390519,624989,1205409,9526913,57808,6103,6157,3325,3847,7238,0,4929945,77142,7060,17668,5116293,1,1.99957289729848
Seattle Police Department,1995-05-01,Washington,529526,WASPD00,189,97,202,17,68,98,671,576,3,21,13,3,0,58,25,64,16,179,1336,587,1038,2961,345,120,22,926,590,11,20,626,301,348,96,444,69,122374,551858,558455,68197,38526,278850,1618260,4931683,0,9538,9998,642,1400,68021,16101,42939,12625,151726,45874,133298,2438973,2618145,9329351,295913,112326,368,706909,1047734,1328,14931,187078,251558,478206,16045,336890,26866,99413,668975,1950,5029726,1051137,669777,950367,9329351,35480,6525,10594,1720,8210,4571,1200,4595019,73330,5693,23053,4765394,1,1.99957289729848
Seattle Police Department,1995-06-01,Washington,529526,WASPD00,131,59,180,16,47,96,529,478,1,13,9,1,2,58,17,59,14,160,1245,491,1095,2831,334,180,12,917,496,24,16,548,304,317,95,412,60,65582,426623,424407,68335,18334,229825,1233107,4331473,0,0,3999,80,0,65552,9318,65818,27040,171807,89639,100752,2273686,2464078,8200464,291872,177916,1858,931663,639135,2781,9690,110768,298394,518029,12153,333003,26466,87927,420316,2000,4350271,1129741,502035,818523,8200464,29336,4539,3861,670,2649,12653,500,4272287,61759,36370,26518,4451143,1,1.99957289729848
Seattle Police Department,1995-07-01,Washington,529526,WASPD00,133,98,207,18,54,98,608,607,1,17,5,6,4,60,18,62,13,168,1210,538,1122,2870,323,191,14,1017,481,16,23,558,247,385,106,491,81,146821,333715,638424,41003,35428,443635,1639026,5017196,0,1660,0,2154,330,37758,66036,36306,13917,156501,51761,114819,2187247,2353827,9168210,343903,154575,704,767460,609650,6733,4415,236935,229453,242256,19896,300478,21301,131004,469986,7158,4966539,1380273,704252,925066,9168210,36594,8458,5007,4423,21997,24773,1600,4934146,85126,37152,38930,5198206,1,1.99957289729848
Seattle Police Department,1995-08-01,Washington,529526,WASPD00,125,81,201,15,59,115,596,507,4,21,10,7,1,61,16,81,11,187,1443,602,1420,3465,492,173,22,1248,562,15,41,634,278,372,99,471,63,176672,427397,548009,51557,56094,352799,1612528,3985273,0,10598,2699,506,4019,73310,2276,57748,38348,178906,64838,126437,2711489,2902764,8690068,455725,173627,238,1053195,852100,3543,49625,96075,218635,310376,67130,316476,23583,129606,569850,7178,4155312,1367772,682534,1060250,8690068,42815,13375,6,9998,7444,12909,2599,4616402,63145,8562,34279,4811456,1,1.99957289729848
Seattle Police Department,1995-09-01,Washington,529526,WASPD00,171,120,238,18,60,119,726,562,6,20,13,2,4,81,24,63,10,197,1286,495,1139,2920,394,126,30,1112,432,14,24,529,259,350,106,456,67,188718,679013,595431,133435,7362,407311,2011270,4882373,0,680,15841,0,380,57742,7376,32547,1358,115243,34389,101302,2273332,2409023,9418590,460372,108657,3049,907130,602529,2641,20440,126319,177886,425637,23977,347218,25183,252314,537457,3013,4907752,1118723,758102,1019214,9418590,27866,7150,9214,2493,6121,3767,1000,4631411,41859,14895,12991,4758768,1,1.99957289729848
Seattle Police Department,1995-10-01,Washington,529526,WASPD00,166,93,237,18,38,114,666,589,3,28,4,7,2,54,36,83,20,206,1397,537,1157,3091,417,107,16,1106,525,23,23,609,265,357,95,452,89,151214,306135,506690,30681,3013,306712,1304445,5067262,0,0,2627,790,206,40491,22709,35820,18200,120844,116079,111558,2424010,2651648,9144199,384962,91462,2947,1065031,463597,9514,14395,218461,401278,520099,21637,301070,23509,56278,299080,7898,5106509,1261850,575709,970559,9144199,38324,4617,1674,300,146,3049,0,4765782,72233,10920,26564,4923608,1,1.99957289729848
Seattle Police Department,1995-11-01,Washington,529526,WASPD00,141,77,249,20,49,103,639,557,1,23,5,15,5,46,32,54,17,174,1252,561,1176,2989,447,87,31,1140,427,18,27,621,191,322,153,475,80,176966,540802,891766,82380,37520,280876,2010311,4813250,0,2280,21261,2691,10858,65310,22863,46400,52317,221701,26858,118465,2450393,2595716,9643256,397955,75764,1954,968163,519815,34439,4659,341911,251056,934184,24429,346102,24961,98825,611705,2417,4772181,994242,720784,1113426,9643256,47846,7592,14773,8354,4815,15593,0,4688998,81791,18904,21315,4909981,1,1.99957289729848
Seattle Police Department,1995-12-01,Washington,529526,WASPD00,116,78,200,31,57,128,610,581,3,31,11,8,2,51,15,57,15,159,1224,526,1095,2845,325,53,21,1072,497,18,16,643,200,364,123,487,67,116755,390173,505102,66748,38700,347124,1464601,5188578,0,200,19904,2743,1436,277871,15025,20948,14789,352715,39668,118035,2220270,2377972,9384066,338062,50793,10746,797550,567997,5393,4577,209027,393828,408629,17314,250626,46012,121848,672502,4799,5106909,1236554,696645,822226,9384066,91754,4911,3417,1556,1602,32419,0,4959601,51945,19942,33803,5200949,1,1.99957289729848
Seattle Police Department,1996-01-01,Washington,539591,WASPD00,119,70,182,31,59,173,634,572,2,23,8,9,1,41,39,46,6,150,1390,580,1185,3155,394,78,24,1195,496,17,29,727,195,343,107,450,65,117378,418715,822069,91966,72540,684187,2206853,4651528,0,10393,11537,1517,87,19265,14933,8110,2638,58089,33909,120620,2284306,2438835,9365697,393317,71137,2024,1046816,642539,7365,8835,136013,130790,498186,35735,406146,12849,116814,415437,5624,4622295,1281468,871639,1099506,9365697,52432,18593,8316,3211,1599,38658,0,4507291,149548,48146,28630,4856425,1,1.94263043247264
Seattle Police Department,1996-02-01,Washington,539591,WASPD00,117,89,167,18,85,137,613,607,4,17,8,2,3,42,20,57,12,144,1288,512,1039,2839,350,47,18,1137,460,23,18,612,174,375,86,461,87,205375,227433,402721,157804,12052,299150,1304535,5088077,0,1010,0,389,534,18519,6242,39985,4235,69904,38474,105015,1969773,2113261,8565675,324491,45228,7159,931699,461328,5634,4379,91626,241718,344154,30043,227365,69824,149070,405850,5983,5093188,867892,577284,795022,8565675,102009,5498,2564,53964,1012,3615,0,4717756,43426,9002,27535,4966381,1,1.94263043247264
Seattle Police Department,1996-03-01,Washington,539591,WASPD00,127,89,181,31,80,176,684,630,2,23,3,17,3,48,31,53,14,169,1425,639,1213,3277,393,68,31,1289,518,15,21,703,239,445,136,581,91,512866,627565,1094107,118225,37431,753014,3143207,5138716,0,1457,19193,1391,1094,63213,13113,24067,4763,126834,38924,127928,2912201,3079054,11489268,366842,66073,9251,1292665,1013618,2378,6469,116634,205124,512431,53350,325109,38769,707700,697251,13890,5168368,1608473,1128214,1235713,11489268,45461,6698,2652,13556,3196,6881,0,5770195,74348,48447,29567,6001001,1,1.94263043247264
Seattle Police Department,1996-04-01,Washington,539591,WASPD00,137,83,189,25,62,150,646,511,0,33,12,6,2,48,20,65,25,178,1281,560,1130,2971,408,81,24,1097,514,15,23,578,231,287,84,371,79,214903,480226,311351,101493,39327,349291,1496591,4103694,0,5257,17218,750,1166,62320,48566,39682,10232,179932,26855,114802,2178749,2320406,8105880,404021,81120,3450,755444,714507,2318,41491,102270,215785,332054,24528,360236,18640,124544,685943,14725,4170536,848376,663130,863169,8105880,40484,5432,1653,3495,3907,8110,1088,3699157,28339,22447,19683,3833795,1,1.94263043247264
Seattle Police Department,1996-05-01,Washington,539591,WASPD00,139,85,176,26,69,147,642,543,0,22,11,4,3,52,21,63,15,169,1385,535,1100,3020,358,97,32,1151,496,18,21,611,236,358,109,467,73,168414,668844,935052,269666,70587,346692,2459256,4455178,0,82,222043,192,10296,66084,27109,24679,8015,358419,53861,108309,2236583,2398754,9671689,361677,87510,3598,1046520,556319,3098,5773,122155,212104,493894,25227,512019,21437,281856,468683,272,4486699,1612003,812929,956670,9671689,40479,7903,10541,4383,9849,7009,0,4569461,104263,12369,16058,4782313,1,1.94263043247264
Seattle Police Department,1996-06-01,Washington,539591,WASPD00,109,92,173,25,78,148,625,511,2,21,5,3,2,73,24,69,12,188,1292,561,1204,3057,411,111,12,1092,506,30,24,639,232,331,104,435,52,108778,252373,615917,397959,17072,617889,2009987,4342109,0,0,1053,291,583,101380,62854,26023,25732,217917,28978,113916,2362835,2505729,9075742,334634,99612,216,997650,727643,15285,4893,137008,188789,343243,24654,266554,28722,252163,495462,4303,4319245,1398074,929619,1013703,9075742,38171,10554,4101,1072,7192,53014,0,4339448,81470,28904,43550,4607476,1,1.94263043247264
Seattle Police Department,1996-07-01,Washington,539591,WASPD00,136,134,163,25,67,148,673,487,6,23,3,2,3,51,11,58,11,139,1306,558,1227,3091,386,147,12,1153,542,17,28,525,281,299,67,366,52,239342,280939,503308,168554,86634,440118,1718896,3864624,19,194,0,728,17,49949,2685,11265,5987,70632,55524,113300,2865512,3034336,8688702,350241,126442,66,879567,896268,2943,16563,116513,645734,309752,30490,297487,27327,121267,1007695,7901,3847574,1175437,900940,962834,8688702,37732,8243,14851,2331,1690,11906,0,3573333,69103,14541,13086,3746815,1,1.94263043247264
Seattle Police Department,1996-08-01,Washington,539591,WASPD00,155,88,214,22,69,144,692,496,4,23,3,2,2,59,11,70,10,157,1389,608,1243,3240,421,206,2,1091,504,20,20,673,303,344,83,427,69,250951,433700,532726,114885,10329,446117,1788708,3911754,10102,109,78,1760,0,62479,4192,34472,1537,104517,46402,125943,2155933,2328278,8143468,331422,178400,21,788595,652926,3166,5336,129150,239260,485357,42627,360886,29375,59433,485164,10733,4005315,1244059,564311,856209,8143468,35072,21777,3192,2953,1043,18956,97,4140431,74745,38820,10129,4347214,1,1.94263043247264
Seattle Police Department,1996-09-01,Washington,539591,WASPD00,146,106,214,22,66,113,667,513,2,24,6,4,2,57,22,58,15,164,1359,618,1362,3339,421,173,15,1358,491,10,19,574,278,331,110,441,66,208318,579887,387223,257688,18694,674969,2126778,4276911,0,0,0,835,703,38934,97194,21046,10661,169374,49792,130622,2709993,2890407,9463470,403115,209621,293,1157612,663484,3250,5266,189175,258589,416986,31317,348176,30692,154622,617450,321,4185203,1459702,1208813,1013723,9463470,54215,4114,4569,8759,2916,23352,1457,4047121,173549,32015,21684,4373751,1,1.94263043247264
Seattle Police Department,1996-10-01,Washington,539591,WASPD00,151,87,270,31,60,148,747,442,3,28,11,5,1,42,18,48,15,140,1410,559,1289,3258,494,109,19,1290,499,16,18,586,227,280,103,383,65,124052,506580,555433,65117,93458,338665,1683305,3701811,0,54,3402,272,0,37390,4334,42522,32858,120777,34103,110516,2663595,2808214,8314161,468869,162262,1579,988787,808884,3231,5752,156906,211943,636118,29831,250053,21056,61626,462659,534,3747334,1194331,878220,1032397,8314161,50516,8233,6356,1296,4746,12004,340,3618538,58986,16446,22727,3800187,1,1.94263043247264
Seattle Police Department,1996-11-01,Washington,539591,WASPD00,115,87,198,36,52,149,637,486,3,17,24,8,4,56,20,44,19,175,1218,552,1144,2914,398,66,9,1177,455,17,13,578,201,285,97,382,68,194279,258665,632404,42518,41448,332025,1501339,4075048,0,78,10809,1373,408,99028,20889,18002,76876,227385,34946,115536,2120566,2271048,8074897,373168,70760,956,1044444,503044,4245,6819,118734,148879,164244,17204,331193,26769,96011,471774,4274,4141300,1035286,763001,1023842,8074897,78208,5884,10646,4559,818,7811,0,3763652,26544,18902,111491,4028516,1,1.94263043247264
Seattle Police Department,1996-12-01,Washington,539591,WASPD00,116,87,190,24,60,118,595,557,9,7,18,5,9,53,33,53,19,190,1217,508,997,2722,295,42,12,1167,469,23,17,519,178,323,112,435,80,109654,330715,563441,75423,44579,380880,1504692,4510421,0,0,14395,612,3718,61655,112406,37920,16860,247567,20536,98707,1885199,2004441,8267120,242784,707,2337,765938,540984,72345,5544,130172,251409,361772,13377,306784,16299,110479,442753,2865,4539640,932604,709210,831337,8267120,40393,4763,3423,4148,2090,7345,1554,4133529,49191,23591,14442,4284469,1,1.94263043247264
Seattle Police Department,1997-01-01,Washington,547209,WASPD00,161,80,231,21,88,167,748,547,3,15,17,8,4,56,34,71,12,202,1342,568,1090,3000,358,47,12,1181,483,14,14,638,253,371,122,493,83,207322,618254,779547,204788,18741,754760,2583411,4524066,9871,0,5313,1655,550,40277,116067,16038,209,159021,42811,110180,2252843,2405835,9682204,306120,51128,11279,911865,634114,3394,4356,101403,382176,598205,32145,288933,28045,88339,616709,24867,4528196,978021,1294762,1203982,9682204,46574,4332,5998,3347,2096,12885,14237,4696283,48696,49894,22054,4906395,1,1.89825511369536
Seattle Police Department,1997-02-01,Washington,547209,WASPD00,108,76,173,28,65,124,574,419,2,15,10,14,0,36,16,45,12,133,1194,456,924,2574,272,58,29,1032,392,14,15,535,227,268,78,346,64,136407,340892,513618,37648,36764,423930,1489259,3521538,0,0,2278,2745,0,39816,3039,44248,5577,97703,34032,89753,1788509,1912295,7020795,260063,48297,8322,836090,514169,1866,4879,95496,143113,297396,32323,296433,24047,81209,400794,3891,3562076,845158,703444,774023,7020795,35590,6424,8371,6207,2342,5169,0,3319539,64214,16397,14068,3478323,1,1.89825511369536
Seattle Police Department,1997-03-01,Washington,547209,WASPD00,136,71,182,15,82,137,623,473,4,21,10,14,0,65,39,43,9,180,1419,517,987,2923,261,61,18,1198,490,12,24,636,223,309,105,414,57,195291,324129,760384,145334,25019,434304,1884460,3882347,0,9918,9875,2591,0,68489,18385,10044,9662,119045,34085,103565,2036179,2173829,8069600,237345,57842,101,788467,780458,4951,7449,139155,158062,473767,42819,225112,35879,72063,525302,2287,3856875,1094388,912990,828118,8069600,37789,5824,11232,11932,3402,10397,47,3931765,100349,4687,17544,4134967,1,1.89825511369536
Seattle Police Department,1997-04-01,Washington,547209,WASPD00,149,77,153,25,64,132,600,438,0,17,10,5,1,42,18,60,6,142,1312,521,1063,2896,338,89,14,1134,476,14,22,553,256,296,88,384,58,158447,550414,357880,108776,67866,511331,1754715,3447022,0,2847,0,46,484,26276,51680,9165,31521,119171,45543,100499,2137756,2283798,7607553,294171,77075,1000,839348,685805,2282,4131,120600,259387,413964,40161,312977,6357,50989,483320,76,3369782,1198592,792804,938530,7607553,28090,6424,2845,2752,2976,7158,0,3748674,74609,16906,13411,3903847,1,1.89825511369536
Seattle Police Department,1997-05-01,Washington,547209,WASPD00,143,86,153,19,92,144,637,567,5,15,8,5,1,62,20,66,14,176,1316,487,1002,2805,349,96,17,1042,441,14,30,535,281,368,111,479,64,158956,483003,387926,118624,32253,777058,1957820,4513265,0,0,5401,795,342,72969,4220,70275,6027,160029,103905,97215,2445289,2646409,9277523,310281,84353,659,770881,976233,6606,8836,81139,407421,285896,47322,612153,21287,133077,688359,2658,4635919,1019422,1011620,819811,9277523,32248,4396,28521,3132,1422,10919,0,4643891,19806,29381,6917,4780634,1,1.89825511369536
Seattle Police Department,1997-06-01,Washington,547209,WASPD00,167,101,195,29,74,148,714,518,6,21,12,5,1,47,16,50,6,137,1324,510,1078,2912,351,103,27,1233,458,10,27,459,244,333,77,410,65,113554,424941,604152,85118,30668,367083,1625516,4289859,0,0,0,251,152,88950,16707,42191,2213,150463,46555,101543,1829643,1977741,8043579,406060,58998,2189,731832,441944,3356,9761,71061,252540,208647,27802,496428,9307,199846,313153,7781,4374339,1013661,598594,794021,8043579,25452,5262,8162,3398,505,17492,0,4033033,45685,4332,18157,4161478,1,1.89825511369536
Seattle Police Department,1997-07-01,Washington,547209,WASPD00,166,115,240,18,73,144,756,572,4,22,7,11,1,47,23,48,14,151,1466,594,1396,3456,482,157,14,1412,459,17,25,575,315,368,88,456,63,195594,429118,1055802,87043,39040,369752,2176348,4424836,0,0,0,1213,370,55163,39784,15613,5998,118142,113089,120503,2881904,3115496,9834822,405016,168945,588,1318355,685219,4258,23760,94613,414742,296923,36177,688939,20283,124681,650961,4148,4500862,1496368,900978,1114502,9834822,27124,6353,3529,3180,1257,85959,0,4362190,34319,28430,10317,4562657,1,1.89825511369536
Seattle Police Department,1997-08-01,Washington,547209,WASPD00,174,111,212,29,65,120,711,625,7,20,10,8,3,59,32,82,12,206,1428,561,1361,3350,450,165,21,1280,478,20,29,590,317,393,109,502,106,188721,312045,508444,194514,40588,328772,1573084,5095894,0,285,4613,2073,9924,32282,16278,245021,2720,312910,42466,114053,2556878,2713396,9692437,404053,165160,192,1070677,690549,6052,22071,121016,233628,533294,33823,326221,23983,84554,628852,10251,5135539,1165270,790263,960388,9692437,28692,4911,3476,1695,9271,31653,0,4704544,48073,17491,30152,4879958,1,1.89825511369536
Seattle Police Department,1997-09-01,Washington,547209,WASPD00,150,84,184,31,90,148,687,683,6,16,3,7,1,72,28,71,10,192,1458,584,1278,3320,470,110,15,1383,515,16,21,518,272,422,125,547,102,129108,806096,417861,138383,55666,347515,1894629,5455316,0,0,0,165,0,58593,5171,51416,23797,139142,49000,118144,2679152,2846295,10335382,541722,107635,11481,1091988,668047,8309,4524,161192,251397,354114,21186,346122,11807,119541,893681,4916,5497347,1381307,703155,1002205,10335382,33123,4311,1940,0,659,8702,0,5214924,50448,19582,20551,5354239,1,1.89825511369536
Seattle Police Department,1997-10-01,Washington,547209,WASPD00,196,116,196,28,68,114,718,773,2,13,6,6,4,42,33,76,11,178,1345,508,1269,3122,406,113,20,1194,525,13,16,602,233,501,144,645,97,193254,855143,863112,68145,99463,498734,2577851,6312727,0,0,604,547,9,49920,30203,44243,55989,181515,7656,107453,2446088,2561196,11633289,440403,114584,2796,1025301,696371,6416,2377,125137,147811,409788,24487,348723,42667,228941,901563,997,6314735,1489614,738271,1133503,11633289,43337,5000,12255,6236,7468,23491,0,6272822,63736,7033,38743,6480121,1,1.89825511369536
Seattle Police Department,1997-11-01,Washington,547209,WASPD00,157,81,219,18,85,139,699,702,3,29,5,4,3,54,36,61,13,176,1332,491,1284,3107,444,90,18,1308,443,15,30,535,224,462,136,598,110,155078,449683,674461,86086,50830,569277,1985415,5537341,0,0,8330,978,116,83738,16217,58977,5382,173736,12982,100106,2373574,2486663,10183155,491437,83576,65,1048980,564742,5268,8834,109241,174520,395384,24451,243252,21965,93929,455133,38,5539108,1070853,1143220,1195821,10183155,46283,4577,7584,3419,4083,14937,0,5667618,56811,19672,14159,5839143,1,1.89825511369536
Seattle Police Department,1997-12-01,Washington,547209,WASPD00,150,74,220,16,77,135,672,765,7,14,19,9,3,61,33,68,15,208,1270,574,1108,2952,393,48,13,1212,438,15,14,560,259,433,119,552,76,85556,555688,683165,123426,12561,338859,1799255,6034680,0,0,17394,209,985,75828,13521,24611,9394,141942,28195,116853,2151387,2296435,10272313,363161,49850,822,899158,605543,5708,3580,120765,247848,379490,25220,395972,16560,129450,478677,4888,5965314,1151556,596350,1128835,10271933,54262,4250,2944,1803,21166,12229,0,5299617,82969,18882,14979,5513100,1,1.89825511369536
Seattle Police Department,1998-01-01,Washington,538105,WASPD00,141,76,240,20,48,98,623,771,5,16,9,7,1,51,33,60,10,171,1419,493,1186,3098,429,43,12,1328,444,6,23,553,260,462,145,607,120,160009,411369,728071,119768,53793,235457,1708466,6013120,0,654,0,1286,1215,139356,19216,33680,5337,200089,38220,97976,2374482,2510678,10433008,410902,35366,163,1102500,592682,2766,38536,84278,243485,438912,45566,273754,16143,110969,510940,4673,5989043,1184322,659479,1199207,10433008,43993,5725,3223,4636,1852,11247,0,5798754,35525,20120,18833,5943908,1,1.86923930269414
Seattle Police Department,1998-02-01,Washington,538105,WASPD00,0,0,0,0,0,0,0,0,0,0,0,0,0,0,0,0,0,0,0,0,0,0,0,0,0,0,0,0,0,0,0,0,0,0,0,0,0,0,0,0,0,0,0,0,0,0,0,0,0,0,0,0,0,0,0,0,0,0,0,0,0,0,0,0,0,0,0,0,0,0,0,0,0,0,0,0,0,0,0,0,0,0,0,0,0,0,0,0,0,0,0,1,1.86923930269414
Seattle Police Department,1998-03-01,Washington,538105,WASPD00,147,74,194,28,58,114,615,670,2,26,4,1,2,50,16,50,8,131,1455,531,1095,3081,355,61,17,1255,450,9,21,597,316,445,148,593,88,125796,384656,660608,279462,101735,477280,2029538,5496190,0,9814,-28,150,135,79856,57401,34904,13900,186316,37828,90144,2548766,2676738,10398595,307581,54206,479,1066057,518146,2428,23328,106565,597947,732835,161411,245358,25616,52886,595300,15403,5607718,1096933,995241,869894,10398595,8920,6969,1634,8120,2271,6286,3869,5748472,21509,30973,16431,5855454,1,1.86923930269414
Seattle Police Department,1998-04-01,Washington,538105,WASPD00,172,69,177,23,61,131,633,685,9,20,3,7,0,38,15,59,10,132,1226,501,1014,2741,311,79,14,1044,430,8,20,553,282,474,117,591,63,91441,514405,482447,55111,25960,360516,1529881,5576298,0,0,1510,1374,0,32938,2026,63281,10204,111334,23117,97350,1882709,2003176,9220688,268834,84183,80,856340,454803,398,88791,86793,162955,297187,26629,202930,41645,86779,566303,4767,5518032,1087557,564593,824267,9220688,23909,9098,2634,6249,1183,13083,1215,5677067,38432,20973,24397,5818239,1,1.86923930269414
Seattle Police Department,1998-05-01,Washington,538105,WASPD00,157,78,176,23,70,125,629,688,4,27,3,1,0,55,12,52,6,129,1243,464,1003,2710,283,69,15,966,490,8,16,534,329,417,124,541,68,176473,676259,464250,91897,31175,458904,1898958,5474966,0,9720,103,0,0,58896,1970,25300,32588,118857,55718,94963,2910940,3061621,10564124,310578,58838,215,1154029,1072332,806,3619,104539,356666,354049,419132,263884,6907,152577,540158,75,5471637,1330283,1054348,971896,10564124,31194,6182,1370,4561,551,3630,0,5095073,53296,9307,17446,5222610,1,1.86923930269414
Seattle Police Department,1998-06-01,Washington,538105,WASPD00,117,77,152,16,69,125,556,683,2,18,6,2,1,43,16,61,6,135,1241,453,1088,2782,369,105,11,1007,406,9,12,538,325,453,134,587,75,190530,594870,458076,185229,47783,672808,2149296,5687865,0,0,0,0,0,36796,12496,10135,24982,84409,16223,90953,2170499,2277676,10199246,343542,94741,273,817519,752169,776,4226,85067,179363,278333,37226,293618,27055,255295,903158,5140,5631420,991959,813857,962183,10199246,37093,5393,4587,925,2757,17616,0,5574445,58965,18763,28549,5749094,1,1.86923930269414
Seattle Police Department,1998-07-01,Washington,538105,WASPD00,0,0,0,0,0,0,0,0,0,0,0,0,0,0,0,0,0,0,0,0,0,0,0,0,0,0,0,0,0,0,0,0,0,0,0,0,0,0,0,0,0,0,0,0,0,0,0,0,0,0,0,0,0,0,0,0,0,0,0,0,0,0,0,0,0,0,0,0,0,0,0,0,0,0,0,0,0,0,0,0,0,0,0,0,0,0,0,0,0,0,0,1,1.86923930269414
Seattle Police Department,1998-08-01,Washington,538105,WASPD00,123,109,185,17,70,112,616,654,3,22,10,4,1,62,12,56,11,156,1178,476,1009,2663,266,146,19,914,402,30,17,507,362,464,113,577,75,146040,351873,682783,207194,87516,436953,1912359,5403001,0,93,0,542,0,97180,6969,31738,2553,138982,21728,94154,2185999,2301880,9756315,270565,119452,148,832348,538408,7535,5610,101143,426673,300862,60756,278341,29269,152889,567095,4767,5231627,1348688,835206,946816,9756315,33777,3895,9055,11129,19094,6879,561,5373442,91729,21810,8849,5580221,1,1.86923930269414
Seattle Police Department,1998-09-01,Washington,538105,WASPD00,116,82,204,22,54,100,578,613,5,19,10,6,5,37,24,57,8,147,1109,437,1039,2585,273,136,21,932,411,17,19,454,322,352,96,448,54,215641,250695,475155,35964,143451,331683,1452590,4947269,0,159,1692,77,1404,82473,85708,76755,15487,263595,34644,98139,2004533,2137316,8800928,266139,120203,118,850620,538719,3882,15646,91980,250011,251902,23349,271729,25027,105186,338884,6636,4997224,1176077,751505,853409,8800928,48496,3684,4342,4056,1766,7836,0,4412339,67094,8997,21184,4579795,1,1.86923930269414
Seattle Police Department,1998-10-01,Washington,538105,WASPD00,0,0,0,0,0,0,0,0,0,0,0,0,0,0,0,0,0,0,0,0,0,0,0,0,0,0,0,0,0,0,0,0,0,0,0,0,0,0,0,0,0,0,0,0,0,0,0,0,0,0,0,0,0,0,0,0,0,0,0,0,0,0,0,0,0,0,0,0,0,0,0,0,0,0,0,0,0,0,0,0,0,0,0,0,0,0,0,0,0,0,0,1,1.86923930269414
Seattle Police Department,1998-11-01,Washington,538105,WASPD00,0,0,0,0,0,0,0,0,0,0,0,0,0,0,0,0,0,0,0,0,0,0,0,0,0,0,0,0,0,0,0,0,0,0,0,0,0,0,0,0,0,0,0,0,0,0,0,0,0,0,0,0,0,0,0,0,0,0,0,0,0,0,0,0,0,0,0,0,0,0,0,0,0,0,0,0,0,0,0,0,0,0,0,0,0,0,0,0,0,0,0,1,1.86923930269414
Seattle Police Department,1998-12-01,Washington,538105,WASPD00,0,0,0,0,0,0,0,0,0,0,0,0,0,0,0,0,0,0,0,0,0,0,0,0,0,0,0,0,0,0,0,0,0,0,0,0,0,0,0,0,0,0,0,0,0,0,0,0,0,0,0,0,0,0,0,0,0,0,0,0,0,0,0,0,0,0,0,0,0,0,0,0,0,0,0,0,0,0,0,0,0,0,0,0,0,0,0,0,0,0,0,1,1.86923930269414
Seattle Police Department,1999-01-01,Washington,542954,WASPD00,118,56,157,29,52,99,511,691,0,17,10,6,3,49,26,46,7,147,1147,457,929,2533,313,29,17,1049,445,19,9,464,188,368,107,475,28,67663,403423,475592,44894,41082,232590,1265245,5720939,0,0,0,856,1368,61072,37841,21155,2952,125245,64052,94078,1779940,1938070,9049499,295654,32372,3243,787861,519514,2528,92840,85315,118744,270060,20987,359073,27296,61802,493639,732,5657398,704960,570382,883171,9049499,25839,9666,1357,0,1996,3538,0,4567732,22285,2543,8429,4643385,1,1.82921556856271
Seattle Police Department,1999-02-01,Washington,542954,WASPD00,117,50,135,22,42,89,455,664,4,16,7,15,6,38,28,33,7,134,1016,431,994,2441,300,31,17,1005,406,8,10,502,162,489,127,616,24,115252,400904,579210,112866,30950,322430,1561612,5492801,0,0,155,2899,13,19662,10057,15139,503,48280,38966,96513,1893094,2028573,9131267,306297,27005,1004,973523,490987,1352,11500,97925,118979,333347,50402,209154,9951,102646,501933,73,5402076,933928,704499,883257,9131267,43254,8709,2460,2737,38031,34777,0,5823150,86242,19181,14837,6073378,1,1.82921556856271
Seattle Police Department,1999-03-01,Washington,542954,WASPD00,110,46,148,28,52,115,499,639,4,13,11,7,2,41,26,44,9,140,1058,458,993,2509,245,48,13,1016,413,16,8,556,194,401,124,525,37,56762,352155,316068,155926,46751,620792,1548455,5264329,0,265,0,1191,732,42730,57280,27778,82532,212244,18852,91927,2145476,2256255,9281548,236199,51999,349,885037,584076,2268,2168,139562,354597,365238,26425,299002,4772,178714,583388,0,5295945,969918,670534,887612,9281548,36398,7423,3139,1738,4107,13966,0,5044466,14036,4666,15900,5145838,1,1.82921556856271
Seattle Police Department,1999-04-01,Washington,542954,WASPD00,92,48,122,17,57,116,452,646,4,11,8,3,2,45,10,35,13,116,1057,463,949,2469,276,50,21,1047,360,23,14,478,200,472,89,561,36,41880,270943,425161,73114,8508,865212,1684817,5097616,0,0,2726,115,9695,54139,4154,30447,17689,118965,37318,89147,2623423,2749887,9651285,354539,62298,428,992741,491790,6541,8698,87771,745082,242770,487173,291822,23376,89692,401899,1555,5082658,1185385,996147,848809,9651285,34836,6783,15594,2830,1974,35730,915,5294743,45077,23118,19423,5481021,1,1.82921556856271
Seattle Police Department,1999-05-01,Washington,542954,WASPD00,104,50,160,25,59,82,480,589,5,12,8,5,4,34,14,48,6,119,1029,460,1020,2509,300,69,13,992,405,12,17,503,198,362,88,450,32,112548,265717,333417,80379,37217,4015,789113,4553679,0,0,9036,395,1174,56020,6141,10359,1125,84250,24054,87665,2087036,2198756,7625797,293181,69086,185,949184,503900,2693,4608,140171,235749,200815,22247,315485,14405,39630,474237,549,4552643,841779,406624,757383,7625797,27987,4257,920,366,9,12484,0,4260975,29899,23242,21837,4371847,1,1.82921556856271
Seattle Police Department,1999-06-01,Washington,542954,WASPD00,141,67,170,21,50,99,548,768,5,20,6,8,4,40,26,47,4,135,1079,439,972,2490,319,91,19,918,351,22,17,491,262,552,149,701,43,43244,540597,383605,36848,25369,545785,1575448,6315111,0,128,1893,726,6439,174644,42004,22620,6686,255013,35944,84583,1904625,2025152,10170852,397596,99332,1087,702216,469583,6673,2592,88969,257104,196222,32595,287677,42794,131275,626865,1189,6326891,1057583,470610,997151,10170852,26842,4992,2199,503,1023,14158,0,6545299,37201,24210,22035,6678461,1,1.82921556856271
Seattle Police Department,1999-07-01,Washington,542954,WASPD00,132,86,178,19,55,101,571,664,2,20,7,5,1,35,14,53,11,126,1072,425,1063,2560,342,117,12,913,371,21,27,490,267,461,127,588,33,374120,368386,460452,111544,3823,351948,1670273,5536997,0,0,0,68,0,19304,1328,45632,24811,91142,33910,80588,2454202,2568700,9867113,394300,127145,437,1031700,680419,8813,20041,78122,227723,261088,36877,178874,8191,106982,899912,3567,5409356,1142844,775626,1043796,9867113,60593,5120,5793,7350,4624,293615,2469,5498631,57088,22873,50260,6008415,1,1.82921556856271
Seattle Police Department,1999-08-01,Washington,542954,WASPD00,131,102,184,17,56,122,612,741,2,27,9,3,1,46,25,67,7,158,1137,484,1052,2673,327,122,15,1065,383,21,28,440,282,457,138,595,38,260683,459786,485348,122488,43676,376008,1747989,6109143,0,1524,0,377,0,57964,37665,27045,2757,125808,34254,95941,2042078,2172272,10156736,303458,113078,322,1017408,411103,3796,4008,105505,213594,270854,27656,260517,14967,73368,675368,732,6178541,1098109,604345,952279,10156736,31953,4075,5625,0,59,7048,0,5616027,22119,1290,7939,5695488,1,1.82921556856271
Seattle Police Department,1999-09-01,Washington,542954,WASPD00,162,89,210,31,73,144,709,761,5,14,12,2,4,50,30,49,8,155,1134,499,1203,2836,387,102,13,1147,384,21,29,478,275,536,154,690,37,306403,652055,748660,190035,79123,550585,2526860,6381222,0,1756,1280,0,159,44214,16006,47245,22016,130921,39646,97356,2355285,2492288,11533047,358504,105043,210,1021942,602017,3766,6717,78596,315492,234284,33259,546416,25942,162153,721225,2012,6417620,1169664,921961,1298511,11533047,37556,5433,9093,10864,1571,13942,183,6494262,80568,34834,15669,6703974,1,1.82921556856271
Seattle Police Department,1999-10-01,Washington,542954,WASPD00,115,52,161,25,65,139,557,786,2,12,14,9,3,60,21,51,8,166,1109,448,1067,2624,281,77,11,1112,365,21,18,485,254,511,150,661,43,85082,297891,351667,145523,73443,437986,1391592,6478416,0,0,25207,1966,371,77014,7399,22847,11017,145821,19470,89160,2261946,2370576,10386405,240386,63082,512,1017351,627154,10999,4454,84504,322132,267579,32586,274073,45226,100431,533833,457,6406645,1071993,726685,926896,10386405,40195,6333,7187,4738,7491,7374,0,6126626,99890,25558,10672,6336062,1,1.82921556856271
Seattle Police Department,1999-11-01,Washington,542954,WASPD00,117,61,156,18,57,118,527,717,3,13,10,3,3,32,26,48,9,131,992,402,901,2295,284,59,9,882,360,27,12,436,226,430,158,588,42,52374,585311,429567,128705,80372,420729,1697058,5636457,0,46,0,5,552,17250,6049,11356,10322,45535,27502,78162,1718061,1823726,9202822,249684,62548,227,798420,488768,8972,5188,98293,111626,203162,20923,227564,6466,75733,688327,0,5620265,786385,757509,816489,9202822,25421,8610,4438,1052,719,2832,0,5541426,49943,12843,11155,5658437,1,1.82921556856271
Seattle Police Department,1999-12-01,Washington,542954,WASPD00,137,62,159,24,77,89,548,974,9,13,9,5,3,38,21,33,6,115,1032,427,1087,2546,308,41,5,1096,448,23,25,410,190,608,165,773,46,237531,401337,664726,155975,50633,372761,1882963,7334463,0,0,0,618,38,12040,18631,8427,5177,44931,25300,83981,2231153,2340434,11602791,272804,44920,3668,1298509,496791,4996,13962,79472,125312,319974,94258,326879,16692,89802,627597,549,7279912,903854,724516,1218761,11602791,27061,11897,1769,1463,1255,9111,549,7297659,20822,9084,10840,7391511,1,1.82921556856271
