agency,year,state,population,ORI,offenses_burg_resident_day,offenses_burg_resident_night,offenses_burg_resident_unk,offenses_burg_nonresident_day,offenses_burg_nonresident_night,offenses_burg_nonresident_unk,offenses_burg_total,offenses_motor_vehicle_theft,offenses_murder,offenses_rape,offenses_robbery_bank,offenses_robbery_chain_store,offenses_robbery_gas_station,offenses_robbery_highway,offenses_robbery_house,offenses_robbery_misc,offenses_robbery_residence,offenses_robbery_total,offenses_theft_under_50,offenses_theft_50_to_200,offenses_theft_over_200,offenses_theft_total,offenses_theft_auto_part,offenses_theft_bicycle,offenses_theft_coin_machine,offenses_theft_from_auto,offenses_theft_from_building,offenses_theft_pick_pocket,offenses_theft_purse_snatch,offenses_theft_shoplift,offenses_theft_all_other,auto_stolen_recover_local,auto_stolen_recovered_other,auto_theft_total,auto_stole_oth_recover_local,value_burg_resident_night,value_burg_resident_day,value_burg_resident_unk,value_burg_nonresident_night,value_burg_nonresident_day,value_burg_nonresident_unk,value_burg_total,value_motor_vehicle_theft,value_murder,value_rape,value_robbery_bank,value_robbery_chain_store,value_robbery_gas_station,value_robbery_highway,value_robbery_house,value_robbery_misc,value_robbery_residence,value_robbery_total,value_theft_under_50,value_theft_50_to_200,value_theft_over_200,value_theft_total,value_total_all_values,value_theft_auto_part,value_theft_bicycle,value_theft_coin_machine,value_theft_from_auto,value_theft_from_building,value_theft_pick_pocket,value_theft_purse_snatch,value_theft_shoplift,value_theft_all_other,value_stolen_clothing_or_fur,value_stolen_consumable_good,value_stolen_currency,value_stolen_guns,value_stolen_household_good,value_stolen_jewel_metal,value_stolen_livestock,value_stolen_local_mtr_veh,value_stolen_misc,value_stolen_office_equip,value_stolen_tv_and_radio,value_stolen_total,value_recovered_clothing_or_fur,value_recovered_consumable_good,value_recovered_currency,value_recovered_guns,value_recovered_house_good,value_recovered_jewel_metal,value_recovered_livestock,value_recovered_local_mtv_veh,value_recovered_misc,value_recovered_office_equip,value_recovered_tv_and_radio,value_recovered_total,price,in_2023_dollars
Minocqua Police Department,2017-01-01,Wisconsin,4447,WI04401,0,0,0,0,0,0,0,0,0,0,0,0,0,0,0,0,0,0,2,3,5,10,0,0,0,0,0,0,1,8,1,0,0,0,0,0,0,0,0,0,0,0,0,0,0,0,0,0,0,0,0,0,0,61,449,2735,3244,3244,0,0,0,0,0,0,339,2532,373,37,34,0,0,185,0,0,0,2988,0,0,3244,37,34,0,0,185,0,0,0,1370,0,0,1626,1,1.24307319386626
Minocqua Police Department,2017-02-01,Wisconsin,4447,WI04401,0,0,0,0,0,0,0,0,0,0,0,0,0,0,0,0,0,0,0,2,4,6,0,0,0,0,0,0,0,5,1,0,0,0,0,0,0,0,0,0,0,0,0,0,0,0,0,0,0,0,0,0,0,0,301,4226,4527,4527,0,0,0,0,0,0,0,4129,398,0,0,398,0,288,0,0,0,612,3230,0,4527,0,0,0,0,0,0,0,0,91,0,0,91,1,1.24307319386626
Minocqua Police Department,2017-03-01,Wisconsin,4447,WI04401,0,0,0,0,0,0,0,0,0,0,0,0,0,0,0,0,0,0,1,0,2,3,0,0,0,0,0,0,0,1,2,0,0,0,0,0,0,0,0,0,0,0,0,0,0,0,0,0,0,0,0,0,0,25,0,1766,1791,1791,0,0,0,0,0,0,0,399,1392,0,25,0,0,0,0,0,0,1766,0,0,1791,0,0,0,0,0,0,0,0,0,0,0,0,1,1.24307319386626
Minocqua Police Department,2017-04-01,Wisconsin,4447,WI04401,0,0,0,0,0,0,0,1,0,0,0,0,0,0,0,0,0,0,0,1,1,2,0,0,0,0,0,0,0,1,1,0,0,0,0,0,0,0,0,0,0,0,6215,0,0,0,0,0,0,0,0,0,0,0,68,416,485,12916,0,0,0,0,0,0,0,68,416,0,0,0,0,311,0,0,6215,174,0,0,6700,0,0,0,0,0,0,0,6215,1367,0,0,7583,1,1.24307319386626
Minocqua Police Department,2017-05-01,Wisconsin,4447,WI04401,0,0,0,0,0,0,0,0,0,0,0,0,0,0,0,0,0,0,5,4,3,12,0,0,0,0,1,1,0,9,1,0,0,0,0,0,0,0,0,0,0,0,0,0,0,0,0,0,0,0,0,0,0,143,526,1645,2313,2313,0,0,0,0,29,237,0,1290,757,48,17,266,0,261,0,0,0,1720,0,0,2313,48,17,0,0,261,0,0,0,963,0,0,1290,1,1.24307319386626
Minocqua Police Department,2017-06-01,Wisconsin,4447,WI04401,0,0,0,0,0,0,0,0,0,0,0,0,0,0,0,0,0,0,7,6,5,18,0,0,0,0,1,1,0,10,6,0,0,0,0,0,0,0,0,0,0,0,0,0,0,0,0,0,0,0,0,0,0,154,577,4497,5228,5228,0,0,0,0,298,2051,0,1481,1398,101,66,329,0,1193,0,0,0,2252,0,1287,5228,101,66,0,0,1193,0,0,0,121,0,1256,2736,1,1.24307319386626
Minocqua Police Department,2017-07-01,Wisconsin,4447,WI04401,0,0,0,0,0,0,0,0,0,0,0,0,0,0,0,0,0,0,3,3,1,7,0,0,0,1,0,1,0,5,0,0,0,0,0,0,0,0,0,0,0,0,0,0,0,0,0,0,0,0,0,0,0,68,471,270,809,809,0,0,0,124,0,211,0,474,0,44,140,211,0,20,0,0,0,394,0,0,809,44,140,0,0,19,0,0,0,270,0,0,472,1,1.24307319386626
Minocqua Police Department,2017-08-01,Wisconsin,4447,WI04401,0,0,0,1,1,0,2,1,0,0,0,0,0,0,0,0,0,0,6,3,3,12,0,0,0,1,0,1,0,10,0,0,0,0,0,0,0,0,1126,3275,0,4402,13674,0,0,0,0,0,0,0,0,0,0,223,282,1526,2031,33781,0,0,0,994,0,249,0,788,0,0,0,4476,0,419,0,0,13674,1538,0,0,20107,0,0,0,0,135,0,0,0,295,0,0,430,1,1.24307319386626
Minocqua Police Department,2017-09-01,Wisconsin,4447,WI04401,0,0,0,0,0,0,0,0,0,0,0,0,0,0,0,0,0,0,1,3,3,7,0,0,0,0,0,0,0,6,1,0,0,0,0,0,0,0,0,0,0,0,0,0,0,0,0,0,0,0,0,0,0,10,374,2438,2822,2822,0,0,0,0,0,0,0,2200,622,153,0,0,0,2644,0,0,0,25,0,0,2822,153,0,0,0,1305,0,0,0,25,0,0,1483,1,1.24307319386626
Minocqua Police Department,2017-10-01,Wisconsin,4447,WI04401,0,0,0,0,0,0,0,0,0,0,0,0,0,0,0,0,0,0,1,3,1,5,0,0,0,0,0,0,0,5,0,0,0,0,0,0,0,0,0,0,0,0,0,0,0,0,0,0,0,0,0,0,0,25,594,377,996,996,0,0,0,0,0,0,0,996,0,377,190,0,0,0,0,0,0,429,0,0,996,377,190,0,0,0,0,0,0,235,0,0,802,1,1.24307319386626
Minocqua Police Department,2017-11-01,Wisconsin,4447,WI04401,0,0,0,0,0,0,0,0,0,0,0,0,0,0,0,0,0,0,0,0,0,0,0,0,0,0,0,0,0,0,0,0,0,0,0,0,0,0,0,0,0,0,0,0,0,0,0,0,0,0,0,0,0,0,0,0,0,0,0,0,0,0,0,0,0,0,0,0,0,0,0,0,0,0,0,0,0,0,0,0,0,0,0,0,0,0,0,0,0,0,0,1,1.24307319386626
Minocqua Police Department,2017-12-01,Wisconsin,4447,WI04401,0,0,0,0,0,0,0,0,0,0,0,0,0,0,0,0,0,0,0,0,0,0,0,0,0,0,0,0,0,0,0,0,0,0,0,0,0,0,0,0,0,0,0,0,0,0,0,0,0,0,0,0,0,0,0,0,0,0,0,0,0,0,0,0,0,0,0,0,0,0,0,0,0,0,0,0,0,0,0,0,0,0,0,0,0,0,0,0,0,0,0,1,1.24307319386626
Minocqua Police Department,2018-01-01,Wisconsin,4380,WI04401,0,0,0,0,0,0,0,0,0,0,0,0,0,0,0,0,0,0,0,2,2,4,0,0,0,0,0,0,1,1,2,0,0,0,0,0,0,0,0,0,0,0,0,0,0,0,0,0,0,0,0,0,0,0,386,1337,1723,1723,0,0,0,0,0,0,146,240,1337,146,0,730,0,0,0,0,0,607,0,240,1723,146,0,0,0,0,0,0,0,607,0,0,752,1,1.21343405628813
Minocqua Police Department,2018-02-01,Wisconsin,4380,WI04401,0,0,0,0,0,0,0,0,0,0,0,0,0,0,0,0,0,0,0,1,1,2,0,0,0,0,0,0,0,1,1,0,0,0,0,0,0,0,0,0,0,0,0,0,0,0,0,0,0,0,0,0,0,0,73,1162,1235,1235,0,0,0,0,0,0,0,1162,73,0,0,73,0,0,0,0,0,0,1162,0,1235,0,0,0,0,0,0,0,0,0,0,0,0,1,1.21343405628813
Minocqua Police Department,2018-03-01,Wisconsin,4380,WI04401,0,0,0,0,0,0,0,0,0,0,0,0,0,0,0,0,0,0,1,0,0,1,0,0,0,0,0,0,0,0,1,0,0,0,0,0,0,0,0,0,0,0,0,0,0,0,0,0,0,0,0,0,0,4,0,0,4,4,0,0,0,0,0,0,0,0,4,0,4,0,0,0,0,0,0,0,0,0,4,0,0,0,0,0,0,0,0,0,0,0,0,1,1.21343405628813
Minocqua Police Department,2018-04-01,Wisconsin,4380,WI04401,0,0,0,0,0,0,0,0,0,0,0,0,0,0,0,0,0,0,1,0,0,1,0,0,0,0,0,0,0,0,1,0,0,0,0,0,0,0,0,0,0,0,0,0,0,0,0,0,0,0,0,0,0,24,0,0,24,24,0,0,0,0,0,0,0,0,24,0,0,0,0,0,0,0,0,24,0,0,24,0,0,0,0,0,0,0,0,0,0,0,0,1,1.21343405628813
Minocqua Police Department,2018-05-01,Wisconsin,4380,WI04401,1,0,0,1,0,0,2,0,0,0,0,0,0,0,0,0,0,0,2,0,1,3,0,0,0,0,1,0,0,2,0,0,0,0,0,0,121,0,0,558,0,680,0,0,0,0,0,0,0,0,0,0,0,68,0,1456,1524,2204,0,0,0,0,1456,0,0,68,0,0,189,558,0,0,0,0,0,1456,0,0,2204,0,30,0,0,0,0,0,0,0,0,0,30,1,1.21343405628813
Minocqua Police Department,2018-06-01,Wisconsin,4380,WI04401,0,0,0,0,0,0,0,0,0,0,0,0,0,0,0,0,0,0,0,0,1,1,0,0,0,0,0,0,0,1,0,0,0,0,0,0,0,0,0,0,0,0,0,0,0,0,0,0,0,0,0,0,0,0,0,1272,1272,1272,0,0,0,0,0,0,0,1272,0,0,0,0,0,0,0,0,0,1272,0,0,1272,0,0,0,0,0,0,0,0,1272,0,0,1272,1,1.21343405628813
Minocqua Police Department,2018-07-01,Wisconsin,4380,WI04401,0,0,0,0,0,0,0,0,0,0,0,0,0,0,0,0,0,0,2,1,0,3,0,0,0,0,0,0,0,3,0,0,0,0,0,0,0,0,0,0,0,0,0,0,0,0,0,0,0,0,0,0,0,47,78,0,125,125,0,0,0,0,0,0,0,125,0,0,17,0,0,0,30,0,0,78,0,0,125,0,17,0,0,0,30,0,0,0,0,0,47,1,1.21343405628813
Minocqua Police Department,2018-08-01,Wisconsin,4380,WI04401,0,0,0,0,0,0,0,0,0,0,0,0,0,0,0,0,0,0,0,0,5,5,0,0,0,0,0,0,0,1,4,0,0,0,0,0,0,0,0,0,0,0,0,0,0,0,0,0,0,0,0,0,0,0,0,5625,5625,5625,0,0,0,0,0,0,0,286,5339,0,0,1365,0,0,0,0,0,4260,0,0,5625,0,0,0,0,0,0,0,0,0,0,0,0,1,1.21343405628813
Minocqua Police Department,2018-09-01,Wisconsin,4380,WI04401,0,0,0,0,0,0,0,0,0,0,0,0,0,0,0,0,0,0,0,0,0,0,0,0,0,0,0,0,0,0,0,0,0,0,0,0,0,0,0,0,0,0,0,0,0,0,0,0,0,0,0,0,0,0,0,0,0,0,0,0,0,0,0,0,0,0,0,0,0,0,0,0,0,0,0,0,0,0,0,0,0,0,0,0,0,0,0,0,0,0,0,1,1.21343405628813
Minocqua Police Department,2018-10-01,Wisconsin,4380,WI04401,0,0,0,0,0,0,0,0,0,0,0,0,0,0,0,0,0,0,2,2,1,5,0,0,0,0,0,0,0,1,4,0,0,0,0,0,0,0,0,0,0,0,0,0,0,0,0,0,0,0,0,0,0,24,261,1857,2142,2142,0,0,0,0,0,0,0,24,2117,0,24,261,0,0,0,0,0,1857,0,0,2142,0,0,0,0,0,0,0,0,1857,0,0,1857,1,1.21343405628813
Minocqua Police Department,2018-11-01,Wisconsin,4380,WI04401,0,0,0,0,0,0,0,0,0,0,0,0,0,0,0,0,0,0,2,2,1,5,0,0,0,0,0,0,0,4,1,0,0,0,0,0,0,0,0,0,0,0,0,0,0,0,0,0,0,0,0,0,0,63,416,243,722,722,0,0,0,0,0,0,0,479,243,0,209,0,0,64,0,0,0,449,0,0,722,0,27,170,0,0,0,0,0,0,0,0,197,1,1.21343405628813
Minocqua Police Department,2018-12-01,Wisconsin,4380,WI04401,0,0,0,0,0,0,0,0,0,0,0,0,0,0,0,0,0,0,0,0,2,2,0,0,0,0,0,0,0,1,1,0,0,0,0,0,0,0,0,0,0,0,0,0,0,0,0,0,0,0,0,0,0,0,0,4002,4002,4002,0,0,0,0,0,0,0,1575,2427,447,0,0,0,0,0,0,0,3555,0,0,4002,0,0,0,0,0,0,0,0,36,0,0,36,1,1.21343405628813
Minocqua Police Department,2019-01-01,Wisconsin,4409,WI04401,0,0,0,0,0,0,0,0,0,0,0,0,0,0,0,0,0,0,0,1,1,2,0,0,0,0,0,0,0,2,0,0,0,0,8120,0,0,0,0,0,0,0,0,0,0,0,0,0,0,0,0,0,0,0,0,0,0,0,0,0,0,0,886,0,0,0,82237,10,143020259,0,0,10,0,0,143020259,0,0,0,0,0,0,0,0,0,0,0,0,0,0,0,0,1,1.19183549339627
Minocqua Police Department,2019-02-01,Wisconsin,4409,WI04401,0,0,0,0,0,0,0,81200,0,0,0,0,0,7430000,0,0,0,7430000,69000,0,0,69000,0,74,0,0,3000000,0,0,0,0,0,0,0,0,7,1072651944,96777,11918355,0,0,0,0,0,0,0,0,0,0,0,0,0,0,0,0,0,0,0,23836712,0,0,0,47673,0,0,0,0,47673420,0,0,0,0,0,0,0,0,0,0,0,0,0,0,0,0,0,0,0,0,0,0,0,1,1.19183549339627
Minocqua Police Department,2019-03-01,Wisconsin,4409,WI04401,22,0,5000000,0,0,2,5000024,0,0,0,0,0,0,0,0,0,0,0,0,0,0,0,0,0,0,0,0,0,0,0,0,0,0,0,0,0,227641,0,0,20,595917747,0,0,0,0,0,0,0,0,0,0,2509,0,0,0,0,0,0,0,2383671,595917747,0,250,0,0,0,0,0,0,0,0,0,0,0,0,0,0,0,0,0,0,0,0,0,0,0,119184,0,1,0,0,1,1.19183549339627
Minocqua Police Department,2019-04-01,Wisconsin,4409,WI04401,0,0,0,0,20000,0,20000,0,0,0,10000,0,0,0,0,10000,10000,30000,10000,0,0,10000,0,0,0,0,0,0,0,0,0,0,0,79,0,0,0,0,0,0,0,0,0,0,0,0,0,0,0,0,0,0,0,0,0,0,2384,90579,0,2,0,0,94155004,0,3575506,2478,0,0,24,0,0,0,0,0,0,0,0,0,0,0,0,0,0,0,0,0,2383671,0,0,0,0,1,1.19183549339627
Minocqua Police Department,2019-05-01,Wisconsin,4409,WI04401,0,9000000,0,0,0,0,9000000,0,0,0,79,0,0,0,0,0,0,79,0,0,0,0,0,0,0,0,0,0,0,0,0,0,0,0,0,0,0,0,0,0,0,0,0,0,0,0,0,11918355,0,17878,0,0,0,119,23836712,0,59592,0,0,2383671,0,238,0,1192,0,0,0,0,0,0,0,0,0,0,0,0,0,0,0,0,0,0,0,0,0,0,0,38,0,0,619754457,1,1.19183549339627
Minocqua Police Department,2019-06-01,Wisconsin,4409,WI04401,0,0,0,0,0,8000,8000,0,189000,0,0,0,34490,800,0,344,0,35634,0,0,0,0,0,2,0,0,3540000,0,108,7000000,0,0,0,0,0,0,0,0,0,0,12,0,1072651944,0,0,0,0,0,117634,0,0,0,0,281511544,0,0,410,0,0,0,0,0,0,0,0,0,0,0,0,0,119184,0,0,0,0,0,106073359,106,0,0,0,0,119183549,1192,0,23836712,0,477,0,0,0,1,1.19183549339627
Minocqua Police Department,2019-07-01,Wisconsin,4409,WI04401,0,0,0,0,0,0,0,0,0,30,0,10,0,0,0,0,0,10,0,0,0,0,0,0,0,0,0,0,0,0,0,0,0,0,0,595917747,0,0,188310,0,53632597,242,0,0,0,0,0,0,0,0,0,596,0,0,0,0,837860352,0,0,0,0,0,0,0,0,194269185,48,0,70318294,0,0,0,0,0,0,0,0,0,0,0,0,0,64359117,0,51248926,601877,0,0,50057,0,837860352,1,1.19183549339627
Minocqua Police Department,2019-08-01,Wisconsin,4409,WI04401,360000,0,0,0,0,200,360200,50,0,0,0,0,59,0,0,0,0,59,0,0,0,0,0,0,0,0,0,5000000,6,200010,0,0,0,0,0,0,35755,0,0,1192,0,0,0,0,0,0,0,0,0,0,0,0,35755065,2383671,0,0,0,0,0,0,0,0,0,0,0,0,0,0,0,0,0,0,0,0,0,0,0,0,0,369469003,0,0,24,369469003,24,0,0,24206179,0,0,0,1,1.19183549339627
Minocqua Police Department,2019-09-01,Wisconsin,4409,WI04401,0,0,0,0,0,0,0,0,0,0,0,0,0,0,1262,0,0,1262,0,0,0,0,0,0,0,0,0,0,0,0,0,2000100,0,100,0,210001414,242,119183549,0,0,0,0,0,0,0,0,32060375,0,0,0,0,0,0,0,0,0,0,0,0,0,150409639,0,0,0,0,0,150,0,0,0,0,0,0,0,0,0,0,0,357551,11918,0,35755065,0,0,715,59592,0,0,0,1192,0,1,1.19183549339627
Minocqua Police Department,2019-10-01,Wisconsin,4409,WI04401,0,0,0,0,0,0,0,0,0,0,0,0,0,0,0,0,0,0,0,0,0,0,0,0,0,0,0,0,0,0,0,0,0,5,0,36,232407921,0,0,0,0,0,0,0,0,8575,0,351591,8224,0,0,0,13706108,0,0,60,0,0,0,0,83,172816147,0,0,0,8,0,0,0,11918,0,0,0,0,0,0,0,0,0,828325668,0,9469133,0,0,21,0,0,0,0,0,0,1,1.19183549339627
Minocqua Police Department,2019-11-01,Wisconsin,4409,WI04401,0,195000,19500,0,100000,0,314500,0,0,0,0,0,0,0,0,0,0,0,0,0,0,0,0,0,0,0,0,0,0,0,0,0,0,0,0,2383671,0,0,0,0,0,0,0,35755065,238,0,3576,0,59592,0,0,0,0,0,0,0,0,0,0,0,0,0,0,0,0,0,0,0,536326,0,0,0,0,30,0,703182941,30,166856969,0,0,0,0,3086854,0,30499070,0,0,0,0,0,0,1,1.19183549339627
Minocqua Police Department,2019-12-01,Wisconsin,4409,WI04401,0,2,0,0,0,10000,10002,0,0,0,0,0,23,0,0,0,0,23,0,0,0,0,350000,0,0,0,20000,0,0,0,0,0,0,0,0,0,0,0,0,0,0,0,0,0,48150154,12,0,0,304,1072651944,0,0,0,0,0,2,0,14,0,0,0,0,0,11918,0,0,0,119184,0,0,0,0,0,0,11918356,0,358,0,0,0,0,35755,0,0,0,0,0,0,0,0,0,1,1.19183549339627
Minocqua Police Department,2020-01-01,Wisconsin,4422,WI04401,0,0,0,0,0,0,0,0,0,0,0,0,0,0,0,0,0,0,0,0,2,2,0,0,0,0,0,0,0,1,1,0,0,0,8980,0,0,0,0,0,0,0,0,0,0,0,0,0,0,0,0,0,0,0,0,0,0,0,0,0,0,0,1057,0,0,0,0,9,918303635,0,0,7,0,0,1153766105,0,0,0,0,0,0,0,235462470,0,0,0,0,212,0,2,0,1,1.17731235192711
Minocqua Police Department,2020-02-01,Wisconsin,4422,WI04401,0,0,67,0,8000000,0,8000067,89800,0,0,0,0,0,400000,0,0,0,400000,0,0,0,0,0,0,0,0,0,0,0,0,0,10,10,0,0,0,0,79822,11773124,0,0,0,0,0,0,0,79,0,0,0,0,941849882,0,0,0,0,0,0,23546249,235,0,0,70639,0,0,0,0,47092494,0,0,0,0,0,0,0,0,0,0,0,0,0,0,0,0,0,0,0,0,0,0,0,1,1.17731235192711
Minocqua Police Department,2020-03-01,Wisconsin,4422,WI04401,27,0,0,8400000,0,11,8400038,0,0,0,0,0,0,0,0,0,0,0,0,0,0,0,4,4000000,0,0,2,0,0,0,0,0,0,0,0,0,1313881,0,0,0,0,0,0,0,0,0,0,0,0,0,0,13315,0,0,0,0,0,0,0,41205932,470924941,0,1360,0,5,470924941,0,0,0,0,0,0,0,0,0,0,0,0,0,0,0,0,0,0,0,0,117731,0,0,0,0,1,1.17731235192711
Minocqua Police Department,2020-04-01,Wisconsin,4422,WI04401,0,0,0,0,10000,0,10000,0,0,0,30000,0,0,0,0,10000,10000,50000,40000,0,0,40000,0,0,0,0,0,0,0,0,0,0,0,67,0,0,0,0,0,0,0,0,0,0,0,0,0,0,0,0,0,0,0,0,0,0,377,313165,0,0,0,0,738174845,0,48269806,738,0,0,6,0,0,0,0,706387411,0,0,0,0,0,0,0,0,0,0,72,0,0,0,0,117731235,0,1,1.17731235192711
Minocqua Police Department,2020-05-01,Wisconsin,4422,WI04401,0,7000000,0,0,0,0,7000000,0,0,0,370,0,0,0,9600,0,0,9970,0,0,0,0,0,0,670000,0,0,0,0,0,0,0,0,0,0,0,0,0,0,0,0,0,0,0,0,0,0,11773124,0,7888,0,0,0,0,1,0,11773,0,0,0,0,0,0,1177,0,0,0,0,0,0,0,0,0,0,0,0,0,0,0,0,0,0,0,0,0,0,0,0,0,0,0,1,1.17731235192711
Minocqua Police Department,2020-06-01,Wisconsin,4422,WI04401,0,0,0,0,0,171000,171000,0,171000,0,0,0,1710,0,0,17,0,1727,0,0,0,0,0,0,0,0,0,0,0,0,0,0,0,0,0,0,0,0,0,0,20,117731235,117731235,0,0,0,0,0,0,0,0,0,0,0,0,0,20,0,0,0,0,0,0,0,0,0,0,0,0,201,117731,0,0,0,0,0,0,201,0,0,353194,0,0,1177,0,11773125,118,589,0,0,0,1,1.17731235192711
Minocqua Police Department,2020-07-01,Wisconsin,4422,WI04401,0,0,0,0,0,0,0,0,0,30,20,0,0,0,0,0,0,20,0,0,0,0,0,0,0,0,0,0,0,0,0,0,0,0,46,588656176,8772,0,70639,0,23546247,8866,0,0,4121,0,0,0,0,0,0,0,4,13,0,0,36496683,0,0,0,0,0,0,0,2,1025439059,0,0,0,706387411,0,0,0,0,0,0,0,0,70639,0,0,0,23546247,0,0,12892748,0,13,0,0,36496683,1,1.17731235192711
Minocqua Police Department,2020-08-01,Wisconsin,4422,WI04401,0,0,0,0,0,0,0,45,0,0,0,0,0,0,0,0,0,0,0,0,0,0,0,0,0,0,0,1000000,4,5100010,0,0,0,0,0,0,23546,0,0,2355,0,0,0,0,0,0,0,0,0,0,0,0,2,0,0,0,0,0,0,0,0,0,0,0,0,0,0,0,0,0,0,0,0,0,0,0,0,0,0,0,0,0,1,824118646,0,0,2001,2001431,0,0,0,1,1.17731235192711
Minocqua Police Department,2020-09-01,Wisconsin,4422,WI04401,0,0,0,0,0,0,0,0,0,0,0,0,0,0,170,0,0,170,0,0,0,0,0,0,0,0,0,0,0,0,0,100,0,100,0,9536230,20,0,0,0,0,0,0,0,0,1059581117,0,0,0,0,0,9,0,0,0,0,0,0,1059581117,0,9536230,9,0,0,0,0,20,0,0,0,0,0,0,0,0,0,0,0,235462,11773,0,2,0,1,471,11773,0,0,24,0,0,1,1.17731235192711
Minocqua Police Department,2020-10-01,Wisconsin,4422,WI04401,0,0,0,0,0,0,0,0,0,0,0,0,0,0,0,0,0,0,0,0,0,0,0,0,0,0,0,0,0,0,0,15,0,0,0,61,1081950051,0,0,0,0,22368935,0,0,0,3437,0,0,3414,0,0,22368935,29432809,0,0,0,0,2402,0,0,0,1012488623,0,0,0,0,0,0,0,29433,0,0,0,0,0,0,0,0,0,1129042545,0,3466008,0,0,32,0,0,0,0,0,0,1,1.17731235192711
Minocqua Police Department,2020-11-01,Wisconsin,4422,WI04401,0,0,0,0,0,0,0,0,0,0,0,0,0,0,0,0,0,0,0,0,0,0,0,0,0,0,0,0,0,0,0,0,0,0,0,0,0,0,0,0,0,0,0,0,0,0,0,0,0,0,0,0,0,0,0,0,0,0,0,0,0,0,0,0,0,0,0,0,0,0,0,0,0,0,0,0,0,0,0,0,0,0,0,0,0,0,0,0,0,0,0,1,1.17731235192711
Minocqua Police Department,2020-12-01,Wisconsin,4422,WI04401,0,0,0,0,0,0,0,0,0,0,0,0,0,0,0,0,0,0,0,0,0,0,0,0,0,0,0,0,0,0,0,0,0,0,0,0,0,0,0,0,0,0,0,0,0,0,0,0,0,0,0,0,0,0,0,0,0,0,0,0,0,0,0,0,0,0,0,0,0,0,0,0,0,0,0,0,0,0,0,0,0,0,0,0,0,0,0,0,0,0,0,1,1.17731235192711
Minocqua Police Department,2021-01-01,Wisconsin,4453,WI04401,0,0,0,0,0,0,0,0,0,0,0,0,0,0,0,0,0,0,0,0,1,1,0,0,0,0,0,0,0,1,0,0,0,0,4000,0,0,0,0,0,0,0,0,0,0,0,0,0,0,0,0,0,0,0,0,0,0,0,0,0,0,0,450,0,0,0,0,4,0,0,0,4,0,0,0,0,0,0,0,0,0,0,0,0,0,0,0,0,0,0,0,1,1.12448560525052
Minocqua Police Department,2021-02-01,Wisconsin,4453,WI04401,0,0,40,0,0,0,40,40000,0,0,0,0,0,0,0,0,0,0,0,0,0,0,0,0,0,0,0,0,0,0,0,0,0,0,0,0,0,44979,11244856,0,0,0,0,0,0,0,45,0,0,0,0,0,0,0,0,0,0,0,1,0,0,0,11245,0,0,0,112448561,0,0,0,0,0,0,0,0,0,0,0,0,0,0,0,0,0,0,0,0,0,0,0,0,1,1.12448560525052
Minocqua Police Department,2021-03-01,Wisconsin,4453,WI04401,19,0,2000000,0,0,0,2000019,0,0,0,0,0,0,0,0,0,0,0,0,0,0,0,0,0,0,0,0,1920,0,0,0,0,0,0,0,0,21590,0,0,0,0,0,0,0,0,0,0,0,0,0,0,0,0,0,0,0,0,0,0,0,224897121,0,21,0,0,0,0,0,0,0,0,0,0,0,0,0,0,0,0,0,0,0,0,0,0,0,112449,0,0,0,0,1,1.12448560525052
Minocqua Police Department,2021-04-01,Wisconsin,4453,WI04401,0,0,0,10000,0,0,10000,0,0,0,10000,0,0,0,0,10000,0,20000,0,0,10000,10000,0,0,0,0,0,0,0,0,0,0,0,0,0,0,0,0,0,0,0,0,0,0,0,0,0,0,0,0,0,0,0,0,0,0,0,151806,0,0,0,0,168672841,0,16867284,169,0,0,0,169,0,0,0,0,0,0,0,1518,0,0,0,0,0,0,0,0,0,151805557,0,0,0,1,1.12448560525052
Minocqua Police Department,2021-05-01,Wisconsin,4453,WI04401,0,0,0,0,0,0,0,0,0,15000,0,0,0,0,0,0,0,0,0,0,0,0,0,0,0,0,0,0,0,0,0,0,0,0,0,0,0,0,0,0,11,0,0,0,0,0,0,11244856,0,0,0,0,0,0,0,112449,0,0,0,0,0,0,0,0,0,0,0,0,0,0,0,0,0,0,0,0,0,0,0,0,0,0,179917697,0,0,12549259,0,0,0,12,0,1,1.12448560525052
Minocqua Police Department,2021-06-01,Wisconsin,4453,WI04401,0,0,0,0,0,0,0,0,0,0,0,0,0,0,0,111,0,111,0,0,0,0,0,0,0,0,0,0,0,0,0,0,0,0,0,0,0,0,0,0,0,0,674691363,0,0,0,0,0,0,0,0,0,0,125492594,0,0,125,0,0,0,0,0,0,0,0,0,0,0,0,0,112449,11244856,0,0,0,0,0,0,0,0,112449,0,0,0,0,1,0,225,0,0,0,1,1.12448560525052
Minocqua Police Department,2021-07-01,Wisconsin,4453,WI04401,0,0,0,0,0,0,0,0,0,10,0,0,0,0,0,0,0,0,0,0,0,0,0,0,0,0,0,0,0,0,0,0,0,0,0,0,405,0,0,0,13493827,418,405,0,0,0,0,0,0,0,0,0,0,0,0,0,418308645,0,0,0,0,0,0,0,0,13493827,0,0,0,0,0,0,0,0,0,0,0,0,0,0,0,0,0,0,0,404815,0,0,13494,0,418308645,1,1.12448560525052
Minocqua Police Department,2021-08-01,Wisconsin,4453,WI04401,0,0,0,0,0,0,0,0,0,0,0,0,0,0,0,0,0,0,0,0,0,0,10,0,0,0,0,0,0,10,0,0,0,0,0,112,11245,0,0,0,112449,0,0,0,0,0,0,0,0,0,0,0,0,0,0,0,0,0,0,0,0,0,0,0,0,0,0,0,0,0,0,0,0,0,0,0,0,0,0,0,0,0,0,449794242,0,0,0,449794,0,449794,0,1,1.12448560525052
Minocqua Police Department,2021-09-01,Wisconsin,4453,WI04401,0,0,0,0,0,0,0,0,0,0,0,4,0,0,0,0,0,4,0,0,0,0,0,4000000,0,0,0,0,0,0,0,100,0,0,0,0,4,0,0,0,0,0,0,0,0,0,0,0,0,0,0,0,0,0,0,0,0,0,0,0,0,0,0,0,0,0,0,0,0,0,0,0,0,0,0,0,0,0,112449,0,0,1,0,0,225,11245,0,0,11,0,0,1,1.12448560525052
Minocqua Police Department,2021-10-01,Wisconsin,4453,WI04401,0,0,0,0,0,0,0,0,0,0,0,0,0,0,0,0,0,0,0,0,0,0,0,0,0,0,0,0,0,0,0,0,0,34,4000000,0,387947534,0,0,0,0,386823048,0,0,0,388,0,0,387,0,0,1124486,0,0,0,0,0,0,0,0,0,1124486,0,0,0,0,0,0,0,0,0,0,0,0,0,0,0,0,0,387947534,0,1124,0,0,0,0,0,0,0,0,0,1,1.12448560525052
Minocqua Police Department,2021-11-01,Wisconsin,4453,WI04401,0,0,0,0,100000,0,100000,0,0,0,0,0,0,0,0,0,0,0,0,0,0,0,0,0,0,0,0,0,0,0,0,0,0,0,0,0,0,0,0,0,0,0,0,1,0,0,0,0,11245,0,112,0,0,0,0,0,0,0,0,0,0,0,0,0,0,0,0,0,0,0,562,0,0,0,0,562242803,0,0,0,0,0,0,0,0,562243,0,0,0,0,0,0,1,1.12448560525052
Minocqua Police Department,2021-12-01,Wisconsin,4453,WI04401,0,0,0,0,0,5000,5000,0,50,0,0,0,0,0,0,0,0,0,0,0,0,0,0,0,0,0,0,0,0,0,0,0,0,0,0,0,0,0,0,0,0,0,0,0,0,0,0,0,6,0,0,0,0,0,0,0,0,0,0,0,0,0,0,11245,0,0,0,112449,1124,0,0,11,0,0,1,0,225,0,0,0,0,0,0,0,0,0,0,0,0,0,0,1,1.12448560525052
Minocqua Police Department,2022-01-01,Wisconsin,5186,WI04401,0,0,0,0,0,0,0,0,0,0,0,0,0,0,0,0,0,0,1,0,1,2,0,0,0,0,0,0,0,1,1,0,1000,0,54030,0,0,0,0,0,0,0,0,0,0,0,0,0,0,0,0,0,0,0,0,0,0,0,0,0,0,0,5615,0,0,0,0,56,104116338,0,0,0,0,0,31234902,0,0,0,0,0,0,0,968281947,0,0,0,0,0,0,55,0,1,1.04116338383745
Minocqua Police Department,2022-02-01,Wisconsin,5186,WI04401,0,0,1,0,0,0,1,540300,0,0,0,0,0,0,0,0,0,0,5393000,0,0,5393000,0,0,0,0,0,0,0,0,0,0,0,0,0,0,0,0,0,0,0,0,0,0,0,0,0,0,0,0,0,0,0,0,0,0,0,0,0,0,0,0,0,0,0,0,0,0,0,0,0,0,0,0,0,0,0,0,0,0,0,0,0,0,0,0,0,0,0,0,0,1,1.04116338383745
Minocqua Police Department,2022-03-01,Wisconsin,5186,WI04401,0,0,0,0,0,0,0,0,0,0,0,0,0,0,0,0,0,0,0,0,0,0,0,0,0,0,0,0,0,0,0,0,0,0,0,0,0,0,0,0,0,0,0,0,0,0,0,0,0,0,0,0,0,0,0,0,0,0,0,0,0,0,0,0,0,0,0,0,0,0,0,0,0,0,0,0,0,0,0,0,0,0,0,0,0,0,104116,0,0,0,0,1,1.04116338383745
Minocqua Police Department,2022-04-01,Wisconsin,5186,WI04401,0,0,0,0,40000,0,40000,0,0,0,0,0,0,0,0,20000,20000,40000,0,0,0,0,0,0,0,0,0,0,0,0,0,0,0,645,0,0,0,0,0,0,0,0,0,0,0,0,0,0,0,0,0,0,0,0,0,0,625,0,0,0,0,0,671550383,0,46852352,672,0,0,0,0,0,0,0,0,0,0,0,0,0,0,0,0,0,0,0,0,0,0,0,0,0,1,1.04116338383745
Minocqua Police Department,2022-05-01,Wisconsin,5186,WI04401,0,5000000,0,0,0,0,5000000,0,0,600000,0,0,0,0,4500,0,0,4500,0,0,0,0,0,0,0,0,0,0,0,0,0,0,0,0,0,0,0,0,0,0,0,0,0,0,0,0,0,10411634,0,0,0,0,0,312,10411637,0,72881,0,0,0,0,0,0,7288,0,0,0,0,0,0,0,0,0,0,0,0,0,0,0,0,0,0,0,0,0,0,0,3,0,0,104116338,1,1.04116338383745
Minocqua Police Department,2022-06-01,Wisconsin,5186,WI04401,0,0,0,0,0,711000,711000,0,304000,0,0,0,7110,9700,0,71,0,16881,0,0,0,0,0,0,0,0,0,0,0,0,0,0,0,31,0,2,520581692,0,0,32276065,7,208232677,104116338,0,0,0,25,0,0,0,0,937047045,0,5726399,0,0,74,0,0,0,2,0,0,0,0,0,520581692,0,0,37,104116,0,0,0,0,0,57263986,444,0,0,208233,0,0,0,0,1,0,312,0,0,0,1,1.04116338383745
Minocqua Police Department,2022-07-01,Wisconsin,5186,WI04401,0,0,0,0,0,0,0,0,0,10,10,10,0,0,0,0,0,20,0,0,0,0,0,0,0,0,0,0,0,0,0,0,0,0,38,0,7635,0,0,0,15617451,7650,0,0,0,0,0,0,0,0,0,0,0,7,0,0,362324858,0,0,0,0,0,0,0,0,15617451,3675,0,0,31234902,0,0,0,0,0,0,0,0,0,0,0,3,15617451,0,836054197,3644072,0,7,31235,0,362324858,1,1.04116338383745
Minocqua Police Department,2022-08-01,Wisconsin,5186,WI04401,0,0,0,0,0,3000,3000,350,0,0,0,0,0,0,0,0,0,0,0,0,150,150,10,0,0,0,0,0,35,4500010,0,0,0,0,0,208,93705,0,0,4165,208233,0,0,0,0,0,0,0,0,0,208233,208232677,31234906,2082327,0,104,0,0,0,0,0,0,0,0,0,0,0,0,0,0,0,84854816,0,0,0,0,0,0,0,312349015,0,84854816,77,135351240,72,0,4269,162036257,0,760049,0,1,1.04116338383745
Minocqua Police Department,2022-09-01,Wisconsin,5186,WI04401,0,0,6100000,0,0,0,6100000,0,0,0,0,20,0,0,283,0,0,303,0,0,0,0,1,0,0,0,8,580,0,0,0,5000100,0,100,0,698100049,1620,312349015,0,0,0,0,0,15617451,0,832930707,0,0,0,0,0,2,0,0,0,0,5205817,0,0,0,35920137,0,0,0,0,0,41,0,0,0,0,0,0,0,0,0,0,0,104116,0,0,0,0,0,104,0,0,0,10,0,0,1,1.04116338383745
Minocqua Police Department,2022-10-01,Wisconsin,5186,WI04401,0,0,0,0,0,0,0,0,0,0,0,0,0,0,0,0,0,0,0,0,0,0,0,0,0,0,0,0,0,0,0,0,0,0,0,0,448741418,0,0,0,0,448741418,0,0,0,449,0,0,449,0,0,0,0,0,0,0,0,0,0,0,0,0,0,0,0,0,0,0,0,0,0,448741,0,0,0,0,0,0,0,448741418,0,0,0,0,0,0,0,0,0,0,0,1,1.04116338383745
Minocqua Police Department,2022-11-01,Wisconsin,5186,WI04401,0,2100000,253100,0,100000,0,2453100,0,0,0,0,0,1000000,0,43,0,0,1000043,0,0,0,0,0,0,0,100000,0,0,0,0,100000,0,0,0,0,0,0,0,0,0,0,0,0,2,0,0,1041,0,20823,0,0,104116,0,0,0,0,0,0,0,0,853753975,0,0,0,0,0,0,0,0,0,1770,0,0,1,8537540,728814369,0,0,0,0,104116338,0,624698,1,10307517,0,0,0,0,0,0,1,1.04116338383745
Minocqua Police Department,2022-12-01,Wisconsin,5186,WI04401,350000,0,0,0,0,0,350000,0,0,0,0,0,0,0,0,0,0,0,0,0,0,0,6000000,0,0,0,60000,0,0,0,0,0,0,0,0,0,0,0,0,0,0,0,0,0,30714320,0,0,0,103,0,0,0,0,0,0,0,0,0,0,0,0,0,0,10412,0,0,0,208233,1041,0,0,10,0,0,20823268,0,416,0,0,0,0,20823,0,0,0,0,0,0,0,0,0,1,1.04116338383745
Minocqua Police Department,2023-01-01,Wisconsin,5146,WI04401,0,0,0,0,0,0,0,0,0,0,0,0,0,0,0,0,0,0,0,0,0,0,0,0,0,0,0,0,0,0,0,0,0,0,0,0,0,0,0,0,0,0,0,0,0,0,0,0,0,0,0,0,0,0,0,0,0,0,0,0,0,0,0,0,0,0,0,0,0,0,0,0,0,0,0,0,0,0,0,0,0,0,0,0,0,0,0,0,0,0,0,1,1
Minocqua Police Department,2023-02-01,Wisconsin,5146,WI04401,0,0,0,0,0,0,0,0,0,0,0,0,0,0,0,0,0,0,0,0,0,0,0,0,0,0,0,0,0,0,0,30,0,0,0,0,0,0,10000000,0,0,0,0,0,0,0,0,0,0,0,0,0,0,0,0,0,0,0,2,100,0,0,30000,0,0,0,0,0,0,0,0,0,0,0,0,0,0,0,0,0,0,0,0,0,0,0,0,0,0,0,0,1,1
Minocqua Police Department,2023-03-01,Wisconsin,5146,WI04401,36,0,3000000,4000000,0,0,7000036,0,0,0,0,0,0,0,0,0,0,0,0,0,0,0,40,3000000,0,0,0,0,0,0,0,0,0,0,0,0,0,0,0,0,0,0,0,0,0,0,0,0,0,0,0,0,0,0,0,0,0,0,0,4000000,300000000,0,40,19600000,16,700000000,0,0,0,0,0,0,0,0,0,0,0,0,0,0,0,0,0,0,0,0,100000,0,0,0,0,1,1
Minocqua Police Department,2023-04-01,Wisconsin,5146,WI04401,0,0,0,20000,70000,0,90000,0,0,0,40000,0,0,0,0,20000,50000,110000,20000,0,0,20000,0,0,0,0,0,0,0,0,0,0,0,1103,0,0,0,0,0,0,0,0,0,0,0,0,0,0,0,0,0,0,0,0,0,0,9850,310000,0,10,0,0,219000000,0,59000000,10219,0,0,81,10000,0,0,0,160000000,0,0,0,0,0,0,0,0,0,0,8080,0,0,0,0,344000000,0,1,1
Minocqua Police Department,2023-05-01,Wisconsin,5146,WI04401,0,9000000,0,0,0,0,9000000,0,0,0,1162,0,0,0,63300,0,0,64462,0,0,0,0,0,0,0,0,0,0,0,0,0,0,0,0,0,0,0,0,0,0,0,0,1000000,0,0,0,0,10000000,0,5900,0,0,0,100,20000001,0,40000,0,0,1000000,0,0,0,2000,0,10000000,0,0,0,0,0,0,0,0,0,0,0,0,0,0,0,0,0,0,0,0,0,8,0,0,220000000,1,1
Minocqua Police Department,2023-06-01,Wisconsin,5146,WI04401,0,0,0,0,0,181000,181000,0,161000,0,0,0,10030,2000,0,2500,12000,26530,4000,0,0,4000,0,0,0,0,4220000,0,0,0,0,0,0,0,0,0,0,0,0,30500000,0,0,300000000,0,0,1200000,0,0,0,0,0,0,0,69800000,0,0,1300,0,0,0,0,0,0,0,0,0,0,0,0,0,100000,0,0,0,0,0,0,0,0,0,0,0,0,0,0,10000001,0,200,0,0,0,1,1
Minocqua Police Department,2023-07-01,Wisconsin,5146,WI04401,0,0,0,0,0,0,0,0,0,10,10,0,0,0,0,0,0,10,0,0,0,0,0,0,0,0,0,0,0,0,0,0,0,0,1,0,0,0,100000,0,27000000,127,0,0,0,0,0,0,0,0,0,0,0,0,0,0,127000000,0,0,0,0,0,0,0,0,27000000,0,0,0,0,0,0,0,0,0,0,0,0,0,0,0,0,27000000,0,0,100000,0,0,0,0,127000000,1,1
Minocqua Police Department,2023-08-01,Wisconsin,5146,WI04401,0,0,0,0,0,0,0,10,0,0,0,0,0,0,0,0,0,0,0,0,0,0,10,0,0,0,0,0,1,10,0,0,0,0,0,0,30000,1000000,0,0,0,0,0,0,0,0,0,0,0,0,100000,10,10000002,3000000,0,0,0,0,0,0,0,0,0,0,0,0,0,0,0,0,0,0,0,100000000,0,0,0,0,0,0,120000,100000,8,990000000,7,0,1990,249090000,0,0,0,1,1
Minocqua Police Department,2023-09-01,Wisconsin,5146,WI04401,0,0,0,0,0,0,0,0,0,0,0,0,0,0,0,0,0,0,0,0,0,0,0,0,0,0,12,100,0,0,0,100,0,100,0,79900000,1290,900000000,0,0,0,0,0,0,0,0,0,0,0,0,0,1,0,0,0,0,0,0,0,0,0,0,0,0,0,0,0,0,0,0,300,0,0,0,0,3000,0,0,400000,0,0,1,0,1,500,20000,0,0,10,1000,0,1,1
Minocqua Police Department,2023-10-01,Wisconsin,5146,WI04401,0,0,0,0,0,0,0,2500,0,0,0,0,0,0,0,0,0,0,0,0,0,0,0,0,0,0,0,0,0,0,0,0,0,0,0,13,656000000,0,0,0,0,36000000,0,2,500000000,11156,0,0,11120,0,0,36000000,0,0,0,420,0,10000,0,0,1000,700000000,0,0,0,0,0,0,0,0,0,436000,0,420000000,0,0,0,0,0,656000000,0,2800000,0,0,13,0,0,0,0,0,0,1,1
Minocqua Police Department,2023-11-01,Wisconsin,5146,WI04401,0,0,0,0,100000,0,100000,0,0,0,0,0,0,0,0,0,0,0,0,0,0,0,0,0,0,0,0,0,0,0,0,0,0,0,0,0,0,0,0,0,0,0,0,20000000,100,0,2000,0,30000,1000000,0,100000,0,0,0,0,0,0,0,0,0,0,0,0,0,0,0,0,250000,0,0,0,0,19,0,400000000,19,150000000,244560,0,0,0,5400000,14,508520000,0,0,0,0,0,0,1,1
Minocqua Police Department,2023-12-01,Wisconsin,5146,WI04401,0,0,0,0,0,0,0,0,0,0,0,0,0,0,0,0,0,0,0,0,244500,244500,5150000,0,0,0,6000,0,0,0,0,0,0,0,0,0,0,0,0,0,0,0,2500000,0,142500000,0,0,0,2639,600000000,0,0,2445000,0,0,0,0,2447,0,0,0,0,0,500010000,0,0,0,100000,0,0,0,30,0,0,10000001,0,300,0,0,0,0,0,0,0,0,0,0,0,0,0,0,1,1
Minocqua Police Department,2000-01-01,Wisconsin,4859,WI04401,1,0,0,0,0,0,1,0,0,0,0,0,0,0,0,0,0,0,7,1,4,12,0,0,0,1,0,0,0,0,11,0,0,0,0,0,62,0,0,0,0,62,0,0,0,0,0,0,0,0,0,0,0,57,88,7529,7674,7736,0,0,0,3274,0,0,0,0,4401,265,28,0,0,0,0,0,885,5717,0,840,7736,0,0,0,0,0,0,0,0,88,0,0,88,1,1.76946331784747
Minocqua Police Department,2000-02-01,Wisconsin,4859,WI04401,1,1,0,0,1,0,3,1,0,0,0,0,0,0,0,0,0,0,5,0,5,10,0,0,0,2,0,0,0,0,8,2,1,3,0,3512,442,0,242728,0,0,246683,8847,0,0,0,0,0,0,0,0,0,0,96,0,5822,5917,261447,0,0,0,2654,0,0,0,0,3263,956,5,460,80,442,0,0,249494,9435,0,575,261447,0,0,0,0,0,0,0,249494,2265,0,0,251759,1,1.76946331784747
Minocqua Police Department,2000-03-01,Wisconsin,4859,WI04401,0,0,0,1,0,0,1,0,0,0,0,0,0,0,0,0,0,0,3,1,4,8,1,0,0,2,0,0,0,0,5,0,0,0,0,0,0,0,0,0,0,0,0,0,0,0,0,0,0,0,0,0,0,96,88,4569,4753,4753,1039,0,0,2911,0,0,0,0,803,0,0,646,0,0,0,0,0,4036,0,71,4753,0,0,0,0,0,0,0,0,113,0,0,113,1,1.76946331784747
Minocqua Police Department,2000-04-01,Wisconsin,4859,WI04401,0,0,0,0,0,0,0,1,0,0,0,0,0,0,0,0,0,0,14,2,8,24,1,0,0,6,0,0,0,0,17,0,2,2,0,0,0,0,0,0,0,0,3539,0,0,0,0,0,0,0,0,0,0,237,446,7303,7986,11525,708,0,0,1269,0,0,0,0,6009,531,87,747,0,0,1929,0,3539,4516,177,0,11525,0,0,0,0,0,0,0,3539,1389,0,0,4928,1,1.76946331784747
Minocqua Police Department,2000-05-01,Wisconsin,4859,WI04401,0,0,0,1,0,0,1,0,0,0,0,0,0,0,0,0,0,0,8,2,3,13,0,0,3,0,1,0,0,0,9,0,0,0,0,0,0,0,0,58,0,58,0,0,0,0,0,0,0,0,0,0,0,165,313,8191,8669,8727,0,0,103,0,5537,0,0,0,3029,0,126,67,0,0,0,0,0,8534,0,0,8727,0,0,0,0,0,0,0,0,0,0,0,0,1,1.76946331784747
Minocqua Police Department,2000-06-01,Wisconsin,4859,WI04401,1,1,0,0,0,2,4,0,0,0,0,0,0,0,0,0,0,0,8,3,6,17,0,0,1,3,0,0,0,0,13,1,0,1,0,0,0,0,0,0,4202,4202,0,0,0,0,0,0,0,0,0,0,0,168,619,7251,8039,12241,0,0,0,858,0,0,0,0,7180,88,177,4813,0,0,0,0,0,3093,3893,177,12241,0,0,0,0,0,0,0,0,62,0,0,62,1,1.76946331784747
Minocqua Police Department,2000-07-01,Wisconsin,4859,WI04401,0,0,0,0,1,0,1,1,0,0,0,0,0,0,0,0,0,0,14,8,8,30,1,1,0,5,0,0,0,0,23,0,0,0,0,0,0,0,5,0,0,5,8847,0,0,0,0,0,0,0,0,0,0,294,1131,14706,16130,24983,106,1094,0,3033,0,0,0,0,11898,0,67,159,0,0,85,0,8847,14311,0,1513,24983,0,0,46,0,0,0,0,0,0,0,0,46,1,1.76946331784747
Minocqua Police Department,2000-08-01,Wisconsin,4859,WI04401,0,0,0,0,0,0,0,0,0,0,0,0,0,0,0,0,0,0,9,2,9,20,1,0,0,2,1,0,0,0,16,3,0,3,0,0,0,0,0,0,0,0,0,0,0,0,0,0,0,0,0,0,0,221,327,13692,14241,14241,1769,0,0,1642,5308,0,0,0,5521,0,0,0,0,0,0,0,0,14241,0,0,14241,0,0,0,0,0,0,0,0,53,0,672,725,1,1.76946331784747
Minocqua Police Department,2000-09-01,Wisconsin,4859,WI04401,0,0,0,0,1,0,1,1,0,0,0,0,0,0,0,0,0,0,0,1,3,4,0,0,0,2,0,0,0,0,2,0,0,0,0,0,0,0,4218,0,0,4218,17164,0,0,0,0,0,0,0,0,0,0,0,265,2821,3086,24468,0,0,0,1900,0,0,0,0,1186,4218,0,531,0,0,0,0,17164,2555,0,0,24468,0,0,0,0,0,0,0,0,0,0,0,0,1,1.76946331784747
Minocqua Police Department,2000-10-01,Wisconsin,4859,WI04401,0,0,0,0,0,0,0,1,0,0,0,0,0,0,0,0,0,0,5,4,4,13,0,0,0,3,0,0,0,0,10,1,0,1,0,0,0,0,0,0,0,0,33797,0,0,0,0,0,0,0,0,0,0,0,584,11443,12027,45824,0,0,0,1366,0,0,0,0,10661,0,0,495,0,0,177,0,33797,11328,27,0,45824,0,0,0,0,0,0,0,33797,0,0,0,33797,1,1.76946331784747
Minocqua Police Department,2000-11-01,Wisconsin,4859,WI04401,1,1,0,0,0,0,2,1,0,0,0,0,0,0,0,0,0,0,4,3,0,7,0,0,0,1,1,0,0,0,5,2,0,2,0,0,239,0,0,0,0,239,17955,0,0,0,0,0,0,0,0,0,0,18,741,0,759,18953,0,0,0,211,265,0,0,0,283,0,0,18,0,0,319,0,15040,839,265,2472,18953,0,0,0,0,0,0,0,15040,0,0,646,15686,1,1.76946331784747
Minocqua Police Department,2000-12-01,Wisconsin,4859,WI04401,2,0,0,1,0,0,3,0,0,0,0,0,0,0,0,0,0,0,1,1,1,3,0,0,0,1,0,0,0,0,2,0,0,0,0,0,142,0,0,1062,0,1203,0,0,0,0,0,0,0,0,0,0,0,0,218,354,572,1775,0,0,0,218,0,0,0,0,354,0,0,0,0,0,0,0,0,1775,0,0,1775,0,0,0,0,0,0,0,0,0,0,0,0,1,1.76946331784747
Minocqua Police Department,2013-01-01,Wisconsin,4440,WI04401,0,0,0,0,0,0,0,0,0,0,0,0,0,0,0,0,0,0,1,0,2,3,0,0,0,0,0,0,0,0,3,0,0,0,0,0,0,0,0,0,0,0,0,0,0,0,0,0,0,0,0,0,0,26,0,2518,2544,2544,0,0,0,0,0,0,0,0,2544,1504,26,0,0,0,0,0,0,556,0,458,2544,0,0,0,0,0,0,0,0,0,0,0,0,1,1.30797303509051
Minocqua Police Department,2013-02-01,Wisconsin,4440,WI04401,0,0,0,0,0,0,0,0,0,1,0,0,0,0,0,0,0,0,1,2,2,5,0,0,0,0,0,0,0,0,5,0,0,0,0,0,0,0,0,0,0,0,0,0,0,0,0,0,0,0,0,0,0,52,356,613,1022,1022,0,0,0,0,0,0,0,0,1022,340,34,0,0,0,0,0,0,386,0,262,1022,0,0,0,0,0,0,0,0,52,0,262,314,1,1.30797303509051
Minocqua Police Department,2013-03-01,Wisconsin,4440,WI04401,0,0,0,0,0,0,0,0,0,0,0,0,0,0,0,0,0,0,0,0,1,1,0,0,0,0,0,0,0,0,1,0,0,0,0,0,0,0,0,0,0,0,0,0,0,0,0,0,0,0,0,0,0,0,0,2224,2224,2224,0,0,0,0,0,0,0,0,2224,0,0,0,0,0,0,0,0,2224,0,0,2224,0,0,0,0,0,0,0,0,0,0,0,0,1,1.30797303509051
Minocqua Police Department,2013-04-01,Wisconsin,4440,WI04401,0,0,0,0,0,0,0,0,0,0,0,0,0,0,0,0,0,0,2,3,1,6,0,0,0,1,0,0,0,2,3,0,0,0,0,0,0,0,0,0,0,0,0,0,0,0,0,0,0,0,0,0,0,72,275,392,739,739,0,0,0,392,0,0,0,72,275,234,8,0,392,0,0,0,0,0,105,0,739,64,8,0,0,0,0,0,0,0,0,0,72,1,1.30797303509051
Minocqua Police Department,2013-05-01,Wisconsin,4440,WI04401,0,0,0,0,0,0,0,0,0,0,0,0,0,0,0,0,0,0,0,0,0,0,0,0,0,0,0,0,0,0,0,0,0,0,0,0,0,0,0,0,0,0,0,0,0,0,0,0,0,0,0,0,0,0,0,0,0,0,0,0,0,0,0,0,0,0,0,0,0,0,0,0,0,0,0,0,0,0,0,0,0,0,0,0,0,0,0,0,0,0,0,1,1.30797303509051
Minocqua Police Department,2013-06-01,Wisconsin,4440,WI04401,0,1,0,0,0,0,1,0,0,0,0,0,0,0,0,0,0,0,2,1,1,4,1,0,0,0,0,0,0,0,3,0,0,0,0,2224,0,0,0,0,0,2224,0,0,0,0,0,0,0,0,0,0,0,27,69,2914,3011,5235,0,0,0,0,0,0,0,0,3011,0,69,0,0,0,0,0,0,5165,0,0,5235,0,0,0,0,0,0,0,0,0,0,0,0,1,1.30797303509051
Minocqua Police Department,2013-07-01,Wisconsin,4440,WI04401,0,0,0,0,0,0,0,0,0,0,0,0,0,0,0,0,0,0,2,4,2,8,0,0,0,1,0,0,0,3,4,0,0,0,0,0,0,0,0,0,0,0,0,0,0,0,0,0,0,0,0,0,0,97,472,3819,4388,4388,0,0,0,680,0,0,0,250,3458,450,170,0,0,0,0,0,0,1257,2093,419,4388,0,131,0,0,0,0,0,0,80,0,0,211,1,1.30797303509051
Minocqua Police Department,2013-08-01,Wisconsin,4440,WI04401,1,1,0,3,0,0,5,2,0,0,0,0,0,0,0,0,0,0,0,6,4,10,0,0,0,0,2,0,0,3,5,0,0,2,0,1308,654,0,0,7537,0,9499,9156,0,0,0,0,0,0,0,0,0,0,0,705,4807,5512,24166,0,0,0,0,3840,0,0,417,1254,268,2386,6634,0,1045,432,0,9156,2415,1471,360,24166,170,145,6372,0,654,392,0,9156,139,196,0,17225,1,1.30797303509051
Minocqua Police Department,2013-09-01,Wisconsin,4440,WI04401,0,0,0,0,0,0,0,0,0,0,0,0,0,0,0,0,0,0,2,0,3,5,0,0,0,0,1,0,0,3,1,0,0,0,0,0,0,0,0,0,0,0,0,0,0,0,0,0,0,0,0,0,0,26,0,5979,6005,6005,0,0,0,0,5134,0,0,854,17,0,302,0,0,5166,0,0,0,536,0,0,6005,0,285,0,0,30,0,0,0,530,0,0,845,1,1.30797303509051
Minocqua Police Department,2013-10-01,Wisconsin,4440,WI04401,0,0,0,0,0,0,0,0,0,0,0,0,0,0,0,0,0,0,4,4,4,12,2,0,0,0,0,1,0,6,3,0,0,0,0,0,0,0,0,0,0,0,0,0,0,0,0,0,0,0,0,0,0,123,585,2702,3410,3410,392,0,0,0,0,850,0,691,1477,0,179,0,0,0,0,0,0,2969,0,262,3410,0,0,0,0,0,0,0,0,1351,0,0,1351,1,1.30797303509051
Minocqua Police Department,2013-11-01,Wisconsin,4440,WI04401,0,0,0,0,0,0,0,2,0,0,0,0,0,0,0,0,0,0,1,4,2,7,0,0,0,0,0,0,0,5,2,0,0,2,0,0,0,0,0,0,0,0,43752,0,0,0,0,0,0,0,0,0,0,52,419,1309,1780,45532,0,0,0,0,0,0,0,657,1124,187,371,0,0,16,0,0,43163,1795,0,0,45532,44,371,0,0,16,0,0,43163,757,0,0,44352,1,1.30797303509051
Minocqua Police Department,2013-12-01,Wisconsin,4440,WI04401,0,0,0,0,0,0,0,0,0,0,0,0,0,0,0,0,0,0,1,0,2,3,0,0,0,0,0,0,0,3,0,0,0,0,0,0,0,0,0,0,0,0,0,0,0,0,0,0,0,0,0,0,0,13,0,4957,4970,4970,0,0,0,0,0,0,0,4970,0,0,13,0,0,0,0,0,0,4957,0,0,4970,0,0,0,0,0,0,0,0,4957,0,0,4957,1,1.30797303509051
Minocqua Police Department,2017-01-01,Wisconsin,4447,WI04401,0,0,0,0,0,0,0,0,0,0,0,0,0,0,0,0,0,0,2,3,5,10,0,0,0,0,0,0,1,8,1,0,0,0,0,0,0,0,0,0,0,0,0,0,0,0,0,0,0,0,0,0,0,61,449,2735,3244,3244,0,0,0,0,0,0,339,2532,373,37,34,0,0,185,0,0,0,2988,0,0,3244,37,34,0,0,185,0,0,0,1370,0,0,1626,1,1.24307319386626
Minocqua Police Department,2017-02-01,Wisconsin,4447,WI04401,0,0,0,0,0,0,0,0,0,0,0,0,0,0,0,0,0,0,0,2,4,6,0,0,0,0,0,0,0,5,1,0,0,0,0,0,0,0,0,0,0,0,0,0,0,0,0,0,0,0,0,0,0,0,301,4226,4527,4527,0,0,0,0,0,0,0,4129,398,0,0,398,0,288,0,0,0,612,3230,0,4527,0,0,0,0,0,0,0,0,91,0,0,91,1,1.24307319386626
Minocqua Police Department,2017-03-01,Wisconsin,4447,WI04401,0,0,0,0,0,0,0,0,0,0,0,0,0,0,0,0,0,0,1,0,2,3,0,0,0,0,0,0,0,1,2,0,0,0,0,0,0,0,0,0,0,0,0,0,0,0,0,0,0,0,0,0,0,25,0,1766,1791,1791,0,0,0,0,0,0,0,399,1392,0,25,0,0,0,0,0,0,1766,0,0,1791,0,0,0,0,0,0,0,0,0,0,0,0,1,1.24307319386626
Minocqua Police Department,2017-04-01,Wisconsin,4447,WI04401,0,0,0,0,0,0,0,1,0,0,0,0,0,0,0,0,0,0,0,1,1,2,0,0,0,0,0,0,0,1,1,0,0,1,0,0,0,0,0,0,0,0,6215,0,0,0,0,0,0,0,0,0,0,0,68,416,485,6700,0,0,0,0,0,0,0,68,416,0,0,0,0,311,0,0,6215,174,0,0,6700,0,0,0,0,0,0,0,6215,1367,0,0,7583,1,1.24307319386626
Minocqua Police Department,2017-05-01,Wisconsin,4447,WI04401,0,0,0,0,0,0,0,0,0,0,0,0,0,0,0,0,0,0,5,4,3,12,0,0,0,0,1,1,0,9,1,0,0,0,0,0,0,0,0,0,0,0,0,0,0,0,0,0,0,0,0,0,0,143,526,1645,2313,2313,0,0,0,0,29,237,0,1290,757,48,17,266,0,261,0,0,0,1720,0,0,2313,48,17,0,0,261,0,0,0,963,0,0,1290,1,1.24307319386626
Minocqua Police Department,2017-06-01,Wisconsin,4447,WI04401,0,0,0,0,0,0,0,0,0,0,0,0,0,0,0,0,0,0,7,6,5,18,1,0,0,0,1,1,0,10,5,0,0,0,0,0,0,0,0,0,0,0,0,0,0,0,0,0,0,0,0,0,0,154,577,4497,5228,5228,0,0,0,0,298,2051,0,1481,1398,101,66,329,0,1193,0,0,0,2252,0,1287,5228,101,66,0,0,1193,0,0,0,121,0,1256,2736,1,1.24307319386626
Minocqua Police Department,2017-07-01,Wisconsin,4447,WI04401,0,0,0,0,0,0,0,0,0,0,0,0,0,0,0,0,0,0,3,3,1,7,0,0,0,1,0,1,0,5,0,0,0,0,0,0,0,0,0,0,0,0,0,0,0,0,0,0,0,0,0,0,0,68,471,270,809,809,0,0,0,124,0,211,0,474,0,44,140,211,0,20,0,0,0,394,0,0,809,44,140,0,0,19,0,0,0,270,0,0,472,1,1.24307319386626
Minocqua Police Department,2017-08-01,Wisconsin,4447,WI04401,0,0,0,1,1,0,2,1,0,0,0,0,0,0,0,0,0,0,6,3,3,12,0,0,0,1,0,1,0,10,0,0,0,0,0,0,0,0,1126,3275,0,4402,13674,0,0,0,0,0,0,0,0,0,0,223,282,1526,2031,20107,0,0,0,994,0,249,0,788,0,0,0,4476,0,419,0,0,13674,1538,0,0,20107,0,0,0,0,135,0,0,0,295,0,0,430,1,1.24307319386626
Minocqua Police Department,2017-09-01,Wisconsin,4447,WI04401,0,0,0,0,0,0,0,0,0,0,0,0,0,0,0,0,0,0,1,3,3,7,0,0,0,0,0,0,0,6,1,0,0,0,0,0,0,0,0,0,0,0,0,0,0,0,0,0,0,0,0,0,0,10,374,2438,2822,2822,0,0,0,0,0,0,0,2200,622,153,0,0,0,2644,0,0,0,25,0,0,2822,153,0,0,0,1305,0,0,0,25,0,0,1483,1,1.24307319386626
Minocqua Police Department,2017-10-01,Wisconsin,4447,WI04401,0,0,0,0,0,0,0,0,0,0,0,0,0,0,0,0,0,0,1,3,1,5,0,0,0,0,0,0,0,5,0,0,0,0,0,0,0,0,0,0,0,0,0,0,0,0,0,0,0,0,0,0,0,25,594,377,996,996,0,0,0,0,0,0,0,996,0,377,190,0,0,0,0,0,0,429,0,0,996,377,190,0,0,0,0,0,0,235,0,0,802,1,1.24307319386626
Minocqua Police Department,2017-11-01,Wisconsin,4447,WI04401,0,0,0,0,0,0,0,0,0,0,0,0,0,0,0,0,0,0,0,0,0,0,0,0,0,0,0,0,0,0,0,0,0,0,0,0,0,0,0,0,0,0,0,0,0,0,0,0,0,0,0,0,0,0,0,0,0,0,0,0,0,0,0,0,0,0,0,0,0,0,0,0,0,0,0,0,0,0,0,0,0,0,0,0,0,0,0,0,0,0,0,1,1.24307319386626
Minocqua Police Department,2017-12-01,Wisconsin,4447,WI04401,0,0,0,0,0,0,0,0,0,0,0,0,0,0,0,0,0,0,0,0,0,0,0,0,0,0,0,0,0,0,0,0,0,0,0,0,0,0,0,0,0,0,0,0,0,0,0,0,0,0,0,0,0,0,0,0,0,0,0,0,0,0,0,0,0,0,0,0,0,0,0,0,0,0,0,0,0,0,0,0,0,0,0,0,0,0,0,0,0,0,0,1,1.24307319386626
Minocqua Police Department,2001-01-01,Wisconsin,4894,WI04401,0,0,0,0,0,0,0,2,0,0,0,0,0,0,0,0,0,0,5,0,3,8,1,0,0,0,0,0,0,0,7,0,0,0,0,0,0,0,0,0,0,0,14971,0,0,0,0,0,0,0,0,0,0,21,0,2094,2115,17086,602,0,0,0,0,0,0,0,1513,0,0,1062,0,0,430,0,14971,623,0,0,17086,0,0,0,0,0,0,0,0,21,0,0,21,1,1.7208297251506
Minocqua Police Department,2001-02-01,Wisconsin,4894,WI04401,0,0,0,0,0,0,0,0,0,0,0,0,0,0,0,1,0,1,2,1,3,6,0,0,0,1,0,0,0,0,5,0,2,2,0,0,0,0,0,0,0,0,0,0,0,0,0,0,0,0,0,0,0,91,138,6124,6353,6353,0,0,0,60,0,0,0,0,6293,946,138,31,0,0,5178,0,0,60,0,0,6353,0,0,31,0,0,0,0,14971,0,0,0,15002,1,1.7208297251506
Minocqua Police Department,2001-03-01,Wisconsin,4894,WI04401,0,0,0,0,0,0,0,0,0,0,0,0,0,0,0,0,0,0,6,6,1,13,0,0,0,4,0,0,0,0,9,0,2,2,0,0,0,0,0,0,0,0,0,0,0,0,0,0,0,0,0,0,0,95,969,1501,2564,2564,0,0,0,2091,0,0,0,0,473,0,0,353,0,0,0,0,0,1802,206,203,2564,0,0,0,0,0,0,0,0,0,0,0,0,1,1.7208297251506
Minocqua Police Department,2001-04-01,Wisconsin,4894,WI04401,0,1,0,1,0,0,2,0,0,0,0,0,0,0,0,0,0,0,10,8,5,23,1,0,0,2,15,1,0,0,4,0,1,1,0,4514,0,0,0,0,0,4514,0,0,0,0,0,0,0,0,0,0,0,373,1347,4216,5937,10451,60,0,0,103,3851,206,0,0,1716,1084,34,280,1566,232,602,0,2203,4340,0,108,10451,163,34,344,0,232,0,0,2203,1249,0,108,4335,1,1.7208297251506
Minocqua Police Department,2001-05-01,Wisconsin,4894,WI04401,0,0,0,0,0,0,0,1,0,0,0,0,0,0,0,0,0,0,7,4,3,14,0,0,0,0,2,0,0,0,12,1,0,1,0,0,0,0,0,0,0,0,37858,0,0,0,0,0,0,0,0,0,0,188,549,1721,2457,40316,0,0,0,0,138,0,0,0,2320,318,0,127,0,0,0,0,37858,1874,0,138,40316,0,0,0,0,0,0,0,37858,1549,0,0,39407,1,1.7208297251506
Minocqua Police Department,2001-06-01,Wisconsin,4894,WI04401,0,0,0,0,0,0,0,0,0,0,0,0,0,0,0,0,0,0,0,0,0,0,0,0,0,0,0,0,0,0,0,0,0,0,0,0,0,0,0,0,0,0,0,0,0,0,0,0,0,0,0,0,0,0,0,0,0,0,0,0,0,0,0,0,0,0,0,0,0,0,0,0,0,0,0,0,0,0,0,0,0,0,0,0,0,0,0,0,0,0,0,1,1.7208297251506
Minocqua Police Department,2001-07-01,Wisconsin,4894,WI04401,0,0,0,1,0,0,1,0,0,0,0,0,0,0,0,0,0,0,4,2,4,10,0,1,0,1,0,0,0,0,8,2,0,2,0,0,0,0,0,0,0,0,0,0,0,0,0,0,0,0,0,0,0,86,396,2201,2683,2683,0,609,0,112,0,0,0,0,1962,430,77,774,0,0,0,0,0,1401,0,0,2683,0,0,0,0,0,0,0,0,387,0,0,387,1,1.7208297251506
Minocqua Police Department,2001-08-01,Wisconsin,4894,WI04401,1,0,0,0,0,0,1,0,0,0,0,0,0,0,0,0,0,0,4,4,3,11,0,0,0,0,0,0,0,1,10,0,0,0,0,0,31682,0,0,0,0,31682,0,0,0,0,0,0,0,0,0,0,0,84,482,7417,7983,39665,0,0,0,0,0,0,0,24,7959,0,84,0,774,0,0,0,11872,26934,0,0,39665,0,24,0,0,0,0,0,0,1848,0,0,1872,1,1.7208297251506
Minocqua Police Department,2001-09-01,Wisconsin,4894,WI04401,2,0,0,0,1,0,3,3,0,0,0,0,0,0,0,0,0,0,5,6,3,14,0,0,0,0,1,0,0,0,13,3,0,3,0,0,17552,0,0,0,0,17552,90392,0,0,0,0,0,0,0,0,0,0,151,1010,8673,9835,117779,0,0,0,0,6797,0,0,0,3037,344,22,18310,0,0,43,0,89999,9009,0,52,117779,0,0,0,0,0,0,0,46289,14224,0,52,60565,1,1.7208297251506
Minocqua Police Department,2001-10-01,Wisconsin,4894,WI04401,0,0,0,1,0,0,1,0,0,0,0,0,0,0,0,0,0,0,9,14,8,31,1,0,0,2,2,0,0,0,26,0,0,0,0,0,0,0,0,305,0,305,0,0,0,0,0,0,0,0,0,0,0,291,2440,10716,13447,13751,2703,0,0,2452,3049,0,0,0,5242,138,291,891,0,0,792,0,0,9680,1685,275,13751,0,62,224,0,0,0,0,0,265,0,0,551,1,1.7208297251506
Minocqua Police Department,2001-11-01,Wisconsin,4894,WI04401,6,0,0,0,0,0,6,1,0,0,0,0,0,0,0,0,0,0,6,8,3,17,0,0,0,1,2,0,0,0,14,0,2,2,0,0,3163,0,0,0,0,3163,3442,0,0,0,0,0,0,0,0,0,0,200,1304,7895,9399,16004,0,0,0,1519,5119,0,0,0,2760,169,0,5575,946,0,163,0,3442,5536,172,0,16004,0,0,172,0,0,0,0,3442,2194,0,0,5808,1,1.7208297251506
Minocqua Police Department,2001-12-01,Wisconsin,4894,WI04401,2,0,0,0,0,0,2,0,0,0,0,0,0,0,0,0,0,0,0,1,2,3,0,0,0,0,1,0,0,0,2,0,0,0,0,0,172,0,0,0,0,172,0,0,0,0,0,0,0,0,0,0,0,0,275,7744,8019,8191,0,0,0,0,860,0,0,0,7159,0,0,585,0,0,0,0,0,7606,0,0,8191,0,0,0,0,0,0,0,0,0,0,0,0,1,1.7208297251506
Minocqua Police Department,2002-01-01,Wisconsin,4929,WI04401,0,0,0,1,0,0,1,0,0,0,0,0,0,0,0,0,0,0,0,1,4,5,0,0,0,0,1,0,0,0,4,0,0,0,0,0,0,0,0,610,0,610,0,0,0,0,0,0,0,0,0,0,0,0,203,4787,4990,5600,0,0,0,0,1398,0,0,0,3593,0,2007,432,0,0,0,0,0,3076,85,0,5600,0,0,0,0,0,0,0,0,857,169,0,1027,1,1.69396293722493
Minocqua Police Department,2002-02-01,Wisconsin,4929,WI04401,3,0,0,0,0,0,3,0,0,0,0,0,0,0,0,0,0,0,6,9,5,20,0,0,0,1,2,0,0,0,17,0,2,2,0,0,10850,0,0,0,0,10850,0,0,0,0,0,0,0,0,0,0,0,171,1916,123014,125101,135951,0,0,0,22496,1608,0,0,0,100997,949,0,98392,0,0,754,0,0,32536,1796,1525,135951,508,0,0,0,0,0,0,38961,413,0,0,39883,1,1.69396293722493
Minocqua Police Department,2002-03-01,Wisconsin,4929,WI04401,0,0,0,0,0,0,0,1,0,0,0,0,0,0,0,0,0,0,7,6,6,19,0,0,0,5,1,0,0,0,13,2,0,2,0,0,0,0,0,0,0,0,5929,0,0,0,0,0,0,0,0,0,0,195,944,5765,6903,12832,0,0,0,3462,1355,0,0,0,2085,2090,0,181,0,0,0,0,5929,3530,0,1101,12832,68,0,0,0,0,0,0,5929,213,102,0,6312,1,1.69396293722493
Minocqua Police Department,2002-04-01,Wisconsin,4929,WI04401,0,0,0,0,0,0,0,0,0,0,0,0,0,0,0,0,0,0,2,3,4,9,0,0,0,0,2,0,0,0,7,0,0,0,0,0,0,0,0,0,0,0,0,0,0,0,0,0,0,0,0,0,0,17,525,4179,4721,4721,0,0,0,0,1525,0,0,0,3197,407,0,1491,0,0,169,0,0,2654,0,0,4721,684,0,0,0,0,0,0,0,0,0,0,684,1,1.69396293722493
Minocqua Police Department,2002-05-01,Wisconsin,4929,WI04401,1,0,0,1,0,0,2,0,0,0,0,0,0,0,0,0,0,0,7,7,5,19,1,0,0,2,1,0,0,0,15,0,0,0,0,0,1863,0,0,593,0,2456,0,0,0,0,0,0,0,0,0,0,0,212,1093,2676,3981,6437,508,0,0,840,508,0,0,0,2124,559,17,2524,169,0,0,0,0,3168,0,0,6437,0,0,0,169,0,0,0,0,110,0,0,280,1,1.69396293722493
Minocqua Police Department,2002-06-01,Wisconsin,4929,WI04401,2,1,0,0,0,0,3,0,0,0,0,0,0,0,0,0,0,0,6,4,3,13,0,1,0,2,1,0,0,0,9,0,0,0,0,954,1965,0,0,0,0,2919,0,0,0,0,0,0,0,0,0,0,0,113,601,6606,7321,10240,0,0,0,456,3642,0,0,0,3224,415,220,5,0,0,0,0,0,6635,2541,423,10240,0,0,0,0,0,0,0,0,0,2541,0,2541,1,1.69396293722493
Minocqua Police Department,2002-07-01,Wisconsin,4929,WI04401,0,0,0,0,0,0,0,0,0,0,0,0,0,0,0,0,0,0,10,6,8,24,0,0,0,2,1,0,0,0,21,0,0,0,0,0,0,0,0,0,0,0,0,0,0,0,0,0,0,0,0,0,0,347,938,24086,25372,25372,0,0,0,1084,2199,0,0,0,22089,252,2251,18354,0,0,0,0,0,4277,0,237,25372,0,0,0,0,0,0,0,0,339,0,0,339,1,1.69396293722493
Minocqua Police Department,2002-08-01,Wisconsin,4929,WI04401,0,0,0,0,0,0,0,0,0,0,0,0,0,0,0,0,0,0,9,6,11,26,0,0,0,1,0,0,0,0,25,0,0,0,0,0,0,0,0,0,0,0,0,0,0,0,0,0,0,0,0,0,0,295,1331,35241,36867,36867,0,0,0,2541,0,0,0,0,34326,0,81,3369,0,0,508,0,0,29946,2541,422,36867,0,0,59,0,0,0,0,0,847,0,0,906,1,1.69396293722493
Minocqua Police Department,2002-09-01,Wisconsin,4929,WI04401,2,0,0,1,0,0,3,2,0,0,0,0,0,0,0,0,0,0,3,5,6,14,0,0,0,0,2,0,0,0,12,3,0,3,1,0,9656,0,0,32965,0,42620,8470,0,0,0,0,0,0,0,0,0,0,85,691,25564,26339,77429,0,0,0,0,1601,0,0,0,24739,0,0,2270,0,0,20004,0,8470,42451,4235,0,77429,0,0,0,0,0,0,0,3388,169,0,0,3557,1,1.69396293722493
Minocqua Police Department,2002-10-01,Wisconsin,4929,WI04401,1,0,0,0,0,0,1,0,0,0,0,0,0,0,0,0,0,0,4,4,3,11,0,0,0,1,0,0,0,0,10,0,0,0,0,0,745,0,0,0,0,745,0,0,0,0,0,0,0,0,0,0,0,176,662,11436,12274,13020,0,0,0,76,0,0,0,0,12198,58,0,102,745,0,0,0,0,12115,0,0,13020,0,0,0,0,0,0,0,0,169,0,0,169,1,1.69396293722493
Minocqua Police Department,2002-11-01,Wisconsin,4929,WI04401,0,0,0,2,0,0,2,0,0,0,0,0,0,0,0,0,0,0,5,3,3,11,0,0,0,0,0,0,0,0,11,0,0,0,0,0,0,0,0,2331,0,2331,0,0,0,0,0,0,0,0,0,0,0,112,551,1447,2109,4440,0,0,0,0,0,0,0,0,2109,0,339,3024,76,0,0,0,0,1001,0,0,4440,0,0,0,0,0,0,0,0,2372,0,0,2372,1,1.69396293722493
Minocqua Police Department,2002-12-01,Wisconsin,4929,WI04401,0,0,0,1,0,0,1,0,0,0,0,0,0,0,0,0,0,0,7,4,2,13,0,0,0,1,0,0,0,0,12,0,0,0,0,0,0,0,0,0,0,0,0,0,0,0,0,0,0,0,0,0,0,139,679,5963,6781,6781,0,0,0,5116,0,0,0,0,1665,42,0,129,0,0,847,0,0,5593,169,0,6781,0,0,0,0,0,0,0,0,0,0,0,0,1,1.69396293722493
Minocqua Police Department,2003-01-01,Wisconsin,4876,WI04401,2,1,0,0,0,0,3,1,0,0,0,0,0,0,0,0,0,0,1,4,2,7,0,0,0,1,0,0,0,0,6,0,1,1,0,2253,5978,0,0,0,0,8230,4141,0,0,0,0,0,0,0,0,0,0,50,381,1325,1756,14127,0,0,0,530,0,0,0,0,1226,189,0,2153,0,0,0,0,4141,3139,4141,364,14127,0,0,86,0,0,0,0,0,0,0,0,86,1,1.65636194790487
Minocqua Police Department,2003-02-01,Wisconsin,4876,WI04401,0,0,0,1,0,0,1,0,0,0,0,0,0,0,0,0,0,0,3,4,1,8,0,0,0,0,0,0,0,0,8,1,0,1,0,0,0,0,0,331,0,331,0,0,0,0,0,0,0,0,0,0,0,139,919,19176,20234,20565,0,0,0,0,0,0,0,0,20234,0,0,19424,0,0,0,0,0,1141,0,0,20565,139,0,0,0,0,0,0,4141,166,0,364,4810,1,1.65636194790487
Minocqua Police Department,2003-03-01,Wisconsin,4876,WI04401,0,0,3,0,0,0,3,0,0,0,0,0,0,0,0,0,0,0,3,2,2,7,0,0,0,0,3,0,0,0,4,0,0,0,0,0,0,4027,0,0,0,4027,0,0,0,0,0,0,0,0,0,0,0,0,313,1133,1446,5473,0,0,0,0,1133,0,0,0,313,0,1439,2937,0,0,0,0,0,494,215,388,5473,0,0,0,0,0,0,0,0,331,215,0,547,1,1.65636194790487
Minocqua Police Department,2003-04-01,Wisconsin,4876,WI04401,0,0,0,0,0,0,0,0,0,0,0,0,0,0,0,0,0,0,2,3,3,8,1,0,0,0,0,0,0,0,7,1,0,1,0,0,0,0,0,0,0,0,0,0,0,0,0,0,0,0,0,0,0,88,555,2774,3417,3417,166,0,0,0,0,0,0,0,3251,0,0,116,0,166,0,0,0,2870,265,0,3417,0,0,0,0,166,0,0,0,0,0,0,166,1,1.65636194790487
Minocqua Police Department,2003-05-01,Wisconsin,4876,WI04401,0,1,0,0,0,0,1,0,0,0,0,0,0,0,0,0,0,0,10,6,3,19,0,0,0,0,0,0,0,0,19,1,0,1,0,30,0,0,0,0,0,30,0,0,0,0,0,0,0,0,0,0,0,222,605,11843,12670,12699,0,0,0,0,0,0,0,0,12670,41,33,137,0,0,0,0,0,12487,0,0,12699,0,0,83,0,0,0,0,0,83,2350,0,2516,1,1.65636194790487
Minocqua Police Department,2003-06-01,Wisconsin,4876,WI04401,0,0,0,0,1,0,1,0,0,0,0,0,0,0,0,0,0,0,5,7,12,24,0,0,0,3,1,0,0,0,20,0,0,0,0,0,0,0,7288,0,0,7288,0,0,0,0,0,0,0,0,0,0,0,113,865,17556,18533,25821,0,0,0,2841,745,0,0,0,14947,0,0,8199,0,0,0,0,3313,14309,0,0,25821,0,0,0,0,0,0,0,0,10001,0,0,10001,1,1.65636194790487
Minocqua Police Department,2003-07-01,Wisconsin,4876,WI04401,0,0,0,0,0,0,0,0,0,0,0,0,0,0,0,0,0,0,0,1,0,1,0,0,0,0,0,0,0,0,1,0,0,0,0,0,0,0,0,0,0,0,0,0,0,0,0,0,0,0,0,0,0,0,159,0,159,159,0,0,0,0,0,0,0,0,159,0,0,0,0,0,0,0,0,159,0,0,159,0,0,0,0,0,0,0,0,0,0,0,0,1,1.65636194790487
Minocqua Police Department,2003-08-01,Wisconsin,4876,WI04401,1,0,0,0,0,0,1,0,0,0,0,0,0,0,0,0,0,0,6,10,11,27,0,0,0,2,1,0,0,0,24,0,0,0,0,0,0,0,0,0,0,0,0,0,0,0,0,0,0,0,0,0,0,101,1608,12544,14253,14253,0,0,0,290,528,0,0,0,13435,0,379,952,0,0,1656,0,0,11265,0,0,14253,0,0,0,0,0,0,0,0,1449,0,0,1449,1,1.65636194790487
Minocqua Police Department,2003-09-01,Wisconsin,4876,WI04401,0,0,0,0,0,0,0,1,0,0,0,0,0,0,0,0,0,0,4,6,6,16,1,0,0,0,1,0,0,0,14,1,0,1,0,0,0,0,0,0,0,0,9938,0,0,0,0,0,0,0,0,0,0,189,1222,18341,19752,29690,2375,0,0,0,7785,0,0,0,9592,0,66,10546,166,0,0,0,9938,8974,0,0,29690,0,0,0,0,0,0,0,9938,0,0,0,9938,1,1.65636194790487
Minocqua Police Department,2003-10-01,Wisconsin,4876,WI04401,0,0,0,0,0,0,0,0,0,0,0,0,0,0,0,0,0,0,0,0,0,0,0,0,0,0,0,0,0,0,0,0,0,0,0,0,0,0,0,0,0,0,0,0,0,0,0,0,0,0,0,0,0,0,0,0,0,0,0,0,0,0,0,0,0,0,0,0,0,0,0,0,0,0,0,0,0,0,0,0,0,0,0,0,0,0,0,0,0,0,0,1,1.65636194790487
Minocqua Police Department,2003-11-01,Wisconsin,4876,WI04401,1,1,0,0,0,0,2,0,0,0,0,0,0,0,0,0,0,0,6,1,4,11,0,0,0,0,1,0,0,0,10,0,0,0,0,373,0,0,0,0,0,373,0,0,0,0,0,0,0,0,0,0,0,33,166,5633,5832,6205,0,0,0,0,0,0,0,0,5832,0,0,830,0,41,0,0,0,5333,0,0,6205,0,0,830,0,0,0,0,0,0,0,0,830,1,1.65636194790487
Minocqua Police Department,2003-12-01,Wisconsin,4876,WI04401,1,0,0,0,4,0,5,0,0,0,0,0,0,0,0,0,0,0,3,0,3,6,0,0,0,2,1,0,0,0,3,0,0,0,0,0,828,0,146,0,0,974,0,0,0,0,0,0,0,0,0,0,0,134,0,3859,3993,4967,0,0,0,2534,66,0,0,0,1393,0,1443,894,0,0,0,0,0,2465,0,166,4967,0,0,0,0,0,0,0,0,15,0,0,15,1,1.65636194790487
Minocqua Police Department,2004-01-01,Wisconsin,4920,WI04401,0,0,0,1,1,0,2,0,0,0,0,0,0,0,0,0,0,0,2,3,2,7,0,0,0,0,4,0,0,0,3,1,0,1,0,0,0,0,0,48,0,48,0,0,0,0,0,0,0,0,0,0,0,79,436,19519,20034,20082,0,0,0,0,3825,0,0,0,16209,0,0,15935,0,3584,113,0,0,450,0,0,20082,0,0,0,0,0,97,0,0,208,0,800,1105,1,1.61317347569046
Minocqua Police Department,2004-02-01,Wisconsin,4920,WI04401,1,0,0,0,0,0,1,0,0,0,0,0,0,0,0,0,0,0,2,1,0,3,0,0,0,0,1,0,0,0,2,0,0,0,0,0,1968,0,0,0,0,1968,0,0,0,0,0,0,0,0,0,0,0,32,129,0,161,2129,0,0,0,0,0,0,0,0,161,0,32,0,0,0,0,0,0,2097,0,0,2129,0,0,0,0,0,0,0,0,0,0,0,0,1,1.61317347569046
Minocqua Police Department,2004-03-01,Wisconsin,4920,WI04401,0,0,0,0,0,0,0,0,0,0,0,0,0,0,0,0,0,0,1,0,1,2,0,0,0,0,1,0,0,0,1,0,1,1,0,0,0,0,0,0,0,0,0,0,0,0,0,0,0,0,0,0,0,65,0,510,574,574,0,0,0,0,65,0,0,0,510,65,0,510,0,0,0,0,0,0,0,0,574,0,0,0,0,0,0,0,0,129,0,0,129,1,1.61317347569046
Minocqua Police Department,2004-04-01,Wisconsin,4920,WI04401,1,0,0,3,0,0,4,0,0,0,0,0,0,0,0,0,0,0,2,3,1,6,0,0,0,0,4,0,0,0,2,0,0,0,0,0,218869,0,0,1129,0,219998,0,0,0,0,0,0,0,0,0,0,0,0,463,1049,1512,221510,0,0,0,0,463,0,0,0,1049,0,0,219042,0,0,129,0,1049,1291,0,0,221510,0,0,0,0,3584,129,0,0,0,0,0,3714,1,1.61317347569046
Minocqua Police Department,2004-05-01,Wisconsin,4920,WI04401,5,1,0,1,0,0,7,0,0,0,0,0,0,0,0,0,0,0,1,1,3,5,0,0,0,0,4,0,0,0,1,0,0,0,0,108,3121,0,0,0,0,3230,0,0,0,0,0,0,0,0,0,0,0,40,129,2344,2513,5743,0,0,0,0,2384,0,0,0,129,0,229,2581,0,0,0,0,0,2852,0,81,5743,65,0,0,0,0,0,0,0,58,0,0,123,1,1.61317347569046
Minocqua Police Department,2004-06-01,Wisconsin,4920,WI04401,0,0,0,0,0,0,0,0,0,0,0,0,0,0,0,0,0,0,2,2,4,8,0,2,0,1,4,0,0,0,1,0,0,0,0,0,0,0,0,0,0,0,0,0,0,0,0,0,0,0,0,0,0,0,242,14130,14372,14372,0,403,0,539,524,0,0,0,12905,137,0,218,0,0,0,0,12905,1111,0,0,14372,0,0,0,0,0,0,0,12905,460,0,0,13365,1,1.61317347569046
Minocqua Police Department,2004-07-01,Wisconsin,4920,WI04401,1,0,0,1,0,0,2,0,0,0,0,0,0,0,0,0,0,0,7,3,4,14,0,0,0,0,7,0,0,0,7,0,0,0,0,0,339,0,0,139,0,477,0,0,0,0,0,0,0,0,0,0,0,40,436,5211,5686,6164,0,0,0,0,2589,0,0,0,3097,0,40,139,0,726,0,0,0,5162,0,97,6164,0,0,0,0,0,0,0,0,0,0,0,0,1,1.61317347569046
Minocqua Police Department,2004-08-01,Wisconsin,4920,WI04401,0,0,0,0,0,0,0,0,0,0,0,0,0,0,0,0,0,0,6,4,5,15,0,0,0,3,6,0,0,0,6,0,0,0,0,0,0,0,0,0,0,0,0,0,0,0,0,0,0,0,0,0,0,147,703,14201,15051,15051,0,0,0,1258,11558,0,0,0,2234,242,42,11500,0,0,0,0,0,3267,0,0,15051,0,0,0,0,0,0,0,0,0,0,0,0,1,1.61317347569046
Minocqua Police Department,2004-09-01,Wisconsin,4920,WI04401,0,0,0,0,0,0,0,0,0,0,0,0,0,0,0,0,0,0,1,0,4,5,0,0,0,0,3,0,0,0,2,0,0,0,0,0,0,0,0,0,0,0,0,0,0,0,0,0,0,0,0,0,0,2,0,5541,5543,5543,0,0,0,0,4035,0,0,0,1508,0,0,3551,0,0,0,0,0,1508,0,484,5543,0,0,0,0,0,0,0,0,0,0,0,0,1,1.61317347569046
Minocqua Police Department,2004-10-01,Wisconsin,4920,WI04401,0,0,0,0,0,0,0,0,0,0,0,0,0,0,0,0,0,0,6,3,3,12,0,0,0,2,5,0,0,0,5,0,0,0,0,0,0,0,0,0,0,0,0,0,0,0,0,0,0,0,0,0,0,132,569,7976,8677,8677,0,0,0,2571,5522,0,0,0,584,0,85,0,563,0,0,0,0,6020,0,2008,8677,0,0,0,0,0,0,0,0,0,0,0,0,1,1.61317347569046
Minocqua Police Department,2004-11-01,Wisconsin,4920,WI04401,0,0,0,1,0,0,1,0,0,0,0,0,0,0,0,0,0,0,2,1,2,5,0,0,0,1,2,0,0,0,2,0,0,0,0,0,0,0,0,807,0,807,0,0,0,0,0,0,0,0,0,0,0,32,129,1905,2066,2873,0,0,0,1170,865,0,0,0,32,0,32,18,1049,0,0,0,0,1694,0,81,2873,0,0,0,0,0,0,0,0,0,0,0,0,1,1.61317347569046
Minocqua Police Department,2004-12-01,Wisconsin,4920,WI04401,0,0,0,0,0,0,0,0,0,0,0,0,0,0,0,0,0,0,0,2,0,2,0,0,0,0,0,0,0,0,2,0,0,0,0,0,0,0,0,0,0,0,0,0,0,0,0,0,0,0,0,0,0,0,177,0,177,177,0,0,0,0,0,0,0,0,177,0,0,0,0,0,0,0,0,177,0,0,177,0,0,0,0,0,0,0,0,0,0,0,0,1,1.61317347569046
Minocqua Police Department,2005-01-01,Wisconsin,4925,WI04401,0,0,0,2,1,0,3,0,0,0,0,0,0,0,0,0,0,0,5,3,5,13,1,0,0,1,1,0,0,1,9,0,0,0,0,0,0,0,0,1092,0,1092,0,0,0,0,0,0,0,0,0,0,0,14,523,2081,2618,3710,0,0,0,0,14,0,0,0,2604,30,105,0,0,0,0,0,0,3531,0,45,3710,0,0,0,0,0,0,0,0,0,0,0,0,1,1.56023853211009
Minocqua Police Department,2005-02-01,Wisconsin,4925,WI04401,0,0,0,0,0,0,0,0,0,0,0,0,0,0,0,0,0,0,2,3,2,7,0,0,0,0,5,0,1,0,1,0,0,0,0,0,0,0,0,0,0,0,0,0,0,0,0,0,0,0,0,0,0,28,468,1493,1989,1989,0,0,0,0,496,0,713,0,780,0,12,791,0,0,0,0,0,1186,0,0,1989,0,0,0,0,0,0,0,0,0,0,0,0,1,1.56023853211009
Minocqua Police Department,2005-03-01,Wisconsin,4925,WI04401,0,0,0,0,0,0,0,0,0,0,0,0,0,0,0,0,0,0,5,1,6,12,0,0,0,1,5,0,0,0,6,0,0,0,0,0,0,0,0,0,0,0,0,0,0,0,0,0,0,0,0,0,0,218,109,6970,7297,7297,0,0,0,726,5448,0,0,0,1123,0,31,5573,0,0,0,0,0,1693,0,0,7297,0,0,0,0,0,0,0,0,647,0,0,647,1,1.56023853211009
Minocqua Police Department,2005-04-01,Wisconsin,4925,WI04401,1,0,0,0,0,0,1,0,0,0,0,0,0,0,0,0,0,0,0,3,2,5,0,0,0,1,0,0,0,0,4,0,0,0,0,0,958,0,0,0,0,958,0,0,0,0,0,0,0,0,0,0,0,0,376,2652,3028,3986,0,0,0,156,0,0,0,0,2872,31,0,802,0,0,0,0,0,3122,0,31,3986,0,0,0,0,0,0,0,0,0,0,0,0,1,1.56023853211009
Minocqua Police Department,2005-05-01,Wisconsin,4925,WI04401,0,2,0,2,0,0,4,0,0,0,0,0,0,0,0,0,0,0,5,2,1,8,0,0,0,1,4,0,0,0,3,0,0,0,0,2495,0,0,0,234,0,2729,0,0,0,0,0,0,0,0,0,0,0,154,452,546,1153,3882,0,0,0,296,271,0,0,0,585,0,170,669,0,109,0,0,0,2933,0,0,3882,0,0,0,0,0,0,0,0,0,0,0,0,1,1.56023853211009
Minocqua Police Department,2005-06-01,Wisconsin,4925,WI04401,1,1,0,0,0,0,2,0,0,0,0,0,0,0,0,0,0,0,4,0,8,12,0,1,0,1,3,0,0,0,7,0,0,0,0,7971,1644,0,0,0,0,9616,0,0,0,0,0,0,0,0,0,0,0,129,0,14409,14538,24154,0,763,0,5,727,0,0,0,13044,39,0,1268,0,0,0,0,624,18923,0,3300,24154,0,0,0,0,0,0,0,0,8035,0,0,8035,1,1.56023853211009
Minocqua Police Department,2005-07-01,Wisconsin,4925,WI04401,1,0,0,2,0,0,3,0,0,0,0,0,0,0,0,0,0,0,4,5,6,15,0,3,0,1,3,0,0,1,7,0,0,0,0,0,7801,0,0,9932,0,17734,0,0,0,0,0,0,0,0,0,0,0,27,608,3511,4146,21879,0,1326,0,312,151,0,0,172,2184,172,27,1546,0,6514,0,0,0,11905,0,1716,21879,172,0,0,0,0,0,0,0,0,0,0,172,1,1.56023853211009
Minocqua Police Department,2005-08-01,Wisconsin,4925,WI04401,0,0,0,0,0,0,0,0,0,0,0,0,0,0,0,0,0,0,5,6,6,17,0,0,0,2,3,0,2,1,9,0,1,1,0,0,0,0,0,0,0,0,0,0,0,0,0,0,0,0,0,0,0,181,967,7762,8911,8911,0,0,0,309,775,0,234,56,7536,0,169,5617,0,0,0,0,0,2969,0,156,8911,0,0,0,0,0,0,0,0,195,0,0,195,1,1.56023853211009
Minocqua Police Department,2005-09-01,Wisconsin,4925,WI04401,0,1,0,0,0,0,1,0,0,0,0,0,0,0,0,0,0,0,4,1,5,10,0,0,0,0,5,0,0,0,5,0,0,0,0,18274,0,0,0,0,0,18274,0,0,0,0,0,0,0,0,0,0,0,167,101,4949,5217,23491,0,0,0,0,546,0,0,0,4671,312,89,13764,0,0,6553,0,0,2773,0,0,23491,0,0,0,0,0,0,0,0,78,0,0,78,1,1.56023853211009
Minocqua Police Department,2005-10-01,Wisconsin,4925,WI04401,1,1,0,0,0,0,2,0,0,0,0,0,0,0,0,0,0,0,3,4,3,10,0,0,0,0,6,0,0,0,4,0,0,0,0,1404,312,0,0,0,0,1716,0,0,0,0,0,0,0,0,0,0,0,167,479,3205,3851,5567,0,0,0,0,1259,0,0,0,2592,0,264,133,195,312,0,0,0,4150,0,513,5567,0,0,0,0,0,0,0,0,1326,0,0,1326,1,1.56023853211009
Minocqua Police Department,2005-11-01,Wisconsin,4925,WI04401,0,0,0,0,0,0,0,0,0,0,0,0,0,0,0,0,0,0,3,1,4,8,0,0,0,0,6,0,0,0,2,0,0,0,0,0,0,0,0,0,0,0,0,0,0,0,0,0,0,0,0,0,0,56,234,11295,11585,11585,0,0,0,0,11031,0,0,0,554,0,8,0,0,0,0,0,0,11577,0,0,11585,0,0,0,195,0,0,0,0,1755,0,0,1950,1,1.56023853211009
Minocqua Police Department,2005-12-01,Wisconsin,4925,WI04401,2,0,0,1,1,0,4,0,0,0,0,0,0,0,0,0,0,0,3,3,4,10,0,0,0,1,4,0,0,0,5,0,0,0,0,0,3796,0,4681,312,0,8789,0,0,0,0,0,0,0,0,0,0,0,101,417,5224,5742,14531,0,0,0,159,4381,0,0,0,1201,624,117,6319,780,0,0,0,0,6690,0,0,14531,421,0,0,0,0,0,0,0,468,0,0,889,1,1.56023853211009
Minocqua Police Department,2006-01-01,Wisconsin,4891,WI04401,0,1,0,0,0,0,1,5,0,0,0,0,0,0,0,0,0,0,4,4,6,14,0,0,0,5,6,0,0,0,3,0,0,0,0,151,0,0,0,0,0,151,20707,0,0,0,0,0,0,0,0,0,0,106,568,4087,4761,25620,0,0,0,1323,1587,0,0,0,1852,529,36,742,0,0,0,0,18893,5419,0,0,25620,0,0,0,0,0,0,0,0,416,0,0,416,1,1.51147906246125
Minocqua Police Department,2006-02-01,Wisconsin,4891,WI04401,0,0,0,0,0,0,0,0,0,1,0,0,0,0,0,0,0,0,4,2,9,15,0,0,0,4,6,0,0,2,3,1,2,3,0,0,0,0,0,0,0,0,0,0,0,0,0,0,0,0,0,0,0,73,268,6016,6356,6356,0,0,0,3301,1856,0,0,135,1064,0,225,1097,0,0,60,0,0,4973,0,0,6356,0,135,8,0,0,0,0,8313,1814,0,0,10269,1,1.51147906246125
Minocqua Police Department,2006-03-01,Wisconsin,4891,WI04401,0,0,0,0,0,0,0,0,0,0,0,0,0,0,0,0,0,0,1,3,2,6,0,0,0,3,0,0,1,1,1,1,0,1,0,0,0,0,0,0,0,0,0,0,0,0,0,0,0,0,0,0,0,30,453,1103,1587,1587,0,0,0,635,0,0,650,227,76,0,0,574,0,0,0,0,0,1013,0,0,1587,0,0,0,0,0,0,0,0,302,0,0,302,1,1.51147906246125
Minocqua Police Department,2006-04-01,Wisconsin,4891,WI04401,2,0,0,0,1,0,3,0,0,0,0,0,0,0,0,0,0,0,5,1,5,11,0,0,0,2,5,0,0,3,1,0,0,0,0,0,302,0,275,0,0,577,0,0,0,0,0,0,0,0,0,0,0,162,76,3300,3537,4114,0,0,0,2053,1318,0,0,91,76,0,242,763,151,0,0,0,0,2683,275,0,4114,0,91,0,0,0,0,0,0,0,0,0,91,1,1.51147906246125
Minocqua Police Department,2006-05-01,Wisconsin,4891,WI04401,2,0,0,1,0,0,3,0,0,0,0,0,0,0,0,1,0,1,0,2,4,6,0,1,0,0,2,0,0,0,3,0,0,0,0,0,4489,0,0,754,0,5243,0,0,0,0,0,0,0,0,423,0,423,0,227,2668,2894,8561,0,302,0,0,227,0,0,0,2365,142,71,949,4232,0,0,0,0,3091,0,76,8561,0,0,0,0,0,0,0,0,680,0,0,680,1,1.51147906246125
Minocqua Police Department,2006-06-01,Wisconsin,4891,WI04401,2,1,0,0,0,0,3,0,0,0,0,0,0,0,0,0,0,0,7,10,7,24,0,0,0,2,4,0,0,4,14,0,0,0,0,0,8472,0,0,0,0,8472,0,0,0,0,0,0,0,0,0,0,0,136,1632,9943,11711,20183,0,0,0,3839,1211,0,0,500,6161,372,326,390,0,0,0,0,0,19095,0,0,20183,0,23,0,0,0,0,0,0,0,0,0,23,1,1.51147906246125
Minocqua Police Department,2006-07-01,Wisconsin,4891,WI04401,1,1,0,0,1,0,3,0,0,0,0,0,0,0,0,0,0,0,2,5,8,15,0,1,0,4,5,0,0,1,4,0,0,0,0,378,453,0,15,0,0,846,0,0,0,0,0,0,0,0,0,0,0,100,907,8733,9740,10586,0,453,0,855,3470,0,0,293,4667,0,304,617,0,0,2267,0,0,6265,0,1134,10586,0,0,0,0,0,0,0,0,0,0,0,0,1,1.51147906246125
Minocqua Police Department,2006-08-01,Wisconsin,4891,WI04401,1,0,0,0,1,0,2,0,0,0,0,0,0,0,0,0,0,0,4,5,9,18,0,4,0,1,3,0,0,2,8,0,0,0,0,0,0,0,2721,0,0,2721,0,0,0,0,0,0,0,0,0,0,0,157,759,34182,35098,37819,0,2192,0,287,215,0,0,112,32293,104,215,32950,0,0,83,0,0,4466,0,0,37819,29,0,609,0,0,0,0,0,0,0,0,638,1,1.51147906246125
Minocqua Police Department,2006-09-01,Wisconsin,4891,WI04401,0,1,0,0,0,0,1,0,0,1,0,0,0,0,0,0,0,0,7,3,4,14,0,1,0,3,3,0,0,2,5,0,0,0,0,869,0,0,0,0,0,869,0,0,0,0,0,0,0,0,0,0,0,242,485,15417,16144,17013,0,378,0,174,537,0,0,281,14775,0,304,0,0,23,14661,0,0,1421,378,227,17013,0,258,0,0,0,0,0,0,0,0,0,258,1,1.51147906246125
Minocqua Police Department,2006-10-01,Wisconsin,4891,WI04401,0,0,0,0,0,0,0,1,0,0,0,0,0,0,0,0,0,0,6,3,3,12,0,0,0,1,6,0,0,2,3,1,0,1,0,0,0,0,0,0,0,0,9069,0,0,0,0,0,0,0,0,0,0,153,355,4930,5438,14507,0,0,0,38,786,0,0,32,4583,23,1531,23,0,0,0,0,9069,3408,378,76,14507,0,9,0,0,0,0,0,9069,76,0,0,9154,1,1.51147906246125
Minocqua Police Department,2006-11-01,Wisconsin,4891,WI04401,1,0,0,0,0,0,1,1,0,0,0,0,0,0,0,0,0,0,5,5,3,13,1,0,0,0,5,0,0,3,4,0,1,1,0,0,6019,0,0,0,0,6019,8162,0,0,0,0,0,0,0,0,0,0,116,978,1459,2553,16734,333,0,0,0,1564,0,0,204,452,0,206,794,0,0,0,0,7557,6567,0,1610,16734,0,12,0,0,0,0,0,7557,171,0,0,7740,1,1.51147906246125
Minocqua Police Department,2006-12-01,Wisconsin,4891,WI04401,0,0,0,1,0,0,1,0,0,0,0,0,0,0,0,0,0,0,4,6,2,12,0,0,0,1,2,0,0,6,3,0,0,0,0,0,0,0,0,1889,0,1889,0,0,0,0,0,0,0,0,0,0,0,148,756,1542,2446,4335,0,0,0,38,166,0,0,843,1398,337,38,0,0,0,0,0,0,3476,151,333,4335,186,38,0,0,0,0,0,0,325,0,333,881,1,1.51147906246125
Minocqua Police Department,2007-01-01,Wisconsin,5026,WI04401,1,0,0,1,0,0,2,4,0,0,0,0,0,0,0,0,0,0,4,5,1,10,0,0,0,2,3,0,0,4,1,0,3,3,0,0,147,0,0,276,0,423,23660,0,0,0,0,0,0,0,0,0,0,63,713,4325,5101,29184,0,0,0,404,4476,0,0,220,0,0,29,4635,0,0,0,0,23660,310,285,265,29184,0,29,0,0,0,0,0,16312,90,285,265,16981,1,1.46955740283082
Minocqua Police Department,2007-02-01,Wisconsin,5026,WI04401,0,0,0,1,0,0,1,2,0,1,0,0,0,0,0,0,0,0,7,2,9,18,0,0,0,1,9,0,0,0,8,0,0,0,0,0,0,0,0,4850,0,4850,8817,0,0,0,0,0,0,0,0,0,0,181,242,18546,18969,32636,0,0,0,735,1062,0,0,0,17172,551,210,8597,735,59,0,0,8817,13373,0,294,32636,257,0,7862,0,0,0,0,0,169,0,0,8288,1,1.46955740283082
Minocqua Police Department,2007-03-01,Wisconsin,5026,WI04401,0,0,0,1,0,0,1,1,0,0,0,0,0,0,0,0,0,0,2,4,5,11,0,0,0,3,4,0,0,2,2,0,0,0,0,0,0,0,0,15,0,15,36739,0,0,0,0,0,0,0,0,0,0,96,677,2489,3262,40016,0,0,0,1267,639,0,0,1142,215,441,15,523,0,0,0,0,36739,1925,0,373,40016,0,0,0,0,0,0,0,0,769,0,373,1142,1,1.46955740283082
Minocqua Police Department,2007-04-01,Wisconsin,5026,WI04401,2,0,0,0,0,0,2,0,0,0,0,0,0,0,0,0,0,0,3,3,7,13,0,0,0,0,3,0,0,4,6,0,0,0,0,0,3174,0,0,0,0,3174,0,0,0,0,0,0,0,0,0,0,0,71,463,10399,10932,14106,0,0,0,0,272,0,0,788,9872,0,441,3302,0,0,181,0,0,9448,0,735,14106,0,6,0,0,0,34,0,0,342,0,0,382,1,1.46955740283082
Minocqua Police Department,2007-05-01,Wisconsin,5026,WI04401,0,0,0,0,0,0,0,1,0,0,0,0,0,0,0,0,0,0,4,6,6,16,0,0,2,0,0,0,0,4,10,0,1,1,0,0,0,0,0,0,0,0,7348,0,0,0,0,0,0,0,0,0,0,78,941,12405,13423,20771,0,0,6775,0,0,0,0,739,5909,389,93,191,0,0,0,0,7348,5549,0,7201,20771,389,93,0,0,0,0,0,0,345,0,6686,7514,1,1.46955740283082
Minocqua Police Department,2007-06-01,Wisconsin,5026,WI04401,0,0,0,0,0,0,0,0,0,0,0,0,0,0,0,0,0,0,3,3,4,10,0,2,0,1,0,0,0,1,6,0,0,0,0,0,0,0,0,0,0,0,0,0,0,0,0,0,0,0,0,0,0,79,514,8394,8988,8988,0,123,0,4132,0,0,0,200,4532,0,6,1331,0,0,0,0,0,5520,1763,367,8988,0,0,0,0,0,0,0,0,200,0,0,200,1,1.46955740283082
Minocqua Police Department,2007-07-01,Wisconsin,5026,WI04401,0,0,0,0,0,0,0,0,0,0,0,0,0,0,0,0,0,0,3,3,5,11,0,0,0,1,0,0,0,0,10,0,0,0,0,0,0,0,0,0,0,0,0,0,0,0,0,0,0,0,0,0,0,106,367,4686,5160,5160,0,0,0,38,0,0,0,0,5121,0,0,73,0,0,0,367,0,4681,38,0,5160,0,0,0,0,0,0,0,0,1036,38,0,1074,1,1.46955740283082
Minocqua Police Department,2007-08-01,Wisconsin,5026,WI04401,0,0,0,0,0,0,0,0,0,0,0,0,0,0,0,0,0,0,2,4,6,12,0,0,0,0,0,0,0,1,11,0,0,0,0,0,0,0,0,0,0,0,0,0,0,0,0,0,0,0,0,0,0,59,375,124144,124577,124577,0,0,0,0,0,0,0,29,124548,0,29,122363,0,0,0,0,0,933,0,1252,124577,0,0,0,0,0,0,0,0,0,0,0,0,1,1.46955740283082
Minocqua Police Department,2007-09-01,Wisconsin,5026,WI04401,0,0,0,0,0,0,0,1,0,0,0,0,0,0,0,0,0,0,1,0,11,12,1,0,0,0,1,0,0,1,9,0,0,0,0,0,0,0,0,0,0,0,735,0,0,0,0,0,0,0,0,0,0,32,0,136731,136763,137498,1239,0,0,0,955,0,0,32,134537,0,0,128013,441,0,0,0,735,8309,0,0,137498,0,0,0,0,0,0,0,0,32,0,0,32,1,1.46955740283082
Minocqua Police Department,2007-10-01,Wisconsin,5026,WI04401,0,0,0,1,0,0,1,0,0,0,0,0,0,0,0,0,0,0,3,1,3,7,0,0,0,0,0,0,0,2,5,0,0,0,0,0,0,0,0,955,0,955,0,0,0,0,0,0,0,0,0,0,0,32,220,3946,4199,5154,0,0,0,0,0,0,0,642,3556,0,165,15,808,0,26,0,0,4082,57,0,5154,0,0,15,0,0,26,0,0,541,57,0,639,1,1.46955740283082
Minocqua Police Department,2007-11-01,Wisconsin,5026,WI04401,0,0,0,0,0,0,0,1,0,0,0,0,0,0,0,0,0,0,3,5,3,11,0,0,0,0,0,0,0,4,7,0,0,0,0,0,0,0,0,0,0,0,12447,0,0,0,0,0,0,0,0,0,0,176,1055,2425,3656,16103,0,0,0,0,0,0,0,585,3071,316,47,764,0,0,118,0,10287,2391,0,2181,16103,96,47,176,0,0,0,0,0,209,0,381,908,1,1.46955740283082
Minocqua Police Department,2007-12-01,Wisconsin,5026,WI04401,0,0,0,0,0,0,0,0,0,0,0,0,0,0,0,0,0,0,2,3,2,7,0,0,0,0,1,0,0,3,3,0,2,2,0,0,0,0,0,0,0,0,0,0,0,0,0,0,0,0,0,0,0,125,398,882,1405,1405,0,0,0,0,93,0,0,600,713,181,140,0,0,0,0,0,0,404,0,680,1405,181,0,0,0,0,0,0,0,110,0,0,291,1,1.46955740283082
Minocqua Police Department,2008-01-01,Wisconsin,4947,WI04401,0,0,0,0,1,0,1,2,0,0,0,0,0,0,0,0,0,0,0,2,4,6,1,0,0,1,0,0,0,1,3,0,0,2,0,0,0,0,57,0,0,57,9199,0,0,0,0,0,0,0,0,0,0,0,270,2120,2390,11646,150,0,0,379,0,0,0,120,1741,71,50,0,0,0,0,0,9199,1346,0,981,11646,3,3,0,0,0,0,0,9199,0,0,0,9205,1,1.41522547733228
Minocqua Police Department,2008-02-01,Wisconsin,4947,WI04401,0,0,0,0,0,0,0,2,0,0,0,0,0,0,0,0,0,0,1,1,3,5,0,0,0,0,0,0,0,1,4,0,0,0,0,0,0,0,0,0,0,0,5449,0,0,0,0,0,0,0,0,0,0,57,144,3442,3643,9091,0,0,0,0,0,0,0,651,2992,559,144,0,0,0,92,0,5449,2847,0,0,9091,0,0,0,0,0,0,0,0,0,0,0,0,1,1.41522547733228
Minocqua Police Department,2008-03-01,Wisconsin,4947,WI04401,0,0,0,0,0,0,0,1,0,0,0,0,0,0,0,0,0,0,2,1,2,5,0,0,0,2,0,0,0,1,2,0,0,1,0,0,0,0,0,0,0,0,16983,0,0,0,0,0,0,0,0,0,0,28,212,4249,4489,21472,0,0,0,2498,0,0,0,28,1963,71,269,0,0,0,142,0,16983,28,1751,2229,21472,0,0,0,0,0,0,0,16983,0,0,0,16983,1,1.41522547733228
Minocqua Police Department,2008-04-01,Wisconsin,4947,WI04401,1,0,0,0,0,0,1,0,0,0,0,0,0,0,0,0,0,0,3,7,3,13,0,1,0,3,0,0,0,3,6,0,0,0,0,0,14428,0,0,0,0,14428,0,0,0,0,0,0,0,0,0,0,0,117,1122,1734,2973,17402,0,142,0,1620,0,0,0,284,927,71,314,12376,142,42,2123,0,0,862,0,1472,17402,0,279,0,0,0,0,0,0,6,0,0,284,1,1.41522547733228
Minocqua Police Department,2008-05-01,Wisconsin,4947,WI04401,0,0,0,0,0,0,0,0,0,0,0,0,0,0,0,0,0,0,3,2,12,17,0,1,0,0,1,0,0,2,13,0,0,0,0,0,0,0,0,0,0,0,0,0,0,0,0,0,0,0,0,0,0,125,354,34475,34953,34953,0,425,0,0,920,0,0,556,33053,623,38,1068,212,0,0,0,0,32063,0,948,34953,518,0,0,0,0,0,0,0,1870,0,0,2387,1,1.41522547733228
Minocqua Police Department,2008-06-01,Wisconsin,4947,WI04401,1,0,0,0,0,0,1,1,0,0,0,0,0,0,0,0,0,0,1,9,11,21,0,2,0,2,5,0,0,3,9,0,0,0,0,0,594,0,0,0,0,594,2547,0,0,0,0,0,0,0,0,0,0,31,947,9611,10589,13731,0,1557,0,759,4060,0,0,364,3849,464,74,1309,106,21,75,0,2547,7962,0,1172,13731,207,74,665,0,8,75,0,0,4260,0,0,5289,1,1.41522547733228
Minocqua Police Department,2008-07-01,Wisconsin,4947,WI04401,0,0,0,0,0,0,0,0,0,0,0,0,0,0,0,0,0,0,8,6,8,22,2,1,0,1,0,0,0,5,13,0,0,0,0,0,0,0,0,0,0,0,0,0,0,0,0,0,0,0,0,0,0,297,1042,16073,17412,17412,381,64,0,3,0,0,0,873,16091,266,446,2086,0,0,17,0,0,12731,1415,450,17412,180,96,0,0,0,17,0,0,2140,1415,150,3998,1,1.41522547733228
Minocqua Police Department,2008-08-01,Wisconsin,4947,WI04401,0,0,0,2,0,0,2,3,0,0,0,0,0,0,0,0,0,0,10,8,5,23,0,1,0,2,0,0,0,4,16,0,0,0,0,0,0,0,0,69,0,69,12029,0,0,0,0,0,0,0,0,0,0,365,877,22393,23636,35734,0,142,0,853,0,0,0,234,22407,0,211,1026,0,0,849,0,12029,18505,3113,0,35734,0,0,0,0,0,0,0,0,79,0,0,79,1,1.41522547733228
Minocqua Police Department,2008-09-01,Wisconsin,4947,WI04401,1,0,0,0,0,0,1,2,0,0,0,0,0,0,0,0,0,0,15,19,12,46,1,0,0,0,0,0,0,7,38,0,0,1,0,0,32747,0,0,0,0,32747,7093,0,0,0,0,0,0,0,0,0,0,459,2692,7021,10171,50011,0,0,0,0,0,0,0,808,9363,603,648,807,354,0,0,0,31843,11557,0,4200,50011,3,422,0,0,0,0,0,3,143,0,136,706,1,1.41522547733228
Minocqua Police Department,2008-10-01,Wisconsin,4947,WI04401,1,0,0,2,2,0,5,0,0,0,0,0,0,0,0,0,0,0,8,7,10,25,2,1,0,2,1,0,0,1,18,0,0,0,0,0,11322,0,402,22185,0,33909,0,0,0,0,0,0,0,0,0,0,0,272,1202,22382,23855,57764,283,212,0,416,1748,0,0,35,21160,28,1080,15620,0,0,0,0,0,31802,8060,1175,57764,28,0,28,0,0,0,0,0,0,0,0,57,1,1.41522547733228
Minocqua Police Department,2008-11-01,Wisconsin,4947,WI04401,2,0,0,0,0,0,2,2,0,0,0,0,0,0,0,0,0,0,4,6,5,15,0,0,0,0,1,0,0,6,8,0,0,2,0,0,4111,0,0,0,0,4111,4246,0,0,0,0,0,0,0,0,0,0,112,962,38388,39462,47819,0,0,0,0,396,0,0,995,38071,31,457,36279,0,0,283,0,4246,2061,0,4462,47819,10,119,0,0,0,0,0,3538,102,0,13,3781,1,1.41522547733228
Minocqua Police Department,2008-12-01,Wisconsin,4947,WI04401,1,0,0,0,0,0,1,0,0,0,0,0,0,0,0,0,0,0,11,3,8,22,1,0,0,0,2,0,0,15,4,0,0,0,0,0,3,0,0,0,0,3,0,0,0,0,0,0,0,0,0,0,0,512,422,9318,10252,10255,1797,0,0,0,2898,0,0,4028,1528,617,979,2904,0,0,0,0,0,4414,0,1340,10255,617,638,0,0,0,0,0,0,2331,0,449,4035,1,1.41522547733228
Minocqua Police Department,2009-01-01,Wisconsin,4749,WI04401,0,0,0,0,0,0,0,1,0,0,0,0,0,0,0,0,0,0,8,6,3,17,0,0,0,2,3,0,0,6,6,0,0,0,0,0,0,0,0,0,0,0,6391,0,0,0,0,0,0,0,0,0,0,249,1116,1461,2826,9218,0,0,0,55,601,0,0,527,1643,64,0,216,0,0,0,0,4261,3159,0,1518,9218,64,0,0,0,0,0,0,0,321,0,128,513,1,1.42027521282265
Minocqua Police Department,2009-02-01,Wisconsin,4749,WI04401,0,0,0,0,1,0,1,1,0,0,0,0,0,0,0,0,0,0,12,1,7,20,0,0,0,1,4,0,0,5,10,0,0,1,0,0,0,0,1775,0,0,1775,2138,0,0,0,0,0,0,0,0,0,0,351,283,8601,9235,13147,0,0,0,3,7141,0,0,122,1969,77,129,5681,0,0,0,0,2138,2437,0,2686,13147,77,34,483,0,0,0,0,1640,0,0,0,2234,1,1.42027521282265
Minocqua Police Department,2009-03-01,Wisconsin,4749,WI04401,1,0,0,0,0,0,1,1,0,0,0,0,0,0,0,0,0,0,1,2,4,7,0,0,0,0,2,0,0,3,2,0,0,0,0,0,1087,0,0,0,0,1087,2841,0,0,0,0,0,0,0,0,0,0,3,233,14619,14855,18782,0,0,0,0,13069,0,0,677,1108,445,284,469,0,0,355,0,2841,1058,0,13331,18782,0,0,0,0,0,0,0,0,21,0,0,21,1,1.42027521282265
Minocqua Police Department,2009-04-01,Wisconsin,4749,WI04401,0,0,0,0,0,0,0,0,0,0,0,0,0,0,0,0,0,0,9,6,6,21,0,0,0,0,3,0,0,2,16,0,0,0,0,0,0,0,0,0,0,0,0,0,0,0,0,0,0,0,0,0,0,295,633,3740,4668,4668,0,0,0,0,550,0,0,385,3734,64,0,895,0,1704,0,0,0,768,0,1237,4668,0,0,0,0,0,0,0,0,0,0,295,295,1,1.42027521282265
Minocqua Police Department,2009-05-01,Wisconsin,4749,WI04401,4,1,0,1,0,0,6,0,0,0,0,0,0,0,0,0,0,0,7,6,3,16,0,0,0,1,2,0,0,3,10,0,0,0,0,888,5433,0,0,1917,0,8238,0,0,0,0,0,0,0,0,0,0,0,185,754,5958,6897,15134,0,0,0,4893,125,0,0,486,1393,2214,391,308,0,0,1427,0,0,4874,0,5920,15134,244,0,0,0,0,7,0,0,109,0,125,486,1,1.42027521282265
Minocqua Police Department,2009-06-01,Wisconsin,4749,WI04401,1,0,0,2,0,0,3,0,0,0,0,0,0,0,0,0,0,0,7,2,11,20,0,0,0,1,4,0,0,6,9,0,0,0,0,0,9010,0,0,378,0,9388,0,0,0,0,0,0,0,0,0,0,0,321,277,6901,7499,16887,0,0,0,355,2770,0,0,1618,2757,78,1633,0,0,0,3785,0,0,3893,1420,6077,16887,70,1052,0,0,0,0,0,0,37,1,0,1160,1,1.42027521282265
Minocqua Police Department,2009-07-01,Wisconsin,4749,WI04401,1,2,0,0,0,0,3,1,0,0,0,0,0,0,0,0,0,0,16,2,6,24,0,1,0,2,0,0,0,7,14,0,0,0,0,0,0,0,0,0,0,0,1243,0,0,0,0,0,0,0,0,0,0,604,263,4765,5631,6874,0,284,0,369,0,0,0,416,4562,320,80,1710,0,0,0,0,1243,3051,0,472,6874,178,80,0,0,0,0,0,0,0,0,102,359,1,1.42027521282265
Minocqua Police Department,2009-08-01,Wisconsin,4749,WI04401,0,0,0,0,0,0,0,0,0,0,0,0,0,0,0,0,0,0,13,5,8,26,0,1,0,2,1,0,0,7,15,0,0,0,0,0,0,0,0,0,0,0,0,0,0,0,0,0,0,0,0,0,0,481,775,55418,56675,56675,0,6391,0,1131,57,0,0,606,48490,61,825,44926,0,0,0,0,0,9946,0,916,56675,47,179,0,0,0,0,0,0,185,0,135,545,1,1.42027521282265
Minocqua Police Department,2009-09-01,Wisconsin,4749,WI04401,0,1,0,1,0,0,2,1,0,0,0,0,0,0,0,0,0,0,7,11,8,26,0,1,0,0,0,0,0,1,24,0,0,1,0,3267,0,0,0,1825,0,5092,14203,0,0,0,0,0,0,0,0,0,0,281,1442,10276,11998,31293,0,249,0,0,0,0,0,64,11686,327,0,2610,0,0,2556,0,14203,6526,2556,2514,31293,149,0,0,0,0,0,0,14203,28,0,312,14693,1,1.42027521282265
Minocqua Police Department,2009-10-01,Wisconsin,4749,WI04401,0,2,0,1,0,0,3,0,0,0,0,0,0,0,0,0,0,0,4,4,12,20,1,0,0,0,0,0,0,2,17,0,0,0,0,1633,0,0,0,0,0,1633,0,0,0,0,0,0,0,0,0,0,0,182,751,34981,35914,37548,148,0,0,0,0,0,0,82,35684,99,437,25535,0,0,0,0,0,7527,0,3948,37548,0,284,0,0,0,0,0,0,30,0,0,314,1,1.42027521282265
Minocqua Police Department,2009-11-01,Wisconsin,4749,WI04401,2,0,0,1,0,0,3,0,0,0,0,0,0,0,0,0,0,0,9,7,6,22,2,0,0,0,0,0,0,10,10,0,0,0,0,0,1775,0,0,22108,0,23883,0,0,0,0,0,0,0,0,0,0,0,405,770,3071,4245,28129,43,0,0,0,0,0,0,865,3338,196,351,1363,1775,0,14,0,0,5646,0,18783,28129,54,0,0,0,0,14,0,0,180,0,27,276,1,1.42027521282265
Minocqua Police Department,2009-12-01,Wisconsin,4749,WI04401,0,0,0,0,0,0,0,0,0,0,0,0,0,0,0,0,0,0,7,8,3,18,0,1,0,0,0,0,0,11,6,0,0,0,0,0,0,0,0,0,0,0,0,0,0,0,0,0,0,0,0,0,0,310,1123,6171,7604,7604,0,71,0,0,0,0,0,1014,6519,9,281,21,0,0,632,0,0,5653,0,1008,7604,9,55,43,0,0,0,0,0,2885,0,6714,9705,1,1.42027521282265
Minocqua Police Department,2010-01-01,Wisconsin,4385,WI04401,0,0,0,0,0,0,0,1,0,0,0,0,0,0,0,0,0,0,9,2,2,13,0,0,0,0,0,0,0,7,6,0,0,0,0,0,0,0,0,0,0,0,8943,0,0,0,0,0,0,0,0,0,0,359,245,1677,2280,11224,0,0,0,0,0,0,0,453,1828,1407,94,94,0,0,0,0,8943,407,0,279,11224,10,35,0,0,0,0,0,0,292,0,0,337,1,1.3973579356326
Minocqua Police Department,2010-02-01,Wisconsin,4385,WI04401,2,0,0,1,0,0,3,0,0,0,0,0,0,0,0,0,0,0,9,4,0,13,1,0,0,0,1,0,0,5,6,0,0,0,0,0,8636,0,0,236,0,8872,0,0,0,0,0,0,0,0,0,0,0,344,675,0,1019,9890,0,0,0,0,189,0,0,478,352,0,179,380,741,0,56,0,0,3970,0,4565,9890,0,0,0,0,0,0,0,0,137,0,0,137,1,1.3973579356326
Minocqua Police Department,2010-03-01,Wisconsin,4385,WI04401,0,0,0,0,0,0,0,0,0,0,0,0,0,0,0,0,0,0,6,4,6,16,0,0,0,0,0,0,0,7,9,0,0,0,0,0,0,0,0,0,0,0,0,0,0,0,0,0,0,0,0,0,0,155,686,4248,5089,5089,0,0,0,0,0,0,0,661,4428,201,10,349,0,0,0,0,0,2770,0,1759,5089,117,0,0,0,0,0,0,0,254,0,0,372,1,1.3973579356326
Minocqua Police Department,2010-04-01,Wisconsin,4385,WI04401,2,1,0,1,0,0,4,0,0,0,0,0,0,0,0,0,0,0,5,2,1,8,0,0,0,1,0,0,0,6,1,0,0,0,0,829,6192,0,0,0,0,7020,0,0,0,0,0,0,0,0,0,0,0,154,184,279,618,7638,0,0,0,279,0,0,0,310,28,31,277,419,0,0,408,0,0,4268,0,2236,7638,31,52,0,0,0,0,0,0,144,0,0,226,1,1.3973579356326
Minocqua Police Department,2010-05-01,Wisconsin,4385,WI04401,1,1,0,4,1,0,7,1,0,0,0,0,0,0,0,0,0,0,14,8,9,31,0,0,0,0,0,0,0,8,23,0,0,1,0,140,0,0,0,8161,0,8300,5589,0,0,0,0,0,0,0,0,0,0,407,1128,13756,15290,29180,0,0,0,0,0,0,0,361,14929,106,257,2894,978,0,0,0,5589,18174,0,1181,29180,106,87,25,0,0,0,0,5589,24,0,0,5831,1,1.3973579356326
Minocqua Police Department,2010-06-01,Wisconsin,4385,WI04401,1,1,0,1,0,0,3,1,0,0,0,0,0,0,0,0,0,0,20,11,8,39,1,0,0,0,0,0,0,13,25,0,0,0,0,1817,133,0,0,0,0,1949,10480,0,0,0,0,0,0,0,0,0,0,497,1442,7933,9872,22302,0,0,0,0,0,0,0,940,8932,113,374,2522,0,0,0,0,10480,7419,699,694,22302,0,57,0,0,0,0,0,0,460,0,205,722,1,1.3973579356326
Minocqua Police Department,2010-07-01,Wisconsin,4385,WI04401,1,0,0,0,0,0,1,0,0,0,0,0,0,0,0,0,0,0,14,9,10,33,0,0,0,0,0,0,0,5,28,0,0,0,0,0,573,0,0,0,0,573,0,0,0,0,0,0,0,0,0,0,0,507,1185,96500,98192,98765,0,0,0,0,0,0,0,340,97853,534,864,4083,0,0,0,0,0,92642,0,643,98765,0,39,180,0,0,0,0,0,210,0,0,429,1,1.3973579356326
Minocqua Police Department,2010-08-01,Wisconsin,4385,WI04401,1,0,0,1,0,0,2,0,0,0,0,0,0,0,0,0,0,0,7,4,7,18,0,0,0,0,0,0,0,8,10,0,0,0,0,0,1300,0,0,4769,0,6069,0,0,0,0,0,0,0,0,0,0,0,275,608,22707,23590,29659,0,0,0,0,0,0,0,552,23038,144,588,21648,0,0,0,0,0,7199,0,80,29659,0,0,0,0,0,0,0,0,439,0,80,518,1,1.3973579356326
Minocqua Police Department,2010-09-01,Wisconsin,4385,WI04401,0,0,0,0,0,0,0,0,0,0,0,0,0,0,0,0,0,0,9,8,6,23,0,0,0,0,0,0,0,1,22,0,0,0,0,0,0,0,0,0,0,0,0,0,0,0,0,0,0,0,0,0,0,316,918,14964,16198,16198,0,0,0,0,0,0,0,27,16172,28,989,792,0,0,56,0,0,12907,0,1425,16198,28,0,0,0,0,56,0,0,27,0,559,669,1,1.3973579356326
Minocqua Police Department,2010-10-01,Wisconsin,4385,WI04401,0,0,0,1,0,0,1,0,0,0,0,0,0,0,0,0,0,0,3,6,4,13,0,0,0,0,0,0,0,2,11,0,0,0,0,0,0,0,0,6424,0,6424,0,0,0,0,0,0,0,0,0,0,0,138,854,3848,4840,11264,0,0,0,0,0,0,0,981,3860,0,513,197,0,0,0,0,0,9779,0,776,11264,0,0,0,0,0,0,0,0,46,0,0,46,1,1.3973579356326
Minocqua Police Department,2010-11-01,Wisconsin,4385,WI04401,0,0,0,0,0,0,0,0,0,0,0,0,0,0,0,0,0,0,2,10,9,21,0,0,0,0,0,0,0,5,16,0,0,0,0,0,0,0,0,0,0,0,0,0,0,0,0,0,0,0,0,0,0,45,1495,6632,8172,8172,0,0,0,0,0,0,0,998,7174,0,229,2623,0,0,2096,0,0,707,0,2517,8172,0,159,0,0,0,0,0,0,532,0,419,1111,1,1.3973579356326
Minocqua Police Department,2010-12-01,Wisconsin,4385,WI04401,1,0,0,0,0,0,1,0,0,0,0,0,0,0,0,0,0,0,5,3,0,8,0,0,0,0,0,0,0,4,4,0,0,0,0,0,0,0,0,0,0,0,0,0,0,0,0,0,0,0,0,0,0,99,412,0,511,511,0,0,0,0,0,0,0,328,183,0,291,25,0,0,0,0,0,56,0,140,511,0,0,0,0,0,0,0,0,3,0,0,3,1,1.3973579356326
Minocqua Police Department,2011-01-01,Wisconsin,4404,WI04401,1,0,0,1,0,0,2,1,0,0,0,0,0,0,0,0,0,0,5,5,3,13,0,0,0,0,0,0,0,5,8,0,0,0,0,0,4037,0,0,1284,0,5321,1355,0,0,0,0,0,0,0,0,0,0,156,779,1646,2581,9256,0,0,0,0,0,0,0,546,2035,46,0,61,677,0,0,0,1355,3080,4037,0,9256,0,0,0,0,0,0,0,0,0,0,0,0,1,1.35459550174677
Minocqua Police Department,2011-02-01,Wisconsin,4404,WI04401,2,0,0,0,0,0,2,2,0,0,0,0,0,0,0,0,0,0,1,4,3,8,0,0,0,0,1,0,0,3,4,0,0,1,0,0,7312,0,0,0,0,7312,6096,0,0,0,0,0,0,0,0,0,0,35,744,1612,2391,15799,0,0,0,0,733,0,0,866,792,0,642,889,1287,0,0,0,6096,2899,1867,2120,15799,0,0,0,0,0,0,0,3386,0,0,0,3386,1,1.35459550174677
Minocqua Police Department,2011-03-01,Wisconsin,4404,WI04401,0,1,0,0,0,0,1,0,0,0,0,0,0,0,0,0,0,0,1,4,4,9,0,0,0,0,0,0,0,2,7,0,0,0,0,0,0,0,0,0,0,0,0,0,0,0,0,0,0,0,0,0,0,35,455,1310,1800,1800,0,0,0,0,0,0,0,104,1696,0,0,75,0,0,0,0,0,750,0,975,1800,0,0,0,0,0,0,0,0,0,0,0,0,1,1.35459550174677
Minocqua Police Department,2011-04-01,Wisconsin,4404,WI04401,0,0,0,0,0,0,0,0,0,0,0,0,0,0,0,0,0,0,2,3,8,13,1,0,0,3,1,0,0,2,6,0,0,0,0,0,0,0,0,0,0,0,0,0,0,0,0,0,0,0,0,0,0,16,507,12893,13416,13416,0,0,0,917,3760,0,0,123,8615,0,488,3763,0,0,6773,0,0,694,0,1699,13416,0,0,0,0,0,0,0,0,0,0,0,0,1,1.35459550174677
Minocqua Police Department,2011-05-01,Wisconsin,4404,WI04401,0,1,0,0,0,0,1,0,0,0,0,0,0,0,0,0,0,0,2,2,2,6,0,0,0,1,1,0,0,1,3,0,0,0,0,1477,0,0,0,0,0,1477,0,0,0,0,0,0,0,0,0,0,0,65,202,1202,1468,2945,0,0,0,89,112,0,0,931,336,129,955,114,0,0,0,0,0,1747,0,0,2945,0,0,65,0,0,0,0,0,0,0,0,65,1,1.35459550174677
Minocqua Police Department,2011-06-01,Wisconsin,4404,WI04401,0,0,0,1,0,0,1,1,0,0,0,0,0,0,0,0,0,0,7,6,8,21,2,0,0,6,1,0,0,6,6,0,0,1,0,0,0,0,0,2464,0,2464,5418,0,0,0,0,0,0,0,0,0,0,225,653,5681,6559,14441,488,0,0,1314,576,0,0,261,3920,135,234,1253,0,0,0,0,5418,7238,0,163,14441,135,234,0,0,0,0,0,5418,61,0,0,5849,1,1.35459550174677
Minocqua Police Department,2011-07-01,Wisconsin,4404,WI04401,0,0,0,1,0,0,1,1,0,1,0,0,0,0,0,0,0,0,1,5,6,12,0,0,0,6,1,0,0,2,3,0,0,1,0,0,0,0,0,5838,0,5838,677,0,0,0,0,0,0,0,0,0,0,20,639,8163,8822,15338,0,0,0,3380,610,0,0,3810,1023,1406,633,7292,0,0,3725,0,677,1199,406,0,15338,85,20,332,0,0,3725,0,677,318,0,0,5158,1,1.35459550174677
Minocqua Police Department,2011-08-01,Wisconsin,4404,WI04401,0,0,0,0,0,0,0,0,0,1,0,0,0,0,0,0,0,0,4,3,4,11,0,0,0,1,0,0,1,6,3,0,0,0,0,0,0,0,0,0,0,0,0,0,0,0,0,0,0,0,0,0,0,108,467,2671,3247,3247,0,0,0,68,0,0,224,585,2371,68,597,833,0,0,0,0,0,1613,0,135,3247,68,191,20,0,0,0,0,0,56,0,135,470,1,1.35459550174677
Minocqua Police Department,2011-09-01,Wisconsin,4404,WI04401,0,0,0,0,2,0,2,0,0,1,0,0,0,0,0,0,0,0,5,8,4,17,0,0,0,1,3,1,0,4,8,0,0,0,0,0,0,0,680,0,0,680,0,0,0,0,0,0,0,0,0,0,0,116,1169,1307,2593,3273,0,0,0,135,393,176,0,662,1226,75,168,149,0,14,54,0,0,2133,0,680,3273,0,168,0,0,0,0,0,0,494,0,0,662,1,1.35459550174677
Minocqua Police Department,2011-10-01,Wisconsin,4404,WI04401,0,0,0,0,0,0,0,0,0,0,0,0,0,0,0,0,0,0,4,5,3,12,1,0,0,1,1,0,0,5,4,0,0,0,0,0,0,0,0,0,0,0,0,0,0,0,0,0,0,0,0,0,0,112,423,6773,7308,7308,4064,0,0,68,68,0,0,356,2753,54,1777,23,0,0,0,0,0,5454,0,0,7308,34,215,0,0,0,0,0,0,35,0,0,284,1,1.35459550174677
Minocqua Police Department,2011-11-01,Wisconsin,4404,WI04401,0,0,0,0,0,0,0,0,0,0,0,0,0,0,0,0,0,0,2,3,1,6,0,0,0,0,0,0,0,3,3,0,0,0,0,0,0,0,0,0,0,0,0,0,0,0,0,0,0,0,0,0,0,68,355,373,795,795,0,0,0,0,0,0,0,355,440,27,276,119,0,0,0,0,0,373,0,0,795,0,236,0,0,0,0,0,0,0,0,0,236,1,1.35459550174677
Minocqua Police Department,2011-12-01,Wisconsin,4404,WI04401,0,0,0,0,0,0,0,0,0,0,0,0,0,0,0,0,0,0,4,3,3,10,0,0,0,0,2,0,0,5,3,0,0,0,0,0,0,0,0,0,0,0,0,0,0,0,0,0,0,0,0,0,0,89,347,3454,3890,3890,0,0,0,0,2597,0,0,345,948,158,252,23,0,0,2574,0,0,477,0,406,3890,91,252,0,0,0,0,0,0,3,0,0,345,1,1.35459550174677
Minocqua Police Department,2012-01-01,Wisconsin,4372,WI04401,0,0,0,0,0,0,0,0,0,1,0,0,0,0,0,0,0,0,3,2,5,10,1,0,0,1,2,0,0,3,3,0,0,0,0,0,0,0,0,0,0,0,0,0,0,0,0,0,0,0,0,0,0,78,187,3663,3928,3928,0,0,0,398,531,0,0,2104,896,617,45,0,398,0,68,0,0,2382,0,418,3928,119,45,0,398,0,68,0,0,0,0,20,650,1,1.32713265123532
Minocqua Police Department,2012-02-01,Wisconsin,4372,WI04401,1,0,0,0,0,0,1,0,0,0,0,0,0,0,0,0,0,0,2,1,6,9,0,0,0,1,3,0,0,2,3,0,0,0,0,0,425,0,0,0,0,425,0,0,0,0,0,0,0,0,0,0,0,38,224,7664,7927,8352,0,0,0,531,6072,0,0,236,1088,0,38,1062,3684,224,1173,0,0,1307,796,66,8352,0,12,0,2092,224,596,0,0,683,796,66,4470,1,1.32713265123532
Minocqua Police Department,2012-03-01,Wisconsin,4372,WI04401,1,0,0,0,0,0,1,1,0,0,0,0,0,0,0,0,0,0,0,1,3,4,0,0,0,0,0,0,0,1,3,0,0,0,0,0,3724,0,0,0,0,3724,10617,0,0,0,0,0,0,0,0,0,0,0,153,2752,2905,17246,0,0,0,0,0,0,0,536,2369,169,107,683,0,301,2287,0,10617,2657,265,159,17246,169,0,0,0,301,24,0,0,109,0,0,603,1,1.32713265123532
Minocqua Police Department,2012-04-01,Wisconsin,4372,WI04401,0,0,0,0,0,0,0,0,0,0,0,0,0,0,0,0,0,0,2,1,5,8,0,0,0,0,1,0,0,2,5,0,0,0,0,0,0,0,0,0,0,0,0,0,0,0,0,0,0,0,0,0,0,64,85,2499,2648,2648,0,0,0,0,531,0,0,459,1658,828,29,1047,0,19,0,0,0,167,0,557,2648,496,0,0,0,0,0,0,0,0,0,0,496,1,1.32713265123532
Minocqua Police Department,2012-05-01,Wisconsin,4372,WI04401,3,4,0,0,0,0,7,0,0,0,0,0,0,0,0,0,0,0,2,5,6,13,0,0,0,1,1,0,0,5,6,0,0,0,0,3320,21488,0,0,0,0,24808,0,0,0,0,0,0,0,0,0,0,0,50,641,13261,13952,38760,0,0,0,66,7139,0,0,994,5753,7538,161,2475,2853,6733,4117,0,0,11688,3185,11,38760,7027,1,0,1128,747,69,0,0,2214,0,0,11186,1,1.32713265123532
Minocqua Police Department,2012-06-01,Wisconsin,4372,WI04401,0,0,0,1,0,0,1,0,0,0,0,0,0,0,0,0,0,0,4,1,1,6,0,0,0,0,1,0,0,1,4,0,0,0,0,0,0,0,0,398,0,398,0,0,0,0,0,0,0,0,0,0,0,106,133,1274,1513,1911,0,0,0,0,1274,0,0,8,231,3,40,1274,0,398,0,0,0,196,0,0,1911,0,0,0,0,33,0,0,0,293,0,0,326,1,1.32713265123532
Minocqua Police Department,2012-07-01,Wisconsin,4372,WI04401,1,1,0,0,0,0,2,0,0,0,0,0,0,0,0,0,0,0,4,4,10,18,0,0,0,1,1,0,0,9,7,0,0,0,0,264,279,0,0,0,0,543,0,0,0,0,0,0,0,0,0,0,0,102,766,6042,6910,7453,0,0,0,1547,664,0,0,1760,2940,630,536,398,0,734,1606,0,0,2568,664,317,7453,299,29,0,0,4449,0,0,0,541,0,0,5318,1,1.32713265123532
Minocqua Police Department,2012-08-01,Wisconsin,4372,WI04401,0,0,0,0,0,0,0,0,0,1,0,0,0,0,0,0,0,0,6,1,5,12,0,1,0,0,3,0,0,4,4,0,0,0,0,0,0,0,0,0,0,0,0,0,0,0,0,0,0,0,0,0,0,268,66,6875,7209,7209,0,33,0,0,4731,0,0,187,2257,234,96,929,1194,2248,0,0,0,2508,0,0,7209,19,48,0,1194,90,0,0,0,1194,0,0,2545,1,1.32713265123532
Minocqua Police Department,2012-09-01,Wisconsin,4372,WI04401,0,0,0,0,0,0,0,1,0,0,0,0,0,0,0,0,0,0,3,5,2,10,0,1,0,0,1,0,0,4,4,0,0,1,0,0,0,0,0,0,0,0,13271,0,0,0,0,0,0,0,0,0,0,97,719,2786,3602,16873,0,199,0,0,1485,0,0,388,1530,1644,0,227,0,134,0,0,13271,1597,0,0,16873,159,0,0,0,134,0,0,13271,199,0,0,13764,1,1.32713265123532
Minocqua Police Department,2012-10-01,Wisconsin,4372,WI04401,0,0,0,0,0,0,0,0,0,0,0,0,0,0,0,0,0,0,2,3,5,10,0,0,0,0,1,0,0,4,5,0,0,0,0,0,0,0,0,0,0,0,0,0,0,0,0,0,0,0,0,0,0,88,504,2303,2894,2894,0,0,0,0,265,0,0,897,1732,494,451,20,0,364,1048,0,0,518,0,0,2894,388,451,0,0,24,0,0,0,159,0,0,1022,1,1.32713265123532
Minocqua Police Department,2012-11-01,Wisconsin,4372,WI04401,0,0,0,0,0,0,0,0,0,0,0,0,0,0,0,0,0,0,3,3,4,10,0,0,0,0,2,0,0,4,4,0,0,0,0,0,0,0,0,0,0,0,0,0,0,0,0,0,0,0,0,0,0,111,265,1878,2255,2255,0,0,0,0,425,0,0,218,1612,98,0,458,0,0,0,0,0,1632,0,66,2255,52,0,0,0,0,80,0,0,734,0,66,932,1,1.32713265123532
Minocqua Police Department,2012-12-01,Wisconsin,4372,WI04401,0,0,0,0,0,0,0,0,0,0,0,0,0,0,0,0,0,0,0,5,3,8,0,0,0,0,0,0,0,2,6,0,0,0,0,0,0,0,0,0,0,0,0,0,0,0,0,0,0,0,0,0,0,0,527,2867,3393,3393,0,0,0,0,0,0,0,208,3185,0,145,199,464,11,0,0,0,1128,1380,66,3393,0,145,0,0,0,0,0,0,1017,0,0,1161,1,1.32713265123532
Minocqua Police Department,2014-01-01,Wisconsin,4464,WI04401,0,1,0,0,0,0,1,1,0,0,0,0,0,0,0,1,0,1,2,1,1,4,0,0,0,0,1,0,0,3,0,0,0,1,0,257,0,0,0,0,0,257,6513,0,0,0,0,0,0,0,508,0,508,21,126,644,790,8069,0,0,0,0,644,0,0,147,0,70,126,206,644,0,0,0,6435,73,0,515,8069,0,70,0,0,0,0,0,6435,9,0,0,6514,1,1.28709350845562
Minocqua Police Department,2014-02-01,Wisconsin,4464,WI04401,0,0,0,0,0,0,0,0,0,1,0,0,0,0,0,0,0,0,1,1,0,2,0,0,0,0,0,0,0,1,1,0,0,0,0,0,0,0,0,0,0,0,0,0,0,0,0,0,0,0,0,0,0,26,77,0,103,103,0,0,0,0,0,0,0,77,26,0,26,0,0,0,0,0,0,77,0,0,103,0,0,0,0,0,0,0,0,0,0,0,0,1,1.28709350845562
Minocqua Police Department,2014-03-01,Wisconsin,4464,WI04401,0,0,0,0,1,0,1,0,0,0,0,0,0,0,0,0,0,0,1,1,3,5,0,0,0,0,2,0,0,1,2,0,0,0,0,0,0,0,8806,0,0,8806,0,0,0,0,0,0,0,0,0,0,0,13,90,1545,1647,10454,0,0,0,0,734,0,0,13,901,0,67,7465,0,0,0,0,0,1351,1158,412,10454,0,0,0,0,0,0,0,0,644,0,322,965,1,1.28709350845562
Minocqua Police Department,2014-04-01,Wisconsin,4464,WI04401,0,2,0,0,1,0,3,0,0,0,0,0,0,0,0,0,0,0,1,0,4,5,0,0,0,0,0,0,0,3,2,0,0,0,0,579,0,0,472,0,0,1052,0,0,0,0,0,0,0,0,0,0,0,23,0,1588,1611,2663,0,0,0,0,0,0,0,878,734,588,45,492,0,0,0,0,0,1023,515,0,2663,588,0,0,0,0,0,0,0,710,0,0,1299,1,1.28709350845562
Minocqua Police Department,2014-05-01,Wisconsin,4464,WI04401,0,0,0,0,0,0,0,0,0,0,0,0,0,0,0,0,0,0,1,1,2,4,0,0,0,0,2,1,0,1,0,0,0,0,0,0,0,0,0,0,0,0,0,0,0,0,0,0,0,0,0,0,0,51,103,3264,3419,3419,0,0,0,0,1382,1933,0,103,0,0,51,1933,0,0,1331,0,0,103,0,0,3419,0,0,0,0,0,0,0,0,23,0,0,23,1,1.28709350845562
Minocqua Police Department,2014-06-01,Wisconsin,4464,WI04401,0,0,0,0,0,0,0,0,0,0,0,0,0,0,0,0,0,0,1,0,3,4,0,0,0,0,1,0,0,1,2,0,0,0,0,0,0,0,0,0,0,0,0,0,0,0,0,0,0,0,0,0,0,32,0,4623,4655,4655,0,0,0,0,3411,0,0,749,496,0,749,2124,0,0,0,0,0,496,1287,0,4655,0,749,0,0,0,0,0,0,0,0,0,749,1,1.28709350845562
Minocqua Police Department,2014-07-01,Wisconsin,4464,WI04401,0,0,0,1,1,0,2,0,0,1,0,0,0,0,0,0,0,0,1,1,8,10,0,0,0,0,2,1,0,3,4,0,0,0,0,0,0,0,147,22115,0,22262,0,0,0,0,0,0,0,0,0,0,0,22,64,10182,10268,32530,0,0,0,0,3411,1673,0,847,4338,2040,502,2167,0,390,3346,0,0,23698,386,0,32530,19,438,147,0,390,3346,0,0,322,1158,0,5820,1,1.28709350845562
Minocqua Police Department,2014-08-01,Wisconsin,4464,WI04401,1,0,0,0,0,0,1,0,0,0,0,0,0,0,0,0,0,0,1,4,3,8,0,1,0,0,0,0,0,3,4,0,0,0,0,0,450,0,0,0,0,450,0,0,0,0,0,0,0,0,0,0,0,30,622,1557,2209,2659,0,386,0,0,0,0,0,674,1148,0,64,362,0,0,593,0,0,1640,0,0,2659,0,0,0,0,0,0,0,0,674,0,0,674,1,1.28709350845562
Minocqua Police Department,2014-09-01,Wisconsin,4464,WI04401,0,1,0,0,0,0,1,0,0,1,0,0,0,0,0,0,0,0,2,4,5,11,0,0,0,0,1,0,2,4,4,0,0,0,0,4209,0,0,0,0,0,4209,0,0,0,0,0,0,0,0,0,0,0,84,450,4170,4704,8913,0,0,0,0,1545,0,193,543,2488,425,295,3025,0,0,0,0,0,1230,0,4003,8977,193,0,1545,0,0,0,0,0,308,0,0,2045,1,1.28709350845562
Minocqua Police Department,2014-10-01,Wisconsin,4464,WI04401,0,0,0,0,1,0,1,0,0,0,0,0,0,0,0,0,0,0,1,7,1,9,0,1,0,0,1,0,0,4,3,0,0,0,0,0,0,0,1744,0,0,1744,0,0,0,0,0,0,0,0,0,0,0,51,810,852,1713,3457,0,167,0,0,129,0,0,310,1107,852,0,1999,0,0,0,0,0,606,0,0,3457,0,0,0,0,0,0,0,0,86,0,0,86,1,1.28709350845562
Minocqua Police Department,2014-11-01,Wisconsin,4464,WI04401,0,0,0,0,0,0,0,0,0,0,0,0,0,0,0,0,0,0,0,4,3,7,0,0,0,0,0,0,0,4,3,0,0,0,0,0,0,0,0,0,0,0,0,0,0,0,0,0,0,0,0,0,0,0,703,2972,3675,3675,0,0,0,0,0,0,0,952,2722,0,0,148,0,0,1609,0,0,1918,0,0,3675,0,0,0,0,0,1609,0,0,837,0,0,2445,1,1.28709350845562
Minocqua Police Department,2014-12-01,Wisconsin,4464,WI04401,0,0,0,1,0,0,1,1,0,0,0,0,0,0,0,0,0,0,1,2,3,6,1,0,0,1,0,0,0,2,2,0,0,1,0,0,0,0,0,4634,0,4634,6435,0,0,0,0,0,0,0,0,0,0,63,375,6124,6562,17631,1879,0,0,772,0,0,0,257,3653,0,0,8106,708,0,0,0,6435,2381,0,0,17631,1828,0,0,0,0,0,0,6435,18485,0,0,26748,1,1.28709350845562
Minocqua Police Department,2015-01-01,Wisconsin,4454,WI04401,0,0,0,0,0,0,0,0,0,0,0,0,0,0,0,0,0,0,1,1,1,3,0,0,0,0,0,0,0,0,3,0,0,0,0,0,0,0,0,0,0,0,0,0,0,0,0,0,0,0,0,0,0,39,193,2749,2980,2980,0,0,0,0,0,0,0,0,2980,0,13,26,0,2749,0,0,0,193,0,0,2980,0,0,0,0,0,0,0,0,129,0,0,129,1,1.28556847539769
Minocqua Police Department,2015-02-01,Wisconsin,4454,WI04401,0,0,0,0,0,0,0,0,0,0,0,0,0,0,0,0,0,0,2,1,1,4,0,0,0,1,0,0,1,1,1,0,0,0,0,0,0,0,0,0,0,0,0,0,0,0,0,0,0,0,0,0,0,64,180,616,860,860,0,0,0,26,0,0,180,616,39,0,39,180,0,0,0,0,0,641,0,0,860,0,0,0,0,0,0,0,0,0,0,0,0,1,1.28556847539769
Minocqua Police Department,2015-03-01,Wisconsin,4454,WI04401,0,0,0,0,0,0,0,0,0,0,0,0,0,0,0,0,0,0,3,4,1,8,0,0,0,0,0,0,0,6,2,0,0,0,0,0,0,0,0,0,0,0,0,0,0,0,0,0,0,0,0,0,0,100,679,585,1364,1364,0,0,0,0,0,0,0,1124,240,0,932,112,0,0,0,0,0,320,0,0,1364,0,803,0,0,0,0,0,0,274,0,0,1077,1,1.28556847539769
Minocqua Police Department,2015-04-01,Wisconsin,4454,WI04401,0,0,0,0,0,0,0,0,0,0,0,0,0,0,0,0,0,0,3,5,0,8,0,0,0,0,1,0,0,5,2,0,0,0,0,0,0,0,0,0,0,0,0,0,0,0,0,0,0,0,0,0,0,94,713,0,807,807,0,0,0,0,64,0,0,483,260,0,28,231,0,64,0,0,0,483,0,0,807,0,0,0,0,0,0,0,0,435,0,0,435,1,1.28556847539769
Minocqua Police Department,2015-05-01,Wisconsin,4454,WI04401,0,0,0,0,0,0,0,0,0,0,0,0,0,0,0,0,0,0,2,1,2,5,0,0,0,0,0,0,0,3,2,0,0,0,0,0,0,0,0,0,0,0,0,0,0,0,0,0,0,0,0,0,0,78,120,2410,2608,2608,0,0,0,0,0,0,0,198,2410,172,0,257,0,0,0,0,0,2179,0,0,2608,172,0,0,0,0,0,0,0,26,0,0,198,1,1.28556847539769
Minocqua Police Department,2015-06-01,Wisconsin,4454,WI04401,0,0,0,1,0,0,1,0,0,0,0,0,0,0,0,0,0,0,0,2,2,4,0,0,0,0,0,0,0,1,3,0,0,0,0,0,0,0,0,514,0,514,0,0,0,0,0,0,0,0,0,0,0,0,195,5284,5479,5993,0,0,0,0,0,0,0,67,5412,0,0,514,0,0,0,0,0,5479,0,0,5993,0,0,0,0,0,0,0,0,1224,0,0,1224,1,1.28556847539769
Minocqua Police Department,2015-07-01,Wisconsin,4454,WI04401,0,0,0,0,0,0,0,0,0,0,0,0,0,0,0,0,0,0,0,0,0,0,0,0,0,0,0,0,0,0,0,0,0,0,0,0,0,0,0,0,0,0,0,0,0,0,0,0,0,0,0,0,0,0,0,0,0,0,0,0,0,0,0,0,0,0,0,0,0,0,0,0,0,0,0,0,0,0,0,0,0,0,0,0,0,0,0,0,0,0,0,1,1.28556847539769
Minocqua Police Department,2015-08-01,Wisconsin,4454,WI04401,0,0,0,0,0,0,0,0,0,0,0,0,0,0,0,0,0,0,1,5,4,10,0,0,0,0,1,0,0,4,5,0,0,0,0,0,0,0,0,0,0,0,0,0,0,0,0,0,0,0,0,0,0,51,690,4075,4817,4817,0,0,0,0,694,0,0,810,3380,417,0,375,0,663,0,0,0,3171,0,257,4884,95,0,0,0,663,0,0,0,0,0,0,758,1,1.28556847539769
Minocqua Police Department,2015-09-01,Wisconsin,4454,WI04401,0,0,0,0,0,0,0,0,0,1,0,0,0,0,0,0,0,0,4,7,7,18,0,0,0,0,1,0,0,10,7,0,0,0,0,0,0,0,0,0,0,0,0,0,0,0,0,0,0,0,0,0,0,121,1169,2637,3926,3926,0,0,0,0,450,0,0,1406,2070,318,0,257,0,865,496,0,0,1973,0,17,3926,318,0,0,0,698,46,0,0,739,0,0,1801,1,1.28556847539769
Minocqua Police Department,2015-10-01,Wisconsin,4454,WI04401,1,0,0,0,0,0,1,0,0,0,0,0,0,0,0,0,0,0,6,6,5,17,0,0,0,0,1,0,0,13,3,0,0,0,0,0,1504,0,0,0,0,1504,0,0,0,0,0,0,0,0,0,0,0,194,838,9937,10970,12474,0,0,0,0,1028,0,0,2545,7396,184,15,0,0,2389,0,0,0,8846,1028,12,12474,177,15,0,0,9,0,0,0,2300,0,0,2502,1,1.28556847539769
Minocqua Police Department,2015-11-01,Wisconsin,4454,WI04401,0,0,0,1,0,0,1,0,0,0,0,0,0,0,0,0,0,0,6,4,4,14,0,0,0,0,1,0,0,10,3,0,0,0,0,0,0,0,0,585,0,585,0,0,0,0,0,0,0,0,0,0,0,220,345,4408,4973,5558,0,0,0,0,66,0,0,1377,3530,140,81,66,0,392,129,0,0,4320,431,0,5558,0,6,0,0,0,0,0,0,712,53,0,771,1,1.28556847539769
Minocqua Police Department,2015-12-01,Wisconsin,4454,WI04401,0,0,0,1,0,0,1,0,0,0,0,0,0,0,0,0,0,0,1,6,2,9,0,0,0,0,0,0,0,7,2,0,0,0,0,0,0,0,0,7924,0,7924,0,0,0,0,0,0,0,0,0,0,0,51,955,3085,4092,12016,0,0,0,0,0,0,0,1007,3085,35,51,0,0,356,0,0,0,11574,0,0,12016,0,0,0,0,64,0,0,0,500,0,0,564,1,1.28556847539769
Minocqua Police Department,2016-01-01,Wisconsin,4438,WI04401,2,3,0,3,0,0,8,0,0,0,0,0,0,0,0,0,0,0,3,2,3,8,0,0,0,0,1,0,0,7,0,0,0,0,0,443,5865,0,0,10467,0,16776,0,0,0,0,0,0,0,0,0,0,0,113,193,1143,1449,18224,0,0,0,0,508,0,0,941,0,686,419,2540,0,227,74,0,0,9636,25,4617,18224,0,19,0,0,104,42,0,0,128,0,99,392,1,1.26955202032162
Minocqua Police Department,2016-02-01,Wisconsin,4438,WI04401,0,0,0,0,0,0,0,0,0,0,0,0,0,0,0,0,0,0,2,4,5,11,1,0,0,0,0,0,0,8,2,0,0,0,0,0,0,0,0,0,0,0,0,0,0,0,0,0,0,0,0,0,0,43,470,2888,3401,3401,0,0,0,0,0,0,0,2020,1381,76,1231,0,0,0,0,0,0,2026,0,67,3401,76,651,0,0,0,0,0,0,1394,0,0,2121,1,1.26955202032162
Minocqua Police Department,2016-03-01,Wisconsin,4438,WI04401,1,0,0,0,0,0,1,0,0,0,0,0,0,0,0,0,0,0,7,6,3,16,0,0,0,1,0,0,0,13,2,0,0,0,0,0,635,0,0,0,0,635,0,0,0,0,0,0,0,0,0,0,0,244,593,1643,2479,3114,0,0,0,311,0,0,0,1431,738,38,81,0,0,96,0,0,0,2060,0,838,3114,0,25,0,0,0,0,0,0,231,0,102,358,1,1.26955202032162
Minocqua Police Department,2016-04-01,Wisconsin,4438,WI04401,0,0,0,0,0,0,0,0,0,0,0,0,0,0,0,0,0,0,4,7,1,12,0,0,0,0,1,0,0,11,0,0,0,0,0,0,0,0,0,0,0,0,0,0,0,0,0,0,0,0,0,0,0,163,603,515,1281,1281,0,0,0,0,0,0,0,1281,0,170,665,0,0,0,0,0,0,378,0,67,1281,0,109,0,0,0,0,0,0,196,0,0,305,1,1.26955202032162
Minocqua Police Department,2016-05-01,Wisconsin,4438,WI04401,0,1,0,1,0,0,2,0,0,1,0,0,0,0,0,0,0,0,2,4,4,10,0,0,0,0,2,0,0,4,4,0,0,0,0,3363,0,0,0,63,0,3427,0,0,0,0,0,0,0,0,0,0,0,84,606,5393,6082,9509,0,0,0,0,632,0,0,420,5030,8,354,127,0,0,2869,0,0,6088,63,0,9509,8,232,0,0,0,13,0,0,113,0,0,366,1,1.26955202032162
Minocqua Police Department,2016-06-01,Wisconsin,4438,WI04401,0,0,0,1,0,0,1,0,0,0,0,0,0,0,0,0,0,0,1,1,1,3,1,0,0,0,0,0,0,1,1,0,0,0,0,0,0,0,0,746,0,746,0,0,0,0,0,0,0,0,0,0,0,0,75,1767,1842,2589,0,0,0,0,0,0,0,75,1767,19,34,810,0,0,0,0,0,1725,0,0,2589,0,0,0,0,0,0,0,0,0,0,0,0,1,1.26955202032162
Minocqua Police Department,2016-07-01,Wisconsin,4438,WI04401,0,0,0,0,0,0,0,0,0,0,0,0,0,0,0,0,0,0,1,2,1,4,0,0,0,0,0,0,1,2,1,0,0,0,0,0,0,0,0,0,0,0,0,0,0,0,0,0,0,0,0,0,0,51,402,2793,3246,3246,0,0,0,0,0,0,51,402,2793,301,0,0,0,0,0,0,0,2945,0,0,3246,250,0,0,0,0,0,0,0,0,0,0,250,1,1.26955202032162
Minocqua Police Department,2016-08-01,Wisconsin,4438,WI04401,0,0,0,1,0,0,1,0,0,0,0,0,0,0,0,0,0,0,0,0,0,0,0,0,0,0,0,0,0,0,0,0,0,0,0,0,0,0,0,952,0,952,0,0,0,0,0,0,0,0,0,0,0,0,0,0,0,952,0,0,0,0,0,0,0,0,0,0,0,952,0,0,0,0,0,0,0,0,952,0,0,0,0,0,0,0,0,0,0,0,0,1,1.26955202032162
Minocqua Police Department,2016-09-01,Wisconsin,4438,WI04401,0,0,0,0,2,0,2,0,0,0,0,0,0,0,0,0,0,0,4,3,1,8,0,0,0,0,0,0,1,3,4,0,0,0,0,0,0,0,1798,0,0,1798,0,0,0,0,0,0,0,0,0,0,0,96,444,317,858,2656,0,0,0,0,0,0,32,331,495,292,51,1689,0,0,0,0,0,545,80,0,2656,159,0,0,0,0,0,0,0,0,0,0,159,1,1.26955202032162
Minocqua Police Department,2016-10-01,Wisconsin,4438,WI04401,0,0,0,0,0,0,0,0,0,0,0,0,0,0,0,0,0,0,1,2,1,4,0,0,0,0,0,0,0,2,2,0,0,0,0,0,0,0,0,0,0,0,0,0,0,0,0,0,0,0,0,0,0,57,284,571,913,913,0,0,0,0,0,0,0,250,663,0,0,91,0,57,0,0,0,764,0,0,913,0,0,91,0,0,0,0,0,764,0,0,856,1,1.26955202032162
Minocqua Police Department,2016-11-01,Wisconsin,4438,WI04401,0,0,0,1,0,0,1,0,0,0,0,0,0,0,0,0,0,0,1,0,4,5,0,0,0,0,0,0,0,3,2,0,0,0,0,0,0,0,0,127,0,127,0,0,0,0,0,0,0,0,0,0,0,44,0,4525,4569,4696,0,0,0,0,0,0,0,3814,755,2375,0,0,0,0,0,0,0,2321,0,0,4696,2375,0,0,0,0,0,0,0,1044,0,0,3419,1,1.26955202032162
Minocqua Police Department,2016-12-01,Wisconsin,4438,WI04401,0,0,0,0,0,0,0,0,0,0,0,0,0,0,0,0,0,0,3,2,1,6,0,0,0,0,0,0,0,5,1,0,0,0,0,0,0,0,0,0,0,0,0,0,0,0,0,0,0,0,0,0,0,69,190,444,703,703,0,0,0,0,0,0,0,701,3,599,3,0,0,0,0,0,0,102,0,0,703,491,0,0,0,0,0,0,0,19,0,0,510,1,1.26955202032162
Minocqua Police Department,1972-01-01,Wisconsin,2461,WI04401,0,0,0,0,0,0,0,1,0,0,0,0,0,0,0,0,0,0,2,3,0,5,0,0,0,0,0,0,0,5,0,1,0,1,0,0,0,0,0,0,0,0,9473,0,0,0,0,0,0,0,0,0,0,36,328,0,364,9837,0,0,0,0,0,0,0,364,0,0,0,0,0,0,0,0,9473,364,0,0,9837,0,0,0,0,0,0,0,9473,364,0,0,9837,1,7.28660621761658
Minocqua Police Department,1972-02-01,Wisconsin,2461,WI04401,0,0,4,0,0,4,8,0,0,0,0,0,0,0,0,0,0,0,0,2,1,3,0,0,1,1,1,0,0,0,0,0,0,0,0,0,0,10201,0,0,0,10201,0,0,0,0,0,0,0,0,0,0,0,0,328,1093,1421,11622,0,0,36,291,1093,0,0,0,0,0,0,0,0,0,0,0,0,11622,0,0,11622,0,0,0,0,0,0,0,0,3935,0,0,3935,1,7.28660621761658
Minocqua Police Department,1972-03-01,Wisconsin,2461,WI04401,0,0,4,0,0,0,4,0,0,0,0,0,0,0,0,0,0,0,2,0,0,2,0,0,0,0,0,0,0,2,0,0,0,0,0,0,0,393,0,0,0,393,0,0,0,0,0,0,0,0,0,0,0,0,0,0,0,393,0,0,0,0,0,0,0,0,0,0,0,0,0,0,0,0,0,401,0,0,401,0,0,0,0,0,0,0,0,0,0,0,0,1,7.28660621761658
Minocqua Police Department,1972-04-01,Wisconsin,2461,WI04401,0,0,5,0,0,0,5,0,0,0,0,0,0,0,0,0,0,0,0,2,1,3,0,0,0,2,1,0,0,0,0,0,0,0,0,0,0,4372,0,0,0,4372,0,0,0,0,0,0,0,0,0,0,0,0,182,546,729,5101,0,0,0,182,546,0,0,0,0,0,0,0,0,0,0,0,0,5101,0,0,5101,0,0,0,0,0,0,0,0,0,0,0,0,1,7.28660621761658
Minocqua Police Department,1972-05-01,Wisconsin,2461,WI04401,0,0,4,0,0,0,4,0,0,0,0,0,0,0,0,0,0,0,0,5,6,11,1,0,0,3,4,0,0,2,1,0,0,0,0,0,0,2550,0,0,0,2550,0,0,0,0,0,0,0,0,0,0,0,0,554,4372,4926,7476,546,0,0,1093,3155,0,0,80,51,0,0,0,0,0,0,0,0,7476,0,0,7476,0,0,0,0,0,0,0,0,546,0,0,546,1,7.28660621761658
Minocqua Police Department,1972-06-01,Wisconsin,2461,WI04401,0,0,3,0,0,0,3,0,0,0,0,0,0,0,0,0,0,0,2,3,3,8,0,0,0,1,3,0,0,2,2,0,0,0,0,0,0,40441,0,0,0,40441,0,0,0,0,0,0,0,0,0,0,0,29,160,1202,1392,41832,0,0,0,437,874,0,0,29,51,0,0,0,0,0,0,0,0,41832,0,0,41832,0,0,0,0,0,0,0,0,51,0,0,51,1,7.28660621761658
Minocqua Police Department,1972-07-01,Wisconsin,2461,WI04401,0,0,0,0,1,0,1,3,0,0,0,0,0,0,0,0,0,0,4,8,13,25,2,0,1,8,10,0,0,4,0,1,0,1,0,0,0,0,5902,0,0,5902,6922,0,0,0,0,0,0,0,0,0,0,22,2040,20344,22406,35231,364,0,2186,4372,15462,0,0,22,0,0,0,73,0,0,0,0,6922,28243,0,0,35238,0,0,73,0,0,0,0,729,1822,0,0,2623,1,7.28660621761658
Minocqua Police Department,1972-08-01,Wisconsin,2461,WI04401,0,0,7,0,0,0,7,0,0,0,0,0,0,0,0,0,0,0,2,4,5,11,0,0,0,0,9,0,0,2,0,0,0,0,0,0,0,47873,0,0,0,47873,0,0,0,0,0,0,0,0,0,0,0,15,546,4255,4816,52689,0,0,0,0,4802,0,0,15,0,0,0,2222,0,0,21860,0,0,28607,0,0,52689,0,0,0,0,0,40076,0,0,0,0,0,40076,1,7.28660621761658
Minocqua Police Department,1972-09-01,Wisconsin,2461,WI04401,0,0,6,0,0,0,6,0,0,0,0,0,0,0,0,0,0,0,0,2,6,8,1,0,0,0,6,0,0,1,0,0,0,0,0,0,0,3060,0,0,0,3060,0,0,0,0,0,0,0,0,0,0,0,0,219,8125,8343,11404,1457,0,0,0,6849,0,0,36,0,0,0,2477,0,0,0,0,0,8926,0,0,11404,0,0,0,0,0,0,0,0,2587,0,0,2587,1,7.28660621761658
Minocqua Police Department,1972-10-01,Wisconsin,2461,WI04401,0,0,9,0,0,0,9,0,0,0,0,0,0,0,0,0,0,0,0,1,4,5,0,0,0,0,4,0,0,1,0,0,0,0,0,0,0,4270,0,0,0,4270,0,0,0,0,0,0,0,0,0,0,0,0,73,2951,3024,7294,0,0,0,0,2951,0,0,73,0,0,0,1093,0,0,0,0,0,6201,0,0,7294,0,0,0,0,0,0,0,0,4736,0,0,4736,1,7.28660621761658
Minocqua Police Department,1972-11-01,Wisconsin,2461,WI04401,0,0,3,0,0,0,3,0,0,0,0,0,0,0,0,0,0,0,0,0,3,3,0,0,0,0,3,0,0,0,0,0,0,0,0,0,0,7323,0,0,0,7323,0,0,0,0,0,0,0,0,0,0,0,0,0,3031,3031,10354,0,0,0,0,3031,0,0,0,0,2048,0,0,0,0,0,0,0,8307,0,0,10354,0,0,0,0,0,0,0,0,911,0,0,911,1,7.28660621761658
Minocqua Police Department,1972-12-01,Wisconsin,2461,WI04401,0,0,1,0,1,1,3,0,0,0,0,0,0,0,0,0,0,0,0,0,6,6,0,0,0,3,3,0,0,0,0,0,0,0,0,0,0,5101,0,0,146,5246,0,0,0,0,0,0,0,0,0,0,0,0,0,4408,4408,9655,0,0,0,2077,2332,0,0,0,0,0,0,1057,0,0,0,0,0,8598,0,0,9655,0,0,0,0,0,0,0,0,0,0,0,0,1,7.28660621761658
Minocqua Police Department,1973-01-01,Wisconsin,2621,WI04401,1,0,2,0,0,0,3,0,0,0,0,0,0,0,0,0,0,0,0,2,3,5,0,0,0,3,2,0,0,0,0,0,0,0,0,0,6863,0,0,0,0,6863,0,0,0,0,0,0,0,0,0,0,0,0,652,1709,2361,9223,0,0,0,1709,652,0,0,0,0,652,0,0,0,0,0,0,0,8571,0,0,9223,0,0,0,0,0,0,0,0,0,0,0,0,1,6.86264827327328
Minocqua Police Department,1973-02-01,Wisconsin,2621,WI04401,0,0,1,0,0,0,1,0,0,0,0,0,0,0,0,0,0,0,1,2,3,6,2,0,0,0,1,0,0,1,2,0,0,0,0,0,0,0,0,0,0,0,0,0,0,0,0,0,0,0,0,0,0,27,412,1812,2251,2251,954,0,0,0,858,0,0,27,412,515,0,0,0,0,0,0,0,1736,0,0,2251,0,0,0,0,0,0,0,0,27,0,0,27,1,6.86264827327328
Minocqua Police Department,1973-03-01,Wisconsin,2621,WI04401,0,0,3,0,0,2,5,0,0,0,0,0,0,0,0,0,0,0,0,2,0,2,0,0,0,1,0,0,0,0,1,0,0,0,0,0,0,3164,0,0,233,3397,0,0,0,0,0,0,0,0,0,0,0,0,275,0,275,3672,0,0,0,206,0,0,0,0,69,0,0,837,0,0,0,0,0,2834,0,0,3672,0,0,0,0,0,0,0,0,69,0,0,69,1,6.86264827327328
Minocqua Police Department,1973-04-01,Wisconsin,2621,WI04401,0,0,4,0,0,0,4,0,0,0,0,0,1,0,0,0,0,1,1,4,4,9,1,1,0,5,2,0,0,0,0,0,0,0,0,0,0,0,0,0,0,0,0,0,0,0,0,1572,0,0,0,0,1572,14,460,2573,3047,4619,1132,686,0,151,1077,0,0,0,0,0,0,1585,0,0,0,0,0,3033,0,0,4619,0,0,0,0,0,0,0,0,686,0,0,686,1,6.86264827327328
Minocqua Police Department,1973-05-01,Wisconsin,2621,WI04401,0,4,3,1,2,0,10,0,0,0,0,0,0,0,0,0,0,0,0,5,9,14,3,0,0,4,2,0,0,1,4,0,0,0,0,0,0,0,75,707,0,782,0,0,0,0,0,0,0,0,0,0,0,0,734,8187,8921,9704,1373,0,0,1853,1942,0,0,48,3706,0,0,1640,0,0,0,0,0,8064,0,0,9704,0,0,0,0,0,0,0,0,4989,0,0,4989,1,6.86264827327328
Minocqua Police Department,1973-06-01,Wisconsin,2621,WI04401,0,1,4,0,1,1,7,0,0,0,0,0,0,0,0,0,0,0,2,6,8,16,4,1,1,0,0,0,1,3,6,0,0,0,1,0,0,8407,686,0,172,9265,0,0,0,0,0,0,0,0,0,0,0,34,686,7583,8304,17568,686,926,412,0,0,0,172,103,6005,0,0,583,0,0,0,0,0,16985,0,0,17568,0,0,0,0,0,0,0,0,926,0,0,926,1,6.86264827327328
Minocqua Police Department,1973-07-01,Wisconsin,2621,WI04401,0,2,0,0,3,1,6,1,0,0,0,0,0,0,0,1,0,1,4,5,7,16,0,2,0,2,0,0,4,4,4,0,1,1,0,4255,0,0,1235,0,0,5490,8235,0,0,0,0,0,0,0,14,0,14,110,741,11358,12209,25948,0,1304,0,5216,0,0,1270,110,4310,96,0,2381,0,0,0,0,8235,15228,0,0,25941,0,0,0,0,0,0,0,8235,7,0,0,8242,1,6.86264827327328
Minocqua Police Department,1973-08-01,Wisconsin,2621,WI04401,0,3,3,1,0,0,7,3,0,0,0,0,0,0,0,0,0,0,1,6,13,20,1,2,2,3,2,0,0,1,9,0,3,3,0,412,0,2477,0,1235,0,4124,59019,0,0,0,0,0,0,0,0,0,0,0,865,11907,12771,75915,1098,1338,377,2333,2093,0,0,0,5531,0,0,2711,0,0,0,0,59019,14185,0,0,75915,0,0,0,0,0,0,0,59019,1242,0,0,60261,1,6.86264827327328
Minocqua Police Department,1973-09-01,Wisconsin,2621,WI04401,0,0,3,0,5,0,8,1,0,0,0,0,1,0,0,0,0,1,0,2,6,8,1,0,1,2,0,0,2,0,2,0,1,1,0,0,0,0,995,0,0,995,61764,0,0,0,0,10980,0,0,0,0,10980,0,240,7858,8098,81837,1029,0,34,3912,0,0,2265,0,858,0,0,11920,0,0,295,0,61764,7858,0,0,81837,0,0,10980,0,0,0,0,61764,0,0,0,72744,1,6.86264827327328
Minocqua Police Department,1973-10-01,Wisconsin,2621,WI04401,0,0,4,0,3,0,7,1,0,0,0,0,0,0,0,0,0,0,3,2,5,10,0,0,1,2,2,0,2,2,1,1,0,1,0,0,0,12113,583,0,0,12696,24019,0,0,0,0,0,0,0,0,0,0,48,268,4186,4502,41217,0,0,14,2059,755,0,1434,34,206,2278,0,2649,0,0,0,0,24019,12270,0,0,41217,0,0,515,0,0,0,0,24019,1750,0,0,26284,1,6.86264827327328
Minocqua Police Department,1973-11-01,Wisconsin,2621,WI04401,0,1,4,0,1,0,6,0,0,0,0,0,0,0,0,0,0,0,0,3,6,9,2,0,0,3,1,0,0,1,2,0,0,0,0,0,0,6863,0,0,0,6863,0,0,0,0,0,0,0,0,0,0,0,0,652,4392,5044,11907,1235,0,0,1887,686,0,0,789,446,0,0,0,0,0,0,0,0,11907,0,0,11907,0,0,0,0,0,0,0,0,0,0,0,0,1,6.86264827327328
Minocqua Police Department,1973-12-01,Wisconsin,2621,WI04401,0,4,0,0,3,0,7,0,0,0,0,0,0,0,0,0,0,0,1,3,5,9,0,0,0,0,5,0,0,2,2,0,0,0,0,12318,0,0,1235,0,0,13554,0,0,0,0,0,0,0,0,0,0,0,7,309,10603,10918,24472,0,0,0,0,1922,0,0,75,8921,549,0,0,0,0,0,0,0,23923,0,0,24472,549,0,0,0,0,0,0,0,21178,0,0,21727,1,6.86264827327328
Minocqua Police Department,1974-01-01,Wisconsin,2802,WI04401,0,2,0,1,0,0,3,0,0,0,0,0,0,0,0,0,0,0,3,5,0,8,1,0,0,1,1,0,0,2,3,0,0,0,0,0,0,0,0,74,0,74,0,0,0,0,0,0,0,0,0,0,0,25,3615,0,3640,3714,556,0,0,803,865,0,0,25,1390,0,0,0,0,0,0,0,0,3714,0,0,3714,0,0,0,0,0,0,0,0,99,0,0,99,1,6.17951495690384
Minocqua Police Department,1974-02-01,Wisconsin,2802,WI04401,0,1,0,0,3,0,4,1,0,0,0,0,0,0,0,0,0,0,3,3,0,6,0,0,1,1,2,0,0,2,0,1,0,1,0,1854,0,0,754,0,0,2608,5562,0,0,0,0,0,0,0,0,0,0,25,1292,0,1316,9486,0,0,0,525,395,0,0,395,0,185,0,1125,0,0,204,0,5562,2404,0,0,9479,185,0,0,0,0,204,0,5562,2404,0,0,8355,1,6.17951495690384
Minocqua Police Department,1974-03-01,Wisconsin,2802,WI04401,0,4,2,0,2,0,8,0,0,0,0,0,0,0,0,0,0,0,5,5,0,10,1,0,0,2,4,0,0,2,1,0,0,0,0,15634,0,927,0,0,0,16561,0,0,0,0,0,0,0,0,0,0,0,562,2614,0,3176,19737,154,0,0,915,1576,0,0,377,154,1576,0,0,0,0,371,0,0,17791,0,0,19737,0,0,0,0,0,0,0,0,6,0,0,6,1,6.17951495690384
Minocqua Police Department,1974-04-01,Wisconsin,2802,WI04401,0,0,12,0,1,1,14,0,0,0,0,0,0,0,0,0,0,0,3,4,0,7,0,0,0,3,1,0,0,0,3,0,0,0,0,0,0,7014,0,0,0,7014,0,0,0,0,0,0,0,0,0,0,0,414,2317,0,2731,9745,0,0,0,896,834,0,0,0,1001,0,0,352,0,0,0,0,0,9393,0,0,9745,0,0,185,0,0,0,0,0,4944,0,0,5129,1,6.17951495690384
Minocqua Police Department,1974-05-01,Wisconsin,2802,WI04401,0,3,2,0,1,0,6,1,0,0,0,0,0,0,0,0,0,0,3,4,1,8,1,0,0,3,4,0,0,0,0,1,0,1,0,5314,0,0,0,0,0,5314,1545,0,0,0,0,0,0,0,0,0,0,463,2256,2348,5067,11926,185,0,0,1112,3770,0,0,0,0,0,0,896,0,0,0,0,1545,9486,0,0,11926,0,0,402,0,0,0,0,1545,0,0,0,1947,1,6.17951495690384
Minocqua Police Department,1974-06-01,Wisconsin,2802,WI04401,0,5,0,0,2,1,8,1,0,0,0,0,0,0,0,0,0,0,4,4,2,10,2,0,0,1,1,0,0,2,4,0,1,1,0,16067,0,0,247,0,0,16314,2472,0,0,0,0,0,0,0,0,0,0,630,1854,4202,6686,25472,556,0,0,618,1730,0,0,105,3677,0,0,247,0,0,0,0,2472,22753,0,0,25472,0,0,0,0,0,0,0,0,1341,0,0,1341,1,6.17951495690384
Minocqua Police Department,1974-07-01,Wisconsin,2802,WI04401,1,2,1,0,3,0,7,1,0,0,0,0,0,0,0,0,0,0,8,2,4,14,0,0,0,4,1,0,0,3,6,1,0,1,1,3831,278,10505,4789,0,0,19404,3090,0,0,0,0,0,0,0,0,0,0,476,618,6241,7335,29829,0,0,0,3584,1483,0,0,43,2225,1854,0,1483,0,0,278,0,3090,23124,0,0,29829,0,0,0,0,0,0,0,3090,3652,0,0,6742,1,6.17951495690384
Minocqua Police Department,1974-08-01,Wisconsin,2802,WI04401,0,1,3,0,2,0,6,1,0,0,0,0,0,0,0,0,0,0,3,6,8,17,6,2,0,1,2,0,0,1,5,1,0,1,0,3133,0,4363,0,0,0,7496,24718,0,0,0,0,0,0,0,0,0,0,494,3306,22864,26665,58878,13379,958,0,2039,3090,0,0,93,7106,0,0,1316,0,0,3090,0,24718,29754,0,0,58878,0,0,43,0,0,0,0,24718,3182,0,0,27944,1,6.17951495690384
Minocqua Police Department,1974-09-01,Wisconsin,2802,WI04401,0,2,5,0,4,0,11,4,0,0,0,0,0,0,0,0,0,0,7,7,6,20,1,0,1,7,4,0,0,1,6,3,1,4,0,2472,0,2756,649,0,0,5877,36428,0,0,0,0,0,0,0,0,0,0,723,4276,12822,17822,60127,321,0,618,8002,4338,0,0,19,4523,0,0,958,0,0,2688,0,36428,20053,0,0,60127,0,0,0,0,0,0,0,36428,1254,0,0,37683,1,6.17951495690384
Minocqua Police Department,1974-10-01,Wisconsin,2802,WI04401,0,2,7,1,0,0,10,1,0,2,0,0,0,0,0,0,0,0,6,5,4,15,4,1,0,1,4,1,0,2,2,0,1,1,0,43936,0,19262,0,0,0,63198,6180,0,0,0,0,0,0,0,0,0,0,612,1854,8651,11117,80494,1106,433,0,371,7632,87,0,198,1292,3683,0,87,0,0,12575,0,6180,57970,0,0,80494,99,0,0,0,0,0,0,6180,896,0,0,7174,1,6.17951495690384
Minocqua Police Department,1974-11-01,Wisconsin,2802,WI04401,0,0,3,1,1,0,5,1,0,0,0,0,0,0,0,0,0,0,10,3,3,16,2,0,0,3,4,0,0,5,2,1,0,1,0,0,0,1186,0,0,0,1186,0,0,0,0,0,0,0,0,0,0,0,488,1854,19311,21653,22839,618,0,0,148,7873,0,0,37,12977,0,0,19,0,0,0,0,0,22821,0,0,22839,0,0,0,0,0,18693,0,0,22796,0,0,41489,1,6.17951495690384
Minocqua Police Department,1974-12-01,Wisconsin,2802,WI04401,0,0,3,0,0,0,3,1,0,0,0,0,0,0,0,0,0,0,5,3,2,10,1,0,0,0,5,0,0,1,3,0,1,1,0,0,0,2132,0,0,0,2132,7415,0,0,0,0,0,0,0,0,0,0,383,1390,88058,89832,99379,216,0,0,0,2076,0,0,6,87533,457,0,0,0,0,0,0,7415,91506,0,0,99379,49,0,0,0,0,21628,0,7415,1458,0,0,30552,1,6.17951495690384
Minocqua Police Department,1975-01-01,Wisconsin,2931,WI04401,0,1,0,0,0,0,1,1,0,0,0,0,0,0,0,0,0,0,7,2,1,10,0,0,0,2,3,0,0,3,2,1,0,1,0,0,0,0,0,0,0,0,2831,0,0,0,0,0,0,0,0,0,0,408,849,8493,9750,12581,0,0,0,187,9087,0,0,23,453,849,96,8493,0,0,0,0,2831,311,0,0,12581,283,23,0,0,0,0,0,2831,1189,0,0,4326,1,5.66184422421803
Minocqua Police Department,1975-02-01,Wisconsin,2931,WI04401,1,0,0,0,0,3,4,0,0,0,0,0,0,0,0,0,0,0,1,3,1,5,3,0,0,0,0,0,0,1,1,0,0,0,0,0,0,0,0,0,2916,2916,0,0,0,0,0,0,0,0,0,0,0,6,1766,1557,3329,6245,2616,0,0,0,0,0,0,6,708,0,91,0,0,0,0,0,0,4739,0,1415,6245,0,0,0,0,0,0,0,0,0,0,0,0,1,5.66184422421803
Minocqua Police Department,1975-03-01,Wisconsin,2931,WI04401,0,0,7,0,0,1,8,0,0,0,0,0,0,0,0,0,0,0,7,1,0,8,1,0,0,1,3,0,0,2,1,0,0,0,0,0,0,1631,0,0,0,1631,0,0,0,0,0,0,0,0,0,0,0,691,283,0,974,2604,170,0,0,283,464,0,0,40,17,28,198,198,0,963,0,0,0,283,0,934,2604,28,11,0,0,0,0,0,0,1415,0,0,1455,1,5.66184422421803
Minocqua Police Department,1975-04-01,Wisconsin,2931,WI04401,0,0,2,0,0,1,3,0,0,0,0,0,0,0,0,0,0,0,6,2,0,8,0,0,0,4,2,0,0,2,0,0,0,0,0,0,0,3709,0,0,8210,11918,0,0,0,0,0,0,0,0,0,0,0,193,1812,0,2004,13922,0,0,0,1331,578,0,0,96,0,215,379,0,0,3307,0,0,8210,1189,0,623,13922,79,0,0,0,23,0,0,0,0,0,0,102,1,5.66184422421803
Minocqua Police Department,1975-05-01,Wisconsin,2931,WI04401,1,1,8,0,2,1,13,0,0,0,0,0,0,0,0,0,0,0,5,11,3,19,0,5,0,1,5,0,0,0,8,0,0,0,0,130,3301,9370,1829,0,1699,16329,0,0,0,0,0,0,0,0,0,0,0,713,6149,5860,12722,29051,0,2774,0,283,3329,0,0,0,6336,0,3074,2333,0,142,0,0,0,20417,0,3086,29051,0,85,79,0,0,0,0,0,3884,0,3086,7134,1,5.66184422421803
Minocqua Police Department,1975-06-01,Wisconsin,2931,WI04401,0,1,2,0,4,1,8,1,0,0,0,0,0,0,0,0,0,0,23,10,6,39,1,3,0,4,11,0,0,3,17,1,0,1,0,34,0,1472,510,0,0,2016,6794,0,0,0,0,0,0,0,0,0,0,2553,6030,24572,33156,41966,283,1359,0,1359,14766,0,0,147,15242,1699,549,340,0,0,0,0,6794,31593,0,991,41966,198,51,28,0,0,0,0,6794,12031,0,0,19103,1,5.66184422421803
Minocqua Police Department,1975-07-01,Wisconsin,2931,WI04401,0,0,0,1,0,0,1,0,0,0,0,0,0,0,0,2,0,2,11,7,10,28,2,1,0,10,6,1,0,2,6,0,0,0,0,0,0,0,0,142,0,142,0,0,0,0,0,0,0,0,1415,0,1415,1087,3850,18293,23231,24788,991,396,0,9716,3318,2831,0,1863,4116,170,62,5605,0,0,5254,0,0,10525,0,3171,24788,0,0,0,0,0,0,0,0,3205,0,0,3205,1,5.66184422421803
Minocqua Police Department,1975-08-01,Wisconsin,2931,WI04401,0,0,2,0,3,0,5,0,0,0,0,0,0,0,0,0,0,0,8,10,1,19,0,3,0,2,7,0,0,2,5,0,0,0,0,0,0,340,0,0,0,340,0,0,0,0,0,0,0,0,0,0,0,1642,3822,1699,7162,7502,0,1274,0,2010,2423,0,0,51,1404,708,0,0,0,283,0,0,0,6511,0,0,7502,0,0,0,368,0,0,0,0,1495,0,0,1863,1,5.66184422421803
Minocqua Police Department,1975-09-01,Wisconsin,2931,WI04401,0,0,4,0,1,0,5,0,0,0,0,0,0,0,0,0,0,0,8,2,4,14,0,0,1,1,4,0,1,1,6,0,0,0,0,0,0,1229,7576,0,0,8804,0,0,0,0,0,0,0,0,0,0,0,996,1472,5266,7734,16538,0,0,57,232,2078,0,226,1302,3839,255,5764,1851,317,611,1042,0,0,4767,0,1931,16538,0,0,0,0,0,0,0,0,0,0,1019,1019,1,5.66184422421803
Minocqua Police Department,1975-10-01,Wisconsin,2931,WI04401,2,1,8,0,1,1,13,1,0,0,0,0,0,0,0,0,0,0,6,11,4,21,4,1,0,4,3,0,0,4,5,0,1,1,1,226,0,10339,57,0,0,10622,11324,0,0,0,0,0,0,0,0,0,0,702,5469,13905,20077,42022,5011,311,0,2537,651,0,0,1155,10412,849,1217,142,226,3963,408,0,11324,22081,0,1812,42022,283,23,0,226,0,0,0,11324,878,0,0,12733,1,5.66184422421803
Minocqua Police Department,1975-11-01,Wisconsin,2931,WI04401,0,2,2,0,4,0,8,0,0,0,0,0,0,0,0,0,0,0,5,7,2,14,5,3,0,4,0,0,0,2,0,0,0,0,0,0,0,2831,10220,0,0,13051,0,0,0,0,0,0,0,0,0,0,0,498,3912,4813,9223,22274,5056,2180,0,1959,0,0,0,28,0,1302,34,170,0,0,10933,0,0,5107,0,4728,22274,0,0,0,0,0,10220,0,0,764,0,226,11210,1,5.66184422421803
Minocqua Police Department,1975-12-01,Wisconsin,2931,WI04401,2,0,2,0,0,0,4,1,0,0,0,0,0,0,0,0,0,0,4,7,0,11,2,0,0,0,6,0,0,1,2,0,1,1,0,0,35953,2435,0,0,0,38387,11324,0,0,0,0,0,0,0,0,0,0,425,2616,0,3040,52751,96,0,0,0,2310,0,0,6,628,679,238,662,0,0,0,0,11324,5877,0,33971,52751,0,6,0,0,0,0,0,11324,2610,0,0,13939,1,5.66184422421803
Minocqua Police Department,1976-01-01,Wisconsin,3032,WI04401,0,0,5,0,1,0,6,2,0,0,0,0,0,0,0,0,0,0,2,8,0,10,0,0,0,1,3,0,0,3,3,2,0,2,0,0,0,268,0,0,0,268,9638,0,0,0,0,0,0,0,0,0,0,16,3652,0,3668,13573,0,0,0,867,1713,0,0,284,803,171,551,1446,0,0,0,0,9638,803,0,964,13573,0,284,482,0,0,0,0,9638,0,0,0,10403,1,5.35425245277493
Minocqua Police Department,1976-02-01,Wisconsin,3032,WI04401,0,1,8,1,0,0,10,0,0,0,0,0,0,0,0,0,0,0,4,2,1,7,0,0,0,0,2,0,0,2,3,0,0,0,0,0,0,5049,0,0,0,5049,0,0,0,0,0,0,0,0,0,0,0,353,750,1874,2977,8026,0,0,0,0,2222,0,0,139,616,214,32,0,0,0,348,0,0,7432,0,0,8026,214,32,0,0,0,0,0,0,0,0,0,246,1,5.35425245277493
Minocqua Police Department,1976-03-01,Wisconsin,3032,WI04401,0,0,1,0,1,0,2,0,0,0,0,0,0,0,0,0,0,0,5,2,1,8,2,0,1,1,2,0,0,2,0,0,0,0,0,0,0,2195,0,0,0,2195,0,0,0,0,0,0,0,0,0,0,0,626,1178,3213,5017,7212,1017,0,321,3213,375,0,0,91,0,0,91,696,0,0,0,0,0,5408,0,1017,7212,0,91,0,0,0,0,0,0,0,0,0,91,1,5.35425245277493
Minocqua Police Department,1976-04-01,Wisconsin,3032,WI04401,0,0,0,0,2,4,6,1,0,0,0,0,0,0,0,0,0,0,7,2,2,11,1,0,0,1,2,0,0,1,6,0,1,1,0,0,0,0,6982,0,0,6982,21417,0,0,0,0,0,0,0,0,0,0,1226,1339,3255,5820,34219,214,0,0,16,428,0,0,16,5145,0,187,482,0,0,0,0,21417,12133,0,0,34219,0,16,161,0,0,0,0,21417,803,0,0,22397,1,5.35425245277493
Minocqua Police Department,1976-05-01,Wisconsin,3032,WI04401,1,0,5,0,3,0,9,0,0,0,0,0,0,0,0,0,0,0,10,6,2,18,0,1,5,1,3,0,0,1,7,0,0,0,0,0,0,3614,0,0,0,3614,0,0,0,0,0,0,0,0,0,0,0,439,3743,2142,6323,9937,0,696,54,771,1312,0,0,91,3400,91,0,241,0,455,0,0,0,9150,0,0,9937,0,0,0,0,0,0,0,0,1146,0,0,1146,1,5.35425245277493
Minocqua Police Department,1976-06-01,Wisconsin,3032,WI04401,0,0,7,0,1,0,8,0,0,0,0,0,0,0,0,0,0,0,5,8,5,18,1,1,0,2,4,0,0,1,9,0,0,0,0,0,0,22300,0,0,0,22300,0,0,0,0,0,0,0,0,0,0,0,493,3346,9905,13744,36045,187,482,0,696,1339,0,0,11,11030,402,0,1017,535,14831,0,332,0,18526,0,402,36045,0,11,0,0,321,0,0,0,2945,0,4283,7560,1,5.35425245277493
Minocqua Police Department,1976-07-01,Wisconsin,3032,WI04401,0,2,5,0,2,1,10,2,0,0,0,0,0,0,0,0,0,0,11,9,4,24,5,0,1,3,4,0,0,1,10,2,0,2,0,6961,0,34878,2302,0,0,44140,26771,0,0,0,0,0,0,0,0,0,0,1135,4872,10692,16700,87612,1633,0,107,1285,3882,0,0,134,9659,0,0,3277,43,18740,0,0,33732,12829,14189,4803,87612,0,0,1885,0,0,0,0,33732,2929,0,0,38545,1,5.35425245277493
Minocqua Police Department,1976-08-01,Wisconsin,3032,WI04401,7,0,6,0,0,0,13,0,0,0,0,0,0,0,0,0,0,0,13,10,5,28,2,0,2,8,6,0,0,1,9,0,0,0,0,0,0,30953,0,0,0,30953,0,0,0,0,0,0,0,0,0,0,0,1456,5724,7849,15029,45982,477,0,214,3550,4342,0,0,16,6430,1178,883,1098,0,7405,803,0,3213,26284,0,5119,45982,0,0,883,0,177,0,0,0,96,0,214,1371,1,5.35425245277493
Minocqua Police Department,1976-09-01,Wisconsin,3032,WI04401,0,1,2,0,1,0,4,0,0,0,0,0,0,0,0,0,0,0,8,7,3,18,4,0,0,0,9,0,0,0,5,0,0,0,0,1874,0,2409,107085,0,0,111368,0,0,0,0,0,0,0,0,0,0,0,862,3079,3962,7903,119271,2490,0,0,0,2345,0,0,0,3068,0,0,321,1874,0,107085,0,1874,6778,0,1339,119271,0,0,0,0,0,0,0,1874,0,0,0,1874,1,5.35425245277493
Minocqua Police Department,1976-10-01,Wisconsin,3032,WI04401,0,3,3,1,0,0,7,1,0,0,0,0,0,0,0,0,0,0,9,4,4,17,3,0,0,0,8,0,0,5,1,0,1,1,0,0,0,803,0,0,0,803,16063,0,0,0,0,0,0,0,0,0,0,380,1580,6200,8160,25026,2693,0,0,0,3373,0,0,86,2008,11,653,1992,0,0,0,0,16063,5772,0,535,25026,11,653,1713,0,0,0,0,16063,0,0,0,18440,1,5.35425245277493
Minocqua Police Department,1976-11-01,Wisconsin,3032,WI04401,0,0,6,0,0,0,6,0,0,0,0,0,0,0,0,0,0,0,4,5,5,14,1,0,0,2,6,0,0,4,1,0,0,0,0,0,0,107,0,0,0,107,0,0,0,0,0,0,0,0,0,0,0,43,3196,10441,13680,13787,937,0,0,1938,9423,0,0,43,1339,455,32,2677,4926,535,0,0,0,4267,0,894,13787,0,32,0,0,0,0,0,0,439,0,0,471,1,5.35425245277493
Minocqua Police Department,1976-12-01,Wisconsin,3032,WI04401,0,0,2,1,0,0,3,2,0,0,0,0,0,0,0,0,0,0,3,4,1,8,0,0,0,2,4,0,0,1,1,2,0,2,0,0,0,455,0,107,0,562,22488,0,0,0,0,0,0,0,0,0,0,268,3073,5354,8695,31745,0,0,0,6018,1526,0,0,1044,107,2190,107,0,0,375,0,0,22488,6452,0,134,31745,0,107,0,0,0,0,0,22488,0,0,0,22595,1,5.35425245277493
Minocqua Police Department,1977-01-01,Wisconsin,3212,WI04401,0,1,1,0,0,0,2,4,0,0,0,0,0,0,0,0,0,0,6,8,4,18,3,0,0,4,9,0,0,2,0,4,0,4,0,0,0,503,0,0,0,503,29159,0,0,0,0,0,0,0,0,0,0,543,4595,6143,11281,40943,3720,0,0,3745,3771,0,0,45,0,980,45,608,1257,0,377,0,29159,7813,0,704,40943,0,45,0,0,0,0,0,29159,0,0,0,29204,1,5.02738759796508
Minocqua Police Department,1977-02-01,Wisconsin,3212,WI04401,0,2,5,0,0,0,7,4,0,0,0,0,0,0,0,0,0,0,13,3,2,18,0,0,0,1,5,0,0,8,4,3,1,4,0,302,0,654,0,0,0,955,33181,0,0,0,0,0,0,0,0,0,0,478,1483,4072,6033,40169,0,0,0,2765,2916,0,0,101,251,603,654,1307,0,402,0,0,33181,578,0,3444,40169,0,503,0,0,0,0,0,33181,101,0,2765,36549,1,5.02738759796508
Minocqua Police Department,1977-03-01,Wisconsin,3212,WI04401,0,0,4,0,2,1,7,1,0,0,0,0,0,0,0,0,0,0,6,7,0,13,1,0,0,4,1,0,0,6,1,1,0,1,0,0,0,1724,2966,0,5606,10296,3519,0,0,0,0,0,0,0,0,0,0,106,2438,0,2544,16359,503,0,0,1126,302,0,0,362,251,15,111,518,855,126,0,0,3519,10683,0,533,16359,15,20,0,0,0,0,0,3519,126,0,0,3680,1,5.02738759796508
Minocqua Police Department,1977-04-01,Wisconsin,3212,WI04401,0,0,21,0,0,0,21,2,0,0,0,0,0,0,0,0,0,0,10,10,3,23,1,0,0,11,7,0,0,2,2,0,1,1,0,0,0,17133,0,0,0,17133,11060,0,0,0,0,0,0,0,0,0,0,644,5399,5178,11221,39415,754,0,0,2247,5862,0,0,20,2338,80,538,628,2916,251,0,0,11060,9693,0,14248,39415,0,10,0,0,0,0,0,9049,10,0,0,9069,1,5.02738759796508
Minocqua Police Department,1977-05-01,Wisconsin,3212,WI04401,0,0,6,0,0,0,6,1,0,0,0,0,0,0,0,0,0,0,2,9,5,16,3,0,0,2,2,0,0,2,7,0,0,0,0,0,0,2237,0,0,0,2237,7541,0,0,0,0,0,0,0,0,0,0,106,4474,19104,23684,33462,1257,0,0,804,11563,0,0,483,9577,151,553,10055,251,478,0,0,7541,13629,0,804,33462,0,0,0,251,0,0,0,0,1513,0,0,1765,1,5.02738759796508
Minocqua Police Department,1977-06-01,Wisconsin,3212,WI04401,0,3,0,0,1,1,5,1,0,0,0,0,0,0,0,0,0,0,11,7,2,20,3,1,0,1,5,0,0,5,5,0,0,0,0,90,0,0,0,0,0,90,1508,0,0,0,0,0,0,0,0,0,0,819,2780,4022,7622,9220,553,251,0,593,4786,0,0,196,1242,1096,387,3107,0,1066,0,0,1508,2056,0,0,9220,0,40,0,0,0,0,0,0,729,0,0,769,1,5.02738759796508
Minocqua Police Department,1977-07-01,Wisconsin,3212,WI04401,0,2,2,0,0,0,4,1,0,0,0,0,0,0,0,0,0,0,10,11,7,28,8,2,0,1,9,0,0,1,7,1,0,1,0,50,0,55,0,0,0,106,2514,0,0,0,0,0,0,0,0,0,0,965,4902,8315,14182,16802,3318,1257,0,251,3816,0,0,10,5530,1227,211,905,0,2765,0,0,2514,7747,0,1433,16802,0,10,0,0,0,0,0,2514,1584,0,0,4107,1,5.02738759796508
Minocqua Police Department,1977-08-01,Wisconsin,3212,WI04401,1,1,5,0,8,0,15,3,0,0,0,0,0,0,0,0,0,0,4,6,9,19,4,3,0,3,7,0,0,1,1,0,0,0,0,0,0,2830,4474,0,0,7305,12568,0,0,0,0,0,0,0,0,0,0,297,2187,18028,20512,40385,1483,1056,0,3957,10990,0,0,10,3016,3016,161,2680,0,0,1005,0,12568,12232,3519,5203,40385,0,0,186,0,0,0,0,0,2021,0,0,2207,1,5.02738759796508
Minocqua Police Department,1977-09-01,Wisconsin,3212,WI04401,1,2,5,1,3,1,13,0,0,0,0,0,0,0,0,0,0,0,4,4,6,14,0,0,0,4,7,0,0,0,3,0,0,0,0,0,0,4555,2765,0,0,7320,0,0,0,0,0,0,0,0,0,0,0,357,2096,35302,37756,45076,0,0,0,1096,29571,0,0,0,7089,0,30,6269,367,2363,12418,0,0,18506,427,4696,45076,0,0,0,0,0,0,0,0,402,0,0,402,1,5.02738759796508
Minocqua Police Department,1977-10-01,Wisconsin,3212,WI04401,1,7,4,0,1,0,13,2,0,1,0,0,0,0,0,0,0,0,5,6,9,20,5,0,0,4,5,0,0,1,5,1,0,1,0,12971,101,2790,13574,0,0,29435,15585,0,0,0,0,0,0,0,0,0,0,282,2936,21316,24534,69554,7441,0,0,6435,5947,0,0,10,4701,0,377,1257,955,101,13946,0,15585,24463,0,12870,69554,0,50,0,0,0,0,0,15082,15570,0,0,30702,1,5.02738759796508
Minocqua Police Department,1977-11-01,Wisconsin,3212,WI04401,1,1,4,0,1,0,7,0,0,0,0,0,0,0,0,0,0,0,6,5,4,15,0,0,0,2,6,0,0,3,4,0,3,3,0,503,0,5178,0,0,0,5681,0,0,0,0,0,0,0,0,0,0,0,402,2388,13599,16389,22070,0,0,0,1005,5606,0,0,50,9728,3846,0,0,0,0,0,2011,0,16012,0,201,22070,0,0,0,0,0,13946,0,12568,8612,0,0,35126,1,5.02738759796508
Minocqua Police Department,1977-12-01,Wisconsin,3212,WI04401,0,1,0,0,0,0,1,3,0,0,0,0,0,0,0,0,0,0,8,2,0,10,1,0,0,2,3,0,0,4,0,2,0,2,0,0,0,0,0,0,0,0,14077,0,0,0,0,0,0,0,0,0,0,387,1131,0,1518,15595,754,0,0,186,126,0,0,452,0,50,0,126,0,0,0,0,14077,427,0,915,15595,50,0,0,0,0,0,0,12066,402,0,754,13272,1,5.02738759796508
Minocqua Police Department,1978-01-01,Wisconsin,3290,WI04401,0,0,3,0,1,0,4,2,0,0,0,0,0,0,0,0,0,0,7,5,2,14,0,0,0,0,7,0,0,6,1,2,0,2,0,0,0,0,1401,0,0,1401,8875,0,0,0,0,0,0,0,0,0,0,37,1378,2335,3751,14027,0,0,0,0,3503,0,0,37,210,1028,0,1401,0,0,0,0,8875,2723,0,0,14027,234,0,1401,0,0,0,0,8875,0,0,0,10510,1,4.67094915687277
Minocqua Police Department,1978-02-01,Wisconsin,3290,WI04401,0,0,2,0,0,0,2,0,0,0,0,0,0,0,0,0,0,0,1,7,2,10,3,0,0,1,3,0,1,0,2,0,0,0,0,0,0,350,0,0,0,350,0,0,0,0,0,0,0,0,0,0,0,187,3176,5138,8501,8851,1448,0,0,187,4764,0,350,0,1752,350,0,0,0,0,0,0,0,6166,187,2149,8851,0,0,0,0,0,0,0,0,327,0,701,1028,1,4.67094915687277
Minocqua Police Department,1978-03-01,Wisconsin,3290,WI04401,1,1,0,0,1,0,3,0,0,0,0,0,0,0,0,0,0,0,8,0,0,8,0,0,1,0,0,0,4,2,1,0,0,0,0,234,654,0,6539,0,0,7427,0,0,0,0,0,0,0,0,0,0,0,416,0,0,416,7843,0,0,117,0,0,0,196,9,93,0,6549,290,0,654,0,0,0,117,0,234,7843,0,9,0,0,654,0,0,0,117,0,0,780,1,4.67094915687277
Minocqua Police Department,1978-04-01,Wisconsin,3290,WI04401,0,0,7,0,1,0,8,0,0,0,0,0,0,0,0,0,0,0,1,2,1,4,0,0,0,1,0,0,0,0,3,0,0,0,0,0,0,0,4671,0,0,4671,0,0,0,0,0,0,0,0,0,0,0,23,1028,934,1985,6656,0,0,0,93,0,0,0,0,1892,93,0,4671,0,0,0,0,0,490,0,1401,6656,0,6539,0,0,0,0,0,0,0,0,0,6539,1,4.67094915687277
Minocqua Police Department,1978-05-01,Wisconsin,3290,WI04401,3,2,2,0,1,0,8,0,0,0,0,0,0,0,0,0,0,0,7,2,5,14,0,0,0,3,5,0,1,1,4,0,0,0,0,584,444,0,280,0,0,1308,0,0,0,0,0,0,0,0,0,0,0,547,1401,10155,12102,13410,0,0,0,3475,2289,0,70,33,6236,0,23,350,0,2265,0,0,0,9599,0,1172,13410,0,23,5839,0,444,0,0,0,0,0,33,6338,1,4.67094915687277
Minocqua Police Department,1978-06-01,Wisconsin,3290,WI04401,1,1,1,0,1,1,5,0,0,0,0,0,0,0,0,0,0,0,6,4,1,11,0,0,0,2,2,0,0,2,5,0,0,0,0,934,4671,1051,467,0,234,7357,0,0,0,0,0,0,0,0,0,0,0,757,1261,3737,5755,13111,0,0,0,374,4484,0,0,210,687,677,733,0,0,1051,4671,0,0,4180,0,1798,13111,0,0,0,0,0,0,0,0,0,0,0,0,1,4.67094915687277
Minocqua Police Department,1978-07-01,Wisconsin,3290,WI04401,0,1,5,0,1,0,7,5,0,0,0,0,0,0,0,0,0,0,12,4,6,22,0,1,0,7,3,0,1,1,9,0,4,4,0,1401,0,5605,0,0,0,7006,41104,0,0,0,0,0,0,0,0,0,0,1224,1098,8221,10542,58653,0,280,0,2919,416,0,47,47,6834,0,121,1495,0,140,0,234,41104,13985,0,1574,58653,0,0,0,0,0,0,0,41104,0,0,1074,42179,1,4.67094915687277
Minocqua Police Department,1978-08-01,Wisconsin,3290,WI04401,0,1,8,0,0,0,9,1,0,0,0,0,0,0,0,0,0,0,8,6,3,17,4,0,0,4,2,0,0,3,4,0,1,1,0,1028,0,761,0,0,0,1789,32697,0,0,0,0,0,0,0,0,0,0,743,2943,5955,9641,44126,1658,0,0,1532,121,0,0,322,6002,0,131,1121,0,584,0,0,32697,7184,0,2410,44126,0,0,0,0,0,0,0,32697,0,0,701,33397,1,4.67094915687277
Minocqua Police Department,1978-09-01,Wisconsin,3290,WI04401,0,1,9,0,0,0,10,1,0,0,0,0,0,0,0,0,0,0,5,4,4,13,4,0,0,1,0,0,1,2,5,0,0,0,0,70,0,21939,0,0,0,22010,15928,0,0,0,0,0,0,0,0,0,0,346,1261,5250,6857,44794,1392,0,0,374,0,0,23,2634,2434,0,0,958,1747,2102,15297,0,15928,8763,0,0,44794,0,0,0,0,0,14036,0,0,0,0,0,14036,1,4.67094915687277
Minocqua Police Department,1978-10-01,Wisconsin,3290,WI04401,0,0,11,0,0,0,11,1,0,0,0,0,0,0,0,0,0,0,12,4,7,23,4,0,0,4,10,0,1,2,2,1,0,1,1,0,0,7716,0,0,0,7716,3270,0,0,0,0,0,0,0,0,0,0,1317,1607,11715,14639,25625,2032,0,0,2102,6605,0,304,93,3503,0,780,537,0,5722,0,0,3270,11888,0,3428,25625,0,93,262,0,0,0,0,3270,0,0,0,3625,1,4.67094915687277
Minocqua Police Department,1978-11-01,Wisconsin,3290,WI04401,0,0,2,0,0,0,2,0,0,0,0,0,0,0,0,0,0,0,2,1,4,7,1,0,0,0,3,0,1,0,2,0,0,0,0,0,0,2335,0,0,0,2335,0,0,0,0,0,0,0,0,0,0,0,350,514,7006,7871,10206,514,0,0,0,3363,0,140,0,3854,0,0,140,1868,2546,0,0,0,5652,0,0,10206,0,0,0,0,0,0,0,0,0,0,0,0,1,4.67094915687277
Minocqua Police Department,1978-12-01,Wisconsin,3290,WI04401,0,0,0,0,1,0,1,2,0,0,0,0,0,0,0,0,0,0,7,3,3,13,0,0,0,2,8,0,1,2,0,0,0,0,0,0,0,0,0,0,0,0,17983,0,0,0,0,0,0,0,0,0,0,285,1285,11360,12929,30912,0,0,0,1691,11210,0,9,19,0,1728,65,8417,467,51,0,0,17983,2195,0,0,30908,1728,5,8408,0,5,0,0,0,5,0,0,10150,1,4.67094915687277
Minocqua Police Department,1979-01-01,Wisconsin,3269,WI04401,0,0,1,0,0,0,1,2,0,0,0,0,0,0,0,0,0,0,1,5,1,7,1,0,0,3,3,0,0,0,0,2,0,2,0,0,0,1469,0,0,0,1469,16794,0,0,0,0,0,0,0,0,0,0,84,1994,3989,6067,24330,714,0,0,4576,777,0,0,0,0,966,0,0,1469,0,0,0,16794,4702,0,399,24330,0,0,0,0,0,0,0,16794,0,0,84,16878,1,4.19843724882306
Minocqua Police Department,1979-02-01,Wisconsin,3269,WI04401,0,0,0,0,0,3,3,2,0,0,0,0,0,0,0,0,0,0,3,3,0,6,0,0,0,3,2,0,0,0,1,1,0,1,0,0,0,0,0,0,34,34,7557,0,0,0,0,0,0,0,0,0,0,181,1213,0,1394,8985,0,0,0,722,609,0,0,0,63,609,34,0,0,0,0,0,7557,181,0,605,8985,273,0,0,0,0,0,0,6298,0,0,0,6571,1,4.19843724882306
Minocqua Police Department,1979-03-01,Wisconsin,3269,WI04401,0,0,1,0,0,0,1,2,0,0,0,0,0,0,0,0,0,0,7,8,2,17,6,0,0,6,2,0,0,1,2,1,0,1,0,0,0,0,0,0,0,0,38206,0,0,0,0,0,0,0,0,0,0,449,2952,4198,7599,45805,2418,0,0,1373,3674,0,0,42,92,315,42,0,0,0,3359,0,38206,2515,0,1369,45805,0,42,0,0,0,0,0,25191,55,0,336,25623,1,4.19843724882306
Minocqua Police Department,1979-04-01,Wisconsin,3269,WI04401,0,0,2,0,0,1,3,0,0,0,0,0,0,0,0,0,0,0,3,5,3,11,0,0,0,3,5,0,0,0,3,0,0,0,0,0,0,0,0,0,0,0,0,0,0,0,0,0,0,0,0,0,0,256,2120,4828,7205,7205,0,0,0,1029,3531,0,0,0,2645,420,172,525,0,0,0,0,0,5584,0,504,7205,0,155,0,0,0,0,0,0,0,0,0,155,1,4.19843724882306
Minocqua Police Department,1979-05-01,Wisconsin,3269,WI04401,0,0,6,0,0,3,9,0,0,0,0,0,0,0,0,0,0,0,3,7,3,13,3,0,0,2,4,0,0,0,4,0,0,0,0,0,0,1931,0,0,0,1931,0,0,0,0,0,0,0,0,0,0,0,470,3149,4245,7864,9795,1302,0,0,2981,1247,0,0,0,2334,357,260,630,0,672,0,0,0,7876,0,0,9795,0,260,0,0,0,0,0,0,231,0,0,491,1,4.19843724882306
Minocqua Police Department,1979-06-01,Wisconsin,3269,WI04401,0,0,3,0,2,0,5,2,0,0,0,0,0,0,0,0,0,0,6,7,6,19,6,1,0,2,7,0,0,0,3,2,0,2,0,0,0,0,0,0,0,0,5458,0,0,0,0,0,0,0,0,0,0,861,2414,9467,12742,18200,2456,315,0,4618,4807,0,0,0,546,0,0,1700,420,0,273,0,5458,9090,0,1260,18200,0,0,0,0,0,0,0,5458,315,0,0,5773,1,4.19843724882306
Minocqua Police Department,1979-07-01,Wisconsin,3269,WI04401,0,4,0,0,4,0,8,4,0,0,0,0,0,0,0,1,0,1,8,11,6,25,7,3,0,8,3,0,0,0,4,3,0,3,0,15954,0,0,0,0,0,15954,36107,0,0,0,0,0,0,0,819,0,819,915,5479,8922,15316,68195,5819,2204,0,5206,1012,0,0,0,1075,0,0,819,0,16672,1260,0,36107,9287,0,4051,68195,0,0,819,0,15324,0,0,34847,2204,0,0,53194,1,4.19843724882306
Minocqua Police Department,1979-08-01,Wisconsin,3269,WI04401,0,3,2,0,0,0,5,1,0,0,0,0,0,0,0,0,0,0,2,10,7,19,3,3,0,5,5,0,0,0,3,1,0,1,0,1679,0,0,0,0,0,1679,29389,0,0,0,0,0,0,0,0,0,0,294,4551,59618,64463,95531,1637,2011,0,2120,7872,0,0,0,50822,105,210,0,0,0,0,0,29389,63308,0,2519,95531,105,0,0,0,0,0,0,29389,52392,0,0,81886,1,4.19843724882306
Minocqua Police Department,1979-09-01,Wisconsin,3269,WI04401,1,1,4,0,0,1,7,3,0,0,0,0,0,0,0,0,0,0,10,4,3,17,12,0,0,2,1,0,0,1,1,3,0,3,0,0,0,10887,0,0,0,10887,29389,0,0,0,0,0,0,0,0,0,0,1201,1700,3149,6050,46326,4287,0,0,1197,189,0,0,189,189,0,424,0,0,11033,0,0,29389,4492,0,987,46326,0,0,0,0,0,0,0,29389,1260,0,0,30649,1,4.19843724882306
Minocqua Police Department,1979-10-01,Wisconsin,3269,WI04401,0,2,5,0,0,1,8,0,0,0,0,0,0,0,0,0,0,0,3,8,5,16,3,0,0,3,4,0,0,0,6,0,0,0,0,420,0,2561,0,0,546,3527,0,0,0,0,0,0,0,0,0,0,0,168,4072,7347,11588,15114,2624,0,0,1889,1889,0,0,0,5185,1658,63,0,0,3191,420,0,0,8628,0,1155,15114,0,42,0,0,1260,0,0,0,2099,0,0,3401,1,4.19843724882306
Minocqua Police Department,1979-11-01,Wisconsin,3269,WI04401,0,1,3,0,1,0,5,1,0,0,0,0,0,0,0,0,0,0,1,3,3,7,1,1,0,1,4,0,0,0,0,1,0,1,0,0,0,735,0,0,0,735,20992,0,0,0,0,0,0,0,0,0,0,105,987,4198,5290,27017,252,315,0,840,3884,0,0,0,0,525,1155,1260,420,2099,0,0,20992,315,0,252,27017,0,840,0,0,0,0,0,20992,0,0,0,21832,1,4.19843724882306
Minocqua Police Department,1979-12-01,Wisconsin,3269,WI04401,0,0,0,0,0,0,0,0,0,0,0,0,0,0,0,0,0,0,0,0,0,0,0,0,0,0,0,0,0,0,0,0,0,0,0,0,0,0,0,0,0,0,0,0,0,0,0,0,0,0,0,0,0,0,0,0,0,0,0,0,0,0,0,0,0,0,0,0,0,0,0,0,0,0,0,0,0,0,0,0,0,0,0,0,0,0,0,0,0,0,0,1,4.19843724882306
Minocqua Police Department,1980-01-01,Wisconsin,4197,WI04401,0,1,3,0,0,0,4,2,0,0,0,0,0,0,0,0,0,0,2,3,2,7,2,0,0,0,3,0,0,0,2,2,0,2,0,0,0,1867,0,0,0,1867,7395,0,0,0,0,0,0,0,0,0,0,259,758,8134,9151,18413,440,0,0,0,577,0,0,0,8134,277,207,0,0,9336,0,0,7395,1198,0,0,18413,277,0,0,0,0,0,0,7395,0,0,0,7672,1,3.69746081504702
Minocqua Police Department,1980-02-01,Wisconsin,4197,WI04401,0,1,0,0,1,0,2,3,0,0,0,0,0,0,1,0,0,1,3,4,3,10,1,0,0,6,3,0,0,0,0,1,0,1,0,7395,0,0,0,0,0,7395,22000,0,0,0,0,0,0,174,0,0,174,237,1387,2766,4389,33957,240,0,0,2603,1546,0,0,0,0,222,166,174,1028,0,0,0,22000,10072,0,296,33957,222,0,174,0,0,0,0,9244,7395,0,0,17034,1,3.69746081504702
Minocqua Police Department,1980-03-01,Wisconsin,4197,WI04401,0,0,0,0,2,0,2,0,0,0,0,0,0,0,0,0,0,0,4,2,2,8,2,0,0,0,4,0,0,2,0,0,0,0,0,0,0,0,669,0,0,669,0,0,0,0,0,0,0,0,0,0,0,104,555,2218,2877,3542,1146,0,0,0,1686,0,0,44,0,0,96,0,0,185,0,0,0,1509,0,1756,3546,0,59,0,0,0,0,0,0,30,0,0,89,1,3.69746081504702
Minocqua Police Department,1980-04-01,Wisconsin,4197,WI04401,1,0,2,0,1,0,4,0,0,0,0,0,0,0,0,0,0,0,1,2,0,3,1,0,0,2,0,0,0,0,0,0,0,0,0,0,277,4437,9244,0,0,13958,0,0,0,0,0,0,0,0,0,0,0,78,573,0,651,14609,277,0,0,373,0,0,0,0,0,0,373,0,0,462,0,0,0,0,0,13773,14609,0,0,0,0,0,0,0,0,0,0,0,0,1,3.69746081504702
Minocqua Police Department,1980-05-01,Wisconsin,4197,WI04401,0,0,2,0,2,0,4,1,0,0,0,0,0,0,0,0,0,0,1,3,7,11,1,0,0,1,0,0,0,0,9,0,1,1,0,0,0,832,1109,0,0,1941,7395,0,0,0,0,0,0,0,0,0,0,148,1571,12941,14660,23997,148,0,0,647,0,0,0,0,13865,647,0,0,0,2773,0,0,7395,11240,0,1941,23997,0,0,0,0,0,0,0,7395,1109,0,1109,9613,1,3.69746081504702
Minocqua Police Department,1980-06-01,Wisconsin,4197,WI04401,0,0,3,0,0,0,3,0,0,0,0,0,0,0,0,0,0,0,6,10,2,18,1,0,0,2,6,0,0,0,9,0,0,0,0,0,0,1849,0,0,0,1849,0,0,0,0,0,0,0,0,0,0,0,758,3476,1849,6082,7931,296,0,0,647,2699,0,0,0,2440,0,1812,0,0,4289,0,0,0,1553,0,277,7931,0,0,0,0,0,0,0,0,0,0,0,0,1,3.69746081504702
Minocqua Police Department,1980-07-01,Wisconsin,4197,WI04401,0,0,3,0,0,1,4,0,0,0,0,0,0,0,0,0,0,0,5,15,3,23,0,3,0,4,8,0,0,2,6,0,0,0,0,0,0,2403,0,0,0,2403,0,0,0,0,0,0,0,0,0,0,0,481,5801,6101,12383,14786,0,1664,0,1808,2470,0,0,63,6378,0,1128,850,0,1564,0,0,0,10242,0,1002,14786,0,18,0,0,0,0,0,0,2015,0,599,2633,1,3.69746081504702
Minocqua Police Department,1980-08-01,Wisconsin,4197,WI04401,0,1,0,0,4,0,5,0,0,0,0,0,0,0,0,0,0,0,3,2,8,13,0,1,2,4,3,0,0,0,3,0,0,0,0,148,0,0,510,0,0,658,0,0,0,0,0,0,0,0,0,0,0,148,518,32612,33277,33935,0,333,758,23294,2182,0,0,0,6711,0,259,1250,0,0,14938,0,0,9724,0,7765,33935,0,0,67,0,0,0,0,0,5546,0,0,5613,1,3.69746081504702
Minocqua Police Department,1980-09-01,Wisconsin,4197,WI04401,0,0,3,0,0,0,3,1,0,0,0,0,0,0,0,0,0,0,2,2,1,5,1,0,0,0,0,0,0,0,4,1,0,1,0,0,0,2403,0,0,0,2403,9244,0,0,0,0,0,0,0,0,0,0,89,691,5546,6326,17973,322,0,0,0,0,0,0,0,6005,0,22,0,1109,436,0,0,9244,7162,0,0,17973,0,0,0,0,0,0,0,9244,0,0,0,9244,1,3.69746081504702
Minocqua Police Department,1980-10-01,Wisconsin,4197,WI04401,0,0,3,0,0,1,4,0,0,0,0,0,0,0,0,0,0,0,3,3,2,8,0,0,0,6,0,0,0,0,2,0,0,0,0,0,0,240,0,0,1368,1608,0,0,0,0,0,0,0,0,0,0,0,296,1165,2255,3716,5324,0,0,0,2145,0,0,0,0,1571,111,55,0,518,0,0,0,0,3069,0,1571,5324,0,0,0,0,0,0,0,0,0,0,0,0,1,3.69746081504702
Minocqua Police Department,1980-11-01,Wisconsin,4197,WI04401,0,0,7,0,3,1,11,2,0,0,0,0,0,0,0,0,0,0,10,5,3,18,1,1,1,6,2,0,0,2,5,2,0,2,0,0,0,2034,74,0,0,2108,8134,0,0,0,0,0,0,0,0,0,0,573,1597,8900,11070,21312,1627,555,129,1934,6175,0,0,59,592,462,55,314,1183,629,0,0,8134,6774,0,3760,21312,0,0,0,0,0,0,0,8134,189,0,0,8323,1,3.69746081504702
Minocqua Police Department,1980-12-01,Wisconsin,4197,WI04401,0,0,3,0,4,0,7,0,0,0,0,0,0,0,0,0,0,0,5,3,1,9,3,0,0,0,1,0,0,3,2,0,0,0,0,0,0,0,55,0,0,55,0,0,0,0,0,0,0,0,0,0,0,207,1497,2108,3812,3868,1497,0,0,0,2108,0,0,41,166,0,22,55,0,18,0,0,0,1664,0,2108,3868,0,22,0,0,0,0,0,0,0,0,0,22,1,3.69746081504702
Minocqua Police Department,1981-01-01,Wisconsin,4249,WI04401,1,3,0,0,7,0,11,5,0,0,0,0,0,0,0,0,0,0,8,1,1,10,0,0,0,3,1,0,0,1,5,3,0,3,1,168,67,0,928,0,0,1096,33176,0,0,0,0,0,0,0,0,0,0,459,503,2403,3365,37637,0,0,0,2972,34,0,0,34,325,251,34,593,0,34,0,0,33176,3549,0,0,37637,0,34,117,0,34,0,0,18431,0,0,0,18616,1,3.35113096874714
Minocqua Police Department,1981-02-01,Wisconsin,4249,WI04401,1,1,1,0,4,0,7,3,0,0,0,0,0,0,0,0,0,0,3,2,1,6,1,0,0,1,0,0,1,2,1,2,0,2,1,2848,3247,0,235,0,0,6330,5362,0,0,0,0,0,0,0,0,0,0,127,503,1240,1870,13562,335,0,0,1240,0,0,84,44,168,0,0,2795,0,345,2480,0,5362,1407,0,1173,13562,0,0,0,0,0,0,0,3686,171,0,0,3857,1,3.35113096874714
Minocqua Police Department,1981-03-01,Wisconsin,4249,WI04401,1,0,2,1,0,0,4,2,0,0,0,0,0,0,0,0,0,0,3,1,0,4,0,0,0,1,0,0,3,0,0,2,0,2,0,0,603,0,0,84,0,687,16756,0,0,0,0,0,0,0,0,0,0,144,168,0,312,17754,0,0,0,44,0,0,268,0,0,0,0,871,0,0,0,0,16756,101,0,27,17754,0,0,0,0,0,0,0,16756,0,0,0,16756,1,3.35113096874714
Minocqua Police Department,1981-04-01,Wisconsin,4249,WI04401,0,0,3,0,4,1,8,1,0,0,0,0,0,0,0,0,0,0,5,2,2,9,5,0,0,0,1,0,0,1,2,1,0,1,0,0,0,1005,0,0,0,1005,18766,0,0,0,0,0,0,0,0,0,0,107,519,4997,5623,25395,369,0,0,0,975,0,0,7,4273,0,40,0,0,0,0,0,18766,5583,0,1005,25395,0,0,0,0,0,0,0,18766,0,0,0,18766,1,3.35113096874714
Minocqua Police Department,1981-05-01,Wisconsin,4249,WI04401,0,0,1,0,2,1,4,1,0,0,0,0,0,0,0,0,0,0,11,8,10,29,2,0,0,8,1,0,0,2,16,1,0,1,0,0,0,50,0,0,2741,2791,2614,0,0,0,0,0,0,0,0,0,0,573,1632,25931,28136,33541,97,0,0,2359,50,0,0,271,25358,302,178,871,0,47,0,0,2614,26548,0,2983,33541,34,0,0,0,0,0,0,4021,0,0,0,4055,1,3.35113096874714
Minocqua Police Department,1981-06-01,Wisconsin,4249,WI04401,0,0,0,0,0,0,0,0,0,0,0,0,0,0,0,0,0,0,0,0,0,0,0,0,0,0,0,0,0,0,0,0,0,0,0,0,0,0,0,0,0,0,0,0,0,0,0,0,0,0,0,0,0,0,0,0,0,0,0,0,0,0,0,0,0,0,0,0,0,0,0,0,0,0,0,0,0,0,0,0,0,0,0,0,0,0,0,0,0,0,0,1,3.35113096874714
Minocqua Police Department,1981-07-01,Wisconsin,4249,WI04401,0,0,1,0,2,0,3,0,0,0,0,0,0,0,0,0,0,0,12,9,7,28,1,1,1,2,5,0,0,0,18,0,0,0,0,0,0,1826,3502,0,0,5328,0,0,0,0,0,0,0,0,0,0,0,1069,3324,15985,20378,25707,80,570,67,1592,5794,0,0,0,12275,737,251,1810,0,0,1763,0,0,17342,0,3804,25707,452,0,0,0,0,0,0,0,218,0,0,670,1,3.35113096874714
Minocqua Police Department,1981-08-01,Wisconsin,4249,WI04401,0,0,0,0,2,0,2,1,0,0,0,0,0,0,0,0,0,0,10,8,11,29,5,2,1,2,3,0,0,3,13,0,0,0,0,0,0,0,14021,0,0,14021,25133,0,0,0,0,0,0,0,0,0,0,459,2094,25221,27774,66929,821,754,7,1407,2865,0,0,34,21886,8462,503,7,117,191,1676,0,25133,28830,0,2011,66929,0,0,0,0,0,0,0,0,0,0,1039,1039,1,3.35113096874714
Minocqua Police Department,1981-09-01,Wisconsin,4249,WI04401,0,1,4,0,0,1,6,2,0,0,0,0,0,0,0,0,0,0,10,3,2,15,2,0,0,1,1,0,0,5,6,1,1,2,1,3318,0,4390,0,0,0,7708,23592,0,0,0,0,0,0,0,0,0,0,359,1022,1810,3190,34490,50,0,0,1005,168,0,0,97,1870,101,80,0,2044,168,2932,0,23458,3378,0,2329,34490,84,0,0,0,101,0,0,10053,201,0,0,10439,1,3.35113096874714
Minocqua Police Department,1981-10-01,Wisconsin,4249,WI04401,0,0,3,0,0,0,3,1,0,0,0,0,0,0,0,0,0,0,15,3,3,21,0,0,0,1,0,0,0,11,9,0,0,0,0,0,0,101,0,0,0,101,33260,0,0,0,0,0,0,0,0,0,0,697,831,5891,7419,40780,0,0,0,134,0,0,0,235,7051,201,90,111,1394,0,0,251,30160,5221,0,3351,40780,0,0,0,0,0,0,0,0,4216,0,0,4216,1,3.35113096874714
Minocqua Police Department,1981-11-01,Wisconsin,4249,WI04401,0,1,0,0,3,0,4,1,0,0,0,0,0,0,0,0,0,0,12,5,1,18,1,0,0,0,0,1,0,11,5,1,0,1,0,0,0,0,2262,0,0,2262,16756,0,0,0,0,0,0,0,0,0,0,359,2001,4692,7051,26068,335,0,0,0,0,268,0,141,6307,0,37,318,0,4692,101,0,16756,3964,201,0,26068,0,0,0,0,0,0,0,16756,0,0,0,16756,1,3.35113096874714
Minocqua Police Department,1981-12-01,Wisconsin,4249,WI04401,0,1,0,0,1,1,3,1,0,0,0,0,0,0,0,0,0,0,5,3,2,10,0,0,3,0,0,0,0,3,4,0,0,0,0,469,0,0,5027,0,503,5999,5362,0,0,0,0,0,0,0,0,0,0,268,1542,2145,3954,15315,0,0,1206,0,0,0,0,50,2698,0,503,3016,0,0,0,0,5362,4139,0,2296,15315,0,503,0,0,0,0,0,0,0,0,0,503,1,3.35113096874714
Minocqua Police Department,1982-01-01,Wisconsin,4272,WI04401,0,0,0,1,0,0,1,5,0,0,0,0,0,0,0,0,0,0,8,2,1,11,1,0,1,0,0,0,1,6,2,1,1,2,0,0,0,0,0,51,0,51,44480,0,0,0,0,0,0,0,0,0,0,202,537,2210,2949,47480,2210,0,66,0,0,0,347,129,196,32,88,316,0,0,0,0,44480,2450,0,114,47480,0,0,0,0,0,0,0,4736,0,0,0,4736,1,3.15752936096719
Minocqua Police Department,1982-02-01,Wisconsin,4272,WI04401,0,0,0,0,0,0,0,0,0,0,0,0,0,0,0,0,0,0,0,0,0,0,0,0,0,0,0,0,0,0,0,0,0,0,0,0,0,0,0,0,0,0,0,0,0,0,0,0,0,0,0,0,0,0,0,0,0,0,0,0,0,0,0,0,0,0,0,0,0,0,0,0,0,0,0,0,0,0,0,0,0,0,0,0,0,0,0,0,0,0,0,1,3.15752936096719
Minocqua Police Department,1982-03-01,Wisconsin,4272,WI04401,0,0,1,0,1,0,2,3,0,0,0,0,0,0,0,0,0,0,8,1,3,12,0,0,0,1,0,1,1,6,3,1,0,1,0,0,0,0,1610,0,0,1610,26839,0,0,0,0,0,0,0,0,0,0,218,616,46100,46934,75383,0,0,0,44205,0,47,616,28,2037,158,0,3615,0,25,0,0,26839,540,0,44205,75383,0,0,0,0,22,0,0,15788,6,0,0,15816,1,3.15752936096719
Minocqua Police Department,1982-04-01,Wisconsin,4272,WI04401,0,0,2,0,3,0,5,2,1,0,0,0,0,0,0,0,0,0,4,4,14,22,1,1,10,1,0,0,0,4,5,2,1,3,1,0,0,805,36612,0,0,37417,22103,7894,0,0,0,0,0,0,0,0,0,174,1184,8206,9564,76977,237,316,1895,897,0,0,0,174,6047,142,145,14572,0,0,0,0,41048,19021,126,1923,76977,0,19,0,0,0,0,0,41048,407,0,0,41474,1,3.15752936096719
Minocqua Police Department,1982-05-01,Wisconsin,4272,WI04401,0,0,0,0,0,0,0,0,0,0,0,0,0,0,0,0,0,0,13,5,7,25,2,0,0,0,1,2,1,7,12,0,0,0,0,0,0,0,0,0,0,0,0,0,0,0,0,0,0,0,0,0,0,856,1667,8165,10688,10688,442,0,0,0,474,410,47,401,8914,452,32,347,0,578,0,0,0,4572,0,4708,10688,6,0,0,0,0,0,0,0,1689,0,947,2643,1,3.15752936096719
Minocqua Police Department,1982-06-01,Wisconsin,4272,WI04401,0,0,1,0,1,0,2,1,0,0,0,0,0,0,1,0,0,1,7,7,5,19,2,3,1,2,2,0,0,3,6,0,1,1,0,0,0,237,6315,0,0,6552,6315,0,0,0,0,0,0,3,0,0,3,344,2097,1771,4212,17082,205,1200,126,1026,376,0,0,44,1235,35,44,470,0,196,0,0,6315,6391,0,3631,17082,0,6,0,0,0,0,0,6315,189,0,0,6511,1,3.15752936096719
Minocqua Police Department,1982-07-01,Wisconsin,4272,WI04401,0,0,1,0,0,0,1,1,0,0,0,0,0,0,0,0,0,0,13,10,5,28,2,0,1,2,3,1,0,5,14,1,0,1,0,0,0,0,0,0,0,0,2526,0,0,0,0,0,0,0,0,0,0,606,3255,3997,7859,10385,73,0,900,177,1105,789,0,69,4746,246,202,1336,0,0,0,0,2532,5595,0,474,10385,38,22,0,0,0,0,0,2526,9,0,16,2611,1,3.15752936096719
Minocqua Police Department,1982-08-01,Wisconsin,4272,WI04401,0,2,2,0,1,0,5,2,0,0,0,0,0,0,0,0,0,0,12,6,8,26,1,0,1,5,2,1,0,4,12,2,1,3,0,108082,0,79,316,0,0,108477,18945,0,0,0,0,0,0,0,0,0,0,682,2959,10401,14042,141464,123,0,63,5794,1560,47,0,54,6400,947,133,1579,0,632,70839,0,56836,7531,0,2968,141464,474,0,0,0,0,69466,0,56836,1001,0,0,127776,1,3.15752936096719
Minocqua Police Department,1982-09-01,Wisconsin,4272,WI04401,0,1,0,0,1,0,2,0,0,0,0,0,0,0,0,0,0,0,4,6,7,17,1,1,0,5,1,0,0,2,7,0,0,0,0,0,0,0,1683,0,0,1683,0,0,0,0,0,0,0,0,0,0,0,129,2337,22425,24891,26574,474,474,0,2548,16167,0,0,19,5210,63,136,1841,0,0,0,0,0,21841,0,2693,26574,0,6,0,0,0,0,0,0,13,0,0,19,1,3.15752936096719
Minocqua Police Department,1982-10-01,Wisconsin,4272,WI04401,0,3,0,0,3,0,6,1,0,0,0,0,0,0,0,0,0,0,7,9,5,21,3,1,0,0,1,3,2,2,9,1,0,1,0,3167,0,0,512,0,0,3679,3158,0,0,0,0,0,0,0,0,0,0,622,2810,22387,25819,32655,410,474,0,0,3158,1642,477,38,19621,622,6,10616,2289,262,126,0,3158,12393,0,3183,32655,32,6,0,0,0,0,0,3158,0,0,0,3195,1,3.15752936096719
Minocqua Police Department,1982-11-01,Wisconsin,4272,WI04401,0,0,0,0,1,2,3,1,0,0,0,0,0,0,0,0,0,0,3,1,6,10,0,0,0,2,2,0,0,2,4,0,0,0,0,0,0,0,723,0,789,1512,3158,0,0,0,0,0,0,0,0,0,0,183,395,5052,5630,10300,0,0,0,1816,868,0,0,25,2921,710,1080,1156,0,0,0,632,3158,3486,0,79,10300,221,13,0,0,0,0,0,0,13,0,0,246,1,3.15752936096719
Minocqua Police Department,1982-12-01,Wisconsin,4272,WI04401,0,1,2,0,1,0,4,0,0,0,0,0,0,0,0,0,0,0,4,4,3,11,3,0,0,2,0,0,1,1,4,0,0,0,0,32,0,584,0,0,0,616,0,0,0,0,0,0,0,0,0,0,0,189,1026,3761,4976,5592,354,0,0,685,0,0,189,22,3726,2403,79,379,0,0,426,0,0,2305,0,0,5592,1579,22,0,0,0,0,0,0,158,0,0,1759,1,3.15752936096719
Minocqua Police Department,1983-01-01,Wisconsin,4259,WI04401,1,0,0,0,0,0,1,1,0,0,0,0,0,0,0,0,0,0,4,2,4,10,3,0,0,2,1,0,0,1,3,0,0,0,0,0,8719,0,0,0,0,8719,5507,0,0,0,0,0,0,0,0,0,0,318,780,6929,8027,22253,306,0,0,2570,260,0,0,12,4880,260,0,9239,0,0,122,0,5507,1848,0,5277,22253,0,0,520,0,0,0,0,0,12,0,0,532,1,3.05925284471218
Minocqua Police Department,1983-02-01,Wisconsin,4259,WI04401,0,0,0,0,1,0,1,0,0,0,0,0,0,0,0,0,0,0,5,2,0,7,1,0,0,2,1,0,0,3,0,0,0,0,0,0,0,0,76,0,0,76,0,0,0,0,0,0,0,0,0,0,0,275,471,0,746,823,61,0,0,471,107,0,0,107,0,92,76,0,0,107,0,0,0,229,0,318,823,92,0,0,0,0,0,0,0,15,0,0,107,1,3.05925284471218
Minocqua Police Department,1983-03-01,Wisconsin,4259,WI04401,0,0,0,0,0,0,0,1,0,0,0,0,0,0,0,0,0,0,1,2,3,6,1,0,0,2,0,0,0,0,3,0,1,1,0,0,0,0,0,0,0,0,3059,0,0,0,0,0,0,0,0,0,0,132,428,4549,5109,8168,132,0,0,428,0,0,0,0,4549,275,132,1490,0,0,0,0,3059,1683,0,1530,8168,275,569,1490,0,0,0,0,3059,153,0,0,5546,1,3.05925284471218
Minocqua Police Department,1983-04-01,Wisconsin,4259,WI04401,0,0,0,0,0,0,0,0,0,0,0,0,0,0,0,0,0,0,1,3,2,6,0,1,0,0,0,0,0,0,5,0,0,0,0,0,0,0,0,0,0,0,0,0,0,0,0,0,0,0,0,0,0,107,979,3442,4528,4528,0,367,0,0,0,0,0,0,4161,0,0,0,0,0,306,0,2447,1468,0,306,4528,0,0,0,0,0,0,0,0,367,0,0,367,1,3.05925284471218
Minocqua Police Department,1983-05-01,Wisconsin,4259,WI04401,0,3,0,0,0,0,3,0,0,0,0,0,0,0,0,0,0,0,9,5,3,17,4,2,0,2,2,0,0,4,3,1,0,1,0,10304,0,0,0,0,0,10304,0,0,0,0,0,0,0,0,0,0,0,557,1836,2906,5299,15602,826,765,0,1163,1163,0,0,67,1315,31,0,927,0,0,0,0,6119,2836,3365,2325,15602,0,0,15,0,0,0,0,6119,750,3365,245,10493,1,3.05925284471218
Minocqua Police Department,1983-06-01,Wisconsin,4259,WI04401,0,1,1,0,3,1,6,0,0,0,0,0,0,0,0,0,0,0,3,5,3,11,3,0,0,1,2,0,0,0,5,0,0,0,0,0,0,612,8174,0,0,8786,0,0,0,0,0,0,0,0,0,0,0,285,1937,9009,11231,20017,2417,0,0,245,431,0,0,0,8138,0,0,0,0,765,0,0,2447,11751,0,5054,20017,0,0,0,0,0,0,0,2447,0,0,4809,7257,1,3.05925284471218
Minocqua Police Department,1983-07-01,Wisconsin,4259,WI04401,0,1,2,0,0,0,3,1,0,0,0,0,0,0,0,0,0,0,4,4,5,13,0,0,1,2,3,0,0,1,6,0,0,0,0,2294,0,187,0,0,0,2481,2447,0,0,0,0,0,0,0,0,0,0,223,1805,3824,5852,10781,0,0,612,1683,1089,0,0,6,2463,0,6,798,0,61,0,0,2447,6703,0,765,10781,0,6,0,0,0,0,0,0,612,0,0,618,1,3.05925284471218
Minocqua Police Department,1983-08-01,Wisconsin,4259,WI04401,0,1,0,0,1,0,2,1,0,0,0,0,0,0,0,0,0,0,7,12,10,29,3,2,0,6,2,0,0,2,14,1,0,1,0,0,0,0,0,0,0,0,6119,0,0,0,0,0,0,0,0,0,0,459,3708,18239,22406,28524,609,918,0,7220,2025,0,0,31,11604,1224,0,2882,765,31,0,0,6119,12488,0,5017,28524,0,0,0,0,0,0,0,6119,1606,0,0,7725,1,3.05925284471218
Minocqua Police Department,1983-09-01,Wisconsin,4259,WI04401,0,0,0,0,1,0,1,1,0,0,0,0,0,0,0,0,0,0,7,5,4,16,0,1,0,2,2,0,0,6,4,0,0,0,0,0,0,0,122,0,0,122,153,0,0,0,0,0,0,0,0,0,0,251,1958,3350,5559,5834,0,459,0,1315,551,0,0,327,2906,104,80,61,0,92,0,0,153,4886,0,459,5834,0,18,0,0,0,0,0,0,679,0,0,698,1,3.05925284471218
Minocqua Police Department,1983-10-01,Wisconsin,4259,WI04401,0,0,0,0,2,0,2,2,0,0,0,0,0,0,0,0,0,0,3,6,6,15,0,0,0,1,0,0,0,3,11,0,0,0,0,0,0,0,459,0,0,459,3671,0,0,0,0,0,0,0,0,0,0,34,1456,9300,10790,14920,0,0,0,64,0,0,0,34,10692,0,80,459,918,551,0,0,3671,3861,0,5381,14920,0,3,0,0,0,0,0,0,31,0,0,34,1,3.05925284471218
Minocqua Police Department,1983-11-01,Wisconsin,4259,WI04401,0,0,3,0,0,0,3,0,0,0,0,0,0,0,0,0,0,0,2,7,3,12,2,1,0,1,2,0,0,1,4,0,0,0,0,0,0,28,0,0,0,28,0,0,0,0,0,0,0,0,0,0,0,49,2218,4096,6363,6391,1101,306,0,199,581,0,0,18,4158,428,89,229,0,0,0,0,0,4604,0,1040,6391,0,0,0,0,0,0,0,0,477,0,0,477,1,3.05925284471218
Minocqua Police Department,1983-12-01,Wisconsin,4259,WI04401,0,0,0,0,0,0,0,0,0,0,0,0,0,0,0,0,0,0,3,1,1,5,0,0,0,0,0,0,0,2,3,0,0,0,0,0,0,0,0,0,0,0,0,0,0,0,0,0,0,0,0,0,0,147,459,918,1524,1524,0,0,0,0,0,0,0,24,1499,122,0,0,0,0,0,0,0,942,0,459,1524,0,0,0,0,0,0,0,0,24,0,0,24,1,3.05925284471218
Minocqua Police Department,1984-01-01,Wisconsin,3312,WI04401,0,0,0,0,1,0,1,2,0,0,0,0,0,0,0,0,0,0,9,3,0,12,0,0,0,2,0,0,0,6,4,1,0,1,0,0,0,0,29,0,0,29,8799,0,0,0,0,0,0,0,0,0,0,384,639,0,1024,9852,0,0,0,329,0,0,0,120,575,150,252,88,0,0,0,0,8799,352,0,211,9852,32,88,0,0,0,0,0,8799,88,0,440,9448,1,2.9331132680892
Minocqua Police Department,1984-02-01,Wisconsin,3312,WI04401,0,0,0,0,1,0,1,1,0,0,0,0,0,0,0,0,0,0,2,4,1,7,2,0,0,2,0,0,0,1,2,0,1,1,0,0,0,0,2346,0,0,2346,4400,0,0,0,0,0,0,0,0,0,0,185,766,1027,1977,8723,355,0,0,293,0,0,0,73,1255,59,0,2346,0,0,0,0,4400,657,0,1261,8723,0,0,0,0,0,0,0,4400,73,0,0,4473,1,2.9331132680892
Minocqua Police Department,1984-03-01,Wisconsin,3312,WI04401,0,0,0,0,0,1,1,0,0,0,0,0,0,0,0,0,0,0,10,7,1,18,0,0,0,16,1,0,0,1,0,0,0,0,0,0,0,0,0,0,188,188,0,0,0,0,0,0,0,0,0,0,0,733,1789,733,3256,3443,0,0,0,3135,109,0,0,12,0,279,0,364,0,0,15,0,0,2085,0,701,3443,88,0,0,0,0,15,0,0,1214,0,367,1684,1,2.9331132680892
Minocqua Police Department,1984-04-01,Wisconsin,3312,WI04401,0,0,0,0,2,0,2,0,0,0,0,0,0,0,0,0,0,0,6,4,5,15,1,0,0,2,1,0,0,2,9,0,0,0,0,0,0,0,0,0,0,0,0,0,0,0,0,0,0,0,0,0,0,458,1247,8873,10577,10577,293,0,0,264,59,0,0,264,9697,396,176,1484,367,1247,293,0,0,6614,0,0,10577,147,0,0,0,0,0,0,0,0,0,0,147,1,2.9331132680892
Minocqua Police Department,1984-05-01,Wisconsin,3312,WI04401,0,0,1,0,0,0,1,0,0,0,0,0,0,0,0,0,0,0,1,4,5,10,1,1,0,1,1,0,0,1,5,0,0,0,0,0,0,587,0,0,0,587,0,0,0,0,0,0,0,0,0,0,0,15,1599,5702,7315,7902,587,587,0,293,763,0,0,15,5071,293,0,763,0,0,0,0,0,6421,0,425,7902,0,0,0,0,0,0,0,0,15,0,0,15,1,2.9331132680892
Minocqua Police Department,1984-06-01,Wisconsin,3312,WI04401,0,0,3,0,2,0,5,0,0,0,0,0,0,0,0,0,0,0,1,7,2,10,0,0,0,3,0,0,0,1,6,0,0,0,0,0,0,716,880,0,0,1596,0,0,0,0,0,0,0,0,0,0,0,29,2215,1907,4150,5746,0,0,0,1188,0,0,0,29,2933,0,264,381,0,880,0,0,0,3886,0,334,5746,0,0,0,0,29,0,0,0,0,0,0,29,1,2.9331132680892
Minocqua Police Department,1984-07-01,Wisconsin,3312,WI04401,0,1,0,0,1,1,3,0,0,0,0,0,0,0,0,0,0,0,4,5,3,12,0,1,1,0,1,0,0,1,8,0,0,0,0,235,0,0,1907,0,0,2141,0,0,0,0,0,0,0,0,0,0,0,323,1607,4312,6242,8383,0,117,29,0,440,0,0,29,5626,440,0,478,0,0,0,0,0,7465,0,0,8383,0,0,0,0,0,0,0,0,29,0,0,29,1,2.9331132680892
Minocqua Police Department,1984-08-01,Wisconsin,3312,WI04401,0,0,5,0,1,0,6,1,0,0,0,0,0,0,0,0,0,0,2,10,6,18,4,2,0,1,1,0,0,1,9,0,0,0,0,0,0,601,59,0,0,660,5866,0,0,0,0,0,0,0,0,0,0,79,4092,4450,8620,15147,1423,821,0,440,645,0,0,6,5285,293,65,974,0,0,1027,645,5866,4664,0,1613,15147,0,6,0,0,0,0,0,0,0,0,0,6,1,2.9331132680892
Minocqua Police Department,1984-09-01,Wisconsin,3312,WI04401,1,2,2,0,0,1,6,0,0,0,0,0,0,0,0,0,0,0,7,6,2,15,2,1,1,1,4,0,0,3,3,0,0,0,0,4693,0,73,0,0,0,4766,0,0,0,0,0,0,0,0,0,0,0,208,1701,3270,5180,9946,279,469,367,1951,440,0,0,47,1628,147,6,1907,1613,220,0,0,0,5687,0,367,9946,0,0,0,0,0,0,0,0,47,0,0,47,1,2.9331132680892
Minocqua Police Department,1984-10-01,Wisconsin,3312,WI04401,1,2,0,0,1,0,4,1,0,0,0,0,0,0,0,0,0,0,1,0,2,3,0,0,0,0,2,0,0,1,0,0,1,1,0,8559,0,0,880,0,0,9439,1467,0,0,0,0,0,0,0,0,0,0,38,0,3593,3631,14537,0,0,0,0,3593,0,0,38,0,0,38,0,0,4599,0,880,1467,3593,0,3957,14534,0,38,0,0,0,0,0,1467,1082,2039,0,4626,1,2.9331132680892
Minocqua Police Department,1984-11-01,Wisconsin,3312,WI04401,0,0,1,0,0,0,1,0,0,0,0,0,0,0,0,0,0,0,2,1,3,6,0,0,0,2,3,0,0,0,1,0,0,0,0,0,0,1129,0,0,0,1129,0,0,0,0,0,0,0,0,0,0,0,378,293,8066,8738,9867,0,0,0,892,7773,0,0,0,73,293,12,293,733,29,0,0,0,7479,0,1027,9867,0,12,0,0,0,0,0,0,0,0,0,12,1,2.9331132680892
Minocqua Police Department,1984-12-01,Wisconsin,3312,WI04401,0,0,1,1,0,0,2,0,0,0,0,0,0,0,0,0,0,0,1,1,0,2,0,0,0,0,0,0,0,1,1,0,0,0,0,0,0,5787,0,719,0,6506,0,0,0,0,0,0,0,0,0,0,0,21,205,0,226,6731,0,0,0,0,0,0,0,21,205,425,21,587,2179,0,0,0,0,543,0,2977,6731,0,21,0,0,0,0,0,0,0,0,0,21,1,2.9331132680892
Minocqua Police Department,1985-01-01,Wisconsin,3318,WI04401,0,0,1,0,0,1,2,2,0,0,0,0,0,0,0,0,0,0,1,4,1,6,1,0,0,1,4,0,0,0,0,0,1,1,0,0,0,28,0,0,510,538,16996,0,0,0,0,0,0,0,0,0,0,108,1439,915,2462,19996,425,0,0,363,1674,0,0,0,0,510,363,787,0,0,0,0,16996,1340,0,0,19996,0,0,170,0,0,0,0,12747,0,0,0,12917,1,2.83267663464518
Minocqua Police Department,1985-02-01,Wisconsin,3318,WI04401,0,0,0,0,1,0,1,1,0,0,0,0,0,0,0,0,0,0,0,1,3,4,0,0,0,0,2,0,0,0,2,0,0,0,0,0,0,0,184,0,0,184,4249,0,0,0,0,0,0,0,0,0,0,0,170,5056,5226,9659,0,0,0,0,2394,0,0,0,2833,0,0,2578,0,0,0,0,4249,2833,0,0,9659,0,0,0,0,0,0,0,0,0,0,0,0,1,2.83267663464518
Minocqua Police Department,1985-03-01,Wisconsin,3318,WI04401,0,2,0,0,0,0,2,0,0,0,0,0,0,0,0,0,0,0,1,0,0,1,1,0,0,0,0,0,0,0,0,0,0,0,0,283,0,0,0,0,0,283,0,0,0,0,0,0,0,0,0,0,0,8,0,0,8,292,8,0,0,0,0,0,0,0,0,0,0,0,0,0,0,0,0,8,0,283,292,0,0,0,0,0,0,0,0,0,0,283,283,1,2.83267663464518
Minocqua Police Department,1985-04-01,Wisconsin,3318,WI04401,0,1,1,0,1,0,3,0,0,0,0,0,0,0,0,0,0,0,1,0,0,1,0,0,0,0,1,0,0,0,0,0,0,0,0,0,0,921,2833,0,0,3753,0,0,0,0,0,0,0,0,0,0,0,20,0,0,20,3773,0,0,0,0,20,0,0,0,0,0,0,940,0,0,0,0,0,2833,0,0,3773,0,0,0,0,0,0,0,0,0,0,0,0,1,2.83267663464518
Minocqua Police Department,1985-05-01,Wisconsin,3318,WI04401,0,0,2,0,0,0,2,0,0,0,0,0,0,0,0,0,0,0,1,0,1,2,0,0,1,0,1,0,0,0,0,0,0,0,0,0,0,2320,0,0,0,2320,0,0,0,0,0,0,0,0,0,0,0,113,0,1416,1530,3850,0,0,113,0,1416,0,0,0,0,850,0,113,510,1416,0,0,0,0,0,960,3850,0,0,0,0,0,0,0,0,0,0,0,0,1,2.83267663464518
Minocqua Police Department,1985-06-01,Wisconsin,3318,WI04401,0,1,3,0,0,0,4,1,0,0,0,0,0,0,0,0,0,0,3,2,4,9,0,1,1,2,3,0,0,0,2,0,0,0,0,615,0,0,0,0,0,615,3116,0,0,0,0,0,0,0,0,0,0,368,830,5187,6385,10115,0,1700,567,1283,510,0,0,0,2326,0,0,1530,0,283,0,0,3116,4640,0,547,10115,0,0,0,0,0,0,0,0,0,0,0,0,1,2.83267663464518
Minocqua Police Department,1985-07-01,Wisconsin,3318,WI04401,0,0,0,0,0,1,1,0,0,0,0,0,0,0,0,0,0,0,1,9,2,12,2,2,4,2,2,0,0,0,0,0,0,0,0,0,0,0,0,0,0,0,0,0,0,0,0,0,0,0,0,0,0,99,2719,1756,4575,4575,552,694,864,1756,708,0,0,0,0,0,0,283,850,0,0,0,0,3442,0,0,4575,0,0,0,0,0,0,0,0,0,0,0,0,1,2.83267663464518
Minocqua Police Department,1985-08-01,Wisconsin,3318,WI04401,0,0,3,1,1,0,5,0,0,0,0,0,0,0,0,0,0,0,3,8,7,18,1,2,1,0,3,0,0,0,11,0,0,0,0,0,0,425,8,567,0,1000,0,0,0,0,0,0,0,0,0,0,0,249,2394,9455,12098,13098,142,751,708,0,575,0,0,0,9923,0,0,1464,0,0,0,0,0,10897,0,736,13098,0,18058,0,0,0,0,0,0,6980,0,0,25038,1,2.83267663464518
Minocqua Police Department,1985-09-01,Wisconsin,3318,WI04401,1,4,4,0,4,0,13,0,0,0,0,0,0,0,0,0,0,0,1,4,3,8,1,1,0,2,2,0,0,0,2,0,0,0,0,3467,0,5665,1660,0,0,10792,0,0,0,0,0,0,0,0,0,0,0,71,1261,2252,3583,14376,170,708,0,807,1544,0,0,0,354,807,0,334,0,2620,0,0,0,9968,0,649,14379,0,0,113,0,0,0,0,0,1227,0,0,1340,1,2.83267663464518
Minocqua Police Department,1985-10-01,Wisconsin,3318,WI04401,0,3,2,0,5,0,10,0,0,0,0,0,0,0,0,0,0,0,1,3,1,5,0,0,0,1,1,0,0,0,3,0,0,0,0,0,0,71,816,0,0,887,0,0,0,0,0,0,0,0,0,0,0,71,581,1416,2068,2954,0,0,0,71,1416,0,0,0,581,0,0,499,0,317,0,0,0,2139,0,0,2954,0,0,499,0,0,0,0,0,71,0,0,569,1,2.83267663464518
Minocqua Police Department,1985-11-01,Wisconsin,3318,WI04401,0,3,0,0,1,1,5,0,0,0,0,0,0,0,0,0,0,0,4,2,0,6,1,0,0,1,0,0,0,0,4,0,0,0,0,0,0,0,238,0,42,280,0,0,0,0,0,0,0,0,0,0,0,227,340,0,567,847,198,0,0,142,0,0,0,0,227,0,0,365,0,0,0,0,0,340,0,142,847,0,0,0,0,0,0,0,0,0,0,0,0,1,2.83267663464518
Minocqua Police Department,1985-12-01,Wisconsin,3318,WI04401,1,0,0,0,1,0,2,1,0,0,0,0,0,0,0,0,0,0,2,0,1,3,0,0,1,0,0,0,0,1,1,0,0,0,0,0,2054,0,0,0,0,2054,43467,0,0,0,0,0,0,0,0,0,0,96,0,1416,1513,47034,0,0,93,0,0,0,0,3,1416,0,3,377,1629,0,0,0,43467,1487,0,71,47034,0,3,0,0,0,0,0,7223,0,0,0,7226,1,2.83267663464518
Minocqua Police Department,1986-01-01,Wisconsin,3251,WI04401,0,1,0,0,0,0,1,1,0,0,0,0,0,0,0,0,0,0,1,1,1,3,0,0,1,1,1,0,0,0,0,0,0,0,0,0,0,0,0,0,0,0,1529,0,0,0,0,0,0,0,0,0,0,44,192,834,1070,2599,0,0,192,44,834,0,0,0,0,0,0,0,0,0,0,0,1529,1070,0,0,2599,0,0,0,0,0,0,0,0,0,0,0,0,1,2.7799125674751
Minocqua Police Department,1986-02-01,Wisconsin,3251,WI04401,0,1,1,0,0,1,3,2,0,0,0,0,0,0,0,0,0,0,3,2,1,6,2,0,1,0,2,0,0,1,0,0,0,0,0,834,0,111,0,0,0,945,15012,0,0,0,0,0,0,0,0,0,0,214,625,2697,3536,19493,459,0,69,0,2975,0,0,36,0,0,0,0,0,0,0,0,15012,4203,0,278,19493,0,0,0,0,0,0,0,0,33,0,0,33,1,2.7799125674751
Minocqua Police Department,1986-03-01,Wisconsin,3251,WI04401,2,1,1,0,0,0,4,1,0,0,0,0,0,0,0,0,0,0,1,0,0,1,0,0,0,0,1,0,0,0,0,1,0,1,0,278,33,0,0,0,0,311,2502,0,0,0,0,0,0,0,0,0,0,106,0,0,106,2919,0,0,0,0,106,0,0,0,0,0,0,106,0,311,0,0,2502,0,0,0,2919,0,0,106,0,0,0,0,13900,0,0,0,14005,1,2.7799125674751
Minocqua Police Department,1986-04-01,Wisconsin,3251,WI04401,0,0,2,0,0,1,3,0,0,0,0,0,0,0,0,0,0,0,0,2,1,3,0,0,0,0,3,0,0,0,0,0,0,0,0,0,0,403,0,0,500,903,0,0,0,0,0,0,0,0,0,0,0,0,723,759,1482,2385,0,0,0,0,1482,0,0,0,0,0,0,1482,500,208,0,0,0,195,0,0,2385,0,0,0,0,0,0,0,0,0,0,0,0,1,2.7799125674751
Minocqua Police Department,1986-05-01,Wisconsin,3251,WI04401,0,0,0,0,1,2,3,1,0,0,0,0,0,0,0,0,0,0,1,3,3,7,1,0,0,0,4,0,0,1,1,0,1,1,0,0,0,0,2474,0,0,2474,12510,0,0,0,0,0,0,0,0,0,0,69,1145,4740,5955,20938,278,0,0,0,4634,0,0,69,973,69,0,2975,0,0,0,0,12510,5385,0,0,20938,69,0,1093,0,0,0,0,12510,1340,0,0,15012,1,2.7799125674751
Minocqua Police Department,1986-06-01,Wisconsin,3251,WI04401,0,0,0,0,1,0,1,0,0,0,0,0,0,0,0,0,0,0,1,2,7,10,0,0,0,2,4,0,0,0,4,0,0,0,0,0,0,0,556,0,0,556,0,0,0,0,0,0,0,0,0,0,0,69,556,18389,19015,19571,0,0,0,1676,10828,0,0,0,6511,0,0,0,0,8965,2071,0,0,6822,0,1712,19571,0,0,0,0,0,2071,0,0,0,0,0,2071,1,2.7799125674751
Minocqua Police Department,1986-07-01,Wisconsin,3251,WI04401,0,0,4,0,1,0,5,1,0,0,0,0,0,0,0,0,0,0,1,6,3,10,0,0,0,1,1,0,0,0,8,0,1,1,0,0,0,1518,106,0,0,1623,6950,0,0,0,0,0,0,0,0,0,0,69,1946,5007,7022,15595,0,0,0,208,2644,0,0,0,4170,2646,0,292,695,0,0,0,6950,5012,0,0,15595,806,0,0,0,0,0,0,6950,0,0,0,7756,1,2.7799125674751
Minocqua Police Department,1986-08-01,Wisconsin,3251,WI04401,0,0,3,0,3,0,6,0,0,0,0,0,0,0,0,0,0,0,1,3,9,13,0,0,0,2,4,0,0,0,7,0,0,0,0,0,0,1668,1893,0,0,3561,0,0,0,0,0,0,0,0,0,0,0,83,890,24249,25222,28783,0,0,0,1529,17133,0,0,0,6561,0,500,13900,0,1204,1946,0,0,11234,0,0,28783,0,0,0,0,0,0,0,0,0,0,0,0,1,2.7799125674751
Minocqua Police Department,1986-09-01,Wisconsin,3251,WI04401,0,0,0,0,1,0,1,0,0,0,0,0,0,0,0,0,0,0,2,2,3,7,0,0,0,1,2,0,0,0,4,0,0,0,0,0,0,0,1379,0,0,1379,0,0,0,0,0,0,0,0,0,0,0,139,737,5946,6822,8201,0,0,0,776,4531,0,0,0,1515,0,0,1379,97,0,0,0,0,5988,0,737,8201,0,0,0,0,0,0,0,0,0,0,0,0,1,2.7799125674751
Minocqua Police Department,1986-10-01,Wisconsin,3251,WI04401,0,0,1,0,0,0,1,0,0,0,0,0,0,0,0,0,0,0,0,2,4,6,0,0,0,4,2,0,0,0,0,0,0,0,0,0,0,0,0,0,0,0,0,0,0,0,0,0,0,0,0,0,0,0,417,4907,5324,5324,0,0,0,3127,2196,0,0,0,0,0,890,139,0,0,0,0,0,4295,0,0,5324,0,890,0,0,0,0,0,0,820,0,0,1710,1,2.7799125674751
Minocqua Police Department,1986-11-01,Wisconsin,3251,WI04401,0,8,1,0,0,0,9,0,0,0,0,0,0,0,0,0,0,0,1,2,1,4,0,0,0,2,0,0,0,0,2,0,0,0,0,0,0,973,0,0,0,973,0,0,0,0,0,0,0,0,0,0,0,19,667,2099,2785,3758,0,0,0,667,0,0,0,0,2118,0,0,0,0,0,0,0,0,3758,0,0,3758,0,0,0,0,0,0,0,0,0,0,0,0,1,2.7799125674751
Minocqua Police Department,1986-12-01,Wisconsin,3251,WI04401,0,0,2,0,0,0,2,0,0,0,0,0,0,0,0,0,0,0,2,0,2,4,0,0,0,0,4,0,0,0,0,0,0,0,0,0,0,0,0,0,0,0,0,0,0,0,0,0,0,0,0,0,0,167,0,1960,2127,2127,0,0,0,0,2127,0,0,0,0,0,0,167,0,0,0,0,0,1960,0,0,2127,0,0,111,0,0,0,0,0,0,0,0,111,1,2.7799125674751
Minocqua Police Department,1987-01-01,Wisconsin,3325,WI04401,1,1,0,0,0,0,2,0,0,0,0,0,0,0,0,0,0,0,2,0,2,4,0,0,0,1,1,0,0,2,0,0,0,0,0,0,0,0,0,0,0,0,0,0,0,0,0,0,0,0,0,0,0,35,0,6031,6066,6066,0,0,0,3886,2145,0,0,35,0,0,0,0,0,0,2145,0,0,35,3886,0,6066,0,0,0,0,0,0,0,0,35,0,0,35,1,2.68164209754309
Minocqua Police Department,1987-02-01,Wisconsin,3325,WI04401,0,0,2,0,0,0,2,0,0,0,0,0,0,0,0,0,0,0,1,1,4,6,1,1,0,0,2,0,0,0,2,0,0,0,0,0,0,0,0,0,0,0,0,0,0,0,0,0,0,0,0,0,0,40,156,6396,6591,6591,156,1555,0,0,4170,0,0,0,711,0,0,0,0,0,0,0,0,6591,0,0,6591,0,0,0,0,0,0,0,0,4022,0,0,4022,1,2.68164209754309
Minocqua Police Department,1987-03-01,Wisconsin,3325,WI04401,0,0,0,0,0,0,0,0,0,0,0,0,0,0,0,0,0,0,0,0,0,0,0,0,0,0,0,0,0,0,0,0,0,0,0,0,0,0,0,0,0,0,0,0,0,0,0,0,0,0,0,0,0,0,0,0,0,0,0,0,0,0,0,0,0,0,0,0,0,0,0,0,0,0,0,0,0,0,0,0,0,0,0,0,0,0,0,536,0,0,536,1,2.68164209754309
Minocqua Police Department,1987-04-01,Wisconsin,3325,WI04401,1,0,2,0,0,1,4,0,0,0,0,0,0,0,0,0,0,0,1,0,1,2,0,0,0,0,1,0,0,0,1,0,0,0,0,0,536,2926,0,0,469,3931,0,0,0,0,0,0,0,0,0,0,0,27,0,4277,4304,8235,0,0,0,0,27,0,0,0,4277,0,0,1006,0,0,0,0,0,4304,0,2926,8235,0,0,536,0,0,0,0,0,0,0,0,536,1,2.68164209754309
Minocqua Police Department,1987-05-01,Wisconsin,3325,WI04401,1,1,6,0,0,0,8,0,0,0,0,0,0,0,0,0,0,0,4,1,4,9,0,0,0,2,2,0,0,0,5,0,0,0,0,536,343,2145,0,0,0,3025,0,0,0,0,0,0,0,0,0,0,0,225,349,3282,3856,6881,0,0,0,1091,590,0,0,0,2175,343,0,590,0,0,0,0,0,4669,0,1279,6881,0,0,0,0,0,0,0,0,0,0,0,0,1,2.68164209754309
Minocqua Police Department,1987-06-01,Wisconsin,3325,WI04401,0,4,4,0,3,0,11,0,0,0,0,0,0,0,0,0,0,0,7,7,7,21,4,1,0,4,3,0,0,1,8,0,0,0,0,0,0,4296,9989,0,0,14285,0,0,0,0,0,0,0,0,0,0,0,464,2132,32510,35105,49390,1354,1006,0,1504,2164,0,0,40,29037,1341,0,102,1073,2043,40,0,0,37176,0,7616,49390,0,0,0,0,0,40,0,0,528,0,0,569,1,2.68164209754309
Minocqua Police Department,1987-07-01,Wisconsin,3325,WI04401,1,1,0,0,6,1,9,0,0,0,0,0,0,0,0,0,0,0,8,3,6,17,1,1,0,1,3,0,0,3,8,0,0,0,0,1459,402,0,2282,0,0,4143,0,0,0,0,0,0,0,0,0,0,0,729,703,11142,12574,16717,40,536,0,59,2507,0,0,660,8772,660,0,1577,0,1676,0,0,0,12805,0,0,16717,660,0,0,0,0,0,0,0,40,0,0,700,1,2.68164209754309
Minocqua Police Department,1987-08-01,Wisconsin,3325,WI04401,0,1,4,1,2,1,9,0,0,0,0,0,0,0,0,0,0,0,8,10,4,22,0,0,3,6,5,0,0,2,6,0,1,1,0,2199,0,6476,0,0,0,8675,0,0,0,0,0,0,0,0,0,0,0,383,3202,7278,10863,19538,0,0,550,2564,896,0,0,220,6634,469,0,2357,0,657,0,0,0,13376,0,2679,19538,0,0,43,0,0,0,0,0,0,0,0,43,1,2.68164209754309
Minocqua Police Department,1987-09-01,Wisconsin,3325,WI04401,0,0,5,0,4,0,9,1,0,0,0,0,0,0,0,0,0,0,4,5,5,14,0,1,0,4,2,0,0,1,6,0,1,1,0,0,0,2950,6921,0,0,9871,12067,0,0,0,0,0,0,0,0,0,0,402,1679,10432,12513,34451,0,402,0,1341,1783,0,0,231,8756,0,0,2950,939,0,0,0,12067,17932,0,563,34451,0,0,402,402,0,0,0,12067,217,0,94,13183,1,2.68164209754309
Minocqua Police Department,1987-10-01,Wisconsin,3325,WI04401,1,0,4,0,0,1,6,0,0,0,0,0,0,0,0,0,0,0,5,3,3,11,0,0,0,2,3,0,0,2,4,0,0,0,0,0,1609,2682,0,0,241,4532,0,0,0,0,0,0,0,0,0,0,0,177,737,2065,2979,7511,0,0,0,804,389,0,0,70,1716,335,0,842,0,0,1116,0,0,4950,0,268,7511,0,0,0,0,0,0,0,0,606,0,0,606,1,2.68164209754309
Minocqua Police Department,1987-11-01,Wisconsin,3325,WI04401,0,0,0,0,0,0,0,0,0,0,0,0,0,0,0,0,0,0,0,0,0,0,0,0,0,0,0,0,0,0,0,0,0,0,0,0,0,0,0,0,0,0,0,0,0,0,0,0,0,0,0,0,0,0,0,0,0,0,0,0,0,0,0,0,0,0,0,0,0,0,0,0,0,0,0,0,0,0,0,0,0,0,0,0,0,0,0,0,0,0,0,1,2.68164209754309
Minocqua Police Department,1987-12-01,Wisconsin,3325,WI04401,0,0,0,0,0,0,0,0,0,0,0,0,0,0,0,0,0,0,0,0,0,0,0,0,0,0,0,0,0,0,0,0,0,0,0,0,0,0,0,0,0,0,0,0,0,0,0,0,0,0,0,0,0,0,0,0,0,0,0,0,0,0,0,0,0,0,0,0,0,0,0,0,0,0,0,0,0,0,0,0,0,0,0,0,0,0,0,0,0,0,0,1,2.68164209754309
Minocqua Police Department,1988-01-01,Wisconsin,3388,WI04401,1,0,3,0,4,0,8,0,0,0,0,0,0,0,0,0,0,0,2,4,8,14,0,0,0,3,1,0,0,2,8,0,0,0,0,0,129,52,4264,0,0,4445,0,0,0,0,0,0,0,0,0,0,0,82,920,53206,54209,58653,0,0,0,1159,1546,0,0,82,51421,129,5,4651,77,0,0,0,0,53420,0,371,58653,0,5,77,0,0,0,0,0,24287,0,113,24483,1,2.57657599887252
Minocqua Police Department,1988-02-01,Wisconsin,3388,WI04401,0,0,2,0,0,3,5,0,0,0,0,0,0,0,0,0,0,0,4,1,4,9,0,0,0,0,2,1,0,1,5,0,0,0,0,0,0,0,0,0,9600,9600,0,0,0,0,0,0,0,0,0,0,0,175,155,27312,27642,37242,0,0,0,0,155,5,0,15,27466,0,0,8523,0,1237,0,0,0,27482,0,0,37242,0,0,0,0,0,0,0,0,170,0,0,170,1,2.57657599887252
Minocqua Police Department,1988-03-01,Wisconsin,3388,WI04401,0,0,1,0,0,0,1,0,0,0,0,0,0,0,0,0,0,0,4,6,1,11,1,0,0,3,3,0,0,4,0,0,0,0,0,0,0,902,0,0,0,902,0,0,0,0,0,0,0,0,0,0,0,157,1855,1804,3816,4718,258,0,0,2448,953,0,0,157,0,0,0,386,294,0,0,0,0,3909,0,129,4718,0,0,0,0,0,0,0,0,157,0,0,157,1,2.57657599887252
Minocqua Police Department,1988-04-01,Wisconsin,3388,WI04401,0,0,1,0,0,0,1,0,0,0,0,0,0,0,0,0,0,0,4,0,1,5,0,0,0,1,0,0,0,3,1,0,0,0,0,0,0,0,0,0,0,0,0,0,0,0,0,0,0,0,0,0,0,142,0,1031,1172,1172,0,0,0,64,0,0,0,77,1031,0,39,0,0,0,0,0,0,1134,0,0,1172,0,39,0,309,0,0,0,0,1069,0,0,1417,1,2.57657599887252
Minocqua Police Department,1988-05-01,Wisconsin,3388,WI04401,0,0,2,0,0,1,3,0,0,0,0,0,0,0,0,0,0,0,3,5,3,11,1,0,0,3,5,0,0,1,1,0,0,0,0,0,0,935,0,0,0,935,0,0,0,0,0,0,0,0,0,0,0,155,1608,2035,3798,4733,193,0,0,1649,1621,0,0,77,258,155,0,1543,0,678,0,0,0,863,0,1494,4733,0,0,0,0,0,0,0,0,77,0,0,77,1,2.57657599887252
Minocqua Police Department,1988-06-01,Wisconsin,3388,WI04401,0,0,0,0,6,0,6,0,0,0,0,0,0,0,0,0,0,0,6,9,4,19,1,0,0,1,7,0,0,2,8,0,0,0,0,0,0,0,1932,0,0,1932,0,0,0,0,0,0,0,0,0,0,0,456,2770,5424,8650,10582,232,0,0,773,2074,0,0,57,5514,812,64,1868,0,386,0,0,0,6678,0,773,10582,39,0,0,0,0,0,0,0,18,0,0,57,1,2.57657599887252
Minocqua Police Department,1988-07-01,Wisconsin,3388,WI04401,0,1,2,0,6,3,12,1,0,0,0,0,0,0,0,0,0,0,4,13,15,32,0,5,0,6,7,0,0,2,12,0,0,0,0,10,0,13,322,0,928,1273,11595,0,0,0,0,0,0,0,0,0,0,258,4190,22916,27363,40231,0,1814,0,7454,4947,0,0,520,12628,1551,44,6076,0,0,1031,0,11595,19935,0,0,40231,0,52,5243,0,0,103,0,0,4380,0,0,9778,1,2.57657599887252
Minocqua Police Department,1988-08-01,Wisconsin,3388,WI04401,0,1,3,0,7,2,13,1,0,0,0,0,0,0,0,0,0,0,10,7,15,32,0,2,0,3,4,2,1,7,13,1,0,1,0,0,0,879,3950,0,3633,8461,41225,0,0,0,0,0,0,0,0,0,0,490,1819,22627,24936,74623,0,1159,0,1327,2829,116,77,1561,17866,1165,412,7632,0,956,825,0,41225,20347,0,2061,74623,108,0,157,0,348,0,0,41225,7730,0,0,49568,1,2.57657599887252
Minocqua Police Department,1988-09-01,Wisconsin,3388,WI04401,0,1,2,0,1,1,5,0,0,0,0,0,0,0,0,0,0,0,2,9,7,18,1,2,0,11,1,0,0,0,3,0,0,0,0,0,0,3051,0,0,0,3051,0,0,0,0,0,0,0,0,0,0,0,121,3288,15235,18644,21695,575,1688,0,3991,353,0,0,0,12038,786,0,861,0,3952,0,0,0,15709,0,386,21695,0,0,353,0,902,0,0,0,10628,0,0,11883,1,2.57657599887252
Minocqua Police Department,1988-10-01,Wisconsin,3388,WI04401,0,2,2,0,2,1,7,1,0,0,0,0,0,0,0,0,0,0,6,6,6,18,2,0,0,4,5,1,0,3,3,1,0,1,0,453,0,93,0,0,0,546,34487,0,0,0,0,0,0,0,0,0,0,312,2113,27866,30290,65324,825,0,0,546,26139,348,0,75,2358,170,9152,17459,335,0,0,0,34487,3721,0,0,65324,0,64,209,0,0,0,0,34487,1556,0,2061,38378,1,2.57657599887252
Minocqua Police Department,1988-11-01,Wisconsin,3388,WI04401,0,0,2,0,1,1,4,1,0,0,0,0,0,0,0,0,0,0,4,5,2,11,1,1,0,0,2,0,0,4,3,0,2,2,0,0,0,1111,232,0,670,2012,2577,0,0,0,0,0,0,0,0,0,0,201,1345,1242,2788,7377,129,206,0,0,39,0,0,1587,827,0,0,420,0,1268,0,0,2577,2682,0,430,7377,0,0,348,0,1268,0,0,4895,180,0,430,7122,1,2.57657599887252
Minocqua Police Department,1988-12-01,Wisconsin,3388,WI04401,1,1,1,0,1,0,4,9,0,0,0,0,0,0,0,0,0,0,4,1,0,5,0,0,0,0,1,0,0,4,0,5,4,9,0,0,773,1288,0,0,0,2061,75749,0,0,0,0,0,0,0,0,0,0,93,139,0,232,78042,0,0,0,0,64,0,0,167,0,0,28,64,0,1427,0,0,75749,773,0,0,78042,0,0,0,0,0,0,0,75749,0,0,0,75749,1,2.57657599887252
Minocqua Police Department,1989-01-01,Wisconsin,3389,WI04401,0,0,2,0,0,0,2,1,0,0,0,0,0,0,0,0,0,0,2,1,4,7,1,0,0,3,2,0,0,1,0,0,0,0,0,0,0,737,0,0,0,737,9832,0,0,0,0,0,0,0,0,0,0,140,393,10078,10611,21180,3687,0,0,5383,1499,0,0,42,0,1499,42,98,0,0,0,0,9832,8971,737,0,21180,0,0,98,0,0,0,0,0,2605,0,0,2704,1,2.45793156762571
Minocqua Police Department,1989-02-01,Wisconsin,3389,WI04401,0,1,3,0,1,1,6,1,0,0,0,0,0,0,0,0,0,0,2,4,6,12,0,0,0,4,6,0,0,2,0,0,1,1,0,0,0,3136,0,0,477,3613,8480,0,0,0,0,0,0,0,0,0,0,84,1573,9635,11292,23385,0,0,0,5346,5862,0,0,84,0,1831,84,3687,0,1426,0,0,8480,1497,983,5398,23385,0,49,0,0,0,0,0,8480,344,0,0,8873,1,2.45793156762571
Minocqua Police Department,1989-03-01,Wisconsin,3389,WI04401,1,1,1,0,0,0,3,1,0,0,0,0,0,0,0,0,0,0,2,8,1,11,1,0,0,1,4,1,0,4,0,1,0,1,0,0,0,1229,0,0,0,1229,11061,0,0,0,0,0,0,0,0,0,0,22,1603,1204,2829,15119,295,0,0,170,1647,246,0,472,0,2011,22,332,0,0,0,0,11061,1524,0,170,15119,283,10,0,0,0,0,0,11061,1229,0,850,13433,1,2.45793156762571
Minocqua Police Department,1989-04-01,Wisconsin,3389,WI04401,0,1,3,0,0,1,5,0,0,0,0,0,0,0,0,0,0,0,5,2,4,11,0,1,0,0,3,0,0,3,4,0,0,0,0,9832,0,1158,0,0,0,10989,0,0,0,0,0,0,0,0,0,0,0,263,551,10323,11137,22126,0,369,0,0,354,0,0,91,10323,0,214,197,0,983,944,0,0,19762,0,27,22126,167,0,15254,0,8627,182,0,0,11429,0,27,35687,1,2.45793156762571
Minocqua Police Department,1989-05-01,Wisconsin,3389,WI04401,0,1,2,1,1,1,6,2,0,0,0,0,0,0,0,0,0,0,6,9,3,18,1,1,1,3,2,1,0,4,5,1,1,2,0,49,0,8310,3082,320,0,11761,49159,0,0,0,0,0,0,0,0,0,0,261,2419,7497,10176,71096,1475,268,37,1819,627,61,0,162,5727,2212,605,467,0,4537,4916,0,49159,3648,0,5552,71096,0,39,0,0,0,0,0,49159,1106,0,0,50304,1,2.45793156762571
Minocqua Police Department,1989-06-01,Wisconsin,3389,WI04401,0,0,2,1,1,0,4,1,0,0,0,0,0,0,0,0,0,0,9,4,6,19,1,1,1,1,0,0,0,4,11,0,1,1,0,0,0,737,74,565,0,1376,246,0,0,0,0,0,0,0,0,0,0,344,959,5162,6464,8087,246,514,1229,860,0,0,0,101,3515,420,1000,968,0,1106,474,0,246,3871,0,0,8087,27,81,0,0,0,0,0,246,0,0,0,354,1,2.45793156762571
Minocqua Police Department,1989-07-01,Wisconsin,3389,WI04401,0,0,3,0,2,0,5,0,0,0,0,0,0,0,0,0,0,0,16,4,8,28,1,0,0,4,6,0,0,3,14,0,0,0,0,0,0,7521,246,0,0,7767,0,0,0,0,0,0,0,0,0,0,0,791,1123,21588,23503,31270,737,0,0,5602,15377,0,0,155,1632,145,681,3785,0,184,6145,0,0,16281,0,4048,31270,59,479,1278,0,0,474,0,0,39,0,0,2330,1,2.45793156762571
Minocqua Police Department,1989-08-01,Wisconsin,3389,WI04401,0,0,2,3,1,2,8,1,0,0,0,0,0,0,0,0,0,0,6,6,5,17,1,4,0,2,3,0,0,3,4,1,0,1,0,0,0,5272,1389,1475,3166,11302,56532,0,0,0,0,0,0,0,0,0,0,403,1750,9328,11481,79315,246,877,0,3884,750,0,0,1362,4363,6612,315,2396,0,3915,258,0,56532,9286,0,0,79315,0,69,0,0,0,0,0,56532,0,0,0,56601,1,2.45793156762571
Minocqua Police Department,1989-09-01,Wisconsin,3389,WI04401,0,0,5,2,0,1,8,2,0,0,0,0,0,0,0,0,1,1,7,6,6,19,2,0,0,4,1,0,1,1,10,0,1,1,0,0,0,2315,0,2632,737,5685,65175,0,0,0,0,0,0,0,0,0,0,297,1659,18530,20487,91347,295,0,0,7015,10631,0,516,487,1544,548,52,1136,0,1443,10053,0,65175,5626,0,7315,91347,0,27,0,0,578,221,0,4916,0,0,0,5742,1,2.45793156762571
Minocqua Police Department,1989-10-01,Wisconsin,3389,WI04401,2,2,4,0,2,1,11,2,0,0,0,0,0,0,0,0,0,0,5,3,5,13,2,0,0,0,2,0,0,0,9,1,0,1,2,74,0,1915,0,0,0,1988,5899,0,0,0,0,0,0,0,0,0,0,59,664,9072,9795,17682,1573,0,0,0,1153,0,0,0,7069,74,27,172,0,1229,4916,0,5899,3697,981,688,17682,0,0,474,0,0,0,0,5899,3989,0,2632,12995,1,2.45793156762571
Minocqua Police Department,1989-11-01,Wisconsin,3389,WI04401,0,0,1,0,0,0,1,1,0,0,0,0,0,0,0,0,0,0,2,5,4,11,0,1,0,1,7,0,0,0,2,1,0,1,0,0,0,172,0,0,0,172,29495,0,0,0,0,0,0,0,0,0,0,147,1381,6418,7946,37614,0,270,0,501,5041,0,0,0,2133,841,37,2972,0,0,0,0,29495,4269,0,0,37614,320,0,0,246,0,172,0,29495,0,0,0,30233,1,2.45793156762571
Minocqua Police Department,1989-12-01,Wisconsin,3389,WI04401,0,0,1,0,1,0,2,3,0,0,0,0,0,0,0,0,0,0,4,3,1,8,2,0,0,0,1,1,0,1,3,0,2,2,1,0,0,3367,983,0,0,4351,25838,0,0,0,0,0,0,0,0,0,0,177,651,737,1566,31754,983,0,0,0,49,221,0,39,273,0,128,1204,0,49,0,0,25838,2937,0,1598,31754,0,64,0,0,0,0,0,22488,0,0,0,22552,1,2.45793156762571
Minocqua Police Department,1990-01-01,Wisconsin,3389,WI04401,0,0,1,0,2,0,3,3,0,0,0,0,0,0,0,0,0,0,7,4,3,14,0,0,0,2,1,1,0,3,7,0,2,2,1,0,0,1679,1385,0,0,3064,20988,0,0,0,0,0,0,0,0,0,0,212,1271,7344,8827,32880,0,0,0,1430,721,75,0,177,6425,1751,133,6422,0,1842,0,0,20988,1742,0,0,32880,0,84,0,0,163,0,0,11427,0,0,0,11674,1,2.33204860003827
Minocqua Police Department,1990-02-01,Wisconsin,3389,WI04401,0,1,1,0,3,1,6,7,0,0,0,0,0,0,0,0,0,0,4,1,3,8,1,0,0,2,1,0,0,3,1,1,4,5,0,168,0,0,466,0,1374,2008,63315,0,0,0,0,0,0,0,0,0,0,149,455,2122,2726,68049,70,0,0,1586,536,0,0,518,16,1516,79,466,0,0,0,0,63315,2673,0,0,68049,0,75,1259,0,0,0,0,74497,700,0,0,76531,1,2.33204860003827
Minocqua Police Department,1990-03-01,Wisconsin,3389,WI04401,1,0,2,2,0,0,5,1,0,0,0,0,0,0,0,0,0,0,5,4,3,12,2,0,0,1,1,1,0,1,6,1,0,1,0,0,0,1866,0,44,0,1910,1866,0,0,0,0,0,0,0,0,0,0,340,886,6439,7665,11441,245,0,0,1439,56,152,0,114,5660,1749,229,159,0,0,0,0,1866,7439,0,0,11441,1516,128,152,0,0,0,0,1866,406,0,0,4067,1,2.33204860003827
Minocqua Police Department,1990-04-01,Wisconsin,3389,WI04401,1,1,14,0,4,1,21,2,0,0,0,0,0,0,0,0,0,0,5,5,3,13,1,0,0,3,1,0,1,1,6,2,0,2,0,0,0,13108,0,0,0,13108,12360,0,0,0,0,0,0,0,0,0,0,240,1409,13148,14797,40265,175,0,0,1887,257,0,28,373,12078,2773,949,1042,1495,82,3860,0,12360,9473,0,8232,40265,0,0,0,0,0,373,0,12360,0,0,0,12733,1,2.33204860003827
Minocqua Police Department,1990-05-01,Wisconsin,3389,WI04401,0,0,5,2,0,0,7,0,0,0,0,0,0,0,0,0,0,0,4,5,5,14,4,1,0,0,1,0,0,1,7,0,0,0,0,0,0,7365,0,0,0,7365,0,0,0,0,0,0,0,0,0,0,0,121,1213,5870,7204,14568,2493,350,0,0,12,0,0,152,4198,0,0,12,0,5277,0,0,0,8696,0,583,14568,420,0,0,0,0,9328,0,0,1590,0,0,11338,1,2.33204860003827
Minocqua Police Department,1990-06-01,Wisconsin,3389,WI04401,0,0,2,3,3,0,8,2,0,0,0,0,0,0,0,0,0,0,13,7,3,23,2,1,0,1,0,0,0,6,13,1,0,1,1,0,0,718,0,0,0,718,73460,0,0,0,0,0,0,0,0,0,0,450,1726,4160,6336,80514,215,254,0,233,0,0,0,133,5501,82,103,299,0,1674,2143,0,73460,2521,0,233,80514,82,7,42,0,0,1749,0,3498,445,0,0,5823,1,2.33204860003827
Minocqua Police Department,1990-07-01,Wisconsin,3389,WI04401,0,0,2,0,0,0,2,1,0,0,0,0,0,0,0,0,0,0,6,8,8,22,2,1,0,3,1,0,2,3,10,1,0,1,0,0,0,1306,0,0,0,1306,5049,0,0,0,0,0,0,0,0,0,0,161,1994,44773,46928,53283,816,280,0,14634,19589,0,6679,121,4809,8447,131,721,0,1458,28218,0,5049,4072,0,5189,53283,1707,5,0,0,0,0,0,5049,599,0,0,7360,1,2.33204860003827
Minocqua Police Department,1990-08-01,Wisconsin,3389,WI04401,0,2,12,1,2,1,18,3,0,0,0,0,0,0,0,0,0,0,11,11,7,29,5,1,1,3,0,2,0,5,12,3,0,3,0,557,0,9876,117,1073,4825,16448,56669,0,0,0,0,0,0,0,0,0,0,310,2908,8773,11991,85108,886,280,266,3629,0,175,0,606,6150,1245,229,3237,977,5014,450,0,56669,11432,233,5623,85108,257,14,1341,627,12,0,0,56669,956,0,1982,61858,1,2.33204860003827
Minocqua Police Department,1990-09-01,Wisconsin,3389,WI04401,1,2,6,0,0,1,10,0,0,0,0,0,0,0,0,0,0,0,4,10,8,22,4,3,0,3,2,0,0,2,8,0,0,0,0,5217,1632,37075,0,0,198,44122,0,0,0,0,0,0,0,0,0,0,0,159,2647,19207,22012,66135,641,798,0,4764,891,0,0,770,14149,280,89,543,1313,1877,48831,0,0,9221,0,3981,66135,0,12,0,420,548,10422,0,0,2694,0,0,14095,1,2.33204860003827
Minocqua Police Department,1990-10-01,Wisconsin,3389,WI04401,0,2,3,1,1,0,7,1,0,0,0,0,0,0,0,0,0,0,6,7,6,19,1,0,0,3,4,1,0,2,8,1,0,1,0,909,0,6422,0,1621,0,8953,2332,0,0,0,0,0,0,0,0,0,0,240,1863,10844,12948,24232,326,0,0,8057,1026,187,0,126,3225,583,198,709,700,2323,315,0,2332,13897,0,3176,24232,0,142,0,700,2118,0,0,2332,2369,0,0,7661,1,2.33204860003827
Minocqua Police Department,1990-11-01,Wisconsin,3389,WI04401,0,0,1,0,2,1,4,1,0,0,0,0,0,0,0,0,0,0,7,4,4,15,2,0,1,3,0,0,0,4,5,0,1,1,0,0,0,0,497,0,2341,2838,60633,0,0,0,0,0,0,0,0,0,0,292,1213,3906,5410,68882,396,0,350,2017,0,0,0,653,1994,676,23,905,2087,0,0,0,60633,4557,0,0,68882,58,23,0,1399,0,0,0,60633,210,0,0,62324,1,2.33204860003827
Minocqua Police Department,1990-12-01,Wisconsin,3389,WI04401,1,1,7,0,0,0,9,3,0,0,0,0,0,0,0,0,0,0,4,4,1,9,2,0,0,0,2,0,0,1,4,2,0,2,2,280,0,2906,0,0,0,3186,27985,0,0,0,0,0,0,0,0,0,0,168,991,469,1628,32798,373,0,0,0,877,0,0,30,347,408,392,469,0,2565,0,0,27985,979,0,0,32798,0,112,469,0,196,0,0,20988,408,0,3001,25174,1,2.33204860003827
Minocqua Police Department,1991-01-01,Wisconsin,3432,WI04401,0,1,1,0,1,0,3,4,0,0,0,0,0,0,0,0,0,0,12,6,6,24,0,0,0,2,3,0,0,4,15,2,0,2,1,1045,0,22,2367,0,0,3434,10851,0,0,0,0,0,0,0,0,0,0,559,1510,3600,5669,19954,0,0,0,392,705,0,0,940,3633,4278,172,123,0,928,1313,0,10851,2289,0,0,19954,0,58,0,0,0,0,0,4586,1107,0,0,5752,1,2.23729976136572
Minocqua Police Department,1991-02-01,Wisconsin,3432,WI04401,0,0,2,0,3,1,6,7,0,0,0,0,0,0,0,0,0,0,8,1,6,15,1,0,1,3,3,0,0,0,7,1,1,2,0,0,0,2897,794,0,17140,20831,31098,0,0,0,0,0,0,0,0,0,0,490,168,6712,7370,59300,78,0,168,494,3468,0,0,0,3161,78,143,3535,447,2506,0,0,31098,19039,0,2450,59297,0,45,1969,0,0,0,47,8949,0,0,1454,12464,1,2.23729976136572
Minocqua Police Department,1991-03-01,Wisconsin,3432,WI04401,0,0,3,0,0,3,6,2,0,0,0,0,0,0,0,0,0,0,10,7,1,18,3,0,0,1,4,0,1,6,3,3,1,4,0,0,0,11600,0,0,4475,16075,15661,0,0,0,0,0,0,0,0,0,0,333,1951,447,2732,34468,839,0,0,380,626,0,40,781,65,74,528,0,0,11891,0,0,15661,5302,0,1011,34468,74,49,0,447,112,0,0,29980,0,0,620,31282,1,2.23729976136572
Minocqua Police Department,1991-04-01,Wisconsin,3432,WI04401,17,0,4,0,2,1,24,1,0,0,0,0,0,0,0,0,0,0,7,2,2,11,2,0,0,0,3,0,0,1,5,0,1,1,0,0,2853,17026,846,0,0,20724,4475,0,0,0,0,0,0,0,0,0,0,204,318,5356,5877,31076,45,0,0,0,1859,0,0,116,3857,34,67,13,0,14636,1776,6074,4475,0,0,4000,31076,34,0,0,0,564,0,5985,4475,0,0,0,11057,1,2.23729976136572
Minocqua Police Department,1991-05-01,Wisconsin,3432,WI04401,1,1,4,1,1,0,8,1,0,0,0,0,0,0,0,0,0,0,4,5,19,28,2,0,2,5,1,0,1,3,14,0,0,0,0,353,268,4038,4443,1342,0,10446,11186,0,0,0,0,0,0,0,0,0,0,49,1237,48523,49809,71441,1622,0,1231,6399,667,0,112,161,39618,805,116,6721,593,2255,0,0,11186,46800,280,2685,71441,0,67,67,0,1342,201,0,0,35636,0,0,37314,1,2.23729976136572
Minocqua Police Department,1991-06-01,Wisconsin,3432,WI04401,0,1,2,0,3,1,7,2,0,1,0,0,0,0,0,0,0,0,11,8,9,28,2,2,4,1,4,1,0,1,13,0,1,1,2,1430,0,6904,5978,0,0,14312,39153,0,0,0,0,0,0,0,0,0,0,519,1658,7584,9761,63226,1119,559,593,1454,3188,280,0,168,2401,85,190,6222,0,1351,0,0,39153,13652,0,2573,63226,22,29,89,0,2376,0,0,3356,2416,0,3155,11444,1,2.23729976136572
Minocqua Police Department,1991-07-01,Wisconsin,3432,WI04401,0,0,3,0,2,0,5,2,0,0,0,0,0,0,0,0,0,0,14,8,6,28,5,2,0,5,2,0,0,2,12,1,0,1,1,0,0,4942,9887,0,0,14829,42509,0,0,0,0,0,0,0,0,0,0,613,2092,8938,11643,68980,600,839,0,4528,1667,0,0,136,3873,271,213,10245,0,691,1286,0,42509,5535,0,8231,68980,148,74,0,0,0,0,0,42509,2181,0,0,44912,1,2.23729976136572
Minocqua Police Department,1991-08-01,Wisconsin,3432,WI04401,0,0,3,0,1,0,4,0,0,0,0,0,0,0,0,0,0,0,9,4,8,21,2,3,0,2,3,0,0,0,11,0,0,0,0,0,0,11486,0,0,0,11486,0,0,0,0,0,0,0,0,0,0,0,485,895,67457,68837,80324,1219,548,0,1152,60365,0,0,0,5553,22,273,60980,0,5904,3636,0,0,4710,0,4799,80324,0,0,0,0,0,0,0,0,772,0,0,772,1,2.23729976136572
Minocqua Police Department,1991-09-01,Wisconsin,3432,WI04401,0,0,3,0,3,0,6,1,0,0,0,0,0,1,0,0,0,1,5,2,5,12,0,2,0,0,2,0,0,2,6,1,0,1,0,0,0,347,6488,0,0,6835,7831,0,0,0,0,0,0,0,0,0,0,309,537,3629,4475,19140,0,727,0,0,537,0,0,1302,1908,34,197,6354,56,134,0,0,7831,3931,0,604,19140,0,0,0,0,0,0,0,7831,0,0,2072,9902,1,2.23729976136572
Minocqua Police Department,1991-10-01,Wisconsin,3432,WI04401,0,1,4,0,2,0,7,0,0,0,0,0,0,0,0,0,0,0,13,3,6,22,0,2,0,0,3,0,0,9,8,0,0,0,0,0,0,2427,2011,0,0,4439,0,0,0,0,0,0,0,0,0,0,0,260,694,8835,9788,14227,0,1264,0,0,5065,0,0,130,3329,7,477,7457,0,347,0,0,0,5940,0,0,14227,7,72,0,0,0,0,0,0,5985,0,0,6063,1,2.23729976136572
Minocqua Police Department,1991-11-01,Wisconsin,3432,WI04401,1,0,5,0,0,0,6,0,0,0,0,0,0,0,0,0,0,0,9,4,3,16,1,0,0,1,4,0,0,2,8,0,0,0,0,0,0,11764,0,0,0,11764,0,0,0,0,0,0,0,0,0,0,0,333,861,1852,3047,14811,336,0,0,615,1407,0,0,38,651,1716,298,1009,895,3439,0,0,0,7329,0,125,14811,0,197,0,895,0,0,0,0,902,0,0,1993,1,2.23729976136572
Minocqua Police Department,1991-12-01,Wisconsin,3432,WI04401,0,0,2,0,0,0,2,2,0,0,0,1,0,0,0,0,0,1,6,3,4,13,1,0,0,1,2,0,0,2,7,0,0,0,0,0,0,3490,0,0,0,3490,22373,0,0,0,18,0,0,0,0,0,18,134,682,3882,4698,30579,336,0,0,593,246,0,0,13,3510,101,63,224,0,0,2237,0,22373,5246,0,336,30579,0,40,0,0,0,94,0,0,1767,0,0,1902,1,2.23729976136572
Minocqua Police Department,1992-01-01,Wisconsin,3468,WI04401,0,0,0,0,0,0,0,2,0,0,0,0,0,0,0,0,0,0,7,6,7,20,0,1,1,1,4,0,0,4,9,0,0,0,0,0,0,0,0,0,0,0,14115,0,0,0,0,0,0,0,0,0,0,324,1731,4801,6856,20970,0,326,0,334,1781,0,0,784,3631,456,1542,130,0,28,651,0,14115,3548,0,499,20970,0,0,0,0,0,0,0,0,910,0,0,910,1,2.17152809122224
Minocqua Police Department,1992-02-01,Wisconsin,3468,WI04401,0,0,1,0,1,0,2,7,0,0,0,0,0,0,0,0,0,0,7,2,3,12,0,0,0,0,5,0,0,3,4,3,2,5,2,0,0,1086,2608,0,0,3694,70792,0,0,0,0,0,0,0,0,0,0,350,337,2552,3238,77723,0,0,0,0,2780,0,0,85,374,1346,228,1607,0,0,0,0,70792,2067,65,1618,77723,869,80,0,0,0,0,0,42562,0,0,0,43511,1,2.17152809122224
Minocqua Police Department,1992-03-01,Wisconsin,3468,WI04401,0,0,1,0,2,0,3,1,0,0,0,0,0,0,0,0,0,0,6,2,3,11,1,0,0,3,1,0,0,2,4,1,0,1,1,0,0,3257,0,0,0,3257,10638,0,0,0,0,0,0,0,0,0,0,200,463,8202,8864,22760,436,0,0,358,816,0,0,72,7181,0,113,7852,0,0,0,0,10638,4156,0,0,22760,0,33,0,0,0,0,0,10638,0,0,0,10671,1,2.17152809122224
Minocqua Police Department,1992-04-01,Wisconsin,3468,WI04401,0,0,0,0,0,0,0,0,0,0,0,0,0,0,0,0,0,0,6,3,3,12,4,0,0,1,2,0,0,2,3,0,0,0,0,0,0,0,0,0,0,0,0,0,0,0,0,0,0,0,0,0,0,300,793,2747,3839,3839,1325,0,0,43,1455,0,0,35,982,0,83,152,0,0,0,0,0,3605,0,0,3839,0,35,0,489,0,0,0,0,1021,0,0,1544,1,2.17152809122224
Minocqua Police Department,1992-05-01,Wisconsin,3468,WI04401,1,0,4,0,1,2,8,0,0,0,0,0,0,0,0,0,0,0,6,8,5,19,2,2,0,1,5,0,0,5,4,0,0,0,0,0,0,3229,0,0,1314,4543,0,0,0,0,0,0,0,0,0,0,0,239,1983,10336,12558,17101,5212,387,0,393,1335,0,0,239,4992,512,54,326,0,1492,0,0,0,12534,0,2182,17101,360,54,0,0,1086,0,0,0,486,0,434,2421,1,2.17152809122224
Minocqua Police Department,1992-06-01,Wisconsin,3468,WI04401,0,1,1,0,1,0,3,2,0,0,0,0,0,0,0,0,0,0,7,11,9,27,1,1,1,1,3,0,0,4,16,2,0,2,1,217,0,0,543,0,0,760,1737,0,0,0,0,0,0,0,0,0,0,241,2502,17290,20032,22530,3909,410,152,654,4473,0,0,512,9922,3144,48,2714,0,0,0,0,1737,14886,0,0,22530,2291,17,0,0,0,0,0,1737,2334,0,0,6380,1,2.17152809122224
Minocqua Police Department,1992-07-01,Wisconsin,3468,WI04401,1,0,1,0,2,0,4,0,0,0,0,0,0,0,0,0,0,0,18,14,13,45,6,3,0,6,5,0,0,5,20,0,0,0,0,0,0,0,6545,0,0,6545,0,0,0,0,0,0,0,0,0,0,0,693,3911,20048,24651,31196,2198,1792,0,2465,8263,0,0,161,9774,263,128,10378,0,185,4549,0,0,13880,0,1813,31196,143,37,1325,0,76,0,0,0,1965,0,0,3546,1,2.17152809122224
Minocqua Police Department,1992-08-01,Wisconsin,3468,WI04401,0,0,3,0,1,0,4,0,0,0,0,0,0,0,0,0,0,0,14,6,6,26,2,0,1,1,3,0,0,8,11,0,0,0,0,0,0,986,1409,0,0,2395,0,0,0,0,0,0,0,0,0,0,0,593,1194,23991,25778,28173,1060,0,109,625,17644,0,0,1023,5318,906,241,645,0,141,217,0,0,25937,0,87,28173,30,22,0,0,0,217,0,0,1314,0,869,2452,1,2.17152809122224
Minocqua Police Department,1992-09-01,Wisconsin,3468,WI04401,0,1,0,2,0,3,6,2,0,0,0,0,0,0,0,0,0,0,6,4,5,15,2,0,0,2,1,0,0,2,8,1,1,2,0,43,0,0,0,869,24864,25776,40173,0,0,0,0,0,0,0,0,0,0,189,856,11242,12287,78236,402,0,0,5101,13,0,0,400,6371,367,176,447,0,0,0,0,40173,34466,0,2606,78236,0,98,0,0,0,0,0,40173,2571,0,2172,45014,1,2.17152809122224
Minocqua Police Department,1992-10-01,Wisconsin,3468,WI04401,0,1,3,0,1,0,5,0,0,0,0,0,0,0,0,0,0,0,20,6,5,31,6,0,0,2,1,0,0,15,7,0,0,0,0,0,0,1926,0,0,0,1926,0,0,0,0,0,0,0,0,0,0,0,482,890,3707,5079,7005,1064,0,0,760,152,0,0,908,2195,326,137,699,925,719,0,0,0,3548,0,651,7005,0,22,0,0,0,0,0,0,3149,0,0,3170,1,2.17152809122224
Minocqua Police Department,1992-11-01,Wisconsin,3468,WI04401,1,0,1,0,0,2,4,0,0,0,0,0,0,0,0,0,0,0,5,1,4,10,1,0,0,0,3,0,0,2,4,0,0,0,0,0,0,0,0,0,588,588,0,0,0,0,0,0,0,0,0,0,0,113,217,4343,4673,5262,217,0,0,0,1694,0,0,13,2749,1629,48,588,0,0,0,0,0,2997,0,0,5262,543,13,0,0,0,0,0,0,0,0,0,556,1,2.17152809122224
Minocqua Police Department,1992-12-01,Wisconsin,3468,WI04401,0,1,0,0,2,0,3,1,0,0,0,0,0,0,0,0,0,0,8,6,3,17,1,0,0,3,5,0,0,2,6,0,1,1,0,0,0,0,152,0,0,152,13898,0,0,0,0,0,0,0,0,0,0,389,1179,2150,3718,17767,1086,0,0,391,1320,0,0,369,552,879,35,803,0,484,293,0,13898,1375,0,0,17767,152,0,0,0,137,239,0,13898,148,0,0,14573,1,2.17152809122224
Minocqua Police Department,1993-01-01,Wisconsin,3499,WI04401,0,1,0,2,1,0,4,0,0,0,0,0,0,0,0,0,0,0,4,3,4,11,1,0,0,0,5,0,0,3,2,0,0,0,0,0,0,0,148,4,0,152,0,0,0,0,0,0,0,0,0,0,0,295,591,3004,3889,4041,105,0,0,0,2639,0,0,903,243,2639,11,152,0,0,0,0,0,1135,0,105,4041,591,0,0,0,0,0,0,0,787,0,0,1377,1,2.10926968560715
Minocqua Police Department,1993-02-01,Wisconsin,3499,WI04401,0,0,0,0,0,0,0,3,0,0,0,0,0,0,0,0,0,0,4,1,3,8,0,0,0,2,2,0,0,3,1,1,0,1,1,0,0,0,0,0,0,0,14765,0,0,0,0,0,0,0,0,0,0,141,348,4033,4522,19287,0,0,0,1924,2457,0,0,108,34,1055,108,664,0,0,0,0,14765,2696,0,0,19287,0,67,0,0,337,0,0,8159,34,0,0,8597,1,2.10926968560715
Minocqua Police Department,1993-03-01,Wisconsin,3499,WI04401,0,0,0,0,1,0,1,1,0,0,0,0,0,0,0,0,3,3,8,3,3,14,0,0,0,1,3,0,0,5,5,0,1,1,0,0,0,0,0,0,0,0,12919,0,0,0,0,0,0,0,0,1468,1468,146,702,2090,2938,17326,0,0,0,633,673,0,0,173,1460,179,76,2763,0,0,53,0,12919,249,0,1086,17326,21,34,0,0,0,0,0,12919,0,0,580,13554,1,2.10926968560715
Minocqua Police Department,1993-04-01,Wisconsin,3499,WI04401,1,0,1,0,0,1,3,2,0,0,0,0,0,0,0,0,0,0,12,5,8,25,2,2,0,2,7,0,0,7,5,1,1,2,0,0,84,0,0,0,738,823,68551,0,0,0,0,0,0,0,0,0,0,437,1002,22797,24236,93609,570,1118,0,1698,14153,0,0,215,6482,738,120,12972,0,253,0,0,68551,10342,0,633,93609,211,105,42,0,169,0,0,68551,1002,0,0,70080,1,2.10926968560715
Minocqua Police Department,1993-05-01,Wisconsin,3499,WI04401,0,1,4,0,2,0,7,1,0,0,0,0,0,0,0,0,0,0,12,7,8,27,4,2,0,3,4,0,0,2,12,0,1,1,1,3841,0,5885,633,0,0,10359,2109,0,0,0,0,0,0,0,0,0,0,616,1217,9182,11015,23482,875,981,0,1377,1090,0,0,181,6509,1255,428,141,105,0,0,0,2109,17861,0,1582,23482,0,0,0,0,0,0,0,1055,270,0,0,1325,1,2.10926968560715
Minocqua Police Department,1993-06-01,Wisconsin,3499,WI04401,1,1,6,0,1,1,10,1,0,0,0,0,0,0,0,0,0,0,11,5,4,20,1,2,3,2,3,0,0,2,7,0,0,0,0,0,4957,4661,1371,0,633,11622,8859,0,0,0,0,0,0,0,0,0,0,443,848,4640,5931,26412,34,453,1019,211,232,0,0,55,3927,105,234,2464,3164,548,0,0,8859,9203,0,1835,26412,0,51,0,3164,0,0,0,0,3080,0,1793,8087,1,2.10926968560715
Minocqua Police Department,1993-07-01,Wisconsin,3499,WI04401,2,1,3,1,2,0,9,3,0,0,0,0,0,0,0,0,0,0,9,7,11,27,1,2,2,4,2,0,0,3,13,1,2,3,2,0,0,10673,0,0,0,10673,43240,0,0,0,0,0,0,0,0,0,0,356,2141,12824,15322,69235,411,1160,380,3354,1139,0,0,359,8519,612,61,1603,1266,0,10335,0,43240,11675,0,443,69235,0,0,0,1266,0,0,0,43240,1266,0,422,46193,1,2.10926968560715
Minocqua Police Department,1993-08-01,Wisconsin,3499,WI04401,0,0,0,0,0,0,0,2,0,0,0,0,0,0,0,0,1,1,7,9,7,23,1,2,1,2,5,0,0,1,11,1,1,2,0,0,0,0,0,0,0,0,68146,0,0,0,0,0,0,0,0,316,316,335,2113,6381,8829,77292,169,696,11,1403,1519,0,0,19,5014,327,86,605,0,337,475,0,68146,4467,0,2848,77292,460,0,0,0,0,0,0,68146,0,0,2531,71137,1,2.10926968560715
Minocqua Police Department,1993-09-01,Wisconsin,3499,WI04401,0,0,2,0,0,0,2,2,0,0,0,0,0,0,0,0,0,0,8,10,6,24,1,4,0,1,7,0,0,1,10,2,0,2,0,0,0,0,0,0,0,0,11074,0,0,0,0,0,0,0,0,0,0,342,2194,8306,10842,21915,51,1476,0,211,4151,0,0,38,4915,823,186,460,0,0,2489,0,11074,6294,0,591,21915,422,46,0,0,0,0,0,105,970,0,337,1881,1,2.10926968560715
Minocqua Police Department,1993-10-01,Wisconsin,3499,WI04401,0,1,3,0,1,1,6,2,0,0,0,0,0,0,0,0,0,0,8,5,4,17,0,1,0,0,4,0,0,5,7,1,1,2,0,0,0,949,0,0,0,949,20038,0,0,0,0,0,0,0,0,0,0,302,717,5098,6117,27104,0,295,0,0,1510,0,0,340,3972,124,152,1350,105,574,0,0,20038,3917,0,844,27104,103,114,0,0,0,0,0,20038,506,0,0,20762,1,2.10926968560715
Minocqua Police Department,1993-11-01,Wisconsin,3499,WI04401,1,0,1,0,2,0,4,1,0,0,0,0,0,0,0,0,0,0,10,7,4,21,0,0,0,2,4,0,1,9,5,1,0,1,0,0,502,1190,316,0,0,2008,20028,0,0,0,0,0,0,0,0,0,0,443,1597,2892,4931,26967,0,0,0,1036,667,0,0,1991,1238,1736,1344,886,0,546,0,0,20028,993,0,1434,26967,397,86,0,0,546,0,0,19395,350,0,527,21302,1,2.10926968560715
Minocqua Police Department,1993-12-01,Wisconsin,3499,WI04401,0,0,2,0,0,0,2,1,0,1,0,0,0,0,0,0,0,0,5,6,8,19,1,0,0,5,6,0,0,2,5,0,0,0,0,0,0,1403,0,0,0,1403,2531,0,0,0,0,0,0,0,0,0,0,179,1360,71764,73303,77237,53,0,0,4955,66313,0,0,232,1751,1263,11,66356,0,1445,253,0,2531,1582,0,3797,77237,380,0,791,0,1445,243,0,0,0,0,844,3702,1,2.10926968560715
Minocqua Police Department,1994-01-01,Wisconsin,3529,WI04401,0,1,0,0,2,0,3,1,0,0,0,0,0,0,0,0,0,0,4,2,3,9,0,0,0,3,0,0,0,2,4,0,0,0,0,0,0,0,411,0,0,411,13567,0,0,0,0,0,0,0,0,0,0,62,730,9602,10393,24372,0,0,0,1209,0,0,0,362,8823,0,45,7606,0,16,0,0,13567,2777,0,360,24372,0,0,0,0,0,0,0,0,479,0,0,479,1,2.05566930904593
Minocqua Police Department,1994-02-01,Wisconsin,3529,WI04401,0,0,0,0,2,0,2,1,0,1,0,0,0,0,0,0,0,0,4,2,2,8,1,0,0,1,0,0,0,2,4,1,0,1,0,0,0,0,968,0,0,968,24668,0,0,0,0,0,0,0,0,0,0,187,368,3906,4461,30097,1336,0,0,206,0,0,0,164,2755,21,12,259,0,0,0,0,24668,4163,0,974,30097,0,0,0,514,0,0,0,24668,0,0,574,25755,1,2.05566930904593
Minocqua Police Department,1994-03-01,Wisconsin,3529,WI04401,0,0,3,0,2,1,6,0,0,0,0,0,0,0,0,0,0,0,8,1,3,12,1,0,0,3,2,0,0,2,4,0,0,0,0,0,0,0,345,0,339,685,0,0,0,0,0,0,0,0,0,0,0,413,154,9532,10100,10784,82,0,0,1336,226,0,0,10,8445,21,417,345,0,0,72,0,0,9415,0,514,10784,0,4,0,0,0,0,0,0,160,0,0,164,1,2.05566930904593
Minocqua Police Department,1994-04-01,Wisconsin,3529,WI04401,0,0,6,0,1,2,9,0,0,0,0,0,0,0,0,0,0,0,4,2,6,12,0,0,0,3,2,0,0,2,5,0,0,0,0,0,0,103,123,0,0,226,0,0,0,0,0,0,0,0,0,0,0,123,648,7419,8190,8416,0,0,0,3873,1028,0,0,72,3217,822,72,226,514,339,0,0,0,3443,0,2999,8416,0,72,0,514,0,0,0,0,0,0,0,586,1,2.05566930904593
Minocqua Police Department,1994-05-01,Wisconsin,3529,WI04401,0,0,4,0,1,0,5,0,0,0,0,0,0,0,0,0,0,0,7,5,3,15,0,2,0,3,4,0,0,2,4,0,1,1,0,0,0,2713,0,0,0,2713,0,0,0,0,0,0,0,0,0,0,0,125,822,1850,2798,5511,0,206,0,1503,785,0,0,41,263,0,206,442,411,0,310,0,1028,2580,0,534,5511,0,21,0,411,0,0,0,1028,452,0,0,1912,1,2.05566930904593
Minocqua Police Department,1994-06-01,Wisconsin,3529,WI04401,0,1,1,0,1,0,3,2,0,0,0,0,0,0,0,0,0,0,12,10,9,31,7,1,1,5,2,0,0,4,11,1,1,2,0,514,0,802,62,0,0,1377,7606,0,0,0,0,0,0,0,0,0,0,438,2302,9672,12412,21395,894,347,0,4161,658,0,0,765,5587,1266,121,103,0,154,90,0,7606,8959,0,3096,21395,197,4,0,0,0,64,0,7195,1881,0,0,9341,1,2.05566930904593
Minocqua Police Department,1994-07-01,Wisconsin,3529,WI04401,0,0,0,0,3,1,4,0,0,0,0,0,0,0,0,0,0,0,14,8,11,33,4,2,0,6,2,0,0,3,16,0,0,0,0,0,0,0,298,0,3084,3382,0,0,0,0,0,0,0,0,0,0,0,606,1513,10311,12431,15812,843,1336,0,5012,658,0,0,354,4229,592,310,1067,0,41,3084,0,0,5768,0,4950,15812,0,0,0,0,0,0,0,0,1439,0,3100,4539,1,2.05566930904593
Minocqua Police Department,1994-08-01,Wisconsin,3529,WI04401,0,0,4,0,0,1,5,0,0,0,0,0,0,0,0,0,0,0,11,8,14,33,13,0,0,3,1,0,0,6,10,0,0,0,0,0,0,7592,0,0,0,7592,0,0,0,0,0,0,0,0,0,0,0,345,1166,10126,11637,19229,4194,0,0,915,107,0,0,2343,4078,175,569,1233,5468,828,3392,0,0,7563,0,0,19229,0,574,288,0,68,0,0,0,2907,0,0,3836,1,2.05566930904593
Minocqua Police Department,1994-09-01,Wisconsin,3529,WI04401,1,0,0,1,2,1,5,3,0,0,0,0,0,0,0,0,0,0,4,9,11,24,1,2,0,4,4,0,0,2,11,3,0,3,0,0,0,0,473,0,370,843,53447,0,0,0,0,0,0,0,0,0,0,179,1591,10443,12213,66503,1589,1231,0,2755,1472,0,0,121,5045,352,119,1048,103,931,1053,0,53447,6408,0,3042,66503,31,0,0,0,0,29,0,53447,1233,0,822,55563,1,2.05566930904593
Minocqua Police Department,1994-10-01,Wisconsin,3529,WI04401,0,0,3,0,2,0,5,3,0,1,0,0,0,0,0,0,0,0,10,23,10,43,21,1,0,1,8,0,0,4,8,1,2,3,0,0,0,2261,411,0,0,2672,9764,0,0,0,0,0,0,0,0,0,0,384,4099,16949,21432,33869,9954,483,0,206,2465,0,0,53,8272,308,518,1334,1233,0,0,0,9764,13146,0,7565,33869,134,0,370,1028,0,0,0,9764,7894,0,822,20012,1,2.05566930904593
Minocqua Police Department,1994-11-01,Wisconsin,3529,WI04401,1,1,2,1,1,2,8,2,0,0,0,0,0,0,0,0,0,0,11,4,2,17,1,0,0,0,4,0,0,5,7,0,2,2,0,0,1542,0,0,43,0,1585,26724,0,0,0,0,0,0,0,0,0,0,426,724,2977,4126,32434,164,0,0,0,528,0,0,329,3104,0,382,325,0,31,0,0,26724,1729,0,3244,32434,0,306,2,0,0,0,0,26724,10,0,0,27042,1,2.05566930904593
Minocqua Police Department,1994-12-01,Wisconsin,3529,WI04401,0,0,1,0,1,1,3,2,0,0,0,0,0,0,0,0,0,0,6,4,5,15,2,0,0,1,4,0,0,1,7,0,0,0,0,0,0,1131,0,0,1011,2142,617,0,0,0,0,0,0,0,0,0,0,261,898,4039,5199,7957,411,0,0,514,2144,0,0,4,2126,31,1186,1379,0,1022,0,0,617,1462,0,2261,7957,0,0,0,0,0,0,0,617,107,0,0,724,1,2.05566930904593
Minocqua Police Department,1995-01-01,Wisconsin,3557,WI04401,1,1,3,0,0,1,6,1,0,0,0,0,0,0,0,0,0,0,6,7,5,18,0,0,1,1,5,0,0,1,10,0,0,0,0,5379,2799,2669,0,0,1100,11947,800,0,0,0,0,0,0,0,0,0,0,264,1320,4275,5859,18606,0,0,160,700,1400,0,0,1330,2270,0,14,3469,0,4339,2759,0,800,4835,0,2389,18606,0,0,480,0,20,0,0,0,200,0,600,1300,1,1.99957289729848
Minocqua Police Department,1995-02-01,Wisconsin,3557,WI04401,0,1,1,0,2,1,5,8,0,0,0,0,0,0,0,0,0,0,7,6,3,16,1,0,0,3,5,0,0,5,2,2,6,8,0,0,0,200,76064,0,0,76264,64586,0,0,0,0,0,0,0,0,0,0,150,1150,2260,3559,144409,0,0,0,390,2320,0,0,76,774,3715,200,1270,0,4867,68341,0,64586,1070,0,360,144409,520,32,0,0,0,0,0,50789,20,0,0,51361,1,1.99957289729848
Minocqua Police Department,1995-03-01,Wisconsin,3557,WI04401,1,2,14,0,1,0,18,3,0,1,0,0,0,0,0,0,0,0,2,5,7,14,3,0,0,1,5,0,0,4,1,1,0,1,0,1588,0,1440,25850,0,0,28878,13797,0,0,0,0,0,0,0,0,0,0,122,832,20104,21058,63732,1100,0,0,100,17524,0,0,1234,1100,1730,0,16235,200,25850,410,0,13797,2471,0,3039,63732,368,0,0,0,0,0,0,3999,572,0,600,5539,1,1.99957289729848
Minocqua Police Department,1995-04-01,Wisconsin,3557,WI04401,1,1,0,0,1,4,7,0,0,0,0,0,0,0,0,0,0,0,9,4,3,16,1,0,0,4,1,0,0,6,4,1,0,1,0,39991,0,0,926,0,12805,53723,0,0,0,0,0,0,0,0,0,0,0,394,1016,9398,10808,64530,1500,0,0,6199,40,0,0,348,2721,0,274,926,350,2136,0,0,39991,14815,0,6039,64530,0,228,0,0,0,0,0,39991,0,0,0,40219,1,1.99957289729848
Minocqua Police Department,1995-05-01,Wisconsin,3557,WI04401,1,1,6,0,0,1,9,2,0,0,0,0,0,0,0,0,0,0,5,7,4,16,0,1,0,1,3,0,0,3,8,1,1,2,0,0,0,72830,0,0,600,73430,47810,0,0,0,0,0,0,0,0,0,0,86,1174,2559,3819,125059,0,400,0,1200,490,0,0,56,1674,150,48,27598,0,9804,0,0,47810,36330,0,3319,125059,150,28,0,0,0,0,0,47810,35584,0,1520,85092,1,1.99957289729848
Minocqua Police Department,1995-06-01,Wisconsin,3557,WI04401,0,0,1,0,1,0,2,0,0,0,0,0,0,0,0,0,0,0,4,12,8,24,0,3,0,2,7,0,0,1,11,0,0,0,0,0,0,0,220,0,0,220,0,0,0,0,0,0,0,0,0,0,0,224,2367,7942,10534,10754,0,1200,0,1790,3697,0,0,46,3801,46,382,648,0,0,800,0,0,8878,0,0,10754,46,0,0,0,0,800,0,0,3625,0,400,4871,1,1.99957289729848
Minocqua Police Department,1995-07-01,Wisconsin,3557,WI04401,0,0,4,0,0,0,4,1,0,0,0,0,0,0,0,0,0,0,7,5,20,32,0,2,0,8,9,0,0,0,13,1,0,1,0,0,0,0,0,0,0,0,19996,0,0,0,0,0,0,0,0,0,0,348,1320,42993,44660,64656,0,1318,0,4909,14065,0,0,0,24369,0,72,7200,0,0,0,0,19996,33639,0,3749,64656,0,0,0,0,0,0,0,400,600,0,0,1000,1,1.99957289729848
Minocqua Police Department,1995-08-01,Wisconsin,3557,WI04401,0,0,2,0,0,0,2,0,0,0,0,0,0,0,0,0,0,0,6,1,11,18,0,2,0,2,5,0,0,4,5,0,0,0,0,0,0,4399,0,0,0,4399,0,0,0,0,0,0,0,0,0,0,0,242,360,37406,38008,42407,0,2000,0,440,9466,0,0,1504,24599,32,60,0,0,0,25814,0,0,15061,0,1440,42407,0,0,0,0,0,20,0,0,9598,0,1440,11058,1,1.99957289729848
Minocqua Police Department,1995-09-01,Wisconsin,3557,WI04401,0,1,0,0,0,0,1,0,0,0,0,0,0,0,0,0,0,0,0,1,9,10,0,0,0,0,3,0,0,0,7,0,0,0,0,0,0,0,0,0,0,0,0,0,0,0,0,0,0,0,0,0,0,0,270,11188,11458,11458,0,0,0,0,4429,0,0,0,7028,0,10,0,0,0,0,0,0,9848,0,1600,11458,0,10,0,0,0,0,0,0,0,0,0,10,1,1.99957289729848
Minocqua Police Department,1995-10-01,Wisconsin,3557,WI04401,0,0,0,0,1,0,1,0,0,0,0,0,0,0,0,0,0,0,9,2,7,18,0,0,0,2,8,0,0,4,4,0,0,0,0,0,0,0,0,0,0,0,0,0,0,0,0,0,0,0,0,0,0,282,346,15421,16049,16049,0,0,0,2238,8812,0,0,230,4769,60,162,186,0,0,0,0,0,5405,7998,2238,16049,60,40,0,0,0,0,0,0,0,7998,0,8098,1,1.99957289729848
Minocqua Police Department,1995-11-01,Wisconsin,3557,WI04401,0,0,2,0,1,0,3,0,0,0,0,0,0,0,0,0,0,0,3,5,3,11,0,0,0,4,7,0,0,0,0,1,0,1,1,0,0,4199,680,0,0,4879,0,0,0,0,0,0,0,0,0,0,0,66,1366,15577,17008,21887,0,0,0,1230,15779,0,0,0,0,852,36,710,0,0,0,0,11997,3693,0,4599,21887,0,0,0,0,0,3999,0,11997,114,0,0,16111,1,1.99957289729848
Minocqua Police Department,1995-12-01,Wisconsin,3557,WI04401,0,0,0,0,1,0,1,4,0,0,0,0,0,0,0,0,0,0,4,3,6,13,0,0,0,1,7,0,0,3,2,0,3,3,0,0,0,0,0,0,0,0,46590,0,0,0,0,0,0,0,0,0,0,232,640,6305,7176,53767,0,0,0,2399,4477,0,0,120,180,1650,32,1336,920,0,0,0,46590,3239,0,0,53767,0,0,0,920,0,0,0,36992,120,0,0,38032,1,1.99957289729848
Minocqua Police Department,1996-01-01,Wisconsin,3582,WI04401,0,0,0,0,1,0,1,8,0,0,0,0,0,0,0,0,0,0,6,5,4,15,0,0,0,2,8,2,0,0,3,7,0,7,0,0,0,0,270,0,0,270,126660,0,0,0,0,0,0,0,0,0,0,105,777,2914,3796,130725,0,0,0,1651,1173,97,0,0,874,0,8,950,0,0,0,0,126660,3108,0,0,130725,0,0,367,0,0,0,0,109176,0,0,0,109543,1,1.94263043247264
Minocqua Police Department,1996-02-01,Wisconsin,3582,WI04401,1,0,0,1,0,0,2,2,0,0,0,0,0,0,0,0,0,0,3,3,8,14,0,0,0,4,9,0,0,0,1,2,0,2,0,0,0,0,0,0,0,0,15541,0,0,0,0,0,0,0,0,0,0,173,659,8561,9393,24934,0,0,0,1824,7277,0,0,0,291,3322,19,3184,0,0,0,0,15541,1436,0,1432,24934,0,0,0,0,0,0,0,15541,0,0,0,15541,1,1.94263043247264
Minocqua Police Department,1996-03-01,Wisconsin,3582,WI04401,0,2,0,0,5,0,7,2,0,0,0,0,0,0,0,0,0,0,5,2,8,15,2,0,0,1,5,1,0,1,5,1,0,1,0,136,0,0,0,0,0,136,11656,0,0,0,0,0,0,0,0,0,0,247,538,20631,21416,33207,476,0,0,39,17148,29,0,39,3685,389,136,13441,0,0,0,0,11656,7547,0,39,33207,0,39,101,0,0,0,0,5828,0,0,0,5968,1,1.94263043247264
Minocqua Police Department,1996-04-01,Wisconsin,3582,WI04401,0,4,0,0,1,0,5,0,0,0,0,0,0,0,0,0,0,0,4,5,9,18,0,0,0,0,4,0,1,1,12,0,0,0,0,5197,0,0,458,0,0,5655,0,0,0,0,0,0,0,0,0,0,0,181,927,7254,8361,14016,0,0,0,0,3034,0,58,10,5259,0,25,1133,3788,0,0,0,0,3137,0,5933,14016,0,0,0,0,0,0,0,0,0,0,0,0,1,1.94263043247264
Minocqua Police Department,1996-05-01,Wisconsin,3582,WI04401,0,0,2,0,2,0,4,0,0,0,0,0,0,0,0,0,0,0,5,3,10,18,2,0,0,2,6,0,0,2,6,0,0,0,0,0,0,369,0,0,0,369,0,0,0,0,0,0,0,0,0,0,0,253,583,21245,22080,22449,107,0,0,1263,15108,0,0,1105,4497,1164,0,350,0,0,0,0,0,18605,0,2331,22449,0,0,0,0,0,0,0,0,0,0,0,0,1,1.94263043247264
Minocqua Police Department,1996-06-01,Wisconsin,3582,WI04401,0,0,1,0,0,0,1,1,0,0,0,0,0,0,0,0,0,0,3,2,7,12,0,0,0,1,6,0,0,1,4,0,0,0,0,0,0,272,0,0,0,272,0,0,0,0,0,0,0,0,0,0,0,58,427,15897,16382,16654,0,0,0,971,9447,0,0,19,5944,233,0,1171,0,39,19,0,0,13152,0,2040,16654,0,0,0,0,0,0,0,0,0,0,0,0,1,1.94263043247264
Minocqua Police Department,1996-07-01,Wisconsin,3582,WI04401,0,0,1,0,0,0,1,0,0,0,0,0,0,0,0,0,0,0,5,3,11,19,2,0,0,4,1,0,0,1,11,0,0,0,0,0,0,38853,0,0,0,38853,0,0,0,0,0,0,0,0,0,0,0,214,777,8015,9006,47859,466,0,0,2895,19,0,0,39,5587,39,19,0,0,0,0,0,0,44238,0,3563,47859,0,0,0,0,0,0,0,0,0,0,0,0,1,1.94263043247264
Minocqua Police Department,1996-08-01,Wisconsin,3582,WI04401,0,0,0,0,0,0,0,0,0,0,0,0,0,0,0,0,0,0,4,6,6,16,1,2,0,2,7,0,0,1,3,0,0,0,0,0,0,0,0,0,0,0,0,0,0,0,0,0,0,0,0,0,0,146,1292,24217,25654,25654,117,816,0,3064,21342,0,0,35,282,0,58,0,0,0,19368,0,0,3165,0,3064,25654,0,0,0,0,0,0,0,0,233,0,0,233,1,1.94263043247264
Minocqua Police Department,1996-09-01,Wisconsin,3582,WI04401,0,0,0,0,3,0,3,0,0,0,0,0,0,0,0,0,0,0,3,4,8,15,0,2,0,3,6,0,1,0,3,0,0,0,0,0,0,0,272,0,0,272,0,0,0,0,0,0,0,0,0,0,0,66,866,7586,8518,8790,0,1127,0,1515,2300,0,128,0,3448,0,299,1511,0,0,0,0,0,6145,0,835,8790,0,0,0,0,0,0,0,0,0,0,0,0,1,1.94263043247264
Minocqua Police Department,1996-10-01,Wisconsin,3582,WI04401,0,1,0,0,0,0,1,0,0,0,0,0,0,0,0,0,0,0,5,5,3,13,0,0,0,3,5,0,0,1,4,0,0,0,0,0,0,0,0,0,0,0,0,0,0,0,0,0,0,0,0,0,0,95,1156,5245,6496,6496,0,0,0,971,969,0,0,223,4332,223,95,136,0,0,0,0,0,5206,0,835,6496,0,17,0,0,0,0,0,0,874,0,0,892,1,1.94263043247264
Minocqua Police Department,1996-11-01,Wisconsin,3582,WI04401,0,1,0,0,1,1,3,0,0,0,0,0,0,0,0,0,0,0,6,4,4,14,0,0,0,4,4,0,0,3,3,0,0,0,0,291,0,0,3885,0,486,4662,0,0,0,0,0,0,0,0,0,0,0,200,715,7254,8169,12831,0,0,0,1455,6347,0,0,270,97,0,103,5088,0,0,0,0,0,6457,0,1183,12831,0,0,435,0,0,0,0,0,0,0,251,686,1,1.94263043247264
Minocqua Police Department,1996-12-01,Wisconsin,3582,WI04401,0,0,0,0,1,0,1,6,0,0,0,0,0,0,0,0,0,0,6,2,4,12,0,0,0,1,2,0,0,4,5,4,0,4,0,0,0,0,0,0,0,0,39047,0,0,0,0,0,0,0,0,0,0,130,194,6844,7168,46215,0,0,0,824,1776,0,0,54,4515,0,35,3495,0,0,0,0,39047,3639,0,0,46215,0,0,3495,0,8,0,0,26226,0,0,0,29728,1,1.94263043247264
Minocqua Police Department,1997-01-01,Wisconsin,3588,WI04401,0,0,1,0,1,0,2,1,0,0,0,0,0,1,0,0,0,1,4,3,4,11,0,0,0,0,4,0,1,3,3,2,0,2,0,0,0,475,0,0,0,475,18983,0,0,0,0,0,2895,0,0,0,2895,66,729,5501,6297,28648,0,0,0,0,4170,0,332,273,1521,511,46,6817,0,0,0,0,18983,2084,0,209,28648,0,28,97,0,0,0,0,18983,497,0,0,19605,1,1.89825511369536
Minocqua Police Department,1997-02-01,Wisconsin,3588,WI04401,0,0,0,0,0,0,0,0,0,0,0,0,0,0,0,0,0,0,7,2,6,15,0,0,0,4,4,0,0,5,2,0,0,0,0,0,0,0,0,0,0,0,0,0,0,0,0,0,0,0,0,0,0,85,410,7830,8326,8326,0,0,0,4983,1967,0,0,0,1376,190,38,1186,0,0,0,0,0,5393,0,1519,8326,0,0,0,0,0,0,0,0,1708,0,0,1708,1,1.89825511369536
Minocqua Police Department,1997-03-01,Wisconsin,3588,WI04401,0,1,0,0,0,0,1,7,0,0,0,0,0,0,0,0,0,0,6,3,5,14,0,0,0,1,7,0,0,4,2,2,0,2,0,0,0,0,0,0,0,0,48500,0,0,0,0,0,0,0,0,0,0,13,721,2278,3013,51513,0,0,0,380,2443,0,0,0,190,1234,13,816,0,0,0,0,48500,190,0,759,51513,0,0,0,0,0,0,0,8637,0,0,0,8637,1,1.89825511369536
Minocqua Police Department,1997-04-01,Wisconsin,3588,WI04401,0,1,2,0,2,0,5,1,0,0,0,0,0,1,0,0,0,1,3,3,5,11,0,1,0,3,5,0,0,1,1,0,1,1,0,0,0,1063,389,0,0,1452,10440,0,0,0,0,0,949,0,0,0,949,40,740,4011,4791,17633,0,285,0,1538,2608,0,0,19,342,0,21,3090,0,0,607,0,10440,1898,152,1424,17633,0,0,0,0,0,0,0,18983,19,0,0,19002,1,1.89825511369536
Minocqua Police Department,1997-05-01,Wisconsin,3588,WI04401,1,0,0,0,0,0,1,0,0,0,0,0,0,0,0,0,0,0,7,3,8,18,0,0,0,2,12,0,1,0,3,0,0,0,0,0,2847,0,0,0,0,2847,0,0,0,0,0,0,0,0,0,0,0,177,852,18954,19983,22830,0,0,0,902,16384,0,11,0,2686,0,146,2971,0,0,4366,0,0,12120,0,3227,22830,0,0,0,0,0,0,0,0,0,0,2847,2847,1,1.89825511369536
Minocqua Police Department,1997-06-01,Wisconsin,3588,WI04401,0,0,2,0,1,0,3,0,0,0,0,0,0,0,0,0,0,0,5,5,5,15,0,1,0,4,4,0,2,1,3,0,0,0,0,0,0,2758,579,0,0,3337,0,0,0,0,0,0,0,0,0,0,0,116,890,10725,11731,15068,0,380,0,9594,163,0,211,19,1365,0,76,752,0,0,133,0,0,13189,0,919,15068,0,19,0,0,0,0,0,0,47,0,0,66,1,1.89825511369536
Minocqua Police Department,1997-07-01,Wisconsin,3588,WI04401,0,1,0,0,2,1,4,0,0,0,0,0,0,0,0,0,0,0,2,10,3,15,0,3,0,4,1,1,1,3,2,0,0,0,0,294,0,0,1158,0,380,1832,0,0,0,0,0,0,0,0,0,0,0,68,2367,2126,4562,6393,0,1232,0,1367,142,114,171,587,949,68,220,1879,298,0,0,0,0,3358,0,569,6393,68,0,0,0,0,0,0,0,1232,0,190,1490,1,1.89825511369536
Minocqua Police Department,1997-08-01,Wisconsin,3588,WI04401,0,0,1,1,5,0,7,0,0,0,0,0,0,0,0,0,0,0,0,2,0,2,0,1,0,0,0,0,0,1,0,0,0,0,0,0,0,1329,38424,2658,0,42411,0,0,0,0,0,0,0,0,0,0,0,0,450,0,450,42861,0,285,0,0,0,0,0,165,0,1048,95,31384,0,0,0,0,0,6927,3407,0,42861,0,95,0,0,0,0,0,0,1993,3407,0,5495,1,1.89825511369536
Minocqua Police Department,1997-09-01,Wisconsin,3588,WI04401,0,0,0,0,1,0,1,0,0,0,0,0,0,0,0,0,0,0,5,9,8,22,0,1,0,3,6,0,0,3,9,0,0,0,0,0,0,0,721,0,0,721,0,0,0,0,0,0,0,0,0,0,0,178,1661,14282,16122,16843,0,380,0,1162,10325,0,0,319,3937,342,129,1875,0,0,3417,0,0,9941,0,1139,16843,0,0,0,0,0,0,0,0,0,0,0,0,1,1.89825511369536
Minocqua Police Department,1997-10-01,Wisconsin,3588,WI04401,0,0,1,0,1,0,2,0,0,0,0,0,0,0,0,0,0,0,0,1,2,3,0,1,0,1,0,0,0,0,1,0,0,0,0,0,0,475,266,0,0,740,0,0,0,0,0,0,0,0,0,0,0,0,114,1665,1779,2519,0,662,0,1002,0,0,0,0,114,0,0,266,0,0,0,0,0,2253,0,0,2519,0,0,0,0,0,0,0,0,114,0,0,114,1,1.89825511369536
Minocqua Police Department,1997-11-01,Wisconsin,3588,WI04401,0,0,1,0,0,0,1,0,0,0,0,0,0,0,0,0,0,0,2,2,2,6,0,0,0,2,0,0,0,2,2,0,0,0,0,0,0,0,0,0,0,0,0,0,0,0,0,0,0,0,0,0,0,19,323,16989,17331,17331,0,0,0,1386,0,0,0,19,15926,0,9,38,0,0,0,0,0,16050,0,1234,17331,0,0,0,0,0,0,0,0,0,0,0,0,1,1.89825511369536
Minocqua Police Department,1997-12-01,Wisconsin,3588,WI04401,0,0,0,0,0,0,0,0,0,0,0,0,0,0,0,0,0,0,0,0,2,2,0,0,0,0,0,0,0,0,2,0,0,0,0,0,0,0,0,0,0,0,0,0,0,0,0,0,0,0,0,0,0,0,0,2320,2320,2320,0,0,0,0,0,0,0,0,2320,0,0,2320,0,0,0,0,0,0,0,0,2320,0,0,4639,0,0,0,0,0,0,569,0,5209,1,1.89825511369536
Minocqua Police Department,1998-01-01,Wisconsin,4035,WI04401,0,0,0,0,0,0,0,0,0,0,0,0,0,0,0,0,0,0,0,0,0,0,0,0,0,0,0,0,0,0,0,0,0,0,0,0,0,0,0,0,0,0,0,0,0,0,0,0,0,0,0,0,0,0,0,0,0,0,0,0,0,0,0,0,0,0,0,0,0,0,0,0,0,0,0,0,0,0,0,0,0,0,0,0,0,0,0,0,0,0,0,1,1.86923930269414
Minocqua Police Department,1998-02-01,Wisconsin,4035,WI04401,0,0,0,0,0,0,0,0,0,0,0,0,0,0,0,0,0,0,0,0,0,0,0,0,0,0,0,0,0,0,0,0,0,0,0,0,0,0,0,0,0,0,0,0,0,0,0,0,0,0,0,0,0,0,0,0,0,0,0,0,0,0,0,0,0,0,0,0,0,0,0,0,0,0,0,0,0,0,0,0,0,0,0,0,0,0,0,0,0,0,0,1,1.86923930269414
Minocqua Police Department,1998-03-01,Wisconsin,4035,WI04401,0,0,0,0,0,0,0,0,0,0,0,0,0,0,0,0,0,0,0,0,0,0,0,0,0,0,0,0,0,0,0,0,0,0,0,0,0,0,0,0,0,0,0,0,0,0,0,0,0,0,0,0,0,0,0,0,0,0,0,0,0,0,0,0,0,0,0,0,0,0,0,0,0,0,0,0,0,0,0,0,0,0,0,0,0,0,0,0,0,0,0,1,1.86923930269414
Minocqua Police Department,1998-04-01,Wisconsin,4035,WI04401,0,0,0,0,0,0,0,0,0,0,0,0,0,0,0,0,0,0,0,0,0,0,0,0,0,0,0,0,0,0,0,0,0,0,0,0,0,0,0,0,0,0,0,0,0,0,0,0,0,0,0,0,0,0,0,0,0,0,0,0,0,0,0,0,0,0,0,0,0,0,0,0,0,0,0,0,0,0,0,0,0,0,0,0,0,0,0,0,0,0,0,1,1.86923930269414
Minocqua Police Department,1998-05-01,Wisconsin,4035,WI04401,0,0,0,0,0,0,0,0,0,0,0,0,0,0,0,0,0,0,0,0,0,0,0,0,0,0,0,0,0,0,0,0,0,0,0,0,0,0,0,0,0,0,0,0,0,0,0,0,0,0,0,0,0,0,0,0,0,0,0,0,0,0,0,0,0,0,0,0,0,0,0,0,0,0,0,0,0,0,0,0,0,0,0,0,0,0,0,0,0,0,0,1,1.86923930269414
Minocqua Police Department,1998-06-01,Wisconsin,4035,WI04401,0,0,0,0,0,0,0,0,0,0,0,0,0,0,0,0,0,0,0,0,0,0,0,0,0,0,0,0,0,0,0,0,0,0,0,0,0,0,0,0,0,0,0,0,0,0,0,0,0,0,0,0,0,0,0,0,0,0,0,0,0,0,0,0,0,0,0,0,0,0,0,0,0,0,0,0,0,0,0,0,0,0,0,0,0,0,0,0,0,0,0,1,1.86923930269414
Minocqua Police Department,1998-07-01,Wisconsin,4035,WI04401,0,0,0,0,0,0,0,0,0,0,0,0,0,0,0,0,0,0,0,0,0,0,0,0,0,0,0,0,0,0,0,0,0,0,0,0,0,0,0,0,0,0,0,0,0,0,0,0,0,0,0,0,0,0,0,0,0,0,0,0,0,0,0,0,0,0,0,0,0,0,0,0,0,0,0,0,0,0,0,0,0,0,0,0,0,0,0,0,0,0,0,1,1.86923930269414
Minocqua Police Department,1998-08-01,Wisconsin,4035,WI04401,0,0,0,0,0,0,0,0,0,0,0,0,0,0,0,0,0,0,0,0,0,0,0,0,0,0,0,0,0,0,0,0,0,0,0,0,0,0,0,0,0,0,0,0,0,0,0,0,0,0,0,0,0,0,0,0,0,0,0,0,0,0,0,0,0,0,0,0,0,0,0,0,0,0,0,0,0,0,0,0,0,0,0,0,0,0,0,0,0,0,0,1,1.86923930269414
Minocqua Police Department,1998-09-01,Wisconsin,4035,WI04401,0,0,0,0,0,0,0,0,0,0,0,0,0,0,0,0,0,0,0,0,0,0,0,0,0,0,0,0,0,0,0,0,0,0,0,0,0,0,0,0,0,0,0,0,0,0,0,0,0,0,0,0,0,0,0,0,0,0,0,0,0,0,0,0,0,0,0,0,0,0,0,0,0,0,0,0,0,0,0,0,0,0,0,0,0,0,0,0,0,0,0,1,1.86923930269414
Minocqua Police Department,1998-10-01,Wisconsin,4035,WI04401,0,0,0,0,0,0,0,0,0,0,0,0,0,0,0,0,0,0,0,0,0,0,0,0,0,0,0,0,0,0,0,0,0,0,0,0,0,0,0,0,0,0,0,0,0,0,0,0,0,0,0,0,0,0,0,0,0,0,0,0,0,0,0,0,0,0,0,0,0,0,0,0,0,0,0,0,0,0,0,0,0,0,0,0,0,0,0,0,0,0,0,1,1.86923930269414
Minocqua Police Department,1998-11-01,Wisconsin,4035,WI04401,0,0,0,0,0,0,0,0,0,0,0,0,0,0,0,0,0,0,0,0,0,0,0,0,0,0,0,0,0,0,0,0,0,0,0,0,0,0,0,0,0,0,0,0,0,0,0,0,0,0,0,0,0,0,0,0,0,0,0,0,0,0,0,0,0,0,0,0,0,0,0,0,0,0,0,0,0,0,0,0,0,0,0,0,0,0,0,0,0,0,0,1,1.86923930269414
Minocqua Police Department,1998-12-01,Wisconsin,4035,WI04401,0,0,0,0,0,0,0,0,0,0,0,0,0,0,0,0,0,0,0,0,0,0,0,0,0,0,0,0,0,0,0,0,0,0,0,0,0,0,0,0,0,0,0,0,0,0,0,0,0,0,0,0,0,0,0,0,0,0,0,0,0,0,0,0,0,0,0,0,0,0,0,0,0,0,0,0,0,0,0,0,0,0,0,0,0,0,0,0,0,0,0,1,1.86923930269414
Minocqua Police Department,1999-01-01,Wisconsin,4011,WI04401,0,0,0,0,1,0,1,11,0,0,0,0,0,0,0,0,0,0,2,0,4,6,0,0,0,1,0,0,0,1,4,5,4,9,0,0,0,0,869,0,0,869,91077,0,0,0,0,0,0,0,0,0,0,64,0,3763,3827,95772,0,0,0,708,0,0,0,0,3119,0,0,951,0,0,0,0,91077,3744,0,0,95772,0,0,0,0,0,0,0,66016,2488,0,0,68504,1,1.82921556856271
Minocqua Police Department,1999-02-01,Wisconsin,4011,WI04401,0,0,0,0,0,0,0,2,0,0,0,0,0,0,0,0,0,0,0,2,2,4,0,0,0,0,0,0,0,0,4,1,1,2,0,0,0,0,0,0,0,0,15548,0,0,0,0,0,0,0,0,0,0,0,640,2744,3384,18932,0,0,0,0,0,0,0,0,3384,0,0,0,0,0,0,0,15548,3384,0,0,18932,0,0,0,0,0,0,0,15548,274,0,0,15823,1,1.82921556856271
Minocqua Police Department,1999-03-01,Wisconsin,4011,WI04401,0,0,0,0,1,0,1,0,0,0,0,0,0,0,0,0,0,0,6,2,4,12,0,1,0,0,0,0,0,0,11,0,0,0,0,0,0,0,10061,0,0,10061,0,0,0,0,0,0,0,0,0,0,0,402,274,6289,6966,17026,0,366,0,0,0,0,0,0,6600,91,0,1271,0,0,0,0,0,15664,0,0,17026,0,0,0,0,0,0,0,0,1747,0,0,1747,1,1.82921556856271
Minocqua Police Department,1999-04-01,Wisconsin,4011,WI04401,0,0,0,0,0,0,0,2,0,0,0,0,0,0,0,0,0,0,4,0,6,10,1,1,0,1,4,0,0,0,3,0,1,1,0,0,0,0,0,0,0,0,109753,0,0,0,0,0,0,0,0,0,0,59,0,11917,11976,121729,2967,444,0,1280,7280,0,0,0,4,0,0,4,2378,0,0,0,109753,8680,0,915,121729,0,0,4,1463,0,0,0,54876,55,0,0,56398,1,1.82921556856271
Minocqua Police Department,1999-05-01,Wisconsin,4011,WI04401,0,0,0,0,0,0,0,0,0,0,0,0,0,0,0,0,0,0,4,5,7,16,0,0,0,5,3,0,0,0,8,0,0,0,0,0,0,0,0,0,0,0,0,0,0,0,0,0,0,0,0,0,0,108,594,15219,15921,15921,0,0,0,4555,10249,0,0,0,1118,0,46,5449,0,55,0,0,0,9786,128,457,15921,0,0,31,0,0,0,0,0,146,0,0,177,1,1.82921556856271
Minocqua Police Department,1999-06-01,Wisconsin,4011,WI04401,1,0,0,0,1,0,2,0,0,0,0,0,0,0,0,0,0,0,12,2,9,23,1,1,0,3,1,0,0,0,17,0,0,0,0,0,2195,0,878,0,0,3073,0,0,0,0,0,0,0,0,0,0,0,327,274,9896,10498,13571,0,183,0,3636,1280,0,0,0,5398,0,177,3384,0,146,91,0,0,7760,0,2012,13571,0,0,0,0,0,0,0,0,1098,0,0,1098,1,1.82921556856271
Minocqua Police Department,1999-07-01,Wisconsin,4011,WI04401,0,1,0,2,0,0,3,0,0,0,0,0,0,0,0,0,0,0,20,5,12,37,9,1,0,9,1,0,1,0,16,0,1,1,2,16856,0,0,0,18,0,16875,0,0,0,0,0,0,0,0,0,0,0,809,728,86390,87927,104801,741,128,0,81996,1006,0,549,0,3507,549,0,1990,0,0,0,0,0,82562,0,19701,104801,0,0,2,0,0,0,0,0,609,0,0,611,1,1.82921556856271
Minocqua Police Department,1999-08-01,Wisconsin,4011,WI04401,0,0,0,5,0,0,5,1,0,0,0,0,0,0,0,0,0,0,6,7,2,15,0,0,0,1,3,0,0,0,11,0,0,0,0,0,0,0,0,6814,0,6814,11250,0,0,0,0,0,0,0,0,0,0,260,1085,803,2147,20211,0,0,0,64,540,0,0,0,1544,0,110,7295,0,37,0,0,5762,7008,0,0,20211,0,0,0,0,0,0,0,0,192,0,0,192,1,1.82921556856271
Minocqua Police Department,1999-09-01,Wisconsin,4011,WI04401,0,0,0,0,0,0,0,1,0,0,0,0,0,0,0,0,0,0,4,5,9,18,0,0,0,5,0,0,0,1,12,1,0,1,0,0,0,0,0,0,0,0,18292,0,0,0,0,0,0,0,0,0,0,27,1204,9034,10266,28558,0,0,0,3750,0,0,0,0,6516,2186,0,1963,821,0,1829,0,18292,3466,0,0,28558,0,0,0,0,0,0,0,18292,366,0,0,18658,1,1.82921556856271
Minocqua Police Department,1999-10-01,Wisconsin,4011,WI04401,0,1,0,1,0,0,2,0,0,0,0,0,0,0,0,0,0,0,2,7,1,10,0,0,0,0,0,0,0,0,10,1,0,1,0,2506,0,0,0,29,0,2535,0,0,0,0,0,0,0,0,0,0,0,46,1308,823,2177,4712,0,0,0,0,0,0,0,0,2177,165,0,9,0,0,0,0,274,4081,0,183,4712,0,0,9,0,0,0,0,0,0,0,91,101,1,1.82921556856271
Minocqua Police Department,1999-11-01,Wisconsin,4011,WI04401,0,0,0,0,0,0,0,1,0,0,0,0,0,0,0,0,0,0,8,4,3,15,0,0,1,0,1,0,0,0,13,0,1,1,0,0,0,0,0,0,0,0,6655,0,0,0,0,0,0,0,0,0,0,210,949,1791,2951,9605,0,0,0,0,229,0,0,0,2722,0,137,622,0,0,858,0,6655,1333,0,0,9605,0,137,0,0,0,0,0,5488,91,0,0,5716,1,1.82921556856271
Minocqua Police Department,1999-12-01,Wisconsin,4011,WI04401,0,0,0,0,0,0,0,0,0,0,0,0,0,0,0,0,0,0,0,0,0,0,0,0,0,0,0,0,0,0,0,0,0,0,0,0,0,0,0,0,0,0,0,0,0,0,0,0,0,0,0,0,0,0,0,0,0,0,0,0,0,0,0,0,0,0,0,0,0,0,0,0,0,0,0,0,0,0,0,0,0,0,0,0,0,0,0,0,0,0,0,1,1.82921556856271
