agency,year,state,population,ORI,card_unfounded_pt,card_unfounded_type,card_actual_type,card_total_cleared_type,card_cleared_18_type,card_officers_type,card_actual_pt,card_total_cleared_pt,card_cleared_18_pt,officers_killed_by_felony,officers_killed_by_accident,officers_assaulted,actual_murder,actual_manslaughter,actual_rape_total,actual_rape_by_force,actual_rape_attempted,actual_robbery_total,actual_robbery_with_a_gun,actual_robbery_with_a_knife,actual_robbery_other_weapon,actual_robbery_unarmed,actual_assault_total,actual_assault_with_a_gun,actual_assault_with_a_knife,actual_assault_other_weapon,actual_assault_unarmed,actual_assault_simple,actual_burglary_total,actual_burglary_force_entry,actual_burglary_nonforce_entry,actual_burglary_attempted,actual_theft_total,actual_motor_vehicle_theft_total,actual_motor_vehicle_theft_car,actual_motor_vehicle_theft_truck,actual_motor_vehicle_theft_other,actual_all_crimes,actual_theft_under50_dollar,actual_assault_aggravated,actual_index_violent,actual_index_property,actual_index_total,total_cleared_murder,total_cleared_manslaughter,total_cleared_rape_total,total_cleared_rape_by_force,total_cleared_rape_attempted,total_cleared_robbery_total,total_cleared_robbery_with_a_gun,total_cleared_robbery_with_a_knife,total_cleared_robbery_other_weapon,total_cleared_robbery_unarmed,total_cleared_assault_total,total_cleared_assault_with_a_gun,total_cleared_assault_with_a_knife,total_cleared_assault_other_weapon,total_cleared_assault_unarmed,total_cleared_assault_simple,total_cleared_burglary_total,total_cleared_burglary_force_entry,total_cleared_burglary_nonforce_entry,total_cleared_burglary_attempted,total_cleared_theft_total,total_cleared_motor_vehicle_theft_total,total_cleared_motor_vehicle_theft_car,total_cleared_motor_vehicle_theft_truck,total_cleared_motor_vehicle_theft_other,total_cleared_all_crimes,total_cleared_theft_under50_dollar,total_cleared_assault_aggravated,total_cleared_index_violent,total_cleared_index_property,total_cleared_index_total,cleared_18_murder,cleared_18_manslaughter,cleared_18_rape_total,cleared_18_rape_by_force,cleared_18_rape_attempted,cleared_18_robbery_total,cleared_18_robbery_with_a_gun,cleared_18_robbery_with_a_knife,cleared_18_robbery_other_weapon,cleared_18_robbery_unarmed,cleared_18_assault_total,cleared_18_assault_with_a_gun,cleared_18_assault_with_a_knife,cleared_18_assault_other_weapon,cleared_18_assault_unarmed,cleared_18_assault_simple,cleared_18_burglary_total,cleared_18_burglary_force_entry,cleared_18_burglary_nonforce_entry,cleared_18_burglary_attempted,cleared_18_theft_total,cleared_18_motor_vehicle_theft_total,cleared_18_motor_vehicle_theft_car,cleared_18_motor_vehicle_theft_truck,cleared_18_motor_vehicle_theft_other,cleared_18_all_crimes,cleared_18_theft_under50_dollar,cleared_18_assault_aggravated,cleared_18_index_violent,cleared_18_index_property,cleared_18_index_total,unfounded_murder,unfounded_manslaughter,unfounded_rape_total,unfounded_rape_by_force,unfounded_rape_attempted,unfounded_robbery_total,unfounded_robbery_with_a_gun,unfounded_robbery_with_a_knife,unfounded_robbery_other_weapon,unfounded_robbery_unarmed,unfounded_assault_total,unfounded_assault_with_a_gun,unfounded_assault_with_a_knife,unfounded_assault_other_weapon,unfounded_assault_unarmed,unfounded_assault_simple,unfounded_burglary_total,unfounded_burglary_force_entry,unfounded_burglary_nonforce_entry,unfounded_burglary_attempted,unfounded_theft_total,unfounded_motor_vehicle_theft_total,unfounded_motor_vehicle_theft_car,unfounded_motor_vehicle_theft_truck,unfounded_motor_vehicle_theft_other,unfounded_all_crimes,unfounded_theft_under50_dollar,unfounded_assault_aggravated,unfounded_index_violent,unfounded_index_property,unfounded_index_total
Newport Police Department,2023-12-01,Delaware,890,DE00208,breakdown offenses,normal return,normal return,normal return,normal return,normal return,breakdown offenses,breakdown offenses,breakdown offenses,0,0,0,0,0,0,0,0,0,0,0,0,0,0,0,0,0,0,0,0,0,0,0,2,0,0,0,0,2,0,0,0,2,2,0,0,0,0,0,0,0,0,0,0,0,0,0,0,0,0,0,0,0,0,0,0,0,0,0,0,0,0,0,0,0,0,0,0,0,0,0,0,0,0,0,0,0,0,0,0,0,0,0,0,0,0,0,0,0,0,0,0,0,0,0,0,0,0,0,0,0,0,0,0,0,0,0,0,0,0,0,0,0,0,0,0,0,0,0,0,0,0,0,0,0,0,0
Newport Police Department,2023-11-01,Delaware,890,DE00208,breakdown offenses,normal return,normal return,normal return,normal return,normal return,breakdown offenses,breakdown offenses,breakdown offenses,0,0,0,0,0,0,0,0,0,0,0,0,0,1,0,0,0,0,1,0,0,0,0,1,0,0,0,0,2,0,0,0,1,1,0,0,0,0,0,0,0,0,0,0,2,0,0,0,0,2,0,0,0,0,1,0,0,0,0,3,0,0,0,1,1,0,0,0,0,0,0,0,0,0,0,0,0,0,0,0,0,0,0,0,0,0,0,0,0,0,0,0,0,0,0,0,0,0,0,0,0,0,0,0,0,0,0,0,0,0,0,0,0,0,0,0,0,0,0,0,0,0,0,0,0,0,0
Newport Police Department,2023-10-01,Delaware,890,DE00208,breakdown offenses,normal return,normal return,normal return,normal return,normal return,breakdown offenses,breakdown offenses,breakdown offenses,0,0,0,0,0,0,0,0,1,0,0,0,1,0,0,0,0,0,0,0,0,0,0,3,0,0,0,0,4,0,0,1,3,4,0,0,0,0,0,1,0,0,0,1,0,0,0,0,0,0,1,0,1,0,0,0,0,0,0,2,0,0,1,1,2,0,0,0,0,0,1,0,0,0,1,0,0,0,0,0,0,0,0,0,0,0,0,0,0,0,1,0,0,1,0,1,0,0,0,0,0,0,0,0,0,0,0,0,0,0,0,0,0,0,0,0,0,0,0,0,0,0,0,0,0,0,0
Newport Police Department,2023-09-01,Delaware,890,DE00208,breakdown offenses,normal return,normal return,normal return,normal return,normal return,breakdown offenses,breakdown offenses,breakdown offenses,0,0,0,0,0,0,0,0,0,0,0,0,0,4,2,0,0,0,2,0,0,0,0,1,1,1,0,0,6,0,2,2,2,4,0,0,0,0,0,0,0,0,0,0,2,2,0,0,0,0,0,0,0,0,0,0,0,0,0,2,0,2,2,0,2,0,0,0,0,0,0,0,0,0,0,0,0,0,0,0,0,0,0,0,0,0,0,0,0,0,0,0,0,0,0,0,0,0,0,0,0,0,0,0,0,0,0,0,0,0,0,0,0,0,0,0,0,0,0,0,0,0,0,0,0,0,0
Newport Police Department,2023-08-01,Delaware,890,DE00208,breakdown offenses,normal return,normal return,normal return,normal return,normal return,breakdown offenses,breakdown offenses,breakdown offenses,0,0,0,0,0,0,0,0,0,0,0,0,0,2,0,0,0,0,2,0,0,0,0,2,2,0,2,0,6,0,0,0,4,4,0,0,0,0,0,0,0,0,0,0,1,0,0,0,0,1,0,0,0,0,0,2,0,2,0,3,0,0,0,2,2,0,0,0,0,0,0,0,0,0,0,1,0,0,0,0,1,0,0,0,0,0,0,0,0,0,1,0,0,0,0,0,0,0,0,0,0,0,0,0,0,0,0,0,0,0,0,0,0,0,0,0,0,0,0,0,0,0,0,0,0,0,0
Newport Police Department,2023-07-01,Delaware,890,DE00208,breakdown offenses,normal return,normal return,normal return,normal return,normal return,breakdown offenses,breakdown offenses,breakdown offenses,0,0,0,0,0,0,0,0,0,0,0,0,0,5,0,0,1,0,4,0,0,0,0,2,0,0,0,0,7,0,1,1,2,3,0,0,0,0,0,0,0,0,0,0,5,0,0,1,0,4,0,0,0,0,1,0,0,0,0,6,0,1,1,1,2,0,0,0,0,0,0,0,0,0,0,0,0,0,0,0,0,0,0,0,0,0,0,0,0,0,0,0,0,0,0,0,0,0,0,0,0,0,0,0,0,0,0,0,0,0,0,0,0,0,0,0,0,0,0,0,0,0,0,0,0,0,0
Newport Police Department,2023-06-01,Delaware,890,DE00208,breakdown offenses,normal return,normal return,normal return,normal return,normal return,breakdown offenses,breakdown offenses,breakdown offenses,0,0,0,0,0,0,0,0,0,0,0,0,0,4,1,0,0,0,3,0,0,0,0,1,0,0,0,0,5,0,1,1,1,2,0,0,0,0,0,0,0,0,0,0,3,1,0,0,0,2,0,0,0,0,0,0,0,0,0,3,0,1,1,0,1,0,0,0,0,0,0,0,0,0,0,0,0,0,0,0,0,0,0,0,0,0,0,0,0,0,0,0,0,0,0,0,0,0,0,0,0,0,0,0,0,0,0,0,0,0,0,0,0,0,0,0,0,0,0,0,0,0,0,0,0,0,0
Newport Police Department,2023-05-01,Delaware,890,DE00208,breakdown offenses,normal return,normal return,normal return,normal return,normal return,breakdown offenses,breakdown offenses,breakdown offenses,0,0,0,0,0,0,0,0,0,0,0,0,0,1,0,0,0,0,1,1,1,0,0,3,0,0,0,0,5,0,0,0,4,4,0,0,0,0,0,0,0,0,0,0,0,0,0,0,0,0,0,0,0,0,1,0,0,0,0,1,0,0,0,1,1,0,0,0,0,0,0,0,0,0,0,0,0,0,0,0,0,0,0,0,0,0,0,0,0,0,0,0,0,0,0,0,0,0,0,0,0,0,0,0,0,0,0,0,0,0,0,0,0,0,0,0,0,0,0,0,0,0,0,0,0,0,0
Newport Police Department,2023-04-01,Delaware,890,DE00208,breakdown offenses,normal return,normal return,normal return,normal return,normal return,breakdown offenses,breakdown offenses,breakdown offenses,0,0,0,0,0,0,0,0,0,0,0,0,0,1,0,0,0,0,1,1,1,0,0,4,1,1,0,0,7,0,0,0,6,6,0,0,0,0,0,0,0,0,0,0,1,0,0,0,0,1,0,0,0,0,0,0,0,0,0,1,0,0,0,0,0,0,0,0,0,0,0,0,0,0,0,0,0,0,0,0,0,0,0,0,0,0,0,0,0,0,0,0,0,0,0,0,0,0,0,0,0,0,0,0,0,0,0,0,0,0,0,0,0,0,0,0,0,0,0,0,0,0,0,0,0,0,0
Newport Police Department,2023-03-01,Delaware,890,DE00208,breakdown offenses,normal return,normal return,normal return,normal return,normal return,breakdown offenses,breakdown offenses,breakdown offenses,0,0,0,0,0,0,0,0,0,0,0,0,0,2,0,0,0,0,2,0,0,0,0,5,0,0,0,0,7,0,0,0,5,5,0,0,0,0,0,0,0,0,0,0,2,0,0,0,0,2,0,0,0,0,2,0,0,0,0,4,0,0,0,2,2,0,0,0,0,0,0,0,0,0,0,0,0,0,0,0,0,0,0,0,0,0,0,0,0,0,0,0,0,0,0,0,0,0,0,0,0,0,0,0,0,0,0,0,0,0,0,0,0,0,0,0,0,0,0,0,0,0,0,0,0,0,0
Newport Police Department,2023-02-01,Delaware,890,DE00208,breakdown offenses,normal return,normal return,normal return,normal return,normal return,breakdown offenses,breakdown offenses,breakdown offenses,0,0,0,0,0,0,0,0,0,0,0,0,0,0,0,0,0,0,0,1,1,0,0,2,2,2,0,0,5,0,0,0,5,5,0,0,0,0,0,0,0,0,0,0,0,0,0,0,0,0,1,1,0,0,0,0,0,0,0,1,0,0,0,1,1,0,0,0,0,0,0,0,0,0,0,0,0,0,0,0,0,0,0,0,0,0,0,0,0,0,0,0,0,0,0,0,0,0,0,0,0,0,0,0,0,0,0,0,0,0,0,0,0,0,0,0,0,0,0,0,0,0,0,0,0,0,0
Newport Police Department,2023-01-01,Delaware,890,DE00208,breakdown offenses,normal return,normal return,normal return,normal return,normal return,breakdown offenses,breakdown offenses,breakdown offenses,0,0,0,0,0,0,0,0,0,0,0,0,0,0,0,0,0,0,0,0,0,0,0,1,0,0,0,0,1,0,0,0,1,1,0,0,0,0,0,0,0,0,0,0,3,0,0,0,0,3,0,0,0,0,0,0,0,0,0,3,0,0,0,0,0,0,0,0,0,0,0,0,0,0,0,0,0,0,0,0,0,0,0,0,0,0,0,0,0,0,0,0,0,0,0,0,0,0,0,0,0,0,0,0,0,0,0,0,0,0,0,0,0,0,0,0,0,0,0,0,0,0,0,0,0,0,0
Newport Police Department,2022-12-01,Delaware,885,DE00208,breakdown offenses,normal return,normal return,normal return,normal return,normal return,breakdown offenses,breakdown offenses,breakdown offenses,0,0,0,0,0,0,0,0,0,0,0,0,0,5,0,0,0,0,5,0,0,0,0,2,0,0,0,0,7,0,0,0,2,2,0,0,0,0,0,0,0,0,0,0,1,0,0,0,0,1,0,0,0,0,0,0,0,0,0,1,0,0,0,0,0,0,0,0,0,0,0,0,0,0,0,0,0,0,0,0,0,0,0,0,0,0,0,0,0,0,0,0,0,0,0,0,0,0,0,0,0,0,0,0,0,0,0,0,0,0,0,0,0,0,0,0,0,0,0,0,0,0,0,0,0,0,0
Newport Police Department,2022-11-01,Delaware,885,DE00208,breakdown offenses,normal return,normal return,normal return,normal return,normal return,breakdown offenses,breakdown offenses,breakdown offenses,0,0,0,0,0,0,0,0,0,0,0,0,0,4,0,0,2,0,2,0,0,0,0,1,0,0,0,0,5,0,2,2,1,3,0,0,0,0,0,0,0,0,0,0,0,0,0,0,0,0,0,0,0,0,1,0,0,0,0,1,0,0,0,1,1,0,0,0,0,0,0,0,0,0,0,0,0,0,0,0,0,0,0,0,0,0,0,0,0,0,0,0,0,0,0,0,0,0,0,0,0,0,0,0,0,0,0,0,0,0,0,0,0,0,0,0,0,0,0,0,0,0,0,0,0,0,0
Newport Police Department,2022-10-01,Delaware,885,DE00208,breakdown offenses,normal return,normal return,normal return,normal return,normal return,breakdown offenses,breakdown offenses,breakdown offenses,0,0,0,0,0,0,0,0,0,0,0,0,0,1,0,0,0,0,1,0,0,0,0,2,0,0,0,0,3,0,0,0,2,2,0,0,0,0,0,0,0,0,0,0,1,0,0,0,0,1,0,0,0,0,0,0,0,0,0,1,0,0,0,0,0,0,0,0,0,0,0,0,0,0,0,0,0,0,0,0,0,0,0,0,0,0,0,0,0,0,0,0,0,0,0,0,0,0,0,0,0,0,0,0,0,0,0,0,0,0,0,0,0,0,0,0,0,0,0,0,0,0,0,0,0,0,0
Newport Police Department,2022-09-01,Delaware,885,DE00208,breakdown offenses,normal return,normal return,normal return,normal return,normal return,breakdown offenses,breakdown offenses,breakdown offenses,0,0,0,0,0,0,0,0,0,0,0,0,0,2,0,0,0,0,2,1,0,1,0,3,0,0,0,0,6,0,0,0,4,4,0,0,0,0,0,0,0,0,0,0,1,0,0,1,0,0,0,0,0,0,1,0,0,0,0,2,0,1,1,1,2,0,0,0,0,0,0,0,0,0,0,0,0,0,0,0,0,0,0,0,0,0,0,0,0,0,0,0,0,0,0,0,0,0,0,0,0,0,0,0,0,0,0,0,0,0,0,0,0,0,0,0,0,0,0,0,0,0,0,0,0,0,0
Newport Police Department,2022-08-01,Delaware,885,DE00208,breakdown offenses,normal return,normal return,normal return,normal return,normal return,breakdown offenses,breakdown offenses,breakdown offenses,0,0,0,0,0,0,0,0,0,0,0,0,0,1,0,0,0,0,1,1,1,0,0,2,0,0,0,0,4,0,0,0,3,3,0,0,0,0,0,0,0,0,0,0,1,0,0,0,0,1,0,0,0,0,1,0,0,0,0,2,0,0,0,1,1,0,0,0,0,0,0,0,0,0,0,0,0,0,0,0,0,0,0,0,0,0,0,0,0,0,0,0,0,0,0,0,0,0,0,0,0,0,0,0,0,0,0,0,0,0,0,0,0,0,0,0,0,0,0,0,0,0,0,0,0,0,0
Newport Police Department,2022-07-01,Delaware,885,DE00208,breakdown offenses,normal return,normal return,normal return,normal return,normal return,breakdown offenses,breakdown offenses,breakdown offenses,0,0,0,0,0,0,0,0,0,0,0,0,0,1,0,0,0,0,1,0,0,0,0,1,0,0,0,0,2,0,0,0,1,1,0,0,0,0,0,0,0,0,0,0,1,0,0,0,0,1,0,0,0,0,2,0,0,0,0,3,0,0,0,2,2,0,0,0,0,0,0,0,0,0,0,0,0,0,0,0,0,0,0,0,0,0,0,0,0,0,0,0,0,0,0,0,0,0,0,0,0,0,0,0,0,0,0,0,0,0,0,0,0,0,0,0,0,0,0,0,0,0,0,0,0,0,0
Newport Police Department,2022-06-01,Delaware,885,DE00208,breakdown offenses,normal return,normal return,normal return,normal return,normal return,breakdown offenses,breakdown offenses,breakdown offenses,0,0,0,0,0,0,0,0,0,0,0,0,0,7,0,0,2,0,5,0,0,0,0,7,0,0,0,0,14,0,2,2,7,9,0,0,0,0,0,0,0,0,0,0,6,0,0,1,0,5,0,0,0,0,0,0,0,0,0,6,0,1,1,0,1,0,0,0,0,0,0,0,0,0,0,4,0,0,0,0,4,0,0,0,0,0,0,0,0,0,4,0,0,0,0,0,0,0,0,0,0,0,0,0,0,0,0,0,0,0,0,0,0,0,0,0,0,0,0,0,0,0,0,0,0,0,0
Newport Police Department,2022-05-01,Delaware,885,DE00208,breakdown offenses,normal return,normal return,normal return,normal return,normal return,breakdown offenses,breakdown offenses,breakdown offenses,0,0,0,0,0,0,0,0,0,0,0,0,0,2,2,0,0,0,0,0,0,0,0,3,0,0,0,0,5,0,2,2,3,5,0,0,0,0,0,0,0,0,0,0,2,2,0,0,0,0,0,0,0,0,1,0,0,0,0,3,0,2,2,1,3,0,0,0,0,0,0,0,0,0,0,0,0,0,0,0,0,0,0,0,0,0,0,0,0,0,0,0,0,0,0,0,0,0,0,0,0,0,0,0,0,0,0,0,0,0,0,0,0,0,0,0,0,0,0,0,0,0,0,0,0,0,0
Newport Police Department,2022-04-01,Delaware,885,DE00208,breakdown offenses,normal return,normal return,normal return,normal return,normal return,breakdown offenses,breakdown offenses,breakdown offenses,0,0,0,0,0,0,0,0,0,0,0,0,0,2,0,0,0,0,2,0,0,0,0,4,0,0,0,0,6,0,0,0,4,4,0,0,0,0,0,0,0,0,0,0,3,0,0,0,0,3,0,0,0,0,2,0,0,0,0,5,0,0,0,2,2,0,0,0,0,0,0,0,0,0,0,0,0,0,0,0,0,0,0,0,0,0,0,0,0,0,0,0,0,0,0,0,0,0,0,0,0,0,0,0,0,0,0,0,0,0,0,0,0,0,0,0,0,0,0,0,0,0,0,0,0,0,0
Newport Police Department,2022-03-01,Delaware,885,DE00208,breakdown offenses,normal return,normal return,normal return,normal return,normal return,breakdown offenses,breakdown offenses,breakdown offenses,0,0,0,0,0,0,0,0,0,0,0,0,0,3,0,0,1,0,2,2,2,0,0,1,0,0,0,0,6,0,1,1,3,4,0,0,0,0,0,0,0,0,0,0,3,0,0,1,0,2,1,1,0,0,0,0,0,0,0,4,0,1,1,1,2,0,0,0,0,0,0,0,0,0,0,1,0,0,0,0,1,0,0,0,0,0,0,0,0,0,1,0,0,0,0,0,0,0,0,0,0,0,0,0,0,0,0,0,0,0,0,0,0,0,0,0,0,0,0,0,0,0,0,0,0,0,0
Newport Police Department,2022-02-01,Delaware,885,DE00208,breakdown offenses,normal return,normal return,normal return,normal return,normal return,breakdown offenses,breakdown offenses,breakdown offenses,0,0,0,0,0,0,0,0,0,0,0,0,0,0,0,0,0,0,0,1,1,0,0,1,0,0,0,0,2,0,0,0,2,2,0,0,0,0,0,0,0,0,0,0,0,0,0,0,0,0,0,0,0,0,0,0,0,0,0,0,0,0,0,0,0,0,0,0,0,0,0,0,0,0,0,0,0,0,0,0,0,0,0,0,0,0,0,0,0,0,0,0,0,0,0,0,0,0,0,0,0,0,0,0,0,0,0,0,0,0,0,0,0,0,0,0,0,0,0,0,0,0,0,0,0,0,0
Newport Police Department,2022-01-01,Delaware,885,DE00208,breakdown offenses,normal return,normal return,normal return,normal return,normal return,breakdown offenses,breakdown offenses,breakdown offenses,0,0,0,0,0,0,0,0,0,0,0,0,0,1,0,0,0,0,1,0,0,0,0,3,0,0,0,0,4,0,0,0,3,3,0,0,0,0,0,0,0,0,0,0,1,0,0,0,0,1,0,0,0,0,0,0,0,0,0,1,0,0,0,0,0,0,0,0,0,0,0,0,0,0,0,0,0,0,0,0,0,0,0,0,0,0,0,0,0,0,0,0,0,0,0,0,0,0,0,0,0,0,0,0,0,0,0,0,0,0,0,0,0,0,0,0,0,0,0,0,0,0,0,0,0,0,0
Newport Police Department,2021-12-01,Delaware,871,DE00208,breakdown offenses,normal return,normal return,normal return,normal return,normal return,breakdown offenses,breakdown offenses,breakdown offenses,0,0,0,0,0,0,0,0,0,0,0,0,0,2,0,0,0,0,2,1,0,1,0,0,0,0,0,0,3,0,0,0,1,1,0,0,0,0,0,0,0,0,0,0,3,1,0,0,0,2,0,0,0,0,0,0,0,0,0,3,0,1,1,0,1,0,0,0,0,0,0,0,0,0,0,0,0,0,0,0,0,0,0,0,0,0,0,0,0,0,0,0,0,0,0,0,0,0,0,0,0,0,0,0,0,0,0,0,0,0,0,0,0,0,0,0,0,0,0,0,0,0,0,0,0,0,0
Newport Police Department,2021-11-01,Delaware,871,DE00208,breakdown offenses,normal return,normal return,normal return,normal return,normal return,breakdown offenses,breakdown offenses,breakdown offenses,0,0,0,0,0,0,0,0,1,0,0,0,1,1,1,0,0,0,0,3,2,0,1,2,2,2,0,0,9,0,1,2,7,9,0,0,0,0,0,0,0,0,0,0,0,0,0,0,0,0,1,0,0,1,1,0,0,0,0,2,0,0,0,2,2,0,0,0,0,0,0,0,0,0,0,0,0,0,0,0,0,1,0,0,1,1,0,0,0,0,2,0,0,0,2,2,0,0,0,0,0,0,0,0,0,0,0,0,0,0,0,0,0,0,0,0,0,0,0,0,0,0,0,0,0,0,0
Newport Police Department,2021-10-01,Delaware,871,DE00208,breakdown offenses,normal return,normal return,normal return,normal return,normal return,breakdown offenses,breakdown offenses,breakdown offenses,0,0,0,0,0,0,0,0,0,0,0,0,0,2,0,0,1,0,1,0,0,0,0,0,0,0,0,0,2,0,1,1,0,1,0,0,0,0,0,0,0,0,0,0,1,0,0,1,0,0,0,0,0,0,0,0,0,0,0,1,0,1,1,0,1,0,0,0,0,0,0,0,0,0,0,0,0,0,0,0,0,0,0,0,0,0,0,0,0,0,0,0,0,0,0,0,0,0,0,0,0,0,0,0,0,0,0,0,0,0,0,0,0,0,0,0,0,0,0,0,0,0,0,0,0,0,0
Newport Police Department,2021-09-01,Delaware,871,DE00208,breakdown offenses,normal return,normal return,normal return,normal return,normal return,breakdown offenses,breakdown offenses,breakdown offenses,0,0,0,0,0,0,0,0,0,0,0,0,0,6,1,0,3,0,2,0,0,0,0,1,0,0,0,0,7,0,4,4,1,5,0,0,0,0,0,0,0,0,0,0,7,1,0,3,0,3,1,0,1,0,0,0,0,0,0,8,0,4,4,1,5,0,0,0,0,0,0,0,0,0,0,1,0,0,0,0,1,0,0,0,0,0,0,0,0,0,1,0,0,0,0,0,0,0,0,0,0,0,0,0,0,0,0,0,0,0,0,0,0,0,0,0,0,0,0,0,0,0,0,0,0,0,0
Newport Police Department,2021-08-01,Delaware,871,DE00208,breakdown offenses,normal return,normal return,normal return,normal return,normal return,breakdown offenses,breakdown offenses,breakdown offenses,0,0,0,0,0,0,0,0,0,0,0,0,0,2,0,0,0,0,2,1,0,1,0,1,0,0,0,0,4,0,0,0,2,2,0,0,0,0,0,0,0,0,0,0,1,0,0,0,0,1,0,0,0,0,0,0,0,0,0,1,0,0,0,0,0,0,0,0,0,0,0,0,0,0,0,0,0,0,0,0,0,0,0,0,0,0,0,0,0,0,0,0,0,0,0,0,0,0,0,0,0,0,0,0,0,0,0,0,0,0,0,0,0,0,0,0,0,0,0,0,0,0,0,0,0,0,0
Newport Police Department,2021-07-01,Delaware,871,DE00208,breakdown offenses,normal return,normal return,normal return,normal return,normal return,breakdown offenses,breakdown offenses,breakdown offenses,0,0,0,0,0,0,0,0,0,0,0,0,0,2,0,0,0,1,1,0,0,0,0,1,0,0,0,0,3,0,1,1,1,2,0,0,0,0,0,0,0,0,0,0,2,0,0,0,1,1,0,0,0,0,0,0,0,0,0,2,0,1,1,0,1,0,0,0,0,0,0,0,0,0,0,0,0,0,0,0,0,0,0,0,0,0,0,0,0,0,0,0,0,0,0,0,0,0,0,0,0,0,0,0,0,0,0,0,0,0,0,0,0,0,0,0,0,0,0,0,0,0,0,0,0,0,0
Newport Police Department,2021-06-01,Delaware,871,DE00208,breakdown offenses,normal return,normal return,normal return,normal return,normal return,breakdown offenses,breakdown offenses,breakdown offenses,0,0,0,0,0,0,0,0,0,0,0,0,0,2,0,0,0,0,2,1,1,0,0,0,1,1,0,0,4,0,0,0,2,2,0,0,0,0,0,0,0,0,0,0,0,0,0,0,0,0,1,1,0,0,0,0,0,0,0,1,0,0,0,1,1,0,0,0,0,0,0,0,0,0,0,0,0,0,0,0,0,0,0,0,0,0,0,0,0,0,0,0,0,0,0,0,0,0,0,0,0,0,0,0,0,0,0,0,0,0,0,0,0,0,0,0,0,0,0,0,0,0,0,0,0,0,0
Newport Police Department,2021-05-01,Delaware,871,DE00208,breakdown offenses,normal return,normal return,normal return,normal return,normal return,breakdown offenses,breakdown offenses,breakdown offenses,0,0,0,0,0,0,0,0,0,0,0,0,0,5,0,1,1,0,3,0,0,0,0,3,0,0,0,0,8,0,2,2,3,5,0,0,0,0,0,0,0,0,0,0,4,0,1,1,0,2,0,0,0,0,0,0,0,0,0,4,0,2,2,0,2,0,0,0,0,0,0,0,0,0,0,0,0,0,0,0,0,0,0,0,0,0,0,0,0,0,0,0,0,0,0,0,0,0,0,0,0,0,0,0,0,0,0,0,0,0,0,0,0,0,0,0,0,0,0,0,0,0,0,0,0,0,0
Newport Police Department,2021-04-01,Delaware,871,DE00208,breakdown offenses,normal return,normal return,normal return,normal return,normal return,breakdown offenses,breakdown offenses,breakdown offenses,0,0,0,0,0,0,0,0,0,0,0,0,0,1,0,0,0,0,1,0,0,0,0,0,0,0,0,0,1,0,0,0,0,0,0,0,0,0,0,0,0,0,0,0,1,0,0,0,0,1,0,0,0,0,1,0,0,0,0,2,0,0,0,1,1,0,0,0,0,0,0,0,0,0,0,0,0,0,0,0,0,0,0,0,0,0,0,0,0,0,0,0,0,0,0,0,0,0,0,0,0,0,0,0,0,0,0,0,0,0,0,0,0,0,0,0,0,0,0,0,0,0,0,0,0,0,0
Newport Police Department,2021-03-01,Delaware,871,DE00208,breakdown offenses,normal return,normal return,normal return,normal return,normal return,breakdown offenses,breakdown offenses,breakdown offenses,0,0,0,0,0,0,0,0,0,0,0,0,0,1,0,0,0,0,1,0,0,0,0,2,0,0,0,0,3,0,0,0,2,2,0,0,0,0,0,0,0,0,0,0,1,0,0,0,0,1,0,0,0,0,0,0,0,0,0,1,0,0,0,0,0,0,0,0,0,0,0,0,0,0,0,0,0,0,0,0,0,0,0,0,0,0,0,0,0,0,0,0,0,0,0,0,0,0,0,0,0,0,0,0,0,0,0,0,0,0,0,0,0,0,0,0,0,0,0,0,0,0,0,0,0,0,0
Newport Police Department,2021-02-01,Delaware,871,DE00208,breakdown offenses,normal return,normal return,normal return,normal return,normal return,breakdown offenses,breakdown offenses,breakdown offenses,0,0,0,0,0,0,0,0,0,0,0,0,0,0,0,0,0,0,0,0,0,0,0,1,0,0,0,0,1,0,0,0,1,1,0,0,0,0,0,0,0,0,0,0,0,0,0,0,0,0,0,0,0,0,0,0,0,0,0,0,0,0,0,0,0,0,0,0,0,0,0,0,0,0,0,0,0,0,0,0,0,0,0,0,0,0,0,0,0,0,0,0,0,0,0,0,0,0,0,0,0,0,0,0,0,0,0,0,0,0,0,0,0,0,0,0,0,0,0,0,0,0,0,0,0,0,0
Newport Police Department,2021-01-01,Delaware,871,DE00208,breakdown offenses,normal return,normal return,normal return,normal return,normal return,breakdown offenses,breakdown offenses,breakdown offenses,0,0,0,0,0,0,0,0,0,0,0,0,0,2,0,0,0,0,2,0,0,0,0,2,0,0,0,0,4,0,0,0,2,2,0,0,0,0,0,0,0,0,0,0,2,0,0,0,0,2,1,0,1,0,0,0,0,0,0,3,0,0,0,1,1,0,0,0,0,0,0,0,0,0,0,0,0,0,0,0,0,0,0,0,0,0,0,0,0,0,0,0,0,0,0,0,0,0,0,0,0,0,0,0,0,0,0,0,0,0,0,0,0,0,0,0,0,0,0,0,0,0,0,0,0,0,0
Newport Police Department,2020-12-01,Delaware,1035,DE00208,breakdown offenses,normal return,normal return,normal return,normal return,normal return,breakdown offenses,breakdown offenses,breakdown offenses,0,0,0,0,0,0,0,0,0,0,0,0,0,7,0,0,0,0,7,0,0,0,0,3,0,0,0,0,10,0,0,0,3,3,0,0,0,0,0,0,0,0,0,0,7,0,0,0,0,7,0,0,0,0,4,0,0,0,0,11,0,0,0,4,4,0,0,0,0,0,0,0,0,0,0,0,0,0,0,0,0,0,0,0,0,0,0,0,0,0,0,0,0,0,0,0,0,0,0,0,0,0,0,0,0,0,0,0,0,0,0,0,0,0,0,0,0,0,0,0,0,0,0,0,0,0,0
Newport Police Department,2020-11-01,Delaware,1035,DE00208,breakdown offenses,normal return,normal return,normal return,normal return,normal return,breakdown offenses,breakdown offenses,breakdown offenses,0,0,0,0,0,0,0,0,0,0,0,0,0,1,0,0,0,0,1,1,0,1,0,2,0,0,0,0,4,0,0,0,3,3,0,0,0,0,0,0,0,0,0,0,2,0,0,1,0,1,0,0,0,0,0,0,0,0,0,2,0,1,1,0,1,0,0,0,0,0,0,0,0,0,0,0,0,0,0,0,0,0,0,0,0,0,0,0,0,0,0,0,0,0,0,0,0,0,0,0,0,0,0,0,0,0,0,0,0,0,0,0,0,0,0,0,0,0,0,0,0,0,0,0,0,0,0
Newport Police Department,2020-10-01,Delaware,1035,DE00208,breakdown offenses,normal return,normal return,normal return,normal return,normal return,breakdown offenses,breakdown offenses,breakdown offenses,0,0,0,0,0,0,0,0,0,0,0,0,0,1,0,0,1,0,0,0,0,0,0,0,0,0,0,0,1,0,1,1,0,1,0,0,0,0,0,0,0,0,0,0,1,0,0,1,0,0,0,0,0,0,0,0,0,0,0,1,0,1,1,0,1,0,0,0,0,0,0,0,0,0,0,0,0,0,0,0,0,0,0,0,0,0,0,0,0,0,0,0,0,0,0,0,0,0,0,0,0,0,0,0,0,0,0,0,0,0,0,0,0,0,0,0,0,0,0,0,0,0,0,0,0,0,0
Newport Police Department,2020-09-01,Delaware,1035,DE00208,breakdown offenses,normal return,normal return,normal return,normal return,normal return,breakdown offenses,breakdown offenses,breakdown offenses,0,0,0,0,0,0,0,0,0,0,0,0,0,2,0,0,0,1,1,1,0,1,0,2,3,1,2,0,8,0,1,1,6,7,0,0,0,0,0,0,0,0,0,0,4,0,0,0,1,3,0,0,0,0,0,0,0,0,0,4,0,1,1,0,1,0,0,0,0,0,0,0,0,0,0,0,0,0,0,0,0,0,0,0,0,0,0,0,0,0,0,0,0,0,0,0,0,0,0,0,0,0,0,0,0,0,0,0,0,0,0,0,0,0,0,0,0,0,0,0,0,0,0,0,0,0,0
Newport Police Department,2020-08-01,Delaware,1035,DE00208,breakdown offenses,normal return,normal return,normal return,normal return,normal return,breakdown offenses,breakdown offenses,breakdown offenses,0,0,0,0,0,0,0,0,0,0,0,0,0,1,0,0,1,0,0,3,0,3,0,1,0,0,0,0,5,0,1,1,4,5,0,0,0,0,0,0,0,0,0,0,3,0,0,0,0,3,0,0,0,0,0,0,0,0,0,3,0,0,0,0,0,0,0,0,0,0,0,0,0,0,0,0,0,0,0,0,0,0,0,0,0,0,0,0,0,0,0,0,0,0,0,0,0,0,0,0,0,0,0,0,0,0,0,0,0,0,0,0,0,0,0,0,0,0,0,0,0,0,0,0,0,0,0
Newport Police Department,2020-07-01,Delaware,1035,DE00208,breakdown offenses,normal return,normal return,normal return,normal return,normal return,breakdown offenses,breakdown offenses,breakdown offenses,0,0,0,0,0,0,0,0,0,0,0,0,0,7,0,1,0,0,6,0,0,0,0,1,1,1,0,0,9,0,1,1,2,3,0,0,0,0,0,0,0,0,0,0,3,0,1,0,0,2,0,0,0,0,0,1,1,0,0,4,0,1,1,1,2,0,0,0,0,0,0,0,0,0,0,0,0,0,0,0,0,0,0,0,0,0,0,0,0,0,0,0,0,0,0,0,0,0,0,0,0,0,0,0,0,0,0,0,0,0,0,0,0,0,0,0,0,0,0,0,0,0,0,0,0,0,0
Newport Police Department,2020-06-01,Delaware,1035,DE00208,breakdown offenses,normal return,normal return,normal return,normal return,normal return,breakdown offenses,breakdown offenses,breakdown offenses,0,0,0,0,0,0,0,0,0,0,0,0,0,0,0,0,0,0,0,0,0,0,0,3,0,0,0,0,3,0,0,0,3,3,0,0,0,0,0,0,0,0,0,0,1,0,0,1,0,0,0,0,0,0,0,0,0,0,0,1,0,1,1,0,1,0,0,0,0,0,0,0,0,0,0,0,0,0,0,0,0,0,0,0,0,0,0,0,0,0,0,0,0,0,0,0,0,0,0,0,0,0,0,0,0,0,0,0,0,0,0,0,0,0,0,0,0,0,0,0,0,0,0,0,0,0,0
Newport Police Department,2020-05-01,Delaware,1035,DE00208,breakdown offenses,normal return,normal return,normal return,normal return,normal return,breakdown offenses,breakdown offenses,breakdown offenses,0,0,0,0,0,0,0,0,0,0,0,0,0,4,0,0,1,1,2,0,0,0,0,1,0,0,0,0,5,0,2,2,1,3,0,0,0,0,0,0,0,0,0,0,2,0,0,0,0,2,0,0,0,0,0,0,0,0,0,2,0,0,0,0,0,0,0,0,0,0,0,0,0,0,0,0,0,0,0,0,0,0,0,0,0,0,0,0,0,0,0,0,0,0,0,0,0,0,0,0,0,0,0,0,0,0,0,0,0,0,0,0,0,0,0,0,0,0,0,0,0,0,0,0,0,0,0
Newport Police Department,2020-04-01,Delaware,1035,DE00208,breakdown offenses,normal return,normal return,normal return,normal return,normal return,breakdown offenses,breakdown offenses,breakdown offenses,0,0,0,0,0,0,0,0,0,0,0,0,0,1,0,0,1,0,0,0,0,0,0,0,1,1,0,0,2,0,1,1,1,2,0,1,0,0,0,0,0,0,0,0,1,0,0,1,0,0,0,0,0,0,0,0,0,0,0,2,0,1,1,0,1,0,1,0,0,0,0,0,0,0,0,0,0,0,0,0,0,0,0,0,0,0,0,0,0,0,1,0,0,0,0,0,0,0,0,0,0,0,0,0,0,0,0,0,0,0,0,0,0,0,0,0,0,0,0,0,0,0,0,0,0,0,0
Newport Police Department,2020-03-01,Delaware,1035,DE00208,breakdown offenses,normal return,normal return,normal return,normal return,normal return,breakdown offenses,breakdown offenses,breakdown offenses,0,0,0,0,0,0,0,0,0,0,0,0,0,2,0,0,0,0,2,0,0,0,0,2,0,0,0,0,4,0,0,0,2,2,0,0,0,0,0,0,0,0,0,0,2,0,0,0,0,2,0,0,0,0,1,0,0,0,0,3,0,0,0,1,1,0,0,0,0,0,0,0,0,0,0,0,0,0,0,0,0,0,0,0,0,0,0,0,0,0,0,0,0,0,0,0,0,0,0,0,0,0,0,0,0,0,0,0,0,0,0,0,0,0,0,0,0,0,0,0,0,0,0,0,0,0,0
Newport Police Department,2020-02-01,Delaware,1035,DE00208,breakdown offenses,normal return,normal return,normal return,normal return,normal return,breakdown offenses,breakdown offenses,breakdown offenses,0,0,0,0,1,0,0,0,0,0,0,0,0,4,0,0,0,0,4,1,0,1,0,0,0,0,0,0,6,0,0,0,1,1,0,0,0,0,0,0,0,0,0,0,2,0,0,0,0,2,1,0,1,0,0,0,0,0,0,3,0,0,0,1,1,0,0,0,0,0,0,0,0,0,0,0,0,0,0,0,0,1,0,1,0,0,0,0,0,0,1,0,0,0,1,1,0,0,0,0,0,0,0,0,0,0,0,0,0,0,0,0,0,0,0,0,0,0,0,0,0,0,0,0,0,0,0
Newport Police Department,2020-01-01,Delaware,1035,DE00208,breakdown offenses,normal return,normal return,normal return,normal return,normal return,breakdown offenses,breakdown offenses,breakdown offenses,0,0,0,0,0,0,0,0,0,0,0,0,0,2,0,0,0,0,2,0,0,0,0,3,0,0,0,0,5,0,0,0,3,3,0,0,0,0,0,0,0,0,0,0,2,0,0,0,0,2,0,0,0,0,0,0,0,0,0,2,0,0,0,0,0,0,0,0,0,0,0,0,0,0,0,0,0,0,0,0,0,0,0,0,0,0,0,0,0,0,0,0,0,0,0,0,0,0,0,0,0,0,0,0,0,0,0,0,0,0,0,0,0,0,0,0,0,0,0,0,0,0,0,0,0,0,0
Newport Police Department,2019-12-01,Delaware,1026,DE00208,breakdown offenses,normal return,normal return,normal return,normal return,normal return,breakdown offenses,breakdown offenses,breakdown offenses,0,0,0,0,0,0,0,0,0,0,0,0,0,1,0,0,0,0,1,0,0,0,0,3,0,0,0,0,4,0,0,0,3,3,0,0,0,0,0,0,0,0,0,0,1,0,0,0,0,1,0,0,0,0,1,0,0,0,0,2,0,0,0,1,1,0,0,0,0,0,0,0,0,0,0,1,0,0,0,0,1,0,0,0,0,0,0,0,0,0,1,0,0,0,0,0,0,0,0,0,0,0,0,0,0,0,0,0,0,0,0,0,0,0,0,0,0,0,0,0,0,0,0,0,0,0,0
Newport Police Department,2019-12-01,Delaware,1026,DE00208,breakdown offenses,normal return,normal return,normal return,normal return,normal return,breakdown offenses,breakdown offenses,breakdown offenses,0,0,0,0,0,0,0,0,0,0,0,0,0,1,0,0,0,0,1,0,0,0,0,3,0,0,0,0,4,0,0,0,3,3,0,0,0,0,0,0,0,0,0,0,1,0,0,0,0,1,0,0,0,0,1,0,0,0,0,2,0,0,0,1,1,0,0,0,0,0,0,0,0,0,0,1,0,0,0,0,1,0,0,0,0,0,0,0,0,0,1,0,0,0,0,0,0,0,0,0,0,0,0,0,0,0,0,0,0,0,0,0,0,0,0,0,0,0,0,0,0,0,0,0,0,0,0
Newport Police Department,2019-11-01,Delaware,1026,DE00208,breakdown offenses,normal return,normal return,normal return,normal return,normal return,breakdown offenses,breakdown offenses,breakdown offenses,0,0,0,0,0,0,0,0,0,0,0,0,0,4,0,0,0,0,4,0,0,0,0,1,0,0,0,0,5,0,0,0,1,1,0,0,0,0,0,0,0,0,0,0,5,0,0,0,0,5,0,0,0,0,0,0,0,0,0,5,0,0,0,0,0,0,0,0,0,0,0,0,0,0,0,1,0,0,0,0,1,0,0,0,0,0,0,0,0,0,1,0,0,0,0,0,0,0,0,0,0,0,0,0,0,0,0,0,0,0,0,0,0,0,0,0,0,0,0,0,0,0,0,0,0,0,0
Newport Police Department,2019-11-01,Delaware,1026,DE00208,breakdown offenses,normal return,normal return,normal return,normal return,normal return,breakdown offenses,breakdown offenses,breakdown offenses,0,0,0,0,0,0,0,0,0,0,0,0,0,4,0,0,0,0,4,0,0,0,0,1,0,0,0,0,5,0,0,0,1,1,0,0,0,0,0,0,0,0,0,0,5,0,0,0,0,5,0,0,0,0,0,0,0,0,0,5,0,0,0,0,0,0,0,0,0,0,0,0,0,0,0,1,0,0,0,0,1,0,0,0,0,0,0,0,0,0,1,0,0,0,0,0,0,0,0,0,0,0,0,0,0,0,0,0,0,0,0,0,0,0,0,0,0,0,0,0,0,0,0,0,0,0,0
Newport Police Department,2019-10-01,Delaware,1026,DE00208,breakdown offenses,normal return,normal return,normal return,normal return,normal return,breakdown offenses,breakdown offenses,breakdown offenses,0,0,0,0,0,0,0,0,0,0,0,0,0,1,0,0,0,0,1,1,0,1,0,4,0,0,0,0,6,0,0,0,5,5,0,0,0,0,0,0,0,0,0,0,0,0,0,0,0,0,1,0,1,0,0,0,0,0,0,1,0,0,0,1,1,0,0,0,0,0,0,0,0,0,0,0,0,0,0,0,0,0,0,0,0,0,0,0,0,0,0,0,0,0,0,0,0,0,0,0,0,0,0,0,0,0,0,0,0,0,0,0,0,0,0,0,0,0,0,0,0,0,0,0,0,0,0
Newport Police Department,2019-10-01,Delaware,1026,DE00208,breakdown offenses,normal return,normal return,normal return,normal return,normal return,breakdown offenses,breakdown offenses,breakdown offenses,0,0,0,0,0,0,0,0,0,0,0,0,0,1,0,0,0,0,1,1,0,1,0,4,0,0,0,0,6,0,0,0,5,5,0,0,0,0,0,0,0,0,0,0,0,0,0,0,0,0,1,0,1,0,0,0,0,0,0,1,0,0,0,1,1,0,0,0,0,0,0,0,0,0,0,0,0,0,0,0,0,0,0,0,0,0,0,0,0,0,0,0,0,0,0,0,0,0,0,0,0,0,0,0,0,0,0,0,0,0,0,0,0,0,0,0,0,0,0,0,0,0,0,0,0,0,0
Newport Police Department,2019-09-01,Delaware,1026,DE00208,breakdown offenses,normal return,normal return,normal return,normal return,normal return,breakdown offenses,breakdown offenses,breakdown offenses,0,0,0,0,0,0,0,0,0,0,0,0,0,2,0,0,0,0,2,1,0,1,0,2,1,1,0,0,6,0,0,0,4,4,0,0,0,0,0,0,0,0,0,0,2,0,0,0,0,2,0,0,0,0,1,1,1,0,0,4,0,0,0,2,2,0,0,0,0,0,0,0,0,0,0,0,0,0,0,0,0,0,0,0,0,0,0,0,0,0,0,0,0,0,0,0,0,0,0,0,0,0,0,0,0,0,0,0,0,0,0,0,0,0,0,0,0,0,0,0,0,0,0,0,0,0,0
Newport Police Department,2019-09-01,Delaware,1026,DE00208,breakdown offenses,normal return,normal return,normal return,normal return,normal return,breakdown offenses,breakdown offenses,breakdown offenses,0,0,0,0,0,0,0,0,0,0,0,0,0,2,0,0,0,0,2,1,0,1,0,2,1,1,0,0,6,0,0,0,4,4,0,0,0,0,0,0,0,0,0,0,1,0,0,0,0,1,0,0,0,0,1,1,1,0,0,3,0,0,0,2,2,0,0,0,0,0,0,0,0,0,0,0,0,0,0,0,0,0,0,0,0,0,0,0,0,0,0,0,0,0,0,0,0,0,0,0,0,0,0,0,0,0,0,0,0,0,0,0,0,0,0,0,0,0,0,0,0,0,0,0,0,0,0
Newport Police Department,2019-08-01,Delaware,1026,DE00208,breakdown offenses,normal return,normal return,normal return,normal return,normal return,breakdown offenses,breakdown offenses,breakdown offenses,0,0,0,0,0,1,1,0,0,0,0,0,0,3,0,0,1,0,2,0,0,0,0,3,0,0,0,0,7,0,1,2,3,5,0,0,0,0,0,0,0,0,0,0,2,0,0,0,0,2,0,0,0,0,0,0,0,0,0,2,0,0,0,0,0,0,0,0,0,0,0,0,0,0,0,0,0,0,0,0,0,0,0,0,0,0,0,0,0,0,0,0,0,0,0,0,0,0,0,0,0,0,0,0,0,0,0,0,0,0,0,0,0,0,0,0,0,0,0,0,0,0,0,0,0,0,0
Newport Police Department,2019-08-01,Delaware,1026,DE00208,breakdown offenses,normal return,normal return,normal return,normal return,normal return,breakdown offenses,breakdown offenses,breakdown offenses,0,0,0,0,0,1,1,0,0,0,0,0,0,3,0,0,1,0,2,0,0,0,0,3,0,0,0,0,7,0,1,2,3,5,0,0,0,0,0,0,0,0,0,0,2,0,0,0,0,2,0,0,0,0,0,0,0,0,0,2,0,0,0,0,0,0,0,0,0,0,0,0,0,0,0,0,0,0,0,0,0,0,0,0,0,0,0,0,0,0,0,0,0,0,0,0,0,0,0,0,0,0,0,0,0,0,0,0,0,0,0,0,0,0,0,0,0,0,0,0,0,0,0,0,0,0,0
Newport Police Department,2019-07-01,Delaware,1026,DE00208,breakdown offenses,normal return,normal return,normal return,normal return,normal return,breakdown offenses,breakdown offenses,breakdown offenses,0,0,0,0,0,0,0,0,0,0,0,0,0,0,0,0,0,0,0,0,0,0,0,4,0,0,0,0,4,0,0,0,4,4,0,0,0,0,0,0,0,0,0,0,0,0,0,0,0,0,0,0,0,0,2,0,0,0,0,2,0,0,0,2,2,0,0,0,0,0,0,0,0,0,0,0,0,0,0,0,0,0,0,0,0,0,0,0,0,0,0,0,0,0,0,0,0,0,0,0,0,0,0,0,0,0,0,0,0,0,0,0,0,0,0,0,0,0,0,0,0,0,0,0,0,0,0
Newport Police Department,2019-07-01,Delaware,1026,DE00208,breakdown offenses,normal return,normal return,normal return,normal return,normal return,breakdown offenses,breakdown offenses,breakdown offenses,0,0,0,0,0,0,0,0,0,0,0,0,0,0,0,0,0,0,0,0,0,0,0,4,0,0,0,0,4,0,0,0,4,4,0,0,0,0,0,0,0,0,0,0,0,0,0,0,0,0,0,0,0,0,2,0,0,0,0,2,0,0,0,2,2,0,0,0,0,0,0,0,0,0,0,0,0,0,0,0,0,0,0,0,0,0,0,0,0,0,0,0,0,0,0,0,0,0,0,0,0,0,0,0,0,0,0,0,0,0,0,0,0,0,0,0,0,0,0,0,0,0,0,0,0,0,0
Newport Police Department,2019-06-01,Delaware,1026,DE00208,breakdown offenses,normal return,normal return,normal return,normal return,normal return,breakdown offenses,breakdown offenses,breakdown offenses,0,0,0,0,0,0,0,0,0,0,0,0,0,6,0,0,0,0,6,0,0,0,0,1,0,0,0,0,7,0,0,0,1,1,0,0,0,0,0,0,0,0,0,0,1,0,0,0,0,1,0,0,0,0,0,0,0,0,0,1,0,0,0,0,0,0,0,0,0,0,0,0,0,0,0,0,0,0,0,0,0,0,0,0,0,0,0,0,0,0,0,0,0,0,0,0,0,0,0,0,0,0,0,0,0,0,0,0,0,0,0,0,0,0,0,0,0,0,0,0,0,0,0,0,0,0,0
Newport Police Department,2019-06-01,Delaware,1026,DE00208,breakdown offenses,normal return,normal return,normal return,normal return,normal return,breakdown offenses,breakdown offenses,breakdown offenses,0,0,0,0,0,0,0,0,0,0,0,0,0,6,0,0,0,0,6,0,0,0,0,1,0,0,0,0,7,0,0,0,1,1,0,0,0,0,0,0,0,0,0,0,1,0,0,0,0,1,0,0,0,0,0,0,0,0,0,1,0,0,0,0,0,0,0,0,0,0,0,0,0,0,0,0,0,0,0,0,0,0,0,0,0,0,0,0,0,0,0,0,0,0,0,0,0,0,0,0,0,0,0,0,0,0,0,0,0,0,0,0,0,0,0,0,0,0,0,0,0,0,0,0,0,0,0
Newport Police Department,2019-05-01,Delaware,1026,DE00208,breakdown offenses,normal return,normal return,normal return,normal return,normal return,breakdown offenses,breakdown offenses,breakdown offenses,0,0,0,0,0,0,0,0,0,0,0,0,0,2,0,0,0,0,2,0,0,0,0,2,0,0,0,0,4,0,0,0,2,2,0,0,0,0,0,0,0,0,0,0,2,0,0,0,0,2,0,0,0,0,0,0,0,0,0,2,0,0,0,0,0,0,0,0,0,0,0,0,0,0,0,0,0,0,0,0,0,0,0,0,0,0,0,0,0,0,0,0,0,0,0,0,0,0,0,0,0,0,0,0,0,0,0,0,0,0,0,0,0,0,0,0,0,0,0,0,0,0,0,0,0,0,0
Newport Police Department,2019-05-01,Delaware,1026,DE00208,breakdown offenses,normal return,normal return,normal return,normal return,normal return,breakdown offenses,breakdown offenses,breakdown offenses,0,0,0,0,0,0,0,0,0,0,0,0,0,2,0,0,0,0,2,0,0,0,0,2,0,0,0,0,4,0,0,0,2,2,0,0,0,0,0,0,0,0,0,0,2,0,0,0,0,2,0,0,0,0,0,0,0,0,0,2,0,0,0,0,0,0,0,0,0,0,0,0,0,0,0,0,0,0,0,0,0,0,0,0,0,0,0,0,0,0,0,0,0,0,0,0,0,0,0,0,0,0,0,0,0,0,0,0,0,0,0,0,0,0,0,0,0,0,0,0,0,0,0,0,0,0,0
Newport Police Department,2019-04-01,Delaware,1026,DE00208,breakdown offenses,normal return,normal return,normal return,normal return,normal return,breakdown offenses,breakdown offenses,breakdown offenses,0,0,0,0,0,0,0,0,1,0,0,0,1,1,0,0,0,0,1,0,0,0,0,1,0,0,0,0,3,0,0,1,1,2,0,0,0,0,0,1,0,0,0,1,0,0,0,0,0,0,0,0,0,0,2,0,0,0,0,3,0,0,1,2,3,0,0,0,0,0,1,0,0,0,1,0,0,0,0,0,0,0,0,0,0,0,0,0,0,0,1,0,0,1,0,1,0,0,0,0,0,0,0,0,0,0,0,0,0,0,0,0,0,0,0,0,0,0,0,0,0,0,0,0,0,0,0
Newport Police Department,2019-04-01,Delaware,1026,DE00208,breakdown offenses,normal return,normal return,normal return,normal return,normal return,breakdown offenses,breakdown offenses,breakdown offenses,0,0,0,0,0,0,0,0,1,0,0,0,1,1,0,0,0,0,1,0,0,0,0,1,0,0,0,0,3,0,0,1,1,2,0,0,0,0,0,1,0,0,0,1,0,0,0,0,0,0,0,0,0,0,2,0,0,0,0,3,0,0,1,2,3,0,0,0,0,0,1,0,0,0,1,0,0,0,0,0,0,0,0,0,0,0,0,0,0,0,1,0,0,1,0,1,0,0,0,0,0,0,0,0,0,0,0,0,0,0,0,0,0,0,0,0,0,0,0,0,0,0,0,0,0,0,0
Newport Police Department,2019-03-01,Delaware,1026,DE00208,breakdown offenses,normal return,normal return,normal return,normal return,normal return,breakdown offenses,breakdown offenses,breakdown offenses,0,0,0,0,0,0,0,0,0,0,0,0,0,3,0,0,0,0,3,0,0,0,0,1,0,0,0,0,4,0,0,0,1,1,0,0,0,0,0,0,0,0,0,0,3,0,0,0,0,3,0,0,0,0,2,0,0,0,0,5,0,0,0,2,2,0,0,0,0,0,0,0,0,0,0,0,0,0,0,0,0,0,0,0,0,0,0,0,0,0,0,0,0,0,0,0,0,0,0,0,0,0,0,0,0,0,0,0,0,0,0,0,0,0,0,0,0,0,0,0,0,0,0,0,0,0,0
Newport Police Department,2019-03-01,Delaware,1026,DE00208,breakdown offenses,normal return,normal return,normal return,normal return,normal return,breakdown offenses,breakdown offenses,breakdown offenses,0,0,0,0,0,0,0,0,0,0,0,0,0,3,0,0,0,0,3,0,0,0,0,1,0,0,0,0,4,0,0,0,1,1,0,0,0,0,0,0,0,0,0,0,3,0,0,0,0,3,0,0,0,0,2,0,0,0,0,5,0,0,0,2,2,0,0,0,0,0,0,0,0,0,0,0,0,0,0,0,0,0,0,0,0,0,0,0,0,0,0,0,0,0,0,0,0,0,0,0,0,0,0,0,0,0,0,0,0,0,0,0,0,0,0,0,0,0,0,0,0,0,0,0,0,0,0
Newport Police Department,2019-02-01,Delaware,1026,DE00208,breakdown offenses,normal return,normal return,normal return,normal return,normal return,breakdown offenses,breakdown offenses,breakdown offenses,0,0,0,0,0,0,0,0,0,0,0,0,0,1,0,0,0,0,1,0,0,0,0,2,0,0,0,0,3,0,0,0,2,2,0,0,0,0,0,0,0,0,0,0,1,0,0,0,0,1,0,0,0,0,0,0,0,0,0,1,0,0,0,0,0,0,0,0,0,0,0,0,0,0,0,0,0,0,0,0,0,0,0,0,0,0,0,0,0,0,0,0,0,0,0,0,0,0,0,0,0,0,0,0,0,0,0,0,0,0,0,0,0,0,0,0,0,0,0,0,0,0,0,0,0,0,0
Newport Police Department,2019-02-01,Delaware,1026,DE00208,breakdown offenses,normal return,normal return,normal return,normal return,normal return,breakdown offenses,breakdown offenses,breakdown offenses,0,0,0,0,0,0,0,0,0,0,0,0,0,1,0,0,0,0,1,0,0,0,0,2,0,0,0,0,3,0,0,0,2,2,0,0,0,0,0,0,0,0,0,0,1,0,0,0,0,1,0,0,0,0,0,0,0,0,0,1,0,0,0,0,0,0,0,0,0,0,0,0,0,0,0,0,0,0,0,0,0,0,0,0,0,0,0,0,0,0,0,0,0,0,0,0,0,0,0,0,0,0,0,0,0,0,0,0,0,0,0,0,0,0,0,0,0,0,0,0,0,0,0,0,0,0,0
Newport Police Department,2019-01-01,Delaware,1026,DE00208,breakdown offenses,normal return,normal return,normal return,normal return,normal return,breakdown offenses,breakdown offenses,breakdown offenses,0,0,0,0,0,0,0,0,0,0,0,0,0,1,0,0,0,0,1,1,0,1,0,3,0,0,0,0,5,0,0,0,4,4,0,0,0,0,0,0,0,0,0,0,0,0,0,0,0,0,2,0,1,1,0,0,0,0,0,2,0,0,0,2,2,0,0,0,0,0,0,0,0,0,0,0,0,0,0,0,0,0,0,0,0,0,0,0,0,0,0,0,0,0,0,0,0,0,0,0,0,0,0,0,0,0,0,0,0,0,0,0,0,0,0,0,0,0,0,0,0,0,0,0,0,0,0
Newport Police Department,2019-01-01,Delaware,1026,DE00208,breakdown offenses,normal return,normal return,normal return,normal return,normal return,breakdown offenses,breakdown offenses,breakdown offenses,0,0,0,0,0,0,0,0,0,0,0,0,0,1,0,0,0,0,1,1,0,1,0,3,0,0,0,0,5,0,0,0,4,4,0,0,0,0,0,0,0,0,0,0,0,0,0,0,0,0,2,0,1,1,0,0,0,0,0,2,0,0,0,2,2,0,0,0,0,0,0,0,0,0,0,0,0,0,0,0,0,0,0,0,0,0,0,0,0,0,0,0,0,0,0,0,0,0,0,0,0,0,0,0,0,0,0,0,0,0,0,0,0,0,0,0,0,0,0,0,0,0,0,0,0,0,0
Newport Police Department,2018-12-01,Delaware,1038,DE00208,breakdown offenses,normal return,normal return,normal return,normal return,normal return,breakdown offenses,breakdown offenses,breakdown offenses,0,0,0,0,0,0,0,0,0,0,0,0,0,1,0,1,0,0,0,0,0,0,0,1,0,0,0,0,2,0,1,1,1,2,0,0,0,0,0,0,0,0,0,0,1,0,1,0,0,0,0,0,0,0,1,0,0,0,0,2,0,1,1,1,2,0,0,0,0,0,0,0,0,0,0,0,0,0,0,0,0,0,0,0,0,0,0,0,0,0,0,0,0,0,0,0,0,0,0,0,0,0,0,0,0,0,0,0,0,0,0,0,0,0,0,0,0,0,0,0,0,0,0,0,0,0,0
Newport Police Department,2018-12-01,Delaware,1038,DE00208,breakdown offenses,normal return,normal return,normal return,normal return,normal return,breakdown offenses,breakdown offenses,breakdown offenses,0,0,0,0,0,0,0,0,0,0,0,0,0,1,0,1,0,0,0,0,0,0,0,1,0,0,0,0,2,0,1,1,1,2,0,0,0,0,0,0,0,0,0,0,1,0,1,0,0,0,0,0,0,0,1,0,0,0,0,2,0,1,1,1,2,0,0,0,0,0,0,0,0,0,0,0,0,0,0,0,0,0,0,0,0,0,0,0,0,0,0,0,0,0,0,0,0,0,0,0,0,0,0,0,0,0,0,0,0,0,0,0,0,0,0,0,0,0,0,0,0,0,0,0,0,0,0
Newport Police Department,2018-11-01,Delaware,1038,DE00208,breakdown offenses,normal return,normal return,normal return,normal return,normal return,breakdown offenses,breakdown offenses,breakdown offenses,0,0,0,0,0,0,0,0,0,0,0,0,0,3,0,0,0,1,2,0,0,0,0,6,0,0,0,0,9,0,1,1,6,7,0,0,0,0,0,0,0,0,0,0,3,0,0,0,1,2,0,0,0,0,2,0,0,0,0,5,0,1,1,2,3,0,0,0,0,0,0,0,0,0,0,0,0,0,0,0,0,0,0,0,0,0,0,0,0,0,0,0,0,0,0,0,0,0,0,0,0,0,0,0,0,0,0,0,0,0,0,0,0,0,0,0,0,0,0,0,0,0,0,0,0,0,0
Newport Police Department,2018-11-01,Delaware,1038,DE00208,breakdown offenses,normal return,normal return,normal return,normal return,normal return,breakdown offenses,breakdown offenses,breakdown offenses,0,0,0,0,0,0,0,0,0,0,0,0,0,3,0,0,0,1,2,0,0,0,0,6,0,0,0,0,9,0,1,1,6,7,0,0,0,0,0,0,0,0,0,0,3,0,0,0,1,2,0,0,0,0,2,0,0,0,0,5,0,1,1,2,3,0,0,0,0,0,0,0,0,0,0,0,0,0,0,0,0,0,0,0,0,0,0,0,0,0,0,0,0,0,0,0,0,0,0,0,0,0,0,0,0,0,0,0,0,0,0,0,0,0,0,0,0,0,0,0,0,0,0,0,0,0,0
Newport Police Department,2018-10-01,Delaware,1038,DE00208,breakdown offenses,normal return,normal return,normal return,normal return,normal return,breakdown offenses,breakdown offenses,breakdown offenses,0,0,0,0,0,0,0,0,0,0,0,0,0,1,0,0,0,0,1,0,0,0,0,2,0,0,0,0,3,0,0,0,2,2,0,0,0,0,0,0,0,0,0,0,1,0,0,0,0,1,0,0,0,0,1,0,0,0,0,2,0,0,0,1,1,0,0,0,0,0,0,0,0,0,0,0,0,0,0,0,0,0,0,0,0,0,0,0,0,0,0,0,0,0,0,0,0,0,0,0,0,0,0,0,0,0,0,0,0,0,0,0,0,0,0,0,0,0,0,0,0,0,0,0,0,0,0
Newport Police Department,2018-10-01,Delaware,1038,DE00208,breakdown offenses,normal return,normal return,normal return,normal return,normal return,breakdown offenses,breakdown offenses,breakdown offenses,0,0,0,0,0,0,0,0,0,0,0,0,0,1,0,0,0,0,1,0,0,0,0,2,0,0,0,0,3,0,0,0,2,2,0,0,0,0,0,0,0,0,0,0,1,0,0,0,0,1,0,0,0,0,1,0,0,0,0,2,0,0,0,1,1,0,0,0,0,0,0,0,0,0,0,0,0,0,0,0,0,0,0,0,0,0,0,0,0,0,0,0,0,0,0,0,0,0,0,0,0,0,0,0,0,0,0,0,0,0,0,0,0,0,0,0,0,0,0,0,0,0,0,0,0,0,0
Newport Police Department,2018-09-01,Delaware,1038,DE00208,breakdown offenses,normal return,normal return,normal return,normal return,normal return,breakdown offenses,breakdown offenses,breakdown offenses,0,0,0,0,0,0,0,0,0,0,0,0,0,1,0,0,0,0,1,0,0,0,0,2,0,0,0,0,3,0,0,0,2,2,0,0,0,0,0,0,0,0,0,0,1,0,0,0,0,1,0,0,0,0,0,0,0,0,0,1,0,0,0,0,0,0,0,0,0,0,0,0,0,0,0,0,0,0,0,0,0,0,0,0,0,0,0,0,0,0,0,0,0,0,0,0,0,0,0,0,0,0,0,0,0,0,0,0,0,0,0,0,0,0,0,0,0,0,0,0,0,0,0,0,0,0,0
Newport Police Department,2018-09-01,Delaware,1038,DE00208,breakdown offenses,normal return,normal return,normal return,normal return,normal return,breakdown offenses,breakdown offenses,breakdown offenses,0,0,0,0,0,0,0,0,0,0,0,0,0,1,0,0,0,0,1,0,0,0,0,2,0,0,0,0,3,0,0,0,2,2,0,0,0,0,0,0,0,0,0,0,1,0,0,0,0,1,0,0,0,0,0,0,0,0,0,1,0,0,0,0,0,0,0,0,0,0,0,0,0,0,0,0,0,0,0,0,0,0,0,0,0,0,0,0,0,0,0,0,0,0,0,0,0,0,0,0,0,0,0,0,0,0,0,0,0,0,0,0,0,0,0,0,0,0,0,0,0,0,0,0,0,0,0
Newport Police Department,2018-08-01,Delaware,1038,DE00208,breakdown offenses,normal return,normal return,normal return,normal return,normal return,breakdown offenses,breakdown offenses,breakdown offenses,0,0,0,0,0,0,0,0,1,1,0,0,0,0,0,0,0,0,0,0,0,0,0,1,0,0,0,0,2,0,0,1,1,2,0,0,0,0,0,1,1,0,0,0,0,0,0,0,0,0,0,0,0,0,0,0,0,0,0,1,0,0,1,0,1,0,0,0,0,0,0,0,0,0,0,0,0,0,0,0,0,0,0,0,0,0,0,0,0,0,0,0,0,0,0,0,0,0,0,0,0,0,0,0,0,0,0,0,0,0,0,0,0,0,0,0,0,0,0,0,0,0,0,0,0,0,0
Newport Police Department,2018-08-01,Delaware,1038,DE00208,breakdown offenses,normal return,normal return,normal return,normal return,normal return,breakdown offenses,breakdown offenses,breakdown offenses,0,0,0,0,0,0,0,0,1,1,0,0,0,0,0,0,0,0,0,0,0,0,0,1,0,0,0,0,2,0,0,1,1,2,0,0,0,0,0,1,1,0,0,0,0,0,0,0,0,0,0,0,0,0,0,0,0,0,0,1,0,0,1,0,1,0,0,0,0,0,0,0,0,0,0,0,0,0,0,0,0,0,0,0,0,0,0,0,0,0,0,0,0,0,0,0,0,0,0,0,0,0,0,0,0,0,0,0,0,0,0,0,0,0,0,0,0,0,0,0,0,0,0,0,0,0,0
Newport Police Department,2018-07-01,Delaware,1038,DE00208,breakdown offenses,normal return,normal return,normal return,normal return,normal return,breakdown offenses,breakdown offenses,breakdown offenses,0,0,0,0,0,0,0,0,1,1,0,0,0,0,0,0,0,0,0,1,0,1,0,2,0,0,0,0,4,0,0,1,3,4,0,0,0,0,0,0,0,0,0,0,0,0,0,0,0,0,0,0,0,0,0,0,0,0,0,0,0,0,0,0,0,0,0,0,0,0,0,0,0,0,0,0,0,0,0,0,0,0,0,0,0,0,0,0,0,0,0,0,0,0,0,0,0,0,0,0,0,0,0,0,0,0,0,0,0,0,0,0,0,0,0,0,0,0,0,0,0,0,0,0,0,0,0
Newport Police Department,2018-07-01,Delaware,1038,DE00208,breakdown offenses,normal return,normal return,normal return,normal return,normal return,breakdown offenses,breakdown offenses,breakdown offenses,0,0,0,0,0,0,0,0,1,1,0,0,0,0,0,0,0,0,0,1,0,1,0,2,0,0,0,0,4,0,0,1,3,4,0,0,0,0,0,0,0,0,0,0,0,0,0,0,0,0,0,0,0,0,0,0,0,0,0,0,0,0,0,0,0,0,0,0,0,0,0,0,0,0,0,0,0,0,0,0,0,0,0,0,0,0,0,0,0,0,0,0,0,0,0,0,0,0,0,0,0,0,0,0,0,0,0,0,0,0,0,0,0,0,0,0,0,0,0,0,0,0,0,0,0,0,0
Newport Police Department,2018-06-01,Delaware,1038,DE00208,breakdown offenses,normal return,normal return,normal return,normal return,normal return,breakdown offenses,breakdown offenses,breakdown offenses,0,0,0,0,0,0,0,0,0,0,0,0,0,1,0,0,0,0,1,1,0,0,1,2,2,2,0,0,6,0,0,0,5,5,0,0,0,0,0,0,0,0,0,0,2,0,0,0,0,2,0,0,0,0,0,1,1,0,0,3,0,0,0,1,1,0,0,0,0,0,0,0,0,0,0,0,0,0,0,0,0,0,0,0,0,0,1,1,0,0,1,0,0,0,1,1,0,0,0,0,0,0,0,0,0,0,0,0,0,0,0,0,0,0,0,0,0,0,0,0,0,0,0,0,0,0,0
Newport Police Department,2018-06-01,Delaware,1038,DE00208,breakdown offenses,normal return,normal return,normal return,normal return,normal return,breakdown offenses,breakdown offenses,breakdown offenses,0,0,0,0,0,0,0,0,0,0,0,0,0,1,0,0,0,0,1,1,0,0,1,2,2,2,0,0,6,0,0,0,5,5,0,0,0,0,0,0,0,0,0,0,2,0,0,0,0,2,0,0,0,0,0,1,1,0,0,3,0,0,0,1,1,0,0,0,0,0,0,0,0,0,0,0,0,0,0,0,0,0,0,0,0,0,1,1,0,0,1,0,0,0,1,1,0,0,0,0,0,0,0,0,0,0,0,0,0,0,0,0,0,0,0,0,0,0,0,0,0,0,0,0,0,0,0
Newport Police Department,2018-05-01,Delaware,1038,DE00208,breakdown offenses,normal return,normal return,normal return,normal return,normal return,breakdown offenses,breakdown offenses,breakdown offenses,0,0,0,0,0,0,0,0,0,0,0,0,0,1,0,0,0,0,1,0,0,0,0,2,0,0,0,0,3,0,0,0,2,2,0,0,0,0,0,0,0,0,0,0,0,0,0,0,0,0,0,0,0,0,0,0,0,0,0,0,0,0,0,0,0,0,0,0,0,0,0,0,0,0,0,0,0,0,0,0,0,0,0,0,0,0,0,0,0,0,0,0,0,0,0,0,0,0,0,0,0,0,0,0,0,0,0,0,0,0,0,0,0,0,0,0,0,0,0,0,0,0,0,0,0,0,0
Newport Police Department,2018-05-01,Delaware,1038,DE00208,breakdown offenses,normal return,normal return,normal return,normal return,normal return,breakdown offenses,breakdown offenses,breakdown offenses,0,0,0,0,0,0,0,0,0,0,0,0,0,1,0,0,0,0,1,0,0,0,0,2,0,0,0,0,3,0,0,0,2,2,0,0,0,0,0,0,0,0,0,0,0,0,0,0,0,0,0,0,0,0,0,0,0,0,0,0,0,0,0,0,0,0,0,0,0,0,0,0,0,0,0,0,0,0,0,0,0,0,0,0,0,0,0,0,0,0,0,0,0,0,0,0,0,0,0,0,0,0,0,0,0,0,0,0,0,0,0,0,0,0,0,0,0,0,0,0,0,0,0,0,0,0,0
Newport Police Department,2018-04-01,Delaware,1038,DE00208,breakdown offenses,normal return,normal return,normal return,normal return,normal return,breakdown offenses,breakdown offenses,breakdown offenses,0,0,0,0,0,0,0,0,0,0,0,0,0,2,0,0,0,0,2,0,0,0,0,0,0,0,0,0,2,0,0,0,0,0,0,0,0,0,0,0,0,0,0,0,3,0,0,0,0,3,0,0,0,0,0,0,0,0,0,3,0,0,0,0,0,0,0,0,0,0,0,0,0,0,0,0,0,0,0,0,0,0,0,0,0,0,0,0,0,0,0,0,0,0,0,0,0,0,0,0,0,0,0,0,0,0,0,0,0,0,0,0,0,0,0,0,0,0,0,0,0,0,0,0,0,0,0
Newport Police Department,2018-04-01,Delaware,1038,DE00208,breakdown offenses,normal return,normal return,normal return,normal return,normal return,breakdown offenses,breakdown offenses,breakdown offenses,0,0,0,0,0,0,0,0,0,0,0,0,0,2,0,0,0,0,2,0,0,0,0,0,0,0,0,0,2,0,0,0,0,0,0,0,0,0,0,0,0,0,0,0,3,0,0,0,0,3,0,0,0,0,0,0,0,0,0,3,0,0,0,0,0,0,0,0,0,0,0,0,0,0,0,0,0,0,0,0,0,0,0,0,0,0,0,0,0,0,0,0,0,0,0,0,0,0,0,0,0,0,0,0,0,0,0,0,0,0,0,0,0,0,0,0,0,0,0,0,0,0,0,0,0,0,0
Newport Police Department,2018-03-01,Delaware,1038,DE00208,breakdown offenses,normal return,normal return,normal return,normal return,normal return,breakdown offenses,breakdown offenses,breakdown offenses,0,0,0,0,0,0,0,0,0,0,0,0,0,2,0,0,0,0,2,0,0,0,0,0,0,0,0,0,2,0,0,0,0,0,0,0,0,0,0,0,0,0,0,0,3,0,0,0,0,3,0,0,0,0,0,0,0,0,0,3,0,0,0,0,0,0,0,0,0,0,0,0,0,0,0,0,0,0,0,0,0,0,0,0,0,0,0,0,0,0,0,0,0,0,0,0,0,0,0,0,0,0,0,0,0,0,0,0,0,0,0,0,0,0,0,0,0,0,0,0,0,0,0,0,0,0,0
Newport Police Department,2018-03-01,Delaware,1038,DE00208,breakdown offenses,normal return,normal return,normal return,normal return,normal return,breakdown offenses,breakdown offenses,breakdown offenses,0,0,0,0,0,0,0,0,0,0,0,0,0,2,0,0,0,0,2,0,0,0,0,0,0,0,0,0,2,0,0,0,0,0,0,0,0,0,0,0,0,0,0,0,3,0,0,0,0,3,0,0,0,0,0,0,0,0,0,3,0,0,0,0,0,0,0,0,0,0,0,0,0,0,0,0,0,0,0,0,0,0,0,0,0,0,0,0,0,0,0,0,0,0,0,0,0,0,0,0,0,0,0,0,0,0,0,0,0,0,0,0,0,0,0,0,0,0,0,0,0,0,0,0,0,0,0
Newport Police Department,2018-02-01,Delaware,1038,DE00208,breakdown offenses,normal return,normal return,normal return,normal return,normal return,breakdown offenses,breakdown offenses,breakdown offenses,0,0,0,0,0,0,0,0,0,0,0,0,0,2,0,0,0,0,2,0,0,0,0,0,0,0,0,0,2,0,0,0,0,0,0,0,0,0,0,0,0,0,0,0,1,0,0,0,0,1,0,0,0,0,1,0,0,0,0,2,0,0,0,1,1,0,0,0,0,0,0,0,0,0,0,0,0,0,0,0,0,0,0,0,0,0,0,0,0,0,0,0,0,0,0,0,0,0,0,0,0,0,0,0,0,0,0,0,0,0,0,0,0,0,0,0,0,0,0,0,0,0,0,0,0,0,0
Newport Police Department,2018-02-01,Delaware,1038,DE00208,breakdown offenses,normal return,normal return,normal return,normal return,normal return,breakdown offenses,breakdown offenses,breakdown offenses,0,0,0,0,0,0,0,0,0,0,0,0,0,2,0,0,0,0,2,0,0,0,0,0,0,0,0,0,2,0,0,0,0,0,0,0,0,0,0,0,0,0,0,0,2,0,0,0,0,1,0,0,0,0,1,0,0,0,0,3,0,1,1,1,2,0,0,0,0,0,0,0,0,0,0,0,0,0,0,0,0,0,0,0,0,0,0,0,0,0,0,0,0,0,0,0,0,0,0,0,0,0,0,0,0,0,0,0,0,0,0,0,0,0,0,0,0,0,0,0,0,0,0,0,0,0,0
Newport Police Department,2018-01-01,Delaware,1038,DE00208,breakdown offenses,normal return,normal return,normal return,normal return,normal return,breakdown offenses,breakdown offenses,breakdown offenses,0,0,0,0,0,0,0,0,1,0,0,1,0,0,0,0,0,0,0,1,1,0,0,0,0,0,0,0,2,0,0,1,1,2,0,0,0,0,0,1,0,0,1,0,0,0,0,0,0,0,0,0,0,0,0,0,0,0,0,1,0,0,1,0,1,0,0,0,0,0,1,0,0,1,0,0,0,0,0,0,0,0,0,0,0,0,0,0,0,0,1,0,0,1,0,1,0,0,0,0,0,0,0,0,0,0,0,0,0,0,0,0,0,0,0,0,0,0,0,0,0,0,0,0,0,0,0
Newport Police Department,2018-01-01,Delaware,1038,DE00208,breakdown offenses,normal return,normal return,normal return,normal return,normal return,breakdown offenses,breakdown offenses,breakdown offenses,0,0,0,0,0,0,0,0,1,0,0,1,0,0,0,0,0,0,0,1,1,0,0,0,0,0,0,0,2,0,0,1,1,2,0,0,0,0,0,1,0,0,1,0,0,0,0,0,0,0,0,0,0,0,0,0,0,0,0,1,0,0,1,0,1,0,0,0,0,0,1,0,0,1,0,0,0,0,0,0,0,0,0,0,0,0,0,0,0,0,1,0,0,1,0,1,0,0,0,0,0,0,0,0,0,0,0,0,0,0,0,0,0,0,0,0,0,0,0,0,0,0,0,0,0,0,0
Newport Police Department,2017-12-01,Delaware,1049,DE00208,breakdown offenses,,,,,,breakdown offenses,breakdown offenses,breakdown offenses,0,0,0,0,0,0,0,0,0,0,0,0,0,0,0,0,0,0,0,0,0,0,0,0,0,0,0,0,0,0,0,0,0,0,0,0,0,0,0,0,0,0,0,0,0,0,0,0,0,0,0,0,0,0,0,0,0,0,0,0,0,0,0,0,0,0,0,0,0,0,0,0,0,0,0,0,0,0,0,0,0,0,0,0,0,0,0,0,0,0,0,0,0,0,0,0,0,0,0,0,0,0,0,0,0,0,0,0,0,0,0,0,0,0,0,0,0,0,0,0,0,0,0,0,0,0,0
Newport Police Department,2017-11-01,Delaware,1049,DE00208,breakdown offenses,normal return,normal return,normal return,normal return,normal return,breakdown offenses,breakdown offenses,breakdown offenses,0,0,0,0,0,0,0,0,0,0,0,0,0,2,0,0,1,0,1,0,0,0,0,2,0,0,0,0,4,0,1,1,2,3,0,0,0,0,0,0,0,0,0,0,3,0,0,1,0,2,0,0,0,0,0,0,0,0,0,3,0,1,1,0,1,0,0,0,0,0,0,0,0,0,0,1,0,0,0,0,1,0,0,0,0,0,0,0,0,0,1,0,0,0,0,0,0,0,0,0,0,0,0,0,0,0,0,0,0,0,0,0,0,0,0,0,0,0,0,0,0,0,0,0,0,0,0
Newport Police Department,2017-10-01,Delaware,1049,DE00208,breakdown offenses,normal return,normal return,normal return,normal return,normal return,breakdown offenses,breakdown offenses,breakdown offenses,0,0,0,0,0,0,0,0,0,0,0,0,0,2,0,0,0,0,2,0,0,0,0,3,0,0,0,0,5,0,0,0,3,3,0,0,0,0,0,0,0,0,0,0,1,0,0,0,0,1,0,0,0,0,0,0,0,0,0,1,0,0,0,0,0,0,0,0,0,0,0,0,0,0,0,0,0,0,0,0,0,0,0,0,0,0,0,0,0,0,0,0,0,0,0,0,0,0,0,0,0,0,0,0,0,0,0,0,0,0,0,0,0,0,0,0,0,0,0,0,0,0,0,0,0,0,0
Newport Police Department,2017-09-01,Delaware,1049,DE00208,breakdown offenses,normal return,normal return,normal return,normal return,normal return,breakdown offenses,breakdown offenses,breakdown offenses,0,0,0,0,0,0,0,0,0,0,0,0,0,2,0,0,0,0,2,0,0,0,0,2,1,1,0,0,5,0,0,0,3,3,0,0,0,0,0,0,0,0,0,0,1,0,0,0,0,1,0,0,0,0,0,0,0,0,0,1,0,0,0,0,0,0,0,0,0,0,0,0,0,0,0,0,0,0,0,0,0,0,0,0,0,0,0,0,0,0,0,0,0,0,0,0,0,0,0,0,0,0,0,0,0,0,0,0,0,0,0,0,0,0,0,0,0,0,0,0,0,0,0,0,0,0,0
Newport Police Department,2017-08-01,Delaware,1049,DE00208,breakdown offenses,normal return,normal return,normal return,normal return,normal return,breakdown offenses,breakdown offenses,breakdown offenses,0,0,0,0,0,0,0,0,0,0,0,0,0,0,0,0,0,0,0,0,0,0,0,4,1,1,0,0,5,0,0,0,5,5,0,0,0,0,0,0,0,0,0,0,0,0,0,0,0,0,0,0,0,0,2,1,1,0,0,3,0,0,0,3,3,0,0,0,0,0,0,0,0,0,0,0,0,0,0,0,0,0,0,0,0,0,0,0,0,0,0,0,0,0,0,0,0,0,0,0,0,0,0,0,0,0,0,0,0,0,0,0,0,0,0,0,0,0,0,0,0,0,0,0,0,0,0
Newport Police Department,2017-07-01,Delaware,1049,DE00208,breakdown offenses,normal return,normal return,normal return,normal return,normal return,breakdown offenses,breakdown offenses,breakdown offenses,0,0,0,0,0,0,0,0,0,0,0,0,0,1,0,0,0,0,1,0,0,0,0,2,0,0,0,0,3,0,0,0,2,2,0,0,0,0,0,0,0,0,0,0,1,0,0,0,0,1,0,0,0,0,0,0,0,0,0,1,0,0,0,0,0,0,0,0,0,0,0,0,0,0,0,0,0,0,0,0,0,0,0,0,0,0,0,0,0,0,0,0,0,0,0,0,0,0,0,0,0,0,0,0,0,0,0,0,0,0,0,0,0,0,0,0,0,0,0,0,0,0,0,0,0,0,0
Newport Police Department,2017-06-01,Delaware,1049,DE00208,breakdown offenses,normal return,normal return,normal return,normal return,normal return,breakdown offenses,breakdown offenses,breakdown offenses,0,0,0,0,0,0,0,0,1,1,0,0,0,1,0,0,0,0,1,1,0,1,0,1,0,0,0,0,4,0,0,1,2,3,0,0,0,0,0,0,0,0,0,0,0,0,0,0,0,0,1,0,1,0,0,0,0,0,0,1,0,0,0,1,1,0,0,0,0,0,0,0,0,0,0,0,0,0,0,0,0,1,0,1,0,0,0,0,0,0,1,0,0,0,1,1,0,0,0,0,0,0,0,0,0,0,0,0,0,0,0,0,0,0,0,0,0,0,0,0,0,0,0,0,0,0,0
Newport Police Department,2017-05-01,Delaware,1049,DE00208,breakdown offenses,normal return,normal return,normal return,normal return,normal return,breakdown offenses,breakdown offenses,breakdown offenses,0,0,0,0,0,0,0,0,0,0,0,0,0,1,0,0,0,0,1,0,0,0,0,1,0,0,0,0,2,0,0,0,1,1,0,0,0,0,0,0,0,0,0,0,1,0,0,0,0,1,0,0,0,0,0,0,0,0,0,1,0,0,0,0,0,0,0,0,0,0,0,0,0,0,0,1,0,0,0,0,1,0,0,0,0,0,0,0,0,0,1,0,0,0,0,0,0,0,0,0,0,0,0,0,0,0,0,0,0,0,0,0,0,0,0,0,0,0,0,0,0,0,0,0,0,0,0
Newport Police Department,2017-04-01,Delaware,1049,DE00208,breakdown offenses,normal return,normal return,normal return,normal return,normal return,breakdown offenses,breakdown offenses,breakdown offenses,0,0,0,0,0,0,0,0,1,1,0,0,0,2,0,0,0,0,2,1,0,1,0,2,0,0,0,0,6,0,0,1,3,4,0,0,0,0,0,0,0,0,0,0,0,0,0,0,0,0,1,0,1,0,1,0,0,0,0,2,0,0,0,2,2,0,0,0,0,0,0,0,0,0,0,0,0,0,0,0,0,0,0,0,0,0,0,0,0,0,0,0,0,0,0,0,0,0,0,0,0,0,0,0,0,0,0,0,0,0,0,0,0,0,0,0,0,0,0,0,0,0,0,0,0,0,0
Newport Police Department,2017-03-01,Delaware,1049,DE00208,breakdown offenses,normal return,normal return,normal return,normal return,normal return,breakdown offenses,breakdown offenses,breakdown offenses,0,0,0,0,0,0,0,0,0,0,0,0,0,0,0,0,0,0,0,1,1,0,0,2,1,1,0,0,4,0,0,0,4,4,0,0,0,0,0,0,0,0,0,0,0,0,0,0,0,0,0,0,0,0,0,0,0,0,0,0,0,0,0,0,0,0,0,0,0,0,0,0,0,0,0,0,0,0,0,0,0,0,0,0,0,0,0,0,0,0,0,0,0,0,0,0,0,0,0,0,0,0,0,0,0,0,0,0,0,0,0,0,0,0,0,0,0,0,0,0,0,0,0,0,0,0,0
Newport Police Department,2017-02-01,Delaware,1049,DE00208,breakdown offenses,normal return,normal return,normal return,normal return,normal return,breakdown offenses,breakdown offenses,breakdown offenses,0,0,0,0,0,0,0,0,0,0,0,0,0,3,0,0,0,0,3,0,0,0,0,1,0,0,0,0,4,0,0,0,1,1,0,0,0,0,0,0,0,0,0,0,3,0,0,0,0,3,0,0,0,0,0,0,0,0,0,3,0,0,0,0,0,0,0,0,0,0,0,0,0,0,0,0,0,0,0,0,0,0,0,0,0,0,0,0,0,0,0,0,0,0,0,0,0,0,0,0,0,0,0,0,0,0,0,0,0,0,0,0,0,0,0,0,0,0,0,0,0,0,0,0,0,0,0
Newport Police Department,2017-01-01,Delaware,1049,DE00208,breakdown offenses,normal return,normal return,normal return,normal return,normal return,breakdown offenses,breakdown offenses,breakdown offenses,0,0,0,0,0,0,0,0,2,2,0,0,0,0,0,0,0,0,0,1,0,0,1,0,0,0,0,0,3,0,0,2,1,3,0,0,0,0,0,0,0,0,0,0,0,0,0,0,0,0,0,0,0,0,0,0,0,0,0,0,0,0,0,0,0,0,0,0,0,0,0,0,0,0,0,0,0,0,0,0,0,0,0,0,0,0,0,0,0,0,0,0,0,0,0,0,0,0,0,0,0,0,0,0,0,0,0,0,0,0,0,0,0,0,0,0,0,0,0,0,0,0,0,0,0,0,0
Newport Police Department,2016-12-01,Delaware,1059,DE00208,breakdown offenses,normal return,normal return,normal return,normal return,not updated,breakdown offenses,breakdown offenses,breakdown offenses,0,0,0,0,0,0,0,0,0,0,0,0,0,0,0,0,0,0,0,0,0,0,0,1,0,0,0,0,1,0,0,0,1,1,0,0,0,0,0,0,0,0,0,0,1,0,0,0,0,1,0,0,0,0,0,0,0,0,0,1,0,0,0,0,0,0,0,0,0,0,0,0,0,0,0,0,0,0,0,0,0,0,0,0,0,0,0,0,0,0,0,0,0,0,0,0,0,0,0,0,0,0,0,0,0,0,0,0,0,0,0,0,0,0,0,0,0,0,0,0,0,0,0,0,0,0,0
Newport Police Department,2016-11-01,Delaware,1059,DE00208,breakdown offenses,normal return,normal return,normal return,normal return,not updated,breakdown offenses,breakdown offenses,breakdown offenses,0,0,0,0,0,0,0,0,1,0,1,0,0,1,0,0,0,0,1,0,0,0,0,2,0,0,0,0,4,0,0,1,2,3,0,0,0,0,0,1,0,1,0,0,1,0,0,0,0,1,0,0,0,0,0,0,0,0,0,2,0,0,1,0,1,0,0,0,0,0,0,0,0,0,0,0,0,0,0,0,0,0,0,0,0,0,0,0,0,0,0,0,0,0,0,0,0,0,0,0,0,0,0,0,0,0,0,0,0,0,0,0,0,0,0,0,0,0,0,0,0,0,0,0,0,0,0
Newport Police Department,2016-10-01,Delaware,1059,DE00208,breakdown offenses,normal return,normal return,normal return,normal return,not updated,breakdown offenses,breakdown offenses,breakdown offenses,0,0,0,0,0,0,0,0,0,0,0,0,0,3,0,1,0,0,2,0,0,0,0,0,0,0,0,0,3,0,1,1,0,1,0,0,0,0,0,0,0,0,0,0,3,0,1,0,0,2,0,0,0,0,1,0,0,0,0,4,0,1,1,1,2,0,0,0,0,0,0,0,0,0,0,0,0,0,0,0,0,0,0,0,0,0,0,0,0,0,0,0,0,0,0,0,0,0,0,0,0,0,0,0,0,0,0,0,0,0,0,0,0,0,0,0,0,0,0,0,0,0,0,0,0,0,0
Newport Police Department,2016-09-01,Delaware,1059,DE00208,breakdown offenses,normal return,normal return,normal return,normal return,not updated,breakdown offenses,breakdown offenses,breakdown offenses,0,0,0,0,0,0,0,0,0,0,0,0,0,7,1,0,2,0,4,0,0,0,0,1,0,0,0,0,8,0,3,3,1,4,0,0,0,0,0,0,0,0,0,0,7,1,0,2,0,4,0,0,0,0,1,0,0,0,0,8,0,3,3,1,4,0,0,0,0,0,0,0,0,0,0,0,0,0,0,0,0,0,0,0,0,0,0,0,0,0,0,0,0,0,0,0,0,0,0,0,0,0,0,0,0,0,0,0,0,0,0,0,0,0,0,0,0,0,0,0,0,0,0,0,0,0,0
Newport Police Department,2016-08-01,Delaware,1059,DE00208,breakdown offenses,normal return,normal return,normal return,normal return,not updated,breakdown offenses,breakdown offenses,breakdown offenses,0,0,0,0,0,0,0,0,0,0,0,0,0,5,0,0,0,1,4,0,0,0,0,5,1,1,0,0,11,0,1,1,6,7,0,0,0,0,0,0,0,0,0,0,2,0,0,0,0,2,1,0,1,0,2,0,0,0,0,5,0,0,0,3,3,0,0,0,0,0,0,0,0,0,0,0,0,0,0,0,0,0,0,0,0,0,0,0,0,0,0,0,0,0,0,0,0,0,0,0,0,0,0,0,0,0,0,0,0,0,0,0,0,0,0,0,0,0,0,0,0,0,0,0,0,0,0
Newport Police Department,2016-07-01,Delaware,1059,DE00208,breakdown offenses,normal return,normal return,normal return,normal return,not updated,breakdown offenses,breakdown offenses,breakdown offenses,0,0,0,0,0,0,0,0,0,0,0,0,0,1,0,0,0,0,1,0,0,0,0,1,1,1,0,0,3,0,0,0,2,2,0,0,0,0,0,0,0,0,0,0,1,0,0,0,0,1,0,0,0,0,0,0,0,0,0,1,0,0,0,0,0,0,0,0,0,0,0,0,0,0,0,0,0,0,0,0,0,0,0,0,0,0,0,0,0,0,0,0,0,0,0,0,0,0,0,0,0,0,0,0,0,0,0,0,0,0,0,0,0,0,0,0,0,0,0,0,0,0,0,0,0,0,0
Newport Police Department,2016-06-01,Delaware,1059,DE00208,breakdown offenses,normal return,normal return,normal return,normal return,not updated,breakdown offenses,breakdown offenses,breakdown offenses,0,0,0,0,0,0,0,0,0,0,0,0,0,3,0,0,0,0,3,0,0,0,0,2,0,0,0,0,5,0,0,0,2,2,0,0,0,0,0,0,0,0,0,0,6,0,0,0,0,6,0,0,0,0,1,0,0,0,0,7,0,0,0,1,1,0,0,0,0,0,0,0,0,0,0,3,0,0,0,0,3,0,0,0,0,0,0,0,0,0,3,0,0,0,0,0,0,0,0,0,0,0,0,0,0,0,0,0,0,0,0,0,0,0,0,0,0,0,0,0,0,0,0,0,0,0,0
Newport Police Department,2016-05-01,Delaware,1059,DE00208,breakdown offenses,normal return,normal return,normal return,normal return,not updated,breakdown offenses,breakdown offenses,breakdown offenses,0,0,0,0,0,0,0,0,0,0,0,0,0,6,1,0,1,0,4,2,0,2,0,4,0,0,0,0,12,0,2,2,6,8,0,0,0,0,0,0,0,0,0,0,2,1,0,1,0,0,0,0,0,0,1,0,0,0,0,3,0,2,2,1,3,0,0,0,0,0,0,0,0,0,0,0,0,0,0,0,0,0,0,0,0,1,0,0,0,0,1,0,0,0,1,1,0,0,0,0,0,0,0,0,0,0,0,0,0,0,0,0,0,0,0,0,0,0,0,0,0,0,0,0,0,0,0
Newport Police Department,2016-04-01,Delaware,1059,DE00208,breakdown offenses,normal return,normal return,normal return,normal return,not updated,breakdown offenses,breakdown offenses,breakdown offenses,0,0,0,0,0,0,0,0,0,0,0,0,0,4,0,0,0,0,4,0,0,0,0,1,0,0,0,0,5,0,0,0,1,1,0,0,0,0,0,0,0,0,0,0,4,0,0,0,0,4,0,0,0,0,2,0,0,0,0,6,0,0,0,2,2,0,0,0,0,0,0,0,0,0,0,0,0,0,0,0,0,0,0,0,0,0,0,0,0,0,0,0,0,0,0,0,0,0,0,0,0,0,0,0,0,0,0,0,0,0,0,0,0,0,0,0,0,0,0,0,0,0,0,0,0,0,0
Newport Police Department,2016-03-01,Delaware,1059,DE00208,breakdown offenses,normal return,normal return,normal return,normal return,not updated,breakdown offenses,breakdown offenses,breakdown offenses,0,0,0,0,0,0,0,0,1,1,0,0,0,0,0,0,0,0,0,1,0,0,1,0,0,0,0,0,2,0,0,1,1,2,0,0,0,0,0,0,0,0,0,0,0,0,0,0,0,0,0,0,0,0,0,0,0,0,0,0,0,0,0,0,0,0,0,0,0,0,0,0,0,0,0,0,0,0,0,0,0,0,0,0,0,0,0,0,0,0,0,0,0,0,0,0,0,0,0,0,0,0,0,0,0,0,0,0,0,0,0,0,0,0,0,0,0,0,0,0,0,0,0,0,0,0,0
Newport Police Department,2016-02-01,Delaware,1059,DE00208,breakdown offenses,normal return,normal return,normal return,normal return,not updated,breakdown offenses,breakdown offenses,breakdown offenses,0,0,0,0,0,0,0,0,0,0,0,0,0,3,0,0,0,0,3,2,0,2,0,3,0,0,0,0,8,0,0,0,5,5,0,0,0,0,0,0,0,0,0,0,1,0,0,0,0,1,0,0,0,0,1,0,0,0,0,2,0,0,0,1,1,0,0,0,0,0,0,0,0,0,0,0,0,0,0,0,0,0,0,0,0,0,0,0,0,0,0,0,0,0,0,0,0,0,0,0,0,0,0,0,0,0,0,0,0,0,0,0,0,0,0,0,0,0,0,0,0,0,0,0,0,0,0
Newport Police Department,2016-01-01,Delaware,1059,DE00208,breakdown offenses,normal return,normal return,normal return,normal return,not updated,breakdown offenses,breakdown offenses,breakdown offenses,0,0,0,0,0,0,0,0,1,1,0,0,0,4,0,0,0,0,4,0,0,0,0,1,0,0,0,0,6,0,0,1,1,2,0,0,0,0,0,0,0,0,0,0,2,0,0,0,0,2,0,0,0,0,0,0,0,0,0,2,0,0,0,0,0,0,0,0,0,0,0,0,0,0,0,0,0,0,0,0,0,0,0,0,0,0,0,0,0,0,0,0,0,0,0,0,0,0,0,0,0,0,0,0,0,0,0,0,0,0,0,0,0,0,0,0,0,0,0,0,0,0,0,0,0,0,0
Newport Police Department,2015-12-01,Delaware,1061,DE00208,breakdown offenses,normal return,normal return,normal return,normal return,not updated,breakdown offenses,breakdown offenses,breakdown offenses,0,0,0,0,0,0,0,0,0,0,0,0,0,1,0,0,0,0,1,0,0,0,0,0,0,0,0,0,1,0,0,0,0,0,0,0,0,0,0,0,0,0,0,0,1,0,0,0,0,1,0,0,0,0,0,0,0,0,0,1,0,0,0,0,0,0,0,0,0,0,0,0,0,0,0,0,0,0,0,0,0,0,0,0,0,0,0,0,0,0,0,0,0,0,0,0,0,0,0,0,0,0,0,0,0,0,0,0,0,0,0,0,0,0,0,0,0,0,0,0,0,0,0,0,0,0,0
Newport Police Department,2015-11-01,Delaware,1061,DE00208,breakdown offenses,normal return,normal return,normal return,normal return,not updated,breakdown offenses,breakdown offenses,breakdown offenses,0,0,0,0,0,0,0,0,0,0,0,0,0,1,0,0,1,0,0,1,1,0,0,0,0,0,0,0,2,0,1,1,1,2,0,0,0,0,0,0,0,0,0,0,0,0,0,0,0,0,2,1,1,0,0,0,0,0,0,2,0,0,0,2,2,0,0,0,0,0,0,0,0,0,0,0,0,0,0,0,0,0,0,0,0,0,0,0,0,0,0,0,0,0,0,0,0,0,0,0,0,0,0,0,0,0,0,0,0,0,0,0,0,0,0,0,0,0,0,0,0,0,0,0,0,0,0
Newport Police Department,2015-10-01,Delaware,1061,DE00208,breakdown offenses,normal return,normal return,normal return,normal return,not updated,breakdown offenses,breakdown offenses,breakdown offenses,0,0,0,0,0,0,0,0,0,0,0,0,0,3,0,0,0,0,3,3,0,3,0,4,1,1,0,0,11,0,0,0,8,8,0,0,0,0,0,0,0,0,0,0,2,0,0,0,0,2,0,0,0,0,0,0,0,0,0,2,0,0,0,0,0,0,0,0,0,0,0,0,0,0,0,0,0,0,0,0,0,0,0,0,0,0,0,0,0,0,0,0,0,0,0,0,0,0,0,0,0,0,0,0,0,0,0,0,0,0,0,0,0,0,0,0,0,0,0,0,0,0,0,0,0,0,0
Newport Police Department,2015-09-01,Delaware,1061,DE00208,breakdown offenses,normal return,normal return,normal return,normal return,not updated,breakdown offenses,breakdown offenses,breakdown offenses,0,0,0,0,0,0,0,0,1,0,0,0,1,3,0,0,2,0,1,2,1,1,0,0,2,2,0,0,8,0,2,3,4,7,0,0,0,0,0,0,0,0,0,0,4,0,0,2,0,2,1,0,1,0,1,0,0,0,0,6,0,2,2,2,4,0,0,0,0,0,0,0,0,0,0,0,0,0,0,0,0,0,0,0,0,0,0,0,0,0,0,0,0,0,0,0,0,0,0,0,0,0,0,0,0,0,0,0,0,0,0,0,0,0,0,0,0,0,0,0,0,0,0,0,0,0,0
Newport Police Department,2015-08-01,Delaware,1061,DE00208,breakdown offenses,normal return,normal return,normal return,normal return,not updated,breakdown offenses,breakdown offenses,breakdown offenses,0,0,0,0,0,0,0,0,0,0,0,0,0,4,0,0,0,0,4,0,0,0,0,2,0,0,0,0,6,0,0,0,2,2,0,0,0,0,0,0,0,0,0,0,2,0,0,0,0,2,0,0,0,0,0,0,0,0,0,2,0,0,0,0,0,0,0,0,0,0,0,0,0,0,0,0,0,0,0,0,0,0,0,0,0,0,0,0,0,0,0,0,0,0,0,0,0,0,0,0,0,0,0,0,0,0,0,0,0,0,0,0,0,0,0,0,0,0,0,0,0,0,0,0,0,0,0
Newport Police Department,2015-07-01,Delaware,1061,DE00208,breakdown offenses,normal return,normal return,normal return,normal return,not updated,breakdown offenses,breakdown offenses,breakdown offenses,0,0,0,0,0,0,0,0,0,0,0,0,0,6,3,0,0,0,3,0,0,0,0,1,0,0,0,0,7,0,3,3,1,4,0,0,0,0,0,0,0,0,0,0,7,3,0,0,0,4,0,0,0,0,1,0,0,0,0,8,0,3,3,1,4,0,0,0,0,0,0,0,0,0,0,0,0,0,0,0,0,0,0,0,0,1,0,0,0,0,1,0,0,0,1,1,0,0,0,0,0,0,0,0,0,0,0,0,0,0,0,0,0,0,0,0,0,0,0,0,0,0,0,0,0,0,0
Newport Police Department,2015-06-01,Delaware,1061,DE00208,breakdown offenses,normal return,normal return,normal return,normal return,not updated,breakdown offenses,breakdown offenses,breakdown offenses,0,0,0,0,0,0,0,0,0,0,0,0,0,1,0,0,0,0,1,0,0,0,0,2,0,0,0,0,3,0,0,0,2,2,0,0,0,0,0,0,0,0,0,0,1,0,0,0,0,1,0,0,0,0,0,0,0,0,0,1,0,0,0,0,0,0,0,0,0,0,0,0,0,0,0,0,0,0,0,0,0,0,0,0,0,0,0,0,0,0,0,0,0,0,0,0,0,0,0,0,0,0,0,0,0,0,0,0,0,0,0,0,0,0,0,0,0,0,0,0,0,0,0,0,0,0,0
Newport Police Department,2015-05-01,Delaware,1061,DE00208,breakdown offenses,normal return,normal return,normal return,normal return,not updated,breakdown offenses,breakdown offenses,breakdown offenses,0,0,0,0,0,0,0,0,0,0,0,0,0,4,0,0,0,0,4,1,1,0,0,0,0,0,0,0,5,0,0,0,1,1,0,0,0,0,0,0,0,0,0,0,2,0,0,0,0,2,1,1,0,0,0,0,0,0,0,3,0,0,0,1,1,0,0,0,0,0,0,0,0,0,0,0,0,0,0,0,0,1,1,0,0,0,0,0,0,0,1,0,0,0,1,1,0,0,0,0,0,0,0,0,0,0,0,0,0,0,0,0,0,0,0,0,0,0,0,0,0,0,0,0,0,0,0
Newport Police Department,2015-04-01,Delaware,1061,DE00208,breakdown offenses,normal return,normal return,normal return,normal return,not updated,breakdown offenses,breakdown offenses,breakdown offenses,0,0,0,0,0,0,0,0,0,0,0,0,0,6,0,0,0,0,6,2,1,1,0,1,0,0,0,0,9,0,0,0,3,3,0,0,0,0,0,0,0,0,0,0,2,0,0,0,0,2,0,0,0,0,0,0,0,0,0,2,0,0,0,0,0,0,0,0,0,0,0,0,0,0,0,0,0,0,0,0,0,0,0,0,0,0,0,0,0,0,0,0,0,0,0,0,0,0,0,0,0,0,0,0,0,0,0,0,0,0,0,0,0,0,0,0,0,0,0,0,0,0,0,0,0,0,0
Newport Police Department,2015-03-01,Delaware,1061,DE00208,breakdown offenses,normal return,normal return,normal return,normal return,not updated,breakdown offenses,breakdown offenses,breakdown offenses,0,0,0,0,0,0,0,0,0,0,0,0,0,3,0,0,0,0,3,1,0,1,0,3,1,1,0,0,8,0,0,0,5,5,0,0,0,0,0,0,0,0,0,0,3,0,0,0,0,3,0,0,0,0,1,0,0,0,0,4,0,0,0,1,1,0,0,0,0,0,0,0,0,0,0,0,0,0,0,0,0,0,0,0,0,0,0,0,0,0,0,0,0,0,0,0,0,0,0,0,0,0,0,0,0,0,0,0,0,0,0,0,0,0,0,0,0,0,0,0,0,0,0,0,0,0,0
Newport Police Department,2015-02-01,Delaware,1061,DE00208,breakdown offenses,normal return,normal return,normal return,normal return,not updated,breakdown offenses,breakdown offenses,breakdown offenses,0,0,0,0,0,0,0,0,0,0,0,0,0,4,0,0,3,0,1,0,0,0,0,2,0,0,0,0,6,0,3,3,2,5,0,0,0,0,0,0,0,0,0,0,9,0,0,3,0,6,0,0,0,0,0,0,0,0,0,9,0,3,3,0,3,0,0,0,0,0,0,0,0,0,0,0,0,0,0,0,0,0,0,0,0,0,0,0,0,0,0,0,0,0,0,0,0,0,0,0,0,0,0,0,0,0,0,0,0,0,0,0,0,0,0,0,0,0,0,0,0,0,0,0,0,0,0
Newport Police Department,2015-01-01,Delaware,1061,DE00208,breakdown offenses,normal return,normal return,normal return,normal return,not updated,breakdown offenses,breakdown offenses,breakdown offenses,0,0,0,0,0,1,1,0,0,0,0,0,0,9,0,0,0,0,9,0,0,0,0,3,0,0,0,0,13,0,0,1,3,4,0,0,0,0,0,0,0,0,0,0,2,0,0,0,0,2,0,0,0,0,0,0,0,0,0,2,0,0,0,0,0,0,0,0,0,0,0,0,0,0,0,0,0,0,0,0,0,0,0,0,0,0,0,0,0,0,0,0,0,0,0,0,0,0,0,0,0,0,0,0,0,0,0,0,0,0,0,0,0,0,0,0,0,0,0,0,0,0,0,0,0,0,0
Newport Police Department,2014-12-01,Delaware,1058,DE00208,breakdown offenses,normal return,normal return,normal return,normal return,not updated,breakdown offenses,breakdown offenses,breakdown offenses,0,0,0,0,0,0,0,0,0,0,0,0,0,3,0,0,0,0,3,2,1,1,0,3,1,0,1,0,9,0,0,0,6,6,0,0,0,0,0,0,0,0,0,0,1,0,0,0,0,1,0,0,0,0,0,0,0,0,0,1,0,0,0,0,0,0,0,0,0,0,0,0,0,0,0,0,0,0,0,0,0,0,0,0,0,0,0,0,0,0,0,0,0,0,0,0,0,0,0,0,0,0,0,0,0,0,0,0,0,0,0,0,0,0,0,0,0,0,0,0,0,0,0,0,0,0,0
Newport Police Department,2014-11-01,Delaware,1058,DE00208,breakdown offenses,normal return,normal return,normal return,normal return,not updated,breakdown offenses,breakdown offenses,breakdown offenses,0,0,0,0,0,0,0,0,0,0,0,0,0,1,0,0,0,0,1,0,0,0,0,0,0,0,0,0,1,0,0,0,0,0,0,0,0,0,0,0,0,0,0,0,1,0,0,0,0,1,0,0,0,0,0,0,0,0,0,1,0,0,0,0,0,0,0,0,0,0,0,0,0,0,0,0,0,0,0,0,0,0,0,0,0,0,0,0,0,0,0,0,0,0,0,0,0,0,0,0,0,0,0,0,0,0,0,0,0,0,0,0,0,0,0,0,0,0,0,0,0,0,0,0,0,0,0
Newport Police Department,2014-10-01,Delaware,1058,DE00208,breakdown offenses,normal return,normal return,normal return,normal return,not updated,breakdown offenses,breakdown offenses,breakdown offenses,0,0,0,0,0,0,0,0,0,0,0,0,0,2,0,0,0,0,2,0,0,0,0,0,0,0,0,0,2,0,0,0,0,0,0,0,0,0,0,0,0,0,0,0,2,0,0,0,0,2,0,0,0,0,0,0,0,0,0,2,0,0,0,0,0,0,0,0,0,0,0,0,0,0,0,0,0,0,0,0,0,0,0,0,0,0,0,0,0,0,0,0,0,0,0,0,0,0,0,0,0,0,0,0,0,0,0,0,0,0,0,0,0,0,0,0,0,0,0,0,0,0,0,0,0,0,0
Newport Police Department,2014-09-01,Delaware,1058,DE00208,breakdown offenses,normal return,normal return,normal return,normal return,not updated,breakdown offenses,breakdown offenses,breakdown offenses,0,0,0,0,0,0,0,0,0,0,0,0,0,2,0,1,0,0,1,0,0,0,0,2,1,0,0,1,5,0,1,1,3,4,0,0,0,0,0,0,0,0,0,0,2,0,1,0,0,1,0,0,0,0,0,0,0,0,0,2,0,1,1,0,1,0,0,0,0,0,0,0,0,0,0,0,0,0,0,0,0,0,0,0,0,0,0,0,0,0,0,0,0,0,0,0,0,0,0,0,0,0,0,0,0,0,0,0,0,0,0,0,0,0,0,0,0,0,0,0,0,0,0,0,0,0,0
Newport Police Department,2014-08-01,Delaware,1058,DE00208,breakdown offenses,normal return,normal return,normal return,normal return,not updated,breakdown offenses,breakdown offenses,breakdown offenses,0,0,0,0,0,0,0,0,0,0,0,0,0,2,0,0,0,0,2,0,0,0,0,6,1,0,1,0,9,0,0,0,7,7,0,0,0,0,0,0,0,0,0,0,2,0,0,0,0,2,0,0,0,0,0,0,0,0,0,2,0,0,0,0,0,0,0,0,0,0,0,0,0,0,0,0,0,0,0,0,0,0,0,0,0,0,0,0,0,0,0,0,0,0,0,0,0,0,0,0,0,0,0,0,0,0,0,0,0,0,0,0,0,0,0,0,0,0,0,0,0,0,0,0,0,0,0
Newport Police Department,2014-07-01,Delaware,1058,DE00208,breakdown offenses,normal return,normal return,normal return,normal return,not updated,breakdown offenses,breakdown offenses,breakdown offenses,0,0,0,0,0,1,1,0,0,0,0,0,0,1,0,0,0,0,1,0,0,0,0,3,0,0,0,0,5,0,0,1,3,4,0,0,0,0,0,1,1,0,0,0,2,0,0,0,0,2,0,0,0,0,0,0,0,0,0,3,0,0,1,0,1,0,0,0,0,0,0,0,0,0,0,0,0,0,0,0,0,0,0,0,0,0,0,0,0,0,0,0,0,0,0,0,0,0,0,0,0,0,0,0,0,0,0,0,0,0,0,0,0,0,0,0,0,0,0,0,0,0,0,0,0,0,0
Newport Police Department,2014-06-01,Delaware,1058,DE00208,breakdown offenses,normal return,normal return,normal return,normal return,not updated,breakdown offenses,breakdown offenses,breakdown offenses,0,0,0,0,0,0,0,0,0,0,0,0,0,8,0,0,0,1,7,0,0,0,0,0,0,0,0,0,8,0,1,1,0,1,0,0,0,0,0,0,0,0,0,0,6,0,0,0,1,5,0,0,0,0,0,0,0,0,0,6,0,1,1,0,1,0,0,0,0,0,0,0,0,0,0,0,0,0,0,0,0,0,0,0,0,0,0,0,0,0,0,0,0,0,0,0,0,0,0,0,0,0,0,0,0,0,0,0,0,0,0,0,0,0,0,0,0,0,0,0,0,0,0,0,0,0,0
Newport Police Department,2014-05-01,Delaware,1058,DE00208,breakdown offenses,normal return,normal return,normal return,normal return,not updated,breakdown offenses,breakdown offenses,breakdown offenses,0,0,0,0,0,0,0,0,1,1,0,0,0,2,0,0,0,0,2,0,0,0,0,2,0,0,0,0,5,0,0,1,2,3,0,0,0,0,0,0,0,0,0,0,1,0,0,0,0,1,0,0,0,0,1,0,0,0,0,2,0,0,0,1,1,0,0,0,0,0,0,0,0,0,0,1,0,0,0,0,1,0,0,0,0,0,0,0,0,0,1,0,0,0,0,0,0,0,0,0,0,0,0,0,0,0,0,0,0,0,0,0,0,0,0,0,0,0,0,0,0,0,0,0,0,0,0
Newport Police Department,2014-04-01,Delaware,1058,DE00208,breakdown offenses,normal return,normal return,normal return,normal return,not updated,breakdown offenses,breakdown offenses,breakdown offenses,0,0,0,0,0,0,0,0,0,0,0,0,0,1,1,0,0,0,0,0,0,0,0,4,0,0,0,0,5,0,1,1,4,5,0,0,0,0,0,0,0,0,0,0,0,0,0,0,0,0,0,0,0,0,0,0,0,0,0,0,0,0,0,0,0,0,0,0,0,0,0,0,0,0,0,0,0,0,0,0,0,0,0,0,0,0,0,0,0,0,0,0,0,0,0,0,0,0,0,0,0,0,0,0,0,0,0,0,0,0,0,0,0,0,0,0,0,0,0,0,0,0,0,0,0,0,0
Newport Police Department,2014-03-01,Delaware,1058,DE00208,breakdown offenses,normal return,normal return,normal return,normal return,not updated,breakdown offenses,breakdown offenses,breakdown offenses,0,0,0,0,0,0,0,0,0,0,0,0,0,6,0,0,0,0,6,2,0,2,0,1,2,1,0,1,11,0,0,0,5,5,0,0,0,0,0,0,0,0,0,0,3,0,0,0,0,3,0,0,0,0,0,0,0,0,0,3,0,0,0,0,0,0,0,0,0,0,0,0,0,0,0,0,0,0,0,0,0,0,0,0,0,0,0,0,0,0,0,0,0,0,0,0,0,0,0,0,0,0,0,0,0,0,0,0,0,0,0,0,0,0,0,0,0,0,0,0,0,0,0,0,0,0,0
Newport Police Department,2014-02-01,Delaware,1058,DE00208,breakdown offenses,normal return,normal return,normal return,normal return,not updated,breakdown offenses,breakdown offenses,breakdown offenses,0,0,0,0,0,0,0,0,1,0,0,1,0,0,0,0,0,0,0,1,1,0,0,1,0,0,0,0,3,0,0,1,2,3,0,0,1,1,0,0,0,0,0,0,1,0,0,0,0,1,0,0,0,0,0,0,0,0,0,2,0,0,1,0,1,0,0,0,0,0,0,0,0,0,0,1,0,0,0,0,1,0,0,0,0,0,0,0,0,0,1,0,0,0,0,0,0,0,0,0,0,0,0,0,0,0,0,0,0,0,0,0,0,0,0,0,0,0,0,0,0,0,0,0,0,0,0
Newport Police Department,2014-01-01,Delaware,1058,DE00208,breakdown offenses,normal return,normal return,normal return,normal return,not updated,breakdown offenses,breakdown offenses,breakdown offenses,0,0,0,0,0,0,0,0,0,0,0,0,0,3,0,0,0,0,3,0,0,0,0,1,0,0,0,0,4,0,0,0,1,1,0,0,0,0,0,0,0,0,0,0,1,0,0,0,0,1,1,0,1,0,0,0,0,0,0,2,0,0,0,1,1,0,0,0,0,0,0,0,0,0,0,0,0,0,0,0,0,0,0,0,0,0,0,0,0,0,0,0,0,0,0,0,0,0,0,0,0,0,0,0,0,0,0,0,0,0,0,0,0,0,0,0,0,0,0,0,0,0,0,0,0,0,0
Newport Police Department,2013-12-01,Delaware,1064,DE00208,breakdown offenses,normal return,normal return,normal return,normal return,not updated,breakdown offenses,breakdown offenses,breakdown offenses,0,0,0,0,0,0,0,0,0,0,0,0,0,1,0,0,0,0,1,2,1,1,0,5,1,1,0,0,9,0,0,0,8,8,0,0,0,0,0,0,0,0,0,0,0,0,0,0,0,0,0,0,0,0,0,0,0,0,0,0,0,0,0,0,0,0,0,0,0,0,0,0,0,0,0,0,0,0,0,0,0,0,0,0,0,0,0,0,0,0,0,0,0,0,0,0,0,0,0,0,0,0,0,0,0,0,0,0,0,0,0,0,0,0,0,0,0,0,0,0,0,0,0,0,0,0,0
Newport Police Department,2013-11-01,Delaware,1064,DE00208,breakdown offenses,normal return,normal return,normal return,normal return,not updated,breakdown offenses,breakdown offenses,breakdown offenses,0,0,0,0,0,0,0,0,0,0,0,0,0,0,0,0,0,0,0,0,0,0,0,6,0,0,0,0,6,0,0,0,6,6,0,0,0,0,0,0,0,0,0,0,1,0,0,0,0,1,0,0,0,0,0,0,0,0,0,1,0,0,0,0,0,0,0,0,0,0,0,0,0,0,0,1,0,0,0,0,1,0,0,0,0,0,0,0,0,0,1,0,0,0,0,0,0,0,0,0,0,0,0,0,0,0,0,0,0,0,0,0,0,0,0,0,0,0,0,0,0,0,0,0,0,0,0
Newport Police Department,2013-10-01,Delaware,1064,DE00208,breakdown offenses,normal return,normal return,normal return,normal return,not updated,breakdown offenses,breakdown offenses,breakdown offenses,0,0,0,0,0,0,0,0,0,0,0,0,0,5,0,1,0,0,4,1,1,0,0,8,0,0,0,0,14,0,1,1,9,10,0,0,0,0,0,0,0,0,0,0,3,0,1,0,0,2,0,0,0,0,1,0,0,0,0,4,0,1,1,1,2,0,0,0,0,0,0,0,0,0,0,0,0,0,0,0,0,0,0,0,0,0,0,0,0,0,0,0,0,0,0,0,0,0,0,0,0,0,0,0,0,0,0,0,0,0,0,0,0,0,0,0,0,0,0,0,0,0,0,0,0,0,0
Newport Police Department,2013-09-01,Delaware,1064,DE00208,breakdown offenses,normal return,normal return,normal return,normal return,not updated,breakdown offenses,breakdown offenses,breakdown offenses,0,0,0,0,0,0,0,0,0,0,0,0,0,2,0,0,0,0,2,1,1,0,0,5,0,0,0,0,8,0,0,0,6,6,0,0,0,0,0,0,0,0,0,0,2,0,0,0,0,2,2,2,0,0,0,0,0,0,0,4,0,0,0,2,2,0,0,0,0,0,0,0,0,0,0,2,0,0,0,0,2,0,0,0,0,0,0,0,0,0,2,0,0,0,0,0,0,0,0,0,0,0,0,0,0,0,0,0,0,0,0,0,0,0,0,0,0,0,0,0,0,0,0,0,0,0,0
Newport Police Department,2013-08-01,Delaware,1064,DE00208,breakdown offenses,normal return,normal return,normal return,normal return,not updated,breakdown offenses,breakdown offenses,breakdown offenses,0,0,0,0,0,0,0,0,0,0,0,0,0,6,1,0,0,0,5,1,0,1,0,0,0,0,0,0,7,0,1,1,1,2,0,0,0,0,0,0,0,0,0,0,2,0,0,0,0,2,0,0,0,0,0,0,0,0,0,2,0,0,0,0,0,0,0,0,0,0,0,0,0,0,0,0,0,0,0,0,0,0,0,0,0,0,0,0,0,0,0,0,0,0,0,0,0,0,0,0,0,0,0,0,0,0,0,0,0,0,0,0,0,0,0,0,0,0,0,0,0,0,0,0,0,0,0
Newport Police Department,2013-07-01,Delaware,1064,DE00208,breakdown offenses,normal return,normal return,normal return,normal return,not updated,breakdown offenses,breakdown offenses,breakdown offenses,0,0,0,0,0,0,0,0,0,0,0,0,0,10,1,0,0,0,9,2,2,0,0,1,0,0,0,0,13,0,1,1,3,4,0,0,0,0,0,0,0,0,0,0,9,0,0,0,0,9,0,0,0,0,0,0,0,0,0,9,0,0,0,0,0,0,0,0,0,0,0,0,0,0,0,0,0,0,0,0,0,0,0,0,0,0,0,0,0,0,0,0,0,0,0,0,0,0,0,0,0,0,0,0,0,0,0,0,0,0,0,0,0,0,0,0,0,0,0,0,0,0,0,0,0,0,0
Newport Police Department,2013-06-01,Delaware,1064,DE00208,breakdown offenses,normal return,normal return,normal return,normal return,not updated,breakdown offenses,breakdown offenses,breakdown offenses,0,0,0,0,0,0,0,0,1,0,0,0,1,1,0,0,1,0,0,3,1,2,0,0,1,0,0,1,6,0,1,2,4,6,0,0,0,0,0,1,0,0,0,1,3,0,0,1,0,2,0,0,0,0,0,0,0,0,0,4,0,1,2,0,2,0,0,0,0,0,1,0,0,0,1,0,0,0,0,0,0,0,0,0,0,0,0,0,0,0,1,0,0,1,0,1,0,0,0,0,0,0,0,0,0,0,0,0,0,0,0,0,0,0,0,0,0,0,0,0,0,0,0,0,0,0,0
Newport Police Department,2013-05-01,Delaware,1064,DE00208,breakdown offenses,normal return,normal return,normal return,normal return,not updated,breakdown offenses,breakdown offenses,breakdown offenses,0,0,0,0,0,0,0,0,0,0,0,0,0,0,0,0,0,0,0,5,4,1,0,4,0,0,0,0,9,0,0,0,9,9,0,0,0,0,0,0,0,0,0,0,0,0,0,0,0,0,0,0,0,0,0,0,0,0,0,0,0,0,0,0,0,0,0,0,0,0,0,0,0,0,0,0,0,0,0,0,0,0,0,0,0,0,0,0,0,0,0,0,0,0,0,0,0,0,0,0,0,0,0,0,0,0,0,0,0,0,0,0,0,0,0,0,0,0,0,0,0,0,0,0,0,0,0
Newport Police Department,2013-04-01,Delaware,1064,DE00208,breakdown offenses,normal return,normal return,normal return,normal return,not updated,breakdown offenses,breakdown offenses,breakdown offenses,0,0,0,0,0,0,0,0,0,0,0,0,0,4,0,1,0,0,3,0,0,0,0,10,0,0,0,0,14,0,1,1,10,11,0,0,0,0,0,0,0,0,0,0,3,0,1,0,0,2,0,0,0,0,1,0,0,0,0,4,0,1,1,1,2,0,0,0,0,0,0,0,0,0,0,1,0,0,0,0,1,0,0,0,0,0,0,0,0,0,1,0,0,0,0,0,0,0,0,0,0,0,0,0,0,0,0,0,0,0,0,0,0,0,0,0,0,0,0,0,0,0,0,0,0,0,0
Newport Police Department,2013-03-01,Delaware,1064,DE00208,breakdown offenses,normal return,normal return,normal return,normal return,not updated,breakdown offenses,breakdown offenses,breakdown offenses,0,0,0,0,0,0,0,0,0,0,0,0,0,3,0,0,0,0,3,0,0,0,0,6,1,0,0,1,10,0,0,0,7,7,0,0,0,0,0,0,0,0,0,0,1,0,0,0,0,1,0,0,0,0,1,0,0,0,0,2,0,0,0,1,1,0,0,0,0,0,0,0,0,0,0,0,0,0,0,0,0,0,0,0,0,0,0,0,0,0,0,0,0,0,0,0,0,0,0,0,0,0,0,0,0,0,0,0,0,0,0,0,0,0,0,0,0,0,0,0,0,0,0,0,0,0,0
Newport Police Department,2013-02-01,Delaware,1064,DE00208,breakdown offenses,normal return,normal return,normal return,normal return,not updated,breakdown offenses,breakdown offenses,breakdown offenses,0,0,0,0,0,1,1,0,1,1,0,0,0,0,0,0,0,0,0,0,0,0,0,1,0,0,0,0,3,0,0,2,1,3,0,0,0,0,0,1,0,0,0,1,0,0,0,0,0,0,0,0,0,0,0,0,0,0,0,1,0,0,1,0,1,0,0,0,0,0,0,0,0,0,0,0,0,0,0,0,0,0,0,0,0,0,0,0,0,0,0,0,0,0,0,0,0,0,0,0,0,0,0,0,0,0,0,0,0,0,0,0,0,0,0,0,0,0,0,0,0,0,0,0,0,0,0
Newport Police Department,2013-01-01,Delaware,1064,DE00208,breakdown offenses,normal return,normal return,normal return,normal return,not updated,breakdown offenses,breakdown offenses,breakdown offenses,0,0,0,0,0,0,0,0,2,0,0,0,2,1,0,0,0,0,1,0,0,0,0,1,0,0,0,0,4,0,0,2,1,3,0,0,0,0,0,0,0,0,0,0,1,0,0,0,0,1,0,0,0,0,1,0,0,0,0,2,0,0,0,1,1,0,0,0,0,0,0,0,0,0,0,0,0,0,0,0,0,0,0,0,0,0,0,0,0,0,0,0,0,0,0,0,0,0,0,0,0,0,0,0,0,0,0,0,0,0,0,0,0,0,0,0,0,0,0,0,0,0,0,0,0,0,0
Newport Police Department,2012-12-01,Delaware,1074,DE00208,breakdown offenses,normal return,normal return,normal return,normal return,not updated,breakdown offenses,breakdown offenses,breakdown offenses,0,0,0,0,0,0,0,0,0,0,0,0,0,0,0,0,0,0,0,0,0,0,0,2,1,1,0,0,3,0,0,0,3,3,0,0,0,0,0,0,0,0,0,0,1,0,0,1,0,0,0,0,0,0,0,0,0,0,0,1,0,1,1,0,1,0,0,0,0,0,0,0,0,0,0,0,0,0,0,0,0,0,0,0,0,0,0,0,0,0,0,0,0,0,0,0,0,0,0,0,0,0,0,0,0,0,0,0,0,0,0,0,0,0,0,0,0,0,0,0,0,0,0,0,0,0,0
Newport Police Department,2012-11-01,Delaware,1074,DE00208,breakdown offenses,normal return,normal return,normal return,normal return,not updated,breakdown offenses,breakdown offenses,breakdown offenses,0,0,0,0,0,0,0,0,0,0,0,0,0,9,1,0,1,0,7,0,0,0,0,1,0,0,0,0,10,0,2,2,1,3,0,0,0,0,0,0,0,0,0,0,3,0,0,0,0,3,0,0,0,0,0,0,0,0,0,3,0,0,0,0,0,0,0,0,0,0,0,0,0,0,0,0,0,0,0,0,0,0,0,0,0,0,0,0,0,0,0,0,0,0,0,0,0,0,0,0,0,0,0,0,0,0,0,0,0,0,0,0,0,0,0,0,0,0,0,0,0,0,0,0,0,0,0
Newport Police Department,2012-10-01,Delaware,1074,DE00208,breakdown offenses,normal return,normal return,normal return,normal return,not updated,breakdown offenses,breakdown offenses,breakdown offenses,0,0,0,0,0,0,0,0,0,0,0,0,0,0,0,0,0,0,0,0,0,0,0,3,0,0,0,0,3,0,0,0,3,3,0,0,0,0,0,0,0,0,0,0,0,0,0,0,0,0,0,0,0,0,0,0,0,0,0,0,0,0,0,0,0,0,0,0,0,0,0,0,0,0,0,0,0,0,0,0,0,0,0,0,0,0,0,0,0,0,0,0,0,0,0,0,0,0,0,0,0,0,0,0,0,0,0,0,0,0,0,0,0,0,0,0,0,0,0,0,0,0,0,0,0,0,0
Newport Police Department,2012-09-01,Delaware,1074,DE00208,breakdown offenses,normal return,normal return,normal return,normal return,not updated,breakdown offenses,breakdown offenses,breakdown offenses,0,0,0,0,0,0,0,0,0,0,0,0,0,0,0,0,0,0,0,1,1,0,0,6,0,0,0,0,7,0,0,0,7,7,0,0,0,0,0,0,0,0,0,0,0,0,0,0,0,0,0,0,0,0,0,0,0,0,0,0,0,0,0,0,0,0,0,0,0,0,0,0,0,0,0,0,0,0,0,0,0,0,0,0,0,0,0,0,0,0,0,0,0,0,0,0,0,0,0,0,0,0,0,0,0,0,0,0,0,0,0,0,0,0,0,0,0,0,0,0,0,0,0,0,0,0,0
Newport Police Department,2012-08-01,Delaware,1074,DE00208,breakdown offenses,normal return,normal return,normal return,normal return,not updated,breakdown offenses,breakdown offenses,breakdown offenses,0,0,0,0,0,0,0,0,0,0,0,0,0,0,0,0,0,0,0,0,0,0,0,2,0,0,0,0,2,0,0,0,2,2,0,0,0,0,0,0,0,0,0,0,1,0,0,0,0,1,0,0,0,0,1,0,0,0,0,2,0,0,0,1,1,0,0,0,0,0,0,0,0,0,0,0,0,0,0,0,0,0,0,0,0,0,0,0,0,0,0,0,0,0,0,0,0,0,0,0,0,0,0,0,0,0,0,0,0,0,0,0,0,0,0,0,0,0,0,0,0,0,0,0,0,0,0
Newport Police Department,2012-07-01,Delaware,1074,DE00208,breakdown offenses,normal return,normal return,normal return,normal return,not updated,breakdown offenses,breakdown offenses,breakdown offenses,0,0,0,0,0,0,0,0,1,0,0,0,1,2,0,1,0,0,1,4,4,0,0,7,0,0,0,0,14,0,1,2,11,13,0,0,0,0,0,0,0,0,0,0,1,0,1,0,0,0,0,0,0,0,0,0,0,0,0,1,0,1,1,0,1,0,0,0,0,0,0,0,0,0,0,0,0,0,0,0,0,0,0,0,0,0,0,0,0,0,0,0,0,0,0,0,0,0,0,0,0,0,0,0,0,0,0,0,0,0,0,0,0,0,0,0,0,0,0,0,0,0,0,0,0,0,0
Newport Police Department,2012-06-01,Delaware,1074,DE00208,breakdown offenses,normal return,normal return,normal return,normal return,not updated,breakdown offenses,breakdown offenses,breakdown offenses,0,0,0,0,0,0,0,0,0,0,0,0,0,2,0,0,0,0,2,4,1,3,0,4,0,0,0,0,10,0,0,0,8,8,0,0,0,0,0,0,0,0,0,0,2,0,0,0,0,2,0,0,0,0,1,0,0,0,0,3,0,0,0,1,1,0,0,0,0,0,0,0,0,0,0,0,0,0,0,0,0,0,0,0,0,0,0,0,0,0,0,0,0,0,0,0,0,0,0,0,0,0,0,0,0,0,0,0,0,0,0,0,0,0,0,0,0,0,0,0,0,0,0,0,0,0,0
Newport Police Department,2012-05-01,Delaware,1074,DE00208,breakdown offenses,normal return,normal return,normal return,normal return,not updated,breakdown offenses,breakdown offenses,breakdown offenses,0,0,0,0,0,0,0,0,0,0,0,0,0,3,0,0,0,0,3,0,0,0,0,3,2,2,0,0,8,0,0,0,5,5,0,0,0,0,0,0,0,0,0,0,0,0,0,0,0,0,0,0,0,0,0,0,0,0,0,0,0,0,0,0,0,0,0,0,0,0,0,0,0,0,0,0,0,0,0,0,0,0,0,0,0,0,0,0,0,0,0,0,0,0,0,0,0,0,0,0,0,0,0,0,0,0,0,0,0,0,0,0,0,0,0,0,0,0,0,0,0,0,0,0,0,0,0
Newport Police Department,2012-04-01,Delaware,1074,DE00208,breakdown offenses,normal return,normal return,normal return,normal return,not updated,breakdown offenses,breakdown offenses,breakdown offenses,0,0,0,0,0,0,0,0,0,0,0,0,0,3,0,0,0,0,3,0,0,0,0,5,0,0,0,0,8,0,0,0,5,5,0,0,0,0,0,1,1,0,0,0,3,0,0,0,0,3,0,0,0,0,0,0,0,0,0,4,0,0,1,0,1,0,0,0,0,0,0,0,0,0,0,0,0,0,0,0,0,0,0,0,0,0,0,0,0,0,0,0,0,0,0,0,0,0,0,0,0,0,0,0,0,0,0,0,0,0,0,0,0,0,0,0,0,0,0,0,0,0,0,0,0,0,0
Newport Police Department,2012-03-01,Delaware,1074,DE00208,breakdown offenses,normal return,normal return,normal return,normal return,not updated,breakdown offenses,breakdown offenses,breakdown offenses,0,0,0,0,0,0,0,0,2,1,0,1,0,1,0,0,0,1,0,0,0,0,0,1,0,0,0,0,4,0,1,3,1,4,0,0,0,0,0,1,0,0,1,0,1,0,0,0,1,0,0,0,0,0,0,0,0,0,0,2,0,1,2,0,2,0,0,0,0,0,0,0,0,0,0,0,0,0,0,0,0,0,0,0,0,0,0,0,0,0,0,0,0,0,0,0,0,0,0,0,0,0,0,0,0,0,0,0,0,0,0,0,0,0,0,0,0,0,0,0,0,0,0,0,0,0,0
Newport Police Department,2012-02-01,Delaware,1074,DE00208,breakdown offenses,normal return,normal return,normal return,normal return,not updated,breakdown offenses,breakdown offenses,breakdown offenses,0,0,0,0,0,0,0,0,0,0,0,0,0,1,0,0,0,0,1,5,3,2,0,4,2,2,0,0,12,0,0,0,11,11,0,0,0,0,0,0,0,0,0,0,1,0,0,0,0,1,0,0,0,0,0,0,0,0,0,1,0,0,0,0,0,0,0,0,0,0,0,0,0,0,0,0,0,0,0,0,0,0,0,0,0,0,0,0,0,0,0,0,0,0,0,0,0,0,0,0,0,0,0,0,0,0,0,0,0,0,0,0,0,0,0,0,0,0,0,0,0,0,0,0,0,0,0
Newport Police Department,2012-01-01,Delaware,1074,DE00208,breakdown offenses,normal return,normal return,normal return,normal return,not updated,breakdown offenses,breakdown offenses,breakdown offenses,0,0,0,0,0,0,0,0,0,0,0,0,0,2,0,0,1,0,1,1,1,0,0,1,1,1,0,0,5,0,1,1,3,4,0,0,0,0,0,0,0,0,0,0,1,0,0,1,0,0,0,0,0,0,0,0,0,0,0,1,0,1,1,0,1,0,0,0,0,0,0,0,0,0,0,0,0,0,0,0,0,0,0,0,0,0,0,0,0,0,0,0,0,0,0,0,0,0,0,0,0,0,0,0,0,0,0,0,0,0,0,0,0,0,0,0,0,0,0,0,0,0,0,0,0,0,0
Newport Police Department,2011-12-01,Delaware,1066,DE00208,breakdown offenses,normal return,normal return,normal return,normal return,not updated,breakdown offenses,breakdown offenses,breakdown offenses,0,0,0,0,0,0,0,0,0,0,0,0,0,0,0,0,0,0,0,1,0,1,0,2,0,0,0,0,3,0,0,0,3,3,0,0,0,0,0,0,0,0,0,0,0,0,0,0,0,0,0,0,0,0,0,0,0,0,0,0,0,0,0,0,0,0,0,0,0,0,0,0,0,0,0,0,0,0,0,0,0,0,0,0,0,0,0,0,0,0,0,0,0,0,0,0,0,0,0,0,0,0,0,0,0,0,0,0,0,0,0,0,0,0,0,0,0,0,0,0,0,0,0,0,0,0,0
Newport Police Department,2011-11-01,Delaware,1066,DE00208,breakdown offenses,normal return,normal return,normal return,normal return,not updated,breakdown offenses,breakdown offenses,breakdown offenses,0,0,0,0,0,0,0,0,0,0,0,0,0,3,0,0,0,0,3,2,0,2,0,3,2,2,0,0,10,0,0,0,7,7,0,0,0,0,0,0,0,0,0,0,2,0,0,0,0,2,0,0,0,0,0,0,0,0,0,2,0,0,0,0,0,0,0,0,0,0,0,0,0,0,0,0,0,0,0,0,0,0,0,0,0,0,0,0,0,0,0,0,0,0,0,0,0,0,0,0,0,0,0,0,0,0,0,0,0,0,0,0,0,0,0,0,0,0,0,0,0,0,0,0,0,0,0
Newport Police Department,2011-10-01,Delaware,1066,DE00208,breakdown offenses,normal return,normal return,normal return,normal return,not updated,breakdown offenses,breakdown offenses,breakdown offenses,0,0,0,0,0,0,0,0,1,1,0,0,0,1,1,0,0,0,0,2,1,1,0,5,0,0,0,0,9,0,1,2,7,9,0,0,0,0,0,0,0,0,0,0,1,1,0,0,0,0,0,0,0,0,1,0,0,0,0,2,0,1,1,1,2,0,0,0,0,0,0,0,0,0,0,0,0,0,0,0,0,0,0,0,0,0,0,0,0,0,0,0,0,0,0,0,0,0,0,0,0,0,0,0,0,0,0,0,0,0,0,0,0,0,0,0,0,0,0,0,0,0,0,0,0,0,0
Newport Police Department,2011-09-01,Delaware,1066,DE00208,breakdown offenses,normal return,normal return,normal return,normal return,not updated,breakdown offenses,breakdown offenses,breakdown offenses,0,0,0,0,0,0,0,0,0,0,0,0,0,1,0,0,0,0,1,1,1,0,0,2,2,2,0,0,6,0,0,0,5,5,0,0,0,0,0,0,0,0,0,0,1,0,0,0,0,1,0,0,0,0,0,0,0,0,0,1,0,0,0,0,0,0,0,0,0,0,0,0,0,0,0,0,0,0,0,0,0,0,0,0,0,0,0,0,0,0,0,0,0,0,0,0,0,0,0,0,0,0,0,0,0,0,0,0,0,0,0,0,0,0,0,0,0,0,0,0,0,0,0,0,0,0,0
Newport Police Department,2011-08-01,Delaware,1066,DE00208,breakdown offenses,normal return,normal return,normal return,normal return,not updated,breakdown offenses,breakdown offenses,breakdown offenses,0,0,0,0,0,0,0,0,0,0,0,0,0,2,0,0,0,0,2,3,2,1,0,1,1,0,1,0,7,0,0,0,5,5,0,0,0,0,0,0,0,0,0,0,2,0,0,0,0,2,0,0,0,0,0,0,0,0,0,2,0,0,0,0,0,0,0,0,0,0,0,0,0,0,0,0,0,0,0,0,0,0,0,0,0,0,0,0,0,0,0,0,0,0,0,0,0,0,0,0,0,0,0,0,0,0,0,0,0,0,0,0,0,0,0,0,0,0,0,0,0,0,0,0,0,0,0
Newport Police Department,2011-07-01,Delaware,1066,DE00208,breakdown offenses,normal return,normal return,normal return,normal return,not updated,breakdown offenses,breakdown offenses,breakdown offenses,0,0,0,0,0,0,0,0,1,1,0,0,0,3,0,0,0,0,3,1,1,0,0,1,0,0,0,0,6,0,0,1,2,3,0,0,0,0,0,0,0,0,0,0,1,0,0,0,0,1,0,0,0,0,1,0,0,0,0,2,0,0,0,1,1,0,0,0,0,0,0,0,0,0,0,0,0,0,0,0,0,0,0,0,0,0,0,0,0,0,0,0,0,0,0,0,0,0,0,0,0,0,0,0,0,0,0,0,0,0,0,0,0,0,0,0,0,0,0,0,0,0,0,0,0,0,0
Newport Police Department,2011-06-01,Delaware,1066,DE00208,breakdown offenses,normal return,normal return,normal return,normal return,not updated,breakdown offenses,breakdown offenses,breakdown offenses,0,0,0,0,0,0,0,0,0,0,0,0,0,1,0,0,1,0,0,2,1,1,0,1,1,1,0,0,5,0,1,1,4,5,0,0,0,0,0,0,0,0,0,0,0,0,0,0,0,0,0,0,0,0,0,0,0,0,0,0,0,0,0,0,0,0,0,0,0,0,0,0,0,0,0,0,0,0,0,0,0,0,0,0,0,0,0,0,0,0,0,0,0,0,0,0,0,0,0,0,0,0,0,0,0,0,0,0,0,0,0,0,0,0,0,0,0,0,0,0,0,0,0,0,0,0,0
Newport Police Department,2011-05-01,Delaware,1066,DE00208,breakdown offenses,normal return,normal return,normal return,normal return,not updated,breakdown offenses,breakdown offenses,breakdown offenses,0,0,0,0,0,0,0,0,0,0,0,0,0,0,0,0,0,0,0,2,2,0,0,1,0,0,0,0,3,0,0,0,3,3,0,0,0,0,0,0,0,0,0,0,0,0,0,0,0,0,0,0,0,0,0,0,0,0,0,0,0,0,0,0,0,0,0,0,0,0,0,0,0,0,0,0,0,0,0,0,0,0,0,0,0,0,0,0,0,0,0,0,0,0,0,0,0,0,0,0,0,0,0,0,0,0,0,0,0,0,0,0,0,0,0,0,0,0,0,0,0,0,0,0,0,0,0
Newport Police Department,2011-04-01,Delaware,1066,DE00208,breakdown offenses,normal return,normal return,normal return,normal return,not updated,breakdown offenses,breakdown offenses,breakdown offenses,0,0,0,0,0,0,0,0,0,0,0,0,0,1,0,0,0,0,1,1,0,1,0,2,0,0,0,0,4,0,0,0,3,3,0,0,0,0,0,0,0,0,0,0,1,0,0,0,0,1,0,0,0,0,0,0,0,0,0,1,0,0,0,0,0,0,0,0,0,0,0,0,0,0,0,0,0,0,0,0,0,0,0,0,0,0,0,0,0,0,0,0,0,0,0,0,0,0,0,0,0,0,0,0,0,0,0,0,0,0,0,0,0,0,0,0,0,0,0,0,0,0,0,0,0,0,0
Newport Police Department,2011-03-01,Delaware,1066,DE00208,breakdown offenses,normal return,normal return,normal return,normal return,not updated,breakdown offenses,breakdown offenses,breakdown offenses,0,0,0,0,0,0,0,0,0,0,0,0,0,1,0,0,0,0,1,2,0,2,0,2,0,0,0,0,5,0,0,0,4,4,0,0,0,0,0,0,0,0,0,0,1,0,0,0,0,1,0,0,0,0,0,0,0,0,0,1,0,0,0,0,0,0,0,0,0,0,0,0,0,0,0,0,0,0,0,0,0,0,0,0,0,0,0,0,0,0,0,0,0,0,0,0,0,0,0,0,0,0,0,0,0,0,0,0,0,0,0,0,0,0,0,0,0,0,0,0,0,0,0,0,0,0,0
Newport Police Department,2011-02-01,Delaware,1066,DE00208,breakdown offenses,normal return,normal return,normal return,normal return,not updated,breakdown offenses,breakdown offenses,breakdown offenses,0,0,0,0,0,0,0,0,0,0,0,0,0,1,0,0,0,0,1,0,0,0,0,0,0,0,0,0,1,0,0,0,0,0,0,0,0,0,0,0,0,0,0,0,1,0,0,0,0,1,0,0,0,0,0,0,0,0,0,1,0,0,0,0,0,0,0,0,0,0,0,0,0,0,0,0,0,0,0,0,0,0,0,0,0,0,0,0,0,0,0,0,0,0,0,0,0,0,0,0,0,0,0,0,0,0,0,0,0,0,0,0,0,0,0,0,0,0,0,0,0,0,0,0,0,0,0
Newport Police Department,2011-01-01,Delaware,1066,DE00208,breakdown offenses,normal return,normal return,normal return,normal return,not updated,breakdown offenses,breakdown offenses,breakdown offenses,0,0,0,0,0,0,0,0,0,0,0,0,0,5,0,0,0,0,5,0,0,0,0,1,0,0,0,0,6,0,0,0,1,1,0,0,0,0,0,0,0,0,0,0,4,0,0,0,0,4,0,0,0,0,0,0,0,0,0,4,0,0,0,0,0,0,0,0,0,0,0,0,0,0,0,0,0,0,0,0,0,0,0,0,0,0,0,0,0,0,0,0,0,0,0,0,0,0,0,0,0,0,0,0,0,0,0,0,0,0,0,0,0,0,0,0,0,0,0,0,0,0,0,0,0,0,0
Newport Police Department,2010-12-01,Delaware,1055,DE00208,breakdown offenses,normal return,normal return,normal return,normal return,not updated,breakdown offenses,breakdown offenses,breakdown offenses,0,0,0,0,0,0,0,0,0,0,0,0,0,1,0,0,0,0,1,0,0,0,0,2,1,1,0,0,4,0,0,0,3,3,0,0,0,0,0,0,0,0,0,0,0,0,0,0,0,0,0,0,0,0,0,0,0,0,0,0,0,0,0,0,0,0,0,0,0,0,0,0,0,0,0,0,0,0,0,0,0,0,0,0,0,0,0,0,0,0,0,0,0,0,0,0,0,0,0,0,0,0,0,0,0,0,0,0,0,0,0,0,0,0,0,0,0,0,0,0,0,0,0,0,0,0,0
Newport Police Department,2010-11-01,Delaware,1055,DE00208,breakdown offenses,normal return,normal return,normal return,normal return,not updated,breakdown offenses,breakdown offenses,breakdown offenses,0,0,0,0,0,0,0,0,0,0,0,0,0,0,0,0,0,0,0,0,0,0,0,3,0,0,0,0,3,0,0,0,3,3,0,0,0,0,0,0,0,0,0,0,0,0,0,0,0,0,0,0,0,0,0,0,0,0,0,0,0,0,0,0,0,0,0,0,0,0,0,0,0,0,0,0,0,0,0,0,0,0,0,0,0,0,0,0,0,0,0,0,0,0,0,0,0,0,0,0,0,0,0,0,0,0,0,0,0,0,0,0,0,0,0,0,0,0,0,0,0,0,0,0,0,0,0
Newport Police Department,2010-10-01,Delaware,1055,DE00208,breakdown offenses,normal return,normal return,normal return,normal return,not updated,breakdown offenses,breakdown offenses,breakdown offenses,0,0,0,0,0,0,0,0,0,0,0,0,0,5,0,0,1,0,4,5,3,1,1,4,0,0,0,0,14,0,1,1,9,10,0,0,0,0,0,0,0,0,0,0,5,0,0,1,0,4,0,0,0,0,0,0,0,0,0,5,0,1,1,0,1,0,0,0,0,0,0,0,0,0,0,2,0,0,1,0,1,0,0,0,0,0,0,0,0,0,2,0,1,1,0,1,0,0,0,0,0,0,0,0,0,0,0,0,0,0,0,0,0,0,0,0,0,0,0,0,0,0,0,0,0,0,0
Newport Police Department,2010-09-01,Delaware,1055,DE00208,breakdown offenses,normal return,normal return,normal return,normal return,not updated,breakdown offenses,breakdown offenses,breakdown offenses,0,0,0,0,0,0,0,0,0,0,0,0,0,6,0,0,2,0,4,1,1,0,0,2,0,0,0,0,9,0,2,2,3,5,0,0,0,0,0,0,0,0,0,0,4,0,0,2,0,2,0,0,0,0,1,0,0,0,0,5,0,2,2,1,3,0,0,0,0,0,0,0,0,0,0,3,0,0,1,0,2,0,0,0,0,0,0,0,0,0,3,0,1,1,0,1,0,0,0,0,0,0,0,0,0,0,0,0,0,0,0,0,0,0,0,0,0,0,0,0,0,0,0,0,0,0,0
Newport Police Department,2010-08-01,Delaware,1055,DE00208,breakdown offenses,normal return,normal return,normal return,normal return,not updated,breakdown offenses,breakdown offenses,breakdown offenses,0,0,0,0,0,0,0,0,0,0,0,0,0,0,0,0,0,0,0,0,0,0,0,1,1,0,1,0,2,0,0,0,2,2,0,0,0,0,0,0,0,0,0,0,0,0,0,0,0,0,1,1,0,0,0,0,0,0,0,1,0,0,0,1,1,0,0,0,0,0,0,0,0,0,0,0,0,0,0,0,0,1,1,0,0,0,0,0,0,0,1,0,0,0,1,1,0,0,0,0,0,0,0,0,0,0,0,0,0,0,0,0,0,0,0,0,0,0,0,0,0,0,0,0,0,0,0
Newport Police Department,2010-07-01,Delaware,1055,DE00208,breakdown offenses,normal return,normal return,normal return,normal return,not updated,breakdown offenses,breakdown offenses,breakdown offenses,0,0,0,0,0,0,0,0,0,0,0,0,0,0,0,0,0,0,0,4,3,1,0,6,0,0,0,0,10,0,0,0,10,10,0,0,0,0,0,0,0,0,0,0,0,0,0,0,0,0,1,1,0,0,1,0,0,0,0,2,0,0,0,2,2,0,0,0,0,0,0,0,0,0,0,0,0,0,0,0,0,0,0,0,0,0,0,0,0,0,0,0,0,0,0,0,0,0,0,0,0,0,0,0,0,0,0,0,0,0,0,0,0,0,0,0,0,0,0,0,0,0,0,0,0,0,0
Newport Police Department,2010-06-01,Delaware,1055,DE00208,breakdown offenses,normal return,normal return,normal return,normal return,not updated,breakdown offenses,breakdown offenses,breakdown offenses,0,0,0,0,0,0,0,0,0,0,0,0,0,3,0,0,0,0,3,2,2,0,0,2,0,0,0,0,7,0,0,0,4,4,0,0,0,0,0,0,0,0,0,0,1,0,0,0,0,1,0,0,0,0,1,0,0,0,0,2,0,0,0,1,1,0,0,0,0,0,0,0,0,0,0,0,0,0,0,0,0,0,0,0,0,0,0,0,0,0,0,0,0,0,0,0,0,0,0,0,0,0,0,0,0,0,0,0,0,0,0,0,0,0,0,0,0,0,0,0,0,0,0,0,0,0,0
Newport Police Department,2010-05-01,Delaware,1055,DE00208,breakdown offenses,normal return,normal return,normal return,normal return,not updated,breakdown offenses,breakdown offenses,breakdown offenses,0,0,0,0,0,0,0,0,0,0,0,0,0,3,0,0,0,0,3,0,0,0,0,2,1,1,0,0,6,0,0,0,3,3,0,0,0,0,0,0,0,0,0,0,2,0,0,0,0,2,0,0,0,0,0,0,0,0,0,2,0,0,0,0,0,0,0,0,0,0,0,0,0,0,0,0,0,0,0,0,0,0,0,0,0,0,0,0,0,0,0,0,0,0,0,0,0,0,0,0,0,0,0,0,0,0,0,0,0,0,0,0,0,0,0,0,0,0,0,0,0,0,0,0,0,0,0
Newport Police Department,2010-04-01,Delaware,1055,DE00208,breakdown offenses,normal return,normal return,normal return,normal return,not updated,breakdown offenses,breakdown offenses,breakdown offenses,0,0,0,0,0,0,0,0,0,0,0,0,0,1,0,0,0,0,1,0,0,0,0,2,0,0,0,0,3,0,0,0,2,2,0,0,0,0,0,0,0,0,0,0,0,0,0,0,0,0,0,0,0,0,0,0,0,0,0,0,0,0,0,0,0,0,0,0,0,0,0,0,0,0,0,0,0,0,0,0,0,0,0,0,0,0,0,0,0,0,0,0,0,0,0,0,0,0,0,0,0,0,0,0,0,0,0,0,0,0,0,0,0,0,0,0,0,0,0,0,0,0,0,0,0,0,0
Newport Police Department,2010-03-01,Delaware,1055,DE00208,breakdown offenses,normal return,normal return,normal return,normal return,not updated,breakdown offenses,breakdown offenses,breakdown offenses,0,0,0,0,0,0,0,0,0,0,0,0,0,1,0,0,0,0,1,1,0,1,0,5,0,0,0,0,7,0,0,0,6,6,0,0,0,0,0,0,0,0,0,0,0,0,0,0,0,0,2,0,2,0,1,0,0,0,0,3,0,0,0,3,3,0,0,0,0,0,0,0,0,0,0,0,0,0,0,0,0,0,0,0,0,0,0,0,0,0,0,0,0,0,0,0,0,0,0,0,0,0,0,0,0,0,0,0,0,0,0,0,0,0,0,0,0,0,0,0,0,0,0,0,0,0,0
Newport Police Department,2010-02-01,Delaware,1055,DE00208,breakdown offenses,normal return,normal return,normal return,normal return,not updated,breakdown offenses,breakdown offenses,breakdown offenses,0,0,0,0,0,0,0,0,0,0,0,0,0,0,0,0,0,0,0,0,0,0,0,1,0,0,0,0,1,0,0,0,1,1,0,0,0,0,0,0,0,0,0,0,0,0,0,0,0,0,0,0,0,0,1,0,0,0,0,1,0,0,0,1,1,0,0,0,0,0,0,0,0,0,0,0,0,0,0,0,0,0,0,0,0,0,0,0,0,0,0,0,0,0,0,0,0,0,0,0,0,0,0,0,0,0,0,0,0,0,0,0,0,0,0,0,0,0,0,0,0,0,0,0,0,0,0
Newport Police Department,2010-01-01,Delaware,1055,DE00208,breakdown offenses,normal return,normal return,normal return,normal return,not updated,breakdown offenses,breakdown offenses,breakdown offenses,0,0,0,0,0,0,0,0,0,0,0,0,0,3,0,0,2,0,1,1,0,0,1,3,0,0,0,0,7,0,2,2,4,6,0,0,0,0,0,0,0,0,0,0,5,0,3,2,0,0,0,0,0,0,0,0,0,0,0,5,0,5,5,0,5,0,0,0,0,0,0,0,0,0,0,0,0,0,0,0,0,0,0,0,0,0,0,0,0,0,0,0,0,0,0,0,0,0,0,0,0,0,0,0,0,0,0,0,0,0,0,0,0,0,0,0,0,0,0,0,0,0,0,0,0,0,0
Newport Police Department,2009-12-01,Delaware,1104,DE00208,breakdown offenses,normal return,normal return,normal return,normal return,not updated,breakdown offenses,breakdown offenses,breakdown offenses,0,0,0,0,0,0,0,0,1,0,0,0,1,1,0,0,0,0,1,3,2,1,0,3,0,0,0,0,8,0,0,1,6,7,0,0,0,0,0,0,0,0,0,0,0,0,0,0,0,0,1,1,0,0,1,0,0,0,0,2,0,0,0,2,2,0,0,0,0,0,0,0,0,0,0,0,0,0,0,0,0,0,0,0,0,0,0,0,0,0,0,0,0,0,0,0,0,0,0,0,0,0,0,0,0,0,0,0,0,0,0,0,0,0,0,0,0,0,0,0,0,0,0,0,0,0,0
Newport Police Department,2009-11-01,Delaware,1104,DE00208,breakdown offenses,normal return,normal return,normal return,normal return,not updated,breakdown offenses,breakdown offenses,breakdown offenses,0,0,0,0,0,0,0,0,0,0,0,0,0,12,0,4,0,0,8,6,2,4,0,0,0,0,0,0,18,0,4,4,6,10,0,0,0,0,0,0,0,0,0,0,7,0,1,0,0,6,0,0,0,0,1,0,0,0,0,8,0,1,1,1,2,0,0,0,0,0,0,0,0,0,0,0,0,0,0,0,0,0,0,0,0,0,0,0,0,0,0,0,0,0,0,0,0,0,0,0,0,0,0,0,0,0,0,0,0,0,0,0,0,0,0,0,0,0,0,0,0,0,0,0,0,0,0
Newport Police Department,2009-10-01,Delaware,1104,DE00208,breakdown offenses,normal return,normal return,normal return,normal return,not updated,breakdown offenses,breakdown offenses,breakdown offenses,0,0,0,0,0,0,0,0,0,0,0,0,0,5,0,1,0,0,4,1,0,1,0,1,1,1,0,0,8,0,1,1,3,4,0,0,0,0,0,0,0,0,0,0,3,0,1,1,0,1,0,0,0,0,1,0,0,0,0,4,0,2,2,1,3,0,0,0,0,0,0,0,0,0,0,0,0,0,0,0,0,0,0,0,0,0,0,0,0,0,0,0,0,0,0,0,0,0,0,0,0,0,0,0,0,0,0,0,0,0,0,0,0,0,0,0,0,0,0,0,0,0,0,0,0,0,0
Newport Police Department,2009-09-01,Delaware,1104,DE00208,breakdown offenses,normal return,normal return,normal return,normal return,not updated,breakdown offenses,breakdown offenses,breakdown offenses,0,0,0,0,0,0,0,0,0,0,0,0,0,7,2,0,1,0,4,6,5,1,0,2,0,0,0,0,15,0,3,3,8,11,0,0,0,0,0,0,0,0,0,0,6,2,0,0,0,4,0,0,0,0,2,0,0,0,0,8,0,2,2,2,4,0,0,0,0,0,0,0,0,0,0,0,0,0,0,0,0,0,0,0,0,0,0,0,0,0,0,0,0,0,0,0,0,0,0,0,0,0,0,0,0,0,0,0,0,0,0,0,0,0,0,0,0,0,0,0,0,0,0,0,0,0,0
Newport Police Department,2009-08-01,Delaware,1104,DE00208,breakdown offenses,normal return,normal return,normal return,normal return,not updated,breakdown offenses,breakdown offenses,breakdown offenses,0,0,0,0,0,1,1,0,0,0,0,0,0,8,0,2,1,0,5,2,2,0,0,2,1,0,0,1,14,0,3,4,5,9,0,0,0,0,0,0,0,0,0,0,3,0,2,0,0,1,0,0,0,0,0,0,0,0,0,3,0,2,2,0,2,0,0,0,0,0,0,0,0,0,0,0,0,0,0,0,0,0,0,0,0,0,0,0,0,0,0,0,0,0,0,0,0,0,0,0,0,0,0,0,0,0,0,0,0,0,0,0,0,0,0,0,0,0,0,0,0,0,0,0,0,0,0
Newport Police Department,2009-07-01,Delaware,1104,DE00208,breakdown offenses,normal return,normal return,normal return,normal return,not updated,breakdown offenses,breakdown offenses,breakdown offenses,0,0,0,0,0,0,0,0,0,0,0,0,0,6,0,0,0,1,5,3,2,1,0,5,0,0,0,0,14,0,1,1,8,9,0,0,0,0,0,0,0,0,0,0,3,0,0,0,0,3,0,0,0,0,1,0,0,0,0,4,0,0,0,1,1,0,0,0,0,0,0,0,0,0,0,0,0,0,0,0,0,0,0,0,0,1,0,0,0,0,1,0,0,0,1,1,0,0,0,0,0,0,0,0,0,0,0,0,0,0,0,0,0,0,0,0,0,0,0,0,0,0,0,0,0,0,0
Newport Police Department,2009-06-01,Delaware,1104,DE00208,breakdown offenses,normal return,normal return,normal return,normal return,not updated,breakdown offenses,breakdown offenses,breakdown offenses,0,0,0,0,0,0,0,0,0,0,0,0,0,5,0,0,0,0,5,1,1,0,0,2,0,0,0,0,8,0,0,0,3,3,0,0,0,0,0,0,0,0,0,0,2,0,0,0,0,2,0,0,0,0,0,0,0,0,0,2,0,0,0,0,0,0,0,0,0,0,0,0,0,0,0,1,0,0,0,0,1,0,0,0,0,0,0,0,0,0,1,0,0,0,0,0,0,0,0,0,0,0,0,0,0,0,0,0,0,0,0,0,0,0,0,0,0,0,0,0,0,0,0,0,0,0,0
Newport Police Department,2009-05-01,Delaware,1104,DE00208,breakdown offenses,normal return,normal return,normal return,normal return,not updated,breakdown offenses,breakdown offenses,breakdown offenses,0,0,0,0,0,0,0,0,0,0,0,0,0,1,0,0,0,1,0,3,1,2,0,3,0,0,0,0,7,0,1,1,6,7,0,0,0,0,0,0,0,0,0,0,0,0,0,0,0,0,0,0,0,0,0,0,0,0,0,0,0,0,0,0,0,0,0,0,0,0,0,0,0,0,0,0,0,0,0,0,0,0,0,0,0,0,0,0,0,0,0,0,0,0,0,0,0,0,0,0,0,0,0,0,0,0,0,0,0,0,0,0,0,0,0,0,0,0,0,0,0,0,0,0,0,0,0
Newport Police Department,2009-04-01,Delaware,1104,DE00208,breakdown offenses,normal return,normal return,normal return,normal return,not updated,breakdown offenses,breakdown offenses,breakdown offenses,0,0,0,0,0,0,0,0,0,0,0,0,0,5,0,1,0,0,4,0,0,0,0,6,1,1,0,0,12,0,1,1,7,8,0,0,0,0,0,0,0,0,0,0,2,0,1,0,0,1,0,0,0,0,0,0,0,0,0,2,0,1,1,0,1,0,0,0,0,0,0,0,0,0,0,0,0,0,0,0,0,0,0,0,0,0,0,0,0,0,0,0,0,0,0,0,0,0,0,0,0,0,0,0,0,0,0,0,0,0,0,0,0,0,0,0,0,0,0,0,0,0,0,0,0,0,0
Newport Police Department,2009-03-01,Delaware,1104,DE00208,breakdown offenses,normal return,normal return,normal return,normal return,not updated,breakdown offenses,breakdown offenses,breakdown offenses,0,0,0,0,0,0,0,0,0,0,0,0,0,3,0,0,0,0,3,0,0,0,0,1,0,0,0,0,4,0,0,0,1,1,0,0,0,0,0,0,0,0,0,0,2,0,0,0,0,2,0,0,0,0,0,0,0,0,0,2,0,0,0,0,0,0,0,0,0,0,0,0,0,0,0,0,0,0,0,0,0,0,0,0,0,0,0,0,0,0,0,0,0,0,0,0,0,0,0,0,0,0,0,0,0,0,0,0,0,0,0,0,0,0,0,0,0,0,0,0,0,0,0,0,0,0,0
Newport Police Department,2009-02-01,Delaware,1104,DE00208,breakdown offenses,normal return,normal return,normal return,normal return,not updated,breakdown offenses,breakdown offenses,breakdown offenses,0,0,0,0,0,0,0,0,0,0,0,0,0,1,0,0,0,0,1,0,0,0,0,1,0,0,0,0,2,0,0,0,1,1,0,0,0,0,0,0,0,0,0,0,1,0,0,0,0,1,0,0,0,0,0,0,0,0,0,1,0,0,0,0,0,0,0,0,0,0,0,0,0,0,0,0,0,0,0,0,0,0,0,0,0,0,0,0,0,0,0,0,0,0,0,0,0,0,0,0,0,0,0,0,0,0,0,0,0,0,0,0,0,0,0,0,0,0,0,0,0,0,0,0,0,0,0
Newport Police Department,2009-01-01,Delaware,1104,DE00208,breakdown offenses,normal return,normal return,normal return,normal return,not updated,breakdown offenses,breakdown offenses,breakdown offenses,0,0,0,0,0,0,0,0,0,0,0,0,0,3,0,0,0,0,3,0,0,0,0,2,0,0,0,0,5,0,0,0,2,2,0,0,0,0,0,0,0,0,0,0,3,0,0,0,0,3,0,0,0,0,0,0,0,0,0,3,0,0,0,0,0,0,0,0,0,0,0,0,0,0,0,1,0,0,0,0,1,0,0,0,0,0,0,0,0,0,1,0,0,0,0,0,0,0,0,0,0,0,0,0,0,0,0,0,0,0,0,0,0,0,0,0,0,0,0,0,0,0,0,0,0,0,0
Newport Police Department,2008-12-01,Delaware,1108,DE00208,breakdown offenses,normal return,normal return,normal return,normal return,not updated,breakdown offenses,breakdown offenses,breakdown offenses,0,0,0,0,0,0,0,0,0,0,0,0,0,2,0,0,1,0,1,0,0,0,0,3,1,1,0,0,6,0,1,1,4,5,0,0,0,0,0,0,0,0,0,0,2,0,0,1,0,1,0,0,0,0,0,0,0,0,0,2,0,1,1,0,1,0,0,0,0,0,0,0,0,0,0,0,0,0,0,0,0,0,0,0,0,0,0,0,0,0,0,0,0,0,0,0,0,0,0,0,0,0,0,0,0,0,0,0,0,0,0,0,0,0,0,0,0,0,0,0,0,0,0,0,0,0,0
Newport Police Department,2008-11-01,Delaware,1108,DE00208,breakdown offenses,normal return,normal return,normal return,normal return,not updated,breakdown offenses,breakdown offenses,breakdown offenses,0,0,0,0,0,0,0,0,0,0,0,0,0,2,0,1,1,0,0,1,0,1,0,3,1,1,0,0,7,0,2,2,5,7,0,0,0,0,0,0,0,0,0,0,2,0,1,1,0,0,0,0,0,0,0,0,0,0,0,2,0,2,2,0,2,0,0,0,0,0,0,0,0,0,0,0,0,0,0,0,0,0,0,0,0,0,0,0,0,0,0,0,0,0,0,0,0,0,0,0,0,0,0,0,0,0,0,0,0,0,0,0,0,0,0,0,0,0,0,0,0,0,0,0,0,0,0
Newport Police Department,2008-10-01,Delaware,1108,DE00208,breakdown offenses,normal return,normal return,normal return,normal return,not updated,breakdown offenses,breakdown offenses,breakdown offenses,0,0,0,0,0,0,0,0,0,0,0,0,0,0,0,0,0,0,0,1,1,0,0,2,0,0,0,0,3,0,0,0,3,3,0,0,0,0,0,0,0,0,0,0,0,0,0,0,0,0,0,0,0,0,1,0,0,0,0,1,0,0,0,1,1,0,0,0,0,0,0,0,0,0,0,0,0,0,0,0,0,0,0,0,0,1,0,0,0,0,1,0,0,0,1,1,0,0,0,0,0,0,0,0,0,0,0,0,0,0,0,0,0,0,0,0,0,0,0,0,0,0,0,0,0,0,0
Newport Police Department,2008-09-01,Delaware,1108,DE00208,breakdown offenses,normal return,normal return,normal return,normal return,not updated,breakdown offenses,breakdown offenses,breakdown offenses,0,0,0,0,0,0,0,0,0,0,0,0,0,0,0,0,0,0,0,0,0,0,0,7,0,0,0,0,7,0,0,0,7,7,0,0,0,0,0,0,0,0,0,0,0,0,0,0,0,0,0,0,0,0,3,0,0,0,0,3,0,0,0,3,3,0,0,0,0,0,0,0,0,0,0,0,0,0,0,0,0,0,0,0,0,1,0,0,0,0,1,0,0,0,1,1,0,0,0,0,0,0,0,0,0,0,0,0,0,0,0,0,0,0,0,0,0,0,0,0,0,0,0,0,0,0,0
Newport Police Department,2008-08-01,Delaware,1108,DE00208,breakdown offenses,normal return,normal return,normal return,normal return,not updated,breakdown offenses,breakdown offenses,breakdown offenses,0,0,0,0,0,0,0,0,1,1,0,0,0,7,3,0,0,0,4,0,0,0,0,1,0,0,0,0,9,0,3,4,1,5,0,0,0,0,0,0,0,0,0,0,1,0,0,0,0,1,0,0,0,0,0,0,0,0,0,1,0,0,0,0,0,0,0,0,0,0,0,0,0,0,0,0,0,0,0,0,0,0,0,0,0,0,0,0,0,0,0,0,0,0,0,0,0,0,0,0,0,0,0,0,0,0,0,0,0,0,0,0,0,0,0,0,0,0,0,0,0,0,0,0,0,0,0
Newport Police Department,2008-07-01,Delaware,1108,DE00208,breakdown offenses,normal return,normal return,normal return,normal return,not updated,breakdown offenses,breakdown offenses,breakdown offenses,0,0,0,0,0,0,0,0,0,0,0,0,0,6,0,0,0,1,5,0,0,0,0,3,0,0,0,0,9,0,1,1,3,4,0,0,0,0,0,0,0,0,0,0,7,0,1,0,0,6,0,0,0,0,0,0,0,0,0,7,0,1,1,0,1,0,0,0,0,0,0,0,0,0,0,0,0,0,0,0,0,0,0,0,0,0,0,0,0,0,0,0,0,0,0,0,0,0,0,0,0,0,0,0,0,0,0,0,0,0,0,0,0,0,0,0,0,0,0,0,0,0,0,0,0,0,0
Newport Police Department,2008-06-01,Delaware,1108,DE00208,breakdown offenses,normal return,normal return,normal return,normal return,not updated,breakdown offenses,breakdown offenses,breakdown offenses,0,0,0,0,0,0,0,0,0,0,0,0,0,4,0,0,0,0,4,0,0,0,0,2,0,0,0,0,6,0,0,0,2,2,0,0,0,0,0,0,0,0,0,0,2,0,0,0,0,2,0,0,0,0,0,0,0,0,0,2,0,0,0,0,0,0,0,0,0,0,0,0,0,0,0,0,0,0,0,0,0,0,0,0,0,0,0,0,0,0,0,0,0,0,0,0,0,0,0,0,0,0,0,0,0,0,0,0,0,0,0,0,0,0,0,0,0,0,0,0,0,0,0,0,0,0,0
Newport Police Department,2008-05-01,Delaware,1108,DE00208,breakdown offenses,normal return,normal return,normal return,normal return,not updated,breakdown offenses,breakdown offenses,breakdown offenses,0,0,0,0,0,0,0,0,0,0,0,0,0,5,0,0,0,0,5,1,1,0,0,4,0,0,0,0,10,0,0,0,5,5,0,0,0,0,0,0,0,0,0,0,1,0,0,0,0,1,0,0,0,0,0,0,0,0,0,1,0,0,0,0,0,0,0,0,0,0,0,0,0,0,0,0,0,0,0,0,0,0,0,0,0,0,0,0,0,0,0,0,0,0,0,0,0,0,0,0,0,0,0,0,0,0,0,0,0,0,0,0,0,0,0,0,0,0,0,0,0,0,0,0,0,0,0
Newport Police Department,2008-04-01,Delaware,1108,DE00208,breakdown offenses,normal return,normal return,normal return,normal return,not updated,breakdown offenses,breakdown offenses,breakdown offenses,0,0,0,0,0,0,0,0,0,0,0,0,0,5,0,0,0,0,5,0,0,0,0,4,0,0,0,0,9,0,0,0,4,4,0,0,0,0,0,0,0,0,0,0,4,0,0,0,0,4,0,0,0,0,0,0,0,0,0,4,0,0,0,0,0,0,0,0,0,0,0,0,0,0,0,0,0,0,0,0,0,0,0,0,0,0,0,0,0,0,0,0,0,0,0,0,0,0,0,0,0,0,0,0,0,0,0,0,0,0,0,0,0,0,0,0,0,0,0,0,0,0,0,0,0,0,0
Newport Police Department,2008-03-01,Delaware,1108,DE00208,breakdown offenses,normal return,normal return,normal return,normal return,not updated,breakdown offenses,breakdown offenses,breakdown offenses,0,0,0,0,0,0,0,0,0,0,0,0,0,0,0,0,0,0,0,0,0,0,0,7,1,1,0,0,8,0,0,0,8,8,0,0,0,0,0,0,0,0,0,0,0,0,0,0,0,0,0,0,0,0,1,0,0,0,0,1,0,0,0,1,1,0,0,0,0,0,0,0,0,0,0,0,0,0,0,0,0,0,0,0,0,0,0,0,0,0,0,0,0,0,0,0,0,0,0,0,0,0,0,0,0,0,0,0,0,0,0,0,0,0,0,0,0,0,0,0,0,0,0,0,0,0,0
Newport Police Department,2008-02-01,Delaware,1108,DE00208,breakdown offenses,normal return,normal return,normal return,normal return,not updated,breakdown offenses,breakdown offenses,breakdown offenses,0,0,0,0,0,0,0,0,0,0,0,0,0,3,0,1,1,0,1,0,0,0,0,2,0,0,0,0,5,0,2,2,2,4,0,0,0,0,0,0,0,0,0,0,1,0,0,1,0,0,0,0,0,0,0,0,0,0,0,1,0,1,1,0,1,0,0,0,0,0,0,0,0,0,0,0,0,0,0,0,0,0,0,0,0,0,0,0,0,0,0,0,0,0,0,0,0,0,0,0,0,0,0,0,0,0,0,0,0,0,0,0,0,0,0,0,0,0,0,0,0,0,0,0,0,0,0
Newport Police Department,2008-01-01,Delaware,1108,DE00208,breakdown offenses,normal return,normal return,normal return,normal return,not updated,breakdown offenses,breakdown offenses,breakdown offenses,0,0,0,0,0,0,0,0,1,1,0,0,0,0,0,0,0,0,0,1,1,0,0,1,1,1,0,0,4,0,0,1,3,4,0,0,0,0,0,0,0,0,0,0,0,0,0,0,0,0,0,0,0,0,0,0,0,0,0,0,0,0,0,0,0,0,0,0,0,0,0,0,0,0,0,0,0,0,0,0,0,0,0,0,0,0,0,0,0,0,0,0,0,0,0,0,0,0,0,0,0,0,0,0,0,0,0,0,0,0,0,0,0,0,0,0,0,0,0,0,0,0,0,0,0,0,0
Newport Police Department,2007-12-01,Delaware,1106,DE00208,breakdown offenses,normal return,normal return,normal return,normal return,not updated,breakdown offenses,breakdown offenses,breakdown offenses,0,0,0,0,0,0,0,0,1,0,0,0,1,3,0,1,0,0,2,2,2,0,0,2,0,0,0,0,8,0,1,2,4,6,0,0,0,0,0,0,0,0,0,0,3,0,1,0,0,2,0,0,0,0,1,0,0,0,0,4,0,1,1,1,2,0,0,0,0,0,0,0,0,0,0,0,0,0,0,0,0,0,0,0,0,0,0,0,0,0,0,0,0,0,0,0,0,0,0,0,0,0,0,0,0,0,0,0,0,0,0,0,0,0,0,0,0,0,0,0,0,0,0,0,0,0,0
Newport Police Department,2007-11-01,Delaware,1106,DE00208,breakdown offenses,normal return,normal return,normal return,normal return,not updated,breakdown offenses,breakdown offenses,breakdown offenses,0,0,0,0,0,0,0,0,0,0,0,0,0,1,0,0,0,0,1,3,2,0,1,1,0,0,0,0,5,0,0,0,4,4,0,0,0,0,0,0,0,0,0,0,1,0,0,0,0,1,2,1,1,0,0,0,0,0,0,3,0,0,0,2,2,0,0,0,0,0,0,0,0,0,0,0,0,0,0,0,0,0,0,0,0,0,0,0,0,0,0,0,0,0,0,0,0,0,0,0,0,0,0,0,0,0,0,0,0,0,0,0,0,0,0,0,0,0,0,0,0,0,0,0,0,0,0
Newport Police Department,2007-10-01,Delaware,1106,DE00208,breakdown offenses,normal return,normal return,normal return,normal return,not updated,breakdown offenses,breakdown offenses,breakdown offenses,0,0,0,0,0,0,0,0,0,0,0,0,0,0,0,0,0,0,0,3,1,2,0,4,2,1,1,0,9,0,0,0,9,9,0,0,0,0,0,0,0,0,0,0,0,0,0,0,0,0,0,0,0,0,1,0,0,0,0,1,0,0,0,1,1,0,0,0,0,0,0,0,0,0,0,0,0,0,0,0,0,0,0,0,0,0,0,0,0,0,0,0,0,0,0,0,0,0,0,0,0,0,0,0,0,0,0,0,0,0,0,0,0,0,0,0,0,0,0,0,0,0,0,0,0,0,0
Newport Police Department,2007-09-01,Delaware,1106,DE00208,breakdown offenses,normal return,normal return,normal return,normal return,not updated,breakdown offenses,breakdown offenses,breakdown offenses,0,0,0,0,0,0,0,0,1,0,0,0,1,3,0,2,0,0,1,1,1,0,0,3,0,0,0,0,8,0,2,3,4,7,0,0,0,0,0,1,0,0,0,1,0,0,0,0,0,0,0,0,0,0,1,0,0,0,0,2,0,0,1,1,2,0,0,0,0,0,0,0,0,0,0,0,0,0,0,0,0,0,0,0,0,0,0,0,0,0,0,0,0,0,0,0,0,0,0,0,0,0,0,0,0,0,0,0,0,0,0,0,0,0,0,0,0,0,0,0,0,0,0,0,0,0,0
Newport Police Department,2007-08-01,Delaware,1106,DE00208,breakdown offenses,normal return,normal return,normal return,normal return,not updated,breakdown offenses,breakdown offenses,breakdown offenses,0,0,0,0,0,0,0,0,1,0,0,0,1,4,0,0,0,0,4,1,1,0,0,5,0,0,0,0,11,0,0,1,6,7,0,0,0,0,0,0,0,0,0,0,4,0,0,0,0,4,0,0,0,0,1,0,0,0,0,5,0,0,0,1,1,0,0,0,0,0,0,0,0,0,0,0,0,0,0,0,0,0,0,0,0,0,0,0,0,0,0,0,0,0,0,0,0,0,0,0,0,0,0,0,0,0,0,0,0,0,0,0,0,0,0,0,0,0,0,0,0,0,0,0,0,0,0
Newport Police Department,2007-07-01,Delaware,1106,DE00208,breakdown offenses,normal return,normal return,normal return,normal return,not updated,breakdown offenses,breakdown offenses,breakdown offenses,0,0,0,0,0,0,0,0,0,0,0,0,0,3,0,0,0,0,3,1,1,0,0,1,0,0,0,0,5,0,0,0,2,2,0,0,0,0,0,0,0,0,0,0,2,0,0,0,0,2,0,0,0,0,0,0,0,0,0,2,0,0,0,0,0,0,0,0,0,0,0,0,0,0,0,0,0,0,0,0,0,0,0,0,0,0,0,0,0,0,0,0,0,0,0,0,0,0,0,0,0,0,0,0,0,0,0,0,0,0,0,0,0,0,0,0,0,0,0,0,0,0,0,0,0,0,0
Newport Police Department,2007-06-01,Delaware,1106,DE00208,breakdown offenses,normal return,normal return,normal return,normal return,not updated,breakdown offenses,breakdown offenses,breakdown offenses,0,0,0,0,0,0,0,0,0,0,0,0,0,1,0,0,0,0,1,0,0,0,0,3,0,0,0,0,4,0,0,0,3,3,0,0,0,0,0,0,0,0,0,0,0,0,0,0,0,0,0,0,0,0,0,0,0,0,0,0,0,0,0,0,0,0,0,0,0,0,0,0,0,0,0,0,0,0,0,0,0,0,0,0,0,0,0,0,0,0,0,0,0,0,0,0,0,0,0,0,0,0,0,0,0,0,0,0,0,0,0,0,0,0,0,0,0,0,0,0,0,0,0,0,0,0,0
Newport Police Department,2007-05-01,Delaware,1106,DE00208,breakdown offenses,normal return,normal return,normal return,normal return,not updated,breakdown offenses,breakdown offenses,breakdown offenses,0,0,0,0,0,0,0,0,0,0,0,0,0,1,0,0,0,0,1,1,0,0,1,3,0,0,0,0,5,0,0,0,4,4,0,0,0,0,0,0,0,0,0,0,1,0,0,0,0,1,0,0,0,0,0,0,0,0,0,1,0,0,0,0,0,0,0,0,0,0,0,0,0,0,0,0,0,0,0,0,0,0,0,0,0,0,0,0,0,0,0,0,0,0,0,0,0,0,0,0,0,0,0,0,0,0,0,0,0,0,0,0,0,0,0,0,0,0,0,0,0,0,0,0,0,0,0
Newport Police Department,2007-04-01,Delaware,1106,DE00208,breakdown offenses,normal return,normal return,normal return,normal return,not updated,breakdown offenses,breakdown offenses,breakdown offenses,0,0,0,0,0,0,0,0,0,0,0,0,0,4,0,0,0,0,4,1,1,0,0,3,0,0,0,0,8,0,0,0,4,4,0,0,0,0,0,0,0,0,0,0,2,0,0,0,0,2,0,0,0,0,0,0,0,0,0,2,0,0,0,0,0,0,0,0,0,0,0,0,0,0,0,1,0,0,0,0,1,0,0,0,0,0,0,0,0,0,1,0,0,0,0,0,0,0,0,0,0,0,0,0,0,0,0,0,0,0,0,0,0,0,0,0,0,0,0,0,0,0,0,0,0,0,0
Newport Police Department,2007-03-01,Delaware,1106,DE00208,breakdown offenses,normal return,normal return,normal return,normal return,not updated,breakdown offenses,breakdown offenses,breakdown offenses,0,0,0,0,0,0,0,0,0,0,0,0,0,1,0,0,0,0,1,0,0,0,0,3,0,0,0,0,4,0,0,0,3,3,0,0,0,0,0,0,0,0,0,0,1,0,0,0,0,1,0,0,0,0,0,0,0,0,0,1,0,0,0,0,0,0,0,0,0,0,0,0,0,0,0,0,0,0,0,0,0,0,0,0,0,0,0,0,0,0,0,0,0,0,0,0,0,0,0,0,0,0,0,0,0,0,0,0,0,0,0,0,0,0,0,0,0,0,0,0,0,0,0,0,0,0,0
Newport Police Department,2007-02-01,Delaware,1106,DE00208,breakdown offenses,normal return,normal return,normal return,normal return,not updated,breakdown offenses,breakdown offenses,breakdown offenses,0,0,0,0,0,0,0,0,0,0,0,0,0,3,0,0,0,0,3,3,1,2,0,1,1,1,0,0,8,0,0,0,5,5,0,0,0,0,0,0,0,0,0,0,0,0,0,0,0,0,1,0,1,0,0,0,0,0,0,1,0,0,0,1,1,0,0,0,0,0,0,0,0,0,0,0,0,0,0,0,0,0,0,0,0,0,0,0,0,0,0,0,0,0,0,0,0,0,0,0,0,0,0,0,0,0,0,0,0,0,0,0,0,0,0,0,0,0,0,0,0,0,0,0,0,0,0
Newport Police Department,2007-01-01,Delaware,1106,DE00208,breakdown offenses,normal return,normal return,normal return,normal return,not updated,breakdown offenses,breakdown offenses,breakdown offenses,0,0,0,0,0,0,0,0,1,0,0,0,1,1,0,0,0,0,1,0,0,0,0,3,0,0,0,0,5,0,0,1,3,4,0,0,0,0,0,0,0,0,0,0,1,0,0,0,0,1,0,0,0,0,0,0,0,0,0,1,0,0,0,0,0,0,0,0,0,0,0,0,0,0,0,0,0,0,0,0,0,0,0,0,0,0,0,0,0,0,0,0,0,0,0,0,0,0,0,0,0,0,0,0,0,0,0,0,0,0,0,0,0,0,0,0,0,0,0,0,0,0,0,0,0,0,0
Newport Police Department,2006-12-01,Delaware,1119,DE00208,breakdown offenses,normal return,normal return,normal return,normal return,not updated,breakdown offenses,breakdown offenses,breakdown offenses,0,0,0,0,0,0,0,0,0,0,0,0,0,4,0,1,0,0,3,2,1,1,0,3,0,0,0,0,9,0,1,1,5,6,0,0,0,0,0,0,0,0,0,0,3,0,1,0,0,2,0,0,0,0,0,0,0,0,0,3,0,1,1,0,1,0,0,0,0,0,0,0,0,0,0,0,0,0,0,0,0,0,0,0,0,0,0,0,0,0,0,0,0,0,0,0,0,0,0,0,0,0,0,0,0,0,0,0,0,0,0,0,0,0,0,0,0,0,0,0,0,0,0,0,0,0,0
Newport Police Department,2006-11-01,Delaware,1119,DE00208,breakdown offenses,normal return,normal return,normal return,normal return,not updated,breakdown offenses,breakdown offenses,breakdown offenses,0,0,0,0,0,0,0,0,0,0,0,0,0,1,0,0,0,0,1,0,0,0,0,1,0,0,0,0,2,0,0,0,1,1,0,0,0,0,0,0,0,0,0,0,1,0,0,0,0,1,0,0,0,0,0,0,0,0,0,1,0,0,0,0,0,0,0,0,0,0,0,0,0,0,0,1,0,0,0,0,1,0,0,0,0,0,0,0,0,0,1,0,0,0,0,0,0,0,0,0,0,0,0,0,0,0,0,0,0,0,0,0,0,0,0,0,0,0,0,0,0,0,0,0,0,0,0
Newport Police Department,2006-10-01,Delaware,1119,DE00208,breakdown offenses,normal return,normal return,normal return,normal return,not updated,breakdown offenses,breakdown offenses,breakdown offenses,0,0,0,0,0,0,0,0,0,0,0,0,0,2,0,0,0,0,2,0,0,0,0,1,0,0,0,0,3,0,0,0,1,1,0,0,0,0,0,0,0,0,0,0,2,0,0,0,0,2,0,0,0,0,0,0,0,0,0,2,0,0,0,0,0,0,0,0,0,0,0,0,0,0,0,0,0,0,0,0,0,0,0,0,0,0,0,0,0,0,0,0,0,0,0,0,0,0,0,0,0,0,0,0,0,0,0,0,0,0,0,0,0,0,0,0,0,0,0,0,0,0,0,0,0,0,0
Newport Police Department,2006-09-01,Delaware,1119,DE00208,breakdown offenses,normal return,normal return,normal return,normal return,not updated,breakdown offenses,breakdown offenses,breakdown offenses,0,0,0,0,0,0,0,0,0,0,0,0,0,1,0,0,0,0,1,0,0,0,0,2,0,0,0,0,3,0,0,0,2,2,0,0,0,0,0,0,0,0,0,0,1,0,0,0,0,1,0,0,0,0,0,0,0,0,0,1,0,0,0,0,0,0,0,0,0,0,0,0,0,0,0,0,0,0,0,0,0,0,0,0,0,0,0,0,0,0,0,0,0,0,0,0,0,0,0,0,0,0,0,0,0,0,0,0,0,0,0,0,0,0,0,0,0,0,0,0,0,0,0,0,0,0,0
Newport Police Department,2006-08-01,Delaware,1119,DE00208,breakdown offenses,normal return,normal return,normal return,normal return,not updated,breakdown offenses,breakdown offenses,breakdown offenses,0,0,0,0,0,0,0,0,0,0,0,0,0,1,0,0,0,0,1,0,0,0,0,2,0,0,0,0,3,0,0,0,2,2,0,0,0,0,0,0,0,0,0,0,0,0,0,0,0,0,0,0,0,0,0,0,0,0,0,0,0,0,0,0,0,0,0,0,0,0,0,0,0,0,0,0,0,0,0,0,0,0,0,0,0,0,0,0,0,0,0,0,0,0,0,0,0,0,0,0,0,0,0,0,0,0,0,0,0,0,0,0,0,0,0,0,0,0,0,0,0,0,0,0,0,0,0
Newport Police Department,2006-07-01,Delaware,1119,DE00208,breakdown offenses,normal return,normal return,normal return,normal return,not updated,breakdown offenses,breakdown offenses,breakdown offenses,0,0,0,0,0,0,0,0,0,0,0,0,0,6,0,2,1,0,3,2,2,0,0,2,0,0,0,0,10,0,3,3,4,7,0,0,0,0,0,0,0,0,0,0,6,0,2,1,0,3,1,1,0,0,1,0,0,0,0,8,0,3,3,2,5,0,0,0,0,0,0,0,0,0,0,3,0,2,1,0,0,1,1,0,0,0,0,0,0,0,4,0,3,3,1,4,0,0,0,0,0,0,0,0,0,0,0,0,0,0,0,0,0,0,0,0,0,0,0,0,0,0,0,0,0,0,0
Newport Police Department,2006-06-01,Delaware,1119,DE00208,breakdown offenses,normal return,normal return,normal return,normal return,not updated,breakdown offenses,breakdown offenses,breakdown offenses,0,0,0,0,0,0,0,0,0,0,0,0,0,3,0,1,0,0,2,3,2,1,0,3,0,0,0,0,9,0,1,1,6,7,0,0,0,0,0,0,0,0,0,0,2,0,1,0,0,1,0,0,0,0,1,0,0,0,0,3,0,1,1,1,2,0,0,0,0,0,0,0,0,0,0,0,0,0,0,0,0,0,0,0,0,0,0,0,0,0,0,0,0,0,0,0,0,0,0,0,0,0,0,0,0,0,0,0,0,0,0,0,0,0,0,0,0,0,0,0,0,0,0,0,0,0,0
Newport Police Department,2006-05-01,Delaware,1119,DE00208,breakdown offenses,normal return,normal return,normal return,normal return,not updated,breakdown offenses,breakdown offenses,breakdown offenses,0,0,0,0,0,0,0,0,0,0,0,0,0,4,0,2,0,0,2,0,0,0,0,3,1,1,0,0,8,0,2,2,4,6,0,0,0,0,0,0,0,0,0,0,1,0,0,0,0,1,0,0,0,0,0,0,0,0,0,1,0,0,0,0,0,0,0,0,0,0,0,0,0,0,0,0,0,0,0,0,0,0,0,0,0,0,0,0,0,0,0,0,0,0,0,0,0,0,0,0,0,0,0,0,0,0,0,0,0,0,0,0,0,0,0,0,0,0,0,0,0,0,0,0,0,0,0
Newport Police Department,2006-04-01,Delaware,1119,DE00208,breakdown offenses,normal return,normal return,normal return,normal return,not updated,breakdown offenses,breakdown offenses,breakdown offenses,0,0,0,0,0,0,0,0,0,0,0,0,0,5,0,0,3,0,2,0,0,0,0,1,0,0,0,0,6,0,3,3,1,4,0,0,0,0,0,1,1,0,0,0,2,0,0,2,0,0,0,0,0,0,0,0,0,0,0,3,0,2,3,0,3,0,0,0,0,0,0,0,0,0,0,0,0,0,0,0,0,0,0,0,0,0,0,0,0,0,0,0,0,0,0,0,0,0,0,0,0,0,0,0,0,0,0,0,0,0,0,0,0,0,0,0,0,0,0,0,0,0,0,0,0,0,0
Newport Police Department,2006-03-01,Delaware,1119,DE00208,breakdown offenses,normal return,normal return,normal return,normal return,not updated,breakdown offenses,breakdown offenses,breakdown offenses,0,0,0,0,0,0,0,0,1,1,0,0,0,3,0,0,2,0,1,3,2,1,0,1,0,0,0,0,8,0,2,3,4,7,0,0,0,0,0,0,0,0,0,0,2,0,0,2,0,0,0,0,0,0,0,0,0,0,0,2,0,2,2,0,2,0,0,0,0,0,0,0,0,0,0,0,0,0,0,0,0,0,0,0,0,0,0,0,0,0,0,0,0,0,0,0,0,0,0,0,0,0,0,0,0,0,0,0,0,0,0,0,0,0,0,0,0,0,0,0,0,0,0,0,0,0,0
Newport Police Department,2006-02-01,Delaware,1119,DE00208,breakdown offenses,normal return,normal return,normal return,normal return,not updated,breakdown offenses,breakdown offenses,breakdown offenses,0,0,0,0,0,0,0,0,0,0,0,0,0,3,0,0,1,0,2,0,0,0,0,4,1,1,0,0,8,0,1,1,5,6,0,0,0,0,0,0,0,0,0,0,2,0,0,0,0,2,0,0,0,0,1,0,0,0,0,3,0,0,0,1,1,0,0,0,0,0,0,0,0,0,0,0,0,0,0,0,0,0,0,0,0,0,0,0,0,0,0,0,0,0,0,0,0,0,0,0,0,0,0,0,0,0,0,0,0,0,0,0,0,0,0,0,0,0,0,0,0,0,0,0,0,0,0
Newport Police Department,2006-01-01,Delaware,1119,DE00208,breakdown offenses,normal return,normal return,normal return,normal return,not updated,breakdown offenses,breakdown offenses,breakdown offenses,0,0,0,0,0,0,0,0,0,0,0,0,0,8,1,1,0,0,6,0,0,0,0,5,1,0,1,0,14,0,2,2,6,8,0,0,0,0,0,0,0,0,0,0,5,0,1,0,0,4,0,0,0,0,0,0,0,0,0,5,0,1,1,0,1,0,0,0,0,0,0,0,0,0,0,1,0,0,0,0,1,0,0,0,0,0,0,0,0,0,1,0,0,0,0,0,0,0,0,0,0,0,0,0,0,0,0,0,0,0,0,0,0,0,0,0,0,0,0,0,0,0,0,0,0,0,0
Newport Police Department,2005-12-01,Delaware,1129,DE00208,breakdown offenses,normal return,normal return,normal return,normal return,not updated,breakdown offenses,breakdown offenses,breakdown offenses,0,0,0,0,0,0,0,0,0,0,0,0,0,4,0,0,0,0,4,2,2,0,0,4,1,1,0,0,11,0,0,0,7,7,0,0,0,0,0,0,0,0,0,0,3,0,0,0,0,3,0,0,0,0,0,0,0,0,0,3,0,0,0,0,0,0,0,0,0,0,0,0,0,0,0,0,0,0,0,0,0,0,0,0,0,0,0,0,0,0,0,0,0,0,0,0,0,0,0,0,0,0,0,0,0,0,0,0,0,0,0,0,0,0,0,0,0,0,0,0,0,0,0,0,0,0,0
Newport Police Department,2005-11-01,Delaware,1129,DE00208,breakdown offenses,normal return,normal return,normal return,normal return,not updated,breakdown offenses,breakdown offenses,breakdown offenses,0,0,0,0,0,0,0,0,1,1,0,0,0,1,0,0,0,0,1,2,2,0,0,5,0,0,0,0,9,0,0,1,7,8,0,0,0,0,0,0,0,0,0,0,1,0,0,0,0,1,1,1,0,0,0,0,0,0,0,2,0,0,0,1,1,0,0,0,0,0,0,0,0,0,0,0,0,0,0,0,0,0,0,0,0,0,0,0,0,0,0,0,0,0,0,0,0,0,0,0,0,0,0,0,0,0,0,0,0,0,0,0,0,0,0,0,0,0,0,0,0,0,0,0,0,0,0
Newport Police Department,2005-10-01,Delaware,1129,DE00208,breakdown offenses,normal return,normal return,normal return,normal return,not updated,breakdown offenses,breakdown offenses,breakdown offenses,0,0,0,0,0,0,0,0,0,0,0,0,0,5,0,0,0,0,5,2,1,1,0,6,1,0,1,0,14,0,0,0,9,9,0,0,0,0,0,0,0,0,0,0,2,0,0,0,0,2,0,0,0,0,1,0,0,0,0,3,0,0,0,1,1,0,0,0,0,0,0,0,0,0,0,0,0,0,0,0,0,0,0,0,0,0,0,0,0,0,0,0,0,0,0,0,0,0,0,0,0,0,0,0,0,0,0,0,0,0,0,0,0,0,0,0,0,0,0,0,0,0,0,0,0,0,0
Newport Police Department,2005-09-01,Delaware,1129,DE00208,breakdown offenses,normal return,normal return,normal return,normal return,not updated,breakdown offenses,breakdown offenses,breakdown offenses,0,0,0,0,0,0,0,0,0,0,0,0,0,2,0,0,0,0,2,1,1,0,0,5,2,1,1,0,10,0,0,0,8,8,0,0,0,0,0,0,0,0,0,0,0,0,0,0,0,0,0,0,0,0,0,0,0,0,0,0,0,0,0,0,0,0,0,0,0,0,0,0,0,0,0,0,0,0,0,0,0,0,0,0,0,0,0,0,0,0,0,0,0,0,0,0,0,0,0,0,0,0,0,0,0,0,0,0,0,0,0,0,0,0,0,0,0,0,0,0,0,0,0,0,0,0,0
Newport Police Department,2005-08-01,Delaware,1129,DE00208,breakdown offenses,normal return,normal return,normal return,normal return,not updated,breakdown offenses,breakdown offenses,breakdown offenses,0,0,0,0,0,0,0,0,0,0,0,0,0,3,0,0,1,0,2,1,0,1,0,5,0,0,0,0,9,0,1,1,6,7,0,0,0,0,0,0,0,0,0,0,2,0,0,1,0,1,0,0,0,0,0,0,0,0,0,2,0,1,1,0,1,0,0,0,0,0,0,0,0,0,0,0,0,0,0,0,0,0,0,0,0,0,0,0,0,0,0,0,0,0,0,0,0,0,0,0,0,0,0,0,0,0,0,0,0,0,0,0,0,0,0,0,0,0,0,0,0,0,0,0,0,0,0
Newport Police Department,2005-07-01,Delaware,1129,DE00208,breakdown offenses,normal return,normal return,normal return,normal return,not updated,breakdown offenses,breakdown offenses,breakdown offenses,0,0,0,0,0,1,1,0,0,0,0,0,0,2,0,0,0,0,2,2,1,1,0,3,1,1,0,0,9,0,0,1,6,7,0,0,0,0,0,0,0,0,0,0,1,0,0,0,0,1,0,0,0,0,0,0,0,0,0,1,0,0,0,0,0,0,0,0,0,0,0,0,0,0,0,0,0,0,0,0,0,0,0,0,0,0,0,0,0,0,0,0,0,0,0,0,0,0,0,0,0,0,0,0,0,0,0,0,0,0,0,0,0,0,0,0,0,0,0,0,0,0,0,0,0,0,0
Newport Police Department,2005-06-01,Delaware,1129,DE00208,breakdown offenses,normal return,normal return,normal return,normal return,not updated,breakdown offenses,breakdown offenses,breakdown offenses,0,0,0,0,0,0,0,0,0,0,0,0,0,4,0,0,1,0,3,1,0,1,0,1,0,0,0,0,6,0,1,1,2,3,0,0,0,0,0,0,0,0,0,0,1,0,0,0,0,1,0,0,0,0,0,0,0,0,0,1,0,0,0,0,0,0,0,0,0,0,0,0,0,0,0,0,0,0,0,0,0,0,0,0,0,0,0,0,0,0,0,0,0,0,0,0,0,0,0,0,0,0,0,0,0,0,0,0,0,0,0,0,0,0,0,0,0,0,0,0,0,0,0,0,0,0,0
Newport Police Department,2005-05-01,Delaware,1129,DE00208,breakdown offenses,normal return,normal return,normal return,normal return,not updated,breakdown offenses,breakdown offenses,breakdown offenses,0,0,0,0,0,0,0,0,0,0,0,0,0,2,0,1,0,0,1,1,1,0,0,4,2,1,1,0,9,0,1,1,7,8,0,0,0,0,0,0,0,0,0,0,1,0,1,0,0,0,0,0,0,0,0,0,0,0,0,1,0,1,1,0,1,0,0,0,0,0,0,0,0,0,0,0,0,0,0,0,0,0,0,0,0,0,0,0,0,0,0,0,0,0,0,0,0,0,0,0,0,0,0,0,0,0,0,0,0,0,0,0,0,0,0,0,0,0,0,0,0,0,0,0,0,0,0
Newport Police Department,2005-04-01,Delaware,1129,DE00208,breakdown offenses,normal return,normal return,normal return,normal return,not updated,breakdown offenses,breakdown offenses,breakdown offenses,0,0,0,0,0,0,0,0,0,0,0,0,0,1,0,0,0,0,1,3,3,0,0,3,1,1,0,0,8,0,0,0,7,7,0,0,0,0,0,0,0,0,0,0,0,0,0,0,0,0,0,0,0,0,0,0,0,0,0,0,0,0,0,0,0,0,0,0,0,0,0,0,0,0,0,0,0,0,0,0,0,0,0,0,0,0,0,0,0,0,0,0,0,0,0,0,0,0,0,0,0,0,0,0,0,0,0,0,0,0,0,0,0,0,0,0,0,0,0,0,0,0,0,0,0,0,0
Newport Police Department,2005-03-01,Delaware,1129,DE00208,breakdown offenses,normal return,normal return,normal return,normal return,not updated,breakdown offenses,breakdown offenses,breakdown offenses,0,0,0,0,0,0,0,0,0,0,0,0,0,3,0,0,0,0,3,1,0,0,1,4,0,0,0,0,8,0,0,0,5,5,0,0,0,0,0,0,0,0,0,0,1,0,0,0,0,1,0,0,0,0,0,0,0,0,0,1,0,0,0,0,0,0,0,0,0,0,0,0,0,0,0,0,0,0,0,0,0,0,0,0,0,0,0,0,0,0,0,0,0,0,0,0,0,0,0,0,0,0,0,0,0,0,0,0,0,0,0,0,0,0,0,0,0,0,0,0,0,0,0,0,0,0,0
Newport Police Department,2005-02-01,Delaware,1129,DE00208,breakdown offenses,normal return,normal return,normal return,normal return,not updated,breakdown offenses,breakdown offenses,breakdown offenses,0,0,0,0,0,0,0,0,1,0,0,1,0,4,0,0,0,0,4,0,0,0,0,1,0,0,0,0,6,0,0,1,1,2,0,0,0,0,0,0,0,0,0,0,3,0,0,0,0,3,0,0,0,0,0,0,0,0,0,3,0,0,0,0,0,0,0,0,0,0,0,0,0,0,0,0,0,0,0,0,0,0,0,0,0,0,0,0,0,0,0,0,0,0,0,0,0,0,0,0,0,0,0,0,0,0,0,0,0,0,0,0,0,0,0,0,0,0,0,0,0,0,0,0,0,0,0
Newport Police Department,2005-01-01,Delaware,1129,DE00208,breakdown offenses,normal return,normal return,normal return,normal return,not updated,breakdown offenses,breakdown offenses,breakdown offenses,0,0,0,0,0,0,0,0,0,0,0,0,0,2,0,0,0,0,2,1,1,0,0,3,3,3,0,0,9,0,0,0,7,7,0,0,0,0,0,0,0,0,0,0,0,0,0,0,0,0,0,0,0,0,0,0,0,0,0,0,0,0,0,0,0,0,0,0,0,0,0,0,0,0,0,0,0,0,0,0,0,0,0,0,0,0,0,0,0,0,0,0,0,0,0,0,0,0,0,0,0,0,0,0,0,0,0,0,0,0,0,0,0,0,0,0,0,0,0,0,0,0,0,0,0,0,0
Newport Police Department,2004-12-01,Delaware,1133,DE00208,breakdown offenses,normal return,normal return,normal return,normal return,not updated,breakdown offenses,breakdown offenses,breakdown offenses,0,0,0,0,0,0,0,0,0,0,0,0,0,0,0,0,0,0,0,0,0,0,0,3,0,0,0,0,3,0,0,0,3,3,0,0,1,1,0,0,0,0,0,0,2,0,0,0,0,2,0,0,0,0,0,0,0,0,0,3,0,0,1,0,1,0,0,0,0,0,0,0,0,0,0,0,0,0,0,0,0,0,0,0,0,0,0,0,0,0,0,0,0,0,0,0,0,0,0,0,0,0,0,0,0,0,0,0,0,0,0,0,0,0,0,0,0,0,0,0,0,0,0,0,0,0,0
Newport Police Department,2004-11-01,Delaware,1133,DE00208,breakdown offenses,normal return,normal return,normal return,normal return,not updated,breakdown offenses,breakdown offenses,breakdown offenses,0,0,0,0,0,1,1,0,0,0,0,0,0,5,0,0,0,1,4,0,0,0,0,4,1,1,0,0,11,0,1,2,5,7,0,0,0,0,0,0,0,0,0,0,1,0,0,0,0,1,0,0,0,0,0,0,0,0,0,1,0,0,0,0,0,0,0,0,0,0,0,0,0,0,0,1,0,0,0,0,1,0,0,0,0,0,0,0,0,0,1,0,0,0,0,0,0,0,0,0,0,0,0,0,0,0,0,0,0,0,0,0,0,0,0,0,0,0,0,0,0,0,0,0,0,0,0
Newport Police Department,2004-10-01,Delaware,1133,DE00208,breakdown offenses,normal return,normal return,normal return,normal return,not updated,breakdown offenses,breakdown offenses,breakdown offenses,0,0,0,0,0,0,0,0,0,0,0,0,0,2,0,1,0,0,1,2,1,0,1,7,0,0,0,0,11,0,1,1,9,10,0,0,0,0,0,0,0,0,0,0,1,0,0,0,0,1,0,0,0,0,0,0,0,0,0,1,0,0,0,0,0,0,0,0,0,0,0,0,0,0,0,1,0,0,0,0,1,0,0,0,0,0,0,0,0,0,1,0,0,0,0,0,0,0,0,0,0,0,0,0,0,0,0,0,0,0,0,0,0,0,0,0,0,0,0,0,0,0,0,0,0,0,0
Newport Police Department,2004-09-01,Delaware,1133,DE00208,breakdown offenses,normal return,normal return,normal return,normal return,not updated,breakdown offenses,breakdown offenses,breakdown offenses,0,0,0,0,0,0,0,0,0,0,0,0,0,0,0,0,0,0,0,1,1,0,0,3,2,2,0,0,6,0,0,0,6,6,0,0,0,0,0,0,0,0,0,0,1,0,0,0,0,1,0,0,0,0,0,0,0,0,0,1,0,0,0,0,0,0,0,0,0,0,0,0,0,0,0,0,0,0,0,0,0,0,0,0,0,0,0,0,0,0,0,0,0,0,0,0,0,0,0,0,0,0,0,0,0,0,0,0,0,0,0,0,0,0,0,0,0,0,0,0,0,0,0,0,0,0,0
Newport Police Department,2004-08-01,Delaware,1133,DE00208,breakdown offenses,normal return,normal return,normal return,normal return,not updated,breakdown offenses,breakdown offenses,breakdown offenses,0,0,0,0,0,0,0,0,1,1,0,0,0,4,0,0,2,0,2,2,1,1,0,2,0,0,0,0,9,0,2,3,4,7,0,0,0,0,0,0,0,0,0,0,4,0,1,2,0,1,2,1,1,0,0,0,0,0,0,6,0,3,3,2,5,0,0,0,0,0,0,0,0,0,0,0,0,0,0,0,0,0,0,0,0,0,0,0,0,0,0,0,0,0,0,0,0,0,0,0,0,0,0,0,0,0,0,0,0,0,0,0,0,0,0,0,0,0,0,0,0,0,0,0,0,0,0
Newport Police Department,2004-07-01,Delaware,1133,DE00208,breakdown offenses,normal return,normal return,normal return,normal return,not updated,breakdown offenses,breakdown offenses,breakdown offenses,0,0,0,0,0,0,0,0,0,0,0,0,0,5,2,1,0,0,2,4,3,0,1,5,0,0,0,0,14,0,3,3,9,12,0,0,0,0,0,0,0,0,0,0,2,0,0,0,0,2,0,0,0,0,0,0,0,0,0,2,0,0,0,0,0,0,0,0,0,0,0,0,0,0,0,0,0,0,0,0,0,0,0,0,0,0,0,0,0,0,0,0,0,0,0,0,0,0,0,0,0,0,0,0,0,0,0,0,0,0,0,0,0,0,0,0,0,0,0,0,0,0,0,0,0,0,0
Newport Police Department,2004-06-01,Delaware,1133,DE00208,breakdown offenses,normal return,normal return,normal return,normal return,not updated,breakdown offenses,breakdown offenses,breakdown offenses,0,0,0,0,0,0,0,0,0,0,0,0,0,3,0,0,1,0,2,0,0,0,0,2,1,1,0,0,6,0,1,1,3,4,0,0,0,0,0,0,0,0,0,0,2,0,0,0,0,2,0,0,0,0,0,0,0,0,0,2,0,0,0,0,0,0,0,0,0,0,0,0,0,0,0,1,0,0,0,0,1,0,0,0,0,0,0,0,0,0,1,0,0,0,0,0,0,0,0,0,0,0,0,0,0,0,0,0,0,0,0,0,0,0,0,0,0,0,0,0,0,0,0,0,0,0,0
Newport Police Department,2004-05-01,Delaware,1133,DE00208,breakdown offenses,normal return,normal return,normal return,normal return,not updated,breakdown offenses,breakdown offenses,breakdown offenses,0,0,0,0,0,0,0,0,0,0,0,0,0,1,0,0,0,0,1,0,0,0,0,4,0,0,0,0,5,0,0,0,4,4,0,0,0,0,0,0,0,0,0,0,0,0,0,0,0,0,0,0,0,0,0,0,0,0,0,0,0,0,0,0,0,0,0,0,0,0,0,0,0,0,0,0,0,0,0,0,0,0,0,0,0,0,0,0,0,0,0,0,0,0,0,0,0,0,0,0,0,0,0,0,0,0,0,0,0,0,0,0,0,0,0,0,0,0,0,0,0,0,0,0,0,0,0
Newport Police Department,2004-04-01,Delaware,1133,DE00208,breakdown offenses,normal return,normal return,normal return,normal return,not updated,breakdown offenses,breakdown offenses,breakdown offenses,0,0,0,0,0,0,0,0,0,0,0,0,0,3,0,1,0,0,2,1,1,0,0,4,0,0,0,0,8,0,1,1,5,6,0,0,0,0,0,0,0,0,0,0,2,0,1,0,0,1,0,0,0,0,0,0,0,0,0,2,0,1,1,0,1,0,0,0,0,0,0,0,0,0,0,1,0,0,0,0,1,0,0,0,0,0,0,0,0,0,1,0,0,0,0,0,0,0,0,0,0,0,0,0,0,0,0,0,0,0,0,0,0,0,0,0,0,0,0,0,0,0,0,0,0,0,0
Newport Police Department,2004-03-01,Delaware,1133,DE00208,breakdown offenses,normal return,normal return,normal return,normal return,not updated,breakdown offenses,breakdown offenses,breakdown offenses,0,0,0,0,0,0,0,0,0,0,0,0,0,3,0,0,0,0,3,2,2,0,0,1,0,0,0,0,6,0,0,0,3,3,0,0,0,0,0,0,0,0,0,0,3,0,0,0,0,3,0,0,0,0,0,0,0,0,0,3,0,0,0,0,0,0,0,0,0,0,0,0,0,0,0,0,0,0,0,0,0,0,0,0,0,0,0,0,0,0,0,0,0,0,0,0,0,0,0,0,0,0,0,0,0,0,0,0,0,0,0,0,0,0,0,0,0,0,0,0,0,0,0,0,0,0,0
Newport Police Department,2004-02-01,Delaware,1133,DE00208,breakdown offenses,normal return,normal return,normal return,normal return,not updated,breakdown offenses,breakdown offenses,breakdown offenses,0,0,0,0,0,0,0,0,0,0,0,0,0,5,0,0,0,0,5,2,1,0,1,3,0,0,0,0,10,0,0,0,5,5,0,0,0,0,0,0,0,0,0,0,2,0,0,0,0,2,1,0,0,1,0,0,0,0,0,3,0,0,0,1,1,0,0,0,0,0,0,0,0,0,0,0,0,0,0,0,0,0,0,0,0,0,0,0,0,0,0,0,0,0,0,0,0,0,0,0,0,0,0,0,0,0,0,0,0,0,0,0,0,0,0,0,0,0,0,0,0,0,0,0,0,0,0
Newport Police Department,2004-01-01,Delaware,1133,DE00208,breakdown offenses,normal return,normal return,normal return,normal return,not updated,breakdown offenses,breakdown offenses,breakdown offenses,0,0,0,0,0,0,0,0,1,1,0,0,0,1,0,0,1,0,0,2,0,0,2,4,0,0,0,0,8,0,1,2,6,8,0,0,0,0,0,1,1,0,0,0,0,0,0,0,0,0,1,0,0,1,0,0,0,0,0,2,0,0,1,1,2,0,0,0,0,0,0,0,0,0,0,0,0,0,0,0,0,0,0,0,0,0,0,0,0,0,0,0,0,0,0,0,0,0,0,0,0,0,0,0,0,0,0,0,0,0,0,0,0,0,0,0,0,0,0,0,0,0,0,0,0,0,0
Newport Police Department,2003-12-01,Delaware,1137,DE00208,breakdown offenses,normal return,normal return,normal return,normal return,not updated,breakdown offenses,breakdown offenses,breakdown offenses,0,0,0,0,0,0,0,0,0,0,0,0,0,5,0,1,0,0,4,0,0,0,0,6,0,0,0,0,11,0,1,1,6,7,0,0,0,0,0,0,0,0,0,0,2,0,1,0,0,1,0,0,0,0,0,0,0,0,0,2,0,1,1,0,1,0,0,0,0,0,0,0,0,0,0,0,0,0,0,0,0,0,0,0,0,0,0,0,0,0,0,0,0,0,0,0,0,0,0,0,0,0,0,0,0,0,0,0,0,0,0,0,0,0,0,0,0,0,0,0,0,0,0,0,0,0,0
Newport Police Department,2003-11-01,Delaware,1137,DE00208,breakdown offenses,normal return,normal return,normal return,normal return,not updated,breakdown offenses,breakdown offenses,breakdown offenses,0,0,0,0,0,0,0,0,3,1,1,1,0,0,0,0,0,0,0,0,0,0,0,2,0,0,0,0,5,0,0,3,2,5,0,0,0,0,0,1,1,0,0,0,0,0,0,0,0,0,0,0,0,0,0,0,0,0,0,1,0,0,1,0,1,0,0,0,0,0,0,0,0,0,0,0,0,0,0,0,0,0,0,0,0,0,0,0,0,0,0,0,0,0,0,0,0,0,0,0,0,0,0,0,0,0,0,0,0,0,0,0,0,0,0,0,0,0,0,0,0,0,0,0,0,0,0
Newport Police Department,2003-10-01,Delaware,1137,DE00208,breakdown offenses,normal return,normal return,normal return,normal return,not updated,breakdown offenses,breakdown offenses,breakdown offenses,0,0,0,0,0,0,0,0,0,0,0,0,0,1,0,0,0,0,1,4,2,2,0,4,1,0,1,0,10,0,0,0,9,9,0,0,0,0,0,0,0,0,0,0,1,0,0,0,0,1,1,1,0,0,0,0,0,0,0,2,0,0,0,1,1,0,0,0,0,0,0,0,0,0,0,0,0,0,0,0,0,0,0,0,0,0,0,0,0,0,0,0,0,0,0,0,0,0,0,0,0,0,0,0,0,0,0,0,0,0,0,0,0,0,0,0,0,0,0,0,0,0,0,0,0,0,0
Newport Police Department,2003-09-01,Delaware,1137,DE00208,breakdown offenses,normal return,normal return,normal return,normal return,not updated,breakdown offenses,breakdown offenses,breakdown offenses,0,0,0,0,0,1,1,0,1,0,1,0,0,8,0,0,0,0,8,3,2,1,0,4,1,1,0,0,18,0,0,2,8,10,0,0,0,0,0,1,0,1,0,0,0,0,0,0,0,0,0,0,0,0,1,0,0,0,0,2,0,0,1,1,2,0,0,0,0,0,0,0,0,0,0,0,0,0,0,0,0,0,0,0,0,0,0,0,0,0,0,0,0,0,0,0,0,0,0,0,0,0,0,0,0,0,0,0,0,0,0,0,0,0,0,0,0,0,0,0,0,0,0,0,0,0,0
Newport Police Department,2003-08-01,Delaware,1137,DE00208,breakdown offenses,normal return,normal return,normal return,normal return,not updated,breakdown offenses,breakdown offenses,breakdown offenses,0,0,0,0,0,0,0,0,0,0,0,0,0,8,1,0,2,0,5,1,1,0,0,4,0,0,0,0,13,0,3,3,5,8,0,0,0,0,0,0,0,0,0,0,8,0,0,1,0,7,0,0,0,0,0,0,0,0,0,8,0,1,1,0,1,0,0,0,0,0,0,0,0,0,0,0,0,0,0,0,0,0,0,0,0,0,0,0,0,0,0,0,0,0,0,0,0,0,0,0,0,0,0,0,0,0,0,0,0,0,0,0,0,0,0,0,0,0,0,0,0,0,0,0,0,0,0
Newport Police Department,2003-07-01,Delaware,1137,DE00208,breakdown offenses,normal return,normal return,normal return,normal return,not updated,breakdown offenses,breakdown offenses,breakdown offenses,0,0,0,0,0,0,0,0,0,0,0,0,0,6,0,3,0,0,3,0,0,0,0,6,1,1,0,0,13,0,3,3,7,10,0,0,0,0,0,0,0,0,0,0,0,0,0,0,0,0,0,0,0,0,0,0,0,0,0,0,0,0,0,0,0,0,0,0,0,0,0,0,0,0,0,0,0,0,0,0,0,0,0,0,0,0,0,0,0,0,0,0,0,0,0,0,0,0,0,0,0,0,0,0,0,0,0,0,0,0,0,0,0,0,0,0,0,0,0,0,0,0,0,0,0,0,0
Newport Police Department,2003-06-01,Delaware,1137,DE00208,breakdown offenses,normal return,normal return,normal return,normal return,not updated,breakdown offenses,breakdown offenses,breakdown offenses,0,0,0,0,0,0,0,0,1,1,0,0,0,1,0,0,0,1,0,1,0,1,0,5,1,1,0,0,9,0,1,2,7,9,0,0,0,0,0,0,0,0,0,0,1,0,0,0,0,1,0,0,0,0,0,0,0,0,0,1,0,0,0,0,0,0,0,0,0,0,0,0,0,0,0,0,0,0,0,0,0,0,0,0,0,0,0,0,0,0,0,0,0,0,0,0,0,0,0,0,0,0,0,0,0,0,0,0,0,0,0,0,0,0,0,0,0,0,0,0,0,0,0,0,0,0,0
Newport Police Department,2003-05-01,Delaware,1137,DE00208,breakdown offenses,normal return,normal return,normal return,normal return,not updated,breakdown offenses,breakdown offenses,breakdown offenses,0,0,0,0,0,0,0,0,0,0,0,0,0,6,0,0,0,1,5,0,0,0,0,3,0,0,0,0,9,0,1,1,3,4,0,0,0,0,0,0,0,0,0,0,5,0,0,0,1,4,0,0,0,0,0,0,0,0,0,5,0,1,1,0,1,0,0,0,0,0,0,0,0,0,0,0,0,0,0,0,0,0,0,0,0,0,0,0,0,0,0,0,0,0,0,0,0,0,0,0,0,0,0,0,0,0,0,0,0,0,0,0,0,0,0,0,0,0,0,0,0,0,0,0,0,0,0
Newport Police Department,2003-04-01,Delaware,1137,DE00208,breakdown offenses,normal return,normal return,normal return,normal return,not updated,breakdown offenses,breakdown offenses,breakdown offenses,0,0,0,0,0,0,0,0,0,0,0,0,0,5,0,0,1,0,4,2,0,2,0,5,2,1,1,0,14,0,1,1,9,10,0,0,0,0,0,0,0,0,0,0,2,0,0,1,0,1,0,0,0,0,0,0,0,0,0,2,0,1,1,0,1,0,0,0,0,0,0,0,0,0,0,0,0,0,0,0,0,0,0,0,0,0,0,0,0,0,0,0,0,0,0,0,0,0,0,0,0,0,0,0,0,0,0,0,0,0,0,0,0,0,0,0,0,0,0,0,0,0,0,0,0,0,0
Newport Police Department,2003-03-01,Delaware,1137,DE00208,breakdown offenses,normal return,normal return,normal return,normal return,not updated,breakdown offenses,breakdown offenses,breakdown offenses,0,0,0,0,0,0,0,0,1,0,0,0,1,8,0,0,1,0,7,0,0,0,0,3,3,2,1,0,15,0,1,2,6,8,0,0,0,0,0,0,0,0,0,0,4,0,0,0,0,4,0,0,0,0,0,0,0,0,0,4,0,0,0,0,0,0,0,0,0,0,0,0,0,0,0,1,0,0,0,0,1,0,0,0,0,0,0,0,0,0,1,0,0,0,0,0,0,0,0,0,0,0,0,0,0,0,0,0,0,0,0,0,0,0,0,0,0,0,0,0,0,0,0,0,0,0,0
Newport Police Department,2003-02-01,Delaware,1137,DE00208,breakdown offenses,normal return,normal return,normal return,normal return,not updated,breakdown offenses,breakdown offenses,breakdown offenses,0,0,0,0,0,0,0,0,1,0,1,0,0,5,2,0,2,0,1,0,0,0,0,4,0,0,0,0,10,0,4,5,4,9,0,0,0,0,0,0,0,0,0,0,4,2,0,2,0,0,0,0,0,0,1,0,0,0,0,5,0,4,4,1,5,0,0,0,0,0,0,0,0,0,0,0,0,0,0,0,0,0,0,0,0,0,0,0,0,0,0,0,0,0,0,0,0,0,0,0,0,0,0,0,0,0,0,0,0,0,0,0,0,0,0,0,0,0,0,0,0,0,0,0,0,0,0
Newport Police Department,2003-01-01,Delaware,1137,DE00208,breakdown offenses,normal return,normal return,normal return,normal return,not updated,breakdown offenses,breakdown offenses,breakdown offenses,0,0,0,0,0,0,0,0,0,0,0,0,0,2,0,0,1,0,1,0,0,0,0,10,0,0,0,0,12,0,1,1,10,11,0,0,0,0,0,0,0,0,0,0,1,0,0,1,0,0,0,0,0,0,0,0,0,0,0,1,0,1,1,0,1,0,0,0,0,0,0,0,0,0,0,0,0,0,0,0,0,0,0,0,0,0,0,0,0,0,0,0,0,0,0,0,0,0,0,0,0,0,0,0,0,0,0,0,0,0,0,0,0,0,0,0,0,0,0,0,0,0,0,0,0,0,0
Newport Police Department,2002-12-01,Delaware,1156,DE00208,breakdown offenses,normal return,normal return,normal return,normal return,not updated,breakdown offenses,breakdown offenses,breakdown offenses,0,0,0,0,0,0,0,0,0,0,0,0,0,4,0,0,0,0,4,6,5,1,0,1,0,0,0,0,11,0,0,0,7,7,0,0,0,0,0,0,0,0,0,0,4,0,0,3,0,1,0,0,0,0,0,0,0,0,0,4,0,3,3,0,3,0,0,0,0,0,0,0,0,0,0,0,0,0,0,0,0,0,0,0,0,0,0,0,0,0,0,0,0,0,0,0,0,0,0,0,0,0,0,0,0,0,0,0,0,0,0,0,0,0,0,0,0,0,0,0,0,0,0,0,0,0,0
Newport Police Department,2002-11-01,Delaware,1156,DE00208,breakdown offenses,normal return,normal return,normal return,normal return,not updated,breakdown offenses,breakdown offenses,breakdown offenses,0,0,0,0,0,0,0,0,0,0,0,0,0,4,0,0,0,0,4,2,1,1,0,8,0,0,0,0,14,0,0,0,10,10,0,0,0,0,0,0,0,0,0,0,4,0,0,0,0,4,0,0,0,0,0,0,0,0,0,4,0,0,0,0,0,0,0,0,0,0,0,0,0,0,0,0,0,0,0,0,0,0,0,0,0,0,0,0,0,0,0,0,0,0,0,0,0,0,0,0,0,0,0,0,0,0,0,0,0,0,0,0,0,0,0,0,0,0,0,0,0,0,0,0,0,0,0
Newport Police Department,2002-10-01,Delaware,1156,DE00208,breakdown offenses,normal return,normal return,normal return,normal return,not updated,breakdown offenses,breakdown offenses,breakdown offenses,0,0,0,0,0,0,0,0,1,0,0,0,1,10,0,1,5,0,4,1,0,1,0,3,0,0,0,0,15,0,6,7,4,11,0,0,0,0,0,1,0,0,0,1,3,0,1,1,0,1,0,0,0,0,0,0,0,0,0,4,0,2,3,0,3,0,0,0,0,0,1,0,0,0,1,0,0,0,0,0,0,0,0,0,0,0,0,0,0,0,1,0,0,1,0,1,0,0,0,0,0,0,0,0,0,0,0,0,0,0,0,0,0,0,0,0,0,0,0,0,0,0,0,0,0,0,0
Newport Police Department,2002-09-01,Delaware,1156,DE00208,breakdown offenses,normal return,normal return,normal return,normal return,not updated,breakdown offenses,breakdown offenses,breakdown offenses,0,0,0,0,0,1,1,0,0,0,0,0,0,5,0,0,1,0,4,3,3,0,0,3,2,2,0,0,14,0,1,2,8,10,0,0,1,1,0,0,0,0,0,0,2,0,0,1,0,1,0,0,0,0,0,0,0,0,0,3,0,1,2,0,2,0,0,0,0,0,0,0,0,0,0,0,0,0,0,0,0,0,0,0,0,0,0,0,0,0,0,0,0,0,0,0,0,0,0,0,0,0,0,0,0,0,0,0,0,0,0,0,0,0,0,0,0,0,0,0,0,0,0,0,0,0,0
Newport Police Department,2002-08-01,Delaware,1156,DE00208,breakdown offenses,normal return,normal return,normal return,normal return,not updated,breakdown offenses,breakdown offenses,breakdown offenses,0,0,0,0,0,1,1,0,1,0,0,0,1,7,0,1,0,1,5,0,0,0,0,4,0,0,0,0,13,0,2,4,4,8,0,0,0,0,0,0,0,0,0,0,6,0,1,0,1,4,0,0,0,0,1,0,0,0,0,7,0,2,2,1,3,0,0,0,0,0,0,0,0,0,0,1,0,0,0,1,0,0,0,0,0,0,0,0,0,0,1,0,1,1,0,1,0,0,0,0,0,0,0,0,0,0,0,0,0,0,0,0,0,0,0,0,0,0,0,0,0,0,0,0,0,0,0
Newport Police Department,2002-07-01,Delaware,1156,DE00208,breakdown offenses,normal return,normal return,normal return,normal return,not updated,breakdown offenses,breakdown offenses,breakdown offenses,0,0,0,0,0,0,0,0,1,1,0,0,0,7,0,1,2,0,4,0,0,0,0,5,0,0,0,0,13,0,3,4,5,9,0,0,0,0,0,0,0,0,0,0,2,0,0,1,0,1,0,0,0,0,0,0,0,0,0,2,0,1,1,0,1,0,0,0,0,0,0,0,0,0,0,0,0,0,0,0,0,0,0,0,0,0,0,0,0,0,0,0,0,0,0,0,0,0,0,0,0,0,0,0,0,0,0,0,0,0,0,0,0,0,0,0,0,0,0,0,0,0,0,0,0,0,0
Newport Police Department,2002-06-01,Delaware,1156,DE00208,breakdown offenses,normal return,normal return,normal return,normal return,not updated,breakdown offenses,breakdown offenses,breakdown offenses,0,0,0,0,0,0,0,0,0,0,0,0,0,4,0,1,0,0,3,0,0,0,0,3,0,0,0,0,7,0,1,1,3,4,0,0,0,0,0,0,0,0,0,0,2,0,1,0,0,1,0,0,0,0,0,0,0,0,0,2,0,1,1,0,1,0,0,0,0,0,0,0,0,0,0,0,0,0,0,0,0,0,0,0,0,0,0,0,0,0,0,0,0,0,0,0,0,0,0,0,0,0,0,0,0,0,0,0,0,0,0,0,0,0,0,0,0,0,0,0,0,0,0,0,0,0,0
Newport Police Department,2002-05-01,Delaware,1156,DE00208,breakdown offenses,normal return,normal return,normal return,normal return,not updated,breakdown offenses,breakdown offenses,breakdown offenses,0,0,0,0,0,0,0,0,0,0,0,0,0,5,0,0,0,0,5,3,3,0,0,4,2,2,0,0,14,0,0,0,9,9,0,0,0,0,0,0,0,0,0,0,5,0,0,0,0,5,0,0,0,0,0,0,0,0,0,5,0,0,0,0,0,0,0,0,0,0,0,0,0,0,0,1,0,0,0,0,1,0,0,0,0,0,0,0,0,0,1,0,0,0,0,0,0,0,0,0,0,0,0,0,0,0,0,0,0,0,0,0,0,0,0,0,0,0,0,0,0,0,0,0,0,0,0
Newport Police Department,2002-04-01,Delaware,1156,DE00208,breakdown offenses,normal return,normal return,normal return,normal return,not updated,breakdown offenses,breakdown offenses,breakdown offenses,0,0,0,0,0,0,0,0,0,0,0,0,0,0,0,0,0,0,0,0,0,0,0,0,2,2,0,0,2,0,0,0,2,2,0,0,0,0,0,0,0,0,0,0,0,0,0,0,0,0,0,0,0,0,0,0,0,0,0,0,0,0,0,0,0,0,0,0,0,0,0,0,0,0,0,0,0,0,0,0,0,0,0,0,0,0,0,0,0,0,0,0,0,0,0,0,0,0,0,0,0,0,0,0,0,0,0,0,0,0,0,0,0,0,0,0,0,0,0,0,0,0,0,0,0,0,0
Newport Police Department,2002-03-01,Delaware,1156,DE00208,breakdown offenses,normal return,normal return,normal return,normal return,not updated,breakdown offenses,breakdown offenses,breakdown offenses,0,0,0,0,0,0,0,0,0,0,0,0,0,3,0,0,0,0,3,0,0,0,0,2,0,0,0,0,5,0,0,0,2,2,0,0,0,0,0,0,0,0,0,0,2,0,0,0,0,2,0,0,0,0,0,0,0,0,0,2,0,0,0,0,0,0,0,0,0,0,0,0,0,0,0,1,0,0,0,0,1,0,0,0,0,0,0,0,0,0,1,0,0,0,0,0,0,0,0,0,0,0,0,0,0,0,0,0,0,0,0,0,0,0,0,0,0,0,0,0,0,0,0,0,0,0,0
Newport Police Department,2002-02-01,Delaware,1156,DE00208,breakdown offenses,normal return,normal return,normal return,normal return,not updated,breakdown offenses,breakdown offenses,breakdown offenses,0,0,0,0,0,0,0,0,0,0,0,0,0,8,0,0,3,0,5,0,0,0,0,4,0,0,0,0,12,0,3,3,4,7,0,0,0,0,0,0,0,0,0,0,5,0,0,2,0,3,0,0,0,0,1,0,0,0,0,6,0,2,2,1,3,0,0,0,0,0,0,0,0,0,0,0,0,0,0,0,0,0,0,0,0,0,0,0,0,0,0,0,0,0,0,0,0,0,0,0,0,0,0,0,0,0,0,0,0,0,0,0,0,0,0,0,0,0,0,0,0,0,0,0,0,0,0
Newport Police Department,2002-01-01,Delaware,1156,DE00208,breakdown offenses,normal return,normal return,normal return,normal return,not updated,breakdown offenses,breakdown offenses,breakdown offenses,0,0,0,0,0,0,0,0,2,2,0,0,0,3,0,0,0,0,3,3,1,2,0,4,1,1,0,0,13,0,0,2,8,10,0,0,0,0,0,0,0,0,0,0,0,0,0,0,0,0,0,0,0,0,0,0,0,0,0,0,0,0,0,0,0,0,0,0,0,0,0,0,0,0,0,0,0,0,0,0,0,0,0,0,0,0,0,0,0,0,0,0,0,0,0,0,0,0,0,0,0,0,0,0,0,0,0,0,0,0,0,0,0,0,0,0,0,0,0,0,0,0,0,0,0,0,0
Newport Police Department,2001-12-01,Delaware,1140,DE00208,breakdown offenses,normal return,normal return,normal return,normal return,not updated,breakdown offenses,breakdown offenses,breakdown offenses,0,0,0,0,0,0,0,0,0,0,0,0,0,4,0,0,1,1,2,2,2,0,0,2,2,1,1,0,10,0,2,2,6,8,0,0,0,0,0,0,0,0,0,0,3,0,0,1,0,2,0,0,0,0,0,0,0,0,0,3,0,1,1,0,1,0,0,0,0,0,0,0,0,0,0,0,0,0,0,0,0,0,0,0,0,0,0,0,0,0,0,0,0,0,0,0,0,0,0,0,0,0,0,0,0,0,0,0,0,0,0,0,0,0,0,0,0,0,0,0,0,0,0,0,0,0,0
Newport Police Department,2001-11-01,Delaware,1140,DE00208,breakdown offenses,normal return,normal return,normal return,normal return,not updated,breakdown offenses,breakdown offenses,breakdown offenses,0,0,0,0,0,0,0,0,1,1,0,0,0,4,0,0,1,0,3,2,0,2,0,3,0,0,0,0,10,0,1,2,5,7,0,0,0,0,0,0,0,0,0,0,1,0,0,0,0,1,0,0,0,0,0,0,0,0,0,1,0,0,0,0,0,0,0,0,0,0,0,0,0,0,0,0,0,0,0,0,0,0,0,0,0,0,0,0,0,0,0,0,0,0,0,0,0,0,0,0,0,0,0,0,0,0,0,0,0,0,0,0,0,0,0,0,0,0,0,0,0,0,0,0,0,0,0
Newport Police Department,2001-10-01,Delaware,1140,DE00208,breakdown offenses,normal return,normal return,normal return,normal return,not updated,breakdown offenses,breakdown offenses,breakdown offenses,0,0,0,0,0,0,0,0,0,0,0,0,0,1,0,0,0,0,1,1,0,1,0,4,2,1,1,0,8,0,0,0,7,7,0,0,0,0,0,0,0,0,0,0,0,0,0,0,0,0,0,0,0,0,0,0,0,0,0,0,0,0,0,0,0,0,0,0,0,0,0,0,0,0,0,0,0,0,0,0,0,0,0,0,0,0,0,0,0,0,0,0,0,0,0,0,0,0,0,0,0,0,0,0,0,0,0,0,0,0,0,0,0,0,0,0,0,0,0,0,0,0,0,0,0,0,0
Newport Police Department,2001-09-01,Delaware,1140,DE00208,breakdown offenses,normal return,normal return,normal return,normal return,not updated,breakdown offenses,breakdown offenses,breakdown offenses,0,0,0,0,0,0,0,0,0,0,0,0,0,1,0,0,0,0,1,0,0,0,0,3,0,0,0,0,4,0,0,0,3,3,0,0,0,0,0,0,0,0,0,0,0,0,0,0,0,0,0,0,0,0,0,0,0,0,0,0,0,0,0,0,0,0,0,0,0,0,0,0,0,0,0,0,0,0,0,0,0,0,0,0,0,0,0,0,0,0,0,0,0,0,0,0,0,0,0,0,0,0,0,0,0,0,0,0,0,0,0,0,0,0,0,0,0,0,0,0,0,0,0,0,0,0,0
Newport Police Department,2001-08-01,Delaware,1140,DE00208,breakdown offenses,normal return,normal return,normal return,normal return,not updated,breakdown offenses,breakdown offenses,breakdown offenses,0,0,0,0,0,0,0,0,0,0,0,0,0,5,0,0,0,0,5,1,1,0,0,5,0,0,0,0,11,0,0,0,6,6,0,0,0,0,0,0,0,0,0,0,3,0,0,0,0,3,0,0,0,0,0,1,1,0,0,4,0,0,0,1,1,0,0,0,0,0,0,0,0,0,0,0,0,0,0,0,0,0,0,0,0,0,0,0,0,0,0,0,0,0,0,0,0,0,0,0,0,0,0,0,0,0,0,0,0,0,0,0,0,0,0,0,0,0,0,0,0,0,0,0,0,0,0
Newport Police Department,2001-07-01,Delaware,1140,DE00208,breakdown offenses,normal return,normal return,normal return,normal return,not updated,breakdown offenses,breakdown offenses,breakdown offenses,0,0,0,0,0,1,1,0,1,0,1,0,0,7,0,3,0,0,4,0,0,0,0,3,4,3,1,0,16,0,3,5,7,12,0,0,0,0,0,0,0,0,0,0,1,0,0,0,0,1,0,0,0,0,0,0,0,0,0,1,0,0,0,0,0,0,0,0,0,0,0,0,0,0,0,1,0,0,0,0,1,0,0,0,0,0,0,0,0,0,1,0,0,0,0,0,0,0,0,0,0,0,0,0,0,0,0,0,0,0,0,0,0,0,0,0,0,0,0,0,0,0,0,0,0,0,0
Newport Police Department,2001-06-01,Delaware,1140,DE00208,breakdown offenses,normal return,normal return,normal return,normal return,not updated,breakdown offenses,breakdown offenses,breakdown offenses,0,0,0,0,0,0,0,0,0,0,0,0,0,3,0,0,2,0,1,3,2,1,0,0,0,0,0,0,6,0,2,2,3,5,0,0,0,0,0,0,0,0,0,0,0,0,0,0,0,0,0,0,0,0,0,0,0,0,0,0,0,0,0,0,0,0,0,0,0,0,0,0,0,0,0,0,0,0,0,0,0,0,0,0,0,0,0,0,0,0,0,0,0,0,0,0,0,0,0,0,0,0,0,0,0,0,0,0,0,0,0,0,0,0,0,0,0,0,0,0,0,0,0,0,0,0,0
Newport Police Department,2001-05-01,Delaware,1140,DE00208,breakdown offenses,normal return,normal return,normal return,normal return,not updated,breakdown offenses,breakdown offenses,breakdown offenses,0,0,0,0,0,0,0,0,0,0,0,0,0,2,0,0,1,0,1,1,0,1,0,8,1,1,0,0,12,0,1,1,10,11,0,0,0,0,0,0,0,0,0,0,1,0,0,1,0,0,0,0,0,0,1,0,0,0,0,2,0,1,1,1,2,0,0,0,0,0,0,0,0,0,0,0,0,0,0,0,0,0,0,0,0,0,0,0,0,0,0,0,0,0,0,0,0,0,0,0,0,0,0,0,0,0,0,0,0,0,0,0,0,0,0,0,0,0,0,0,0,0,0,0,0,0,0
Newport Police Department,2001-04-01,Delaware,1140,DE00208,breakdown offenses,normal return,normal return,normal return,normal return,not updated,breakdown offenses,breakdown offenses,breakdown offenses,0,0,0,0,0,0,0,0,0,0,0,0,0,5,0,0,1,0,4,3,3,0,0,9,1,1,0,0,18,0,1,1,13,14,0,0,0,0,0,0,0,0,0,0,3,0,0,0,0,3,0,0,0,0,1,1,1,0,0,5,0,0,0,2,2,0,0,0,0,0,0,0,0,0,0,0,0,0,0,0,0,0,0,0,0,0,0,0,0,0,0,0,0,0,0,0,0,0,0,0,0,0,0,0,0,0,0,0,0,0,0,0,0,0,0,0,0,0,0,0,0,0,0,0,0,0,0
Newport Police Department,2001-03-01,Delaware,1140,DE00208,breakdown offenses,normal return,normal return,normal return,normal return,not updated,breakdown offenses,breakdown offenses,breakdown offenses,0,0,0,0,0,0,0,0,0,0,0,0,0,2,0,0,0,0,2,1,0,0,1,4,2,2,0,0,9,0,0,0,7,7,0,0,1,1,0,0,0,0,0,0,1,0,0,0,0,1,0,0,0,0,0,0,0,0,0,2,0,0,1,0,1,0,0,0,0,0,0,0,0,0,0,0,0,0,0,0,0,0,0,0,0,0,0,0,0,0,0,0,0,0,0,0,0,0,0,0,0,0,0,0,0,0,0,0,0,0,0,0,0,0,0,0,0,0,0,0,0,0,0,0,0,0,0
Newport Police Department,2001-02-01,Delaware,1140,DE00208,breakdown offenses,normal return,normal return,normal return,normal return,not updated,breakdown offenses,breakdown offenses,breakdown offenses,0,0,0,0,0,0,0,0,0,0,0,0,0,4,0,0,1,0,3,0,0,0,0,2,1,1,0,0,7,0,1,1,3,4,0,0,0,0,0,0,0,0,0,0,1,0,0,1,0,0,0,0,0,0,0,0,0,0,0,1,0,1,1,0,1,0,0,0,0,0,0,0,0,0,0,0,0,0,0,0,0,0,0,0,0,0,0,0,0,0,0,0,0,0,0,0,0,0,0,0,0,0,0,0,0,0,0,0,0,0,0,0,0,0,0,0,0,0,0,0,0,0,0,0,0,0,0
Newport Police Department,2001-01-01,Delaware,1140,DE00208,breakdown offenses,normal return,normal return,normal return,normal return,not updated,breakdown offenses,breakdown offenses,breakdown offenses,0,0,0,0,0,2,1,1,2,2,0,0,0,0,0,0,0,0,0,0,0,0,0,9,1,1,0,0,14,0,0,4,10,14,0,0,0,0,0,1,1,0,0,0,0,0,0,0,0,0,0,0,0,0,0,0,0,0,0,1,0,0,1,0,1,0,0,0,0,0,0,0,0,0,0,0,0,0,0,0,0,0,0,0,0,0,0,0,0,0,0,0,0,0,0,0,0,0,0,0,0,0,0,0,0,0,0,0,0,0,0,0,0,0,0,0,0,0,0,0,0,0,0,0,0,0,0
Newport Police Department,2000-12-01,Delaware,1122,DE00208,breakdown offenses,normal return,normal return,normal return,normal return,normal return,breakdown offenses,breakdown offenses,breakdown offenses,0,0,0,0,0,0,0,0,0,0,0,0,0,3,0,0,0,0,3,1,1,0,0,3,0,0,0,0,7,0,0,0,4,4,0,0,0,0,0,0,0,0,0,0,1,0,0,0,0,1,0,0,0,0,0,0,0,0,0,1,0,0,0,0,0,0,0,0,0,0,0,0,0,0,0,0,0,0,0,0,0,0,0,0,0,0,0,0,0,0,0,0,0,0,0,0,0,0,0,0,0,0,0,0,0,0,0,0,0,0,0,0,0,0,0,0,0,0,0,0,0,0,0,0,0,0,0
Newport Police Department,2000-11-01,Delaware,1122,DE00208,breakdown offenses,normal return,normal return,normal return,normal return,normal return,breakdown offenses,breakdown offenses,breakdown offenses,0,0,2,0,0,0,0,0,0,0,0,0,0,3,0,0,0,0,3,2,1,0,1,2,1,0,1,0,8,0,0,0,5,5,0,0,0,0,0,0,0,0,0,0,2,0,0,0,0,2,0,0,0,0,1,0,0,0,0,3,0,0,0,1,1,0,0,0,0,0,0,0,0,0,0,0,0,0,0,0,0,0,0,0,0,0,0,0,0,0,0,0,0,0,0,0,0,0,0,0,0,0,0,0,0,0,0,0,0,0,0,0,0,0,0,0,0,0,0,0,0,0,0,0,0,0,0
Newport Police Department,2000-10-01,Delaware,1122,DE00208,breakdown offenses,normal return,normal return,normal return,normal return,normal return,breakdown offenses,breakdown offenses,breakdown offenses,0,0,0,0,0,0,0,0,0,0,0,0,0,1,0,0,0,0,1,1,1,0,0,5,0,0,0,0,7,0,0,0,6,6,0,0,0,0,0,0,0,0,0,0,0,0,0,0,0,0,1,1,0,0,1,0,0,0,0,2,0,0,0,2,2,0,0,0,0,0,0,0,0,0,0,0,0,0,0,0,0,0,0,0,0,0,0,0,0,0,0,0,0,0,0,0,0,0,0,0,0,0,0,0,0,0,0,0,0,0,0,0,0,0,0,0,0,0,0,0,0,0,0,0,0,0,0
Newport Police Department,2000-09-01,Delaware,1122,DE00208,breakdown offenses,normal return,normal return,normal return,normal return,normal return,breakdown offenses,breakdown offenses,breakdown offenses,0,0,1,0,0,0,0,0,1,1,0,0,0,3,0,0,1,0,2,0,0,0,0,6,2,1,0,1,12,0,1,2,8,10,0,0,0,0,0,0,0,0,0,0,3,0,0,1,0,2,0,0,0,0,2,0,0,0,0,5,0,1,1,2,3,0,0,0,0,0,0,0,0,0,0,0,0,0,0,0,0,0,0,0,0,1,0,0,0,0,1,0,0,0,1,1,0,0,0,0,0,0,0,0,0,0,0,0,0,0,0,0,0,0,0,0,0,0,0,0,0,0,0,0,0,0,0
Newport Police Department,2000-08-01,Delaware,1122,DE00208,breakdown offenses,normal return,normal return,normal return,normal return,normal return,breakdown offenses,breakdown offenses,breakdown offenses,0,0,0,0,0,0,0,0,0,0,0,0,0,2,0,0,0,0,2,2,0,1,1,4,0,0,0,0,8,0,0,0,6,6,0,0,0,0,0,0,0,0,0,0,0,0,0,0,0,0,0,0,0,0,0,0,0,0,0,0,0,0,0,0,0,0,0,0,0,0,0,0,0,0,0,0,0,0,0,0,0,0,0,0,0,0,0,0,0,0,0,0,0,0,0,0,0,0,0,0,0,0,0,0,0,0,0,0,0,0,0,0,0,0,0,0,0,0,0,0,0,0,0,0,0,0,0
Newport Police Department,2000-07-01,Delaware,1122,DE00208,breakdown offenses,normal return,normal return,normal return,normal return,normal return,breakdown offenses,breakdown offenses,breakdown offenses,0,0,0,0,0,0,0,0,0,0,0,0,0,2,0,0,0,0,2,0,0,0,0,8,0,0,0,0,10,0,0,0,8,8,0,0,0,0,0,0,0,0,0,0,2,0,0,0,0,2,0,0,0,0,0,0,0,0,0,2,0,0,0,0,0,0,0,0,0,0,0,0,0,0,0,0,0,0,0,0,0,0,0,0,0,0,0,0,0,0,0,0,0,0,0,0,0,0,0,0,0,0,0,0,0,0,0,0,0,0,0,0,0,0,0,0,0,0,0,0,0,0,0,0,0,0,0
Newport Police Department,2000-06-01,Delaware,1122,DE00208,breakdown offenses,adjustment,adjustment,adjustment,adjustment,adjustment,breakdown offenses,breakdown offenses,breakdown offenses,0,0,0,0,0,0,0,0,0,0,0,0,0,3,0,0,0,0,3,0,0,0,0,4,0,0,0,0,7,0,0,0,4,4,0,0,0,0,0,0,0,0,0,0,2,0,0,0,0,2,0,0,0,0,0,0,0,0,0,2,0,0,0,0,0,0,0,0,0,0,0,0,0,0,0,0,0,0,0,0,0,0,0,0,0,0,0,0,0,0,0,0,0,0,0,0,0,0,0,0,0,0,0,0,0,0,0,0,0,0,0,0,0,0,0,0,0,0,0,0,0,0,0,0,0,0,0
Newport Police Department,2000-05-01,Delaware,1122,DE00208,breakdown offenses,adjustment,adjustment,adjustment,adjustment,adjustment,breakdown offenses,breakdown offenses,breakdown offenses,0,0,0,0,0,0,0,0,0,0,0,0,0,7,0,0,0,1,6,1,1,0,0,5,1,1,0,0,14,0,1,1,7,8,0,0,0,0,0,0,0,0,0,0,5,0,0,0,1,4,0,0,0,0,2,0,0,0,0,7,0,1,1,2,3,0,0,0,0,0,0,0,0,0,0,3,0,0,0,0,3,0,0,0,0,0,0,0,0,0,3,0,0,0,0,0,0,0,0,0,0,0,0,0,0,0,0,0,0,0,0,0,0,0,0,0,0,0,0,0,0,0,0,0,0,0,0
Newport Police Department,2000-04-01,Delaware,1122,DE00208,breakdown offenses,normal return,normal return,normal return,normal return,normal return,breakdown offenses,breakdown offenses,breakdown offenses,0,0,0,0,0,0,0,0,0,0,0,0,0,6,0,0,0,0,6,3,0,3,0,8,0,0,0,0,17,0,0,0,11,11,0,0,0,0,0,0,0,0,0,0,5,0,0,0,0,5,0,0,0,0,0,0,0,0,0,5,0,0,0,0,0,0,0,0,0,0,0,0,0,0,0,0,0,0,0,0,0,0,0,0,0,0,0,0,0,0,0,0,0,0,0,0,0,0,0,0,0,0,0,0,0,0,0,0,0,0,0,0,0,0,0,0,0,0,0,0,0,0,0,0,0,0,0
Newport Police Department,2000-03-01,Delaware,1122,DE00208,breakdown offenses,adjustment,adjustment,adjustment,adjustment,adjustment,breakdown offenses,breakdown offenses,breakdown offenses,0,0,0,0,0,0,0,0,0,0,0,0,0,0,0,0,0,0,0,0,0,0,0,2,0,0,0,0,2,0,0,0,2,2,0,0,0,0,0,0,0,0,0,0,0,0,0,0,0,0,0,0,0,0,0,0,0,0,0,0,0,0,0,0,0,0,0,0,0,0,0,0,0,0,0,0,0,0,0,0,0,0,0,0,0,0,0,0,0,0,0,0,0,0,0,0,0,0,0,0,0,0,0,0,0,0,0,0,0,0,0,0,0,0,0,0,0,0,0,0,0,0,0,0,0,0,0
Newport Police Department,2000-02-01,Delaware,1122,DE00208,breakdown offenses,normal return,normal return,normal return,normal return,normal return,breakdown offenses,breakdown offenses,breakdown offenses,0,0,0,0,0,0,0,0,0,0,0,0,0,2,0,0,0,0,2,0,0,0,0,5,0,0,0,0,7,0,0,0,5,5,0,0,0,0,0,0,0,0,0,0,2,0,0,0,0,2,0,0,0,0,0,0,0,0,0,2,0,0,0,0,0,0,0,0,0,0,0,0,0,0,0,0,0,0,0,0,0,0,0,0,0,0,0,0,0,0,0,0,0,0,0,0,0,0,0,0,0,0,0,0,0,0,0,0,0,0,0,0,0,0,0,0,0,0,0,0,0,0,0,0,0,0,0
Newport Police Department,2000-01-01,Delaware,1122,DE00208,breakdown offenses,normal return,normal return,normal return,normal return,normal return,breakdown offenses,breakdown offenses,breakdown offenses,0,0,0,0,0,0,0,0,0,0,0,0,0,6,0,0,0,0,6,1,0,1,0,1,1,1,0,0,9,0,0,0,3,3,0,0,0,0,0,0,0,0,0,0,0,0,0,0,0,0,0,0,0,0,0,0,0,0,0,0,0,0,0,0,0,0,0,0,0,0,0,0,0,0,0,0,0,0,0,0,0,0,0,0,0,0,0,0,0,0,0,0,0,0,0,0,0,0,0,0,0,0,0,0,0,0,0,0,0,0,0,0,0,0,0,0,0,0,0,0,0,0,0,0,0,0,0
Newport Police Department,1999-12-01,Delaware,1228,DE00208,breakdown offenses,adjustment,adjustment,adjustment,adjustment,adjustment,breakdown offenses,breakdown offenses,breakdown offenses,0,0,0,0,0,0,0,0,0,0,0,0,0,6,0,1,0,0,5,2,1,1,0,3,0,0,0,0,11,0,1,1,5,6,0,0,0,0,0,0,0,0,0,0,5,0,1,0,0,4,0,0,0,0,0,0,0,0,0,5,0,1,1,0,1,0,0,0,0,0,0,0,0,0,0,0,0,0,0,0,0,0,0,0,0,0,0,0,0,0,0,0,0,0,0,0,0,0,0,0,0,0,0,0,0,0,0,0,0,0,0,0,0,0,0,0,0,0,0,0,0,0,0,0,0,0,0
Newport Police Department,1999-11-01,Delaware,1228,DE00208,breakdown offenses,adjustment,adjustment,adjustment,adjustment,adjustment,breakdown offenses,breakdown offenses,breakdown offenses,0,0,0,0,0,0,0,0,0,0,0,0,0,1,0,0,0,0,1,4,3,0,1,6,2,2,0,0,13,0,0,0,12,12,0,0,0,0,0,0,0,0,0,0,1,0,0,0,0,1,1,1,0,0,0,0,0,0,0,2,0,0,0,1,1,0,0,0,0,0,0,0,0,0,0,0,0,0,0,0,0,0,0,0,0,0,0,0,0,0,0,0,0,0,0,0,0,0,0,0,0,0,0,0,0,0,0,0,0,0,0,0,0,0,0,0,0,0,0,0,0,0,0,0,0,0,0
Newport Police Department,1999-10-01,Delaware,1228,DE00208,breakdown offenses,normal return,normal return,normal return,normal return,normal return,breakdown offenses,breakdown offenses,breakdown offenses,0,0,0,0,0,0,0,0,0,0,0,0,0,4,0,0,0,0,4,1,1,0,0,7,0,0,0,0,12,0,0,0,8,8,0,0,0,0,0,0,0,0,0,0,3,0,0,0,0,3,0,0,0,0,1,0,0,0,0,4,0,0,0,1,1,0,0,0,0,0,0,0,0,0,0,0,0,0,0,0,0,0,0,0,0,0,0,0,0,0,0,0,0,0,0,0,0,0,0,0,0,0,0,0,0,0,0,0,0,0,0,0,0,0,0,0,0,0,0,0,0,0,0,0,0,0,0
Newport Police Department,1999-09-01,Delaware,1228,DE00208,breakdown offenses,normal return,normal return,normal return,normal return,normal return,breakdown offenses,breakdown offenses,breakdown offenses,0,0,0,0,0,0,0,0,0,0,0,0,0,2,0,0,0,0,2,0,0,0,0,2,0,0,0,0,4,0,0,0,2,2,0,0,0,0,0,0,0,0,0,0,0,0,0,0,0,0,0,0,0,0,0,0,0,0,0,0,0,0,0,0,0,0,0,0,0,0,0,0,0,0,0,0,0,0,0,0,0,0,0,0,0,0,0,0,0,0,0,0,0,0,0,0,0,0,0,0,0,0,0,0,0,0,0,0,0,0,0,0,0,0,0,0,0,0,0,0,0,0,0,0,0,0,0
Newport Police Department,1999-08-01,Delaware,1228,DE00208,breakdown offenses,normal return,normal return,normal return,normal return,normal return,breakdown offenses,breakdown offenses,breakdown offenses,0,0,0,0,0,0,0,0,0,0,0,0,0,4,0,0,1,0,3,1,0,1,0,3,0,0,0,0,8,0,1,1,4,5,0,0,0,0,0,0,0,0,0,0,1,0,0,0,0,1,0,0,0,0,0,0,0,0,0,1,0,0,0,0,0,0,0,0,0,0,0,0,0,0,0,0,0,0,0,0,0,0,0,0,0,0,0,0,0,0,0,0,0,0,0,0,0,0,0,0,0,0,0,0,0,0,1,0,0,0,0,1,0,0,0,0,0,0,0,0,0,1,0,0,0,0,0
Newport Police Department,1999-07-01,Delaware,1228,DE00208,breakdown offenses,normal return,normal return,normal return,normal return,normal return,breakdown offenses,breakdown offenses,breakdown offenses,0,0,0,0,0,0,0,0,0,0,0,0,0,3,0,0,0,0,3,4,1,2,1,4,0,0,0,0,11,0,0,0,8,8,0,0,0,0,0,0,0,0,0,0,2,0,0,0,0,2,1,0,1,0,0,0,0,0,0,3,0,0,0,1,1,0,0,0,0,0,0,0,0,0,0,0,0,0,0,0,0,0,0,0,0,0,0,0,0,0,0,0,0,0,0,0,0,0,0,0,0,0,0,0,0,0,0,0,0,0,0,0,0,0,0,0,0,0,0,0,0,0,0,0,0,0,0
Newport Police Department,1999-06-01,Delaware,1228,DE00208,breakdown offenses,normal return,normal return,normal return,normal return,normal return,breakdown offenses,breakdown offenses,breakdown offenses,0,0,0,0,0,0,0,0,0,0,0,0,0,5,0,1,0,1,3,1,1,0,0,5,1,1,0,0,12,0,2,2,7,9,0,0,0,0,0,0,0,0,0,0,3,0,1,0,1,1,0,0,0,0,0,1,1,0,0,4,0,2,2,1,3,0,0,0,0,0,0,0,0,0,0,0,0,0,0,0,0,0,0,0,0,0,0,0,0,0,0,0,0,0,0,0,0,0,0,0,0,0,0,0,0,0,0,0,0,0,0,0,0,0,0,0,0,0,0,0,0,0,0,0,0,0,0
Newport Police Department,1999-05-01,Delaware,1228,DE00208,breakdown offenses,normal return,normal return,normal return,normal return,normal return,breakdown offenses,breakdown offenses,breakdown offenses,0,0,0,0,0,0,0,0,0,0,0,0,0,2,0,0,0,0,2,1,1,0,0,5,0,0,0,0,8,0,0,0,6,6,0,0,0,0,0,0,0,0,0,0,1,0,0,0,0,1,0,0,0,0,0,0,0,0,0,1,0,0,0,0,0,0,0,0,0,0,0,0,0,0,0,0,0,0,0,0,0,0,0,0,0,0,0,0,0,0,0,0,0,0,0,0,0,0,0,0,0,0,0,0,0,0,0,0,0,0,0,0,0,0,0,0,0,0,0,0,0,0,0,0,0,0,0
Newport Police Department,1999-04-01,Delaware,1228,DE00208,breakdown offenses,normal return,normal return,normal return,normal return,normal return,breakdown offenses,breakdown offenses,breakdown offenses,0,0,2,0,0,0,0,0,0,0,0,0,0,14,0,0,4,0,10,2,2,0,0,4,2,2,0,0,22,0,4,4,8,12,0,0,0,0,0,0,0,0,0,0,10,0,0,3,0,7,1,1,0,0,0,0,0,0,0,11,0,3,3,1,4,0,0,0,0,0,0,0,0,0,0,0,0,0,0,0,0,0,0,0,0,0,0,0,0,0,0,0,0,0,0,0,0,0,0,0,0,0,0,0,0,0,0,0,0,0,0,0,0,0,0,0,0,0,0,0,0,0,0,0,0,0,0
Newport Police Department,1999-03-01,Delaware,1228,DE00208,breakdown offenses,normal return,normal return,normal return,normal return,normal return,breakdown offenses,breakdown offenses,breakdown offenses,0,0,0,0,0,0,0,0,1,0,0,0,1,3,0,1,0,0,2,0,0,0,0,4,0,0,0,0,8,0,1,2,4,6,0,0,0,0,0,0,0,0,0,0,3,0,1,0,0,2,0,0,0,0,0,0,0,0,0,3,0,1,1,0,1,0,0,0,0,0,0,0,0,0,0,0,0,0,0,0,0,0,0,0,0,0,0,0,0,0,0,0,0,0,0,0,0,0,0,0,0,0,0,0,0,0,0,0,0,0,0,0,0,0,0,0,0,0,0,0,0,0,0,0,0,0,0
Newport Police Department,1999-02-01,Delaware,1228,DE00208,breakdown offenses,normal return,normal return,normal return,normal return,normal return,breakdown offenses,breakdown offenses,breakdown offenses,0,0,1,0,0,0,0,0,0,0,0,0,0,4,0,0,0,0,4,2,0,1,1,2,0,0,0,0,8,0,0,0,4,4,0,0,0,0,0,0,0,0,0,0,1,0,0,0,0,1,0,0,0,0,0,0,0,0,0,1,0,0,0,0,0,0,0,0,0,0,0,0,0,0,0,0,0,0,0,0,0,0,0,0,0,0,0,0,0,0,0,0,0,0,0,0,0,0,0,0,0,0,0,0,0,0,0,0,0,0,0,0,0,0,0,0,0,0,0,0,0,0,0,0,0,0,0
Newport Police Department,1999-01-01,Delaware,1228,DE00208,breakdown offenses,normal return,normal return,normal return,normal return,normal return,breakdown offenses,breakdown offenses,breakdown offenses,0,0,0,0,0,0,0,0,0,0,0,0,0,7,0,0,0,0,7,1,0,1,0,2,0,0,0,0,10,0,0,0,3,3,0,0,0,0,0,0,0,0,0,0,3,0,0,0,0,3,0,0,0,0,0,0,0,0,0,3,0,0,0,0,0,0,0,0,0,0,0,0,0,0,0,0,0,0,0,0,0,0,0,0,0,0,0,0,0,0,0,0,0,0,0,0,0,0,0,0,0,0,0,0,0,0,0,0,0,0,0,0,0,0,0,0,0,0,0,0,0,0,0,0,0,0,0
Newport Police Department,1998-12-01,Delaware,1248,DE00208,breakdown offenses,normal return,normal return,normal return,normal return,normal return,breakdown offenses,breakdown offenses,breakdown offenses,0,0,0,0,0,0,0,0,0,0,0,0,0,11,0,0,1,1,9,0,0,0,0,7,0,0,0,0,18,0,2,2,7,9,0,0,0,0,0,0,0,0,0,0,6,0,0,1,0,5,0,0,0,0,1,0,0,0,0,7,0,1,1,1,2,0,0,0,0,0,0,0,0,0,0,0,0,0,0,0,0,0,0,0,0,0,0,0,0,0,0,0,0,0,0,0,0,0,0,0,0,0,0,0,0,0,0,0,0,0,0,0,0,0,0,0,0,0,0,0,0,0,0,0,0,0,0
Newport Police Department,1998-11-01,Delaware,1248,DE00208,breakdown offenses,normal return,normal return,normal return,normal return,normal return,breakdown offenses,breakdown offenses,breakdown offenses,0,0,0,0,0,0,0,0,0,0,0,0,0,10,0,0,0,1,9,0,0,0,0,1,0,0,0,0,11,0,1,1,1,2,0,0,0,0,0,0,0,0,0,0,6,0,0,0,1,5,0,0,0,0,1,0,0,0,0,7,0,1,1,1,2,0,0,0,0,0,0,0,0,0,0,0,0,0,0,0,0,0,0,0,0,0,0,0,0,0,0,0,0,0,0,0,0,0,0,0,0,0,0,0,0,0,0,0,0,0,0,0,0,0,0,0,0,0,0,0,0,0,0,0,0,0,0
Newport Police Department,1998-10-01,Delaware,1248,DE00208,breakdown offenses,normal return,normal return,normal return,normal return,normal return,breakdown offenses,breakdown offenses,breakdown offenses,0,0,0,0,0,0,0,0,2,2,0,0,0,8,0,0,1,0,7,2,0,2,0,1,1,1,0,0,14,0,1,3,4,7,0,0,0,0,0,0,0,0,0,0,5,0,0,0,0,5,0,0,0,0,1,0,0,0,0,6,0,0,0,1,1,0,0,0,0,0,0,0,0,0,0,1,0,0,0,0,1,0,0,0,0,0,0,0,0,0,1,0,0,0,0,0,0,0,0,0,0,0,0,0,0,0,0,0,0,0,0,0,0,0,0,0,0,0,0,0,0,0,0,0,0,0,0
Newport Police Department,1998-09-01,Delaware,1248,DE00208,breakdown offenses,normal return,normal return,normal return,normal return,normal return,breakdown offenses,breakdown offenses,breakdown offenses,0,0,0,0,0,0,0,0,0,0,0,0,0,11,1,0,0,0,10,1,0,1,0,3,3,3,0,0,18,0,1,1,7,8,0,0,0,0,0,0,0,0,0,0,4,1,0,0,0,3,0,0,0,0,0,0,0,0,0,4,0,1,1,0,1,0,0,0,0,0,0,0,0,0,0,0,0,0,0,0,0,0,0,0,0,0,0,0,0,0,0,0,0,0,0,0,0,0,0,0,0,0,0,0,0,0,0,0,0,0,0,0,0,0,0,0,0,0,0,0,0,0,0,0,0,0,0
Newport Police Department,1998-08-01,Delaware,1248,DE00208,breakdown offenses,normal return,normal return,normal return,normal return,normal return,breakdown offenses,breakdown offenses,breakdown offenses,0,0,1,0,0,0,0,0,0,0,0,0,0,11,0,0,2,0,9,0,0,0,0,5,0,0,0,0,16,0,2,2,5,7,0,0,0,0,0,0,0,0,0,0,8,0,0,1,0,7,0,0,0,0,0,0,0,0,0,8,0,1,1,0,1,0,0,0,0,0,0,0,0,0,0,3,0,0,0,0,3,0,0,0,0,0,0,0,0,0,3,0,0,0,0,0,0,0,0,0,0,0,0,0,0,0,0,0,0,0,0,0,0,0,0,0,0,0,0,0,0,0,0,0,0,0,0
Newport Police Department,1998-07-01,Delaware,1248,DE00208,breakdown offenses,normal return,normal return,normal return,normal return,normal return,breakdown offenses,breakdown offenses,breakdown offenses,0,0,0,0,0,0,0,0,0,0,0,0,0,6,0,0,0,0,6,1,0,1,0,6,0,0,0,0,13,0,0,0,7,7,0,0,0,0,0,0,0,0,0,0,5,0,0,0,0,5,1,0,1,0,1,0,0,0,0,7,0,0,0,2,2,0,0,0,0,0,0,0,0,0,0,1,0,0,0,0,1,1,0,1,0,0,0,0,0,0,2,0,0,0,1,1,0,0,0,0,0,0,0,0,0,0,0,0,0,0,0,0,0,0,0,0,0,0,0,0,0,0,0,0,0,0,0
Newport Police Department,1998-06-01,Delaware,1248,DE00208,breakdown offenses,normal return,normal return,normal return,normal return,normal return,breakdown offenses,breakdown offenses,breakdown offenses,0,0,0,0,0,0,0,0,0,0,0,0,0,7,0,1,0,0,6,1,1,0,0,6,0,0,0,0,14,0,1,1,7,8,0,0,0,0,0,0,0,0,0,0,3,0,1,0,0,2,1,1,0,0,0,0,0,0,0,4,0,1,1,1,2,0,0,0,0,0,0,0,0,0,0,2,0,1,0,0,1,0,0,0,0,0,0,0,0,0,2,0,1,1,0,1,0,0,0,0,0,0,0,0,0,0,0,0,0,0,0,0,0,0,0,0,0,0,0,0,0,0,0,0,0,0,0
Newport Police Department,1998-05-01,Delaware,1248,DE00208,breakdown offenses,normal return,normal return,normal return,normal return,normal return,breakdown offenses,breakdown offenses,breakdown offenses,0,0,0,0,0,0,0,0,0,0,0,0,0,8,0,0,1,0,7,0,0,0,0,3,0,0,0,0,11,0,1,1,3,4,0,0,0,0,0,0,0,0,0,0,6,0,0,1,0,5,0,0,0,0,0,0,0,0,0,6,0,1,1,0,1,0,0,0,0,0,0,0,0,0,0,1,0,0,0,0,1,0,0,0,0,0,0,0,0,0,1,0,0,0,0,0,0,0,0,0,0,0,0,0,0,0,0,0,0,0,0,0,0,0,0,0,0,0,0,0,0,0,0,0,0,0,0
Newport Police Department,1998-04-01,Delaware,1248,DE00208,breakdown offenses,normal return,normal return,normal return,normal return,normal return,breakdown offenses,breakdown offenses,breakdown offenses,0,0,2,0,0,0,0,0,0,0,0,0,0,7,0,0,1,0,6,1,1,0,0,3,0,0,0,0,11,0,1,1,4,5,0,0,0,0,0,0,0,0,0,0,4,0,0,0,0,4,0,0,0,0,0,0,0,0,0,4,0,0,0,0,0,0,0,0,0,0,0,0,0,0,0,0,0,0,0,0,0,0,0,0,0,0,0,0,0,0,0,0,0,0,0,0,0,0,0,0,0,0,0,0,0,0,0,0,0,0,0,0,0,0,0,0,0,0,0,0,0,0,0,0,0,0,0
Newport Police Department,1998-03-01,Delaware,1248,DE00208,breakdown offenses,normal return,normal return,normal return,normal return,normal return,breakdown offenses,breakdown offenses,breakdown offenses,0,0,0,0,0,0,0,0,0,0,0,0,0,4,0,1,1,0,2,1,1,0,0,2,0,0,0,0,7,0,2,2,3,5,0,0,0,0,0,0,0,0,0,0,2,0,1,0,0,1,0,0,0,0,1,0,0,0,0,3,0,1,1,1,2,0,0,0,0,0,0,0,0,0,0,1,0,0,0,0,1,0,0,0,0,0,0,0,0,0,1,0,0,0,0,0,0,0,0,0,0,0,0,0,0,0,0,0,0,0,0,0,1,0,1,0,0,0,0,0,0,1,0,0,0,1,1
Newport Police Department,1998-02-01,Delaware,1248,DE00208,breakdown offenses,normal return,normal return,normal return,normal return,normal return,breakdown offenses,breakdown offenses,breakdown offenses,0,0,0,0,0,0,0,0,0,0,0,0,0,3,0,0,0,0,3,0,0,0,0,7,1,1,0,0,11,0,0,0,8,8,0,0,0,0,0,0,0,0,0,0,2,0,0,0,0,2,0,0,0,0,1,0,0,0,0,3,0,0,0,1,1,0,0,0,0,0,0,0,0,0,0,0,0,0,0,0,0,0,0,0,0,0,0,0,0,0,0,0,0,0,0,0,0,0,0,0,0,0,0,0,0,0,0,0,0,0,0,0,0,0,0,0,0,0,0,0,0,0,0,0,0,0,0
Newport Police Department,1998-01-01,Delaware,1248,DE00208,breakdown offenses,normal return,normal return,normal return,normal return,normal return,breakdown offenses,breakdown offenses,breakdown offenses,0,0,0,0,0,0,0,0,0,0,0,0,0,4,0,0,0,0,4,1,1,0,0,2,0,0,0,0,7,0,0,0,3,3,0,0,0,0,0,0,0,0,0,0,3,0,0,0,0,3,0,0,0,0,0,0,0,0,0,3,0,0,0,0,0,0,0,0,0,0,0,0,0,0,0,0,0,0,0,0,0,0,0,0,0,0,0,0,0,0,0,0,0,0,0,0,0,0,0,0,0,0,0,0,0,0,1,0,0,0,0,1,0,0,0,0,0,0,0,0,0,1,0,0,0,0,0
Newport Police Department,1997-12-01,Delaware,1178,DE00208,breakdown offenses,normal return,normal return,normal return,normal return,normal return,breakdown offenses,breakdown offenses,breakdown offenses,0,0,0,0,0,0,0,0,0,0,0,0,0,9,0,0,3,0,6,1,1,0,0,5,0,0,0,0,15,0,3,3,6,9,0,0,0,0,0,0,0,0,0,0,5,0,0,3,0,2,0,0,0,0,0,0,0,0,0,5,0,3,3,0,3,0,0,0,0,0,0,0,0,0,0,1,0,0,0,0,1,0,0,0,0,0,0,0,0,0,1,0,0,0,0,0,0,0,0,0,0,0,0,0,0,0,0,0,0,0,0,0,0,0,0,0,0,0,0,0,0,0,0,0,0,0,0
Newport Police Department,1997-11-01,Delaware,1178,DE00208,breakdown offenses,normal return,normal return,normal return,normal return,normal return,breakdown offenses,breakdown offenses,breakdown offenses,0,0,0,0,0,0,0,0,0,0,0,0,0,13,1,1,1,0,10,0,0,0,0,4,0,0,0,0,17,0,3,3,4,7,0,0,0,0,0,0,0,0,0,0,8,0,1,1,0,6,0,0,0,0,0,0,0,0,0,8,0,2,2,0,2,0,0,0,0,0,0,0,0,0,0,0,0,0,0,0,0,0,0,0,0,0,0,0,0,0,0,0,0,0,0,0,0,0,0,0,0,0,0,0,0,0,0,0,0,0,0,0,0,0,0,0,0,0,0,0,0,0,0,0,0,0,0
Newport Police Department,1997-10-01,Delaware,1178,DE00208,breakdown offenses,normal return,normal return,normal return,normal return,normal return,breakdown offenses,breakdown offenses,breakdown offenses,0,0,1,0,0,0,0,0,0,0,0,0,0,8,0,0,2,0,6,0,0,0,0,9,1,0,1,0,18,0,2,2,10,12,0,0,0,0,0,0,0,0,0,0,11,0,0,2,0,9,0,0,0,0,1,0,0,0,0,12,0,2,2,1,3,0,0,0,0,0,0,0,0,0,0,0,0,0,0,0,0,0,0,0,0,0,0,0,0,0,0,0,0,0,0,0,0,0,0,0,0,0,0,0,0,0,0,0,0,0,0,0,0,0,0,0,0,0,0,0,0,0,0,0,0,0,0
Newport Police Department,1997-09-01,Delaware,1178,DE00208,breakdown offenses,normal return,normal return,normal return,normal return,normal return,breakdown offenses,breakdown offenses,breakdown offenses,0,0,0,0,0,0,0,0,0,0,0,0,0,13,0,1,2,0,10,2,0,2,0,5,1,1,0,0,21,0,3,3,8,11,0,0,0,0,0,0,0,0,0,0,8,0,1,1,0,6,0,0,0,0,1,0,0,0,0,9,0,2,2,1,3,0,0,0,0,0,0,0,0,0,0,1,0,0,1,0,0,0,0,0,0,0,0,0,0,0,1,0,1,1,0,1,0,0,0,0,0,0,0,0,0,0,0,0,0,0,0,0,0,0,0,0,0,0,0,0,0,0,0,0,0,0,0
Newport Police Department,1997-08-01,Delaware,1178,DE00208,breakdown offenses,normal return,normal return,normal return,normal return,normal return,breakdown offenses,breakdown offenses,breakdown offenses,0,0,0,0,0,0,0,0,0,0,0,0,0,9,0,0,0,0,9,0,0,0,0,8,2,1,1,0,19,0,0,0,10,10,0,0,0,0,0,0,0,0,0,0,5,0,0,0,0,5,0,0,0,0,0,0,0,0,0,5,0,0,0,0,0,0,0,0,0,0,0,0,0,0,0,0,0,0,0,0,0,0,0,0,0,0,0,0,0,0,0,0,0,0,0,0,0,0,0,0,0,0,0,0,0,0,0,0,0,0,0,0,1,0,1,0,0,0,0,0,0,1,0,0,0,1,1
Newport Police Department,1997-07-01,Delaware,1178,DE00208,breakdown offenses,normal return,normal return,normal return,normal return,normal return,breakdown offenses,breakdown offenses,breakdown offenses,0,0,0,0,0,0,0,0,2,0,1,0,1,7,0,1,0,0,6,2,0,1,1,3,1,0,1,0,15,0,1,3,6,9,0,0,0,0,0,0,0,0,0,0,9,0,1,0,0,8,0,0,0,0,1,0,0,0,0,10,0,1,1,1,2,0,0,0,0,0,0,0,0,0,0,0,0,0,0,0,0,0,0,0,0,1,0,0,0,0,1,0,0,0,1,1,0,0,0,0,0,0,0,0,0,0,0,0,0,0,0,0,0,0,0,0,0,0,0,0,0,0,0,0,0,0,0
Newport Police Department,1997-06-01,Delaware,1178,DE00208,breakdown offenses,normal return,normal return,normal return,normal return,normal return,breakdown offenses,breakdown offenses,breakdown offenses,0,0,0,0,0,0,0,0,0,0,0,0,0,6,0,0,0,0,6,1,0,0,1,7,1,1,0,0,15,0,0,0,9,9,0,0,0,0,0,0,0,0,0,0,2,0,0,0,0,2,0,0,0,0,0,0,0,0,0,2,0,0,0,0,0,0,0,0,0,0,0,0,0,0,0,1,0,0,0,0,1,0,0,0,0,0,0,0,0,0,1,0,0,0,0,0,0,0,0,0,0,0,0,0,0,0,0,0,0,0,0,0,0,0,0,0,0,0,0,0,0,0,0,0,0,0,0
Newport Police Department,1997-05-01,Delaware,1178,DE00208,breakdown offenses,normal return,normal return,normal return,normal return,normal return,breakdown offenses,breakdown offenses,breakdown offenses,0,0,1,0,0,1,1,0,1,0,0,1,0,4,0,0,0,0,4,0,0,0,0,1,0,0,0,0,7,0,0,2,1,3,0,0,0,0,0,0,0,0,0,0,3,0,0,0,0,3,0,0,0,0,1,0,0,0,0,4,0,0,0,1,1,0,0,0,0,0,0,0,0,0,0,0,0,0,0,0,0,0,0,0,0,0,0,0,0,0,0,0,0,0,0,0,0,0,0,0,0,0,0,0,0,0,0,0,0,0,0,0,0,0,0,0,0,0,0,0,0,0,0,0,0,0,0
Newport Police Department,1997-04-01,Delaware,1178,DE00208,breakdown offenses,normal return,normal return,normal return,normal return,normal return,breakdown offenses,breakdown offenses,breakdown offenses,0,0,1,0,0,0,0,0,0,0,0,0,0,6,0,1,2,0,3,1,1,0,0,6,0,0,0,0,13,0,3,3,7,10,0,0,0,0,0,0,0,0,0,0,3,0,1,1,0,1,0,0,0,0,0,0,0,0,0,3,0,2,2,0,2,0,0,0,0,0,0,0,0,0,0,0,0,0,0,0,0,0,0,0,0,0,0,0,0,0,0,0,0,0,0,0,0,0,0,0,0,0,0,0,0,0,0,0,0,0,0,0,0,0,0,0,0,0,0,0,0,0,0,0,0,0,0
Newport Police Department,1997-03-01,Delaware,1178,DE00208,breakdown offenses,normal return,normal return,normal return,normal return,normal return,breakdown offenses,breakdown offenses,breakdown offenses,0,0,0,0,0,0,0,0,0,0,0,0,0,3,0,0,1,0,2,0,0,0,0,5,1,0,1,0,9,0,1,1,6,7,0,0,0,0,0,0,0,0,0,0,2,0,0,1,0,1,0,0,0,0,0,1,1,0,0,3,0,1,1,1,2,0,0,0,0,0,0,0,0,0,0,0,0,0,0,0,0,0,0,0,0,0,0,0,0,0,0,0,0,0,0,0,0,0,0,0,0,0,0,0,0,0,0,0,0,0,0,0,0,0,0,0,0,0,0,0,0,0,0,0,0,0,0
Newport Police Department,1997-02-01,Delaware,1178,DE00208,breakdown offenses,normal return,normal return,normal return,normal return,normal return,breakdown offenses,breakdown offenses,breakdown offenses,0,0,4,0,0,0,0,0,0,0,0,0,0,9,0,1,2,2,4,3,1,1,1,3,1,1,0,0,16,0,5,5,7,12,0,0,0,0,0,0,0,0,0,0,9,0,1,2,2,4,1,0,0,1,0,1,1,0,0,11,0,5,5,2,7,0,0,0,0,0,0,0,0,0,0,1,0,1,0,0,0,0,0,0,0,0,0,0,0,0,1,0,1,1,0,1,0,0,0,0,0,0,0,0,0,0,0,0,0,0,0,0,0,0,0,0,0,0,0,0,0,0,0,0,0,0,0
Newport Police Department,1997-01-01,Delaware,1178,DE00208,breakdown offenses,normal return,normal return,normal return,normal return,normal return,breakdown offenses,breakdown offenses,breakdown offenses,0,0,0,0,0,0,0,0,1,1,0,0,0,1,0,0,0,0,1,0,0,0,0,1,2,2,0,0,5,0,0,1,3,4,0,0,0,0,0,0,0,0,0,0,1,0,0,0,0,1,0,0,0,0,0,0,0,0,0,1,0,0,0,0,0,0,0,0,0,0,0,0,0,0,0,0,0,0,0,0,0,0,0,0,0,0,0,0,0,0,0,0,0,0,0,0,0,0,0,0,0,0,0,0,0,0,0,0,0,0,0,0,0,0,0,0,1,0,0,0,0,1,0,0,0,1,1
Newport Police Department,1996-12-01,Delaware,1167,DE00208,breakdown offenses,normal return,normal return,normal return,normal return,normal return,breakdown offenses,breakdown offenses,breakdown offenses,0,0,0,0,0,0,0,0,0,0,0,0,0,6,0,1,0,0,5,0,0,0,0,5,0,0,0,0,11,0,1,1,5,6,0,0,0,0,0,0,0,0,0,0,5,0,0,0,0,5,0,0,0,0,0,0,0,0,0,5,0,0,0,0,0,0,0,0,0,0,0,0,0,0,0,0,0,0,0,0,0,0,0,0,0,0,0,0,0,0,0,0,0,0,0,0,0,0,0,0,0,0,0,0,0,0,0,0,0,0,0,0,0,0,0,0,1,0,0,0,0,1,0,0,0,1,1
Newport Police Department,1996-11-01,Delaware,1167,DE00208,breakdown offenses,normal return,normal return,normal return,normal return,normal return,breakdown offenses,breakdown offenses,breakdown offenses,0,0,0,0,0,0,0,0,1,0,0,0,1,1,0,0,1,0,0,1,0,1,0,0,1,1,0,0,4,0,1,2,2,4,0,0,0,0,0,0,0,0,0,0,1,0,0,1,0,0,0,0,0,0,0,0,0,0,0,1,0,1,1,0,1,0,0,0,0,0,0,0,0,0,0,1,0,0,1,0,0,0,0,0,0,0,0,0,0,0,1,0,1,1,0,1,0,0,0,0,0,0,0,0,0,0,0,0,0,0,0,0,0,0,0,0,0,0,0,0,0,0,0,0,0,0,0
Newport Police Department,1996-10-01,Delaware,1167,DE00208,breakdown offenses,normal return,normal return,normal return,normal return,normal return,breakdown offenses,breakdown offenses,breakdown offenses,0,0,0,0,0,0,0,0,0,0,0,0,0,5,0,0,0,0,5,1,0,1,0,5,1,1,0,0,12,0,0,0,7,7,0,0,0,0,0,0,0,0,0,0,8,0,0,0,1,7,0,0,0,0,0,0,0,0,0,8,0,1,1,0,1,0,0,0,0,0,0,0,0,0,0,0,0,0,0,0,0,0,0,0,0,0,0,0,0,0,0,0,0,0,0,0,0,0,0,0,0,0,0,0,0,0,0,0,0,0,0,0,0,0,0,0,0,0,0,0,0,0,0,0,0,0,0
Newport Police Department,1996-09-01,Delaware,1167,DE00208,breakdown offenses,normal return,normal return,normal return,normal return,normal return,breakdown offenses,breakdown offenses,breakdown offenses,0,0,2,0,0,0,0,0,0,0,0,0,0,4,0,0,1,0,3,3,1,2,0,5,1,1,0,0,13,0,1,1,9,10,0,0,0,0,0,0,0,0,0,0,1,0,0,0,0,1,1,0,1,0,0,0,0,0,0,2,0,0,0,1,1,0,0,0,0,0,0,0,0,0,0,1,0,0,0,0,1,0,0,0,0,0,0,0,0,0,1,0,0,0,0,0,0,0,0,0,0,0,0,0,0,0,0,0,0,0,0,0,0,0,0,0,0,0,0,0,0,0,0,0,0,0,0
Newport Police Department,1996-08-01,Delaware,1167,DE00208,breakdown offenses,normal return,normal return,normal return,normal return,normal return,breakdown offenses,breakdown offenses,breakdown offenses,0,0,0,0,0,0,0,0,0,0,0,0,0,6,0,1,0,0,5,1,1,0,0,1,3,2,1,0,11,0,1,1,5,6,0,0,0,0,0,0,0,0,0,0,3,0,0,0,0,3,0,0,0,0,1,0,0,0,0,4,0,0,0,1,1,0,0,0,0,0,0,0,0,0,0,0,0,0,0,0,0,0,0,0,0,0,0,0,0,0,0,0,0,0,0,0,0,0,0,0,0,0,0,0,0,0,0,0,0,0,0,0,0,0,0,0,0,0,0,0,0,0,0,0,0,0,0
Newport Police Department,1996-07-01,Delaware,1167,DE00208,breakdown offenses,normal return,normal return,normal return,normal return,normal return,breakdown offenses,breakdown offenses,breakdown offenses,0,0,0,0,0,0,0,0,0,0,0,0,0,7,0,0,0,0,7,1,0,1,0,2,0,0,0,0,10,0,0,0,3,3,0,0,0,0,0,0,0,0,0,0,7,0,0,0,0,7,0,0,0,0,0,0,0,0,0,7,0,0,0,0,0,0,0,0,0,0,0,0,0,0,0,0,0,0,0,0,0,0,0,0,0,0,0,0,0,0,0,0,0,0,0,0,0,0,0,0,0,0,0,0,0,0,0,0,0,0,0,0,0,0,0,0,0,0,0,0,0,0,0,0,0,0,0
Newport Police Department,1996-06-01,Delaware,1167,DE00208,breakdown offenses,normal return,normal return,normal return,normal return,normal return,breakdown offenses,breakdown offenses,breakdown offenses,0,0,0,0,0,0,0,0,0,0,0,0,0,14,0,0,0,1,13,1,1,0,0,10,0,0,0,0,25,0,1,1,11,12,0,0,0,0,0,0,0,0,0,0,12,0,0,0,0,12,0,0,0,0,1,0,0,0,0,13,0,0,0,1,1,0,0,0,0,0,0,0,0,0,0,0,0,0,0,0,0,0,0,0,0,1,0,0,0,0,1,0,0,0,1,1,0,0,0,0,0,0,0,0,0,0,0,0,0,0,0,0,0,0,0,0,0,0,0,0,0,0,0,0,0,0,0
Newport Police Department,1996-05-01,Delaware,1167,DE00208,breakdown offenses,normal return,normal return,normal return,normal return,normal return,breakdown offenses,breakdown offenses,breakdown offenses,0,0,1,0,0,0,0,0,0,0,0,0,0,6,0,0,0,0,6,1,1,0,0,5,1,1,0,0,13,0,0,0,7,7,0,0,0,0,0,0,0,0,0,0,2,0,0,0,0,2,1,1,0,0,0,0,0,0,0,3,0,0,0,1,1,0,0,0,0,0,0,0,0,0,0,0,0,0,0,0,0,0,0,0,0,0,0,0,0,0,0,0,0,0,0,0,0,0,0,0,0,0,0,0,0,0,0,0,0,0,0,0,0,0,0,0,0,0,0,0,0,0,0,0,0,0,0
Newport Police Department,1996-04-01,Delaware,1167,DE00208,breakdown offenses,normal return,normal return,normal return,normal return,normal return,breakdown offenses,breakdown offenses,breakdown offenses,0,0,1,0,0,0,0,0,0,0,0,0,0,6,0,0,0,0,6,0,0,0,0,9,0,0,0,0,15,0,0,0,9,9,0,0,0,0,0,0,0,0,0,0,3,0,0,0,0,3,0,0,0,0,0,0,0,0,0,3,0,0,0,0,0,0,0,0,0,0,0,0,0,0,0,0,0,0,0,0,0,0,0,0,0,0,0,0,0,0,0,0,0,0,0,0,0,0,0,0,0,0,0,0,0,0,0,0,0,0,0,0,0,0,0,0,0,0,0,0,0,0,0,0,0,0,0
Newport Police Department,1996-03-01,Delaware,1167,DE00208,breakdown offenses,normal return,normal return,normal return,normal return,normal return,breakdown offenses,breakdown offenses,breakdown offenses,0,0,0,0,0,0,0,0,0,0,0,0,0,6,0,0,0,0,6,0,0,0,0,6,0,0,0,0,12,0,0,0,6,6,0,0,0,0,0,0,0,0,0,0,3,0,0,0,0,3,0,0,0,0,4,0,0,0,0,7,0,0,0,4,4,0,0,0,0,0,0,0,0,0,0,0,0,0,0,0,0,0,0,0,0,0,0,0,0,0,0,0,0,0,0,0,0,0,0,0,0,0,0,0,0,0,0,0,0,0,0,0,0,0,0,0,0,0,0,0,0,0,0,0,0,0,0
Newport Police Department,1996-02-01,Delaware,1167,DE00208,breakdown offenses,normal return,normal return,normal return,normal return,normal return,breakdown offenses,breakdown offenses,breakdown offenses,0,0,0,0,0,0,0,0,0,0,0,0,0,5,0,1,0,0,4,0,0,0,0,2,2,2,0,0,9,0,1,1,4,5,0,0,0,0,0,0,0,0,0,0,1,0,0,0,0,1,1,0,1,0,0,0,0,0,0,2,0,0,0,1,1,0,0,0,0,0,0,0,0,0,0,0,0,0,0,0,0,0,0,0,0,0,0,0,0,0,0,0,0,0,0,0,0,0,0,0,0,0,0,0,0,0,0,0,0,0,0,0,0,0,0,0,0,0,0,0,0,0,0,0,0,0,0
Newport Police Department,1996-01-01,Delaware,1167,DE00208,breakdown offenses,normal return,normal return,normal return,normal return,normal return,breakdown offenses,breakdown offenses,breakdown offenses,0,0,0,0,0,0,0,0,0,0,0,0,0,3,0,0,0,0,3,1,0,1,0,7,0,0,0,0,11,0,0,0,8,8,0,0,0,0,0,0,0,0,0,0,3,0,0,0,0,3,0,0,0,0,0,0,0,0,0,3,0,0,0,0,0,0,0,0,0,0,0,0,0,0,0,0,0,0,0,0,0,0,0,0,0,0,0,0,0,0,0,0,0,0,0,0,0,0,0,0,0,0,0,0,0,0,0,0,0,0,0,0,0,0,0,0,0,0,0,0,0,0,0,0,0,0,0
Newport Police Department,1995-12-01,Delaware,,DE00208,,,,,,,,,,,,,,,,,,,,,,,,,,,,,,,,,,,,,,,,,,,,,,,,,,,,,,,,,,,,,,,,,,,,,,,,,,,,,,,,,,,,,,,,,,,,,,,,,,,,,,,,,,,,,,,,,,,,,,,,,,,,,,,,,,,,,,,,
Newport Police Department,1995-11-01,Delaware,,DE00208,,,,,,,,,,,,,,,,,,,,,,,,,,,,,,,,,,,,,,,,,,,,,,,,,,,,,,,,,,,,,,,,,,,,,,,,,,,,,,,,,,,,,,,,,,,,,,,,,,,,,,,,,,,,,,,,,,,,,,,,,,,,,,,,,,,,,,,,
Newport Police Department,1995-10-01,Delaware,,DE00208,,,,,,,,,,,,,,,,,,,,,,,,,,,,,,,,,,,,,,,,,,,,,,,,,,,,,,,,,,,,,,,,,,,,,,,,,,,,,,,,,,,,,,,,,,,,,,,,,,,,,,,,,,,,,,,,,,,,,,,,,,,,,,,,,,,,,,,,
Newport Police Department,1995-09-01,Delaware,,DE00208,,,,,,,,,,,,,,,,,,,,,,,,,,,,,,,,,,,,,,,,,,,,,,,,,,,,,,,,,,,,,,,,,,,,,,,,,,,,,,,,,,,,,,,,,,,,,,,,,,,,,,,,,,,,,,,,,,,,,,,,,,,,,,,,,,,,,,,,
Newport Police Department,1995-08-01,Delaware,,DE00208,,,,,,,,,,,,,,,,,,,,,,,,,,,,,,,,,,,,,,,,,,,,,,,,,,,,,,,,,,,,,,,,,,,,,,,,,,,,,,,,,,,,,,,,,,,,,,,,,,,,,,,,,,,,,,,,,,,,,,,,,,,,,,,,,,,,,,,,
Newport Police Department,1995-07-01,Delaware,,DE00208,,,,,,,,,,,,,,,,,,,,,,,,,,,,,,,,,,,,,,,,,,,,,,,,,,,,,,,,,,,,,,,,,,,,,,,,,,,,,,,,,,,,,,,,,,,,,,,,,,,,,,,,,,,,,,,,,,,,,,,,,,,,,,,,,,,,,,,,
Newport Police Department,1995-06-01,Delaware,,DE00208,,,,,,,,,,,,,,,,,,,,,,,,,,,,,,,,,,,,,,,,,,,,,,,,,,,,,,,,,,,,,,,,,,,,,,,,,,,,,,,,,,,,,,,,,,,,,,,,,,,,,,,,,,,,,,,,,,,,,,,,,,,,,,,,,,,,,,,,
Newport Police Department,1995-05-01,Delaware,,DE00208,,,,,,,,,,,,,,,,,,,,,,,,,,,,,,,,,,,,,,,,,,,,,,,,,,,,,,,,,,,,,,,,,,,,,,,,,,,,,,,,,,,,,,,,,,,,,,,,,,,,,,,,,,,,,,,,,,,,,,,,,,,,,,,,,,,,,,,,
Newport Police Department,1995-04-01,Delaware,,DE00208,,,,,,,,,,,,,,,,,,,,,,,,,,,,,,,,,,,,,,,,,,,,,,,,,,,,,,,,,,,,,,,,,,,,,,,,,,,,,,,,,,,,,,,,,,,,,,,,,,,,,,,,,,,,,,,,,,,,,,,,,,,,,,,,,,,,,,,,
Newport Police Department,1995-03-01,Delaware,,DE00208,,,,,,,,,,,,,,,,,,,,,,,,,,,,,,,,,,,,,,,,,,,,,,,,,,,,,,,,,,,,,,,,,,,,,,,,,,,,,,,,,,,,,,,,,,,,,,,,,,,,,,,,,,,,,,,,,,,,,,,,,,,,,,,,,,,,,,,,
Newport Police Department,1995-02-01,Delaware,,DE00208,,,,,,,,,,,,,,,,,,,,,,,,,,,,,,,,,,,,,,,,,,,,,,,,,,,,,,,,,,,,,,,,,,,,,,,,,,,,,,,,,,,,,,,,,,,,,,,,,,,,,,,,,,,,,,,,,,,,,,,,,,,,,,,,,,,,,,,,
Newport Police Department,1995-01-01,Delaware,,DE00208,,,,,,,,,,,,,,,,,,,,,,,,,,,,,,,,,,,,,,,,,,,,,,,,,,,,,,,,,,,,,,,,,,,,,,,,,,,,,,,,,,,,,,,,,,,,,,,,,,,,,,,,,,,,,,,,,,,,,,,,,,,,,,,,,,,,,,,,
Newport Police Department,1994-12-01,Delaware,,DE00208,,,,,,,,,,,,,,,,,,,,,,,,,,,,,,,,,,,,,,,,,,,,,,,,,,,,,,,,,,,,,,,,,,,,,,,,,,,,,,,,,,,,,,,,,,,,,,,,,,,,,,,,,,,,,,,,,,,,,,,,,,,,,,,,,,,,,,,,
Newport Police Department,1994-11-01,Delaware,,DE00208,,,,,,,,,,,,,,,,,,,,,,,,,,,,,,,,,,,,,,,,,,,,,,,,,,,,,,,,,,,,,,,,,,,,,,,,,,,,,,,,,,,,,,,,,,,,,,,,,,,,,,,,,,,,,,,,,,,,,,,,,,,,,,,,,,,,,,,,
Newport Police Department,1994-10-01,Delaware,,DE00208,,,,,,,,,,,,,,,,,,,,,,,,,,,,,,,,,,,,,,,,,,,,,,,,,,,,,,,,,,,,,,,,,,,,,,,,,,,,,,,,,,,,,,,,,,,,,,,,,,,,,,,,,,,,,,,,,,,,,,,,,,,,,,,,,,,,,,,,
Newport Police Department,1994-09-01,Delaware,,DE00208,,,,,,,,,,,,,,,,,,,,,,,,,,,,,,,,,,,,,,,,,,,,,,,,,,,,,,,,,,,,,,,,,,,,,,,,,,,,,,,,,,,,,,,,,,,,,,,,,,,,,,,,,,,,,,,,,,,,,,,,,,,,,,,,,,,,,,,,
Newport Police Department,1994-08-01,Delaware,,DE00208,,,,,,,,,,,,,,,,,,,,,,,,,,,,,,,,,,,,,,,,,,,,,,,,,,,,,,,,,,,,,,,,,,,,,,,,,,,,,,,,,,,,,,,,,,,,,,,,,,,,,,,,,,,,,,,,,,,,,,,,,,,,,,,,,,,,,,,,
Newport Police Department,1994-07-01,Delaware,,DE00208,,,,,,,,,,,,,,,,,,,,,,,,,,,,,,,,,,,,,,,,,,,,,,,,,,,,,,,,,,,,,,,,,,,,,,,,,,,,,,,,,,,,,,,,,,,,,,,,,,,,,,,,,,,,,,,,,,,,,,,,,,,,,,,,,,,,,,,,
Newport Police Department,1994-06-01,Delaware,,DE00208,,,,,,,,,,,,,,,,,,,,,,,,,,,,,,,,,,,,,,,,,,,,,,,,,,,,,,,,,,,,,,,,,,,,,,,,,,,,,,,,,,,,,,,,,,,,,,,,,,,,,,,,,,,,,,,,,,,,,,,,,,,,,,,,,,,,,,,,
Newport Police Department,1994-05-01,Delaware,,DE00208,,,,,,,,,,,,,,,,,,,,,,,,,,,,,,,,,,,,,,,,,,,,,,,,,,,,,,,,,,,,,,,,,,,,,,,,,,,,,,,,,,,,,,,,,,,,,,,,,,,,,,,,,,,,,,,,,,,,,,,,,,,,,,,,,,,,,,,,
Newport Police Department,1994-04-01,Delaware,,DE00208,,,,,,,,,,,,,,,,,,,,,,,,,,,,,,,,,,,,,,,,,,,,,,,,,,,,,,,,,,,,,,,,,,,,,,,,,,,,,,,,,,,,,,,,,,,,,,,,,,,,,,,,,,,,,,,,,,,,,,,,,,,,,,,,,,,,,,,,
Newport Police Department,1994-03-01,Delaware,,DE00208,,,,,,,,,,,,,,,,,,,,,,,,,,,,,,,,,,,,,,,,,,,,,,,,,,,,,,,,,,,,,,,,,,,,,,,,,,,,,,,,,,,,,,,,,,,,,,,,,,,,,,,,,,,,,,,,,,,,,,,,,,,,,,,,,,,,,,,,
Newport Police Department,1994-02-01,Delaware,,DE00208,,,,,,,,,,,,,,,,,,,,,,,,,,,,,,,,,,,,,,,,,,,,,,,,,,,,,,,,,,,,,,,,,,,,,,,,,,,,,,,,,,,,,,,,,,,,,,,,,,,,,,,,,,,,,,,,,,,,,,,,,,,,,,,,,,,,,,,,
Newport Police Department,1994-01-01,Delaware,,DE00208,,,,,,,,,,,,,,,,,,,,,,,,,,,,,,,,,,,,,,,,,,,,,,,,,,,,,,,,,,,,,,,,,,,,,,,,,,,,,,,,,,,,,,,,,,,,,,,,,,,,,,,,,,,,,,,,,,,,,,,,,,,,,,,,,,,,,,,,
Newport Police Department,1993-12-01,Delaware,,DE00208,,,,,,,,,,,,,,,,,,,,,,,,,,,,,,,,,,,,,,,,,,,,,,,,,,,,,,,,,,,,,,,,,,,,,,,,,,,,,,,,,,,,,,,,,,,,,,,,,,,,,,,,,,,,,,,,,,,,,,,,,,,,,,,,,,,,,,,,
Newport Police Department,1993-11-01,Delaware,,DE00208,,,,,,,,,,,,,,,,,,,,,,,,,,,,,,,,,,,,,,,,,,,,,,,,,,,,,,,,,,,,,,,,,,,,,,,,,,,,,,,,,,,,,,,,,,,,,,,,,,,,,,,,,,,,,,,,,,,,,,,,,,,,,,,,,,,,,,,,
Newport Police Department,1993-10-01,Delaware,,DE00208,,,,,,,,,,,,,,,,,,,,,,,,,,,,,,,,,,,,,,,,,,,,,,,,,,,,,,,,,,,,,,,,,,,,,,,,,,,,,,,,,,,,,,,,,,,,,,,,,,,,,,,,,,,,,,,,,,,,,,,,,,,,,,,,,,,,,,,,
Newport Police Department,1993-09-01,Delaware,,DE00208,,,,,,,,,,,,,,,,,,,,,,,,,,,,,,,,,,,,,,,,,,,,,,,,,,,,,,,,,,,,,,,,,,,,,,,,,,,,,,,,,,,,,,,,,,,,,,,,,,,,,,,,,,,,,,,,,,,,,,,,,,,,,,,,,,,,,,,,
Newport Police Department,1993-08-01,Delaware,,DE00208,,,,,,,,,,,,,,,,,,,,,,,,,,,,,,,,,,,,,,,,,,,,,,,,,,,,,,,,,,,,,,,,,,,,,,,,,,,,,,,,,,,,,,,,,,,,,,,,,,,,,,,,,,,,,,,,,,,,,,,,,,,,,,,,,,,,,,,,
Newport Police Department,1993-07-01,Delaware,,DE00208,,,,,,,,,,,,,,,,,,,,,,,,,,,,,,,,,,,,,,,,,,,,,,,,,,,,,,,,,,,,,,,,,,,,,,,,,,,,,,,,,,,,,,,,,,,,,,,,,,,,,,,,,,,,,,,,,,,,,,,,,,,,,,,,,,,,,,,,
Newport Police Department,1993-06-01,Delaware,,DE00208,,,,,,,,,,,,,,,,,,,,,,,,,,,,,,,,,,,,,,,,,,,,,,,,,,,,,,,,,,,,,,,,,,,,,,,,,,,,,,,,,,,,,,,,,,,,,,,,,,,,,,,,,,,,,,,,,,,,,,,,,,,,,,,,,,,,,,,,
Newport Police Department,1993-05-01,Delaware,,DE00208,,,,,,,,,,,,,,,,,,,,,,,,,,,,,,,,,,,,,,,,,,,,,,,,,,,,,,,,,,,,,,,,,,,,,,,,,,,,,,,,,,,,,,,,,,,,,,,,,,,,,,,,,,,,,,,,,,,,,,,,,,,,,,,,,,,,,,,,
Newport Police Department,1993-04-01,Delaware,,DE00208,,,,,,,,,,,,,,,,,,,,,,,,,,,,,,,,,,,,,,,,,,,,,,,,,,,,,,,,,,,,,,,,,,,,,,,,,,,,,,,,,,,,,,,,,,,,,,,,,,,,,,,,,,,,,,,,,,,,,,,,,,,,,,,,,,,,,,,,
Newport Police Department,1993-03-01,Delaware,,DE00208,,,,,,,,,,,,,,,,,,,,,,,,,,,,,,,,,,,,,,,,,,,,,,,,,,,,,,,,,,,,,,,,,,,,,,,,,,,,,,,,,,,,,,,,,,,,,,,,,,,,,,,,,,,,,,,,,,,,,,,,,,,,,,,,,,,,,,,,
Newport Police Department,1993-02-01,Delaware,,DE00208,,,,,,,,,,,,,,,,,,,,,,,,,,,,,,,,,,,,,,,,,,,,,,,,,,,,,,,,,,,,,,,,,,,,,,,,,,,,,,,,,,,,,,,,,,,,,,,,,,,,,,,,,,,,,,,,,,,,,,,,,,,,,,,,,,,,,,,,
Newport Police Department,1993-01-01,Delaware,,DE00208,,,,,,,,,,,,,,,,,,,,,,,,,,,,,,,,,,,,,,,,,,,,,,,,,,,,,,,,,,,,,,,,,,,,,,,,,,,,,,,,,,,,,,,,,,,,,,,,,,,,,,,,,,,,,,,,,,,,,,,,,,,,,,,,,,,,,,,,
Newport Police Department,1992-12-01,Delaware,,DE00208,,,,,,,,,,,,,,,,,,,,,,,,,,,,,,,,,,,,,,,,,,,,,,,,,,,,,,,,,,,,,,,,,,,,,,,,,,,,,,,,,,,,,,,,,,,,,,,,,,,,,,,,,,,,,,,,,,,,,,,,,,,,,,,,,,,,,,,,
Newport Police Department,1992-11-01,Delaware,,DE00208,,,,,,,,,,,,,,,,,,,,,,,,,,,,,,,,,,,,,,,,,,,,,,,,,,,,,,,,,,,,,,,,,,,,,,,,,,,,,,,,,,,,,,,,,,,,,,,,,,,,,,,,,,,,,,,,,,,,,,,,,,,,,,,,,,,,,,,,
Newport Police Department,1992-10-01,Delaware,,DE00208,,,,,,,,,,,,,,,,,,,,,,,,,,,,,,,,,,,,,,,,,,,,,,,,,,,,,,,,,,,,,,,,,,,,,,,,,,,,,,,,,,,,,,,,,,,,,,,,,,,,,,,,,,,,,,,,,,,,,,,,,,,,,,,,,,,,,,,,
Newport Police Department,1992-09-01,Delaware,,DE00208,,,,,,,,,,,,,,,,,,,,,,,,,,,,,,,,,,,,,,,,,,,,,,,,,,,,,,,,,,,,,,,,,,,,,,,,,,,,,,,,,,,,,,,,,,,,,,,,,,,,,,,,,,,,,,,,,,,,,,,,,,,,,,,,,,,,,,,,
Newport Police Department,1992-08-01,Delaware,,DE00208,,,,,,,,,,,,,,,,,,,,,,,,,,,,,,,,,,,,,,,,,,,,,,,,,,,,,,,,,,,,,,,,,,,,,,,,,,,,,,,,,,,,,,,,,,,,,,,,,,,,,,,,,,,,,,,,,,,,,,,,,,,,,,,,,,,,,,,,
Newport Police Department,1992-07-01,Delaware,,DE00208,,,,,,,,,,,,,,,,,,,,,,,,,,,,,,,,,,,,,,,,,,,,,,,,,,,,,,,,,,,,,,,,,,,,,,,,,,,,,,,,,,,,,,,,,,,,,,,,,,,,,,,,,,,,,,,,,,,,,,,,,,,,,,,,,,,,,,,,
Newport Police Department,1992-06-01,Delaware,,DE00208,,,,,,,,,,,,,,,,,,,,,,,,,,,,,,,,,,,,,,,,,,,,,,,,,,,,,,,,,,,,,,,,,,,,,,,,,,,,,,,,,,,,,,,,,,,,,,,,,,,,,,,,,,,,,,,,,,,,,,,,,,,,,,,,,,,,,,,,
Newport Police Department,1992-05-01,Delaware,,DE00208,,,,,,,,,,,,,,,,,,,,,,,,,,,,,,,,,,,,,,,,,,,,,,,,,,,,,,,,,,,,,,,,,,,,,,,,,,,,,,,,,,,,,,,,,,,,,,,,,,,,,,,,,,,,,,,,,,,,,,,,,,,,,,,,,,,,,,,,
Newport Police Department,1992-04-01,Delaware,,DE00208,,,,,,,,,,,,,,,,,,,,,,,,,,,,,,,,,,,,,,,,,,,,,,,,,,,,,,,,,,,,,,,,,,,,,,,,,,,,,,,,,,,,,,,,,,,,,,,,,,,,,,,,,,,,,,,,,,,,,,,,,,,,,,,,,,,,,,,,
Newport Police Department,1992-03-01,Delaware,,DE00208,,,,,,,,,,,,,,,,,,,,,,,,,,,,,,,,,,,,,,,,,,,,,,,,,,,,,,,,,,,,,,,,,,,,,,,,,,,,,,,,,,,,,,,,,,,,,,,,,,,,,,,,,,,,,,,,,,,,,,,,,,,,,,,,,,,,,,,,
Newport Police Department,1992-02-01,Delaware,,DE00208,,,,,,,,,,,,,,,,,,,,,,,,,,,,,,,,,,,,,,,,,,,,,,,,,,,,,,,,,,,,,,,,,,,,,,,,,,,,,,,,,,,,,,,,,,,,,,,,,,,,,,,,,,,,,,,,,,,,,,,,,,,,,,,,,,,,,,,,
Newport Police Department,1992-01-01,Delaware,,DE00208,,,,,,,,,,,,,,,,,,,,,,,,,,,,,,,,,,,,,,,,,,,,,,,,,,,,,,,,,,,,,,,,,,,,,,,,,,,,,,,,,,,,,,,,,,,,,,,,,,,,,,,,,,,,,,,,,,,,,,,,,,,,,,,,,,,,,,,,
Newport Police Department,1991-12-01,Delaware,1265,DE00208,breakdown offenses,normal return,normal return,normal return,normal return,normal return,breakdown offenses,breakdown offenses,breakdown offenses,0,0,0,0,0,0,0,0,2,1,0,0,1,0,0,0,0,0,0,2,0,1,1,4,0,0,0,0,8,0,0,2,6,8,0,0,0,0,0,0,0,0,0,0,0,0,0,0,0,0,0,0,0,0,0,0,0,0,0,0,0,0,0,0,0,0,0,0,0,0,0,0,0,0,0,0,0,0,0,0,0,0,0,0,0,0,0,0,0,0,0,0,0,0,0,0,0,0,0,0,0,0,0,0,0,0,0,0,0,0,0,0,0,0,0,0,0,0,0,0,0,0,0,0,0,0,0
Newport Police Department,1991-11-01,Delaware,1265,DE00208,breakdown offenses,normal return,normal return,normal return,normal return,normal return,breakdown offenses,breakdown offenses,breakdown offenses,0,0,0,0,0,1,1,0,0,0,0,0,0,1,0,0,1,0,0,1,0,0,1,5,1,1,0,0,9,0,1,2,7,9,0,0,1,1,0,0,0,0,0,0,0,0,0,0,0,0,0,0,0,0,2,0,0,0,0,3,0,0,1,2,3,0,0,0,0,0,0,0,0,0,0,0,0,0,0,0,0,0,0,0,0,0,0,0,0,0,0,0,0,0,0,0,0,0,0,0,0,0,0,0,0,0,0,0,0,0,0,0,0,0,0,0,0,0,0,0,0,0,0,0,0,0,0
Newport Police Department,1991-10-01,Delaware,1265,DE00208,breakdown offenses,normal return,normal return,normal return,normal return,normal return,breakdown offenses,breakdown offenses,breakdown offenses,0,0,1,0,0,0,0,0,0,0,0,0,0,0,0,0,0,0,0,1,0,1,0,3,1,1,0,0,5,0,0,0,5,5,0,0,0,0,0,0,0,0,0,0,0,0,0,0,0,0,0,0,0,0,0,0,0,0,0,0,0,0,0,0,0,0,0,0,0,0,0,0,0,0,0,0,0,0,0,0,0,0,0,0,0,0,0,0,0,0,0,0,0,0,0,0,0,0,0,0,0,0,0,0,0,0,0,0,0,0,0,0,0,0,0,0,0,0,0,0,0,0,0,0,0,0,0
Newport Police Department,1991-09-01,Delaware,1265,DE00208,breakdown offenses,normal return,normal return,normal return,normal return,normal return,breakdown offenses,breakdown offenses,breakdown offenses,0,0,0,0,0,0,0,0,0,0,0,0,0,0,0,0,0,0,0,2,1,1,0,2,1,1,0,0,5,0,0,0,5,5,0,0,0,0,0,0,0,0,0,0,1,0,0,1,0,0,0,0,0,0,3,0,0,0,0,4,0,1,1,3,4,0,0,0,0,0,0,0,0,0,0,0,0,0,0,0,0,0,0,0,0,0,0,0,0,0,0,0,0,0,0,0,0,0,0,0,0,0,0,0,0,0,0,0,0,0,0,0,0,0,0,0,0,0,0,0,0,0,0,0,0,0,0
Newport Police Department,1991-08-01,Delaware,1265,DE00208,breakdown offenses,normal return,normal return,normal return,normal return,normal return,breakdown offenses,breakdown offenses,breakdown offenses,0,0,0,0,0,0,0,0,0,0,0,0,0,0,0,0,0,0,0,0,0,0,0,5,0,0,0,0,5,0,0,0,5,5,0,0,0,0,0,0,0,0,0,0,0,0,0,0,0,0,0,0,0,0,0,0,0,0,0,0,0,0,0,0,0,0,0,0,0,0,0,0,0,0,0,0,0,0,0,0,0,0,0,0,0,0,0,0,0,0,0,0,0,0,0,0,0,0,0,0,0,0,0,0,0,0,0,0,0,0,0,0,0,0,0,0,0,0,0,0,0,0,0,0,0,0,0
Newport Police Department,1991-07-01,Delaware,1265,DE00208,breakdown offenses,normal return,normal return,normal return,normal return,normal return,breakdown offenses,breakdown offenses,breakdown offenses,0,0,2,0,0,0,0,0,0,0,0,0,0,2,0,0,2,0,0,0,0,0,0,5,0,0,0,0,7,0,2,2,5,7,0,0,0,0,0,0,0,0,0,0,1,0,0,1,0,0,0,0,0,0,1,0,0,0,0,2,0,1,1,1,2,0,0,0,0,0,0,0,0,0,0,0,0,0,0,0,0,0,0,0,0,1,0,0,0,0,1,0,0,0,1,1,0,0,0,0,0,0,0,0,0,0,0,0,0,0,0,0,0,0,0,0,0,0,0,0,0,0,0,0,0,0,0
Newport Police Department,1991-06-01,Delaware,1265,DE00208,breakdown offenses,normal return,normal return,normal return,normal return,normal return,breakdown offenses,breakdown offenses,breakdown offenses,0,0,1,0,0,0,0,0,0,0,0,0,0,2,0,0,1,1,0,1,1,0,0,3,0,0,0,0,6,0,2,2,4,6,0,0,0,0,0,1,0,0,0,1,2,0,0,1,1,0,1,1,0,0,1,0,0,0,0,5,0,2,3,2,5,0,0,0,0,0,0,0,0,0,0,0,0,0,0,0,0,0,0,0,0,0,0,0,0,0,0,0,0,0,0,0,0,0,0,0,0,0,0,0,0,0,0,0,0,0,0,0,0,0,0,0,0,0,0,0,0,0,0,0,0,0,0
Newport Police Department,1991-05-01,Delaware,1265,DE00208,breakdown offenses,normal return,normal return,normal return,normal return,normal return,breakdown offenses,breakdown offenses,breakdown offenses,0,0,2,0,0,1,1,0,1,0,0,0,1,0,0,0,0,0,0,2,1,1,0,3,0,0,0,0,7,0,0,2,5,7,0,0,0,0,0,0,0,0,0,0,0,0,0,0,0,0,0,0,0,0,0,0,0,0,0,0,0,0,0,0,0,0,0,0,0,0,0,0,0,0,0,0,0,0,0,0,0,0,0,0,0,0,0,0,0,0,0,0,0,0,0,0,0,0,0,0,0,0,0,0,0,0,0,0,0,0,0,0,0,0,0,0,0,0,0,0,0,0,0,0,0,0,0
Newport Police Department,1991-04-01,Delaware,1265,DE00208,breakdown offenses,normal return,normal return,normal return,normal return,normal return,breakdown offenses,breakdown offenses,breakdown offenses,0,0,2,0,0,0,0,0,1,1,0,0,0,0,0,0,0,0,0,2,2,0,0,2,0,0,0,0,5,0,0,1,4,5,0,0,0,0,0,1,1,0,0,0,2,0,0,2,0,0,1,1,0,0,1,0,0,0,0,5,0,2,3,2,5,0,0,0,0,0,0,0,0,0,0,0,0,0,0,0,0,0,0,0,0,0,0,0,0,0,0,0,0,0,0,0,0,0,0,0,0,0,0,0,0,0,0,0,0,0,0,0,0,0,0,0,0,0,0,0,0,0,0,0,0,0,0
Newport Police Department,1991-03-01,Delaware,1265,DE00208,breakdown offenses,normal return,normal return,normal return,normal return,normal return,breakdown offenses,breakdown offenses,breakdown offenses,0,0,1,0,0,0,0,0,0,0,0,0,0,2,0,0,0,2,0,1,0,1,0,4,0,0,0,0,7,0,2,2,5,7,0,0,0,0,0,0,0,0,0,0,1,0,0,0,1,0,0,0,0,0,1,0,0,0,0,2,0,1,1,1,2,0,0,0,0,0,0,0,0,0,0,0,0,0,0,0,0,0,0,0,0,0,0,0,0,0,0,0,0,0,0,0,0,0,0,0,0,0,0,0,0,0,0,0,0,0,0,0,1,1,0,0,0,0,0,0,0,1,0,0,0,1,1
Newport Police Department,1991-02-01,Delaware,1265,DE00208,breakdown offenses,normal return,normal return,normal return,normal return,normal return,breakdown offenses,breakdown offenses,breakdown offenses,0,0,1,0,0,0,0,0,0,0,0,0,0,1,0,0,0,1,0,0,0,0,0,1,0,0,0,0,2,0,1,1,1,2,0,0,0,0,0,0,0,0,0,0,0,0,0,0,0,0,0,0,0,0,0,0,0,0,0,0,0,0,0,0,0,0,0,0,0,0,0,0,0,0,0,0,0,0,0,0,0,0,0,0,0,0,0,0,0,0,0,0,0,0,0,0,0,0,0,0,0,0,0,0,0,0,0,0,0,0,0,0,0,0,0,0,0,0,0,0,0,0,0,0,0,0,0
Newport Police Department,1991-01-01,Delaware,1265,DE00208,breakdown offenses,normal return,normal return,normal return,normal return,normal return,breakdown offenses,breakdown offenses,breakdown offenses,0,0,0,0,0,0,0,0,0,0,0,0,0,1,0,0,0,0,1,2,1,0,1,5,0,0,0,0,8,0,0,0,7,7,0,0,0,0,0,0,0,0,0,0,1,0,0,0,0,1,0,0,0,0,1,0,0,0,0,2,0,0,0,1,1,0,0,0,0,0,0,0,0,0,0,0,0,0,0,0,0,0,0,0,0,0,0,0,0,0,0,0,0,0,0,0,0,0,0,0,0,0,0,0,0,0,0,0,0,0,0,0,0,0,0,0,0,1,1,0,0,1,0,0,0,1,1
Newport Police Department,1990-12-01,Delaware,1240,DE00208,breakdown offenses,normal return,normal return,normal return,normal return,normal return,breakdown offenses,breakdown offenses,breakdown offenses,0,0,1,0,0,0,0,0,0,0,0,0,0,3,0,0,0,1,2,4,1,3,0,9,1,1,0,0,17,0,1,1,14,15,0,0,0,0,0,0,0,0,0,0,2,0,0,0,0,2,0,0,0,0,0,0,0,0,0,2,0,0,0,0,0,0,0,0,0,0,0,0,0,0,0,0,0,0,0,0,0,0,0,0,0,0,0,0,0,0,0,0,0,0,0,0,0,0,0,0,0,0,0,0,0,0,0,0,0,0,0,0,0,0,0,0,0,0,0,0,0,0,0,0,0,0,0
Newport Police Department,1990-11-01,Delaware,1240,DE00208,breakdown offenses,normal return,normal return,normal return,normal return,normal return,breakdown offenses,breakdown offenses,breakdown offenses,0,0,0,0,0,0,0,0,0,0,0,0,0,3,1,0,0,0,2,3,1,1,1,2,1,1,0,0,9,0,1,1,6,7,0,0,0,0,0,0,0,0,0,0,2,1,0,0,0,1,0,0,0,0,1,0,0,0,0,3,0,1,1,1,2,0,0,0,0,0,0,0,0,0,0,0,0,0,0,0,0,0,0,0,0,0,0,0,0,0,0,0,0,0,0,0,0,0,0,0,0,0,0,0,0,0,0,0,0,0,0,0,0,0,0,0,0,0,0,0,0,0,0,0,0,0,0
Newport Police Department,1990-10-01,Delaware,1240,DE00208,breakdown offenses,normal return,normal return,normal return,normal return,normal return,breakdown offenses,breakdown offenses,breakdown offenses,0,0,1,0,0,0,0,0,0,0,0,0,0,5,0,0,0,0,5,0,0,0,0,0,0,0,0,0,5,0,0,0,0,0,0,0,0,0,0,0,0,0,0,0,3,0,0,0,0,3,0,0,0,0,0,0,0,0,0,3,0,0,0,0,0,0,0,0,0,0,0,0,0,0,0,0,0,0,0,0,0,0,0,0,0,0,0,0,0,0,0,0,0,0,0,0,0,0,0,0,0,0,0,0,0,0,0,0,0,0,0,0,0,0,0,0,0,0,0,0,0,0,0,0,0,0,0
Newport Police Department,1990-09-01,Delaware,1240,DE00208,breakdown offenses,normal return,normal return,normal return,normal return,normal return,breakdown offenses,breakdown offenses,breakdown offenses,0,0,0,0,0,1,1,0,0,0,0,0,0,3,0,0,0,0,3,2,0,2,0,5,0,0,0,0,11,0,0,1,7,8,0,0,1,1,0,0,0,0,0,0,3,0,0,0,0,3,0,0,0,0,0,0,0,0,0,4,0,0,1,0,1,0,0,0,0,0,0,0,0,0,0,0,0,0,0,0,0,0,0,0,0,0,0,0,0,0,0,0,0,0,0,0,0,0,0,0,0,0,0,0,0,0,0,0,0,0,0,0,0,0,0,0,0,0,0,0,0,0,0,0,0,0,0
Newport Police Department,1990-08-01,Delaware,1240,DE00208,breakdown offenses,adjustment,adjustment,adjustment,adjustment,adjustment,breakdown offenses,breakdown offenses,breakdown offenses,0,0,0,0,0,0,0,0,0,0,0,0,0,10,0,0,0,0,10,1,1,0,0,4,-1,-1,0,0,14,0,0,0,4,4,0,0,0,0,0,0,0,0,0,0,6,0,0,0,0,6,0,0,0,0,0,0,0,0,0,6,0,0,0,0,0,0,0,0,0,0,0,0,0,0,0,0,0,0,0,0,0,0,0,0,0,0,0,0,0,0,0,0,0,0,0,0,0,0,0,0,0,0,0,0,0,0,0,0,0,0,0,0,0,0,0,0,0,1,1,0,0,1,0,0,0,1,1
Newport Police Department,1990-07-01,Delaware,1240,DE00208,breakdown offenses,adjustment,adjustment,adjustment,adjustment,adjustment,breakdown offenses,breakdown offenses,breakdown offenses,0,0,1,0,0,0,0,0,0,0,0,0,0,4,0,0,1,0,3,2,2,0,0,5,3,3,0,0,14,0,1,1,10,11,0,0,0,0,0,0,0,0,0,0,3,0,0,2,0,1,0,0,0,0,0,1,1,0,0,4,0,2,2,1,3,0,0,0,0,0,0,0,0,0,0,0,0,0,0,0,0,0,0,0,0,0,0,0,0,0,0,0,0,0,0,0,0,0,0,0,0,0,0,0,0,0,0,0,0,0,0,0,0,0,0,0,0,0,0,0,0,0,0,0,0,0,0
Newport Police Department,1990-06-01,Delaware,1240,DE00208,breakdown offenses,adjustment,adjustment,adjustment,adjustment,adjustment,breakdown offenses,breakdown offenses,breakdown offenses,0,0,0,0,0,0,0,0,0,0,0,0,0,8,0,0,2,0,6,2,1,1,0,2,0,0,0,0,12,0,2,2,4,6,0,0,0,0,0,0,0,0,0,0,4,0,0,1,0,3,0,0,0,0,0,0,0,0,0,4,0,1,1,0,1,0,0,0,0,0,0,0,0,0,0,0,0,0,0,0,0,0,0,0,0,0,0,0,0,0,0,0,0,0,0,0,0,0,0,0,0,0,0,0,0,0,0,0,0,0,0,0,0,0,0,0,0,0,0,0,0,0,0,0,0,0,0
Newport Police Department,1990-05-01,Delaware,1240,DE00208,breakdown offenses,adjustment,adjustment,adjustment,adjustment,adjustment,breakdown offenses,breakdown offenses,breakdown offenses,0,0,0,0,0,1,1,0,0,0,0,0,0,2,0,0,0,0,2,2,0,2,0,4,1,1,0,0,10,0,0,1,7,8,0,0,0,0,0,0,0,0,0,0,1,0,0,0,0,1,0,0,0,0,0,0,0,0,0,1,0,0,0,0,0,0,0,0,0,0,0,0,0,0,0,0,0,0,0,0,0,0,0,0,0,0,0,0,0,0,0,0,0,0,0,0,0,0,0,0,0,0,0,0,0,0,0,0,0,0,0,0,0,0,0,0,0,0,0,0,0,0,0,0,0,0,0
Newport Police Department,1990-04-01,Delaware,1240,DE00208,breakdown offenses,adjustment,adjustment,adjustment,adjustment,adjustment,breakdown offenses,breakdown offenses,breakdown offenses,0,0,0,0,0,0,0,0,0,0,0,0,0,2,0,0,1,0,1,3,2,1,0,5,1,1,0,0,11,0,1,1,9,10,0,0,0,0,0,0,0,0,0,0,2,0,0,1,0,1,0,0,0,0,1,1,1,0,0,4,0,1,1,2,3,0,0,0,0,0,0,0,0,0,0,0,0,0,0,0,0,0,0,0,0,0,1,1,0,0,1,0,0,0,1,1,0,0,0,0,0,0,0,0,0,0,0,0,0,0,0,0,0,0,0,0,0,0,0,0,0,0,0,0,0,0,0
Newport Police Department,1990-03-01,Delaware,1240,DE00208,breakdown offenses,adjustment,adjustment,adjustment,adjustment,adjustment,breakdown offenses,breakdown offenses,breakdown offenses,0,0,0,0,0,0,0,0,0,0,0,0,0,3,0,0,0,0,3,1,0,1,0,11,1,1,0,0,16,0,0,0,13,13,0,0,0,0,0,0,0,0,0,0,1,0,0,0,0,1,0,0,0,0,3,1,1,0,0,5,0,0,0,4,4,0,0,0,0,0,0,0,0,0,0,0,0,0,0,0,0,0,0,0,0,1,0,0,0,0,1,0,0,0,1,1,0,0,0,0,0,0,0,0,0,0,0,0,0,0,0,0,0,0,0,0,1,0,0,0,0,1,0,0,0,1,1
Newport Police Department,1990-02-01,Delaware,1240,DE00208,breakdown offenses,adjustment,adjustment,adjustment,adjustment,adjustment,breakdown offenses,breakdown offenses,breakdown offenses,0,0,0,0,0,0,0,0,0,0,0,0,0,5,0,0,0,0,5,0,0,0,0,8,3,3,0,0,16,0,0,0,11,11,0,0,0,0,0,0,0,0,0,0,5,0,0,1,0,4,2,2,0,0,1,0,0,0,0,8,0,1,1,3,4,0,0,0,0,0,0,0,0,0,0,0,0,0,0,0,0,1,1,0,0,0,0,0,0,0,1,0,0,0,1,1,0,0,0,0,0,0,0,0,0,0,0,0,0,0,0,0,0,0,0,0,1,0,0,0,0,1,0,0,0,1,1
Newport Police Department,1990-01-01,Delaware,1240,DE00208,breakdown offenses,adjustment,adjustment,adjustment,adjustment,adjustment,breakdown offenses,breakdown offenses,breakdown offenses,0,0,5,0,0,0,0,0,0,0,0,0,0,9,0,0,1,0,8,4,3,1,0,10,0,0,0,0,23,0,1,1,14,15,0,0,0,0,0,0,0,0,0,0,6,0,0,0,0,6,2,1,1,0,4,0,0,0,0,12,0,0,0,6,6,0,0,0,0,0,0,0,0,0,0,0,0,0,0,0,0,0,0,0,0,3,0,0,0,0,3,0,0,0,3,3,0,0,0,0,0,0,0,0,0,0,0,0,0,0,0,0,0,0,0,0,0,0,0,0,0,0,0,0,0,0,0
Newport Police Department,1989-12-01,Delaware,1213,DE00208,breakdown offenses,adjustment,adjustment,adjustment,adjustment,adjustment,breakdown offenses,breakdown offenses,breakdown offenses,0,0,1,0,0,0,0,0,0,0,0,0,0,15,0,0,5,0,10,2,0,1,1,3,3,1,2,0,23,0,5,5,8,13,0,0,0,0,0,0,0,0,0,0,11,0,0,1,0,10,1,1,0,0,1,0,0,0,0,13,0,1,1,2,3,0,0,0,0,0,0,0,0,0,0,0,0,0,0,0,0,0,0,0,0,0,0,0,0,0,0,0,0,0,0,0,0,0,0,0,0,0,0,0,0,0,0,0,0,0,0,0,0,0,0,0,0,0,0,0,0,0,0,0,0,0,0
Newport Police Department,1989-11-01,Delaware,1213,DE00208,breakdown offenses,adjustment,adjustment,adjustment,adjustment,adjustment,breakdown offenses,breakdown offenses,breakdown offenses,0,0,4,0,0,2,2,0,0,0,0,0,0,6,0,0,5,0,1,4,1,3,0,4,1,0,1,0,17,0,5,7,9,16,0,0,0,0,0,1,0,0,0,1,6,0,0,5,0,1,1,0,1,0,0,0,0,0,0,8,0,5,6,1,7,0,0,0,0,0,0,0,0,0,0,0,0,0,0,0,0,0,0,0,0,0,0,0,0,0,0,0,0,0,0,0,0,0,0,0,0,0,0,0,0,0,0,0,0,0,0,0,0,0,0,0,0,0,0,0,0,0,0,0,0,0,0
Newport Police Department,1989-10-01,Delaware,1213,DE00208,breakdown offenses,adjustment,adjustment,adjustment,adjustment,adjustment,breakdown offenses,breakdown offenses,breakdown offenses,0,0,1,0,0,0,0,0,0,0,0,0,0,4,0,0,0,0,4,3,0,3,0,10,1,0,0,1,18,0,0,0,14,14,0,0,0,0,0,0,0,0,0,0,5,0,0,0,0,5,0,0,0,0,2,0,0,0,0,7,0,0,0,2,2,0,0,0,0,0,0,0,0,0,0,0,0,0,0,0,0,0,0,0,0,1,0,0,0,0,1,0,0,0,1,1,0,0,0,0,0,0,0,0,0,0,0,0,0,0,0,0,0,0,0,0,0,0,0,0,0,0,0,0,0,0,0
Newport Police Department,1989-09-01,Delaware,1213,DE00208,breakdown offenses,adjustment,adjustment,adjustment,adjustment,adjustment,breakdown offenses,breakdown offenses,breakdown offenses,0,0,1,1,0,0,0,0,1,0,0,0,1,10,0,1,0,0,9,3,1,2,0,2,0,0,0,0,17,0,1,3,5,8,1,0,0,0,0,0,0,0,0,0,8,0,1,1,0,6,1,0,1,0,0,0,0,0,0,10,0,2,3,1,4,0,0,0,0,0,0,0,0,0,0,1,0,1,0,0,0,0,0,0,0,0,0,0,0,0,1,0,1,1,0,1,0,0,0,0,0,0,0,0,0,0,0,0,0,0,0,0,0,0,0,0,0,0,0,0,0,0,0,0,0,0,0
Newport Police Department,1989-08-01,Delaware,1213,DE00208,breakdown offenses,adjustment,adjustment,adjustment,adjustment,adjustment,breakdown offenses,breakdown offenses,breakdown offenses,0,0,2,0,0,0,0,0,1,1,0,0,0,5,0,0,0,0,5,0,0,0,0,6,0,0,0,0,12,0,0,1,6,7,0,0,0,0,0,0,0,0,0,0,3,0,0,0,0,3,0,0,0,0,0,0,0,0,0,3,0,0,0,0,0,0,0,0,0,0,0,0,0,0,0,0,0,0,0,0,0,0,0,0,0,0,0,0,0,0,0,0,0,0,0,0,0,0,0,0,0,0,0,0,0,0,0,0,0,0,0,0,0,0,0,0,0,0,0,0,0,0,0,0,0,0,0
Newport Police Department,1989-07-01,Delaware,1213,DE00208,breakdown offenses,adjustment,adjustment,adjustment,adjustment,adjustment,breakdown offenses,breakdown offenses,breakdown offenses,0,0,1,0,0,2,1,1,0,0,0,0,0,6,0,0,0,0,6,1,1,0,0,1,0,0,0,0,10,0,0,2,2,4,0,0,0,0,0,0,0,0,0,0,6,0,0,0,0,6,0,0,0,0,0,0,0,0,0,6,0,0,0,0,0,0,0,0,0,0,0,0,0,0,0,0,0,0,0,0,0,0,0,0,0,0,0,0,0,0,0,0,0,0,0,0,0,0,0,0,0,0,0,0,0,0,0,0,0,0,0,0,0,0,0,0,0,0,0,0,0,0,0,0,0,0,0
Newport Police Department,1989-06-01,Delaware,1213,DE00208,breakdown offenses,adjustment,adjustment,adjustment,adjustment,adjustment,breakdown offenses,breakdown offenses,breakdown offenses,0,0,0,0,0,0,0,0,0,0,0,0,0,6,0,0,1,1,4,4,2,2,0,5,0,0,0,0,15,0,2,2,9,11,0,0,0,0,0,0,0,0,0,0,4,0,0,0,0,4,0,0,0,0,2,0,0,0,0,6,0,0,0,2,2,0,0,0,0,0,0,0,0,0,0,0,0,0,0,0,0,0,0,0,0,0,0,0,0,0,0,0,0,0,0,0,0,0,0,0,0,0,0,0,0,0,0,0,0,0,0,0,0,0,0,0,1,0,0,0,0,1,0,0,0,1,1
Newport Police Department,1989-05-01,Delaware,1213,DE00208,breakdown offenses,adjustment,adjustment,adjustment,adjustment,adjustment,breakdown offenses,breakdown offenses,breakdown offenses,0,0,0,0,0,0,0,0,0,0,0,0,0,2,0,0,0,0,2,0,0,0,0,5,0,0,0,0,7,0,0,0,5,5,0,0,0,0,0,0,0,0,0,0,2,0,0,1,0,1,0,0,0,0,1,0,0,0,0,3,0,1,1,1,2,0,0,0,0,0,0,0,0,0,0,0,0,0,0,0,0,0,0,0,0,0,0,0,0,0,0,0,0,0,0,0,0,0,0,0,0,0,0,0,0,0,0,0,0,0,0,0,0,0,0,0,0,0,0,0,0,0,0,0,0,0,0
Newport Police Department,1989-04-01,Delaware,1213,DE00208,breakdown offenses,adjustment,adjustment,adjustment,adjustment,adjustment,breakdown offenses,breakdown offenses,breakdown offenses,0,0,1,0,0,0,0,0,2,2,0,0,0,4,0,0,0,0,4,1,0,1,0,3,1,0,1,0,11,0,0,2,5,7,0,0,0,0,0,3,2,1,0,0,3,0,0,0,0,3,0,0,0,0,0,1,1,0,0,7,0,0,3,1,4,0,0,0,0,0,0,0,0,0,0,0,0,0,0,0,0,0,0,0,0,0,0,0,0,0,0,0,0,0,0,0,0,0,0,0,0,0,0,0,0,0,0,0,0,0,0,0,0,0,0,0,0,0,0,0,0,0,0,0,0,0,0
Newport Police Department,1989-03-01,Delaware,1213,DE00208,breakdown offenses,adjustment,adjustment,adjustment,adjustment,adjustment,breakdown offenses,breakdown offenses,breakdown offenses,0,0,0,0,0,0,0,0,1,0,1,0,0,3,0,0,0,0,3,2,0,2,0,7,2,2,0,0,15,0,0,1,11,12,0,0,0,0,0,0,0,0,0,0,2,0,0,0,0,2,0,0,0,0,1,0,0,0,0,3,0,0,0,1,1,0,0,0,0,0,0,0,0,0,0,0,0,0,0,0,0,0,0,0,0,0,0,0,0,0,0,0,0,0,0,0,0,0,0,0,0,0,0,0,0,0,0,0,0,0,0,0,0,0,0,0,0,0,0,0,0,0,0,0,0,0,0
Newport Police Department,1989-02-01,Delaware,1213,DE00208,breakdown offenses,adjustment,adjustment,adjustment,adjustment,adjustment,breakdown offenses,breakdown offenses,breakdown offenses,0,0,0,0,0,0,0,0,0,0,0,0,0,0,0,0,0,0,0,1,0,1,0,1,1,1,0,0,3,0,0,0,3,3,0,0,0,0,0,0,0,0,0,0,1,0,0,0,0,1,0,0,0,0,0,0,0,0,0,1,0,0,0,0,0,0,0,0,0,0,0,0,0,0,0,0,0,0,0,0,0,0,0,0,0,0,0,0,0,0,0,0,0,0,0,0,0,0,0,0,0,0,0,0,0,0,0,0,0,0,0,0,0,0,0,0,0,0,0,0,0,0,0,0,0,0,0
Newport Police Department,1989-01-01,Delaware,1213,DE00208,breakdown offenses,adjustment,adjustment,adjustment,adjustment,adjustment,breakdown offenses,breakdown offenses,breakdown offenses,0,0,0,0,0,0,0,0,0,0,0,0,0,3,0,0,1,0,2,1,0,1,0,3,1,1,0,0,8,0,1,1,5,6,0,0,0,0,0,0,0,0,0,0,1,0,0,0,0,1,0,0,0,0,0,0,0,0,0,1,0,0,0,0,0,0,0,0,0,0,0,0,0,0,0,0,0,0,0,0,0,0,0,0,0,0,0,0,0,0,0,0,0,0,0,0,0,0,0,0,0,0,0,0,0,0,0,0,0,0,0,0,0,0,0,0,0,1,1,0,0,1,0,0,0,1,1
Newport Police Department,1988-12-01,Delaware,1199,DE00208,breakdown offenses,adjustment,adjustment,adjustment,adjustment,adjustment,breakdown offenses,breakdown offenses,breakdown offenses,0,0,2,0,0,0,0,0,0,0,0,0,0,3,0,0,1,0,2,2,1,0,1,6,1,1,0,0,12,0,1,1,9,10,0,0,0,0,0,0,0,0,0,0,3,0,0,1,0,2,0,0,0,0,1,0,0,0,0,4,0,1,1,1,2,0,0,0,0,0,0,0,0,0,0,0,0,0,0,0,0,0,0,0,0,0,0,0,0,0,0,0,0,0,0,0,0,0,0,0,0,0,0,0,0,0,0,0,0,0,0,0,0,0,0,0,0,0,0,0,0,0,0,0,0,0,0
Newport Police Department,1988-11-01,Delaware,1199,DE00208,breakdown offenses,adjustment,adjustment,adjustment,adjustment,adjustment,breakdown offenses,breakdown offenses,breakdown offenses,0,0,0,0,0,0,0,0,0,0,0,0,0,1,0,0,1,0,0,4,2,1,1,3,1,1,0,0,9,0,1,1,8,9,0,0,0,0,0,0,0,0,0,0,2,0,0,0,0,2,2,1,1,0,1,0,0,0,0,5,0,0,0,3,3,0,0,0,0,0,0,0,0,0,0,0,0,0,0,0,0,1,0,1,0,0,0,0,0,0,1,0,0,0,1,1,0,0,0,0,0,0,0,0,0,0,0,0,0,0,0,0,0,0,0,0,0,0,0,0,0,0,0,0,0,0,0
Newport Police Department,1988-10-01,Delaware,1199,DE00208,breakdown offenses,adjustment,adjustment,adjustment,adjustment,adjustment,breakdown offenses,breakdown offenses,breakdown offenses,0,0,0,0,0,0,0,0,0,0,0,0,0,5,0,0,0,0,5,1,0,0,1,4,1,1,0,0,11,0,0,0,6,6,0,0,0,0,0,0,0,0,0,0,4,0,1,0,0,3,1,1,0,0,1,0,0,0,0,6,0,1,1,2,3,0,0,0,0,0,0,0,0,0,0,0,0,0,0,0,0,0,0,0,0,0,0,0,0,0,0,0,0,0,0,0,0,0,0,0,0,0,0,0,0,0,0,0,0,0,0,0,0,0,0,0,0,0,0,0,0,0,0,0,0,0,0
Newport Police Department,1988-09-01,Delaware,1199,DE00208,breakdown offenses,adjustment,adjustment,adjustment,adjustment,adjustment,breakdown offenses,breakdown offenses,breakdown offenses,0,0,3,0,0,0,0,0,0,0,0,0,0,9,0,1,0,0,8,4,3,0,1,4,1,0,0,1,18,0,1,1,9,10,0,0,0,0,0,0,0,0,0,0,6,0,0,0,0,6,0,0,0,0,1,0,0,0,0,7,0,0,0,1,1,0,0,0,0,0,0,0,0,0,0,0,0,0,0,0,0,0,0,0,0,0,0,0,0,0,0,0,0,0,0,0,0,0,0,0,0,0,0,0,0,0,0,0,0,0,0,0,0,0,0,0,1,0,0,0,0,1,0,0,0,1,1
Newport Police Department,1988-08-01,Delaware,1199,DE00208,breakdown offenses,adjustment,adjustment,adjustment,adjustment,adjustment,breakdown offenses,breakdown offenses,breakdown offenses,0,0,0,0,0,0,0,0,0,0,0,0,0,1,0,1,0,0,0,0,0,0,0,8,0,0,0,0,9,0,1,1,8,9,0,0,0,0,0,0,0,0,0,0,1,0,1,0,0,0,1,0,1,0,1,0,0,0,0,3,0,1,1,2,3,0,0,0,0,0,0,0,0,0,0,0,0,0,0,0,0,1,0,1,0,0,0,0,0,0,1,0,0,0,1,1,0,0,0,0,0,0,0,0,0,0,0,0,0,0,0,0,0,0,0,0,0,0,0,0,0,0,0,0,0,0,0
Newport Police Department,1988-07-01,Delaware,1199,DE00208,breakdown offenses,adjustment,adjustment,adjustment,adjustment,adjustment,breakdown offenses,breakdown offenses,breakdown offenses,0,0,0,0,0,0,0,0,0,0,0,0,0,5,0,0,0,0,5,1,0,1,0,3,3,2,1,0,12,0,0,0,7,7,0,0,0,0,0,0,0,0,0,0,6,0,0,0,0,6,0,0,0,0,1,1,0,1,0,8,0,0,0,2,2,0,0,0,0,0,0,0,0,0,0,0,0,0,0,0,0,0,0,0,0,0,0,0,0,0,0,0,0,0,0,0,0,0,0,0,0,1,0,0,0,1,0,0,0,0,0,0,0,0,0,0,1,0,0,0,0,2,0,0,1,1,2
Newport Police Department,1988-06-01,Delaware,1199,DE00208,breakdown offenses,adjustment,adjustment,adjustment,adjustment,adjustment,breakdown offenses,breakdown offenses,breakdown offenses,0,0,0,0,0,0,0,0,0,0,0,0,0,4,0,0,0,0,4,0,0,0,0,4,0,0,0,0,8,0,0,0,4,4,0,0,0,0,0,0,0,0,0,0,2,0,0,0,0,2,0,0,0,0,0,0,0,0,0,2,0,0,0,0,0,0,0,0,0,0,0,0,0,0,0,0,0,0,0,0,0,0,0,0,0,0,0,0,0,0,0,0,0,0,0,0,0,0,0,0,0,0,0,0,0,0,0,0,0,0,0,0,0,0,0,0,0,0,0,0,0,0,0,0,0,0,0
Newport Police Department,1988-05-01,Delaware,1199,DE00208,breakdown offenses,adjustment,adjustment,adjustment,adjustment,adjustment,breakdown offenses,breakdown offenses,breakdown offenses,0,0,2,0,0,0,0,0,0,0,0,0,0,4,0,0,0,0,4,0,0,0,0,7,0,0,0,0,11,0,0,0,7,7,0,0,0,0,0,0,0,0,0,0,7,0,0,0,0,7,0,0,0,0,1,1,1,0,0,9,0,0,0,2,2,0,0,0,0,0,0,0,0,0,0,0,0,0,0,0,0,0,0,0,0,0,0,0,0,0,0,0,0,0,0,0,0,0,0,0,0,0,0,0,0,0,0,0,0,0,0,0,0,0,0,0,0,0,0,0,0,0,0,0,0,0,0
Newport Police Department,1988-04-01,Delaware,1199,DE00208,breakdown offenses,adjustment,adjustment,adjustment,adjustment,adjustment,breakdown offenses,breakdown offenses,breakdown offenses,0,0,2,0,0,0,0,0,0,0,0,0,0,7,0,0,0,1,6,0,0,0,0,4,0,0,0,0,11,0,1,1,4,5,0,0,0,0,0,0,0,0,0,0,6,0,0,0,1,5,0,0,0,0,1,0,0,0,0,7,0,1,1,1,2,0,0,0,0,0,0,0,0,0,0,0,0,0,0,0,0,0,0,0,0,0,0,0,0,0,0,0,0,0,0,0,0,0,0,0,0,0,0,0,0,0,0,0,0,0,0,0,0,0,0,0,0,0,0,0,0,0,0,0,0,0,0
Newport Police Department,1988-03-01,Delaware,1199,DE00208,breakdown offenses,adjustment,adjustment,adjustment,adjustment,adjustment,breakdown offenses,breakdown offenses,breakdown offenses,0,0,0,0,0,0,0,0,0,0,0,0,0,3,0,0,0,0,3,0,0,0,0,3,0,0,0,0,6,0,0,0,3,3,0,0,0,0,0,0,0,0,0,0,2,0,0,0,0,2,1,1,0,0,1,0,0,0,0,4,0,0,0,2,2,0,0,0,0,0,0,0,0,0,0,0,0,0,0,0,0,0,0,0,0,0,0,0,0,0,0,0,0,0,0,0,0,0,0,0,0,0,0,0,0,0,0,0,0,0,0,0,0,0,0,0,0,0,0,0,0,0,0,0,0,0,0
Newport Police Department,1988-02-01,Delaware,1199,DE00208,breakdown offenses,adjustment,adjustment,adjustment,adjustment,adjustment,breakdown offenses,breakdown offenses,breakdown offenses,0,0,1,0,0,0,0,0,0,0,0,0,0,5,0,0,0,0,5,3,1,2,0,5,2,1,1,0,15,0,0,0,10,10,0,0,0,0,0,0,0,0,0,0,3,0,0,0,0,3,0,0,0,0,1,0,0,0,0,4,0,0,0,1,1,0,0,0,0,0,0,0,0,0,0,0,0,0,0,0,0,0,0,0,0,0,0,0,0,0,0,0,0,0,0,0,0,0,0,0,0,0,0,0,0,0,0,0,0,0,0,0,0,0,0,0,0,1,1,0,0,1,0,0,0,1,1
Newport Police Department,1988-01-01,Delaware,1199,DE00208,breakdown offenses,adjustment,adjustment,adjustment,adjustment,adjustment,breakdown offenses,breakdown offenses,breakdown offenses,0,0,1,0,0,0,0,0,0,0,0,0,0,3,0,0,1,0,2,0,0,0,0,6,0,0,0,0,9,0,1,1,6,7,0,0,0,0,0,0,0,0,0,0,3,0,0,1,0,2,0,0,0,0,0,0,0,0,0,3,0,1,1,0,1,0,0,0,0,0,0,0,0,0,0,0,0,0,0,0,0,0,0,0,0,0,0,0,0,0,0,0,0,0,0,0,0,0,0,0,0,0,0,0,0,0,0,0,0,0,0,0,0,0,0,0,0,0,0,0,0,0,0,0,0,0,0
Newport Police Department,1987-12-01,Delaware,1171,DE00208,breakdown offenses,adjustment,adjustment,adjustment,adjustment,adjustment,breakdown offenses,breakdown offenses,breakdown offenses,0,0,1,0,0,0,0,0,0,0,0,0,0,4,0,0,0,0,4,1,0,1,0,4,-1,0,-1,0,8,0,0,0,4,4,0,0,0,0,0,0,0,0,0,0,3,0,0,0,0,3,0,0,0,0,0,0,0,0,0,3,0,0,0,0,0,0,0,0,0,0,0,0,0,0,0,0,0,0,0,0,0,0,0,0,0,0,0,0,0,0,0,0,0,0,0,0,0,0,0,0,0,0,0,0,0,0,0,0,0,0,0,0,0,0,0,0,0,1,0,1,0,1,0,0,0,1,1
Newport Police Department,1987-11-01,Delaware,1171,DE00208,breakdown offenses,adjustment,adjustment,adjustment,adjustment,adjustment,breakdown offenses,breakdown offenses,breakdown offenses,0,0,0,0,0,0,0,0,0,0,0,0,0,3,0,0,1,1,1,1,1,0,0,6,1,0,1,0,11,0,2,2,8,10,0,0,0,0,0,0,0,0,0,0,1,0,0,0,1,0,0,0,0,0,2,0,0,0,0,3,0,1,1,2,3,0,0,0,0,0,0,0,0,0,0,0,0,0,0,0,0,0,0,0,0,0,0,0,0,0,0,0,0,0,0,0,0,0,0,0,0,0,0,0,0,0,0,0,0,0,0,0,0,0,0,0,0,0,0,0,0,0,0,0,0,0,0
Newport Police Department,1987-10-01,Delaware,1171,DE00208,breakdown offenses,adjustment,adjustment,adjustment,adjustment,adjustment,breakdown offenses,breakdown offenses,breakdown offenses,0,0,1,0,0,0,0,0,0,0,0,0,0,3,0,0,3,0,0,1,1,0,0,3,0,0,0,0,7,0,3,3,4,7,0,0,0,0,0,0,0,0,0,0,0,0,0,0,0,0,0,0,0,0,0,0,0,0,0,0,0,0,0,0,0,0,0,0,0,0,0,0,0,0,0,0,0,0,0,0,0,0,0,0,0,0,0,0,0,0,0,0,0,0,0,0,0,0,0,0,0,0,0,0,0,0,0,0,0,0,0,0,0,0,0,0,0,0,0,0,0,0,0,0,0,0,0
Newport Police Department,1987-09-01,Delaware,1171,DE00208,breakdown offenses,adjustment,adjustment,adjustment,adjustment,adjustment,breakdown offenses,breakdown offenses,breakdown offenses,0,0,0,0,0,0,0,0,0,0,0,0,0,3,2,0,0,0,1,0,0,0,0,6,1,0,1,0,10,0,2,2,7,9,0,0,0,0,0,0,0,0,0,0,3,0,0,0,0,3,0,0,0,0,3,0,0,0,0,6,0,0,0,3,3,0,0,0,0,0,0,0,0,0,0,0,0,0,0,0,0,0,0,0,0,1,0,0,0,0,1,0,0,0,1,1,0,0,0,0,0,0,0,0,0,0,0,0,0,0,0,0,0,0,0,0,0,0,0,0,0,0,0,0,0,0,0
Newport Police Department,1987-08-01,Delaware,1171,DE00208,breakdown offenses,adjustment,adjustment,adjustment,adjustment,adjustment,breakdown offenses,breakdown offenses,breakdown offenses,0,0,0,0,0,0,0,0,0,0,0,0,0,0,0,0,0,0,0,2,2,0,0,9,0,0,0,0,11,0,0,0,11,11,0,0,0,0,0,0,0,0,0,0,0,0,0,0,0,0,0,0,0,0,1,0,0,0,0,1,0,0,0,1,1,0,0,0,0,0,0,0,0,0,0,0,0,0,0,0,0,0,0,0,0,0,0,0,0,0,0,0,0,0,0,0,0,0,0,0,0,0,0,0,0,0,0,0,0,0,0,0,0,0,0,0,0,0,0,0,0,0,0,0,0,0,0
Newport Police Department,1987-07-01,Delaware,1171,DE00208,breakdown offenses,adjustment,adjustment,adjustment,adjustment,adjustment,breakdown offenses,breakdown offenses,breakdown offenses,0,0,2,0,0,1,1,0,1,0,0,0,1,6,0,0,1,0,5,0,0,0,0,4,0,0,0,0,12,0,1,3,4,7,0,0,1,1,0,1,0,0,0,1,6,0,0,1,0,5,0,0,0,0,1,0,0,0,0,9,0,1,3,1,4,0,0,1,1,0,0,0,0,0,0,0,0,0,0,0,0,0,0,0,0,0,0,0,0,0,1,0,0,1,0,1,0,0,0,0,0,0,0,0,0,0,0,0,0,0,0,0,0,0,0,0,0,0,0,0,0,0,0,0,0,0,0
Newport Police Department,1987-06-01,Delaware,1171,DE00208,breakdown offenses,adjustment,adjustment,adjustment,adjustment,adjustment,breakdown offenses,breakdown offenses,breakdown offenses,0,0,1,0,0,0,0,0,0,0,0,0,0,5,0,0,2,0,3,1,0,1,0,1,1,1,0,0,8,0,2,2,3,5,0,0,0,0,0,0,0,0,0,0,3,0,0,2,0,1,0,0,0,0,0,0,0,0,0,3,0,2,2,0,2,0,0,0,0,0,0,0,0,0,0,0,0,0,0,0,0,0,0,0,0,0,0,0,0,0,0,0,0,0,0,0,0,0,0,0,0,0,0,0,0,0,0,0,0,0,0,0,0,0,0,0,0,0,0,0,0,0,0,0,0,0,0
Newport Police Department,1987-05-01,Delaware,1171,DE00208,breakdown offenses,adjustment,adjustment,adjustment,adjustment,adjustment,breakdown offenses,breakdown offenses,breakdown offenses,0,0,2,0,0,0,0,0,1,0,0,0,1,4,0,0,0,0,4,2,1,1,0,1,3,1,2,0,11,0,0,1,6,7,0,0,0,0,0,1,0,0,0,1,4,0,0,0,0,4,0,0,0,0,0,2,0,2,0,7,0,0,1,2,3,0,0,0,0,0,1,0,0,0,1,0,0,0,0,0,0,0,0,0,0,0,0,0,0,0,1,0,0,1,0,1,0,0,0,0,0,0,0,0,0,0,0,0,0,0,0,0,0,0,0,0,0,0,0,0,0,0,0,0,0,0,0
Newport Police Department,1987-04-01,Delaware,1171,DE00208,breakdown offenses,adjustment,adjustment,adjustment,adjustment,adjustment,breakdown offenses,breakdown offenses,breakdown offenses,0,0,0,0,0,0,0,0,0,0,0,0,0,2,0,0,0,0,2,0,0,0,0,6,0,0,0,0,8,0,0,0,6,6,0,0,0,0,0,0,0,0,0,0,1,0,0,0,0,1,0,0,0,0,2,0,0,0,0,3,0,0,0,2,2,0,0,0,0,0,0,0,0,0,0,0,0,0,0,0,0,0,0,0,0,1,0,0,0,0,1,0,0,0,1,1,0,0,0,0,0,0,0,0,0,0,0,0,0,0,0,0,0,0,0,0,0,0,0,0,0,0,0,0,0,0,0
Newport Police Department,1987-03-01,Delaware,1171,DE00208,breakdown offenses,adjustment,adjustment,adjustment,adjustment,adjustment,breakdown offenses,breakdown offenses,breakdown offenses,0,0,1,0,0,0,0,0,0,0,0,0,0,4,0,0,0,0,4,4,1,3,0,6,0,0,0,0,14,0,0,0,10,10,0,0,0,0,0,0,0,0,0,0,3,0,0,0,0,3,0,0,0,0,1,0,0,0,0,4,0,0,0,1,1,0,0,0,0,0,0,0,0,0,0,0,0,0,0,0,0,0,0,0,0,0,0,0,0,0,0,0,0,0,0,0,0,0,0,0,0,0,0,0,0,0,0,0,0,0,0,0,0,0,0,0,0,0,0,0,0,0,0,0,0,0,0
Newport Police Department,1987-02-01,Delaware,1171,DE00208,breakdown offenses,adjustment,adjustment,adjustment,adjustment,adjustment,breakdown offenses,breakdown offenses,breakdown offenses,0,0,0,0,0,0,0,0,0,0,0,0,0,2,0,0,0,0,2,0,0,0,0,7,0,0,0,0,9,0,0,0,7,7,0,0,0,0,0,0,0,0,0,0,2,0,0,0,0,2,0,0,0,0,3,0,0,0,0,5,0,0,0,3,3,0,0,0,0,0,0,0,0,0,0,0,0,0,0,0,0,0,0,0,0,0,0,0,0,0,0,0,0,0,0,0,0,0,0,0,0,0,0,0,0,0,0,0,0,0,0,0,0,0,0,0,0,0,0,0,0,0,0,0,0,0,0
Newport Police Department,1987-01-01,Delaware,1171,DE00208,breakdown offenses,adjustment,adjustment,adjustment,adjustment,adjustment,breakdown offenses,breakdown offenses,breakdown offenses,0,0,0,0,0,0,0,0,0,0,0,0,0,1,0,0,0,0,1,0,0,0,0,4,1,0,1,0,6,0,0,0,5,5,0,0,0,0,0,0,0,0,0,0,0,0,0,0,0,0,0,0,0,0,0,0,0,0,0,0,0,0,0,0,0,0,0,0,0,0,0,0,0,0,0,0,0,0,0,0,0,0,0,0,0,0,0,0,0,0,0,0,0,0,0,0,0,0,0,0,0,0,0,0,0,0,0,0,0,0,0,0,0,0,0,0,0,0,0,0,0,0,0,0,0,0,0
Newport Police Department,1986-12-01,Delaware,1230,DE00208,breakdown offenses,adjustment,adjustment,adjustment,adjustment,adjustment,breakdown offenses,breakdown offenses,breakdown offenses,0,0,0,0,0,0,0,0,0,0,0,0,0,2,0,0,0,1,1,1,1,0,0,8,0,0,0,0,11,0,1,1,9,10,0,0,0,0,0,0,0,0,0,0,1,0,0,0,1,0,1,1,0,0,1,0,0,0,0,3,0,1,1,2,3,0,0,0,0,0,0,0,0,0,0,0,0,0,0,0,0,0,0,0,0,0,0,0,0,0,0,0,0,0,0,0,0,0,0,0,0,0,0,0,0,0,0,0,0,0,0,0,0,0,0,0,0,0,0,0,0,0,0,0,0,0,0
Newport Police Department,1986-11-01,Delaware,1230,DE00208,breakdown offenses,adjustment,adjustment,adjustment,adjustment,adjustment,breakdown offenses,breakdown offenses,breakdown offenses,0,0,0,0,0,0,0,0,0,0,0,0,0,1,0,0,0,0,1,0,0,0,0,2,1,1,0,0,4,0,0,0,3,3,0,0,0,0,0,0,0,0,0,0,1,0,0,0,0,1,0,0,0,0,0,0,0,0,0,1,0,0,0,0,0,0,0,0,0,0,0,0,0,0,0,0,0,0,0,0,0,0,0,0,0,0,0,0,0,0,0,0,0,0,0,0,0,0,0,0,0,0,0,0,0,0,0,0,0,0,0,0,0,0,0,0,0,0,0,0,0,0,0,0,0,0,0
Newport Police Department,1986-10-01,Delaware,1230,DE00208,breakdown offenses,normal return,normal return,normal return,normal return,normal return,breakdown offenses,breakdown offenses,breakdown offenses,0,0,0,0,0,0,0,0,0,0,0,0,0,2,1,0,0,0,1,0,0,0,0,3,0,0,0,0,5,0,1,1,3,4,0,0,0,0,0,0,0,0,0,0,4,1,0,0,0,3,0,0,0,0,0,0,0,0,0,4,0,1,1,0,1,0,0,0,0,0,0,0,0,0,0,1,1,0,0,0,0,0,0,0,0,0,0,0,0,0,1,0,1,1,0,1,0,0,0,0,0,0,0,0,0,0,0,0,0,0,0,0,0,0,0,0,0,0,0,0,0,0,0,0,0,0,0
Newport Police Department,1986-09-01,Delaware,1230,DE00208,breakdown offenses,adjustment,adjustment,adjustment,adjustment,adjustment,breakdown offenses,breakdown offenses,breakdown offenses,0,0,0,0,0,0,0,0,0,0,0,0,0,1,0,0,0,0,1,0,0,0,0,2,0,0,0,0,3,0,0,0,2,2,0,0,0,0,0,0,0,0,0,0,0,0,0,0,0,0,4,4,0,0,1,0,0,0,0,5,0,0,0,5,5,0,0,0,0,0,0,0,0,0,0,0,0,0,0,0,0,2,2,0,0,0,0,0,0,0,2,0,0,0,2,2,0,0,0,0,0,0,0,0,0,0,0,0,0,0,0,0,0,0,0,0,0,0,0,0,0,0,0,0,0,0,0
Newport Police Department,1986-08-01,Delaware,1230,DE00208,breakdown offenses,adjustment,adjustment,adjustment,adjustment,adjustment,breakdown offenses,breakdown offenses,breakdown offenses,0,0,1,0,0,0,0,0,1,0,1,0,0,3,0,0,0,0,3,2,2,0,0,10,1,0,0,1,17,0,0,1,13,14,0,0,0,0,0,1,0,1,0,0,5,0,0,0,0,5,0,0,0,0,2,0,0,0,0,8,0,0,1,2,3,0,0,0,0,0,0,0,0,0,0,0,0,0,0,0,0,0,0,0,0,0,0,0,0,0,0,0,0,0,0,0,0,0,0,0,0,0,0,0,0,0,0,0,0,0,0,0,0,0,0,0,0,0,0,0,0,0,0,0,0,0,0
Newport Police Department,1986-07-01,Delaware,1230,DE00208,breakdown offenses,adjustment,adjustment,adjustment,adjustment,adjustment,breakdown offenses,breakdown offenses,breakdown offenses,0,0,0,0,0,0,0,0,0,0,0,0,0,3,0,0,1,0,2,0,0,0,0,8,0,0,0,0,11,0,1,1,8,9,0,0,0,0,0,0,0,0,0,0,4,0,0,1,0,3,0,0,0,0,1,0,0,0,0,5,0,1,1,1,2,0,0,0,0,0,0,0,0,0,0,0,0,0,0,0,0,0,0,0,0,0,0,0,0,0,0,0,0,0,0,0,0,0,0,0,0,0,0,0,0,0,0,0,0,0,0,0,0,0,0,0,0,0,0,0,0,0,0,0,0,0,0
Newport Police Department,1986-06-01,Delaware,1230,DE00208,breakdown offenses,adjustment,adjustment,adjustment,adjustment,adjustment,breakdown offenses,breakdown offenses,breakdown offenses,0,0,1,0,0,0,0,0,0,0,0,0,0,5,0,0,1,0,4,0,0,0,0,8,2,2,0,0,15,0,1,1,10,11,0,0,0,0,0,0,0,0,0,0,3,0,0,1,0,2,0,0,0,0,1,2,2,0,0,6,0,1,1,3,4,0,0,0,0,0,0,0,0,0,0,0,0,0,0,0,0,0,0,0,0,0,0,0,0,0,0,0,0,0,0,0,0,0,0,0,0,0,0,0,0,0,0,0,0,0,0,0,0,0,0,0,0,0,0,0,0,0,0,0,0,0,0
Newport Police Department,1986-05-01,Delaware,1230,DE00208,breakdown offenses,adjustment,adjustment,adjustment,adjustment,adjustment,breakdown offenses,breakdown offenses,breakdown offenses,0,0,0,0,0,0,0,0,0,0,0,0,0,2,0,0,0,0,2,3,3,0,0,2,1,1,0,0,8,0,0,0,6,6,0,0,0,0,0,0,0,0,0,0,1,0,0,0,0,1,0,0,0,0,0,1,1,0,0,2,0,0,0,1,1,0,0,0,0,0,0,0,0,0,0,0,0,0,0,0,0,0,0,0,0,0,0,0,0,0,0,0,0,0,0,0,0,0,0,0,0,0,0,0,0,0,0,0,0,0,0,0,0,0,0,0,0,0,0,0,0,0,0,0,0,0,0
Newport Police Department,1986-04-01,Delaware,1230,DE00208,breakdown offenses,adjustment,adjustment,adjustment,adjustment,adjustment,breakdown offenses,breakdown offenses,breakdown offenses,0,0,0,0,0,0,0,0,0,0,0,0,0,3,0,0,0,0,3,2,2,0,0,4,0,0,0,0,9,0,0,0,6,6,0,0,0,0,0,0,0,0,0,0,6,0,0,0,0,6,1,1,0,0,1,2,0,0,2,10,0,0,0,4,4,0,0,0,0,0,0,0,0,0,0,0,0,0,0,0,0,1,1,0,0,1,2,0,0,2,4,0,0,0,4,4,0,0,0,0,0,0,0,0,0,0,0,0,0,0,0,0,0,0,0,0,0,0,0,0,0,0,0,0,0,0,0
Newport Police Department,1986-03-01,Delaware,1230,DE00208,breakdown offenses,adjustment,adjustment,adjustment,adjustment,adjustment,breakdown offenses,breakdown offenses,breakdown offenses,0,0,2,0,0,0,0,0,0,0,0,0,0,6,0,0,0,0,6,3,2,1,0,4,3,0,1,2,16,0,0,0,10,10,0,0,0,0,0,0,0,0,0,0,4,0,0,0,0,4,0,0,0,0,0,0,0,0,0,4,0,0,0,0,0,0,0,0,0,0,0,0,0,0,0,0,0,0,0,0,0,0,0,0,0,0,0,0,0,0,0,0,0,0,0,0,0,0,0,0,0,0,0,0,0,0,0,0,0,0,0,0,0,0,0,0,0,0,0,0,0,0,0,0,0,0,0
Newport Police Department,1986-02-01,Delaware,1230,DE00208,breakdown offenses,adjustment,adjustment,adjustment,adjustment,adjustment,breakdown offenses,breakdown offenses,breakdown offenses,0,0,0,0,0,0,0,0,0,0,0,0,0,2,0,0,0,0,2,3,3,0,0,3,1,1,0,0,9,0,0,0,7,7,0,0,0,0,0,0,0,0,0,0,1,0,0,0,0,1,0,0,0,0,0,0,0,0,0,1,0,0,0,0,0,0,0,0,0,0,0,0,0,0,0,1,0,0,0,0,1,0,0,0,0,0,0,0,0,0,1,0,0,0,0,0,0,0,0,0,0,0,0,0,0,0,0,0,0,0,0,0,0,0,0,0,0,0,0,0,0,0,0,0,0,0,0
Newport Police Department,1986-01-01,Delaware,1230,DE00208,breakdown offenses,adjustment,adjustment,adjustment,adjustment,adjustment,breakdown offenses,breakdown offenses,breakdown offenses,0,0,0,0,0,0,0,0,0,0,0,0,0,5,0,0,0,0,5,1,1,0,0,5,1,1,0,0,12,0,0,0,7,7,0,0,0,0,0,0,0,0,0,0,3,0,0,0,0,3,0,0,0,0,1,0,0,0,0,4,0,0,0,1,1,0,0,0,0,0,0,0,0,0,0,0,0,0,0,0,0,0,0,0,0,0,0,0,0,0,0,0,0,0,0,0,0,0,0,0,0,0,0,0,0,0,0,0,0,0,0,0,0,0,0,0,0,0,0,0,0,0,0,0,0,0,0
Newport Police Department,1985-12-01,Delaware,1181,DE00208,breakdown offenses,adjustment,adjustment,adjustment,adjustment,adjustment,breakdown offenses,breakdown offenses,breakdown offenses,0,0,1,0,0,0,0,0,1,1,0,0,0,2,0,0,0,0,2,0,0,0,0,8,0,0,0,0,11,0,0,1,8,9,0,0,0,0,0,0,0,0,0,0,3,0,0,0,0,3,0,0,0,0,2,1,1,0,0,6,0,0,0,3,3,0,0,0,0,0,0,0,0,0,0,0,0,0,0,0,0,0,0,0,0,0,0,0,0,0,0,0,0,0,0,0,0,0,0,0,0,0,0,0,0,0,0,0,0,0,0,0,0,0,0,0,0,0,0,0,0,0,0,0,0,0,0
Newport Police Department,1985-11-01,Delaware,1181,DE00208,breakdown offenses,adjustment,adjustment,adjustment,adjustment,adjustment,breakdown offenses,breakdown offenses,breakdown offenses,0,0,0,0,0,0,0,0,0,0,0,0,0,4,0,1,0,0,3,5,3,1,1,6,1,1,0,0,16,0,1,1,12,13,0,0,0,0,0,0,0,0,0,0,1,0,1,0,0,0,5,3,1,1,2,0,0,0,0,8,0,1,1,7,8,0,0,0,0,0,0,0,0,0,0,0,0,0,0,0,0,0,0,0,0,0,0,0,0,0,0,0,0,0,0,0,0,0,0,0,0,0,0,0,0,0,0,0,0,0,0,0,0,0,0,0,0,0,0,0,0,0,0,0,0,0,0
Newport Police Department,1985-10-01,Delaware,1181,DE00208,breakdown offenses,adjustment,adjustment,adjustment,adjustment,adjustment,breakdown offenses,breakdown offenses,breakdown offenses,0,0,1,0,0,0,0,0,0,0,0,0,0,8,0,0,1,1,6,5,3,1,1,7,2,2,0,0,22,0,2,2,14,16,0,0,0,0,0,0,0,0,0,0,7,0,0,1,1,5,0,0,0,0,0,2,2,0,0,9,0,2,2,2,4,0,0,0,0,0,0,0,0,0,0,0,0,0,0,0,0,0,0,0,0,0,0,0,0,0,0,0,0,0,0,0,0,0,0,0,0,0,0,0,0,0,0,0,0,0,0,0,0,0,0,0,0,1,1,0,0,1,0,0,0,1,1
Newport Police Department,1985-09-01,Delaware,1181,DE00208,breakdown offenses,adjustment,adjustment,adjustment,adjustment,adjustment,breakdown offenses,breakdown offenses,breakdown offenses,0,0,1,0,0,0,0,0,0,0,0,0,0,6,0,1,0,1,4,1,0,1,0,4,0,0,0,0,11,0,2,2,5,7,0,0,0,0,0,0,0,0,0,0,5,0,1,0,1,3,0,0,0,0,2,0,0,0,0,7,0,2,2,2,4,0,0,0,0,0,0,0,0,0,0,0,0,0,0,0,0,0,0,0,0,0,0,0,0,0,0,0,0,0,0,0,0,0,0,0,0,0,0,0,0,0,0,0,0,0,0,0,0,0,0,0,0,0,0,0,0,0,0,0,0,0,0
Newport Police Department,1985-08-01,Delaware,1181,DE00208,breakdown offenses,adjustment,adjustment,adjustment,adjustment,adjustment,breakdown offenses,breakdown offenses,breakdown offenses,0,0,0,0,0,0,0,0,0,0,0,0,0,2,0,0,0,0,2,2,1,1,0,4,1,1,0,0,9,0,0,0,7,7,0,0,0,0,0,0,0,0,0,0,1,0,0,0,0,1,0,0,0,0,0,0,0,0,0,1,0,0,0,0,0,0,0,0,0,0,0,0,0,0,0,0,0,0,0,0,0,0,0,0,0,0,0,0,0,0,0,0,0,0,0,0,0,0,0,0,0,0,0,0,0,0,0,0,0,0,0,0,0,0,0,0,0,0,0,0,0,0,0,0,0,0,0
Newport Police Department,1985-07-01,Delaware,1181,DE00208,breakdown offenses,adjustment,adjustment,adjustment,adjustment,adjustment,breakdown offenses,breakdown offenses,breakdown offenses,0,0,0,0,0,0,0,0,0,0,0,0,0,4,0,0,0,0,4,0,0,0,0,2,1,1,0,0,7,0,0,0,3,3,0,0,0,0,0,0,0,0,0,0,2,0,0,0,0,2,0,0,0,0,1,0,0,0,0,3,0,0,0,1,1,0,0,0,0,0,0,0,0,0,0,0,0,0,0,0,0,0,0,0,0,0,0,0,0,0,0,0,0,0,0,0,0,0,0,0,0,0,0,0,0,0,0,0,0,0,0,0,0,0,0,0,0,0,0,0,0,0,0,0,0,0,0
Newport Police Department,1985-06-01,Delaware,1181,DE00208,breakdown offenses,adjustment,adjustment,adjustment,adjustment,adjustment,breakdown offenses,breakdown offenses,breakdown offenses,0,0,0,0,0,0,0,0,0,0,0,0,0,3,0,0,0,0,3,1,1,0,0,4,0,0,0,0,8,0,0,0,5,5,0,0,0,0,0,0,0,0,0,0,2,0,0,0,0,2,0,0,0,0,1,0,0,0,0,3,0,0,0,1,1,0,0,0,0,0,0,0,0,0,0,0,0,0,0,0,0,0,0,0,0,0,0,0,0,0,0,0,0,0,0,0,0,0,0,0,0,0,0,0,0,0,0,0,0,0,0,0,0,0,0,0,0,0,0,0,0,0,0,0,0,0,0
Newport Police Department,1985-05-01,Delaware,1181,DE00208,breakdown offenses,adjustment,adjustment,adjustment,adjustment,adjustment,breakdown offenses,breakdown offenses,breakdown offenses,0,0,2,0,0,1,1,0,0,0,0,0,0,6,0,0,2,0,4,4,3,1,0,5,2,0,0,2,18,0,2,3,11,14,0,0,1,1,0,0,0,0,0,0,4,0,0,1,0,3,0,0,0,0,2,0,0,0,0,7,0,1,2,2,4,0,0,0,0,0,0,0,0,0,0,0,0,0,0,0,0,0,0,0,0,1,0,0,0,0,1,0,0,0,1,1,0,0,0,0,0,0,0,0,0,0,0,0,0,0,0,0,0,0,0,0,0,0,0,0,0,0,0,0,0,0,0
Newport Police Department,1985-04-01,Delaware,1181,DE00208,breakdown offenses,adjustment,adjustment,adjustment,adjustment,adjustment,breakdown offenses,breakdown offenses,breakdown offenses,0,0,0,0,0,0,0,0,0,0,0,0,0,2,0,0,0,1,1,10,1,6,3,6,1,0,1,0,19,0,1,1,17,18,0,0,0,0,0,0,0,0,0,0,1,0,0,0,1,0,1,0,1,0,2,0,0,0,0,4,0,1,1,3,4,0,0,0,0,0,0,0,0,0,0,0,0,0,0,0,0,0,0,0,0,2,0,0,0,0,2,0,0,0,2,2,0,0,0,0,0,0,0,0,0,0,0,0,0,0,0,0,0,0,0,0,0,0,0,0,0,0,0,0,0,0,0
Newport Police Department,1985-03-01,Delaware,1181,DE00208,breakdown offenses,normal return,normal return,normal return,normal return,normal return,breakdown offenses,breakdown offenses,breakdown offenses,0,0,0,0,0,0,0,0,0,0,0,0,0,2,0,0,0,1,1,1,0,0,1,11,1,1,0,0,15,0,1,1,13,14,0,0,0,0,0,0,0,0,0,0,1,0,0,0,1,0,0,0,0,0,2,0,0,0,0,3,0,1,1,2,3,0,0,0,0,0,0,0,0,0,0,0,0,0,0,0,0,0,0,0,0,0,0,0,0,0,0,0,0,0,0,0,0,0,0,0,0,0,0,0,0,0,0,0,0,0,0,0,0,0,0,0,0,0,0,0,0,0,0,0,0,0,0
Newport Police Department,1985-02-01,Delaware,1181,DE00208,breakdown offenses,adjustment,adjustment,adjustment,adjustment,adjustment,breakdown offenses,breakdown offenses,breakdown offenses,0,0,0,0,0,0,0,0,0,0,0,0,0,1,0,0,0,0,1,1,1,0,0,7,0,0,0,0,9,0,0,0,8,8,0,0,0,0,0,0,0,0,0,0,1,0,0,0,0,1,0,0,0,0,3,0,0,0,0,4,0,0,0,3,3,0,0,0,0,0,0,0,0,0,0,0,0,0,0,0,0,0,0,0,0,0,0,0,0,0,0,0,0,0,0,0,0,0,0,0,0,0,0,0,0,0,0,0,0,0,0,0,0,0,0,0,0,0,0,0,0,0,0,0,0,0,0
Newport Police Department,1985-01-01,Delaware,1181,DE00208,breakdown offenses,adjustment,adjustment,adjustment,adjustment,adjustment,breakdown offenses,breakdown offenses,breakdown offenses,0,0,0,0,0,0,0,0,0,0,0,0,0,2,0,0,0,0,2,2,2,0,0,9,1,1,0,0,14,0,0,0,12,12,0,0,0,0,0,0,0,0,0,0,0,0,0,0,0,0,1,1,0,0,0,0,0,0,0,1,0,0,0,1,1,0,0,0,0,0,0,0,0,0,0,0,0,0,0,0,0,0,0,0,0,0,0,0,0,0,0,0,0,0,0,0,0,0,0,0,0,0,0,0,0,0,0,0,0,0,0,0,0,0,0,0,0,0,0,0,0,0,0,0,0,0,0
Newport Police Department,1984-12-01,Delaware,1163,DE00208,breakdown offenses,adjustment,adjustment,adjustment,adjustment,adjustment,breakdown offenses,breakdown offenses,breakdown offenses,0,0,0,0,0,0,0,0,0,0,0,0,0,4,2,0,0,0,2,5,1,3,1,10,0,0,0,0,19,0,2,2,15,17,0,0,0,0,0,0,0,0,0,0,4,2,0,0,0,2,1,0,1,0,1,0,0,0,0,6,0,2,2,2,4,0,0,0,0,0,0,0,0,0,0,0,0,0,0,0,0,0,0,0,0,0,0,0,0,0,0,0,0,0,0,0,0,0,0,0,0,0,0,0,0,0,0,0,0,0,0,0,0,0,0,0,0,0,0,0,0,0,0,0,0,0,0
Newport Police Department,1984-11-01,Delaware,1163,DE00208,breakdown offenses,adjustment,adjustment,adjustment,adjustment,adjustment,breakdown offenses,breakdown offenses,breakdown offenses,0,0,0,0,0,0,0,0,2,2,0,0,0,6,3,0,0,0,3,5,3,2,0,5,2,1,1,0,20,0,3,5,12,17,0,0,0,0,0,0,0,0,0,0,7,3,0,0,1,3,1,1,0,0,1,1,0,1,0,10,0,4,4,3,7,0,0,0,0,0,0,0,0,0,0,0,0,0,0,0,0,0,0,0,0,1,0,0,0,0,1,0,0,0,1,1,0,0,0,0,0,0,0,0,0,0,0,0,0,0,0,0,0,0,0,0,0,0,0,0,0,0,0,0,0,0,0
Newport Police Department,1984-10-01,Delaware,1163,DE00208,breakdown offenses,adjustment,adjustment,adjustment,adjustment,adjustment,breakdown offenses,breakdown offenses,breakdown offenses,0,0,0,0,0,0,0,0,0,0,0,0,0,6,0,0,0,0,6,4,1,3,0,4,0,0,0,0,14,0,0,0,8,8,0,0,0,0,0,0,0,0,0,0,1,0,0,0,0,1,2,0,2,0,1,0,0,0,0,4,0,0,0,3,3,0,0,0,0,0,0,0,0,0,0,0,0,0,0,0,0,1,0,1,0,0,0,0,0,0,1,0,0,0,1,1,0,0,0,0,0,0,0,0,0,0,0,0,0,0,0,0,0,0,0,0,0,0,0,0,0,0,0,0,0,0,0
Newport Police Department,1984-09-01,Delaware,1163,DE00208,breakdown offenses,adjustment,adjustment,adjustment,adjustment,adjustment,breakdown offenses,breakdown offenses,breakdown offenses,0,0,0,0,0,0,0,0,0,0,0,0,0,1,0,0,0,0,1,5,3,2,0,5,1,0,1,0,12,0,0,0,11,11,0,0,0,0,0,0,0,0,0,0,1,0,0,0,0,1,2,0,2,0,1,0,0,0,0,4,0,0,0,3,3,0,0,0,0,0,0,0,0,0,0,0,0,0,0,0,0,0,0,0,0,0,0,0,0,0,0,0,0,0,0,0,0,0,0,0,0,0,0,0,0,0,0,0,0,0,0,0,0,0,0,0,0,0,0,0,0,0,0,0,0,0,0
Newport Police Department,1984-08-01,Delaware,1163,DE00208,breakdown offenses,adjustment,adjustment,adjustment,adjustment,adjustment,breakdown offenses,breakdown offenses,breakdown offenses,0,0,1,0,0,0,0,0,0,0,0,0,0,2,0,0,1,0,1,2,0,2,0,4,0,0,0,0,8,0,1,1,6,7,0,0,0,0,0,0,0,0,0,0,1,0,0,0,0,1,1,0,1,0,1,0,0,0,0,3,0,0,0,2,2,0,0,0,0,0,0,0,0,0,0,0,0,0,0,0,0,0,0,0,0,0,0,0,0,0,0,0,0,0,0,0,0,0,0,0,0,0,0,0,0,0,0,0,0,0,0,0,0,0,0,0,0,0,0,0,0,0,0,0,0,0,0
Newport Police Department,1984-07-01,Delaware,1163,DE00208,breakdown offenses,adjustment,adjustment,adjustment,adjustment,adjustment,breakdown offenses,breakdown offenses,breakdown offenses,0,0,1,0,0,0,0,0,0,0,0,0,0,8,1,0,3,1,3,0,0,0,0,5,0,0,0,0,13,0,5,5,5,10,0,0,0,0,0,0,0,0,0,0,7,0,0,3,1,3,0,0,0,0,0,0,0,0,0,7,0,4,4,0,4,0,0,0,0,0,0,0,0,0,0,0,0,0,0,0,0,0,0,0,0,0,0,0,0,0,0,0,0,0,0,0,0,0,0,0,0,0,0,0,0,0,0,0,0,0,0,0,0,0,0,0,0,0,0,0,0,0,0,0,0,0,0
Newport Police Department,1984-06-01,Delaware,1163,DE00208,breakdown offenses,adjustment,adjustment,adjustment,adjustment,adjustment,breakdown offenses,breakdown offenses,breakdown offenses,0,0,0,0,0,0,0,0,0,0,0,0,0,4,0,0,0,0,4,3,1,0,2,2,1,0,0,1,10,0,0,0,6,6,0,0,0,0,0,0,0,0,0,0,6,0,0,0,0,6,3,2,0,1,2,1,0,0,1,12,0,0,0,6,6,0,0,0,0,0,0,0,0,0,0,0,0,0,0,0,0,1,0,0,1,0,0,0,0,0,1,0,0,0,1,1,0,0,0,0,0,0,0,0,0,0,0,0,0,0,0,0,0,0,0,0,0,0,0,0,0,0,0,0,0,0,0
Newport Police Department,1984-05-01,Delaware,1163,DE00208,breakdown offenses,adjustment,adjustment,adjustment,adjustment,adjustment,breakdown offenses,breakdown offenses,breakdown offenses,0,0,1,0,0,0,0,0,0,0,0,0,0,3,0,0,1,1,1,2,1,1,0,5,0,0,0,0,10,0,2,2,7,9,0,0,0,0,0,0,0,0,0,0,3,0,0,1,1,1,0,0,0,0,0,0,0,0,0,3,0,2,2,0,2,0,0,0,0,0,0,0,0,0,0,0,0,0,0,0,0,0,0,0,0,0,0,0,0,0,0,0,0,0,0,0,0,0,0,0,0,0,0,0,0,0,0,0,0,0,0,0,0,0,0,0,0,0,0,0,0,0,0,0,0,0,0
Newport Police Department,1984-04-01,Delaware,1163,DE00208,breakdown offenses,adjustment,adjustment,adjustment,adjustment,adjustment,breakdown offenses,breakdown offenses,breakdown offenses,0,0,1,0,0,0,0,0,0,0,0,0,0,5,1,0,0,0,4,1,1,0,0,4,0,0,0,0,10,0,1,1,5,6,0,0,0,0,0,0,0,0,0,0,4,1,0,0,0,3,0,0,0,0,1,0,0,0,0,5,0,1,1,1,2,0,0,0,0,0,0,0,0,0,0,0,0,0,0,0,0,0,0,0,0,0,0,0,0,0,0,0,0,0,0,0,0,0,0,0,0,0,0,0,0,0,0,0,0,0,0,0,0,0,0,0,0,0,0,0,0,0,0,0,0,0,0
Newport Police Department,1984-03-01,Delaware,1163,DE00208,breakdown offenses,adjustment,adjustment,adjustment,adjustment,adjustment,breakdown offenses,breakdown offenses,breakdown offenses,0,0,0,0,0,0,0,0,0,0,0,0,0,11,0,0,1,1,9,2,1,1,0,4,2,2,0,0,19,0,2,2,8,10,0,0,0,0,0,0,0,0,0,0,3,0,0,0,0,3,0,0,0,0,0,0,0,0,0,3,0,0,0,0,0,0,0,0,0,0,0,0,0,0,0,0,0,0,0,0,0,0,0,0,0,0,0,0,0,0,0,0,0,0,0,0,0,0,0,0,0,0,0,0,0,0,0,0,0,0,0,0,0,0,0,0,0,0,0,0,0,0,0,0,0,0,0
Newport Police Department,1984-02-01,Delaware,1163,DE00208,breakdown offenses,adjustment,adjustment,adjustment,adjustment,adjustment,breakdown offenses,breakdown offenses,breakdown offenses,0,0,0,0,0,0,0,0,0,0,0,0,0,3,0,0,0,0,3,1,0,1,0,7,1,1,0,0,12,0,0,0,9,9,0,0,0,0,0,0,0,0,0,0,2,0,0,0,0,2,1,0,1,0,1,0,0,0,0,4,0,0,0,2,2,0,0,0,0,0,0,0,0,0,0,0,0,0,0,0,0,0,0,0,0,0,0,0,0,0,0,0,0,0,0,0,0,0,0,0,0,0,0,0,0,0,0,0,0,0,0,0,0,0,0,0,0,0,0,0,0,0,0,0,0,0,0
Newport Police Department,1984-01-01,Delaware,1163,DE00208,breakdown offenses,adjustment,adjustment,adjustment,adjustment,adjustment,breakdown offenses,breakdown offenses,breakdown offenses,0,0,0,0,0,0,0,0,1,1,0,0,0,4,0,0,0,0,4,0,0,0,0,6,0,0,0,0,11,0,0,1,6,7,0,0,0,0,0,0,0,0,0,0,3,0,0,0,0,3,0,0,0,0,2,0,0,0,0,5,0,0,0,2,2,0,0,0,0,0,0,0,0,0,0,0,0,0,0,0,0,0,0,0,0,1,0,0,0,0,1,0,0,0,1,1,0,0,0,0,0,0,0,0,0,0,0,0,0,0,0,0,0,0,0,0,0,0,0,0,0,0,0,0,0,0,0
Newport Police Department,1983-12-01,Delaware,1203,DE00208,breakdown offenses,normal return,normal return,normal return,normal return,normal return,breakdown offenses,breakdown offenses,breakdown offenses,0,0,0,0,0,0,0,0,0,0,0,0,0,2,0,0,0,1,1,0,0,0,0,2,0,0,0,0,4,0,1,1,2,3,0,0,0,0,0,0,0,0,0,0,1,0,0,0,1,0,0,0,0,0,0,0,0,0,0,1,0,1,1,0,1,0,0,0,0,0,0,0,0,0,0,0,0,0,0,0,0,0,0,0,0,0,0,0,0,0,0,0,0,0,0,0,0,0,0,0,0,0,0,0,0,0,0,0,0,0,0,0,0,0,0,0,0,0,0,0,0,0,0,0,0,0,0
Newport Police Department,1983-11-01,Delaware,1203,DE00208,breakdown offenses,normal return,normal return,normal return,normal return,normal return,breakdown offenses,breakdown offenses,breakdown offenses,0,0,0,0,0,0,0,0,0,0,0,0,0,1,0,0,0,0,1,0,0,0,0,4,1,0,0,1,6,0,0,0,5,5,0,0,0,0,0,0,0,0,0,0,0,0,0,0,0,0,0,0,0,0,1,0,0,0,0,1,0,0,0,1,1,0,0,0,0,0,0,0,0,0,0,0,0,0,0,0,0,0,0,0,0,0,0,0,0,0,0,0,0,0,0,0,0,0,0,0,0,0,0,0,0,0,0,0,0,0,0,0,0,0,0,0,0,0,0,0,0,0,0,0,0,0,0
Newport Police Department,1983-10-01,Delaware,1203,DE00208,breakdown offenses,normal return,normal return,normal return,normal return,normal return,breakdown offenses,breakdown offenses,breakdown offenses,0,0,1,0,0,0,0,0,0,0,0,0,0,2,0,0,1,0,1,1,1,0,0,9,0,0,0,0,12,0,1,1,10,11,0,0,0,0,0,0,0,0,0,0,1,0,0,0,0,1,0,0,0,0,2,0,0,0,0,3,0,0,0,2,2,0,0,0,0,0,0,0,0,0,0,0,0,0,0,0,0,0,0,0,0,0,0,0,0,0,0,0,0,0,0,0,0,0,0,0,0,0,0,0,0,0,0,0,0,0,0,0,0,0,0,0,0,0,0,0,0,0,0,0,0,0,0
Newport Police Department,1983-09-01,Delaware,1203,DE00208,breakdown offenses,normal return,normal return,normal return,normal return,normal return,breakdown offenses,breakdown offenses,breakdown offenses,0,0,1,0,0,0,0,0,0,0,0,0,0,4,1,0,0,1,2,1,1,0,0,6,2,1,0,1,13,0,2,2,9,11,0,0,0,0,0,0,0,0,0,0,4,1,0,0,1,2,0,0,0,0,1,0,0,0,0,5,0,2,2,1,3,0,0,0,0,0,0,0,0,0,0,0,0,0,0,0,0,0,0,0,0,0,0,0,0,0,0,0,0,0,0,0,0,0,0,0,0,0,0,0,0,0,0,0,0,0,0,0,0,0,0,0,0,0,0,0,0,0,0,0,0,0,0
Newport Police Department,1983-08-01,Delaware,1203,DE00208,breakdown offenses,normal return,normal return,normal return,normal return,normal return,breakdown offenses,breakdown offenses,breakdown offenses,0,0,0,0,0,0,0,0,0,0,0,0,0,0,0,0,0,0,0,0,0,0,0,6,1,0,0,1,7,0,0,0,7,7,0,0,0,0,0,0,0,0,0,0,0,0,0,0,0,0,1,1,0,0,1,0,0,0,0,2,0,0,0,2,2,0,0,0,0,0,0,0,0,0,0,0,0,0,0,0,0,0,0,0,0,0,0,0,0,0,0,0,0,0,0,0,0,0,0,0,0,0,0,0,0,0,0,0,0,0,0,0,0,0,0,0,0,0,0,0,0,0,0,0,0,0,0
Newport Police Department,1983-07-01,Delaware,1203,DE00208,breakdown offenses,normal return,normal return,normal return,normal return,normal return,breakdown offenses,breakdown offenses,breakdown offenses,0,0,2,0,0,0,0,0,0,0,0,0,0,7,0,0,0,2,5,4,3,1,0,1,3,3,0,0,15,0,2,2,8,10,0,0,0,0,0,0,0,0,0,0,5,0,0,0,2,3,0,0,0,0,0,3,3,0,0,8,0,2,2,3,5,0,0,0,0,0,0,0,0,0,0,0,0,0,0,0,0,0,0,0,0,0,1,1,0,0,1,0,0,0,1,1,0,0,0,0,0,0,0,0,0,0,0,0,0,0,0,0,0,0,0,0,0,0,0,0,0,0,0,0,0,0,0
Newport Police Department,1983-06-01,Delaware,1203,DE00208,breakdown offenses,normal return,normal return,normal return,normal return,normal return,breakdown offenses,breakdown offenses,breakdown offenses,0,0,0,0,0,0,0,0,0,0,0,0,0,2,0,0,1,0,1,2,1,1,0,4,0,0,0,0,8,0,1,1,6,7,0,0,0,0,0,0,0,0,0,0,6,0,0,2,0,4,1,1,0,0,2,0,0,0,0,9,0,2,2,3,5,0,0,0,0,0,0,0,0,0,0,0,0,0,0,0,0,0,0,0,0,0,0,0,0,0,0,0,0,0,0,0,0,0,0,0,0,0,0,0,0,0,0,0,0,0,0,0,0,0,0,0,0,0,0,0,0,0,0,0,0,0,0
Newport Police Department,1983-05-01,Delaware,1203,DE00208,breakdown offenses,normal return,normal return,normal return,normal return,normal return,breakdown offenses,breakdown offenses,breakdown offenses,0,0,0,0,0,0,0,0,0,0,0,0,0,0,0,0,0,0,0,1,1,0,0,5,0,0,0,0,6,0,0,0,6,6,0,0,0,0,0,0,0,0,0,0,0,0,0,0,0,0,0,0,0,0,1,0,0,0,0,1,0,0,0,1,1,0,0,0,0,0,0,0,0,0,0,0,0,0,0,0,0,0,0,0,0,0,0,0,0,0,0,0,0,0,0,0,0,0,0,0,0,0,0,0,0,0,0,0,0,0,0,0,0,0,0,0,0,0,0,0,0,0,0,0,0,0,0
Newport Police Department,1983-04-01,Delaware,1203,DE00208,breakdown offenses,normal return,normal return,normal return,normal return,normal return,breakdown offenses,breakdown offenses,breakdown offenses,0,0,0,0,0,0,0,0,0,0,0,0,0,0,0,0,0,0,0,0,0,0,0,4,0,0,0,0,4,0,0,0,4,4,0,0,0,0,0,0,0,0,0,0,0,0,0,0,0,0,0,0,0,0,0,0,0,0,0,0,0,0,0,0,0,0,0,0,0,0,0,0,0,0,0,0,0,0,0,0,0,0,0,0,0,0,0,0,0,0,0,0,0,0,0,0,0,0,0,0,0,0,0,0,0,0,0,0,0,0,0,0,0,0,0,0,0,0,0,0,0,0,0,0,0,0,0
Newport Police Department,1983-03-01,Delaware,1203,DE00208,breakdown offenses,normal return,normal return,normal return,normal return,normal return,breakdown offenses,breakdown offenses,breakdown offenses,0,0,0,0,0,0,0,0,0,0,0,0,0,2,0,0,0,0,2,0,0,0,0,3,0,0,0,0,5,0,0,0,3,3,0,0,0,0,0,0,0,0,0,0,0,0,0,0,0,0,0,0,0,0,0,0,0,0,0,0,0,0,0,0,0,0,0,0,0,0,0,0,0,0,0,0,0,0,0,0,0,0,0,0,0,0,0,0,0,0,0,0,0,0,0,0,0,0,0,0,0,0,0,0,0,0,0,0,0,0,0,0,0,0,0,0,0,0,0,0,0,0,0,0,0,0,0
Newport Police Department,1983-02-01,Delaware,1203,DE00208,breakdown offenses,normal return,normal return,normal return,normal return,normal return,breakdown offenses,breakdown offenses,breakdown offenses,0,0,0,0,0,0,0,0,0,0,0,0,0,2,1,0,0,0,1,1,1,0,0,5,0,0,0,0,8,0,1,1,6,7,0,0,0,0,0,0,0,0,0,0,1,1,0,0,0,0,0,0,0,0,3,0,0,0,0,4,0,1,1,3,4,0,0,0,0,0,0,0,0,0,0,0,0,0,0,0,0,0,0,0,0,1,0,0,0,0,1,0,0,0,1,1,0,0,0,0,0,0,0,0,0,0,0,0,0,0,0,0,0,0,0,0,0,0,0,0,0,0,0,0,0,0,0
Newport Police Department,1983-01-01,Delaware,1203,DE00208,breakdown offenses,normal return,normal return,normal return,normal return,normal return,breakdown offenses,breakdown offenses,breakdown offenses,0,0,1,0,0,0,0,0,0,0,0,0,0,3,0,0,1,1,1,5,3,2,0,2,0,0,0,0,10,0,2,2,7,9,0,0,0,0,0,0,0,0,0,0,3,0,0,1,1,1,2,2,0,0,0,0,0,0,0,5,0,2,2,2,4,0,0,0,0,0,0,0,0,0,0,0,0,0,0,0,0,0,0,0,0,0,0,0,0,0,0,0,0,0,0,0,0,0,0,0,0,0,0,0,0,0,0,0,0,0,0,0,0,0,0,0,0,0,0,0,0,0,0,0,0,0,0
Newport Police Department,1982-12-01,Delaware,1196,DE00208,,not updated,normal return,normal return,normal return,normal return,breakdown offenses,breakdown offenses,breakdown offenses,0,0,0,0,0,0,0,0,0,0,0,0,0,0,0,0,0,0,0,1,0,1,0,3,0,0,0,0,4,0,0,0,4,4,0,0,0,0,0,0,0,0,0,0,3,0,0,0,0,3,0,0,0,0,1,0,0,0,0,4,0,0,0,1,1,0,0,0,0,0,0,0,0,0,0,0,0,0,0,0,0,0,0,0,0,0,0,0,0,0,0,0,0,0,0,0,0,0,0,0,0,0,0,0,0,0,0,0,0,0,0,0,0,0,0,0,0,0,0,0,0,0,0,0,0,0,0
Newport Police Department,1982-11-01,Delaware,1196,DE00208,,not updated,normal return,normal return,normal return,normal return,breakdown offenses,breakdown offenses,breakdown offenses,0,0,0,0,0,0,0,0,0,0,0,0,0,1,0,0,0,0,1,1,0,1,0,9,0,0,0,0,11,0,0,0,10,10,0,0,0,0,0,0,0,0,0,0,0,0,0,0,0,0,3,2,1,0,3,0,0,0,0,6,0,0,0,6,6,0,0,0,0,0,0,0,0,0,0,0,0,0,0,0,0,0,0,0,0,1,0,0,0,0,1,0,0,0,1,1,0,0,0,0,0,0,0,0,0,0,0,0,0,0,0,0,0,0,0,0,0,0,0,0,0,0,0,0,0,0,0
Newport Police Department,1982-10-01,Delaware,1196,DE00208,,not updated,normal return,normal return,normal return,normal return,breakdown offenses,breakdown offenses,breakdown offenses,0,0,2,0,0,0,0,0,0,0,0,0,0,6,0,0,0,2,4,2,1,1,0,3,0,0,0,0,11,0,2,2,5,7,0,0,0,0,0,0,0,0,0,0,5,0,0,0,2,3,1,1,0,0,0,0,0,0,0,6,0,2,2,1,3,0,0,0,0,0,0,0,0,0,0,2,0,0,0,2,0,0,0,0,0,0,0,0,0,0,2,0,2,2,0,2,0,0,0,0,0,0,0,0,0,0,0,0,0,0,0,0,0,0,0,0,0,0,0,0,0,0,0,0,0,0,0
Newport Police Department,1982-09-01,Delaware,1196,DE00208,,not updated,normal return,normal return,normal return,normal return,breakdown offenses,breakdown offenses,breakdown offenses,0,0,0,0,0,0,0,0,0,0,0,0,0,1,0,0,0,0,1,3,3,0,0,4,0,0,0,0,8,0,0,0,7,7,0,0,0,0,0,0,0,0,0,0,1,0,0,0,0,1,0,0,0,0,0,0,0,0,0,1,0,0,0,0,0,0,0,0,0,0,0,0,0,0,0,0,0,0,0,0,0,0,0,0,0,0,0,0,0,0,0,0,0,0,0,0,0,0,0,0,0,0,0,0,0,0,0,0,0,0,0,0,0,0,0,0,0,0,0,0,0,0,0,0,0,0,0
Newport Police Department,1982-08-01,Delaware,1196,DE00208,,not updated,normal return,normal return,normal return,normal return,breakdown offenses,breakdown offenses,breakdown offenses,0,0,1,0,0,0,0,0,0,0,0,0,0,2,0,0,1,0,1,1,0,1,0,4,1,0,0,1,8,0,1,1,6,7,0,0,0,0,0,1,0,0,0,1,2,0,0,1,0,1,0,0,0,0,2,1,0,0,1,6,0,1,2,3,5,0,0,0,0,0,0,0,0,0,0,0,0,0,0,0,0,0,0,0,0,0,0,0,0,0,0,0,0,0,0,0,0,0,0,0,0,0,0,0,0,0,0,0,0,0,0,0,0,0,0,0,0,0,0,0,0,0,0,0,0,0,0
Newport Police Department,1982-07-01,Delaware,1196,DE00208,,not updated,normal return,normal return,normal return,normal return,breakdown offenses,breakdown offenses,breakdown offenses,0,0,0,0,0,0,0,0,1,0,0,0,1,2,0,0,0,0,2,0,0,0,0,2,0,0,0,0,5,0,0,1,2,3,0,0,0,0,0,0,0,0,0,0,3,0,0,0,0,3,0,0,0,0,0,0,0,0,0,3,0,0,0,0,0,0,0,0,0,0,0,0,0,0,0,0,0,0,0,0,0,0,0,0,0,0,0,0,0,0,0,0,0,0,0,0,0,0,0,0,0,0,0,0,0,0,0,0,0,0,0,0,0,0,0,0,0,0,0,0,0,0,0,0,0,0,0
Newport Police Department,1982-06-01,Delaware,1196,DE00208,,not updated,normal return,normal return,normal return,normal return,breakdown offenses,breakdown offenses,breakdown offenses,0,0,0,0,0,0,0,0,0,0,0,0,0,1,0,0,0,0,1,0,0,0,0,4,0,0,0,0,5,0,0,0,4,4,0,0,0,0,0,0,0,0,0,0,1,0,0,0,0,1,0,0,0,0,0,0,0,0,0,1,0,0,0,0,0,0,0,0,0,0,0,0,0,0,0,0,0,0,0,0,0,0,0,0,0,0,0,0,0,0,0,0,0,0,0,0,0,0,0,0,0,0,0,0,0,0,0,0,0,0,0,0,0,0,0,0,0,0,0,0,0,0,0,0,0,0,0
Newport Police Department,1982-05-01,Delaware,1196,DE00208,,not updated,normal return,normal return,normal return,normal return,breakdown offenses,breakdown offenses,breakdown offenses,0,0,1,0,0,0,0,0,0,0,0,0,0,1,0,0,0,0,1,1,1,0,0,4,0,0,0,0,6,0,0,0,5,5,0,0,0,0,0,0,0,0,0,0,1,0,0,0,0,1,0,0,0,0,3,0,0,0,0,4,0,0,0,3,3,0,0,0,0,0,0,0,0,0,0,0,0,0,0,0,0,0,0,0,0,0,0,0,0,0,0,0,0,0,0,0,0,0,0,0,0,0,0,0,0,0,0,0,0,0,0,0,0,0,0,0,0,0,0,0,0,0,0,0,0,0,0
Newport Police Department,1982-04-01,Delaware,1196,DE00208,,not updated,normal return,normal return,normal return,normal return,breakdown offenses,breakdown offenses,breakdown offenses,0,0,0,0,0,0,0,0,0,0,0,0,0,3,0,0,0,0,3,2,2,0,0,5,0,0,0,0,10,0,0,0,7,7,0,0,0,0,0,0,0,0,0,0,0,0,0,0,0,0,1,1,0,0,1,0,0,0,0,2,0,0,0,2,2,0,0,0,0,0,0,0,0,0,0,0,0,0,0,0,0,1,1,0,0,0,0,0,0,0,1,0,0,0,1,1,0,0,0,0,0,0,0,0,0,0,0,0,0,0,0,0,0,0,0,0,0,0,0,0,0,0,0,0,0,0,0
Newport Police Department,1982-03-01,Delaware,1196,DE00208,,not updated,normal return,normal return,normal return,normal return,breakdown offenses,breakdown offenses,breakdown offenses,0,0,1,0,0,0,0,0,0,0,0,0,0,1,0,0,0,0,1,1,1,0,0,5,1,1,0,0,8,0,0,0,7,7,0,0,0,0,0,0,0,0,0,0,2,0,0,1,0,1,0,0,0,0,1,0,0,0,0,3,0,1,1,1,2,0,0,0,0,0,0,0,0,0,0,0,0,0,0,0,0,0,0,0,0,0,0,0,0,0,0,0,0,0,0,0,0,0,0,0,0,0,0,0,0,0,0,0,0,0,0,0,0,0,0,0,0,0,0,0,0,0,0,0,0,0,0
Newport Police Department,1982-02-01,Delaware,1196,DE00208,,not updated,normal return,normal return,normal return,normal return,breakdown offenses,breakdown offenses,breakdown offenses,0,0,0,0,0,0,0,0,0,0,0,0,0,2,0,0,0,0,2,1,0,0,1,6,0,0,0,0,9,0,0,0,7,7,0,0,0,0,0,0,0,0,0,0,0,0,0,0,0,0,1,0,0,1,0,0,0,0,0,1,0,0,0,1,1,0,0,0,0,0,0,0,0,0,0,0,0,0,0,0,0,0,0,0,0,0,0,0,0,0,0,0,0,0,0,0,0,0,0,0,0,0,0,0,0,0,0,0,0,0,0,0,0,0,0,0,0,0,0,0,0,0,0,0,0,0,0
Newport Police Department,1982-01-01,Delaware,1196,DE00208,,not updated,normal return,normal return,normal return,normal return,breakdown offenses,breakdown offenses,breakdown offenses,0,0,0,0,0,0,0,0,0,0,0,0,0,3,0,0,2,0,1,0,0,0,0,2,0,0,0,0,5,0,2,2,2,4,0,0,0,0,0,0,0,0,0,0,1,0,0,1,0,0,0,0,0,0,2,0,0,0,0,3,0,1,1,2,3,0,0,0,0,0,0,0,0,0,0,0,0,0,0,0,0,0,0,0,0,1,0,0,0,0,1,0,0,0,1,1,0,0,0,0,0,0,0,0,0,0,0,0,0,0,0,0,0,0,0,0,0,0,0,0,0,0,0,0,0,0,0
Newport Police Department,1981-12-01,Delaware,1188,DE00208,,not updated,normal return,normal return,normal return,normal return,breakdown offenses,breakdown offenses,breakdown offenses,0,0,1,0,0,0,0,0,1,0,0,0,1,4,0,0,2,0,2,1,1,0,0,12,1,0,1,0,19,0,2,3,14,17,0,0,0,0,0,1,0,0,0,1,1,0,0,0,0,1,0,0,0,0,3,0,0,0,0,5,0,0,1,3,4,0,0,0,0,0,1,0,0,0,1,0,0,0,0,0,0,0,0,0,0,1,0,0,0,0,2,0,0,1,1,2,0,0,0,0,0,0,0,0,0,0,0,0,0,0,0,0,0,0,0,0,0,0,0,0,0,0,0,0,0,0,0
Newport Police Department,1981-11-01,Delaware,1188,DE00208,,not updated,normal return,normal return,normal return,normal return,breakdown offenses,breakdown offenses,breakdown offenses,0,0,0,0,0,0,0,0,0,0,0,0,0,3,0,0,0,0,3,3,3,0,0,4,-1,-1,0,0,9,0,0,0,6,6,0,0,0,0,0,0,0,0,0,0,1,0,0,0,0,1,1,1,0,0,2,0,0,0,0,4,0,0,0,3,3,0,0,0,0,0,0,0,0,0,0,0,0,0,0,0,0,1,1,0,0,0,0,0,0,0,1,0,0,0,1,1,0,0,0,0,0,0,0,0,0,0,0,0,0,0,0,0,0,0,0,0,0,0,0,0,0,0,0,0,0,0,0
Newport Police Department,1981-10-01,Delaware,1188,DE00208,,not updated,normal return,normal return,normal return,normal return,breakdown offenses,breakdown offenses,breakdown offenses,0,0,0,0,0,0,0,0,0,0,0,0,0,4,0,0,0,0,4,1,0,1,0,4,0,0,0,0,9,0,0,0,5,5,0,0,0,0,0,0,0,0,0,0,1,0,0,0,0,1,0,0,0,0,4,0,0,0,0,5,0,0,0,4,4,0,0,0,0,0,0,0,0,0,0,0,0,0,0,0,0,0,0,0,0,0,0,0,0,0,0,0,0,0,0,0,0,0,0,0,0,0,0,0,0,0,0,0,0,0,0,0,0,0,0,0,0,0,0,0,0,0,0,0,0,0,0
Newport Police Department,1981-09-01,Delaware,1188,DE00208,,not updated,adjustment,adjustment,adjustment,adjustment,breakdown offenses,breakdown offenses,breakdown offenses,0,0,1,0,0,0,0,0,0,0,0,0,0,4,0,0,0,4,0,1,0,1,0,5,1,0,0,1,11,0,4,4,7,11,0,0,0,0,0,0,0,0,0,0,3,0,0,0,3,0,0,0,0,0,0,0,0,0,0,3,0,3,3,0,3,0,0,0,0,0,0,0,0,0,0,0,0,0,0,0,0,0,0,0,0,0,0,0,0,0,0,0,0,0,0,0,0,0,0,0,0,0,0,0,0,0,0,0,0,0,0,0,0,0,0,0,0,0,0,0,0,0,0,0,0,0,0
Newport Police Department,1981-08-01,Delaware,1188,DE00208,,not updated,normal return,normal return,normal return,normal return,breakdown offenses,breakdown offenses,breakdown offenses,0,0,0,0,0,0,0,0,0,0,0,0,0,3,1,0,0,0,2,2,2,0,0,11,0,0,0,0,16,0,1,1,13,14,0,0,0,0,0,0,0,0,0,0,2,1,0,0,0,1,2,2,0,0,6,0,0,0,0,10,0,1,1,8,9,0,0,0,0,0,0,0,0,0,0,0,0,0,0,0,0,2,2,0,0,1,0,0,0,0,3,0,0,0,3,3,0,0,0,0,0,0,0,0,0,0,0,0,0,0,0,0,0,0,0,0,0,0,0,0,0,0,0,0,0,0,0
Newport Police Department,1981-07-01,Delaware,1188,DE00208,,not updated,adjustment,adjustment,adjustment,adjustment,breakdown offenses,breakdown offenses,breakdown offenses,0,0,0,0,0,0,0,0,0,0,0,0,0,3,0,0,0,0,3,0,0,0,0,6,1,0,1,0,10,0,0,0,7,7,0,0,0,0,0,0,0,0,0,0,2,0,0,0,0,2,0,0,0,0,2,0,0,0,0,4,0,0,0,2,2,0,0,0,0,0,0,0,0,0,0,0,0,0,0,0,0,0,0,0,0,0,0,0,0,0,0,0,0,0,0,0,0,0,0,0,0,0,0,0,0,0,0,0,0,0,0,0,0,0,0,0,0,0,0,0,0,0,0,0,0,0,0
Newport Police Department,1981-06-01,Delaware,1188,DE00208,,not updated,normal return,normal return,normal return,normal return,breakdown offenses,breakdown offenses,breakdown offenses,0,0,0,0,0,0,0,0,0,0,0,0,0,1,0,0,0,0,1,3,1,2,0,4,0,0,0,0,8,0,0,0,7,7,0,0,0,0,0,0,0,0,0,0,0,0,0,0,0,0,2,0,2,0,1,1,1,0,0,4,0,0,0,4,4,0,0,0,0,0,0,0,0,0,0,0,0,0,0,0,0,0,0,0,0,0,0,0,0,0,0,0,0,0,0,0,0,0,0,0,0,0,0,0,0,0,0,0,0,0,0,0,0,0,0,0,0,0,0,0,0,0,0,0,0,0,0
Newport Police Department,1981-05-01,Delaware,1188,DE00208,,not updated,normal return,normal return,normal return,normal return,breakdown offenses,breakdown offenses,breakdown offenses,0,0,1,0,0,0,0,0,0,0,0,0,0,2,0,0,0,0,2,2,0,2,0,4,2,1,1,0,10,0,0,0,8,8,0,0,0,0,0,0,0,0,0,0,2,0,0,1,0,1,1,0,1,0,2,0,0,0,0,5,0,1,1,3,4,0,0,0,0,0,0,0,0,0,0,1,0,0,0,0,1,0,0,0,0,0,0,0,0,0,1,0,0,0,0,0,0,0,0,0,0,0,0,0,0,0,0,0,0,0,0,0,0,0,0,0,0,0,0,0,0,0,0,0,0,0,0
Newport Police Department,1981-04-01,Delaware,1188,DE00208,,not updated,normal return,normal return,normal return,normal return,breakdown offenses,breakdown offenses,breakdown offenses,0,0,0,0,0,0,0,0,0,0,0,0,0,2,0,0,1,0,1,1,0,1,0,10,0,0,0,0,13,0,1,1,11,12,0,0,0,0,0,0,0,0,0,0,1,0,0,1,0,0,0,0,0,0,7,0,0,0,0,8,0,1,1,7,8,0,0,0,0,0,0,0,0,0,0,0,0,0,0,0,0,0,0,0,0,0,0,0,0,0,0,0,0,0,0,0,0,0,0,0,0,0,0,0,0,0,0,0,0,0,0,0,0,0,0,0,0,0,0,0,0,0,0,0,0,0,0
Newport Police Department,1981-03-01,Delaware,1188,DE00208,,not updated,normal return,normal return,normal return,normal return,breakdown offenses,breakdown offenses,breakdown offenses,0,0,1,0,0,0,0,0,0,0,0,0,0,6,0,0,1,1,4,2,1,0,1,4,0,0,0,0,12,0,2,2,6,8,0,0,0,0,0,0,0,0,0,0,7,0,0,1,1,5,0,0,0,0,2,0,0,0,0,9,0,2,2,2,4,0,0,0,0,0,0,0,0,0,0,1,0,0,0,0,1,0,0,0,0,0,0,0,0,0,1,0,0,0,0,0,0,0,0,0,0,0,0,0,0,0,0,0,0,0,0,0,0,0,0,0,0,0,0,0,0,0,0,0,0,0,0
Newport Police Department,1981-02-01,Delaware,1188,DE00208,,not updated,adjustment,adjustment,adjustment,adjustment,breakdown offenses,breakdown offenses,breakdown offenses,0,0,1,0,0,0,0,0,0,0,0,0,0,2,0,0,2,0,0,0,0,0,0,6,0,0,0,0,8,0,2,2,6,8,0,0,0,0,0,0,0,0,0,0,3,0,0,1,2,0,0,0,0,0,2,0,0,0,0,5,0,3,3,2,5,0,0,0,0,0,0,0,0,0,0,1,0,0,1,0,0,0,0,0,0,1,0,0,0,0,2,0,1,1,1,2,0,0,0,0,0,0,0,0,0,0,0,0,0,0,0,0,0,0,0,0,0,0,0,0,0,0,0,0,0,0,0
Newport Police Department,1981-01-01,Delaware,1188,DE00208,,not updated,normal return,normal return,normal return,normal return,breakdown offenses,breakdown offenses,breakdown offenses,0,0,0,0,0,0,0,0,0,0,0,0,0,3,1,0,0,0,2,5,4,1,0,5,2,2,0,0,15,0,1,1,12,13,0,0,0,0,0,0,0,0,0,0,2,0,0,0,0,2,2,2,0,0,0,1,1,0,0,5,0,0,0,3,3,0,0,0,0,0,0,0,0,0,0,0,0,0,0,0,0,2,2,0,0,0,1,1,0,0,3,0,0,0,3,3,0,0,0,0,0,0,0,0,0,0,0,0,0,0,0,0,0,0,0,0,0,0,0,0,0,0,0,0,0,0,0
Newport Police Department,1980-12-01,Delaware,1182,DE00208,,not updated,normal return,normal return,normal return,normal return,breakdown offenses,breakdown offenses,breakdown offenses,0,0,0,0,0,0,0,0,0,0,0,0,0,7,0,0,0,0,7,5,2,3,0,6,0,0,0,0,18,0,0,0,11,11,0,0,0,0,0,0,0,0,0,0,3,0,0,0,0,3,0,0,0,0,2,0,0,0,0,5,0,0,0,2,2,0,0,0,0,0,0,0,0,0,0,0,0,0,0,0,0,0,0,0,0,0,0,0,0,0,0,0,0,0,0,0,0,0,0,0,0,0,0,0,0,0,0,0,0,0,0,0,0,0,0,0,0,0,0,0,0,0,0,0,0,0,0
Newport Police Department,1980-11-01,Delaware,1182,DE00208,,not updated,normal return,normal return,normal return,normal return,breakdown offenses,breakdown offenses,breakdown offenses,0,0,2,0,0,0,0,0,0,0,0,0,0,3,1,0,0,1,1,2,2,0,0,9,1,1,0,0,15,0,2,2,12,14,0,0,0,0,0,0,0,0,0,0,3,1,0,0,1,1,4,4,0,0,0,1,1,0,0,8,0,2,2,5,7,0,0,0,0,0,0,0,0,0,0,1,0,0,0,0,1,1,1,0,0,0,0,0,0,0,2,0,0,0,1,1,0,0,0,0,0,0,0,0,0,0,0,0,0,0,0,0,0,0,0,0,0,0,0,0,0,0,0,0,0,0,0
Newport Police Department,1980-10-01,Delaware,1182,DE00208,,not updated,normal return,normal return,normal return,normal return,breakdown offenses,breakdown offenses,breakdown offenses,0,0,0,0,0,0,0,0,0,0,0,0,0,1,0,0,0,0,1,4,2,1,1,2,0,0,0,0,7,0,0,0,6,6,0,0,0,0,0,0,0,0,0,0,0,0,0,0,0,0,0,0,0,0,1,0,0,0,0,1,0,0,0,1,1,0,0,0,0,0,0,0,0,0,0,0,0,0,0,0,0,0,0,0,0,0,0,0,0,0,0,0,0,0,0,0,0,0,0,0,0,0,0,0,0,0,0,0,0,0,0,0,0,0,0,0,0,0,0,0,0,0,0,0,0,0,0
Newport Police Department,1980-09-01,Delaware,1182,DE00208,,not updated,normal return,normal return,normal return,normal return,breakdown offenses,breakdown offenses,breakdown offenses,0,0,2,0,0,0,0,0,0,0,0,0,0,7,0,0,2,1,4,3,2,1,0,14,2,2,0,0,26,0,3,3,19,22,0,0,0,0,0,0,0,0,0,0,7,0,0,2,1,4,1,0,1,0,3,1,1,0,0,12,0,3,3,5,8,0,0,0,0,0,0,0,0,0,0,2,0,0,1,0,1,0,0,0,0,2,1,1,0,0,5,0,1,1,3,4,0,0,0,0,0,0,0,0,0,0,0,0,0,0,0,0,0,0,0,0,0,0,0,0,0,0,0,0,0,0,0
Newport Police Department,1980-08-01,Delaware,1182,DE00208,,not updated,normal return,normal return,normal return,normal return,breakdown offenses,breakdown offenses,breakdown offenses,0,0,0,0,0,0,0,0,0,0,0,0,0,2,0,0,0,0,2,1,0,1,0,2,0,0,0,0,5,0,0,0,3,3,0,0,0,0,0,0,0,0,0,0,1,0,0,0,0,1,0,0,0,0,0,0,0,0,0,1,0,0,0,0,0,0,0,0,0,0,0,0,0,0,0,0,0,0,0,0,0,0,0,0,0,0,0,0,0,0,0,0,0,0,0,0,0,0,0,0,0,0,0,0,0,0,0,0,0,0,0,0,0,0,0,0,0,0,0,0,0,0,0,0,0,0,0
Newport Police Department,1980-07-01,Delaware,1182,DE00208,,not updated,normal return,normal return,normal return,normal return,breakdown offenses,breakdown offenses,breakdown offenses,0,0,4,0,0,0,0,0,0,0,0,0,0,8,0,1,3,0,4,9,2,4,3,11,0,0,0,0,28,0,4,4,20,24,0,0,0,0,0,0,0,0,0,0,6,0,1,3,0,2,0,0,0,0,2,0,0,0,0,8,0,4,4,2,6,0,0,0,0,0,0,0,0,0,0,0,0,0,0,0,0,0,0,0,0,0,0,0,0,0,0,0,0,0,0,0,0,0,0,0,0,0,0,0,0,0,0,0,0,0,0,0,0,0,0,0,0,0,0,0,0,0,0,0,0,0,0
Newport Police Department,1980-06-01,Delaware,1182,DE00208,,not updated,normal return,normal return,normal return,normal return,breakdown offenses,breakdown offenses,breakdown offenses,0,0,0,0,0,0,0,0,0,0,0,0,0,4,0,0,2,0,2,3,2,1,0,8,1,1,0,0,16,0,2,2,12,14,0,0,0,0,0,0,0,0,0,0,4,0,0,2,0,2,0,0,0,0,1,1,1,0,0,6,0,2,2,2,4,0,0,0,0,0,0,0,0,0,0,1,0,0,1,0,0,0,0,0,0,0,0,0,0,0,1,0,1,1,0,1,0,0,0,0,0,0,0,0,0,0,0,0,0,0,0,0,0,0,0,0,0,0,0,0,0,0,0,0,0,0,0
Newport Police Department,1980-05-01,Delaware,1182,DE00208,,not updated,normal return,normal return,normal return,normal return,breakdown offenses,breakdown offenses,breakdown offenses,0,0,0,0,0,0,0,0,0,0,0,0,0,2,1,0,0,0,1,4,3,1,0,8,0,0,0,0,14,0,1,1,12,13,0,0,0,0,0,0,0,0,0,0,2,1,0,0,0,1,1,1,0,0,2,0,0,0,0,5,0,1,1,3,4,0,0,0,0,0,0,0,0,0,0,0,0,0,0,0,0,1,1,0,0,0,0,0,0,0,1,0,0,0,1,1,0,0,0,0,0,0,0,0,0,0,0,0,0,0,0,0,0,0,0,0,0,0,0,0,0,0,0,0,0,0,0
Newport Police Department,1980-04-01,Delaware,1182,DE00208,,not updated,normal return,normal return,normal return,normal return,breakdown offenses,breakdown offenses,breakdown offenses,0,0,0,0,0,0,0,0,0,0,0,0,0,2,0,0,0,1,1,2,2,0,0,9,1,1,0,0,14,0,1,1,12,13,0,0,0,0,0,0,0,0,0,0,2,0,0,0,1,1,0,0,0,0,1,0,0,0,0,3,0,1,1,1,2,0,0,0,0,0,0,0,0,0,0,0,0,0,0,0,0,0,0,0,0,0,0,0,0,0,0,0,0,0,0,0,0,0,0,0,0,0,0,0,0,0,0,0,0,0,0,0,0,0,0,0,0,0,0,0,0,0,0,0,0,0,0
Newport Police Department,1980-03-01,Delaware,1182,DE00208,,not updated,normal return,normal return,normal return,normal return,breakdown offenses,breakdown offenses,breakdown offenses,0,0,0,0,0,0,0,0,0,0,0,0,0,5,0,0,0,0,5,2,2,0,0,7,1,0,1,0,15,0,0,0,10,10,0,0,0,0,0,0,0,0,0,0,3,0,0,0,0,3,0,0,0,0,1,0,0,0,0,4,0,0,0,1,1,0,0,0,0,0,0,0,0,0,0,0,0,0,0,0,0,0,0,0,0,0,0,0,0,0,0,0,0,0,0,0,0,0,0,0,0,0,0,0,0,0,0,0,0,0,0,0,0,0,0,0,0,0,0,0,0,0,0,0,0,0,0
Newport Police Department,1980-02-01,Delaware,1182,DE00208,,not updated,normal return,normal return,normal return,normal return,breakdown offenses,breakdown offenses,breakdown offenses,0,0,0,0,0,0,0,0,0,0,0,0,0,1,1,0,0,0,0,0,0,0,0,6,-1,0,-1,0,6,0,1,1,5,6,0,0,0,0,0,0,0,0,0,0,1,0,0,0,0,1,0,0,0,0,1,0,0,0,0,2,0,0,0,1,1,0,0,0,0,0,0,0,0,0,0,0,0,0,0,0,0,0,0,0,0,0,0,0,0,0,0,0,0,0,0,0,0,0,0,0,0,0,0,0,0,0,0,0,0,0,0,0,0,0,0,0,0,0,0,0,0,0,0,0,0,0,0
Newport Police Department,1980-01-01,Delaware,1182,DE00208,,not updated,normal return,normal return,normal return,normal return,breakdown offenses,breakdown offenses,breakdown offenses,0,0,0,0,0,0,0,0,0,0,0,0,0,2,0,1,0,1,0,1,1,0,0,6,2,-1,2,1,11,0,2,2,9,11,0,0,0,0,0,0,0,0,0,0,2,0,1,0,1,0,1,1,0,0,0,1,0,1,0,4,0,2,2,2,4,0,0,0,0,0,0,0,0,0,0,1,0,1,0,0,0,1,1,0,0,0,0,0,0,0,2,0,1,1,1,2,0,0,0,0,0,0,0,0,0,0,0,0,0,0,0,0,0,0,0,0,0,0,0,0,0,0,0,0,0,0,0
Newport Police Department,1979-12-01,Delaware,1188,DE00208,,not updated,normal return,normal return,normal return,normal return,breakdown offenses,breakdown offenses,breakdown offenses,0,0,0,0,0,0,0,0,0,0,0,0,0,4,0,0,0,1,3,2,1,0,1,2,1,1,0,0,9,0,1,1,5,6,0,0,0,0,0,0,0,0,0,0,3,0,0,0,1,2,1,1,0,0,0,0,0,0,0,4,0,1,1,1,2,0,0,0,0,0,0,0,0,0,0,1,0,0,0,0,1,1,1,0,0,0,0,0,0,0,2,0,0,0,1,1,0,0,0,0,0,0,0,0,0,0,0,0,0,0,0,0,0,0,0,0,0,0,0,0,0,0,0,0,0,0,0
Newport Police Department,1979-11-01,Delaware,1188,DE00208,,not updated,normal return,normal return,normal return,normal return,breakdown offenses,breakdown offenses,breakdown offenses,0,0,1,0,0,0,0,0,0,0,0,0,0,1,0,0,0,1,0,8,8,0,0,3,3,2,1,0,15,0,1,1,14,15,0,0,0,0,0,0,0,0,0,0,1,0,0,0,1,0,1,1,0,0,0,2,2,0,0,4,0,1,1,3,4,0,0,0,0,0,0,0,0,0,0,0,0,0,0,0,0,1,1,0,0,0,1,1,0,0,2,0,0,0,2,2,0,0,0,0,0,0,0,0,0,0,0,0,0,0,0,0,0,0,0,0,0,0,0,0,0,0,0,0,0,0,0
Newport Police Department,1979-10-01,Delaware,1188,DE00208,,not updated,normal return,normal return,normal return,normal return,breakdown offenses,breakdown offenses,breakdown offenses,0,0,1,0,0,0,0,0,0,0,0,0,0,8,0,0,0,1,7,3,0,1,2,3,5,2,3,0,19,0,1,1,11,12,0,0,0,0,0,0,0,0,0,0,3,0,0,0,1,2,1,0,1,0,1,0,0,0,0,5,0,1,1,2,3,0,0,0,0,0,0,0,0,0,0,0,0,0,0,0,0,0,0,0,0,1,0,0,0,0,1,0,0,0,1,1,0,0,0,0,0,0,0,0,0,0,0,0,0,0,0,0,0,0,0,0,0,0,0,0,0,0,0,0,0,0,0
Newport Police Department,1979-09-01,Delaware,1188,DE00208,,not updated,normal return,normal return,normal return,normal return,breakdown offenses,breakdown offenses,breakdown offenses,0,0,1,0,0,0,0,0,0,0,0,0,0,9,0,0,0,0,9,1,1,0,0,5,0,0,0,0,15,0,0,0,6,6,0,0,0,0,0,0,0,0,0,0,6,0,0,1,0,5,2,2,0,0,2,0,0,0,0,10,0,1,1,4,5,0,0,0,0,0,0,0,0,0,0,1,0,0,0,0,1,2,2,0,0,0,0,0,0,0,3,0,0,0,2,2,0,0,0,0,0,0,0,0,0,0,0,0,0,0,0,0,0,0,0,0,0,0,0,0,0,0,0,0,0,0,0
Newport Police Department,1979-08-01,Delaware,1188,DE00208,,not updated,normal return,normal return,normal return,normal return,breakdown offenses,breakdown offenses,breakdown offenses,0,0,2,0,0,0,0,0,0,0,0,0,0,6,0,0,1,5,0,7,4,2,1,3,0,0,0,0,16,0,6,6,10,16,0,0,0,0,0,0,0,0,0,0,6,0,0,1,5,0,0,0,0,0,0,0,0,0,0,6,0,6,6,0,6,0,0,0,0,0,0,0,0,0,0,0,0,0,0,0,0,0,0,0,0,0,0,0,0,0,0,0,0,0,0,0,0,0,0,0,0,0,0,0,0,0,0,0,0,0,0,0,0,0,0,0,0,0,0,0,0,0,0,0,0,0,0
Newport Police Department,1979-07-01,Delaware,1188,DE00208,,not updated,adjustment,adjustment,adjustment,adjustment,breakdown offenses,breakdown offenses,breakdown offenses,0,0,0,0,0,0,0,0,0,0,0,0,0,8,0,0,2,2,4,1,1,0,0,10,3,2,0,1,22,0,4,4,14,18,0,0,0,0,0,0,0,0,0,0,8,0,0,2,2,4,0,0,0,0,5,1,0,0,1,14,0,4,4,6,10,0,0,0,0,0,0,0,0,0,0,2,0,0,0,1,1,0,0,0,0,0,0,0,0,0,2,0,1,1,0,1,0,0,0,0,0,0,0,0,0,0,0,0,0,0,0,0,0,0,0,0,0,0,0,0,0,0,0,0,0,0,0
Newport Police Department,1979-06-01,Delaware,1188,DE00208,,not updated,normal return,normal return,normal return,normal return,breakdown offenses,breakdown offenses,breakdown offenses,0,0,1,0,0,0,0,0,0,0,0,0,0,3,0,0,0,1,2,1,0,1,0,7,5,3,2,0,16,0,1,1,13,14,0,0,0,0,0,0,0,0,0,0,4,0,0,0,1,3,0,0,0,0,3,0,0,0,0,7,0,1,1,3,4,0,0,0,0,0,0,0,0,0,0,2,0,0,0,0,2,0,0,0,0,1,0,0,0,0,3,0,0,0,1,1,0,0,0,0,0,0,0,0,0,0,0,0,0,0,0,0,0,0,0,0,0,0,0,0,0,0,0,0,0,0,0
Newport Police Department,1979-05-01,Delaware,1188,DE00208,,not updated,normal return,normal return,normal return,normal return,breakdown offenses,breakdown offenses,breakdown offenses,0,0,0,0,0,1,0,1,0,0,0,0,0,12,0,0,3,2,7,0,0,0,0,4,1,1,0,0,18,0,5,6,5,11,0,0,0,0,0,0,0,0,0,0,10,0,0,2,2,6,0,0,0,0,5,0,0,0,0,15,0,4,4,5,9,0,0,0,0,0,0,0,0,0,0,1,0,0,0,1,0,0,0,0,0,1,0,0,0,0,2,0,1,1,1,2,0,0,0,0,0,0,0,0,0,0,0,0,0,0,0,0,0,0,0,0,0,0,0,0,0,0,0,0,0,0,0
Newport Police Department,1979-04-01,Delaware,1188,DE00208,,not updated,normal return,normal return,normal return,normal return,breakdown offenses,breakdown offenses,breakdown offenses,0,0,0,0,0,0,0,0,0,0,0,0,0,7,0,0,1,1,5,0,0,0,0,5,0,0,0,0,12,0,2,2,5,7,0,0,0,0,0,0,0,0,0,0,3,0,0,0,1,2,0,0,0,0,3,1,1,0,0,7,0,1,1,4,5,0,0,0,0,0,0,0,0,0,0,0,0,0,0,0,0,0,0,0,0,0,1,1,0,0,1,0,0,0,1,1,0,0,0,0,0,0,0,0,0,0,0,0,0,0,0,0,0,0,0,0,0,0,0,0,0,0,0,0,0,0,0
Newport Police Department,1979-03-01,Delaware,1188,DE00208,,not updated,normal return,normal return,normal return,normal return,breakdown offenses,breakdown offenses,breakdown offenses,0,0,1,0,0,0,0,0,0,0,0,0,0,4,1,0,0,0,3,0,0,0,0,9,0,0,0,0,13,0,1,1,9,10,0,0,0,0,0,0,0,0,0,0,6,1,0,0,0,5,0,0,0,0,2,0,0,0,0,8,0,1,1,2,3,0,0,0,0,0,0,0,0,0,0,1,0,0,0,0,1,0,0,0,0,0,0,0,0,0,1,0,0,0,0,0,0,0,0,0,0,0,0,0,0,0,0,0,0,0,0,0,0,0,0,0,0,0,0,0,0,0,0,0,0,0,0
Newport Police Department,1979-02-01,Delaware,1188,DE00208,,not updated,normal return,normal return,normal return,normal return,breakdown offenses,breakdown offenses,breakdown offenses,0,0,0,0,0,0,0,0,0,0,0,0,0,3,0,0,0,2,1,3,3,0,0,8,0,0,0,0,14,0,2,2,11,13,0,0,0,0,0,0,0,0,0,0,2,0,0,0,2,0,0,0,0,0,0,0,0,0,0,2,0,2,2,0,2,0,0,0,0,0,0,0,0,0,0,0,0,0,0,0,0,0,0,0,0,0,0,0,0,0,0,0,0,0,0,0,0,0,0,0,0,0,0,0,0,0,0,0,0,0,0,0,0,0,0,0,0,0,0,0,0,0,0,0,0,0,0
Newport Police Department,1979-01-01,Delaware,1188,DE00208,,not updated,normal return,normal return,normal return,normal return,breakdown offenses,breakdown offenses,breakdown offenses,0,0,0,0,0,0,0,0,0,0,0,0,0,3,0,0,0,0,3,1,1,0,0,7,0,0,0,0,11,0,0,0,8,8,0,0,0,0,0,0,0,0,0,0,3,0,0,0,0,3,0,0,0,0,4,0,0,0,0,7,0,0,0,4,4,0,0,0,0,0,0,0,0,0,0,0,0,0,0,0,0,0,0,0,0,0,0,0,0,0,0,0,0,0,0,0,0,0,0,0,0,0,0,0,0,0,0,0,0,0,0,0,0,0,0,0,0,0,0,0,0,0,0,0,0,0,0
Newport Police Department,1978-12-01,Delaware,1246,DE00208,,not updated,normal return,normal return,normal return,normal return,breakdown offenses,breakdown offenses,breakdown offenses,0,0,0,0,0,0,0,0,0,0,0,0,0,4,0,0,0,0,4,2,1,1,0,6,1,0,1,0,13,0,0,0,9,9,0,0,0,0,0,0,0,0,0,0,4,0,0,0,0,4,1,1,0,0,2,1,1,0,0,8,0,0,0,4,4,0,0,0,0,0,0,0,0,0,0,0,0,0,0,0,0,1,1,0,0,0,0,0,0,0,1,0,0,0,1,1,0,0,0,0,0,0,0,0,0,0,0,0,0,0,0,0,0,0,0,0,0,0,0,0,0,0,0,0,0,0,0
Newport Police Department,1978-11-01,Delaware,1246,DE00208,,not updated,normal return,normal return,normal return,normal return,breakdown offenses,breakdown offenses,breakdown offenses,0,0,0,0,0,0,0,0,0,0,0,0,0,2,0,0,0,0,2,2,1,1,0,11,1,1,0,0,16,0,0,0,14,14,0,0,0,0,0,0,0,0,0,0,3,0,0,0,0,3,0,0,0,0,1,1,1,0,0,5,0,0,0,2,2,0,0,0,0,0,0,0,0,0,0,0,0,0,0,0,0,0,0,0,0,0,0,0,0,0,0,0,0,0,0,0,0,0,0,0,0,0,0,0,0,0,0,0,0,0,0,0,0,0,0,0,0,0,0,0,0,0,0,0,0,0,0
Newport Police Department,1978-10-01,Delaware,1246,DE00208,,not updated,normal return,normal return,normal return,normal return,breakdown offenses,breakdown offenses,breakdown offenses,0,0,1,0,0,0,0,0,1,1,0,0,0,7,1,0,0,0,6,1,1,0,0,8,2,2,0,0,19,0,1,2,11,13,0,0,0,0,0,1,1,0,0,0,6,1,0,0,0,5,0,0,0,0,3,0,0,0,0,10,0,1,2,3,5,0,0,0,0,0,0,0,0,0,0,0,0,0,0,0,0,0,0,0,0,2,0,0,0,0,2,0,0,0,2,2,0,0,0,0,0,0,0,0,0,0,0,0,0,0,0,0,0,0,0,0,0,0,0,0,0,0,0,0,0,0,0
Newport Police Department,1978-09-01,Delaware,1246,DE00208,,not updated,normal return,normal return,normal return,normal return,breakdown offenses,breakdown offenses,breakdown offenses,0,0,0,0,0,0,0,0,0,0,0,0,0,1,0,0,0,0,1,1,0,1,0,10,0,0,0,0,12,0,0,0,11,11,0,0,0,0,0,0,0,0,0,0,0,0,0,0,0,0,1,1,0,0,4,0,0,0,0,5,0,0,0,5,5,0,0,0,0,0,0,0,0,0,0,0,0,0,0,0,0,0,0,0,0,0,0,0,0,0,0,0,0,0,0,0,0,0,0,0,0,0,0,0,0,0,0,0,0,0,0,0,0,0,0,0,0,0,0,0,0,0,0,0,0,0,0
Newport Police Department,1978-08-01,Delaware,1246,DE00208,,not updated,normal return,normal return,normal return,normal return,breakdown offenses,breakdown offenses,breakdown offenses,0,0,1,0,0,0,0,0,0,0,0,0,0,4,0,0,1,1,2,2,2,0,0,9,2,1,0,1,17,0,2,2,13,15,0,0,0,0,0,0,0,0,0,0,4,0,0,1,1,2,2,1,1,0,4,1,1,0,0,11,0,2,2,7,9,0,0,0,0,0,0,0,0,0,0,0,0,0,0,0,0,0,0,0,0,0,0,0,0,0,0,0,0,0,0,0,0,0,0,0,0,0,0,0,0,0,0,0,0,0,0,0,0,0,0,0,0,0,0,0,0,0,0,0,0,0,0
Newport Police Department,1978-07-01,Delaware,1246,DE00208,,not updated,normal return,normal return,normal return,normal return,breakdown offenses,breakdown offenses,breakdown offenses,0,0,0,0,0,0,0,0,0,0,0,0,0,4,2,0,0,0,2,4,2,0,2,5,0,0,0,0,13,0,2,2,9,11,0,0,0,0,0,0,0,0,0,0,5,2,0,0,0,3,0,0,0,0,0,0,0,0,0,5,0,2,2,0,2,0,0,0,0,0,0,0,0,0,0,1,0,0,0,0,1,0,0,0,0,0,0,0,0,0,1,0,0,0,0,0,0,0,0,0,0,0,0,0,0,0,0,0,0,0,0,0,0,0,0,0,0,0,0,0,0,0,0,0,0,0,0
Newport Police Department,1978-06-01,Delaware,1246,DE00208,,not updated,normal return,normal return,normal return,normal return,breakdown offenses,breakdown offenses,breakdown offenses,0,0,3,0,0,0,0,0,0,0,0,0,0,6,0,0,2,1,3,4,2,1,1,4,0,0,0,0,14,0,3,3,8,11,0,0,0,0,0,0,0,0,0,0,5,0,0,2,1,2,2,1,0,1,3,0,0,0,0,10,0,3,3,5,8,0,0,0,0,0,0,0,0,0,0,1,0,0,0,0,1,1,1,0,0,0,0,0,0,0,2,0,0,0,1,1,0,0,0,0,0,0,0,0,0,0,0,0,0,0,0,0,0,0,0,0,0,0,0,0,0,0,0,0,0,0,0
Newport Police Department,1978-05-01,Delaware,1246,DE00208,,not updated,normal return,normal return,normal return,normal return,breakdown offenses,breakdown offenses,breakdown offenses,0,0,0,0,0,0,0,0,0,0,0,0,0,4,0,0,1,0,3,0,1,0,-1,5,1,0,1,0,10,0,1,1,6,7,0,0,0,0,0,0,0,0,0,0,3,0,1,0,0,2,0,0,0,0,2,0,0,0,0,5,0,1,1,2,3,0,0,0,0,0,0,0,0,0,0,0,0,0,0,0,0,0,0,0,0,0,0,0,0,0,0,0,0,0,0,0,0,0,0,0,0,0,0,0,0,0,0,0,0,0,0,0,0,0,0,0,0,0,0,0,0,0,0,0,0,0,0
Newport Police Department,1978-04-01,Delaware,1246,DE00208,,not updated,normal return,normal return,normal return,normal return,breakdown offenses,breakdown offenses,breakdown offenses,0,0,0,0,0,0,0,0,0,0,0,0,0,2,0,0,1,0,1,2,1,1,0,6,2,2,0,0,12,0,1,1,10,11,0,0,0,0,0,0,0,0,0,0,1,0,0,1,0,0,1,1,0,0,0,0,0,0,0,2,0,1,1,1,2,0,0,0,0,0,0,0,0,0,0,0,0,0,0,0,0,1,1,0,0,0,0,0,0,0,1,0,0,0,1,1,0,0,0,0,0,0,0,0,0,0,0,0,0,0,0,0,0,0,0,0,0,0,0,0,0,0,0,0,0,0,0
Newport Police Department,1978-03-01,Delaware,1246,DE00208,,not updated,normal return,normal return,normal return,normal return,breakdown offenses,breakdown offenses,breakdown offenses,0,0,0,0,0,0,0,0,0,0,0,0,0,1,0,0,0,0,1,1,1,0,0,5,1,1,0,0,8,0,0,0,7,7,0,0,0,0,0,0,0,0,0,0,2,0,0,0,0,2,0,0,0,0,3,0,0,0,0,5,0,0,0,3,3,0,0,0,0,0,0,0,0,0,0,0,0,0,0,0,0,0,0,0,0,1,0,0,0,0,1,0,0,0,1,1,0,0,0,0,0,0,0,0,0,0,0,0,0,0,0,0,0,0,0,0,0,0,0,0,0,0,0,0,0,0,0
Newport Police Department,1978-02-01,Delaware,1246,DE00208,,not updated,normal return,normal return,normal return,normal return,breakdown offenses,breakdown offenses,breakdown offenses,0,0,0,0,0,0,0,0,0,0,0,0,0,0,0,0,0,0,0,1,1,0,0,2,0,0,0,0,3,0,0,0,3,3,0,0,0,0,0,0,0,0,0,0,0,0,0,0,0,0,0,0,0,0,1,0,0,0,0,1,0,0,0,1,1,0,0,0,0,0,0,0,0,0,0,0,0,0,0,0,0,0,0,0,0,0,0,0,0,0,0,0,0,0,0,0,0,0,0,0,0,0,0,0,0,0,0,0,0,0,0,0,0,0,0,0,0,0,0,0,0,0,0,0,0,0,0
Newport Police Department,1978-01-01,Delaware,1246,DE00208,,not updated,normal return,normal return,normal return,normal return,breakdown offenses,breakdown offenses,breakdown offenses,0,0,0,0,0,0,0,0,0,0,0,0,0,4,0,2,1,0,1,2,2,0,0,3,0,0,0,0,9,0,3,3,5,8,0,0,0,0,0,0,0,0,0,0,4,0,2,1,0,1,0,0,0,0,0,0,0,0,0,4,0,3,3,0,3,0,0,0,0,0,0,0,0,0,0,0,0,0,0,0,0,0,0,0,0,0,0,0,0,0,0,0,0,0,0,0,0,0,0,0,0,0,0,0,0,0,0,0,0,0,0,0,0,0,0,0,0,0,0,0,0,0,0,0,0,0,0
Newport Police Department,1977-12-01,Delaware,1292,DE00208,,not updated,normal return,normal return,normal return,normal return,breakdown offenses,breakdown offenses,breakdown offenses,0,0,0,0,0,0,0,0,0,0,0,0,0,3,0,0,1,0,2,2,2,0,0,3,2,2,0,0,10,0,1,1,7,8,0,0,0,0,0,0,0,0,0,0,3,0,0,1,0,2,1,1,0,0,0,0,0,0,0,4,0,1,1,1,2,0,0,0,0,0,0,0,0,0,0,0,0,0,0,0,0,1,1,0,0,0,0,0,0,0,1,0,0,0,1,1,0,0,0,0,0,0,0,0,0,0,0,0,0,0,0,0,0,0,0,0,0,0,0,0,0,0,0,0,0,0,0
Newport Police Department,1977-11-01,Delaware,1292,DE00208,,not updated,normal return,normal return,normal return,normal return,breakdown offenses,breakdown offenses,breakdown offenses,0,0,0,0,0,0,0,0,0,0,0,0,0,4,0,0,0,2,2,6,4,2,0,5,0,0,0,0,15,0,2,2,11,13,0,0,0,0,0,0,0,0,0,0,2,0,0,0,2,0,3,3,0,0,1,0,0,0,0,6,0,2,2,4,6,0,0,0,0,0,0,0,0,0,0,0,0,0,0,0,0,0,0,0,0,0,0,0,0,0,0,0,0,0,0,0,0,0,0,0,0,0,0,0,0,0,0,0,0,0,0,0,0,0,0,0,0,0,0,0,0,0,0,0,0,0,0
Newport Police Department,1977-10-01,Delaware,1292,DE00208,,not updated,normal return,normal return,normal return,normal return,breakdown offenses,breakdown offenses,breakdown offenses,0,0,0,0,0,0,0,0,0,0,0,0,0,2,0,0,2,0,0,3,1,1,1,5,1,1,0,0,11,0,2,2,9,11,0,0,0,0,0,0,0,0,0,0,3,0,0,3,0,0,1,1,0,0,1,0,0,0,0,5,0,3,3,2,5,0,0,0,0,0,0,0,0,0,0,0,0,0,0,0,0,0,0,0,0,0,0,0,0,0,0,0,0,0,0,0,0,0,0,0,0,0,0,0,0,0,0,0,0,0,0,0,0,0,0,0,0,0,0,0,0,0,0,0,0,0,0
Newport Police Department,1977-09-01,Delaware,1292,DE00208,,not updated,normal return,normal return,normal return,normal return,breakdown offenses,breakdown offenses,breakdown offenses,0,0,0,0,0,0,0,0,0,0,0,0,0,3,0,1,0,0,2,4,4,0,0,3,0,0,0,0,10,0,1,1,7,8,0,0,0,0,0,0,0,0,0,0,1,0,0,0,0,1,0,0,0,0,2,0,0,0,0,3,0,0,0,2,2,0,0,0,0,0,0,0,0,0,0,0,0,0,0,0,0,0,0,0,0,1,0,0,0,0,1,0,0,0,1,1,0,0,0,0,0,0,0,0,0,0,0,0,0,0,0,0,0,0,0,0,0,0,0,0,0,0,0,0,0,0,0
Newport Police Department,1977-08-01,Delaware,1292,DE00208,,not updated,normal return,normal return,normal return,normal return,breakdown offenses,breakdown offenses,breakdown offenses,0,0,0,0,0,0,0,0,0,0,0,0,0,1,0,0,0,0,1,2,2,0,0,2,1,1,0,0,6,0,0,0,5,5,0,0,0,0,0,0,0,0,0,0,0,0,0,0,0,0,0,0,0,0,0,1,1,0,0,1,0,0,0,1,1,0,0,0,0,0,0,0,0,0,0,0,0,0,0,0,0,0,0,0,0,0,0,0,0,0,0,0,0,0,0,0,0,0,0,0,0,0,0,0,0,0,0,0,0,0,0,0,0,0,0,0,0,0,0,0,0,0,0,0,0,0,0
Newport Police Department,1977-07-01,Delaware,1292,DE00208,,not updated,normal return,normal return,normal return,normal return,breakdown offenses,breakdown offenses,breakdown offenses,0,0,0,0,0,0,0,0,0,0,0,0,0,5,0,1,0,0,4,0,0,0,0,9,0,0,0,0,14,0,1,1,9,10,0,0,0,0,0,0,0,0,0,0,8,0,1,1,0,6,0,0,0,0,3,0,0,0,0,11,0,2,2,3,5,0,0,0,0,0,0,0,0,0,0,0,0,0,0,0,0,0,0,0,0,1,0,0,0,0,1,0,0,0,1,1,0,0,0,0,0,0,0,0,0,0,0,0,0,0,0,0,0,0,0,0,0,0,0,0,0,0,0,0,0,0,0
Newport Police Department,1977-06-01,Delaware,1292,DE00208,,not updated,normal return,normal return,normal return,normal return,breakdown offenses,breakdown offenses,breakdown offenses,0,0,0,0,0,0,0,0,0,0,0,0,0,1,0,0,0,0,1,0,1,-1,0,7,0,0,0,0,8,0,0,0,7,7,0,0,0,0,0,0,0,0,0,0,1,0,0,0,0,1,1,1,0,0,1,0,0,0,0,3,0,0,0,2,2,0,0,0,0,0,0,0,0,0,0,1,0,0,0,0,1,0,0,0,0,0,0,0,0,0,1,0,0,0,0,0,0,0,0,0,0,0,0,0,0,0,0,0,0,0,0,0,0,0,0,0,0,0,0,0,0,0,0,0,0,0,0
Newport Police Department,1977-05-01,Delaware,1292,DE00208,,not updated,normal return,normal return,normal return,normal return,breakdown offenses,breakdown offenses,breakdown offenses,0,0,0,0,0,0,0,0,0,0,0,0,0,1,0,0,0,0,1,3,2,1,0,13,0,0,0,0,17,0,0,0,16,16,0,0,0,0,0,0,0,0,0,0,1,0,0,0,0,1,1,1,0,0,3,0,0,0,0,5,0,0,0,4,4,0,0,0,0,0,0,0,0,0,0,0,0,0,0,0,0,0,0,0,0,0,0,0,0,0,0,0,0,0,0,0,0,0,0,0,0,0,0,0,0,0,0,0,0,0,0,0,0,0,0,0,0,0,0,0,0,0,0,0,0,0,0
Newport Police Department,1977-04-01,Delaware,1292,DE00208,,not updated,normal return,normal return,normal return,normal return,breakdown offenses,breakdown offenses,breakdown offenses,0,0,0,0,0,0,0,0,0,0,0,0,0,3,0,0,1,0,2,2,2,0,0,4,2,2,0,0,11,0,1,1,8,9,0,0,0,0,0,0,0,0,0,0,2,0,0,0,0,2,1,1,0,0,0,1,1,0,0,4,0,0,0,2,2,0,0,0,0,0,0,0,0,0,0,1,0,0,0,0,1,0,0,0,0,0,0,0,0,0,1,0,0,0,0,0,0,0,0,0,0,0,0,0,0,0,0,0,0,0,0,0,0,0,0,0,0,0,0,0,0,0,0,0,0,0,0
Newport Police Department,1977-03-01,Delaware,1292,DE00208,,not updated,normal return,normal return,normal return,normal return,breakdown offenses,breakdown offenses,breakdown offenses,0,0,0,0,0,0,0,0,0,0,0,0,0,7,1,0,0,0,6,1,1,0,0,7,2,2,0,0,17,0,1,1,10,11,0,0,0,0,0,0,0,0,0,0,4,1,0,0,0,3,0,0,0,0,0,0,0,0,0,4,0,1,1,0,1,0,0,0,0,0,0,0,0,0,0,0,0,0,0,0,0,0,0,0,0,0,0,0,0,0,0,0,0,0,0,0,0,0,0,0,0,0,0,0,0,0,0,0,0,0,0,0,0,0,0,0,0,0,0,0,0,0,0,0,0,0,0
Newport Police Department,1977-02-01,Delaware,1292,DE00208,,not updated,normal return,normal return,normal return,normal return,breakdown offenses,breakdown offenses,breakdown offenses,0,0,0,0,0,0,0,0,0,0,0,0,0,0,0,0,0,0,0,1,1,0,0,1,0,0,0,0,2,0,0,0,2,2,0,0,0,0,0,0,0,0,0,0,0,0,0,0,0,0,0,0,0,0,1,0,0,0,0,1,0,0,0,1,1,0,0,0,0,0,0,0,0,0,0,0,0,0,0,0,0,0,0,0,0,0,0,0,0,0,0,0,0,0,0,0,0,0,0,0,0,0,0,0,0,0,0,0,0,0,0,0,0,0,0,0,0,0,0,0,0,0,0,0,0,0,0
Newport Police Department,1977-01-01,Delaware,1292,DE00208,,not updated,normal return,normal return,normal return,normal return,breakdown offenses,breakdown offenses,breakdown offenses,0,0,0,0,0,0,0,0,0,0,0,0,0,3,0,0,0,0,3,0,0,0,0,6,2,2,0,0,11,0,0,0,8,8,0,0,0,0,0,0,0,0,0,0,2,1,0,0,0,1,0,0,0,0,2,2,2,0,0,6,0,1,1,4,5,0,0,0,0,0,0,0,0,0,0,0,0,0,0,0,0,0,0,0,0,0,0,0,0,0,0,0,0,0,0,0,0,0,0,0,0,0,0,0,0,0,0,0,0,0,0,0,0,0,0,0,0,0,0,0,0,0,0,0,0,0,0
Newport Police Department,1976-12-01,Delaware,1375,DE00208,,not updated,normal return,normal return,normal return,normal return,breakdown offenses,breakdown offenses,breakdown offenses,0,0,0,0,0,0,0,0,0,0,0,0,0,2,0,0,0,0,2,0,0,0,0,3,1,1,0,0,6,0,0,0,4,4,0,0,0,0,0,0,0,0,0,0,2,0,0,0,0,2,0,0,0,0,0,0,0,0,0,2,0,0,0,0,0,0,0,0,0,0,0,0,0,0,0,0,0,0,0,0,0,0,0,0,0,0,0,0,0,0,0,0,0,0,0,0,0,0,0,0,0,0,0,0,0,0,0,0,0,0,0,0,0,0,0,0,0,0,0,0,0,0,0,0,0,0,0
Newport Police Department,1976-11-01,Delaware,1375,DE00208,,not updated,adjustment,adjustment,adjustment,adjustment,breakdown offenses,breakdown offenses,breakdown offenses,0,0,0,0,0,0,0,0,0,0,0,0,0,3,0,0,0,0,3,0,0,0,0,2,0,0,0,0,5,0,0,0,2,2,0,0,0,0,0,0,0,0,0,0,2,0,0,0,0,2,0,0,0,0,0,0,0,0,0,2,0,0,0,0,0,0,0,0,0,0,0,0,0,0,0,0,0,0,0,0,0,0,0,0,0,0,0,0,0,0,0,0,0,0,0,0,0,0,0,0,0,0,0,0,0,0,0,0,0,0,0,0,0,0,0,0,0,0,0,0,0,0,0,0,0,0,0
Newport Police Department,1976-10-01,Delaware,1375,DE00208,,not updated,normal return,normal return,normal return,normal return,breakdown offenses,breakdown offenses,breakdown offenses,0,0,0,0,0,0,0,0,0,0,0,0,0,1,0,0,0,0,1,1,0,0,1,3,1,1,0,0,6,0,0,0,5,5,0,0,0,0,0,0,0,0,0,0,3,0,0,1,0,2,1,1,0,0,0,0,0,0,0,4,0,1,1,1,2,0,0,0,0,0,0,0,0,0,0,0,0,0,0,0,0,0,0,0,0,0,0,0,0,0,0,0,0,0,0,0,0,0,0,0,0,0,0,0,0,0,0,0,0,0,0,0,0,0,0,0,0,0,0,0,0,0,0,0,0,0,0
Newport Police Department,1976-09-01,Delaware,1375,DE00208,,not updated,adjustment,adjustment,adjustment,adjustment,breakdown offenses,breakdown offenses,breakdown offenses,0,0,0,0,0,0,0,0,0,0,0,0,0,3,0,0,1,0,2,0,0,0,0,6,2,2,0,0,11,0,1,1,8,9,0,0,0,0,0,0,0,0,0,0,2,0,0,1,0,1,0,0,0,0,1,2,2,0,0,5,0,1,1,3,4,0,0,0,0,0,0,0,0,0,0,0,0,0,0,0,0,0,0,0,0,0,0,0,0,0,0,0,0,0,0,0,0,0,0,0,0,0,0,0,0,0,0,0,0,0,0,0,0,0,0,0,0,0,0,0,0,0,0,0,0,0,0
Newport Police Department,1976-08-01,Delaware,1375,DE00208,,not updated,adjustment,adjustment,adjustment,adjustment,breakdown offenses,breakdown offenses,breakdown offenses,0,0,0,0,0,0,0,0,0,0,0,0,0,2,0,0,0,0,2,1,0,1,0,3,0,0,0,0,6,0,0,0,4,4,0,0,0,0,0,0,0,0,0,0,2,0,0,0,0,2,1,1,0,0,0,0,0,0,0,3,0,0,0,1,1,0,0,0,0,0,0,0,0,0,0,0,0,0,0,0,0,0,0,0,0,0,0,0,0,0,0,0,0,0,0,0,0,0,0,0,0,0,0,0,0,0,0,0,0,0,0,0,0,0,0,0,0,0,0,0,0,0,0,0,0,0,0
Newport Police Department,1976-07-01,Delaware,1375,DE00208,,not updated,normal return,normal return,normal return,normal return,breakdown offenses,breakdown offenses,breakdown offenses,0,0,0,0,0,0,0,0,0,0,0,0,0,2,0,0,0,0,2,3,2,0,1,4,1,1,0,0,10,0,0,0,8,8,0,0,0,0,0,0,0,0,0,0,2,0,0,0,0,2,0,0,0,0,0,0,0,0,0,2,0,0,0,0,0,0,0,0,0,0,0,0,0,0,0,0,0,0,0,0,0,0,0,0,0,0,0,0,0,0,0,0,0,0,0,0,0,0,0,0,0,0,0,0,0,0,0,0,0,0,0,0,0,0,0,0,0,0,0,0,0,0,0,0,0,0,0
Newport Police Department,1976-06-01,Delaware,1375,DE00208,,not updated,normal return,normal return,normal return,normal return,breakdown offenses,breakdown offenses,breakdown offenses,0,0,0,0,0,0,0,0,0,0,0,0,0,2,0,0,0,0,2,0,0,0,0,2,1,1,0,0,5,0,0,0,3,3,0,0,0,0,0,0,0,0,0,0,1,0,0,0,0,1,0,0,0,0,0,0,0,0,0,1,0,0,0,0,0,0,0,0,0,0,0,0,0,0,0,0,0,0,0,0,0,0,0,0,0,0,0,0,0,0,0,0,0,0,0,0,0,0,0,0,0,0,0,0,0,0,0,0,0,0,0,0,0,0,0,0,0,0,0,0,0,0,0,0,0,0,0
Newport Police Department,1976-05-01,Delaware,1375,DE00208,,not updated,normal return,normal return,normal return,normal return,breakdown offenses,breakdown offenses,breakdown offenses,0,0,0,0,0,0,0,0,0,0,0,0,0,6,0,0,0,2,4,1,1,0,0,5,0,0,0,0,12,0,2,2,6,8,0,0,0,0,0,0,0,0,0,0,3,0,0,0,0,3,0,0,0,0,1,0,0,0,0,4,0,0,0,1,1,0,0,0,0,0,0,0,0,0,0,1,0,0,0,0,1,0,0,0,0,0,0,0,0,0,1,0,0,0,0,0,0,0,0,0,0,0,0,0,0,0,0,0,0,0,0,0,0,0,0,0,0,0,0,0,0,0,0,0,0,0,0
Newport Police Department,1976-04-01,Delaware,1375,DE00208,,not updated,adjustment,adjustment,adjustment,adjustment,breakdown offenses,breakdown offenses,breakdown offenses,0,0,0,0,0,0,0,0,0,0,0,0,0,4,0,0,0,0,4,1,1,0,0,2,0,0,0,0,7,0,0,0,3,3,0,0,0,0,0,0,0,0,0,0,0,0,0,0,0,0,1,0,1,0,0,0,0,0,0,1,0,0,0,1,1,0,0,0,0,0,0,0,0,0,0,0,0,0,0,0,0,0,0,0,0,0,0,0,0,0,0,0,0,0,0,0,0,0,0,0,0,0,0,0,0,0,0,0,0,0,0,0,0,0,0,0,0,0,0,0,0,0,0,0,0,0,0
Newport Police Department,1976-03-01,Delaware,1375,DE00208,,not updated,adjustment,adjustment,adjustment,adjustment,breakdown offenses,breakdown offenses,breakdown offenses,0,0,0,0,0,0,0,0,0,0,0,0,0,0,0,0,0,0,0,6,5,1,0,4,0,0,0,0,10,0,0,0,10,10,0,0,0,0,0,0,0,0,0,0,0,0,0,0,0,0,0,0,0,0,2,0,0,0,0,2,0,0,0,2,2,0,0,0,0,0,0,0,0,0,0,0,0,0,0,0,0,0,0,0,0,0,0,0,0,0,0,0,0,0,0,0,0,0,0,0,0,0,0,0,0,0,0,0,0,0,0,0,0,0,0,0,0,0,0,0,0,0,0,0,0,0,0
Newport Police Department,1976-02-01,Delaware,1375,DE00208,,not updated,normal return,normal return,normal return,normal return,breakdown offenses,breakdown offenses,breakdown offenses,0,0,0,0,0,0,0,0,0,0,0,0,0,0,0,0,0,0,0,1,1,0,0,8,1,1,0,0,10,0,0,0,10,10,0,0,0,0,0,0,0,0,0,0,0,0,0,0,0,0,0,0,0,0,0,0,0,0,0,0,0,0,0,0,0,0,0,0,0,0,0,0,0,0,0,0,0,0,0,0,0,0,0,0,0,0,0,0,0,0,0,0,0,0,0,0,0,0,0,0,0,0,0,0,0,0,0,0,0,0,0,0,0,0,0,0,0,0,0,0,0,0,0,0,0,0,0
Newport Police Department,1976-01-01,Delaware,1375,DE00208,,not updated,normal return,normal return,normal return,normal return,breakdown offenses,breakdown offenses,breakdown offenses,0,0,0,0,0,0,0,0,0,0,0,0,0,0,0,0,0,0,0,1,1,0,0,8,1,1,0,0,10,0,0,0,10,10,0,0,0,0,0,0,0,0,0,0,0,0,0,0,0,0,0,0,0,0,0,0,0,0,0,0,0,0,0,0,0,0,0,0,0,0,0,0,0,0,0,0,0,0,0,0,0,0,0,0,0,0,0,0,0,0,0,0,0,0,0,0,0,0,0,0,0,0,0,0,0,0,0,0,0,0,0,0,0,0,0,0,0,0,0,0,0,0,0,0,0,0,0
Newport Police Department,1975-12-01,Delaware,1368,DE00208,,not updated,normal return,normal return,normal return,normal return,breakdown offenses,breakdown offenses,breakdown offenses,0,0,0,0,0,0,0,0,0,0,0,0,0,0,0,0,0,0,0,1,1,0,0,2,0,0,0,0,3,0,0,0,3,3,0,0,0,0,0,0,0,0,0,0,0,0,0,0,0,0,0,0,0,0,0,0,0,0,0,0,0,0,0,0,0,0,0,0,0,0,0,0,0,0,0,0,0,0,0,0,0,0,0,0,0,0,0,0,0,0,0,0,0,0,0,0,0,0,0,0,0,0,0,0,0,0,0,0,0,0,0,0,0,0,0,0,0,0,0,0,0,0,0,0,0,0,0
Newport Police Department,1975-11-01,Delaware,1368,DE00208,,not updated,normal return,normal return,normal return,normal return,breakdown offenses,breakdown offenses,breakdown offenses,0,0,0,0,0,0,0,0,0,0,0,0,0,2,0,0,0,0,2,2,0,2,0,5,0,0,0,0,9,0,0,0,7,7,0,0,0,0,0,0,0,0,0,0,2,0,0,0,0,2,0,0,0,0,0,0,0,0,0,2,0,0,0,0,0,0,0,0,0,0,0,0,0,0,0,0,0,0,0,0,0,0,0,0,0,0,0,0,0,0,0,0,0,0,0,0,0,0,0,0,0,0,0,0,0,0,0,0,0,0,0,0,0,0,0,0,0,0,0,0,0,0,0,0,0,0,0
Newport Police Department,1975-10-01,Delaware,1368,DE00208,,not updated,normal return,normal return,normal return,normal return,breakdown offenses,breakdown offenses,breakdown offenses,0,0,0,0,0,0,0,0,0,0,0,0,0,0,0,0,0,0,0,0,0,0,0,2,0,0,0,0,2,0,0,0,2,2,0,0,0,0,0,0,0,0,0,0,0,0,0,0,0,0,0,0,0,0,2,0,0,0,0,2,0,0,0,2,2,0,0,0,0,0,0,0,0,0,0,0,0,0,0,0,0,0,0,0,0,0,0,0,0,0,0,0,0,0,0,0,0,0,0,0,0,0,0,0,0,0,0,0,0,0,0,0,0,0,0,0,0,0,0,0,0,0,0,0,0,0,0
Newport Police Department,1975-09-01,Delaware,1368,DE00208,,not updated,normal return,normal return,normal return,normal return,breakdown offenses,breakdown offenses,breakdown offenses,0,0,0,0,0,0,0,0,0,0,0,0,0,0,0,0,0,0,0,0,0,0,0,4,0,0,0,0,4,0,0,0,4,4,0,0,0,0,0,0,0,0,0,0,0,0,0,0,0,0,0,0,0,0,1,0,0,0,0,1,0,0,0,1,1,0,0,0,0,0,0,0,0,0,0,0,0,0,0,0,0,0,0,0,0,0,0,0,0,0,0,0,0,0,0,0,0,0,0,0,0,0,0,0,0,0,0,0,0,0,0,0,0,0,0,0,0,0,0,0,0,0,0,0,0,0,0
Newport Police Department,1975-08-01,Delaware,1368,DE00208,,not updated,normal return,normal return,normal return,normal return,breakdown offenses,breakdown offenses,breakdown offenses,0,0,0,0,0,0,0,0,0,0,0,0,0,3,0,0,0,0,3,1,1,0,0,4,1,1,0,0,9,0,0,0,6,6,0,0,0,0,0,0,0,0,0,0,3,0,0,0,0,3,0,0,0,0,1,0,0,0,0,4,0,0,0,1,1,0,0,0,0,0,0,0,0,0,0,2,0,0,0,0,2,0,0,0,0,0,0,0,0,0,2,0,0,0,0,0,0,0,0,0,0,0,0,0,0,0,0,0,0,0,0,0,0,0,0,0,0,0,0,0,0,0,0,0,0,0,0
Newport Police Department,1975-07-01,Delaware,1368,DE00208,,not updated,normal return,normal return,normal return,normal return,breakdown offenses,breakdown offenses,breakdown offenses,0,0,0,0,0,0,0,0,0,0,0,0,0,0,0,0,0,0,0,0,0,0,0,4,0,0,0,0,4,0,0,0,4,4,0,0,0,0,0,0,0,0,0,0,0,0,0,0,0,0,0,0,0,0,0,0,0,0,0,0,0,0,0,0,0,0,0,0,0,0,0,0,0,0,0,0,0,0,0,0,0,0,0,0,0,0,0,0,0,0,0,0,0,0,0,0,0,0,0,0,0,0,0,0,0,0,0,0,0,0,0,0,0,0,0,0,0,0,0,0,0,0,0,0,0,0,0
Newport Police Department,1975-06-01,Delaware,1368,DE00208,,not updated,normal return,normal return,normal return,normal return,breakdown offenses,breakdown offenses,breakdown offenses,0,0,0,0,0,0,0,0,0,0,0,0,0,1,0,0,0,0,1,3,2,1,0,9,1,0,1,0,14,0,0,0,13,13,0,0,0,0,0,0,0,0,0,0,1,0,0,0,0,1,1,1,0,0,0,0,0,0,0,2,0,0,0,1,1,0,0,0,0,0,0,0,0,0,0,1,0,0,0,0,1,0,0,0,0,0,0,0,0,0,1,0,0,0,0,0,0,0,0,0,0,0,0,0,0,0,0,0,0,0,0,0,0,0,0,0,0,0,0,0,0,0,0,0,0,0,0
Newport Police Department,1975-05-01,Delaware,1368,DE00208,,not updated,normal return,normal return,normal return,normal return,breakdown offenses,breakdown offenses,breakdown offenses,0,0,0,0,0,0,0,0,0,0,0,0,0,0,0,0,0,0,0,1,0,1,0,6,0,0,0,0,7,0,0,0,7,7,0,0,0,0,0,0,0,0,0,0,0,0,0,0,0,0,0,0,0,0,1,0,0,0,0,1,0,0,0,1,1,0,0,0,0,0,0,0,0,0,0,0,0,0,0,0,0,0,0,0,0,1,0,0,0,0,1,0,0,0,1,1,0,0,0,0,0,0,0,0,0,0,0,0,0,0,0,0,0,0,0,0,0,0,0,0,0,0,0,0,0,0,0
Newport Police Department,1975-04-01,Delaware,1368,DE00208,,not updated,normal return,normal return,normal return,normal return,breakdown offenses,breakdown offenses,breakdown offenses,0,0,1,0,0,0,0,0,0,0,0,0,0,3,0,0,0,0,3,2,2,0,0,2,1,1,0,0,8,0,0,0,5,5,0,0,0,0,0,0,0,0,0,0,2,0,0,0,0,2,0,0,0,0,0,0,0,0,0,2,0,0,0,0,0,0,0,0,0,0,0,0,0,0,0,1,0,0,0,0,1,0,0,0,0,0,0,0,0,0,1,0,0,0,0,0,0,0,0,0,0,0,0,0,0,0,0,0,0,0,0,0,0,0,0,0,0,0,0,0,0,0,0,0,0,0,0
Newport Police Department,1975-03-01,Delaware,1368,DE00208,,not updated,normal return,normal return,normal return,normal return,breakdown offenses,breakdown offenses,breakdown offenses,0,0,0,0,0,0,0,0,0,0,0,0,0,1,0,0,0,0,1,3,3,0,0,5,1,1,0,0,10,0,0,0,9,9,0,0,0,0,0,0,0,0,0,0,1,0,0,0,0,1,0,0,0,0,0,0,0,0,0,1,0,0,0,0,0,0,0,0,0,0,0,0,0,0,0,0,0,0,0,0,0,0,0,0,0,0,0,0,0,0,0,0,0,0,0,0,0,0,0,0,0,0,0,0,0,0,0,0,0,0,0,0,0,0,0,0,0,0,0,0,0,0,0,0,0,0,0
Newport Police Department,1975-02-01,Delaware,1368,DE00208,,not updated,normal return,normal return,normal return,normal return,breakdown offenses,breakdown offenses,breakdown offenses,0,0,0,0,0,0,0,0,0,0,0,0,0,0,0,0,0,0,0,2,2,0,0,4,0,0,0,0,6,0,0,0,6,6,0,0,0,0,0,0,0,0,0,0,0,0,0,0,0,0,1,1,0,0,0,0,0,0,0,1,0,0,0,1,1,0,0,0,0,0,0,0,0,0,0,0,0,0,0,0,0,1,1,0,0,0,0,0,0,0,1,0,0,0,1,1,0,0,0,0,0,0,0,0,0,0,0,0,0,0,0,0,0,0,0,0,0,0,0,0,0,0,0,0,0,0,0
Newport Police Department,1975-01-01,Delaware,1368,DE00208,,not updated,normal return,normal return,normal return,normal return,breakdown offenses,breakdown offenses,breakdown offenses,0,0,0,0,0,0,0,0,1,1,0,0,0,1,0,0,0,0,1,2,2,0,0,5,0,0,0,0,9,0,0,1,7,8,0,0,0,0,0,0,0,0,0,0,1,0,0,0,0,1,0,0,0,0,1,0,0,0,0,2,0,0,0,1,1,0,0,0,0,0,0,0,0,0,0,0,0,0,0,0,0,0,0,0,0,1,0,0,0,0,1,0,0,0,1,1,0,0,0,0,0,0,0,0,0,0,0,0,0,0,0,0,0,0,0,0,0,0,0,0,0,0,0,0,0,0,0
Newport Police Department,1974-12-01,Delaware,1409,DE00208,,not updated,adjustment,adjustment,adjustment,adjustment,breakdown offenses,breakdown offenses,breakdown offenses,0,0,1,0,0,0,0,0,2,0,0,0,2,1,0,0,0,0,1,1,1,0,0,5,1,1,0,0,10,0,0,2,7,9,0,0,0,0,0,1,0,0,0,1,1,0,0,0,0,1,1,0,1,0,2,0,0,0,0,5,0,0,1,3,4,0,0,0,0,0,0,0,0,0,0,0,0,0,0,0,0,0,0,0,0,0,0,0,0,0,0,0,0,0,0,0,0,0,0,0,0,0,0,0,0,0,0,0,0,0,0,0,0,0,0,0,0,0,0,0,0,0,0,0,0,0,0
Newport Police Department,1974-11-01,Delaware,1409,DE00208,,not updated,adjustment,adjustment,adjustment,adjustment,breakdown offenses,breakdown offenses,breakdown offenses,0,0,1,0,0,0,0,0,0,0,0,0,0,1,0,0,0,0,1,0,0,0,0,2,2,2,0,0,5,0,0,0,4,4,0,0,0,0,0,0,0,0,0,0,1,0,0,0,0,1,0,0,0,0,0,0,0,0,0,1,0,0,0,0,0,0,0,0,0,0,0,0,0,0,0,0,0,0,0,0,0,0,0,0,0,0,0,0,0,0,0,0,0,0,0,0,0,0,0,0,0,0,0,0,0,0,0,0,0,0,0,0,0,0,0,0,0,0,0,0,0,0,0,0,0,0,0
Newport Police Department,1974-10-01,Delaware,1409,DE00208,,not updated,adjustment,adjustment,adjustment,adjustment,breakdown offenses,breakdown offenses,breakdown offenses,0,0,0,0,0,0,0,0,1,1,0,0,0,0,0,0,0,0,0,3,2,1,0,7,2,0,2,0,13,0,0,1,12,13,0,0,0,0,0,3,3,0,0,0,0,0,0,0,0,0,0,0,0,0,1,2,0,2,0,6,0,0,3,3,6,0,0,0,0,0,1,1,0,0,0,0,0,0,0,0,0,0,0,0,0,0,0,0,0,0,1,0,0,1,0,1,0,0,0,0,0,0,0,0,0,0,0,0,0,0,0,0,0,0,0,0,0,0,0,0,0,0,0,0,0,0,0
Newport Police Department,1974-09-01,Delaware,1409,DE00208,,not updated,adjustment,adjustment,adjustment,adjustment,breakdown offenses,breakdown offenses,breakdown offenses,0,0,0,0,0,0,0,0,0,0,0,0,0,4,0,0,0,1,3,1,1,0,0,7,1,1,0,0,13,0,1,1,9,10,0,0,0,0,0,0,0,0,0,0,4,0,0,0,1,3,0,0,0,0,0,0,0,0,0,4,0,1,1,0,1,0,0,0,0,0,0,0,0,0,0,0,0,0,0,0,0,0,0,0,0,0,0,0,0,0,0,0,0,0,0,0,0,0,0,0,0,0,0,0,0,0,0,0,0,0,0,0,0,0,0,0,0,0,0,0,0,0,0,0,0,0,0
Newport Police Department,1974-08-01,Delaware,1409,DE00208,,not updated,normal return,normal return,normal return,normal return,breakdown offenses,breakdown offenses,breakdown offenses,0,0,1,0,0,0,0,0,1,0,0,0,1,2,0,1,0,1,0,5,5,0,0,4,0,0,0,0,12,0,2,3,9,12,0,0,0,0,0,0,0,0,0,0,2,0,1,0,1,0,0,0,0,0,0,0,0,0,0,2,0,2,2,0,2,0,0,0,0,0,0,0,0,0,0,0,0,0,0,0,0,0,0,0,0,0,0,0,0,0,0,0,0,0,0,0,0,0,0,0,0,0,0,0,0,0,0,0,0,0,0,0,0,0,0,0,0,0,0,0,0,0,0,0,0,0,0
Newport Police Department,1974-07-01,Delaware,1409,DE00208,,not updated,normal return,normal return,normal return,normal return,breakdown offenses,breakdown offenses,breakdown offenses,0,0,0,0,0,0,0,0,1,0,0,0,1,0,0,0,0,0,0,4,4,0,0,0,0,0,0,0,5,0,0,1,4,5,0,0,0,0,0,1,0,0,0,1,0,0,0,0,0,0,0,0,0,0,0,0,0,0,0,1,0,0,1,0,1,0,0,0,0,0,0,0,0,0,0,0,0,0,0,0,0,0,0,0,0,0,0,0,0,0,0,0,0,0,0,0,0,0,0,0,0,0,0,0,0,0,0,0,0,0,0,0,0,0,0,0,0,0,0,0,0,0,0,0,0,0,0
Newport Police Department,1974-06-01,Delaware,1409,DE00208,,not updated,normal return,normal return,normal return,normal return,breakdown offenses,breakdown offenses,breakdown offenses,0,0,0,0,0,0,0,0,0,0,0,0,0,3,1,0,0,2,0,4,2,2,0,0,0,0,0,0,7,0,3,3,4,7,0,0,0,0,0,0,0,0,0,0,0,0,0,0,0,0,0,0,0,0,0,0,0,0,0,0,0,0,0,0,0,0,0,0,0,0,0,0,0,0,0,0,0,0,0,0,0,0,0,0,0,0,0,0,0,0,0,0,0,0,0,0,0,0,0,0,0,0,0,0,0,0,0,0,0,0,0,0,0,0,0,0,0,0,0,0,0,0,0,0,0,0,0
Newport Police Department,1974-05-01,Delaware,1409,DE00208,,not updated,normal return,normal return,normal return,not updated,breakdown offenses,breakdown offenses,breakdown offenses,0,0,0,0,0,0,0,0,0,0,0,0,0,0,0,0,0,0,0,2,2,0,0,2,1,1,0,0,5,0,0,0,5,5,0,0,0,0,0,0,0,0,0,0,0,0,0,0,0,0,1,1,0,0,2,0,0,0,0,3,0,0,0,3,3,0,0,0,0,0,0,0,0,0,0,0,0,0,0,0,0,0,0,0,0,2,0,0,0,0,2,0,0,0,2,2,0,0,0,0,0,0,0,0,0,0,0,0,0,0,0,0,0,0,0,0,0,0,0,0,0,0,0,0,0,0,0
Newport Police Department,1974-04-01,Delaware,1409,DE00208,,not updated,normal return,normal return,normal return,normal return,breakdown offenses,breakdown offenses,breakdown offenses,0,0,1,0,0,0,0,0,0,0,0,0,0,1,0,0,0,1,0,1,1,0,0,1,1,1,0,0,4,0,1,1,3,4,0,0,0,0,0,0,0,0,0,0,1,0,0,0,1,0,0,0,0,0,0,0,0,0,0,1,0,1,1,0,1,0,0,0,0,0,0,0,0,0,0,0,0,0,0,0,0,0,0,0,0,0,0,0,0,0,0,0,0,0,0,0,0,0,0,0,0,0,0,0,0,0,0,0,0,0,0,0,0,0,0,0,0,0,0,0,0,0,0,0,0,0,0
Newport Police Department,1974-03-01,Delaware,1409,DE00208,,not updated,normal return,normal return,normal return,normal return,breakdown offenses,breakdown offenses,breakdown offenses,0,0,0,0,0,0,0,0,0,0,0,0,0,2,0,0,0,2,0,0,0,0,0,6,0,0,0,0,8,0,2,2,6,8,0,0,0,0,0,0,0,0,0,0,0,0,0,0,0,0,0,0,0,0,0,0,0,0,0,0,0,0,0,0,0,0,0,0,0,0,0,0,0,0,0,0,0,0,0,0,0,0,0,0,0,0,0,0,0,0,0,0,0,0,0,0,0,0,0,0,0,0,0,0,0,0,0,0,0,0,0,0,0,0,0,0,0,0,0,0,0,0,0,0,0,0,0
Newport Police Department,1974-02-01,Delaware,1409,DE00208,,not updated,adjustment,adjustment,adjustment,adjustment,breakdown offenses,breakdown offenses,breakdown offenses,0,0,0,0,0,0,0,0,0,0,0,0,0,0,0,0,0,0,0,1,1,0,0,3,0,0,0,0,4,0,0,0,4,4,0,0,0,0,0,0,0,0,0,0,0,0,0,0,0,0,0,0,0,0,0,0,0,0,0,0,0,0,0,0,0,0,0,0,0,0,0,0,0,0,0,0,0,0,0,0,0,0,0,0,0,0,0,0,0,0,0,0,0,0,0,0,0,0,0,0,0,0,0,0,0,0,0,0,0,0,0,0,0,0,0,0,0,0,0,0,0,0,0,0,0,0,0
Newport Police Department,1974-01-01,Delaware,1409,DE00208,,not updated,adjustment,adjustment,adjustment,adjustment,breakdown offenses,breakdown offenses,breakdown offenses,0,0,0,0,0,0,0,0,0,0,0,0,0,0,0,0,0,0,0,0,0,0,0,3,0,0,0,0,3,0,0,0,3,3,0,0,0,0,0,0,0,0,0,0,0,0,0,0,0,0,0,0,0,0,2,0,0,0,0,2,0,0,0,2,2,0,0,0,0,0,0,0,0,0,0,0,0,0,0,0,0,0,0,0,0,0,0,0,0,0,0,0,0,0,0,0,0,0,0,0,0,0,0,0,0,0,0,0,0,0,0,0,0,0,0,0,0,0,0,0,0,0,0,0,0,0,0
Newport Police Department,1973-12-01,Delaware,1435,DE00208,,not updated,normal return,normal return,normal return,not updated,breakdown offenses,breakdown offenses,breakdown offenses,0,0,0,0,0,0,0,0,0,0,0,0,0,1,0,0,0,1,0,2,2,0,0,2,0,0,0,0,5,0,1,1,4,5,0,0,0,0,0,0,0,0,0,0,3,0,0,0,3,0,1,1,0,0,0,0,0,0,0,4,0,3,3,1,4,0,0,0,0,0,0,0,0,0,0,3,0,0,0,3,0,1,1,0,0,0,0,0,0,0,4,0,3,3,1,4,0,0,0,0,0,0,0,0,0,0,0,0,0,0,0,0,0,0,0,0,0,0,0,0,0,0,0,0,0,0,0
Newport Police Department,1973-11-01,Delaware,1435,DE00208,,not updated,normal return,normal return,normal return,not updated,breakdown offenses,breakdown offenses,breakdown offenses,0,0,0,0,0,0,0,0,0,0,0,0,0,0,0,0,0,0,0,3,3,0,0,0,0,0,0,0,3,0,0,0,3,3,0,0,0,0,0,0,0,0,0,0,0,0,0,0,0,0,2,2,0,0,0,0,0,0,0,2,0,0,0,2,2,0,0,0,0,0,0,0,0,0,0,0,0,0,0,0,0,1,1,0,0,0,0,0,0,0,1,0,0,0,1,1,0,0,0,0,0,0,0,0,0,0,0,0,0,0,0,0,0,0,0,0,0,0,0,0,0,0,0,0,0,0,0
Newport Police Department,1973-10-01,Delaware,1435,DE00208,,not updated,normal return,normal return,normal return,not updated,breakdown offenses,breakdown offenses,breakdown offenses,0,0,0,0,0,0,0,0,0,0,0,0,0,0,0,0,0,0,0,4,4,0,0,2,0,0,0,0,6,0,0,0,6,6,0,0,1,0,1,0,0,0,0,0,0,0,0,0,0,0,1,1,0,0,0,0,0,0,0,2,0,0,1,1,2,0,0,0,0,0,0,0,0,0,0,0,0,0,0,0,0,0,0,0,0,0,0,0,0,0,0,0,0,0,0,0,0,0,0,0,0,0,0,0,0,0,0,0,0,0,0,0,0,0,0,0,0,0,0,0,0,0,0,0,0,0,0
Newport Police Department,1973-09-01,Delaware,1435,DE00208,,not updated,normal return,normal return,normal return,not updated,breakdown offenses,breakdown offenses,breakdown offenses,0,0,0,0,0,0,0,0,0,0,0,0,0,0,0,0,0,0,0,0,0,0,0,0,0,0,0,0,0,0,0,0,0,0,0,0,0,0,0,0,0,0,0,0,0,0,0,0,0,0,0,0,0,0,0,0,0,0,0,0,0,0,0,0,0,0,0,0,0,0,0,0,0,0,0,0,0,0,0,0,0,0,0,0,0,0,0,0,0,0,0,0,0,0,0,0,0,0,0,0,0,0,0,0,0,0,0,0,0,0,0,0,0,0,0,0,0,0,0,0,0,0,0,0,0,0,0
Newport Police Department,1973-08-01,Delaware,1435,DE00208,,not updated,normal return,normal return,normal return,not updated,breakdown offenses,breakdown offenses,breakdown offenses,0,0,0,0,0,0,0,0,0,0,0,0,0,0,0,0,0,0,0,0,0,0,0,2,0,0,0,0,2,1,0,0,2,2,0,0,0,0,0,0,0,0,0,0,0,0,0,0,0,0,0,0,0,0,0,0,0,0,0,0,0,0,0,0,0,0,0,0,0,0,0,0,0,0,0,0,0,0,0,0,0,0,0,0,0,0,0,0,0,0,0,0,0,0,0,0,0,0,0,0,0,0,0,0,0,0,0,0,0,0,0,0,0,0,0,0,0,0,0,0,0,0,0,0,0,0,0
Newport Police Department,1973-07-01,Delaware,1435,DE00208,,not updated,normal return,normal return,normal return,not updated,breakdown offenses,breakdown offenses,breakdown offenses,0,0,0,0,0,0,0,0,0,0,0,0,0,0,0,0,0,0,0,0,0,0,0,0,0,0,0,0,0,0,0,0,0,0,0,0,0,0,0,0,0,0,0,0,0,0,0,0,0,0,0,0,0,0,0,0,0,0,0,0,0,0,0,0,0,0,0,0,0,0,0,0,0,0,0,0,0,0,0,0,0,0,0,0,0,0,0,0,0,0,0,0,0,0,0,0,0,0,0,0,0,0,0,0,0,0,0,0,0,0,0,0,0,0,0,0,0,0,0,0,0,0,0,0,0,0,0
Newport Police Department,1973-06-01,Delaware,1435,DE00208,,not updated,normal return,normal return,normal return,not updated,breakdown offenses,breakdown offenses,breakdown offenses,0,0,0,0,0,0,0,0,0,0,0,0,0,0,0,0,0,0,0,1,1,0,0,1,0,0,0,0,2,0,0,0,2,2,0,0,0,0,0,0,0,0,0,0,0,0,0,0,0,0,1,1,0,0,1,0,0,0,0,2,0,0,0,2,2,0,0,0,0,0,0,0,0,0,0,0,0,0,0,0,0,1,1,0,0,1,0,0,0,0,2,0,0,0,2,2,0,0,0,0,0,0,0,0,0,0,0,0,0,0,0,0,0,0,0,0,0,0,0,0,0,0,0,0,0,0,0
Newport Police Department,1973-05-01,Delaware,1435,DE00208,,not updated,normal return,normal return,normal return,not updated,breakdown offenses,breakdown offenses,breakdown offenses,0,0,0,0,0,0,0,0,0,0,0,0,0,0,0,0,0,0,0,2,2,0,0,0,0,0,0,0,2,0,0,0,2,2,0,0,0,0,0,0,0,0,0,0,0,0,0,0,0,0,2,2,0,0,0,0,0,0,0,2,0,0,0,2,2,0,0,0,0,0,0,0,0,0,0,0,0,0,0,0,0,2,2,0,0,0,0,0,0,0,2,0,0,0,2,2,0,0,0,0,0,0,0,0,0,0,0,0,0,0,0,0,0,0,0,0,0,0,0,0,0,0,0,0,0,0,0
Newport Police Department,1973-04-01,Delaware,1435,DE00208,,not updated,normal return,not updated,not updated,not updated,breakdown offenses,,,0,0,0,0,0,0,0,0,0,0,0,0,0,0,0,0,0,0,0,3,3,0,0,1,0,0,0,0,4,1,0,0,4,4,0,0,0,0,0,0,0,0,0,0,0,0,0,0,0,0,0,0,0,0,0,0,0,0,0,0,0,0,0,0,0,0,0,0,0,0,0,0,0,0,0,0,0,0,0,0,0,0,0,0,0,0,0,0,0,0,0,0,0,0,0,0,0,0,0,0,0,0,0,0,0,0,0,0,0,0,0,0,0,0,0,0,0,0,0,0,0,0,0,0,0,0,0
Newport Police Department,1973-03-01,Delaware,1435,DE00208,,not updated,normal return,normal return,normal return,not updated,breakdown offenses,breakdown offenses,breakdown offenses,0,0,0,0,0,0,0,0,0,0,0,0,0,1,0,0,0,1,0,3,3,0,0,0,0,0,0,0,4,0,1,1,3,4,0,0,0,0,0,0,0,0,0,0,1,0,0,0,1,0,2,2,0,0,0,0,0,0,0,3,0,1,1,2,3,0,0,0,0,0,0,0,0,0,0,1,0,0,0,1,0,2,2,0,0,0,0,0,0,0,3,0,1,1,2,3,0,0,0,0,0,0,0,0,0,0,0,0,0,0,0,0,0,0,0,0,0,0,0,0,0,0,0,0,0,0,0
Newport Police Department,1973-02-01,Delaware,1435,DE00208,,not updated,normal return,not updated,not updated,not updated,breakdown offenses,,,0,0,0,0,0,0,0,0,0,0,0,0,0,1,0,0,0,1,0,2,2,0,0,0,0,0,0,0,3,0,1,1,2,3,0,0,0,0,0,0,0,0,0,0,0,0,0,0,0,0,0,0,0,0,0,0,0,0,0,0,0,0,0,0,0,0,0,0,0,0,0,0,0,0,0,0,0,0,0,0,0,0,0,0,0,0,0,0,0,0,0,0,0,0,0,0,0,0,0,0,0,0,0,0,0,0,0,0,0,0,0,0,0,0,0,0,0,0,0,0,0,0,0,0,0,0,0
Newport Police Department,1973-01-01,Delaware,1435,DE00208,,not updated,normal return,not updated,not updated,not updated,breakdown offenses,,,0,0,0,0,0,0,0,0,0,0,0,0,0,0,0,0,0,0,0,5,3,0,2,1,0,0,0,0,6,0,0,0,6,6,0,0,0,0,0,0,0,0,0,0,0,0,0,0,0,0,0,0,0,0,0,0,0,0,0,0,0,0,0,0,0,0,0,0,0,0,0,0,0,0,0,0,0,0,0,0,0,0,0,0,0,0,0,0,0,0,0,0,0,0,0,0,0,0,0,0,0,0,0,0,0,0,0,0,0,0,0,0,0,0,0,0,0,0,0,0,0,0,0,0,0,0,0
Newport Police Department,1972-12-01,Delaware,1418,DE00208,,not updated,normal return,normal return,normal return,not updated,breakdown offenses,breakdown offenses,breakdown offenses,0,0,0,0,0,0,0,0,0,0,0,0,0,1,0,0,0,1,0,2,1,1,0,2,0,0,0,0,5,1,1,1,4,5,0,0,0,0,0,0,0,0,0,0,1,0,0,0,1,0,1,0,1,0,1,0,0,0,0,3,1,1,1,2,3,0,0,0,0,0,0,0,0,0,0,0,0,0,0,0,0,0,0,0,0,0,0,0,0,0,0,0,0,0,0,0,0,0,0,0,0,0,0,0,0,0,0,0,0,0,0,0,0,0,0,0,0,0,0,0,0,0,0,0,0,0,0
Newport Police Department,1972-11-01,Delaware,1418,DE00208,,not updated,normal return,normal return,not updated,not updated,breakdown offenses,breakdown offenses,,0,0,0,0,0,0,0,0,0,0,0,0,0,0,0,0,0,0,0,3,3,0,0,0,0,0,0,0,3,0,0,0,3,3,0,0,0,0,0,1,1,0,0,0,0,0,0,0,0,0,1,1,0,0,0,0,0,0,0,2,0,0,1,1,2,0,0,0,0,0,0,0,0,0,0,0,0,0,0,0,0,0,0,0,0,0,0,0,0,0,0,0,0,0,0,0,0,0,0,0,0,0,0,0,0,0,0,0,0,0,0,0,0,0,0,0,0,0,0,0,0,0,0,0,0,0,0
Newport Police Department,1972-10-01,Delaware,1418,DE00208,,not updated,normal return,normal return,normal return,not updated,breakdown offenses,breakdown offenses,breakdown offenses,0,0,0,0,0,0,0,0,0,0,0,0,0,2,0,0,0,2,0,5,5,0,0,0,0,0,0,0,7,0,2,2,5,7,0,0,0,0,0,0,0,0,0,0,2,0,0,0,2,0,1,1,0,0,6,0,0,0,0,9,0,2,2,7,9,0,0,0,0,0,0,0,0,0,0,0,0,0,0,0,0,0,0,0,0,0,0,0,0,0,0,0,0,0,0,0,0,0,0,0,0,0,0,0,0,0,0,0,0,0,0,0,0,0,0,0,0,0,0,0,0,0,0,0,0,0,0
Newport Police Department,1972-09-01,Delaware,1418,DE00208,,not updated,normal return,normal return,normal return,not updated,breakdown offenses,breakdown offenses,breakdown offenses,0,0,0,0,0,0,0,0,1,0,0,0,1,1,0,0,0,0,1,3,3,0,0,1,0,0,0,0,5,0,0,1,4,5,0,0,0,0,0,0,0,0,0,0,1,0,0,0,0,1,0,0,0,0,0,0,0,0,0,0,0,0,0,0,0,0,0,0,0,0,0,0,0,0,0,0,0,0,0,0,0,0,0,0,0,0,0,0,0,0,0,0,0,0,0,0,0,0,0,0,0,0,0,0,0,0,0,0,0,0,0,0,0,0,0,0,0,0,0,0,0,0,0,0,0,0,0
Newport Police Department,1972-08-01,Delaware,1418,DE00208,,not updated,normal return,normal return,normal return,not updated,breakdown offenses,breakdown offenses,breakdown offenses,0,0,0,0,0,0,0,0,0,0,0,0,0,1,0,0,0,1,0,3,2,1,0,1,0,0,0,0,5,1,1,1,4,5,0,0,0,0,0,0,0,0,0,0,1,0,0,0,1,0,0,0,0,0,1,0,0,0,0,2,1,1,1,1,2,0,0,0,0,0,0,0,0,0,0,0,0,0,0,0,0,0,0,0,0,0,0,0,0,0,0,0,0,0,0,0,0,0,0,0,0,0,0,0,0,0,0,0,0,0,0,0,0,0,0,0,0,0,0,0,0,0,0,0,0,0,0
Newport Police Department,1972-07-01,Delaware,1418,DE00208,,not updated,normal return,normal return,not updated,not updated,breakdown offenses,breakdown offenses,,0,0,0,0,0,0,0,0,0,0,0,0,0,1,0,0,0,1,0,0,0,0,0,4,1,1,0,0,6,1,1,1,5,6,0,0,0,0,0,0,0,0,0,0,1,0,0,0,1,0,0,0,0,0,3,0,0,0,0,4,0,1,1,3,4,0,0,0,0,0,0,0,0,0,0,0,0,0,0,0,0,0,0,0,0,0,0,0,0,0,0,0,0,0,0,0,0,0,0,0,0,0,0,0,0,0,0,0,0,0,0,0,0,0,0,0,0,0,0,0,0,0,0,0,0,0,0
Newport Police Department,1972-06-01,Delaware,1418,DE00208,,not updated,normal return,normal return,normal return,not updated,breakdown offenses,breakdown offenses,breakdown offenses,0,0,0,0,0,0,0,0,0,0,0,0,0,0,0,0,0,0,0,3,3,0,0,4,1,1,0,0,8,3,0,0,8,8,0,0,0,0,0,0,0,0,0,0,0,0,0,0,0,0,0,0,0,0,0,0,0,0,0,0,0,0,0,0,0,0,0,0,0,0,0,0,0,0,0,0,0,0,0,0,0,0,0,0,0,0,0,0,0,0,0,0,0,0,0,0,0,0,0,0,0,0,0,0,0,0,0,0,0,0,0,0,0,0,0,0,0,0,0,0,0,0,0,0,0,0,0
Newport Police Department,1972-05-01,Delaware,1418,DE00208,,not updated,normal return,normal return,normal return,not updated,breakdown offenses,breakdown offenses,breakdown offenses,0,0,0,0,0,0,0,0,0,0,0,0,0,1,0,0,0,1,0,2,2,0,0,1,0,0,0,0,4,0,1,1,3,4,0,0,0,0,0,0,0,0,0,0,1,0,0,0,1,0,1,1,0,0,0,0,0,0,0,2,0,1,1,1,2,0,0,0,0,0,0,0,0,0,0,0,0,0,0,0,0,0,0,0,0,0,0,0,0,0,0,0,0,0,0,0,0,0,0,0,0,0,0,0,0,0,0,0,0,0,0,0,0,0,0,0,0,0,0,0,0,0,0,0,0,0,0
Newport Police Department,1972-04-01,Delaware,1418,DE00208,,not updated,normal return,normal return,normal return,not updated,breakdown offenses,breakdown offenses,breakdown offenses,0,0,0,0,0,0,0,0,0,0,0,0,0,1,0,0,1,0,0,4,4,0,0,0,0,0,0,0,5,0,1,1,4,5,0,0,0,0,0,0,0,0,0,0,1,0,0,1,0,0,1,1,0,0,0,0,0,0,0,2,0,1,1,1,2,0,0,0,0,0,0,0,0,0,0,0,0,0,0,0,0,0,0,0,0,0,0,0,0,0,0,0,0,0,0,0,0,0,0,0,0,0,0,0,0,0,0,0,0,0,0,0,0,0,0,0,0,0,0,0,0,0,0,0,0,0,0
Newport Police Department,1972-03-01,Delaware,1418,DE00208,,not updated,normal return,normal return,normal return,not updated,breakdown offenses,breakdown offenses,breakdown offenses,0,0,0,0,0,0,0,0,0,0,0,0,0,0,0,0,0,0,0,7,7,0,0,2,1,1,0,0,10,0,0,0,10,10,0,0,0,0,0,0,0,0,0,0,0,0,0,0,0,0,1,1,0,0,0,1,1,0,0,2,0,0,0,2,2,0,0,0,0,0,0,0,0,0,0,0,0,0,0,0,0,0,0,0,0,0,0,0,0,0,0,0,0,0,0,0,0,0,0,0,0,0,0,0,0,0,0,0,0,0,0,0,0,0,0,0,0,0,0,0,0,0,0,0,0,0,0
Newport Police Department,1972-02-01,Delaware,1418,DE00208,,not updated,normal return,normal return,normal return,not updated,breakdown offenses,breakdown offenses,breakdown offenses,0,0,0,0,0,0,0,0,0,0,0,0,0,0,0,0,0,0,0,2,2,0,0,2,0,0,0,0,4,1,0,0,4,4,0,0,0,0,0,0,0,0,0,0,0,0,0,0,0,0,0,0,0,0,0,0,0,0,0,0,0,0,0,0,0,0,0,0,0,0,0,0,0,0,0,0,0,0,0,0,0,0,0,0,0,0,0,0,0,0,0,0,0,0,0,0,0,0,0,0,0,0,0,0,0,0,0,0,0,0,0,0,0,0,0,0,0,0,0,0,0,0,0,0,0,0,0
Newport Police Department,1972-01-01,Delaware,1418,DE00208,,not updated,normal return,normal return,normal return,not updated,breakdown offenses,breakdown offenses,breakdown offenses,0,0,0,0,0,0,0,0,1,1,0,0,0,2,0,1,0,1,0,2,2,0,0,1,0,0,0,0,6,1,2,3,3,6,0,0,0,0,0,0,0,0,0,0,2,0,1,0,1,0,2,2,0,0,0,0,0,0,0,4,0,2,2,2,4,0,0,0,0,0,0,0,0,0,0,0,0,0,0,0,0,0,0,0,0,0,0,0,0,0,0,0,0,0,0,0,0,0,0,0,0,0,0,0,0,0,0,0,0,0,0,0,0,0,0,0,0,0,0,0,0,0,0,0,0,0,0
Newport Police Department,1971-12-01,Delaware,1395,DE00208,,not updated,normal return,normal return,not updated,not updated,breakdown offenses,breakdown offenses,,0,0,0,0,0,0,0,0,0,0,0,0,0,0,0,0,0,0,0,2,1,0,1,3,1,1,0,0,6,0,0,0,6,6,0,0,0,0,0,0,0,0,0,0,0,0,0,0,0,0,0,0,0,0,0,0,0,0,0,0,0,0,0,0,0,0,0,0,0,0,0,0,0,0,0,0,0,0,0,0,0,0,0,0,0,0,0,0,0,0,0,0,0,0,0,0,0,0,0,0,0,0,0,0,0,0,0,0,0,0,0,0,0,0,0,0,0,0,0,0,0,0,0,0,0,0,0
Newport Police Department,1971-11-01,Delaware,1395,DE00208,,not updated,normal return,normal return,not updated,not updated,breakdown offenses,breakdown offenses,,0,0,0,0,0,0,0,0,0,0,0,0,0,2,0,0,0,2,0,3,2,1,0,1,0,0,0,0,6,0,2,2,4,6,0,0,0,0,0,0,0,0,0,0,0,0,0,0,0,0,0,0,0,0,0,0,0,0,0,0,0,0,0,0,0,0,0,0,0,0,0,0,0,0,0,0,0,0,0,0,0,0,0,0,0,0,0,0,0,0,0,0,0,0,0,0,0,0,0,0,0,0,0,0,0,0,0,0,0,0,0,0,0,0,0,0,0,0,0,0,0,0,0,0,0,0,0
Newport Police Department,1971-10-01,Delaware,1395,DE00208,,not updated,normal return,normal return,not updated,not updated,breakdown offenses,breakdown offenses,,0,0,0,0,0,0,0,0,0,0,0,0,0,1,0,0,0,1,0,2,2,0,0,0,0,0,0,0,3,0,1,1,2,3,0,0,0,0,0,0,0,0,0,0,0,0,0,0,0,0,0,0,0,0,0,0,0,0,0,0,0,0,0,0,0,0,0,0,0,0,0,0,0,0,0,0,0,0,0,0,0,0,0,0,0,0,0,0,0,0,0,0,0,0,0,0,0,0,0,0,0,0,0,0,0,0,0,0,0,0,0,0,0,0,0,0,0,0,0,0,0,0,0,0,0,0,0
Newport Police Department,1971-09-01,Delaware,1395,DE00208,,not updated,normal return,normal return,not updated,not updated,breakdown offenses,breakdown offenses,,0,0,0,0,0,0,0,0,0,0,0,0,0,2,0,0,0,2,0,2,2,0,0,4,1,1,0,0,9,1,2,2,7,9,0,0,0,0,0,0,0,0,0,0,0,0,0,0,0,0,0,0,0,0,0,1,1,0,0,1,0,0,0,1,1,0,0,0,0,0,0,0,0,0,0,0,0,0,0,0,0,0,0,0,0,0,0,0,0,0,0,0,0,0,0,0,0,0,0,0,0,0,0,0,0,0,0,0,0,0,0,0,0,0,0,0,0,0,0,0,0,0,0,0,0,0,0
Newport Police Department,1971-08-01,Delaware,1395,DE00208,,not updated,normal return,normal return,not updated,not updated,breakdown offenses,breakdown offenses,,0,0,0,0,0,0,0,0,0,0,0,0,0,3,0,0,0,3,0,3,0,3,0,8,0,0,0,0,14,2,3,3,11,14,0,0,0,0,0,0,0,0,0,0,1,0,0,0,1,0,0,0,0,0,0,0,0,0,0,1,0,1,1,0,1,0,0,0,0,0,0,0,0,0,0,0,0,0,0,0,0,0,0,0,0,0,0,0,0,0,0,0,0,0,0,0,0,0,0,0,0,0,0,0,0,0,0,0,0,0,0,0,0,0,0,0,0,0,0,0,0,0,0,0,0,0,0
Newport Police Department,1971-07-01,Delaware,1395,DE00208,,not updated,normal return,normal return,not updated,not updated,breakdown offenses,breakdown offenses,,0,0,0,0,0,0,0,0,0,0,0,0,0,2,0,0,0,2,0,4,2,1,1,0,3,3,0,0,9,0,2,2,7,9,0,0,0,0,0,0,0,0,0,0,2,0,0,0,2,0,1,1,0,0,0,2,2,0,0,5,0,2,2,3,5,0,0,0,0,0,0,0,0,0,0,0,0,0,0,0,0,0,0,0,0,0,0,0,0,0,0,0,0,0,0,0,0,0,0,0,0,0,0,0,0,0,0,0,0,0,0,0,0,0,0,0,0,0,0,0,0,0,0,0,0,0,0
Newport Police Department,1971-06-01,Delaware,1395,DE00208,,not updated,normal return,normal return,not updated,not updated,breakdown offenses,breakdown offenses,,0,0,0,0,0,0,0,0,0,0,0,0,0,0,0,0,0,0,0,1,1,0,0,2,3,3,0,0,6,0,0,0,6,6,0,0,0,0,0,0,0,0,0,0,0,0,0,0,0,0,0,0,0,0,0,0,0,0,0,0,0,0,0,0,0,0,0,0,0,0,0,0,0,0,0,0,0,0,0,0,0,0,0,0,0,0,0,0,0,0,0,0,0,0,0,0,0,0,0,0,0,0,0,0,0,0,0,0,0,0,0,0,0,0,0,0,0,0,0,0,0,0,0,0,0,0,0
Newport Police Department,1971-05-01,Delaware,1395,DE00208,,not updated,normal return,normal return,not updated,not updated,breakdown offenses,breakdown offenses,,0,0,0,0,0,0,0,0,0,0,0,0,0,1,0,0,0,0,1,1,1,0,0,4,0,0,0,0,5,0,0,0,5,5,0,0,0,0,0,0,0,0,0,0,0,0,0,0,0,0,1,1,0,0,1,0,0,0,0,2,0,0,0,2,2,0,0,0,0,0,0,0,0,0,0,0,0,0,0,0,0,0,0,0,0,0,0,0,0,0,0,0,0,0,0,0,0,0,0,0,0,0,0,0,0,0,0,0,0,0,0,0,0,0,0,0,0,0,0,0,0,0,0,0,0,0,0
Newport Police Department,1971-04-01,Delaware,1395,DE00208,,not updated,normal return,normal return,not updated,not updated,breakdown offenses,breakdown offenses,,0,0,0,0,0,1,1,0,1,0,0,0,1,1,0,0,0,1,0,2,0,0,2,0,0,0,0,0,5,0,1,3,2,5,0,0,1,1,0,1,0,0,0,1,1,0,0,0,1,0,2,0,0,2,0,0,0,0,0,5,0,1,3,2,5,0,0,0,0,0,0,0,0,0,0,0,0,0,0,0,0,0,0,0,0,0,0,0,0,0,0,0,0,0,0,0,0,0,0,0,0,0,0,0,0,0,0,0,0,0,0,0,0,0,0,0,0,0,0,0,0,0,0,0,0,0,0
Newport Police Department,1971-03-01,Delaware,1395,DE00208,,not updated,normal return,normal return,not updated,not updated,breakdown offenses,breakdown offenses,,0,0,0,0,0,0,0,0,0,0,0,0,0,1,0,1,0,0,0,1,1,0,0,2,0,0,0,0,4,1,1,1,3,4,0,0,0,0,0,0,0,0,0,0,1,0,1,0,0,0,1,1,0,0,0,0,0,0,0,2,0,1,1,1,2,0,0,0,0,0,0,0,0,0,0,0,0,0,0,0,0,0,0,0,0,0,0,0,0,0,0,0,0,0,0,0,0,0,0,0,0,0,0,0,0,0,0,0,0,0,0,0,0,0,0,0,0,0,0,0,0,0,0,0,0,0,0
Newport Police Department,1971-02-01,Delaware,1395,DE00208,,not updated,normal return,normal return,not updated,not updated,breakdown offenses,breakdown offenses,,0,0,0,0,0,0,0,0,0,0,0,0,0,1,0,0,0,1,0,1,0,0,1,3,1,1,0,0,6,2,1,1,5,6,0,0,0,0,0,0,0,0,0,0,1,0,0,0,1,0,0,0,0,0,1,0,0,0,0,2,0,1,1,1,2,0,0,0,0,0,0,0,0,0,0,0,0,0,0,0,0,0,0,0,0,0,0,0,0,0,0,0,0,0,0,0,0,0,0,0,0,0,0,0,0,0,0,0,0,0,0,0,0,0,0,0,0,0,0,0,0,0,0,0,0,0,0
Newport Police Department,1971-01-01,Delaware,1395,DE00208,,not updated,normal return,normal return,not updated,not updated,breakdown offenses,breakdown offenses,,0,0,0,0,0,0,0,0,0,0,0,0,0,0,0,0,0,0,0,1,1,0,0,1,2,2,0,0,4,0,0,0,4,4,0,0,0,0,0,0,0,0,0,0,0,0,0,0,0,0,0,0,0,0,0,2,2,0,0,2,0,0,0,2,2,0,0,0,0,0,0,0,0,0,0,0,0,0,0,0,0,0,0,0,0,0,0,0,0,0,0,0,0,0,0,0,0,0,0,0,0,0,0,0,0,0,0,0,0,0,0,0,0,0,0,0,0,0,0,0,0,0,0,0,0,0,0
