agency,year,state,population,ORI,card_unfounded_pt,card_unfounded_type,card_actual_type,card_total_cleared_type,card_cleared_18_type,card_officers_type,card_actual_pt,card_total_cleared_pt,card_cleared_18_pt,officers_killed_by_felony,officers_killed_by_accident,officers_assaulted,actual_murder,actual_manslaughter,actual_rape_total,actual_rape_by_force,actual_rape_attempted,actual_robbery_total,actual_robbery_with_a_gun,actual_robbery_with_a_knife,actual_robbery_other_weapon,actual_robbery_unarmed,actual_assault_total,actual_assault_with_a_gun,actual_assault_with_a_knife,actual_assault_other_weapon,actual_assault_unarmed,actual_assault_simple,actual_burglary_total,actual_burglary_force_entry,actual_burglary_nonforce_entry,actual_burglary_attempted,actual_theft_total,actual_motor_vehicle_theft_total,actual_motor_vehicle_theft_car,actual_motor_vehicle_theft_truck,actual_motor_vehicle_theft_other,actual_all_crimes,actual_theft_under50_dollar,actual_assault_aggravated,actual_index_violent,actual_index_property,actual_index_total,total_cleared_murder,total_cleared_manslaughter,total_cleared_rape_total,total_cleared_rape_by_force,total_cleared_rape_attempted,total_cleared_robbery_total,total_cleared_robbery_with_a_gun,total_cleared_robbery_with_a_knife,total_cleared_robbery_other_weapon,total_cleared_robbery_unarmed,total_cleared_assault_total,total_cleared_assault_with_a_gun,total_cleared_assault_with_a_knife,total_cleared_assault_other_weapon,total_cleared_assault_unarmed,total_cleared_assault_simple,total_cleared_burglary_total,total_cleared_burglary_force_entry,total_cleared_burglary_nonforce_entry,total_cleared_burglary_attempted,total_cleared_theft_total,total_cleared_motor_vehicle_theft_total,total_cleared_motor_vehicle_theft_car,total_cleared_motor_vehicle_theft_truck,total_cleared_motor_vehicle_theft_other,total_cleared_all_crimes,total_cleared_theft_under50_dollar,total_cleared_assault_aggravated,total_cleared_index_violent,total_cleared_index_property,total_cleared_index_total,cleared_18_murder,cleared_18_manslaughter,cleared_18_rape_total,cleared_18_rape_by_force,cleared_18_rape_attempted,cleared_18_robbery_total,cleared_18_robbery_with_a_gun,cleared_18_robbery_with_a_knife,cleared_18_robbery_other_weapon,cleared_18_robbery_unarmed,cleared_18_assault_total,cleared_18_assault_with_a_gun,cleared_18_assault_with_a_knife,cleared_18_assault_other_weapon,cleared_18_assault_unarmed,cleared_18_assault_simple,cleared_18_burglary_total,cleared_18_burglary_force_entry,cleared_18_burglary_nonforce_entry,cleared_18_burglary_attempted,cleared_18_theft_total,cleared_18_motor_vehicle_theft_total,cleared_18_motor_vehicle_theft_car,cleared_18_motor_vehicle_theft_truck,cleared_18_motor_vehicle_theft_other,cleared_18_all_crimes,cleared_18_theft_under50_dollar,cleared_18_assault_aggravated,cleared_18_index_violent,cleared_18_index_property,cleared_18_index_total,unfounded_murder,unfounded_manslaughter,unfounded_rape_total,unfounded_rape_by_force,unfounded_rape_attempted,unfounded_robbery_total,unfounded_robbery_with_a_gun,unfounded_robbery_with_a_knife,unfounded_robbery_other_weapon,unfounded_robbery_unarmed,unfounded_assault_total,unfounded_assault_with_a_gun,unfounded_assault_with_a_knife,unfounded_assault_other_weapon,unfounded_assault_unarmed,unfounded_assault_simple,unfounded_burglary_total,unfounded_burglary_force_entry,unfounded_burglary_nonforce_entry,unfounded_burglary_attempted,unfounded_theft_total,unfounded_motor_vehicle_theft_total,unfounded_motor_vehicle_theft_car,unfounded_motor_vehicle_theft_truck,unfounded_motor_vehicle_theft_other,unfounded_all_crimes,unfounded_theft_under50_dollar,unfounded_assault_aggravated,unfounded_index_violent,unfounded_index_property,unfounded_index_total
Clarksville Police,2023-12-01,Indiana,21519,IN01002,breakdown offenses,normal return,normal return,normal return,normal return,normal return,breakdown offenses,breakdown offenses,breakdown offenses,0,0,0,0,0,0,0,0,1,0,0,0,1,19,2,0,0,0,17,2,2,0,0,61,4,4,0,0,87,0,2,3,67,70,0,0,0,0,0,0,0,0,0,0,11,2,0,0,0,9,1,1,0,0,29,4,4,0,0,45,0,2,2,34,36,0,0,0,0,0,0,0,0,0,0,0,0,0,0,0,0,0,0,0,0,2,0,0,0,0,2,0,0,0,2,2,0,0,0,0,0,0,0,0,0,0,0,0,0,0,0,0,0,0,0,0,0,0,0,0,0,0,0,0,0,0,0
Clarksville Police,2023-11-01,Indiana,21519,IN01002,breakdown offenses,normal return,normal return,normal return,normal return,normal return,breakdown offenses,breakdown offenses,breakdown offenses,0,0,0,0,0,0,0,0,0,0,0,0,0,25,2,0,2,0,21,4,3,1,0,60,5,4,0,1,94,0,4,4,69,73,0,0,0,0,0,0,0,0,0,0,8,0,0,1,0,7,0,0,0,0,37,1,0,0,1,46,0,1,1,38,39,0,0,0,0,0,0,0,0,0,0,0,0,0,0,0,0,0,0,0,0,1,0,0,0,0,1,0,0,0,1,1,0,0,0,0,0,0,0,0,0,0,0,0,0,0,0,0,0,0,0,0,0,0,0,0,0,0,0,0,0,0,0
Clarksville Police,2023-10-01,Indiana,21519,IN01002,breakdown offenses,normal return,normal return,normal return,normal return,normal return,breakdown offenses,breakdown offenses,breakdown offenses,0,0,0,0,0,0,0,0,1,1,0,0,0,27,0,1,1,0,25,5,2,3,0,67,8,8,0,0,108,0,2,3,80,83,0,0,0,0,0,0,0,0,0,0,11,0,1,0,0,10,2,1,1,0,42,0,0,0,0,55,0,1,1,44,45,0,0,0,0,0,0,0,0,0,0,2,0,0,0,0,2,0,0,0,0,3,0,0,0,0,5,0,0,0,3,3,0,0,0,0,0,0,0,0,0,0,0,0,0,0,0,0,0,0,0,0,0,0,0,0,0,0,0,0,0,0,0
Clarksville Police,2023-09-01,Indiana,21519,IN01002,breakdown offenses,normal return,normal return,normal return,normal return,normal return,breakdown offenses,breakdown offenses,breakdown offenses,0,0,0,0,0,0,0,0,0,0,0,0,0,22,2,0,1,0,19,1,0,1,0,55,13,11,2,0,91,0,3,3,69,72,0,0,0,0,0,0,0,0,0,0,9,1,0,0,0,8,0,0,0,0,23,5,5,0,0,37,0,1,1,28,29,0,0,0,0,0,0,0,0,0,0,3,0,0,0,0,3,0,0,0,0,3,1,1,0,0,7,0,0,0,4,4,0,0,0,0,0,0,0,0,0,0,0,0,0,0,0,0,0,0,0,0,0,0,0,0,0,0,0,0,0,0,0
Clarksville Police,2023-08-01,Indiana,21519,IN01002,breakdown offenses,normal return,normal return,normal return,normal return,normal return,breakdown offenses,breakdown offenses,breakdown offenses,0,0,0,0,0,0,0,0,1,1,0,0,0,29,3,1,1,1,23,4,2,2,0,60,12,11,0,1,106,0,6,7,76,83,0,0,0,0,0,0,0,0,0,0,7,1,1,0,0,5,0,0,0,0,33,6,5,0,1,46,0,2,2,39,41,0,0,0,0,0,0,0,0,0,0,2,0,1,0,0,1,0,0,0,0,1,1,1,0,0,4,0,1,1,2,3,0,0,0,0,0,0,0,0,0,0,0,0,0,0,0,0,0,0,0,0,0,0,0,0,0,0,0,0,0,0,0
Clarksville Police,2023-07-01,Indiana,21519,IN01002,breakdown offenses,normal return,normal return,normal return,normal return,normal return,breakdown offenses,breakdown offenses,breakdown offenses,0,0,0,0,0,0,0,0,0,0,0,0,0,14,3,0,2,0,9,2,1,1,0,65,14,12,2,0,95,0,5,5,81,86,0,0,0,0,0,0,0,0,0,0,8,1,0,2,0,5,1,1,0,0,29,6,5,1,0,44,0,3,3,36,39,0,0,0,0,0,0,0,0,0,0,0,0,0,0,0,0,0,0,0,0,1,0,0,0,0,1,0,0,0,1,1,0,0,0,0,0,0,0,0,0,0,0,0,0,0,0,0,0,0,0,0,0,0,0,0,0,0,0,0,0,0,0
Clarksville Police,2023-06-01,Indiana,21519,IN01002,breakdown offenses,normal return,normal return,normal return,normal return,normal return,breakdown offenses,breakdown offenses,breakdown offenses,0,0,0,0,0,0,0,0,0,0,0,0,0,1,0,0,0,0,1,0,0,0,0,5,2,2,0,0,8,0,0,0,7,7,0,0,0,0,0,0,0,0,0,0,0,0,0,0,0,0,0,0,0,0,1,0,0,0,0,1,0,0,0,1,1,0,0,0,0,0,0,0,0,0,0,0,0,0,0,0,0,0,0,0,0,0,0,0,0,0,0,0,0,0,0,0,0,0,0,0,0,0,0,0,0,0,0,0,0,0,0,0,0,0,0,0,0,0,0,0,0,0,0,0,0,0,0
Clarksville Police,2023-05-01,Indiana,21519,IN01002,breakdown offenses,normal return,normal return,normal return,normal return,normal return,breakdown offenses,breakdown offenses,breakdown offenses,0,0,0,0,0,2,2,0,1,0,0,0,1,22,0,0,1,3,18,2,2,0,0,51,15,15,0,0,93,0,4,7,68,75,0,0,0,0,0,1,0,0,0,1,8,0,0,0,1,7,2,2,0,0,26,5,5,0,0,42,0,1,2,33,35,0,0,0,0,0,0,0,0,0,0,3,0,0,0,0,3,0,0,0,0,1,0,0,0,0,4,0,0,0,1,1,0,0,0,0,0,0,0,0,0,0,0,0,0,0,0,0,0,0,0,0,0,0,0,0,0,0,0,0,0,0,0
Clarksville Police,2023-04-01,Indiana,21519,IN01002,breakdown offenses,normal return,normal return,normal return,normal return,normal return,breakdown offenses,breakdown offenses,breakdown offenses,0,0,0,0,0,0,0,0,1,0,0,1,0,16,1,0,1,1,13,6,2,4,0,68,10,10,0,0,101,0,3,4,84,88,0,0,0,0,0,0,0,0,0,0,5,1,0,0,0,4,2,1,1,0,35,2,2,0,0,44,0,1,1,39,40,0,0,0,0,0,0,0,0,0,0,0,0,0,0,0,0,0,0,0,0,0,0,0,0,0,0,0,0,0,0,0,0,0,0,0,0,0,0,0,0,0,0,0,0,0,0,0,0,0,0,0,0,0,0,0,0,0,0,0,0,0,0
Clarksville Police,2023-03-01,Indiana,21519,IN01002,breakdown offenses,normal return,normal return,normal return,normal return,normal return,breakdown offenses,breakdown offenses,breakdown offenses,0,0,0,0,0,0,0,0,0,0,0,0,0,20,1,0,0,0,19,3,3,0,0,69,12,12,0,0,104,0,1,1,84,85,0,0,0,0,0,0,0,0,0,0,6,0,0,0,0,6,0,0,0,0,44,1,1,0,0,51,0,0,0,45,45,0,0,0,0,0,0,0,0,0,0,5,0,0,0,0,5,0,0,0,0,1,1,1,0,0,7,0,0,0,2,2,0,0,0,0,0,0,0,0,0,0,0,0,0,0,0,0,0,0,0,0,0,0,0,0,0,0,0,0,0,0,0
Clarksville Police,2023-02-01,Indiana,21519,IN01002,breakdown offenses,normal return,normal return,normal return,normal return,normal return,breakdown offenses,breakdown offenses,breakdown offenses,0,0,0,0,0,0,0,0,0,0,0,0,0,15,0,0,2,0,13,3,1,2,0,65,10,9,1,0,93,0,2,2,78,80,0,0,0,0,0,0,0,0,0,0,7,0,0,1,0,6,0,0,0,0,38,3,3,0,0,48,0,1,1,41,42,0,0,0,0,0,0,0,0,0,0,0,0,0,0,0,0,0,0,0,0,3,0,0,0,0,3,0,0,0,3,3,0,0,0,0,0,0,0,0,0,0,0,0,0,0,0,0,0,0,0,0,0,0,0,0,0,0,0,0,0,0,0
Clarksville Police,2023-01-01,Indiana,21519,IN01002,breakdown offenses,normal return,normal return,normal return,normal return,normal return,breakdown offenses,breakdown offenses,breakdown offenses,0,0,0,0,0,0,0,0,0,0,0,0,0,11,0,0,1,0,10,6,2,4,0,71,7,6,0,1,95,0,1,1,84,85,0,0,0,0,0,0,0,0,0,0,5,0,0,1,0,4,1,0,1,0,39,0,0,0,0,45,0,1,1,40,41,0,0,0,0,0,0,0,0,0,0,1,0,0,0,0,1,1,0,1,0,1,0,0,0,0,3,0,0,0,2,2,0,0,0,0,0,0,0,0,0,0,0,0,0,0,0,0,0,0,0,0,0,0,0,0,0,0,0,0,0,0,0
Clarksville Police,2022-12-01,Indiana,21890,IN01002,breakdown offenses,normal return,normal return,normal return,normal return,normal return,breakdown offenses,breakdown offenses,breakdown offenses,0,0,0,0,0,1,1,0,0,0,0,0,0,22,0,0,0,0,22,3,3,0,0,76,6,5,0,1,108,0,0,1,85,86,0,0,0,0,0,0,0,0,0,0,8,0,0,0,0,8,1,1,0,0,39,1,1,0,0,49,0,0,0,41,41,0,0,0,0,0,0,0,0,0,0,2,0,0,0,0,2,0,0,0,0,0,0,0,0,0,2,0,0,0,0,0,0,0,0,0,0,0,0,0,0,0,0,0,0,0,0,0,0,0,0,0,0,0,0,0,0,0,0,0,0,0,0
Clarksville Police,2022-11-01,Indiana,21890,IN01002,breakdown offenses,normal return,normal return,normal return,normal return,normal return,breakdown offenses,breakdown offenses,breakdown offenses,0,0,0,0,0,0,0,0,3,0,0,1,2,20,0,0,0,0,20,2,0,2,0,79,5,5,0,0,109,0,0,3,86,89,0,0,0,0,0,1,0,0,0,1,6,0,0,0,0,6,0,0,0,0,48,2,2,0,0,57,0,0,1,50,51,0,0,0,0,0,0,0,0,0,0,1,0,0,0,0,1,0,0,0,0,1,1,1,0,0,3,0,0,0,2,2,0,0,0,0,0,0,0,0,0,0,0,0,0,0,0,0,0,0,0,0,0,0,0,0,0,0,0,0,0,0,0
Clarksville Police,2022-10-01,Indiana,21890,IN01002,breakdown offenses,normal return,normal return,normal return,normal return,normal return,breakdown offenses,breakdown offenses,breakdown offenses,0,0,0,0,0,0,0,0,0,0,0,0,0,1,0,0,1,0,0,0,0,0,0,8,2,2,0,0,11,0,1,1,10,11,0,0,0,0,0,0,0,0,0,0,0,0,0,0,0,0,0,0,0,0,4,0,0,0,0,4,0,0,0,4,4,0,0,0,0,0,0,0,0,0,0,0,0,0,0,0,0,0,0,0,0,0,0,0,0,0,0,0,0,0,0,0,0,0,0,0,0,0,0,0,0,0,0,0,0,0,0,0,0,0,0,0,0,0,0,0,0,0,0,0,0,0,0
Clarksville Police,2022-09-01,Indiana,21890,IN01002,breakdown offenses,normal return,normal return,normal return,normal return,normal return,breakdown offenses,breakdown offenses,breakdown offenses,0,0,0,0,0,0,0,0,1,0,0,1,0,21,0,0,0,1,20,1,0,1,0,85,9,8,0,1,117,0,1,2,95,97,0,0,0,0,0,0,0,0,0,0,7,0,0,0,0,7,1,0,1,0,46,4,4,0,0,58,0,0,0,51,51,0,0,0,0,0,0,0,0,0,0,2,0,0,0,0,2,0,0,0,0,0,0,0,0,0,2,0,0,0,0,0,0,0,0,0,0,0,0,0,0,0,0,0,0,0,0,0,0,0,0,0,0,0,0,0,0,0,0,0,0,0,0
Clarksville Police,2022-08-01,Indiana,21890,IN01002,breakdown offenses,normal return,normal return,normal return,normal return,normal return,breakdown offenses,breakdown offenses,breakdown offenses,0,0,0,0,0,0,0,0,0,0,0,0,0,29,0,1,0,0,28,6,2,2,2,87,8,7,1,0,130,0,1,1,101,102,0,0,0,0,0,0,0,0,0,0,13,0,1,0,0,12,0,0,0,0,38,3,2,1,0,54,0,1,1,41,42,0,0,0,0,0,0,0,0,0,0,0,0,0,0,0,0,0,0,0,0,1,0,0,0,0,1,0,0,0,1,1,0,0,0,0,0,0,0,0,0,0,0,0,0,0,0,0,0,0,0,0,0,0,0,0,0,0,0,0,0,0,0
Clarksville Police,2022-07-01,Indiana,21890,IN01002,breakdown offenses,normal return,normal return,normal return,normal return,normal return,breakdown offenses,breakdown offenses,breakdown offenses,0,0,0,0,0,0,0,0,0,0,0,0,0,18,0,0,0,2,16,1,1,0,0,71,12,11,0,1,102,0,2,2,84,86,0,0,0,0,0,0,0,0,0,0,6,0,0,0,2,4,0,0,0,0,45,6,6,0,0,57,0,2,2,51,53,0,0,0,0,0,0,0,0,0,0,0,0,0,0,0,0,0,0,0,0,0,1,1,0,0,1,0,0,0,1,1,0,0,0,0,0,0,0,0,0,0,0,0,0,0,0,0,0,0,0,0,0,0,0,0,0,0,0,0,0,0,0
Clarksville Police,2022-06-01,Indiana,21890,IN01002,breakdown offenses,normal return,normal return,normal return,normal return,normal return,breakdown offenses,breakdown offenses,breakdown offenses,0,0,0,0,0,0,0,0,1,0,0,1,0,31,1,0,2,1,27,3,0,3,0,71,10,10,0,0,116,0,4,5,84,89,0,0,0,0,0,0,0,0,0,0,7,1,0,0,0,6,1,0,1,0,27,1,1,0,0,36,0,1,1,29,30,0,0,0,0,0,0,0,0,0,0,0,0,0,0,0,0,0,0,0,0,2,0,0,0,0,2,0,0,0,2,2,0,0,0,0,0,0,0,0,0,0,0,0,0,0,0,0,0,0,0,0,0,0,0,0,0,0,0,0,0,0,0
Clarksville Police,2022-05-01,Indiana,21890,IN01002,breakdown offenses,normal return,normal return,normal return,normal return,normal return,breakdown offenses,breakdown offenses,breakdown offenses,0,0,0,0,0,0,0,0,0,0,0,0,0,24,0,1,1,1,21,1,1,0,0,88,6,6,0,0,119,0,3,3,95,98,0,0,0,0,0,0,0,0,0,0,9,0,0,0,1,8,0,0,0,0,45,0,0,0,0,54,0,1,1,45,46,0,0,0,0,0,0,0,0,0,0,1,0,0,0,0,1,0,0,0,0,2,0,0,0,0,3,0,0,0,2,2,0,0,0,0,0,0,0,0,0,0,0,0,0,0,0,0,0,0,0,0,0,0,0,0,0,0,0,0,0,0,0
Clarksville Police,2022-04-01,Indiana,21890,IN01002,breakdown offenses,normal return,normal return,normal return,normal return,normal return,breakdown offenses,breakdown offenses,breakdown offenses,0,0,0,0,0,0,0,0,1,1,0,0,0,17,1,0,0,1,15,10,3,6,1,60,9,8,0,1,97,0,2,3,79,82,0,0,0,0,0,0,0,0,0,0,3,1,0,0,0,2,3,0,3,0,31,1,1,0,0,38,0,1,1,35,36,0,0,0,0,0,0,0,0,0,0,0,0,0,0,0,0,0,0,0,0,1,0,0,0,0,1,0,0,0,1,1,0,0,0,0,0,0,0,0,0,0,0,0,0,0,0,0,0,0,0,0,0,0,0,0,0,0,0,0,0,0,0
Clarksville Police,2022-03-01,Indiana,21890,IN01002,breakdown offenses,normal return,normal return,normal return,normal return,normal return,breakdown offenses,breakdown offenses,breakdown offenses,0,0,0,0,0,1,1,0,0,0,0,0,0,24,2,2,1,0,19,4,1,3,0,48,6,6,0,0,83,0,5,6,58,64,0,0,0,0,0,0,0,0,0,0,10,0,2,0,0,8,1,0,1,0,25,1,1,0,0,37,0,2,2,27,29,0,0,0,0,0,0,0,0,0,0,1,0,0,0,0,1,0,0,0,0,1,0,0,0,0,2,0,0,0,1,1,0,0,0,0,0,0,0,0,0,0,0,0,0,0,0,0,0,0,0,0,0,0,0,0,0,0,0,0,0,0,0
Clarksville Police,2022-02-01,Indiana,21890,IN01002,breakdown offenses,normal return,normal return,normal return,normal return,normal return,breakdown offenses,breakdown offenses,breakdown offenses,0,0,0,0,0,1,1,0,1,0,0,0,1,25,1,0,0,1,23,6,6,0,0,57,5,5,0,0,95,0,2,4,68,72,0,0,0,0,0,0,0,0,0,0,17,0,0,0,1,16,0,0,0,0,37,0,0,0,0,54,0,1,1,37,38,0,0,0,0,0,0,0,0,0,0,4,0,0,0,0,4,0,0,0,0,1,0,0,0,0,5,0,0,0,1,1,0,0,0,0,0,0,0,0,0,0,0,0,0,0,0,0,0,0,0,0,0,0,0,0,0,0,0,0,0,0,0
Clarksville Police,2022-01-01,Indiana,21890,IN01002,breakdown offenses,normal return,normal return,normal return,normal return,normal return,breakdown offenses,breakdown offenses,breakdown offenses,0,0,0,0,0,0,0,0,2,2,0,0,0,23,1,1,0,0,21,2,1,0,1,72,10,8,1,1,109,0,2,4,84,88,0,0,0,0,0,0,0,0,0,0,8,0,1,0,0,7,0,0,0,0,37,0,0,0,0,45,0,1,1,37,38,0,0,0,0,0,0,0,0,0,0,1,0,1,0,0,0,0,0,0,0,2,0,0,0,0,3,0,1,1,2,3,0,0,0,0,0,0,0,0,0,0,0,0,0,0,0,0,0,0,0,0,0,0,0,0,0,0,0,0,0,0,0
Clarksville Police,2021-12-01,Indiana,21434,IN01002,breakdown offenses,normal return,normal return,normal return,normal return,normal return,breakdown offenses,breakdown offenses,breakdown offenses,0,0,0,0,0,0,0,0,0,0,0,0,0,23,0,0,2,2,19,3,2,1,0,91,13,13,0,0,130,0,4,4,107,111,0,0,0,0,0,0,0,0,0,0,12,0,0,1,1,10,0,0,0,0,58,0,0,0,0,70,0,2,2,58,60,0,0,0,0,0,0,0,0,0,0,4,0,0,0,0,4,0,0,0,0,3,0,0,0,0,7,0,0,0,3,3,0,0,0,0,0,0,0,0,0,0,0,0,0,0,0,0,0,0,0,0,0,0,0,0,0,0,0,0,0,0,0
Clarksville Police,2021-11-01,Indiana,21434,IN01002,breakdown offenses,normal return,normal return,normal return,normal return,normal return,breakdown offenses,breakdown offenses,breakdown offenses,0,0,0,0,0,0,0,0,3,0,0,1,2,27,0,2,0,2,23,2,2,0,0,75,12,12,0,0,119,0,4,7,89,96,0,0,0,0,0,1,0,0,0,1,12,0,2,0,0,10,0,0,0,0,28,2,2,0,0,43,0,2,3,30,33,0,0,0,0,0,0,0,0,0,0,1,0,0,0,0,1,0,0,0,0,0,0,0,0,0,1,0,0,0,0,0,0,0,0,0,0,0,0,0,0,0,0,0,0,0,0,0,0,0,0,0,0,0,0,0,0,0,0,0,0,0,0
Clarksville Police,2021-10-01,Indiana,21434,IN01002,breakdown offenses,normal return,normal return,normal return,normal return,normal return,breakdown offenses,breakdown offenses,breakdown offenses,0,0,0,0,0,0,0,0,1,1,0,0,0,24,7,0,0,2,15,5,3,2,0,67,14,13,0,1,111,0,9,10,86,96,0,0,0,0,0,0,0,0,0,0,7,0,0,0,1,6,1,1,0,0,31,0,0,0,0,39,0,1,1,32,33,0,0,0,0,0,0,0,0,0,0,0,0,0,0,0,0,0,0,0,0,1,0,0,0,0,1,0,0,0,1,1,0,0,0,0,0,0,0,0,0,0,0,0,0,0,0,0,0,0,0,0,0,0,0,0,0,0,0,0,0,0,0
Clarksville Police,2021-09-01,Indiana,21434,IN01002,breakdown offenses,normal return,normal return,normal return,normal return,normal return,breakdown offenses,breakdown offenses,breakdown offenses,0,0,0,0,0,0,0,0,1,0,0,0,1,36,0,0,0,1,35,3,1,1,1,71,5,4,0,1,116,0,1,2,79,81,0,0,0,0,0,0,0,0,0,0,8,0,0,0,0,8,2,1,1,0,40,0,0,0,0,50,0,0,0,42,42,0,0,0,0,0,0,0,0,0,0,1,0,0,0,0,1,0,0,0,0,1,0,0,0,0,2,0,0,0,1,1,0,0,0,0,0,0,0,0,0,0,0,0,0,0,0,0,0,0,0,0,0,0,0,0,0,0,0,0,0,0,0
Clarksville Police,2021-08-01,Indiana,21434,IN01002,breakdown offenses,normal return,normal return,normal return,normal return,normal return,breakdown offenses,breakdown offenses,breakdown offenses,0,0,0,0,0,0,0,0,0,0,0,0,0,30,2,2,0,0,26,4,2,2,0,86,10,9,0,1,130,0,4,4,100,104,0,0,0,0,0,0,0,0,0,0,8,0,2,0,0,6,0,0,0,0,39,0,0,0,0,47,0,2,2,39,41,0,0,0,0,0,0,0,0,0,0,0,0,0,0,0,0,0,0,0,0,0,0,0,0,0,0,0,0,0,0,0,0,0,0,0,0,0,0,0,0,0,0,0,0,0,0,0,0,0,0,0,0,0,0,0,0,0,0,0,0,0,0
Clarksville Police,2021-07-01,Indiana,21434,IN01002,breakdown offenses,normal return,normal return,normal return,normal return,normal return,breakdown offenses,breakdown offenses,breakdown offenses,0,0,0,1,0,0,0,0,0,0,0,0,0,38,4,0,0,4,30,4,3,1,0,94,9,7,0,2,146,0,8,9,107,116,0,0,0,0,0,0,0,0,0,0,8,0,0,0,1,7,0,0,0,0,51,1,1,0,0,60,0,1,1,52,53,0,0,0,0,0,0,0,0,0,0,0,0,0,0,0,0,0,0,0,0,1,0,0,0,0,1,0,0,0,1,1,0,0,0,0,0,0,0,0,0,0,0,0,0,0,0,0,0,0,0,0,0,0,0,0,0,0,0,0,0,0,0
Clarksville Police,2021-06-01,Indiana,21434,IN01002,breakdown offenses,normal return,normal return,normal return,normal return,normal return,breakdown offenses,breakdown offenses,breakdown offenses,0,0,0,1,0,0,0,0,1,0,0,0,1,23,0,0,1,1,21,5,1,3,1,70,13,13,0,0,113,0,2,4,88,92,0,0,0,0,0,1,0,0,0,1,5,0,0,0,1,4,0,0,0,0,32,0,0,0,0,38,0,1,2,32,34,0,0,0,0,0,1,0,0,0,1,0,0,0,0,0,0,0,0,0,0,0,0,0,0,0,1,0,0,1,0,1,0,0,0,0,0,0,0,0,0,0,0,0,0,0,0,0,0,0,0,0,0,0,0,0,0,0,0,0,0,0,0
Clarksville Police,2021-05-01,Indiana,21434,IN01002,breakdown offenses,normal return,normal return,normal return,normal return,normal return,breakdown offenses,breakdown offenses,breakdown offenses,0,0,0,0,0,0,0,0,0,0,0,0,0,26,0,0,1,0,25,12,5,6,1,75,11,9,0,2,124,0,1,1,98,99,0,0,0,0,0,0,0,0,0,0,4,0,0,0,0,4,2,0,2,0,37,0,0,0,0,43,0,0,0,39,39,0,0,0,0,0,0,0,0,0,0,0,0,0,0,0,0,0,0,0,0,0,0,0,0,0,0,0,0,0,0,0,0,0,0,0,0,0,0,0,0,0,0,0,0,0,0,0,0,0,0,0,0,0,0,0,0,0,0,0,0,0,0
Clarksville Police,2021-04-01,Indiana,21434,IN01002,breakdown offenses,normal return,normal return,normal return,normal return,normal return,breakdown offenses,breakdown offenses,breakdown offenses,0,0,0,0,0,0,0,0,0,0,0,0,0,17,0,0,1,0,16,2,1,1,0,52,9,9,0,0,80,0,1,1,63,64,0,0,0,0,0,0,0,0,0,0,5,0,0,1,0,4,0,0,0,0,23,0,0,0,0,28,0,1,1,23,24,0,0,0,0,0,0,0,0,0,0,0,0,0,0,0,0,0,0,0,0,0,0,0,0,0,0,0,0,0,0,0,0,0,0,0,0,0,0,0,0,0,0,0,0,0,0,0,0,0,0,0,0,0,0,0,0,0,0,0,0,0,0
Clarksville Police,2021-03-01,Indiana,21434,IN01002,breakdown offenses,normal return,normal return,normal return,normal return,normal return,breakdown offenses,breakdown offenses,breakdown offenses,0,0,0,0,0,0,0,0,2,1,1,0,0,22,1,0,0,0,21,4,4,0,0,66,11,11,0,0,105,0,1,3,81,84,0,0,0,0,0,0,0,0,0,0,4,0,0,0,0,4,0,0,0,0,34,3,3,0,0,41,0,0,0,37,37,0,0,0,0,0,0,0,0,0,0,0,0,0,0,0,0,0,0,0,0,1,0,0,0,0,1,0,0,0,1,1,0,0,0,0,0,0,0,0,0,0,0,0,0,0,0,0,0,0,0,0,0,0,0,0,0,0,0,0,0,0,0
Clarksville Police,2021-02-01,Indiana,21434,IN01002,breakdown offenses,normal return,normal return,normal return,normal return,normal return,breakdown offenses,breakdown offenses,breakdown offenses,0,0,0,0,0,0,0,0,0,0,0,0,0,15,2,0,0,2,11,4,2,2,0,57,3,3,0,0,79,0,4,4,64,68,0,0,0,0,0,0,0,0,0,0,2,0,0,0,0,2,1,0,1,0,27,1,1,0,0,31,0,0,0,29,29,0,0,0,0,0,0,0,0,0,0,0,0,0,0,0,0,0,0,0,0,0,0,0,0,0,0,0,0,0,0,0,0,0,0,0,0,0,0,0,0,0,0,0,0,0,0,0,0,0,0,0,0,0,0,0,0,0,0,0,0,0,0
Clarksville Police,2021-01-01,Indiana,21434,IN01002,breakdown offenses,normal return,normal return,normal return,normal return,normal return,breakdown offenses,breakdown offenses,breakdown offenses,0,0,0,0,0,1,1,0,1,1,0,0,0,14,0,1,1,1,11,2,0,2,0,65,6,6,0,0,89,0,3,5,73,78,0,0,0,0,0,0,0,0,0,0,3,0,0,1,0,2,0,0,0,0,32,1,1,0,0,36,0,1,1,33,34,0,0,0,0,0,0,0,0,0,0,1,0,0,0,0,1,0,0,0,0,2,0,0,0,0,3,0,0,0,2,2,0,0,0,0,0,0,0,0,0,0,0,0,0,0,0,0,0,0,0,0,0,0,0,0,0,0,0,0,0,0,0
Clarksville Police,2020-12-01,Indiana,21558,IN01002,breakdown offenses,normal return,normal return,normal return,normal return,normal return,breakdown offenses,breakdown offenses,breakdown offenses,0,0,0,0,0,0,0,0,3,2,1,0,0,16,0,4,0,0,12,5,2,3,0,85,6,6,0,0,115,0,4,7,96,103,0,0,0,0,0,1,0,1,0,0,5,0,0,0,0,5,0,0,0,0,37,0,0,0,0,43,0,0,1,37,38,0,0,0,0,0,0,0,0,0,0,0,0,0,0,0,0,0,0,0,0,1,0,0,0,0,1,0,0,0,1,1,0,0,0,0,0,0,0,0,0,0,0,0,0,0,0,0,0,0,0,0,0,0,0,0,0,0,0,0,0,0,0
Clarksville Police,2020-11-01,Indiana,21558,IN01002,breakdown offenses,normal return,normal return,normal return,normal return,normal return,breakdown offenses,breakdown offenses,breakdown offenses,0,0,0,0,0,0,0,0,2,1,0,0,1,13,0,1,0,0,12,7,5,1,1,79,8,5,0,3,109,0,1,3,94,97,0,0,0,0,0,2,1,0,0,1,2,0,0,0,0,2,2,0,1,1,28,1,1,0,0,35,0,0,2,31,33,0,0,0,0,0,0,0,0,0,0,0,0,0,0,0,0,0,0,0,0,1,0,0,0,0,1,0,0,0,1,1,0,0,0,0,0,0,0,0,0,0,0,0,0,0,0,0,0,0,0,0,0,0,0,0,0,0,0,0,0,0,0
Clarksville Police,2020-10-01,Indiana,21558,IN01002,breakdown offenses,normal return,normal return,normal return,normal return,normal return,breakdown offenses,breakdown offenses,breakdown offenses,0,0,0,0,0,1,1,0,0,0,0,0,0,42,3,1,3,2,33,2,1,1,0,93,14,11,1,2,152,0,9,10,109,119,0,0,0,0,0,0,0,0,0,0,12,0,1,0,1,10,0,0,0,0,40,1,1,0,0,53,0,2,2,41,43,0,0,0,0,0,0,0,0,0,0,1,0,0,0,0,1,0,0,0,0,1,0,0,0,0,2,0,0,0,1,1,0,0,0,0,0,0,0,0,0,0,0,0,0,0,0,0,0,0,0,0,0,0,0,0,0,0,0,0,0,0,0
Clarksville Police,2020-09-01,Indiana,21558,IN01002,breakdown offenses,normal return,normal return,normal return,normal return,normal return,breakdown offenses,breakdown offenses,breakdown offenses,0,0,0,0,0,0,0,0,3,1,1,1,0,26,0,0,0,0,26,3,2,1,0,88,10,10,0,0,130,0,0,3,101,104,0,0,0,0,0,0,0,0,0,0,7,0,0,0,0,7,0,0,0,0,40,1,1,0,0,48,0,0,0,41,41,0,0,0,0,0,0,0,0,0,0,0,0,0,0,0,0,0,0,0,0,0,0,0,0,0,0,0,0,0,0,0,0,0,0,0,0,0,0,0,0,0,0,0,0,0,0,0,0,0,0,0,0,0,0,0,0,0,0,0,0,0,0
Clarksville Police,2020-08-01,Indiana,21558,IN01002,breakdown offenses,normal return,normal return,normal return,normal return,normal return,breakdown offenses,breakdown offenses,breakdown offenses,0,0,0,0,0,1,1,0,1,0,0,1,0,28,1,1,5,0,21,3,1,2,0,91,19,16,0,3,143,0,7,9,113,122,0,0,0,0,0,0,0,0,0,0,7,0,0,2,0,5,0,0,0,0,42,4,4,0,0,53,0,2,2,46,48,0,0,0,0,0,0,0,0,0,0,0,0,0,0,0,0,0,0,0,0,0,0,0,0,0,0,0,0,0,0,0,0,0,0,0,0,0,0,0,0,0,0,0,0,0,0,0,0,0,0,0,0,0,0,0,0,0,0,0,0,0,0
Clarksville Police,2020-07-01,Indiana,21558,IN01002,breakdown offenses,normal return,normal return,normal return,normal return,normal return,breakdown offenses,breakdown offenses,breakdown offenses,0,0,0,1,0,1,1,0,0,0,0,0,0,17,2,0,0,0,15,10,6,4,0,75,11,11,0,0,115,0,2,4,96,100,0,0,0,0,0,0,0,0,0,0,4,0,0,0,0,4,0,0,0,0,36,4,4,0,0,44,0,0,0,40,40,0,0,0,0,0,0,0,0,0,0,0,0,0,0,0,0,0,0,0,0,1,4,4,0,0,5,0,0,0,5,5,0,0,0,0,0,0,0,0,0,0,0,0,0,0,0,0,0,0,0,0,0,0,0,0,0,0,0,0,0,0,0
Clarksville Police,2020-06-01,Indiana,21558,IN01002,breakdown offenses,normal return,normal return,normal return,normal return,normal return,breakdown offenses,breakdown offenses,breakdown offenses,0,0,0,0,0,1,1,0,2,1,0,0,1,26,0,0,0,1,25,8,5,3,0,80,12,11,0,1,129,0,1,4,100,104,0,0,0,0,0,0,0,0,0,0,3,0,0,0,0,3,0,0,0,0,23,0,0,0,0,26,0,0,0,23,23,0,0,0,0,0,0,0,0,0,0,0,0,0,0,0,0,0,0,0,0,0,0,0,0,0,0,0,0,0,0,0,0,0,0,0,0,0,0,0,0,0,0,0,0,0,0,0,0,0,0,0,0,0,0,0,0,0,0,0,0,0,0
Clarksville Police,2020-05-01,Indiana,21558,IN01002,breakdown offenses,normal return,normal return,normal return,normal return,normal return,breakdown offenses,breakdown offenses,breakdown offenses,0,0,0,0,0,0,0,0,0,0,0,0,0,21,1,1,0,1,18,5,2,3,0,56,7,7,0,0,89,0,3,3,68,71,0,0,0,0,0,0,0,0,0,0,4,0,0,0,1,3,1,0,1,0,34,1,1,0,0,40,0,1,1,36,37,0,0,0,0,0,0,0,0,0,0,0,0,0,0,0,0,0,0,0,0,2,0,0,0,0,2,0,0,0,2,2,0,0,0,0,0,0,0,0,0,0,0,0,0,0,0,0,0,0,0,0,0,0,0,0,0,0,0,0,0,0,0
Clarksville Police,2020-04-01,Indiana,21558,IN01002,breakdown offenses,normal return,normal return,normal return,normal return,normal return,breakdown offenses,breakdown offenses,breakdown offenses,0,0,0,0,0,0,0,0,0,0,0,0,0,9,0,0,0,1,8,6,0,6,0,92,11,11,0,0,118,0,1,1,109,110,0,0,0,0,0,0,0,0,0,0,3,0,0,0,0,3,2,0,2,0,47,1,1,0,0,53,0,0,0,50,50,0,0,0,0,0,0,0,0,0,0,0,0,0,0,0,0,0,0,0,0,1,0,0,0,0,1,0,0,0,1,1,0,0,0,0,0,0,0,0,0,0,0,0,0,0,0,0,0,0,0,0,0,0,0,0,0,0,0,0,0,0,0
Clarksville Police,2020-03-01,Indiana,21558,IN01002,breakdown offenses,normal return,normal return,normal return,normal return,normal return,breakdown offenses,breakdown offenses,breakdown offenses,0,0,0,0,0,0,0,0,0,0,0,0,0,1,0,0,0,1,0,0,0,0,0,4,4,4,0,0,9,0,1,1,8,9,0,0,0,0,0,0,0,0,0,0,1,0,0,0,1,0,0,0,0,0,0,0,0,0,0,1,0,1,1,0,1,0,0,0,0,0,0,0,0,0,0,0,0,0,0,0,0,0,0,0,0,0,0,0,0,0,0,0,0,0,0,0,0,0,0,0,0,0,0,0,0,0,0,0,0,0,0,0,0,0,0,0,0,0,0,0,0,0,0,0,0,0,0
Clarksville Police,2020-02-01,Indiana,21558,IN01002,breakdown offenses,normal return,normal return,normal return,normal return,normal return,breakdown offenses,breakdown offenses,breakdown offenses,0,0,0,0,0,0,0,0,1,0,0,0,1,13,0,0,1,2,10,4,4,0,0,87,7,6,0,1,112,0,3,4,98,102,0,0,0,0,0,1,0,0,0,1,5,0,0,0,2,3,2,2,0,0,30,0,0,0,0,38,0,2,3,32,35,0,0,0,0,0,0,0,0,0,0,0,0,0,0,0,0,0,0,0,0,0,0,0,0,0,0,0,0,0,0,0,0,0,0,0,0,0,0,0,0,0,0,0,0,0,0,0,0,0,0,0,0,0,0,0,0,0,0,0,0,0,0
Clarksville Police,2020-01-01,Indiana,21558,IN01002,breakdown offenses,normal return,normal return,normal return,normal return,normal return,breakdown offenses,breakdown offenses,breakdown offenses,0,0,0,0,0,0,0,0,0,0,0,0,0,26,1,0,0,13,12,7,3,4,0,102,7,6,0,1,142,0,14,14,116,130,0,0,0,0,0,0,0,0,0,0,15,0,0,0,9,6,1,1,0,0,64,0,0,0,0,80,0,9,9,65,74,0,0,0,0,0,0,0,0,0,0,3,0,0,0,2,1,0,0,0,0,5,0,0,0,0,8,0,2,2,5,7,0,0,0,0,0,0,0,0,0,0,0,0,0,0,0,0,0,0,0,0,0,0,0,0,0,0,0,0,0,0,0
Clarksville Police,2019-12-01,Indiana,21630,IN01002,breakdown offenses,normal return,normal return,normal return,normal return,normal return,breakdown offenses,breakdown offenses,breakdown offenses,0,0,0,0,0,0,0,0,0,0,0,0,0,17,0,0,0,10,7,7,4,3,0,80,4,4,0,0,108,0,10,10,91,101,0,0,0,0,0,0,0,0,0,0,8,0,0,0,7,1,1,1,0,0,41,0,0,0,0,50,0,7,7,42,49,0,0,0,0,0,0,0,0,0,0,0,0,0,0,0,0,0,0,0,0,3,0,0,0,0,3,0,0,0,3,3,0,0,0,0,0,0,0,0,0,0,0,0,0,0,0,0,0,0,0,0,0,0,0,0,0,0,0,0,0,0,0
Clarksville Police,2019-12-01,Indiana,21630,IN01002,breakdown offenses,normal return,normal return,normal return,normal return,normal return,breakdown offenses,breakdown offenses,breakdown offenses,0,0,0,0,0,0,0,0,0,0,0,0,0,17,0,0,0,10,7,7,4,3,0,80,4,4,0,0,108,0,10,10,91,101,0,0,0,0,0,0,0,0,0,0,8,0,0,0,7,1,1,1,0,0,41,0,0,0,0,50,0,7,7,42,49,0,0,0,0,0,0,0,0,0,0,0,0,0,0,0,0,0,0,0,0,3,0,0,0,0,3,0,0,0,3,3,0,0,0,0,0,0,0,0,0,0,0,0,0,0,0,0,0,0,0,0,0,0,0,0,0,0,0,0,0,0,0
Clarksville Police,2019-11-01,Indiana,21630,IN01002,breakdown offenses,normal return,normal return,normal return,normal return,normal return,breakdown offenses,breakdown offenses,breakdown offenses,0,0,0,0,0,0,0,0,0,0,0,0,0,13,0,1,1,2,9,4,0,2,2,91,9,5,2,2,117,0,4,4,104,108,0,0,0,0,0,0,0,0,0,0,5,0,1,1,1,2,1,0,0,1,53,0,0,0,0,59,0,3,3,54,57,0,0,0,0,0,0,0,0,0,0,1,0,0,0,0,1,0,0,0,0,4,0,0,0,0,5,0,0,0,4,4,0,0,0,0,0,0,0,0,0,0,0,0,0,0,0,0,0,0,0,0,0,0,0,0,0,0,0,0,0,0,0
Clarksville Police,2019-11-01,Indiana,21630,IN01002,breakdown offenses,normal return,normal return,normal return,normal return,normal return,breakdown offenses,breakdown offenses,breakdown offenses,0,0,0,0,0,0,0,0,0,0,0,0,0,13,0,1,1,2,9,4,0,2,2,91,9,5,2,2,117,0,4,4,104,108,0,0,0,0,0,0,0,0,0,0,5,0,1,1,1,2,1,0,0,1,53,0,0,0,0,59,0,3,3,54,57,0,0,0,0,0,0,0,0,0,0,1,0,0,0,0,1,0,0,0,0,4,0,0,0,0,5,0,0,0,4,4,0,0,0,0,0,0,0,0,0,0,0,0,0,0,0,0,0,0,0,0,0,0,0,0,0,0,0,0,0,0,0
Clarksville Police,2019-10-01,Indiana,21630,IN01002,breakdown offenses,normal return,normal return,normal return,normal return,normal return,breakdown offenses,breakdown offenses,breakdown offenses,0,0,0,0,0,0,0,0,1,1,0,0,0,24,0,1,4,3,16,5,3,1,1,93,7,6,1,0,130,0,8,9,105,114,0,0,0,0,0,0,0,0,0,0,14,0,1,3,1,9,2,0,1,1,43,0,0,0,0,59,0,5,5,45,50,0,0,0,0,0,0,0,0,0,0,2,0,0,0,0,2,1,0,0,1,2,0,0,0,0,5,0,0,0,3,3,0,0,0,0,0,0,0,0,0,0,0,0,0,0,0,0,0,0,0,0,0,0,0,0,0,0,0,0,0,0,0
Clarksville Police,2019-10-01,Indiana,21630,IN01002,breakdown offenses,normal return,normal return,normal return,normal return,normal return,breakdown offenses,breakdown offenses,breakdown offenses,0,0,0,0,0,0,0,0,1,1,0,0,0,24,0,1,4,3,16,5,3,1,1,93,7,6,1,0,130,0,8,9,105,114,0,0,0,0,0,0,0,0,0,0,14,0,1,3,1,9,2,0,1,1,43,0,0,0,0,59,0,5,5,45,50,0,0,0,0,0,0,0,0,0,0,2,0,0,0,0,2,1,0,0,1,2,0,0,0,0,5,0,0,0,3,3,0,0,0,0,0,0,0,0,0,0,0,0,0,0,0,0,0,0,0,0,0,0,0,0,0,0,0,0,0,0,0
Clarksville Police,2019-09-01,Indiana,21630,IN01002,breakdown offenses,normal return,normal return,normal return,normal return,normal return,breakdown offenses,breakdown offenses,breakdown offenses,0,0,0,0,0,3,3,0,1,1,0,0,0,21,1,0,1,6,13,9,5,3,1,74,12,7,0,5,120,0,8,12,95,107,0,0,1,1,0,0,0,0,0,0,7,0,0,0,2,5,0,0,0,0,32,3,2,0,1,43,0,2,3,35,38,0,0,0,0,0,0,0,0,0,0,0,0,0,0,0,0,0,0,0,0,2,0,0,0,0,2,0,0,0,2,2,0,0,0,0,0,0,0,0,0,0,0,0,0,0,0,0,0,0,0,0,0,0,0,0,0,0,0,0,0,0,0
Clarksville Police,2019-09-01,Indiana,21630,IN01002,breakdown offenses,normal return,normal return,normal return,normal return,normal return,breakdown offenses,breakdown offenses,breakdown offenses,0,0,0,0,0,3,3,0,1,1,0,0,0,21,1,0,1,6,13,9,5,3,1,74,12,7,0,5,120,0,8,12,95,107,0,0,1,1,0,0,0,0,0,0,7,0,0,0,2,5,0,0,0,0,32,3,2,0,1,43,0,2,3,35,38,0,0,0,0,0,0,0,0,0,0,0,0,0,0,0,0,0,0,0,0,2,0,0,0,0,2,0,0,0,2,2,0,0,0,0,0,0,0,0,0,0,0,0,0,0,0,0,0,0,0,0,0,0,0,0,0,0,0,0,0,0,0
Clarksville Police,2019-08-01,Indiana,21630,IN01002,breakdown offenses,normal return,normal return,normal return,normal return,normal return,breakdown offenses,breakdown offenses,breakdown offenses,0,0,0,0,0,1,1,0,1,0,1,0,0,30,0,1,0,8,21,5,3,2,0,93,3,2,0,1,133,0,9,11,101,112,0,0,0,0,0,0,0,0,0,0,11,0,0,0,2,9,0,0,0,0,49,0,0,0,0,60,0,2,2,49,51,0,0,0,0,0,0,0,0,0,0,4,0,0,0,0,4,0,0,0,0,0,0,0,0,0,4,0,0,0,0,0,0,0,0,0,0,0,0,0,0,0,0,0,0,0,0,0,0,0,0,0,0,0,0,0,0,0,0,0,0,0,0
Clarksville Police,2019-08-01,Indiana,21630,IN01002,breakdown offenses,normal return,normal return,normal return,normal return,normal return,breakdown offenses,breakdown offenses,breakdown offenses,0,0,0,0,0,1,1,0,1,0,1,0,0,30,0,1,0,8,21,5,3,2,0,93,3,2,0,1,133,0,9,11,101,112,0,0,0,0,0,0,0,0,0,0,11,0,0,0,2,9,0,0,0,0,49,0,0,0,0,60,0,2,2,49,51,0,0,0,0,0,0,0,0,0,0,4,0,0,0,0,4,0,0,0,0,0,0,0,0,0,4,0,0,0,0,0,0,0,0,0,0,0,0,0,0,0,0,0,0,0,0,0,0,0,0,0,0,0,0,0,0,0,0,0,0,0,0
Clarksville Police,2019-07-01,Indiana,21630,IN01002,breakdown offenses,normal return,normal return,normal return,normal return,normal return,breakdown offenses,breakdown offenses,breakdown offenses,0,0,0,0,0,1,1,0,1,1,0,0,0,32,0,1,0,9,22,8,4,4,0,90,8,6,1,1,140,0,10,12,106,118,0,0,0,0,0,0,0,0,0,0,15,0,1,0,3,11,1,0,1,0,46,1,1,0,0,63,0,4,4,48,52,0,0,0,0,0,0,0,0,0,0,0,0,0,0,0,0,0,0,0,0,1,0,0,0,0,1,0,0,0,1,1,0,0,0,0,0,0,0,0,0,0,0,0,0,0,0,0,0,0,0,0,0,0,0,0,0,0,0,0,0,0,0
Clarksville Police,2019-07-01,Indiana,21630,IN01002,breakdown offenses,normal return,normal return,normal return,normal return,normal return,breakdown offenses,breakdown offenses,breakdown offenses,0,0,0,0,0,1,1,0,1,1,0,0,0,32,0,1,0,9,22,8,4,4,0,90,8,6,1,1,140,0,10,12,106,118,0,0,0,0,0,0,0,0,0,0,15,0,1,0,3,11,1,0,1,0,46,1,1,0,0,63,0,4,4,48,52,0,0,0,0,0,0,0,0,0,0,0,0,0,0,0,0,0,0,0,0,1,0,0,0,0,1,0,0,0,1,1,0,0,0,0,0,0,0,0,0,0,0,0,0,0,0,0,0,0,0,0,0,0,0,0,0,0,0,0,0,0,0
Clarksville Police,2019-06-01,Indiana,21630,IN01002,breakdown offenses,normal return,normal return,normal return,normal return,normal return,breakdown offenses,breakdown offenses,breakdown offenses,0,0,0,0,0,0,0,0,2,0,0,0,2,28,4,2,0,7,15,13,5,6,2,90,7,6,1,0,140,0,13,15,110,125,0,0,0,0,0,1,0,0,0,1,8,2,2,0,2,2,0,0,0,0,42,0,0,0,0,51,0,6,7,42,49,0,0,0,0,0,0,0,0,0,0,1,0,0,0,1,0,0,0,0,0,3,0,0,0,0,4,0,1,1,3,4,0,0,0,0,0,0,0,0,0,0,0,0,0,0,0,0,0,0,0,0,0,0,0,0,0,0,0,0,0,0,0
Clarksville Police,2019-06-01,Indiana,21630,IN01002,breakdown offenses,normal return,normal return,normal return,normal return,normal return,breakdown offenses,breakdown offenses,breakdown offenses,0,0,0,0,0,0,0,0,2,0,0,0,2,28,4,2,0,7,15,13,5,6,2,90,7,6,1,0,140,0,13,15,110,125,0,0,0,0,0,1,0,0,0,1,8,2,2,0,2,2,0,0,0,0,42,0,0,0,0,51,0,6,7,42,49,0,0,0,0,0,0,0,0,0,0,1,0,0,0,1,0,0,0,0,0,3,0,0,0,0,4,0,1,1,3,4,0,0,0,0,0,0,0,0,0,0,0,0,0,0,0,0,0,0,0,0,0,0,0,0,0,0,0,0,0,0,0
Clarksville Police,2019-05-01,Indiana,21630,IN01002,breakdown offenses,normal return,normal return,normal return,normal return,normal return,breakdown offenses,breakdown offenses,breakdown offenses,0,0,0,0,0,0,0,0,0,0,0,0,0,27,0,0,2,12,13,11,8,3,0,116,3,3,0,0,157,0,14,14,130,144,0,0,0,0,0,0,0,0,0,0,13,0,0,1,7,5,2,2,0,0,67,0,0,0,0,82,0,8,8,69,77,0,0,0,0,0,0,0,0,0,0,3,0,0,0,1,2,0,0,0,0,4,0,0,0,0,7,0,1,1,4,5,0,0,0,0,0,0,0,0,0,0,0,0,0,0,0,0,0,0,0,0,0,0,0,0,0,0,0,0,0,0,0
Clarksville Police,2019-05-01,Indiana,21630,IN01002,breakdown offenses,normal return,normal return,normal return,normal return,normal return,breakdown offenses,breakdown offenses,breakdown offenses,0,0,0,0,0,0,0,0,0,0,0,0,0,27,0,0,2,12,13,11,8,3,0,116,3,3,0,0,157,0,14,14,130,144,0,0,0,0,0,0,0,0,0,0,13,0,0,1,7,5,2,2,0,0,67,0,0,0,0,82,0,8,8,69,77,0,0,0,0,0,0,0,0,0,0,3,0,0,0,1,2,0,0,0,0,4,0,0,0,0,7,0,1,1,4,5,0,0,0,0,0,0,0,0,0,0,0,0,0,0,0,0,0,0,0,0,0,0,0,0,0,0,0,0,0,0,0
Clarksville Police,2019-04-01,Indiana,21630,IN01002,breakdown offenses,normal return,normal return,normal return,normal return,normal return,breakdown offenses,breakdown offenses,breakdown offenses,0,0,0,0,0,0,0,0,0,0,0,0,0,20,1,0,2,4,13,8,6,2,0,93,8,1,1,6,129,0,7,7,109,116,0,0,0,0,0,0,0,0,0,0,7,0,0,2,2,3,0,0,0,0,49,0,0,0,0,56,0,4,4,49,53,0,0,0,0,0,0,0,0,0,0,2,0,0,0,1,1,0,0,0,0,2,0,0,0,0,4,0,1,1,2,3,0,0,0,0,0,0,0,0,0,0,0,0,0,0,0,0,0,0,0,0,0,0,0,0,0,0,0,0,0,0,0
Clarksville Police,2019-04-01,Indiana,21630,IN01002,breakdown offenses,normal return,normal return,normal return,normal return,normal return,breakdown offenses,breakdown offenses,breakdown offenses,0,0,0,0,0,0,0,0,0,0,0,0,0,20,1,0,2,4,13,8,6,2,0,93,8,1,1,6,129,0,7,7,109,116,0,0,0,0,0,0,0,0,0,0,7,0,0,2,2,3,0,0,0,0,49,0,0,0,0,56,0,4,4,49,53,0,0,0,0,0,0,0,0,0,0,2,0,0,0,1,1,0,0,0,0,2,0,0,0,0,4,0,1,1,2,3,0,0,0,0,0,0,0,0,0,0,0,0,0,0,0,0,0,0,0,0,0,0,0,0,0,0,0,0,0,0,0
Clarksville Police,2019-03-01,Indiana,21630,IN01002,breakdown offenses,normal return,normal return,normal return,normal return,normal return,breakdown offenses,breakdown offenses,breakdown offenses,0,0,0,0,0,0,0,0,2,0,1,0,1,25,1,0,0,9,15,1,0,1,0,96,7,6,1,0,131,0,10,12,104,116,0,0,0,0,0,1,0,1,0,0,12,0,0,0,5,7,0,0,0,0,61,1,0,1,0,75,0,5,6,62,68,0,0,0,0,0,0,0,0,0,0,1,0,0,0,0,1,0,0,0,0,0,0,0,0,0,1,0,0,0,0,0,0,0,0,0,0,0,0,0,0,0,0,0,0,0,0,0,0,0,0,0,0,0,0,0,0,0,0,0,0,0,0
Clarksville Police,2019-03-01,Indiana,21630,IN01002,breakdown offenses,normal return,normal return,normal return,normal return,normal return,breakdown offenses,breakdown offenses,breakdown offenses,0,0,0,0,0,0,0,0,2,0,1,0,1,25,1,0,0,9,15,1,0,1,0,96,7,6,1,0,131,0,10,12,104,116,0,0,0,0,0,1,0,1,0,0,12,0,0,0,5,7,0,0,0,0,61,1,0,1,0,75,0,5,6,62,68,0,0,0,0,0,0,0,0,0,0,1,0,0,0,0,1,0,0,0,0,0,0,0,0,0,1,0,0,0,0,0,0,0,0,0,0,0,0,0,0,0,0,0,0,0,0,0,0,0,0,0,0,0,0,0,0,0,0,0,0,0,0
Clarksville Police,2019-02-01,Indiana,21630,IN01002,breakdown offenses,normal return,normal return,normal return,normal return,normal return,breakdown offenses,breakdown offenses,breakdown offenses,0,0,0,0,0,0,0,0,0,0,0,0,0,15,1,0,1,3,10,4,1,3,0,97,4,2,2,0,120,0,5,5,105,110,0,0,0,0,0,0,0,0,0,0,9,1,0,1,0,7,1,0,1,0,49,0,0,0,0,59,0,2,2,50,52,0,0,0,0,0,0,0,0,0,0,1,0,0,0,0,1,0,0,0,0,1,0,0,0,0,2,0,0,0,1,1,0,0,0,0,0,0,0,0,0,0,0,0,0,0,0,0,0,0,0,0,0,0,0,0,0,0,0,0,0,0,0
Clarksville Police,2019-02-01,Indiana,21630,IN01002,breakdown offenses,normal return,normal return,normal return,normal return,normal return,breakdown offenses,breakdown offenses,breakdown offenses,0,0,0,0,0,0,0,0,0,0,0,0,0,15,1,0,1,3,10,4,1,3,0,97,4,2,2,0,120,0,5,5,105,110,0,0,0,0,0,0,0,0,0,0,9,1,0,1,0,7,1,0,1,0,49,0,0,0,0,59,0,2,2,50,52,0,0,0,0,0,0,0,0,0,0,1,0,0,0,0,1,0,0,0,0,1,0,0,0,0,2,0,0,0,1,1,0,0,0,0,0,0,0,0,0,0,0,0,0,0,0,0,0,0,0,0,0,0,0,0,0,0,0,0,0,0,0
Clarksville Police,2019-01-01,Indiana,21630,IN01002,breakdown offenses,normal return,normal return,normal return,normal return,normal return,breakdown offenses,breakdown offenses,breakdown offenses,0,0,0,0,0,0,0,0,0,0,0,0,0,14,1,0,1,5,7,5,2,2,1,89,9,5,1,3,117,0,7,7,103,110,0,0,0,0,0,0,0,0,0,0,5,1,0,1,1,2,0,0,0,0,49,0,0,0,0,54,0,3,3,49,52,0,0,0,0,0,0,0,0,0,0,0,0,0,0,0,0,0,0,0,0,3,0,0,0,0,3,0,0,0,3,3,0,0,0,0,0,0,0,0,0,0,0,0,0,0,0,0,0,0,0,0,0,0,0,0,0,0,0,0,0,0,0
Clarksville Police,2019-01-01,Indiana,21630,IN01002,breakdown offenses,normal return,normal return,normal return,normal return,normal return,breakdown offenses,breakdown offenses,breakdown offenses,0,0,0,0,0,0,0,0,0,0,0,0,0,14,1,0,1,5,7,5,2,2,1,89,9,5,1,3,117,0,7,7,103,110,0,0,0,0,0,0,0,0,0,0,5,1,0,1,1,2,0,0,0,0,49,0,0,0,0,54,0,3,3,49,52,0,0,0,0,0,0,0,0,0,0,0,0,0,0,0,0,0,0,0,0,3,0,0,0,0,3,0,0,0,3,3,0,0,0,0,0,0,0,0,0,0,0,0,0,0,0,0,0,0,0,0,0,0,0,0,0,0,0,0,0,0,0
Clarksville Police,2018-12-01,Indiana,21713,IN01002,breakdown offenses,normal return,normal return,normal return,normal return,normal return,breakdown offenses,breakdown offenses,breakdown offenses,0,0,0,0,0,1,1,0,0,0,0,0,0,17,1,1,2,4,9,6,3,3,0,93,12,9,0,3,129,0,8,9,111,120,0,0,0,0,0,0,0,0,0,0,10,0,1,1,3,5,0,0,0,0,46,0,0,0,0,56,0,5,5,46,51,0,0,0,0,0,0,0,0,0,0,0,0,0,0,0,0,0,0,0,0,3,0,0,0,0,3,0,0,0,3,3,0,0,0,0,0,0,0,0,0,0,0,0,0,0,0,0,0,0,0,0,0,0,0,0,0,0,0,0,0,0,0
Clarksville Police,2018-12-01,Indiana,21713,IN01002,breakdown offenses,normal return,normal return,normal return,normal return,normal return,breakdown offenses,breakdown offenses,breakdown offenses,0,0,0,0,0,1,1,0,0,0,0,0,0,17,1,1,2,4,9,6,3,3,0,93,12,9,0,3,129,0,8,9,111,120,0,0,0,0,0,0,0,0,0,0,10,0,1,1,3,5,0,0,0,0,46,0,0,0,0,56,0,5,5,46,51,0,0,0,0,0,0,0,0,0,0,0,0,0,0,0,0,0,0,0,0,3,0,0,0,0,3,0,0,0,3,3,0,0,0,0,0,0,0,0,0,0,0,0,0,0,0,0,0,0,0,0,0,0,0,0,0,0,0,0,0,0,0
Clarksville Police,2018-11-01,Indiana,21713,IN01002,breakdown offenses,normal return,normal return,normal return,normal return,normal return,breakdown offenses,breakdown offenses,breakdown offenses,0,0,0,0,0,0,0,0,0,0,0,0,0,24,1,0,1,11,11,3,2,1,0,82,7,4,2,1,116,0,13,13,92,105,0,0,0,0,0,0,0,0,0,0,10,0,0,0,5,5,0,0,0,0,35,1,1,0,0,46,0,5,5,36,41,0,0,0,0,0,0,0,0,0,0,1,0,0,0,1,0,0,0,0,0,4,0,0,0,0,5,0,1,1,4,5,0,0,0,0,0,0,0,0,0,0,0,0,0,0,0,0,0,0,0,0,0,0,0,0,0,0,0,0,0,0,0
Clarksville Police,2018-11-01,Indiana,21713,IN01002,breakdown offenses,normal return,normal return,normal return,normal return,normal return,breakdown offenses,breakdown offenses,breakdown offenses,0,0,0,0,0,0,0,0,0,0,0,0,0,24,1,0,1,11,11,3,2,1,0,82,7,4,2,1,116,0,13,13,92,105,0,0,0,0,0,0,0,0,0,0,10,0,0,0,5,5,0,0,0,0,35,1,1,0,0,46,0,5,5,36,41,0,0,0,0,0,0,0,0,0,0,1,0,0,0,1,0,0,0,0,0,4,0,0,0,0,5,0,1,1,4,5,0,0,0,0,0,0,0,0,0,0,0,0,0,0,0,0,0,0,0,0,0,0,0,0,0,0,0,0,0,0,0
Clarksville Police,2018-10-01,Indiana,21713,IN01002,breakdown offenses,normal return,normal return,normal return,normal return,normal return,breakdown offenses,breakdown offenses,breakdown offenses,0,0,0,0,0,0,0,0,1,0,0,0,1,23,0,0,2,10,11,6,3,3,0,89,11,6,3,2,130,0,12,13,106,119,0,0,0,0,0,0,0,0,0,0,7,0,0,0,2,5,0,0,0,0,33,0,0,0,0,40,0,2,2,33,35,0,0,0,0,0,0,0,0,0,0,3,0,0,0,0,3,0,0,0,0,2,0,0,0,0,5,0,0,0,2,2,0,0,0,0,0,0,0,0,0,0,0,0,0,0,0,0,0,0,0,0,0,0,0,0,0,0,0,0,0,0,0
Clarksville Police,2018-10-01,Indiana,21713,IN01002,breakdown offenses,normal return,normal return,normal return,normal return,normal return,breakdown offenses,breakdown offenses,breakdown offenses,0,0,0,0,0,0,0,0,1,0,0,0,1,23,0,0,2,10,11,6,3,3,0,89,11,6,3,2,130,0,12,13,106,119,0,0,0,0,0,0,0,0,0,0,7,0,0,0,2,5,0,0,0,0,33,0,0,0,0,40,0,2,2,33,35,0,0,0,0,0,0,0,0,0,0,3,0,0,0,0,3,0,0,0,0,2,0,0,0,0,5,0,0,0,2,2,0,0,0,0,0,0,0,0,0,0,0,0,0,0,0,0,0,0,0,0,0,0,0,0,0,0,0,0,0,0,0
Clarksville Police,2018-09-01,Indiana,21713,IN01002,breakdown offenses,normal return,normal return,normal return,normal return,normal return,breakdown offenses,breakdown offenses,breakdown offenses,0,0,0,0,0,1,0,1,0,0,0,0,0,24,0,0,1,9,14,5,4,1,0,87,6,2,1,3,123,0,10,11,98,109,0,0,0,0,0,0,0,0,0,0,11,0,0,1,3,7,0,0,0,0,40,1,0,0,1,52,0,4,4,41,45,0,0,0,0,0,0,0,0,0,0,1,0,0,0,0,1,0,0,0,0,3,0,0,0,0,4,0,0,0,3,3,0,0,0,0,0,0,0,0,0,0,0,0,0,0,0,0,0,0,0,0,0,0,0,0,0,0,0,0,0,0,0
Clarksville Police,2018-09-01,Indiana,21713,IN01002,breakdown offenses,normal return,normal return,normal return,normal return,normal return,breakdown offenses,breakdown offenses,breakdown offenses,0,0,0,0,0,1,0,1,0,0,0,0,0,24,0,0,1,9,14,5,4,1,0,87,6,2,1,3,123,0,10,11,98,109,0,0,0,0,0,0,0,0,0,0,11,0,0,1,3,7,0,0,0,0,40,1,0,0,1,52,0,4,4,41,45,0,0,0,0,0,0,0,0,0,0,1,0,0,0,0,1,0,0,0,0,3,0,0,0,0,4,0,0,0,3,3,0,0,0,0,0,0,0,0,0,0,0,0,0,0,0,0,0,0,0,0,0,0,0,0,0,0,0,0,0,0,0
Clarksville Police,2018-08-01,Indiana,21713,IN01002,breakdown offenses,normal return,normal return,normal return,normal return,normal return,breakdown offenses,breakdown offenses,breakdown offenses,0,0,0,0,0,0,0,0,1,1,0,0,0,20,0,0,1,3,16,7,4,2,1,115,7,5,1,1,150,0,4,5,129,134,0,0,0,0,0,0,0,0,0,0,10,0,0,1,2,7,1,0,1,0,45,0,0,0,0,56,0,3,3,46,49,0,0,0,0,0,0,0,0,0,0,1,0,0,0,0,1,0,0,0,0,1,0,0,0,0,2,0,0,0,1,1,0,0,0,0,0,0,0,0,0,0,0,0,0,0,0,0,0,0,0,0,0,0,0,0,0,0,0,0,0,0,0
Clarksville Police,2018-08-01,Indiana,21713,IN01002,breakdown offenses,normal return,normal return,normal return,normal return,normal return,breakdown offenses,breakdown offenses,breakdown offenses,0,0,0,0,0,0,0,0,1,1,0,0,0,20,0,0,1,3,16,7,4,2,1,115,7,5,1,1,150,0,4,5,129,134,0,0,0,0,0,0,0,0,0,0,10,0,0,1,2,7,1,0,1,0,45,0,0,0,0,56,0,3,3,46,49,0,0,0,0,0,0,0,0,0,0,1,0,0,0,0,1,0,0,0,0,1,0,0,0,0,2,0,0,0,1,1,0,0,0,0,0,0,0,0,0,0,0,0,0,0,0,0,0,0,0,0,0,0,0,0,0,0,0,0,0,0,0
Clarksville Police,2018-07-01,Indiana,21713,IN01002,breakdown offenses,normal return,normal return,normal return,normal return,normal return,breakdown offenses,breakdown offenses,breakdown offenses,0,0,0,0,0,0,0,0,0,0,0,0,0,16,0,2,1,4,9,3,1,2,0,112,16,16,0,0,147,0,7,7,131,138,0,0,0,0,0,0,0,0,0,0,8,0,1,0,2,5,0,0,0,0,49,1,1,0,0,58,0,3,3,50,53,0,0,0,0,0,0,0,0,0,0,0,0,0,0,0,0,0,0,0,0,1,0,0,0,0,1,0,0,0,1,1,0,0,0,0,0,0,0,0,0,0,0,0,0,0,0,0,0,0,0,0,0,0,0,0,0,0,0,0,0,0,0
Clarksville Police,2018-07-01,Indiana,21713,IN01002,breakdown offenses,normal return,normal return,normal return,normal return,normal return,breakdown offenses,breakdown offenses,breakdown offenses,0,0,0,0,0,0,0,0,0,0,0,0,0,16,0,2,1,4,9,3,1,2,0,112,16,16,0,0,147,0,7,7,131,138,0,0,0,0,0,0,0,0,0,0,8,0,1,0,2,5,0,0,0,0,49,1,1,0,0,58,0,3,3,50,53,0,0,0,0,0,0,0,0,0,0,0,0,0,0,0,0,0,0,0,0,1,0,0,0,0,1,0,0,0,1,1,0,0,0,0,0,0,0,0,0,0,0,0,0,0,0,0,0,0,0,0,0,0,0,0,0,0,0,0,0,0,0
Clarksville Police,2018-06-01,Indiana,21713,IN01002,breakdown offenses,normal return,normal return,normal return,normal return,normal return,breakdown offenses,breakdown offenses,breakdown offenses,0,0,0,0,0,2,0,2,0,0,0,0,0,31,1,0,0,11,19,6,4,2,0,103,12,7,3,2,154,0,12,14,121,135,0,0,1,0,1,0,0,0,0,0,15,0,0,0,6,9,0,0,0,0,38,0,0,0,0,54,0,6,7,38,45,0,0,0,0,0,0,0,0,0,0,2,0,0,0,0,2,0,0,0,0,3,0,0,0,0,5,0,0,0,3,3,0,0,0,0,0,0,0,0,0,0,0,0,0,0,0,0,0,0,0,0,0,0,0,0,0,0,0,0,0,0,0
Clarksville Police,2018-06-01,Indiana,21713,IN01002,breakdown offenses,normal return,normal return,normal return,normal return,normal return,breakdown offenses,breakdown offenses,breakdown offenses,0,0,0,0,0,2,0,2,0,0,0,0,0,31,1,0,0,11,19,6,4,2,0,103,12,7,3,2,154,0,12,14,121,135,0,0,1,0,1,0,0,0,0,0,15,0,0,0,6,9,0,0,0,0,38,0,0,0,0,54,0,6,7,38,45,0,0,0,0,0,0,0,0,0,0,2,0,0,0,0,2,0,0,0,0,3,0,0,0,0,5,0,0,0,3,3,0,0,0,0,0,0,0,0,0,0,0,0,0,0,0,0,0,0,0,0,0,0,0,0,0,0,0,0,0,0,0
Clarksville Police,2018-05-01,Indiana,21713,IN01002,breakdown offenses,normal return,normal return,normal return,normal return,normal return,breakdown offenses,breakdown offenses,breakdown offenses,0,0,0,0,0,0,0,0,1,0,0,1,0,23,1,0,2,5,15,6,5,1,0,98,8,6,0,2,136,0,8,9,112,121,0,0,0,0,0,0,0,0,0,0,13,1,0,1,4,7,1,1,0,0,43,2,2,0,0,59,0,6,6,46,52,0,0,0,0,0,0,0,0,0,0,2,0,0,0,1,1,0,0,0,0,1,0,0,0,0,3,0,1,1,1,2,0,0,0,0,0,0,0,0,0,0,0,0,0,0,0,0,0,0,0,0,0,0,0,0,0,0,0,0,0,0,0
Clarksville Police,2018-05-01,Indiana,21713,IN01002,breakdown offenses,normal return,normal return,normal return,normal return,normal return,breakdown offenses,breakdown offenses,breakdown offenses,0,0,0,0,0,0,0,0,1,0,0,1,0,23,1,0,2,5,15,6,5,1,0,98,8,6,0,2,136,0,8,9,112,121,0,0,0,0,0,0,0,0,0,0,13,1,0,1,4,7,1,1,0,0,43,2,2,0,0,59,0,6,6,46,52,0,0,0,0,0,0,0,0,0,0,2,0,0,0,1,1,0,0,0,0,1,0,0,0,0,3,0,1,1,1,2,0,0,0,0,0,0,0,0,0,0,0,0,0,0,0,0,0,0,0,0,0,0,0,0,0,0,0,0,0,0,0
Clarksville Police,2018-04-01,Indiana,21713,IN01002,breakdown offenses,,,,,,breakdown offenses,breakdown offenses,breakdown offenses,0,0,0,0,0,0,0,0,0,0,0,0,0,0,0,0,0,0,0,0,0,0,0,0,0,0,0,0,0,0,0,0,0,0,0,0,0,0,0,0,0,0,0,0,0,0,0,0,0,0,0,0,0,0,0,0,0,0,0,0,0,0,0,0,0,0,0,0,0,0,0,0,0,0,0,0,0,0,0,0,0,0,0,0,0,0,0,0,0,0,0,0,0,0,0,0,0,0,0,0,0,0,0,0,0,0,0,0,0,0,0,0,0,0,0,0,0,0,0,0,0,0,0,0,0,0,0
Clarksville Police,2018-04-01,Indiana,21713,IN01002,breakdown offenses,,,,,,breakdown offenses,breakdown offenses,breakdown offenses,0,0,0,0,0,0,0,0,0,0,0,0,0,0,0,0,0,0,0,0,0,0,0,0,0,0,0,0,0,0,0,0,0,0,0,0,0,0,0,0,0,0,0,0,0,0,0,0,0,0,0,0,0,0,0,0,0,0,0,0,0,0,0,0,0,0,0,0,0,0,0,0,0,0,0,0,0,0,0,0,0,0,0,0,0,0,0,0,0,0,0,0,0,0,0,0,0,0,0,0,0,0,0,0,0,0,0,0,0,0,0,0,0,0,0,0,0,0,0,0,0,0,0,0,0,0,0
Clarksville Police,2018-03-01,Indiana,21713,IN01002,breakdown offenses,,,,,,breakdown offenses,breakdown offenses,breakdown offenses,0,0,0,0,0,0,0,0,0,0,0,0,0,0,0,0,0,0,0,0,0,0,0,0,0,0,0,0,0,0,0,0,0,0,0,0,0,0,0,0,0,0,0,0,0,0,0,0,0,0,0,0,0,0,0,0,0,0,0,0,0,0,0,0,0,0,0,0,0,0,0,0,0,0,0,0,0,0,0,0,0,0,0,0,0,0,0,0,0,0,0,0,0,0,0,0,0,0,0,0,0,0,0,0,0,0,0,0,0,0,0,0,0,0,0,0,0,0,0,0,0,0,0,0,0,0,0
Clarksville Police,2018-03-01,Indiana,21713,IN01002,breakdown offenses,,,,,,breakdown offenses,breakdown offenses,breakdown offenses,0,0,0,0,0,0,0,0,0,0,0,0,0,0,0,0,0,0,0,0,0,0,0,0,0,0,0,0,0,0,0,0,0,0,0,0,0,0,0,0,0,0,0,0,0,0,0,0,0,0,0,0,0,0,0,0,0,0,0,0,0,0,0,0,0,0,0,0,0,0,0,0,0,0,0,0,0,0,0,0,0,0,0,0,0,0,0,0,0,0,0,0,0,0,0,0,0,0,0,0,0,0,0,0,0,0,0,0,0,0,0,0,0,0,0,0,0,0,0,0,0,0,0,0,0,0,0
Clarksville Police,2018-02-01,Indiana,21713,IN01002,breakdown offenses,normal return,normal return,normal return,normal return,normal return,breakdown offenses,breakdown offenses,breakdown offenses,0,0,0,0,0,1,1,0,1,0,1,0,0,15,0,1,0,3,11,2,2,0,0,90,6,6,0,0,115,0,4,6,98,104,0,0,0,0,0,1,0,1,0,0,7,0,1,0,2,4,0,0,0,0,36,1,1,0,0,45,0,3,4,37,41,0,0,0,0,0,0,0,0,0,0,1,0,0,0,0,1,0,0,0,0,4,0,0,0,0,5,0,0,0,4,4,0,0,0,0,0,0,0,0,0,0,0,0,0,0,0,0,0,0,0,0,0,0,0,0,0,0,0,0,0,0,0
Clarksville Police,2018-02-01,Indiana,21713,IN01002,breakdown offenses,normal return,normal return,normal return,normal return,normal return,breakdown offenses,breakdown offenses,breakdown offenses,0,0,0,0,0,1,1,0,1,0,1,0,0,15,0,1,0,3,11,2,2,0,0,90,6,6,0,0,115,0,4,6,98,104,0,0,0,0,0,1,0,1,0,0,7,0,1,0,2,4,0,0,0,0,36,1,1,0,0,45,0,3,4,37,41,0,0,0,0,0,0,0,0,0,0,1,0,0,0,0,1,0,0,0,0,4,0,0,0,0,5,0,0,0,4,4,0,0,0,0,0,0,0,0,0,0,0,0,0,0,0,0,0,0,0,0,0,0,0,0,0,0,0,0,0,0,0
Clarksville Police,2018-01-01,Indiana,21713,IN01002,breakdown offenses,normal return,normal return,normal return,normal return,normal return,breakdown offenses,breakdown offenses,breakdown offenses,0,0,0,0,0,0,0,0,1,0,1,0,0,18,0,0,1,3,14,4,4,0,0,70,16,14,0,2,109,0,4,5,90,95,0,0,0,0,0,0,0,0,0,0,10,0,1,0,2,7,0,0,0,0,32,4,4,0,0,46,0,3,3,36,39,0,0,0,0,0,0,0,0,0,0,2,0,0,0,0,2,0,0,0,0,1,0,0,0,0,3,0,0,0,1,1,0,0,0,0,0,0,0,0,0,0,1,0,0,0,0,1,0,0,0,0,0,0,0,0,0,1,0,0,0,0,0
Clarksville Police,2018-01-01,Indiana,21713,IN01002,breakdown offenses,normal return,normal return,normal return,normal return,normal return,breakdown offenses,breakdown offenses,breakdown offenses,0,0,0,0,0,0,0,0,1,0,1,0,0,18,0,0,1,3,14,4,4,0,0,70,16,14,0,2,109,0,4,5,90,95,0,0,0,0,0,0,0,0,0,0,10,0,1,0,2,7,0,0,0,0,32,4,4,0,0,46,0,3,3,36,39,0,0,0,0,0,0,0,0,0,0,2,0,0,0,0,2,0,0,0,0,1,0,0,0,0,3,0,0,0,1,1,0,0,0,0,0,0,0,0,0,0,1,0,0,0,0,1,0,0,0,0,0,0,0,0,0,1,0,0,0,0,0
Clarksville Police,2017-12-01,Indiana,21948,IN01002,breakdown offenses,normal return,normal return,normal return,normal return,normal return,breakdown offenses,breakdown offenses,breakdown offenses,0,0,0,0,0,1,1,0,3,2,0,0,1,22,0,1,0,11,10,6,3,3,0,84,14,13,1,0,130,0,12,16,104,120,0,0,0,0,0,1,0,0,0,1,10,0,0,0,7,3,0,0,0,0,41,1,1,0,0,53,0,7,8,42,50,0,0,0,0,0,1,0,0,0,1,1,0,0,0,1,0,0,0,0,0,4,0,0,0,0,6,0,1,2,4,6,0,0,0,0,0,0,0,0,0,0,0,0,0,0,0,0,0,0,0,0,0,0,0,0,0,0,0,0,0,0,0
Clarksville Police,2017-11-01,Indiana,21948,IN01002,breakdown offenses,normal return,normal return,normal return,normal return,normal return,breakdown offenses,breakdown offenses,breakdown offenses,0,0,0,0,0,0,0,0,1,0,0,0,1,22,1,0,1,7,13,4,2,1,1,85,17,8,1,8,129,0,9,10,106,116,0,0,0,0,0,1,0,0,0,1,9,0,0,0,2,7,0,0,0,0,42,2,2,0,0,54,0,2,3,44,47,0,0,0,0,0,0,0,0,0,0,3,0,0,0,1,2,0,0,0,0,0,0,0,0,0,3,0,1,1,0,1,0,0,0,0,0,0,0,0,0,0,0,0,0,0,0,0,0,0,0,0,0,0,0,0,0,0,0,0,0,0,0
Clarksville Police,2017-10-01,Indiana,21948,IN01002,breakdown offenses,normal return,normal return,normal return,normal return,normal return,breakdown offenses,breakdown offenses,breakdown offenses,0,0,0,0,0,0,0,0,1,0,0,0,1,22,0,2,1,8,11,3,1,1,1,52,7,5,0,2,85,0,11,12,62,74,0,0,0,0,0,0,0,0,0,0,12,0,2,0,4,6,1,1,0,0,21,0,0,0,0,34,0,6,6,22,28,0,0,0,0,0,0,0,0,0,0,2,0,1,0,1,0,1,1,0,0,1,0,0,0,0,4,0,2,2,2,4,0,0,0,0,0,0,0,0,0,0,0,0,0,0,0,0,0,0,0,0,0,0,0,0,0,0,0,0,0,0,0
Clarksville Police,2017-09-01,Indiana,21948,IN01002,breakdown offenses,normal return,normal return,normal return,normal return,normal return,breakdown offenses,breakdown offenses,breakdown offenses,0,0,0,0,0,0,0,0,2,0,1,1,0,18,0,1,0,8,9,4,3,1,0,66,10,8,1,1,100,0,9,11,80,91,0,0,0,0,0,2,0,1,1,0,15,0,0,0,8,7,1,1,0,0,31,2,2,0,0,51,0,8,10,34,44,0,0,0,0,0,1,0,0,1,0,2,0,0,0,1,1,0,0,0,0,3,0,0,0,0,6,0,1,2,3,5,0,0,0,0,0,0,0,0,0,0,0,0,0,0,0,0,0,0,0,0,0,0,0,0,0,0,0,0,0,0,0
Clarksville Police,2017-08-01,Indiana,21948,IN01002,breakdown offenses,normal return,normal return,normal return,normal return,normal return,breakdown offenses,breakdown offenses,breakdown offenses,0,0,0,0,0,0,0,0,0,0,0,0,0,24,0,0,1,4,19,4,2,2,0,92,10,8,0,2,130,0,5,5,106,111,0,0,0,0,0,0,0,0,0,0,14,0,0,1,2,11,0,0,0,0,37,0,0,0,0,51,0,3,3,37,40,0,0,0,0,0,0,0,0,0,0,4,0,0,1,0,3,0,0,0,0,6,0,0,0,0,10,0,1,1,6,7,0,0,0,0,0,0,0,0,0,0,0,0,0,0,0,0,0,0,0,0,0,0,0,0,0,0,0,0,0,0,0
Clarksville Police,2017-07-01,Indiana,21948,IN01002,breakdown offenses,normal return,normal return,normal return,normal return,normal return,breakdown offenses,breakdown offenses,breakdown offenses,0,0,0,0,0,1,0,1,1,0,0,0,1,28,0,1,0,6,21,13,4,8,1,101,8,8,0,0,152,0,7,9,122,131,0,0,0,0,0,1,0,0,0,1,19,0,0,0,4,15,3,2,1,0,47,3,3,0,0,73,0,4,5,53,58,0,0,0,0,0,0,0,0,0,0,0,0,0,0,0,0,0,0,0,0,5,0,0,0,0,5,0,0,0,5,5,0,0,0,0,0,0,0,0,0,0,0,0,0,0,0,0,0,0,0,0,0,0,0,0,0,0,0,0,0,0,0
Clarksville Police,2017-06-01,Indiana,21948,IN01002,breakdown offenses,normal return,normal return,normal return,normal return,normal return,breakdown offenses,breakdown offenses,breakdown offenses,0,0,0,0,0,0,0,0,2,0,0,0,2,20,0,1,0,4,15,4,1,3,0,79,10,8,0,2,115,0,5,7,93,100,0,0,0,0,0,1,0,0,0,1,15,0,0,0,3,12,1,0,1,0,39,3,3,0,0,59,0,3,4,43,47,0,0,0,0,0,0,0,0,0,0,0,0,0,0,0,0,0,0,0,0,3,0,0,0,0,3,0,0,0,3,3,0,0,0,0,0,0,0,0,0,0,0,0,0,0,0,0,0,0,0,0,0,0,0,0,0,0,0,0,0,0,0
Clarksville Police,2017-05-01,Indiana,21948,IN01002,breakdown offenses,normal return,normal return,normal return,normal return,normal return,breakdown offenses,breakdown offenses,breakdown offenses,0,0,0,0,0,0,0,0,0,0,0,0,0,41,0,1,2,10,28,9,5,4,0,98,7,6,0,1,155,0,13,13,114,127,0,0,0,0,0,0,0,0,0,0,26,0,1,2,6,17,1,0,1,0,48,0,0,0,0,75,0,9,9,49,58,0,0,0,0,0,0,0,0,0,0,5,0,0,0,2,3,0,0,0,0,4,0,0,0,0,9,0,2,2,4,6,0,0,0,0,0,0,0,0,0,0,0,0,0,0,0,0,0,0,0,0,0,0,0,0,0,0,0,0,0,0,0
Clarksville Police,2017-04-01,Indiana,21948,IN01002,breakdown offenses,normal return,normal return,normal return,normal return,normal return,breakdown offenses,breakdown offenses,breakdown offenses,0,0,0,0,0,0,0,0,0,0,0,0,0,21,0,0,0,4,17,4,1,3,0,90,9,8,0,1,124,0,4,4,103,107,0,0,0,0,0,0,0,0,0,0,14,0,0,0,3,11,0,0,0,0,50,0,0,0,0,64,0,3,3,50,53,0,0,0,0,0,0,0,0,0,0,2,0,0,0,0,2,0,0,0,0,2,0,0,0,0,4,0,0,0,2,2,0,0,0,0,0,0,0,0,0,0,0,0,0,0,0,0,0,0,0,0,0,0,0,0,0,0,0,0,0,0,0
Clarksville Police,2017-03-01,Indiana,21948,IN01002,breakdown offenses,normal return,normal return,normal return,normal return,normal return,breakdown offenses,breakdown offenses,breakdown offenses,0,0,0,0,0,0,0,0,2,1,0,0,1,27,0,0,0,3,24,3,1,2,0,88,16,15,1,0,136,0,3,5,107,112,0,0,0,0,0,1,0,0,0,1,17,0,0,0,2,15,0,0,0,0,55,3,3,0,0,76,0,2,3,58,61,0,0,0,0,0,0,0,0,0,0,2,0,0,0,1,1,0,0,0,0,4,0,0,0,0,6,0,1,1,4,5,0,0,0,0,0,0,0,0,0,0,0,0,0,0,0,0,0,0,0,0,0,0,0,0,0,0,0,0,0,0,0
Clarksville Police,2017-02-01,Indiana,21948,IN01002,breakdown offenses,normal return,normal return,normal return,normal return,normal return,breakdown offenses,breakdown offenses,breakdown offenses,0,0,0,0,0,1,0,1,3,1,1,0,1,27,0,0,0,3,24,6,2,4,0,93,2,2,0,0,132,0,3,7,101,108,0,0,0,0,0,2,0,1,0,1,20,0,0,0,3,17,1,1,0,0,46,0,0,0,0,69,0,3,5,47,52,0,0,0,0,0,0,0,0,0,0,1,0,0,0,0,1,0,0,0,0,5,0,0,0,0,6,0,0,0,5,5,0,0,0,0,0,0,0,0,0,0,0,0,0,0,0,0,0,0,0,0,0,0,0,0,0,0,0,0,0,0,0
Clarksville Police,2017-01-01,Indiana,21948,IN01002,breakdown offenses,normal return,normal return,normal return,normal return,normal return,breakdown offenses,breakdown offenses,breakdown offenses,0,0,0,0,0,0,0,0,3,2,0,0,1,18,2,1,3,1,11,6,4,2,0,82,13,12,0,1,122,0,7,10,101,111,0,0,0,0,0,1,0,0,0,1,12,1,1,1,1,8,2,1,1,0,37,3,3,0,0,55,0,4,5,42,47,0,0,0,0,0,0,0,0,0,0,1,0,1,0,0,0,0,0,0,0,2,0,0,0,0,3,0,1,1,2,3,0,0,0,0,0,0,0,0,0,0,0,0,0,0,0,0,0,0,0,0,0,0,0,0,0,0,0,0,0,0,0
Clarksville Police,2016-12-01,Indiana,21888,IN01002,breakdown offenses,adjustment,adjustment,adjustment,adjustment,adjustment,breakdown offenses,breakdown offenses,breakdown offenses,0,0,0,0,0,0,0,0,1,1,0,0,0,23,3,0,0,4,16,3,1,2,0,91,9,9,0,0,127,0,7,8,103,111,0,0,0,0,0,0,0,0,0,0,15,1,0,0,3,11,1,0,1,0,40,4,4,0,0,60,0,4,4,45,49,0,0,0,0,0,0,0,0,0,0,0,0,0,0,0,0,0,0,0,0,4,0,0,0,0,4,0,0,0,4,4,0,0,0,0,0,0,0,0,0,0,0,0,0,0,0,0,0,0,0,0,0,0,0,0,0,0,0,0,0,0,0
Clarksville Police,2016-11-01,Indiana,21888,IN01002,breakdown offenses,adjustment,adjustment,adjustment,adjustment,adjustment,breakdown offenses,breakdown offenses,breakdown offenses,0,0,0,0,0,0,0,0,1,1,0,0,0,20,0,0,0,1,19,3,2,1,0,104,10,9,0,1,138,0,1,2,117,119,0,0,0,0,0,0,0,0,0,0,16,0,0,0,1,15,1,1,0,0,50,2,2,0,0,69,0,1,1,53,54,0,0,0,0,0,0,0,0,0,0,2,0,0,0,1,1,0,0,0,0,3,0,0,0,0,5,0,1,1,3,4,0,0,0,0,0,0,0,0,0,0,0,0,0,0,0,0,0,0,0,0,0,0,0,0,0,0,0,0,0,0,0
Clarksville Police,2016-10-01,Indiana,21888,IN01002,breakdown offenses,adjustment,adjustment,adjustment,adjustment,adjustment,breakdown offenses,breakdown offenses,breakdown offenses,0,0,0,0,0,0,0,0,2,1,0,0,1,25,2,2,1,3,17,8,4,4,0,94,13,13,0,0,142,0,8,10,115,125,0,0,0,0,0,0,0,0,0,0,18,0,2,1,3,12,2,1,1,0,42,3,3,0,0,65,0,6,6,47,53,0,0,0,0,0,0,0,0,0,0,2,0,0,1,0,1,0,0,0,0,0,0,0,0,0,2,0,1,1,0,1,0,0,0,0,0,0,0,0,0,0,0,0,0,0,0,0,0,0,0,0,0,0,0,0,0,0,0,0,0,0,0
Clarksville Police,2016-09-01,Indiana,21888,IN01002,breakdown offenses,adjustment,adjustment,adjustment,adjustment,adjustment,breakdown offenses,breakdown offenses,breakdown offenses,0,0,0,0,0,0,0,0,0,0,0,0,0,28,3,2,0,8,15,9,4,4,1,76,9,7,0,2,122,0,13,13,94,107,0,0,0,0,0,0,0,0,0,0,18,1,0,0,4,13,0,0,0,0,27,3,3,0,0,48,0,5,5,30,35,0,0,0,0,0,0,0,0,0,0,0,0,0,0,0,0,0,0,0,0,1,0,0,0,0,1,0,0,0,1,1,0,0,0,0,0,0,0,0,0,0,0,0,0,0,0,0,0,0,0,0,0,0,0,0,0,0,0,0,0,0,0
Clarksville Police,2016-08-01,Indiana,21888,IN01002,breakdown offenses,adjustment,adjustment,adjustment,adjustment,adjustment,breakdown offenses,breakdown offenses,breakdown offenses,0,0,0,0,0,1,0,1,1,1,0,0,0,38,1,1,2,15,19,6,4,2,0,104,16,14,0,2,166,0,19,21,126,147,0,0,1,0,1,1,1,0,0,0,22,0,0,1,8,13,1,1,0,0,38,2,2,0,0,65,0,9,11,41,52,0,0,0,0,0,1,1,0,0,0,1,0,0,0,0,1,0,0,0,0,2,1,1,0,0,5,0,0,1,3,4,0,0,0,0,0,0,0,0,0,0,0,0,0,0,0,0,0,0,0,0,0,0,0,0,0,0,0,0,0,0,0
Clarksville Police,2016-07-01,Indiana,21888,IN01002,breakdown offenses,adjustment,adjustment,adjustment,adjustment,adjustment,breakdown offenses,breakdown offenses,breakdown offenses,0,0,0,0,0,0,0,0,1,1,0,0,0,24,0,0,0,10,14,5,2,3,0,90,18,15,0,3,138,0,10,11,113,124,0,0,0,0,0,0,0,0,0,0,17,0,0,0,6,11,1,0,1,0,44,4,4,0,0,66,0,6,6,49,55,0,0,0,0,0,0,0,0,0,0,1,0,0,0,0,1,0,0,0,0,2,0,0,0,0,3,0,0,0,2,2,0,0,0,0,0,0,0,0,0,0,0,0,0,0,0,0,0,0,0,0,0,0,0,0,0,0,0,0,0,0,0
Clarksville Police,2016-06-01,Indiana,21888,IN01002,breakdown offenses,adjustment,adjustment,adjustment,adjustment,adjustment,breakdown offenses,breakdown offenses,breakdown offenses,0,0,0,0,0,0,0,0,0,0,0,0,0,29,2,0,1,7,19,3,2,1,0,102,7,6,0,1,141,0,10,10,112,122,0,0,0,0,0,0,0,0,0,0,18,1,0,1,4,12,0,0,0,0,52,3,2,0,1,73,0,6,6,55,61,0,0,0,0,0,0,0,0,0,0,3,0,0,0,0,3,0,0,0,0,5,0,0,0,0,8,0,0,0,5,5,0,0,0,0,0,0,0,0,0,0,0,0,0,0,0,0,0,0,0,0,0,0,0,0,0,0,0,0,0,0,0
Clarksville Police,2016-05-01,Indiana,21888,IN01002,breakdown offenses,adjustment,adjustment,adjustment,adjustment,adjustment,breakdown offenses,breakdown offenses,breakdown offenses,0,0,0,0,0,0,0,0,0,0,0,0,0,33,0,1,0,11,21,3,2,1,0,88,8,7,0,1,132,0,12,12,99,111,0,0,0,0,0,0,0,0,0,0,22,0,0,0,6,16,0,0,0,0,41,0,0,0,0,63,0,6,6,41,47,0,0,0,0,0,0,0,0,0,0,4,0,0,0,1,3,0,0,0,0,0,0,0,0,0,4,0,1,1,0,1,0,0,0,0,0,0,0,0,0,0,0,0,0,0,0,0,0,0,0,0,0,0,0,0,0,0,0,0,0,0,0
Clarksville Police,2016-04-01,Indiana,21888,IN01002,breakdown offenses,normal return,normal return,normal return,normal return,normal return,breakdown offenses,breakdown offenses,breakdown offenses,0,0,0,0,0,0,0,0,1,0,0,0,1,23,2,0,0,5,16,5,1,2,2,96,10,9,0,1,135,0,7,8,111,119,0,0,0,0,0,1,0,0,0,1,16,1,0,0,4,11,2,1,0,1,53,2,2,0,0,74,0,5,6,57,63,0,0,0,0,0,0,0,0,0,0,1,0,0,0,0,1,0,0,0,0,5,0,0,0,0,6,0,0,0,5,5,0,0,0,0,0,0,0,0,0,0,0,0,0,0,0,0,0,0,0,0,0,0,0,0,0,0,0,0,0,0,0
Clarksville Police,2016-03-01,Indiana,21888,IN01002,breakdown offenses,normal return,normal return,normal return,normal return,normal return,breakdown offenses,breakdown offenses,breakdown offenses,0,0,0,0,0,-1,-1,0,1,1,0,0,0,33,1,0,3,11,18,5,3,2,0,96,7,7,0,0,141,0,15,15,108,123,0,0,0,0,0,0,0,0,0,0,15,1,0,2,4,8,0,0,0,0,54,4,4,0,0,73,0,7,7,58,65,0,0,0,0,0,0,0,0,0,0,1,0,0,0,0,1,0,0,0,0,4,0,0,0,0,5,0,0,0,4,4,0,0,1,1,0,0,0,0,0,0,0,0,0,0,0,0,0,0,0,0,0,0,0,0,0,1,0,0,1,0,1
Clarksville Police,2016-02-01,Indiana,21888,IN01002,breakdown offenses,normal return,normal return,normal return,normal return,normal return,breakdown offenses,breakdown offenses,breakdown offenses,0,0,0,0,0,1,1,0,1,1,0,0,0,20,0,1,1,4,14,5,2,3,0,78,9,8,0,1,114,0,6,8,92,100,0,0,0,0,0,0,0,0,0,0,9,0,1,0,2,6,1,0,1,0,48,2,2,0,0,60,0,3,3,51,54,0,0,0,0,0,0,0,0,0,0,2,0,0,0,0,2,0,0,0,0,2,0,0,0,0,4,0,0,0,2,2,0,0,0,0,0,0,0,0,0,0,0,0,0,0,0,0,0,0,0,0,1,0,0,0,0,1,0,0,0,1,1
Clarksville Police,2016-01-01,Indiana,21888,IN01002,breakdown offenses,adjustment,adjustment,adjustment,adjustment,adjustment,breakdown offenses,breakdown offenses,breakdown offenses,0,0,0,0,0,0,0,0,0,0,0,0,0,0,0,0,0,0,0,0,0,0,0,0,0,0,0,0,0,0,0,0,0,0,0,0,0,0,0,0,0,0,0,0,0,0,0,0,0,0,0,0,0,0,0,0,0,0,0,0,0,0,0,0,0,0,0,0,0,0,0,0,0,0,0,0,0,0,0,0,0,0,0,0,0,0,0,0,0,0,0,0,0,0,0,0,0,0,0,0,0,0,0,0,0,0,0,0,0,0,0,0,0,0,0,0,0,0,0,0,0,0,0,0,0,0,0
Clarksville Police,2015-12-01,Indiana,21911,IN01002,breakdown offenses,normal return,normal return,normal return,normal return,normal return,breakdown offenses,breakdown offenses,breakdown offenses,0,0,0,0,0,0,0,0,3,1,1,0,1,22,1,2,0,4,15,9,5,3,1,128,5,5,0,0,167,0,7,10,142,152,0,0,0,0,0,0,0,0,0,0,8,0,1,0,3,4,2,1,0,1,77,1,1,0,0,88,0,4,4,80,84,0,0,0,0,0,0,0,0,0,0,1,0,0,0,0,1,1,1,0,0,2,0,0,0,0,4,0,0,0,3,3,0,0,0,0,0,0,0,0,0,0,0,0,0,0,0,0,0,0,0,0,0,0,0,0,0,0,0,0,0,0,0
Clarksville Police,2015-11-01,Indiana,21911,IN01002,breakdown offenses,normal return,normal return,normal return,normal return,normal return,breakdown offenses,breakdown offenses,breakdown offenses,0,0,0,0,0,1,1,0,3,1,0,0,2,17,1,0,2,6,8,2,1,1,0,107,7,6,1,0,137,0,9,13,116,129,0,0,0,0,0,2,1,0,0,1,7,1,0,1,2,3,0,0,0,0,46,1,1,0,0,56,0,4,6,47,53,0,0,0,0,0,0,0,0,0,0,2,0,0,0,0,2,0,0,0,0,4,0,0,0,0,6,0,0,0,4,4,0,0,0,0,0,0,0,0,0,0,0,0,0,0,0,0,0,0,0,0,0,0,0,0,0,0,0,0,0,0,0
Clarksville Police,2015-10-01,Indiana,21911,IN01002,breakdown offenses,normal return,normal return,normal return,normal return,normal return,breakdown offenses,breakdown offenses,breakdown offenses,0,0,0,0,0,0,0,0,0,0,0,0,0,20,0,0,0,7,13,7,2,4,1,101,8,6,0,2,136,0,7,7,116,123,0,0,0,0,0,0,0,0,0,0,10,0,0,0,3,7,0,0,0,0,50,1,0,0,1,61,0,3,3,51,54,0,0,0,0,0,0,0,0,0,0,4,0,0,0,2,2,0,0,0,0,8,0,0,0,0,12,0,2,2,8,10,0,0,0,0,0,0,0,0,0,0,0,0,0,0,0,0,0,0,0,0,0,0,0,0,0,0,0,0,0,0,0
Clarksville Police,2015-09-01,Indiana,21911,IN01002,breakdown offenses,normal return,normal return,normal return,normal return,normal return,breakdown offenses,breakdown offenses,breakdown offenses,0,0,0,0,0,1,1,0,0,0,0,0,0,28,1,0,1,8,18,5,3,2,0,106,8,7,0,1,148,0,10,11,119,130,0,0,0,0,0,0,0,0,0,0,17,1,0,1,2,13,1,0,1,0,56,2,2,0,0,76,0,4,4,59,63,0,0,0,0,0,0,0,0,0,0,0,0,0,0,0,0,0,0,0,0,3,0,0,0,0,3,0,0,0,3,3,0,0,0,0,0,0,0,0,0,0,0,0,0,0,0,0,0,0,0,0,0,0,0,0,0,0,0,0,0,0,0
Clarksville Police,2015-08-01,Indiana,21911,IN01002,breakdown offenses,normal return,normal return,normal return,normal return,normal return,breakdown offenses,breakdown offenses,breakdown offenses,0,0,0,0,0,0,0,0,3,1,0,0,2,28,1,1,3,3,20,12,6,6,0,131,10,10,0,0,184,0,8,11,153,164,0,0,0,0,0,1,0,0,0,1,11,0,1,0,1,9,1,0,1,0,61,2,2,0,0,76,0,2,3,64,67,0,0,0,0,0,0,0,0,0,0,2,0,0,0,0,2,0,0,0,0,6,0,0,0,0,8,0,0,0,6,6,0,0,0,0,0,0,0,0,0,0,0,0,0,0,0,0,0,0,0,0,0,0,0,0,0,0,0,0,0,0,0
Clarksville Police,2015-07-01,Indiana,21911,IN01002,breakdown offenses,normal return,normal return,normal return,normal return,normal return,breakdown offenses,breakdown offenses,breakdown offenses,0,0,0,0,0,1,1,0,4,1,0,0,3,23,0,1,1,8,13,10,8,2,0,126,7,6,0,1,171,0,10,15,143,158,0,0,0,0,0,2,0,0,0,2,9,0,0,0,3,6,1,1,0,0,67,0,0,0,0,79,0,3,5,68,73,0,0,0,0,0,0,0,0,0,0,0,0,0,0,0,0,1,1,0,0,6,0,0,0,0,7,0,0,0,7,7,0,0,0,0,0,0,0,0,0,0,0,0,0,0,0,0,0,0,0,0,0,0,0,0,0,0,0,0,0,0,0
Clarksville Police,2015-06-01,Indiana,21911,IN01002,breakdown offenses,normal return,normal return,normal return,normal return,normal return,breakdown offenses,breakdown offenses,breakdown offenses,0,0,0,0,0,0,0,0,3,1,0,0,2,25,0,1,0,5,19,9,5,2,2,122,8,8,0,0,167,0,6,9,139,148,0,0,0,0,0,2,0,0,0,2,15,0,0,0,2,13,1,0,0,1,59,2,2,0,0,79,0,2,4,62,66,0,0,0,0,0,0,0,0,0,0,0,0,0,0,0,0,0,0,0,0,4,1,1,0,0,5,0,0,0,5,5,0,0,0,0,0,0,0,0,0,0,0,0,0,0,0,0,0,0,0,0,0,1,1,0,0,1,0,0,0,1,1
Clarksville Police,2015-05-01,Indiana,21911,IN01002,breakdown offenses,normal return,normal return,normal return,normal return,normal return,breakdown offenses,breakdown offenses,breakdown offenses,0,0,0,0,0,2,2,0,0,0,0,0,0,23,0,0,1,6,16,10,5,4,1,137,6,6,0,0,178,0,7,9,153,162,0,0,0,0,0,0,0,0,0,0,14,0,0,1,5,8,2,1,0,1,74,1,1,0,0,91,0,6,6,77,83,0,0,0,0,0,0,0,0,0,0,0,0,0,0,0,0,1,1,0,0,5,0,0,0,0,6,0,0,0,6,6,0,0,0,0,0,0,0,0,0,0,0,0,0,0,0,0,1,0,0,1,0,0,0,0,0,1,0,0,0,1,1
Clarksville Police,2015-04-01,Indiana,21911,IN01002,breakdown offenses,normal return,normal return,normal return,normal return,normal return,breakdown offenses,breakdown offenses,breakdown offenses,0,0,0,0,0,0,0,0,2,1,0,0,1,32,1,0,0,12,19,8,4,3,1,122,5,5,0,0,169,0,13,15,135,150,0,0,0,0,0,0,0,0,0,0,19,1,0,0,8,10,0,0,0,0,73,0,0,0,0,92,0,9,9,73,82,0,0,0,0,0,0,0,0,0,0,1,0,0,0,0,1,0,0,0,0,8,0,0,0,0,9,0,0,0,8,8,0,0,0,0,0,0,0,0,0,0,0,0,0,0,0,0,0,0,0,0,2,0,0,0,0,2,0,0,0,2,2
Clarksville Police,2015-03-01,Indiana,21911,IN01002,breakdown offenses,normal return,normal return,normal return,normal return,normal return,breakdown offenses,breakdown offenses,breakdown offenses,0,0,0,0,0,1,1,0,0,0,0,0,0,35,0,0,3,4,28,4,1,2,1,122,6,6,0,0,168,0,7,8,132,140,0,0,0,0,0,0,0,0,0,0,19,0,0,1,3,15,0,0,0,0,72,2,2,0,0,93,0,4,4,74,78,0,0,0,0,0,0,0,0,0,0,2,0,0,0,1,1,0,0,0,0,4,1,1,0,0,7,0,1,1,5,6,0,0,0,0,0,0,0,0,0,0,0,0,0,0,0,0,0,0,0,0,0,0,0,0,0,0,0,0,0,0,0
Clarksville Police,2015-02-01,Indiana,21911,IN01002,breakdown offenses,normal return,normal return,normal return,normal return,normal return,breakdown offenses,breakdown offenses,breakdown offenses,0,0,0,0,0,0,0,0,0,0,0,0,0,18,0,0,0,2,16,3,1,2,0,95,4,3,0,1,120,0,2,2,102,104,0,0,0,0,0,0,0,0,0,0,8,0,0,0,0,8,0,0,0,0,49,0,0,0,0,57,0,0,0,49,49,0,0,0,0,0,0,0,0,0,0,2,0,0,0,0,2,0,0,0,0,2,0,0,0,0,4,0,0,0,2,2,0,0,0,0,0,0,0,0,0,0,0,0,0,0,0,0,0,0,0,0,0,0,0,0,0,0,0,0,0,0,0
Clarksville Police,2015-01-01,Indiana,21911,IN01002,breakdown offenses,normal return,normal return,normal return,normal return,normal return,breakdown offenses,breakdown offenses,breakdown offenses,0,0,0,0,0,0,0,0,4,1,0,0,3,30,0,0,1,3,26,3,1,2,0,110,7,5,0,2,154,0,4,8,120,128,0,0,0,0,0,2,0,0,0,2,11,0,0,1,2,8,0,0,0,0,58,2,2,0,0,73,0,3,5,60,65,0,0,0,0,0,0,0,0,0,0,0,0,0,0,0,0,0,0,0,0,3,0,0,0,0,3,0,0,0,3,3,0,0,0,0,0,0,0,0,0,0,0,0,0,0,0,0,0,0,0,0,0,0,0,0,0,0,0,0,0,0,0
Clarksville Police,2014-12-01,Indiana,21858,IN01002,breakdown offenses,normal return,normal return,normal return,normal return,normal return,breakdown offenses,breakdown offenses,breakdown offenses,0,0,0,0,0,0,0,0,1,0,1,0,0,15,0,0,1,2,12,10,4,4,2,153,2,2,0,0,181,0,3,4,165,169,0,0,0,0,0,1,0,1,0,0,3,0,0,0,1,2,0,0,0,0,80,0,0,0,0,84,0,1,2,80,82,0,0,0,0,0,0,0,0,0,0,0,0,0,0,0,0,0,0,0,0,3,0,0,0,0,3,0,0,0,3,3,0,0,0,0,0,0,0,0,0,0,0,0,0,0,0,0,0,0,0,0,0,0,0,0,0,0,0,0,0,0,0
Clarksville Police,2014-11-01,Indiana,21858,IN01002,breakdown offenses,normal return,normal return,normal return,normal return,normal return,breakdown offenses,breakdown offenses,breakdown offenses,0,0,0,1,0,1,1,0,2,1,0,0,1,19,0,0,0,2,17,10,6,4,0,100,5,5,0,0,138,0,2,6,115,121,1,0,0,0,0,0,0,0,0,0,8,0,0,0,1,7,1,1,0,0,54,1,1,0,0,65,0,1,2,56,58,0,0,0,0,0,0,0,0,0,0,1,0,0,0,0,1,0,0,0,0,2,0,0,0,0,3,0,0,0,2,2,0,0,0,0,0,0,0,0,0,0,0,0,0,0,0,0,0,0,0,0,0,0,0,0,0,0,0,0,0,0,0
Clarksville Police,2014-10-01,Indiana,21858,IN01002,breakdown offenses,normal return,normal return,normal return,normal return,normal return,breakdown offenses,breakdown offenses,breakdown offenses,0,0,0,0,0,1,1,0,5,1,0,0,4,23,2,0,0,4,17,11,6,4,1,140,9,5,0,4,189,0,6,12,160,172,0,0,0,0,0,3,0,0,0,3,15,2,0,0,2,11,1,0,0,1,78,0,0,0,0,97,0,4,7,79,86,0,0,0,0,0,1,0,0,0,1,1,0,0,0,0,1,1,0,0,1,4,0,0,0,0,7,0,0,1,5,6,0,0,0,0,0,0,0,0,0,0,0,0,0,0,0,0,0,0,0,0,0,0,0,0,0,0,0,0,0,0,0
Clarksville Police,2014-09-01,Indiana,21858,IN01002,breakdown offenses,normal return,normal return,normal return,normal return,normal return,breakdown offenses,breakdown offenses,breakdown offenses,0,0,0,0,0,0,0,0,1,1,0,0,0,24,0,0,1,4,19,9,6,2,1,154,1,1,0,0,189,0,5,6,164,170,0,0,0,0,0,0,0,0,0,0,8,0,0,0,2,6,0,0,0,0,92,0,0,0,0,100,0,2,2,92,94,0,0,0,0,0,0,0,0,0,0,2,0,0,0,0,2,0,0,0,0,6,0,0,0,0,8,0,0,0,6,6,0,0,0,0,0,0,0,0,0,0,0,0,0,0,0,0,0,0,0,0,0,1,1,0,0,1,0,0,0,1,1
Clarksville Police,2014-08-01,Indiana,21858,IN01002,breakdown offenses,normal return,normal return,normal return,normal return,normal return,breakdown offenses,breakdown offenses,breakdown offenses,0,0,0,0,0,0,0,0,1,0,0,0,1,24,2,0,1,6,15,9,6,2,1,153,1,1,0,0,188,0,9,10,163,173,0,0,0,0,0,0,0,0,0,0,7,0,0,1,2,4,3,1,1,1,91,0,0,0,0,101,0,3,3,94,97,0,0,0,0,0,0,0,0,0,0,0,0,0,0,0,0,0,0,0,0,5,0,0,0,0,5,0,0,0,5,5,0,0,1,1,0,0,0,0,0,0,1,0,0,0,0,1,0,0,0,0,0,0,0,0,0,2,0,0,1,0,1
Clarksville Police,2014-07-01,Indiana,21858,IN01002,breakdown offenses,normal return,normal return,normal return,normal return,normal return,breakdown offenses,breakdown offenses,breakdown offenses,0,0,0,0,0,0,0,0,1,1,0,0,0,31,0,3,0,5,23,12,7,4,1,134,2,2,0,0,180,0,8,9,148,157,0,0,0,0,0,0,0,0,0,0,6,0,2,0,1,3,0,0,0,0,66,0,0,0,0,72,0,3,3,66,69,0,0,0,0,0,0,0,0,0,0,1,0,0,0,0,1,0,0,0,0,3,0,0,0,0,4,0,0,0,3,3,0,0,0,0,0,0,0,0,0,0,0,0,0,0,0,0,0,0,0,0,1,0,0,0,0,1,0,0,0,1,1
Clarksville Police,2014-06-01,Indiana,21858,IN01002,breakdown offenses,adjustment,adjustment,adjustment,adjustment,adjustment,breakdown offenses,breakdown offenses,breakdown offenses,0,0,0,0,0,2,2,0,1,1,0,0,0,31,1,1,0,5,24,8,2,6,0,137,4,3,1,0,183,0,7,10,149,159,0,0,0,0,0,1,1,0,0,0,14,0,0,0,4,10,1,0,1,0,71,0,0,0,0,87,0,4,5,72,77,0,0,0,0,0,0,0,0,0,0,0,0,0,0,0,0,0,0,0,0,2,0,0,0,0,2,0,0,0,2,2,0,0,0,0,0,0,0,0,0,0,0,0,0,0,0,0,0,0,0,0,0,0,0,0,0,0,0,0,0,0,0
Clarksville Police,2014-05-01,Indiana,21858,IN01002,breakdown offenses,adjustment,adjustment,adjustment,adjustment,adjustment,breakdown offenses,breakdown offenses,breakdown offenses,0,0,0,0,0,0,0,0,3,0,1,0,2,37,4,2,0,6,25,8,4,2,2,155,1,0,1,0,204,0,12,15,164,179,0,0,0,0,0,2,0,1,0,1,22,2,1,0,4,15,2,1,1,0,79,0,0,0,0,105,0,7,9,81,90,0,0,0,0,0,0,0,0,0,0,0,0,0,0,0,0,0,0,0,0,3,0,0,0,0,3,0,0,0,3,3,0,0,0,0,0,0,0,0,0,0,0,0,0,0,0,0,0,0,0,0,0,0,0,0,0,0,0,0,0,0,0
Clarksville Police,2014-04-01,Indiana,21858,IN01002,breakdown offenses,adjustment,adjustment,adjustment,adjustment,adjustment,breakdown offenses,breakdown offenses,breakdown offenses,0,0,0,0,0,1,1,0,3,1,0,0,2,39,0,3,1,3,32,13,3,10,0,115,4,3,1,0,175,0,7,11,132,143,0,0,0,0,0,1,0,0,0,1,11,0,2,0,2,7,3,0,3,0,60,0,0,0,0,75,0,4,5,63,68,0,0,0,0,0,0,0,0,0,0,0,0,0,0,0,0,0,0,0,0,2,0,0,0,0,2,0,0,0,2,2,0,0,0,0,0,0,0,0,0,0,0,0,0,0,0,0,0,0,0,0,0,0,0,0,0,0,0,0,0,0,0
Clarksville Police,2014-03-01,Indiana,21858,IN01002,breakdown offenses,adjustment,adjustment,adjustment,adjustment,adjustment,breakdown offenses,breakdown offenses,breakdown offenses,0,0,0,0,0,0,0,0,2,0,0,0,2,17,1,0,0,5,11,8,6,2,0,128,4,3,1,0,159,0,6,8,140,148,0,0,0,0,0,0,0,0,0,0,5,0,0,0,2,3,0,0,0,0,59,1,1,0,0,65,0,2,2,60,62,0,0,0,0,0,0,0,0,0,0,1,0,0,0,0,1,0,0,0,0,0,0,0,0,0,1,0,0,0,0,0,0,0,0,0,0,0,0,0,0,0,0,0,0,0,0,0,0,0,0,0,0,1,1,0,0,1,0,0,0,1,1
Clarksville Police,2014-02-01,Indiana,21858,IN01002,breakdown offenses,adjustment,adjustment,adjustment,adjustment,adjustment,breakdown offenses,breakdown offenses,breakdown offenses,0,0,0,0,0,1,1,0,3,3,0,0,0,33,0,2,0,11,20,6,5,1,0,90,4,4,0,0,137,0,13,17,100,117,0,0,0,0,0,0,0,0,0,0,11,0,2,0,5,4,0,0,0,0,48,0,0,0,0,59,0,7,7,48,55,0,0,0,0,0,0,0,0,0,0,0,0,0,0,0,0,0,0,0,0,1,0,0,0,0,1,0,0,0,1,1,0,0,0,0,0,0,0,0,0,0,0,0,0,0,0,0,0,0,0,0,1,0,0,0,0,1,0,0,0,1,1
Clarksville Police,2014-01-01,Indiana,21858,IN01002,breakdown offenses,adjustment,adjustment,adjustment,adjustment,adjustment,breakdown offenses,breakdown offenses,breakdown offenses,0,0,0,0,0,0,0,0,5,4,1,0,0,29,0,1,2,5,21,8,5,2,1,137,7,6,1,0,186,0,8,13,152,165,0,0,0,0,0,1,0,1,0,0,11,0,0,1,5,5,2,2,0,0,63,0,0,0,0,77,0,6,7,65,72,0,0,0,0,0,0,0,0,0,0,1,0,0,0,0,1,0,0,0,0,3,0,0,0,0,4,0,0,0,3,3,0,0,0,0,0,0,0,0,0,0,0,0,0,0,0,0,0,0,0,0,0,0,0,0,0,0,0,0,0,0,0
Clarksville Police,2013-12-01,Indiana,21865,IN01002,breakdown offenses,adjustment,adjustment,adjustment,adjustment,adjustment,breakdown offenses,breakdown offenses,breakdown offenses,0,0,1,0,0,1,1,0,3,2,0,0,1,31,1,2,0,9,19,16,10,5,1,145,4,4,0,0,200,0,12,16,165,181,0,0,0,0,0,0,0,0,0,0,11,1,2,0,2,6,0,0,0,0,47,0,0,0,0,58,0,5,5,47,52,0,0,0,0,0,0,0,0,0,0,1,0,0,0,0,1,0,0,0,0,1,0,0,0,0,2,0,0,0,1,1,0,0,1,0,1,0,0,0,0,0,0,0,0,0,0,0,0,0,0,0,1,0,0,0,0,2,0,0,1,1,2
Clarksville Police,2013-11-01,Indiana,21865,IN01002,breakdown offenses,adjustment,adjustment,adjustment,adjustment,adjustment,breakdown offenses,breakdown offenses,breakdown offenses,0,0,0,0,0,2,2,0,2,2,0,0,0,21,3,0,0,4,14,15,6,6,3,96,2,1,0,1,138,0,7,11,113,124,0,0,0,0,0,0,0,0,0,0,5,0,0,0,1,4,0,0,0,0,47,0,0,0,0,52,0,1,1,47,48,0,0,0,0,0,0,0,0,0,0,1,0,0,0,0,1,0,0,0,0,2,0,0,0,0,3,0,0,0,2,2,0,0,0,0,0,0,0,0,0,0,0,0,0,0,0,0,0,0,0,0,0,0,0,0,0,0,0,0,0,0,0
Clarksville Police,2013-10-01,Indiana,21865,IN01002,breakdown offenses,adjustment,adjustment,adjustment,adjustment,adjustment,breakdown offenses,breakdown offenses,breakdown offenses,0,0,0,2,0,0,0,0,6,1,2,0,3,26,0,0,0,3,23,22,10,8,4,124,2,2,0,0,182,0,3,11,148,159,0,0,0,0,0,4,1,1,0,2,8,0,0,0,3,5,2,0,2,0,37,0,0,0,0,51,0,3,7,39,46,0,0,0,0,0,0,0,0,0,0,1,0,0,0,0,1,0,0,0,0,2,0,0,0,0,3,0,0,0,2,2,0,0,0,0,0,0,0,0,0,0,0,0,0,0,0,0,0,0,0,0,0,1,1,0,0,1,0,0,0,1,1
Clarksville Police,2013-09-01,Indiana,21865,IN01002,breakdown offenses,adjustment,adjustment,adjustment,adjustment,adjustment,breakdown offenses,breakdown offenses,breakdown offenses,0,0,2,0,0,1,1,0,0,0,0,0,0,39,1,0,0,2,36,16,12,4,0,111,6,1,2,3,173,0,3,4,133,137,0,0,1,1,0,0,0,0,0,0,7,0,0,0,0,7,1,1,0,0,30,0,0,0,0,39,0,0,1,31,32,0,0,0,0,0,0,0,0,0,0,0,0,0,0,0,0,0,0,0,0,2,0,0,0,0,2,0,0,0,2,2,0,0,0,0,0,0,0,0,0,0,0,0,0,0,0,0,0,0,0,0,0,0,0,0,0,0,0,0,0,0,0
Clarksville Police,2013-08-01,Indiana,21865,IN01002,breakdown offenses,adjustment,adjustment,adjustment,adjustment,adjustment,breakdown offenses,breakdown offenses,breakdown offenses,0,0,0,0,0,1,1,0,3,0,2,1,0,30,0,0,1,1,28,8,3,3,2,109,5,4,0,1,156,0,2,6,122,128,0,0,0,0,0,2,0,1,1,0,2,0,0,0,0,2,0,0,0,0,42,4,3,0,1,50,0,0,2,46,48,0,0,0,0,0,0,0,0,0,0,1,0,0,0,0,1,0,0,0,0,2,0,0,0,0,3,0,0,0,2,2,0,0,0,0,0,0,0,0,0,0,0,0,0,0,0,0,0,0,0,0,0,0,0,0,0,0,0,0,0,0,0
Clarksville Police,2013-07-01,Indiana,21865,IN01002,breakdown offenses,adjustment,adjustment,adjustment,adjustment,adjustment,breakdown offenses,breakdown offenses,breakdown offenses,0,0,0,0,0,1,1,0,2,1,0,0,1,49,1,3,0,5,40,14,4,8,2,131,4,2,1,1,201,0,9,12,149,161,0,0,0,0,0,0,0,0,0,0,10,0,1,0,2,7,2,0,2,0,48,2,1,0,1,62,0,3,3,52,55,0,0,0,0,0,0,0,0,0,0,1,0,0,0,0,1,0,0,0,0,2,1,0,0,1,4,0,0,0,3,3,0,0,0,0,0,0,0,0,0,0,0,0,0,0,0,0,0,0,0,0,1,0,0,0,0,1,0,0,0,1,1
Clarksville Police,2013-06-01,Indiana,21865,IN01002,breakdown offenses,adjustment,adjustment,adjustment,adjustment,adjustment,breakdown offenses,breakdown offenses,breakdown offenses,0,0,0,0,0,1,1,0,1,0,1,0,0,31,1,0,1,4,25,21,10,10,1,125,8,4,0,4,187,0,6,8,154,162,0,0,0,0,0,0,0,0,0,0,8,0,0,0,0,8,4,3,1,0,45,1,1,0,0,58,0,0,0,50,50,0,0,0,0,0,0,0,0,0,0,0,0,0,0,0,0,0,0,0,0,4,0,0,0,0,4,0,0,0,4,4,0,0,0,0,0,0,0,0,0,0,0,0,0,0,0,0,0,0,0,0,0,0,0,0,0,0,0,0,0,0,0
Clarksville Police,2013-05-01,Indiana,21865,IN01002,breakdown offenses,adjustment,adjustment,adjustment,adjustment,adjustment,breakdown offenses,breakdown offenses,breakdown offenses,0,0,0,0,0,0,0,0,4,0,0,1,3,34,6,4,0,9,15,8,3,3,2,97,6,4,0,2,149,0,19,23,111,134,0,0,0,0,0,1,0,0,0,1,13,4,2,0,6,1,0,0,0,0,41,1,1,0,0,56,0,12,13,42,55,0,0,0,0,0,0,0,0,0,0,0,0,0,0,0,0,0,0,0,0,2,0,0,0,0,2,0,0,0,2,2,0,0,1,1,0,0,0,0,0,0,0,0,0,0,0,0,0,0,0,0,0,0,0,0,0,1,0,0,1,0,1
Clarksville Police,2013-04-01,Indiana,21865,IN01002,breakdown offenses,normal return,normal return,normal return,normal return,normal return,breakdown offenses,breakdown offenses,breakdown offenses,0,0,0,0,0,0,0,0,3,1,0,0,2,26,0,1,1,2,22,10,4,5,1,91,2,1,0,1,132,0,4,7,103,110,0,0,0,0,0,2,1,0,0,1,5,0,0,0,2,3,2,0,2,0,37,0,0,0,0,46,0,2,4,39,43,0,0,0,0,0,0,0,0,0,0,1,0,0,0,0,1,0,0,0,0,3,0,0,0,0,4,0,0,0,3,3,0,0,0,0,0,0,0,0,0,0,0,0,0,0,0,0,0,0,0,0,1,0,0,0,0,1,0,0,0,1,1
Clarksville Police,2013-03-01,Indiana,21865,IN01002,breakdown offenses,normal return,normal return,normal return,normal return,normal return,breakdown offenses,breakdown offenses,breakdown offenses,0,0,0,2,0,0,0,0,0,0,0,0,0,19,0,0,0,3,16,10,8,2,0,91,3,2,1,0,125,0,3,5,104,109,2,0,0,0,0,0,0,0,0,0,8,0,0,0,2,6,0,0,0,0,43,0,0,0,0,53,0,2,4,43,47,0,0,0,0,0,0,0,0,0,0,0,0,0,0,0,0,0,0,0,0,2,0,0,0,0,2,0,0,0,2,2,0,0,0,0,0,0,0,0,0,0,0,0,0,0,0,0,0,0,0,0,0,0,0,0,0,0,0,0,0,0,0
Clarksville Police,2013-02-01,Indiana,21865,IN01002,breakdown offenses,normal return,normal return,normal return,normal return,normal return,breakdown offenses,breakdown offenses,breakdown offenses,0,0,1,1,0,0,0,0,2,1,0,1,0,34,1,1,1,3,28,17,7,5,5,83,3,3,0,0,140,0,6,9,103,112,0,0,0,0,0,2,1,0,1,0,6,0,0,0,1,5,1,0,1,0,24,2,2,0,0,35,0,1,3,27,30,0,0,0,0,0,1,1,0,0,0,2,0,0,0,0,2,0,0,0,0,3,0,0,0,0,6,0,0,1,3,4,0,0,0,0,0,0,0,0,0,0,0,0,0,0,0,0,0,0,0,0,0,0,0,0,0,0,0,0,0,0,0
Clarksville Police,2013-01-01,Indiana,21865,IN01002,breakdown offenses,normal return,normal return,normal return,normal return,normal return,breakdown offenses,breakdown offenses,breakdown offenses,0,0,1,0,0,0,0,0,1,0,0,0,1,45,2,0,1,6,36,15,8,5,2,107,2,2,0,0,170,0,9,10,124,134,0,0,0,0,0,1,0,0,0,1,9,1,0,1,3,4,2,0,1,1,46,1,1,0,0,59,0,5,6,49,55,0,0,0,0,0,0,0,0,0,0,3,0,0,0,3,0,0,0,0,0,3,0,0,0,0,6,0,3,3,3,6,0,0,0,0,0,0,0,0,0,0,0,0,0,0,0,0,0,0,0,0,0,0,0,0,0,0,0,0,0,0,0
Clarksville Police,2012-12-01,Indiana,22057,IN01002,breakdown offenses,normal return,normal return,normal return,normal return,normal return,breakdown offenses,breakdown offenses,breakdown offenses,0,0,0,0,0,0,0,0,4,4,0,0,0,26,0,2,0,5,19,9,5,4,0,94,4,4,0,0,137,0,7,11,107,118,0,0,0,0,0,0,0,0,0,0,7,0,0,0,0,7,0,0,0,0,38,1,1,0,0,46,0,0,0,39,39,0,0,0,0,0,0,0,0,0,0,1,0,0,0,0,1,0,0,0,0,1,0,0,0,0,2,0,0,0,1,1,0,0,0,0,0,0,0,0,0,0,0,0,0,0,0,0,0,0,0,0,0,0,0,0,0,0,0,0,0,0,0
Clarksville Police,2012-11-01,Indiana,22057,IN01002,breakdown offenses,normal return,normal return,normal return,normal return,normal return,breakdown offenses,breakdown offenses,breakdown offenses,0,0,1,1,0,0,0,0,2,0,0,1,1,24,0,0,0,2,22,15,8,4,3,116,4,2,2,0,162,0,2,5,135,140,0,0,0,0,0,0,0,0,0,0,2,0,0,0,0,2,2,0,1,1,47,0,0,0,0,51,0,0,0,49,49,0,0,0,0,0,0,0,0,0,0,1,0,0,0,0,1,0,0,0,0,4,0,0,0,0,5,0,0,0,4,4,0,0,0,0,0,0,0,0,0,0,0,0,0,0,0,0,0,0,0,0,0,0,0,0,0,0,0,0,0,0,0
Clarksville Police,2012-10-01,Indiana,22057,IN01002,breakdown offenses,normal return,normal return,normal return,normal return,normal return,breakdown offenses,breakdown offenses,breakdown offenses,0,0,1,0,0,0,0,0,2,1,0,0,1,32,1,1,0,4,26,22,10,9,3,89,3,0,2,1,148,0,6,8,114,122,0,0,0,0,0,0,0,0,0,0,5,0,0,0,1,4,1,0,0,1,29,0,0,0,0,35,0,1,1,30,31,0,0,0,0,0,0,0,0,0,0,0,0,0,0,0,0,0,0,0,0,1,0,0,0,0,1,0,0,0,1,1,0,0,0,0,0,0,0,0,0,0,0,0,0,0,0,0,0,0,0,0,0,0,0,0,0,0,0,0,0,0,0
Clarksville Police,2012-09-01,Indiana,22057,IN01002,breakdown offenses,normal return,normal return,normal return,normal return,normal return,breakdown offenses,breakdown offenses,breakdown offenses,0,0,1,0,0,0,0,0,1,1,0,0,0,42,2,0,2,10,28,13,8,3,2,118,4,3,1,0,178,0,14,15,135,150,0,0,0,0,0,0,0,0,0,0,9,1,0,0,3,5,1,1,0,0,32,0,0,0,0,42,0,4,4,33,37,0,0,0,0,0,0,0,0,0,0,1,0,0,0,0,1,0,0,0,0,2,0,0,0,0,3,0,0,0,2,2,0,0,0,0,0,0,0,0,0,0,0,0,0,0,0,0,0,0,0,0,0,0,0,0,0,0,0,0,0,0,0
Clarksville Police,2012-08-01,Indiana,22057,IN01002,breakdown offenses,normal return,normal return,normal return,normal return,normal return,breakdown offenses,breakdown offenses,breakdown offenses,0,0,0,0,0,2,2,0,0,0,0,0,0,36,0,3,0,7,26,19,10,6,3,120,6,2,0,4,183,0,10,12,145,157,0,0,0,0,0,0,0,0,0,0,10,0,3,0,2,5,0,0,0,0,49,1,1,0,0,60,0,5,5,50,55,0,0,0,0,0,0,0,0,0,0,1,0,0,0,0,1,0,0,0,0,3,0,0,0,0,4,0,0,0,3,3,0,0,0,0,0,0,0,0,0,0,0,0,0,0,0,0,0,0,0,0,0,0,0,0,0,0,0,0,0,0,0
Clarksville Police,2012-07-01,Indiana,22057,IN01002,breakdown offenses,normal return,normal return,normal return,normal return,normal return,breakdown offenses,breakdown offenses,breakdown offenses,0,0,2,0,0,1,0,1,1,0,0,1,0,43,2,2,0,3,36,13,6,6,1,108,10,8,0,2,176,0,7,9,131,140,0,0,0,0,0,0,0,0,0,0,9,2,0,0,0,7,0,0,0,0,34,0,0,0,0,43,0,2,2,34,36,0,0,0,0,0,0,0,0,0,0,1,0,0,0,0,1,0,0,0,0,1,0,0,0,0,2,0,0,0,1,1,0,0,0,0,0,0,0,0,0,0,0,0,0,0,0,0,0,0,0,0,0,1,1,0,0,1,0,0,0,1,1
Clarksville Police,2012-06-01,Indiana,22057,IN01002,breakdown offenses,normal return,normal return,normal return,normal return,normal return,breakdown offenses,breakdown offenses,breakdown offenses,0,0,1,0,0,2,2,0,2,2,0,0,0,29,1,2,0,5,21,11,7,4,0,111,4,2,1,1,159,0,8,12,126,138,0,0,0,0,0,1,1,0,0,0,4,0,0,0,1,3,2,2,0,0,50,0,0,0,0,57,0,1,2,52,54,0,0,0,0,0,0,0,0,0,0,0,0,0,0,0,0,0,0,0,0,4,0,0,0,0,4,0,0,0,4,4,0,0,0,0,0,0,0,0,0,0,0,0,0,0,0,0,0,0,0,0,0,0,0,0,0,0,0,0,0,0,0
Clarksville Police,2012-05-01,Indiana,22057,IN01002,breakdown offenses,normal return,normal return,normal return,normal return,normal return,breakdown offenses,breakdown offenses,breakdown offenses,0,0,2,0,0,0,0,0,1,1,0,0,0,25,0,0,0,5,20,22,13,8,1,131,5,4,0,1,184,0,5,6,158,164,0,0,0,0,0,0,0,0,0,0,9,0,0,0,1,8,1,1,0,0,52,0,0,0,0,62,0,1,1,53,54,0,0,0,0,0,0,0,0,0,0,0,0,0,0,0,0,0,0,0,0,3,0,0,0,0,3,0,0,0,3,3,0,0,0,0,0,0,0,0,0,0,0,0,0,0,0,0,0,0,0,0,1,0,0,0,0,1,0,0,0,1,1
Clarksville Police,2012-04-01,Indiana,22057,IN01002,breakdown offenses,normal return,normal return,normal return,normal return,normal return,breakdown offenses,breakdown offenses,breakdown offenses,0,0,0,0,0,0,0,0,2,0,0,0,2,36,1,2,0,10,23,21,12,5,4,130,9,5,0,4,198,0,13,15,160,175,0,0,0,0,0,0,0,0,0,0,3,0,0,0,2,1,4,3,0,1,34,0,0,0,0,41,0,2,2,38,40,0,0,0,0,0,0,0,0,0,0,0,0,0,0,0,0,3,2,0,1,3,0,0,0,0,6,0,0,0,6,6,0,0,0,0,0,0,0,0,0,0,0,0,0,0,0,0,0,0,0,0,0,0,0,0,0,0,0,0,0,0,0
Clarksville Police,2012-03-01,Indiana,22057,IN01002,breakdown offenses,normal return,normal return,normal return,normal return,normal return,breakdown offenses,breakdown offenses,breakdown offenses,0,0,0,0,0,0,0,0,2,0,0,0,2,35,0,1,0,6,28,16,7,5,4,125,3,2,0,1,181,0,7,9,144,153,0,0,0,0,0,0,0,0,0,0,9,0,0,0,2,7,1,1,0,0,54,0,0,0,0,64,0,2,2,55,57,0,0,0,0,0,0,0,0,0,0,1,0,0,0,0,1,1,1,0,0,5,0,0,0,0,7,0,0,0,6,6,0,0,0,0,0,0,0,0,0,0,0,0,0,0,0,0,0,0,0,0,0,0,0,0,0,0,0,0,0,0,0
Clarksville Police,2012-02-01,Indiana,22057,IN01002,breakdown offenses,normal return,normal return,normal return,normal return,normal return,breakdown offenses,breakdown offenses,breakdown offenses,0,0,0,0,0,0,0,0,1,0,0,0,1,25,1,1,0,0,23,13,6,6,1,109,2,2,0,0,150,0,2,3,124,127,0,0,0,0,0,0,0,0,0,0,6,1,0,0,0,5,1,1,0,0,43,0,0,0,0,50,0,1,1,44,45,0,0,0,0,0,0,0,0,0,0,1,1,0,0,0,0,0,0,0,0,6,0,0,0,0,7,0,1,1,6,7,0,0,0,0,0,0,0,0,0,0,0,0,0,0,0,0,0,0,0,0,0,0,0,0,0,0,0,0,0,0,0
Clarksville Police,2012-01-01,Indiana,22057,IN01002,breakdown offenses,normal return,normal return,normal return,normal return,normal return,breakdown offenses,breakdown offenses,breakdown offenses,0,0,2,0,0,1,1,0,3,0,1,0,2,29,2,2,1,6,18,14,10,2,2,101,3,3,0,0,151,0,11,15,118,133,0,0,0,0,0,1,0,0,0,1,10,2,2,0,2,4,1,1,0,0,55,1,1,0,0,68,0,6,7,57,64,0,0,0,0,0,0,0,0,0,0,2,0,0,0,0,2,0,0,0,0,7,0,0,0,0,9,0,0,0,7,7,0,0,0,0,0,0,0,0,0,0,0,0,0,0,0,0,0,0,0,0,0,0,0,0,0,0,0,0,0,0,0
Clarksville Police,2011-12-01,Indiana,21835,IN01002,breakdown offenses,normal return,normal return,normal return,normal return,normal return,breakdown offenses,breakdown offenses,breakdown offenses,0,0,0,0,0,0,0,0,4,3,0,0,1,26,4,2,0,3,17,19,11,6,2,114,3,3,0,0,166,0,9,13,136,149,0,0,0,0,0,1,0,1,0,0,8,2,2,0,0,4,0,0,0,0,43,1,1,0,0,53,0,4,5,44,49,0,0,0,0,0,0,0,0,0,0,0,0,0,0,0,0,0,0,0,0,5,0,0,0,0,5,0,0,0,5,5,0,0,0,0,0,0,0,0,0,0,0,0,0,0,0,0,0,0,0,0,2,0,0,0,0,2,0,0,0,2,2
Clarksville Police,2011-11-01,Indiana,21835,IN01002,breakdown offenses,normal return,normal return,normal return,normal return,normal return,breakdown offenses,breakdown offenses,breakdown offenses,0,0,0,0,0,0,0,0,3,1,0,0,2,30,0,1,1,2,26,22,13,9,0,112,4,4,0,0,171,0,4,7,138,145,0,0,0,0,0,0,0,0,0,0,5,0,1,1,1,2,3,3,0,0,51,1,1,0,0,60,0,3,3,55,58,0,0,0,0,0,0,0,0,0,0,1,0,0,0,0,1,0,0,0,0,5,0,0,0,0,6,0,0,0,5,5,0,0,0,0,0,0,0,0,0,0,0,0,0,0,0,0,0,0,0,0,0,0,0,0,0,0,0,0,0,0,0
Clarksville Police,2011-10-01,Indiana,21835,IN01002,breakdown offenses,normal return,normal return,normal return,normal return,normal return,breakdown offenses,breakdown offenses,breakdown offenses,0,0,0,0,0,0,0,0,4,0,0,1,3,18,1,3,1,2,11,14,9,5,0,108,8,6,0,2,152,0,7,11,130,141,0,0,0,0,0,0,0,0,0,0,3,0,2,0,1,0,2,2,0,0,28,1,1,0,0,34,0,3,3,31,34,0,0,0,0,0,0,0,0,0,0,0,0,0,0,0,0,0,0,0,0,1,1,1,0,0,2,0,0,0,2,2,0,0,0,0,0,0,0,0,0,0,0,0,0,0,0,0,0,0,0,0,0,0,0,0,0,0,0,0,0,0,0
Clarksville Police,2011-09-01,Indiana,21835,IN01002,breakdown offenses,normal return,normal return,normal return,normal return,normal return,breakdown offenses,breakdown offenses,breakdown offenses,0,0,0,0,0,1,1,0,4,2,0,0,2,43,3,1,1,4,34,25,17,7,1,160,12,9,0,3,245,0,9,14,197,211,0,0,0,0,0,2,1,0,0,1,5,0,0,0,1,4,1,1,0,0,44,0,0,0,0,52,0,1,3,45,48,0,0,0,0,0,0,0,0,0,0,0,0,0,0,0,0,0,0,0,0,1,0,0,0,0,1,0,0,0,1,1,0,0,0,0,0,0,0,0,0,0,0,0,0,0,0,0,0,0,0,0,0,0,0,0,0,0,0,0,0,0,0
Clarksville Police,2011-08-01,Indiana,21835,IN01002,breakdown offenses,normal return,normal return,normal return,normal return,normal return,breakdown offenses,breakdown offenses,breakdown offenses,0,0,0,0,0,2,1,1,1,1,0,0,0,41,0,0,1,2,38,19,12,5,2,148,11,6,5,0,222,0,3,6,178,184,0,0,0,0,0,0,0,0,0,0,5,0,0,0,0,5,2,2,0,0,48,0,0,0,0,55,0,0,0,50,50,0,0,0,0,0,0,0,0,0,0,1,0,0,0,0,1,0,0,0,0,4,0,0,0,0,5,0,0,0,4,4,0,0,0,0,0,0,0,0,0,0,0,0,0,0,0,0,0,0,0,0,0,1,1,0,0,1,0,0,0,1,1
Clarksville Police,2011-07-01,Indiana,21835,IN01002,breakdown offenses,normal return,normal return,normal return,normal return,normal return,breakdown offenses,breakdown offenses,breakdown offenses,0,0,3,0,0,0,0,0,1,1,0,0,0,41,0,5,1,4,31,16,10,6,0,108,8,5,2,1,174,0,10,11,132,143,0,0,0,0,0,0,0,0,0,0,11,0,3,1,2,5,1,1,0,0,46,2,1,1,0,60,0,6,6,49,55,0,0,0,0,0,0,0,0,0,0,1,0,0,0,0,1,0,0,0,0,8,0,0,0,0,9,0,0,0,8,8,0,0,0,0,0,0,0,0,0,0,0,0,0,0,0,0,0,0,0,0,0,0,0,0,0,0,0,0,0,0,0
Clarksville Police,2011-06-01,Indiana,21835,IN01002,breakdown offenses,normal return,normal return,normal return,normal return,normal return,breakdown offenses,breakdown offenses,breakdown offenses,0,0,0,0,0,4,4,0,6,2,0,1,3,29,1,1,0,2,25,21,12,7,2,131,8,6,1,1,199,0,4,14,160,174,0,0,0,0,0,1,0,0,0,1,3,0,0,0,1,2,0,0,0,0,32,0,0,0,0,36,0,1,2,32,34,0,0,0,0,0,0,0,0,0,0,1,0,0,0,0,1,0,0,0,0,3,0,0,0,0,4,0,0,0,3,3,0,0,0,0,0,0,0,0,0,0,0,0,0,0,0,0,0,0,0,0,0,0,0,0,0,0,0,0,0,0,0
Clarksville Police,2011-05-01,Indiana,21835,IN01002,breakdown offenses,normal return,normal return,normal return,normal return,normal return,breakdown offenses,breakdown offenses,breakdown offenses,0,0,0,0,0,1,1,0,1,1,0,0,0,38,3,2,0,0,33,16,8,7,1,145,6,6,0,0,207,0,5,7,167,174,0,0,0,0,0,0,0,0,0,0,5,0,1,0,0,4,0,0,0,0,36,0,0,0,0,41,0,1,1,36,37,0,0,0,0,0,0,0,0,0,0,1,0,0,0,0,1,0,0,0,0,5,0,0,0,0,6,0,0,0,5,5,0,0,0,0,0,0,0,0,0,0,0,0,0,0,0,0,0,0,0,0,0,0,0,0,0,0,0,0,0,0,0
Clarksville Police,2011-04-01,Indiana,21835,IN01002,breakdown offenses,normal return,normal return,normal return,normal return,normal return,breakdown offenses,breakdown offenses,breakdown offenses,0,0,0,0,0,0,0,0,2,1,1,0,0,34,1,2,0,4,27,27,16,10,1,100,9,5,2,2,172,0,7,9,136,145,0,0,0,0,0,0,0,0,0,0,9,0,1,0,4,4,3,2,0,1,23,0,0,0,0,35,0,5,5,26,31,0,0,0,0,0,0,0,0,0,0,3,0,1,0,0,2,0,0,0,0,4,0,0,0,0,7,0,1,1,4,5,0,0,0,0,0,0,0,0,0,0,0,0,0,0,0,0,0,0,0,0,0,0,0,0,0,0,0,0,0,0,0
Clarksville Police,2011-03-01,Indiana,21835,IN01002,breakdown offenses,normal return,normal return,normal return,normal return,normal return,breakdown offenses,breakdown offenses,breakdown offenses,0,0,0,0,0,1,1,0,1,1,0,0,0,30,3,1,0,5,21,9,4,5,0,117,7,5,0,2,165,0,9,11,133,144,0,0,0,0,0,0,0,0,0,0,8,2,1,0,3,2,2,1,1,0,45,3,3,0,0,58,0,6,6,50,56,0,0,0,0,0,0,0,0,0,0,1,0,0,0,0,1,0,0,0,0,6,0,0,0,0,7,0,0,0,6,6,0,0,0,0,0,0,0,0,0,0,0,0,0,0,0,0,0,0,0,0,1,0,0,0,0,1,0,0,0,1,1
Clarksville Police,2011-02-01,Indiana,21835,IN01002,breakdown offenses,normal return,normal return,normal return,normal return,normal return,breakdown offenses,breakdown offenses,breakdown offenses,0,0,0,0,0,0,0,0,4,2,0,0,2,17,0,0,0,2,15,8,4,1,3,69,6,5,1,0,104,0,2,6,83,89,0,0,0,0,0,3,2,0,0,1,4,0,0,0,2,2,0,0,0,0,15,1,1,0,0,23,0,2,5,16,21,0,0,0,0,0,0,0,0,0,0,3,0,0,0,1,2,0,0,0,0,3,1,1,0,0,7,0,1,1,4,5,0,0,0,0,0,0,0,0,0,0,0,0,0,0,0,0,0,0,0,0,0,0,0,0,0,0,0,0,0,0,0
Clarksville Police,2011-01-01,Indiana,21835,IN01002,breakdown offenses,normal return,normal return,normal return,normal return,normal return,breakdown offenses,breakdown offenses,breakdown offenses,0,0,0,0,0,1,1,0,4,0,1,1,2,25,0,0,3,0,22,16,6,8,2,105,6,6,0,0,157,0,3,8,127,135,0,0,0,0,0,1,0,1,0,0,8,0,0,0,0,8,0,0,0,0,37,2,1,0,1,48,0,0,1,39,40,0,0,0,0,0,0,0,0,0,0,1,0,0,0,0,1,0,0,0,0,5,0,0,0,0,6,0,0,0,5,5,0,0,0,0,0,0,0,0,0,0,0,0,0,0,0,0,0,0,0,0,0,0,0,0,0,0,0,0,0,0,0
Clarksville Police,2010-12-01,Indiana,21724,IN01002,breakdown offenses,normal return,normal return,normal return,normal return,normal return,breakdown offenses,breakdown offenses,breakdown offenses,0,0,0,0,0,1,1,0,4,2,1,1,0,21,1,0,0,0,20,19,10,8,1,100,5,5,0,0,150,0,1,6,124,130,0,0,0,0,0,0,0,0,0,0,3,0,0,0,0,3,2,1,1,0,34,2,2,0,0,41,0,0,0,38,38,0,0,0,0,0,0,0,0,0,0,1,0,0,0,0,1,0,0,0,0,5,0,0,0,0,6,0,0,0,5,5,0,0,0,0,0,0,0,0,0,0,0,0,0,0,0,0,0,0,0,0,0,0,0,0,0,0,0,0,0,0,0
Clarksville Police,2010-11-01,Indiana,21724,IN01002,breakdown offenses,normal return,normal return,normal return,normal return,normal return,breakdown offenses,breakdown offenses,breakdown offenses,0,0,0,0,0,0,0,0,2,1,0,0,1,29,0,0,0,2,27,14,10,3,1,85,6,5,1,0,136,0,2,4,105,109,0,0,0,0,0,1,1,0,0,0,10,0,0,0,2,8,0,0,0,0,20,2,2,0,0,33,0,2,3,22,25,0,0,0,0,0,0,0,0,0,0,3,0,0,0,0,3,0,0,0,0,5,0,0,0,0,8,0,0,0,5,5,0,0,0,0,0,0,0,0,0,0,0,0,0,0,0,0,0,0,0,0,0,0,0,0,0,0,0,0,0,0,0
Clarksville Police,2010-10-01,Indiana,21724,IN01002,breakdown offenses,normal return,normal return,normal return,normal return,normal return,breakdown offenses,breakdown offenses,breakdown offenses,0,0,1,0,0,0,0,0,5,4,0,0,1,31,3,2,2,1,23,15,8,5,2,94,3,3,0,0,148,0,8,13,112,125,0,0,0,0,0,0,0,0,0,0,5,1,0,2,1,1,0,0,0,0,21,1,1,0,0,27,0,4,4,22,26,0,0,0,0,0,0,0,0,0,0,1,0,0,0,1,0,0,0,0,0,4,0,0,0,0,5,0,1,1,4,5,0,0,0,0,0,0,0,0,0,0,0,0,0,0,0,0,0,0,0,0,0,0,0,0,0,0,0,0,0,0,0
Clarksville Police,2010-09-01,Indiana,21724,IN01002,breakdown offenses,adjustment,adjustment,adjustment,adjustment,adjustment,breakdown offenses,breakdown offenses,breakdown offenses,0,0,0,0,0,0,0,0,0,0,0,0,0,27,0,0,2,2,23,23,11,8,4,73,9,5,0,4,132,0,4,4,105,109,0,0,0,0,0,0,0,0,0,0,3,0,0,0,1,2,0,0,0,0,10,0,0,0,0,13,0,1,1,10,11,0,0,0,0,0,0,0,0,0,0,0,0,0,0,0,0,0,0,0,0,1,0,0,0,0,1,0,0,0,1,1,0,0,0,0,0,0,0,0,0,0,0,0,0,0,0,0,0,0,0,0,0,0,0,0,0,0,0,0,0,0,0
Clarksville Police,2010-08-01,Indiana,21724,IN01002,breakdown offenses,normal return,normal return,normal return,normal return,normal return,breakdown offenses,breakdown offenses,breakdown offenses,0,0,0,0,0,3,3,0,1,1,0,0,0,17,0,1,0,2,14,20,12,5,3,100,7,5,0,2,148,0,3,7,127,134,0,0,0,0,0,0,0,0,0,0,3,0,0,0,1,2,1,1,0,0,17,0,0,0,0,21,0,1,1,18,19,0,0,0,0,0,0,0,0,0,0,0,0,0,0,0,0,0,0,0,0,3,0,0,0,0,3,0,0,0,3,3,0,0,0,0,0,0,0,0,0,0,0,0,0,0,0,0,0,0,0,0,0,0,0,0,0,0,0,0,0,0,0
Clarksville Police,2010-07-01,Indiana,21724,IN01002,breakdown offenses,normal return,normal return,normal return,normal return,normal return,breakdown offenses,breakdown offenses,breakdown offenses,0,0,0,0,0,2,1,1,8,6,2,0,0,25,1,0,0,2,22,17,11,5,1,108,6,4,0,2,166,0,3,13,131,144,0,0,0,0,0,1,1,0,0,0,7,0,0,0,2,5,1,1,0,0,25,0,0,0,0,34,0,2,3,26,29,0,0,0,0,0,0,0,0,0,0,0,0,0,0,0,0,0,0,0,0,6,0,0,0,0,6,0,0,0,6,6,0,0,0,0,0,0,0,0,0,0,0,0,0,0,0,0,0,0,0,0,0,0,0,0,0,0,0,0,0,0,0
Clarksville Police,2010-06-01,Indiana,21724,IN01002,breakdown offenses,normal return,normal return,normal return,normal return,normal return,breakdown offenses,breakdown offenses,breakdown offenses,0,0,0,0,0,0,0,0,6,4,1,0,1,33,4,4,0,4,21,19,8,8,3,96,8,3,1,4,162,0,12,18,123,141,0,0,0,0,0,1,1,0,0,0,4,1,0,0,0,3,1,0,0,1,24,3,1,1,1,33,0,1,2,28,30,0,0,0,0,0,0,0,0,0,0,0,0,0,0,0,0,0,0,0,0,4,0,0,0,0,4,0,0,0,4,4,0,0,0,0,0,1,1,0,0,0,0,0,0,0,0,0,0,0,0,0,0,1,1,0,0,2,0,0,1,1,2
Clarksville Police,2010-05-01,Indiana,21724,IN01002,breakdown offenses,normal return,normal return,normal return,normal return,normal return,breakdown offenses,breakdown offenses,breakdown offenses,0,0,0,0,0,1,1,0,4,4,0,0,0,41,0,0,0,5,36,21,11,6,4,122,6,5,0,1,195,0,5,10,149,159,0,0,0,0,0,1,1,0,0,0,6,0,0,0,1,5,2,1,1,0,42,2,2,0,0,53,0,1,2,46,48,0,0,0,0,0,0,0,0,0,0,0,0,0,0,0,0,0,0,0,0,6,0,0,0,0,6,0,0,0,6,6,0,0,0,0,0,0,0,0,0,0,0,0,0,0,0,0,0,0,0,0,0,0,0,0,0,0,0,0,0,0,0
Clarksville Police,2010-04-01,Indiana,21724,IN01002,breakdown offenses,normal return,normal return,normal return,normal return,normal return,breakdown offenses,breakdown offenses,breakdown offenses,0,0,0,0,0,1,1,0,1,0,0,0,1,35,4,1,0,13,17,23,12,8,3,101,11,10,0,1,172,0,18,20,135,155,0,0,0,0,0,0,0,0,0,0,10,0,1,0,3,6,2,0,1,1,38,4,4,0,0,54,0,4,4,44,48,0,0,0,0,0,0,0,0,0,0,2,0,0,0,0,2,0,0,0,0,2,0,0,0,0,4,0,0,0,2,2,0,0,0,0,0,0,0,0,0,0,0,0,0,0,0,0,0,0,0,0,0,0,0,0,0,0,0,0,0,0,0
Clarksville Police,2010-03-01,Indiana,21724,IN01002,breakdown offenses,normal return,normal return,normal return,normal return,normal return,breakdown offenses,breakdown offenses,breakdown offenses,0,0,0,0,0,2,2,0,5,1,0,1,3,22,2,0,0,15,5,16,10,5,1,92,3,3,0,0,140,0,17,24,111,135,0,0,0,0,0,1,1,0,0,0,8,0,0,0,7,1,2,1,1,0,27,2,2,0,0,40,0,7,8,31,39,0,0,0,0,0,1,1,0,0,0,0,0,0,0,0,0,0,0,0,0,3,0,0,0,0,4,0,0,1,3,4,0,0,0,0,0,0,0,0,0,0,0,0,0,0,0,0,0,0,0,0,0,0,0,0,0,0,0,0,0,0,0
Clarksville Police,2010-02-01,Indiana,21724,IN01002,breakdown offenses,normal return,normal return,normal return,normal return,normal return,breakdown offenses,breakdown offenses,breakdown offenses,0,0,0,0,0,0,0,0,1,0,0,0,1,22,0,2,0,7,13,11,7,2,2,88,9,5,1,3,131,0,9,10,108,118,0,0,0,0,0,1,0,0,0,1,11,0,2,0,2,7,4,3,0,1,59,5,3,1,1,80,0,4,5,68,73,0,0,0,0,0,0,0,0,0,0,1,0,0,0,0,1,0,0,0,0,5,0,0,0,0,6,0,0,0,5,5,0,0,0,0,0,0,0,0,0,0,0,0,0,0,0,0,0,0,0,0,0,0,0,0,0,0,0,0,0,0,0
Clarksville Police,2010-01-01,Indiana,21724,IN01002,breakdown offenses,normal return,normal return,normal return,normal return,normal return,breakdown offenses,breakdown offenses,breakdown offenses,0,0,0,0,0,0,0,0,3,0,0,0,3,30,0,2,1,0,27,15,10,5,0,117,9,9,0,0,174,0,3,6,141,147,0,0,0,0,0,0,0,0,0,0,13,0,2,1,0,10,2,2,0,0,39,4,4,0,0,58,0,3,3,45,48,0,0,0,0,0,0,0,0,0,0,1,0,0,0,0,1,1,1,0,0,9,0,0,0,0,11,0,0,0,10,10,0,0,0,0,0,0,0,0,0,0,0,0,0,0,0,0,1,0,1,0,1,0,0,0,0,2,0,0,0,2,2
Clarksville Police,2009-12-01,Indiana,21921,IN01002,breakdown offenses,normal return,normal return,normal return,normal return,normal return,breakdown offenses,breakdown offenses,breakdown offenses,0,0,0,0,0,0,0,0,1,0,1,0,0,26,1,2,0,0,23,21,16,5,0,116,3,1,1,1,167,0,3,4,140,144,0,0,0,0,0,0,0,0,0,0,11,0,0,0,0,11,5,4,1,0,50,1,1,0,0,67,0,0,0,56,56,0,0,0,0,0,0,0,0,0,0,2,0,0,0,0,2,2,2,0,0,13,0,0,0,0,17,0,0,0,15,15,0,0,0,0,0,0,0,0,0,0,0,0,0,0,0,0,0,0,0,0,0,0,0,0,0,0,0,0,0,0,0
Clarksville Police,2009-11-01,Indiana,21921,IN01002,breakdown offenses,normal return,normal return,normal return,normal return,normal return,breakdown offenses,breakdown offenses,breakdown offenses,0,0,0,0,0,0,0,0,1,0,1,0,0,27,3,3,1,0,20,18,13,5,0,101,7,3,1,3,154,0,7,8,126,134,0,0,0,0,0,1,0,1,0,0,9,2,1,0,0,6,1,1,0,0,35,2,2,0,0,48,0,3,4,38,42,0,0,0,0,0,0,0,0,0,0,2,0,0,0,0,2,0,0,0,0,3,0,0,0,0,5,0,0,0,3,3,0,0,0,0,0,0,0,0,0,0,0,0,0,0,0,0,0,0,0,0,0,0,0,0,0,0,0,0,0,0,0
Clarksville Police,2009-10-01,Indiana,21921,IN01002,breakdown offenses,normal return,normal return,normal return,normal return,normal return,breakdown offenses,breakdown offenses,breakdown offenses,0,0,0,0,0,0,0,0,0,0,0,0,0,28,0,3,0,1,24,9,7,2,0,123,7,5,1,1,167,0,4,4,139,143,0,0,0,0,0,0,0,0,0,0,11,0,1,0,1,9,0,0,0,0,34,3,3,0,0,48,0,2,2,37,39,0,0,0,0,0,0,0,0,0,0,2,0,0,0,0,2,0,0,0,0,4,0,0,0,0,6,0,0,0,4,4,0,0,0,0,0,0,0,0,0,0,0,0,0,0,0,0,0,0,0,0,1,0,0,0,0,1,0,0,0,1,1
Clarksville Police,2009-09-01,Indiana,21921,IN01002,breakdown offenses,normal return,normal return,normal return,normal return,normal return,breakdown offenses,breakdown offenses,breakdown offenses,0,0,0,0,0,1,1,0,4,3,1,0,0,33,0,2,1,7,23,19,15,4,0,96,9,6,1,2,162,0,10,15,124,139,0,0,0,0,0,1,1,0,0,0,9,0,1,0,1,7,0,0,0,0,27,5,4,1,0,42,0,2,3,32,35,0,0,0,0,0,0,0,0,0,0,1,0,1,0,0,0,0,0,0,0,3,0,0,0,0,4,0,1,1,3,4,0,0,0,0,0,0,0,0,0,0,0,0,0,0,0,0,0,0,0,0,0,1,1,0,0,1,0,0,0,1,1
Clarksville Police,2009-08-01,Indiana,21921,IN01002,breakdown offenses,normal return,normal return,normal return,normal return,normal return,breakdown offenses,breakdown offenses,breakdown offenses,0,0,0,0,0,0,0,0,2,1,0,0,1,29,0,2,0,4,23,33,24,7,2,108,25,18,0,7,197,0,6,8,166,174,0,0,0,0,0,0,0,0,0,0,8,0,0,0,2,6,2,2,0,0,27,13,12,0,1,50,0,2,2,42,44,0,0,0,0,0,0,0,0,0,0,0,0,0,0,0,0,0,0,0,0,1,0,0,0,0,1,0,0,0,1,1,0,0,0,0,0,0,0,0,0,0,0,0,0,0,0,0,0,0,0,0,0,0,0,0,0,0,0,0,0,0,0
Clarksville Police,2009-07-01,Indiana,21921,IN01002,breakdown offenses,normal return,normal return,normal return,normal return,normal return,breakdown offenses,breakdown offenses,breakdown offenses,0,0,0,0,0,0,0,0,1,1,0,0,0,32,1,1,2,2,26,25,21,3,1,125,12,5,0,7,195,0,6,7,162,169,0,0,0,0,0,0,0,0,0,0,8,0,1,0,0,7,3,3,0,0,42,4,2,0,2,57,0,1,1,49,50,0,0,0,0,0,0,0,0,0,0,1,0,0,0,0,1,0,0,0,0,7,0,0,0,0,8,0,0,0,7,7,0,0,0,0,0,0,0,0,0,0,0,0,0,0,0,0,0,0,0,0,0,0,0,0,0,0,0,0,0,0,0
Clarksville Police,2009-06-01,Indiana,21921,IN01002,breakdown offenses,normal return,normal return,normal return,normal return,normal return,breakdown offenses,breakdown offenses,breakdown offenses,0,0,0,0,0,2,2,0,2,0,0,0,2,32,0,1,3,0,28,17,12,5,0,122,7,3,0,4,182,0,4,8,146,154,0,0,0,0,0,1,0,0,0,1,8,0,0,1,0,7,1,1,0,0,30,4,3,0,1,44,0,1,2,35,37,0,0,0,0,0,0,0,0,0,0,0,0,0,0,0,0,1,1,0,0,1,0,0,0,0,2,0,0,0,2,2,0,0,0,0,0,0,0,0,0,0,0,0,0,0,0,0,0,0,0,0,0,0,0,0,0,0,0,0,0,0,0
Clarksville Police,2009-05-01,Indiana,21921,IN01002,breakdown offenses,adjustment,adjustment,adjustment,adjustment,adjustment,breakdown offenses,breakdown offenses,breakdown offenses,0,0,0,0,0,1,1,0,3,1,1,0,1,33,3,0,2,1,27,25,18,6,1,133,8,5,0,3,203,0,6,10,166,176,0,0,0,0,0,0,0,0,0,0,8,1,0,0,0,7,1,1,0,0,33,3,3,0,0,45,0,1,1,37,38,0,0,0,0,0,0,0,0,0,0,2,1,0,0,0,1,0,0,0,0,6,0,0,0,0,8,0,1,1,6,7,0,0,0,0,0,0,0,0,0,0,1,0,0,0,0,1,1,1,0,0,0,1,1,0,0,3,0,0,0,2,2
Clarksville Police,2009-04-01,Indiana,21921,IN01002,breakdown offenses,adjustment,adjustment,adjustment,adjustment,adjustment,breakdown offenses,breakdown offenses,breakdown offenses,0,0,0,0,0,3,3,0,1,0,1,0,0,28,0,0,0,3,25,23,19,4,0,92,13,13,0,0,160,0,3,7,128,135,0,0,0,0,0,0,0,0,0,0,11,0,0,0,1,10,5,4,1,0,35,10,10,0,0,61,0,1,1,50,51,0,0,0,0,0,0,0,0,0,0,1,0,0,0,0,1,0,0,0,0,7,0,0,0,0,8,0,0,0,7,7,0,0,0,0,0,0,0,0,0,0,0,0,0,0,0,0,0,0,0,0,0,1,0,1,0,1,0,0,0,1,1
Clarksville Police,2009-03-01,Indiana,21921,IN01002,breakdown offenses,normal return,normal return,normal return,normal return,normal return,breakdown offenses,breakdown offenses,breakdown offenses,0,0,0,0,0,2,2,0,3,2,1,0,0,29,1,0,0,0,28,22,18,4,0,96,7,4,0,3,159,0,1,6,125,131,0,0,1,1,0,1,1,0,0,0,8,1,0,0,0,7,1,1,0,0,26,2,2,0,0,39,0,1,3,29,32,0,0,0,0,0,0,0,0,0,0,1,0,0,0,0,1,0,0,0,0,6,0,0,0,0,7,0,0,0,6,6,0,0,0,0,0,0,0,0,0,0,0,0,0,0,0,0,0,0,0,0,0,0,0,0,0,0,0,0,0,0,0
Clarksville Police,2009-02-01,Indiana,21921,IN01002,breakdown offenses,normal return,normal return,normal return,normal return,normal return,breakdown offenses,breakdown offenses,breakdown offenses,0,0,0,0,0,2,2,0,1,0,0,0,1,26,0,3,1,2,20,15,14,1,0,97,3,1,0,2,144,0,6,9,115,124,0,0,0,0,0,0,0,0,0,0,9,0,2,0,1,6,2,2,0,0,28,2,1,0,1,41,0,3,3,32,35,0,0,0,0,0,0,0,0,0,0,0,0,0,0,0,0,0,0,0,0,7,0,0,0,0,7,0,0,0,7,7,0,0,0,0,0,0,0,0,0,0,0,0,0,0,0,0,0,0,0,0,0,0,0,0,0,0,0,0,0,0,0
Clarksville Police,2009-01-01,Indiana,21921,IN01002,breakdown offenses,normal return,normal return,normal return,normal return,normal return,breakdown offenses,breakdown offenses,breakdown offenses,0,0,0,0,0,0,0,0,2,2,0,0,0,17,1,0,0,1,15,11,6,5,0,82,8,7,0,1,120,0,2,4,101,105,0,0,0,0,0,1,1,0,0,0,2,0,0,0,1,1,1,1,0,0,35,4,4,0,0,43,0,1,2,40,42,0,0,0,0,0,0,0,0,0,0,0,0,0,0,0,0,0,0,0,0,9,0,0,0,0,9,0,0,0,9,9,0,0,0,0,0,0,0,0,0,0,0,0,0,0,0,0,0,0,0,0,0,0,0,0,0,0,0,0,0,0,0
Clarksville Police,2008-12-01,Indiana,21747,IN01002,breakdown offenses,normal return,normal return,normal return,normal return,normal return,breakdown offenses,breakdown offenses,breakdown offenses,0,0,0,0,0,0,0,0,4,3,0,0,1,25,1,1,1,3,19,26,19,7,0,118,10,8,1,1,183,0,6,10,154,164,0,0,0,0,0,1,1,0,0,0,3,0,0,0,1,2,3,2,1,0,45,5,4,0,1,57,0,1,2,53,55,0,0,0,0,0,0,0,0,0,0,1,0,0,0,0,1,1,1,0,0,10,0,0,0,0,12,0,0,0,11,11,0,0,0,0,0,0,0,0,0,0,1,0,0,0,0,1,0,0,0,0,1,0,0,0,0,2,0,0,0,1,1
Clarksville Police,2008-11-01,Indiana,21747,IN01002,breakdown offenses,normal return,normal return,normal return,normal return,normal return,breakdown offenses,breakdown offenses,breakdown offenses,0,0,0,1,0,0,0,0,3,2,0,0,1,30,0,0,2,0,28,25,16,9,0,120,11,8,1,2,190,0,2,6,156,162,1,0,0,0,0,0,0,0,0,0,8,0,0,0,0,8,2,1,1,0,41,6,5,1,0,58,0,0,1,49,50,0,0,0,0,0,0,0,0,0,0,3,0,0,0,0,3,0,0,0,0,5,0,0,0,0,8,0,0,0,5,5,0,0,0,0,0,0,0,0,0,0,0,0,0,0,0,0,1,1,0,0,1,0,0,0,0,2,0,0,0,2,2
Clarksville Police,2008-10-01,Indiana,21747,IN01002,breakdown offenses,normal return,normal return,normal return,normal return,normal return,breakdown offenses,breakdown offenses,breakdown offenses,0,0,0,0,0,2,2,0,2,1,0,0,1,31,0,0,1,0,30,26,24,2,0,122,9,6,1,2,192,0,1,5,157,162,0,0,0,0,0,1,0,0,0,1,14,0,0,0,0,14,0,0,0,0,25,5,4,1,0,45,0,0,1,30,31,0,0,0,0,0,0,0,0,0,0,2,0,0,0,0,2,0,0,0,0,3,0,0,0,0,5,0,0,0,3,3,0,0,0,0,0,0,0,0,0,0,0,0,0,0,0,0,0,0,0,0,0,0,0,0,0,0,0,0,0,0,0
Clarksville Police,2008-09-01,Indiana,21747,IN01002,breakdown offenses,normal return,normal return,normal return,normal return,normal return,breakdown offenses,breakdown offenses,breakdown offenses,0,0,0,0,0,0,0,0,4,3,0,0,1,31,2,1,1,0,27,18,13,5,0,96,9,6,0,3,158,0,4,8,123,131,0,0,0,0,0,2,2,0,0,0,5,0,0,0,0,5,1,1,0,0,23,4,3,0,1,35,0,0,2,28,30,0,0,0,0,0,0,0,0,0,0,1,0,0,0,0,1,0,0,0,0,4,0,0,0,0,5,0,0,0,4,4,0,0,0,0,0,0,0,0,0,0,0,0,0,0,0,0,0,0,0,0,0,0,0,0,0,0,0,0,0,0,0
Clarksville Police,2008-08-01,Indiana,21747,IN01002,breakdown offenses,normal return,normal return,normal return,normal return,normal return,breakdown offenses,breakdown offenses,breakdown offenses,0,0,0,0,0,2,2,0,5,3,0,0,2,31,1,2,0,0,28,21,14,7,0,118,13,8,0,5,190,0,3,10,152,162,0,0,0,0,0,1,0,0,0,1,6,0,0,0,0,6,1,1,0,0,35,4,4,0,0,47,0,0,1,40,41,0,0,0,0,0,0,0,0,0,0,0,0,0,0,0,0,0,0,0,0,4,0,0,0,0,4,0,0,0,4,4,0,0,0,0,0,0,0,0,0,0,0,0,0,0,0,0,0,0,0,0,0,0,0,0,0,0,0,0,0,0,0
Clarksville Police,2008-07-01,Indiana,21747,IN01002,breakdown offenses,normal return,normal return,normal return,normal return,normal return,breakdown offenses,breakdown offenses,breakdown offenses,0,0,0,0,0,1,1,0,6,5,0,1,0,25,1,1,0,0,23,22,16,5,1,154,17,7,4,6,225,0,2,9,193,202,0,0,0,0,0,0,0,0,0,0,3,0,0,0,0,3,1,1,0,0,41,6,3,1,2,51,0,0,0,48,48,0,0,0,0,0,0,0,0,0,0,0,0,0,0,0,0,0,0,0,0,5,1,0,0,1,6,0,0,0,6,6,0,0,0,0,0,0,0,0,0,0,0,0,0,0,0,0,0,0,0,0,0,1,1,0,0,1,0,0,0,1,1
Clarksville Police,2008-06-01,Indiana,21747,IN01002,breakdown offenses,normal return,normal return,normal return,normal return,normal return,breakdown offenses,breakdown offenses,breakdown offenses,0,0,0,0,0,0,0,0,1,0,0,0,1,27,0,2,0,0,25,17,12,4,1,153,16,11,0,5,214,0,2,3,186,189,0,0,0,0,0,0,0,0,0,0,5,0,0,0,0,5,0,0,0,0,41,8,6,0,2,54,0,0,0,49,49,0,0,0,0,0,0,0,0,0,0,1,0,0,0,0,1,0,0,0,0,5,0,0,0,0,6,0,0,0,5,5,0,0,0,0,0,0,0,0,0,0,0,0,0,0,0,0,0,0,0,0,0,0,0,0,0,0,0,0,0,0,0
Clarksville Police,2008-05-01,Indiana,21747,IN01002,breakdown offenses,normal return,normal return,normal return,normal return,normal return,breakdown offenses,breakdown offenses,breakdown offenses,0,0,0,0,0,2,2,0,2,1,0,0,1,34,0,2,0,0,32,16,10,6,0,142,16,8,4,4,212,0,2,6,174,180,0,0,0,0,0,0,0,0,0,0,10,0,0,0,0,10,0,0,0,0,41,3,3,0,0,54,0,0,0,44,44,0,0,0,0,0,0,0,0,0,0,2,0,0,0,0,2,0,0,0,0,11,0,0,0,0,13,0,0,0,11,11,0,0,0,0,0,0,0,0,0,0,0,0,0,0,0,0,0,0,0,0,0,0,0,0,0,0,0,0,0,0,0
Clarksville Police,2008-04-01,Indiana,21747,IN01002,breakdown offenses,normal return,normal return,normal return,normal return,normal return,breakdown offenses,breakdown offenses,breakdown offenses,0,0,0,0,0,0,0,0,3,1,0,0,2,35,1,0,1,0,33,17,14,3,0,150,14,9,3,2,219,0,2,5,181,186,0,0,0,0,0,0,0,0,0,0,5,0,0,0,0,5,1,1,0,0,45,10,8,1,1,61,0,0,0,56,56,0,0,0,0,0,0,0,0,0,0,0,0,0,0,0,0,0,0,0,0,7,0,0,0,0,7,0,0,0,7,7,0,0,0,0,0,0,0,0,0,0,0,0,0,0,0,0,0,0,0,0,0,1,1,0,0,1,0,0,0,1,1
Clarksville Police,2008-03-01,Indiana,21747,IN01002,breakdown offenses,normal return,normal return,normal return,normal return,normal return,breakdown offenses,breakdown offenses,breakdown offenses,0,0,0,0,0,1,1,0,2,2,0,0,0,25,0,0,0,1,24,19,11,8,0,121,12,10,0,2,180,0,1,4,152,156,0,0,0,0,0,1,1,0,0,0,3,0,0,0,0,3,2,1,1,0,31,7,7,0,0,44,0,0,1,40,41,0,0,0,0,0,1,1,0,0,0,0,0,0,0,0,0,1,1,0,0,5,0,0,0,0,7,0,0,1,6,7,0,0,0,0,0,0,0,0,0,0,0,0,0,0,0,0,0,0,0,0,0,0,0,0,0,0,0,0,0,0,0
Clarksville Police,2008-02-01,Indiana,21747,IN01002,breakdown offenses,normal return,normal return,normal return,normal return,normal return,breakdown offenses,breakdown offenses,breakdown offenses,0,0,0,0,0,0,0,0,0,0,0,0,0,26,0,0,0,0,26,15,10,3,2,126,8,2,2,4,175,0,0,0,149,149,0,0,0,0,0,0,0,0,0,0,7,0,0,0,0,7,2,2,0,0,29,3,1,2,0,41,0,0,0,34,34,0,0,0,0,0,0,0,0,0,0,2,0,0,0,0,2,0,0,0,0,4,0,0,0,0,6,0,0,0,4,4,0,0,0,0,0,0,0,0,0,0,0,0,0,0,0,0,0,0,0,0,1,0,0,0,0,1,0,0,0,1,1
Clarksville Police,2008-01-01,Indiana,21747,IN01002,breakdown offenses,normal return,normal return,normal return,normal return,normal return,breakdown offenses,breakdown offenses,breakdown offenses,0,0,0,0,0,2,2,0,7,1,0,1,5,31,2,1,0,1,27,17,13,4,0,107,12,9,2,1,176,0,4,13,136,149,0,0,0,0,0,0,0,0,0,0,6,0,0,0,1,5,2,2,0,0,36,10,8,1,1,54,0,1,1,48,49,0,0,0,0,0,0,0,0,0,0,2,0,0,0,1,1,0,0,0,0,4,0,0,0,0,6,0,1,1,4,5,0,0,0,0,0,0,0,0,0,0,0,0,0,0,0,0,0,0,0,0,0,0,0,0,0,0,0,0,0,0,0
Clarksville Police,2007-12-01,Indiana,21295,IN01002,breakdown offenses,normal return,normal return,normal return,normal return,normal return,breakdown offenses,breakdown offenses,breakdown offenses,0,0,0,0,0,1,1,0,9,6,1,0,2,17,0,2,0,1,14,24,22,1,1,136,14,12,2,0,201,0,3,13,174,187,0,0,0,0,0,3,3,0,0,0,4,0,1,0,0,3,1,1,0,0,53,10,8,2,0,71,0,1,4,64,68,0,0,0,0,0,0,0,0,0,0,0,0,0,0,0,0,1,1,0,0,6,0,0,0,0,7,0,0,0,7,7,0,0,0,0,0,0,0,0,0,0,0,0,0,0,0,0,0,0,0,0,0,0,0,0,0,0,0,0,0,0,0
Clarksville Police,2007-11-01,Indiana,21295,IN01002,breakdown offenses,normal return,normal return,normal return,normal return,normal return,breakdown offenses,breakdown offenses,breakdown offenses,0,0,0,0,0,0,0,0,6,3,1,1,1,35,3,0,1,3,28,24,18,3,3,136,7,6,1,0,208,0,7,13,167,180,0,0,0,0,0,0,0,0,0,0,6,1,0,0,2,3,2,1,1,0,38,6,5,1,0,52,0,3,3,46,49,0,0,0,0,0,0,0,0,0,0,0,0,0,0,0,0,1,1,0,0,3,0,0,0,0,4,0,0,0,4,4,0,0,0,0,0,0,0,0,0,0,0,0,0,0,0,0,0,0,0,0,0,0,0,0,0,0,0,0,0,0,0
Clarksville Police,2007-10-01,Indiana,21295,IN01002,breakdown offenses,normal return,normal return,normal return,normal return,normal return,breakdown offenses,breakdown offenses,breakdown offenses,0,0,0,0,0,1,1,0,1,0,0,0,1,37,1,1,0,1,34,11,8,3,0,147,18,9,5,4,215,0,3,5,176,181,0,0,0,0,0,0,0,0,0,0,7,0,0,0,0,7,1,1,0,0,49,6,4,1,1,63,0,0,0,56,56,0,0,0,0,0,0,0,0,0,0,1,0,0,0,0,1,0,0,0,0,10,0,0,0,0,11,0,0,0,10,10,0,0,0,0,0,0,0,0,0,0,0,0,0,0,0,0,0,0,0,0,0,0,0,0,0,0,0,0,0,0,0
Clarksville Police,2007-09-01,Indiana,21295,IN01002,breakdown offenses,normal return,normal return,normal return,normal return,normal return,breakdown offenses,breakdown offenses,breakdown offenses,0,0,0,0,0,2,2,0,2,0,1,0,1,39,4,3,0,2,30,30,19,9,2,136,23,15,5,3,232,0,9,13,189,202,0,0,0,0,0,1,0,0,0,1,12,2,0,0,1,9,2,2,0,0,28,15,10,5,0,58,0,3,4,45,49,0,0,0,0,0,0,0,0,0,0,5,1,0,0,0,4,0,0,0,0,7,1,1,0,0,13,0,1,1,8,9,0,0,0,0,0,0,0,0,0,0,0,0,0,0,0,0,0,0,0,0,0,0,0,0,0,0,0,0,0,0,0
Clarksville Police,2007-08-01,Indiana,21295,IN01002,breakdown offenses,normal return,normal return,normal return,normal return,normal return,breakdown offenses,breakdown offenses,breakdown offenses,0,0,0,0,0,0,0,0,8,4,0,2,2,27,0,0,2,2,23,21,14,6,1,138,24,11,4,9,218,0,4,12,183,195,0,0,0,0,0,0,0,0,0,0,5,0,0,0,1,4,1,1,0,0,36,12,8,2,2,54,0,1,1,49,50,0,0,0,0,0,0,0,0,0,0,1,0,0,0,0,1,0,0,0,0,4,0,0,0,0,5,0,0,0,4,4,0,0,0,0,0,0,0,0,0,0,0,0,0,0,0,0,0,0,0,0,0,0,0,0,0,0,0,0,0,0,0
Clarksville Police,2007-07-01,Indiana,21295,IN01002,breakdown offenses,normal return,normal return,normal return,normal return,normal return,breakdown offenses,breakdown offenses,breakdown offenses,0,0,0,1,0,0,0,0,4,2,0,0,2,37,2,2,2,2,29,22,15,6,1,145,22,12,3,7,231,0,8,13,189,202,1,0,0,0,0,1,1,0,0,0,3,0,0,1,0,2,0,0,0,0,24,13,10,1,2,42,0,1,3,37,40,0,0,0,0,0,0,0,0,0,0,1,0,0,0,0,1,0,0,0,0,3,2,1,0,1,6,0,0,0,5,5,0,0,0,0,0,0,0,0,0,0,0,0,0,0,0,0,0,0,0,0,0,1,0,1,0,1,0,0,0,1,1
Clarksville Police,2007-06-01,Indiana,21295,IN01002,breakdown offenses,normal return,normal return,normal return,normal return,normal return,breakdown offenses,breakdown offenses,breakdown offenses,0,0,0,0,0,4,4,0,3,2,0,0,1,37,4,2,1,5,25,13,11,2,0,131,22,16,1,5,210,0,12,19,166,185,0,0,0,0,0,0,0,0,0,0,9,1,2,0,3,3,1,1,0,0,37,11,9,0,2,58,0,6,6,49,55,0,0,0,0,0,0,0,0,0,0,3,0,2,0,0,1,0,0,0,0,11,0,0,0,0,14,0,2,2,11,13,0,0,0,0,0,0,0,0,0,0,0,0,0,0,0,0,0,0,0,0,0,0,0,0,0,0,0,0,0,0,0
Clarksville Police,2007-05-01,Indiana,21295,IN01002,breakdown offenses,normal return,normal return,normal return,normal return,normal return,breakdown offenses,breakdown offenses,breakdown offenses,0,0,0,0,0,0,0,0,3,3,0,0,0,26,1,0,2,1,22,15,10,3,2,131,17,11,0,6,192,0,4,7,163,170,0,0,0,0,0,1,1,0,0,0,5,1,0,1,0,3,2,1,0,1,30,8,7,0,1,46,0,2,3,40,43,0,0,0,0,0,0,0,0,0,0,0,0,0,0,0,0,0,0,0,0,8,1,1,0,0,9,0,0,0,9,9,0,0,0,0,0,0,0,0,0,0,0,0,0,0,0,0,0,0,0,0,0,2,2,0,0,2,0,0,0,2,2
Clarksville Police,2007-04-01,Indiana,21295,IN01002,breakdown offenses,normal return,normal return,normal return,normal return,normal return,breakdown offenses,breakdown offenses,breakdown offenses,0,0,0,0,0,0,0,0,3,3,0,0,0,30,2,2,0,4,22,18,13,5,0,116,26,16,7,3,193,0,8,11,160,171,0,0,0,0,0,1,1,0,0,0,8,1,0,0,3,4,1,0,1,0,37,15,10,4,1,62,0,4,5,53,58,0,0,0,0,0,0,0,0,0,0,1,0,0,0,0,1,0,0,0,0,9,0,0,0,0,10,0,0,0,9,9,0,0,0,0,0,0,0,0,0,0,1,0,0,0,0,1,0,0,0,0,0,0,0,0,0,1,0,0,0,0,0
Clarksville Police,2007-03-01,Indiana,21295,IN01002,breakdown offenses,normal return,normal return,normal return,normal return,normal return,breakdown offenses,breakdown offenses,breakdown offenses,0,0,0,0,0,0,0,0,6,6,0,0,0,34,1,3,1,3,26,23,18,4,1,115,13,9,2,2,191,0,8,14,151,165,0,0,0,0,0,0,0,0,0,0,11,0,1,0,2,8,1,0,0,1,41,6,5,1,0,59,0,3,3,48,51,0,0,0,0,0,0,0,0,0,0,0,0,0,0,0,0,0,0,0,0,7,0,0,0,0,7,0,0,0,7,7,0,0,0,0,0,0,0,0,0,0,0,0,0,0,0,0,0,0,0,0,0,0,0,0,0,0,0,0,0,0,0
Clarksville Police,2007-02-01,Indiana,21295,IN01002,breakdown offenses,normal return,normal return,normal return,normal return,normal return,breakdown offenses,breakdown offenses,breakdown offenses,0,0,0,0,0,0,0,0,3,3,0,0,0,25,0,1,0,0,24,18,15,3,0,112,7,4,2,1,165,0,1,4,137,141,0,0,0,0,0,1,1,0,0,0,6,0,0,0,0,6,0,0,0,0,36,4,3,1,0,47,0,0,1,40,41,0,0,0,0,0,0,0,0,0,0,1,0,0,0,0,1,0,0,0,0,7,0,0,0,0,8,0,0,0,7,7,0,0,0,0,0,0,0,0,0,0,0,0,0,0,0,0,0,0,0,0,0,0,0,0,0,0,0,0,0,0,0
Clarksville Police,2007-01-01,Indiana,21295,IN01002,breakdown offenses,normal return,normal return,normal return,normal return,normal return,breakdown offenses,breakdown offenses,breakdown offenses,0,0,0,0,0,1,1,0,5,4,1,0,0,21,2,5,1,1,12,16,12,4,0,131,22,16,4,2,196,0,9,15,169,184,0,0,0,0,0,1,1,0,0,0,9,1,2,0,1,5,2,2,0,0,37,12,12,0,0,61,0,4,5,51,56,0,0,0,0,0,0,0,0,0,0,1,0,0,0,0,1,0,0,0,0,2,0,0,0,0,3,0,0,0,2,2,0,0,0,0,0,0,0,0,0,0,0,0,0,0,0,0,0,0,0,0,0,0,0,0,0,0,0,0,0,0,0
Clarksville Police,2006-12-01,Indiana,21200,IN01002,breakdown offenses,normal return,normal return,normal return,normal return,normal return,breakdown offenses,breakdown offenses,breakdown offenses,0,0,0,0,0,1,1,0,1,1,0,0,0,22,1,0,0,1,20,22,22,0,0,136,14,9,2,3,196,0,2,4,172,176,0,0,0,0,0,0,0,0,0,0,5,0,0,0,0,5,2,2,0,0,32,10,7,2,1,49,0,0,0,44,44,0,0,0,0,0,0,0,0,0,0,1,0,0,0,0,1,0,0,0,0,8,0,0,0,0,9,0,0,0,8,8,0,0,0,0,0,0,0,0,0,0,0,0,0,0,0,0,0,0,0,0,0,0,0,0,0,0,0,0,0,0,0
Clarksville Police,2006-11-01,Indiana,21200,IN01002,breakdown offenses,normal return,normal return,normal return,normal return,normal return,breakdown offenses,breakdown offenses,breakdown offenses,0,0,0,0,0,2,1,1,4,2,1,0,1,24,0,0,0,1,23,24,19,5,0,136,12,9,2,1,202,0,1,7,172,179,0,0,1,0,1,0,0,0,0,0,3,0,0,0,0,3,4,4,0,0,35,8,6,2,0,51,0,0,1,47,48,0,0,0,0,0,0,0,0,0,0,1,0,0,0,0,1,1,1,0,0,6,0,0,0,0,8,0,0,0,7,7,0,0,0,0,0,1,1,0,0,0,0,0,0,0,0,0,0,0,0,0,0,0,0,0,0,1,0,0,1,0,1
Clarksville Police,2006-10-01,Indiana,21200,IN01002,breakdown offenses,normal return,normal return,normal return,normal return,normal return,breakdown offenses,breakdown offenses,breakdown offenses,0,0,0,0,0,1,1,0,3,1,0,0,2,30,0,2,3,1,24,26,23,1,2,111,11,7,4,0,182,0,6,10,148,158,0,0,0,0,0,0,0,0,0,0,8,0,1,2,0,5,2,2,0,0,38,10,6,4,0,58,0,3,3,50,53,0,0,0,0,0,0,0,0,0,0,3,0,0,0,0,3,0,0,0,0,7,1,0,1,0,11,0,0,0,8,8,0,0,0,0,0,0,0,0,0,0,0,0,0,0,0,0,0,0,0,0,1,1,0,0,1,2,0,0,0,2,2
Clarksville Police,2006-09-01,Indiana,21200,IN01002,breakdown offenses,normal return,normal return,normal return,normal return,normal return,breakdown offenses,breakdown offenses,breakdown offenses,0,0,0,0,0,0,0,0,1,1,0,0,0,38,1,3,1,0,33,21,17,1,3,120,13,8,3,2,193,0,5,6,154,160,0,0,0,0,0,0,0,0,0,0,7,0,0,0,0,7,0,0,0,0,32,8,6,2,0,47,0,0,0,40,40,0,0,0,0,0,0,0,0,0,0,0,0,0,0,0,0,0,0,0,0,3,0,0,0,0,3,0,0,0,3,3,0,0,0,0,0,0,0,0,0,0,0,0,0,0,0,0,0,0,0,0,0,1,0,1,0,1,0,0,0,1,1
Clarksville Police,2006-08-01,Indiana,21200,IN01002,breakdown offenses,normal return,normal return,normal return,normal return,normal return,breakdown offenses,breakdown offenses,breakdown offenses,0,0,0,0,0,1,1,0,4,1,0,0,3,29,2,1,0,1,25,22,20,2,0,152,22,7,4,11,230,0,4,9,196,205,0,0,0,0,0,2,1,0,0,1,6,2,0,0,0,4,1,1,0,0,37,13,5,2,6,59,0,2,4,51,55,0,0,0,0,0,0,0,0,0,0,0,0,0,0,0,0,1,1,0,0,8,1,1,0,0,10,0,0,0,10,10,0,0,0,0,0,0,0,0,0,0,0,0,0,0,0,0,0,0,0,0,0,0,0,0,0,0,0,0,0,0,0
Clarksville Police,2006-07-01,Indiana,21200,IN01002,breakdown offenses,normal return,normal return,normal return,normal return,normal return,breakdown offenses,breakdown offenses,breakdown offenses,0,0,0,0,0,0,0,0,2,1,1,0,0,33,0,2,2,1,28,24,20,3,1,135,15,11,1,3,209,0,5,7,174,181,0,0,0,0,0,0,0,0,0,0,9,0,1,1,0,7,1,1,0,0,51,8,8,0,0,69,0,2,2,60,62,0,0,0,0,0,0,0,0,0,0,0,0,0,0,0,0,1,1,0,0,16,0,0,0,0,17,0,0,0,17,17,0,0,0,0,0,0,0,0,0,0,0,0,0,0,0,0,0,0,0,0,1,0,0,0,0,1,0,0,0,1,1
Clarksville Police,2006-06-01,Indiana,21200,IN01002,breakdown offenses,normal return,normal return,normal return,normal return,normal return,breakdown offenses,breakdown offenses,breakdown offenses,0,0,0,0,0,0,0,0,3,2,1,0,0,31,1,0,2,1,27,37,32,3,2,142,13,7,2,4,226,0,4,7,192,199,0,0,0,0,0,0,0,0,0,0,8,0,0,0,0,8,3,3,0,0,44,8,5,2,1,63,0,0,0,55,55,0,0,0,0,0,0,0,0,0,0,1,0,0,0,0,1,0,0,0,0,12,1,1,0,0,14,0,0,0,13,13,0,0,0,0,0,0,0,0,0,0,0,0,0,0,0,0,0,0,0,0,0,0,0,0,0,0,0,0,0,0,0
Clarksville Police,2006-05-01,Indiana,21200,IN01002,breakdown offenses,normal return,normal return,normal return,normal return,normal return,breakdown offenses,breakdown offenses,breakdown offenses,0,0,0,0,0,2,2,0,6,2,2,0,2,41,3,2,4,1,31,32,24,6,2,142,14,11,2,1,237,0,10,18,188,206,0,0,0,0,0,0,0,0,0,0,8,1,0,1,0,6,0,0,0,0,34,10,10,0,0,52,0,2,2,44,46,0,0,0,0,0,0,0,0,0,0,1,0,0,0,0,1,0,0,0,0,9,0,0,0,0,10,0,0,0,9,9,0,0,0,0,0,0,0,0,0,0,0,0,0,0,0,0,0,0,0,0,0,0,0,0,0,0,0,0,0,0,0
Clarksville Police,2006-04-01,Indiana,21200,IN01002,breakdown offenses,normal return,normal return,normal return,normal return,normal return,breakdown offenses,breakdown offenses,breakdown offenses,0,0,0,0,0,0,0,0,2,2,0,0,0,28,0,1,0,0,27,19,17,2,0,131,21,13,6,2,201,0,1,3,171,174,0,0,0,0,0,0,0,0,0,0,5,0,1,0,0,4,2,2,0,0,39,17,12,5,0,63,0,1,1,58,59,0,0,0,0,0,0,0,0,0,0,1,0,0,0,0,1,0,0,0,0,9,0,0,0,0,10,0,0,0,9,9,0,0,0,0,0,0,0,0,0,0,0,0,0,0,0,0,0,0,0,0,0,0,0,0,0,0,0,0,0,0,0
Clarksville Police,2006-03-01,Indiana,21200,IN01002,breakdown offenses,normal return,normal return,normal return,normal return,normal return,breakdown offenses,breakdown offenses,breakdown offenses,0,0,0,0,0,0,0,0,6,5,0,0,1,22,0,0,0,0,22,19,15,3,1,133,11,7,3,1,191,0,0,6,163,169,0,0,0,0,0,1,1,0,0,0,4,0,0,0,0,4,1,1,0,0,46,7,5,2,0,59,0,0,1,54,55,0,0,0,0,0,1,1,0,0,0,0,0,0,0,0,0,0,0,0,0,17,2,2,0,0,20,0,0,1,19,20,0,0,0,0,0,0,0,0,0,0,0,0,0,0,0,0,0,0,0,0,0,2,2,0,0,2,0,0,0,2,2
Clarksville Police,2006-02-01,Indiana,21200,IN01002,breakdown offenses,normal return,normal return,normal return,normal return,normal return,breakdown offenses,breakdown offenses,breakdown offenses,0,0,0,0,0,0,0,0,3,3,0,0,0,25,0,1,0,0,24,18,15,3,0,110,7,4,2,1,163,0,1,4,135,139,0,0,0,0,0,1,1,0,0,0,6,0,0,0,0,6,0,0,0,0,34,4,3,1,0,45,0,0,1,38,39,0,0,0,0,0,0,0,0,0,0,1,0,0,0,0,1,0,0,0,0,7,0,0,0,0,8,0,0,0,7,7,0,0,0,0,0,0,0,0,0,0,0,0,0,0,0,0,0,0,0,0,0,0,0,0,0,0,0,0,0,0,0
Clarksville Police,2006-01-01,Indiana,21200,IN01002,breakdown offenses,normal return,normal return,normal return,normal return,normal return,breakdown offenses,breakdown offenses,breakdown offenses,0,0,0,0,0,2,2,0,4,3,1,0,0,28,0,4,1,2,21,15,9,5,1,131,9,7,0,2,189,0,7,13,155,168,0,0,0,0,0,2,2,0,0,0,3,0,1,0,0,2,4,2,2,0,31,5,4,0,1,45,0,1,3,40,43,0,0,0,0,0,1,1,0,0,0,0,0,0,0,0,0,0,0,0,0,7,1,0,0,1,9,0,0,1,8,9,0,0,0,0,0,0,0,0,0,0,0,0,0,0,0,0,0,0,0,0,0,0,0,0,0,0,0,0,0,0,0
Clarksville Police,2005-12-01,Indiana,21253,IN01002,breakdown offenses,normal return,normal return,normal return,normal return,normal return,breakdown offenses,breakdown offenses,breakdown offenses,0,0,0,0,0,0,0,0,13,12,0,1,0,31,0,1,3,2,25,31,28,1,2,128,18,7,6,5,221,0,6,19,177,196,0,0,0,0,0,1,1,0,0,0,8,0,0,1,0,7,0,0,0,0,44,9,4,4,1,62,0,1,2,53,55,0,0,0,0,0,0,0,0,0,0,4,0,0,1,0,3,0,0,0,0,10,0,0,0,0,14,0,1,1,10,11,0,0,0,0,0,0,0,0,0,0,0,0,0,0,0,0,0,0,0,0,1,0,0,0,0,1,0,0,0,1,1
Clarksville Police,2005-11-01,Indiana,21253,IN01002,breakdown offenses,normal return,normal return,normal return,normal return,normal return,breakdown offenses,breakdown offenses,breakdown offenses,0,0,0,0,0,0,0,0,4,3,0,0,1,25,1,0,0,0,24,14,14,0,0,143,17,9,5,3,203,0,1,5,174,179,0,0,0,0,0,0,0,0,0,0,3,0,0,0,0,3,1,1,0,0,44,8,7,1,0,56,0,0,0,53,53,0,0,0,0,0,0,0,0,0,0,0,0,0,0,0,0,0,0,0,0,8,0,0,0,0,8,0,0,0,8,8,0,0,0,0,0,0,0,0,0,0,1,0,0,0,0,1,0,0,0,0,0,0,0,0,0,1,0,0,0,0,0
Clarksville Police,2005-10-01,Indiana,21253,IN01002,breakdown offenses,normal return,normal return,normal return,normal return,normal return,breakdown offenses,breakdown offenses,breakdown offenses,0,0,0,0,0,0,0,0,4,3,0,0,1,34,0,1,2,0,31,23,13,7,3,131,15,9,5,1,207,0,3,7,169,176,0,0,0,0,0,0,0,0,0,0,3,0,0,0,0,3,0,0,0,0,41,7,3,4,0,51,0,0,0,48,48,0,0,0,0,0,0,0,0,0,0,0,0,0,0,0,0,0,0,0,0,7,0,0,0,0,7,0,0,0,7,7,0,0,0,0,0,0,0,0,0,0,0,0,0,0,0,0,0,0,0,0,0,0,0,0,0,0,0,0,0,0,0
Clarksville Police,2005-09-01,Indiana,21253,IN01002,breakdown offenses,normal return,normal return,normal return,normal return,normal return,breakdown offenses,breakdown offenses,breakdown offenses,0,0,0,0,0,0,0,0,4,2,0,0,2,37,1,0,0,2,34,22,17,5,0,130,20,8,8,4,213,0,3,7,172,179,0,0,0,0,0,0,0,0,0,0,10,0,0,0,0,10,0,0,0,0,25,15,7,7,1,50,0,0,0,40,40,0,0,0,0,0,0,0,0,0,0,2,0,0,0,0,2,0,0,0,0,1,0,0,0,0,3,0,0,0,1,1,0,0,0,0,0,0,0,0,0,0,0,0,0,0,0,0,0,0,0,0,0,0,0,0,0,0,0,0,0,0,0
Clarksville Police,2005-08-01,Indiana,21253,IN01002,breakdown offenses,normal return,normal return,normal return,normal return,normal return,breakdown offenses,breakdown offenses,breakdown offenses,0,0,0,0,0,2,2,0,5,2,1,0,2,32,2,2,0,0,28,21,13,8,0,146,11,3,6,2,217,0,4,11,178,189,0,0,0,0,0,1,0,0,0,1,6,0,1,0,0,5,1,1,0,0,28,4,1,3,0,40,0,1,2,33,35,0,0,0,0,0,0,0,0,0,0,0,0,0,0,0,0,0,0,0,0,4,0,0,0,0,4,0,0,0,4,4,0,0,0,0,0,0,0,0,0,0,0,0,0,0,0,0,0,0,0,0,0,0,0,0,0,0,0,0,0,0,0
Clarksville Police,2005-07-01,Indiana,21253,IN01002,breakdown offenses,normal return,normal return,normal return,normal return,normal return,breakdown offenses,breakdown offenses,breakdown offenses,0,0,0,0,0,2,2,0,2,1,0,0,1,26,0,0,0,0,26,17,12,5,0,135,14,9,1,4,196,0,0,4,166,170,0,0,0,0,0,0,0,0,0,0,5,0,0,0,0,5,0,0,0,0,25,7,5,1,1,37,0,0,0,32,32,0,0,0,0,0,0,0,0,0,0,1,0,0,0,0,1,0,0,0,0,4,0,0,0,0,5,0,0,0,4,4,0,0,0,0,0,0,0,0,0,0,0,0,0,0,0,0,0,0,0,0,0,0,0,0,0,0,0,0,0,0,0
Clarksville Police,2005-06-01,Indiana,21253,IN01002,breakdown offenses,normal return,normal return,normal return,normal return,normal return,breakdown offenses,breakdown offenses,breakdown offenses,0,0,0,0,0,0,0,0,4,1,2,0,1,22,1,2,1,0,18,20,12,8,0,126,10,3,6,1,182,0,4,8,156,164,0,0,0,0,0,1,0,0,0,1,5,0,0,0,0,5,2,1,1,0,29,7,3,3,1,44,0,0,1,38,39,0,0,0,0,0,0,0,0,0,0,0,0,0,0,0,0,1,0,1,0,6,0,0,0,0,7,0,0,0,7,7,0,0,0,0,0,0,0,0,0,0,0,0,0,0,0,0,0,0,0,0,0,0,0,0,0,0,0,0,0,0,0
Clarksville Police,2005-05-01,Indiana,21253,IN01002,breakdown offenses,normal return,normal return,normal return,normal return,normal return,breakdown offenses,breakdown offenses,breakdown offenses,0,0,0,0,0,2,2,0,0,0,0,0,0,21,1,1,0,0,19,21,13,7,1,121,13,6,4,3,178,0,2,4,155,159,0,0,1,1,0,0,0,0,0,0,4,1,1,0,0,2,1,0,0,1,25,6,4,2,0,37,0,2,3,32,35,0,0,0,0,0,0,0,0,0,0,0,0,0,0,0,0,0,0,0,0,3,0,0,0,0,3,0,0,0,3,3,0,0,0,0,0,0,0,0,0,0,0,0,0,0,0,0,0,0,0,0,0,0,0,0,0,0,0,0,0,0,0
Clarksville Police,2005-04-01,Indiana,21253,IN01002,breakdown offenses,normal return,normal return,normal return,normal return,normal return,breakdown offenses,breakdown offenses,breakdown offenses,0,0,0,0,0,0,0,0,2,1,0,0,1,16,0,0,0,0,16,20,14,6,0,97,16,12,1,3,151,0,0,2,133,135,0,0,0,0,0,1,0,0,0,1,6,0,0,0,0,6,1,1,0,0,22,8,7,1,0,38,0,0,1,31,32,0,0,0,0,0,0,0,0,0,0,0,0,0,0,0,0,0,0,0,0,6,0,0,0,0,6,0,0,0,6,6,0,0,0,0,0,0,0,0,0,0,0,0,0,0,0,0,0,0,0,0,0,0,0,0,0,0,0,0,0,0,0
Clarksville Police,2005-03-01,Indiana,21253,IN01002,breakdown offenses,normal return,normal return,normal return,normal return,normal return,breakdown offenses,breakdown offenses,breakdown offenses,0,0,0,0,0,4,3,1,1,0,0,1,0,18,0,0,0,0,18,24,16,8,0,109,9,8,1,0,165,0,0,5,142,147,0,0,0,0,0,0,0,0,0,0,3,0,0,0,0,3,1,0,1,0,45,8,7,1,0,57,0,0,0,54,54,0,0,0,0,0,0,0,0,0,0,0,0,0,0,0,0,0,0,0,0,3,0,0,0,0,3,0,0,0,3,3,0,0,0,0,0,0,0,0,0,0,0,0,0,0,0,0,1,1,0,0,0,0,0,0,0,1,0,0,0,1,1
Clarksville Police,2005-02-01,Indiana,21253,IN01002,breakdown offenses,normal return,normal return,normal return,normal return,normal return,breakdown offenses,breakdown offenses,breakdown offenses,0,0,0,0,0,1,1,0,0,0,0,0,0,13,0,0,0,0,13,19,13,6,0,99,11,7,3,1,143,0,0,1,129,130,0,0,0,0,0,0,0,0,0,0,1,0,0,0,0,1,0,0,0,0,32,6,5,0,1,39,0,0,0,38,38,0,0,0,0,0,0,0,0,0,0,0,0,0,0,0,0,0,0,0,0,7,0,0,0,0,7,0,0,0,7,7,0,0,0,0,0,0,0,0,0,0,0,0,0,0,0,0,0,0,0,0,0,1,1,0,0,1,0,0,0,1,1
Clarksville Police,2005-01-01,Indiana,21253,IN01002,breakdown offenses,normal return,normal return,normal return,normal return,normal return,breakdown offenses,breakdown offenses,breakdown offenses,0,0,0,0,0,1,1,0,3,3,0,0,0,15,0,0,0,0,15,18,15,3,0,108,13,10,1,2,158,0,0,4,139,143,0,0,0,0,0,1,1,0,0,0,2,0,0,0,0,2,2,2,0,0,40,6,6,0,0,51,0,0,1,48,49,0,0,0,0,0,0,0,0,0,0,1,0,0,0,0,1,1,1,0,0,7,1,1,0,0,10,0,0,0,9,9,0,0,0,0,0,0,0,0,0,0,0,0,0,0,0,0,0,0,0,0,0,0,0,0,0,0,0,0,0,0,0
Clarksville Police,2004-12-01,Indiana,21381,IN01002,breakdown offenses,normal return,normal return,normal return,normal return,normal return,breakdown offenses,breakdown offenses,breakdown offenses,0,0,0,0,0,0,0,0,2,0,1,0,1,23,0,0,0,0,23,22,12,8,2,108,12,5,2,5,167,0,0,2,142,144,0,0,0,0,0,1,0,0,0,1,4,0,0,0,0,4,1,1,0,0,38,5,4,1,0,49,0,0,1,44,45,0,0,0,0,0,0,0,0,0,0,2,0,0,0,0,2,0,0,0,0,8,0,0,0,0,10,0,0,0,8,8,0,0,0,0,0,0,0,0,0,0,0,0,0,0,0,0,0,0,0,0,1,1,1,0,0,2,0,0,0,2,2
Clarksville Police,2004-11-01,Indiana,21381,IN01002,breakdown offenses,normal return,normal return,normal return,normal return,normal return,breakdown offenses,breakdown offenses,breakdown offenses,0,0,0,0,0,1,1,0,0,0,0,0,0,13,0,1,0,0,12,14,10,3,1,95,13,9,3,1,136,0,1,2,122,124,0,0,0,0,0,0,0,0,0,0,4,0,1,0,0,3,1,1,0,0,31,9,6,2,1,45,0,1,1,41,42,0,0,0,0,0,0,0,0,0,0,0,0,0,0,0,0,0,0,0,0,8,1,1,0,0,9,0,0,0,9,9,0,0,0,0,0,0,0,0,0,0,0,0,0,0,0,0,0,0,0,0,0,0,0,0,0,0,0,0,0,0,0
Clarksville Police,2004-10-01,Indiana,21381,IN01002,breakdown offenses,normal return,normal return,normal return,normal return,normal return,breakdown offenses,breakdown offenses,breakdown offenses,0,0,0,0,0,1,1,0,5,2,0,0,3,20,0,0,0,0,20,22,16,5,1,114,13,6,2,5,175,0,0,6,149,155,0,0,0,0,0,0,0,0,0,0,6,0,0,0,0,6,1,1,0,0,45,9,6,1,2,61,0,0,0,55,55,0,0,0,0,0,0,0,0,0,0,1,0,0,0,0,1,1,1,0,0,11,0,0,0,0,13,0,0,0,12,12,0,0,0,0,0,0,0,0,0,0,0,0,0,0,0,0,0,0,0,0,0,0,0,0,0,0,0,0,0,0,0
Clarksville Police,2004-09-01,Indiana,21381,IN01002,breakdown offenses,normal return,normal return,normal return,normal return,normal return,breakdown offenses,breakdown offenses,breakdown offenses,0,0,0,0,0,0,0,0,1,0,0,0,1,20,1,0,0,0,19,18,13,5,0,93,11,7,1,3,143,0,1,2,122,124,0,0,0,0,0,0,0,0,0,0,3,0,0,0,0,3,2,1,1,0,26,8,7,1,0,39,0,0,0,36,36,0,0,0,0,0,0,0,0,0,0,1,0,0,0,0,1,0,0,0,0,5,0,0,0,0,6,0,0,0,5,5,0,0,0,0,0,0,0,0,0,0,0,0,0,0,0,0,0,0,0,0,0,0,0,0,0,0,0,0,0,0,0
Clarksville Police,2004-08-01,Indiana,21381,IN01002,breakdown offenses,normal return,normal return,normal return,normal return,normal return,breakdown offenses,breakdown offenses,breakdown offenses,0,0,0,0,0,0,0,0,3,1,0,0,2,19,0,0,1,0,18,13,10,3,0,117,28,19,9,0,180,0,1,4,158,162,0,0,0,0,0,0,0,0,0,0,3,0,0,0,0,3,0,0,0,0,26,21,16,5,0,50,0,0,0,47,47,0,0,0,0,0,0,0,0,0,0,0,0,0,0,0,0,0,0,0,0,4,0,0,0,0,4,0,0,0,4,4,0,0,0,0,0,0,0,0,0,0,0,0,0,0,0,0,0,0,0,0,0,0,0,0,0,0,0,0,0,0,0
Clarksville Police,2004-07-01,Indiana,21381,IN01002,breakdown offenses,normal return,normal return,normal return,normal return,normal return,breakdown offenses,breakdown offenses,breakdown offenses,0,0,0,0,0,2,2,0,3,0,0,0,3,21,0,0,0,0,21,12,7,5,0,134,22,12,3,7,194,0,0,5,168,173,0,0,0,0,0,0,0,0,0,0,1,0,0,0,0,1,0,0,0,0,31,12,9,0,3,44,0,0,0,43,43,0,0,0,0,0,0,0,0,0,0,0,0,0,0,0,0,0,0,0,0,8,1,0,0,1,9,0,0,0,9,9,0,0,0,0,0,0,0,0,0,0,0,0,0,0,0,0,0,0,0,0,0,0,0,0,0,0,0,0,0,0,0
Clarksville Police,2004-06-01,Indiana,21381,IN01002,breakdown offenses,normal return,normal return,normal return,normal return,normal return,breakdown offenses,breakdown offenses,breakdown offenses,0,0,0,0,0,0,0,0,1,0,0,0,1,16,0,1,0,0,15,8,3,5,0,96,11,8,0,3,132,0,1,2,115,117,0,0,0,0,0,1,0,0,0,1,2,0,0,0,0,2,2,0,2,0,16,6,6,0,0,27,0,0,1,24,25,0,0,0,0,0,0,0,0,0,0,0,0,0,0,0,0,0,0,0,0,2,0,0,0,0,2,0,0,0,2,2,0,0,0,0,0,0,0,0,0,0,0,0,0,0,0,0,0,0,0,0,0,0,0,0,0,0,0,0,0,0,0
Clarksville Police,2004-05-01,Indiana,21381,IN01002,breakdown offenses,normal return,normal return,normal return,normal return,normal return,breakdown offenses,breakdown offenses,breakdown offenses,0,0,0,0,0,1,1,0,3,3,0,0,0,26,0,0,0,0,26,16,15,1,0,103,16,12,0,4,165,0,0,4,135,139,0,0,0,0,0,0,0,0,0,0,7,0,0,0,0,7,2,2,0,0,27,11,10,0,1,47,0,0,0,40,40,0,0,0,0,0,0,0,0,0,0,1,0,0,0,0,1,0,0,0,0,11,0,0,0,0,12,0,0,0,11,11,0,0,0,0,0,1,1,0,0,0,0,0,0,0,0,0,0,0,0,0,1,0,0,0,0,2,0,0,1,1,2
Clarksville Police,2004-04-01,Indiana,21381,IN01002,breakdown offenses,normal return,normal return,normal return,normal return,normal return,breakdown offenses,breakdown offenses,breakdown offenses,0,0,0,0,0,2,2,0,3,2,0,0,1,16,1,1,0,0,14,10,9,1,0,118,12,11,1,0,161,0,2,7,140,147,0,0,0,0,0,0,0,0,0,0,2,1,0,0,0,1,0,0,0,0,35,9,9,0,0,46,0,1,1,44,45,0,0,0,0,0,0,0,0,0,0,1,0,0,0,0,1,0,0,0,0,10,1,1,0,0,12,0,0,0,11,11,0,0,0,0,0,0,0,0,0,0,0,0,0,0,0,0,0,0,0,0,0,1,1,0,0,1,0,0,0,1,1
Clarksville Police,2004-03-01,Indiana,21381,IN01002,breakdown offenses,normal return,normal return,normal return,normal return,normal return,breakdown offenses,breakdown offenses,breakdown offenses,0,0,0,0,0,1,1,0,1,0,1,0,0,19,1,2,0,0,16,15,12,2,1,106,10,6,2,2,152,0,3,5,131,136,0,0,0,0,0,0,0,0,0,0,5,0,1,0,0,4,0,0,0,0,33,6,4,1,1,44,0,1,1,39,40,0,0,0,0,0,0,0,0,0,0,2,0,0,0,0,2,0,0,0,0,7,0,0,0,0,9,0,0,0,7,7,0,0,0,0,0,0,0,0,0,0,0,0,0,0,0,0,0,0,0,0,0,0,0,0,0,0,0,0,0,0,0
Clarksville Police,2004-02-01,Indiana,21381,IN01002,breakdown offenses,normal return,normal return,normal return,normal return,normal return,breakdown offenses,breakdown offenses,breakdown offenses,0,0,0,0,0,1,1,0,2,1,0,0,1,25,3,2,0,0,20,2,2,0,0,106,13,10,0,3,149,0,5,8,121,129,0,0,0,0,0,0,0,0,0,0,8,3,1,0,0,4,0,0,0,0,29,6,6,0,0,43,0,4,4,35,39,0,0,0,0,0,0,0,0,0,0,0,0,0,0,0,0,0,0,0,0,9,1,1,0,0,10,0,0,0,10,10,0,0,0,0,0,0,0,0,0,0,0,0,0,0,0,0,0,0,0,0,0,0,0,0,0,0,0,0,0,0,0
Clarksville Police,2004-01-01,Indiana,21381,IN01002,breakdown offenses,normal return,normal return,normal return,normal return,normal return,breakdown offenses,breakdown offenses,breakdown offenses,0,0,0,0,0,2,2,0,1,1,0,0,0,22,0,3,0,0,19,19,12,3,4,103,9,2,6,1,156,0,3,6,131,137,0,0,0,0,0,0,0,0,0,0,5,0,1,0,0,4,0,0,0,0,36,5,1,4,0,46,0,1,1,41,42,0,0,0,0,0,0,0,0,0,0,1,0,0,0,0,1,0,0,0,0,11,0,0,0,0,12,0,0,0,11,11,0,0,0,0,0,0,0,0,0,0,0,0,0,0,0,0,0,0,0,0,0,0,0,0,0,0,0,0,0,0,0
Clarksville Police,2003-12-01,Indiana,21434,IN01002,breakdown offenses,normal return,normal return,normal return,normal return,normal return,breakdown offenses,breakdown offenses,breakdown offenses,0,0,0,0,0,0,0,0,0,0,0,0,0,17,1,0,0,0,16,13,13,0,0,131,11,7,4,0,172,0,1,1,155,156,0,0,0,0,0,0,0,0,0,0,6,1,0,0,0,5,0,0,0,0,41,9,6,3,0,56,0,1,1,50,51,0,0,0,0,0,0,0,0,0,0,1,0,0,0,0,1,0,0,0,0,11,0,0,0,0,12,0,0,0,11,11,0,0,0,0,0,0,0,0,0,0,0,0,0,0,0,0,0,0,0,0,0,0,0,0,0,0,0,0,0,0,0
Clarksville Police,2003-11-01,Indiana,21434,IN01002,breakdown offenses,normal return,normal return,normal return,normal return,normal return,breakdown offenses,breakdown offenses,breakdown offenses,0,0,0,0,0,3,3,0,6,4,1,0,1,16,0,2,0,0,14,14,12,2,0,112,10,6,2,2,161,0,2,11,136,147,0,0,0,0,0,1,1,0,0,0,3,0,1,0,0,2,0,0,0,0,19,7,5,2,0,30,0,1,2,26,28,0,0,0,0,0,0,0,0,0,0,0,0,0,0,0,0,0,0,0,0,8,0,0,0,0,8,0,0,0,8,8,0,0,0,0,0,0,0,0,0,0,0,0,0,0,0,0,0,0,0,0,0,0,0,0,0,0,0,0,0,0,0
Clarksville Police,2003-10-01,Indiana,21434,IN01002,breakdown offenses,normal return,normal return,normal return,normal return,normal return,breakdown offenses,breakdown offenses,breakdown offenses,0,0,0,0,0,1,0,1,3,1,0,0,2,30,1,0,0,0,29,28,24,4,0,120,10,5,2,3,192,0,1,5,158,163,0,0,0,0,0,0,0,0,0,0,4,0,0,0,0,4,1,1,0,0,38,5,2,2,1,48,0,0,0,44,44,0,0,0,0,0,0,0,0,0,0,1,0,0,0,0,1,0,0,0,0,12,0,0,0,0,13,0,0,0,12,12,0,0,0,0,0,0,0,0,0,0,0,0,0,0,0,0,0,0,0,0,1,0,0,0,0,1,0,0,0,1,1
Clarksville Police,2003-09-01,Indiana,21434,IN01002,breakdown offenses,normal return,normal return,normal return,normal return,normal return,breakdown offenses,breakdown offenses,breakdown offenses,0,0,0,0,0,2,2,0,2,0,2,0,0,23,0,0,0,0,23,22,21,1,0,109,10,7,1,2,168,0,0,4,141,145,0,0,0,0,0,0,0,0,0,0,6,0,0,0,0,6,2,2,0,0,35,7,5,1,1,50,0,0,0,44,44,0,0,0,0,0,0,0,0,0,0,1,0,0,0,0,1,0,0,0,0,10,0,0,0,0,11,0,0,0,10,10,0,0,0,0,0,0,0,0,0,0,0,0,0,0,0,0,0,0,0,0,0,0,0,0,0,0,0,0,0,0,0
Clarksville Police,2003-08-01,Indiana,21434,IN01002,breakdown offenses,normal return,normal return,normal return,normal return,normal return,breakdown offenses,breakdown offenses,breakdown offenses,0,0,0,0,0,1,0,1,2,1,0,0,1,27,2,1,0,1,23,16,16,0,0,151,14,10,1,3,211,0,4,7,181,188,0,0,0,0,0,0,0,0,0,0,4,0,0,0,0,4,2,2,0,0,45,9,9,0,0,60,0,0,0,56,56,0,0,0,0,0,0,0,0,0,0,0,0,0,0,0,0,0,0,0,0,21,1,1,0,0,22,0,0,0,22,22,0,0,0,0,0,0,0,0,0,0,0,0,0,0,0,0,0,0,0,0,0,2,2,0,0,2,0,0,0,2,2
Clarksville Police,2003-07-01,Indiana,21434,IN01002,breakdown offenses,normal return,normal return,normal return,normal return,normal return,breakdown offenses,breakdown offenses,breakdown offenses,0,0,2,0,0,1,1,0,1,1,0,0,0,26,0,1,0,0,25,10,8,2,0,162,13,13,0,0,213,0,1,3,185,188,0,0,1,1,0,1,1,0,0,0,3,0,0,0,0,3,0,0,0,0,36,7,7,0,0,48,0,0,2,43,45,0,0,0,0,0,1,1,0,0,0,2,0,0,0,0,2,0,0,0,0,11,0,0,0,0,14,0,0,1,11,12,0,0,0,0,0,0,0,0,0,0,0,0,0,0,0,0,1,1,0,0,0,1,0,0,1,2,0,0,0,2,2
Clarksville Police,2003-06-01,Indiana,21434,IN01002,breakdown offenses,normal return,normal return,normal return,normal return,normal return,breakdown offenses,breakdown offenses,breakdown offenses,0,0,0,0,0,2,2,0,0,0,0,0,0,30,0,0,0,0,30,18,17,1,0,139,14,9,3,2,203,0,0,2,171,173,0,0,0,0,0,0,0,0,0,0,3,0,0,0,0,3,1,1,0,0,38,7,5,2,0,49,0,0,0,46,46,0,0,0,0,0,0,0,0,0,0,0,0,0,0,0,0,0,0,0,0,11,0,0,0,0,11,0,0,0,11,11,0,0,0,0,0,0,0,0,0,0,0,0,0,0,0,0,0,0,0,0,0,0,0,0,0,0,0,0,0,0,0
Clarksville Police,2003-05-01,Indiana,21434,IN01002,breakdown offenses,normal return,normal return,normal return,normal return,normal return,breakdown offenses,breakdown offenses,breakdown offenses,0,0,0,0,0,3,3,0,4,3,0,0,1,16,1,0,0,0,15,15,12,3,0,127,16,7,2,7,181,0,1,8,158,166,0,0,0,0,0,0,0,0,0,0,2,0,0,0,0,2,1,1,0,0,39,5,3,0,2,47,0,0,0,45,45,0,0,0,0,0,0,0,0,0,0,0,0,0,0,0,0,0,0,0,0,11,0,0,0,0,11,0,0,0,11,11,0,0,0,0,0,0,0,0,0,0,0,0,0,0,0,0,0,0,0,0,0,1,1,0,0,1,0,0,0,1,1
Clarksville Police,2003-04-01,Indiana,21434,IN01002,breakdown offenses,adjustment,adjustment,adjustment,adjustment,adjustment,breakdown offenses,breakdown offenses,breakdown offenses,0,0,0,0,0,2,2,0,1,0,0,0,1,22,0,1,0,0,21,18,15,3,0,135,3,2,0,1,181,0,1,4,156,160,0,0,1,1,0,0,0,0,0,0,3,0,0,0,0,3,1,1,0,0,40,0,0,0,0,45,0,0,1,41,42,0,0,0,0,0,0,0,0,0,0,0,0,0,0,0,0,0,0,0,0,11,0,0,0,0,11,0,0,0,11,11,0,0,0,0,0,0,0,0,0,0,0,0,0,0,0,0,0,0,0,0,0,0,0,0,0,0,0,0,0,0,0
Clarksville Police,2003-03-01,Indiana,21434,IN01002,breakdown offenses,normal return,normal return,normal return,normal return,normal return,breakdown offenses,breakdown offenses,breakdown offenses,0,0,0,0,0,2,2,0,5,4,0,0,1,18,1,0,1,0,16,12,11,1,0,100,12,6,6,0,149,0,2,9,124,133,0,0,0,0,0,1,0,0,0,1,3,0,0,1,0,2,1,1,0,0,27,3,1,2,0,35,0,1,2,31,33,0,0,0,0,0,1,0,0,0,1,0,0,0,0,0,0,0,0,0,0,7,0,0,0,0,8,0,0,1,7,8,0,0,0,0,0,0,0,0,0,0,0,0,0,0,0,0,0,0,0,0,0,0,0,0,0,0,0,0,0,0,0
Clarksville Police,2003-02-01,Indiana,21434,IN01002,breakdown offenses,normal return,normal return,normal return,normal return,normal return,breakdown offenses,breakdown offenses,breakdown offenses,0,0,0,0,0,0,0,0,3,2,0,0,1,14,0,0,0,0,14,4,3,1,0,79,5,2,3,0,105,0,0,3,88,91,0,0,0,0,0,1,0,0,0,1,1,0,0,0,0,1,0,0,0,0,18,2,0,2,0,22,0,0,1,20,21,0,0,0,0,0,0,0,0,0,0,0,0,0,0,0,0,0,0,0,0,7,0,0,0,0,7,0,0,0,7,7,0,0,0,0,0,0,0,0,0,0,0,0,0,0,0,0,0,0,0,0,1,0,0,0,0,1,0,0,0,1,1
Clarksville Police,2003-01-01,Indiana,21434,IN01002,breakdown offenses,normal return,normal return,normal return,normal return,normal return,breakdown offenses,breakdown offenses,breakdown offenses,0,0,0,0,0,0,0,0,3,2,1,0,0,24,0,0,0,0,24,12,12,0,0,139,16,13,2,1,194,0,0,3,167,170,0,0,0,0,0,1,1,0,0,0,7,0,0,0,0,7,4,4,0,0,52,11,9,1,1,75,0,0,1,67,68,0,0,0,0,0,0,0,0,0,0,1,0,0,0,0,1,0,0,0,0,10,0,0,0,0,11,0,0,0,10,10,0,0,0,0,0,0,0,0,0,0,0,0,0,0,0,0,0,0,0,0,0,0,0,0,0,0,0,0,0,0,0
Clarksville Police,2002-12-01,Indiana,21677,IN01002,breakdown offenses,normal return,normal return,normal return,normal return,normal return,breakdown offenses,breakdown offenses,breakdown offenses,0,0,0,0,0,1,1,0,5,2,1,0,2,16,0,0,0,0,16,15,14,1,0,148,10,9,1,0,195,0,0,6,173,179,0,0,0,0,0,0,0,0,0,0,1,0,0,0,0,1,1,1,0,0,50,3,2,1,0,55,0,0,0,54,54,0,0,0,0,0,0,0,0,0,0,0,0,0,0,0,0,1,1,0,0,10,0,0,0,0,11,0,0,0,11,11,0,0,0,0,0,0,0,0,0,0,0,0,0,0,0,0,0,0,0,0,0,0,0,0,0,0,0,0,0,0,0
Clarksville Police,2002-11-01,Indiana,21677,IN01002,breakdown offenses,normal return,normal return,normal return,normal return,normal return,breakdown offenses,breakdown offenses,breakdown offenses,0,0,0,0,0,0,0,0,1,0,0,0,1,44,0,1,1,0,42,15,9,3,3,197,20,17,0,3,277,0,2,3,232,235,0,0,0,0,0,0,0,0,0,0,9,0,0,0,0,9,2,2,0,0,79,15,14,0,1,105,0,0,0,96,96,0,0,0,0,0,0,0,0,0,0,1,0,0,0,0,1,0,0,0,0,8,1,1,0,0,10,0,0,0,9,9,0,0,0,0,0,0,0,0,0,0,0,0,0,0,0,0,0,0,0,0,1,0,0,0,0,1,0,0,0,1,1
Clarksville Police,2002-10-01,Indiana,21677,IN01002,breakdown offenses,normal return,normal return,normal return,normal return,normal return,breakdown offenses,breakdown offenses,breakdown offenses,0,0,0,0,0,0,0,0,5,5,0,0,0,18,0,2,0,0,16,25,22,1,2,125,12,7,4,1,185,0,2,7,162,169,0,0,0,0,0,1,1,0,0,0,1,0,0,0,0,1,5,5,0,0,29,8,5,3,0,44,0,0,1,42,43,0,0,0,0,0,0,0,0,0,0,0,0,0,0,0,0,1,1,0,0,7,0,0,0,0,8,0,0,0,8,8,0,0,0,0,0,0,0,0,0,0,0,0,0,0,0,0,0,0,0,0,1,0,0,0,0,1,0,0,0,1,1
Clarksville Police,2002-09-01,Indiana,21677,IN01002,breakdown offenses,normal return,normal return,normal return,normal return,normal return,breakdown offenses,breakdown offenses,breakdown offenses,0,0,1,0,0,0,0,0,2,2,0,0,0,22,0,0,1,0,21,23,19,1,3,124,19,16,2,1,190,0,1,3,166,169,0,0,0,0,0,0,0,0,0,0,6,0,0,0,0,6,1,0,0,1,23,12,12,0,0,42,0,0,0,36,36,0,0,0,0,0,0,0,0,0,0,1,0,0,0,0,1,0,0,0,0,6,0,0,0,0,7,0,0,0,6,6,0,0,0,0,0,0,0,0,0,0,0,0,0,0,0,0,0,0,0,0,0,0,0,0,0,0,0,0,0,0,0
Clarksville Police,2002-08-01,Indiana,21677,IN01002,breakdown offenses,normal return,normal return,normal return,normal return,normal return,breakdown offenses,breakdown offenses,breakdown offenses,0,0,0,0,0,1,1,0,0,0,0,0,0,27,0,2,0,0,25,8,6,2,0,162,18,15,1,2,216,0,2,3,188,191,0,0,0,0,0,0,0,0,0,0,5,0,0,0,0,5,0,0,0,0,37,11,10,0,1,53,0,0,0,48,48,0,0,0,0,0,0,0,0,0,0,0,0,0,0,0,0,0,0,0,0,10,1,1,0,0,11,0,0,0,11,11,0,0,0,0,0,0,0,0,0,0,0,0,0,0,0,0,0,0,0,0,1,0,0,0,0,1,0,0,0,1,1
Clarksville Police,2002-07-01,Indiana,21677,IN01002,breakdown offenses,normal return,normal return,normal return,normal return,normal return,breakdown offenses,breakdown offenses,breakdown offenses,0,0,0,0,0,0,0,0,4,3,1,0,0,22,0,1,0,0,21,17,17,0,0,144,15,12,0,3,202,0,1,5,176,181,0,0,0,0,0,0,0,0,0,0,3,0,0,0,0,3,1,1,0,0,37,8,6,0,2,49,0,0,0,46,46,0,0,0,0,0,0,0,0,0,0,1,0,0,0,0,1,0,0,0,0,11,0,0,0,0,12,0,0,0,11,11,0,0,0,0,0,0,0,0,0,0,0,0,0,0,0,0,0,0,0,0,0,0,0,0,0,0,0,0,0,0,0
Clarksville Police,2002-06-01,Indiana,21677,IN01002,breakdown offenses,normal return,normal return,normal return,normal return,normal return,breakdown offenses,breakdown offenses,breakdown offenses,0,0,0,0,0,0,0,0,3,2,0,0,1,23,1,1,0,0,21,19,14,5,0,132,12,10,0,2,189,0,2,5,163,168,0,0,0,0,0,1,1,0,0,0,6,0,1,0,0,5,0,0,0,0,26,9,8,0,1,42,0,1,2,35,37,0,0,0,0,0,0,0,0,0,0,0,0,0,0,0,0,0,0,0,0,7,0,0,0,0,7,0,0,0,7,7,0,0,0,0,0,0,0,0,0,0,0,0,0,0,0,0,0,0,0,0,0,0,0,0,0,0,0,0,0,0,0
Clarksville Police,2002-05-01,Indiana,21677,IN01002,breakdown offenses,normal return,normal return,normal return,normal return,normal return,breakdown offenses,breakdown offenses,breakdown offenses,0,0,0,0,0,1,1,0,5,2,1,1,1,20,0,0,1,0,19,9,9,0,0,158,18,17,1,0,211,0,1,7,185,192,0,0,0,0,0,2,1,0,1,0,4,0,0,1,0,3,0,0,0,0,37,12,11,1,0,55,0,1,3,49,52,0,0,0,0,0,0,0,0,0,0,1,0,0,1,0,0,0,0,0,0,14,0,0,0,0,15,0,1,1,14,15,0,0,0,0,0,0,0,0,0,0,0,0,0,0,0,0,0,0,0,0,0,0,0,0,0,0,0,0,0,0,0
Clarksville Police,2002-04-01,Indiana,21677,IN01002,breakdown offenses,normal return,normal return,normal return,normal return,normal return,breakdown offenses,breakdown offenses,breakdown offenses,0,0,0,0,0,0,0,0,3,2,0,1,0,21,0,2,0,0,19,8,8,0,0,154,15,13,1,1,201,0,2,5,177,182,0,0,0,0,0,0,0,0,0,0,5,0,0,0,0,5,0,0,0,0,33,9,7,1,1,47,0,0,0,42,42,0,0,0,0,0,0,0,0,0,0,1,0,0,0,0,1,0,0,0,0,10,1,0,0,1,12,0,0,0,11,11,0,0,0,0,0,0,0,0,0,0,0,0,0,0,0,0,0,0,0,0,0,0,0,0,0,0,0,0,0,0,0
Clarksville Police,2002-03-01,Indiana,21677,IN01002,breakdown offenses,normal return,normal return,normal return,normal return,normal return,breakdown offenses,breakdown offenses,breakdown offenses,0,0,0,0,0,0,0,0,1,0,1,0,0,25,0,0,2,0,23,13,9,4,0,132,12,10,2,0,183,0,2,3,157,160,0,0,0,0,0,0,0,0,0,0,7,0,0,0,0,7,1,1,0,0,29,8,7,1,0,45,0,0,0,38,38,0,0,0,0,0,0,0,0,0,0,0,0,0,0,0,0,0,0,0,0,5,0,0,0,0,5,0,0,0,5,5,0,0,0,0,0,0,0,0,0,0,0,0,0,0,0,0,0,0,0,0,0,0,0,0,0,0,0,0,0,0,0
Clarksville Police,2002-02-01,Indiana,21677,IN01002,breakdown offenses,normal return,normal return,normal return,normal return,normal return,breakdown offenses,breakdown offenses,breakdown offenses,0,0,0,0,0,1,1,0,0,0,0,0,0,21,0,1,0,0,20,9,8,1,0,101,17,13,2,2,149,0,1,2,127,129,0,0,0,0,0,0,0,0,0,0,2,0,0,0,0,2,1,1,0,0,34,8,6,1,1,45,0,0,0,43,43,0,0,0,0,0,0,0,0,0,0,1,0,0,0,0,1,1,1,0,0,9,0,0,0,0,11,0,0,0,10,10,0,0,0,0,0,0,0,0,0,0,0,0,0,0,0,0,0,0,0,0,0,0,0,0,0,0,0,0,0,0,0
Clarksville Police,2002-01-01,Indiana,21677,IN01002,breakdown offenses,normal return,normal return,normal return,normal return,normal return,breakdown offenses,breakdown offenses,breakdown offenses,0,0,0,0,0,0,0,0,3,2,1,0,0,23,0,0,0,0,23,12,12,0,0,136,15,12,2,1,189,0,0,3,163,166,0,0,0,0,0,1,1,0,0,0,7,0,0,0,0,7,3,3,0,0,51,9,7,1,1,71,0,0,1,63,64,0,0,0,0,0,0,0,0,0,0,1,0,0,0,0,1,0,0,0,0,10,0,0,0,0,11,0,0,0,10,10,0,0,0,0,0,0,0,0,0,0,0,0,0,0,0,0,0,0,0,0,0,0,0,0,0,0,0,0,0,0,0
Clarksville Police,2001-12-01,Indiana,21521,IN01002,breakdown offenses,normal return,normal return,normal return,normal return,normal return,breakdown offenses,breakdown offenses,breakdown offenses,0,0,0,0,0,0,0,0,4,4,0,0,0,20,1,0,0,0,19,15,10,5,0,141,20,17,1,2,200,0,1,5,176,181,0,0,0,0,0,0,0,0,0,0,3,1,0,0,0,2,3,3,0,0,33,13,11,1,1,52,0,1,1,49,50,0,0,0,0,0,0,0,0,0,0,0,0,0,0,0,0,1,1,0,0,10,1,1,0,0,12,0,0,0,12,12,0,0,0,0,0,0,0,0,0,0,0,0,0,0,0,0,0,0,0,0,0,0,0,0,0,0,0,0,0,0,0
Clarksville Police,2001-11-01,Indiana,21521,IN01002,breakdown offenses,normal return,normal return,normal return,normal return,normal return,breakdown offenses,breakdown offenses,breakdown offenses,0,0,0,1,0,0,0,0,0,0,0,0,0,22,0,0,0,0,22,13,12,1,0,140,9,9,0,0,185,0,0,1,162,163,1,0,0,0,0,0,0,0,0,0,4,0,0,0,0,4,1,1,0,0,25,5,5,0,0,36,0,0,1,31,32,0,0,0,0,0,0,0,0,0,0,0,0,0,0,0,0,0,0,0,0,8,0,0,0,0,8,0,0,0,8,8,0,0,0,0,0,0,0,0,0,0,0,0,0,0,0,0,0,0,0,0,0,0,0,0,0,0,0,0,0,0,0
Clarksville Police,2001-10-01,Indiana,21521,IN01002,breakdown offenses,normal return,normal return,normal return,normal return,normal return,breakdown offenses,breakdown offenses,breakdown offenses,0,0,0,0,0,0,0,0,5,1,3,0,1,20,1,0,0,1,18,13,12,1,0,152,14,13,1,0,204,0,2,7,179,186,0,0,0,0,0,2,0,1,0,1,2,0,0,0,0,2,2,2,0,0,33,11,11,0,0,50,0,0,2,46,48,0,0,0,0,0,0,0,0,0,0,0,0,0,0,0,0,0,0,0,0,5,0,0,0,0,5,0,0,0,5,5,0,0,0,0,0,0,0,0,0,0,0,0,0,0,0,0,0,0,0,0,0,1,1,0,0,1,0,0,0,1,1
Clarksville Police,2001-09-01,Indiana,21521,IN01002,breakdown offenses,normal return,normal return,normal return,normal return,normal return,breakdown offenses,breakdown offenses,breakdown offenses,0,0,1,0,0,0,0,0,1,1,0,0,0,26,0,0,1,0,25,8,8,0,0,111,25,22,2,1,171,0,1,2,144,146,0,0,0,0,0,0,0,0,0,0,7,0,0,1,0,6,1,1,0,0,17,15,14,1,0,40,0,1,1,33,34,0,0,0,0,0,0,0,0,0,0,0,0,0,0,0,0,0,0,0,0,8,1,1,0,0,9,0,0,0,9,9,0,0,0,0,0,0,0,0,0,0,0,0,0,0,0,0,0,0,0,0,1,1,1,0,0,2,0,0,0,2,2
Clarksville Police,2001-08-01,Indiana,21521,IN01002,breakdown offenses,normal return,normal return,normal return,normal return,normal return,breakdown offenses,breakdown offenses,breakdown offenses,0,0,1,0,0,2,1,1,2,2,0,0,0,21,0,0,0,0,21,8,8,0,0,143,23,18,1,4,199,0,0,4,174,178,0,0,0,0,0,0,0,0,0,0,5,0,0,0,0,5,1,1,0,0,16,15,13,1,1,37,0,0,0,32,32,0,0,0,0,0,0,0,0,0,0,2,0,0,0,0,2,0,0,0,0,9,0,0,0,0,11,0,0,0,9,9,0,0,0,0,0,0,0,0,0,0,0,0,0,0,0,0,0,0,0,0,0,1,1,0,0,1,0,0,0,1,1
Clarksville Police,2001-07-01,Indiana,21521,IN01002,breakdown offenses,normal return,normal return,normal return,normal return,normal return,breakdown offenses,breakdown offenses,breakdown offenses,0,0,0,0,0,1,1,0,5,3,1,0,1,16,0,0,2,0,14,10,10,0,0,157,25,19,0,6,214,0,2,8,192,200,0,0,0,0,0,0,0,0,0,0,1,0,0,0,0,1,1,1,0,0,29,11,11,0,0,42,0,0,0,41,41,0,0,0,0,0,0,0,0,0,0,1,0,0,0,0,1,1,1,0,0,10,1,1,0,0,13,0,0,0,12,12,0,0,0,0,0,0,0,0,0,0,0,0,0,0,0,0,0,0,0,0,0,1,0,1,0,1,0,0,0,1,1
Clarksville Police,2001-06-01,Indiana,21521,IN01002,breakdown offenses,normal return,normal return,normal return,normal return,normal return,breakdown offenses,breakdown offenses,breakdown offenses,0,0,0,0,0,0,0,0,2,2,0,0,0,19,1,0,0,0,18,10,9,1,0,151,27,21,0,6,209,0,1,3,188,191,0,0,0,0,0,0,0,0,0,0,4,0,0,0,0,4,0,0,0,0,36,8,8,0,0,48,0,0,0,44,44,0,0,0,0,0,0,0,0,0,0,1,0,0,0,0,1,0,0,0,0,12,0,0,0,0,13,0,0,0,12,12,0,0,0,0,0,0,0,0,0,0,0,0,0,0,0,0,0,0,0,0,1,0,0,0,0,1,0,0,0,1,1
Clarksville Police,2001-05-01,Indiana,21521,IN01002,breakdown offenses,normal return,normal return,normal return,normal return,normal return,breakdown offenses,breakdown offenses,breakdown offenses,0,0,0,0,0,1,1,0,2,1,1,0,0,20,1,0,0,0,19,12,9,3,0,150,39,36,3,0,224,0,1,4,201,205,0,0,0,0,0,0,0,0,0,0,3,1,0,0,0,2,1,1,0,0,30,23,21,2,0,57,0,1,1,54,55,0,0,0,0,0,0,0,0,0,0,1,0,0,0,0,1,0,0,0,0,11,0,0,0,0,12,0,0,0,11,11,0,0,0,0,0,0,0,0,0,0,0,0,0,0,0,0,0,0,0,0,1,0,0,0,0,1,0,0,0,1,1
Clarksville Police,2001-04-01,Indiana,21521,IN01002,breakdown offenses,normal return,normal return,normal return,normal return,normal return,breakdown offenses,breakdown offenses,breakdown offenses,0,0,2,0,0,1,1,0,2,2,0,0,0,24,0,0,0,0,24,17,16,1,0,137,18,14,1,3,199,0,0,3,172,175,0,0,0,0,0,0,0,0,0,0,5,0,0,0,0,5,0,0,0,0,43,11,10,0,1,59,0,0,0,54,54,0,0,0,0,0,0,0,0,0,0,2,0,0,0,0,2,0,0,0,0,11,0,0,0,0,13,0,0,0,11,11,0,0,0,0,0,0,0,0,0,0,0,0,0,0,0,0,0,0,0,0,0,0,0,0,0,0,0,0,0,0,0
Clarksville Police,2001-03-01,Indiana,21521,IN01002,breakdown offenses,normal return,normal return,normal return,normal return,normal return,breakdown offenses,breakdown offenses,breakdown offenses,0,0,1,0,0,2,2,0,4,1,0,0,3,21,0,0,2,0,19,9,6,3,0,144,19,17,0,2,199,0,2,8,172,180,0,0,0,0,0,0,0,0,0,0,5,0,0,2,0,3,2,2,0,0,41,7,7,0,0,55,0,2,2,50,52,0,0,0,0,0,0,0,0,0,0,2,0,0,0,0,2,1,1,0,0,12,0,0,0,0,15,0,0,0,13,13,0,0,0,0,0,0,0,0,0,0,0,0,0,0,0,0,0,0,0,0,0,0,0,0,0,0,0,0,0,0,0
Clarksville Police,2001-02-01,Indiana,21521,IN01002,breakdown offenses,normal return,normal return,normal return,normal return,normal return,breakdown offenses,breakdown offenses,breakdown offenses,0,0,1,0,0,0,0,0,2,1,0,0,1,18,0,1,0,0,17,7,5,2,0,121,12,10,1,1,160,0,1,3,140,143,0,0,0,0,0,0,0,0,0,0,4,0,1,0,0,3,0,0,0,0,30,6,5,1,0,40,0,1,1,36,37,0,0,0,0,0,0,0,0,0,0,0,0,0,0,0,0,0,0,0,0,4,0,0,0,0,4,0,0,0,4,4,0,0,0,0,0,0,0,0,0,0,0,0,0,0,0,0,0,0,0,0,0,0,0,0,0,0,0,0,0,0,0
Clarksville Police,2001-01-01,Indiana,21521,IN01002,breakdown offenses,normal return,normal return,normal return,normal return,normal return,breakdown offenses,breakdown offenses,breakdown offenses,0,0,0,0,0,1,1,0,4,2,1,0,1,26,1,2,0,1,22,20,20,0,0,115,11,9,1,1,177,0,4,9,146,155,0,0,0,0,0,1,1,0,0,0,6,1,1,0,0,4,1,1,0,0,34,6,5,1,0,48,0,2,3,41,44,0,0,0,0,0,0,0,0,0,0,0,0,0,0,0,0,1,1,0,0,11,0,0,0,0,12,0,0,0,12,12,0,0,0,0,0,0,0,0,0,0,0,0,0,0,0,0,0,0,0,0,0,0,0,0,0,0,0,0,0,0,0
Clarksville Police,2000-12-01,Indiana,21400,IN01002,breakdown offenses,normal return,normal return,normal return,normal return,normal return,breakdown offenses,breakdown offenses,breakdown offenses,0,0,0,0,0,0,0,0,5,2,0,1,2,13,0,0,1,0,12,12,8,3,1,138,16,13,1,2,184,0,1,6,166,172,0,0,0,0,0,0,0,0,0,0,1,0,0,0,0,1,0,0,0,0,32,5,5,0,0,38,0,0,0,37,37,0,0,0,0,0,0,0,0,0,0,0,0,0,0,0,0,0,0,0,0,9,0,0,0,0,9,0,0,0,9,9,0,0,0,0,0,0,0,0,0,0,0,0,0,0,0,0,0,0,0,0,0,0,0,0,0,0,0,0,0,0,0
Clarksville Police,2000-11-01,Indiana,21400,IN01002,breakdown offenses,normal return,normal return,normal return,normal return,normal return,breakdown offenses,breakdown offenses,breakdown offenses,0,0,0,0,0,1,1,0,4,0,1,0,3,26,1,1,2,1,21,22,19,2,1,166,15,10,2,3,234,0,5,10,203,213,0,0,0,0,0,0,0,0,0,0,6,0,1,0,0,5,2,2,0,0,41,3,3,0,0,52,0,1,1,46,47,0,0,0,0,0,0,0,0,0,0,1,0,0,0,0,1,0,0,0,0,11,0,0,0,0,12,0,0,0,11,11,0,0,0,0,0,0,0,0,0,0,0,0,0,0,0,0,0,0,0,0,0,0,0,0,0,0,0,0,0,0,0
Clarksville Police,2000-10-01,Indiana,21400,IN01002,breakdown offenses,normal return,normal return,normal return,normal return,normal return,breakdown offenses,breakdown offenses,breakdown offenses,0,0,0,0,0,0,0,0,3,2,0,0,1,25,1,0,0,0,24,18,18,0,0,142,15,12,1,2,203,0,1,4,175,179,0,0,0,0,0,0,0,0,0,0,5,0,0,0,0,5,0,0,0,0,43,6,5,1,0,54,0,0,0,49,49,0,0,0,0,0,0,0,0,0,0,1,0,0,0,0,1,0,0,0,0,15,1,1,0,0,17,0,0,0,16,16,0,0,0,0,0,0,0,0,0,0,0,0,0,0,0,0,0,0,0,0,0,0,0,0,0,0,0,0,0,0,0
Clarksville Police,2000-09-01,Indiana,21400,IN01002,breakdown offenses,normal return,normal return,normal return,normal return,normal return,breakdown offenses,breakdown offenses,breakdown offenses,0,0,0,0,0,1,1,0,2,1,1,0,0,27,0,0,0,0,27,12,10,2,0,180,10,6,1,3,232,0,0,3,202,205,0,0,0,0,0,0,0,0,0,0,7,0,0,0,0,7,0,0,0,0,49,2,2,0,0,58,0,0,0,51,51,0,0,0,0,0,0,0,0,0,0,2,0,0,0,0,2,0,0,0,0,22,0,0,0,0,24,0,0,0,22,22,0,0,0,0,0,0,0,0,0,0,0,0,0,0,0,0,0,0,0,0,0,0,0,0,0,0,0,0,0,0,0
Clarksville Police,2000-08-01,Indiana,21400,IN01002,breakdown offenses,normal return,normal return,normal return,normal return,normal return,breakdown offenses,breakdown offenses,breakdown offenses,0,0,0,0,0,1,0,1,1,0,0,0,1,15,0,0,0,0,15,9,5,2,2,179,15,9,0,6,220,0,0,2,203,205,0,0,0,0,0,0,0,0,0,0,1,0,0,0,0,1,0,0,0,0,45,3,2,0,1,49,0,0,0,48,48,0,0,0,0,0,0,0,0,0,0,0,0,0,0,0,0,0,0,0,0,15,1,1,0,0,16,0,0,0,16,16,0,0,0,0,0,0,0,0,0,0,0,0,0,0,0,0,0,0,0,0,0,0,0,0,0,0,0,0,0,0,0
Clarksville Police,2000-07-01,Indiana,21400,IN01002,breakdown offenses,normal return,normal return,normal return,normal return,normal return,breakdown offenses,breakdown offenses,breakdown offenses,0,0,0,0,0,0,0,0,3,2,0,0,1,23,0,1,0,0,22,12,8,1,3,200,16,14,0,2,254,0,1,4,228,232,0,0,0,0,0,0,0,0,0,0,4,0,0,0,0,4,1,0,0,1,36,7,7,0,0,48,0,0,0,44,44,0,0,0,0,0,0,0,0,0,0,0,0,0,0,0,0,0,0,0,0,18,0,0,0,0,18,0,0,0,18,18,0,0,0,0,0,0,0,0,0,0,0,0,0,0,0,0,0,0,0,0,0,0,0,0,0,0,0,0,0,0,0
Clarksville Police,2000-06-01,Indiana,21400,IN01002,breakdown offenses,adjustment,adjustment,adjustment,adjustment,adjustment,breakdown offenses,breakdown offenses,breakdown offenses,0,0,0,0,0,0,0,0,0,0,0,0,0,21,0,0,0,0,21,19,18,1,0,171,18,12,0,6,229,0,0,0,208,208,0,0,0,0,0,0,0,0,0,0,6,0,0,0,0,6,1,1,0,0,47,10,10,0,0,64,0,0,0,58,58,0,0,0,0,0,0,0,0,0,0,0,0,0,0,0,0,0,0,0,0,23,0,0,0,0,23,0,0,0,23,23,0,0,0,0,0,0,0,0,0,0,0,0,0,0,0,0,0,0,0,0,0,0,0,0,0,0,0,0,0,0,0
Clarksville Police,2000-05-01,Indiana,21400,IN01002,breakdown offenses,normal return,normal return,normal return,normal return,normal return,breakdown offenses,breakdown offenses,breakdown offenses,0,0,0,0,0,1,1,0,2,1,0,0,1,24,0,0,0,1,23,6,5,1,0,151,15,14,0,1,199,0,1,4,172,176,0,0,0,0,0,0,0,0,0,0,7,0,0,0,0,7,1,1,0,0,40,12,11,0,1,60,0,0,0,53,53,0,0,0,0,0,0,0,0,0,0,2,0,0,0,0,2,0,0,0,0,13,1,1,0,0,16,0,0,0,14,14,0,0,1,0,1,0,0,0,0,0,0,0,0,0,0,0,0,0,0,0,0,0,0,0,0,1,0,0,1,0,1
Clarksville Police,2000-04-01,Indiana,21400,IN01002,breakdown offenses,normal return,normal return,normal return,normal return,normal return,breakdown offenses,breakdown offenses,breakdown offenses,0,0,0,0,0,0,0,0,4,3,0,0,1,17,0,1,0,1,15,13,11,2,0,140,16,12,3,1,190,0,2,6,169,175,0,0,0,0,0,0,0,0,0,0,2,0,1,0,0,1,1,1,0,0,38,3,2,1,0,44,0,1,1,42,43,0,0,0,0,0,0,0,0,0,0,0,0,0,0,0,0,0,0,0,0,17,0,0,0,0,17,0,0,0,17,17,0,0,0,0,0,0,0,0,0,0,0,0,0,0,0,0,0,0,0,0,0,0,0,0,0,0,0,0,0,0,0
Clarksville Police,2000-03-01,Indiana,21400,IN01002,breakdown offenses,adjustment,adjustment,adjustment,adjustment,adjustment,breakdown offenses,breakdown offenses,breakdown offenses,0,0,0,0,0,1,1,0,2,2,0,0,0,20,0,0,0,0,20,6,6,0,0,126,24,22,1,1,179,0,0,3,156,159,0,0,0,0,0,0,0,0,0,0,4,0,0,0,0,4,1,1,0,0,26,18,17,1,0,49,0,0,0,45,45,0,0,0,0,0,0,0,0,0,0,0,0,0,0,0,0,0,0,0,0,11,0,0,0,0,11,0,0,0,11,11,0,0,0,0,0,0,0,0,0,0,0,0,0,0,0,0,0,0,0,0,0,0,0,0,0,0,0,0,0,0,0
Clarksville Police,2000-02-01,Indiana,21400,IN01002,breakdown offenses,adjustment,adjustment,adjustment,adjustment,adjustment,breakdown offenses,breakdown offenses,breakdown offenses,0,0,0,0,0,0,0,0,3,2,0,0,1,17,0,1,0,0,16,10,7,1,2,123,7,6,1,0,160,0,1,4,140,144,0,0,0,0,0,1,0,0,0,1,4,0,1,0,0,3,0,0,0,0,32,0,0,0,0,37,0,1,2,32,34,0,0,0,0,0,0,0,0,0,0,0,0,0,0,0,0,0,0,0,0,17,0,0,0,0,17,0,0,0,17,17,0,0,0,0,0,0,0,0,0,0,0,0,0,0,0,0,0,0,0,0,0,0,0,0,0,0,0,0,0,0,0
Clarksville Police,2000-01-01,Indiana,21400,IN01002,breakdown offenses,normal return,normal return,normal return,normal return,normal return,breakdown offenses,breakdown offenses,breakdown offenses,0,0,2,0,0,0,0,0,1,1,0,0,0,27,1,0,0,0,26,10,7,3,0,126,15,13,2,0,179,0,1,2,151,153,0,0,0,0,0,0,0,0,0,0,6,0,0,0,0,6,2,1,1,0,30,3,2,1,0,41,0,0,0,35,35,0,0,0,0,0,0,0,0,0,0,3,0,0,0,0,3,0,0,0,0,10,1,1,0,0,14,0,0,0,11,11,0,0,0,0,0,0,0,0,0,0,0,0,0,0,0,0,0,0,0,0,0,0,0,0,0,0,0,0,0,0,0
Clarksville Police,1999-12-01,Indiana,19834,IN01002,breakdown offenses,normal return,normal return,normal return,normal return,normal return,breakdown offenses,breakdown offenses,breakdown offenses,0,0,2,0,0,0,0,0,1,1,0,0,0,17,0,0,0,0,17,10,10,0,0,153,16,14,2,0,197,0,0,1,179,180,0,0,0,0,0,0,0,0,0,0,4,0,0,0,0,4,0,0,0,0,44,6,5,1,0,54,0,0,0,50,50,0,0,0,0,0,0,0,0,0,0,1,0,0,0,0,1,0,0,0,0,12,1,1,0,0,14,0,0,0,13,13,0,0,0,0,0,0,0,0,0,0,0,0,0,0,0,0,0,0,0,0,0,0,0,0,0,0,0,0,0,0,0
Clarksville Police,1999-11-01,Indiana,19834,IN01002,breakdown offenses,normal return,normal return,normal return,normal return,normal return,breakdown offenses,breakdown offenses,breakdown offenses,0,0,0,0,0,0,0,0,1,1,0,0,0,29,0,0,0,0,29,13,10,2,1,138,12,9,2,1,193,0,0,1,163,164,0,0,0,0,0,0,0,0,0,0,8,0,0,0,0,8,0,0,0,0,41,1,1,0,0,50,0,0,0,42,42,0,0,0,0,0,0,0,0,0,0,1,0,0,0,0,1,0,0,0,0,11,0,0,0,0,12,0,0,0,11,11,0,0,0,0,0,0,0,0,0,0,0,0,0,0,0,0,0,0,0,0,0,0,0,0,0,0,0,0,0,0,0
Clarksville Police,1999-10-01,Indiana,19834,IN01002,breakdown offenses,normal return,normal return,normal return,normal return,normal return,breakdown offenses,breakdown offenses,breakdown offenses,0,0,1,0,0,1,1,0,4,3,0,1,0,31,1,0,0,0,30,9,9,0,0,155,17,16,0,1,217,0,1,6,181,187,0,0,0,0,0,0,0,0,0,0,8,0,0,0,0,8,0,0,0,0,25,4,4,0,0,37,0,0,0,29,29,0,0,0,0,0,0,0,0,0,0,0,0,0,0,0,0,0,0,0,0,15,0,0,0,0,15,0,0,0,15,15,0,0,0,0,0,0,0,0,0,0,0,0,0,0,0,0,0,0,0,0,0,0,0,0,0,0,0,0,0,0,0
Clarksville Police,1999-09-01,Indiana,19834,IN01002,breakdown offenses,normal return,normal return,normal return,normal return,normal return,breakdown offenses,breakdown offenses,breakdown offenses,0,0,0,0,0,0,0,0,0,0,0,0,0,17,0,0,0,0,17,10,9,1,0,134,6,6,0,0,167,0,0,0,150,150,0,0,0,0,0,0,0,0,0,0,6,0,0,0,0,6,1,1,0,0,31,1,1,0,0,39,0,0,0,33,33,0,0,0,0,0,0,0,0,0,0,1,0,0,0,0,1,0,0,0,0,7,0,0,0,0,8,0,0,0,7,7,0,0,0,0,0,0,0,0,0,0,0,0,0,0,0,0,0,0,0,0,0,0,0,0,0,0,0,0,0,0,0
Clarksville Police,1999-08-01,Indiana,19834,IN01002,breakdown offenses,normal return,normal return,normal return,normal return,normal return,breakdown offenses,breakdown offenses,breakdown offenses,0,0,0,0,0,0,0,0,2,2,0,0,0,29,2,0,1,0,26,13,11,2,0,163,17,16,1,0,224,0,3,5,193,198,0,0,0,0,0,0,0,0,0,0,9,0,0,0,0,9,2,1,1,0,29,0,0,0,0,40,0,0,0,31,31,0,0,0,0,0,0,0,0,0,0,3,0,0,0,0,3,1,0,1,0,17,0,0,0,0,21,0,0,0,18,18,0,0,0,0,0,0,0,0,0,0,0,0,0,0,0,0,0,0,0,0,0,1,1,0,0,1,0,0,0,1,1
Clarksville Police,1999-07-01,Indiana,19834,IN01002,breakdown offenses,normal return,normal return,normal return,normal return,normal return,breakdown offenses,breakdown offenses,breakdown offenses,0,0,0,0,0,0,0,0,2,1,0,0,1,25,0,1,0,0,24,19,15,1,3,142,22,16,0,6,210,0,1,3,183,186,0,0,0,0,0,1,1,0,0,0,2,0,0,0,0,2,0,0,0,0,37,0,0,0,0,40,0,0,1,37,38,0,0,0,0,0,1,1,0,0,0,1,0,0,0,0,1,0,0,0,0,14,0,0,0,0,16,0,0,1,14,15,0,0,0,0,0,0,0,0,0,0,0,0,0,0,0,0,0,0,0,0,0,0,0,0,0,0,0,0,0,0,0
Clarksville Police,1999-06-01,Indiana,19834,IN01002,breakdown offenses,normal return,normal return,normal return,normal return,normal return,breakdown offenses,breakdown offenses,breakdown offenses,0,0,0,0,0,1,1,0,2,1,1,0,0,26,0,0,0,1,25,7,6,0,1,152,7,7,0,0,195,0,1,4,166,170,0,0,0,0,0,1,0,1,0,0,7,0,0,0,1,6,0,0,0,0,24,1,1,0,0,33,0,1,2,25,27,0,0,0,0,0,0,0,0,0,0,2,0,0,0,0,2,0,0,0,0,9,0,0,0,0,11,0,0,0,9,9,0,0,0,0,0,0,0,0,0,0,0,0,0,0,0,0,0,0,0,0,0,0,0,0,0,0,0,0,0,0,0
Clarksville Police,1999-05-01,Indiana,19834,IN01002,breakdown offenses,normal return,normal return,normal return,normal return,normal return,breakdown offenses,breakdown offenses,breakdown offenses,0,0,0,0,0,2,2,0,3,1,0,2,0,30,1,0,0,0,29,19,17,2,0,179,18,16,0,2,251,0,1,6,216,222,0,0,0,0,0,0,0,0,0,0,11,0,0,0,0,11,1,1,0,0,44,5,4,0,1,61,0,0,0,50,50,0,0,0,0,0,0,0,0,0,0,0,0,0,0,0,0,0,0,0,0,12,0,0,0,0,12,0,0,0,12,12,0,0,0,0,0,0,0,0,0,0,0,0,0,0,0,0,0,0,0,0,0,0,0,0,0,0,0,0,0,0,0
Clarksville Police,1999-04-01,Indiana,19834,IN01002,breakdown offenses,normal return,normal return,normal return,normal return,normal return,breakdown offenses,breakdown offenses,breakdown offenses,0,0,0,0,0,0,0,0,2,1,0,0,1,23,0,0,1,0,22,14,12,0,2,136,8,8,0,0,183,0,1,3,158,161,0,0,0,0,0,0,0,0,0,0,6,0,0,1,0,5,2,2,0,0,38,1,1,0,0,47,0,1,1,41,42,0,0,0,0,0,0,0,0,0,0,1,0,0,1,0,0,0,0,0,0,16,0,0,0,0,17,0,1,1,16,17,0,0,0,0,0,0,0,0,0,0,0,0,0,0,0,0,0,0,0,0,0,0,0,0,0,0,0,0,0,0,0
Clarksville Police,1999-03-01,Indiana,19834,IN01002,breakdown offenses,normal return,normal return,normal return,normal return,normal return,breakdown offenses,breakdown offenses,breakdown offenses,0,0,0,0,0,1,1,0,3,2,0,0,1,19,0,0,0,0,19,11,7,3,1,144,6,5,0,1,184,0,0,4,161,165,0,0,0,0,0,1,1,0,0,0,4,0,0,0,0,4,0,0,0,0,55,1,1,0,0,61,0,0,1,56,57,0,0,0,0,0,0,0,0,0,0,1,0,0,0,0,1,0,0,0,0,29,0,0,0,0,30,0,0,0,29,29,0,0,0,0,0,0,0,0,0,0,0,0,0,0,0,0,0,0,0,0,0,0,0,0,0,0,0,0,0,0,0
Clarksville Police,1999-02-01,Indiana,19834,IN01002,breakdown offenses,normal return,normal return,normal return,normal return,normal return,breakdown offenses,breakdown offenses,breakdown offenses,0,0,0,0,0,0,0,0,1,1,0,0,0,29,0,0,1,0,28,10,10,0,0,70,8,5,1,2,118,0,1,2,88,90,0,0,0,0,0,1,1,0,0,0,5,0,0,0,0,5,1,1,0,0,19,1,1,0,0,27,0,0,1,21,22,0,0,0,0,0,0,0,0,0,0,1,0,0,0,0,1,0,0,0,0,10,0,0,0,0,11,0,0,0,10,10,0,0,0,0,0,0,0,0,0,0,0,0,0,0,0,0,0,0,0,0,0,0,0,0,0,0,0,0,0,0,0
Clarksville Police,1999-01-01,Indiana,19834,IN01002,breakdown offenses,adjustment,adjustment,adjustment,adjustment,adjustment,breakdown offenses,breakdown offenses,breakdown offenses,0,0,0,0,0,1,1,0,5,5,0,0,0,20,0,0,0,2,18,7,6,1,0,106,8,8,0,0,147,0,2,8,121,129,0,0,0,0,0,0,0,0,0,0,3,0,0,0,2,1,0,0,0,0,34,2,2,0,0,39,0,2,2,36,38,0,0,0,0,0,0,0,0,0,0,0,0,0,0,0,0,0,0,0,0,7,0,0,0,0,7,0,0,0,7,7,0,0,0,0,0,0,0,0,0,0,0,0,0,0,0,0,0,0,0,0,0,0,0,0,0,0,0,0,0,0,0
Clarksville Police,1998-12-01,Indiana,20057,IN01002,breakdown offenses,normal return,normal return,normal return,normal return,normal return,breakdown offenses,breakdown offenses,breakdown offenses,0,0,0,0,0,1,1,0,1,0,0,0,1,22,0,0,0,0,22,15,15,0,0,150,10,8,1,1,199,0,0,2,175,177,0,0,0,0,0,0,0,0,0,0,6,0,0,0,0,6,1,1,0,0,47,2,1,1,0,56,0,0,0,50,50,0,0,0,0,0,0,0,0,0,0,0,0,0,0,0,0,0,0,0,0,12,0,0,0,0,12,0,0,0,12,12,0,0,0,0,0,0,0,0,0,0,0,0,0,0,0,0,0,0,0,0,1,1,1,0,0,2,0,0,0,2,2
Clarksville Police,1998-11-01,Indiana,20057,IN01002,breakdown offenses,adjustment,adjustment,adjustment,adjustment,adjustment,breakdown offenses,breakdown offenses,breakdown offenses,0,0,0,0,0,0,0,0,1,1,0,0,0,19,0,1,0,2,16,11,8,3,0,135,11,10,1,0,177,0,3,4,157,161,0,0,0,0,0,0,0,0,0,0,3,0,1,0,1,1,0,0,0,0,39,1,1,0,0,43,0,2,2,40,42,0,0,0,0,0,0,0,0,0,0,1,0,1,0,0,0,0,0,0,0,10,0,0,0,0,11,0,1,1,10,11,0,0,0,0,0,0,0,0,0,0,0,0,0,0,0,0,0,0,0,0,0,1,1,0,0,1,0,0,0,1,1
Clarksville Police,1998-10-01,Indiana,20057,IN01002,breakdown offenses,normal return,normal return,normal return,normal return,normal return,breakdown offenses,breakdown offenses,breakdown offenses,0,0,0,0,0,2,2,0,2,2,0,0,0,23,0,0,0,1,22,11,10,1,0,126,11,11,0,0,175,0,1,5,148,153,0,0,0,0,0,0,0,0,0,0,2,0,0,0,0,2,0,0,0,0,40,1,1,0,0,43,0,0,0,41,41,0,0,0,0,0,0,0,0,0,0,1,0,0,0,0,1,0,0,0,0,13,0,0,0,0,14,0,0,0,13,13,0,0,0,0,0,0,0,0,0,0,0,0,0,0,0,0,0,0,0,0,0,0,0,0,0,0,0,0,0,0,0
Clarksville Police,1998-09-01,Indiana,20057,IN01002,breakdown offenses,normal return,normal return,normal return,normal return,normal return,breakdown offenses,breakdown offenses,breakdown offenses,0,0,0,0,0,1,1,0,2,1,0,0,1,28,0,0,2,0,26,7,6,1,0,139,11,8,1,2,188,0,2,5,157,162,0,0,0,0,0,0,0,0,0,0,2,0,0,1,0,1,1,1,0,0,32,5,4,0,1,40,0,1,1,38,39,0,0,0,0,0,0,0,0,0,0,0,0,0,0,0,0,0,0,0,0,12,1,0,0,1,13,0,0,0,13,13,0,0,0,0,0,0,0,0,0,0,0,0,0,0,0,0,1,1,0,0,1,1,1,0,0,3,0,0,0,3,3
Clarksville Police,1998-08-01,Indiana,20057,IN01002,breakdown offenses,normal return,normal return,normal return,normal return,normal return,breakdown offenses,breakdown offenses,breakdown offenses,0,0,0,0,0,2,2,0,2,1,0,0,1,35,0,0,0,1,34,8,5,3,0,161,9,9,0,0,217,0,1,5,178,183,0,0,0,0,0,0,0,0,0,0,5,0,0,0,0,5,0,0,0,0,19,1,1,0,0,25,0,0,0,20,20,0,0,0,0,0,0,0,0,0,0,1,0,0,0,0,1,0,0,0,0,5,0,0,0,0,6,0,0,0,5,5,0,0,0,0,0,0,0,0,0,0,0,0,0,0,0,0,0,0,0,0,0,0,0,0,0,0,0,0,0,0,0
Clarksville Police,1998-07-01,Indiana,20057,IN01002,breakdown offenses,normal return,normal return,normal return,normal return,normal return,breakdown offenses,breakdown offenses,breakdown offenses,0,0,0,0,0,3,3,0,2,2,0,0,0,31,0,1,0,1,29,14,11,3,0,172,15,11,0,4,237,0,2,7,201,208,0,0,0,0,0,0,0,0,0,0,5,0,0,0,1,4,0,0,0,0,40,0,0,0,0,45,0,1,1,40,41,0,0,0,0,0,0,0,0,0,0,0,0,0,0,0,0,0,0,0,0,12,0,0,0,0,12,0,0,0,12,12,0,0,0,0,0,0,0,0,0,0,0,0,0,0,0,0,0,0,0,0,0,1,1,0,0,1,0,0,0,1,1
Clarksville Police,1998-06-01,Indiana,20057,IN01002,breakdown offenses,normal return,normal return,normal return,normal return,normal return,breakdown offenses,breakdown offenses,breakdown offenses,0,0,0,0,0,2,2,0,4,3,0,0,1,24,0,0,0,0,24,8,7,1,0,164,15,10,2,3,217,0,0,6,187,193,0,0,0,0,0,1,1,0,0,0,3,0,0,0,0,3,0,0,0,0,46,1,1,0,0,51,0,0,1,47,48,0,0,0,0,0,0,0,0,0,0,0,0,0,0,0,0,0,0,0,0,20,0,0,0,0,20,0,0,0,20,20,0,0,0,0,0,0,0,0,0,0,0,0,0,0,0,0,0,0,0,0,0,0,0,0,0,0,0,0,0,0,0
Clarksville Police,1998-05-01,Indiana,20057,IN01002,breakdown offenses,normal return,normal return,normal return,normal return,normal return,breakdown offenses,breakdown offenses,breakdown offenses,0,0,0,1,0,3,3,0,2,1,0,0,1,21,0,0,0,1,20,7,6,1,0,168,18,13,0,5,220,0,1,7,193,200,1,0,0,0,0,0,0,0,0,0,3,0,0,0,0,3,0,0,0,0,39,1,0,0,1,44,0,0,1,40,41,0,0,0,0,0,0,0,0,0,0,0,0,0,0,0,0,0,0,0,0,12,1,0,0,1,13,0,0,0,13,13,0,0,0,0,0,0,0,0,0,0,0,0,0,0,0,0,0,0,0,0,0,0,0,0,0,0,0,0,0,0,0
Clarksville Police,1998-04-01,Indiana,20057,IN01002,breakdown offenses,normal return,normal return,normal return,normal return,normal return,breakdown offenses,breakdown offenses,breakdown offenses,0,0,0,0,0,1,1,0,3,1,0,0,2,20,0,1,0,2,17,4,4,0,0,150,8,5,1,2,186,0,3,7,162,169,0,0,0,0,0,1,0,0,0,1,5,0,0,0,0,5,0,0,0,0,52,1,1,0,0,59,0,0,1,53,54,0,0,0,0,0,1,0,0,0,1,0,0,0,0,0,0,0,0,0,0,21,0,0,0,0,22,0,0,1,21,22,0,0,0,0,0,0,0,0,0,0,0,0,0,0,0,0,0,0,0,0,0,0,0,0,0,0,0,0,0,0,0
Clarksville Police,1998-03-01,Indiana,20057,IN01002,breakdown offenses,normal return,normal return,normal return,normal return,normal return,breakdown offenses,breakdown offenses,breakdown offenses,0,0,0,0,0,0,0,0,1,0,0,0,1,20,0,0,0,0,20,9,6,0,3,164,11,8,0,3,205,0,0,1,184,185,0,0,0,0,0,0,0,0,0,0,4,0,0,0,0,4,1,1,0,0,39,1,1,0,0,45,0,0,0,41,41,0,0,0,0,0,0,0,0,0,0,0,0,0,0,0,0,1,1,0,0,11,0,0,0,0,12,0,0,0,12,12,0,0,0,0,0,0,0,0,0,0,0,0,0,0,0,0,0,0,0,0,0,0,0,0,0,0,0,0,0,0,0
Clarksville Police,1998-02-01,Indiana,20057,IN01002,breakdown offenses,normal return,normal return,normal return,normal return,normal return,breakdown offenses,breakdown offenses,breakdown offenses,0,0,0,0,0,2,1,1,1,1,0,0,0,16,0,0,0,0,16,14,9,3,2,123,9,7,1,1,165,0,0,3,146,149,0,0,0,0,0,0,0,0,0,0,4,0,0,0,0,4,0,0,0,0,57,0,0,0,0,61,0,0,0,57,57,0,0,0,0,0,0,0,0,0,0,1,0,0,0,0,1,0,0,0,0,16,0,0,0,0,17,0,0,0,16,16,0,0,0,0,0,0,0,0,0,0,0,0,0,0,0,0,0,0,0,0,0,0,0,0,0,0,0,0,0,0,0
Clarksville Police,1998-01-01,Indiana,20057,IN01002,breakdown offenses,normal return,normal return,normal return,normal return,normal return,breakdown offenses,breakdown offenses,breakdown offenses,0,0,0,0,0,0,0,0,0,0,0,0,0,16,0,0,0,0,16,9,7,0,2,159,7,7,0,0,191,0,0,0,175,175,0,0,0,0,0,0,0,0,0,0,6,0,0,0,0,6,0,0,0,0,57,0,0,0,0,63,0,0,0,57,57,0,0,0,0,0,0,0,0,0,0,2,0,0,0,0,2,0,0,0,0,16,0,0,0,0,18,0,0,0,16,16,0,0,0,0,0,0,0,0,0,0,0,0,0,0,0,0,0,0,0,0,0,0,0,0,0,0,0,0,0,0,0
Clarksville Police,1997-12-01,Indiana,22005,IN01002,breakdown offenses,normal return,normal return,normal return,normal return,normal return,breakdown offenses,breakdown offenses,breakdown offenses,0,0,0,0,0,3,3,0,6,4,0,0,2,17,0,1,0,1,15,10,9,0,1,204,12,10,2,0,252,0,2,11,226,237,0,0,1,1,0,1,0,0,0,1,5,0,1,0,0,4,1,1,0,0,61,1,1,0,0,70,0,1,3,63,66,0,0,0,0,0,0,0,0,0,0,1,0,1,0,0,0,0,0,0,0,15,1,1,0,0,17,0,1,1,16,17,0,0,0,0,0,0,0,0,0,0,0,0,0,0,0,0,0,0,0,0,0,0,0,0,0,0,0,0,0,0,0
Clarksville Police,1997-11-01,Indiana,22005,IN01002,breakdown offenses,normal return,normal return,normal return,normal return,normal return,breakdown offenses,breakdown offenses,breakdown offenses,0,0,0,0,0,1,1,0,2,2,0,0,0,49,1,0,1,13,34,13,10,2,1,167,15,11,2,2,247,0,15,18,195,213,0,0,0,0,0,0,0,0,0,0,9,0,0,1,4,4,0,0,0,0,52,2,0,0,2,63,0,5,5,54,59,0,0,0,0,0,0,0,0,0,0,4,0,0,1,1,2,0,0,0,0,17,2,0,0,2,23,0,2,2,19,21,0,0,0,0,0,0,0,0,0,0,0,0,0,0,0,0,0,0,0,0,0,0,0,0,0,0,0,0,0,0,0
Clarksville Police,1997-10-01,Indiana,22005,IN01002,breakdown offenses,normal return,normal return,normal return,normal return,normal return,breakdown offenses,breakdown offenses,breakdown offenses,0,0,0,0,0,0,0,0,1,1,0,0,0,41,1,0,0,9,31,13,10,2,1,177,7,7,0,0,239,0,10,11,197,208,0,0,0,0,0,0,0,0,0,0,9,0,0,0,2,7,3,3,0,0,61,0,0,0,0,73,0,2,2,64,66,0,0,0,0,0,0,0,0,0,0,1,0,0,0,0,1,1,1,0,0,17,0,0,0,0,19,0,0,0,18,18,0,0,0,0,0,0,0,0,0,0,0,0,0,0,0,0,0,0,0,0,0,0,0,0,0,0,0,0,0,0,0
Clarksville Police,1997-09-01,Indiana,22005,IN01002,breakdown offenses,normal return,normal return,normal return,normal return,normal return,breakdown offenses,breakdown offenses,breakdown offenses,0,0,0,0,0,1,1,0,4,4,0,0,0,15,0,0,0,1,14,17,13,4,0,150,5,3,0,2,192,0,1,6,172,178,0,0,0,0,0,0,0,0,0,0,4,0,0,0,1,3,1,0,1,0,38,0,0,0,0,43,0,1,1,39,40,0,0,0,0,0,0,0,0,0,0,0,0,0,0,0,0,1,0,1,0,16,0,0,0,0,17,0,0,0,17,17,0,0,0,0,0,0,0,0,0,0,0,0,0,0,0,0,0,0,0,0,0,0,0,0,0,0,0,0,0,0,0
Clarksville Police,1997-08-01,Indiana,22005,IN01002,breakdown offenses,normal return,normal return,normal return,normal return,normal return,breakdown offenses,breakdown offenses,breakdown offenses,0,0,0,0,0,1,1,0,2,1,0,0,1,23,0,0,0,12,11,9,8,1,0,181,10,7,1,2,226,0,12,15,200,215,0,0,0,0,0,0,0,0,0,0,3,0,0,0,2,1,0,0,0,0,44,0,0,0,0,47,0,2,2,44,46,0,0,0,0,0,0,0,0,0,0,2,0,0,0,2,0,0,0,0,0,18,0,0,0,0,20,0,2,2,18,20,0,0,0,0,0,0,0,0,0,0,0,0,0,0,0,0,0,0,0,0,0,0,0,0,0,0,0,0,0,0,0
Clarksville Police,1997-07-01,Indiana,22005,IN01002,breakdown offenses,normal return,normal return,normal return,normal return,normal return,breakdown offenses,breakdown offenses,breakdown offenses,0,0,0,0,0,1,1,0,2,1,1,0,0,24,0,0,0,6,18,18,15,2,1,143,10,8,1,1,198,0,6,9,171,180,0,0,0,0,0,0,0,0,0,0,4,0,0,0,1,3,1,1,0,0,31,0,0,0,0,36,0,1,1,32,33,0,0,0,0,0,0,0,0,0,0,0,0,0,0,0,0,0,0,0,0,16,0,0,0,0,16,0,0,0,16,16,0,0,0,0,0,0,0,0,0,0,0,0,0,0,0,0,0,0,0,0,0,1,1,0,0,1,0,0,0,1,1
Clarksville Police,1997-06-01,Indiana,22005,IN01002,breakdown offenses,adjustment,adjustment,adjustment,adjustment,adjustment,breakdown offenses,breakdown offenses,breakdown offenses,0,0,0,0,0,2,2,0,3,0,0,1,2,26,0,0,0,0,26,16,14,2,0,177,9,7,0,2,233,0,0,5,202,207,0,0,0,0,0,0,0,0,0,0,5,0,0,0,0,5,0,0,0,0,57,1,1,0,0,63,0,0,0,58,58,0,0,0,0,0,0,0,0,0,0,0,0,0,0,0,0,0,0,0,0,27,0,0,0,0,27,0,0,0,27,27,0,0,0,0,0,0,0,0,0,0,0,0,0,0,0,0,0,0,0,0,0,1,1,0,0,1,0,0,0,1,1
Clarksville Police,1997-05-01,Indiana,22005,IN01002,breakdown offenses,adjustment,adjustment,adjustment,adjustment,adjustment,breakdown offenses,breakdown offenses,breakdown offenses,0,0,0,0,0,1,1,0,3,2,0,0,1,29,1,1,0,0,27,15,11,1,3,166,9,9,0,0,223,0,2,6,190,196,0,0,0,0,0,0,0,0,0,0,3,1,0,0,0,2,1,1,0,0,57,1,1,0,0,62,0,1,1,59,60,0,0,0,0,0,0,0,0,0,0,0,0,0,0,0,0,1,1,0,0,29,0,0,0,0,30,0,0,0,30,30,0,0,0,0,0,0,0,0,0,0,0,0,0,0,0,0,0,0,0,0,0,0,0,0,0,0,0,0,0,0,0
Clarksville Police,1997-04-01,Indiana,22005,IN01002,breakdown offenses,adjustment,adjustment,adjustment,adjustment,adjustment,breakdown offenses,breakdown offenses,breakdown offenses,0,0,0,0,0,1,1,0,1,1,0,0,0,24,0,1,2,0,21,12,11,1,0,179,15,12,0,3,232,0,3,5,206,211,0,0,0,0,0,1,1,0,0,0,4,0,0,0,0,4,0,0,0,0,47,0,0,0,0,52,0,0,1,47,48,0,0,0,0,0,0,0,0,0,0,0,0,0,0,0,0,0,0,0,0,19,0,0,0,0,19,0,0,0,19,19,0,0,1,1,0,0,0,0,0,0,0,0,0,0,0,0,0,0,0,0,0,1,1,0,0,2,0,0,1,1,2
Clarksville Police,1997-03-01,Indiana,22005,IN01002,breakdown offenses,adjustment,adjustment,adjustment,adjustment,adjustment,breakdown offenses,breakdown offenses,breakdown offenses,0,0,0,0,0,3,3,0,3,1,1,0,1,30,0,1,0,0,29,15,13,0,2,165,16,13,1,2,232,0,1,7,196,203,0,0,0,0,0,0,0,0,0,0,2,0,0,0,0,2,0,0,0,0,41,2,2,0,0,45,0,0,0,43,43,0,0,0,0,0,0,0,0,0,0,1,0,0,0,0,1,0,0,0,0,19,0,0,0,0,20,0,0,0,19,19,0,0,0,0,0,0,0,0,0,0,0,0,0,0,0,0,0,0,0,0,0,0,0,0,0,0,0,0,0,0,0
Clarksville Police,1997-02-01,Indiana,22005,IN01002,breakdown offenses,adjustment,adjustment,adjustment,adjustment,adjustment,breakdown offenses,breakdown offenses,breakdown offenses,0,0,0,0,0,0,0,0,1,1,0,0,0,29,0,2,0,0,27,9,8,0,1,119,17,15,1,1,175,0,2,3,145,148,0,0,0,0,0,0,0,0,0,0,6,0,0,0,0,6,0,0,0,0,22,4,4,0,0,32,0,0,0,26,26,0,0,0,0,0,0,0,0,0,0,1,0,0,0,0,1,0,0,0,0,10,1,1,0,0,12,0,0,0,11,11,0,0,0,0,0,0,0,0,0,0,0,0,0,0,0,0,0,0,0,0,1,0,0,0,0,1,0,0,0,1,1
Clarksville Police,1997-01-01,Indiana,22005,IN01002,breakdown offenses,adjustment,adjustment,adjustment,adjustment,adjustment,breakdown offenses,breakdown offenses,breakdown offenses,0,0,0,0,0,0,0,0,0,0,0,0,0,31,1,1,0,0,29,19,17,1,1,180,20,18,2,0,250,0,2,2,219,221,0,0,0,0,0,0,0,0,0,0,6,0,0,0,0,6,0,0,0,0,42,2,2,0,0,50,0,0,0,44,44,0,0,0,0,0,0,0,0,0,0,0,0,0,0,0,0,0,0,0,0,14,0,0,0,0,14,0,0,0,14,14,0,0,0,0,0,0,0,0,0,0,0,0,0,0,0,0,0,0,0,0,0,0,0,0,0,0,0,0,0,0,0
Clarksville Police,1996-12-01,Indiana,21919,IN01002,breakdown offenses,normal return,normal return,normal return,normal return,normal return,breakdown offenses,breakdown offenses,breakdown offenses,0,0,0,0,0,0,0,0,3,3,0,0,0,40,0,1,0,6,33,12,10,1,1,180,22,21,1,0,257,0,7,10,214,224,0,0,0,0,0,0,0,0,0,0,2,0,0,0,1,1,0,0,0,0,67,1,1,0,0,70,0,1,1,68,69,0,0,0,0,0,0,0,0,0,0,1,0,0,0,0,1,0,0,0,0,36,0,0,0,0,37,0,0,0,36,36,0,0,0,0,0,0,0,0,0,0,0,0,0,0,0,0,0,0,0,0,0,1,1,0,0,1,0,0,0,1,1
Clarksville Police,1996-11-01,Indiana,21919,IN01002,breakdown offenses,normal return,normal return,normal return,normal return,normal return,breakdown offenses,breakdown offenses,breakdown offenses,0,0,0,0,0,3,3,0,2,0,0,0,2,22,0,0,0,0,22,12,12,0,0,167,12,11,1,0,218,0,0,5,191,196,0,0,0,0,0,0,0,0,0,0,5,0,0,0,0,5,1,1,0,0,51,0,0,0,0,57,0,0,0,52,52,0,0,0,0,0,0,0,0,0,0,1,0,0,0,0,1,0,0,0,0,26,0,0,0,0,27,0,0,0,26,26,0,0,0,0,0,0,0,0,0,0,0,0,0,0,0,0,0,0,0,0,0,1,1,0,0,1,0,0,0,1,1
Clarksville Police,1996-10-01,Indiana,21919,IN01002,breakdown offenses,normal return,normal return,normal return,normal return,normal return,breakdown offenses,breakdown offenses,breakdown offenses,0,0,0,0,0,0,0,0,2,1,0,0,1,18,0,0,0,0,18,10,7,2,1,92,12,11,1,0,134,0,0,2,114,116,1,0,0,0,0,1,1,0,0,0,5,0,0,0,0,5,1,1,0,0,21,3,2,1,0,32,0,0,2,25,27,0,0,0,0,0,0,0,0,0,0,0,0,0,0,0,0,0,0,0,0,8,0,0,0,0,8,0,0,0,8,8,1,0,0,0,0,0,0,0,0,0,0,0,0,0,0,0,0,0,0,0,0,0,0,0,0,1,0,0,1,0,1
Clarksville Police,1996-09-01,Indiana,21919,IN01002,breakdown offenses,normal return,normal return,normal return,normal return,normal return,breakdown offenses,breakdown offenses,breakdown offenses,0,0,0,0,0,1,0,1,3,3,0,0,0,25,0,0,0,0,25,11,9,2,0,188,19,17,0,2,247,0,0,4,218,222,0,0,0,0,0,1,1,0,0,0,6,0,0,0,0,6,0,0,0,0,41,0,0,0,0,48,0,0,1,41,42,0,0,0,0,0,0,0,0,0,0,1,0,0,0,0,1,0,0,0,0,18,0,0,0,0,19,0,0,0,18,18,0,0,0,0,0,0,0,0,0,0,0,0,0,0,0,0,0,0,0,0,0,0,0,0,0,0,0,0,0,0,0
Clarksville Police,1996-08-01,Indiana,21919,IN01002,breakdown offenses,normal return,normal return,normal return,normal return,normal return,breakdown offenses,breakdown offenses,breakdown offenses,0,0,0,0,0,0,0,0,5,3,0,0,2,28,0,0,0,0,28,14,12,2,0,185,13,11,2,0,245,0,0,5,212,217,0,0,0,0,0,0,0,0,0,0,5,0,0,0,0,5,0,0,0,0,41,1,1,0,0,47,0,0,0,42,42,0,0,0,0,0,0,0,0,0,0,2,0,0,0,0,2,0,0,0,0,21,0,0,0,0,23,0,0,0,21,21,0,0,0,0,0,0,0,0,0,0,0,0,0,0,0,0,0,0,0,0,0,0,0,0,0,0,0,0,0,0,0
Clarksville Police,1996-07-01,Indiana,21919,IN01002,breakdown offenses,normal return,normal return,normal return,normal return,normal return,breakdown offenses,breakdown offenses,breakdown offenses,0,0,0,0,0,2,2,0,1,1,0,0,0,28,0,1,0,0,27,16,12,3,1,191,16,15,0,1,254,0,1,4,223,227,0,0,1,1,0,0,0,0,0,0,8,0,0,0,0,8,1,1,0,0,39,3,3,0,0,52,0,0,1,43,44,0,0,0,0,0,0,0,0,0,0,1,0,0,0,0,1,1,1,0,0,17,1,1,0,0,20,0,0,0,19,19,0,0,0,0,0,0,0,0,0,0,0,0,0,0,0,0,0,0,0,0,1,0,0,0,0,1,0,0,0,1,1
Clarksville Police,1996-06-01,Indiana,21919,IN01002,breakdown offenses,normal return,normal return,normal return,normal return,normal return,breakdown offenses,breakdown offenses,breakdown offenses,0,0,0,0,0,1,1,0,0,0,0,0,0,34,0,1,0,0,33,14,10,4,0,200,10,7,1,2,259,0,1,2,224,226,0,0,0,0,0,0,0,0,0,0,3,0,0,0,0,3,2,1,1,0,41,1,1,0,0,47,0,0,0,44,44,0,0,0,0,0,0,0,0,0,0,1,0,0,0,0,1,0,0,0,0,27,1,1,0,0,29,0,0,0,28,28,0,0,0,0,0,0,0,0,0,0,0,0,0,0,0,0,0,0,0,0,0,0,0,0,0,0,0,0,0,0,0
Clarksville Police,1996-05-01,Indiana,21919,IN01002,breakdown offenses,normal return,normal return,normal return,normal return,normal return,breakdown offenses,breakdown offenses,breakdown offenses,0,0,0,0,0,2,2,0,1,0,0,0,1,35,0,0,0,0,35,17,16,1,0,154,14,9,3,2,223,0,0,3,185,188,0,0,0,0,0,0,0,0,0,0,11,0,0,0,0,11,0,0,0,0,39,3,2,0,1,53,0,0,0,42,42,0,0,0,0,0,0,0,0,0,0,0,0,0,0,0,0,0,0,0,0,16,3,2,0,1,19,0,0,0,19,19,0,0,0,0,0,0,0,0,0,0,0,0,0,0,0,0,0,0,0,0,0,0,0,0,0,0,0,0,0,0,0
Clarksville Police,1996-04-01,Indiana,21919,IN01002,breakdown offenses,normal return,normal return,normal return,normal return,normal return,breakdown offenses,breakdown offenses,breakdown offenses,0,0,0,0,0,2,2,0,2,0,2,0,0,38,0,1,0,0,37,11,9,1,1,133,16,15,0,1,202,0,1,5,160,165,0,0,1,1,0,0,0,0,0,0,9,0,1,0,0,8,0,0,0,0,46,1,1,0,0,57,0,1,2,47,49,0,0,0,0,0,0,0,0,0,0,2,0,1,0,0,1,0,0,0,0,19,1,1,0,0,22,0,1,1,20,21,0,0,0,0,0,0,0,0,0,0,0,0,0,0,0,0,0,0,0,0,0,0,0,0,0,0,0,0,0,0,0
Clarksville Police,1996-03-01,Indiana,21919,IN01002,breakdown offenses,normal return,normal return,normal return,normal return,normal return,breakdown offenses,breakdown offenses,breakdown offenses,0,0,0,0,0,0,0,0,2,2,0,0,0,24,1,0,0,0,23,18,14,2,2,177,14,13,0,1,235,0,1,3,209,212,0,0,0,0,0,1,1,0,0,0,6,1,0,0,0,5,1,1,0,0,63,3,3,0,0,74,0,1,2,67,69,0,0,0,0,0,0,0,0,0,0,1,0,0,0,0,1,0,0,0,0,38,1,1,0,0,40,0,0,0,39,39,0,0,0,0,0,0,0,0,0,0,0,0,0,0,0,0,0,0,0,0,1,1,1,0,0,2,0,0,0,2,2
Clarksville Police,1996-02-01,Indiana,21919,IN01002,breakdown offenses,normal return,normal return,normal return,normal return,normal return,breakdown offenses,breakdown offenses,breakdown offenses,0,0,0,0,0,2,2,0,0,0,0,0,0,23,0,0,1,0,22,9,9,0,0,149,14,13,0,1,197,0,1,3,172,175,0,0,0,0,0,0,0,0,0,0,5,0,0,0,0,5,0,0,0,0,59,3,2,0,1,67,0,0,0,62,62,0,0,0,0,0,0,0,0,0,0,0,0,0,0,0,0,0,0,0,0,32,1,0,0,1,33,0,0,0,33,33,0,0,0,0,0,0,0,0,0,0,0,0,0,0,0,0,0,0,0,0,1,0,0,0,0,1,0,0,0,1,1
Clarksville Police,1996-01-01,Indiana,21919,IN01002,breakdown offenses,normal return,normal return,normal return,normal return,normal return,breakdown offenses,breakdown offenses,breakdown offenses,0,0,0,0,0,0,0,0,3,3,0,0,0,14,0,1,0,0,13,12,12,0,0,139,14,12,1,1,182,0,1,4,165,169,0,0,0,0,0,0,0,0,0,0,0,0,0,0,0,0,1,1,0,0,46,1,1,0,0,48,0,0,0,48,48,0,0,0,0,0,0,0,0,0,0,0,0,0,0,0,0,0,0,0,0,16,0,0,0,0,16,0,0,0,16,16,0,0,0,0,0,0,0,0,0,0,0,0,0,0,0,0,0,0,0,0,1,0,0,0,0,1,0,0,0,1,1
Clarksville Police,1995-12-01,Indiana,21777,IN01002,breakdown offenses,normal return,normal return,normal return,normal return,normal return,breakdown offenses,breakdown offenses,breakdown offenses,0,0,0,0,0,0,0,0,1,0,0,0,1,20,1,0,1,0,18,10,9,1,0,176,16,14,1,1,223,0,2,3,202,205,0,0,0,0,0,0,0,0,0,0,3,0,0,1,0,2,0,0,0,0,78,3,2,1,0,84,0,1,1,81,82,0,0,0,0,0,0,0,0,0,0,0,0,0,0,0,0,0,0,0,0,31,0,0,0,0,31,0,0,0,31,31,0,0,0,0,0,0,0,0,0,0,0,0,0,0,0,0,0,0,0,0,0,0,0,0,0,0,0,0,0,0,0
Clarksville Police,1995-11-01,Indiana,21777,IN01002,breakdown offenses,normal return,normal return,normal return,normal return,normal return,breakdown offenses,breakdown offenses,breakdown offenses,0,0,0,0,0,1,1,0,3,1,1,0,1,24,0,0,0,0,24,18,16,2,0,182,19,16,2,1,247,0,0,4,219,223,0,0,0,0,0,0,0,0,0,0,6,0,0,0,0,6,0,0,0,0,45,2,2,0,0,53,0,0,0,47,47,0,0,0,0,0,0,0,0,0,0,3,0,0,0,0,3,0,0,0,0,19,1,1,0,0,23,0,0,0,20,20,0,0,0,0,0,0,0,0,0,0,0,0,0,0,0,0,0,0,0,0,0,0,0,0,0,0,0,0,0,0,0
Clarksville Police,1995-10-01,Indiana,21777,IN01002,breakdown offenses,normal return,normal return,normal return,normal return,normal return,breakdown offenses,breakdown offenses,breakdown offenses,0,0,0,0,0,0,0,0,1,0,0,0,1,30,1,0,0,0,29,11,11,0,0,160,11,9,1,1,213,0,1,2,182,184,0,0,0,0,0,0,0,0,0,0,5,0,0,0,0,5,0,0,0,0,50,3,3,0,0,58,0,0,0,53,53,0,0,0,0,0,0,0,0,0,0,3,0,0,0,0,3,0,0,0,0,16,0,0,0,0,19,0,0,0,16,16,0,0,0,0,0,0,0,0,0,0,0,0,0,0,0,0,0,0,0,0,0,0,0,0,0,0,0,0,0,0,0
Clarksville Police,1995-09-01,Indiana,21777,IN01002,breakdown offenses,normal return,normal return,normal return,normal return,normal return,breakdown offenses,breakdown offenses,breakdown offenses,0,0,0,0,0,2,2,0,3,3,0,0,0,32,0,1,0,0,31,8,8,0,0,164,15,10,2,3,224,0,1,6,187,193,0,0,0,0,0,0,0,0,0,0,3,0,0,0,0,3,0,0,0,0,34,2,2,0,0,39,0,0,0,36,36,0,0,0,0,0,0,0,0,0,0,0,0,0,0,0,0,0,0,0,0,14,1,1,0,0,15,0,0,0,15,15,0,0,0,0,0,0,0,0,0,0,0,0,0,0,0,0,0,0,0,0,0,0,0,0,0,0,0,0,0,0,0
Clarksville Police,1995-08-01,Indiana,21777,IN01002,breakdown offenses,normal return,normal return,normal return,normal return,normal return,breakdown offenses,breakdown offenses,breakdown offenses,0,0,0,0,0,2,2,0,4,2,0,0,2,38,0,0,0,2,36,17,16,0,1,178,15,10,1,4,254,0,2,8,210,218,0,0,0,0,0,0,0,0,0,0,5,0,0,0,0,5,0,0,0,0,43,1,1,0,0,49,0,0,0,44,44,0,0,0,0,0,0,0,0,0,0,0,0,0,0,0,0,0,0,0,0,16,1,1,0,0,17,0,0,0,17,17,0,0,0,0,0,0,0,0,0,0,0,0,0,0,0,0,0,0,0,0,0,0,0,0,0,0,0,0,0,0,0
Clarksville Police,1995-07-01,Indiana,21777,IN01002,breakdown offenses,normal return,normal return,normal return,normal return,normal return,breakdown offenses,breakdown offenses,breakdown offenses,0,0,0,0,0,1,1,0,2,1,0,0,1,26,0,0,0,0,26,11,11,0,0,181,17,12,2,3,238,0,0,3,209,212,0,0,0,0,0,1,0,0,0,1,1,0,0,0,0,1,0,0,0,0,53,0,0,0,0,55,0,0,1,53,54,0,0,0,0,0,1,0,0,0,1,0,0,0,0,0,0,0,0,0,0,26,0,0,0,0,27,0,0,1,26,27,0,0,0,0,0,0,0,0,0,0,0,0,0,0,0,0,0,0,0,0,0,0,0,0,0,0,0,0,0,0,0
Clarksville Police,1995-06-01,Indiana,21777,IN01002,breakdown offenses,adjustment,adjustment,adjustment,adjustment,adjustment,breakdown offenses,breakdown offenses,breakdown offenses,0,0,0,0,0,1,1,0,1,1,0,0,0,22,2,0,0,0,20,17,15,2,0,176,20,12,3,5,237,0,2,4,213,217,0,0,0,0,0,0,0,0,0,0,3,1,0,0,0,2,0,0,0,0,38,3,3,0,0,44,0,1,1,41,42,0,0,0,0,0,0,0,0,0,0,0,0,0,0,0,0,0,0,0,0,22,0,0,0,0,22,0,0,0,22,22,0,0,0,0,0,0,0,0,0,0,0,0,0,0,0,0,0,0,0,0,0,0,0,0,0,0,0,0,0,0,0
Clarksville Police,1995-05-01,Indiana,21777,IN01002,breakdown offenses,normal return,normal return,normal return,normal return,normal return,breakdown offenses,breakdown offenses,breakdown offenses,0,0,0,0,0,1,1,0,1,0,0,0,1,28,2,1,0,1,24,10,10,0,0,147,18,16,2,0,205,0,4,6,175,181,0,0,0,0,0,0,0,0,0,0,8,1,1,0,1,5,1,1,0,0,42,5,5,0,0,56,0,3,3,48,51,0,0,0,0,0,0,0,0,0,0,5,0,0,0,0,5,0,0,0,0,21,2,2,0,0,28,0,0,0,23,23,0,0,0,0,0,0,0,0,0,0,0,0,0,0,0,0,0,0,0,0,0,0,0,0,0,0,0,0,0,0,0
Clarksville Police,1995-04-01,Indiana,21777,IN01002,breakdown offenses,normal return,normal return,normal return,normal return,normal return,breakdown offenses,breakdown offenses,breakdown offenses,0,0,0,0,0,0,0,0,0,0,0,0,0,33,0,2,0,1,30,13,13,0,0,156,17,14,1,2,219,0,3,3,186,189,0,0,0,0,0,0,0,0,0,0,11,0,1,0,1,9,2,2,0,0,52,4,4,0,0,69,0,2,2,58,60,0,0,0,0,0,0,0,0,0,0,1,0,0,0,0,1,0,0,0,0,24,0,0,0,0,25,0,0,0,24,24,0,0,0,0,0,0,0,0,0,0,0,0,0,0,0,0,0,0,0,0,0,0,0,0,0,0,0,0,0,0,0
Clarksville Police,1995-03-01,Indiana,21777,IN01002,breakdown offenses,normal return,normal return,normal return,normal return,normal return,breakdown offenses,breakdown offenses,breakdown offenses,0,0,0,0,0,1,1,0,3,1,0,1,1,28,1,1,1,0,25,6,6,0,0,167,16,16,0,0,221,0,3,7,189,196,0,0,0,0,0,1,1,0,0,0,7,0,0,0,0,7,0,0,0,0,56,2,2,0,0,66,0,0,1,58,59,0,0,0,0,0,1,1,0,0,0,2,0,0,0,0,2,0,0,0,0,25,1,1,0,0,29,0,0,1,26,27,0,0,0,0,0,0,0,0,0,0,0,0,0,0,0,0,0,0,0,0,0,0,0,0,0,0,0,0,0,0,0
Clarksville Police,1995-02-01,Indiana,21777,IN01002,breakdown offenses,normal return,normal return,normal return,normal return,normal return,breakdown offenses,breakdown offenses,breakdown offenses,0,0,0,0,0,0,0,0,2,1,0,0,1,25,0,0,0,0,25,7,6,1,0,110,7,7,0,0,151,0,0,2,124,126,0,0,0,0,0,1,1,0,0,0,3,0,0,0,0,3,0,0,0,0,32,2,2,0,0,38,0,0,1,34,35,0,0,0,0,0,0,0,0,0,0,1,0,0,0,0,1,0,0,0,0,18,0,0,0,0,19,0,0,0,18,18,0,0,0,0,0,0,0,0,0,0,0,0,0,0,0,0,0,0,0,0,0,0,0,0,0,0,0,0,0,0,0
Clarksville Police,1995-01-01,Indiana,21777,IN01002,breakdown offenses,normal return,normal return,normal return,normal return,normal return,breakdown offenses,breakdown offenses,breakdown offenses,0,0,0,1,0,1,1,0,0,0,0,0,0,20,0,0,0,0,20,9,8,1,0,144,12,11,0,1,187,0,0,2,165,167,0,0,0,0,0,0,0,0,0,0,3,0,0,0,0,3,0,0,0,0,36,1,1,0,0,40,0,0,0,37,37,0,0,0,0,0,0,0,0,0,0,0,0,0,0,0,0,0,0,0,0,7,0,0,0,0,7,0,0,0,7,7,0,0,0,0,0,0,0,0,0,0,0,0,0,0,0,0,0,0,0,0,0,0,0,0,0,0,0,0,0,0,0
Clarksville Police,1994-12-01,Indiana,21509,IN01002,breakdown offenses,normal return,normal return,normal return,normal return,normal return,breakdown offenses,breakdown offenses,breakdown offenses,0,0,0,0,0,0,0,0,2,1,0,0,1,29,0,0,0,0,29,19,15,3,1,166,11,7,2,2,227,0,0,2,196,198,0,0,0,0,0,0,0,0,0,0,8,0,0,0,0,8,0,0,0,0,58,0,0,0,0,66,0,0,0,58,58,0,0,0,0,0,0,0,0,0,0,0,0,0,0,0,0,0,0,0,0,23,0,0,0,0,23,0,0,0,23,23,0,0,0,0,0,0,0,0,0,0,0,0,0,0,0,0,0,0,0,0,0,0,0,0,0,0,0,0,0,0,0
Clarksville Police,1994-11-01,Indiana,21509,IN01002,breakdown offenses,normal return,normal return,normal return,normal return,normal return,breakdown offenses,breakdown offenses,breakdown offenses,0,0,0,0,0,1,1,0,0,0,0,0,0,22,0,1,0,0,21,10,9,1,0,168,16,11,1,4,217,0,1,2,194,196,0,0,0,0,0,0,0,0,0,0,5,0,1,0,0,4,1,1,0,0,35,1,0,0,1,42,0,1,1,37,38,0,0,0,0,0,0,0,0,0,0,2,0,0,0,0,2,1,1,0,0,10,0,0,0,0,13,0,0,0,11,11,0,0,0,0,0,0,0,0,0,0,0,0,0,0,0,0,0,0,0,0,1,0,0,0,0,1,0,0,0,1,1
Clarksville Police,1994-10-01,Indiana,21509,IN01002,breakdown offenses,adjustment,adjustment,adjustment,adjustment,adjustment,breakdown offenses,breakdown offenses,breakdown offenses,0,0,0,0,0,1,1,0,0,0,0,0,0,25,0,0,0,0,25,12,9,3,0,138,12,7,3,2,188,0,0,1,162,163,0,0,0,0,0,0,0,0,0,0,6,0,0,0,0,6,2,1,1,0,38,3,1,2,0,49,0,0,0,43,43,0,0,0,0,0,0,0,0,0,0,0,0,0,0,0,0,1,1,0,0,17,1,1,0,0,19,0,0,0,19,19,0,0,0,0,0,0,0,0,0,0,0,0,0,0,0,0,0,0,0,0,0,0,0,0,0,0,0,0,0,0,0
Clarksville Police,1994-09-01,Indiana,21509,IN01002,breakdown offenses,normal return,normal return,normal return,normal return,normal return,breakdown offenses,breakdown offenses,breakdown offenses,0,0,0,0,0,1,1,0,0,0,0,0,0,38,0,2,0,0,36,16,15,1,0,109,8,7,0,1,172,0,2,3,133,136,0,0,0,0,0,0,0,0,0,0,8,0,0,0,0,8,1,1,0,0,24,1,1,0,0,34,0,0,0,26,26,0,0,0,0,0,0,0,0,0,0,2,0,0,0,0,2,1,1,0,0,6,0,0,0,0,9,0,0,0,7,7,0,0,0,0,0,0,0,0,0,0,0,0,0,0,0,0,0,0,0,0,0,1,1,0,0,1,0,0,0,1,1
Clarksville Police,1994-08-01,Indiana,21509,IN01002,breakdown offenses,normal return,normal return,normal return,normal return,normal return,breakdown offenses,breakdown offenses,breakdown offenses,0,0,0,0,0,1,1,0,0,0,0,0,0,20,2,0,0,0,18,15,13,2,0,173,12,7,1,4,221,0,2,3,200,203,0,0,0,0,0,0,0,0,0,0,5,0,0,0,0,5,0,0,0,0,38,1,1,0,0,44,0,0,0,39,39,0,0,0,0,0,0,0,0,0,0,1,0,0,0,0,1,0,0,0,0,13,0,0,0,0,14,0,0,0,13,13,0,0,0,0,0,0,0,0,0,0,0,0,0,0,0,0,0,0,0,0,0,0,0,0,0,0,0,0,0,0,0
Clarksville Police,1994-07-01,Indiana,21509,IN01002,breakdown offenses,normal return,normal return,normal return,normal return,normal return,breakdown offenses,breakdown offenses,breakdown offenses,0,0,0,0,0,1,1,0,2,0,0,1,1,18,0,2,1,0,15,21,19,1,1,159,10,7,1,2,211,0,3,6,190,196,0,0,0,0,0,0,0,0,0,0,5,0,1,1,0,3,0,0,0,0,38,1,0,0,1,44,0,2,2,39,41,0,0,0,0,0,0,0,0,0,0,1,0,0,0,0,1,0,0,0,0,11,0,0,0,0,12,0,0,0,11,11,0,0,0,0,0,0,0,0,0,0,0,0,0,0,0,0,0,0,0,0,0,0,0,0,0,0,0,0,0,0,0
Clarksville Police,1994-06-01,Indiana,21509,IN01002,breakdown offenses,normal return,normal return,normal return,normal return,normal return,breakdown offenses,breakdown offenses,breakdown offenses,0,0,0,0,0,1,1,0,1,1,0,0,0,25,0,0,0,0,25,12,8,2,2,133,15,5,1,9,187,0,0,2,160,162,0,0,0,0,0,0,0,0,0,0,7,0,0,0,0,7,1,0,0,1,32,2,1,0,1,42,0,0,0,35,35,0,0,0,0,0,0,0,0,0,0,0,0,0,0,0,0,1,0,0,1,16,2,1,0,1,19,0,0,0,19,19,0,0,0,0,0,0,0,0,0,0,0,0,0,0,0,0,0,0,0,0,0,0,0,0,0,0,0,0,0,0,0
Clarksville Police,1994-05-01,Indiana,21509,IN01002,breakdown offenses,normal return,normal return,normal return,normal return,normal return,breakdown offenses,breakdown offenses,breakdown offenses,0,0,0,1,0,1,0,1,0,0,0,0,0,24,0,1,0,0,23,13,13,0,0,118,8,5,2,1,165,0,1,3,139,142,0,0,0,0,0,0,0,0,0,0,7,0,0,0,0,7,0,0,0,0,33,2,1,0,1,42,0,0,0,35,35,0,0,0,0,0,0,0,0,0,0,1,0,0,0,0,1,0,0,0,0,11,1,0,0,1,13,0,0,0,12,12,0,0,0,0,0,0,0,0,0,0,0,0,0,0,0,0,0,0,0,0,0,0,0,0,0,0,0,0,0,0,0
Clarksville Police,1994-04-01,Indiana,21509,IN01002,breakdown offenses,adjustment,adjustment,adjustment,adjustment,adjustment,breakdown offenses,breakdown offenses,breakdown offenses,0,0,0,0,1,1,1,0,0,0,0,0,0,29,3,0,0,1,25,8,8,0,0,134,11,11,0,0,184,0,4,5,153,158,0,0,0,0,0,0,0,0,0,0,5,0,0,0,0,5,0,0,0,0,49,1,1,0,0,55,0,0,0,50,50,0,0,0,0,0,0,0,0,0,0,1,0,0,0,0,1,0,0,0,0,18,0,0,0,0,19,0,0,0,18,18,0,0,0,0,0,0,0,0,0,0,0,0,0,0,0,0,0,0,0,0,0,0,0,0,0,0,0,0,0,0,0
Clarksville Police,1994-03-01,Indiana,21509,IN01002,breakdown offenses,normal return,normal return,normal return,normal return,normal return,breakdown offenses,breakdown offenses,breakdown offenses,0,0,0,0,0,1,1,0,0,0,0,0,0,9,1,0,0,0,8,12,10,0,2,115,11,10,0,1,148,0,1,2,138,140,0,0,0,0,0,0,0,0,0,0,4,1,0,0,0,3,1,1,0,0,39,0,0,0,0,44,0,1,1,40,41,0,0,0,0,0,0,0,0,0,0,0,0,0,0,0,0,0,0,0,0,15,0,0,0,0,15,0,0,0,15,15,0,0,0,0,0,0,0,0,0,0,0,0,0,0,0,0,0,0,0,0,0,0,0,0,0,0,0,0,0,0,0
Clarksville Police,1994-02-01,Indiana,21509,IN01002,breakdown offenses,normal return,normal return,normal return,normal return,normal return,breakdown offenses,breakdown offenses,breakdown offenses,0,0,0,0,0,1,1,0,2,1,1,0,0,17,1,0,0,0,16,21,21,0,0,122,10,7,0,3,173,0,1,4,153,157,0,0,0,0,0,1,0,1,0,0,4,0,0,0,0,4,1,1,0,0,39,2,1,0,1,47,0,0,1,42,43,0,0,0,0,0,0,0,0,0,0,1,0,0,0,0,1,0,0,0,0,18,0,0,0,0,19,0,0,0,18,18,0,0,0,0,0,0,0,0,0,0,0,0,0,0,0,0,0,0,0,0,0,0,0,0,0,0,0,0,0,0,0
Clarksville Police,1994-01-01,Indiana,21509,IN01002,breakdown offenses,normal return,normal return,normal return,normal return,normal return,breakdown offenses,breakdown offenses,breakdown offenses,0,0,0,0,0,0,0,0,0,0,0,0,0,29,0,0,0,0,29,23,23,0,0,99,11,10,0,1,162,0,0,0,133,133,0,0,0,0,0,0,0,0,0,0,9,0,0,0,0,9,1,1,0,0,41,1,1,0,0,52,0,0,0,43,43,0,0,0,0,0,0,0,0,0,0,1,0,0,0,0,1,0,0,0,0,5,0,0,0,0,6,0,0,0,5,5,0,0,0,0,0,0,0,0,0,0,0,0,0,0,0,0,0,0,0,0,0,0,0,0,0,0,0,0,0,0,0
Clarksville Police,1993-12-01,Indiana,21364,IN01002,breakdown offenses,normal return,normal return,normal return,normal return,normal return,breakdown offenses,breakdown offenses,breakdown offenses,0,0,0,1,0,2,2,0,1,1,0,0,0,20,0,0,0,0,20,11,10,1,0,114,11,8,1,2,160,0,0,4,136,140,1,0,1,1,0,0,0,0,0,0,6,0,0,0,0,6,0,0,0,0,28,2,0,1,1,38,0,0,2,30,32,0,0,0,0,0,0,0,0,0,0,0,0,0,0,0,0,0,0,0,0,8,0,0,0,0,8,0,0,0,8,8,0,0,0,0,0,0,0,0,0,0,0,0,0,0,0,0,0,0,0,0,1,0,0,0,0,1,0,0,0,1,1
Clarksville Police,1993-11-01,Indiana,21364,IN01002,breakdown offenses,normal return,normal return,normal return,normal return,normal return,breakdown offenses,breakdown offenses,breakdown offenses,0,0,0,0,0,0,0,0,2,0,0,0,2,21,0,0,0,0,21,20,16,3,1,126,5,4,0,1,174,0,0,2,151,153,0,0,0,0,0,0,0,0,0,0,4,0,0,0,0,4,1,1,0,0,35,0,0,0,0,40,0,0,0,36,36,0,0,0,0,0,0,0,0,0,0,0,0,0,0,0,0,0,0,0,0,7,0,0,0,0,7,0,0,0,7,7,0,0,0,0,0,0,0,0,0,0,0,0,0,0,0,0,0,0,0,0,1,0,0,0,0,1,0,0,0,1,1
Clarksville Police,1993-10-01,Indiana,21364,IN01002,breakdown offenses,normal return,normal return,normal return,normal return,normal return,breakdown offenses,breakdown offenses,breakdown offenses,0,0,0,0,0,0,0,0,6,5,0,0,1,22,0,0,1,0,21,17,13,1,3,128,12,9,1,2,185,0,1,7,157,164,0,0,0,0,0,0,0,0,0,0,4,0,0,1,0,3,1,1,0,0,29,1,1,0,0,35,0,1,1,31,32,0,0,0,0,0,0,0,0,0,0,1,0,0,0,0,1,0,0,0,0,8,0,0,0,0,9,0,0,0,8,8,0,0,0,0,0,0,0,0,0,0,0,0,0,0,0,0,0,0,0,0,0,0,0,0,0,0,0,0,0,0,0
Clarksville Police,1993-09-01,Indiana,21364,IN01002,breakdown offenses,normal return,normal return,normal return,normal return,normal return,breakdown offenses,breakdown offenses,breakdown offenses,0,0,0,0,0,0,0,0,1,0,1,0,0,23,0,1,0,1,21,15,11,1,3,131,10,6,1,3,180,0,2,3,156,159,0,0,0,0,0,0,0,0,0,0,2,0,0,0,0,2,1,0,0,1,45,0,0,0,0,48,0,0,0,46,46,0,0,0,0,0,0,0,0,0,0,0,0,0,0,0,0,0,0,0,0,12,0,0,0,0,12,0,0,0,12,12,0,0,0,0,0,0,0,0,0,0,0,0,0,0,0,0,0,0,0,0,1,0,0,0,0,1,0,0,0,1,1
Clarksville Police,1993-08-01,Indiana,21364,IN01002,breakdown offenses,normal return,normal return,normal return,normal return,normal return,breakdown offenses,breakdown offenses,breakdown offenses,0,0,0,0,0,2,2,0,4,1,0,0,3,23,0,0,0,0,23,27,27,0,0,141,8,5,2,1,205,0,0,6,176,182,0,0,0,0,0,0,0,0,0,0,5,0,0,0,0,5,1,1,0,0,28,1,1,0,0,35,0,0,0,30,30,0,0,0,0,0,0,0,0,0,0,0,0,0,0,0,0,1,1,0,0,14,0,0,0,0,15,0,0,0,15,15,0,0,0,0,0,0,0,0,0,0,0,0,0,0,0,0,0,0,0,0,0,0,0,0,0,0,0,0,0,0,0
Clarksville Police,1993-07-01,Indiana,21364,IN01002,breakdown offenses,normal return,normal return,normal return,normal return,normal return,breakdown offenses,breakdown offenses,breakdown offenses,0,0,0,0,0,3,2,1,2,2,0,0,0,34,2,0,0,0,32,21,17,1,3,131,14,9,1,4,205,0,2,7,166,173,0,0,0,0,0,0,0,0,0,0,7,0,0,0,0,7,1,1,0,0,26,1,1,0,0,35,0,0,0,28,28,0,0,0,0,0,0,0,0,0,0,1,0,0,0,0,1,0,0,0,0,5,1,1,0,0,7,0,0,0,6,6,0,0,0,0,0,0,0,0,0,0,0,0,0,0,0,0,0,0,0,0,3,0,0,0,0,3,0,0,0,3,3
Clarksville Police,1993-06-01,Indiana,21364,IN01002,breakdown offenses,normal return,normal return,normal return,normal return,normal return,breakdown offenses,breakdown offenses,breakdown offenses,0,0,0,0,0,0,0,0,2,2,0,0,0,17,0,0,1,0,16,19,14,4,1,136,12,10,0,2,186,0,1,3,167,170,0,0,0,0,0,1,1,0,0,0,3,0,0,0,0,3,1,1,0,0,30,0,0,0,0,35,0,0,1,31,32,0,0,0,0,0,1,1,0,0,0,0,0,0,0,0,0,1,1,0,0,12,0,0,0,0,14,0,0,1,13,14,0,0,0,0,0,0,0,0,0,0,0,0,0,0,0,0,0,0,0,0,0,1,1,0,0,1,0,0,0,1,1
Clarksville Police,1993-05-01,Indiana,21364,IN01002,breakdown offenses,normal return,normal return,normal return,normal return,normal return,breakdown offenses,breakdown offenses,breakdown offenses,0,0,0,0,0,0,0,0,0,0,0,0,0,26,0,0,0,0,26,15,13,2,0,122,7,3,1,3,170,0,0,0,144,144,0,0,0,0,0,0,0,0,0,0,6,0,0,0,0,6,2,1,1,0,35,2,1,0,1,45,0,0,0,39,39,0,0,0,0,0,0,0,0,0,0,0,0,0,0,0,0,0,0,0,0,16,1,0,0,1,17,0,0,0,17,17,0,0,0,0,0,0,0,0,0,0,0,0,0,0,0,0,0,0,0,0,1,0,0,0,0,1,0,0,0,1,1
Clarksville Police,1993-04-01,Indiana,21364,IN01002,breakdown offenses,normal return,normal return,normal return,normal return,normal return,breakdown offenses,breakdown offenses,breakdown offenses,0,0,0,2,0,1,1,0,1,1,0,0,0,17,0,0,0,0,17,18,17,1,0,95,8,6,0,2,142,0,0,4,121,125,1,0,0,0,0,0,0,0,0,0,2,0,0,0,0,2,1,1,0,0,23,2,1,0,1,29,0,0,1,26,27,0,0,0,0,0,0,0,0,0,0,0,0,0,0,0,0,0,0,0,0,8,1,0,0,1,9,0,0,0,9,9,0,0,0,0,0,0,0,0,0,0,0,0,0,0,0,0,0,0,0,0,0,0,0,0,0,0,0,0,0,0,0
Clarksville Police,1993-03-01,Indiana,21364,IN01002,breakdown offenses,normal return,normal return,normal return,normal return,normal return,breakdown offenses,breakdown offenses,breakdown offenses,0,0,0,0,0,1,1,0,2,2,0,0,0,26,0,2,0,1,23,8,8,0,0,114,10,10,0,0,161,0,3,6,132,138,0,0,0,0,0,0,0,0,0,0,3,0,1,0,0,2,0,0,0,0,32,0,0,0,0,35,0,1,1,32,33,0,0,0,0,0,0,0,0,0,0,0,0,0,0,0,0,0,0,0,0,14,0,0,0,0,14,0,0,0,14,14,0,0,0,0,0,0,0,0,0,0,0,0,0,0,0,0,0,0,0,0,0,0,0,0,0,0,0,0,0,0,0
Clarksville Police,1993-02-01,Indiana,21364,IN01002,breakdown offenses,normal return,normal return,normal return,normal return,normal return,breakdown offenses,breakdown offenses,breakdown offenses,0,0,0,0,0,1,1,0,3,1,0,2,0,14,0,1,0,0,13,10,9,1,0,72,5,5,0,0,105,0,1,5,87,92,0,0,0,0,0,0,0,0,0,0,1,0,1,0,0,0,1,1,0,0,20,1,1,0,0,23,0,1,1,22,23,0,0,0,0,0,0,0,0,0,0,0,0,0,0,0,0,0,0,0,0,8,0,0,0,0,8,0,0,0,8,8,0,0,0,0,0,0,0,0,0,0,0,0,0,0,0,0,0,0,0,0,0,0,0,0,0,0,0,0,0,0,0
Clarksville Police,1993-01-01,Indiana,21364,IN01002,breakdown offenses,normal return,normal return,normal return,normal return,normal return,breakdown offenses,breakdown offenses,breakdown offenses,0,0,0,0,0,0,0,0,2,2,0,0,0,19,0,0,0,0,19,10,8,2,0,96,5,4,1,0,132,0,0,2,111,113,0,0,0,0,0,0,0,0,0,0,4,0,0,0,0,4,0,0,0,0,28,0,0,0,0,32,0,0,0,28,28,0,0,0,0,0,0,0,0,0,0,0,0,0,0,0,0,0,0,0,0,9,0,0,0,0,9,0,0,0,9,9,0,0,0,0,0,0,0,0,0,0,0,0,0,0,0,0,0,0,0,0,0,0,0,0,0,0,0,0,0,0,0
Clarksville Police,1992-12-01,Indiana,20254,IN01002,breakdown offenses,normal return,normal return,normal return,normal return,normal return,breakdown offenses,breakdown offenses,breakdown offenses,0,0,0,0,0,2,2,0,4,3,0,0,1,16,0,0,0,0,16,20,16,3,1,128,7,6,0,1,177,0,0,6,155,161,0,0,0,0,0,2,2,0,0,0,1,0,0,0,0,1,1,1,0,0,49,1,1,0,0,54,0,0,2,51,53,0,0,0,0,0,0,0,0,0,0,0,0,0,0,0,0,1,1,0,0,9,0,0,0,0,10,0,0,0,10,10,0,0,0,0,0,0,0,0,0,0,0,0,0,0,0,0,0,0,0,0,0,0,0,0,0,0,0,0,0,0,0
Clarksville Police,1992-11-01,Indiana,20254,IN01002,breakdown offenses,normal return,normal return,normal return,normal return,normal return,breakdown offenses,breakdown offenses,breakdown offenses,0,0,0,0,0,2,2,0,2,1,0,0,1,11,0,0,2,0,9,23,21,2,0,101,9,9,0,0,148,0,2,6,133,139,0,0,0,0,0,2,1,0,0,1,1,0,0,0,0,1,0,0,0,0,35,3,3,0,0,41,0,0,2,38,40,0,0,0,0,0,1,0,0,0,1,0,0,0,0,0,0,0,0,0,0,8,0,0,0,0,9,0,0,1,8,9,0,0,0,0,0,0,0,0,0,0,0,0,0,0,0,0,0,0,0,0,0,0,0,0,0,0,0,0,0,0,0
Clarksville Police,1992-10-01,Indiana,20254,IN01002,breakdown offenses,adjustment,adjustment,adjustment,adjustment,adjustment,breakdown offenses,breakdown offenses,breakdown offenses,0,0,0,1,0,0,0,0,1,0,0,0,1,20,0,0,0,0,20,25,20,5,0,128,4,4,0,0,179,0,0,2,157,159,0,0,0,0,0,0,0,0,0,0,2,0,0,0,0,2,0,0,0,0,36,0,0,0,0,38,0,0,0,36,36,0,0,0,0,0,0,0,0,0,0,2,0,0,0,0,2,0,0,0,0,11,0,0,0,0,13,0,0,0,11,11,0,0,0,0,0,0,0,0,0,0,0,0,0,0,0,0,0,0,0,0,3,0,0,0,0,3,0,0,0,3,3
Clarksville Police,1992-09-01,Indiana,20254,IN01002,breakdown offenses,normal return,normal return,normal return,normal return,normal return,breakdown offenses,breakdown offenses,breakdown offenses,0,0,0,0,0,0,0,0,2,1,0,0,1,22,0,0,1,0,21,20,17,3,0,123,7,4,2,1,174,0,1,3,150,153,0,0,0,0,0,0,0,0,0,0,6,0,0,0,0,6,0,0,0,0,22,0,0,0,0,28,0,0,0,22,22,0,0,0,0,0,0,0,0,0,0,0,0,0,0,0,0,0,0,0,0,8,0,0,0,0,8,0,0,0,8,8,0,0,0,0,0,1,1,0,0,0,0,0,0,0,0,0,0,0,0,0,0,0,0,0,0,1,0,0,1,0,1
Clarksville Police,1992-08-01,Indiana,20254,IN01002,breakdown offenses,normal return,normal return,normal return,normal return,normal return,breakdown offenses,breakdown offenses,breakdown offenses,0,0,0,0,0,0,0,0,0,0,0,0,0,18,0,0,0,0,18,25,21,1,3,116,12,8,1,3,171,0,0,0,153,153,0,0,0,0,0,0,0,0,0,0,5,0,0,0,0,5,0,0,0,0,22,0,0,0,0,27,0,0,0,22,22,0,0,0,0,0,0,0,0,0,0,0,0,0,0,0,0,0,0,0,0,7,0,0,0,0,7,0,0,0,7,7,0,0,0,0,0,0,0,0,0,0,0,0,0,0,0,0,0,0,0,0,0,0,0,0,0,0,0,0,0,0,0
Clarksville Police,1992-07-01,Indiana,20254,IN01002,breakdown offenses,normal return,normal return,normal return,normal return,normal return,breakdown offenses,breakdown offenses,breakdown offenses,0,0,0,0,0,4,2,2,0,0,0,0,0,27,0,0,0,0,27,16,13,3,0,141,13,10,1,2,201,0,0,4,170,174,0,0,0,0,0,0,0,0,0,0,7,0,0,0,0,7,1,1,0,0,22,1,1,0,0,31,0,0,0,24,24,0,0,0,0,0,0,0,0,0,0,1,0,0,0,0,1,0,0,0,0,12,0,0,0,0,13,0,0,0,12,12,0,0,0,0,0,0,0,0,0,0,0,0,0,0,0,0,0,0,0,0,0,0,0,0,0,0,0,0,0,0,0
Clarksville Police,1992-06-01,Indiana,20254,IN01002,breakdown offenses,normal return,normal return,normal return,normal return,normal return,breakdown offenses,breakdown offenses,breakdown offenses,0,0,0,0,0,0,0,0,1,1,0,0,0,24,0,0,0,0,24,22,17,1,4,134,9,6,1,2,190,0,0,1,165,166,0,0,0,0,0,0,0,0,0,0,3,0,0,0,0,3,0,0,0,0,25,1,1,0,0,29,0,0,0,26,26,0,0,0,0,0,0,0,0,0,0,0,0,0,0,0,0,0,0,0,0,8,0,0,0,0,8,0,0,0,8,8,0,0,0,0,0,0,0,0,0,0,0,0,0,0,0,0,0,0,0,0,1,0,0,0,0,1,0,0,0,1,1
Clarksville Police,1992-05-01,Indiana,20254,IN01002,breakdown offenses,normal return,normal return,normal return,normal return,normal return,breakdown offenses,breakdown offenses,breakdown offenses,0,0,0,1,0,2,2,0,1,0,0,0,1,18,0,0,1,0,17,16,12,4,0,100,6,5,1,0,144,0,1,5,122,127,1,0,0,0,0,1,0,0,0,1,3,0,0,0,0,3,1,1,0,0,30,2,2,0,0,38,0,0,2,33,35,0,0,0,0,0,0,0,0,0,0,1,0,0,0,0,1,0,0,0,0,11,0,0,0,0,12,0,0,0,11,11,0,0,0,0,0,0,0,0,0,0,0,0,0,0,0,0,0,0,0,0,0,0,0,0,0,0,0,0,0,0,0
Clarksville Police,1992-04-01,Indiana,20254,IN01002,breakdown offenses,normal return,normal return,normal return,normal return,normal return,breakdown offenses,breakdown offenses,breakdown offenses,0,0,0,0,0,1,1,0,0,0,0,0,0,19,0,0,0,2,17,20,16,1,3,130,7,3,3,1,177,0,2,3,157,160,0,0,0,0,0,0,0,0,0,0,5,0,0,0,0,5,2,0,0,2,26,1,0,1,0,34,0,0,0,29,29,0,0,0,0,0,0,0,0,0,0,1,0,0,0,0,1,0,0,0,0,9,1,0,1,0,11,0,0,0,10,10,0,0,0,0,0,0,0,0,0,0,0,0,0,0,0,0,0,0,0,0,2,0,0,0,0,2,0,0,0,2,2
Clarksville Police,1992-03-01,Indiana,20254,IN01002,breakdown offenses,normal return,normal return,normal return,normal return,normal return,breakdown offenses,breakdown offenses,breakdown offenses,0,0,0,0,0,0,0,0,14,4,9,0,1,27,1,0,1,0,25,11,4,4,3,119,7,6,1,0,178,0,2,16,137,153,0,0,0,0,0,1,0,0,0,1,1,0,0,0,0,1,0,0,0,0,24,1,1,0,0,27,0,0,1,25,26,0,0,0,0,0,0,0,0,0,0,0,0,0,0,0,0,0,0,0,0,7,1,1,0,0,8,0,0,0,8,8,0,0,0,0,0,0,0,0,0,0,0,0,0,0,0,0,0,0,0,0,0,1,1,0,0,1,0,0,0,1,1
Clarksville Police,1992-02-01,Indiana,20254,IN01002,breakdown offenses,normal return,normal return,normal return,normal return,normal return,breakdown offenses,breakdown offenses,breakdown offenses,0,0,0,0,0,0,0,0,0,0,0,0,0,11,1,0,0,0,10,6,5,0,1,97,11,11,0,0,125,0,1,1,114,115,0,0,0,0,0,1,0,0,0,1,1,0,0,0,0,1,1,1,0,0,33,2,2,0,0,38,0,0,1,36,37,0,0,0,0,0,0,0,0,0,0,0,0,0,0,0,0,1,1,0,0,10,1,1,0,0,12,0,0,0,12,12,0,0,0,0,0,0,0,0,0,0,0,0,0,0,0,0,0,0,0,0,0,2,2,0,0,2,0,0,0,2,2
Clarksville Police,1992-01-01,Indiana,20254,IN01002,breakdown offenses,normal return,normal return,normal return,normal return,normal return,breakdown offenses,breakdown offenses,breakdown offenses,0,0,0,1,0,0,0,0,1,1,0,0,0,26,0,2,1,0,23,12,11,1,0,121,11,11,0,0,172,0,3,5,144,149,0,0,0,0,0,0,0,0,0,0,2,0,1,0,0,1,0,0,0,0,30,2,2,0,0,34,0,1,1,32,33,0,0,0,0,0,0,0,0,0,0,0,0,0,0,0,0,0,0,0,0,9,1,1,0,0,10,0,0,0,10,10,0,0,0,0,0,0,0,0,0,0,0,0,0,0,0,0,0,0,0,0,1,0,0,0,0,1,0,0,0,1,1
Clarksville Police,1991-12-01,Indiana,20068,IN01002,breakdown offenses,normal return,normal return,normal return,normal return,normal return,breakdown offenses,breakdown offenses,breakdown offenses,0,0,0,0,0,1,1,0,3,3,0,0,0,24,0,2,1,3,18,15,10,4,1,121,10,6,2,2,174,0,6,10,146,156,0,0,1,1,0,3,3,0,0,0,5,0,1,1,2,1,0,0,0,0,31,1,1,0,0,41,0,4,8,32,40,0,0,0,0,0,1,1,0,0,0,0,0,0,0,0,0,0,0,0,0,9,0,0,0,0,10,0,0,1,9,10,0,0,0,0,0,0,0,0,0,0,0,0,0,0,0,0,0,0,0,0,0,0,0,0,0,0,0,0,0,0,0
Clarksville Police,1991-11-01,Indiana,20068,IN01002,breakdown offenses,normal return,normal return,normal return,normal return,normal return,breakdown offenses,breakdown offenses,breakdown offenses,0,0,0,0,0,0,0,0,3,2,1,0,0,14,1,0,0,1,12,17,14,3,0,100,6,6,0,0,140,0,2,5,123,128,0,0,0,0,0,0,0,0,0,0,4,1,0,0,0,3,1,1,0,0,26,1,1,0,0,32,0,1,1,28,29,0,0,0,0,0,0,0,0,0,0,1,0,0,0,0,1,1,1,0,0,6,1,1,0,0,9,0,0,0,8,8,0,0,0,0,0,0,0,0,0,0,0,0,0,0,0,0,0,0,0,0,0,1,1,0,0,1,0,0,0,1,1
Clarksville Police,1991-10-01,Indiana,20068,IN01002,breakdown offenses,normal return,normal return,normal return,normal return,normal return,breakdown offenses,breakdown offenses,breakdown offenses,0,0,0,0,0,1,1,0,2,2,0,0,0,11,1,0,0,0,10,15,14,0,1,126,5,1,2,2,160,0,1,4,146,150,0,0,1,1,0,0,0,0,0,0,1,0,0,0,0,1,1,1,0,0,32,1,0,0,1,36,0,0,1,34,35,0,0,0,0,0,0,0,0,0,0,1,0,0,0,0,1,0,0,0,0,7,0,0,0,0,8,0,0,0,7,7,0,0,0,0,0,0,0,0,0,0,0,0,0,0,0,0,0,0,0,0,0,0,0,0,0,0,0,0,0,0,0
Clarksville Police,1991-09-01,Indiana,20068,IN01002,breakdown offenses,normal return,normal return,normal return,normal return,normal return,breakdown offenses,breakdown offenses,breakdown offenses,0,0,0,0,0,1,1,0,3,2,0,1,0,16,0,1,0,0,15,15,10,4,1,86,13,9,3,1,134,0,1,5,114,119,0,0,0,0,0,1,0,0,1,0,2,0,0,0,0,2,2,1,1,0,18,2,2,0,0,25,0,0,1,22,23,0,0,0,0,0,0,0,0,0,0,0,0,0,0,0,0,1,1,0,0,4,1,1,0,0,6,0,0,0,6,6,0,0,0,0,0,0,0,0,0,0,0,0,0,0,0,0,0,0,0,0,0,0,0,0,0,0,0,0,0,0,0
Clarksville Police,1991-08-01,Indiana,20068,IN01002,breakdown offenses,normal return,normal return,normal return,normal return,normal return,breakdown offenses,breakdown offenses,breakdown offenses,0,0,0,0,0,1,1,0,1,1,0,0,0,19,0,0,0,0,19,15,10,1,4,138,9,7,1,1,183,0,0,2,162,164,0,0,0,0,0,0,0,0,0,0,2,0,0,0,0,2,0,0,0,0,30,1,1,0,0,33,0,0,0,31,31,0,0,0,0,0,0,0,0,0,0,0,0,0,0,0,0,0,0,0,0,4,1,1,0,0,5,0,0,0,5,5,0,0,0,0,0,0,0,0,0,0,0,0,0,0,0,0,0,0,0,0,0,0,0,0,0,0,0,0,0,0,0
Clarksville Police,1991-07-01,Indiana,20068,IN01002,breakdown offenses,adjustment,adjustment,adjustment,adjustment,adjustment,breakdown offenses,breakdown offenses,breakdown offenses,0,0,0,0,0,1,1,0,1,1,0,0,0,19,1,1,0,2,15,6,3,3,0,114,10,6,1,3,151,0,4,6,130,136,0,0,0,0,0,0,0,0,0,0,2,0,0,0,1,1,0,0,0,0,18,1,1,0,0,21,0,1,1,19,20,0,0,0,0,0,0,0,0,0,0,1,0,0,0,0,1,0,0,0,0,4,0,0,0,0,5,0,0,0,4,4,0,0,0,0,0,0,0,0,0,0,0,0,0,0,0,0,0,0,0,0,0,0,0,0,0,0,0,0,0,0,0
Clarksville Police,1991-06-01,Indiana,20068,IN01002,breakdown offenses,adjustment,adjustment,adjustment,adjustment,adjustment,breakdown offenses,breakdown offenses,breakdown offenses,0,0,0,0,0,0,0,0,2,2,0,0,0,17,0,0,0,2,15,23,23,0,0,112,8,2,4,2,162,0,2,4,143,147,0,0,0,0,0,1,1,0,0,0,0,0,0,0,0,0,1,1,0,0,14,2,0,0,2,18,0,0,1,17,18,0,0,0,0,0,0,0,0,0,0,0,0,0,0,0,0,0,0,0,0,9,1,0,0,1,10,0,0,0,10,10,0,0,0,0,0,0,0,0,0,0,0,0,0,0,0,0,0,0,0,0,0,0,0,0,0,0,0,0,0,0,0
Clarksville Police,1991-05-01,Indiana,20068,IN01002,breakdown offenses,normal return,normal return,normal return,normal return,normal return,breakdown offenses,breakdown offenses,breakdown offenses,0,0,0,0,0,2,2,0,2,1,0,0,1,18,1,1,0,0,16,12,7,4,1,101,8,5,2,1,143,0,2,6,121,127,0,0,0,0,0,0,0,0,0,0,2,0,1,0,0,1,1,1,0,0,13,2,2,0,0,18,0,1,1,16,17,0,0,0,0,0,0,0,0,0,0,0,0,0,0,0,0,0,0,0,0,11,0,0,0,0,11,0,0,0,11,11,0,0,0,0,0,0,0,0,0,0,0,0,0,0,0,0,0,0,0,0,0,1,1,0,0,1,0,0,0,1,1
Clarksville Police,1991-04-01,Indiana,20068,IN01002,breakdown offenses,normal return,normal return,normal return,normal return,normal return,breakdown offenses,breakdown offenses,breakdown offenses,0,0,0,0,0,0,0,0,1,1,0,0,0,19,0,0,0,1,18,7,6,0,1,98,8,4,2,2,133,0,1,2,113,115,0,0,0,0,0,0,0,0,0,0,0,0,0,0,0,0,0,0,0,0,14,2,2,0,0,16,0,0,0,16,16,0,0,0,0,0,0,0,0,0,0,0,0,0,0,0,0,0,0,0,0,10,0,0,0,0,10,0,0,0,10,10,0,0,0,0,0,0,0,0,0,0,0,0,0,0,0,0,0,0,0,0,0,0,0,0,0,0,0,0,0,0,0
Clarksville Police,1991-03-01,Indiana,20068,IN01002,breakdown offenses,normal return,normal return,normal return,normal return,normal return,breakdown offenses,breakdown offenses,breakdown offenses,0,0,0,0,0,2,2,0,0,0,0,0,0,17,0,1,0,1,15,14,11,3,0,108,10,5,1,4,151,0,2,4,132,136,0,0,1,1,0,0,0,0,0,0,1,0,0,0,0,1,0,0,0,0,19,1,0,0,1,22,0,0,1,20,21,0,0,0,0,0,0,0,0,0,0,1,0,0,0,0,1,0,0,0,0,7,0,0,0,0,8,0,0,0,7,7,0,0,0,0,0,0,0,0,0,0,0,0,0,0,0,0,0,0,0,0,1,0,0,0,0,1,0,0,0,1,1
Clarksville Police,1991-02-01,Indiana,20068,IN01002,breakdown offenses,normal return,normal return,normal return,normal return,normal return,breakdown offenses,breakdown offenses,breakdown offenses,0,0,0,0,0,0,0,0,1,0,0,0,1,14,0,0,3,2,9,8,8,0,0,97,14,12,1,1,134,0,5,6,119,125,0,0,0,0,0,0,0,0,0,0,3,0,0,2,1,0,0,0,0,0,18,0,0,0,0,21,0,3,3,18,21,0,0,0,0,0,0,0,0,0,0,0,0,0,0,0,0,0,0,0,0,13,0,0,0,0,13,0,0,0,13,13,0,0,0,0,0,0,0,0,0,0,0,0,0,0,0,0,0,0,0,0,0,1,1,0,0,1,0,0,0,1,1
Clarksville Police,1991-01-01,Indiana,20068,IN01002,breakdown offenses,normal return,normal return,normal return,normal return,normal return,breakdown offenses,breakdown offenses,breakdown offenses,0,0,0,0,0,1,1,0,2,1,1,0,0,12,0,1,2,1,8,28,26,1,1,96,2,1,0,1,141,0,4,7,126,133,0,0,0,0,0,0,0,0,0,0,3,0,0,2,0,1,1,1,0,0,13,0,0,0,0,17,0,2,2,14,16,0,0,0,0,0,0,0,0,0,0,0,0,0,0,0,0,1,1,0,0,12,0,0,0,0,13,0,0,0,13,13,0,0,0,0,0,0,0,0,0,0,0,0,0,0,0,0,0,0,0,0,0,0,0,0,0,0,0,0,0,0,0
Clarksville Police,1990-12-01,Indiana,19833,IN01002,breakdown offenses,normal return,normal return,normal return,normal return,normal return,breakdown offenses,breakdown offenses,breakdown offenses,0,0,0,0,0,1,1,0,0,0,0,0,0,11,1,2,0,0,8,12,10,2,0,129,7,6,1,0,160,0,3,4,148,152,0,0,0,0,0,0,0,0,0,0,0,0,0,0,0,0,3,3,0,0,12,2,2,0,0,17,0,0,0,17,17,0,0,0,0,0,0,0,0,0,0,0,0,0,0,0,0,0,0,0,0,12,1,1,0,0,13,0,0,0,13,13,0,0,0,0,0,0,0,0,0,0,0,0,0,0,0,0,0,0,0,0,0,0,0,0,0,0,0,0,0,0,0
Clarksville Police,1990-11-01,Indiana,19833,IN01002,breakdown offenses,normal return,normal return,normal return,normal return,normal return,breakdown offenses,breakdown offenses,breakdown offenses,0,0,0,0,0,1,1,0,1,1,0,0,0,18,0,0,1,2,15,11,10,1,0,113,5,4,1,0,149,0,3,5,129,134,0,0,0,0,0,0,0,0,0,0,2,0,0,1,0,1,0,0,0,0,40,0,0,0,0,42,0,1,1,40,41,0,0,0,0,0,0,0,0,0,0,0,0,0,0,0,0,0,0,0,0,16,0,0,0,0,16,0,0,0,16,16,0,0,0,0,0,0,0,0,0,0,0,0,0,0,0,0,0,0,0,0,0,1,1,0,0,1,0,0,0,1,1
Clarksville Police,1990-10-01,Indiana,19833,IN01002,breakdown offenses,normal return,normal return,normal return,normal return,normal return,breakdown offenses,breakdown offenses,breakdown offenses,0,0,0,0,0,1,1,0,0,0,0,0,0,13,0,2,0,0,11,16,14,2,0,97,6,5,1,0,133,0,2,3,119,122,0,0,0,0,0,0,0,0,0,0,1,0,0,0,0,1,0,0,0,0,17,2,2,0,0,20,0,0,0,19,19,0,0,0,0,0,0,0,0,0,0,0,0,0,0,0,0,0,0,0,0,9,0,0,0,0,9,0,0,0,9,9,0,0,0,0,0,0,0,0,0,0,0,0,0,0,0,0,0,0,0,0,1,0,0,0,0,1,0,0,0,1,1
Clarksville Police,1990-09-01,Indiana,19833,IN01002,breakdown offenses,normal return,normal return,normal return,normal return,normal return,breakdown offenses,breakdown offenses,breakdown offenses,0,0,0,0,0,0,0,0,0,0,0,0,0,17,0,0,0,1,16,16,16,0,0,84,9,5,3,1,126,0,1,1,109,110,0,0,1,1,0,0,0,0,0,0,1,0,0,0,1,0,2,2,0,0,8,1,0,1,0,13,0,1,2,11,13,0,0,0,0,0,0,0,0,0,0,0,0,0,0,0,0,0,0,0,0,3,0,0,0,0,3,0,0,0,3,3,0,0,0,0,0,0,0,0,0,0,0,0,0,0,0,0,0,0,0,0,0,0,0,0,0,0,0,0,0,0,0
Clarksville Police,1990-08-01,Indiana,19833,IN01002,breakdown offenses,normal return,normal return,normal return,normal return,normal return,breakdown offenses,breakdown offenses,breakdown offenses,0,0,0,0,0,0,0,0,1,0,0,0,1,18,1,1,0,0,16,11,9,2,0,127,12,8,1,3,169,0,2,3,150,153,0,0,0,0,0,1,0,0,0,1,6,1,1,0,0,4,1,1,0,0,13,3,3,0,0,24,0,2,3,17,20,0,0,0,0,0,0,0,0,0,0,2,0,0,0,0,2,0,0,0,0,7,1,1,0,0,10,0,0,0,8,8,0,0,0,0,0,0,0,0,0,0,0,0,0,0,0,0,0,0,0,0,0,0,0,0,0,0,0,0,0,0,0
Clarksville Police,1990-07-01,Indiana,19833,IN01002,breakdown offenses,normal return,normal return,normal return,normal return,normal return,breakdown offenses,breakdown offenses,breakdown offenses,0,0,0,0,0,0,0,0,5,3,0,1,1,28,0,2,2,0,24,11,8,3,0,127,5,5,0,0,176,0,4,9,143,152,0,0,0,0,0,1,1,0,0,0,4,0,0,0,0,4,2,2,0,0,13,0,0,0,0,20,0,0,1,15,16,0,0,0,0,0,0,0,0,0,0,1,0,0,0,0,1,0,0,0,0,6,0,0,0,0,7,0,0,0,6,6,0,0,0,0,0,0,0,0,0,0,0,0,0,0,0,0,0,0,0,0,0,1,1,0,0,1,0,0,0,1,1
Clarksville Police,1990-06-01,Indiana,19833,IN01002,breakdown offenses,normal return,normal return,normal return,normal return,normal return,breakdown offenses,breakdown offenses,breakdown offenses,0,0,0,0,0,2,2,0,2,1,0,1,0,16,0,0,2,2,12,10,9,1,0,125,15,7,4,4,170,0,4,8,150,158,0,0,0,0,0,1,1,0,0,0,1,0,0,0,0,1,0,0,0,0,16,2,2,0,0,20,0,0,1,18,19,0,0,0,0,0,0,0,0,0,0,0,0,0,0,0,0,0,0,0,0,7,1,1,0,0,8,0,0,0,8,8,0,0,0,0,0,0,0,0,0,0,0,0,0,0,0,0,0,0,0,0,0,0,0,0,0,0,0,0,0,0,0
Clarksville Police,1990-05-01,Indiana,19833,IN01002,breakdown offenses,normal return,normal return,normal return,normal return,normal return,breakdown offenses,breakdown offenses,breakdown offenses,0,0,0,0,0,0,0,0,1,1,0,0,0,21,2,2,3,1,13,18,14,4,0,108,4,4,0,0,152,0,8,9,130,139,0,0,0,0,0,0,0,0,0,0,2,1,0,0,0,1,4,3,1,0,17,0,0,0,0,23,0,1,1,21,22,0,0,0,0,0,0,0,0,0,0,0,0,0,0,0,0,1,0,1,0,8,0,0,0,0,9,0,0,0,9,9,0,0,0,0,0,0,0,0,0,0,0,0,0,0,0,0,0,0,0,0,1,0,0,0,0,1,0,0,0,1,1
Clarksville Police,1990-04-01,Indiana,19833,IN01002,breakdown offenses,normal return,normal return,normal return,normal return,normal return,breakdown offenses,breakdown offenses,breakdown offenses,0,0,0,0,0,1,0,1,0,0,0,0,0,11,0,0,0,11,0,15,11,4,0,94,4,3,1,0,125,0,11,12,113,125,0,0,0,0,0,0,0,0,0,0,2,0,0,0,2,0,1,1,0,0,14,0,0,0,0,17,0,2,2,15,17,0,0,0,0,0,0,0,0,0,0,0,0,0,0,0,0,0,0,0,0,10,0,0,0,0,10,0,0,0,10,10,0,0,0,0,0,0,0,0,0,0,0,0,0,0,0,0,0,0,0,0,0,0,0,0,0,0,0,0,0,0,0
Clarksville Police,1990-03-01,Indiana,19833,IN01002,breakdown offenses,normal return,normal return,normal return,normal return,normal return,breakdown offenses,breakdown offenses,breakdown offenses,0,0,0,0,0,0,0,0,1,1,0,0,0,10,2,0,0,0,8,11,9,1,1,94,9,7,1,1,125,0,2,3,114,117,0,0,0,0,0,0,0,0,0,0,1,0,0,1,0,0,0,0,0,0,19,0,0,0,0,20,0,1,1,19,20,0,0,0,0,0,0,0,0,0,0,0,0,0,0,0,0,0,0,0,0,10,0,0,0,0,10,0,0,0,10,10,0,0,0,0,0,0,0,0,0,0,0,0,0,0,0,0,0,0,0,0,0,0,0,0,0,0,0,0,0,0,0
Clarksville Police,1990-02-01,Indiana,19833,IN01002,breakdown offenses,normal return,normal return,normal return,normal return,normal return,breakdown offenses,breakdown offenses,breakdown offenses,0,0,0,0,0,0,0,0,0,0,0,0,0,12,0,0,1,1,10,12,9,3,0,108,3,2,1,0,135,0,2,2,123,125,0,0,0,0,0,0,0,0,0,0,0,0,0,0,0,0,0,0,0,0,9,1,1,0,0,10,0,0,0,10,10,0,0,0,0,0,0,0,0,0,0,0,0,0,0,0,0,0,0,0,0,3,0,0,0,0,3,0,0,0,3,3,0,0,0,0,0,0,0,0,0,0,0,0,0,0,0,0,0,0,0,0,0,1,1,0,0,1,0,0,0,1,1
Clarksville Police,1990-01-01,Indiana,19833,IN01002,breakdown offenses,normal return,normal return,normal return,normal return,normal return,breakdown offenses,breakdown offenses,breakdown offenses,0,0,0,0,0,0,0,0,2,1,0,0,1,16,0,0,2,1,13,18,16,2,0,129,7,4,3,0,172,0,3,5,154,159,0,0,0,0,0,1,1,0,0,0,1,0,0,0,1,0,1,1,0,0,10,3,1,2,0,16,0,1,2,14,16,0,0,0,0,0,0,0,0,0,0,0,0,0,0,0,0,0,0,0,0,7,0,0,0,0,7,0,0,0,7,7,0,0,0,0,0,0,0,0,0,0,0,0,0,0,0,0,1,1,0,0,0,0,0,0,0,1,0,0,0,1,1
Clarksville Police,1989-12-01,Indiana,14604,IN01002,breakdown offenses,normal return,normal return,normal return,normal return,normal return,breakdown offenses,breakdown offenses,breakdown offenses,0,0,0,0,0,0,0,0,2,1,0,0,1,17,1,3,1,3,9,13,13,0,0,111,7,7,0,0,150,0,8,10,131,141,0,0,0,0,0,1,1,0,0,0,2,0,0,0,0,2,0,0,0,0,22,0,0,0,0,25,0,0,1,22,23,0,0,0,0,0,1,1,0,0,0,0,0,0,0,0,0,0,0,0,0,13,0,0,0,0,14,0,0,1,13,14,0,0,0,0,0,0,0,0,0,0,0,0,0,0,0,0,0,0,0,0,1,0,0,0,0,1,0,0,0,1,1
Clarksville Police,1989-11-01,Indiana,14604,IN01002,breakdown offenses,normal return,normal return,normal return,normal return,normal return,breakdown offenses,breakdown offenses,breakdown offenses,0,0,0,0,0,2,2,0,0,0,0,0,0,12,2,1,1,0,8,22,16,6,0,106,2,2,0,0,144,0,4,6,130,136,0,0,0,0,0,0,0,0,0,0,3,1,0,1,0,1,5,2,3,0,30,1,1,0,0,39,0,2,2,36,38,0,0,0,0,0,0,0,0,0,0,0,0,0,0,0,0,1,0,1,0,13,1,1,0,0,15,0,0,0,15,15,0,0,0,0,0,0,0,0,0,0,0,0,0,0,0,0,0,0,0,0,0,0,0,0,0,0,0,0,0,0,0
Clarksville Police,1989-10-01,Indiana,14604,IN01002,breakdown offenses,normal return,normal return,normal return,normal return,normal return,breakdown offenses,breakdown offenses,breakdown offenses,0,0,0,0,0,0,0,0,1,1,0,0,0,9,0,0,1,0,8,10,8,2,0,122,5,2,1,2,147,0,1,2,137,139,0,0,0,0,0,1,1,0,0,0,0,0,0,0,0,0,0,0,0,0,32,0,0,0,0,33,0,0,1,32,33,0,0,0,0,0,0,0,0,0,0,0,0,0,0,0,0,0,0,0,0,11,0,0,0,0,11,0,0,0,11,11,0,0,0,0,0,0,0,0,0,0,0,0,0,0,0,0,1,0,1,0,0,0,0,0,0,1,0,0,0,1,1
Clarksville Police,1989-09-01,Indiana,14604,IN01002,breakdown offenses,normal return,normal return,normal return,normal return,normal return,breakdown offenses,breakdown offenses,breakdown offenses,0,0,0,0,0,0,0,0,3,0,2,0,1,8,0,0,2,0,6,14,12,1,1,118,7,2,2,3,150,0,2,5,139,144,0,0,0,0,0,0,0,0,0,0,0,0,0,0,0,0,0,0,0,0,29,0,0,0,0,29,0,0,0,29,29,0,0,0,0,0,0,0,0,0,0,0,0,0,0,0,0,0,0,0,0,9,0,0,0,0,9,0,0,0,9,9,0,0,0,0,0,0,0,0,0,0,0,0,0,0,0,0,0,0,0,0,1,0,0,0,0,1,0,0,0,1,1
Clarksville Police,1989-08-01,Indiana,14604,IN01002,breakdown offenses,normal return,normal return,normal return,normal return,normal return,breakdown offenses,breakdown offenses,breakdown offenses,0,0,0,0,0,0,0,0,3,2,0,0,1,12,0,0,2,1,9,11,11,0,0,130,11,8,3,0,167,0,3,6,152,158,0,0,0,0,0,0,0,0,0,0,1,0,0,0,0,1,2,2,0,0,33,1,1,0,0,37,0,0,0,36,36,0,0,0,0,0,0,0,0,0,0,0,0,0,0,0,0,0,0,0,0,12,0,0,0,0,12,0,0,0,12,12,0,0,0,0,0,0,0,0,0,0,0,0,0,0,0,0,0,0,0,0,1,0,0,0,0,1,0,0,0,1,1
Clarksville Police,1989-07-01,Indiana,14604,IN01002,missing,not updated,not updated,not updated,not updated,not updated,missing,missing,missing,0,0,0,0,0,0,0,0,0,0,0,0,0,0,0,0,0,0,0,0,0,0,0,0,0,0,0,0,0,0,0,0,0,0,0,0,0,0,0,0,0,0,0,0,0,0,0,0,0,0,0,0,0,0,0,0,0,0,0,0,0,0,0,0,0,0,0,0,0,0,0,0,0,0,0,0,0,0,0,0,0,0,0,0,0,0,0,0,0,0,0,0,0,0,0,0,0,0,0,0,0,0,0,0,0,0,0,0,0,0,0,0,0,0,0,0,0,0,0,0,0,0,0,0,0,0,0
Clarksville Police,1989-06-01,Indiana,14604,IN01002,missing,not updated,not updated,not updated,not updated,not updated,missing,missing,missing,0,0,0,0,0,0,0,0,0,0,0,0,0,0,0,0,0,0,0,0,0,0,0,0,0,0,0,0,0,0,0,0,0,0,0,0,0,0,0,0,0,0,0,0,0,0,0,0,0,0,0,0,0,0,0,0,0,0,0,0,0,0,0,0,0,0,0,0,0,0,0,0,0,0,0,0,0,0,0,0,0,0,0,0,0,0,0,0,0,0,0,0,0,0,0,0,0,0,0,0,0,0,0,0,0,0,0,0,0,0,0,0,0,0,0,0,0,0,0,0,0,0,0,0,0,0,0
Clarksville Police,1989-05-01,Indiana,14604,IN01002,breakdown offenses,normal return,normal return,normal return,normal return,normal return,breakdown offenses,breakdown offenses,breakdown offenses,0,0,0,1,0,2,0,2,1,0,0,0,1,8,0,3,0,1,4,11,10,1,0,129,8,7,1,0,160,0,4,8,148,156,0,0,0,0,0,0,0,0,0,0,2,0,2,0,0,0,1,0,1,0,43,0,0,0,0,46,0,2,2,44,46,0,0,0,0,0,0,0,0,0,0,0,0,0,0,0,0,1,0,1,0,15,0,0,0,0,16,0,0,0,16,16,0,0,0,0,0,0,0,0,0,0,0,0,0,0,0,0,0,0,0,0,0,0,0,0,0,0,0,0,0,0,0
Clarksville Police,1989-04-01,Indiana,14604,IN01002,breakdown offenses,normal return,normal return,normal return,normal return,normal return,breakdown offenses,breakdown offenses,breakdown offenses,0,0,0,0,0,2,2,0,0,0,0,0,0,7,0,0,0,1,6,9,7,2,0,110,7,5,1,1,135,0,1,3,126,129,0,0,0,0,0,0,0,0,0,0,0,0,0,0,0,0,0,0,0,0,35,1,0,0,1,36,0,0,0,36,36,0,0,0,0,0,0,0,0,0,0,0,0,0,0,0,0,0,0,0,0,15,0,0,0,0,15,0,0,0,15,15,0,0,0,0,0,0,0,0,0,0,0,0,0,0,0,0,0,0,0,0,1,0,0,0,0,1,0,0,0,1,1
Clarksville Police,1989-03-01,Indiana,14604,IN01002,breakdown offenses,normal return,normal return,normal return,normal return,normal return,breakdown offenses,breakdown offenses,breakdown offenses,0,0,0,0,0,1,1,0,4,1,0,0,3,9,0,1,0,2,6,8,7,0,1,123,7,3,3,1,152,0,3,8,138,146,0,0,0,0,0,0,0,0,0,0,0,0,0,0,0,0,0,0,0,0,36,1,1,0,0,37,0,0,0,37,37,0,0,0,0,0,0,0,0,0,0,0,0,0,0,0,0,0,0,0,0,13,0,0,0,0,13,0,0,0,13,13,0,0,0,0,0,0,0,0,0,0,0,0,0,0,0,0,0,0,0,0,0,1,1,0,0,1,0,0,0,1,1
Clarksville Police,1989-02-01,Indiana,14604,IN01002,breakdown offenses,normal return,normal return,normal return,normal return,normal return,breakdown offenses,breakdown offenses,breakdown offenses,0,0,0,0,0,0,0,0,5,2,0,0,3,4,0,0,0,0,4,9,3,5,1,79,10,8,2,0,107,0,0,5,98,103,0,0,0,0,0,0,0,0,0,0,0,0,0,0,0,0,0,0,0,0,27,0,0,0,0,27,0,0,0,27,27,0,0,0,0,0,0,0,0,0,0,0,0,0,0,0,0,0,0,0,0,13,0,0,0,0,13,0,0,0,13,13,0,0,0,0,0,0,0,0,0,0,0,0,0,0,0,0,0,0,0,0,0,0,0,0,0,0,0,0,0,0,0
Clarksville Police,1989-01-01,Indiana,14604,IN01002,breakdown offenses,normal return,normal return,normal return,normal return,normal return,breakdown offenses,breakdown offenses,breakdown offenses,0,0,0,0,0,0,0,0,3,2,0,0,1,8,0,0,1,0,7,7,7,0,0,86,12,8,4,0,116,0,1,4,105,109,1,0,0,0,0,0,0,0,0,0,0,0,0,0,0,0,0,0,0,0,45,2,1,1,0,48,0,0,1,47,48,0,0,0,0,0,0,0,0,0,0,0,0,0,0,0,0,0,0,0,0,10,0,0,0,0,10,0,0,0,10,10,0,0,0,0,0,0,0,0,0,0,0,0,0,0,0,0,0,0,0,0,1,0,0,0,0,1,0,0,0,1,1
Clarksville Police,1988-12-01,Indiana,14709,IN01002,breakdown offenses,adjustment,adjustment,adjustment,adjustment,adjustment,breakdown offenses,breakdown offenses,breakdown offenses,0,0,0,0,0,0,0,0,2,1,0,0,1,12,2,2,1,4,3,11,9,2,0,89,6,4,2,0,120,0,9,11,106,117,0,0,0,0,0,0,0,0,0,0,1,0,0,0,1,0,0,0,0,0,31,1,1,0,0,33,0,1,1,32,33,0,0,0,0,0,0,0,0,0,0,0,0,0,0,0,0,0,0,0,0,9,0,0,0,0,9,0,0,0,9,9,0,0,0,0,0,0,0,0,0,0,0,0,0,0,0,0,0,0,0,0,1,0,0,0,0,1,0,0,0,1,1
Clarksville Police,1988-11-01,Indiana,14709,IN01002,breakdown offenses,adjustment,adjustment,adjustment,adjustment,adjustment,breakdown offenses,breakdown offenses,breakdown offenses,0,0,0,1,0,0,0,0,1,1,0,0,0,6,2,0,1,2,1,8,8,0,0,111,5,4,1,0,132,0,5,7,124,131,0,0,0,0,0,0,0,0,0,0,3,2,0,0,1,0,1,0,1,0,40,3,3,0,0,47,0,3,3,44,47,0,0,0,0,0,0,0,0,0,0,1,1,0,0,0,0,0,0,0,0,21,0,0,0,0,22,0,1,1,21,22,0,0,0,0,0,0,0,0,0,0,0,0,0,0,0,0,0,0,0,0,0,0,0,0,0,0,0,0,0,0,0
Clarksville Police,1988-10-01,Indiana,14709,IN01002,breakdown offenses,normal return,normal return,normal return,normal return,normal return,breakdown offenses,breakdown offenses,breakdown offenses,0,0,0,0,0,0,0,0,3,2,0,0,1,7,0,1,1,0,5,10,6,4,0,65,5,4,1,0,90,0,2,5,80,85,0,0,0,0,0,0,0,0,0,0,3,0,1,0,0,2,0,0,0,0,28,1,1,0,0,32,0,1,1,29,30,0,0,0,0,0,0,0,0,0,0,0,0,0,0,0,0,0,0,0,0,9,0,0,0,0,9,0,0,0,9,9,0,0,0,0,0,0,0,0,0,0,0,0,0,0,0,0,0,0,0,0,0,1,1,0,0,1,0,0,0,1,1
Clarksville Police,1988-09-01,Indiana,14709,IN01002,breakdown offenses,normal return,normal return,normal return,normal return,normal return,breakdown offenses,breakdown offenses,breakdown offenses,0,0,0,0,0,0,0,0,3,0,0,0,3,11,1,0,3,2,5,16,13,3,0,71,8,6,1,1,109,0,6,9,95,104,0,0,0,0,0,1,0,0,0,1,2,0,0,2,0,0,1,0,0,1,25,2,2,0,0,31,0,2,3,28,31,0,0,0,0,0,0,0,0,0,0,0,0,0,0,0,0,0,0,0,0,10,0,0,0,0,10,0,0,0,10,10,0,0,0,0,0,0,0,0,0,0,0,0,0,0,0,0,0,0,0,0,2,0,0,0,0,2,0,0,0,2,2
Clarksville Police,1988-08-01,Indiana,14709,IN01002,breakdown offenses,normal return,normal return,normal return,normal return,normal return,breakdown offenses,breakdown offenses,breakdown offenses,0,0,0,0,0,1,0,1,2,1,1,0,0,10,0,1,0,4,5,11,8,3,0,63,7,5,2,0,94,0,5,8,81,89,0,0,0,0,0,0,0,0,0,0,0,0,0,0,0,0,1,1,0,0,19,1,1,0,0,21,0,0,0,21,21,0,0,0,0,0,0,0,0,0,0,0,0,0,0,0,0,0,0,0,0,9,0,0,0,0,9,0,0,0,9,9,0,0,0,0,0,0,0,0,0,0,0,0,0,0,0,0,0,0,0,0,1,0,0,0,0,1,0,0,0,1,1
Clarksville Police,1988-07-01,Indiana,14709,IN01002,breakdown offenses,normal return,normal return,normal return,normal return,normal return,breakdown offenses,breakdown offenses,breakdown offenses,0,0,0,0,0,0,0,0,1,0,0,1,0,9,0,2,2,5,0,9,5,4,0,116,10,5,1,4,145,0,9,10,135,145,0,0,0,0,0,0,0,0,0,0,2,0,0,1,1,0,2,1,1,0,30,1,0,0,1,35,0,2,2,33,35,0,0,0,0,0,0,0,0,0,0,0,0,0,0,0,0,0,0,0,0,12,0,0,0,0,12,0,0,0,12,12,0,0,0,0,0,0,0,0,0,0,0,0,0,0,0,0,0,0,0,0,0,0,0,0,0,0,0,0,0,0,0
Clarksville Police,1988-06-01,Indiana,14709,IN01002,breakdown offenses,normal return,normal return,normal return,normal return,normal return,breakdown offenses,breakdown offenses,breakdown offenses,0,0,0,0,0,0,0,0,2,1,0,0,1,7,0,1,1,4,1,25,18,6,1,95,11,5,2,4,140,0,6,8,131,139,0,0,0,0,0,0,0,0,0,0,3,0,0,1,2,0,5,5,0,0,38,1,1,0,0,47,0,3,3,44,47,0,0,0,0,0,0,0,0,0,0,0,0,0,0,0,0,0,0,0,0,10,0,0,0,0,10,0,0,0,10,10,0,0,0,0,0,0,0,0,0,0,0,0,0,0,0,0,0,0,0,0,1,0,0,0,0,1,0,0,0,1,1
Clarksville Police,1988-05-01,Indiana,14709,IN01002,breakdown offenses,normal return,normal return,normal return,normal return,normal return,breakdown offenses,breakdown offenses,breakdown offenses,0,0,0,0,0,1,0,1,4,4,0,0,0,8,0,1,1,4,2,7,3,4,0,87,10,6,2,2,117,0,6,11,104,115,0,0,0,0,0,2,2,0,0,0,3,0,0,0,3,0,0,0,0,0,32,1,1,0,0,38,0,3,5,33,38,0,0,0,0,0,0,0,0,0,0,0,0,0,0,0,0,0,0,0,0,7,1,1,0,0,8,0,0,0,8,8,0,0,0,0,0,0,0,0,0,0,0,0,0,0,0,0,0,0,0,0,0,0,0,0,0,0,0,0,0,0,0
Clarksville Police,1988-04-01,Indiana,14709,IN01002,breakdown offenses,normal return,normal return,normal return,normal return,normal return,breakdown offenses,breakdown offenses,breakdown offenses,0,0,0,0,0,0,0,0,2,2,0,0,0,12,0,1,3,2,6,4,4,0,0,82,5,2,3,0,105,0,6,8,91,99,0,0,0,0,0,0,0,0,0,0,1,0,0,0,0,1,0,0,0,0,41,1,0,1,0,43,0,0,0,42,42,0,0,0,0,0,0,0,0,0,0,1,0,0,0,0,1,0,0,0,0,12,0,0,0,0,13,0,0,0,12,12,0,0,0,0,0,0,0,0,0,0,0,0,0,0,0,0,0,0,0,0,0,0,0,0,0,0,0,0,0,0,0
Clarksville Police,1988-03-01,Indiana,14709,IN01002,breakdown offenses,normal return,normal return,normal return,normal return,normal return,breakdown offenses,breakdown offenses,breakdown offenses,0,0,0,0,0,0,0,0,2,2,0,0,0,18,1,2,3,0,12,19,12,6,1,85,6,0,5,1,130,0,6,8,110,118,0,0,0,0,0,0,0,0,0,0,3,0,1,1,0,1,2,0,1,1,46,0,0,0,0,51,0,2,2,48,50,0,0,0,0,0,0,0,0,0,0,0,0,0,0,0,0,1,0,0,1,10,0,0,0,0,11,0,0,0,11,11,0,0,0,0,0,0,0,0,0,0,0,0,0,0,0,0,0,0,0,0,0,0,0,0,0,0,0,0,0,0,0
Clarksville Police,1988-02-01,Indiana,14709,IN01002,breakdown offenses,normal return,normal return,normal return,normal return,normal return,breakdown offenses,breakdown offenses,breakdown offenses,0,0,0,0,0,0,0,0,1,0,0,0,1,6,0,2,2,1,1,6,4,2,0,94,5,4,1,0,112,0,5,6,105,111,0,0,0,0,0,0,0,0,0,0,3,0,2,1,0,0,1,1,0,0,46,1,1,0,0,51,0,3,3,48,51,0,0,0,0,0,0,0,0,0,0,0,0,0,0,0,0,0,0,0,0,8,0,0,0,0,8,0,0,0,8,8,0,0,0,0,0,1,0,0,0,1,0,0,0,0,0,0,0,0,0,0,0,0,0,0,0,1,0,0,1,0,1
Clarksville Police,1988-01-01,Indiana,14709,IN01002,breakdown offenses,normal return,normal return,normal return,normal return,normal return,breakdown offenses,breakdown offenses,breakdown offenses,0,0,0,0,0,2,1,1,0,0,0,0,0,12,0,0,1,3,8,17,12,5,0,90,10,3,7,0,131,0,4,6,117,123,0,0,2,2,0,0,0,0,0,0,1,0,0,0,0,1,0,0,0,0,41,1,0,1,0,45,0,0,2,42,44,0,0,0,0,0,0,0,0,0,0,0,0,0,0,0,0,0,0,0,0,14,0,0,0,0,14,0,0,0,14,14,0,0,0,0,0,0,0,0,0,0,0,0,0,0,0,0,0,0,0,0,0,0,0,0,0,0,0,0,0,0,0
Clarksville Police,1987-12-01,Indiana,14552,IN01002,breakdown offenses,normal return,normal return,normal return,normal return,normal return,breakdown offenses,breakdown offenses,breakdown offenses,0,0,0,0,0,0,0,0,2,1,1,0,0,10,0,0,4,1,5,10,9,1,0,115,9,9,0,0,146,0,5,7,134,141,0,0,0,0,0,0,0,0,0,0,3,0,0,2,1,0,0,0,0,0,54,1,1,0,0,58,0,3,3,55,58,0,0,0,0,0,0,0,0,0,0,1,0,0,1,0,0,0,0,0,0,20,1,1,0,0,22,0,1,1,21,22,0,0,0,0,0,0,0,0,0,0,0,0,0,0,0,0,0,0,0,0,0,0,0,0,0,0,0,0,0,0,0
Clarksville Police,1987-11-01,Indiana,14552,IN01002,breakdown offenses,normal return,normal return,normal return,normal return,normal return,breakdown offenses,breakdown offenses,breakdown offenses,0,0,0,0,0,0,0,0,0,0,0,0,0,13,0,1,1,1,10,8,8,0,0,90,7,3,4,0,118,0,3,3,105,108,0,0,0,0,0,0,0,0,0,0,1,0,0,0,0,1,0,0,0,0,52,0,0,0,0,53,0,0,0,52,52,0,0,0,0,0,0,0,0,0,0,0,0,0,0,0,0,0,0,0,0,21,0,0,0,0,21,0,0,0,21,21,0,0,0,0,0,0,0,0,0,0,0,0,0,0,0,0,0,0,0,0,0,1,1,0,0,1,0,0,0,1,1
Clarksville Police,1987-10-01,Indiana,14552,IN01002,breakdown offenses,normal return,normal return,normal return,normal return,normal return,breakdown offenses,breakdown offenses,breakdown offenses,0,0,0,0,0,1,1,0,0,0,0,0,0,8,1,1,0,2,4,12,9,3,0,67,10,5,2,3,98,0,4,5,89,94,0,0,0,0,0,0,0,0,0,0,4,0,1,0,2,1,0,0,0,0,23,0,0,0,0,27,0,3,3,23,26,0,0,0,0,0,0,0,0,0,0,1,0,1,0,0,0,0,0,0,0,5,0,0,0,0,6,0,1,1,5,6,0,0,0,0,0,0,0,0,0,0,0,0,0,0,0,0,0,0,0,0,0,1,1,0,0,1,0,0,0,1,1
Clarksville Police,1987-09-01,Indiana,14552,IN01002,breakdown offenses,normal return,normal return,normal return,normal return,normal return,breakdown offenses,breakdown offenses,breakdown offenses,0,0,0,0,0,1,1,0,1,1,0,0,0,5,0,1,0,0,4,11,4,6,1,80,6,4,0,2,104,0,1,3,97,100,0,0,1,1,0,0,0,0,0,0,0,0,0,0,0,0,1,0,0,1,29,0,0,0,0,31,0,0,1,30,31,0,0,0,0,0,0,0,0,0,0,0,0,0,0,0,0,0,0,0,0,13,0,0,0,0,13,0,0,0,13,13,0,0,0,0,0,0,0,0,0,0,0,0,0,0,0,0,0,0,0,0,0,1,1,0,0,1,0,0,0,1,1
Clarksville Police,1987-08-01,Indiana,14552,IN01002,breakdown offenses,normal return,normal return,normal return,normal return,normal return,breakdown offenses,breakdown offenses,breakdown offenses,0,0,0,0,0,0,0,0,0,0,0,0,0,8,0,0,0,1,7,23,15,7,1,85,4,2,1,1,120,0,1,1,112,113,0,0,1,1,0,0,0,0,0,0,2,0,0,1,0,1,1,1,0,0,35,0,0,0,0,39,0,1,2,36,38,0,0,0,0,0,0,0,0,0,0,1,0,0,1,0,0,0,0,0,0,9,0,0,0,0,10,0,1,1,9,10,0,0,0,0,0,0,0,0,0,0,0,0,0,0,0,0,0,0,0,0,0,0,0,0,0,0,0,0,0,0,0
Clarksville Police,1987-07-01,Indiana,14552,IN01002,breakdown offenses,normal return,normal return,normal return,normal return,normal return,breakdown offenses,breakdown offenses,breakdown offenses,0,0,0,0,0,0,0,0,1,1,0,0,0,7,0,0,0,2,5,15,7,3,5,91,7,5,2,0,121,0,2,3,113,116,0,0,0,0,0,0,0,0,0,0,5,1,0,0,4,0,4,2,1,1,38,3,3,0,0,50,0,5,5,45,50,0,0,0,0,0,0,0,0,0,0,0,0,0,0,0,0,0,0,0,0,12,0,0,0,0,12,0,0,0,12,12,0,0,0,0,0,0,0,0,0,0,0,0,0,0,0,0,0,0,0,0,0,1,1,0,0,1,0,0,0,1,1
Clarksville Police,1987-06-01,Indiana,14552,IN01002,breakdown offenses,normal return,normal return,normal return,normal return,normal return,breakdown offenses,breakdown offenses,breakdown offenses,0,0,0,0,0,0,0,0,0,0,0,0,0,10,0,2,1,1,6,17,14,2,1,86,6,4,0,2,119,0,4,4,109,113,0,0,0,0,0,0,0,0,0,0,2,0,0,0,1,1,1,1,0,0,25,1,1,0,0,29,0,1,1,27,28,0,0,0,0,0,0,0,0,0,0,0,0,0,0,0,0,0,0,0,0,13,0,0,0,0,13,0,0,0,13,13,0,0,0,0,0,1,1,0,0,0,1,0,0,0,1,0,0,0,0,0,0,0,0,0,0,2,0,1,2,0,2
Clarksville Police,1987-05-01,Indiana,14552,IN01002,breakdown offenses,normal return,normal return,normal return,normal return,normal return,breakdown offenses,breakdown offenses,breakdown offenses,0,0,0,0,0,0,0,0,1,1,0,0,0,10,0,1,2,1,6,9,8,1,0,73,7,4,2,1,100,0,4,5,89,94,0,0,0,0,0,0,0,0,0,0,1,0,0,0,1,0,1,1,0,0,23,1,1,0,0,26,0,1,1,25,26,0,0,0,0,0,0,0,0,0,0,0,0,0,0,0,0,0,0,0,0,7,0,0,0,0,7,0,0,0,7,7,0,0,0,0,0,0,0,0,0,0,0,0,0,0,0,0,0,0,0,0,0,0,0,0,0,0,0,0,0,0,0
Clarksville Police,1987-04-01,Indiana,14552,IN01002,breakdown offenses,normal return,normal return,normal return,normal return,normal return,breakdown offenses,breakdown offenses,breakdown offenses,0,0,0,0,0,2,1,1,0,0,0,0,0,15,0,1,3,2,9,14,11,2,1,78,13,7,3,3,122,0,6,8,105,113,0,0,0,0,0,5,5,0,0,0,6,0,1,2,2,1,3,2,0,1,47,0,0,0,0,61,0,5,10,50,60,0,0,0,0,0,0,0,0,0,0,0,0,0,0,0,0,0,0,0,0,15,0,0,0,0,15,0,0,0,15,15,0,0,0,0,0,0,0,0,0,0,0,0,0,0,0,0,0,0,0,0,0,2,2,0,0,2,0,0,0,2,2
Clarksville Police,1987-03-01,Indiana,14552,IN01002,breakdown offenses,normal return,normal return,normal return,normal return,normal return,breakdown offenses,breakdown offenses,breakdown offenses,0,0,0,0,0,0,0,0,1,0,0,0,1,6,0,0,0,1,5,16,12,3,1,115,3,2,1,0,141,0,1,2,134,136,0,0,0,0,0,5,5,0,0,0,0,0,0,0,0,0,1,1,0,0,9,0,0,0,0,15,0,0,5,10,15,0,0,0,0,0,0,0,0,0,0,0,0,0,0,0,0,0,0,0,0,0,0,0,0,0,0,0,0,0,0,0,0,0,0,0,0,0,0,0,0,0,0,0,0,0,0,0,0,0,0,0,0,0,0,0,0,0,0,0,0,0,0
Clarksville Police,1987-02-01,Indiana,14552,IN01002,breakdown offenses,normal return,normal return,not updated,not updated,normal return,breakdown offenses,,,0,0,0,0,0,2,2,0,2,2,0,0,0,10,0,0,3,0,7,14,13,1,0,93,8,6,1,1,129,0,3,7,115,122,0,0,0,0,0,0,0,0,0,0,0,0,0,0,0,0,0,0,0,0,0,0,0,0,0,0,0,0,0,0,0,0,0,0,0,0,0,0,0,0,0,0,0,0,0,0,0,0,0,0,0,0,0,0,0,0,0,0,0,0,0,0,0,0,0,0,0,0,0,0,0,0,0,0,0,0,0,0,0,0,0,0,0,0,0,0,0,0,0,0,0,0,0
Clarksville Police,1987-01-01,Indiana,14552,IN01002,breakdown offenses,normal return,normal return,not updated,not updated,normal return,breakdown offenses,,,0,0,0,0,0,0,0,0,2,1,1,0,0,9,0,0,0,0,9,10,8,2,0,70,6,5,1,0,97,0,0,2,86,88,0,0,0,0,0,0,0,0,0,0,0,0,0,0,0,0,0,0,0,0,0,0,0,0,0,0,0,0,0,0,0,0,0,0,0,0,0,0,0,0,0,0,0,0,0,0,0,0,0,0,0,0,0,0,0,0,0,0,0,0,0,0,0,0,0,0,0,0,0,0,0,0,0,0,0,0,0,0,0,0,0,0,0,0,0,0,0,0,0,0,0,0,0
Clarksville Police,1986-12-01,Indiana,,IN01002,,,,,,,,,,,,,,,,,,,,,,,,,,,,,,,,,,,,,,,,,,,,,,,,,,,,,,,,,,,,,,,,,,,,,,,,,,,,,,,,,,,,,,,,,,,,,,,,,,,,,,,,,,,,,,,,,,,,,,,,,,,,,,,,,,,,,,,,
Clarksville Police,1986-11-01,Indiana,,IN01002,,,,,,,,,,,,,,,,,,,,,,,,,,,,,,,,,,,,,,,,,,,,,,,,,,,,,,,,,,,,,,,,,,,,,,,,,,,,,,,,,,,,,,,,,,,,,,,,,,,,,,,,,,,,,,,,,,,,,,,,,,,,,,,,,,,,,,,,
Clarksville Police,1986-10-01,Indiana,,IN01002,,,,,,,,,,,,,,,,,,,,,,,,,,,,,,,,,,,,,,,,,,,,,,,,,,,,,,,,,,,,,,,,,,,,,,,,,,,,,,,,,,,,,,,,,,,,,,,,,,,,,,,,,,,,,,,,,,,,,,,,,,,,,,,,,,,,,,,,
Clarksville Police,1986-09-01,Indiana,,IN01002,,,,,,,,,,,,,,,,,,,,,,,,,,,,,,,,,,,,,,,,,,,,,,,,,,,,,,,,,,,,,,,,,,,,,,,,,,,,,,,,,,,,,,,,,,,,,,,,,,,,,,,,,,,,,,,,,,,,,,,,,,,,,,,,,,,,,,,,
Clarksville Police,1986-08-01,Indiana,,IN01002,,,,,,,,,,,,,,,,,,,,,,,,,,,,,,,,,,,,,,,,,,,,,,,,,,,,,,,,,,,,,,,,,,,,,,,,,,,,,,,,,,,,,,,,,,,,,,,,,,,,,,,,,,,,,,,,,,,,,,,,,,,,,,,,,,,,,,,,
Clarksville Police,1986-07-01,Indiana,,IN01002,,,,,,,,,,,,,,,,,,,,,,,,,,,,,,,,,,,,,,,,,,,,,,,,,,,,,,,,,,,,,,,,,,,,,,,,,,,,,,,,,,,,,,,,,,,,,,,,,,,,,,,,,,,,,,,,,,,,,,,,,,,,,,,,,,,,,,,,
Clarksville Police,1986-06-01,Indiana,,IN01002,,,,,,,,,,,,,,,,,,,,,,,,,,,,,,,,,,,,,,,,,,,,,,,,,,,,,,,,,,,,,,,,,,,,,,,,,,,,,,,,,,,,,,,,,,,,,,,,,,,,,,,,,,,,,,,,,,,,,,,,,,,,,,,,,,,,,,,,
Clarksville Police,1986-05-01,Indiana,,IN01002,,,,,,,,,,,,,,,,,,,,,,,,,,,,,,,,,,,,,,,,,,,,,,,,,,,,,,,,,,,,,,,,,,,,,,,,,,,,,,,,,,,,,,,,,,,,,,,,,,,,,,,,,,,,,,,,,,,,,,,,,,,,,,,,,,,,,,,,
Clarksville Police,1986-04-01,Indiana,,IN01002,,,,,,,,,,,,,,,,,,,,,,,,,,,,,,,,,,,,,,,,,,,,,,,,,,,,,,,,,,,,,,,,,,,,,,,,,,,,,,,,,,,,,,,,,,,,,,,,,,,,,,,,,,,,,,,,,,,,,,,,,,,,,,,,,,,,,,,,
Clarksville Police,1986-03-01,Indiana,,IN01002,,,,,,,,,,,,,,,,,,,,,,,,,,,,,,,,,,,,,,,,,,,,,,,,,,,,,,,,,,,,,,,,,,,,,,,,,,,,,,,,,,,,,,,,,,,,,,,,,,,,,,,,,,,,,,,,,,,,,,,,,,,,,,,,,,,,,,,,
Clarksville Police,1986-02-01,Indiana,,IN01002,,,,,,,,,,,,,,,,,,,,,,,,,,,,,,,,,,,,,,,,,,,,,,,,,,,,,,,,,,,,,,,,,,,,,,,,,,,,,,,,,,,,,,,,,,,,,,,,,,,,,,,,,,,,,,,,,,,,,,,,,,,,,,,,,,,,,,,,
Clarksville Police,1986-01-01,Indiana,,IN01002,,,,,,,,,,,,,,,,,,,,,,,,,,,,,,,,,,,,,,,,,,,,,,,,,,,,,,,,,,,,,,,,,,,,,,,,,,,,,,,,,,,,,,,,,,,,,,,,,,,,,,,,,,,,,,,,,,,,,,,,,,,,,,,,,,,,,,,,
Clarksville Police,1985-12-01,Indiana,15018,IN01002,breakdown offenses,normal return,normal return,normal return,normal return,normal return,breakdown offenses,breakdown offenses,breakdown offenses,0,0,0,0,0,0,0,0,1,0,0,0,1,9,3,0,0,1,5,10,7,3,0,87,5,2,3,0,112,0,4,5,102,107,0,0,0,0,0,0,0,0,0,0,1,1,0,0,0,0,0,0,0,0,27,2,2,0,0,30,0,1,1,29,30,0,0,0,0,0,0,0,0,0,0,0,0,0,0,0,0,0,0,0,0,14,2,2,0,0,16,0,0,0,16,16,0,0,0,0,0,0,0,0,0,0,0,0,0,0,0,0,0,0,0,0,0,0,0,0,0,0,0,0,0,0,0
Clarksville Police,1985-11-01,Indiana,15018,IN01002,breakdown offenses,normal return,normal return,normal return,normal return,normal return,breakdown offenses,breakdown offenses,breakdown offenses,0,0,1,0,0,0,0,0,0,0,0,0,0,18,2,0,0,1,15,18,14,4,0,95,8,3,4,1,139,0,3,3,121,124,0,0,0,0,0,0,0,0,0,0,2,0,0,0,0,2,1,1,0,0,28,1,0,0,1,32,0,0,0,30,30,0,0,0,0,0,0,0,0,0,0,0,0,0,0,0,0,0,0,0,0,17,1,0,0,1,18,0,0,0,18,18,0,0,0,0,0,0,0,0,0,0,0,0,0,0,0,0,0,0,0,0,0,0,0,0,0,0,0,0,0,0,0
Clarksville Police,1985-10-01,Indiana,15018,IN01002,breakdown offenses,normal return,normal return,normal return,normal return,normal return,breakdown offenses,breakdown offenses,breakdown offenses,0,0,0,0,0,0,0,0,1,0,0,0,1,9,1,1,0,0,7,7,5,2,0,95,13,8,3,2,125,0,2,3,115,118,0,0,0,0,0,0,0,0,0,0,0,0,0,0,0,0,0,0,0,0,18,2,2,0,0,20,0,0,0,20,20,0,0,0,0,0,0,0,0,0,0,0,0,0,0,0,0,0,0,0,0,5,1,1,0,0,6,0,0,0,6,6,0,0,0,0,0,0,0,0,0,0,0,0,0,0,0,0,0,0,0,0,1,0,0,0,0,1,0,0,0,1,1
Clarksville Police,1985-09-01,Indiana,15018,IN01002,breakdown offenses,normal return,normal return,normal return,normal return,normal return,breakdown offenses,breakdown offenses,breakdown offenses,0,0,0,0,0,1,1,0,0,0,0,0,0,10,1,0,1,1,7,14,11,2,1,82,3,3,0,0,110,0,3,4,99,103,0,0,1,1,0,0,0,0,0,0,1,0,0,0,0,1,0,0,0,0,13,0,0,0,0,15,0,0,1,13,14,0,0,0,0,0,0,0,0,0,0,0,0,0,0,0,0,0,0,0,0,5,0,0,0,0,5,0,0,0,5,5,0,0,0,0,0,0,0,0,0,0,0,0,0,0,0,0,0,0,0,0,0,1,1,0,0,1,0,0,0,1,1
Clarksville Police,1985-08-01,Indiana,15018,IN01002,breakdown offenses,normal return,normal return,normal return,normal return,normal return,breakdown offenses,breakdown offenses,breakdown offenses,0,0,0,1,0,0,0,0,0,0,0,0,0,8,2,0,1,0,5,15,12,3,0,120,14,10,1,3,158,0,3,4,149,153,1,0,0,0,0,0,0,0,0,0,0,0,0,0,0,0,2,2,0,0,17,1,1,0,0,21,0,0,1,20,21,0,0,0,0,0,0,0,0,0,0,0,0,0,0,0,0,1,1,0,0,6,0,0,0,0,7,0,0,0,7,7,0,0,0,0,0,0,0,0,0,0,0,0,0,0,0,0,0,0,0,0,0,0,0,0,0,0,0,0,0,0,0
Clarksville Police,1985-07-01,Indiana,15018,IN01002,breakdown offenses,normal return,normal return,normal return,normal return,normal return,breakdown offenses,breakdown offenses,breakdown offenses,0,0,0,0,0,1,1,0,2,0,1,1,0,8,0,0,1,0,7,9,7,1,1,102,11,10,1,0,133,0,1,4,122,126,0,0,1,1,0,0,0,0,0,0,1,0,0,0,0,1,0,0,0,0,26,2,2,0,0,30,0,0,1,28,29,0,0,1,1,0,0,0,0,0,0,0,0,0,0,0,0,0,0,0,0,11,0,0,0,0,12,0,0,1,11,12,0,0,0,0,0,0,0,0,0,0,0,0,0,0,0,0,0,0,0,0,0,0,0,0,0,0,0,0,0,0,0
Clarksville Police,1985-06-01,Indiana,15018,IN01002,breakdown offenses,normal return,normal return,normal return,normal return,normal return,breakdown offenses,breakdown offenses,breakdown offenses,0,0,0,0,0,0,0,0,4,2,0,0,2,6,0,1,1,1,3,8,7,1,0,82,13,4,5,4,113,0,3,7,103,110,0,0,0,0,0,0,0,0,0,0,0,0,0,0,0,0,0,0,0,0,9,2,2,0,0,11,0,0,0,11,11,0,0,0,0,0,0,0,0,0,0,0,0,0,0,0,0,0,0,0,0,2,0,0,0,0,2,0,0,0,2,2,0,0,0,0,0,0,0,0,0,0,0,0,0,0,0,0,0,0,0,0,0,1,0,0,1,1,0,0,0,1,1
Clarksville Police,1985-05-01,Indiana,15018,IN01002,breakdown offenses,normal return,normal return,normal return,normal return,normal return,breakdown offenses,breakdown offenses,breakdown offenses,0,0,0,0,0,0,0,0,2,1,0,0,1,10,0,0,0,1,9,17,12,2,3,121,11,7,1,3,161,0,1,3,149,152,0,0,0,0,0,0,0,0,0,0,1,0,0,0,1,0,0,0,0,0,27,2,2,0,0,30,0,1,1,29,30,0,0,0,0,0,0,0,0,0,0,0,0,0,0,0,0,0,0,0,0,11,0,0,0,0,11,0,0,0,11,11,0,0,0,0,0,0,0,0,0,0,0,0,0,0,0,0,0,0,0,0,1,0,0,0,0,1,0,0,0,1,1
Clarksville Police,1985-04-01,Indiana,15018,IN01002,breakdown offenses,normal return,normal return,normal return,normal return,normal return,breakdown offenses,breakdown offenses,breakdown offenses,0,0,0,0,0,0,0,0,0,0,0,0,0,10,1,1,1,1,6,12,11,1,0,81,10,8,1,1,113,0,4,4,103,107,0,0,0,0,0,0,0,0,0,0,0,0,0,0,0,0,1,1,0,0,24,0,0,0,0,25,0,0,0,25,25,0,0,0,0,0,0,0,0,0,0,0,0,0,0,0,0,0,0,0,0,10,0,0,0,0,10,0,0,0,10,10,0,0,0,0,0,0,0,0,0,0,0,0,0,0,0,0,0,0,0,0,0,0,0,0,0,0,0,0,0,0,0
Clarksville Police,1985-03-01,Indiana,15018,IN01002,breakdown offenses,normal return,normal return,normal return,normal return,normal return,breakdown offenses,breakdown offenses,breakdown offenses,0,0,0,0,0,1,0,1,1,1,0,0,0,6,0,0,1,0,5,10,7,3,0,85,7,5,1,1,110,0,1,3,102,105,0,0,0,0,0,0,0,0,0,0,1,0,0,0,0,1,0,0,0,0,22,2,2,0,0,25,0,0,0,24,24,0,0,0,0,0,0,0,0,0,0,0,0,0,0,0,0,0,0,0,0,10,1,1,0,0,11,0,0,0,11,11,0,0,0,0,0,0,0,0,0,0,0,0,0,0,0,0,0,0,0,0,0,2,2,0,0,2,0,0,0,2,2
Clarksville Police,1985-02-01,Indiana,15018,IN01002,breakdown offenses,normal return,normal return,normal return,normal return,normal return,breakdown offenses,breakdown offenses,breakdown offenses,0,0,0,0,0,0,0,0,4,4,0,0,0,6,0,1,1,0,4,7,6,1,0,74,8,4,4,0,99,0,2,6,89,95,0,0,0,0,0,3,0,1,0,2,1,0,0,0,0,1,0,0,0,0,20,1,1,0,0,25,0,0,3,21,24,0,0,0,0,0,0,0,0,0,0,0,0,0,0,0,0,0,0,0,0,3,0,0,0,0,3,0,0,0,3,3,0,0,0,0,0,0,0,0,0,0,0,0,0,0,0,0,1,1,0,0,0,2,1,0,1,3,0,0,0,3,3
Clarksville Police,1985-01-01,Indiana,15018,IN01002,breakdown offenses,normal return,normal return,normal return,normal return,normal return,breakdown offenses,breakdown offenses,breakdown offenses,0,0,1,0,0,0,0,0,1,1,0,0,0,11,1,0,0,1,9,10,9,1,0,66,6,4,1,1,94,0,2,3,82,85,0,0,0,0,0,0,0,0,0,0,1,0,0,0,0,1,0,0,0,0,16,2,1,1,0,19,0,0,0,18,18,0,0,0,0,0,0,0,0,0,0,0,0,0,0,0,0,0,0,0,0,3,0,0,0,0,3,0,0,0,3,3,0,0,0,0,0,0,0,0,0,0,0,0,0,0,0,0,0,0,0,0,0,1,0,1,0,1,0,0,0,1,1
Clarksville Police,1984-12-01,Indiana,15017,IN01002,breakdown offenses,normal return,normal return,normal return,normal return,normal return,breakdown offenses,breakdown offenses,breakdown offenses,0,0,1,0,0,1,1,0,2,2,0,0,0,11,0,1,0,4,6,20,17,3,0,87,9,7,2,0,130,0,5,8,116,124,0,0,0,0,0,0,0,0,0,0,0,0,0,0,0,0,1,1,0,0,28,0,0,0,0,29,0,0,0,29,29,0,0,0,0,0,0,0,0,0,0,0,0,0,0,0,0,0,0,0,0,6,0,0,0,0,6,0,0,0,6,6,0,0,0,0,0,0,0,0,0,0,0,0,0,0,0,0,0,0,0,0,1,0,0,0,0,1,0,0,0,1,1
Clarksville Police,1984-11-01,Indiana,15017,IN01002,breakdown offenses,normal return,normal return,normal return,normal return,normal return,breakdown offenses,breakdown offenses,breakdown offenses,0,0,0,0,0,0,0,0,2,2,0,0,0,4,0,0,0,1,3,14,12,2,0,94,6,1,3,2,120,0,1,3,114,117,0,0,0,0,0,0,0,0,0,0,1,0,0,0,0,1,0,0,0,0,22,1,0,1,0,24,0,0,0,23,23,0,0,0,0,0,0,0,0,0,0,1,0,0,0,0,1,0,0,0,0,12,0,0,0,0,13,0,0,0,12,12,0,0,0,0,0,0,0,0,0,0,0,0,0,0,0,0,0,0,0,0,0,1,0,1,0,1,0,0,0,1,1
Clarksville Police,1984-10-01,Indiana,15017,IN01002,breakdown offenses,normal return,normal return,normal return,normal return,normal return,breakdown offenses,breakdown offenses,breakdown offenses,0,0,0,0,0,0,0,0,1,1,0,0,0,12,4,1,2,0,5,16,12,4,0,82,11,7,3,1,122,0,7,8,109,117,0,0,0,0,0,0,0,0,0,0,0,0,0,0,0,0,0,0,0,0,19,0,0,0,0,19,0,0,0,19,19,0,0,0,0,0,0,0,0,0,0,0,0,0,0,0,0,0,0,0,0,6,0,0,0,0,6,0,0,0,6,6,0,0,0,0,0,0,0,0,0,0,0,0,0,0,0,0,0,0,0,0,0,0,0,0,0,0,0,0,0,0,0
Clarksville Police,1984-09-01,Indiana,15017,IN01002,breakdown offenses,normal return,normal return,normal return,normal return,normal return,breakdown offenses,breakdown offenses,breakdown offenses,0,0,0,0,0,1,1,0,1,0,0,0,1,9,0,1,2,1,5,21,15,6,0,95,6,4,1,1,133,0,4,6,122,128,0,0,0,0,0,0,0,0,0,0,2,0,0,2,0,0,2,2,0,0,25,0,0,0,0,29,0,2,2,27,29,0,0,0,0,0,0,0,0,0,0,1,0,0,1,0,0,1,1,0,0,7,0,0,0,0,9,0,1,1,8,9,0,0,0,0,0,0,0,0,0,0,0,0,0,0,0,0,0,0,0,0,0,0,0,0,0,0,0,0,0,0,0
Clarksville Police,1984-08-01,Indiana,15017,IN01002,breakdown offenses,adjustment,adjustment,adjustment,adjustment,adjustment,breakdown offenses,breakdown offenses,breakdown offenses,0,0,1,0,0,1,0,1,2,1,0,1,0,11,2,1,1,2,5,13,9,4,0,102,13,7,3,3,142,0,6,9,128,137,0,0,0,0,0,0,0,0,0,0,0,0,0,0,0,0,0,0,0,0,21,3,3,0,0,24,0,0,0,24,24,0,0,0,0,0,0,0,0,0,0,0,0,0,0,0,0,0,0,0,0,6,1,1,0,0,7,0,0,0,7,7,0,0,1,1,0,0,0,0,0,0,0,0,0,0,0,0,0,0,0,0,0,2,1,0,1,3,0,0,1,2,3
Clarksville Police,1984-07-01,Indiana,15017,IN01002,breakdown offenses,normal return,normal return,normal return,normal return,normal return,breakdown offenses,breakdown offenses,breakdown offenses,0,0,2,0,0,0,0,0,2,2,0,0,0,11,0,1,2,0,8,14,6,5,3,104,7,3,3,1,138,0,3,5,125,130,0,0,0,0,0,0,0,0,0,0,0,0,0,0,0,0,0,0,0,0,23,0,0,0,0,23,0,0,0,23,23,0,0,0,0,0,0,0,0,0,0,0,0,0,0,0,0,0,0,0,0,15,0,0,0,0,15,0,0,0,15,15,0,0,0,0,0,0,0,0,0,0,0,0,0,0,0,0,0,0,0,0,0,0,0,0,0,0,0,0,0,0,0
Clarksville Police,1984-06-01,Indiana,15017,IN01002,breakdown offenses,normal return,normal return,normal return,normal return,normal return,breakdown offenses,breakdown offenses,breakdown offenses,0,0,1,0,0,0,0,0,1,0,0,0,1,13,2,3,2,0,6,19,16,3,0,105,7,6,1,0,145,0,7,8,131,139,0,0,0,0,0,0,0,0,0,0,4,0,2,0,0,2,0,0,0,0,18,0,0,0,0,22,0,2,2,18,20,0,0,0,0,0,0,0,0,0,0,1,0,0,0,0,1,0,0,0,0,6,0,0,0,0,7,0,0,0,6,6,0,0,0,0,0,0,0,0,0,0,0,0,0,0,0,0,0,0,0,0,0,4,2,1,1,4,0,0,0,4,4
Clarksville Police,1984-05-01,Indiana,15017,IN01002,breakdown offenses,normal return,normal return,normal return,normal return,normal return,breakdown offenses,breakdown offenses,breakdown offenses,0,0,1,0,0,1,0,1,0,0,0,0,0,10,1,0,1,0,8,14,12,2,0,90,5,4,1,0,120,0,2,3,109,112,0,0,0,0,0,0,0,0,0,0,0,0,0,0,0,0,1,1,0,0,21,1,1,0,0,23,0,0,0,23,23,0,0,0,0,0,0,0,0,0,0,0,0,0,0,0,0,0,0,0,0,4,0,0,0,0,4,0,0,0,4,4,0,0,0,0,0,0,0,0,0,0,0,0,0,0,0,0,0,0,0,0,1,0,0,0,0,1,0,0,0,1,1
Clarksville Police,1984-04-01,Indiana,15017,IN01002,breakdown offenses,normal return,normal return,normal return,normal return,normal return,breakdown offenses,breakdown offenses,breakdown offenses,0,0,0,0,0,1,1,0,0,0,0,0,0,4,0,0,2,0,2,8,6,2,0,87,12,8,1,3,112,0,2,3,107,110,0,0,1,1,0,0,0,0,0,0,0,0,0,0,0,0,0,0,0,0,19,1,1,0,0,21,0,0,1,20,21,0,0,0,0,0,0,0,0,0,0,0,0,0,0,0,0,0,0,0,0,7,0,0,0,0,7,0,0,0,7,7,0,0,0,0,0,0,0,0,0,0,0,0,0,0,0,0,0,0,0,0,0,1,1,0,0,1,0,0,0,1,1
Clarksville Police,1984-03-01,Indiana,15017,IN01002,breakdown offenses,normal return,normal return,normal return,normal return,normal return,breakdown offenses,breakdown offenses,breakdown offenses,0,0,0,0,0,2,2,0,0,0,0,0,0,9,0,1,1,1,6,13,13,0,0,105,9,7,2,0,138,0,3,5,127,132,0,0,0,0,0,0,0,0,0,0,0,0,0,0,0,0,0,0,0,0,37,0,0,0,0,37,0,0,0,37,37,0,0,0,0,0,0,0,0,0,0,0,0,0,0,0,0,0,0,0,0,13,0,0,0,0,13,0,0,0,13,13,0,0,0,0,0,0,0,0,0,0,0,0,0,0,0,0,0,0,0,0,0,0,0,0,0,0,0,0,0,0,0
Clarksville Police,1984-02-01,Indiana,15017,IN01002,breakdown offenses,normal return,normal return,normal return,normal return,normal return,breakdown offenses,breakdown offenses,breakdown offenses,0,0,0,0,0,0,0,0,1,0,0,0,1,6,0,1,1,1,3,16,14,2,0,84,12,7,5,0,119,0,3,4,112,116,0,0,0,0,0,0,0,0,0,0,0,0,0,0,0,0,0,0,0,0,28,1,1,0,0,29,0,0,0,29,29,0,0,0,0,0,0,0,0,0,0,0,0,0,0,0,0,0,0,0,0,7,0,0,0,0,7,0,0,0,7,7,0,0,0,0,0,0,0,0,0,0,0,0,0,0,0,0,0,0,0,0,1,0,0,0,0,1,0,0,0,1,1
Clarksville Police,1984-01-01,Indiana,15017,IN01002,breakdown offenses,normal return,normal return,normal return,normal return,normal return,breakdown offenses,breakdown offenses,breakdown offenses,0,0,1,0,0,1,1,0,0,0,0,0,0,13,0,1,2,10,0,20,20,0,0,93,6,3,1,2,133,0,13,14,119,133,0,0,1,1,0,0,0,0,0,0,0,0,0,0,0,0,1,1,0,0,37,0,0,0,0,39,0,0,1,38,39,0,0,0,0,0,0,0,0,0,0,0,0,0,0,0,0,0,0,0,0,13,0,0,0,0,13,0,0,0,13,13,0,0,0,0,0,0,0,0,0,0,0,0,0,0,0,0,1,0,1,0,0,0,0,0,0,1,0,0,0,1,1
Clarksville Police,1983-12-01,Indiana,15151,IN01002,breakdown offenses,adjustment,adjustment,adjustment,adjustment,adjustment,breakdown offenses,breakdown offenses,breakdown offenses,0,0,0,0,0,0,0,0,2,1,1,0,0,7,1,0,0,5,1,13,13,0,0,81,5,5,0,0,108,0,6,8,99,107,0,0,0,0,0,0,0,0,0,0,0,0,0,0,0,0,0,0,0,0,22,1,1,0,0,23,0,0,0,23,23,0,0,0,0,0,0,0,0,0,0,0,0,0,0,0,0,0,0,0,0,9,1,1,0,0,10,0,0,0,10,10,0,0,0,0,0,0,0,0,0,0,0,0,0,0,0,0,0,0,0,0,0,0,0,0,0,0,0,0,0,0,0
Clarksville Police,1983-11-01,Indiana,15151,IN01002,breakdown offenses,normal return,normal return,normal return,normal return,normal return,breakdown offenses,breakdown offenses,breakdown offenses,0,0,1,0,0,0,0,0,3,2,0,0,1,3,0,1,0,2,0,19,15,4,0,97,3,2,1,0,125,0,3,6,119,125,0,0,0,0,0,2,2,0,0,0,0,0,0,0,0,0,0,0,0,0,30,1,0,0,1,33,0,0,2,31,33,0,0,0,0,0,0,0,0,0,0,0,0,0,0,0,0,0,0,0,0,8,0,0,0,0,8,0,0,0,8,8,0,0,0,0,0,0,0,0,0,0,0,0,0,0,0,0,0,0,0,0,0,0,0,0,0,0,0,0,0,0,0
Clarksville Police,1983-10-01,Indiana,15151,IN01002,breakdown offenses,normal return,normal return,normal return,normal return,normal return,breakdown offenses,breakdown offenses,breakdown offenses,0,0,3,0,0,1,1,0,1,0,0,0,1,13,0,0,6,7,0,13,12,1,0,88,6,4,2,0,122,0,13,15,107,122,0,0,0,0,0,1,0,0,0,1,4,0,0,3,1,0,0,0,0,0,30,0,0,0,0,35,0,4,5,30,35,0,0,0,0,0,1,0,0,0,1,1,0,0,1,0,0,0,0,0,0,5,0,0,0,0,7,0,1,2,5,7,0,0,0,0,0,0,0,0,0,0,0,0,0,0,0,0,0,0,0,0,0,1,1,0,0,1,0,0,0,1,1
Clarksville Police,1983-09-01,Indiana,15151,IN01002,breakdown offenses,normal return,normal return,normal return,normal return,normal return,breakdown offenses,breakdown offenses,breakdown offenses,0,0,0,0,0,1,1,0,2,0,0,0,2,8,0,0,1,7,0,15,7,8,0,75,7,3,1,3,108,0,8,11,97,108,0,0,0,0,0,0,0,0,0,0,0,0,0,0,0,0,1,1,0,0,18,2,1,0,1,21,0,0,0,21,21,0,0,0,0,0,0,0,0,0,0,0,0,0,0,0,0,0,0,0,0,9,0,0,0,0,9,0,0,0,9,9,0,0,0,0,0,0,0,0,0,0,0,0,0,0,0,0,0,0,0,0,0,0,0,0,0,0,0,0,0,0,0
Clarksville Police,1983-08-01,Indiana,15151,IN01002,breakdown offenses,normal return,normal return,normal return,normal return,normal return,breakdown offenses,breakdown offenses,breakdown offenses,0,0,0,0,0,0,0,0,3,0,3,0,0,9,0,1,4,3,1,17,13,4,0,95,6,5,1,0,130,0,8,11,118,129,0,0,0,0,0,0,0,0,0,0,1,0,1,0,0,0,1,1,0,0,27,0,0,0,0,29,0,1,1,28,29,0,0,0,0,0,0,0,0,0,0,0,0,0,0,0,0,0,0,0,0,8,0,0,0,0,8,0,0,0,8,8,0,0,0,0,0,0,0,0,0,0,0,0,0,0,0,0,0,0,0,0,0,0,0,0,0,0,0,0,0,0,0
Clarksville Police,1983-07-01,Indiana,15151,IN01002,breakdown offenses,adjustment,adjustment,adjustment,adjustment,adjustment,breakdown offenses,breakdown offenses,breakdown offenses,0,0,2,0,0,0,0,0,1,1,0,0,0,10,0,0,0,10,0,22,17,5,0,114,10,3,5,2,157,0,10,11,146,157,0,0,0,0,0,1,1,0,0,0,0,0,0,0,0,0,2,2,0,0,32,1,1,0,0,36,0,0,1,35,36,0,0,0,0,0,1,1,0,0,0,0,0,0,0,0,0,0,0,0,0,9,0,0,0,0,10,0,0,1,9,10,0,0,0,0,0,0,0,0,0,0,0,0,0,0,0,0,0,0,0,0,2,1,0,0,1,3,0,0,0,3,3
Clarksville Police,1983-06-01,Indiana,15151,IN01002,breakdown offenses,normal return,normal return,normal return,normal return,normal return,breakdown offenses,breakdown offenses,breakdown offenses,0,0,0,0,0,0,0,0,2,1,0,0,1,7,0,0,0,7,0,24,22,2,0,91,8,3,2,3,132,0,7,9,123,132,0,0,0,0,0,0,0,0,0,0,0,0,0,0,0,0,0,0,0,0,26,0,0,0,0,26,0,0,0,26,26,0,0,0,0,0,0,0,0,0,0,0,0,0,0,0,0,0,0,0,0,8,0,0,0,0,8,0,0,0,8,8,0,0,0,0,0,0,0,0,0,0,0,0,0,0,0,0,0,0,0,0,0,0,0,0,0,0,0,0,0,0,0
Clarksville Police,1983-05-01,Indiana,15151,IN01002,breakdown offenses,normal return,normal return,normal return,normal return,normal return,breakdown offenses,breakdown offenses,breakdown offenses,0,0,1,0,0,0,0,0,1,1,0,0,0,2,0,0,0,2,0,21,18,3,0,104,5,3,2,0,133,0,2,3,130,133,0,0,0,0,0,0,0,0,0,0,0,0,0,0,0,0,0,0,0,0,35,0,0,0,0,35,0,0,0,35,35,0,0,0,0,0,0,0,0,0,0,0,0,0,0,0,0,0,0,0,0,8,0,0,0,0,8,0,0,0,8,8,0,0,0,0,0,0,0,0,0,0,0,0,0,0,0,0,0,0,0,0,0,0,0,0,0,0,0,0,0,0,0
Clarksville Police,1983-04-01,Indiana,15151,IN01002,breakdown offenses,normal return,normal return,normal return,normal return,normal return,breakdown offenses,breakdown offenses,breakdown offenses,0,0,0,0,0,0,0,0,0,0,0,0,0,13,0,2,2,9,0,19,13,6,0,100,10,7,1,2,142,0,13,13,129,142,0,0,0,0,0,0,0,0,0,0,0,0,0,0,0,0,0,0,0,0,29,0,0,0,0,29,0,0,0,29,29,0,0,0,0,0,0,0,0,0,0,0,0,0,0,0,0,0,0,0,0,10,0,0,0,0,10,0,0,0,10,10,0,0,0,0,0,0,0,0,0,0,0,0,0,0,0,0,0,0,0,0,0,0,0,0,0,0,0,0,0,0,0
Clarksville Police,1983-03-01,Indiana,15151,IN01002,breakdown offenses,normal return,normal return,normal return,normal return,normal return,breakdown offenses,breakdown offenses,breakdown offenses,0,0,1,0,0,0,0,0,1,0,0,1,0,8,0,1,1,6,0,9,7,2,0,92,9,5,3,1,119,0,8,9,110,119,0,0,0,0,0,0,0,0,0,0,0,0,0,0,0,0,0,0,0,0,29,0,0,0,0,29,0,0,0,29,29,0,0,0,0,0,0,0,0,0,0,0,0,0,0,0,0,0,0,0,0,10,0,0,0,0,10,0,0,0,10,10,0,0,0,0,0,0,0,0,0,0,0,0,0,0,0,0,0,0,0,0,0,0,0,0,0,0,0,0,0,0,0
Clarksville Police,1983-02-01,Indiana,15151,IN01002,breakdown offenses,normal return,normal return,normal return,normal return,normal return,breakdown offenses,breakdown offenses,breakdown offenses,0,0,0,0,0,1,1,0,2,1,0,1,0,8,1,0,1,6,0,12,9,3,0,76,9,7,0,2,108,0,8,11,97,108,0,0,1,1,0,0,0,0,0,0,0,0,0,0,0,0,0,0,0,0,19,1,1,0,0,21,0,0,1,20,21,0,0,1,1,0,0,0,0,0,0,0,0,0,0,0,0,0,0,0,0,7,0,0,0,0,8,0,0,1,7,8,0,0,0,0,0,0,0,0,0,0,0,0,0,0,0,0,0,0,0,0,0,0,0,0,0,0,0,0,0,0,0
Clarksville Police,1983-01-01,Indiana,15151,IN01002,breakdown offenses,normal return,normal return,normal return,normal return,normal return,breakdown offenses,breakdown offenses,breakdown offenses,0,0,0,0,0,0,0,0,3,2,0,0,1,9,0,1,1,5,2,21,15,6,0,106,11,6,4,1,150,0,7,10,138,148,0,0,0,0,0,0,0,0,0,0,0,0,0,0,0,0,1,1,0,0,20,0,0,0,0,21,0,0,0,21,21,0,0,0,0,0,0,0,0,0,0,0,0,0,0,0,0,1,1,0,0,4,0,0,0,0,5,0,0,0,5,5,0,0,0,0,0,0,0,0,0,0,0,0,0,0,0,0,0,0,0,0,0,0,0,0,0,0,0,0,0,0,0
Clarksville Police,1982-12-01,Indiana,15129,IN01002,,not updated,normal return,normal return,normal return,normal return,breakdown offenses,breakdown offenses,breakdown offenses,0,0,0,0,0,0,0,0,3,1,1,0,1,4,1,0,0,2,1,12,9,3,0,90,15,8,7,0,124,0,3,6,117,123,0,0,0,0,0,0,0,0,0,0,0,0,0,0,0,0,0,0,0,0,38,0,0,0,0,38,0,0,0,38,38,0,0,0,0,0,0,0,0,0,0,0,0,0,0,0,0,0,0,0,0,7,0,0,0,0,7,0,0,0,7,7,0,0,0,0,0,0,0,0,0,0,0,0,0,0,0,0,0,0,0,0,0,0,0,0,0,0,0,0,0,0,0
Clarksville Police,1982-11-01,Indiana,15129,IN01002,,not updated,normal return,normal return,normal return,normal return,breakdown offenses,breakdown offenses,breakdown offenses,0,0,0,0,0,0,0,0,4,1,0,0,3,7,1,0,0,5,1,10,8,2,0,105,6,4,1,1,132,0,6,10,121,131,0,0,0,0,0,0,0,0,0,0,0,0,0,0,0,0,0,0,0,0,35,0,0,0,0,35,0,0,0,35,35,0,0,0,0,0,0,0,0,0,0,0,0,0,0,0,0,0,0,0,0,11,0,0,0,0,11,0,0,0,11,11,0,0,0,0,0,0,0,0,0,0,0,0,0,0,0,0,0,0,0,0,0,0,0,0,0,0,0,0,0,0,0
Clarksville Police,1982-10-01,Indiana,15129,IN01002,,not updated,normal return,normal return,normal return,normal return,breakdown offenses,breakdown offenses,breakdown offenses,0,0,0,0,0,0,0,0,1,0,0,0,1,9,0,0,0,7,2,14,13,1,0,100,7,5,2,0,131,0,7,8,121,129,0,0,0,0,0,0,0,0,0,0,0,0,0,0,0,0,0,0,0,0,17,0,0,0,0,17,0,0,0,17,17,0,0,0,0,0,0,0,0,0,0,0,0,0,0,0,0,0,0,0,0,3,0,0,0,0,3,0,0,0,3,3,0,0,0,0,0,0,0,0,0,0,0,0,0,0,0,0,0,0,0,0,0,0,0,0,0,0,0,0,0,0,0
Clarksville Police,1982-09-01,Indiana,15129,IN01002,,not updated,normal return,normal return,normal return,normal return,breakdown offenses,breakdown offenses,breakdown offenses,0,0,0,0,0,0,0,0,2,1,1,0,0,4,0,0,1,3,0,11,10,1,0,114,5,4,0,1,136,0,4,6,130,136,0,0,0,0,0,0,0,0,0,0,1,0,0,0,1,0,0,0,0,0,22,0,0,0,0,23,0,1,1,22,23,0,0,0,0,0,0,0,0,0,0,0,0,0,0,0,0,0,0,0,0,2,0,0,0,0,2,0,0,0,2,2,0,0,0,0,0,0,0,0,0,0,0,0,0,0,0,0,0,0,0,0,0,0,0,0,0,0,0,0,0,0,0
Clarksville Police,1982-08-01,Indiana,15129,IN01002,,not updated,normal return,normal return,normal return,normal return,breakdown offenses,breakdown offenses,breakdown offenses,0,0,1,0,0,2,1,1,3,1,1,1,0,6,0,1,0,5,0,19,15,4,0,127,7,1,0,6,164,0,6,11,153,164,0,0,0,0,0,0,0,0,0,0,0,0,0,0,0,0,0,0,0,0,20,0,0,0,0,20,0,0,0,20,20,0,0,0,0,0,0,0,0,0,0,0,0,0,0,0,0,0,0,0,0,4,0,0,0,0,4,0,0,0,4,4,0,0,0,0,0,0,0,0,0,0,0,0,0,0,0,0,0,0,0,0,0,0,0,0,0,0,0,0,0,0,0
Clarksville Police,1982-07-01,Indiana,15129,IN01002,,not updated,normal return,normal return,normal return,normal return,breakdown offenses,breakdown offenses,breakdown offenses,0,0,0,0,0,2,2,0,1,1,0,0,0,8,0,0,1,6,1,18,14,4,0,94,15,8,3,4,138,0,7,10,127,137,0,0,1,1,0,0,0,0,0,0,0,0,0,0,0,0,0,0,0,0,10,0,0,0,0,11,0,0,1,10,11,0,0,0,0,0,0,0,0,0,0,0,0,0,0,0,0,0,0,0,0,1,0,0,0,0,1,0,0,0,1,1,0,0,0,0,0,0,0,0,0,0,0,0,0,0,0,0,0,0,0,0,0,0,0,0,0,0,0,0,0,0,0
Clarksville Police,1982-06-01,Indiana,15129,IN01002,,not updated,normal return,normal return,normal return,normal return,breakdown offenses,breakdown offenses,breakdown offenses,0,0,2,0,0,0,0,0,3,0,0,0,3,5,1,2,1,1,0,16,9,7,0,104,8,3,4,1,136,0,5,8,128,136,0,0,0,0,0,0,0,0,0,0,0,0,0,0,0,0,1,1,0,0,33,4,4,0,0,38,0,0,0,38,38,0,0,0,0,0,0,0,0,0,0,0,0,0,0,0,0,0,0,0,0,8,0,0,0,0,8,0,0,0,8,8,0,0,0,0,0,0,0,0,0,0,0,0,0,0,0,0,0,0,0,0,0,0,0,0,0,0,0,0,0,0,0
Clarksville Police,1982-05-01,Indiana,15129,IN01002,,not updated,normal return,normal return,normal return,normal return,breakdown offenses,breakdown offenses,breakdown offenses,0,0,0,0,0,1,1,0,1,0,0,0,1,6,1,0,0,5,0,14,12,2,0,108,13,9,2,2,143,0,6,8,135,143,0,0,1,1,0,0,0,0,0,0,0,0,0,0,0,0,0,0,0,0,19,2,1,0,1,22,0,0,1,21,22,0,0,0,0,0,0,0,0,0,0,0,0,0,0,0,0,0,0,0,0,7,0,0,0,0,7,0,0,0,7,7,0,0,0,0,0,0,0,0,0,0,0,0,0,0,0,0,0,0,0,0,0,0,0,0,0,0,0,0,0,0,0
Clarksville Police,1982-04-01,Indiana,15129,IN01002,,not updated,normal return,normal return,normal return,normal return,breakdown offenses,breakdown offenses,breakdown offenses,0,0,1,0,0,0,0,0,2,1,0,0,1,3,0,0,0,2,1,16,13,3,0,96,6,3,3,0,123,0,2,4,118,122,0,0,0,0,0,0,0,0,0,0,2,0,0,0,2,0,2,2,0,0,30,1,0,1,0,35,0,2,2,33,35,0,0,0,0,0,0,0,0,0,0,2,0,0,0,2,0,0,0,0,0,14,0,0,0,0,16,0,2,2,14,16,0,0,0,0,0,0,0,0,0,0,0,0,0,0,0,0,0,0,0,0,0,0,0,0,0,0,0,0,0,0,0
Clarksville Police,1982-03-01,Indiana,15129,IN01002,,not updated,normal return,normal return,normal return,normal return,breakdown offenses,breakdown offenses,breakdown offenses,0,0,2,0,0,0,0,0,0,0,0,0,0,6,0,1,1,4,0,12,11,1,0,80,8,5,3,0,106,0,6,6,100,106,0,0,0,0,0,0,0,0,0,0,0,0,0,0,0,0,0,0,0,0,21,2,1,1,0,23,0,0,0,23,23,0,0,0,0,0,0,0,0,0,0,0,0,0,0,0,0,0,0,0,0,8,0,0,0,0,8,0,0,0,8,8,0,0,0,0,0,0,0,0,0,0,0,0,0,0,0,0,0,0,0,0,0,0,0,0,0,0,0,0,0,0,0
Clarksville Police,1982-02-01,Indiana,15129,IN01002,,not updated,normal return,normal return,normal return,normal return,breakdown offenses,breakdown offenses,breakdown offenses,0,0,0,0,0,0,0,0,0,0,0,0,0,5,0,0,0,4,1,17,15,2,0,82,6,3,3,0,110,0,4,4,105,109,0,0,0,0,0,0,0,0,0,0,0,0,0,0,0,0,5,5,0,0,25,1,0,1,0,31,0,0,0,31,31,0,0,0,0,0,0,0,0,0,0,0,0,0,0,0,0,4,4,0,0,5,1,0,1,0,10,0,0,0,10,10,0,0,0,0,0,0,0,0,0,0,0,0,0,0,0,0,0,0,0,0,0,0,0,0,0,0,0,0,0,0,0
Clarksville Police,1982-01-01,Indiana,15129,IN01002,,not updated,normal return,normal return,normal return,normal return,breakdown offenses,breakdown offenses,breakdown offenses,0,0,0,0,0,0,0,0,0,0,0,0,0,3,0,0,0,3,0,16,14,2,0,74,4,2,1,1,97,0,3,3,94,97,0,0,0,0,0,0,0,0,0,0,1,0,0,0,1,0,1,1,0,0,18,1,0,1,0,21,0,1,1,20,21,0,0,0,0,0,0,0,0,0,0,0,0,0,0,0,0,0,0,0,0,3,0,0,0,0,3,0,0,0,3,3,0,0,0,0,0,0,0,0,0,0,0,0,0,0,0,0,0,0,0,0,0,0,0,0,0,0,0,0,0,0,0
Clarksville Police,1981-12-01,Indiana,15115,IN01002,,not updated,normal return,normal return,normal return,normal return,breakdown offenses,breakdown offenses,breakdown offenses,0,0,1,0,0,0,0,0,1,1,0,0,0,3,0,0,0,3,0,22,13,8,1,88,6,4,2,0,120,0,3,4,116,120,0,0,0,0,0,0,0,0,0,0,0,0,0,0,0,0,0,0,0,0,19,1,1,0,0,20,0,0,0,20,20,0,0,0,0,0,0,0,0,0,0,0,0,0,0,0,0,0,0,0,0,5,0,0,0,0,5,0,0,0,5,5,0,0,0,0,0,0,0,0,0,0,0,0,0,0,0,0,0,0,0,0,0,0,0,0,0,0,0,0,0,0,0
Clarksville Police,1981-11-01,Indiana,15115,IN01002,,not updated,normal return,normal return,normal return,normal return,breakdown offenses,breakdown offenses,breakdown offenses,0,0,1,0,0,1,0,1,2,1,0,0,1,5,0,1,0,4,0,21,14,7,0,102,4,3,0,1,135,0,5,8,127,135,0,0,0,0,0,0,0,0,0,0,1,0,0,0,1,0,1,1,0,0,17,3,3,0,0,22,0,1,1,21,22,0,0,0,0,0,0,0,0,0,0,0,0,0,0,0,0,0,0,0,0,8,1,1,0,0,9,0,0,0,9,9,0,0,0,0,0,0,0,0,0,0,0,0,0,0,0,0,0,0,0,0,0,0,0,0,0,0,0,0,0,0,0
Clarksville Police,1981-10-01,Indiana,15115,IN01002,,not updated,normal return,normal return,normal return,normal return,breakdown offenses,breakdown offenses,breakdown offenses,0,0,2,1,0,1,1,0,1,1,0,0,0,12,0,3,5,4,0,21,17,4,0,90,14,6,3,5,140,0,12,15,125,140,1,0,0,0,0,0,0,0,0,0,0,0,0,0,0,0,1,1,0,0,25,2,2,0,0,29,0,0,1,28,29,0,0,0,0,0,0,0,0,0,0,0,0,0,0,0,0,0,0,0,0,6,1,1,0,0,7,0,0,0,7,7,0,0,0,0,0,0,0,0,0,0,0,0,0,0,0,0,0,0,0,0,0,0,0,0,0,0,0,0,0,0,0
Clarksville Police,1981-09-01,Indiana,15115,IN01002,,not updated,normal return,normal return,normal return,normal return,breakdown offenses,breakdown offenses,breakdown offenses,0,0,2,0,0,1,1,0,3,1,0,0,2,5,0,0,0,5,0,18,12,6,0,107,14,7,3,4,148,0,5,9,139,148,0,0,0,0,0,1,1,0,0,0,0,0,0,0,0,0,5,3,2,0,14,2,2,0,0,22,0,0,1,21,22,0,0,0,0,0,1,1,0,0,0,0,0,0,0,0,0,4,2,2,0,6,0,0,0,0,11,0,0,1,10,11,0,0,0,0,0,0,0,0,0,0,0,0,0,0,0,0,0,0,0,0,0,0,0,0,0,0,0,0,0,0,0
Clarksville Police,1981-08-01,Indiana,15115,IN01002,,not updated,normal return,normal return,normal return,normal return,breakdown offenses,breakdown offenses,breakdown offenses,0,0,1,0,0,1,1,0,2,2,0,0,0,11,1,0,0,8,2,14,8,5,1,114,28,20,1,7,170,0,9,12,156,168,0,0,0,0,0,0,0,0,0,0,8,1,0,0,7,0,0,0,0,0,38,9,9,0,0,55,0,8,8,47,55,0,0,0,0,0,0,0,0,0,0,0,0,0,0,0,0,0,0,0,0,13,0,0,0,0,13,0,0,0,13,13,0,0,0,0,0,0,0,0,0,0,0,0,0,0,0,0,0,0,0,0,0,0,0,0,0,0,0,0,0,0,0
Clarksville Police,1981-07-01,Indiana,15115,IN01002,,not updated,normal return,normal return,normal return,normal return,breakdown offenses,breakdown offenses,breakdown offenses,0,0,5,0,0,0,0,0,2,0,0,0,2,6,0,0,1,4,1,9,6,3,0,94,5,3,2,0,116,0,5,7,108,115,0,0,0,0,0,0,0,0,0,0,1,0,0,1,0,0,0,0,0,0,14,0,0,0,0,15,0,1,1,14,15,0,0,0,0,0,0,0,0,0,0,0,0,0,0,0,0,0,0,0,0,5,0,0,0,0,5,0,0,0,5,5,0,0,0,0,0,0,0,0,0,0,0,0,0,0,0,0,0,0,0,0,0,0,0,0,0,0,0,0,0,0,0
Clarksville Police,1981-06-01,Indiana,15115,IN01002,,not updated,normal return,normal return,normal return,normal return,breakdown offenses,breakdown offenses,breakdown offenses,0,0,0,1,0,0,0,0,2,0,1,0,1,8,0,1,2,4,1,18,12,6,0,124,7,1,0,6,160,0,7,10,149,159,1,0,0,0,0,1,0,0,0,1,0,0,0,0,0,0,2,2,0,0,20,1,0,0,1,25,0,0,2,23,25,0,0,0,0,0,0,0,0,0,0,0,0,0,0,0,0,0,0,0,0,2,0,0,0,0,2,0,0,0,2,2,0,0,0,0,0,0,0,0,0,0,0,0,0,0,0,0,0,0,0,0,0,0,0,0,0,0,0,0,0,0,0
Clarksville Police,1981-05-01,Indiana,15115,IN01002,,not updated,normal return,normal return,normal return,normal return,breakdown offenses,breakdown offenses,breakdown offenses,0,0,7,0,0,0,0,0,2,0,1,0,1,11,0,0,2,9,0,20,12,8,0,94,10,6,3,1,137,0,11,13,124,137,0,0,0,0,0,1,0,1,0,0,0,0,0,0,0,0,3,1,2,0,18,3,2,0,1,25,0,0,1,24,25,0,0,0,0,0,0,0,0,0,0,0,0,0,0,0,0,3,1,2,0,5,1,0,0,1,9,0,0,0,9,9,0,0,0,0,0,0,0,0,0,0,0,0,0,0,0,0,0,0,0,0,0,0,0,0,0,0,0,0,0,0,0
Clarksville Police,1981-04-01,Indiana,15115,IN01002,,not updated,adjustment,adjustment,adjustment,adjustment,breakdown offenses,breakdown offenses,breakdown offenses,0,0,1,0,0,2,2,0,2,1,0,0,1,4,0,0,0,4,0,21,10,11,0,97,8,5,1,2,134,0,4,8,126,134,0,0,1,1,0,0,0,0,0,0,0,0,0,0,0,0,5,5,0,0,24,0,0,0,0,30,0,0,1,29,30,0,0,0,0,0,0,0,0,0,0,0,0,0,0,0,0,0,0,0,0,6,0,0,0,0,6,0,0,0,6,6,0,0,0,0,0,0,0,0,0,0,0,0,0,0,0,0,0,0,0,0,0,0,0,0,0,0,0,0,0,0,0
Clarksville Police,1981-03-01,Indiana,15115,IN01002,,not updated,adjustment,adjustment,adjustment,adjustment,breakdown offenses,breakdown offenses,breakdown offenses,0,0,0,0,0,0,0,0,2,2,0,0,0,3,0,0,0,3,0,26,20,6,0,93,15,11,1,3,139,0,3,5,134,139,0,0,2,2,0,1,0,1,0,0,1,0,0,0,1,0,11,11,0,0,21,3,2,1,0,39,0,1,4,35,39,0,0,0,0,0,0,0,0,0,0,1,0,0,0,1,0,3,3,0,0,5,0,0,0,0,9,0,1,1,8,9,0,0,0,0,0,0,0,0,0,0,0,0,0,0,0,0,0,0,0,0,0,0,0,0,0,0,0,0,0,0,0
Clarksville Police,1981-02-01,Indiana,15115,IN01002,,not updated,normal return,normal return,normal return,normal return,breakdown offenses,breakdown offenses,breakdown offenses,0,0,0,0,0,2,2,0,1,0,1,0,0,3,0,1,1,1,0,26,20,6,0,91,6,1,4,1,129,0,3,6,123,129,0,0,2,2,0,0,0,0,0,0,1,0,1,0,0,0,5,3,2,0,17,1,0,1,0,26,0,1,3,23,26,0,0,0,0,0,0,0,0,0,0,0,0,0,0,0,0,0,0,0,0,4,0,0,0,0,4,0,0,0,4,4,0,0,0,0,0,0,0,0,0,0,0,0,0,0,0,0,0,0,0,0,0,0,0,0,0,0,0,0,0,0,0
Clarksville Police,1981-01-01,Indiana,15115,IN01002,,not updated,normal return,normal return,normal return,normal return,breakdown offenses,breakdown offenses,breakdown offenses,0,0,0,0,0,0,0,0,2,2,0,0,0,6,1,1,0,3,1,19,16,3,0,92,9,5,3,1,128,0,5,7,120,127,0,0,2,2,0,1,1,0,0,0,1,0,0,0,1,0,5,3,2,0,36,2,1,1,0,47,0,1,4,43,47,0,0,0,0,0,0,0,0,0,0,1,0,0,0,1,0,5,3,2,0,12,0,0,0,0,18,0,1,1,17,18,0,0,0,0,0,0,0,0,0,0,0,0,0,0,0,0,0,0,0,0,0,0,0,0,0,0,0,0,0,0,0
Clarksville Police,1980-12-01,Indiana,15102,IN01002,,not updated,normal return,normal return,normal return,normal return,breakdown offenses,breakdown offenses,breakdown offenses,0,0,0,0,0,3,3,0,0,0,0,0,0,2,0,0,0,2,0,23,15,8,0,104,14,9,5,0,146,0,2,5,141,146,1,0,2,2,0,1,1,0,0,0,1,0,0,0,1,0,2,2,0,0,45,3,2,1,0,55,0,1,5,50,55,0,0,0,0,0,0,0,0,0,0,1,0,0,0,1,0,1,1,0,0,11,1,1,0,0,14,0,1,1,13,14,0,0,0,0,0,0,0,0,0,0,0,0,0,0,0,0,0,0,0,0,0,0,0,0,0,0,0,0,0,0,0
Clarksville Police,1980-11-01,Indiana,15102,IN01002,,not updated,normal return,normal return,normal return,normal return,breakdown offenses,breakdown offenses,breakdown offenses,0,0,0,0,0,1,0,1,0,0,0,0,0,6,0,0,1,3,2,14,11,3,0,106,4,3,1,0,131,0,4,5,124,129,0,0,1,0,1,0,0,0,0,0,3,0,0,0,2,1,3,2,1,0,29,1,0,1,0,37,0,2,3,33,36,0,0,0,0,0,0,0,0,0,0,1,0,0,0,1,0,1,0,1,0,8,0,0,0,0,10,0,1,1,9,10,0,0,0,0,0,0,0,0,0,0,0,0,0,0,0,0,0,0,0,0,0,0,0,0,0,0,0,0,0,0,0
Clarksville Police,1980-10-01,Indiana,15102,IN01002,,not updated,normal return,normal return,normal return,normal return,breakdown offenses,breakdown offenses,breakdown offenses,0,0,1,0,0,3,1,2,1,1,0,0,0,4,0,0,0,3,1,26,16,8,2,102,7,5,0,2,143,0,3,7,135,142,0,0,1,1,0,0,0,0,0,0,2,0,0,0,1,1,3,3,0,0,32,3,1,0,2,41,0,1,2,38,40,0,0,0,0,0,0,0,0,0,0,0,0,0,0,0,0,2,2,0,0,6,1,0,0,1,9,0,0,0,9,9,0,0,0,0,0,0,0,0,0,0,0,0,0,0,0,0,0,0,0,0,0,0,0,0,0,0,0,0,0,0,0
Clarksville Police,1980-09-01,Indiana,15102,IN01002,,not updated,normal return,normal return,normal return,normal return,breakdown offenses,breakdown offenses,breakdown offenses,0,0,0,0,0,1,0,1,0,0,0,0,0,15,0,0,2,13,0,8,6,2,0,89,8,4,0,4,121,0,15,16,105,121,0,0,0,0,0,0,0,0,0,0,1,0,0,0,1,0,0,0,0,0,27,3,1,0,2,31,0,1,1,30,31,0,0,0,0,0,0,0,0,0,0,0,0,0,0,0,0,0,0,0,0,9,1,1,0,0,10,0,0,0,10,10,0,0,0,0,0,0,0,0,0,0,0,0,0,0,0,0,0,0,0,0,0,0,0,0,0,0,0,0,0,0,0
Clarksville Police,1980-08-01,Indiana,15102,IN01002,,not updated,adjustment,adjustment,adjustment,adjustment,breakdown offenses,breakdown offenses,breakdown offenses,0,0,6,0,0,2,2,0,5,1,1,1,2,10,1,0,1,7,1,22,15,7,0,131,12,1,7,4,182,0,9,16,165,181,0,0,0,0,0,1,0,1,0,0,0,0,0,0,0,0,0,0,0,0,43,0,0,0,0,44,0,0,1,43,44,0,0,0,0,0,0,0,0,0,0,0,0,0,0,0,0,0,0,0,0,17,0,0,0,0,17,0,0,0,17,17,0,0,0,0,0,0,0,0,0,0,0,0,0,0,0,0,0,0,0,0,0,0,0,0,0,0,0,0,0,0,0
Clarksville Police,1980-07-01,Indiana,15102,IN01002,,not updated,normal return,normal return,normal return,normal return,breakdown offenses,breakdown offenses,breakdown offenses,0,0,0,1,0,0,0,0,1,0,0,0,1,9,1,0,2,6,0,24,18,6,0,103,14,5,4,5,152,0,9,11,141,152,0,0,0,0,0,0,0,0,0,0,0,0,0,0,0,0,1,1,0,0,25,4,1,2,1,30,0,0,0,30,30,0,0,0,0,0,0,0,0,0,0,0,0,0,0,0,0,1,1,0,0,8,1,1,0,0,10,0,0,0,10,10,0,0,0,0,0,0,0,0,0,0,0,0,0,0,0,0,0,0,0,0,0,0,0,0,0,0,0,0,0,0,0
Clarksville Police,1980-06-01,Indiana,15102,IN01002,,not updated,normal return,normal return,normal return,normal return,breakdown offenses,breakdown offenses,breakdown offenses,0,0,0,1,0,2,0,2,2,1,0,1,0,6,0,1,1,4,0,18,13,5,0,110,17,5,2,10,156,0,6,11,145,156,1,0,1,0,1,0,0,0,0,0,1,0,1,0,0,0,1,0,1,0,33,3,1,0,2,40,0,1,3,37,40,0,0,0,0,0,0,0,0,0,0,0,0,0,0,0,0,1,0,1,0,7,0,0,0,0,8,0,0,0,8,8,0,0,0,0,0,0,0,0,0,0,0,0,0,0,0,0,0,0,0,0,0,0,0,0,0,0,0,0,0,0,0
Clarksville Police,1980-05-01,Indiana,15102,IN01002,,not updated,normal return,normal return,normal return,normal return,breakdown offenses,breakdown offenses,breakdown offenses,0,0,0,0,0,0,0,0,1,1,0,0,0,9,1,0,1,7,0,9,4,5,0,102,18,7,3,8,139,0,9,10,129,139,0,0,0,0,0,0,0,0,0,0,1,1,0,0,0,0,1,0,1,0,16,2,1,0,1,20,0,1,1,19,20,0,0,0,0,0,0,0,0,0,0,0,0,0,0,0,0,0,0,0,0,2,0,0,0,0,2,0,0,0,2,2,0,0,0,0,0,0,0,0,0,0,0,0,0,0,0,0,0,0,0,0,0,0,0,0,0,0,0,0,0,0,0
Clarksville Police,1980-04-01,Indiana,15102,IN01002,,not updated,normal return,normal return,normal return,normal return,breakdown offenses,breakdown offenses,breakdown offenses,0,0,0,0,0,0,0,0,3,1,1,0,1,5,0,1,0,4,0,19,13,6,0,64,20,6,5,9,111,0,5,8,103,111,0,0,0,0,0,1,1,0,0,0,1,0,0,0,1,0,1,0,1,0,18,3,1,1,1,24,0,1,2,22,24,0,0,0,0,0,0,0,0,0,0,0,0,0,0,0,0,0,0,0,0,9,0,0,0,0,9,0,0,0,9,9,0,0,0,0,0,0,0,0,0,0,0,0,0,0,0,0,0,0,0,0,0,0,0,0,0,0,0,0,0,0,0
Clarksville Police,1980-03-01,Indiana,15102,IN01002,,not updated,normal return,normal return,normal return,normal return,breakdown offenses,breakdown offenses,breakdown offenses,0,0,0,0,0,1,1,0,1,1,0,0,0,1,1,0,0,0,0,18,10,8,0,100,12,6,4,2,133,0,1,3,130,133,0,0,0,0,0,0,0,0,0,0,0,0,0,0,0,0,1,0,1,0,32,2,2,0,0,35,0,0,0,35,35,0,0,0,0,0,0,0,0,0,0,0,0,0,0,0,0,1,0,1,0,10,0,0,0,0,11,0,0,0,11,11,0,0,0,0,0,0,0,0,0,0,0,0,0,0,0,0,0,0,0,0,0,0,0,0,0,0,0,0,0,0,0
Clarksville Police,1980-02-01,Indiana,15102,IN01002,,not updated,normal return,normal return,normal return,normal return,breakdown offenses,breakdown offenses,breakdown offenses,0,0,0,0,0,0,0,0,1,1,0,0,0,7,1,1,0,5,0,10,6,4,0,85,9,4,5,0,112,0,7,8,104,112,0,0,0,0,0,1,1,0,0,0,1,1,0,0,0,0,0,0,0,0,44,1,0,1,0,47,0,1,2,45,47,0,0,0,0,0,0,0,0,0,0,0,0,0,0,0,0,0,0,0,0,19,0,0,0,0,19,0,0,0,19,19,0,0,0,0,0,0,0,0,0,0,0,0,0,0,0,0,0,0,0,0,0,0,0,0,0,0,0,0,0,0,0
Clarksville Police,1980-01-01,Indiana,15102,IN01002,,not updated,normal return,normal return,normal return,normal return,breakdown offenses,breakdown offenses,breakdown offenses,0,0,0,0,0,0,0,0,3,1,1,0,1,1,0,0,1,0,0,20,19,1,0,69,9,7,2,0,102,0,1,4,98,102,0,0,0,0,0,0,0,0,0,0,1,0,0,1,0,0,0,0,0,0,16,5,4,1,0,22,0,1,1,21,22,0,0,0,0,0,0,0,0,0,0,0,0,0,0,0,0,0,0,0,0,6,1,1,0,0,7,0,0,0,7,7,0,0,0,0,0,0,0,0,0,0,0,0,0,0,0,0,0,0,0,0,0,0,0,0,0,0,0,0,0,0,0
Clarksville Police,1979-12-01,Indiana,16070,IN01002,,not updated,normal return,normal return,normal return,normal return,breakdown offenses,breakdown offenses,breakdown offenses,0,0,0,0,0,0,0,0,6,4,1,1,0,3,0,0,1,2,0,24,18,6,0,98,14,10,4,0,145,0,3,9,136,145,0,0,0,0,0,1,1,0,0,0,0,0,0,0,0,0,0,0,0,0,32,4,2,2,0,37,0,0,1,36,37,0,0,0,0,0,0,0,0,0,0,0,0,0,0,0,0,0,0,0,0,16,1,1,0,0,17,0,0,0,17,17,0,0,0,0,0,0,0,0,0,0,0,0,0,0,0,0,0,0,0,0,0,0,0,0,0,0,0,0,0,0,0
Clarksville Police,1979-11-01,Indiana,16070,IN01002,,not updated,normal return,normal return,normal return,normal return,breakdown offenses,breakdown offenses,breakdown offenses,0,0,0,2,0,0,0,0,4,1,0,2,1,3,0,0,1,2,0,22,20,2,0,99,18,11,7,0,148,0,3,9,139,148,1,0,0,0,0,0,0,0,0,0,1,0,0,1,0,0,4,4,0,0,24,0,0,0,0,30,0,1,2,28,30,0,0,0,0,0,0,0,0,0,0,0,0,0,0,0,0,3,3,0,0,9,0,0,0,0,12,0,0,0,12,12,0,0,0,0,0,0,0,0,0,0,0,0,0,0,0,0,0,0,0,0,0,0,0,0,0,0,0,0,0,0,0
Clarksville Police,1979-10-01,Indiana,16070,IN01002,,not updated,normal return,normal return,normal return,normal return,breakdown offenses,breakdown offenses,breakdown offenses,0,0,1,1,0,1,1,0,2,0,0,1,1,8,0,1,0,7,0,27,22,5,0,124,13,8,1,4,176,0,8,12,164,176,0,0,0,0,0,0,0,0,0,0,2,0,1,1,0,0,0,0,0,0,29,0,0,0,0,31,0,2,2,29,31,0,0,0,0,0,0,0,0,0,0,0,0,0,0,0,0,0,0,0,0,8,0,0,0,0,8,0,0,0,8,8,0,0,0,0,0,0,0,0,0,0,0,0,0,0,0,0,0,0,0,0,0,0,0,0,0,0,0,0,0,0,0
Clarksville Police,1979-09-01,Indiana,16070,IN01002,,not updated,normal return,normal return,normal return,normal return,breakdown offenses,breakdown offenses,breakdown offenses,0,0,0,0,0,1,1,0,1,0,0,0,1,4,0,1,0,3,0,28,20,8,0,118,19,8,4,7,171,0,4,6,165,171,0,0,1,1,0,0,0,0,0,0,1,0,0,0,1,0,0,0,0,0,23,0,0,0,0,25,0,1,2,23,25,0,0,0,0,0,0,0,0,0,0,0,0,0,0,0,0,0,0,0,0,11,0,0,0,0,11,0,0,0,11,11,0,0,0,0,0,0,0,0,0,0,0,0,0,0,0,0,0,0,0,0,0,0,0,0,0,0,0,0,0,0,0
Clarksville Police,1979-08-01,Indiana,16070,IN01002,,not updated,normal return,normal return,normal return,normal return,breakdown offenses,breakdown offenses,breakdown offenses,0,0,0,0,0,1,0,1,3,1,0,1,1,10,0,0,2,8,0,37,27,10,0,126,16,10,2,4,193,0,10,14,179,193,0,0,0,0,0,0,0,0,0,0,0,0,0,0,0,0,2,2,0,0,27,2,2,0,0,31,0,0,0,31,31,0,0,0,0,0,0,0,0,0,0,0,0,0,0,0,0,2,2,0,0,6,0,0,0,0,8,0,0,0,8,8,0,0,0,0,0,0,0,0,0,0,0,0,0,0,0,0,0,0,0,0,0,0,0,0,0,0,0,0,0,0,0
Clarksville Police,1979-07-01,Indiana,16070,IN01002,,not updated,normal return,normal return,normal return,normal return,breakdown offenses,breakdown offenses,breakdown offenses,0,0,0,0,0,2,1,1,6,5,0,0,1,3,1,0,0,2,0,45,39,6,0,118,24,10,5,9,198,0,3,11,187,198,0,0,0,0,0,0,0,0,0,0,0,0,0,0,0,0,2,1,1,0,24,2,2,0,0,28,0,0,0,28,28,0,0,0,0,0,0,0,0,0,0,0,0,0,0,0,0,0,0,0,0,9,1,1,0,0,10,0,0,0,10,10,0,0,0,0,0,0,0,0,0,0,0,0,0,0,0,0,0,0,0,0,0,0,0,0,0,0,0,0,0,0,0
Clarksville Police,1979-06-01,Indiana,16070,IN01002,,not updated,normal return,normal return,normal return,normal return,breakdown offenses,breakdown offenses,breakdown offenses,0,0,0,0,0,0,0,0,1,1,0,0,0,5,0,0,0,2,3,18,9,9,0,87,15,11,3,1,126,0,2,3,120,123,0,0,0,0,0,0,0,0,0,0,0,0,0,0,0,0,2,1,1,0,25,3,3,0,0,30,0,0,0,30,30,0,0,0,0,0,0,0,0,0,0,0,0,0,0,0,0,0,0,0,0,7,0,0,0,0,7,0,0,0,7,7,0,0,0,0,0,0,0,0,0,0,0,0,0,0,0,0,0,0,0,0,0,0,0,0,0,0,0,0,0,0,0
Clarksville Police,1979-05-01,Indiana,16070,IN01002,,not updated,normal return,normal return,normal return,normal return,breakdown offenses,breakdown offenses,breakdown offenses,0,0,0,0,0,1,1,0,1,1,0,0,0,7,0,1,1,3,2,13,11,2,0,120,14,4,9,1,156,0,5,7,147,154,0,0,1,1,0,0,0,0,0,0,1,0,0,0,1,0,0,0,0,0,31,1,0,1,0,34,0,1,2,32,34,0,0,0,0,0,0,0,0,0,0,0,0,0,0,0,0,0,0,0,0,13,0,0,0,0,13,0,0,0,13,13,0,0,0,0,0,0,0,0,0,0,0,0,0,0,0,0,0,0,0,0,0,0,0,0,0,0,0,0,0,0,0
Clarksville Police,1979-04-01,Indiana,16070,IN01002,,not updated,normal return,normal return,normal return,normal return,breakdown offenses,breakdown offenses,breakdown offenses,0,0,0,0,0,1,1,0,4,2,0,1,1,4,0,0,0,4,0,16,10,5,1,133,14,9,0,5,172,0,4,9,163,172,0,0,0,0,0,0,0,0,0,0,0,0,0,0,0,0,0,0,0,0,42,1,1,0,0,43,0,0,0,43,43,0,0,0,0,0,0,0,0,0,0,0,0,0,0,0,0,0,0,0,0,15,1,1,0,0,16,0,0,0,16,16,0,0,0,0,0,0,0,0,0,0,0,0,0,0,0,0,0,0,0,0,0,0,0,0,0,0,0,0,0,0,0
Clarksville Police,1979-03-01,Indiana,16070,IN01002,,not updated,normal return,normal return,normal return,normal return,breakdown offenses,breakdown offenses,breakdown offenses,0,0,0,0,0,0,0,0,0,0,0,0,0,9,0,0,1,7,1,21,15,6,0,101,28,14,8,6,159,0,8,8,150,158,0,0,0,0,0,0,0,0,0,0,3,0,0,1,2,0,0,0,0,0,38,2,1,1,0,43,0,3,3,40,43,0,0,0,0,0,0,0,0,0,0,1,0,0,1,0,0,0,0,0,0,7,0,0,0,0,8,0,1,1,7,8,0,0,0,0,0,0,0,0,0,0,0,0,0,0,0,0,0,0,0,0,0,0,0,0,0,0,0,0,0,0,0
Clarksville Police,1979-02-01,Indiana,16070,IN01002,,not updated,normal return,normal return,normal return,normal return,breakdown offenses,breakdown offenses,breakdown offenses,0,0,0,0,0,0,0,0,2,2,0,0,0,3,0,0,0,3,0,18,15,3,0,78,8,5,3,0,109,0,3,5,104,109,0,0,0,0,0,0,0,0,0,0,0,0,0,0,0,0,1,1,0,0,34,0,0,0,0,35,0,0,0,35,35,0,0,0,0,0,0,0,0,0,0,0,0,0,0,0,0,1,1,0,0,12,0,0,0,0,13,0,0,0,13,13,0,0,0,0,0,0,0,0,0,0,0,0,0,0,0,0,0,0,0,0,0,0,0,0,0,0,0,0,0,0,0
Clarksville Police,1979-01-01,Indiana,16070,IN01002,,not updated,normal return,normal return,normal return,normal return,breakdown offenses,breakdown offenses,breakdown offenses,0,0,0,0,0,0,0,0,5,4,0,0,1,4,1,0,0,3,0,15,13,2,0,94,12,5,6,1,130,0,4,9,121,130,0,0,0,0,0,0,0,0,0,0,0,0,0,0,0,0,0,0,0,0,33,0,0,0,0,33,0,0,0,33,33,0,0,0,0,0,0,0,0,0,0,0,0,0,0,0,0,0,0,0,0,11,0,0,0,0,11,0,0,0,11,11,0,0,0,0,0,0,0,0,0,0,0,0,0,0,0,0,0,0,0,0,0,0,0,0,0,0,0,0,0,0,0
Clarksville Police,1978-12-01,Indiana,16032,IN01002,,not updated,normal return,normal return,normal return,normal return,breakdown offenses,breakdown offenses,breakdown offenses,0,0,0,0,0,0,0,0,4,1,1,0,2,9,0,1,1,7,0,21,17,3,1,130,13,7,5,1,177,0,9,13,164,177,0,0,0,0,0,0,0,0,0,0,1,0,1,0,0,0,0,0,0,0,41,2,1,1,0,44,0,1,1,43,44,0,0,0,0,0,0,0,0,0,0,0,0,0,0,0,0,0,0,0,0,13,0,0,0,0,13,0,0,0,13,13,0,0,0,0,0,0,0,0,0,0,0,0,0,0,0,0,0,0,0,0,0,0,0,0,0,0,0,0,0,0,0
Clarksville Police,1978-11-01,Indiana,16032,IN01002,,not updated,normal return,normal return,normal return,normal return,breakdown offenses,breakdown offenses,breakdown offenses,0,0,0,0,0,0,0,0,2,2,0,0,0,7,0,0,2,5,0,12,5,7,0,111,15,9,1,5,147,0,7,9,138,147,0,0,0,0,0,0,0,0,0,0,1,0,0,0,1,0,1,0,1,0,25,2,2,0,0,29,0,1,1,28,29,0,0,0,0,0,0,0,0,0,0,0,0,0,0,0,0,0,0,0,0,10,0,0,0,0,10,0,0,0,10,10,0,0,0,0,0,0,0,0,0,0,0,0,0,0,0,0,0,0,0,0,0,0,0,0,0,0,0,0,0,0,0
Clarksville Police,1978-10-01,Indiana,16032,IN01002,,not updated,normal return,normal return,normal return,normal return,breakdown offenses,breakdown offenses,breakdown offenses,0,0,0,0,0,0,0,0,3,1,1,1,0,11,2,0,0,9,0,21,18,2,1,120,15,7,3,5,170,0,11,14,156,170,0,0,0,0,0,0,0,0,0,0,0,0,0,0,0,0,0,0,0,0,40,2,1,1,0,42,0,0,0,42,42,0,0,0,0,0,0,0,0,0,0,0,0,0,0,0,0,0,0,0,0,10,1,0,1,0,11,0,0,0,11,11,0,0,0,0,0,0,0,0,0,0,0,0,0,0,0,0,0,0,0,0,0,0,0,0,0,0,0,0,0,0,0
Clarksville Police,1978-09-01,Indiana,16032,IN01002,,not updated,normal return,normal return,normal return,normal return,breakdown offenses,breakdown offenses,breakdown offenses,0,0,0,0,0,2,2,0,3,0,3,0,0,5,0,0,1,3,1,16,7,9,0,92,13,5,3,5,131,0,4,9,121,130,0,0,1,1,0,2,0,2,0,0,1,0,0,0,1,0,0,0,0,0,25,1,1,0,0,30,0,1,4,26,30,0,0,0,0,0,2,0,2,0,0,1,0,0,0,1,0,0,0,0,0,7,0,0,0,0,10,0,1,3,7,10,0,0,0,0,0,0,0,0,0,0,0,0,0,0,0,0,0,0,0,0,0,0,0,0,0,0,0,0,0,0,0
Clarksville Police,1978-08-01,Indiana,16032,IN01002,,not updated,normal return,normal return,normal return,normal return,breakdown offenses,breakdown offenses,breakdown offenses,0,0,0,0,0,1,1,0,4,2,0,0,2,3,0,0,0,2,1,20,17,2,1,124,13,7,2,4,165,0,2,7,157,164,0,0,1,1,0,1,0,0,0,1,0,0,0,0,0,0,0,0,0,0,51,2,1,1,0,55,0,0,2,53,55,0,0,0,0,0,0,0,0,0,0,0,0,0,0,0,0,0,0,0,0,18,1,1,0,0,19,0,0,0,19,19,0,0,0,0,0,0,0,0,0,0,0,0,0,0,0,0,0,0,0,0,0,0,0,0,0,0,0,0,0,0,0
Clarksville Police,1978-07-01,Indiana,16032,IN01002,,not updated,normal return,normal return,normal return,normal return,breakdown offenses,breakdown offenses,breakdown offenses,0,0,0,0,0,1,1,0,3,2,1,0,0,10,1,1,2,6,0,17,13,4,0,125,16,5,6,5,172,0,10,14,158,172,0,0,1,1,0,0,0,0,0,0,1,1,0,0,0,0,0,0,0,0,43,0,0,0,0,45,0,1,2,43,45,0,0,0,0,0,0,0,0,0,0,1,1,0,0,0,0,0,0,0,0,20,0,0,0,0,21,0,1,1,20,21,0,0,0,0,0,0,0,0,0,0,0,0,0,0,0,0,0,0,0,0,0,0,0,0,0,0,0,0,0,0,0
Clarksville Police,1978-06-01,Indiana,16032,IN01002,,not updated,normal return,normal return,normal return,normal return,breakdown offenses,breakdown offenses,breakdown offenses,0,0,0,0,0,0,0,0,1,1,0,0,0,8,0,0,0,7,1,19,14,5,0,144,7,4,2,1,179,0,7,8,170,178,0,0,0,0,0,0,0,0,0,0,1,0,0,0,1,0,2,2,0,0,63,0,0,0,0,66,0,1,1,65,66,0,0,0,0,0,0,0,0,0,0,1,0,0,0,1,0,1,1,0,0,31,0,0,0,0,33,0,1,1,32,33,0,0,0,0,0,0,0,0,0,0,0,0,0,0,0,0,0,0,0,0,0,0,0,0,0,0,0,0,0,0,0
Clarksville Police,1978-05-01,Indiana,16032,IN01002,,not updated,normal return,normal return,normal return,normal return,breakdown offenses,breakdown offenses,breakdown offenses,0,0,0,0,0,1,1,0,1,0,1,0,0,12,0,1,0,9,2,24,14,9,1,108,30,20,5,5,176,0,10,12,162,174,0,0,1,1,0,0,0,0,0,0,0,0,0,0,0,0,1,1,0,0,48,2,1,1,0,52,0,0,1,51,52,0,0,0,0,0,0,0,0,0,0,0,0,0,0,0,0,1,1,0,0,16,1,1,0,0,18,0,0,0,18,18,0,0,0,0,0,0,0,0,0,0,0,0,0,0,0,0,0,0,0,0,0,0,0,0,0,0,0,0,0,0,0
Clarksville Police,1978-04-01,Indiana,16032,IN01002,,not updated,normal return,normal return,normal return,normal return,breakdown offenses,breakdown offenses,breakdown offenses,0,0,0,0,0,0,0,0,4,3,0,0,1,5,0,1,0,3,1,23,19,4,0,105,6,5,0,1,143,0,4,8,134,142,0,0,0,0,0,0,0,0,0,0,2,0,0,0,2,0,1,1,0,0,43,1,1,0,0,47,0,2,2,45,47,0,0,0,0,0,0,0,0,0,0,0,0,0,0,0,0,0,0,0,0,16,0,0,0,0,16,0,0,0,16,16,0,0,0,0,0,0,0,0,0,0,0,0,0,0,0,0,0,0,0,0,0,0,0,0,0,0,0,0,0,0,0
Clarksville Police,1978-03-01,Indiana,16032,IN01002,,not updated,normal return,normal return,normal return,normal return,breakdown offenses,breakdown offenses,breakdown offenses,0,0,0,0,0,0,0,0,5,3,0,0,2,7,1,0,0,5,1,14,13,0,1,115,14,13,1,0,155,0,6,11,143,154,0,0,0,0,0,1,0,0,0,1,2,1,0,0,1,0,1,1,0,0,65,2,2,0,0,71,0,2,3,68,71,0,0,0,0,0,1,0,0,0,1,1,0,0,0,1,0,0,0,0,0,26,1,1,0,0,29,0,1,2,27,29,0,0,0,0,0,0,0,0,0,0,0,0,0,0,0,0,0,0,0,0,0,0,0,0,0,0,0,0,0,0,0
Clarksville Police,1978-02-01,Indiana,16032,IN01002,,not updated,normal return,normal return,normal return,normal return,breakdown offenses,breakdown offenses,breakdown offenses,0,0,0,0,0,2,1,1,2,1,0,0,1,1,0,0,0,1,0,13,6,6,1,73,6,5,0,1,97,0,1,5,92,97,0,0,2,1,1,0,0,0,0,0,0,0,0,0,0,0,0,0,0,0,27,0,0,0,0,29,0,0,2,27,29,0,0,0,0,0,0,0,0,0,0,0,0,0,0,0,0,0,0,0,0,12,0,0,0,0,12,0,0,0,12,12,0,0,0,0,0,0,0,0,0,0,0,0,0,0,0,0,0,0,0,0,0,0,0,0,0,0,0,0,0,0,0
Clarksville Police,1978-01-01,Indiana,16032,IN01002,,not updated,normal return,normal return,normal return,normal return,breakdown offenses,breakdown offenses,breakdown offenses,0,0,0,0,0,0,0,0,1,1,0,0,0,9,1,0,2,6,0,7,5,1,1,38,5,3,2,0,60,0,9,10,50,60,0,0,0,0,0,0,0,0,0,0,0,0,0,0,0,0,0,0,0,0,28,0,0,0,0,28,0,0,0,28,28,0,0,0,0,0,0,0,0,0,0,0,0,0,0,0,0,0,0,0,0,18,0,0,0,0,18,0,0,0,18,18,0,0,0,0,0,0,0,0,0,0,0,0,0,0,0,0,0,0,0,0,0,0,0,0,0,0,0,0,0,0,0
Clarksville Police,1977-12-01,Indiana,17000,IN01002,,not updated,normal return,normal return,normal return,normal return,breakdown offenses,breakdown offenses,breakdown offenses,0,0,0,0,0,0,0,0,1,1,0,0,0,4,0,0,0,4,0,22,19,3,0,151,11,5,5,1,189,0,4,5,184,189,0,0,0,0,0,0,0,0,0,0,1,0,0,0,1,0,2,2,0,0,99,1,1,0,0,103,0,1,1,102,103,0,0,0,0,0,0,0,0,0,0,0,0,0,0,0,0,1,1,0,0,41,1,1,0,0,43,0,0,0,43,43,0,0,0,0,0,0,0,0,0,0,0,0,0,0,0,0,0,0,0,0,0,0,0,0,0,0,0,0,0,0,0
Clarksville Police,1977-11-01,Indiana,17000,IN01002,,not updated,normal return,normal return,normal return,normal return,breakdown offenses,breakdown offenses,breakdown offenses,0,0,0,0,0,0,0,0,2,2,0,0,0,7,0,2,1,4,0,17,15,0,2,130,9,3,5,1,165,0,7,9,156,165,0,0,0,0,0,0,0,0,0,0,1,0,0,1,0,0,0,0,0,0,70,0,0,0,0,71,0,1,1,70,71,0,0,0,0,0,0,0,0,0,0,0,0,0,0,0,0,0,0,0,0,33,0,0,0,0,33,0,0,0,33,33,0,0,0,0,0,0,0,0,0,0,0,0,0,0,0,0,0,0,0,0,0,0,0,0,0,0,0,0,0,0,0
Clarksville Police,1977-10-01,Indiana,17000,IN01002,,not updated,normal return,normal return,normal return,normal return,breakdown offenses,breakdown offenses,breakdown offenses,0,0,0,0,0,1,1,0,3,2,0,0,1,10,1,0,0,9,0,28,26,0,2,110,16,7,3,6,168,0,10,14,154,168,0,0,0,0,0,1,1,0,0,0,1,1,0,0,0,0,0,0,0,0,54,0,0,0,0,56,0,1,2,54,56,0,0,0,0,0,0,0,0,0,0,0,0,0,0,0,0,0,0,0,0,25,0,0,0,0,25,0,0,0,25,25,0,0,0,0,0,0,0,0,0,0,0,0,0,0,0,0,0,0,0,0,0,0,0,0,0,0,0,0,0,0,0
Clarksville Police,1977-09-01,Indiana,17000,IN01002,,not updated,normal return,normal return,normal return,normal return,breakdown offenses,breakdown offenses,breakdown offenses,0,0,0,0,0,0,0,0,1,0,0,0,1,10,1,0,0,9,0,31,31,0,0,98,15,10,1,4,155,0,10,11,144,155,0,0,0,0,0,1,0,0,0,1,2,0,0,0,2,0,1,1,0,0,46,1,0,0,1,51,0,2,3,48,51,0,0,0,0,0,0,0,0,0,0,1,0,0,0,1,0,0,0,0,0,28,0,0,0,0,29,0,1,1,28,29,0,0,0,0,0,0,0,0,0,0,0,0,0,0,0,0,0,0,0,0,0,0,0,0,0,0,0,0,0,0,0
Clarksville Police,1977-08-01,Indiana,17000,IN01002,,not updated,normal return,normal return,normal return,normal return,breakdown offenses,breakdown offenses,breakdown offenses,0,0,0,0,0,0,0,0,1,0,1,0,0,8,0,0,0,7,1,29,29,0,0,99,8,2,3,3,145,0,7,8,136,144,0,0,1,1,0,1,0,1,0,0,1,0,0,0,1,0,1,1,0,0,56,1,0,1,0,61,0,1,3,58,61,0,0,0,0,0,1,0,1,0,0,0,0,0,0,0,0,0,0,0,0,24,0,0,0,0,25,0,0,1,24,25,0,0,0,0,0,0,0,0,0,0,0,0,0,0,0,0,0,0,0,0,0,0,0,0,0,0,0,0,0,0,0
Clarksville Police,1977-07-01,Indiana,17000,IN01002,,not updated,normal return,normal return,normal return,normal return,breakdown offenses,breakdown offenses,breakdown offenses,0,0,0,0,0,0,0,0,1,1,0,0,0,12,0,0,3,8,1,36,36,0,0,87,7,3,0,4,143,0,11,12,130,142,0,0,0,0,0,0,0,0,0,0,0,0,0,0,0,0,1,1,0,0,23,0,0,0,0,24,0,0,0,24,24,0,0,0,0,0,0,0,0,0,0,0,0,0,0,0,0,0,0,0,0,8,0,0,0,0,8,0,0,0,8,8,0,0,0,0,0,0,0,0,0,0,0,0,0,0,0,0,0,0,0,0,0,0,0,0,0,0,0,0,0,0,0
Clarksville Police,1977-06-01,Indiana,17000,IN01002,,not updated,normal return,normal return,normal return,normal return,breakdown offenses,breakdown offenses,breakdown offenses,0,0,0,0,0,3,3,0,0,0,0,0,0,6,0,1,0,5,0,31,31,0,0,94,15,8,1,6,149,0,6,9,140,149,0,0,2,2,0,0,0,0,0,0,0,0,0,0,0,0,0,0,0,0,38,1,1,0,0,41,0,0,2,39,41,0,0,0,0,0,0,0,0,0,0,0,0,0,0,0,0,0,0,0,0,11,0,0,0,0,11,0,0,0,11,11,0,0,0,0,0,0,0,0,0,0,0,0,0,0,0,0,0,0,0,0,0,0,0,0,0,0,0,0,0,0,0
Clarksville Police,1977-05-01,Indiana,17000,IN01002,,not updated,normal return,normal return,normal return,normal return,breakdown offenses,breakdown offenses,breakdown offenses,0,0,0,0,0,0,0,0,1,0,0,0,1,8,0,0,1,3,4,28,28,0,0,97,5,2,1,2,139,0,4,5,130,135,0,0,0,0,0,1,0,0,0,1,2,0,0,0,2,0,1,1,0,0,50,3,2,0,1,57,0,2,3,54,57,0,0,0,0,0,0,0,0,0,0,0,0,0,0,0,0,1,1,0,0,24,1,0,0,1,26,0,0,0,26,26,0,0,0,0,0,0,0,0,0,0,0,0,0,0,0,0,0,0,0,0,0,0,0,0,0,0,0,0,0,0,0
Clarksville Police,1977-04-01,Indiana,17000,IN01002,,not updated,normal return,normal return,normal return,normal return,breakdown offenses,breakdown offenses,breakdown offenses,0,0,0,0,0,2,2,0,2,2,0,0,0,7,0,0,2,1,4,24,24,0,0,123,12,9,1,2,170,0,3,7,159,166,0,0,1,1,0,2,2,0,0,0,1,0,0,1,0,0,2,2,0,0,58,5,5,0,0,69,0,1,4,65,69,0,0,0,0,0,2,2,0,0,0,0,0,0,0,0,0,1,1,0,0,28,5,5,0,0,36,0,0,2,34,36,0,0,0,0,0,0,0,0,0,0,0,0,0,0,0,0,0,0,0,0,0,0,0,0,0,0,0,0,0,0,0
Clarksville Police,1977-03-01,Indiana,17000,IN01002,,not updated,normal return,normal return,normal return,normal return,breakdown offenses,breakdown offenses,breakdown offenses,0,0,0,0,0,0,0,0,1,0,1,0,0,7,0,0,1,5,1,18,18,0,0,65,12,10,1,1,103,0,6,7,95,102,0,0,0,0,0,1,0,1,0,0,0,0,0,0,0,0,7,7,0,0,36,0,0,0,0,44,0,0,1,43,44,0,0,0,0,0,0,0,0,0,0,0,0,0,0,0,0,2,2,0,0,18,0,0,0,0,20,0,0,0,20,20,0,0,0,0,0,0,0,0,0,0,0,0,0,0,0,0,0,0,0,0,0,0,0,0,0,0,0,0,0,0,0
Clarksville Police,1977-02-01,Indiana,17000,IN01002,,not updated,normal return,normal return,normal return,normal return,breakdown offenses,breakdown offenses,breakdown offenses,0,0,0,0,0,1,1,0,3,2,1,0,0,6,4,0,1,1,0,34,34,0,0,71,5,4,0,1,120,0,6,10,110,120,0,0,1,1,0,0,0,0,0,0,3,3,0,0,0,0,0,0,0,0,39,0,0,0,0,43,0,3,4,39,43,0,0,1,1,0,0,0,0,0,0,0,0,0,0,0,0,0,0,0,0,15,0,0,0,0,16,0,0,1,15,16,0,0,0,0,0,0,0,0,0,0,0,0,0,0,0,0,0,0,0,0,0,0,0,0,0,0,0,0,0,0,0
Clarksville Police,1977-01-01,Indiana,17000,IN01002,,not updated,normal return,normal return,normal return,normal return,breakdown offenses,breakdown offenses,breakdown offenses,0,0,0,0,0,0,0,0,5,3,0,0,2,6,0,0,2,3,1,28,28,0,0,59,7,6,1,0,105,0,5,10,94,104,0,0,0,0,0,0,0,0,0,0,0,0,0,0,0,0,0,0,0,0,27,0,0,0,0,27,0,0,0,27,27,0,0,0,0,0,0,0,0,0,0,0,0,0,0,0,0,0,0,0,0,9,0,0,0,0,9,0,0,0,9,9,0,0,0,0,0,0,0,0,0,0,0,0,0,0,0,0,0,0,0,0,0,0,0,0,0,0,0,0,0,0,0
Clarksville Police,1976-12-01,Indiana,16000,IN01002,,not updated,normal return,normal return,normal return,normal return,breakdown offenses,breakdown offenses,breakdown offenses,0,0,1,0,0,1,1,0,1,1,0,0,0,7,1,0,0,6,0,47,47,0,0,92,9,6,1,2,157,0,7,9,148,157,0,0,1,1,0,0,0,0,0,0,1,1,0,0,0,0,5,5,0,0,54,0,0,0,0,61,0,1,2,59,61,0,0,0,0,0,0,0,0,0,0,0,0,0,0,0,0,5,5,0,0,19,0,0,0,0,24,0,0,0,24,24,0,0,0,0,0,0,0,0,0,0,0,0,0,0,0,0,0,0,0,0,0,0,0,0,0,0,0,0,0,0,0
Clarksville Police,1976-11-01,Indiana,16000,IN01002,,not updated,normal return,normal return,normal return,normal return,breakdown offenses,breakdown offenses,breakdown offenses,0,0,0,0,0,0,0,0,2,0,0,0,2,4,0,0,0,4,0,53,52,0,1,67,19,9,5,5,145,0,4,6,139,145,0,0,0,0,0,0,0,0,0,0,1,0,0,0,1,0,3,3,0,0,27,0,0,0,0,31,0,1,1,30,31,0,0,0,0,0,0,0,0,0,0,1,0,0,0,1,0,1,1,0,0,7,0,0,0,0,9,0,1,1,8,9,0,0,0,0,0,0,0,0,0,0,0,0,0,0,0,0,0,0,0,0,0,0,0,0,0,0,0,0,0,0,0
Clarksville Police,1976-10-01,Indiana,16000,IN01002,,not updated,normal return,normal return,normal return,normal return,breakdown offenses,breakdown offenses,breakdown offenses,0,0,0,0,0,0,0,0,1,1,0,0,0,5,0,1,2,2,0,42,42,0,0,104,7,4,2,1,159,0,5,6,153,159,0,0,0,0,0,1,1,0,0,0,1,0,1,0,0,0,3,3,0,0,45,0,0,0,0,50,0,1,2,48,50,0,0,0,0,0,0,0,0,0,0,1,0,1,0,0,0,2,2,0,0,0,0,0,0,0,3,0,1,1,2,3,0,0,0,0,0,0,0,0,0,0,0,0,0,0,0,0,0,0,0,0,0,0,0,0,0,0,0,0,0,0,0
Clarksville Police,1976-09-01,Indiana,16000,IN01002,,not updated,adjustment,adjustment,adjustment,adjustment,breakdown offenses,breakdown offenses,breakdown offenses,0,0,0,0,0,2,2,0,2,2,0,0,0,10,1,0,0,7,2,72,72,0,0,84,12,5,3,4,182,0,8,12,168,180,0,0,1,1,0,0,0,0,0,0,1,1,0,0,0,0,3,3,0,0,29,1,0,1,0,35,0,1,2,33,35,0,0,0,0,0,0,0,0,0,0,0,0,0,0,0,0,0,0,0,0,20,0,0,0,0,20,0,0,0,20,20,0,0,0,0,0,0,0,0,0,0,0,0,0,0,0,0,0,0,0,0,0,0,0,0,0,0,0,0,0,0,0
Clarksville Police,1976-08-01,Indiana,16000,IN01002,,not updated,adjustment,adjustment,adjustment,adjustment,breakdown offenses,breakdown offenses,breakdown offenses,0,0,1,0,0,3,3,0,3,2,0,1,0,12,1,0,2,6,3,66,64,0,2,100,14,7,2,5,198,0,9,15,180,195,0,0,1,1,0,0,0,0,0,0,1,0,0,0,1,0,3,3,0,0,33,9,7,1,1,47,0,1,2,45,47,0,0,0,0,0,0,0,0,0,0,0,0,0,0,0,0,1,1,0,0,11,0,0,0,0,12,0,0,0,12,12,0,0,0,0,0,0,0,0,0,0,0,0,0,0,0,0,0,0,0,0,0,0,0,0,0,0,0,0,0,0,0
Clarksville Police,1976-07-01,Indiana,16000,IN01002,,not updated,adjustment,adjustment,adjustment,adjustment,breakdown offenses,breakdown offenses,breakdown offenses,0,0,0,0,0,2,2,0,0,0,0,0,0,7,1,0,1,5,0,57,57,0,0,112,7,4,0,3,185,0,7,9,176,185,0,0,0,0,0,0,0,0,0,0,2,1,0,0,1,0,3,3,0,0,42,1,1,0,0,48,0,2,2,46,48,0,0,0,0,0,0,0,0,0,0,0,0,0,0,0,0,0,0,0,0,24,0,0,0,0,24,0,0,0,24,24,0,0,0,0,0,0,0,0,0,0,0,0,0,0,0,0,0,0,0,0,0,0,0,0,0,0,0,0,0,0,0
Clarksville Police,1976-06-01,Indiana,16000,IN01002,,not updated,normal return,normal return,normal return,normal return,breakdown offenses,breakdown offenses,breakdown offenses,0,0,0,0,0,0,0,0,1,1,0,0,0,9,1,1,1,5,1,83,83,0,0,132,8,7,0,1,233,0,8,9,223,232,0,0,0,0,0,1,1,0,0,0,6,1,0,0,5,0,3,3,0,0,29,1,1,0,0,40,0,6,7,33,40,0,0,0,0,0,0,0,0,0,0,0,0,0,0,0,0,2,2,0,0,23,0,0,0,0,25,0,0,0,25,25,0,0,0,0,0,0,0,0,0,0,0,0,0,0,0,0,0,0,0,0,0,0,0,0,0,0,0,0,0,0,0
Clarksville Police,1976-05-01,Indiana,16000,IN01002,,not updated,normal return,normal return,normal return,normal return,breakdown offenses,breakdown offenses,breakdown offenses,0,0,0,0,0,1,1,0,1,1,0,0,0,13,2,1,0,8,2,57,57,0,0,90,4,1,3,0,166,0,11,13,151,164,0,0,0,0,0,0,0,0,0,0,2,2,0,0,0,0,3,3,0,0,47,0,0,0,0,52,0,2,2,50,52,0,0,0,0,0,0,0,0,0,0,0,0,0,0,0,0,0,0,0,0,0,0,0,0,0,0,0,0,0,0,0,0,0,0,0,0,0,0,0,0,0,0,0,0,0,0,0,0,0,0,0,0,0,0,0,0,0,0,0,0,0,0
Clarksville Police,1976-04-01,Indiana,16000,IN01002,,not updated,normal return,normal return,normal return,normal return,breakdown offenses,breakdown offenses,breakdown offenses,0,0,0,0,0,2,1,1,1,1,0,0,0,9,2,0,1,3,3,59,59,0,0,108,2,0,0,2,181,0,6,9,169,178,0,0,0,0,0,0,0,0,0,0,0,0,0,0,0,0,2,2,0,0,58,0,0,0,0,60,0,0,0,60,60,0,0,0,0,0,0,0,0,0,0,0,0,0,0,0,0,0,0,0,0,20,0,0,0,0,20,0,0,0,20,20,0,0,0,0,0,0,0,0,0,0,0,0,0,0,0,0,0,0,0,0,0,0,0,0,0,0,0,0,0,0,0
Clarksville Police,1976-03-01,Indiana,16000,IN01002,,not updated,adjustment,adjustment,adjustment,adjustment,breakdown offenses,breakdown offenses,breakdown offenses,0,0,1,0,0,1,1,0,4,2,0,0,2,3,0,0,0,0,3,36,36,0,0,84,4,4,0,0,132,0,0,5,124,129,0,0,0,0,0,0,0,0,0,0,1,0,0,0,0,1,1,1,0,0,44,0,0,0,0,46,0,0,0,45,45,0,0,0,0,0,0,0,0,0,0,0,0,0,0,0,0,0,0,0,0,13,0,0,0,0,13,0,0,0,13,13,0,0,0,0,0,0,0,0,0,0,0,0,0,0,0,0,0,0,0,0,0,0,0,0,0,0,0,0,0,0,0
Clarksville Police,1976-02-01,Indiana,16000,IN01002,,not updated,normal return,normal return,normal return,normal return,breakdown offenses,breakdown offenses,breakdown offenses,0,0,0,0,0,1,1,0,5,4,0,0,1,7,0,0,0,0,7,42,42,0,0,65,4,2,2,0,124,0,0,6,111,117,0,0,1,1,0,2,1,0,0,1,1,0,0,0,0,1,3,3,0,0,36,1,1,0,0,44,0,0,3,40,43,0,0,0,0,0,1,0,0,0,1,0,0,0,0,0,0,3,3,0,0,13,0,0,0,0,17,0,0,1,16,17,0,0,0,0,0,0,0,0,0,0,0,0,0,0,0,0,0,0,0,0,0,0,0,0,0,0,0,0,0,0,0
Clarksville Police,1976-01-01,Indiana,16000,IN01002,,not updated,normal return,normal return,normal return,normal return,breakdown offenses,breakdown offenses,breakdown offenses,0,0,0,0,0,0,0,0,5,2,0,0,3,4,1,0,0,3,0,34,34,0,0,64,5,3,1,1,112,0,4,9,103,112,0,0,0,0,0,1,0,0,0,1,2,0,0,0,2,0,1,1,0,0,26,0,0,0,0,30,0,2,3,27,30,0,0,0,0,0,0,0,0,0,0,0,0,0,0,0,0,0,0,0,0,9,0,0,0,0,9,0,0,0,9,9,0,0,0,0,0,0,0,0,0,0,0,0,0,0,0,0,0,0,0,0,0,0,0,0,0,0,0,0,0,0,0
Clarksville Police,1975-12-01,Indiana,,IN01002,,,,,,,,,,,,,,,,,,,,,,,,,,,,,,,,,,,,,,,,,,,,,,,,,,,,,,,,,,,,,,,,,,,,,,,,,,,,,,,,,,,,,,,,,,,,,,,,,,,,,,,,,,,,,,,,,,,,,,,,,,,,,,,,,,,,,,,,
Clarksville Police,1975-11-01,Indiana,,IN01002,,,,,,,,,,,,,,,,,,,,,,,,,,,,,,,,,,,,,,,,,,,,,,,,,,,,,,,,,,,,,,,,,,,,,,,,,,,,,,,,,,,,,,,,,,,,,,,,,,,,,,,,,,,,,,,,,,,,,,,,,,,,,,,,,,,,,,,,
Clarksville Police,1975-10-01,Indiana,,IN01002,,,,,,,,,,,,,,,,,,,,,,,,,,,,,,,,,,,,,,,,,,,,,,,,,,,,,,,,,,,,,,,,,,,,,,,,,,,,,,,,,,,,,,,,,,,,,,,,,,,,,,,,,,,,,,,,,,,,,,,,,,,,,,,,,,,,,,,,
Clarksville Police,1975-09-01,Indiana,,IN01002,,,,,,,,,,,,,,,,,,,,,,,,,,,,,,,,,,,,,,,,,,,,,,,,,,,,,,,,,,,,,,,,,,,,,,,,,,,,,,,,,,,,,,,,,,,,,,,,,,,,,,,,,,,,,,,,,,,,,,,,,,,,,,,,,,,,,,,,
Clarksville Police,1975-08-01,Indiana,,IN01002,,,,,,,,,,,,,,,,,,,,,,,,,,,,,,,,,,,,,,,,,,,,,,,,,,,,,,,,,,,,,,,,,,,,,,,,,,,,,,,,,,,,,,,,,,,,,,,,,,,,,,,,,,,,,,,,,,,,,,,,,,,,,,,,,,,,,,,,
Clarksville Police,1975-07-01,Indiana,,IN01002,,,,,,,,,,,,,,,,,,,,,,,,,,,,,,,,,,,,,,,,,,,,,,,,,,,,,,,,,,,,,,,,,,,,,,,,,,,,,,,,,,,,,,,,,,,,,,,,,,,,,,,,,,,,,,,,,,,,,,,,,,,,,,,,,,,,,,,,
Clarksville Police,1975-06-01,Indiana,,IN01002,,,,,,,,,,,,,,,,,,,,,,,,,,,,,,,,,,,,,,,,,,,,,,,,,,,,,,,,,,,,,,,,,,,,,,,,,,,,,,,,,,,,,,,,,,,,,,,,,,,,,,,,,,,,,,,,,,,,,,,,,,,,,,,,,,,,,,,,
Clarksville Police,1975-05-01,Indiana,,IN01002,,,,,,,,,,,,,,,,,,,,,,,,,,,,,,,,,,,,,,,,,,,,,,,,,,,,,,,,,,,,,,,,,,,,,,,,,,,,,,,,,,,,,,,,,,,,,,,,,,,,,,,,,,,,,,,,,,,,,,,,,,,,,,,,,,,,,,,,
Clarksville Police,1975-04-01,Indiana,,IN01002,,,,,,,,,,,,,,,,,,,,,,,,,,,,,,,,,,,,,,,,,,,,,,,,,,,,,,,,,,,,,,,,,,,,,,,,,,,,,,,,,,,,,,,,,,,,,,,,,,,,,,,,,,,,,,,,,,,,,,,,,,,,,,,,,,,,,,,,
Clarksville Police,1975-03-01,Indiana,,IN01002,,,,,,,,,,,,,,,,,,,,,,,,,,,,,,,,,,,,,,,,,,,,,,,,,,,,,,,,,,,,,,,,,,,,,,,,,,,,,,,,,,,,,,,,,,,,,,,,,,,,,,,,,,,,,,,,,,,,,,,,,,,,,,,,,,,,,,,,
Clarksville Police,1975-02-01,Indiana,,IN01002,,,,,,,,,,,,,,,,,,,,,,,,,,,,,,,,,,,,,,,,,,,,,,,,,,,,,,,,,,,,,,,,,,,,,,,,,,,,,,,,,,,,,,,,,,,,,,,,,,,,,,,,,,,,,,,,,,,,,,,,,,,,,,,,,,,,,,,,
Clarksville Police,1975-01-01,Indiana,,IN01002,,,,,,,,,,,,,,,,,,,,,,,,,,,,,,,,,,,,,,,,,,,,,,,,,,,,,,,,,,,,,,,,,,,,,,,,,,,,,,,,,,,,,,,,,,,,,,,,,,,,,,,,,,,,,,,,,,,,,,,,,,,,,,,,,,,,,,,,
Clarksville Police,1974-12-01,Indiana,,IN01002,,,,,,,,,,,,,,,,,,,,,,,,,,,,,,,,,,,,,,,,,,,,,,,,,,,,,,,,,,,,,,,,,,,,,,,,,,,,,,,,,,,,,,,,,,,,,,,,,,,,,,,,,,,,,,,,,,,,,,,,,,,,,,,,,,,,,,,,
Clarksville Police,1974-11-01,Indiana,,IN01002,,,,,,,,,,,,,,,,,,,,,,,,,,,,,,,,,,,,,,,,,,,,,,,,,,,,,,,,,,,,,,,,,,,,,,,,,,,,,,,,,,,,,,,,,,,,,,,,,,,,,,,,,,,,,,,,,,,,,,,,,,,,,,,,,,,,,,,,
Clarksville Police,1974-10-01,Indiana,,IN01002,,,,,,,,,,,,,,,,,,,,,,,,,,,,,,,,,,,,,,,,,,,,,,,,,,,,,,,,,,,,,,,,,,,,,,,,,,,,,,,,,,,,,,,,,,,,,,,,,,,,,,,,,,,,,,,,,,,,,,,,,,,,,,,,,,,,,,,,
Clarksville Police,1974-09-01,Indiana,,IN01002,,,,,,,,,,,,,,,,,,,,,,,,,,,,,,,,,,,,,,,,,,,,,,,,,,,,,,,,,,,,,,,,,,,,,,,,,,,,,,,,,,,,,,,,,,,,,,,,,,,,,,,,,,,,,,,,,,,,,,,,,,,,,,,,,,,,,,,,
Clarksville Police,1974-08-01,Indiana,,IN01002,,,,,,,,,,,,,,,,,,,,,,,,,,,,,,,,,,,,,,,,,,,,,,,,,,,,,,,,,,,,,,,,,,,,,,,,,,,,,,,,,,,,,,,,,,,,,,,,,,,,,,,,,,,,,,,,,,,,,,,,,,,,,,,,,,,,,,,,
Clarksville Police,1974-07-01,Indiana,,IN01002,,,,,,,,,,,,,,,,,,,,,,,,,,,,,,,,,,,,,,,,,,,,,,,,,,,,,,,,,,,,,,,,,,,,,,,,,,,,,,,,,,,,,,,,,,,,,,,,,,,,,,,,,,,,,,,,,,,,,,,,,,,,,,,,,,,,,,,,
Clarksville Police,1974-06-01,Indiana,,IN01002,,,,,,,,,,,,,,,,,,,,,,,,,,,,,,,,,,,,,,,,,,,,,,,,,,,,,,,,,,,,,,,,,,,,,,,,,,,,,,,,,,,,,,,,,,,,,,,,,,,,,,,,,,,,,,,,,,,,,,,,,,,,,,,,,,,,,,,,
Clarksville Police,1974-05-01,Indiana,,IN01002,,,,,,,,,,,,,,,,,,,,,,,,,,,,,,,,,,,,,,,,,,,,,,,,,,,,,,,,,,,,,,,,,,,,,,,,,,,,,,,,,,,,,,,,,,,,,,,,,,,,,,,,,,,,,,,,,,,,,,,,,,,,,,,,,,,,,,,,
Clarksville Police,1974-04-01,Indiana,,IN01002,,,,,,,,,,,,,,,,,,,,,,,,,,,,,,,,,,,,,,,,,,,,,,,,,,,,,,,,,,,,,,,,,,,,,,,,,,,,,,,,,,,,,,,,,,,,,,,,,,,,,,,,,,,,,,,,,,,,,,,,,,,,,,,,,,,,,,,,
Clarksville Police,1974-03-01,Indiana,,IN01002,,,,,,,,,,,,,,,,,,,,,,,,,,,,,,,,,,,,,,,,,,,,,,,,,,,,,,,,,,,,,,,,,,,,,,,,,,,,,,,,,,,,,,,,,,,,,,,,,,,,,,,,,,,,,,,,,,,,,,,,,,,,,,,,,,,,,,,,
Clarksville Police,1974-02-01,Indiana,,IN01002,,,,,,,,,,,,,,,,,,,,,,,,,,,,,,,,,,,,,,,,,,,,,,,,,,,,,,,,,,,,,,,,,,,,,,,,,,,,,,,,,,,,,,,,,,,,,,,,,,,,,,,,,,,,,,,,,,,,,,,,,,,,,,,,,,,,,,,,
Clarksville Police,1974-01-01,Indiana,,IN01002,,,,,,,,,,,,,,,,,,,,,,,,,,,,,,,,,,,,,,,,,,,,,,,,,,,,,,,,,,,,,,,,,,,,,,,,,,,,,,,,,,,,,,,,,,,,,,,,,,,,,,,,,,,,,,,,,,,,,,,,,,,,,,,,,,,,,,,,
Clarksville Police,1973-12-01,Indiana,,IN01002,,,,,,,,,,,,,,,,,,,,,,,,,,,,,,,,,,,,,,,,,,,,,,,,,,,,,,,,,,,,,,,,,,,,,,,,,,,,,,,,,,,,,,,,,,,,,,,,,,,,,,,,,,,,,,,,,,,,,,,,,,,,,,,,,,,,,,,,
Clarksville Police,1973-11-01,Indiana,,IN01002,,,,,,,,,,,,,,,,,,,,,,,,,,,,,,,,,,,,,,,,,,,,,,,,,,,,,,,,,,,,,,,,,,,,,,,,,,,,,,,,,,,,,,,,,,,,,,,,,,,,,,,,,,,,,,,,,,,,,,,,,,,,,,,,,,,,,,,,
Clarksville Police,1973-10-01,Indiana,,IN01002,,,,,,,,,,,,,,,,,,,,,,,,,,,,,,,,,,,,,,,,,,,,,,,,,,,,,,,,,,,,,,,,,,,,,,,,,,,,,,,,,,,,,,,,,,,,,,,,,,,,,,,,,,,,,,,,,,,,,,,,,,,,,,,,,,,,,,,,
Clarksville Police,1973-09-01,Indiana,,IN01002,,,,,,,,,,,,,,,,,,,,,,,,,,,,,,,,,,,,,,,,,,,,,,,,,,,,,,,,,,,,,,,,,,,,,,,,,,,,,,,,,,,,,,,,,,,,,,,,,,,,,,,,,,,,,,,,,,,,,,,,,,,,,,,,,,,,,,,,
Clarksville Police,1973-08-01,Indiana,,IN01002,,,,,,,,,,,,,,,,,,,,,,,,,,,,,,,,,,,,,,,,,,,,,,,,,,,,,,,,,,,,,,,,,,,,,,,,,,,,,,,,,,,,,,,,,,,,,,,,,,,,,,,,,,,,,,,,,,,,,,,,,,,,,,,,,,,,,,,,
Clarksville Police,1973-07-01,Indiana,,IN01002,,,,,,,,,,,,,,,,,,,,,,,,,,,,,,,,,,,,,,,,,,,,,,,,,,,,,,,,,,,,,,,,,,,,,,,,,,,,,,,,,,,,,,,,,,,,,,,,,,,,,,,,,,,,,,,,,,,,,,,,,,,,,,,,,,,,,,,,
Clarksville Police,1973-06-01,Indiana,,IN01002,,,,,,,,,,,,,,,,,,,,,,,,,,,,,,,,,,,,,,,,,,,,,,,,,,,,,,,,,,,,,,,,,,,,,,,,,,,,,,,,,,,,,,,,,,,,,,,,,,,,,,,,,,,,,,,,,,,,,,,,,,,,,,,,,,,,,,,,
Clarksville Police,1973-05-01,Indiana,,IN01002,,,,,,,,,,,,,,,,,,,,,,,,,,,,,,,,,,,,,,,,,,,,,,,,,,,,,,,,,,,,,,,,,,,,,,,,,,,,,,,,,,,,,,,,,,,,,,,,,,,,,,,,,,,,,,,,,,,,,,,,,,,,,,,,,,,,,,,,
Clarksville Police,1973-04-01,Indiana,,IN01002,,,,,,,,,,,,,,,,,,,,,,,,,,,,,,,,,,,,,,,,,,,,,,,,,,,,,,,,,,,,,,,,,,,,,,,,,,,,,,,,,,,,,,,,,,,,,,,,,,,,,,,,,,,,,,,,,,,,,,,,,,,,,,,,,,,,,,,,
Clarksville Police,1973-03-01,Indiana,,IN01002,,,,,,,,,,,,,,,,,,,,,,,,,,,,,,,,,,,,,,,,,,,,,,,,,,,,,,,,,,,,,,,,,,,,,,,,,,,,,,,,,,,,,,,,,,,,,,,,,,,,,,,,,,,,,,,,,,,,,,,,,,,,,,,,,,,,,,,,
Clarksville Police,1973-02-01,Indiana,,IN01002,,,,,,,,,,,,,,,,,,,,,,,,,,,,,,,,,,,,,,,,,,,,,,,,,,,,,,,,,,,,,,,,,,,,,,,,,,,,,,,,,,,,,,,,,,,,,,,,,,,,,,,,,,,,,,,,,,,,,,,,,,,,,,,,,,,,,,,,
Clarksville Police,1973-01-01,Indiana,,IN01002,,,,,,,,,,,,,,,,,,,,,,,,,,,,,,,,,,,,,,,,,,,,,,,,,,,,,,,,,,,,,,,,,,,,,,,,,,,,,,,,,,,,,,,,,,,,,,,,,,,,,,,,,,,,,,,,,,,,,,,,,,,,,,,,,,,,,,,,
Clarksville Police,1972-12-01,Indiana,,IN01002,,,,,,,,,,,,,,,,,,,,,,,,,,,,,,,,,,,,,,,,,,,,,,,,,,,,,,,,,,,,,,,,,,,,,,,,,,,,,,,,,,,,,,,,,,,,,,,,,,,,,,,,,,,,,,,,,,,,,,,,,,,,,,,,,,,,,,,,
Clarksville Police,1972-11-01,Indiana,,IN01002,,,,,,,,,,,,,,,,,,,,,,,,,,,,,,,,,,,,,,,,,,,,,,,,,,,,,,,,,,,,,,,,,,,,,,,,,,,,,,,,,,,,,,,,,,,,,,,,,,,,,,,,,,,,,,,,,,,,,,,,,,,,,,,,,,,,,,,,
Clarksville Police,1972-10-01,Indiana,,IN01002,,,,,,,,,,,,,,,,,,,,,,,,,,,,,,,,,,,,,,,,,,,,,,,,,,,,,,,,,,,,,,,,,,,,,,,,,,,,,,,,,,,,,,,,,,,,,,,,,,,,,,,,,,,,,,,,,,,,,,,,,,,,,,,,,,,,,,,,
Clarksville Police,1972-09-01,Indiana,,IN01002,,,,,,,,,,,,,,,,,,,,,,,,,,,,,,,,,,,,,,,,,,,,,,,,,,,,,,,,,,,,,,,,,,,,,,,,,,,,,,,,,,,,,,,,,,,,,,,,,,,,,,,,,,,,,,,,,,,,,,,,,,,,,,,,,,,,,,,,
Clarksville Police,1972-08-01,Indiana,,IN01002,,,,,,,,,,,,,,,,,,,,,,,,,,,,,,,,,,,,,,,,,,,,,,,,,,,,,,,,,,,,,,,,,,,,,,,,,,,,,,,,,,,,,,,,,,,,,,,,,,,,,,,,,,,,,,,,,,,,,,,,,,,,,,,,,,,,,,,,
Clarksville Police,1972-07-01,Indiana,,IN01002,,,,,,,,,,,,,,,,,,,,,,,,,,,,,,,,,,,,,,,,,,,,,,,,,,,,,,,,,,,,,,,,,,,,,,,,,,,,,,,,,,,,,,,,,,,,,,,,,,,,,,,,,,,,,,,,,,,,,,,,,,,,,,,,,,,,,,,,
Clarksville Police,1972-06-01,Indiana,,IN01002,,,,,,,,,,,,,,,,,,,,,,,,,,,,,,,,,,,,,,,,,,,,,,,,,,,,,,,,,,,,,,,,,,,,,,,,,,,,,,,,,,,,,,,,,,,,,,,,,,,,,,,,,,,,,,,,,,,,,,,,,,,,,,,,,,,,,,,,
Clarksville Police,1972-05-01,Indiana,,IN01002,,,,,,,,,,,,,,,,,,,,,,,,,,,,,,,,,,,,,,,,,,,,,,,,,,,,,,,,,,,,,,,,,,,,,,,,,,,,,,,,,,,,,,,,,,,,,,,,,,,,,,,,,,,,,,,,,,,,,,,,,,,,,,,,,,,,,,,,
Clarksville Police,1972-04-01,Indiana,,IN01002,,,,,,,,,,,,,,,,,,,,,,,,,,,,,,,,,,,,,,,,,,,,,,,,,,,,,,,,,,,,,,,,,,,,,,,,,,,,,,,,,,,,,,,,,,,,,,,,,,,,,,,,,,,,,,,,,,,,,,,,,,,,,,,,,,,,,,,,
Clarksville Police,1972-03-01,Indiana,,IN01002,,,,,,,,,,,,,,,,,,,,,,,,,,,,,,,,,,,,,,,,,,,,,,,,,,,,,,,,,,,,,,,,,,,,,,,,,,,,,,,,,,,,,,,,,,,,,,,,,,,,,,,,,,,,,,,,,,,,,,,,,,,,,,,,,,,,,,,,
Clarksville Police,1972-02-01,Indiana,,IN01002,,,,,,,,,,,,,,,,,,,,,,,,,,,,,,,,,,,,,,,,,,,,,,,,,,,,,,,,,,,,,,,,,,,,,,,,,,,,,,,,,,,,,,,,,,,,,,,,,,,,,,,,,,,,,,,,,,,,,,,,,,,,,,,,,,,,,,,,
Clarksville Police,1972-01-01,Indiana,,IN01002,,,,,,,,,,,,,,,,,,,,,,,,,,,,,,,,,,,,,,,,,,,,,,,,,,,,,,,,,,,,,,,,,,,,,,,,,,,,,,,,,,,,,,,,,,,,,,,,,,,,,,,,,,,,,,,,,,,,,,,,,,,,,,,,,,,,,,,,
Clarksville Police,1971-12-01,Indiana,,IN01002,,,,,,,,,,,,,,,,,,,,,,,,,,,,,,,,,,,,,,,,,,,,,,,,,,,,,,,,,,,,,,,,,,,,,,,,,,,,,,,,,,,,,,,,,,,,,,,,,,,,,,,,,,,,,,,,,,,,,,,,,,,,,,,,,,,,,,,,
Clarksville Police,1971-11-01,Indiana,,IN01002,,,,,,,,,,,,,,,,,,,,,,,,,,,,,,,,,,,,,,,,,,,,,,,,,,,,,,,,,,,,,,,,,,,,,,,,,,,,,,,,,,,,,,,,,,,,,,,,,,,,,,,,,,,,,,,,,,,,,,,,,,,,,,,,,,,,,,,,
Clarksville Police,1971-10-01,Indiana,,IN01002,,,,,,,,,,,,,,,,,,,,,,,,,,,,,,,,,,,,,,,,,,,,,,,,,,,,,,,,,,,,,,,,,,,,,,,,,,,,,,,,,,,,,,,,,,,,,,,,,,,,,,,,,,,,,,,,,,,,,,,,,,,,,,,,,,,,,,,,
Clarksville Police,1971-09-01,Indiana,,IN01002,,,,,,,,,,,,,,,,,,,,,,,,,,,,,,,,,,,,,,,,,,,,,,,,,,,,,,,,,,,,,,,,,,,,,,,,,,,,,,,,,,,,,,,,,,,,,,,,,,,,,,,,,,,,,,,,,,,,,,,,,,,,,,,,,,,,,,,,
Clarksville Police,1971-08-01,Indiana,,IN01002,,,,,,,,,,,,,,,,,,,,,,,,,,,,,,,,,,,,,,,,,,,,,,,,,,,,,,,,,,,,,,,,,,,,,,,,,,,,,,,,,,,,,,,,,,,,,,,,,,,,,,,,,,,,,,,,,,,,,,,,,,,,,,,,,,,,,,,,
Clarksville Police,1971-07-01,Indiana,,IN01002,,,,,,,,,,,,,,,,,,,,,,,,,,,,,,,,,,,,,,,,,,,,,,,,,,,,,,,,,,,,,,,,,,,,,,,,,,,,,,,,,,,,,,,,,,,,,,,,,,,,,,,,,,,,,,,,,,,,,,,,,,,,,,,,,,,,,,,,
Clarksville Police,1971-06-01,Indiana,,IN01002,,,,,,,,,,,,,,,,,,,,,,,,,,,,,,,,,,,,,,,,,,,,,,,,,,,,,,,,,,,,,,,,,,,,,,,,,,,,,,,,,,,,,,,,,,,,,,,,,,,,,,,,,,,,,,,,,,,,,,,,,,,,,,,,,,,,,,,,
Clarksville Police,1971-05-01,Indiana,,IN01002,,,,,,,,,,,,,,,,,,,,,,,,,,,,,,,,,,,,,,,,,,,,,,,,,,,,,,,,,,,,,,,,,,,,,,,,,,,,,,,,,,,,,,,,,,,,,,,,,,,,,,,,,,,,,,,,,,,,,,,,,,,,,,,,,,,,,,,,
Clarksville Police,1971-04-01,Indiana,,IN01002,,,,,,,,,,,,,,,,,,,,,,,,,,,,,,,,,,,,,,,,,,,,,,,,,,,,,,,,,,,,,,,,,,,,,,,,,,,,,,,,,,,,,,,,,,,,,,,,,,,,,,,,,,,,,,,,,,,,,,,,,,,,,,,,,,,,,,,,
Clarksville Police,1971-03-01,Indiana,,IN01002,,,,,,,,,,,,,,,,,,,,,,,,,,,,,,,,,,,,,,,,,,,,,,,,,,,,,,,,,,,,,,,,,,,,,,,,,,,,,,,,,,,,,,,,,,,,,,,,,,,,,,,,,,,,,,,,,,,,,,,,,,,,,,,,,,,,,,,,
Clarksville Police,1971-02-01,Indiana,,IN01002,,,,,,,,,,,,,,,,,,,,,,,,,,,,,,,,,,,,,,,,,,,,,,,,,,,,,,,,,,,,,,,,,,,,,,,,,,,,,,,,,,,,,,,,,,,,,,,,,,,,,,,,,,,,,,,,,,,,,,,,,,,,,,,,,,,,,,,,
Clarksville Police,1971-01-01,Indiana,,IN01002,,,,,,,,,,,,,,,,,,,,,,,,,,,,,,,,,,,,,,,,,,,,,,,,,,,,,,,,,,,,,,,,,,,,,,,,,,,,,,,,,,,,,,,,,,,,,,,,,,,,,,,,,,,,,,,,,,,,,,,,,,,,,,,,,,,,,,,,
Clarksville Police,1970-12-01,Indiana,,IN01002,,,,,,,,,,,,,,,,,,,,,,,,,,,,,,,,,,,,,,,,,,,,,,,,,,,,,,,,,,,,,,,,,,,,,,,,,,,,,,,,,,,,,,,,,,,,,,,,,,,,,,,,,,,,,,,,,,,,,,,,,,,,,,,,,,,,,,,,
Clarksville Police,1970-11-01,Indiana,,IN01002,,,,,,,,,,,,,,,,,,,,,,,,,,,,,,,,,,,,,,,,,,,,,,,,,,,,,,,,,,,,,,,,,,,,,,,,,,,,,,,,,,,,,,,,,,,,,,,,,,,,,,,,,,,,,,,,,,,,,,,,,,,,,,,,,,,,,,,,
Clarksville Police,1970-10-01,Indiana,,IN01002,,,,,,,,,,,,,,,,,,,,,,,,,,,,,,,,,,,,,,,,,,,,,,,,,,,,,,,,,,,,,,,,,,,,,,,,,,,,,,,,,,,,,,,,,,,,,,,,,,,,,,,,,,,,,,,,,,,,,,,,,,,,,,,,,,,,,,,,
Clarksville Police,1970-09-01,Indiana,,IN01002,,,,,,,,,,,,,,,,,,,,,,,,,,,,,,,,,,,,,,,,,,,,,,,,,,,,,,,,,,,,,,,,,,,,,,,,,,,,,,,,,,,,,,,,,,,,,,,,,,,,,,,,,,,,,,,,,,,,,,,,,,,,,,,,,,,,,,,,
Clarksville Police,1970-08-01,Indiana,,IN01002,,,,,,,,,,,,,,,,,,,,,,,,,,,,,,,,,,,,,,,,,,,,,,,,,,,,,,,,,,,,,,,,,,,,,,,,,,,,,,,,,,,,,,,,,,,,,,,,,,,,,,,,,,,,,,,,,,,,,,,,,,,,,,,,,,,,,,,,
Clarksville Police,1970-07-01,Indiana,,IN01002,,,,,,,,,,,,,,,,,,,,,,,,,,,,,,,,,,,,,,,,,,,,,,,,,,,,,,,,,,,,,,,,,,,,,,,,,,,,,,,,,,,,,,,,,,,,,,,,,,,,,,,,,,,,,,,,,,,,,,,,,,,,,,,,,,,,,,,,
Clarksville Police,1970-06-01,Indiana,,IN01002,,,,,,,,,,,,,,,,,,,,,,,,,,,,,,,,,,,,,,,,,,,,,,,,,,,,,,,,,,,,,,,,,,,,,,,,,,,,,,,,,,,,,,,,,,,,,,,,,,,,,,,,,,,,,,,,,,,,,,,,,,,,,,,,,,,,,,,,
Clarksville Police,1970-05-01,Indiana,,IN01002,,,,,,,,,,,,,,,,,,,,,,,,,,,,,,,,,,,,,,,,,,,,,,,,,,,,,,,,,,,,,,,,,,,,,,,,,,,,,,,,,,,,,,,,,,,,,,,,,,,,,,,,,,,,,,,,,,,,,,,,,,,,,,,,,,,,,,,,
Clarksville Police,1970-04-01,Indiana,,IN01002,,,,,,,,,,,,,,,,,,,,,,,,,,,,,,,,,,,,,,,,,,,,,,,,,,,,,,,,,,,,,,,,,,,,,,,,,,,,,,,,,,,,,,,,,,,,,,,,,,,,,,,,,,,,,,,,,,,,,,,,,,,,,,,,,,,,,,,,
Clarksville Police,1970-03-01,Indiana,,IN01002,,,,,,,,,,,,,,,,,,,,,,,,,,,,,,,,,,,,,,,,,,,,,,,,,,,,,,,,,,,,,,,,,,,,,,,,,,,,,,,,,,,,,,,,,,,,,,,,,,,,,,,,,,,,,,,,,,,,,,,,,,,,,,,,,,,,,,,,
Clarksville Police,1970-02-01,Indiana,,IN01002,,,,,,,,,,,,,,,,,,,,,,,,,,,,,,,,,,,,,,,,,,,,,,,,,,,,,,,,,,,,,,,,,,,,,,,,,,,,,,,,,,,,,,,,,,,,,,,,,,,,,,,,,,,,,,,,,,,,,,,,,,,,,,,,,,,,,,,,
Clarksville Police,1970-01-01,Indiana,,IN01002,,,,,,,,,,,,,,,,,,,,,,,,,,,,,,,,,,,,,,,,,,,,,,,,,,,,,,,,,,,,,,,,,,,,,,,,,,,,,,,,,,,,,,,,,,,,,,,,,,,,,,,,,,,,,,,,,,,,,,,,,,,,,,,,,,,,,,,,
Clarksville Police,1969-12-01,Indiana,,IN01002,,,,,,,,,,,,,,,,,,,,,,,,,,,,,,,,,,,,,,,,,,,,,,,,,,,,,,,,,,,,,,,,,,,,,,,,,,,,,,,,,,,,,,,,,,,,,,,,,,,,,,,,,,,,,,,,,,,,,,,,,,,,,,,,,,,,,,,,
Clarksville Police,1969-11-01,Indiana,,IN01002,,,,,,,,,,,,,,,,,,,,,,,,,,,,,,,,,,,,,,,,,,,,,,,,,,,,,,,,,,,,,,,,,,,,,,,,,,,,,,,,,,,,,,,,,,,,,,,,,,,,,,,,,,,,,,,,,,,,,,,,,,,,,,,,,,,,,,,,
Clarksville Police,1969-10-01,Indiana,,IN01002,,,,,,,,,,,,,,,,,,,,,,,,,,,,,,,,,,,,,,,,,,,,,,,,,,,,,,,,,,,,,,,,,,,,,,,,,,,,,,,,,,,,,,,,,,,,,,,,,,,,,,,,,,,,,,,,,,,,,,,,,,,,,,,,,,,,,,,,
Clarksville Police,1969-09-01,Indiana,,IN01002,,,,,,,,,,,,,,,,,,,,,,,,,,,,,,,,,,,,,,,,,,,,,,,,,,,,,,,,,,,,,,,,,,,,,,,,,,,,,,,,,,,,,,,,,,,,,,,,,,,,,,,,,,,,,,,,,,,,,,,,,,,,,,,,,,,,,,,,
Clarksville Police,1969-08-01,Indiana,,IN01002,,,,,,,,,,,,,,,,,,,,,,,,,,,,,,,,,,,,,,,,,,,,,,,,,,,,,,,,,,,,,,,,,,,,,,,,,,,,,,,,,,,,,,,,,,,,,,,,,,,,,,,,,,,,,,,,,,,,,,,,,,,,,,,,,,,,,,,,
Clarksville Police,1969-07-01,Indiana,,IN01002,,,,,,,,,,,,,,,,,,,,,,,,,,,,,,,,,,,,,,,,,,,,,,,,,,,,,,,,,,,,,,,,,,,,,,,,,,,,,,,,,,,,,,,,,,,,,,,,,,,,,,,,,,,,,,,,,,,,,,,,,,,,,,,,,,,,,,,,
Clarksville Police,1969-06-01,Indiana,,IN01002,,,,,,,,,,,,,,,,,,,,,,,,,,,,,,,,,,,,,,,,,,,,,,,,,,,,,,,,,,,,,,,,,,,,,,,,,,,,,,,,,,,,,,,,,,,,,,,,,,,,,,,,,,,,,,,,,,,,,,,,,,,,,,,,,,,,,,,,
Clarksville Police,1969-05-01,Indiana,,IN01002,,,,,,,,,,,,,,,,,,,,,,,,,,,,,,,,,,,,,,,,,,,,,,,,,,,,,,,,,,,,,,,,,,,,,,,,,,,,,,,,,,,,,,,,,,,,,,,,,,,,,,,,,,,,,,,,,,,,,,,,,,,,,,,,,,,,,,,,
Clarksville Police,1969-04-01,Indiana,,IN01002,,,,,,,,,,,,,,,,,,,,,,,,,,,,,,,,,,,,,,,,,,,,,,,,,,,,,,,,,,,,,,,,,,,,,,,,,,,,,,,,,,,,,,,,,,,,,,,,,,,,,,,,,,,,,,,,,,,,,,,,,,,,,,,,,,,,,,,,
Clarksville Police,1969-03-01,Indiana,,IN01002,,,,,,,,,,,,,,,,,,,,,,,,,,,,,,,,,,,,,,,,,,,,,,,,,,,,,,,,,,,,,,,,,,,,,,,,,,,,,,,,,,,,,,,,,,,,,,,,,,,,,,,,,,,,,,,,,,,,,,,,,,,,,,,,,,,,,,,,
Clarksville Police,1969-02-01,Indiana,,IN01002,,,,,,,,,,,,,,,,,,,,,,,,,,,,,,,,,,,,,,,,,,,,,,,,,,,,,,,,,,,,,,,,,,,,,,,,,,,,,,,,,,,,,,,,,,,,,,,,,,,,,,,,,,,,,,,,,,,,,,,,,,,,,,,,,,,,,,,,
Clarksville Police,1969-01-01,Indiana,,IN01002,,,,,,,,,,,,,,,,,,,,,,,,,,,,,,,,,,,,,,,,,,,,,,,,,,,,,,,,,,,,,,,,,,,,,,,,,,,,,,,,,,,,,,,,,,,,,,,,,,,,,,,,,,,,,,,,,,,,,,,,,,,,,,,,,,,,,,,,
Clarksville Police,1968-12-01,Indiana,,IN01002,,,,,,,,,,,,,,,,,,,,,,,,,,,,,,,,,,,,,,,,,,,,,,,,,,,,,,,,,,,,,,,,,,,,,,,,,,,,,,,,,,,,,,,,,,,,,,,,,,,,,,,,,,,,,,,,,,,,,,,,,,,,,,,,,,,,,,,,
Clarksville Police,1968-11-01,Indiana,,IN01002,,,,,,,,,,,,,,,,,,,,,,,,,,,,,,,,,,,,,,,,,,,,,,,,,,,,,,,,,,,,,,,,,,,,,,,,,,,,,,,,,,,,,,,,,,,,,,,,,,,,,,,,,,,,,,,,,,,,,,,,,,,,,,,,,,,,,,,,
Clarksville Police,1968-10-01,Indiana,,IN01002,,,,,,,,,,,,,,,,,,,,,,,,,,,,,,,,,,,,,,,,,,,,,,,,,,,,,,,,,,,,,,,,,,,,,,,,,,,,,,,,,,,,,,,,,,,,,,,,,,,,,,,,,,,,,,,,,,,,,,,,,,,,,,,,,,,,,,,,
Clarksville Police,1968-09-01,Indiana,,IN01002,,,,,,,,,,,,,,,,,,,,,,,,,,,,,,,,,,,,,,,,,,,,,,,,,,,,,,,,,,,,,,,,,,,,,,,,,,,,,,,,,,,,,,,,,,,,,,,,,,,,,,,,,,,,,,,,,,,,,,,,,,,,,,,,,,,,,,,,
Clarksville Police,1968-08-01,Indiana,,IN01002,,,,,,,,,,,,,,,,,,,,,,,,,,,,,,,,,,,,,,,,,,,,,,,,,,,,,,,,,,,,,,,,,,,,,,,,,,,,,,,,,,,,,,,,,,,,,,,,,,,,,,,,,,,,,,,,,,,,,,,,,,,,,,,,,,,,,,,,
Clarksville Police,1968-07-01,Indiana,,IN01002,,,,,,,,,,,,,,,,,,,,,,,,,,,,,,,,,,,,,,,,,,,,,,,,,,,,,,,,,,,,,,,,,,,,,,,,,,,,,,,,,,,,,,,,,,,,,,,,,,,,,,,,,,,,,,,,,,,,,,,,,,,,,,,,,,,,,,,,
Clarksville Police,1968-06-01,Indiana,,IN01002,,,,,,,,,,,,,,,,,,,,,,,,,,,,,,,,,,,,,,,,,,,,,,,,,,,,,,,,,,,,,,,,,,,,,,,,,,,,,,,,,,,,,,,,,,,,,,,,,,,,,,,,,,,,,,,,,,,,,,,,,,,,,,,,,,,,,,,,
Clarksville Police,1968-05-01,Indiana,,IN01002,,,,,,,,,,,,,,,,,,,,,,,,,,,,,,,,,,,,,,,,,,,,,,,,,,,,,,,,,,,,,,,,,,,,,,,,,,,,,,,,,,,,,,,,,,,,,,,,,,,,,,,,,,,,,,,,,,,,,,,,,,,,,,,,,,,,,,,,
Clarksville Police,1968-04-01,Indiana,,IN01002,,,,,,,,,,,,,,,,,,,,,,,,,,,,,,,,,,,,,,,,,,,,,,,,,,,,,,,,,,,,,,,,,,,,,,,,,,,,,,,,,,,,,,,,,,,,,,,,,,,,,,,,,,,,,,,,,,,,,,,,,,,,,,,,,,,,,,,,
Clarksville Police,1968-03-01,Indiana,,IN01002,,,,,,,,,,,,,,,,,,,,,,,,,,,,,,,,,,,,,,,,,,,,,,,,,,,,,,,,,,,,,,,,,,,,,,,,,,,,,,,,,,,,,,,,,,,,,,,,,,,,,,,,,,,,,,,,,,,,,,,,,,,,,,,,,,,,,,,,
Clarksville Police,1968-02-01,Indiana,,IN01002,,,,,,,,,,,,,,,,,,,,,,,,,,,,,,,,,,,,,,,,,,,,,,,,,,,,,,,,,,,,,,,,,,,,,,,,,,,,,,,,,,,,,,,,,,,,,,,,,,,,,,,,,,,,,,,,,,,,,,,,,,,,,,,,,,,,,,,,
Clarksville Police,1968-01-01,Indiana,,IN01002,,,,,,,,,,,,,,,,,,,,,,,,,,,,,,,,,,,,,,,,,,,,,,,,,,,,,,,,,,,,,,,,,,,,,,,,,,,,,,,,,,,,,,,,,,,,,,,,,,,,,,,,,,,,,,,,,,,,,,,,,,,,,,,,,,,,,,,,
Clarksville Police,1967-12-01,Indiana,,IN01002,,,,,,,,,,,,,,,,,,,,,,,,,,,,,,,,,,,,,,,,,,,,,,,,,,,,,,,,,,,,,,,,,,,,,,,,,,,,,,,,,,,,,,,,,,,,,,,,,,,,,,,,,,,,,,,,,,,,,,,,,,,,,,,,,,,,,,,,
Clarksville Police,1967-11-01,Indiana,,IN01002,,,,,,,,,,,,,,,,,,,,,,,,,,,,,,,,,,,,,,,,,,,,,,,,,,,,,,,,,,,,,,,,,,,,,,,,,,,,,,,,,,,,,,,,,,,,,,,,,,,,,,,,,,,,,,,,,,,,,,,,,,,,,,,,,,,,,,,,
Clarksville Police,1967-10-01,Indiana,,IN01002,,,,,,,,,,,,,,,,,,,,,,,,,,,,,,,,,,,,,,,,,,,,,,,,,,,,,,,,,,,,,,,,,,,,,,,,,,,,,,,,,,,,,,,,,,,,,,,,,,,,,,,,,,,,,,,,,,,,,,,,,,,,,,,,,,,,,,,,
Clarksville Police,1967-09-01,Indiana,,IN01002,,,,,,,,,,,,,,,,,,,,,,,,,,,,,,,,,,,,,,,,,,,,,,,,,,,,,,,,,,,,,,,,,,,,,,,,,,,,,,,,,,,,,,,,,,,,,,,,,,,,,,,,,,,,,,,,,,,,,,,,,,,,,,,,,,,,,,,,
Clarksville Police,1967-08-01,Indiana,,IN01002,,,,,,,,,,,,,,,,,,,,,,,,,,,,,,,,,,,,,,,,,,,,,,,,,,,,,,,,,,,,,,,,,,,,,,,,,,,,,,,,,,,,,,,,,,,,,,,,,,,,,,,,,,,,,,,,,,,,,,,,,,,,,,,,,,,,,,,,
Clarksville Police,1967-07-01,Indiana,,IN01002,,,,,,,,,,,,,,,,,,,,,,,,,,,,,,,,,,,,,,,,,,,,,,,,,,,,,,,,,,,,,,,,,,,,,,,,,,,,,,,,,,,,,,,,,,,,,,,,,,,,,,,,,,,,,,,,,,,,,,,,,,,,,,,,,,,,,,,,
Clarksville Police,1967-06-01,Indiana,,IN01002,,,,,,,,,,,,,,,,,,,,,,,,,,,,,,,,,,,,,,,,,,,,,,,,,,,,,,,,,,,,,,,,,,,,,,,,,,,,,,,,,,,,,,,,,,,,,,,,,,,,,,,,,,,,,,,,,,,,,,,,,,,,,,,,,,,,,,,,
Clarksville Police,1967-05-01,Indiana,,IN01002,,,,,,,,,,,,,,,,,,,,,,,,,,,,,,,,,,,,,,,,,,,,,,,,,,,,,,,,,,,,,,,,,,,,,,,,,,,,,,,,,,,,,,,,,,,,,,,,,,,,,,,,,,,,,,,,,,,,,,,,,,,,,,,,,,,,,,,,
Clarksville Police,1967-04-01,Indiana,,IN01002,,,,,,,,,,,,,,,,,,,,,,,,,,,,,,,,,,,,,,,,,,,,,,,,,,,,,,,,,,,,,,,,,,,,,,,,,,,,,,,,,,,,,,,,,,,,,,,,,,,,,,,,,,,,,,,,,,,,,,,,,,,,,,,,,,,,,,,,
Clarksville Police,1967-03-01,Indiana,,IN01002,,,,,,,,,,,,,,,,,,,,,,,,,,,,,,,,,,,,,,,,,,,,,,,,,,,,,,,,,,,,,,,,,,,,,,,,,,,,,,,,,,,,,,,,,,,,,,,,,,,,,,,,,,,,,,,,,,,,,,,,,,,,,,,,,,,,,,,,
Clarksville Police,1967-02-01,Indiana,,IN01002,,,,,,,,,,,,,,,,,,,,,,,,,,,,,,,,,,,,,,,,,,,,,,,,,,,,,,,,,,,,,,,,,,,,,,,,,,,,,,,,,,,,,,,,,,,,,,,,,,,,,,,,,,,,,,,,,,,,,,,,,,,,,,,,,,,,,,,,
Clarksville Police,1967-01-01,Indiana,,IN01002,,,,,,,,,,,,,,,,,,,,,,,,,,,,,,,,,,,,,,,,,,,,,,,,,,,,,,,,,,,,,,,,,,,,,,,,,,,,,,,,,,,,,,,,,,,,,,,,,,,,,,,,,,,,,,,,,,,,,,,,,,,,,,,,,,,,,,,,
Clarksville Police,1966-12-01,Indiana,,IN01002,,,,,,,,,,,,,,,,,,,,,,,,,,,,,,,,,,,,,,,,,,,,,,,,,,,,,,,,,,,,,,,,,,,,,,,,,,,,,,,,,,,,,,,,,,,,,,,,,,,,,,,,,,,,,,,,,,,,,,,,,,,,,,,,,,,,,,,,
Clarksville Police,1966-11-01,Indiana,,IN01002,,,,,,,,,,,,,,,,,,,,,,,,,,,,,,,,,,,,,,,,,,,,,,,,,,,,,,,,,,,,,,,,,,,,,,,,,,,,,,,,,,,,,,,,,,,,,,,,,,,,,,,,,,,,,,,,,,,,,,,,,,,,,,,,,,,,,,,,
Clarksville Police,1966-10-01,Indiana,,IN01002,,,,,,,,,,,,,,,,,,,,,,,,,,,,,,,,,,,,,,,,,,,,,,,,,,,,,,,,,,,,,,,,,,,,,,,,,,,,,,,,,,,,,,,,,,,,,,,,,,,,,,,,,,,,,,,,,,,,,,,,,,,,,,,,,,,,,,,,
Clarksville Police,1966-09-01,Indiana,,IN01002,,,,,,,,,,,,,,,,,,,,,,,,,,,,,,,,,,,,,,,,,,,,,,,,,,,,,,,,,,,,,,,,,,,,,,,,,,,,,,,,,,,,,,,,,,,,,,,,,,,,,,,,,,,,,,,,,,,,,,,,,,,,,,,,,,,,,,,,
Clarksville Police,1966-08-01,Indiana,,IN01002,,,,,,,,,,,,,,,,,,,,,,,,,,,,,,,,,,,,,,,,,,,,,,,,,,,,,,,,,,,,,,,,,,,,,,,,,,,,,,,,,,,,,,,,,,,,,,,,,,,,,,,,,,,,,,,,,,,,,,,,,,,,,,,,,,,,,,,,
Clarksville Police,1966-07-01,Indiana,,IN01002,,,,,,,,,,,,,,,,,,,,,,,,,,,,,,,,,,,,,,,,,,,,,,,,,,,,,,,,,,,,,,,,,,,,,,,,,,,,,,,,,,,,,,,,,,,,,,,,,,,,,,,,,,,,,,,,,,,,,,,,,,,,,,,,,,,,,,,,
Clarksville Police,1966-06-01,Indiana,,IN01002,,,,,,,,,,,,,,,,,,,,,,,,,,,,,,,,,,,,,,,,,,,,,,,,,,,,,,,,,,,,,,,,,,,,,,,,,,,,,,,,,,,,,,,,,,,,,,,,,,,,,,,,,,,,,,,,,,,,,,,,,,,,,,,,,,,,,,,,
Clarksville Police,1966-05-01,Indiana,,IN01002,,,,,,,,,,,,,,,,,,,,,,,,,,,,,,,,,,,,,,,,,,,,,,,,,,,,,,,,,,,,,,,,,,,,,,,,,,,,,,,,,,,,,,,,,,,,,,,,,,,,,,,,,,,,,,,,,,,,,,,,,,,,,,,,,,,,,,,,
Clarksville Police,1966-04-01,Indiana,,IN01002,,,,,,,,,,,,,,,,,,,,,,,,,,,,,,,,,,,,,,,,,,,,,,,,,,,,,,,,,,,,,,,,,,,,,,,,,,,,,,,,,,,,,,,,,,,,,,,,,,,,,,,,,,,,,,,,,,,,,,,,,,,,,,,,,,,,,,,,
Clarksville Police,1966-03-01,Indiana,,IN01002,,,,,,,,,,,,,,,,,,,,,,,,,,,,,,,,,,,,,,,,,,,,,,,,,,,,,,,,,,,,,,,,,,,,,,,,,,,,,,,,,,,,,,,,,,,,,,,,,,,,,,,,,,,,,,,,,,,,,,,,,,,,,,,,,,,,,,,,
Clarksville Police,1966-02-01,Indiana,,IN01002,,,,,,,,,,,,,,,,,,,,,,,,,,,,,,,,,,,,,,,,,,,,,,,,,,,,,,,,,,,,,,,,,,,,,,,,,,,,,,,,,,,,,,,,,,,,,,,,,,,,,,,,,,,,,,,,,,,,,,,,,,,,,,,,,,,,,,,,
Clarksville Police,1966-01-01,Indiana,,IN01002,,,,,,,,,,,,,,,,,,,,,,,,,,,,,,,,,,,,,,,,,,,,,,,,,,,,,,,,,,,,,,,,,,,,,,,,,,,,,,,,,,,,,,,,,,,,,,,,,,,,,,,,,,,,,,,,,,,,,,,,,,,,,,,,,,,,,,,,
Clarksville Police,1965-12-01,Indiana,,IN01002,,,,,,,,,,,,,,,,,,,,,,,,,,,,,,,,,,,,,,,,,,,,,,,,,,,,,,,,,,,,,,,,,,,,,,,,,,,,,,,,,,,,,,,,,,,,,,,,,,,,,,,,,,,,,,,,,,,,,,,,,,,,,,,,,,,,,,,,
Clarksville Police,1965-11-01,Indiana,,IN01002,,,,,,,,,,,,,,,,,,,,,,,,,,,,,,,,,,,,,,,,,,,,,,,,,,,,,,,,,,,,,,,,,,,,,,,,,,,,,,,,,,,,,,,,,,,,,,,,,,,,,,,,,,,,,,,,,,,,,,,,,,,,,,,,,,,,,,,,
Clarksville Police,1965-10-01,Indiana,,IN01002,,,,,,,,,,,,,,,,,,,,,,,,,,,,,,,,,,,,,,,,,,,,,,,,,,,,,,,,,,,,,,,,,,,,,,,,,,,,,,,,,,,,,,,,,,,,,,,,,,,,,,,,,,,,,,,,,,,,,,,,,,,,,,,,,,,,,,,,
Clarksville Police,1965-09-01,Indiana,,IN01002,,,,,,,,,,,,,,,,,,,,,,,,,,,,,,,,,,,,,,,,,,,,,,,,,,,,,,,,,,,,,,,,,,,,,,,,,,,,,,,,,,,,,,,,,,,,,,,,,,,,,,,,,,,,,,,,,,,,,,,,,,,,,,,,,,,,,,,,
Clarksville Police,1965-08-01,Indiana,,IN01002,,,,,,,,,,,,,,,,,,,,,,,,,,,,,,,,,,,,,,,,,,,,,,,,,,,,,,,,,,,,,,,,,,,,,,,,,,,,,,,,,,,,,,,,,,,,,,,,,,,,,,,,,,,,,,,,,,,,,,,,,,,,,,,,,,,,,,,,
Clarksville Police,1965-07-01,Indiana,,IN01002,,,,,,,,,,,,,,,,,,,,,,,,,,,,,,,,,,,,,,,,,,,,,,,,,,,,,,,,,,,,,,,,,,,,,,,,,,,,,,,,,,,,,,,,,,,,,,,,,,,,,,,,,,,,,,,,,,,,,,,,,,,,,,,,,,,,,,,,
Clarksville Police,1965-06-01,Indiana,,IN01002,,,,,,,,,,,,,,,,,,,,,,,,,,,,,,,,,,,,,,,,,,,,,,,,,,,,,,,,,,,,,,,,,,,,,,,,,,,,,,,,,,,,,,,,,,,,,,,,,,,,,,,,,,,,,,,,,,,,,,,,,,,,,,,,,,,,,,,,
Clarksville Police,1965-05-01,Indiana,,IN01002,,,,,,,,,,,,,,,,,,,,,,,,,,,,,,,,,,,,,,,,,,,,,,,,,,,,,,,,,,,,,,,,,,,,,,,,,,,,,,,,,,,,,,,,,,,,,,,,,,,,,,,,,,,,,,,,,,,,,,,,,,,,,,,,,,,,,,,,
Clarksville Police,1965-04-01,Indiana,,IN01002,,,,,,,,,,,,,,,,,,,,,,,,,,,,,,,,,,,,,,,,,,,,,,,,,,,,,,,,,,,,,,,,,,,,,,,,,,,,,,,,,,,,,,,,,,,,,,,,,,,,,,,,,,,,,,,,,,,,,,,,,,,,,,,,,,,,,,,,
Clarksville Police,1965-03-01,Indiana,,IN01002,,,,,,,,,,,,,,,,,,,,,,,,,,,,,,,,,,,,,,,,,,,,,,,,,,,,,,,,,,,,,,,,,,,,,,,,,,,,,,,,,,,,,,,,,,,,,,,,,,,,,,,,,,,,,,,,,,,,,,,,,,,,,,,,,,,,,,,,
Clarksville Police,1965-02-01,Indiana,,IN01002,,,,,,,,,,,,,,,,,,,,,,,,,,,,,,,,,,,,,,,,,,,,,,,,,,,,,,,,,,,,,,,,,,,,,,,,,,,,,,,,,,,,,,,,,,,,,,,,,,,,,,,,,,,,,,,,,,,,,,,,,,,,,,,,,,,,,,,,
Clarksville Police,1965-01-01,Indiana,,IN01002,,,,,,,,,,,,,,,,,,,,,,,,,,,,,,,,,,,,,,,,,,,,,,,,,,,,,,,,,,,,,,,,,,,,,,,,,,,,,,,,,,,,,,,,,,,,,,,,,,,,,,,,,,,,,,,,,,,,,,,,,,,,,,,,,,,,,,,,
Clarksville Police,1964-12-01,Indiana,9144,IN01002,,not updated,normal return,normal return,normal return,not updated,breakdown offenses,breakdown offenses,breakdown offenses,0,0,0,0,0,0,0,0,0,0,0,0,0,0,0,0,0,0,0,5,4,1,0,23,1,1,0,0,29,22,0,0,29,29,0,0,0,0,0,0,0,0,0,0,0,0,0,0,0,0,1,1,0,0,0,0,0,0,0,1,0,0,0,1,1,0,0,0,0,0,0,0,0,0,0,0,0,0,0,0,0,0,0,0,0,0,0,0,0,0,0,0,0,0,0,0,0,0,0,0,0,0,0,0,0,0,0,0,0,0,0,0,0,0,0,0,0,0,0,0,0,0,0,0,0,0,0
Clarksville Police,1964-11-01,Indiana,9144,IN01002,,not updated,normal return,normal return,normal return,not updated,breakdown offenses,breakdown offenses,breakdown offenses,0,0,0,0,0,0,0,0,0,0,0,0,0,0,0,0,0,0,0,2,2,0,0,8,1,1,0,0,11,8,0,0,11,11,0,0,0,0,0,0,0,0,0,0,0,0,0,0,0,0,0,0,0,0,0,0,0,0,0,0,0,0,0,0,0,0,0,0,0,0,0,0,0,0,0,0,0,0,0,0,0,0,0,0,0,0,0,0,0,0,0,0,0,0,0,0,0,0,0,0,0,0,0,0,0,0,0,0,0,0,0,0,0,0,0,0,0,0,0,0,0,0,0,0,0,0,0
Clarksville Police,1964-10-01,Indiana,9144,IN01002,,not updated,normal return,normal return,normal return,not updated,breakdown offenses,totals only,totals only,0,0,0,0,0,0,0,0,2,1,0,0,1,0,0,0,0,0,0,5,3,0,2,14,0,0,0,0,21,12,0,2,19,21,0,0,0,0,0,1,0,0,0,0,0,0,0,0,0,0,1,0,0,0,0,0,0,0,0,2,0,0,1,1,2,0,0,0,0,0,1,0,0,0,0,0,0,0,0,0,0,1,0,0,0,0,0,0,0,0,2,0,0,1,1,2,0,0,0,0,0,0,0,0,0,0,0,0,0,0,0,0,0,0,0,0,0,0,0,0,0,0,0,0,0,0,0
Clarksville Police,1964-09-01,Indiana,9144,IN01002,,not updated,normal return,normal return,normal return,not updated,breakdown offenses,breakdown offenses,breakdown offenses,0,0,0,0,0,0,0,0,0,0,0,0,0,0,0,0,0,0,0,4,3,1,0,16,0,0,0,0,20,13,0,0,20,20,0,0,0,0,0,0,0,0,0,0,0,0,0,0,0,0,1,1,0,0,0,1,1,0,0,2,0,0,0,2,2,0,0,0,0,0,0,0,0,0,0,0,0,0,0,0,0,0,0,0,0,0,0,0,0,0,0,0,0,0,0,0,0,0,0,0,0,0,0,0,0,0,0,0,0,0,0,0,0,0,0,0,0,0,0,0,0,0,0,0,0,0,0
Clarksville Police,1964-08-01,Indiana,9144,IN01002,,not updated,normal return,normal return,normal return,not updated,breakdown offenses,breakdown offenses,breakdown offenses,0,0,0,0,0,0,0,0,0,0,0,0,0,0,0,0,0,0,0,6,5,1,0,27,2,2,0,0,35,25,0,0,35,35,0,0,0,0,0,0,0,0,0,0,0,0,0,0,0,0,0,0,0,0,7,1,1,0,0,8,7,0,0,8,8,0,0,0,0,0,0,0,0,0,0,0,0,0,0,0,0,0,0,0,0,7,1,1,0,0,8,7,0,0,8,8,0,0,0,0,0,0,0,0,0,0,0,0,0,0,0,0,0,0,0,0,0,0,0,0,0,0,0,0,0,0,0
Clarksville Police,1964-07-01,Indiana,9144,IN01002,,not updated,normal return,normal return,normal return,not updated,breakdown offenses,breakdown offenses,breakdown offenses,0,0,0,0,0,0,0,0,0,0,0,0,0,1,0,0,1,0,0,4,4,0,0,44,3,3,0,0,52,39,1,1,51,52,0,0,0,0,0,0,0,0,0,0,1,0,0,1,0,0,0,0,0,0,0,2,2,0,0,3,0,1,1,2,3,0,0,0,0,0,0,0,0,0,0,0,0,0,0,0,0,0,0,0,0,0,2,2,0,0,2,0,0,0,2,2,0,0,0,0,0,0,0,0,0,0,0,0,0,0,0,0,0,0,0,0,0,0,0,0,0,0,0,0,0,0,0
Clarksville Police,1964-06-01,Indiana,9144,IN01002,,not updated,normal return,not updated,not updated,not updated,breakdown offenses,breakdown offenses,breakdown offenses,0,0,0,0,0,0,0,0,0,0,0,0,0,0,0,0,0,0,0,0,0,0,0,33,0,0,0,0,33,28,0,0,33,33,0,0,0,0,0,0,0,0,0,0,0,0,0,0,0,0,0,0,0,0,0,0,0,0,0,0,0,0,0,0,0,0,0,0,0,0,0,0,0,0,0,0,0,0,0,0,0,0,0,0,0,0,0,0,0,0,0,0,0,0,0,0,0,0,0,0,0,0,0,0,0,0,0,0,0,0,0,0,0,0,0,0,0,0,0,0,0,0,0,0,0,0,0
Clarksville Police,1964-05-01,Indiana,9144,IN01002,,not updated,normal return,normal return,normal return,not updated,breakdown offenses,breakdown offenses,breakdown offenses,0,0,0,0,0,0,0,0,0,0,0,0,0,0,0,0,0,0,0,4,2,2,0,16,1,1,0,0,21,15,0,0,21,21,0,0,0,0,0,0,0,0,0,0,0,0,0,0,0,0,0,0,0,0,0,0,0,0,0,0,0,0,0,0,0,0,0,0,0,0,0,0,0,0,0,0,0,0,0,0,0,0,0,0,0,0,0,0,0,0,0,0,0,0,0,0,0,0,0,0,0,0,0,0,0,0,0,0,0,0,0,0,0,0,0,0,0,0,0,0,0,0,0,0,0,0,0
Clarksville Police,1964-04-01,Indiana,9144,IN01002,,not updated,normal return,normal return,normal return,not updated,breakdown offenses,breakdown offenses,breakdown offenses,0,0,0,0,0,0,0,0,0,0,0,0,0,0,0,0,0,0,0,2,1,1,0,18,1,1,0,0,21,15,0,0,21,21,0,0,0,0,0,0,0,0,0,0,0,0,0,0,0,0,2,2,0,0,0,0,0,0,0,2,0,0,0,2,2,0,0,0,0,0,0,0,0,0,0,0,0,0,0,0,0,1,1,0,0,0,0,0,0,0,1,0,0,0,1,1,0,0,0,0,0,0,0,0,0,0,0,0,0,0,0,0,0,0,0,0,0,0,0,0,0,0,0,0,0,0,0
Clarksville Police,1964-03-01,Indiana,9144,IN01002,,not updated,normal return,normal return,normal return,not updated,breakdown offenses,breakdown offenses,breakdown offenses,0,0,0,0,0,0,0,0,0,0,0,0,0,0,0,0,0,0,0,4,2,2,0,17,1,1,0,0,22,15,0,0,22,22,0,0,0,0,0,0,0,0,0,0,0,0,0,0,0,0,0,0,0,0,0,0,0,0,0,0,0,0,0,0,0,0,0,0,0,0,0,0,0,0,0,0,0,0,0,0,0,0,0,0,0,0,0,0,0,0,0,0,0,0,0,0,0,0,0,0,0,0,0,0,0,0,0,0,0,0,0,0,0,0,0,0,0,0,0,0,0,0,0,0,0,0,0
Clarksville Police,1964-02-01,Indiana,9144,IN01002,,not updated,normal return,normal return,normal return,not updated,breakdown offenses,breakdown offenses,breakdown offenses,0,0,0,0,0,0,0,0,1,1,0,0,0,0,0,0,0,0,0,2,1,1,0,22,0,0,0,0,25,16,0,1,24,25,0,0,0,0,0,0,0,0,0,0,0,0,0,0,0,0,3,3,0,0,0,0,0,0,0,3,0,0,0,3,3,0,0,0,0,0,0,0,0,0,0,0,0,0,0,0,0,3,3,0,0,0,0,0,0,0,3,0,0,0,3,3,0,0,0,0,0,0,0,0,0,0,0,0,0,0,0,0,0,0,0,0,0,0,0,0,0,0,0,0,0,0,0
Clarksville Police,1964-01-01,Indiana,9144,IN01002,,not updated,normal return,normal return,normal return,not updated,breakdown offenses,breakdown offenses,breakdown offenses,0,0,0,0,0,0,0,0,0,0,0,0,0,0,0,0,0,0,0,4,2,2,0,14,1,1,0,0,19,10,0,0,19,19,0,0,0,0,0,0,0,0,0,0,0,0,0,0,0,0,0,0,0,0,0,0,0,0,0,0,0,0,0,0,0,0,0,0,0,0,0,0,0,0,0,0,0,0,0,0,0,0,0,0,0,0,0,0,0,0,0,0,0,0,0,0,0,0,0,0,0,0,0,0,0,0,0,0,0,0,0,0,0,0,0,0,0,0,0,0,0,0,0,0,0,0,0
Clarksville Police,1963-12-01,Indiana,9083,IN01002,,not updated,normal return,not updated,not updated,not updated,breakdown offenses,breakdown offenses,breakdown offenses,0,0,0,0,0,0,0,0,0,0,0,0,0,0,0,0,0,0,0,3,0,0,0,9,1,1,0,0,13,9,0,0,13,13,0,0,0,0,0,0,0,0,0,0,0,0,0,0,0,0,0,0,0,0,0,0,0,0,0,0,0,0,0,0,0,0,0,0,0,0,0,0,0,0,0,0,0,0,0,0,0,0,0,0,0,0,0,0,0,0,0,0,0,0,0,0,0,0,0,0,0,0,0,0,0,0,0,0,0,0,0,0,0,0,0,0,0,0,0,0,0,0,0,0,0,0,0
Clarksville Police,1963-11-01,Indiana,9083,IN01002,,not updated,normal return,not updated,not updated,not updated,breakdown offenses,breakdown offenses,breakdown offenses,0,0,0,0,0,0,0,0,0,0,0,0,0,0,0,0,0,0,0,1,0,0,0,5,0,0,0,0,6,5,0,0,6,6,0,0,0,0,0,0,0,0,0,0,0,0,0,0,0,0,0,0,0,0,0,0,0,0,0,0,0,0,0,0,0,0,0,0,0,0,0,0,0,0,0,0,0,0,0,0,0,0,0,0,0,0,0,0,0,0,0,0,0,0,0,0,0,0,0,0,0,0,0,0,0,0,0,0,0,0,0,0,0,0,0,0,0,0,0,0,0,0,0,0,0,0,0
Clarksville Police,1963-10-01,Indiana,9083,IN01002,,not updated,normal return,not updated,not updated,not updated,breakdown offenses,breakdown offenses,breakdown offenses,0,0,0,0,0,0,0,0,0,0,0,0,0,0,0,0,0,0,0,4,0,0,0,7,0,0,0,0,11,4,0,0,11,11,0,0,0,0,0,0,0,0,0,0,0,0,0,0,0,0,0,0,0,0,0,0,0,0,0,0,0,0,0,0,0,0,0,0,0,0,0,0,0,0,0,0,0,0,0,0,0,0,0,0,0,0,0,0,0,0,0,0,0,0,0,0,0,0,0,0,0,0,0,0,0,0,0,0,0,0,0,0,0,0,0,0,0,0,0,0,0,0,0,0,0,0,0
Clarksville Police,1963-09-01,Indiana,9083,IN01002,,not updated,normal return,not updated,not updated,not updated,breakdown offenses,breakdown offenses,breakdown offenses,0,0,0,0,0,0,0,0,0,0,0,0,0,0,0,0,0,0,0,3,0,0,0,21,0,0,0,0,24,18,0,0,24,24,0,0,0,0,0,0,0,0,0,0,0,0,0,0,0,0,0,0,0,0,0,0,0,0,0,0,0,0,0,0,0,0,0,0,0,0,0,0,0,0,0,0,0,0,0,0,0,0,0,0,0,0,0,0,0,0,0,0,0,0,0,0,0,0,0,0,0,0,0,0,0,0,0,0,0,0,0,0,0,0,0,0,0,0,0,0,0,0,0,0,0,0,0
Clarksville Police,1963-08-01,Indiana,9083,IN01002,,not updated,normal return,not updated,not updated,not updated,breakdown offenses,breakdown offenses,breakdown offenses,0,0,0,0,0,0,0,0,0,0,0,0,0,0,0,0,0,0,0,7,0,0,0,12,0,0,0,0,19,9,0,0,19,19,0,0,0,0,0,0,0,0,0,0,0,0,0,0,0,0,0,0,0,0,0,0,0,0,0,0,0,0,0,0,0,0,0,0,0,0,0,0,0,0,0,0,0,0,0,0,0,0,0,0,0,0,0,0,0,0,0,0,0,0,0,0,0,0,0,0,0,0,0,0,0,0,0,0,0,0,0,0,0,0,0,0,0,0,0,0,0,0,0,0,0,0,0
Clarksville Police,1963-07-01,Indiana,9083,IN01002,,not updated,normal return,not updated,not updated,not updated,breakdown offenses,breakdown offenses,breakdown offenses,0,0,0,0,0,0,0,0,0,0,0,0,0,0,0,0,0,0,0,2,0,0,0,18,0,0,0,0,20,16,0,0,20,20,0,0,0,0,0,0,0,0,0,0,0,0,0,0,0,0,0,0,0,0,0,0,0,0,0,0,0,0,0,0,0,0,0,0,0,0,0,0,0,0,0,0,0,0,0,0,0,0,0,0,0,0,0,0,0,0,0,0,0,0,0,0,0,0,0,0,0,0,0,0,0,0,0,0,0,0,0,0,0,0,0,0,0,0,0,0,0,0,0,0,0,0,0
Clarksville Police,1963-06-01,Indiana,9083,IN01002,,not updated,normal return,not updated,not updated,not updated,breakdown offenses,breakdown offenses,breakdown offenses,0,0,0,0,0,0,0,0,0,0,0,0,0,0,0,0,0,0,0,0,0,0,0,22,2,2,0,0,24,20,0,0,24,24,0,0,0,0,0,0,0,0,0,0,0,0,0,0,0,0,0,0,0,0,0,0,0,0,0,0,0,0,0,0,0,0,0,0,0,0,0,0,0,0,0,0,0,0,0,0,0,0,0,0,0,0,0,0,0,0,0,0,0,0,0,0,0,0,0,0,0,0,0,0,0,0,0,0,0,0,0,0,0,0,0,0,0,0,0,0,0,0,0,0,0,0,0
Clarksville Police,1963-05-01,Indiana,9083,IN01002,,not updated,normal return,not updated,not updated,not updated,breakdown offenses,breakdown offenses,breakdown offenses,0,0,0,0,0,0,0,0,0,0,0,0,0,0,0,0,0,0,0,0,0,0,0,17,0,0,0,0,17,16,0,0,17,17,0,0,0,0,0,0,0,0,0,0,0,0,0,0,0,0,0,0,0,0,0,0,0,0,0,0,0,0,0,0,0,0,0,0,0,0,0,0,0,0,0,0,0,0,0,0,0,0,0,0,0,0,0,0,0,0,0,0,0,0,0,0,0,0,0,0,0,0,0,0,0,0,0,0,0,0,0,0,0,0,0,0,0,0,0,0,0,0,0,0,0,0,0
Clarksville Police,1963-04-01,Indiana,9083,IN01002,,not updated,normal return,not updated,not updated,not updated,breakdown offenses,breakdown offenses,breakdown offenses,0,0,0,0,0,0,0,0,0,0,0,0,0,1,0,0,0,0,0,1,0,0,0,11,1,1,0,0,14,9,1,1,13,14,0,0,0,0,0,0,0,0,0,0,0,0,0,0,0,0,0,0,0,0,0,0,0,0,0,0,0,0,0,0,0,0,0,0,0,0,0,0,0,0,0,0,0,0,0,0,0,0,0,0,0,0,0,0,0,0,0,0,0,0,0,0,0,0,0,0,0,0,0,0,0,0,0,0,0,0,0,0,0,0,0,0,0,0,0,0,0,0,0,0,0,0,0
Clarksville Police,1963-03-01,Indiana,9083,IN01002,,not updated,normal return,not updated,not updated,not updated,breakdown offenses,breakdown offenses,breakdown offenses,0,0,0,0,0,0,0,0,0,0,0,0,0,0,0,0,0,0,0,5,0,0,0,11,1,1,0,0,17,6,0,0,17,17,0,0,0,0,0,0,0,0,0,0,0,0,0,0,0,0,0,0,0,0,0,0,0,0,0,0,0,0,0,0,0,0,0,0,0,0,0,0,0,0,0,0,0,0,0,0,0,0,0,0,0,0,0,0,0,0,0,0,0,0,0,0,0,0,0,0,0,0,0,0,0,0,0,0,0,0,0,0,0,0,0,0,0,0,0,0,0,0,0,0,0,0,0
Clarksville Police,1963-02-01,Indiana,9083,IN01002,,not updated,normal return,not updated,not updated,not updated,breakdown offenses,breakdown offenses,breakdown offenses,0,0,0,0,0,0,0,0,0,0,0,0,0,0,0,0,0,0,0,4,0,0,0,6,2,2,0,0,12,5,0,0,12,12,0,0,0,0,0,0,0,0,0,0,0,0,0,0,0,0,0,0,0,0,0,0,0,0,0,0,0,0,0,0,0,0,0,0,0,0,0,0,0,0,0,0,0,0,0,0,0,0,0,0,0,0,0,0,0,0,0,0,0,0,0,0,0,0,0,0,0,0,0,0,0,0,0,0,0,0,0,0,0,0,0,0,0,0,0,0,0,0,0,0,0,0,0
Clarksville Police,1963-01-01,Indiana,9083,IN01002,,not updated,normal return,not updated,not updated,not updated,breakdown offenses,breakdown offenses,breakdown offenses,0,0,0,0,0,0,0,0,0,0,0,0,0,0,0,0,0,0,0,1,0,0,0,16,1,1,0,0,18,7,0,0,18,18,0,0,0,0,0,0,0,0,0,0,0,0,0,0,0,0,0,0,0,0,0,0,0,0,0,0,0,0,0,0,0,0,0,0,0,0,0,0,0,0,0,0,0,0,0,0,0,0,0,0,0,0,0,0,0,0,0,0,0,0,0,0,0,0,0,0,0,0,0,0,0,0,0,0,0,0,0,0,0,0,0,0,0,0,0,0,0,0,0,0,0,0,0
Clarksville Police,1962-12-01,Indiana,8534,IN01002,,not updated,normal return,not updated,not updated,not updated,breakdown offenses,breakdown offenses,breakdown offenses,0,0,0,0,0,0,0,0,0,0,0,0,0,0,0,0,0,0,0,6,0,0,0,18,0,0,0,0,24,12,0,0,24,24,0,0,0,0,0,0,0,0,0,0,0,0,0,0,0,0,0,0,0,0,0,0,0,0,0,0,0,0,0,0,0,0,0,0,0,0,0,0,0,0,0,0,0,0,0,0,0,0,0,0,0,0,0,0,0,0,0,0,0,0,0,0,0,0,0,0,0,0,0,0,0,0,0,0,0,0,0,0,0,0,0,0,0,0,0,0,0,0,0,0,0,0,0
Clarksville Police,1962-11-01,Indiana,8534,IN01002,,not updated,normal return,not updated,not updated,not updated,breakdown offenses,breakdown offenses,breakdown offenses,0,0,0,0,0,0,0,0,0,0,0,0,0,0,0,0,0,0,0,1,0,0,0,17,1,1,0,0,19,17,0,0,19,19,0,0,0,0,0,0,0,0,0,0,0,0,0,0,0,0,0,0,0,0,0,0,0,0,0,0,0,0,0,0,0,0,0,0,0,0,0,0,0,0,0,0,0,0,0,0,0,0,0,0,0,0,0,0,0,0,0,0,0,0,0,0,0,0,0,0,0,0,0,0,0,0,0,0,0,0,0,0,0,0,0,0,0,0,0,0,0,0,0,0,0,0,0
Clarksville Police,1962-10-01,Indiana,8534,IN01002,,not updated,normal return,not updated,not updated,not updated,breakdown offenses,breakdown offenses,breakdown offenses,0,0,0,0,0,0,0,0,0,0,0,0,0,0,0,0,0,0,0,1,0,0,0,16,0,0,0,0,17,9,0,0,17,17,0,0,0,0,0,0,0,0,0,0,0,0,0,0,0,0,0,0,0,0,0,0,0,0,0,0,0,0,0,0,0,0,0,0,0,0,0,0,0,0,0,0,0,0,0,0,0,0,0,0,0,0,0,0,0,0,0,0,0,0,0,0,0,0,0,0,0,0,0,0,0,0,0,0,0,0,0,0,0,0,0,0,0,0,0,0,0,0,0,0,0,0,0
Clarksville Police,1962-09-01,Indiana,8534,IN01002,,not updated,normal return,not updated,not updated,not updated,breakdown offenses,breakdown offenses,breakdown offenses,0,0,0,0,0,0,0,0,0,0,0,0,0,0,0,0,0,0,0,6,0,0,0,8,0,0,0,0,14,4,0,0,14,14,0,0,0,0,0,0,0,0,0,0,0,0,0,0,0,0,0,0,0,0,0,0,0,0,0,0,0,0,0,0,0,0,0,0,0,0,0,0,0,0,0,0,0,0,0,0,0,0,0,0,0,0,0,0,0,0,0,0,0,0,0,0,0,0,0,0,0,0,0,0,0,0,0,0,0,0,0,0,0,0,0,0,0,0,0,0,0,0,0,0,0,0,0
Clarksville Police,1962-08-01,Indiana,8534,IN01002,,not updated,normal return,not updated,not updated,not updated,breakdown offenses,breakdown offenses,breakdown offenses,0,0,0,0,0,0,0,0,1,0,0,0,0,0,0,0,0,0,0,11,0,0,0,23,0,0,0,0,35,13,0,1,34,35,0,0,0,0,0,0,0,0,0,0,0,0,0,0,0,0,0,0,0,0,0,0,0,0,0,0,0,0,0,0,0,0,0,0,0,0,0,0,0,0,0,0,0,0,0,0,0,0,0,0,0,0,0,0,0,0,0,0,0,0,0,0,0,0,0,0,0,0,0,0,0,0,0,0,0,0,0,0,0,0,0,0,0,0,0,0,0,0,0,0,0,0,0
Clarksville Police,1962-07-01,Indiana,8534,IN01002,,not updated,normal return,not updated,not updated,not updated,breakdown offenses,breakdown offenses,breakdown offenses,0,0,0,0,0,0,0,0,0,0,0,0,0,0,0,0,0,0,0,4,0,0,0,17,0,0,0,0,21,9,0,0,21,21,0,0,0,0,0,0,0,0,0,0,0,0,0,0,0,0,0,0,0,0,0,0,0,0,0,0,0,0,0,0,0,0,0,0,0,0,0,0,0,0,0,0,0,0,0,0,0,0,0,0,0,0,0,0,0,0,0,0,0,0,0,0,0,0,0,0,0,0,0,0,0,0,0,0,0,0,0,0,0,0,0,0,0,0,0,0,0,0,0,0,0,0,0
Clarksville Police,1962-06-01,Indiana,8534,IN01002,,not updated,normal return,not updated,not updated,not updated,breakdown offenses,breakdown offenses,breakdown offenses,0,0,0,0,0,0,0,0,0,0,0,0,0,0,0,0,0,0,0,3,0,0,0,8,0,0,0,0,11,8,0,0,11,11,0,0,0,0,0,0,0,0,0,0,0,0,0,0,0,0,0,0,0,0,0,0,0,0,0,0,0,0,0,0,0,0,0,0,0,0,0,0,0,0,0,0,0,0,0,0,0,0,0,0,0,0,0,0,0,0,0,0,0,0,0,0,0,0,0,0,0,0,0,0,0,0,0,0,0,0,0,0,0,0,0,0,0,0,0,0,0,0,0,0,0,0,0
Clarksville Police,1962-05-01,Indiana,8534,IN01002,,not updated,normal return,not updated,not updated,not updated,breakdown offenses,breakdown offenses,breakdown offenses,0,0,0,0,0,0,0,0,1,0,0,0,0,0,0,0,0,0,0,7,0,0,0,3,1,1,0,0,12,3,0,1,11,12,0,0,0,0,0,0,0,0,0,0,0,0,0,0,0,0,0,0,0,0,0,0,0,0,0,0,0,0,0,0,0,0,0,0,0,0,0,0,0,0,0,0,0,0,0,0,0,0,0,0,0,0,0,0,0,0,0,0,0,0,0,0,0,0,0,0,0,0,0,0,0,0,0,0,0,0,0,0,0,0,0,0,0,0,0,0,0,0,0,0,0,0,0
Clarksville Police,1962-04-01,Indiana,8534,IN01002,,not updated,normal return,not updated,not updated,not updated,breakdown offenses,breakdown offenses,breakdown offenses,0,0,0,0,0,0,0,0,0,0,0,0,0,0,0,0,0,0,0,1,0,0,0,14,2,2,0,0,17,11,0,0,17,17,0,0,0,0,0,0,0,0,0,0,0,0,0,0,0,0,0,0,0,0,0,0,0,0,0,0,0,0,0,0,0,0,0,0,0,0,0,0,0,0,0,0,0,0,0,0,0,0,0,0,0,0,0,0,0,0,0,0,0,0,0,0,0,0,0,0,0,0,0,0,0,0,0,0,0,0,0,0,0,0,0,0,0,0,0,0,0,0,0,0,0,0,0
Clarksville Police,1962-03-01,Indiana,8534,IN01002,,not updated,normal return,not updated,not updated,not updated,breakdown offenses,breakdown offenses,breakdown offenses,0,0,0,0,0,0,0,0,1,0,0,0,0,0,0,0,0,0,0,1,0,0,0,9,1,1,0,0,12,5,0,1,11,12,0,0,0,0,0,0,0,0,0,0,0,0,0,0,0,0,0,0,0,0,0,0,0,0,0,0,0,0,0,0,0,0,0,0,0,0,0,0,0,0,0,0,0,0,0,0,0,0,0,0,0,0,0,0,0,0,0,0,0,0,0,0,0,0,0,0,0,0,0,0,0,0,0,0,0,0,0,0,0,0,0,0,0,0,0,0,0,0,0,0,0,0,0
Clarksville Police,1962-02-01,Indiana,8534,IN01002,,not updated,normal return,not updated,not updated,not updated,breakdown offenses,breakdown offenses,breakdown offenses,0,0,0,0,0,0,0,0,0,0,0,0,0,0,0,0,0,0,0,3,0,0,0,1,0,0,0,0,4,1,0,0,4,4,0,0,0,0,0,0,0,0,0,0,0,0,0,0,0,0,0,0,0,0,0,0,0,0,0,0,0,0,0,0,0,0,0,0,0,0,0,0,0,0,0,0,0,0,0,0,0,0,0,0,0,0,0,0,0,0,0,0,0,0,0,0,0,0,0,0,0,0,0,0,0,0,0,0,0,0,0,0,0,0,0,0,0,0,0,0,0,0,0,0,0,0,0
Clarksville Police,1962-01-01,Indiana,8534,IN01002,,not updated,normal return,not updated,not updated,not updated,breakdown offenses,breakdown offenses,breakdown offenses,0,0,0,0,0,0,0,0,1,0,0,0,0,0,0,0,0,0,0,2,0,0,0,10,0,0,0,0,13,9,0,1,12,13,0,0,0,0,0,0,0,0,0,0,0,0,0,0,0,0,0,0,0,0,0,0,0,0,0,0,0,0,0,0,0,0,0,0,0,0,0,0,0,0,0,0,0,0,0,0,0,0,0,0,0,0,0,0,0,0,0,0,0,0,0,0,0,0,0,0,0,0,0,0,0,0,0,0,0,0,0,0,0,0,0,0,0,0,0,0,0,0,0,0,0,0,0
Clarksville Police,1961-12-01,Indiana,8088,IN01002,,not updated,normal return,not updated,not updated,not updated,breakdown offenses,breakdown offenses,breakdown offenses,0,0,0,0,0,0,0,0,0,0,0,0,0,0,0,0,0,0,0,3,0,0,0,1,0,0,0,0,4,1,0,0,4,4,0,0,0,0,0,0,0,0,0,0,0,0,0,0,0,0,0,0,0,0,0,0,0,0,0,0,0,0,0,0,0,0,0,0,0,0,0,0,0,0,0,0,0,0,0,0,0,0,0,0,0,0,0,0,0,0,0,0,0,0,0,0,0,0,0,0,0,0,0,0,0,0,0,0,0,0,0,0,0,0,0,0,0,0,0,0,0,0,0,0,0,0,0
Clarksville Police,1961-11-01,Indiana,8088,IN01002,,not updated,normal return,not updated,not updated,not updated,breakdown offenses,breakdown offenses,breakdown offenses,0,0,0,0,0,0,0,0,0,0,0,0,0,0,0,0,0,0,0,7,0,0,0,11,0,0,0,0,18,10,0,0,18,18,0,0,0,0,0,0,0,0,0,0,0,0,0,0,0,0,0,0,0,0,0,0,0,0,0,0,0,0,0,0,0,0,0,0,0,0,0,0,0,0,0,0,0,0,0,0,0,0,0,0,0,0,0,0,0,0,0,0,0,0,0,0,0,0,0,0,0,0,0,0,0,0,0,0,0,0,0,0,0,0,0,0,0,0,0,0,0,0,0,0,0,0,0
Clarksville Police,1961-10-01,Indiana,8088,IN01002,,not updated,normal return,not updated,not updated,not updated,breakdown offenses,breakdown offenses,breakdown offenses,0,0,0,0,0,0,0,0,0,0,0,0,0,0,0,0,0,0,0,2,0,0,0,9,0,0,0,0,11,8,0,0,11,11,0,0,0,0,0,0,0,0,0,0,0,0,0,0,0,0,0,0,0,0,0,0,0,0,0,0,0,0,0,0,0,0,0,0,0,0,0,0,0,0,0,0,0,0,0,0,0,0,0,0,0,0,0,0,0,0,0,0,0,0,0,0,0,0,0,0,0,0,0,0,0,0,0,0,0,0,0,0,0,0,0,0,0,0,0,0,0,0,0,0,0,0,0
Clarksville Police,1961-09-01,Indiana,8088,IN01002,,not updated,normal return,not updated,not updated,not updated,breakdown offenses,breakdown offenses,breakdown offenses,0,0,0,0,0,3,0,0,0,0,0,0,0,0,0,0,0,0,0,3,0,0,0,12,0,0,0,0,18,10,0,3,15,18,0,0,0,0,0,0,0,0,0,0,0,0,0,0,0,0,0,0,0,0,0,0,0,0,0,0,0,0,0,0,0,0,0,0,0,0,0,0,0,0,0,0,0,0,0,0,0,0,0,0,0,0,0,0,0,0,0,0,0,0,0,0,0,0,0,0,0,0,0,0,0,0,0,0,0,0,0,0,0,0,0,0,0,0,0,0,0,0,0,0,0,0,0
Clarksville Police,1961-08-01,Indiana,8088,IN01002,,not updated,normal return,not updated,not updated,not updated,breakdown offenses,breakdown offenses,breakdown offenses,0,0,0,0,0,0,0,0,0,0,0,0,0,0,0,0,0,0,0,5,0,0,0,23,0,0,0,0,28,21,0,0,28,28,0,0,0,0,0,0,0,0,0,0,0,0,0,0,0,0,0,0,0,0,0,0,0,0,0,0,0,0,0,0,0,0,0,0,0,0,0,0,0,0,0,0,0,0,0,0,0,0,0,0,0,0,0,0,0,0,0,0,0,0,0,0,0,0,0,0,0,0,0,0,0,0,0,0,0,0,0,0,0,0,0,0,0,0,0,0,0,0,0,0,0,0,0
Clarksville Police,1961-07-01,Indiana,8088,IN01002,,not updated,normal return,not updated,not updated,not updated,breakdown offenses,breakdown offenses,breakdown offenses,0,0,0,0,0,1,0,0,0,0,0,0,0,0,0,0,0,0,0,2,0,0,0,16,0,0,0,0,19,14,0,1,18,19,0,0,0,0,0,0,0,0,0,0,0,0,0,0,0,0,0,0,0,0,0,0,0,0,0,0,0,0,0,0,0,0,0,0,0,0,0,0,0,0,0,0,0,0,0,0,0,0,0,0,0,0,0,0,0,0,0,0,0,0,0,0,0,0,0,0,0,0,0,0,0,0,0,0,0,0,0,0,0,0,0,0,0,0,0,0,0,0,0,0,0,0,0
Clarksville Police,1961-06-01,Indiana,8088,IN01002,,not updated,normal return,not updated,not updated,not updated,breakdown offenses,breakdown offenses,breakdown offenses,0,0,0,0,0,0,0,0,0,0,0,0,0,0,0,0,0,0,0,2,0,0,0,16,0,0,0,0,18,14,0,0,18,18,0,0,0,0,0,0,0,0,0,0,0,0,0,0,0,0,0,0,0,0,0,0,0,0,0,0,0,0,0,0,0,0,0,0,0,0,0,0,0,0,0,0,0,0,0,0,0,0,0,0,0,0,0,0,0,0,0,0,0,0,0,0,0,0,0,0,0,0,0,0,0,0,0,0,0,0,0,0,0,0,0,0,0,0,0,0,0,0,0,0,0,0,0
Clarksville Police,1961-05-01,Indiana,8088,IN01002,,not updated,normal return,not updated,not updated,not updated,breakdown offenses,breakdown offenses,breakdown offenses,0,0,0,0,0,0,0,0,1,0,0,0,0,0,0,0,0,0,0,2,0,0,0,7,0,0,0,0,10,5,0,1,9,10,0,0,0,0,0,0,0,0,0,0,0,0,0,0,0,0,0,0,0,0,0,0,0,0,0,0,0,0,0,0,0,0,0,0,0,0,0,0,0,0,0,0,0,0,0,0,0,0,0,0,0,0,0,0,0,0,0,0,0,0,0,0,0,0,0,0,0,0,0,0,0,0,0,0,0,0,0,0,0,0,0,0,0,0,0,0,0,0,0,0,0,0,0
Clarksville Police,1961-04-01,Indiana,8088,IN01002,,not updated,normal return,not updated,not updated,not updated,breakdown offenses,breakdown offenses,breakdown offenses,0,0,0,0,0,0,0,0,0,0,0,0,0,0,0,0,0,0,0,2,0,0,0,4,0,0,0,0,6,3,0,0,6,6,0,0,0,0,0,0,0,0,0,0,0,0,0,0,0,0,0,0,0,0,0,0,0,0,0,0,0,0,0,0,0,0,0,0,0,0,0,0,0,0,0,0,0,0,0,0,0,0,0,0,0,0,0,0,0,0,0,0,0,0,0,0,0,0,0,0,0,0,0,0,0,0,0,0,0,0,0,0,0,0,0,0,0,0,0,0,0,0,0,0,0,0,0
Clarksville Police,1961-03-01,Indiana,8088,IN01002,,not updated,normal return,not updated,not updated,not updated,breakdown offenses,breakdown offenses,breakdown offenses,0,0,0,0,0,0,0,0,0,0,0,0,0,0,0,0,0,0,0,3,0,0,0,9,0,0,0,0,12,9,0,0,12,12,0,0,0,0,0,0,0,0,0,0,0,0,0,0,0,0,0,0,0,0,0,0,0,0,0,0,0,0,0,0,0,0,0,0,0,0,0,0,0,0,0,0,0,0,0,0,0,0,0,0,0,0,0,0,0,0,0,0,0,0,0,0,0,0,0,0,0,0,0,0,0,0,0,0,0,0,0,0,0,0,0,0,0,0,0,0,0,0,0,0,0,0,0
Clarksville Police,1961-02-01,Indiana,8088,IN01002,,not updated,normal return,not updated,not updated,not updated,breakdown offenses,breakdown offenses,breakdown offenses,0,0,0,0,0,0,0,0,0,0,0,0,0,0,0,0,0,0,0,1,0,0,0,8,0,0,0,0,9,8,0,0,9,9,0,0,0,0,0,0,0,0,0,0,0,0,0,0,0,0,0,0,0,0,0,0,0,0,0,0,0,0,0,0,0,0,0,0,0,0,0,0,0,0,0,0,0,0,0,0,0,0,0,0,0,0,0,0,0,0,0,0,0,0,0,0,0,0,0,0,0,0,0,0,0,0,0,0,0,0,0,0,0,0,0,0,0,0,0,0,0,0,0,0,0,0,0
Clarksville Police,1961-01-01,Indiana,8088,IN01002,,not updated,normal return,not updated,not updated,not updated,breakdown offenses,breakdown offenses,breakdown offenses,0,0,0,0,0,0,0,0,0,0,0,0,0,0,0,0,0,0,0,3,0,0,0,5,0,0,0,0,8,5,0,0,8,8,0,0,0,0,0,0,0,0,0,0,0,0,0,0,0,0,0,0,0,0,0,0,0,0,0,0,0,0,0,0,0,0,0,0,0,0,0,0,0,0,0,0,0,0,0,0,0,0,0,0,0,0,0,0,0,0,0,0,0,0,0,0,0,0,0,0,0,0,0,0,0,0,0,0,0,0,0,0,0,0,0,0,0,0,0,0,0,0,0,0,0,0,0
Clarksville Police,1960-12-01,Indiana,8088,IN01002,,not updated,normal return,not updated,not updated,not updated,breakdown offenses,breakdown offenses,breakdown offenses,0,0,0,0,0,0,0,0,0,0,0,0,0,0,0,0,0,0,0,3,0,0,0,7,0,0,0,0,10,7,0,0,10,10,0,0,0,0,0,0,0,0,0,0,0,0,0,0,0,0,0,0,0,0,0,0,0,0,0,0,0,0,0,0,0,0,0,0,0,0,0,0,0,0,0,0,0,0,0,0,0,0,0,0,0,0,0,0,0,0,0,0,0,0,0,0,0,0,0,0,0,0,0,0,0,0,0,0,0,0,0,0,0,0,0,0,0,0,0,0,0,0,0,0,0,0,0
Clarksville Police,1960-11-01,Indiana,8088,IN01002,,not updated,normal return,not updated,not updated,not updated,breakdown offenses,breakdown offenses,breakdown offenses,0,0,0,0,0,0,0,0,0,0,0,0,0,0,0,0,0,0,0,2,0,0,0,11,0,0,0,0,13,11,0,0,13,13,0,0,0,0,0,0,0,0,0,0,0,0,0,0,0,0,0,0,0,0,0,0,0,0,0,0,0,0,0,0,0,0,0,0,0,0,0,0,0,0,0,0,0,0,0,0,0,0,0,0,0,0,0,0,0,0,0,0,0,0,0,0,0,0,0,0,0,0,0,0,0,0,0,0,0,0,0,0,0,0,0,0,0,0,0,0,0,0,0,0,0,0,0
Clarksville Police,1960-10-01,Indiana,8088,IN01002,,not updated,normal return,not updated,not updated,not updated,breakdown offenses,breakdown offenses,breakdown offenses,0,0,0,0,0,0,0,0,0,0,0,0,0,0,0,0,0,0,0,3,0,0,0,12,1,1,0,0,16,12,0,0,16,16,0,0,0,0,0,0,0,0,0,0,0,0,0,0,0,0,0,0,0,0,0,0,0,0,0,0,0,0,0,0,0,0,0,0,0,0,0,0,0,0,0,0,0,0,0,0,0,0,0,0,0,0,0,0,0,0,0,0,0,0,0,0,0,0,0,0,0,0,0,0,0,0,0,0,0,0,0,0,0,0,0,0,0,0,0,0,0,0,0,0,0,0,0
Clarksville Police,1960-09-01,Indiana,8088,IN01002,,not updated,normal return,not updated,not updated,not updated,breakdown offenses,breakdown offenses,breakdown offenses,0,0,0,0,0,0,0,0,0,0,0,0,0,0,0,0,0,0,0,3,0,0,0,8,1,1,0,0,12,8,0,0,12,12,0,0,0,0,0,0,0,0,0,0,0,0,0,0,0,0,0,0,0,0,0,0,0,0,0,0,0,0,0,0,0,0,0,0,0,0,0,0,0,0,0,0,0,0,0,0,0,0,0,0,0,0,0,0,0,0,0,0,0,0,0,0,0,0,0,0,0,0,0,0,0,0,0,0,0,0,0,0,0,0,0,0,0,0,0,0,0,0,0,0,0,0,0
Clarksville Police,1960-08-01,Indiana,8088,IN01002,,not updated,normal return,not updated,not updated,not updated,breakdown offenses,breakdown offenses,breakdown offenses,0,0,0,0,0,0,0,0,1,0,0,0,0,0,0,0,0,0,0,2,0,0,0,17,0,0,0,0,20,14,0,1,19,20,0,0,0,0,0,0,0,0,0,0,0,0,0,0,0,0,0,0,0,0,0,0,0,0,0,0,0,0,0,0,0,0,0,0,0,0,0,0,0,0,0,0,0,0,0,0,0,0,0,0,0,0,0,0,0,0,0,0,0,0,0,0,0,0,0,0,0,0,0,0,0,0,0,0,0,0,0,0,0,0,0,0,0,0,0,0,0,0,0,0,0,0,0
Clarksville Police,1960-07-01,Indiana,8088,IN01002,,not updated,normal return,not updated,not updated,not updated,breakdown offenses,breakdown offenses,breakdown offenses,0,0,0,0,0,0,0,0,0,0,0,0,0,0,0,0,0,0,0,3,0,0,0,12,0,0,0,0,15,10,0,0,15,15,0,0,0,0,0,0,0,0,0,0,0,0,0,0,0,0,0,0,0,0,0,0,0,0,0,0,0,0,0,0,0,0,0,0,0,0,0,0,0,0,0,0,0,0,0,0,0,0,0,0,0,0,0,0,0,0,0,0,0,0,0,0,0,0,0,0,0,0,0,0,0,0,0,0,0,0,0,0,0,0,0,0,0,0,0,0,0,0,0,0,0,0,0
Clarksville Police,1960-06-01,Indiana,8088,IN01002,,not updated,normal return,not updated,not updated,not updated,breakdown offenses,breakdown offenses,breakdown offenses,0,0,0,0,0,0,0,0,0,0,0,0,0,0,0,0,0,0,0,1,0,0,0,14,0,0,0,0,15,12,0,0,15,15,0,0,0,0,0,0,0,0,0,0,0,0,0,0,0,0,0,0,0,0,0,0,0,0,0,0,0,0,0,0,0,0,0,0,0,0,0,0,0,0,0,0,0,0,0,0,0,0,0,0,0,0,0,0,0,0,0,0,0,0,0,0,0,0,0,0,0,0,0,0,0,0,0,0,0,0,0,0,0,0,0,0,0,0,0,0,0,0,0,0,0,0,0
Clarksville Police,1960-05-01,Indiana,8088,IN01002,,not updated,normal return,not updated,not updated,not updated,breakdown offenses,breakdown offenses,breakdown offenses,0,0,0,0,0,0,0,0,0,0,0,0,0,0,0,0,0,0,0,2,0,0,0,7,1,1,0,0,10,7,0,0,10,10,0,0,0,0,0,0,0,0,0,0,0,0,0,0,0,0,0,0,0,0,0,0,0,0,0,0,0,0,0,0,0,0,0,0,0,0,0,0,0,0,0,0,0,0,0,0,0,0,0,0,0,0,0,0,0,0,0,0,0,0,0,0,0,0,0,0,0,0,0,0,0,0,0,0,0,0,0,0,0,0,0,0,0,0,0,0,0,0,0,0,0,0,0
Clarksville Police,1960-04-01,Indiana,8088,IN01002,,not updated,normal return,not updated,not updated,not updated,breakdown offenses,breakdown offenses,breakdown offenses,0,0,0,0,0,0,0,0,0,0,0,0,0,0,0,0,0,0,0,4,0,0,0,10,1,1,0,0,15,10,0,0,15,15,0,0,0,0,0,0,0,0,0,0,0,0,0,0,0,0,0,0,0,0,0,0,0,0,0,0,0,0,0,0,0,0,0,0,0,0,0,0,0,0,0,0,0,0,0,0,0,0,0,0,0,0,0,0,0,0,0,0,0,0,0,0,0,0,0,0,0,0,0,0,0,0,0,0,0,0,0,0,0,0,0,0,0,0,0,0,0,0,0,0,0,0,0
Clarksville Police,1960-03-01,Indiana,8088,IN01002,,not updated,normal return,not updated,not updated,not updated,breakdown offenses,breakdown offenses,breakdown offenses,0,0,0,0,0,0,0,0,0,0,0,0,0,0,0,0,0,0,0,2,0,0,0,4,1,1,0,0,7,4,0,0,7,7,0,0,0,0,0,0,0,0,0,0,0,0,0,0,0,0,0,0,0,0,0,0,0,0,0,0,0,0,0,0,0,0,0,0,0,0,0,0,0,0,0,0,0,0,0,0,0,0,0,0,0,0,0,0,0,0,0,0,0,0,0,0,0,0,0,0,0,0,0,0,0,0,0,0,0,0,0,0,0,0,0,0,0,0,0,0,0,0,0,0,0,0,0
Clarksville Police,1960-02-01,Indiana,8088,IN01002,,not updated,normal return,not updated,not updated,not updated,breakdown offenses,breakdown offenses,breakdown offenses,0,0,0,0,0,0,0,0,0,0,0,0,0,0,0,0,0,0,0,0,0,0,0,3,0,0,0,0,3,2,0,0,3,3,0,0,0,0,0,0,0,0,0,0,0,0,0,0,0,0,0,0,0,0,0,0,0,0,0,0,0,0,0,0,0,0,0,0,0,0,0,0,0,0,0,0,0,0,0,0,0,0,0,0,0,0,0,0,0,0,0,0,0,0,0,0,0,0,0,0,0,0,0,0,0,0,0,0,0,0,0,0,0,0,0,0,0,0,0,0,0,0,0,0,0,0,0
Clarksville Police,1960-01-01,Indiana,8088,IN01002,,not updated,normal return,not updated,not updated,not updated,breakdown offenses,breakdown offenses,breakdown offenses,0,0,0,0,0,0,0,0,0,0,0,0,0,0,0,0,0,0,0,3,0,0,0,8,0,0,0,0,11,6,0,0,11,11,0,0,0,0,0,0,0,0,0,0,0,0,0,0,0,0,0,0,0,0,0,0,0,0,0,0,0,0,0,0,0,0,0,0,0,0,0,0,0,0,0,0,0,0,0,0,0,0,0,0,0,0,0,0,0,0,0,0,0,0,0,0,0,0,0,0,0,0,0,0,0,0,0,0,0,0,0,0,0,0,0,0,0,0,0,0,0,0,0,0,0,0,0
