agency,year,state,population,ORI,card_unfounded_pt,card_unfounded_type,card_actual_type,card_total_cleared_type,card_cleared_18_type,card_officers_type,card_actual_pt,card_total_cleared_pt,card_cleared_18_pt,officers_killed_by_felony,officers_killed_by_accident,officers_assaulted,actual_murder,actual_manslaughter,actual_rape_total,actual_rape_by_force,actual_rape_attempted,actual_robbery_total,actual_robbery_with_a_gun,actual_robbery_with_a_knife,actual_robbery_other_weapon,actual_robbery_unarmed,actual_assault_total,actual_assault_with_a_gun,actual_assault_with_a_knife,actual_assault_other_weapon,actual_assault_unarmed,actual_assault_simple,actual_burglary_total,actual_burglary_force_entry,actual_burglary_nonforce_entry,actual_burglary_attempted,actual_theft_total,actual_motor_vehicle_theft_total,actual_motor_vehicle_theft_car,actual_motor_vehicle_theft_truck,actual_motor_vehicle_theft_other,actual_all_crimes,actual_theft_under50_dollar,actual_assault_aggravated,actual_index_violent,actual_index_property,actual_index_total,total_cleared_murder,total_cleared_manslaughter,total_cleared_rape_total,total_cleared_rape_by_force,total_cleared_rape_attempted,total_cleared_robbery_total,total_cleared_robbery_with_a_gun,total_cleared_robbery_with_a_knife,total_cleared_robbery_other_weapon,total_cleared_robbery_unarmed,total_cleared_assault_total,total_cleared_assault_with_a_gun,total_cleared_assault_with_a_knife,total_cleared_assault_other_weapon,total_cleared_assault_unarmed,total_cleared_assault_simple,total_cleared_burglary_total,total_cleared_burglary_force_entry,total_cleared_burglary_nonforce_entry,total_cleared_burglary_attempted,total_cleared_theft_total,total_cleared_motor_vehicle_theft_total,total_cleared_motor_vehicle_theft_car,total_cleared_motor_vehicle_theft_truck,total_cleared_motor_vehicle_theft_other,total_cleared_all_crimes,total_cleared_theft_under50_dollar,total_cleared_assault_aggravated,total_cleared_index_violent,total_cleared_index_property,total_cleared_index_total,cleared_18_murder,cleared_18_manslaughter,cleared_18_rape_total,cleared_18_rape_by_force,cleared_18_rape_attempted,cleared_18_robbery_total,cleared_18_robbery_with_a_gun,cleared_18_robbery_with_a_knife,cleared_18_robbery_other_weapon,cleared_18_robbery_unarmed,cleared_18_assault_total,cleared_18_assault_with_a_gun,cleared_18_assault_with_a_knife,cleared_18_assault_other_weapon,cleared_18_assault_unarmed,cleared_18_assault_simple,cleared_18_burglary_total,cleared_18_burglary_force_entry,cleared_18_burglary_nonforce_entry,cleared_18_burglary_attempted,cleared_18_theft_total,cleared_18_motor_vehicle_theft_total,cleared_18_motor_vehicle_theft_car,cleared_18_motor_vehicle_theft_truck,cleared_18_motor_vehicle_theft_other,cleared_18_all_crimes,cleared_18_theft_under50_dollar,cleared_18_assault_aggravated,cleared_18_index_violent,cleared_18_index_property,cleared_18_index_total,unfounded_murder,unfounded_manslaughter,unfounded_rape_total,unfounded_rape_by_force,unfounded_rape_attempted,unfounded_robbery_total,unfounded_robbery_with_a_gun,unfounded_robbery_with_a_knife,unfounded_robbery_other_weapon,unfounded_robbery_unarmed,unfounded_assault_total,unfounded_assault_with_a_gun,unfounded_assault_with_a_knife,unfounded_assault_other_weapon,unfounded_assault_unarmed,unfounded_assault_simple,unfounded_burglary_total,unfounded_burglary_force_entry,unfounded_burglary_nonforce_entry,unfounded_burglary_attempted,unfounded_theft_total,unfounded_motor_vehicle_theft_total,unfounded_motor_vehicle_theft_car,unfounded_motor_vehicle_theft_truck,unfounded_motor_vehicle_theft_other,unfounded_all_crimes,unfounded_theft_under50_dollar,unfounded_assault_aggravated,unfounded_index_violent,unfounded_index_property,unfounded_index_total
Manhattan Police,1960-01-01,Kansas,22993,KS08101,,not updated,normal return,not updated,not updated,not updated,breakdown offenses,breakdown offenses,breakdown offenses,0,0,0,0,0,0,0,0,0,0,0,0,0,1,0,0,0,0,0,4,0,0,0,25,1,1,0,0,31,24,1,1,30,31,0,0,0,0,0,0,0,0,0,0,0,0,0,0,0,0,0,0,0,0,0,0,0,0,0,0,0,0,0,0,0,0,0,0,0,0,0,0,0,0,0,0,0,0,0,0,0,0,0,0,0,0,0,0,0,0,0,0,0,0,0,0,0,0,0,0,0,0,0,0,0,0,0,0,0,0,0,0,0,0,0,0,0,0,0,0,0,0,0,0,0,0,0
Manhattan Police,1960-02-01,Kansas,22993,KS08101,,not updated,normal return,not updated,not updated,not updated,breakdown offenses,breakdown offenses,breakdown offenses,0,0,0,0,0,0,0,0,0,0,0,0,0,0,0,0,0,0,0,7,0,0,0,25,0,0,0,0,32,20,0,0,32,32,0,0,0,0,0,0,0,0,0,0,0,0,0,0,0,0,0,0,0,0,0,0,0,0,0,0,0,0,0,0,0,0,0,0,0,0,0,0,0,0,0,0,0,0,0,0,0,0,0,0,0,0,0,0,0,0,0,0,0,0,0,0,0,0,0,0,0,0,0,0,0,0,0,0,0,0,0,0,0,0,0,0,0,0,0,0,0,0,0,0,0,0,0
Manhattan Police,1960-03-01,Kansas,22993,KS08101,,not updated,normal return,not updated,not updated,not updated,breakdown offenses,breakdown offenses,breakdown offenses,0,0,0,0,0,0,0,0,0,0,0,0,0,1,0,0,0,0,0,12,0,0,0,33,0,0,0,0,46,31,1,1,45,46,0,0,0,0,0,0,0,0,0,0,0,0,0,0,0,0,0,0,0,0,0,0,0,0,0,0,0,0,0,0,0,0,0,0,0,0,0,0,0,0,0,0,0,0,0,0,0,0,0,0,0,0,0,0,0,0,0,0,0,0,0,0,0,0,0,0,0,0,0,0,0,0,0,0,0,0,0,0,0,0,0,0,0,0,0,0,0,0,0,0,0,0,0
Manhattan Police,1960-04-01,Kansas,22993,KS08101,,not updated,normal return,not updated,not updated,not updated,breakdown offenses,breakdown offenses,breakdown offenses,0,0,0,0,1,0,0,0,0,0,0,0,0,0,0,0,0,0,0,4,0,0,0,59,4,4,0,0,68,53,0,1,67,68,0,0,0,0,0,0,0,0,0,0,0,0,0,0,0,0,0,0,0,0,0,0,0,0,0,0,0,0,0,0,0,0,0,0,0,0,0,0,0,0,0,0,0,0,0,0,0,0,0,0,0,0,0,0,0,0,0,0,0,0,0,0,0,0,0,0,0,0,0,0,0,0,0,0,0,0,0,0,0,0,0,0,0,0,0,0,0,0,0,0,0,0,0
Manhattan Police,1960-05-01,Kansas,22993,KS08101,,not updated,normal return,not updated,not updated,not updated,breakdown offenses,breakdown offenses,breakdown offenses,0,0,0,0,0,0,0,0,3,0,0,0,0,1,0,0,0,0,0,5,0,0,0,48,1,1,0,0,58,45,1,4,54,58,0,0,0,0,0,0,0,0,0,0,0,0,0,0,0,0,0,0,0,0,0,0,0,0,0,0,0,0,0,0,0,0,0,0,0,0,0,0,0,0,0,0,0,0,0,0,0,0,0,0,0,0,0,0,0,0,0,0,0,0,0,0,0,0,0,0,0,0,0,0,0,0,0,0,0,0,0,0,0,0,0,0,0,0,0,0,0,0,0,0,0,0,0
Manhattan Police,1960-06-01,Kansas,22993,KS08101,,not updated,normal return,not updated,not updated,not updated,breakdown offenses,breakdown offenses,breakdown offenses,0,0,0,0,0,0,0,0,0,0,0,0,0,1,0,0,0,0,0,8,0,0,0,48,1,1,0,0,58,43,1,1,57,58,0,0,0,0,0,0,0,0,0,0,0,0,0,0,0,0,0,0,0,0,0,0,0,0,0,0,0,0,0,0,0,0,0,0,0,0,0,0,0,0,0,0,0,0,0,0,0,0,0,0,0,0,0,0,0,0,0,0,0,0,0,0,0,0,0,0,0,0,0,0,0,0,0,0,0,0,0,0,0,0,0,0,0,0,0,0,0,0,0,0,0,0,0
Manhattan Police,1960-07-01,Kansas,22993,KS08101,,not updated,normal return,not updated,not updated,not updated,breakdown offenses,breakdown offenses,breakdown offenses,0,0,0,0,0,1,0,0,1,0,0,0,0,0,0,0,0,0,0,12,0,0,0,50,5,5,0,0,69,50,0,2,67,69,0,0,0,0,0,0,0,0,0,0,0,0,0,0,0,0,0,0,0,0,0,0,0,0,0,0,0,0,0,0,0,0,0,0,0,0,0,0,0,0,0,0,0,0,0,0,0,0,0,0,0,0,0,0,0,0,0,0,0,0,0,0,0,0,0,0,0,0,0,0,0,0,0,0,0,0,0,0,0,0,0,0,0,0,0,0,0,0,0,0,0,0,0
Manhattan Police,1960-08-01,Kansas,22993,KS08101,,not updated,normal return,not updated,not updated,not updated,breakdown offenses,breakdown offenses,breakdown offenses,0,0,0,0,0,0,0,0,0,0,0,0,0,0,0,0,0,0,0,11,0,0,0,39,5,5,0,0,55,32,0,0,55,55,0,0,0,0,0,0,0,0,0,0,0,0,0,0,0,0,0,0,0,0,0,0,0,0,0,0,0,0,0,0,0,0,0,0,0,0,0,0,0,0,0,0,0,0,0,0,0,0,0,0,0,0,0,0,0,0,0,0,0,0,0,0,0,0,0,0,0,0,0,0,0,0,0,0,0,0,0,0,0,0,0,0,0,0,0,0,0,0,0,0,0,0,0
Manhattan Police,1960-09-01,Kansas,22993,KS08101,,not updated,normal return,not updated,not updated,not updated,breakdown offenses,breakdown offenses,breakdown offenses,0,0,0,0,0,0,0,0,1,0,0,0,0,0,0,0,0,0,0,8,0,0,0,28,2,2,0,0,39,25,0,1,38,39,0,0,0,0,0,0,0,0,0,0,0,0,0,0,0,0,0,0,0,0,0,0,0,0,0,0,0,0,0,0,0,0,0,0,0,0,0,0,0,0,0,0,0,0,0,0,0,0,0,0,0,0,0,0,0,0,0,0,0,0,0,0,0,0,0,0,0,0,0,0,0,0,0,0,0,0,0,0,0,0,0,0,0,0,0,0,0,0,0,0,0,0,0
Manhattan Police,1960-10-01,Kansas,22993,KS08101,,not updated,normal return,not updated,not updated,not updated,breakdown offenses,breakdown offenses,breakdown offenses,0,0,0,0,0,0,0,0,2,0,0,0,0,0,0,0,0,0,0,11,0,0,0,58,6,6,0,0,77,52,0,2,75,77,0,0,0,0,0,0,0,0,0,0,0,0,0,0,0,0,0,0,0,0,0,0,0,0,0,0,0,0,0,0,0,0,0,0,0,0,0,0,0,0,0,0,0,0,0,0,0,0,0,0,0,0,0,0,0,0,0,0,0,0,0,0,0,0,0,0,0,0,0,0,0,0,0,0,0,0,0,0,0,0,0,0,0,0,0,0,0,0,0,0,0,0,0
Manhattan Police,1960-11-01,Kansas,22993,KS08101,,not updated,normal return,not updated,not updated,not updated,breakdown offenses,breakdown offenses,breakdown offenses,0,0,0,0,0,0,0,0,1,0,0,0,0,0,0,0,0,0,0,9,0,0,0,50,11,11,0,0,71,44,0,1,70,71,0,0,0,0,0,0,0,0,0,0,0,0,0,0,0,0,0,0,0,0,0,0,0,0,0,0,0,0,0,0,0,0,0,0,0,0,0,0,0,0,0,0,0,0,0,0,0,0,0,0,0,0,0,0,0,0,0,0,0,0,0,0,0,0,0,0,0,0,0,0,0,0,0,0,0,0,0,0,0,0,0,0,0,0,0,0,0,0,0,0,0,0,0
Manhattan Police,1960-12-01,Kansas,22993,KS08101,,not updated,normal return,not updated,not updated,not updated,breakdown offenses,breakdown offenses,breakdown offenses,0,0,0,0,0,0,0,0,1,0,0,0,0,0,0,0,0,0,0,6,0,0,0,41,5,5,0,0,53,37,0,1,52,53,0,0,0,0,0,0,0,0,0,0,0,0,0,0,0,0,0,0,0,0,0,0,0,0,0,0,0,0,0,0,0,0,0,0,0,0,0,0,0,0,0,0,0,0,0,0,0,0,0,0,0,0,0,0,0,0,0,0,0,0,0,0,0,0,0,0,0,0,0,0,0,0,0,0,0,0,0,0,0,0,0,0,0,0,0,0,0,0,0,0,0,0,0
Manhattan Police,1961-01-01,Kansas,22993,KS08101,,not updated,normal return,not updated,not updated,not updated,breakdown offenses,breakdown offenses,breakdown offenses,0,0,0,0,0,0,0,0,0,0,0,0,0,0,0,0,0,0,0,13,0,0,0,30,4,4,0,0,47,24,0,0,47,47,0,0,0,0,0,0,0,0,0,0,0,0,0,0,0,0,0,0,0,0,0,0,0,0,0,0,0,0,0,0,0,0,0,0,0,0,0,0,0,0,0,0,0,0,0,0,0,0,0,0,0,0,0,0,0,0,0,0,0,0,0,0,0,0,0,0,0,0,0,0,0,0,0,0,0,0,0,0,0,0,0,0,0,0,0,0,0,0,0,0,0,0,0
Manhattan Police,1961-02-01,Kansas,22993,KS08101,,not updated,normal return,not updated,not updated,not updated,breakdown offenses,breakdown offenses,breakdown offenses,0,0,0,0,0,0,0,0,0,0,0,0,0,0,0,0,0,0,0,6,0,0,0,65,2,2,0,0,73,58,0,0,73,73,0,0,0,0,0,0,0,0,0,0,0,0,0,0,0,0,0,0,0,0,0,0,0,0,0,0,0,0,0,0,0,0,0,0,0,0,0,0,0,0,0,0,0,0,0,0,0,0,0,0,0,0,0,0,0,0,0,0,0,0,0,0,0,0,0,0,0,0,0,0,0,0,0,0,0,0,0,0,0,0,0,0,0,0,0,0,0,0,0,0,0,0,0
Manhattan Police,1961-03-01,Kansas,22993,KS08101,,not updated,normal return,not updated,not updated,not updated,breakdown offenses,breakdown offenses,breakdown offenses,0,0,0,0,0,0,0,0,0,0,0,0,0,0,0,0,0,0,0,8,0,0,0,50,5,5,0,0,63,33,0,0,63,63,0,0,0,0,0,0,0,0,0,0,0,0,0,0,0,0,0,0,0,0,0,0,0,0,0,0,0,0,0,0,0,0,0,0,0,0,0,0,0,0,0,0,0,0,0,0,0,0,0,0,0,0,0,0,0,0,0,0,0,0,0,0,0,0,0,0,0,0,0,0,0,0,0,0,0,0,0,0,0,0,0,0,0,0,0,0,0,0,0,0,0,0,0
Manhattan Police,1961-04-01,Kansas,22993,KS08101,,not updated,normal return,not updated,not updated,not updated,breakdown offenses,breakdown offenses,breakdown offenses,0,0,0,0,0,0,0,0,0,0,0,0,0,0,0,0,0,0,0,5,0,0,0,36,5,5,0,0,46,36,0,0,46,46,0,0,0,0,0,0,0,0,0,0,0,0,0,0,0,0,0,0,0,0,0,0,0,0,0,0,0,0,0,0,0,0,0,0,0,0,0,0,0,0,0,0,0,0,0,0,0,0,0,0,0,0,0,0,0,0,0,0,0,0,0,0,0,0,0,0,0,0,0,0,0,0,0,0,0,0,0,0,0,0,0,0,0,0,0,0,0,0,0,0,0,0,0
Manhattan Police,1961-05-01,Kansas,22993,KS08101,,not updated,normal return,not updated,not updated,not updated,breakdown offenses,breakdown offenses,breakdown offenses,0,0,0,0,0,0,0,0,1,0,0,0,0,0,0,0,0,0,0,1,0,0,0,60,3,3,0,0,65,53,0,1,64,65,0,0,0,0,0,0,0,0,0,0,0,0,0,0,0,0,0,0,0,0,0,0,0,0,0,0,0,0,0,0,0,0,0,0,0,0,0,0,0,0,0,0,0,0,0,0,0,0,0,0,0,0,0,0,0,0,0,0,0,0,0,0,0,0,0,0,0,0,0,0,0,0,0,0,0,0,0,0,0,0,0,0,0,0,0,0,0,0,0,0,0,0,0
Manhattan Police,1961-06-01,Kansas,22993,KS08101,,not updated,normal return,not updated,not updated,not updated,breakdown offenses,breakdown offenses,breakdown offenses,0,0,0,0,0,0,0,0,2,0,0,0,0,0,0,0,0,0,0,9,0,0,0,46,4,4,0,0,61,42,0,2,59,61,0,0,0,0,0,0,0,0,0,0,0,0,0,0,0,0,0,0,0,0,0,0,0,0,0,0,0,0,0,0,0,0,0,0,0,0,0,0,0,0,0,0,0,0,0,0,0,0,0,0,0,0,0,0,0,0,0,0,0,0,0,0,0,0,0,0,0,0,0,0,0,0,0,0,0,0,0,0,0,0,0,0,0,0,0,0,0,0,0,0,0,0,0
Manhattan Police,1961-07-01,Kansas,22993,KS08101,,not updated,normal return,not updated,not updated,not updated,breakdown offenses,breakdown offenses,breakdown offenses,0,0,0,0,0,0,0,0,1,0,0,0,0,1,0,0,0,0,0,7,0,0,0,44,4,4,0,0,57,38,1,2,55,57,0,0,0,0,0,0,0,0,0,0,0,0,0,0,0,0,0,0,0,0,0,0,0,0,0,0,0,0,0,0,0,0,0,0,0,0,0,0,0,0,0,0,0,0,0,0,0,0,0,0,0,0,0,0,0,0,0,0,0,0,0,0,0,0,0,0,0,0,0,0,0,0,0,0,0,0,0,0,0,0,0,0,0,0,0,0,0,0,0,0,0,0,0
Manhattan Police,1961-08-01,Kansas,22993,KS08101,,not updated,normal return,not updated,not updated,not updated,breakdown offenses,breakdown offenses,breakdown offenses,0,0,0,0,0,0,0,0,2,0,0,0,0,0,0,0,0,0,0,4,0,0,0,57,3,3,0,0,66,51,0,2,64,66,0,0,0,0,0,0,0,0,0,0,0,0,0,0,0,0,0,0,0,0,0,0,0,0,0,0,0,0,0,0,0,0,0,0,0,0,0,0,0,0,0,0,0,0,0,0,0,0,0,0,0,0,0,0,0,0,0,0,0,0,0,0,0,0,0,0,0,0,0,0,0,0,0,0,0,0,0,0,0,0,0,0,0,0,0,0,0,0,0,0,0,0,0
Manhattan Police,1961-09-01,Kansas,22993,KS08101,,not updated,normal return,not updated,not updated,not updated,breakdown offenses,breakdown offenses,breakdown offenses,0,0,0,0,0,0,0,0,0,0,0,0,0,0,0,0,0,0,0,11,0,0,0,42,5,5,0,0,58,41,0,0,58,58,0,0,0,0,0,0,0,0,0,0,0,0,0,0,0,0,0,0,0,0,0,0,0,0,0,0,0,0,0,0,0,0,0,0,0,0,0,0,0,0,0,0,0,0,0,0,0,0,0,0,0,0,0,0,0,0,0,0,0,0,0,0,0,0,0,0,0,0,0,0,0,0,0,0,0,0,0,0,0,0,0,0,0,0,0,0,0,0,0,0,0,0,0
Manhattan Police,1961-10-01,Kansas,22993,KS08101,,not updated,normal return,not updated,not updated,not updated,breakdown offenses,breakdown offenses,breakdown offenses,0,0,0,0,0,0,0,0,0,0,0,0,0,0,0,0,0,0,0,4,0,0,0,39,2,2,0,0,45,32,0,0,45,45,0,0,0,0,0,0,0,0,0,0,0,0,0,0,0,0,0,0,0,0,0,0,0,0,0,0,0,0,0,0,0,0,0,0,0,0,0,0,0,0,0,0,0,0,0,0,0,0,0,0,0,0,0,0,0,0,0,0,0,0,0,0,0,0,0,0,0,0,0,0,0,0,0,0,0,0,0,0,0,0,0,0,0,0,0,0,0,0,0,0,0,0,0
Manhattan Police,1961-11-01,Kansas,22993,KS08101,,not updated,normal return,not updated,not updated,not updated,breakdown offenses,breakdown offenses,breakdown offenses,0,0,0,0,0,0,0,0,1,0,0,0,0,0,0,0,0,0,0,7,0,0,0,66,6,6,0,0,80,57,0,1,79,80,0,0,0,0,0,0,0,0,0,0,0,0,0,0,0,0,0,0,0,0,0,0,0,0,0,0,0,0,0,0,0,0,0,0,0,0,0,0,0,0,0,0,0,0,0,0,0,0,0,0,0,0,0,0,0,0,0,0,0,0,0,0,0,0,0,0,0,0,0,0,0,0,0,0,0,0,0,0,0,0,0,0,0,0,0,0,0,0,0,0,0,0,0
Manhattan Police,1961-12-01,Kansas,22993,KS08101,,not updated,normal return,not updated,not updated,not updated,breakdown offenses,breakdown offenses,breakdown offenses,0,0,0,0,0,0,0,0,1,0,0,0,0,0,0,0,0,0,0,4,0,0,0,53,7,7,0,0,65,48,0,1,64,65,0,0,0,0,0,0,0,0,0,0,0,0,0,0,0,0,0,0,0,0,0,0,0,0,0,0,0,0,0,0,0,0,0,0,0,0,0,0,0,0,0,0,0,0,0,0,0,0,0,0,0,0,0,0,0,0,0,0,0,0,0,0,0,0,0,0,0,0,0,0,0,0,0,0,0,0,0,0,0,0,0,0,0,0,0,0,0,0,0,0,0,0,0
Manhattan Police,1962-01-01,Kansas,21104,KS08101,,not updated,normal return,not updated,not updated,not updated,breakdown offenses,breakdown offenses,breakdown offenses,0,0,0,0,0,0,0,0,0,0,0,0,0,0,0,0,0,0,0,3,0,0,0,44,0,0,0,0,47,41,0,0,47,47,0,0,0,0,0,0,0,0,0,0,0,0,0,0,0,0,0,0,0,0,0,0,0,0,0,0,0,0,0,0,0,0,0,0,0,0,0,0,0,0,0,0,0,0,0,0,0,0,0,0,0,0,0,0,0,0,0,0,0,0,0,0,0,0,0,0,0,0,0,0,0,0,0,0,0,0,0,0,0,0,0,0,0,0,0,0,0,0,0,0,0,0,0
Manhattan Police,1962-02-01,Kansas,21104,KS08101,,not updated,normal return,not updated,not updated,not updated,breakdown offenses,breakdown offenses,breakdown offenses,0,0,0,0,0,1,0,0,0,0,0,0,0,3,0,0,0,0,0,4,0,0,0,43,1,1,0,0,52,38,3,4,48,52,0,0,0,0,0,0,0,0,0,0,0,0,0,0,0,0,0,0,0,0,0,0,0,0,0,0,0,0,0,0,0,0,0,0,0,0,0,0,0,0,0,0,0,0,0,0,0,0,0,0,0,0,0,0,0,0,0,0,0,0,0,0,0,0,0,0,0,0,0,0,0,0,0,0,0,0,0,0,0,0,0,0,0,0,0,0,0,0,0,0,0,0,0
Manhattan Police,1962-03-01,Kansas,21104,KS08101,,not updated,normal return,not updated,not updated,not updated,breakdown offenses,breakdown offenses,breakdown offenses,0,0,0,0,0,0,0,0,1,0,0,0,0,1,0,0,0,0,0,3,0,0,0,48,5,5,0,0,58,41,1,2,56,58,0,0,0,0,0,0,0,0,0,0,0,0,0,0,0,0,0,0,0,0,0,0,0,0,0,0,0,0,0,0,0,0,0,0,0,0,0,0,0,0,0,0,0,0,0,0,0,0,0,0,0,0,0,0,0,0,0,0,0,0,0,0,0,0,0,0,0,0,0,0,0,0,0,0,0,0,0,0,0,0,0,0,0,0,0,0,0,0,0,0,0,0,0
Manhattan Police,1962-04-01,Kansas,21104,KS08101,,not updated,normal return,not updated,not updated,not updated,breakdown offenses,breakdown offenses,breakdown offenses,0,0,0,1,0,0,0,0,1,0,0,0,0,0,0,0,0,0,0,6,0,0,0,52,5,5,0,0,65,45,0,2,63,65,0,0,0,0,0,0,0,0,0,0,0,0,0,0,0,0,0,0,0,0,0,0,0,0,0,0,0,0,0,0,0,0,0,0,0,0,0,0,0,0,0,0,0,0,0,0,0,0,0,0,0,0,0,0,0,0,0,0,0,0,0,0,0,0,0,0,0,0,0,0,0,0,0,0,0,0,0,0,0,0,0,0,0,0,0,0,0,0,0,0,0,0,0
Manhattan Police,1962-05-01,Kansas,21104,KS08101,,not updated,normal return,not updated,not updated,not updated,breakdown offenses,breakdown offenses,breakdown offenses,0,0,0,0,0,0,0,0,0,0,0,0,0,1,0,0,0,0,0,10,0,0,0,49,5,5,0,0,65,44,1,1,64,65,0,0,0,0,0,0,0,0,0,0,0,0,0,0,0,0,0,0,0,0,0,0,0,0,0,0,0,0,0,0,0,0,0,0,0,0,0,0,0,0,0,0,0,0,0,0,0,0,0,0,0,0,0,0,0,0,0,0,0,0,0,0,0,0,0,0,0,0,0,0,0,0,0,0,0,0,0,0,0,0,0,0,0,0,0,0,0,0,0,0,0,0,0
Manhattan Police,1962-06-01,Kansas,21104,KS08101,,not updated,normal return,not updated,not updated,not updated,breakdown offenses,breakdown offenses,breakdown offenses,0,0,0,1,0,0,0,0,1,0,0,0,0,0,0,0,0,0,0,10,0,0,0,39,4,4,0,0,55,34,0,2,53,55,0,0,0,0,0,0,0,0,0,0,0,0,0,0,0,0,0,0,0,0,0,0,0,0,0,0,0,0,0,0,0,0,0,0,0,0,0,0,0,0,0,0,0,0,0,0,0,0,0,0,0,0,0,0,0,0,0,0,0,0,0,0,0,0,0,0,0,0,0,0,0,0,0,0,0,0,0,0,0,0,0,0,0,0,0,0,0,0,0,0,0,0,0
Manhattan Police,1962-07-01,Kansas,21104,KS08101,,not updated,normal return,not updated,not updated,not updated,breakdown offenses,breakdown offenses,breakdown offenses,0,0,0,0,0,0,0,0,1,0,0,0,0,0,0,0,0,0,0,8,0,0,0,58,3,3,0,0,70,54,0,1,69,70,0,0,0,0,0,0,0,0,0,0,0,0,0,0,0,0,0,0,0,0,0,0,0,0,0,0,0,0,0,0,0,0,0,0,0,0,0,0,0,0,0,0,0,0,0,0,0,0,0,0,0,0,0,0,0,0,0,0,0,0,0,0,0,0,0,0,0,0,0,0,0,0,0,0,0,0,0,0,0,0,0,0,0,0,0,0,0,0,0,0,0,0,0
Manhattan Police,1962-08-01,Kansas,21104,KS08101,,not updated,normal return,not updated,not updated,not updated,breakdown offenses,breakdown offenses,breakdown offenses,0,0,0,1,0,1,0,0,1,0,0,0,0,0,0,0,0,0,0,13,0,0,0,72,4,4,0,0,92,65,0,3,89,92,0,0,0,0,0,0,0,0,0,0,0,0,0,0,0,0,0,0,0,0,0,0,0,0,0,0,0,0,0,0,0,0,0,0,0,0,0,0,0,0,0,0,0,0,0,0,0,0,0,0,0,0,0,0,0,0,0,0,0,0,0,0,0,0,0,0,0,0,0,0,0,0,0,0,0,0,0,0,0,0,0,0,0,0,0,0,0,0,0,0,0,0,0
Manhattan Police,1962-09-01,Kansas,21104,KS08101,,not updated,normal return,not updated,not updated,not updated,breakdown offenses,breakdown offenses,breakdown offenses,0,0,0,0,0,1,0,0,0,0,0,0,0,0,0,0,0,0,0,6,0,0,0,49,4,4,0,0,60,41,0,1,59,60,0,0,0,0,0,0,0,0,0,0,0,0,0,0,0,0,0,0,0,0,0,0,0,0,0,0,0,0,0,0,0,0,0,0,0,0,0,0,0,0,0,0,0,0,0,0,0,0,0,0,0,0,0,0,0,0,0,0,0,0,0,0,0,0,0,0,0,0,0,0,0,0,0,0,0,0,0,0,0,0,0,0,0,0,0,0,0,0,0,0,0,0,0
Manhattan Police,1962-10-01,Kansas,21104,KS08101,,not updated,normal return,not updated,not updated,not updated,breakdown offenses,breakdown offenses,breakdown offenses,0,0,0,0,0,1,0,0,0,0,0,0,0,1,0,0,0,0,0,11,0,0,0,56,0,0,0,0,69,47,1,2,67,69,0,0,0,0,0,0,0,0,0,0,0,0,0,0,0,0,0,0,0,0,0,0,0,0,0,0,0,0,0,0,0,0,0,0,0,0,0,0,0,0,0,0,0,0,0,0,0,0,0,0,0,0,0,0,0,0,0,0,0,0,0,0,0,0,0,0,0,0,0,0,0,0,0,0,0,0,0,0,0,0,0,0,0,0,0,0,0,0,0,0,0,0,0
Manhattan Police,1962-11-01,Kansas,21104,KS08101,,not updated,normal return,not updated,not updated,not updated,breakdown offenses,breakdown offenses,breakdown offenses,0,0,0,0,0,0,0,0,0,0,0,0,0,1,0,0,0,0,0,5,0,0,0,49,3,3,0,0,58,46,1,1,57,58,0,0,0,0,0,0,0,0,0,0,0,0,0,0,0,0,0,0,0,0,0,0,0,0,0,0,0,0,0,0,0,0,0,0,0,0,0,0,0,0,0,0,0,0,0,0,0,0,0,0,0,0,0,0,0,0,0,0,0,0,0,0,0,0,0,0,0,0,0,0,0,0,0,0,0,0,0,0,0,0,0,0,0,0,0,0,0,0,0,0,0,0,0
Manhattan Police,1962-12-01,Kansas,21104,KS08101,,not updated,normal return,not updated,not updated,not updated,breakdown offenses,breakdown offenses,breakdown offenses,0,0,0,0,0,1,0,0,2,0,0,0,0,1,0,0,0,0,0,4,0,0,0,55,7,7,0,0,70,47,1,4,66,70,0,0,0,0,0,0,0,0,0,0,0,0,0,0,0,0,0,0,0,0,0,0,0,0,0,0,0,0,0,0,0,0,0,0,0,0,0,0,0,0,0,0,0,0,0,0,0,0,0,0,0,0,0,0,0,0,0,0,0,0,0,0,0,0,0,0,0,0,0,0,0,0,0,0,0,0,0,0,0,0,0,0,0,0,0,0,0,0,0,0,0,0,0
Manhattan Police,1963-01-01,Kansas,21795,KS08101,,not updated,normal return,not updated,not updated,not updated,breakdown offenses,breakdown offenses,breakdown offenses,0,0,0,0,0,0,0,0,0,0,0,0,0,0,0,0,0,0,0,4,0,0,0,37,0,0,0,0,41,33,0,0,41,41,0,0,0,0,0,0,0,0,0,0,0,0,0,0,0,0,0,0,0,0,0,0,0,0,0,0,0,0,0,0,0,0,0,0,0,0,0,0,0,0,0,0,0,0,0,0,0,0,0,0,0,0,0,0,0,0,0,0,0,0,0,0,0,0,0,0,0,0,0,0,0,0,0,0,0,0,0,0,0,0,0,0,0,0,0,0,0,0,0,0,0,0,0
Manhattan Police,1963-02-01,Kansas,21795,KS08101,,not updated,normal return,not updated,not updated,not updated,breakdown offenses,breakdown offenses,breakdown offenses,0,0,0,0,0,0,0,0,3,0,0,0,0,0,0,0,0,0,0,12,0,0,0,44,3,3,0,0,62,39,0,3,59,62,0,0,0,0,0,0,0,0,0,0,0,0,0,0,0,0,0,0,0,0,0,0,0,0,0,0,0,0,0,0,0,0,0,0,0,0,0,0,0,0,0,0,0,0,0,0,0,0,0,0,0,0,0,0,0,0,0,0,0,0,0,0,0,0,0,0,0,0,0,0,0,0,0,0,0,0,0,0,0,0,0,0,0,0,0,0,0,0,0,0,0,0,0
Manhattan Police,1963-03-01,Kansas,21795,KS08101,,not updated,normal return,not updated,not updated,not updated,breakdown offenses,breakdown offenses,breakdown offenses,0,0,0,0,0,0,0,0,1,0,0,0,0,3,0,0,0,0,0,11,0,0,0,80,7,7,0,0,102,74,3,4,98,102,0,0,0,0,0,0,0,0,0,0,0,0,0,0,0,0,0,0,0,0,0,0,0,0,0,0,0,0,0,0,0,0,0,0,0,0,0,0,0,0,0,0,0,0,0,0,0,0,0,0,0,0,0,0,0,0,0,0,0,0,0,0,0,0,0,0,0,0,0,0,0,0,0,0,0,0,0,0,0,0,0,0,0,0,0,0,0,0,0,0,0,0,0
Manhattan Police,1963-04-01,Kansas,21795,KS08101,,not updated,normal return,not updated,not updated,not updated,breakdown offenses,breakdown offenses,breakdown offenses,0,0,0,0,0,0,0,0,0,0,0,0,0,0,0,0,0,0,0,6,0,0,0,59,4,4,0,0,69,53,0,0,69,69,0,0,0,0,0,0,0,0,0,0,0,0,0,0,0,0,0,0,0,0,0,0,0,0,0,0,0,0,0,0,0,0,0,0,0,0,0,0,0,0,0,0,0,0,0,0,0,0,0,0,0,0,0,0,0,0,0,0,0,0,0,0,0,0,0,0,0,0,0,0,0,0,0,0,0,0,0,0,0,0,0,0,0,0,0,0,0,0,0,0,0,0,0
Manhattan Police,1963-05-01,Kansas,21795,KS08101,,not updated,normal return,not updated,not updated,not updated,breakdown offenses,breakdown offenses,breakdown offenses,0,0,0,0,0,0,0,0,1,0,0,0,0,0,0,0,0,0,0,5,0,0,0,58,1,1,0,0,65,52,0,1,64,65,0,0,0,0,0,0,0,0,0,0,0,0,0,0,0,0,0,0,0,0,0,0,0,0,0,0,0,0,0,0,0,0,0,0,0,0,0,0,0,0,0,0,0,0,0,0,0,0,0,0,0,0,0,0,0,0,0,0,0,0,0,0,0,0,0,0,0,0,0,0,0,0,0,0,0,0,0,0,0,0,0,0,0,0,0,0,0,0,0,0,0,0,0
Manhattan Police,1963-06-01,Kansas,21795,KS08101,,not updated,normal return,not updated,not updated,not updated,breakdown offenses,breakdown offenses,breakdown offenses,0,0,0,0,0,0,0,0,2,0,0,0,0,0,0,0,0,0,0,6,0,0,0,53,1,1,0,0,62,45,0,2,60,62,0,0,0,0,0,0,0,0,0,0,0,0,0,0,0,0,0,0,0,0,0,0,0,0,0,0,0,0,0,0,0,0,0,0,0,0,0,0,0,0,0,0,0,0,0,0,0,0,0,0,0,0,0,0,0,0,0,0,0,0,0,0,0,0,0,0,0,0,0,0,0,0,0,0,0,0,0,0,0,0,0,0,0,0,0,0,0,0,0,0,0,0,0
Manhattan Police,1963-07-01,Kansas,21795,KS08101,,not updated,normal return,not updated,not updated,not updated,breakdown offenses,breakdown offenses,breakdown offenses,0,0,0,0,0,0,0,0,0,0,0,0,0,1,0,0,0,0,0,7,0,0,0,66,10,10,0,0,84,60,1,1,83,84,0,0,0,0,0,0,0,0,0,0,0,0,0,0,0,0,0,0,0,0,0,0,0,0,0,0,0,0,0,0,0,0,0,0,0,0,0,0,0,0,0,0,0,0,0,0,0,0,0,0,0,0,0,0,0,0,0,0,0,0,0,0,0,0,0,0,0,0,0,0,0,0,0,0,0,0,0,0,0,0,0,0,0,0,0,0,0,0,0,0,0,0,0
Manhattan Police,1963-08-01,Kansas,21795,KS08101,,not updated,normal return,not updated,not updated,not updated,breakdown offenses,breakdown offenses,breakdown offenses,0,0,0,0,0,0,0,0,2,0,0,0,0,0,0,0,0,0,0,15,0,0,0,71,4,4,0,0,92,61,0,2,90,92,0,0,0,0,0,0,0,0,0,0,0,0,0,0,0,0,0,0,0,0,0,0,0,0,0,0,0,0,0,0,0,0,0,0,0,0,0,0,0,0,0,0,0,0,0,0,0,0,0,0,0,0,0,0,0,0,0,0,0,0,0,0,0,0,0,0,0,0,0,0,0,0,0,0,0,0,0,0,0,0,0,0,0,0,0,0,0,0,0,0,0,0,0
Manhattan Police,1963-09-01,Kansas,21795,KS08101,,not updated,normal return,not updated,not updated,not updated,breakdown offenses,breakdown offenses,breakdown offenses,0,0,0,0,0,2,0,0,1,0,0,0,0,1,0,0,0,0,0,11,0,0,0,76,2,2,0,0,93,68,1,4,89,93,0,0,0,0,0,0,0,0,0,0,0,0,0,0,0,0,0,0,0,0,0,0,0,0,0,0,0,0,0,0,0,0,0,0,0,0,0,0,0,0,0,0,0,0,0,0,0,0,0,0,0,0,0,0,0,0,0,0,0,0,0,0,0,0,0,0,0,0,0,0,0,0,0,0,0,0,0,0,0,0,0,0,0,0,0,0,0,0,0,0,0,0,0
Manhattan Police,1963-10-01,Kansas,21795,KS08101,,not updated,normal return,not updated,not updated,not updated,breakdown offenses,breakdown offenses,breakdown offenses,0,0,0,0,0,2,0,0,1,0,0,0,0,0,0,0,0,0,0,7,0,0,0,77,11,11,0,0,98,65,0,3,95,98,0,0,0,0,0,0,0,0,0,0,0,0,0,0,0,0,0,0,0,0,0,0,0,0,0,0,0,0,0,0,0,0,0,0,0,0,0,0,0,0,0,0,0,0,0,0,0,0,0,0,0,0,0,0,0,0,0,0,0,0,0,0,0,0,0,0,0,0,0,0,0,0,0,0,0,0,0,0,0,0,0,0,0,0,0,0,0,0,0,0,0,0,0
Manhattan Police,1963-11-01,Kansas,21795,KS08101,,not updated,normal return,not updated,not updated,not updated,breakdown offenses,breakdown offenses,breakdown offenses,0,0,0,0,0,0,0,0,1,0,0,0,0,0,0,0,0,0,0,3,0,0,0,65,11,11,0,0,80,57,0,1,79,80,0,0,0,0,0,0,0,0,0,0,0,0,0,0,0,0,0,0,0,0,0,0,0,0,0,0,0,0,0,0,0,0,0,0,0,0,0,0,0,0,0,0,0,0,0,0,0,0,0,0,0,0,0,0,0,0,0,0,0,0,0,0,0,0,0,0,0,0,0,0,0,0,0,0,0,0,0,0,0,0,0,0,0,0,0,0,0,0,0,0,0,0,0
Manhattan Police,1963-12-01,Kansas,21795,KS08101,,not updated,normal return,not updated,not updated,not updated,breakdown offenses,breakdown offenses,breakdown offenses,0,0,0,0,0,0,0,0,1,0,0,0,0,1,0,0,0,0,0,12,0,0,0,59,7,7,0,0,80,52,1,2,78,80,0,0,0,0,0,0,0,0,0,0,0,0,0,0,0,0,0,0,0,0,0,0,0,0,0,0,0,0,0,0,0,0,0,0,0,0,0,0,0,0,0,0,0,0,0,0,0,0,0,0,0,0,0,0,0,0,0,0,0,0,0,0,0,0,0,0,0,0,0,0,0,0,0,0,0,0,0,0,0,0,0,0,0,0,0,0,0,0,0,0,0,0,0
Manhattan Police,1964-01-01,Kansas,21557,KS08101,,not updated,normal return,normal return,normal return,not updated,breakdown offenses,breakdown offenses,breakdown offenses,0,0,0,0,0,0,0,0,1,0,0,0,1,14,1,1,0,1,11,10,7,2,1,77,12,12,0,0,103,65,3,4,99,103,0,0,0,0,0,0,0,0,0,0,13,1,0,0,1,11,4,4,0,0,13,7,7,0,0,26,13,2,2,24,26,0,0,0,0,0,0,0,0,0,0,2,0,0,0,1,1,3,3,0,0,5,2,2,0,0,11,5,1,1,10,11,0,0,0,0,0,0,0,0,0,0,0,0,0,0,0,0,0,0,0,0,0,0,0,0,0,0,0,0,0,0,0
Manhattan Police,1964-02-01,Kansas,21557,KS08101,,not updated,normal return,normal return,normal return,not updated,breakdown offenses,breakdown offenses,breakdown offenses,0,0,0,0,0,0,0,0,0,0,0,0,0,8,0,1,0,0,7,10,5,1,4,75,3,3,0,0,89,71,1,1,88,89,0,0,0,0,0,0,0,0,0,0,1,0,0,0,0,1,3,3,0,0,15,1,1,0,0,19,15,0,0,19,19,0,0,0,0,0,0,0,0,0,0,1,0,0,0,0,1,1,1,0,0,12,1,1,0,0,14,12,0,0,14,14,0,0,0,0,0,0,0,0,0,0,0,0,0,0,0,0,0,0,0,0,0,0,0,0,0,0,0,0,0,0,0
Manhattan Police,1964-03-01,Kansas,21557,KS08101,,not updated,normal return,adjustment,adjustment,not updated,breakdown offenses,breakdown offenses,breakdown offenses,0,0,0,0,0,1,0,1,3,1,0,0,2,4,0,0,0,1,3,12,5,4,3,49,10,10,0,0,76,39,1,5,71,76,0,0,1,0,1,1,0,0,0,1,5,0,0,0,1,4,2,0,2,0,4,2,2,0,0,11,3,1,3,8,11,0,0,0,0,0,0,0,0,0,0,0,0,0,0,0,0,0,0,0,0,3,2,2,0,0,5,3,0,0,5,5,0,0,0,0,0,0,0,0,0,0,0,0,0,0,0,0,0,0,0,0,0,0,0,0,0,0,0,0,0,0,0
Manhattan Police,1964-04-01,Kansas,21557,KS08101,,not updated,normal return,normal return,normal return,not updated,breakdown offenses,breakdown offenses,breakdown offenses,0,0,0,0,0,0,0,0,2,1,0,0,1,2,0,0,0,0,2,10,9,1,0,62,3,3,0,0,77,57,0,2,75,77,0,0,0,0,0,0,0,0,0,0,2,0,0,0,0,2,1,0,1,0,8,1,1,0,0,10,5,0,0,10,10,0,0,0,0,0,0,0,0,0,0,0,0,0,0,0,0,1,0,1,0,4,1,1,0,0,6,3,0,0,6,6,0,0,0,0,0,0,0,0,0,0,0,0,0,0,0,0,0,0,0,0,0,0,0,0,0,0,0,0,0,0,0
Manhattan Police,1964-05-01,Kansas,21557,KS08101,,not updated,normal return,normal return,adjustment,not updated,breakdown offenses,breakdown offenses,breakdown offenses,0,0,0,0,0,2,0,2,0,0,0,0,0,5,0,0,0,0,5,7,4,2,1,59,13,13,0,0,81,49,0,2,79,81,0,0,0,0,0,0,0,0,0,0,4,0,0,0,0,4,1,1,0,0,3,1,1,0,0,5,2,0,0,5,5,0,0,0,0,0,0,0,0,0,0,0,0,0,0,0,0,1,1,0,0,3,0,0,0,0,4,2,0,0,4,4,0,0,0,0,0,0,0,0,0,0,0,0,0,0,0,0,0,0,0,0,0,0,0,0,0,0,0,0,0,0,0
Manhattan Police,1964-06-01,Kansas,21557,KS08101,,not updated,normal return,normal return,normal return,not updated,breakdown offenses,breakdown offenses,breakdown offenses,0,0,0,0,0,0,0,0,2,1,0,0,1,9,0,0,1,1,7,9,8,0,1,59,6,6,0,0,78,50,2,4,74,78,0,0,0,0,0,0,0,0,0,0,4,0,0,1,1,2,3,3,0,0,6,3,3,0,0,14,6,2,2,12,14,0,0,0,0,0,0,0,0,0,0,0,0,0,0,0,0,1,1,0,0,4,3,3,0,0,8,4,0,0,8,8,0,0,0,0,0,0,0,0,0,0,0,0,0,0,0,0,0,0,0,0,0,0,0,0,0,0,0,0,0,0,0
Manhattan Police,1964-07-01,Kansas,21557,KS08101,,not updated,normal return,normal return,normal return,not updated,breakdown offenses,breakdown offenses,breakdown offenses,0,0,0,0,0,0,0,0,0,0,0,0,0,4,0,0,0,0,4,13,9,3,1,89,16,16,0,0,118,73,0,0,118,118,0,0,0,0,0,0,0,0,0,0,3,0,0,0,0,3,0,0,0,0,15,0,0,0,0,15,12,0,0,15,15,0,0,0,0,0,0,0,0,0,0,0,0,0,0,0,0,0,0,0,0,8,0,0,0,0,8,7,0,0,8,8,0,0,0,0,0,0,0,0,0,0,0,0,0,0,0,0,0,0,0,0,0,0,0,0,0,0,0,0,0,0,0
Manhattan Police,1964-08-01,Kansas,21557,KS08101,,not updated,normal return,normal return,normal return,not updated,breakdown offenses,breakdown offenses,breakdown offenses,0,0,0,0,0,1,1,0,1,0,0,0,1,7,1,1,2,0,3,6,5,1,0,64,15,15,0,0,91,50,4,6,85,91,0,0,1,1,0,1,0,0,0,1,2,0,0,1,0,1,2,2,0,0,2,3,3,0,0,10,2,1,3,7,10,0,0,1,1,0,0,0,0,0,0,1,0,0,1,0,0,2,2,0,0,2,1,1,0,0,7,2,1,2,5,7,0,0,0,0,0,0,0,0,0,0,0,0,0,0,0,0,0,0,0,0,0,0,0,0,0,0,0,0,0,0,0
Manhattan Police,1964-09-01,Kansas,21557,KS08101,,not updated,normal return,normal return,normal return,not updated,breakdown offenses,breakdown offenses,breakdown offenses,0,0,0,0,0,0,0,0,0,0,0,0,0,10,1,3,0,0,6,1,1,0,0,51,7,7,0,0,63,45,4,4,59,63,0,0,0,0,0,0,0,0,0,0,8,2,3,0,0,3,3,2,0,1,6,4,4,0,0,18,5,5,5,13,18,0,0,0,0,0,0,0,0,0,0,0,0,0,0,0,0,1,1,0,0,5,2,2,0,0,8,5,0,0,8,8,0,0,0,0,0,0,0,0,0,0,0,0,0,0,0,0,0,0,0,0,0,0,0,0,0,0,0,0,0,0,0
Manhattan Police,1964-10-01,Kansas,21557,KS08101,,not updated,normal return,normal return,normal return,not updated,breakdown offenses,breakdown offenses,breakdown offenses,0,0,0,0,1,1,1,0,1,1,0,0,0,12,0,3,0,0,9,7,6,1,0,54,8,8,0,0,75,45,3,6,69,75,0,1,0,0,0,0,0,0,0,0,9,0,0,0,0,9,4,4,0,0,8,3,3,0,0,16,6,0,1,15,16,0,0,0,0,0,0,0,0,0,0,0,0,0,0,0,0,1,1,0,0,1,1,1,0,0,3,1,0,0,3,3,0,0,0,0,0,0,0,0,0,0,0,0,0,0,0,0,0,0,0,0,0,0,0,0,0,0,0,0,0,0,0
Manhattan Police,1964-11-01,Kansas,21557,KS08101,,not updated,normal return,normal return,normal return,not updated,breakdown offenses,breakdown offenses,breakdown offenses,0,0,0,0,0,0,0,0,1,1,0,0,0,6,1,0,0,0,5,10,10,0,0,63,11,11,0,0,86,51,1,2,84,86,0,0,0,0,0,0,0,0,0,0,4,1,0,0,0,3,1,1,0,0,6,5,5,0,0,13,5,1,1,12,13,0,0,0,0,0,0,0,0,0,0,1,1,0,0,0,0,0,0,0,0,4,3,3,0,0,8,4,1,1,7,8,0,0,0,0,0,0,0,0,0,0,0,0,0,0,0,0,0,0,0,0,0,0,0,0,0,0,0,0,0,0,0
Manhattan Police,1964-12-01,Kansas,21557,KS08101,,not updated,normal return,normal return,normal return,not updated,breakdown offenses,breakdown offenses,breakdown offenses,0,0,0,0,0,0,0,0,0,0,0,0,0,9,1,5,0,0,3,3,1,1,1,64,12,12,0,0,85,54,6,6,79,85,0,0,0,0,0,1,0,0,0,1,5,1,2,0,0,2,1,1,0,0,10,4,4,0,0,19,7,3,4,15,19,0,0,0,0,0,0,0,0,0,0,0,0,0,0,0,0,0,0,0,0,1,1,1,0,0,2,1,0,0,2,2,0,0,0,0,0,0,0,0,0,0,0,0,0,0,0,0,0,0,0,0,0,0,0,0,0,0,0,0,0,0,0
Manhattan Police,1965-01-01,Kansas,22716,KS08101,,not updated,normal return,normal return,normal return,not updated,breakdown offenses,breakdown offenses,breakdown offenses,0,0,0,0,0,0,0,0,0,0,0,0,0,4,0,1,0,0,3,19,8,6,5,57,15,15,0,0,92,42,1,1,91,92,0,0,0,0,0,0,0,0,0,0,2,0,0,0,0,2,3,2,1,0,9,6,6,0,0,18,6,0,0,18,18,0,0,0,0,0,0,0,0,0,0,0,0,0,0,0,0,3,2,1,0,3,1,1,0,0,7,2,0,0,7,7,0,0,0,0,0,0,0,0,0,0,0,0,0,0,0,0,0,0,0,0,0,0,0,0,0,0,0,0,0,0,0
Manhattan Police,1965-02-01,Kansas,22716,KS08101,,not updated,normal return,normal return,normal return,not updated,breakdown offenses,breakdown offenses,breakdown offenses,0,0,0,0,0,0,0,0,1,0,0,0,1,4,0,3,0,0,1,13,9,2,2,35,5,5,0,0,57,28,3,4,53,57,0,0,0,0,0,0,0,0,0,0,3,0,2,0,0,1,2,2,0,0,3,0,0,0,0,7,3,2,2,5,7,0,0,0,0,0,0,0,0,0,0,0,0,0,0,0,0,0,0,0,0,1,0,0,0,0,1,1,0,0,1,1,0,0,0,0,0,0,0,0,0,0,0,0,0,0,0,0,0,0,0,0,0,0,0,0,0,0,0,0,0,0,0
Manhattan Police,1965-03-01,Kansas,22716,KS08101,,not updated,normal return,normal return,normal return,not updated,breakdown offenses,breakdown offenses,breakdown offenses,0,0,0,0,0,0,0,0,1,0,0,0,1,10,0,1,0,0,9,13,6,6,1,45,2,2,0,0,62,39,1,2,60,62,0,0,0,0,0,0,0,0,0,0,7,0,0,0,0,7,5,1,4,0,11,2,2,0,0,18,11,0,0,18,18,0,0,0,0,0,0,0,0,0,0,0,0,0,0,0,0,3,0,3,0,5,1,1,0,0,9,5,0,0,9,9,0,0,0,0,0,0,0,0,0,0,0,0,0,0,0,0,0,0,0,0,0,0,0,0,0,0,0,0,0,0,0
Manhattan Police,1965-04-01,Kansas,22716,KS08101,,not updated,normal return,normal return,normal return,not updated,breakdown offenses,breakdown offenses,breakdown offenses,0,0,0,2,0,0,0,0,2,0,0,0,2,3,0,1,0,0,2,13,9,3,1,58,6,6,0,0,82,46,1,5,77,82,2,0,0,0,0,0,0,0,0,0,0,0,0,0,0,0,1,0,1,0,6,0,0,0,0,9,6,0,2,7,9,0,0,0,0,0,0,0,0,0,0,0,0,0,0,0,0,0,0,0,0,4,0,0,0,0,4,4,0,0,4,4,0,0,0,0,0,0,0,0,0,0,0,0,0,0,0,0,0,0,0,0,0,0,0,0,0,0,0,0,0,0,0
Manhattan Police,1965-05-01,Kansas,22716,KS08101,,not updated,normal return,normal return,normal return,not updated,breakdown offenses,breakdown offenses,breakdown offenses,0,0,0,0,0,1,1,0,0,0,0,0,0,5,0,2,1,0,2,12,6,3,3,95,6,6,0,0,117,87,3,4,113,117,0,0,0,0,0,0,0,0,0,0,5,0,2,0,0,3,5,1,4,0,6,0,0,0,0,13,6,2,2,11,13,0,0,0,0,0,0,0,0,0,0,0,0,0,0,0,0,0,0,0,0,0,0,0,0,0,0,0,0,0,0,0,0,0,0,0,0,0,0,0,0,0,0,0,0,0,0,0,0,0,0,0,0,0,0,0,0,0,0,0,0,0,0
Manhattan Police,1965-06-01,Kansas,22716,KS08101,,not updated,normal return,normal return,adjustment,not updated,breakdown offenses,breakdown offenses,breakdown offenses,0,0,0,0,0,0,0,0,1,0,0,0,1,6,0,1,1,0,4,17,11,4,2,80,5,5,0,0,105,65,2,3,102,105,0,0,0,0,0,1,0,0,0,1,1,0,0,0,0,1,2,1,0,1,14,2,2,0,0,19,13,0,1,18,19,0,0,0,0,0,0,0,0,0,0,0,0,0,0,0,0,2,1,0,1,6,1,1,0,0,9,6,0,0,9,9,0,0,0,0,0,0,0,0,0,0,0,0,0,0,0,0,0,0,0,0,0,0,0,0,0,0,0,0,0,0,0
Manhattan Police,1965-07-01,Kansas,22716,KS08101,,not updated,normal return,normal return,adjustment,not updated,breakdown offenses,breakdown offenses,breakdown offenses,0,0,0,0,0,1,1,0,0,0,0,0,0,8,0,0,0,0,8,9,6,2,1,52,4,4,0,0,66,43,0,1,65,66,0,0,1,1,0,0,0,0,0,0,4,0,0,0,0,4,2,1,1,0,13,1,1,0,0,17,13,0,1,16,17,0,0,0,0,0,0,0,0,0,0,1,0,0,0,0,1,2,1,1,0,5,1,1,0,0,8,5,0,0,8,8,0,0,0,0,0,0,0,0,0,0,0,0,0,0,0,0,0,0,0,0,0,0,0,0,0,0,0,0,0,0,0
Manhattan Police,1965-08-01,Kansas,22716,KS08101,,not updated,normal return,normal return,normal return,not updated,breakdown offenses,breakdown offenses,breakdown offenses,0,0,0,0,0,0,0,0,1,1,0,0,0,7,0,1,0,0,6,14,10,4,0,52,6,6,0,0,74,46,1,2,72,74,0,0,0,0,0,0,0,0,0,0,3,0,0,0,0,3,2,2,0,0,12,6,6,0,0,20,10,0,0,20,20,0,0,0,0,0,0,0,0,0,0,0,0,0,0,0,0,0,0,0,0,8,4,4,0,0,12,8,0,0,12,12,0,0,0,0,0,0,0,0,0,0,0,0,0,0,0,0,0,0,0,0,0,0,0,0,0,0,0,0,0,0,0
Manhattan Police,1965-09-01,Kansas,22716,KS08101,,not updated,normal return,normal return,normal return,not updated,breakdown offenses,breakdown offenses,breakdown offenses,0,0,0,0,0,0,0,0,0,0,0,0,0,5,0,0,0,0,5,11,10,0,1,76,5,5,0,0,92,71,0,0,92,92,0,0,0,0,0,0,0,0,0,0,0,0,0,0,0,0,3,3,0,0,9,1,1,0,0,13,9,0,0,13,13,0,0,0,0,0,0,0,0,0,0,0,0,0,0,0,0,2,2,0,0,3,2,2,0,0,7,3,0,0,7,7,0,0,0,0,0,0,0,0,0,0,0,0,0,0,0,0,0,0,0,0,0,0,0,0,0,0,0,0,0,0,0
Manhattan Police,1965-10-01,Kansas,22716,KS08101,,not updated,normal return,normal return,normal return,not updated,breakdown offenses,breakdown offenses,breakdown offenses,0,0,0,0,0,0,0,0,0,0,0,0,0,5,0,0,2,0,3,11,5,4,2,44,13,13,0,0,70,35,2,2,68,70,0,0,0,0,0,0,0,0,0,0,2,0,0,0,0,2,1,1,0,0,5,0,0,0,0,6,5,0,0,6,6,0,0,0,0,0,0,0,0,0,0,0,0,0,0,0,0,1,1,0,0,3,0,0,0,0,4,3,0,0,4,4,0,0,0,0,0,0,0,0,0,0,0,0,0,0,0,0,0,0,0,0,0,0,0,0,0,0,0,0,0,0,0
Manhattan Police,1965-11-01,Kansas,22716,KS08101,,not updated,normal return,normal return,normal return,not updated,breakdown offenses,breakdown offenses,breakdown offenses,0,0,0,0,0,0,0,0,0,0,0,0,0,6,0,1,0,0,5,7,5,1,1,53,7,7,0,0,68,41,1,1,67,68,0,0,0,0,0,0,0,0,0,0,2,0,0,0,0,2,1,1,0,0,9,4,4,0,0,14,7,0,0,14,14,0,0,0,0,0,0,0,0,0,0,0,0,0,0,0,0,1,1,0,0,6,4,4,0,0,11,5,0,0,11,11,0,0,0,0,0,0,0,0,0,0,0,0,0,0,0,0,0,0,0,0,0,0,0,0,0,0,0,0,0,0,0
Manhattan Police,1965-12-01,Kansas,22716,KS08101,,not updated,normal return,normal return,normal return,not updated,breakdown offenses,breakdown offenses,breakdown offenses,0,0,0,0,0,0,0,0,0,0,0,0,0,6,1,3,1,0,1,14,7,4,3,74,5,5,0,0,98,62,5,5,93,98,0,0,0,0,0,0,0,0,0,0,2,0,0,0,0,2,4,2,2,0,9,2,2,0,0,15,9,0,0,15,15,0,0,0,0,0,0,0,0,0,0,0,0,0,0,0,0,2,0,2,0,2,0,0,0,0,4,2,0,0,4,4,0,0,0,0,0,0,0,0,0,0,0,0,0,0,0,0,0,0,0,0,0,0,0,0,0,0,0,0,0,0,0
Manhattan Police,1966-01-01,Kansas,23480,KS08101,,not updated,normal return,normal return,normal return,not updated,breakdown offenses,breakdown offenses,breakdown offenses,0,0,0,0,0,0,0,0,0,0,0,0,0,4,0,0,0,1,3,11,8,1,2,38,2,2,0,0,52,28,1,1,51,52,0,0,0,0,0,0,0,0,0,0,5,0,0,1,1,3,2,2,0,0,2,0,0,0,0,6,2,2,2,4,6,0,0,0,0,0,0,0,0,0,0,0,0,0,0,0,0,0,0,0,0,1,0,0,0,0,1,1,0,0,1,1,0,0,0,0,0,0,0,0,0,0,0,0,0,0,0,0,0,0,0,0,0,0,0,0,0,0,0,0,0,0,0
Manhattan Police,1966-02-01,Kansas,23480,KS08101,,not updated,normal return,normal return,normal return,not updated,breakdown offenses,breakdown offenses,breakdown offenses,0,0,0,0,0,0,0,0,1,0,0,0,1,5,1,0,0,0,4,7,5,1,1,55,3,3,0,0,67,43,1,2,65,67,0,0,0,0,0,0,0,0,0,0,2,1,0,0,0,1,2,2,0,0,15,0,0,0,0,18,15,1,1,17,18,0,0,0,0,0,0,0,0,0,0,0,0,0,0,0,0,0,0,0,0,5,0,0,0,0,5,5,0,0,5,5,0,0,0,0,0,0,0,0,0,0,0,0,0,0,0,0,0,0,0,0,0,0,0,0,0,0,0,0,0,0,0
Manhattan Police,1966-03-01,Kansas,23480,KS08101,,not updated,normal return,normal return,normal return,not updated,breakdown offenses,breakdown offenses,breakdown offenses,0,0,0,0,0,0,0,0,0,0,0,0,0,5,1,0,0,0,4,12,8,4,0,52,5,5,0,0,70,39,1,1,69,70,0,0,0,0,0,0,0,0,0,0,3,0,0,0,0,3,1,0,1,0,13,1,1,0,0,15,12,0,0,15,15,0,0,0,0,0,0,0,0,0,0,0,0,0,0,0,0,1,0,1,0,7,1,1,0,0,9,6,0,0,9,9,0,0,0,0,0,0,0,0,0,0,0,0,0,0,0,0,0,0,0,0,0,0,0,0,0,0,0,0,0,0,0
Manhattan Police,1966-04-01,Kansas,23480,KS08101,,not updated,normal return,normal return,normal return,not updated,breakdown offenses,breakdown offenses,breakdown offenses,0,0,0,0,0,0,0,0,0,0,0,0,0,8,1,2,0,2,3,16,10,3,3,53,11,11,0,0,85,43,5,5,80,85,0,0,0,0,0,0,0,0,0,0,3,0,1,0,1,1,1,0,1,0,10,4,4,0,0,17,8,2,2,15,17,0,0,0,0,0,0,0,0,0,0,1,0,0,0,1,0,1,0,1,0,2,2,2,0,0,6,2,1,1,5,6,0,0,0,0,0,0,0,0,0,0,0,0,0,0,0,0,0,0,0,0,0,0,0,0,0,0,0,0,0,0,0
Manhattan Police,1966-05-01,Kansas,23480,KS08101,,not updated,normal return,normal return,normal return,not updated,breakdown offenses,breakdown offenses,breakdown offenses,0,0,0,0,0,1,1,0,0,0,0,0,0,7,0,2,0,0,5,14,9,4,1,101,3,3,0,0,121,76,2,3,118,121,0,0,0,0,0,0,0,0,0,0,4,1,0,0,1,2,4,3,0,1,17,0,0,0,0,23,16,2,2,21,23,0,0,0,0,0,0,0,0,0,0,0,0,0,0,0,0,0,0,0,0,4,0,0,0,0,4,4,0,0,4,4,0,0,0,0,0,0,0,0,0,0,0,0,0,0,0,0,0,0,0,0,0,0,0,0,0,0,0,0,0,0,0
Manhattan Police,1966-06-01,Kansas,23480,KS08101,,not updated,normal return,normal return,normal return,not updated,breakdown offenses,breakdown offenses,breakdown offenses,0,0,0,0,0,0,0,0,2,1,0,0,1,7,0,2,0,1,4,8,5,1,2,54,3,3,0,0,70,43,3,5,65,70,0,0,0,0,0,1,1,0,0,0,5,0,2,0,0,3,0,0,0,0,7,1,1,0,0,11,6,2,3,8,11,0,0,0,0,0,0,0,0,0,0,0,0,0,0,0,0,0,0,0,0,1,0,0,0,0,1,1,0,0,1,1,0,0,0,0,0,0,0,0,0,0,0,0,0,0,0,0,0,0,0,0,0,0,0,0,0,0,0,0,0,0,0
Manhattan Police,1966-07-01,Kansas,23480,KS08101,,not updated,normal return,normal return,normal return,not updated,breakdown offenses,breakdown offenses,breakdown offenses,0,0,0,0,0,1,1,0,0,0,0,0,0,8,0,0,0,1,7,7,4,1,2,57,9,9,0,0,75,49,1,2,73,75,0,0,0,0,0,0,0,0,0,0,3,0,0,0,0,3,3,3,0,0,8,1,1,0,0,12,5,0,0,12,12,0,0,0,0,0,0,0,0,0,0,0,0,0,0,0,0,2,2,0,0,3,1,1,0,0,6,1,0,0,6,6,0,0,0,0,0,0,0,0,0,0,0,0,0,0,0,0,0,0,0,0,0,0,0,0,0,0,0,0,0,0,0
Manhattan Police,1966-08-01,Kansas,23480,KS08101,,not updated,normal return,normal return,normal return,not updated,breakdown offenses,breakdown offenses,breakdown offenses,0,0,0,0,0,0,0,0,1,1,0,0,0,6,0,3,0,0,3,8,4,3,1,45,4,4,0,0,61,32,3,4,57,61,0,0,0,0,0,0,0,0,0,0,2,0,0,0,1,1,1,0,1,0,6,0,0,0,0,8,4,1,1,7,8,0,0,0,0,0,0,0,0,0,0,0,0,0,0,0,0,1,0,1,0,5,0,0,0,0,6,4,0,0,6,6,0,0,0,0,0,0,0,0,0,0,0,0,0,0,0,0,0,0,0,0,0,0,0,0,0,0,0,0,0,0,0
Manhattan Police,1966-09-01,Kansas,23480,KS08101,,not updated,normal return,normal return,normal return,not updated,breakdown offenses,breakdown offenses,breakdown offenses,0,0,0,1,0,0,0,0,1,1,0,0,0,7,1,0,0,0,6,9,2,5,2,67,12,12,0,0,91,48,1,3,88,91,1,0,0,0,0,0,0,0,0,0,1,0,0,0,0,1,1,0,1,0,6,3,3,0,0,11,6,0,1,10,11,0,0,0,0,0,0,0,0,0,0,0,0,0,0,0,0,0,0,0,0,3,0,0,0,0,3,3,0,0,3,3,0,0,0,0,0,0,0,0,0,0,0,0,0,0,0,0,0,0,0,0,0,0,0,0,0,0,0,0,0,0,0
Manhattan Police,1966-10-01,Kansas,23480,KS08101,,not updated,normal return,normal return,normal return,not updated,breakdown offenses,breakdown offenses,breakdown offenses,0,0,0,1,0,0,0,0,2,0,0,0,2,6,1,0,0,1,4,7,5,0,2,67,11,11,0,0,90,46,2,5,85,90,1,0,0,0,0,0,0,0,0,0,7,2,0,0,1,4,0,0,0,0,7,4,4,0,0,15,5,3,4,11,15,0,0,0,0,0,0,0,0,0,0,0,0,0,0,0,0,0,0,0,0,0,0,0,0,0,0,0,0,0,0,0,0,0,0,0,0,0,0,0,0,0,0,0,0,0,0,0,0,0,0,0,0,0,0,0,0,0,0,0,0,0,0
Manhattan Police,1966-11-01,Kansas,23480,KS08101,,not updated,normal return,normal return,normal return,not updated,breakdown offenses,breakdown offenses,breakdown offenses,0,0,0,0,0,0,0,0,2,1,0,0,1,8,0,0,2,1,5,8,7,1,0,66,9,9,0,0,88,50,3,5,83,88,0,0,0,0,0,0,0,0,0,0,5,0,0,0,1,4,0,0,0,0,9,3,3,0,0,13,8,1,1,12,13,0,0,0,0,0,0,0,0,0,0,0,0,0,0,0,0,0,0,0,0,2,0,0,0,0,2,2,0,0,2,2,0,0,0,0,0,0,0,0,0,0,0,0,0,0,0,0,0,0,0,0,0,0,0,0,0,0,0,0,0,0,0
Manhattan Police,1966-12-01,Kansas,23480,KS08101,,not updated,normal return,normal return,normal return,not updated,breakdown offenses,breakdown offenses,breakdown offenses,0,0,0,0,0,0,0,0,0,0,0,0,0,6,0,0,1,1,4,9,7,2,0,56,6,6,0,0,73,45,2,2,71,73,0,0,0,0,0,0,0,0,0,0,3,0,0,0,1,2,1,0,0,1,6,2,2,0,0,10,5,1,1,9,10,0,0,0,0,0,0,0,0,0,0,0,0,0,0,0,0,0,0,0,0,4,1,1,0,0,5,4,0,0,5,5,0,0,0,0,0,0,0,0,0,0,0,0,0,0,0,0,0,0,0,0,0,0,0,0,0,0,0,0,0,0,0
Manhattan Police,1967-01-01,Kansas,23850,KS08101,,not updated,normal return,normal return,normal return,not updated,breakdown offenses,breakdown offenses,breakdown offenses,0,0,0,0,0,0,0,0,0,0,0,0,0,3,0,0,0,0,3,11,5,6,0,48,5,5,0,0,64,35,0,0,64,64,0,0,0,0,0,0,0,0,0,0,3,0,0,0,0,3,1,0,1,0,6,1,1,0,0,8,6,0,0,8,8,0,0,0,0,0,0,0,0,0,0,0,0,0,0,0,0,0,0,0,0,1,1,1,0,0,2,1,0,0,2,2,0,0,0,0,0,0,0,0,0,0,0,0,0,0,0,0,0,0,0,0,0,0,0,0,0,0,0,0,0,0,0
Manhattan Police,1967-02-01,Kansas,23850,KS08101,,not updated,normal return,normal return,normal return,not updated,breakdown offenses,breakdown offenses,breakdown offenses,0,0,0,0,0,0,0,0,0,0,0,0,0,4,0,0,0,0,4,10,8,2,0,37,3,3,0,0,50,28,0,0,50,50,0,0,0,0,0,0,0,0,0,0,3,0,0,0,0,3,1,1,0,0,7,1,1,0,0,9,5,0,0,9,9,0,0,0,0,0,0,0,0,0,0,0,0,0,0,0,0,1,1,0,0,2,0,0,0,0,3,2,0,0,3,3,0,0,0,0,0,0,0,0,0,0,0,0,0,0,0,0,0,0,0,0,0,0,0,0,0,0,0,0,0,0,0
Manhattan Police,1967-03-01,Kansas,23850,KS08101,,not updated,normal return,normal return,normal return,not updated,breakdown offenses,breakdown offenses,breakdown offenses,0,0,0,0,0,0,0,0,0,0,0,0,0,3,0,0,0,0,3,25,18,5,2,53,4,4,0,0,82,44,0,0,82,82,0,0,0,0,0,0,0,0,0,0,1,0,0,0,0,1,2,2,0,0,7,0,0,0,0,9,6,0,0,9,9,0,0,0,0,0,0,0,0,0,0,0,0,0,0,0,0,0,0,0,0,3,0,0,0,0,3,3,0,0,3,3,0,0,0,0,0,0,0,0,0,0,0,0,0,0,0,0,0,0,0,0,0,0,0,0,0,0,0,0,0,0,0
Manhattan Police,1967-04-01,Kansas,23850,KS08101,,not updated,normal return,normal return,normal return,not updated,breakdown offenses,breakdown offenses,breakdown offenses,0,0,0,0,0,0,0,0,0,0,0,0,0,7,0,0,0,0,7,11,10,1,0,36,6,6,0,0,53,22,0,0,53,53,0,0,0,0,0,0,0,0,0,0,3,0,0,0,0,3,2,2,0,0,6,3,3,0,0,11,4,0,0,11,11,0,0,0,0,0,0,0,0,0,0,0,0,0,0,0,0,2,2,0,0,3,2,2,0,0,7,1,0,0,7,7,0,0,0,0,0,0,0,0,0,0,0,0,0,0,0,0,0,0,0,0,0,0,0,0,0,0,0,0,0,0,0
Manhattan Police,1967-05-01,Kansas,23850,KS08101,,not updated,normal return,normal return,normal return,not updated,breakdown offenses,breakdown offenses,breakdown offenses,0,0,0,0,1,1,1,0,0,0,0,0,0,8,1,0,0,0,7,18,7,10,1,63,3,3,0,0,87,50,1,3,84,87,0,1,0,0,0,0,0,0,0,0,5,1,0,0,0,4,0,0,0,0,5,1,1,0,0,8,2,1,2,6,8,0,1,0,0,0,0,0,0,0,0,1,0,0,0,0,1,0,0,0,0,0,0,0,0,0,1,0,0,1,0,1,0,0,0,0,0,0,0,0,0,0,0,0,0,0,0,0,0,0,0,0,0,0,0,0,0,0,0,0,0,0,0
Manhattan Police,1967-06-01,Kansas,23850,KS08101,,not updated,normal return,normal return,normal return,not updated,breakdown offenses,breakdown offenses,breakdown offenses,0,0,0,0,0,0,0,0,1,0,0,0,1,3,0,0,0,0,3,13,9,2,2,57,2,2,0,0,73,45,0,1,72,73,0,0,0,0,0,1,0,0,0,1,2,0,0,0,0,2,9,7,2,0,4,1,1,0,0,15,3,0,1,14,15,0,0,0,0,0,0,0,0,0,0,0,0,0,0,0,0,9,7,2,0,2,0,0,0,0,11,1,0,0,11,11,0,0,0,0,0,0,0,0,0,0,0,0,0,0,0,0,0,0,0,0,0,0,0,0,0,0,0,0,0,0,0
Manhattan Police,1967-07-01,Kansas,23850,KS08101,,not updated,normal return,normal return,normal return,not updated,breakdown offenses,breakdown offenses,breakdown offenses,0,0,0,0,0,0,0,0,0,0,0,0,0,6,0,1,0,0,5,13,5,6,2,64,1,1,0,0,79,46,1,1,78,79,0,0,0,0,0,0,0,0,0,0,1,0,0,0,0,1,1,1,0,0,10,0,0,0,0,11,9,0,0,11,11,0,0,0,0,0,0,0,0,0,0,0,0,0,0,0,0,0,0,0,0,4,0,0,0,0,4,4,0,0,4,4,0,0,0,0,0,0,0,0,0,0,0,0,0,0,0,0,0,0,0,0,0,0,0,0,0,0,0,0,0,0,0
Manhattan Police,1967-08-01,Kansas,23850,KS08101,,not updated,normal return,normal return,normal return,not updated,breakdown offenses,breakdown offenses,breakdown offenses,0,0,0,0,0,0,0,0,0,0,0,0,0,7,0,0,0,0,7,25,16,2,7,41,3,3,0,0,69,30,0,0,69,69,0,0,0,0,0,0,0,0,0,0,5,0,1,0,0,4,8,8,0,0,9,1,1,0,0,19,9,1,1,18,19,0,0,0,0,0,0,0,0,0,0,2,0,1,0,0,1,7,7,0,0,1,0,0,0,0,9,1,1,1,8,9,0,0,0,0,0,0,0,0,0,0,0,0,0,0,0,0,0,0,0,0,0,0,0,0,0,0,0,0,0,0,0
Manhattan Police,1967-09-01,Kansas,23850,KS08101,,not updated,normal return,normal return,normal return,not updated,breakdown offenses,breakdown offenses,breakdown offenses,0,0,0,0,0,0,0,0,0,0,0,0,0,9,1,0,0,0,8,20,15,5,0,52,2,2,0,0,75,41,1,1,74,75,0,0,0,0,0,0,0,0,0,0,6,1,0,0,0,5,2,1,1,0,2,0,0,0,0,5,1,1,1,4,5,0,0,0,0,0,0,0,0,0,0,0,0,0,0,0,0,2,1,1,0,0,0,0,0,0,2,0,0,0,2,2,0,0,0,0,0,0,0,0,0,0,0,0,0,0,0,0,0,0,0,0,0,0,0,0,0,0,0,0,0,0,0
Manhattan Police,1967-10-01,Kansas,23850,KS08101,,not updated,normal return,normal return,normal return,not updated,breakdown offenses,breakdown offenses,breakdown offenses,0,0,0,0,0,0,0,0,1,0,0,0,1,8,1,1,1,0,5,19,10,6,3,53,7,7,0,0,83,48,3,4,79,83,0,0,0,0,0,0,0,0,0,0,1,0,0,0,0,1,2,1,1,0,8,1,1,0,0,11,8,0,0,11,11,0,0,0,0,0,0,0,0,0,0,0,0,0,0,0,0,2,1,1,0,3,0,0,0,0,5,3,0,0,5,5,0,0,0,0,0,0,0,0,0,0,0,0,0,0,0,0,0,0,0,0,0,0,0,0,0,0,0,0,0,0,0
Manhattan Police,1967-11-01,Kansas,23850,KS08101,,not updated,normal return,normal return,normal return,not updated,breakdown offenses,breakdown offenses,breakdown offenses,0,0,0,0,0,1,0,1,1,0,0,0,1,4,0,0,0,0,4,21,19,1,1,56,2,2,0,0,81,39,0,2,79,81,0,0,1,0,1,1,0,0,0,1,4,0,0,0,0,4,0,0,0,0,5,0,0,0,0,7,3,0,2,5,7,0,0,0,0,0,0,0,0,0,0,0,0,0,0,0,0,0,0,0,0,0,0,0,0,0,0,0,0,0,0,0,0,0,0,0,0,0,0,0,0,0,0,0,0,0,0,0,0,0,0,0,0,0,0,0,0,0,0,0,0,0,0
Manhattan Police,1967-12-01,Kansas,23850,KS08101,,not updated,normal return,normal return,normal return,not updated,breakdown offenses,breakdown offenses,breakdown offenses,0,0,0,0,0,0,0,0,0,0,0,0,0,8,0,0,0,0,8,15,11,1,3,65,2,2,0,0,82,55,0,0,82,82,0,0,0,0,0,0,0,0,0,0,4,0,0,0,0,4,2,2,0,0,7,0,0,0,0,9,6,0,0,9,9,0,0,0,0,0,0,0,0,0,0,0,0,0,0,0,0,1,1,0,0,2,0,0,0,0,3,1,0,0,3,3,0,0,0,0,0,0,0,0,0,0,0,0,0,0,0,0,0,0,0,0,0,0,0,0,0,0,0,0,0,0,0
Manhattan Police,1968-01-01,Kansas,23547,KS08101,,not updated,normal return,normal return,normal return,not updated,breakdown offenses,breakdown offenses,breakdown offenses,0,0,0,0,0,1,0,1,0,0,0,0,0,9,0,1,1,0,7,11,10,1,0,61,0,0,0,0,75,42,2,3,72,75,0,0,0,0,0,0,0,0,0,0,5,0,1,0,0,4,3,2,1,0,5,0,0,0,0,9,5,1,1,8,9,0,0,0,0,0,0,0,0,0,0,0,0,0,0,0,0,2,1,1,0,3,0,0,0,0,5,3,0,0,5,5,0,0,0,0,0,0,0,0,0,0,0,0,0,0,0,0,0,0,0,0,0,0,0,0,0,0,0,0,0,0,0
Manhattan Police,1968-02-01,Kansas,23547,KS08101,,not updated,normal return,normal return,normal return,not updated,breakdown offenses,breakdown offenses,breakdown offenses,0,0,0,0,0,1,0,1,2,0,0,0,2,7,0,0,0,0,7,20,12,4,4,58,1,1,0,0,82,42,0,3,79,82,0,0,0,0,0,0,0,0,0,0,1,0,0,0,0,1,1,1,0,0,10,1,1,0,0,12,5,0,0,12,12,0,0,0,0,0,0,0,0,0,0,0,0,0,0,0,0,0,0,0,0,0,1,1,0,0,1,0,0,0,1,1,0,0,0,0,0,0,0,0,0,0,0,0,0,0,0,0,0,0,0,0,0,0,0,0,0,0,0,0,0,0,0
Manhattan Police,1968-03-01,Kansas,23547,KS08101,,not updated,normal return,normal return,normal return,not updated,breakdown offenses,breakdown offenses,breakdown offenses,0,0,0,0,0,1,0,1,1,1,0,0,0,10,1,1,0,0,8,17,7,6,4,63,2,2,0,0,86,50,2,4,82,86,0,0,0,0,0,0,0,0,0,0,3,1,0,0,0,2,0,0,0,0,3,0,0,0,0,4,3,1,1,3,4,0,0,0,0,0,0,0,0,0,0,0,0,0,0,0,0,0,0,0,0,1,0,0,0,0,1,1,0,0,1,1,0,0,0,0,0,0,0,0,0,0,0,0,0,0,0,0,0,0,0,0,0,0,0,0,0,0,0,0,0,0,0
Manhattan Police,1968-04-01,Kansas,23547,KS08101,,not updated,normal return,normal return,normal return,not updated,breakdown offenses,breakdown offenses,breakdown offenses,0,0,0,0,0,0,0,0,0,0,0,0,0,13,2,0,0,0,11,16,12,2,2,56,6,6,0,0,80,41,2,2,78,80,0,0,0,0,0,0,0,0,0,0,4,0,0,0,0,4,1,1,0,0,7,0,0,0,0,8,6,0,0,8,8,0,0,0,0,0,0,0,0,0,0,0,0,0,0,0,0,1,1,0,0,0,0,0,0,0,1,0,0,0,1,1,0,0,0,0,0,0,0,0,0,0,0,0,0,0,0,0,0,0,0,0,0,0,0,0,0,0,0,0,0,0,0
Manhattan Police,1968-05-01,Kansas,23547,KS08101,,not updated,normal return,normal return,normal return,not updated,breakdown offenses,breakdown offenses,breakdown offenses,0,0,0,0,0,0,0,0,0,0,0,0,0,12,0,1,0,0,11,29,20,8,1,82,5,5,0,0,117,42,1,1,116,117,0,0,0,0,0,0,0,0,0,0,3,0,0,0,0,3,7,5,2,0,5,0,0,0,0,12,2,0,0,12,12,0,0,0,0,0,0,0,0,0,0,0,0,0,0,0,0,7,5,2,0,0,0,0,0,0,7,0,0,0,7,7,0,0,0,0,0,0,0,0,0,0,0,0,0,0,0,0,0,0,0,0,0,0,0,0,0,0,0,0,0,0,0
Manhattan Police,1968-06-01,Kansas,23547,KS08101,,not updated,normal return,normal return,normal return,not updated,breakdown offenses,breakdown offenses,breakdown offenses,0,0,0,0,0,0,0,0,1,0,0,0,1,9,0,0,0,0,9,9,3,3,3,45,2,2,0,0,57,34,0,1,56,57,0,0,0,0,0,1,0,0,0,1,2,0,0,0,0,2,1,1,0,0,5,1,1,0,0,8,5,0,1,7,8,0,0,0,0,0,0,0,0,0,0,0,0,0,0,0,0,0,0,0,0,4,0,0,0,0,4,4,0,0,4,4,0,0,0,0,0,0,0,0,0,0,0,0,0,0,0,0,0,0,0,0,0,0,0,0,0,0,0,0,0,0,0
Manhattan Police,1968-07-01,Kansas,23547,KS08101,,not updated,normal return,normal return,normal return,not updated,breakdown offenses,breakdown offenses,breakdown offenses,0,0,0,0,1,0,0,0,1,0,0,0,1,15,0,1,2,0,12,12,6,5,1,66,11,11,0,0,94,47,3,5,89,94,0,1,0,0,0,0,0,0,0,0,7,0,1,2,0,4,3,1,2,0,3,4,4,0,0,14,2,3,4,10,14,0,0,0,0,0,0,0,0,0,0,1,0,1,0,0,0,1,0,1,0,0,0,0,0,0,2,0,1,1,1,2,0,0,0,0,0,0,0,0,0,0,0,0,0,0,0,0,0,0,0,0,0,0,0,0,0,0,0,0,0,0,0
Manhattan Police,1968-08-01,Kansas,23547,KS08101,,not updated,normal return,normal return,normal return,not updated,breakdown offenses,breakdown offenses,breakdown offenses,0,0,0,0,0,0,0,0,1,1,0,0,0,17,3,1,0,2,11,18,14,4,0,61,6,6,0,0,92,51,6,7,85,92,0,0,0,0,0,0,0,0,0,0,8,2,0,1,0,5,2,2,0,0,5,1,1,0,0,11,3,3,3,8,11,0,0,0,0,0,0,0,0,0,0,0,0,0,0,0,0,0,0,0,0,1,0,0,0,0,1,1,0,0,1,1,0,0,0,0,0,0,0,0,0,0,0,0,0,0,0,0,0,0,0,0,0,0,0,0,0,0,0,0,0,0,0
Manhattan Police,1968-09-01,Kansas,23547,KS08101,,not updated,normal return,normal return,normal return,not updated,breakdown offenses,breakdown offenses,breakdown offenses,0,0,0,0,0,0,0,0,1,1,0,0,0,15,1,1,1,0,12,14,11,0,3,64,4,4,0,0,86,48,3,4,82,86,0,0,0,0,0,0,0,0,0,0,7,0,0,1,0,6,0,0,0,0,2,1,1,0,0,4,2,1,1,3,4,0,0,0,0,0,0,0,0,0,0,0,0,0,0,0,0,0,0,0,0,1,1,1,0,0,2,1,0,0,2,2,0,0,0,0,0,0,0,0,0,0,0,0,0,0,0,0,0,0,0,0,0,0,0,0,0,0,0,0,0,0,0
Manhattan Police,1968-10-01,Kansas,23547,KS08101,,not updated,normal return,normal return,normal return,not updated,breakdown offenses,breakdown offenses,breakdown offenses,0,0,0,0,0,1,0,1,1,0,0,0,1,14,1,1,0,2,10,18,11,4,3,92,8,8,0,0,124,62,4,6,118,124,0,0,0,0,0,0,0,0,0,0,3,0,0,0,0,3,1,1,0,0,10,1,1,0,0,12,8,0,0,12,12,0,0,0,0,0,0,0,0,0,0,0,0,0,0,0,0,0,0,0,0,3,1,1,0,0,4,2,0,0,4,4,0,0,0,0,0,0,0,0,0,0,0,0,0,0,0,0,0,0,0,0,0,0,0,0,0,0,0,0,0,0,0
Manhattan Police,1968-11-01,Kansas,23547,KS08101,,not updated,normal return,normal return,normal return,not updated,breakdown offenses,breakdown offenses,breakdown offenses,0,0,0,0,0,0,0,0,1,1,0,0,0,11,0,0,0,0,11,17,9,7,1,91,1,1,0,0,110,55,0,1,109,110,0,0,0,0,0,0,0,0,0,0,8,0,0,0,1,7,7,3,4,0,4,1,1,0,0,13,3,1,1,12,13,0,0,0,0,0,0,0,0,0,0,1,0,0,0,0,1,2,1,1,0,1,0,0,0,0,3,1,0,0,3,3,0,0,0,0,0,0,0,0,0,0,0,0,0,0,0,0,0,0,0,0,0,0,0,0,0,0,0,0,0,0,0
Manhattan Police,1968-12-01,Kansas,23547,KS08101,,not updated,normal return,normal return,normal return,not updated,breakdown offenses,breakdown offenses,breakdown offenses,0,0,0,0,0,1,1,0,1,0,0,0,1,10,0,0,1,0,9,10,5,3,2,96,10,10,0,0,119,66,1,3,116,119,0,0,1,1,0,1,0,0,0,1,2,0,0,0,0,2,2,1,1,0,6,4,4,0,0,14,5,0,2,12,14,0,0,0,0,0,0,0,0,0,0,0,0,0,0,0,0,0,0,0,0,0,0,0,0,0,0,0,0,0,0,0,0,0,0,0,0,0,0,0,0,0,0,0,0,0,0,0,0,0,0,0,0,0,0,0,0,0,0,0,0,0,0
Manhattan Police,1969-01-01,Kansas,24796,KS08101,,not updated,normal return,normal return,normal return,not updated,breakdown offenses,breakdown offenses,breakdown offenses,0,0,0,0,0,0,0,0,2,1,0,0,1,9,1,1,0,0,7,18,14,4,0,54,8,8,0,0,84,38,2,4,80,84,0,0,0,0,0,0,0,0,0,0,2,0,0,0,0,2,4,1,3,0,5,2,2,0,0,11,3,0,0,11,11,0,0,0,0,0,0,0,0,0,0,1,0,0,0,0,1,1,0,1,0,2,0,0,0,0,3,0,0,0,3,3,0,0,0,0,0,0,0,0,0,0,0,0,0,0,0,0,0,0,0,0,0,0,0,0,0,0,0,0,0,0,0
Manhattan Police,1969-02-01,Kansas,24796,KS08101,,not updated,normal return,normal return,normal return,not updated,breakdown offenses,breakdown offenses,breakdown offenses,0,0,0,0,0,0,0,0,3,3,0,0,0,7,0,0,0,0,7,17,15,1,1,68,7,7,0,0,95,40,0,3,92,95,0,0,0,0,0,0,0,0,0,0,3,0,0,0,0,3,0,0,0,0,4,1,1,0,0,5,4,0,0,5,5,0,0,0,0,0,0,0,0,0,0,0,0,0,0,0,0,0,0,0,0,1,0,0,0,0,1,1,0,0,1,1,0,0,0,0,0,0,0,0,0,0,0,0,0,0,0,0,0,0,0,0,0,0,0,0,0,0,0,0,0,0,0
Manhattan Police,1969-03-01,Kansas,24796,KS08101,,not updated,normal return,normal return,normal return,not updated,breakdown offenses,breakdown offenses,breakdown offenses,0,0,0,0,0,0,0,0,4,2,0,0,2,10,0,0,0,2,8,7,6,0,1,103,15,15,0,0,131,52,2,6,125,131,0,0,0,0,0,1,0,0,0,1,3,0,0,0,0,3,1,1,0,0,2,0,0,0,0,4,1,0,1,3,4,0,0,0,0,0,0,0,0,0,0,0,0,0,0,0,0,0,0,0,0,0,0,0,0,0,0,0,0,0,0,0,0,0,0,0,0,0,0,0,0,0,0,0,0,0,0,0,0,0,0,0,0,0,0,0,0,0,0,0,0,0,0
Manhattan Police,1969-04-01,Kansas,24796,KS08101,,not updated,normal return,normal return,normal return,not updated,breakdown offenses,breakdown offenses,breakdown offenses,0,0,0,0,0,0,0,0,2,2,0,0,0,9,0,1,0,0,8,15,10,3,2,84,8,8,0,0,110,50,1,3,107,110,0,0,0,0,0,0,0,0,0,0,4,0,0,0,0,4,2,1,1,0,4,3,3,0,0,9,3,0,0,9,9,0,0,0,0,0,0,0,0,0,0,0,0,0,0,0,0,1,0,1,0,1,0,0,0,0,2,1,0,0,2,2,0,0,0,0,0,0,0,0,0,0,0,0,0,0,0,0,0,0,0,0,0,0,0,0,0,0,0,0,0,0,0
Manhattan Police,1969-05-01,Kansas,24796,KS08101,,not updated,normal return,normal return,normal return,not updated,breakdown offenses,breakdown offenses,breakdown offenses,0,0,0,0,0,0,0,0,2,0,0,0,2,15,2,1,0,0,12,9,7,2,0,118,6,6,0,0,138,70,3,5,133,138,0,0,0,0,0,0,0,0,0,0,3,2,0,0,0,1,0,0,0,0,11,2,2,0,0,15,8,2,2,13,15,0,0,0,0,0,0,0,0,0,0,0,0,0,0,0,0,0,0,0,0,1,0,0,0,0,1,0,0,0,1,1,0,0,0,0,0,0,0,0,0,0,0,0,0,0,0,0,0,0,0,0,0,0,0,0,0,0,0,0,0,0,0
Manhattan Police,1969-06-01,Kansas,24796,KS08101,,not updated,normal return,normal return,normal return,not updated,breakdown offenses,breakdown offenses,breakdown offenses,0,0,0,0,0,2,0,2,5,1,0,0,4,14,2,1,1,1,9,25,14,6,5,108,7,7,0,0,152,57,5,12,140,152,0,0,0,0,0,1,0,0,0,1,4,0,0,0,0,4,2,1,1,0,7,1,1,0,0,11,6,0,1,10,11,0,0,0,0,0,0,0,0,0,0,0,0,0,0,0,0,0,0,0,0,2,0,0,0,0,2,2,0,0,2,2,0,0,0,0,0,0,0,0,0,0,0,0,0,0,0,0,0,0,0,0,0,0,0,0,0,0,0,0,0,0,0
Manhattan Police,1969-07-01,Kansas,24796,KS08101,,not updated,adjustment,normal return,normal return,not updated,breakdown offenses,breakdown offenses,breakdown offenses,0,0,0,0,0,0,0,0,2,2,0,0,0,4,0,0,0,0,4,21,16,4,1,128,12,12,0,0,163,75,0,2,161,163,0,0,0,0,0,0,0,0,0,0,4,0,0,0,0,4,1,0,1,0,9,2,2,0,0,12,7,0,0,12,12,0,0,0,0,0,0,0,0,0,0,0,0,0,0,0,0,0,0,0,0,2,1,1,0,0,3,2,0,0,3,3,0,0,0,0,0,0,0,0,0,0,0,0,0,0,0,0,0,0,0,0,0,0,0,0,0,0,0,0,0,0,0
Manhattan Police,1969-08-01,Kansas,24796,KS08101,,not updated,normal return,normal return,normal return,not updated,breakdown offenses,breakdown offenses,breakdown offenses,0,0,0,1,0,0,0,0,0,0,0,0,0,12,0,1,1,0,10,26,17,6,3,107,6,6,0,0,142,73,2,3,139,142,0,0,0,0,0,0,0,0,0,0,5,0,1,0,0,4,3,2,1,0,3,2,2,0,0,9,3,1,1,8,9,0,0,0,0,0,0,0,0,0,0,1,0,0,0,0,1,1,0,1,0,1,0,0,0,0,2,1,0,0,2,2,0,0,0,0,0,0,0,0,0,0,0,0,0,0,0,0,0,0,0,0,0,0,0,0,0,0,0,0,0,0,0
Manhattan Police,1969-09-01,Kansas,24796,KS08101,,not updated,normal return,normal return,normal return,not updated,breakdown offenses,breakdown offenses,breakdown offenses,0,0,0,0,0,0,0,0,2,1,0,0,1,7,0,0,0,0,7,12,7,4,1,105,8,8,0,0,127,52,0,2,125,127,1,0,0,0,0,2,1,0,0,1,3,0,0,0,0,3,4,2,2,0,7,1,1,0,0,15,4,0,3,12,15,0,0,0,0,0,0,0,0,0,0,1,0,0,0,0,1,0,0,0,0,1,0,0,0,0,1,1,0,0,1,1,0,0,0,0,0,0,0,0,0,0,0,0,0,0,0,0,0,0,0,0,0,0,0,0,0,0,0,0,0,0,0
Manhattan Police,1969-10-01,Kansas,24796,KS08101,,not updated,normal return,normal return,normal return,not updated,breakdown offenses,breakdown offenses,breakdown offenses,0,0,0,1,0,0,0,0,1,1,0,0,0,6,0,0,0,0,6,9,5,3,1,106,12,12,0,0,129,46,0,2,127,129,1,0,0,0,0,1,1,0,0,0,7,1,0,0,0,6,1,0,1,0,5,3,3,0,0,12,3,1,3,9,12,0,0,0,0,0,0,0,0,0,0,1,0,0,0,0,1,0,0,0,0,2,0,0,0,0,2,2,0,0,2,2,0,0,0,0,0,0,0,0,0,0,0,0,0,0,0,0,0,0,0,0,0,0,0,0,0,0,0,0,0,0,0
Manhattan Police,1969-11-01,Kansas,24796,KS08101,,not updated,normal return,normal return,normal return,not updated,breakdown offenses,breakdown offenses,breakdown offenses,0,0,0,0,0,0,0,0,4,3,0,0,1,11,0,1,0,0,10,17,11,3,3,112,6,6,0,0,140,63,1,5,135,140,0,0,0,0,0,0,0,0,0,0,5,0,1,0,0,4,0,0,0,0,8,1,1,0,0,10,4,1,1,9,10,0,0,0,0,0,0,0,0,0,0,1,0,0,0,0,1,0,0,0,0,3,0,0,0,0,3,2,0,0,3,3,0,0,0,0,0,0,0,0,0,0,0,0,0,0,0,0,0,0,0,0,0,0,0,0,0,0,0,0,0,0,0
Manhattan Police,1969-12-01,Kansas,24796,KS08101,,not updated,normal return,normal return,normal return,not updated,breakdown offenses,breakdown offenses,breakdown offenses,0,0,0,0,0,0,0,0,1,0,0,0,1,9,1,0,0,0,8,18,11,3,4,112,5,5,0,0,137,74,1,2,135,137,0,0,0,0,0,0,0,0,0,0,8,0,0,0,0,8,2,1,1,0,9,1,1,0,0,12,7,0,0,12,12,0,0,0,0,0,0,0,0,0,0,0,0,0,0,0,0,0,0,0,0,1,0,0,0,0,1,1,0,0,1,1,0,0,0,0,0,0,0,0,0,0,0,0,0,0,0,0,0,0,0,0,0,0,0,0,0,0,0,0,0,0,0
Manhattan Police,1970-01-01,Kansas,27575,KS08101,,not updated,normal return,normal return,normal return,not updated,breakdown offenses,breakdown offenses,breakdown offenses,0,0,0,0,0,0,0,0,1,1,0,0,0,8,2,0,0,0,6,9,4,4,1,87,2,2,0,0,101,54,2,3,98,101,0,0,0,0,0,0,0,0,0,0,4,2,0,0,0,2,0,0,0,0,10,0,0,0,0,12,8,2,2,10,12,0,0,0,0,0,0,0,0,0,0,0,0,0,0,0,0,0,0,0,0,4,0,0,0,0,4,3,0,0,4,4,0,0,0,0,0,0,0,0,0,0,0,0,0,0,0,0,0,0,0,0,0,0,0,0,0,0,0,0,0,0,0
Manhattan Police,1970-02-01,Kansas,27575,KS08101,,not updated,normal return,normal return,normal return,not updated,breakdown offenses,breakdown offenses,breakdown offenses,0,0,0,0,0,0,0,0,1,1,0,0,0,4,0,0,0,0,4,15,11,1,3,95,8,8,0,0,119,54,0,1,118,119,0,0,0,0,0,0,0,0,0,0,2,0,0,0,0,2,1,0,0,1,15,3,3,0,0,19,10,0,0,19,19,0,0,0,0,0,0,0,0,0,0,0,0,0,0,0,0,1,0,0,1,4,0,0,0,0,5,4,0,0,5,5,0,0,0,0,0,0,0,0,0,0,0,0,0,0,0,0,0,0,0,0,0,0,0,0,0,0,0,0,0,0,0
Manhattan Police,1970-03-01,Kansas,27575,KS08101,,not updated,normal return,normal return,normal return,not updated,breakdown offenses,breakdown offenses,breakdown offenses,0,0,0,0,0,0,0,0,0,0,0,0,0,6,0,1,1,0,4,13,11,1,1,134,7,7,0,0,156,79,2,2,154,156,0,0,0,0,0,0,0,0,0,0,2,0,0,0,0,2,2,2,0,0,19,0,0,0,0,21,18,0,0,21,21,0,0,0,0,0,0,0,0,0,0,0,0,0,0,0,0,0,0,0,0,1,0,0,0,0,1,1,0,0,1,1,0,0,0,0,0,0,0,0,0,0,0,0,0,0,0,0,0,0,0,0,0,0,0,0,0,0,0,0,0,0,0
Manhattan Police,1970-04-01,Kansas,27575,KS08101,,not updated,normal return,normal return,normal return,not updated,breakdown offenses,breakdown offenses,breakdown offenses,0,0,0,0,0,0,0,0,2,1,0,0,1,6,1,0,0,0,5,36,18,17,1,116,6,6,0,0,161,59,1,3,158,161,0,0,0,0,0,0,0,0,0,0,4,1,0,0,0,3,0,0,0,0,4,0,0,0,0,5,4,1,1,4,5,0,0,0,0,0,0,0,0,0,0,0,0,0,0,0,0,0,0,0,0,3,0,0,0,0,3,3,0,0,3,3,0,0,0,0,0,0,0,0,0,0,0,0,0,0,0,0,0,0,0,0,0,0,0,0,0,0,0,0,0,0,0
Manhattan Police,1970-05-01,Kansas,27575,KS08101,,not updated,normal return,normal return,normal return,not updated,breakdown offenses,breakdown offenses,breakdown offenses,0,0,0,0,0,0,0,0,2,0,0,0,2,9,2,1,0,0,6,30,20,10,0,100,8,8,0,0,143,59,3,5,138,143,0,0,0,0,0,1,0,0,0,1,1,0,0,0,0,1,3,2,1,0,10,2,2,0,0,16,7,0,1,15,16,0,0,0,0,0,1,0,0,0,1,0,0,0,0,0,0,0,0,0,0,1,1,1,0,0,3,1,0,1,2,3,0,0,0,0,0,0,0,0,0,0,0,0,0,0,0,0,0,0,0,0,0,0,0,0,0,0,0,0,0,0,0
Manhattan Police,1970-06-01,Kansas,27575,KS08101,,not updated,normal return,normal return,normal return,not updated,breakdown offenses,breakdown offenses,breakdown offenses,0,0,0,0,0,0,0,0,3,2,0,0,1,10,1,1,0,0,8,27,18,7,2,85,9,9,0,0,126,52,2,5,121,126,0,0,0,0,0,0,0,0,0,0,3,1,0,0,0,2,3,2,1,0,5,0,0,0,0,9,5,1,1,8,9,0,0,0,0,0,0,0,0,0,0,0,0,0,0,0,0,1,1,0,0,0,0,0,0,0,1,0,0,0,1,1,0,0,0,0,0,0,0,0,0,0,0,0,0,0,0,0,0,0,0,0,0,0,0,0,0,0,0,0,0,0,0
Manhattan Police,1970-07-01,Kansas,27575,KS08101,,not updated,normal return,normal return,normal return,not updated,breakdown offenses,breakdown offenses,breakdown offenses,0,0,0,0,0,0,0,0,2,2,0,0,0,11,2,0,0,0,9,35,21,14,0,81,8,8,0,0,128,60,2,4,124,128,0,0,0,0,0,1,1,0,0,0,4,0,0,0,0,4,1,1,0,0,12,2,2,0,0,16,9,0,1,15,16,0,0,0,0,0,0,0,0,0,0,0,0,0,0,0,0,0,0,0,0,4,0,0,0,0,4,4,0,0,4,4,0,0,0,0,0,0,0,0,0,0,0,0,0,0,0,0,0,0,0,0,0,0,0,0,0,0,0,0,0,0,0
Manhattan Police,1970-08-01,Kansas,27575,KS08101,,not updated,normal return,normal return,normal return,not updated,breakdown offenses,breakdown offenses,breakdown offenses,0,0,0,0,0,0,0,0,5,3,0,0,2,10,0,0,1,0,9,39,28,11,0,90,11,11,0,0,146,49,1,6,140,146,0,0,0,0,0,0,0,0,0,0,1,0,0,0,0,1,1,0,1,0,7,1,1,0,0,9,6,0,0,9,9,0,0,0,0,0,0,0,0,0,0,0,0,0,0,0,0,0,0,0,0,0,0,0,0,0,0,0,0,0,0,0,0,0,0,0,0,0,0,0,0,0,0,0,0,0,0,0,0,0,0,0,0,0,0,0,0,0,0,0,0,0,0
Manhattan Police,1970-09-01,Kansas,27575,KS08101,,not updated,normal return,normal return,normal return,not updated,breakdown offenses,breakdown offenses,breakdown offenses,0,0,0,0,0,0,0,0,8,6,0,0,2,11,3,0,0,2,6,32,19,13,0,84,10,10,0,0,139,42,5,13,126,139,0,0,0,0,0,0,0,0,0,0,1,0,0,0,0,1,2,2,0,0,7,1,1,0,0,10,5,0,0,10,10,0,0,0,0,0,0,0,0,0,0,0,0,0,0,0,0,0,0,0,0,1,0,0,0,0,1,0,0,0,1,1,0,0,0,0,0,0,0,0,0,0,0,0,0,0,0,0,0,0,0,0,0,0,0,0,0,0,0,0,0,0,0
Manhattan Police,1970-10-01,Kansas,27575,KS08101,,not updated,normal return,normal return,normal return,not updated,breakdown offenses,breakdown offenses,breakdown offenses,0,0,0,0,0,1,1,0,5,3,0,0,2,9,0,0,0,0,9,43,25,16,2,105,8,8,0,0,162,63,0,6,156,162,0,0,0,0,0,1,1,0,0,0,5,0,0,0,0,5,3,3,0,0,19,5,5,0,0,28,18,0,1,27,28,0,0,0,0,0,0,0,0,0,0,0,0,0,0,0,0,1,1,0,0,8,1,1,0,0,10,7,0,0,10,10,0,0,0,0,0,0,0,0,0,0,0,0,0,0,0,0,0,0,0,0,0,0,0,0,0,0,0,0,0,0,0
Manhattan Police,1970-11-01,Kansas,27575,KS08101,,not updated,normal return,normal return,normal return,not updated,breakdown offenses,breakdown offenses,breakdown offenses,0,0,0,1,0,0,0,0,5,5,0,0,0,6,1,1,1,0,3,42,26,13,3,118,8,8,0,0,177,55,3,9,168,177,1,0,0,0,0,2,2,0,0,0,7,1,0,0,0,6,1,1,0,0,14,0,0,0,0,19,13,1,4,15,19,0,0,0,0,0,0,0,0,0,0,0,0,0,0,0,0,0,0,0,0,5,0,0,0,0,5,5,0,0,5,5,0,0,0,0,0,0,0,0,0,0,0,0,0,0,0,0,0,0,0,0,0,0,0,0,0,0,0,0,0,0,0
Manhattan Police,1970-12-01,Kansas,27575,KS08101,,not updated,normal return,normal return,normal return,not updated,breakdown offenses,breakdown offenses,breakdown offenses,0,0,0,0,0,2,2,0,4,3,0,0,1,6,2,1,0,0,3,35,22,12,1,109,3,3,0,0,156,68,3,9,147,156,0,0,0,0,0,0,0,0,0,0,1,0,0,0,0,1,4,4,0,0,16,2,2,0,0,22,15,0,0,22,22,0,0,0,0,0,0,0,0,0,0,0,0,0,0,0,0,0,0,0,0,5,0,0,0,0,5,5,0,0,5,5,0,0,0,0,0,0,0,0,0,0,0,0,0,0,0,0,0,0,0,0,0,0,0,0,0,0,0,0,0,0,0
Manhattan Police,1971-01-01,Kansas,28500,KS08101,,not updated,normal return,normal return,normal return,not updated,breakdown offenses,breakdown offenses,breakdown offenses,0,0,0,0,0,0,0,0,6,4,0,0,2,9,0,0,0,0,9,15,11,4,0,76,4,4,0,0,101,30,0,6,95,101,0,0,0,0,0,2,2,0,0,0,7,0,0,0,0,7,5,4,1,0,13,1,1,0,0,21,6,0,2,19,21,0,0,0,0,0,0,0,0,0,0,0,0,0,0,0,0,0,0,0,0,4,0,0,0,0,4,2,0,0,4,4,0,0,0,0,0,0,0,0,0,0,0,0,0,0,0,0,0,0,0,0,0,0,0,0,0,0,0,0,0,0,0
Manhattan Police,1971-02-01,Kansas,28500,KS08101,,not updated,normal return,normal return,normal return,not updated,breakdown offenses,breakdown offenses,breakdown offenses,0,0,0,0,0,1,0,1,0,0,0,0,0,2,1,0,0,0,1,16,8,8,0,70,4,4,0,0,92,28,1,2,90,92,0,0,0,0,0,2,2,0,0,0,3,1,0,0,0,2,1,1,0,0,10,1,1,0,0,15,8,1,3,12,15,0,0,0,0,0,0,0,0,0,0,0,0,0,0,0,0,0,0,0,0,2,0,0,0,0,2,1,0,0,2,2,0,0,0,0,0,0,0,0,0,0,0,0,0,0,0,0,0,0,0,0,0,0,0,0,0,0,0,0,0,0,0
Manhattan Police,1971-03-01,Kansas,28500,KS08101,,not updated,normal return,normal return,normal return,not updated,breakdown offenses,breakdown offenses,breakdown offenses,0,0,0,0,0,0,0,0,1,1,0,0,0,7,0,0,0,2,5,28,24,3,1,90,8,8,0,0,129,47,2,3,126,129,0,0,0,0,0,0,0,0,0,0,2,0,0,0,0,2,2,2,0,0,10,5,5,0,0,17,10,0,0,17,17,0,0,0,0,0,0,0,0,0,0,0,0,0,0,0,0,0,0,0,0,4,0,0,0,0,4,4,0,0,4,4,0,0,0,0,0,0,0,0,0,0,0,0,0,0,0,0,0,0,0,0,0,0,0,0,0,0,0,0,0,0,0
Manhattan Police,1971-04-01,Kansas,28500,KS08101,,not updated,adjustment,normal return,normal return,not updated,breakdown offenses,breakdown offenses,breakdown offenses,0,0,0,0,0,0,0,0,1,0,0,0,1,8,1,4,0,0,3,31,22,9,0,110,7,7,0,0,154,57,5,6,148,154,0,0,0,0,0,0,0,0,0,0,3,0,1,0,0,2,0,0,0,0,18,1,1,0,0,20,15,1,1,19,20,0,0,0,0,0,0,0,0,0,0,0,0,0,0,0,0,0,0,0,0,5,0,0,0,0,5,5,0,0,5,5,0,0,0,0,0,0,0,0,0,0,0,0,0,0,0,0,0,0,0,0,0,0,0,0,0,0,0,0,0,0,0
Manhattan Police,1971-05-01,Kansas,28500,KS08101,,not updated,normal return,normal return,normal return,not updated,breakdown offenses,breakdown offenses,breakdown offenses,0,0,0,1,0,0,0,0,2,0,0,0,2,10,0,0,0,1,9,25,18,7,0,107,3,3,0,0,139,62,1,4,135,139,1,0,0,0,0,0,0,0,0,0,6,1,0,0,0,5,5,4,1,0,21,0,0,0,0,28,18,1,2,26,28,0,0,0,0,0,0,0,0,0,0,0,0,0,0,0,0,3,2,1,0,7,0,0,0,0,10,7,0,0,10,10,0,0,0,0,0,0,0,0,0,0,0,0,0,0,0,0,0,0,0,0,0,0,0,0,0,0,0,0,0,0,0
Manhattan Police,1971-06-01,Kansas,28500,KS08101,,not updated,normal return,normal return,normal return,not updated,breakdown offenses,breakdown offenses,breakdown offenses,0,0,0,0,0,0,0,0,3,0,0,0,3,7,0,4,0,0,3,21,19,1,1,104,3,3,0,0,135,82,4,7,128,135,0,0,0,0,0,1,0,0,0,1,7,0,2,0,0,5,4,4,0,0,8,0,0,0,0,15,5,2,3,12,15,0,0,0,0,0,0,0,0,0,0,0,0,0,0,0,0,1,1,0,0,0,0,0,0,0,1,0,0,0,1,1,0,0,0,0,0,0,0,0,0,0,0,0,0,0,0,0,0,0,0,0,0,0,0,0,0,0,0,0,0,0,0
Manhattan Police,1971-07-01,Kansas,28500,KS08101,,not updated,normal return,normal return,normal return,not updated,breakdown offenses,breakdown offenses,breakdown offenses,0,0,0,0,1,1,1,0,4,3,0,0,1,8,0,0,0,0,8,41,21,15,5,91,3,3,0,0,141,52,0,6,135,141,0,1,1,1,0,2,1,0,0,1,8,0,0,0,0,8,4,3,1,0,15,0,0,0,0,23,11,0,4,19,23,0,0,0,0,0,0,0,0,0,0,0,0,0,0,0,0,1,1,0,0,3,0,0,0,0,4,2,0,0,4,4,0,0,0,0,0,0,0,0,0,0,0,0,0,0,0,0,0,0,0,0,0,0,0,0,0,0,0,0,0,0,0
Manhattan Police,1971-08-01,Kansas,28500,KS08101,,not updated,normal return,normal return,normal return,not updated,breakdown offenses,breakdown offenses,breakdown offenses,0,0,0,0,0,0,0,0,2,1,0,0,1,10,0,0,1,1,8,47,32,14,1,77,7,7,0,0,135,53,2,4,131,135,0,0,0,0,0,1,1,0,0,0,5,0,0,0,0,5,7,7,0,0,17,1,1,0,0,26,14,0,1,25,26,0,0,0,0,0,0,0,0,0,0,0,0,0,0,0,0,2,2,0,0,8,0,0,0,0,10,8,0,0,10,10,0,0,0,0,0,0,0,0,0,0,0,0,0,0,0,0,0,0,0,0,0,0,0,0,0,0,0,0,0,0,0
Manhattan Police,1971-09-01,Kansas,28500,KS08101,,not updated,normal return,normal return,normal return,not updated,breakdown offenses,breakdown offenses,breakdown offenses,0,0,0,0,0,0,0,0,3,1,0,0,2,14,0,0,1,1,12,21,10,10,1,101,9,9,0,0,136,66,2,5,131,136,0,0,0,0,0,0,0,0,0,0,15,0,0,0,0,15,2,1,1,0,20,1,1,0,0,23,17,0,0,23,23,0,0,0,0,0,0,0,0,0,0,0,0,0,0,0,0,0,0,0,0,7,0,0,0,0,7,6,0,0,7,7,0,0,0,0,0,0,0,0,0,0,0,0,0,0,0,0,0,0,0,0,0,0,0,0,0,0,0,0,0,0,0
Manhattan Police,1971-10-01,Kansas,28500,KS08101,,not updated,normal return,normal return,normal return,not updated,breakdown offenses,breakdown offenses,breakdown offenses,0,0,0,0,0,0,0,0,4,1,0,0,3,12,1,1,4,0,6,22,11,11,0,114,5,5,0,0,151,57,6,10,141,151,0,0,0,0,0,1,0,0,0,1,5,1,0,0,0,4,1,1,0,0,8,1,1,0,0,12,6,1,2,10,12,0,0,0,0,0,0,0,0,0,0,1,0,0,0,0,1,0,0,0,0,2,0,0,0,0,2,2,0,0,2,2,0,0,0,0,0,0,0,0,0,0,0,0,0,0,0,0,0,0,0,0,0,0,0,0,0,0,0,0,0,0,0
Manhattan Police,1971-11-01,Kansas,28500,KS08101,,not updated,normal return,normal return,normal return,not updated,breakdown offenses,breakdown offenses,breakdown offenses,0,0,0,0,0,0,0,0,2,1,0,0,1,9,1,0,0,1,7,29,20,5,4,97,2,2,0,0,132,51,2,4,128,132,0,0,0,0,0,0,0,0,0,0,6,0,0,3,0,3,3,2,1,0,14,2,2,0,0,22,12,3,3,19,22,0,0,0,0,0,0,0,0,0,0,0,0,0,0,0,0,0,0,0,0,3,0,0,0,0,3,3,0,0,3,3,0,0,0,0,0,0,0,0,0,0,0,0,0,0,0,0,0,0,0,0,0,0,0,0,0,0,0,0,0,0,0
Manhattan Police,1971-12-01,Kansas,28500,KS08101,,not updated,normal return,normal return,normal return,not updated,breakdown offenses,breakdown offenses,breakdown offenses,0,0,0,0,0,2,2,0,3,3,0,0,0,10,1,0,1,0,8,23,19,1,3,130,5,5,0,0,165,88,2,7,158,165,0,0,2,2,0,0,0,0,0,0,1,0,0,0,0,1,2,1,1,0,27,1,1,0,0,32,26,0,2,30,32,0,0,0,0,0,0,0,0,0,0,0,0,0,0,0,0,0,0,0,0,9,0,0,0,0,9,8,0,0,9,9,0,0,0,0,0,0,0,0,0,0,0,0,0,0,0,0,0,0,0,0,0,0,0,0,0,0,0,0,0,0,0
Manhattan Police,1972-01-01,Kansas,29827,KS08101,,not updated,normal return,normal return,normal return,not updated,breakdown offenses,breakdown offenses,breakdown offenses,0,0,0,0,0,0,0,0,1,1,0,0,0,13,1,1,3,0,8,27,13,13,1,74,2,2,0,0,109,30,5,6,103,109,0,0,1,1,0,0,0,0,0,0,4,1,0,1,1,1,0,0,0,0,14,0,0,0,0,18,11,3,4,14,18,0,0,0,0,0,0,0,0,0,0,0,0,0,0,0,0,0,0,0,0,0,0,0,0,0,0,0,0,0,0,0,0,0,0,0,0,0,0,0,0,0,0,0,0,0,0,0,0,0,0,0,0,0,0,0,0,0,0,0,0,0,0
Manhattan Police,1972-02-01,Kansas,29827,KS08101,,not updated,normal return,normal return,normal return,not updated,breakdown offenses,breakdown offenses,breakdown offenses,0,0,0,0,0,0,0,0,2,2,0,0,0,6,0,1,1,0,4,32,27,5,0,85,5,5,0,0,126,40,2,4,122,126,0,0,0,0,0,1,1,0,0,0,5,0,1,0,0,4,1,1,0,0,5,0,0,0,0,8,5,1,2,6,8,0,0,0,0,0,0,0,0,0,0,0,0,0,0,0,0,0,0,0,0,2,0,0,0,0,2,2,0,0,2,2,0,0,0,0,0,0,0,0,0,0,0,0,0,0,0,0,0,0,0,0,0,0,0,0,0,0,0,0,0,0,0
Manhattan Police,1972-03-01,Kansas,29827,KS08101,,not updated,normal return,normal return,normal return,not updated,breakdown offenses,breakdown offenses,breakdown offenses,0,0,0,0,0,0,0,0,5,4,0,0,1,18,2,2,2,1,11,36,29,1,6,127,8,8,0,0,183,62,7,12,171,183,0,0,0,0,0,2,2,0,0,0,7,1,1,1,1,3,0,0,0,0,24,2,2,0,0,32,22,4,6,26,32,0,0,0,0,0,0,0,0,0,0,1,0,0,1,0,0,0,0,0,0,8,1,1,0,0,10,7,1,1,9,10,0,0,0,0,0,0,0,0,0,0,0,0,0,0,0,0,0,0,0,0,0,0,0,0,0,0,0,0,0,0,0
Manhattan Police,1972-04-01,Kansas,29827,KS08101,,not updated,normal return,normal return,normal return,not updated,breakdown offenses,breakdown offenses,breakdown offenses,0,0,0,0,0,1,0,1,1,1,0,0,0,9,1,0,1,1,6,40,25,10,5,139,8,8,0,0,192,77,3,5,187,192,0,0,0,0,0,1,1,0,0,0,8,1,0,0,0,7,1,1,0,0,27,2,2,0,0,32,26,1,2,30,32,0,0,0,0,0,0,0,0,0,0,0,0,0,0,0,0,1,1,0,0,3,1,1,0,0,5,2,0,0,5,5,0,0,0,0,0,0,0,0,0,0,0,0,0,0,0,0,0,0,0,0,0,0,0,0,0,0,0,0,0,0,0
Manhattan Police,1972-05-01,Kansas,29827,KS08101,,not updated,normal return,normal return,normal return,not updated,breakdown offenses,breakdown offenses,breakdown offenses,0,0,0,0,0,0,0,0,2,0,0,0,2,12,2,1,1,1,7,46,28,14,4,141,0,0,0,0,194,70,5,7,187,194,0,0,0,0,0,0,0,0,0,0,6,1,0,0,0,5,2,1,0,1,20,0,0,0,0,23,18,1,1,22,23,0,0,0,0,0,0,0,0,0,0,0,0,0,0,0,0,0,0,0,0,6,0,0,0,0,6,5,0,0,6,6,0,0,0,0,0,0,0,0,0,0,0,0,0,0,0,0,0,0,0,0,0,0,0,0,0,0,0,0,0,0,0
Manhattan Police,1972-06-01,Kansas,29827,KS08101,,not updated,normal return,normal return,normal return,not updated,breakdown offenses,breakdown offenses,breakdown offenses,0,0,0,0,0,1,0,1,3,2,0,0,1,7,0,0,0,0,7,44,26,13,5,86,1,1,0,0,135,53,0,4,131,135,0,0,1,0,1,1,0,0,0,1,7,0,0,0,0,7,2,1,1,0,25,0,0,0,0,29,20,0,2,27,29,0,0,0,0,0,1,0,0,0,1,0,0,0,0,0,0,1,1,0,0,2,0,0,0,0,4,2,0,1,3,4,0,0,0,0,0,0,0,0,0,0,0,0,0,0,0,0,0,0,0,0,0,0,0,0,0,0,0,0,0,0,0
Manhattan Police,1972-07-01,Kansas,29827,KS08101,,not updated,normal return,normal return,normal return,not updated,breakdown offenses,breakdown offenses,breakdown offenses,0,0,0,0,0,0,0,0,2,1,0,0,1,14,2,0,1,0,11,30,19,8,3,99,3,3,0,0,137,53,3,5,132,137,0,0,0,0,0,0,0,0,0,0,6,0,0,0,0,6,0,0,0,0,18,0,0,0,0,18,15,0,0,18,18,0,0,0,0,0,0,0,0,0,0,1,0,0,0,0,1,0,0,0,0,4,0,0,0,0,4,4,0,0,4,4,0,0,0,0,0,0,0,0,0,0,0,0,0,0,0,0,0,0,0,0,0,0,0,0,0,0,0,0,0,0,0
Manhattan Police,1972-08-01,Kansas,29827,KS08101,,not updated,normal return,normal return,normal return,not updated,breakdown offenses,breakdown offenses,breakdown offenses,0,0,0,0,0,0,0,0,3,2,0,0,1,12,2,2,3,1,4,47,38,7,2,107,9,9,0,0,174,61,8,11,163,174,0,0,0,0,0,1,1,0,0,0,8,4,2,1,0,1,3,3,0,0,19,0,0,0,0,30,17,7,8,22,30,0,0,0,0,0,0,0,0,0,0,0,0,0,0,0,0,1,1,0,0,4,0,0,0,0,5,3,0,0,5,5,0,0,0,0,0,0,0,0,0,0,0,0,0,0,0,0,0,0,0,0,0,0,0,0,0,0,0,0,0,0,0
Manhattan Police,1972-09-01,Kansas,29827,KS08101,,not updated,adjustment,normal return,normal return,not updated,breakdown offenses,breakdown offenses,breakdown offenses,0,0,0,0,0,1,1,0,0,0,0,0,0,17,2,1,0,0,14,39,23,13,3,103,15,15,0,0,161,46,3,4,157,161,0,0,0,0,0,0,0,0,0,0,9,1,0,1,0,7,2,1,1,0,14,2,2,0,0,20,12,2,2,18,20,0,0,0,0,0,0,0,0,0,0,0,0,0,0,0,0,1,0,1,0,5,1,1,0,0,7,5,0,0,7,7,0,0,0,0,0,0,0,0,0,0,0,0,0,0,0,0,0,0,0,0,0,0,0,0,0,0,0,0,0,0,0
Manhattan Police,1972-10-01,Kansas,29827,KS08101,,not updated,normal return,normal return,normal return,not updated,breakdown offenses,breakdown offenses,breakdown offenses,0,0,0,0,0,0,0,0,2,2,0,0,0,23,4,2,0,0,17,17,11,5,1,98,12,12,0,0,135,49,6,8,127,135,0,0,0,0,0,1,0,0,0,1,14,1,1,1,1,10,14,13,1,0,19,11,11,0,0,49,11,4,5,44,49,0,0,0,0,0,0,0,0,0,0,0,0,0,0,0,0,8,7,1,0,4,10,10,0,0,22,2,0,0,22,22,0,0,0,0,0,0,0,0,0,0,0,0,0,0,0,0,0,0,0,0,0,0,0,0,0,0,0,0,0,0,0
Manhattan Police,1972-11-01,Kansas,29827,KS08101,,not updated,normal return,normal return,normal return,not updated,breakdown offenses,breakdown offenses,breakdown offenses,0,0,0,0,0,0,0,0,4,3,0,0,1,19,1,3,1,0,14,41,29,8,4,84,13,13,0,0,147,46,5,9,138,147,0,0,0,0,0,3,3,0,0,0,10,1,4,0,0,5,6,5,1,0,22,4,4,0,0,40,21,5,8,32,40,0,0,0,0,0,0,0,0,0,0,0,0,0,0,0,0,4,4,0,0,6,2,2,0,0,12,6,0,0,12,12,0,0,0,0,0,0,0,0,0,0,0,0,0,0,0,0,0,0,0,0,0,0,0,0,0,0,0,0,0,0,0
Manhattan Police,1972-12-01,Kansas,29827,KS08101,,not updated,normal return,normal return,normal return,not updated,breakdown offenses,breakdown offenses,breakdown offenses,0,0,0,0,0,0,0,0,3,3,0,0,0,10,1,1,2,0,6,33,20,11,2,87,1,1,0,0,128,59,4,7,121,128,0,0,1,1,0,3,2,0,0,1,16,4,3,2,0,7,59,56,3,0,25,10,10,0,0,107,20,9,13,94,107,0,0,0,0,0,2,1,0,0,1,1,0,0,1,0,0,51,49,2,0,3,10,10,0,0,67,2,1,3,64,67,0,0,0,0,0,0,0,0,0,0,0,0,0,0,0,0,0,0,0,0,0,0,0,0,0,0,0,0,0,0,0
Manhattan Police,1973-01-01,Kansas,27787,KS08101,,not updated,normal return,normal return,normal return,not updated,breakdown offenses,breakdown offenses,breakdown offenses,0,0,0,0,0,0,0,0,9,7,0,0,2,9,1,0,2,2,4,42,30,10,2,42,2,2,0,0,100,22,5,14,86,100,0,0,0,0,0,0,0,0,0,0,9,1,0,2,1,5,13,10,2,1,17,0,0,0,0,34,11,4,4,30,34,0,0,0,0,0,0,0,0,0,0,3,1,0,1,0,1,7,6,1,0,2,0,0,0,0,11,2,2,2,9,11,0,0,0,0,0,0,0,0,0,0,0,0,0,0,0,0,0,0,0,0,0,0,0,0,0,0,0,0,0,0,0
Manhattan Police,1973-02-01,Kansas,27787,KS08101,,not updated,normal return,normal return,normal return,not updated,breakdown offenses,breakdown offenses,breakdown offenses,0,0,0,0,1,1,0,1,1,1,0,0,0,3,0,0,0,0,3,21,15,5,1,61,4,4,0,0,89,35,0,3,86,89,0,0,0,0,0,3,3,0,0,0,2,1,0,0,0,1,18,14,3,1,18,3,3,0,0,43,14,1,4,39,43,0,0,0,0,0,3,3,0,0,0,1,0,0,0,0,1,6,5,1,0,3,0,0,0,0,12,2,0,3,9,12,0,0,0,0,0,0,0,0,0,0,0,0,0,0,0,0,0,0,0,0,0,0,0,0,0,0,0,0,0,0,0
Manhattan Police,1973-03-01,Kansas,27787,KS08101,,not updated,normal return,normal return,normal return,not updated,breakdown offenses,breakdown offenses,breakdown offenses,0,0,0,0,0,0,0,0,0,0,0,0,0,10,1,1,0,0,8,43,36,5,2,73,6,6,0,0,124,31,2,2,122,124,0,0,0,0,0,2,1,0,0,1,3,1,0,0,0,2,4,3,1,0,11,1,1,0,0,19,9,1,3,16,19,0,0,0,0,0,1,1,0,0,0,1,0,0,0,0,1,3,2,1,0,0,0,0,0,0,4,0,0,1,3,4,0,0,0,0,0,0,0,0,0,0,0,0,0,0,0,0,0,0,0,0,0,0,0,0,0,0,0,0,0,0,0
Manhattan Police,1973-04-01,Kansas,27787,KS08101,,not updated,normal return,normal return,normal return,not updated,breakdown offenses,breakdown offenses,breakdown offenses,0,0,0,0,0,0,0,0,4,3,0,0,1,13,1,0,2,0,10,47,37,4,6,98,11,11,0,0,163,50,3,7,156,163,0,0,0,0,0,0,0,0,0,0,2,0,0,0,0,2,5,5,0,0,20,3,3,0,0,28,15,0,0,28,28,0,0,0,0,0,0,0,0,0,0,0,0,0,0,0,0,1,1,0,0,2,3,3,0,0,6,2,0,0,6,6,0,0,0,0,0,0,0,0,0,0,0,0,0,0,0,0,0,0,0,0,0,0,0,0,0,0,0,0,0,0,0
Manhattan Police,1973-05-01,Kansas,27787,KS08101,,not updated,normal return,normal return,normal return,not updated,breakdown offenses,breakdown offenses,breakdown offenses,0,0,0,2,0,0,0,0,1,0,0,0,1,5,0,1,0,0,4,40,33,5,2,68,2,2,0,0,114,31,1,4,110,114,2,0,0,0,0,1,0,0,0,1,3,0,1,0,0,2,10,7,1,2,15,0,0,0,0,29,14,1,4,25,29,0,0,0,0,0,0,0,0,0,0,0,0,0,0,0,0,4,3,1,0,4,0,0,0,0,8,4,0,0,8,8,0,0,0,0,0,0,0,0,0,0,0,0,0,0,0,0,0,0,0,0,0,0,0,0,0,0,0,0,0,0,0
Manhattan Police,1973-06-01,Kansas,27787,KS08101,,not updated,normal return,normal return,normal return,not updated,breakdown offenses,breakdown offenses,breakdown offenses,0,0,0,0,0,0,0,0,1,1,0,0,0,8,2,0,1,0,5,31,24,4,3,60,5,5,0,0,100,35,3,4,96,100,0,0,0,0,0,0,0,0,0,0,6,2,0,0,0,4,2,1,1,0,15,1,1,0,0,20,13,2,2,18,20,0,0,0,0,0,0,0,0,0,0,0,0,0,0,0,0,1,0,1,0,3,0,0,0,0,4,3,0,0,4,4,0,0,0,0,0,0,0,0,0,0,0,0,0,0,0,0,0,0,0,0,0,0,0,0,0,0,0,0,0,0,0
Manhattan Police,1973-07-01,Kansas,27787,KS08101,,not updated,normal return,normal return,normal return,not updated,breakdown offenses,breakdown offenses,breakdown offenses,0,0,0,0,0,1,1,0,0,0,0,0,0,2,0,1,0,0,1,38,32,5,1,64,9,9,0,0,113,31,1,2,111,113,0,0,0,0,0,1,1,0,0,0,4,0,0,0,0,4,5,3,2,0,9,1,1,0,0,16,5,0,1,15,16,0,0,0,0,0,0,0,0,0,0,0,0,0,0,0,0,1,1,0,0,0,0,0,0,0,1,0,0,0,1,1,0,0,0,0,0,0,0,0,0,0,0,0,0,0,0,0,0,0,0,0,0,0,0,0,0,0,0,0,0,0,0
Manhattan Police,1973-08-01,Kansas,27787,KS08101,,not updated,normal return,normal return,normal return,not updated,breakdown offenses,breakdown offenses,breakdown offenses,0,0,0,0,0,1,1,0,5,3,0,0,2,14,1,0,3,1,9,43,31,9,3,94,8,8,0,0,156,37,5,11,145,156,0,0,1,1,0,0,0,0,0,0,3,0,0,0,0,3,23,20,2,1,8,3,3,0,0,35,6,0,1,34,35,0,0,0,0,0,0,0,0,0,0,0,0,0,0,0,0,20,17,2,1,4,2,2,0,0,26,4,0,0,26,26,0,0,0,0,0,0,0,0,0,0,0,0,0,0,0,0,0,0,0,0,0,0,0,0,0,0,0,0,0,0,0
Manhattan Police,1973-09-01,Kansas,27787,KS08101,,not updated,normal return,normal return,normal return,not updated,breakdown offenses,breakdown offenses,breakdown offenses,0,0,0,0,0,2,1,1,2,1,0,0,1,12,3,1,2,1,5,46,39,6,1,93,5,5,0,0,155,38,7,11,144,155,0,0,0,0,0,0,0,0,0,0,5,0,0,1,0,4,6,5,1,0,9,4,4,0,0,20,6,1,1,19,20,0,0,0,0,0,0,0,0,0,0,0,0,0,0,0,0,4,3,1,0,5,4,4,0,0,13,4,0,0,13,13,0,0,0,0,0,0,0,0,0,0,0,0,0,0,0,0,0,0,0,0,0,0,0,0,0,0,0,0,0,0,0
Manhattan Police,1973-10-01,Kansas,27787,KS08101,,not updated,normal return,normal return,normal return,not updated,breakdown offenses,breakdown offenses,breakdown offenses,0,0,0,0,0,0,0,0,6,5,0,0,1,17,2,0,2,1,12,42,29,9,4,66,8,8,0,0,127,34,5,11,116,127,0,0,0,0,0,0,0,0,0,0,5,1,0,0,0,4,0,0,0,0,2,0,0,0,0,3,2,1,1,2,3,0,0,0,0,0,0,0,0,0,0,2,0,0,0,0,2,0,0,0,0,0,0,0,0,0,0,0,0,0,0,0,0,0,0,0,0,0,0,0,0,0,0,0,0,0,0,0,0,0,0,0,0,0,0,0,0,0,0,0,0,0,0
Manhattan Police,1973-11-01,Kansas,27787,KS08101,,not updated,adjustment,normal return,normal return,not updated,breakdown offenses,breakdown offenses,breakdown offenses,0,0,0,0,0,0,0,0,5,5,0,0,0,14,5,0,1,1,7,36,25,9,2,92,5,5,0,0,145,51,7,12,133,145,0,0,0,0,0,2,2,0,0,0,6,2,0,4,0,0,25,22,1,2,17,2,2,0,0,52,12,6,8,44,52,0,0,0,0,0,0,0,0,0,0,1,0,0,1,0,0,0,0,0,0,3,0,0,0,0,4,3,1,1,3,4,0,0,0,0,0,0,0,0,0,0,0,0,0,0,0,0,0,0,0,0,0,0,0,0,0,0,0,0,0,0,0
Manhattan Police,1973-12-01,Kansas,27787,KS08101,,not updated,normal return,normal return,normal return,not updated,breakdown offenses,breakdown offenses,breakdown offenses,0,0,0,0,0,0,0,0,6,5,0,0,1,6,0,0,4,2,0,34,25,8,1,68,10,10,0,0,124,31,6,12,112,124,0,0,0,0,0,1,1,0,0,0,8,1,0,0,3,4,5,4,1,0,14,3,3,0,0,27,11,4,5,22,27,0,0,0,0,0,0,0,0,0,0,0,0,0,0,0,0,2,2,0,0,1,0,0,0,0,3,0,0,0,3,3,0,0,0,0,0,0,0,0,0,0,0,0,0,0,0,0,0,0,0,0,0,0,0,0,0,0,0,0,0,0,0
Manhattan Police,1974-01-01,Kansas,28310,KS08101,,not updated,normal return,normal return,normal return,normal return,breakdown offenses,breakdown offenses,breakdown offenses,0,0,0,0,0,0,0,0,0,0,0,0,0,6,1,0,1,0,4,20,16,4,0,78,0,0,0,0,104,0,2,2,98,100,0,0,0,0,0,2,2,0,0,0,4,0,1,1,0,2,11,6,5,0,19,0,0,0,0,36,0,2,4,30,34,0,0,0,0,0,1,1,0,0,0,0,0,0,0,0,0,3,2,1,0,5,0,0,0,0,9,0,0,1,8,9,0,0,0,0,0,0,0,0,0,0,0,0,0,0,0,0,0,0,0,0,0,0,0,0,0,0,0,0,0,0,0
Manhattan Police,1974-02-01,Kansas,28310,KS08101,,not updated,normal return,normal return,normal return,normal return,breakdown offenses,breakdown offenses,breakdown offenses,0,0,2,0,0,0,0,0,2,2,0,0,0,11,1,1,0,3,6,20,17,3,0,88,8,7,1,0,129,0,5,7,116,123,0,0,0,0,0,2,2,0,0,0,6,2,0,0,1,3,1,1,0,0,11,8,7,1,0,28,0,3,5,20,25,0,0,0,0,0,0,0,0,0,0,0,0,0,0,0,0,0,0,0,0,3,6,6,0,0,9,0,0,0,9,9,0,0,0,0,0,0,0,0,0,0,0,0,0,0,0,0,0,0,0,0,0,0,0,0,0,0,0,0,0,0,0
Manhattan Police,1974-03-01,Kansas,28310,KS08101,,not updated,normal return,normal return,normal return,normal return,breakdown offenses,breakdown offenses,breakdown offenses,0,0,0,0,0,0,0,0,5,4,0,0,1,9,1,0,1,0,7,48,37,8,3,106,14,4,4,6,182,0,2,7,168,175,0,0,0,0,0,2,2,0,0,0,9,1,0,1,2,5,17,13,3,1,84,4,2,0,2,116,0,4,6,105,111,0,0,0,0,0,0,0,0,0,0,1,0,0,0,0,1,4,3,1,0,8,2,1,0,1,15,0,0,0,14,14,0,0,0,0,0,0,0,0,0,0,0,0,0,0,0,0,0,0,0,0,0,0,0,0,0,0,0,0,0,0,0
Manhattan Police,1974-04-01,Kansas,28310,KS08101,,not updated,normal return,normal return,normal return,normal return,breakdown offenses,breakdown offenses,breakdown offenses,0,0,1,0,0,0,0,0,4,2,2,0,0,15,1,3,1,1,9,43,31,12,0,96,8,4,2,2,166,0,6,10,147,157,0,0,0,0,0,3,3,0,0,0,7,0,2,0,0,5,3,3,0,0,17,2,2,0,0,32,0,2,5,22,27,0,0,0,0,0,1,1,0,0,0,0,0,0,0,0,0,0,0,0,0,6,0,0,0,0,7,0,0,1,6,7,0,0,0,0,0,0,0,0,0,0,0,0,0,0,0,0,0,0,0,0,0,0,0,0,0,0,0,0,0,0,0
Manhattan Police,1974-05-01,Kansas,28310,KS08101,,not updated,normal return,normal return,normal return,normal return,breakdown offenses,breakdown offenses,breakdown offenses,0,0,2,0,0,1,1,0,2,2,0,0,0,11,1,1,0,0,9,32,17,11,4,98,5,2,1,2,149,0,2,5,135,140,0,0,0,0,0,1,1,0,0,0,7,1,0,1,1,4,52,39,11,2,66,3,2,1,0,129,0,3,4,121,125,0,0,0,0,0,0,0,0,0,0,2,0,0,1,0,1,0,0,0,0,7,0,0,0,0,9,0,1,1,7,8,0,0,0,0,0,0,0,0,0,0,0,0,0,0,0,0,0,0,0,0,0,0,0,0,0,0,0,0,0,0,0
Manhattan Police,1974-06-01,Kansas,28310,KS08101,,not updated,normal return,normal return,normal return,normal return,breakdown offenses,breakdown offenses,breakdown offenses,0,0,1,1,0,0,0,0,2,2,0,0,0,19,2,2,0,0,15,27,14,9,4,94,10,5,2,3,153,0,4,7,131,138,1,0,0,0,0,0,0,0,0,0,12,0,3,0,0,9,3,1,2,0,20,4,4,0,0,40,0,3,4,27,31,0,0,0,0,0,0,0,0,0,0,2,0,1,0,0,1,3,1,2,0,11,0,0,0,0,16,0,1,1,14,15,0,0,0,0,0,0,0,0,0,0,0,0,0,0,0,0,0,0,0,0,0,0,0,0,0,0,0,0,0,0,0
Manhattan Police,1974-07-01,Kansas,28310,KS08101,,not updated,normal return,normal return,normal return,normal return,breakdown offenses,breakdown offenses,breakdown offenses,0,0,0,0,0,1,1,0,3,2,0,1,0,16,4,0,1,1,10,49,32,17,0,104,9,7,2,0,182,0,6,10,162,172,0,0,0,0,0,2,2,0,0,0,13,1,0,0,0,12,4,3,0,1,29,5,5,0,0,53,0,1,3,38,41,0,0,0,0,0,0,0,0,0,0,2,0,0,0,0,2,2,2,0,0,4,0,0,0,0,8,0,0,0,6,6,0,0,0,0,0,0,0,0,0,0,0,0,0,0,0,0,0,0,0,0,0,0,0,0,0,0,0,0,0,0,0
Manhattan Police,1974-08-01,Kansas,28310,KS08101,,not updated,adjustment,adjustment,adjustment,adjustment,breakdown offenses,breakdown offenses,breakdown offenses,0,0,0,0,0,0,0,0,3,1,1,0,1,12,0,1,3,0,8,27,15,12,0,82,9,4,1,4,133,0,4,7,118,125,0,0,0,0,0,1,1,0,0,0,7,2,1,0,0,4,2,2,0,0,13,0,0,0,0,23,0,3,4,15,19,0,0,0,0,0,0,0,0,0,0,0,0,0,0,0,0,0,0,0,0,2,0,0,0,0,2,0,0,0,2,2,0,0,0,0,0,0,0,0,0,0,0,0,0,0,0,0,0,0,0,0,0,0,0,0,0,0,0,0,0,0,0
Manhattan Police,1974-09-01,Kansas,28310,KS08101,,not updated,normal return,normal return,normal return,normal return,breakdown offenses,breakdown offenses,breakdown offenses,0,0,1,0,0,2,0,2,4,1,0,0,3,16,0,2,0,0,14,38,25,12,1,116,7,6,0,1,183,0,2,8,161,169,0,0,0,0,0,0,0,0,0,0,7,0,1,0,0,6,3,2,1,0,23,4,3,1,0,37,0,1,1,30,31,0,0,0,0,0,0,0,0,0,0,1,0,0,0,0,1,1,0,1,0,4,0,0,0,0,6,0,0,0,5,5,0,0,0,0,0,0,0,0,0,0,0,0,0,0,0,0,0,0,0,0,0,0,0,0,0,0,0,0,0,0,0
Manhattan Police,1974-10-01,Kansas,28310,KS08101,,not updated,normal return,normal return,normal return,normal return,breakdown offenses,breakdown offenses,breakdown offenses,0,0,2,0,0,1,1,0,3,3,0,0,0,16,6,2,0,0,8,34,24,8,2,110,11,8,1,2,175,0,8,12,155,167,0,0,1,1,0,1,0,1,0,0,14,2,1,1,0,10,15,11,3,1,17,1,1,0,0,49,0,4,6,33,39,0,0,0,0,0,0,0,0,0,0,0,0,0,0,0,0,2,0,1,1,7,1,1,0,0,10,0,0,0,10,10,0,0,0,0,0,0,0,0,0,0,0,0,0,0,0,0,0,0,0,0,0,0,0,0,0,0,0,0,0,0,0
Manhattan Police,1974-11-01,Kansas,28310,KS08101,,not updated,normal return,normal return,normal return,normal return,breakdown offenses,breakdown offenses,breakdown offenses,0,0,0,0,0,1,0,1,3,2,1,0,0,9,1,0,0,0,8,46,29,11,6,99,3,2,0,1,161,0,1,5,148,153,0,0,1,1,0,0,0,0,0,0,5,1,0,0,0,4,9,8,1,0,17,2,1,1,0,34,0,1,2,28,30,0,0,0,0,0,0,0,0,0,0,0,0,0,0,0,0,7,7,0,0,9,2,1,1,0,18,0,0,0,18,18,0,0,0,0,0,0,0,0,0,0,0,0,0,0,0,0,0,0,0,0,0,0,0,0,0,0,0,0,0,0,0
Manhattan Police,1974-12-01,Kansas,28310,KS08101,,not updated,normal return,normal return,normal return,normal return,breakdown offenses,breakdown offenses,breakdown offenses,0,0,0,0,0,0,0,0,3,2,0,0,1,12,4,2,0,0,6,39,20,15,4,102,5,4,0,1,161,0,6,9,146,155,0,0,0,0,0,6,5,0,0,1,10,3,1,0,0,6,13,12,0,1,15,0,0,0,0,44,0,4,10,28,38,0,0,0,0,0,0,0,0,0,0,0,0,0,0,0,0,3,3,0,0,9,0,0,0,0,12,0,0,0,12,12,0,0,0,0,0,0,0,0,0,0,0,0,0,0,0,0,0,0,0,0,0,0,0,0,0,0,0,0,0,0,0
Manhattan Police,1975-01-01,Kansas,28855,KS08101,,not updated,adjustment,adjustment,adjustment,adjustment,breakdown offenses,breakdown offenses,breakdown offenses,0,0,6,1,0,1,1,0,0,0,0,0,0,10,2,0,0,0,8,40,25,9,6,64,2,2,0,0,118,0,2,4,106,110,0,0,0,0,0,0,0,0,0,0,10,3,0,0,0,7,5,3,1,1,11,2,2,0,0,28,0,3,3,18,21,0,0,0,0,0,0,0,0,0,0,1,1,0,0,0,0,1,0,0,1,3,1,1,0,0,6,0,1,1,5,6,0,0,0,0,0,0,0,0,0,0,0,0,0,0,0,0,0,0,0,0,0,0,0,0,0,0,0,0,0,0,0
Manhattan Police,1975-02-01,Kansas,28855,KS08101,,not updated,normal return,normal return,normal return,normal return,breakdown offenses,breakdown offenses,breakdown offenses,0,0,1,0,0,0,0,0,1,1,0,0,0,9,0,0,2,0,7,20,12,5,3,73,1,0,0,1,104,0,2,3,94,97,0,0,0,0,0,0,0,0,0,0,5,0,0,1,0,4,14,6,7,1,17,0,0,0,0,36,0,1,1,31,32,0,0,0,0,0,0,0,0,0,0,0,0,0,0,0,0,2,0,1,1,7,0,0,0,0,9,0,0,0,9,9,0,0,0,0,0,0,0,0,0,0,0,0,0,0,0,0,0,0,0,0,0,0,0,0,0,0,0,0,0,0,0
Manhattan Police,1975-03-01,Kansas,28855,KS08101,,not updated,normal return,normal return,normal return,normal return,breakdown offenses,breakdown offenses,breakdown offenses,0,0,1,0,0,0,0,0,2,2,0,0,0,14,0,1,0,0,13,28,20,6,2,76,3,3,0,0,123,0,1,3,107,110,0,0,0,0,0,0,0,0,0,0,11,2,0,1,0,8,4,3,1,0,21,1,1,0,0,37,0,3,3,26,29,0,0,0,0,0,0,0,0,0,0,0,0,0,0,0,0,0,0,0,0,3,0,0,0,0,3,0,0,0,3,3,0,0,0,0,0,0,0,0,0,0,0,0,0,0,0,0,0,0,0,0,0,0,0,0,0,0,0,0,0,0,0
Manhattan Police,1975-04-01,Kansas,28855,KS08101,,not updated,normal return,normal return,normal return,normal return,breakdown offenses,breakdown offenses,breakdown offenses,0,0,4,0,0,1,1,0,1,1,0,0,0,20,5,4,1,0,10,45,35,9,1,103,7,6,0,1,177,0,10,12,155,167,1,0,1,1,0,1,1,0,0,0,12,3,0,0,0,9,8,5,3,0,19,3,3,0,0,45,0,3,6,30,36,0,0,0,0,0,0,0,0,0,0,1,0,0,0,0,1,0,0,0,0,6,0,0,0,0,7,0,0,0,6,6,0,0,0,0,0,0,0,0,0,0,0,0,0,0,0,0,0,0,0,0,0,0,0,0,0,0,0,0,0,0,0
Manhattan Police,1975-05-01,Kansas,28855,KS08101,,not updated,normal return,normal return,normal return,normal return,breakdown offenses,breakdown offenses,breakdown offenses,0,0,3,0,0,1,1,0,1,1,0,0,0,16,2,2,0,0,12,53,43,6,4,97,2,1,1,0,170,0,4,6,152,158,0,0,2,2,0,0,0,0,0,0,5,0,1,4,0,0,4,3,1,0,19,2,1,1,0,32,0,5,7,25,32,0,0,0,0,0,0,0,0,0,0,0,0,0,0,0,0,0,0,0,0,6,1,0,1,0,7,0,0,0,7,7,0,0,0,0,0,0,0,0,0,0,0,0,0,0,0,0,0,0,0,0,0,0,0,0,0,0,0,0,0,0,0
Manhattan Police,1975-06-01,Kansas,28855,KS08101,,not updated,adjustment,adjustment,adjustment,adjustment,breakdown offenses,breakdown offenses,breakdown offenses,0,0,0,0,0,2,1,1,0,0,0,0,0,18,4,2,1,0,11,27,17,8,2,100,7,3,0,4,154,0,7,9,134,143,0,0,1,0,1,0,0,0,0,0,10,3,1,0,0,6,3,3,0,0,8,2,2,0,0,24,0,4,5,13,18,0,0,0,0,0,0,0,0,0,0,0,0,0,0,0,0,0,0,0,0,2,0,0,0,0,2,0,0,0,2,2,0,0,0,0,0,0,0,0,0,0,0,0,0,0,0,0,0,0,0,0,0,0,0,0,0,0,0,0,0,0,0
Manhattan Police,1975-07-01,Kansas,28855,KS08101,,not updated,normal return,normal return,normal return,normal return,breakdown offenses,breakdown offenses,breakdown offenses,0,0,0,0,0,1,0,1,3,1,2,0,0,21,0,0,3,0,18,48,23,16,9,114,11,4,1,6,198,0,3,7,173,180,0,0,2,0,2,3,1,2,0,0,8,2,1,5,0,0,6,2,2,2,11,1,1,0,0,31,0,8,13,18,31,0,0,0,0,0,0,0,0,0,0,1,0,0,1,0,0,1,0,0,1,0,1,1,0,0,3,0,1,1,2,3,0,0,0,0,0,0,0,0,0,0,0,0,0,0,0,0,0,0,0,0,0,0,0,0,0,0,0,0,0,0,0
Manhattan Police,1975-08-01,Kansas,28855,KS08101,,not updated,not updated,not updated,not updated,not updated,missing,missing,missing,0,0,0,0,0,0,0,0,0,0,0,0,0,0,0,0,0,0,0,0,0,0,0,0,0,0,0,0,0,0,0,0,0,0,0,0,0,0,0,0,0,0,0,0,0,0,0,0,0,0,0,0,0,0,0,0,0,0,0,0,0,0,0,0,0,0,0,0,0,0,0,0,0,0,0,0,0,0,0,0,0,0,0,0,0,0,0,0,0,0,0,0,0,0,0,0,0,0,0,0,0,0,0,0,0,0,0,0,0,0,0,0,0,0,0,0,0,0,0,0,0,0,0,0,0,0,0
Manhattan Police,1975-09-01,Kansas,28855,KS08101,,not updated,not updated,not updated,not updated,not updated,missing,missing,missing,0,0,0,0,0,0,0,0,0,0,0,0,0,0,0,0,0,0,0,0,0,0,0,0,0,0,0,0,0,0,0,0,0,0,0,0,0,0,0,0,0,0,0,0,0,0,0,0,0,0,0,0,0,0,0,0,0,0,0,0,0,0,0,0,0,0,0,0,0,0,0,0,0,0,0,0,0,0,0,0,0,0,0,0,0,0,0,0,0,0,0,0,0,0,0,0,0,0,0,0,0,0,0,0,0,0,0,0,0,0,0,0,0,0,0,0,0,0,0,0,0,0,0,0,0,0,0
Manhattan Police,1975-10-01,Kansas,28855,KS08101,,not updated,normal return,normal return,normal return,normal return,breakdown offenses,breakdown offenses,breakdown offenses,0,0,0,0,0,0,0,0,3,2,1,0,0,19,3,0,0,0,16,27,18,7,2,115,7,6,0,1,171,0,3,6,149,155,0,0,0,0,0,3,1,2,0,0,13,1,1,0,0,11,4,3,1,0,28,2,2,0,0,50,0,2,5,34,39,0,0,0,0,0,2,0,2,0,0,0,0,0,0,0,0,0,0,0,0,0,0,0,0,0,2,0,0,2,0,2,0,0,0,0,0,0,0,0,0,0,0,0,0,0,0,0,0,0,0,0,0,0,0,0,0,0,0,0,0,0,0
Manhattan Police,1975-11-01,Kansas,28855,KS08101,,not updated,not updated,not updated,not updated,not updated,missing,missing,missing,0,0,0,0,0,0,0,0,0,0,0,0,0,0,0,0,0,0,0,0,0,0,0,0,0,0,0,0,0,0,0,0,0,0,0,0,0,0,0,0,0,0,0,0,0,0,0,0,0,0,0,0,0,0,0,0,0,0,0,0,0,0,0,0,0,0,0,0,0,0,0,0,0,0,0,0,0,0,0,0,0,0,0,0,0,0,0,0,0,0,0,0,0,0,0,0,0,0,0,0,0,0,0,0,0,0,0,0,0,0,0,0,0,0,0,0,0,0,0,0,0,0,0,0,0,0,0
Manhattan Police,1975-12-01,Kansas,28855,KS08101,,not updated,adjustment,not updated,not updated,adjustment,breakdown offenses,,,0,0,0,0,0,0,0,0,2,1,1,0,0,5,0,0,0,0,5,24,18,6,0,101,4,3,0,1,136,0,0,2,129,131,0,0,0,0,0,0,0,0,0,0,0,0,0,0,0,0,0,0,0,0,0,0,0,0,0,0,0,0,0,0,0,0,0,0,0,0,0,0,0,0,0,0,0,0,0,0,0,0,0,0,0,0,0,0,0,0,0,0,0,0,0,0,0,0,0,0,0,0,0,0,0,0,0,0,0,0,0,0,0,0,0,0,0,0,0,0,0,0,0,0,0,0,0
Manhattan Police,1976-01-01,Kansas,29212,KS08101,,not updated,adjustment,adjustment,adjustment,adjustment,breakdown offenses,breakdown offenses,breakdown offenses,0,0,2,0,0,0,0,0,2,1,0,1,0,9,0,0,0,0,9,24,14,7,3,120,4,3,0,1,159,0,0,2,148,150,0,0,0,0,0,0,0,0,0,0,1,0,0,0,0,1,8,6,0,2,25,3,2,0,1,37,0,0,0,36,36,0,0,0,0,0,0,0,0,0,0,0,0,0,0,0,0,2,1,0,1,13,1,1,0,0,16,0,0,0,16,16,0,0,0,0,0,0,0,0,0,0,0,0,0,0,0,0,0,0,0,0,0,0,0,0,0,0,0,0,0,0,0
Manhattan Police,1976-02-01,Kansas,29212,KS08101,,not updated,normal return,normal return,normal return,normal return,breakdown offenses,breakdown offenses,breakdown offenses,0,0,2,0,0,1,1,0,0,0,0,0,0,14,0,1,0,0,13,19,13,4,2,169,7,7,0,0,210,0,1,2,195,197,0,0,1,1,0,1,1,0,0,0,7,1,2,0,1,3,5,3,1,1,13,2,1,0,1,29,0,4,6,20,26,0,0,0,0,0,0,0,0,0,0,0,0,0,0,0,0,3,1,1,1,0,1,1,0,0,4,0,0,0,4,4,0,0,0,0,0,0,0,0,0,0,0,0,0,0,0,0,0,0,0,0,0,0,0,0,0,0,0,0,0,0,0
Manhattan Police,1976-03-01,Kansas,29212,KS08101,,not updated,normal return,normal return,normal return,normal return,breakdown offenses,breakdown offenses,breakdown offenses,0,0,0,0,1,2,2,0,1,1,0,0,0,15,1,2,0,0,12,35,26,7,2,125,3,2,0,1,182,0,3,7,163,170,0,0,0,0,0,0,0,0,0,0,7,1,0,1,0,5,17,9,6,2,64,0,0,0,0,88,0,2,2,81,83,0,0,0,0,0,0,0,0,0,0,0,0,0,0,0,0,11,8,1,2,31,0,0,0,0,42,0,0,0,42,42,0,0,0,0,0,0,0,0,0,0,0,0,0,0,0,0,0,0,0,0,0,0,0,0,0,0,0,0,0,0,0
Manhattan Police,1976-04-01,Kansas,29212,KS08101,,not updated,normal return,normal return,normal return,normal return,breakdown offenses,breakdown offenses,breakdown offenses,0,0,1,0,0,1,1,0,2,2,0,0,0,14,1,1,0,0,12,25,15,6,4,132,3,2,0,1,177,0,2,5,160,165,0,0,0,0,0,0,0,0,0,0,16,5,2,0,0,9,7,6,1,0,45,0,0,0,0,68,0,7,7,52,59,0,0,0,0,0,0,0,0,0,0,3,0,0,0,0,3,0,0,0,0,10,0,0,0,0,13,0,0,0,10,10,0,0,0,0,0,0,0,0,0,0,0,0,0,0,0,0,0,0,0,0,0,0,0,0,0,0,0,0,0,0,0
Manhattan Police,1976-05-01,Kansas,29212,KS08101,,not updated,normal return,normal return,normal return,normal return,breakdown offenses,breakdown offenses,breakdown offenses,0,0,1,0,0,-1,0,-1,4,4,0,0,0,14,2,0,1,0,11,29,18,8,3,141,9,8,0,1,196,0,3,6,179,185,0,0,0,0,0,1,1,0,0,0,15,2,1,0,0,12,11,8,3,0,42,3,3,0,0,72,0,3,4,56,60,0,0,0,0,0,0,0,0,0,0,0,0,0,0,0,0,2,2,0,0,7,1,1,0,0,10,0,0,0,10,10,0,0,0,0,0,0,0,0,0,0,0,0,0,0,0,0,0,0,0,0,0,0,0,0,0,0,0,0,0,0,0
Manhattan Police,1976-06-01,Kansas,29212,KS08101,,not updated,adjustment,adjustment,adjustment,adjustment,breakdown offenses,breakdown offenses,breakdown offenses,0,0,0,0,0,1,1,0,0,0,0,0,0,11,0,0,1,0,10,32,20,8,4,113,11,7,1,3,168,0,1,2,156,158,0,0,0,0,0,0,0,0,0,0,6,0,0,0,0,6,6,6,0,0,34,7,3,0,4,53,0,0,0,47,47,0,0,0,0,0,0,0,0,0,0,1,0,0,0,0,1,1,1,0,0,3,2,0,0,2,7,0,0,0,6,6,0,0,0,0,0,0,0,0,0,0,0,0,0,0,0,0,0,0,0,0,0,0,0,0,0,0,0,0,0,0,0
Manhattan Police,1976-07-01,Kansas,29212,KS08101,,not updated,normal return,normal return,normal return,normal return,breakdown offenses,breakdown offenses,breakdown offenses,0,0,2,0,0,2,1,1,0,1,-1,0,0,13,0,1,0,0,12,36,23,12,1,127,-2,-2,0,0,176,0,1,3,161,164,0,0,0,0,0,2,2,0,0,0,1,0,0,0,0,1,1,1,0,0,11,0,0,0,0,15,0,0,2,12,14,0,0,0,0,0,0,0,0,0,0,0,0,0,0,0,0,1,1,0,0,9,0,0,0,0,10,0,0,0,10,10,0,0,0,0,0,0,0,0,0,0,0,0,0,0,0,0,0,0,0,0,0,0,0,0,0,0,0,0,0,0,0
Manhattan Police,1976-08-01,Kansas,29212,KS08101,,not updated,normal return,normal return,normal return,normal return,breakdown offenses,breakdown offenses,breakdown offenses,0,0,1,0,0,1,1,0,2,2,0,0,0,14,0,0,0,0,14,36,26,10,0,132,2,2,0,0,187,0,0,3,170,173,0,0,0,0,0,2,2,0,0,0,7,0,0,0,0,7,4,1,3,0,14,7,7,0,0,34,0,0,2,25,27,0,0,0,0,0,0,0,0,0,0,1,0,0,0,0,1,0,0,0,0,2,0,0,0,0,3,0,0,0,2,2,0,0,0,0,0,0,0,0,0,0,0,0,0,0,0,0,0,0,0,0,0,0,0,0,0,0,0,0,0,0,0
Manhattan Police,1976-09-01,Kansas,29212,KS08101,,not updated,normal return,normal return,normal return,normal return,breakdown offenses,breakdown offenses,breakdown offenses,0,0,0,0,0,-1,-1,0,0,0,0,0,0,13,1,0,1,0,11,24,16,6,2,112,2,0,1,1,150,0,2,1,138,139,0,0,0,0,0,1,1,0,0,0,17,2,0,1,0,14,6,1,4,1,25,0,0,0,0,49,0,3,4,31,35,0,0,0,0,0,0,0,0,0,0,1,0,0,0,0,1,1,1,0,0,11,0,0,0,0,13,0,0,0,12,12,0,0,0,0,0,0,0,0,0,0,0,0,0,0,0,0,0,0,0,0,0,0,0,0,0,0,0,0,0,0,0
Manhattan Police,1976-10-01,Kansas,29212,KS08101,,not updated,normal return,normal return,normal return,normal return,breakdown offenses,breakdown offenses,breakdown offenses,0,0,0,0,0,1,1,0,5,5,0,0,0,11,1,0,0,1,9,35,21,13,1,133,10,5,0,5,195,0,2,8,178,186,0,0,0,0,0,0,0,0,0,0,8,1,0,0,1,6,6,6,0,0,22,4,3,0,1,40,0,2,2,32,34,0,0,0,0,0,0,0,0,0,0,1,0,0,0,0,1,2,2,0,0,4,3,2,0,1,10,0,0,0,9,9,0,0,0,0,0,0,0,0,0,0,0,0,0,0,0,0,0,0,0,0,0,0,0,0,0,0,0,0,0,0,0
Manhattan Police,1976-11-01,Kansas,29212,KS08101,,not updated,normal return,normal return,normal return,normal return,breakdown offenses,breakdown offenses,breakdown offenses,0,0,0,0,0,1,1,0,3,3,0,0,0,5,0,1,0,0,4,29,18,11,0,102,5,3,0,2,145,0,1,5,136,141,0,0,1,1,0,0,0,0,0,0,1,0,0,0,0,1,3,3,0,0,17,3,3,0,0,25,0,0,1,23,24,0,0,0,0,0,0,0,0,0,0,0,0,0,0,0,0,1,1,0,0,1,0,0,0,0,2,0,0,0,2,2,0,0,0,0,0,0,0,0,0,0,0,0,0,0,0,0,0,0,0,0,0,0,0,0,0,0,0,0,0,0,0
Manhattan Police,1976-12-01,Kansas,29212,KS08101,,not updated,normal return,normal return,normal return,normal return,breakdown offenses,breakdown offenses,breakdown offenses,0,0,1,0,0,2,2,0,1,1,0,0,0,2,1,0,-1,0,2,26,19,7,0,80,0,1,0,-1,111,0,0,3,106,109,0,0,1,1,0,0,0,0,0,0,6,0,0,0,0,6,11,11,0,0,18,0,0,0,0,36,0,0,1,29,30,0,0,0,0,0,0,0,0,0,0,2,0,0,0,0,2,1,1,0,0,3,0,0,0,0,6,0,0,0,4,4,0,0,0,0,0,0,0,0,0,0,0,0,0,0,0,0,0,0,0,0,0,0,0,0,0,0,0,0,0,0,0
Manhattan Police,1977-01-01,Kansas,30162,KS08101,,not updated,normal return,normal return,normal return,normal return,breakdown offenses,breakdown offenses,breakdown offenses,0,0,0,0,0,-1,-1,0,3,3,0,0,0,9,0,1,1,0,7,31,21,10,0,45,2,2,0,0,89,0,2,4,78,82,0,0,0,0,0,1,1,0,0,0,4,1,0,1,0,2,6,4,2,0,19,0,0,0,0,30,0,2,3,25,28,0,0,0,0,0,0,0,0,0,0,0,0,0,0,0,0,0,0,0,0,5,0,0,0,0,5,0,0,0,5,5,0,0,0,0,0,0,0,0,0,0,0,0,0,0,0,0,0,0,0,0,0,0,0,0,0,0,0,0,0,0,0
Manhattan Police,1977-02-01,Kansas,30162,KS08101,,not updated,adjustment,adjustment,adjustment,adjustment,breakdown offenses,breakdown offenses,breakdown offenses,0,0,0,0,0,0,0,0,1,0,1,0,0,6,1,0,0,0,5,37,26,9,2,73,1,1,0,0,118,0,1,2,111,113,0,0,0,0,0,1,0,1,0,0,3,0,0,1,0,2,4,3,0,1,6,0,0,0,0,14,0,1,2,10,12,0,0,0,0,0,0,0,0,0,0,0,0,0,0,0,0,1,1,0,0,3,0,0,0,0,4,0,0,0,4,4,0,0,0,0,0,0,0,0,0,0,0,0,0,0,0,0,0,0,0,0,0,0,0,0,0,0,0,0,0,0,0
Manhattan Police,1977-03-01,Kansas,30162,KS08101,,not updated,normal return,normal return,normal return,normal return,breakdown offenses,breakdown offenses,breakdown offenses,0,0,0,0,0,0,0,0,1,1,0,0,0,13,0,5,1,0,7,47,36,11,0,81,9,0,0,9,151,0,6,7,137,144,0,0,0,0,0,1,1,0,0,0,10,1,3,1,0,5,8,5,3,0,20,0,0,0,0,39,0,5,6,28,34,0,0,0,0,0,0,0,0,0,0,3,0,2,0,0,1,1,0,1,0,5,0,0,0,0,9,0,2,2,6,8,0,0,0,0,0,0,0,0,0,0,0,0,0,0,0,0,0,0,0,0,0,0,0,0,0,0,0,0,0,0,0
Manhattan Police,1977-04-01,Kansas,30162,KS08101,,not updated,adjustment,adjustment,adjustment,adjustment,breakdown offenses,breakdown offenses,breakdown offenses,0,0,0,0,0,0,0,0,3,2,1,0,0,11,0,1,1,0,9,50,29,20,1,114,6,2,0,4,184,0,2,5,170,175,0,0,0,0,0,1,1,0,0,0,2,0,0,0,0,2,4,3,1,0,16,2,0,0,2,25,0,0,1,22,23,0,0,0,0,0,0,0,0,0,0,0,0,0,0,0,0,0,0,0,0,4,0,0,0,0,4,0,0,0,4,4,0,0,0,0,0,0,0,0,0,0,0,0,0,0,0,0,0,0,0,0,0,0,0,0,0,0,0,0,0,0,0
Manhattan Police,1977-05-01,Kansas,30162,KS08101,,not updated,normal return,normal return,normal return,normal return,breakdown offenses,breakdown offenses,breakdown offenses,0,0,1,0,0,2,2,0,0,0,0,0,0,9,0,1,2,0,6,42,27,15,0,104,9,4,1,4,166,0,3,5,155,160,0,0,1,1,0,0,0,0,0,0,15,3,1,1,0,10,26,2,24,0,35,2,2,0,0,79,0,5,6,63,69,0,0,1,1,0,0,0,0,0,0,1,0,0,0,0,1,2,2,0,0,14,1,1,0,0,19,0,0,1,17,18,0,0,0,0,0,0,0,0,0,0,0,0,0,0,0,0,0,0,0,0,0,0,0,0,0,0,0,0,0,0,0
Manhattan Police,1977-06-01,Kansas,30162,KS08101,,not updated,adjustment,adjustment,adjustment,adjustment,breakdown offenses,breakdown offenses,breakdown offenses,0,0,0,0,0,3,3,0,1,1,0,0,0,8,2,0,1,0,5,32,14,17,1,79,6,2,0,4,129,0,3,7,117,124,0,0,1,1,0,0,0,0,0,0,10,3,0,0,0,7,1,0,1,0,26,4,2,0,2,42,0,3,4,31,35,0,0,0,0,0,0,0,0,0,0,1,0,0,0,0,1,0,0,0,0,9,1,1,0,0,11,0,0,0,10,10,0,0,0,0,0,0,0,0,0,0,0,0,0,0,0,0,0,0,0,0,0,0,0,0,0,0,0,0,0,0,0
Manhattan Police,1977-07-01,Kansas,30162,KS08101,,not updated,adjustment,adjustment,adjustment,adjustment,breakdown offenses,breakdown offenses,breakdown offenses,0,0,2,0,0,0,0,0,1,1,0,0,0,9,0,2,0,0,7,32,20,12,0,114,4,4,0,0,160,0,2,3,150,153,0,0,1,1,0,0,0,0,0,0,7,1,0,0,0,6,4,4,0,0,15,2,2,0,0,29,0,1,2,21,23,0,0,0,0,0,0,0,0,0,0,0,0,0,0,0,0,1,1,0,0,6,0,0,0,0,7,0,0,0,7,7,0,0,0,0,0,0,0,0,0,0,0,0,0,0,0,0,0,0,0,0,0,0,0,0,0,0,0,0,0,0,0
Manhattan Police,1977-08-01,Kansas,30162,KS08101,,not updated,normal return,normal return,normal return,normal return,breakdown offenses,breakdown offenses,breakdown offenses,0,0,3,1,0,1,1,0,0,0,0,0,0,14,0,1,1,0,12,40,29,11,0,97,8,5,3,0,161,0,2,4,145,149,1,0,0,0,0,0,0,0,0,0,7,1,2,0,0,4,16,16,0,0,23,4,3,1,0,51,0,3,4,43,47,0,0,0,0,0,0,0,0,0,0,1,0,1,0,0,0,0,0,0,0,12,2,2,0,0,15,0,1,1,14,15,0,0,0,0,0,0,0,0,0,0,0,0,0,0,0,0,0,0,0,0,0,0,0,0,0,0,0,0,0,0,0
Manhattan Police,1977-09-01,Kansas,30162,KS08101,,not updated,normal return,normal return,normal return,normal return,breakdown offenses,breakdown offenses,breakdown offenses,0,0,4,1,0,2,2,0,0,0,0,0,0,10,0,1,0,0,9,25,19,6,0,98,6,2,0,4,142,0,1,4,129,133,1,0,1,1,0,0,0,0,0,0,12,0,1,0,0,11,10,9,1,0,19,0,0,0,0,43,0,1,3,29,32,0,0,0,0,0,0,0,0,0,0,0,0,0,0,0,0,1,1,0,0,3,0,0,0,0,4,0,0,0,4,4,0,0,0,0,0,0,0,0,0,0,0,0,0,0,0,0,0,0,0,0,0,0,0,0,0,0,0,0,0,0,0
Manhattan Police,1977-10-01,Kansas,30162,KS08101,,not updated,normal return,normal return,normal return,normal return,breakdown offenses,breakdown offenses,breakdown offenses,0,0,2,0,0,1,1,0,2,2,0,0,0,16,4,3,0,1,8,35,22,10,3,111,6,6,0,0,171,0,8,11,152,163,0,0,0,0,0,2,2,0,0,0,7,1,1,0,0,5,5,4,1,0,14,2,2,0,0,30,0,2,4,21,25,0,0,0,0,0,0,0,0,0,0,1,0,0,0,0,1,1,0,1,0,6,1,1,0,0,9,0,0,0,8,8,0,0,0,0,0,0,0,0,0,0,0,0,0,0,0,0,0,0,0,0,0,0,0,0,0,0,0,0,0,0,0
Manhattan Police,1977-11-01,Kansas,30162,KS08101,,not updated,adjustment,adjustment,adjustment,adjustment,breakdown offenses,breakdown offenses,breakdown offenses,0,0,2,0,0,-1,-1,0,1,1,0,0,0,9,2,0,0,0,7,37,28,8,1,76,2,1,0,1,124,0,2,2,115,117,0,0,0,0,0,0,0,0,0,0,4,2,0,0,0,2,7,3,4,0,20,1,0,0,1,32,0,2,2,28,30,0,0,0,0,0,0,0,0,0,0,2,1,0,0,0,1,4,1,3,0,10,0,0,0,0,16,0,1,1,14,15,0,0,0,0,0,0,0,0,0,0,0,0,0,0,0,0,0,0,0,0,0,0,0,0,0,0,0,0,0,0,0
Manhattan Police,1977-12-01,Kansas,30162,KS08101,,not updated,adjustment,adjustment,adjustment,adjustment,breakdown offenses,breakdown offenses,breakdown offenses,0,0,1,0,0,0,0,0,1,1,0,0,0,9,0,0,1,0,8,20,14,6,0,85,8,5,2,1,123,0,1,2,113,115,0,0,0,0,0,0,0,0,0,0,4,0,0,1,0,3,4,3,1,0,24,1,0,0,1,33,0,1,1,29,30,0,0,0,0,0,0,0,0,0,0,1,0,0,1,0,0,2,2,0,0,10,0,0,0,0,13,0,1,1,12,13,0,0,0,0,0,0,0,0,0,0,0,0,0,0,0,0,0,0,0,0,0,0,0,0,0,0,0,0,0,0,0
Manhattan Police,1978-01-01,Kansas,30164,KS08101,,not updated,normal return,normal return,normal return,normal return,breakdown offenses,breakdown offenses,breakdown offenses,0,0,0,1,0,0,0,0,5,5,0,0,0,4,0,1,0,0,3,17,16,1,0,69,2,0,1,1,98,0,1,7,88,95,1,0,0,0,0,2,2,0,0,0,5,1,1,0,0,3,2,2,0,0,14,1,0,0,1,25,0,2,5,17,22,0,0,0,0,0,1,1,0,0,0,2,1,0,0,0,1,1,1,0,0,5,0,0,0,0,9,0,1,2,6,8,0,0,0,0,0,0,0,0,0,0,0,0,0,0,0,0,0,0,0,0,0,0,0,0,0,0,0,0,0,0,0
Manhattan Police,1978-02-01,Kansas,30164,KS08101,,not updated,normal return,normal return,normal return,normal return,breakdown offenses,breakdown offenses,breakdown offenses,0,0,0,0,0,0,0,0,0,0,0,0,0,8,2,2,1,1,2,13,9,4,0,63,4,2,0,2,88,0,6,6,80,86,0,0,0,0,0,1,1,0,0,0,3,0,1,0,0,2,6,4,2,0,16,2,2,0,0,28,0,1,2,24,26,0,0,0,0,0,0,0,0,0,0,0,0,0,0,0,0,1,1,0,0,2,2,2,0,0,5,0,0,0,5,5,0,0,0,0,0,0,0,0,0,0,0,0,0,0,0,0,0,0,0,0,0,0,0,0,0,0,0,0,0,0,0
Manhattan Police,1978-03-01,Kansas,30164,KS08101,,not updated,normal return,normal return,normal return,normal return,breakdown offenses,breakdown offenses,breakdown offenses,0,0,1,0,0,0,0,0,1,0,1,0,0,15,3,1,2,0,9,24,17,6,1,76,4,2,1,1,120,0,6,7,104,111,0,0,0,0,0,1,1,0,0,0,9,1,2,1,1,4,2,2,0,0,13,5,4,0,1,30,0,5,6,20,26,0,0,0,0,0,0,0,0,0,0,1,0,0,0,1,0,0,0,0,0,4,2,2,0,0,7,0,1,1,6,7,0,0,0,0,0,0,0,0,0,0,0,0,0,0,0,0,0,0,0,0,0,0,0,0,0,0,0,0,0,0,0
Manhattan Police,1978-04-01,Kansas,30164,KS08101,,not updated,normal return,normal return,normal return,normal return,breakdown offenses,breakdown offenses,breakdown offenses,0,0,0,0,0,0,0,0,3,3,0,0,0,10,0,4,-1,0,7,22,16,6,0,82,7,6,0,1,124,0,3,6,111,117,0,0,0,0,0,0,0,0,0,0,4,0,1,0,0,3,6,5,1,0,5,5,2,0,3,20,0,1,1,16,17,0,0,0,0,0,0,0,0,0,0,0,0,0,0,0,0,4,3,1,0,4,0,0,0,0,8,0,0,0,8,8,0,0,0,0,0,0,0,0,0,0,0,0,0,0,0,0,0,0,0,0,0,0,0,0,0,0,0,0,0,0,0
Manhattan Police,1978-05-01,Kansas,30164,KS08101,,not updated,normal return,normal return,normal return,normal return,breakdown offenses,breakdown offenses,breakdown offenses,0,0,0,1,0,0,0,0,2,2,0,0,0,7,2,0,0,0,5,24,15,7,2,85,6,4,2,0,125,0,2,5,115,120,1,0,0,0,0,0,0,0,0,0,4,1,1,0,0,2,1,1,0,0,27,1,1,0,0,34,0,2,3,29,32,0,0,0,0,0,0,0,0,0,0,1,0,0,0,0,1,0,0,0,0,7,0,0,0,0,8,0,0,0,7,7,0,0,0,0,0,0,0,0,0,0,0,0,0,0,0,0,0,0,0,0,0,0,0,0,0,0,0,0,0,0,0
Manhattan Police,1978-06-01,Kansas,30164,KS08101,,not updated,normal return,normal return,normal return,normal return,breakdown offenses,breakdown offenses,breakdown offenses,0,0,1,0,0,0,0,0,2,1,1,0,0,17,3,0,2,0,12,18,7,10,1,105,3,3,0,0,145,0,5,7,126,133,0,0,0,0,0,2,2,0,0,0,6,2,0,0,0,4,4,3,1,0,13,2,2,0,0,27,0,2,4,19,23,0,0,0,0,0,1,1,0,0,0,0,0,0,0,0,0,2,2,0,0,8,1,1,0,0,12,0,0,1,11,12,0,0,0,0,0,0,0,0,0,0,0,0,0,0,0,0,0,0,0,0,0,0,0,0,0,0,0,0,0,0,0
Manhattan Police,1978-07-01,Kansas,30164,KS08101,,not updated,normal return,normal return,normal return,normal return,breakdown offenses,breakdown offenses,breakdown offenses,0,0,1,0,0,0,0,0,2,2,0,0,0,11,0,1,0,0,10,47,29,16,2,83,10,5,0,5,153,0,1,3,140,143,0,0,0,0,0,1,1,0,0,0,10,4,1,0,0,5,9,7,2,0,28,4,3,1,0,52,0,5,6,41,47,0,0,0,0,0,0,0,0,0,0,0,0,0,0,0,0,4,3,1,0,9,1,1,0,0,14,0,0,0,14,14,0,0,0,0,0,0,0,0,0,0,0,0,0,0,0,0,0,0,0,0,0,0,0,0,0,0,0,0,0,0,0
Manhattan Police,1978-08-01,Kansas,30164,KS08101,,not updated,normal return,normal return,normal return,normal return,breakdown offenses,breakdown offenses,breakdown offenses,0,0,0,0,0,1,1,0,-1,-1,0,0,0,14,1,1,3,0,9,38,27,11,0,96,4,3,1,0,152,0,5,5,138,143,0,0,0,0,0,0,0,0,0,0,11,1,0,1,0,9,7,3,3,1,18,0,0,0,0,36,0,2,2,25,27,0,0,0,0,0,0,0,0,0,0,0,0,0,0,0,0,1,0,1,0,6,0,0,0,0,7,0,0,0,7,7,0,0,0,0,0,0,0,0,0,0,0,0,0,0,0,0,0,0,0,0,0,0,0,0,0,0,0,0,0,0,0
Manhattan Police,1978-09-01,Kansas,30164,KS08101,,not updated,normal return,normal return,normal return,normal return,breakdown offenses,breakdown offenses,breakdown offenses,0,0,1,0,0,0,0,0,1,1,0,0,0,14,0,1,2,1,10,32,25,6,1,113,10,5,3,2,170,0,4,5,155,160,0,0,0,0,0,3,3,0,0,0,9,0,1,2,0,6,4,3,1,0,21,1,1,0,0,38,0,3,6,26,32,0,0,0,0,0,1,1,0,0,0,1,0,0,1,0,0,0,0,0,0,10,0,0,0,0,12,0,1,2,10,12,0,0,0,0,0,0,0,0,0,0,0,0,0,0,0,0,0,0,0,0,0,0,0,0,0,0,0,0,0,0,0
Manhattan Police,1978-10-01,Kansas,30164,KS08101,,not updated,normal return,normal return,normal return,normal return,breakdown offenses,breakdown offenses,breakdown offenses,0,0,0,0,0,2,2,0,3,0,1,0,2,4,1,1,0,0,2,25,14,7,4,116,10,5,2,3,160,0,2,7,151,158,0,0,1,1,0,0,0,0,0,0,3,0,0,0,0,3,4,2,1,1,16,2,0,1,1,26,0,0,1,22,23,0,0,1,1,0,0,0,0,0,0,1,0,0,0,0,1,2,1,1,0,9,0,0,0,0,13,0,0,1,11,12,0,0,0,0,0,0,0,0,0,0,0,0,0,0,0,0,0,0,0,0,0,0,0,0,0,0,0,0,0,0,0
Manhattan Police,1978-11-01,Kansas,30164,KS08101,,not updated,normal return,normal return,normal return,normal return,breakdown offenses,breakdown offenses,breakdown offenses,0,0,1,2,0,2,2,0,4,3,0,1,0,13,0,2,0,0,11,26,19,7,0,101,5,2,1,2,153,0,2,10,132,142,1,0,0,0,0,1,1,0,0,0,3,0,0,0,0,3,0,0,0,0,9,1,0,0,1,15,0,0,2,10,12,0,0,0,0,0,0,0,0,0,0,2,0,0,0,0,2,0,0,0,0,4,1,0,0,1,7,0,0,0,5,5,0,0,0,0,0,0,0,0,0,0,0,0,0,0,0,0,0,0,0,0,0,0,0,0,0,0,0,0,0,0,0
Manhattan Police,1978-12-01,Kansas,30164,KS08101,,not updated,normal return,normal return,normal return,normal return,breakdown offenses,breakdown offenses,breakdown offenses,0,0,1,0,0,0,0,0,3,2,1,0,0,9,1,1,3,1,3,27,24,3,0,92,6,6,0,0,137,0,6,9,125,134,0,0,0,0,0,1,1,0,0,0,10,1,2,3,0,4,5,4,1,0,19,1,0,0,1,36,0,6,7,25,32,0,0,0,0,0,0,0,0,0,0,0,0,0,0,0,0,0,0,0,0,3,0,0,0,0,3,0,0,0,3,3,0,0,0,0,0,0,0,0,0,0,0,0,0,0,0,0,0,0,0,0,0,0,0,0,0,0,0,0,0,0,0
Manhattan Police,1979-01-01,Kansas,35064,KS08101,,not updated,normal return,normal return,normal return,normal return,breakdown offenses,breakdown offenses,breakdown offenses,0,0,0,0,0,-1,-1,0,3,3,0,0,0,5,1,0,1,0,3,45,34,7,4,81,2,1,1,0,135,0,2,4,128,132,0,0,0,0,0,2,2,0,0,0,1,0,0,1,0,0,14,12,2,0,19,0,0,0,0,36,0,1,3,33,36,0,0,0,0,0,0,0,0,0,0,0,0,0,0,0,0,0,0,0,0,6,0,0,0,0,6,0,0,0,6,6,0,0,0,0,0,0,0,0,0,0,0,0,0,0,0,0,0,0,0,0,0,0,0,0,0,0,0,0,0,0,0
Manhattan Police,1979-02-01,Kansas,35064,KS08101,,not updated,normal return,normal return,normal return,normal return,breakdown offenses,breakdown offenses,breakdown offenses,0,0,0,0,0,0,0,0,1,1,0,0,0,4,0,0,1,0,3,15,8,5,2,78,5,4,1,0,103,0,1,2,98,100,0,0,0,0,0,0,0,0,0,0,3,0,0,0,0,3,0,0,0,0,22,3,3,0,0,28,0,0,0,25,25,0,0,0,0,0,0,0,0,0,0,0,0,0,0,0,0,0,0,0,0,4,0,0,0,0,4,0,0,0,4,4,0,0,0,0,0,0,0,0,0,0,0,0,0,0,0,0,0,0,0,0,0,0,0,0,0,0,0,0,0,0,0
Manhattan Police,1979-03-01,Kansas,35064,KS08101,,not updated,adjustment,adjustment,adjustment,adjustment,breakdown offenses,breakdown offenses,breakdown offenses,0,0,0,0,0,0,0,0,2,2,0,0,0,8,0,0,2,0,6,38,35,3,0,119,7,2,2,3,174,0,2,4,164,168,0,0,0,0,0,0,0,0,0,0,7,0,0,1,0,6,2,2,0,0,27,2,1,1,0,38,0,1,1,31,32,0,0,0,0,0,0,0,0,0,0,0,0,0,0,0,0,0,0,0,0,5,1,0,1,0,6,0,0,0,6,6,0,0,0,0,0,0,0,0,0,0,0,0,0,0,0,0,0,0,0,0,0,0,0,0,0,0,0,0,0,0,0
Manhattan Police,1979-04-01,Kansas,35064,KS08101,,not updated,normal return,normal return,normal return,normal return,breakdown offenses,breakdown offenses,breakdown offenses,0,0,0,0,0,0,0,0,2,2,0,0,0,22,3,1,1,1,16,26,16,9,1,82,7,7,0,0,139,0,6,8,115,123,0,0,0,0,0,0,0,0,0,0,9,3,1,0,0,5,6,4,2,0,28,3,2,0,1,46,0,4,4,37,41,0,0,0,0,0,0,0,0,0,0,1,1,0,0,0,0,0,0,0,0,7,0,0,0,0,8,0,1,1,7,8,0,0,0,0,0,0,0,0,0,0,0,0,0,0,0,0,0,0,0,0,0,0,0,0,0,0,0,0,0,0,0
Manhattan Police,1979-05-01,Kansas,35064,KS08101,,not updated,normal return,normal return,normal return,normal return,breakdown offenses,breakdown offenses,breakdown offenses,0,0,0,0,0,0,0,0,0,0,0,0,0,22,5,2,5,0,10,22,17,4,1,126,15,5,0,10,185,0,12,12,163,175,0,0,0,0,0,0,0,0,0,0,6,1,1,0,0,4,2,2,0,0,24,3,2,0,1,35,0,2,2,29,31,0,0,0,0,0,0,0,0,0,0,1,0,0,0,0,1,0,0,0,0,8,0,0,0,0,9,0,0,0,8,8,0,0,0,0,0,0,0,0,0,0,0,0,0,0,0,0,0,0,0,0,0,0,0,0,0,0,0,0,0,0,0
Manhattan Police,1979-06-01,Kansas,35064,KS08101,,not updated,normal return,normal return,normal return,normal return,breakdown offenses,breakdown offenses,breakdown offenses,0,0,1,0,0,0,0,0,0,0,0,0,0,12,0,1,1,2,8,31,23,7,1,134,3,3,0,0,180,0,4,4,168,172,0,0,0,0,0,0,0,0,0,0,3,0,0,0,2,1,2,2,0,0,23,1,1,0,0,29,0,2,2,26,28,0,0,0,0,0,0,0,0,0,0,1,0,0,0,0,1,0,0,0,0,13,1,1,0,0,15,0,0,0,14,14,0,0,0,0,0,0,0,0,0,0,0,0,0,0,0,0,0,0,0,0,0,0,0,0,0,0,0,0,0,0,0
Manhattan Police,1979-07-01,Kansas,35064,KS08101,,not updated,normal return,normal return,normal return,normal return,breakdown offenses,breakdown offenses,breakdown offenses,0,0,0,0,0,0,0,0,7,5,2,0,0,15,4,0,2,0,9,40,27,8,5,151,11,7,0,4,224,0,6,13,202,215,0,0,0,0,0,2,2,0,0,0,7,1,0,0,0,6,3,0,1,2,9,0,0,0,0,21,0,1,3,12,15,0,0,0,0,0,0,0,0,0,0,5,0,0,0,0,5,1,0,1,0,4,0,0,0,0,10,0,0,0,5,5,0,0,0,0,0,0,0,0,0,0,0,0,0,0,0,0,0,0,0,0,0,0,0,0,0,0,0,0,0,0,0
Manhattan Police,1979-08-01,Kansas,35064,KS08101,,not updated,normal return,normal return,normal return,normal return,breakdown offenses,breakdown offenses,breakdown offenses,0,0,1,0,0,1,1,0,1,0,1,0,0,5,0,0,2,0,3,28,23,4,1,124,9,4,2,3,168,0,2,4,161,165,0,0,0,0,0,0,0,0,0,0,4,0,0,1,1,2,2,1,0,1,15,1,1,0,0,22,0,2,2,18,20,0,0,0,0,0,0,0,0,0,0,2,0,0,1,0,1,1,0,0,1,8,1,1,0,0,12,0,1,1,10,11,0,0,0,0,0,0,0,0,0,0,0,0,0,0,0,0,0,0,0,0,0,0,0,0,0,0,0,0,0,0,0
Manhattan Police,1979-09-01,Kansas,35064,KS08101,,not updated,normal return,normal return,normal return,normal return,breakdown offenses,breakdown offenses,breakdown offenses,0,0,2,1,0,0,0,0,3,3,0,0,0,21,5,1,1,0,14,46,37,9,0,123,10,5,5,0,204,0,7,11,179,190,1,0,0,0,0,1,1,0,0,0,4,2,0,0,0,2,3,2,1,0,12,4,0,4,0,25,0,2,4,19,23,0,0,0,0,0,0,0,0,0,0,0,0,0,0,0,0,0,0,0,0,6,1,0,1,0,7,0,0,0,7,7,0,0,0,0,0,0,0,0,0,0,0,0,0,0,0,0,0,0,0,0,0,0,0,0,0,0,0,0,0,0,0
Manhattan Police,1979-10-01,Kansas,35064,KS08101,,not updated,normal return,normal return,normal return,normal return,breakdown offenses,breakdown offenses,breakdown offenses,0,0,0,0,0,0,0,0,2,1,0,0,1,19,4,3,2,1,9,34,22,8,4,122,7,3,1,3,184,0,10,12,163,175,0,0,0,0,0,2,2,0,0,0,23,2,1,4,1,15,7,7,0,0,11,17,0,1,16,60,0,8,10,35,45,0,0,0,0,0,1,1,0,0,0,5,1,0,0,1,3,1,1,0,0,5,13,0,1,12,25,0,2,3,19,22,0,0,0,0,0,0,0,0,0,0,0,0,0,0,0,0,0,0,0,0,0,0,0,0,0,0,0,0,0,0,0
Manhattan Police,1979-11-01,Kansas,35064,KS08101,,not updated,normal return,normal return,normal return,normal return,breakdown offenses,breakdown offenses,breakdown offenses,0,0,0,0,0,3,2,1,2,2,0,0,0,11,2,1,1,0,7,66,43,22,1,89,4,3,0,1,175,0,4,9,159,168,0,0,0,0,0,0,0,0,0,0,13,5,2,1,0,5,10,7,3,0,7,1,1,0,0,31,0,8,8,18,26,0,0,0,0,0,0,0,0,0,0,1,0,0,0,0,1,0,0,0,0,3,1,1,0,0,5,0,0,0,4,4,0,0,0,0,0,0,0,0,0,0,0,0,0,0,0,0,0,0,0,0,0,0,0,0,0,0,0,0,0,0,0
Manhattan Police,1979-12-01,Kansas,35064,KS08101,,not updated,adjustment,adjustment,adjustment,adjustment,breakdown offenses,breakdown offenses,breakdown offenses,0,0,0,0,0,1,1,0,0,0,0,0,0,25,1,4,1,1,18,52,36,13,3,79,8,7,-1,2,165,0,7,8,139,147,0,0,1,1,0,1,1,0,0,0,22,4,3,1,0,14,7,4,2,1,37,13,7,1,5,81,0,8,10,57,67,0,0,0,0,0,0,0,0,0,0,0,0,0,0,0,0,2,1,1,0,14,0,0,0,0,16,0,0,0,16,16,0,0,0,0,0,0,0,0,0,0,0,0,0,0,0,0,0,0,0,0,0,0,0,0,0,0,0,0,0,0,0
Manhattan Police,1980-01-01,Kansas,32510,KS08101,,not updated,normal return,normal return,normal return,normal return,breakdown offenses,breakdown offenses,breakdown offenses,0,0,2,1,0,1,1,0,0,0,0,0,0,14,2,2,0,2,8,39,28,8,3,70,3,2,1,0,128,0,6,8,112,120,0,1,0,0,0,0,0,0,0,0,9,0,1,0,1,7,6,5,1,0,4,2,2,0,0,22,0,2,3,12,15,0,0,0,0,0,0,0,0,0,0,0,0,0,0,0,0,0,0,0,0,0,0,0,0,0,0,0,0,0,0,0,0,0,0,0,0,0,0,0,0,0,0,0,0,0,0,0,0,0,0,0,0,0,0,0,0,0,0,0,0,0,0
Manhattan Police,1980-02-01,Kansas,32510,KS08101,,not updated,normal return,normal return,normal return,normal return,breakdown offenses,breakdown offenses,breakdown offenses,0,0,0,0,0,1,1,0,2,1,1,0,0,14,1,1,1,0,11,25,22,1,2,93,5,2,1,2,140,0,3,6,123,129,0,1,1,1,0,0,0,0,0,0,21,1,2,2,2,14,44,31,11,2,43,2,1,1,0,112,0,7,9,89,98,0,0,0,0,0,0,0,0,0,0,2,0,0,0,0,2,7,1,6,0,0,0,0,0,0,9,0,0,0,7,7,0,0,0,0,0,0,0,0,0,0,0,0,0,0,0,0,0,0,0,0,0,0,0,0,0,0,0,0,0,0,0
Manhattan Police,1980-03-01,Kansas,32510,KS08101,,not updated,normal return,normal return,normal return,normal return,breakdown offenses,breakdown offenses,breakdown offenses,0,0,0,0,0,0,0,0,6,2,3,0,1,20,1,0,4,0,15,39,25,12,2,106,1,0,0,1,172,0,5,11,146,157,0,0,0,0,0,2,2,0,0,0,9,1,1,0,0,7,13,12,1,0,28,0,0,0,0,52,0,2,4,41,45,0,0,0,0,0,2,2,0,0,0,1,1,0,0,0,0,9,9,0,0,19,0,0,0,0,31,0,1,3,28,31,0,0,0,0,0,0,0,0,0,0,0,0,0,0,0,0,0,0,0,0,0,0,0,0,0,0,0,0,0,0,0
Manhattan Police,1980-04-01,Kansas,32510,KS08101,,not updated,normal return,normal return,normal return,normal return,breakdown offenses,breakdown offenses,breakdown offenses,0,0,2,0,0,0,0,0,0,0,0,0,0,14,2,2,2,0,8,44,27,11,6,119,12,5,4,3,189,0,6,6,175,181,0,0,0,0,0,0,0,0,0,0,10,0,1,3,0,6,8,6,0,2,22,4,1,3,0,44,0,4,4,34,38,0,0,0,0,0,0,0,0,0,0,1,0,0,1,0,0,6,4,0,2,9,4,1,3,0,20,0,1,1,19,20,0,0,0,0,0,0,0,0,0,0,0,0,0,0,0,0,0,0,0,0,0,0,0,0,0,0,0,0,0,0,0
Manhattan Police,1980-05-01,Kansas,32510,KS08101,,not updated,normal return,normal return,normal return,normal return,breakdown offenses,breakdown offenses,breakdown offenses,0,0,4,0,0,1,1,0,2,1,1,0,0,15,1,0,0,0,14,32,18,13,1,131,5,3,1,1,186,0,1,4,168,172,0,0,0,0,0,0,0,0,0,0,12,1,1,2,0,8,4,4,0,0,33,2,1,1,0,51,0,4,4,39,43,0,0,0,0,0,0,0,0,0,0,2,0,0,1,0,1,0,0,0,0,8,0,0,0,0,10,0,1,1,8,9,0,0,0,0,0,0,0,0,0,0,0,0,0,0,0,0,0,0,0,0,0,0,0,0,0,0,0,0,0,0,0
Manhattan Police,1980-06-01,Kansas,32510,KS08101,,not updated,normal return,normal return,normal return,normal return,breakdown offenses,breakdown offenses,breakdown offenses,0,0,2,0,0,1,0,1,2,2,0,0,0,9,-1,1,2,0,7,43,32,9,2,132,5,3,2,0,192,0,2,5,180,185,0,0,1,0,1,0,0,0,0,0,11,0,0,1,0,10,8,6,2,0,21,4,3,1,0,45,0,1,2,33,35,0,0,0,0,0,0,0,0,0,0,0,0,0,0,0,0,2,2,0,0,8,2,2,0,0,12,0,0,0,12,12,0,0,0,0,0,0,0,0,0,0,0,0,0,0,0,0,0,0,0,0,0,0,0,0,0,0,0,0,0,0,0
Manhattan Police,1980-07-01,Kansas,32510,KS08101,,not updated,normal return,normal return,normal return,normal return,breakdown offenses,breakdown offenses,breakdown offenses,0,0,3,0,0,1,1,0,2,1,1,0,0,21,2,2,0,0,17,76,52,20,4,137,5,2,3,0,242,0,4,7,218,225,0,0,0,0,0,0,0,0,0,0,15,0,2,0,0,13,9,8,1,0,20,3,2,1,0,47,0,2,2,32,34,0,0,0,0,0,0,0,0,0,0,0,0,0,0,0,0,3,3,0,0,5,0,0,0,0,8,0,0,0,8,8,0,0,0,0,0,0,0,0,0,0,0,0,0,0,0,0,0,0,0,0,0,0,0,0,0,0,0,0,0,0,0
Manhattan Police,1980-08-01,Kansas,32510,KS08101,,not updated,normal return,normal return,normal return,normal return,breakdown offenses,breakdown offenses,breakdown offenses,0,0,1,1,0,0,0,0,1,0,0,0,1,25,3,3,4,0,15,62,45,15,2,127,8,2,3,3,224,0,10,12,197,209,1,0,0,0,0,1,1,0,0,0,17,5,0,0,0,12,6,5,1,0,13,2,1,1,0,40,0,5,7,21,28,0,0,0,0,0,0,0,0,0,0,1,0,0,0,0,1,0,0,0,0,5,2,1,1,0,8,0,0,0,7,7,0,0,0,0,0,0,0,0,0,0,0,0,0,0,0,0,0,0,0,0,0,0,0,0,0,0,0,0,0,0,0
Manhattan Police,1980-09-01,Kansas,32510,KS08101,,not updated,normal return,normal return,normal return,normal return,breakdown offenses,breakdown offenses,breakdown offenses,0,0,0,0,0,3,3,0,1,1,0,0,0,21,3,1,0,0,17,50,30,19,1,149,15,8,3,4,239,0,4,8,214,222,0,0,0,0,0,0,0,0,0,0,15,1,1,1,0,12,20,17,2,1,17,4,3,1,0,56,0,3,3,41,44,0,0,0,0,0,0,0,0,0,0,0,0,0,0,0,0,0,0,0,0,6,0,0,0,0,6,0,0,0,6,6,0,0,0,0,0,0,0,0,0,0,0,0,0,0,0,0,0,0,0,0,0,0,0,0,0,0,0,0,0,0,0
Manhattan Police,1980-10-01,Kansas,32510,KS08101,,not updated,normal return,normal return,normal return,normal return,breakdown offenses,breakdown offenses,breakdown offenses,0,0,0,0,0,3,3,0,1,1,0,0,0,15,2,0,3,0,10,61,46,12,3,181,9,6,1,2,270,0,5,9,251,260,0,0,4,1,3,1,1,0,0,0,14,3,2,1,0,8,5,3,1,1,49,4,2,2,0,77,0,6,11,58,69,0,0,0,0,0,0,0,0,0,0,2,0,0,0,0,2,0,0,0,0,7,0,0,0,0,9,0,0,0,7,7,0,0,0,0,0,0,0,0,0,0,0,0,0,0,0,0,0,0,0,0,0,0,0,0,0,0,0,0,0,0,0
Manhattan Police,1980-11-01,Kansas,32510,KS08101,,not updated,normal return,normal return,normal return,normal return,breakdown offenses,breakdown offenses,breakdown offenses,0,0,0,0,0,1,1,0,4,3,1,0,0,19,1,1,3,0,14,56,38,16,2,110,8,7,1,0,198,0,5,10,174,184,0,0,0,0,0,1,1,0,0,0,4,0,0,0,0,4,8,4,4,0,18,3,2,0,1,34,0,0,1,29,30,0,0,0,0,0,0,0,0,0,0,0,0,0,0,0,0,2,0,2,0,5,1,0,0,1,8,0,0,0,8,8,0,0,0,0,0,0,0,0,0,0,0,0,0,0,0,0,0,0,0,0,0,0,0,0,0,0,0,0,0,0,0
Manhattan Police,1980-12-01,Kansas,32510,KS08101,,not updated,normal return,normal return,normal return,normal return,breakdown offenses,breakdown offenses,breakdown offenses,0,0,2,0,0,0,0,0,3,0,3,0,0,15,0,1,1,0,13,38,33,4,1,81,2,2,0,0,139,0,2,5,121,126,0,0,5,5,0,0,0,0,0,0,18,0,1,3,3,11,5,3,2,0,28,1,1,0,0,57,0,7,12,34,46,0,0,0,0,0,0,0,0,0,0,5,0,1,1,3,0,1,1,0,0,0,0,0,0,0,6,0,5,5,1,6,0,0,0,0,0,0,0,0,0,0,0,0,0,0,0,0,0,0,0,0,0,0,0,0,0,0,0,0,0,0,0
Manhattan Police,1981-01-01,Kansas,32871,KS08101,,not updated,normal return,normal return,normal return,normal return,breakdown offenses,breakdown offenses,breakdown offenses,0,0,0,0,0,0,0,0,1,1,0,0,0,11,1,0,1,0,9,77,68,6,3,78,5,4,0,1,172,0,2,3,160,163,0,0,0,0,0,1,0,1,0,0,8,1,0,2,0,5,8,6,1,1,42,2,2,0,0,61,0,3,4,52,56,0,0,0,0,0,0,0,0,0,0,1,0,0,0,0,1,3,3,0,0,6,0,0,0,0,10,0,0,0,9,9,0,0,0,0,0,0,0,0,0,0,0,0,0,0,0,0,0,0,0,0,0,0,0,0,0,0,0,0,0,0,0
Manhattan Police,1981-02-01,Kansas,32871,KS08101,,not updated,normal return,normal return,normal return,normal return,breakdown offenses,breakdown offenses,breakdown offenses,0,0,0,0,0,2,2,0,1,1,0,0,0,10,0,2,0,1,7,36,36,0,0,89,2,1,1,0,140,0,3,6,127,133,0,0,0,0,0,0,0,0,0,0,8,0,0,0,0,8,6,6,0,0,23,4,3,0,1,41,0,0,0,33,33,0,0,0,0,0,0,0,0,0,0,0,0,0,0,0,0,2,2,0,0,5,1,1,0,0,8,0,0,0,8,8,0,0,0,0,0,0,0,0,0,0,0,0,0,0,0,0,0,0,0,0,0,0,0,0,0,0,0,0,0,0,0
Manhattan Police,1981-03-01,Kansas,32871,KS08101,,not updated,adjustment,adjustment,adjustment,adjustment,breakdown offenses,breakdown offenses,breakdown offenses,0,0,1,0,1,-1,-1,0,5,5,0,0,0,15,0,1,0,0,14,53,51,0,2,120,5,5,0,0,198,0,1,6,178,184,0,1,1,1,0,1,1,0,0,0,7,0,1,0,0,6,6,6,0,0,21,0,0,0,0,37,0,1,4,27,31,0,0,0,0,0,0,0,0,0,0,0,0,0,0,0,0,0,0,0,0,5,0,0,0,0,5,0,0,0,5,5,0,0,0,0,0,0,0,0,0,0,0,0,0,0,0,0,0,0,0,0,0,0,0,0,0,0,0,0,0,0,0
Manhattan Police,1981-04-01,Kansas,32871,KS08101,,not updated,normal return,normal return,normal return,normal return,breakdown offenses,breakdown offenses,breakdown offenses,0,0,0,0,0,0,0,0,2,0,0,0,2,22,1,1,0,0,20,34,32,1,1,102,8,1,4,3,168,0,2,4,144,148,0,0,0,0,0,0,0,0,0,0,16,0,1,0,0,15,4,4,0,0,25,1,1,0,0,46,0,1,1,30,31,0,0,0,0,0,0,0,0,0,0,1,0,0,0,0,1,1,1,0,0,3,0,0,0,0,5,0,0,0,4,4,0,0,0,0,0,0,0,0,0,0,0,0,0,0,0,0,0,0,0,0,0,0,0,0,0,0,0,0,0,0,0
Manhattan Police,1981-05-01,Kansas,32871,KS08101,,not updated,normal return,normal return,normal return,normal return,breakdown offenses,breakdown offenses,breakdown offenses,0,0,1,0,0,3,3,0,0,0,0,0,0,20,1,2,2,0,15,25,24,0,1,97,2,2,0,0,147,0,5,8,124,132,0,0,1,1,0,0,0,0,0,0,18,0,0,1,0,17,6,4,0,2,16,1,0,0,1,42,0,1,2,23,25,0,0,0,0,0,0,0,0,0,0,4,0,0,0,0,4,1,0,0,1,3,0,0,0,0,8,0,0,0,4,4,0,0,0,0,0,0,0,0,0,0,0,0,0,0,0,0,0,0,0,0,0,0,0,0,0,0,0,0,0,0,0
Manhattan Police,1981-06-01,Kansas,32871,KS08101,,not updated,normal return,normal return,normal return,normal return,breakdown offenses,breakdown offenses,breakdown offenses,0,0,0,0,0,3,3,0,1,0,0,0,1,18,3,0,0,2,13,39,38,0,1,80,3,1,0,2,144,0,5,9,122,131,0,0,0,0,0,0,0,0,0,0,16,1,0,2,0,13,7,7,0,0,14,2,1,1,0,39,0,3,3,23,26,0,0,0,0,0,0,0,0,0,0,1,0,0,0,0,1,1,1,0,0,3,0,0,0,0,5,0,0,0,4,4,0,0,0,0,0,0,0,0,0,0,0,0,0,0,0,0,0,0,0,0,0,0,0,0,0,0,0,0,0,0,0
Manhattan Police,1981-07-01,Kansas,32871,KS08101,,not updated,normal return,normal return,normal return,normal return,breakdown offenses,breakdown offenses,breakdown offenses,0,0,3,0,0,1,1,0,1,0,0,0,1,22,3,0,0,2,17,44,42,1,1,115,5,2,1,2,188,0,5,7,164,171,0,0,1,1,0,0,0,0,0,0,18,2,0,0,4,12,5,5,0,0,19,1,1,0,0,44,0,6,7,25,32,0,0,0,0,0,0,0,0,0,0,1,0,0,0,1,0,0,0,0,0,6,0,0,0,0,7,0,1,1,6,7,0,0,0,0,0,0,0,0,0,0,0,0,0,0,0,0,0,0,0,0,0,0,0,0,0,0,0,0,0,0,0
Manhattan Police,1981-08-01,Kansas,32871,KS08101,,not updated,normal return,normal return,normal return,normal return,breakdown offenses,breakdown offenses,breakdown offenses,0,0,2,0,0,1,1,0,1,0,1,0,0,31,2,1,4,3,21,36,36,0,0,125,9,7,0,2,203,0,10,12,170,182,0,0,1,1,0,2,1,1,0,0,21,1,0,1,3,16,6,6,0,0,13,5,5,0,0,48,0,5,8,24,32,0,0,0,0,0,1,1,0,0,0,2,1,0,0,0,1,3,3,0,0,2,1,1,0,0,9,0,1,2,6,8,0,0,0,0,0,0,0,0,0,0,0,0,0,0,0,0,0,0,0,0,0,0,0,0,0,0,0,0,0,0,0
Manhattan Police,1981-09-01,Kansas,32871,KS08101,,not updated,normal return,normal return,normal return,normal return,breakdown offenses,breakdown offenses,breakdown offenses,0,0,2,0,0,3,3,0,0,0,0,0,0,13,0,1,1,0,11,28,24,0,4,124,6,3,2,1,174,0,2,5,158,163,0,0,1,1,0,0,0,0,0,0,13,2,1,1,0,9,6,5,0,1,22,1,1,0,0,43,0,4,5,29,34,0,0,0,0,0,0,0,0,0,0,0,0,0,0,0,0,1,1,0,0,2,0,0,0,0,3,0,0,0,3,3,0,0,0,0,0,0,0,0,0,0,0,0,0,0,0,0,0,0,0,0,0,0,0,0,0,0,0,0,0,0,0
Manhattan Police,1981-10-01,Kansas,32871,KS08101,,not updated,normal return,normal return,normal return,normal return,breakdown offenses,breakdown offenses,breakdown offenses,0,0,1,0,0,2,2,0,1,1,0,0,0,15,0,2,1,8,4,32,31,1,0,107,11,8,1,2,168,0,11,14,150,164,0,0,1,1,0,1,1,0,0,0,14,0,1,2,5,6,8,8,0,0,19,2,2,0,0,45,0,8,10,29,39,0,0,0,0,0,0,0,0,0,0,0,0,0,0,0,0,0,0,0,0,4,0,0,0,0,4,0,0,0,4,4,0,0,0,0,0,0,0,0,0,0,0,0,0,0,0,0,0,0,0,0,0,0,0,0,0,0,0,0,0,0,0
Manhattan Police,1981-11-01,Kansas,32871,KS08101,,not updated,normal return,normal return,normal return,normal return,breakdown offenses,breakdown offenses,breakdown offenses,0,0,0,0,0,0,0,0,3,1,1,1,0,15,1,1,1,1,11,53,49,1,3,127,4,1,2,1,202,0,4,7,184,191,0,0,1,1,0,2,2,0,0,0,4,0,0,1,0,3,10,9,0,1,29,2,0,0,2,48,0,1,4,41,45,0,0,0,0,0,0,0,0,0,0,0,0,0,0,0,0,2,2,0,0,14,1,0,0,1,17,0,0,0,17,17,0,0,0,0,0,0,0,0,0,0,0,0,0,0,0,0,0,0,0,0,0,0,0,0,0,0,0,0,0,0,0
Manhattan Police,1981-12-01,Kansas,32871,KS08101,,not updated,normal return,normal return,normal return,normal return,breakdown offenses,breakdown offenses,breakdown offenses,0,0,0,1,0,2,2,0,1,1,0,0,0,6,0,0,1,0,5,59,57,1,1,126,8,4,2,2,203,0,1,5,193,198,1,0,1,1,0,0,0,0,0,0,6,0,0,1,1,4,8,8,0,0,36,4,2,2,0,56,0,2,4,48,52,0,0,0,0,0,0,0,0,0,0,0,0,0,0,0,0,1,1,0,0,5,0,0,0,0,6,0,0,0,6,6,0,0,0,0,0,0,0,0,0,0,0,0,0,0,0,0,0,0,0,0,0,0,0,0,0,0,0,0,0,0,0
Manhattan Police,1982-01-01,Kansas,33245,KS08101,,not updated,normal return,normal return,normal return,normal return,breakdown offenses,breakdown offenses,breakdown offenses,0,0,4,1,0,0,0,0,1,1,0,0,0,23,0,1,2,0,20,25,23,1,1,73,9,6,2,1,132,0,3,5,107,112,1,0,0,0,0,0,0,0,0,0,12,0,1,1,0,10,10,8,2,0,23,6,5,1,0,52,0,2,3,39,42,0,0,0,0,0,0,0,0,0,0,1,0,0,0,0,1,1,0,1,0,5,3,2,1,0,10,0,0,0,9,9,0,0,0,0,0,0,0,0,0,0,0,0,0,0,0,0,0,0,0,0,0,0,0,0,0,0,0,0,0,0,0
Manhattan Police,1982-02-01,Kansas,33245,KS08101,,not updated,normal return,normal return,normal return,normal return,breakdown offenses,breakdown offenses,breakdown offenses,0,0,1,0,0,0,0,0,0,0,0,0,0,8,-1,-1,1,1,8,22,21,0,1,66,3,3,0,0,99,0,0,0,91,91,0,0,0,0,0,2,1,1,0,0,14,0,1,1,0,12,3,3,0,0,17,2,2,0,0,38,0,2,4,22,26,0,0,0,0,0,0,0,0,0,0,1,0,1,0,0,0,0,0,0,0,2,0,0,0,0,3,0,1,1,2,3,0,0,0,0,0,0,0,0,0,0,0,0,0,0,0,0,0,0,0,0,0,0,0,0,0,0,0,0,0,0,0
Manhattan Police,1982-03-01,Kansas,33245,KS08101,,not updated,normal return,normal return,normal return,normal return,breakdown offenses,breakdown offenses,breakdown offenses,0,0,1,0,0,0,0,0,2,1,0,0,1,24,1,1,2,1,19,36,34,0,2,108,3,2,0,1,173,0,5,7,147,154,0,0,0,0,0,0,0,0,0,0,16,1,0,2,1,12,14,14,0,0,20,1,1,0,0,51,0,4,4,35,39,0,0,0,0,0,0,0,0,0,0,4,0,0,0,0,4,2,2,0,0,7,0,0,0,0,13,0,0,0,9,9,0,0,0,0,0,0,0,0,0,0,0,0,0,0,0,0,0,0,0,0,0,0,0,0,0,0,0,0,0,0,0
Manhattan Police,1982-04-01,Kansas,33245,KS08101,,not updated,normal return,normal return,normal return,normal return,breakdown offenses,breakdown offenses,breakdown offenses,0,0,3,0,0,0,0,0,1,0,0,0,1,30,1,4,1,0,24,15,14,0,1,127,3,1,0,2,176,0,6,7,145,152,0,0,0,0,0,2,1,1,0,0,25,0,1,0,2,22,35,34,0,1,35,0,0,0,0,97,0,3,5,70,75,0,0,0,0,0,1,0,1,0,0,3,0,0,0,0,3,5,5,0,0,10,0,0,0,0,19,0,0,1,15,16,0,0,0,0,0,0,0,0,0,0,0,0,0,0,0,0,0,0,0,0,0,0,0,0,0,0,0,0,0,0,0
Manhattan Police,1982-05-01,Kansas,33245,KS08101,,not updated,normal return,normal return,normal return,normal return,breakdown offenses,breakdown offenses,breakdown offenses,0,0,0,0,0,-1,-1,0,0,0,0,0,0,13,2,0,1,0,10,26,19,0,7,107,2,1,0,1,147,0,3,2,135,137,0,0,0,0,0,1,1,0,0,0,20,1,3,2,0,14,6,6,0,0,20,0,0,0,0,47,0,6,7,26,33,0,0,0,0,0,0,0,0,0,0,1,0,0,0,0,1,2,2,0,0,4,0,0,0,0,7,0,0,0,6,6,0,0,0,0,0,0,0,0,0,0,0,0,0,0,0,0,0,0,0,0,0,0,0,0,0,0,0,0,0,0,0
Manhattan Police,1982-06-01,Kansas,33245,KS08101,,not updated,normal return,normal return,normal return,normal return,breakdown offenses,breakdown offenses,breakdown offenses,0,0,2,0,0,0,0,0,0,0,0,0,0,14,0,0,2,2,10,29,25,1,3,103,3,1,0,2,149,0,4,4,135,139,0,0,0,0,0,0,0,0,0,0,8,0,0,1,1,6,17,16,1,0,26,1,0,1,0,52,0,2,2,44,46,0,0,0,0,0,0,0,0,0,0,5,0,0,1,1,3,3,3,0,0,8,1,0,1,0,17,0,2,2,12,14,0,0,0,0,0,0,0,0,0,0,0,0,0,0,0,0,0,0,0,0,0,0,0,0,0,0,0,0,0,0,0
Manhattan Police,1982-07-01,Kansas,33245,KS08101,,not updated,normal return,normal return,normal return,normal return,breakdown offenses,breakdown offenses,breakdown offenses,0,0,2,0,0,0,0,0,2,1,0,0,1,18,1,0,0,2,15,22,15,5,2,85,3,2,0,1,130,0,3,5,110,115,0,0,0,0,0,0,0,0,0,0,12,1,0,1,1,9,3,2,1,0,22,2,2,0,0,39,0,3,3,27,30,0,0,0,0,0,0,0,0,0,0,1,0,0,0,0,1,1,0,1,0,4,0,0,0,0,6,0,0,0,5,5,0,0,0,0,0,0,0,0,0,0,0,0,0,0,0,0,0,0,0,0,0,0,0,0,0,0,0,0,0,0,0
Manhattan Police,1982-08-01,Kansas,33245,KS08101,,not updated,normal return,normal return,normal return,normal return,breakdown offenses,breakdown offenses,breakdown offenses,0,0,1,0,0,2,2,0,2,1,0,0,1,17,0,1,2,1,13,48,44,2,2,93,4,1,0,3,166,0,4,8,145,153,0,0,0,0,0,1,0,1,0,0,12,0,1,0,0,11,15,13,1,1,32,5,2,0,3,65,0,1,2,52,54,0,0,0,0,0,0,0,0,0,0,1,0,0,0,0,1,2,1,0,1,5,0,0,0,0,8,0,0,0,7,7,0,0,0,0,0,0,0,0,0,0,0,0,0,0,0,0,0,0,0,0,0,0,0,0,0,0,0,0,0,0,0
Manhattan Police,1982-09-01,Kansas,33245,KS08101,,not updated,normal return,normal return,normal return,normal return,breakdown offenses,breakdown offenses,breakdown offenses,0,0,2,0,0,3,3,0,3,3,0,0,0,19,1,0,2,1,15,37,34,2,1,98,1,1,0,0,161,0,4,10,136,146,0,0,0,0,0,2,2,0,0,0,20,1,2,0,3,14,6,5,1,0,27,0,0,0,0,55,0,6,8,33,41,0,0,0,0,0,0,0,0,0,0,1,0,0,0,0,1,0,0,0,0,5,0,0,0,0,6,0,0,0,5,5,0,0,0,0,0,0,0,0,0,0,0,0,0,0,0,0,0,0,0,0,0,0,0,0,0,0,0,0,0,0,0
Manhattan Police,1982-10-01,Kansas,33245,KS08101,,not updated,normal return,normal return,normal return,normal return,breakdown offenses,breakdown offenses,breakdown offenses,0,0,3,0,0,1,1,0,0,0,0,0,0,33,2,2,3,1,25,42,34,6,2,112,1,0,0,1,189,0,8,9,155,164,0,0,3,3,0,0,0,0,0,0,20,2,0,2,2,14,12,11,0,1,34,0,0,0,0,69,0,6,9,46,55,0,0,0,0,0,0,0,0,0,0,0,0,0,0,0,0,1,1,0,0,6,0,0,0,0,7,0,0,0,7,7,0,0,0,0,0,0,0,0,0,0,0,0,0,0,0,0,0,0,0,0,0,0,0,0,0,0,0,0,0,0,0
Manhattan Police,1982-11-01,Kansas,33245,KS08101,,not updated,normal return,normal return,normal return,normal return,breakdown offenses,breakdown offenses,breakdown offenses,0,0,1,0,0,0,0,0,1,1,0,0,0,19,1,1,4,0,13,46,38,6,2,80,-2,-2,0,0,144,0,6,7,124,131,0,0,0,0,0,0,0,0,0,0,17,0,1,1,0,15,8,1,6,1,20,1,1,0,0,46,0,2,2,29,31,0,0,0,0,0,0,0,0,0,0,0,0,0,0,0,0,4,0,4,0,4,1,1,0,0,9,0,0,0,9,9,0,0,0,0,0,0,0,0,0,0,0,0,0,0,0,0,0,0,0,0,0,0,0,0,0,0,0,0,0,0,0
Manhattan Police,1982-12-01,Kansas,33245,KS08101,,not updated,normal return,normal return,normal return,normal return,breakdown offenses,breakdown offenses,breakdown offenses,0,0,1,0,0,0,0,0,0,0,0,0,0,19,1,2,0,2,14,44,41,3,0,72,1,1,0,0,136,0,5,5,117,122,0,0,1,1,0,2,0,0,0,2,14,3,1,2,0,8,5,4,1,0,28,1,1,0,0,51,0,6,9,34,43,0,0,0,0,0,2,0,0,0,2,0,0,0,0,0,0,2,2,0,0,4,0,0,0,0,8,0,0,2,6,8,0,0,0,0,0,0,0,0,0,0,0,0,0,0,0,0,0,0,0,0,0,0,0,0,0,0,0,0,0,0,0
Manhattan Police,1983-01-01,Kansas,33479,KS08101,breakdown offenses,adjustment,adjustment,adjustment,adjustment,adjustment,breakdown offenses,breakdown offenses,breakdown offenses,0,0,0,0,0,0,0,0,0,0,0,0,0,14,1,3,0,6,4,40,34,6,0,72,6,3,2,1,132,0,10,10,118,128,0,0,0,0,0,0,0,0,0,0,13,1,1,1,2,8,3,1,2,0,16,1,0,1,0,33,0,5,5,20,25,0,0,0,0,0,0,0,0,0,0,1,0,0,0,1,0,0,0,0,0,4,0,0,0,0,5,0,1,1,4,5,0,0,0,0,0,0,0,0,0,0,0,0,0,0,0,0,1,1,0,0,2,0,0,0,0,3,0,0,0,3,3
Manhattan Police,1983-02-01,Kansas,33479,KS08101,breakdown offenses,adjustment,adjustment,adjustment,adjustment,adjustment,breakdown offenses,breakdown offenses,breakdown offenses,0,0,4,0,0,0,0,0,1,1,0,0,0,10,0,0,0,2,8,30,22,7,1,46,5,5,0,0,92,0,2,3,81,84,0,0,0,0,0,0,0,0,0,0,11,0,1,0,0,10,1,1,0,0,7,0,0,0,0,19,0,1,1,8,9,0,0,0,0,0,0,0,0,0,0,0,0,0,0,0,0,0,0,0,0,0,0,0,0,0,0,0,0,0,0,0,0,0,0,0,0,0,0,0,0,0,0,0,0,0,0,0,3,1,1,1,0,0,0,0,0,3,0,0,0,3,3
Manhattan Police,1983-03-01,Kansas,33479,KS08101,breakdown offenses,normal return,normal return,normal return,normal return,normal return,breakdown offenses,breakdown offenses,breakdown offenses,0,0,0,0,0,1,1,0,0,0,0,0,0,14,2,0,1,1,10,43,27,11,5,90,4,3,0,1,152,0,4,5,137,142,0,0,0,0,0,0,0,0,0,0,18,0,2,1,2,13,18,16,1,1,21,1,1,0,0,58,0,5,5,40,45,0,0,0,0,0,0,0,0,0,0,0,0,0,0,0,0,12,11,0,1,4,0,0,0,0,16,0,0,0,16,16,0,0,0,0,0,0,0,0,0,0,0,0,0,0,0,0,1,1,0,0,3,1,1,0,0,5,0,0,0,5,5
Manhattan Police,1983-04-01,Kansas,33479,KS08101,breakdown offenses,normal return,normal return,normal return,normal return,normal return,breakdown offenses,breakdown offenses,breakdown offenses,0,0,1,0,0,1,1,0,1,0,0,0,1,15,1,1,1,3,9,41,25,9,7,101,3,1,2,0,162,0,6,8,145,153,0,0,0,0,0,0,0,0,0,0,14,0,1,0,2,11,6,3,2,1,26,0,0,0,0,46,0,3,3,32,35,0,0,0,0,0,0,0,0,0,0,2,0,1,0,0,1,0,0,0,0,3,0,0,0,0,5,0,1,1,3,4,0,0,0,0,0,0,0,0,0,0,0,0,0,0,0,0,1,1,0,0,3,1,1,0,0,5,0,0,0,5,5
Manhattan Police,1983-05-01,Kansas,33479,KS08101,breakdown offenses,normal return,normal return,normal return,normal return,normal return,breakdown offenses,breakdown offenses,breakdown offenses,0,0,1,0,0,0,0,0,1,1,0,0,0,19,2,2,0,2,13,46,38,7,1,99,2,1,0,1,167,0,6,7,147,154,0,0,0,0,0,1,1,0,0,0,14,3,1,0,3,7,4,4,0,0,29,0,0,0,0,48,0,7,8,33,41,0,0,0,0,0,0,0,0,0,0,0,0,0,0,0,0,1,1,0,0,11,0,0,0,0,12,0,0,0,12,12,0,0,0,0,0,0,0,0,0,0,0,0,0,0,0,0,0,0,0,0,8,1,1,0,0,9,0,0,0,9,9
Manhattan Police,1983-06-01,Kansas,33479,KS08101,breakdown offenses,normal return,normal return,normal return,normal return,normal return,breakdown offenses,breakdown offenses,breakdown offenses,0,0,0,0,0,2,2,0,2,1,0,1,0,18,3,3,2,5,5,45,32,12,1,90,5,2,1,2,162,0,13,17,140,157,0,0,0,0,0,2,1,1,0,0,8,0,3,1,1,3,23,21,0,2,15,5,2,1,2,53,0,5,7,43,50,0,0,0,0,0,0,0,0,0,0,1,0,0,0,0,1,2,2,0,0,5,5,2,1,2,13,0,0,0,12,12,0,0,0,0,0,0,0,0,0,0,0,0,0,0,0,0,1,0,0,1,3,0,0,0,0,4,0,0,0,4,4
Manhattan Police,1983-07-01,Kansas,33479,KS08101,breakdown offenses,normal return,normal return,normal return,normal return,normal return,breakdown offenses,breakdown offenses,breakdown offenses,0,0,1,0,0,5,3,2,1,0,0,0,1,13,1,0,0,0,12,37,33,2,2,117,9,3,4,2,182,0,1,7,163,170,0,0,1,1,0,0,0,0,0,0,22,5,1,2,4,10,10,10,0,0,18,11,9,2,0,62,0,12,13,39,52,0,0,0,0,0,0,0,0,0,0,1,1,0,0,0,0,3,3,0,0,1,7,6,1,0,12,0,1,1,11,12,0,0,0,0,0,0,0,0,0,0,0,0,0,0,0,0,2,2,0,0,3,1,0,0,1,6,0,0,0,6,6
Manhattan Police,1983-08-01,Kansas,33479,KS08101,breakdown offenses,normal return,normal return,normal return,normal return,normal return,breakdown offenses,breakdown offenses,breakdown offenses,0,0,2,0,0,2,1,1,1,1,0,0,0,19,2,2,0,4,11,21,11,6,4,103,8,4,2,2,154,0,8,11,132,143,0,0,2,2,0,0,0,0,0,0,15,1,0,0,1,13,11,10,1,0,19,4,3,1,0,51,0,2,4,34,38,0,0,0,0,0,0,0,0,0,0,3,0,0,0,1,2,0,0,0,0,5,4,3,1,0,12,0,1,1,9,10,0,0,1,1,0,0,0,0,0,0,0,0,0,0,0,0,1,1,0,0,4,0,0,0,0,6,0,0,1,5,6
Manhattan Police,1983-09-01,Kansas,33479,KS08101,breakdown offenses,adjustment,adjustment,adjustment,adjustment,adjustment,breakdown offenses,breakdown offenses,breakdown offenses,0,0,8,0,0,-2,-2,0,0,0,0,0,0,32,3,1,1,9,18,22,13,6,3,99,5,1,2,2,156,0,14,12,126,138,0,0,1,0,1,1,1,0,0,0,22,0,0,0,6,16,5,5,0,0,15,2,0,2,0,46,0,6,8,22,30,0,0,0,0,0,0,0,0,0,0,1,0,0,0,0,1,1,1,0,0,2,1,0,1,0,5,0,0,0,4,4,0,0,2,2,0,0,0,0,0,0,0,0,0,0,0,0,0,0,0,0,9,0,0,0,0,11,0,0,2,9,11
Manhattan Police,1983-10-01,Kansas,33479,KS08101,breakdown offenses,normal return,normal return,normal return,normal return,normal return,breakdown offenses,breakdown offenses,breakdown offenses,0,0,2,0,0,3,2,1,2,1,0,0,1,18,2,1,0,2,13,24,19,2,3,103,4,2,1,1,154,0,5,10,131,141,0,0,0,0,0,0,0,0,0,0,4,0,0,0,0,4,6,4,2,0,15,1,1,0,0,26,0,0,0,22,22,0,0,0,0,0,0,0,0,0,0,0,0,0,0,0,0,0,0,0,0,9,0,0,0,0,9,0,0,0,9,9,0,0,0,0,0,0,0,0,0,0,0,0,0,0,0,0,0,0,0,0,0,0,0,0,0,0,0,0,0,0,0
Manhattan Police,1983-11-01,Kansas,33479,KS08101,breakdown offenses,normal return,normal return,normal return,normal return,normal return,breakdown offenses,breakdown offenses,breakdown offenses,0,0,0,0,0,-2,-2,0,0,0,0,0,0,7,1,0,0,6,0,20,10,8,2,66,-1,0,-1,0,90,0,7,5,85,90,0,0,0,0,0,1,0,1,0,0,30,3,2,0,7,18,7,6,1,0,29,2,1,1,0,69,0,12,13,38,51,0,0,0,0,0,0,0,0,0,0,0,0,0,0,0,0,0,0,0,0,5,0,0,0,0,5,0,0,0,5,5,0,0,3,3,0,0,0,0,0,0,0,0,0,0,0,0,2,2,0,0,7,3,2,1,0,15,0,0,3,12,15
Manhattan Police,1983-12-01,Kansas,33479,KS08101,breakdown offenses,normal return,normal return,normal return,normal return,normal return,breakdown offenses,breakdown offenses,breakdown offenses,0,0,1,0,0,1,1,0,3,1,0,0,2,10,0,1,0,3,6,13,5,6,2,61,1,1,0,0,89,0,4,8,75,83,0,0,0,0,0,0,0,0,0,0,13,1,0,0,2,10,1,1,0,0,15,2,2,0,0,31,0,3,3,18,21,0,0,0,0,0,0,0,0,0,0,1,0,0,0,0,1,1,1,0,0,6,0,0,0,0,8,0,0,0,7,7,0,0,0,0,0,0,0,0,0,0,0,0,0,0,0,0,0,0,0,0,4,0,0,0,0,4,0,0,0,4,4
Manhattan Police,1984-01-01,Kansas,33621,KS08101,breakdown offenses,normal return,normal return,normal return,normal return,normal return,breakdown offenses,breakdown offenses,breakdown offenses,0,0,1,1,0,0,0,0,1,0,0,0,1,11,0,0,0,0,11,8,5,3,0,64,0,0,0,0,85,0,0,2,72,74,1,0,0,0,0,0,0,0,0,0,13,0,0,0,2,11,2,2,0,0,19,0,0,0,0,35,0,2,3,21,24,0,0,0,0,0,0,0,0,0,0,1,0,0,0,0,1,0,0,0,0,2,0,0,0,0,3,0,0,0,2,2,0,0,0,0,0,0,0,0,0,0,0,0,0,0,0,0,0,0,0,0,2,0,0,0,0,2,0,0,0,2,2
Manhattan Police,1984-02-01,Kansas,33621,KS08101,breakdown offenses,normal return,normal return,normal return,normal return,normal return,breakdown offenses,breakdown offenses,breakdown offenses,0,0,2,0,0,1,1,0,-1,0,0,0,-1,11,0,0,0,2,9,16,7,7,2,50,8,6,1,1,85,0,2,2,74,76,0,0,1,1,0,0,0,0,0,0,11,1,0,0,1,9,4,1,3,0,20,2,1,1,0,38,0,2,3,26,29,0,0,0,0,0,0,0,0,0,0,0,0,0,0,0,0,0,0,0,0,5,1,0,1,0,6,0,0,0,6,6,0,0,0,0,0,1,0,0,0,1,1,0,1,0,0,0,1,1,0,0,1,0,0,0,0,4,0,1,2,2,4
Manhattan Police,1984-03-01,Kansas,33621,KS08101,breakdown offenses,normal return,normal return,normal return,normal return,normal return,breakdown offenses,breakdown offenses,breakdown offenses,0,0,0,0,0,1,1,0,2,1,0,0,1,12,0,0,0,0,12,15,10,4,1,64,4,-1,2,3,98,0,0,3,83,86,0,0,0,0,0,1,1,0,0,0,11,0,0,0,0,11,4,2,2,0,33,8,3,2,3,57,0,0,1,45,46,0,0,0,0,0,0,0,0,0,0,3,0,0,0,0,3,4,2,2,0,13,6,2,1,3,26,0,0,0,23,23,0,0,0,0,0,0,0,0,0,0,0,0,0,0,0,0,0,0,0,0,0,3,3,0,0,3,0,0,0,3,3
Manhattan Police,1984-04-01,Kansas,33621,KS08101,breakdown offenses,normal return,normal return,normal return,normal return,normal return,breakdown offenses,breakdown offenses,breakdown offenses,0,0,2,0,0,0,0,0,2,0,1,0,1,11,2,0,0,0,9,16,12,4,0,69,3,2,0,1,101,0,2,4,88,92,0,0,0,0,0,1,1,0,0,0,13,1,0,0,0,12,3,3,0,0,21,1,1,0,0,39,0,1,2,25,27,0,0,0,0,0,1,1,0,0,0,1,1,0,0,0,0,1,1,0,0,5,0,0,0,0,8,0,1,2,6,8,0,0,0,0,0,0,0,0,0,0,0,0,0,0,0,0,0,0,0,0,1,0,0,0,0,1,0,0,0,1,1
Manhattan Police,1984-05-01,Kansas,33621,KS08101,breakdown offenses,adjustment,adjustment,adjustment,adjustment,adjustment,breakdown offenses,breakdown offenses,breakdown offenses,0,0,1,0,0,1,1,0,0,-1,1,0,0,16,0,0,0,0,16,21,7,12,2,61,6,3,0,3,105,0,0,1,88,89,0,0,1,1,0,0,0,0,0,0,12,1,0,0,0,11,4,2,2,0,24,0,0,0,0,41,0,1,2,28,30,0,0,0,0,0,0,0,0,0,0,0,0,0,0,0,0,1,0,1,0,9,0,0,0,0,10,0,0,0,10,10,0,0,0,0,0,1,1,0,0,0,0,0,0,0,0,0,1,1,0,0,2,3,2,0,1,7,0,0,1,6,7
Manhattan Police,1984-06-01,Kansas,33621,KS08101,breakdown offenses,normal return,normal return,normal return,normal return,normal return,breakdown offenses,breakdown offenses,breakdown offenses,0,0,1,0,0,0,0,0,0,0,0,0,0,9,1,1,0,1,6,12,6,4,2,58,1,0,0,1,80,0,3,3,71,74,0,0,0,0,0,0,0,0,0,0,15,0,0,0,2,13,5,1,3,1,17,2,2,0,0,39,0,2,2,24,26,0,0,0,0,0,0,0,0,0,0,0,0,0,0,0,0,3,1,2,0,1,0,0,0,0,4,0,0,0,4,4,0,0,0,0,0,0,0,0,0,0,0,0,0,0,0,0,3,0,0,3,7,3,2,0,1,13,0,0,0,13,13
Manhattan Police,1984-07-01,Kansas,33621,KS08101,breakdown offenses,normal return,normal return,normal return,normal return,normal return,breakdown offenses,breakdown offenses,breakdown offenses,0,0,1,0,0,0,0,0,2,2,0,0,0,12,0,0,1,0,11,12,4,6,2,77,5,2,1,2,108,0,1,3,94,97,0,0,0,0,0,2,2,0,0,0,6,1,1,1,0,3,6,2,3,1,29,5,1,1,3,48,0,3,5,40,45,0,0,0,0,0,0,0,0,0,0,1,0,0,0,0,1,1,0,1,0,21,5,1,1,3,28,0,0,0,27,27,0,0,1,1,0,0,0,0,0,0,1,0,1,0,0,0,2,2,0,0,3,1,0,0,1,8,0,1,2,6,8
Manhattan Police,1984-08-01,Kansas,33621,KS08101,breakdown offenses,normal return,normal return,normal return,normal return,normal return,breakdown offenses,breakdown offenses,breakdown offenses,0,0,3,0,0,1,1,0,2,2,0,0,0,15,1,3,1,0,10,17,10,6,1,73,8,4,1,3,116,0,5,8,98,106,0,0,1,1,0,2,2,0,0,0,14,1,2,1,1,9,12,8,4,0,13,7,1,4,2,49,0,5,8,32,40,0,0,1,1,0,0,0,0,0,0,0,0,0,0,0,0,2,2,0,0,1,6,0,4,2,10,0,0,1,9,10,0,0,0,0,0,0,0,0,0,0,1,0,0,0,0,1,0,0,0,0,1,1,0,1,0,3,0,0,0,2,2
Manhattan Police,1984-09-01,Kansas,33621,KS08101,breakdown offenses,normal return,normal return,normal return,normal return,normal return,breakdown offenses,breakdown offenses,breakdown offenses,0,0,3,0,0,3,3,0,3,2,0,0,1,24,0,4,1,1,18,25,10,10,5,86,6,3,0,3,147,0,6,12,117,129,0,0,0,0,0,1,1,0,0,0,16,0,2,1,0,13,5,4,1,0,19,2,2,0,0,43,0,3,4,26,30,0,0,0,0,0,0,0,0,0,0,2,0,1,0,0,1,0,0,0,0,3,0,0,0,0,5,0,1,1,3,4,0,0,0,0,0,0,0,0,0,0,0,0,0,0,0,0,1,1,0,0,4,1,1,0,0,6,0,0,0,6,6
Manhattan Police,1984-10-01,Kansas,33621,KS08101,breakdown offenses,normal return,normal return,normal return,normal return,normal return,breakdown offenses,breakdown offenses,breakdown offenses,0,0,5,0,0,2,2,0,1,0,0,0,1,26,3,4,4,13,2,40,23,16,1,85,3,2,1,0,157,0,24,27,128,155,0,0,0,0,0,0,0,0,0,0,16,2,2,2,3,7,3,2,1,0,14,2,1,0,1,35,0,9,9,19,28,0,0,0,0,0,0,0,0,0,0,0,0,0,0,0,0,0,0,0,0,4,0,0,0,0,4,0,0,0,4,4,0,0,0,0,0,0,0,0,0,0,1,0,0,0,0,1,0,0,0,0,5,0,0,0,0,6,0,0,0,5,5
Manhattan Police,1984-11-01,Kansas,33621,KS08101,breakdown offenses,normal return,normal return,normal return,normal return,normal return,breakdown offenses,breakdown offenses,breakdown offenses,0,0,0,0,0,-1,-1,0,3,2,1,0,0,10,0,0,1,7,2,39,28,10,1,89,1,0,1,0,141,0,8,10,129,139,0,0,0,0,0,1,0,1,0,0,7,0,0,1,2,4,6,5,1,0,26,0,0,0,0,40,0,3,4,32,36,0,0,0,0,0,0,0,0,0,0,1,0,0,0,1,0,3,3,0,0,7,0,0,0,0,11,0,1,1,10,11,0,0,1,1,0,0,0,0,0,0,0,0,0,0,0,0,1,0,1,0,2,0,0,0,0,4,0,0,1,3,4
Manhattan Police,1984-12-01,Kansas,33621,KS08101,breakdown offenses,normal return,normal return,normal return,normal return,normal return,breakdown offenses,breakdown offenses,breakdown offenses,0,0,0,0,0,0,0,0,2,0,0,0,2,20,2,2,1,10,5,37,31,5,1,76,2,1,0,1,137,0,15,17,115,132,0,0,0,0,0,0,0,0,0,0,8,1,0,0,6,1,4,3,1,0,19,2,1,1,0,33,0,7,7,25,32,0,0,0,0,0,0,0,0,0,0,0,0,0,0,0,0,2,1,1,0,5,0,0,0,0,7,0,0,0,7,7,0,0,0,0,0,0,0,0,0,0,0,0,0,0,0,0,1,0,1,0,4,1,1,0,0,6,0,0,0,6,6
Manhattan Police,1985-01-01,Kansas,33789,KS08101,breakdown offenses,normal return,normal return,normal return,normal return,normal return,breakdown offenses,breakdown offenses,breakdown offenses,0,0,3,0,0,1,1,0,1,0,1,0,0,18,1,0,4,8,5,26,20,5,1,47,3,1,0,2,96,0,13,15,76,91,0,0,0,0,0,1,0,1,0,0,14,0,0,3,7,4,3,2,1,0,15,1,1,0,0,34,0,10,11,19,30,0,0,0,0,0,0,0,0,0,0,1,0,0,0,1,0,1,0,1,0,0,0,0,0,0,2,0,1,1,1,2,0,0,0,0,0,0,0,0,0,0,0,0,0,0,0,0,0,0,0,0,1,0,0,0,0,1,0,0,0,1,1
Manhattan Police,1985-02-01,Kansas,33789,KS08101,breakdown offenses,normal return,normal return,normal return,normal return,normal return,breakdown offenses,breakdown offenses,breakdown offenses,0,0,1,0,0,0,0,0,0,0,0,0,0,13,1,-1,1,4,8,14,9,5,0,49,1,1,0,0,77,0,5,5,64,69,0,0,0,0,0,1,1,0,0,0,10,0,0,0,8,2,1,1,0,0,14,1,0,0,1,27,0,8,9,16,25,0,0,0,0,0,0,0,0,0,0,1,0,0,0,1,0,1,1,0,0,3,0,0,0,0,5,0,1,1,4,5,0,0,0,0,0,0,0,0,0,0,1,0,1,0,0,0,1,1,0,0,1,0,0,0,0,3,0,1,1,2,3
Manhattan Police,1985-03-01,Kansas,33789,KS08101,breakdown offenses,normal return,normal return,normal return,normal return,normal return,breakdown offenses,breakdown offenses,breakdown offenses,0,0,0,0,0,0,0,0,0,0,0,0,0,9,1,0,0,4,4,31,14,16,1,88,3,3,0,0,131,0,5,5,122,127,0,0,1,1,0,0,0,0,0,0,10,0,0,1,5,4,23,18,5,0,36,2,2,0,0,72,0,6,7,61,68,0,0,0,0,0,0,0,0,0,0,0,0,0,0,0,0,6,3,3,0,12,1,1,0,0,19,0,0,0,19,19,0,0,0,0,0,0,0,0,0,0,0,0,0,0,0,0,0,0,0,0,5,1,0,1,0,6,0,0,0,6,6
Manhattan Police,1985-04-01,Kansas,33789,KS08101,breakdown offenses,normal return,normal return,normal return,normal return,normal return,breakdown offenses,breakdown offenses,breakdown offenses,0,0,1,0,0,0,0,0,0,0,0,0,0,24,0,1,0,4,19,29,11,13,5,66,3,0,2,1,122,0,5,5,98,103,0,0,0,0,0,0,0,0,0,0,10,0,0,0,1,9,9,3,6,0,17,0,0,0,0,36,0,1,1,26,27,0,0,0,0,0,0,0,0,0,0,2,0,0,0,0,2,1,1,0,0,3,0,0,0,0,6,0,0,0,4,4,0,0,0,0,0,0,0,0,0,0,0,0,0,0,0,0,1,0,1,0,4,0,0,0,0,5,0,0,0,5,5
Manhattan Police,1985-05-01,Kansas,33789,KS08101,breakdown offenses,normal return,normal return,normal return,normal return,normal return,breakdown offenses,breakdown offenses,breakdown offenses,0,0,2,0,0,0,0,0,0,0,0,0,0,17,2,0,0,2,13,16,10,4,2,74,2,2,0,0,109,0,4,4,92,96,0,0,0,0,0,0,0,0,0,0,22,1,0,1,2,18,5,3,2,0,15,2,0,2,0,44,0,4,4,22,26,0,0,0,0,0,0,0,0,0,0,0,0,0,0,0,0,0,0,0,0,4,0,0,0,0,4,0,0,0,4,4,0,0,0,0,0,0,0,0,0,0,0,0,0,0,0,0,0,0,0,0,2,1,1,0,0,3,0,0,0,3,3
Manhattan Police,1985-06-01,Kansas,33789,KS08101,breakdown offenses,normal return,normal return,normal return,normal return,normal return,breakdown offenses,breakdown offenses,breakdown offenses,0,0,1,0,0,2,2,0,0,0,0,0,0,18,0,0,0,3,15,25,16,7,2,56,6,5,0,1,107,0,3,5,87,92,0,0,1,1,0,0,0,0,0,0,13,1,0,1,3,8,6,0,6,0,10,1,0,0,1,31,0,5,6,17,23,0,0,1,1,0,0,0,0,0,0,0,0,0,0,0,0,0,0,0,0,4,1,0,0,1,6,0,0,1,5,6,0,0,0,0,0,0,0,0,0,0,0,0,0,0,0,0,1,1,0,0,7,1,1,0,0,9,0,0,0,9,9
Manhattan Police,1985-07-01,Kansas,33789,KS08101,breakdown offenses,normal return,normal return,normal return,normal return,normal return,breakdown offenses,breakdown offenses,breakdown offenses,0,0,2,0,0,1,1,0,0,0,0,0,0,14,1,1,0,1,11,34,19,12,3,96,5,4,0,1,150,0,3,4,135,139,0,0,0,0,0,0,0,0,0,0,13,1,1,0,0,11,3,3,0,0,22,1,1,0,0,39,0,2,2,26,28,0,0,0,0,0,0,0,0,0,0,0,0,0,0,0,0,0,0,0,0,9,0,0,0,0,9,0,0,0,9,9,0,0,0,0,0,0,0,0,0,0,0,0,0,0,0,0,2,1,1,0,4,0,0,0,0,6,0,0,0,6,6
Manhattan Police,1985-08-01,Kansas,33789,KS08101,breakdown offenses,normal return,normal return,normal return,normal return,normal return,breakdown offenses,breakdown offenses,breakdown offenses,0,0,0,0,0,2,2,0,1,1,0,0,0,9,0,1,1,-1,8,23,14,8,1,85,4,3,0,1,124,0,1,4,112,116,0,0,1,1,0,1,1,0,0,0,9,0,1,0,0,8,7,3,2,2,24,3,2,1,0,45,0,1,3,34,37,0,0,0,0,0,0,0,0,0,0,0,0,0,0,0,0,3,1,2,0,10,2,1,1,0,15,0,0,0,15,15,0,0,0,0,0,0,0,0,0,0,1,0,0,0,1,0,0,0,0,0,3,0,0,0,0,4,0,1,1,3,4
Manhattan Police,1985-09-01,Kansas,33789,KS08101,breakdown offenses,normal return,normal return,normal return,normal return,normal return,breakdown offenses,breakdown offenses,breakdown offenses,0,0,0,0,0,1,1,0,3,1,0,0,2,13,0,2,0,1,10,19,8,8,3,75,2,2,0,0,113,0,3,7,96,103,0,0,0,0,0,0,0,0,0,0,7,0,0,1,0,6,19,16,2,1,16,3,3,0,0,45,0,1,1,38,39,0,0,0,0,0,0,0,0,0,0,0,0,0,0,0,0,1,0,1,0,3,2,2,0,0,6,0,0,0,6,6,0,0,0,0,0,0,0,0,0,0,1,1,0,0,0,0,0,0,0,0,1,0,0,0,0,2,0,1,1,1,2
Manhattan Police,1985-10-01,Kansas,33789,KS08101,breakdown offenses,normal return,normal return,normal return,normal return,normal return,breakdown offenses,breakdown offenses,breakdown offenses,0,0,1,0,0,-1,-1,0,0,0,0,0,0,17,1,3,1,0,12,17,9,5,3,91,14,8,2,4,138,0,5,4,122,126,0,0,0,0,0,1,0,1,0,0,14,0,2,0,0,12,8,7,1,0,26,0,0,0,0,49,0,2,3,34,37,0,0,0,0,0,0,0,0,0,0,0,0,0,0,0,0,1,1,0,0,6,0,0,0,0,7,0,0,0,7,7,0,0,1,1,0,0,0,0,0,0,0,0,0,0,0,0,0,0,0,0,3,1,1,0,0,5,0,0,1,4,5
Manhattan Police,1985-11-01,Kansas,33789,KS08101,breakdown offenses,normal return,normal return,normal return,normal return,normal return,breakdown offenses,breakdown offenses,breakdown offenses,0,0,1,0,0,1,1,0,0,0,0,0,0,6,2,0,1,0,3,14,8,2,4,92,5,1,1,3,118,0,3,4,111,115,0,0,0,0,0,0,0,0,0,0,7,1,0,0,1,5,2,2,0,0,21,3,0,3,0,33,0,2,2,26,28,0,0,0,0,0,0,0,0,0,0,2,0,0,0,0,2,0,0,0,0,2,3,0,3,0,7,0,0,0,5,5,0,0,1,1,0,0,0,0,0,0,0,0,0,0,0,0,0,0,0,0,2,1,0,1,0,4,0,0,1,3,4
Manhattan Police,1985-12-01,Kansas,33789,KS08101,breakdown offenses,normal return,normal return,normal return,normal return,normal return,breakdown offenses,breakdown offenses,breakdown offenses,0,0,1,0,0,0,0,0,1,0,0,0,1,17,0,2,0,3,12,15,9,5,1,83,1,1,0,0,117,0,5,6,99,105,0,0,0,0,0,0,0,0,0,0,10,2,1,0,0,7,1,1,0,0,28,0,0,0,0,39,0,3,3,29,32,0,0,0,0,0,0,0,0,0,0,1,0,0,0,0,1,0,0,0,0,5,0,0,0,0,6,0,0,0,5,5,0,0,0,0,0,0,0,0,0,0,0,0,0,0,0,0,0,0,0,0,0,1,1,0,0,1,0,0,0,1,1
Manhattan Police,1986-01-01,Kansas,32686,KS08101,breakdown offenses,normal return,normal return,normal return,normal return,normal return,breakdown offenses,breakdown offenses,breakdown offenses,0,0,0,0,0,2,1,1,1,0,0,0,1,11,2,2,1,0,6,28,14,8,6,85,4,1,0,3,131,0,5,8,117,125,0,0,0,0,0,0,0,0,0,0,7,1,0,0,0,6,2,0,0,2,40,1,1,0,0,50,0,1,1,43,44,0,0,0,0,0,0,0,0,0,0,2,0,0,0,0,2,2,0,0,2,24,1,1,0,0,29,0,0,0,27,27,0,0,0,0,0,0,0,0,0,0,0,0,0,0,0,0,0,0,0,0,3,2,1,1,0,5,0,0,0,5,5
Manhattan Police,1986-02-01,Kansas,32686,KS08101,breakdown offenses,normal return,normal return,normal return,normal return,normal return,breakdown offenses,breakdown offenses,breakdown offenses,0,0,3,0,0,0,0,0,0,0,0,0,0,12,1,0,0,1,10,14,9,5,0,94,4,2,1,1,124,0,2,2,112,114,0,0,0,0,0,0,0,0,0,0,13,0,1,0,1,11,1,1,0,0,25,1,1,0,0,40,0,2,2,27,29,0,0,0,0,0,0,0,0,0,0,1,0,0,0,0,1,0,0,0,0,9,0,0,0,0,10,0,0,0,9,9,0,0,1,1,0,0,0,0,0,0,0,0,0,0,0,0,1,1,0,0,1,1,0,0,1,4,0,0,1,3,4
Manhattan Police,1986-03-01,Kansas,32686,KS08101,breakdown offenses,normal return,normal return,normal return,normal return,normal return,breakdown offenses,breakdown offenses,breakdown offenses,0,0,3,0,0,0,0,0,-1,0,0,-1,0,18,1,2,2,1,12,10,6,3,1,93,7,3,0,4,127,0,6,5,110,115,0,0,0,0,0,0,0,0,0,0,8,1,1,0,0,6,1,0,1,0,24,3,2,0,1,36,0,2,2,28,30,0,0,0,0,0,0,0,0,0,0,3,0,1,0,0,2,0,0,0,0,17,2,1,0,1,22,0,1,1,19,20,0,0,0,0,0,1,0,0,1,0,0,0,0,0,0,0,1,0,1,0,2,0,0,0,0,4,0,0,1,3,4
Manhattan Police,1986-04-01,Kansas,32686,KS08101,breakdown offenses,normal return,normal return,normal return,normal return,normal return,breakdown offenses,breakdown offenses,breakdown offenses,0,0,1,0,0,0,0,0,0,0,0,0,0,18,0,4,1,0,13,27,16,11,0,91,2,0,0,2,138,0,5,5,120,125,0,0,0,0,0,0,0,0,0,0,17,0,4,2,0,11,1,1,0,0,27,0,0,0,0,45,0,6,6,28,34,0,0,0,0,0,0,0,0,0,0,3,0,3,0,0,0,0,0,0,0,8,0,0,0,0,11,0,3,3,8,11,0,0,0,0,0,0,0,0,0,0,1,0,0,0,0,1,1,1,0,0,2,0,0,0,0,4,0,0,0,3,3
Manhattan Police,1986-05-01,Kansas,32686,KS08101,breakdown offenses,normal return,normal return,normal return,normal return,normal return,breakdown offenses,breakdown offenses,breakdown offenses,0,0,0,0,0,0,0,0,2,0,1,0,1,24,1,0,1,1,21,34,19,11,4,93,3,3,0,0,156,0,3,5,130,135,0,0,0,0,0,0,0,0,0,0,11,0,0,0,1,10,3,2,0,1,17,3,1,0,2,34,0,1,1,23,24,0,0,0,0,0,0,0,0,0,0,0,0,0,0,0,0,0,0,0,0,3,0,0,0,0,3,0,0,0,3,3,0,0,2,2,0,0,0,0,0,0,0,0,0,0,0,0,0,0,0,0,1,2,2,0,0,5,0,0,2,3,5
Manhattan Police,1986-06-01,Kansas,32686,KS08101,breakdown offenses,normal return,normal return,normal return,normal return,normal return,breakdown offenses,breakdown offenses,breakdown offenses,0,0,2,0,0,1,1,0,0,0,0,0,0,15,1,0,2,0,12,16,5,8,3,74,2,1,0,1,108,0,3,4,92,96,0,0,1,1,0,0,0,0,0,0,16,0,0,4,0,12,4,1,3,0,14,1,0,0,1,36,0,4,5,19,24,0,0,0,0,0,0,0,0,0,0,1,0,0,0,0,1,3,0,3,0,4,1,0,0,1,9,0,0,0,8,8,0,0,0,0,0,0,0,0,0,0,0,0,0,0,0,0,1,0,1,0,1,0,0,0,0,2,0,0,0,2,2
Manhattan Police,1986-07-01,Kansas,32686,KS08101,breakdown offenses,normal return,normal return,normal return,normal return,normal return,breakdown offenses,breakdown offenses,breakdown offenses,0,0,0,0,0,1,1,0,0,0,0,0,0,18,1,3,0,0,14,26,9,15,2,110,5,0,1,4,160,0,4,5,141,146,0,0,1,1,0,0,0,0,0,0,9,0,3,1,0,5,5,1,4,0,24,1,1,0,0,40,0,4,5,30,35,0,0,0,0,0,0,0,0,0,0,1,0,1,0,0,0,3,0,3,0,10,0,0,0,0,14,0,1,1,13,14,0,0,0,0,0,0,0,0,0,0,1,1,0,0,0,0,0,0,0,0,3,2,2,0,0,6,0,1,1,5,6
Manhattan Police,1986-08-01,Kansas,32686,KS08101,breakdown offenses,normal return,normal return,normal return,normal return,normal return,breakdown offenses,breakdown offenses,breakdown offenses,0,0,1,0,0,0,0,0,3,0,1,0,2,20,1,2,1,0,16,28,14,11,3,124,5,2,1,2,180,0,4,7,157,164,0,0,0,0,0,0,0,0,0,0,14,1,2,0,0,11,3,1,2,0,17,0,0,0,0,34,0,3,3,20,23,0,0,0,0,0,0,0,0,0,0,0,0,0,0,0,0,0,0,0,0,0,0,0,0,0,0,0,0,0,0,0,0,0,0,0,0,0,0,0,0,0,0,0,0,0,0,0,0,0,0,0,2,0,0,0,0,2,0,0,0,2,2
Manhattan Police,1986-09-01,Kansas,32686,KS08101,breakdown offenses,adjustment,adjustment,adjustment,adjustment,adjustment,breakdown offenses,breakdown offenses,breakdown offenses,0,0,1,0,0,1,1,0,1,0,1,0,0,17,1,0,1,0,15,22,15,6,1,84,0,0,0,0,125,0,2,4,106,110,0,0,1,1,0,0,0,0,0,0,21,1,0,1,0,19,4,3,1,0,23,0,0,0,0,49,0,2,3,27,30,0,0,0,0,0,0,0,0,0,0,1,0,0,0,0,1,2,1,1,0,2,0,0,0,0,5,0,0,0,4,4,0,0,1,1,0,0,0,0,0,0,0,0,0,0,0,0,1,1,0,0,3,0,0,0,0,5,0,0,1,4,5
Manhattan Police,1986-10-01,Kansas,32686,KS08101,breakdown offenses,adjustment,adjustment,adjustment,adjustment,adjustment,breakdown offenses,breakdown offenses,breakdown offenses,0,0,0,0,0,2,2,0,0,1,0,0,-1,26,0,1,4,1,20,20,10,8,2,115,4,2,0,2,167,0,6,8,139,147,0,0,2,2,0,0,0,0,0,0,15,0,1,1,0,13,7,3,4,0,25,0,0,0,0,49,0,2,4,32,36,0,0,0,0,0,0,0,0,0,0,2,0,0,0,0,2,1,0,1,0,4,0,0,0,0,7,0,0,0,5,5,0,0,0,0,0,1,0,0,0,1,0,0,0,0,0,0,2,1,1,0,3,0,0,0,0,6,0,0,1,5,6
Manhattan Police,1986-11-01,Kansas,32686,KS08101,breakdown offenses,adjustment,adjustment,adjustment,adjustment,adjustment,breakdown offenses,breakdown offenses,breakdown offenses,0,0,0,0,0,1,0,1,1,0,1,0,0,21,4,2,3,0,12,19,9,8,2,89,3,1,0,2,134,0,9,11,111,122,0,0,0,0,0,0,0,0,0,0,18,4,1,2,1,10,2,1,1,0,22,1,1,0,0,43,0,8,8,25,33,0,0,0,0,0,0,0,0,0,0,2,0,0,0,0,2,1,0,1,0,4,1,1,0,0,8,0,0,0,6,6,0,0,0,0,0,0,0,0,0,0,0,0,0,0,0,0,0,0,0,0,4,1,1,0,0,5,0,0,0,5,5
Manhattan Police,1986-12-01,Kansas,32686,KS08101,breakdown offenses,adjustment,adjustment,adjustment,adjustment,adjustment,breakdown offenses,breakdown offenses,breakdown offenses,0,0,0,0,0,1,1,0,0,0,0,0,0,17,0,1,1,1,14,21,11,8,2,112,4,4,0,0,155,0,3,4,137,141,0,0,0,0,0,0,0,0,0,0,16,1,1,1,1,12,1,1,0,0,27,3,3,0,0,47,0,4,4,31,35,0,0,0,0,0,0,0,0,0,0,1,0,0,0,0,1,0,0,0,0,7,3,3,0,0,11,0,0,0,10,10,0,0,0,0,0,0,0,0,0,0,0,0,0,0,0,0,1,1,0,0,2,1,0,0,1,4,0,0,0,4,4
Manhattan Police,1987-01-01,Kansas,33964,KS08101,breakdown offenses,adjustment,adjustment,adjustment,adjustment,adjustment,breakdown offenses,breakdown offenses,breakdown offenses,0,0,0,0,0,0,0,0,0,0,0,0,0,8,0,2,0,0,6,23,12,10,1,64,4,3,1,0,99,0,2,2,91,93,0,0,0,0,0,0,0,0,0,0,7,0,2,0,0,5,7,2,5,0,15,2,2,0,0,31,0,2,2,24,26,0,0,0,0,0,0,0,0,0,0,0,0,0,0,0,0,1,0,1,0,5,0,0,0,0,6,0,0,0,6,6,0,0,0,0,0,0,0,0,0,0,0,0,0,0,0,0,0,0,0,0,3,1,0,0,1,4,0,0,0,4,4
Manhattan Police,1987-02-01,Kansas,33964,KS08101,breakdown offenses,adjustment,adjustment,adjustment,adjustment,adjustment,breakdown offenses,breakdown offenses,breakdown offenses,0,0,1,0,0,2,2,0,0,0,0,0,0,11,2,0,1,0,8,17,10,7,0,102,1,0,0,1,133,0,3,5,120,125,0,0,0,0,0,2,0,1,0,1,6,2,0,1,0,3,0,0,0,0,21,1,0,0,1,30,0,3,5,22,27,0,0,0,0,0,0,0,0,0,0,0,0,0,0,0,0,0,0,0,0,8,1,0,0,1,9,0,0,0,9,9,0,0,0,0,0,0,0,0,0,0,0,0,0,0,0,0,0,0,0,0,2,1,1,0,0,3,0,0,0,3,3
Manhattan Police,1987-03-01,Kansas,33964,KS08101,breakdown offenses,adjustment,adjustment,adjustment,adjustment,adjustment,breakdown offenses,breakdown offenses,breakdown offenses,0,0,3,0,0,0,0,0,4,0,0,2,2,21,0,5,2,0,14,29,14,12,3,118,1,1,0,0,173,0,7,11,148,159,0,0,0,0,0,1,0,0,0,1,17,0,2,0,0,15,7,2,5,0,25,1,1,0,0,51,0,2,3,33,36,0,0,0,0,0,1,0,0,0,1,1,0,0,0,0,1,5,2,3,0,5,0,0,0,0,12,0,0,1,10,11,0,0,0,0,0,0,0,0,0,0,0,0,0,0,0,0,0,0,0,0,2,0,0,0,0,2,0,0,0,2,2
Manhattan Police,1987-04-01,Kansas,33964,KS08101,breakdown offenses,adjustment,adjustment,adjustment,adjustment,adjustment,breakdown offenses,breakdown offenses,breakdown offenses,0,0,0,0,0,1,1,0,3,1,0,1,1,20,1,0,1,0,18,22,8,11,3,107,1,1,0,0,154,0,2,6,130,136,0,0,0,0,0,1,0,0,0,1,6,0,0,0,0,6,3,2,1,0,16,1,1,0,0,27,0,0,1,20,21,0,0,0,0,0,0,0,0,0,0,0,0,0,0,0,0,0,0,0,0,6,0,0,0,0,6,0,0,0,6,6,0,0,0,0,0,0,0,0,0,0,0,0,0,0,0,0,0,0,0,0,3,0,0,0,0,3,0,0,0,3,3
Manhattan Police,1987-05-01,Kansas,33964,KS08101,breakdown offenses,adjustment,adjustment,adjustment,adjustment,adjustment,breakdown offenses,breakdown offenses,breakdown offenses,0,0,0,0,0,0,0,0,1,0,0,0,1,24,0,5,0,0,19,34,16,12,6,88,5,4,0,1,152,0,5,6,127,133,0,0,0,0,0,0,0,0,0,0,24,1,6,2,0,15,14,8,5,1,30,1,1,0,0,69,0,9,9,45,54,0,0,0,0,0,0,0,0,0,0,5,0,3,0,0,2,4,3,1,0,6,0,0,0,0,15,0,3,3,10,13,0,0,0,0,0,0,0,0,0,0,1,0,1,0,0,0,1,1,0,0,3,0,0,0,0,5,0,1,1,4,5
Manhattan Police,1987-06-01,Kansas,33964,KS08101,breakdown offenses,adjustment,adjustment,adjustment,adjustment,adjustment,breakdown offenses,breakdown offenses,breakdown offenses,0,0,0,0,0,1,1,0,0,0,0,0,0,19,0,4,0,2,13,19,7,12,0,97,4,1,2,1,140,0,6,7,120,127,0,0,0,0,0,0,0,0,0,0,0,0,0,0,0,0,0,0,0,0,0,0,0,0,0,0,0,0,0,0,0,0,0,0,0,0,0,0,0,0,0,0,0,0,0,0,0,0,0,0,0,0,0,0,0,0,0,0,0,0,0,0,0,0,0,0,0,0,0,0,0,0,0,0,0,0,0,0,0,0,0,0,0,0,0,0,0,0,0,0,0,0,0
Manhattan Police,1987-07-01,Kansas,33964,KS08101,breakdown offenses,adjustment,adjustment,adjustment,adjustment,adjustment,breakdown offenses,breakdown offenses,breakdown offenses,0,0,0,0,0,-1,0,-1,2,0,0,0,2,27,0,2,0,2,23,25,10,13,2,119,3,0,1,2,175,0,4,5,147,152,0,0,1,1,0,0,0,0,0,0,18,0,1,0,0,17,7,1,6,0,35,0,0,0,0,61,0,1,2,42,44,0,0,0,0,0,0,0,0,0,0,1,0,1,0,0,0,3,1,2,0,16,0,0,0,0,20,0,1,1,19,20,0,0,2,1,1,0,0,0,0,0,0,0,0,0,0,0,0,0,0,0,5,0,0,0,0,7,0,0,2,5,7
Manhattan Police,1987-08-01,Kansas,33964,KS08101,breakdown offenses,adjustment,adjustment,adjustment,adjustment,adjustment,breakdown offenses,breakdown offenses,breakdown offenses,0,0,0,0,0,-1,-1,0,0,0,0,0,0,28,3,0,3,3,19,25,17,5,3,117,6,5,1,0,175,0,9,8,148,156,0,0,0,0,0,3,0,0,2,1,20,1,0,4,2,13,9,5,2,2,25,1,1,0,0,58,0,7,10,35,45,0,0,0,0,0,0,0,0,0,0,1,0,0,0,1,0,0,0,0,0,4,0,0,0,0,5,0,1,1,4,5,0,0,1,1,0,0,0,0,0,0,0,0,0,0,0,0,1,0,1,0,2,0,0,0,0,4,0,0,1,3,4
Manhattan Police,1987-09-01,Kansas,33964,KS08101,breakdown offenses,adjustment,adjustment,adjustment,adjustment,adjustment,breakdown offenses,breakdown offenses,breakdown offenses,0,0,0,0,0,0,0,0,0,0,0,0,0,28,0,1,1,3,23,26,13,10,3,102,11,7,2,2,167,0,5,5,139,144,0,0,0,0,0,0,0,0,0,0,16,0,0,0,2,14,9,5,4,0,25,1,1,0,0,51,0,2,2,35,37,0,0,0,0,0,0,0,0,0,0,2,0,0,0,0,2,0,0,0,0,4,0,0,0,0,6,0,0,0,4,4,0,0,0,0,0,0,0,0,0,0,0,0,0,0,0,0,1,0,1,0,3,0,0,0,0,4,0,0,0,4,4
Manhattan Police,1987-10-01,Kansas,33964,KS08101,breakdown offenses,adjustment,adjustment,adjustment,adjustment,adjustment,breakdown offenses,breakdown offenses,breakdown offenses,0,0,0,0,0,0,0,0,1,0,0,0,1,27,0,6,0,3,18,22,14,6,2,128,6,5,1,0,184,0,9,10,156,166,0,0,0,0,0,0,0,0,0,0,31,1,3,1,3,23,3,2,1,0,32,5,5,0,0,71,0,8,8,40,48,0,0,0,0,0,0,0,0,0,0,2,0,1,0,0,1,2,1,1,0,6,4,4,0,0,14,0,1,1,12,13,0,0,0,0,0,0,0,0,0,0,0,0,0,0,0,0,2,0,2,0,2,2,2,0,0,6,0,0,0,6,6
Manhattan Police,1987-11-01,Kansas,33964,KS08101,breakdown offenses,adjustment,adjustment,adjustment,adjustment,adjustment,breakdown offenses,breakdown offenses,breakdown offenses,0,0,0,0,0,0,0,0,0,0,0,0,0,32,1,2,2,3,24,17,10,6,1,115,6,2,3,1,170,0,8,8,138,146,0,0,0,0,0,0,0,0,0,0,17,0,0,2,1,14,3,1,2,0,35,0,0,0,0,55,0,3,3,38,41,0,0,0,0,0,0,0,0,0,0,2,0,0,0,0,2,0,0,0,0,7,0,0,0,0,9,0,0,0,7,7,0,0,0,0,0,0,0,0,0,0,0,0,0,0,0,0,1,0,1,0,0,0,0,0,0,1,0,0,0,1,1
Manhattan Police,1987-12-01,Kansas,33964,KS08101,breakdown offenses,adjustment,adjustment,adjustment,adjustment,adjustment,breakdown offenses,breakdown offenses,breakdown offenses,0,0,0,0,0,0,0,0,0,0,0,0,0,23,1,1,3,5,13,16,9,6,1,108,5,6,-1,0,152,0,10,10,129,139,0,0,0,0,0,2,0,1,0,1,24,1,4,0,6,13,6,2,4,0,46,2,1,0,1,80,0,11,13,54,67,0,0,0,0,0,0,0,0,0,0,1,0,1,0,0,0,2,0,2,0,11,0,0,0,0,14,0,1,1,13,14,0,0,0,0,0,0,0,0,0,0,0,0,0,0,0,0,0,0,0,0,4,1,0,1,0,5,0,0,0,5,5
Manhattan Police,1988-01-01,Kansas,32235,KS08101,breakdown offenses,adjustment,adjustment,adjustment,adjustment,adjustment,breakdown offenses,breakdown offenses,breakdown offenses,0,0,0,0,0,1,1,0,0,0,0,0,0,24,0,0,1,1,22,21,12,8,1,82,1,1,0,0,129,0,2,3,104,107,0,0,0,0,0,0,0,0,0,0,20,2,2,1,1,14,1,0,1,0,27,2,1,0,1,50,0,6,6,30,36,0,0,0,0,0,0,0,0,0,0,0,0,0,0,0,0,0,0,0,0,2,1,1,0,0,3,0,0,0,3,3,0,0,0,0,0,0,0,0,0,0,0,0,0,0,0,0,0,0,0,0,6,1,0,0,1,7,0,0,0,7,7
Manhattan Police,1988-02-01,Kansas,32235,KS08101,breakdown offenses,adjustment,adjustment,adjustment,adjustment,adjustment,breakdown offenses,breakdown offenses,breakdown offenses,0,0,0,0,0,0,0,0,1,0,0,0,1,17,1,0,0,0,16,17,11,4,2,109,3,1,1,1,147,0,1,2,129,131,0,0,0,0,0,0,0,0,0,0,15,0,1,2,0,12,4,1,3,0,41,1,0,1,0,61,0,3,3,46,49,0,0,0,0,0,0,0,0,0,0,0,0,0,0,0,0,0,0,0,0,9,0,0,0,0,9,0,0,0,9,9,0,0,0,0,0,0,0,0,0,0,0,0,0,0,0,0,0,0,0,0,0,0,0,0,0,0,0,0,0,0,0
Manhattan Police,1988-03-01,Kansas,32235,KS08101,breakdown offenses,adjustment,adjustment,adjustment,adjustment,adjustment,breakdown offenses,breakdown offenses,breakdown offenses,0,0,0,0,0,1,1,0,0,0,0,0,0,23,8,1,2,0,12,25,18,7,0,120,5,4,1,0,174,0,11,12,150,162,0,0,1,1,0,0,0,0,0,0,18,4,1,3,1,9,0,0,0,0,24,0,0,0,0,43,0,9,10,24,34,0,0,0,0,0,0,0,0,0,0,0,0,0,0,0,0,0,0,0,0,0,0,0,0,0,0,0,0,0,0,0,0,0,0,0,0,0,0,0,0,0,0,0,0,0,0,0,0,0,0,0,3,0,0,0,0,3,0,0,0,3,3
Manhattan Police,1988-04-01,Kansas,32235,KS08101,breakdown offenses,adjustment,adjustment,adjustment,adjustment,adjustment,breakdown offenses,breakdown offenses,breakdown offenses,0,0,0,0,0,3,3,0,1,1,0,0,0,25,1,2,1,3,18,9,4,5,0,106,2,2,0,0,146,0,7,11,117,128,0,0,1,1,0,1,1,0,0,0,30,1,1,2,2,24,3,0,3,0,35,0,0,0,0,70,0,6,8,38,46,0,0,0,0,0,0,0,0,0,0,1,0,0,0,1,0,1,0,1,0,4,0,0,0,0,6,0,1,1,5,6,0,0,0,0,0,0,0,0,0,0,0,0,0,0,0,0,0,0,0,0,0,1,0,0,1,1,0,0,0,1,1
Manhattan Police,1988-05-01,Kansas,32235,KS08101,breakdown offenses,adjustment,adjustment,adjustment,adjustment,adjustment,breakdown offenses,breakdown offenses,breakdown offenses,0,0,0,0,0,1,1,0,3,1,0,0,2,18,3,1,2,0,12,14,6,6,2,120,2,2,0,0,158,0,6,10,136,146,0,0,0,0,0,0,0,0,0,0,0,0,0,0,0,0,0,0,0,0,0,0,0,0,0,0,0,0,0,0,0,0,0,0,0,0,0,0,0,0,0,0,0,0,0,0,0,0,0,0,0,0,0,0,0,0,0,0,0,0,0,0,0,0,0,0,0,0,0,0,0,0,0,0,0,0,0,0,0,0,0,0,0,0,0,0,0,0,0,0,0,0,0
Manhattan Police,1988-06-01,Kansas,32235,KS08101,breakdown offenses,adjustment,adjustment,adjustment,adjustment,adjustment,breakdown offenses,breakdown offenses,breakdown offenses,0,0,0,0,0,0,0,0,0,0,0,0,0,33,1,1,9,0,22,16,8,7,1,118,2,0,1,1,169,0,11,11,136,147,0,0,1,1,0,0,0,0,0,0,24,4,0,5,0,15,9,5,4,0,25,0,0,0,0,59,0,9,10,34,44,0,0,0,0,0,0,0,0,0,0,6,0,0,3,0,3,2,2,0,0,6,0,0,0,0,14,0,3,3,8,11,0,0,1,1,0,0,0,0,0,0,0,0,0,0,0,0,0,0,0,0,1,0,0,0,0,2,0,0,1,1,2
Manhattan Police,1988-07-01,Kansas,32235,KS08101,breakdown offenses,adjustment,adjustment,adjustment,adjustment,adjustment,breakdown offenses,breakdown offenses,breakdown offenses,0,0,0,0,0,-1,-1,0,1,0,0,1,0,14,-2,0,3,2,11,18,5,13,0,90,3,1,1,1,125,0,3,3,111,114,0,0,0,0,0,0,0,0,0,0,14,1,0,2,0,11,2,0,1,1,47,0,0,0,0,63,0,3,3,49,52,0,0,0,0,0,0,0,0,0,0,0,0,0,0,0,0,0,0,0,0,6,0,0,0,0,6,0,0,0,6,6,0,0,1,1,0,0,0,0,0,0,3,3,0,0,0,0,0,0,0,0,2,0,0,0,0,6,0,3,4,2,6
Manhattan Police,1988-08-01,Kansas,32235,KS08101,breakdown offenses,adjustment,adjustment,adjustment,adjustment,adjustment,breakdown offenses,breakdown offenses,breakdown offenses,0,0,0,0,0,0,0,0,2,0,1,0,1,22,0,1,2,3,16,22,14,4,4,89,4,3,0,1,139,0,6,8,115,123,0,0,0,0,0,1,0,0,0,1,28,1,1,3,4,19,7,2,3,2,17,0,0,0,0,53,0,9,10,24,34,0,0,0,0,0,0,0,0,0,0,0,0,0,0,0,0,1,1,0,0,3,0,0,0,0,4,0,0,0,4,4,0,0,0,0,0,0,0,0,0,0,0,0,0,0,0,0,2,0,2,0,4,0,0,0,0,6,0,0,0,6,6
Manhattan Police,1988-09-01,Kansas,32235,KS08101,breakdown offenses,adjustment,adjustment,adjustment,adjustment,adjustment,breakdown offenses,breakdown offenses,breakdown offenses,0,0,0,0,0,0,0,0,2,0,0,0,2,32,5,0,1,5,21,13,6,6,1,105,4,3,0,1,156,0,11,13,122,135,0,0,0,0,0,0,0,0,0,0,22,0,0,1,4,17,4,2,2,0,28,1,0,0,1,55,0,5,5,33,38,0,0,0,0,0,0,0,0,0,0,0,0,0,0,0,0,2,1,1,0,5,1,0,0,1,8,0,0,0,8,8,0,0,0,0,0,0,0,0,0,0,0,0,0,0,0,0,1,0,1,0,4,1,1,0,0,6,0,0,0,6,6
Manhattan Police,1988-10-01,Kansas,32235,KS08101,breakdown offenses,adjustment,adjustment,adjustment,adjustment,adjustment,breakdown offenses,breakdown offenses,breakdown offenses,0,0,0,0,0,0,0,0,0,0,0,0,0,28,0,1,1,2,24,11,4,7,0,136,4,4,0,0,179,0,4,4,151,155,0,0,2,2,0,0,0,0,0,0,25,0,0,2,1,22,6,5,1,0,37,2,2,0,0,72,0,3,5,45,50,0,0,0,0,0,0,0,0,0,0,3,0,0,1,0,2,0,0,0,0,12,0,0,0,0,15,0,1,1,12,13,0,0,0,0,0,0,0,0,0,0,0,0,0,0,0,0,0,0,0,0,4,1,0,1,0,5,0,0,0,5,5
Manhattan Police,1988-11-01,Kansas,32235,KS08101,breakdown offenses,adjustment,adjustment,adjustment,adjustment,adjustment,breakdown offenses,breakdown offenses,breakdown offenses,0,0,0,0,0,1,1,0,0,0,0,0,0,23,3,1,0,2,17,17,8,9,0,102,3,3,0,0,146,0,6,7,122,129,0,0,0,0,0,0,0,0,0,0,18,5,1,0,1,11,1,0,1,0,29,0,0,0,0,48,0,7,7,30,37,0,0,0,0,0,0,0,0,0,0,3,0,1,0,0,2,0,0,0,0,6,0,0,0,0,9,0,1,1,6,7,0,0,0,0,0,0,0,0,0,0,0,0,0,0,0,0,1,0,1,0,4,0,0,0,0,5,0,0,0,5,5
Manhattan Police,1988-12-01,Kansas,32235,KS08101,breakdown offenses,adjustment,adjustment,adjustment,adjustment,adjustment,breakdown offenses,breakdown offenses,breakdown offenses,0,0,0,0,0,1,1,0,2,0,0,1,1,23,8,0,2,3,10,34,12,20,2,154,4,3,1,0,218,0,13,16,192,208,0,0,1,1,0,0,0,0,0,0,9,0,0,1,1,7,2,1,1,0,34,2,2,0,0,48,0,2,3,38,41,0,0,0,0,0,0,0,0,0,0,1,0,0,0,0,1,2,1,1,0,4,0,0,0,0,7,0,0,0,6,6,0,0,0,0,0,0,0,0,0,0,0,0,0,0,0,0,1,0,1,0,4,0,0,0,0,5,0,0,0,5,5
Manhattan Police,1989-01-01,Kansas,33161,KS08101,breakdown offenses,adjustment,adjustment,adjustment,adjustment,adjustment,breakdown offenses,breakdown offenses,breakdown offenses,0,0,0,0,0,0,0,0,0,0,0,0,0,36,0,1,2,4,29,18,11,6,1,96,1,1,0,0,151,0,7,7,115,122,0,0,0,0,0,0,0,0,0,0,31,0,1,2,7,21,2,1,1,0,40,1,1,0,0,74,0,10,10,43,53,0,0,0,0,0,0,0,0,0,0,0,0,0,0,0,0,0,0,0,0,11,0,0,0,0,11,0,0,0,11,11,0,0,0,0,0,0,0,0,0,0,0,0,0,0,0,0,0,0,0,0,0,0,0,0,0,0,0,0,0,0,0
Manhattan Police,1989-02-01,Kansas,33161,KS08101,breakdown offenses,adjustment,adjustment,adjustment,adjustment,adjustment,breakdown offenses,breakdown offenses,breakdown offenses,0,0,0,0,0,2,2,0,0,0,0,0,0,17,1,2,3,2,9,10,6,4,0,73,3,2,0,1,105,0,8,10,86,96,0,0,0,0,0,0,0,0,0,0,14,0,2,2,1,9,5,3,2,0,28,0,0,0,0,47,0,5,5,33,38,0,0,0,0,0,0,0,0,0,0,2,0,0,1,0,1,0,0,0,0,6,0,0,0,0,8,0,1,1,6,7,0,0,0,0,0,0,0,0,0,0,0,0,0,0,0,0,0,0,0,0,2,0,0,0,0,2,0,0,0,2,2
Manhattan Police,1989-03-01,Kansas,33161,KS08101,breakdown offenses,adjustment,adjustment,adjustment,adjustment,adjustment,breakdown offenses,breakdown offenses,breakdown offenses,0,0,0,0,0,1,1,0,1,0,0,1,0,17,0,2,0,2,13,23,13,9,1,99,5,4,0,1,146,0,4,6,127,133,0,0,0,0,0,0,0,0,0,0,11,0,1,0,0,10,4,0,4,0,39,2,1,1,0,56,0,1,1,45,46,0,0,0,0,0,0,0,0,0,0,0,0,0,0,0,0,1,0,1,0,5,1,1,0,0,7,0,0,0,7,7,0,0,0,0,0,0,0,0,0,0,0,0,0,0,0,0,2,0,2,0,1,0,0,0,0,3,0,0,0,3,3
Manhattan Police,1989-04-01,Kansas,33161,KS08101,breakdown offenses,adjustment,adjustment,adjustment,adjustment,adjustment,breakdown offenses,breakdown offenses,breakdown offenses,0,0,0,0,0,-3,-3,0,0,0,0,0,0,16,0,3,0,0,13,11,4,7,0,114,3,2,0,1,141,0,3,0,128,128,0,0,0,0,0,0,0,0,0,0,25,8,1,2,0,14,3,1,2,0,35,1,1,0,0,64,0,11,11,39,50,0,0,0,0,0,0,0,0,0,0,0,0,0,0,0,0,0,0,0,0,6,0,0,0,0,6,0,0,0,6,6,0,0,3,3,0,0,0,0,0,0,0,0,0,0,0,0,0,0,0,0,5,0,0,0,0,8,0,0,3,5,8
Manhattan Police,1989-05-01,Kansas,33161,KS08101,breakdown offenses,adjustment,adjustment,adjustment,adjustment,adjustment,breakdown offenses,breakdown offenses,breakdown offenses,0,0,0,0,0,2,2,0,1,0,0,0,1,36,3,4,7,3,19,13,8,5,0,116,7,4,1,2,175,0,17,20,136,156,0,0,0,0,0,0,0,0,0,0,25,0,5,4,1,15,1,0,1,0,30,1,0,0,1,57,0,10,10,32,42,0,0,0,0,0,0,0,0,0,0,6,0,4,2,0,0,1,0,1,0,7,0,0,0,0,14,0,6,6,8,14,0,0,0,0,0,0,0,0,0,0,0,0,0,0,0,0,0,0,0,0,2,0,0,0,0,2,0,0,0,2,2
Manhattan Police,1989-06-01,Kansas,33161,KS08101,breakdown offenses,adjustment,adjustment,adjustment,adjustment,adjustment,breakdown offenses,breakdown offenses,breakdown offenses,0,0,0,0,0,0,-1,1,0,0,0,0,0,9,0,1,2,1,5,26,12,12,2,115,5,2,0,3,155,0,4,4,146,150,0,0,0,0,0,0,0,0,0,0,14,1,1,0,4,8,1,1,0,0,33,2,1,0,1,50,0,6,6,36,42,0,0,0,0,0,0,0,0,0,0,1,0,0,0,0,1,1,1,0,0,11,2,1,0,1,15,0,0,0,14,14,0,0,1,1,0,0,0,0,0,0,0,0,0,0,0,0,1,0,1,0,3,1,1,0,0,6,0,0,1,5,6
Manhattan Police,1989-07-01,Kansas,33161,KS08101,breakdown offenses,adjustment,adjustment,adjustment,adjustment,adjustment,breakdown offenses,breakdown offenses,breakdown offenses,0,0,1,0,0,3,3,0,0,0,0,0,0,22,1,0,2,4,15,27,15,10,2,132,8,7,0,1,192,0,7,10,167,177,0,0,1,1,0,0,0,0,0,0,9,0,0,0,2,7,4,2,2,0,44,4,2,0,2,62,0,2,3,52,55,0,0,0,0,0,0,0,0,0,0,1,0,0,0,0,1,2,1,1,0,5,2,0,0,2,10,0,0,0,9,9,0,0,0,0,0,0,0,0,0,0,0,0,0,0,0,0,0,0,0,0,2,0,0,0,0,2,0,0,0,2,2
Manhattan Police,1989-08-01,Kansas,33161,KS08101,breakdown offenses,normal return,normal return,normal return,normal return,normal return,breakdown offenses,breakdown offenses,breakdown offenses,0,0,0,0,0,1,1,0,0,0,0,0,0,19,0,0,2,2,15,10,2,8,0,98,3,2,0,1,131,0,4,5,111,116,0,0,0,0,0,0,0,0,0,0,16,0,0,2,2,12,1,0,1,0,33,3,3,0,0,53,0,4,4,37,41,0,0,0,0,0,0,0,0,0,0,0,0,0,0,0,0,0,0,0,0,7,0,0,0,0,7,0,0,0,7,7,0,0,0,0,0,0,0,0,0,0,0,0,0,0,0,0,1,0,1,0,8,0,0,0,0,9,0,0,0,9,9
Manhattan Police,1989-09-01,Kansas,33161,KS08101,breakdown offenses,normal return,normal return,normal return,normal return,normal return,breakdown offenses,breakdown offenses,breakdown offenses,0,0,0,0,0,2,0,2,2,0,0,1,1,30,2,1,2,7,18,22,15,7,0,153,4,1,2,1,213,0,12,16,179,195,0,0,4,3,1,0,0,0,0,0,26,1,1,2,7,15,3,1,2,0,38,1,1,0,0,72,0,11,15,42,57,0,0,0,0,0,0,0,0,0,0,0,0,0,0,0,0,0,0,0,0,10,0,0,0,0,10,0,0,0,10,10,0,0,0,0,0,0,0,0,0,0,0,0,0,0,0,0,3,0,3,0,5,3,2,1,0,11,0,0,0,11,11
Manhattan Police,1989-10-01,Kansas,33161,KS08101,breakdown offenses,adjustment,adjustment,adjustment,adjustment,adjustment,breakdown offenses,breakdown offenses,breakdown offenses,0,0,0,0,0,2,1,1,0,0,0,0,0,23,1,1,0,3,18,18,12,5,1,139,9,6,1,2,191,0,5,7,166,173,0,0,2,1,1,0,0,0,0,0,8,1,1,0,0,6,1,1,0,0,35,1,0,0,1,47,0,2,4,37,41,0,0,0,0,0,0,0,0,0,0,0,0,0,0,0,0,0,0,0,0,8,0,0,0,0,8,0,0,0,8,8,0,0,0,0,0,0,0,0,0,0,0,0,0,0,0,0,0,0,0,0,6,0,0,0,0,6,0,0,0,6,6
Manhattan Police,1989-11-01,Kansas,33161,KS08101,breakdown offenses,adjustment,adjustment,adjustment,adjustment,adjustment,breakdown offenses,breakdown offenses,breakdown offenses,0,0,0,0,0,2,2,0,2,0,0,0,2,20,1,2,1,0,16,16,6,9,1,126,8,3,1,4,174,0,4,8,150,158,0,0,1,1,0,0,0,0,0,0,15,3,0,1,1,10,3,2,1,0,35,2,1,0,1,56,0,5,6,40,46,0,0,0,0,0,0,0,0,0,0,4,0,0,0,0,4,0,0,0,0,6,0,0,0,0,10,0,0,0,6,6,0,0,0,0,0,1,0,0,0,1,1,0,0,0,0,1,1,0,1,0,2,0,0,0,0,5,0,0,1,3,4
Manhattan Police,1989-12-01,Kansas,33161,KS08101,breakdown offenses,adjustment,adjustment,adjustment,adjustment,adjustment,breakdown offenses,breakdown offenses,breakdown offenses,0,0,0,0,0,0,0,0,1,0,0,0,1,13,0,0,0,0,13,8,3,5,0,70,1,1,0,0,93,0,0,1,79,80,0,0,0,0,0,0,0,0,0,0,9,0,1,0,0,8,9,4,5,0,28,0,0,0,0,46,0,1,1,37,38,0,0,0,0,0,0,0,0,0,0,1,0,0,0,0,1,1,1,0,0,6,0,0,0,0,8,0,0,0,7,7,0,0,0,0,0,0,0,0,0,0,1,0,1,0,0,0,1,1,0,0,12,0,0,0,0,14,0,1,1,13,14
Manhattan Police,1990-01-01,Kansas,37712,KS08101,breakdown offenses,normal return,normal return,normal return,normal return,normal return,breakdown offenses,breakdown offenses,breakdown offenses,0,0,2,0,0,3,3,0,1,0,0,0,1,22,0,0,1,3,18,25,12,10,3,92,4,1,1,2,147,0,4,8,121,129,0,0,2,2,0,1,0,0,0,1,16,0,0,1,1,14,3,2,0,1,28,2,2,0,0,52,0,2,5,33,38,0,0,0,0,0,0,0,0,0,0,0,0,0,0,0,0,0,0,0,0,6,0,0,0,0,6,0,0,0,6,6,0,0,0,0,0,0,0,0,0,0,1,0,0,0,0,1,0,0,0,0,7,0,0,0,0,8,0,0,0,7,7
Manhattan Police,1990-02-01,Kansas,37712,KS08101,breakdown offenses,normal return,normal return,normal return,normal return,normal return,breakdown offenses,breakdown offenses,breakdown offenses,0,0,0,0,0,0,0,0,4,0,0,1,3,22,7,0,0,3,12,9,5,2,2,89,-1,0,-1,0,123,0,10,14,97,111,0,0,1,1,0,1,0,0,0,1,17,6,0,1,1,9,7,3,3,1,43,1,1,0,0,70,0,8,10,51,61,0,0,0,0,0,0,0,0,0,0,1,0,0,0,1,0,1,0,1,0,7,0,0,0,0,9,0,1,1,8,9,0,0,0,0,0,0,0,0,0,0,1,0,0,0,1,0,0,0,0,0,3,2,0,1,1,6,0,1,1,5,6
Manhattan Police,1990-03-01,Kansas,37712,KS08101,breakdown offenses,normal return,normal return,normal return,normal return,normal return,breakdown offenses,breakdown offenses,breakdown offenses,0,0,0,0,0,2,2,0,1,1,0,0,0,13,4,0,3,0,6,15,7,8,0,125,6,5,0,1,162,0,7,10,146,156,0,0,0,0,0,0,0,0,0,0,6,1,0,1,0,4,3,3,0,0,37,6,5,0,1,52,0,2,2,46,48,0,0,0,0,0,0,0,0,0,0,2,1,0,0,0,1,1,1,0,0,11,0,0,0,0,14,0,1,1,12,13,0,0,0,0,0,0,0,0,0,0,0,0,0,0,0,0,0,0,0,0,7,2,1,1,0,9,0,0,0,9,9
Manhattan Police,1990-04-01,Kansas,37712,KS08101,breakdown offenses,normal return,normal return,normal return,normal return,normal return,breakdown offenses,breakdown offenses,breakdown offenses,0,0,0,0,0,0,0,0,0,0,0,0,0,23,2,0,1,0,20,13,10,3,0,133,3,3,0,0,172,0,3,3,149,152,0,0,0,0,0,0,0,0,0,0,15,0,1,0,0,14,3,3,0,0,42,2,1,1,0,62,0,1,1,47,48,0,0,0,0,0,0,0,0,0,0,1,0,0,0,0,1,0,0,0,0,9,0,0,0,0,10,0,0,0,9,9,0,0,0,0,0,0,0,0,0,0,1,0,1,0,0,0,0,0,0,0,4,2,2,0,0,7,0,1,1,6,7
Manhattan Police,1990-05-01,Kansas,37712,KS08101,breakdown offenses,normal return,normal return,normal return,normal return,normal return,breakdown offenses,breakdown offenses,breakdown offenses,0,0,0,0,0,1,1,0,0,0,0,0,0,22,4,0,4,3,11,16,10,6,0,97,3,3,0,0,139,0,11,12,116,128,0,0,1,1,0,0,0,0,0,0,22,3,0,5,0,14,3,3,0,0,33,5,2,0,3,64,0,8,9,41,50,0,0,0,0,0,0,0,0,0,0,1,0,0,0,0,1,0,0,0,0,3,0,0,0,0,4,0,0,0,3,3,0,0,0,0,0,1,1,0,0,0,0,0,0,0,0,0,0,0,0,0,5,0,0,0,0,6,0,0,1,5,6
Manhattan Police,1990-06-01,Kansas,37712,KS08101,breakdown offenses,adjustment,adjustment,adjustment,adjustment,adjustment,breakdown offenses,breakdown offenses,breakdown offenses,0,0,1,0,0,2,2,0,0,0,0,0,0,19,0,0,2,1,16,20,7,13,0,90,5,3,0,2,136,0,3,5,115,120,0,0,0,0,0,0,0,0,0,0,16,0,0,3,1,12,1,0,1,0,31,4,4,0,0,52,0,4,4,36,40,0,0,0,0,0,0,0,0,0,0,3,0,0,0,1,2,0,0,0,0,7,0,0,0,0,10,0,1,1,7,8,0,0,0,0,0,0,0,0,0,0,0,0,0,0,0,0,0,0,0,0,6,1,1,0,0,7,0,0,0,7,7
Manhattan Police,1990-07-01,Kansas,37712,KS08101,breakdown offenses,normal return,normal return,normal return,normal return,normal return,breakdown offenses,breakdown offenses,breakdown offenses,0,0,2,0,0,1,1,0,0,0,0,0,0,24,0,0,1,0,23,19,8,9,2,140,3,3,0,0,187,0,1,2,162,164,0,0,2,2,0,0,0,0,0,0,18,1,0,0,0,17,2,1,1,0,49,2,2,0,0,73,0,1,3,53,56,0,0,0,0,0,0,0,0,0,0,0,0,0,0,0,0,0,0,0,0,10,1,1,0,0,11,0,0,0,11,11,0,0,0,0,0,0,0,0,0,0,1,0,0,0,0,1,2,2,0,0,4,2,1,1,0,9,0,0,0,8,8
Manhattan Police,1990-08-01,Kansas,37712,KS08101,breakdown offenses,normal return,normal return,normal return,normal return,normal return,breakdown offenses,breakdown offenses,breakdown offenses,0,0,0,0,0,1,1,0,2,1,0,0,1,25,3,4,0,1,17,16,12,3,1,123,4,3,0,1,171,0,8,11,143,154,0,0,3,3,0,1,1,0,0,0,22,3,4,0,0,15,3,3,0,0,44,1,1,0,0,74,0,7,11,48,59,0,0,1,1,0,0,0,0,0,0,2,1,1,0,0,0,0,0,0,0,10,1,1,0,0,14,0,2,3,11,14,0,0,1,1,0,0,0,0,0,0,0,0,0,0,0,0,1,1,0,0,2,1,1,0,0,5,0,0,1,4,5
Manhattan Police,1990-09-01,Kansas,37712,KS08101,breakdown offenses,normal return,normal return,normal return,normal return,normal return,breakdown offenses,breakdown offenses,breakdown offenses,0,0,0,0,0,1,1,0,1,0,0,0,1,43,0,4,7,3,29,12,4,6,2,121,3,3,0,0,181,0,14,16,136,152,0,0,0,0,0,0,0,0,0,0,0,0,0,0,0,0,0,0,0,0,0,0,0,0,0,0,0,0,0,0,0,0,0,0,0,0,0,0,0,0,0,0,0,0,0,0,0,0,0,0,0,0,0,0,0,0,0,0,0,0,0,0,0,0,0,0,0,0,0,0,0,0,0,0,0,0,0,0,0,0,0,0,0,0,0,0,0,0,0,0,0,0,0
Manhattan Police,1990-10-01,Kansas,37712,KS08101,breakdown offenses,adjustment,adjustment,adjustment,adjustment,adjustment,breakdown offenses,breakdown offenses,breakdown offenses,0,0,0,0,0,2,2,0,-1,0,0,0,-1,20,1,0,2,2,15,16,8,5,3,143,2,1,0,1,182,0,5,6,161,167,0,0,0,0,0,0,0,0,0,0,31,1,0,3,1,26,4,2,1,1,32,0,0,0,0,67,0,5,5,36,41,0,0,0,0,0,0,0,0,0,0,5,1,0,2,0,2,1,0,1,0,5,0,0,0,0,11,0,3,3,6,9,0,0,0,0,0,1,0,0,0,1,0,0,0,0,0,0,0,0,0,0,3,2,1,0,1,6,0,0,1,5,6
Manhattan Police,1990-11-01,Kansas,37712,KS08101,breakdown offenses,adjustment,adjustment,adjustment,adjustment,adjustment,breakdown offenses,breakdown offenses,breakdown offenses,0,0,0,0,0,0,0,0,0,0,0,0,0,32,0,3,2,2,25,19,9,7,3,180,8,6,1,1,239,0,7,7,207,214,0,0,0,0,0,0,0,0,0,0,0,0,0,0,0,0,0,0,0,0,0,0,0,0,0,0,0,0,0,0,0,0,0,0,0,0,0,0,0,0,0,0,0,0,0,0,0,0,0,0,0,0,0,0,0,0,0,0,0,0,0,0,0,0,0,0,0,0,0,0,0,0,0,0,0,0,0,0,0,0,0,0,0,0,0,0,0,0,0,0,0,0,0
Manhattan Police,1990-12-01,Kansas,37712,KS08101,breakdown offenses,adjustment,adjustment,adjustment,adjustment,adjustment,breakdown offenses,breakdown offenses,breakdown offenses,0,0,0,0,0,0,0,0,0,0,0,0,0,22,1,1,1,0,19,24,12,10,2,131,5,5,0,0,182,0,3,3,160,163,0,0,0,0,0,0,0,0,0,0,0,0,0,0,0,0,0,0,0,0,0,0,0,0,0,0,0,0,0,0,0,0,0,0,0,0,0,0,0,0,0,0,0,0,0,0,0,0,0,0,0,0,0,0,0,0,0,0,0,0,0,0,0,0,0,0,0,0,0,0,0,0,0,0,0,0,0,0,0,0,0,0,0,0,0,0,0,0,0,0,0,0,0
Manhattan Police,1991-01-01,Kansas,37976,KS08101,breakdown offenses,adjustment,adjustment,adjustment,adjustment,adjustment,breakdown offenses,breakdown offenses,breakdown offenses,0,0,0,0,0,0,0,0,0,0,0,0,0,22,0,3,2,2,15,21,9,11,1,122,0,0,0,0,165,0,7,7,143,150,0,0,2,2,0,0,0,0,0,0,21,1,1,2,0,17,4,1,3,0,49,3,2,1,0,79,0,4,6,56,62,0,0,0,0,0,0,0,0,0,0,0,0,0,0,0,0,1,0,1,0,7,0,0,0,0,8,0,0,0,8,8,0,0,0,0,0,0,0,0,0,0,0,0,0,0,0,0,0,0,0,0,2,2,2,0,0,4,0,0,0,4,4
Manhattan Police,1991-02-01,Kansas,37976,KS08101,breakdown offenses,adjustment,adjustment,adjustment,adjustment,adjustment,breakdown offenses,breakdown offenses,breakdown offenses,0,0,0,0,0,1,1,0,1,0,0,0,1,19,0,1,0,2,16,22,15,6,1,132,3,1,1,1,178,0,3,5,157,162,0,0,0,0,0,0,0,0,0,0,13,0,0,0,2,11,2,1,1,0,37,1,0,0,1,53,0,2,2,40,42,0,0,0,0,0,0,0,0,0,0,3,0,0,0,2,1,0,0,0,0,8,0,0,0,0,11,0,2,2,8,10,0,0,0,0,0,0,0,0,0,0,0,0,0,0,0,0,1,0,1,0,3,0,0,0,0,4,0,0,0,4,4
Manhattan Police,1991-03-01,Kansas,37976,KS08101,breakdown offenses,adjustment,adjustment,adjustment,adjustment,adjustment,breakdown offenses,breakdown offenses,breakdown offenses,0,0,0,1,0,0,0,0,0,0,0,0,0,18,0,1,1,2,14,24,15,8,1,104,4,2,0,2,151,0,4,5,132,137,1,0,1,1,0,1,0,0,0,1,10,0,1,1,3,5,3,3,0,0,50,1,0,0,1,67,0,5,8,54,62,0,0,0,0,0,0,0,0,0,0,2,0,0,1,0,1,0,0,0,0,18,0,0,0,0,20,0,1,1,18,19,0,0,0,0,0,0,0,0,0,0,0,0,0,0,0,0,0,0,0,0,2,0,0,0,0,2,0,0,0,2,2
Manhattan Police,1991-04-01,Kansas,37976,KS08101,breakdown offenses,normal return,normal return,normal return,normal return,normal return,breakdown offenses,breakdown offenses,breakdown offenses,0,0,0,0,0,1,1,0,1,1,0,0,0,29,1,1,1,0,26,26,11,12,3,146,4,3,0,1,207,0,3,5,176,181,0,0,0,0,0,0,0,0,0,0,18,0,1,0,0,17,6,1,5,0,38,1,1,0,0,63,0,1,1,45,46,0,0,0,0,0,0,0,0,0,0,3,0,0,0,0,3,1,0,1,0,14,0,0,0,0,18,0,0,0,15,15,0,0,0,0,0,0,0,0,0,0,0,0,0,0,0,0,0,0,0,0,2,0,0,0,0,2,0,0,0,2,2
Manhattan Police,1991-05-01,Kansas,37976,KS08101,breakdown offenses,normal return,normal return,normal return,normal return,normal return,breakdown offenses,breakdown offenses,breakdown offenses,0,0,0,0,0,1,1,0,2,1,0,0,1,31,2,1,3,2,23,21,6,15,0,117,9,5,0,4,181,0,8,11,147,158,0,0,1,1,0,1,1,0,0,0,26,0,1,4,1,20,3,3,0,0,31,2,2,0,0,64,0,6,8,36,44,0,0,0,0,0,0,0,0,0,0,4,0,0,0,0,4,0,0,0,0,7,0,0,0,0,11,0,0,0,7,7,0,0,0,0,0,0,0,0,0,0,0,0,0,0,0,0,0,0,0,0,6,0,0,0,0,6,0,0,0,6,6
Manhattan Police,1991-06-01,Kansas,37976,KS08101,breakdown offenses,normal return,normal return,normal return,normal return,normal return,breakdown offenses,breakdown offenses,breakdown offenses,0,0,0,0,0,3,3,0,1,1,0,0,0,25,0,1,2,2,20,22,8,13,1,77,2,2,0,0,130,0,5,9,101,110,0,0,1,1,0,0,0,0,0,0,38,1,1,1,2,33,5,2,3,0,27,1,1,0,0,72,0,5,6,33,39,0,0,0,0,0,0,0,0,0,0,4,1,0,0,0,3,1,0,1,0,5,1,1,0,0,11,0,1,1,7,8,0,0,0,0,0,0,0,0,0,0,1,1,0,0,0,0,0,0,0,0,3,4,2,0,2,8,0,1,1,7,8
Manhattan Police,1991-07-01,Kansas,37976,KS08101,breakdown offenses,normal return,normal return,normal return,normal return,normal return,breakdown offenses,breakdown offenses,breakdown offenses,0,0,0,0,0,3,3,0,0,0,0,0,0,27,2,0,2,2,21,15,6,8,1,85,-2,-1,0,-1,128,0,6,9,98,107,0,0,2,2,0,1,0,0,0,1,23,0,0,1,4,18,5,0,5,0,36,3,2,0,1,70,0,5,8,44,52,0,0,0,0,0,0,0,0,0,0,4,0,0,0,1,3,0,0,0,0,4,0,0,0,0,8,0,1,1,4,5,0,0,1,1,0,0,0,0,0,0,1,0,0,0,0,1,1,0,1,0,4,2,1,0,1,9,0,0,1,7,8
Manhattan Police,1991-08-01,Kansas,37976,KS08101,breakdown offenses,normal return,normal return,normal return,normal return,normal return,breakdown offenses,breakdown offenses,breakdown offenses,0,0,0,1,0,1,1,0,1,0,0,0,1,22,4,0,0,1,17,22,8,14,0,123,3,2,0,1,173,0,5,8,148,156,1,0,2,2,0,1,0,0,0,1,20,3,0,0,1,16,6,3,3,0,23,1,1,0,0,54,0,4,8,30,38,0,0,1,1,0,1,0,0,0,1,2,0,0,0,0,2,0,0,0,0,9,1,1,0,0,14,0,0,2,10,12,0,0,0,0,0,0,0,0,0,0,0,0,0,0,0,0,1,0,1,0,4,1,1,0,0,6,0,0,0,6,6
Manhattan Police,1991-09-01,Kansas,37976,KS08101,breakdown offenses,normal return,normal return,normal return,normal return,normal return,breakdown offenses,breakdown offenses,breakdown offenses,0,0,0,0,0,0,0,0,0,0,0,0,0,35,0,3,2,0,30,28,18,9,1,124,3,1,0,2,190,0,5,5,155,160,0,0,0,0,0,0,0,0,0,0,0,0,0,0,0,0,0,0,0,0,0,0,0,0,0,0,0,0,0,0,0,0,0,0,0,0,0,0,0,0,0,0,0,0,0,0,0,0,0,0,0,0,0,0,0,0,0,0,0,0,0,0,0,0,0,0,0,0,0,0,0,0,0,0,0,0,0,0,0,0,0,0,0,0,0,0,0,0,0,0,0,0,0
Manhattan Police,1991-10-01,Kansas,37976,KS08101,breakdown offenses,adjustment,adjustment,adjustment,adjustment,adjustment,breakdown offenses,breakdown offenses,breakdown offenses,0,0,0,0,0,0,0,0,2,0,0,0,2,58,7,4,1,4,42,27,19,7,1,148,6,3,0,3,241,0,16,18,181,199,0,0,0,0,0,0,0,0,0,0,0,0,0,0,0,0,0,0,0,0,0,0,0,0,0,0,0,0,0,0,0,0,0,0,0,0,0,0,0,0,0,0,0,0,0,0,0,0,0,0,0,0,0,0,0,0,0,0,0,0,0,0,0,0,0,0,0,0,0,0,0,0,0,0,0,0,0,0,0,0,0,0,0,0,0,0,0,0,0,0,0,0,0
Manhattan Police,1991-11-01,Kansas,37976,KS08101,breakdown offenses,adjustment,adjustment,adjustment,adjustment,adjustment,breakdown offenses,breakdown offenses,breakdown offenses,0,0,0,0,0,0,0,0,4,0,0,1,3,33,5,0,0,2,26,49,40,8,1,106,1,0,1,0,193,0,7,11,156,167,0,0,0,0,0,0,0,0,0,0,0,0,0,0,0,0,0,0,0,0,0,0,0,0,0,0,0,0,0,0,0,0,0,0,0,0,0,0,0,0,0,0,0,0,0,0,0,0,0,0,0,0,0,0,0,0,0,0,0,0,0,0,0,0,0,0,0,0,0,0,0,0,0,0,0,0,0,0,0,0,0,0,0,0,0,0,0,0,0,0,0,0,0
Manhattan Police,1991-12-01,Kansas,37976,KS08101,breakdown offenses,adjustment,adjustment,adjustment,adjustment,adjustment,breakdown offenses,breakdown offenses,breakdown offenses,0,0,0,0,0,2,2,0,4,1,0,2,1,51,11,2,4,2,32,34,20,13,1,133,6,5,0,1,230,0,19,25,173,198,0,0,0,0,0,0,0,0,0,0,0,0,0,0,0,0,0,0,0,0,0,0,0,0,0,0,0,0,0,0,0,0,0,0,0,0,0,0,0,0,0,0,0,0,0,0,0,0,0,0,0,0,0,0,0,0,0,0,0,0,0,0,0,0,0,0,0,0,0,0,0,0,0,0,0,0,0,0,0,0,0,0,0,0,0,0,0,0,0,0,0,0,0
Manhattan Police,1992-01-01,Kansas,38401,KS08101,breakdown offenses,normal return,normal return,normal return,normal return,normal return,breakdown offenses,breakdown offenses,breakdown offenses,0,0,0,0,0,0,0,0,1,0,0,0,1,48,8,3,1,0,36,26,15,11,0,130,3,2,0,1,208,0,12,13,159,172,0,0,0,0,0,2,0,0,0,2,44,7,6,1,0,30,1,0,1,0,48,2,2,0,0,97,0,14,16,51,67,0,0,0,0,0,0,0,0,0,0,6,0,1,0,0,5,0,0,0,0,8,1,1,0,0,15,0,1,1,9,10,0,0,0,0,0,0,0,0,0,0,0,0,0,0,0,0,0,0,0,0,8,3,3,0,0,11,0,0,0,11,11
Manhattan Police,1992-02-01,Kansas,38401,KS08101,breakdown offenses,normal return,normal return,normal return,normal return,normal return,breakdown offenses,breakdown offenses,breakdown offenses,0,0,0,0,0,1,0,1,1,0,0,1,0,63,2,2,7,2,50,51,44,6,1,127,4,2,1,1,247,0,13,15,182,197,0,0,1,1,0,0,0,0,0,0,40,1,0,3,1,35,2,2,0,0,45,1,0,1,0,89,0,5,6,48,54,0,0,0,0,0,0,0,0,0,0,2,1,0,0,0,1,0,0,0,0,8,0,0,0,0,10,0,1,1,8,9,0,0,0,0,0,0,0,0,0,0,0,0,0,0,0,0,0,0,0,0,1,0,0,0,0,1,0,0,0,1,1
Manhattan Police,1992-03-01,Kansas,38401,KS08101,breakdown offenses,normal return,normal return,normal return,normal return,normal return,breakdown offenses,breakdown offenses,breakdown offenses,0,0,0,0,0,3,3,0,2,0,1,0,1,36,0,2,1,1,32,29,20,6,3,163,0,0,0,0,233,0,4,9,192,201,0,0,0,0,0,0,0,0,0,0,36,0,0,1,1,34,33,31,1,1,45,0,0,0,0,114,0,2,2,78,80,0,0,0,0,0,0,0,0,0,0,3,0,0,0,0,3,1,1,0,0,11,0,0,0,0,15,0,0,0,12,12,0,0,0,0,0,0,0,0,0,0,3,2,0,0,1,0,1,0,1,0,1,1,1,0,0,6,0,3,3,3,6
Manhattan Police,1992-04-01,Kansas,38401,KS08101,breakdown offenses,adjustment,adjustment,adjustment,adjustment,adjustment,breakdown offenses,breakdown offenses,breakdown offenses,0,0,0,0,0,5,5,0,0,0,0,0,0,53,0,2,1,4,46,21,12,8,1,148,9,7,0,2,236,0,7,12,178,190,0,0,3,3,0,1,0,0,0,1,26,0,3,0,0,23,5,5,0,0,49,2,2,0,0,86,0,3,7,56,63,0,0,0,0,0,0,0,0,0,0,4,0,1,0,0,3,0,0,0,0,18,1,1,0,0,23,0,1,1,19,20,0,0,1,1,0,0,0,0,0,0,1,0,0,0,0,1,0,0,0,0,5,0,0,0,0,7,0,0,1,5,6
Manhattan Police,1992-05-01,Kansas,38401,KS08101,breakdown offenses,adjustment,adjustment,adjustment,adjustment,adjustment,breakdown offenses,breakdown offenses,breakdown offenses,0,0,0,0,0,0,0,0,1,0,0,1,0,47,0,5,3,0,39,25,13,12,0,155,3,0,0,3,231,0,8,9,183,192,0,0,0,0,0,0,0,0,0,0,0,0,0,0,0,0,0,0,0,0,0,0,0,0,0,0,0,0,0,0,0,0,0,0,0,0,0,0,0,0,0,0,0,0,0,0,0,0,0,0,0,0,0,0,0,0,0,0,0,0,0,0,0,0,0,0,0,0,0,0,0,0,0,0,0,0,0,0,0,0,0,0,0,0,0,0,0,0,0,0,0,0,0
Manhattan Police,1992-06-01,Kansas,38401,KS08101,breakdown offenses,adjustment,adjustment,adjustment,adjustment,adjustment,breakdown offenses,breakdown offenses,breakdown offenses,0,0,0,0,0,2,2,0,1,0,0,1,0,27,2,1,4,0,20,29,20,7,2,162,10,10,0,0,231,0,7,10,201,211,0,0,0,0,0,0,0,0,0,0,0,0,0,0,0,0,0,0,0,0,0,0,0,0,0,0,0,0,0,0,0,0,0,0,0,0,0,0,0,0,0,0,0,0,0,0,0,0,0,0,0,0,0,0,0,0,0,0,0,0,0,0,0,0,0,0,0,0,0,0,0,0,0,0,0,0,0,0,0,0,0,0,0,0,0,0,0,0,0,0,0,0,0
Manhattan Police,1992-07-01,Kansas,38401,KS08101,breakdown offenses,adjustment,adjustment,adjustment,adjustment,adjustment,breakdown offenses,breakdown offenses,breakdown offenses,0,0,0,0,0,1,1,0,0,0,0,0,0,59,5,9,3,7,35,32,22,10,0,145,0,-1,0,1,237,0,24,25,177,202,0,0,2,2,0,0,0,0,0,0,47,4,10,1,1,31,5,2,3,0,39,1,1,0,0,94,0,16,18,45,63,0,0,1,1,0,0,0,0,0,0,8,0,5,0,0,3,1,0,1,0,17,0,0,0,0,27,0,5,6,18,24,0,0,0,0,0,0,0,0,0,0,0,0,0,0,0,0,0,0,0,0,1,8,8,0,0,9,0,0,0,9,9
Manhattan Police,1992-08-01,Kansas,38401,KS08101,breakdown offenses,adjustment,adjustment,adjustment,adjustment,adjustment,breakdown offenses,breakdown offenses,breakdown offenses,0,0,0,0,0,3,3,0,3,2,0,0,1,61,3,0,8,1,49,49,23,26,0,204,7,4,0,3,327,0,12,18,260,278,0,0,2,2,0,1,0,0,1,0,32,3,0,4,0,25,14,9,5,0,47,3,1,0,2,99,0,7,10,64,74,0,0,1,1,0,0,0,0,0,0,1,0,0,0,0,1,4,2,2,0,19,0,0,0,0,25,0,0,1,23,24,0,0,0,0,0,0,0,0,0,0,0,0,0,0,0,0,0,0,0,0,0,0,0,0,0,0,0,0,0,0,0
Manhattan Police,1992-09-01,Kansas,38401,KS08101,breakdown offenses,adjustment,adjustment,adjustment,adjustment,adjustment,breakdown offenses,breakdown offenses,breakdown offenses,0,0,0,1,0,2,2,0,2,0,0,0,2,71,5,1,3,5,57,27,7,20,0,146,2,1,0,1,251,0,14,19,175,194,0,0,0,0,0,0,0,0,0,0,0,0,0,0,0,0,0,0,0,0,0,0,0,0,0,0,0,0,0,0,0,0,0,0,0,0,0,0,0,0,0,0,0,0,0,0,0,0,0,0,0,0,0,0,0,0,0,0,0,0,0,0,0,0,0,0,0,0,0,0,0,0,0,0,0,0,0,0,0,0,0,0,0,0,0,0,0,0,0,0,0,0,0
Manhattan Police,1992-10-01,Kansas,38401,KS08101,breakdown offenses,adjustment,adjustment,adjustment,adjustment,adjustment,breakdown offenses,breakdown offenses,breakdown offenses,0,0,0,0,0,0,0,0,0,0,0,0,0,62,1,2,4,3,52,20,8,12,0,139,7,4,0,3,228,0,10,10,166,176,0,0,2,2,0,0,0,0,0,0,52,4,1,2,8,37,20,14,6,0,47,1,1,0,0,122,0,15,17,68,85,0,0,1,1,0,0,0,0,0,0,8,0,0,0,1,7,0,0,0,0,11,0,0,0,0,20,0,1,2,11,13,0,0,0,0,0,0,0,0,0,0,0,0,0,0,0,0,1,0,1,0,8,2,1,0,1,11,0,0,0,11,11
Manhattan Police,1992-11-01,Kansas,38401,KS08101,breakdown offenses,adjustment,adjustment,adjustment,adjustment,adjustment,breakdown offenses,breakdown offenses,breakdown offenses,0,0,0,0,0,2,2,0,2,0,1,1,0,51,0,0,7,7,37,36,22,12,2,125,5,3,0,2,221,0,14,18,166,184,0,0,0,0,0,2,0,1,1,0,60,0,0,4,10,46,15,11,4,0,48,0,0,0,0,125,0,14,16,63,79,0,0,0,0,0,0,0,0,0,0,7,0,0,0,0,7,2,1,1,0,7,0,0,0,0,16,0,0,0,9,9,0,0,0,0,0,0,0,0,0,0,0,0,0,0,0,0,1,0,1,0,2,0,0,0,0,3,0,0,0,3,3
Manhattan Police,1992-12-01,Kansas,38401,KS08101,breakdown offenses,adjustment,adjustment,adjustment,adjustment,adjustment,breakdown offenses,breakdown offenses,breakdown offenses,0,0,0,0,0,0,0,0,1,1,0,0,0,58,2,1,1,6,48,21,15,5,1,112,4,3,1,0,196,0,10,11,137,148,0,0,1,1,0,0,0,0,0,0,60,1,1,5,6,47,2,1,1,0,28,4,2,1,1,95,0,13,14,34,48,0,0,0,0,0,0,0,0,0,0,4,0,0,0,0,4,1,0,1,0,9,0,0,0,0,14,0,0,0,10,10,0,0,0,0,0,0,0,0,0,0,0,0,0,0,0,0,0,0,0,0,2,1,1,0,0,3,0,0,0,3,3
