agency,year,state,population,ORI,officers_killed_by_felony,officers_killed_by_accident,officers_assaulted,actual_murder,actual_manslaughter,actual_rape_total,actual_rape_by_force,actual_rape_attempted,actual_robbery_total,actual_robbery_with_a_gun,actual_robbery_with_a_knife,actual_robbery_other_weapon,actual_robbery_unarmed,actual_assault_total,actual_assault_with_a_gun,actual_assault_with_a_knife,actual_assault_other_weapon,actual_assault_unarmed,actual_assault_simple,actual_burg_total,actual_burg_force_entry,actual_burg_nonforce_entry,actual_burg_attempted,actual_theft_total,actual_mtr_veh_theft_total,actual_mtr_veh_theft_car,actual_mtr_veh_theft_truck,actual_mtr_veh_theft_other,actual_all_crimes,actual_assault_aggravated,actual_index_violent,actual_index_property,actual_index_total,tot_clr_murder,tot_clr_manslaughter,tot_clr_rape_total,tot_clr_rape_by_force,tot_clr_rape_attempted,tot_clr_robbery_total,tot_clr_robbery_with_a_gun,tot_clr_robbery_with_a_knife,tot_clr_robbery_other_weapon,tot_clr_robbery_unarmed,tot_clr_assault_total,tot_clr_assault_with_a_gun,tot_clr_assault_with_a_knife,tot_clr_assault_other_weapon,tot_clr_assault_unarmed,tot_clr_assault_simple,tot_clr_burg_total,tot_clr_burg_force_entry,tot_clr_burg_nonforce_entry,tot_clr_burg_attempted,tot_clr_theft_total,tot_clr_mtr_veh_theft_total,tot_clr_mtr_veh_theft_car,tot_clr_mtr_veh_theft_truck,tot_clr_mtr_veh_theft_other,tot_clr_all_crimes,tot_clr_assault_aggravated,tot_clr_index_violent,tot_clr_index_property,tot_clr_index_total,clr_18_murder,clr_18_manslaughter,clr_18_rape_total,clr_18_rape_by_force,clr_18_rape_attempted,clr_18_robbery_total,clr_18_robbery_with_a_gun,clr_18_robbery_with_a_knife,clr_18_robbery_other_weapon,clr_18_robbery_unarmed,clr_18_assault_total,clr_18_assault_with_a_gun,clr_18_assault_with_a_knife,clr_18_assault_other_weapon,clr_18_assault_unarmed,clr_18_assault_simple,clr_18_burg_total,clr_18_burg_force_entry,clr_18_burg_nonforce_entry,clr_18_burg_attempted,clr_18_theft_total,clr_18_mtr_veh_theft_total,clr_18_mtr_veh_theft_car,clr_18_mtr_veh_theft_truck,clr_18_mtr_veh_theft_other,clr_18_all_crimes,clr_18_assault_aggravated,clr_18_index_violent,clr_18_index_property,clr_18_index_total,unfound_murder,unfound_manslaughter,unfound_rape_total,unfound_rape_by_force,unfound_rape_attempted,unfound_robbery_total,unfound_robbery_with_a_gun,unfound_robbery_with_a_knife,unfound_robbery_other_weapon,unfound_robbery_unarmed,unfound_assault_total,unfound_assault_with_a_gun,unfound_assault_with_a_knife,unfound_assault_other_weapon,unfound_assault_unarmed,unfound_assault_simple,unfound_burg_total,unfound_burg_force_entry,unfound_burg_nonforce_entry,unfound_burg_attempted,unfound_theft_total,unfound_mtr_veh_theft_total,unfound_mtr_veh_theft_car,unfound_mtr_veh_theft_truck,unfound_mtr_veh_theft_other,unfound_all_crimes,unfound_assault_aggravated,unfound_index_violent,unfound_index_property,unfound_index_total,actual_arson_single_occupancy,actual_arson_other_residential,actual_arson_storage,actual_arson_industrial,actual_arson_other_commercial,actual_arson_community_public,actual_arson_all_oth_structures,actual_arson_total_structures,actual_arson_motor_vehicles,actual_arson_other_mobile,actual_arson_total_mobile,actual_arson_all_other,actual_arson_grand_total,tot_clr_arson_single_occupancy,tot_clr_arson_other_residential,tot_clr_arson_storage,tot_clr_arson_industrial,tot_clr_arson_other_commercial,tot_clr_arson_community_public,tot_clr_arson_all_oth_structures,tot_clr_arson_total_structures,tot_clr_arson_motor_vehicles,tot_clr_arson_other_mobile,tot_clr_arson_total_mobile,tot_clr_arson_all_other,tot_clr_arson_grand_total,clr_18_arson_single_occupancy,clr_18_arson_other_residential,clr_18_arson_storage,clr_18_arson_industrial,clr_18_arson_other_commercial,clr_18_arson_community_public,clr_18_arson_all_oth_structures,clr_18_arson_total_structures,clr_18_arson_motor_vehicles,clr_18_arson_other_mobile,clr_18_arson_total_mobile,clr_18_arson_all_other,clr_18_arson_grand_total,unfound_arson_single_occupancy,unfound_arson_other_residential,unfound_arson_storage,unfound_arson_industrial,unfound_arson_other_commercial,unfound_arson_community_public,unfound_arson_all_oth_structures,unfound_arson_total_structures,unfound_arson_motor_vehicles,unfound_arson_other_mobile,unfound_arson_total_mobile,unfound_arson_all_other,unfound_arson_grand_total
ruston police department,2021-12-01,louisiana,21888,LA03102,0,0,0,0,0,1,1,0,1,0,0,0,1,31,2,1,1,2,25,10,1,9,0,42,3,2,1,0,88,6,8,55,63,0,0,1,1,0,0,0,0,0,0,22,0,0,1,2,19,0,0,0,0,9,0,0,0,0,32,3,4,9,13,0,0,1,1,0,0,0,0,0,0,6,0,0,0,0,6,0,0,0,0,0,0,0,0,0,7,0,1,0,1,0,0,0,0,0,0,0,0,0,0,0,0,0,0,0,0,0,0,0,0,0,0,0,0,0,0,0,0,0,0,0,0,0,0,0,0,0,0,0,0,0,0,0,0,0,0,0,0,0,0,0,0,0,0,0,0,0,0,0,0,0,0,0,0,0,0,0,0,0,0,0,0,0,0,0,0,0,0,0,0,0,0
ruston police department,2021-11-01,louisiana,21888,LA03102,0,0,0,0,0,2,2,0,2,0,1,0,1,36,1,0,0,1,34,9,0,7,2,47,6,6,0,0,102,2,6,62,68,0,0,0,0,0,0,0,0,0,0,20,0,0,0,1,19,2,0,2,0,7,4,4,0,0,33,1,1,13,14,0,0,0,0,0,0,0,0,0,0,1,0,0,0,0,1,0,0,0,0,0,2,2,0,0,3,0,0,2,2,0,0,0,0,0,0,0,0,0,0,0,0,0,0,0,0,0,0,0,0,0,0,0,0,0,0,0,0,0,0,0,0,0,0,0,0,0,0,0,0,0,0,0,0,0,0,0,0,0,0,0,0,0,0,0,0,0,0,0,0,0,0,0,0,0,0,0,0,0,0,0,0,0,0,0,0,0,0,0,0,0,0
ruston police department,2021-10-01,louisiana,21888,LA03102,0,0,0,0,0,1,1,0,1,0,0,0,1,54,11,0,7,0,36,3,0,3,0,44,3,2,1,0,106,18,20,50,70,0,0,0,0,0,0,0,0,0,0,30,8,0,7,0,15,0,0,0,0,13,0,0,0,0,43,15,15,13,28,0,0,0,0,0,0,0,0,0,0,10,0,0,4,0,6,0,0,0,0,1,0,0,0,0,11,4,4,1,5,0,0,0,0,0,0,0,0,0,0,0,0,0,0,0,0,0,0,0,0,0,0,0,0,0,0,0,0,0,0,0,0,0,0,0,0,0,0,0,0,0,0,0,0,0,0,0,0,0,0,0,0,0,0,0,0,0,0,0,0,0,0,0,0,0,0,0,0,0,0,0,0,0,0,0,0,0,0,0,0,0,0
ruston police department,2021-09-01,louisiana,21888,LA03102,0,0,0,1,1,0,0,0,0,0,0,0,0,32,5,0,5,0,22,10,1,9,0,36,4,4,0,0,84,10,11,50,61,1,1,0,0,0,0,0,0,0,0,17,3,0,2,0,12,2,0,2,0,4,0,0,0,0,25,5,6,6,12,0,0,0,0,0,0,0,0,0,0,6,0,0,0,0,6,1,0,1,0,0,0,0,0,0,7,0,0,1,1,0,0,0,0,0,0,0,0,0,0,0,0,0,0,0,0,0,0,0,0,0,0,0,0,0,0,0,0,0,0,0,0,0,0,0,0,0,0,0,0,0,0,0,0,0,0,0,0,0,0,0,0,0,0,0,0,0,0,0,0,0,0,0,0,0,0,0,0,0,0,0,0,0,0,0,0,0,0,0,0,0,0
ruston police department,2021-08-01,louisiana,21888,LA03102,0,0,0,0,0,0,0,0,0,0,0,0,0,40,9,0,3,0,28,10,1,9,0,44,1,1,0,0,95,12,12,55,67,0,0,0,0,0,0,0,0,0,0,28,8,0,2,0,18,2,0,2,0,14,0,0,0,0,44,10,10,16,26,0,0,0,0,0,0,0,0,0,0,7,0,0,1,0,6,0,0,0,0,0,0,0,0,0,7,1,1,0,1,0,0,0,0,0,0,0,0,0,0,0,0,0,0,0,0,0,0,0,0,0,0,0,0,0,0,0,0,0,0,0,0,0,0,0,0,0,0,0,0,0,0,0,0,0,0,0,0,0,0,0,0,0,0,0,0,0,0,0,0,0,0,0,0,0,0,0,0,0,0,0,0,0,0,0,0,0,0,0,0,0,0
ruston police department,2021-07-01,louisiana,21888,LA03102,0,0,0,0,1,0,0,0,0,0,0,0,0,41,0,0,3,2,36,10,2,8,0,52,3,3,0,0,107,5,5,65,70,1,0,0,0,0,0,0,0,0,0,25,0,0,3,1,21,0,0,0,0,23,0,0,0,0,49,4,5,23,28,0,0,0,0,0,0,0,0,0,0,8,0,0,0,0,8,0,0,0,0,11,0,0,0,0,19,0,0,11,11,0,0,0,0,0,0,0,0,0,0,0,0,0,0,0,0,0,0,0,0,0,0,0,0,0,0,0,0,0,0,0,0,0,0,0,0,0,0,0,0,0,0,0,0,0,0,0,0,0,0,0,0,0,0,0,0,0,0,0,0,0,0,0,0,0,0,0,0,0,0,0,0,0,0,0,0,0,0,0,0,0,0
ruston police department,2021-06-01,louisiana,21888,LA03102,0,0,0,1,0,0,0,0,2,1,0,0,1,34,7,1,1,1,24,16,1,15,0,40,4,4,0,0,98,10,13,61,74,0,0,0,0,0,1,0,0,0,1,19,5,1,0,0,13,1,0,1,0,7,0,0,0,0,28,6,7,8,15,0,0,0,0,0,0,0,0,0,0,1,0,0,0,0,1,0,0,0,0,1,0,0,0,0,2,0,0,1,1,0,0,0,0,0,0,0,0,0,0,0,0,0,0,0,0,0,0,0,0,0,0,0,0,0,0,0,0,0,0,0,1,0,0,0,0,0,1,0,0,0,0,1,0,0,0,0,0,0,0,0,0,0,0,0,0,0,0,0,0,0,0,0,0,0,0,0,0,0,0,0,0,0,0,0,0,0,0,0,0,0,0
ruston police department,2021-05-01,louisiana,21888,LA03102,0,0,0,0,0,2,2,0,0,0,0,0,0,48,5,2,4,1,36,13,0,12,1,40,6,6,0,0,109,12,14,59,73,0,0,0,0,0,0,0,0,0,0,16,1,1,1,0,13,3,0,3,0,11,1,1,0,0,31,3,3,15,18,0,0,0,0,0,0,0,0,0,0,4,0,0,1,0,3,0,0,0,0,1,0,0,0,0,5,1,1,1,2,0,0,0,0,0,0,0,0,0,0,0,0,0,0,0,0,0,0,0,0,0,0,0,0,0,0,0,0,0,0,0,0,0,0,0,0,0,0,0,0,0,0,0,0,0,0,0,0,0,0,0,0,0,0,0,0,0,0,0,0,0,0,0,0,0,0,0,0,0,0,0,0,0,0,0,0,0,0,0,0,0,0
ruston police department,2021-04-01,louisiana,21888,LA03102,0,0,0,1,0,1,1,0,3,1,0,0,2,35,1,0,4,3,27,8,3,5,0,43,4,3,1,0,96,8,13,56,69,1,0,1,1,0,1,0,0,0,1,18,0,0,2,1,15,3,1,2,0,7,2,1,1,0,33,3,6,12,18,1,0,0,0,0,0,0,0,0,0,1,0,0,0,0,1,0,0,0,0,0,0,0,0,0,2,0,1,0,1,0,0,0,0,0,0,0,0,0,0,0,0,0,0,0,0,0,0,0,0,0,0,0,0,0,0,0,0,0,0,1,0,0,0,0,0,0,1,0,0,0,0,1,0,0,0,0,0,0,0,0,0,0,0,0,0,0,0,0,0,0,0,0,0,0,0,0,0,0,0,0,0,0,0,0,0,0,0,0,0,0,0
ruston police department,2021-03-01,louisiana,21888,LA03102,0,0,0,0,0,1,1,0,1,1,0,0,0,27,1,1,1,2,22,11,0,11,0,44,3,3,0,0,87,5,7,58,65,1,0,0,0,0,0,0,0,0,0,17,1,1,0,1,14,4,0,4,0,10,0,0,0,0,32,3,4,14,18,0,0,0,0,0,0,0,0,0,0,2,0,0,0,0,2,4,0,4,0,3,0,0,0,0,9,0,0,7,7,0,0,0,0,0,0,0,0,0,0,0,0,0,0,0,0,0,0,0,0,0,0,0,0,0,0,0,0,0,0,0,0,0,0,0,0,0,0,0,0,0,0,0,0,0,0,0,0,0,0,0,0,0,0,0,0,0,0,0,0,0,0,0,0,0,0,0,0,0,0,0,0,0,0,0,0,0,0,0,0,0,0
ruston police department,2021-02-01,louisiana,21888,LA03102,0,0,0,0,0,0,0,0,0,0,0,0,0,21,5,0,1,0,15,11,1,10,0,26,3,3,0,0,61,6,6,40,46,0,0,0,0,0,0,0,0,0,0,9,2,0,1,0,6,0,0,0,0,4,1,1,0,0,14,3,3,5,8,0,0,0,0,0,0,0,0,0,0,2,0,0,0,0,2,0,0,0,0,0,0,0,0,0,2,0,0,0,0,0,0,0,0,0,0,0,0,0,0,0,0,0,0,0,0,0,0,0,0,0,0,0,0,0,0,0,0,0,0,0,0,0,0,0,0,0,0,0,0,0,0,0,0,0,0,0,0,0,0,0,0,0,0,0,0,0,0,0,0,0,0,0,0,0,0,0,0,0,0,0,0,0,0,0,0,0,0,0,0,0,0
ruston police department,2021-01-01,louisiana,21888,LA03102,0,0,0,1,0,0,0,0,0,0,0,0,0,30,8,1,4,0,17,21,6,14,1,51,3,3,0,0,106,13,14,75,89,0,0,0,0,0,0,0,0,0,0,7,0,0,1,0,6,3,1,2,0,9,0,0,0,0,19,1,1,12,13,0,0,0,0,0,0,0,0,0,0,0,0,0,0,0,0,2,1,1,0,2,0,0,0,0,4,0,0,4,4,0,0,0,0,0,0,0,0,0,0,0,0,0,0,0,0,0,0,0,0,0,0,0,0,0,0,0,0,0,0,0,0,0,0,0,0,0,0,0,0,0,0,0,0,0,0,0,0,0,0,0,0,0,0,0,0,0,0,0,0,0,0,0,0,0,0,0,0,0,0,0,0,0,0,0,0,0,0,0,0,0,0
ruston police department,2020-12-01,louisiana,21846,LA03102,0,0,0,0,0,0,0,0,0,0,0,0,0,34,9,1,3,1,20,7,1,5,1,37,5,4,1,0,83,14,14,49,63,0,0,0,0,0,0,0,0,0,0,12,2,0,1,1,8,1,0,1,0,7,0,0,0,0,20,4,4,8,12,0,0,0,0,0,0,0,0,0,0,0,0,0,0,0,0,0,0,0,0,0,0,0,0,0,0,0,0,0,0,0,0,0,0,0,0,0,0,0,0,0,0,0,0,0,0,0,0,0,0,0,0,0,0,0,0,0,0,0,0,0,0,0,0,0,0,0,0,0,0,0,0,0,0,0,0,0,0,0,0,0,0,0,0,0,0,0,0,0,0,0,0,0,0,0,0,0,0,0,0,0,0,0,0,0,0,0,0,0,0,0,0
ruston police department,2020-11-01,louisiana,21846,LA03102,0,0,0,0,0,0,0,0,0,0,0,0,0,36,3,1,9,0,23,9,2,7,0,55,4,3,1,0,104,13,13,68,81,0,0,0,0,0,0,0,0,0,0,22,1,1,7,0,13,0,0,0,0,15,1,1,0,0,38,9,9,16,25,0,0,0,0,0,0,0,0,0,0,2,0,0,0,0,2,0,0,0,0,1,0,0,0,0,3,0,0,1,1,0,0,0,0,0,0,0,0,0,0,0,0,0,0,0,0,0,0,0,0,0,0,0,0,0,0,0,0,0,0,0,0,0,0,0,0,0,0,0,0,0,0,0,0,0,0,0,0,0,0,0,0,0,0,0,0,0,0,0,0,0,0,0,0,0,0,0,0,0,0,0,0,0,0,0,0,0,0,0,0,0,0
ruston police department,2020-10-01,louisiana,21846,LA03102,0,0,0,0,0,1,1,0,0,0,0,0,0,31,10,0,1,1,19,19,2,15,2,35,3,3,0,0,89,12,13,57,70,0,0,0,0,0,0,0,0,0,0,13,3,0,1,0,9,1,0,0,1,5,0,0,0,0,19,4,4,6,10,0,0,0,0,0,0,0,0,0,0,2,0,0,0,0,2,1,0,0,1,0,0,0,0,0,3,0,0,1,1,0,0,0,0,0,0,0,0,0,0,0,0,0,0,0,0,0,0,0,0,0,0,0,0,0,0,0,0,0,0,0,0,0,0,0,0,0,0,0,0,0,0,0,0,0,0,0,0,0,0,0,0,0,0,0,0,0,0,0,0,0,0,0,0,0,0,0,0,0,0,0,0,0,0,0,0,0,0,0,0,0,0
ruston police department,2020-09-01,louisiana,21846,LA03102,0,0,0,0,0,0,0,0,0,0,0,0,0,32,1,0,2,1,28,19,4,15,0,50,2,2,0,0,103,4,4,71,75,0,0,0,0,0,0,0,0,0,0,16,0,0,1,1,14,3,1,2,0,10,0,0,0,0,29,2,2,13,15,0,0,0,0,0,0,0,0,0,0,3,0,0,0,0,3,1,0,1,0,6,0,0,0,0,10,0,0,7,7,0,0,0,0,0,0,0,0,0,0,0,0,0,0,0,0,0,0,0,0,0,0,0,0,0,0,0,0,0,0,0,0,0,0,0,0,0,0,0,0,0,0,0,0,0,0,0,0,0,0,0,0,0,0,0,0,0,0,0,0,0,0,0,0,0,0,0,0,0,0,0,0,0,0,0,0,0,0,0,0,0,0
ruston police department,2020-08-01,louisiana,21846,LA03102,0,0,0,0,0,0,0,0,0,0,0,0,0,52,21,0,5,0,26,23,5,18,0,41,1,1,0,0,117,26,26,65,91,0,0,0,0,0,0,0,0,0,0,22,3,0,3,0,16,3,0,3,0,6,0,0,0,0,31,6,6,9,15,0,0,0,0,0,0,0,0,0,0,1,0,0,0,0,1,0,0,0,0,0,0,0,0,0,1,0,0,0,0,0,0,0,0,0,0,0,0,0,0,0,0,0,0,0,0,0,0,0,0,0,0,0,0,0,0,0,0,0,0,0,0,0,0,0,0,0,0,0,0,0,0,0,0,0,0,0,0,0,0,0,0,0,0,0,0,0,0,0,0,0,0,0,0,0,0,0,0,0,0,0,0,0,0,0,0,0,0,0,0,0,0
ruston police department,2020-07-01,louisiana,21846,LA03102,0,0,0,1,0,0,0,0,0,0,0,0,0,23,7,2,2,0,12,14,3,11,0,38,4,2,2,0,80,11,12,56,68,0,0,0,0,0,0,0,0,0,0,13,3,1,2,0,7,5,1,4,0,11,1,0,1,0,30,6,6,17,23,0,0,0,0,0,0,0,0,0,0,2,2,0,0,0,0,2,0,2,0,0,1,0,1,0,5,2,2,3,5,0,0,0,0,0,0,0,0,0,0,0,0,0,0,0,0,0,0,0,0,0,0,0,0,0,0,0,0,0,0,0,0,0,0,0,0,0,0,0,0,0,0,0,0,0,0,0,0,0,0,0,0,0,0,0,0,0,0,0,0,0,0,0,0,0,0,0,0,0,0,0,0,0,0,0,0,0,0,0,0,0,0
ruston police department,2020-06-01,louisiana,21846,LA03102,0,0,0,0,0,0,0,0,0,0,0,0,0,32,8,0,1,0,23,15,3,12,0,58,4,4,0,0,109,9,9,77,86,0,0,0,0,0,0,0,0,0,0,12,1,0,0,1,10,2,1,1,0,13,1,1,0,0,28,2,2,16,18,0,0,0,0,0,0,0,0,0,0,4,0,0,0,1,3,0,0,0,0,3,0,0,0,0,7,1,1,3,4,0,0,0,0,0,0,0,0,0,0,0,0,0,0,0,0,0,0,0,0,0,0,0,0,0,0,0,0,0,0,0,0,0,0,0,0,0,0,0,0,0,0,0,0,0,0,0,0,0,0,0,0,0,0,0,0,0,0,0,0,0,0,0,0,0,0,0,0,0,0,0,0,0,0,0,0,0,0,0,0,0,0
ruston police department,2020-05-01,louisiana,21846,LA03102,0,0,0,0,0,0,0,0,0,0,0,0,0,14,1,0,1,1,11,16,1,14,1,38,3,3,0,0,71,3,3,57,60,0,0,0,0,0,0,0,0,0,0,8,1,0,1,1,5,3,0,3,0,14,0,0,0,0,25,3,3,17,20,0,0,0,0,0,0,0,0,0,0,0,0,0,0,0,0,0,0,0,0,1,0,0,0,0,1,0,0,1,1,0,0,0,0,0,0,0,0,0,0,0,0,0,0,0,0,0,0,0,0,0,0,0,0,0,0,0,0,0,0,0,0,0,0,0,0,0,0,0,0,0,0,0,0,0,0,0,0,0,0,0,0,0,0,0,0,0,0,0,0,0,0,0,0,0,0,0,0,0,0,0,0,0,0,0,0,0,0,0,0,0,0
ruston police department,2020-04-01,louisiana,21846,LA03102,0,0,0,1,0,0,0,0,0,0,0,0,0,22,1,3,1,3,14,14,3,10,1,56,1,1,0,0,95,8,9,72,81,1,0,0,0,0,0,0,0,0,0,17,1,2,1,2,11,0,0,0,0,12,0,0,0,0,31,6,7,13,20,0,0,0,0,0,0,0,0,0,0,3,0,0,0,0,3,0,0,0,0,1,0,0,0,0,4,0,0,1,1,0,0,0,0,0,0,0,0,0,0,0,0,0,0,0,0,0,0,0,0,0,0,0,0,0,0,0,0,0,0,0,0,0,0,0,0,0,0,0,0,0,0,1,0,0,0,0,0,0,0,0,0,0,0,0,1,0,0,0,0,0,0,0,0,0,0,0,0,0,0,0,0,0,0,0,0,0,0,0,0,0,0
ruston police department,2020-03-01,louisiana,21846,LA03102,0,0,0,0,0,0,0,0,0,0,0,0,0,26,6,2,1,0,17,7,4,3,0,42,2,2,0,0,77,9,9,51,60,1,0,0,0,0,0,0,0,0,0,24,5,1,2,0,16,0,0,0,0,24,0,0,0,0,49,8,9,24,33,0,0,0,0,0,0,0,0,0,0,8,1,1,2,0,4,0,0,0,0,3,0,0,0,0,11,4,4,3,7,0,0,0,0,0,0,0,0,0,0,0,0,0,0,0,0,0,0,0,0,0,0,0,0,0,0,0,0,0,0,0,0,0,0,0,0,0,0,0,0,0,0,0,0,0,0,0,0,0,0,0,0,0,0,0,0,0,0,0,0,0,0,0,0,0,0,0,0,0,0,0,0,0,0,0,0,0,0,0,0,0,0
ruston police department,2020-02-01,louisiana,21846,LA03102,0,0,0,0,0,0,0,0,0,0,0,0,0,18,2,1,3,0,12,3,0,3,0,45,2,2,0,0,68,6,6,50,56,0,0,0,0,0,0,0,0,0,0,15,1,0,2,0,12,0,0,0,0,13,0,0,0,0,28,3,3,13,16,0,0,0,0,0,0,0,0,0,0,2,0,0,0,0,2,0,0,0,0,0,0,0,0,0,2,0,0,0,0,0,0,0,0,0,0,0,0,0,0,0,0,0,0,0,0,0,0,0,0,0,0,0,0,0,0,0,0,0,0,0,0,0,0,0,0,0,0,0,0,0,0,0,0,0,0,0,0,0,0,0,0,0,0,0,0,0,0,0,0,0,0,0,0,0,0,0,0,0,0,0,0,0,0,0,0,0,0,0,0,0,0
ruston police department,2020-01-01,louisiana,21846,LA03102,0,0,0,1,0,0,0,0,0,0,0,0,0,19,2,0,0,1,16,13,1,12,0,64,3,3,0,0,100,3,4,80,84,0,0,0,0,0,0,0,0,0,0,16,1,0,0,1,14,1,0,1,0,12,1,1,0,0,30,2,2,14,16,0,0,0,0,0,0,0,0,0,0,3,0,0,0,0,3,0,0,0,0,3,0,0,0,0,6,0,0,3,3,0,0,0,0,0,0,0,0,0,0,0,0,0,0,0,0,0,0,0,0,0,0,0,0,0,0,0,0,0,0,0,0,0,0,0,0,0,0,0,0,0,0,0,0,0,0,0,0,0,0,0,0,0,0,0,0,0,0,0,0,0,0,0,0,0,0,0,0,0,0,0,0,0,0,0,0,0,0,0,0,0,0
ruston police department,2019-12-01,louisiana,22148,LA03102,0,0,1,0,0,0,0,0,0,0,0,0,0,25,0,1,2,1,21,12,9,3,0,52,0,0,0,0,89,4,4,64,68,0,0,0,0,0,0,0,0,0,0,24,0,1,2,1,20,4,4,0,0,21,0,0,0,0,49,4,4,25,29,0,0,0,0,0,0,0,0,0,0,5,0,0,0,0,5,0,0,0,0,0,0,0,0,0,5,0,0,0,0,0,0,0,0,0,0,0,0,0,0,0,0,0,0,0,0,0,0,0,0,0,0,0,0,0,0,0,0,0,0,0,0,0,0,0,0,0,0,0,0,0,0,0,0,0,0,0,0,0,0,0,0,0,0,0,0,0,0,0,0,0,0,0,0,0,0,0,0,0,0,0,0,0,0,0,0,0,0,0,0,0,0
ruston police department,2019-11-01,louisiana,22148,LA03102,0,0,2,2,0,0,0,0,1,0,0,0,1,16,2,0,0,0,14,5,2,3,0,35,1,1,0,0,60,2,5,41,46,2,0,0,0,0,0,0,0,0,0,14,2,0,0,0,12,0,0,0,0,12,0,0,0,0,28,2,4,12,16,0,0,0,0,0,0,0,0,0,0,0,0,0,0,0,0,0,0,0,0,1,0,0,0,0,1,0,0,1,1,0,0,0,0,0,0,0,0,0,0,0,0,0,0,0,0,0,0,0,0,0,0,0,0,0,0,0,0,0,0,0,0,0,0,0,0,0,0,0,0,0,0,0,0,0,0,0,0,0,0,0,0,0,0,0,0,0,0,0,0,0,0,0,0,0,0,0,0,0,0,0,0,0,0,0,0,0,0,0,0,0,0
ruston police department,2019-10-01,louisiana,22148,LA03102,0,0,0,0,0,0,0,0,1,1,0,0,0,18,1,0,1,0,16,6,6,0,0,52,0,0,0,0,77,2,3,58,61,0,0,0,0,0,0,0,0,0,0,18,1,0,1,0,16,1,1,0,0,23,0,0,0,0,42,2,2,24,26,0,0,0,0,0,0,0,0,0,0,1,0,0,0,0,1,0,0,0,0,0,0,0,0,0,1,0,0,0,0,0,0,0,0,0,0,0,0,0,0,0,0,0,0,0,0,0,0,0,0,0,0,0,0,0,0,0,0,0,0,0,0,0,0,0,0,0,0,0,0,0,0,0,0,0,0,0,0,0,0,0,0,0,0,0,0,0,0,0,0,0,0,0,0,0,0,0,0,0,0,0,0,0,0,0,0,0,0,0,0,0,0
ruston police department,2019-09-01,louisiana,22148,LA03102,0,0,1,0,0,0,0,0,1,1,0,0,0,27,3,3,5,0,16,10,9,1,0,62,0,0,0,0,100,11,12,72,84,0,0,0,0,0,1,1,0,0,0,24,2,2,5,0,15,3,3,0,0,31,0,0,0,0,59,9,10,34,44,0,0,0,0,0,0,0,0,0,0,2,0,0,0,0,2,2,2,0,0,5,0,0,0,0,9,0,0,7,7,0,0,0,0,0,0,0,0,0,0,0,0,0,0,0,0,0,0,0,0,0,0,0,0,0,0,0,0,0,0,0,0,0,0,0,0,0,0,0,0,0,0,0,0,0,0,0,0,0,0,0,0,0,0,0,0,0,0,0,0,0,0,0,0,0,0,0,0,0,0,0,0,0,0,0,0,0,0,0,0,0,0
ruston police department,2019-08-01,louisiana,22148,LA03102,0,0,1,0,0,0,0,0,1,0,0,0,1,31,1,0,3,1,26,14,12,2,0,42,1,1,0,0,89,5,6,57,63,0,0,0,0,0,1,0,0,0,1,29,0,0,3,1,25,4,3,1,0,21,1,1,0,0,56,4,5,26,31,0,0,0,0,0,0,0,0,0,0,2,0,0,0,1,1,2,2,0,0,1,0,0,0,0,5,1,1,3,4,0,0,0,0,0,0,0,0,0,0,0,0,0,0,0,0,0,0,0,0,0,0,0,0,0,0,0,0,0,0,0,0,0,0,0,0,0,0,0,0,0,0,0,0,0,0,0,0,0,0,0,0,0,0,0,0,0,0,0,0,0,0,0,0,0,0,0,0,0,0,0,0,0,0,0,0,0,0,0,0,0,0
ruston police department,2019-07-01,louisiana,22148,LA03102,0,0,0,1,0,0,0,0,2,0,0,1,1,23,1,1,1,0,20,15,11,4,0,61,2,2,0,0,104,3,6,78,84,1,0,0,0,0,1,0,0,1,0,19,1,1,1,0,16,5,1,4,0,30,1,1,0,0,57,3,5,36,41,0,0,0,0,0,0,0,0,0,0,1,0,0,0,0,1,0,0,0,0,0,0,0,0,0,1,0,0,0,0,0,0,0,0,0,0,0,0,0,0,0,0,0,0,0,0,0,0,0,0,0,0,0,0,0,0,0,0,0,0,0,0,0,0,0,0,0,0,0,0,0,0,0,0,0,0,0,0,0,0,0,0,0,0,0,0,0,0,0,0,0,0,0,0,0,0,0,0,0,0,0,0,0,0,0,0,0,0,0,0,0,0
ruston police department,2019-06-01,louisiana,22148,LA03102,0,0,0,0,0,0,0,0,1,0,1,0,0,30,1,1,3,0,25,10,8,2,0,71,1,1,0,0,113,5,6,82,88,0,0,0,0,0,0,0,0,0,0,27,1,0,2,0,24,3,2,1,0,20,1,1,0,0,51,3,3,24,27,0,0,0,0,0,0,0,0,0,0,2,0,0,0,0,2,0,0,0,0,2,0,0,0,0,4,0,0,2,2,0,0,0,0,0,0,0,0,0,0,0,0,0,0,0,0,0,0,0,0,0,0,0,0,0,0,0,0,0,0,0,0,0,0,0,0,0,0,0,0,0,0,0,0,0,0,0,0,0,0,0,0,0,0,0,0,0,0,0,0,0,0,0,0,0,0,0,0,0,0,0,0,0,0,0,0,0,0,0,0,0,0
ruston police department,2019-05-01,louisiana,22148,LA03102,0,0,2,0,0,0,0,0,1,0,1,0,0,29,3,0,5,0,21,7,4,3,0,41,0,0,0,0,78,8,9,48,57,0,0,0,0,0,0,0,0,0,0,25,2,0,4,0,19,3,2,1,0,18,0,0,0,0,46,6,6,21,27,0,0,0,0,0,0,0,0,0,0,3,0,0,0,0,3,0,0,0,0,0,0,0,0,0,3,0,0,0,0,0,0,0,0,0,0,0,0,0,0,0,0,0,0,0,0,0,0,0,0,0,0,0,0,0,0,0,0,0,0,0,0,0,0,0,0,0,0,0,0,0,0,0,0,0,0,0,0,0,0,0,0,0,0,0,0,0,0,0,0,0,0,0,0,0,0,0,0,0,0,0,0,0,0,0,0,0,0,0,0,0,0
ruston police department,2019-04-01,louisiana,22148,LA03102,0,0,0,0,0,0,0,0,0,0,0,0,0,34,1,5,2,0,26,7,6,1,0,44,1,0,0,1,86,8,8,52,60,0,0,0,0,0,0,0,0,0,0,29,0,5,1,0,23,0,0,0,0,19,0,0,0,0,48,6,6,19,25,0,0,0,0,0,0,0,0,0,0,3,0,0,0,0,3,0,0,0,0,0,0,0,0,0,3,0,0,0,0,0,0,0,0,0,0,0,0,0,0,0,0,0,0,0,0,0,0,0,0,0,0,0,0,0,0,0,0,0,0,0,0,0,0,0,0,0,0,0,0,0,0,0,0,0,0,0,0,0,0,0,0,0,0,0,0,0,0,0,0,0,0,0,0,0,0,0,0,0,0,0,0,0,0,0,0,0,0,0,0,0,0
ruston police department,2019-03-01,louisiana,22148,LA03102,0,0,0,0,0,0,0,0,0,0,0,0,0,36,5,2,2,5,22,7,4,3,0,36,0,0,0,0,79,14,14,43,57,0,0,0,0,0,0,0,0,0,0,35,5,2,2,5,21,2,1,1,0,14,0,0,0,0,51,14,14,16,30,0,0,0,0,0,0,0,0,0,0,5,0,1,0,0,4,0,0,0,0,0,0,0,0,0,5,1,1,0,1,0,0,0,0,0,0,0,0,0,0,0,0,0,0,0,0,0,0,0,0,0,0,0,0,0,0,0,0,0,0,0,0,0,0,0,0,0,0,0,0,0,0,0,0,0,0,0,0,0,0,0,0,0,0,0,0,0,0,0,0,0,0,0,0,0,0,0,0,0,0,0,0,0,0,0,0,0,0,0,0,0,0
ruston police department,2019-02-01,louisiana,22148,LA03102,0,0,0,0,0,0,0,0,0,0,0,0,0,22,3,0,0,1,18,6,6,0,0,25,0,0,0,0,53,4,4,31,35,0,0,0,0,0,0,0,0,0,0,20,2,0,0,1,17,2,2,0,0,7,0,0,0,0,29,3,3,9,12,0,0,0,0,0,0,0,0,0,0,4,0,0,0,0,4,0,0,0,0,0,0,0,0,0,4,0,0,0,0,0,0,0,0,0,0,0,0,0,0,0,0,0,0,0,0,0,0,0,0,0,0,0,0,0,0,0,0,0,0,0,0,0,0,0,0,0,0,0,0,0,0,0,0,0,0,0,0,0,0,0,0,0,0,0,0,0,0,0,0,0,0,0,0,0,0,0,0,0,0,0,0,0,0,0,0,0,0,0,0,0,0
ruston police department,2019-01-01,louisiana,22148,LA03102,0,0,0,0,0,0,0,0,2,2,0,0,0,21,2,2,0,2,15,6,6,0,0,44,1,1,0,0,74,6,8,51,59,0,0,0,0,0,2,2,0,0,0,20,2,2,0,2,14,0,0,0,0,13,0,0,0,0,35,6,8,13,21,0,0,0,0,0,0,0,0,0,0,6,1,1,0,1,3,0,0,0,0,1,0,0,0,0,7,3,3,1,4,0,0,0,0,0,0,0,0,0,0,0,0,0,0,0,0,0,0,0,0,0,0,0,0,0,0,0,0,0,0,0,0,0,0,0,0,0,0,0,0,0,0,0,0,0,0,0,0,0,0,0,0,0,0,0,0,0,0,0,0,0,0,0,0,0,0,0,0,0,0,0,0,0,0,0,0,0,0,0,0,0,0
ruston police department,2018-12-01,louisiana,22274,LA03102,0,0,0,0,0,1,1,0,0,0,0,0,0,19,1,0,2,1,15,10,10,0,0,53,0,0,0,0,83,4,5,63,68,0,0,1,1,0,0,0,0,0,0,12,0,0,2,1,9,3,3,0,0,22,0,0,0,0,38,3,4,25,29,0,0,0,0,0,0,0,0,0,0,0,0,0,0,0,0,0,0,0,0,0,0,0,0,0,0,0,0,0,0,0,0,0,0,0,0,0,0,0,0,0,0,0,0,0,0,0,0,0,0,0,0,0,0,0,0,0,0,0,0,0,0,0,0,0,0,0,0,0,0,0,0,0,0,0,0,0,0,0,0,0,0,0,0,0,0,0,0,0,0,0,0,0,0,0,0,0,0,0,0,0,0,0,0,0,0,0,0,0,0,0,0
ruston police department,2018-11-01,louisiana,22274,LA03102,0,0,0,0,0,1,1,0,0,0,0,0,0,21,5,1,0,2,13,18,18,0,0,40,2,2,0,0,82,8,9,60,69,0,0,2,2,0,0,0,0,0,0,7,0,0,0,0,7,5,5,0,0,8,0,0,0,0,22,0,2,13,15,0,0,1,1,0,0,0,0,0,0,1,0,0,0,0,1,1,1,0,0,2,0,0,0,0,5,0,1,3,4,0,0,0,0,0,0,0,0,0,0,0,0,0,0,0,0,0,0,0,0,0,0,0,0,0,0,0,0,0,0,0,0,0,0,0,0,0,0,0,0,0,0,0,0,0,0,0,0,0,0,0,0,0,0,0,0,0,0,0,0,0,0,0,0,0,0,0,0,0,0,0,0,0,0,0,0,0,0,0,0,0,0
ruston police department,2018-10-01,louisiana,22274,LA03102,0,0,0,0,0,0,0,0,0,0,0,0,0,25,3,0,0,2,20,10,10,0,0,35,0,0,0,0,70,5,5,45,50,0,0,0,0,0,0,0,0,0,0,13,2,0,0,1,10,0,0,0,0,9,0,0,0,0,22,3,3,9,12,0,0,0,0,0,0,0,0,0,0,2,0,0,0,0,2,0,0,0,0,0,0,0,0,0,2,0,0,0,0,0,0,0,0,0,0,0,0,0,0,0,0,0,0,0,0,0,0,0,0,0,0,0,0,0,0,0,0,0,0,0,0,0,0,0,0,0,0,0,0,0,0,0,0,0,0,0,0,0,0,0,0,0,0,0,0,0,0,0,0,0,0,0,0,0,0,0,0,0,0,0,0,0,0,0,0,0,0,0,0,0,0
ruston police department,2018-09-01,louisiana,22274,LA03102,0,0,0,0,0,0,0,0,0,0,0,0,0,26,2,0,0,1,23,9,9,0,0,55,2,1,0,1,92,3,3,66,69,0,0,0,0,0,0,0,0,0,0,10,1,0,0,1,8,0,0,0,0,12,0,0,0,0,22,2,2,12,14,0,0,0,0,0,0,0,0,0,0,3,0,0,0,0,3,0,0,0,0,1,0,0,0,0,4,0,0,1,1,0,0,0,0,0,0,0,0,0,0,0,0,0,0,0,0,0,0,0,0,0,0,0,0,0,0,0,0,0,0,0,0,0,0,0,0,0,0,0,0,0,0,0,0,0,0,0,0,0,0,0,0,0,0,0,0,0,0,0,0,0,0,0,0,0,0,0,0,0,0,0,0,0,0,0,0,0,0,0,0,0,0
ruston police department,2018-08-01,louisiana,22274,LA03102,0,0,0,0,0,0,0,0,1,1,0,0,0,30,2,0,3,5,20,15,15,0,0,44,0,0,0,0,90,10,11,59,70,0,0,0,0,0,0,0,0,0,0,15,1,0,2,2,10,4,4,0,0,14,0,0,0,0,33,5,5,18,23,0,0,0,0,0,0,0,0,0,0,2,0,0,0,0,2,0,0,0,0,3,0,0,0,0,5,0,0,3,3,0,0,0,0,0,0,0,0,0,0,0,0,0,0,0,0,0,0,0,0,0,0,0,0,0,0,0,0,0,0,0,0,0,0,0,0,0,0,0,0,0,0,0,0,0,0,0,0,0,0,0,0,0,0,0,0,0,0,0,0,0,0,0,0,0,0,0,0,0,0,0,0,0,0,0,0,0,0,0,0,0,0
ruston police department,2018-07-01,louisiana,22274,LA03102,0,0,0,0,0,0,0,0,2,0,0,0,2,25,2,1,1,2,19,14,14,0,0,48,0,0,0,0,89,6,8,62,70,0,0,0,0,0,1,0,0,0,1,20,1,1,1,1,16,4,4,0,0,10,0,0,0,0,35,4,5,14,19,0,0,0,0,0,0,0,0,0,0,2,0,0,0,0,2,0,0,0,0,1,0,0,0,0,3,0,0,1,1,0,0,0,0,0,0,0,0,0,0,0,0,0,0,0,0,0,0,0,0,0,0,0,0,0,0,0,0,0,0,0,0,0,0,0,0,0,0,0,0,0,0,0,0,0,0,0,0,0,0,0,0,0,0,0,0,0,0,0,0,0,0,0,0,0,0,0,0,0,0,0,0,0,0,0,0,0,0,0,0,0,0
ruston police department,2018-06-01,louisiana,22274,LA03102,0,0,0,0,0,1,1,0,1,0,0,0,1,31,3,0,0,5,23,12,11,0,1,29,0,0,0,0,74,8,10,41,51,0,0,0,0,0,1,0,0,0,1,23,2,0,0,4,17,2,2,0,0,9,0,0,0,0,35,6,7,11,18,0,0,0,0,0,0,0,0,0,0,3,0,0,0,0,3,0,0,0,0,1,0,0,0,0,4,0,0,1,1,0,0,0,0,0,0,0,0,0,0,0,0,0,0,0,0,0,0,0,0,0,0,0,0,0,0,0,0,0,0,0,0,0,0,0,0,0,0,0,0,0,0,0,0,0,0,0,0,0,0,0,0,0,0,0,0,0,0,0,0,0,0,0,0,0,0,0,0,0,0,0,0,0,0,0,0,0,0,0,0,0,0
ruston police department,2018-05-01,louisiana,22274,LA03102,0,0,0,0,0,1,1,0,0,0,0,0,0,29,1,1,0,4,23,6,6,0,0,31,3,3,0,0,70,6,7,40,47,0,0,1,1,0,0,0,0,0,0,29,1,1,0,4,23,3,3,0,0,11,2,2,0,0,46,6,7,16,23,0,0,0,0,0,0,0,0,0,0,4,0,0,0,0,4,0,0,0,0,0,0,0,0,0,4,0,0,0,0,0,0,0,0,0,0,0,0,0,0,0,0,0,0,0,0,0,0,0,0,0,0,0,0,0,0,0,0,0,0,0,0,0,0,0,0,0,0,0,0,0,0,0,0,0,0,0,0,0,0,0,0,0,0,0,0,0,0,0,0,0,0,0,0,0,0,0,0,0,0,0,0,0,0,0,0,0,0,0,0,0,0
ruston police department,2018-04-01,louisiana,22274,LA03102,0,0,0,0,0,1,1,0,0,0,0,0,0,32,3,0,1,4,24,10,8,0,2,39,1,1,0,0,83,8,9,50,59,0,0,1,1,0,0,0,0,0,0,28,3,0,1,4,20,2,2,0,0,10,1,1,0,0,42,8,9,13,22,0,0,0,0,0,0,0,0,0,0,3,0,0,0,0,3,0,0,0,0,1,0,0,0,0,4,0,0,1,1,0,0,0,0,0,0,0,0,0,0,0,0,0,0,0,0,0,0,0,0,0,0,0,0,0,0,0,0,0,0,0,0,0,0,0,0,0,0,0,0,0,0,0,0,0,0,0,0,0,0,0,0,0,0,0,0,0,0,0,0,0,0,0,0,0,0,0,0,0,0,0,0,0,0,0,0,0,0,0,0,0,0
ruston police department,2018-03-01,louisiana,22274,LA03102,0,0,1,0,0,0,0,0,0,0,0,0,0,19,1,0,1,4,13,7,7,0,0,42,0,0,0,0,68,6,6,49,55,0,0,0,0,0,0,0,0,0,0,12,1,0,1,2,8,0,0,0,0,18,0,0,0,0,30,4,4,18,22,0,0,0,0,0,0,0,0,0,0,4,0,0,0,1,3,0,0,0,0,0,0,0,0,0,4,1,1,0,1,0,0,0,0,0,0,0,0,0,0,0,0,0,0,0,0,0,0,0,0,0,0,0,0,0,0,0,0,0,0,0,0,0,0,0,0,0,0,0,0,0,0,0,0,0,0,0,0,0,0,0,0,0,0,0,0,0,0,0,0,0,0,0,0,0,0,0,0,0,0,0,0,0,0,0,0,0,0,0,0,0,0
ruston police department,2018-02-01,louisiana,22274,LA03102,0,0,0,0,0,2,2,0,0,0,0,0,0,15,0,0,0,1,14,9,9,0,0,20,0,0,0,0,46,1,3,29,32,0,0,2,2,0,0,0,0,0,0,11,0,0,0,1,10,4,4,0,0,3,0,0,0,0,20,1,3,7,10,0,0,0,0,0,0,0,0,0,0,4,0,0,0,0,4,0,0,0,0,0,0,0,0,0,4,0,0,0,0,0,0,0,0,0,0,0,0,0,0,0,0,0,0,0,0,0,0,0,0,0,0,0,0,0,0,0,0,0,0,0,0,0,0,0,0,0,0,0,0,0,0,0,0,0,0,0,0,0,0,0,0,0,0,0,0,0,0,0,0,0,0,0,0,0,0,0,0,0,0,0,0,0,0,0,0,0,0,0,0,0,0
ruston police department,2018-01-01,louisiana,22274,LA03102,0,0,0,0,0,0,0,0,4,1,1,1,1,9,1,0,0,1,7,11,11,0,0,53,0,0,0,0,77,2,6,64,70,0,0,0,0,0,2,0,1,0,1,7,0,0,0,1,6,2,2,0,0,16,0,0,0,0,27,1,3,18,21,0,0,0,0,0,0,0,0,0,0,1,0,0,0,0,1,0,0,0,0,1,0,0,0,0,2,0,0,1,1,0,0,0,0,0,0,0,0,0,0,0,0,0,0,0,0,0,0,0,0,0,0,0,0,0,0,0,0,0,0,0,0,0,0,0,0,0,0,0,0,0,0,0,0,0,0,0,0,0,0,0,0,0,0,0,0,0,0,0,0,0,0,0,0,0,0,0,0,0,0,0,0,0,0,0,0,0,0,0,0,0,0
ruston police department,2017-12-01,louisiana,22438,LA03102,0,0,0,0,0,1,1,0,1,1,0,0,0,17,3,0,0,4,10,14,14,0,0,53,3,3,0,0,89,7,9,70,79,0,0,1,1,0,1,1,0,0,0,15,3,0,0,4,8,3,3,0,0,20,1,1,0,0,41,7,9,24,33,0,0,0,0,0,0,0,0,0,0,1,0,0,0,0,1,1,1,0,0,1,0,0,0,0,3,0,0,2,2,0,0,0,0,0,0,0,0,0,0,0,0,0,0,0,0,0,0,0,0,0,0,0,0,0,0,0,0,0,0,0,0,0,0,0,0,0,0,0,0,0,0,0,0,0,0,0,0,0,0,0,0,0,0,0,0,0,0,0,0,0,0,0,0,0,0,0,0,0,0,0,0,0,0,0,0,0,0,0,0,0,0
ruston police department,2017-11-01,louisiana,22438,LA03102,0,0,0,0,0,0,0,0,0,0,0,0,0,27,5,1,1,5,15,8,8,0,0,44,1,0,0,1,80,12,12,53,65,0,0,0,0,0,0,0,0,0,0,25,5,1,1,4,14,3,3,0,0,14,0,0,0,0,42,11,11,17,28,0,0,0,0,0,0,0,0,0,0,1,0,0,0,0,1,0,0,0,0,6,0,0,0,0,7,0,0,6,6,0,0,0,0,0,0,0,0,0,0,0,0,0,0,0,0,0,0,0,0,0,0,0,0,0,0,0,0,0,0,0,0,0,0,0,0,0,0,0,0,0,0,0,0,0,0,0,0,0,0,0,0,0,0,0,0,0,0,0,0,0,0,0,0,0,0,0,0,0,0,0,0,0,0,0,0,0,0,0,0,0,0
ruston police department,2017-10-01,louisiana,22438,LA03102,0,0,0,0,0,0,0,0,1,1,0,0,0,27,2,0,1,3,21,17,17,0,0,54,1,1,0,0,100,6,7,72,79,0,0,0,0,0,0,0,0,0,0,24,2,0,0,2,20,4,4,0,0,12,1,1,0,0,41,4,4,17,21,0,0,0,0,0,0,0,0,0,0,3,0,0,0,0,3,0,0,0,0,0,0,0,0,0,3,0,0,0,0,0,0,0,0,0,0,0,0,0,0,0,0,0,0,0,0,0,0,0,0,0,0,0,0,0,0,0,0,0,0,0,0,0,0,0,0,0,0,0,0,0,0,0,0,0,0,0,0,0,0,0,0,0,0,0,0,0,0,0,0,0,0,0,0,0,0,0,0,0,0,0,0,0,0,0,0,0,0,0,0,0,0
ruston police department,2017-09-01,louisiana,22438,LA03102,0,0,0,0,0,0,0,0,0,0,0,0,0,29,2,1,2,5,19,18,18,0,0,54,2,2,0,0,103,10,10,74,84,0,0,0,0,0,0,0,0,0,0,26,2,1,1,5,17,18,18,0,0,18,2,2,0,0,64,9,9,38,47,0,0,0,0,0,0,0,0,0,0,2,0,0,0,0,2,7,7,0,0,2,0,0,0,0,11,0,0,9,9,0,0,0,0,0,0,0,0,0,0,0,0,0,0,0,0,0,0,0,0,0,0,0,0,0,0,0,0,0,0,0,0,0,0,0,0,0,0,0,0,0,0,0,0,0,0,0,0,0,0,0,0,0,0,0,0,0,0,0,0,0,0,0,0,0,0,0,0,0,0,0,0,0,0,0,0,0,0,0,0,0,0
ruston police department,2017-08-01,louisiana,22438,LA03102,0,0,0,1,0,0,0,0,0,0,0,0,0,15,1,0,0,0,14,13,13,0,0,55,0,0,0,0,84,1,2,68,70,1,0,0,0,0,0,0,0,0,0,14,1,0,0,0,13,2,2,0,0,12,0,0,0,0,29,1,2,14,16,0,0,0,0,0,0,0,0,0,0,4,0,0,0,0,4,1,1,0,0,0,0,0,0,0,5,0,0,1,1,0,0,0,0,0,0,0,0,0,0,0,0,0,0,0,0,0,0,0,0,0,0,0,0,0,0,0,0,0,0,0,0,0,0,0,0,0,0,0,0,0,0,0,0,0,0,0,0,0,0,0,0,0,0,0,0,0,0,0,0,0,0,0,0,0,0,0,0,0,0,0,0,0,0,0,0,0,0,0,0,0,0
ruston police department,2017-07-01,louisiana,22438,LA03102,0,0,1,0,0,0,0,0,2,2,0,0,0,23,2,1,0,3,17,21,19,2,0,44,0,0,0,0,90,6,8,65,73,0,0,0,0,0,0,0,0,0,0,24,3,1,0,4,16,3,1,2,0,17,0,0,0,0,44,8,8,20,28,0,0,0,0,0,0,0,0,0,0,3,0,0,0,0,3,0,0,0,0,2,0,0,0,0,5,0,0,2,2,0,0,0,0,0,0,0,0,0,0,0,0,0,0,0,0,0,0,0,0,0,0,0,0,0,0,0,0,0,0,0,0,0,0,0,0,0,0,0,0,0,0,0,0,0,0,0,0,0,0,0,0,0,0,0,0,0,0,0,0,0,0,0,0,0,0,0,0,0,0,0,0,0,0,0,0,0,0,0,0,0,0
ruston police department,2017-06-01,louisiana,22438,LA03102,0,0,0,0,0,0,0,0,0,0,0,0,0,38,6,0,1,7,24,12,12,0,0,36,1,1,0,0,87,14,14,49,63,0,0,0,0,0,0,0,0,0,0,34,5,0,1,6,22,3,3,0,0,13,0,0,0,0,50,12,12,16,28,0,0,0,0,0,0,0,0,0,0,3,1,0,0,1,1,0,0,0,0,0,0,0,0,0,3,2,2,0,2,0,0,0,0,0,0,0,0,0,0,0,0,0,0,0,0,0,0,0,0,0,0,0,0,0,0,0,0,0,0,0,0,0,0,0,0,0,0,0,0,0,0,0,0,0,0,0,0,0,0,0,0,0,0,0,0,0,0,0,0,0,0,0,0,0,0,0,0,0,0,0,0,0,0,0,0,0,0,0,0,0,0
ruston police department,2017-05-01,louisiana,22438,LA03102,0,0,1,0,0,0,0,0,1,1,0,0,0,36,7,0,0,5,24,10,8,2,0,47,0,0,0,0,94,12,13,57,70,0,0,0,0,0,0,0,0,0,0,35,6,0,0,5,24,5,5,0,0,19,0,0,0,0,59,11,11,24,35,0,0,0,0,0,0,0,0,0,0,2,0,0,0,0,2,1,1,0,0,0,0,0,0,0,3,0,0,1,1,0,0,0,0,0,0,0,0,0,0,0,0,0,0,0,0,0,0,0,0,0,0,0,0,0,0,0,0,0,0,0,0,0,0,0,0,0,0,0,0,0,0,0,0,0,0,0,0,0,0,0,0,0,0,0,0,0,0,0,0,0,0,0,0,0,0,0,0,0,0,0,0,0,0,0,0,0,0,0,0,0,0
ruston police department,2017-04-01,louisiana,22438,LA03102,0,0,0,0,0,2,2,0,0,0,0,0,0,35,12,1,2,4,16,5,5,0,0,58,0,0,0,0,100,19,21,63,84,0,0,2,2,0,0,0,0,0,0,34,11,1,2,4,16,1,1,0,0,20,0,0,0,0,57,18,20,21,41,0,0,0,0,0,0,0,0,0,0,1,0,0,0,0,1,0,0,0,0,0,0,0,0,0,1,0,0,0,0,0,0,0,0,0,0,0,0,0,0,0,0,0,0,0,0,0,0,0,0,0,0,0,0,0,0,0,0,0,0,0,0,0,0,0,0,0,0,0,0,0,0,0,0,0,0,0,0,0,0,0,0,0,0,0,0,0,0,0,0,0,0,0,0,0,0,0,0,0,0,0,0,0,0,0,0,0,0,0,0,0,0
ruston police department,2017-03-01,louisiana,22438,LA03102,0,0,0,0,0,0,0,0,0,0,0,0,0,25,3,1,1,1,19,21,21,0,0,33,2,2,0,0,81,6,6,56,62,0,0,0,0,0,0,0,0,0,0,24,2,1,1,1,19,6,6,0,0,11,1,1,0,0,42,5,5,18,23,0,0,0,0,0,0,0,0,0,0,3,0,0,1,0,2,0,0,0,0,0,0,0,0,0,3,1,1,0,1,0,0,0,0,0,0,0,0,0,0,0,0,0,0,0,0,0,0,0,0,0,0,0,0,0,0,0,0,0,0,0,0,0,0,0,0,0,0,0,0,0,0,0,0,0,0,0,0,0,0,0,0,0,0,0,0,0,0,0,0,0,0,0,0,0,0,0,0,0,0,0,0,0,0,0,0,0,0,0,0,0,0
ruston police department,2017-02-01,louisiana,22438,LA03102,0,0,1,0,0,0,0,0,2,2,0,0,0,28,4,2,3,4,15,7,7,0,0,40,0,0,0,0,77,13,15,47,62,0,0,0,0,0,1,1,0,0,0,27,4,2,3,4,14,5,5,0,0,13,0,0,0,0,46,13,14,18,32,0,0,0,0,0,0,0,0,0,0,1,0,0,0,0,1,0,0,0,0,1,0,0,0,0,2,0,0,1,1,0,0,0,0,0,0,0,0,0,0,0,0,0,0,0,0,0,0,0,0,0,0,0,0,0,0,0,0,0,0,0,0,0,0,0,0,0,0,0,0,0,0,0,0,0,0,0,0,0,0,0,0,0,0,0,0,0,0,0,0,0,0,0,0,0,0,0,0,0,0,0,0,0,0,0,0,0,0,0,0,0,0
ruston police department,2017-01-01,louisiana,22438,LA03102,0,0,0,0,0,0,0,0,0,0,0,0,0,22,4,0,0,2,16,6,6,0,0,37,3,3,0,0,68,6,6,46,52,0,0,0,0,0,0,0,0,0,0,22,4,0,0,2,16,0,0,0,0,18,2,2,0,0,42,6,6,20,26,0,0,0,0,0,0,0,0,0,0,2,0,0,0,0,2,0,0,0,0,0,0,0,0,0,2,0,0,0,0,0,0,0,0,0,0,0,0,0,0,0,0,0,0,0,0,0,0,0,0,0,0,0,0,0,0,0,0,0,0,0,0,0,0,0,0,0,0,0,0,0,0,0,0,0,0,0,0,0,0,0,0,0,0,0,0,0,0,0,0,0,0,0,0,0,0,0,0,0,0,0,0,0,0,0,0,0,0,0,0,0,0
ruston police department,2016-12-01,louisiana,22416,LA03102,0,0,0,2,0,1,1,0,1,1,0,0,0,27,6,1,2,5,13,13,13,0,0,56,2,2,0,0,102,14,18,71,89,2,0,1,1,0,1,1,0,0,0,27,6,1,2,5,13,5,5,0,0,19,2,2,0,0,57,14,18,26,44,0,0,0,0,0,0,0,0,0,0,5,0,0,0,0,5,0,0,0,0,0,0,0,0,0,5,0,0,0,0,0,0,0,0,0,0,0,0,0,0,0,0,0,0,0,0,0,0,0,0,0,0,0,0,0,0,0,0,0,0,0,0,0,0,0,0,0,0,0,0,0,0,0,0,0,0,0,0,0,0,0,0,0,0,0,0,0,0,0,0,0,0,0,0,0,0,0,0,0,0,0,0,0,0,0,0,0,0,0,0,0,0
ruston police department,2016-11-01,louisiana,22416,LA03102,0,0,0,0,0,0,0,0,6,3,2,0,1,25,5,0,0,3,17,12,12,0,0,37,2,2,0,0,82,8,14,51,65,0,0,0,0,0,5,3,1,0,1,23,4,0,0,2,17,4,4,0,0,9,0,0,0,0,41,6,11,13,24,0,0,0,0,0,0,0,0,0,0,1,0,0,0,0,1,0,0,0,0,1,0,0,0,0,2,0,0,1,1,0,0,0,0,0,0,0,0,0,0,0,0,0,0,0,0,0,0,0,0,0,0,0,0,0,0,0,0,0,0,0,0,0,0,0,0,0,0,0,0,0,0,0,0,0,0,0,0,0,0,0,0,0,0,0,0,0,0,0,0,0,0,0,0,0,0,0,0,0,0,0,0,0,0,0,0,0,0,0,0,0,0
ruston police department,2016-10-01,louisiana,22416,LA03102,0,0,0,0,0,0,0,0,1,0,0,0,1,33,4,2,0,5,22,8,8,0,0,38,2,2,0,0,82,11,12,48,60,0,0,0,0,0,1,0,0,0,1,33,4,2,0,5,22,2,2,0,0,15,0,0,0,0,51,11,12,17,29,0,0,0,0,0,1,0,0,0,1,3,0,0,0,0,3,0,0,0,0,2,0,0,0,0,6,0,1,2,3,0,0,0,0,0,0,0,0,0,0,0,0,0,0,0,0,0,0,0,0,0,0,0,0,0,0,0,0,0,0,0,0,0,0,0,0,0,0,0,0,0,0,0,0,0,0,0,0,0,0,0,0,0,0,0,0,0,0,0,0,0,0,0,0,0,0,0,0,0,0,0,0,0,0,0,0,0,0,0,0,0,0
ruston police department,2016-09-01,louisiana,22416,LA03102,0,0,0,0,0,0,0,0,3,2,0,0,1,31,1,1,0,1,28,13,13,0,0,52,2,2,0,0,101,3,6,67,73,0,0,0,0,0,3,2,0,0,1,30,1,1,0,1,27,2,2,0,0,8,0,0,0,0,43,3,6,10,16,0,0,0,0,0,0,0,0,0,0,6,0,0,0,0,6,0,0,0,0,0,0,0,0,0,6,0,0,0,0,0,0,0,0,0,0,0,0,0,0,0,0,0,0,0,0,0,0,0,0,0,0,0,0,0,0,0,0,0,0,0,0,0,0,0,0,0,0,0,0,0,0,0,0,0,0,0,0,0,0,0,0,0,0,0,0,0,0,0,0,0,0,0,0,0,0,0,0,0,0,0,0,0,0,0,0,0,0,0,0,0,0
ruston police department,2016-08-01,louisiana,22416,LA03102,0,0,0,0,0,0,0,0,2,1,0,0,1,31,6,1,1,1,22,7,7,0,0,24,2,2,0,0,66,9,11,33,44,0,0,0,0,0,0,0,0,0,0,31,6,1,1,1,22,2,2,0,0,8,0,0,0,0,41,9,9,10,19,0,0,0,0,0,0,0,0,0,0,10,0,0,0,1,9,0,0,0,0,3,0,0,0,0,13,1,1,3,4,0,0,0,0,0,0,0,0,0,0,0,0,0,0,0,0,0,0,0,0,0,0,0,0,0,0,0,0,0,0,0,0,0,0,0,0,0,0,0,0,0,0,0,0,0,0,0,0,0,0,0,0,0,0,0,0,0,0,0,0,0,0,0,0,0,0,0,0,0,0,0,0,0,0,0,0,0,0,0,0,0,0
ruston police department,2016-07-01,louisiana,22416,LA03102,0,0,0,0,0,0,0,0,3,1,0,0,2,21,2,0,0,1,18,13,13,0,0,30,0,0,0,0,67,3,6,43,49,0,0,0,0,0,2,1,0,0,1,20,2,0,0,1,17,3,3,0,0,10,0,0,0,0,35,3,5,13,18,0,0,0,0,0,0,0,0,0,0,4,0,0,0,0,4,0,0,0,0,0,0,0,0,0,4,0,0,0,0,0,0,0,0,0,0,0,0,0,0,0,0,0,0,0,0,0,0,0,0,0,0,0,0,0,0,0,0,0,0,0,0,0,0,0,0,0,0,0,0,0,0,0,0,0,0,0,0,0,0,0,0,0,0,0,0,0,0,0,0,0,0,0,0,0,0,0,0,0,0,0,0,0,0,0,0,0,0,0,0,0,0
ruston police department,2016-06-01,louisiana,22416,LA03102,0,0,0,0,0,0,0,0,0,0,0,0,0,30,4,0,1,0,25,4,4,0,0,55,4,1,2,1,93,5,5,63,68,0,0,0,0,0,0,0,0,0,0,28,2,0,1,0,25,2,2,0,0,27,3,0,2,1,60,3,3,32,35,0,0,0,0,0,0,0,0,0,0,3,0,0,0,0,3,0,0,0,0,5,3,0,2,1,11,0,0,8,8,0,0,0,0,0,0,0,0,0,0,0,0,0,0,0,0,0,0,0,0,0,0,0,0,0,0,0,0,0,0,0,0,0,0,0,0,0,0,0,0,0,0,0,0,0,0,0,0,0,0,0,0,0,0,0,0,0,0,0,0,0,0,0,0,0,0,0,0,0,0,0,0,0,0,0,0,0,0,0,0,0,0
ruston police department,2016-05-01,louisiana,22416,LA03102,0,0,0,0,0,0,0,0,3,2,0,1,0,28,5,2,2,0,19,12,12,0,0,46,3,2,1,0,92,9,12,61,73,0,0,0,0,0,0,0,0,0,0,27,4,2,2,0,19,3,3,0,0,16,0,0,0,0,46,8,8,19,27,0,0,0,0,0,0,0,0,0,0,3,0,0,0,0,3,1,1,0,0,2,0,0,0,0,6,0,0,3,3,0,0,0,0,0,0,0,0,0,0,0,0,0,0,0,0,0,0,0,0,0,0,0,0,0,0,0,0,0,0,0,0,0,0,0,0,0,0,0,0,0,0,0,0,0,0,0,0,0,0,0,0,0,0,0,0,0,0,0,0,0,0,0,0,0,0,0,0,0,0,0,0,0,0,0,0,0,0,0,0,0,0
ruston police department,2016-04-01,louisiana,22416,LA03102,0,0,0,0,0,0,0,0,0,0,0,0,0,30,3,2,3,1,21,12,9,0,3,28,1,0,1,0,71,9,9,41,50,0,0,0,0,0,0,0,0,0,0,30,3,2,3,1,21,0,0,0,0,10,0,0,0,0,40,9,9,10,19,0,0,0,0,0,0,0,0,0,0,4,0,0,1,0,3,0,0,0,0,2,0,0,0,0,6,1,1,2,3,0,0,0,0,0,0,0,0,0,0,0,0,0,0,0,0,0,0,0,0,0,0,0,0,0,0,0,0,0,0,0,0,0,0,0,0,0,0,0,0,0,0,0,0,0,0,0,0,0,0,0,0,0,0,0,0,0,0,0,0,0,0,0,0,0,0,0,0,0,0,0,0,0,0,0,0,0,0,0,0,0,0
ruston police department,2016-03-01,louisiana,22416,LA03102,0,0,1,0,0,0,0,0,2,2,0,0,0,24,4,3,0,0,17,5,5,0,0,46,1,1,0,0,79,7,9,53,62,0,0,0,0,0,0,0,0,0,0,22,2,3,0,0,17,1,1,0,0,22,0,0,0,0,46,5,5,24,29,0,0,0,0,0,0,0,0,0,0,4,0,0,0,0,4,1,1,0,0,1,0,0,0,0,6,0,0,2,2,0,0,0,0,0,0,0,0,0,0,0,0,0,0,0,0,0,0,0,0,0,0,0,0,0,0,0,0,0,0,0,1,0,0,0,0,0,1,0,0,0,0,1,0,1,0,0,0,0,0,1,0,0,0,0,1,0,0,0,0,0,0,0,0,0,0,0,0,0,0,0,0,0,0,0,0,0,0,0,0,0,0
ruston police department,2016-02-01,louisiana,22416,LA03102,0,0,0,0,0,0,0,0,0,0,0,0,0,28,1,0,3,0,24,5,3,1,1,36,0,0,0,0,69,4,4,41,45,0,0,0,0,0,0,0,0,0,0,28,1,0,3,0,24,2,1,1,0,16,0,0,0,0,46,4,4,18,22,0,0,0,0,0,0,0,0,0,0,11,1,0,0,0,10,0,0,0,0,5,0,0,0,0,16,1,1,5,6,0,0,0,0,0,0,0,0,0,0,0,0,0,0,0,0,0,0,0,0,0,0,0,0,0,0,0,0,0,0,0,0,0,0,0,0,0,0,0,0,0,0,0,0,0,0,0,0,0,0,0,0,0,0,0,0,0,0,0,0,0,0,0,0,0,0,0,0,0,0,0,0,0,0,0,0,0,0,0,0,0,0
ruston police department,2016-01-01,louisiana,22416,LA03102,0,0,0,0,0,0,0,0,0,0,0,0,0,26,3,0,0,3,20,8,8,0,0,43,0,0,0,0,77,6,6,51,57,0,0,0,0,0,0,0,0,0,0,26,3,0,0,3,20,4,4,0,0,24,0,0,0,0,54,6,6,28,34,0,0,0,0,0,0,0,0,0,0,3,1,0,0,1,1,3,3,0,0,0,0,0,0,0,6,2,2,3,5,0,0,0,0,0,0,0,0,0,0,0,0,0,0,0,0,0,0,0,0,0,0,0,0,0,0,0,0,0,0,0,0,0,0,0,0,0,0,0,0,0,0,0,0,0,0,0,0,0,0,0,0,0,0,0,0,0,0,0,0,0,0,0,0,0,0,0,0,0,0,0,0,0,0,0,0,0,0,0,0,0,0
ruston police department,2015-12-01,louisiana,22386,LA03102,0,0,1,0,0,0,0,0,3,2,0,0,1,30,2,0,1,1,26,22,22,0,0,47,1,1,0,0,103,4,7,70,77,0,0,0,0,0,1,0,0,0,1,29,2,0,1,0,26,6,6,0,0,12,0,0,0,0,48,3,4,18,22,0,0,0,0,0,0,0,0,0,0,6,0,0,1,0,5,0,0,0,0,1,0,0,0,0,7,1,1,1,2,0,0,0,0,0,0,0,0,0,0,0,0,0,0,0,0,0,0,0,0,0,0,0,0,0,0,0,0,0,0,0,0,0,0,0,0,0,0,0,0,0,0,0,0,0,0,0,0,0,0,0,0,0,0,0,0,0,0,0,0,0,0,0,0,0,0,0,0,0,0,0,0,0,0,0,0,0,0,0,0,0,0
ruston police department,2015-11-01,louisiana,22386,LA03102,0,0,0,0,0,1,1,0,5,5,0,0,0,32,2,0,0,3,27,11,11,0,0,44,1,1,0,0,94,5,11,56,67,0,0,1,1,0,4,4,0,0,0,30,2,0,0,3,25,4,4,0,0,21,1,1,0,0,61,5,10,26,36,0,0,0,0,0,0,0,0,0,0,6,0,0,0,0,6,0,0,0,0,0,0,0,0,0,6,0,0,0,0,0,0,0,0,0,0,0,0,0,0,0,0,0,0,0,0,0,0,0,0,0,0,0,0,0,0,0,0,0,0,0,0,0,0,0,0,0,0,0,0,0,0,0,0,0,0,0,0,0,0,0,0,0,0,0,0,0,0,0,0,0,0,0,0,0,0,0,0,0,0,0,0,0,0,0,0,0,0,0,0,0,0
ruston police department,2015-10-01,louisiana,22386,LA03102,0,0,0,0,0,0,0,0,1,0,0,0,1,32,3,0,1,4,24,11,11,0,0,50,0,0,0,0,94,8,9,61,70,0,0,0,0,0,0,0,0,0,0,30,3,0,1,4,22,3,3,0,0,20,0,0,0,0,53,8,8,23,31,0,0,0,0,0,0,0,0,0,0,6,0,0,0,1,5,0,0,0,0,2,0,0,0,0,8,1,1,2,3,0,0,0,0,0,0,0,0,0,0,0,0,0,0,0,0,0,0,0,0,0,0,0,0,0,0,0,0,0,0,0,0,0,0,0,0,0,0,0,0,0,0,0,0,0,0,0,0,0,0,0,0,0,0,0,0,0,0,0,0,0,0,0,0,0,0,0,0,0,0,0,0,0,0,0,0,0,0,0,0,0,0
ruston police department,2015-09-01,louisiana,22386,LA03102,0,0,0,0,0,1,1,0,1,1,0,0,0,34,2,0,0,6,26,10,10,0,0,50,0,0,0,0,96,8,10,60,70,0,0,1,1,0,0,0,0,0,0,33,2,0,0,5,26,2,2,0,0,16,0,0,0,0,52,7,8,18,26,0,0,0,0,0,0,0,0,0,0,9,1,0,0,1,7,0,0,0,0,0,0,0,0,0,9,2,2,0,2,0,0,0,0,0,0,0,0,0,0,0,0,0,0,0,0,0,0,0,0,0,0,0,0,0,0,0,0,0,0,0,0,0,0,0,0,0,0,0,0,0,0,0,0,0,0,0,0,0,0,0,0,0,0,0,0,0,0,0,0,0,0,0,0,0,0,0,0,0,0,0,0,0,0,0,0,0,0,0,0,0,0
ruston police department,2015-08-01,louisiana,22386,LA03102,0,0,0,1,0,0,0,0,2,2,0,0,0,44,4,0,2,0,38,18,18,0,0,60,1,1,0,0,126,6,9,79,88,1,0,0,0,0,1,1,0,0,0,39,3,0,2,0,34,10,10,0,0,21,1,1,0,0,73,5,7,32,39,0,0,0,0,0,0,0,0,0,0,8,0,0,1,0,7,0,0,0,0,2,1,1,0,0,11,1,1,3,4,0,0,0,0,0,0,0,0,0,0,0,0,0,0,0,0,0,0,0,0,0,0,0,0,0,0,0,0,0,0,0,0,0,0,0,0,0,0,0,0,0,0,0,0,0,0,0,0,0,0,0,0,0,0,0,0,0,0,0,0,0,0,0,0,0,0,0,0,0,0,0,0,0,0,0,0,0,0,0,0,0,0
ruston police department,2015-07-01,louisiana,22386,LA03102,0,0,1,0,0,0,0,0,2,0,0,0,2,29,2,4,0,0,23,13,7,6,0,43,0,0,0,0,87,6,8,56,64,0,0,0,0,0,1,0,0,0,1,26,1,4,0,0,21,0,0,0,0,21,0,0,0,0,48,5,6,21,27,0,0,0,0,0,0,0,0,0,0,4,0,0,0,0,4,0,0,0,0,2,0,0,0,0,6,0,0,2,2,0,0,0,0,0,0,0,0,0,0,0,0,0,0,0,0,0,0,0,0,0,0,0,0,0,0,0,0,0,0,0,0,0,0,0,0,0,0,0,0,0,0,0,0,0,0,0,0,0,0,0,0,0,0,0,0,0,0,0,0,0,0,0,0,0,0,0,0,0,0,0,0,0,0,0,0,0,0,0,0,0,0
ruston police department,2015-06-01,louisiana,22386,LA03102,0,0,0,0,0,0,0,0,1,0,0,0,1,21,0,2,1,0,18,9,5,4,0,52,1,1,0,0,84,3,4,62,66,0,0,0,0,0,1,0,0,0,1,20,0,2,1,0,17,0,0,0,0,32,0,0,0,0,53,3,4,32,36,0,0,0,0,0,0,0,0,0,0,3,0,1,0,0,2,0,0,0,0,2,0,0,0,0,5,1,1,2,3,0,0,0,0,0,0,0,0,0,0,0,0,0,0,0,0,0,0,0,0,0,0,0,0,0,0,0,0,0,0,0,0,0,0,0,0,0,0,0,0,0,0,0,0,0,0,0,0,0,0,0,0,0,0,0,0,0,0,0,0,0,0,0,0,0,0,0,0,0,0,0,0,0,0,0,0,0,0,0,0,0,0
ruston police department,2015-05-01,louisiana,22386,LA03102,0,0,0,0,0,1,1,0,3,1,0,0,2,26,0,1,5,0,20,5,4,0,1,39,1,0,0,1,75,6,10,45,55,0,0,1,1,0,0,0,0,0,0,26,0,1,5,0,20,1,1,0,0,13,0,0,0,0,41,6,7,14,21,0,0,0,0,0,0,0,0,0,0,1,0,0,0,0,1,0,0,0,0,0,0,0,0,0,1,0,0,0,0,0,0,0,0,0,0,0,0,0,0,0,0,0,0,0,0,0,0,0,0,0,0,0,0,0,0,0,0,0,0,0,0,0,0,0,0,0,0,0,0,0,0,0,0,0,0,0,0,0,0,0,0,0,0,0,0,0,0,0,0,0,0,0,0,0,0,0,0,0,0,0,0,0,0,0,0,0,0,0,0,0,0
ruston police department,2015-04-01,louisiana,22386,LA03102,0,0,1,0,0,0,0,0,2,0,0,0,2,38,1,4,3,0,30,5,2,2,1,61,1,0,1,0,107,8,10,67,77,0,0,0,0,0,2,0,0,0,2,38,1,4,3,0,30,1,0,1,0,21,0,0,0,0,62,8,10,22,32,0,0,0,0,0,0,0,0,0,0,4,0,1,0,0,3,0,0,0,0,4,0,0,0,0,8,1,1,4,5,0,0,0,0,0,0,0,0,0,0,0,0,0,0,0,0,0,0,0,0,0,0,0,0,0,0,0,0,0,0,0,0,0,0,0,0,0,0,0,0,0,0,0,0,0,0,0,0,0,0,0,0,0,0,0,0,0,0,0,0,0,0,0,0,0,0,0,0,0,0,0,0,0,0,0,0,0,0,0,0,0,0
ruston police department,2015-03-01,louisiana,22386,LA03102,0,0,0,0,0,1,1,0,0,0,0,0,0,29,4,3,4,0,18,11,8,3,0,49,0,0,0,0,90,11,12,60,72,0,0,1,1,0,0,0,0,0,0,29,4,3,4,0,18,1,0,1,0,15,0,0,0,0,46,11,12,16,28,0,0,0,0,0,0,0,0,0,0,3,0,0,1,0,2,0,0,0,0,2,0,0,0,0,5,1,1,2,3,0,0,0,0,0,0,0,0,0,0,0,0,0,0,0,0,0,0,0,0,0,0,0,0,0,0,0,0,0,0,0,0,0,0,0,0,0,0,0,0,0,0,0,0,0,0,0,0,0,0,0,0,0,0,0,0,0,0,0,0,0,0,0,0,0,0,0,0,0,0,0,0,0,0,0,0,0,0,0,0,0,0
ruston police department,2015-02-01,louisiana,22386,LA03102,0,0,0,0,0,1,1,0,0,0,0,0,0,12,1,1,1,0,9,9,6,3,0,35,0,0,0,0,57,3,4,44,48,0,0,1,1,0,0,0,0,0,0,12,1,1,1,0,9,1,0,1,0,25,0,0,0,0,39,3,4,26,30,0,0,0,0,0,0,0,0,0,0,3,0,0,1,0,2,0,0,0,0,0,0,0,0,0,3,1,1,0,1,0,0,0,0,0,0,0,0,0,0,0,0,0,0,0,0,0,0,0,0,0,0,0,0,0,0,0,0,0,0,0,0,0,0,0,0,0,0,0,0,0,0,0,0,0,0,0,0,0,0,0,0,0,0,0,0,0,0,0,0,0,0,0,0,0,0,0,0,0,0,0,0,0,0,0,0,0,0,0,0,0,0
ruston police department,2015-01-01,louisiana,22386,LA03102,0,0,1,0,0,0,0,0,1,0,1,0,0,21,1,1,1,0,18,18,14,3,1,45,1,0,1,0,86,3,4,64,68,0,0,0,0,0,0,0,0,0,0,21,1,1,1,0,18,0,0,0,0,19,0,0,0,0,40,3,3,19,22,0,0,0,0,0,0,0,0,0,0,4,1,0,0,0,3,0,0,0,0,1,0,0,0,0,5,1,1,1,2,0,0,0,0,0,0,0,0,0,0,0,0,0,0,0,0,0,0,0,0,0,0,0,0,0,0,0,0,0,0,0,0,0,0,0,0,0,0,0,0,0,0,0,0,0,0,0,0,0,0,0,0,0,0,0,0,0,0,0,0,0,0,0,0,0,0,0,0,0,0,0,0,0,0,0,0,0,0,0,0,0,0
ruston police department,2014-12-01,louisiana,22370,LA03102,0,0,0,0,0,0,0,0,3,3,0,0,0,17,0,1,2,0,14,22,18,4,0,39,0,0,0,0,81,3,6,61,67,0,0,0,0,0,2,2,0,0,0,17,0,1,2,0,14,3,3,0,0,12,0,0,0,0,34,3,5,15,20,0,0,0,0,0,0,0,0,0,0,2,0,1,0,0,1,0,0,0,0,1,0,0,0,0,3,1,1,1,2,0,0,0,0,0,0,0,0,0,0,0,0,0,0,0,0,0,0,0,0,0,0,0,0,0,0,0,0,0,0,0,0,0,0,0,0,0,0,0,0,0,0,0,0,0,0,0,0,0,0,0,0,0,0,0,0,0,0,0,0,0,0,0,0,0,0,0,0,0,0,0,0,0,0,0,0,0,0,0,0,0,0
ruston police department,2014-11-01,louisiana,22370,LA03102,0,0,0,1,0,0,0,0,0,0,0,0,0,24,0,0,3,0,21,22,18,4,0,54,1,0,1,0,102,3,4,77,81,1,0,0,0,0,0,0,0,0,0,24,0,0,3,0,21,1,0,1,0,26,0,0,0,0,52,3,4,27,31,0,0,0,0,0,0,0,0,0,0,3,0,0,0,0,3,0,0,0,0,1,0,0,0,0,4,0,0,1,1,0,0,0,0,0,0,0,0,0,0,0,0,0,0,0,0,0,0,0,0,0,0,0,0,0,0,0,0,0,0,0,0,0,0,0,0,0,0,0,0,0,0,0,0,0,0,0,0,0,0,0,0,0,0,0,0,0,0,0,0,0,0,0,0,0,0,0,0,0,0,0,0,0,0,0,0,0,0,0,0,0,0
ruston police department,2014-10-01,louisiana,22370,LA03102,0,0,0,0,0,1,1,0,1,0,0,0,1,33,1,3,3,0,26,22,19,2,1,65,1,1,0,0,123,7,9,88,97,0,0,1,1,0,1,0,0,0,1,32,1,3,3,0,25,5,4,1,0,33,0,0,0,0,72,7,9,38,47,0,0,0,0,0,0,0,0,0,0,6,0,0,0,0,6,2,1,1,0,1,0,0,0,0,9,0,0,3,3,0,0,0,0,0,0,0,0,0,0,0,0,0,0,0,0,0,0,0,0,0,0,0,0,0,0,0,0,0,0,0,0,0,0,0,0,0,0,0,0,0,0,0,0,0,0,0,0,0,0,0,0,0,0,0,0,0,0,0,0,0,0,0,0,0,0,0,0,0,0,0,0,0,0,0,0,0,0,0,0,0,0
ruston police department,2014-09-01,louisiana,22370,LA03102,0,0,1,0,0,0,0,0,0,0,0,0,0,28,0,2,2,0,24,3,2,1,0,54,0,0,0,0,85,4,4,57,61,0,0,0,0,0,0,0,0,0,0,28,0,2,2,0,24,1,0,1,0,28,0,0,0,0,57,4,4,29,33,0,0,0,0,0,0,0,0,0,0,8,0,0,1,0,7,1,0,1,0,4,0,0,0,0,13,1,1,5,6,0,0,0,0,0,0,0,0,0,0,0,0,0,0,0,0,0,0,0,0,0,0,0,0,0,0,0,0,0,0,0,0,0,0,0,0,0,0,0,0,0,0,0,0,0,0,0,0,0,0,0,0,0,0,0,0,0,0,0,0,0,0,0,0,0,0,0,0,0,0,0,0,0,0,0,0,0,0,0,0,0,0
ruston police department,2014-08-01,louisiana,22370,LA03102,0,0,0,0,0,0,0,0,3,1,1,0,1,25,1,2,1,0,21,11,8,2,1,47,0,0,0,0,86,4,7,58,65,0,0,0,0,0,3,1,1,0,1,25,1,2,1,0,21,3,2,1,0,21,0,0,0,0,52,4,7,24,31,0,0,0,0,0,1,0,0,0,1,0,0,0,0,0,0,0,0,0,0,2,0,0,0,0,3,0,1,2,3,0,0,0,0,0,0,0,0,0,0,0,0,0,0,0,0,0,0,0,0,0,0,0,0,0,0,0,0,0,0,0,0,0,0,0,0,0,0,0,0,0,0,0,0,0,0,0,0,0,0,0,0,0,0,0,0,0,0,0,0,0,0,0,0,0,0,0,0,0,0,0,0,0,0,0,0,0,0,0,0,0,0
ruston police department,2014-07-01,louisiana,22370,LA03102,0,0,0,0,0,0,0,0,1,1,0,0,0,36,1,2,2,0,31,12,10,2,0,77,3,0,2,1,129,5,6,92,98,0,0,0,0,0,1,1,0,0,0,35,1,2,1,0,31,4,2,2,0,29,3,0,2,1,72,4,5,36,41,0,0,0,0,0,0,0,0,0,0,2,0,0,0,0,2,0,0,0,0,2,2,0,1,1,6,0,0,4,4,0,0,0,0,0,0,0,0,0,0,0,0,0,0,0,0,0,0,0,0,0,0,0,0,0,0,0,0,0,0,0,0,0,0,0,0,0,0,0,0,0,0,0,0,0,0,0,0,0,0,0,0,0,0,0,0,0,0,0,0,0,0,0,0,0,0,0,0,0,0,0,0,0,0,0,0,0,0,0,0,0,0
ruston police department,2014-06-01,louisiana,22370,LA03102,0,0,0,0,0,0,0,0,1,1,0,0,0,29,1,3,2,2,21,14,8,5,1,87,2,1,0,1,133,8,9,103,112,0,0,0,0,0,1,1,0,0,0,28,1,3,2,1,21,1,0,1,0,35,0,0,0,0,65,7,8,36,44,0,0,0,0,0,0,0,0,0,0,0,0,0,0,0,0,0,0,0,0,5,0,0,0,0,5,0,0,5,5,0,0,0,0,0,0,0,0,0,0,0,0,0,0,0,0,0,0,0,0,0,0,0,0,0,0,0,0,0,0,0,0,0,0,0,0,0,0,0,0,0,0,0,0,0,0,0,0,0,0,0,0,0,0,0,0,0,0,0,0,0,0,0,0,0,0,0,0,0,0,0,0,0,0,0,0,0,0,0,0,0,0
ruston police department,2014-05-01,louisiana,22370,LA03102,0,0,1,0,0,0,0,0,0,0,0,0,0,26,0,0,0,1,25,16,12,4,0,62,1,1,0,0,105,1,1,79,80,0,0,0,0,0,0,0,0,0,0,26,0,0,0,1,25,2,1,1,0,28,1,1,0,0,57,1,1,31,32,0,0,0,0,0,0,0,0,0,0,5,0,0,0,0,5,0,0,0,0,3,0,0,0,0,8,0,0,3,3,0,0,0,0,0,0,0,0,0,0,0,0,0,0,0,0,0,0,0,0,0,0,0,0,0,0,0,0,0,0,0,0,0,0,0,0,0,0,0,0,0,0,0,0,0,0,0,0,0,0,0,0,0,0,0,0,0,0,0,0,0,0,0,0,0,0,0,0,0,0,0,0,0,0,0,0,0,0,0,0,0,0
ruston police department,2014-04-01,louisiana,22370,LA03102,0,0,0,0,0,0,0,0,0,0,0,0,0,26,2,2,2,1,19,19,13,5,1,66,2,0,2,0,113,7,7,87,94,0,0,0,0,0,0,0,0,0,0,25,1,2,2,1,19,4,3,1,0,27,1,0,1,0,57,6,6,32,38,0,0,0,0,0,0,0,0,0,0,2,0,0,0,0,2,0,0,0,0,5,0,0,0,0,7,0,0,5,5,0,0,0,0,0,0,0,0,0,0,0,0,0,0,0,0,0,0,0,0,0,0,0,0,0,0,0,0,0,0,0,0,0,0,0,0,0,0,0,0,0,0,0,0,0,0,0,0,0,0,0,0,0,0,0,0,0,0,0,0,0,0,0,0,0,0,0,0,0,0,0,0,0,0,0,0,0,0,0,0,0,0
ruston police department,2014-03-01,louisiana,22370,LA03102,0,0,0,0,0,0,0,0,0,0,0,0,0,28,3,1,2,0,22,7,3,3,1,63,3,1,2,0,101,6,6,73,79,0,0,0,0,0,0,0,0,0,0,28,3,1,2,0,22,0,0,0,0,38,3,1,2,0,69,6,6,41,47,0,0,0,0,0,0,0,0,0,0,1,0,0,0,0,1,0,0,0,0,5,0,0,0,0,6,0,0,5,5,0,0,0,0,0,0,0,0,0,0,0,0,0,0,0,0,0,0,0,0,0,0,0,0,0,0,0,0,0,0,0,0,0,0,0,0,0,0,0,0,0,0,0,0,0,0,0,0,0,0,0,0,0,0,0,0,0,0,0,0,0,0,0,0,0,0,0,0,0,0,0,0,0,0,0,0,0,0,0,0,0,0
ruston police department,2014-02-01,louisiana,22370,LA03102,0,0,0,0,0,1,0,1,1,0,0,0,1,29,2,2,4,0,21,7,4,3,0,28,1,1,0,0,67,8,10,36,46,0,0,0,0,0,1,0,0,0,1,25,2,1,4,0,18,1,0,1,0,17,0,0,0,0,44,7,8,18,26,0,0,0,0,0,0,0,0,0,0,0,0,0,0,0,0,0,0,0,0,2,0,0,0,0,2,0,0,2,2,0,0,0,0,0,0,0,0,0,0,0,0,0,0,0,0,0,0,0,0,0,0,0,0,0,0,0,0,0,0,0,0,0,0,0,0,0,0,0,0,0,0,0,0,0,0,0,0,0,0,0,0,0,0,0,0,0,0,0,0,0,0,0,0,0,0,0,0,0,0,0,0,0,0,0,0,0,0,0,0,0,0
ruston police department,2014-01-01,louisiana,22370,LA03102,0,0,0,0,0,1,1,0,1,1,0,0,0,25,3,4,0,0,18,10,6,3,1,49,1,1,0,0,87,7,9,60,69,0,0,1,1,0,1,1,0,0,0,25,3,4,0,0,18,3,1,2,0,31,0,0,0,0,61,7,9,34,43,0,0,0,0,0,0,0,0,0,0,0,0,0,0,0,0,0,0,0,0,5,0,0,0,0,5,0,0,5,5,0,0,0,0,0,0,0,0,0,0,0,0,0,0,0,0,0,0,0,0,0,0,0,0,0,0,0,0,0,0,0,0,0,0,0,0,0,0,0,0,0,0,0,0,0,0,0,0,0,0,0,0,0,0,0,0,0,0,0,0,0,0,0,0,0,0,0,0,0,0,0,0,0,0,0,0,0,0,0,0,0,0
ruston police department,2013-12-01,louisiana,21969,LA03102,0,0,0,0,0,0,0,0,2,1,1,0,0,30,2,0,2,1,25,10,9,0,1,73,2,1,1,0,117,5,7,85,92,0,0,0,0,0,2,1,1,0,0,30,2,0,2,1,25,0,0,0,0,38,1,1,0,0,71,5,7,39,46,0,0,0,0,0,0,0,0,0,0,3,0,0,1,0,2,0,0,0,0,4,0,0,0,0,7,1,1,4,5,0,0,0,0,0,0,0,0,0,0,0,0,0,0,0,0,0,0,0,0,0,0,0,0,0,0,0,0,0,0,0,0,0,0,0,0,0,0,0,0,0,0,0,0,0,0,0,0,0,0,0,0,0,0,0,0,0,0,0,0,0,0,0,0,0,0,0,0,0,0,0,0,0,0,0,0,0,0,0,0,0,0
ruston police department,2013-11-01,louisiana,21969,LA03102,0,0,0,0,0,1,1,0,0,0,0,0,0,27,2,0,5,0,20,12,10,0,2,46,1,0,1,0,87,7,8,59,67,0,0,1,1,0,0,0,0,0,0,27,2,0,5,0,20,0,0,0,0,26,1,0,1,0,55,7,8,27,35,0,0,0,0,0,0,0,0,0,0,5,0,0,1,0,4,0,0,0,0,1,1,0,1,0,7,1,1,2,3,0,0,0,0,0,0,0,0,0,0,0,0,0,0,0,0,0,0,0,0,0,0,0,0,0,0,0,0,0,0,0,0,0,0,0,0,0,0,0,0,0,0,0,0,0,0,0,0,0,0,0,0,0,0,0,0,0,0,0,0,0,0,0,0,0,0,0,0,0,0,0,0,0,0,0,0,0,0,0,0,0,0
ruston police department,2013-10-01,louisiana,21969,LA03102,0,0,1,0,0,0,0,0,2,0,1,0,1,40,0,2,4,0,34,15,10,5,0,48,3,1,2,0,108,6,8,66,74,0,0,0,0,0,1,0,0,0,1,40,0,2,4,0,34,4,2,2,0,24,0,0,0,0,69,6,7,28,35,0,0,0,0,0,0,0,0,0,0,13,0,0,0,0,13,0,0,0,0,2,0,0,0,0,15,0,0,2,2,0,0,0,0,0,0,0,0,0,0,0,0,0,0,0,0,0,0,0,0,0,0,0,0,0,0,0,0,0,0,0,0,0,0,0,0,0,0,0,0,0,0,0,0,0,0,0,0,0,0,0,0,0,0,0,0,0,0,0,0,0,0,0,0,0,0,0,0,0,0,0,0,0,0,0,0,0,0,0,0,0,0
ruston police department,2013-09-01,louisiana,21969,LA03102,0,0,0,0,0,0,0,0,2,2,0,0,0,25,1,0,0,0,24,12,11,0,1,44,0,0,0,0,83,1,3,56,59,0,0,0,0,0,0,0,0,0,0,25,1,0,0,0,24,1,1,0,0,21,0,0,0,0,47,1,1,22,23,0,0,0,0,0,0,0,0,0,0,3,0,0,0,0,3,0,0,0,0,3,0,0,0,0,6,0,0,3,3,0,0,0,0,0,0,0,0,0,0,0,0,0,0,0,0,0,0,0,0,1,0,0,0,0,1,0,0,1,1,0,0,0,0,0,0,0,0,0,0,0,0,0,0,0,0,0,0,0,0,0,0,0,0,0,0,0,0,0,0,0,0,0,0,0,0,0,0,0,0,0,0,0,0,0,0,0,0,0,0,0,0
ruston police department,2013-08-01,louisiana,21969,LA03102,0,0,2,0,0,0,0,0,2,1,0,0,1,34,2,1,1,0,30,15,10,4,1,62,1,0,1,0,114,4,6,78,84,0,0,0,0,0,0,0,0,0,0,34,2,1,1,0,30,5,2,3,0,36,1,0,1,0,76,4,4,42,46,0,0,0,0,0,0,0,0,0,0,6,0,1,0,0,5,3,1,2,0,14,0,0,0,0,23,1,1,17,18,0,0,0,0,0,0,0,0,0,0,0,0,0,0,0,0,0,0,0,0,0,0,0,0,0,0,0,0,0,0,0,0,0,0,0,0,0,0,0,0,0,0,0,0,0,0,0,0,0,0,0,0,0,0,0,0,0,0,0,0,0,0,0,0,0,0,0,0,0,0,0,0,0,0,0,0,0,0,0,0,0,0
ruston police department,2013-07-01,louisiana,21969,LA03102,0,0,0,0,0,1,1,0,2,0,0,0,2,27,2,4,0,0,21,15,11,3,1,51,0,0,0,0,97,6,9,67,76,0,0,1,1,0,2,0,0,0,2,27,2,4,0,0,21,4,2,2,0,25,0,0,0,0,60,6,9,30,39,0,0,0,0,0,0,0,0,0,0,2,0,1,0,0,1,0,0,0,0,2,0,0,0,0,4,1,1,2,3,0,0,0,0,0,0,0,0,0,0,0,0,0,0,0,0,0,0,0,0,0,0,0,0,0,0,0,0,0,0,0,0,0,0,0,0,0,0,0,1,1,0,1,0,0,0,0,0,0,0,0,0,1,1,0,1,0,0,0,0,0,0,0,0,0,0,0,0,0,0,0,0,0,0,0,0,0,0,0,0,0,0
ruston police department,2013-06-01,louisiana,21969,LA03102,0,0,0,0,0,0,0,0,2,2,0,0,0,29,1,1,4,0,23,15,13,1,1,44,0,0,0,0,91,6,8,60,68,0,0,0,0,0,0,0,0,0,0,29,1,1,4,0,23,2,2,0,0,20,0,0,0,0,52,6,6,23,29,0,0,0,0,0,0,0,0,0,0,3,0,0,1,0,2,0,0,0,0,1,0,0,0,0,4,1,1,1,2,0,0,0,0,0,0,0,0,0,0,0,0,0,0,0,0,0,0,0,0,0,0,0,0,0,0,0,0,0,0,0,1,0,0,0,0,0,1,0,0,0,0,1,0,1,0,0,0,0,0,1,0,0,0,0,1,0,0,0,0,0,0,0,0,0,0,0,0,0,0,0,0,0,0,0,0,0,0,0,0,0,0
ruston police department,2013-05-01,louisiana,21969,LA03102,0,0,1,1,0,0,0,0,1,1,0,0,0,28,3,0,1,1,23,39,34,5,0,43,2,1,1,0,114,5,7,84,91,1,0,0,0,0,1,1,0,0,0,28,3,0,1,1,23,14,13,1,0,16,1,0,1,0,61,5,7,31,38,0,0,0,0,0,0,0,0,0,0,3,0,0,0,0,3,0,0,0,0,2,0,0,0,0,5,0,0,2,2,0,0,0,0,0,0,0,0,0,0,0,0,0,0,0,0,0,0,0,0,0,0,0,0,0,0,0,0,0,0,0,0,0,0,0,0,0,0,0,0,0,0,0,0,0,0,0,0,0,0,0,0,0,0,0,0,0,0,0,0,0,0,0,0,0,0,0,0,0,0,0,0,0,0,0,0,0,0,0,0,0,0
ruston police department,2013-04-01,louisiana,21969,LA03102,0,0,0,0,0,0,0,0,2,1,0,0,1,32,1,1,2,1,27,17,14,3,0,40,3,0,2,1,94,5,7,60,67,0,0,0,0,0,0,0,0,0,0,32,1,1,2,1,27,4,3,1,0,22,1,0,1,0,59,5,5,27,32,0,0,0,0,0,0,0,0,0,0,1,0,0,0,0,1,0,0,0,0,1,0,0,0,0,2,0,0,1,1,0,0,0,0,0,0,0,0,0,0,0,0,0,0,0,0,0,0,0,0,0,0,0,0,0,0,0,0,0,0,0,0,0,0,0,0,0,0,0,0,0,0,0,0,0,0,0,0,0,0,0,0,0,0,0,0,0,0,0,0,0,0,0,0,0,0,0,0,0,0,0,0,0,0,0,0,0,0,0,0,0,0
ruston police department,2013-03-01,louisiana,21969,LA03102,0,0,0,0,0,0,0,0,4,1,1,0,2,32,1,1,6,1,23,18,16,1,1,54,0,0,0,0,108,9,13,72,85,0,0,0,0,0,1,0,1,0,0,29,1,1,4,1,22,2,2,0,0,15,0,0,0,0,47,7,8,17,25,0,0,0,0,0,0,0,0,0,0,2,0,0,0,0,2,0,0,0,0,3,0,0,0,0,5,0,0,3,3,0,0,0,0,0,0,0,0,0,0,0,0,0,0,0,0,0,0,0,0,0,0,0,0,0,0,0,0,0,0,0,0,0,0,0,0,0,0,0,0,0,0,0,0,0,0,0,0,0,0,0,0,0,0,0,0,0,0,0,0,0,0,0,0,0,0,0,0,0,0,0,0,0,0,0,0,0,0,0,0,0,0
ruston police department,2013-02-01,louisiana,21969,LA03102,0,0,1,0,0,0,0,0,1,1,0,0,0,30,3,2,0,0,25,7,4,2,1,49,0,0,0,0,87,5,6,56,62,0,0,0,0,0,0,0,0,0,0,30,3,2,0,0,25,3,2,0,1,20,0,0,0,0,53,5,5,23,28,0,0,0,0,0,0,0,0,0,0,5,0,0,0,0,5,0,0,0,0,3,0,0,0,0,8,0,0,3,3,0,0,0,0,0,0,0,0,0,0,0,0,0,0,0,0,0,0,0,0,0,0,0,0,0,0,0,0,0,0,0,0,0,0,0,0,0,0,0,0,0,0,0,0,0,0,0,0,0,0,0,0,0,0,0,0,0,0,0,0,0,0,0,0,0,0,0,0,0,0,0,0,0,0,0,0,0,0,0,0,0,0
ruston police department,2013-01-01,louisiana,21969,LA03102,0,0,0,0,0,1,1,0,0,0,0,0,0,29,2,3,2,0,22,14,10,2,2,42,1,1,0,0,87,7,8,57,65,0,0,1,1,0,0,0,0,0,0,28,2,3,1,0,22,3,1,1,1,17,0,0,0,0,49,6,7,20,27,0,0,0,0,0,0,0,0,0,0,5,0,0,1,0,4,0,0,0,0,1,0,0,0,0,6,1,1,1,2,0,0,0,0,0,0,0,0,0,0,0,0,0,0,0,0,0,0,0,0,0,0,0,0,0,0,0,0,0,0,0,0,0,0,0,0,0,0,0,0,0,0,0,0,0,0,0,0,0,0,0,0,0,0,0,0,0,0,0,0,0,0,0,0,0,0,0,0,0,0,0,0,0,0,0,0,0,0,0,0,0,0
ruston police department,2012-12-01,louisiana,22046,LA03102,0,0,1,0,0,1,1,0,2,2,0,0,0,29,1,3,1,1,23,22,18,4,0,48,3,1,1,1,105,6,9,73,82,0,0,1,1,0,0,0,0,0,0,28,1,3,1,1,22,2,1,1,0,16,0,0,0,0,47,6,7,18,25,0,0,0,0,0,0,0,0,0,0,3,0,2,0,0,1,0,0,0,0,0,0,0,0,0,3,2,2,0,2,0,0,0,0,0,0,0,0,0,0,0,0,0,0,0,0,0,0,0,0,0,0,0,0,0,0,0,0,0,0,0,0,0,0,0,0,0,0,0,0,0,0,0,0,0,0,0,0,0,0,0,0,0,0,0,0,0,0,0,0,0,0,0,0,0,0,0,0,0,0,0,0,0,0,0,0,0,0,0,0,0,0
ruston police department,2012-11-01,louisiana,22046,LA03102,0,0,1,0,0,0,0,0,2,1,0,0,1,25,1,2,0,0,22,26,19,7,0,46,1,1,0,0,100,3,5,73,78,0,0,0,0,0,1,0,0,0,1,25,1,2,0,0,22,7,5,2,0,12,1,1,0,0,46,3,4,20,24,0,0,0,0,0,0,0,0,0,0,1,0,0,0,0,1,0,0,0,0,0,0,0,0,0,1,0,0,0,0,0,0,0,0,0,0,0,0,0,0,0,0,0,0,0,0,0,0,0,0,0,0,0,0,0,0,0,0,0,0,0,0,0,0,0,0,0,0,0,0,0,0,0,0,0,0,0,0,0,0,0,0,0,0,0,0,0,0,0,0,0,0,0,0,0,0,0,0,0,0,0,0,0,0,0,0,0,0,0,0,0,0
ruston police department,2012-10-01,louisiana,22046,LA03102,0,0,0,0,0,0,0,0,3,1,0,0,2,31,0,0,0,1,30,9,5,4,0,47,1,1,0,0,91,1,4,57,61,0,0,0,0,0,1,1,0,0,0,31,0,0,0,1,30,5,3,2,0,15,0,0,0,0,52,1,2,20,22,0,0,0,0,0,0,0,0,0,0,7,0,0,0,0,7,0,0,0,0,2,0,0,0,0,9,0,0,2,2,0,0,0,0,0,0,0,0,0,0,0,0,0,0,0,0,0,0,0,0,0,0,0,0,0,0,0,0,0,0,0,0,0,0,0,0,0,0,0,0,0,0,0,0,0,0,0,0,0,0,0,0,0,0,0,0,0,0,0,0,0,0,0,0,0,0,0,0,0,0,0,0,0,0,0,0,0,0,0,0,0,0
ruston police department,2012-09-01,louisiana,22046,LA03102,0,0,0,0,0,0,0,0,0,0,0,0,0,43,2,4,3,0,34,21,17,4,0,68,3,3,0,0,135,9,9,92,101,0,0,0,0,0,0,0,0,0,0,42,2,4,2,0,34,10,8,2,0,24,2,2,0,0,78,8,8,36,44,0,0,0,0,0,0,0,0,0,0,12,0,0,0,0,12,0,0,0,0,0,1,1,0,0,13,0,0,1,1,0,0,0,0,0,0,0,0,0,0,0,0,0,0,0,0,0,0,0,0,0,0,0,0,0,0,0,0,0,0,0,0,0,0,0,0,0,0,0,0,0,0,0,0,0,0,0,0,0,0,0,0,0,0,0,0,0,0,0,0,0,0,0,0,0,0,0,0,0,0,0,0,0,0,0,0,0,0,0,0,0,0
ruston police department,2012-08-01,louisiana,22046,LA03102,0,0,1,0,0,0,0,0,2,2,0,0,0,42,2,2,4,0,34,15,8,7,0,53,0,0,0,0,112,8,10,68,78,0,0,0,0,0,3,3,0,0,0,42,2,2,4,0,34,5,5,0,0,26,0,0,0,0,76,8,11,31,42,0,0,0,0,0,0,0,0,0,0,3,0,0,0,0,3,0,0,0,0,4,0,0,0,0,7,0,0,4,4,0,0,0,0,0,0,0,0,0,0,0,0,0,0,0,0,0,0,0,0,0,0,0,0,0,0,0,0,0,0,0,0,0,0,0,0,0,0,0,0,0,0,0,0,0,0,0,0,0,0,0,0,0,0,0,0,0,0,0,0,0,0,0,0,0,0,0,0,0,0,0,0,0,0,0,0,0,0,0,0,0,0
ruston police department,2012-07-01,louisiana,22046,LA03102,0,0,0,0,0,0,0,0,4,1,1,1,1,35,1,4,4,1,25,16,12,4,0,63,2,1,0,1,120,10,14,81,95,0,0,0,0,0,1,0,1,0,0,34,1,4,4,1,24,3,2,1,0,23,2,1,0,1,63,10,11,28,39,0,0,0,0,0,0,0,0,0,0,1,0,0,0,0,1,0,0,0,0,4,0,0,0,0,5,0,0,4,4,0,0,0,0,0,0,0,0,0,0,0,0,0,0,0,0,0,0,0,0,0,0,0,0,0,0,0,0,0,0,0,0,0,0,0,0,0,0,0,0,0,0,0,0,0,0,0,0,0,0,0,0,0,0,0,0,0,0,0,0,0,0,0,0,0,0,0,0,0,0,0,0,0,0,0,0,0,0,0,0,0,0
ruston police department,2012-06-01,louisiana,22046,LA03102,0,0,1,1,0,2,2,0,1,1,0,0,0,38,3,1,2,0,32,19,16,2,1,45,0,0,0,0,106,6,10,64,74,1,0,2,2,0,0,0,0,0,0,37,2,1,2,0,32,6,4,2,0,24,0,0,0,0,70,5,8,30,38,0,0,0,0,0,0,0,0,0,0,1,0,0,0,0,1,1,1,0,0,1,0,0,0,0,3,0,0,2,2,0,0,0,0,0,0,0,0,0,0,0,0,0,0,0,0,0,0,0,0,0,0,0,0,0,0,0,0,0,0,0,0,0,0,0,0,0,0,0,0,0,0,0,0,0,0,0,0,0,0,0,0,0,0,0,0,0,0,0,0,0,0,0,0,0,0,0,0,0,0,0,0,0,0,0,0,0,0,0,0,0,0
ruston police department,2012-05-01,louisiana,22046,LA03102,0,0,0,0,0,0,0,0,2,0,1,0,1,41,2,4,3,0,32,17,11,5,1,59,1,1,0,0,120,9,11,77,88,0,0,0,0,0,1,0,0,0,1,40,2,4,3,0,31,1,1,0,0,24,1,1,0,0,67,9,10,26,36,0,0,0,0,0,0,0,0,0,0,4,0,1,0,0,3,0,0,0,0,1,0,0,0,0,5,1,1,1,2,0,0,0,0,0,0,0,0,0,0,0,0,0,0,0,0,0,0,0,0,0,0,0,0,0,0,0,0,0,0,0,0,0,0,0,0,0,0,0,0,0,0,0,0,0,0,0,0,0,0,0,0,0,0,0,0,0,0,0,0,0,0,0,0,0,0,0,0,0,0,0,0,0,0,0,0,0,0,0,0,0,0
ruston police department,2012-04-01,louisiana,22046,LA03102,0,0,0,1,0,0,0,0,1,1,0,0,0,36,1,1,3,0,31,19,16,3,0,76,0,0,0,0,133,5,7,95,102,1,0,0,0,0,1,1,0,0,0,36,1,1,3,0,31,1,1,0,0,53,0,0,0,0,92,5,7,54,61,0,0,0,0,0,0,0,0,0,0,6,0,0,0,0,6,1,1,0,0,22,0,0,0,0,29,0,0,23,23,0,0,0,0,0,0,0,0,0,0,0,0,0,0,0,0,0,0,0,0,0,0,0,0,0,0,0,0,0,0,0,0,0,0,0,0,0,0,0,0,0,0,0,0,0,0,0,0,0,0,0,0,0,0,0,0,0,0,0,0,0,0,0,0,0,0,0,0,0,0,0,0,0,0,0,0,0,0,0,0,0,0
ruston police department,2012-03-01,louisiana,22046,LA03102,0,0,1,0,0,0,0,0,2,2,0,0,0,35,0,0,2,1,32,10,8,1,1,59,1,1,0,0,107,3,5,70,75,0,0,0,0,0,5,5,0,0,0,34,0,0,2,1,31,1,1,0,0,24,0,0,0,0,64,3,8,25,33,0,0,0,0,0,0,0,0,0,0,6,0,0,2,0,4,0,0,0,0,2,0,0,0,0,8,2,2,2,4,0,0,0,0,0,0,0,0,0,0,0,0,0,0,0,0,0,0,0,0,0,0,0,0,0,0,0,0,0,0,0,0,0,0,0,0,0,0,0,0,0,0,0,0,0,0,0,0,0,0,0,0,0,0,0,0,0,0,0,0,0,0,0,0,0,0,0,0,0,0,0,0,0,0,0,0,0,0,0,0,0,0
ruston police department,2012-02-01,louisiana,22046,LA03102,0,0,0,0,0,2,2,0,3,2,0,0,1,27,2,2,2,0,21,12,3,9,0,37,3,3,0,0,84,6,11,52,63,0,0,2,2,0,2,1,0,0,1,27,2,2,2,0,21,1,0,1,0,13,2,2,0,0,47,6,10,16,26,0,0,0,0,0,0,0,0,0,0,6,0,1,0,0,5,0,0,0,0,1,0,0,0,0,7,1,1,1,2,0,0,0,0,0,0,0,0,0,0,0,0,0,0,0,0,0,0,0,0,0,0,0,0,0,0,0,0,0,0,0,0,0,0,0,0,0,0,0,0,0,0,0,0,0,0,0,0,0,0,0,0,0,0,0,0,0,0,0,0,0,0,0,0,0,0,0,0,0,0,0,0,0,0,0,0,0,0,0,0,0,0
ruston police department,2012-01-01,louisiana,22046,LA03102,0,0,1,0,0,0,0,0,4,1,0,2,1,33,1,2,3,1,26,14,9,5,0,53,0,0,0,0,104,7,11,67,78,0,0,0,0,0,1,0,0,1,0,33,1,2,3,1,26,4,1,3,0,14,0,0,0,0,52,7,8,18,26,0,0,0,0,0,0,0,0,0,0,9,0,0,0,1,8,0,0,0,0,4,0,0,0,0,13,1,1,4,5,0,0,0,0,0,0,0,0,0,0,0,0,0,0,0,0,0,0,0,0,0,0,0,0,0,0,0,0,0,0,0,0,0,0,0,0,0,0,0,0,0,0,0,0,0,0,0,0,0,0,0,0,0,0,0,0,0,0,0,0,0,0,0,0,0,0,0,0,0,0,0,0,0,0,0,0,0,0,0,0,0,0
ruston police department,2011-12-01,louisiana,,LA03102,,,,,,,,,,,,,,,,,,,,,,,,,,,,,,,,,,,,,,,,,,,,,,,,,,,,,,,,,,,,,,,,,,,,,,,,,,,,,,,,,,,,,,,,,,,,,,,,,,,,,,,,,,,,,,,,,,,,,,,,,,,,,,,,,,,,,,,,,,,,,,,,,,,,,,,,,,,,,,,,,,,,,,,,,,,,,,,
ruston police department,2011-11-01,louisiana,,LA03102,,,,,,,,,,,,,,,,,,,,,,,,,,,,,,,,,,,,,,,,,,,,,,,,,,,,,,,,,,,,,,,,,,,,,,,,,,,,,,,,,,,,,,,,,,,,,,,,,,,,,,,,,,,,,,,,,,,,,,,,,,,,,,,,,,,,,,,,,,,,,,,,,,,,,,,,,,,,,,,,,,,,,,,,,,,,,,,
ruston police department,2011-10-01,louisiana,,LA03102,,,,,,,,,,,,,,,,,,,,,,,,,,,,,,,,,,,,,,,,,,,,,,,,,,,,,,,,,,,,,,,,,,,,,,,,,,,,,,,,,,,,,,,,,,,,,,,,,,,,,,,,,,,,,,,,,,,,,,,,,,,,,,,,,,,,,,,,,,,,,,,,,,,,,,,,,,,,,,,,,,,,,,,,,,,,,,,
ruston police department,2011-09-01,louisiana,,LA03102,,,,,,,,,,,,,,,,,,,,,,,,,,,,,,,,,,,,,,,,,,,,,,,,,,,,,,,,,,,,,,,,,,,,,,,,,,,,,,,,,,,,,,,,,,,,,,,,,,,,,,,,,,,,,,,,,,,,,,,,,,,,,,,,,,,,,,,,,,,,,,,,,,,,,,,,,,,,,,,,,,,,,,,,,,,,,,,
ruston police department,2011-08-01,louisiana,,LA03102,,,,,,,,,,,,,,,,,,,,,,,,,,,,,,,,,,,,,,,,,,,,,,,,,,,,,,,,,,,,,,,,,,,,,,,,,,,,,,,,,,,,,,,,,,,,,,,,,,,,,,,,,,,,,,,,,,,,,,,,,,,,,,,,,,,,,,,,,,,,,,,,,,,,,,,,,,,,,,,,,,,,,,,,,,,,,,,
ruston police department,2011-07-01,louisiana,,LA03102,,,,,,,,,,,,,,,,,,,,,,,,,,,,,,,,,,,,,,,,,,,,,,,,,,,,,,,,,,,,,,,,,,,,,,,,,,,,,,,,,,,,,,,,,,,,,,,,,,,,,,,,,,,,,,,,,,,,,,,,,,,,,,,,,,,,,,,,,,,,,,,,,,,,,,,,,,,,,,,,,,,,,,,,,,,,,,,
ruston police department,2011-06-01,louisiana,,LA03102,,,,,,,,,,,,,,,,,,,,,,,,,,,,,,,,,,,,,,,,,,,,,,,,,,,,,,,,,,,,,,,,,,,,,,,,,,,,,,,,,,,,,,,,,,,,,,,,,,,,,,,,,,,,,,,,,,,,,,,,,,,,,,,,,,,,,,,,,,,,,,,,,,,,,,,,,,,,,,,,,,,,,,,,,,,,,,,
ruston police department,2011-05-01,louisiana,,LA03102,,,,,,,,,,,,,,,,,,,,,,,,,,,,,,,,,,,,,,,,,,,,,,,,,,,,,,,,,,,,,,,,,,,,,,,,,,,,,,,,,,,,,,,,,,,,,,,,,,,,,,,,,,,,,,,,,,,,,,,,,,,,,,,,,,,,,,,,,,,,,,,,,,,,,,,,,,,,,,,,,,,,,,,,,,,,,,,
ruston police department,2011-04-01,louisiana,,LA03102,,,,,,,,,,,,,,,,,,,,,,,,,,,,,,,,,,,,,,,,,,,,,,,,,,,,,,,,,,,,,,,,,,,,,,,,,,,,,,,,,,,,,,,,,,,,,,,,,,,,,,,,,,,,,,,,,,,,,,,,,,,,,,,,,,,,,,,,,,,,,,,,,,,,,,,,,,,,,,,,,,,,,,,,,,,,,,,
ruston police department,2011-03-01,louisiana,,LA03102,,,,,,,,,,,,,,,,,,,,,,,,,,,,,,,,,,,,,,,,,,,,,,,,,,,,,,,,,,,,,,,,,,,,,,,,,,,,,,,,,,,,,,,,,,,,,,,,,,,,,,,,,,,,,,,,,,,,,,,,,,,,,,,,,,,,,,,,,,,,,,,,,,,,,,,,,,,,,,,,,,,,,,,,,,,,,,,
ruston police department,2011-02-01,louisiana,,LA03102,,,,,,,,,,,,,,,,,,,,,,,,,,,,,,,,,,,,,,,,,,,,,,,,,,,,,,,,,,,,,,,,,,,,,,,,,,,,,,,,,,,,,,,,,,,,,,,,,,,,,,,,,,,,,,,,,,,,,,,,,,,,,,,,,,,,,,,,,,,,,,,,,,,,,,,,,,,,,,,,,,,,,,,,,,,,,,,
ruston police department,2011-01-01,louisiana,,LA03102,,,,,,,,,,,,,,,,,,,,,,,,,,,,,,,,,,,,,,,,,,,,,,,,,,,,,,,,,,,,,,,,,,,,,,,,,,,,,,,,,,,,,,,,,,,,,,,,,,,,,,,,,,,,,,,,,,,,,,,,,,,,,,,,,,,,,,,,,,,,,,,,,,,,,,,,,,,,,,,,,,,,,,,,,,,,,,,
ruston police department,2010-12-01,louisiana,21859,LA03102,0,0,1,0,0,0,0,0,2,1,0,0,1,39,2,4,2,0,31,25,17,8,0,54,0,0,0,0,120,8,10,79,89,0,0,0,0,0,0,0,0,0,0,38,2,4,2,0,30,2,2,0,0,21,0,0,0,0,61,8,8,23,31,0,0,0,0,0,0,0,0,0,0,7,0,1,0,0,6,0,0,0,0,2,0,0,0,0,9,1,1,2,3,0,0,0,0,0,0,0,0,0,0,0,0,0,0,0,0,0,0,0,0,0,0,0,0,0,0,0,0,0,0,0,0,0,0,0,0,0,0,0,0,0,0,0,0,0,0,0,0,0,0,0,0,0,0,0,0,0,0,0,0,0,0,0,0,0,0,0,0,0,0,0,0,0,0,0,0,0,0,0,0,0,0
ruston police department,2010-11-01,louisiana,21859,LA03102,0,0,0,0,0,1,1,0,2,1,1,0,0,47,2,5,1,0,39,30,23,6,1,43,4,3,1,0,127,8,11,77,88,0,0,0,0,0,1,0,1,0,0,45,1,5,1,0,38,0,0,0,0,18,1,1,0,0,65,7,8,19,27,0,0,0,0,0,0,0,0,0,0,11,0,1,0,0,10,0,0,0,0,1,0,0,0,0,12,1,1,1,2,0,0,0,0,0,0,0,0,0,0,0,0,0,0,0,0,0,0,0,0,0,0,0,0,0,0,0,0,0,0,0,0,0,0,0,0,0,0,0,0,0,0,0,0,0,0,0,0,0,0,0,0,0,0,0,0,0,0,0,0,0,0,0,0,0,0,0,0,0,0,0,0,0,0,0,0,0,0,0,0,0,0
ruston police department,2010-10-01,louisiana,21859,LA03102,0,0,1,0,0,2,2,0,1,1,0,0,0,30,1,4,1,0,24,18,15,3,0,56,1,1,0,0,108,6,9,75,84,0,0,2,2,0,0,0,0,0,0,29,1,4,1,0,23,2,1,1,0,28,0,0,0,0,61,6,8,30,38,0,0,0,0,0,0,0,0,0,0,5,0,1,0,0,4,0,0,0,0,3,0,0,0,0,8,1,1,3,4,0,0,0,0,0,0,0,0,0,0,0,0,0,0,0,0,0,0,0,0,0,0,0,0,0,0,0,0,0,0,0,0,0,0,0,0,0,0,0,0,0,0,0,0,0,0,0,0,0,0,0,0,0,0,0,0,0,0,0,0,0,0,0,0,0,0,0,0,0,0,0,0,0,0,0,0,0,0,0,0,0,0
ruston police department,2010-09-01,louisiana,21859,LA03102,0,0,3,0,0,0,0,0,2,2,0,0,0,54,3,4,5,1,41,39,28,6,5,63,1,1,0,0,159,13,15,103,118,0,0,0,0,0,0,0,0,0,0,47,2,3,5,1,36,4,2,0,2,23,0,0,0,0,74,11,11,27,38,0,0,0,0,0,0,0,0,0,0,13,0,0,2,1,10,0,0,0,0,1,0,0,0,0,14,3,3,1,4,0,0,0,0,0,0,0,0,0,0,0,0,0,0,0,0,0,0,0,0,0,0,0,0,0,0,0,0,0,0,0,0,0,0,0,0,0,0,0,0,0,0,0,0,0,0,0,0,0,0,0,0,0,0,0,0,0,0,0,0,0,0,0,0,0,0,0,0,0,0,0,0,0,0,0,0,0,0,0,0,0,0
ruston police department,2010-08-01,louisiana,21859,LA03102,0,0,0,0,0,0,0,0,0,0,0,0,0,28,0,2,1,2,23,30,20,8,2,64,5,4,0,1,127,5,5,99,104,0,0,0,0,0,0,0,0,0,0,27,0,2,1,2,22,2,1,1,0,13,1,1,0,0,43,5,5,16,21,0,0,0,0,0,0,0,0,0,0,4,0,0,0,0,4,1,1,0,0,2,1,1,0,0,8,0,0,4,4,0,0,0,0,0,0,0,0,0,0,0,0,0,0,0,0,0,0,0,0,0,0,0,0,0,0,0,0,0,0,0,0,0,0,0,0,0,0,0,0,0,0,0,0,0,0,0,0,0,0,0,0,0,0,0,0,0,0,0,0,0,0,0,0,0,0,0,0,0,0,0,0,0,0,0,0,0,0,0,0,0,0
ruston police department,2010-07-01,louisiana,21859,LA03102,0,0,0,0,0,0,0,0,1,0,0,0,1,45,3,2,5,1,34,30,22,5,3,45,3,1,2,0,124,11,12,78,90,0,0,0,0,0,0,0,0,0,0,40,1,2,4,0,33,3,3,0,0,7,1,0,1,0,51,7,7,11,18,0,0,0,0,0,0,0,0,0,0,8,0,0,1,0,7,0,0,0,0,0,0,0,0,0,8,1,1,0,1,0,0,0,0,0,0,0,0,0,0,0,0,0,0,0,0,0,0,0,0,0,0,0,0,0,0,0,0,0,0,0,0,0,0,0,0,0,0,0,0,0,0,0,0,0,0,0,0,0,0,0,0,0,0,0,0,0,0,0,0,0,0,0,0,0,0,0,0,0,0,0,0,0,0,0,0,0,0,0,0,0,0
ruston police department,2010-06-01,louisiana,21859,LA03102,0,0,1,0,0,0,0,0,3,1,0,0,2,38,5,2,2,1,28,27,23,2,2,65,2,1,0,1,135,10,13,94,107,0,0,0,0,0,1,1,0,0,0,36,4,2,2,1,27,17,17,0,0,8,0,0,0,0,62,9,10,25,35,0,0,0,0,0,0,0,0,0,0,5,0,0,0,0,5,5,5,0,0,2,0,0,0,0,12,0,0,7,7,0,0,0,0,0,0,0,0,0,0,0,0,0,0,0,0,0,0,0,0,0,0,0,0,0,0,0,0,0,0,0,0,0,0,0,0,0,0,0,0,0,0,0,0,0,0,0,0,0,0,0,0,0,0,0,0,0,0,0,0,0,0,0,0,0,0,0,0,0,0,0,0,0,0,0,0,0,0,0,0,0,0
ruston police department,2010-05-01,louisiana,21859,LA03102,0,0,1,0,1,1,1,0,1,1,0,0,0,38,2,3,2,0,31,25,16,7,2,61,1,1,0,0,129,7,9,88,97,0,1,1,1,0,0,0,0,0,0,35,1,2,2,0,30,0,0,0,0,16,0,0,0,0,53,5,6,16,22,0,0,0,0,0,0,0,0,0,0,6,0,0,0,0,6,0,0,0,0,2,0,0,0,0,8,0,0,2,2,0,0,0,0,0,0,0,0,0,0,0,0,0,0,0,0,0,0,0,0,0,0,0,0,0,0,0,0,0,0,0,1,0,0,0,0,0,1,0,0,0,0,1,0,0,0,0,0,0,0,0,0,0,0,0,0,0,0,0,0,0,0,0,0,0,0,0,0,0,0,0,0,0,0,0,0,0,0,0,0,0,0
ruston police department,2010-04-01,louisiana,21859,LA03102,0,0,0,0,0,0,0,0,2,1,0,0,1,40,5,1,2,0,32,45,34,5,6,53,1,0,0,1,141,8,10,99,109,0,0,0,0,0,0,0,0,0,0,38,4,1,2,0,31,3,2,1,0,20,0,0,0,0,61,7,7,23,30,0,0,0,0,0,0,0,0,0,0,7,0,0,0,0,7,0,0,0,0,1,0,0,0,0,8,0,0,1,1,0,0,1,1,0,0,0,0,0,0,0,0,0,0,0,0,0,0,0,0,0,0,0,0,0,1,0,1,0,1,0,0,0,0,0,0,0,0,0,0,0,0,0,0,0,0,0,0,0,0,0,0,0,0,0,0,0,0,0,0,0,0,0,0,0,0,0,0,0,0,0,0,0,0,0,0,0,0,0,0,0,0
ruston police department,2010-03-01,louisiana,21859,LA03102,0,0,4,0,0,1,1,0,3,2,0,0,1,32,1,0,1,0,30,45,30,11,4,42,4,3,1,0,127,2,6,91,97,0,0,1,1,0,2,1,0,0,1,28,0,0,1,0,27,4,3,0,1,8,3,2,1,0,46,1,4,15,19,0,0,0,0,0,0,0,0,0,0,2,0,0,0,0,2,0,0,0,0,1,0,0,0,0,3,0,0,1,1,0,0,0,0,0,0,0,0,0,0,1,0,0,0,0,1,0,0,0,0,0,0,0,0,0,1,0,0,0,0,0,0,0,0,0,0,0,0,0,0,0,0,0,0,0,0,0,0,0,0,0,0,0,0,0,0,0,0,0,0,0,0,0,0,0,0,0,0,0,0,0,0,0,0,0,0,0,0,0,0,0,0
ruston police department,2010-02-01,louisiana,21859,LA03102,0,0,2,0,0,0,0,0,1,0,0,0,1,41,0,1,1,0,39,17,13,2,2,35,2,2,0,0,96,2,3,54,57,0,0,0,0,0,0,0,0,0,0,39,0,1,1,0,37,1,0,1,0,11,1,1,0,0,52,2,2,13,15,0,0,0,0,0,0,0,0,0,0,5,0,0,0,0,5,0,0,0,0,0,0,0,0,0,5,0,0,0,0,0,0,0,0,0,0,0,0,0,0,0,0,0,0,0,0,1,0,0,1,0,0,0,0,0,1,0,0,1,1,0,0,0,0,0,0,0,0,0,0,0,0,0,0,0,0,0,0,0,0,0,0,0,0,0,0,0,0,0,0,0,0,0,0,0,0,0,0,0,0,0,0,0,0,0,0,0,0,0,0,0,0
ruston police department,2010-01-01,louisiana,21859,LA03102,0,0,0,0,0,2,1,1,2,1,0,0,1,37,2,1,1,0,33,37,29,8,0,39,1,1,0,0,118,4,8,77,85,0,0,0,0,0,0,0,0,0,0,36,2,1,1,0,32,0,0,0,0,16,0,0,0,0,52,4,4,16,20,0,0,0,0,0,0,0,0,0,0,5,0,0,0,0,5,0,0,0,0,0,0,0,0,0,5,0,0,0,0,0,0,0,0,0,0,0,0,0,0,0,0,0,0,0,0,0,0,0,0,0,0,0,0,0,0,0,0,0,0,0,0,0,0,0,0,0,0,0,0,0,0,0,0,0,0,0,0,0,0,0,0,0,0,0,0,0,0,0,0,0,0,0,0,0,0,0,0,0,0,0,0,0,0,0,0,0,0,0,0,0,0
ruston police department,2009-12-01,louisiana,21181,LA03102,0,0,0,0,0,2,2,0,0,0,0,0,0,32,4,2,0,2,24,45,39,4,2,55,0,0,0,0,134,8,10,100,110,0,0,2,2,0,0,0,0,0,0,31,4,2,0,2,23,2,2,0,0,19,0,0,0,0,54,8,10,21,31,0,0,0,0,0,0,0,0,0,0,4,0,0,0,0,4,1,1,0,0,2,0,0,0,0,7,0,0,3,3,0,0,0,0,0,0,0,0,0,0,0,0,0,0,0,0,1,1,0,0,0,0,0,0,0,1,0,0,1,1,0,0,0,0,0,0,0,0,0,0,0,0,0,0,0,0,0,0,0,0,0,0,0,0,0,0,0,0,0,0,0,0,0,0,0,0,0,0,0,0,0,0,0,0,0,0,0,0,0,0,0,0
ruston police department,2009-11-01,louisiana,21181,LA03102,0,0,0,0,0,0,0,0,0,0,0,0,0,38,2,3,3,1,29,27,19,2,6,67,1,1,0,0,133,9,9,95,104,0,0,0,0,0,0,0,0,0,0,36,1,3,3,1,28,0,0,0,0,15,0,0,0,0,51,8,8,15,23,0,0,0,0,0,0,0,0,0,0,3,0,0,0,0,3,0,0,0,0,8,0,0,0,0,11,0,0,8,8,0,0,0,0,0,0,0,0,0,0,1,0,1,0,0,0,0,0,0,0,0,0,0,0,0,1,1,1,0,1,0,0,0,0,0,0,0,0,0,0,0,0,0,0,0,0,0,0,0,0,0,0,0,0,0,0,0,0,0,0,0,0,0,0,0,0,0,0,0,0,0,0,0,0,0,0,0,0,0,0,0,0
ruston police department,2009-10-01,louisiana,21181,LA03102,0,0,2,0,0,1,1,0,1,1,0,0,0,37,0,3,0,1,33,23,20,1,2,82,3,1,1,1,148,4,6,109,115,0,0,0,0,0,0,0,0,0,0,37,0,3,0,1,33,0,0,0,0,28,0,0,0,0,65,4,4,28,32,0,0,0,0,0,0,0,0,0,0,3,0,0,0,0,3,0,0,0,0,5,0,0,0,0,8,0,0,5,5,0,0,0,0,0,0,0,0,0,0,1,0,0,0,0,1,0,0,0,0,0,0,0,0,0,1,0,0,0,0,0,0,0,0,0,0,0,0,1,0,1,0,1,0,0,0,0,0,0,0,0,0,0,0,0,0,0,0,0,0,0,0,0,0,0,0,0,0,0,0,0,0,0,0,0,0,0,0,0,0,0,0
ruston police department,2009-09-01,louisiana,21181,LA03102,0,0,0,0,0,0,0,0,2,0,0,1,1,58,4,1,2,0,51,33,29,0,4,56,2,2,0,0,151,7,9,91,100,0,0,0,0,0,1,0,0,0,1,58,4,1,2,0,51,5,5,0,0,12,1,1,0,0,77,7,8,18,26,0,0,0,0,0,0,0,0,0,0,10,0,0,0,0,10,1,1,0,0,1,0,0,0,0,12,0,0,2,2,0,0,0,0,0,0,0,0,0,0,0,0,0,0,0,0,0,0,0,0,0,0,0,0,0,0,0,0,0,0,0,0,0,0,0,0,0,0,0,0,0,0,0,0,0,0,0,0,0,0,0,0,0,0,0,0,0,0,0,0,0,0,0,0,0,0,0,0,0,0,0,0,0,0,0,0,0,0,0,0,0,0
ruston police department,2009-08-01,louisiana,21181,LA03102,0,0,0,0,0,0,0,0,2,2,0,0,0,30,2,2,1,0,25,38,33,2,3,51,0,0,0,0,121,5,7,89,96,0,0,0,0,0,1,1,0,0,0,30,2,2,1,0,25,2,1,0,1,23,0,0,0,0,56,5,6,25,31,0,0,0,0,0,0,0,0,0,0,6,0,0,1,0,5,1,1,0,0,3,0,0,0,0,10,1,1,4,5,0,0,0,0,0,0,0,0,0,0,0,0,0,0,0,0,0,0,0,0,1,0,0,0,0,1,0,0,1,1,0,0,0,0,0,0,0,0,0,0,0,0,0,0,0,0,0,0,0,0,0,0,0,0,0,0,0,0,0,0,0,0,0,0,0,0,0,0,0,0,0,0,0,0,0,0,0,0,0,0,0,0
ruston police department,2009-07-01,louisiana,21181,LA03102,0,0,2,0,0,0,0,0,6,3,0,0,3,44,1,2,2,0,39,27,24,1,2,59,0,0,0,0,136,5,11,86,97,0,0,0,0,0,1,0,0,0,1,44,1,2,2,0,39,6,6,0,0,8,0,0,0,0,59,5,6,14,20,0,0,0,0,0,0,0,0,0,0,2,0,0,0,0,2,0,0,0,0,1,0,0,0,0,3,0,0,1,1,0,0,0,0,0,0,0,0,0,0,0,0,0,0,0,0,0,0,0,0,1,0,0,0,0,1,0,0,1,1,0,0,0,0,0,0,0,0,0,0,0,0,0,0,0,0,0,0,0,0,0,0,0,0,0,0,0,0,0,0,0,0,0,0,0,0,0,0,0,0,0,0,0,0,0,0,0,0,0,0,0,0
ruston police department,2009-06-01,louisiana,21181,LA03102,0,0,0,0,0,1,0,1,1,0,0,0,1,47,0,0,5,1,41,22,14,4,4,58,3,3,0,0,132,6,8,83,91,0,0,0,0,0,1,0,0,0,1,45,0,0,4,1,40,6,5,1,0,10,0,0,0,0,62,5,6,16,22,0,0,0,0,0,0,0,0,0,0,7,0,0,1,0,6,1,0,1,0,4,0,0,0,0,12,1,1,5,6,0,0,0,0,0,0,0,0,0,0,0,0,0,0,0,0,0,0,0,0,0,0,0,0,0,0,0,0,0,0,0,0,0,0,0,0,0,0,0,0,0,0,0,0,0,0,0,0,0,0,0,0,0,0,0,0,0,0,0,0,0,0,0,0,0,0,0,0,0,0,0,0,0,0,0,0,0,0,0,0,0,0
ruston police department,2009-05-01,louisiana,21181,LA03102,0,0,0,1,0,0,0,0,0,0,0,0,0,50,3,2,4,0,41,29,13,10,6,56,1,1,0,0,137,9,10,86,96,0,0,0,0,0,0,0,0,0,0,50,3,2,4,0,41,3,2,1,0,21,0,0,0,0,74,9,9,24,33,0,0,0,0,0,0,0,0,0,0,8,0,0,0,0,8,0,0,0,0,1,0,0,0,0,9,0,0,1,1,0,0,0,0,0,0,0,0,0,0,1,0,0,0,0,1,0,0,0,0,1,0,0,0,0,2,0,0,1,1,0,0,0,0,0,0,0,0,0,0,0,0,0,0,0,0,0,0,0,0,0,0,0,0,0,0,0,0,0,0,0,0,0,0,0,0,0,0,0,0,0,0,0,0,0,0,0,0,0,0,0,0
ruston police department,2009-04-01,louisiana,21181,LA03102,0,0,0,0,0,2,2,0,2,1,0,0,1,39,1,3,2,0,33,31,25,2,4,43,3,2,0,1,120,6,10,77,87,0,0,0,0,0,0,0,0,0,0,36,1,2,2,0,31,3,3,0,0,12,2,2,0,0,53,5,5,17,22,0,0,0,0,0,0,0,0,0,0,6,0,0,2,0,4,0,0,0,0,4,0,0,0,0,10,2,2,4,6,0,0,0,0,0,0,0,0,0,0,1,0,0,1,0,0,0,0,0,0,0,0,0,0,0,1,1,1,0,1,0,0,0,0,0,0,0,0,0,0,0,0,0,0,0,0,0,0,0,0,0,0,0,0,0,0,0,0,0,0,0,0,0,0,0,0,0,0,0,0,0,0,0,0,0,0,0,0,0,0,0,0
ruston police department,2009-03-01,louisiana,21181,LA03102,0,0,1,0,0,1,1,0,4,1,0,0,3,41,2,1,4,0,34,21,9,10,2,46,3,2,0,1,116,7,12,70,82,0,0,0,0,0,1,0,0,0,1,43,2,1,5,0,35,3,1,2,0,8,0,0,0,0,55,8,9,11,20,0,0,0,0,0,0,0,0,0,0,7,0,0,1,0,6,0,0,0,0,0,0,0,0,0,7,1,1,0,1,0,0,1,1,0,0,0,0,0,0,0,0,0,0,0,0,0,0,0,0,0,0,0,0,0,1,0,1,0,1,0,0,0,0,0,0,0,0,0,0,0,0,0,0,0,0,0,0,0,0,0,0,0,0,0,0,0,0,0,0,0,0,0,0,0,0,0,0,0,0,0,0,0,0,0,0,0,0,0,0,0,0
ruston police department,2009-02-01,louisiana,21181,LA03102,0,0,5,0,0,0,0,0,0,0,0,0,0,46,2,0,3,0,41,11,4,6,1,45,0,0,0,0,102,5,5,56,61,0,0,0,0,0,0,0,0,0,0,45,2,0,3,0,40,3,1,2,0,18,0,0,0,0,66,5,5,21,26,0,0,0,0,0,0,0,0,0,0,18,0,0,2,0,16,0,0,0,0,1,0,0,0,0,19,2,2,1,3,0,0,0,0,0,0,0,0,0,0,1,1,0,0,0,0,0,0,0,0,0,0,0,0,0,1,1,1,0,1,0,0,0,0,0,0,0,0,0,0,0,0,0,0,0,0,0,0,0,0,0,0,0,0,0,0,0,0,0,0,0,0,0,0,0,0,0,0,0,0,0,0,0,0,0,0,0,0,0,0,0,0
ruston police department,2009-01-01,louisiana,21181,LA03102,0,0,0,0,0,0,0,0,3,3,0,0,0,52,4,0,3,0,45,18,11,6,1,70,5,4,1,0,148,7,10,93,103,0,0,0,0,0,0,0,0,0,0,53,3,0,3,0,47,1,0,1,0,17,3,3,0,0,74,6,6,21,27,0,0,0,0,0,0,0,0,0,0,16,1,0,0,0,15,0,0,0,0,1,0,0,0,0,17,1,1,1,2,0,0,0,0,0,1,1,0,0,0,0,0,0,0,0,0,0,0,0,0,0,0,0,0,0,1,0,1,0,1,0,0,0,0,0,0,0,0,0,0,0,0,0,0,0,0,0,0,0,0,0,0,0,0,0,0,0,0,0,0,0,0,0,0,0,0,0,0,0,0,0,0,0,0,0,0,0,0,0,0,0,0
ruston police department,2008-12-01,louisiana,21056,LA03102,0,0,1,1,0,0,0,0,5,3,0,1,1,35,1,1,2,0,31,38,31,4,3,65,4,2,2,0,148,4,10,107,117,0,0,0,0,0,0,0,0,0,0,33,1,1,2,0,29,7,7,0,0,14,2,1,1,0,56,4,4,23,27,0,0,0,0,0,0,0,0,0,0,4,0,0,0,0,4,0,0,0,0,0,0,0,0,0,4,0,0,0,0,0,0,0,0,0,0,0,0,0,0,1,0,0,0,0,1,0,0,0,0,0,0,0,0,0,1,0,0,0,0,0,0,0,0,0,0,0,0,0,0,0,0,0,0,0,0,0,0,0,0,0,0,0,0,0,0,0,0,0,0,0,0,0,0,0,0,0,0,0,0,0,0,0,0,0,0,0,0,0,0,0,0
ruston police department,2008-11-01,louisiana,21056,LA03102,0,0,0,0,0,3,3,0,2,1,0,0,1,38,3,2,3,0,30,33,28,1,4,80,1,1,0,0,157,8,13,114,127,0,0,1,1,0,1,0,0,0,1,34,1,2,2,0,29,5,5,0,0,8,0,0,0,0,49,5,7,13,20,0,0,0,0,0,0,0,0,0,0,4,0,0,0,0,4,0,0,0,0,2,0,0,0,0,6,0,0,2,2,0,0,0,0,0,0,0,0,0,0,2,0,0,1,0,1,0,0,0,0,1,0,0,0,0,3,1,1,1,2,0,0,0,0,0,0,0,0,0,0,0,0,0,0,0,0,0,0,0,0,0,0,0,0,0,0,0,0,0,0,0,0,0,0,0,0,0,0,0,0,0,0,0,0,0,0,0,0,0,0,0,0
ruston police department,2008-10-01,louisiana,21056,LA03102,0,0,3,0,0,0,0,0,6,5,0,0,1,38,0,3,1,1,33,20,15,4,1,72,4,3,0,1,140,5,11,96,107,0,0,0,0,0,1,0,0,0,1,35,0,3,1,0,31,3,2,1,0,22,2,2,0,0,63,4,5,27,32,0,0,0,0,0,1,0,0,0,1,7,0,0,0,0,7,0,0,0,0,8,1,1,0,0,17,0,1,9,10,0,0,0,0,0,0,0,0,0,0,2,0,0,0,0,2,0,0,0,0,0,0,0,0,0,2,0,0,0,0,0,0,0,0,0,0,0,0,0,0,0,0,0,0,0,0,0,0,0,0,0,0,0,0,0,0,0,0,0,0,0,0,0,0,0,0,0,0,0,0,0,0,0,0,0,0,0,0,0,0,0,0
ruston police department,2008-09-01,louisiana,21056,LA03102,0,0,3,0,0,1,1,0,0,0,0,0,0,63,0,4,4,1,54,20,14,3,3,57,5,1,2,2,146,9,10,82,92,0,0,1,1,0,0,0,0,0,0,40,0,3,1,0,36,7,5,2,0,14,0,0,0,0,62,4,5,21,26,0,0,0,0,0,0,0,0,0,0,8,0,0,0,0,8,0,0,0,0,1,0,0,0,0,9,0,0,1,1,0,0,0,0,0,0,0,0,0,0,2,0,0,0,0,2,0,0,0,0,0,1,0,1,0,3,0,0,1,1,0,0,0,0,0,0,0,0,0,0,0,0,0,0,0,0,0,0,0,0,0,0,0,0,0,0,0,0,0,0,0,0,0,0,0,0,0,0,0,0,0,0,0,0,0,0,0,0,0,0,0,0
ruston police department,2008-08-01,louisiana,21056,LA03102,0,0,0,0,0,2,2,0,3,1,1,0,1,45,5,8,2,0,30,27,19,6,2,71,2,1,1,0,150,15,20,100,120,0,0,1,1,0,0,0,0,0,0,31,1,7,2,0,21,10,10,0,0,16,1,1,0,0,59,10,11,27,38,0,0,0,0,0,0,0,0,0,0,5,0,0,1,0,4,1,1,0,0,1,0,0,0,0,7,1,1,2,3,0,0,1,1,0,0,0,0,0,0,1,0,0,0,0,1,1,1,0,0,2,0,0,0,0,5,0,1,3,4,0,0,0,0,0,0,0,0,0,0,0,0,0,0,0,0,0,0,0,0,0,0,0,0,0,0,0,0,0,0,0,0,0,0,0,0,0,0,0,0,0,0,0,0,0,0,0,0,0,0,0,0
ruston police department,2008-07-01,louisiana,21056,LA03102,0,0,1,0,0,0,0,0,3,2,0,0,1,43,0,6,1,0,36,30,25,4,1,76,2,2,0,0,154,7,10,108,118,0,0,0,0,0,1,1,0,0,0,40,0,6,1,0,33,16,16,0,0,18,2,2,0,0,77,7,8,36,44,0,0,0,0,0,0,0,0,0,0,4,0,0,0,0,4,0,0,0,0,1,0,0,0,0,5,0,0,1,1,0,0,0,0,0,1,1,0,0,0,1,0,0,0,0,1,0,0,0,0,1,1,1,0,0,4,0,1,2,3,0,0,0,0,0,0,0,0,0,0,0,0,0,0,0,0,0,0,0,0,0,0,0,0,0,0,0,0,0,0,0,0,0,0,0,0,0,0,0,0,0,0,0,0,0,0,0,0,0,0,0,0
ruston police department,2008-06-01,louisiana,21056,LA03102,0,0,0,0,0,0,0,0,2,0,1,0,1,39,0,3,4,0,32,25,24,0,1,70,2,2,0,0,138,7,9,97,106,0,0,0,0,0,0,0,0,0,0,34,0,3,2,0,29,7,7,0,0,20,1,1,0,0,62,5,5,28,33,0,0,0,0,0,0,0,0,0,0,2,0,0,0,0,2,3,3,0,0,5,0,0,0,0,10,0,0,8,8,0,0,0,0,0,0,0,0,0,0,4,0,0,0,1,3,0,0,0,0,2,0,0,0,0,6,1,1,2,3,0,0,0,0,0,0,0,0,0,0,0,0,0,0,0,0,0,0,0,0,0,0,0,0,0,0,0,0,0,0,0,0,0,0,0,0,0,0,0,0,0,0,0,0,0,0,0,0,0,0,0,0
ruston police department,2008-05-01,louisiana,21056,LA03102,0,0,0,0,0,2,2,0,3,1,0,0,2,68,7,1,7,1,52,15,13,1,1,56,6,3,2,1,151,16,21,78,99,0,0,2,2,0,2,0,0,0,2,58,4,1,5,1,47,1,1,0,0,12,3,3,0,0,78,11,15,16,31,0,0,1,1,0,0,0,0,0,0,5,0,0,0,0,5,0,0,0,0,1,0,0,0,0,7,0,1,1,2,0,0,0,0,0,0,0,0,0,0,2,0,0,0,0,2,0,0,0,0,1,0,0,0,0,3,0,0,1,1,1,0,0,0,0,0,0,1,0,0,0,0,1,0,0,0,0,0,0,0,0,0,0,0,0,0,0,0,0,0,0,0,0,0,0,0,0,0,0,0,0,0,0,0,0,0,0,0,0,0,0,0
ruston police department,2008-04-01,louisiana,21056,LA03102,0,0,0,0,0,2,2,0,3,2,0,1,0,48,3,2,6,1,36,17,15,1,1,62,6,4,1,1,138,12,17,85,102,0,0,1,1,0,1,0,0,1,0,44,2,2,6,1,33,1,1,0,0,17,2,2,0,0,66,11,13,20,33,0,0,0,0,0,0,0,0,0,0,5,0,0,1,1,3,0,0,0,0,3,0,0,0,0,8,2,2,3,5,0,0,0,0,0,0,0,0,0,0,3,0,0,0,0,3,0,0,0,0,0,1,1,0,0,4,0,0,1,1,0,0,0,0,0,0,0,0,0,0,0,0,0,0,0,0,0,0,0,0,0,0,0,0,0,0,0,0,0,0,0,0,0,0,0,0,0,0,0,0,0,0,0,0,0,0,0,0,0,0,0,0
ruston police department,2008-03-01,louisiana,21056,LA03102,0,0,2,0,0,1,1,0,1,1,0,0,0,59,2,4,4,0,49,24,19,3,2,85,3,2,1,0,173,10,12,112,124,0,0,1,1,0,0,0,0,0,0,53,1,3,4,0,45,1,1,0,0,14,0,0,0,0,69,8,9,15,24,0,0,0,0,0,0,0,0,0,0,10,1,0,1,0,8,0,0,0,0,2,0,0,0,0,12,2,2,2,4,0,0,0,0,0,0,0,0,0,0,2,0,0,0,0,2,0,0,0,0,0,0,0,0,0,2,0,0,0,0,0,0,0,0,0,0,0,0,0,0,0,0,0,0,0,0,0,0,0,0,0,0,0,0,0,0,0,0,0,0,0,0,0,0,0,0,0,0,0,0,0,0,0,0,0,0,0,0,0,0,0,0
ruston police department,2008-02-01,louisiana,21056,LA03102,0,0,0,0,0,2,2,0,5,2,1,0,2,43,3,0,3,2,35,23,15,6,2,46,2,1,1,0,121,8,15,71,86,0,0,2,2,0,1,0,0,0,1,43,2,0,3,2,36,5,1,4,0,5,1,0,1,0,57,7,10,11,21,0,0,0,0,0,1,0,0,0,1,10,1,0,1,0,8,0,0,0,0,2,0,0,0,0,13,2,3,2,5,0,0,0,0,0,0,0,0,0,0,4,2,0,0,0,2,0,0,0,0,2,0,0,0,0,6,2,2,2,4,0,0,0,0,0,0,0,0,0,0,0,0,0,0,0,0,0,0,0,0,0,0,0,0,0,0,0,0,0,0,0,0,0,0,0,0,0,0,0,0,0,0,0,0,0,0,0,0,0,0,0,0
ruston police department,2008-01-01,louisiana,21056,LA03102,0,0,1,0,0,1,1,0,3,0,0,0,3,37,2,0,3,1,31,17,9,5,3,66,3,2,0,1,127,6,10,86,96,0,0,1,1,0,2,0,0,0,2,38,1,1,3,1,32,4,0,4,0,16,2,2,0,0,63,6,9,22,31,0,0,0,0,0,1,0,0,0,1,4,0,0,0,0,4,0,0,0,0,0,0,0,0,0,5,0,1,0,1,0,0,1,1,0,0,0,0,0,0,3,0,1,0,0,2,1,0,0,1,2,0,0,0,0,7,1,2,3,5,0,0,0,0,0,0,0,0,0,0,0,0,0,0,0,0,0,0,0,0,0,0,0,0,0,0,0,0,0,0,0,0,0,0,0,0,0,0,0,0,0,0,0,0,0,0,0,0,0,0,0,0
ruston police department,2007-12-01,louisiana,20532,LA03102,0,0,0,0,0,0,0,0,2,2,0,0,0,44,1,0,3,0,40,17,17,0,0,71,1,1,0,0,135,4,6,89,95,0,0,0,0,0,2,2,0,0,0,44,1,0,3,0,40,5,5,0,0,21,0,0,0,0,72,4,6,26,32,0,0,0,0,0,0,0,0,0,0,2,0,0,0,0,2,1,1,0,0,0,0,0,0,0,3,0,0,1,1,0,0,0,0,0,0,0,0,0,0,0,0,0,0,0,0,0,0,0,0,0,0,0,0,0,0,0,0,0,0,0,0,0,0,0,0,0,0,0,0,0,0,0,0,0,0,0,0,0,0,0,0,0,0,0,0,0,0,0,0,0,0,0,0,0,0,0,0,0,0,0,0,0,0,0,0,0,0,0,0,0,0
ruston police department,2007-11-01,louisiana,20532,LA03102,0,0,0,0,0,0,0,0,3,3,0,0,0,37,0,0,2,0,35,15,15,0,0,47,0,0,0,0,102,2,5,62,67,0,0,0,0,0,1,1,0,0,0,37,0,0,2,0,35,6,6,0,0,21,0,0,0,0,65,2,3,27,30,0,0,0,0,0,0,0,0,0,0,0,0,0,0,0,0,0,0,0,0,0,0,0,0,0,0,0,0,0,0,0,0,0,0,0,0,0,0,0,0,0,0,0,0,0,0,0,0,0,0,0,0,0,0,0,0,0,0,0,0,0,0,0,0,0,0,0,0,0,0,0,0,0,0,0,0,0,0,0,0,0,0,0,0,0,0,0,0,0,0,0,0,0,0,0,0,0,0,0,0,0,0,0,0,0,0,0,0,0,0,0,0
ruston police department,2007-10-01,louisiana,20532,LA03102,0,0,0,0,0,0,0,0,8,7,0,0,1,37,2,1,3,0,31,24,24,0,0,55,1,1,0,0,125,6,14,80,94,0,0,0,0,0,5,5,0,0,0,36,1,1,3,0,31,9,9,0,0,17,1,1,0,0,68,5,10,27,37,0,0,0,0,0,0,0,0,0,0,0,0,0,0,0,0,0,0,0,0,1,0,0,0,0,1,0,0,1,1,0,0,0,0,0,0,0,0,0,0,0,0,0,0,0,0,0,0,0,0,0,0,0,0,0,0,0,0,0,0,0,0,0,0,0,0,0,0,0,0,0,0,0,0,0,0,0,0,0,0,0,0,0,0,0,0,0,0,0,0,0,0,0,0,0,0,0,0,0,0,0,0,0,0,0,0,0,0,0,0,0,0
ruston police department,2007-09-01,louisiana,20532,LA03102,0,0,0,0,0,0,0,0,0,0,0,0,0,34,2,3,1,0,28,15,15,0,0,58,1,0,1,0,108,6,6,74,80,0,0,0,0,0,0,0,0,0,0,33,1,3,1,0,28,5,5,0,0,17,0,0,0,0,55,5,5,22,27,0,0,0,0,0,0,0,0,0,0,2,0,0,0,0,2,0,0,0,0,1,0,0,0,0,3,0,0,1,1,0,0,0,0,0,0,0,0,0,0,0,0,0,0,0,0,0,0,0,0,0,0,0,0,0,0,0,0,0,0,0,0,0,0,0,0,0,0,0,0,0,0,0,0,0,0,0,0,0,0,0,0,0,0,0,0,0,0,0,0,0,0,0,0,0,0,0,0,0,0,0,0,0,0,0,0,0,0,0,0,0,0
ruston police department,2007-08-01,louisiana,20532,LA03102,0,0,0,0,0,0,0,0,1,1,0,0,0,32,1,2,4,0,25,23,23,0,0,52,3,3,0,0,111,7,8,78,86,0,0,0,0,0,0,0,0,0,0,32,1,2,4,0,25,5,5,0,0,12,0,0,0,0,49,7,7,17,24,0,0,0,0,0,0,0,0,0,0,4,0,0,0,0,4,0,0,0,0,0,0,0,0,0,4,0,0,0,0,0,0,1,1,0,0,0,0,0,0,0,0,0,0,0,0,0,0,0,0,0,0,0,0,0,1,0,1,0,1,0,0,0,0,0,0,0,0,0,0,0,0,0,0,0,0,0,0,0,0,0,0,0,0,0,0,0,0,0,0,0,0,0,0,0,0,0,0,0,0,0,0,0,0,0,0,0,0,0,0,0,0
ruston police department,2007-07-01,louisiana,20532,LA03102,0,0,0,0,0,0,0,0,0,0,0,0,0,37,0,6,2,0,29,26,25,1,0,71,1,1,0,0,135,8,8,98,106,0,0,0,0,0,0,0,0,0,0,36,0,6,1,0,29,9,9,0,0,27,0,0,0,0,72,7,7,36,43,0,0,0,0,0,0,0,0,0,0,0,0,0,0,0,0,0,0,0,0,0,0,0,0,0,0,0,0,0,0,0,0,2,2,0,0,0,0,0,0,0,0,0,0,0,0,0,0,0,0,0,0,0,0,0,2,0,2,0,2,0,0,0,0,0,0,0,0,0,0,0,0,0,0,0,0,0,0,0,0,0,0,0,0,0,0,0,0,0,0,0,0,0,0,0,0,0,0,0,0,0,0,0,0,0,0,0,0,0,0,0,0
ruston police department,2007-06-01,louisiana,20532,LA03102,0,0,0,0,0,0,0,0,2,1,0,1,0,38,1,2,3,1,31,14,14,0,0,37,1,1,0,0,92,7,9,52,61,0,0,0,0,0,0,0,0,0,0,38,1,2,3,1,31,5,5,0,0,10,0,0,0,0,53,7,7,15,22,0,0,0,0,0,0,0,0,0,0,6,1,0,0,0,5,1,1,0,0,0,0,0,0,0,7,1,1,1,2,0,0,0,0,0,0,0,0,0,0,0,0,0,0,0,0,0,0,0,0,0,0,0,0,0,0,0,0,0,0,0,0,0,0,0,0,0,0,0,0,0,0,0,0,0,0,0,0,0,0,0,0,0,0,0,0,0,0,0,0,0,0,0,0,0,0,0,0,0,0,0,0,0,0,0,0,0,0,0,0,0,0
ruston police department,2007-05-01,louisiana,20532,LA03102,0,0,0,0,0,0,0,0,3,3,0,0,0,38,3,2,0,1,32,17,17,0,0,36,1,1,0,0,95,6,9,54,63,0,0,0,0,0,0,0,0,0,0,37,3,2,0,1,31,6,6,0,0,12,0,0,0,0,55,6,6,18,24,0,0,0,0,0,0,0,0,0,0,5,0,0,0,0,5,2,2,0,0,2,0,0,0,0,9,0,0,4,4,0,0,0,0,0,0,0,0,0,0,0,0,0,0,0,0,0,0,0,0,0,0,0,0,0,0,0,0,0,0,0,0,0,0,0,0,0,0,0,0,0,0,0,0,0,0,0,0,0,0,0,0,0,0,0,0,0,0,0,0,0,0,0,0,0,0,0,0,0,0,0,0,0,0,0,0,0,0,0,0,0,0
ruston police department,2007-04-01,louisiana,20532,LA03102,0,0,0,0,0,0,0,0,4,3,0,1,0,44,2,4,2,0,36,23,22,0,1,41,0,0,0,0,112,8,12,64,76,0,0,0,0,0,0,0,0,0,0,43,2,4,2,0,35,7,7,0,0,10,0,0,0,0,60,8,8,17,25,0,0,0,0,0,0,0,0,0,0,4,0,0,0,0,4,2,2,0,0,3,0,0,0,0,9,0,0,5,5,0,0,0,0,0,0,0,0,0,0,0,0,0,0,0,0,0,0,0,0,0,0,0,0,0,0,0,0,0,0,0,0,0,0,0,0,0,0,0,0,0,0,0,0,0,0,0,0,0,0,0,0,0,0,0,0,0,0,0,0,0,0,0,0,0,0,0,0,0,0,0,0,0,0,0,0,0,0,0,0,0,0
ruston police department,2007-03-01,louisiana,20532,LA03102,0,0,0,0,0,0,0,0,1,1,0,0,0,46,1,6,0,1,38,17,17,0,0,40,2,1,1,0,106,8,9,59,68,0,0,0,0,0,0,0,0,0,0,46,1,6,0,1,38,4,4,0,0,13,1,0,1,0,64,8,8,18,26,0,0,0,0,0,0,0,0,0,0,3,0,1,0,0,2,0,0,0,0,2,0,0,0,0,5,1,1,2,3,0,0,2,2,0,0,0,0,0,0,0,0,0,0,0,0,0,0,0,0,0,0,0,0,0,2,0,2,0,2,0,0,0,0,0,0,0,0,0,0,0,0,0,0,0,0,0,0,0,0,0,0,0,0,0,0,0,0,0,0,0,0,0,0,0,0,0,0,0,0,0,0,0,0,0,0,0,0,0,0,0,0
ruston police department,2007-02-01,louisiana,20532,LA03102,0,0,0,0,0,0,0,0,0,0,0,0,0,38,5,2,2,0,29,5,5,0,0,54,1,1,0,0,98,9,9,60,69,0,0,0,0,0,0,0,0,0,0,37,4,2,2,0,29,2,2,0,0,14,0,0,0,0,53,8,8,16,24,0,0,0,0,0,0,0,0,0,0,3,0,1,0,0,2,0,0,0,0,0,0,0,0,0,3,1,1,0,1,0,0,1,1,0,0,0,0,0,0,0,0,0,0,0,0,0,0,0,0,0,0,0,0,0,1,0,1,0,1,0,0,0,0,0,0,0,0,0,0,0,0,0,0,0,0,0,0,0,0,0,0,0,0,0,0,0,0,0,0,0,0,0,0,0,0,0,0,0,0,0,0,0,0,0,0,0,0,0,0,0,0
ruston police department,2007-01-01,louisiana,20532,LA03102,0,0,0,0,0,0,0,0,2,2,0,0,0,22,1,1,1,0,19,15,14,1,0,36,2,1,1,0,77,3,5,53,58,0,0,0,0,0,2,2,0,0,0,21,1,0,1,0,19,7,7,0,0,15,0,0,0,0,45,2,4,22,26,0,0,0,0,0,0,0,0,0,0,2,0,0,0,0,2,0,0,0,0,2,0,0,0,0,4,0,0,2,2,0,0,0,0,0,0,0,0,0,0,0,0,0,0,0,0,0,0,0,0,0,0,0,0,0,0,0,0,0,0,0,0,0,0,0,0,0,0,0,0,0,0,0,0,0,0,0,0,0,0,0,0,0,0,0,0,0,0,0,0,0,0,0,0,0,0,0,0,0,0,0,0,0,0,0,0,0,0,0,0,0,0
ruston police department,2006-12-01,louisiana,19589,LA03102,0,0,0,0,0,0,0,0,2,2,0,0,0,32,1,4,4,0,23,18,16,2,0,49,3,1,1,1,104,9,11,70,81,0,0,0,0,0,1,1,0,0,0,32,1,4,4,0,23,1,1,0,0,18,1,0,0,1,53,9,10,20,30,0,0,0,0,0,0,0,0,0,0,5,0,2,2,0,1,0,0,0,0,4,0,0,0,0,9,4,4,4,8,0,0,0,0,0,0,0,0,0,0,0,0,0,0,0,0,0,0,0,0,0,0,0,0,0,0,0,0,0,0,0,0,0,0,0,0,0,0,0,0,0,0,0,0,0,0,0,0,0,0,0,0,0,0,0,0,0,0,0,0,0,0,0,0,0,0,0,0,0,0,0,0,0,0,0,0,0,0,0,0,0,0
ruston police department,2006-11-01,louisiana,19589,LA03102,0,0,0,0,0,0,0,0,4,3,0,0,1,27,5,1,0,0,21,9,9,0,0,36,2,1,0,1,78,6,10,47,57,0,0,0,0,0,4,3,0,0,1,27,5,1,0,0,21,2,2,0,0,10,1,0,0,1,44,6,10,13,23,0,0,0,0,0,0,0,0,0,0,5,0,0,0,0,5,0,0,0,0,0,0,0,0,0,5,0,0,0,0,0,0,0,0,0,0,0,0,0,0,0,0,0,0,0,0,0,0,0,0,0,0,0,0,0,0,0,0,0,0,0,0,0,0,0,0,0,0,0,0,0,0,0,0,0,0,0,0,0,0,0,0,0,0,0,0,0,0,0,0,0,0,0,0,0,0,0,0,0,0,0,0,0,0,0,0,0,0,0,0,0,0
ruston police department,2006-10-01,louisiana,19589,LA03102,0,0,0,0,0,1,1,0,6,5,1,0,0,43,0,4,1,2,36,15,15,0,0,42,0,0,0,0,107,7,14,57,71,0,0,1,1,0,4,4,0,0,0,41,0,4,1,2,34,4,4,0,0,8,0,0,0,0,58,7,12,12,24,0,0,1,1,0,0,0,0,0,0,4,0,0,0,1,3,0,0,0,0,0,0,0,0,0,5,1,2,0,2,0,0,0,0,0,0,0,0,0,0,0,0,0,0,0,0,0,0,0,0,0,0,0,0,0,0,0,0,0,0,0,0,0,0,0,0,0,0,0,0,0,0,0,0,0,0,0,0,0,0,0,0,0,0,0,0,0,0,0,0,0,0,0,0,0,0,0,0,0,0,0,0,0,0,0,0,0,0,0,0,0,0
ruston police department,2006-09-01,louisiana,19589,LA03102,0,0,0,0,0,0,0,0,2,2,0,0,0,41,0,5,2,0,34,18,18,0,0,47,0,0,0,0,108,7,9,65,74,0,0,0,0,0,1,1,0,0,0,39,0,4,2,0,33,10,10,0,0,11,0,0,0,0,61,6,7,21,28,0,0,0,0,0,0,0,0,0,0,4,0,1,0,0,3,0,0,0,0,0,0,0,0,0,4,1,1,0,1,0,0,0,0,0,1,1,0,0,0,0,0,0,0,0,0,0,0,0,0,0,0,0,0,0,1,0,1,0,1,0,0,0,0,0,0,0,0,0,0,0,0,0,0,0,0,0,0,0,0,0,0,0,0,0,0,0,0,0,0,0,0,0,0,0,0,0,0,0,0,0,0,0,0,0,0,0,0,0,0,0,0
ruston police department,2006-08-01,louisiana,19589,LA03102,0,0,0,0,0,1,1,0,1,1,0,0,0,48,2,2,6,1,37,14,14,0,0,40,4,2,2,0,108,11,13,58,71,0,0,1,1,0,0,0,0,0,0,47,2,2,5,1,37,5,5,0,0,16,3,2,1,0,72,10,11,24,35,0,0,0,0,0,0,0,0,0,0,4,0,0,0,0,4,1,1,0,0,0,0,0,0,0,5,0,0,1,1,0,0,0,0,0,0,0,0,0,0,0,0,0,0,0,0,0,0,0,0,0,0,0,0,0,0,0,0,0,0,0,0,0,0,0,0,0,0,0,0,0,0,0,0,0,0,0,0,0,0,0,0,0,0,0,0,0,0,0,0,0,0,0,0,0,0,0,0,0,0,0,0,0,0,0,0,0,0,0,0,0,0
ruston police department,2006-07-01,louisiana,19589,LA03102,0,0,0,0,0,0,0,0,3,2,0,0,1,37,0,2,2,0,33,19,19,0,0,38,1,0,0,1,98,4,7,58,65,0,0,0,0,0,0,0,0,0,0,37,0,2,2,0,33,5,5,0,0,17,1,0,0,1,60,4,4,23,27,0,0,0,0,0,0,0,0,0,0,4,0,0,0,0,4,0,0,0,0,0,1,0,0,1,5,0,0,1,1,0,0,0,0,0,1,1,0,0,0,0,0,0,0,0,0,0,0,0,0,0,0,0,0,0,1,0,1,0,1,0,0,0,0,0,0,0,0,0,0,0,0,0,0,0,0,0,0,0,0,0,0,0,0,0,0,0,0,0,0,0,0,0,0,0,0,0,0,0,0,0,0,0,0,0,0,0,0,0,0,0,0
ruston police department,2006-06-01,louisiana,19589,LA03102,0,0,0,0,0,0,0,0,0,0,0,0,0,30,0,4,1,0,25,10,10,0,0,57,0,0,0,0,97,5,5,67,72,0,0,0,0,0,0,0,0,0,0,30,0,4,1,0,25,2,2,0,0,16,0,0,0,0,48,5,5,18,23,0,0,0,0,0,0,0,0,0,0,1,0,0,0,0,1,0,0,0,0,1,0,0,0,0,2,0,0,1,1,0,0,0,0,0,0,0,0,0,0,0,0,0,0,0,0,0,0,0,0,0,0,0,0,0,0,0,0,0,0,0,0,0,0,0,0,0,0,0,0,0,0,0,0,0,0,0,0,0,0,0,0,0,0,0,0,0,0,0,0,0,0,0,0,0,0,0,0,0,0,0,0,0,0,0,0,0,0,0,0,0,0
ruston police department,2006-05-01,louisiana,19589,LA03102,0,0,0,0,0,0,0,0,1,1,0,0,0,38,2,2,3,0,31,18,13,4,1,49,3,2,1,0,109,7,8,70,78,0,0,0,0,0,0,0,0,0,0,36,1,2,2,0,31,1,1,0,0,9,1,1,0,0,47,5,5,11,16,0,0,0,0,0,0,0,0,0,0,1,0,0,0,0,1,0,0,0,0,0,0,0,0,0,1,0,0,0,0,0,0,1,1,0,0,0,0,0,0,0,0,0,0,0,0,0,0,0,0,0,0,0,0,0,1,0,1,0,1,0,0,0,0,0,0,0,0,0,0,0,0,0,0,0,0,0,0,0,0,0,0,0,0,0,0,0,0,0,0,0,0,0,0,0,0,0,0,0,0,0,0,0,0,0,0,0,0,0,0,0,0
ruston police department,2006-04-01,louisiana,19589,LA03102,0,0,1,0,0,0,0,0,3,3,0,0,0,61,2,8,4,0,47,13,10,3,0,34,1,1,0,0,112,14,17,48,65,0,0,0,0,0,1,1,0,0,0,60,2,7,4,0,47,8,5,3,0,11,1,1,0,0,81,13,14,20,34,0,0,0,0,0,1,1,0,0,0,9,0,2,0,0,7,4,3,1,0,0,0,0,0,0,14,2,3,4,7,0,0,0,0,0,0,0,0,0,0,0,0,0,0,0,0,0,0,0,0,0,0,0,0,0,0,0,0,0,0,0,0,0,0,0,0,0,0,0,0,0,0,0,0,0,0,0,0,0,0,0,0,0,0,0,0,0,0,0,0,0,0,0,0,0,0,0,0,0,0,0,0,0,0,0,0,0,0,0,0,0,0
ruston police department,2006-03-01,louisiana,19589,LA03102,0,0,0,0,0,0,0,0,4,4,0,0,0,42,2,4,3,0,33,3,2,1,0,49,2,2,0,0,100,9,13,54,67,0,0,0,0,0,0,0,0,0,0,42,2,4,3,0,33,1,0,1,0,11,0,0,0,0,54,9,9,12,21,0,0,0,0,0,0,0,0,0,0,5,0,1,0,0,4,0,0,0,0,1,0,0,0,0,6,1,1,1,2,0,0,0,0,0,0,0,0,0,0,0,0,0,0,0,0,0,0,0,0,0,0,0,0,0,0,0,0,0,0,0,0,0,0,0,0,0,0,0,0,0,0,0,0,0,0,0,0,0,0,0,0,0,0,0,0,0,0,0,0,0,0,0,0,0,0,0,0,0,0,0,0,0,0,0,0,0,0,0,0,0,0
ruston police department,2006-02-01,louisiana,19589,LA03102,0,0,0,0,0,0,0,0,0,0,0,0,0,29,0,3,2,2,22,5,3,2,0,48,4,3,1,0,86,7,7,57,64,0,0,0,0,0,0,0,0,0,0,29,0,3,2,2,22,2,2,0,0,15,3,3,0,0,49,7,7,20,27,0,0,0,0,0,0,0,0,0,0,7,0,1,1,1,4,0,0,0,0,2,2,2,0,0,11,3,3,4,7,0,0,0,0,0,0,0,0,0,0,0,0,0,0,0,0,0,0,0,0,0,0,0,0,0,0,0,0,0,0,0,0,0,0,0,0,0,0,0,0,0,0,0,0,0,0,0,0,0,0,0,0,0,0,0,0,0,0,0,0,0,0,0,0,0,0,0,0,0,0,0,0,0,0,0,0,0,0,0,0,0,0
ruston police department,2006-01-01,louisiana,19589,LA03102,0,0,0,0,0,0,0,0,3,2,0,0,1,36,2,2,4,0,28,17,17,0,0,55,0,0,0,0,111,8,11,72,83,0,0,0,0,0,1,0,0,0,1,36,2,2,4,0,28,5,5,0,0,21,0,0,0,0,63,8,9,26,35,0,0,0,0,0,1,0,0,0,1,0,0,0,0,0,0,1,1,0,0,0,0,0,0,0,2,0,1,1,2,0,0,0,0,0,0,0,0,0,0,0,0,0,0,0,0,0,0,0,0,0,0,0,0,0,0,0,0,0,0,0,0,0,0,0,0,0,0,0,0,0,0,0,0,0,0,0,0,0,0,0,0,0,0,0,0,0,0,0,0,0,0,0,0,0,0,0,0,0,0,0,0,0,0,0,0,0,0,0,0,0,0
ruston police department,2005-12-01,louisiana,20701,LA03102,0,0,0,0,0,1,1,0,1,0,0,0,1,28,0,3,2,0,23,10,10,0,0,70,6,3,0,3,116,5,7,86,93,0,0,1,1,0,0,0,0,0,0,28,0,3,2,0,23,0,0,0,0,22,3,0,0,3,54,5,6,25,31,0,0,0,0,0,0,0,0,0,0,0,0,0,0,0,0,0,0,0,0,0,0,0,0,0,0,0,0,0,0,0,0,0,0,0,0,0,0,0,0,0,0,0,0,0,0,0,0,0,0,0,0,0,0,0,0,0,0,0,0,0,0,0,0,0,0,0,0,0,0,0,0,0,0,0,0,0,0,0,0,0,0,0,0,0,0,0,0,0,0,0,0,0,0,0,0,0,0,0,0,0,0,0,0,0,0,0,0,0,0,0,0
ruston police department,2005-11-01,louisiana,20701,LA03102,0,0,0,0,0,1,1,0,4,4,0,0,0,43,1,1,4,0,37,12,11,0,1,69,6,2,1,3,135,6,11,87,98,0,0,1,1,0,3,3,0,0,0,42,1,1,4,0,36,3,2,0,1,27,1,1,0,0,77,6,10,31,41,0,0,0,0,0,0,0,0,0,0,0,0,0,0,0,0,0,0,0,0,0,0,0,0,0,0,0,0,0,0,0,0,1,0,1,0,0,0,0,0,0,0,0,0,0,0,0,0,0,0,0,0,0,0,0,1,0,1,0,1,0,0,0,0,0,0,0,0,0,0,0,0,0,0,0,0,0,0,0,0,0,0,0,0,0,0,0,0,0,0,0,0,0,0,0,0,0,0,0,0,0,0,0,0,0,0,0,0,0,0,0,0
ruston police department,2005-10-01,louisiana,20701,LA03102,0,0,0,0,0,0,0,0,3,2,1,0,0,38,3,2,3,1,29,9,7,2,0,52,7,1,2,4,109,9,12,68,80,0,0,0,0,0,0,0,0,0,0,36,3,2,3,1,27,2,1,1,0,16,2,0,1,1,56,9,9,20,29,0,0,0,0,0,0,0,0,0,0,0,0,0,0,0,0,0,0,0,0,0,0,0,0,0,0,0,0,0,0,0,0,0,0,0,1,1,0,0,0,0,0,0,0,0,0,0,0,0,0,0,0,0,0,0,1,0,1,0,1,0,0,0,0,0,0,0,0,0,0,0,0,0,0,0,0,0,0,0,0,0,0,0,0,0,0,0,0,0,0,0,0,0,0,0,0,0,0,0,0,0,0,0,0,0,0,0,0,0,0,0,0
ruston police department,2005-09-01,louisiana,20701,LA03102,0,0,0,0,0,0,0,0,2,2,0,0,0,39,0,1,1,1,36,13,11,0,2,64,3,3,0,0,121,3,5,80,85,0,0,0,0,0,2,2,0,0,0,39,0,1,1,1,36,8,4,0,4,22,1,1,0,0,72,3,5,31,36,0,0,0,0,0,0,0,0,0,0,0,0,0,0,0,0,0,0,0,0,0,0,0,0,0,0,0,0,0,0,0,0,2,2,0,0,0,0,0,0,0,0,0,0,0,0,0,0,0,0,0,0,0,0,0,2,0,2,0,2,0,0,0,0,0,0,0,0,0,0,0,0,0,0,0,0,0,0,0,0,0,0,0,0,0,0,0,0,0,0,0,0,0,0,0,0,0,0,0,0,0,0,0,0,0,0,0,0,0,0,0,0
ruston police department,2005-08-01,louisiana,20701,LA03102,0,0,0,0,0,0,0,0,2,1,1,0,0,42,0,2,6,0,34,17,17,0,0,61,2,2,0,0,124,8,10,80,90,0,0,0,0,0,2,1,1,0,0,41,0,1,6,0,34,5,5,0,0,14,0,0,0,0,62,7,9,19,28,0,0,0,0,0,0,0,0,0,0,0,0,0,0,0,0,0,0,0,0,0,0,0,0,0,0,0,0,0,0,0,0,0,0,0,0,0,0,0,0,0,0,0,0,0,0,0,0,0,0,0,0,0,0,0,0,0,0,0,0,0,0,0,0,0,0,0,0,0,0,0,0,0,0,0,0,0,0,0,0,0,0,0,0,0,0,0,0,0,0,0,0,0,0,0,0,0,0,0,0,0,0,0,0,0,0,0,0,0,0,0,0
ruston police department,2005-07-01,louisiana,20701,LA03102,0,0,0,0,0,0,0,0,1,1,0,0,0,42,3,5,3,0,31,16,14,2,0,65,5,5,0,0,129,11,12,86,98,0,0,0,0,0,1,1,0,0,0,40,3,5,2,0,30,4,4,0,0,24,2,2,0,0,71,10,11,30,41,0,0,0,0,0,0,0,0,0,0,0,0,0,0,0,0,0,0,0,0,0,0,0,0,0,0,0,0,0,0,0,0,0,0,0,0,0,0,0,0,0,0,0,0,0,0,0,0,0,0,0,0,0,0,0,0,0,0,0,0,0,0,0,0,0,0,0,0,0,0,0,0,0,0,0,0,0,0,0,0,0,0,0,0,0,0,0,0,0,0,0,0,0,0,0,0,0,0,0,0,0,0,0,0,0,0,0,0,0,0,0,0
ruston police department,2005-06-01,louisiana,20701,LA03102,0,0,0,0,0,0,0,0,1,1,0,0,0,51,4,2,1,1,43,11,11,0,0,97,3,2,1,0,163,8,9,111,120,0,0,0,0,0,0,0,0,0,0,48,4,2,1,1,40,4,4,0,0,30,1,0,1,0,83,8,8,35,43,0,0,0,0,0,0,0,0,0,0,0,0,0,0,0,0,0,0,0,0,0,0,0,0,0,0,0,0,0,0,0,0,0,0,0,0,0,0,0,0,0,0,0,0,0,0,1,1,0,0,0,0,0,0,0,1,0,0,1,1,0,0,0,0,0,0,0,0,0,0,0,0,0,0,0,0,0,0,0,0,0,0,0,0,0,0,0,0,0,0,0,0,0,0,0,0,0,0,0,0,0,0,0,0,0,0,0,0,0,0,0,0
ruston police department,2005-05-01,louisiana,20701,LA03102,0,0,0,0,0,0,0,0,3,2,0,1,0,60,3,5,5,2,45,10,10,0,0,86,6,6,0,0,165,15,18,102,120,0,0,0,0,0,1,1,0,0,0,60,3,5,5,2,45,2,2,0,0,33,1,1,0,0,97,15,16,36,52,0,0,0,0,0,0,0,0,0,0,0,0,0,0,0,0,0,0,0,0,0,0,0,0,0,0,0,0,0,0,0,0,0,0,0,0,0,0,0,0,0,0,0,0,0,0,0,0,0,0,0,0,0,0,0,0,0,0,0,0,0,0,0,0,0,0,0,0,0,0,0,0,0,0,0,0,0,0,0,0,0,0,0,0,0,0,0,0,0,0,0,0,0,0,0,0,0,0,0,0,0,0,0,0,0,0,0,0,0,0,0,0
ruston police department,2005-04-01,louisiana,20701,LA03102,0,0,0,0,0,0,0,0,0,0,0,0,0,52,1,4,2,0,45,10,10,0,0,66,4,4,0,0,132,7,7,80,87,0,0,0,0,0,0,0,0,0,0,49,1,3,2,0,43,2,2,0,0,26,1,1,0,0,78,6,6,29,35,0,0,0,0,0,0,0,0,0,0,0,0,0,0,0,0,0,0,0,0,0,0,0,0,0,0,0,0,0,0,0,0,1,1,0,0,0,0,0,0,0,0,0,0,0,0,0,0,0,0,0,0,0,0,0,1,0,1,0,1,0,0,0,0,0,0,0,0,0,0,0,0,0,0,0,0,0,0,0,0,0,0,0,0,0,0,0,0,0,0,0,0,0,0,0,0,0,0,0,0,0,0,0,0,0,0,0,0,0,0,0,0
ruston police department,2005-03-01,louisiana,20701,LA03102,0,0,2,0,0,0,0,0,2,2,0,0,0,39,0,3,1,0,35,3,3,0,0,63,6,6,0,0,113,4,6,72,78,0,0,0,0,0,0,0,0,0,0,39,0,3,1,0,35,1,1,0,0,31,1,1,0,0,72,4,4,33,37,0,0,0,0,0,0,0,0,0,0,0,0,0,0,0,0,0,0,0,0,0,0,0,0,0,0,0,0,0,0,0,0,0,0,0,2,1,0,1,0,0,0,0,0,0,0,1,1,0,0,0,0,0,0,0,3,0,2,1,3,0,0,0,0,0,0,0,0,0,0,0,0,0,0,0,0,0,0,0,0,0,0,0,0,0,0,0,0,0,0,0,0,0,0,0,0,0,0,0,0,0,0,0,0,0,0,0,0,0,0,0,0
ruston police department,2005-02-01,louisiana,20701,LA03102,0,0,0,0,0,0,0,0,0,0,0,0,0,29,1,1,4,0,23,6,4,1,1,62,3,3,0,0,100,6,6,71,77,0,0,0,0,0,0,0,0,0,0,29,1,1,4,0,23,2,2,0,0,24,0,0,0,0,55,6,6,26,32,0,0,0,0,0,0,0,0,0,0,0,0,0,0,0,0,0,0,0,0,0,0,0,0,0,0,0,0,0,0,0,0,0,0,0,0,0,0,0,0,0,0,0,0,0,0,0,0,0,0,0,0,0,0,0,0,0,0,0,0,0,0,0,0,0,0,0,0,0,0,0,0,0,0,0,0,0,0,0,0,0,0,0,0,0,0,0,0,0,0,0,0,0,0,0,0,0,0,0,0,0,0,0,0,0,0,0,0,0,0,0,0
ruston police department,2005-01-01,louisiana,20701,LA03102,0,0,0,0,0,0,0,0,3,3,0,0,0,38,1,5,0,0,32,16,16,0,0,60,5,3,0,2,122,6,9,81,90,0,0,0,0,0,1,1,0,0,0,37,1,5,0,0,31,8,8,0,0,26,0,0,0,0,72,6,7,34,41,0,0,0,0,0,0,0,0,0,0,0,0,0,0,0,0,0,0,0,0,0,0,0,0,0,0,0,0,0,0,0,0,0,0,0,0,0,0,0,0,0,0,0,0,0,0,0,0,0,0,0,0,0,0,0,0,0,0,0,0,0,0,0,0,0,0,0,0,0,0,0,0,0,0,0,0,0,0,0,0,0,0,0,0,0,0,0,0,0,0,0,0,0,0,0,0,0,0,0,0,0,0,0,0,0,0,0,0,0,0,0,0
ruston police department,2004-12-01,louisiana,20723,LA03102,0,0,0,1,0,0,0,0,2,1,1,0,0,33,0,3,2,2,26,11,10,1,0,51,3,1,1,1,101,7,10,65,75,1,0,0,0,0,0,0,0,0,0,33,0,3,2,2,26,7,7,0,0,16,3,1,1,1,60,7,8,26,34,0,0,0,0,0,0,0,0,0,0,3,0,0,1,1,1,1,1,0,0,1,0,0,0,0,5,2,2,2,4,0,0,0,0,0,1,1,0,0,0,0,0,0,0,0,0,0,0,0,0,0,0,0,0,0,1,0,1,0,1,0,0,0,0,0,0,0,0,0,0,0,0,0,0,0,0,0,0,0,0,0,0,0,0,0,0,0,0,0,0,0,0,0,0,0,0,0,0,0,0,0,0,0,0,0,0,0,0,0,0,0,0
ruston police department,2004-11-01,louisiana,20723,LA03102,0,0,0,0,0,1,1,0,4,3,0,0,1,26,0,0,0,0,26,17,16,0,1,68,2,2,0,0,118,0,5,87,92,0,0,1,1,0,1,1,0,0,0,25,0,0,0,0,25,5,4,0,1,12,1,1,0,0,45,0,2,18,20,0,0,1,1,0,0,0,0,0,0,2,0,0,0,0,2,0,0,0,0,0,0,0,0,0,3,0,1,0,1,0,0,0,0,0,0,0,0,0,0,0,0,0,0,0,0,0,0,0,0,0,0,0,0,0,0,0,0,0,0,0,0,0,0,0,0,0,0,0,0,0,0,0,0,0,0,0,0,0,0,0,0,0,0,0,0,0,0,0,0,0,0,0,0,0,0,0,0,0,0,0,0,0,0,0,0,0,0,0,0,0,0
ruston police department,2004-10-01,louisiana,20723,LA03102,0,0,0,0,0,0,0,0,2,1,0,0,1,42,0,2,2,0,38,9,8,1,0,54,2,1,1,0,109,4,6,65,71,0,0,0,0,0,0,0,0,0,0,40,0,2,2,0,36,4,4,0,0,18,0,0,0,0,62,4,4,22,26,0,0,0,0,0,0,0,0,0,0,4,0,0,0,0,4,0,0,0,0,1,0,0,0,0,5,0,0,1,1,0,0,1,0,1,0,0,0,0,0,0,0,0,0,0,0,0,0,0,0,0,0,0,0,0,1,0,1,0,1,0,0,0,0,0,0,0,0,0,0,0,0,0,0,0,0,0,0,0,0,0,0,0,0,0,0,0,0,0,0,0,0,0,0,0,0,0,0,0,0,0,0,0,0,0,0,0,0,0,0,0,0
ruston police department,2004-09-01,louisiana,20723,LA03102,0,0,0,0,0,0,0,0,1,1,0,0,0,31,0,2,2,2,25,13,11,2,0,42,5,2,0,3,92,6,7,60,67,0,0,0,0,0,0,0,0,0,0,31,0,2,2,2,25,3,3,0,0,15,2,2,0,0,51,6,6,20,26,0,0,0,0,0,0,0,0,0,0,3,0,0,0,0,3,0,0,0,0,0,0,0,0,0,3,0,0,0,0,0,0,0,0,0,1,0,1,0,0,0,0,0,0,0,0,1,1,0,0,0,0,0,0,0,2,0,1,1,2,0,0,0,0,0,0,0,0,0,0,0,0,0,0,0,0,0,0,0,0,0,0,0,0,0,0,0,0,0,0,0,0,0,0,0,0,0,0,0,0,0,0,0,0,0,0,0,0,0,0,0,0
ruston police department,2004-08-01,louisiana,20723,LA03102,0,0,0,0,0,0,0,0,1,1,0,0,0,28,2,1,2,0,23,14,14,0,0,44,2,2,0,0,89,5,6,60,66,0,0,0,0,0,1,1,0,0,0,25,2,1,2,0,20,8,8,0,0,15,0,0,0,0,49,5,6,23,29,0,0,0,0,0,0,0,0,0,0,4,0,0,0,0,4,0,0,0,0,3,0,0,0,0,7,0,0,3,3,0,0,0,0,0,0,0,0,0,0,0,0,0,0,0,0,0,0,0,0,0,0,0,0,0,0,0,0,0,0,0,0,0,0,0,0,0,0,0,0,0,0,0,0,0,0,0,0,0,0,0,0,0,0,0,0,0,0,0,0,0,0,0,0,0,0,0,0,0,0,0,0,0,0,0,0,0,0,0,0,0,0
ruston police department,2004-07-01,louisiana,20723,LA03102,0,0,0,1,0,0,0,0,1,0,1,0,0,32,1,0,6,0,25,11,10,1,0,53,3,1,2,0,101,7,9,67,76,0,0,0,0,0,0,0,0,0,0,31,1,0,6,0,24,4,4,0,0,15,0,0,0,0,50,7,7,19,26,0,0,0,0,0,0,0,0,0,0,2,0,0,1,0,1,0,0,0,0,3,0,0,0,0,5,1,1,3,4,0,0,0,0,0,0,0,0,0,0,0,0,0,0,0,0,0,0,0,0,0,0,0,0,0,0,0,0,0,0,0,0,0,0,0,0,0,0,0,0,0,0,0,0,0,0,0,0,0,0,0,0,0,0,0,0,0,0,0,0,0,0,0,0,0,0,0,0,0,0,0,0,0,0,0,0,0,0,0,0,0,0
ruston police department,2004-06-01,louisiana,20723,LA03102,0,0,0,0,0,0,0,0,0,0,0,0,0,33,2,1,2,0,28,10,9,0,1,47,6,2,3,1,96,5,5,63,68,0,0,0,0,0,0,0,0,0,0,32,2,1,2,0,27,2,2,0,0,19,2,0,2,0,55,5,5,23,28,0,0,0,0,0,0,0,0,0,0,7,0,0,0,0,7,0,0,0,0,0,0,0,0,0,7,0,0,0,0,0,0,0,0,0,0,0,0,0,0,0,0,0,0,0,0,0,0,0,0,0,0,0,0,0,0,0,0,0,0,0,0,0,0,0,0,0,0,0,0,0,0,0,0,0,0,0,0,0,0,0,0,0,0,0,0,0,0,0,0,0,0,0,0,0,0,0,0,0,0,0,0,0,0,0,0,0,0,0,0,0,0
ruston police department,2004-05-01,louisiana,20723,LA03102,0,0,0,0,0,0,0,0,1,1,0,0,0,49,5,1,2,1,40,18,17,1,0,61,2,1,0,1,131,9,10,81,91,0,0,0,0,0,0,0,0,0,0,45,4,1,0,1,39,8,7,1,0,13,0,0,0,0,66,6,6,21,27,0,0,0,0,0,0,0,0,0,0,0,0,0,0,0,0,0,0,0,0,0,0,0,0,0,0,0,0,0,0,0,0,0,0,0,0,0,0,0,0,0,0,0,0,0,0,0,0,0,0,0,0,0,0,0,0,0,0,0,0,0,0,0,0,0,0,0,0,0,0,0,0,0,0,0,0,0,0,0,0,0,0,0,0,0,0,0,0,0,0,0,0,0,0,0,0,0,0,0,0,0,0,0,0,0,0,0,0,0,0,0,0
ruston police department,2004-04-01,louisiana,20723,LA03102,0,0,0,0,0,0,0,0,2,1,0,0,1,36,4,2,2,0,28,14,14,0,0,54,1,0,0,1,107,8,10,69,79,0,0,0,0,0,1,0,0,0,1,36,4,2,2,0,28,4,4,0,0,15,0,0,0,0,56,8,9,19,28,0,0,0,0,0,0,0,0,0,0,2,0,0,0,0,2,2,2,0,0,0,0,0,0,0,4,0,0,2,2,0,0,2,2,0,0,0,0,0,0,0,0,0,0,0,0,0,0,0,0,0,0,0,0,0,2,0,2,0,2,0,0,0,0,0,0,0,0,0,0,0,0,0,0,0,0,0,0,0,0,0,0,0,0,0,0,0,0,0,0,0,0,0,0,0,0,0,0,0,0,0,0,0,0,0,0,0,0,0,0,0,0
ruston police department,2004-03-01,louisiana,20723,LA03102,0,0,0,0,0,1,1,0,3,1,0,0,2,33,0,4,3,0,26,15,10,0,5,44,5,3,0,2,101,7,11,64,75,0,0,1,1,0,1,0,0,0,1,32,0,4,3,0,25,3,3,0,0,12,3,3,0,0,52,7,9,18,27,0,0,0,0,0,1,0,0,0,1,5,0,1,0,0,4,0,0,0,0,0,0,0,0,0,6,1,2,0,2,0,0,0,0,0,0,0,0,0,0,0,0,0,0,0,0,0,0,0,0,0,0,0,0,0,0,0,0,0,0,0,0,0,0,0,0,0,0,0,0,0,0,0,0,0,0,0,0,0,0,0,0,0,0,0,0,0,0,0,0,0,0,0,0,0,0,0,0,0,0,0,0,0,0,0,0,0,0,0,0,0,0
ruston police department,2004-02-01,louisiana,20723,LA03102,0,0,0,0,0,0,0,0,0,0,0,0,0,34,0,2,0,1,31,8,5,3,0,41,4,1,2,1,87,3,3,53,56,0,0,0,0,0,0,0,0,0,0,34,0,2,0,1,31,0,0,0,0,14,1,0,1,0,49,3,3,15,18,0,0,0,0,0,0,0,0,0,0,6,0,0,0,0,6,0,0,0,0,2,0,0,0,0,8,0,0,2,2,0,0,0,0,0,0,0,0,0,0,0,0,0,0,0,0,0,0,0,0,0,0,0,0,0,0,0,0,0,0,0,0,0,0,0,0,0,0,0,0,0,0,0,0,0,0,0,0,0,0,0,0,0,0,0,0,0,0,0,0,0,0,0,0,0,0,0,0,0,0,0,0,0,0,0,0,0,0,0,0,0,0
ruston police department,2004-01-01,louisiana,20723,LA03102,0,0,0,0,0,0,0,0,7,7,0,0,0,24,0,1,0,0,23,30,27,2,1,44,1,0,1,0,106,1,8,75,83,0,0,0,0,0,7,7,0,0,0,21,0,1,0,0,20,8,7,0,1,13,0,0,0,0,49,1,8,21,29,0,0,0,0,0,0,0,0,0,0,0,0,0,0,0,0,0,0,0,0,0,0,0,0,0,0,0,0,0,0,0,0,0,0,0,0,0,0,0,0,0,0,0,0,0,0,1,0,1,0,0,0,0,0,0,1,0,0,1,1,0,0,0,0,0,0,0,0,0,0,0,0,0,0,0,0,0,0,0,0,0,0,0,0,0,0,0,0,0,0,0,0,0,0,0,0,0,0,0,0,0,0,0,0,0,0,0,0,0,0,0,0
ruston police department,2003-12-01,louisiana,20655,LA03102,0,0,0,1,0,0,0,0,4,2,0,0,2,19,3,2,2,0,12,19,16,0,3,40,3,2,0,1,86,7,12,62,74,0,0,0,0,0,2,2,0,0,0,18,3,2,2,0,11,4,4,0,0,19,1,0,0,1,44,7,9,24,33,0,0,0,0,0,0,0,0,0,0,2,0,1,0,0,1,0,0,0,0,1,0,0,0,0,3,1,1,1,2,0,0,0,0,0,0,0,0,0,0,0,0,0,0,0,0,0,0,0,0,0,0,0,0,0,0,0,0,0,0,0,0,0,0,0,0,0,0,0,0,0,0,0,0,0,0,0,0,0,0,0,0,0,0,0,0,0,0,0,0,0,0,0,0,0,0,0,0,0,0,0,0,0,0,0,0,0,0,0,0,0,0
ruston police department,2003-11-01,louisiana,20655,LA03102,0,0,0,2,0,0,0,0,0,0,0,0,0,24,0,2,1,0,21,7,4,1,2,60,3,1,1,1,96,3,5,70,75,1,0,0,0,0,0,0,0,0,0,24,0,2,1,0,21,2,1,1,0,21,0,0,0,0,48,3,4,23,27,0,0,0,0,0,0,0,0,0,0,4,0,0,0,0,4,0,0,0,0,5,0,0,0,0,9,0,0,5,5,0,0,0,0,0,0,0,0,0,0,0,0,0,0,0,0,0,0,0,0,0,0,0,0,0,0,0,0,0,0,0,0,0,0,0,0,0,0,0,0,0,0,0,0,0,0,0,0,0,0,0,0,0,0,0,0,0,0,0,0,0,0,0,0,0,0,0,0,0,0,0,0,0,0,0,0,0,0,0,0,0,0
ruston police department,2003-10-01,louisiana,20655,LA03102,0,0,0,0,0,0,0,0,5,2,1,1,1,26,2,1,4,0,19,18,17,0,1,59,4,3,1,0,112,7,12,81,93,0,0,0,0,0,3,0,1,1,1,25,2,1,3,0,19,5,5,0,0,29,1,1,0,0,63,6,9,35,44,0,0,0,0,0,0,0,0,0,0,5,0,0,0,0,5,0,0,0,0,2,0,0,0,0,7,0,0,2,2,0,0,0,0,0,0,0,0,0,0,0,0,0,0,0,0,0,0,0,0,0,0,0,0,0,0,0,0,0,0,0,0,0,0,0,0,0,0,0,0,0,0,0,0,0,0,0,0,0,0,0,0,0,0,0,0,0,0,0,0,0,0,0,0,0,0,0,0,0,0,0,0,0,0,0,0,0,0,0,0,0,0
ruston police department,2003-09-01,louisiana,20655,LA03102,0,0,0,0,0,0,0,0,0,0,0,0,0,25,1,2,1,1,20,28,24,2,2,59,2,1,1,0,114,5,5,89,94,0,0,0,0,0,0,0,0,0,0,25,1,2,1,1,20,11,11,0,0,19,0,0,0,0,55,5,5,30,35,0,0,0,0,0,0,0,0,0,0,1,0,0,0,0,1,0,0,0,0,0,0,0,0,0,1,0,0,0,0,0,0,0,0,0,1,1,0,0,0,0,0,0,0,0,0,0,0,0,0,0,1,0,0,1,2,0,1,1,2,0,0,0,0,0,0,0,0,0,0,0,0,0,0,0,0,0,0,0,0,0,0,0,0,0,0,0,0,0,0,0,0,0,0,0,0,0,0,0,0,0,0,0,0,0,0,0,0,0,0,0,0
ruston police department,2003-08-01,louisiana,20655,LA03102,0,0,0,0,0,0,0,0,2,2,0,0,0,33,4,2,2,1,24,37,35,0,2,45,1,1,0,0,118,9,11,83,94,0,0,0,0,0,2,2,0,0,0,31,2,2,2,1,24,17,17,0,0,16,0,0,0,0,66,7,9,33,42,0,0,0,0,0,0,0,0,0,0,2,1,0,0,0,1,0,0,0,0,0,0,0,0,0,2,1,1,0,1,0,0,0,0,0,0,0,0,0,0,0,0,0,0,0,0,0,0,0,0,0,0,0,0,0,0,0,0,0,0,0,0,0,0,0,0,0,0,0,0,0,0,0,0,0,0,0,0,0,0,0,0,0,0,0,0,0,0,0,0,0,0,0,0,0,0,0,0,0,0,0,0,0,0,0,0,0,0,0,0,0,0
ruston police department,2003-07-01,louisiana,20655,LA03102,0,0,2,0,0,0,0,0,3,2,0,0,1,28,0,3,4,2,19,19,14,3,2,60,5,2,3,0,115,9,12,84,96,0,0,0,0,0,2,1,0,0,1,24,0,2,2,2,18,4,1,2,1,14,3,1,2,0,47,6,8,21,29,0,0,0,0,0,0,0,0,0,0,3,0,1,0,0,2,0,0,0,0,1,1,1,0,0,5,1,1,2,3,0,0,0,0,0,0,0,0,0,0,0,0,0,0,0,0,0,0,0,0,0,0,0,0,0,0,0,0,0,0,0,0,0,0,0,0,0,0,0,0,0,0,0,0,0,0,0,0,0,0,0,0,0,0,0,0,0,0,0,0,0,0,0,0,0,0,0,0,0,0,0,0,0,0,0,0,0,0,0,0,0,0
ruston police department,2003-06-01,louisiana,20655,LA03102,0,0,0,0,0,0,0,0,4,4,0,0,0,50,4,3,5,3,35,27,22,2,3,58,3,1,1,1,143,15,19,89,108,0,0,0,0,0,1,1,0,0,0,46,2,2,5,2,35,10,10,0,0,17,2,1,1,0,77,11,12,30,42,0,0,0,0,0,0,0,0,0,0,5,1,0,2,1,1,0,0,0,0,5,0,0,0,0,10,4,4,5,9,0,0,1,1,0,0,0,0,0,0,0,0,0,0,0,0,0,0,0,0,0,0,0,0,0,1,0,1,0,1,0,0,0,0,0,0,0,0,1,0,1,0,1,0,0,0,0,0,0,0,0,1,0,1,0,1,0,0,0,0,0,0,0,0,0,0,0,0,0,0,0,0,0,0,0,0,0,0,0,0,0,0
ruston police department,2003-05-01,louisiana,20655,LA03102,0,0,0,0,0,0,0,0,0,0,0,0,0,27,2,1,6,0,18,19,16,3,0,61,5,2,3,0,112,9,9,85,94,0,0,0,0,0,0,0,0,0,0,25,2,1,6,0,16,1,1,0,0,23,0,0,0,0,49,9,9,24,33,0,0,0,0,0,0,0,0,0,0,3,0,0,0,0,3,0,0,0,0,5,0,0,0,0,8,0,0,5,5,0,0,0,0,0,0,0,0,0,0,2,0,0,0,0,2,0,0,0,0,0,0,0,0,0,2,0,0,0,0,0,0,0,0,0,0,0,0,0,0,0,0,0,0,0,0,0,0,0,0,0,0,0,0,0,0,0,0,0,0,0,0,0,0,0,0,0,0,0,0,0,0,0,0,0,0,0,0,0,0,0,0
ruston police department,2003-04-01,louisiana,20655,LA03102,0,0,2,0,0,0,0,0,2,1,0,0,1,33,0,2,6,0,25,12,8,3,1,57,6,3,3,0,110,8,10,75,85,0,0,0,0,0,0,0,0,0,0,22,0,2,4,0,16,0,0,0,0,13,2,1,1,0,37,6,6,15,21,0,0,0,0,0,0,0,0,0,0,4,0,0,0,0,4,0,0,0,0,3,0,0,0,0,7,0,0,3,3,0,0,3,3,0,0,0,0,0,0,0,0,0,0,0,0,0,0,0,0,0,0,0,0,0,3,0,3,0,3,0,0,0,0,0,0,0,0,0,0,0,0,0,0,0,0,0,0,0,0,0,0,0,0,0,0,0,0,0,0,0,0,0,0,0,0,0,0,0,0,0,0,0,0,0,0,0,0,0,0,0,0
ruston police department,2003-03-01,louisiana,20655,LA03102,0,0,1,0,0,0,0,0,3,3,0,0,0,41,2,0,2,0,37,14,8,1,5,55,8,4,4,0,121,4,7,77,84,0,0,0,0,0,1,1,0,0,0,29,2,0,1,0,26,17,17,0,0,18,4,4,0,0,69,3,4,39,43,0,0,0,0,0,0,0,0,0,0,8,0,0,0,0,8,0,0,0,0,5,0,0,0,0,13,0,0,5,5,0,0,1,1,0,0,0,0,0,0,0,0,0,0,0,0,0,0,0,0,0,1,1,0,0,2,0,1,1,2,0,0,0,0,0,0,0,0,0,0,0,0,0,0,0,0,0,0,0,0,0,0,0,0,0,0,0,0,0,0,0,0,0,0,0,0,0,0,0,0,0,0,0,0,0,0,0,0,0,0,0,0
ruston police department,2003-02-01,louisiana,20655,LA03102,0,0,0,0,0,2,1,1,2,1,0,0,1,22,0,2,5,0,15,11,9,2,0,35,4,3,1,0,76,7,11,50,61,0,0,1,0,1,0,0,0,0,0,14,0,1,4,0,9,0,0,0,0,15,0,0,0,0,30,5,6,15,21,0,0,0,0,0,0,0,0,0,0,0,0,0,0,0,0,0,0,0,0,1,0,0,0,0,1,0,0,1,1,0,0,0,0,0,0,0,0,0,0,0,0,0,0,0,0,0,0,0,0,0,0,0,0,0,0,0,0,0,0,0,0,0,0,0,0,0,0,0,0,0,0,0,0,0,0,0,0,0,0,0,0,0,0,0,0,0,0,0,0,0,0,0,0,0,0,0,0,0,0,0,0,0,0,0,0,0,0,0,0,0,0
ruston police department,2003-01-01,louisiana,20655,LA03102,0,0,0,0,0,0,0,0,4,1,3,0,0,12,0,0,2,0,10,22,15,4,3,60,5,4,1,0,103,2,6,87,93,0,0,0,0,0,0,0,0,0,0,10,0,0,2,0,8,2,0,1,1,10,0,0,0,0,22,2,2,12,14,0,0,0,0,0,0,0,0,0,0,4,0,0,1,0,3,1,0,1,0,3,0,0,0,0,8,1,1,4,5,0,0,0,0,0,0,0,0,0,0,1,1,0,0,0,0,0,0,0,0,0,0,0,0,0,1,1,1,0,1,0,0,0,0,0,0,0,0,0,0,0,0,0,0,0,0,0,0,0,0,0,0,0,0,0,0,0,0,0,0,0,0,0,0,0,0,0,0,0,0,0,0,0,0,0,0,0,0,0,0,0,0
ruston police department,2002-12-01,louisiana,20608,LA03102,0,0,0,0,0,1,1,0,2,2,0,0,0,24,2,3,0,0,19,19,15,4,0,50,3,1,1,1,99,5,8,72,80,0,0,0,0,0,0,0,0,0,0,0,0,0,0,0,0,0,0,0,0,0,0,0,0,0,0,0,0,0,0,0,0,0,0,0,0,0,0,0,0,0,0,0,0,0,0,0,0,0,0,0,0,0,0,0,0,0,0,0,0,0,0,0,0,0,0,0,0,0,0,0,0,0,0,0,0,0,0,0,0,0,0,0,0,0,0,0,0,0,0,0,0,0,0,0,0,0,0,0,0,0,0,0,0,0,0,0,0,0,0,0,0,0,0,0,0,0,0,0,0,0,0,0,0,0,0,0,0,0,0,0,0,0,0,0,0,0,0,0,0,0,0
ruston police department,2002-11-01,louisiana,20608,LA03102,0,0,1,0,0,0,0,0,1,0,0,0,1,14,1,1,1,0,11,11,6,5,0,54,3,1,1,1,83,3,4,68,72,0,0,0,0,0,0,0,0,0,0,0,0,0,0,0,0,0,0,0,0,0,0,0,0,0,0,0,0,0,0,0,0,0,0,0,0,0,0,0,0,0,0,0,0,0,0,0,0,0,0,0,0,0,0,0,0,0,0,0,0,0,0,1,1,0,0,0,0,0,0,0,0,0,0,0,0,0,0,0,0,0,0,0,0,0,1,0,1,0,1,0,0,0,0,0,0,0,0,0,0,0,0,0,0,0,0,0,0,0,0,0,0,0,0,0,0,0,0,0,0,0,0,0,0,0,0,0,0,0,0,0,0,0,0,0,0,0,0,0,0,0,0
ruston police department,2002-10-01,louisiana,20608,LA03102,0,0,2,0,0,0,0,0,2,1,0,0,1,23,0,2,3,0,18,10,6,4,0,45,1,0,0,1,81,5,7,56,63,0,0,0,0,0,0,0,0,0,0,0,0,0,0,0,0,0,0,0,0,0,0,0,0,0,0,0,0,0,0,0,0,0,0,0,0,0,0,0,0,0,0,0,0,0,0,0,0,0,0,0,0,0,0,0,0,0,0,0,0,0,0,0,0,0,0,0,0,0,0,0,0,0,0,0,0,0,0,0,0,0,0,0,0,0,0,0,0,0,0,0,0,0,0,0,0,0,0,0,0,0,0,0,0,0,0,0,0,0,0,0,0,0,0,0,0,0,0,0,0,0,0,0,0,0,0,0,0,0,0,0,0,0,0,0,0,0,0,0,0,0,0
ruston police department,2002-09-01,louisiana,20608,LA03102,0,0,0,0,0,1,1,0,5,5,0,0,0,52,2,0,1,0,49,18,17,0,1,66,3,2,1,0,145,3,9,87,96,0,0,0,0,0,0,0,0,0,0,0,0,0,0,0,0,0,0,0,0,0,0,0,0,0,0,0,0,0,0,0,0,0,0,0,0,0,0,0,0,0,0,0,0,0,0,0,0,0,0,0,0,0,0,0,0,0,0,0,0,0,0,0,0,0,0,0,0,0,0,3,0,1,0,0,2,0,0,0,0,0,0,0,0,0,3,1,1,0,1,0,0,0,0,0,0,0,0,0,0,0,0,0,0,0,0,0,0,0,0,0,0,0,0,0,0,0,0,0,0,0,0,0,0,0,0,0,0,0,0,0,0,0,0,0,0,0,0,0,0,0,0
ruston police department,2002-08-01,louisiana,20608,LA03102,0,0,2,1,0,0,0,0,4,3,1,0,0,49,7,3,7,0,32,22,13,5,4,55,3,3,0,0,134,17,22,80,102,0,0,0,0,0,0,0,0,0,0,0,0,0,0,0,0,0,0,0,0,0,0,0,0,0,0,0,0,0,0,0,0,0,0,0,0,0,0,0,0,0,0,0,0,0,0,0,0,0,0,0,0,0,0,0,0,0,0,0,0,0,0,1,1,0,0,0,0,0,0,0,0,0,0,0,0,0,0,0,0,0,1,1,0,0,2,0,1,1,2,0,0,0,0,0,0,0,0,0,0,0,0,0,0,0,0,0,0,0,0,0,0,0,0,0,0,0,0,0,0,0,0,0,0,0,0,0,0,0,0,0,0,0,0,0,0,0,0,0,0,0,0
ruston police department,2002-07-01,louisiana,20608,LA03102,0,0,0,0,0,1,1,0,4,2,2,0,0,54,2,3,1,0,48,30,23,5,2,73,5,2,0,3,167,6,11,108,119,0,0,0,0,0,0,0,0,0,0,0,0,0,0,0,0,0,0,0,0,0,0,0,0,0,0,0,0,0,0,0,0,0,0,0,0,0,0,0,0,0,0,0,0,0,0,0,0,0,0,0,0,0,0,0,0,0,0,0,0,0,0,0,0,0,0,0,0,0,0,1,0,0,0,0,1,0,0,0,0,0,0,0,0,0,1,0,0,0,0,0,0,0,0,0,0,0,0,0,0,0,0,0,0,0,0,0,0,0,0,0,0,0,0,0,0,0,0,0,0,0,0,0,0,0,0,0,0,0,0,0,0,0,0,0,0,0,0,0,0,0,0
ruston police department,2002-06-01,louisiana,20608,LA03102,0,0,3,0,0,1,1,0,1,1,0,0,0,50,2,3,6,0,39,21,16,2,3,73,8,8,0,0,154,11,13,102,115,0,0,0,0,0,0,0,0,0,0,0,0,0,0,0,0,0,0,0,0,0,0,0,0,0,0,0,0,0,0,0,0,0,0,0,0,0,0,0,0,0,0,0,0,0,0,0,0,0,0,0,0,0,0,0,0,0,0,0,0,0,0,1,0,1,0,0,0,0,0,0,0,0,0,0,0,1,1,0,0,0,0,0,0,0,2,0,1,1,2,0,0,0,0,0,0,0,0,0,0,0,0,0,0,0,0,0,0,0,0,0,0,0,0,0,0,0,0,0,0,0,0,0,0,0,0,0,0,0,0,0,0,0,0,0,0,0,0,0,0,0,0
ruston police department,2002-05-01,louisiana,20608,LA03102,0,0,0,0,0,1,1,0,0,0,0,0,0,61,3,1,11,0,46,32,25,2,5,97,2,2,0,0,193,15,16,131,147,0,0,0,0,0,0,0,0,0,0,0,0,0,0,0,0,0,0,0,0,0,0,0,0,0,0,0,0,0,0,0,0,0,0,0,0,0,0,0,0,0,0,0,0,0,0,0,0,0,0,0,0,0,0,0,0,0,0,0,0,0,0,1,1,0,0,0,0,0,0,0,0,0,0,0,0,0,0,0,0,0,0,0,0,0,1,0,1,0,1,0,0,0,0,0,0,0,0,0,0,0,0,0,0,0,0,0,0,0,0,0,0,0,0,0,0,0,0,0,0,0,0,0,0,0,0,0,0,0,0,0,0,0,0,0,0,0,0,0,0,0,0
ruston police department,2002-04-01,louisiana,20608,LA03102,0,0,1,0,0,0,0,0,0,0,0,0,0,48,7,2,6,1,32,27,15,6,6,92,4,2,1,1,171,16,16,123,139,0,0,0,0,0,0,0,0,0,0,0,0,0,0,0,0,0,0,0,0,0,0,0,0,0,0,0,0,0,0,0,0,0,0,0,0,0,0,0,0,0,0,0,0,0,0,0,0,0,0,0,0,0,0,0,0,0,0,0,0,0,0,2,0,2,0,0,0,0,0,2,0,0,0,0,2,0,0,0,0,0,0,0,0,0,4,0,2,0,2,0,0,0,0,0,0,0,0,0,0,0,0,0,0,0,0,0,0,0,0,0,0,0,0,0,0,0,0,0,0,0,0,0,0,0,0,0,0,0,0,0,0,0,0,0,0,0,0,0,0,0,0
ruston police department,2002-03-01,louisiana,20608,LA03102,0,0,1,0,0,0,0,0,0,0,0,0,0,34,2,4,2,0,26,28,21,7,0,62,1,1,0,0,125,8,8,91,99,0,0,0,0,0,0,0,0,0,0,0,0,0,0,0,0,0,0,0,0,0,0,0,0,0,0,0,0,0,0,0,0,0,0,0,0,0,0,0,0,0,0,0,0,0,0,0,0,0,0,0,0,0,0,0,0,0,0,0,0,0,0,1,1,0,0,0,0,0,0,2,2,0,0,0,0,0,0,0,0,0,0,0,0,0,3,2,3,0,3,0,0,0,0,0,0,0,0,0,0,0,0,0,0,0,0,0,0,0,0,0,0,0,0,0,0,0,0,0,0,0,0,0,0,0,0,0,0,0,0,0,0,0,0,0,0,0,0,0,0,0,0
ruston police department,2002-02-01,louisiana,20608,LA03102,0,0,1,0,0,1,1,0,2,1,0,0,1,58,5,4,1,1,47,28,22,6,0,74,4,0,2,2,167,11,14,106,120,0,0,0,0,0,0,0,0,0,0,0,0,0,0,0,0,0,0,0,0,0,0,0,0,0,0,0,0,0,0,0,0,0,0,0,0,0,0,0,0,0,0,0,0,0,0,0,0,0,0,0,0,0,0,0,0,0,0,0,0,0,0,0,0,0,0,0,0,0,0,2,1,1,0,0,0,0,0,0,0,0,0,0,0,0,2,2,2,0,2,0,0,0,0,0,0,0,0,0,0,0,0,0,0,0,0,0,0,0,0,0,0,0,0,0,0,0,0,0,0,0,0,0,0,0,0,0,0,0,0,0,0,0,0,0,0,0,0,0,0,0,0
ruston police department,2002-01-01,louisiana,20608,LA03102,0,0,1,0,0,0,0,0,1,1,0,0,0,21,1,1,1,0,18,20,19,1,0,31,2,0,1,1,75,3,4,53,57,0,0,0,0,0,0,0,0,0,0,0,0,0,0,0,0,0,0,0,0,0,0,0,0,0,0,0,0,0,0,0,0,0,0,0,0,0,0,0,0,0,0,0,0,0,0,0,0,0,0,0,0,0,0,0,0,0,0,0,0,0,0,2,2,0,0,0,0,0,0,1,0,0,0,0,1,0,0,0,0,1,0,0,0,0,4,0,2,1,3,0,0,0,0,0,0,0,0,0,0,0,0,0,0,0,0,0,0,0,0,0,0,0,0,0,0,0,0,0,0,0,0,0,0,0,0,0,0,0,0,0,0,0,0,0,0,0,0,0,0,0,0
ruston police department,2001-12-01,louisiana,20530,LA03102,0,0,0,0,0,0,0,0,5,2,1,0,2,45,8,7,0,0,30,22,17,5,0,69,5,1,3,1,146,15,20,96,116,0,0,0,0,0,0,0,0,0,0,0,0,0,0,0,0,0,0,0,0,0,0,0,0,0,0,0,0,0,0,0,0,0,0,0,0,0,0,0,0,0,0,0,0,0,0,0,0,0,0,0,0,0,0,0,0,0,0,0,0,0,0,1,1,0,1,0,1,0,0,1,0,0,0,0,1,0,0,0,0,0,1,1,0,0,4,0,2,1,3,0,0,0,0,0,0,0,0,0,0,0,0,0,0,0,0,0,0,0,0,0,0,0,0,0,0,0,0,0,0,0,0,0,0,0,0,0,0,0,0,0,0,0,0,0,0,0,0,0,0,0,0
ruston police department,2001-11-01,louisiana,20530,LA03102,0,0,0,1,0,2,0,2,0,0,0,0,0,37,2,1,2,1,31,22,17,5,0,68,2,1,1,0,133,6,9,93,102,0,0,0,0,0,0,0,0,0,0,0,0,0,0,0,0,0,0,0,0,0,0,0,0,0,0,0,0,0,0,0,0,0,0,0,0,0,0,0,0,0,0,0,0,0,0,0,0,0,0,0,0,0,0,0,0,0,0,0,0,0,0,0,0,0,0,0,0,0,0,2,0,0,0,0,2,0,0,0,0,0,0,0,0,0,2,0,0,0,0,0,0,0,0,0,0,0,0,0,0,0,1,1,0,0,0,0,0,0,0,0,0,0,0,0,0,0,0,0,0,0,0,0,0,0,0,0,0,0,0,0,0,0,0,0,0,0,0,0,0,0,0
ruston police department,2001-10-01,louisiana,20530,LA03102,0,0,1,0,0,0,0,0,7,3,1,0,3,37,4,4,2,0,27,21,19,2,0,104,5,3,0,2,174,10,17,130,147,0,0,0,0,0,0,0,0,0,0,0,0,0,0,0,0,0,0,0,0,0,0,0,0,0,0,0,0,0,0,0,0,0,0,0,0,0,0,0,0,0,0,0,0,0,0,0,0,0,0,0,0,0,0,0,0,0,0,0,0,0,0,0,0,0,0,0,0,0,0,3,0,0,0,0,3,0,0,0,0,0,0,0,0,0,3,0,0,0,0,0,0,0,0,0,0,0,0,0,0,0,0,0,0,0,0,0,0,0,0,0,0,0,0,0,0,0,0,0,0,0,0,0,0,0,0,0,0,0,0,0,0,0,0,0,0,0,0,0,0,0,0
ruston police department,2001-09-01,louisiana,20530,LA03102,0,0,1,0,0,1,1,0,1,1,0,0,0,68,4,12,2,3,47,12,10,2,0,71,3,2,0,1,156,21,23,86,109,0,0,0,0,0,0,0,0,0,0,0,0,0,0,0,0,0,0,0,0,0,0,0,0,0,0,0,0,0,0,0,0,0,0,0,0,0,0,0,0,0,0,0,0,0,0,0,0,0,0,0,0,0,0,0,0,0,0,0,0,0,0,1,1,0,0,0,0,0,0,15,3,0,0,0,12,0,0,0,0,1,0,0,0,0,17,3,4,1,5,0,0,0,0,0,0,0,0,0,0,0,0,0,0,0,0,0,0,0,0,0,0,0,0,0,0,0,0,0,0,0,0,0,0,0,0,0,0,0,0,0,0,0,0,0,0,0,0,0,0,0,0
ruston police department,2001-08-01,louisiana,20530,LA03102,0,0,0,0,0,0,0,0,0,0,0,0,0,42,3,4,2,0,33,21,21,0,0,68,3,1,1,1,134,9,9,92,101,0,0,0,0,0,0,0,0,0,0,0,0,0,0,0,0,0,0,0,0,0,0,0,0,0,0,0,0,0,0,0,0,0,0,0,0,0,0,0,0,0,0,0,0,0,0,0,0,0,0,0,0,0,0,0,0,0,0,0,0,0,0,0,0,0,0,0,0,0,0,0,0,0,0,0,0,0,0,0,0,0,0,0,0,0,0,0,0,0,0,0,0,0,0,0,0,0,0,0,0,0,0,0,0,0,0,0,0,0,0,0,0,0,0,0,0,0,0,0,0,0,0,0,0,0,0,0,0,0,0,0,0,0,0,0,0,0,0,0,0,0,0
ruston police department,2001-07-01,louisiana,20530,LA03102,0,0,1,0,0,0,0,0,1,1,0,0,0,43,2,8,1,0,32,19,15,4,0,84,3,0,1,2,150,11,12,106,118,0,0,0,0,0,0,0,0,0,0,0,0,0,0,0,0,0,0,0,0,0,0,0,0,0,0,0,0,0,0,0,0,0,0,0,0,0,0,0,0,0,0,0,0,0,0,0,0,0,0,0,0,0,0,0,0,0,0,0,0,0,0,0,0,0,1,1,0,0,0,4,0,0,0,0,4,0,0,0,0,2,0,0,0,0,7,0,1,2,3,0,0,0,0,0,0,0,0,0,0,0,0,0,0,0,0,0,0,0,0,0,0,0,0,0,0,0,0,0,0,0,0,0,0,0,0,0,0,0,0,0,0,0,0,0,0,0,0,0,0,0,0
ruston police department,2001-06-01,louisiana,20530,LA03102,0,0,4,0,0,0,0,0,2,0,0,0,2,55,7,1,7,0,40,21,17,4,0,61,7,6,1,0,146,15,17,89,106,0,0,0,0,0,0,0,0,0,0,0,0,0,0,0,0,0,0,0,0,0,0,0,0,0,0,0,0,0,0,0,0,0,0,0,0,0,0,0,0,0,0,0,0,0,0,0,0,0,0,0,0,0,0,0,0,0,0,0,0,0,0,2,2,0,0,0,0,0,0,4,1,0,2,0,1,0,0,0,0,4,0,0,0,0,10,3,5,4,9,0,0,0,0,0,0,0,0,0,0,0,0,0,0,0,0,0,0,0,0,0,0,0,0,0,0,0,0,0,0,0,0,0,0,0,0,0,0,0,0,0,0,0,0,0,0,0,0,0,0,0,0
ruston police department,2001-05-01,louisiana,20530,LA03102,0,0,1,0,0,1,1,0,4,2,0,0,2,40,5,7,4,0,24,21,15,5,1,77,4,4,0,0,147,16,21,102,123,0,0,0,0,0,0,0,0,0,0,0,0,0,0,0,0,0,0,0,0,0,0,0,0,0,0,0,0,0,0,0,0,0,0,0,0,0,0,0,0,0,0,0,0,0,0,0,0,0,0,0,0,0,0,0,0,0,0,0,0,0,0,0,0,0,0,0,0,0,0,4,1,0,0,0,3,0,0,0,0,0,0,0,0,0,4,1,1,0,1,0,0,0,0,0,0,0,0,0,0,0,0,0,0,0,0,0,0,0,0,0,0,0,0,0,0,0,0,0,0,0,0,0,0,0,0,0,0,0,0,0,0,0,0,0,0,0,0,0,0,0,0
ruston police department,2001-04-01,louisiana,20530,LA03102,0,0,1,0,0,2,2,0,6,5,0,0,1,57,6,5,3,0,43,11,7,3,1,55,7,4,1,2,140,14,22,75,97,0,0,0,0,0,0,0,0,0,0,0,0,0,0,0,0,0,0,0,0,0,0,0,0,0,0,0,0,0,0,0,0,0,0,0,0,0,0,0,0,0,0,0,0,0,0,0,0,0,0,0,0,0,0,0,0,0,0,0,0,0,0,1,1,0,0,0,0,0,0,2,1,0,1,0,0,0,0,0,0,0,0,0,0,0,3,2,3,0,3,1,1,0,0,0,0,0,2,0,0,0,0,2,0,0,0,0,0,0,0,0,0,0,0,0,0,0,0,0,0,0,0,0,0,0,0,0,0,0,0,0,0,0,0,0,0,0,0,0,0,0,0
ruston police department,2001-03-01,louisiana,20530,LA03102,0,0,0,0,0,1,1,0,5,5,0,0,0,36,2,3,2,0,29,20,18,2,0,75,2,0,2,0,139,7,13,97,110,0,0,0,0,0,0,0,0,0,0,0,0,0,0,0,0,0,0,0,0,0,0,0,0,0,0,0,0,0,0,0,0,0,0,0,0,0,0,0,0,0,0,0,0,0,0,0,0,0,0,0,0,0,0,0,0,0,0,0,0,0,0,0,0,0,0,0,0,0,0,4,1,0,0,0,3,0,0,0,0,0,0,0,0,0,4,1,1,0,1,0,0,0,0,0,0,0,0,0,0,0,0,0,0,0,0,0,0,0,0,0,0,0,0,0,0,0,0,0,0,0,0,0,0,0,0,0,0,0,0,0,0,0,0,0,0,0,0,0,0,0,0
ruston police department,2001-02-01,louisiana,20530,LA03102,0,0,0,0,0,0,0,0,5,3,0,0,2,36,2,1,2,1,30,20,15,5,0,87,2,0,0,2,150,6,11,109,120,0,0,0,0,0,0,0,0,0,0,0,0,0,0,0,0,0,0,0,0,0,0,0,0,0,0,0,0,0,0,0,0,0,0,0,0,0,0,0,0,0,0,0,0,0,0,0,0,0,0,0,0,0,0,0,0,0,0,0,0,0,0,0,0,0,0,0,0,0,0,6,2,0,0,0,4,0,0,0,0,0,0,0,0,0,6,2,2,0,2,0,0,0,0,0,0,0,0,0,0,0,0,0,0,0,0,0,0,0,0,0,0,0,0,0,0,0,0,0,0,0,0,0,0,0,0,0,0,0,0,0,0,0,0,0,0,0,0,0,0,0,0
ruston police department,2001-01-01,louisiana,20530,LA03102,0,0,0,0,0,0,0,0,3,2,0,1,0,35,1,4,4,1,25,25,20,5,0,67,5,1,2,2,135,10,13,97,110,0,0,0,0,0,0,0,0,0,0,0,0,0,0,0,0,0,0,0,0,0,0,0,0,0,0,0,0,0,0,0,0,0,0,0,0,0,0,0,0,0,0,0,0,0,0,0,0,0,0,0,0,0,0,0,0,0,0,0,0,0,0,3,2,1,0,0,0,0,0,3,0,0,0,0,3,1,1,0,0,0,1,1,0,0,8,0,3,2,5,0,0,0,0,0,0,0,0,0,0,0,0,0,0,0,0,0,0,0,0,0,0,0,0,0,0,0,0,0,0,0,0,0,0,0,0,0,0,0,0,0,0,0,0,0,0,0,0,0,0,0,0
ruston police department,2000-12-01,louisiana,20546,LA03102,0,0,1,0,0,1,1,0,5,4,1,0,0,30,5,1,4,2,18,13,10,3,0,67,2,2,0,0,119,12,18,83,101,0,0,0,0,0,0,0,0,0,0,0,0,0,0,0,0,0,0,0,0,0,0,0,0,0,0,0,0,0,0,0,0,0,0,0,0,0,0,0,0,0,0,0,0,0,0,0,0,0,0,0,0,0,0,0,0,0,0,0,0,0,0,0,0,0,0,0,0,0,0,5,1,0,1,0,3,0,0,0,0,0,0,0,0,0,5,2,2,0,2,0,0,0,0,0,0,0,0,1,0,1,0,1,0,0,0,0,0,0,0,0,0,0,0,0,0,0,0,0,0,0,0,0,0,0,0,0,0,0,0,0,0,0,0,0,0,0,0,0,0,0,0
ruston police department,2000-11-01,louisiana,20546,LA03102,0,0,0,0,0,0,0,0,3,2,0,0,1,37,2,4,2,1,28,24,19,4,1,97,1,0,1,0,162,9,12,122,134,0,0,0,0,0,0,0,0,0,0,0,0,0,0,0,0,0,0,0,0,0,0,0,0,0,0,0,0,0,0,0,0,0,0,0,0,0,0,0,0,0,0,0,0,0,0,0,0,0,0,0,0,0,0,0,0,0,0,0,0,0,0,0,0,0,0,0,0,0,0,8,0,1,1,0,6,1,1,0,0,0,0,0,0,0,9,2,2,1,3,0,0,0,0,0,0,0,0,0,0,0,0,0,0,0,0,0,0,0,0,0,0,0,0,0,0,0,0,0,0,0,0,0,0,0,0,0,0,0,0,0,0,0,0,0,0,0,0,0,0,0,0
ruston police department,2000-10-01,louisiana,20546,LA03102,0,0,0,0,0,2,2,0,1,0,0,0,1,48,6,8,3,0,31,30,24,5,1,107,2,1,0,1,192,17,20,141,161,0,0,0,0,0,0,0,0,0,0,0,0,0,0,0,0,0,0,0,0,0,0,0,0,0,0,0,0,0,0,0,0,0,0,0,0,0,0,0,0,0,0,0,0,0,0,0,0,0,0,0,0,0,0,0,0,0,0,0,0,0,0,0,0,0,0,0,0,0,0,8,1,1,1,0,5,1,1,0,0,3,5,5,0,0,17,3,3,9,12,0,0,0,0,0,0,0,0,0,1,1,1,2,0,0,0,0,0,0,0,0,0,0,0,0,0,0,0,0,0,0,0,0,0,0,0,0,0,0,0,0,0,0,0,0,0,0,0,0,0,0,0
ruston police department,2000-09-01,louisiana,20546,LA03102,0,0,2,0,0,0,0,0,3,1,0,0,2,19,0,0,2,0,17,22,16,3,3,74,3,3,0,0,121,2,5,99,104,0,0,0,0,0,0,0,0,0,0,0,0,0,0,0,0,0,0,0,0,0,0,0,0,0,0,0,0,0,0,0,0,0,0,0,0,0,0,0,0,0,0,0,0,0,0,0,0,0,0,0,0,0,0,0,0,0,0,0,0,0,0,1,1,0,0,0,0,0,0,1,0,0,1,0,0,2,0,1,1,0,0,0,0,0,4,1,2,2,4,0,0,0,0,0,0,0,0,0,0,0,0,0,0,0,0,0,0,0,0,0,0,0,0,0,0,0,0,0,0,0,0,0,0,0,0,0,0,0,0,0,0,0,0,0,0,0,0,0,0,0,0
ruston police department,2000-08-01,louisiana,20546,LA03102,0,0,2,0,0,0,0,0,0,0,0,0,0,36,2,1,2,4,27,23,13,5,5,80,0,0,0,0,140,9,9,104,113,0,0,0,0,0,0,0,0,0,0,0,0,0,0,0,0,0,0,0,0,0,0,0,0,0,1,0,0,1,1,0,0,0,0,0,0,0,0,0,0,0,0,0,0,0,0,0,0,0,0,0,0,0,0,0,0,0,0,0,0,0,0,1,1,0,1,1,0,0,0,11,0,0,0,0,11,2,2,0,0,5,0,0,0,0,20,0,2,7,9,0,0,0,0,0,0,0,0,0,1,1,0,1,0,0,0,0,0,0,0,0,0,1,1,0,1,0,0,0,0,0,0,0,0,0,0,0,0,0,0,0,0,0,0,0,0,0,0,0,0,0,0
ruston police department,2000-07-01,louisiana,20546,LA03102,0,0,0,0,0,0,0,0,1,1,0,0,0,39,1,2,8,3,25,45,32,7,6,82,4,2,2,0,171,14,15,131,146,0,0,0,0,0,0,0,0,0,0,0,0,0,0,0,0,0,0,0,0,0,0,0,0,0,0,0,0,0,0,0,0,0,0,0,0,0,0,0,0,0,0,0,0,0,0,0,0,0,0,0,0,0,0,0,0,0,0,0,0,0,0,0,0,0,0,0,0,0,0,12,1,0,1,0,10,3,1,0,2,6,1,0,1,0,22,2,2,10,12,0,0,0,0,0,0,0,0,0,0,0,0,0,0,0,0,0,0,0,0,0,0,0,0,0,0,0,0,0,0,0,0,0,0,0,0,0,0,0,0,0,0,0,0,0,0,0,0,0,0,0,0
ruston police department,2000-06-01,louisiana,20546,LA03102,0,0,1,0,0,0,0,0,1,1,0,0,0,39,0,3,1,0,35,24,17,5,2,66,3,1,2,0,134,4,5,94,99,0,0,0,0,0,0,0,0,0,0,0,0,0,0,0,0,0,0,0,0,0,0,0,0,0,0,0,0,0,0,0,0,0,0,0,0,0,0,0,0,0,0,0,0,0,0,0,0,0,0,0,0,0,0,0,0,0,0,0,0,0,0,2,2,0,0,0,0,0,0,12,1,3,0,0,8,4,4,0,0,3,1,1,0,0,22,4,6,8,14,0,0,0,0,1,0,0,1,0,0,0,0,1,0,0,0,0,0,0,0,0,0,0,0,0,0,0,0,0,0,0,0,0,0,0,0,0,0,0,0,0,0,0,0,0,0,0,0,0,0,0,0
ruston police department,2000-05-01,louisiana,20546,LA03102,0,0,1,0,0,1,1,0,5,4,1,0,0,39,1,3,5,2,28,18,13,5,0,71,0,0,0,0,134,11,17,89,106,0,0,0,0,0,0,0,0,0,0,0,0,0,0,0,0,0,0,0,0,0,0,0,0,0,0,0,0,0,0,0,0,0,0,0,0,0,0,0,0,0,0,0,0,0,0,0,0,0,0,0,0,0,0,0,0,0,0,0,0,0,0,0,0,0,0,0,0,0,0,5,1,0,0,0,4,2,1,1,0,1,0,0,0,0,8,1,1,3,4,0,0,0,0,0,0,0,0,0,0,0,0,0,0,0,0,0,0,0,0,0,0,0,0,0,0,0,0,0,0,0,0,0,0,0,0,0,0,0,0,0,0,0,0,0,0,0,0,0,0,0,0
ruston police department,2000-04-01,louisiana,20546,LA03102,0,0,2,0,0,0,0,0,0,0,0,0,0,40,0,5,4,3,28,20,14,6,0,82,2,1,0,1,144,12,12,104,116,0,0,0,0,0,0,0,0,0,0,0,0,0,0,0,0,0,0,0,0,0,0,0,0,0,0,0,0,0,0,0,0,0,0,0,0,0,0,0,0,0,0,0,0,0,0,0,0,0,0,0,0,0,0,0,0,0,0,0,0,0,0,0,0,0,0,0,0,0,0,8,1,1,0,0,6,2,0,2,0,1,0,0,0,0,11,2,2,3,5,0,0,0,0,0,0,0,0,0,0,0,0,0,0,0,0,0,0,0,0,0,0,0,0,0,0,0,0,0,0,0,0,0,0,0,0,0,0,0,0,0,0,0,0,0,0,0,0,0,0,0,0
ruston police department,2000-03-01,louisiana,20546,LA03102,0,0,0,0,0,1,1,0,1,0,1,0,0,44,4,0,2,1,37,18,14,4,0,74,4,2,1,1,142,7,9,96,105,0,0,0,0,0,0,0,0,0,0,0,0,0,0,0,0,0,0,0,0,0,0,0,0,0,0,0,0,0,0,0,0,0,0,0,0,0,0,0,0,0,0,0,0,0,0,0,0,0,0,0,0,0,0,0,0,0,0,0,0,0,0,0,0,0,0,0,0,0,0,1,0,0,0,0,1,0,0,0,0,0,0,0,0,0,1,0,0,0,0,0,0,0,0,0,0,0,0,0,0,0,0,0,0,0,0,0,0,0,0,0,0,0,0,0,0,0,0,0,0,0,0,0,0,0,0,0,0,0,0,0,0,0,0,0,0,0,0,0,0,0,0
ruston police department,2000-02-01,louisiana,20546,LA03102,0,0,0,0,0,0,0,0,1,1,0,0,0,29,2,1,1,1,24,15,7,6,2,45,1,0,1,0,91,5,6,61,67,0,0,0,0,0,0,0,0,0,0,0,0,0,0,0,0,0,0,0,0,0,0,0,0,0,0,0,0,0,0,0,0,0,0,0,0,0,0,0,0,0,0,0,0,0,0,0,0,0,0,0,0,0,0,0,0,0,0,0,0,0,0,1,1,0,0,0,0,0,0,3,1,0,0,0,2,1,1,0,0,2,0,0,0,0,7,1,2,3,5,0,0,0,0,0,0,0,0,0,0,0,0,0,0,0,0,0,0,0,0,0,0,0,0,0,0,0,0,0,0,0,0,0,0,0,0,0,0,0,0,0,0,0,0,0,0,0,0,0,0,0,0
ruston police department,2000-01-01,louisiana,20546,LA03102,0,0,1,0,0,0,0,0,7,7,0,0,0,22,0,4,0,0,18,31,21,5,5,70,5,1,0,4,135,4,11,106,117,0,0,0,0,0,0,0,0,0,0,0,0,0,0,0,0,0,0,0,0,0,0,0,0,0,0,0,0,0,0,0,0,0,0,0,0,0,0,0,0,0,0,0,0,0,0,0,0,0,0,0,0,0,0,0,0,0,0,0,0,0,0,3,3,0,0,0,0,0,0,9,1,0,0,0,8,1,1,0,0,1,0,0,0,0,14,1,4,2,6,0,0,0,0,0,0,0,0,0,0,0,0,0,0,0,0,0,0,0,0,0,0,0,0,0,0,0,0,0,0,0,0,0,0,0,0,0,0,0,0,0,0,0,0,0,0,0,0,0,0,0,0
ruston police department,1999-12-01,louisiana,19629,LA03102,0,0,1,1,0,0,0,0,8,7,0,0,1,24,0,3,1,0,20,39,27,7,5,76,1,1,0,0,149,4,13,116,129,0,0,0,0,0,0,0,0,0,0,0,0,0,0,0,0,0,0,0,0,0,0,0,0,0,0,0,0,0,0,0,0,0,0,0,0,0,0,0,0,0,0,0,0,0,0,0,0,0,0,0,0,0,0,0,0,0,0,0,0,1,0,0,0,0,0,0,0,0,0,9,0,2,1,0,6,2,0,1,1,4,1,1,0,0,17,3,4,7,11,0,0,0,0,0,0,0,0,0,0,0,0,0,0,0,0,0,0,0,0,0,0,0,0,0,0,0,0,0,0,0,0,0,0,0,0,0,0,0,0,0,0,0,0,0,0,0,0,0,0,0,0
ruston police department,1999-11-01,louisiana,19629,LA03102,0,0,1,0,0,1,1,0,2,2,0,0,0,40,0,2,1,2,35,28,21,4,3,68,3,2,1,0,143,5,8,100,108,0,0,0,0,0,0,0,0,0,0,0,0,0,0,0,0,0,0,0,0,0,0,0,0,0,1,0,0,1,1,0,0,0,0,0,0,0,0,0,0,0,0,0,0,0,0,0,0,0,0,0,0,0,0,0,0,0,0,0,0,0,0,0,0,0,1,0,0,0,1,0,0,0,0,0,0,5,2,2,1,1,1,1,0,0,8,0,1,7,8,1,0,0,0,0,0,0,1,0,0,0,0,1,1,0,0,0,0,0,0,1,0,0,0,0,1,0,0,0,0,0,0,0,0,0,0,0,0,0,0,0,0,0,0,0,0,0,0,0,0,0,0
ruston police department,1999-10-01,louisiana,19629,LA03102,0,0,0,0,0,0,0,0,3,3,0,0,0,27,0,1,1,1,24,24,15,6,3,54,6,4,2,0,115,3,6,85,91,0,0,0,0,0,0,0,0,0,0,0,0,0,0,0,0,0,0,0,0,0,0,0,0,0,0,0,0,0,0,0,0,0,0,0,0,0,0,0,0,0,0,0,0,0,0,0,0,0,0,0,0,0,0,0,0,0,0,0,0,0,0,1,1,0,0,0,0,0,0,3,0,0,1,0,2,2,0,2,0,2,0,0,0,0,8,1,2,4,6,0,1,0,0,0,0,0,1,0,0,0,0,1,0,0,0,0,0,0,0,0,0,0,0,0,0,0,0,0,0,0,0,0,0,0,0,0,0,0,0,0,0,0,0,0,0,0,0,0,0,0,0
ruston police department,1999-09-01,louisiana,19629,LA03102,0,0,1,0,0,0,0,0,2,2,0,0,0,40,0,2,2,5,31,16,11,3,2,66,6,5,1,0,130,9,11,88,99,0,0,0,0,0,0,0,0,0,0,0,0,0,0,0,0,0,0,0,0,0,0,0,0,0,0,0,0,0,0,0,0,0,0,0,0,0,0,0,0,0,0,0,0,0,0,0,0,0,0,0,0,0,0,0,0,0,0,0,0,0,0,0,0,0,0,0,0,0,0,9,0,0,0,0,9,2,1,0,1,7,1,1,0,0,19,0,0,10,10,0,0,0,0,0,0,0,0,0,0,0,0,0,0,0,0,0,0,0,0,0,0,0,0,0,0,0,0,0,0,0,0,0,0,0,0,0,0,0,0,0,0,0,0,0,0,0,0,0,0,0,0
ruston police department,1999-08-01,louisiana,19629,LA03102,0,0,0,0,0,0,0,0,1,1,0,0,0,30,0,3,3,1,23,26,21,4,1,96,4,3,1,0,157,7,8,126,134,0,0,0,0,0,0,0,0,0,0,0,0,0,0,0,0,0,0,0,0,0,0,0,0,0,0,0,0,0,0,0,0,0,0,0,0,0,0,0,0,0,0,0,0,0,0,0,0,0,0,0,0,0,0,0,0,0,0,0,0,0,0,0,0,0,1,0,0,0,1,4,0,0,0,0,4,4,2,2,0,9,0,0,0,0,18,0,1,13,14,0,0,0,0,0,0,0,0,0,0,0,0,0,0,0,0,0,0,0,0,0,0,0,0,0,0,0,0,0,0,0,0,0,0,0,0,0,0,0,0,0,0,0,0,0,0,0,0,0,0,0,0
ruston police department,1999-07-01,louisiana,19629,LA03102,0,0,0,0,0,0,0,0,2,1,1,0,0,29,1,1,3,0,24,24,17,7,0,105,4,3,0,1,164,5,7,133,140,0,0,0,0,0,0,0,0,0,0,0,0,0,0,0,0,0,0,0,0,0,0,0,0,0,0,0,0,0,0,0,0,0,0,0,0,0,0,0,0,0,0,0,0,0,0,0,0,0,0,0,0,0,0,0,0,0,0,0,0,0,0,0,0,0,0,0,0,0,0,7,0,0,1,0,6,6,4,1,1,4,1,0,1,0,18,1,1,11,12,0,0,0,0,0,0,0,0,0,0,0,0,0,0,0,0,0,0,0,0,0,0,0,0,0,0,0,0,0,0,0,0,0,0,0,0,0,0,0,0,0,0,0,0,0,0,0,0,0,0,0,0
ruston police department,1999-06-01,louisiana,19629,LA03102,0,0,0,0,0,0,0,0,1,0,0,0,1,22,1,1,3,2,15,15,11,3,1,62,4,2,1,1,104,7,8,81,89,0,0,0,0,0,0,0,0,0,0,0,0,0,0,0,0,0,0,0,0,0,0,0,0,0,0,0,0,0,0,0,0,0,0,0,0,0,0,0,0,0,0,0,0,0,0,0,0,0,0,0,0,0,0,0,0,0,0,0,0,0,0,1,1,0,0,0,0,0,0,5,0,0,1,1,3,4,3,0,1,6,0,0,0,0,16,2,3,10,13,0,0,0,0,0,0,0,0,0,0,0,0,0,0,0,0,0,0,0,0,0,0,0,0,0,0,0,0,0,0,0,0,0,0,0,0,0,0,0,0,0,0,0,0,0,0,0,0,0,0,0,0
ruston police department,1999-05-01,louisiana,19629,LA03102,0,0,0,1,0,0,0,0,2,2,0,0,0,48,2,0,0,1,45,34,22,8,4,87,0,0,0,0,172,3,6,121,127,0,0,0,0,0,0,0,0,0,0,0,0,0,0,0,0,0,0,0,0,0,0,0,0,0,0,0,0,0,0,0,0,0,0,0,0,0,0,0,0,0,0,0,0,0,0,0,0,0,0,0,0,0,0,0,0,0,0,0,0,0,0,0,0,0,0,0,0,0,0,8,0,0,0,0,8,1,1,0,0,3,2,2,0,0,14,0,0,6,6,0,0,0,0,0,0,0,0,0,0,0,0,0,0,0,0,0,0,0,0,0,0,0,0,0,0,0,0,0,0,0,0,0,0,0,0,0,0,0,0,0,0,0,0,0,0,0,0,0,0,0,0
ruston police department,1999-04-01,louisiana,19629,LA03102,0,0,1,1,0,0,0,0,1,1,0,0,0,54,1,2,9,2,40,23,18,3,2,80,1,1,0,0,161,14,16,105,121,0,0,0,0,0,0,0,0,0,0,0,0,0,0,0,0,0,0,0,0,0,0,0,0,0,0,0,0,0,0,0,0,0,0,0,0,0,0,0,0,0,0,0,0,0,0,0,0,0,0,0,0,0,0,0,0,0,0,0,0,0,0,0,0,0,0,0,0,0,0,8,2,2,0,0,4,1,0,1,0,2,0,0,0,0,11,4,4,3,7,0,0,0,0,0,0,0,0,0,0,0,1,1,0,0,0,0,0,0,0,0,0,0,0,0,0,0,0,0,0,0,0,0,0,0,0,0,0,0,0,0,0,0,0,0,0,0,0,0,0,0,0
ruston police department,1999-03-01,louisiana,19629,LA03102,0,0,2,0,0,0,0,0,0,0,0,0,0,44,0,4,5,2,33,10,5,4,1,72,1,1,0,0,127,11,11,83,94,0,0,0,0,0,0,0,0,0,0,0,0,0,0,0,0,0,0,0,0,0,0,0,0,0,0,0,0,0,0,0,0,0,0,0,0,0,0,0,0,0,0,0,0,0,0,0,0,0,0,0,0,0,0,0,0,0,0,0,0,0,0,0,0,0,1,1,0,0,0,11,3,1,1,0,6,2,2,0,0,6,0,0,0,0,20,5,6,8,14,0,0,0,0,0,0,0,0,0,0,0,0,0,0,0,0,0,0,0,0,0,0,0,0,0,0,0,0,0,0,0,0,0,0,0,0,0,0,0,0,0,0,0,0,0,0,0,0,0,0,0,0
ruston police department,1999-02-01,louisiana,19629,LA03102,0,0,0,0,0,0,0,0,3,1,0,0,2,30,0,3,4,2,21,18,10,7,1,64,2,2,0,0,117,9,12,84,96,0,0,0,0,0,0,0,0,0,0,0,0,0,0,0,0,0,0,0,0,0,0,0,0,0,0,0,0,0,0,0,0,0,0,0,0,0,0,0,0,0,0,0,0,0,0,0,0,0,0,0,0,0,0,0,0,0,0,0,0,0,0,0,0,0,2,2,0,0,0,6,1,0,2,0,3,5,2,1,2,4,0,0,0,0,17,3,5,9,14,0,0,0,0,0,0,0,0,0,0,0,0,0,0,0,0,0,0,0,0,0,0,0,0,0,0,0,0,0,0,0,0,0,0,0,0,0,0,0,0,0,0,0,0,0,0,0,0,0,0,0,0
ruston police department,1999-01-01,louisiana,19629,LA03102,0,0,1,0,0,0,0,0,2,2,0,0,0,29,3,2,2,3,19,19,13,5,1,79,4,3,1,0,133,10,12,102,114,0,0,0,0,0,0,0,0,0,0,0,0,0,0,0,0,0,0,0,0,0,0,0,0,0,0,0,0,0,0,0,0,0,0,0,0,0,0,0,0,0,0,0,0,0,0,0,0,0,0,0,0,0,0,0,0,0,0,0,0,0,0,0,0,0,0,0,0,0,0,9,1,0,0,0,8,4,4,0,0,5,0,0,0,0,18,1,1,9,10,0,0,0,0,0,0,0,0,0,0,0,0,0,0,0,0,0,0,0,0,0,0,0,0,0,0,0,0,0,0,0,0,0,0,0,0,0,0,0,0,0,0,0,0,0,0,0,0,0,0,0,0
ruston police department,1998-12-01,louisiana,19869,LA03102,0,0,1,0,0,0,0,0,0,0,0,0,0,37,1,3,3,1,29,36,29,4,3,66,3,2,1,0,142,8,8,105,113,0,0,0,0,0,0,0,0,0,0,36,1,3,3,1,28,8,8,0,0,33,2,0,1,1,79,8,8,43,51,0,0,0,0,0,0,0,0,0,0,10,0,0,1,0,9,1,1,0,0,8,0,0,0,0,19,1,1,9,10,0,0,0,0,0,0,0,0,0,0,7,2,0,2,0,3,3,1,2,0,5,0,0,0,0,15,4,4,8,12,0,0,0,0,0,0,0,0,0,0,0,0,0,0,0,0,0,0,0,0,0,0,0,0,0,0,0,0,0,0,0,0,0,0,0,0,0,0,0,0,0,0,0,0,0,0,0,0,0,0,0,0
ruston police department,1998-11-01,louisiana,19869,LA03102,0,0,2,0,0,0,0,0,0,0,0,0,0,42,1,5,3,2,31,25,15,8,2,65,2,1,1,0,134,11,11,92,103,0,0,0,0,0,0,0,0,0,0,32,1,5,3,2,21,2,1,1,0,21,0,0,0,0,55,11,11,23,34,0,0,0,0,0,0,0,0,0,0,8,0,0,2,0,6,0,0,0,0,0,0,0,0,0,8,2,2,0,2,0,0,0,0,0,2,0,0,0,2,7,1,1,0,0,5,0,0,0,0,5,0,0,0,0,14,2,4,5,9,0,0,0,0,0,0,0,0,0,0,0,0,0,0,0,0,0,0,0,0,0,0,0,0,0,0,0,0,0,0,0,0,0,0,0,0,0,0,0,0,0,0,0,0,0,0,0,0,0,0,0,0
ruston police department,1998-10-01,louisiana,19869,LA03102,0,0,2,0,0,0,0,0,4,3,0,0,1,32,0,2,3,1,26,16,12,4,0,88,2,2,0,0,142,6,10,106,116,0,0,0,0,0,4,3,0,0,1,31,0,2,3,1,25,2,1,1,0,28,1,1,0,0,66,6,10,31,41,0,0,0,0,0,1,1,0,0,0,13,0,1,1,0,11,0,0,0,0,8,1,1,0,0,23,2,3,9,12,0,0,0,0,0,0,0,0,0,0,6,1,1,0,0,4,3,1,1,1,4,1,0,0,1,14,2,2,8,10,0,0,0,0,0,0,0,0,0,0,0,0,0,0,0,0,0,0,0,0,0,0,0,0,0,0,0,0,0,0,0,0,0,0,0,0,0,0,0,0,0,0,0,0,0,0,0,0,0,0,0,0
ruston police department,1998-09-01,louisiana,19869,LA03102,0,0,1,0,0,0,0,0,3,0,0,0,3,26,1,0,2,0,23,15,13,2,0,79,12,8,2,2,135,3,6,106,112,0,0,0,0,0,2,0,0,0,2,24,1,0,2,0,21,1,1,0,0,26,1,1,0,0,54,3,5,28,33,0,0,0,0,0,2,0,0,0,2,7,0,0,1,0,6,0,0,0,0,6,0,0,0,0,15,1,3,6,9,0,0,0,0,0,1,0,0,0,1,7,1,1,0,0,5,1,0,1,0,1,0,0,0,0,10,2,3,2,5,0,0,0,0,0,0,0,0,0,0,0,0,0,0,0,0,0,0,0,0,0,0,0,0,0,0,0,0,0,0,0,0,0,0,0,0,0,0,0,0,0,0,0,0,0,0,0,0,0,0,0,0
ruston police department,1998-08-01,louisiana,19869,LA03102,0,0,2,0,0,0,0,0,2,0,0,0,2,32,1,7,3,4,17,21,13,7,1,93,3,3,0,0,152,15,17,118,135,0,0,0,0,0,0,0,0,0,0,30,0,7,3,4,16,3,3,0,0,20,0,0,0,0,53,14,14,23,37,0,0,0,0,0,0,0,0,0,0,3,0,1,1,0,1,0,0,0,0,8,0,0,0,0,11,2,2,8,10,0,0,0,0,0,0,0,0,0,0,8,4,0,0,0,4,3,2,1,0,4,0,0,0,0,15,4,4,7,11,0,1,0,0,0,0,0,1,0,0,0,0,1,0,0,0,0,0,0,0,0,0,0,0,0,0,0,0,0,0,0,0,0,0,0,0,0,0,0,0,0,0,0,0,0,0,0,0,0,0,0,0
ruston police department,1998-07-01,louisiana,19869,LA03102,0,0,1,1,0,1,1,0,4,1,0,0,3,44,0,5,6,2,31,19,12,5,2,64,1,0,1,0,135,13,19,85,104,1,0,1,1,0,1,0,0,0,1,44,0,5,6,2,31,4,4,0,0,18,0,0,0,0,70,13,16,23,39,0,0,1,1,0,1,0,0,0,1,6,0,0,0,0,6,1,1,0,0,2,0,0,0,0,12,0,2,4,6,0,0,0,0,0,0,0,0,0,0,5,0,0,1,0,4,3,1,2,0,2,0,0,0,0,10,1,1,5,6,1,0,0,0,0,0,0,1,0,0,0,0,1,1,0,0,0,0,0,0,1,0,0,0,0,1,1,0,0,0,0,0,0,1,0,0,0,0,1,0,0,0,0,0,0,0,0,0,0,0,0,0
ruston police department,1998-06-01,louisiana,19869,LA03102,0,0,2,0,0,0,0,0,0,0,0,0,0,27,0,2,2,0,23,32,24,2,6,83,3,2,0,1,145,4,4,118,122,0,0,0,0,0,0,0,0,0,0,27,0,2,2,0,23,4,4,0,0,27,0,0,0,0,58,4,4,31,35,0,0,0,0,0,0,0,0,0,0,6,0,0,1,0,5,0,0,0,0,6,0,0,0,0,12,1,1,6,7,0,0,1,1,0,0,0,0,0,0,6,1,0,0,0,5,1,1,0,0,4,0,0,0,0,12,1,2,5,7,0,0,0,0,0,0,0,0,0,0,0,0,0,0,0,0,0,0,0,0,0,0,0,0,0,0,0,0,0,0,0,0,0,0,0,0,0,0,0,0,0,0,0,0,0,0,0,0,0,0,0,0
ruston police department,1998-05-01,louisiana,19869,LA03102,0,0,1,0,0,0,0,0,2,2,0,0,0,27,0,3,8,3,13,20,11,6,3,79,3,3,0,0,131,14,16,102,118,0,0,0,0,0,1,0,1,0,0,26,0,3,7,3,13,6,6,0,0,24,0,0,0,0,57,13,14,30,44,0,0,0,0,0,1,0,1,0,0,5,0,0,1,1,3,3,3,0,0,6,0,0,0,0,15,2,3,9,12,0,0,2,2,0,0,0,0,0,0,10,2,0,0,0,8,1,0,1,0,5,1,1,0,0,19,2,4,7,11,0,0,0,0,0,0,0,0,0,0,0,0,0,0,0,0,0,0,0,0,0,0,0,0,0,0,0,0,0,0,0,0,0,0,0,0,0,0,0,0,0,0,0,0,0,0,0,0,0,0,0,0
ruston police department,1998-04-01,louisiana,19869,LA03102,0,0,1,0,0,0,0,0,3,1,1,0,1,42,0,1,1,3,37,12,7,2,3,70,2,2,0,0,129,5,8,84,92,0,0,0,0,0,1,1,0,0,0,41,0,1,1,3,36,1,1,0,0,20,0,0,0,0,63,5,6,21,27,0,0,0,0,0,1,1,0,0,0,11,0,0,1,1,9,1,1,0,0,1,0,0,0,0,14,2,3,2,5,0,0,0,0,0,0,0,0,0,0,4,1,0,0,0,3,2,0,2,0,8,0,0,0,0,14,1,1,10,11,0,0,0,0,0,0,0,0,0,0,0,0,0,0,0,0,0,0,0,0,0,0,0,0,0,0,0,0,0,0,0,0,0,0,0,0,0,0,0,0,0,0,0,0,0,0,0,0,0,0,0,0
ruston police department,1998-03-01,louisiana,19869,LA03102,0,0,1,0,0,0,0,0,4,2,0,0,2,37,3,2,3,2,27,13,9,4,0,84,6,3,3,0,144,10,14,103,117,0,0,0,0,0,2,0,0,0,2,35,4,0,3,1,27,0,0,0,0,0,0,0,0,0,37,8,10,0,10,0,0,0,0,0,0,0,0,0,0,11,1,0,1,1,8,0,0,0,0,0,0,0,0,0,11,3,3,0,3,0,0,0,0,0,0,0,0,0,0,2,1,1,0,0,0,0,0,0,0,6,0,0,0,0,8,2,2,6,8,0,0,0,0,0,0,0,0,0,0,0,0,0,0,0,0,0,0,0,0,0,0,0,0,0,0,0,0,0,0,0,0,0,0,0,0,0,0,0,0,0,0,0,0,0,0,0,0,0,0,0,0
ruston police department,1998-02-01,louisiana,19869,LA03102,0,0,1,0,0,0,0,0,3,3,0,0,0,28,1,3,3,1,20,17,10,4,3,77,3,3,0,0,128,8,11,97,108,0,0,0,0,0,1,1,0,0,0,26,1,3,1,1,20,1,1,0,0,28,0,0,0,0,56,6,7,29,36,0,0,0,0,0,1,1,0,0,0,12,0,1,1,0,10,0,0,0,0,4,0,0,0,0,17,2,3,4,7,0,0,0,0,0,0,0,0,0,0,4,0,0,1,0,3,1,0,1,0,6,0,0,0,0,11,1,1,7,8,0,0,0,0,0,0,0,0,0,0,0,0,0,0,0,0,0,0,0,0,0,0,0,0,0,0,0,0,0,0,0,0,0,0,0,0,0,0,0,0,0,0,0,0,0,0,0,0,0,0,0,0
ruston police department,1998-01-01,louisiana,19869,LA03102,0,0,1,0,0,0,0,0,1,1,0,0,0,41,2,0,4,0,35,40,24,11,5,74,12,6,3,3,168,6,7,126,133,0,0,0,0,0,0,0,0,0,0,41,2,0,4,0,35,6,5,1,0,28,0,0,0,0,75,6,6,34,40,0,0,0,0,0,0,0,0,0,0,15,0,0,1,0,14,2,2,0,0,5,0,0,0,0,22,1,1,7,8,0,0,0,0,0,0,0,0,0,0,8,0,0,2,0,6,1,1,0,0,5,0,0,0,0,14,2,2,6,8,0,0,0,0,0,0,0,0,0,0,0,0,0,0,0,0,0,0,0,0,0,0,0,0,0,0,0,0,0,0,0,0,0,0,0,0,0,0,0,0,0,0,0,0,0,0,0,0,0,0,0,0
ruston police department,1997-12-01,louisiana,20293,LA03102,0,0,2,0,0,1,1,0,4,2,0,0,2,35,2,3,5,1,24,26,22,2,2,87,3,3,0,0,157,11,16,117,133,0,0,1,1,0,1,0,0,0,1,34,2,2,5,1,24,5,4,0,1,36,0,0,0,0,77,10,12,41,53,0,0,1,1,0,0,0,0,0,0,5,0,0,0,0,5,4,4,0,0,6,0,0,0,0,16,0,1,10,11,0,0,1,1,0,0,0,0,0,0,7,0,1,1,0,5,0,0,0,0,3,1,1,0,0,12,2,3,4,7,1,0,0,0,0,0,0,1,0,0,0,0,1,0,0,0,0,0,0,0,0,0,0,0,0,0,0,0,0,0,0,0,0,0,0,0,0,0,0,0,0,0,0,0,0,0,0,0,0,0,0,0
ruston police department,1997-11-01,louisiana,20293,LA03102,0,0,2,0,0,0,0,0,1,0,0,0,1,43,0,2,3,0,38,33,21,10,2,90,4,3,1,0,171,5,6,127,133,0,0,0,0,0,1,0,0,0,1,42,0,1,3,0,38,0,0,0,0,36,0,0,0,0,79,4,5,36,41,0,0,0,0,0,0,0,0,0,0,14,0,0,1,0,13,0,0,0,0,9,0,0,0,0,23,1,1,9,10,1,0,1,1,0,0,0,0,0,0,6,0,0,0,0,6,2,1,1,0,4,0,0,0,0,14,0,2,6,8,0,0,0,0,0,0,0,0,0,0,0,0,0,0,0,0,0,0,0,0,0,0,0,0,0,0,0,0,0,0,0,0,0,0,0,0,0,0,0,0,0,0,0,0,0,0,0,0,0,0,0,0
ruston police department,1997-10-01,louisiana,20293,LA03102,0,0,2,0,0,0,0,0,3,3,0,0,0,44,1,4,6,2,31,30,23,4,3,113,1,1,0,0,191,13,16,144,160,0,0,0,0,0,1,1,0,0,0,41,1,4,5,1,30,2,2,0,0,39,0,0,0,0,83,11,12,41,53,0,0,0,0,0,1,1,0,0,0,16,0,1,1,0,14,0,0,0,0,7,0,0,0,0,24,2,3,7,10,0,0,0,0,0,0,0,0,0,0,8,2,0,1,0,5,1,0,0,1,4,2,1,1,0,15,3,3,7,10,0,0,0,0,0,0,0,0,0,0,0,0,0,0,0,0,0,0,0,0,0,0,0,0,0,0,0,0,0,0,0,0,0,0,0,0,0,0,0,0,0,0,0,0,0,0,0,0,0,0,0,0
ruston police department,1997-09-01,louisiana,20293,LA03102,0,0,2,0,0,0,0,0,2,1,0,0,1,42,0,1,5,0,36,36,27,8,1,100,2,1,1,0,183,6,8,139,147,0,0,0,0,0,1,1,0,0,0,37,0,1,4,0,32,2,2,0,0,28,0,0,0,0,68,5,6,30,36,0,0,0,0,0,0,0,0,0,0,12,0,0,1,0,11,0,0,0,0,2,0,0,0,0,14,1,1,2,3,0,0,1,1,0,0,0,0,0,0,5,1,1,0,0,3,1,1,0,0,8,0,0,0,0,15,2,3,9,12,0,0,1,0,0,0,0,1,0,0,0,0,1,0,0,0,0,0,0,0,0,0,0,0,0,0,0,0,0,0,0,0,0,0,0,0,0,0,0,0,0,0,0,0,0,0,0,0,0,0,0,0
ruston police department,1997-08-01,louisiana,20293,LA03102,0,0,0,0,0,0,0,0,4,1,0,0,3,36,1,2,4,1,28,40,25,11,4,101,6,6,0,0,187,8,12,147,159,0,0,0,0,0,2,0,0,0,2,35,1,2,3,1,28,5,4,1,0,23,0,0,0,0,65,7,9,28,37,0,0,0,0,0,1,0,0,0,1,0,0,0,0,0,0,0,0,0,0,1,0,0,0,0,2,0,1,1,2,0,0,1,1,0,0,0,0,0,0,4,1,1,1,0,1,2,2,0,0,4,1,1,0,0,12,3,4,7,11,0,0,0,0,0,0,0,0,0,0,0,0,0,0,0,0,0,0,0,0,0,0,0,0,0,0,0,0,0,0,0,0,0,0,0,0,0,0,0,0,0,0,0,0,0,0,0,0,0,0,0,0
ruston police department,1997-07-01,louisiana,20293,LA03102,0,0,0,0,0,0,0,0,2,0,0,0,2,41,2,5,2,1,31,36,23,10,3,89,2,1,1,0,170,10,12,127,139,0,0,0,0,0,1,0,0,0,1,38,2,4,1,1,30,2,1,1,0,26,0,0,0,0,67,8,9,28,37,0,0,0,0,0,0,0,0,0,0,6,0,1,0,0,5,2,1,1,0,4,0,0,0,0,12,1,1,6,7,0,0,1,1,0,1,1,0,0,0,8,0,0,0,0,8,5,2,3,0,7,0,0,0,0,22,0,2,12,14,0,0,0,0,0,0,0,0,0,0,0,0,0,0,0,0,0,0,0,0,0,0,0,0,0,0,0,0,0,0,0,0,0,0,0,0,0,0,0,0,0,0,0,0,0,0,0,0,0,0,0,0
ruston police department,1997-06-01,louisiana,20293,LA03102,0,0,2,1,0,0,0,0,1,1,0,0,0,49,1,6,10,3,29,32,20,10,2,86,2,1,1,0,171,20,22,120,142,1,0,0,0,0,0,0,0,0,0,47,1,6,9,3,28,1,1,0,0,35,0,0,0,0,84,19,20,36,56,0,0,0,0,0,0,0,0,0,0,9,0,2,3,0,4,0,0,0,0,4,0,0,0,0,13,5,5,4,9,0,0,0,0,0,0,0,0,0,0,6,1,0,1,0,4,1,1,0,0,4,0,0,0,0,11,2,2,5,7,0,0,0,0,0,0,0,0,0,0,0,0,0,0,0,0,0,0,0,0,0,0,0,0,0,0,0,0,0,0,0,0,0,0,0,0,0,0,0,0,0,0,0,0,0,0,0,0,0,0,0,0
ruston police department,1997-05-01,louisiana,20293,LA03102,0,0,4,0,0,0,0,0,1,0,0,0,1,46,0,2,5,4,35,19,12,5,2,99,3,3,0,0,168,11,12,121,133,0,0,0,0,0,0,0,0,0,0,43,0,2,5,3,33,2,2,0,0,36,0,0,0,0,81,10,10,38,48,0,0,0,0,0,0,0,0,0,0,12,0,0,2,0,10,1,1,0,0,6,0,0,0,0,19,2,2,7,9,0,0,0,0,0,1,1,0,0,0,9,0,1,1,0,7,3,1,2,0,5,0,0,0,0,18,2,3,8,11,0,0,0,0,0,0,0,0,0,0,0,0,0,0,0,0,0,0,0,0,0,0,0,0,0,0,0,0,0,0,0,0,0,0,0,0,0,0,0,0,0,0,0,0,0,0,0,0,0,0,0,0
ruston police department,1997-04-01,louisiana,20293,LA03102,0,0,1,0,0,0,0,0,1,0,1,0,0,30,0,2,4,1,23,16,10,2,4,132,2,1,0,1,183,7,8,152,160,0,0,0,0,0,0,0,0,0,0,29,0,2,4,1,22,2,1,0,1,46,0,0,0,0,78,7,7,49,56,0,0,0,0,0,0,0,0,0,0,7,0,0,0,1,6,0,0,0,0,6,0,0,0,0,13,1,1,6,7,0,0,2,2,0,0,0,0,0,0,10,1,0,1,0,8,2,0,2,0,3,2,1,1,0,19,2,4,7,11,1,0,0,0,1,0,0,2,0,0,0,0,2,1,0,0,0,0,0,0,1,0,0,0,0,1,0,0,0,0,0,0,0,0,0,0,0,0,0,0,0,0,0,0,0,0,0,0,0,0,0,0
ruston police department,1997-03-01,louisiana,20293,LA03102,0,0,0,0,0,0,0,0,1,0,0,0,1,63,1,6,3,0,53,43,27,12,4,105,4,2,2,0,216,10,11,152,163,0,0,0,0,0,0,0,0,0,0,62,1,6,2,0,53,4,4,0,0,32,1,0,1,0,99,9,9,37,46,0,0,0,0,0,0,0,0,0,0,12,0,1,0,0,11,0,0,0,0,2,0,0,0,0,14,1,1,2,3,0,0,0,0,0,0,0,0,0,0,8,1,0,0,0,7,1,0,1,0,5,1,0,1,0,15,1,1,7,8,0,0,0,0,0,0,0,0,0,0,0,0,0,0,0,0,0,0,0,0,0,0,0,0,0,0,0,0,0,0,0,0,0,0,0,0,0,0,0,0,0,0,0,0,0,0,0,0,0,0,0,0
ruston police department,1997-02-01,louisiana,20293,LA03102,0,0,1,0,0,0,0,0,0,0,0,0,0,48,3,2,8,5,30,47,38,8,1,95,2,1,1,0,192,18,18,144,162,0,0,0,0,0,0,0,0,0,0,48,3,2,8,5,30,9,8,1,0,49,0,0,0,0,106,18,18,58,76,0,0,0,0,0,0,0,0,0,0,13,1,0,1,0,11,0,0,0,0,8,0,0,0,0,21,2,2,8,10,0,0,0,0,0,0,0,0,0,0,13,2,1,0,0,10,1,1,0,0,6,1,1,0,0,21,3,3,8,11,0,0,0,0,0,0,0,0,0,0,0,0,0,0,0,0,0,0,0,0,0,0,0,0,0,0,0,0,0,0,0,0,0,0,0,0,0,0,0,0,0,0,0,0,0,0,0,0,0,0,0,0
ruston police department,1997-01-01,louisiana,20293,LA03102,0,0,1,1,0,0,0,0,7,4,0,0,3,51,0,4,4,2,41,38,25,8,5,98,3,3,0,0,200,10,18,141,159,0,0,0,0,0,4,3,0,0,1,49,0,2,4,2,41,0,0,0,0,22,0,0,0,0,75,8,12,22,34,0,0,0,0,0,0,0,0,0,0,9,0,0,0,0,9,0,0,0,0,2,0,0,0,0,11,0,0,2,2,0,0,0,0,0,2,2,0,0,0,3,1,0,0,0,2,4,0,4,0,7,1,0,1,0,17,1,3,12,15,1,0,0,0,0,1,0,2,0,0,0,0,2,0,0,0,0,0,0,0,0,0,0,0,0,0,0,0,0,0,0,0,0,0,0,0,0,0,0,0,0,0,0,0,0,0,0,0,0,0,0,0
ruston police department,1996-12-01,louisiana,20289,LA03102,0,0,0,0,0,0,0,0,5,2,1,0,2,41,0,2,3,1,35,48,33,7,8,78,7,4,2,1,180,6,11,134,145,0,0,0,0,0,0,0,0,0,0,40,0,2,3,1,34,8,6,1,1,23,1,0,0,1,72,6,6,32,38,0,0,0,0,0,0,0,0,0,0,12,0,0,0,0,12,5,5,0,0,1,0,0,0,0,18,0,0,6,6,0,0,0,0,0,0,0,0,0,0,10,4,1,0,0,5,9,5,3,1,5,2,2,0,0,26,5,5,16,21,0,1,0,0,0,0,0,1,0,0,0,0,1,0,0,0,0,0,0,0,0,0,0,0,0,0,0,0,0,0,0,0,0,0,0,0,0,0,0,0,0,0,0,0,0,0,0,0,0,0,0,0
ruston police department,1996-11-01,louisiana,20289,LA03102,0,0,2,0,0,0,0,0,4,0,1,1,2,45,0,4,4,0,37,40,31,7,2,134,8,6,2,0,231,8,12,182,194,0,0,0,0,0,0,0,0,0,0,44,0,4,3,0,37,3,3,0,0,43,0,0,0,0,90,7,7,46,53,0,0,0,0,0,0,0,0,0,0,9,0,2,1,0,6,0,0,0,0,8,0,0,0,0,17,3,3,8,11,0,0,2,2,0,1,0,0,0,1,6,0,0,0,0,6,1,0,0,1,8,0,0,0,0,18,0,3,9,12,0,0,0,0,0,0,0,0,0,0,0,0,0,0,0,0,0,0,0,0,0,0,0,0,0,0,0,0,0,0,0,0,0,0,0,0,0,0,0,0,0,0,0,0,0,0,0,0,0,0,0,0
ruston police department,1996-10-01,louisiana,20289,LA03102,0,0,3,0,0,0,0,0,6,2,0,0,4,69,5,8,5,3,48,27,19,7,1,169,5,4,1,0,276,21,27,201,228,0,0,0,0,0,2,1,0,0,1,65,4,8,3,2,48,4,2,2,0,49,0,0,0,0,120,17,19,53,72,0,0,0,0,0,0,0,0,0,0,24,0,2,0,0,22,0,0,0,0,12,0,0,0,0,36,2,2,12,14,0,0,0,0,0,0,0,0,0,0,10,1,0,0,0,9,5,2,1,2,5,1,1,0,0,21,1,1,11,12,0,0,0,0,0,0,0,0,0,0,0,0,0,0,0,0,0,0,0,0,0,0,0,0,0,0,0,0,0,0,0,0,0,0,0,0,0,0,0,0,0,0,0,0,0,0,0,0,0,0,0,0
ruston police department,1996-09-01,louisiana,20289,LA03102,,0,1,0,0,1,1,0,1,1,0,0,0,57,3,7,10,4,33,30,17,6,7,155,3,1,2,0,248,24,26,189,215,0,0,1,1,0,1,1,0,0,0,54,3,7,8,3,33,7,5,1,1,40,0,0,0,0,103,21,23,47,70,0,0,1,1,0,0,0,0,0,0,8,0,1,1,0,6,0,0,0,0,2,0,0,0,0,11,2,3,2,5,0,0,1,1,0,0,0,0,0,0,9,1,1,2,0,5,1,1,0,0,4,1,1,0,0,16,4,5,6,11,1,0,0,0,0,0,0,1,0,0,0,0,1,0,0,0,0,0,0,0,0,0,0,0,0,0,0,0,0,0,0,0,0,0,0,0,0,0,0,0,0,0,0,0,0,0,0,0,0,0,0,0
ruston police department,1996-08-01,louisiana,20289,LA03102,0,0,2,0,0,0,0,0,1,0,0,0,1,62,1,8,3,10,40,45,27,15,3,118,4,2,2,0,230,22,23,167,190,0,0,0,0,0,1,0,0,0,1,56,1,8,2,8,37,15,13,2,0,39,0,0,0,0,111,19,20,54,74,0,0,0,0,0,0,0,0,0,0,10,0,3,1,0,6,13,13,0,0,10,0,0,0,0,33,4,4,23,27,0,0,0,0,0,1,1,0,0,0,6,2,0,1,0,3,9,5,4,0,5,1,1,0,0,22,3,4,15,19,0,0,0,0,0,0,0,0,0,0,0,0,0,0,0,0,0,0,0,0,0,0,0,0,0,0,0,0,0,0,0,0,0,0,0,0,0,0,0,0,0,0,0,0,0,0,0,0,0,0,0,0
ruston police department,1996-07-01,louisiana,20289,LA03102,0,0,0,0,0,0,0,0,0,0,0,0,0,35,1,2,4,3,25,35,22,11,2,76,9,3,2,4,156,10,10,121,131,0,0,0,0,0,0,0,0,0,0,34,1,2,4,2,25,7,5,0,2,33,0,0,0,0,75,9,9,41,50,0,0,0,0,0,0,0,0,0,0,9,0,0,2,0,7,4,3,0,1,8,0,0,0,0,21,2,2,12,14,0,0,1,1,0,0,0,0,0,0,10,2,1,0,0,7,2,1,1,0,15,3,2,1,0,31,3,4,20,24,1,0,0,0,0,0,0,1,0,0,0,0,1,1,0,0,0,0,0,0,1,0,0,0,0,1,0,0,0,0,0,0,0,0,0,0,0,0,0,0,0,0,0,0,0,0,0,0,0,0,0,0
ruston police department,1996-06-01,louisiana,20289,LA03102,0,0,5,0,0,0,0,0,3,1,1,0,1,48,3,12,5,0,28,33,26,4,3,98,1,1,0,0,184,20,23,133,156,0,0,0,0,0,1,1,0,0,0,46,3,12,4,0,27,1,1,0,0,39,0,0,0,0,87,19,20,40,60,0,0,0,0,0,0,0,0,0,0,14,0,2,0,0,12,0,0,0,0,5,0,0,0,0,19,2,2,5,7,0,0,1,1,0,0,0,0,0,0,8,1,0,0,0,7,1,1,0,0,11,0,0,0,0,21,1,2,12,14,0,0,1,0,0,0,0,1,0,0,0,0,1,0,0,0,0,0,0,0,0,0,0,0,0,0,0,0,0,0,0,0,0,0,0,0,0,0,0,0,0,0,0,0,0,0,0,0,0,0,0,0
ruston police department,1996-05-01,louisiana,20289,LA03102,0,0,5,0,1,0,0,0,1,0,0,0,1,53,2,6,4,6,35,24,15,7,2,108,4,2,0,2,191,18,19,136,155,0,1,0,0,0,0,0,0,0,0,51,2,6,3,6,34,6,4,2,0,38,1,1,0,0,97,17,17,45,62,0,0,0,0,0,0,0,0,0,0,13,0,2,1,0,10,0,0,0,0,8,0,0,0,0,21,3,3,8,11,0,0,1,1,0,0,0,0,0,0,12,1,1,1,0,9,4,2,2,0,5,1,1,0,0,23,3,4,10,14,0,0,0,0,0,0,0,0,0,0,0,0,0,0,0,0,0,0,0,0,0,0,0,0,0,0,0,0,0,0,0,0,0,0,0,0,0,0,0,0,0,0,0,0,0,0,0,0,0,0,0,0
ruston police department,1996-04-01,louisiana,20289,LA03102,0,0,0,0,0,0,0,0,0,0,0,0,0,54,2,3,8,4,37,21,11,7,3,98,5,2,2,1,178,17,17,124,141,0,0,0,0,0,0,0,0,0,0,50,2,3,8,4,33,2,1,1,0,29,1,0,1,0,82,17,17,32,49,0,0,0,0,0,0,0,0,0,0,9,1,2,0,0,6,1,1,0,0,3,0,0,0,0,13,3,3,4,7,0,0,0,0,0,0,0,0,0,0,13,3,1,0,0,9,2,1,1,0,15,0,0,0,0,30,4,4,17,21,0,0,0,0,0,0,0,0,0,0,0,0,0,0,0,0,0,0,0,0,0,0,0,0,0,0,0,0,0,0,0,0,0,0,0,0,0,0,0,0,0,0,0,0,0,0,0,0,0,0,0,0
ruston police department,1996-03-01,louisiana,20289,LA03102,0,0,2,0,0,0,0,0,4,2,0,0,2,37,0,4,6,1,26,11,5,4,2,117,1,1,0,0,170,11,15,129,144,0,0,0,0,0,2,1,0,0,1,35,0,3,5,1,26,0,0,0,0,31,0,0,0,0,68,9,11,31,42,0,0,0,0,0,0,0,0,0,0,5,0,0,0,0,5,0,0,0,0,4,0,0,0,0,9,0,0,4,4,0,0,2,2,0,0,0,0,0,0,11,5,0,1,0,5,1,1,0,0,5,0,0,0,0,19,6,8,6,14,0,0,0,0,0,0,0,0,0,0,0,0,0,0,0,0,0,0,0,0,0,0,0,0,0,0,0,0,0,0,0,0,0,0,0,0,0,0,0,0,0,0,0,0,0,0,0,0,0,0,0,0
ruston police department,1996-02-01,louisiana,20289,LA03102,0,0,0,0,0,0,0,0,2,1,0,0,1,56,1,3,8,2,42,27,22,2,3,95,2,2,0,0,184,14,16,126,142,0,0,0,0,0,0,0,0,0,0,55,1,3,7,2,42,1,1,0,0,42,1,1,0,0,100,13,13,45,58,0,0,0,0,0,0,0,0,0,0,11,0,0,0,1,10,0,0,0,0,1,0,0,0,0,12,1,1,1,2,0,0,0,0,0,3,1,0,0,2,11,1,0,1,0,9,2,2,0,0,3,1,1,0,0,20,2,5,6,11,0,0,0,0,0,1,0,1,0,1,1,0,2,0,0,0,0,0,0,0,0,0,1,1,0,1,0,0,0,0,0,0,0,0,0,0,0,0,0,0,0,0,0,0,0,0,0,0,0,0,0,0
ruston police department,1996-01-01,louisiana,20289,LA03102,0,0,0,0,0,0,0,0,3,1,0,0,2,42,0,2,1,4,35,33,23,8,2,71,3,2,0,1,152,7,10,107,117,0,0,0,0,0,2,1,0,0,1,41,0,1,1,4,35,3,3,0,0,23,0,0,0,0,69,6,8,26,34,0,0,0,0,0,2,1,0,0,1,7,0,0,0,1,6,0,0,0,0,0,0,0,0,0,9,1,3,0,3,0,0,0,0,0,1,0,1,0,0,13,2,0,0,0,11,1,1,0,0,10,0,0,0,0,25,2,3,11,14,0,0,0,0,0,0,0,0,0,0,0,0,0,0,0,0,0,0,0,0,0,0,0,0,0,0,0,0,0,0,0,0,0,0,0,0,0,0,0,0,0,0,0,0,0,0,0,0,0,0,0,0
ruston police department,1995-12-01,louisiana,20248,LA03102,0,0,1,0,0,1,1,0,0,0,0,0,0,53,0,6,2,5,40,24,13,7,4,104,2,1,1,0,184,13,14,130,144,0,0,1,1,0,0,0,0,0,0,51,0,5,2,5,39,1,0,1,0,30,0,0,0,0,83,12,13,31,44,0,0,1,1,0,0,0,0,0,0,7,0,1,0,1,5,0,0,0,0,7,0,0,0,0,15,2,3,7,10,0,0,1,1,0,2,1,0,0,1,16,1,0,0,0,15,0,0,0,0,4,1,1,0,0,24,1,4,5,9,0,0,0,0,0,0,0,0,0,0,0,0,0,0,0,0,0,0,0,0,0,0,0,0,0,0,0,0,0,0,0,0,0,0,0,0,0,0,0,0,0,0,0,0,0,0,0,0,0,0,0,0
ruston police department,1995-11-01,louisiana,20248,LA03102,0,0,2,0,0,0,0,0,1,0,0,0,1,42,1,4,2,2,33,19,11,4,4,69,1,1,0,0,132,9,10,89,99,0,0,0,0,0,1,0,0,0,1,40,1,4,1,2,32,0,0,0,0,17,0,0,0,0,58,8,9,17,26,0,0,0,0,0,0,0,0,0,0,16,0,1,1,0,14,0,0,0,0,3,0,0,0,0,19,2,2,3,5,0,0,2,2,0,0,0,0,0,0,14,2,0,2,1,9,1,0,1,0,1,1,1,0,0,19,5,7,3,10,0,0,0,0,0,0,0,0,0,0,0,0,0,0,0,0,0,0,0,0,0,0,0,0,0,0,0,0,0,0,0,0,0,0,0,0,0,0,0,0,0,0,0,0,0,0,0,0,0,0,0,0
ruston police department,1995-10-01,louisiana,20248,LA03102,0,0,1,1,0,0,0,0,1,1,0,0,0,33,1,7,2,1,22,24,13,6,5,82,0,0,0,0,141,11,13,106,119,1,0,0,0,0,0,0,0,0,0,32,1,6,2,1,22,4,3,1,0,20,0,0,0,0,57,10,11,24,35,0,0,0,0,0,0,0,0,0,0,5,0,1,1,1,2,0,0,0,0,5,0,0,0,0,10,3,3,5,8,0,0,0,0,0,0,0,0,0,0,21,3,0,2,0,16,1,0,0,1,4,0,0,0,0,26,5,5,5,10,0,0,0,0,0,0,0,0,0,0,0,0,0,0,0,0,0,0,0,0,0,0,0,0,0,0,0,0,0,0,0,0,0,0,0,0,0,0,0,0,0,0,0,0,0,0,0,0,0,0,0,0
ruston police department,1995-09-01,louisiana,20248,LA03102,0,0,2,0,0,0,0,0,2,2,0,0,0,41,0,1,7,2,31,14,8,5,1,101,1,0,1,0,160,10,12,117,129,0,0,0,0,0,1,1,0,0,0,40,0,1,7,2,30,2,1,1,0,30,1,0,1,0,75,10,11,34,45,0,0,0,0,0,0,0,0,0,0,11,0,0,3,0,8,0,0,0,0,4,0,0,0,0,16,3,3,5,8,0,0,2,2,0,0,0,0,0,0,19,1,0,2,0,16,2,1,1,0,5,1,1,0,0,29,3,5,8,13,0,1,0,0,0,0,0,1,0,0,0,0,1,0,1,0,0,0,0,0,1,0,0,0,0,1,0,1,0,0,0,0,0,1,0,0,0,0,1,0,0,0,0,0,0,0,0,0,0,0,0,0
ruston police department,1995-08-01,louisiana,20248,LA03102,0,0,0,0,0,1,1,0,1,0,0,0,1,57,1,4,1,3,48,38,24,12,2,115,4,0,1,3,216,9,11,157,168,0,0,1,1,0,1,0,0,0,1,52,1,4,0,3,44,5,4,0,1,27,0,0,0,0,86,8,10,32,42,0,0,0,0,0,1,0,0,0,1,11,0,1,0,0,10,3,2,0,1,8,0,0,0,0,23,1,2,11,13,0,0,2,2,0,0,0,0,0,0,14,0,2,1,0,11,2,1,0,1,2,0,0,0,0,20,3,5,4,9,0,0,0,0,0,0,0,0,0,0,0,0,0,0,0,0,0,0,0,0,0,0,0,0,0,0,0,0,0,0,0,0,0,0,0,0,0,0,0,0,0,0,0,0,0,0,0,0,0,0,0,0
ruston police department,1995-07-01,louisiana,20248,LA03102,0,0,0,0,0,1,1,0,2,0,0,0,2,37,1,2,8,1,25,30,22,6,2,83,2,0,0,2,155,12,15,115,130,0,0,1,1,0,1,0,0,0,1,34,0,1,8,1,24,4,3,1,0,22,1,0,0,1,63,10,12,27,39,0,0,0,0,0,0,0,0,0,0,7,0,0,2,0,5,1,1,0,0,6,1,0,0,1,15,2,2,8,10,0,0,0,0,0,1,1,0,0,0,7,2,1,0,0,4,6,4,1,1,6,1,0,1,0,21,3,4,13,17,0,0,0,0,0,0,0,0,0,0,0,0,0,0,0,0,0,0,0,0,0,0,0,0,0,0,0,0,0,0,0,0,0,0,0,0,0,0,0,0,0,0,0,0,0,0,0,0,0,0,0,0
ruston police department,1995-06-01,louisiana,20248,LA03102,0,0,1,0,0,0,0,0,2,0,0,0,2,45,1,0,12,2,30,28,21,3,4,74,3,1,1,1,152,15,17,105,122,0,0,0,0,0,2,0,0,0,2,45,1,0,12,2,30,4,3,1,0,17,0,0,0,0,68,15,17,21,38,0,0,0,0,0,0,0,0,0,0,6,0,0,3,0,3,3,3,0,0,7,0,0,0,0,16,3,3,10,13,0,0,1,1,0,0,0,0,0,0,15,1,2,2,0,10,0,0,0,0,1,2,2,0,0,19,5,6,3,9,0,0,0,0,0,0,0,0,0,0,0,0,0,0,0,0,0,0,0,0,0,0,0,0,0,0,0,0,0,0,0,0,0,0,0,0,0,0,0,0,0,0,0,0,0,0,0,0,0,0,0,0
ruston police department,1995-05-01,louisiana,20248,LA03102,0,0,0,0,0,0,0,0,1,0,0,0,1,61,0,4,9,3,45,18,10,7,1,97,3,2,0,1,180,16,17,118,135,0,0,0,0,0,0,0,0,0,0,58,0,4,9,3,42,7,4,2,1,17,0,0,0,0,82,16,16,24,40,0,0,0,0,0,0,0,0,0,0,7,0,1,2,0,4,3,2,1,0,2,0,0,0,0,12,3,3,5,8,0,0,1,1,0,1,0,1,0,0,12,1,1,0,0,10,3,1,0,2,8,0,0,0,0,25,2,4,11,15,0,0,0,0,0,0,0,0,0,0,0,0,0,0,0,0,0,0,0,0,0,0,0,0,0,0,0,0,0,0,0,0,0,0,0,0,0,0,0,0,0,0,0,0,0,0,0,0,0,0,0,0
ruston police department,1995-04-01,louisiana,20248,LA03102,0,0,3,0,0,0,0,0,2,1,0,0,1,49,0,6,4,3,36,26,19,6,1,89,4,0,2,2,170,13,15,119,134,0,0,0,0,0,1,1,0,0,0,46,0,6,3,2,35,2,2,0,0,26,0,0,0,0,75,11,12,28,40,0,0,0,0,0,0,0,0,0,0,13,0,1,2,2,8,0,0,0,0,3,0,0,0,0,16,5,5,3,8,0,0,0,0,0,0,0,0,0,0,12,2,3,1,0,6,1,1,0,0,5,1,1,0,0,19,6,6,7,13,0,0,0,0,0,0,0,0,0,0,0,0,0,0,0,0,0,0,0,0,0,0,0,0,0,0,0,0,0,0,0,0,0,0,0,0,0,0,0,0,0,0,0,0,0,0,0,0,0,0,0,0
ruston police department,1995-03-01,louisiana,20248,LA03102,0,0,1,0,0,0,0,0,9,2,0,1,6,48,2,8,4,5,29,31,22,9,0,107,1,1,0,0,196,19,28,139,167,0,0,0,0,0,3,3,0,0,0,48,2,8,4,5,29,4,4,0,0,30,2,2,0,0,87,19,22,36,58,0,0,0,0,0,0,0,0,0,0,8,1,1,0,2,4,0,0,0,0,7,0,0,0,0,15,4,4,7,11,0,0,1,1,0,0,0,0,0,0,10,4,1,1,0,4,3,1,1,1,5,0,0,0,0,19,6,7,8,15,0,0,0,0,0,0,0,0,0,0,0,0,0,0,0,0,0,0,0,0,0,0,0,0,0,0,0,0,0,0,0,0,0,0,0,0,0,0,0,0,0,0,0,0,0,0,0,0,0,0,0,0
ruston police department,1995-02-01,louisiana,20248,LA03102,0,0,0,0,0,1,1,0,2,2,0,0,0,39,1,5,5,1,27,21,13,4,4,97,2,1,1,0,162,12,15,120,135,0,0,1,1,0,0,0,0,0,0,34,1,4,4,1,24,1,1,0,0,39,0,0,0,0,75,10,11,40,51,0,0,1,1,0,0,0,0,0,0,6,1,2,0,0,3,0,0,0,0,11,0,0,0,0,18,3,4,11,15,0,0,0,0,0,0,0,0,0,0,6,0,0,1,0,5,2,0,1,1,5,0,0,0,0,13,1,1,7,8,0,0,0,0,0,0,0,0,0,0,0,0,0,0,0,0,0,0,0,0,0,0,0,0,0,0,0,0,0,0,0,0,0,0,0,0,0,0,0,0,0,0,0,0,0,0,0,0,0,0,0,0
ruston police department,1995-01-01,louisiana,20248,LA03102,0,0,0,0,0,1,0,1,2,0,0,1,1,43,1,6,4,0,32,32,23,8,1,99,3,3,0,0,180,11,14,134,148,0,0,1,0,1,0,0,0,0,0,43,1,6,4,0,32,1,1,0,0,25,1,1,0,0,71,11,12,27,39,0,0,0,0,0,0,0,0,0,0,7,0,0,0,0,7,1,1,0,0,3,1,1,0,0,12,0,0,5,5,0,0,1,1,0,1,0,0,0,1,7,0,0,0,0,7,4,1,3,0,5,0,0,0,0,18,0,2,9,11,0,0,0,0,0,0,0,0,0,0,0,0,0,0,0,0,0,0,0,0,0,0,0,0,0,0,0,0,0,0,0,0,0,0,0,0,0,0,0,0,0,0,0,0,0,0,0,0,0,0,0,0
ruston police department,1994-12-01,louisiana,20523,LA03102,0,0,2,0,0,0,0,0,0,0,0,0,0,38,3,2,5,5,23,27,15,8,4,87,3,3,0,0,155,15,15,117,132,0,0,0,0,0,0,0,0,0,0,34,3,2,4,4,21,9,9,0,0,28,0,0,0,0,71,13,13,37,50,0,0,0,0,0,0,0,0,0,0,5,1,0,0,0,4,1,1,0,0,4,0,0,0,0,10,1,1,5,6,1,0,0,0,0,1,0,0,1,0,10,2,1,0,0,7,3,1,1,1,2,1,0,0,1,18,3,5,6,11,0,0,0,0,0,0,0,0,0,0,0,0,0,0,0,0,0,0,0,0,0,0,0,0,0,0,0,0,0,0,0,0,0,0,0,0,0,0,0,0,0,0,0,0,0,0,0,0,0,0,0,0
ruston police department,1994-11-01,louisiana,20523,LA03102,0,0,2,0,0,0,0,0,3,2,0,1,0,42,3,6,6,0,27,39,22,15,2,111,0,0,0,0,195,15,18,150,168,0,0,0,0,0,2,1,0,1,0,38,2,4,5,0,27,6,6,0,0,39,0,0,0,0,85,11,13,45,58,0,0,0,0,0,0,0,0,0,0,2,1,0,0,0,1,0,0,0,0,4,0,0,0,0,6,1,1,4,5,0,0,0,0,0,1,0,1,0,0,15,4,2,2,0,7,2,2,0,0,4,0,0,0,0,22,8,9,6,15,0,0,0,0,0,0,0,0,0,0,0,0,0,0,0,0,0,0,0,0,0,0,0,0,0,0,0,0,0,0,0,0,0,0,0,0,0,0,0,0,0,0,0,0,0,0,0,0,0,0,0,0
ruston police department,1994-10-01,louisiana,20523,LA03102,0,0,0,0,0,0,0,0,5,2,0,1,2,48,2,9,2,1,34,24,15,4,5,122,5,2,1,2,205,14,19,152,171,0,0,0,0,0,2,1,0,1,0,46,2,9,2,0,33,1,0,1,0,31,1,0,0,1,82,13,15,34,49,0,0,0,0,0,0,0,0,0,0,7,0,1,1,0,5,0,0,0,0,3,0,0,0,0,10,2,2,3,5,0,0,0,0,0,0,0,0,0,0,14,1,0,2,0,11,2,1,1,0,4,1,1,0,0,21,3,3,7,10,0,0,0,0,1,0,0,1,0,0,0,0,1,0,0,0,0,1,0,0,1,0,0,0,0,1,0,0,0,0,0,0,0,0,0,0,0,0,0,0,0,0,0,0,0,0,0,0,0,0,0,0
ruston police department,1994-09-01,louisiana,20523,LA03102,0,0,0,0,0,0,0,0,2,1,0,0,1,50,2,4,5,6,33,32,16,11,5,114,5,2,2,1,203,17,19,151,170,0,0,0,0,0,1,0,0,0,1,48,2,4,4,5,33,5,0,4,1,29,0,0,0,0,83,15,16,34,50,0,0,0,0,0,1,0,0,0,1,5,0,0,1,0,4,1,0,1,0,2,0,0,0,0,9,1,2,3,5,0,0,1,1,0,0,0,0,0,0,10,1,2,0,0,7,3,0,3,0,7,0,0,0,0,21,3,4,10,14,0,0,0,0,0,0,0,0,0,0,0,0,0,0,0,0,0,0,0,0,0,0,0,0,0,0,0,0,0,0,0,0,0,0,0,0,0,0,0,0,0,0,0,0,0,0,0,0,0,0,0,0
ruston police department,1994-08-01,louisiana,20523,LA03102,0,0,0,0,0,0,0,0,1,1,0,0,0,60,2,10,8,3,37,27,17,7,3,121,2,2,0,0,211,23,24,150,174,0,0,0,0,0,1,1,0,0,0,57,1,9,7,3,37,0,0,0,0,36,0,0,0,0,94,20,21,36,57,0,0,0,0,0,0,0,0,0,0,11,0,2,1,0,8,0,0,0,0,4,0,0,0,0,15,3,3,4,7,0,0,1,1,0,0,0,0,0,0,16,2,1,3,0,10,2,0,1,1,3,0,0,0,0,22,6,7,5,12,0,0,0,0,0,0,0,0,0,0,0,0,0,0,0,0,0,0,0,0,0,0,0,0,0,0,0,0,0,0,0,0,0,0,0,0,0,0,0,0,0,0,0,0,0,0,0,0,0,0,0,0
ruston police department,1994-07-01,louisiana,20523,LA03102,0,0,0,0,0,0,0,0,1,1,0,0,0,51,1,6,13,0,31,31,22,7,2,115,4,2,1,1,202,20,21,150,171,0,0,0,0,0,0,0,0,0,0,48,1,6,11,0,30,1,1,0,0,22,0,0,0,0,71,18,18,23,41,0,0,0,0,0,0,0,0,0,0,5,1,0,1,0,3,0,0,0,0,0,0,0,0,0,5,2,2,0,2,0,0,1,1,0,0,0,0,0,0,13,1,1,4,0,7,0,0,0,0,1,0,0,0,0,15,6,7,1,8,0,0,0,0,0,0,0,0,0,0,0,0,0,0,0,0,0,0,0,0,0,0,0,0,0,0,0,0,0,0,0,0,0,0,0,0,0,0,0,0,0,0,0,0,0,0,0,0,0,0,0,0
ruston police department,1994-06-01,louisiana,20523,LA03102,0,0,2,0,0,0,0,0,1,0,0,0,1,40,1,2,8,2,27,49,30,15,4,125,2,1,1,0,217,13,14,176,190,0,0,0,0,0,0,0,0,0,0,36,1,2,6,2,25,25,22,3,0,33,0,0,0,0,94,11,11,58,69,0,0,0,0,0,0,0,0,0,0,8,0,0,3,0,5,0,0,0,0,6,0,0,0,0,14,3,3,6,9,0,0,0,0,0,0,0,0,0,0,12,1,2,0,0,9,1,0,1,0,0,1,0,1,0,14,3,3,2,5,0,0,0,0,0,0,0,0,0,0,0,0,0,0,0,0,0,0,0,0,0,0,0,0,0,0,0,0,0,0,0,0,0,0,0,0,0,0,0,0,0,0,0,0,0,0,0,0,0,0,0,0
ruston police department,1994-05-01,louisiana,20523,LA03102,0,0,3,0,0,0,0,0,2,2,0,0,0,55,5,6,7,2,35,28,16,11,1,140,5,4,1,0,230,20,22,173,195,0,0,0,0,0,0,0,0,0,0,48,3,5,6,2,32,0,0,0,0,33,0,0,0,0,81,16,16,33,49,0,0,0,0,0,0,0,0,0,0,7,1,0,2,0,4,0,0,0,0,5,0,0,0,0,12,3,3,5,8,0,0,2,2,0,0,0,0,0,0,9,3,0,0,0,6,2,0,2,0,2,0,0,0,0,15,3,5,4,9,0,0,0,0,0,0,0,0,0,0,0,0,0,0,0,0,0,0,0,0,0,0,0,0,0,0,0,0,0,0,0,0,0,0,0,0,0,0,0,0,0,0,0,0,0,0,0,0,0,0,0,0
ruston police department,1994-04-01,louisiana,20523,LA03102,0,0,2,0,0,0,0,0,3,3,0,0,0,57,3,5,7,5,37,26,20,5,1,99,4,0,3,1,189,20,23,129,152,0,0,0,0,0,2,2,0,0,0,49,3,4,5,4,33,1,0,1,0,29,0,0,0,0,81,16,18,30,48,0,0,0,0,0,2,2,0,0,0,7,0,1,0,0,6,0,0,0,0,7,0,0,0,0,16,1,3,7,10,0,0,0,0,0,1,1,0,0,0,13,1,0,0,0,12,5,3,2,0,7,0,0,0,0,26,1,2,12,14,0,0,0,0,0,0,0,0,0,0,0,0,0,0,0,0,0,0,0,0,0,0,0,0,0,0,0,0,0,0,0,0,0,0,0,0,0,0,0,0,0,0,0,0,0,0,0,0,0,0,0,0
ruston police department,1994-03-01,louisiana,20523,LA03102,0,0,3,0,0,0,0,0,1,1,0,0,0,39,3,5,8,3,20,28,15,7,6,118,7,6,1,0,193,19,20,153,173,0,0,0,0,0,0,0,0,0,0,37,3,4,7,3,20,2,1,1,0,32,1,1,0,0,72,17,17,35,52,0,0,0,0,0,0,0,0,0,0,2,0,1,0,0,1,2,1,1,0,8,0,0,0,0,12,1,1,10,11,0,0,0,0,0,0,0,0,0,0,14,5,0,0,0,9,3,0,3,0,8,0,0,0,0,25,5,5,11,16,0,0,0,0,0,0,0,0,0,0,0,0,0,0,0,0,0,0,0,0,0,0,0,0,0,0,0,0,0,0,0,0,0,0,0,0,0,0,0,0,0,0,0,0,0,0,0,0,0,0,0,0
ruston police department,1994-02-01,louisiana,20523,LA03102,0,0,0,0,0,0,0,0,2,1,0,0,1,44,4,5,1,3,31,21,12,5,4,92,2,0,1,1,161,13,15,115,130,0,0,0,0,0,3,2,0,0,1,42,4,4,1,3,30,3,2,0,1,28,0,0,0,0,76,12,15,31,46,0,0,0,0,0,0,0,0,0,0,5,0,3,0,0,2,0,0,0,0,3,0,0,0,0,8,3,3,3,6,0,0,2,2,0,0,0,0,0,0,13,1,2,2,0,8,1,1,0,0,5,0,0,0,0,21,5,7,6,13,0,0,0,0,0,0,0,0,0,0,0,0,0,0,0,0,0,0,0,0,0,0,0,0,0,0,0,0,0,0,0,0,0,0,0,0,0,0,0,0,0,0,0,0,0,0,0,0,0,0,0,0
ruston police department,1994-01-01,louisiana,20523,LA03102,0,0,0,0,0,0,0,0,8,3,0,0,5,37,3,2,5,3,24,15,11,3,1,96,3,1,0,2,159,13,21,114,135,0,0,0,0,0,5,0,0,0,5,30,2,2,3,3,20,2,2,0,0,20,0,0,0,0,57,10,15,22,37,0,0,0,0,0,0,0,0,0,0,2,0,0,0,0,2,0,0,0,0,3,0,0,0,0,5,0,0,3,3,0,0,1,1,0,0,0,0,0,0,12,3,2,0,0,7,0,0,0,0,6,0,0,0,0,19,5,6,6,12,0,0,0,0,0,0,0,0,0,0,0,0,0,0,0,0,0,0,0,0,0,0,0,0,0,0,0,0,0,0,0,0,0,0,0,0,0,0,0,0,0,0,0,0,0,0,0,0,0,0,0,0
ruston police department,1993-12-01,louisiana,20428,LA03102,0,0,1,0,0,0,0,0,2,2,0,0,0,31,1,5,9,0,16,20,15,3,2,134,2,0,1,1,189,15,17,156,173,0,0,0,0,0,1,1,0,0,0,28,1,4,8,0,15,1,1,0,0,39,0,0,0,0,69,13,14,40,54,0,0,0,0,0,1,1,0,0,0,2,0,0,0,0,2,0,0,0,0,4,0,0,0,0,7,0,1,4,5,0,0,1,0,1,1,1,0,0,0,5,2,0,0,0,3,2,1,1,0,4,3,1,1,1,16,2,4,9,13,0,0,0,0,0,0,0,0,0,0,0,0,0,0,0,0,0,0,0,0,0,0,0,0,0,0,0,0,0,0,0,0,0,0,0,0,0,0,0,0,0,0,0,0,0,0,0,0,0,0,0,0
ruston police department,1993-11-01,louisiana,20428,LA03102,0,0,1,0,0,0,0,0,4,3,0,0,1,38,3,5,5,6,19,26,12,9,5,106,4,2,0,2,178,19,23,136,159,0,0,0,0,0,0,0,0,0,0,32,3,3,4,5,17,3,1,2,0,29,0,0,0,0,64,15,15,32,47,0,0,0,0,0,0,0,0,0,0,5,0,0,0,3,2,0,0,0,0,3,0,0,0,0,8,3,3,3,6,0,0,1,1,0,0,0,0,0,0,18,3,1,2,0,12,2,1,0,1,2,1,1,0,0,24,6,7,5,12,0,0,0,0,0,0,0,0,0,0,0,0,0,0,0,0,0,0,0,0,0,0,0,0,0,0,0,0,0,0,0,0,0,0,0,0,0,0,0,0,0,0,0,0,0,0,0,0,0,0,0,0
ruston police department,1993-10-01,louisiana,20428,LA03102,0,0,3,0,0,0,0,0,1,0,0,0,1,54,3,4,10,2,35,20,14,5,1,172,3,0,0,3,250,19,20,195,215,0,0,0,0,0,0,0,0,0,0,50,3,4,9,2,32,1,1,0,0,37,3,0,0,3,91,18,18,41,59,0,0,0,0,0,0,0,0,0,0,11,1,0,4,0,6,0,0,0,0,5,0,0,0,0,16,5,5,5,10,0,0,1,1,0,1,0,0,0,1,28,8,4,4,0,12,4,2,0,2,4,0,0,0,0,38,16,18,8,26,0,0,0,0,0,0,0,0,0,0,0,0,0,0,0,0,0,0,0,0,0,0,0,0,0,0,0,0,0,0,0,0,0,0,0,0,0,0,0,0,0,0,0,0,0,0,0,0,0,0,0,0
ruston police department,1993-09-01,louisiana,20428,LA03102,0,0,3,0,0,0,0,0,8,6,1,0,1,55,5,1,5,4,40,24,17,5,2,147,6,5,1,0,242,15,23,179,202,0,0,0,0,0,1,0,0,0,1,53,3,1,5,4,40,3,0,2,1,32,0,0,0,0,89,13,14,35,49,0,0,0,0,0,0,0,0,0,0,2,0,0,1,0,1,2,0,1,1,6,0,0,0,0,10,1,1,8,9,0,0,1,1,0,0,0,0,0,0,15,0,3,1,0,11,0,0,0,0,1,0,0,0,0,17,4,5,1,6,2,0,0,0,0,0,0,2,0,0,0,0,2,0,0,0,0,0,0,0,0,0,0,0,0,0,0,0,0,0,0,0,0,0,0,0,0,0,0,0,0,0,0,0,0,0,0,0,0,0,0,0
ruston police department,1993-08-01,louisiana,20428,LA03102,0,0,2,0,0,0,0,0,4,2,1,0,1,86,4,18,16,4,44,27,18,6,3,114,1,0,1,0,233,42,46,143,189,0,0,0,0,0,0,0,0,0,0,75,3,17,13,2,40,1,1,0,0,36,0,0,0,0,113,35,35,38,73,0,0,0,0,0,0,0,0,0,0,11,0,2,4,1,4,0,0,0,0,5,0,0,0,0,16,7,7,5,12,0,0,1,1,0,1,0,0,0,1,15,1,0,2,1,11,2,1,0,1,2,0,0,0,0,22,4,6,5,11,1,0,0,0,0,0,0,1,0,0,0,0,1,1,0,0,0,0,0,0,1,0,0,0,0,1,0,0,0,0,0,0,0,0,0,0,0,0,0,0,1,0,0,0,0,0,1,0,0,0,0,1
ruston police department,1993-07-01,louisiana,20428,LA03102,0,0,1,0,0,0,0,0,5,1,1,0,3,52,4,8,3,1,36,33,18,15,0,128,4,3,1,0,222,16,21,165,186,0,0,0,0,0,0,0,0,0,0,42,4,5,1,1,31,4,2,2,0,29,0,0,0,0,75,11,11,33,44,0,0,0,0,0,0,0,0,0,0,11,0,1,0,0,10,1,1,0,0,5,0,0,0,0,17,1,1,6,7,0,0,0,0,0,0,0,0,0,0,18,3,3,1,0,11,1,0,0,1,12,0,0,0,0,31,7,7,13,20,0,0,0,0,0,0,0,0,0,0,0,0,0,0,0,0,0,0,0,0,0,0,0,0,0,0,0,0,0,0,0,0,0,0,0,0,0,0,0,0,0,0,0,0,0,0,0,0,0,0,0,0
ruston police department,1993-06-01,louisiana,20428,LA03102,0,0,5,0,0,0,0,0,1,0,1,0,0,52,0,4,9,0,39,24,17,2,5,138,2,1,1,0,217,13,14,164,178,0,0,0,0,0,0,0,0,0,0,46,0,4,8,0,34,1,0,0,1,37,0,0,0,0,84,12,12,38,50,0,0,0,0,0,0,0,0,0,0,3,0,0,1,0,2,0,0,0,0,5,0,0,0,0,8,1,1,5,6,0,0,3,3,0,0,0,0,0,0,18,6,0,5,0,7,2,0,1,1,1,0,0,0,0,24,11,14,3,17,0,0,0,0,0,0,0,0,0,0,0,0,0,0,0,0,0,0,0,0,0,0,0,0,0,0,0,0,0,0,0,0,0,0,0,0,0,0,0,0,0,0,0,0,0,0,0,0,0,0,0,0
ruston police department,1993-05-01,louisiana,20428,LA03102,0,0,4,0,0,0,0,0,2,0,0,0,2,52,3,8,8,2,31,25,8,11,6,128,1,0,0,1,208,21,23,154,177,0,0,0,0,0,1,0,0,0,1,47,3,8,7,2,27,2,1,1,0,37,0,0,0,0,87,20,21,39,60,0,0,0,0,0,0,0,0,0,0,7,0,2,3,0,2,0,0,0,0,7,0,0,0,0,14,5,5,7,12,0,0,0,0,0,0,0,0,0,0,6,4,0,0,0,2,0,0,0,0,1,0,0,0,0,7,4,4,1,5,0,0,0,0,0,0,0,0,0,0,0,0,0,0,0,0,0,0,0,0,0,0,0,0,0,0,0,0,0,0,0,0,0,0,0,0,0,0,0,0,0,0,0,0,0,0,0,0,0,0,0,0
ruston police department,1993-04-01,louisiana,20428,LA03102,0,0,1,0,0,1,1,0,2,1,1,0,0,37,7,4,2,0,24,30,12,14,4,108,1,0,0,1,179,13,16,139,155,0,0,1,1,0,0,0,0,0,0,29,6,1,2,0,20,4,4,0,0,29,0,0,0,0,63,9,10,33,43,0,0,0,0,0,0,0,0,0,0,4,1,0,0,0,3,0,0,0,0,2,0,0,0,0,6,1,1,2,3,0,0,1,1,0,1,1,0,0,0,9,3,0,2,0,4,2,0,2,0,1,0,0,0,0,14,5,7,3,10,0,0,0,0,0,0,0,0,0,0,0,0,0,0,0,0,0,0,0,0,0,0,0,0,0,0,0,0,0,0,0,0,0,0,0,0,0,0,0,0,0,0,0,0,0,0,0,0,0,0,0,0
ruston police department,1993-03-01,louisiana,20428,LA03102,0,0,3,0,0,0,0,0,2,0,1,0,1,46,1,4,10,3,28,23,14,8,1,123,6,3,0,3,201,18,20,153,173,0,0,0,0,0,2,0,1,0,1,42,1,4,9,3,25,1,1,0,0,34,0,0,0,0,80,17,19,36,55,0,0,0,0,0,0,0,0,0,0,4,0,0,1,0,3,1,1,0,0,1,0,0,0,0,6,1,1,2,3,0,0,0,0,0,1,0,0,0,1,6,1,1,1,0,3,0,0,0,0,2,1,1,0,0,10,3,4,3,7,0,0,0,0,0,0,0,0,1,0,1,0,1,0,0,0,0,0,0,0,0,1,0,1,0,1,0,0,0,0,0,0,0,0,0,0,0,0,0,0,0,0,0,0,0,0,0,0,0,0,0,0
ruston police department,1993-02-01,louisiana,20428,LA03102,0,0,0,0,0,0,0,0,6,5,0,0,1,34,8,2,4,2,18,21,8,9,4,110,2,1,0,1,173,16,22,133,155,0,0,0,0,0,2,2,0,0,0,26,6,2,1,2,15,2,1,1,0,38,0,0,0,0,68,11,13,40,53,0,0,0,0,0,0,0,0,0,0,9,2,0,1,1,5,0,0,0,0,3,0,0,0,0,12,4,4,3,7,0,0,1,1,0,0,0,0,0,0,3,0,0,0,0,3,1,0,1,0,1,0,0,0,0,6,0,1,2,3,0,0,0,0,0,0,0,0,0,0,0,0,0,0,0,0,0,0,0,0,0,0,0,0,0,0,0,0,0,0,0,0,0,0,0,0,0,0,0,0,0,0,0,0,0,0,0,0,0,0,0,0
ruston police department,1993-01-01,louisiana,20428,LA03102,0,0,0,0,0,0,0,0,1,1,0,0,0,39,2,4,6,4,23,18,15,2,1,111,0,0,0,0,169,16,17,129,146,0,0,0,0,0,0,0,0,0,0,0,0,0,0,0,0,0,0,0,0,0,0,0,0,0,0,0,0,0,0,0,0,0,0,0,0,0,0,0,0,0,0,0,0,0,0,0,0,0,0,0,0,0,0,0,0,0,0,0,0,0,0,0,0,0,0,0,0,0,0,0,0,0,0,0,0,0,0,0,0,0,0,0,0,0,0,0,0,0,0,0,0,0,0,0,0,0,0,0,0,0,0,0,0,0,0,0,0,0,0,0,0,0,0,0,0,0,0,0,0,0,0,0,0,0,0,0,0,0,0,0,0,0,0,0,0,0,0,0,0,0,0
ruston police department,1992-12-01,louisiana,,LA03102,,,,,,,,,,,,,,,,,,,,,,,,,,,,,,,,,,,,,,,,,,,,,,,,,,,,,,,,,,,,,,,,,,,,,,,,,,,,,,,,,,,,,,,,,,,,,,,,,,,,,,,,,,,,,,,,,,,,,,,,,,,,,,,,,,,,,,,,,,,,,,,,,,,,,,,,,,,,,,,,,,,,,,,,,,,,,,,
ruston police department,1992-11-01,louisiana,,LA03102,,,,,,,,,,,,,,,,,,,,,,,,,,,,,,,,,,,,,,,,,,,,,,,,,,,,,,,,,,,,,,,,,,,,,,,,,,,,,,,,,,,,,,,,,,,,,,,,,,,,,,,,,,,,,,,,,,,,,,,,,,,,,,,,,,,,,,,,,,,,,,,,,,,,,,,,,,,,,,,,,,,,,,,,,,,,,,,
ruston police department,1992-10-01,louisiana,,LA03102,,,,,,,,,,,,,,,,,,,,,,,,,,,,,,,,,,,,,,,,,,,,,,,,,,,,,,,,,,,,,,,,,,,,,,,,,,,,,,,,,,,,,,,,,,,,,,,,,,,,,,,,,,,,,,,,,,,,,,,,,,,,,,,,,,,,,,,,,,,,,,,,,,,,,,,,,,,,,,,,,,,,,,,,,,,,,,,
ruston police department,1992-09-01,louisiana,,LA03102,,,,,,,,,,,,,,,,,,,,,,,,,,,,,,,,,,,,,,,,,,,,,,,,,,,,,,,,,,,,,,,,,,,,,,,,,,,,,,,,,,,,,,,,,,,,,,,,,,,,,,,,,,,,,,,,,,,,,,,,,,,,,,,,,,,,,,,,,,,,,,,,,,,,,,,,,,,,,,,,,,,,,,,,,,,,,,,
ruston police department,1992-08-01,louisiana,,LA03102,,,,,,,,,,,,,,,,,,,,,,,,,,,,,,,,,,,,,,,,,,,,,,,,,,,,,,,,,,,,,,,,,,,,,,,,,,,,,,,,,,,,,,,,,,,,,,,,,,,,,,,,,,,,,,,,,,,,,,,,,,,,,,,,,,,,,,,,,,,,,,,,,,,,,,,,,,,,,,,,,,,,,,,,,,,,,,,
ruston police department,1992-07-01,louisiana,,LA03102,,,,,,,,,,,,,,,,,,,,,,,,,,,,,,,,,,,,,,,,,,,,,,,,,,,,,,,,,,,,,,,,,,,,,,,,,,,,,,,,,,,,,,,,,,,,,,,,,,,,,,,,,,,,,,,,,,,,,,,,,,,,,,,,,,,,,,,,,,,,,,,,,,,,,,,,,,,,,,,,,,,,,,,,,,,,,,,
ruston police department,1992-06-01,louisiana,,LA03102,,,,,,,,,,,,,,,,,,,,,,,,,,,,,,,,,,,,,,,,,,,,,,,,,,,,,,,,,,,,,,,,,,,,,,,,,,,,,,,,,,,,,,,,,,,,,,,,,,,,,,,,,,,,,,,,,,,,,,,,,,,,,,,,,,,,,,,,,,,,,,,,,,,,,,,,,,,,,,,,,,,,,,,,,,,,,,,
ruston police department,1992-05-01,louisiana,,LA03102,,,,,,,,,,,,,,,,,,,,,,,,,,,,,,,,,,,,,,,,,,,,,,,,,,,,,,,,,,,,,,,,,,,,,,,,,,,,,,,,,,,,,,,,,,,,,,,,,,,,,,,,,,,,,,,,,,,,,,,,,,,,,,,,,,,,,,,,,,,,,,,,,,,,,,,,,,,,,,,,,,,,,,,,,,,,,,,
ruston police department,1992-04-01,louisiana,,LA03102,,,,,,,,,,,,,,,,,,,,,,,,,,,,,,,,,,,,,,,,,,,,,,,,,,,,,,,,,,,,,,,,,,,,,,,,,,,,,,,,,,,,,,,,,,,,,,,,,,,,,,,,,,,,,,,,,,,,,,,,,,,,,,,,,,,,,,,,,,,,,,,,,,,,,,,,,,,,,,,,,,,,,,,,,,,,,,,
ruston police department,1992-03-01,louisiana,,LA03102,,,,,,,,,,,,,,,,,,,,,,,,,,,,,,,,,,,,,,,,,,,,,,,,,,,,,,,,,,,,,,,,,,,,,,,,,,,,,,,,,,,,,,,,,,,,,,,,,,,,,,,,,,,,,,,,,,,,,,,,,,,,,,,,,,,,,,,,,,,,,,,,,,,,,,,,,,,,,,,,,,,,,,,,,,,,,,,
ruston police department,1992-02-01,louisiana,,LA03102,,,,,,,,,,,,,,,,,,,,,,,,,,,,,,,,,,,,,,,,,,,,,,,,,,,,,,,,,,,,,,,,,,,,,,,,,,,,,,,,,,,,,,,,,,,,,,,,,,,,,,,,,,,,,,,,,,,,,,,,,,,,,,,,,,,,,,,,,,,,,,,,,,,,,,,,,,,,,,,,,,,,,,,,,,,,,,,
ruston police department,1992-01-01,louisiana,,LA03102,,,,,,,,,,,,,,,,,,,,,,,,,,,,,,,,,,,,,,,,,,,,,,,,,,,,,,,,,,,,,,,,,,,,,,,,,,,,,,,,,,,,,,,,,,,,,,,,,,,,,,,,,,,,,,,,,,,,,,,,,,,,,,,,,,,,,,,,,,,,,,,,,,,,,,,,,,,,,,,,,,,,,,,,,,,,,,,
ruston police department,1991-12-01,louisiana,20179,LA03102,0,0,0,0,0,1,1,0,2,2,0,0,0,19,1,5,1,0,12,9,9,0,0,104,2,0,2,0,137,7,10,115,125,0,0,0,0,0,1,1,0,0,0,16,0,4,1,0,11,0,0,0,0,33,1,0,1,0,51,5,6,34,40,0,0,0,0,0,0,0,0,0,0,2,0,1,0,0,1,0,0,0,0,2,1,0,1,0,5,1,1,3,4,0,0,0,0,0,0,0,0,0,0,0,0,0,0,0,0,0,0,0,0,0,0,0,0,0,0,0,0,0,0,0,0,0,0,0,0,0,0,0,0,0,0,0,0,0,0,0,0,0,0,0,0,0,0,0,0,0,0,0,0,0,0,0,0,0,0,0,0,0,0,0,0,0,0,0,0,0,0,0,0,0,0
ruston police department,1991-11-01,louisiana,20179,LA03102,0,0,0,0,0,0,0,0,3,2,0,0,1,10,1,0,0,1,8,9,8,1,0,75,2,2,0,0,99,2,5,86,91,0,0,0,0,0,1,0,0,0,1,8,1,0,0,1,6,1,1,0,0,19,0,0,0,0,29,2,3,20,23,0,0,0,0,0,0,0,0,0,0,2,0,0,0,0,2,0,0,0,0,3,0,0,0,0,5,0,0,3,3,0,0,0,0,0,0,0,0,0,0,0,0,0,0,0,0,0,0,0,0,0,0,0,0,0,0,0,0,0,0,0,0,0,0,0,0,0,0,0,0,0,0,0,0,0,0,0,0,0,0,0,0,0,0,0,0,0,0,0,0,0,0,0,0,0,0,0,0,0,0,0,0,0,0,0,0,0,0,0,0,0,0
ruston police department,1991-10-01,louisiana,20179,LA03102,0,0,0,0,0,2,2,0,0,0,0,0,0,24,0,2,3,0,19,26,25,1,0,112,3,3,0,0,167,5,7,141,148,0,0,2,2,0,0,0,0,0,0,21,0,1,3,0,17,11,11,0,0,22,1,1,0,0,57,4,6,34,40,0,0,0,0,0,0,0,0,0,0,1,0,0,0,0,1,1,1,0,0,1,0,0,0,0,3,0,0,2,2,0,0,0,0,0,0,0,0,0,0,0,0,0,0,0,0,0,0,0,0,0,0,0,0,0,0,0,0,0,0,0,0,0,0,0,0,0,0,0,0,0,0,0,0,0,0,0,0,0,0,0,0,0,0,0,0,0,0,0,0,0,0,0,0,0,0,0,0,0,0,0,0,0,0,0,0,0,0,0,0,0,0
ruston police department,1991-09-01,louisiana,20179,LA03102,0,0,0,0,0,0,0,0,0,0,0,0,0,15,4,0,3,0,8,10,10,0,0,110,3,3,0,0,138,7,7,123,130,0,0,0,0,0,0,0,0,0,0,10,1,0,2,0,7,3,3,0,0,19,1,1,0,0,33,3,3,23,26,0,0,0,0,0,0,0,0,0,0,0,0,0,0,0,0,2,2,0,0,1,0,0,0,0,3,0,0,3,3,0,0,0,0,0,0,0,0,0,0,0,0,0,0,0,0,0,0,0,0,0,0,0,0,0,0,0,0,0,0,0,0,0,0,0,0,0,0,0,0,0,0,0,0,0,0,0,0,0,0,0,0,0,0,0,0,0,0,0,0,0,0,0,0,0,0,0,0,0,0,0,0,0,0,0,0,0,0,0,0,0,0
ruston police department,1991-08-01,louisiana,20179,LA03102,0,0,0,0,0,1,1,0,0,0,0,0,0,20,3,4,4,0,9,22,17,4,1,100,1,0,1,0,144,11,12,123,135,0,0,0,0,0,0,0,0,0,0,16,3,4,3,0,6,10,4,6,0,28,1,0,1,0,55,10,10,39,49,0,0,0,0,0,0,0,0,0,0,1,0,1,0,0,0,0,0,0,0,6,1,0,1,0,8,1,1,7,8,0,0,0,0,0,0,0,0,0,0,0,0,0,0,0,0,0,0,0,0,0,0,0,0,0,0,0,0,0,0,0,0,0,0,0,0,0,0,0,0,0,0,0,0,0,0,0,0,0,0,0,0,0,0,0,0,0,0,0,0,0,0,0,0,0,0,0,0,0,0,0,0,0,0,0,0,0,0,0,0,0,0
ruston police department,1991-07-01,louisiana,20179,LA03102,0,0,0,0,0,1,1,0,2,1,0,0,1,31,8,5,3,0,15,12,6,4,2,99,2,1,1,0,147,16,19,113,132,0,0,0,0,0,0,0,0,0,0,28,8,4,3,0,13,4,3,1,0,33,1,1,0,0,66,15,15,38,53,0,0,0,0,0,0,0,0,0,0,3,0,0,0,0,3,1,1,0,0,6,0,0,0,0,10,0,0,7,7,0,0,0,0,0,0,0,0,0,0,0,0,0,0,0,0,0,0,0,0,0,0,0,0,0,0,0,0,0,0,0,0,0,0,0,0,0,0,0,0,0,0,0,0,0,0,0,0,0,0,0,0,0,0,0,0,0,0,0,0,0,0,0,0,0,0,0,0,0,0,0,0,0,0,0,0,0,0,0,0,0,0
ruston police department,1991-06-01,louisiana,20179,LA03102,0,0,0,0,0,0,0,0,3,0,3,0,0,26,2,1,1,0,22,22,20,2,0,92,4,3,1,0,147,4,7,118,125,0,0,0,0,0,0,0,0,0,0,26,2,1,1,0,22,10,8,2,0,28,4,3,1,0,68,4,4,42,46,0,0,0,0,0,0,0,0,0,0,0,0,0,0,0,0,0,0,0,0,0,0,0,0,0,0,0,0,0,0,0,0,0,0,0,0,0,0,0,0,0,0,0,0,0,0,0,0,0,0,0,0,0,0,0,0,0,0,0,0,0,0,0,0,0,0,0,0,0,0,0,0,0,0,0,0,0,0,0,0,0,0,0,0,0,0,0,0,0,0,0,0,0,0,0,0,0,0,0,0,0,0,0,0,0,0,0,0,0,0,0,0
ruston police department,1991-05-01,louisiana,20179,LA03102,0,0,0,0,0,0,0,0,1,1,0,0,0,27,0,0,2,0,25,22,21,1,0,84,6,5,1,0,140,2,3,112,115,0,0,0,0,0,0,0,0,0,0,26,0,0,2,0,24,11,10,1,0,39,4,3,1,0,80,2,2,54,56,0,0,0,0,0,0,0,0,0,0,0,0,0,0,0,0,0,0,0,0,0,0,0,0,0,0,0,0,0,0,0,0,0,0,0,0,0,0,0,0,0,0,0,0,0,0,0,0,0,0,0,0,0,0,0,0,0,0,0,0,0,0,0,0,0,0,0,0,0,0,0,0,0,0,0,0,0,0,0,0,0,0,0,0,0,0,0,0,0,0,0,0,0,0,0,0,0,0,0,0,0,0,0,0,0,0,0,0,0,0,0,0
ruston police department,1991-04-01,louisiana,20179,LA03102,0,0,0,0,0,1,1,0,1,1,0,0,0,23,1,2,1,0,19,36,33,2,1,71,4,3,1,0,136,4,6,111,117,0,0,0,0,0,0,0,0,0,0,22,0,2,1,0,19,17,17,0,0,42,3,2,1,0,84,3,3,62,65,0,0,0,0,0,0,0,0,0,0,0,0,0,0,0,0,0,0,0,0,0,0,0,0,0,0,0,0,0,0,0,0,0,0,0,0,0,0,0,0,0,0,0,0,0,0,0,0,0,0,0,0,0,0,0,0,0,0,0,0,0,0,0,0,0,0,0,0,0,0,0,0,0,0,0,0,0,0,0,0,0,0,0,0,0,0,0,0,0,0,0,0,0,0,0,0,0,0,0,0,0,0,0,0,0,0,0,0,0,0,0,0
ruston police department,1991-03-01,louisiana,20179,LA03102,0,0,0,0,0,0,0,0,0,0,0,0,0,28,0,0,1,0,27,22,20,2,0,83,5,4,1,0,138,1,1,110,111,0,0,0,0,0,0,0,0,0,0,28,0,0,1,0,27,6,6,0,0,30,4,3,1,0,68,1,1,40,41,0,0,0,0,0,0,0,0,0,0,0,0,0,0,0,0,0,0,0,0,0,0,0,0,0,0,0,0,0,0,0,0,0,0,0,0,0,0,0,0,0,0,0,0,0,0,0,0,0,0,0,0,0,0,0,0,0,0,0,0,0,0,0,0,0,0,0,0,0,0,0,0,0,0,0,0,0,0,0,0,0,0,0,0,0,0,0,0,0,0,0,0,0,0,0,0,0,0,0,0,0,0,0,0,0,0,0,0,0,0,0,0
ruston police department,1991-02-01,louisiana,20179,LA03102,0,0,0,0,0,1,1,0,0,0,0,0,0,12,2,0,0,0,10,15,14,1,0,87,2,2,0,0,117,2,3,104,107,0,0,0,0,0,0,0,0,0,0,8,2,0,0,0,6,8,8,0,0,32,0,0,0,0,48,2,2,40,42,0,0,0,0,0,0,0,0,0,0,0,0,0,0,0,0,0,0,0,0,0,0,0,0,0,0,0,0,0,0,0,0,0,0,0,0,0,0,0,0,0,0,0,0,0,0,0,0,0,0,0,0,0,0,0,0,0,0,0,0,0,0,0,0,0,0,0,0,0,0,0,0,0,0,0,0,0,0,0,0,0,0,0,0,0,0,0,0,0,0,0,0,0,0,0,0,0,0,0,0,0,0,0,0,0,0,0,0,0,0,0,0
ruston police department,1991-01-01,louisiana,20179,LA03102,0,0,0,0,0,0,0,0,1,1,0,0,0,23,0,0,1,0,22,24,17,6,1,57,3,2,1,0,108,1,2,84,86,0,0,0,0,0,1,1,0,0,0,20,0,0,1,0,19,4,4,0,0,29,0,0,0,0,54,1,2,33,35,0,0,0,0,0,0,0,0,0,0,0,0,0,0,0,0,0,0,0,0,0,0,0,0,0,0,0,0,0,0,0,0,0,0,0,0,0,0,0,0,0,0,0,0,0,0,0,0,0,0,0,0,0,0,0,0,0,0,0,0,0,0,0,0,0,0,0,0,0,0,0,0,0,0,0,0,0,0,0,0,0,0,0,0,0,0,0,0,0,0,0,0,0,0,0,0,0,0,0,0,0,0,0,0,0,0,0,0,0,0,0,0
ruston police department,1990-12-01,louisiana,20027,LA03102,0,0,0,0,0,1,0,1,4,1,2,0,1,37,5,3,0,8,21,22,12,10,0,77,4,4,0,0,145,16,21,103,124,0,0,1,0,1,1,1,0,0,0,32,4,3,0,7,18,9,7,2,0,27,3,3,0,0,73,14,16,39,55,0,0,0,0,0,0,0,0,0,0,0,0,0,0,0,0,0,0,0,0,4,1,1,0,0,5,0,0,5,5,0,0,0,0,0,0,0,0,0,0,0,0,0,0,0,0,0,0,0,0,0,0,0,0,0,0,0,0,0,0,0,0,0,0,0,0,0,0,0,0,0,0,0,0,0,0,0,0,0,0,0,0,0,0,0,0,0,0,0,0,0,0,0,0,0,0,0,0,0,0,0,0,0,0,0,0,0,0,0,0,0,0
ruston police department,1990-11-01,louisiana,20027,LA03102,0,0,0,0,0,0,0,0,4,1,1,0,2,40,0,2,6,6,26,29,18,6,5,83,5,5,0,0,161,14,18,117,135,0,0,0,0,0,1,0,0,0,1,36,0,2,4,5,25,4,4,0,0,20,4,4,0,0,65,11,12,28,40,0,0,0,0,0,0,0,0,0,0,1,0,0,0,0,1,1,1,0,0,3,0,0,0,0,5,0,0,4,4,0,0,0,0,0,0,0,0,0,0,0,0,0,0,0,0,0,0,0,0,0,0,0,0,0,0,0,0,0,0,0,0,0,0,0,0,0,0,0,0,0,0,0,0,0,0,0,0,0,0,0,0,0,0,0,0,0,0,0,0,0,0,0,0,0,0,0,0,0,0,0,0,0,0,0,0,0,0,0,0,0,0
ruston police department,1990-10-01,louisiana,20027,LA03102,0,0,0,0,0,0,0,0,0,0,0,0,0,36,1,1,3,4,27,11,1,8,2,95,3,3,0,0,145,9,9,109,118,0,0,0,0,0,0,0,0,0,0,34,1,1,2,3,27,3,1,2,0,37,2,2,0,0,76,7,7,42,49,0,0,0,0,0,0,0,0,0,0,5,0,0,0,0,5,0,0,0,0,1,0,0,0,0,6,0,0,1,1,0,0,0,0,0,0,0,0,0,0,0,0,0,0,0,0,0,0,0,0,0,0,0,0,0,0,0,0,0,0,0,0,0,0,0,0,0,0,0,0,0,0,0,0,0,0,0,0,0,0,0,0,0,0,0,0,0,0,0,0,0,0,0,0,0,0,0,0,0,0,0,0,0,0,0,0,0,0,0,0,0,0
ruston police department,1990-09-01,louisiana,20027,LA03102,0,0,0,0,0,2,1,1,0,0,0,0,0,18,3,2,1,1,11,8,8,0,0,188,3,3,0,0,219,7,9,199,208,0,0,1,1,0,0,0,0,0,0,12,3,1,1,0,7,2,2,0,0,37,2,2,0,0,54,5,6,41,47,0,0,0,0,0,0,0,0,0,0,1,0,0,0,0,1,0,0,0,0,5,0,0,0,0,6,0,0,5,5,0,0,0,0,0,0,0,0,0,0,0,0,0,0,0,0,0,0,0,0,0,0,0,0,0,0,0,0,0,0,0,0,0,0,0,0,0,0,0,0,0,0,0,0,0,0,0,0,0,0,0,0,0,0,0,0,0,0,0,0,0,0,0,0,0,0,0,0,0,0,0,0,0,0,0,0,0,0,0,0,0,0
ruston police department,1990-08-01,louisiana,20027,LA03102,0,0,0,0,0,1,0,1,1,1,0,0,0,31,1,3,4,0,23,14,13,1,0,93,6,6,0,0,146,8,10,113,123,0,0,1,0,1,1,1,0,0,0,21,1,3,3,0,14,1,1,0,0,43,3,3,0,0,70,7,9,47,56,0,0,0,0,0,0,0,0,0,0,1,0,0,0,0,1,0,0,0,0,8,2,2,0,0,11,0,0,10,10,0,0,0,0,0,0,0,0,0,0,0,0,0,0,0,0,0,0,0,0,0,0,0,0,0,0,0,0,0,0,0,0,0,0,0,0,0,0,0,0,0,0,0,0,0,0,0,0,0,0,0,0,0,0,0,0,0,0,0,0,0,0,0,0,0,0,0,0,0,0,0,0,0,0,0,0,0,0,0,0,0,0
ruston police department,1990-07-01,louisiana,20027,LA03102,0,0,0,1,0,1,0,1,1,0,0,0,1,34,4,3,4,1,22,15,12,1,2,82,1,1,0,0,135,12,15,98,113,1,0,0,0,0,1,0,0,0,1,29,4,3,3,1,18,3,3,0,0,28,0,0,0,0,62,11,13,31,44,0,0,0,0,0,0,0,0,0,0,3,0,1,0,0,2,0,0,0,0,2,0,0,0,0,5,1,1,2,3,0,0,0,0,0,0,0,0,0,0,0,0,0,0,0,0,0,0,0,0,0,0,0,0,0,0,0,0,0,0,0,0,0,0,0,0,0,0,0,0,0,0,0,0,0,0,0,0,0,0,0,0,0,0,0,0,0,0,0,0,0,0,0,0,0,0,0,0,0,0,0,0,0,0,0,0,0,0,0,0,0,0
ruston police department,1990-06-01,louisiana,20027,LA03102,0,0,4,1,0,0,0,0,1,0,1,0,0,35,6,1,5,1,22,12,9,3,0,91,2,2,0,0,142,13,15,105,120,1,0,0,0,0,1,0,1,0,0,34,5,1,5,1,22,2,1,1,0,38,0,0,0,0,76,12,14,40,54,1,0,0,0,0,0,0,0,0,0,3,0,0,0,0,3,0,0,0,0,6,0,0,0,0,10,0,1,6,7,0,0,0,0,0,0,0,0,0,0,0,0,0,0,0,0,0,0,0,0,0,0,0,0,0,0,0,0,0,0,0,0,0,0,0,0,0,0,0,0,0,0,0,0,0,0,0,0,0,0,0,0,0,0,0,0,0,0,0,0,0,0,0,0,0,0,0,0,0,0,0,0,0,0,0,0,0,0,0,0,0,0
ruston police department,1990-05-01,louisiana,20027,LA03102,0,0,2,0,0,0,0,0,0,0,0,0,0,30,2,1,3,0,24,11,11,0,0,104,2,2,0,0,147,6,6,117,123,0,0,0,0,0,0,0,0,0,0,24,1,1,3,0,19,2,2,0,0,36,1,1,0,0,63,5,5,39,44,0,0,0,0,0,0,0,0,0,0,4,1,0,1,0,2,0,0,0,0,7,0,0,0,0,11,2,2,7,9,0,0,0,0,0,0,0,0,0,0,0,0,0,0,0,0,0,0,0,0,0,0,0,0,0,0,0,0,0,0,0,0,0,0,0,0,0,0,0,0,0,0,0,0,0,0,0,0,0,0,0,0,0,0,0,0,0,0,0,0,0,0,0,0,0,0,0,0,0,0,0,0,0,0,0,0,0,0,0,0,0,0
ruston police department,1990-04-01,louisiana,20027,LA03102,0,0,0,0,0,0,0,0,0,0,0,0,0,16,1,4,1,1,9,15,11,1,3,98,2,2,0,0,131,7,7,115,122,0,0,0,0,0,0,0,0,0,0,16,1,4,1,1,9,1,0,1,0,40,1,1,0,0,58,7,7,42,49,0,0,0,0,0,0,0,0,0,0,1,0,1,0,0,0,0,0,0,0,4,0,0,0,0,5,1,1,4,5,0,0,0,0,0,0,0,0,0,0,0,0,0,0,0,0,0,0,0,0,0,0,0,0,0,0,0,0,0,0,0,0,0,0,0,0,0,0,0,0,0,0,0,0,0,0,0,0,0,0,0,0,0,0,0,0,0,0,0,0,0,0,0,0,0,0,0,0,0,0,0,0,0,0,0,0,0,0,0,0,0,0
ruston police department,1990-03-01,louisiana,20027,LA03102,0,0,0,0,0,0,0,0,0,0,0,0,0,23,3,6,2,2,10,15,13,0,2,96,4,4,0,0,138,13,13,115,128,0,0,0,0,0,0,0,0,0,0,22,2,6,2,2,10,3,2,0,1,31,0,0,0,0,56,12,12,34,46,0,0,0,0,0,0,0,0,0,0,2,0,0,1,0,1,1,0,0,1,2,0,0,0,0,5,1,1,3,4,0,0,0,0,0,0,0,0,0,0,0,0,0,0,0,0,0,0,0,0,0,0,0,0,0,0,0,0,0,0,0,0,0,0,0,0,0,0,0,0,0,0,0,0,0,0,0,0,0,0,0,0,0,0,0,0,0,0,0,0,0,0,0,0,0,0,0,0,0,0,0,0,0,0,0,0,0,0,0,0,0,0
ruston police department,1990-02-01,louisiana,20027,LA03102,0,0,0,0,0,0,0,0,1,1,0,0,0,22,1,0,1,0,20,10,8,1,1,97,1,0,1,0,131,2,3,108,111,0,0,0,0,0,0,0,0,0,0,22,1,0,1,0,20,0,0,0,0,39,0,0,0,0,61,2,2,39,41,0,0,0,0,0,0,0,0,0,0,0,0,0,0,0,0,0,0,0,0,2,0,0,0,0,2,0,0,2,2,0,0,0,0,0,0,0,0,0,0,0,0,0,0,0,0,0,0,0,0,0,0,0,0,0,0,0,0,0,0,0,0,0,0,0,0,0,0,0,0,0,0,0,0,0,0,0,0,0,0,0,0,0,0,0,0,0,0,0,0,0,0,0,0,0,0,0,0,0,0,0,0,0,0,0,0,0,0,0,0,0,0
ruston police department,1990-01-01,louisiana,20027,LA03102,0,0,0,0,0,0,0,0,1,1,0,0,0,26,1,1,0,4,20,21,16,1,4,76,3,3,0,0,127,6,7,100,107,0,0,0,0,0,0,0,0,0,0,20,1,1,0,3,15,2,2,0,0,25,2,2,0,0,49,5,5,29,34,0,0,0,0,0,0,0,0,0,0,2,1,0,0,0,1,0,0,0,0,1,1,1,0,0,4,1,1,2,3,0,0,0,0,0,0,0,0,0,0,0,0,0,0,0,0,0,0,0,0,1,0,0,0,0,1,0,0,1,1,0,0,0,0,0,0,0,0,0,0,0,0,0,0,0,0,0,0,0,0,0,0,0,0,0,0,0,0,0,0,0,0,0,0,0,0,0,0,0,0,0,0,0,0,0,0,0,0,0,0,0,0
ruston police department,1989-12-01,louisiana,21056,LA03102,0,0,3,1,0,1,1,0,4,2,1,0,1,17,2,1,2,0,12,18,18,0,0,64,1,1,0,0,106,5,11,83,94,1,0,1,1,0,0,0,0,0,0,16,2,1,2,0,11,1,1,0,0,28,1,1,0,0,48,5,7,30,37,0,0,0,0,0,0,0,0,0,0,0,0,0,0,0,0,1,1,0,0,1,0,0,0,0,2,0,0,2,2,0,0,0,0,0,0,0,0,0,0,0,0,0,0,0,0,0,0,0,0,0,0,0,0,0,0,0,0,0,0,0,0,0,0,0,0,0,0,0,0,0,0,0,0,0,0,0,0,0,0,0,0,0,0,0,0,0,0,0,0,0,0,0,0,0,0,0,0,0,0,0,0,0,0,0,0,0,0,0,0,0,0
ruston police department,1989-11-01,louisiana,21056,LA03102,0,0,0,1,0,1,1,0,2,1,1,0,0,25,3,3,2,0,17,14,13,0,1,79,4,4,0,0,126,8,12,97,109,1,0,0,0,0,1,1,0,0,0,19,3,2,2,0,12,3,2,0,1,20,0,0,0,0,44,7,9,23,32,0,0,0,0,0,0,0,0,0,0,2,0,0,0,0,2,0,0,0,0,2,0,0,0,0,4,0,0,2,2,0,0,0,0,0,0,0,0,0,0,0,0,0,0,0,0,0,0,0,0,0,0,0,0,0,0,0,0,0,0,0,0,0,0,0,0,0,0,0,0,0,0,0,0,0,0,0,0,0,0,0,0,0,0,0,0,0,0,0,0,0,0,0,0,0,0,0,0,0,0,0,0,0,0,0,0,0,0,0,0,0,0
ruston police department,1989-10-01,louisiana,21056,LA03102,0,0,2,0,0,0,0,0,1,1,0,0,0,23,3,2,2,0,16,22,21,0,1,69,7,7,0,0,122,7,8,98,106,0,0,0,0,0,1,1,0,0,0,20,1,2,2,0,15,3,3,0,0,25,3,3,0,0,52,5,6,31,37,0,0,0,0,0,0,0,0,0,0,2,0,0,0,0,2,0,0,0,0,1,2,2,0,0,5,0,0,3,3,0,0,0,0,0,0,0,0,0,0,0,0,0,0,0,0,0,0,0,0,0,0,0,0,0,0,0,0,0,0,0,0,0,0,0,0,0,0,0,0,0,0,0,0,0,0,0,0,0,0,0,0,0,0,0,0,0,0,0,0,0,0,0,0,0,0,0,0,0,0,0,0,0,0,0,0,0,0,0,0,0,0
ruston police department,1989-09-01,louisiana,21056,LA03102,0,0,2,0,0,1,0,1,0,0,0,0,0,29,4,1,5,8,11,18,12,4,2,101,0,0,0,0,149,18,19,119,138,0,0,1,0,1,0,0,0,0,0,26,4,1,4,7,10,5,4,1,0,42,0,0,0,0,74,16,17,47,64,0,0,0,0,0,0,0,0,0,0,5,0,1,1,0,3,1,0,1,0,5,0,0,0,0,11,2,2,6,8,0,0,0,0,0,0,0,0,0,0,0,0,0,0,0,0,0,0,0,0,0,0,0,0,0,0,0,0,0,0,0,0,0,0,0,0,0,0,0,0,0,0,0,0,0,0,0,0,0,0,0,0,0,0,0,0,0,0,0,0,0,0,0,0,0,0,0,0,0,0,0,0,0,0,0,0,0,0,0,0,0,0
ruston police department,1989-08-01,louisiana,21056,LA03102,0,0,1,0,0,0,0,0,0,0,0,0,0,33,6,2,3,11,11,33,27,6,0,76,0,0,0,0,142,22,22,109,131,0,0,0,0,0,0,0,0,0,0,33,6,2,3,11,11,14,13,1,0,34,0,0,0,0,81,22,22,48,70,0,0,0,0,0,0,0,0,0,0,2,0,1,0,1,0,0,0,0,0,5,0,0,0,0,7,2,2,5,7,0,0,0,0,0,0,0,0,0,0,0,0,0,0,0,0,0,0,0,0,0,0,0,0,0,0,0,0,0,0,0,0,0,0,0,0,0,0,0,0,0,0,0,0,0,0,0,0,0,0,0,0,0,0,0,0,0,0,0,0,0,0,0,0,0,0,0,0,0,0,0,0,0,0,0,0,0,0,0,0,0,0
ruston police department,1989-07-01,louisiana,21056,LA03102,0,0,5,0,0,1,1,0,1,1,0,0,0,35,3,6,4,9,13,33,25,6,2,82,2,2,0,0,154,22,24,117,141,0,0,0,0,0,0,0,0,0,0,33,3,6,4,7,13,7,6,1,0,44,1,1,0,0,85,20,20,52,72,0,0,0,0,0,0,0,0,0,0,0,0,0,0,0,0,2,1,1,0,0,0,0,0,0,2,0,0,2,2,0,0,0,0,0,0,0,0,0,0,0,0,0,0,0,0,0,0,0,0,0,0,0,0,0,0,0,0,0,0,0,0,0,0,0,0,0,0,0,0,0,0,0,0,0,0,0,0,0,0,0,0,0,0,0,0,0,0,0,0,0,0,0,0,0,0,0,0,0,0,0,0,0,0,0,0,0,0,0,0,0,0
ruston police department,1989-06-01,louisiana,21056,LA03102,0,0,4,1,0,0,0,0,3,0,2,0,1,30,3,0,5,10,12,27,17,7,3,69,3,3,0,0,133,18,22,99,121,1,0,0,0,0,1,0,0,0,1,29,3,0,4,11,11,2,1,1,0,31,1,1,0,0,65,18,20,34,54,0,0,0,0,0,0,0,0,0,0,0,0,0,0,0,0,0,0,0,0,4,0,0,0,0,4,0,0,4,4,0,0,0,0,0,0,0,0,0,0,0,0,0,0,0,0,0,0,0,0,0,0,0,0,0,0,0,0,0,0,0,0,0,0,0,0,0,0,0,0,0,0,0,0,0,0,0,0,0,0,0,0,0,0,0,0,0,0,0,0,0,0,0,0,0,0,0,0,0,0,0,0,0,0,0,0,0,0,0,0,0,0
ruston police department,1989-05-01,louisiana,21056,LA03102,0,0,2,0,0,0,0,0,2,2,0,0,0,27,4,3,2,3,15,18,9,5,4,96,2,2,0,0,145,12,14,116,130,0,0,0,0,0,1,1,0,0,0,26,3,3,2,3,15,1,1,0,0,43,0,0,0,0,71,11,12,44,56,0,0,0,0,0,0,0,0,0,0,3,0,0,0,1,2,0,0,0,0,0,0,0,0,0,3,1,1,0,1,0,0,0,0,0,0,0,0,0,0,0,0,0,0,0,0,0,0,0,0,0,0,0,0,0,0,0,0,0,0,0,0,0,0,0,0,0,0,0,0,0,0,0,0,0,0,0,0,0,0,0,0,0,0,0,0,0,0,0,0,0,0,0,0,0,0,0,0,0,0,0,0,0,0,0,0,0,0,0,0,0,0
ruston police department,1989-04-01,louisiana,21056,LA03102,0,0,1,1,0,0,0,0,0,0,0,0,0,29,5,2,4,3,15,14,7,3,4,67,2,2,0,0,113,14,15,83,98,1,0,0,0,0,0,0,0,0,0,29,5,2,4,3,15,2,0,2,0,27,2,2,0,0,61,14,15,31,46,0,0,0,0,0,0,0,0,0,0,3,0,0,0,0,3,0,0,0,0,3,0,0,0,0,6,0,0,3,3,0,0,0,0,0,0,0,0,0,0,0,0,0,0,0,0,0,0,0,0,0,1,1,0,0,1,0,0,1,1,0,0,0,0,0,0,0,0,0,0,0,0,0,0,0,0,0,0,0,0,0,0,0,0,0,0,0,0,0,0,0,0,0,0,0,0,0,0,0,0,0,0,0,0,0,0,0,0,0,0,0,0
ruston police department,1989-03-01,louisiana,21056,LA03102,0,0,0,0,0,0,0,0,0,0,0,0,0,16,1,0,0,1,14,10,10,0,0,50,1,1,0,0,77,2,2,61,63,0,0,0,0,0,0,0,0,0,0,16,1,0,0,1,14,2,2,0,0,19,0,0,0,0,37,2,2,21,23,0,0,0,0,0,0,0,0,0,0,2,0,0,0,0,2,1,1,0,0,4,0,0,0,0,7,0,0,5,5,0,0,1,1,0,0,0,0,0,0,1,1,0,0,0,0,1,1,0,0,0,0,0,0,0,3,1,2,1,3,0,0,0,0,0,0,0,0,0,0,0,0,0,0,0,0,0,0,0,0,0,0,0,0,0,0,0,0,0,0,0,0,0,0,0,0,0,0,0,0,0,0,0,0,0,0,0,0,0,0,0,0
ruston police department,1989-02-01,louisiana,21056,LA03102,0,0,1,0,0,0,0,0,0,0,0,0,0,17,1,2,2,1,11,8,7,0,1,49,0,0,0,0,74,6,6,57,63,0,0,0,0,0,0,0,0,0,0,17,1,2,2,1,11,1,1,0,0,23,0,0,0,0,41,6,6,24,30,0,0,0,0,0,0,0,0,0,0,2,0,0,0,0,2,0,0,0,0,2,0,0,0,0,4,0,0,2,2,0,0,0,0,0,0,0,0,0,0,0,0,0,0,0,0,0,0,0,0,0,0,0,0,0,0,0,0,0,0,0,0,0,0,0,0,0,0,0,0,0,0,0,0,0,0,0,0,0,0,0,0,0,0,0,0,0,0,0,0,0,0,0,0,0,0,0,0,0,0,0,0,0,0,0,0,0,0,0,0,0,0
ruston police department,1989-01-01,louisiana,21056,LA03102,0,0,0,0,0,0,0,0,2,0,2,0,0,5,0,1,0,1,3,15,15,0,0,58,3,2,1,0,83,2,4,76,80,0,0,0,0,0,2,0,2,0,0,4,0,0,0,1,3,3,3,0,0,12,2,1,1,0,23,1,3,17,20,0,0,0,0,0,0,0,0,0,0,0,0,0,0,0,0,1,1,0,0,0,0,0,0,0,1,0,0,1,1,0,0,0,0,0,0,0,0,0,0,0,0,0,0,0,0,1,1,0,0,0,0,0,0,0,1,0,0,1,1,0,0,0,0,0,0,0,0,0,0,0,0,0,0,0,0,0,0,0,0,0,0,0,0,0,0,0,0,0,0,0,0,0,0,0,0,0,0,0,0,0,0,0,0,0,0,0,0,0,0,0,0
ruston police department,1988-12-01,louisiana,21543,LA03102,0,0,0,1,0,0,0,0,1,1,0,0,0,20,2,1,3,1,13,15,13,1,1,47,1,1,0,0,85,7,9,63,72,0,0,0,0,0,1,1,0,0,0,20,3,0,3,1,13,8,8,0,0,22,0,0,0,0,51,7,8,30,38,0,0,0,0,0,0,0,0,0,0,0,0,0,0,0,0,0,0,0,0,3,0,0,0,0,3,0,0,3,3,0,0,0,0,0,0,0,0,0,0,0,0,0,0,0,0,0,0,0,0,1,0,0,0,0,1,0,0,1,1,0,0,0,0,0,0,0,0,0,0,0,0,0,0,0,0,0,0,0,0,0,0,0,0,0,0,0,0,0,0,0,0,0,0,0,0,0,0,0,0,0,0,0,0,0,0,0,0,0,0,0,0
ruston police department,1988-11-01,louisiana,21543,LA03102,0,0,0,0,0,0,0,0,1,1,0,0,0,14,1,0,0,0,13,14,13,1,0,64,2,2,0,0,95,1,2,80,82,0,0,0,0,0,1,1,0,0,0,14,1,0,0,0,13,2,1,1,0,18,1,1,0,0,36,1,2,21,23,0,0,0,0,0,0,0,0,0,0,3,0,0,0,0,3,0,0,0,0,0,0,0,0,0,3,0,0,0,0,0,0,0,0,0,0,0,0,0,0,0,0,0,0,0,0,0,0,0,0,0,1,1,0,0,1,0,0,1,1,0,0,0,0,0,0,0,0,0,0,0,0,0,0,0,0,0,0,0,0,0,0,0,0,0,0,0,0,0,0,0,0,0,0,0,0,0,0,0,0,0,0,0,0,0,0,0,0,0,0,0,0
ruston police department,1988-10-01,louisiana,21543,LA03102,0,0,0,0,0,0,0,0,0,0,0,0,0,16,1,3,2,0,10,8,8,0,0,69,0,0,0,0,93,6,6,77,83,0,0,0,0,0,0,0,0,0,0,14,1,3,1,0,9,1,1,0,0,16,0,0,0,0,31,5,5,17,22,0,0,0,0,0,0,0,0,0,0,3,0,1,0,0,2,0,0,0,0,2,0,0,0,0,5,1,1,2,3,0,0,0,0,0,0,0,0,0,0,0,0,0,0,0,0,0,0,0,0,2,0,0,0,0,2,0,0,2,2,0,0,0,0,0,0,0,0,0,0,0,0,0,0,0,0,0,0,0,0,0,0,0,0,0,0,0,0,0,0,0,0,0,0,0,0,0,0,0,0,0,0,0,0,0,0,0,0,0,0,0,0
ruston police department,1988-09-01,louisiana,21543,LA03102,0,0,0,0,0,0,0,0,0,0,0,0,0,11,3,2,1,0,5,6,6,0,0,55,0,0,0,0,72,6,6,61,67,0,0,0,0,0,0,0,0,0,0,9,1,2,1,0,5,1,1,0,0,16,0,0,0,0,26,4,4,17,21,0,0,0,0,0,0,0,0,0,0,0,0,0,0,0,0,0,0,0,0,1,0,0,0,0,1,0,0,1,1,0,0,0,0,0,0,0,0,0,0,0,0,0,0,0,0,0,0,0,0,0,0,0,0,0,0,0,0,0,0,0,0,0,0,0,0,0,0,0,0,0,0,0,0,0,0,0,0,0,0,0,0,0,0,0,0,0,0,0,0,0,0,0,0,0,0,0,0,0,0,0,0,0,0,0,0,0,0,0,0,0,0
ruston police department,1988-08-01,louisiana,21543,LA03102,0,0,0,0,0,0,0,0,0,0,0,0,0,19,1,6,1,2,9,19,19,0,0,53,1,1,0,0,92,10,10,73,83,0,0,0,0,0,0,0,0,0,0,19,1,6,1,2,9,2,2,0,0,10,0,0,0,0,31,10,10,12,22,0,0,0,0,0,0,0,0,0,0,3,0,2,0,0,1,0,0,0,0,1,0,0,0,0,4,2,2,1,3,0,0,0,0,0,0,0,0,0,0,0,0,0,0,0,0,0,0,0,0,0,0,0,0,0,0,0,0,0,0,0,0,0,0,0,0,0,0,0,0,0,0,0,0,0,0,0,0,0,0,0,0,0,0,0,0,0,0,0,0,0,0,0,0,0,0,0,0,0,0,0,0,0,0,0,0,0,0,0,0,0,0
ruston police department,1988-07-01,louisiana,21543,LA03102,0,0,2,0,0,1,1,0,1,0,0,0,1,19,0,2,1,1,15,7,7,0,0,65,2,1,1,0,95,4,6,74,80,0,0,1,1,0,1,0,0,0,1,19,0,2,1,1,15,2,2,0,0,16,1,1,0,0,40,4,6,19,25,0,0,0,0,0,0,0,0,0,0,1,0,0,0,0,1,0,0,0,0,4,0,0,0,0,5,0,0,4,4,0,0,0,0,0,0,0,0,0,0,0,0,0,0,0,0,0,0,0,0,1,0,0,0,0,1,0,0,1,1,0,0,0,0,0,0,0,0,0,0,0,0,0,0,0,0,0,0,0,0,0,0,0,0,0,0,0,0,0,0,0,0,0,0,0,0,0,0,0,0,0,0,0,0,0,0,0,0,0,0,0,0
ruston police department,1988-06-01,louisiana,21543,LA03102,0,0,0,0,0,0,0,0,0,0,0,0,0,16,1,2,2,1,10,10,10,0,0,57,6,6,0,0,89,6,6,73,79,0,0,0,0,0,0,0,0,0,0,17,1,2,2,1,11,4,4,0,0,21,6,6,0,0,48,6,6,31,37,0,0,0,0,0,0,0,0,0,0,0,0,0,0,0,0,0,0,0,0,2,0,0,0,0,2,0,0,2,2,0,0,0,0,0,0,0,0,0,0,0,0,0,0,0,0,0,0,0,0,0,0,0,0,0,0,0,0,0,0,0,0,0,0,0,0,0,0,0,0,0,0,0,0,0,0,0,0,0,0,0,0,0,0,0,0,0,0,0,0,0,0,0,0,0,0,0,0,0,0,0,0,0,0,0,0,0,0,0,0,0,0
ruston police department,1988-05-01,louisiana,21543,LA03102,0,0,0,0,0,0,0,0,0,0,0,0,0,8,1,1,1,0,5,15,15,0,0,55,1,1,0,0,79,3,3,71,74,0,0,0,0,0,0,0,0,0,0,8,1,1,1,0,5,1,1,0,0,14,0,0,0,0,23,3,3,15,18,0,0,0,0,0,0,0,0,0,0,0,0,0,0,0,0,0,0,0,0,2,0,0,0,0,2,0,0,2,2,0,0,0,0,0,0,0,0,0,0,0,0,0,0,0,0,0,0,0,0,1,2,2,0,0,3,0,0,3,3,0,0,0,0,0,0,0,0,0,0,0,0,0,0,0,0,0,0,0,0,0,0,0,0,0,0,0,0,0,0,0,0,0,0,0,0,0,0,0,0,0,0,0,0,0,0,0,0,0,0,0,0
ruston police department,1988-04-01,louisiana,21543,LA03102,0,0,0,0,0,0,0,0,2,2,0,0,0,16,1,0,0,1,14,16,13,1,2,48,2,1,1,0,84,2,4,66,70,0,0,0,0,0,2,2,0,0,0,14,1,0,0,1,12,1,0,1,0,16,0,0,0,0,33,2,4,17,21,0,0,0,0,0,0,0,0,0,0,0,0,0,0,0,0,1,0,1,0,1,0,0,0,0,2,0,0,2,2,0,0,0,0,0,0,0,0,0,0,0,0,0,0,0,0,0,0,0,0,1,0,0,0,0,1,0,0,1,1,0,0,0,0,0,0,0,0,0,0,0,0,0,0,0,0,0,0,0,0,0,0,0,0,0,0,0,0,0,0,0,0,0,0,0,0,0,0,0,0,0,0,0,0,0,0,0,0,0,0,0,0
ruston police department,1988-03-01,louisiana,21543,LA03102,0,0,0,0,0,0,0,0,0,0,0,0,0,16,1,0,1,0,14,27,26,0,1,51,0,0,0,0,94,2,2,78,80,0,0,0,0,0,0,0,0,0,0,16,1,0,1,0,14,5,5,0,0,16,0,0,0,0,37,2,2,21,23,0,0,0,0,0,0,0,0,0,0,1,0,0,0,0,1,0,0,0,0,3,0,0,0,0,4,0,0,3,3,0,0,0,0,0,0,0,0,0,0,0,0,0,0,0,0,0,0,0,0,0,0,0,0,0,0,0,0,0,0,0,0,0,0,0,0,0,0,0,0,0,0,0,0,0,0,0,0,0,0,0,0,0,0,0,0,0,0,0,0,0,0,0,0,0,0,0,0,0,0,0,0,0,0,0,0,0,0,0,0,0,0
ruston police department,1988-02-01,louisiana,21543,LA03102,0,0,0,0,0,0,0,0,0,0,0,0,0,9,0,0,0,0,9,14,14,0,0,63,0,0,0,0,86,0,0,77,77,0,0,0,0,0,0,0,0,0,0,9,0,0,0,0,9,8,8,0,0,18,0,0,0,0,35,0,0,26,26,0,0,0,0,0,0,0,0,0,0,1,0,0,0,0,1,3,3,0,0,4,0,0,0,0,8,0,0,7,7,0,0,0,0,0,0,0,0,0,0,0,0,0,0,0,0,0,0,0,0,0,0,0,0,0,0,0,0,0,0,0,0,0,0,0,0,0,0,0,0,0,0,0,0,0,0,0,0,0,0,0,0,0,0,0,0,0,0,0,0,0,0,0,0,0,0,0,0,0,0,0,0,0,0,0,0,0,0,0,0,0,0
ruston police department,1988-01-01,louisiana,21543,LA03102,0,0,0,0,0,0,0,0,0,0,0,0,0,13,2,1,2,0,8,16,14,2,0,45,0,0,0,0,74,5,5,61,66,0,0,0,0,0,0,0,0,0,0,13,2,1,2,0,8,1,1,0,0,7,0,0,0,0,21,5,5,8,13,0,0,0,0,0,0,0,0,0,0,1,0,0,0,0,1,0,0,0,0,1,0,0,0,0,2,0,0,1,1,0,0,1,1,0,0,0,0,0,0,0,0,0,0,0,0,0,0,0,0,0,0,0,0,0,1,0,1,0,1,0,0,0,0,0,0,0,0,0,0,0,0,0,0,0,0,0,0,0,0,0,0,0,0,0,0,0,0,0,0,0,0,0,0,0,0,0,0,0,0,0,0,0,0,0,0,0,0,0,0,0,0
ruston police department,1987-12-01,louisiana,21248,LA03102,0,0,0,0,0,0,0,0,0,0,0,0,0,8,0,1,1,0,6,15,13,2,0,57,1,1,0,0,81,2,2,73,75,0,0,0,0,0,0,0,0,0,0,6,0,1,1,0,4,4,4,0,0,8,1,1,0,0,19,2,2,13,15,0,0,0,0,0,0,0,0,0,0,0,0,0,0,0,0,0,0,0,0,0,0,0,0,0,0,0,0,0,0,0,0,0,0,0,0,0,0,0,0,0,0,0,0,0,0,0,0,0,0,0,0,0,0,0,0,0,0,0,0,0,0,0,0,0,0,0,0,0,0,0,0,0,0,0,0,0,0,0,0,0,0,0,0,0,0,0,0,0,0,0,0,0,0,0,0,0,0,0,0,0,0,0,0,0,0,0,0,0,0,0,0
ruston police department,1987-11-01,louisiana,21248,LA03102,0,0,0,0,0,0,0,0,0,0,0,0,0,9,0,1,0,1,7,12,11,1,0,63,3,1,0,2,87,2,2,78,80,0,0,0,0,0,0,0,0,0,0,7,0,1,0,1,5,0,0,0,0,12,0,0,0,0,19,2,2,12,14,0,0,0,0,0,0,0,0,0,0,2,0,1,0,0,1,0,0,0,0,1,0,0,0,0,3,1,1,1,2,0,0,0,0,0,0,0,0,0,0,0,0,0,0,0,0,0,0,0,0,1,1,0,0,1,2,0,0,2,2,0,0,0,0,0,0,0,0,0,0,0,0,0,0,0,0,0,0,0,0,0,0,0,0,0,0,0,0,0,0,0,0,0,0,0,0,0,0,0,0,0,0,0,0,0,0,0,0,0,0,0,0
ruston police department,1987-10-01,louisiana,21248,LA03102,0,0,0,0,0,0,0,0,2,0,1,0,1,18,1,2,0,2,13,8,6,0,2,64,2,1,1,0,94,5,7,74,81,0,0,0,0,0,1,0,1,0,0,16,1,2,0,2,11,15,0,0,15,16,1,1,0,0,49,5,6,32,38,0,0,0,0,0,0,0,0,0,0,2,0,1,0,0,1,1,0,0,1,2,0,0,0,0,5,1,1,3,4,0,0,0,0,0,0,0,0,0,0,0,0,0,0,0,0,0,0,0,0,0,0,0,0,0,0,0,0,0,0,0,0,0,0,0,0,0,0,0,0,0,0,0,0,0,0,0,0,0,0,0,0,0,0,0,0,0,0,0,0,0,0,0,0,0,0,0,0,0,0,0,0,0,0,0,0,0,0,0,0,0,0
ruston police department,1987-09-01,louisiana,21248,LA03102,0,0,1,0,0,0,0,0,0,0,0,0,0,9,3,2,1,1,2,15,13,2,0,82,0,0,0,0,106,7,7,97,104,0,0,0,0,0,0,0,0,0,0,9,3,2,1,1,2,0,0,0,0,22,0,0,0,0,31,7,7,22,29,0,0,0,0,0,0,0,0,0,0,0,0,0,0,0,0,0,0,0,0,0,0,0,0,0,0,0,0,0,0,0,0,0,0,0,0,0,0,0,0,0,0,0,0,0,0,0,0,0,0,0,0,0,0,0,0,0,0,0,0,0,0,0,0,0,0,0,0,0,0,0,0,0,0,0,0,0,0,0,0,0,0,0,0,0,0,0,0,0,0,0,0,0,0,0,0,0,0,0,0,0,0,0,0,0,0,0,0,0,0,0,0
ruston police department,1987-08-01,louisiana,21248,LA03102,0,0,0,0,0,0,0,0,0,0,0,0,0,13,2,1,2,0,8,15,13,0,2,62,3,2,1,0,93,5,5,80,85,0,0,0,0,0,0,0,0,0,0,11,2,1,2,0,6,8,7,0,1,13,0,0,0,0,32,5,5,21,26,0,0,0,0,0,0,0,0,0,0,1,0,0,1,0,0,5,4,0,1,0,0,0,0,0,6,1,1,5,6,0,0,0,0,0,0,0,0,0,0,0,0,0,0,0,0,0,0,0,0,0,0,0,0,0,0,0,0,0,0,0,0,0,0,0,0,0,0,0,0,0,0,0,0,0,0,0,0,0,0,0,0,0,0,0,0,0,0,0,0,0,0,0,0,0,0,0,0,0,0,0,0,0,0,0,0,0,0,0,0,0,0
ruston police department,1987-07-01,louisiana,21248,LA03102,0,0,0,0,0,0,0,0,2,2,0,0,0,21,4,1,4,0,12,12,11,1,0,47,2,2,0,0,84,9,11,61,72,0,0,0,0,0,1,1,0,0,0,20,4,1,4,0,11,4,4,0,0,12,2,2,0,0,39,9,10,18,28,0,0,0,0,0,0,0,0,0,0,1,0,0,0,0,1,1,1,0,0,0,1,1,0,0,3,0,0,2,2,0,0,0,0,0,0,0,0,0,0,0,0,0,0,0,0,0,0,0,0,0,0,0,0,0,0,0,0,0,0,0,0,0,0,0,0,0,0,0,0,0,0,0,0,0,0,0,0,0,0,0,0,0,0,0,0,0,0,0,0,0,0,0,0,0,0,0,0,0,0,0,0,0,0,0,0,0,0,0,0,0,0
ruston police department,1987-06-01,louisiana,21248,LA03102,0,0,0,0,0,0,0,0,0,0,0,0,0,9,1,0,2,1,5,8,5,3,0,48,1,1,0,0,66,4,4,57,61,0,0,0,0,0,0,0,0,0,0,9,1,0,2,1,5,1,0,1,0,8,0,0,0,0,18,4,4,9,13,0,0,0,0,0,0,0,0,0,0,0,0,0,0,0,0,0,0,0,0,1,0,0,0,0,1,0,0,1,1,0,0,0,0,0,0,0,0,0,0,0,0,0,0,0,0,0,0,0,0,0,0,0,0,0,0,0,0,0,0,0,0,0,0,0,0,0,0,0,0,0,0,0,0,0,0,0,0,0,0,0,0,0,0,0,0,0,0,0,0,0,0,0,0,0,0,0,0,0,0,0,0,0,0,0,0,0,0,0,0,0,0
ruston police department,1987-05-01,louisiana,21248,LA03102,0,0,1,0,0,0,0,0,0,0,0,0,0,18,1,2,1,0,14,13,11,1,1,65,0,0,0,0,96,4,4,78,82,0,0,0,0,0,0,0,0,0,0,18,1,2,1,0,14,1,1,0,0,13,0,0,0,0,32,4,4,14,18,0,0,0,0,0,0,0,0,0,0,3,0,0,0,0,3,0,0,0,0,0,0,0,0,0,3,0,0,0,0,0,0,1,1,0,0,0,0,0,0,0,0,0,0,0,0,0,0,0,0,0,0,0,0,0,1,0,1,0,1,0,0,0,0,0,0,0,0,0,0,0,0,0,0,0,0,0,0,0,0,0,0,0,0,0,0,0,0,0,0,0,0,0,0,0,0,0,0,0,0,0,0,0,0,0,0,0,0,0,0,0,0
ruston police department,1987-04-01,louisiana,21248,LA03102,0,0,0,0,0,0,0,0,0,0,0,0,0,12,1,1,1,1,8,9,8,0,1,57,1,1,0,0,79,4,4,67,71,0,0,0,0,0,0,0,0,0,0,12,1,1,1,1,8,1,0,0,1,11,0,0,0,0,24,4,4,12,16,0,0,0,0,0,0,0,0,0,0,0,0,0,0,0,0,0,0,0,0,1,0,0,0,0,1,0,0,1,1,0,0,0,0,0,0,0,0,0,0,1,1,0,0,0,0,1,1,0,0,1,0,0,0,0,3,1,1,2,3,0,0,0,0,0,0,0,0,0,0,0,0,0,0,0,0,0,0,0,0,0,0,0,0,0,0,0,0,0,0,0,0,0,0,0,0,0,0,0,0,0,0,0,0,0,0,0,0,0,0,0,0
ruston police department,1987-03-01,louisiana,21248,LA03102,0,0,1,0,0,0,0,0,0,0,0,0,0,9,1,1,1,0,6,15,15,0,0,63,2,1,1,0,89,3,3,80,83,0,0,0,0,0,0,0,0,0,0,8,1,1,1,0,5,3,3,0,0,17,0,0,0,0,28,3,3,20,23,0,0,0,0,0,0,0,0,0,0,0,0,0,0,0,0,0,0,0,0,0,0,0,0,0,0,0,0,0,0,0,0,0,0,0,0,0,0,0,0,0,0,0,0,0,0,0,0,0,0,0,0,0,0,0,0,0,0,0,0,0,0,0,0,0,0,0,0,0,0,0,0,0,0,0,0,0,0,0,0,0,0,0,0,0,0,0,0,0,0,0,0,0,0,0,0,0,0,0,0,0,0,0,0,0,0,0,0,0,0,0,0
ruston police department,1987-02-01,louisiana,21248,LA03102,0,0,1,0,0,0,0,0,0,0,0,0,0,15,2,2,2,0,9,24,20,0,4,39,1,0,1,0,79,6,6,64,70,0,0,0,0,0,0,0,0,0,0,16,2,2,2,0,10,7,7,0,0,9,0,0,0,0,32,6,6,16,22,0,0,0,0,0,0,0,0,0,0,0,0,0,0,0,0,1,1,0,0,1,0,0,0,0,2,0,0,2,2,0,0,0,0,0,0,0,0,0,0,0,0,0,0,0,0,0,0,0,0,0,1,1,0,0,1,0,0,1,1,0,0,0,0,0,0,0,0,0,0,0,0,0,0,0,0,0,0,0,0,0,0,0,0,0,0,0,0,0,0,0,0,0,0,0,0,0,0,0,0,0,0,0,0,0,0,0,0,0,0,0,0
ruston police department,1987-01-01,louisiana,21248,LA03102,0,0,0,0,0,0,0,0,0,0,0,0,0,11,2,2,0,2,5,8,8,0,0,54,0,0,0,0,73,6,6,62,68,0,0,0,0,0,0,0,0,0,0,11,2,2,0,2,5,0,0,0,0,19,0,0,0,0,30,6,6,19,25,0,0,0,0,0,0,0,0,0,0,1,0,0,0,1,0,0,0,0,0,3,0,0,0,0,4,1,1,3,4,0,0,0,0,0,0,0,0,0,0,0,0,0,0,0,0,0,0,0,0,1,0,0,0,0,1,0,0,1,1,0,0,0,0,0,0,0,0,0,0,0,0,0,0,0,0,0,0,0,0,0,0,0,0,0,0,0,0,0,0,0,0,0,0,0,0,0,0,0,0,0,0,0,0,0,0,0,0,0,0,0,0
ruston police department,1986-12-01,louisiana,21751,LA03102,0,0,0,0,0,0,0,0,0,0,0,0,0,15,1,2,3,0,9,7,7,0,0,56,1,1,0,0,80,6,6,65,71,0,0,0,0,0,0,0,0,0,0,0,0,0,0,0,0,0,0,0,0,0,0,0,0,0,1,0,0,1,1,0,0,0,0,0,0,0,0,0,0,0,0,0,0,0,0,0,0,0,0,0,0,0,0,0,0,0,0,0,0,0,0,0,0,0,0,0,0,0,0,0,0,0,0,0,0,0,0,0,0,1,0,0,0,0,1,0,0,1,1,0,0,0,0,0,0,1,1,0,0,0,0,1,0,0,0,0,0,0,1,1,0,0,0,0,1,0,0,0,0,0,0,0,0,0,0,0,0,0,0,0,0,0,0,0,0,0,0,0,0,0,0
ruston police department,1986-11-01,louisiana,21751,LA03102,0,0,1,0,0,0,0,0,0,0,0,0,0,12,1,1,0,1,9,12,11,1,0,50,2,1,1,0,76,3,3,64,67,0,0,0,0,0,0,0,0,0,0,0,0,0,0,0,0,0,0,0,0,0,0,0,0,0,0,0,0,0,0,0,0,0,0,0,0,0,0,0,0,0,0,0,0,0,0,0,0,0,0,0,0,0,0,0,0,0,0,0,0,0,0,0,0,0,0,0,0,0,0,0,0,0,0,0,0,0,0,0,0,0,0,0,0,0,0,0,0,0,0,0,0,0,0,0,0,0,0,0,0,0,0,0,0,0,0,0,0,0,0,0,0,0,0,0,0,0,0,0,0,0,0,0,0,0,0,0,0,0,0,0,0,0,0,0,0,0,0,0,0,0,0
ruston police department,1986-10-01,louisiana,21751,LA03102,0,0,1,0,0,0,0,0,0,0,0,0,0,17,1,1,1,2,12,11,10,0,1,73,0,0,0,0,101,5,5,84,89,0,0,0,0,0,0,0,0,0,0,0,0,0,0,0,0,0,0,0,0,0,0,0,0,0,0,0,0,0,0,0,0,0,0,0,0,0,0,0,0,0,0,0,0,0,0,0,0,0,0,0,0,0,0,0,0,0,0,0,0,0,0,0,0,0,0,0,0,0,0,0,0,0,0,0,0,0,0,0,0,0,1,1,0,0,1,0,0,1,1,0,0,0,0,0,0,0,0,0,0,0,0,0,0,0,0,0,0,0,0,0,0,0,0,0,0,0,0,0,0,0,0,0,0,0,0,0,0,0,0,0,0,0,0,0,0,0,0,0,0,0,0
ruston police department,1986-09-01,louisiana,21751,LA03102,0,0,0,1,0,0,0,0,0,0,0,0,0,12,1,1,0,0,10,9,8,0,1,63,1,1,0,0,86,2,3,73,76,0,0,0,0,0,0,0,0,0,0,10,1,1,0,0,8,0,0,0,0,27,0,0,0,0,37,2,2,27,29,0,0,0,0,0,0,0,0,0,0,0,0,0,0,0,0,0,0,0,0,5,0,0,0,0,5,0,0,5,5,0,0,0,0,0,0,0,0,0,0,0,0,0,0,0,0,0,0,0,0,1,0,0,0,0,1,0,0,1,1,0,0,0,0,0,0,0,0,0,0,0,0,0,0,0,0,0,0,0,0,0,0,0,0,0,0,0,0,0,0,0,0,0,0,0,0,0,0,0,0,0,0,0,0,0,0,0,0,0,0,0,0
ruston police department,1986-08-01,louisiana,21751,LA03102,0,0,0,0,0,0,0,0,0,0,0,0,0,12,0,1,2,2,7,11,11,0,0,56,1,1,0,0,80,5,5,68,73,0,0,0,0,0,0,0,0,0,0,13,1,1,2,2,7,1,1,0,0,17,1,1,0,0,32,6,6,19,25,0,0,0,0,0,0,0,0,0,0,1,0,0,0,1,0,1,1,0,0,5,0,0,0,0,7,1,1,6,7,0,0,0,0,0,0,0,0,0,0,0,0,0,0,0,0,0,0,0,0,1,0,0,0,0,1,0,0,1,1,0,0,0,0,0,0,0,0,0,0,0,0,0,0,0,0,0,0,0,0,0,0,0,0,0,0,0,0,0,0,0,0,0,0,0,0,0,0,0,0,0,0,0,0,0,0,0,0,0,0,0,0
ruston police department,1986-07-01,louisiana,21751,LA03102,0,0,0,0,0,0,0,0,0,0,0,0,0,23,3,2,2,3,13,10,8,1,1,67,3,3,0,0,103,10,10,80,90,0,0,0,0,0,0,0,0,0,0,22,2,2,2,3,13,2,1,1,0,16,1,1,0,0,41,9,9,19,28,0,0,0,0,0,0,0,0,0,0,0,0,0,0,0,0,0,0,0,0,4,0,0,0,0,4,0,0,4,4,0,0,0,0,0,0,0,0,0,0,0,0,0,0,0,0,0,0,0,0,0,1,1,0,0,1,0,0,1,1,0,0,0,0,0,0,0,0,0,0,0,0,0,0,0,0,0,0,0,0,0,0,0,0,0,0,0,0,0,0,0,0,0,0,0,0,0,0,0,0,0,0,0,0,0,0,0,0,0,0,0,0
ruston police department,1986-06-01,louisiana,21751,LA03102,0,0,0,0,0,0,0,0,0,0,0,0,0,19,4,2,3,0,10,6,5,0,1,61,0,0,0,0,88,9,9,69,78,0,0,0,0,0,0,0,0,0,0,0,0,0,0,0,0,0,0,0,0,0,0,0,0,0,1,0,0,1,1,0,0,0,0,0,0,0,0,0,0,0,0,0,0,0,0,0,0,0,0,0,0,0,0,0,0,0,0,0,0,0,0,0,0,0,0,0,0,0,0,0,0,0,0,0,0,0,0,0,0,0,0,0,0,0,0,0,0,0,0,1,0,0,0,0,0,0,1,1,0,1,0,2,1,0,0,0,0,0,0,1,0,0,0,0,1,0,0,0,0,0,0,0,0,0,0,0,0,0,0,0,0,0,0,0,0,0,0,0,0,0,0
ruston police department,1986-05-01,louisiana,21751,LA03102,0,0,1,0,0,0,0,0,0,0,0,0,0,15,2,2,0,0,11,11,9,2,0,70,2,1,1,0,98,4,4,83,87,0,0,0,0,0,0,0,0,0,0,0,0,0,0,0,0,0,0,0,0,0,0,0,0,0,0,0,0,0,0,0,0,0,0,0,0,0,0,0,0,0,0,0,0,0,0,0,0,0,0,0,0,0,0,0,0,0,0,0,0,0,0,0,0,0,0,0,0,0,0,0,0,0,0,0,0,0,0,0,0,0,0,0,0,0,0,0,0,0,0,0,0,0,0,0,0,0,0,0,0,0,0,0,0,0,0,0,0,0,0,0,0,0,0,0,0,0,0,0,0,0,0,0,0,0,0,0,0,0,0,0,0,0,0,0,0,0,0,0,0,0,0
ruston police department,1986-04-01,louisiana,21751,LA03102,0,0,0,0,0,0,0,0,0,0,0,0,0,13,2,1,3,1,6,14,12,2,0,54,2,1,0,1,83,7,7,70,77,0,0,0,0,0,0,0,0,0,0,0,0,0,0,0,0,0,0,0,0,0,0,0,0,0,0,0,0,0,0,0,0,0,0,0,0,0,0,0,0,0,0,0,0,0,0,0,0,0,0,0,0,0,0,0,0,0,0,0,0,0,0,0,0,0,0,0,0,0,0,0,0,0,0,0,0,0,0,0,0,2,0,0,0,0,2,0,0,2,2,0,0,0,0,0,0,0,0,0,0,0,0,0,0,0,0,0,0,0,0,0,0,0,0,0,0,0,0,0,0,0,0,0,0,0,0,0,0,0,0,0,0,0,0,0,0,0,0,0,0,0,0
ruston police department,1986-03-01,louisiana,21751,LA03102,0,0,0,0,0,0,0,0,1,1,0,0,0,25,2,2,3,0,18,9,8,0,1,46,2,1,0,1,83,7,8,57,65,0,0,0,0,0,0,0,0,0,0,0,0,0,0,0,0,0,0,0,0,0,0,0,0,0,0,0,0,0,0,0,0,0,0,0,0,0,0,0,0,0,0,0,0,0,0,0,0,0,0,0,0,0,0,0,0,0,0,0,0,0,0,0,0,0,0,0,0,0,0,0,0,0,0,0,0,1,1,0,0,0,0,0,0,0,1,0,0,1,1,0,0,0,0,0,0,0,0,0,0,0,0,0,0,0,0,0,0,0,0,0,0,0,0,0,0,0,0,0,0,0,0,0,0,0,0,0,0,0,0,0,0,0,0,0,0,0,0,0,0,0,0
ruston police department,1986-02-01,louisiana,21751,LA03102,0,0,1,0,0,0,0,0,1,1,0,0,0,9,0,1,2,1,5,8,7,0,1,47,3,1,0,2,68,4,5,58,63,0,0,0,0,0,0,0,0,0,0,0,0,0,0,0,0,0,0,0,0,0,0,0,0,0,0,0,0,0,0,0,0,0,0,0,0,0,0,0,0,0,0,0,0,0,0,0,0,0,0,0,0,0,0,0,0,0,0,0,0,0,0,0,0,0,0,0,0,0,0,0,0,0,0,0,0,0,0,0,0,0,0,0,0,0,0,0,0,0,0,0,0,0,0,0,0,0,0,0,0,0,0,0,0,0,0,0,0,0,0,0,0,0,0,0,0,0,0,0,0,0,0,0,0,0,0,0,0,0,0,0,0,0,0,0,0,0,0,0,0,0,0
ruston police department,1986-01-01,louisiana,21751,LA03102,0,0,0,0,0,0,0,0,0,0,0,0,0,7,0,0,1,0,6,10,10,0,0,54,3,2,0,1,74,1,1,67,68,0,0,0,0,0,0,0,0,0,0,0,0,0,0,0,0,0,0,0,0,0,0,0,0,0,0,0,0,0,0,0,0,0,0,0,0,0,0,0,0,0,0,0,0,0,0,0,0,0,0,0,0,0,0,0,0,0,0,0,0,0,0,0,0,0,0,0,0,0,0,0,0,0,0,0,0,0,0,0,0,0,0,0,0,0,0,0,0,0,0,0,0,0,0,0,0,0,0,0,0,0,0,0,0,0,0,0,0,0,0,0,0,0,0,0,0,0,0,0,0,0,0,0,0,0,0,0,0,0,0,0,0,0,0,0,0,0,0,0,0,0,0
ruston police department,1985-12-01,louisiana,21695,LA03102,0,0,0,0,0,0,0,0,0,0,0,0,0,8,0,0,0,1,7,16,16,0,0,56,1,1,0,0,81,1,1,73,74,0,0,0,0,0,0,0,0,0,0,8,0,0,0,1,7,4,4,0,0,12,0,0,0,0,24,1,1,16,17,0,0,0,0,0,0,0,0,0,0,0,0,0,0,0,0,0,0,0,0,0,0,0,0,0,0,0,0,0,0,0,0,0,0,0,0,0,0,0,0,0,0,0,0,0,0,0,0,0,0,0,0,0,0,0,0,0,0,0,0,0,0,0,0,0,0,0,0,0,0,0,0,0,0,0,0,0,0,0,0,0,0,0,0,0,0,0,0,0,0,0,0,0,0,0,0,0,0,0,0,0,0,0,0,0,0,0,0,0,0,0,0
ruston police department,1985-11-01,louisiana,21695,LA03102,0,0,0,0,0,0,0,0,0,0,0,0,0,6,0,0,1,0,5,17,16,1,0,57,3,2,0,1,83,1,1,77,78,0,0,0,0,0,0,0,0,0,0,5,0,0,1,0,4,6,6,0,0,16,1,1,0,0,28,1,1,23,24,0,0,0,0,0,0,0,0,0,0,0,0,0,0,0,0,0,0,0,0,1,1,1,0,0,2,0,0,2,2,0,0,0,0,0,0,0,0,0,0,0,0,0,0,0,0,0,0,0,0,0,0,0,0,0,0,0,0,0,0,0,0,0,0,0,0,0,0,0,0,0,0,0,0,0,0,0,0,0,0,0,0,0,0,0,0,0,0,0,0,0,0,0,0,0,0,0,0,0,0,0,0,0,0,0,0,0,0,0,0,0,0
ruston police department,1985-10-01,louisiana,21695,LA03102,0,0,1,0,0,1,1,0,2,2,0,0,0,16,2,0,1,2,11,17,14,3,0,48,6,5,1,0,90,5,8,71,79,0,0,1,1,0,3,3,0,0,0,14,2,0,1,2,9,4,4,0,0,6,3,3,0,0,31,5,9,13,22,0,0,0,0,0,0,0,0,0,0,0,0,0,0,0,0,2,2,0,0,0,3,3,0,0,5,0,0,5,5,0,0,0,0,0,0,0,0,0,0,0,0,0,0,0,0,0,0,0,0,0,0,0,0,0,0,0,0,0,0,0,0,0,0,0,0,0,0,0,0,0,0,0,0,0,0,0,0,0,0,0,0,0,0,0,0,0,0,0,0,0,0,0,0,0,0,0,0,0,0,0,0,0,0,0,0,0,0,0,0,0,0
ruston police department,1985-09-01,louisiana,21695,LA03102,0,0,0,0,0,0,0,0,0,0,0,0,0,16,2,1,0,1,12,14,13,1,0,52,2,1,0,1,84,4,4,68,72,0,0,0,0,0,0,0,0,0,0,15,1,1,0,1,12,9,8,1,0,11,0,0,0,0,35,3,3,20,23,0,0,0,0,0,0,0,0,0,0,0,0,0,0,0,0,5,4,1,0,2,0,0,0,0,7,0,0,7,7,0,0,0,0,0,0,0,0,0,0,0,0,0,0,0,0,0,0,0,0,1,0,0,0,0,1,0,0,1,1,0,0,0,0,0,0,0,0,0,0,0,0,0,0,0,0,0,0,0,0,0,0,0,0,0,0,0,0,0,0,0,0,0,0,0,0,0,0,0,0,0,0,0,0,0,0,0,0,0,0,0,0
ruston police department,1985-08-01,louisiana,21695,LA03102,0,0,0,0,0,1,1,0,0,0,0,0,0,25,5,3,4,0,13,10,7,2,1,52,0,0,0,0,88,12,13,62,75,0,0,1,1,0,0,0,0,0,0,23,4,3,3,0,13,0,0,0,0,17,0,0,0,0,41,10,11,17,28,0,0,0,0,0,0,0,0,0,0,0,0,0,0,0,0,0,0,0,0,3,0,0,0,0,3,0,0,3,3,0,0,0,0,0,0,0,0,0,0,0,0,0,0,0,0,0,0,0,0,0,0,0,0,0,0,0,0,0,0,0,0,0,0,0,0,0,0,0,0,0,0,0,0,0,0,0,0,0,0,0,0,0,0,0,0,0,0,0,0,0,0,0,0,0,0,0,0,0,0,0,0,0,0,0,0,0,0,0,0,0,0
ruston police department,1985-07-01,louisiana,21695,LA03102,0,0,0,0,0,1,0,1,1,1,0,0,0,8,3,0,0,0,5,8,7,1,0,54,3,2,1,0,75,3,5,65,70,0,0,1,0,1,0,0,0,0,0,8,3,0,0,0,5,1,1,0,0,13,2,2,0,0,25,3,4,16,20,0,0,0,0,0,0,0,0,0,0,0,0,0,0,0,0,0,0,0,0,6,0,0,0,0,6,0,0,6,6,0,0,0,0,0,0,0,0,0,0,0,0,0,0,0,0,1,1,0,0,1,0,0,0,0,2,0,0,2,2,0,0,0,0,0,0,0,0,0,0,0,0,0,0,0,0,0,0,0,0,0,0,0,0,0,0,0,0,0,0,0,0,0,0,0,0,0,0,0,0,0,0,0,0,0,0,0,0,0,0,0,0
ruston police department,1985-06-01,louisiana,21695,LA03102,0,0,0,0,0,0,0,0,0,0,0,0,0,19,4,2,3,0,10,5,5,0,0,56,1,0,1,0,81,9,9,62,71,0,0,0,0,0,0,0,0,0,0,19,4,2,3,0,10,2,2,0,0,7,0,0,0,0,28,9,9,9,18,0,0,0,0,0,0,0,0,0,0,1,1,0,0,0,0,0,0,0,0,4,0,0,0,0,5,1,1,4,5,0,0,0,0,0,0,0,0,0,0,0,0,0,0,0,0,0,0,0,0,0,0,0,0,0,0,0,0,0,0,0,0,0,0,0,0,0,0,0,0,0,0,0,0,0,0,0,0,0,0,0,0,0,0,0,0,0,0,0,0,0,0,0,0,0,0,0,0,0,0,0,0,0,0,0,0,0,0,0,0,0,0
ruston police department,1985-05-01,louisiana,21695,LA03102,0,0,0,0,0,0,0,0,0,0,0,0,0,16,2,2,2,3,7,7,7,0,0,70,2,0,2,0,95,9,9,79,88,0,0,0,0,0,0,0,0,0,0,16,2,2,2,3,7,0,0,0,0,15,0,0,0,0,31,9,9,15,24,0,0,0,0,0,0,0,0,0,0,0,0,0,0,0,0,0,0,0,0,0,0,0,0,0,0,0,0,0,0,0,0,0,0,0,0,0,0,0,0,0,0,0,0,0,0,0,0,0,0,1,0,0,0,0,1,0,0,1,1,0,0,0,0,0,0,0,0,0,0,0,0,0,0,0,0,0,0,0,0,0,0,0,0,0,0,0,0,0,0,0,0,0,0,0,0,0,0,0,0,0,0,0,0,0,0,0,0,0,0,0,0
ruston police department,1985-04-01,louisiana,21695,LA03102,0,0,1,0,0,0,0,0,0,0,0,0,0,13,3,0,0,2,8,15,13,2,0,45,0,0,0,0,73,5,5,60,65,0,0,0,0,0,0,0,0,0,0,11,1,0,0,2,8,3,3,0,0,10,0,0,0,0,24,3,3,13,16,0,0,0,0,0,0,0,0,0,0,2,0,0,0,1,1,0,0,0,0,0,0,0,0,0,2,1,1,0,1,0,0,0,0,0,0,0,0,0,0,0,0,0,0,0,0,0,0,0,0,0,0,0,0,0,0,0,0,0,0,0,0,0,0,0,0,0,0,0,0,0,0,0,0,0,0,0,0,0,0,0,0,0,0,0,0,0,0,0,0,0,0,0,0,0,0,0,0,0,0,0,0,0,0,0,0,0,0,0,0,0,0
ruston police department,1985-03-01,louisiana,21695,LA03102,0,0,0,0,0,0,0,0,4,4,0,0,0,16,3,3,1,0,9,11,10,0,1,51,0,0,0,0,82,7,11,62,73,0,0,0,0,0,1,1,0,0,0,13,3,3,1,0,6,0,0,0,0,18,0,0,0,0,32,7,8,18,26,0,0,0,0,0,0,0,0,0,0,0,0,0,0,0,0,0,0,0,0,0,0,0,0,0,0,0,0,0,0,0,0,0,0,0,0,0,0,0,0,0,0,0,0,0,0,0,0,0,0,0,0,0,0,0,0,0,0,0,0,0,0,0,0,0,0,0,0,0,0,0,0,0,0,0,0,0,0,0,0,0,0,0,0,0,0,0,0,0,0,0,0,0,0,0,0,0,0,0,0,0,0,0,0,0,0,0,0,0,0,0,0
ruston police department,1985-02-01,louisiana,21695,LA03102,0,0,0,0,0,0,0,0,2,1,0,0,1,7,1,1,1,0,4,10,10,0,0,51,2,2,0,0,72,3,5,63,68,0,0,0,0,0,0,0,0,0,0,7,1,1,1,0,4,1,1,0,0,13,1,1,0,0,22,3,3,15,18,0,0,0,0,0,0,0,0,0,0,0,0,0,0,0,0,0,0,0,0,0,0,0,0,0,0,0,0,0,0,0,0,0,0,0,0,0,0,0,0,0,0,0,0,0,0,0,0,0,0,0,0,0,0,0,0,0,0,0,0,0,0,0,0,0,0,0,0,0,0,0,0,0,0,0,0,0,0,0,0,0,0,0,0,0,0,0,0,0,0,0,0,0,0,0,0,0,0,0,0,0,0,0,0,0,0,0,0,0,0,0,0
ruston police department,1985-01-01,louisiana,21695,LA03102,0,0,0,0,0,0,0,0,1,1,0,0,0,11,2,2,1,0,6,15,13,2,0,48,0,0,0,0,75,5,6,63,69,0,0,0,0,0,1,1,0,0,0,11,2,2,1,0,6,4,2,2,0,12,0,0,0,0,28,5,6,16,22,0,0,0,0,0,0,0,0,0,0,0,0,0,0,0,0,1,0,1,0,0,0,0,0,0,1,0,0,1,1,0,0,0,0,0,0,0,0,0,0,0,0,0,0,0,0,0,0,0,0,1,0,0,0,0,1,0,0,1,1,0,0,0,0,0,0,0,0,0,0,0,0,0,0,0,0,0,0,0,0,0,0,0,0,0,0,0,0,0,0,0,0,0,0,0,0,0,0,0,0,0,0,0,0,0,0,0,0,0,0,0,0
ruston police department,1984-12-01,louisiana,21607,LA03102,0,0,0,0,0,1,0,1,0,0,0,0,0,13,4,1,2,1,5,4,4,0,0,55,0,0,0,0,73,8,9,59,68,0,0,1,0,1,0,0,0,0,0,10,4,1,0,1,4,1,1,0,0,10,0,0,0,0,22,6,7,11,18,0,0,0,0,0,0,0,0,0,0,0,0,0,0,0,0,0,0,0,0,0,0,0,0,0,0,0,0,0,0,0,0,1,1,0,0,0,0,0,0,0,0,0,0,0,0,0,0,0,0,0,0,0,0,0,1,0,1,0,1,0,0,0,0,0,0,0,0,0,0,0,0,0,0,0,0,0,0,0,0,0,0,0,0,0,0,0,0,0,0,0,0,0,0,0,0,0,0,0,0,0,0,0,0,0,0,0,0,0,0,0,0
ruston police department,1984-11-01,louisiana,21607,LA03102,0,0,0,1,0,0,0,0,0,0,0,0,0,13,5,1,1,3,3,19,17,1,1,61,1,1,0,0,95,10,11,81,92,1,0,0,0,0,0,0,0,0,0,13,4,1,2,4,2,2,0,1,1,10,1,1,0,0,27,11,12,13,25,0,0,0,0,0,0,0,0,0,0,0,0,0,0,0,0,0,0,0,0,0,0,0,0,0,0,0,0,0,0,0,0,0,0,0,0,0,0,0,0,0,0,0,0,0,0,0,0,0,0,0,0,0,0,0,0,0,0,0,0,0,0,0,0,0,0,0,0,0,0,0,0,0,0,0,0,0,0,0,0,0,0,0,0,0,0,0,0,0,0,0,0,0,0,0,0,0,0,0,0,0,0,0,0,0,0,0,0,0,0,0,0
ruston police department,1984-10-01,louisiana,21607,LA03102,0,0,0,0,0,0,0,0,0,0,0,0,0,12,0,2,1,6,3,14,11,2,1,74,0,0,0,0,100,9,9,88,97,0,0,0,0,0,0,0,0,0,0,11,0,2,0,6,3,6,5,0,1,13,0,0,0,0,30,8,8,19,27,0,0,0,0,0,0,0,0,0,0,0,0,0,0,0,0,3,3,0,0,1,0,0,0,0,4,0,0,4,4,0,0,0,0,0,0,0,0,0,0,0,0,0,0,0,0,0,0,0,0,0,0,0,0,0,0,0,0,0,0,0,0,0,0,0,0,0,0,0,0,0,0,0,0,0,0,0,0,0,0,0,0,0,0,0,0,0,0,0,0,0,0,0,0,0,0,0,0,0,0,0,0,0,0,0,0,0,0,0,0,0,0
ruston police department,1984-09-01,louisiana,21607,LA03102,0,0,0,0,0,0,0,0,0,0,0,0,0,19,0,1,4,5,9,16,15,0,1,62,0,0,0,0,97,10,10,78,88,0,0,0,0,0,0,0,0,0,0,16,0,0,3,5,8,6,5,0,1,6,0,0,0,0,28,8,8,12,20,0,0,0,0,0,0,0,0,0,0,0,0,0,0,0,0,3,3,0,0,1,0,0,0,0,4,0,0,4,4,0,0,0,0,0,0,0,0,0,0,0,0,0,0,0,0,0,0,0,0,0,0,0,0,0,0,0,0,0,0,0,0,0,0,0,0,0,0,0,0,0,0,0,0,0,0,0,0,0,0,0,0,0,0,0,0,0,0,0,0,0,0,0,0,0,0,0,0,0,0,0,0,0,0,0,0,0,0,0,0,0,0
ruston police department,1984-08-01,louisiana,21607,LA03102,0,0,0,0,0,0,0,0,0,0,0,0,0,14,2,1,3,3,5,6,4,2,0,71,1,0,1,0,92,9,9,78,87,0,0,0,0,0,0,0,0,0,0,14,2,1,3,3,5,3,1,2,0,12,0,0,0,0,29,9,9,15,24,0,0,0,0,0,0,0,0,0,0,0,0,0,0,0,0,0,0,0,0,4,0,0,0,0,4,0,0,4,4,0,0,0,0,0,0,0,0,0,0,0,0,0,0,0,0,0,0,0,0,0,0,0,0,0,0,0,0,0,0,0,0,0,0,0,0,0,0,0,0,0,0,0,0,0,0,0,0,0,0,0,0,0,0,0,0,0,0,0,0,0,0,0,0,0,0,0,0,0,0,0,0,0,0,0,0,0,0,0,0,0,0
ruston police department,1984-07-01,louisiana,21607,LA03102,0,0,0,0,0,0,0,0,0,0,0,0,0,18,0,4,3,2,9,9,5,4,0,77,1,0,0,1,105,9,9,87,96,0,0,0,0,0,0,0,0,0,0,18,0,4,3,2,9,4,0,4,0,26,0,0,0,0,48,9,9,30,39,0,0,0,0,0,0,0,0,0,0,0,0,0,0,0,0,1,0,1,0,3,0,0,0,0,4,0,0,4,4,0,0,0,0,0,0,0,0,0,0,0,0,0,0,0,0,0,0,0,0,0,0,0,0,0,0,0,0,0,0,0,0,0,0,0,0,0,0,0,0,0,0,0,0,0,0,0,0,0,0,0,0,0,0,0,0,0,0,0,0,0,0,0,0,0,0,0,0,0,0,0,0,0,0,0,0,0,0,0,0,0,0
ruston police department,1984-06-01,louisiana,21607,LA03102,0,0,1,1,0,0,0,0,0,0,0,0,0,11,1,0,0,3,7,9,5,2,2,59,0,0,0,0,80,4,5,68,73,1,0,0,0,0,0,0,0,0,0,11,1,0,0,3,7,6,4,0,2,18,0,0,0,0,36,4,5,24,29,0,0,0,0,0,0,0,0,0,0,1,0,0,0,0,1,5,4,0,1,5,0,0,0,0,11,0,0,10,10,0,0,0,0,0,0,0,0,0,0,0,0,0,0,0,0,0,0,0,0,0,0,0,0,0,0,0,0,0,0,0,0,0,0,0,0,0,0,0,0,0,0,0,0,0,0,0,0,0,0,0,0,0,0,0,0,0,0,0,0,0,0,0,0,0,0,0,0,0,0,0,0,0,0,0,0,0,0,0,0,0,0
ruston police department,1984-05-01,louisiana,21607,LA03102,0,0,0,0,0,0,0,0,0,0,0,0,0,23,3,4,5,0,11,8,8,0,0,46,3,2,0,1,80,12,12,57,69,0,0,0,0,0,0,0,0,0,0,22,3,3,5,0,11,0,0,0,0,16,1,1,0,0,39,11,11,17,28,0,0,0,0,0,0,0,0,0,0,0,0,0,0,0,0,0,0,0,0,0,0,0,0,0,0,0,0,0,0,0,0,0,0,0,0,0,0,0,0,0,0,0,0,0,0,0,0,0,0,0,0,0,0,0,0,0,0,0,0,0,0,0,0,0,0,0,0,0,0,0,0,0,0,0,0,0,0,0,0,0,0,0,0,0,0,0,0,0,0,0,0,0,0,0,0,0,0,0,0,0,0,0,0,0,0,0,0,0,0,0,0
ruston police department,1984-04-01,louisiana,21607,LA03102,0,0,1,0,0,1,0,1,0,0,0,0,0,22,9,0,4,0,9,11,10,1,0,49,1,0,0,1,84,13,14,61,75,0,0,1,0,1,0,0,0,0,0,21,8,0,4,0,9,3,3,0,0,17,1,0,0,1,43,12,13,21,34,0,0,0,0,0,0,0,0,0,0,0,0,0,0,0,0,1,1,0,0,2,0,0,0,0,3,0,0,3,3,0,0,0,0,0,0,0,0,0,0,0,0,0,0,0,0,0,0,0,0,0,0,0,0,0,0,0,0,0,0,0,0,0,0,0,0,0,0,0,0,0,0,0,0,0,0,0,0,0,0,0,0,0,0,0,0,0,0,0,0,0,0,0,0,0,0,0,0,0,0,0,0,0,0,0,0,0,0,0,0,0,0
ruston police department,1984-03-01,louisiana,21607,LA03102,0,0,1,0,0,0,0,0,0,0,0,0,0,11,1,1,1,1,7,12,9,3,0,50,4,2,0,2,77,4,4,66,70,0,0,0,0,0,0,0,0,0,0,11,1,1,1,1,7,1,1,0,0,27,2,0,0,2,41,4,4,30,34,0,0,0,0,0,0,0,0,0,0,0,0,0,0,0,0,0,0,0,0,3,2,0,0,2,5,0,0,5,5,0,0,0,0,0,0,0,0,0,0,0,0,0,0,0,0,0,0,0,0,4,1,0,1,0,5,0,0,5,5,0,0,0,0,0,0,0,0,0,0,0,0,0,0,0,0,0,0,0,0,0,0,0,0,0,0,0,0,0,0,0,0,0,0,0,0,0,0,0,0,0,0,0,0,0,0,0,0,0,0,0,0
ruston police department,1984-02-01,louisiana,21607,LA03102,0,0,0,0,0,0,0,0,0,0,0,0,0,12,5,1,1,0,5,8,7,1,0,45,4,3,0,1,69,7,7,57,64,0,0,0,0,0,0,0,0,0,0,12,5,1,1,0,5,0,0,0,0,10,0,0,0,0,22,7,7,10,17,0,0,0,0,0,0,0,0,0,0,3,0,1,1,0,1,0,0,0,0,3,0,0,0,0,6,2,2,3,5,0,0,0,0,0,0,0,0,0,0,0,0,0,0,0,0,0,0,0,0,2,0,0,0,0,2,0,0,2,2,0,0,0,0,0,0,0,0,0,0,0,0,0,0,0,0,0,0,0,0,0,0,0,0,0,0,0,0,0,0,0,0,0,0,0,0,0,0,0,0,0,0,0,0,0,0,0,0,0,0,0,0
ruston police department,1984-01-01,louisiana,21607,LA03102,0,0,2,0,0,0,0,0,-1,0,-1,0,0,20,6,0,0,1,13,7,5,1,1,53,0,0,0,0,79,7,6,60,66,0,0,0,0,0,0,0,0,0,0,19,6,0,0,1,12,7,5,2,0,16,0,0,0,0,42,7,7,23,30,0,0,0,0,0,0,0,0,0,0,0,0,0,0,0,0,0,0,0,0,0,0,0,0,0,0,0,0,0,0,0,0,0,0,0,1,0,1,0,0,0,0,0,0,0,0,0,0,0,0,1,1,1,0,0,3,0,1,2,3,0,0,0,0,0,0,0,0,0,0,0,0,0,0,0,0,0,0,0,0,0,0,0,0,0,0,0,0,0,0,0,0,0,0,0,0,0,0,0,0,0,0,0,0,0,0,0,0,0,0,0,0
ruston police department,1983-12-01,louisiana,21752,LA03102,0,0,2,0,0,0,0,0,0,0,0,0,0,27,5,1,2,3,16,11,10,1,0,41,1,0,1,0,80,11,11,53,64,0,0,0,0,0,0,0,0,0,0,24,5,1,1,2,15,0,0,0,0,4,0,0,0,0,28,9,9,4,13,0,0,0,0,0,0,0,0,0,0,0,0,0,0,0,0,0,0,0,0,0,0,0,0,0,0,0,0,0,0,0,0,0,0,0,0,0,0,0,0,0,0,0,0,0,0,0,0,0,0,0,0,0,0,0,0,0,0,0,0,0,0,0,0,0,0,0,0,0,0,0,0,0,0,0,0,0,0,0,0,0,0,0,0,0,0,0,0,0,0,0,0,0,0,0,0,0,0,0,0,0,0,0,0,0,0,0,0,0,0,0,0
ruston police department,1983-11-01,louisiana,21752,LA03102,0,0,0,0,0,0,0,0,1,0,1,0,0,18,2,3,0,0,13,8,5,3,0,43,0,0,0,0,70,5,6,51,57,0,0,0,0,0,0,0,0,0,0,22,2,3,0,0,17,0,0,0,0,12,0,0,0,0,34,5,5,12,17,0,0,0,0,0,0,0,0,0,0,2,0,0,0,0,2,0,0,0,0,0,0,0,0,0,2,0,0,0,0,0,0,0,0,0,0,0,0,0,0,0,0,0,0,0,0,0,0,0,0,3,0,0,0,0,3,0,0,3,3,0,0,0,0,0,0,0,0,0,0,0,0,0,0,0,0,0,0,0,0,0,0,0,0,0,0,0,0,0,0,0,0,0,0,0,0,0,0,0,0,0,0,0,0,0,0,0,0,0,0,0,0
ruston police department,1983-10-01,louisiana,21752,LA03102,0,0,0,0,0,0,0,0,2,2,0,0,0,25,3,1,4,1,16,12,12,0,0,37,3,1,1,1,79,9,11,52,63,0,0,0,0,0,2,2,0,0,0,25,3,1,4,1,16,0,0,0,0,14,1,0,1,0,42,9,11,15,26,0,0,0,0,0,0,0,0,0,0,0,0,0,0,0,0,0,0,0,0,2,0,0,0,0,2,0,0,2,2,0,0,0,0,0,0,0,0,0,0,0,0,0,0,0,0,1,1,0,0,0,0,0,0,0,1,0,0,1,1,0,0,0,0,0,0,0,0,0,0,0,0,0,0,0,0,0,0,0,0,0,0,0,0,0,0,0,0,0,0,0,0,0,0,0,0,0,0,0,0,0,0,0,0,0,0,0,0,0,0,0,0
ruston police department,1983-09-01,louisiana,21752,LA03102,0,0,2,0,0,1,0,1,0,0,0,0,0,24,5,2,1,2,14,7,6,1,0,56,0,0,0,0,88,10,11,63,74,0,0,1,0,1,0,0,0,0,0,22,5,2,1,2,12,10,9,1,0,10,0,0,0,0,43,10,11,20,31,0,0,0,0,0,0,0,0,0,0,2,0,0,1,0,1,0,0,0,0,2,0,0,0,0,4,1,1,2,3,0,0,0,0,0,0,0,0,0,0,0,0,0,0,0,0,0,0,0,0,0,0,0,0,0,0,0,0,0,0,0,0,0,0,0,0,0,0,0,0,0,0,0,0,0,0,0,0,0,0,0,0,0,0,0,0,0,0,0,0,0,0,0,0,0,0,0,0,0,0,0,0,0,0,0,0,0,0,0,0,0,0
ruston police department,1983-08-01,louisiana,21752,LA03102,0,0,0,0,0,0,0,0,0,0,0,0,0,21,0,4,4,0,13,14,13,0,1,42,0,0,0,0,77,8,8,56,64,0,0,0,0,0,0,0,0,0,0,20,0,4,4,0,12,2,1,0,1,16,0,0,0,0,38,8,8,18,26,0,0,0,0,0,0,0,0,0,0,0,0,0,0,0,0,0,0,0,0,0,0,0,0,0,0,0,0,0,0,0,0,0,0,0,0,0,0,0,0,0,0,0,0,0,0,1,1,0,0,1,0,0,0,0,2,0,0,2,2,0,0,0,0,0,0,0,0,0,0,0,0,0,0,0,0,0,0,0,0,0,0,0,0,0,0,0,0,0,0,0,0,0,0,0,0,0,0,0,0,0,0,0,0,0,0,0,0,0,0,0,0
ruston police department,1983-07-01,louisiana,21752,LA03102,0,0,0,0,0,0,0,0,0,0,0,0,0,27,3,4,5,0,15,4,2,2,0,57,1,0,0,1,89,12,12,62,74,0,0,0,0,0,0,0,0,0,0,26,3,4,5,0,14,0,0,0,0,9,0,0,0,0,35,12,12,9,21,0,0,0,0,0,0,0,0,0,0,0,0,0,0,0,0,0,0,0,0,0,0,0,0,0,0,0,0,0,0,0,0,0,0,0,0,0,0,0,0,0,0,0,0,0,0,0,0,0,0,0,0,0,0,0,0,0,0,0,0,0,0,0,0,0,0,0,0,0,0,0,0,0,0,0,0,0,0,0,0,0,0,0,0,0,0,0,0,0,0,0,0,0,0,0,0,0,0,0,0,0,0,0,0,0,0,0,0,0,0,0,0
ruston police department,1983-06-01,louisiana,21752,LA03102,0,0,0,0,0,1,0,1,0,0,0,0,0,28,5,4,3,2,14,7,6,1,0,36,3,3,0,0,75,14,15,46,61,0,0,0,0,0,0,0,0,0,0,24,3,4,3,2,12,1,1,0,0,4,2,2,0,0,31,12,12,7,19,0,0,0,0,0,0,0,0,0,0,6,1,3,1,1,0,0,0,0,0,0,1,1,0,0,7,6,6,1,7,0,0,0,0,0,0,0,0,0,0,0,0,0,0,0,0,0,0,0,0,1,0,0,0,0,1,0,0,1,1,0,0,0,0,0,0,0,0,0,0,0,0,0,0,0,0,0,0,0,0,0,0,0,0,0,0,0,0,0,0,0,0,0,0,0,0,0,0,0,0,0,0,0,0,0,0,0,0,0,0,0,0
ruston police department,1983-05-01,louisiana,21752,LA03102,0,0,0,0,0,0,0,0,0,0,0,0,0,24,3,3,5,0,13,13,11,1,1,39,3,2,1,0,79,11,11,55,66,0,0,0,0,0,0,0,0,0,0,25,3,3,5,0,14,2,1,0,1,14,1,0,1,0,42,11,11,17,28,0,0,0,0,0,0,0,0,0,0,0,0,0,0,0,0,1,1,0,0,2,0,0,0,0,3,0,0,3,3,0,0,0,0,0,0,0,0,0,0,0,0,0,0,0,0,1,0,1,0,1,0,0,0,0,2,0,0,2,2,0,0,0,0,0,0,0,0,0,0,0,0,0,0,0,0,0,0,0,0,0,0,0,0,0,0,0,0,0,0,0,0,0,0,0,0,0,0,0,0,0,0,0,0,0,0,0,0,0,0,0,0
ruston police department,1983-04-01,louisiana,21752,LA03102,0,0,0,0,0,0,0,0,0,0,0,0,0,18,5,0,2,0,11,10,9,0,1,45,2,2,0,0,75,7,7,57,64,0,0,0,0,0,1,1,0,0,0,15,5,0,2,0,8,5,4,0,1,18,2,2,0,0,41,7,8,25,33,0,0,0,0,0,0,0,0,0,0,0,0,0,0,0,0,0,0,0,0,0,0,0,0,0,0,0,0,0,0,0,0,0,0,0,0,0,0,0,0,0,0,0,0,0,0,0,0,0,0,0,0,0,0,0,0,0,0,0,0,0,0,0,0,0,0,0,0,0,0,0,0,0,0,0,0,0,0,0,0,0,0,0,0,0,0,0,0,0,0,0,0,0,0,0,0,0,0,0,0,0,0,0,0,0,0,0,0,0,0,0,0
ruston police department,1983-03-01,louisiana,21752,LA03102,0,0,0,0,0,0,0,0,1,1,0,0,0,20,7,3,3,2,5,11,9,0,2,47,0,0,0,0,79,15,16,58,74,0,0,0,0,0,2,2,0,0,0,20,7,3,3,2,5,2,2,0,0,16,0,0,0,0,40,15,17,18,35,0,0,0,0,0,0,0,0,0,0,1,0,0,0,0,1,0,0,0,0,1,0,0,0,0,2,0,0,1,1,0,0,0,0,0,0,0,0,0,0,0,0,0,0,0,0,1,1,0,0,0,0,0,0,0,1,0,0,1,1,0,0,0,0,0,0,0,0,0,0,0,0,0,0,0,0,0,0,0,0,0,0,0,0,0,0,0,0,0,0,0,0,0,0,0,0,0,0,0,0,0,0,0,0,0,0,0,0,0,0,0,0
ruston police department,1983-02-01,louisiana,21752,LA03102,0,0,0,0,0,0,0,0,0,0,0,0,0,11,1,3,2,0,5,13,10,2,1,47,1,1,0,0,72,6,6,61,67,0,0,0,0,0,0,0,0,0,0,11,1,3,2,0,5,1,0,1,0,12,0,0,0,0,24,6,6,13,19,0,0,0,0,0,0,0,0,0,0,3,0,0,0,0,3,0,0,0,0,0,0,0,0,0,3,0,0,0,0,0,0,0,0,0,0,0,0,0,0,0,0,0,0,0,0,0,0,0,0,0,0,0,0,0,0,0,0,0,0,0,0,0,0,0,0,0,0,0,0,0,0,0,0,0,0,0,0,0,0,0,0,0,0,0,0,0,0,0,0,0,0,0,0,0,0,0,0,0,0,0,0,0,0,0,0,0,0,0,0,0,0
ruston police department,1983-01-01,louisiana,21752,LA03102,0,0,2,0,0,0,0,0,1,1,0,0,0,17,0,1,2,0,14,13,12,0,1,47,4,3,1,0,82,3,4,64,68,0,0,0,0,0,0,0,0,0,0,15,0,1,2,0,12,1,0,0,1,9,2,2,0,0,27,3,3,12,15,0,0,0,0,0,0,0,0,0,0,3,0,0,2,0,1,0,0,0,0,0,1,1,0,0,4,2,2,1,3,0,0,0,0,0,0,0,0,0,0,0,0,0,0,0,0,1,1,0,0,0,0,0,0,0,1,0,0,1,1,0,0,0,0,0,0,0,0,0,0,0,0,0,0,0,0,0,0,0,0,0,0,0,0,0,0,0,0,0,0,0,0,0,0,0,0,0,0,0,0,0,0,0,0,0,0,0,0,0,0,0,0
ruston police department,1982-12-01,louisiana,21380,LA03102,0,0,0,-1,0,0,0,0,0,0,0,0,0,16,2,2,0,0,12,15,13,2,0,54,3,2,0,1,87,4,3,72,75,-1,0,1,1,0,0,0,0,0,0,15,2,2,0,0,11,6,4,2,0,20,0,0,0,0,41,4,4,26,30,0,0,0,0,0,0,0,0,0,0,1,0,0,0,0,1,0,0,0,0,3,0,0,0,0,4,0,0,3,3,0,0,0,0,0,0,0,0,0,0,0,0,0,0,0,0,0,0,0,0,0,0,0,0,0,0,0,0,0,0,0,0,0,0,0,0,0,0,0,0,0,0,0,0,0,0,0,0,0,0,0,0,0,0,0,0,0,0,0,0,0,0,0,0,0,0,0,0,0,0,0,0,0,0,0,0,0,0,0,0,0,0
ruston police department,1982-11-01,louisiana,21380,LA03102,0,0,0,1,0,0,0,0,0,0,0,0,0,14,2,2,1,0,9,11,6,5,0,45,2,0,2,0,73,5,6,58,64,1,0,0,0,0,0,0,0,0,0,14,2,2,1,0,9,1,0,1,0,16,1,0,1,0,33,5,6,18,24,0,0,0,0,0,0,0,0,0,0,0,0,0,0,0,0,0,0,0,0,3,0,0,0,0,3,0,0,3,3,0,0,0,0,0,0,0,0,0,0,0,0,0,0,0,0,0,0,0,0,0,0,0,0,0,0,0,0,0,0,0,0,0,0,0,0,0,0,0,0,0,0,0,0,0,0,0,0,0,0,0,0,0,0,0,0,0,0,0,0,0,0,0,0,0,0,0,0,0,0,0,0,0,0,0,0,0,0,0,0,0,0
ruston police department,1982-10-01,louisiana,21380,LA03102,0,0,0,1,0,0,0,0,0,0,0,0,0,26,6,3,3,0,14,18,11,7,0,72,2,2,0,0,119,12,13,92,105,1,0,0,0,0,0,0,0,0,0,25,6,3,3,0,13,9,7,2,0,22,0,0,0,0,57,12,13,31,44,0,0,0,0,0,0,0,0,0,0,1,0,0,0,0,1,1,1,0,0,2,0,0,0,0,4,0,0,3,3,0,0,0,0,0,0,0,0,0,0,0,0,0,0,0,0,0,0,0,0,0,0,0,0,0,0,0,0,0,0,0,0,0,0,0,0,0,0,0,0,0,0,0,0,0,0,0,0,0,0,0,0,0,0,0,0,0,0,0,0,0,0,0,0,0,0,0,0,0,0,0,0,0,0,0,0,0,0,0,0,0,0
ruston police department,1982-09-01,louisiana,21380,LA03102,0,0,0,0,0,0,0,0,1,1,0,0,0,19,3,0,3,0,13,9,9,0,0,67,2,1,1,0,98,6,7,78,85,0,0,0,0,0,0,0,0,0,0,18,2,0,3,0,13,0,0,0,0,13,1,1,0,0,32,5,5,14,19,0,0,0,0,0,0,0,0,0,0,2,0,0,0,0,2,0,0,0,0,2,0,0,0,0,4,0,0,2,2,0,0,0,0,0,0,0,0,0,0,0,0,0,0,0,0,0,0,0,0,0,0,0,0,0,0,0,0,0,0,0,0,0,0,0,0,0,0,0,0,0,0,0,0,0,0,0,0,0,0,0,0,0,0,0,0,0,0,0,0,0,0,0,0,0,0,0,0,0,0,0,0,0,0,0,0,0,0,0,0,0,0
ruston police department,1982-08-01,louisiana,21380,LA03102,0,0,0,0,0,1,1,0,2,2,0,0,0,21,1,2,2,0,16,7,6,0,1,53,2,1,1,0,86,5,8,62,70,0,0,0,0,0,2,2,0,0,0,20,1,2,2,0,15,1,0,0,1,15,2,1,0,1,40,5,7,18,25,0,0,0,0,0,0,0,0,0,0,0,0,0,0,0,0,0,0,0,0,1,0,0,0,0,1,0,0,1,1,0,0,0,0,0,0,0,0,0,0,0,0,0,0,0,0,0,0,0,0,0,0,0,0,0,0,0,0,0,0,0,0,0,0,0,0,0,0,0,0,0,0,0,0,0,0,0,0,0,0,0,0,0,0,0,0,0,0,0,0,0,0,0,0,0,0,0,0,0,0,0,0,0,0,0,0,0,0,0,0,0,0
ruston police department,1982-07-01,louisiana,21380,LA03102,0,0,0,0,0,0,0,0,2,2,0,0,0,35,5,1,6,0,23,9,9,0,0,51,3,2,0,1,100,12,14,63,77,0,0,0,0,0,2,2,0,0,0,34,5,1,6,0,22,4,4,0,0,9,2,2,0,0,51,12,14,15,29,0,0,0,0,0,0,0,0,0,0,0,0,0,0,0,0,1,1,0,0,0,0,0,0,0,1,0,0,1,1,0,0,0,0,0,0,0,0,0,0,0,0,0,0,0,0,0,0,0,0,0,0,0,0,0,0,0,0,0,0,0,0,0,0,0,0,0,0,0,0,0,0,0,0,0,0,0,0,0,0,0,0,0,0,0,0,0,0,0,0,0,0,0,0,0,0,0,0,0,0,0,0,0,0,0,0,0,0,0,0,0,0
ruston police department,1982-06-01,louisiana,21380,LA03102,0,0,0,0,0,0,0,0,0,0,0,0,0,18,1,2,4,0,11,6,5,1,0,34,4,3,1,0,62,7,7,44,51,0,0,0,0,0,0,0,0,0,0,15,1,2,3,0,9,2,2,0,0,13,2,2,0,0,32,6,6,17,23,0,0,0,0,0,0,0,0,0,0,0,0,0,0,0,0,1,1,0,0,0,0,0,0,0,1,0,0,1,1,0,0,0,0,0,0,0,0,0,0,0,0,0,0,0,0,0,0,0,0,0,0,0,0,0,0,0,0,0,0,0,0,0,0,0,0,0,0,0,0,0,0,0,0,0,0,0,0,0,0,0,0,0,0,0,0,0,0,0,0,0,0,0,0,0,0,0,0,0,0,0,0,0,0,0,0,0,0,0,0,0,0
ruston police department,1982-05-01,louisiana,21380,LA03102,0,0,0,0,0,0,0,0,1,1,0,0,0,12,5,1,1,0,5,11,8,2,1,46,2,1,0,1,72,7,8,59,67,0,0,0,0,0,1,1,0,0,0,10,3,2,0,0,5,7,6,0,1,10,1,1,0,0,29,5,6,18,24,0,0,0,0,0,0,0,0,0,0,0,0,0,0,0,0,4,4,0,0,7,1,1,0,0,12,0,0,12,12,0,0,0,0,0,0,0,0,0,0,0,0,0,0,0,0,0,0,0,0,0,0,0,0,0,0,0,0,0,0,0,0,0,0,0,0,0,0,0,0,0,0,0,0,0,0,0,0,0,0,0,0,0,0,0,0,0,0,0,0,0,0,0,0,0,0,0,0,0,0,0,0,0,0,0,0,0,0,0,0,0,0
ruston police department,1982-04-01,louisiana,21380,LA03102,0,0,0,0,0,2,1,1,0,0,0,0,0,20,2,2,5,0,11,22,22,0,0,59,2,0,1,1,105,9,11,83,94,0,0,2,1,1,1,1,0,0,0,20,2,2,5,0,11,5,5,0,0,16,0,0,0,0,44,9,12,21,33,0,0,0,0,0,0,0,0,0,0,0,0,0,0,0,0,3,3,0,0,2,0,0,0,0,5,0,0,5,5,0,0,0,0,0,0,0,0,0,0,0,0,0,0,0,0,0,0,0,0,0,0,0,0,0,0,0,0,0,0,0,0,0,0,0,0,0,0,0,0,0,0,0,0,0,0,0,0,0,0,0,0,0,0,0,0,0,0,0,0,0,0,0,0,0,0,0,0,0,0,0,0,0,0,0,0,0,0,0,0,0,0
ruston police department,1982-03-01,louisiana,21380,LA03102,0,0,1,0,0,0,0,0,0,0,0,0,0,26,3,3,4,0,16,12,7,5,0,45,0,0,0,0,83,10,10,57,67,0,0,0,0,0,0,0,0,0,0,24,3,2,4,0,15,0,0,0,0,8,0,0,0,0,32,9,9,8,17,0,0,0,0,0,0,0,0,0,0,0,0,0,0,0,0,0,0,0,0,1,0,0,0,0,1,0,0,1,1,0,0,0,0,0,0,0,0,0,0,0,0,0,0,0,0,0,0,0,0,0,0,0,0,0,0,0,0,0,0,0,0,0,0,0,0,0,0,0,0,0,0,0,0,0,0,0,0,0,0,0,0,0,0,0,0,0,0,0,0,0,0,0,0,0,0,0,0,0,0,0,0,0,0,0,0,0,0,0,0,0,0
ruston police department,1982-02-01,louisiana,21380,LA03102,0,0,0,0,0,0,0,0,3,3,0,0,0,14,3,7,0,1,3,11,7,3,1,44,2,1,0,1,74,11,14,57,71,0,0,0,0,0,1,1,0,0,0,13,2,6,0,1,4,9,8,1,0,12,0,0,0,0,35,9,10,21,31,0,0,0,0,0,0,0,0,0,0,0,0,0,0,0,0,1,0,1,0,2,0,0,0,0,3,0,0,3,3,0,0,0,0,0,0,0,0,0,0,0,0,0,0,0,0,0,0,0,0,0,0,0,0,0,0,0,0,0,0,0,0,0,0,0,0,0,0,0,0,0,0,0,0,0,0,0,0,0,0,0,0,0,0,0,0,0,0,0,0,0,0,0,0,0,0,0,0,0,0,0,0,0,0,0,0,0,0,0,0,0,0
ruston police department,1982-01-01,louisiana,21380,LA03102,0,0,1,0,0,0,0,0,3,1,1,0,1,16,0,3,0,0,13,13,12,1,0,44,1,0,1,0,79,3,6,60,66,0,0,0,0,0,0,0,0,0,0,15,0,3,0,0,12,5,5,0,0,18,0,0,0,0,39,3,3,24,27,0,0,0,0,0,0,0,0,0,0,0,0,0,0,0,0,2,2,0,0,2,0,0,0,0,4,0,0,4,4,0,0,0,0,0,0,0,0,0,0,0,0,0,0,0,0,0,0,0,0,0,0,0,0,0,0,0,0,0,0,0,0,0,0,1,1,0,2,0,0,0,0,2,0,0,0,0,0,1,0,1,0,0,0,0,1,0,0,0,0,0,0,0,0,0,0,0,0,0,0,0,0,0,0,0,0,0,0,0,0,0,0
ruston police department,1981-12-01,louisiana,21101,LA03102,0,0,0,0,0,0,0,0,1,1,0,0,0,11,3,1,0,0,7,25,25,0,0,43,0,0,0,0,81,4,5,69,74,0,0,0,0,0,0,0,0,0,0,12,3,1,0,0,8,5,5,0,0,8,0,0,0,0,26,4,4,14,18,0,0,0,0,0,0,0,0,0,0,0,0,0,0,0,0,0,0,0,0,0,0,0,0,0,0,0,0,0,0,0,0,0,0,0,0,0,0,0,0,0,0,0,0,0,0,0,0,0,0,0,0,0,0,0,0,0,0,0,0,1,0,0,0,0,0,0,1,0,0,0,0,1,1,0,0,0,0,0,0,1,0,0,0,0,1,0,0,0,0,0,0,0,0,0,0,0,0,0,0,0,0,0,0,0,0,0,0,0,0,0,0
ruston police department,1981-11-01,louisiana,21101,LA03102,0,0,0,0,0,0,0,0,0,0,0,0,0,16,4,3,1,0,8,20,18,2,0,71,0,0,0,0,107,8,8,91,99,0,0,0,0,0,0,0,0,0,0,16,4,3,1,0,8,3,3,0,0,13,0,0,0,0,32,8,8,16,24,0,0,0,0,0,0,0,0,0,0,0,0,0,0,0,0,0,0,0,0,1,0,0,0,0,1,0,0,1,1,0,0,0,0,0,0,0,0,0,0,0,0,0,0,0,0,0,0,0,0,0,0,0,0,0,0,0,0,0,0,0,0,0,0,0,0,0,0,0,0,0,0,0,0,0,0,0,0,0,0,0,0,0,0,0,0,0,0,0,0,0,0,0,0,0,0,0,0,0,0,0,0,0,0,0,0,0,0,0,0,0,0
ruston police department,1981-10-01,louisiana,21101,LA03102,0,0,0,0,0,0,0,0,1,1,0,0,0,29,7,1,2,0,19,9,8,1,0,69,4,3,1,0,112,10,11,82,93,0,0,0,0,0,1,1,0,0,0,27,5,1,2,0,19,2,2,0,0,10,0,0,0,0,40,8,9,12,21,0,0,0,0,0,0,0,0,0,0,1,0,0,0,0,1,0,0,0,0,3,0,0,0,0,4,0,0,3,3,0,0,0,0,0,0,0,0,0,0,0,0,0,0,0,0,0,0,0,0,0,0,0,0,0,0,0,0,0,0,0,0,0,0,0,0,0,0,0,0,0,0,0,0,0,0,0,0,0,0,0,0,0,0,0,0,0,0,0,0,0,0,0,0,0,0,0,0,0,0,0,0,0,0,0,0,0,0,0,0,0,0
ruston police department,1981-09-01,louisiana,21101,LA03102,0,0,0,0,0,0,0,0,0,0,0,0,0,29,3,1,5,0,20,17,16,1,0,100,4,2,0,2,150,9,9,121,130,0,0,0,0,0,0,0,0,0,0,26,3,1,5,0,17,1,1,0,0,35,1,1,0,0,63,9,9,37,46,0,0,0,0,0,0,0,0,0,0,0,0,0,0,0,0,0,0,0,0,7,1,1,0,0,8,0,0,8,8,0,0,0,0,0,0,0,0,0,0,0,0,0,0,0,0,0,0,0,0,0,0,0,0,0,0,0,0,0,0,0,0,0,0,0,0,0,0,0,0,0,0,0,0,0,0,0,0,0,0,0,0,0,0,0,0,0,0,0,0,0,0,0,0,0,0,0,0,0,0,0,0,0,0,0,0,0,0,0,0,0,0
ruston police department,1981-08-01,louisiana,21101,LA03102,0,0,5,0,0,0,0,0,1,0,0,1,0,26,3,0,5,0,18,8,5,3,0,33,2,1,0,1,70,8,9,43,52,0,0,0,0,0,0,0,0,0,0,23,3,0,4,0,16,2,2,0,0,8,0,0,0,0,33,7,7,10,17,0,0,0,0,0,0,0,0,0,0,2,0,0,1,0,1,0,0,0,0,0,0,0,0,0,2,1,1,0,1,0,0,0,0,0,0,0,0,0,0,0,0,0,0,0,0,0,0,0,0,0,0,0,0,0,0,0,0,0,0,0,0,0,0,0,0,0,0,0,0,0,0,0,0,0,0,0,0,0,0,0,0,0,0,0,0,0,0,0,0,0,0,0,0,0,0,0,0,0,0,0,0,0,0,0,0,0,0,0,0,0,0
ruston police department,1981-07-01,louisiana,21101,LA03102,0,0,3,0,0,1,1,0,-1,0,-1,0,0,31,0,2,5,0,24,8,7,1,0,38,3,1,0,2,80,7,7,49,56,0,0,1,1,0,0,0,0,0,0,30,0,2,5,0,23,2,1,1,0,10,0,0,0,0,43,7,8,12,20,0,0,0,0,0,0,0,0,0,0,0,0,0,0,0,0,0,0,0,0,2,0,0,0,0,2,0,0,2,2,0,0,0,0,0,0,0,0,0,0,0,0,0,0,0,0,0,0,0,0,0,0,0,0,0,0,0,0,0,0,0,0,0,0,0,0,0,0,0,0,0,0,0,0,0,0,0,0,0,0,0,0,0,0,0,0,0,0,0,0,0,0,0,0,0,0,0,0,0,0,0,0,0,0,0,0,0,0,0,0,0,0
ruston police department,1981-06-01,louisiana,21101,LA03102,0,0,0,0,0,0,0,0,0,0,0,0,0,16,4,0,4,0,8,11,9,2,0,39,0,0,0,0,66,8,8,50,58,0,0,0,0,0,0,0,0,0,0,17,5,0,4,0,8,2,1,1,0,12,0,0,0,0,31,9,9,14,23,0,0,0,0,0,0,0,0,0,0,0,0,0,0,0,0,0,0,0,0,1,0,0,0,0,1,0,0,1,1,0,0,0,0,0,0,0,0,0,0,0,0,0,0,0,0,0,0,0,0,0,0,0,0,0,0,0,0,0,0,0,0,0,0,0,0,0,0,0,0,0,0,0,0,0,0,0,0,0,0,0,0,0,0,0,0,0,0,0,0,0,0,0,0,0,0,0,0,0,0,0,0,0,0,0,0,0,0,0,0,0,0
ruston police department,1981-05-01,louisiana,21101,LA03102,0,0,1,0,0,0,0,0,0,0,0,0,0,11,0,1,4,0,6,8,6,1,1,45,2,1,0,1,66,5,5,55,60,0,0,0,0,0,0,0,0,0,0,11,0,1,4,0,6,1,0,0,1,17,0,0,0,0,29,5,5,18,23,0,0,0,0,0,0,0,0,0,0,0,0,0,0,0,0,0,0,0,0,1,0,0,0,0,1,0,0,1,1,0,0,0,0,0,0,0,0,0,0,0,0,0,0,0,0,0,0,0,0,0,0,0,0,0,0,0,0,0,0,0,0,0,0,0,0,0,0,0,0,0,0,0,0,0,0,0,0,0,0,0,0,0,0,0,0,0,0,0,0,0,0,0,0,0,0,0,0,0,0,0,0,0,0,0,0,0,0,0,0,0,0
ruston police department,1981-04-01,louisiana,21101,LA03102,0,0,0,0,0,1,0,1,1,0,1,0,0,9,1,2,0,0,6,12,10,1,1,40,1,1,0,0,64,3,5,53,58,0,0,1,0,1,0,0,0,0,0,6,0,2,0,0,4,10,10,0,0,21,0,0,0,0,38,2,3,31,34,0,0,0,0,0,0,0,0,0,0,0,0,0,0,0,0,0,0,0,0,2,0,0,0,0,2,0,0,2,2,0,0,0,0,0,0,0,0,0,0,0,0,0,0,0,0,0,0,0,0,0,0,0,0,0,0,0,0,0,0,0,0,0,0,0,0,0,0,0,0,0,0,0,0,0,0,0,0,0,0,0,0,0,0,0,0,0,0,0,0,0,0,0,0,0,0,0,0,0,0,0,0,0,0,0,0,0,0,0,0,0,0
ruston police department,1981-03-01,louisiana,21101,LA03102,0,0,0,0,0,0,0,0,0,0,0,0,0,11,1,1,1,0,8,13,9,4,0,58,2,0,2,0,84,3,3,73,76,0,0,1,1,0,1,1,0,0,0,10,1,0,1,0,8,2,2,0,0,12,0,0,0,0,26,2,4,14,18,0,0,0,0,0,0,0,0,0,0,0,0,0,0,0,0,0,0,0,0,0,0,0,0,0,0,0,0,0,0,0,0,0,0,0,0,0,0,0,0,0,0,0,0,0,0,0,0,0,0,0,0,0,0,0,0,0,0,0,0,0,0,0,0,0,0,0,0,0,0,0,0,0,0,0,0,0,0,0,0,0,0,0,0,0,0,0,0,0,0,0,0,0,0,0,0,0,0,0,0,0,0,0,0,0,0,0,0,0,0,0,0
ruston police department,1981-02-01,louisiana,21101,LA03102,0,0,0,0,0,1,1,0,1,1,0,0,0,7,1,0,1,0,5,3,1,2,0,46,1,1,0,0,60,2,4,51,55,0,0,0,0,0,1,1,0,0,0,8,1,1,1,0,5,0,0,0,0,13,1,1,0,0,24,3,4,15,19,0,0,0,0,0,0,0,0,0,0,0,0,0,0,0,0,0,0,0,0,0,0,0,0,0,0,0,0,0,0,0,0,0,0,0,0,0,0,0,0,0,0,0,0,0,0,0,0,0,0,0,0,0,0,0,0,0,0,0,0,0,0,0,0,0,1,0,1,0,0,0,0,1,0,0,0,0,0,1,0,1,0,0,0,0,1,0,0,0,0,0,0,0,0,0,0,0,0,0,0,0,0,0,0,0,0,0,0,0,0,0,0
ruston police department,1981-01-01,louisiana,21101,LA03102,0,0,0,0,0,0,0,0,0,0,0,0,0,8,0,3,2,0,3,15,15,0,0,68,0,0,0,0,92,5,5,84,89,0,0,0,0,0,0,0,0,0,0,6,0,2,2,0,2,7,7,0,0,31,0,0,0,0,45,4,4,39,43,0,0,0,0,0,0,0,0,0,0,0,0,0,0,0,0,0,0,0,0,2,0,0,0,0,2,0,0,2,2,0,0,0,0,0,0,0,0,0,0,0,0,0,0,0,0,0,0,0,0,0,0,0,0,0,0,0,0,0,0,0,0,0,0,0,1,0,1,0,0,0,0,1,0,0,0,0,0,1,0,1,0,0,0,0,1,0,0,0,0,0,0,0,0,0,0,0,0,0,0,0,0,0,0,0,0,0,0,0,0,0,0
ruston police department,1980-12-01,louisiana,20584,LA03102,0,0,0,0,1,0,0,0,1,1,0,0,0,16,1,3,1,1,10,10,9,1,0,60,0,0,0,0,88,6,7,70,77,0,1,0,0,0,0,0,0,0,0,16,1,3,1,1,10,2,2,0,0,12,0,0,0,0,31,6,6,14,20,0,0,0,0,0,0,0,0,0,0,0,0,0,0,0,0,0,0,0,0,0,0,0,0,0,0,0,0,0,0,0,0,0,0,0,0,0,0,0,0,0,0,0,0,0,0,0,0,0,0,0,0,0,0,0,0,0,0,0,0,0,0,0,0,0,0,0,0,0,0,0,0,0,0,0,0,0,0,0,0,0,0,0,0,0,0,0,0,0,0,0,0,0,0,0,0,0,0,0,0,0,0,0,0,0,0,0,0,0,0,0,0
ruston police department,1980-11-01,louisiana,20584,LA03102,0,0,0,0,0,0,0,0,3,2,0,0,1,19,5,0,2,10,2,13,7,2,4,58,0,0,0,0,94,17,20,72,92,0,0,0,0,0,0,0,0,0,0,19,5,0,2,10,2,2,2,0,0,18,0,0,0,0,39,17,17,20,37,0,0,0,0,0,0,0,0,0,0,0,0,0,0,0,0,0,0,0,0,0,0,0,0,0,0,0,0,0,0,0,0,0,0,0,0,0,0,0,0,0,0,0,0,0,0,0,0,0,0,0,0,0,0,0,0,0,0,0,0,0,0,0,0,0,0,0,0,1,0,1,0,1,0,0,0,0,0,0,0,0,0,0,0,0,0,0,0,0,0,0,0,0,0,0,0,0,0,0,0,0,0,0,0,0,0,0,0,0,0,0,0
ruston police department,1980-10-01,louisiana,20584,LA03102,0,0,0,0,0,0,0,0,0,0,0,0,0,15,5,0,1,8,1,9,5,2,2,67,2,1,1,0,93,14,14,78,92,0,0,0,0,0,0,0,0,0,0,15,5,0,1,8,1,2,1,1,0,31,2,2,0,0,50,14,14,35,49,0,0,0,0,0,0,0,0,0,0,0,0,0,0,0,0,1,1,0,0,4,0,0,0,0,5,0,0,5,5,0,0,0,0,0,0,0,0,0,0,0,0,0,0,0,0,0,0,0,0,0,0,0,0,0,0,0,0,0,0,0,0,0,0,0,0,0,0,0,0,0,0,0,0,0,0,0,0,0,0,0,0,0,0,0,0,0,0,0,0,0,0,0,0,0,0,0,0,0,0,0,0,0,0,0,0,0,0,0,0,0,0
ruston police department,1980-09-01,louisiana,20584,LA03102,0,0,0,0,0,0,0,0,1,1,0,0,0,15,2,2,1,10,0,7,3,3,1,62,3,1,1,1,88,15,16,72,88,0,0,0,0,0,0,0,0,0,0,12,1,2,0,9,0,1,1,0,0,11,3,1,1,1,27,12,12,15,27,0,0,0,0,0,0,0,0,0,0,0,0,0,0,0,0,0,0,0,0,0,1,0,0,1,1,0,0,1,1,0,0,0,0,0,0,0,0,0,0,0,0,0,0,0,0,0,0,0,0,0,0,0,0,0,0,0,0,0,0,0,0,0,0,0,0,0,0,0,0,0,0,0,0,0,0,0,0,0,0,0,0,0,0,0,0,0,0,0,0,0,0,0,0,0,0,0,0,0,0,0,0,0,0,0,0,0,0,0,0,0,0
ruston police department,1980-08-01,louisiana,20584,LA03102,0,0,0,0,0,0,0,0,0,0,0,0,0,27,3,3,7,0,14,22,17,4,1,56,1,1,0,0,106,13,13,79,92,0,0,0,0,0,0,0,0,0,0,27,3,3,7,0,14,3,2,1,0,16,1,1,0,0,47,13,13,20,33,0,0,0,0,0,0,0,0,0,0,0,0,0,0,0,0,0,0,0,0,4,0,0,0,0,4,0,0,4,4,0,0,0,0,0,0,0,0,0,0,0,0,0,0,0,0,0,0,0,0,0,0,0,0,0,0,0,0,0,0,0,0,0,0,0,0,0,0,0,0,0,0,0,0,0,0,0,0,0,0,0,0,0,0,0,0,0,0,0,0,0,0,0,0,0,0,0,0,0,0,0,0,0,0,0,0,0,0,0,0,0,0
ruston police department,1980-07-01,louisiana,20584,LA03102,0,0,0,0,0,1,0,1,0,0,0,0,0,12,1,0,1,0,10,9,8,0,1,41,3,2,0,1,66,2,3,53,56,0,0,0,0,0,2,2,0,0,0,12,1,0,1,0,10,0,0,0,0,11,1,0,0,1,26,2,4,12,16,0,0,0,0,0,0,0,0,0,0,0,0,0,0,0,0,0,0,0,0,1,0,0,0,0,1,0,0,1,1,0,0,0,0,0,0,0,0,0,0,0,0,0,0,0,0,0,0,0,0,0,0,0,0,0,0,0,0,0,0,0,0,0,0,0,0,0,0,0,0,0,0,0,0,0,0,0,0,0,0,0,0,0,0,0,0,0,0,0,0,0,0,0,0,0,0,0,0,0,0,0,0,0,0,0,0,0,0,0,0,0,0
ruston police department,1980-06-01,louisiana,20584,LA03102,0,0,0,0,0,0,0,0,1,1,0,0,0,13,2,2,0,0,9,30,19,8,3,45,2,1,0,1,91,4,5,77,82,0,0,0,0,0,1,1,0,0,0,10,0,1,0,0,9,10,8,2,0,10,1,1,0,0,32,1,2,21,23,0,0,0,0,0,0,0,0,0,0,0,0,0,0,0,0,2,0,2,0,1,0,0,0,0,3,0,0,3,3,0,0,0,0,0,0,0,0,0,0,0,0,0,0,0,0,0,0,0,0,0,0,0,0,0,0,0,0,0,0,0,0,0,0,0,0,0,0,0,0,0,0,0,0,0,0,0,0,0,0,0,0,0,0,0,0,0,0,0,0,0,0,0,0,0,0,0,0,0,0,0,0,0,0,0,0,0,0,0,0,0,0
ruston police department,1980-05-01,louisiana,20584,LA03102,0,0,0,0,0,3,1,2,1,0,0,0,1,12,3,3,2,0,4,34,18,7,9,48,1,0,0,1,99,8,12,83,95,0,0,4,1,3,1,1,0,0,0,11,3,2,2,0,4,6,4,0,2,28,1,0,0,1,51,7,12,35,47,0,0,0,0,0,0,0,0,0,0,0,0,0,0,0,0,1,0,0,1,4,0,0,0,0,5,0,0,5,5,0,0,0,0,0,0,0,0,0,0,0,0,0,0,0,0,0,0,0,0,0,0,0,0,0,0,0,0,0,0,0,0,0,0,0,0,0,0,0,0,0,0,0,0,0,0,0,0,0,0,0,0,0,0,0,0,0,0,0,0,0,0,0,0,0,0,0,0,0,0,0,0,0,0,0,0,0,0,0,0,0,0
ruston police department,1980-04-01,louisiana,20584,LA03102,0,0,0,1,0,2,0,2,3,3,0,0,0,11,4,2,0,0,5,16,9,5,2,50,5,1,0,4,88,6,12,71,83,1,0,0,0,0,0,0,0,0,0,9,4,1,0,0,4,4,4,0,0,25,0,0,0,0,39,5,6,29,35,0,0,0,0,0,0,0,0,0,0,0,0,0,0,0,0,0,0,0,0,11,0,0,0,0,11,0,0,11,11,0,0,0,0,0,0,0,0,0,0,0,0,0,0,0,0,0,0,0,0,0,0,0,0,0,0,0,0,0,0,0,0,0,0,0,0,0,0,0,0,0,0,0,0,0,0,0,0,0,0,0,0,0,0,0,0,0,0,0,0,0,0,0,0,0,0,0,0,0,0,0,0,0,0,0,0,0,0,0,0,0,0
ruston police department,1980-03-01,louisiana,20584,LA03102,0,0,1,0,0,0,0,0,1,1,0,0,0,13,4,2,1,0,6,22,12,5,5,72,1,0,1,0,109,7,8,95,103,0,0,0,0,0,0,0,0,0,0,12,3,2,1,0,6,2,2,0,0,26,2,1,1,0,42,6,6,30,36,0,0,0,0,0,0,0,0,0,0,1,0,0,0,0,1,0,0,0,0,4,1,0,1,0,6,0,0,5,5,0,0,0,0,0,0,0,0,0,0,0,0,0,0,0,0,0,0,0,0,0,0,0,0,0,0,0,0,0,0,0,0,0,0,0,0,0,0,0,0,0,0,0,0,0,0,0,0,0,0,0,0,0,0,0,0,0,0,0,0,0,0,0,0,0,0,0,0,0,0,0,0,0,0,0,0,0,0,0,0,0,0
ruston police department,1980-02-01,louisiana,20584,LA03102,0,0,0,0,0,0,0,0,3,3,0,0,0,14,3,2,1,0,8,11,5,4,2,46,0,0,0,0,74,6,9,57,66,0,0,0,0,0,0,0,0,0,0,14,3,2,1,0,8,1,1,0,0,17,0,0,0,0,32,6,6,18,24,0,0,0,0,0,0,0,0,0,0,0,0,0,0,0,0,0,0,0,0,1,0,0,0,0,1,0,0,1,1,0,0,0,0,0,0,0,0,0,0,0,0,0,0,0,0,0,0,0,0,0,0,0,0,0,0,0,0,0,0,0,0,0,0,0,0,0,0,0,0,0,0,0,0,0,0,0,0,0,0,0,0,0,0,0,0,0,0,0,0,0,0,0,0,0,0,0,0,0,0,0,0,0,0,0,0,0,0,0,0,0,0
ruston police department,1980-01-01,louisiana,20584,LA03102,0,0,0,0,0,0,0,0,1,1,0,0,0,8,2,1,1,0,4,19,10,5,4,39,3,3,0,0,70,4,5,61,66,0,0,0,0,0,1,1,0,0,0,8,2,1,1,0,4,2,1,1,0,11,1,1,0,0,23,4,5,14,19,0,0,0,0,0,0,0,0,0,0,1,0,1,0,0,0,1,1,0,0,1,0,0,0,0,3,1,1,2,3,0,0,0,0,0,0,0,0,0,0,0,0,0,0,0,0,0,0,0,0,0,0,0,0,0,0,0,0,0,0,0,0,0,0,0,0,0,0,0,0,0,0,0,0,0,0,0,0,0,0,0,0,0,0,0,0,0,0,0,0,0,0,0,0,0,0,0,0,0,0,0,0,0,0,0,0,0,0,0,0,0,0
ruston police department,1979-12-01,louisiana,19739,LA03102,0,0,0,0,0,2,2,0,0,0,0,0,0,7,3,1,1,1,1,25,9,10,6,48,0,0,0,0,82,6,8,73,81,0,0,2,2,0,0,0,0,0,0,7,3,1,1,1,1,1,1,0,0,15,1,1,0,0,26,6,8,17,25,0,0,1,1,0,0,0,0,0,0,0,0,0,0,0,0,0,0,0,0,5,0,0,0,0,6,0,1,5,6,0,0,0,0,0,0,0,0,0,0,0,0,0,0,0,0,0,0,0,0,0,0,0,0,0,0,0,0,0,0,0,0,0,0,0,0,0,0,0,0,0,0,0,0,0,0,0,0,0,0,0,0,0,0,0,0,0,0,0,0,0,0,0,0,0,0,0,0,0,0,0,0,0,0,0,0,0,0,0,0,0,0
ruston police department,1979-11-01,louisiana,19739,LA03102,0,0,0,0,0,0,0,0,1,1,0,0,0,10,4,2,0,0,4,14,8,3,3,53,3,2,0,1,81,6,7,70,77,0,0,0,0,0,0,0,0,0,0,9,4,2,0,0,3,8,4,4,0,20,0,0,0,0,37,6,6,28,34,0,0,0,0,0,0,0,0,0,0,0,0,0,0,0,0,5,1,4,0,3,0,0,0,0,8,0,0,8,8,0,0,0,0,0,0,0,0,0,0,0,0,0,0,0,0,0,0,0,0,0,0,0,0,0,0,0,0,0,0,0,0,0,0,0,0,0,0,0,0,0,0,0,0,0,0,0,0,0,0,0,0,0,0,0,0,0,0,0,0,0,0,0,0,0,0,0,0,0,0,0,0,0,0,0,0,0,0,0,0,0,0
ruston police department,1979-10-01,louisiana,19739,LA03102,0,0,0,0,0,0,0,0,0,0,0,0,0,16,6,1,1,0,8,12,5,4,3,54,3,2,1,0,85,8,8,69,77,0,0,0,0,0,0,0,0,0,0,15,5,1,1,0,8,1,1,0,0,13,0,0,0,0,29,7,7,14,21,0,0,0,0,0,0,0,0,0,0,0,0,0,0,0,0,0,0,0,0,3,0,0,0,0,3,0,0,3,3,0,0,0,0,0,0,0,0,0,0,0,0,0,0,0,0,0,0,0,0,0,0,0,0,0,0,0,0,0,0,0,0,0,0,0,0,0,0,0,0,0,0,0,0,0,0,0,0,0,0,0,0,0,0,0,0,0,0,0,0,0,0,0,0,0,0,0,0,0,0,0,0,0,0,0,0,0,0,0,0,0,0
ruston police department,1979-09-01,louisiana,19739,LA03102,0,0,0,0,0,0,0,0,3,1,1,0,1,8,3,2,1,0,2,7,4,2,1,29,3,3,0,0,50,6,9,39,48,0,0,0,0,0,1,1,0,0,0,8,3,2,1,0,2,9,6,3,0,14,3,3,0,0,35,6,7,26,33,0,0,0,0,0,0,0,0,0,0,0,0,0,0,0,0,0,0,0,0,0,0,0,0,0,0,0,0,0,0,0,0,0,0,0,0,0,0,0,0,0,0,0,0,0,0,0,0,0,0,0,0,0,0,0,0,0,0,0,0,0,0,0,0,0,0,0,0,0,0,0,0,0,0,0,0,0,0,0,0,0,0,0,0,0,0,0,0,0,0,0,0,0,0,0,0,0,0,0,0,0,0,0,0,0,0,0,0,0,0,0,0
ruston police department,1979-08-01,louisiana,19739,LA03102,0,0,0,1,0,0,0,0,0,0,0,0,0,13,3,5,0,0,5,10,3,5,2,42,2,2,0,0,68,8,9,54,63,1,0,0,0,0,0,0,0,0,0,11,2,4,0,0,5,1,0,1,0,11,2,2,0,0,26,6,7,14,21,1,0,0,0,0,0,0,0,0,0,0,0,0,0,0,0,1,0,1,0,3,1,1,0,0,6,0,1,5,6,0,0,0,0,0,0,0,0,0,0,0,0,0,0,0,0,0,0,0,0,0,0,0,0,0,0,0,0,0,0,0,0,0,0,0,0,0,0,0,0,0,0,0,0,0,0,0,0,0,0,0,0,0,0,0,0,0,0,0,0,0,0,0,0,0,0,0,0,0,0,0,0,0,0,0,0,0,0,0,0,0,0
ruston police department,1979-07-01,louisiana,19739,LA03102,0,0,0,0,0,0,0,0,1,0,0,0,1,16,5,1,2,1,7,16,8,5,3,39,5,3,1,1,77,9,10,60,70,0,0,0,0,0,1,0,0,0,1,15,4,1,2,1,7,5,4,1,0,10,4,2,1,1,35,8,9,19,28,0,0,0,0,0,0,0,0,0,0,0,0,0,0,0,0,4,3,1,0,3,2,1,0,1,9,0,0,9,9,0,0,0,0,0,0,0,0,0,0,0,0,0,0,0,0,0,0,0,0,0,0,0,0,0,0,0,0,0,0,0,0,0,0,0,0,0,0,0,0,0,0,0,0,0,0,0,0,0,0,0,0,0,0,0,0,0,0,0,0,0,0,0,0,0,0,0,0,0,0,0,0,0,0,0,0,0,0,0,0,0,0
ruston police department,1979-06-01,louisiana,19739,LA03102,0,0,0,0,0,1,0,1,0,0,0,0,0,13,2,2,0,3,6,21,10,8,3,45,0,0,0,0,80,7,8,66,74,0,0,1,0,1,0,0,0,0,0,12,2,2,0,3,5,4,3,1,0,7,0,0,0,0,24,7,8,11,19,0,0,0,0,0,0,0,0,0,0,0,0,0,0,0,0,1,0,1,0,2,0,0,0,0,3,0,0,3,3,0,0,0,0,0,0,0,0,0,0,0,0,0,0,0,0,0,0,0,0,0,0,0,0,0,0,0,0,0,0,0,0,0,0,0,0,0,0,0,0,0,0,0,0,0,0,0,0,0,0,0,0,0,0,0,0,0,0,0,0,0,0,0,0,0,0,0,0,0,0,0,0,0,0,0,0,0,0,0,0,0,0
ruston police department,1979-05-01,louisiana,19739,LA03102,0,0,0,0,0,0,0,0,1,1,0,0,0,10,1,3,0,2,4,19,9,7,3,40,6,4,1,1,76,6,7,65,72,0,0,1,1,0,1,1,0,0,0,9,1,3,0,1,4,2,0,2,0,6,0,0,0,0,19,5,7,8,15,0,0,0,0,0,0,0,0,0,0,1,0,0,0,0,1,2,0,2,0,0,0,0,0,0,3,0,0,2,2,0,0,0,0,0,0,0,0,0,0,0,0,0,0,0,0,0,0,0,0,0,0,0,0,0,0,0,0,0,0,0,0,0,0,0,0,0,0,0,0,0,0,0,0,0,0,0,0,0,0,0,0,0,0,0,0,0,0,0,0,0,0,0,0,0,0,0,0,0,0,0,0,0,0,0,0,0,0,0,0,0,0
ruston police department,1979-04-01,louisiana,19739,LA03102,0,0,1,0,0,2,2,0,0,0,0,0,0,10,4,0,1,3,2,13,5,7,1,41,3,2,1,0,69,8,10,57,67,0,0,1,1,0,0,0,0,0,0,10,4,0,1,3,2,19,17,2,0,13,2,1,1,0,45,8,9,34,43,0,0,0,0,0,0,0,0,0,0,1,0,0,0,1,0,1,0,1,0,4,1,1,0,0,7,1,1,6,7,0,0,0,0,0,0,0,0,0,0,0,0,0,0,0,0,0,0,0,0,0,0,0,0,0,0,0,0,0,0,0,0,0,0,0,0,0,0,0,0,0,0,0,0,0,0,0,0,0,0,0,0,0,0,0,0,0,0,0,0,0,0,0,0,0,0,0,0,0,0,0,0,0,0,0,0,0,0,0,0,0,0
ruston police department,1979-03-01,louisiana,19739,LA03102,0,0,0,0,0,0,0,0,0,0,0,0,0,12,2,1,0,0,9,30,17,11,2,45,0,0,0,0,87,3,3,75,78,0,0,0,0,0,0,0,0,0,0,12,2,1,0,0,9,12,7,4,1,16,0,0,0,0,40,3,3,28,31,0,0,0,0,0,0,0,0,0,0,0,0,0,0,0,0,6,6,0,0,3,0,0,0,0,9,0,0,9,9,0,0,0,0,0,0,0,0,0,0,0,0,0,0,0,0,0,0,0,0,0,0,0,0,0,0,0,0,0,0,0,0,0,0,0,0,0,0,0,0,0,0,0,0,0,0,0,0,0,0,0,0,0,0,0,0,0,0,0,0,0,0,0,0,0,0,0,0,0,0,0,0,0,0,0,0,0,0,0,0,0,0
ruston police department,1979-02-01,louisiana,19739,LA03102,0,0,2,0,0,0,0,0,0,0,0,0,0,19,7,0,0,3,9,25,19,5,1,45,3,0,1,2,92,10,10,73,83,0,0,0,0,0,0,0,0,0,0,19,7,0,0,3,9,6,5,1,0,18,1,0,1,0,44,10,10,25,35,0,0,0,0,0,0,0,0,0,0,0,0,0,0,0,0,0,0,0,0,3,0,0,0,0,3,0,0,3,3,0,0,0,0,0,0,0,0,0,0,0,0,0,0,0,0,0,0,0,0,0,0,0,0,0,0,0,0,0,0,0,0,0,0,0,0,0,0,0,0,0,0,0,0,0,0,0,0,0,0,0,0,0,0,0,0,0,0,0,0,0,0,0,0,0,0,0,0,0,0,0,0,0,0,0,0,0,0,0,0,0,0
ruston police department,1979-01-01,louisiana,19739,LA03102,0,0,1,0,0,0,0,0,0,0,0,0,0,9,4,2,0,0,3,21,13,7,1,41,1,1,0,0,72,6,6,63,69,0,0,0,0,0,0,0,0,0,0,9,4,2,0,0,3,4,4,0,0,17,0,0,0,0,30,6,6,21,27,0,0,0,0,0,0,0,0,0,0,1,1,0,0,0,0,0,0,0,0,3,0,0,0,0,4,1,1,3,4,0,0,0,0,0,0,0,0,0,0,0,0,0,0,0,0,0,0,0,0,0,0,0,0,0,0,0,0,0,0,0,0,0,0,0,0,0,0,0,0,0,0,0,0,0,0,0,0,0,0,0,0,0,0,0,0,0,0,0,0,0,0,0,0,0,0,0,0,0,0,0,0,0,0,0,0,0,0,0,0,0,0
ruston police department,1978-12-01,louisiana,19657,LA03102,0,0,0,0,0,2,2,0,1,1,0,0,0,9,1,1,1,0,6,10,7,3,0,46,1,1,0,0,69,3,6,57,63,0,0,1,1,0,0,0,0,0,0,9,1,1,1,0,6,0,0,0,0,15,0,0,0,0,25,3,4,15,19,0,0,0,0,0,0,0,0,0,0,0,0,0,0,0,0,0,0,0,0,4,0,0,0,0,4,0,0,4,4,0,0,0,0,0,0,0,0,0,0,0,0,0,0,0,0,0,0,0,0,0,0,0,0,0,0,0,0,0,0,,,,,,,,,,,,,,,,,,,,,,,,,,,,,,,,,,,,,,,,,,,,,,,,,,,,
ruston police department,1978-11-01,louisiana,19657,LA03102,0,0,0,0,0,2,0,2,0,0,0,0,0,14,5,2,1,0,6,25,8,15,2,36,0,0,0,0,77,8,10,61,71,0,0,1,0,1,0,0,0,0,0,14,5,2,1,0,6,0,0,0,0,14,0,0,0,0,29,8,9,14,23,0,0,0,0,0,0,0,0,0,0,1,0,1,0,0,0,0,0,0,0,3,0,0,0,0,4,1,1,3,4,0,0,0,0,0,0,0,0,0,0,0,0,0,0,0,0,0,0,0,0,0,0,0,0,0,0,0,0,0,0,,,,,,,,,,,,,,,,,,,,,,,,,,,,,,,,,,,,,,,,,,,,,,,,,,,,
ruston police department,1978-10-01,louisiana,19657,LA03102,0,0,1,0,0,1,0,1,1,0,0,0,1,11,3,2,0,0,6,14,8,4,2,39,5,3,0,2,71,5,7,58,65,0,0,0,0,0,1,0,0,0,1,11,3,2,0,0,6,3,1,0,2,13,0,0,0,0,28,5,6,16,22,0,0,0,0,0,0,0,0,0,0,0,0,0,0,0,0,2,0,0,2,5,0,0,0,0,7,0,0,7,7,0,0,0,0,0,0,0,0,0,0,0,0,0,0,0,0,0,0,0,0,0,0,0,0,0,0,0,0,0,0,,,,,,,,,,,,,,,,,,,,,,,,,,,,,,,,,,,,,,,,,,,,,,,,,,,,
ruston police department,1978-09-01,louisiana,19657,LA03102,0,0,0,0,0,1,0,1,4,2,2,0,0,12,5,0,2,0,5,20,8,8,4,45,0,0,0,0,82,7,12,65,77,0,0,0,0,0,4,3,1,0,0,12,5,0,2,0,5,4,1,3,0,8,0,0,0,0,28,7,11,12,23,0,0,0,0,0,1,0,1,0,0,0,0,0,0,0,0,1,0,1,0,3,0,0,0,0,5,0,1,4,5,0,0,0,0,0,0,0,0,0,0,0,0,0,0,0,0,0,0,0,0,0,0,0,0,0,0,0,0,0,0,,,,,,,,,,,,,,,,,,,,,,,,,,,,,,,,,,,,,,,,,,,,,,,,,,,,
ruston police department,1978-08-01,louisiana,19657,LA03102,0,0,0,0,0,0,0,0,2,1,0,1,0,10,1,2,0,0,7,23,12,9,2,38,5,3,1,1,78,3,5,66,71,0,0,0,0,0,1,0,0,1,0,9,1,2,0,0,6,6,6,0,0,6,2,2,0,0,24,3,4,14,18,0,0,0,0,0,0,0,0,0,0,1,1,0,0,0,0,0,0,0,0,1,1,1,0,0,3,1,1,2,3,0,0,0,0,0,0,0,0,0,0,0,0,0,0,0,0,0,0,0,0,0,0,0,0,0,0,0,0,0,0,,,,,,,,,,,,,,,,,,,,,,,,,,,,,,,,,,,,,,,,,,,,,,,,,,,,
ruston police department,1978-07-01,louisiana,19657,LA03102,0,0,0,1,0,0,0,0,0,0,0,0,0,14,5,1,3,0,5,21,14,5,2,41,4,1,3,0,81,9,10,66,76,1,0,0,0,0,0,0,0,0,0,14,5,1,3,0,5,9,4,4,1,15,1,1,0,0,40,9,10,25,35,0,0,0,0,0,0,0,0,0,0,0,0,0,0,0,0,2,1,1,0,5,0,0,0,0,7,0,0,7,7,0,0,0,0,0,0,0,0,0,0,0,0,0,0,0,0,0,0,0,0,0,0,0,0,0,0,0,0,0,0,,,,,,,,,,,,,,,,,,,,,,,,,,,,,,,,,,,,,,,,,,,,,,,,,,,,
ruston police department,1978-06-01,louisiana,19657,LA03102,0,0,0,0,0,0,0,0,0,0,0,0,0,17,2,2,2,1,10,14,9,3,2,39,5,2,3,0,75,7,7,58,65,0,0,0,0,0,0,0,0,0,0,16,2,1,2,1,10,1,1,0,0,7,2,2,0,0,26,6,6,10,16,0,0,0,0,0,0,0,0,0,0,1,0,1,0,0,0,0,0,0,0,4,1,1,0,0,6,1,1,5,6,0,0,0,0,0,0,0,0,0,0,0,0,0,0,0,0,0,0,0,0,0,0,0,0,0,0,0,0,0,0,,,,,,,,,,,,,,,,,,,,,,,,,,,,,,,,,,,,,,,,,,,,,,,,,,,,
ruston police department,1978-05-01,louisiana,19657,LA03102,0,1,0,0,0,0,0,0,0,0,0,0,0,15,3,3,1,0,8,20,10,9,1,34,5,2,2,1,74,7,7,59,66,0,0,0,0,0,0,0,0,0,0,13,3,3,1,0,6,1,1,0,0,10,2,1,1,0,26,7,7,13,20,0,0,0,0,0,0,0,0,0,0,0,0,0,0,0,0,0,0,0,0,3,1,0,1,0,4,0,0,4,4,0,0,0,0,0,0,0,0,0,0,0,0,0,0,0,0,0,0,0,0,0,0,0,0,0,0,0,0,0,0,,,,,,,,,,,,,,,,,,,,,,,,,,,,,,,,,,,,,,,,,,,,,,,,,,,,
ruston police department,1978-04-01,louisiana,19657,LA03102,0,0,3,0,0,1,0,1,0,0,0,0,0,16,3,2,0,2,9,11,3,7,1,36,2,0,1,1,66,7,8,49,57,0,0,1,0,1,0,0,0,0,0,15,3,2,0,2,8,4,3,0,1,10,1,0,1,0,31,7,8,15,23,0,0,0,0,0,0,0,0,0,0,0,0,0,0,0,0,0,0,0,0,1,0,0,0,0,1,0,0,1,1,0,0,0,0,0,0,0,0,0,0,0,0,0,0,0,0,0,0,0,0,0,0,0,0,0,0,0,0,0,0,,,,,,,,,,,,,,,,,,,,,,,,,,,,,,,,,,,,,,,,,,,,,,,,,,,,
ruston police department,1978-03-01,louisiana,19657,LA03102,0,0,1,0,0,0,0,0,0,0,0,0,0,11,6,1,1,1,2,8,2,4,2,38,2,0,2,0,59,9,9,48,57,0,0,0,0,0,0,0,0,0,0,11,6,1,1,1,2,1,1,0,0,15,1,0,1,0,28,9,9,17,26,0,0,0,0,0,0,0,0,0,0,0,0,0,0,0,0,1,1,0,0,3,0,0,0,0,4,0,0,4,4,0,0,0,0,0,0,0,0,0,0,0,0,0,0,0,0,0,0,0,0,0,0,0,0,0,0,0,0,0,0,,,,,,,,,,,,,,,,,,,,,,,,,,,,,,,,,,,,,,,,,,,,,,,,,,,,
ruston police department,1978-02-01,louisiana,19657,LA03102,0,0,0,0,0,0,0,0,1,1,0,0,0,8,0,3,1,1,3,11,10,1,0,36,0,0,0,0,56,5,6,47,53,0,0,1,0,1,0,0,0,0,0,6,0,1,1,1,3,1,0,1,0,4,0,0,0,0,12,3,4,5,9,0,0,0,0,0,0,0,0,0,0,0,0,0,0,0,0,0,0,0,0,0,0,0,0,0,0,0,0,0,0,0,0,0,0,0,0,0,0,0,0,0,0,0,0,0,0,0,0,0,0,0,0,0,0,0,0,0,0,0,0,,,,,,,,,,,,,,,,,,,,,,,,,,,,,,,,,,,,,,,,,,,,,,,,,,,,
ruston police department,1978-01-01,louisiana,19657,LA03102,0,0,0,0,0,0,0,0,1,0,0,1,0,12,5,0,0,0,7,11,6,4,1,27,2,1,0,1,53,5,6,40,46,0,0,0,0,0,0,0,0,0,0,11,4,0,0,0,7,3,2,1,0,6,0,0,0,0,20,4,4,9,13,0,0,0,0,0,0,0,0,0,0,0,0,0,0,0,0,1,0,1,0,1,0,0,0,0,2,0,0,2,2,0,0,0,0,0,0,0,0,0,0,0,0,0,0,0,0,0,0,0,0,0,0,0,0,0,0,0,0,0,0,,,,,,,,,,,,,,,,,,,,,,,,,,,,,,,,,,,,,,,,,,,,,,,,,,,,
ruston police department,1977-12-01,louisiana,19624,LA03102,0,0,1,0,0,0,0,0,3,3,0,0,0,10,1,0,1,1,7,18,11,3,4,40,2,2,0,0,73,3,6,60,66,0,0,0,0,0,0,0,0,0,0,8,1,0,1,1,5,9,8,0,1,19,0,0,0,0,36,3,3,28,31,0,0,0,0,0,0,0,0,0,0,0,0,0,0,0,0,3,2,0,1,4,0,0,0,0,7,0,0,7,7,0,0,0,0,0,0,0,0,0,0,0,0,0,0,0,0,0,0,0,0,0,0,0,0,0,0,0,0,0,0,,,,,,,,,,,,,,,,,,,,,,,,,,,,,,,,,,,,,,,,,,,,,,,,,,,,
ruston police department,1977-11-01,louisiana,19624,LA03102,0,0,0,0,0,1,0,1,0,0,0,0,0,10,0,1,0,0,9,21,12,8,1,67,3,1,0,2,102,1,2,91,93,0,0,0,0,0,0,0,0,0,0,10,0,1,0,0,9,16,4,11,1,16,0,0,0,0,42,1,1,32,33,0,0,0,0,0,0,0,0,0,0,0,0,0,0,0,0,12,0,11,1,12,0,0,0,0,24,0,0,24,24,0,0,0,0,0,0,0,0,0,0,0,0,0,0,0,0,0,0,0,0,0,0,0,0,0,0,0,0,0,0,,,,,,,,,,,,,,,,,,,,,,,,,,,,,,,,,,,,,,,,,,,,,,,,,,,,
ruston police department,1977-10-01,louisiana,19624,LA03102,0,0,0,0,0,1,1,0,0,0,0,0,0,8,3,1,1,1,2,16,6,7,3,47,1,0,1,0,73,6,7,64,71,0,0,0,0,0,0,0,0,0,0,7,2,1,1,1,2,4,1,2,1,9,0,0,0,0,20,5,5,13,18,0,0,0,0,0,0,0,0,0,0,0,0,0,0,0,0,4,1,2,1,2,0,0,0,0,6,0,0,6,6,0,0,0,0,0,0,0,0,0,0,0,0,0,0,0,0,0,0,0,0,0,0,0,0,0,0,0,0,0,0,,,,,,,,,,,,,,,,,,,,,,,,,,,,,,,,,,,,,,,,,,,,,,,,,,,,
ruston police department,1977-09-01,louisiana,19624,LA03102,0,0,0,0,0,0,0,0,0,0,0,0,0,20,5,0,1,3,11,22,11,10,1,43,3,3,0,0,88,9,9,68,77,0,0,0,0,0,0,0,0,0,0,20,5,0,1,3,11,5,5,0,0,16,0,0,0,0,41,9,9,21,30,0,0,0,0,0,0,0,0,0,0,1,1,0,0,0,0,2,2,0,0,7,0,0,0,0,10,1,1,9,10,0,0,0,0,0,0,0,0,0,0,0,0,0,0,0,0,0,0,0,0,0,0,0,0,0,0,0,0,0,0,,,,,,,,,,,,,,,,,,,,,,,,,,,,,,,,,,,,,,,,,,,,,,,,,,,,
ruston police department,1977-08-01,louisiana,19624,LA03102,0,0,0,0,0,0,0,0,0,0,0,0,0,10,0,3,2,1,4,9,7,2,0,51,3,1,0,2,73,6,6,63,69,0,0,0,0,0,0,0,0,0,0,10,0,3,2,1,4,1,1,0,0,19,2,1,0,1,32,6,6,22,28,0,0,0,0,0,0,0,0,0,0,0,0,0,0,0,0,0,0,0,0,1,0,0,0,0,1,0,0,1,1,0,0,0,0,0,0,0,0,0,0,0,0,0,0,0,0,0,0,0,0,0,0,0,0,0,0,0,0,0,0,,,,,,,,,,,,,,,,,,,,,,,,,,,,,,,,,,,,,,,,,,,,,,,,,,,,
ruston police department,1977-07-01,louisiana,19624,LA03102,0,0,0,1,0,0,0,0,1,1,0,0,0,17,4,3,2,0,8,16,4,9,3,68,2,2,0,0,105,9,11,86,97,1,0,0,0,0,0,0,0,0,0,17,4,3,2,0,8,2,1,1,0,34,0,0,0,0,54,9,10,36,46,0,0,0,0,0,0,0,0,0,0,1,0,0,1,0,0,0,0,0,0,11,0,0,0,0,12,1,1,11,12,0,0,0,0,0,0,0,0,0,0,0,0,0,0,0,0,0,0,0,0,0,0,0,0,0,0,0,0,0,0,,,,,,,,,,,,,,,,,,,,,,,,,,,,,,,,,,,,,,,,,,,,,,,,,,,,
ruston police department,1977-06-01,louisiana,19624,LA03102,0,0,0,0,0,2,0,2,0,0,0,0,0,14,4,1,1,1,7,8,4,3,1,47,2,1,1,0,73,7,9,57,66,0,0,2,0,2,0,0,0,0,0,13,4,1,1,1,6,2,1,1,0,15,0,0,0,0,32,7,9,17,26,0,0,0,0,0,0,0,0,0,0,0,0,0,0,0,0,1,0,1,0,4,0,0,0,0,5,0,0,5,5,0,0,0,0,0,0,0,0,0,0,0,0,0,0,0,0,0,0,0,0,0,0,0,0,0,0,0,0,0,0,,,,,,,,,,,,,,,,,,,,,,,,,,,,,,,,,,,,,,,,,,,,,,,,,,,,
ruston police department,1977-05-01,louisiana,19624,LA03102,0,0,0,0,0,1,0,1,1,1,0,0,0,15,1,3,1,0,10,8,3,2,3,61,1,1,0,0,87,5,7,70,77,0,0,1,0,1,1,1,0,0,0,15,1,3,1,0,10,0,0,0,0,14,1,1,0,0,32,5,7,15,22,0,0,0,0,0,0,0,0,0,0,2,0,0,0,0,2,0,0,0,0,5,1,1,0,0,8,0,0,6,6,0,0,0,0,0,0,0,0,0,0,0,0,0,0,0,0,0,0,0,0,0,0,0,0,0,0,0,0,0,0,,,,,,,,,,,,,,,,,,,,,,,,,,,,,,,,,,,,,,,,,,,,,,,,,,,,
ruston police department,1977-04-01,louisiana,19624,LA03102,0,0,0,0,0,0,0,0,0,0,0,0,0,14,4,2,0,1,7,6,0,5,1,48,0,0,0,0,68,7,7,54,61,0,0,0,0,0,0,0,0,0,0,14,4,2,0,1,7,1,0,0,1,16,0,0,0,0,31,7,7,17,24,0,0,0,0,0,0,0,0,0,0,0,0,0,0,0,0,0,0,0,0,1,0,0,0,0,1,0,0,1,1,0,0,0,0,0,0,0,0,0,0,0,0,0,0,0,0,0,0,0,0,0,0,0,0,0,0,0,0,0,0,,,,,,,,,,,,,,,,,,,,,,,,,,,,,,,,,,,,,,,,,,,,,,,,,,,,
ruston police department,1977-03-01,louisiana,19624,LA03102,0,0,0,0,0,0,0,0,1,1,0,0,0,9,0,2,0,0,7,4,1,3,0,43,1,1,0,0,58,2,3,48,51,0,0,0,0,0,1,1,0,0,0,9,0,2,0,0,7,1,1,0,0,11,0,0,0,0,22,2,3,12,15,0,0,0,0,0,0,0,0,0,0,0,0,0,0,0,0,1,1,0,0,1,0,0,0,0,2,0,0,2,2,0,0,0,0,0,0,0,0,0,0,0,0,0,0,0,0,0,0,0,0,0,0,0,0,0,0,0,0,0,0,,,,,,,,,,,,,,,,,,,,,,,,,,,,,,,,,,,,,,,,,,,,,,,,,,,,
ruston police department,1977-02-01,louisiana,19624,LA03102,0,0,0,0,0,0,0,0,0,0,0,0,0,9,1,1,0,0,7,6,4,2,0,34,0,0,0,0,49,2,2,40,42,0,0,0,0,0,0,0,0,0,0,9,1,1,0,0,7,13,12,1,0,17,0,0,0,0,39,2,2,30,32,0,0,0,0,0,0,0,0,0,0,2,0,1,0,0,1,1,1,0,0,4,0,0,0,0,7,1,1,5,6,0,0,0,0,0,0,0,0,0,0,0,0,0,0,0,0,0,0,0,0,0,0,0,0,0,0,0,0,0,0,,,,,,,,,,,,,,,,,,,,,,,,,,,,,,,,,,,,,,,,,,,,,,,,,,,,
ruston police department,1977-01-01,louisiana,19624,LA03102,0,0,0,0,0,0,0,0,1,1,0,0,0,16,4,1,1,1,9,15,15,0,0,32,0,0,0,0,64,7,8,47,55,0,0,0,0,0,1,1,0,0,0,15,4,1,1,1,8,2,2,0,0,8,0,0,0,0,26,7,8,10,18,0,0,0,0,0,0,0,0,0,0,0,0,0,0,0,0,1,1,0,0,0,0,0,0,0,1,0,0,1,1,0,0,0,0,0,0,0,0,0,0,0,0,0,0,0,0,0,0,0,0,0,0,0,0,0,0,0,0,0,0,,,,,,,,,,,,,,,,,,,,,,,,,,,,,,,,,,,,,,,,,,,,,,,,,,,,
ruston police department,1976-12-01,louisiana,19500,LA03102,0,0,1,0,0,1,0,1,0,0,0,0,0,8,4,0,0,0,4,18,10,7,1,31,0,0,0,0,58,4,5,49,54,0,0,1,0,1,0,0,0,0,0,8,4,0,0,0,4,6,6,0,0,5,0,0,0,0,20,4,5,11,16,0,0,0,0,0,0,0,0,0,0,1,0,0,0,0,1,0,0,0,0,2,0,0,0,0,3,0,0,2,2,0,0,0,0,0,0,0,0,0,0,0,0,0,0,0,0,0,0,0,0,0,0,0,0,0,0,0,0,0,0,,,,,,,,,,,,,,,,,,,,,,,,,,,,,,,,,,,,,,,,,,,,,,,,,,,,
ruston police department,1976-11-01,louisiana,19500,LA03102,0,0,0,0,0,0,0,0,1,1,0,0,0,5,0,0,0,0,5,22,12,7,3,50,4,3,1,0,82,0,1,76,77,0,0,0,0,0,0,0,0,0,0,4,0,0,0,0,4,3,3,0,0,13,2,2,0,0,22,0,0,18,18,0,0,0,0,0,0,0,0,0,0,0,0,0,0,0,0,0,0,0,0,2,0,0,0,0,2,0,0,2,2,0,0,0,0,0,0,0,0,0,0,0,0,0,0,0,0,0,0,0,0,0,0,0,0,0,0,0,0,0,0,,,,,,,,,,,,,,,,,,,,,,,,,,,,,,,,,,,,,,,,,,,,,,,,,,,,
ruston police department,1976-10-01,louisiana,19500,LA03102,0,0,0,1,0,0,0,0,2,1,0,0,1,17,5,3,1,1,7,22,14,4,4,42,0,0,0,0,84,10,13,64,77,1,0,0,0,0,0,0,0,0,0,17,5,3,1,1,7,12,12,0,0,21,0,0,0,0,51,10,11,33,44,0,0,0,0,0,0,0,0,0,0,1,0,0,0,0,1,3,3,0,0,4,0,0,0,0,8,0,0,7,7,0,0,0,0,0,0,0,0,0,0,0,0,0,0,0,0,0,0,0,0,0,0,0,0,0,0,0,0,0,0,,,,,,,,,,,,,,,,,,,,,,,,,,,,,,,,,,,,,,,,,,,,,,,,,,,,
ruston police department,1976-09-01,louisiana,19500,LA03102,0,0,0,1,0,0,0,0,0,0,0,0,0,11,3,1,0,0,7,27,15,11,1,35,2,0,0,2,76,4,5,64,69,1,0,0,0,0,0,0,0,0,0,9,1,1,0,0,7,2,2,0,0,10,0,0,0,0,22,2,3,12,15,0,0,0,0,0,0,0,0,0,0,0,0,0,0,0,0,1,1,0,0,5,0,0,0,0,6,0,0,6,6,0,0,0,0,0,0,0,0,0,0,0,0,0,0,0,0,0,0,0,0,0,0,0,0,0,0,0,0,0,0,,,,,,,,,,,,,,,,,,,,,,,,,,,,,,,,,,,,,,,,,,,,,,,,,,,,
ruston police department,1976-08-01,louisiana,19500,LA03102,0,0,0,0,0,0,0,0,0,0,0,0,0,14,3,2,0,1,8,24,9,12,3,48,0,0,0,0,86,6,6,72,78,0,0,0,0,0,0,0,0,0,0,14,3,2,0,1,8,3,3,0,0,12,0,0,0,0,29,6,6,15,21,0,0,0,0,0,0,0,0,0,0,4,1,1,0,1,1,0,0,0,0,5,0,0,0,0,9,3,3,5,8,0,0,0,0,0,0,0,0,0,0,0,0,0,0,0,0,0,0,0,0,0,0,0,0,0,0,0,0,0,0,,,,,,,,,,,,,,,,,,,,,,,,,,,,,,,,,,,,,,,,,,,,,,,,,,,,
ruston police department,1976-07-01,louisiana,19500,LA03102,0,0,0,0,0,0,0,0,0,0,0,0,0,15,4,3,1,0,7,43,12,21,10,59,4,3,0,1,121,8,8,106,114,0,0,0,0,0,0,0,0,0,0,15,4,3,1,0,7,4,2,2,0,15,1,1,0,0,35,8,8,20,28,0,0,0,0,0,0,0,0,0,0,0,0,0,0,0,0,3,1,2,0,10,1,1,0,0,14,0,0,14,14,0,0,0,0,0,0,0,0,0,0,0,0,0,0,0,0,0,0,0,0,0,0,0,0,0,0,0,0,0,0,,,,,,,,,,,,,,,,,,,,,,,,,,,,,,,,,,,,,,,,,,,,,,,,,,,,
ruston police department,1976-06-01,louisiana,19500,LA03102,0,0,1,1,0,1,1,0,0,0,0,0,0,15,6,2,0,2,5,27,12,5,10,61,3,0,0,3,108,10,12,91,103,1,0,0,0,0,1,1,0,0,0,12,3,2,0,2,5,4,3,0,1,17,2,0,0,2,37,7,9,23,32,0,0,0,0,0,0,0,0,0,0,0,0,0,0,0,0,1,1,0,0,7,0,0,0,0,8,0,0,8,8,0,0,0,0,0,0,0,0,0,0,0,0,0,0,0,0,0,0,0,0,0,0,0,0,0,0,0,0,0,0,,,,,,,,,,,,,,,,,,,,,,,,,,,,,,,,,,,,,,,,,,,,,,,,,,,,
ruston police department,1976-05-01,louisiana,19500,LA03102,0,0,0,0,0,1,1,0,3,1,1,0,1,21,6,1,2,2,10,17,10,4,3,68,4,0,2,2,114,11,15,89,104,0,0,1,1,0,2,0,1,0,1,20,6,1,1,2,10,1,1,0,0,11,1,0,1,0,36,10,13,13,26,0,0,0,0,0,0,0,0,0,0,2,0,0,1,0,1,0,0,0,0,0,0,0,0,0,2,1,1,0,1,0,0,0,0,0,0,0,0,0,0,0,0,0,0,0,0,0,0,0,0,0,0,0,0,0,0,0,0,0,0,,,,,,,,,,,,,,,,,,,,,,,,,,,,,,,,,,,,,,,,,,,,,,,,,,,,
ruston police department,1976-04-01,louisiana,19500,LA03102,0,0,0,0,0,0,0,0,0,0,0,0,0,15,3,0,0,1,11,16,8,6,2,39,0,0,0,0,70,4,4,55,59,0,0,0,0,0,0,0,0,0,0,15,3,0,0,1,11,3,2,0,1,6,0,0,0,0,24,4,4,9,13,0,0,0,0,0,0,0,0,0,0,2,0,0,0,0,2,1,1,0,0,2,0,0,0,0,5,0,0,3,3,0,0,0,0,0,0,0,0,0,0,0,0,0,0,0,0,0,0,0,0,0,0,0,0,0,0,0,0,0,0,,,,,,,,,,,,,,,,,,,,,,,,,,,,,,,,,,,,,,,,,,,,,,,,,,,,
ruston police department,1976-03-01,louisiana,19500,LA03102,0,0,1,1,0,3,1,2,0,0,0,0,0,14,1,2,1,1,9,24,14,9,1,57,1,0,1,0,100,5,9,82,91,1,0,0,0,0,0,0,0,0,0,14,1,2,1,1,9,18,16,1,1,8,1,0,1,0,42,5,6,27,33,0,0,0,0,0,0,0,0,0,0,0,0,0,0,0,0,0,0,0,0,5,1,0,1,0,6,0,0,6,6,0,0,0,0,0,0,0,0,0,0,0,0,0,0,0,0,0,0,0,0,0,0,0,0,0,0,0,0,0,0,,,,,,,,,,,,,,,,,,,,,,,,,,,,,,,,,,,,,,,,,,,,,,,,,,,,
ruston police department,1976-02-01,louisiana,19500,LA03102,0,0,0,0,3,0,0,0,1,1,0,0,0,18,4,3,1,1,9,14,6,6,2,56,0,0,0,0,92,9,10,70,80,0,3,0,0,0,0,0,0,0,0,16,3,3,1,0,9,2,0,1,1,17,0,0,0,0,38,7,7,19,26,0,0,0,0,0,0,0,0,0,0,1,0,0,0,0,1,1,0,0,1,2,0,0,0,0,4,0,0,3,3,0,0,0,0,0,0,0,0,0,0,0,0,0,0,0,0,0,0,0,0,0,0,0,0,0,0,0,0,0,0,,,,,,,,,,,,,,,,,,,,,,,,,,,,,,,,,,,,,,,,,,,,,,,,,,,,
ruston police department,1976-01-01,louisiana,19500,LA03102,0,0,1,0,0,0,0,0,0,0,0,0,0,15,6,0,1,1,7,19,14,2,3,46,1,0,1,0,81,8,8,66,74,0,0,0,0,0,0,0,0,0,0,14,5,0,1,1,7,2,1,1,0,8,1,0,1,0,25,7,7,11,18,0,0,0,0,0,0,0,0,0,0,0,0,0,0,0,0,1,0,1,0,3,1,0,1,0,5,0,0,5,5,0,0,0,0,0,0,0,0,0,0,0,0,0,0,0,0,0,0,0,0,0,0,0,0,0,0,0,0,0,0,,,,,,,,,,,,,,,,,,,,,,,,,,,,,,,,,,,,,,,,,,,,,,,,,,,,
ruston police department,1975-12-01,louisiana,18775,LA03102,0,0,0,0,1,1,1,0,0,0,0,0,0,13,2,0,1,1,9,15,9,6,0,49,0,0,0,0,79,4,5,64,69,0,0,0,0,0,0,0,0,0,0,12,1,0,1,1,9,0,0,0,0,17,0,0,0,0,29,3,3,17,20,0,0,0,0,0,0,0,0,0,0,0,0,0,0,0,0,0,0,0,0,2,0,0,0,0,2,0,0,2,2,0,0,0,0,0,0,0,0,0,0,0,0,0,0,0,0,0,0,0,0,0,0,0,0,0,0,0,0,0,0,,,,,,,,,,,,,,,,,,,,,,,,,,,,,,,,,,,,,,,,,,,,,,,,,,,,
ruston police department,1975-11-01,louisiana,18775,LA03102,0,0,0,0,0,1,1,0,0,0,0,0,0,5,1,1,1,0,2,19,10,7,2,49,1,1,0,0,75,3,4,69,73,0,0,1,1,0,0,0,0,0,0,5,1,1,1,0,2,3,2,0,1,26,0,0,0,0,35,3,4,29,33,0,0,0,0,0,0,0,0,0,0,0,0,0,0,0,0,1,1,0,0,6,0,0,0,0,7,0,0,7,7,0,0,0,0,0,0,0,0,0,0,0,0,0,0,0,0,0,0,0,0,0,0,0,0,0,0,0,0,0,0,,,,,,,,,,,,,,,,,,,,,,,,,,,,,,,,,,,,,,,,,,,,,,,,,,,,
ruston police department,1975-10-01,louisiana,18775,LA03102,0,0,0,0,0,1,0,1,1,0,0,0,1,13,2,4,1,1,5,21,9,10,2,69,3,1,1,1,108,8,10,93,103,0,0,0,0,0,0,0,0,0,0,13,2,4,1,1,5,3,3,0,0,16,0,0,0,0,32,8,8,19,27,0,0,0,0,0,0,0,0,0,0,0,0,0,0,0,0,1,1,0,0,7,0,0,0,0,8,0,0,8,8,0,0,0,0,0,0,0,0,0,0,0,0,0,0,0,0,0,0,0,0,0,0,0,0,0,0,0,0,0,0,,,,,,,,,,,,,,,,,,,,,,,,,,,,,,,,,,,,,,,,,,,,,,,,,,,,
ruston police department,1975-09-01,louisiana,18775,LA03102,0,0,0,0,1,1,1,0,1,0,1,0,0,20,3,2,3,0,12,29,11,15,3,63,1,1,0,0,116,8,10,93,103,0,1,1,1,0,1,0,1,0,0,20,3,2,3,0,12,4,2,2,0,18,0,0,0,0,45,8,10,22,32,0,0,0,0,0,0,0,0,0,0,0,0,0,0,0,0,3,2,1,0,7,0,0,0,0,10,0,0,10,10,0,0,0,0,0,0,0,0,0,0,0,0,0,0,0,0,0,0,0,0,0,0,0,0,0,0,0,0,0,0,,,,,,,,,,,,,,,,,,,,,,,,,,,,,,,,,,,,,,,,,,,,,,,,,,,,
ruston police department,1975-08-01,louisiana,18775,LA03102,0,0,0,0,1,0,0,0,2,1,0,1,0,14,4,1,1,1,7,30,19,8,3,44,1,1,0,0,92,7,9,75,84,0,1,0,0,0,0,0,0,0,0,13,4,1,1,0,7,0,0,0,0,13,1,1,0,0,28,6,6,14,20,0,0,0,0,0,0,0,0,0,0,2,1,0,0,0,1,0,0,0,0,4,0,0,0,0,6,1,1,4,5,0,0,0,0,0,0,0,0,0,0,0,0,0,0,0,0,0,0,0,0,0,0,0,0,0,0,0,0,0,0,,,,,,,,,,,,,,,,,,,,,,,,,,,,,,,,,,,,,,,,,,,,,,,,,,,,
ruston police department,1975-07-01,louisiana,18775,LA03102,0,0,2,0,0,1,1,0,2,2,0,0,0,18,5,3,0,0,10,25,14,10,1,62,1,0,1,0,109,8,11,88,99,0,0,1,1,0,2,2,0,0,0,18,5,3,0,0,10,5,2,3,0,18,1,0,1,0,45,8,11,24,35,0,0,0,0,0,0,0,0,0,0,2,0,0,0,0,2,1,0,1,0,4,0,0,0,0,7,0,0,5,5,0,0,0,0,0,0,0,0,0,0,0,0,0,0,0,0,0,0,0,0,0,0,0,0,0,0,0,0,0,0,,,,,,,,,,,,,,,,,,,,,,,,,,,,,,,,,,,,,,,,,,,,,,,,,,,,
ruston police department,1975-06-01,louisiana,18775,LA03102,0,0,0,0,0,1,0,1,0,0,0,0,0,18,4,1,0,1,12,28,15,9,4,52,2,1,1,0,101,6,7,82,89,0,0,0,0,0,0,0,0,0,0,15,4,0,0,0,11,5,2,2,1,13,0,0,0,0,33,4,4,18,22,0,0,0,0,0,0,0,0,0,0,0,0,0,0,0,0,1,1,0,0,2,0,0,0,0,3,0,0,3,3,0,0,0,0,0,0,0,0,0,0,0,0,0,0,0,0,0,0,0,0,0,0,0,0,0,0,0,0,0,0,,,,,,,,,,,,,,,,,,,,,,,,,,,,,,,,,,,,,,,,,,,,,,,,,,,,
ruston police department,1975-05-01,louisiana,18775,LA03102,0,0,0,0,0,0,0,0,1,1,0,0,0,7,3,1,0,0,3,19,18,0,1,42,3,1,1,1,72,4,5,64,69,0,0,0,0,0,0,0,0,0,0,7,3,1,0,0,3,22,21,0,1,14,3,1,1,1,46,4,4,39,43,0,0,0,0,0,0,0,0,0,0,0,0,0,0,0,0,1,0,0,1,6,2,1,0,1,9,0,0,9,9,0,0,0,0,0,0,0,0,0,0,0,0,0,0,0,0,0,0,0,0,0,0,0,0,0,0,0,0,0,0,,,,,,,,,,,,,,,,,,,,,,,,,,,,,,,,,,,,,,,,,,,,,,,,,,,,
ruston police department,1975-04-01,louisiana,18775,LA03102,0,0,0,0,0,1,0,1,0,0,0,0,0,2,1,0,0,1,0,18,12,3,3,43,2,1,1,0,66,2,3,63,66,0,0,1,0,1,0,0,0,0,0,0,0,0,0,0,0,0,0,0,0,11,1,1,0,0,13,0,1,12,13,0,0,0,0,0,0,0,0,0,0,0,0,0,0,0,0,0,0,0,0,2,0,0,0,0,2,0,0,2,2,0,0,0,0,0,0,0,0,0,0,0,0,0,0,0,0,0,0,0,0,0,0,0,0,0,0,0,0,0,0,,,,,,,,,,,,,,,,,,,,,,,,,,,,,,,,,,,,,,,,,,,,,,,,,,,,
ruston police department,1975-03-01,louisiana,18775,LA03102,0,0,0,0,0,0,0,0,0,0,0,0,0,4,2,0,0,0,2,23,21,0,2,42,2,2,0,0,71,2,2,67,69,0,0,0,0,0,0,0,0,0,0,4,2,0,0,0,2,3,3,0,0,16,1,1,0,0,24,2,2,20,22,0,0,0,0,0,0,0,0,0,0,0,0,0,0,0,0,2,2,0,0,6,1,1,0,0,9,0,0,9,9,0,0,0,0,0,0,0,0,0,0,0,0,0,0,0,0,0,0,0,0,0,0,0,0,0,0,0,0,0,0,,,,,,,,,,,,,,,,,,,,,,,,,,,,,,,,,,,,,,,,,,,,,,,,,,,,
ruston police department,1975-02-01,louisiana,18775,LA03102,0,0,0,0,0,0,0,0,0,0,0,0,0,9,4,2,2,1,0,18,15,0,3,39,2,2,0,0,68,9,9,59,68,1,0,0,0,0,0,0,0,0,0,9,4,2,2,1,0,1,1,0,0,14,1,1,0,0,26,9,10,16,26,1,0,0,0,0,0,0,0,0,0,1,1,0,0,0,0,0,0,0,0,2,0,0,0,0,4,1,2,2,4,0,0,0,0,0,0,0,0,0,0,0,0,0,0,0,0,0,0,0,0,0,0,0,0,0,0,0,0,0,0,,,,,,,,,,,,,,,,,,,,,,,,,,,,,,,,,,,,,,,,,,,,,,,,,,,,
ruston police department,1975-01-01,louisiana,18775,LA03102,0,0,0,0,0,1,0,1,2,0,0,2,0,9,2,2,0,0,5,24,20,4,0,41,0,0,0,0,77,4,7,65,72,0,0,0,0,0,0,0,0,0,0,7,2,2,0,0,3,4,4,0,0,22,0,0,0,0,33,4,4,26,30,0,0,0,0,0,0,0,0,0,0,1,0,0,0,0,1,2,2,0,0,6,0,0,0,0,9,0,0,8,8,0,0,0,0,0,0,0,0,0,0,0,0,0,0,0,0,0,0,0,0,0,0,0,0,0,0,0,0,0,0,,,,,,,,,,,,,,,,,,,,,,,,,,,,,,,,,,,,,,,,,,,,,,,,,,,,
ruston police department,1974-12-01,louisiana,18500,LA03102,0,0,0,1,0,1,1,0,0,0,0,0,0,15,1,3,0,0,11,15,14,1,0,43,4,4,0,0,79,4,6,62,68,0,0,1,1,0,0,0,0,0,0,7,0,2,0,0,5,4,4,0,0,12,0,0,0,0,24,2,3,16,19,0,0,0,0,0,0,0,0,0,0,0,0,0,0,0,0,2,2,0,0,4,0,0,0,0,6,0,0,6,6,0,0,0,0,0,0,0,0,0,0,0,0,0,0,0,0,0,0,0,0,0,0,0,0,0,0,0,0,0,0,,,,,,,,,,,,,,,,,,,,,,,,,,,,,,,,,,,,,,,,,,,,,,,,,,,,
ruston police department,1974-11-01,louisiana,18500,LA03102,0,0,0,0,0,0,0,0,0,0,0,0,0,5,1,0,3,0,1,18,12,3,3,42,1,1,0,0,66,4,4,61,65,0,0,0,0,0,0,0,0,0,0,2,1,0,0,0,1,1,1,0,0,13,1,1,0,0,17,1,1,15,16,0,0,0,0,0,0,0,0,0,0,0,0,0,0,0,0,1,1,0,0,3,0,0,0,0,4,0,0,4,4,0,0,0,0,0,0,0,0,0,0,0,0,0,0,0,0,0,0,0,0,0,0,0,0,0,0,0,0,0,0,,,,,,,,,,,,,,,,,,,,,,,,,,,,,,,,,,,,,,,,,,,,,,,,,,,,
ruston police department,1974-10-01,louisiana,18500,LA03102,0,0,1,1,0,1,0,1,0,0,0,0,0,20,2,1,1,0,16,18,12,6,0,41,3,1,0,2,84,4,6,62,68,1,0,0,0,0,0,0,0,0,0,20,2,1,1,0,16,4,4,0,0,13,0,0,0,0,38,4,5,17,22,0,0,0,0,0,0,0,0,0,0,3,0,0,0,0,3,2,2,0,0,2,0,0,0,0,7,0,0,4,4,0,0,0,0,0,0,0,0,0,0,0,0,0,0,0,0,0,0,0,0,0,0,0,0,0,0,0,0,0,0,,,,,,,,,,,,,,,,,,,,,,,,,,,,,,,,,,,,,,,,,,,,,,,,,,,,
ruston police department,1974-09-01,louisiana,18500,LA03102,0,0,0,0,0,0,0,0,1,0,0,0,1,7,0,0,0,1,6,12,4,8,0,28,2,1,0,1,50,1,2,42,44,0,0,0,0,0,1,0,0,0,1,6,0,0,0,1,5,5,0,5,0,5,1,1,0,0,18,1,2,11,13,0,0,0,0,0,0,0,0,0,0,0,0,0,0,0,0,3,0,3,0,1,0,0,0,0,4,0,0,4,4,0,0,0,0,0,0,0,0,0,0,0,0,0,0,0,0,0,0,0,0,0,0,0,0,0,0,0,0,0,0,,,,,,,,,,,,,,,,,,,,,,,,,,,,,,,,,,,,,,,,,,,,,,,,,,,,
ruston police department,1974-08-01,louisiana,18500,LA03102,0,0,2,0,0,0,0,0,0,0,0,0,0,13,4,2,2,4,1,14,14,0,0,52,2,0,0,2,81,12,12,68,80,0,0,0,0,0,0,0,0,0,0,11,4,2,2,3,0,6,6,0,0,31,0,0,0,0,48,11,11,37,48,0,0,0,0,0,0,0,0,0,0,0,0,0,0,0,0,5,5,0,0,12,0,0,0,0,17,0,0,17,17,0,0,0,0,0,0,0,0,0,0,0,0,0,0,0,0,0,0,0,0,0,0,0,0,0,0,0,0,0,0,,,,,,,,,,,,,,,,,,,,,,,,,,,,,,,,,,,,,,,,,,,,,,,,,,,,
ruston police department,1974-07-01,louisiana,18500,LA03102,0,0,1,0,0,0,0,0,1,0,0,0,1,7,2,1,0,0,4,15,11,4,0,34,0,0,0,0,57,3,4,49,53,0,0,0,0,0,0,0,0,0,0,7,2,1,0,0,4,1,0,1,0,11,0,0,0,0,19,3,3,12,15,0,0,0,0,0,0,0,0,0,0,0,0,0,0,0,0,1,0,1,0,8,0,0,0,0,9,0,0,9,9,0,0,0,0,0,0,0,0,0,0,0,0,0,0,0,0,0,0,0,0,0,0,0,0,0,0,0,0,0,0,,,,,,,,,,,,,,,,,,,,,,,,,,,,,,,,,,,,,,,,,,,,,,,,,,,,
ruston police department,1974-06-01,louisiana,18500,LA03102,0,0,0,0,0,0,0,0,2,2,0,0,0,21,7,8,0,2,4,18,15,3,0,40,1,1,0,0,82,17,19,59,78,0,0,0,0,0,0,0,0,0,0,21,7,8,0,2,4,3,3,0,0,11,0,0,0,0,35,17,17,14,31,0,0,0,0,0,0,0,0,0,0,0,0,0,0,0,0,0,0,0,0,7,0,0,0,0,7,0,0,7,7,0,0,0,0,0,0,0,0,0,0,0,0,0,0,0,0,0,0,0,0,0,0,0,0,0,0,0,0,0,0,,,,,,,,,,,,,,,,,,,,,,,,,,,,,,,,,,,,,,,,,,,,,,,,,,,,
ruston police department,1974-05-01,louisiana,18500,LA03102,0,0,0,0,0,1,1,0,0,0,0,0,0,5,1,2,2,0,0,9,2,4,3,53,0,0,0,0,68,5,6,62,68,0,0,0,0,0,0,0,0,0,0,5,1,2,2,0,0,0,0,0,0,24,0,0,0,0,29,5,5,24,29,0,0,0,0,0,0,0,0,0,0,0,0,0,0,0,0,0,0,0,0,14,0,0,0,0,14,0,0,14,14,0,0,0,0,0,0,0,0,0,0,0,0,0,0,0,0,0,0,0,0,0,0,0,0,0,0,0,0,0,0,,,,,,,,,,,,,,,,,,,,,,,,,,,,,,,,,,,,,,,,,,,,,,,,,,,,
ruston police department,1974-04-01,louisiana,18500,LA03102,0,0,0,0,0,0,0,0,0,0,0,0,0,3,1,1,0,1,0,12,8,2,2,45,2,0,1,1,62,3,3,59,62,0,0,0,0,0,0,0,0,0,0,3,1,1,0,1,0,2,0,0,2,12,0,0,0,0,17,3,3,14,17,0,0,0,0,0,0,0,0,0,0,0,0,0,0,0,0,0,0,0,0,2,0,0,0,0,2,0,0,2,2,0,0,0,0,0,0,0,0,0,0,0,0,0,0,0,0,0,0,0,0,0,0,0,0,0,0,0,0,0,0,,,,,,,,,,,,,,,,,,,,,,,,,,,,,,,,,,,,,,,,,,,,,,,,,,,,
ruston police department,1974-03-01,louisiana,18500,LA03102,0,0,0,0,0,0,0,0,0,0,0,0,0,2,1,1,0,0,0,7,4,3,0,36,0,0,0,0,45,2,2,43,45,0,0,0,0,0,0,0,0,0,0,2,1,1,0,0,0,0,0,0,0,12,0,0,0,0,14,2,2,12,14,0,0,0,0,0,0,0,0,0,0,0,0,0,0,0,0,0,0,0,0,2,0,0,0,0,2,0,0,2,2,0,0,0,0,0,0,0,0,0,0,0,0,0,0,0,0,0,0,0,0,0,0,0,0,0,0,0,0,0,0,,,,,,,,,,,,,,,,,,,,,,,,,,,,,,,,,,,,,,,,,,,,,,,,,,,,
ruston police department,1974-02-01,louisiana,18500,LA03102,0,0,0,0,0,0,0,0,0,0,0,0,0,9,5,1,0,0,3,6,6,0,0,22,0,0,0,0,37,6,6,28,34,0,0,0,0,0,0,0,0,0,0,9,5,1,0,0,3,0,0,0,0,0,0,0,0,0,9,6,6,0,6,0,0,0,0,0,0,0,0,0,0,0,0,0,0,0,0,0,0,0,0,0,0,0,0,0,0,0,0,0,0,0,0,0,0,0,0,0,0,0,0,0,0,0,0,0,0,0,0,0,0,0,0,0,0,0,0,0,0,0,0,,,,,,,,,,,,,,,,,,,,,,,,,,,,,,,,,,,,,,,,,,,,,,,,,,,,
ruston police department,1974-01-01,louisiana,18500,LA03102,0,0,0,0,0,0,0,0,0,0,0,0,0,5,0,1,0,0,4,7,6,1,0,35,0,0,0,0,47,1,1,42,43,0,0,0,0,0,0,0,0,0,0,5,0,1,0,0,4,3,3,0,0,12,0,0,0,0,20,1,1,15,16,0,0,0,0,0,0,0,0,0,0,0,0,0,0,0,0,0,0,0,0,6,0,0,0,0,6,0,0,6,6,0,0,0,0,0,0,0,0,0,0,0,0,0,0,0,0,0,0,0,0,0,0,0,0,0,0,0,0,0,0,,,,,,,,,,,,,,,,,,,,,,,,,,,,,,,,,,,,,,,,,,,,,,,,,,,,
ruston police department,1973-12-01,louisiana,,LA03102,,,,,,,,,,,,,,,,,,,,,,,,,,,,,,,,,,,,,,,,,,,,,,,,,,,,,,,,,,,,,,,,,,,,,,,,,,,,,,,,,,,,,,,,,,,,,,,,,,,,,,,,,,,,,,,,,,,,,,,,,,,,,,,,,,,,,,,,,,,,,,,,,,,,,,,,,,,,,,,,,,,,,,,,,,,,,,,
ruston police department,1973-11-01,louisiana,,LA03102,,,,,,,,,,,,,,,,,,,,,,,,,,,,,,,,,,,,,,,,,,,,,,,,,,,,,,,,,,,,,,,,,,,,,,,,,,,,,,,,,,,,,,,,,,,,,,,,,,,,,,,,,,,,,,,,,,,,,,,,,,,,,,,,,,,,,,,,,,,,,,,,,,,,,,,,,,,,,,,,,,,,,,,,,,,,,,,
ruston police department,1973-10-01,louisiana,,LA03102,,,,,,,,,,,,,,,,,,,,,,,,,,,,,,,,,,,,,,,,,,,,,,,,,,,,,,,,,,,,,,,,,,,,,,,,,,,,,,,,,,,,,,,,,,,,,,,,,,,,,,,,,,,,,,,,,,,,,,,,,,,,,,,,,,,,,,,,,,,,,,,,,,,,,,,,,,,,,,,,,,,,,,,,,,,,,,,
ruston police department,1973-09-01,louisiana,,LA03102,,,,,,,,,,,,,,,,,,,,,,,,,,,,,,,,,,,,,,,,,,,,,,,,,,,,,,,,,,,,,,,,,,,,,,,,,,,,,,,,,,,,,,,,,,,,,,,,,,,,,,,,,,,,,,,,,,,,,,,,,,,,,,,,,,,,,,,,,,,,,,,,,,,,,,,,,,,,,,,,,,,,,,,,,,,,,,,
ruston police department,1973-08-01,louisiana,,LA03102,,,,,,,,,,,,,,,,,,,,,,,,,,,,,,,,,,,,,,,,,,,,,,,,,,,,,,,,,,,,,,,,,,,,,,,,,,,,,,,,,,,,,,,,,,,,,,,,,,,,,,,,,,,,,,,,,,,,,,,,,,,,,,,,,,,,,,,,,,,,,,,,,,,,,,,,,,,,,,,,,,,,,,,,,,,,,,,
ruston police department,1973-07-01,louisiana,,LA03102,,,,,,,,,,,,,,,,,,,,,,,,,,,,,,,,,,,,,,,,,,,,,,,,,,,,,,,,,,,,,,,,,,,,,,,,,,,,,,,,,,,,,,,,,,,,,,,,,,,,,,,,,,,,,,,,,,,,,,,,,,,,,,,,,,,,,,,,,,,,,,,,,,,,,,,,,,,,,,,,,,,,,,,,,,,,,,,
ruston police department,1973-06-01,louisiana,,LA03102,,,,,,,,,,,,,,,,,,,,,,,,,,,,,,,,,,,,,,,,,,,,,,,,,,,,,,,,,,,,,,,,,,,,,,,,,,,,,,,,,,,,,,,,,,,,,,,,,,,,,,,,,,,,,,,,,,,,,,,,,,,,,,,,,,,,,,,,,,,,,,,,,,,,,,,,,,,,,,,,,,,,,,,,,,,,,,,
ruston police department,1973-05-01,louisiana,,LA03102,,,,,,,,,,,,,,,,,,,,,,,,,,,,,,,,,,,,,,,,,,,,,,,,,,,,,,,,,,,,,,,,,,,,,,,,,,,,,,,,,,,,,,,,,,,,,,,,,,,,,,,,,,,,,,,,,,,,,,,,,,,,,,,,,,,,,,,,,,,,,,,,,,,,,,,,,,,,,,,,,,,,,,,,,,,,,,,
ruston police department,1973-04-01,louisiana,,LA03102,,,,,,,,,,,,,,,,,,,,,,,,,,,,,,,,,,,,,,,,,,,,,,,,,,,,,,,,,,,,,,,,,,,,,,,,,,,,,,,,,,,,,,,,,,,,,,,,,,,,,,,,,,,,,,,,,,,,,,,,,,,,,,,,,,,,,,,,,,,,,,,,,,,,,,,,,,,,,,,,,,,,,,,,,,,,,,,
ruston police department,1973-03-01,louisiana,,LA03102,,,,,,,,,,,,,,,,,,,,,,,,,,,,,,,,,,,,,,,,,,,,,,,,,,,,,,,,,,,,,,,,,,,,,,,,,,,,,,,,,,,,,,,,,,,,,,,,,,,,,,,,,,,,,,,,,,,,,,,,,,,,,,,,,,,,,,,,,,,,,,,,,,,,,,,,,,,,,,,,,,,,,,,,,,,,,,,
ruston police department,1973-02-01,louisiana,,LA03102,,,,,,,,,,,,,,,,,,,,,,,,,,,,,,,,,,,,,,,,,,,,,,,,,,,,,,,,,,,,,,,,,,,,,,,,,,,,,,,,,,,,,,,,,,,,,,,,,,,,,,,,,,,,,,,,,,,,,,,,,,,,,,,,,,,,,,,,,,,,,,,,,,,,,,,,,,,,,,,,,,,,,,,,,,,,,,,
ruston police department,1973-01-01,louisiana,,LA03102,,,,,,,,,,,,,,,,,,,,,,,,,,,,,,,,,,,,,,,,,,,,,,,,,,,,,,,,,,,,,,,,,,,,,,,,,,,,,,,,,,,,,,,,,,,,,,,,,,,,,,,,,,,,,,,,,,,,,,,,,,,,,,,,,,,,,,,,,,,,,,,,,,,,,,,,,,,,,,,,,,,,,,,,,,,,,,,
ruston police department,1972-12-01,louisiana,18188,LA03102,0,0,0,0,0,0,0,0,1,1,0,0,0,3,0,2,0,0,1,4,3,1,0,22,0,0,0,0,29,2,3,26,29,0,0,0,0,0,0,0,0,0,0,3,0,2,0,0,1,3,3,0,0,6,0,0,0,0,11,2,2,9,11,0,0,0,0,0,0,0,0,0,0,1,0,1,0,0,0,3,3,0,0,2,0,0,0,0,6,1,1,5,6,0,0,0,0,0,0,0,0,0,0,0,0,0,0,0,0,0,0,0,0,0,0,0,0,0,0,0,0,0,0,,,,,,,,,,,,,,,,,,,,,,,,,,,,,,,,,,,,,,,,,,,,,,,,,,,,
ruston police department,1972-11-01,louisiana,18188,LA03102,0,0,0,0,0,0,0,0,0,0,0,0,0,0,0,0,0,0,0,2,2,0,0,26,1,1,0,0,29,0,0,29,29,0,0,0,0,0,0,0,0,0,0,0,0,0,0,0,0,0,0,0,0,15,1,1,0,0,16,0,0,16,16,0,0,0,0,0,0,0,0,0,0,0,0,0,0,0,0,0,0,0,0,1,0,0,0,0,1,0,0,1,1,0,0,0,0,0,0,0,0,0,0,0,0,0,0,0,0,0,0,0,0,0,0,0,0,0,0,0,0,0,0,,,,,,,,,,,,,,,,,,,,,,,,,,,,,,,,,,,,,,,,,,,,,,,,,,,,
ruston police department,1972-10-01,louisiana,18188,LA03102,0,0,0,0,0,0,0,0,0,0,0,0,0,5,0,1,1,0,3,3,2,0,1,22,0,0,0,0,27,2,2,25,27,0,0,0,0,0,0,0,0,0,0,5,0,1,1,0,3,0,0,0,0,5,0,0,0,0,7,2,2,5,7,0,0,0,0,0,0,0,0,0,0,0,0,0,0,0,0,0,0,0,0,1,0,0,0,0,1,0,0,1,1,0,0,0,0,0,0,0,0,0,0,0,0,0,0,0,0,0,0,0,0,0,0,0,0,0,0,0,0,0,0,,,,,,,,,,,,,,,,,,,,,,,,,,,,,,,,,,,,,,,,,,,,,,,,,,,,
ruston police department,1972-09-01,louisiana,18188,LA03102,0,0,0,0,0,0,0,0,0,0,0,0,0,3,0,0,0,0,3,4,3,1,0,13,1,1,0,0,18,0,0,18,18,0,0,0,0,0,0,0,0,0,0,3,0,0,0,0,3,0,0,0,0,1,0,0,0,0,1,0,0,1,1,0,0,0,0,0,0,0,0,0,0,0,0,0,0,0,0,0,0,0,0,0,0,0,0,0,0,0,0,0,0,0,0,0,0,0,0,0,0,0,0,0,0,0,0,0,0,0,0,0,0,0,0,0,0,0,0,0,0,0,0,,,,,,,,,,,,,,,,,,,,,,,,,,,,,,,,,,,,,,,,,,,,,,,,,,,,
ruston police department,1972-08-01,louisiana,18188,LA03102,0,0,0,0,0,0,0,0,0,0,0,0,0,1,0,0,0,0,1,10,7,3,0,11,2,2,0,0,23,0,0,23,23,0,0,0,0,0,0,0,0,0,0,1,0,0,0,0,1,3,3,0,0,4,1,1,0,0,8,0,0,8,8,0,0,0,0,0,0,0,0,0,0,0,0,0,0,0,0,0,0,0,0,1,0,0,0,0,1,0,0,1,1,0,0,0,0,0,0,0,0,0,0,0,0,0,0,0,0,0,0,0,0,0,0,0,0,0,0,0,0,0,0,,,,,,,,,,,,,,,,,,,,,,,,,,,,,,,,,,,,,,,,,,,,,,,,,,,,
ruston police department,1972-07-01,louisiana,18188,LA03102,0,0,0,1,0,0,0,0,0,0,0,0,0,7,0,0,0,0,7,8,2,5,1,12,0,0,0,0,21,0,1,20,21,1,0,0,0,0,0,0,0,0,0,7,0,0,0,0,7,2,0,2,0,6,0,0,0,0,9,0,1,8,9,0,0,0,0,0,0,0,0,0,0,1,0,0,0,0,1,1,0,1,0,3,0,0,0,0,4,0,0,4,4,0,0,0,0,0,0,0,0,0,0,0,0,0,0,0,0,0,0,0,0,0,0,0,0,0,0,0,0,0,0,,,,,,,,,,,,,,,,,,,,,,,,,,,,,,,,,,,,,,,,,,,,,,,,,,,,
ruston police department,1972-06-01,louisiana,18188,LA03102,0,0,0,1,0,0,0,0,0,0,0,0,0,3,0,0,0,0,3,9,5,4,0,15,0,0,0,0,25,0,1,24,25,1,0,0,0,0,0,0,0,0,0,3,0,0,0,0,3,4,4,0,0,10,0,0,0,0,15,0,1,14,15,0,0,0,0,0,0,0,0,0,0,0,0,0,0,0,0,4,4,0,0,2,0,0,0,0,6,0,0,6,6,0,0,0,0,0,0,0,0,0,0,0,0,0,0,0,0,0,0,0,0,0,0,0,0,0,0,0,0,0,0,,,,,,,,,,,,,,,,,,,,,,,,,,,,,,,,,,,,,,,,,,,,,,,,,,,,
ruston police department,1972-05-01,louisiana,18188,LA03102,0,0,0,0,0,0,0,0,1,1,0,0,0,5,1,0,0,0,4,7,3,2,2,16,1,1,0,0,26,1,2,24,26,0,0,0,0,0,1,1,0,0,0,5,1,0,0,0,4,0,0,0,0,4,0,0,0,0,6,1,2,4,6,0,0,0,0,0,0,0,0,0,0,0,0,0,0,0,0,0,0,0,0,0,0,0,0,0,0,0,0,0,0,0,0,0,0,0,0,0,0,0,0,0,0,0,0,0,0,0,0,0,0,0,0,0,0,0,0,0,0,0,0,,,,,,,,,,,,,,,,,,,,,,,,,,,,,,,,,,,,,,,,,,,,,,,,,,,,
ruston police department,1972-04-01,louisiana,18188,LA03102,0,0,0,0,0,0,0,0,0,0,0,0,0,5,1,0,0,0,4,4,3,1,0,24,0,0,0,0,29,1,1,28,29,0,0,0,0,0,0,0,0,0,0,5,1,0,0,0,4,0,0,0,0,5,0,0,0,0,6,1,1,5,6,0,0,0,0,0,0,0,0,0,0,0,0,0,0,0,0,0,0,0,0,1,0,0,0,0,1,0,0,1,1,0,0,0,0,0,0,0,0,0,0,0,0,0,0,0,0,0,0,0,0,0,0,0,0,0,0,0,0,0,0,,,,,,,,,,,,,,,,,,,,,,,,,,,,,,,,,,,,,,,,,,,,,,,,,,,,
ruston police department,1972-03-01,louisiana,18188,LA03102,0,0,0,0,0,0,0,0,0,0,0,0,0,1,0,0,0,0,1,9,4,5,0,16,0,0,0,0,25,0,0,25,25,0,0,0,0,0,0,0,0,0,0,1,0,0,0,0,1,0,0,0,0,9,0,0,0,0,9,0,0,9,9,0,0,0,0,0,0,0,0,0,0,0,0,0,0,0,0,0,0,0,0,4,0,0,0,0,4,0,0,4,4,0,0,0,0,0,0,0,0,0,0,0,0,0,0,0,0,0,0,0,0,0,0,0,0,0,0,0,0,0,0,,,,,,,,,,,,,,,,,,,,,,,,,,,,,,,,,,,,,,,,,,,,,,,,,,,,
ruston police department,1972-02-01,louisiana,18188,LA03102,0,0,0,0,0,0,0,0,0,0,0,0,0,5,0,1,0,0,4,5,3,2,0,31,2,2,0,0,39,1,1,38,39,0,0,0,0,0,0,0,0,0,0,5,0,1,0,0,4,0,0,0,0,66,0,0,0,0,67,1,1,66,67,0,0,0,0,0,0,0,0,0,0,0,0,0,0,0,0,0,0,0,0,27,0,0,0,0,27,0,0,27,27,0,0,0,0,0,0,0,0,0,0,0,0,0,0,0,0,0,0,0,0,0,0,0,0,0,0,0,0,0,0,,,,,,,,,,,,,,,,,,,,,,,,,,,,,,,,,,,,,,,,,,,,,,,,,,,,
ruston police department,1972-01-01,louisiana,18188,LA03102,0,0,0,0,0,0,0,0,0,0,0,0,0,2,0,0,1,0,1,4,2,2,0,21,2,2,0,0,28,1,1,27,28,0,0,0,0,0,0,0,0,0,0,2,0,0,1,0,1,1,1,0,0,3,1,1,0,0,6,1,1,5,6,0,0,0,0,0,0,0,0,0,0,0,0,0,0,0,0,0,0,0,0,0,0,0,0,0,0,0,0,0,0,0,0,0,0,0,0,0,0,0,0,0,0,0,0,0,0,0,0,0,0,0,0,0,0,0,0,0,0,0,0,,,,,,,,,,,,,,,,,,,,,,,,,,,,,,,,,,,,,,,,,,,,,,,,,,,,
ruston police department,1971-12-01,louisiana,17776,LA03102,0,0,0,1,0,0,0,0,0,0,0,0,0,2,0,0,0,0,2,7,3,2,2,20,2,2,0,0,30,0,1,29,30,1,0,0,0,0,0,0,0,0,0,2,0,0,0,0,2,1,1,0,0,6,0,0,0,0,8,0,1,7,8,0,0,0,0,0,0,0,0,0,0,0,0,0,0,0,0,0,0,0,0,1,0,0,0,0,1,0,0,1,1,0,0,0,0,0,0,0,0,0,0,0,0,0,0,0,0,0,0,0,0,0,0,0,0,0,0,0,0,0,0,,,,,,,,,,,,,,,,,,,,,,,,,,,,,,,,,,,,,,,,,,,,,,,,,,,,
ruston police department,1971-11-01,louisiana,17776,LA03102,0,0,0,0,0,0,0,0,0,0,0,0,0,6,0,1,0,0,5,3,2,0,1,21,0,0,0,0,25,1,1,24,25,0,0,0,0,0,0,0,0,0,0,6,0,1,0,0,5,0,0,0,0,9,0,0,0,0,10,1,1,9,10,0,0,0,0,0,0,0,0,0,0,0,0,0,0,0,0,0,0,0,0,2,0,0,0,0,2,0,0,2,2,0,0,0,0,0,0,0,0,0,0,0,0,0,0,0,0,0,0,0,0,0,0,0,0,0,0,0,0,0,0,,,,,,,,,,,,,,,,,,,,,,,,,,,,,,,,,,,,,,,,,,,,,,,,,,,,
ruston police department,1971-10-01,louisiana,17776,LA03102,0,0,0,0,0,0,0,0,0,0,0,0,0,5,1,0,0,0,4,9,1,5,3,27,1,1,0,0,38,1,1,37,38,0,0,0,0,0,0,0,0,0,0,5,1,0,0,0,4,0,0,0,0,9,0,0,0,0,10,1,1,9,10,0,0,0,0,0,0,0,0,0,0,0,0,0,0,0,0,0,0,0,0,1,0,0,0,0,1,0,0,1,1,0,0,0,0,0,0,0,0,0,0,0,0,0,0,0,0,0,0,0,0,0,0,0,0,0,0,0,0,0,0,,,,,,,,,,,,,,,,,,,,,,,,,,,,,,,,,,,,,,,,,,,,,,,,,,,,
ruston police department,1971-09-01,louisiana,17776,LA03102,0,0,0,0,0,1,1,0,0,0,0,0,0,1,0,0,0,0,1,3,2,1,0,15,0,0,0,0,19,0,1,18,19,0,0,1,1,0,0,0,0,0,0,1,0,0,0,0,1,0,0,0,0,5,0,0,0,0,6,0,1,5,6,0,0,0,0,0,0,0,0,0,0,0,0,0,0,0,0,0,0,0,0,1,0,0,0,0,1,0,0,1,1,0,0,0,0,0,0,0,0,0,0,0,0,0,0,0,0,0,0,0,0,0,0,0,0,0,0,0,0,0,0,,,,,,,,,,,,,,,,,,,,,,,,,,,,,,,,,,,,,,,,,,,,,,,,,,,,
ruston police department,1971-08-01,louisiana,17776,LA03102,0,0,0,2,0,0,0,0,0,0,0,0,0,7,1,0,1,5,0,14,5,8,1,21,0,0,0,0,44,7,9,35,44,2,0,0,0,0,0,0,0,0,0,7,1,0,1,5,0,2,1,1,0,5,0,0,0,0,16,7,9,7,16,0,0,0,0,0,0,0,0,0,0,1,0,0,0,1,0,0,0,0,0,2,0,0,0,0,3,1,1,2,3,0,0,0,0,0,0,0,0,0,0,0,0,0,0,0,0,0,0,0,0,0,0,0,0,0,0,0,0,0,0,,,,,,,,,,,,,,,,,,,,,,,,,,,,,,,,,,,,,,,,,,,,,,,,,,,,
ruston police department,1971-07-01,louisiana,17776,LA03102,0,0,0,0,0,0,0,0,0,0,0,0,0,2,0,0,0,2,0,5,4,1,0,11,1,1,0,0,19,2,2,17,19,0,0,0,0,0,0,0,0,0,0,2,0,0,0,2,0,2,2,0,0,2,0,0,0,0,6,2,2,4,6,0,0,0,0,0,0,0,0,0,0,0,0,0,0,0,0,1,1,0,0,0,0,0,0,0,1,0,0,1,1,0,0,0,0,0,0,0,0,0,0,0,0,0,0,0,0,0,0,0,0,0,0,0,0,0,0,0,0,0,0,,,,,,,,,,,,,,,,,,,,,,,,,,,,,,,,,,,,,,,,,,,,,,,,,,,,
ruston police department,1971-06-01,louisiana,17776,LA03102,0,0,0,0,0,1,0,1,0,0,0,0,0,5,2,1,0,2,0,2,2,0,0,14,0,0,0,0,22,5,6,16,22,0,0,1,0,1,0,0,0,0,0,5,2,1,0,2,0,1,1,0,0,2,0,0,0,0,9,5,6,3,9,0,0,0,0,0,0,0,0,0,0,1,1,0,0,0,0,0,0,0,0,0,0,0,0,0,1,1,1,0,1,0,0,0,0,0,0,0,0,0,0,0,0,0,0,0,0,0,0,0,0,0,0,0,0,0,0,0,0,0,0,,,,,,,,,,,,,,,,,,,,,,,,,,,,,,,,,,,,,,,,,,,,,,,,,,,,
ruston police department,1971-05-01,louisiana,17776,LA03102,0,0,0,0,0,0,0,0,0,0,0,0,0,2,0,1,0,1,0,16,7,6,3,44,0,0,0,0,62,2,2,60,62,0,0,0,0,0,0,0,0,0,0,2,0,1,0,1,0,6,2,2,2,15,0,0,0,0,23,2,2,21,23,0,0,0,0,0,0,0,0,0,0,0,0,0,0,0,0,1,0,1,0,2,0,0,0,0,3,0,0,3,3,0,0,0,0,0,0,0,0,0,0,0,0,0,0,0,0,0,0,0,0,0,0,0,0,0,0,0,0,0,0,,,,,,,,,,,,,,,,,,,,,,,,,,,,,,,,,,,,,,,,,,,,,,,,,,,,
ruston police department,1971-04-01,louisiana,17776,LA03102,0,0,0,0,0,0,0,0,1,1,0,0,0,3,0,0,0,3,0,23,16,1,6,15,4,4,0,0,46,3,4,42,46,0,0,0,0,0,0,0,0,0,0,3,0,0,0,3,0,22,18,0,4,0,0,0,0,0,25,3,3,22,25,0,0,0,0,0,0,0,0,0,0,1,0,0,0,1,0,10,8,0,2,0,0,0,0,0,11,1,1,10,11,0,0,0,0,0,0,0,0,0,0,0,0,0,0,0,0,0,0,0,0,0,0,0,0,0,0,0,0,0,0,,,,,,,,,,,,,,,,,,,,,,,,,,,,,,,,,,,,,,,,,,,,,,,,,,,,
ruston police department,1971-03-01,louisiana,17776,LA03102,0,0,0,0,0,0,0,0,0,0,0,0,0,4,1,2,0,1,0,8,7,1,0,16,1,1,0,0,29,4,4,25,29,0,0,0,0,0,0,0,0,0,0,4,1,2,0,1,0,1,0,1,0,1,0,0,0,0,6,4,4,2,6,0,0,0,0,0,0,0,0,0,0,0,0,0,0,0,0,0,0,0,0,0,0,0,0,0,0,0,0,0,0,0,0,0,0,0,0,0,0,0,0,0,0,0,0,0,0,0,0,0,0,0,0,0,0,0,0,0,0,0,0,,,,,,,,,,,,,,,,,,,,,,,,,,,,,,,,,,,,,,,,,,,,,,,,,,,,
ruston police department,1971-02-01,louisiana,17776,LA03102,0,0,0,0,0,1,0,1,0,0,0,0,0,4,2,1,0,1,0,6,3,3,0,17,4,4,0,0,32,4,5,27,32,0,0,0,0,0,0,0,0,0,0,3,1,1,0,1,0,1,1,0,0,9,3,3,0,0,16,3,3,13,16,0,0,0,0,0,0,0,0,0,0,0,0,0,0,0,0,0,0,0,0,3,2,2,0,0,5,0,0,5,5,0,0,0,0,0,0,0,0,0,0,0,0,0,0,0,0,0,0,0,0,0,0,0,0,0,0,0,0,0,0,,,,,,,,,,,,,,,,,,,,,,,,,,,,,,,,,,,,,,,,,,,,,,,,,,,,
ruston police department,1971-01-01,louisiana,17776,LA03102,0,0,0,0,0,0,0,0,0,0,0,0,0,6,1,1,0,4,0,9,5,3,1,29,1,1,0,0,45,6,6,39,45,0,0,0,0,0,0,0,0,0,0,6,1,1,0,4,0,1,1,0,0,10,0,0,0,0,17,6,6,11,17,0,0,0,0,0,0,0,0,0,0,1,0,0,0,1,0,0,0,0,0,1,0,0,0,0,2,1,1,1,2,0,0,0,0,0,0,0,0,0,0,0,0,0,0,0,0,0,0,0,0,0,0,0,0,0,0,0,0,0,0,,,,,,,,,,,,,,,,,,,,,,,,,,,,,,,,,,,,,,,,,,,,,,,,,,,,
ruston police department,1970-12-01,louisiana,17365,LA03102,0,0,0,0,1,0,0,0,0,0,0,0,0,1,0,1,0,0,0,6,4,2,0,27,0,0,0,0,35,1,1,33,34,0,1,0,0,0,0,0,0,0,0,1,0,1,0,0,0,0,0,0,0,12,0,0,0,0,14,1,1,12,13,0,0,0,0,0,0,0,0,0,0,0,0,0,0,0,0,0,0,0,0,3,0,0,0,0,3,0,0,3,3,0,0,0,0,0,0,0,0,0,0,0,0,0,0,0,0,0,0,0,0,0,0,0,0,0,0,0,0,0,0,,,,,,,,,,,,,,,,,,,,,,,,,,,,,,,,,,,,,,,,,,,,,,,,,,,,
ruston police department,1970-11-01,louisiana,17365,LA03102,0,0,0,0,0,0,0,0,0,0,0,0,0,1,0,0,0,1,0,10,7,3,0,44,1,1,0,0,56,1,1,55,56,0,0,0,0,0,0,0,0,0,0,1,0,0,0,1,0,3,3,0,0,8,1,1,0,0,13,1,1,12,13,0,0,0,0,0,0,0,0,0,0,0,0,0,0,0,0,0,0,0,0,3,0,0,0,0,3,0,0,3,3,0,0,0,0,0,0,0,0,0,0,0,0,0,0,0,0,0,0,0,0,0,0,0,0,0,0,0,0,0,0,,,,,,,,,,,,,,,,,,,,,,,,,,,,,,,,,,,,,,,,,,,,,,,,,,,,
ruston police department,1970-10-01,louisiana,17365,LA03102,0,0,0,0,0,0,0,0,0,0,0,0,0,1,0,0,0,1,0,8,6,2,0,30,1,1,0,0,40,1,1,39,40,0,0,0,0,0,0,0,0,0,0,1,0,0,0,1,0,0,0,0,0,9,1,1,0,0,11,1,1,10,11,0,0,0,0,0,0,0,0,0,0,0,0,0,0,0,0,0,0,0,0,1,0,0,0,0,1,0,0,1,1,0,0,0,0,0,0,0,0,0,0,0,0,0,0,0,0,0,0,0,0,0,0,0,0,0,0,0,0,0,0,,,,,,,,,,,,,,,,,,,,,,,,,,,,,,,,,,,,,,,,,,,,,,,,,,,,
ruston police department,1970-09-01,louisiana,17365,LA03102,0,0,0,0,0,0,0,0,0,0,0,0,0,4,0,0,1,3,0,13,11,2,0,7,1,1,0,0,25,4,4,21,25,0,0,0,0,0,0,0,0,0,0,4,0,0,1,3,0,6,6,0,0,2,0,0,0,0,12,4,4,8,12,0,0,0,0,0,0,0,0,0,0,0,0,0,0,0,0,4,4,0,0,1,0,0,0,0,5,0,0,5,5,0,0,0,0,0,0,0,0,0,0,0,0,0,0,0,0,0,0,0,0,0,0,0,0,0,0,0,0,0,0,,,,,,,,,,,,,,,,,,,,,,,,,,,,,,,,,,,,,,,,,,,,,,,,,,,,
ruston police department,1970-08-01,louisiana,17365,LA03102,0,0,0,0,1,0,0,0,0,0,0,0,0,3,0,0,0,3,0,5,5,0,0,17,1,1,0,0,27,3,3,23,26,0,1,0,0,0,0,0,0,0,0,3,0,0,0,3,0,2,2,0,0,2,0,0,0,0,8,3,3,4,7,0,0,0,0,0,0,0,0,0,0,0,0,0,0,0,0,1,1,0,0,1,0,0,0,0,2,0,0,2,2,0,0,0,0,0,0,0,0,0,0,0,0,0,0,0,0,0,0,0,0,0,0,0,0,0,0,0,0,0,0,,,,,,,,,,,,,,,,,,,,,,,,,,,,,,,,,,,,,,,,,,,,,,,,,,,,
ruston police department,1970-07-01,louisiana,17365,LA03102,0,0,0,0,0,0,0,0,2,2,0,0,0,5,2,0,0,3,0,5,5,0,0,11,0,0,0,0,23,5,7,16,23,0,0,0,0,0,2,2,0,0,0,5,2,0,0,3,0,2,2,0,0,2,0,0,0,0,11,5,7,4,11,0,0,0,0,0,0,0,0,0,0,0,0,0,0,0,0,1,1,0,0,1,0,0,0,0,2,0,0,2,2,0,0,0,0,0,0,0,0,0,0,0,0,0,0,0,0,0,0,0,0,0,0,0,0,0,0,0,0,0,0,,,,,,,,,,,,,,,,,,,,,,,,,,,,,,,,,,,,,,,,,,,,,,,,,,,,
ruston police department,1970-06-01,louisiana,17365,LA03102,0,0,0,1,2,0,0,0,1,1,0,0,0,0,0,0,0,0,0,9,6,3,0,7,1,1,0,0,21,0,2,17,19,1,2,0,0,0,0,0,0,0,0,0,0,0,0,0,0,1,1,0,0,0,0,0,0,0,4,0,1,1,2,0,0,0,0,0,0,0,0,0,0,0,0,0,0,0,0,0,0,0,0,0,0,0,0,0,0,0,0,0,0,0,0,0,0,0,0,0,0,0,0,0,0,0,0,0,0,0,0,0,0,0,0,0,0,0,0,0,0,0,0,,,,,,,,,,,,,,,,,,,,,,,,,,,,,,,,,,,,,,,,,,,,,,,,,,,,
ruston police department,1970-05-01,louisiana,17365,LA03102,0,0,0,1,0,0,0,0,0,0,0,0,0,2,0,0,0,2,0,9,6,1,2,28,0,0,0,0,40,2,3,37,40,1,0,0,0,0,0,0,0,0,0,2,0,0,0,2,0,0,0,0,0,3,0,0,0,0,6,2,3,3,6,0,0,0,0,0,0,0,0,0,0,1,0,0,0,1,0,0,0,0,0,1,0,0,0,0,2,1,1,1,2,0,0,0,0,0,0,0,0,0,0,0,0,0,0,0,0,0,0,0,0,0,0,0,0,0,0,0,0,0,0,,,,,,,,,,,,,,,,,,,,,,,,,,,,,,,,,,,,,,,,,,,,,,,,,,,,
ruston police department,1970-04-01,louisiana,17365,LA03102,0,0,0,0,0,0,0,0,0,0,0,0,0,5,1,0,1,3,0,4,3,0,1,24,2,2,0,0,35,5,5,30,35,0,0,0,0,0,0,0,0,0,0,5,1,0,1,3,0,1,1,0,0,10,2,2,0,0,18,5,5,13,18,0,0,0,0,0,0,0,0,0,0,0,0,0,0,0,0,0,0,0,0,7,0,0,0,0,7,0,0,7,7,0,0,0,0,0,0,0,0,0,0,0,0,0,0,0,0,0,0,0,0,0,0,0,0,0,0,0,0,0,0,,,,,,,,,,,,,,,,,,,,,,,,,,,,,,,,,,,,,,,,,,,,,,,,,,,,
ruston police department,1970-03-01,louisiana,17365,LA03102,0,0,0,0,0,0,0,0,0,0,0,0,0,3,0,1,0,2,0,11,5,5,1,28,2,2,0,0,44,3,3,41,44,0,0,0,0,0,0,0,0,0,0,3,0,1,0,2,0,0,0,0,0,12,0,0,0,0,15,3,3,12,15,0,0,0,0,0,0,0,0,0,0,0,0,0,0,0,0,0,0,0,0,7,0,0,0,0,7,0,0,7,7,0,0,0,0,0,0,0,0,0,0,0,0,0,0,0,0,0,0,0,0,0,0,0,0,0,0,0,0,0,0,,,,,,,,,,,,,,,,,,,,,,,,,,,,,,,,,,,,,,,,,,,,,,,,,,,,
ruston police department,1970-02-01,louisiana,17365,LA03102,0,0,0,0,0,0,0,0,0,0,0,0,0,7,1,2,0,4,0,6,3,2,1,27,1,1,0,0,41,7,7,34,41,0,0,0,0,0,0,0,0,0,0,7,1,2,0,4,0,1,1,0,0,3,0,0,0,0,11,7,7,4,11,0,0,0,0,0,0,0,0,0,0,1,0,0,0,1,0,0,0,0,0,1,0,0,0,0,2,1,1,1,2,0,0,0,0,0,0,0,0,0,0,0,0,0,0,0,0,0,0,0,0,0,0,0,0,0,0,0,0,0,0,,,,,,,,,,,,,,,,,,,,,,,,,,,,,,,,,,,,,,,,,,,,,,,,,,,,
ruston police department,1970-01-01,louisiana,17365,LA03102,0,0,0,0,0,1,0,1,0,0,0,0,0,4,2,1,0,1,0,9,3,5,1,22,0,0,0,0,36,4,5,31,36,0,0,0,0,0,0,0,0,0,0,4,2,1,0,1,0,1,0,1,0,4,0,0,0,0,9,4,4,5,9,0,0,0,0,0,0,0,0,0,0,1,0,0,0,1,0,1,0,1,0,1,0,0,0,0,3,1,1,2,3,0,0,0,0,0,0,0,0,0,0,0,0,0,0,0,0,0,0,0,0,0,0,0,0,0,0,0,0,0,0,,,,,,,,,,,,,,,,,,,,,,,,,,,,,,,,,,,,,,,,,,,,,,,,,,,,
ruston police department,1969-12-01,louisiana,15570,LA03102,0,0,0,0,1,0,0,0,0,0,0,0,0,4,1,0,0,3,0,4,4,0,0,9,2,2,0,0,20,4,4,15,19,0,1,0,0,0,0,0,0,0,0,4,1,0,0,3,0,0,0,0,0,4,0,0,0,0,9,4,4,4,8,0,1,0,0,0,0,0,0,0,0,1,0,0,0,1,0,0,0,0,0,3,0,0,0,0,5,1,1,3,4,0,0,0,0,0,0,0,0,0,0,0,0,0,0,0,0,0,0,0,0,0,0,0,0,0,0,0,0,0,0,,,,,,,,,,,,,,,,,,,,,,,,,,,,,,,,,,,,,,,,,,,,,,,,,,,,
ruston police department,1969-11-01,louisiana,15570,LA03102,0,0,0,0,0,0,0,0,0,0,0,0,0,4,1,1,1,1,0,12,8,2,2,17,2,2,0,0,35,4,4,31,35,0,0,0,0,0,0,0,0,0,0,4,1,1,1,1,0,1,0,1,0,3,0,0,0,0,8,4,4,4,8,0,0,0,0,0,0,0,0,0,0,0,0,0,0,0,0,0,0,0,0,1,0,0,0,0,1,0,0,1,1,0,0,0,0,0,0,0,0,0,0,0,0,0,0,0,0,0,0,0,0,0,0,0,0,0,0,0,0,0,0,,,,,,,,,,,,,,,,,,,,,,,,,,,,,,,,,,,,,,,,,,,,,,,,,,,,
ruston police department,1969-10-01,louisiana,15570,LA03102,0,0,0,0,0,0,0,0,1,1,0,0,0,3,0,0,2,1,0,6,3,2,1,29,0,0,0,0,39,3,4,35,39,0,0,0,0,0,1,1,0,0,0,3,0,0,2,1,0,0,0,0,0,2,0,0,0,0,6,3,4,2,6,0,0,0,0,0,0,0,0,0,0,1,0,0,1,0,0,0,0,0,0,1,0,0,0,0,2,1,1,1,2,0,0,0,0,0,0,0,0,0,0,0,0,0,0,0,0,0,0,0,0,0,0,0,0,0,0,0,0,0,0,,,,,,,,,,,,,,,,,,,,,,,,,,,,,,,,,,,,,,,,,,,,,,,,,,,,
ruston police department,1969-09-01,louisiana,15570,LA03102,0,0,0,0,0,0,0,0,2,0,0,0,2,5,1,0,1,3,0,5,3,1,1,9,1,1,0,0,22,5,7,15,22,0,0,0,0,0,0,0,0,0,0,5,1,0,1,3,0,0,0,0,0,4,0,0,0,0,9,5,5,4,9,0,0,0,0,0,0,0,0,0,0,0,0,0,0,0,0,0,0,0,0,0,0,0,0,0,0,0,0,0,0,0,0,0,0,0,0,0,0,0,0,0,0,0,0,0,0,0,0,0,0,0,0,0,0,0,0,0,0,0,0,,,,,,,,,,,,,,,,,,,,,,,,,,,,,,,,,,,,,,,,,,,,,,,,,,,,
ruston police department,1969-08-01,louisiana,15570,LA03102,0,0,0,0,0,0,0,0,0,0,0,0,0,3,0,1,0,2,0,5,2,3,0,12,6,6,0,0,26,3,3,23,26,0,0,0,0,0,0,0,0,0,0,3,0,1,0,2,0,1,1,0,0,6,6,6,0,0,16,3,3,13,16,0,0,0,0,0,0,0,0,0,0,0,0,0,0,0,0,0,0,0,0,3,0,0,0,0,3,0,0,3,3,0,0,0,0,0,0,0,0,0,0,0,0,0,0,0,0,0,0,0,0,0,0,0,0,0,0,0,0,0,0,,,,,,,,,,,,,,,,,,,,,,,,,,,,,,,,,,,,,,,,,,,,,,,,,,,,
ruston police department,1969-07-01,louisiana,15570,LA03102,0,0,0,0,0,0,0,0,0,0,0,0,0,10,2,1,0,7,0,4,1,3,0,22,0,0,0,0,36,10,10,26,36,0,0,0,0,0,0,0,0,0,0,10,2,1,0,7,0,1,0,1,0,11,0,0,0,0,22,10,10,12,22,0,0,0,0,0,0,0,0,0,0,0,0,0,0,0,0,0,0,0,0,10,0,0,0,0,10,0,0,10,10,0,0,0,0,0,0,0,0,0,0,0,0,0,0,0,0,0,0,0,0,0,0,0,0,0,0,0,0,0,0,,,,,,,,,,,,,,,,,,,,,,,,,,,,,,,,,,,,,,,,,,,,,,,,,,,,
ruston police department,1969-06-01,louisiana,15570,LA03102,0,0,0,0,0,0,0,0,0,0,0,0,0,4,1,1,1,1,0,6,6,0,0,21,0,0,0,0,31,4,4,27,31,0,0,0,0,0,0,0,0,0,0,4,1,1,1,1,0,0,0,0,0,7,0,0,0,0,11,4,4,7,11,0,0,0,0,0,0,0,0,0,0,1,0,0,1,0,0,0,0,0,0,0,0,0,0,0,1,1,1,0,1,0,0,0,0,0,0,0,0,0,0,0,0,0,0,0,0,0,0,0,0,0,0,0,0,0,0,0,0,0,0,,,,,,,,,,,,,,,,,,,,,,,,,,,,,,,,,,,,,,,,,,,,,,,,,,,,
ruston police department,1969-05-01,louisiana,15570,LA03102,0,0,0,0,1,0,0,0,0,0,0,0,0,3,1,0,0,2,0,3,3,0,0,12,2,2,0,0,21,3,3,17,20,0,1,0,0,0,0,0,0,0,0,3,1,0,0,2,0,0,0,0,0,5,0,0,0,0,9,3,3,5,8,0,0,0,0,0,0,0,0,0,0,0,0,0,0,0,0,0,0,0,0,0,0,0,0,0,0,0,0,0,0,0,0,0,0,0,0,0,0,0,0,0,0,0,0,0,0,0,0,0,0,0,0,0,0,0,0,0,0,0,0,,,,,,,,,,,,,,,,,,,,,,,,,,,,,,,,,,,,,,,,,,,,,,,,,,,,
ruston police department,1969-04-01,louisiana,15570,LA03102,0,0,0,2,1,0,0,0,0,0,0,0,0,5,2,1,1,1,0,8,8,0,0,20,0,0,0,0,36,5,7,28,35,1,1,0,0,0,0,0,0,0,0,5,2,1,1,1,0,0,0,0,0,6,0,0,0,0,13,5,6,6,12,0,0,0,0,0,0,0,0,0,0,0,0,0,0,0,0,0,0,0,0,1,0,0,0,0,1,0,0,1,1,0,0,0,0,0,0,0,0,0,0,0,0,0,0,0,0,0,0,0,0,0,0,0,0,0,0,0,0,0,0,,,,,,,,,,,,,,,,,,,,,,,,,,,,,,,,,,,,,,,,,,,,,,,,,,,,
ruston police department,1969-03-01,louisiana,15570,LA03102,0,0,0,0,0,0,0,0,0,0,0,0,0,4,1,1,0,2,0,11,9,1,1,12,1,1,0,0,28,4,4,24,28,0,0,0,0,0,0,0,0,0,0,4,1,1,0,2,0,1,1,0,0,3,1,1,0,0,9,4,4,5,9,0,0,0,0,0,0,0,0,0,0,0,0,0,0,0,0,0,0,0,0,0,0,0,0,0,0,0,0,0,0,0,0,0,0,0,0,0,0,0,0,0,0,0,0,0,0,0,0,0,0,0,0,0,0,0,0,0,0,0,0,,,,,,,,,,,,,,,,,,,,,,,,,,,,,,,,,,,,,,,,,,,,,,,,,,,,
ruston police department,1969-02-01,louisiana,15570,LA03102,0,0,0,0,0,0,0,0,0,0,0,0,0,3,2,0,0,1,0,5,3,1,1,12,0,0,0,0,20,3,3,17,20,0,0,0,0,0,0,0,0,0,0,3,2,0,0,1,0,0,0,0,0,5,0,0,0,0,8,3,3,5,8,0,0,0,0,0,0,0,0,0,0,0,0,0,0,0,0,0,0,0,0,1,0,0,0,0,1,0,0,1,1,0,0,0,0,0,0,0,0,0,0,0,0,0,0,0,0,0,0,0,0,0,0,0,0,0,0,0,0,0,0,,,,,,,,,,,,,,,,,,,,,,,,,,,,,,,,,,,,,,,,,,,,,,,,,,,,
ruston police department,1969-01-01,louisiana,15570,LA03102,0,0,0,0,0,0,0,0,0,0,0,0,0,2,0,0,0,2,0,7,7,0,0,6,0,0,0,0,15,2,2,13,15,0,0,0,0,0,0,0,0,0,0,2,0,0,0,2,0,2,2,0,0,4,0,0,0,0,8,2,2,6,8,0,0,0,0,0,0,0,0,0,0,0,0,0,0,0,0,0,0,0,0,0,0,0,0,0,0,0,0,0,0,0,0,0,0,0,0,0,0,0,0,0,0,0,0,0,0,0,0,0,0,0,0,0,0,0,0,0,0,0,0,,,,,,,,,,,,,,,,,,,,,,,,,,,,,,,,,,,,,,,,,,,,,,,,,,,,
ruston police department,1968-12-01,louisiana,15408,LA03102,0,0,0,0,0,0,0,0,0,0,0,0,0,1,1,0,0,0,0,8,7,0,1,22,0,0,0,0,31,1,1,30,31,0,0,0,0,0,0,0,0,0,0,1,1,0,0,0,0,0,0,0,0,5,0,0,0,0,6,1,1,5,6,0,0,0,0,0,0,0,0,0,0,0,0,0,0,0,0,0,0,0,0,1,0,0,0,0,1,0,0,1,1,0,0,0,0,0,0,0,0,0,0,0,0,0,0,0,0,0,0,0,0,0,0,0,0,0,0,0,0,0,0,,,,,,,,,,,,,,,,,,,,,,,,,,,,,,,,,,,,,,,,,,,,,,,,,,,,
ruston police department,1968-11-01,louisiana,15408,LA03102,0,0,0,0,0,0,0,0,0,0,0,0,0,3,0,0,0,3,0,6,3,3,0,14,0,0,0,0,23,3,3,20,23,0,0,0,0,0,0,0,0,0,0,3,0,0,0,3,0,1,1,0,0,6,0,0,0,0,10,3,3,7,10,0,0,0,0,0,0,0,0,0,0,0,0,0,0,0,0,0,0,0,0,0,0,0,0,0,0,0,0,0,0,0,0,0,0,0,0,0,0,0,0,0,0,0,0,0,0,0,0,0,0,0,0,0,0,0,0,0,0,0,0,,,,,,,,,,,,,,,,,,,,,,,,,,,,,,,,,,,,,,,,,,,,,,,,,,,,
ruston police department,1968-10-01,louisiana,15408,LA03102,0,0,0,0,0,0,0,0,0,0,0,0,0,2,0,0,0,2,0,1,1,0,0,20,0,0,0,0,23,2,2,21,23,0,0,0,0,0,0,0,0,0,0,2,0,0,0,2,0,1,1,0,0,3,0,0,0,0,6,2,2,4,6,0,0,0,0,0,0,0,0,0,0,0,0,0,0,0,0,0,0,0,0,1,0,0,0,0,1,0,0,1,1,0,0,0,0,0,0,0,0,0,0,0,0,0,0,0,0,0,0,0,0,0,0,0,0,0,0,0,0,0,0,,,,,,,,,,,,,,,,,,,,,,,,,,,,,,,,,,,,,,,,,,,,,,,,,,,,
ruston police department,1968-09-01,louisiana,15408,LA03102,0,0,0,1,0,0,0,0,1,1,0,0,0,3,1,0,0,2,0,5,4,0,1,7,0,0,0,0,17,3,5,12,17,1,0,0,0,0,0,0,0,0,0,3,1,0,0,2,0,0,0,0,0,2,0,0,0,0,6,3,4,2,6,0,0,0,0,0,0,0,0,0,0,0,0,0,0,0,0,0,0,0,0,0,0,0,0,0,0,0,0,0,0,0,0,0,0,0,0,0,0,0,0,0,0,0,0,0,0,0,0,0,0,0,0,0,0,0,0,0,0,0,0,,,,,,,,,,,,,,,,,,,,,,,,,,,,,,,,,,,,,,,,,,,,,,,,,,,,
ruston police department,1968-08-01,louisiana,15408,LA03102,0,0,0,0,0,0,0,0,0,0,0,0,0,4,1,0,0,1,2,4,3,0,1,16,0,0,0,0,22,2,2,20,22,0,0,0,0,0,0,0,0,0,0,4,1,0,0,1,2,0,0,0,0,6,0,0,0,0,8,2,2,6,8,0,0,0,0,0,0,0,0,0,0,0,0,0,0,0,0,0,0,0,0,4,0,0,0,0,4,0,0,4,4,0,0,0,0,0,0,0,0,0,0,0,0,0,0,0,0,0,0,0,0,0,0,0,0,0,0,0,0,0,0,,,,,,,,,,,,,,,,,,,,,,,,,,,,,,,,,,,,,,,,,,,,,,,,,,,,
ruston police department,1968-07-01,louisiana,15408,LA03102,0,0,0,0,0,0,0,0,0,0,0,0,0,4,0,2,0,2,0,5,3,2,0,13,0,0,0,0,22,4,4,18,22,0,0,0,0,0,0,0,0,0,0,4,0,2,0,2,0,3,2,1,0,5,1,1,0,0,13,4,4,9,13,0,0,0,0,0,0,0,0,0,0,0,0,0,0,0,0,2,2,0,0,4,0,0,0,0,6,0,0,6,6,0,0,0,0,0,0,0,0,0,0,0,0,0,0,0,0,0,0,0,0,0,0,0,0,0,0,0,0,0,0,,,,,,,,,,,,,,,,,,,,,,,,,,,,,,,,,,,,,,,,,,,,,,,,,,,,
ruston police department,1968-06-01,louisiana,15408,LA03102,0,0,0,0,0,0,0,0,0,0,0,0,0,3,0,0,0,3,0,5,4,1,0,8,0,0,0,0,16,3,3,13,16,0,0,0,0,0,0,0,0,0,0,3,0,0,0,3,0,1,1,0,0,3,0,0,0,0,7,3,3,4,7,0,0,0,0,0,0,0,0,0,0,1,0,0,0,1,0,1,1,0,0,1,0,0,0,0,3,1,1,2,3,0,0,0,0,0,0,0,0,0,0,0,0,0,0,0,0,0,0,0,0,0,0,0,0,0,0,0,0,0,0,,,,,,,,,,,,,,,,,,,,,,,,,,,,,,,,,,,,,,,,,,,,,,,,,,,,
ruston police department,1968-05-01,louisiana,15408,LA03102,0,0,0,0,0,0,0,0,0,0,0,0,0,2,0,0,0,2,0,7,2,4,1,6,0,0,0,0,15,2,2,13,15,0,0,0,0,0,0,0,0,0,0,2,0,0,0,2,0,2,0,2,0,40,0,0,0,0,44,2,2,42,44,0,0,0,0,0,0,0,0,0,0,0,0,0,0,0,0,1,0,1,0,0,0,0,0,0,1,0,0,1,1,0,0,0,0,0,0,0,0,0,0,0,0,0,0,0,0,0,0,0,0,0,0,0,0,0,0,0,0,0,0,,,,,,,,,,,,,,,,,,,,,,,,,,,,,,,,,,,,,,,,,,,,,,,,,,,,
ruston police department,1968-04-01,louisiana,15408,LA03102,0,0,0,0,0,0,0,0,0,0,0,0,0,8,2,0,0,4,2,13,9,4,0,10,1,1,0,0,30,6,6,24,30,0,0,0,0,0,0,0,0,0,0,8,2,0,0,4,2,4,3,1,0,1,1,1,0,0,12,6,6,6,12,0,0,0,0,0,0,0,0,0,0,2,1,0,0,0,1,4,3,1,0,1,1,1,0,0,7,1,1,6,7,0,0,0,0,0,0,0,0,0,0,0,0,0,0,0,0,0,0,0,0,0,0,0,0,0,0,0,0,0,0,,,,,,,,,,,,,,,,,,,,,,,,,,,,,,,,,,,,,,,,,,,,,,,,,,,,
ruston police department,1968-03-01,louisiana,15408,LA03102,0,0,0,0,0,0,0,0,0,0,0,0,0,5,1,0,0,1,3,25,23,2,0,17,0,0,0,0,44,2,2,42,44,0,0,0,0,0,0,0,0,0,0,5,1,0,0,1,3,8,7,1,0,6,0,0,0,0,16,2,2,14,16,0,0,0,0,0,0,0,0,0,0,0,0,0,0,0,0,0,0,0,0,0,0,0,0,0,0,0,0,0,0,0,0,0,0,0,0,0,0,0,0,0,0,0,0,0,0,0,0,0,0,0,0,0,0,0,0,0,0,0,0,,,,,,,,,,,,,,,,,,,,,,,,,,,,,,,,,,,,,,,,,,,,,,,,,,,,
ruston police department,1968-02-01,louisiana,15408,LA03102,0,0,0,0,0,1,1,0,0,0,0,0,0,3,2,0,0,1,0,6,6,0,0,14,1,1,0,0,25,3,4,21,25,0,0,1,1,0,0,0,0,0,0,3,2,0,0,1,0,0,0,0,0,5,1,1,0,0,10,3,4,6,10,0,0,0,0,0,0,0,0,0,0,1,1,0,0,0,0,0,0,0,0,1,1,1,0,0,3,1,1,2,3,0,0,0,0,0,0,0,0,0,0,0,0,0,0,0,0,0,0,0,0,0,0,0,0,0,0,0,0,0,0,,,,,,,,,,,,,,,,,,,,,,,,,,,,,,,,,,,,,,,,,,,,,,,,,,,,
ruston police department,1968-01-01,louisiana,15408,LA03102,0,0,0,0,0,0,0,0,0,0,0,0,0,3,2,0,0,1,0,12,5,7,0,28,2,2,0,0,45,3,3,42,45,0,0,0,0,0,0,0,0,0,0,3,2,0,0,1,0,0,0,0,0,3,1,1,0,0,7,3,3,4,7,0,0,0,0,0,0,0,0,0,0,0,0,0,0,0,0,0,0,0,0,0,0,0,0,0,0,0,0,0,0,0,0,0,0,0,0,0,0,0,0,0,0,0,0,0,0,0,0,0,0,0,0,0,0,0,0,0,0,0,0,,,,,,,,,,,,,,,,,,,,,,,,,,,,,,,,,,,,,,,,,,,,,,,,,,,,
ruston police department,1967-12-01,louisiana,15270,LA03102,0,0,0,1,1,0,0,0,0,0,0,0,0,8,1,2,0,5,0,14,9,5,0,19,5,5,0,0,48,8,9,38,47,1,1,0,0,0,0,0,0,0,0,7,1,2,0,4,0,3,2,1,0,4,0,0,0,0,16,7,8,7,15,0,0,0,0,0,0,0,0,0,0,0,0,0,0,0,0,3,2,1,0,1,0,0,0,0,4,0,0,4,4,0,0,0,0,0,0,0,0,0,0,0,0,0,0,0,0,0,0,0,0,0,0,0,0,0,0,0,0,0,0,,,,,,,,,,,,,,,,,,,,,,,,,,,,,,,,,,,,,,,,,,,,,,,,,,,,
ruston police department,1967-11-01,louisiana,15270,LA03102,0,0,0,0,0,0,0,0,0,0,0,0,0,5,0,1,1,1,2,18,4,14,0,17,0,0,0,0,38,3,3,35,38,0,0,0,0,0,0,0,0,0,0,5,0,1,1,1,2,0,0,0,0,6,0,0,0,0,9,3,3,6,9,0,0,0,0,0,0,0,0,0,0,2,0,1,0,1,0,0,0,0,0,2,0,0,0,0,4,2,2,2,4,0,0,0,0,0,0,0,0,0,0,0,0,0,0,0,0,0,0,0,0,0,0,0,0,0,0,0,0,0,0,,,,,,,,,,,,,,,,,,,,,,,,,,,,,,,,,,,,,,,,,,,,,,,,,,,,
ruston police department,1967-10-01,louisiana,15270,LA03102,0,0,0,0,0,1,1,0,0,0,0,0,0,5,1,0,0,3,1,5,2,3,0,17,1,1,0,0,28,4,5,23,28,0,0,1,1,0,0,0,0,0,0,5,1,0,0,3,1,0,0,0,0,4,1,1,0,0,10,4,5,5,10,0,0,0,0,0,0,0,0,0,0,1,0,0,0,0,1,0,0,0,0,2,1,1,0,0,3,0,0,3,3,0,0,0,0,0,0,0,0,0,0,0,0,0,0,0,0,0,0,0,0,0,0,0,0,0,0,0,0,0,0,,,,,,,,,,,,,,,,,,,,,,,,,,,,,,,,,,,,,,,,,,,,,,,,,,,,
ruston police department,1967-09-01,louisiana,15270,LA03102,0,0,0,0,0,0,0,0,0,0,0,0,0,9,4,2,1,1,1,13,11,2,0,18,0,0,0,0,39,8,8,31,39,0,0,0,0,0,0,0,0,0,0,9,4,2,1,1,1,5,4,1,0,2,0,0,0,0,15,8,8,7,15,0,0,0,0,0,0,0,0,0,0,0,0,0,0,0,0,3,2,1,0,1,0,0,0,0,4,0,0,4,4,0,0,0,0,0,0,0,0,0,0,0,0,0,0,0,0,0,0,0,0,0,0,0,0,0,0,0,0,0,0,,,,,,,,,,,,,,,,,,,,,,,,,,,,,,,,,,,,,,,,,,,,,,,,,,,,
ruston police department,1967-08-01,louisiana,15270,LA03102,0,0,0,0,0,0,0,0,0,0,0,0,0,3,0,0,1,0,2,3,3,0,0,26,2,2,0,0,32,1,1,31,32,0,0,0,0,0,0,0,0,0,0,2,0,0,0,0,2,1,1,0,0,8,1,1,0,0,10,0,0,10,10,0,0,0,0,0,0,0,0,0,0,2,0,0,0,0,2,1,1,0,0,0,1,1,0,0,2,0,0,2,2,0,0,0,0,0,0,0,0,0,0,0,0,0,0,0,0,0,0,0,0,0,0,0,0,0,0,0,0,0,0,,,,,,,,,,,,,,,,,,,,,,,,,,,,,,,,,,,,,,,,,,,,,,,,,,,,
ruston police department,1967-07-01,louisiana,15270,LA03102,0,0,0,0,0,1,0,1,1,1,0,0,0,8,3,2,0,2,1,8,7,0,1,15,0,0,0,0,32,7,9,23,32,0,0,0,0,0,1,1,0,0,0,8,3,2,0,2,1,4,4,0,0,5,0,0,0,0,17,7,8,9,17,0,0,0,0,0,0,0,0,0,0,0,0,0,0,0,0,0,0,0,0,0,0,0,0,0,0,0,0,0,0,0,0,0,0,0,0,0,0,0,0,0,0,0,0,0,0,0,0,0,0,0,0,0,0,0,0,0,0,0,0,,,,,,,,,,,,,,,,,,,,,,,,,,,,,,,,,,,,,,,,,,,,,,,,,,,,
ruston police department,1967-06-01,louisiana,15270,LA03102,0,0,0,0,0,0,0,0,1,0,0,0,1,13,2,3,2,6,0,8,7,0,1,20,0,0,0,0,42,13,14,28,42,0,0,0,0,0,1,0,0,0,1,13,2,3,2,6,0,2,2,0,0,6,0,0,0,0,22,13,14,8,22,0,0,0,0,0,0,0,0,0,0,2,0,0,0,2,0,0,0,0,0,2,0,0,0,0,4,2,2,2,4,0,0,0,0,0,0,0,0,0,0,0,0,0,0,0,0,0,0,0,0,0,0,0,0,0,0,0,0,0,0,,,,,,,,,,,,,,,,,,,,,,,,,,,,,,,,,,,,,,,,,,,,,,,,,,,,
ruston police department,1967-05-01,louisiana,15270,LA03102,0,0,0,0,0,1,0,1,0,0,0,0,0,10,1,2,3,3,1,10,7,0,3,23,1,1,0,0,44,9,10,34,44,0,0,1,0,1,0,0,0,0,0,10,1,2,3,3,1,3,3,0,0,8,1,1,0,0,22,9,10,12,22,0,0,0,0,0,0,0,0,0,0,3,0,0,2,1,0,0,0,0,0,1,0,0,0,0,4,3,3,1,4,0,0,0,0,0,0,0,0,0,0,0,0,0,0,0,0,0,0,0,0,0,0,0,0,0,0,0,0,0,0,,,,,,,,,,,,,,,,,,,,,,,,,,,,,,,,,,,,,,,,,,,,,,,,,,,,
ruston police department,1967-04-01,louisiana,15270,LA03102,0,0,0,0,0,0,0,0,0,0,0,0,0,7,1,1,2,3,0,6,5,1,0,26,0,0,0,0,39,7,7,32,39,0,0,0,0,0,0,0,0,0,0,6,1,0,2,3,0,4,4,0,0,16,0,0,0,0,26,6,6,20,26,0,0,0,0,0,0,0,0,0,0,0,0,0,0,0,0,1,1,0,0,5,0,0,0,0,6,0,0,6,6,0,0,0,0,0,0,0,0,0,0,0,0,0,0,0,0,0,0,0,0,0,0,0,0,0,0,0,0,0,0,,,,,,,,,,,,,,,,,,,,,,,,,,,,,,,,,,,,,,,,,,,,,,,,,,,,
ruston police department,1967-03-01,louisiana,15270,LA03102,0,0,0,0,0,0,0,0,1,0,0,0,1,4,0,2,0,2,0,4,3,1,0,17,2,2,0,0,28,4,5,23,28,0,0,0,0,0,1,0,0,0,1,3,0,2,0,1,0,0,0,0,0,3,2,2,0,0,9,3,4,5,9,0,0,0,0,0,0,0,0,0,0,0,0,0,0,0,0,0,0,0,0,1,1,1,0,0,2,0,0,2,2,0,0,0,0,0,0,0,0,0,0,0,0,0,0,0,0,0,0,0,0,0,0,0,0,0,0,0,0,0,0,,,,,,,,,,,,,,,,,,,,,,,,,,,,,,,,,,,,,,,,,,,,,,,,,,,,
ruston police department,1967-02-01,louisiana,15270,LA03102,0,0,0,0,0,2,0,2,0,0,0,0,0,7,3,1,0,2,1,29,19,8,2,22,0,0,0,0,59,6,8,51,59,0,0,2,0,2,0,0,0,0,0,7,3,1,0,2,1,27,17,8,2,15,0,0,0,0,50,6,8,42,50,0,0,0,0,0,0,0,0,0,0,4,0,1,0,2,1,0,0,0,0,0,0,0,0,0,3,3,3,0,3,0,0,0,0,0,0,0,0,0,0,0,0,0,0,0,0,0,0,0,0,0,0,0,0,0,0,0,0,0,0,,,,,,,,,,,,,,,,,,,,,,,,,,,,,,,,,,,,,,,,,,,,,,,,,,,,
ruston police department,1967-01-01,louisiana,15270,LA03102,0,0,0,0,0,0,0,0,1,1,0,0,0,9,2,0,1,3,3,9,3,2,4,24,0,0,0,0,40,6,7,33,40,0,0,0,0,0,1,1,0,0,0,9,2,0,1,3,3,2,0,2,0,9,0,0,0,0,18,6,7,11,18,0,0,0,0,0,0,0,0,0,0,0,0,0,0,0,0,2,0,2,0,6,0,0,0,0,8,0,0,8,8,0,0,0,0,0,0,0,0,0,0,0,0,0,0,0,0,0,0,0,0,0,0,0,0,0,0,0,0,0,0,,,,,,,,,,,,,,,,,,,,,,,,,,,,,,,,,,,,,,,,,,,,,,,,,,,,
ruston police department,1966-12-01,louisiana,,LA03102,,,,,,,,,,,,,,,,,,,,,,,,,,,,,,,,,,,,,,,,,,,,,,,,,,,,,,,,,,,,,,,,,,,,,,,,,,,,,,,,,,,,,,,,,,,,,,,,,,,,,,,,,,,,,,,,,,,,,,,,,,,,,,,,,,,,,,,,,,,,,,,,,,,,,,,,,,,,,,,,,,,,,,,,,,,,,,,
ruston police department,1966-11-01,louisiana,,LA03102,,,,,,,,,,,,,,,,,,,,,,,,,,,,,,,,,,,,,,,,,,,,,,,,,,,,,,,,,,,,,,,,,,,,,,,,,,,,,,,,,,,,,,,,,,,,,,,,,,,,,,,,,,,,,,,,,,,,,,,,,,,,,,,,,,,,,,,,,,,,,,,,,,,,,,,,,,,,,,,,,,,,,,,,,,,,,,,
ruston police department,1966-10-01,louisiana,,LA03102,,,,,,,,,,,,,,,,,,,,,,,,,,,,,,,,,,,,,,,,,,,,,,,,,,,,,,,,,,,,,,,,,,,,,,,,,,,,,,,,,,,,,,,,,,,,,,,,,,,,,,,,,,,,,,,,,,,,,,,,,,,,,,,,,,,,,,,,,,,,,,,,,,,,,,,,,,,,,,,,,,,,,,,,,,,,,,,
ruston police department,1966-09-01,louisiana,,LA03102,,,,,,,,,,,,,,,,,,,,,,,,,,,,,,,,,,,,,,,,,,,,,,,,,,,,,,,,,,,,,,,,,,,,,,,,,,,,,,,,,,,,,,,,,,,,,,,,,,,,,,,,,,,,,,,,,,,,,,,,,,,,,,,,,,,,,,,,,,,,,,,,,,,,,,,,,,,,,,,,,,,,,,,,,,,,,,,
ruston police department,1966-08-01,louisiana,,LA03102,,,,,,,,,,,,,,,,,,,,,,,,,,,,,,,,,,,,,,,,,,,,,,,,,,,,,,,,,,,,,,,,,,,,,,,,,,,,,,,,,,,,,,,,,,,,,,,,,,,,,,,,,,,,,,,,,,,,,,,,,,,,,,,,,,,,,,,,,,,,,,,,,,,,,,,,,,,,,,,,,,,,,,,,,,,,,,,
ruston police department,1966-07-01,louisiana,,LA03102,,,,,,,,,,,,,,,,,,,,,,,,,,,,,,,,,,,,,,,,,,,,,,,,,,,,,,,,,,,,,,,,,,,,,,,,,,,,,,,,,,,,,,,,,,,,,,,,,,,,,,,,,,,,,,,,,,,,,,,,,,,,,,,,,,,,,,,,,,,,,,,,,,,,,,,,,,,,,,,,,,,,,,,,,,,,,,,
ruston police department,1966-06-01,louisiana,,LA03102,,,,,,,,,,,,,,,,,,,,,,,,,,,,,,,,,,,,,,,,,,,,,,,,,,,,,,,,,,,,,,,,,,,,,,,,,,,,,,,,,,,,,,,,,,,,,,,,,,,,,,,,,,,,,,,,,,,,,,,,,,,,,,,,,,,,,,,,,,,,,,,,,,,,,,,,,,,,,,,,,,,,,,,,,,,,,,,
ruston police department,1966-05-01,louisiana,,LA03102,,,,,,,,,,,,,,,,,,,,,,,,,,,,,,,,,,,,,,,,,,,,,,,,,,,,,,,,,,,,,,,,,,,,,,,,,,,,,,,,,,,,,,,,,,,,,,,,,,,,,,,,,,,,,,,,,,,,,,,,,,,,,,,,,,,,,,,,,,,,,,,,,,,,,,,,,,,,,,,,,,,,,,,,,,,,,,,
ruston police department,1966-04-01,louisiana,,LA03102,,,,,,,,,,,,,,,,,,,,,,,,,,,,,,,,,,,,,,,,,,,,,,,,,,,,,,,,,,,,,,,,,,,,,,,,,,,,,,,,,,,,,,,,,,,,,,,,,,,,,,,,,,,,,,,,,,,,,,,,,,,,,,,,,,,,,,,,,,,,,,,,,,,,,,,,,,,,,,,,,,,,,,,,,,,,,,,
ruston police department,1966-03-01,louisiana,,LA03102,,,,,,,,,,,,,,,,,,,,,,,,,,,,,,,,,,,,,,,,,,,,,,,,,,,,,,,,,,,,,,,,,,,,,,,,,,,,,,,,,,,,,,,,,,,,,,,,,,,,,,,,,,,,,,,,,,,,,,,,,,,,,,,,,,,,,,,,,,,,,,,,,,,,,,,,,,,,,,,,,,,,,,,,,,,,,,,
ruston police department,1966-02-01,louisiana,,LA03102,,,,,,,,,,,,,,,,,,,,,,,,,,,,,,,,,,,,,,,,,,,,,,,,,,,,,,,,,,,,,,,,,,,,,,,,,,,,,,,,,,,,,,,,,,,,,,,,,,,,,,,,,,,,,,,,,,,,,,,,,,,,,,,,,,,,,,,,,,,,,,,,,,,,,,,,,,,,,,,,,,,,,,,,,,,,,,,
ruston police department,1966-01-01,louisiana,,LA03102,,,,,,,,,,,,,,,,,,,,,,,,,,,,,,,,,,,,,,,,,,,,,,,,,,,,,,,,,,,,,,,,,,,,,,,,,,,,,,,,,,,,,,,,,,,,,,,,,,,,,,,,,,,,,,,,,,,,,,,,,,,,,,,,,,,,,,,,,,,,,,,,,,,,,,,,,,,,,,,,,,,,,,,,,,,,,,,
ruston police department,1965-12-01,louisiana,,LA03102,,,,,,,,,,,,,,,,,,,,,,,,,,,,,,,,,,,,,,,,,,,,,,,,,,,,,,,,,,,,,,,,,,,,,,,,,,,,,,,,,,,,,,,,,,,,,,,,,,,,,,,,,,,,,,,,,,,,,,,,,,,,,,,,,,,,,,,,,,,,,,,,,,,,,,,,,,,,,,,,,,,,,,,,,,,,,,,
ruston police department,1965-11-01,louisiana,,LA03102,,,,,,,,,,,,,,,,,,,,,,,,,,,,,,,,,,,,,,,,,,,,,,,,,,,,,,,,,,,,,,,,,,,,,,,,,,,,,,,,,,,,,,,,,,,,,,,,,,,,,,,,,,,,,,,,,,,,,,,,,,,,,,,,,,,,,,,,,,,,,,,,,,,,,,,,,,,,,,,,,,,,,,,,,,,,,,,
ruston police department,1965-10-01,louisiana,,LA03102,,,,,,,,,,,,,,,,,,,,,,,,,,,,,,,,,,,,,,,,,,,,,,,,,,,,,,,,,,,,,,,,,,,,,,,,,,,,,,,,,,,,,,,,,,,,,,,,,,,,,,,,,,,,,,,,,,,,,,,,,,,,,,,,,,,,,,,,,,,,,,,,,,,,,,,,,,,,,,,,,,,,,,,,,,,,,,,
ruston police department,1965-09-01,louisiana,,LA03102,,,,,,,,,,,,,,,,,,,,,,,,,,,,,,,,,,,,,,,,,,,,,,,,,,,,,,,,,,,,,,,,,,,,,,,,,,,,,,,,,,,,,,,,,,,,,,,,,,,,,,,,,,,,,,,,,,,,,,,,,,,,,,,,,,,,,,,,,,,,,,,,,,,,,,,,,,,,,,,,,,,,,,,,,,,,,,,
ruston police department,1965-08-01,louisiana,,LA03102,,,,,,,,,,,,,,,,,,,,,,,,,,,,,,,,,,,,,,,,,,,,,,,,,,,,,,,,,,,,,,,,,,,,,,,,,,,,,,,,,,,,,,,,,,,,,,,,,,,,,,,,,,,,,,,,,,,,,,,,,,,,,,,,,,,,,,,,,,,,,,,,,,,,,,,,,,,,,,,,,,,,,,,,,,,,,,,
ruston police department,1965-07-01,louisiana,,LA03102,,,,,,,,,,,,,,,,,,,,,,,,,,,,,,,,,,,,,,,,,,,,,,,,,,,,,,,,,,,,,,,,,,,,,,,,,,,,,,,,,,,,,,,,,,,,,,,,,,,,,,,,,,,,,,,,,,,,,,,,,,,,,,,,,,,,,,,,,,,,,,,,,,,,,,,,,,,,,,,,,,,,,,,,,,,,,,,
ruston police department,1965-06-01,louisiana,,LA03102,,,,,,,,,,,,,,,,,,,,,,,,,,,,,,,,,,,,,,,,,,,,,,,,,,,,,,,,,,,,,,,,,,,,,,,,,,,,,,,,,,,,,,,,,,,,,,,,,,,,,,,,,,,,,,,,,,,,,,,,,,,,,,,,,,,,,,,,,,,,,,,,,,,,,,,,,,,,,,,,,,,,,,,,,,,,,,,
ruston police department,1965-05-01,louisiana,,LA03102,,,,,,,,,,,,,,,,,,,,,,,,,,,,,,,,,,,,,,,,,,,,,,,,,,,,,,,,,,,,,,,,,,,,,,,,,,,,,,,,,,,,,,,,,,,,,,,,,,,,,,,,,,,,,,,,,,,,,,,,,,,,,,,,,,,,,,,,,,,,,,,,,,,,,,,,,,,,,,,,,,,,,,,,,,,,,,,
ruston police department,1965-04-01,louisiana,,LA03102,,,,,,,,,,,,,,,,,,,,,,,,,,,,,,,,,,,,,,,,,,,,,,,,,,,,,,,,,,,,,,,,,,,,,,,,,,,,,,,,,,,,,,,,,,,,,,,,,,,,,,,,,,,,,,,,,,,,,,,,,,,,,,,,,,,,,,,,,,,,,,,,,,,,,,,,,,,,,,,,,,,,,,,,,,,,,,,
ruston police department,1965-03-01,louisiana,,LA03102,,,,,,,,,,,,,,,,,,,,,,,,,,,,,,,,,,,,,,,,,,,,,,,,,,,,,,,,,,,,,,,,,,,,,,,,,,,,,,,,,,,,,,,,,,,,,,,,,,,,,,,,,,,,,,,,,,,,,,,,,,,,,,,,,,,,,,,,,,,,,,,,,,,,,,,,,,,,,,,,,,,,,,,,,,,,,,,
ruston police department,1965-02-01,louisiana,,LA03102,,,,,,,,,,,,,,,,,,,,,,,,,,,,,,,,,,,,,,,,,,,,,,,,,,,,,,,,,,,,,,,,,,,,,,,,,,,,,,,,,,,,,,,,,,,,,,,,,,,,,,,,,,,,,,,,,,,,,,,,,,,,,,,,,,,,,,,,,,,,,,,,,,,,,,,,,,,,,,,,,,,,,,,,,,,,,,,
ruston police department,1965-01-01,louisiana,,LA03102,,,,,,,,,,,,,,,,,,,,,,,,,,,,,,,,,,,,,,,,,,,,,,,,,,,,,,,,,,,,,,,,,,,,,,,,,,,,,,,,,,,,,,,,,,,,,,,,,,,,,,,,,,,,,,,,,,,,,,,,,,,,,,,,,,,,,,,,,,,,,,,,,,,,,,,,,,,,,,,,,,,,,,,,,,,,,,,
ruston police department,1964-12-01,louisiana,,LA03102,,,,,,,,,,,,,,,,,,,,,,,,,,,,,,,,,,,,,,,,,,,,,,,,,,,,,,,,,,,,,,,,,,,,,,,,,,,,,,,,,,,,,,,,,,,,,,,,,,,,,,,,,,,,,,,,,,,,,,,,,,,,,,,,,,,,,,,,,,,,,,,,,,,,,,,,,,,,,,,,,,,,,,,,,,,,,,,
ruston police department,1964-11-01,louisiana,,LA03102,,,,,,,,,,,,,,,,,,,,,,,,,,,,,,,,,,,,,,,,,,,,,,,,,,,,,,,,,,,,,,,,,,,,,,,,,,,,,,,,,,,,,,,,,,,,,,,,,,,,,,,,,,,,,,,,,,,,,,,,,,,,,,,,,,,,,,,,,,,,,,,,,,,,,,,,,,,,,,,,,,,,,,,,,,,,,,,
ruston police department,1964-10-01,louisiana,,LA03102,,,,,,,,,,,,,,,,,,,,,,,,,,,,,,,,,,,,,,,,,,,,,,,,,,,,,,,,,,,,,,,,,,,,,,,,,,,,,,,,,,,,,,,,,,,,,,,,,,,,,,,,,,,,,,,,,,,,,,,,,,,,,,,,,,,,,,,,,,,,,,,,,,,,,,,,,,,,,,,,,,,,,,,,,,,,,,,
ruston police department,1964-09-01,louisiana,,LA03102,,,,,,,,,,,,,,,,,,,,,,,,,,,,,,,,,,,,,,,,,,,,,,,,,,,,,,,,,,,,,,,,,,,,,,,,,,,,,,,,,,,,,,,,,,,,,,,,,,,,,,,,,,,,,,,,,,,,,,,,,,,,,,,,,,,,,,,,,,,,,,,,,,,,,,,,,,,,,,,,,,,,,,,,,,,,,,,
ruston police department,1964-08-01,louisiana,,LA03102,,,,,,,,,,,,,,,,,,,,,,,,,,,,,,,,,,,,,,,,,,,,,,,,,,,,,,,,,,,,,,,,,,,,,,,,,,,,,,,,,,,,,,,,,,,,,,,,,,,,,,,,,,,,,,,,,,,,,,,,,,,,,,,,,,,,,,,,,,,,,,,,,,,,,,,,,,,,,,,,,,,,,,,,,,,,,,,
ruston police department,1964-07-01,louisiana,,LA03102,,,,,,,,,,,,,,,,,,,,,,,,,,,,,,,,,,,,,,,,,,,,,,,,,,,,,,,,,,,,,,,,,,,,,,,,,,,,,,,,,,,,,,,,,,,,,,,,,,,,,,,,,,,,,,,,,,,,,,,,,,,,,,,,,,,,,,,,,,,,,,,,,,,,,,,,,,,,,,,,,,,,,,,,,,,,,,,
ruston police department,1964-06-01,louisiana,,LA03102,,,,,,,,,,,,,,,,,,,,,,,,,,,,,,,,,,,,,,,,,,,,,,,,,,,,,,,,,,,,,,,,,,,,,,,,,,,,,,,,,,,,,,,,,,,,,,,,,,,,,,,,,,,,,,,,,,,,,,,,,,,,,,,,,,,,,,,,,,,,,,,,,,,,,,,,,,,,,,,,,,,,,,,,,,,,,,,
ruston police department,1964-05-01,louisiana,,LA03102,,,,,,,,,,,,,,,,,,,,,,,,,,,,,,,,,,,,,,,,,,,,,,,,,,,,,,,,,,,,,,,,,,,,,,,,,,,,,,,,,,,,,,,,,,,,,,,,,,,,,,,,,,,,,,,,,,,,,,,,,,,,,,,,,,,,,,,,,,,,,,,,,,,,,,,,,,,,,,,,,,,,,,,,,,,,,,,
ruston police department,1964-04-01,louisiana,,LA03102,,,,,,,,,,,,,,,,,,,,,,,,,,,,,,,,,,,,,,,,,,,,,,,,,,,,,,,,,,,,,,,,,,,,,,,,,,,,,,,,,,,,,,,,,,,,,,,,,,,,,,,,,,,,,,,,,,,,,,,,,,,,,,,,,,,,,,,,,,,,,,,,,,,,,,,,,,,,,,,,,,,,,,,,,,,,,,,
ruston police department,1964-03-01,louisiana,,LA03102,,,,,,,,,,,,,,,,,,,,,,,,,,,,,,,,,,,,,,,,,,,,,,,,,,,,,,,,,,,,,,,,,,,,,,,,,,,,,,,,,,,,,,,,,,,,,,,,,,,,,,,,,,,,,,,,,,,,,,,,,,,,,,,,,,,,,,,,,,,,,,,,,,,,,,,,,,,,,,,,,,,,,,,,,,,,,,,
ruston police department,1964-02-01,louisiana,,LA03102,,,,,,,,,,,,,,,,,,,,,,,,,,,,,,,,,,,,,,,,,,,,,,,,,,,,,,,,,,,,,,,,,,,,,,,,,,,,,,,,,,,,,,,,,,,,,,,,,,,,,,,,,,,,,,,,,,,,,,,,,,,,,,,,,,,,,,,,,,,,,,,,,,,,,,,,,,,,,,,,,,,,,,,,,,,,,,,
ruston police department,1964-01-01,louisiana,,LA03102,,,,,,,,,,,,,,,,,,,,,,,,,,,,,,,,,,,,,,,,,,,,,,,,,,,,,,,,,,,,,,,,,,,,,,,,,,,,,,,,,,,,,,,,,,,,,,,,,,,,,,,,,,,,,,,,,,,,,,,,,,,,,,,,,,,,,,,,,,,,,,,,,,,,,,,,,,,,,,,,,,,,,,,,,,,,,,,
ruston police department,1963-12-01,louisiana,14384,LA03102,0,0,0,0,0,0,0,0,0,0,0,0,0,1,0,0,0,0,0,2,0,0,0,10,0,0,0,0,13,1,1,12,13,0,0,0,0,0,0,0,0,0,0,0,0,0,0,0,0,0,0,0,0,0,0,0,0,0,0,0,0,0,0,0,0,0,0,0,0,0,0,0,0,0,0,0,0,0,0,0,0,0,0,0,0,0,0,0,0,0,0,0,0,0,0,0,0,0,0,0,0,0,0,0,0,0,0,0,0,0,0,0,0,0,0,0,0,0,0,0,0,0,0,,,,,,,,,,,,,,,,,,,,,,,,,,,,,,,,,,,,,,,,,,,,,,,,,,,,
ruston police department,1963-11-01,louisiana,14384,LA03102,0,0,0,0,0,0,0,0,0,0,0,0,0,0,0,0,0,0,0,6,0,0,0,3,0,0,0,0,9,0,0,9,9,0,0,0,0,0,0,0,0,0,0,0,0,0,0,0,0,0,0,0,0,0,0,0,0,0,0,0,0,0,0,0,0,0,0,0,0,0,0,0,0,0,0,0,0,0,0,0,0,0,0,0,0,0,0,0,0,0,0,0,0,0,0,0,0,0,0,0,0,0,0,0,0,0,0,0,0,0,0,0,0,0,0,0,0,0,0,0,0,0,0,,,,,,,,,,,,,,,,,,,,,,,,,,,,,,,,,,,,,,,,,,,,,,,,,,,,
ruston police department,1963-10-01,louisiana,14384,LA03102,0,0,0,0,0,0,0,0,0,0,0,0,0,0,0,0,0,0,0,1,0,0,0,7,1,1,0,0,9,0,0,9,9,0,0,0,0,0,0,0,0,0,0,0,0,0,0,0,0,0,0,0,0,0,0,0,0,0,0,0,0,0,0,0,0,0,0,0,0,0,0,0,0,0,0,0,0,0,0,0,0,0,0,0,0,0,0,0,0,0,0,0,0,0,0,0,0,0,0,0,0,0,0,0,0,0,0,0,0,0,0,0,0,0,0,0,0,0,0,0,0,0,0,,,,,,,,,,,,,,,,,,,,,,,,,,,,,,,,,,,,,,,,,,,,,,,,,,,,
ruston police department,1963-09-01,louisiana,14384,LA03102,0,0,0,0,0,0,0,0,0,0,0,0,0,0,0,0,0,0,0,3,0,0,0,2,0,0,0,0,5,0,0,5,5,0,0,0,0,0,0,0,0,0,0,0,0,0,0,0,0,0,0,0,0,0,0,0,0,0,0,0,0,0,0,0,0,0,0,0,0,0,0,0,0,0,0,0,0,0,0,0,0,0,0,0,0,0,0,0,0,0,0,0,0,0,0,0,0,0,0,0,0,0,0,0,0,0,0,0,0,0,0,0,0,0,0,0,0,0,0,0,0,0,0,,,,,,,,,,,,,,,,,,,,,,,,,,,,,,,,,,,,,,,,,,,,,,,,,,,,
ruston police department,1963-08-01,louisiana,14384,LA03102,0,0,0,0,0,0,0,0,0,0,0,0,0,0,0,0,0,0,0,1,0,0,0,6,0,0,0,0,7,0,0,7,7,0,0,0,0,0,0,0,0,0,0,0,0,0,0,0,0,0,0,0,0,0,0,0,0,0,0,0,0,0,0,0,0,0,0,0,0,0,0,0,0,0,0,0,0,0,0,0,0,0,0,0,0,0,0,0,0,0,0,0,0,0,0,0,0,0,0,0,0,0,0,0,0,0,0,0,0,0,0,0,0,0,0,0,0,0,0,0,0,0,0,,,,,,,,,,,,,,,,,,,,,,,,,,,,,,,,,,,,,,,,,,,,,,,,,,,,
ruston police department,1963-07-01,louisiana,14384,LA03102,0,0,0,0,0,0,0,0,0,0,0,0,0,0,0,0,0,0,0,3,0,0,0,2,0,0,0,0,5,0,0,5,5,0,0,0,0,0,0,0,0,0,0,0,0,0,0,0,0,0,0,0,0,0,0,0,0,0,0,0,0,0,0,0,0,0,0,0,0,0,0,0,0,0,0,0,0,0,0,0,0,0,0,0,0,0,0,0,0,0,0,0,0,0,0,0,0,0,0,0,0,0,0,0,0,0,0,0,0,0,0,0,0,0,0,0,0,0,0,0,0,0,0,,,,,,,,,,,,,,,,,,,,,,,,,,,,,,,,,,,,,,,,,,,,,,,,,,,,
ruston police department,1963-06-01,louisiana,14384,LA03102,0,0,0,0,0,0,0,0,0,0,0,0,0,0,0,0,0,0,0,2,0,0,0,2,0,0,0,0,4,0,0,4,4,0,0,0,0,0,0,0,0,0,0,0,0,0,0,0,0,0,0,0,0,0,0,0,0,0,0,0,0,0,0,0,0,0,0,0,0,0,0,0,0,0,0,0,0,0,0,0,0,0,0,0,0,0,0,0,0,0,0,0,0,0,0,0,0,0,0,0,0,0,0,0,0,0,0,0,0,0,0,0,0,0,0,0,0,0,0,0,0,0,0,,,,,,,,,,,,,,,,,,,,,,,,,,,,,,,,,,,,,,,,,,,,,,,,,,,,
ruston police department,1963-05-01,louisiana,14384,LA03102,0,0,0,0,0,0,0,0,0,0,0,0,0,2,0,0,0,0,0,1,0,0,0,5,0,0,0,0,8,2,2,6,8,0,0,0,0,0,0,0,0,0,0,0,0,0,0,0,0,0,0,0,0,0,0,0,0,0,0,0,0,0,0,0,0,0,0,0,0,0,0,0,0,0,0,0,0,0,0,0,0,0,0,0,0,0,0,0,0,0,0,0,0,0,0,0,0,0,0,0,0,0,0,0,0,0,0,0,0,0,0,0,0,0,0,0,0,0,0,0,0,0,0,,,,,,,,,,,,,,,,,,,,,,,,,,,,,,,,,,,,,,,,,,,,,,,,,,,,
ruston police department,1963-04-01,louisiana,14384,LA03102,0,0,0,0,0,0,0,0,0,0,0,0,0,0,0,0,0,0,0,5,0,0,0,2,0,0,0,0,7,0,0,7,7,0,0,0,0,0,0,0,0,0,0,0,0,0,0,0,0,0,0,0,0,0,0,0,0,0,0,0,0,0,0,0,0,0,0,0,0,0,0,0,0,0,0,0,0,0,0,0,0,0,0,0,0,0,0,0,0,0,0,0,0,0,0,0,0,0,0,0,0,0,0,0,0,0,0,0,0,0,0,0,0,0,0,0,0,0,0,0,0,0,0,,,,,,,,,,,,,,,,,,,,,,,,,,,,,,,,,,,,,,,,,,,,,,,,,,,,
ruston police department,1963-03-01,louisiana,14384,LA03102,0,0,0,0,0,0,0,0,0,0,0,0,0,1,0,0,0,0,0,5,0,0,0,12,1,1,0,0,19,1,1,18,19,0,0,0,0,0,0,0,0,0,0,0,0,0,0,0,0,0,0,0,0,0,0,0,0,0,0,0,0,0,0,0,0,0,0,0,0,0,0,0,0,0,0,0,0,0,0,0,0,0,0,0,0,0,0,0,0,0,0,0,0,0,0,0,0,0,0,0,0,0,0,0,0,0,0,0,0,0,0,0,0,0,0,0,0,0,0,0,0,0,0,,,,,,,,,,,,,,,,,,,,,,,,,,,,,,,,,,,,,,,,,,,,,,,,,,,,
ruston police department,1963-02-01,louisiana,14384,LA03102,0,0,0,0,0,0,0,0,0,0,0,0,0,0,0,0,0,0,0,0,0,0,0,5,0,0,0,0,5,0,0,5,5,0,0,0,0,0,0,0,0,0,0,0,0,0,0,0,0,0,0,0,0,0,0,0,0,0,0,0,0,0,0,0,0,0,0,0,0,0,0,0,0,0,0,0,0,0,0,0,0,0,0,0,0,0,0,0,0,0,0,0,0,0,0,0,0,0,0,0,0,0,0,0,0,0,0,0,0,0,0,0,0,0,0,0,0,0,0,0,0,0,0,,,,,,,,,,,,,,,,,,,,,,,,,,,,,,,,,,,,,,,,,,,,,,,,,,,,
ruston police department,1963-01-01,louisiana,14384,LA03102,0,0,0,0,0,0,0,0,0,0,0,0,0,0,0,0,0,0,0,7,0,0,0,12,0,0,0,0,19,0,0,19,19,0,0,0,0,0,0,0,0,0,0,0,0,0,0,0,0,0,0,0,0,0,0,0,0,0,0,0,0,0,0,0,0,0,0,0,0,0,0,0,0,0,0,0,0,0,0,0,0,0,0,0,0,0,0,0,0,0,0,0,0,0,0,0,0,0,0,0,0,0,0,0,0,0,0,0,0,0,0,0,0,0,0,0,0,0,0,0,0,0,0,,,,,,,,,,,,,,,,,,,,,,,,,,,,,,,,,,,,,,,,,,,,,,,,,,,,
ruston police department,1962-12-01,louisiana,14161,LA03102,0,0,0,0,0,0,0,0,0,0,0,0,0,0,0,0,0,0,0,5,0,0,0,6,0,0,0,0,11,0,0,11,11,0,0,0,0,0,0,0,0,0,0,0,0,0,0,0,0,0,0,0,0,0,0,0,0,0,0,0,0,0,0,0,0,0,0,0,0,0,0,0,0,0,0,0,0,0,0,0,0,0,0,0,0,0,0,0,0,0,0,0,0,0,0,0,0,0,0,0,0,0,0,0,0,0,0,0,0,0,0,0,0,0,0,0,0,0,0,0,0,0,0,,,,,,,,,,,,,,,,,,,,,,,,,,,,,,,,,,,,,,,,,,,,,,,,,,,,
ruston police department,1962-11-01,louisiana,14161,LA03102,0,0,0,0,0,0,0,0,0,0,0,0,0,0,0,0,0,0,0,1,0,0,0,3,0,0,0,0,4,0,0,4,4,0,0,0,0,0,0,0,0,0,0,0,0,0,0,0,0,0,0,0,0,0,0,0,0,0,0,0,0,0,0,0,0,0,0,0,0,0,0,0,0,0,0,0,0,0,0,0,0,0,0,0,0,0,0,0,0,0,0,0,0,0,0,0,0,0,0,0,0,0,0,0,0,0,0,0,0,0,0,0,0,0,0,0,0,0,0,0,0,0,0,,,,,,,,,,,,,,,,,,,,,,,,,,,,,,,,,,,,,,,,,,,,,,,,,,,,
ruston police department,1962-10-01,louisiana,14161,LA03102,0,0,0,0,0,0,0,0,0,0,0,0,0,0,0,0,0,0,0,4,0,0,0,3,0,0,0,0,7,0,0,7,7,0,0,0,0,0,0,0,0,0,0,0,0,0,0,0,0,0,0,0,0,0,0,0,0,0,0,0,0,0,0,0,0,0,0,0,0,0,0,0,0,0,0,0,0,0,0,0,0,0,0,0,0,0,0,0,0,0,0,0,0,0,0,0,0,0,0,0,0,0,0,0,0,0,0,0,0,0,0,0,0,0,0,0,0,0,0,0,0,0,0,,,,,,,,,,,,,,,,,,,,,,,,,,,,,,,,,,,,,,,,,,,,,,,,,,,,
ruston police department,1962-09-01,louisiana,14161,LA03102,0,0,0,0,0,0,0,0,0,0,0,0,0,0,0,0,0,0,0,2,0,0,0,7,0,0,0,0,9,0,0,9,9,0,0,0,0,0,0,0,0,0,0,0,0,0,0,0,0,0,0,0,0,0,0,0,0,0,0,0,0,0,0,0,0,0,0,0,0,0,0,0,0,0,0,0,0,0,0,0,0,0,0,0,0,0,0,0,0,0,0,0,0,0,0,0,0,0,0,0,0,0,0,0,0,0,0,0,0,0,0,0,0,0,0,0,0,0,0,0,0,0,0,,,,,,,,,,,,,,,,,,,,,,,,,,,,,,,,,,,,,,,,,,,,,,,,,,,,
ruston police department,1962-08-01,louisiana,14161,LA03102,0,0,0,0,0,2,0,0,1,0,0,0,0,0,0,0,0,0,0,1,0,0,0,6,0,0,0,0,10,0,3,7,10,0,0,0,0,0,0,0,0,0,0,0,0,0,0,0,0,0,0,0,0,0,0,0,0,0,0,0,0,0,0,0,0,0,0,0,0,0,0,0,0,0,0,0,0,0,0,0,0,0,0,0,0,0,0,0,0,0,0,0,0,0,0,0,0,0,0,0,0,0,0,0,0,0,0,0,0,0,0,0,0,0,0,0,0,0,0,0,0,0,0,,,,,,,,,,,,,,,,,,,,,,,,,,,,,,,,,,,,,,,,,,,,,,,,,,,,
ruston police department,1962-07-01,louisiana,14161,LA03102,0,0,0,0,0,0,0,0,0,0,0,0,0,0,0,0,0,0,0,2,0,0,0,6,0,0,0,0,8,0,0,8,8,0,0,0,0,0,0,0,0,0,0,0,0,0,0,0,0,0,0,0,0,0,0,0,0,0,0,0,0,0,0,0,0,0,0,0,0,0,0,0,0,0,0,0,0,0,0,0,0,0,0,0,0,0,0,0,0,0,0,0,0,0,0,0,0,0,0,0,0,0,0,0,0,0,0,0,0,0,0,0,0,0,0,0,0,0,0,0,0,0,0,,,,,,,,,,,,,,,,,,,,,,,,,,,,,,,,,,,,,,,,,,,,,,,,,,,,
ruston police department,1962-06-01,louisiana,14161,LA03102,0,0,0,0,0,0,0,0,0,0,0,0,0,1,0,0,0,0,0,4,0,0,0,2,0,0,0,0,7,1,1,6,7,0,0,0,0,0,0,0,0,0,0,0,0,0,0,0,0,0,0,0,0,0,0,0,0,0,0,0,0,0,0,0,0,0,0,0,0,0,0,0,0,0,0,0,0,0,0,0,0,0,0,0,0,0,0,0,0,0,0,0,0,0,0,0,0,0,0,0,0,0,0,0,0,0,0,0,0,0,0,0,0,0,0,0,0,0,0,0,0,0,0,,,,,,,,,,,,,,,,,,,,,,,,,,,,,,,,,,,,,,,,,,,,,,,,,,,,
ruston police department,1962-05-01,louisiana,14161,LA03102,0,0,0,0,0,0,0,0,0,0,0,0,0,0,0,0,0,0,0,8,0,0,0,10,0,0,0,0,18,0,0,18,18,0,0,0,0,0,0,0,0,0,0,0,0,0,0,0,0,0,0,0,0,0,0,0,0,0,0,0,0,0,0,0,0,0,0,0,0,0,0,0,0,0,0,0,0,0,0,0,0,0,0,0,0,0,0,0,0,0,0,0,0,0,0,0,0,0,0,0,0,0,0,0,0,0,0,0,0,0,0,0,0,0,0,0,0,0,0,0,0,0,0,,,,,,,,,,,,,,,,,,,,,,,,,,,,,,,,,,,,,,,,,,,,,,,,,,,,
ruston police department,1962-04-01,louisiana,14161,LA03102,0,0,0,0,0,0,0,0,0,0,0,0,0,0,0,0,0,0,0,5,0,0,0,9,0,0,0,0,14,0,0,14,14,0,0,0,0,0,0,0,0,0,0,0,0,0,0,0,0,0,0,0,0,0,0,0,0,0,0,0,0,0,0,0,0,0,0,0,0,0,0,0,0,0,0,0,0,0,0,0,0,0,0,0,0,0,0,0,0,0,0,0,0,0,0,0,0,0,0,0,0,0,0,0,0,0,0,0,0,0,0,0,0,0,0,0,0,0,0,0,0,0,0,,,,,,,,,,,,,,,,,,,,,,,,,,,,,,,,,,,,,,,,,,,,,,,,,,,,
ruston police department,1962-03-01,louisiana,14161,LA03102,0,0,0,0,0,0,0,0,0,0,0,0,0,0,0,0,0,0,0,7,0,0,0,1,0,0,0,0,8,0,0,8,8,0,0,0,0,0,0,0,0,0,0,0,0,0,0,0,0,0,0,0,0,0,0,0,0,0,0,0,0,0,0,0,0,0,0,0,0,0,0,0,0,0,0,0,0,0,0,0,0,0,0,0,0,0,0,0,0,0,0,0,0,0,0,0,0,0,0,0,0,0,0,0,0,0,0,0,0,0,0,0,0,0,0,0,0,0,0,0,0,0,0,,,,,,,,,,,,,,,,,,,,,,,,,,,,,,,,,,,,,,,,,,,,,,,,,,,,
ruston police department,1962-02-01,louisiana,14161,LA03102,0,0,0,0,0,0,0,0,0,0,0,0,0,0,0,0,0,0,0,2,0,0,0,5,0,0,0,0,7,0,0,7,7,0,0,0,0,0,0,0,0,0,0,0,0,0,0,0,0,0,0,0,0,0,0,0,0,0,0,0,0,0,0,0,0,0,0,0,0,0,0,0,0,0,0,0,0,0,0,0,0,0,0,0,0,0,0,0,0,0,0,0,0,0,0,0,0,0,0,0,0,0,0,0,0,0,0,0,0,0,0,0,0,0,0,0,0,0,0,0,0,0,0,,,,,,,,,,,,,,,,,,,,,,,,,,,,,,,,,,,,,,,,,,,,,,,,,,,,
ruston police department,1962-01-01,louisiana,14161,LA03102,0,0,0,0,0,0,0,0,0,0,0,0,0,0,0,0,0,0,0,5,0,0,0,5,0,0,0,0,10,0,0,10,10,0,0,0,0,0,0,0,0,0,0,0,0,0,0,0,0,0,0,0,0,0,0,0,0,0,0,0,0,0,0,0,0,0,0,0,0,0,0,0,0,0,0,0,0,0,0,0,0,0,0,0,0,0,0,0,0,0,0,0,0,0,0,0,0,0,0,0,0,0,0,0,0,0,0,0,0,0,0,0,0,0,0,0,0,0,0,0,0,0,0,,,,,,,,,,,,,,,,,,,,,,,,,,,,,,,,,,,,,,,,,,,,,,,,,,,,
ruston police department,1961-12-01,louisiana,13991,LA03102,0,0,0,0,0,0,0,0,0,0,0,0,0,0,0,0,0,0,0,5,0,0,0,3,0,0,0,0,8,0,0,8,8,0,0,0,0,0,0,0,0,0,0,0,0,0,0,0,0,0,0,0,0,0,0,0,0,0,0,0,0,0,0,0,0,0,0,0,0,0,0,0,0,0,0,0,0,0,0,0,0,0,0,0,0,0,0,0,0,0,0,0,0,0,0,0,0,0,0,0,0,0,0,0,0,0,0,0,0,0,0,0,0,0,0,0,0,0,0,0,0,0,0,,,,,,,,,,,,,,,,,,,,,,,,,,,,,,,,,,,,,,,,,,,,,,,,,,,,
ruston police department,1961-11-01,louisiana,13991,LA03102,0,0,0,0,1,0,0,0,0,0,0,0,0,1,0,0,0,0,0,2,0,0,0,6,0,0,0,0,10,1,1,8,9,0,0,0,0,0,0,0,0,0,0,0,0,0,0,0,0,0,0,0,0,0,0,0,0,0,0,0,0,0,0,0,0,0,0,0,0,0,0,0,0,0,0,0,0,0,0,0,0,0,0,0,0,0,0,0,0,0,0,0,0,0,0,0,0,0,0,0,0,0,0,0,0,0,0,0,0,0,0,0,0,0,0,0,0,0,0,0,0,0,0,,,,,,,,,,,,,,,,,,,,,,,,,,,,,,,,,,,,,,,,,,,,,,,,,,,,
ruston police department,1961-10-01,louisiana,13991,LA03102,0,0,0,0,0,0,0,0,0,0,0,0,0,0,0,0,0,0,0,5,0,0,0,9,2,2,0,0,16,0,0,16,16,0,0,0,0,0,0,0,0,0,0,0,0,0,0,0,0,0,0,0,0,0,0,0,0,0,0,0,0,0,0,0,0,0,0,0,0,0,0,0,0,0,0,0,0,0,0,0,0,0,0,0,0,0,0,0,0,0,0,0,0,0,0,0,0,0,0,0,0,0,0,0,0,0,0,0,0,0,0,0,0,0,0,0,0,0,0,0,0,0,0,,,,,,,,,,,,,,,,,,,,,,,,,,,,,,,,,,,,,,,,,,,,,,,,,,,,
ruston police department,1961-09-01,louisiana,13991,LA03102,0,0,0,0,0,0,0,0,0,0,0,0,0,0,0,0,0,0,0,5,0,0,0,3,0,0,0,0,8,0,0,8,8,0,0,0,0,0,0,0,0,0,0,0,0,0,0,0,0,0,0,0,0,0,0,0,0,0,0,0,0,0,0,0,0,0,0,0,0,0,0,0,0,0,0,0,0,0,0,0,0,0,0,0,0,0,0,0,0,0,0,0,0,0,0,0,0,0,0,0,0,0,0,0,0,0,0,0,0,0,0,0,0,0,0,0,0,0,0,0,0,0,0,,,,,,,,,,,,,,,,,,,,,,,,,,,,,,,,,,,,,,,,,,,,,,,,,,,,
ruston police department,1961-08-01,louisiana,13991,LA03102,0,0,0,0,0,0,0,0,0,0,0,0,0,0,0,0,0,0,0,3,0,0,0,3,0,0,0,0,6,0,0,6,6,0,0,0,0,0,0,0,0,0,0,0,0,0,0,0,0,0,0,0,0,0,0,0,0,0,0,0,0,0,0,0,0,0,0,0,0,0,0,0,0,0,0,0,0,0,0,0,0,0,0,0,0,0,0,0,0,0,0,0,0,0,0,0,0,0,0,0,0,0,0,0,0,0,0,0,0,0,0,0,0,0,0,0,0,0,0,0,0,0,0,,,,,,,,,,,,,,,,,,,,,,,,,,,,,,,,,,,,,,,,,,,,,,,,,,,,
ruston police department,1961-07-01,louisiana,13991,LA03102,0,0,0,0,0,0,0,0,0,0,0,0,0,1,0,0,0,0,0,4,0,0,0,4,0,0,0,0,9,1,1,8,9,0,0,0,0,0,0,0,0,0,0,0,0,0,0,0,0,0,0,0,0,0,0,0,0,0,0,0,0,0,0,0,0,0,0,0,0,0,0,0,0,0,0,0,0,0,0,0,0,0,0,0,0,0,0,0,0,0,0,0,0,0,0,0,0,0,0,0,0,0,0,0,0,0,0,0,0,0,0,0,0,0,0,0,0,0,0,0,0,0,0,,,,,,,,,,,,,,,,,,,,,,,,,,,,,,,,,,,,,,,,,,,,,,,,,,,,
ruston police department,1961-06-01,louisiana,13991,LA03102,0,0,0,0,0,0,0,0,0,0,0,0,0,0,0,0,0,0,0,2,0,0,0,5,0,0,0,0,7,0,0,7,7,0,0,0,0,0,0,0,0,0,0,0,0,0,0,0,0,0,0,0,0,0,0,0,0,0,0,0,0,0,0,0,0,0,0,0,0,0,0,0,0,0,0,0,0,0,0,0,0,0,0,0,0,0,0,0,0,0,0,0,0,0,0,0,0,0,0,0,0,0,0,0,0,0,0,0,0,0,0,0,0,0,0,0,0,0,0,0,0,0,0,,,,,,,,,,,,,,,,,,,,,,,,,,,,,,,,,,,,,,,,,,,,,,,,,,,,
ruston police department,1961-05-01,louisiana,13991,LA03102,0,0,0,0,0,0,0,0,0,0,0,0,0,0,0,0,0,0,0,9,0,0,0,3,0,0,0,0,12,0,0,12,12,0,0,0,0,0,0,0,0,0,0,0,0,0,0,0,0,0,0,0,0,0,0,0,0,0,0,0,0,0,0,0,0,0,0,0,0,0,0,0,0,0,0,0,0,0,0,0,0,0,0,0,0,0,0,0,0,0,0,0,0,0,0,0,0,0,0,0,0,0,0,0,0,0,0,0,0,0,0,0,0,0,0,0,0,0,0,0,0,0,0,,,,,,,,,,,,,,,,,,,,,,,,,,,,,,,,,,,,,,,,,,,,,,,,,,,,
ruston police department,1961-04-01,louisiana,13991,LA03102,0,0,0,0,0,0,0,0,0,0,0,0,0,0,0,0,0,0,0,8,0,0,0,5,0,0,0,0,13,0,0,13,13,0,0,0,0,0,0,0,0,0,0,0,0,0,0,0,0,0,0,0,0,0,0,0,0,0,0,0,0,0,0,0,0,0,0,0,0,0,0,0,0,0,0,0,0,0,0,0,0,0,0,0,0,0,0,0,0,0,0,0,0,0,0,0,0,0,0,0,0,0,0,0,0,0,0,0,0,0,0,0,0,0,0,0,0,0,0,0,0,0,0,,,,,,,,,,,,,,,,,,,,,,,,,,,,,,,,,,,,,,,,,,,,,,,,,,,,
ruston police department,1961-03-01,louisiana,13991,LA03102,0,0,0,0,0,0,0,0,0,0,0,0,0,0,0,0,0,0,0,5,0,0,0,8,0,0,0,0,13,0,0,13,13,0,0,0,0,0,0,0,0,0,0,0,0,0,0,0,0,0,0,0,0,0,0,0,0,0,0,0,0,0,0,0,0,0,0,0,0,0,0,0,0,0,0,0,0,0,0,0,0,0,0,0,0,0,0,0,0,0,0,0,0,0,0,0,0,0,0,0,0,0,0,0,0,0,0,0,0,0,0,0,0,0,0,0,0,0,0,0,0,0,0,,,,,,,,,,,,,,,,,,,,,,,,,,,,,,,,,,,,,,,,,,,,,,,,,,,,
ruston police department,1961-02-01,louisiana,13991,LA03102,0,0,0,0,0,0,0,0,0,0,0,0,0,0,0,0,0,0,0,6,0,0,0,4,0,0,0,0,10,0,0,10,10,0,0,0,0,0,0,0,0,0,0,0,0,0,0,0,0,0,0,0,0,0,0,0,0,0,0,0,0,0,0,0,0,0,0,0,0,0,0,0,0,0,0,0,0,0,0,0,0,0,0,0,0,0,0,0,0,0,0,0,0,0,0,0,0,0,0,0,0,0,0,0,0,0,0,0,0,0,0,0,0,0,0,0,0,0,0,0,0,0,0,,,,,,,,,,,,,,,,,,,,,,,,,,,,,,,,,,,,,,,,,,,,,,,,,,,,
ruston police department,1961-01-01,louisiana,13991,LA03102,0,0,0,0,0,0,0,0,0,0,0,0,0,0,0,0,0,0,0,10,0,0,0,5,0,0,0,0,15,0,0,15,15,0,0,0,0,0,0,0,0,0,0,0,0,0,0,0,0,0,0,0,0,0,0,0,0,0,0,0,0,0,0,0,0,0,0,0,0,0,0,0,0,0,0,0,0,0,0,0,0,0,0,0,0,0,0,0,0,0,0,0,0,0,0,0,0,0,0,0,0,0,0,0,0,0,0,0,0,0,0,0,0,0,0,0,0,0,0,0,0,0,0,,,,,,,,,,,,,,,,,,,,,,,,,,,,,,,,,,,,,,,,,,,,,,,,,,,,
ruston police department,1960-12-01,louisiana,13991,LA03102,0,0,0,0,0,0,0,0,0,0,0,0,0,0,0,0,0,0,0,4,0,0,0,8,0,0,0,0,12,0,0,12,12,0,0,0,0,0,0,0,0,0,0,0,0,0,0,0,0,0,0,0,0,0,0,0,0,0,0,0,0,0,0,0,0,0,0,0,0,0,0,0,0,0,0,0,0,0,0,0,0,0,0,0,0,0,0,0,0,0,0,0,0,0,0,0,0,0,0,0,0,0,0,0,0,0,0,0,0,0,0,0,0,0,0,0,0,0,0,0,0,0,0,,,,,,,,,,,,,,,,,,,,,,,,,,,,,,,,,,,,,,,,,,,,,,,,,,,,
ruston police department,1960-11-01,louisiana,13991,LA03102,0,0,0,0,0,0,0,0,0,0,0,0,0,1,0,0,0,0,0,9,0,0,0,7,0,0,0,0,17,1,1,16,17,0,0,0,0,0,0,0,0,0,0,0,0,0,0,0,0,0,0,0,0,0,0,0,0,0,0,0,0,0,0,0,0,0,0,0,0,0,0,0,0,0,0,0,0,0,0,0,0,0,0,0,0,0,0,0,0,0,0,0,0,0,0,0,0,0,0,0,0,0,0,0,0,0,0,0,0,0,0,0,0,0,0,0,0,0,0,0,0,0,0,,,,,,,,,,,,,,,,,,,,,,,,,,,,,,,,,,,,,,,,,,,,,,,,,,,,
ruston police department,1960-10-01,louisiana,13991,LA03102,0,0,0,0,0,0,0,0,0,0,0,0,0,0,0,0,0,0,0,2,0,0,0,8,1,1,0,0,11,0,0,11,11,0,0,0,0,0,0,0,0,0,0,0,0,0,0,0,0,0,0,0,0,0,0,0,0,0,0,0,0,0,0,0,0,0,0,0,0,0,0,0,0,0,0,0,0,0,0,0,0,0,0,0,0,0,0,0,0,0,0,0,0,0,0,0,0,0,0,0,0,0,0,0,0,0,0,0,0,0,0,0,0,0,0,0,0,0,0,0,0,0,0,,,,,,,,,,,,,,,,,,,,,,,,,,,,,,,,,,,,,,,,,,,,,,,,,,,,
ruston police department,1960-09-01,louisiana,13991,LA03102,0,0,0,0,0,0,0,0,0,0,0,0,0,0,0,0,0,0,0,5,0,0,0,3,0,0,0,0,8,0,0,8,8,0,0,0,0,0,0,0,0,0,0,0,0,0,0,0,0,0,0,0,0,0,0,0,0,0,0,0,0,0,0,0,0,0,0,0,0,0,0,0,0,0,0,0,0,0,0,0,0,0,0,0,0,0,0,0,0,0,0,0,0,0,0,0,0,0,0,0,0,0,0,0,0,0,0,0,0,0,0,0,0,0,0,0,0,0,0,0,0,0,0,,,,,,,,,,,,,,,,,,,,,,,,,,,,,,,,,,,,,,,,,,,,,,,,,,,,
ruston police department,1960-08-01,louisiana,13991,LA03102,0,0,0,0,0,1,0,0,0,0,0,0,0,0,0,0,0,0,0,10,0,0,0,2,0,0,0,0,13,0,1,12,13,0,0,0,0,0,0,0,0,0,0,0,0,0,0,0,0,0,0,0,0,0,0,0,0,0,0,0,0,0,0,0,0,0,0,0,0,0,0,0,0,0,0,0,0,0,0,0,0,0,0,0,0,0,0,0,0,0,0,0,0,0,0,0,0,0,0,0,0,0,0,0,0,0,0,0,0,0,0,0,0,0,0,0,0,0,0,0,0,0,0,,,,,,,,,,,,,,,,,,,,,,,,,,,,,,,,,,,,,,,,,,,,,,,,,,,,
ruston police department,1960-07-01,louisiana,13991,LA03102,0,0,0,0,0,1,0,0,0,0,0,0,0,0,0,0,0,0,0,8,0,0,0,2,0,0,0,0,11,0,1,10,11,0,0,0,0,0,0,0,0,0,0,0,0,0,0,0,0,0,0,0,0,0,0,0,0,0,0,0,0,0,0,0,0,0,0,0,0,0,0,0,0,0,0,0,0,0,0,0,0,0,0,0,0,0,0,0,0,0,0,0,0,0,0,0,0,0,0,0,0,0,0,0,0,0,0,0,0,0,0,0,0,0,0,0,0,0,0,0,0,0,0,,,,,,,,,,,,,,,,,,,,,,,,,,,,,,,,,,,,,,,,,,,,,,,,,,,,
ruston police department,1960-06-01,louisiana,13991,LA03102,0,0,0,0,0,0,0,0,0,0,0,0,0,0,0,0,0,0,0,3,0,0,0,6,1,1,0,0,10,0,0,10,10,0,0,0,0,0,0,0,0,0,0,0,0,0,0,0,0,0,0,0,0,0,0,0,0,0,0,0,0,0,0,0,0,0,0,0,0,0,0,0,0,0,0,0,0,0,0,0,0,0,0,0,0,0,0,0,0,0,0,0,0,0,0,0,0,0,0,0,0,0,0,0,0,0,0,0,0,0,0,0,0,0,0,0,0,0,0,0,0,0,0,,,,,,,,,,,,,,,,,,,,,,,,,,,,,,,,,,,,,,,,,,,,,,,,,,,,
ruston police department,1960-05-01,louisiana,13991,LA03102,0,0,0,0,0,0,0,0,0,0,0,0,0,0,0,0,0,0,0,7,0,0,0,8,1,1,0,0,16,0,0,16,16,0,0,0,0,0,0,0,0,0,0,0,0,0,0,0,0,0,0,0,0,0,0,0,0,0,0,0,0,0,0,0,0,0,0,0,0,0,0,0,0,0,0,0,0,0,0,0,0,0,0,0,0,0,0,0,0,0,0,0,0,0,0,0,0,0,0,0,0,0,0,0,0,0,0,0,0,0,0,0,0,0,0,0,0,0,0,0,0,0,0,,,,,,,,,,,,,,,,,,,,,,,,,,,,,,,,,,,,,,,,,,,,,,,,,,,,
ruston police department,1960-04-01,louisiana,13991,LA03102,0,0,0,0,0,0,0,0,0,0,0,0,0,0,0,0,0,0,0,3,0,0,0,11,0,0,0,0,14,0,0,14,14,0,0,0,0,0,0,0,0,0,0,0,0,0,0,0,0,0,0,0,0,0,0,0,0,0,0,0,0,0,0,0,0,0,0,0,0,0,0,0,0,0,0,0,0,0,0,0,0,0,0,0,0,0,0,0,0,0,0,0,0,0,0,0,0,0,0,0,0,0,0,0,0,0,0,0,0,0,0,0,0,0,0,0,0,0,0,0,0,0,0,,,,,,,,,,,,,,,,,,,,,,,,,,,,,,,,,,,,,,,,,,,,,,,,,,,,
ruston police department,1960-03-01,louisiana,13991,LA03102,0,0,0,0,0,0,0,0,0,0,0,0,0,0,0,0,0,0,0,4,0,0,0,7,0,0,0,0,11,0,0,11,11,0,0,0,0,0,0,0,0,0,0,0,0,0,0,0,0,0,0,0,0,0,0,0,0,0,0,0,0,0,0,0,0,0,0,0,0,0,0,0,0,0,0,0,0,0,0,0,0,0,0,0,0,0,0,0,0,0,0,0,0,0,0,0,0,0,0,0,0,0,0,0,0,0,0,0,0,0,0,0,0,0,0,0,0,0,0,0,0,0,0,,,,,,,,,,,,,,,,,,,,,,,,,,,,,,,,,,,,,,,,,,,,,,,,,,,,
ruston police department,1960-02-01,louisiana,13991,LA03102,0,0,0,0,0,0,0,0,0,0,0,0,0,0,0,0,0,0,0,4,0,0,0,7,1,1,0,0,12,0,0,12,12,0,0,0,0,0,0,0,0,0,0,0,0,0,0,0,0,0,0,0,0,0,0,0,0,0,0,0,0,0,0,0,0,0,0,0,0,0,0,0,0,0,0,0,0,0,0,0,0,0,0,0,0,0,0,0,0,0,0,0,0,0,0,0,0,0,0,0,0,0,0,0,0,0,0,0,0,0,0,0,0,0,0,0,0,0,0,0,0,0,0,,,,,,,,,,,,,,,,,,,,,,,,,,,,,,,,,,,,,,,,,,,,,,,,,,,,
ruston police department,1960-01-01,louisiana,13991,LA03102,0,0,0,0,0,0,0,0,0,0,0,0,0,1,0,0,0,0,0,5,0,0,0,10,1,1,0,0,17,1,1,16,17,0,0,0,0,0,0,0,0,0,0,0,0,0,0,0,0,0,0,0,0,0,0,0,0,0,0,0,0,0,0,0,0,0,0,0,0,0,0,0,0,0,0,0,0,0,0,0,0,0,0,0,0,0,0,0,0,0,0,0,0,0,0,0,0,0,0,0,0,0,0,0,0,0,0,0,0,0,0,0,0,0,0,0,0,0,0,0,0,0,0,,,,,,,,,,,,,,,,,,,,,,,,,,,,,,,,,,,,,,,,,,,,,,,,,,,,
