agency,year,state,population,ORI,card_unfound_pt,card_unfound_type,card_actual_type,card_tot_clr_type,card_clr_18_type,card_officers_type,card_actual_pt,card_tot_clr_pt,card_clr_18_pt,officers_killed_by_felony,officers_killed_by_accident,officers_assaulted,actual_murder,actual_manslaughter,actual_rape_total,actual_rape_by_force,actual_rape_attempted,actual_robbery_total,actual_robbery_with_a_gun,actual_robbery_with_a_knife,actual_robbery_other_weapon,actual_robbery_unarmed,actual_assault_total,actual_assault_with_a_gun,actual_assault_with_a_knife,actual_assault_other_weapon,actual_assault_unarmed,actual_assault_simple,actual_burg_total,actual_burg_force_entry,actual_burg_nonforce_entry,actual_burg_attempted,actual_theft_total,actual_mtr_veh_theft_total,actual_mtr_veh_theft_car,actual_mtr_veh_theft_truck,actual_mtr_veh_theft_other,actual_all_crimes,actual_theft_under50_dollar,actual_assault_aggravated,actual_index_violent,actual_index_property,actual_index_total,tot_clr_murder,tot_clr_manslaughter,tot_clr_rape_total,tot_clr_rape_by_force,tot_clr_rape_attempted,tot_clr_robbery_total,tot_clr_robbery_with_a_gun,tot_clr_robbery_with_a_knife,tot_clr_robbery_other_weapon,tot_clr_robbery_unarmed,tot_clr_assault_total,tot_clr_assault_with_a_gun,tot_clr_assault_with_a_knife,tot_clr_assault_other_weapon,tot_clr_assault_unarmed,tot_clr_assault_simple,tot_clr_burg_total,tot_clr_burg_force_entry,tot_clr_burg_nonforce_entry,tot_clr_burg_attempted,tot_clr_theft_total,tot_clr_mtr_veh_theft_total,tot_clr_mtr_veh_theft_car,tot_clr_mtr_veh_theft_truck,tot_clr_mtr_veh_theft_other,tot_clr_all_crimes,tot_clr_theft_under50_dollar,tot_clr_assault_aggravated,tot_clr_index_violent,tot_clr_index_property,tot_clr_index_total,clr_18_murder,clr_18_manslaughter,clr_18_rape_total,clr_18_rape_by_force,clr_18_rape_attempted,clr_18_robbery_total,clr_18_robbery_with_a_gun,clr_18_robbery_with_a_knife,clr_18_robbery_other_weapon,clr_18_robbery_unarmed,clr_18_assault_total,clr_18_assault_with_a_gun,clr_18_assault_with_a_knife,clr_18_assault_other_weapon,clr_18_assault_unarmed,clr_18_assault_simple,clr_18_burg_total,clr_18_burg_force_entry,clr_18_burg_nonforce_entry,clr_18_burg_attempted,clr_18_theft_total,clr_18_mtr_veh_theft_total,clr_18_mtr_veh_theft_car,clr_18_mtr_veh_theft_truck,clr_18_mtr_veh_theft_other,clr_18_all_crimes,clr_18_theft_under50_dollar,clr_18_assault_aggravated,clr_18_index_violent,clr_18_index_property,clr_18_index_total,unfound_murder,unfound_manslaughter,unfound_rape_total,unfound_rape_by_force,unfound_rape_attempted,unfound_robbery_total,unfound_robbery_with_a_gun,unfound_robbery_with_a_knife,unfound_robbery_other_weapon,unfound_robbery_unarmed,unfound_assault_total,unfound_assault_with_a_gun,unfound_assault_with_a_knife,unfound_assault_other_weapon,unfound_assault_unarmed,unfound_assault_simple,unfound_burg_total,unfound_burg_force_entry,unfound_burg_nonforce_entry,unfound_burg_attempted,unfound_theft_total,unfound_mtr_veh_theft_total,unfound_mtr_veh_theft_car,unfound_mtr_veh_theft_truck,unfound_mtr_veh_theft_other,unfound_all_crimes,unfound_theft_under50_dollar,unfound_assault_aggravated,unfound_index_violent,unfound_index_property,unfound_index_total
Sp: Washtenaw County,2017-01-01,Michigan,0,MI81081,breakdown offenses,normal return,normal return,normal return,normal return,normal return,breakdown offenses,breakdown offenses,breakdown offenses,0,0,0,0,0,0,0,0,0,0,0,0,0,10,1,0,1,0,8,3,3,0,0,5,2,2,0,0,20,0,2,2,10,12,0,2,0,0,0,0,0,0,0,0,8,0,0,0,1,7,1,1,0,0,1,1,1,0,0,13,0,1,1,3,4,0,0,0,0,0,0,0,0,0,0,0,0,0,0,0,0,0,0,0,0,0,0,0,0,0,0,0,0,0,0,0,0,0,0,0,0,0,0,0,0,0,0,0,0,0,0,0,0,0,0,0,0,0,0,0,0,0,0,0,0,0,0
Sp: Washtenaw County,2017-02-01,Michigan,0,MI81081,breakdown offenses,normal return,normal return,normal return,normal return,normal return,breakdown offenses,breakdown offenses,breakdown offenses,0,0,0,0,0,8,8,0,0,0,0,0,0,8,0,0,0,0,8,4,4,0,0,5,0,0,0,0,25,0,0,8,9,17,0,0,1,1,0,0,0,0,0,0,9,0,0,0,0,9,3,3,0,0,1,0,0,0,0,14,0,0,1,4,5,0,0,0,0,0,0,0,0,0,0,0,0,0,0,0,0,0,0,0,0,0,0,0,0,0,0,0,0,0,0,0,0,0,0,0,0,0,0,0,0,0,0,0,0,0,0,0,0,0,0,0,0,0,0,0,0,0,0,0,0,0,0
Sp: Washtenaw County,2017-03-01,Michigan,0,MI81081,breakdown offenses,normal return,normal return,normal return,normal return,normal return,breakdown offenses,breakdown offenses,breakdown offenses,0,0,0,0,0,1,1,0,0,0,0,0,0,7,0,0,0,1,6,1,1,0,0,3,3,3,0,0,15,0,1,2,7,9,0,0,6,6,0,0,0,0,0,0,8,0,0,1,1,6,1,1,0,0,1,0,0,0,0,16,0,2,8,2,10,0,0,0,0,0,0,0,0,0,0,2,0,0,0,0,2,0,0,0,0,0,0,0,0,0,2,0,0,0,0,0,0,0,0,0,0,0,0,0,0,0,0,0,0,0,0,0,0,0,0,0,0,0,0,0,0,0,0,0,0,0,0
Sp: Washtenaw County,2017-04-01,Michigan,0,MI81081,breakdown offenses,normal return,normal return,normal return,normal return,normal return,breakdown offenses,breakdown offenses,breakdown offenses,0,0,0,0,0,1,1,0,0,0,0,0,0,15,2,0,0,0,13,1,1,0,0,8,0,0,0,0,25,0,2,3,9,12,0,0,0,0,0,0,0,0,0,0,11,2,0,1,0,8,0,0,0,0,3,1,1,0,0,15,0,3,3,4,7,0,0,0,0,0,0,0,0,0,0,0,0,0,0,0,0,0,0,0,0,0,0,0,0,0,0,0,0,0,0,0,0,0,0,0,0,0,0,0,0,0,0,0,0,0,0,0,0,0,0,0,0,0,0,0,0,0,0,0,0,0,0
Sp: Washtenaw County,2017-05-01,Michigan,0,MI81081,breakdown offenses,normal return,normal return,normal return,normal return,normal return,breakdown offenses,breakdown offenses,breakdown offenses,0,0,0,0,0,0,0,0,1,1,0,0,0,13,1,0,1,2,9,5,4,1,0,8,4,4,0,0,31,0,4,5,17,22,0,0,0,0,0,1,1,0,0,0,9,1,0,1,2,5,1,1,0,0,1,1,1,0,0,13,0,4,5,3,8,0,0,0,0,0,0,0,0,0,0,0,0,0,0,0,0,0,0,0,0,0,0,0,0,0,0,0,0,0,0,0,0,0,0,0,0,0,0,0,0,0,0,0,0,0,0,0,0,0,0,0,0,0,0,0,0,0,0,0,0,0,0
Sp: Washtenaw County,2017-06-01,Michigan,0,MI81081,breakdown offenses,normal return,normal return,normal return,normal return,normal return,breakdown offenses,breakdown offenses,breakdown offenses,0,0,0,0,0,1,1,0,0,0,0,0,0,10,1,0,0,0,9,2,2,0,0,2,3,3,0,0,18,0,1,2,7,9,0,0,0,0,0,0,0,0,0,0,12,0,0,0,0,12,2,2,0,0,1,2,2,0,0,17,0,0,0,5,5,0,0,0,0,0,0,0,0,0,0,0,0,0,0,0,0,0,0,0,0,0,0,0,0,0,0,0,0,0,0,0,0,0,0,0,0,0,0,0,0,0,0,0,0,0,0,0,0,0,0,0,0,0,0,0,0,0,0,0,0,0,0
Sp: Washtenaw County,2017-07-01,Michigan,0,MI81081,breakdown offenses,normal return,normal return,normal return,normal return,normal return,breakdown offenses,breakdown offenses,breakdown offenses,0,0,0,0,0,2,2,0,0,0,0,0,0,8,0,0,1,0,7,4,4,0,0,0,2,2,0,0,16,0,1,3,6,9,0,0,0,0,0,0,0,0,0,0,13,2,0,1,1,9,1,1,0,0,2,1,1,0,0,17,0,4,4,4,8,0,0,0,0,0,0,0,0,0,0,1,0,0,0,0,1,0,0,0,0,0,1,1,0,0,2,0,0,0,1,1,0,0,0,0,0,0,0,0,0,0,0,0,0,0,0,0,0,0,0,0,0,0,0,0,0,0,0,0,0,0,0
Sp: Washtenaw County,2017-08-01,Michigan,0,MI81081,breakdown offenses,normal return,normal return,normal return,normal return,normal return,breakdown offenses,breakdown offenses,breakdown offenses,0,0,0,0,0,0,0,0,0,0,0,0,0,10,0,0,1,1,8,6,6,0,0,10,3,3,0,0,29,0,2,2,19,21,0,0,0,0,0,0,0,0,0,0,8,0,0,1,0,7,1,0,1,0,1,0,0,0,0,10,0,1,1,2,3,0,0,0,0,0,0,0,0,0,0,0,0,0,0,0,0,0,0,0,0,0,0,0,0,0,0,0,0,0,0,0,0,0,0,0,0,0,0,0,0,0,0,0,0,0,0,0,0,0,0,0,0,0,0,0,0,0,0,0,0,0,0
Sp: Washtenaw County,2017-09-01,Michigan,0,MI81081,breakdown offenses,normal return,normal return,normal return,normal return,normal return,breakdown offenses,breakdown offenses,breakdown offenses,0,0,0,0,0,1,1,0,1,0,1,0,0,7,0,1,0,0,6,4,4,0,0,3,0,0,0,0,16,0,1,3,7,10,0,0,1,1,0,0,0,0,0,0,6,0,0,1,0,5,0,0,0,0,1,0,0,0,0,8,0,1,2,1,3,0,0,0,0,0,0,0,0,0,0,0,0,0,0,0,0,0,0,0,0,0,0,0,0,0,0,0,0,0,0,0,0,0,0,0,0,0,0,0,0,0,0,0,0,0,0,0,0,0,0,0,0,0,0,0,0,0,0,0,0,0,0
Sp: Washtenaw County,2017-10-01,Michigan,0,MI81081,breakdown offenses,normal return,normal return,normal return,normal return,normal return,breakdown offenses,breakdown offenses,breakdown offenses,0,0,0,0,0,0,0,0,1,0,0,0,1,19,0,0,3,2,14,3,3,0,0,4,3,3,0,0,30,0,5,6,10,16,0,0,0,0,0,1,0,0,0,1,19,0,1,1,2,15,1,1,0,0,0,3,3,0,0,24,0,4,5,4,9,0,0,0,0,0,0,0,0,0,0,1,0,0,1,0,0,0,0,0,0,0,2,2,0,0,3,0,1,1,2,3,0,0,0,0,0,0,0,0,0,0,0,0,0,0,0,0,0,0,0,0,0,0,0,0,0,0,0,0,0,0,0
Sp: Washtenaw County,2017-11-01,Michigan,0,MI81081,breakdown offenses,normal return,normal return,normal return,normal return,normal return,breakdown offenses,breakdown offenses,breakdown offenses,0,0,0,0,0,1,1,0,0,0,0,0,0,12,1,0,0,1,10,3,2,1,0,6,2,2,0,0,24,0,2,3,11,14,0,0,2,2,0,0,0,0,0,0,8,0,0,0,0,8,2,2,0,0,2,1,1,0,0,15,0,0,2,5,7,0,0,1,1,0,0,0,0,0,0,0,0,0,0,0,0,0,0,0,0,0,0,0,0,0,1,0,0,1,0,1,0,0,0,0,0,0,0,0,0,0,0,0,0,0,0,0,0,0,0,0,0,0,0,0,0,0,0,0,0,0,0
Sp: Washtenaw County,2017-12-01,Michigan,0,MI81081,breakdown offenses,normal return,normal return,normal return,normal return,normal return,breakdown offenses,breakdown offenses,breakdown offenses,0,0,0,0,0,0,0,0,0,0,0,0,0,9,0,0,2,2,5,7,6,0,1,2,2,2,0,0,20,0,4,4,11,15,0,0,0,0,0,0,0,0,0,0,6,0,0,1,1,4,1,1,0,0,0,0,0,0,0,7,0,2,2,1,3,0,0,0,0,0,0,0,0,0,0,0,0,0,0,0,0,0,0,0,0,0,0,0,0,0,0,0,0,0,0,0,0,0,0,0,0,0,0,0,0,0,0,0,0,0,0,0,0,0,0,0,0,0,0,0,0,0,0,0,0,0,0
Sp: Washtenaw County,2018-01-01,Michigan,0,MI81081,breakdown offenses,normal return,normal return,normal return,normal return,normal return,breakdown offenses,breakdown offenses,breakdown offenses,0,0,0,0,0,3,3,0,1,0,1,0,0,6,0,0,0,0,6,0,0,0,0,1,4,4,0,0,15,0,0,4,5,9,0,0,0,0,0,0,0,0,0,0,6,0,0,0,1,5,1,1,0,0,0,1,1,0,0,8,0,1,1,2,3,0,0,0,0,0,0,0,0,0,0,1,0,0,0,0,1,1,1,0,0,0,0,0,0,0,2,0,0,0,1,1,0,0,0,0,0,0,0,0,0,0,0,0,0,0,0,0,0,0,0,0,0,0,0,0,0,0,0,0,0,0,0
Sp: Washtenaw County,2018-02-01,Michigan,0,MI81081,breakdown offenses,normal return,normal return,normal return,normal return,normal return,breakdown offenses,breakdown offenses,breakdown offenses,0,0,0,0,0,3,3,0,0,0,0,0,0,10,1,0,1,0,8,3,3,0,0,1,1,1,0,0,18,0,2,5,5,10,0,0,0,0,0,0,0,0,0,0,8,0,0,1,0,7,5,5,0,0,0,1,1,0,0,14,0,1,1,6,7,0,0,0,0,0,0,0,0,0,0,0,0,0,0,0,0,0,0,0,0,0,0,0,0,0,0,0,0,0,0,0,0,0,0,0,0,0,0,0,0,0,0,0,0,0,0,0,0,0,0,0,0,0,0,0,0,0,0,0,0,0,0
Sp: Washtenaw County,2018-03-01,Michigan,0,MI81081,breakdown offenses,normal return,normal return,normal return,normal return,normal return,breakdown offenses,breakdown offenses,breakdown offenses,0,0,0,0,0,2,2,0,0,0,0,0,0,16,0,0,1,0,15,7,7,0,0,3,1,1,0,0,29,0,1,3,11,14,0,0,0,0,0,0,0,0,0,0,8,0,0,1,0,7,1,1,0,0,1,2,2,0,0,12,0,1,1,4,5,0,0,0,0,0,0,0,0,0,0,1,0,0,0,0,1,0,0,0,0,0,1,1,0,0,2,0,0,0,1,1,0,0,0,0,0,0,0,0,0,0,0,0,0,0,0,0,0,0,0,0,0,0,0,0,0,0,0,0,0,0,0
Sp: Washtenaw County,2018-04-01,Michigan,0,MI81081,breakdown offenses,normal return,normal return,normal return,normal return,normal return,breakdown offenses,breakdown offenses,breakdown offenses,0,0,0,0,0,1,1,0,1,0,0,1,0,20,1,3,0,1,15,6,6,0,0,5,2,2,0,0,35,0,5,7,13,20,0,0,1,1,0,0,0,0,0,0,14,0,1,0,0,13,1,1,0,0,1,5,5,0,0,22,0,1,2,7,9,0,0,1,1,0,0,0,0,0,0,0,0,0,0,0,0,0,0,0,0,0,1,1,0,0,2,0,0,1,1,2,0,0,0,0,0,0,0,0,0,0,0,0,0,0,0,0,0,0,0,0,0,0,0,0,0,0,0,0,0,0,0
Sp: Washtenaw County,2018-05-01,Michigan,0,MI81081,breakdown offenses,normal return,normal return,normal return,normal return,normal return,breakdown offenses,breakdown offenses,breakdown offenses,0,0,0,1,0,5,5,0,0,0,0,0,0,20,0,0,0,2,18,3,3,0,0,9,3,3,0,0,41,0,2,8,15,23,0,0,0,0,0,0,0,0,0,0,11,0,0,0,0,11,0,0,0,0,0,1,1,0,0,12,0,0,0,1,1,0,0,0,0,0,0,0,0,0,0,1,0,0,0,0,1,0,0,0,0,0,1,1,0,0,2,0,0,0,1,1,0,0,0,0,0,0,0,0,0,0,0,0,0,0,0,0,0,0,0,0,0,0,0,0,0,0,0,0,0,0,0
Sp: Washtenaw County,2018-06-01,Michigan,0,MI81081,breakdown offenses,normal return,normal return,normal return,normal return,normal return,breakdown offenses,breakdown offenses,breakdown offenses,0,0,0,0,0,4,4,0,0,0,0,0,0,18,2,0,0,1,15,6,5,1,0,7,0,0,0,0,35,0,3,7,13,20,0,0,0,0,0,0,0,0,0,0,25,2,1,1,0,21,1,1,0,0,2,0,0,0,0,28,0,4,4,3,7,0,0,0,0,0,0,0,0,0,0,1,0,0,0,0,1,0,0,0,0,0,0,0,0,0,1,0,0,0,0,0,0,0,0,0,0,0,0,0,0,0,0,0,0,0,0,0,0,0,0,0,0,0,0,0,0,0,0,0,0,0,0
Sp: Washtenaw County,2018-07-01,Michigan,0,MI81081,breakdown offenses,normal return,normal return,normal return,normal return,normal return,breakdown offenses,breakdown offenses,breakdown offenses,0,0,0,0,0,1,1,0,0,0,0,0,0,13,1,0,1,1,10,2,2,0,0,7,3,2,1,0,26,0,3,4,12,16,0,0,2,2,0,0,0,0,0,0,11,0,1,0,2,8,1,1,0,0,0,2,2,0,0,16,0,3,5,3,8,0,0,1,1,0,0,0,0,0,0,1,0,0,0,0,1,0,0,0,0,0,0,0,0,0,2,0,0,1,0,1,0,0,0,0,0,0,0,0,0,0,0,0,0,0,0,0,0,0,0,0,0,0,0,0,0,0,0,0,0,0,0
Sp: Washtenaw County,2018-08-01,Michigan,0,MI81081,breakdown offenses,normal return,normal return,normal return,normal return,normal return,breakdown offenses,breakdown offenses,breakdown offenses,0,0,0,0,0,0,0,0,0,0,0,0,0,17,3,0,0,2,12,14,14,0,0,8,2,2,0,0,41,0,5,5,24,29,0,0,1,1,0,0,0,0,0,0,6,1,0,1,0,4,1,1,0,0,0,0,0,0,0,8,0,2,3,1,4,0,0,0,0,0,0,0,0,0,0,0,0,0,0,0,0,0,0,0,0,0,0,0,0,0,0,0,0,0,0,0,0,0,0,0,0,0,0,0,0,0,0,0,0,0,0,0,0,0,0,0,0,0,0,0,0,0,0,0,0,0,0
Sp: Washtenaw County,2018-09-01,Michigan,0,MI81081,breakdown offenses,normal return,normal return,normal return,normal return,normal return,breakdown offenses,breakdown offenses,breakdown offenses,0,0,0,0,0,4,4,0,0,0,0,0,0,12,2,0,1,1,8,6,6,0,0,7,2,2,0,0,31,0,4,8,15,23,1,0,2,2,0,0,0,0,0,0,7,2,0,0,1,4,0,0,0,0,2,0,0,0,0,12,0,3,6,2,8,0,0,2,2,0,0,0,0,0,0,0,0,0,0,0,0,0,0,0,0,0,0,0,0,0,2,0,0,2,0,2,0,0,0,0,0,0,0,0,0,0,0,0,0,0,0,0,0,0,0,0,0,0,0,0,0,0,0,0,0,0,0
Sp: Washtenaw County,2018-10-01,Michigan,0,MI81081,breakdown offenses,normal return,normal return,normal return,normal return,normal return,breakdown offenses,breakdown offenses,breakdown offenses,0,0,0,0,0,7,7,0,0,0,0,0,0,20,4,0,0,0,16,5,5,0,0,8,3,3,0,0,43,0,4,11,16,27,0,0,1,1,0,0,0,0,0,0,15,1,0,0,1,13,2,2,0,0,1,0,0,0,0,19,0,2,3,3,6,0,0,0,0,0,0,0,0,0,0,0,0,0,0,0,0,0,0,0,0,0,0,0,0,0,0,0,0,0,0,0,0,0,0,0,0,0,0,0,0,0,0,0,0,0,0,0,0,0,0,0,0,0,0,0,0,0,0,0,0,0,0
Sp: Washtenaw County,2018-11-01,Michigan,0,MI81081,breakdown offenses,normal return,normal return,normal return,normal return,normal return,breakdown offenses,breakdown offenses,breakdown offenses,0,0,0,0,0,2,2,0,0,0,0,0,0,11,1,0,0,1,9,3,3,0,0,3,2,2,0,0,21,0,2,4,8,12,0,0,1,1,0,1,0,0,1,0,14,2,0,0,1,11,0,0,0,0,1,2,2,0,0,19,0,3,5,3,8,0,0,1,1,0,0,0,0,0,0,1,0,0,0,0,1,0,0,0,0,0,0,0,0,0,2,0,0,1,0,1,0,0,0,0,0,0,0,0,0,0,0,0,0,0,0,0,0,0,0,0,0,0,0,0,0,0,0,0,0,0,0
Sp: Washtenaw County,2018-12-01,Michigan,0,MI81081,breakdown offenses,normal return,normal return,normal return,normal return,normal return,breakdown offenses,breakdown offenses,breakdown offenses,0,0,0,0,0,2,2,0,0,0,0,0,0,13,0,1,0,0,12,2,2,0,0,6,1,1,0,0,24,0,1,3,9,12,0,0,0,0,0,0,0,0,0,0,15,2,0,0,0,13,2,2,0,0,2,2,1,1,0,21,0,2,2,6,8,0,0,0,0,0,0,0,0,0,0,1,0,0,0,0,1,0,0,0,0,0,0,0,0,0,1,0,0,0,0,0,0,0,0,0,0,0,0,0,0,0,0,0,0,0,0,0,0,0,0,0,0,0,0,0,0,0,0,0,0,0,0
Sp: Washtenaw County,2019-01-01,Michigan,0,MI81081,breakdown offenses,normal return,normal return,normal return,normal return,normal return,breakdown offenses,breakdown offenses,breakdown offenses,0,0,0,0,0,1,1,0,0,0,0,0,0,8,3,0,0,0,5,6,6,0,0,5,0,0,0,0,20,0,3,4,11,15,0,0,0,0,0,0,0,0,0,0,12,2,1,0,1,8,3,3,0,0,1,0,0,0,0,16,0,4,4,4,8,0,0,0,0,0,0,0,0,0,0,0,0,0,0,0,0,0,0,0,0,0,0,0,0,0,0,0,0,0,0,0,0,0,0,0,0,0,0,0,0,0,0,0,0,0,0,0,0,0,0,0,0,0,0,0,0,0,0,0,0,0,0
Sp: Washtenaw County,2019-02-01,Michigan,0,MI81081,breakdown offenses,normal return,normal return,normal return,normal return,normal return,breakdown offenses,breakdown offenses,breakdown offenses,0,0,0,0,0,1,1,0,0,0,0,0,0,14,1,0,1,1,11,4,4,0,0,4,0,0,0,0,23,0,3,4,8,12,0,0,3,3,0,0,0,0,0,0,12,1,0,0,0,11,1,1,0,0,2,0,0,0,0,18,0,1,4,3,7,0,0,0,0,0,0,0,0,0,0,0,0,0,0,0,0,0,0,0,0,0,0,0,0,0,0,0,0,0,0,0,0,0,0,0,0,0,0,0,0,0,0,0,0,0,0,0,0,0,0,0,0,0,0,0,0,0,0,0,0,0,0
Sp: Washtenaw County,2019-03-01,Michigan,0,MI81081,breakdown offenses,normal return,normal return,normal return,normal return,normal return,breakdown offenses,breakdown offenses,breakdown offenses,0,0,0,0,0,2,2,0,0,0,0,0,0,13,0,1,2,1,9,3,3,0,0,3,0,0,0,0,21,0,4,6,6,12,0,0,0,0,0,0,0,0,0,0,7,0,1,0,0,6,3,3,0,0,1,0,0,0,0,11,0,1,1,4,5,0,0,0,0,0,0,0,0,0,0,0,0,0,0,0,0,0,0,0,0,0,0,0,0,0,0,0,0,0,0,0,0,0,0,0,0,0,0,0,0,0,0,0,0,0,0,0,0,0,0,0,0,0,0,0,0,0,0,0,0,0,0
Sp: Washtenaw County,2019-04-01,Michigan,0,MI81081,breakdown offenses,normal return,normal return,normal return,normal return,normal return,breakdown offenses,breakdown offenses,breakdown offenses,0,0,0,0,0,1,1,0,0,0,0,0,0,10,1,0,0,0,9,5,5,0,0,4,0,0,0,0,20,0,1,2,9,11,0,0,2,2,0,0,0,0,0,0,9,0,0,0,1,8,3,3,0,0,3,0,0,0,0,17,0,1,3,6,9,0,0,1,1,0,0,0,0,0,0,0,0,0,0,0,0,0,0,0,0,1,0,0,0,0,2,0,0,1,1,2,0,0,0,0,0,0,0,0,0,0,0,0,0,0,0,0,0,0,0,0,0,0,0,0,0,0,0,0,0,0,0
Sp: Washtenaw County,2019-05-01,Michigan,0,MI81081,breakdown offenses,normal return,normal return,normal return,normal return,normal return,breakdown offenses,breakdown offenses,breakdown offenses,0,0,0,0,0,3,3,0,0,0,0,0,0,9,0,0,0,0,9,7,7,0,0,5,2,2,0,0,26,0,0,3,14,17,0,0,0,0,0,0,0,0,0,0,9,0,0,2,0,7,1,1,0,0,2,1,1,0,0,13,0,2,2,4,6,0,0,0,0,0,0,0,0,0,0,1,0,0,0,0,1,0,0,0,0,0,1,1,0,0,2,0,0,0,1,1,0,0,0,0,0,0,0,0,0,0,0,0,0,0,0,0,0,0,0,0,0,0,0,0,0,0,0,0,0,0,0
Sp: Washtenaw County,2019-06-01,Michigan,0,MI81081,breakdown offenses,normal return,normal return,normal return,normal return,normal return,breakdown offenses,breakdown offenses,breakdown offenses,0,0,0,0,0,3,2,1,1,0,0,0,1,15,1,0,1,3,10,6,6,0,0,4,2,1,0,1,31,0,5,9,12,21,0,0,4,4,0,0,0,0,0,0,11,0,0,0,4,7,2,2,0,0,2,1,1,0,0,20,0,4,8,5,13,0,0,0,0,0,0,0,0,0,0,0,0,0,0,0,0,0,0,0,0,0,0,0,0,0,0,0,0,0,0,0,0,0,0,0,0,0,0,0,0,0,0,0,0,0,0,0,0,0,0,0,0,0,0,0,0,0,0,0,0,0,0
Sp: Washtenaw County,2019-07-01,Michigan,0,MI81081,breakdown offenses,normal return,normal return,normal return,normal return,normal return,breakdown offenses,breakdown offenses,breakdown offenses,0,0,0,0,0,5,5,0,0,0,0,0,0,24,9,0,2,4,9,5,5,0,0,9,1,1,0,0,44,0,15,20,15,35,0,0,2,2,0,0,0,0,0,0,19,9,0,1,0,9,1,1,0,0,1,1,1,0,0,24,0,10,12,3,15,0,0,1,1,0,0,0,0,0,0,0,0,0,0,0,0,0,0,0,0,0,0,0,0,0,1,0,0,1,0,1,0,0,0,0,0,0,0,0,0,0,0,0,0,0,0,0,0,0,0,0,0,0,0,0,0,0,0,0,0,0,0
Sp: Washtenaw County,2019-08-01,Michigan,0,MI81081,breakdown offenses,normal return,normal return,normal return,normal return,normal return,breakdown offenses,breakdown offenses,breakdown offenses,0,0,0,0,0,5,5,0,0,0,0,0,0,18,1,0,2,0,15,2,2,0,0,11,3,2,0,1,39,0,3,8,16,24,0,0,1,1,0,0,0,0,0,0,10,0,0,2,0,8,2,2,0,0,4,0,0,0,0,17,0,2,3,6,9,0,0,1,1,0,0,0,0,0,0,1,0,0,0,0,1,0,0,0,0,1,0,0,0,0,3,0,0,1,1,2,0,0,0,0,0,0,0,0,0,0,0,0,0,0,0,0,0,0,0,0,0,0,0,0,0,0,0,0,0,0,0
Sp: Washtenaw County,2019-09-01,Michigan,0,MI81081,breakdown offenses,normal return,normal return,normal return,normal return,normal return,breakdown offenses,breakdown offenses,breakdown offenses,0,0,0,0,0,7,7,0,0,0,0,0,0,12,0,0,0,1,11,6,6,0,0,6,2,2,0,0,33,0,1,8,14,22,0,0,3,3,0,0,0,0,0,0,9,0,0,2,0,7,0,0,0,0,0,1,1,0,0,13,0,2,5,1,6,0,0,0,0,0,0,0,0,0,0,0,0,0,0,0,0,0,0,0,0,0,0,0,0,0,0,0,0,0,0,0,0,0,0,0,0,0,0,0,0,0,0,0,0,0,0,0,0,0,0,0,0,0,0,0,0,0,0,0,0,0,0
Sp: Washtenaw County,2019-10-01,Michigan,0,MI81081,breakdown offenses,normal return,normal return,normal return,normal return,normal return,breakdown offenses,breakdown offenses,breakdown offenses,0,0,0,0,0,1,1,0,0,0,0,0,0,17,2,1,1,0,13,1,0,1,0,6,1,1,0,0,26,0,4,5,8,13,0,0,7,7,0,0,0,0,0,0,4,1,0,0,0,3,0,0,0,0,2,0,0,0,0,13,0,1,8,2,10,0,0,0,0,0,0,0,0,0,0,0,0,0,0,0,0,0,0,0,0,0,0,0,0,0,0,0,0,0,0,0,0,0,0,0,0,0,0,0,0,0,0,0,0,0,0,0,0,0,0,0,0,0,0,0,0,0,0,0,0,0,0
Sp: Washtenaw County,2019-11-01,Michigan,0,MI81081,breakdown offenses,normal return,normal return,normal return,normal return,normal return,breakdown offenses,breakdown offenses,breakdown offenses,0,0,0,0,0,3,3,0,0,0,0,0,0,15,6,0,2,0,7,1,1,0,0,8,1,1,0,0,28,0,8,11,10,21,0,0,1,1,0,0,0,0,0,0,10,4,0,2,0,4,2,2,0,0,1,0,0,0,0,14,0,6,7,3,10,0,0,0,0,0,0,0,0,0,0,1,0,0,0,0,1,0,0,0,0,0,0,0,0,0,1,0,0,0,0,0,0,0,0,0,0,0,0,0,0,0,0,0,0,0,0,0,0,0,0,0,0,0,0,0,0,0,0,0,0,0,0
Sp: Washtenaw County,2019-12-01,Michigan,0,MI81081,breakdown offenses,normal return,normal return,normal return,normal return,normal return,breakdown offenses,breakdown offenses,breakdown offenses,0,0,0,0,0,2,2,0,0,0,0,0,0,19,0,1,6,1,11,11,11,0,0,5,2,2,0,0,39,0,8,10,18,28,0,0,3,3,0,0,0,0,0,0,12,1,0,0,0,11,0,0,0,0,2,1,1,0,0,18,0,1,4,3,7,0,0,0,0,0,0,0,0,0,0,2,0,0,0,0,2,0,0,0,0,0,0,0,0,0,2,0,0,0,0,0,0,0,0,0,0,0,0,0,0,0,0,0,0,0,0,0,0,0,0,0,0,0,0,0,0,0,0,0,0,0,0
Sp: Washtenaw County,2019-01-01,Michigan,0,MI81081,breakdown offenses,normal return,normal return,normal return,normal return,normal return,breakdown offenses,breakdown offenses,breakdown offenses,0,0,0,0,0,1,1,0,0,0,0,0,0,7,2,0,0,0,5,6,6,0,0,5,0,0,0,0,19,0,2,3,11,14,0,0,0,0,0,0,0,0,0,0,11,1,1,0,1,8,3,3,0,0,1,0,0,0,0,15,0,3,3,4,7,0,0,0,0,0,0,0,0,0,0,0,0,0,0,0,0,0,0,0,0,0,0,0,0,0,0,0,0,0,0,0,0,0,0,0,0,0,0,0,0,0,0,0,0,0,0,0,0,0,0,0,0,0,0,0,0,0,0,0,0,0,0
Sp: Washtenaw County,2019-02-01,Michigan,0,MI81081,breakdown offenses,normal return,normal return,normal return,normal return,normal return,breakdown offenses,breakdown offenses,breakdown offenses,0,0,0,0,0,1,1,0,0,0,0,0,0,15,1,1,1,1,11,4,4,0,0,4,0,0,0,0,24,0,4,5,8,13,0,0,3,3,0,0,0,0,0,0,12,1,0,0,0,11,1,1,0,0,2,0,0,0,0,18,0,1,4,3,7,0,0,0,0,0,0,0,0,0,0,0,0,0,0,0,0,0,0,0,0,0,0,0,0,0,0,0,0,0,0,0,0,0,0,0,0,0,0,0,0,0,0,0,0,0,0,0,0,0,0,0,0,0,0,0,0,0,0,0,0,0,0
Sp: Washtenaw County,2019-03-01,Michigan,0,MI81081,breakdown offenses,normal return,normal return,normal return,normal return,normal return,breakdown offenses,breakdown offenses,breakdown offenses,0,0,0,0,0,2,2,0,0,0,0,0,0,12,0,0,2,1,9,3,3,0,0,3,0,0,0,0,20,0,3,5,6,11,0,0,0,0,0,0,0,0,0,0,6,0,0,0,0,6,3,3,0,0,1,1,0,0,0,11,0,0,0,5,5,0,0,0,0,0,0,0,0,0,0,0,0,0,0,0,0,0,0,0,0,0,0,0,0,0,0,0,0,0,0,0,0,0,0,0,0,0,0,0,0,0,0,0,0,0,0,0,0,0,0,0,0,0,0,0,0,0,0,0,0,0,0
Sp: Washtenaw County,2019-04-01,Michigan,0,MI81081,breakdown offenses,normal return,normal return,normal return,normal return,normal return,breakdown offenses,breakdown offenses,breakdown offenses,0,0,0,0,0,1,1,0,0,0,0,0,0,14,1,0,0,4,9,5,5,0,0,5,0,0,0,0,25,0,5,6,10,16,0,0,1,1,0,0,0,0,0,0,9,0,0,0,1,8,2,2,0,0,3,0,0,0,0,15,0,1,2,5,7,0,0,0,0,0,0,0,0,0,0,0,0,0,0,0,0,0,0,0,0,1,0,0,0,0,1,0,0,0,1,1,0,0,0,0,0,0,0,0,0,0,0,0,0,0,0,0,0,0,0,0,0,0,0,0,0,0,0,0,0,0,0
Sp: Washtenaw County,2019-05-01,Michigan,0,MI81081,breakdown offenses,normal return,normal return,normal return,normal return,normal return,breakdown offenses,breakdown offenses,breakdown offenses,0,0,0,0,0,3,3,0,0,0,0,0,0,10,1,0,0,0,9,7,7,0,0,5,2,2,0,0,27,0,1,4,14,18,0,0,0,0,0,0,0,0,0,0,9,0,0,2,0,7,1,1,0,0,2,1,1,0,0,13,0,2,2,4,6,0,0,0,0,0,0,0,0,0,0,1,0,0,0,0,1,0,0,0,0,0,1,1,0,0,2,0,0,0,1,1,0,0,0,0,0,0,0,0,0,0,0,0,0,0,0,0,0,0,0,0,0,0,0,0,0,0,0,0,0,0,0
Sp: Washtenaw County,2019-06-01,Michigan,0,MI81081,breakdown offenses,normal return,normal return,normal return,normal return,normal return,breakdown offenses,breakdown offenses,breakdown offenses,0,0,0,0,0,3,2,1,1,0,0,0,1,16,1,0,1,3,11,6,6,0,0,5,1,1,0,0,32,0,5,9,12,21,0,0,3,3,0,0,0,0,0,0,10,0,0,0,3,7,2,2,0,0,2,1,1,0,0,18,0,3,6,5,11,0,0,0,0,0,0,0,0,0,0,0,0,0,0,0,0,0,0,0,0,0,0,0,0,0,0,0,0,0,0,0,0,0,0,0,0,0,0,0,0,0,0,0,0,0,0,0,0,0,0,0,0,0,0,0,0,0,0,0,0,0,0
Sp: Washtenaw County,2019-07-01,Michigan,0,MI81081,breakdown offenses,normal return,normal return,normal return,normal return,normal return,breakdown offenses,breakdown offenses,breakdown offenses,0,0,0,0,0,5,5,0,0,0,0,0,0,20,9,0,2,0,9,5,5,0,0,9,1,1,0,0,40,0,11,16,15,31,0,0,2,2,0,0,0,0,0,0,19,9,0,1,0,9,1,1,0,0,1,1,1,0,0,24,0,10,12,3,15,0,0,1,1,0,0,0,0,0,0,0,0,0,0,0,0,0,0,0,0,0,0,0,0,0,1,0,0,1,0,1,0,0,0,0,0,0,0,0,0,0,0,0,0,0,0,0,0,0,0,0,0,0,0,0,0,0,0,0,0,0,0
Sp: Washtenaw County,2019-08-01,Michigan,0,MI81081,breakdown offenses,normal return,normal return,normal return,normal return,normal return,breakdown offenses,breakdown offenses,breakdown offenses,0,0,0,0,0,5,5,0,0,0,0,0,0,17,1,0,2,0,14,2,2,0,0,11,3,2,0,1,38,0,3,8,16,24,0,0,1,1,0,0,0,0,0,0,10,0,0,2,0,8,1,1,0,0,4,0,0,0,0,16,0,2,3,5,8,0,0,1,1,0,0,0,0,0,0,1,0,0,0,0,1,0,0,0,0,1,0,0,0,0,3,0,0,1,1,2,0,0,0,0,0,0,0,0,0,0,0,0,0,0,0,0,0,0,0,0,0,0,0,0,0,0,0,0,0,0,0
Sp: Washtenaw County,2019-09-01,Michigan,0,MI81081,breakdown offenses,normal return,normal return,normal return,normal return,normal return,breakdown offenses,breakdown offenses,breakdown offenses,0,0,0,0,0,8,8,0,0,0,0,0,0,12,0,0,0,1,11,6,6,0,0,6,2,2,0,0,34,0,1,9,14,23,0,0,3,3,0,0,0,0,0,0,8,0,0,1,0,7,0,0,0,0,0,1,1,0,0,12,0,1,4,1,5,0,0,0,0,0,0,0,0,0,0,0,0,0,0,0,0,0,0,0,0,0,0,0,0,0,0,0,0,0,0,0,0,0,0,0,0,0,0,0,0,0,0,0,0,0,0,0,0,0,0,0,0,0,0,0,0,0,0,0,0,0,0
Sp: Washtenaw County,2019-10-01,Michigan,0,MI81081,breakdown offenses,normal return,normal return,normal return,normal return,normal return,breakdown offenses,breakdown offenses,breakdown offenses,0,0,0,0,0,2,2,0,0,0,0,0,0,17,2,1,1,0,13,2,1,1,0,7,1,1,0,0,29,0,4,6,10,16,0,0,2,2,0,0,0,0,0,0,4,1,0,0,0,3,0,0,0,0,2,0,0,0,0,8,0,1,3,2,5,0,0,0,0,0,0,0,0,0,0,0,0,0,0,0,0,0,0,0,0,0,0,0,0,0,0,0,0,0,0,0,0,0,0,0,0,0,0,0,0,0,0,0,0,0,0,0,0,0,0,0,0,0,0,0,0,0,0,0,0,0,0
Sp: Washtenaw County,2019-11-01,Michigan,0,MI81081,breakdown offenses,normal return,normal return,normal return,normal return,normal return,breakdown offenses,breakdown offenses,breakdown offenses,0,0,0,0,0,2,2,0,0,0,0,0,0,15,6,0,2,0,7,1,1,0,0,9,1,1,0,0,28,0,8,10,11,21,0,0,1,1,0,0,0,0,0,0,9,4,0,2,0,3,0,0,0,0,1,0,0,0,0,11,0,6,7,1,8,0,0,0,0,0,0,0,0,0,0,1,0,0,0,0,1,0,0,0,0,0,0,0,0,0,1,0,0,0,0,0,0,0,0,0,0,0,0,0,0,0,0,0,0,0,0,0,0,0,0,0,0,0,0,0,0,0,0,0,0,0,0
Sp: Washtenaw County,2019-12-01,Michigan,0,MI81081,breakdown offenses,normal return,normal return,normal return,normal return,normal return,breakdown offenses,breakdown offenses,breakdown offenses,0,0,0,0,0,2,2,0,0,0,0,0,0,19,0,1,6,1,11,12,11,1,0,5,4,4,0,0,42,0,8,10,21,31,0,0,3,3,0,0,0,0,0,0,9,1,0,0,0,8,0,0,0,0,2,1,1,0,0,15,0,1,4,3,7,0,0,0,0,0,0,0,0,0,0,0,0,0,0,0,0,0,0,0,0,0,0,0,0,0,0,0,0,0,0,0,0,0,0,0,0,0,0,0,0,0,0,0,0,0,0,0,0,0,0,0,0,0,0,0,0,0,0,0,0,0,0
Sp: Washtenaw County,2020-01-01,Michigan,0,MI81081,breakdown offenses,normal return,normal return,normal return,normal return,normal return,breakdown offenses,breakdown offenses,breakdown offenses,0,0,0,0,0,2,2,0,0,0,0,0,0,14,0,1,1,2,10,3,3,0,0,8,0,0,0,0,27,0,4,6,11,17,0,0,1,1,0,0,0,0,0,0,12,1,0,2,1,8,1,1,0,0,6,0,0,0,0,20,0,4,5,7,12,0,0,0,0,0,0,0,0,0,0,0,0,0,0,0,0,0,0,0,0,0,0,0,0,0,0,0,0,0,0,0,0,0,0,0,0,0,0,0,0,0,0,0,0,0,0,0,0,0,0,0,0,0,0,0,0,0,0,0,0,0,0
Sp: Washtenaw County,2020-02-01,Michigan,0,MI81081,breakdown offenses,normal return,normal return,normal return,normal return,normal return,breakdown offenses,breakdown offenses,breakdown offenses,0,0,0,0,0,1,1,0,0,0,0,0,0,16,0,1,0,0,15,2,2,0,0,5,0,0,0,0,24,0,1,2,7,9,0,0,0,0,0,0,0,0,0,0,15,0,1,0,0,14,1,1,0,0,1,1,1,0,0,18,0,1,1,3,4,0,0,0,0,0,0,0,0,0,0,3,0,0,0,0,3,0,0,0,0,0,0,0,0,0,3,0,0,0,0,0,0,0,0,0,0,0,0,0,0,0,0,0,0,0,0,0,0,0,0,0,0,0,0,0,0,0,0,0,0,0,0
Sp: Washtenaw County,2020-03-01,Michigan,0,MI81081,breakdown offenses,normal return,normal return,normal return,normal return,normal return,breakdown offenses,breakdown offenses,breakdown offenses,0,0,0,0,0,2,2,0,1,0,0,0,1,9,0,0,1,0,8,0,0,0,0,4,2,1,0,1,18,0,1,4,6,10,0,0,0,0,0,0,0,0,0,0,12,0,0,1,0,11,0,0,0,0,1,1,1,0,0,14,0,1,1,2,3,0,0,0,0,0,0,0,0,0,0,1,0,0,0,0,1,0,0,0,0,0,0,0,0,0,1,0,0,0,0,0,0,0,0,0,0,0,0,0,0,0,0,0,0,0,0,0,0,0,0,0,0,0,0,0,0,0,0,0,0,0,0
Sp: Washtenaw County,2020-04-01,Michigan,0,MI81081,breakdown offenses,normal return,normal return,normal return,normal return,normal return,breakdown offenses,breakdown offenses,breakdown offenses,0,0,0,0,0,1,1,0,0,0,0,0,0,10,0,2,0,2,6,5,4,1,0,3,0,0,0,0,19,0,4,5,8,13,0,0,2,2,0,0,0,0,0,0,9,0,0,0,2,7,1,1,0,0,2,0,0,0,0,14,0,2,4,3,7,0,0,1,1,0,0,0,0,0,0,0,0,0,0,0,0,0,0,0,0,1,0,0,0,0,2,0,0,1,1,2,0,0,0,0,0,0,0,0,0,0,0,0,0,0,0,0,0,0,0,0,0,0,0,0,0,0,0,0,0,0,0
Sp: Washtenaw County,2020-05-01,Michigan,0,MI81081,breakdown offenses,normal return,normal return,normal return,normal return,normal return,breakdown offenses,breakdown offenses,breakdown offenses,0,0,0,0,1,1,1,0,0,0,0,0,0,21,2,3,1,0,15,1,1,0,0,4,4,4,0,0,32,0,6,7,9,16,0,0,1,1,0,0,0,0,0,0,12,2,2,2,0,6,1,0,1,0,1,1,1,0,0,16,0,6,7,3,10,0,0,0,0,0,0,0,0,0,0,0,0,0,0,0,0,0,0,0,0,0,1,1,0,0,1,0,0,0,1,1,0,0,0,0,0,0,0,0,0,0,0,0,0,0,0,0,0,0,0,0,0,0,0,0,0,0,0,0,0,0,0
Sp: Washtenaw County,2020-06-01,Michigan,0,MI81081,breakdown offenses,normal return,normal return,normal return,normal return,normal return,breakdown offenses,breakdown offenses,breakdown offenses,0,0,0,0,0,5,5,0,0,0,0,0,0,16,0,1,0,0,15,1,1,0,0,5,0,0,0,0,27,0,1,6,6,12,0,0,0,0,0,0,0,0,0,0,19,1,2,0,1,15,0,0,0,0,0,1,1,0,0,20,0,4,4,1,5,0,0,0,0,0,0,0,0,0,0,0,0,0,0,0,0,0,0,0,0,0,0,0,0,0,0,0,0,0,0,0,0,0,0,0,0,0,0,0,0,0,0,0,0,0,0,0,0,0,0,0,0,0,0,0,0,0,0,0,0,0,0
Sp: Washtenaw County,2020-07-01,Michigan,0,MI81081,breakdown offenses,normal return,normal return,normal return,normal return,normal return,breakdown offenses,breakdown offenses,breakdown offenses,0,0,0,0,0,1,1,0,0,0,0,0,0,18,0,0,0,5,13,2,2,0,0,5,1,1,0,0,27,0,5,6,8,14,0,0,0,0,0,1,0,0,0,1,12,0,0,0,0,12,1,1,0,0,2,1,1,0,0,17,0,0,1,4,5,0,0,0,0,0,0,0,0,0,0,0,0,0,0,0,0,0,0,0,0,0,0,0,0,0,0,0,0,0,0,0,0,0,0,0,0,0,0,0,0,0,0,0,0,0,0,0,0,0,0,0,0,0,0,0,0,0,0,0,0,0,0
Sp: Washtenaw County,2020-08-01,Michigan,0,MI81081,breakdown offenses,normal return,normal return,normal return,normal return,normal return,breakdown offenses,breakdown offenses,breakdown offenses,0,0,0,1,0,3,3,0,0,0,0,0,0,24,7,0,1,1,15,3,2,1,0,5,2,1,0,1,38,0,9,13,10,23,0,0,3,3,0,0,0,0,0,0,18,5,1,0,3,9,0,0,0,0,5,1,1,0,0,27,0,9,12,6,18,0,0,0,0,0,0,0,0,0,0,0,0,0,0,0,0,0,0,0,0,0,0,0,0,0,0,0,0,0,0,0,0,0,0,0,0,0,0,0,0,0,0,0,0,0,0,0,0,0,0,0,0,0,0,0,0,0,0,0,0,0,0
Sp: Washtenaw County,2020-09-01,Michigan,0,MI81081,breakdown offenses,normal return,normal return,normal return,normal return,normal return,breakdown offenses,breakdown offenses,breakdown offenses,0,0,0,0,0,2,2,0,0,0,0,0,0,18,2,0,0,0,16,2,1,0,1,10,0,0,0,0,32,0,2,4,12,16,0,0,3,3,0,0,0,0,0,0,15,1,0,0,4,10,2,2,0,0,2,0,0,0,0,22,0,5,8,4,12,0,0,0,0,0,0,0,0,0,0,0,0,0,0,0,0,0,0,0,0,0,0,0,0,0,0,0,0,0,0,0,0,0,0,0,0,0,0,0,0,0,0,0,0,0,0,0,0,0,0,0,0,0,0,0,0,0,0,0,0,0,0
Sp: Washtenaw County,2020-10-01,Michigan,0,MI81081,breakdown offenses,normal return,normal return,normal return,normal return,normal return,breakdown offenses,breakdown offenses,breakdown offenses,0,0,0,0,0,1,1,0,0,0,0,0,0,16,1,0,3,1,11,5,5,0,0,2,0,0,0,0,24,0,5,6,7,13,0,0,1,1,0,1,0,0,0,1,12,0,0,4,0,8,0,0,0,0,1,0,0,0,0,15,0,4,6,1,7,0,0,0,0,0,0,0,0,0,0,1,0,0,0,0,1,0,0,0,0,0,0,0,0,0,1,0,0,0,0,0,0,0,0,0,0,0,0,0,0,0,0,0,0,0,0,0,0,0,0,0,0,0,0,0,0,0,0,0,0,0,0
Sp: Washtenaw County,2020-11-01,Michigan,0,MI81081,breakdown offenses,normal return,normal return,normal return,normal return,normal return,breakdown offenses,breakdown offenses,breakdown offenses,0,0,0,0,2,1,1,0,0,0,0,0,0,15,4,0,2,3,6,2,2,0,0,9,2,1,0,1,31,0,9,10,13,23,0,0,1,1,0,0,0,0,0,0,11,0,1,1,1,8,1,1,0,0,1,0,0,0,0,14,0,3,4,2,6,0,0,1,1,0,0,0,0,0,0,4,0,1,1,0,2,0,0,0,0,0,0,0,0,0,5,0,2,3,0,3,0,0,0,0,0,0,0,0,0,0,0,0,0,0,0,0,0,0,0,0,0,0,0,0,0,0,0,0,0,0,0
Sp: Washtenaw County,2020-12-01,Michigan,0,MI81081,breakdown offenses,normal return,normal return,normal return,normal return,normal return,breakdown offenses,breakdown offenses,breakdown offenses,0,0,0,0,0,3,3,0,0,0,0,0,0,14,4,0,1,3,6,4,3,0,1,7,1,1,0,0,29,0,8,11,12,23,0,0,0,0,0,0,0,0,0,0,4,0,0,0,2,2,1,1,0,0,1,0,0,0,0,6,0,2,2,2,4,0,0,0,0,0,0,0,0,0,0,0,0,0,0,0,0,0,0,0,0,0,0,0,0,0,0,0,0,0,0,0,0,0,0,0,0,0,0,0,0,0,0,0,0,0,0,0,0,0,0,0,0,0,0,0,0,0,0,0,0,0,0
Sp: Washtenaw County,2021-01-01,Michigan,0,MI81081,breakdown offenses,normal return,normal return,normal return,normal return,normal return,breakdown offenses,breakdown offenses,breakdown offenses,0,0,0,0,0,2,2,0,0,0,0,0,0,15,0,1,1,2,11,3,3,0,0,3,1,1,0,0,24,0,4,6,7,13,0,0,2,2,0,0,0,0,0,0,13,2,1,0,3,7,2,2,0,0,0,1,1,0,0,18,0,6,8,3,11,0,0,0,0,0,0,0,0,0,0,0,0,0,0,0,0,0,0,0,0,0,0,0,0,0,0,0,0,0,0,0,0,0,0,0,0,0,0,0,0,0,0,0,0,0,0,0,0,0,0,0,0,0,0,0,0,0,0,0,0,0,0
Sp: Washtenaw County,2021-02-01,Michigan,0,MI81081,breakdown offenses,normal return,normal return,normal return,normal return,normal return,breakdown offenses,breakdown offenses,breakdown offenses,0,0,0,0,0,2,2,0,1,0,0,0,1,13,3,1,0,1,8,3,3,0,0,2,1,1,0,0,22,0,5,8,6,14,0,0,1,1,0,0,0,0,0,0,10,1,1,0,1,7,2,2,0,0,1,2,2,0,0,16,0,3,4,5,9,0,0,0,0,0,0,0,0,0,0,1,0,1,0,0,0,0,0,0,0,0,0,0,0,0,1,0,1,1,0,1,0,0,0,0,0,0,0,0,0,0,0,0,0,0,0,0,0,0,0,0,0,0,0,0,0,0,0,0,0,0,0
Sp: Washtenaw County,2021-03-01,Michigan,0,MI81081,breakdown offenses,normal return,normal return,normal return,normal return,normal return,breakdown offenses,breakdown offenses,breakdown offenses,0,0,0,0,0,2,2,0,0,0,0,0,0,22,2,1,2,2,15,0,0,0,0,1,6,6,0,0,31,0,7,9,7,16,0,0,0,0,0,0,0,0,0,0,20,2,0,0,5,13,0,0,0,0,1,2,2,0,0,23,0,7,7,3,10,0,0,0,0,0,0,0,0,0,0,1,0,0,0,0,1,0,0,0,0,0,0,0,0,0,1,0,0,0,0,0,0,0,0,0,0,0,0,0,0,0,0,0,0,0,0,0,0,0,0,0,0,0,0,0,0,0,0,0,0,0,0
Sp: Washtenaw County,2021-04-01,Michigan,0,MI81081,breakdown offenses,normal return,normal return,normal return,normal return,normal return,breakdown offenses,breakdown offenses,breakdown offenses,0,0,0,0,0,4,4,0,0,0,0,0,0,17,1,0,0,0,16,1,1,0,0,5,2,1,1,0,29,0,1,5,8,13,0,0,2,2,0,0,0,0,0,0,11,0,0,1,2,8,1,1,0,0,1,0,0,0,0,15,0,3,5,2,7,0,0,1,1,0,0,0,0,0,0,0,0,0,0,0,0,0,0,0,0,0,0,0,0,0,1,0,0,1,0,1,0,0,0,0,0,0,0,0,0,0,0,0,0,0,0,0,0,0,0,0,0,0,0,0,0,0,0,0,0,0,0
Sp: Washtenaw County,2021-05-01,Michigan,0,MI81081,breakdown offenses,normal return,normal return,normal return,normal return,normal return,breakdown offenses,breakdown offenses,breakdown offenses,0,0,0,0,0,4,4,0,0,0,0,0,0,20,0,0,1,1,18,3,3,0,0,8,2,1,0,1,37,0,2,6,13,19,0,0,1,1,0,0,0,0,0,0,18,0,1,1,2,14,1,1,0,0,0,0,0,0,0,20,0,4,5,1,6,0,0,0,0,0,0,0,0,0,0,2,0,0,0,0,2,0,0,0,0,0,0,0,0,0,2,0,0,0,0,0,0,0,0,0,0,0,0,0,0,0,0,0,0,0,0,0,0,0,0,0,0,0,0,0,0,0,0,0,0,0,0
Sp: Washtenaw County,2021-06-01,Michigan,0,MI81081,breakdown offenses,normal return,normal return,normal return,normal return,normal return,breakdown offenses,breakdown offenses,breakdown offenses,0,0,0,0,0,1,1,0,0,0,0,0,0,25,1,0,2,1,21,2,2,0,0,1,1,1,0,0,30,0,4,5,4,9,0,0,1,1,0,0,0,0,0,0,12,0,1,2,1,8,1,1,0,0,1,0,0,0,0,15,0,4,5,2,7,0,0,0,0,0,0,0,0,0,0,0,0,0,0,0,0,0,0,0,0,0,0,0,0,0,0,0,0,0,0,0,0,0,0,0,0,0,0,0,0,0,0,0,0,0,0,0,0,0,0,0,0,0,0,0,0,0,0,0,0,0,0
Sp: Washtenaw County,2021-07-01,Michigan,0,MI81081,breakdown offenses,normal return,normal return,normal return,normal return,normal return,breakdown offenses,breakdown offenses,breakdown offenses,0,0,0,0,0,1,1,0,0,0,0,0,0,19,0,0,5,0,14,1,1,0,0,5,2,2,0,0,28,0,5,6,8,14,0,0,0,0,0,0,0,0,0,0,15,1,0,1,0,13,0,0,0,0,1,0,0,0,0,16,0,2,2,1,3,0,0,0,0,0,0,0,0,0,0,0,0,0,0,0,0,0,0,0,0,0,0,0,0,0,0,0,0,0,0,0,0,0,0,0,0,0,0,0,0,0,0,0,0,0,0,0,0,0,0,0,0,0,0,0,0,0,0,0,0,0,0
Sp: Washtenaw County,2021-08-01,Michigan,0,MI81081,breakdown offenses,normal return,normal return,normal return,normal return,normal return,breakdown offenses,breakdown offenses,breakdown offenses,0,0,0,1,0,5,5,0,0,0,0,0,0,14,3,0,1,1,9,2,1,0,1,2,2,1,0,1,26,0,5,11,6,17,0,0,1,1,0,0,0,0,0,0,14,3,0,2,1,8,1,1,0,0,1,0,0,0,0,17,0,6,7,2,9,0,0,0,0,0,0,0,0,0,0,1,0,0,0,0,1,0,0,0,0,0,0,0,0,0,1,0,0,0,0,0,0,0,0,0,0,0,0,0,0,0,0,0,0,0,0,0,0,0,0,0,0,0,0,0,0,0,0,0,0,0,0
Sp: Washtenaw County,2021-09-01,Michigan,0,MI81081,breakdown offenses,normal return,normal return,normal return,normal return,normal return,breakdown offenses,breakdown offenses,breakdown offenses,0,0,0,1,0,2,2,0,0,0,0,0,0,14,3,0,2,2,7,0,0,0,0,3,3,2,0,1,23,0,7,10,6,16,0,0,2,2,0,0,0,0,0,0,6,0,0,1,1,4,0,0,0,0,1,1,1,0,0,10,0,2,4,2,6,0,0,0,0,0,0,0,0,0,0,1,0,0,0,1,0,0,0,0,0,0,0,0,0,0,1,0,1,1,0,1,0,0,0,0,0,0,0,0,0,0,0,0,0,0,0,0,0,0,0,0,0,0,0,0,0,0,0,0,0,0,0
Sp: Washtenaw County,2021-10-01,Michigan,0,MI81081,breakdown offenses,normal return,normal return,normal return,normal return,normal return,breakdown offenses,breakdown offenses,breakdown offenses,0,0,0,0,0,4,4,0,0,0,0,0,0,13,0,0,0,0,13,4,4,0,0,2,2,2,0,0,25,0,0,4,8,12,0,0,2,2,0,1,0,0,0,1,20,0,0,0,1,19,2,2,0,0,1,1,1,0,0,27,0,1,4,4,8,0,0,1,1,0,0,0,0,0,0,3,0,0,0,0,3,0,0,0,0,1,0,0,0,0,5,0,0,1,1,2,0,0,0,0,0,0,0,0,0,0,0,0,0,0,0,0,0,0,0,0,0,0,0,0,0,0,0,0,0,0,0
Sp: Washtenaw County,2021-11-01,Michigan,0,MI81081,breakdown offenses,normal return,normal return,normal return,normal return,normal return,breakdown offenses,breakdown offenses,breakdown offenses,0,0,0,0,0,1,1,0,0,0,0,0,0,16,2,0,0,0,14,1,1,0,0,4,2,2,0,0,24,0,2,3,7,10,0,0,0,0,0,0,0,0,0,0,12,1,0,0,1,10,0,0,0,0,0,0,0,0,0,12,0,2,2,0,2,0,0,0,0,0,0,0,0,0,0,1,0,0,0,0,1,0,0,0,0,0,0,0,0,0,1,0,0,0,0,0,0,0,0,0,0,0,0,0,0,0,0,0,0,0,0,0,0,0,0,0,0,0,0,0,0,0,0,0,0,0,0
Sp: Washtenaw County,2021-12-01,Michigan,0,MI81081,breakdown offenses,normal return,normal return,normal return,normal return,normal return,breakdown offenses,breakdown offenses,breakdown offenses,0,0,0,0,0,2,2,0,0,0,0,0,0,10,2,0,2,0,6,23,23,0,0,7,1,1,0,0,43,0,4,6,31,37,0,0,0,0,0,0,0,0,0,0,11,1,0,2,1,7,0,0,0,0,1,1,1,0,0,13,0,4,4,2,6,0,0,0,0,0,0,0,0,0,0,0,0,0,0,0,0,0,0,0,0,0,0,0,0,0,0,0,0,0,0,0,0,0,0,0,0,0,0,0,0,0,0,0,0,0,0,0,0,0,0,0,0,0,0,0,0,0,0,0,0,0,0
Sp: Washtenaw County,2022-01-01,Michigan,0,MI81081,breakdown offenses,normal return,normal return,normal return,normal return,normal return,breakdown offenses,breakdown offenses,breakdown offenses,0,0,0,0,0,0,0,0,0,0,0,0,0,20,1,1,4,1,13,5,4,1,0,9,1,1,0,0,35,0,7,7,15,22,0,0,0,0,0,0,0,0,0,0,11,0,1,2,1,7,0,0,0,0,0,0,0,0,0,11,0,4,4,0,4,0,0,0,0,0,0,0,0,0,0,2,0,0,0,0,2,0,0,0,0,0,0,0,0,0,2,0,0,0,0,0,0,0,0,0,0,0,0,0,0,0,0,0,0,0,0,0,0,0,0,0,0,0,0,0,0,0,0,0,0,0,0
Sp: Washtenaw County,2022-02-01,Michigan,0,MI81081,breakdown offenses,normal return,normal return,normal return,normal return,normal return,breakdown offenses,breakdown offenses,breakdown offenses,0,0,0,0,0,3,3,0,0,0,0,0,0,18,4,1,3,0,10,2,2,0,0,3,0,0,0,0,26,0,8,11,5,16,0,0,0,0,0,0,0,0,0,0,11,0,0,3,0,8,0,0,0,0,0,1,1,0,0,12,0,3,3,1,4,0,0,0,0,0,0,0,0,0,0,0,0,0,0,0,0,0,0,0,0,0,0,0,0,0,0,0,0,0,0,0,0,0,0,0,0,0,0,0,0,0,0,0,0,0,0,0,0,0,0,0,0,0,0,0,0,0,0,0,0,0,0
Sp: Washtenaw County,2022-03-01,Michigan,0,MI81081,breakdown offenses,normal return,normal return,normal return,normal return,normal return,breakdown offenses,breakdown offenses,breakdown offenses,0,0,0,0,0,1,1,0,0,0,0,0,0,16,0,0,0,1,15,5,5,0,0,5,2,2,0,0,29,0,1,2,12,14,0,0,0,0,0,0,0,0,0,0,9,0,0,0,0,9,0,0,0,0,0,1,1,0,0,10,0,0,0,1,1,0,0,0,0,0,0,0,0,0,0,1,0,0,0,0,1,0,0,0,0,0,0,0,0,0,1,0,0,0,0,0,0,0,0,0,0,0,0,0,0,0,0,0,0,0,0,0,0,0,0,0,0,0,0,0,0,0,0,0,0,0,0
Sp: Washtenaw County,2022-04-01,Michigan,0,MI81081,breakdown offenses,normal return,normal return,normal return,normal return,normal return,breakdown offenses,breakdown offenses,breakdown offenses,0,0,0,0,0,1,1,0,0,0,0,0,0,11,1,0,1,0,9,3,3,0,0,4,2,1,1,0,21,0,2,3,9,12,0,0,1,1,0,0,0,0,0,0,16,0,0,1,1,14,1,1,0,0,0,1,0,1,0,19,0,2,3,2,5,0,0,0,0,0,0,0,0,0,0,0,0,0,0,0,0,0,0,0,0,0,0,0,0,0,0,0,0,0,0,0,0,0,0,0,0,0,0,0,0,0,0,0,0,0,0,0,0,0,0,0,0,0,0,0,0,0,0,0,0,0,0
Sp: Washtenaw County,2022-05-01,Michigan,0,MI81081,breakdown offenses,normal return,normal return,normal return,normal return,normal return,breakdown offenses,breakdown offenses,breakdown offenses,0,0,0,0,0,5,5,0,0,0,0,0,0,14,1,0,1,1,11,1,1,0,0,7,4,3,0,1,31,0,3,8,12,20,0,0,0,0,0,0,0,0,0,0,14,1,0,3,0,10,0,0,0,0,3,0,0,0,0,17,0,4,4,3,7,0,0,0,0,0,0,0,0,0,0,1,1,0,0,0,0,0,0,0,0,0,0,0,0,0,1,0,1,1,0,1,0,0,0,0,0,0,0,0,0,0,0,0,0,0,0,0,0,0,0,0,0,0,0,0,0,0,0,0,0,0,0
Sp: Washtenaw County,2022-06-01,Michigan,0,MI81081,breakdown offenses,normal return,normal return,normal return,normal return,normal return,breakdown offenses,breakdown offenses,breakdown offenses,0,0,0,0,0,4,4,0,0,0,0,0,0,21,0,0,6,1,14,9,9,0,0,7,3,1,0,2,44,0,7,11,19,30,0,0,1,1,0,0,0,0,0,0,12,0,0,1,1,10,0,0,0,0,0,2,2,0,0,15,0,2,3,2,5,0,0,0,0,0,0,0,0,0,0,0,0,0,0,0,0,0,0,0,0,0,0,0,0,0,0,0,0,0,0,0,0,0,0,0,0,0,0,0,0,0,0,0,0,0,0,0,0,0,0,0,0,0,0,0,0,0,0,0,0,0,0
Sp: Washtenaw County,2022-07-01,Michigan,0,MI81081,breakdown offenses,normal return,normal return,normal return,normal return,normal return,breakdown offenses,breakdown offenses,breakdown offenses,0,0,0,0,0,2,2,0,0,0,0,0,0,11,1,1,1,0,8,2,2,0,0,5,2,2,0,0,22,0,3,5,9,14,0,0,4,4,0,0,0,0,0,0,24,5,1,2,0,16,0,0,0,0,0,0,0,0,0,28,0,8,12,0,12,0,0,1,1,0,0,0,0,0,0,2,0,0,0,0,2,0,0,0,0,0,0,0,0,0,3,0,0,1,0,1,0,0,0,0,0,0,0,0,0,0,0,0,0,0,0,0,0,0,0,0,0,0,0,0,0,0,0,0,0,0,0
Sp: Washtenaw County,2022-08-01,Michigan,0,MI81081,breakdown offenses,normal return,normal return,normal return,normal return,normal return,breakdown offenses,breakdown offenses,breakdown offenses,0,0,0,0,0,1,1,0,0,0,0,0,0,9,1,0,1,1,6,4,4,0,0,9,3,3,0,0,26,0,3,4,16,20,0,0,4,4,0,0,0,0,0,0,9,2,0,0,2,5,3,3,0,0,2,0,0,0,0,18,0,4,8,5,13,0,0,0,0,0,0,0,0,0,0,0,0,0,0,0,0,0,0,0,0,0,0,0,0,0,0,0,0,0,0,0,0,0,0,0,0,0,0,0,0,0,0,0,0,0,0,0,0,0,0,0,0,0,0,0,0,0,0,0,0,0,0
Sp: Washtenaw County,2022-09-01,Michigan,0,MI81081,breakdown offenses,normal return,normal return,normal return,normal return,normal return,breakdown offenses,breakdown offenses,breakdown offenses,0,0,0,0,0,3,3,0,0,0,0,0,0,23,1,1,4,0,17,2,2,0,0,6,2,2,0,0,36,0,6,9,10,19,0,0,0,0,0,0,0,0,0,0,16,1,0,1,0,14,22,22,0,0,0,2,2,0,0,40,0,2,2,24,26,0,0,0,0,0,0,0,0,0,0,1,0,0,0,0,1,0,0,0,0,0,0,0,0,0,1,0,0,0,0,0,0,0,0,0,0,0,0,0,0,0,0,0,0,0,0,0,0,0,0,0,0,0,0,0,0,0,0,0,0,0,0
Sp: Washtenaw County,2022-10-01,Michigan,0,MI81081,breakdown offenses,normal return,normal return,normal return,normal return,normal return,breakdown offenses,breakdown offenses,breakdown offenses,0,0,0,0,0,3,3,0,0,0,0,0,0,18,1,0,1,0,16,13,13,0,0,8,1,1,0,0,43,0,2,5,22,27,0,1,1,1,0,0,0,0,0,0,19,0,1,0,1,17,0,0,0,0,0,1,1,0,0,22,0,2,3,1,4,0,0,0,0,0,0,0,0,0,0,5,0,1,0,0,4,0,0,0,0,0,0,0,0,0,5,0,1,1,0,1,0,0,0,0,0,0,0,0,0,0,0,0,0,0,0,0,0,0,0,0,0,0,0,0,0,0,0,0,0,0,0
Sp: Washtenaw County,2022-11-01,Michigan,0,MI81081,breakdown offenses,normal return,normal return,normal return,normal return,normal return,breakdown offenses,breakdown offenses,breakdown offenses,0,0,0,0,1,1,1,0,0,0,0,0,0,19,4,0,0,1,14,1,1,0,0,3,1,1,0,0,26,0,5,6,5,11,0,0,1,1,0,0,0,0,0,0,20,3,1,1,0,15,3,3,0,0,0,0,0,0,0,24,0,5,6,3,9,0,0,0,0,0,0,0,0,0,0,1,0,0,0,0,1,0,0,0,0,0,0,0,0,0,1,0,0,0,0,0,0,0,0,0,0,0,0,0,0,0,0,0,0,0,0,0,0,0,0,0,0,0,0,0,0,0,0,0,0,0,0
Sp: Washtenaw County,2022-12-01,Michigan,0,MI81081,breakdown offenses,normal return,normal return,normal return,normal return,normal return,breakdown offenses,breakdown offenses,breakdown offenses,0,0,0,0,0,0,0,0,0,0,0,0,0,16,0,1,1,1,13,12,12,0,0,4,0,0,0,0,32,0,3,3,16,19,0,0,0,0,0,0,0,0,0,0,13,1,1,1,1,9,0,0,0,0,2,0,0,0,0,15,0,4,4,2,6,0,0,0,0,0,0,0,0,0,0,0,0,0,0,0,0,0,0,0,0,0,0,0,0,0,0,0,0,0,0,0,0,0,0,0,0,0,0,0,0,0,0,0,0,0,0,0,0,0,0,0,0,0,0,0,0,0,0,0,0,0,0
Sp: Washtenaw County,2023-01-01,Michigan,0,MI81081,breakdown offenses,normal return,normal return,normal return,normal return,normal return,breakdown offenses,breakdown offenses,breakdown offenses,0,0,0,0,0,1,1,0,0,0,0,0,0,19,0,0,3,5,11,5,5,0,0,11,2,2,0,0,38,0,8,9,18,27,0,0,0,0,0,0,0,0,0,0,12,2,0,1,2,7,1,1,0,0,3,1,1,0,0,17,0,5,5,5,10,0,0,0,0,0,0,0,0,0,0,2,0,0,0,0,2,0,0,0,0,0,0,0,0,0,2,0,0,0,0,0,0,0,0,0,0,0,0,0,0,0,0,0,0,0,0,0,0,0,0,0,0,0,0,0,0,0,0,0,0,0,0
Sp: Washtenaw County,2023-02-01,Michigan,0,MI81081,breakdown offenses,normal return,normal return,normal return,normal return,normal return,breakdown offenses,breakdown offenses,breakdown offenses,0,0,0,0,0,1,1,0,0,0,0,0,0,20,1,2,1,0,16,1,1,0,0,7,0,0,0,0,29,0,4,5,8,13,0,0,3,3,0,0,0,0,0,0,12,0,2,1,0,9,1,1,0,0,0,2,1,0,1,18,0,3,6,3,9,0,0,0,0,0,0,0,0,0,0,0,0,0,0,0,0,1,1,0,0,0,0,0,0,0,1,0,0,0,1,1,0,0,0,0,0,0,0,0,0,0,0,0,0,0,0,0,0,0,0,0,0,0,0,0,0,0,0,0,0,0,0
Sp: Washtenaw County,2023-03-01,Michigan,0,MI81081,breakdown offenses,normal return,normal return,normal return,normal return,normal return,breakdown offenses,breakdown offenses,breakdown offenses,0,0,0,0,0,1,1,0,0,0,0,0,0,27,4,0,0,0,23,0,0,0,0,8,3,2,0,1,39,0,4,5,11,16,0,0,2,2,0,0,0,0,0,0,9,1,0,1,0,7,2,2,0,0,3,0,0,0,0,16,0,2,4,5,9,0,0,0,0,0,0,0,0,0,0,1,0,0,0,0,1,0,0,0,0,0,0,0,0,0,1,0,0,0,0,0,0,0,0,0,0,0,0,0,0,0,0,0,0,0,0,0,0,0,0,0,0,0,0,0,0,0,0,0,0,0,0
Sp: Washtenaw County,2023-04-01,Michigan,0,MI81081,breakdown offenses,normal return,normal return,normal return,normal return,normal return,breakdown offenses,breakdown offenses,breakdown offenses,0,0,0,0,0,1,1,0,0,0,0,0,0,22,2,0,0,0,20,2,2,0,0,6,1,1,0,0,32,0,2,3,9,12,0,0,0,0,0,0,0,0,0,0,11,0,0,2,0,9,1,1,0,0,1,0,0,0,0,13,0,2,2,2,4,0,0,0,0,0,0,0,0,0,0,3,0,0,0,0,3,0,0,0,0,0,0,0,0,0,3,0,0,0,0,0,0,0,0,0,0,0,0,0,0,0,0,0,0,0,0,0,0,0,0,0,0,0,0,0,0,0,0,0,0,0,0
Sp: Washtenaw County,2023-05-01,Michigan,0,MI81081,breakdown offenses,normal return,normal return,normal return,normal return,normal return,breakdown offenses,breakdown offenses,breakdown offenses,0,0,0,0,0,4,4,0,0,0,0,0,0,32,0,0,2,3,27,2,1,1,0,5,0,0,0,0,43,0,5,9,7,16,0,0,0,0,0,0,0,0,0,0,14,1,0,0,1,12,3,3,0,0,1,1,0,1,0,19,0,2,2,5,7,0,0,0,0,0,0,0,0,0,0,0,0,0,0,0,0,1,1,0,0,1,0,0,0,0,2,0,0,0,2,2,0,0,0,0,0,0,0,0,0,0,0,0,0,0,0,0,0,0,0,0,0,0,0,0,0,0,0,0,0,0,0
Sp: Washtenaw County,2023-06-01,Michigan,0,MI81081,breakdown offenses,normal return,normal return,normal return,normal return,normal return,breakdown offenses,breakdown offenses,breakdown offenses,0,0,0,1,0,0,0,0,0,0,0,0,0,22,0,0,0,3,19,2,2,0,0,10,4,4,0,0,39,0,3,4,16,20,1,0,0,0,0,0,0,0,0,0,11,0,0,0,2,9,0,0,0,0,1,2,1,0,1,15,0,2,3,3,6,1,0,0,0,0,0,0,0,0,0,0,0,0,0,0,0,0,0,0,0,0,0,0,0,0,1,0,0,1,0,1,0,0,0,0,0,0,0,0,0,0,0,0,0,0,0,0,0,0,0,0,0,0,0,0,0,0,0,0,0,0,0
Sp: Washtenaw County,2023-07-01,Michigan,0,MI81081,breakdown offenses,normal return,normal return,normal return,normal return,normal return,breakdown offenses,breakdown offenses,breakdown offenses,0,0,0,1,0,3,3,0,0,0,0,0,0,16,1,0,2,2,11,5,5,0,0,4,3,2,0,1,32,0,5,9,12,21,0,0,0,0,0,0,0,0,0,0,9,0,0,0,3,6,0,0,0,0,0,0,0,0,0,9,0,3,3,0,3,0,0,0,0,0,0,0,0,0,0,0,0,0,0,0,0,0,0,0,0,0,0,0,0,0,0,0,0,0,0,0,0,0,0,0,0,0,0,0,0,0,0,0,0,0,0,0,0,0,0,0,0,0,0,0,0,0,0,0,0,0,0
Sp: Washtenaw County,2023-08-01,Michigan,0,MI81081,breakdown offenses,normal return,normal return,normal return,normal return,normal return,breakdown offenses,breakdown offenses,breakdown offenses,0,0,0,1,0,5,5,0,0,0,0,0,0,19,2,0,2,2,13,4,3,1,0,12,0,0,0,0,41,0,6,12,16,28,0,0,3,3,0,0,0,0,0,0,10,0,0,1,0,9,1,0,1,0,0,0,0,0,0,14,0,1,4,1,5,0,0,2,2,0,0,0,0,0,0,0,0,0,0,0,0,0,0,0,0,0,0,0,0,0,2,0,0,2,0,2,0,0,0,0,0,0,0,0,0,0,0,0,0,0,0,0,0,0,0,0,0,0,0,0,0,0,0,0,0,0,0
Sp: Washtenaw County,2023-09-01,Michigan,0,MI81081,breakdown offenses,normal return,normal return,normal return,normal return,normal return,breakdown offenses,breakdown offenses,breakdown offenses,0,0,0,0,0,1,1,0,0,0,0,0,0,14,1,0,1,2,10,5,4,1,0,8,0,0,0,0,28,0,4,5,13,18,0,0,0,0,0,0,0,0,0,0,21,1,0,3,3,14,0,0,0,0,1,0,0,0,0,22,0,7,7,1,8,0,0,0,0,0,0,0,0,0,0,1,0,0,0,0,1,0,0,0,0,0,0,0,0,0,1,0,0,0,0,0,0,0,0,0,0,0,0,0,0,0,0,0,0,0,0,0,0,0,0,0,0,0,0,0,0,0,0,0,0,0,0
Sp: Washtenaw County,2023-10-01,Michigan,0,MI81081,breakdown offenses,normal return,normal return,normal return,normal return,normal return,breakdown offenses,breakdown offenses,breakdown offenses,0,0,0,0,0,3,3,0,0,0,0,0,0,12,0,0,0,1,11,5,4,1,0,3,1,1,0,0,24,0,1,4,9,13,0,0,3,3,0,0,0,0,0,0,8,0,0,0,3,5,0,0,0,0,0,1,1,0,0,12,0,3,6,1,7,0,0,0,0,0,0,0,0,0,0,0,0,0,0,0,0,0,0,0,0,0,0,0,0,0,0,0,0,0,0,0,0,0,0,0,0,0,0,0,0,0,0,0,0,0,0,0,0,0,0,0,0,0,0,0,0,0,0,0,0,0,0
Sp: Washtenaw County,2023-11-01,Michigan,0,MI81081,breakdown offenses,normal return,normal return,normal return,normal return,normal return,breakdown offenses,breakdown offenses,breakdown offenses,0,0,0,0,0,1,1,0,0,0,0,0,0,23,1,0,1,1,20,5,5,0,0,4,2,2,0,0,35,0,3,4,11,15,1,0,0,0,0,0,0,0,0,0,19,0,0,2,4,13,0,0,0,0,0,1,1,0,0,21,0,6,7,1,8,0,0,0,0,0,0,0,0,0,0,0,0,0,0,0,0,0,0,0,0,0,0,0,0,0,0,0,0,0,0,0,0,0,0,0,0,0,0,0,0,0,0,0,0,0,0,0,0,0,0,0,0,0,0,0,0,0,0,0,0,0,0
Sp: Washtenaw County,2023-12-01,Michigan,0,MI81081,breakdown offenses,normal return,normal return,normal return,normal return,normal return,breakdown offenses,breakdown offenses,breakdown offenses,0,0,0,0,0,1,1,0,0,0,0,0,0,20,0,1,0,0,19,0,0,0,0,3,1,1,0,0,25,0,1,2,4,6,0,0,0,0,0,0,0,0,0,0,7,0,1,1,2,3,0,0,0,0,0,0,0,0,0,7,0,4,4,0,4,0,0,0,0,0,0,0,0,0,0,0,0,0,0,0,0,0,0,0,0,0,0,0,0,0,0,0,0,0,0,0,0,0,0,0,0,0,0,0,0,0,0,0,0,0,0,0,0,0,0,0,0,0,0,0,0,0,0,0,0,0,0
Sp: Washtenaw County,2000-01-01,Michigan,0,MI81081,breakdown offenses,normal return,normal return,normal return,normal return,not updated,breakdown offenses,breakdown offenses,breakdown offenses,0,0,0,0,0,0,0,0,0,0,0,0,0,13,1,1,0,2,9,8,8,0,0,4,1,1,0,0,26,0,4,4,13,17,0,0,0,0,0,0,0,0,0,0,5,1,0,0,0,4,0,0,0,0,0,0,0,0,0,5,0,1,1,0,1,0,0,0,0,0,0,0,0,0,0,3,1,0,0,0,2,0,0,0,0,0,0,0,0,0,3,0,1,1,0,1,0,0,0,0,0,0,0,0,0,0,0,0,0,0,0,0,0,0,0,0,0,0,0,0,0,0,0,0,0,0,0
Sp: Washtenaw County,2000-02-01,Michigan,0,MI81081,breakdown offenses,normal return,normal return,normal return,normal return,not updated,breakdown offenses,breakdown offenses,breakdown offenses,0,0,0,0,0,0,0,0,0,0,0,0,0,11,0,0,1,0,10,6,6,0,0,6,3,2,0,1,26,0,1,1,15,16,0,0,0,0,0,0,0,0,0,0,5,0,0,1,0,4,0,0,0,0,0,0,0,0,0,5,0,1,1,0,1,0,0,0,0,0,0,0,0,0,0,1,0,0,0,0,1,0,0,0,0,0,0,0,0,0,1,0,0,0,0,0,0,0,0,0,0,0,0,0,0,0,0,0,0,0,0,0,0,0,0,0,0,0,0,0,0,0,0,0,0,0,0
Sp: Washtenaw County,2000-03-01,Michigan,0,MI81081,breakdown offenses,normal return,normal return,normal return,normal return,not updated,breakdown offenses,breakdown offenses,breakdown offenses,0,0,0,0,0,0,0,0,0,0,0,0,0,15,2,0,0,1,12,5,5,0,0,6,5,4,0,1,31,0,3,3,16,19,0,0,0,0,0,0,0,0,0,0,2,0,0,0,1,1,0,0,0,0,0,1,1,0,0,3,0,1,1,1,2,0,0,0,0,0,0,0,0,0,0,1,0,0,0,0,1,0,0,0,0,0,0,0,0,0,1,0,0,0,0,0,0,0,0,0,0,0,0,0,0,0,0,0,0,0,0,0,0,0,0,0,0,0,0,0,0,0,0,0,0,0,0
Sp: Washtenaw County,2000-04-01,Michigan,0,MI81081,breakdown offenses,normal return,normal return,normal return,normal return,not updated,breakdown offenses,breakdown offenses,breakdown offenses,0,0,0,0,0,0,0,0,0,0,0,0,0,11,1,1,1,1,7,8,7,1,0,7,1,0,0,1,27,0,4,4,16,20,0,0,0,0,0,0,0,0,0,0,6,1,0,0,0,5,1,1,0,0,1,0,0,0,0,8,0,1,1,2,3,0,0,0,0,0,0,0,0,0,0,2,0,0,0,0,2,0,0,0,0,1,0,0,0,0,3,0,0,0,1,1,0,0,0,0,0,0,0,0,0,0,0,0,0,0,0,0,0,0,0,0,0,0,0,0,0,0,0,0,0,0,0
Sp: Washtenaw County,2000-05-01,Michigan,0,MI81081,breakdown offenses,normal return,normal return,normal return,normal return,not updated,breakdown offenses,breakdown offenses,breakdown offenses,0,0,0,0,0,1,1,0,0,0,0,0,0,16,1,0,0,2,13,8,8,0,0,10,2,2,0,0,37,0,3,4,20,24,0,0,0,0,0,0,0,0,0,0,2,0,0,0,0,2,0,0,0,0,2,1,1,0,0,5,0,0,0,3,3,0,0,0,0,0,0,0,0,0,0,0,0,0,0,0,0,0,0,0,0,0,0,0,0,0,0,0,0,0,0,0,0,0,0,0,0,0,0,0,0,0,0,0,0,0,0,0,0,0,0,0,0,0,0,0,0,0,0,0,0,0,0
Sp: Washtenaw County,2000-06-01,Michigan,0,MI81081,breakdown offenses,normal return,normal return,normal return,normal return,not updated,breakdown offenses,breakdown offenses,breakdown offenses,0,0,0,0,1,2,2,0,1,1,0,0,0,16,0,0,2,4,10,5,5,0,0,13,0,0,0,0,38,0,6,9,18,27,0,0,0,0,0,1,1,0,0,0,4,0,0,0,1,3,1,1,0,0,1,0,0,0,0,7,0,1,2,2,4,0,0,0,0,0,0,0,0,0,0,1,0,0,0,0,1,0,0,0,0,0,0,0,0,0,1,0,0,0,0,0,0,0,0,0,0,0,0,0,0,0,0,0,0,0,0,0,0,0,0,0,0,0,0,0,0,0,0,0,0,0,0
Sp: Washtenaw County,2000-07-01,Michigan,0,MI81081,breakdown offenses,normal return,normal return,normal return,normal return,not updated,breakdown offenses,breakdown offenses,breakdown offenses,0,0,0,0,0,2,2,0,1,0,0,0,1,19,8,3,1,2,5,15,14,1,0,11,7,0,0,7,55,0,14,17,33,50,0,0,0,0,0,0,0,0,0,0,13,8,0,1,2,2,1,1,0,0,0,1,1,0,0,15,0,11,11,2,13,0,0,0,0,0,0,0,0,0,0,0,0,0,0,0,0,0,0,0,0,0,0,0,0,0,0,0,0,0,0,0,0,0,0,0,0,0,0,0,0,0,0,0,0,0,0,0,0,0,0,0,0,0,0,0,0,0,0,0,0,0,0
Sp: Washtenaw County,2000-08-01,Michigan,0,MI81081,breakdown offenses,normal return,normal return,normal return,normal return,not updated,breakdown offenses,breakdown offenses,breakdown offenses,0,0,0,0,0,0,0,0,0,0,0,0,0,11,0,0,1,3,7,10,10,0,0,7,5,1,1,3,33,0,4,4,22,26,0,0,0,0,0,0,0,0,0,0,5,0,0,0,2,3,0,0,0,0,0,0,0,0,0,5,0,2,2,0,2,0,0,0,0,0,0,0,0,0,0,1,0,0,0,0,1,0,0,0,0,0,0,0,0,0,1,0,0,0,0,0,0,0,0,0,0,0,0,0,0,0,0,0,0,0,0,0,0,0,0,0,0,0,0,0,0,0,0,0,0,0,0
Sp: Washtenaw County,2000-09-01,Michigan,0,MI81081,breakdown offenses,normal return,normal return,normal return,normal return,not updated,breakdown offenses,breakdown offenses,breakdown offenses,0,0,0,0,0,0,0,0,0,0,0,0,0,5,0,0,0,0,5,6,6,0,0,16,5,5,0,0,32,0,0,0,27,27,0,0,0,0,0,0,0,0,0,0,2,0,0,0,0,2,0,0,0,0,1,2,2,0,0,5,0,0,0,3,3,0,0,0,0,0,0,0,0,0,0,1,0,0,0,0,1,0,0,0,0,0,0,0,0,0,1,0,0,0,0,0,0,0,0,0,0,0,0,0,0,0,0,0,0,0,0,0,0,0,0,0,0,0,0,0,0,0,0,0,0,0,0
Sp: Washtenaw County,2000-10-01,Michigan,0,MI81081,breakdown offenses,normal return,normal return,normal return,normal return,not updated,breakdown offenses,breakdown offenses,breakdown offenses,0,0,0,0,0,1,1,0,0,0,0,0,0,8,3,0,0,1,4,8,8,0,0,10,3,3,0,0,30,0,4,5,21,26,0,0,0,0,0,0,0,0,0,0,0,0,0,0,0,0,3,3,0,0,1,2,2,0,0,6,0,0,0,6,6,0,0,0,0,0,0,0,0,0,0,0,0,0,0,0,0,1,1,0,0,0,0,0,0,0,1,0,0,0,1,1,0,0,0,0,0,0,0,0,0,0,0,0,0,0,0,0,0,0,0,0,0,0,0,0,0,0,0,0,0,0,0
Sp: Washtenaw County,2000-11-01,Michigan,0,MI81081,breakdown offenses,normal return,normal return,normal return,normal return,not updated,breakdown offenses,breakdown offenses,breakdown offenses,0,0,0,0,0,2,2,0,0,0,0,0,0,8,0,2,1,0,5,6,6,0,0,9,4,3,1,0,29,0,3,5,19,24,0,0,0,0,0,0,0,0,0,0,11,0,3,2,2,4,1,1,0,0,0,1,1,0,0,13,0,7,7,2,9,0,0,0,0,0,0,0,0,0,0,0,0,0,0,0,0,1,1,0,0,0,0,0,0,0,1,0,0,0,1,1,0,0,0,0,0,0,0,0,0,0,0,0,0,0,0,0,0,0,0,0,0,0,0,0,0,0,0,0,0,0,0
Sp: Washtenaw County,2000-12-01,Michigan,0,MI81081,breakdown offenses,normal return,normal return,normal return,normal return,not updated,breakdown offenses,breakdown offenses,breakdown offenses,0,0,0,0,0,0,0,0,1,0,0,1,0,15,1,1,3,1,9,9,9,0,0,1,4,4,0,0,30,0,6,7,14,21,0,0,0,0,0,1,0,0,1,0,7,2,0,0,1,4,0,0,0,0,1,0,0,0,0,9,0,3,4,1,5,0,0,0,0,0,0,0,0,0,0,0,0,0,0,0,0,0,0,0,0,0,0,0,0,0,0,0,0,0,0,0,0,0,0,0,0,0,0,0,0,0,0,0,0,0,0,0,0,0,0,0,0,0,0,0,0,0,0,0,0,0,0
Sp: Washtenaw County,1979-01-01,Michigan,0,MI81081,,not updated,adjustment,adjustment,adjustment,adjustment,breakdown offenses,breakdown offenses,breakdown offenses,0,0,0,0,0,4,4,0,1,0,0,1,0,24,1,0,11,1,11,29,28,1,0,58,32,13,9,10,148,0,13,18,119,137,0,0,1,1,0,0,0,0,0,0,6,0,0,1,1,4,5,5,0,0,17,0,0,0,0,29,0,2,3,22,25,0,0,0,0,0,0,0,0,0,0,1,0,0,0,0,1,4,4,0,0,5,0,0,0,0,10,0,0,0,9,9,0,0,0,0,0,0,0,0,0,0,0,0,0,0,0,0,0,0,0,0,0,0,0,0,0,0,0,0,0,0,0
Sp: Washtenaw County,1979-02-01,Michigan,0,MI81081,,not updated,normal return,normal return,normal return,adjustment,breakdown offenses,breakdown offenses,breakdown offenses,0,0,0,1,0,1,1,0,2,0,1,1,0,24,1,1,4,0,18,14,11,1,2,46,47,26,4,17,135,0,6,10,107,117,0,0,0,0,0,0,0,0,0,0,5,0,0,1,0,4,2,2,0,0,20,2,0,0,2,29,0,1,1,24,25,0,0,0,0,0,0,0,0,0,0,0,0,0,0,0,0,1,1,0,0,9,1,0,0,1,11,0,0,0,11,11,0,0,0,0,0,0,0,0,0,0,0,0,0,0,0,0,0,0,0,0,0,0,0,0,0,0,0,0,0,0,0
Sp: Washtenaw County,1979-03-01,Michigan,0,MI81081,,not updated,normal return,normal return,normal return,adjustment,breakdown offenses,breakdown offenses,breakdown offenses,0,0,0,0,1,1,1,0,2,0,0,2,0,20,1,2,6,0,11,18,17,0,1,55,46,30,8,8,143,0,9,12,119,131,0,1,0,0,0,1,0,0,1,0,11,0,2,3,0,6,6,4,1,1,19,4,2,0,2,42,0,5,6,29,35,0,0,0,0,0,0,0,0,0,0,1,0,0,0,0,1,5,4,1,0,8,3,1,0,2,17,0,0,0,16,16,0,0,0,0,0,0,0,0,0,0,0,0,0,0,0,0,0,0,0,0,0,0,0,0,0,0,0,0,0,0,0
Sp: Washtenaw County,1979-04-01,Michigan,0,MI81081,,not updated,adjustment,adjustment,adjustment,adjustment,breakdown offenses,breakdown offenses,breakdown offenses,0,0,0,0,0,2,2,0,4,1,0,3,0,16,1,0,3,1,11,12,12,0,0,64,30,20,4,6,128,0,5,11,106,117,0,0,0,0,0,2,0,0,2,0,11,0,0,6,0,5,4,4,0,0,25,0,0,0,0,42,0,6,8,29,37,0,0,0,0,0,0,0,0,0,0,1,0,0,0,0,1,4,4,0,0,12,0,0,0,0,17,0,0,0,16,16,0,0,0,0,0,0,0,0,0,0,0,0,0,0,0,0,0,0,0,0,0,0,0,0,0,0,0,0,0,0,0
Sp: Washtenaw County,1979-05-01,Michigan,0,MI81081,,not updated,normal return,normal return,normal return,adjustment,breakdown offenses,breakdown offenses,breakdown offenses,0,0,0,0,0,1,1,0,3,1,0,2,0,36,0,0,11,0,25,24,22,2,0,55,31,16,3,12,150,0,11,15,110,125,0,0,0,0,0,0,0,0,0,0,4,0,0,2,0,2,3,3,0,0,26,1,1,0,0,34,0,2,2,30,32,0,0,0,0,0,0,0,0,0,0,1,0,0,0,0,1,1,1,0,0,9,0,0,0,0,11,0,0,0,10,10,0,0,0,0,0,0,0,0,0,0,0,0,0,0,0,0,0,0,0,0,0,0,0,0,0,0,0,0,0,0,0
Sp: Washtenaw County,1979-06-01,Michigan,0,MI81081,,not updated,normal return,normal return,normal return,adjustment,breakdown offenses,breakdown offenses,breakdown offenses,0,0,0,0,0,2,2,0,3,1,0,2,0,27,1,0,4,0,22,32,30,0,2,97,29,17,5,7,190,0,5,10,158,168,0,0,1,1,0,3,1,0,2,0,13,0,2,3,1,7,3,3,0,0,26,1,0,1,0,47,0,6,10,30,40,0,0,0,0,0,0,0,0,0,0,2,0,0,0,0,2,3,3,0,0,7,1,0,1,0,13,0,0,0,11,11,0,0,0,0,0,0,0,0,0,0,0,0,0,0,0,0,0,0,0,0,0,0,0,0,0,0,0,0,0,0,0
Sp: Washtenaw County,1979-07-01,Michigan,0,MI81081,,not updated,normal return,normal return,normal return,adjustment,breakdown offenses,breakdown offenses,breakdown offenses,0,0,0,0,0,2,2,0,4,1,1,2,0,32,1,0,10,0,21,23,20,2,1,79,32,20,3,9,172,0,11,17,134,151,0,0,0,0,0,0,0,0,0,0,8,0,0,4,0,4,3,2,1,0,13,3,1,2,0,27,0,4,4,19,23,0,0,0,0,0,0,0,0,0,0,0,0,0,0,0,0,2,1,1,0,6,2,1,1,0,10,0,0,0,10,10,0,0,0,0,0,0,0,0,0,0,0,0,0,0,0,0,0,0,0,0,0,0,0,0,0,0,0,0,0,0,0
Sp: Washtenaw County,1979-08-01,Michigan,0,MI81081,,not updated,normal return,normal return,normal return,adjustment,breakdown offenses,breakdown offenses,breakdown offenses,0,0,0,-1,0,0,0,0,7,1,1,5,0,31,0,1,5,0,25,41,35,1,5,80,37,18,8,11,195,0,6,12,158,170,0,0,0,0,0,0,0,0,0,0,6,0,0,3,0,3,1,1,0,0,11,2,1,0,1,20,0,3,3,14,17,0,0,0,0,0,0,0,0,0,0,1,0,0,1,0,0,0,0,0,0,7,2,1,0,1,10,0,1,1,9,10,0,0,0,0,0,0,0,0,0,0,0,0,0,0,0,0,0,0,0,0,0,0,0,0,0,0,0,0,0,0,0
Sp: Washtenaw County,1979-09-01,Michigan,0,MI81081,,not updated,adjustment,adjustment,adjustment,adjustment,breakdown offenses,breakdown offenses,breakdown offenses,0,0,0,1,0,0,0,0,3,2,0,1,0,34,1,1,9,1,22,28,24,1,3,66,18,9,-1,10,150,0,12,16,112,128,0,0,0,0,0,0,0,0,0,0,4,0,0,2,0,2,4,4,0,0,16,1,1,0,0,25,0,2,2,21,23,0,0,0,0,0,0,0,0,0,0,1,0,0,0,0,1,3,3,0,0,5,0,0,0,0,9,0,0,0,8,8,0,0,0,0,0,0,0,0,0,0,0,0,0,0,0,0,0,0,0,0,0,0,0,0,0,0,0,0,0,0,0
Sp: Washtenaw County,1979-10-01,Michigan,0,MI81081,,not updated,normal return,normal return,normal return,adjustment,breakdown offenses,breakdown offenses,breakdown offenses,0,0,0,2,0,3,3,0,8,0,0,8,0,41,1,2,12,0,26,38,36,2,0,113,37,20,8,9,242,0,15,28,188,216,0,0,0,0,0,2,1,0,1,0,7,0,0,3,0,4,2,2,0,0,21,2,1,0,1,34,0,3,5,25,30,0,0,0,0,0,0,0,0,0,0,2,0,0,0,0,2,1,1,0,0,6,0,0,0,0,9,0,0,0,7,7,0,0,0,0,0,0,0,0,0,0,0,0,0,0,0,0,0,0,0,0,0,0,0,0,0,0,0,0,0,0,0
Sp: Washtenaw County,1979-11-01,Michigan,0,MI81081,,not updated,normal return,normal return,normal return,adjustment,breakdown offenses,breakdown offenses,breakdown offenses,0,0,0,0,0,0,0,0,4,1,0,3,0,37,1,0,12,0,24,32,30,0,2,79,27,16,10,1,179,0,13,17,138,155,0,0,0,0,0,1,0,0,1,0,8,0,0,3,0,5,4,4,0,0,35,3,2,1,0,51,0,3,4,42,46,0,0,0,0,0,0,0,0,0,0,1,0,0,0,0,1,3,3,0,0,11,1,1,0,0,16,0,0,0,15,15,0,0,0,0,0,0,0,0,0,0,0,0,0,0,0,0,0,0,0,0,0,0,0,0,0,0,0,0,0,0,0
Sp: Washtenaw County,1979-12-01,Michigan,0,MI81081,,not updated,normal return,normal return,normal return,adjustment,breakdown offenses,breakdown offenses,breakdown offenses,0,0,0,0,0,1,1,0,5,0,0,5,0,22,1,0,5,0,16,33,31,1,1,74,19,11,3,5,154,0,6,12,126,138,0,0,0,0,0,1,1,0,0,0,8,0,0,3,0,5,3,2,1,0,32,3,1,1,1,47,0,3,4,38,42,0,0,0,0,0,1,1,0,0,0,1,0,0,0,0,1,3,2,1,0,9,0,0,0,0,14,0,0,1,12,13,0,0,0,0,0,0,0,0,0,0,0,0,0,0,0,0,0,0,0,0,0,0,0,0,0,0,0,0,0,0,0
Sp: Washtenaw County,1980-01-01,Michigan,0,MI81081,,not updated,normal return,normal return,normal return,adjustment,breakdown offenses,breakdown offenses,breakdown offenses,0,0,0,0,0,3,3,0,3,0,0,3,0,23,2,1,5,0,15,35,32,0,3,91,23,15,2,6,178,0,8,14,149,163,0,0,1,1,0,2,0,0,2,0,6,0,0,1,0,5,4,4,0,0,32,3,2,0,1,48,0,1,4,39,43,0,0,1,1,0,0,0,0,0,0,0,0,0,0,0,0,2,2,0,0,9,1,1,0,0,13,0,0,1,12,13,0,0,0,0,0,0,0,0,0,0,0,0,0,0,0,0,0,0,0,0,0,0,0,0,0,0,0,0,0,0,0
Sp: Washtenaw County,1980-02-01,Michigan,0,MI81081,,not updated,normal return,normal return,normal return,adjustment,breakdown offenses,breakdown offenses,breakdown offenses,0,0,0,1,0,1,1,0,4,2,0,2,0,20,2,0,7,1,10,39,39,0,0,50,14,9,2,3,129,0,10,16,103,119,1,0,0,0,0,1,0,0,1,0,3,1,0,1,0,1,7,7,0,0,29,4,1,2,1,45,0,2,4,40,44,0,0,0,0,0,0,0,0,0,0,1,0,0,1,0,0,4,4,0,0,7,0,0,0,0,12,0,1,1,11,12,0,0,0,0,0,0,0,0,0,0,0,0,0,0,0,0,0,0,0,0,0,0,0,0,0,0,0,0,0,0,0
Sp: Washtenaw County,1980-03-01,Michigan,0,MI81081,,not updated,normal return,normal return,normal return,adjustment,breakdown offenses,breakdown offenses,breakdown offenses,0,0,0,0,0,5,5,0,2,1,0,1,0,31,0,0,10,1,20,33,30,1,2,68,26,12,7,7,165,0,11,18,127,145,0,0,2,2,0,2,1,0,1,0,7,1,0,4,0,2,4,4,0,0,27,0,0,0,0,42,0,5,9,31,40,0,0,1,1,0,0,0,0,0,0,0,0,0,0,0,0,0,0,0,0,10,0,0,0,0,11,0,0,1,10,11,0,0,0,0,0,0,0,0,0,0,0,0,0,0,0,0,0,0,0,0,0,0,0,0,0,0,0,0,0,0,0
Sp: Washtenaw County,1980-04-01,Michigan,0,MI81081,,not updated,normal return,normal return,normal return,adjustment,breakdown offenses,breakdown offenses,breakdown offenses,0,0,0,0,0,3,3,0,8,1,0,7,0,30,-1,2,9,0,20,35,34,0,1,67,33,15,6,12,176,0,10,21,135,156,0,0,1,1,0,0,0,0,0,0,7,0,0,2,0,5,4,4,0,0,18,1,0,0,1,31,0,2,3,23,26,0,0,0,0,0,0,0,0,0,0,2,0,0,1,0,1,0,0,0,0,2,0,0,0,0,4,0,1,1,2,3,0,0,0,0,0,0,0,0,0,0,0,0,0,0,0,0,0,0,0,0,0,0,0,0,0,0,0,0,0,0,0
Sp: Washtenaw County,1980-05-01,Michigan,0,MI81081,,not updated,normal return,normal return,normal return,adjustment,breakdown offenses,breakdown offenses,breakdown offenses,0,0,0,0,0,3,3,0,2,0,0,1,1,27,0,0,12,0,15,29,25,0,4,108,26,9,2,15,195,0,12,17,163,180,0,0,0,0,0,1,0,0,1,0,5,0,0,3,1,1,2,2,0,0,30,1,0,0,1,39,0,4,5,33,38,0,0,0,0,0,0,0,0,0,0,1,0,0,1,0,0,2,2,0,0,7,0,0,0,0,10,0,1,1,9,10,0,0,0,0,0,0,0,0,0,0,0,0,0,0,0,0,0,0,0,0,0,0,0,0,0,0,0,0,0,0,0
Sp: Washtenaw County,1980-06-01,Michigan,0,MI81081,,not updated,normal return,normal return,normal return,adjustment,breakdown offenses,breakdown offenses,breakdown offenses,0,0,0,0,0,3,3,0,5,0,0,5,0,47,1,1,13,0,32,30,27,1,2,103,27,13,2,12,215,0,15,23,160,183,0,0,1,1,0,2,1,0,1,0,9,1,0,3,0,5,3,2,0,1,22,2,1,1,0,39,0,4,7,27,34,0,0,0,0,0,0,0,0,0,0,1,0,0,1,0,0,1,1,0,0,5,0,0,0,0,7,0,1,1,6,7,0,0,0,0,0,0,0,0,0,0,0,0,0,0,0,0,0,0,0,0,0,0,0,0,0,0,0,0,0,0,0
Sp: Washtenaw County,1980-07-01,Michigan,0,MI81081,,not updated,adjustment,adjustment,adjustment,adjustment,breakdown offenses,breakdown offenses,breakdown offenses,0,0,0,0,0,4,4,0,6,0,0,5,1,34,2,1,8,1,22,28,24,3,1,95,37,8,4,25,204,0,12,22,160,182,0,0,0,0,0,3,0,0,2,1,11,2,0,5,1,3,1,1,0,0,30,2,0,0,2,47,0,8,11,33,44,0,0,0,0,0,0,0,0,0,0,0,0,0,0,0,0,0,0,0,0,3,1,0,0,1,4,0,0,0,4,4,0,0,0,0,0,0,0,0,0,0,0,0,0,0,0,0,0,0,0,0,0,0,0,0,0,0,0,0,0,0,0
Sp: Washtenaw County,1980-08-01,Michigan,0,MI81081,,not updated,normal return,normal return,normal return,adjustment,breakdown offenses,breakdown offenses,breakdown offenses,0,0,0,0,0,2,2,0,9,2,0,7,0,47,3,2,12,1,29,26,22,1,3,88,24,0,0,24,196,0,18,29,138,167,0,0,2,2,0,1,0,0,0,1,16,1,0,7,0,8,1,1,0,0,35,2,0,0,2,57,0,8,11,38,49,0,0,0,0,0,0,0,0,0,0,1,0,0,1,0,0,0,0,0,0,9,1,0,0,1,11,0,1,1,10,11,0,0,0,0,0,0,0,0,0,0,0,0,0,0,0,0,0,0,0,0,0,0,0,0,0,0,0,0,0,0,0
Sp: Washtenaw County,1980-09-01,Michigan,0,MI81081,,not updated,normal return,normal return,normal return,adjustment,breakdown offenses,breakdown offenses,breakdown offenses,0,0,0,0,0,3,3,0,8,1,0,7,0,38,1,0,10,0,27,32,31,1,0,94,38,10,3,25,213,0,11,22,164,186,0,0,0,0,0,1,0,0,1,0,11,0,0,10,0,1,4,4,0,0,36,3,0,0,3,55,0,10,11,43,54,0,0,0,0,0,0,0,0,0,0,0,0,0,0,0,0,2,2,0,0,5,1,0,0,1,8,0,0,0,8,8,0,0,0,0,0,0,0,0,0,0,0,0,0,0,0,0,0,0,0,0,0,0,0,0,0,0,0,0,0,0,0
Sp: Washtenaw County,1980-10-01,Michigan,0,MI81081,,not updated,normal return,normal return,normal return,adjustment,breakdown offenses,breakdown offenses,breakdown offenses,0,0,0,0,0,5,5,0,2,1,0,1,0,19,1,0,5,0,13,36,32,1,3,64,21,14,0,7,147,0,6,13,121,134,0,0,3,3,0,0,0,0,0,0,11,0,2,5,0,4,6,6,0,0,49,1,0,0,1,70,0,7,10,56,66,0,0,0,0,0,0,0,0,0,0,3,0,0,2,0,1,5,5,0,0,12,0,0,0,0,20,0,2,2,17,19,0,0,0,0,0,0,0,0,0,0,0,0,0,0,0,0,0,0,0,0,0,0,0,0,0,0,0,0,0,0,0
Sp: Washtenaw County,1980-11-01,Michigan,0,MI81081,,not updated,normal return,normal return,normal return,adjustment,breakdown offenses,breakdown offenses,breakdown offenses,0,0,0,0,0,1,1,0,2,0,0,2,0,25,1,2,3,0,19,40,38,1,1,67,31,16,5,10,166,0,6,9,138,147,0,0,0,0,0,2,0,0,2,0,9,0,2,2,1,4,6,6,0,0,31,5,3,1,1,53,0,5,7,42,49,0,0,0,0,0,0,0,0,0,0,0,0,0,0,0,0,3,3,0,0,8,2,2,0,0,13,0,0,0,13,13,0,0,0,0,0,0,0,0,0,0,0,0,0,0,0,0,0,0,0,0,0,0,0,0,0,0,0,0,0,0,0
Sp: Washtenaw County,1980-12-01,Michigan,0,MI81081,,not updated,normal return,normal return,normal return,adjustment,breakdown offenses,breakdown offenses,breakdown offenses,0,0,0,0,0,1,1,0,4,0,0,4,0,27,4,0,5,1,17,38,36,0,2,56,21,13,4,4,147,0,10,15,115,130,0,0,0,0,0,4,0,0,4,0,11,3,0,2,1,5,6,6,0,0,36,0,0,0,0,57,0,6,10,42,52,0,0,0,0,0,0,0,0,0,0,0,0,0,0,0,0,3,3,0,0,8,0,0,0,0,11,0,0,0,11,11,0,0,0,0,0,0,0,0,0,0,0,0,0,0,0,0,0,0,0,0,0,0,0,0,0,0,0,0,0,0,0
Sp: Washtenaw County,1981-01-01,Michigan,0,MI81081,,not updated,adjustment,adjustment,adjustment,adjustment,breakdown offenses,breakdown offenses,breakdown offenses,0,0,0,0,0,5,5,0,1,0,0,1,0,32,1,0,11,0,20,25,24,0,1,59,33,7,3,23,155,0,12,18,117,135,0,0,2,2,0,0,0,0,0,0,8,0,0,2,0,6,1,1,0,0,22,2,0,0,2,35,0,2,4,25,29,0,0,0,0,0,0,0,0,0,0,1,0,0,0,0,1,0,0,0,0,2,0,0,0,0,3,0,0,0,2,2,0,0,0,0,0,0,0,0,0,0,0,0,0,0,0,0,0,0,0,0,0,0,0,0,0,0,0,0,0,0,0
Sp: Washtenaw County,1981-02-01,Michigan,0,MI81081,,not updated,adjustment,adjustment,adjustment,adjustment,breakdown offenses,breakdown offenses,breakdown offenses,0,0,0,1,0,3,3,0,3,1,0,2,0,28,0,0,5,0,23,39,37,0,2,94,34,18,4,12,202,0,5,12,167,179,1,0,0,0,0,0,0,0,0,0,2,0,0,0,0,2,5,5,0,0,17,2,0,0,2,27,0,0,1,24,25,0,0,0,0,0,0,0,0,0,0,0,0,0,0,0,0,0,0,0,0,6,0,0,0,0,6,0,0,0,6,6,0,0,0,0,0,0,0,0,0,0,0,0,0,0,0,0,0,0,0,0,0,0,0,0,0,0,0,0,0,0,0
Sp: Washtenaw County,1981-03-01,Michigan,0,MI81081,,not updated,adjustment,adjustment,adjustment,adjustment,breakdown offenses,breakdown offenses,breakdown offenses,0,0,0,1,0,2,2,0,4,3,0,1,0,18,3,0,6,1,8,24,19,4,1,56,32,13,6,13,137,0,10,17,112,129,0,0,1,1,0,0,0,0,0,0,7,0,0,3,1,3,3,3,0,0,23,1,0,0,1,35,0,4,5,27,32,0,0,0,0,0,0,0,0,0,0,1,0,0,0,0,1,1,1,0,0,9,0,0,0,0,11,0,0,0,10,10,0,0,0,0,0,0,0,0,0,0,0,0,0,0,0,0,0,0,0,0,0,0,0,0,0,0,0,0,0,0,0
Sp: Washtenaw County,1981-04-01,Michigan,0,MI81081,,not updated,adjustment,adjustment,adjustment,adjustment,breakdown offenses,breakdown offenses,breakdown offenses,0,0,0,0,0,3,3,0,1,0,0,1,0,27,1,1,7,1,17,41,34,2,5,72,21,16,2,3,165,0,10,14,134,148,0,0,0,0,0,0,0,0,0,0,5,0,0,1,0,4,2,1,0,1,16,3,2,0,1,26,0,1,1,21,22,0,0,0,0,0,0,0,0,0,0,1,0,0,0,0,1,0,0,0,0,3,1,0,0,1,5,0,0,0,4,4,0,0,0,0,0,0,0,0,0,0,0,0,0,0,0,0,0,0,0,0,0,0,0,0,0,0,0,0,0,0,0
Sp: Washtenaw County,1981-05-01,Michigan,0,MI81081,,not updated,normal return,normal return,normal return,adjustment,breakdown offenses,breakdown offenses,breakdown offenses,0,0,0,0,0,2,2,0,5,0,0,5,0,35,0,0,6,0,29,35,33,1,1,60,21,12,1,8,158,0,6,13,116,129,0,0,0,0,0,0,0,0,0,0,3,0,0,0,0,3,3,3,0,0,17,2,1,0,1,25,0,0,0,22,22,0,0,0,0,0,0,0,0,0,0,0,0,0,0,0,0,1,1,0,0,8,1,0,0,1,10,0,0,0,10,10,0,0,0,0,0,0,0,0,0,0,0,0,0,0,0,0,0,0,0,0,0,0,0,0,0,0,0,0,0,0,0
Sp: Washtenaw County,1981-06-01,Michigan,0,MI81081,,not updated,normal return,normal return,normal return,adjustment,breakdown offenses,breakdown offenses,breakdown offenses,0,0,0,0,0,1,1,0,3,0,0,3,0,28,0,0,6,3,19,26,19,4,3,89,21,15,6,0,168,0,9,13,136,149,0,0,0,0,0,0,0,0,0,0,7,0,0,2,0,5,4,2,0,2,26,2,1,0,1,39,0,2,2,32,34,0,0,0,0,0,0,0,0,0,0,0,0,0,0,0,0,1,0,0,1,3,2,1,0,1,6,0,0,0,6,6,0,0,0,0,0,0,0,0,0,0,0,0,0,0,0,0,0,0,0,0,0,0,0,0,0,0,0,0,0,0,0
Sp: Washtenaw County,1981-07-01,Michigan,0,MI81081,,not updated,normal return,normal return,normal return,adjustment,breakdown offenses,breakdown offenses,breakdown offenses,0,0,0,0,0,5,5,0,7,2,1,4,0,35,1,0,13,0,21,35,34,0,1,68,32,13,6,13,182,0,14,26,135,161,0,0,2,2,0,1,0,1,0,0,8,0,0,4,0,4,5,5,0,0,18,3,2,0,1,37,0,4,7,26,33,0,0,0,0,0,0,0,0,0,0,0,0,0,0,0,0,4,4,0,0,7,0,0,0,0,11,0,0,0,11,11,0,0,0,0,0,0,0,0,0,0,0,0,0,0,0,0,0,0,0,0,0,0,0,0,0,0,0,0,0,0,0
Sp: Washtenaw County,1981-08-01,Michigan,0,MI81081,,not updated,normal return,normal return,normal return,adjustment,breakdown offenses,breakdown offenses,breakdown offenses,0,0,0,0,0,3,3,0,3,0,0,3,0,45,5,3,17,0,20,27,26,0,1,79,17,7,3,7,174,0,25,31,123,154,0,0,0,0,0,0,0,0,0,0,16,0,1,6,0,9,3,3,0,0,19,1,1,0,0,39,0,7,7,23,30,0,0,0,0,0,0,0,0,0,0,0,0,0,0,0,0,1,1,0,0,5,0,0,0,0,6,0,0,0,6,6,0,0,0,0,0,0,0,0,0,0,0,0,0,0,0,0,0,0,0,0,0,0,0,0,0,0,0,0,0,0,0
Sp: Washtenaw County,1981-09-01,Michigan,0,MI81081,,not updated,normal return,normal return,normal return,adjustment,breakdown offenses,breakdown offenses,breakdown offenses,0,0,0,0,1,4,4,0,3,0,0,3,0,36,4,0,9,0,23,29,28,1,0,76,23,13,2,8,172,0,13,20,128,148,0,0,0,0,0,0,0,0,0,0,13,3,0,5,0,5,3,3,0,0,37,3,1,1,1,56,0,8,8,43,51,0,0,0,0,0,0,0,0,0,0,2,0,0,0,0,2,1,1,0,0,16,2,0,1,1,21,0,0,0,19,19,0,0,0,0,0,0,0,0,0,0,0,0,0,0,0,0,0,0,0,0,0,0,0,0,0,0,0,0,0,0,0
Sp: Washtenaw County,1981-10-01,Michigan,0,MI81081,,not updated,normal return,normal return,normal return,adjustment,breakdown offenses,breakdown offenses,breakdown offenses,0,0,0,2,-1,1,1,0,2,0,0,2,0,29,1,1,5,0,22,38,35,0,3,57,27,13,6,8,155,0,7,12,122,134,1,0,0,0,0,0,0,0,0,0,11,0,0,3,0,8,5,5,0,0,28,1,0,0,1,46,0,3,4,34,38,0,0,0,0,0,0,0,0,0,0,2,0,0,1,0,1,2,2,0,0,6,1,0,0,1,11,0,1,1,9,10,0,0,0,0,0,0,0,0,0,0,0,0,0,0,0,0,0,0,0,0,0,0,0,0,0,0,0,0,0,0,0
Sp: Washtenaw County,1981-11-01,Michigan,0,MI81081,,not updated,normal return,normal return,normal return,adjustment,breakdown offenses,breakdown offenses,breakdown offenses,0,0,0,1,0,3,3,0,3,0,0,3,0,21,0,1,4,1,15,35,33,0,2,49,16,8,3,5,128,0,6,13,100,113,0,0,0,0,0,1,0,0,1,0,10,0,1,3,0,6,8,8,0,0,15,2,2,0,0,36,0,4,5,25,30,0,0,0,0,0,0,0,0,0,0,2,0,0,0,0,2,2,2,0,0,3,0,0,0,0,7,0,0,0,5,5,0,0,0,0,0,0,0,0,0,0,0,0,0,0,0,0,0,0,0,0,0,0,0,0,0,0,0,0,0,0,0
Sp: Washtenaw County,1981-12-01,Michigan,0,MI81081,,not updated,adjustment,adjustment,adjustment,adjustment,breakdown offenses,breakdown offenses,breakdown offenses,0,0,0,0,0,1,1,0,4,1,1,2,0,19,-1,2,9,0,9,46,40,0,6,57,19,8,3,8,146,0,10,15,122,137,0,0,1,1,0,1,0,1,0,0,10,1,2,6,0,1,8,8,0,0,20,2,0,0,2,42,0,9,11,30,41,0,0,0,0,0,0,0,0,0,0,0,0,0,0,0,0,3,3,0,0,7,0,0,0,0,10,0,0,0,10,10,0,0,0,0,0,0,0,0,0,0,0,0,0,0,0,0,0,0,0,0,0,0,0,0,0,0,0,0,0,0,0
Sp: Washtenaw County,1982-01-01,Michigan,0,MI81081,,not updated,normal return,normal return,normal return,adjustment,breakdown offenses,breakdown offenses,breakdown offenses,0,0,0,0,0,3,3,0,3,0,0,3,0,25,9,1,3,2,10,16,16,0,0,43,8,6,2,0,98,0,15,21,67,88,0,0,1,1,0,0,0,0,0,0,10,0,1,4,1,4,7,7,0,0,27,3,2,1,0,48,0,6,7,37,44,0,0,0,0,0,0,0,0,0,0,2,0,0,1,0,1,3,3,0,0,5,1,1,0,0,11,0,1,1,9,10,0,0,0,0,0,0,0,0,0,0,0,0,0,0,0,0,0,0,0,0,0,0,0,0,0,0,0,0,0,0,0
Sp: Washtenaw County,1982-02-01,Michigan,0,MI81081,,not updated,normal return,normal return,normal return,adjustment,breakdown offenses,breakdown offenses,breakdown offenses,0,0,0,0,0,0,0,0,1,0,0,1,0,21,2,-1,4,0,16,13,12,0,1,32,19,9,5,5,86,0,5,6,64,70,0,0,0,0,0,1,1,0,0,0,5,1,0,2,0,2,5,5,0,0,10,0,0,0,0,21,0,3,4,15,19,0,0,0,0,0,0,0,0,0,0,1,1,0,0,0,0,1,1,0,0,2,0,0,0,0,4,0,1,1,3,4,0,0,0,0,0,0,0,0,0,0,0,0,0,0,0,0,0,0,0,0,0,0,0,0,0,0,0,0,0,0,0
Sp: Washtenaw County,1982-03-01,Michigan,0,MI81081,,not updated,normal return,normal return,normal return,adjustment,breakdown offenses,breakdown offenses,breakdown offenses,0,0,0,1,0,2,2,0,3,0,0,3,0,15,0,0,8,0,7,19,19,0,0,31,14,9,2,3,85,0,8,14,64,78,1,0,1,1,0,0,0,0,0,0,9,1,0,3,0,5,5,5,0,0,26,2,1,1,0,44,0,4,6,33,39,0,0,0,0,0,0,0,0,0,0,3,1,0,0,0,2,2,2,0,0,7,1,0,1,0,13,0,1,1,10,11,0,0,0,0,0,0,0,0,0,0,0,0,0,0,0,0,0,0,0,0,0,0,0,0,0,0,0,0,0,0,0
Sp: Washtenaw County,1982-04-01,Michigan,0,MI81081,,not updated,normal return,normal return,normal return,adjustment,breakdown offenses,breakdown offenses,breakdown offenses,0,0,0,0,1,5,5,0,1,0,0,1,0,19,0,1,8,0,10,27,27,0,0,47,16,7,3,6,116,0,9,15,90,105,0,0,1,1,0,0,0,0,0,0,8,0,1,4,1,2,4,4,0,0,10,1,0,0,1,24,0,6,7,15,22,0,0,0,0,0,0,0,0,0,0,1,0,1,0,0,0,1,1,0,0,1,1,0,0,1,4,0,1,1,3,4,0,0,0,0,0,0,0,0,0,0,0,0,0,0,0,0,0,0,0,0,0,0,0,0,0,0,0,0,0,0,0
Sp: Washtenaw County,1982-05-01,Michigan,0,MI81081,,not updated,normal return,normal return,normal return,normal return,breakdown offenses,breakdown offenses,breakdown offenses,0,0,1,0,0,1,1,0,0,0,0,0,0,34,3,3,9,1,18,22,22,0,0,57,23,11,7,5,137,0,16,17,102,119,0,0,-1,-1,0,0,0,0,0,0,14,3,2,3,0,6,2,2,0,0,9,3,2,0,1,27,0,8,7,14,21,0,0,0,0,0,0,0,0,0,0,4,2,0,2,0,0,0,0,0,0,1,2,2,0,0,7,0,4,4,3,7,0,0,0,0,0,0,0,0,0,0,0,0,0,0,0,0,0,0,0,0,0,0,0,0,0,0,0,0,0,0,0
Sp: Washtenaw County,1982-06-01,Michigan,0,MI81081,,not updated,normal return,normal return,normal return,adjustment,breakdown offenses,breakdown offenses,breakdown offenses,0,0,0,0,0,10,10,0,4,0,0,4,0,43,0,1,11,0,31,65,63,2,0,86,27,13,6,8,235,0,12,26,178,204,0,0,4,4,0,0,0,0,0,0,16,1,2,4,1,8,5,4,1,0,20,1,1,0,0,46,0,8,12,26,38,0,0,0,0,0,0,0,0,0,0,1,0,0,1,0,0,0,0,0,0,7,1,1,0,0,9,0,1,1,8,9,0,0,0,0,0,0,0,0,0,0,0,0,0,0,0,0,0,0,0,0,0,0,0,0,0,0,0,0,0,0,0
Sp: Washtenaw County,1982-07-01,Michigan,0,MI81081,,not updated,adjustment,adjustment,adjustment,adjustment,breakdown offenses,breakdown offenses,breakdown offenses,0,0,0,0,0,4,4,0,2,0,1,1,0,27,0,0,7,0,20,23,22,1,0,51,29,23,6,0,136,0,7,13,103,116,0,0,0,0,0,0,0,0,0,0,13,0,0,3,0,10,3,3,0,0,6,2,2,0,0,24,0,3,3,11,14,0,0,0,0,0,0,0,0,0,0,2,0,0,2,0,0,0,0,0,0,1,0,0,0,0,3,0,2,2,1,3,0,0,0,0,0,0,0,0,0,0,0,0,0,0,0,0,0,0,0,0,0,0,0,0,0,0,0,0,0,0,0
Sp: Washtenaw County,1982-08-01,Michigan,0,MI81081,,not updated,adjustment,adjustment,adjustment,adjustment,breakdown offenses,breakdown offenses,breakdown offenses,0,0,0,0,0,1,1,0,6,1,1,4,0,29,3,3,3,2,18,32,29,1,2,64,18,11,5,2,150,0,11,18,114,132,0,0,0,0,0,1,1,0,0,0,8,1,1,0,0,6,3,3,0,0,15,0,0,0,0,27,0,2,3,18,21,0,0,0,0,0,0,0,0,0,0,1,0,0,0,0,1,0,0,0,0,2,0,0,0,0,3,0,0,0,2,2,0,0,0,0,0,0,0,0,0,0,0,0,0,0,0,0,0,0,0,0,0,0,0,0,0,0,0,0,0,0,0
Sp: Washtenaw County,1982-09-01,Michigan,0,MI81081,,not updated,adjustment,adjustment,adjustment,adjustment,breakdown offenses,breakdown offenses,breakdown offenses,0,0,0,0,0,5,5,0,8,3,0,5,0,44,5,4,7,1,27,44,39,2,3,61,22,17,3,2,184,0,17,30,127,157,0,0,4,4,0,3,1,0,2,0,19,4,2,2,1,10,7,6,1,0,13,6,5,0,1,52,0,9,16,26,42,0,0,0,0,0,0,0,0,0,0,1,1,0,0,0,0,0,0,0,0,0,0,0,0,0,1,0,1,1,0,1,0,0,0,0,0,0,0,0,0,0,0,0,0,0,0,0,0,0,0,0,0,0,0,0,0,0,0,0,0,0,0
Sp: Washtenaw County,1982-10-01,Michigan,0,MI81081,,not updated,adjustment,adjustment,adjustment,adjustment,breakdown offenses,breakdown offenses,breakdown offenses,0,0,0,0,0,1,0,1,5,1,0,4,0,30,2,1,8,1,18,37,37,0,0,79,19,17,2,0,171,0,12,18,135,153,0,0,0,0,0,0,0,0,0,0,10,1,0,3,1,5,4,4,0,0,14,0,0,0,0,28,0,5,5,18,23,0,0,0,0,0,0,0,0,0,0,0,0,0,0,0,0,1,1,0,0,2,0,0,0,0,3,0,0,0,3,3,0,0,0,0,0,0,0,0,0,0,0,0,0,0,0,0,0,0,0,0,0,0,0,0,0,0,0,0,0,0,0
Sp: Washtenaw County,1982-11-01,Michigan,0,MI81081,,not updated,adjustment,adjustment,adjustment,adjustment,breakdown offenses,breakdown offenses,breakdown offenses,0,0,0,0,0,3,3,0,3,1,0,2,0,31,1,2,6,1,21,36,33,0,3,47,16,13,3,0,136,0,10,16,99,115,0,0,0,0,0,0,0,0,0,0,10,1,1,2,0,6,5,5,0,0,10,0,0,0,0,25,0,4,4,15,19,0,0,0,0,0,0,0,0,0,0,1,0,1,0,0,0,3,3,0,0,4,0,0,0,0,8,0,1,1,7,8,0,0,0,0,0,0,0,0,0,0,0,0,0,0,0,0,0,0,0,0,0,0,0,0,0,0,0,0,0,0,0
Sp: Washtenaw County,1982-12-01,Michigan,0,MI81081,,not updated,adjustment,adjustment,adjustment,adjustment,breakdown offenses,breakdown offenses,breakdown offenses,0,0,0,0,0,0,0,0,0,0,0,0,0,0,0,0,0,0,0,0,0,0,0,0,2,1,1,0,2,0,0,0,2,2,0,0,0,0,0,0,0,0,0,0,0,0,0,0,0,0,0,0,0,0,0,1,0,1,0,1,0,0,0,1,1,0,0,0,0,0,0,0,0,0,0,0,0,0,0,0,0,0,0,0,0,0,0,0,0,0,0,0,0,0,0,0,0,0,0,0,0,0,0,0,0,0,0,0,0,0,0,0,0,0,0,0,0,0,0,0,0,0,0,0,0,0,0
Sp: Washtenaw County,1983-01-01,Michigan,0,MI81081,breakdown offenses,normal return,normal return,normal return,normal return,normal return,breakdown offenses,breakdown offenses,breakdown offenses,0,0,1,0,0,0,0,0,7,1,2,4,0,16,2,2,5,0,7,27,23,1,3,33,10,10,0,0,93,0,9,16,70,86,0,0,0,0,0,2,1,1,0,0,3,1,1,0,0,1,4,4,0,0,5,0,0,0,0,14,0,2,4,9,13,0,0,0,0,0,0,0,0,0,0,0,0,0,0,0,0,1,1,0,0,1,0,0,0,0,2,0,0,0,2,2,0,0,0,0,0,0,0,0,0,0,1,0,0,0,0,1,1,1,0,0,0,2,2,0,0,4,0,0,0,3,3
Sp: Washtenaw County,1983-02-01,Michigan,0,MI81081,breakdown offenses,adjustment,adjustment,adjustment,adjustment,adjustment,breakdown offenses,breakdown offenses,breakdown offenses,0,0,0,0,0,2,2,0,4,0,0,4,0,35,1,1,6,0,27,21,21,0,0,47,21,15,6,0,130,0,8,14,89,103,0,0,1,1,0,0,0,0,0,0,11,1,0,2,0,8,4,4,0,0,13,3,1,2,0,32,0,3,4,20,24,0,0,0,0,0,0,0,0,0,0,0,0,0,0,0,0,1,1,0,0,4,0,0,0,0,5,0,0,0,5,5,0,0,0,0,0,0,0,0,0,0,1,0,0,1,0,0,1,1,0,0,0,1,1,0,0,3,0,1,1,2,3
Sp: Washtenaw County,1983-03-01,Michigan,0,MI81081,breakdown offenses,normal return,normal return,normal return,normal return,normal return,breakdown offenses,breakdown offenses,breakdown offenses,0,0,0,0,0,0,0,0,1,0,0,1,0,33,2,0,9,0,22,24,23,0,1,50,26,24,1,1,134,0,11,12,100,112,0,0,0,0,0,1,0,0,1,0,12,0,0,3,0,9,6,6,0,0,10,2,1,0,1,31,0,3,4,18,22,0,0,0,0,0,0,0,0,0,0,2,0,0,2,0,0,2,2,0,0,2,1,0,0,1,7,0,2,2,5,7,0,0,0,0,0,0,0,0,0,0,2,0,0,0,0,2,0,0,0,0,1,0,0,0,0,3,0,0,0,1,1
Sp: Washtenaw County,1983-04-01,Michigan,0,MI81081,breakdown offenses,normal return,normal return,normal return,normal return,normal return,breakdown offenses,breakdown offenses,breakdown offenses,0,0,0,0,0,1,1,0,3,2,0,1,0,36,2,4,12,4,14,21,18,0,3,46,13,11,2,0,120,0,22,26,80,106,0,0,1,1,0,0,0,0,0,0,7,0,0,3,2,2,1,1,0,0,6,0,0,0,0,15,0,5,6,7,13,0,0,0,0,0,0,0,0,0,0,0,0,0,0,0,0,0,0,0,0,1,0,0,0,0,1,0,0,0,1,1,0,0,0,0,0,0,0,0,0,0,2,0,0,0,0,2,0,0,0,0,2,0,0,0,0,4,0,0,0,2,2
Sp: Washtenaw County,1983-05-01,Michigan,0,MI81081,breakdown offenses,normal return,normal return,normal return,normal return,normal return,breakdown offenses,breakdown offenses,breakdown offenses,0,0,1,0,0,3,2,1,5,1,0,4,0,33,2,0,4,1,26,24,23,1,0,41,15,14,1,0,121,0,7,15,80,95,0,0,0,0,0,0,0,0,0,0,5,0,1,2,0,2,6,6,0,0,6,1,1,0,0,18,0,3,3,13,16,0,0,0,0,0,0,0,0,0,0,0,0,0,0,0,0,1,1,0,0,0,1,1,0,0,2,0,0,0,2,2,1,0,0,0,0,1,0,0,1,0,0,0,0,0,0,0,1,1,0,0,0,5,5,0,0,8,0,0,2,6,8
Sp: Washtenaw County,1983-06-01,Michigan,0,MI81081,breakdown offenses,normal return,normal return,normal return,normal return,normal return,breakdown offenses,breakdown offenses,breakdown offenses,0,0,0,0,0,7,6,1,6,1,0,5,0,42,1,4,7,1,29,23,19,0,4,40,19,15,2,2,137,0,13,26,82,108,0,0,1,1,0,1,0,0,1,0,9,1,0,1,0,7,5,5,0,0,12,2,2,0,0,30,0,2,4,19,23,0,0,0,0,0,0,0,0,0,0,0,0,0,0,0,0,2,2,0,0,2,0,0,0,0,4,0,0,0,4,4,0,0,0,0,0,0,0,0,0,0,0,0,0,0,0,0,1,1,0,0,1,2,2,0,0,4,0,0,0,4,4
Sp: Washtenaw County,1983-07-01,Michigan,0,MI81081,breakdown offenses,normal return,normal return,normal return,normal return,normal return,breakdown offenses,breakdown offenses,breakdown offenses,0,0,0,0,0,3,3,0,4,0,0,4,0,45,1,2,18,0,24,28,23,0,5,49,18,16,0,2,147,0,21,28,95,123,0,0,0,0,0,0,0,0,0,0,6,1,0,2,0,3,3,3,0,0,6,1,1,0,0,16,0,3,3,10,13,0,0,0,0,0,0,0,0,0,0,0,0,0,0,0,0,1,1,0,0,2,0,0,0,0,3,0,0,0,3,3,0,0,0,0,0,1,0,0,1,0,1,1,0,0,0,0,0,0,0,0,3,4,4,0,0,9,0,1,2,7,9
Sp: Washtenaw County,1983-08-01,Michigan,0,MI81081,breakdown offenses,normal return,normal return,normal return,normal return,normal return,breakdown offenses,breakdown offenses,breakdown offenses,0,0,0,0,0,6,5,1,3,-1,0,4,0,37,2,1,4,0,30,26,24,0,2,47,19,15,0,4,138,0,7,16,92,108,0,0,0,0,0,0,0,0,0,0,12,1,0,0,0,11,7,6,0,1,7,1,1,0,0,27,0,1,1,15,16,0,0,0,0,0,0,0,0,0,0,0,0,0,0,0,0,3,2,0,1,1,0,0,0,0,4,0,0,0,4,4,0,0,0,0,0,1,1,0,0,0,1,0,0,1,0,0,1,1,0,0,3,1,1,0,0,7,0,1,2,5,7
Sp: Washtenaw County,1983-09-01,Michigan,0,MI81081,breakdown offenses,normal return,normal return,normal return,normal return,normal return,breakdown offenses,breakdown offenses,breakdown offenses,0,0,0,0,0,0,0,0,7,0,0,7,0,35,1,2,5,2,25,23,19,0,4,52,33,26,5,2,150,0,10,17,108,125,0,0,0,0,0,0,0,0,0,0,8,3,0,1,0,4,2,1,0,1,1,1,1,0,0,12,0,4,4,4,8,0,0,0,0,0,0,0,0,0,0,0,0,0,0,0,0,-1,-1,0,0,0,0,0,0,0,-1,0,0,0,-1,-1,0,0,0,0,0,0,0,0,0,0,0,0,0,0,0,0,1,1,0,0,0,3,3,0,0,4,0,0,0,4,4
Sp: Washtenaw County,1983-10-01,Michigan,0,MI81081,breakdown offenses,normal return,normal return,normal return,normal return,normal return,breakdown offenses,breakdown offenses,breakdown offenses,0,0,0,0,0,2,2,0,12,3,0,8,1,24,1,1,4,0,18,23,19,0,4,54,29,24,3,2,144,0,6,20,106,126,0,0,1,1,0,1,1,0,0,0,10,1,0,5,0,4,3,3,0,0,4,3,3,0,0,22,0,6,8,10,18,0,0,0,0,0,0,0,0,0,0,0,0,0,0,0,0,-1,-1,0,0,1,0,0,0,0,0,0,0,0,0,0,0,0,0,0,0,0,0,0,0,0,0,0,0,0,0,0,1,1,0,0,2,1,1,0,0,4,0,0,0,4,4
Sp: Washtenaw County,1983-11-01,Michigan,0,MI81081,breakdown offenses,normal return,normal return,normal return,normal return,normal return,breakdown offenses,breakdown offenses,breakdown offenses,0,0,1,0,0,1,1,0,3,0,0,3,0,31,1,2,15,0,13,19,16,3,0,33,25,23,1,1,112,0,18,22,77,99,0,0,0,0,0,1,1,0,0,0,19,1,1,9,0,8,5,5,0,0,7,4,2,2,0,36,0,11,12,16,28,0,0,0,0,0,0,0,0,0,0,1,0,0,0,0,1,2,2,0,0,3,3,2,1,0,9,0,0,0,8,8,0,0,1,1,0,0,0,0,0,0,1,0,0,1,0,0,0,0,0,0,1,0,0,0,0,3,0,1,2,1,3
Sp: Washtenaw County,1983-12-01,Michigan,0,MI81081,breakdown offenses,adjustment,adjustment,adjustment,adjustment,adjustment,breakdown offenses,breakdown offenses,breakdown offenses,0,0,0,0,0,3,3,0,9,3,0,6,0,34,0,5,15,2,12,33,31,0,2,39,27,22,4,1,145,0,22,34,99,133,0,0,3,3,0,1,0,0,1,0,16,0,1,10,1,4,3,3,0,0,10,3,3,0,0,36,0,12,16,16,32,0,0,0,0,0,0,0,0,0,0,0,0,0,0,0,0,0,0,0,0,2,0,0,0,0,2,0,0,0,2,2,1,0,1,1,0,0,0,0,0,0,1,0,0,0,0,1,4,4,0,0,0,1,1,0,0,8,0,0,2,5,7
Sp: Washtenaw County,1984-01-01,Michigan,0,MI81081,breakdown offenses,adjustment,adjustment,adjustment,adjustment,adjustment,breakdown offenses,breakdown offenses,breakdown offenses,0,0,0,0,0,3,3,0,7,0,0,7,0,31,2,3,7,1,18,32,28,1,3,52,15,14,1,0,140,0,13,23,99,122,0,0,0,0,0,3,0,0,3,0,10,1,2,3,0,4,3,3,0,0,19,1,1,0,0,36,0,6,9,23,32,0,0,0,0,0,0,0,0,0,0,1,0,1,0,0,0,0,0,0,0,5,0,0,0,0,6,0,1,1,5,6,0,0,0,0,0,0,0,0,0,0,1,0,0,1,0,0,8,8,0,0,2,1,1,0,0,12,0,1,1,11,12
Sp: Washtenaw County,1984-02-01,Michigan,0,MI81081,breakdown offenses,adjustment,adjustment,adjustment,adjustment,adjustment,breakdown offenses,breakdown offenses,breakdown offenses,0,0,0,0,0,2,1,1,3,1,0,2,0,35,2,4,7,0,22,40,34,2,4,50,12,11,1,0,142,0,13,18,102,120,1,0,1,0,1,1,0,0,1,0,8,1,1,0,1,5,5,5,0,0,20,4,4,0,0,40,0,3,6,29,35,0,0,0,0,0,0,0,0,0,0,0,0,0,0,0,0,1,1,0,0,4,0,0,0,0,5,0,0,0,5,5,0,0,0,0,0,0,0,0,0,0,0,0,0,0,0,0,8,8,0,0,1,3,3,0,0,12,0,0,0,12,12
Sp: Washtenaw County,1984-03-01,Michigan,0,MI81081,breakdown offenses,adjustment,adjustment,adjustment,adjustment,adjustment,breakdown offenses,breakdown offenses,breakdown offenses,0,0,0,0,0,2,2,0,5,3,0,2,0,46,3,1,15,0,27,43,43,0,0,38,36,35,1,0,170,0,19,26,117,143,0,0,2,2,0,0,0,0,0,0,17,1,0,3,0,13,3,3,0,0,7,3,3,0,0,32,0,4,6,13,19,0,0,1,1,0,0,0,0,0,0,1,0,0,0,0,1,1,1,0,0,2,0,0,0,0,5,0,0,1,3,4,0,0,0,0,0,0,0,0,0,0,0,0,0,0,0,0,5,5,0,0,0,1,1,0,0,6,0,0,0,6,6
Sp: Washtenaw County,1984-04-01,Michigan,0,MI81081,breakdown offenses,adjustment,adjustment,adjustment,adjustment,adjustment,breakdown offenses,breakdown offenses,breakdown offenses,0,0,0,0,0,1,1,0,5,1,0,4,0,32,2,1,4,2,23,40,37,1,2,42,25,23,2,0,145,0,9,15,107,122,0,0,0,0,0,2,0,0,2,0,10,4,0,2,0,4,3,3,0,0,20,2,2,0,0,37,0,6,8,25,33,0,0,0,0,0,0,0,0,0,0,0,0,0,0,0,0,2,2,0,0,1,1,1,0,0,4,0,0,0,4,4,0,0,0,0,0,2,0,0,2,0,0,0,0,0,0,0,9,9,0,0,2,2,2,0,0,15,0,0,2,13,15
Sp: Washtenaw County,1984-05-01,Michigan,0,MI81081,breakdown offenses,adjustment,adjustment,adjustment,adjustment,adjustment,breakdown offenses,breakdown offenses,breakdown offenses,0,0,0,0,0,4,4,0,4,1,0,3,0,40,0,1,13,3,23,24,23,1,0,53,18,18,0,0,143,0,17,25,95,120,0,0,2,2,0,0,0,0,0,0,10,0,0,7,0,3,1,1,0,0,11,1,1,0,0,25,0,7,9,13,22,0,0,0,0,0,0,0,0,0,0,1,0,0,1,0,0,-1,-1,0,0,3,0,0,0,0,3,0,1,1,2,3,1,0,1,1,0,0,0,0,0,0,3,0,0,1,0,2,6,6,0,0,1,12,12,0,0,24,0,1,3,19,22
Sp: Washtenaw County,1984-06-01,Michigan,0,MI81081,breakdown offenses,adjustment,adjustment,adjustment,adjustment,adjustment,breakdown offenses,breakdown offenses,breakdown offenses,0,0,0,0,2,4,3,1,-1,0,0,-1,0,40,3,1,8,0,28,32,29,1,2,44,17,17,0,0,138,0,12,15,93,108,0,0,4,3,1,0,0,0,0,0,9,0,1,2,0,6,1,1,0,0,6,1,1,0,0,21,0,3,7,8,15,0,0,0,0,0,0,0,0,0,0,1,0,0,0,0,1,0,0,0,0,1,1,1,0,0,3,0,0,0,2,2,0,0,0,0,0,4,0,0,4,0,1,0,0,0,0,1,6,6,0,0,2,7,7,0,0,20,0,0,4,15,19
Sp: Washtenaw County,1984-07-01,Michigan,0,MI81081,breakdown offenses,adjustment,adjustment,adjustment,adjustment,adjustment,breakdown offenses,breakdown offenses,breakdown offenses,0,0,0,0,1,1,1,0,1,0,1,0,0,34,1,3,10,4,16,29,27,0,2,45,7,7,0,0,118,0,18,20,81,101,0,0,0,0,0,0,0,0,0,0,8,1,1,0,0,6,1,1,0,0,2,0,0,0,0,11,0,2,2,3,5,0,0,0,0,0,0,0,0,0,0,0,0,0,0,0,0,1,1,0,0,0,0,0,0,0,1,0,0,0,1,1,0,0,0,0,0,1,0,0,1,0,2,0,0,1,0,1,7,7,0,0,0,2,2,0,0,12,0,1,2,9,11
Sp: Washtenaw County,1984-08-01,Michigan,0,MI81081,breakdown offenses,adjustment,adjustment,adjustment,adjustment,adjustment,breakdown offenses,breakdown offenses,breakdown offenses,0,0,0,0,0,4,4,0,3,1,0,2,0,34,0,0,15,1,18,34,32,0,2,45,14,13,1,0,134,0,16,23,93,116,0,0,2,2,0,0,0,0,0,0,12,0,0,5,0,7,2,2,0,0,9,2,2,0,0,27,0,5,7,13,20,0,0,1,1,0,0,0,0,0,0,0,0,0,0,0,0,2,2,0,0,4,1,1,0,0,8,0,0,1,7,8,0,0,1,1,0,1,0,0,1,0,5,0,0,1,0,4,4,4,0,0,2,2,2,0,0,15,0,1,3,8,11
Sp: Washtenaw County,1984-09-01,Michigan,0,MI81081,breakdown offenses,adjustment,adjustment,adjustment,adjustment,adjustment,breakdown offenses,breakdown offenses,breakdown offenses,0,0,0,0,0,3,3,0,3,0,1,2,0,21,1,1,3,2,14,28,24,2,2,40,8,8,0,0,103,0,7,13,76,89,0,0,1,1,0,1,0,0,1,0,3,0,0,-1,0,4,2,1,0,1,2,0,0,0,0,9,0,-1,1,4,5,0,0,0,0,0,0,0,0,0,0,1,0,0,0,0,1,1,0,0,1,0,0,0,0,0,2,0,0,0,1,1,0,0,1,1,0,1,0,0,1,0,3,0,0,1,0,2,4,4,0,0,1,0,0,0,0,10,0,1,3,5,8
Sp: Washtenaw County,1984-10-01,Michigan,0,MI81081,breakdown offenses,adjustment,adjustment,adjustment,adjustment,adjustment,breakdown offenses,breakdown offenses,breakdown offenses,0,0,0,2,0,5,4,1,6,0,1,5,0,41,1,3,15,0,22,28,27,0,1,36,4,3,1,0,122,0,19,32,68,100,2,0,2,1,1,2,0,1,1,0,7,1,0,2,0,4,1,1,0,0,4,1,1,0,0,19,0,3,9,6,15,0,0,0,0,0,0,0,0,0,0,0,0,0,0,0,0,0,0,0,0,1,0,0,0,0,1,0,0,0,1,1,1,0,0,0,0,0,0,0,0,0,1,0,0,0,0,1,2,2,0,0,0,2,2,0,0,6,0,0,1,4,5
Sp: Washtenaw County,1984-11-01,Michigan,0,MI81081,breakdown offenses,adjustment,adjustment,adjustment,adjustment,adjustment,breakdown offenses,breakdown offenses,breakdown offenses,0,0,0,2,0,2,2,0,5,1,1,3,0,42,0,2,10,0,30,26,26,0,0,32,13,11,2,0,122,0,12,21,71,92,2,0,0,0,0,1,0,1,0,0,13,0,2,5,0,6,0,0,0,0,3,1,1,0,0,20,0,7,10,4,14,0,0,0,0,0,0,0,0,0,0,0,0,0,0,0,0,0,0,0,0,0,0,0,0,0,0,0,0,0,0,0,0,0,0,0,0,1,0,0,1,0,1,0,0,0,0,1,3,3,0,0,0,0,0,0,0,5,0,0,1,3,4
Sp: Washtenaw County,1984-12-01,Michigan,0,MI81081,breakdown offenses,adjustment,adjustment,adjustment,adjustment,adjustment,breakdown offenses,breakdown offenses,breakdown offenses,0,0,0,0,0,4,3,1,4,0,0,4,0,21,2,0,7,0,12,37,32,3,2,26,8,8,0,0,100,0,9,17,71,88,0,0,2,1,1,1,0,0,1,0,15,0,0,7,0,8,6,6,0,0,9,0,0,0,0,33,0,7,10,15,25,0,0,0,0,0,0,0,0,0,0,-1,0,0,-1,0,0,1,1,0,0,3,0,0,0,0,3,0,-1,-1,4,3,2,0,0,0,0,0,0,0,0,0,1,0,0,0,0,1,3,3,0,0,1,1,1,0,0,8,0,0,2,5,7
Sp: Washtenaw County,1985-01-01,Michigan,0,MI81081,breakdown offenses,adjustment,adjustment,adjustment,adjustment,adjustment,breakdown offenses,breakdown offenses,breakdown offenses,0,0,0,0,0,2,2,0,1,0,0,1,0,41,0,4,2,0,35,36,36,0,0,26,10,9,0,1,116,0,6,9,72,81,0,0,2,2,0,0,0,0,0,0,7,0,0,0,0,7,4,4,0,0,4,0,0,0,0,17,0,0,2,8,10,0,0,0,0,0,0,0,0,0,0,0,0,0,0,0,0,0,0,0,0,1,0,0,0,0,1,0,0,0,1,1,0,0,0,0,0,0,0,0,0,0,1,0,0,1,0,0,5,5,0,0,0,2,2,0,0,8,0,1,1,7,8
Sp: Washtenaw County,1985-02-01,Michigan,0,MI81081,breakdown offenses,adjustment,adjustment,adjustment,adjustment,adjustment,breakdown offenses,breakdown offenses,breakdown offenses,0,0,0,0,0,3,3,0,2,0,0,2,0,40,0,2,12,1,25,25,24,0,1,23,8,7,0,1,101,0,15,20,56,76,0,0,1,1,0,0,0,0,0,0,10,0,0,7,0,3,3,3,0,0,2,2,2,0,0,18,0,7,8,7,15,0,0,0,0,0,0,0,0,0,0,0,0,0,0,0,0,1,1,0,0,0,1,1,0,0,2,0,0,0,2,2,0,0,0,0,0,0,0,0,0,0,1,0,0,0,0,1,6,4,1,1,1,1,1,0,0,9,0,0,0,8,8
Sp: Washtenaw County,1985-03-01,Michigan,0,MI81081,breakdown offenses,adjustment,adjustment,adjustment,adjustment,adjustment,breakdown offenses,breakdown offenses,breakdown offenses,0,0,2,0,0,6,6,0,6,1,0,5,0,30,1,1,13,1,14,37,35,0,2,40,11,11,0,0,130,0,16,28,88,116,0,0,4,4,0,0,0,0,0,0,8,1,0,4,1,2,5,5,0,0,9,0,0,0,0,26,0,6,10,14,24,0,0,3,3,0,0,0,0,0,0,0,0,0,0,0,0,3,3,0,0,2,0,0,0,0,8,0,0,3,5,8,0,0,1,1,0,1,0,0,1,0,0,0,0,0,0,0,5,5,0,0,2,1,1,0,0,10,0,0,2,8,10
Sp: Washtenaw County,1985-04-01,Michigan,0,MI81081,breakdown offenses,adjustment,adjustment,adjustment,adjustment,adjustment,breakdown offenses,breakdown offenses,breakdown offenses,0,0,1,0,0,8,8,0,4,0,1,3,0,58,1,3,14,0,40,22,22,0,0,48,11,8,1,2,151,0,18,30,81,111,0,0,0,0,0,0,0,0,0,0,21,1,1,6,0,13,1,1,0,0,8,2,2,0,0,32,0,8,8,11,19,0,0,0,0,0,0,0,0,0,0,2,0,0,0,0,2,0,0,0,0,1,1,1,0,0,4,0,0,0,2,2,0,0,1,1,0,1,0,0,1,0,2,0,0,0,0,2,4,4,0,0,0,1,1,0,0,9,0,0,2,5,7
Sp: Washtenaw County,1985-05-01,Michigan,0,MI81081,breakdown offenses,adjustment,adjustment,adjustment,adjustment,adjustment,breakdown offenses,breakdown offenses,breakdown offenses,0,0,0,0,0,9,9,0,2,1,0,1,0,54,0,0,17,0,37,26,23,1,2,40,13,13,0,0,144,0,17,28,79,107,0,0,2,2,0,2,0,0,2,0,10,0,0,1,0,9,2,2,0,0,4,1,1,0,0,21,0,1,5,7,12,0,0,0,0,0,0,0,0,0,0,1,0,0,0,0,1,1,1,0,0,2,1,1,0,0,5,0,0,0,4,4,0,0,1,0,1,1,0,0,1,0,1,0,0,1,0,0,7,7,0,0,0,2,2,0,0,12,0,1,3,9,12
Sp: Washtenaw County,1985-06-01,Michigan,0,MI81081,breakdown offenses,adjustment,adjustment,adjustment,adjustment,adjustment,breakdown offenses,breakdown offenses,breakdown offenses,0,0,0,0,0,2,2,0,4,0,0,4,0,54,4,0,8,2,40,35,31,0,4,43,8,7,0,1,146,0,14,20,86,106,0,0,1,1,0,0,0,0,0,0,4,1,0,2,0,1,2,2,0,0,7,1,1,0,0,15,0,3,4,10,14,0,0,0,0,0,0,0,0,0,0,1,0,0,0,0,1,0,0,0,0,1,1,1,0,0,3,0,0,0,2,2,0,0,0,0,0,1,0,0,1,0,0,0,0,0,0,0,8,8,0,0,3,1,1,0,0,13,0,0,1,12,13
Sp: Washtenaw County,1985-07-01,Michigan,0,MI81081,breakdown offenses,adjustment,adjustment,adjustment,adjustment,adjustment,breakdown offenses,breakdown offenses,breakdown offenses,0,0,0,2,0,5,5,0,5,0,1,4,0,43,0,2,11,1,29,25,23,0,2,30,8,7,0,1,118,0,14,26,63,89,0,0,2,2,0,0,0,0,0,0,6,0,0,3,0,3,1,1,0,0,4,1,1,0,0,14,0,3,5,6,11,0,0,0,0,0,0,0,0,0,0,0,0,0,0,0,0,1,1,0,0,2,0,0,0,0,3,0,0,0,3,3,0,0,0,0,0,0,0,0,0,0,1,0,0,0,0,1,9,9,0,0,0,0,0,0,0,10,0,0,0,9,9
Sp: Washtenaw County,1985-08-01,Michigan,0,MI81081,breakdown offenses,adjustment,adjustment,adjustment,adjustment,adjustment,breakdown offenses,breakdown offenses,breakdown offenses,0,0,0,0,0,5,4,1,5,0,0,5,0,43,0,5,14,1,23,22,20,0,2,55,14,13,0,1,144,0,20,30,91,121,0,0,2,2,0,6,0,0,6,0,4,0,0,0,0,4,4,4,0,0,9,2,2,0,0,27,0,0,8,15,23,0,0,0,0,0,2,0,0,2,0,0,0,0,0,0,0,1,1,0,0,2,2,2,0,0,7,0,0,2,5,7,0,0,0,0,0,2,0,0,2,0,1,1,0,0,0,0,6,6,0,0,1,1,1,0,0,11,0,1,3,8,11
Sp: Washtenaw County,1985-09-01,Michigan,0,MI81081,breakdown offenses,adjustment,adjustment,adjustment,adjustment,adjustment,breakdown offenses,breakdown offenses,breakdown offenses,0,0,0,0,0,2,2,0,0,0,0,0,0,73,3,15,6,0,49,17,15,0,2,28,6,5,1,0,126,0,24,26,51,77,0,0,0,0,0,2,0,0,2,0,9,0,3,3,0,3,1,1,0,0,1,0,0,0,0,13,0,6,8,2,10,0,0,0,0,0,0,0,0,0,0,0,0,0,0,0,0,1,1,0,0,1,0,0,0,0,2,0,0,0,2,2,1,0,0,0,0,2,0,0,2,0,1,0,0,0,0,1,16,16,0,0,0,1,1,0,0,21,0,0,3,17,20
Sp: Washtenaw County,1985-10-01,Michigan,0,MI81081,breakdown offenses,adjustment,adjustment,adjustment,adjustment,adjustment,breakdown offenses,breakdown offenses,breakdown offenses,0,0,0,0,0,7,7,0,1,0,0,1,0,39,0,0,9,1,29,11,9,0,2,51,13,12,0,1,122,0,10,18,75,93,0,0,1,1,0,0,0,0,0,0,3,0,0,2,0,1,0,0,0,0,8,5,5,0,0,17,0,2,3,13,16,0,0,0,0,0,0,0,0,0,0,1,0,0,0,0,1,0,0,0,0,2,1,1,0,0,4,0,0,0,3,3,0,0,0,0,0,2,0,0,2,0,2,0,0,1,0,1,22,22,0,0,2,1,1,0,0,29,0,1,3,25,28
Sp: Washtenaw County,1985-11-01,Michigan,0,MI81081,breakdown offenses,adjustment,adjustment,adjustment,adjustment,adjustment,breakdown offenses,breakdown offenses,breakdown offenses,0,0,0,1,0,2,2,0,3,1,1,1,0,33,6,5,7,1,14,12,12,0,0,27,13,11,2,0,91,0,19,25,52,77,0,0,1,1,0,1,1,0,0,0,8,3,1,1,0,3,2,2,0,0,8,1,1,0,0,21,0,5,7,11,18,0,0,0,0,0,0,0,0,0,0,0,0,0,0,0,0,1,1,0,0,5,0,0,0,0,6,0,0,0,6,6,0,0,1,1,0,3,0,0,3,0,1,0,0,0,0,1,24,24,0,0,2,0,0,0,0,31,0,0,4,26,30
Sp: Washtenaw County,1985-12-01,Michigan,0,MI81081,breakdown offenses,adjustment,adjustment,adjustment,adjustment,adjustment,breakdown offenses,breakdown offenses,breakdown offenses,0,0,0,0,0,7,7,0,3,1,0,2,0,19,4,3,2,0,10,18,17,1,0,44,8,8,0,0,99,0,9,19,70,89,0,0,2,2,0,1,1,0,0,0,6,0,3,1,0,2,3,3,0,0,3,1,1,0,0,16,0,4,7,7,14,0,0,0,0,0,0,0,0,0,0,0,0,0,0,0,0,0,0,0,0,0,0,0,0,0,0,0,0,0,0,0,0,0,1,1,0,1,0,0,1,0,0,0,0,0,0,0,24,24,0,0,4,0,0,0,0,30,0,0,2,28,30
Sp: Washtenaw County,1986-01-01,Michigan,0,MI81081,breakdown offenses,adjustment,adjustment,adjustment,adjustment,adjustment,breakdown offenses,breakdown offenses,breakdown offenses,0,0,0,0,0,2,2,0,3,0,0,3,0,36,0,9,7,0,20,20,17,0,3,34,11,11,0,0,106,0,16,21,65,86,0,0,1,1,0,0,0,0,0,0,11,0,6,3,0,2,5,5,0,0,4,1,1,0,0,22,0,9,10,10,20,0,0,0,0,0,0,0,0,0,0,4,0,4,0,0,0,3,3,0,0,2,0,0,0,0,9,0,4,4,5,9,0,0,0,0,0,4,0,0,4,0,2,0,0,0,0,2,15,15,0,0,0,1,1,0,0,22,0,0,4,16,20
Sp: Washtenaw County,1986-02-01,Michigan,0,MI81081,breakdown offenses,adjustment,adjustment,adjustment,adjustment,adjustment,breakdown offenses,breakdown offenses,breakdown offenses,0,0,0,0,0,4,4,0,4,1,0,1,2,23,0,3,6,0,14,18,16,1,1,34,7,7,0,0,90,0,9,17,59,76,0,0,2,2,0,0,0,0,0,0,4,0,1,0,0,3,2,2,0,0,3,1,1,0,0,12,0,1,3,6,9,0,0,1,1,0,0,0,0,0,0,0,0,0,0,0,0,1,1,0,0,1,0,0,0,0,3,0,0,1,2,3,0,0,0,0,0,1,0,0,1,0,0,0,0,0,0,0,10,10,0,0,2,4,4,0,0,17,0,0,1,16,17
Sp: Washtenaw County,1986-03-01,Michigan,0,MI81081,breakdown offenses,adjustment,adjustment,adjustment,adjustment,adjustment,breakdown offenses,breakdown offenses,breakdown offenses,0,0,0,0,0,3,2,1,3,0,0,3,0,24,1,3,6,2,12,15,15,0,0,37,10,9,1,0,92,0,12,18,62,80,0,0,2,2,0,0,0,0,0,0,5,0,2,3,0,0,1,1,0,0,8,0,0,0,0,16,0,5,7,9,16,0,0,2,2,0,0,0,0,0,0,1,0,1,0,0,0,0,0,0,0,1,0,0,0,0,4,0,1,3,1,4,0,0,1,1,0,1,0,0,1,0,2,0,0,1,0,1,10,10,0,0,0,2,2,0,0,16,0,1,3,12,15
Sp: Washtenaw County,1986-04-01,Michigan,0,MI81081,breakdown offenses,adjustment,adjustment,adjustment,adjustment,adjustment,breakdown offenses,breakdown offenses,breakdown offenses,0,0,0,0,0,7,7,0,5,0,0,5,0,27,2,1,3,3,18,15,13,1,1,34,16,16,0,0,104,0,9,21,65,86,0,0,0,0,0,0,0,0,0,0,7,1,0,1,0,5,1,1,0,0,2,0,0,0,0,10,0,2,2,3,5,0,0,0,0,0,0,0,0,0,0,2,0,0,0,0,2,1,1,0,0,0,0,0,0,0,3,0,0,0,1,1,0,0,1,1,0,2,0,0,2,0,2,0,0,1,0,1,11,11,0,0,3,1,1,0,0,20,0,1,4,15,19
Sp: Washtenaw County,1986-05-01,Michigan,0,MI81081,breakdown offenses,adjustment,adjustment,adjustment,adjustment,adjustment,breakdown offenses,breakdown offenses,breakdown offenses,0,0,0,0,0,12,10,2,5,4,0,1,0,28,0,0,6,0,22,14,13,0,1,44,20,18,1,1,123,0,6,23,78,101,0,0,3,1,2,1,1,0,0,0,3,0,0,0,0,3,1,1,0,0,7,2,1,0,1,17,0,0,4,10,14,0,0,3,1,2,1,1,0,0,0,1,0,0,0,0,1,1,1,0,0,2,1,0,0,1,9,0,0,4,4,8,0,0,0,0,0,2,0,0,2,0,2,0,0,0,0,2,9,9,0,0,1,2,1,1,0,16,0,0,2,12,14
Sp: Washtenaw County,1986-06-01,Michigan,0,MI81081,breakdown offenses,adjustment,adjustment,adjustment,adjustment,adjustment,breakdown offenses,breakdown offenses,breakdown offenses,0,0,0,0,1,8,8,0,3,0,0,3,0,43,3,5,10,2,23,20,19,1,0,64,16,14,2,0,155,0,20,31,100,131,0,0,5,5,0,1,0,0,1,0,3,0,0,2,0,1,0,0,0,0,1,2,2,0,0,12,0,2,8,3,11,0,0,5,5,0,0,0,0,0,0,0,0,0,0,0,0,0,0,0,0,0,1,1,0,0,6,0,0,5,1,6,0,0,1,1,0,1,0,0,1,0,2,0,0,1,0,1,14,14,0,0,1,1,1,0,0,20,0,1,3,16,19
Sp: Washtenaw County,1986-07-01,Michigan,0,MI81081,breakdown offenses,adjustment,adjustment,adjustment,adjustment,adjustment,breakdown offenses,breakdown offenses,breakdown offenses,0,0,0,1,0,5,5,0,2,0,0,1,1,33,1,1,16,1,14,15,15,0,0,47,9,8,0,1,112,0,19,27,71,98,0,0,2,2,0,0,0,0,0,0,2,0,0,1,0,1,1,1,0,0,6,1,1,0,0,12,0,1,3,8,11,0,0,0,0,0,0,0,0,0,0,2,0,0,1,0,1,0,0,0,0,2,0,0,0,0,4,0,1,1,2,3,0,0,0,0,0,1,0,0,1,0,2,0,0,1,0,1,18,17,1,0,2,1,1,0,0,24,0,1,2,21,23
Sp: Washtenaw County,1986-08-01,Michigan,0,MI81081,breakdown offenses,adjustment,adjustment,adjustment,adjustment,adjustment,breakdown offenses,breakdown offenses,breakdown offenses,0,0,0,0,0,15,14,1,5,0,1,4,0,27,0,0,9,0,18,27,27,0,0,35,7,7,0,0,116,0,9,29,69,98,0,0,7,6,1,0,0,0,0,0,3,0,0,1,0,2,3,3,0,0,2,1,1,0,0,16,0,1,8,6,14,0,0,0,0,0,0,0,0,0,0,0,0,0,0,0,0,0,0,0,0,0,1,1,0,0,1,0,0,0,1,1,0,0,0,0,0,2,0,0,2,0,0,0,0,0,0,0,14,14,0,0,1,2,2,0,0,19,0,0,2,17,19
Sp: Washtenaw County,1986-09-01,Michigan,0,MI81081,breakdown offenses,adjustment,adjustment,adjustment,adjustment,adjustment,breakdown offenses,breakdown offenses,breakdown offenses,0,0,0,0,0,2,2,0,7,1,0,6,0,36,0,0,4,0,32,20,20,0,0,36,17,16,1,0,118,0,4,13,73,86,0,0,0,0,0,1,0,0,1,0,4,0,0,0,0,4,2,2,0,0,2,2,2,0,0,11,0,0,1,6,7,0,0,0,0,0,0,0,0,0,0,0,0,0,0,0,0,2,2,0,0,1,1,1,0,0,4,0,0,0,4,4,0,0,0,0,0,1,0,0,1,0,1,1,0,0,0,0,12,12,0,0,1,1,1,0,0,16,0,1,2,14,16
Sp: Washtenaw County,1986-10-01,Michigan,0,MI81081,breakdown offenses,adjustment,adjustment,adjustment,adjustment,adjustment,breakdown offenses,breakdown offenses,breakdown offenses,0,0,0,1,0,3,3,0,5,1,1,3,0,36,1,0,12,1,22,16,16,0,0,37,11,10,1,0,109,0,14,23,64,87,0,0,2,2,0,2,0,1,1,0,6,0,0,1,1,4,1,1,0,0,4,1,1,0,0,16,0,2,6,6,12,0,0,1,1,0,1,0,1,0,0,0,0,0,0,0,0,0,0,0,0,1,0,0,0,0,3,0,0,2,1,3,0,0,1,1,0,3,0,0,3,0,0,0,0,0,0,0,8,8,0,0,2,3,3,0,0,17,0,0,4,13,17
Sp: Washtenaw County,1986-11-01,Michigan,0,MI81081,breakdown offenses,adjustment,adjustment,adjustment,adjustment,adjustment,breakdown offenses,breakdown offenses,breakdown offenses,0,0,0,0,0,2,2,0,1,0,0,1,0,24,0,0,3,1,20,18,16,1,1,37,13,10,2,1,95,0,4,7,68,75,0,0,0,0,0,0,0,0,0,0,4,0,0,0,0,4,2,2,0,0,5,1,1,0,0,12,0,0,0,8,8,0,0,0,0,0,0,0,0,0,0,1,0,0,0,0,1,1,1,0,0,3,0,0,0,0,5,0,0,0,4,4,0,0,0,0,0,1,0,0,1,0,1,0,0,0,0,1,13,13,0,0,0,0,0,0,0,15,0,0,1,13,14
Sp: Washtenaw County,1986-12-01,Michigan,0,MI81081,breakdown offenses,adjustment,adjustment,adjustment,adjustment,adjustment,breakdown offenses,breakdown offenses,breakdown offenses,0,0,0,0,0,4,4,0,4,0,0,3,1,33,1,0,8,1,23,20,17,1,2,41,9,9,0,0,111,0,10,18,70,88,0,0,2,2,0,1,0,0,1,0,5,0,0,3,0,2,2,0,1,1,1,1,1,0,0,12,0,3,6,4,10,0,0,0,0,0,0,0,0,0,0,0,0,0,0,0,0,0,0,0,0,0,1,1,0,0,1,0,0,0,1,1,0,0,0,0,0,0,0,0,0,0,1,0,0,0,0,1,16,16,0,0,3,1,1,0,0,21,0,0,0,20,20
Sp: Washtenaw County,1987-01-01,Michigan,0,MI81081,breakdown offenses,adjustment,adjustment,adjustment,adjustment,adjustment,breakdown offenses,breakdown offenses,breakdown offenses,0,0,0,0,0,5,5,0,1,1,0,0,0,25,2,4,2,2,15,19,19,0,0,20,15,11,3,1,85,0,10,16,54,70,0,0,0,0,0,1,1,0,0,0,4,0,3,1,0,0,3,3,0,0,3,1,1,0,0,12,0,4,5,7,12,0,0,0,0,0,0,0,0,0,0,0,0,0,0,0,0,2,2,0,0,1,0,0,0,0,3,0,0,0,3,3,0,0,0,0,0,1,0,0,1,0,1,1,0,0,0,0,13,13,0,0,1,1,1,0,0,17,0,1,2,15,17
Sp: Washtenaw County,1987-02-01,Michigan,0,MI81081,breakdown offenses,adjustment,adjustment,adjustment,adjustment,adjustment,breakdown offenses,breakdown offenses,breakdown offenses,0,0,0,0,0,0,0,0,1,0,0,0,1,12,0,2,2,0,8,10,10,0,0,45,18,13,5,0,86,0,4,5,73,78,0,0,0,0,0,0,0,0,0,0,3,0,1,1,0,1,1,1,0,0,8,1,1,0,0,13,0,2,2,10,12,0,0,0,0,0,0,0,0,0,0,0,0,0,0,0,0,1,1,0,0,2,1,1,0,0,4,0,0,0,4,4,0,0,1,0,1,1,1,0,0,0,0,0,0,0,0,0,16,16,0,0,0,1,1,0,0,19,0,0,2,17,19
Sp: Washtenaw County,1987-03-01,Michigan,0,MI81081,breakdown offenses,adjustment,adjustment,adjustment,adjustment,adjustment,breakdown offenses,breakdown offenses,breakdown offenses,0,0,0,0,0,1,1,0,0,0,0,0,0,22,1,0,3,1,17,11,9,2,0,41,10,9,1,0,85,0,5,6,62,68,0,0,0,0,0,0,0,0,0,0,4,0,0,0,0,4,3,2,1,0,9,0,0,0,0,16,0,0,0,12,12,0,0,0,0,0,0,0,0,0,0,0,0,0,0,0,0,0,0,0,0,2,0,0,0,0,2,0,0,0,2,2,0,0,2,2,0,1,0,0,1,0,0,0,0,0,0,0,9,9,0,0,0,2,2,0,0,14,0,0,3,11,14
Sp: Washtenaw County,1987-04-01,Michigan,0,MI81081,breakdown offenses,adjustment,adjustment,adjustment,adjustment,adjustment,breakdown offenses,breakdown offenses,breakdown offenses,0,0,0,0,0,2,2,0,2,0,0,2,0,21,3,0,5,0,13,9,8,1,0,33,9,9,0,0,76,0,8,12,51,63,0,0,2,2,0,0,0,0,0,0,1,0,0,1,0,0,2,1,1,0,11,0,0,0,0,16,0,1,3,13,16,0,0,0,0,0,0,0,0,0,0,0,0,0,0,0,0,1,0,1,0,0,0,0,0,0,1,0,0,0,1,1,0,0,0,0,0,1,0,0,1,0,0,0,0,0,0,0,13,13,0,0,2,0,0,0,0,16,0,0,1,15,16
Sp: Washtenaw County,1987-05-01,Michigan,0,MI81081,breakdown offenses,adjustment,adjustment,adjustment,adjustment,adjustment,breakdown offenses,breakdown offenses,breakdown offenses,0,0,0,1,0,2,2,0,1,0,0,1,0,29,3,0,2,2,22,12,8,2,2,30,11,6,1,4,86,0,7,11,53,64,2,0,1,1,0,1,0,0,1,0,13,3,0,1,0,9,1,0,1,0,5,3,1,0,2,26,0,4,8,9,17,0,0,0,0,0,0,0,0,0,0,2,0,0,0,0,2,0,0,0,0,0,0,0,0,0,2,0,0,0,0,0,0,0,1,1,0,1,0,0,1,0,2,0,0,1,1,0,15,14,1,0,1,2,2,0,0,22,0,2,4,18,22
Sp: Washtenaw County,1987-06-01,Michigan,0,MI81081,breakdown offenses,adjustment,adjustment,adjustment,adjustment,adjustment,breakdown offenses,breakdown offenses,breakdown offenses,0,0,0,0,0,2,2,0,1,1,0,0,0,33,7,1,6,0,19,10,9,0,1,45,10,10,0,0,101,0,14,17,65,82,0,0,0,0,0,0,0,0,0,0,8,4,0,1,0,3,3,3,0,0,10,0,0,0,0,21,0,5,5,13,18,0,0,0,0,0,0,0,0,0,0,0,0,0,0,0,0,1,1,0,0,2,0,0,0,0,3,0,0,0,3,3,0,0,2,2,0,1,0,0,1,0,5,0,1,1,0,3,21,21,0,0,4,0,0,0,0,33,0,2,5,25,30
Sp: Washtenaw County,1987-07-01,Michigan,0,MI81081,breakdown offenses,adjustment,adjustment,adjustment,adjustment,adjustment,breakdown offenses,breakdown offenses,breakdown offenses,0,0,0,3,0,4,4,0,1,0,1,0,0,23,1,1,5,0,16,13,13,0,0,42,16,12,4,0,102,0,7,15,71,86,0,0,1,1,0,0,0,0,0,0,2,0,0,0,0,2,0,0,0,0,3,0,0,0,0,6,0,0,1,3,4,0,0,0,0,0,0,0,0,0,0,0,0,0,0,0,0,0,0,0,0,0,0,0,0,0,0,0,0,0,0,0,0,0,0,0,0,1,0,0,1,0,6,0,1,0,0,5,20,20,0,0,1,0,0,0,0,28,0,1,2,21,23
Sp: Washtenaw County,1987-08-01,Michigan,0,MI81081,breakdown offenses,adjustment,adjustment,adjustment,adjustment,adjustment,breakdown offenses,breakdown offenses,breakdown offenses,0,0,0,0,0,3,3,0,1,0,0,1,0,24,1,1,3,0,19,14,14,0,0,43,13,13,0,0,98,0,5,9,70,79,0,0,1,1,0,1,0,0,1,0,9,0,0,3,0,6,1,1,0,0,1,2,2,0,0,15,0,3,5,4,9,0,0,0,0,0,0,0,0,0,0,3,0,0,2,0,1,1,1,0,0,1,0,0,0,0,5,0,2,2,2,4,0,0,2,2,0,4,0,0,4,0,3,0,0,0,0,3,24,24,0,0,0,2,2,0,0,35,0,0,6,26,32
Sp: Washtenaw County,1987-09-01,Michigan,0,MI81081,breakdown offenses,adjustment,adjustment,adjustment,adjustment,adjustment,breakdown offenses,breakdown offenses,breakdown offenses,0,0,0,0,0,6,6,0,2,0,0,1,1,29,0,1,1,2,25,17,16,1,0,47,22,20,1,1,123,0,4,12,86,98,0,0,1,1,0,1,0,0,1,0,6,0,0,1,0,5,2,2,0,0,4,5,5,0,0,19,0,1,3,11,14,0,0,0,0,0,0,0,0,0,0,0,0,0,0,0,0,1,1,0,0,2,2,2,0,0,5,0,0,0,5,5,0,0,1,1,0,0,0,0,0,0,5,0,0,1,0,4,8,8,0,0,3,0,0,0,0,17,0,1,2,11,13
Sp: Washtenaw County,1987-10-01,Michigan,0,MI81081,breakdown offenses,adjustment,adjustment,adjustment,adjustment,adjustment,breakdown offenses,breakdown offenses,breakdown offenses,0,0,0,0,0,9,9,0,2,2,0,0,0,16,1,5,1,1,8,11,10,1,0,39,12,11,0,1,89,0,8,19,62,81,0,0,1,1,0,1,1,0,0,0,3,1,1,0,0,1,1,1,0,0,3,3,3,0,0,12,0,2,4,7,11,0,0,0,0,0,0,0,0,0,0,1,0,1,0,0,0,1,1,0,0,0,2,2,0,0,4,0,1,1,3,4,0,0,1,1,0,1,0,0,1,0,4,1,0,1,0,2,23,23,0,0,2,1,1,0,0,32,0,2,4,26,30
Sp: Washtenaw County,1987-11-01,Michigan,0,MI81081,breakdown offenses,adjustment,adjustment,adjustment,adjustment,adjustment,breakdown offenses,breakdown offenses,breakdown offenses,0,0,0,0,0,2,2,0,3,3,0,0,0,34,1,5,2,1,25,12,11,0,1,47,12,10,2,0,110,0,9,14,71,85,0,0,0,0,0,0,0,0,0,0,9,0,0,0,0,9,0,0,0,0,11,0,0,0,0,20,0,0,0,11,11,0,0,0,0,0,0,0,0,0,0,2,0,0,0,0,2,0,0,0,0,1,0,0,0,0,3,0,0,0,1,1,0,0,0,0,0,3,0,0,2,1,1,0,0,0,0,1,18,18,0,0,2,2,2,0,0,26,0,0,3,22,25
Sp: Washtenaw County,1987-12-01,Michigan,0,MI81081,breakdown offenses,adjustment,adjustment,adjustment,adjustment,adjustment,breakdown offenses,breakdown offenses,breakdown offenses,0,0,0,0,0,2,2,0,3,2,0,1,0,35,1,1,4,15,14,11,11,0,0,36,5,5,0,0,92,0,21,26,52,78,0,0,0,0,0,0,0,0,0,0,5,0,1,0,0,4,2,2,0,0,8,1,1,0,0,16,0,1,1,11,12,0,0,0,0,0,0,0,0,0,0,0,0,0,0,0,0,0,0,0,0,0,0,0,0,0,0,0,0,0,0,0,0,0,0,0,0,2,0,0,2,0,2,0,0,0,1,1,23,23,0,0,0,1,0,0,1,28,0,1,3,24,27
Sp: Washtenaw County,1988-01-01,Michigan,0,MI81081,breakdown offenses,adjustment,adjustment,adjustment,adjustment,adjustment,breakdown offenses,breakdown offenses,breakdown offenses,0,0,0,0,0,6,6,0,6,4,0,2,0,11,0,1,1,0,9,14,14,0,0,39,5,4,1,0,81,0,2,14,58,72,0,0,1,1,0,1,1,0,0,0,4,0,0,0,0,4,0,0,0,0,9,1,1,0,0,16,0,0,2,10,12,0,0,0,0,0,0,0,0,0,0,0,0,0,0,0,0,0,0,0,0,2,1,1,0,0,3,0,0,0,3,3,0,0,1,1,0,0,0,0,0,0,2,0,0,1,0,1,13,13,0,0,2,1,1,0,0,19,0,1,2,16,18
Sp: Washtenaw County,1988-02-01,Michigan,0,MI81081,breakdown offenses,adjustment,adjustment,adjustment,adjustment,adjustment,breakdown offenses,breakdown offenses,breakdown offenses,0,0,0,0,0,8,8,0,2,1,0,1,0,25,3,1,2,3,16,8,8,0,0,31,6,5,1,0,80,0,9,19,45,64,0,0,4,4,0,1,1,0,0,0,12,1,1,0,3,7,2,2,0,0,13,0,0,0,0,32,0,5,10,15,25,0,0,3,3,0,0,0,0,0,0,1,0,0,0,1,0,1,1,0,0,2,0,0,0,0,7,0,1,4,3,7,0,0,0,0,0,0,0,0,0,0,1,0,0,0,0,1,10,10,0,0,1,1,1,0,0,13,0,0,0,12,12
Sp: Washtenaw County,1988-03-01,Michigan,0,MI81081,breakdown offenses,adjustment,adjustment,adjustment,adjustment,adjustment,breakdown offenses,breakdown offenses,breakdown offenses,0,0,0,0,0,4,4,0,0,0,0,0,0,28,4,0,1,0,23,14,13,0,1,35,7,6,1,0,88,0,5,9,56,65,0,0,0,0,0,0,0,0,0,0,14,4,0,0,0,10,1,1,0,0,8,2,2,0,0,25,0,4,4,11,15,0,0,0,0,0,0,0,0,0,0,0,0,0,0,0,0,0,0,0,0,1,0,0,0,0,1,0,0,0,1,1,0,0,0,0,0,2,0,0,2,0,1,0,0,0,0,1,6,6,0,0,1,1,0,1,0,11,0,0,2,8,10
Sp: Washtenaw County,1988-04-01,Michigan,0,MI81081,breakdown offenses,adjustment,adjustment,adjustment,adjustment,adjustment,breakdown offenses,breakdown offenses,breakdown offenses,0,0,0,0,0,11,11,0,1,0,0,1,0,26,8,0,1,0,17,9,9,0,0,28,7,6,0,1,82,0,9,21,44,65,0,0,5,5,0,0,0,0,0,0,9,2,0,0,0,7,1,1,0,0,7,0,0,0,0,22,0,2,7,8,15,0,0,1,1,0,0,0,0,0,0,2,0,0,0,0,2,0,0,0,0,1,0,0,0,0,4,0,0,1,1,2,0,0,0,0,0,0,0,0,0,0,1,0,0,1,0,0,19,19,0,0,0,0,0,0,0,20,0,1,1,19,20
Sp: Washtenaw County,1988-05-01,Michigan,0,MI81081,breakdown offenses,adjustment,adjustment,adjustment,adjustment,adjustment,breakdown offenses,breakdown offenses,breakdown offenses,0,0,0,0,0,9,9,0,4,3,0,1,0,22,1,0,4,2,15,13,13,0,0,45,9,7,2,0,102,0,7,20,67,87,0,0,1,1,0,3,3,0,0,0,1,0,0,0,0,1,2,2,0,0,9,0,0,0,0,16,0,0,4,11,15,0,0,0,0,0,1,1,0,0,0,0,0,0,0,0,0,1,1,0,0,3,0,0,0,0,5,0,0,1,4,5,0,0,0,0,0,0,0,0,0,0,1,0,0,0,0,1,15,15,0,0,0,1,1,0,0,17,0,0,0,16,16
Sp: Washtenaw County,1988-06-01,Michigan,0,MI81081,breakdown offenses,adjustment,adjustment,adjustment,adjustment,adjustment,breakdown offenses,breakdown offenses,breakdown offenses,0,0,0,0,0,8,8,0,1,1,0,0,0,30,0,1,2,1,26,15,15,0,0,39,8,5,3,0,101,0,4,13,62,75,0,0,1,1,0,0,0,0,0,0,12,0,1,1,0,10,1,1,0,0,11,0,0,0,0,25,0,2,3,12,15,0,0,0,0,0,0,0,0,0,0,0,0,0,0,0,0,1,1,0,0,1,0,0,0,0,2,0,0,0,2,2,0,0,0,0,0,1,0,0,1,0,1,0,0,0,0,1,19,19,0,0,2,1,1,0,0,24,0,0,1,22,23
Sp: Washtenaw County,1988-07-01,Michigan,0,MI81081,breakdown offenses,adjustment,adjustment,adjustment,adjustment,adjustment,breakdown offenses,breakdown offenses,breakdown offenses,0,0,0,0,0,7,7,0,2,2,0,0,0,38,2,3,2,0,31,12,10,2,0,50,7,6,0,1,116,0,7,16,69,85,0,0,3,3,0,1,1,0,0,0,7,0,0,0,0,7,0,0,0,0,8,0,0,0,0,19,0,0,4,8,12,0,0,0,0,0,0,0,0,0,0,2,0,0,0,0,2,0,0,0,0,0,0,0,0,0,2,0,0,0,0,0,0,0,0,0,0,0,0,0,0,0,2,0,0,0,0,2,18,18,0,0,0,1,1,0,0,21,0,0,0,19,19
Sp: Washtenaw County,1988-08-01,Michigan,0,MI81081,breakdown offenses,adjustment,adjustment,adjustment,adjustment,adjustment,breakdown offenses,breakdown offenses,breakdown offenses,0,0,0,0,0,8,8,0,3,2,0,0,1,29,0,3,2,0,24,10,9,0,1,35,8,7,1,0,93,0,5,16,53,69,1,0,0,0,0,0,0,0,0,0,9,0,2,1,0,6,1,1,0,0,4,1,0,1,0,16,0,3,4,6,10,0,0,0,0,0,0,0,0,0,0,2,0,0,1,0,1,1,1,0,0,1,0,0,0,0,4,0,1,1,2,3,1,0,0,0,0,1,0,0,1,0,1,0,0,0,0,1,30,29,0,1,4,0,0,0,0,37,0,0,2,34,36
Sp: Washtenaw County,1988-09-01,Michigan,0,MI81081,breakdown offenses,adjustment,adjustment,adjustment,adjustment,adjustment,breakdown offenses,breakdown offenses,breakdown offenses,0,0,0,0,0,6,6,0,2,1,1,0,0,20,0,1,0,0,19,9,9,0,0,39,11,8,1,2,87,0,1,9,59,68,0,0,0,0,0,0,0,0,0,0,1,0,1,0,0,0,0,0,0,0,8,1,1,0,0,10,0,1,1,9,10,0,0,0,0,0,0,0,0,0,0,0,0,0,0,0,0,0,0,0,0,1,1,1,0,0,2,0,0,0,2,2,0,0,1,1,0,2,0,0,2,0,2,0,1,0,0,1,11,11,0,0,1,1,1,0,0,18,0,1,4,13,17
Sp: Washtenaw County,1988-10-01,Michigan,0,MI81081,breakdown offenses,adjustment,adjustment,adjustment,adjustment,adjustment,breakdown offenses,breakdown offenses,breakdown offenses,0,0,0,0,0,4,4,0,0,0,0,0,0,22,3,2,1,1,15,10,10,0,0,30,8,5,3,0,74,0,7,11,48,59,0,0,0,0,0,0,0,0,0,0,7,2,2,0,0,3,3,3,0,0,11,0,0,0,0,21,0,4,4,14,18,0,0,0,0,0,0,0,0,0,0,1,1,0,0,0,0,1,1,0,0,3,0,0,0,0,5,0,1,1,4,5,0,0,1,1,0,2,0,0,2,0,1,0,0,0,0,1,16,16,0,0,0,1,1,0,0,21,0,0,3,17,20
Sp: Washtenaw County,1988-11-01,Michigan,0,MI81081,breakdown offenses,adjustment,adjustment,adjustment,adjustment,adjustment,breakdown offenses,breakdown offenses,breakdown offenses,0,0,0,0,0,5,5,0,1,0,0,1,0,20,2,1,2,0,15,6,5,0,1,36,9,5,4,0,77,0,5,11,51,62,0,0,1,1,0,0,0,0,0,0,4,0,1,1,0,2,1,1,0,0,4,0,0,0,0,10,0,2,3,5,8,0,0,0,0,0,0,0,0,0,0,1,0,1,0,0,0,0,0,0,0,2,0,0,0,0,3,0,1,1,2,3,0,0,0,0,0,1,0,0,1,0,0,0,0,0,0,0,14,13,1,0,0,1,1,0,0,16,0,0,1,15,16
Sp: Washtenaw County,1988-12-01,Michigan,0,MI81081,breakdown offenses,adjustment,adjustment,adjustment,adjustment,adjustment,breakdown offenses,breakdown offenses,breakdown offenses,0,0,0,0,0,4,4,0,2,2,0,0,0,28,3,0,4,1,20,7,6,0,1,37,13,11,2,0,91,0,8,14,57,71,0,0,0,0,0,1,1,0,0,0,5,0,0,0,0,5,1,0,0,1,5,0,0,0,0,12,0,0,1,6,7,0,0,0,0,0,0,0,0,0,0,0,0,0,0,0,0,0,0,0,0,1,0,0,0,0,1,0,0,0,1,1,0,0,1,1,0,3,0,0,3,0,1,0,0,0,0,1,10,10,0,0,1,1,1,0,0,17,0,0,4,12,16
Sp: Washtenaw County,1989-01-01,Michigan,0,MI81081,breakdown offenses,adjustment,adjustment,adjustment,adjustment,adjustment,breakdown offenses,breakdown offenses,breakdown offenses,0,0,0,0,0,1,1,0,3,1,2,0,0,25,8,0,0,0,17,14,14,0,0,33,13,11,2,0,89,0,8,12,60,72,0,0,0,0,0,2,1,1,0,0,5,4,0,0,0,1,1,1,0,0,7,0,0,0,0,15,0,4,6,8,14,0,0,0,0,0,0,0,0,0,0,0,0,0,0,0,0,1,1,0,0,2,0,0,0,0,3,0,0,0,3,3,2,0,0,0,0,1,0,0,1,0,2,0,0,0,0,2,12,12,0,0,1,0,0,0,0,18,0,0,3,13,16
Sp: Washtenaw County,1989-02-01,Michigan,0,MI81081,breakdown offenses,adjustment,adjustment,adjustment,adjustment,adjustment,breakdown offenses,breakdown offenses,breakdown offenses,0,0,0,0,0,5,5,0,1,0,0,0,1,11,2,0,0,0,9,8,8,0,0,23,5,5,0,0,53,0,2,8,36,44,0,0,2,2,0,0,0,0,0,0,4,1,0,0,0,3,2,2,0,0,6,2,2,0,0,16,0,1,3,10,13,0,0,0,0,0,0,0,0,0,0,0,0,0,0,0,0,0,0,0,0,2,1,1,0,0,3,0,0,0,3,3,0,0,1,1,0,0,0,0,0,0,3,0,0,1,0,2,12,12,0,0,0,3,3,0,0,19,0,1,2,15,17
Sp: Washtenaw County,1989-03-01,Michigan,0,MI81081,breakdown offenses,adjustment,adjustment,adjustment,adjustment,adjustment,breakdown offenses,breakdown offenses,breakdown offenses,0,0,0,0,0,7,7,0,1,0,0,1,0,14,1,1,3,0,9,13,13,0,0,26,8,5,3,0,69,0,5,13,47,60,0,0,5,5,0,0,0,0,0,0,3,0,0,0,0,3,2,2,0,0,7,0,0,0,0,17,0,0,5,9,14,0,0,4,4,0,0,0,0,0,0,2,0,0,0,0,2,1,1,0,0,1,0,0,0,0,8,0,0,4,2,6,0,0,0,0,0,1,0,0,1,0,2,0,0,0,0,2,13,10,0,3,2,1,1,0,0,19,0,0,1,16,17
Sp: Washtenaw County,1989-04-01,Michigan,0,MI81081,breakdown offenses,adjustment,adjustment,adjustment,adjustment,adjustment,breakdown offenses,breakdown offenses,breakdown offenses,0,0,0,0,0,8,8,0,1,0,0,1,0,27,3,0,3,2,19,8,8,0,0,39,8,6,2,0,91,0,8,17,55,72,0,0,0,0,0,1,0,0,1,0,13,3,0,0,2,8,2,2,0,0,10,0,0,0,0,26,0,5,6,12,18,0,0,0,0,0,0,0,0,0,0,2,2,0,0,0,0,1,1,0,0,3,0,0,0,0,6,0,2,2,4,6,0,0,0,0,0,1,0,0,1,0,2,0,0,2,0,0,15,8,0,7,0,0,0,0,0,18,0,2,3,15,18
Sp: Washtenaw County,1989-05-01,Michigan,0,MI81081,breakdown offenses,adjustment,adjustment,adjustment,adjustment,adjustment,breakdown offenses,breakdown offenses,breakdown offenses,0,0,0,0,0,4,4,0,1,1,0,0,0,22,1,0,2,1,18,6,5,1,0,22,8,8,0,0,63,0,4,9,36,45,0,0,2,2,0,0,0,0,0,0,6,0,0,1,0,5,1,0,1,0,3,1,1,0,0,13,0,1,3,5,8,0,0,1,1,0,0,0,0,0,0,0,0,0,0,0,0,1,0,1,0,0,0,0,0,0,2,0,0,1,1,2,0,0,1,1,0,1,0,0,1,0,5,0,0,1,1,3,12,6,0,6,1,0,0,0,0,20,0,2,4,13,17
Sp: Washtenaw County,1989-06-01,Michigan,0,MI81081,breakdown offenses,adjustment,adjustment,adjustment,adjustment,adjustment,breakdown offenses,breakdown offenses,breakdown offenses,0,0,0,0,0,9,9,0,0,0,0,0,0,19,0,0,3,1,15,5,5,0,0,25,9,6,2,1,67,0,4,13,39,52,0,0,5,5,0,0,0,0,0,0,7,0,0,0,1,6,1,1,0,0,4,0,0,0,0,17,0,1,6,5,11,0,0,1,1,0,0,0,0,0,0,0,0,0,0,0,0,1,1,0,0,1,0,0,0,0,3,0,0,1,2,3,0,0,0,0,0,0,0,0,0,0,1,0,0,1,0,0,19,9,0,10,2,1,1,0,0,23,0,1,1,22,23
Sp: Washtenaw County,1989-07-01,Michigan,0,MI81081,breakdown offenses,adjustment,adjustment,adjustment,adjustment,adjustment,breakdown offenses,breakdown offenses,breakdown offenses,0,0,0,0,0,3,3,0,0,0,0,0,0,32,6,2,5,0,19,13,11,0,2,27,7,3,4,0,82,0,13,16,47,63,0,0,2,2,0,0,0,0,0,0,13,0,0,3,0,10,3,3,0,0,5,0,0,0,0,23,0,3,5,8,13,0,0,0,0,0,0,0,0,0,0,1,0,0,0,0,1,0,0,0,0,0,0,0,0,0,1,0,0,0,0,0,0,0,0,0,0,0,0,0,0,0,0,0,0,0,0,0,21,6,0,15,0,2,2,0,0,23,0,0,0,23,23
Sp: Washtenaw County,1989-08-01,Michigan,0,MI81081,breakdown offenses,adjustment,adjustment,adjustment,adjustment,adjustment,breakdown offenses,breakdown offenses,breakdown offenses,0,0,0,0,0,4,4,0,0,0,0,0,0,12,3,0,0,0,9,7,6,0,1,26,7,4,2,1,56,0,3,7,40,47,0,0,1,1,0,0,0,0,0,0,2,0,0,0,0,2,0,0,0,0,10,0,0,0,0,13,0,0,1,10,11,0,0,0,0,0,0,0,0,0,0,0,0,0,0,0,0,0,0,0,0,5,0,0,0,0,5,0,0,0,5,5,0,0,1,1,0,0,0,0,0,0,1,0,0,0,0,1,15,7,0,8,1,0,0,0,0,18,0,0,1,16,17
Sp: Washtenaw County,1989-09-01,Michigan,0,MI81081,breakdown offenses,adjustment,adjustment,adjustment,adjustment,adjustment,breakdown offenses,breakdown offenses,breakdown offenses,0,0,0,0,0,3,3,0,4,1,1,1,1,13,2,1,1,1,8,10,10,0,0,28,7,7,0,0,65,0,5,12,45,57,0,0,2,2,0,2,0,1,0,1,3,0,0,1,0,2,1,1,0,0,7,0,0,0,0,15,0,1,5,8,13,0,0,1,1,0,0,0,0,0,0,2,0,0,1,0,1,0,0,0,0,2,0,0,0,0,5,0,1,2,2,4,0,0,0,0,0,0,0,0,0,0,1,0,0,0,0,1,14,8,0,6,0,0,0,0,0,15,0,0,0,14,14
Sp: Washtenaw County,1989-10-01,Michigan,0,MI81081,breakdown offenses,adjustment,adjustment,adjustment,adjustment,adjustment,breakdown offenses,breakdown offenses,breakdown offenses,0,0,0,0,0,5,5,0,0,0,0,0,0,10,0,0,1,0,9,4,4,0,0,25,9,7,2,0,53,0,1,6,38,44,0,0,2,2,0,0,0,0,0,0,2,0,0,2,0,0,0,0,0,0,8,1,1,0,0,13,0,2,4,9,13,0,0,1,1,0,0,0,0,0,0,0,0,0,0,0,0,0,0,0,0,4,1,1,0,0,6,0,0,1,5,6,0,0,0,0,0,2,0,0,2,0,0,0,0,0,0,0,11,5,0,6,1,0,0,0,0,14,0,0,2,12,14
Sp: Washtenaw County,1989-11-01,Michigan,0,MI81081,breakdown offenses,adjustment,adjustment,adjustment,adjustment,adjustment,breakdown offenses,breakdown offenses,breakdown offenses,0,0,0,0,0,8,8,0,2,0,0,2,0,27,11,0,2,1,13,11,11,0,0,22,14,8,6,0,84,0,14,24,47,71,0,0,3,3,0,0,0,0,0,0,13,8,0,0,0,5,2,2,0,0,3,0,0,0,0,21,0,8,11,5,16,0,0,2,2,0,0,0,0,0,0,1,0,0,0,0,1,0,0,0,0,1,0,0,0,0,4,0,0,2,1,3,0,0,1,1,0,0,0,0,0,0,0,0,0,0,0,0,15,9,0,6,1,0,0,0,0,17,0,0,1,16,17
Sp: Washtenaw County,1989-12-01,Michigan,0,MI81081,breakdown offenses,adjustment,adjustment,adjustment,adjustment,adjustment,breakdown offenses,breakdown offenses,breakdown offenses,0,0,1,0,0,1,1,0,1,0,0,0,1,12,0,0,2,0,10,6,6,0,0,27,14,10,4,0,61,0,2,4,47,51,0,0,0,0,0,0,0,0,0,0,6,0,0,0,0,6,1,1,0,0,7,0,0,0,0,14,0,0,0,8,8,0,0,0,0,0,0,0,0,0,0,0,0,0,0,0,0,0,0,0,0,0,0,0,0,0,0,0,0,0,0,0,0,0,0,0,0,0,0,0,0,0,0,0,0,0,0,0,11,7,0,4,0,1,1,0,0,12,0,0,0,12,12
Sp: Washtenaw County,1998-01-01,Michigan,0,MI81081,breakdown offenses,normal return,normal return,normal return,normal return,not updated,breakdown offenses,breakdown offenses,breakdown offenses,0,0,0,0,0,1,1,0,0,0,0,0,0,4,0,0,0,0,4,2,2,0,0,3,1,1,0,0,11,0,0,1,6,7,0,0,0,0,0,0,0,0,0,0,0,0,0,0,0,0,0,0,0,0,0,1,1,0,0,1,0,0,0,1,1,0,0,0,0,0,0,0,0,0,0,0,0,0,0,0,0,0,0,0,0,0,0,0,0,0,0,0,0,0,0,0,0,0,0,0,0,0,0,0,0,0,0,0,0,0,0,0,0,0,0,0,0,0,0,0,0,0,0,0,0,0,0
Sp: Washtenaw County,1998-02-01,Michigan,0,MI81081,breakdown offenses,normal return,normal return,normal return,normal return,not updated,breakdown offenses,breakdown offenses,breakdown offenses,0,0,0,1,0,7,7,0,0,0,0,0,0,6,0,1,0,0,5,3,3,0,0,1,2,2,0,0,20,0,1,9,6,15,0,0,0,0,0,0,0,0,0,0,1,0,0,0,0,1,0,0,0,0,0,1,1,0,0,2,0,0,0,1,1,0,0,0,0,0,0,0,0,0,0,0,0,0,0,0,0,0,0,0,0,0,0,0,0,0,0,0,0,0,0,0,0,0,0,0,0,0,0,0,0,0,0,0,0,0,0,0,0,0,0,0,0,0,0,0,0,0,0,0,0,0,0
Sp: Washtenaw County,1998-03-01,Michigan,0,MI81081,breakdown offenses,normal return,normal return,normal return,normal return,not updated,breakdown offenses,breakdown offenses,breakdown offenses,0,0,0,0,0,0,0,0,2,1,0,0,1,11,0,0,1,0,10,10,10,0,0,4,1,1,0,0,28,0,1,3,15,18,0,0,0,0,0,0,0,0,0,0,5,0,0,0,0,5,0,0,0,0,2,0,0,0,0,7,0,0,0,2,2,0,0,0,0,0,0,0,0,0,0,0,0,0,0,0,0,0,0,0,0,2,0,0,0,0,2,0,0,0,2,2,0,0,0,0,0,0,0,0,0,0,0,0,0,0,0,0,0,0,0,0,0,0,0,0,0,0,0,0,0,0,0
Sp: Washtenaw County,1998-04-01,Michigan,0,MI81081,breakdown offenses,normal return,normal return,normal return,normal return,not updated,breakdown offenses,breakdown offenses,breakdown offenses,0,0,0,0,0,2,2,0,0,0,0,0,0,10,0,0,4,0,6,4,4,0,0,4,2,2,0,0,22,0,4,6,10,16,0,0,0,0,0,0,0,0,0,0,5,0,0,4,0,1,0,0,0,0,0,0,0,0,0,5,0,4,4,0,4,0,0,0,0,0,0,0,0,0,0,0,0,0,0,0,0,0,0,0,0,0,0,0,0,0,0,0,0,0,0,0,0,0,0,0,0,0,0,0,0,0,0,0,0,0,0,0,0,0,0,0,0,0,0,0,0,0,0,0,0,0,0
Sp: Washtenaw County,1998-05-01,Michigan,0,MI81081,breakdown offenses,normal return,normal return,normal return,normal return,not updated,breakdown offenses,breakdown offenses,breakdown offenses,0,0,0,0,0,0,0,0,0,0,0,0,0,6,0,0,0,0,6,4,4,0,0,2,1,1,0,0,13,0,0,0,7,7,0,0,0,0,0,0,0,0,0,0,3,0,0,0,0,3,1,1,0,0,0,0,0,0,0,4,0,0,0,1,1,0,0,0,0,0,0,0,0,0,0,0,0,0,0,0,0,0,0,0,0,0,0,0,0,0,0,0,0,0,0,0,0,0,0,0,0,0,0,0,0,0,0,0,0,0,0,0,0,0,0,0,0,0,0,0,0,0,0,0,0,0,0
Sp: Washtenaw County,1998-06-01,Michigan,0,MI81081,breakdown offenses,normal return,normal return,normal return,normal return,not updated,breakdown offenses,breakdown offenses,breakdown offenses,0,0,0,0,0,0,0,0,0,0,0,0,0,12,2,0,0,0,10,9,8,0,1,11,1,1,0,0,33,0,2,2,21,23,0,0,0,0,0,0,0,0,0,0,1,0,0,0,0,1,0,0,0,0,0,0,0,0,0,1,0,0,0,0,0,0,0,0,0,0,0,0,0,0,0,0,0,0,0,0,0,0,0,0,0,0,0,0,0,0,0,0,0,0,0,0,0,0,0,0,0,0,0,0,0,0,0,0,0,0,0,0,0,0,0,0,0,0,0,0,0,0,0,0,0,0,0
Sp: Washtenaw County,1998-07-01,Michigan,0,MI81081,breakdown offenses,normal return,normal return,normal return,normal return,not updated,breakdown offenses,breakdown offenses,breakdown offenses,0,0,0,0,0,3,3,0,2,1,0,1,0,12,1,1,0,0,10,7,7,0,0,5,4,2,1,1,33,0,2,7,16,23,0,0,0,0,0,1,0,0,0,1,7,0,1,0,0,6,1,1,0,0,0,0,0,0,0,9,0,1,2,1,3,0,0,0,0,0,1,0,0,0,1,2,0,0,0,0,2,0,0,0,0,0,0,0,0,0,3,0,0,1,0,1,0,0,0,0,0,0,0,0,0,0,0,0,0,0,0,0,0,0,0,0,0,0,0,0,0,0,0,0,0,0,0
Sp: Washtenaw County,1998-08-01,Michigan,0,MI81081,breakdown offenses,normal return,normal return,normal return,normal return,not updated,breakdown offenses,breakdown offenses,breakdown offenses,0,0,0,0,0,6,6,0,1,0,1,0,0,8,2,1,0,0,5,11,11,0,0,6,1,1,0,0,33,0,3,10,18,28,0,0,0,0,0,0,0,0,0,0,4,0,1,0,0,3,0,0,0,0,1,0,0,0,0,5,0,1,1,1,2,0,0,0,0,0,0,0,0,0,0,0,0,0,0,0,0,0,0,0,0,0,0,0,0,0,0,0,0,0,0,0,0,0,0,0,0,0,0,0,0,0,0,0,0,0,0,0,0,0,0,0,0,0,0,0,0,0,0,0,0,0,0
Sp: Washtenaw County,1998-09-01,Michigan,0,MI81081,breakdown offenses,normal return,normal return,normal return,normal return,not updated,breakdown offenses,breakdown offenses,breakdown offenses,0,0,0,1,0,0,0,0,0,0,0,0,0,14,1,0,2,2,9,7,7,0,0,10,3,3,0,0,35,0,5,6,20,26,0,0,0,0,0,0,0,0,0,0,3,0,0,0,0,3,1,1,0,0,2,2,2,0,0,8,0,0,0,5,5,0,0,0,0,0,0,0,0,0,0,0,0,0,0,0,0,1,1,0,0,0,0,0,0,0,1,0,0,0,1,1,0,0,0,0,0,0,0,0,0,0,0,0,0,0,0,0,0,0,0,0,0,0,0,0,0,0,0,0,0,0,0
Sp: Washtenaw County,1998-10-01,Michigan,0,MI81081,breakdown offenses,normal return,normal return,normal return,normal return,not updated,breakdown offenses,breakdown offenses,breakdown offenses,0,0,0,0,0,1,1,0,1,1,0,0,0,19,0,0,3,0,16,8,7,1,0,6,1,1,0,0,36,0,3,5,15,20,0,0,1,1,0,0,0,0,0,0,7,0,0,1,0,6,2,2,0,0,1,0,0,0,0,11,0,1,2,3,5,0,0,0,0,0,0,0,0,0,0,1,0,0,0,0,1,0,0,0,0,0,0,0,0,0,1,0,0,0,0,0,0,0,0,0,0,0,0,0,0,0,0,0,0,0,0,0,0,0,0,0,0,0,0,0,0,0,0,0,0,0,0
Sp: Washtenaw County,1998-11-01,Michigan,0,MI81081,breakdown offenses,normal return,normal return,normal return,normal return,not updated,breakdown offenses,breakdown offenses,breakdown offenses,0,0,0,0,0,2,2,0,0,0,0,0,0,7,1,0,0,1,5,5,5,0,0,13,3,3,0,0,30,0,2,4,21,25,0,0,0,0,0,0,0,0,0,0,1,0,0,0,0,1,0,0,0,0,2,0,0,0,0,3,0,0,0,2,2,0,0,0,0,0,0,0,0,0,0,0,0,0,0,0,0,0,0,0,0,0,0,0,0,0,0,0,0,0,0,0,0,0,0,0,0,0,0,0,0,0,0,0,0,0,0,0,0,0,0,0,0,0,0,0,0,0,0,0,0,0,0
Sp: Washtenaw County,1998-12-01,Michigan,0,MI81081,breakdown offenses,normal return,normal return,normal return,normal return,not updated,breakdown offenses,breakdown offenses,breakdown offenses,0,0,0,0,0,1,1,0,1,0,0,0,1,15,1,0,2,2,10,8,8,0,0,9,2,1,0,1,36,0,5,7,19,26,0,0,0,0,0,0,0,0,0,0,6,0,0,0,0,6,0,0,0,0,1,1,1,0,0,8,0,0,0,2,2,0,0,0,0,0,0,0,0,0,0,1,0,0,0,0,1,0,0,0,0,1,0,0,0,0,2,0,0,0,1,1,0,0,0,0,0,0,0,0,0,0,0,0,0,0,0,0,0,0,0,0,0,0,0,0,0,0,0,0,0,0,0
Sp: Washtenaw County,1999-01-01,Michigan,0,MI81081,breakdown offenses,normal return,normal return,normal return,normal return,not updated,breakdown offenses,breakdown offenses,breakdown offenses,0,0,0,0,0,3,3,0,0,0,0,0,0,19,0,0,0,2,17,12,11,1,0,10,2,1,0,1,46,0,2,5,24,29,0,0,0,0,0,0,0,0,0,0,5,0,0,0,0,5,0,0,0,0,0,0,0,0,0,5,0,0,0,0,0,0,0,0,0,0,0,0,0,0,0,1,0,0,0,0,1,0,0,0,0,0,0,0,0,0,1,0,0,0,0,0,0,0,0,0,0,0,0,0,0,0,0,0,0,0,0,0,0,0,0,0,0,0,0,0,0,0,0,0,0,0,0
Sp: Washtenaw County,1999-02-01,Michigan,0,MI81081,breakdown offenses,normal return,normal return,normal return,normal return,not updated,breakdown offenses,breakdown offenses,breakdown offenses,0,0,0,1,0,2,2,0,0,0,0,0,0,19,8,0,2,0,9,15,15,0,0,13,4,3,0,1,54,0,10,13,32,45,0,0,1,1,0,0,0,0,0,0,11,0,0,0,2,9,1,1,0,0,4,0,0,0,0,17,0,2,3,5,8,0,0,0,0,0,0,0,0,0,0,1,0,0,0,0,1,1,1,0,0,0,0,0,0,0,2,0,0,0,1,1,0,0,0,0,0,0,0,0,0,0,0,0,0,0,0,0,0,0,0,0,0,0,0,0,0,0,0,0,0,0,0
Sp: Washtenaw County,1999-03-01,Michigan,0,MI81081,breakdown offenses,normal return,normal return,normal return,normal return,not updated,breakdown offenses,breakdown offenses,breakdown offenses,0,0,0,0,0,3,3,0,1,0,0,0,1,14,1,0,0,1,12,11,11,0,0,8,4,4,0,0,41,0,2,6,23,29,0,0,1,1,0,0,0,0,0,0,5,1,0,0,0,4,1,1,0,0,1,0,0,0,0,8,0,1,2,2,4,0,0,1,1,0,0,0,0,0,0,1,0,0,0,0,1,0,0,0,0,1,0,0,0,0,3,0,0,1,1,2,0,0,0,0,0,0,0,0,0,0,0,0,0,0,0,0,0,0,0,0,0,0,0,0,0,0,0,0,0,0,0
Sp: Washtenaw County,1999-04-01,Michigan,0,MI81081,breakdown offenses,normal return,normal return,normal return,normal return,not updated,breakdown offenses,breakdown offenses,breakdown offenses,0,0,0,1,0,1,1,0,0,0,0,0,0,12,0,2,0,1,9,7,6,1,0,13,5,4,0,1,39,0,3,5,25,30,0,0,0,0,0,0,0,0,0,0,7,0,0,0,0,7,0,0,0,0,0,1,1,0,0,8,0,0,0,1,1,0,0,0,0,0,0,0,0,0,0,0,0,0,0,0,0,0,0,0,0,0,0,0,0,0,0,0,0,0,0,0,0,0,0,0,0,0,0,0,0,0,0,0,0,0,0,0,0,0,0,0,0,0,0,0,0,0,0,0,0,0,0
Sp: Washtenaw County,1999-05-01,Michigan,0,MI81081,breakdown offenses,normal return,normal return,normal return,normal return,not updated,breakdown offenses,breakdown offenses,breakdown offenses,0,0,0,0,0,0,0,0,4,0,4,0,0,15,3,0,1,0,11,6,6,0,0,10,2,1,0,1,37,0,4,8,18,26,0,0,0,0,0,0,0,0,0,0,5,0,0,1,0,4,0,0,0,0,1,0,0,0,0,6,0,1,1,1,2,0,0,0,0,0,0,0,0,0,0,1,0,0,0,0,1,0,0,0,0,1,0,0,0,0,2,0,0,0,1,1,0,0,0,0,0,0,0,0,0,0,0,0,0,0,0,0,0,0,0,0,0,0,0,0,0,0,0,0,0,0,0
Sp: Washtenaw County,1999-06-01,Michigan,0,MI81081,breakdown offenses,normal return,normal return,normal return,normal return,not updated,breakdown offenses,breakdown offenses,breakdown offenses,0,0,0,0,0,0,0,0,1,1,0,0,0,11,0,0,3,0,8,7,6,1,0,10,5,2,1,2,34,0,3,4,22,26,0,0,0,0,0,1,1,0,0,0,4,0,0,1,0,3,1,1,0,0,1,0,0,0,0,7,0,1,2,2,4,0,0,0,0,0,0,0,0,0,0,2,0,0,1,0,1,0,0,0,0,1,0,0,0,0,3,0,1,1,1,2,0,0,0,0,0,0,0,0,0,0,0,0,0,0,0,0,0,0,0,0,0,0,0,0,0,0,0,0,0,0,0
Sp: Washtenaw County,1999-07-01,Michigan,0,MI81081,breakdown offenses,normal return,normal return,normal return,normal return,not updated,breakdown offenses,breakdown offenses,breakdown offenses,0,0,0,0,0,0,0,0,0,0,0,0,0,9,0,1,1,0,7,3,2,1,0,12,3,3,0,0,27,0,2,2,18,20,0,0,1,1,0,0,0,0,0,0,3,0,0,2,0,1,0,0,0,0,2,2,2,0,0,8,0,2,3,4,7,0,0,0,0,0,0,0,0,0,0,0,0,0,0,0,0,0,0,0,0,1,1,1,0,0,2,0,0,0,2,2,0,0,0,0,0,0,0,0,0,0,0,0,0,0,0,0,0,0,0,0,0,0,0,0,0,0,0,0,0,0,0
Sp: Washtenaw County,1999-08-01,Michigan,0,MI81081,breakdown offenses,normal return,normal return,normal return,normal return,not updated,breakdown offenses,breakdown offenses,breakdown offenses,0,0,0,0,0,0,0,0,0,0,0,0,0,10,0,0,2,0,8,6,6,0,0,1,4,3,0,1,21,0,2,2,11,13,0,0,0,0,0,0,0,0,0,0,6,0,0,1,0,5,0,0,0,0,0,0,0,0,0,6,0,1,1,0,1,0,0,0,0,0,0,0,0,0,0,1,0,0,0,0,1,0,0,0,0,0,0,0,0,0,1,0,0,0,0,0,0,0,0,0,0,0,0,0,0,0,0,0,0,0,0,0,0,0,0,0,0,0,0,0,0,0,0,0,0,0,0
Sp: Washtenaw County,1999-09-01,Michigan,0,MI81081,breakdown offenses,normal return,normal return,normal return,normal return,not updated,breakdown offenses,breakdown offenses,breakdown offenses,0,0,0,0,0,3,3,0,0,0,0,0,0,10,0,2,1,0,7,4,4,0,0,4,2,2,0,0,23,0,3,6,10,16,0,0,0,0,0,0,0,0,0,0,7,0,0,1,0,6,0,0,0,0,0,0,0,0,0,7,0,1,1,0,1,0,0,0,0,0,0,0,0,0,0,1,0,0,0,0,1,0,0,0,0,0,0,0,0,0,1,0,0,0,0,0,0,0,0,0,0,0,0,0,0,0,0,0,0,0,0,0,0,0,0,0,0,0,0,0,0,0,0,0,0,0,0
Sp: Washtenaw County,1999-10-01,Michigan,0,MI81081,breakdown offenses,normal return,normal return,normal return,normal return,not updated,breakdown offenses,breakdown offenses,breakdown offenses,0,0,0,0,0,1,1,0,0,0,0,0,0,9,0,0,2,3,4,6,6,0,0,6,0,0,0,0,22,0,5,6,12,18,0,0,0,0,0,0,0,0,0,0,3,0,0,0,1,2,0,0,0,0,1,0,0,0,0,4,0,1,1,1,2,0,0,0,0,0,0,0,0,0,0,0,0,0,0,0,0,0,0,0,0,0,0,0,0,0,0,0,0,0,0,0,0,0,0,0,0,0,0,0,0,0,0,0,0,0,0,0,0,0,0,0,0,0,0,0,0,0,0,0,0,0,0
Sp: Washtenaw County,1999-11-01,Michigan,0,MI81081,breakdown offenses,normal return,normal return,normal return,normal return,not updated,breakdown offenses,breakdown offenses,breakdown offenses,0,0,0,0,0,0,0,0,0,0,0,0,0,5,0,2,0,2,1,5,5,0,0,9,4,4,0,0,23,0,4,4,18,22,0,0,0,0,0,0,0,0,0,0,3,0,0,0,0,3,0,0,0,0,0,0,0,0,0,3,0,0,0,0,0,0,0,0,0,0,0,0,0,0,0,1,0,0,0,0,1,0,0,0,0,0,0,0,0,0,1,0,0,0,0,0,0,0,0,0,0,0,0,0,0,0,0,0,0,0,0,0,0,0,0,0,0,0,0,0,0,0,0,0,0,0,0
Sp: Washtenaw County,1999-12-01,Michigan,0,MI81081,breakdown offenses,normal return,normal return,normal return,normal return,not updated,breakdown offenses,breakdown offenses,breakdown offenses,0,0,0,0,0,0,0,0,2,0,0,0,2,9,2,0,1,0,6,5,5,0,0,0,3,3,0,0,19,0,3,5,8,13,0,0,0,0,0,0,0,0,0,0,5,0,0,2,0,3,0,0,0,0,1,1,1,0,0,7,0,2,2,2,4,0,0,0,0,0,0,0,0,0,0,0,0,0,0,0,0,0,0,0,0,0,1,1,0,0,1,0,0,0,1,1,0,0,0,0,0,0,0,0,0,0,0,0,0,0,0,0,0,0,0,0,0,0,0,0,0,0,0,0,0,0,0
Sp: Washtenaw County,1990-01-01,Michigan,0,MI81081,breakdown offenses,adjustment,adjustment,adjustment,adjustment,adjustment,breakdown offenses,breakdown offenses,breakdown offenses,0,0,1,0,0,9,9,0,3,1,0,0,2,14,1,0,0,0,13,12,9,0,3,26,14,11,2,1,78,0,1,13,52,65,0,0,5,5,0,2,1,0,0,1,4,0,0,0,0,4,2,2,0,0,10,2,2,0,0,25,0,0,7,14,21,0,0,2,2,0,0,0,0,0,0,0,0,0,0,0,0,1,1,0,0,0,0,0,0,0,3,0,0,2,1,3,0,0,1,1,0,0,0,0,0,0,2,0,0,0,0,2,3,2,0,1,0,0,0,0,0,6,0,0,1,3,4
Sp: Washtenaw County,1990-02-01,Michigan,0,MI81081,breakdown offenses,adjustment,adjustment,adjustment,adjustment,adjustment,breakdown offenses,breakdown offenses,breakdown offenses,0,0,0,0,0,4,4,0,1,1,0,0,0,15,0,0,1,0,14,2,2,0,0,21,9,7,2,0,52,0,1,6,32,38,0,0,3,3,0,0,0,0,0,0,3,0,0,0,0,3,0,0,0,0,2,2,2,0,0,10,0,0,3,4,7,0,0,2,2,0,0,0,0,0,0,0,0,0,0,0,0,0,0,0,0,0,2,2,0,0,4,0,0,2,2,4,0,0,1,1,0,0,0,0,0,0,0,0,0,0,0,0,4,4,0,0,0,0,0,0,0,5,0,0,1,4,5
Sp: Washtenaw County,1990-03-01,Michigan,0,MI81081,breakdown offenses,adjustment,adjustment,adjustment,adjustment,adjustment,breakdown offenses,breakdown offenses,breakdown offenses,0,0,0,0,0,3,3,0,0,0,0,0,0,9,0,0,1,0,8,7,7,0,0,23,12,10,2,0,54,0,1,4,42,46,0,0,3,3,0,0,0,0,0,0,5,0,0,0,0,5,2,2,0,0,13,0,0,0,0,23,0,0,3,15,18,0,0,0,0,0,0,0,0,0,0,0,0,0,0,0,0,2,2,0,0,7,0,0,0,0,9,0,0,0,9,9,0,0,2,2,0,1,0,0,1,0,0,0,0,0,0,0,3,3,0,0,0,0,0,0,0,6,0,0,3,3,6
Sp: Washtenaw County,1990-04-01,Michigan,0,MI81081,breakdown offenses,adjustment,adjustment,adjustment,adjustment,adjustment,breakdown offenses,breakdown offenses,breakdown offenses,0,0,0,0,0,7,7,0,0,0,0,0,0,10,0,1,1,0,8,10,10,0,0,18,17,16,1,0,62,0,2,9,45,54,0,0,3,3,0,0,0,0,0,0,5,0,1,0,0,4,3,3,0,0,6,0,0,0,0,17,0,1,4,9,13,0,0,0,0,0,0,0,0,0,0,1,0,0,0,0,1,2,2,0,0,1,0,0,0,0,4,0,0,0,3,3,0,0,1,1,0,0,0,0,0,0,1,0,0,0,0,1,9,9,0,0,1,1,1,0,0,13,0,0,1,11,12
Sp: Washtenaw County,1990-05-01,Michigan,0,MI81081,breakdown offenses,adjustment,adjustment,adjustment,adjustment,adjustment,breakdown offenses,breakdown offenses,breakdown offenses,0,0,2,0,0,5,5,0,1,0,0,0,1,17,1,0,3,0,13,5,5,0,0,27,19,14,3,2,74,0,4,10,51,61,0,0,3,3,0,0,0,0,0,0,5,0,0,3,0,2,1,1,0,0,6,1,1,0,0,16,0,3,6,8,14,0,0,0,0,0,0,0,0,0,0,0,0,0,0,0,0,0,0,0,0,2,0,0,0,0,2,0,0,0,2,2,0,0,1,1,0,0,0,0,0,0,3,0,0,1,0,2,5,5,0,0,0,1,1,0,0,10,0,1,2,6,8
Sp: Washtenaw County,1990-06-01,Michigan,0,MI81081,breakdown offenses,adjustment,adjustment,adjustment,adjustment,adjustment,breakdown offenses,breakdown offenses,breakdown offenses,0,0,0,0,0,7,7,0,0,0,0,0,0,18,0,1,0,0,17,4,4,0,0,27,17,13,2,2,73,0,1,8,48,56,0,0,2,2,0,0,0,0,0,0,3,0,0,0,0,3,2,2,0,0,4,1,0,0,1,12,0,0,2,7,9,0,0,0,0,0,0,0,0,0,0,0,0,0,0,0,0,1,1,0,0,1,0,0,0,0,2,0,0,0,2,2,0,0,0,0,0,0,0,0,0,0,1,0,0,0,0,1,11,11,0,0,0,2,2,0,0,14,0,0,0,13,13
Sp: Washtenaw County,1990-07-01,Michigan,0,MI81081,breakdown offenses,adjustment,adjustment,adjustment,adjustment,adjustment,breakdown offenses,breakdown offenses,breakdown offenses,0,0,0,0,0,4,4,0,1,1,0,0,0,25,0,1,0,2,22,7,6,0,1,24,16,14,2,0,77,0,3,8,47,55,0,0,1,1,0,0,0,0,0,0,6,0,0,0,2,4,1,1,0,0,2,1,1,0,0,11,0,2,3,4,7,0,0,0,0,0,0,0,0,0,0,0,0,0,0,0,0,0,0,0,0,0,0,0,0,0,0,0,0,0,0,0,0,0,0,0,0,0,0,0,0,0,0,0,0,0,0,0,5,5,0,0,0,3,3,0,0,8,0,0,0,8,8
Sp: Washtenaw County,1990-08-01,Michigan,0,MI81081,breakdown offenses,adjustment,adjustment,adjustment,adjustment,adjustment,breakdown offenses,breakdown offenses,breakdown offenses,0,0,3,1,0,5,5,0,0,0,0,0,0,17,1,0,4,0,12,8,5,0,3,21,16,10,6,0,68,0,5,11,45,56,1,0,4,4,0,0,0,0,0,0,3,0,0,0,0,3,0,0,0,0,3,1,0,1,0,12,0,0,5,4,9,0,0,1,1,0,0,0,0,0,0,0,0,0,0,0,0,0,0,0,0,0,0,0,0,0,1,0,0,1,0,1,0,0,0,0,0,0,0,0,0,0,0,0,0,0,0,0,4,2,0,2,0,0,0,0,0,4,0,0,0,4,4
Sp: Washtenaw County,1990-09-01,Michigan,0,MI81081,breakdown offenses,adjustment,adjustment,adjustment,adjustment,adjustment,breakdown offenses,breakdown offenses,breakdown offenses,0,0,1,0,0,10,10,0,1,0,0,0,1,14,1,1,3,2,7,11,10,1,0,16,8,6,2,0,60,0,7,18,35,53,0,0,11,11,0,0,0,0,0,0,4,0,0,2,0,2,1,1,0,0,3,1,1,0,0,20,0,2,13,5,18,0,0,2,2,0,0,0,0,0,0,0,0,0,0,0,0,0,0,0,0,0,1,1,0,0,3,0,0,2,1,3,0,0,0,0,0,0,0,0,0,0,0,0,0,0,0,0,3,3,0,0,0,2,2,0,0,5,0,0,0,5,5
Sp: Washtenaw County,1990-10-01,Michigan,0,MI81081,breakdown offenses,adjustment,adjustment,adjustment,adjustment,adjustment,breakdown offenses,breakdown offenses,breakdown offenses,0,0,0,0,0,10,10,0,4,0,0,1,3,21,4,1,1,0,15,16,13,1,2,19,4,4,0,0,74,0,6,20,39,59,0,0,5,5,0,0,0,0,0,0,2,2,0,0,0,0,0,0,0,0,4,0,0,0,0,11,0,2,7,4,11,0,0,1,1,0,0,0,0,0,0,0,0,0,0,0,0,0,0,0,0,2,0,0,0,0,3,0,0,1,2,3,0,0,0,0,0,0,0,0,0,0,1,0,0,0,0,1,7,6,1,0,0,0,0,0,0,8,0,0,0,7,7
Sp: Washtenaw County,1990-11-01,Michigan,0,MI81081,breakdown offenses,adjustment,adjustment,adjustment,adjustment,adjustment,breakdown offenses,breakdown offenses,breakdown offenses,0,0,0,0,0,7,7,0,1,0,0,0,1,14,0,1,1,1,11,20,20,0,0,23,6,6,0,0,71,0,3,11,49,60,0,0,3,3,0,0,0,0,0,0,2,0,0,0,0,2,2,2,0,0,3,0,0,0,0,10,0,0,3,5,8,0,0,0,0,0,0,0,0,0,0,1,0,0,0,0,1,0,0,0,0,1,0,0,0,0,2,0,0,0,1,1,0,0,0,0,0,0,0,0,0,0,0,0,0,0,0,0,9,9,0,0,0,0,0,0,0,9,0,0,0,9,9
Sp: Washtenaw County,1990-12-01,Michigan,0,MI81081,breakdown offenses,adjustment,adjustment,adjustment,adjustment,adjustment,breakdown offenses,breakdown offenses,breakdown offenses,0,0,0,0,0,1,1,0,3,2,1,0,0,16,1,0,6,1,8,9,9,0,0,21,4,3,0,1,54,0,8,12,34,46,0,0,0,0,0,0,0,0,0,0,2,0,0,0,1,1,0,0,0,0,5,0,0,0,0,7,0,1,1,5,6,0,0,0,0,0,0,0,0,0,0,0,0,0,0,0,0,0,0,0,0,0,0,0,0,0,0,0,0,0,0,0,0,0,0,0,0,0,0,0,0,0,0,0,0,0,0,0,1,1,0,0,1,2,2,0,0,4,0,0,0,4,4
Sp: Washtenaw County,1991-01-01,Michigan,0,MI81081,breakdown offenses,adjustment,adjustment,adjustment,adjustment,adjustment,breakdown offenses,breakdown offenses,breakdown offenses,0,0,0,1,0,2,2,0,2,1,0,1,0,16,3,0,2,0,11,10,9,0,1,19,5,5,0,0,55,0,5,10,34,44,0,0,1,1,0,0,0,0,0,0,8,3,0,2,0,3,0,0,0,0,4,1,1,0,0,14,0,5,6,5,11,0,0,0,0,0,0,0,0,0,0,1,0,0,1,0,0,0,0,0,0,0,1,1,0,0,2,0,1,1,1,2,0,0,0,0,0,0,0,0,0,0,2,0,0,0,0,2,19,19,0,0,0,0,0,0,0,21,0,0,0,19,19
Sp: Washtenaw County,1991-02-01,Michigan,0,MI81081,breakdown offenses,adjustment,adjustment,adjustment,adjustment,adjustment,breakdown offenses,breakdown offenses,breakdown offenses,0,0,0,1,0,3,3,0,2,0,0,2,0,24,0,2,1,0,21,17,17,0,0,39,1,1,0,0,87,0,3,9,57,66,1,0,2,2,0,0,0,0,0,0,8,0,1,1,0,6,1,1,0,0,4,0,0,0,0,16,0,2,5,5,10,0,0,0,0,0,0,0,0,0,0,1,0,0,0,0,1,0,0,0,0,1,0,0,0,0,2,0,0,0,1,1,0,0,0,0,0,0,0,0,0,0,0,0,0,0,0,0,19,19,0,0,0,1,1,0,0,20,0,0,0,20,20
Sp: Washtenaw County,1991-03-01,Michigan,0,MI81081,breakdown offenses,adjustment,adjustment,adjustment,adjustment,adjustment,breakdown offenses,breakdown offenses,breakdown offenses,0,0,0,0,0,6,6,0,3,0,0,3,0,30,5,0,8,0,17,10,9,0,1,84,11,9,0,2,144,0,13,22,105,127,0,0,3,3,0,2,0,0,2,0,7,5,0,0,0,2,0,0,0,0,4,0,0,0,0,16,0,5,10,4,14,0,0,1,1,0,0,0,0,0,0,0,0,0,0,0,0,0,0,0,0,3,0,0,0,0,4,0,0,1,3,4,0,0,0,0,0,1,0,0,1,0,1,0,0,1,0,0,29,29,0,0,2,1,1,0,0,34,0,1,2,32,34
Sp: Washtenaw County,1991-04-01,Michigan,0,MI81081,breakdown offenses,adjustment,adjustment,adjustment,adjustment,adjustment,breakdown offenses,breakdown offenses,breakdown offenses,0,0,0,0,0,6,6,0,0,0,0,0,0,22,1,0,1,2,18,12,10,0,2,62,4,2,1,1,106,0,4,10,78,88,0,0,4,4,0,0,0,0,0,0,4,1,0,0,0,3,1,1,0,0,5,1,0,1,0,15,0,1,5,7,12,0,0,3,3,0,0,0,0,0,0,0,0,0,0,0,0,0,0,0,0,1,0,0,0,0,4,0,0,3,1,4,0,0,2,2,0,0,0,0,0,0,1,0,0,1,0,0,19,19,0,0,0,0,0,0,0,22,0,1,3,19,22
Sp: Washtenaw County,1991-05-01,Michigan,0,MI81081,breakdown offenses,adjustment,adjustment,adjustment,adjustment,adjustment,breakdown offenses,breakdown offenses,breakdown offenses,0,0,1,0,0,7,7,0,0,0,0,0,0,32,2,1,5,1,23,12,9,0,3,75,6,4,1,1,132,0,9,16,93,109,0,0,1,1,0,0,0,0,0,0,9,0,0,3,1,5,0,0,0,0,9,1,1,0,0,20,0,4,5,10,15,0,0,0,0,0,0,0,0,0,0,2,0,0,1,0,1,0,0,0,0,4,0,0,0,0,6,0,1,1,4,5,0,0,2,2,0,0,0,0,0,0,2,0,0,0,0,2,15,15,0,0,0,1,1,0,0,20,0,0,2,16,18
Sp: Washtenaw County,1991-06-01,Michigan,0,MI81081,breakdown offenses,adjustment,adjustment,adjustment,adjustment,adjustment,breakdown offenses,breakdown offenses,breakdown offenses,0,0,0,0,0,7,7,0,2,0,0,1,1,28,0,0,3,1,24,15,14,0,1,63,7,6,1,0,122,0,4,13,85,98,0,0,2,2,0,1,0,0,0,1,4,0,0,1,0,3,1,1,0,0,3,0,0,0,0,11,0,1,4,4,8,0,0,0,0,0,0,0,0,0,0,0,0,0,0,0,0,0,0,0,0,0,0,0,0,0,0,0,0,0,0,0,0,0,0,0,0,0,0,0,0,0,0,0,0,0,0,0,24,24,0,0,1,0,0,0,0,25,0,0,0,25,25
Sp: Washtenaw County,1991-07-01,Michigan,0,MI81081,breakdown offenses,adjustment,adjustment,adjustment,adjustment,adjustment,breakdown offenses,breakdown offenses,breakdown offenses,0,0,0,0,0,8,8,0,1,1,0,0,0,30,7,1,3,1,18,24,22,0,2,86,8,6,1,1,157,0,12,21,118,139,0,0,1,1,0,1,1,0,0,0,7,6,0,0,0,1,3,3,0,0,4,0,0,0,0,16,0,6,8,7,15,0,0,0,0,0,0,0,0,0,0,0,0,0,0,0,0,2,2,0,0,1,0,0,0,0,3,0,0,0,3,3,0,0,0,0,0,0,0,0,0,0,1,0,0,0,0,1,25,25,0,0,0,1,1,0,0,27,0,0,0,26,26
Sp: Washtenaw County,1991-08-01,Michigan,0,MI81081,breakdown offenses,adjustment,adjustment,adjustment,adjustment,adjustment,breakdown offenses,breakdown offenses,breakdown offenses,0,0,0,0,0,3,3,0,3,0,0,2,1,26,2,2,5,0,17,17,16,0,1,98,8,7,1,0,155,0,9,15,123,138,0,0,2,2,0,0,0,0,0,0,4,0,1,2,0,1,1,1,0,0,2,0,0,0,0,9,0,3,5,3,8,0,0,0,0,0,0,0,0,0,0,0,0,0,0,0,0,1,1,0,0,0,0,0,0,0,1,0,0,0,1,1,0,0,0,0,0,0,0,0,0,0,0,0,0,0,0,0,12,12,0,0,0,0,0,0,0,12,0,0,0,12,12
Sp: Washtenaw County,1991-09-01,Michigan,0,MI81081,breakdown offenses,adjustment,adjustment,adjustment,adjustment,adjustment,breakdown offenses,breakdown offenses,breakdown offenses,0,0,0,0,0,3,3,0,0,0,0,0,0,11,0,1,4,0,6,19,17,0,2,86,7,6,0,1,126,0,5,8,112,120,0,0,1,1,0,0,0,0,0,0,3,0,1,2,0,0,1,1,0,0,5,1,1,0,0,11,0,3,4,7,11,0,0,0,0,0,0,0,0,0,0,0,0,0,0,0,0,0,0,0,0,1,0,0,0,0,1,0,0,0,1,1,0,0,0,0,0,0,0,0,0,0,0,0,0,0,0,0,11,11,0,0,2,0,0,0,0,13,0,0,0,13,13
Sp: Washtenaw County,1991-10-01,Michigan,0,MI81081,breakdown offenses,adjustment,adjustment,adjustment,adjustment,adjustment,breakdown offenses,breakdown offenses,breakdown offenses,0,0,0,0,0,6,6,0,5,0,0,0,5,31,5,1,2,2,21,28,27,1,0,109,11,10,0,1,190,0,10,21,148,169,0,0,3,3,0,0,0,0,0,0,6,0,0,2,1,3,1,1,0,0,3,1,1,0,0,14,0,3,6,5,11,0,0,0,0,0,0,0,0,0,0,0,0,0,0,0,0,0,0,0,0,0,0,0,0,0,0,0,0,0,0,0,0,0,1,1,0,0,0,0,0,0,2,0,0,0,0,2,3,3,0,0,0,0,0,0,0,6,0,0,1,3,4
Sp: Washtenaw County,1991-11-01,Michigan,0,MI81081,breakdown offenses,adjustment,adjustment,adjustment,adjustment,adjustment,breakdown offenses,breakdown offenses,breakdown offenses,0,0,0,0,0,3,3,0,2,1,0,1,0,15,1,1,2,0,11,13,13,0,0,79,6,4,1,1,118,0,4,9,98,107,0,0,1,1,0,0,0,0,0,0,2,1,0,0,0,1,3,3,0,0,2,1,1,0,0,9,0,1,2,6,8,0,0,0,0,0,0,0,0,0,0,0,0,0,0,0,0,3,3,0,0,1,1,1,0,0,5,0,0,0,5,5,0,0,0,0,0,0,0,0,0,0,0,0,0,0,0,0,7,7,0,0,0,0,0,0,0,7,0,0,0,7,7
Sp: Washtenaw County,1991-12-01,Michigan,0,MI81081,breakdown offenses,normal return,normal return,normal return,normal return,normal return,breakdown offenses,breakdown offenses,breakdown offenses,0,0,1,0,0,3,3,0,2,0,0,1,1,27,0,2,7,1,17,15,14,0,1,79,4,3,0,1,130,0,10,15,98,113,0,0,1,1,0,1,0,0,0,1,8,0,2,2,0,4,0,0,0,0,3,0,0,0,0,13,0,4,6,3,9,0,0,0,0,0,0,0,0,0,0,0,0,0,0,0,0,0,0,0,0,1,0,0,0,0,1,0,0,0,1,1,0,0,0,0,0,0,0,0,0,0,2,0,0,0,1,1,9,9,0,0,1,0,0,0,0,12,0,1,1,10,11
Sp: Washtenaw County,1992-01-01,Michigan,0,MI81081,breakdown offenses,adjustment,adjustment,adjustment,adjustment,adjustment,breakdown offenses,breakdown offenses,breakdown offenses,0,0,0,0,0,4,4,0,0,0,0,0,0,21,2,0,3,3,13,23,22,1,0,72,10,7,1,2,130,0,8,12,105,117,0,0,0,0,0,0,0,0,0,0,10,2,0,1,2,5,1,1,0,0,0,0,0,0,0,11,0,5,5,1,6,0,0,0,0,0,0,0,0,0,0,0,0,0,0,0,0,0,0,0,0,0,0,0,0,0,0,0,0,0,0,0,0,0,0,0,0,0,0,0,0,0,1,0,0,1,0,0,3,3,0,0,1,0,0,0,0,5,0,1,1,4,5
Sp: Washtenaw County,1992-02-01,Michigan,0,MI81081,breakdown offenses,adjustment,adjustment,adjustment,adjustment,adjustment,breakdown offenses,breakdown offenses,breakdown offenses,0,0,0,0,0,8,8,0,1,0,0,1,0,22,1,2,2,0,17,16,16,0,0,31,6,4,2,0,84,0,5,14,53,67,0,0,6,6,0,1,0,0,1,0,4,0,0,0,0,4,1,1,0,0,5,0,0,0,0,17,0,0,7,6,13,0,0,0,0,0,0,0,0,0,0,0,0,0,0,0,0,0,0,0,0,1,0,0,0,0,1,0,0,0,1,1,0,0,0,0,0,0,0,0,0,0,1,0,0,0,0,1,3,3,0,0,1,0,0,0,0,5,0,0,0,4,4
Sp: Washtenaw County,1992-03-01,Michigan,0,MI81081,breakdown offenses,adjustment,adjustment,adjustment,adjustment,adjustment,breakdown offenses,breakdown offenses,breakdown offenses,0,0,0,0,0,3,3,0,2,1,0,1,0,20,0,1,3,0,16,14,13,0,1,25,3,2,0,1,67,0,4,9,42,51,0,0,1,1,0,1,0,0,1,0,6,0,1,0,0,5,2,2,0,0,5,1,1,0,0,16,0,1,3,8,11,0,0,0,0,0,0,0,0,0,0,0,0,0,0,0,0,0,0,0,0,2,1,1,0,0,3,0,0,0,3,3,0,0,1,1,0,0,0,0,0,0,0,0,0,0,0,0,9,8,0,1,1,0,0,0,0,11,0,0,1,10,11
Sp: Washtenaw County,1992-04-01,Michigan,0,MI81081,breakdown offenses,adjustment,adjustment,adjustment,adjustment,adjustment,breakdown offenses,breakdown offenses,breakdown offenses,0,0,1,0,0,10,10,0,2,0,0,2,0,25,0,1,1,5,18,11,9,0,2,31,2,2,0,0,81,0,7,19,44,63,0,0,0,0,0,1,0,0,1,0,6,0,0,0,2,4,1,1,0,0,5,0,0,0,0,13,0,2,3,6,9,0,0,0,0,0,0,0,0,0,0,0,0,0,0,0,0,0,0,0,0,2,0,0,0,0,2,0,0,0,2,2,0,0,0,0,0,0,0,0,0,0,1,0,0,0,0,1,8,1,0,7,0,0,0,0,0,9,0,0,0,8,8
Sp: Washtenaw County,1992-05-01,Michigan,0,MI81081,breakdown offenses,adjustment,adjustment,adjustment,adjustment,adjustment,breakdown offenses,breakdown offenses,breakdown offenses,0,0,0,0,0,3,3,0,2,2,0,0,0,24,2,0,1,4,17,6,6,0,0,21,2,1,0,1,58,0,7,12,29,41,0,0,0,0,0,0,0,0,0,0,8,1,0,0,1,6,0,0,0,0,0,0,0,0,0,8,0,2,2,0,2,0,0,0,0,0,0,0,0,0,0,1,1,0,0,0,0,0,0,0,0,0,0,0,0,0,1,0,1,1,0,1,0,0,1,1,0,0,0,0,0,0,3,0,0,0,0,3,4,1,0,3,0,0,0,0,0,8,0,0,1,4,5
Sp: Washtenaw County,1992-06-01,Michigan,0,MI81081,breakdown offenses,adjustment,adjustment,adjustment,adjustment,adjustment,breakdown offenses,breakdown offenses,breakdown offenses,0,0,1,0,0,4,4,0,0,0,0,0,0,17,0,0,1,0,16,13,12,0,1,8,5,5,0,0,47,0,1,5,26,31,0,0,0,0,0,0,0,0,0,0,3,0,1,1,0,1,0,0,0,0,0,0,0,0,0,3,0,2,2,0,2,0,0,0,0,0,0,0,0,0,0,2,0,0,1,0,1,0,0,0,0,0,0,0,0,0,2,0,1,1,0,1,0,0,0,0,0,1,0,0,1,0,1,0,0,1,0,0,4,4,0,0,0,0,0,0,0,6,0,1,2,4,6
Sp: Washtenaw County,1992-07-01,Michigan,0,MI81081,breakdown offenses,adjustment,adjustment,adjustment,adjustment,adjustment,breakdown offenses,breakdown offenses,breakdown offenses,0,0,0,0,0,1,1,0,0,0,0,0,0,15,1,1,2,1,10,9,9,0,0,12,3,1,2,0,40,0,5,6,24,30,0,0,0,0,0,0,0,0,0,0,2,0,0,0,0,2,0,0,0,0,0,0,0,0,0,2,0,0,0,0,0,0,0,0,0,0,0,0,0,0,0,0,0,0,0,0,0,0,0,0,0,0,0,0,0,0,0,0,0,0,0,0,0,0,0,0,0,0,0,0,0,0,1,0,0,0,0,1,1,1,0,0,0,0,0,0,0,2,0,0,0,1,1
Sp: Washtenaw County,1992-08-01,Michigan,0,MI81081,breakdown offenses,adjustment,adjustment,adjustment,adjustment,adjustment,breakdown offenses,breakdown offenses,breakdown offenses,0,0,0,0,0,3,3,0,2,1,0,0,1,25,2,2,2,1,18,16,16,0,0,31,3,2,1,0,80,0,7,12,50,62,0,0,0,0,0,0,0,0,0,0,6,0,2,0,0,4,0,0,0,0,4,0,0,0,0,10,0,2,2,4,6,0,0,0,0,0,0,0,0,0,0,0,0,0,0,0,0,0,0,0,0,1,0,0,0,0,1,0,0,0,1,1,0,0,0,0,0,0,0,0,0,0,1,0,0,0,0,1,0,0,0,0,0,0,0,0,0,1,0,0,0,0,0
Sp: Washtenaw County,1992-09-01,Michigan,0,MI81081,breakdown offenses,adjustment,adjustment,adjustment,adjustment,adjustment,breakdown offenses,breakdown offenses,breakdown offenses,0,0,0,0,0,1,1,0,0,0,0,0,0,15,0,0,2,0,13,17,16,0,1,19,3,2,1,0,55,0,2,3,39,42,0,0,0,0,0,0,0,0,0,0,2,0,0,0,0,2,1,1,0,0,1,0,0,0,0,4,0,0,0,2,2,0,0,0,0,0,0,0,0,0,0,0,0,0,0,0,0,1,1,0,0,1,0,0,0,0,2,0,0,0,2,2,0,0,0,0,0,0,0,0,0,0,0,0,0,0,0,0,1,0,0,1,0,0,0,0,0,1,0,0,0,1,1
Sp: Washtenaw County,1992-10-01,Michigan,0,MI81081,breakdown offenses,adjustment,adjustment,adjustment,adjustment,adjustment,breakdown offenses,breakdown offenses,breakdown offenses,0,0,3,0,0,4,4,0,4,3,1,0,0,20,0,1,2,0,17,21,20,1,0,14,6,3,2,1,69,0,3,11,41,52,0,0,1,1,0,1,0,1,0,0,4,0,0,2,0,2,0,0,0,0,1,0,0,0,0,7,0,2,4,1,5,0,0,1,1,0,0,0,0,0,0,1,0,0,1,0,0,0,0,0,0,0,0,0,0,0,2,0,1,2,0,2,0,0,0,0,0,0,0,0,0,0,3,1,0,0,0,2,4,0,0,4,0,0,0,0,0,7,0,1,1,4,5
Sp: Washtenaw County,1992-11-01,Michigan,0,MI81081,breakdown offenses,adjustment,adjustment,adjustment,adjustment,adjustment,breakdown offenses,breakdown offenses,breakdown offenses,0,0,0,0,0,5,5,0,3,1,0,0,2,10,0,0,3,0,7,13,13,0,0,12,2,2,0,0,45,0,3,11,27,38,0,0,0,0,0,0,0,0,0,0,2,0,0,0,0,2,0,0,0,0,0,0,0,0,0,2,0,0,0,0,0,0,0,0,0,0,0,0,0,0,0,1,0,0,0,0,1,0,0,0,0,0,0,0,0,0,1,0,0,0,0,0,0,0,0,0,0,0,0,0,0,0,0,0,0,0,0,0,3,2,0,1,0,0,0,0,0,3,0,0,0,3,3
Sp: Washtenaw County,1992-12-01,Michigan,0,MI81081,breakdown offenses,normal return,normal return,normal return,normal return,normal return,breakdown offenses,breakdown offenses,breakdown offenses,0,0,2,0,0,5,5,0,2,1,0,1,0,15,3,1,1,1,9,15,14,0,1,11,4,4,0,0,52,0,6,13,30,43,0,0,0,0,0,0,0,0,0,0,3,1,1,0,0,1,1,1,0,0,1,0,0,0,0,5,0,2,2,2,4,0,0,0,0,0,0,0,0,0,0,0,0,0,0,0,0,1,1,0,0,0,0,0,0,0,1,0,0,0,1,1,0,0,0,0,0,0,0,0,0,0,0,0,0,0,0,0,2,0,0,2,0,0,0,0,0,2,0,0,0,2,2
Sp: Washtenaw County,1993-01-01,Michigan,0,MI81081,breakdown offenses,adjustment,adjustment,adjustment,adjustment,adjustment,breakdown offenses,breakdown offenses,breakdown offenses,0,0,0,1,0,0,0,0,0,0,0,0,0,8,0,0,0,1,7,9,9,0,0,18,3,3,0,0,41,0,1,2,30,32,1,0,0,0,0,0,0,0,0,0,1,0,0,0,0,1,1,1,0,0,1,0,0,0,0,4,0,0,1,2,3,0,0,0,0,0,0,0,0,0,0,0,0,0,0,0,0,0,0,0,0,1,0,0,0,0,1,0,0,0,1,1,0,0,0,0,0,0,0,0,0,0,0,0,0,0,0,0,0,0,0,0,1,0,0,0,0,2,0,0,0,1,1
Sp: Washtenaw County,1993-02-01,Michigan,0,MI81081,breakdown offenses,adjustment,adjustment,adjustment,adjustment,adjustment,breakdown offenses,breakdown offenses,breakdown offenses,0,0,0,0,0,0,0,0,1,0,0,1,0,15,1,1,0,4,9,7,7,0,0,14,1,0,0,1,46,0,6,7,22,29,0,0,0,0,0,0,0,0,0,0,4,0,1,0,1,2,1,1,0,0,3,0,0,0,0,9,0,2,2,4,6,0,0,0,0,0,0,0,0,0,0,0,0,0,0,0,0,1,1,0,0,0,0,0,0,0,1,0,0,0,1,1,0,0,0,0,0,0,0,0,0,0,1,0,0,1,0,0,1,0,0,1,0,0,0,0,0,2,0,1,1,1,2
Sp: Washtenaw County,1993-03-01,Michigan,0,MI81081,breakdown offenses,adjustment,adjustment,adjustment,adjustment,adjustment,breakdown offenses,breakdown offenses,breakdown offenses,0,0,0,0,0,0,0,0,0,0,0,0,0,12,0,0,1,4,7,3,3,0,0,18,2,2,0,0,37,0,5,5,23,28,0,0,0,0,0,0,0,0,0,0,2,0,0,1,0,1,0,0,0,0,1,0,0,0,0,3,0,1,1,1,2,0,0,0,0,0,0,0,0,0,0,0,0,0,0,0,0,0,0,0,0,0,0,0,0,0,0,0,0,0,0,0,0,0,0,0,0,0,0,0,0,0,2,0,0,0,0,2,6,0,0,6,1,0,0,0,0,10,0,0,0,7,7
Sp: Washtenaw County,1993-04-01,Michigan,0,MI81081,breakdown offenses,adjustment,adjustment,adjustment,adjustment,adjustment,breakdown offenses,breakdown offenses,breakdown offenses,0,0,0,0,0,0,0,0,2,1,0,1,0,8,0,0,1,0,7,5,4,1,0,16,4,2,0,2,40,0,1,3,25,28,0,0,0,0,0,1,1,0,0,0,2,0,0,0,0,2,0,0,0,0,2,0,0,0,0,6,0,0,1,2,3,0,0,0,0,0,0,0,0,0,0,1,0,0,0,0,1,0,0,0,0,1,0,0,0,0,2,0,0,0,1,1,0,0,0,0,0,0,0,0,0,0,0,0,0,0,0,0,3,0,0,3,0,0,0,0,0,3,0,0,0,3,3
Sp: Washtenaw County,1993-05-01,Michigan,0,MI81081,breakdown offenses,adjustment,adjustment,adjustment,adjustment,adjustment,breakdown offenses,breakdown offenses,breakdown offenses,0,0,0,0,0,0,0,0,2,1,1,0,0,16,2,0,1,1,12,6,6,0,0,6,0,0,0,0,35,0,4,6,12,18,0,0,0,0,0,1,0,1,0,0,5,1,0,0,0,4,0,0,0,0,0,0,0,0,0,6,0,1,2,0,2,0,0,0,0,0,0,0,0,0,0,0,0,0,0,0,0,0,0,0,0,0,0,0,0,0,0,0,0,0,0,0,0,0,0,0,0,0,0,0,0,0,1,0,0,0,0,1,2,1,1,0,0,1,1,0,0,4,0,0,0,3,3
Sp: Washtenaw County,1993-06-01,Michigan,0,MI81081,breakdown offenses,adjustment,adjustment,adjustment,adjustment,adjustment,breakdown offenses,breakdown offenses,breakdown offenses,0,0,0,0,0,0,0,0,0,0,0,0,0,14,1,0,1,0,12,9,7,0,2,11,1,1,0,0,35,0,2,2,21,23,0,0,0,0,0,0,0,0,0,0,5,0,0,1,0,4,1,1,0,0,1,0,0,0,0,7,0,1,1,2,3,0,0,0,0,0,0,0,0,0,0,0,0,0,0,0,0,0,0,0,0,1,0,0,0,0,1,0,0,0,1,1,0,0,0,0,0,0,0,0,0,0,2,0,0,0,0,2,4,3,0,1,0,0,0,0,0,6,0,0,0,4,4
Sp: Washtenaw County,1993-07-01,Michigan,0,MI81081,breakdown offenses,adjustment,adjustment,adjustment,adjustment,adjustment,breakdown offenses,breakdown offenses,breakdown offenses,0,0,0,0,0,0,0,0,1,0,0,1,0,13,2,0,1,2,8,9,9,0,0,15,4,3,0,1,43,0,5,6,28,34,0,0,0,0,0,0,0,0,0,0,6,1,0,0,0,5,0,0,0,0,2,0,0,0,0,8,0,1,1,2,3,0,0,0,0,0,0,0,0,0,0,0,0,0,0,0,0,0,0,0,0,0,0,0,0,0,0,0,0,0,0,0,0,0,0,0,0,0,0,0,0,0,2,0,0,1,0,1,4,3,0,1,0,2,2,0,0,9,0,1,1,6,7
Sp: Washtenaw County,1993-08-01,Michigan,0,MI81081,breakdown offenses,adjustment,adjustment,adjustment,adjustment,adjustment,breakdown offenses,breakdown offenses,breakdown offenses,0,0,0,0,0,0,0,0,1,0,0,1,0,17,1,1,2,0,13,16,15,0,1,17,3,3,0,0,57,0,4,5,36,41,0,0,0,0,0,0,0,0,0,0,3,0,0,0,0,3,1,1,0,0,3,0,0,0,0,7,0,0,0,4,4,0,0,0,0,0,0,0,0,0,0,0,0,0,0,0,0,0,0,0,0,1,0,0,0,0,1,0,0,0,1,1,0,0,0,0,0,0,0,0,0,0,3,0,0,0,0,3,2,1,0,1,1,2,2,0,0,8,0,0,0,5,5
Sp: Washtenaw County,1993-09-01,Michigan,0,MI81081,breakdown offenses,adjustment,adjustment,adjustment,adjustment,adjustment,breakdown offenses,breakdown offenses,breakdown offenses,0,0,0,0,0,0,0,0,0,0,0,0,0,17,0,1,2,1,13,8,7,1,0,17,0,0,0,0,47,0,4,4,25,29,0,0,0,0,0,0,0,0,0,0,3,0,0,0,0,3,0,0,0,0,1,0,0,0,0,6,0,0,0,1,1,0,0,0,0,0,0,0,0,0,0,0,0,0,0,0,0,0,0,0,0,0,0,0,0,0,1,0,0,0,0,0,0,0,0,0,0,0,0,0,0,0,1,0,0,0,0,1,1,0,0,1,2,0,0,0,0,4,0,0,0,3,3
Sp: Washtenaw County,1993-10-01,Michigan,0,MI81081,breakdown offenses,adjustment,adjustment,adjustment,adjustment,adjustment,breakdown offenses,breakdown offenses,breakdown offenses,0,0,0,0,0,0,0,0,3,1,0,1,1,9,2,0,0,1,6,6,5,0,1,5,1,1,0,0,26,0,3,6,12,18,0,0,0,0,0,0,0,0,0,0,2,0,0,0,1,1,0,0,0,0,0,1,1,0,0,3,0,1,1,1,2,0,0,0,0,0,0,0,0,0,0,0,0,0,0,0,0,0,0,0,0,0,0,0,0,0,0,0,0,0,0,0,0,0,0,0,0,0,0,0,0,0,5,0,0,2,0,3,6,4,0,2,0,0,0,0,0,11,0,2,2,6,8
Sp: Washtenaw County,1993-11-01,Michigan,0,MI81081,breakdown offenses,normal return,normal return,normal return,normal return,normal return,breakdown offenses,breakdown offenses,breakdown offenses,0,0,0,0,0,0,0,0,1,0,1,0,0,16,0,2,1,0,13,13,12,0,1,10,3,1,2,0,46,0,3,4,26,30,0,0,0,0,0,0,0,0,0,0,2,0,0,0,0,2,0,0,0,0,1,0,0,0,0,3,0,0,0,1,1,0,0,0,0,0,0,0,0,0,0,0,0,0,0,0,0,0,0,0,0,0,0,0,0,0,0,0,0,0,0,0,0,0,0,0,0,0,0,0,0,0,0,0,0,0,0,0,6,6,0,0,4,0,0,0,0,10,0,0,0,10,10
Sp: Washtenaw County,1993-12-01,Michigan,0,MI81081,breakdown offenses,normal return,normal return,normal return,normal return,normal return,breakdown offenses,breakdown offenses,breakdown offenses,0,0,0,0,0,0,0,0,0,0,0,0,0,19,1,1,5,0,12,6,6,0,0,7,1,1,0,0,34,0,7,7,14,21,0,0,0,0,0,0,0,0,0,0,4,1,1,0,0,2,0,0,0,0,0,0,0,0,0,4,0,2,2,0,2,0,0,0,0,0,0,0,0,0,0,1,0,1,0,0,0,0,0,0,0,0,0,0,0,0,1,0,1,1,0,1,0,0,0,0,0,0,0,0,0,0,1,0,0,0,1,0,15,12,0,3,0,0,0,0,0,16,0,1,1,15,16
Sp: Washtenaw County,1994-01-01,Michigan,0,MI81081,breakdown offenses,adjustment,adjustment,adjustment,adjustment,adjustment,breakdown offenses,breakdown offenses,breakdown offenses,0,0,0,0,0,2,2,0,3,0,2,1,0,14,2,2,0,0,10,6,5,0,1,2,4,4,0,0,31,0,4,9,12,21,0,0,1,1,0,1,0,1,0,0,2,0,1,0,0,1,0,0,0,0,0,1,1,0,0,5,0,1,3,1,4,0,0,0,0,0,0,0,0,0,0,1,0,1,0,0,0,0,0,0,0,0,1,1,0,0,2,0,1,1,1,2,0,0,0,0,0,0,0,0,0,0,1,0,0,0,0,1,5,5,0,0,0,1,1,0,0,7,0,0,0,6,6
Sp: Washtenaw County,1994-02-01,Michigan,0,MI81081,breakdown offenses,adjustment,adjustment,adjustment,adjustment,adjustment,breakdown offenses,breakdown offenses,breakdown offenses,0,0,0,0,0,4,4,0,0,0,0,0,0,14,0,1,1,0,12,4,4,0,0,7,1,1,0,0,30,0,2,6,12,18,0,0,2,2,0,0,0,0,0,0,2,0,1,0,0,1,0,0,0,0,2,0,0,0,0,6,0,1,3,2,5,0,0,0,0,0,0,0,0,0,0,1,0,1,0,0,0,0,0,0,0,1,0,0,0,0,2,0,1,1,1,2,0,0,0,0,0,0,0,0,0,0,1,0,0,1,0,0,3,2,0,1,0,0,0,0,0,4,0,1,1,3,4
Sp: Washtenaw County,1994-03-01,Michigan,0,MI81081,breakdown offenses,adjustment,adjustment,adjustment,adjustment,adjustment,breakdown offenses,breakdown offenses,breakdown offenses,0,0,0,0,0,5,5,0,0,0,0,0,0,19,0,1,2,1,15,7,6,0,1,14,3,2,1,0,48,0,4,9,24,33,0,0,0,0,0,0,0,0,0,0,4,1,1,1,0,1,0,0,0,0,4,0,0,0,0,8,0,3,3,4,7,0,0,0,0,0,0,0,0,0,0,0,0,0,0,0,0,0,0,0,0,1,0,0,0,0,1,0,0,0,1,1,0,0,1,1,0,0,0,0,0,0,0,0,0,0,0,0,8,7,0,1,2,0,0,0,0,11,0,0,1,10,11
Sp: Washtenaw County,1994-04-01,Michigan,0,MI81081,breakdown offenses,adjustment,adjustment,adjustment,adjustment,adjustment,breakdown offenses,breakdown offenses,breakdown offenses,0,0,0,0,0,0,0,0,1,0,1,0,0,19,2,0,1,1,15,11,9,1,1,9,1,1,0,0,41,0,4,5,21,26,0,0,0,0,0,1,0,1,0,0,4,1,0,0,0,3,0,0,0,0,0,0,0,0,0,5,0,1,2,0,2,0,0,0,0,0,0,0,0,0,0,1,1,0,0,0,0,0,0,0,0,0,0,0,0,0,1,0,1,1,0,1,0,0,1,1,0,1,0,0,1,0,1,0,0,0,0,1,13,7,0,6,1,3,3,0,0,20,0,0,2,17,19
Sp: Washtenaw County,1994-05-01,Michigan,0,MI81081,breakdown offenses,adjustment,adjustment,adjustment,adjustment,adjustment,breakdown offenses,breakdown offenses,breakdown offenses,0,0,0,0,0,0,0,0,3,0,0,2,1,18,1,1,0,0,16,9,4,1,4,8,4,2,1,1,42,0,2,5,21,26,0,0,0,0,0,0,0,0,0,0,1,0,0,0,0,1,1,0,0,1,2,1,0,1,0,5,0,0,0,4,4,0,0,0,0,0,0,0,0,0,0,0,0,0,0,0,0,1,0,0,1,1,0,0,0,0,2,0,0,0,2,2,0,0,0,0,0,0,0,0,0,0,1,0,0,0,0,1,1,1,0,0,0,0,0,0,0,2,0,0,0,1,1
Sp: Washtenaw County,1994-06-01,Michigan,0,MI81081,breakdown offenses,adjustment,adjustment,adjustment,adjustment,adjustment,breakdown offenses,breakdown offenses,breakdown offenses,0,0,0,1,0,1,1,0,1,0,0,0,1,16,0,0,3,0,13,4,3,0,1,5,4,3,0,1,32,0,3,6,13,19,1,0,0,0,0,0,0,0,0,0,1,0,0,0,0,1,0,0,0,0,0,0,0,0,0,2,0,0,1,0,1,0,0,0,0,0,0,0,0,0,0,0,0,0,0,0,0,0,0,0,0,0,0,0,0,0,0,0,0,0,0,0,0,0,0,0,0,0,0,0,0,0,0,0,0,0,0,0,4,2,0,2,1,0,0,0,0,5,0,0,0,5,5
Sp: Washtenaw County,1994-07-01,Michigan,0,MI81081,breakdown offenses,adjustment,adjustment,adjustment,adjustment,adjustment,breakdown offenses,breakdown offenses,breakdown offenses,0,0,1,0,0,5,5,0,0,0,0,0,0,12,0,1,1,1,9,6,5,0,1,9,3,1,1,1,35,0,3,8,18,26,0,0,0,0,0,0,0,0,0,0,2,0,1,0,1,0,0,0,0,0,2,1,1,0,0,5,0,2,2,3,5,0,0,0,0,0,0,0,0,0,0,0,0,0,0,0,0,0,0,0,0,0,0,0,0,0,0,0,0,0,0,0,0,0,0,0,0,1,0,0,1,0,1,0,0,1,0,0,0,0,0,0,1,1,1,0,0,4,0,1,2,2,4
Sp: Washtenaw County,1994-08-01,Michigan,0,MI81081,breakdown offenses,adjustment,adjustment,adjustment,adjustment,adjustment,breakdown offenses,breakdown offenses,breakdown offenses,0,0,0,0,0,1,1,0,2,2,0,0,0,19,1,2,2,1,13,22,21,0,1,9,3,3,0,0,56,0,6,9,34,43,0,0,0,0,0,0,0,0,0,0,6,0,0,2,0,4,0,0,0,0,1,0,0,0,0,7,0,2,2,1,3,0,0,0,0,0,0,0,0,0,0,0,0,0,0,0,0,0,0,0,0,0,0,0,0,0,0,0,0,0,0,0,0,0,0,0,0,2,1,0,1,0,2,0,0,0,0,2,2,0,0,2,0,0,0,0,0,6,0,0,2,2,4
Sp: Washtenaw County,1994-09-01,Michigan,0,MI81081,breakdown offenses,adjustment,adjustment,adjustment,adjustment,adjustment,breakdown offenses,breakdown offenses,breakdown offenses,0,0,0,0,0,14,14,0,0,0,0,0,0,21,1,1,0,1,18,10,9,0,1,14,3,2,1,0,62,0,3,17,27,44,0,0,4,4,0,0,0,0,0,0,4,0,0,0,0,4,0,0,0,0,1,0,0,0,0,9,0,0,4,1,5,0,0,0,0,0,0,0,0,0,0,0,0,0,0,0,0,0,0,0,0,0,0,0,0,0,0,0,0,0,0,0,0,0,0,0,0,0,0,0,0,0,3,0,0,1,0,2,1,0,0,1,1,1,1,0,0,6,0,1,1,3,4
Sp: Washtenaw County,1994-10-01,Michigan,0,MI81081,breakdown offenses,adjustment,adjustment,adjustment,adjustment,adjustment,breakdown offenses,breakdown offenses,breakdown offenses,0,0,0,0,0,0,0,0,0,0,0,0,0,24,3,1,2,1,17,17,13,1,3,12,2,2,0,0,55,0,7,7,31,38,0,0,0,0,0,0,0,0,0,0,3,1,0,0,0,2,0,0,0,0,0,0,0,0,0,3,0,1,1,0,1,0,0,0,0,0,0,0,0,0,0,1,0,0,0,0,1,0,0,0,0,0,0,0,0,0,1,0,0,0,0,0,0,0,0,0,0,0,0,0,0,0,1,0,0,0,0,1,1,1,0,0,0,0,0,0,0,2,0,0,0,1,1
Sp: Washtenaw County,1994-11-01,Michigan,0,MI81081,breakdown offenses,adjustment,adjustment,adjustment,adjustment,adjustment,breakdown offenses,breakdown offenses,breakdown offenses,0,0,0,0,0,0,0,0,1,1,0,0,0,28,0,0,5,0,23,18,17,0,1,10,4,2,2,0,61,0,5,6,32,38,0,0,0,0,0,0,0,0,0,0,4,0,0,1,0,3,2,2,0,0,3,0,0,0,0,9,0,1,1,5,6,0,0,0,0,0,0,0,0,0,0,1,0,0,0,0,1,1,1,0,0,3,0,0,0,0,5,0,0,0,4,4,0,0,1,1,0,0,0,0,0,0,2,0,0,0,0,2,0,0,0,0,1,1,1,0,0,5,0,0,1,2,3
Sp: Washtenaw County,1994-12-01,Michigan,0,MI81081,breakdown offenses,adjustment,adjustment,adjustment,adjustment,adjustment,breakdown offenses,breakdown offenses,breakdown offenses,0,0,1,0,0,2,2,0,0,0,0,0,0,25,1,0,7,1,16,9,7,0,2,15,2,2,0,0,53,0,9,11,26,37,0,0,0,0,0,0,0,0,0,0,8,0,0,4,0,4,0,0,0,0,0,0,0,0,0,8,0,4,4,0,4,0,0,0,0,0,0,0,0,0,0,0,0,0,0,0,0,0,0,0,0,0,0,0,0,0,0,0,0,0,0,0,0,0,0,0,0,0,0,0,0,0,2,0,0,0,0,2,4,2,0,2,0,1,1,0,0,7,0,0,0,5,5
Sp: Washtenaw County,1995-01-01,Michigan,0,MI81081,breakdown offenses,adjustment,adjustment,adjustment,adjustment,adjustment,breakdown offenses,breakdown offenses,breakdown offenses,0,0,0,0,0,2,2,0,1,1,0,0,0,31,2,4,4,5,16,15,13,0,2,15,1,1,0,0,65,0,15,18,31,49,0,0,0,0,0,0,0,0,0,0,13,1,4,0,2,6,0,0,0,0,3,0,0,0,0,16,0,7,7,3,10,0,0,0,0,0,0,0,0,0,0,1,0,1,0,0,0,0,0,0,0,0,0,0,0,0,1,0,1,1,0,1,0,0,0,0,0,0,0,0,0,0,0,0,0,0,0,0,6,4,0,2,0,1,1,0,0,7,0,0,0,7,7
Sp: Washtenaw County,1995-02-01,Michigan,0,MI81081,breakdown offenses,adjustment,adjustment,adjustment,adjustment,adjustment,breakdown offenses,breakdown offenses,breakdown offenses,0,0,0,0,0,0,0,0,2,2,0,0,0,21,2,0,2,0,17,8,8,0,0,13,2,2,0,0,46,0,4,6,23,29,0,0,0,0,0,0,0,0,0,0,2,0,0,0,0,2,1,1,0,0,2,0,0,0,0,5,0,0,0,3,3,0,0,0,0,0,0,0,0,0,0,0,0,0,0,0,0,0,0,0,0,0,0,0,0,0,0,0,0,0,0,0,0,0,0,0,0,0,0,0,0,0,2,0,0,0,0,2,0,0,0,0,1,0,0,0,0,3,0,0,0,1,1
Sp: Washtenaw County,1995-03-01,Michigan,0,MI81081,breakdown offenses,adjustment,adjustment,adjustment,adjustment,adjustment,breakdown offenses,breakdown offenses,breakdown offenses,0,0,0,0,0,2,2,0,0,0,0,0,0,27,2,0,1,0,24,9,8,0,1,16,2,2,0,0,56,0,3,5,27,32,0,0,0,0,0,0,0,0,0,0,3,1,0,0,0,2,0,0,0,0,0,0,0,0,0,3,0,1,1,0,1,0,0,0,0,0,0,0,0,0,0,1,1,0,0,0,0,0,0,0,0,0,0,0,0,0,1,0,1,1,0,1,0,0,0,0,0,0,0,0,0,0,1,0,0,1,0,0,0,0,0,0,0,1,1,0,0,2,0,1,1,1,2
Sp: Washtenaw County,1995-04-01,Michigan,0,MI81081,breakdown offenses,adjustment,adjustment,adjustment,adjustment,adjustment,breakdown offenses,breakdown offenses,breakdown offenses,0,0,0,0,0,0,0,0,1,1,0,0,0,14,0,0,2,0,12,10,9,0,1,13,1,1,0,0,39,0,2,3,24,27,0,0,0,0,0,0,0,0,0,0,4,0,0,1,0,3,0,0,0,0,1,0,0,0,0,5,0,1,1,1,2,0,0,0,0,0,0,0,0,0,0,0,0,0,0,0,0,0,0,0,0,1,0,0,0,0,1,0,0,0,1,1,1,0,1,1,0,0,0,0,0,0,1,0,0,0,0,1,4,2,0,2,1,1,1,0,0,9,0,0,2,6,8
Sp: Washtenaw County,1995-05-01,Michigan,0,MI81081,breakdown offenses,adjustment,adjustment,adjustment,adjustment,adjustment,breakdown offenses,breakdown offenses,breakdown offenses,0,0,0,0,0,1,1,0,2,2,0,0,0,19,2,1,0,0,16,10,8,0,2,16,1,1,0,0,49,0,3,6,27,33,0,0,0,0,0,0,0,0,0,0,3,0,0,0,0,3,0,0,0,0,2,0,0,0,0,5,0,0,0,2,2,0,0,0,0,0,0,0,0,0,0,0,0,0,0,0,0,0,0,0,0,0,0,0,0,0,0,0,0,0,0,0,0,0,1,1,0,0,0,0,0,0,4,0,0,0,0,4,0,0,0,0,0,0,0,0,0,5,0,0,1,0,1
Sp: Washtenaw County,1995-06-01,Michigan,0,MI81081,breakdown offenses,adjustment,adjustment,adjustment,adjustment,adjustment,breakdown offenses,breakdown offenses,breakdown offenses,0,0,0,0,0,2,2,0,0,0,0,0,0,29,2,1,2,0,24,12,10,0,2,18,6,6,0,0,67,0,5,7,36,43,0,0,0,0,0,0,0,0,0,0,9,0,0,1,0,8,1,1,0,0,1,0,0,0,0,11,0,1,1,2,3,0,0,0,0,0,0,0,0,0,0,0,0,0,0,0,0,0,0,0,0,0,0,0,0,0,0,0,0,0,0,0,1,0,0,0,0,0,0,0,0,0,2,0,0,0,0,2,8,3,0,5,0,2,2,0,0,13,0,0,1,10,11
Sp: Washtenaw County,1995-07-01,Michigan,0,MI81081,breakdown offenses,adjustment,adjustment,adjustment,adjustment,adjustment,breakdown offenses,breakdown offenses,breakdown offenses,0,0,0,0,0,2,2,0,1,0,0,0,1,30,4,1,1,3,21,16,16,0,0,14,1,1,0,0,64,0,9,12,31,43,0,0,0,0,0,0,0,0,0,0,5,0,0,0,0,5,1,1,0,0,1,0,0,0,0,7,0,0,0,2,2,0,0,0,0,0,0,0,0,0,0,0,0,0,0,0,0,0,0,0,0,0,0,0,0,0,0,0,0,0,0,0,0,0,0,0,0,0,0,0,0,0,4,0,0,1,0,3,9,5,0,4,1,0,0,0,0,14,0,1,1,10,11
Sp: Washtenaw County,1995-08-01,Michigan,0,MI81081,breakdown offenses,adjustment,adjustment,adjustment,adjustment,adjustment,breakdown offenses,breakdown offenses,breakdown offenses,0,0,0,0,0,4,4,0,2,1,0,0,1,35,3,0,2,1,29,15,15,0,0,12,0,0,0,0,68,0,6,12,27,39,0,0,1,1,0,0,0,0,0,0,7,0,0,0,0,7,0,0,0,0,1,0,0,0,0,9,0,0,1,1,2,0,0,0,0,0,0,0,0,0,0,2,0,0,0,0,2,0,0,0,0,0,0,0,0,0,2,0,0,0,0,0,0,0,0,0,0,0,0,0,0,0,1,0,1,0,0,0,7,6,0,1,0,0,0,0,0,8,0,1,1,7,8
Sp: Washtenaw County,1995-09-01,Michigan,0,MI81081,breakdown offenses,adjustment,adjustment,adjustment,adjustment,adjustment,breakdown offenses,breakdown offenses,breakdown offenses,0,0,0,0,0,2,2,0,0,0,0,0,0,21,2,0,2,0,17,9,8,0,1,15,2,1,0,1,49,0,4,6,26,32,0,0,0,0,0,0,0,0,0,0,7,0,0,0,0,7,1,1,0,0,3,0,0,0,0,11,0,0,0,4,4,0,0,0,0,0,0,0,0,0,0,0,0,0,0,0,0,0,0,0,0,2,0,0,0,0,2,0,0,0,2,2,0,0,0,0,0,0,0,0,0,0,3,0,0,0,0,3,4,4,0,0,0,0,0,0,0,7,0,0,0,4,4
Sp: Washtenaw County,1995-10-01,Michigan,0,MI81081,breakdown offenses,adjustment,adjustment,adjustment,adjustment,adjustment,breakdown offenses,breakdown offenses,breakdown offenses,0,0,0,0,0,1,1,0,2,2,0,0,0,26,4,0,1,1,20,9,9,0,0,12,5,5,0,0,55,0,6,9,26,35,0,0,0,0,0,1,1,0,0,0,2,1,0,0,0,1,1,1,0,0,1,1,1,0,0,6,0,1,2,3,5,0,0,0,0,0,1,1,0,0,0,0,0,0,0,0,0,1,1,0,0,0,1,1,0,0,3,0,0,1,2,3,0,0,0,0,0,0,0,0,0,0,2,0,0,1,0,1,3,3,0,0,0,1,1,0,0,6,0,1,1,4,5
Sp: Washtenaw County,1995-11-01,Michigan,0,MI81081,breakdown offenses,adjustment,adjustment,adjustment,adjustment,adjustment,breakdown offenses,breakdown offenses,breakdown offenses,0,0,0,0,0,0,0,0,0,0,0,0,0,26,1,1,2,1,21,9,8,0,1,15,4,4,0,0,54,0,5,5,28,33,0,0,0,0,0,0,0,0,0,0,2,0,0,0,1,1,0,0,0,0,1,0,0,0,0,3,0,1,1,1,2,0,0,0,0,0,0,0,0,0,0,1,0,0,0,0,1,0,0,0,0,1,0,0,0,0,2,0,0,0,1,1,0,0,0,0,0,0,0,0,0,0,2,0,0,1,0,1,0,0,0,0,0,1,1,0,0,3,0,1,1,1,2
Sp: Washtenaw County,1995-12-01,Michigan,0,MI81081,breakdown offenses,adjustment,adjustment,adjustment,adjustment,adjustment,breakdown offenses,breakdown offenses,breakdown offenses,0,0,0,0,0,1,1,0,0,0,0,0,0,23,3,0,0,0,20,13,12,0,1,5,3,3,0,0,45,0,3,4,21,25,0,0,0,0,0,0,0,0,0,0,6,2,0,0,0,4,0,0,0,0,1,0,0,0,0,7,0,2,2,1,3,0,0,0,0,0,0,0,0,0,0,2,2,0,0,0,0,0,0,0,0,0,0,0,0,0,2,0,2,2,0,2,0,0,0,0,0,0,0,0,0,0,1,0,0,0,0,1,4,1,0,3,3,0,0,0,0,8,0,0,0,7,7
Sp: Washtenaw County,1996-01-01,Michigan,0,MI81081,breakdown offenses,adjustment,adjustment,adjustment,adjustment,adjustment,breakdown offenses,breakdown offenses,breakdown offenses,0,0,0,0,0,3,3,0,3,2,0,1,0,18,1,2,0,0,15,13,11,0,2,13,5,5,0,0,55,0,3,9,31,40,0,0,0,0,0,2,1,0,1,0,5,1,1,0,0,3,1,1,0,0,1,1,1,0,0,10,0,2,4,3,7,0,0,0,0,0,0,0,0,0,0,1,1,0,0,0,0,0,0,0,0,0,0,0,0,0,1,0,1,1,0,1,0,0,0,0,0,0,0,0,0,0,2,0,0,0,0,2,4,4,0,0,0,1,1,0,0,7,0,0,0,5,5
Sp: Washtenaw County,1996-02-01,Michigan,0,MI81081,breakdown offenses,adjustment,adjustment,adjustment,adjustment,adjustment,breakdown offenses,breakdown offenses,breakdown offenses,0,0,0,1,0,1,1,0,1,0,0,1,0,16,3,1,2,0,10,7,6,0,1,11,1,1,0,0,38,0,6,9,19,28,0,0,1,1,0,0,0,0,0,0,5,0,0,0,0,5,1,1,0,0,2,1,1,0,0,10,0,0,1,4,5,0,0,0,0,0,0,0,0,0,0,1,0,0,0,0,1,0,0,0,0,0,1,1,0,0,2,0,0,0,1,1,0,0,0,0,0,0,0,0,0,0,3,0,0,0,0,3,4,2,0,2,0,2,2,0,0,9,0,0,0,6,6
Sp: Washtenaw County,1996-03-01,Michigan,0,MI81081,breakdown offenses,adjustment,adjustment,adjustment,adjustment,adjustment,breakdown offenses,breakdown offenses,breakdown offenses,0,0,0,0,0,1,1,0,0,0,0,0,0,22,3,0,0,0,19,2,2,0,0,9,1,1,0,0,35,0,3,4,12,16,0,0,0,0,0,0,0,0,0,0,5,1,0,0,0,4,0,0,0,0,3,0,0,0,0,8,0,1,1,3,4,0,0,0,0,0,0,0,0,0,0,0,0,0,0,0,0,0,0,0,0,0,0,0,0,0,0,0,0,0,0,0,0,0,0,0,0,0,0,0,0,0,1,0,0,0,0,1,4,1,0,3,0,0,0,0,0,5,0,0,0,4,4
Sp: Washtenaw County,1996-04-01,Michigan,0,MI81081,breakdown offenses,adjustment,adjustment,adjustment,adjustment,adjustment,breakdown offenses,breakdown offenses,breakdown offenses,0,0,0,0,0,0,0,0,0,0,0,0,0,17,3,0,1,1,12,7,7,0,0,7,4,4,0,0,35,0,5,5,18,23,0,0,0,0,0,0,0,0,0,0,3,0,0,0,0,3,1,1,0,0,1,1,1,0,0,6,0,0,0,3,3,0,0,0,0,0,0,0,0,0,0,0,0,0,0,0,0,0,0,0,0,0,0,0,0,0,0,0,0,0,0,0,0,0,0,0,0,0,0,0,0,0,3,0,0,0,0,3,3,2,0,1,0,0,0,0,0,6,0,0,0,3,3
Sp: Washtenaw County,1996-05-01,Michigan,0,MI81081,breakdown offenses,adjustment,adjustment,adjustment,adjustment,adjustment,breakdown offenses,breakdown offenses,breakdown offenses,0,0,0,0,0,0,0,0,0,0,0,0,0,21,1,1,1,2,16,3,2,0,1,10,2,2,0,0,36,0,5,5,15,20,0,0,0,0,0,0,0,0,0,0,6,0,0,0,1,5,0,0,0,0,2,1,1,0,0,9,0,1,1,3,4,0,0,0,0,0,0,0,0,0,0,0,0,0,0,0,0,0,0,0,0,0,1,1,0,0,1,0,0,0,1,1,0,0,0,0,0,0,0,0,0,0,0,0,0,0,0,0,0,0,0,0,0,3,3,0,0,3,0,0,0,3,3
Sp: Washtenaw County,1996-06-01,Michigan,0,MI81081,breakdown offenses,adjustment,adjustment,adjustment,adjustment,adjustment,breakdown offenses,breakdown offenses,breakdown offenses,0,0,0,0,0,3,3,0,1,0,0,1,0,14,1,0,1,1,11,4,4,0,0,14,9,7,0,2,45,0,3,7,27,34,0,0,0,0,0,0,0,0,0,0,4,0,0,1,0,3,1,1,0,0,1,0,0,0,0,6,0,1,1,2,3,0,0,0,0,0,0,0,0,0,0,0,0,0,0,0,0,1,1,0,0,1,0,0,0,0,2,0,0,0,2,2,0,0,0,0,0,0,0,0,0,0,1,0,0,0,0,1,0,0,0,0,0,1,1,0,0,2,0,0,0,1,1
Sp: Washtenaw County,1996-07-01,Michigan,0,MI81081,breakdown offenses,adjustment,adjustment,adjustment,adjustment,adjustment,breakdown offenses,breakdown offenses,breakdown offenses,0,0,0,0,0,0,0,0,2,1,0,1,0,20,0,0,4,0,16,7,6,1,0,17,2,2,0,0,48,0,4,6,26,32,0,0,0,0,0,0,0,0,0,0,3,0,0,1,0,2,2,1,1,0,1,1,1,0,0,7,0,1,1,4,5,0,0,0,0,0,0,0,0,0,0,0,0,0,0,0,0,1,1,0,0,1,0,0,0,0,2,0,0,0,2,2,0,0,0,0,0,0,0,0,0,0,3,0,0,1,0,2,0,0,0,0,0,0,0,0,0,3,0,1,1,0,1
Sp: Washtenaw County,1996-08-01,Michigan,0,MI81081,breakdown offenses,adjustment,adjustment,adjustment,adjustment,adjustment,breakdown offenses,breakdown offenses,breakdown offenses,0,0,0,0,0,1,1,0,0,0,0,0,0,26,1,0,3,2,20,10,7,1,2,10,3,1,1,1,50,0,6,7,23,30,0,0,0,0,0,0,0,0,0,0,6,0,0,0,0,6,0,0,0,0,2,0,0,0,0,8,0,0,0,2,2,0,0,0,0,0,0,0,0,0,0,1,0,0,0,0,1,0,0,0,0,0,0,0,0,0,1,0,0,0,0,0,0,0,2,1,1,0,0,0,0,0,3,0,0,1,0,2,0,0,0,0,0,1,1,0,0,6,0,1,3,1,4
Sp: Washtenaw County,1996-09-01,Michigan,0,MI81081,breakdown offenses,adjustment,adjustment,adjustment,adjustment,adjustment,breakdown offenses,breakdown offenses,breakdown offenses,0,0,0,0,0,5,5,0,0,0,0,0,0,16,0,0,0,1,15,9,6,2,1,9,3,2,0,1,42,0,1,6,21,27,0,0,0,0,0,0,0,0,0,0,2,0,0,0,0,2,1,1,0,0,1,0,0,0,0,4,0,0,0,2,2,0,0,0,0,0,0,0,0,0,0,0,0,0,0,0,0,0,0,0,0,0,0,0,0,0,0,0,0,0,0,0,0,0,0,0,0,0,0,0,0,0,1,0,0,0,0,1,1,1,0,0,1,0,0,0,0,3,0,0,0,2,2
Sp: Washtenaw County,1996-10-01,Michigan,0,MI81081,breakdown offenses,adjustment,adjustment,adjustment,adjustment,adjustment,breakdown offenses,breakdown offenses,breakdown offenses,0,0,0,0,0,0,0,0,0,0,0,0,0,18,1,1,0,1,15,5,4,0,1,6,1,0,1,0,30,0,3,3,12,15,1,0,0,0,0,0,0,0,0,0,6,1,0,0,0,5,0,0,0,0,0,0,0,0,0,7,0,1,2,0,2,0,0,0,0,0,0,0,0,0,0,1,0,0,0,0,1,0,0,0,0,0,0,0,0,0,1,0,0,0,0,0,0,0,0,0,0,0,0,0,0,0,0,0,0,0,0,0,1,1,0,0,0,0,0,0,0,1,0,0,0,1,1
Sp: Washtenaw County,1996-11-01,Michigan,0,MI81081,breakdown offenses,adjustment,adjustment,adjustment,adjustment,adjustment,breakdown offenses,breakdown offenses,breakdown offenses,0,0,0,0,1,0,0,0,2,1,0,1,0,7,0,1,2,0,4,5,4,1,0,8,2,2,0,0,25,0,3,5,15,20,0,1,0,0,0,0,0,0,0,0,1,0,0,0,0,1,0,0,0,0,0,1,1,0,0,3,0,0,0,1,1,0,0,0,0,0,0,0,0,0,0,0,0,0,0,0,0,0,0,0,0,0,0,0,0,0,0,0,0,0,0,0,0,0,0,0,0,0,0,0,0,0,0,0,0,0,0,0,1,1,0,0,3,0,0,0,0,4,0,0,0,4,4
Sp: Washtenaw County,1996-12-01,Michigan,0,MI81081,breakdown offenses,adjustment,adjustment,adjustment,adjustment,adjustment,breakdown offenses,breakdown offenses,breakdown offenses,0,0,0,0,0,0,0,0,0,0,0,0,0,10,2,2,1,0,5,6,5,0,1,7,3,3,0,0,26,0,5,5,16,21,0,0,0,0,0,0,0,0,0,0,1,0,1,0,0,0,0,0,0,0,1,1,1,0,0,3,0,1,1,2,3,0,0,0,0,0,0,0,0,0,0,1,0,1,0,0,0,0,0,0,0,0,1,1,0,0,2,0,1,1,1,2,1,0,0,0,0,0,0,0,0,0,2,0,0,0,0,2,2,2,0,0,0,0,0,0,0,5,0,0,1,2,3
Sp: Washtenaw County,2018-01-01,Michigan,0,MI81081,breakdown offenses,normal return,normal return,normal return,normal return,normal return,breakdown offenses,breakdown offenses,breakdown offenses,0,0,0,0,0,3,3,0,1,0,1,0,0,7,0,0,0,0,7,0,0,0,0,1,4,4,0,0,16,0,0,4,5,9,0,0,0,0,0,0,0,0,0,0,6,0,0,0,1,5,2,1,0,0,0,1,1,0,0,9,0,1,1,3,4,0,0,0,0,0,0,0,0,0,0,1,0,0,0,0,1,1,1,0,0,0,0,0,0,0,2,0,0,0,1,1,0,0,0,0,0,0,0,0,0,0,0,0,0,0,0,0,0,0,0,0,0,0,0,0,0,0,0,0,0,0,0
Sp: Washtenaw County,2018-02-01,Michigan,0,MI81081,breakdown offenses,normal return,normal return,normal return,normal return,normal return,breakdown offenses,breakdown offenses,breakdown offenses,0,0,0,0,0,3,3,0,0,0,0,0,0,10,1,0,1,0,8,3,3,0,0,2,2,2,0,0,20,0,2,5,7,12,0,0,1,1,0,0,0,0,0,0,8,0,0,1,0,7,4,4,0,0,0,1,1,0,0,14,0,1,2,5,7,0,0,0,0,0,0,0,0,0,0,0,0,0,0,0,0,0,0,0,0,0,0,0,0,0,0,0,0,0,0,0,0,0,0,0,0,0,0,0,0,0,0,0,0,0,0,0,0,0,0,0,0,0,0,0,0,0,0,0,0,0,0
Sp: Washtenaw County,2018-03-01,Michigan,0,MI81081,breakdown offenses,normal return,normal return,normal return,normal return,normal return,breakdown offenses,breakdown offenses,breakdown offenses,0,0,0,0,0,2,2,0,0,0,0,0,0,15,0,0,1,0,14,7,7,0,0,3,0,0,0,0,27,0,1,3,10,13,0,0,0,0,0,0,0,0,0,0,8,0,0,1,0,7,1,1,0,0,1,2,2,0,0,12,0,1,1,4,5,0,0,0,0,0,0,0,0,0,0,1,0,0,0,0,1,0,0,0,0,0,1,1,0,0,2,0,0,0,1,1,0,0,0,0,0,0,0,0,0,0,0,0,0,0,0,0,0,0,0,0,0,0,0,0,0,0,0,0,0,0,0
Sp: Washtenaw County,2018-04-01,Michigan,0,MI81081,breakdown offenses,normal return,normal return,normal return,normal return,normal return,breakdown offenses,breakdown offenses,breakdown offenses,0,0,0,0,0,1,1,0,1,0,0,1,0,20,1,3,0,1,15,6,6,0,0,5,2,2,0,0,35,0,5,7,13,20,0,0,1,1,0,0,0,0,0,0,14,0,1,0,0,13,1,1,0,0,1,2,2,0,0,19,0,1,2,4,6,0,0,1,1,0,0,0,0,0,0,0,0,0,0,0,0,0,0,0,0,0,1,1,0,0,2,0,0,1,1,2,0,0,0,0,0,0,0,0,0,0,0,0,0,0,0,0,0,0,0,0,0,0,0,0,0,0,0,0,0,0,0
Sp: Washtenaw County,2018-05-01,Michigan,0,MI81081,breakdown offenses,normal return,normal return,normal return,normal return,normal return,breakdown offenses,breakdown offenses,breakdown offenses,0,0,0,0,0,5,5,0,0,0,0,0,0,20,0,0,0,2,18,3,3,0,0,9,3,3,0,0,40,0,2,7,15,22,0,0,0,0,0,0,0,0,0,0,11,0,0,0,0,11,0,0,0,0,0,1,1,0,0,12,0,0,0,1,1,0,0,0,0,0,0,0,0,0,0,1,0,0,0,0,1,0,0,0,0,0,1,1,0,0,2,0,0,0,1,1,0,0,0,0,0,0,0,0,0,0,0,0,0,0,0,0,0,0,0,0,0,0,0,0,0,0,0,0,0,0,0
Sp: Washtenaw County,2018-06-01,Michigan,0,MI81081,breakdown offenses,normal return,normal return,normal return,normal return,normal return,breakdown offenses,breakdown offenses,breakdown offenses,0,0,0,0,0,5,5,0,0,0,0,0,0,17,2,0,0,1,14,6,5,1,0,7,0,0,0,0,35,0,3,8,13,21,0,0,0,0,0,0,0,0,0,0,25,2,1,1,0,21,1,1,0,0,2,0,0,0,0,28,0,4,4,3,7,0,0,0,0,0,0,0,0,0,0,1,0,0,0,0,1,0,0,0,0,0,0,0,0,0,1,0,0,0,0,0,0,0,0,0,0,0,0,0,0,0,0,0,0,0,0,0,0,0,0,0,0,0,0,0,0,0,0,0,0,0,0
Sp: Washtenaw County,2018-07-01,Michigan,0,MI81081,breakdown offenses,normal return,normal return,normal return,normal return,normal return,breakdown offenses,breakdown offenses,breakdown offenses,0,0,0,0,0,1,1,0,0,0,0,0,0,13,1,0,1,1,10,3,3,0,0,7,3,2,1,0,27,0,3,4,13,17,0,0,2,2,0,0,0,0,0,0,11,0,1,0,2,8,1,1,0,0,0,2,2,0,0,16,0,3,5,3,8,0,0,1,1,0,0,0,0,0,0,1,0,0,0,0,1,0,0,0,0,0,0,0,0,0,2,0,0,1,0,1,0,0,0,0,0,0,0,0,0,0,0,0,0,0,0,0,0,0,0,0,0,0,0,0,0,0,0,0,0,0,0
Sp: Washtenaw County,2018-08-01,Michigan,0,MI81081,breakdown offenses,normal return,normal return,normal return,normal return,normal return,breakdown offenses,breakdown offenses,breakdown offenses,0,0,0,0,0,1,1,0,0,0,0,0,0,17,3,0,0,2,12,13,13,0,0,8,2,2,0,0,41,0,5,6,23,29,0,0,1,1,0,0,0,0,0,0,6,1,0,1,0,4,1,1,0,0,0,0,0,0,0,8,0,2,3,1,4,0,0,0,0,0,0,0,0,0,0,0,0,0,0,0,0,0,0,0,0,0,0,0,0,0,0,0,0,0,0,0,0,0,0,0,0,0,0,0,0,0,0,0,0,0,0,0,0,0,0,0,0,0,0,0,0,0,0,0,0,0,0
Sp: Washtenaw County,2018-09-01,Michigan,0,MI81081,breakdown offenses,normal return,normal return,normal return,normal return,normal return,breakdown offenses,breakdown offenses,breakdown offenses,0,0,0,0,0,4,4,0,0,0,0,0,0,12,2,0,1,1,8,6,6,0,0,7,2,2,0,0,31,0,4,8,15,23,0,0,2,2,0,0,0,0,0,0,7,2,0,0,1,4,0,0,0,0,2,0,0,0,0,11,0,3,5,2,7,0,0,2,2,0,0,0,0,0,0,0,0,0,0,0,0,0,0,0,0,0,0,0,0,0,2,0,0,2,0,2,0,0,0,0,0,0,0,0,0,0,0,0,0,0,0,0,0,0,0,0,0,0,0,0,0,0,0,0,0,0,0
Sp: Washtenaw County,2018-10-01,Michigan,0,MI81081,breakdown offenses,normal return,normal return,normal return,normal return,normal return,breakdown offenses,breakdown offenses,breakdown offenses,0,0,0,0,0,7,7,0,0,0,0,0,0,20,4,0,0,0,16,5,5,0,0,9,3,3,0,0,44,0,4,11,17,28,0,0,2,2,0,0,0,0,0,0,15,1,0,0,1,13,2,2,0,0,1,0,0,0,0,20,0,2,4,3,7,0,0,0,0,0,0,0,0,0,0,0,0,0,0,0,0,0,0,0,0,0,0,0,0,0,0,0,0,0,0,0,0,0,0,0,0,0,0,0,0,0,0,0,0,0,0,0,0,0,0,0,0,0,0,0,0,0,0,0,0,0,0
Sp: Washtenaw County,2018-11-01,Michigan,0,MI81081,breakdown offenses,normal return,normal return,normal return,normal return,normal return,breakdown offenses,breakdown offenses,breakdown offenses,0,0,0,0,0,1,1,0,0,0,0,0,0,11,1,0,0,1,9,3,3,0,0,3,2,2,0,0,20,0,2,3,8,11,0,0,1,1,0,0,0,0,0,0,13,2,0,0,0,11,0,0,0,0,1,2,2,0,0,17,0,2,3,3,6,0,0,1,1,0,0,0,0,0,0,1,0,0,0,0,1,0,0,0,0,0,0,0,0,0,2,0,0,1,0,1,0,0,0,0,0,0,0,0,0,0,0,0,0,0,0,0,0,0,0,0,0,0,0,0,0,0,0,0,0,0,0
Sp: Washtenaw County,2018-12-01,Michigan,0,MI81081,breakdown offenses,normal return,normal return,normal return,normal return,normal return,breakdown offenses,breakdown offenses,breakdown offenses,0,0,0,0,0,2,2,0,0,0,0,0,0,13,0,1,0,0,12,2,2,0,0,6,1,1,0,0,24,0,1,3,9,12,0,0,0,0,0,0,0,0,0,0,15,2,0,0,0,13,2,2,0,0,2,2,1,1,0,21,0,2,2,6,8,0,0,0,0,0,0,0,0,0,0,1,0,0,0,0,1,0,0,0,0,0,0,0,0,0,1,0,0,0,0,0,0,0,0,0,0,0,0,0,0,0,0,0,0,0,0,0,0,0,0,0,0,0,0,0,0,0,0,0,0,0,0
Sp: Washtenaw County,2015-01-01,Michigan,0,MI81081,breakdown offenses,normal return,normal return,normal return,normal return,not updated,breakdown offenses,breakdown offenses,breakdown offenses,0,0,0,0,0,1,1,0,0,0,0,0,0,18,0,2,1,2,13,5,5,0,0,5,1,1,0,0,30,0,5,6,11,17,0,0,0,0,0,0,0,0,0,0,17,0,1,0,2,14,3,3,0,0,1,3,3,0,0,24,0,3,3,7,10,0,0,0,0,0,0,0,0,0,0,1,0,0,0,1,0,0,0,0,0,0,0,0,0,0,1,0,1,1,0,1,0,0,0,0,0,0,0,0,0,0,0,0,0,0,0,0,0,0,0,0,0,0,0,0,0,0,0,0,0,0,0
Sp: Washtenaw County,2015-02-01,Michigan,0,MI81081,breakdown offenses,normal return,normal return,normal return,normal return,not updated,breakdown offenses,breakdown offenses,breakdown offenses,0,0,0,0,0,4,4,0,0,0,0,0,0,21,3,1,2,2,13,2,2,0,0,1,1,1,0,0,29,0,8,12,4,16,0,0,0,0,0,0,0,0,0,0,14,1,1,3,0,9,3,2,1,0,3,0,0,0,0,20,0,5,5,6,11,0,0,0,0,0,0,0,0,0,0,2,0,0,0,0,2,0,0,0,0,0,0,0,0,0,2,0,0,0,0,0,0,0,0,0,0,0,0,0,0,0,0,0,0,0,0,0,0,0,0,0,0,0,0,0,0,0,0,0,0,0,0
Sp: Washtenaw County,2015-03-01,Michigan,0,MI81081,breakdown offenses,normal return,normal return,normal return,normal return,not updated,breakdown offenses,breakdown offenses,breakdown offenses,0,0,0,0,0,1,1,0,0,0,0,0,0,11,2,0,0,0,9,2,2,0,0,2,1,1,0,0,17,0,2,3,5,8,0,0,1,1,0,0,0,0,0,0,11,1,1,0,0,9,3,3,0,0,3,2,1,1,0,20,0,2,3,8,11,0,0,0,0,0,0,0,0,0,0,0,0,0,0,0,0,0,0,0,0,2,0,0,0,0,2,0,0,0,2,2,0,0,0,0,0,0,0,0,0,0,0,0,0,0,0,0,0,0,0,0,0,0,0,0,0,0,0,0,0,0,0
Sp: Washtenaw County,2015-04-01,Michigan,0,MI81081,breakdown offenses,normal return,normal return,normal return,normal return,not updated,breakdown offenses,breakdown offenses,breakdown offenses,0,0,0,0,0,1,1,0,0,0,0,0,0,17,0,0,2,0,15,2,2,0,0,8,3,3,0,0,31,0,2,3,13,16,0,0,1,1,0,0,0,0,0,0,13,3,0,1,0,9,0,0,0,0,3,1,1,0,0,18,0,4,5,4,9,0,0,0,0,0,0,0,0,0,0,3,0,0,0,0,3,0,0,0,0,0,0,0,0,0,3,0,0,0,0,0,0,0,0,0,0,0,0,0,0,0,0,0,0,0,0,0,0,0,0,0,0,0,0,0,0,0,0,0,0,0,0
Sp: Washtenaw County,2015-05-01,Michigan,0,MI81081,breakdown offenses,normal return,normal return,normal return,normal return,not updated,breakdown offenses,breakdown offenses,breakdown offenses,0,0,0,0,0,2,2,0,0,0,0,0,0,17,1,1,1,0,14,4,4,0,0,5,2,2,0,0,30,0,3,5,11,16,0,0,0,0,0,0,0,0,0,0,11,0,0,2,1,8,2,2,0,0,1,0,0,0,0,14,0,3,3,3,6,0,0,0,0,0,0,0,0,0,0,0,0,0,0,0,0,0,0,0,0,0,0,0,0,0,0,0,0,0,0,0,0,0,0,0,0,0,0,0,0,0,0,0,0,0,0,0,0,0,0,0,0,0,0,0,0,0,0,0,0,0,0
Sp: Washtenaw County,2015-06-01,Michigan,0,MI81081,breakdown offenses,normal return,normal return,normal return,normal return,not updated,breakdown offenses,breakdown offenses,breakdown offenses,0,0,0,2,0,0,0,0,0,0,0,0,0,14,1,0,0,0,13,3,3,0,0,4,1,1,0,0,24,0,1,3,8,11,2,0,3,3,0,0,0,0,0,0,18,1,0,0,0,17,0,0,0,0,3,1,1,0,0,27,0,1,6,4,10,0,0,0,0,0,0,0,0,0,0,0,0,0,0,0,0,0,0,0,0,0,0,0,0,0,0,0,0,0,0,0,0,0,0,0,0,0,0,0,0,0,0,0,0,0,0,0,0,0,0,0,0,0,0,0,0,0,0,0,0,0,0
Sp: Washtenaw County,2015-07-01,Michigan,0,MI81081,breakdown offenses,normal return,normal return,normal return,normal return,not updated,breakdown offenses,breakdown offenses,breakdown offenses,0,0,0,0,1,2,2,0,0,0,0,0,0,17,0,0,2,1,14,13,13,0,0,2,1,0,0,1,36,0,3,5,16,21,0,0,0,0,0,0,0,0,0,0,15,0,1,2,0,12,5,5,0,0,0,0,0,0,0,20,0,3,3,5,8,0,0,0,0,0,0,0,0,0,0,2,0,0,0,0,2,1,1,0,0,0,0,0,0,0,3,0,0,0,1,1,0,0,0,0,0,0,0,0,0,0,0,0,0,0,0,0,0,0,0,0,0,0,0,0,0,0,0,0,0,0,0
Sp: Washtenaw County,2015-08-01,Michigan,0,MI81081,breakdown offenses,normal return,normal return,normal return,normal return,not updated,breakdown offenses,breakdown offenses,breakdown offenses,0,0,0,0,0,5,5,0,0,0,0,0,0,27,1,0,11,0,15,3,3,0,0,5,2,1,1,0,42,0,12,17,10,27,0,0,4,4,0,0,0,0,0,0,13,1,0,7,0,5,1,1,0,0,4,0,0,0,0,22,0,8,12,5,17,0,0,1,1,0,0,0,0,0,0,6,0,0,6,0,0,1,1,0,0,0,0,0,0,0,8,0,6,7,1,8,0,0,0,0,0,0,0,0,0,0,0,0,0,0,0,0,0,0,0,0,0,0,0,0,0,0,0,0,0,0,0
Sp: Washtenaw County,2015-09-01,Michigan,0,MI81081,breakdown offenses,normal return,normal return,normal return,normal return,not updated,breakdown offenses,breakdown offenses,breakdown offenses,0,0,0,0,0,2,2,0,0,0,0,0,0,12,1,0,0,0,11,5,4,1,0,9,2,2,0,0,30,0,1,3,16,19,0,0,0,0,0,0,0,0,0,0,15,1,0,3,0,11,3,3,0,0,2,0,0,0,0,20,0,4,4,5,9,0,0,0,0,0,0,0,0,0,0,1,0,0,0,0,1,1,1,0,0,1,0,0,0,0,3,0,0,0,2,2,0,0,0,0,0,0,0,0,0,0,0,0,0,0,0,0,0,0,0,0,0,0,0,0,0,0,0,0,0,0,0
Sp: Washtenaw County,2015-10-01,Michigan,0,MI81081,breakdown offenses,normal return,normal return,normal return,normal return,not updated,breakdown offenses,breakdown offenses,breakdown offenses,0,0,0,0,0,0,0,0,0,0,0,0,0,22,0,0,2,0,20,7,6,1,0,10,2,2,0,0,41,0,2,2,19,21,0,0,1,1,0,0,0,0,0,0,20,1,0,3,1,15,2,2,0,0,1,1,1,0,0,25,0,5,6,4,10,0,0,0,0,0,0,0,0,0,0,0,0,0,0,0,0,0,0,0,0,0,0,0,0,0,0,0,0,0,0,0,0,0,0,0,0,0,0,0,0,0,0,0,0,0,0,0,0,0,0,0,0,0,0,0,0,0,0,0,0,0,0
Sp: Washtenaw County,2015-11-01,Michigan,0,MI81081,breakdown offenses,normal return,normal return,normal return,normal return,not updated,breakdown offenses,breakdown offenses,breakdown offenses,0,0,0,0,0,1,1,0,1,0,0,1,0,10,2,0,0,0,8,3,3,0,0,3,0,0,0,0,18,0,2,4,6,10,0,0,4,4,0,1,0,0,1,0,17,0,0,0,0,17,0,0,0,0,3,0,0,0,0,25,0,0,5,3,8,0,0,0,0,0,1,0,0,1,0,0,0,0,0,0,0,0,0,0,0,2,0,0,0,0,3,0,0,1,2,3,0,0,0,0,0,0,0,0,0,0,0,0,0,0,0,0,0,0,0,0,0,0,0,0,0,0,0,0,0,0,0
Sp: Washtenaw County,2015-12-01,Michigan,0,MI81081,breakdown offenses,normal return,normal return,normal return,normal return,not updated,breakdown offenses,breakdown offenses,breakdown offenses,0,0,0,0,0,1,1,0,0,0,0,0,0,11,0,0,0,0,11,4,3,1,0,0,1,1,0,0,17,0,0,1,5,6,0,0,0,0,0,0,0,0,0,0,10,2,0,0,0,8,3,2,1,0,0,1,1,0,0,14,0,2,2,4,6,0,0,0,0,0,0,0,0,0,0,0,0,0,0,0,0,0,0,0,0,0,0,0,0,0,0,0,0,0,0,0,0,0,0,0,0,0,0,0,0,0,0,0,0,0,0,0,0,0,0,0,0,0,0,0,0,0,0,0,0,0,0
Sp: Washtenaw County,2001-01-01,Michigan,0,MI81081,breakdown offenses,normal return,normal return,normal return,normal return,not updated,breakdown offenses,breakdown offenses,breakdown offenses,0,0,0,1,0,1,1,0,0,0,0,0,0,7,0,0,1,1,5,4,2,1,1,7,7,6,1,0,27,0,2,4,18,22,0,0,0,0,0,0,0,0,0,0,0,0,0,0,0,0,0,0,0,0,0,0,0,0,0,0,0,0,0,0,0,0,0,0,0,0,0,0,0,0,0,0,0,0,0,0,0,0,0,0,0,0,0,0,0,0,0,0,0,0,0,0,0,0,0,0,0,0,0,0,0,0,0,0,0,0,0,0,0,0,0,0,0,0,0,0,0,0,0,0,0,0,0
Sp: Washtenaw County,2001-02-01,Michigan,0,MI81081,breakdown offenses,normal return,normal return,normal return,normal return,not updated,breakdown offenses,breakdown offenses,breakdown offenses,0,0,0,0,0,0,0,0,0,0,0,0,0,14,0,1,2,1,10,12,12,0,0,4,1,1,0,0,31,0,4,4,17,21,0,0,0,0,0,0,0,0,0,0,3,0,0,0,1,2,0,0,0,0,0,0,0,0,0,3,0,1,1,0,1,0,0,0,0,0,0,0,0,0,0,0,0,0,0,0,0,0,0,0,0,0,0,0,0,0,0,0,0,0,0,0,0,0,0,0,0,0,0,0,0,0,0,0,0,0,0,0,0,0,0,0,0,0,0,0,0,0,0,0,0,0,0
Sp: Washtenaw County,2001-03-01,Michigan,0,MI81081,breakdown offenses,normal return,normal return,normal return,normal return,not updated,breakdown offenses,breakdown offenses,breakdown offenses,0,0,0,0,0,1,1,0,0,0,0,0,0,6,1,0,4,0,1,16,15,1,0,13,2,0,1,1,38,0,5,6,31,37,0,0,0,0,0,0,0,0,0,0,4,0,1,3,0,0,0,0,0,0,0,1,0,1,0,5,0,4,4,1,5,0,0,0,0,0,0,0,0,0,0,0,0,0,0,0,0,0,0,0,0,0,0,0,0,0,0,0,0,0,0,0,0,0,0,0,0,0,0,0,0,0,0,0,0,0,0,0,0,0,0,0,0,0,0,0,0,0,0,0,0,0,0
Sp: Washtenaw County,2001-04-01,Michigan,0,MI81081,breakdown offenses,normal return,normal return,normal return,normal return,not updated,breakdown offenses,breakdown offenses,breakdown offenses,0,0,0,0,0,2,0,2,1,1,0,0,0,15,0,0,1,1,13,12,11,0,1,21,8,4,0,4,59,0,2,5,41,46,0,0,0,0,0,0,0,0,0,0,3,0,0,0,0,3,0,0,0,0,2,0,0,0,0,5,0,0,0,2,2,0,0,0,0,0,0,0,0,0,0,0,0,0,0,0,0,0,0,0,0,0,0,0,0,0,0,0,0,0,0,0,0,0,0,0,0,0,0,0,0,0,0,0,0,0,0,0,0,0,0,0,0,0,0,0,0,0,0,0,0,0,0
Sp: Washtenaw County,2001-05-01,Michigan,0,MI81081,breakdown offenses,normal return,normal return,normal return,normal return,not updated,breakdown offenses,breakdown offenses,breakdown offenses,0,0,0,0,0,1,1,0,0,0,0,0,0,14,1,0,4,0,9,8,6,2,0,11,5,3,2,0,39,0,5,6,24,30,0,0,0,0,0,0,0,0,0,0,7,0,0,0,1,6,0,0,0,0,1,1,1,0,0,9,0,1,1,2,3,0,0,0,0,0,0,0,0,0,0,0,0,0,0,0,0,0,0,0,0,0,0,0,0,0,0,0,0,0,0,0,0,0,0,0,0,0,0,0,0,0,0,0,0,0,0,0,0,0,0,0,0,0,0,0,0,0,0,0,0,0,0
Sp: Washtenaw County,2001-06-01,Michigan,0,MI81081,breakdown offenses,normal return,normal return,normal return,normal return,not updated,breakdown offenses,breakdown offenses,breakdown offenses,0,0,0,0,0,0,0,0,0,0,0,0,0,4,0,1,0,0,3,8,8,0,0,7,0,0,0,0,19,0,1,1,15,16,0,0,0,0,0,0,0,0,0,0,1,0,0,0,0,1,0,0,0,0,0,0,0,0,0,1,0,0,0,0,0,0,0,0,0,0,0,0,0,0,0,0,0,0,0,0,0,0,0,0,0,0,0,0,0,0,0,0,0,0,0,0,0,0,0,0,0,0,0,0,0,0,0,0,0,0,0,0,0,0,0,0,0,0,0,0,0,0,0,0,0,0,0
Sp: Washtenaw County,2001-07-01,Michigan,0,MI81081,breakdown offenses,normal return,normal return,normal return,normal return,not updated,breakdown offenses,breakdown offenses,breakdown offenses,0,0,0,0,0,2,2,0,0,0,0,0,0,16,1,0,1,1,13,14,13,1,0,9,0,0,0,0,41,0,3,5,23,28,0,0,0,0,0,0,0,0,0,0,1,0,0,0,0,1,0,0,0,0,1,0,0,0,0,2,0,0,0,1,1,0,0,0,0,0,0,0,0,0,0,0,0,0,0,0,0,0,0,0,0,0,0,0,0,0,0,0,0,0,0,0,0,0,0,0,0,0,0,0,0,0,0,0,0,0,0,0,0,0,0,0,0,0,0,0,0,0,0,0,0,0,0
Sp: Washtenaw County,2001-08-01,Michigan,0,MI81081,breakdown offenses,normal return,normal return,normal return,normal return,not updated,breakdown offenses,breakdown offenses,breakdown offenses,0,0,0,0,0,0,0,0,1,0,0,1,0,10,1,0,0,0,9,5,5,0,0,14,0,0,0,0,30,0,1,2,19,21,0,0,0,0,0,1,0,0,1,0,4,0,0,0,0,4,2,1,1,0,0,0,0,0,0,7,0,0,1,2,3,0,0,0,0,0,0,0,0,0,0,0,0,0,0,0,0,1,1,0,0,0,0,0,0,0,1,0,0,0,1,1,0,0,0,0,0,0,0,0,0,0,0,0,0,0,0,0,0,0,0,0,0,0,0,0,0,0,0,0,0,0,0
Sp: Washtenaw County,2001-09-01,Michigan,0,MI81081,breakdown offenses,normal return,normal return,normal return,normal return,not updated,breakdown offenses,breakdown offenses,breakdown offenses,0,0,0,1,0,0,0,0,0,0,0,0,0,18,1,1,0,1,15,3,2,0,1,20,6,3,1,2,48,0,3,4,29,33,0,0,0,0,0,0,0,0,0,0,7,1,1,0,0,5,0,0,0,0,2,0,0,0,0,9,0,2,2,2,4,0,0,0,0,0,0,0,0,0,0,1,0,0,0,0,1,0,0,0,0,0,0,0,0,0,1,0,0,0,0,0,0,0,0,0,0,0,0,0,0,0,0,0,0,0,0,0,0,0,0,0,0,0,0,0,0,0,0,0,0,0,0
Sp: Washtenaw County,2001-10-01,Michigan,0,MI81081,breakdown offenses,normal return,normal return,normal return,normal return,not updated,breakdown offenses,breakdown offenses,breakdown offenses,0,0,0,0,0,0,0,0,0,0,0,0,0,19,0,0,5,0,14,13,13,0,0,15,3,2,0,1,50,0,5,5,31,36,0,0,0,0,0,1,1,0,0,0,11,0,0,6,0,5,0,0,0,0,3,1,1,0,0,16,0,6,7,4,11,0,0,0,0,0,0,0,0,0,0,4,0,0,3,0,1,0,0,0,0,1,0,0,0,0,5,0,3,3,1,4,0,0,0,0,0,0,0,0,0,0,0,0,0,0,0,0,0,0,0,0,0,0,0,0,0,0,0,0,0,0,0
Sp: Washtenaw County,2001-11-01,Michigan,0,MI81081,breakdown offenses,normal return,normal return,normal return,normal return,not updated,breakdown offenses,breakdown offenses,breakdown offenses,0,0,0,0,0,1,1,0,1,1,0,0,0,19,0,0,2,3,14,11,11,0,0,16,4,0,3,1,52,0,5,7,31,38,0,0,3,1,2,0,0,0,0,0,10,0,0,0,0,10,1,1,0,0,0,0,0,0,0,14,0,0,3,1,4,0,0,0,0,0,0,0,0,0,0,0,0,0,0,0,0,0,0,0,0,0,0,0,0,0,0,0,0,0,0,0,0,0,0,0,0,0,0,0,0,0,0,0,0,0,0,0,0,0,0,0,0,0,0,0,0,0,0,0,0,0,0
Sp: Washtenaw County,2001-12-01,Michigan,0,MI81081,breakdown offenses,normal return,normal return,normal return,normal return,not updated,breakdown offenses,breakdown offenses,breakdown offenses,0,0,0,1,0,0,0,0,1,1,0,0,0,15,4,0,1,1,9,14,14,0,0,10,1,0,1,0,42,0,6,8,25,33,0,0,0,0,0,0,0,0,0,0,9,3,0,1,0,5,0,0,0,0,3,0,0,0,0,12,0,4,4,3,7,0,0,0,0,0,0,0,0,0,0,0,0,0,0,0,0,0,0,0,0,0,0,0,0,0,0,0,0,0,0,0,0,0,0,0,0,0,0,0,0,0,0,0,0,0,0,0,0,0,0,0,0,0,0,0,0,0,0,0,0,0,0
Sp: Washtenaw County,2002-01-01,Michigan,0,MI81081,breakdown offenses,normal return,normal return,normal return,normal return,not updated,breakdown offenses,breakdown offenses,breakdown offenses,0,0,0,0,0,1,1,0,0,0,0,0,0,5,0,1,1,1,2,12,12,0,0,8,2,0,0,2,28,0,3,4,22,26,0,0,1,1,0,0,0,0,0,0,3,0,1,1,0,1,3,3,0,0,0,0,0,0,0,7,0,2,3,3,6,0,0,0,0,0,0,0,0,0,0,0,0,0,0,0,0,2,2,0,0,0,0,0,0,0,2,0,0,0,2,2,0,0,0,0,0,0,0,0,0,0,0,0,0,0,0,0,0,0,0,0,0,0,0,0,0,0,0,0,0,0,0
Sp: Washtenaw County,2002-02-01,Michigan,0,MI81081,breakdown offenses,normal return,normal return,normal return,normal return,not updated,breakdown offenses,breakdown offenses,breakdown offenses,0,0,0,0,0,1,1,0,0,0,0,0,0,8,0,0,0,0,8,4,4,0,0,7,0,0,0,0,20,0,0,1,11,12,0,0,0,0,0,0,0,0,0,0,4,0,0,0,0,4,1,1,0,0,0,0,0,0,0,5,0,0,0,1,1,0,0,0,0,0,0,0,0,0,0,0,0,0,0,0,0,0,0,0,0,0,0,0,0,0,0,0,0,0,0,0,0,0,0,0,0,0,0,0,0,0,0,0,0,0,0,0,0,0,0,0,0,0,0,0,0,0,0,0,0,0,0
Sp: Washtenaw County,2002-03-01,Michigan,0,MI81081,breakdown offenses,normal return,normal return,normal return,normal return,not updated,breakdown offenses,breakdown offenses,breakdown offenses,0,0,0,0,0,3,3,0,0,0,0,0,0,6,0,0,0,0,6,3,3,0,0,8,1,1,0,0,21,0,0,3,12,15,0,0,0,0,0,0,0,0,0,0,3,0,0,0,0,3,0,0,0,0,0,1,1,0,0,4,0,0,0,1,1,0,0,0,0,0,0,0,0,0,0,0,0,0,0,0,0,0,0,0,0,0,1,1,0,0,1,0,0,0,1,1,0,0,0,0,0,0,0,0,0,0,0,0,0,0,0,0,0,0,0,0,0,0,0,0,0,0,0,0,0,0,0
Sp: Washtenaw County,2002-04-01,Michigan,0,MI81081,breakdown offenses,normal return,normal return,normal return,normal return,not updated,breakdown offenses,breakdown offenses,breakdown offenses,0,0,0,0,0,0,0,0,0,0,0,0,0,7,0,0,2,0,5,5,5,0,0,7,0,0,0,0,19,0,2,2,12,14,0,0,0,0,0,0,0,0,0,0,0,0,0,0,0,0,0,0,0,0,0,0,0,0,0,0,0,0,0,0,0,0,0,0,0,0,0,0,0,0,0,0,0,0,0,0,0,0,0,0,0,0,0,0,0,0,0,0,0,0,0,0,0,0,0,0,0,0,0,0,0,0,0,0,0,0,0,0,0,0,0,0,0,0,0,0,0,0,0,0,0,0,0
Sp: Washtenaw County,2002-05-01,Michigan,0,MI81081,breakdown offenses,normal return,normal return,normal return,normal return,not updated,breakdown offenses,breakdown offenses,breakdown offenses,0,0,0,0,0,1,1,0,0,0,0,0,0,9,0,0,2,0,7,2,2,0,0,12,2,2,0,0,26,0,2,3,16,19,0,0,1,1,0,0,0,0,0,0,7,0,0,0,0,7,0,0,0,0,0,1,1,0,0,9,0,0,1,1,2,0,0,1,1,0,0,0,0,0,0,0,0,0,0,0,0,0,0,0,0,0,1,1,0,0,2,0,0,1,1,2,0,0,0,0,0,0,0,0,0,0,0,0,0,0,0,0,0,0,0,0,0,0,0,0,0,0,0,0,0,0,0
Sp: Washtenaw County,2002-06-01,Michigan,0,MI81081,breakdown offenses,normal return,normal return,normal return,normal return,not updated,breakdown offenses,breakdown offenses,breakdown offenses,0,0,0,0,0,1,1,0,0,0,0,0,0,7,0,0,0,2,5,19,18,0,1,13,3,1,0,2,43,0,2,3,35,38,0,0,0,0,0,0,0,0,0,0,5,0,0,0,1,4,1,1,0,0,0,0,0,0,0,6,0,1,1,1,2,0,0,0,0,0,0,0,0,0,0,1,0,0,0,0,1,1,1,0,0,0,0,0,0,0,2,0,0,0,1,1,0,0,0,0,0,0,0,0,0,0,0,0,0,0,0,0,0,0,0,0,0,0,0,0,0,0,0,0,0,0,0
Sp: Washtenaw County,2002-07-01,Michigan,0,MI81081,breakdown offenses,normal return,normal return,normal return,normal return,not updated,breakdown offenses,breakdown offenses,breakdown offenses,0,0,0,0,0,1,1,0,0,0,0,0,0,6,0,0,0,0,6,10,8,2,0,14,4,2,0,2,35,0,0,1,28,29,0,0,0,0,0,0,0,0,0,0,6,0,0,0,0,6,1,1,0,0,0,0,0,0,0,7,0,0,0,1,1,0,0,0,0,0,0,0,0,0,0,0,0,0,0,0,0,1,1,0,0,0,0,0,0,0,1,0,0,0,1,1,0,0,0,0,0,0,0,0,0,0,0,0,0,0,0,0,0,0,0,0,0,0,0,0,0,0,0,0,0,0,0
Sp: Washtenaw County,2002-08-01,Michigan,0,MI81081,breakdown offenses,normal return,normal return,normal return,normal return,not updated,breakdown offenses,breakdown offenses,breakdown offenses,0,0,0,1,0,1,1,0,0,0,0,0,0,26,0,0,4,2,20,8,8,0,0,19,5,3,2,0,60,0,6,8,32,40,0,0,0,0,0,0,0,0,0,0,9,0,0,0,1,8,1,1,0,0,3,0,0,0,0,13,0,1,1,4,5,0,0,0,0,0,0,0,0,0,0,0,0,0,0,0,0,1,1,0,0,0,0,0,0,0,1,0,0,0,1,1,0,0,0,0,0,0,0,0,0,0,0,0,0,0,0,0,0,0,0,0,0,0,0,0,0,0,0,0,0,0,0
Sp: Washtenaw County,2002-09-01,Michigan,0,MI81081,breakdown offenses,normal return,normal return,normal return,normal return,not updated,breakdown offenses,breakdown offenses,breakdown offenses,0,0,0,0,0,0,0,0,0,0,0,0,0,16,0,1,1,1,13,8,8,0,0,8,2,1,0,1,34,0,3,3,18,21,0,0,0,0,0,0,0,0,0,0,7,0,1,0,0,6,1,1,0,0,1,0,0,0,0,9,0,1,1,2,3,0,0,0,0,0,0,0,0,0,0,0,0,0,0,0,0,1,1,0,0,0,0,0,0,0,1,0,0,0,1,1,0,0,0,0,0,0,0,0,0,0,0,0,0,0,0,0,0,0,0,0,0,0,0,0,0,0,0,0,0,0,0
Sp: Washtenaw County,2002-10-01,Michigan,0,MI81081,breakdown offenses,normal return,normal return,normal return,normal return,not updated,breakdown offenses,breakdown offenses,breakdown offenses,0,0,0,1,0,0,0,0,0,0,0,0,0,15,0,0,4,2,9,5,5,0,0,9,4,2,2,0,34,0,6,7,18,25,0,0,0,0,0,0,0,0,0,0,6,0,0,3,0,3,0,0,0,0,2,1,1,0,0,9,0,3,3,3,6,0,0,0,0,0,0,0,0,0,0,0,0,0,0,0,0,0,0,0,0,0,0,0,0,0,0,0,0,0,0,0,0,0,0,0,0,0,0,0,0,0,0,0,0,0,0,0,0,0,0,0,0,0,0,0,0,0,0,0,0,0,0
Sp: Washtenaw County,2002-11-01,Michigan,0,MI81081,breakdown offenses,normal return,normal return,normal return,normal return,not updated,breakdown offenses,breakdown offenses,breakdown offenses,0,0,0,0,0,0,0,0,0,0,0,0,0,5,0,0,1,1,3,9,8,1,0,8,0,0,0,0,22,0,2,2,17,19,0,0,0,0,0,0,0,0,0,0,7,0,0,3,0,4,3,2,1,0,1,1,1,0,0,12,0,3,3,5,8,0,0,0,0,0,0,0,0,0,0,2,0,0,1,0,1,2,1,1,0,1,1,1,0,0,6,0,1,1,4,5,0,0,0,0,0,0,0,0,0,0,0,0,0,0,0,0,0,0,0,0,0,0,0,0,0,0,0,0,0,0,0
Sp: Washtenaw County,2002-12-01,Michigan,0,MI81081,breakdown offenses,normal return,normal return,normal return,normal return,not updated,breakdown offenses,breakdown offenses,breakdown offenses,0,0,0,0,0,0,0,0,2,0,0,0,2,7,0,0,0,0,7,1,1,0,0,5,0,0,0,0,15,0,0,2,6,8,0,0,0,0,0,1,0,0,0,1,4,0,0,1,0,3,0,0,0,0,0,1,1,0,0,6,0,1,2,1,3,0,0,0,0,0,0,0,0,0,0,0,0,0,0,0,0,0,0,0,0,0,0,0,0,0,0,0,0,0,0,0,0,0,0,0,0,0,0,0,0,0,0,0,0,0,0,0,0,0,0,0,0,0,0,0,0,0,0,0,0,0,0
Sp: Washtenaw County,2003-01-01,Michigan,0,MI81081,breakdown offenses,normal return,normal return,normal return,normal return,not updated,breakdown offenses,breakdown offenses,breakdown offenses,0,0,0,0,0,0,0,0,0,0,0,0,0,7,0,0,1,0,6,10,10,0,0,7,2,1,0,1,26,0,1,1,19,20,0,0,0,0,0,0,0,0,0,0,3,0,0,1,0,2,0,0,0,0,0,1,1,0,0,4,0,1,1,1,2,0,0,0,0,0,0,0,0,0,0,1,0,0,1,0,0,0,0,0,0,0,0,0,0,0,1,0,1,1,0,1,0,0,0,0,0,0,0,0,0,0,0,0,0,0,0,0,0,0,0,0,0,0,0,0,0,0,0,0,0,0,0
Sp: Washtenaw County,2003-02-01,Michigan,0,MI81081,breakdown offenses,normal return,normal return,normal return,normal return,not updated,breakdown offenses,breakdown offenses,breakdown offenses,0,0,0,0,0,0,0,0,0,0,0,0,0,7,0,0,3,0,4,5,5,0,0,3,0,0,0,0,15,0,3,3,8,11,0,0,0,0,0,0,0,0,0,0,6,0,0,2,0,4,2,2,0,0,0,0,0,0,0,8,0,2,2,2,4,0,0,0,0,0,0,0,0,0,0,0,0,0,0,0,0,0,0,0,0,0,0,0,0,0,0,0,0,0,0,0,0,0,0,0,0,0,0,0,0,0,0,0,0,0,0,0,0,0,0,0,0,0,0,0,0,0,0,0,0,0,0
Sp: Washtenaw County,2003-03-01,Michigan,0,MI81081,breakdown offenses,normal return,normal return,normal return,normal return,not updated,breakdown offenses,breakdown offenses,breakdown offenses,0,0,0,0,0,3,3,0,1,1,0,0,0,11,0,0,0,4,7,14,14,0,0,9,4,2,2,0,42,0,4,8,27,35,0,0,0,0,0,0,0,0,0,0,0,0,0,0,0,0,1,1,0,0,1,0,0,0,0,2,0,0,0,2,2,0,0,0,0,0,0,0,0,0,0,0,0,0,0,0,0,1,1,0,0,0,0,0,0,0,1,0,0,0,1,1,0,0,0,0,0,0,0,0,0,0,0,0,0,0,0,0,0,0,0,0,0,0,0,0,0,0,0,0,0,0,0
Sp: Washtenaw County,2003-04-01,Michigan,0,MI81081,breakdown offenses,normal return,normal return,normal return,normal return,not updated,breakdown offenses,breakdown offenses,breakdown offenses,0,0,0,0,0,0,0,0,0,0,0,0,0,16,0,0,3,1,12,8,8,0,0,4,4,4,0,0,32,0,4,4,16,20,0,0,0,0,0,0,0,0,0,0,4,0,0,0,0,4,0,0,0,0,0,0,0,0,0,4,0,0,0,0,0,0,0,0,0,0,0,0,0,0,0,0,0,0,0,0,0,0,0,0,0,0,0,0,0,0,0,0,0,0,0,0,0,0,0,0,0,0,0,0,0,0,0,0,0,0,0,0,0,0,0,0,0,0,0,0,0,0,0,0,0,0,0
Sp: Washtenaw County,2003-05-01,Michigan,0,MI81081,breakdown offenses,normal return,normal return,normal return,normal return,not updated,breakdown offenses,breakdown offenses,breakdown offenses,0,0,0,0,0,2,2,0,0,0,0,0,0,11,0,0,4,0,7,6,6,0,0,10,1,0,1,0,30,0,4,6,17,23,0,0,0,0,0,0,0,0,0,0,2,0,0,0,0,2,1,1,0,0,2,0,0,0,0,5,0,0,0,3,3,0,0,0,0,0,0,0,0,0,0,0,0,0,0,0,0,0,0,0,0,0,0,0,0,0,0,0,0,0,0,0,0,0,0,0,0,0,0,0,0,0,0,0,0,0,0,0,0,0,0,0,0,0,0,0,0,0,0,0,0,0,0
Sp: Washtenaw County,2003-06-01,Michigan,0,MI81081,breakdown offenses,normal return,normal return,normal return,normal return,not updated,breakdown offenses,breakdown offenses,breakdown offenses,0,0,0,0,0,2,2,0,0,0,0,0,0,12,0,0,0,0,12,4,3,1,0,9,2,1,0,1,29,0,0,2,15,17,0,0,0,0,0,0,0,0,0,0,8,0,0,0,0,8,0,0,0,0,1,0,0,0,0,9,0,0,0,1,1,0,0,0,0,0,0,0,0,0,0,0,0,0,0,0,0,0,0,0,0,0,0,0,0,0,0,0,0,0,0,0,0,0,0,0,0,0,0,0,0,0,0,0,0,0,0,0,0,0,0,0,0,0,0,0,0,0,0,0,0,0,0
Sp: Washtenaw County,2003-07-01,Michigan,0,MI81081,breakdown offenses,normal return,normal return,normal return,normal return,not updated,breakdown offenses,breakdown offenses,breakdown offenses,0,0,0,0,0,1,1,0,1,0,0,1,0,13,0,0,1,0,12,6,5,1,0,13,5,5,0,0,39,0,1,3,24,27,0,0,0,0,0,0,0,0,0,0,6,0,0,0,0,6,0,0,0,0,0,1,1,0,0,7,0,0,0,1,1,0,0,0,0,0,0,0,0,0,0,0,0,0,0,0,0,0,0,0,0,0,0,0,0,0,0,0,0,0,0,0,0,0,0,0,0,0,0,0,0,0,0,0,0,0,0,0,0,0,0,0,0,0,0,0,0,0,0,0,0,0,0
Sp: Washtenaw County,2003-08-01,Michigan,0,MI81081,breakdown offenses,normal return,normal return,normal return,normal return,not updated,breakdown offenses,breakdown offenses,breakdown offenses,0,0,0,0,0,1,1,0,0,0,0,0,0,11,0,0,3,1,7,7,6,0,1,11,0,0,0,0,30,0,4,5,18,23,0,0,0,0,0,0,0,0,0,0,5,0,0,2,1,2,0,0,0,0,1,1,1,0,0,7,0,3,3,2,5,0,0,0,0,0,0,0,0,0,0,1,0,0,0,1,0,0,0,0,0,0,0,0,0,0,1,0,1,1,0,1,0,0,0,0,0,0,0,0,0,0,0,0,0,0,0,0,0,0,0,0,0,0,0,0,0,0,0,0,0,0,0
Sp: Washtenaw County,2003-09-01,Michigan,0,MI81081,breakdown offenses,normal return,normal return,normal return,normal return,not updated,breakdown offenses,breakdown offenses,breakdown offenses,0,0,0,0,0,1,1,0,0,0,0,0,0,4,0,0,2,0,2,5,5,0,0,18,2,2,0,0,30,0,2,3,25,28,0,0,3,3,0,0,0,0,0,0,5,0,0,4,0,1,2,2,0,0,0,1,1,0,0,11,0,4,7,3,10,0,0,1,1,0,0,0,0,0,0,2,0,0,2,0,0,0,0,0,0,0,0,0,0,0,3,0,2,3,0,3,0,0,0,0,0,0,0,0,0,0,0,0,0,0,0,0,0,0,0,0,0,0,0,0,0,0,0,0,0,0,0
Sp: Washtenaw County,2003-10-01,Michigan,0,MI81081,breakdown offenses,normal return,normal return,normal return,normal return,not updated,breakdown offenses,breakdown offenses,breakdown offenses,0,0,0,0,0,2,2,0,0,0,0,0,0,6,3,0,0,0,3,10,9,1,0,9,1,1,0,0,28,0,3,5,20,25,0,0,1,1,0,0,0,0,0,0,1,0,0,0,0,1,0,0,0,0,1,1,1,0,0,4,0,0,1,2,3,0,0,0,0,0,0,0,0,0,0,0,0,0,0,0,0,0,0,0,0,1,0,0,0,0,1,0,0,0,1,1,0,0,0,0,0,0,0,0,0,0,0,0,0,0,0,0,0,0,0,0,0,0,0,0,0,0,0,0,0,0,0
Sp: Washtenaw County,2003-11-01,Michigan,0,MI81081,breakdown offenses,normal return,normal return,normal return,normal return,not updated,breakdown offenses,breakdown offenses,breakdown offenses,0,0,0,0,0,0,0,0,0,0,0,0,0,6,2,0,0,0,4,5,5,0,0,3,7,3,3,1,21,0,2,2,15,17,0,0,0,0,0,0,0,0,0,0,5,2,0,0,0,3,1,1,0,0,1,0,0,0,0,7,0,2,2,2,4,0,0,0,0,0,0,0,0,0,0,0,0,0,0,0,0,0,0,0,0,0,0,0,0,0,0,0,0,0,0,0,0,0,0,0,0,0,0,0,0,0,0,0,0,0,0,0,0,0,0,0,0,0,0,0,0,0,0,0,0,0,0
Sp: Washtenaw County,2003-12-01,Michigan,0,MI81081,breakdown offenses,normal return,normal return,normal return,normal return,not updated,breakdown offenses,breakdown offenses,breakdown offenses,0,0,0,0,0,0,0,0,0,0,0,0,0,4,0,0,1,2,1,17,16,1,0,5,3,3,0,0,29,0,3,3,25,28,0,0,0,0,0,0,0,0,0,0,1,0,0,0,0,1,1,1,0,0,0,0,0,0,0,2,0,0,0,1,1,0,0,0,0,0,0,0,0,0,0,0,0,0,0,0,0,1,1,0,0,0,0,0,0,0,1,0,0,0,1,1,0,0,0,0,0,0,0,0,0,0,0,0,0,0,0,0,0,0,0,0,0,0,0,0,0,0,0,0,0,0,0
Sp: Washtenaw County,2004-01-01,Michigan,0,MI81081,breakdown offenses,normal return,normal return,normal return,normal return,not updated,breakdown offenses,breakdown offenses,breakdown offenses,0,0,0,0,0,0,0,0,1,0,0,0,1,9,0,1,1,0,7,6,6,0,0,11,3,2,0,1,30,0,2,3,20,23,0,0,0,0,0,0,0,0,0,0,4,0,0,1,0,3,0,0,0,0,0,0,0,0,0,4,0,1,1,0,1,0,0,0,0,0,0,0,0,0,0,1,0,0,1,0,0,0,0,0,0,0,0,0,0,0,1,0,1,1,0,1,0,0,0,0,0,0,0,0,0,0,0,0,0,0,0,0,0,0,0,0,0,0,0,0,0,0,0,0,0,0,0
Sp: Washtenaw County,2004-02-01,Michigan,0,MI81081,breakdown offenses,normal return,normal return,normal return,normal return,not updated,breakdown offenses,breakdown offenses,breakdown offenses,0,0,0,0,0,0,0,0,1,1,0,0,0,8,0,0,3,0,5,11,11,0,0,8,6,6,0,0,34,0,3,4,25,29,0,0,0,0,0,0,0,0,0,0,3,0,1,0,0,2,0,0,0,0,2,1,1,0,0,6,0,1,1,3,4,0,0,0,0,0,0,0,0,0,0,1,0,0,0,0,1,0,0,0,0,0,1,1,0,0,2,0,0,0,1,1,0,0,0,0,0,0,0,0,0,0,0,0,0,0,0,0,0,0,0,0,0,0,0,0,0,0,0,0,0,0,0
Sp: Washtenaw County,2004-03-01,Michigan,0,MI81081,breakdown offenses,normal return,normal return,normal return,normal return,not updated,breakdown offenses,breakdown offenses,breakdown offenses,0,0,0,0,0,2,2,0,0,0,0,0,0,8,0,0,1,0,7,8,6,2,0,11,1,1,0,0,30,0,1,3,20,23,0,0,0,0,0,0,0,0,0,0,2,0,0,0,0,2,0,0,0,0,1,0,0,0,0,3,0,0,0,1,1,0,0,0,0,0,0,0,0,0,0,0,0,0,0,0,0,0,0,0,0,0,0,0,0,0,0,0,0,0,0,0,0,0,0,0,0,0,0,0,0,0,0,0,0,0,0,0,0,0,0,0,0,0,0,0,0,0,0,0,0,0,0
Sp: Washtenaw County,2004-04-01,Michigan,0,MI81081,breakdown offenses,normal return,normal return,normal return,normal return,not updated,breakdown offenses,breakdown offenses,breakdown offenses,0,0,0,0,0,0,0,0,1,1,0,0,0,12,0,0,0,0,12,13,12,1,0,15,6,3,1,2,47,0,0,1,34,35,0,0,0,0,0,0,0,0,0,0,3,0,0,0,0,3,1,1,0,0,0,0,0,0,0,4,0,0,0,1,1,0,0,0,0,0,0,0,0,0,0,0,0,0,0,0,0,0,0,0,0,0,0,0,0,0,0,0,0,0,0,0,0,0,0,0,0,0,0,0,0,0,0,0,0,0,0,0,0,0,0,0,0,0,0,0,0,0,0,0,0,0,0
Sp: Washtenaw County,2004-05-01,Michigan,0,MI81081,breakdown offenses,normal return,normal return,normal return,normal return,not updated,breakdown offenses,breakdown offenses,breakdown offenses,0,0,0,0,0,3,3,0,0,0,0,0,0,13,4,0,0,0,9,6,6,0,0,11,2,2,0,0,35,0,4,7,19,26,0,0,0,0,0,0,0,0,0,0,3,3,0,0,0,0,0,0,0,0,0,0,0,0,0,3,0,3,3,0,3,0,0,0,0,0,0,0,0,0,0,0,0,0,0,0,0,0,0,0,0,0,0,0,0,0,0,0,0,0,0,0,0,0,0,0,0,0,0,0,0,0,0,0,0,0,0,0,0,0,0,0,0,0,0,0,0,0,0,0,0,0,0
Sp: Washtenaw County,2004-06-01,Michigan,0,MI81081,breakdown offenses,normal return,normal return,normal return,normal return,not updated,breakdown offenses,breakdown offenses,breakdown offenses,0,0,0,0,0,0,0,0,1,1,0,0,0,20,0,3,7,0,10,7,6,0,1,10,1,1,0,0,39,0,10,11,18,29,0,0,0,0,0,0,0,0,0,0,10,0,0,5,0,5,0,0,0,0,0,0,0,0,0,10,0,5,5,0,5,0,0,0,0,0,0,0,0,0,0,1,0,0,0,0,1,0,0,0,0,0,0,0,0,0,1,0,0,0,0,0,0,0,0,0,0,0,0,0,0,0,0,0,0,0,0,0,0,0,0,0,0,0,0,0,0,0,0,0,0,0,0
Sp: Washtenaw County,2004-07-01,Michigan,0,MI81081,breakdown offenses,normal return,normal return,normal return,normal return,not updated,breakdown offenses,breakdown offenses,breakdown offenses,0,0,0,0,0,0,0,0,0,0,0,0,0,6,0,2,0,0,4,12,12,0,0,15,6,5,0,1,39,0,2,2,33,35,0,0,1,1,0,0,0,0,0,0,1,0,1,0,0,0,0,0,0,0,1,1,1,0,0,4,0,1,2,2,4,0,0,1,1,0,0,0,0,0,0,0,0,0,0,0,0,0,0,0,0,1,0,0,0,0,2,0,0,1,1,2,0,0,0,0,0,0,0,0,0,0,0,0,0,0,0,0,0,0,0,0,0,0,0,0,0,0,0,0,0,0,0
Sp: Washtenaw County,2004-08-01,Michigan,0,MI81081,breakdown offenses,normal return,normal return,normal return,normal return,not updated,breakdown offenses,breakdown offenses,breakdown offenses,0,0,0,1,0,0,0,0,0,0,0,0,0,9,0,0,0,0,9,14,14,0,0,12,4,4,0,0,40,0,0,1,30,31,0,0,0,0,0,0,0,0,0,0,5,0,0,0,0,5,1,1,0,0,2,1,1,0,0,9,0,0,0,4,4,0,0,0,0,0,0,0,0,0,0,0,0,0,0,0,0,0,0,0,0,0,0,0,0,0,0,0,0,0,0,0,0,0,0,0,0,0,0,0,0,0,0,0,0,0,0,0,0,0,0,0,0,0,0,0,0,0,0,0,0,0,0
Sp: Washtenaw County,2004-09-01,Michigan,0,MI81081,breakdown offenses,normal return,normal return,normal return,normal return,not updated,breakdown offenses,breakdown offenses,breakdown offenses,0,0,0,0,0,1,1,0,1,1,0,0,0,8,1,0,0,0,7,7,6,1,0,23,3,2,0,1,43,0,1,3,33,36,0,0,0,0,0,1,1,0,0,0,5,0,0,0,0,5,0,0,0,0,2,1,1,0,0,9,0,0,1,3,4,0,0,0,0,0,0,0,0,0,0,0,0,0,0,0,0,0,0,0,0,0,0,0,0,0,0,0,0,0,0,0,0,0,0,0,0,0,0,0,0,0,0,0,0,0,0,0,0,0,0,0,0,0,0,0,0,0,0,0,0,0,0
Sp: Washtenaw County,2004-10-01,Michigan,0,MI81081,breakdown offenses,normal return,normal return,normal return,normal return,not updated,breakdown offenses,breakdown offenses,breakdown offenses,0,0,0,0,0,1,1,0,1,1,0,0,0,18,2,0,2,0,14,17,16,1,0,13,3,3,0,0,53,0,4,6,33,39,0,0,0,0,0,0,0,0,0,0,10,2,0,0,0,8,0,0,0,0,0,0,0,0,0,10,0,2,2,0,2,0,0,0,0,0,0,0,0,0,0,1,0,0,0,0,1,0,0,0,0,0,0,0,0,0,1,0,0,0,0,0,0,0,0,0,0,0,0,0,0,0,0,0,0,0,0,0,0,0,0,0,0,0,0,0,0,0,0,0,0,0,0
Sp: Washtenaw County,2004-11-01,Michigan,0,MI81081,breakdown offenses,normal return,normal return,normal return,normal return,not updated,breakdown offenses,breakdown offenses,breakdown offenses,0,0,0,1,0,0,0,0,1,0,0,1,0,14,0,2,0,0,12,8,8,0,0,10,5,4,0,1,39,0,2,4,23,27,0,0,1,1,0,0,0,0,0,0,7,0,0,0,0,7,1,1,0,0,0,1,1,0,0,10,0,0,1,2,3,0,0,0,0,0,0,0,0,0,0,1,0,0,0,0,1,0,0,0,0,0,1,1,0,0,2,0,0,0,1,1,0,0,0,0,0,0,0,0,0,0,0,0,0,0,0,0,0,0,0,0,0,0,0,0,0,0,0,0,0,0,0
Sp: Washtenaw County,2004-12-01,Michigan,0,MI81081,breakdown offenses,normal return,normal return,normal return,normal return,not updated,breakdown offenses,breakdown offenses,breakdown offenses,0,0,0,1,0,0,0,0,2,2,0,0,0,9,1,0,1,0,7,7,7,0,0,10,3,2,0,1,32,0,2,5,20,25,0,0,0,0,0,1,1,0,0,0,5,0,0,1,0,4,2,2,0,0,2,0,0,0,0,10,0,1,2,4,6,0,0,0,0,0,0,0,0,0,0,0,0,0,0,0,0,0,0,0,0,0,0,0,0,0,0,0,0,0,0,0,0,0,0,0,0,0,0,0,0,0,0,0,0,0,0,0,0,0,0,0,0,0,0,0,0,0,0,0,0,0,0
Sp: Washtenaw County,2005-01-01,Michigan,0,MI81081,breakdown offenses,normal return,normal return,normal return,normal return,not updated,breakdown offenses,breakdown offenses,breakdown offenses,0,0,0,0,0,3,3,0,0,0,0,0,0,15,1,1,2,0,11,13,12,1,0,12,3,2,0,1,46,0,4,7,28,35,0,0,0,0,0,0,0,0,0,0,5,0,1,1,0,3,1,1,0,0,2,0,0,0,0,8,0,2,2,3,5,0,0,0,0,0,0,0,0,0,0,0,0,0,0,0,0,0,0,0,0,0,0,0,0,0,0,0,0,0,0,0,0,0,0,0,0,0,0,0,0,0,0,0,0,0,0,0,0,0,0,0,0,0,0,0,0,0,0,0,0,0,0
Sp: Washtenaw County,2005-02-01,Michigan,0,MI81081,breakdown offenses,normal return,normal return,normal return,normal return,not updated,breakdown offenses,breakdown offenses,breakdown offenses,0,0,0,0,0,0,0,0,0,0,0,0,0,4,0,0,1,0,3,26,26,0,0,4,0,0,0,0,34,0,1,1,30,31,0,0,0,0,0,0,0,0,0,0,1,0,0,0,0,1,0,0,0,0,0,0,0,0,0,1,0,0,0,0,0,0,0,0,0,0,0,0,0,0,0,0,0,0,0,0,0,0,0,0,0,0,0,0,0,0,0,0,0,0,0,0,0,0,0,0,0,0,0,0,0,0,0,0,0,0,0,0,0,0,0,0,0,0,0,0,0,0,0,0,0,0,0
Sp: Washtenaw County,2005-03-01,Michigan,0,MI81081,breakdown offenses,normal return,normal return,normal return,normal return,not updated,breakdown offenses,breakdown offenses,breakdown offenses,0,0,0,0,0,0,0,0,0,0,0,0,0,11,2,0,1,0,8,8,8,0,0,5,1,1,0,0,25,0,3,3,14,17,0,0,0,0,0,0,0,0,0,0,3,1,0,1,0,1,0,0,0,0,0,0,0,0,0,3,0,2,2,0,2,0,0,0,0,0,0,0,0,0,0,1,0,0,1,0,0,0,0,0,0,0,0,0,0,0,1,0,1,1,0,1,0,0,0,0,0,0,0,0,0,0,0,0,0,0,0,0,0,0,0,0,0,0,0,0,0,0,0,0,0,0,0
Sp: Washtenaw County,2005-04-01,Michigan,0,MI81081,breakdown offenses,normal return,normal return,normal return,normal return,not updated,breakdown offenses,breakdown offenses,breakdown offenses,0,0,0,0,0,2,2,0,0,0,0,0,0,16,0,0,2,1,13,25,24,1,0,7,2,1,0,1,52,0,3,5,34,39,0,0,1,1,0,0,0,0,0,0,5,0,0,0,1,4,0,0,0,0,1,0,0,0,0,7,0,1,2,1,3,0,0,0,0,0,0,0,0,0,0,0,0,0,0,0,0,0,0,0,0,1,0,0,0,0,1,0,0,0,1,1,0,0,0,0,0,0,0,0,0,0,0,0,0,0,0,0,0,0,0,0,0,0,0,0,0,0,0,0,0,0,0
Sp: Washtenaw County,2005-05-01,Michigan,0,MI81081,breakdown offenses,normal return,normal return,normal return,normal return,not updated,breakdown offenses,breakdown offenses,breakdown offenses,0,0,0,0,0,1,1,0,0,0,0,0,0,17,1,0,1,0,15,9,8,1,0,13,5,4,1,0,45,0,2,3,27,30,0,0,0,0,0,0,0,0,0,0,5,1,0,1,0,3,1,0,1,0,1,2,2,0,0,9,0,2,2,4,6,0,0,0,0,0,0,0,0,0,0,1,0,0,0,0,1,1,0,1,0,0,0,0,0,0,2,0,0,0,1,1,0,0,0,0,0,0,0,0,0,0,0,0,0,0,0,0,0,0,0,0,0,0,0,0,0,0,0,0,0,0,0
Sp: Washtenaw County,2005-06-01,Michigan,0,MI81081,breakdown offenses,normal return,normal return,normal return,normal return,not updated,breakdown offenses,breakdown offenses,breakdown offenses,0,0,0,0,0,0,0,0,0,0,0,0,0,17,0,0,1,1,15,13,13,0,0,9,3,2,0,1,42,0,2,2,25,27,0,0,1,1,0,0,0,0,0,0,5,0,0,1,0,4,0,0,0,0,0,1,1,0,0,7,0,1,2,1,3,0,0,0,0,0,0,0,0,0,0,1,0,0,0,0,1,0,0,0,0,0,1,1,0,0,2,0,0,0,1,1,0,0,0,0,0,0,0,0,0,0,0,0,0,0,0,0,0,0,0,0,0,0,0,0,0,0,0,0,0,0,0
Sp: Washtenaw County,2005-07-01,Michigan,0,MI81081,breakdown offenses,normal return,normal return,normal return,normal return,not updated,breakdown offenses,breakdown offenses,breakdown offenses,0,0,0,0,0,2,2,0,0,0,0,0,0,7,0,0,0,0,7,12,12,0,0,10,3,1,1,1,34,0,0,2,25,27,0,0,0,0,0,0,0,0,0,0,3,0,0,0,0,3,0,0,0,0,1,0,0,0,0,4,0,0,0,1,1,0,0,0,0,0,0,0,0,0,0,0,0,0,0,0,0,0,0,0,0,1,0,0,0,0,1,0,0,0,1,1,0,0,0,0,0,0,0,0,0,0,0,0,0,0,0,0,0,0,0,0,0,0,0,0,0,0,0,0,0,0,0
Sp: Washtenaw County,2005-08-01,Michigan,0,MI81081,breakdown offenses,normal return,normal return,normal return,normal return,not updated,breakdown offenses,breakdown offenses,breakdown offenses,0,0,0,0,0,0,0,0,0,0,0,0,0,13,0,0,1,0,12,13,13,0,0,15,4,3,0,1,45,0,1,1,32,33,0,0,1,1,0,0,0,0,0,0,9,0,0,1,0,8,1,1,0,0,1,1,1,0,0,13,0,1,2,3,5,0,0,0,0,0,0,0,0,0,0,0,0,0,0,0,0,0,0,0,0,0,0,0,0,0,0,0,0,0,0,0,0,0,0,0,0,0,0,0,0,0,0,0,0,0,0,0,0,0,0,0,0,0,0,0,0,0,0,0,0,0,0
Sp: Washtenaw County,2005-09-01,Michigan,0,MI81081,breakdown offenses,normal return,normal return,normal return,normal return,not updated,breakdown offenses,breakdown offenses,breakdown offenses,0,0,0,0,1,0,0,0,0,0,0,0,0,11,1,0,2,0,8,6,6,0,0,10,0,0,0,0,28,0,3,3,16,19,0,0,0,0,0,0,0,0,0,0,5,1,0,2,0,2,1,1,0,0,0,0,0,0,0,6,0,3,3,1,4,0,0,0,0,0,0,0,0,0,0,1,0,0,0,0,1,0,0,0,0,0,0,0,0,0,1,0,0,0,0,0,0,0,0,0,0,0,0,0,0,0,0,0,0,0,0,0,0,0,0,0,0,0,0,0,0,0,0,0,0,0,0
Sp: Washtenaw County,2005-10-01,Michigan,0,MI81081,breakdown offenses,normal return,normal return,normal return,normal return,not updated,breakdown offenses,breakdown offenses,breakdown offenses,0,0,0,0,0,1,1,0,1,0,1,0,0,13,1,0,1,0,11,9,9,0,0,13,3,3,0,0,40,0,2,4,25,29,0,0,0,0,0,0,0,0,0,0,4,0,0,1,0,3,0,0,0,0,3,0,0,0,0,7,0,1,1,3,4,0,0,0,0,0,0,0,0,0,0,0,0,0,0,0,0,0,0,0,0,0,0,0,0,0,0,0,0,0,0,0,0,0,0,0,0,0,0,0,0,0,0,0,0,0,0,0,0,0,0,0,0,0,0,0,0,0,0,0,0,0,0
Sp: Washtenaw County,2005-11-01,Michigan,0,MI81081,breakdown offenses,normal return,normal return,normal return,normal return,not updated,breakdown offenses,breakdown offenses,breakdown offenses,0,0,0,0,0,0,0,0,0,0,0,0,0,11,0,0,1,0,10,10,9,1,0,15,5,5,0,0,41,0,1,1,30,31,0,0,1,1,0,0,0,0,0,0,6,0,0,1,0,5,1,1,0,0,7,1,1,0,0,16,0,1,2,9,11,0,0,1,1,0,0,0,0,0,0,0,0,0,0,0,0,0,0,0,0,0,1,1,0,0,2,0,0,1,1,2,0,0,0,0,0,0,0,0,0,0,0,0,0,0,0,0,0,0,0,0,0,0,0,0,0,0,0,0,0,0,0
Sp: Washtenaw County,2005-12-01,Michigan,0,MI81081,breakdown offenses,normal return,normal return,normal return,normal return,not updated,breakdown offenses,breakdown offenses,breakdown offenses,0,0,0,0,0,0,0,0,0,0,0,0,0,14,0,0,0,1,13,7,7,0,0,3,0,0,0,0,24,0,1,1,10,11,0,0,0,0,0,0,0,0,0,0,4,1,0,0,1,2,0,0,0,0,2,0,0,0,0,6,0,2,2,2,4,0,0,0,0,0,0,0,0,0,0,0,0,0,0,0,0,0,0,0,0,1,0,0,0,0,1,0,0,0,1,1,0,0,0,0,0,0,0,0,0,0,0,0,0,0,0,0,0,0,0,0,0,0,0,0,0,0,0,0,0,0,0
Sp: Washtenaw County,2006-01-01,Michigan,0,MI81081,breakdown offenses,normal return,normal return,normal return,normal return,not updated,breakdown offenses,breakdown offenses,breakdown offenses,0,0,0,0,0,1,1,0,0,0,0,0,0,18,3,0,1,0,14,7,7,0,0,18,1,1,0,0,45,0,4,5,26,31,0,0,0,0,0,0,0,0,0,0,6,0,0,1,0,5,0,0,0,0,0,0,0,0,0,6,0,1,1,0,1,0,0,0,0,0,0,0,0,0,0,0,0,0,0,0,0,0,0,0,0,0,0,0,0,0,0,0,0,0,0,0,0,0,0,0,0,0,0,0,0,0,0,0,0,0,0,0,0,0,0,0,0,0,0,0,0,0,0,0,0,0,0
Sp: Washtenaw County,2006-02-01,Michigan,0,MI81081,breakdown offenses,normal return,normal return,normal return,normal return,not updated,breakdown offenses,breakdown offenses,breakdown offenses,0,0,0,0,0,0,0,0,0,0,0,0,0,10,2,0,1,0,7,4,4,0,0,9,1,1,0,0,24,0,3,3,14,17,0,0,0,0,0,0,0,0,0,0,3,0,0,0,0,3,1,1,0,0,0,0,0,0,0,4,0,0,0,1,1,0,0,0,0,0,0,0,0,0,0,0,0,0,0,0,0,0,0,0,0,0,0,0,0,0,0,0,0,0,0,0,0,0,0,0,0,0,0,0,0,0,0,0,0,0,0,0,0,0,0,0,0,0,0,0,0,0,0,0,0,0,0
Sp: Washtenaw County,2006-03-01,Michigan,0,MI81081,breakdown offenses,normal return,normal return,normal return,normal return,not updated,breakdown offenses,breakdown offenses,breakdown offenses,0,0,0,0,0,0,0,0,0,0,0,0,0,8,0,0,0,2,6,16,11,5,0,12,2,1,1,0,38,0,2,2,30,32,0,0,0,0,0,0,0,0,0,0,4,0,0,0,0,4,1,1,0,0,3,0,0,0,0,8,0,0,0,4,4,0,0,0,0,0,0,0,0,0,0,1,0,0,0,0,1,0,0,0,0,1,0,0,0,0,2,0,0,0,1,1,0,0,0,0,0,0,0,0,0,0,0,0,0,0,0,0,0,0,0,0,0,0,0,0,0,0,0,0,0,0,0
Sp: Washtenaw County,2006-04-01,Michigan,0,MI81081,breakdown offenses,normal return,normal return,normal return,normal return,not updated,breakdown offenses,breakdown offenses,breakdown offenses,0,0,0,0,0,0,0,0,0,0,0,0,0,6,0,0,0,1,5,6,6,0,0,10,2,2,0,0,24,0,1,1,18,19,0,0,0,0,0,0,0,0,0,0,3,1,0,0,0,2,1,1,0,0,1,0,0,0,0,5,0,1,1,2,3,0,0,0,0,0,0,0,0,0,0,0,0,0,0,0,0,1,1,0,0,1,0,0,0,0,2,0,0,0,2,2,0,0,0,0,0,0,0,0,0,0,0,0,0,0,0,0,0,0,0,0,0,0,0,0,0,0,0,0,0,0,0
Sp: Washtenaw County,2006-05-01,Michigan,0,MI81081,breakdown offenses,normal return,normal return,normal return,normal return,not updated,breakdown offenses,breakdown offenses,breakdown offenses,0,0,0,0,0,0,0,0,2,2,0,0,0,10,0,0,2,0,8,8,8,0,0,12,4,3,1,0,36,0,2,4,24,28,0,0,1,1,0,1,1,0,0,0,4,0,0,0,0,4,1,1,0,0,2,0,0,0,0,9,0,0,2,3,5,0,0,0,0,0,0,0,0,0,0,0,0,0,0,0,0,0,0,0,0,0,0,0,0,0,0,0,0,0,0,0,0,0,0,0,0,0,0,0,0,0,0,0,0,0,0,0,0,0,0,0,0,0,0,0,0,0,0,0,0,0,0
Sp: Washtenaw County,2006-06-01,Michigan,0,MI81081,breakdown offenses,normal return,normal return,normal return,normal return,not updated,breakdown offenses,breakdown offenses,breakdown offenses,0,0,0,0,0,1,1,0,0,0,0,0,0,19,0,1,4,0,14,7,6,0,1,9,1,1,0,0,37,0,5,6,17,23,0,0,1,1,0,0,0,0,0,0,3,0,1,1,0,1,1,1,0,0,2,0,0,0,0,7,0,2,3,3,6,0,0,0,0,0,0,0,0,0,0,0,0,0,0,0,0,0,0,0,0,2,0,0,0,0,2,0,0,0,2,2,0,0,0,0,0,0,0,0,0,0,0,0,0,0,0,0,0,0,0,0,0,0,0,0,0,0,0,0,0,0,0
Sp: Washtenaw County,2006-07-01,Michigan,0,MI81081,breakdown offenses,normal return,normal return,normal return,normal return,not updated,breakdown offenses,breakdown offenses,breakdown offenses,0,0,0,0,0,1,1,0,1,1,0,0,0,12,4,0,2,0,6,20,18,0,2,13,4,3,1,0,51,0,6,8,37,45,0,0,0,0,0,0,0,0,0,0,11,2,0,3,2,4,0,0,0,0,0,0,0,0,0,11,0,7,7,0,7,0,0,0,0,0,0,0,0,0,0,1,0,0,1,0,0,0,0,0,0,0,0,0,0,0,1,0,1,1,0,1,0,0,0,0,0,0,0,0,0,0,0,0,0,0,0,0,0,0,0,0,0,0,0,0,0,0,0,0,0,0,0
Sp: Washtenaw County,2006-08-01,Michigan,0,MI81081,breakdown offenses,normal return,normal return,normal return,normal return,not updated,breakdown offenses,breakdown offenses,breakdown offenses,0,0,0,1,0,1,1,0,1,1,0,0,0,11,0,0,1,0,10,5,5,0,0,16,1,1,0,0,36,0,1,4,22,26,1,0,0,0,0,1,1,0,0,0,7,0,0,1,0,6,1,1,0,0,0,0,0,0,0,10,0,1,3,1,4,0,0,0,0,0,0,0,0,0,0,1,0,0,0,0,1,0,0,0,0,0,0,0,0,0,1,0,0,0,0,0,0,0,0,0,0,0,0,0,0,0,0,0,0,0,0,0,0,0,0,0,0,0,0,0,0,0,0,0,0,0,0
Sp: Washtenaw County,2006-09-01,Michigan,0,MI81081,breakdown offenses,normal return,normal return,normal return,normal return,not updated,breakdown offenses,breakdown offenses,breakdown offenses,0,0,0,0,0,1,1,0,0,0,0,0,0,11,0,1,1,0,9,13,13,0,0,12,1,0,1,0,38,0,2,3,26,29,0,0,0,0,0,0,0,0,0,0,6,0,0,1,0,5,0,0,0,0,0,0,0,0,0,6,0,1,1,0,1,0,0,0,0,0,0,0,0,0,0,0,0,0,0,0,0,0,0,0,0,0,0,0,0,0,0,0,0,0,0,0,0,0,0,0,0,0,0,0,0,0,0,0,0,0,0,0,0,0,0,0,0,0,0,0,0,0,0,0,0,0,0
Sp: Washtenaw County,2006-10-01,Michigan,0,MI81081,breakdown offenses,normal return,normal return,normal return,normal return,not updated,breakdown offenses,breakdown offenses,breakdown offenses,0,0,0,0,0,0,0,0,0,0,0,0,0,13,0,0,1,1,11,11,10,0,1,12,4,4,0,0,40,0,2,2,27,29,0,0,0,0,0,0,0,0,0,0,2,0,0,1,0,1,1,1,0,0,1,0,0,0,0,4,0,1,1,2,3,0,0,0,0,0,0,0,0,0,0,0,0,0,0,0,0,0,0,0,0,1,0,0,0,0,1,0,0,0,1,1,0,0,0,0,0,0,0,0,0,0,0,0,0,0,0,0,0,0,0,0,0,0,0,0,0,0,0,0,0,0,0
Sp: Washtenaw County,2006-11-01,Michigan,0,MI81081,breakdown offenses,normal return,normal return,normal return,normal return,not updated,breakdown offenses,breakdown offenses,breakdown offenses,0,0,0,0,0,1,1,0,0,0,0,0,0,13,1,0,2,1,9,9,7,1,1,10,8,4,4,0,41,0,4,5,27,32,0,0,0,0,0,0,0,0,0,0,6,0,0,1,0,5,2,2,0,0,2,2,2,0,0,12,0,1,1,6,7,0,0,0,0,0,0,0,0,0,0,1,0,0,0,0,1,0,0,0,0,1,2,2,0,0,4,0,0,0,3,3,0,0,0,0,0,0,0,0,0,0,0,0,0,0,0,0,0,0,0,0,0,0,0,0,0,0,0,0,0,0,0
Sp: Washtenaw County,2006-12-01,Michigan,0,MI81081,breakdown offenses,normal return,normal return,normal return,normal return,not updated,breakdown offenses,breakdown offenses,breakdown offenses,0,0,0,0,0,0,0,0,0,0,0,0,0,5,0,0,0,0,5,11,11,0,0,24,0,0,0,0,40,0,0,0,35,35,0,0,0,0,0,0,0,0,0,0,5,0,0,0,0,5,0,0,0,0,1,0,0,0,0,6,0,0,0,1,1,0,0,0,0,0,0,0,0,0,0,1,0,0,0,0,1,0,0,0,0,0,0,0,0,0,1,0,0,0,0,0,0,0,0,0,0,0,0,0,0,0,0,0,0,0,0,0,0,0,0,0,0,0,0,0,0,0,0,0,0,0,0
Sp: Washtenaw County,2007-01-01,Michigan,0,MI81081,breakdown offenses,normal return,normal return,normal return,normal return,not updated,breakdown offenses,breakdown offenses,breakdown offenses,0,0,0,0,0,1,1,0,0,0,0,0,0,7,0,0,1,0,6,5,5,0,0,6,4,3,1,0,23,0,1,2,15,17,0,0,0,0,0,0,0,0,0,0,2,0,0,0,0,2,0,0,0,0,0,0,0,0,0,2,0,0,0,0,0,0,0,0,0,0,0,0,0,0,0,0,0,0,0,0,0,0,0,0,0,0,0,0,0,0,0,0,0,0,0,0,0,0,0,0,0,0,0,0,0,0,0,0,0,0,0,0,0,0,0,0,0,0,0,0,0,0,0,0,0,0,0
Sp: Washtenaw County,2007-02-01,Michigan,0,MI81081,breakdown offenses,normal return,normal return,normal return,normal return,not updated,breakdown offenses,breakdown offenses,breakdown offenses,0,0,0,0,0,0,0,0,1,1,0,0,0,11,2,0,0,0,9,6,5,0,1,4,3,3,0,0,25,0,2,3,13,16,0,0,0,0,0,1,1,0,0,0,3,0,0,0,0,3,0,0,0,0,0,2,2,0,0,6,0,0,1,2,3,0,0,0,0,0,0,0,0,0,0,0,0,0,0,0,0,0,0,0,0,0,0,0,0,0,0,0,0,0,0,0,0,0,0,0,0,0,0,0,0,0,0,0,0,0,0,0,0,0,0,0,0,0,0,0,0,0,0,0,0,0,0
Sp: Washtenaw County,2007-03-01,Michigan,0,MI81081,breakdown offenses,normal return,normal return,normal return,normal return,not updated,breakdown offenses,breakdown offenses,breakdown offenses,0,0,0,0,0,0,0,0,0,0,0,0,0,12,0,0,3,2,7,6,6,0,0,8,5,4,1,0,31,0,5,5,19,24,0,0,0,0,0,0,0,0,0,0,5,0,0,2,0,3,0,0,0,0,0,0,0,0,0,5,0,2,2,0,2,0,0,0,0,0,0,0,0,0,0,1,0,0,0,0,1,0,0,0,0,0,0,0,0,0,1,0,0,0,0,0,0,0,0,0,0,0,0,0,0,0,0,0,0,0,0,0,0,0,0,0,0,0,0,0,0,0,0,0,0,0,0
Sp: Washtenaw County,2007-04-01,Michigan,0,MI81081,breakdown offenses,normal return,normal return,normal return,normal return,not updated,breakdown offenses,breakdown offenses,breakdown offenses,0,0,0,0,0,1,1,0,0,0,0,0,0,13,1,0,2,1,9,13,12,1,0,8,0,0,0,0,35,0,4,5,21,26,0,0,0,0,0,0,0,0,0,0,3,0,0,0,1,2,0,0,0,0,0,0,0,0,0,3,0,1,1,0,1,0,0,0,0,0,0,0,0,0,0,0,0,0,0,0,0,0,0,0,0,0,0,0,0,0,0,0,0,0,0,0,0,0,0,0,0,0,0,0,0,0,0,0,0,0,0,0,0,0,0,0,0,0,0,0,0,0,0,0,0,0,0
Sp: Washtenaw County,2007-05-01,Michigan,0,MI81081,breakdown offenses,normal return,normal return,normal return,normal return,not updated,breakdown offenses,breakdown offenses,breakdown offenses,0,0,0,0,0,1,1,0,0,0,0,0,0,9,1,0,1,0,7,8,5,1,2,17,3,2,1,0,38,0,2,3,28,31,0,0,0,0,0,0,0,0,0,0,7,0,0,1,0,6,0,0,0,0,1,0,0,0,0,8,0,1,1,1,2,0,0,0,0,0,0,0,0,0,0,0,0,0,0,0,0,0,0,0,0,0,0,0,0,0,0,0,0,0,0,0,0,0,0,0,0,0,0,0,0,0,0,0,0,0,0,0,0,0,0,0,0,0,0,0,0,0,0,0,0,0,0
Sp: Washtenaw County,2007-06-01,Michigan,0,MI81081,breakdown offenses,normal return,normal return,normal return,normal return,not updated,breakdown offenses,breakdown offenses,breakdown offenses,0,0,0,0,0,1,1,0,0,0,0,0,0,12,7,0,0,2,3,16,16,0,0,11,7,7,0,0,47,0,9,10,34,44,0,0,0,0,0,0,0,0,0,0,1,1,0,0,0,0,0,0,0,0,1,2,2,0,0,4,0,1,1,3,4,0,0,0,0,0,0,0,0,0,0,0,0,0,0,0,0,0,0,0,0,1,1,1,0,0,2,0,0,0,2,2,0,0,0,0,0,0,0,0,0,0,0,0,0,0,0,0,0,0,0,0,0,0,0,0,0,0,0,0,0,0,0
Sp: Washtenaw County,2007-07-01,Michigan,0,MI81081,breakdown offenses,normal return,normal return,normal return,normal return,not updated,breakdown offenses,breakdown offenses,breakdown offenses,0,0,0,0,0,2,2,0,0,0,0,0,0,14,0,0,4,0,10,10,10,0,0,29,5,4,0,1,60,0,4,6,44,50,0,0,0,0,0,0,0,0,0,0,11,4,0,4,0,3,0,0,0,0,2,0,0,0,0,13,0,8,8,2,10,0,0,0,0,0,0,0,0,0,0,0,0,0,0,0,0,0,0,0,0,0,0,0,0,0,0,0,0,0,0,0,0,0,0,0,0,0,0,0,0,0,0,0,0,0,0,0,0,0,0,0,0,0,0,0,0,0,0,0,0,0,0
Sp: Washtenaw County,2007-08-01,Michigan,0,MI81081,breakdown offenses,normal return,normal return,normal return,normal return,not updated,breakdown offenses,breakdown offenses,breakdown offenses,0,0,0,0,0,2,2,0,0,0,0,0,0,12,1,0,2,0,9,4,4,0,0,9,2,2,0,0,29,0,3,5,15,20,0,0,0,0,0,0,0,0,0,0,4,1,0,0,0,3,1,0,1,0,3,0,0,0,0,8,0,1,1,4,5,0,0,0,0,0,0,0,0,0,0,1,0,0,0,0,1,1,0,1,0,0,0,0,0,0,2,0,0,0,1,1,0,0,0,0,0,0,0,0,0,0,0,0,0,0,0,0,0,0,0,0,0,0,0,0,0,0,0,0,0,0,0
Sp: Washtenaw County,2007-09-01,Michigan,0,MI81081,breakdown offenses,normal return,normal return,normal return,normal return,not updated,breakdown offenses,breakdown offenses,breakdown offenses,0,0,0,0,0,1,1,0,0,0,0,0,0,10,0,0,1,1,8,7,7,0,0,9,0,0,0,0,27,0,2,3,16,19,0,0,0,0,0,0,0,0,0,0,2,0,0,1,0,1,3,3,0,0,5,0,0,0,0,10,0,1,1,8,9,0,0,0,0,0,0,0,0,0,0,1,0,0,0,0,1,3,3,0,0,2,0,0,0,0,6,0,0,0,5,5,0,0,0,0,0,0,0,0,0,0,0,0,0,0,0,0,0,0,0,0,0,0,0,0,0,0,0,0,0,0,0
Sp: Washtenaw County,2007-10-01,Michigan,0,MI81081,breakdown offenses,normal return,normal return,normal return,normal return,not updated,breakdown offenses,breakdown offenses,breakdown offenses,0,0,0,0,0,0,0,0,0,0,0,0,0,13,3,0,0,0,10,8,7,1,0,12,2,2,0,0,35,0,3,3,22,25,0,0,1,1,0,0,0,0,0,0,6,0,0,0,0,6,0,0,0,0,1,1,1,0,0,9,0,0,1,2,3,0,0,0,0,0,0,0,0,0,0,1,0,0,0,0,1,0,0,0,0,0,0,0,0,0,1,0,0,0,0,0,0,0,0,0,0,0,0,0,0,0,0,0,0,0,0,0,0,0,0,0,0,0,0,0,0,0,0,0,0,0,0
Sp: Washtenaw County,2007-11-01,Michigan,0,MI81081,breakdown offenses,normal return,normal return,normal return,normal return,not updated,breakdown offenses,breakdown offenses,breakdown offenses,0,0,0,0,0,0,0,0,0,0,0,0,0,11,1,0,0,1,9,11,10,1,0,10,0,0,0,0,32,0,2,2,21,23,0,0,1,1,0,0,0,0,0,0,7,1,0,0,1,5,5,5,0,0,1,0,0,0,0,14,0,2,3,6,9,0,0,1,1,0,0,0,0,0,0,0,0,0,0,0,0,1,1,0,0,0,0,0,0,0,2,0,0,1,1,2,0,0,0,0,0,0,0,0,0,0,0,0,0,0,0,0,0,0,0,0,0,0,0,0,0,0,0,0,0,0,0
Sp: Washtenaw County,2007-12-01,Michigan,0,MI81081,breakdown offenses,normal return,normal return,normal return,normal return,not updated,breakdown offenses,breakdown offenses,breakdown offenses,0,0,0,0,0,2,2,0,0,0,0,0,0,12,0,0,1,1,10,5,4,0,1,13,0,0,0,0,32,0,2,4,18,22,0,0,0,0,0,0,0,0,0,0,2,0,0,0,0,2,2,2,0,0,2,0,0,0,0,6,0,0,0,4,4,0,0,0,0,0,0,0,0,0,0,0,0,0,0,0,0,1,1,0,0,1,0,0,0,0,2,0,0,0,2,2,0,0,0,0,0,0,0,0,0,0,0,0,0,0,0,0,0,0,0,0,0,0,0,0,0,0,0,0,0,0,0
Sp: Washtenaw County,2008-01-01,Michigan,0,MI81081,breakdown offenses,normal return,normal return,normal return,normal return,not updated,breakdown offenses,breakdown offenses,breakdown offenses,0,0,0,0,1,2,2,0,0,0,0,0,0,14,0,0,0,1,13,11,10,0,1,10,2,2,0,0,40,0,1,3,23,26,0,0,0,0,0,0,0,0,0,0,7,0,0,0,1,6,2,2,0,0,4,1,1,0,0,14,0,1,1,7,8,0,0,0,0,0,0,0,0,0,0,0,0,0,0,0,0,0,0,0,0,0,0,0,0,0,0,0,0,0,0,0,0,0,0,0,0,0,0,0,0,0,0,0,0,0,0,0,0,0,0,0,0,0,0,0,0,0,0,0,0,0,0
Sp: Washtenaw County,2008-02-01,Michigan,0,MI81081,breakdown offenses,normal return,normal return,normal return,normal return,not updated,breakdown offenses,breakdown offenses,breakdown offenses,0,0,0,0,0,1,1,0,0,0,0,0,0,10,0,0,0,0,10,3,3,0,0,4,1,1,0,0,19,0,0,1,8,9,0,0,0,0,0,0,0,0,0,0,9,0,0,2,2,5,3,3,0,0,11,2,2,0,0,25,0,4,4,16,20,0,0,0,0,0,0,0,0,0,0,0,0,0,0,0,0,0,0,0,0,0,0,0,0,0,0,0,0,0,0,0,0,0,0,0,0,0,0,0,0,0,0,0,0,0,0,0,0,0,0,0,0,0,0,0,0,0,0,0,0,0,0
Sp: Washtenaw County,2008-03-01,Michigan,0,MI81081,breakdown offenses,normal return,normal return,normal return,normal return,not updated,breakdown offenses,breakdown offenses,breakdown offenses,0,0,0,0,0,0,0,0,0,0,0,0,0,15,0,2,1,2,10,6,6,0,0,8,1,0,0,1,30,0,5,5,15,20,0,0,0,0,0,0,0,0,0,0,8,0,0,0,0,8,2,2,0,0,3,0,0,0,0,13,0,0,0,5,5,0,0,0,0,0,0,0,0,0,0,0,0,0,0,0,0,1,1,0,0,0,0,0,0,0,1,0,0,0,1,1,0,0,0,0,0,0,0,0,0,0,0,0,0,0,0,0,0,0,0,0,0,0,0,0,0,0,0,0,0,0,0
Sp: Washtenaw County,2008-04-01,Michigan,0,MI81081,breakdown offenses,normal return,normal return,normal return,normal return,not updated,breakdown offenses,breakdown offenses,breakdown offenses,0,0,0,0,0,0,0,0,0,0,0,0,0,16,1,0,2,0,13,6,6,0,0,10,1,0,0,1,33,0,3,3,17,20,0,0,2,2,0,0,0,0,0,0,13,1,0,1,1,10,1,1,0,0,1,0,0,0,0,17,0,3,5,2,7,0,0,1,1,0,0,0,0,0,0,0,0,0,0,0,0,0,0,0,0,0,0,0,0,0,1,0,0,1,0,1,0,0,0,0,0,0,0,0,0,0,0,0,0,0,0,0,0,0,0,0,0,0,0,0,0,0,0,0,0,0,0
Sp: Washtenaw County,2008-05-01,Michigan,0,MI81081,breakdown offenses,normal return,normal return,normal return,normal return,not updated,breakdown offenses,breakdown offenses,breakdown offenses,0,0,0,1,0,1,1,0,1,0,0,0,1,7,0,0,1,1,5,7,7,0,0,12,0,0,0,0,29,0,2,5,19,24,0,0,1,1,0,0,0,0,0,0,7,0,1,0,0,6,0,0,0,0,4,0,0,0,0,12,0,1,2,4,6,0,0,0,0,0,0,0,0,0,0,0,0,0,0,0,0,0,0,0,0,0,0,0,0,0,0,0,0,0,0,0,0,0,0,0,0,0,0,0,0,0,0,0,0,0,0,0,0,0,0,0,0,0,0,0,0,0,0,0,0,0,0
Sp: Washtenaw County,2008-06-01,Michigan,0,MI81081,breakdown offenses,normal return,normal return,normal return,normal return,not updated,breakdown offenses,breakdown offenses,breakdown offenses,0,0,0,0,0,0,0,0,0,0,0,0,0,19,0,1,1,2,15,11,11,0,0,11,2,2,0,0,43,0,4,4,24,28,0,0,0,0,0,0,0,0,0,0,15,0,0,0,2,13,2,2,0,0,1,1,1,0,0,19,0,2,2,4,6,0,0,0,0,0,0,0,0,0,0,2,0,0,0,0,2,0,0,0,0,0,0,0,0,0,2,0,0,0,0,0,0,0,0,0,0,0,0,0,0,0,0,0,0,0,0,0,0,0,0,0,0,0,0,0,0,0,0,0,0,0,0
Sp: Washtenaw County,2008-07-01,Michigan,0,MI81081,breakdown offenses,normal return,normal return,normal return,normal return,not updated,breakdown offenses,breakdown offenses,breakdown offenses,0,0,0,0,1,2,2,0,1,0,0,0,1,20,2,1,0,3,14,6,5,0,1,13,1,0,1,0,44,0,6,9,20,29,0,0,0,0,0,0,0,0,0,0,6,2,1,0,0,3,1,1,0,0,3,0,0,0,0,10,0,3,3,4,7,0,0,0,0,0,0,0,0,0,0,1,0,0,0,0,1,0,0,0,0,1,0,0,0,0,2,0,0,0,1,1,0,0,0,0,0,0,0,0,0,0,0,0,0,0,0,0,0,0,0,0,0,0,0,0,0,0,0,0,0,0,0
Sp: Washtenaw County,2008-08-01,Michigan,0,MI81081,breakdown offenses,normal return,normal return,normal return,normal return,not updated,breakdown offenses,breakdown offenses,breakdown offenses,0,0,0,0,0,0,0,0,1,0,0,0,1,26,0,1,3,0,22,15,11,2,2,5,0,0,0,0,47,0,4,5,20,25,0,0,1,1,0,0,0,0,0,0,8,0,1,0,0,7,3,2,0,1,1,1,1,0,0,14,0,1,2,5,7,0,0,0,0,0,0,0,0,0,0,1,0,0,0,0,1,0,0,0,0,0,0,0,0,0,1,0,0,0,0,0,0,0,0,0,0,0,0,0,0,0,0,0,0,0,0,0,0,0,0,0,0,0,0,0,0,0,0,0,0,0,0
Sp: Washtenaw County,2008-09-01,Michigan,0,MI81081,breakdown offenses,normal return,normal return,normal return,normal return,not updated,breakdown offenses,breakdown offenses,breakdown offenses,0,0,0,0,0,0,0,0,0,0,0,0,0,13,0,2,0,6,5,15,13,1,1,8,2,1,1,0,38,0,8,8,25,33,0,0,0,0,0,0,0,0,0,0,17,0,0,0,4,13,2,1,1,0,1,1,1,0,0,21,0,4,4,4,8,0,0,0,0,0,0,0,0,0,0,1,0,0,0,0,1,0,0,0,0,1,0,0,0,0,2,0,0,0,1,1,0,0,0,0,0,0,0,0,0,0,0,0,0,0,0,0,0,0,0,0,0,0,0,0,0,0,0,0,0,0,0
Sp: Washtenaw County,2008-10-01,Michigan,0,MI81081,breakdown offenses,normal return,normal return,normal return,normal return,not updated,breakdown offenses,breakdown offenses,breakdown offenses,0,0,0,0,0,0,0,0,0,0,0,0,0,11,0,0,0,0,11,17,14,1,2,4,1,0,1,0,33,0,0,0,22,22,0,0,0,0,0,1,0,0,0,1,8,0,1,0,0,7,6,5,1,0,3,1,1,0,0,19,0,1,2,10,12,0,0,0,0,0,0,0,0,0,0,2,0,0,0,0,2,0,0,0,0,0,0,0,0,0,2,0,0,0,0,0,0,0,0,0,0,0,0,0,0,0,0,0,0,0,0,0,0,0,0,0,0,0,0,0,0,0,0,0,0,0,0
Sp: Washtenaw County,2008-11-01,Michigan,0,MI81081,breakdown offenses,normal return,normal return,normal return,normal return,not updated,breakdown offenses,breakdown offenses,breakdown offenses,0,0,0,0,0,1,1,0,1,1,0,0,0,14,0,0,4,4,6,8,7,1,0,7,4,4,0,0,35,0,8,10,19,29,0,0,0,0,0,2,1,0,0,1,18,0,0,3,0,15,1,1,0,0,1,0,0,0,0,22,0,3,5,2,7,0,0,0,0,0,1,0,0,0,1,2,0,0,0,0,2,0,0,0,0,0,0,0,0,0,3,0,0,1,0,1,0,0,0,0,0,0,0,0,0,0,0,0,0,0,0,0,0,0,0,0,0,0,0,0,0,0,0,0,0,0,0
Sp: Washtenaw County,2008-12-01,Michigan,0,MI81081,breakdown offenses,normal return,normal return,normal return,normal return,not updated,breakdown offenses,breakdown offenses,breakdown offenses,0,0,0,0,0,0,0,0,0,0,0,0,0,14,0,0,1,2,11,4,4,0,0,10,0,0,0,0,28,0,3,3,14,17,0,0,0,0,0,0,0,0,0,0,11,0,0,0,1,10,0,0,0,0,1,0,0,0,0,12,0,1,1,1,2,0,0,0,0,0,0,0,0,0,0,1,0,0,0,0,1,0,0,0,0,0,0,0,0,0,1,0,0,0,0,0,0,0,0,0,0,0,0,0,0,0,0,0,0,0,0,0,0,0,0,0,0,0,0,0,0,0,0,0,0,0,0
Sp: Washtenaw County,2009-01-01,Michigan,0,MI81081,breakdown offenses,normal return,normal return,normal return,normal return,not updated,breakdown offenses,breakdown offenses,breakdown offenses,0,0,0,0,0,1,1,0,0,0,0,0,0,15,2,0,0,0,13,2,2,0,0,6,0,0,0,0,24,0,2,3,8,11,0,0,1,1,0,1,0,0,0,1,13,0,0,0,0,13,2,2,0,0,1,0,0,0,0,18,0,0,2,3,5,0,0,0,0,0,0,0,0,0,0,3,0,0,0,0,3,0,0,0,0,0,0,0,0,0,3,0,0,0,0,0,0,0,0,0,0,0,0,0,0,0,0,0,0,0,0,0,0,0,0,0,0,0,0,0,0,0,0,0,0,0,0
Sp: Washtenaw County,2009-02-01,Michigan,0,MI81081,breakdown offenses,normal return,normal return,normal return,normal return,not updated,breakdown offenses,breakdown offenses,breakdown offenses,0,0,0,0,0,2,2,0,0,0,0,0,0,15,3,0,1,3,8,8,7,1,0,7,2,1,1,0,34,0,7,9,17,26,0,0,1,1,0,0,0,0,0,0,12,0,0,2,4,6,2,2,0,0,1,2,2,0,0,18,0,6,7,5,12,0,0,1,1,0,0,0,0,0,0,1,0,0,0,0,1,0,0,0,0,0,0,0,0,0,2,0,0,1,0,1,0,0,0,0,0,0,0,0,0,0,0,0,0,0,0,0,0,0,0,0,0,0,0,0,0,0,0,0,0,0,0
Sp: Washtenaw County,2009-03-01,Michigan,0,MI81081,breakdown offenses,normal return,normal return,normal return,normal return,not updated,breakdown offenses,breakdown offenses,breakdown offenses,0,0,0,0,0,1,0,1,0,0,0,0,0,17,0,0,2,1,14,6,4,1,1,3,0,0,0,0,27,0,3,4,9,13,0,0,0,0,0,0,0,0,0,0,21,0,0,0,5,16,2,2,0,0,2,0,0,0,0,25,0,5,5,4,9,0,0,0,0,0,0,0,0,0,0,1,0,0,0,0,1,0,0,0,0,1,0,0,0,0,2,0,0,0,1,1,0,0,0,0,0,0,0,0,0,0,0,0,0,0,0,0,0,0,0,0,0,0,0,0,0,0,0,0,0,0,0
Sp: Washtenaw County,2009-04-01,Michigan,0,MI81081,breakdown offenses,normal return,normal return,normal return,normal return,not updated,breakdown offenses,breakdown offenses,breakdown offenses,0,0,0,0,0,2,2,0,0,0,0,0,0,16,0,0,2,2,12,5,5,0,0,7,2,1,0,1,32,0,4,6,14,20,0,0,0,0,0,0,0,0,0,0,7,0,0,0,3,4,2,2,0,0,0,0,0,0,0,9,0,3,3,2,5,0,0,0,0,0,0,0,0,0,0,0,0,0,0,0,0,0,0,0,0,0,0,0,0,0,0,0,0,0,0,0,0,0,0,0,0,0,0,0,0,0,0,0,0,0,0,0,0,0,0,0,0,0,0,0,0,0,0,0,0,0,0
Sp: Washtenaw County,2009-05-01,Michigan,0,MI81081,breakdown offenses,normal return,normal return,normal return,normal return,not updated,breakdown offenses,breakdown offenses,breakdown offenses,0,0,0,0,0,1,1,0,0,0,0,0,0,12,1,0,1,2,8,7,7,0,0,5,3,2,1,0,28,0,4,5,15,20,0,1,3,3,0,0,0,0,0,0,13,0,0,3,3,7,2,2,0,0,0,0,0,0,0,19,0,6,9,2,11,0,0,0,0,0,0,0,0,0,0,1,0,0,0,0,1,0,0,0,0,0,0,0,0,0,1,0,0,0,0,0,0,0,0,0,0,0,0,0,0,0,0,0,0,0,0,0,0,0,0,0,0,0,0,0,0,0,0,0,0,0,0
Sp: Washtenaw County,2009-06-01,Michigan,0,MI81081,breakdown offenses,normal return,normal return,normal return,normal return,not updated,breakdown offenses,breakdown offenses,breakdown offenses,0,0,0,2,0,2,2,0,0,0,0,0,0,17,1,0,0,0,16,4,4,0,0,9,3,1,1,1,37,0,1,5,16,21,1,0,1,1,0,0,0,0,0,0,22,5,0,1,0,16,2,1,1,0,5,1,1,0,0,32,0,6,8,8,16,0,0,1,1,0,0,0,0,0,0,1,0,0,0,0,1,0,0,0,0,0,0,0,0,0,2,0,0,1,0,1,0,0,0,0,0,0,0,0,0,0,0,0,0,0,0,0,0,0,0,0,0,0,0,0,0,0,0,0,0,0,0
Sp: Washtenaw County,2009-07-01,Michigan,0,MI81081,breakdown offenses,normal return,normal return,normal return,normal return,not updated,breakdown offenses,breakdown offenses,breakdown offenses,0,0,0,0,0,3,3,0,0,0,0,0,0,10,1,0,2,0,7,12,11,0,1,14,1,1,0,0,40,0,3,6,27,33,0,0,2,2,0,0,0,0,0,0,10,0,0,0,0,10,0,0,0,0,9,1,1,0,0,22,0,0,2,10,12,0,0,0,0,0,0,0,0,0,0,0,0,0,0,0,0,0,0,0,0,0,0,0,0,0,0,0,0,0,0,0,0,0,0,0,0,0,0,0,0,0,0,0,0,0,0,0,0,0,0,0,0,0,0,0,0,0,0,0,0,0,0
Sp: Washtenaw County,2009-08-01,Michigan,0,MI81081,breakdown offenses,normal return,normal return,normal return,normal return,not updated,breakdown offenses,breakdown offenses,breakdown offenses,0,0,0,0,0,3,3,0,0,0,0,0,0,11,0,0,2,1,8,8,6,2,0,12,1,1,0,0,35,0,3,6,21,27,0,0,2,2,0,0,0,0,0,0,16,1,0,1,3,11,1,1,0,0,0,0,0,0,0,19,0,5,7,1,8,0,0,0,0,0,0,0,0,0,0,2,0,0,0,0,2,0,0,0,0,0,0,0,0,0,2,0,0,0,0,0,0,0,0,0,0,0,0,0,0,0,0,0,0,0,0,0,0,0,0,0,0,0,0,0,0,0,0,0,0,0,0
Sp: Washtenaw County,2009-09-01,Michigan,0,MI81081,breakdown offenses,normal return,normal return,normal return,normal return,not updated,breakdown offenses,breakdown offenses,breakdown offenses,0,0,0,0,0,1,1,0,0,0,0,0,0,21,3,0,2,0,16,6,6,0,0,6,1,0,0,1,35,0,5,6,13,19,0,0,0,0,0,0,0,0,0,0,11,2,0,1,1,7,1,1,0,0,0,0,0,0,0,12,0,4,4,1,5,0,0,0,0,0,0,0,0,0,0,0,0,0,0,0,0,0,0,0,0,0,0,0,0,0,0,0,0,0,0,0,0,0,0,0,0,0,0,0,0,0,0,0,0,0,0,0,0,0,0,0,0,0,0,0,0,0,0,0,0,0,0
Sp: Washtenaw County,2009-10-01,Michigan,0,MI81081,breakdown offenses,normal return,normal return,normal return,normal return,not updated,breakdown offenses,breakdown offenses,breakdown offenses,0,0,0,0,0,0,0,0,0,0,0,0,0,15,1,0,1,0,13,6,5,0,1,10,1,1,0,0,32,0,2,2,17,19,0,0,1,1,0,0,0,0,0,0,11,2,0,1,0,8,2,2,0,0,1,1,1,0,0,16,0,3,4,4,8,0,0,0,0,0,0,0,0,0,0,2,0,0,0,0,2,0,0,0,0,0,1,1,0,0,3,0,0,0,1,1,0,0,0,0,0,0,0,0,0,0,0,0,0,0,0,0,0,0,0,0,0,0,0,0,0,0,0,0,0,0,0
Sp: Washtenaw County,2009-11-01,Michigan,0,MI81081,breakdown offenses,normal return,normal return,normal return,normal return,not updated,breakdown offenses,breakdown offenses,breakdown offenses,0,0,0,0,0,1,1,0,0,0,0,0,0,13,2,0,1,1,9,12,9,1,2,7,0,0,0,0,33,0,4,5,19,24,0,0,1,1,0,0,0,0,0,0,20,0,0,0,0,20,2,2,0,0,1,0,0,0,0,24,0,0,1,3,4,0,0,0,0,0,0,0,0,0,0,0,0,0,0,0,0,0,0,0,0,0,0,0,0,0,0,0,0,0,0,0,0,0,0,0,0,0,0,0,0,0,0,0,0,0,0,0,0,0,0,0,0,0,0,0,0,0,0,0,0,0,0
Sp: Washtenaw County,2009-12-01,Michigan,0,MI81081,breakdown offenses,normal return,normal return,normal return,normal return,not updated,breakdown offenses,breakdown offenses,breakdown offenses,0,0,0,0,0,0,0,0,0,0,0,0,0,9,0,0,1,0,8,7,7,0,0,5,2,2,0,0,23,0,1,1,14,15,0,0,1,1,0,0,0,0,0,0,11,0,0,0,0,11,1,1,0,0,2,0,0,0,0,15,0,0,1,3,4,0,0,0,0,0,0,0,0,0,0,1,0,0,0,0,1,1,1,0,0,0,0,0,0,0,2,0,0,0,1,1,0,0,0,0,0,0,0,0,0,0,0,0,0,0,0,0,0,0,0,0,0,0,0,0,0,0,0,0,0,0,0
Sp: Washtenaw County,2010-01-01,Michigan,0,MI81081,breakdown offenses,normal return,normal return,normal return,normal return,not updated,breakdown offenses,breakdown offenses,breakdown offenses,0,0,0,0,0,1,1,0,0,0,0,0,0,14,0,2,1,0,11,15,14,0,1,6,2,1,0,1,38,0,3,4,23,27,0,0,2,2,0,0,0,0,0,0,13,0,2,0,1,10,3,2,1,0,2,1,1,0,0,21,0,3,5,6,11,0,0,0,0,0,0,0,0,0,0,1,0,0,0,0,1,0,0,0,0,0,0,0,0,0,1,0,0,0,0,0,0,0,0,0,0,0,0,0,0,0,0,0,0,0,0,0,0,0,0,0,0,0,0,0,0,0,0,0,0,0,0
Sp: Washtenaw County,2010-02-01,Michigan,0,MI81081,breakdown offenses,normal return,normal return,normal return,normal return,not updated,breakdown offenses,breakdown offenses,breakdown offenses,0,0,0,0,0,2,2,0,0,0,0,0,0,11,0,0,0,0,11,9,9,0,0,4,2,2,0,0,28,0,0,2,15,17,0,0,1,1,0,0,0,0,0,0,15,0,0,4,0,11,1,1,0,0,2,0,0,0,0,19,0,4,5,3,8,0,0,0,0,0,0,0,0,0,0,5,0,0,0,0,5,0,0,0,0,0,0,0,0,0,5,0,0,0,0,0,0,0,0,0,0,0,0,0,0,0,0,0,0,0,0,0,0,0,0,0,0,0,0,0,0,0,0,0,0,0,0
Sp: Washtenaw County,2010-03-01,Michigan,0,MI81081,breakdown offenses,normal return,normal return,normal return,normal return,not updated,breakdown offenses,breakdown offenses,breakdown offenses,0,0,0,1,0,0,0,0,0,0,0,0,0,18,1,0,1,0,16,8,7,1,0,15,1,0,1,0,43,0,2,3,24,27,0,0,1,1,0,0,0,0,0,0,11,0,0,2,0,9,2,2,0,0,0,0,0,0,0,14,0,2,3,2,5,0,0,0,0,0,0,0,0,0,0,1,0,0,0,0,1,0,0,0,0,0,0,0,0,0,1,0,0,0,0,0,0,0,0,0,0,0,0,0,0,0,0,0,0,0,0,0,0,0,0,0,0,0,0,0,0,0,0,0,0,0,0
Sp: Washtenaw County,2010-04-01,Michigan,0,MI81081,breakdown offenses,normal return,normal return,normal return,normal return,not updated,breakdown offenses,breakdown offenses,breakdown offenses,0,0,0,0,0,0,0,0,0,0,0,0,0,8,0,0,0,1,7,6,6,0,0,16,4,3,1,0,34,0,1,1,26,27,0,0,0,0,0,0,0,0,0,0,12,2,0,1,0,9,1,1,0,0,3,0,0,0,0,16,0,3,3,4,7,0,0,0,0,0,0,0,0,0,0,1,0,0,0,0,1,0,0,0,0,1,0,0,0,0,2,0,0,0,1,1,0,0,0,0,0,0,0,0,0,0,0,0,0,0,0,0,0,0,0,0,0,0,0,0,0,0,0,0,0,0,0
Sp: Washtenaw County,2010-05-01,Michigan,0,MI81081,breakdown offenses,normal return,normal return,normal return,normal return,not updated,breakdown offenses,breakdown offenses,breakdown offenses,0,0,0,0,0,0,0,0,1,1,0,0,0,22,0,0,0,1,21,12,12,0,0,11,1,1,0,0,47,0,1,2,24,26,1,0,0,0,0,0,0,0,0,0,14,0,0,1,2,11,11,10,1,0,11,2,2,0,0,39,0,3,4,24,28,0,0,0,0,0,0,0,0,0,0,0,0,0,0,0,0,0,0,0,0,0,0,0,0,0,0,0,0,0,0,0,0,0,0,0,0,0,0,0,0,0,0,0,0,0,0,0,0,0,0,0,0,0,0,0,0,0,0,0,0,0,0
Sp: Washtenaw County,2010-06-01,Michigan,0,MI81081,breakdown offenses,normal return,normal return,normal return,normal return,not updated,breakdown offenses,breakdown offenses,breakdown offenses,0,0,0,0,0,1,1,0,0,0,0,0,0,23,0,0,0,2,21,6,6,0,0,10,4,2,1,1,44,0,2,3,20,23,0,0,1,1,0,0,0,0,0,0,17,0,0,0,1,16,2,2,0,0,2,1,1,0,0,23,0,1,2,5,7,0,0,0,0,0,0,0,0,0,0,1,0,0,0,0,1,0,0,0,0,0,0,0,0,0,1,0,0,0,0,0,0,0,0,0,0,0,0,0,0,0,0,0,0,0,0,0,0,0,0,0,0,0,0,0,0,0,0,0,0,0,0
Sp: Washtenaw County,2010-07-01,Michigan,0,MI81081,breakdown offenses,normal return,normal return,normal return,normal return,not updated,breakdown offenses,breakdown offenses,breakdown offenses,0,0,0,0,0,0,0,0,1,1,0,0,0,27,0,1,1,2,23,11,10,0,1,19,1,1,0,0,59,0,4,5,31,36,0,0,0,0,0,0,0,0,0,0,19,0,1,1,0,17,2,2,0,0,2,0,0,0,0,23,0,2,2,4,6,0,0,0,0,0,0,0,0,0,0,2,0,1,0,0,1,1,1,0,0,2,0,0,0,0,5,0,1,1,3,4,0,0,0,0,0,0,0,0,0,0,0,0,0,0,0,0,0,0,0,0,0,0,0,0,0,0,0,0,0,0,0
Sp: Washtenaw County,2010-08-01,Michigan,0,MI81081,breakdown offenses,normal return,normal return,normal return,normal return,not updated,breakdown offenses,breakdown offenses,breakdown offenses,0,0,0,0,0,1,1,0,0,0,0,0,0,13,1,0,0,1,11,15,15,0,0,12,1,0,0,1,42,0,2,3,28,31,0,0,1,1,0,0,0,0,0,0,13,1,0,0,1,11,2,2,0,0,0,2,2,0,0,18,0,2,3,4,7,0,0,0,0,0,0,0,0,0,0,1,1,0,0,0,0,0,0,0,0,0,0,0,0,0,1,0,1,1,0,1,0,0,0,0,0,0,0,0,0,0,0,0,0,0,0,0,0,0,0,0,0,0,0,0,0,0,0,0,0,0,0
Sp: Washtenaw County,2010-09-01,Michigan,0,MI81081,breakdown offenses,normal return,normal return,normal return,normal return,not updated,breakdown offenses,breakdown offenses,breakdown offenses,0,0,0,0,0,0,0,0,0,0,0,0,0,17,5,0,2,2,8,18,17,1,0,4,1,1,0,0,40,0,9,9,23,32,0,0,0,0,0,0,0,0,0,0,14,5,0,0,1,8,0,0,0,0,1,0,0,0,0,15,0,6,6,1,7,0,0,0,0,0,0,0,0,0,0,2,0,0,0,0,2,0,0,0,0,0,0,0,0,0,2,0,0,0,0,0,0,0,0,0,0,0,0,0,0,0,0,0,0,0,0,0,0,0,0,0,0,0,0,0,0,0,0,0,0,0,0
Sp: Washtenaw County,2010-10-01,Michigan,0,MI81081,breakdown offenses,normal return,normal return,normal return,normal return,not updated,breakdown offenses,breakdown offenses,breakdown offenses,0,0,0,0,0,2,2,0,0,0,0,0,0,20,3,0,1,2,14,23,23,0,0,10,2,2,0,0,57,0,6,8,35,43,0,0,1,1,0,0,0,0,0,0,14,1,0,1,2,10,1,1,0,0,0,1,1,0,0,17,0,4,5,2,7,0,0,0,0,0,0,0,0,0,0,0,0,0,0,0,0,1,1,0,0,0,0,0,0,0,1,0,0,0,1,1,0,0,0,0,0,0,0,0,0,0,0,0,0,0,0,0,0,0,0,0,0,0,0,0,0,0,0,0,0,0,0
Sp: Washtenaw County,2010-11-01,Michigan,0,MI81081,breakdown offenses,normal return,normal return,normal return,normal return,not updated,breakdown offenses,breakdown offenses,breakdown offenses,0,0,0,0,0,0,0,0,0,0,0,0,0,13,0,1,4,1,7,9,8,1,0,6,2,2,0,0,30,0,6,6,17,23,0,0,1,1,0,0,0,0,0,0,7,0,0,0,1,6,4,3,0,1,3,0,0,0,0,15,0,1,2,7,9,0,0,0,0,0,0,0,0,0,0,1,0,0,0,0,1,0,0,0,0,0,0,0,0,0,1,0,0,0,0,0,0,0,0,0,0,0,0,0,0,0,0,0,0,0,0,0,0,0,0,0,0,0,0,0,0,0,0,0,0,0,0
Sp: Washtenaw County,2010-12-01,Michigan,0,MI81081,breakdown offenses,normal return,normal return,normal return,normal return,not updated,breakdown offenses,breakdown offenses,breakdown offenses,0,0,0,0,0,0,0,0,0,0,0,0,0,11,0,0,4,0,7,7,7,0,0,2,1,1,0,0,21,0,4,4,10,14,1,0,0,0,0,0,0,0,0,0,9,0,0,4,0,5,2,2,0,0,3,1,1,0,0,16,0,4,5,6,11,0,0,0,0,0,0,0,0,0,0,0,0,0,0,0,0,0,0,0,0,2,0,0,0,0,2,0,0,0,2,2,0,0,0,0,0,0,0,0,0,0,0,0,0,0,0,0,0,0,0,0,0,0,0,0,0,0,0,0,0,0,0
Sp: Washtenaw County,2011-01-01,Michigan,0,MI81081,breakdown offenses,normal return,normal return,normal return,normal return,not updated,breakdown offenses,breakdown offenses,breakdown offenses,0,0,0,0,0,4,4,0,0,0,0,0,0,7,2,0,0,0,5,6,4,1,1,6,2,1,0,1,25,0,2,6,14,20,0,0,3,3,0,0,0,0,0,0,8,0,0,0,0,8,2,2,0,0,0,0,0,0,0,13,0,0,3,2,5,0,0,0,0,0,0,0,0,0,0,0,0,0,0,0,0,0,0,0,0,0,0,0,0,0,0,0,0,0,0,0,0,0,0,0,0,0,0,0,0,0,0,0,0,0,0,0,0,0,0,0,0,0,0,0,0,0,0,0,0,0,0
Sp: Washtenaw County,2011-02-01,Michigan,0,MI81081,breakdown offenses,normal return,normal return,normal return,normal return,not updated,breakdown offenses,breakdown offenses,breakdown offenses,0,0,0,0,0,0,0,0,0,0,0,0,0,12,1,0,2,0,9,6,6,0,0,1,1,0,0,1,20,0,3,3,8,11,0,0,0,0,0,0,0,0,0,0,12,3,0,2,0,7,0,0,0,0,1,0,0,0,0,13,0,5,5,1,6,0,0,0,0,0,0,0,0,0,0,0,0,0,0,0,0,0,0,0,0,0,0,0,0,0,0,0,0,0,0,0,0,0,0,0,0,0,0,0,0,0,0,0,0,0,0,0,0,0,0,0,0,0,0,0,0,0,0,0,0,0,0
Sp: Washtenaw County,2011-03-01,Michigan,0,MI81081,breakdown offenses,normal return,normal return,normal return,normal return,not updated,breakdown offenses,breakdown offenses,breakdown offenses,0,0,0,1,0,2,2,0,1,0,0,0,1,13,0,0,5,1,7,5,5,0,0,5,2,1,0,1,29,0,6,10,12,22,0,0,0,0,0,0,0,0,0,0,10,0,0,1,0,9,2,2,0,0,0,0,0,0,0,12,0,1,1,2,3,0,0,0,0,0,0,0,0,0,0,0,0,0,0,0,0,0,0,0,0,0,0,0,0,0,0,0,0,0,0,0,0,0,0,0,0,0,0,0,0,0,0,0,0,0,0,0,0,0,0,0,0,0,0,0,0,0,0,0,0,0,0
Sp: Washtenaw County,2011-04-01,Michigan,0,MI81081,breakdown offenses,normal return,normal return,normal return,normal return,not updated,breakdown offenses,breakdown offenses,breakdown offenses,0,0,0,0,0,1,1,0,0,0,0,0,0,14,0,3,1,1,9,3,2,0,1,4,0,0,0,0,22,0,5,6,7,13,0,0,0,0,0,0,0,0,0,0,13,0,3,2,1,7,0,0,0,0,1,0,0,0,0,14,0,6,6,1,7,0,0,0,0,0,0,0,0,0,0,0,0,0,0,0,0,0,0,0,0,0,0,0,0,0,0,0,0,0,0,0,0,0,0,0,0,0,0,0,0,0,0,0,0,0,0,0,0,0,0,0,0,0,0,0,0,0,0,0,0,0,0
Sp: Washtenaw County,2011-05-01,Michigan,0,MI81081,breakdown offenses,normal return,normal return,normal return,normal return,not updated,breakdown offenses,breakdown offenses,breakdown offenses,0,0,0,0,0,1,1,0,1,0,0,0,1,16,3,1,0,1,11,8,8,0,0,9,1,0,0,1,36,0,5,7,18,25,0,0,0,0,0,1,0,0,0,1,10,0,0,1,0,9,18,18,0,0,2,1,1,0,0,32,0,1,2,21,23,0,0,0,0,0,0,0,0,0,0,1,0,0,0,0,1,0,0,0,0,0,0,0,0,0,1,0,0,0,0,0,0,0,0,0,0,0,0,0,0,0,0,0,0,0,0,0,0,0,0,0,0,0,0,0,0,0,0,0,0,0,0
Sp: Washtenaw County,2011-06-01,Michigan,0,MI81081,breakdown offenses,normal return,normal return,normal return,normal return,not updated,breakdown offenses,breakdown offenses,breakdown offenses,0,0,0,0,0,0,0,0,1,0,0,0,1,7,0,0,0,3,4,6,6,0,0,10,3,3,0,0,27,0,3,4,19,23,0,0,1,1,0,1,0,0,0,1,4,0,0,1,0,3,1,0,1,0,1,1,1,0,0,9,0,1,3,3,6,0,0,0,0,0,0,0,0,0,0,0,0,0,0,0,0,0,0,0,0,0,0,0,0,0,0,0,0,0,0,0,0,0,0,0,0,0,0,0,0,0,0,0,0,0,0,0,0,0,0,0,0,0,0,0,0,0,0,0,0,0,0
Sp: Washtenaw County,2011-07-01,Michigan,0,MI81081,breakdown offenses,normal return,normal return,normal return,normal return,not updated,breakdown offenses,breakdown offenses,breakdown offenses,0,0,0,0,0,0,0,0,1,0,0,0,1,9,1,0,2,0,6,7,5,1,1,10,0,0,0,0,27,0,3,4,17,21,0,0,1,1,0,1,0,0,0,1,4,2,0,1,0,1,0,0,0,0,1,0,0,0,0,7,0,3,5,1,6,0,0,0,0,0,0,0,0,0,0,0,0,0,0,0,0,0,0,0,0,0,0,0,0,0,0,0,0,0,0,0,0,0,0,0,0,0,0,0,0,0,0,0,0,0,0,0,0,0,0,0,0,0,0,0,0,0,0,0,0,0,0
Sp: Washtenaw County,2011-08-01,Michigan,0,MI81081,breakdown offenses,normal return,normal return,normal return,normal return,not updated,breakdown offenses,breakdown offenses,breakdown offenses,0,0,0,0,0,0,0,0,0,0,0,0,0,10,0,0,1,0,9,13,13,0,0,4,1,1,0,0,28,0,1,1,18,19,0,0,1,1,0,0,0,0,0,0,3,0,0,0,0,3,3,3,0,0,0,0,0,0,0,7,0,0,1,3,4,0,0,0,0,0,0,0,0,0,0,1,0,0,0,0,1,0,0,0,0,0,0,0,0,0,1,0,0,0,0,0,0,0,0,0,0,0,0,0,0,0,0,0,0,0,0,0,0,0,0,0,0,0,0,0,0,0,0,0,0,0,0
Sp: Washtenaw County,2011-09-01,Michigan,0,MI81081,breakdown offenses,normal return,normal return,normal return,normal return,not updated,breakdown offenses,breakdown offenses,breakdown offenses,0,0,0,0,0,1,1,0,0,0,0,0,0,14,0,0,1,0,13,4,4,0,0,5,2,2,0,0,26,0,1,2,11,13,0,0,0,0,0,0,0,0,0,0,12,0,0,3,0,9,2,2,0,0,0,1,1,0,0,15,0,3,3,3,6,0,0,0,0,0,0,0,0,0,0,3,0,0,0,0,3,0,0,0,0,0,0,0,0,0,3,0,0,0,0,0,0,0,0,0,0,0,0,0,0,0,0,0,0,0,0,0,0,0,0,0,0,0,0,0,0,0,0,0,0,0,0
Sp: Washtenaw County,2011-10-01,Michigan,0,MI81081,breakdown offenses,normal return,normal return,normal return,normal return,not updated,breakdown offenses,breakdown offenses,breakdown offenses,0,0,0,0,0,0,0,0,1,0,0,0,1,8,0,0,2,0,6,4,4,0,0,4,0,0,0,0,17,0,2,3,8,11,0,0,0,0,0,0,0,0,0,0,7,0,0,0,0,7,0,0,0,0,2,0,0,0,0,9,0,0,0,2,2,0,0,0,0,0,0,0,0,0,0,1,0,0,0,0,1,0,0,0,0,0,0,0,0,0,1,0,0,0,0,0,0,0,0,0,0,0,0,0,0,0,0,0,0,0,0,0,0,0,0,0,0,0,0,0,0,0,0,0,0,0,0
Sp: Washtenaw County,2011-11-01,Michigan,0,MI81081,breakdown offenses,normal return,normal return,normal return,normal return,not updated,breakdown offenses,breakdown offenses,breakdown offenses,0,0,0,0,0,1,1,0,0,0,0,0,0,10,0,0,0,2,8,14,13,0,1,3,2,2,0,0,30,0,2,3,19,22,0,0,0,0,0,0,0,0,0,0,2,0,0,0,2,0,0,0,0,0,0,0,0,0,0,2,0,2,2,0,2,0,0,0,0,0,0,0,0,0,0,0,0,0,0,0,0,0,0,0,0,0,0,0,0,0,0,0,0,0,0,0,0,0,0,0,0,0,0,0,0,0,0,0,0,0,0,0,0,0,0,0,0,0,0,0,0,0,0,0,0,0,0
Sp: Washtenaw County,2011-12-01,Michigan,0,MI81081,breakdown offenses,normal return,normal return,normal return,normal return,not updated,breakdown offenses,breakdown offenses,breakdown offenses,0,0,0,0,0,1,1,0,0,0,0,0,0,4,0,1,2,0,1,11,11,0,0,5,0,0,0,0,21,0,3,4,16,20,0,0,1,1,0,1,0,0,0,1,9,0,1,2,0,6,0,0,0,0,1,0,0,0,0,12,0,3,5,1,6,0,0,1,1,0,0,0,0,0,0,0,0,0,0,0,0,0,0,0,0,0,0,0,0,0,1,0,0,1,0,1,0,0,0,0,0,0,0,0,0,0,0,0,0,0,0,0,0,0,0,0,0,0,0,0,0,0,0,0,0,0,0
Sp: Washtenaw County,2012-01-01,Michigan,0,MI81081,breakdown offenses,normal return,normal return,normal return,normal return,not updated,breakdown offenses,breakdown offenses,breakdown offenses,0,0,0,0,0,2,2,0,0,0,0,0,0,15,0,0,0,1,14,3,2,1,0,4,1,1,0,0,25,0,1,3,8,11,0,0,2,2,0,0,0,0,0,0,10,0,0,0,0,10,1,1,0,0,0,0,0,0,0,13,0,0,2,1,3,0,0,1,1,0,0,0,0,0,0,0,0,0,0,0,0,0,0,0,0,0,0,0,0,0,1,0,0,1,0,1,0,0,0,0,0,0,0,0,0,0,0,0,0,0,0,0,0,0,0,0,0,0,0,0,0,0,0,0,0,0,0
Sp: Washtenaw County,2012-02-01,Michigan,0,MI81081,breakdown offenses,normal return,normal return,normal return,normal return,not updated,breakdown offenses,breakdown offenses,breakdown offenses,0,0,0,0,0,1,1,0,0,0,0,0,0,10,3,1,0,0,6,8,8,0,0,0,1,1,0,0,20,0,4,5,9,14,0,0,0,0,0,0,0,0,0,0,6,0,0,1,0,5,0,0,0,0,0,2,2,0,0,8,0,1,1,2,3,0,0,0,0,0,0,0,0,0,0,0,0,0,0,0,0,0,0,0,0,0,0,0,0,0,0,0,0,0,0,0,0,0,0,0,0,0,0,0,0,0,0,0,0,0,0,0,0,0,0,0,0,0,0,0,0,0,0,0,0,0,0
Sp: Washtenaw County,2012-03-01,Michigan,0,MI81081,breakdown offenses,normal return,normal return,normal return,normal return,not updated,breakdown offenses,breakdown offenses,breakdown offenses,0,0,0,0,0,0,0,0,0,0,0,0,0,13,1,0,1,0,11,6,5,0,1,6,3,3,0,0,28,0,2,2,15,17,0,0,0,0,0,0,0,0,0,0,10,0,1,0,1,8,5,5,0,0,3,0,0,0,0,18,0,2,2,8,10,0,0,0,0,0,0,0,0,0,0,1,0,0,0,0,1,1,1,0,0,1,0,0,0,0,3,0,0,0,2,2,0,0,0,0,0,0,0,0,0,0,0,0,0,0,0,0,0,0,0,0,0,0,0,0,0,0,0,0,0,0,0
Sp: Washtenaw County,2012-04-01,Michigan,0,MI81081,breakdown offenses,normal return,normal return,normal return,normal return,not updated,breakdown offenses,breakdown offenses,breakdown offenses,0,0,0,0,0,1,1,0,0,0,0,0,0,17,0,2,2,0,13,2,1,1,0,2,0,0,0,0,22,0,4,5,4,9,0,0,0,0,0,0,0,0,0,0,10,1,0,0,0,9,0,0,0,0,0,0,0,0,0,10,0,1,1,0,1,0,0,0,0,0,0,0,0,0,0,1,0,0,0,0,1,0,0,0,0,0,0,0,0,0,1,0,0,0,0,0,0,0,0,0,0,0,0,0,0,0,0,0,0,0,0,0,0,0,0,0,0,0,0,0,0,0,0,0,0,0,0
Sp: Washtenaw County,2012-05-01,Michigan,0,MI81081,breakdown offenses,normal return,normal return,normal return,normal return,not updated,breakdown offenses,breakdown offenses,breakdown offenses,0,0,0,0,0,0,0,0,0,0,0,0,0,7,0,0,2,0,5,1,1,0,0,6,1,1,0,0,15,0,2,2,8,10,0,0,1,1,0,0,0,0,0,0,7,0,0,1,0,6,2,2,0,0,1,0,0,0,0,11,0,1,2,3,5,0,0,0,0,0,0,0,0,0,0,0,0,0,0,0,0,0,0,0,0,0,0,0,0,0,0,0,0,0,0,0,0,0,0,0,0,0,0,0,0,0,0,0,0,0,0,0,0,0,0,0,0,0,0,0,0,0,0,0,0,0,0
Sp: Washtenaw County,2012-06-01,Michigan,0,MI81081,breakdown offenses,normal return,normal return,normal return,normal return,not updated,breakdown offenses,breakdown offenses,breakdown offenses,0,0,0,0,0,3,3,0,1,0,0,0,1,21,2,1,4,0,14,9,9,0,0,8,3,3,0,0,45,0,7,11,20,31,0,0,1,1,0,0,0,0,0,0,8,0,0,2,0,6,0,0,0,0,1,1,1,0,0,11,0,2,3,2,5,0,0,0,0,0,0,0,0,0,0,1,0,0,0,0,1,0,0,0,0,0,1,1,0,0,2,0,0,0,1,1,0,0,0,0,0,0,0,0,0,0,0,0,0,0,0,0,0,0,0,0,0,0,0,0,0,0,0,0,0,0,0
Sp: Washtenaw County,2012-07-01,Michigan,0,MI81081,breakdown offenses,normal return,normal return,normal return,normal return,not updated,breakdown offenses,breakdown offenses,breakdown offenses,0,0,0,0,0,2,2,0,1,0,0,0,1,17,0,0,0,0,17,13,13,0,0,9,2,2,0,0,44,0,0,3,24,27,0,0,1,1,0,1,0,0,0,1,19,0,0,2,0,17,2,2,0,0,1,1,1,0,0,25,0,2,4,4,8,0,0,0,0,0,0,0,0,0,0,1,0,0,0,0,1,0,0,0,0,0,0,0,0,0,1,0,0,0,0,0,0,0,0,0,0,0,0,0,0,0,0,0,0,0,0,0,0,0,0,0,0,0,0,0,0,0,0,0,0,0,0
Sp: Washtenaw County,2012-08-01,Michigan,0,MI81081,breakdown offenses,normal return,normal return,normal return,normal return,not updated,breakdown offenses,breakdown offenses,breakdown offenses,0,0,0,0,0,1,1,0,0,0,0,0,0,18,1,2,3,4,8,5,5,0,0,7,1,1,0,0,32,0,10,11,13,24,0,0,2,2,0,0,0,0,0,0,12,1,2,0,0,9,1,1,0,0,2,0,0,0,0,17,0,3,5,3,8,0,0,0,0,0,0,0,0,0,0,0,0,0,0,0,0,0,0,0,0,0,0,0,0,0,0,0,0,0,0,0,0,0,0,0,0,0,0,0,0,0,0,0,0,0,0,0,0,0,0,0,0,0,0,0,0,0,0,0,0,0,0
Sp: Washtenaw County,2012-09-01,Michigan,0,MI81081,breakdown offenses,normal return,normal return,normal return,normal return,not updated,breakdown offenses,breakdown offenses,breakdown offenses,0,0,0,0,0,0,0,0,0,0,0,0,0,13,0,0,3,1,9,7,6,1,0,7,2,2,0,0,29,0,4,4,16,20,0,0,0,0,0,0,0,0,0,0,15,1,0,4,0,10,1,1,0,0,1,0,0,0,0,17,0,5,5,2,7,0,0,0,0,0,0,0,0,0,0,0,0,0,0,0,0,1,1,0,0,0,0,0,0,0,1,0,0,0,1,1,0,0,0,0,0,0,0,0,0,0,0,0,0,0,0,0,0,0,0,0,0,0,0,0,0,0,0,0,0,0,0
Sp: Washtenaw County,2012-10-01,Michigan,0,MI81081,breakdown offenses,normal return,normal return,normal return,normal return,not updated,breakdown offenses,breakdown offenses,breakdown offenses,0,0,0,0,0,0,0,0,0,0,0,0,0,4,0,0,1,0,3,4,4,0,0,4,1,0,1,0,13,0,1,1,9,10,0,0,2,2,0,0,0,0,0,0,7,0,0,2,0,5,4,4,0,0,0,0,0,0,0,13,0,2,4,4,8,0,0,0,0,0,0,0,0,0,0,4,0,0,1,0,3,0,0,0,0,0,0,0,0,0,4,0,1,1,0,1,0,0,0,0,0,0,0,0,0,0,0,0,0,0,0,0,0,0,0,0,0,0,0,0,0,0,0,0,0,0,0
Sp: Washtenaw County,2012-11-01,Michigan,0,MI81081,breakdown offenses,normal return,normal return,normal return,normal return,not updated,breakdown offenses,breakdown offenses,breakdown offenses,0,0,0,0,0,0,0,0,0,0,0,0,0,5,0,0,2,0,3,5,5,0,0,16,1,1,0,0,27,0,2,2,22,24,0,0,0,0,0,0,0,0,0,0,7,0,0,4,0,3,2,2,0,0,2,1,1,0,0,12,0,4,4,5,9,0,0,0,0,0,0,0,0,0,0,0,0,0,0,0,0,0,0,0,0,0,1,1,0,0,1,0,0,0,1,1,0,0,0,0,0,0,0,0,0,0,0,0,0,0,0,0,0,0,0,0,0,0,0,0,0,0,0,0,0,0,0
Sp: Washtenaw County,2012-12-01,Michigan,0,MI81081,breakdown offenses,normal return,normal return,normal return,normal return,not updated,breakdown offenses,breakdown offenses,breakdown offenses,0,0,0,0,0,0,0,0,0,0,0,0,0,6,0,2,0,0,4,5,5,0,0,3,1,0,1,0,15,0,2,2,9,11,0,0,0,0,0,0,0,0,0,0,8,0,2,0,0,6,0,0,0,0,0,0,0,0,0,8,0,2,2,0,2,0,0,0,0,0,0,0,0,0,0,0,0,0,0,0,0,0,0,0,0,0,0,0,0,0,0,0,0,0,0,0,0,0,0,0,0,0,0,0,0,0,0,0,0,0,0,0,0,0,0,0,0,0,0,0,0,0,0,0,0,0,0
Sp: Washtenaw County,2014-01-01,Michigan,0,MI81081,breakdown offenses,normal return,normal return,normal return,normal return,not updated,breakdown offenses,breakdown offenses,breakdown offenses,0,0,0,0,0,1,1,0,0,0,0,0,0,9,0,0,2,1,6,7,7,0,0,3,0,0,0,0,20,0,3,4,10,14,0,0,0,0,0,0,0,0,0,0,6,0,0,1,1,4,2,2,0,0,0,0,0,0,0,8,0,2,2,2,4,0,0,0,0,0,0,0,0,0,0,0,0,0,0,0,0,1,1,0,0,0,0,0,0,0,1,0,0,0,1,1,0,0,0,0,0,0,0,0,0,0,0,0,0,0,0,0,0,0,0,0,0,0,0,0,0,0,0,0,0,0,0
Sp: Washtenaw County,2014-02-01,Michigan,0,MI81081,breakdown offenses,normal return,normal return,normal return,normal return,not updated,breakdown offenses,breakdown offenses,breakdown offenses,0,0,0,0,0,1,1,0,0,0,0,0,0,10,0,0,1,0,9,1,1,0,0,0,3,2,0,1,15,0,1,2,4,6,0,0,0,0,0,0,0,0,0,0,11,0,0,1,0,10,0,0,0,0,2,0,0,0,0,13,0,1,1,2,3,0,0,0,0,0,0,0,0,0,0,0,0,0,0,0,0,0,0,0,0,0,0,0,0,0,0,0,0,0,0,0,0,0,0,0,0,0,0,0,0,0,0,0,0,0,0,0,0,0,0,0,0,0,0,0,0,0,0,0,0,0,0
Sp: Washtenaw County,2014-03-01,Michigan,0,MI81081,breakdown offenses,normal return,normal return,normal return,normal return,not updated,breakdown offenses,breakdown offenses,breakdown offenses,0,0,0,0,0,0,0,0,0,0,0,0,0,22,0,2,0,0,20,4,4,0,0,9,0,0,0,0,35,0,2,2,13,15,0,0,3,3,0,0,0,0,0,0,23,0,3,0,0,20,0,0,0,0,2,0,0,0,0,28,0,3,6,2,8,0,0,0,0,0,0,0,0,0,0,1,0,0,0,0,1,0,0,0,0,1,0,0,0,0,2,0,0,0,1,1,0,0,0,0,0,0,0,0,0,0,0,0,0,0,0,0,0,0,0,0,0,0,0,0,0,0,0,0,0,0,0
Sp: Washtenaw County,2014-04-01,Michigan,0,MI81081,breakdown offenses,normal return,normal return,normal return,normal return,not updated,breakdown offenses,breakdown offenses,breakdown offenses,0,0,0,0,0,2,2,0,0,0,0,0,0,23,4,2,3,5,9,5,5,0,0,13,2,2,0,0,45,0,14,16,20,36,0,0,0,0,0,0,0,0,0,0,9,3,1,0,0,5,1,1,0,0,1,1,1,0,0,12,0,4,4,3,7,0,0,0,0,0,0,0,0,0,0,0,0,0,0,0,0,0,0,0,0,0,0,0,0,0,0,0,0,0,0,0,0,0,0,0,0,0,0,0,0,0,0,0,0,0,0,0,0,0,0,0,0,0,0,0,0,0,0,0,0,0,0
Sp: Washtenaw County,2014-05-01,Michigan,0,MI81081,breakdown offenses,normal return,normal return,normal return,normal return,not updated,breakdown offenses,breakdown offenses,breakdown offenses,0,0,0,0,1,0,0,0,0,0,0,0,0,8,0,0,0,1,7,6,6,0,0,7,2,1,1,0,24,0,1,1,15,16,0,0,1,1,0,0,0,0,0,0,14,0,0,2,4,8,2,2,0,0,2,0,0,0,0,19,0,6,7,4,11,0,0,1,1,0,0,0,0,0,0,1,0,0,0,0,1,0,0,0,0,0,0,0,0,0,2,0,0,1,0,1,0,0,0,0,0,0,0,0,0,0,0,0,0,0,0,0,0,0,0,0,0,0,0,0,0,0,0,0,0,0,0
Sp: Washtenaw County,2014-06-01,Michigan,0,MI81081,breakdown offenses,normal return,normal return,normal return,normal return,not updated,breakdown offenses,breakdown offenses,breakdown offenses,0,0,0,0,0,0,0,0,0,0,0,0,0,17,2,3,4,0,8,5,4,0,1,6,7,5,2,0,35,0,9,9,18,27,0,0,1,1,0,0,0,0,0,0,13,1,0,2,0,10,4,3,0,1,1,2,2,0,0,21,0,3,4,7,11,0,0,0,0,0,0,0,0,0,0,0,0,0,0,0,0,0,0,0,0,0,0,0,0,0,0,0,0,0,0,0,0,0,0,0,0,0,0,0,0,0,0,0,0,0,0,0,0,0,0,0,0,0,0,0,0,0,0,0,0,0,0
Sp: Washtenaw County,2014-07-01,Michigan,0,MI81081,breakdown offenses,normal return,normal return,normal return,normal return,not updated,breakdown offenses,breakdown offenses,breakdown offenses,0,0,0,0,0,6,6,0,0,0,0,0,0,21,3,2,0,0,16,1,1,0,0,5,0,0,0,0,33,0,5,11,6,17,1,0,0,0,0,0,0,0,0,0,16,2,2,0,0,12,0,0,0,0,4,0,0,0,0,21,0,4,5,4,9,0,0,0,0,0,0,0,0,0,0,2,0,2,0,0,0,0,0,0,0,0,0,0,0,0,2,0,2,2,0,2,0,0,0,0,0,0,0,0,0,0,0,0,0,0,0,0,0,0,0,0,0,0,0,0,0,0,0,0,0,0,0
Sp: Washtenaw County,2014-08-01,Michigan,0,MI81081,breakdown offenses,normal return,normal return,normal return,normal return,not updated,breakdown offenses,breakdown offenses,breakdown offenses,0,0,0,0,0,1,1,0,0,0,0,0,0,13,0,0,4,0,9,1,1,0,0,2,4,4,0,0,21,0,4,5,7,12,0,0,2,2,0,0,0,0,0,0,14,0,0,1,0,13,0,0,0,0,0,1,1,0,0,17,0,1,3,1,4,0,0,0,0,0,0,0,0,0,0,2,0,0,1,0,1,0,0,0,0,0,0,0,0,0,2,0,1,1,0,1,0,0,0,0,0,0,0,0,0,0,0,0,0,0,0,0,0,0,0,0,0,0,0,0,0,0,0,0,0,0,0
Sp: Washtenaw County,2014-09-01,Michigan,0,MI81081,breakdown offenses,normal return,normal return,normal return,normal return,not updated,breakdown offenses,breakdown offenses,breakdown offenses,0,0,0,0,0,4,4,0,0,0,0,0,0,18,4,0,1,0,13,6,6,0,0,8,2,1,1,0,38,0,5,9,16,25,0,0,1,1,0,0,0,0,0,0,24,4,0,1,1,18,2,2,0,0,0,1,1,0,0,28,0,6,7,3,10,0,0,0,0,0,0,0,0,0,0,0,0,0,0,0,0,0,0,0,0,0,0,0,0,0,0,0,0,0,0,0,0,0,0,0,0,0,0,0,0,0,0,0,0,0,0,0,0,0,0,0,0,0,0,0,0,0,0,0,0,0,0
Sp: Washtenaw County,2014-10-01,Michigan,0,MI81081,breakdown offenses,normal return,normal return,normal return,normal return,not updated,breakdown offenses,breakdown offenses,breakdown offenses,0,0,0,0,0,2,2,0,0,0,0,0,0,13,0,0,2,0,11,8,8,0,0,1,1,1,0,0,25,0,2,4,10,14,0,0,2,2,0,0,0,0,0,0,11,0,1,1,0,9,1,1,0,0,2,0,0,0,0,16,0,2,4,3,7,0,0,0,0,0,0,0,0,0,0,0,0,0,0,0,0,0,0,0,0,0,0,0,0,0,0,0,0,0,0,0,0,0,0,0,0,0,0,0,0,0,0,0,0,0,0,0,0,0,0,0,0,0,0,0,0,0,0,0,0,0,0
Sp: Washtenaw County,2014-11-01,Michigan,0,MI81081,breakdown offenses,normal return,normal return,normal return,normal return,not updated,breakdown offenses,breakdown offenses,breakdown offenses,0,0,0,0,0,1,1,0,0,0,0,0,0,15,0,0,0,0,15,1,1,0,0,5,0,0,0,0,22,0,0,1,6,7,0,0,0,0,0,0,0,0,0,0,13,0,0,2,0,11,1,1,0,0,2,0,0,0,0,16,0,2,2,3,5,0,0,0,0,0,0,0,0,0,0,1,0,0,0,0,1,0,0,0,0,0,0,0,0,0,1,0,0,0,0,0,0,0,0,0,0,0,0,0,0,0,0,0,0,0,0,0,0,0,0,0,0,0,0,0,0,0,0,0,0,0,0
Sp: Washtenaw County,2014-12-01,Michigan,0,MI81081,breakdown offenses,normal return,normal return,normal return,normal return,not updated,breakdown offenses,breakdown offenses,breakdown offenses,0,0,0,0,0,1,1,0,0,0,0,0,0,6,1,0,1,0,4,3,2,1,0,2,0,0,0,0,12,0,2,3,5,8,0,0,2,2,0,0,0,0,0,0,15,1,2,2,1,9,1,1,0,0,2,0,0,0,0,20,0,6,8,3,11,0,0,2,2,0,0,0,0,0,0,3,0,2,0,0,1,0,0,0,0,1,0,0,0,0,6,0,2,4,1,5,0,0,0,0,0,0,0,0,0,0,0,0,0,0,0,0,0,0,0,0,0,0,0,0,0,0,0,0,0,0,0
Sp: Washtenaw County,2016-01-01,Michigan,0,MI81081,breakdown offenses,normal return,normal return,normal return,normal return,not updated,breakdown offenses,breakdown offenses,breakdown offenses,0,0,0,0,0,1,1,0,0,0,0,0,0,9,0,0,0,0,9,5,5,0,0,2,0,0,0,0,17,0,0,1,7,8,0,0,1,1,0,0,0,0,0,0,9,0,0,0,0,9,3,3,0,0,0,3,3,0,0,16,0,0,1,6,7,0,0,0,0,0,0,0,0,0,0,2,0,0,0,0,2,0,0,0,0,0,0,0,0,0,2,0,0,0,0,0,0,0,0,0,0,0,0,0,0,0,0,0,0,0,0,0,0,0,0,0,0,0,0,0,0,0,0,0,0,0,0
Sp: Washtenaw County,2016-02-01,Michigan,0,MI81081,breakdown offenses,normal return,normal return,normal return,normal return,not updated,breakdown offenses,breakdown offenses,breakdown offenses,0,0,0,0,0,1,1,0,0,0,0,0,0,25,3,0,1,0,21,3,3,0,0,8,0,0,0,0,37,0,4,5,11,16,0,1,0,0,0,0,0,0,0,0,18,1,0,1,0,16,0,0,0,0,1,2,2,0,0,22,0,2,2,3,5,0,0,0,0,0,0,0,0,0,0,1,0,0,0,0,1,0,0,0,0,0,0,0,0,0,1,0,0,0,0,0,0,0,0,0,0,0,0,0,0,0,0,0,0,0,0,0,0,0,0,0,0,0,0,0,0,0,0,0,0,0,0
Sp: Washtenaw County,2016-03-01,Michigan,0,MI81081,breakdown offenses,normal return,normal return,normal return,normal return,not updated,breakdown offenses,breakdown offenses,breakdown offenses,0,0,0,0,1,3,3,0,0,0,0,0,0,13,1,0,1,0,11,5,5,0,0,4,2,2,0,0,28,0,2,5,11,16,0,0,1,1,0,0,0,0,0,0,6,0,0,2,0,4,3,2,1,0,2,3,3,0,0,15,0,2,3,8,11,0,0,0,0,0,0,0,0,0,0,0,0,0,0,0,0,0,0,0,0,0,0,0,0,0,0,0,0,0,0,0,0,0,0,0,0,0,0,0,0,0,0,0,0,0,0,0,0,0,0,0,0,0,0,0,0,0,0,0,0,0,0
Sp: Washtenaw County,2016-04-01,Michigan,0,MI81081,breakdown offenses,normal return,normal return,normal return,normal return,not updated,breakdown offenses,breakdown offenses,breakdown offenses,0,0,0,0,0,0,0,0,0,0,0,0,0,8,1,0,4,0,3,3,3,0,0,5,1,1,0,0,17,0,5,5,9,14,0,0,1,1,0,0,0,0,0,0,10,0,0,0,0,10,3,3,0,0,2,1,1,0,0,17,0,0,1,6,7,0,0,0,0,0,0,0,0,0,0,0,0,0,0,0,0,2,2,0,0,1,0,0,0,0,3,0,0,0,3,3,0,0,0,0,0,0,0,0,0,0,0,0,0,0,0,0,0,0,0,0,0,0,0,0,0,0,0,0,0,0,0
Sp: Washtenaw County,2016-05-01,Michigan,0,MI81081,breakdown offenses,normal return,normal return,normal return,normal return,not updated,breakdown offenses,breakdown offenses,breakdown offenses,0,0,0,0,0,1,1,0,0,0,0,0,0,13,0,0,2,1,10,1,1,0,0,5,2,1,1,0,22,0,3,4,8,12,0,0,0,0,0,0,0,0,0,0,6,0,0,0,0,6,0,0,0,0,6,1,1,0,0,13,0,0,0,7,7,0,0,0,0,0,0,0,0,0,0,0,0,0,0,0,0,0,0,0,0,1,0,0,0,0,1,0,0,0,1,1,0,0,0,0,0,0,0,0,0,0,0,0,0,0,0,0,0,0,0,0,0,0,0,0,0,0,0,0,0,0,0
Sp: Washtenaw County,2016-06-01,Michigan,0,MI81081,breakdown offenses,normal return,normal return,normal return,normal return,not updated,breakdown offenses,breakdown offenses,breakdown offenses,0,0,0,0,0,0,0,0,0,0,0,0,0,10,1,0,3,0,6,3,3,0,0,5,1,1,0,0,19,0,4,4,9,13,0,0,0,0,0,0,0,0,0,0,11,1,0,4,0,6,2,2,0,0,2,0,0,0,0,15,0,5,5,4,9,0,0,0,0,0,0,0,0,0,0,0,0,0,0,0,0,1,1,0,0,1,0,0,0,0,2,0,0,0,2,2,0,0,0,0,0,0,0,0,0,0,0,0,0,0,0,0,0,0,0,0,0,0,0,0,0,0,0,0,0,0,0
Sp: Washtenaw County,2016-07-01,Michigan,0,MI81081,breakdown offenses,normal return,normal return,normal return,normal return,not updated,breakdown offenses,breakdown offenses,breakdown offenses,0,0,0,1,0,2,2,0,0,0,0,0,0,18,3,0,4,0,11,8,8,0,0,4,0,0,0,0,33,0,7,10,12,22,0,0,0,0,0,0,0,0,0,0,11,2,0,1,0,8,3,3,0,0,1,0,0,0,0,15,0,3,3,4,7,0,0,0,0,0,0,0,0,0,0,1,0,0,0,0,1,0,0,0,0,0,0,0,0,0,1,0,0,0,0,0,0,0,0,0,0,0,0,0,0,0,0,0,0,0,0,0,0,0,0,0,0,0,0,0,0,0,0,0,0,0,0
Sp: Washtenaw County,2016-08-01,Michigan,0,MI81081,breakdown offenses,normal return,normal return,normal return,normal return,not updated,breakdown offenses,breakdown offenses,breakdown offenses,0,0,0,0,0,0,0,0,2,2,0,0,0,14,1,0,2,0,11,2,2,0,0,2,0,0,0,0,20,0,3,5,4,9,0,0,0,0,0,1,1,0,0,0,12,0,0,3,0,9,0,0,0,0,1,1,1,0,0,15,0,3,4,2,6,0,0,0,0,0,0,0,0,0,0,4,0,0,0,0,4,0,0,0,0,0,0,0,0,0,4,0,0,0,0,0,0,0,0,0,0,0,0,0,0,0,0,0,0,0,0,0,0,0,0,0,0,0,0,0,0,0,0,0,0,0,0
Sp: Washtenaw County,2016-09-01,Michigan,0,MI81081,breakdown offenses,normal return,normal return,normal return,normal return,not updated,breakdown offenses,breakdown offenses,breakdown offenses,0,0,0,0,0,0,0,0,0,0,0,0,0,13,0,0,0,2,11,3,3,0,0,7,1,1,0,0,24,0,2,2,11,13,0,0,0,0,0,0,0,0,0,0,11,0,0,4,1,6,2,2,0,0,2,1,1,0,0,16,0,5,5,5,10,0,0,0,0,0,0,0,0,0,0,2,0,0,1,0,1,0,0,0,0,0,0,0,0,0,2,0,1,1,0,1,0,0,0,0,0,0,0,0,0,0,0,0,0,0,0,0,0,0,0,0,0,0,0,0,0,0,0,0,0,0,0
Sp: Washtenaw County,2016-10-01,Michigan,0,MI81081,breakdown offenses,normal return,normal return,normal return,normal return,not updated,breakdown offenses,breakdown offenses,breakdown offenses,0,0,0,0,0,0,0,0,1,1,0,0,0,11,0,0,0,0,11,3,3,0,0,6,1,1,0,0,22,0,0,1,10,11,0,0,2,2,0,1,1,0,0,0,13,0,0,0,0,13,0,0,0,0,1,0,0,0,0,17,0,0,3,1,4,0,0,0,0,0,0,0,0,0,0,0,0,0,0,0,0,0,0,0,0,0,0,0,0,0,0,0,0,0,0,0,0,0,0,0,0,0,0,0,0,0,0,0,0,0,0,0,0,0,0,0,0,0,0,0,0,0,0,0,0,0,0
Sp: Washtenaw County,2016-11-01,Michigan,0,MI81081,breakdown offenses,normal return,normal return,normal return,normal return,not updated,breakdown offenses,breakdown offenses,breakdown offenses,0,0,0,0,0,3,3,0,0,0,0,0,0,9,0,0,0,0,9,3,3,0,0,9,2,2,0,0,26,0,0,3,14,17,1,0,1,1,0,0,0,0,0,0,6,0,0,0,0,6,0,0,0,0,1,2,2,0,0,11,0,0,2,3,5,0,0,0,0,0,0,0,0,0,0,0,0,0,0,0,0,0,0,0,0,0,0,0,0,0,0,0,0,0,0,0,0,0,0,0,0,0,0,0,0,0,0,0,0,0,0,0,0,0,0,0,0,0,0,0,0,0,0,0,0,0,0
Sp: Washtenaw County,2016-12-01,Michigan,0,MI81081,breakdown offenses,normal return,normal return,normal return,normal return,not updated,breakdown offenses,breakdown offenses,breakdown offenses,0,0,0,0,0,0,0,0,1,0,0,0,1,15,1,3,1,0,10,3,3,0,0,6,1,1,0,0,26,0,5,6,10,16,0,0,0,0,0,1,0,0,0,1,9,0,3,1,0,5,2,2,0,0,0,1,0,1,0,13,0,4,5,3,8,0,0,0,0,0,0,0,0,0,0,0,0,0,0,0,0,1,1,0,0,0,0,0,0,0,1,0,0,0,1,1,0,0,0,0,0,0,0,0,0,0,0,0,0,0,0,0,0,0,0,0,0,0,0,0,0,0,0,0,0,0,0
Sp: Washtenaw County,1997-01-01,Michigan,0,MI81081,breakdown offenses,adjustment,adjustment,adjustment,adjustment,adjustment,breakdown offenses,breakdown offenses,breakdown offenses,0,0,0,0,0,3,3,0,0,0,0,0,0,8,0,1,2,0,5,5,5,0,0,10,3,3,0,0,29,0,3,6,18,24,0,0,1,1,0,0,0,0,0,0,7,0,0,1,0,6,0,0,0,0,2,0,0,0,0,10,0,1,2,2,4,0,0,0,0,0,0,0,0,0,0,1,0,0,0,0,1,0,0,0,0,0,0,0,0,0,1,0,0,0,0,0,0,0,0,0,0,0,0,0,0,0,0,0,0,0,0,0,0,0,0,0,1,0,0,0,0,1,0,0,0,1,1
Sp: Washtenaw County,1997-02-01,Michigan,0,MI81081,breakdown offenses,adjustment,adjustment,adjustment,adjustment,adjustment,breakdown offenses,breakdown offenses,breakdown offenses,0,0,0,1,0,0,0,0,0,0,0,0,0,5,0,1,0,0,4,7,7,0,0,4,0,0,0,0,17,0,1,2,11,13,0,0,0,0,0,0,0,0,0,0,3,0,1,0,0,2,0,0,0,0,3,0,0,0,0,6,0,1,1,3,4,0,0,0,0,0,0,0,0,0,0,0,0,0,0,0,0,0,0,0,0,0,0,0,0,0,0,0,0,0,0,0,0,0,1,1,0,1,0,0,1,0,0,0,0,0,0,0,3,3,0,0,0,2,2,0,0,7,0,0,2,5,7
Sp: Washtenaw County,1997-03-01,Michigan,0,MI81081,breakdown offenses,adjustment,adjustment,adjustment,adjustment,adjustment,breakdown offenses,breakdown offenses,breakdown offenses,0,0,0,0,0,1,1,0,0,0,0,0,0,11,2,0,1,0,8,6,5,0,1,4,1,1,0,0,23,0,3,4,11,15,0,0,0,0,0,0,0,0,0,0,5,1,0,0,0,4,2,2,0,0,1,1,1,0,0,9,0,1,1,4,5,0,0,0,0,0,0,0,0,0,0,0,0,0,0,0,0,1,1,0,0,0,0,0,0,0,1,0,0,0,1,1,0,0,1,1,0,0,0,0,0,0,1,1,0,0,0,0,3,3,0,0,1,1,1,0,0,7,0,1,2,5,7
Sp: Washtenaw County,1997-04-01,Michigan,0,MI81081,breakdown offenses,adjustment,adjustment,adjustment,adjustment,adjustment,breakdown offenses,breakdown offenses,breakdown offenses,0,0,0,0,0,2,2,0,0,0,0,0,0,8,0,0,2,0,6,3,3,0,0,5,2,2,0,0,20,0,2,4,10,14,0,0,0,0,0,0,0,0,0,0,1,0,0,0,0,1,0,0,0,0,1,0,0,0,0,2,0,0,0,1,1,0,0,0,0,0,0,0,0,0,0,1,0,0,0,0,1,0,0,0,0,0,0,0,0,0,1,0,0,0,0,0,0,0,0,0,0,0,0,0,0,0,1,0,0,0,0,1,2,2,0,0,1,0,0,0,0,4,0,0,0,3,3
Sp: Washtenaw County,1997-05-01,Michigan,0,MI81081,breakdown offenses,adjustment,adjustment,adjustment,adjustment,adjustment,breakdown offenses,breakdown offenses,breakdown offenses,0,0,0,0,0,3,3,0,0,0,0,0,0,11,0,0,1,1,9,6,3,1,2,9,2,1,0,1,31,0,2,5,17,22,0,0,2,2,0,0,0,0,0,0,2,0,0,1,0,1,1,1,0,0,2,2,1,0,1,9,0,1,3,5,8,0,0,0,0,0,0,0,0,0,0,0,0,0,0,0,0,0,0,0,0,1,1,1,0,0,2,0,0,0,2,2,0,0,0,0,0,0,0,0,0,0,1,0,0,0,0,1,1,1,0,0,1,0,0,0,0,3,0,0,0,2,2
Sp: Washtenaw County,1997-06-01,Michigan,0,MI81081,breakdown offenses,adjustment,adjustment,adjustment,adjustment,adjustment,breakdown offenses,breakdown offenses,breakdown offenses,0,0,0,0,0,3,3,0,0,0,0,0,0,15,0,0,4,0,11,7,7,0,0,7,4,3,1,0,36,0,4,7,18,25,0,0,0,0,0,0,0,0,0,0,3,0,0,0,0,3,0,0,0,0,1,0,0,0,0,4,0,0,0,1,1,0,0,0,0,0,0,0,0,0,0,0,0,0,0,0,0,0,0,0,0,0,0,0,0,0,0,0,0,0,0,0,0,0,0,0,0,0,0,0,0,0,0,0,0,0,0,0,6,5,0,1,0,0,0,0,0,6,0,0,0,6,6
Sp: Washtenaw County,1997-07-01,Michigan,0,MI81081,breakdown offenses,adjustment,adjustment,adjustment,adjustment,adjustment,breakdown offenses,breakdown offenses,breakdown offenses,0,0,0,0,0,1,1,0,0,0,0,0,0,9,0,0,2,1,6,9,9,0,0,3,3,3,0,0,25,0,3,4,15,19,0,0,0,0,0,0,0,0,0,0,5,0,0,0,1,4,0,0,0,0,1,1,1,0,0,7,0,1,1,2,3,0,0,0,0,0,0,0,0,0,0,1,0,0,0,0,1,0,0,0,0,1,1,1,0,0,3,0,0,0,2,2,0,0,0,0,0,0,0,0,0,0,1,0,0,0,0,1,4,4,0,0,1,0,0,0,0,6,0,0,0,5,5
Sp: Washtenaw County,1997-08-01,Michigan,0,MI81081,breakdown offenses,adjustment,adjustment,adjustment,adjustment,adjustment,breakdown offenses,breakdown offenses,breakdown offenses,0,0,0,0,0,8,8,0,0,0,0,0,0,12,0,0,1,1,10,5,4,0,1,7,3,3,0,0,35,0,2,10,15,25,0,0,0,0,0,0,0,0,0,0,4,0,0,0,1,3,0,0,0,0,1,0,0,0,0,5,0,1,1,1,2,0,0,0,0,0,0,0,0,0,0,1,0,0,0,0,1,0,0,0,0,1,0,0,0,0,2,0,0,0,1,1,0,0,2,2,0,0,0,0,0,0,2,0,0,0,0,2,8,8,0,0,0,0,0,0,0,12,0,0,2,8,10
Sp: Washtenaw County,1997-09-01,Michigan,0,MI81081,breakdown offenses,adjustment,adjustment,adjustment,adjustment,adjustment,breakdown offenses,breakdown offenses,breakdown offenses,0,0,0,0,0,2,2,0,0,0,0,0,0,12,0,0,2,1,9,2,2,0,0,2,1,1,0,0,19,0,3,5,5,10,0,0,0,0,0,0,0,0,0,0,3,0,0,0,1,2,0,0,0,0,2,0,0,0,0,5,0,1,1,2,3,0,0,0,0,0,0,0,0,0,0,0,0,0,0,0,0,0,0,0,0,2,0,0,0,0,2,0,0,0,2,2,0,0,0,0,0,0,0,0,0,0,0,0,0,0,0,0,1,1,0,0,0,0,0,0,0,1,0,0,0,1,1
Sp: Washtenaw County,1997-10-01,Michigan,0,MI81081,breakdown offenses,adjustment,adjustment,adjustment,adjustment,adjustment,breakdown offenses,breakdown offenses,breakdown offenses,0,0,0,0,0,3,3,0,0,0,0,0,0,11,0,0,4,1,6,4,3,1,0,5,1,1,0,0,24,0,5,8,10,18,0,0,0,0,0,0,0,0,0,0,1,0,0,1,0,0,1,1,0,0,1,0,0,0,0,3,0,1,1,2,3,0,0,0,0,0,0,0,0,0,0,0,0,0,0,0,0,0,0,0,0,0,0,0,0,0,0,0,0,0,0,0,0,0,0,0,0,0,0,0,0,0,0,0,0,0,0,0,4,4,0,0,0,0,0,0,0,4,0,0,0,4,4
Sp: Washtenaw County,1997-11-01,Michigan,0,MI81081,breakdown offenses,adjustment,adjustment,adjustment,adjustment,adjustment,breakdown offenses,breakdown offenses,breakdown offenses,0,0,0,0,0,1,1,0,0,0,0,0,0,12,2,0,0,1,9,8,7,0,1,6,2,2,0,0,29,0,3,4,16,20,0,0,0,0,0,0,0,0,0,0,3,0,0,0,0,3,0,0,0,0,0,0,0,0,0,3,0,0,0,0,0,0,0,0,0,0,0,0,0,0,0,0,0,0,0,0,0,0,0,0,0,0,0,0,0,0,0,0,0,0,0,0,0,0,1,1,0,0,0,0,0,0,0,0,0,0,0,0,1,1,0,0,0,0,0,0,0,2,0,0,1,1,2
Sp: Washtenaw County,1997-12-01,Michigan,0,MI81081,breakdown offenses,adjustment,adjustment,adjustment,adjustment,adjustment,breakdown offenses,breakdown offenses,breakdown offenses,0,0,0,0,0,1,1,0,0,0,0,0,0,7,0,0,0,0,7,7,7,0,0,4,0,0,0,0,19,0,0,1,11,12,0,0,0,0,0,0,0,0,0,0,2,0,0,0,0,2,1,1,0,0,0,0,0,0,0,3,0,0,0,1,1,0,0,0,0,0,0,0,0,0,0,0,0,0,0,0,0,0,0,0,0,0,0,0,0,0,0,0,0,0,0,0,0,0,0,0,0,0,0,0,0,0,0,0,0,0,0,0,0,0,0,0,0,0,0,0,0,0,0,0,0,0,0
Sp: Washtenaw County,2013-01-01,Michigan,0,MI81081,breakdown offenses,normal return,normal return,normal return,normal return,not updated,breakdown offenses,breakdown offenses,breakdown offenses,0,0,0,0,0,1,1,0,0,0,0,0,0,8,0,0,0,0,8,3,3,0,0,1,2,2,0,0,15,0,0,1,6,7,0,0,0,0,0,0,0,0,0,0,7,1,0,0,0,6,0,0,0,0,1,1,1,0,0,9,0,1,1,2,3,0,0,0,0,0,0,0,0,0,0,0,0,0,0,0,0,0,0,0,0,0,0,0,0,0,0,0,0,0,0,0,0,0,0,0,0,0,0,0,0,0,0,0,0,0,0,0,0,0,0,0,0,0,0,0,0,0,0,0,0,0,0
Sp: Washtenaw County,2013-02-01,Michigan,0,MI81081,breakdown offenses,normal return,normal return,normal return,normal return,not updated,breakdown offenses,breakdown offenses,breakdown offenses,0,0,0,0,0,1,1,0,0,0,0,0,0,13,4,1,1,0,7,4,4,0,0,2,2,1,1,0,22,0,6,7,8,15,0,0,1,1,0,1,0,0,0,1,8,0,1,1,0,6,0,0,0,0,0,0,0,0,0,10,0,2,4,0,4,0,0,0,0,0,0,0,0,0,0,2,0,0,0,0,2,0,0,0,0,0,0,0,0,0,2,0,0,0,0,0,0,0,0,0,0,0,0,0,0,0,0,0,0,0,0,0,0,0,0,0,0,0,0,0,0,0,0,0,0,0,0
Sp: Washtenaw County,2013-03-01,Michigan,0,MI81081,breakdown offenses,normal return,normal return,normal return,normal return,not updated,breakdown offenses,breakdown offenses,breakdown offenses,0,0,0,0,0,2,2,0,0,0,0,0,0,13,2,0,0,4,7,9,9,0,0,5,1,1,0,0,30,0,6,8,15,23,0,0,0,0,0,0,0,0,0,0,3,0,0,0,0,3,0,0,0,0,0,0,0,0,0,3,0,0,0,0,0,0,0,0,0,0,0,0,0,0,0,0,0,0,0,0,0,0,0,0,0,0,0,0,0,0,0,0,0,0,0,0,0,0,0,0,0,0,0,0,0,0,0,0,0,0,0,0,0,0,0,0,0,0,0,0,0,0,0,0,0,0,0
Sp: Washtenaw County,2013-04-01,Michigan,0,MI81081,breakdown offenses,normal return,normal return,normal return,normal return,not updated,breakdown offenses,breakdown offenses,breakdown offenses,0,0,0,0,0,0,0,0,0,0,0,0,0,7,0,0,1,0,6,3,3,0,0,5,0,0,0,0,15,0,1,1,8,9,0,0,0,0,0,0,0,0,0,0,4,0,0,0,0,4,1,1,0,0,1,0,0,0,0,6,0,0,0,2,2,0,0,0,0,0,0,0,0,0,0,0,0,0,0,0,0,0,0,0,0,0,0,0,0,0,0,0,0,0,0,0,0,0,0,0,0,0,0,0,0,0,0,0,0,0,0,0,0,0,0,0,0,0,0,0,0,0,0,0,0,0,0
Sp: Washtenaw County,2013-05-01,Michigan,0,MI81081,breakdown offenses,normal return,normal return,normal return,normal return,not updated,breakdown offenses,breakdown offenses,breakdown offenses,0,0,0,0,0,1,1,0,0,0,0,0,0,10,0,0,1,1,8,5,4,1,0,6,0,0,0,0,22,0,2,3,11,14,0,0,0,0,0,0,0,0,0,0,8,0,0,0,0,8,0,0,0,0,1,1,1,0,0,10,0,0,0,2,2,0,0,0,0,0,0,0,0,0,0,2,0,0,0,0,2,0,0,0,0,0,0,0,0,0,2,0,0,0,0,0,0,0,0,0,0,0,0,0,0,0,0,0,0,0,0,0,0,0,0,0,0,0,0,0,0,0,0,0,0,0,0
Sp: Washtenaw County,2013-06-01,Michigan,0,MI81081,breakdown offenses,normal return,normal return,normal return,normal return,not updated,breakdown offenses,breakdown offenses,breakdown offenses,0,0,0,0,0,1,1,0,0,0,0,0,0,9,0,0,0,1,8,4,4,0,0,9,0,0,0,0,23,0,1,2,13,15,0,0,0,0,0,0,0,0,0,0,3,0,0,0,1,2,2,1,1,0,4,2,2,0,0,11,0,1,1,8,9,0,0,0,0,0,0,0,0,0,0,0,0,0,0,0,0,0,0,0,0,0,0,0,0,0,0,0,0,0,0,0,0,0,0,0,0,0,0,0,0,0,0,0,0,0,0,0,0,0,0,0,0,0,0,0,0,0,0,0,0,0,0
Sp: Washtenaw County,2013-07-01,Michigan,0,MI81081,breakdown offenses,normal return,normal return,normal return,normal return,not updated,breakdown offenses,breakdown offenses,breakdown offenses,0,0,0,0,0,1,1,0,0,0,0,0,0,18,0,1,0,4,13,1,1,0,0,7,4,3,1,0,31,0,5,6,12,18,0,0,1,1,0,0,0,0,0,0,14,0,1,0,2,11,1,1,0,0,1,0,0,0,0,17,0,3,4,2,6,0,0,0,0,0,0,0,0,0,0,0,0,0,0,0,0,0,0,0,0,0,0,0,0,0,0,0,0,0,0,0,0,0,0,0,0,0,0,0,0,0,0,0,0,0,0,0,0,0,0,0,0,0,0,0,0,0,0,0,0,0,0
Sp: Washtenaw County,2013-08-01,Michigan,0,MI81081,breakdown offenses,normal return,normal return,normal return,normal return,not updated,breakdown offenses,breakdown offenses,breakdown offenses,0,0,0,0,0,3,3,0,0,0,0,0,0,7,0,0,2,0,5,3,3,0,0,10,1,1,0,0,24,0,2,5,14,19,0,0,0,0,0,0,0,0,0,0,9,4,0,2,0,3,1,1,0,0,2,0,0,0,0,12,0,6,6,3,9,0,0,0,0,0,0,0,0,0,0,0,0,0,0,0,0,0,0,0,0,0,0,0,0,0,0,0,0,0,0,0,0,0,0,0,0,0,0,0,0,0,0,0,0,0,0,0,0,0,0,0,0,0,0,0,0,0,0,0,0,0,0
Sp: Washtenaw County,2013-09-01,Michigan,0,MI81081,breakdown offenses,normal return,normal return,normal return,normal return,not updated,breakdown offenses,breakdown offenses,breakdown offenses,0,0,0,0,0,0,0,0,0,0,0,0,0,9,1,1,0,0,7,5,5,0,0,3,2,2,0,0,19,0,2,2,10,12,0,0,2,2,0,0,0,0,0,0,14,0,0,0,4,10,0,0,0,0,0,0,0,0,0,16,0,4,6,0,6,0,0,0,0,0,0,0,0,0,0,0,0,0,0,0,0,0,0,0,0,0,0,0,0,0,0,0,0,0,0,0,0,0,0,0,0,0,0,0,0,0,0,0,0,0,0,0,0,0,0,0,0,0,0,0,0,0,0,0,0,0,0
Sp: Washtenaw County,2013-10-01,Michigan,0,MI81081,breakdown offenses,normal return,normal return,normal return,normal return,not updated,breakdown offenses,breakdown offenses,breakdown offenses,0,0,0,0,0,2,2,0,0,0,0,0,0,14,1,0,0,4,9,3,3,0,0,9,2,2,0,0,30,0,5,7,14,21,0,0,0,0,0,0,0,0,0,0,10,0,0,1,2,7,2,2,0,0,0,0,0,0,0,12,0,3,3,2,5,0,0,0,0,0,0,0,0,0,0,0,0,0,0,0,0,0,0,0,0,0,0,0,0,0,0,0,0,0,0,0,0,0,0,0,0,0,0,0,0,0,0,0,0,0,0,0,0,0,0,0,0,0,0,0,0,0,0,0,0,0,0
Sp: Washtenaw County,2013-11-01,Michigan,0,MI81081,breakdown offenses,normal return,normal return,normal return,normal return,not updated,breakdown offenses,breakdown offenses,breakdown offenses,0,0,0,0,0,3,3,0,0,0,0,0,0,16,1,1,0,0,14,1,1,0,0,8,2,0,1,1,30,0,2,5,11,16,0,0,3,3,0,0,0,0,0,0,12,2,0,1,1,8,1,1,0,0,1,0,0,0,0,17,0,4,7,2,9,0,0,1,1,0,0,0,0,0,0,0,0,0,0,0,0,0,0,0,0,0,0,0,0,0,1,0,0,1,0,1,0,0,0,0,0,0,0,0,0,0,0,0,0,0,0,0,0,0,0,0,0,0,0,0,0,0,0,0,0,0,0
Sp: Washtenaw County,2013-12-01,Michigan,0,MI81081,breakdown offenses,normal return,normal return,normal return,normal return,not updated,breakdown offenses,breakdown offenses,breakdown offenses,0,0,0,0,0,1,1,0,0,0,0,0,0,9,0,0,1,0,8,4,4,0,0,3,0,0,0,0,17,0,1,2,7,9,1,0,0,0,0,0,0,0,0,0,11,0,1,3,0,7,2,2,0,0,1,0,0,0,0,15,0,4,5,3,8,0,0,0,0,0,0,0,0,0,0,0,0,0,0,0,0,0,0,0,0,0,0,0,0,0,0,0,0,0,0,0,0,0,0,0,0,0,0,0,0,0,0,0,0,0,0,0,0,0,0,0,0,0,0,0,0,0,0,0,0,0,0
