agency,year,state,population,ORI,card_unfounded_pt,card_unfounded_type,card_actual_type,card_total_cleared_type,card_cleared_18_type,card_officers_type,card_actual_pt,card_total_cleared_pt,card_cleared_18_pt,officers_killed_by_felony,officers_killed_by_accident,officers_assaulted,actual_murder,actual_manslaughter,actual_rape_total,actual_rape_by_force,actual_rape_attempted,actual_robbery_total,actual_robbery_with_a_gun,actual_robbery_with_a_knife,actual_robbery_other_weapon,actual_robbery_unarmed,actual_assault_total,actual_assault_with_a_gun,actual_assault_with_a_knife,actual_assault_other_weapon,actual_assault_unarmed,actual_assault_simple,actual_burglary_total,actual_burglary_force_entry,actual_burglary_nonforce_entry,actual_burglary_attempted,actual_theft_total,actual_motor_vehicle_theft_total,actual_motor_vehicle_theft_car,actual_motor_vehicle_theft_truck,actual_motor_vehicle_theft_other,actual_all_crimes,actual_theft_under50_dollar,actual_assault_aggravated,actual_index_violent,actual_index_property,actual_index_total,total_cleared_murder,total_cleared_manslaughter,total_cleared_rape_total,total_cleared_rape_by_force,total_cleared_rape_attempted,total_cleared_robbery_total,total_cleared_robbery_with_a_gun,total_cleared_robbery_with_a_knife,total_cleared_robbery_other_weapon,total_cleared_robbery_unarmed,total_cleared_assault_total,total_cleared_assault_with_a_gun,total_cleared_assault_with_a_knife,total_cleared_assault_other_weapon,total_cleared_assault_unarmed,total_cleared_assault_simple,total_cleared_burglary_total,total_cleared_burglary_force_entry,total_cleared_burglary_nonforce_entry,total_cleared_burglary_attempted,total_cleared_theft_total,total_cleared_motor_vehicle_theft_total,total_cleared_motor_vehicle_theft_car,total_cleared_motor_vehicle_theft_truck,total_cleared_motor_vehicle_theft_other,total_cleared_all_crimes,total_cleared_theft_under50_dollar,total_cleared_assault_aggravated,total_cleared_index_violent,total_cleared_index_property,total_cleared_index_total,cleared_18_murder,cleared_18_manslaughter,cleared_18_rape_total,cleared_18_rape_by_force,cleared_18_rape_attempted,cleared_18_robbery_total,cleared_18_robbery_with_a_gun,cleared_18_robbery_with_a_knife,cleared_18_robbery_other_weapon,cleared_18_robbery_unarmed,cleared_18_assault_total,cleared_18_assault_with_a_gun,cleared_18_assault_with_a_knife,cleared_18_assault_other_weapon,cleared_18_assault_unarmed,cleared_18_assault_simple,cleared_18_burglary_total,cleared_18_burglary_force_entry,cleared_18_burglary_nonforce_entry,cleared_18_burglary_attempted,cleared_18_theft_total,cleared_18_motor_vehicle_theft_total,cleared_18_motor_vehicle_theft_car,cleared_18_motor_vehicle_theft_truck,cleared_18_motor_vehicle_theft_other,cleared_18_all_crimes,cleared_18_theft_under50_dollar,cleared_18_assault_aggravated,cleared_18_index_violent,cleared_18_index_property,cleared_18_index_total,unfounded_murder,unfounded_manslaughter,unfounded_rape_total,unfounded_rape_by_force,unfounded_rape_attempted,unfounded_robbery_total,unfounded_robbery_with_a_gun,unfounded_robbery_with_a_knife,unfounded_robbery_other_weapon,unfounded_robbery_unarmed,unfounded_assault_total,unfounded_assault_with_a_gun,unfounded_assault_with_a_knife,unfounded_assault_other_weapon,unfounded_assault_unarmed,unfounded_assault_simple,unfounded_burglary_total,unfounded_burglary_force_entry,unfounded_burglary_nonforce_entry,unfounded_burglary_attempted,unfounded_theft_total,unfounded_motor_vehicle_theft_total,unfounded_motor_vehicle_theft_car,unfounded_motor_vehicle_theft_truck,unfounded_motor_vehicle_theft_other,unfounded_all_crimes,unfounded_theft_under50_dollar,unfounded_assault_aggravated,unfounded_index_violent,unfounded_index_property,unfounded_index_total
Brighton Town Police Department,2023-12-01,New York,36095,NY02750,breakdown offenses,normal return,normal return,normal return,normal return,normal return,breakdown offenses,breakdown offenses,breakdown offenses,0,0,0,0,0,0,0,0,0,0,0,0,0,27,0,0,0,0,27,0,0,0,0,48,1,1,0,0,76,0,0,0,49,49,0,0,0,0,0,0,0,0,0,0,10,0,0,0,0,10,0,0,0,0,8,0,0,0,0,18,0,0,0,8,8,0,0,0,0,0,0,0,0,0,0,0,0,0,0,0,0,0,0,0,0,1,0,0,0,0,1,0,0,0,1,1,0,0,0,0,0,0,0,0,0,0,0,0,0,0,0,0,0,0,0,0,0,0,0,0,0,0,0,0,0,0,0
Brighton Town Police Department,2023-11-01,New York,36095,NY02750,breakdown offenses,normal return,normal return,normal return,normal return,normal return,breakdown offenses,breakdown offenses,breakdown offenses,0,0,0,0,0,2,2,0,0,0,0,0,0,24,0,0,0,0,24,6,4,2,0,45,5,5,0,0,82,0,0,2,56,58,0,0,0,0,0,0,0,0,0,0,6,0,0,1,0,5,0,0,0,0,8,0,0,0,0,14,0,1,1,8,9,0,0,0,0,0,0,0,0,0,0,1,0,0,0,0,1,0,0,0,0,1,0,0,0,0,2,0,0,0,1,1,0,0,0,0,0,0,0,0,0,0,0,0,0,0,0,0,0,0,0,0,0,0,0,0,0,0,0,0,0,0,0
Brighton Town Police Department,2023-10-01,New York,36095,NY02750,breakdown offenses,normal return,normal return,normal return,normal return,normal return,breakdown offenses,breakdown offenses,breakdown offenses,0,0,0,0,0,1,1,0,1,1,0,0,0,28,0,1,0,2,25,3,2,1,0,61,7,6,0,1,101,0,3,5,71,76,0,0,0,0,0,0,0,0,0,0,11,0,0,0,3,8,0,0,0,0,10,0,0,0,0,21,0,3,3,10,13,0,0,0,0,0,0,0,0,0,0,1,0,0,0,1,0,0,0,0,0,0,0,0,0,0,1,0,1,1,0,1,0,0,0,0,0,0,0,0,0,0,0,0,0,0,0,0,0,0,0,0,0,0,0,0,0,0,0,0,0,0,0
Brighton Town Police Department,2023-09-01,New York,36095,NY02750,breakdown offenses,normal return,normal return,normal return,normal return,normal return,breakdown offenses,breakdown offenses,breakdown offenses,0,0,0,0,0,0,0,0,1,0,0,0,1,27,0,1,0,2,24,3,1,2,0,47,16,16,0,0,94,0,3,4,66,70,0,0,0,0,0,1,0,0,0,1,14,0,0,0,1,13,1,1,0,0,9,3,3,0,0,28,0,1,2,13,15,0,0,0,0,0,0,0,0,0,0,1,0,0,0,0,1,0,0,0,0,1,1,1,0,0,3,0,0,0,2,2,0,0,0,0,0,0,0,0,0,0,0,0,0,0,0,0,0,0,0,0,0,0,0,0,0,0,0,0,0,0,0
Brighton Town Police Department,2023-08-01,New York,36095,NY02750,breakdown offenses,normal return,normal return,normal return,normal return,normal return,breakdown offenses,breakdown offenses,breakdown offenses,0,0,0,0,0,0,0,0,0,0,0,0,0,27,0,2,1,0,24,2,1,1,0,69,24,20,1,3,122,0,3,3,95,98,0,0,0,0,0,0,0,0,0,0,7,0,0,0,0,7,0,0,0,0,13,1,1,0,0,21,0,0,0,14,14,0,0,0,0,0,0,0,0,0,0,0,0,0,0,0,0,0,0,0,0,0,1,1,0,0,1,0,0,0,1,1,0,0,0,0,0,0,0,0,0,0,0,0,0,0,0,0,0,0,0,0,0,0,0,0,0,0,0,0,0,0,0
Brighton Town Police Department,2023-07-01,New York,36095,NY02750,breakdown offenses,normal return,normal return,normal return,normal return,normal return,breakdown offenses,breakdown offenses,breakdown offenses,0,0,0,0,0,1,1,0,2,0,0,0,2,25,0,0,0,0,25,7,3,2,2,68,48,48,0,0,151,0,0,3,123,126,0,0,1,1,0,0,0,0,0,0,13,1,0,0,0,12,1,1,0,0,1,1,1,0,0,17,0,1,2,3,5,0,0,0,0,0,0,0,0,0,0,0,0,0,0,0,0,0,0,0,0,0,1,1,0,0,1,0,0,0,1,1,0,0,0,0,0,0,0,0,0,0,0,0,0,0,0,0,0,0,0,0,0,0,0,0,0,0,0,0,0,0,0
Brighton Town Police Department,2023-06-01,New York,36095,NY02750,breakdown offenses,normal return,normal return,normal return,normal return,normal return,breakdown offenses,breakdown offenses,breakdown offenses,0,0,0,0,0,1,1,0,0,0,0,0,0,19,2,0,0,0,17,8,2,5,1,54,36,33,0,3,118,0,2,3,98,101,0,0,0,0,0,0,0,0,0,0,9,1,0,0,0,8,0,0,0,0,8,0,0,0,0,17,0,1,1,8,9,0,0,0,0,0,0,0,0,0,0,1,0,0,0,0,1,0,0,0,0,0,0,0,0,0,1,0,0,0,0,0,0,0,0,0,0,0,0,0,0,0,0,0,0,0,0,0,0,0,0,0,0,0,0,0,0,0,0,0,0,0,0
Brighton Town Police Department,2023-05-01,New York,36095,NY02750,breakdown offenses,normal return,normal return,normal return,normal return,normal return,breakdown offenses,breakdown offenses,breakdown offenses,0,0,0,0,0,0,0,0,0,0,0,0,0,34,2,2,1,0,29,5,5,0,0,55,31,29,0,2,125,0,5,5,91,96,0,0,0,0,0,0,0,0,0,0,13,1,2,0,0,10,0,0,0,0,3,3,3,0,0,19,0,3,3,6,9,0,0,0,0,0,0,0,0,0,0,0,0,0,0,0,0,0,0,0,0,0,0,0,0,0,0,0,0,0,0,0,0,0,0,0,0,0,0,0,0,0,0,0,0,0,0,0,0,0,0,0,0,0,0,0,0,0,0,0,0,0,0
Brighton Town Police Department,2023-04-01,New York,36095,NY02750,breakdown offenses,normal return,normal return,normal return,normal return,normal return,breakdown offenses,breakdown offenses,breakdown offenses,0,0,0,0,0,0,0,0,0,0,0,0,0,20,1,1,1,0,17,0,0,0,0,44,25,24,0,1,89,0,3,3,69,72,0,0,0,0,0,0,0,0,0,0,14,0,0,1,0,13,0,0,0,0,2,1,1,0,0,17,0,1,1,3,4,0,0,0,0,0,0,0,0,0,0,2,0,0,0,0,2,0,0,0,0,0,1,1,0,0,3,0,0,0,1,1,0,0,0,0,0,0,0,0,0,0,0,0,0,0,0,0,0,0,0,0,0,0,0,0,0,0,0,0,0,0,0
Brighton Town Police Department,2023-03-01,New York,36095,NY02750,breakdown offenses,normal return,normal return,normal return,normal return,normal return,breakdown offenses,breakdown offenses,breakdown offenses,0,0,0,0,0,0,0,0,0,0,0,0,0,20,0,2,0,0,18,7,4,2,1,47,17,16,0,1,91,0,2,2,71,73,0,0,0,0,0,0,0,0,0,0,4,0,2,0,0,2,2,2,0,0,3,0,0,0,0,9,0,2,2,5,7,0,0,0,0,0,0,0,0,0,0,0,0,0,0,0,0,0,0,0,0,0,0,0,0,0,0,0,0,0,0,0,0,0,0,0,0,0,0,0,0,0,0,0,0,0,0,0,0,0,0,0,0,0,0,0,0,0,0,0,0,0,0
Brighton Town Police Department,2023-02-01,New York,36095,NY02750,breakdown offenses,normal return,normal return,normal return,normal return,normal return,breakdown offenses,breakdown offenses,breakdown offenses,0,0,0,0,0,0,0,0,1,0,0,1,0,28,1,0,0,0,27,6,3,1,2,51,10,10,0,0,96,0,1,2,67,69,0,0,0,0,0,1,0,0,1,0,12,1,0,0,0,11,0,0,0,0,5,0,0,0,0,18,0,1,2,5,7,0,0,0,0,0,0,0,0,0,0,1,0,0,0,0,1,0,0,0,0,0,0,0,0,0,1,0,0,0,0,0,0,0,0,0,0,0,0,0,0,0,0,0,0,0,0,0,0,0,0,0,0,0,0,0,0,0,0,0,0,0,0
Brighton Town Police Department,2023-01-01,New York,36095,NY02750,breakdown offenses,normal return,normal return,normal return,normal return,normal return,breakdown offenses,breakdown offenses,breakdown offenses,0,0,0,0,0,0,0,0,2,0,0,2,0,14,0,0,0,0,14,1,1,0,0,48,24,23,0,1,89,0,0,2,73,75,0,0,0,0,0,1,0,0,1,0,5,0,0,0,0,5,2,1,1,0,4,1,1,0,0,13,0,0,1,7,8,0,0,0,0,0,0,0,0,0,0,0,0,0,0,0,0,0,0,0,0,0,0,0,0,0,0,0,0,0,0,0,0,0,0,0,0,0,0,0,0,0,0,0,0,0,0,0,0,0,0,0,0,0,0,0,0,0,0,0,0,0,0
Brighton Town Police Department,2022-12-01,New York,36380,NY02750,breakdown offenses,normal return,normal return,normal return,normal return,normal return,breakdown offenses,breakdown offenses,breakdown offenses,0,0,0,0,0,1,1,0,0,0,0,0,0,15,3,1,0,0,11,3,2,0,1,67,13,12,0,1,99,0,4,5,83,88,0,0,1,1,0,0,0,0,0,0,10,0,2,0,0,8,0,0,0,0,7,0,0,0,0,18,0,2,3,7,10,0,0,0,0,0,0,0,0,0,0,1,0,0,0,0,1,0,0,0,0,0,0,0,0,0,1,0,0,0,0,0,0,0,0,0,0,0,0,0,0,0,0,0,0,0,0,0,0,0,0,0,0,0,0,0,0,0,0,0,0,0,0
Brighton Town Police Department,2022-11-01,New York,36380,NY02750,breakdown offenses,normal return,normal return,normal return,normal return,normal return,breakdown offenses,breakdown offenses,breakdown offenses,0,0,0,0,0,1,1,0,0,0,0,0,0,22,1,2,0,0,19,3,0,3,0,72,12,12,0,0,110,0,3,4,87,91,0,0,0,0,0,0,0,0,0,0,7,0,0,0,0,7,1,0,1,0,5,0,0,0,0,13,0,0,0,6,6,0,0,0,0,0,0,0,0,0,0,1,0,0,0,0,1,0,0,0,0,0,0,0,0,0,1,0,0,0,0,0,0,0,0,0,0,0,0,0,0,0,0,0,0,0,0,0,0,0,0,0,0,0,0,0,0,0,0,0,0,0,0
Brighton Town Police Department,2022-10-01,New York,36380,NY02750,breakdown offenses,normal return,normal return,normal return,normal return,normal return,breakdown offenses,breakdown offenses,breakdown offenses,0,0,0,0,0,2,2,0,0,0,0,0,0,21,0,1,1,0,19,4,0,4,0,63,4,4,0,0,94,0,2,4,71,75,0,0,0,0,0,1,0,0,0,1,9,0,1,0,0,8,2,0,2,0,3,1,1,0,0,16,0,1,2,6,8,0,0,0,0,0,0,0,0,0,0,0,0,0,0,0,0,0,0,0,0,0,0,0,0,0,0,0,0,0,0,0,0,0,0,0,0,0,0,0,0,0,0,0,0,0,0,0,0,0,0,0,0,0,0,0,0,0,0,0,0,0,0
Brighton Town Police Department,2022-09-01,New York,36380,NY02750,breakdown offenses,normal return,normal return,normal return,normal return,normal return,breakdown offenses,breakdown offenses,breakdown offenses,0,0,0,0,0,1,1,0,0,0,0,0,0,21,0,0,1,0,20,10,6,3,1,58,4,4,0,0,94,0,1,2,72,74,0,0,1,1,0,0,0,0,0,0,10,0,0,0,0,10,2,2,0,0,6,0,0,0,0,19,0,0,1,8,9,0,0,0,0,0,0,0,0,0,0,1,0,0,0,0,1,0,0,0,0,0,0,0,0,0,1,0,0,0,0,0,0,0,0,0,0,0,0,0,0,0,0,0,0,0,0,0,0,0,0,0,0,0,0,0,0,0,0,0,0,0,0
Brighton Town Police Department,2022-08-01,New York,36380,NY02750,breakdown offenses,normal return,normal return,normal return,normal return,normal return,breakdown offenses,breakdown offenses,breakdown offenses,0,0,0,0,0,1,1,0,1,0,0,0,1,17,0,2,0,0,15,6,1,5,0,63,7,7,0,0,95,0,2,4,76,80,0,0,1,1,0,0,0,0,0,0,6,0,0,0,0,6,0,0,0,0,6,1,1,0,0,14,0,0,1,7,8,0,0,0,0,0,0,0,0,0,0,0,0,0,0,0,0,0,0,0,0,0,1,1,0,0,1,0,0,0,1,1,0,0,0,0,0,0,0,0,0,0,0,0,0,0,0,0,0,0,0,0,0,0,0,0,0,0,0,0,0,0,0
Brighton Town Police Department,2022-07-01,New York,36380,NY02750,breakdown offenses,normal return,normal return,normal return,normal return,normal return,breakdown offenses,breakdown offenses,breakdown offenses,0,0,0,0,0,0,0,0,1,0,0,0,1,24,0,1,0,0,23,10,2,7,1,49,10,9,0,1,94,0,1,2,69,71,0,0,0,0,0,0,0,0,0,0,9,0,1,0,0,8,0,0,0,0,5,2,2,0,0,16,0,1,1,7,8,0,0,0,0,0,0,0,0,0,0,0,0,0,0,0,0,0,0,0,0,0,1,1,0,0,1,0,0,0,1,1,0,0,0,0,0,0,0,0,0,0,0,0,0,0,0,0,0,0,0,0,0,0,0,0,0,0,0,0,0,0,0
Brighton Town Police Department,2022-06-01,New York,36380,NY02750,breakdown offenses,normal return,normal return,normal return,normal return,normal return,breakdown offenses,breakdown offenses,breakdown offenses,0,0,0,0,0,0,0,0,0,0,0,0,0,25,0,2,0,0,23,6,5,1,0,55,2,2,0,0,88,0,2,2,63,65,0,0,0,0,0,0,0,0,0,0,13,0,1,0,0,12,1,1,0,0,4,0,0,0,0,18,0,1,1,5,6,0,0,0,0,0,0,0,0,0,0,0,0,0,0,0,0,0,0,0,0,0,0,0,0,0,0,0,0,0,0,0,0,0,0,0,0,0,0,0,0,0,0,0,0,0,0,0,0,0,0,0,0,0,0,0,0,0,0,0,0,0,0
Brighton Town Police Department,2022-05-01,New York,36380,NY02750,breakdown offenses,normal return,normal return,normal return,normal return,normal return,breakdown offenses,breakdown offenses,breakdown offenses,0,0,0,0,0,1,1,0,0,0,0,0,0,24,0,0,0,0,24,3,3,0,0,50,2,1,0,1,80,0,0,1,55,56,0,0,1,1,0,0,0,0,0,0,7,0,0,0,1,6,0,0,0,0,3,0,0,0,0,11,0,1,2,3,5,0,0,0,0,0,0,0,0,0,0,1,0,0,0,0,1,0,0,0,0,0,0,0,0,0,1,0,0,0,0,0,0,0,0,0,0,0,0,0,0,0,0,0,0,0,0,0,0,0,0,0,0,0,0,0,0,0,0,0,0,0,0
Brighton Town Police Department,2022-04-01,New York,36380,NY02750,breakdown offenses,normal return,normal return,normal return,normal return,normal return,breakdown offenses,breakdown offenses,breakdown offenses,0,0,0,0,0,0,0,0,0,0,0,0,0,14,1,0,0,0,13,3,1,2,0,36,0,0,0,0,53,0,1,1,39,40,0,0,0,0,0,0,0,0,0,0,6,0,0,0,0,6,0,0,0,0,2,0,0,0,0,8,0,0,0,2,2,0,0,0,0,0,0,0,0,0,0,0,0,0,0,0,0,0,0,0,0,0,0,0,0,0,0,0,0,0,0,0,0,0,0,0,0,0,0,0,0,0,0,0,0,0,0,0,0,0,0,0,0,0,0,0,0,0,0,0,0,0,0
Brighton Town Police Department,2022-03-01,New York,36380,NY02750,breakdown offenses,normal return,normal return,normal return,normal return,normal return,breakdown offenses,breakdown offenses,breakdown offenses,0,0,0,0,0,2,2,0,1,0,0,0,1,19,0,1,0,2,16,2,2,0,0,35,2,2,0,0,61,0,3,6,39,45,0,0,1,1,0,0,0,0,0,0,9,0,0,0,1,8,0,0,0,0,3,0,0,0,0,13,0,1,2,3,5,0,0,0,0,0,0,0,0,0,0,1,0,0,0,0,1,0,0,0,0,0,0,0,0,0,1,0,0,0,0,0,0,0,0,0,0,0,0,0,0,0,0,0,0,0,0,0,0,0,0,0,0,0,0,0,0,0,0,0,0,0,0
Brighton Town Police Department,2022-02-01,New York,36380,NY02750,breakdown offenses,normal return,normal return,normal return,normal return,normal return,breakdown offenses,breakdown offenses,breakdown offenses,0,0,0,0,0,0,0,0,0,0,0,0,0,12,0,0,0,0,12,4,2,2,0,21,4,3,0,1,41,0,0,0,29,29,0,0,0,0,0,0,0,0,0,0,4,0,0,0,0,4,0,0,0,0,3,0,0,0,0,7,0,0,0,3,3,0,0,0,0,0,0,0,0,0,0,0,0,0,0,0,0,0,0,0,0,0,0,0,0,0,0,0,0,0,0,0,0,0,0,0,0,0,0,0,0,0,0,0,0,0,0,0,0,0,0,0,0,0,0,0,0,0,0,0,0,0,0
Brighton Town Police Department,2022-01-01,New York,36380,NY02750,breakdown offenses,normal return,normal return,normal return,normal return,normal return,breakdown offenses,breakdown offenses,breakdown offenses,0,0,0,0,0,0,0,0,0,0,0,0,0,21,0,0,0,0,21,1,0,1,0,45,1,1,0,0,68,0,0,0,47,47,0,0,0,0,0,0,0,0,0,0,8,0,0,0,0,8,0,0,0,0,9,0,0,0,0,17,0,0,0,9,9,0,0,0,0,0,0,0,0,0,0,3,0,0,0,0,3,0,0,0,0,0,0,0,0,0,3,0,0,0,0,0,0,0,0,0,0,0,0,0,0,0,0,0,0,0,0,0,0,0,0,0,0,0,0,0,0,0,0,0,0,0,0
Brighton Town Police Department,2021-12-01,New York,35689,NY02750,breakdown offenses,normal return,normal return,normal return,normal return,normal return,breakdown offenses,breakdown offenses,breakdown offenses,0,0,0,0,0,0,0,0,1,0,1,0,0,25,0,1,0,0,24,6,3,3,0,47,1,1,0,0,80,0,1,2,54,56,0,0,0,0,0,1,0,1,0,0,6,0,1,0,0,5,0,0,0,0,3,0,0,0,0,10,0,1,2,3,5,0,0,0,0,0,0,0,0,0,0,0,0,0,0,0,0,0,0,0,0,0,0,0,0,0,0,0,0,0,0,0,0,0,0,0,0,0,0,0,0,0,0,0,0,0,0,0,0,0,0,0,0,0,0,0,0,0,0,0,0,0,0
Brighton Town Police Department,2021-11-01,New York,35689,NY02750,breakdown offenses,normal return,normal return,normal return,normal return,normal return,breakdown offenses,breakdown offenses,breakdown offenses,0,0,0,0,0,0,0,0,0,0,0,0,0,24,0,0,0,0,24,11,6,5,0,50,8,8,0,0,93,0,0,0,69,69,0,0,0,0,0,0,0,0,0,0,10,0,0,0,0,10,2,0,2,0,5,2,2,0,0,19,0,0,0,9,9,0,0,0,0,0,0,0,0,0,0,4,0,0,0,0,4,0,0,0,0,0,1,1,0,0,5,0,0,0,1,1,0,0,0,0,0,0,0,0,0,0,0,0,0,0,0,0,0,0,0,0,0,0,0,0,0,0,0,0,0,0,0
Brighton Town Police Department,2021-10-01,New York,35689,NY02750,breakdown offenses,normal return,normal return,normal return,normal return,normal return,breakdown offenses,breakdown offenses,breakdown offenses,0,0,0,0,0,2,2,0,0,0,0,0,0,17,0,0,0,0,17,7,4,3,0,61,6,6,0,0,93,0,0,2,74,76,0,0,1,1,0,0,0,0,0,0,6,0,0,0,0,6,2,1,1,0,3,1,1,0,0,13,0,0,1,6,7,0,0,1,1,0,0,0,0,0,0,0,0,0,0,0,0,0,0,0,0,0,0,0,0,0,1,0,0,1,0,1,0,0,0,0,0,0,0,0,0,0,0,0,0,0,0,0,0,0,0,0,0,0,0,0,0,0,0,0,0,0,0
Brighton Town Police Department,2021-09-01,New York,35689,NY02750,breakdown offenses,normal return,normal return,normal return,normal return,normal return,breakdown offenses,breakdown offenses,breakdown offenses,0,0,0,0,0,0,0,0,0,0,0,0,0,22,0,0,0,0,22,11,7,3,1,58,1,1,0,0,92,0,0,0,70,70,0,0,0,0,0,0,0,0,0,0,7,0,0,0,0,7,1,1,0,0,3,0,0,0,0,11,0,0,0,4,4,0,0,0,0,0,0,0,0,0,0,0,0,0,0,0,0,0,0,0,0,0,0,0,0,0,0,0,0,0,0,0,0,0,0,0,0,0,0,0,0,0,0,0,0,0,0,0,0,0,0,0,0,0,0,0,0,0,0,0,0,0,0
Brighton Town Police Department,2021-08-01,New York,35689,NY02750,breakdown offenses,normal return,normal return,normal return,normal return,normal return,breakdown offenses,breakdown offenses,breakdown offenses,0,0,0,0,0,2,2,0,0,0,0,0,0,17,1,0,0,1,15,3,1,1,1,37,1,1,0,0,60,0,2,4,41,45,0,0,1,1,0,0,0,0,0,0,5,0,0,0,1,4,0,0,0,0,0,0,0,0,0,6,0,1,2,0,2,0,0,1,1,0,0,0,0,0,0,1,0,0,0,0,1,0,0,0,0,0,0,0,0,0,2,0,0,1,0,1,0,0,0,0,0,0,0,0,0,0,0,0,0,0,0,0,0,0,0,0,0,0,0,0,0,0,0,0,0,0,0
Brighton Town Police Department,2021-07-01,New York,35689,NY02750,breakdown offenses,normal return,normal return,normal return,normal return,normal return,breakdown offenses,breakdown offenses,breakdown offenses,0,0,0,0,0,0,0,0,0,0,0,0,0,10,0,0,0,0,10,7,1,5,1,71,1,1,0,0,89,0,0,0,79,79,0,0,0,0,0,1,0,0,1,0,8,0,0,0,0,8,2,1,1,0,6,1,1,0,0,18,0,0,1,9,10,0,0,0,0,0,0,0,0,0,0,1,0,0,0,0,1,0,0,0,0,0,1,1,0,0,2,0,0,0,1,1,0,0,0,0,0,0,0,0,0,0,0,0,0,0,0,0,0,0,0,0,0,0,0,0,0,0,0,0,0,0,0
Brighton Town Police Department,2021-06-01,New York,35689,NY02750,breakdown offenses,normal return,normal return,normal return,normal return,normal return,breakdown offenses,breakdown offenses,breakdown offenses,0,0,0,0,0,0,0,0,2,0,0,0,2,20,0,1,1,0,18,10,0,9,1,50,3,3,0,0,85,0,2,4,63,67,0,0,0,0,0,0,0,0,0,0,16,0,1,1,0,14,0,0,0,0,5,1,1,0,0,22,0,2,2,6,8,0,0,0,0,0,0,0,0,0,0,1,0,0,0,0,1,0,0,0,0,0,0,0,0,0,1,0,0,0,0,0,0,0,0,0,0,0,0,0,0,0,0,0,0,0,0,0,0,0,0,0,0,0,0,0,0,0,0,0,0,0,0
Brighton Town Police Department,2021-05-01,New York,35689,NY02750,breakdown offenses,normal return,normal return,normal return,normal return,normal return,breakdown offenses,breakdown offenses,breakdown offenses,0,0,0,0,0,0,0,0,1,0,0,1,0,18,0,1,0,2,15,3,0,3,0,51,4,4,0,0,77,0,3,4,58,62,0,0,0,0,0,0,0,0,0,0,14,0,0,0,0,14,1,0,1,0,6,0,0,0,0,21,0,0,0,7,7,0,0,0,0,0,0,0,0,0,0,0,0,0,0,0,0,0,0,0,0,1,0,0,0,0,1,0,0,0,1,1,0,0,0,0,0,0,0,0,0,0,0,0,0,0,0,0,0,0,0,0,0,0,0,0,0,0,0,0,0,0,0
Brighton Town Police Department,2021-04-01,New York,35689,NY02750,breakdown offenses,normal return,normal return,normal return,normal return,normal return,breakdown offenses,breakdown offenses,breakdown offenses,0,0,0,0,0,0,0,0,0,0,0,0,0,18,1,0,1,0,16,4,0,3,1,26,3,3,0,0,51,0,2,2,33,35,0,0,0,0,0,1,1,0,0,0,11,0,0,2,0,9,0,0,0,0,4,1,1,0,0,17,0,2,3,5,8,0,0,0,0,0,0,0,0,0,0,2,0,0,0,0,2,0,0,0,0,1,0,0,0,0,3,0,0,0,1,1,0,0,0,0,0,0,0,0,0,0,0,0,0,0,0,0,0,0,0,0,0,0,0,0,0,0,0,0,0,0,0
Brighton Town Police Department,2021-03-01,New York,35689,NY02750,breakdown offenses,normal return,normal return,normal return,normal return,normal return,breakdown offenses,breakdown offenses,breakdown offenses,0,0,0,0,0,0,0,0,1,0,0,1,0,23,0,0,1,0,22,5,0,5,0,44,0,0,0,0,73,0,1,2,49,51,0,0,0,0,0,1,0,0,1,0,13,0,0,1,0,12,1,0,1,0,8,0,0,0,0,23,0,1,2,9,11,0,0,0,0,0,0,0,0,0,0,2,0,0,1,0,1,0,0,0,0,0,0,0,0,0,2,0,1,1,0,1,0,0,0,0,0,0,0,0,0,0,0,0,0,0,0,0,0,0,0,0,0,0,0,0,0,0,0,0,0,0,0
Brighton Town Police Department,2021-02-01,New York,35689,NY02750,breakdown offenses,normal return,normal return,normal return,normal return,normal return,breakdown offenses,breakdown offenses,breakdown offenses,0,0,0,1,0,0,0,0,0,0,0,0,0,25,0,1,1,0,23,2,0,2,0,33,4,4,0,0,65,0,2,3,39,42,1,0,0,0,0,0,0,0,0,0,16,0,1,0,0,15,0,0,0,0,5,2,2,0,0,24,0,1,2,7,9,0,0,0,0,0,0,0,0,0,0,2,0,0,0,0,2,0,0,0,0,1,0,0,0,0,3,0,0,0,1,1,0,0,0,0,0,0,0,0,0,0,0,0,0,0,0,0,0,0,0,0,0,0,0,0,0,0,0,0,0,0,0
Brighton Town Police Department,2021-01-01,New York,35689,NY02750,breakdown offenses,normal return,normal return,normal return,normal return,normal return,breakdown offenses,breakdown offenses,breakdown offenses,0,0,0,0,0,2,2,0,0,0,0,0,0,15,0,0,0,0,15,2,0,2,0,42,3,3,0,0,64,0,0,2,47,49,0,0,2,2,0,0,0,0,0,0,12,0,0,0,0,12,0,0,0,0,3,3,3,0,0,20,0,0,2,6,8,0,0,0,0,0,0,0,0,0,0,4,0,0,0,0,4,0,0,0,0,0,0,0,0,0,4,0,0,0,0,0,0,0,0,0,0,0,0,0,0,0,0,0,0,0,0,0,0,0,0,0,0,0,0,0,0,0,0,0,0,0,0
Brighton Town Police Department,2020-12-01,New York,35853,NY02750,breakdown offenses,normal return,normal return,normal return,normal return,normal return,breakdown offenses,breakdown offenses,breakdown offenses,0,0,0,0,0,0,0,0,2,1,0,1,0,12,0,0,2,1,9,3,0,3,0,55,5,5,0,0,77,0,3,5,63,68,0,0,0,0,0,1,0,0,1,0,7,0,0,0,1,6,0,0,0,0,10,1,1,0,0,19,0,1,2,11,13,0,0,0,0,0,0,0,0,0,0,1,0,0,0,0,1,0,0,0,0,2,1,1,0,0,4,0,0,0,3,3,0,0,0,0,0,0,0,0,0,0,0,0,0,0,0,0,0,0,0,0,0,0,0,0,0,0,0,0,0,0,0
Brighton Town Police Department,2020-11-01,New York,35853,NY02750,breakdown offenses,normal return,normal return,normal return,normal return,normal return,breakdown offenses,breakdown offenses,breakdown offenses,0,0,0,0,0,1,1,0,0,0,0,0,0,18,0,0,0,0,18,5,0,5,0,60,3,3,0,0,87,0,0,1,68,69,0,0,0,0,0,0,0,0,0,0,18,0,0,0,1,17,1,0,1,0,5,0,0,0,0,24,0,1,1,6,7,0,0,0,0,0,0,0,0,0,0,4,0,0,0,0,4,0,0,0,0,2,0,0,0,0,6,0,0,0,2,2,0,0,0,0,0,0,0,0,0,0,0,0,0,0,0,0,0,0,0,0,0,0,0,0,0,0,0,0,0,0,0
Brighton Town Police Department,2020-10-01,New York,35853,NY02750,breakdown offenses,normal return,normal return,normal return,normal return,normal return,breakdown offenses,breakdown offenses,breakdown offenses,0,0,0,0,0,1,1,0,1,0,0,0,1,21,0,1,0,2,18,6,0,6,0,77,0,0,0,0,106,0,3,5,83,88,0,0,0,0,0,1,0,0,0,1,21,0,2,1,1,17,1,0,1,0,14,0,0,0,0,37,0,4,5,15,20,0,0,0,0,0,0,0,0,0,0,3,0,0,1,0,2,0,0,0,0,7,0,0,0,0,10,0,1,1,7,8,0,0,0,0,0,0,0,0,0,0,0,0,0,0,0,0,0,0,0,0,0,0,0,0,0,0,0,0,0,0,0
Brighton Town Police Department,2020-09-01,New York,35853,NY02750,breakdown offenses,normal return,normal return,normal return,normal return,normal return,breakdown offenses,breakdown offenses,breakdown offenses,0,0,0,0,0,2,2,0,0,0,0,0,0,23,0,0,6,0,17,11,0,10,1,76,4,3,0,1,116,0,6,8,91,99,0,0,1,1,0,0,0,0,0,0,21,0,0,5,0,16,2,0,2,0,10,0,0,0,0,34,0,5,6,12,18,0,0,0,0,0,0,0,0,0,0,0,0,0,0,0,0,0,0,0,0,2,0,0,0,0,2,0,0,0,2,2,0,0,0,0,0,0,0,0,0,0,0,0,0,0,0,0,0,0,0,0,0,0,0,0,0,0,0,0,0,0,0
Brighton Town Police Department,2020-08-01,New York,35853,NY02750,breakdown offenses,normal return,normal return,normal return,normal return,normal return,breakdown offenses,breakdown offenses,breakdown offenses,0,0,0,0,0,0,0,0,1,0,0,1,0,17,0,0,1,0,16,5,0,5,0,49,5,5,0,0,77,0,1,2,59,61,0,0,0,0,0,1,0,0,1,0,15,0,0,1,0,14,1,0,1,0,3,0,0,0,0,20,0,1,2,4,6,0,0,0,0,0,0,0,0,0,0,1,0,0,0,0,1,0,0,0,0,0,0,0,0,0,1,0,0,0,0,0,0,0,0,0,0,0,0,0,0,0,0,0,0,0,0,0,0,0,0,0,0,0,0,0,0,0,0,0,0,0,0
Brighton Town Police Department,2020-07-01,New York,35853,NY02750,breakdown offenses,normal return,normal return,normal return,normal return,normal return,breakdown offenses,breakdown offenses,breakdown offenses,0,0,0,0,0,0,0,0,0,0,0,0,0,24,0,1,0,2,21,3,0,3,0,33,3,2,1,0,63,0,3,3,39,42,0,0,0,0,0,0,0,0,0,0,18,0,0,0,2,16,3,0,3,0,6,1,1,0,0,28,0,2,2,10,12,0,0,0,0,0,0,0,0,0,0,1,0,0,0,0,1,0,0,0,0,1,1,1,0,0,3,0,0,0,2,2,0,0,0,0,0,0,0,0,0,0,0,0,0,0,0,0,0,0,0,0,0,0,0,0,0,0,0,0,0,0,0
Brighton Town Police Department,2020-06-01,New York,35853,NY02750,breakdown offenses,normal return,normal return,normal return,normal return,normal return,breakdown offenses,breakdown offenses,breakdown offenses,0,0,0,0,0,0,0,0,0,0,0,0,0,21,0,3,0,0,18,12,0,12,0,34,4,3,0,1,71,0,3,3,50,53,0,0,0,0,0,0,0,0,0,0,15,0,1,0,0,14,1,0,1,0,5,0,0,0,0,21,0,1,1,6,7,0,0,0,0,0,0,0,0,0,0,2,0,0,0,0,2,0,0,0,0,0,0,0,0,0,2,0,0,0,0,0,0,0,0,0,0,0,0,0,0,0,0,0,0,0,0,0,0,0,0,0,0,0,0,0,0,0,0,0,0,0,0
Brighton Town Police Department,2020-05-01,New York,35853,NY02750,breakdown offenses,normal return,normal return,normal return,normal return,normal return,breakdown offenses,breakdown offenses,breakdown offenses,0,0,0,0,0,1,1,0,0,0,0,0,0,15,0,0,0,0,15,9,0,7,2,32,2,1,0,1,59,0,0,1,43,44,0,0,2,2,0,0,0,0,0,0,12,0,0,0,0,12,1,0,1,0,12,0,0,0,0,27,0,0,2,13,15,0,0,2,2,0,0,0,0,0,0,1,0,0,0,0,1,0,0,0,0,0,0,0,0,0,3,0,0,2,0,2,0,0,0,0,0,0,0,0,0,0,0,0,0,0,0,0,0,0,0,0,0,0,0,0,0,0,0,0,0,0,0
Brighton Town Police Department,2020-04-01,New York,35853,NY02750,breakdown offenses,normal return,normal return,normal return,normal return,normal return,breakdown offenses,breakdown offenses,breakdown offenses,0,0,0,0,0,0,0,0,1,0,0,0,1,8,0,0,0,0,8,6,0,6,0,62,3,3,0,0,80,0,0,1,71,72,0,0,0,0,0,1,0,0,0,1,4,0,0,0,0,4,3,0,3,0,9,1,1,0,0,18,0,0,1,13,14,0,0,0,0,0,0,0,0,0,0,0,0,0,0,0,0,2,0,2,0,0,0,0,0,0,2,0,0,0,2,2,0,0,0,0,0,0,0,0,0,0,0,0,0,0,0,0,0,0,0,0,0,0,0,0,0,0,0,0,0,0,0
Brighton Town Police Department,2020-03-01,New York,35853,NY02750,breakdown offenses,normal return,normal return,normal return,normal return,normal return,breakdown offenses,breakdown offenses,breakdown offenses,0,0,0,0,0,2,2,0,0,0,0,0,0,5,0,0,0,1,4,2,0,2,0,22,0,0,0,0,31,0,1,3,24,27,0,0,0,0,0,0,0,0,0,0,3,0,0,0,1,2,0,0,0,0,2,0,0,0,0,5,0,1,1,2,3,0,0,0,0,0,0,0,0,0,0,0,0,0,0,0,0,0,0,0,0,0,0,0,0,0,0,0,0,0,0,0,0,0,0,0,0,0,0,0,0,0,0,0,0,0,0,0,0,0,0,0,0,0,0,0,0,0,0,0,0,0,0
Brighton Town Police Department,2020-02-01,New York,35853,NY02750,breakdown offenses,normal return,normal return,normal return,normal return,normal return,breakdown offenses,breakdown offenses,breakdown offenses,0,0,0,0,0,2,2,0,0,0,0,0,0,25,0,0,1,0,24,4,0,4,0,52,4,4,0,0,87,0,1,3,60,63,0,0,1,1,0,0,0,0,0,0,22,0,0,1,0,21,0,0,0,0,8,1,1,0,0,32,0,1,2,9,11,0,0,0,0,0,0,0,0,0,0,2,0,0,0,0,2,0,0,0,0,1,0,0,0,0,3,0,0,0,1,1,0,0,0,0,0,0,0,0,0,0,0,0,0,0,0,0,0,0,0,0,0,0,0,0,0,0,0,0,0,0,0
Brighton Town Police Department,2020-01-01,New York,35853,NY02750,breakdown offenses,normal return,normal return,normal return,normal return,normal return,breakdown offenses,breakdown offenses,breakdown offenses,0,0,0,0,0,1,1,0,0,0,0,0,0,14,0,1,0,0,13,5,0,5,0,68,2,2,0,0,90,0,1,2,75,77,0,0,1,1,0,0,0,0,0,0,9,0,1,0,0,8,0,0,0,0,12,0,0,0,0,22,0,1,2,12,14,0,0,0,0,0,0,0,0,0,0,0,0,0,0,0,0,0,0,0,0,0,0,0,0,0,0,0,0,0,0,0,0,0,0,0,0,0,0,0,0,0,0,0,0,0,0,0,0,0,0,0,0,0,0,0,0,0,0,0,0,0,0
Brighton Town Police Department,2019-12-01,New York,36036,NY02750,breakdown offenses,normal return,normal return,normal return,normal return,normal return,breakdown offenses,breakdown offenses,breakdown offenses,0,0,0,0,0,0,0,0,0,0,0,0,0,22,1,0,1,1,19,9,0,9,0,38,0,0,0,0,69,0,3,3,47,50,0,0,0,0,0,0,0,0,0,0,13,1,0,1,1,10,0,0,0,0,3,0,0,0,0,16,0,3,3,3,6,0,0,0,0,0,0,0,0,0,0,2,0,0,0,0,2,0,0,0,0,1,0,0,0,0,3,0,0,0,1,1,0,0,0,0,0,0,0,0,0,0,0,0,0,0,0,0,0,0,0,0,0,0,0,0,0,0,0,0,0,0,0
Brighton Town Police Department,2019-12-01,New York,36036,NY02750,breakdown offenses,normal return,normal return,normal return,normal return,normal return,breakdown offenses,breakdown offenses,breakdown offenses,0,0,0,0,0,0,0,0,0,0,0,0,0,22,1,0,1,1,19,9,0,9,0,38,0,0,0,0,69,0,3,3,47,50,0,0,0,0,0,0,0,0,0,0,13,1,0,1,1,10,0,0,0,0,3,0,0,0,0,16,0,3,3,3,6,0,0,0,0,0,0,0,0,0,0,2,0,0,0,0,2,0,0,0,0,1,0,0,0,0,3,0,0,0,1,1,0,0,0,0,0,0,0,0,0,0,0,0,0,0,0,0,0,0,0,0,0,0,0,0,0,0,0,0,0,0,0
Brighton Town Police Department,2019-11-01,New York,36036,NY02750,breakdown offenses,normal return,normal return,normal return,normal return,normal return,breakdown offenses,breakdown offenses,breakdown offenses,0,0,0,0,0,2,2,0,0,0,0,0,0,15,0,0,0,1,14,8,0,8,0,35,6,6,0,0,66,0,1,3,49,52,0,0,2,2,0,0,0,0,0,0,14,0,0,0,1,13,0,0,0,0,6,3,3,0,0,25,0,1,3,9,12,0,0,0,0,0,0,0,0,0,0,3,0,0,0,0,3,0,0,0,0,0,0,0,0,0,3,0,0,0,0,0,0,0,0,0,0,0,0,0,0,0,0,0,0,0,0,0,0,0,0,0,0,0,0,0,0,0,0,0,0,0,0
Brighton Town Police Department,2019-11-01,New York,36036,NY02750,breakdown offenses,normal return,normal return,normal return,normal return,normal return,breakdown offenses,breakdown offenses,breakdown offenses,0,0,0,0,0,2,2,0,0,0,0,0,0,15,0,0,0,1,14,8,0,8,0,35,6,6,0,0,66,0,1,3,49,52,0,0,2,2,0,0,0,0,0,0,14,0,0,0,1,13,0,0,0,0,6,3,3,0,0,25,0,1,3,9,12,0,0,0,0,0,0,0,0,0,0,3,0,0,0,0,3,0,0,0,0,0,0,0,0,0,3,0,0,0,0,0,0,0,0,0,0,0,0,0,0,0,0,0,0,0,0,0,0,0,0,0,0,0,0,0,0,0,0,0,0,0,0
Brighton Town Police Department,2019-10-01,New York,36036,NY02750,breakdown offenses,normal return,normal return,normal return,normal return,normal return,breakdown offenses,breakdown offenses,breakdown offenses,0,0,0,0,0,0,0,0,1,1,0,0,0,12,0,0,0,0,12,7,0,7,0,64,1,1,0,0,85,0,0,1,72,73,0,0,0,0,0,0,0,0,0,0,11,0,0,0,0,11,1,0,1,0,5,0,0,0,0,17,0,0,0,6,6,0,0,0,0,0,0,0,0,0,0,2,0,0,0,0,2,1,0,1,0,0,0,0,0,0,3,0,0,0,1,1,0,0,0,0,0,0,0,0,0,0,0,0,0,0,0,0,0,0,0,0,0,0,0,0,0,0,0,0,0,0,0
Brighton Town Police Department,2019-10-01,New York,36036,NY02750,breakdown offenses,normal return,normal return,normal return,normal return,normal return,breakdown offenses,breakdown offenses,breakdown offenses,0,0,0,0,0,0,0,0,1,1,0,0,0,12,0,0,0,0,12,7,0,7,0,64,1,1,0,0,85,0,0,1,72,73,0,0,0,0,0,0,0,0,0,0,11,0,0,0,0,11,1,0,1,0,5,0,0,0,0,17,0,0,0,6,6,0,0,0,0,0,0,0,0,0,0,2,0,0,0,0,2,1,0,1,0,0,0,0,0,0,3,0,0,0,1,1,0,0,0,0,0,0,0,0,0,0,0,0,0,0,0,0,0,0,0,0,0,0,0,0,0,0,0,0,0,0,0
Brighton Town Police Department,2019-09-01,New York,36036,NY02750,breakdown offenses,normal return,normal return,normal return,normal return,normal return,breakdown offenses,breakdown offenses,breakdown offenses,0,0,0,0,0,1,1,0,1,1,0,0,0,26,0,2,2,0,22,8,0,8,0,41,2,2,0,0,79,0,4,6,51,57,0,0,1,1,0,0,0,0,0,0,16,0,1,2,0,13,3,0,3,0,3,1,1,0,0,24,0,3,4,7,11,0,0,1,1,0,0,0,0,0,0,3,0,0,1,0,2,0,0,0,0,0,0,0,0,0,4,0,1,2,0,2,0,0,0,0,0,0,0,0,0,0,0,0,0,0,0,0,0,0,0,0,0,0,0,0,0,0,0,0,0,0,0
Brighton Town Police Department,2019-09-01,New York,36036,NY02750,breakdown offenses,normal return,normal return,normal return,normal return,normal return,breakdown offenses,breakdown offenses,breakdown offenses,0,0,0,0,0,1,1,0,1,1,0,0,0,26,0,2,2,0,22,8,0,8,0,41,2,2,0,0,79,0,4,6,51,57,0,0,1,1,0,0,0,0,0,0,16,0,1,2,0,13,3,0,3,0,3,1,1,0,0,24,0,3,4,7,11,0,0,1,1,0,0,0,0,0,0,3,0,0,1,0,2,0,0,0,0,0,0,0,0,0,4,0,1,2,0,2,0,0,0,0,0,0,0,0,0,0,0,0,0,0,0,0,0,0,0,0,0,0,0,0,0,0,0,0,0,0,0
Brighton Town Police Department,2019-08-01,New York,36036,NY02750,breakdown offenses,normal return,normal return,normal return,normal return,normal return,breakdown offenses,breakdown offenses,breakdown offenses,0,0,0,0,0,0,0,0,1,0,0,1,0,19,0,0,0,0,19,11,0,11,0,57,2,2,0,0,90,0,0,1,70,71,0,0,0,0,0,1,0,0,1,0,13,0,0,0,0,13,2,0,2,0,7,1,1,0,0,24,0,0,1,10,11,0,0,0,0,0,0,0,0,0,0,2,0,0,0,0,2,0,0,0,0,0,0,0,0,0,2,0,0,0,0,0,0,0,0,0,0,0,0,0,0,0,0,0,0,0,0,0,0,0,0,0,0,0,0,0,0,0,0,0,0,0,0
Brighton Town Police Department,2019-08-01,New York,36036,NY02750,breakdown offenses,normal return,normal return,normal return,normal return,normal return,breakdown offenses,breakdown offenses,breakdown offenses,0,0,0,0,0,0,0,0,1,0,0,1,0,19,0,0,0,0,19,11,0,11,0,57,2,2,0,0,90,0,0,1,70,71,0,0,0,0,0,1,0,0,1,0,13,0,0,0,0,13,2,0,2,0,7,1,1,0,0,24,0,0,1,10,11,0,0,0,0,0,0,0,0,0,0,2,0,0,0,0,2,0,0,0,0,0,0,0,0,0,2,0,0,0,0,0,0,0,0,0,0,0,0,0,0,0,0,0,0,0,0,0,0,0,0,0,0,0,0,0,0,0,0,0,0,0,0
Brighton Town Police Department,2019-07-01,New York,36036,NY02750,breakdown offenses,normal return,normal return,normal return,normal return,normal return,breakdown offenses,breakdown offenses,breakdown offenses,0,0,0,0,0,1,1,0,0,0,0,0,0,16,1,0,0,0,15,10,0,10,0,53,1,1,0,0,81,0,1,2,64,66,0,0,0,0,0,0,0,0,0,0,11,1,0,0,0,10,1,0,1,0,6,0,0,0,0,18,0,1,1,7,8,0,0,0,0,0,0,0,0,0,0,0,0,0,0,0,0,0,0,0,0,0,0,0,0,0,0,0,0,0,0,0,0,0,0,0,0,0,0,0,0,0,0,0,0,0,0,0,0,0,0,0,0,0,0,0,0,0,0,0,0,0,0
Brighton Town Police Department,2019-07-01,New York,36036,NY02750,breakdown offenses,normal return,normal return,normal return,normal return,normal return,breakdown offenses,breakdown offenses,breakdown offenses,0,0,0,0,0,1,1,0,0,0,0,0,0,16,1,0,0,0,15,10,0,10,0,53,1,1,0,0,81,0,1,2,64,66,0,0,0,0,0,0,0,0,0,0,11,1,0,0,0,10,1,0,1,0,6,0,0,0,0,18,0,1,1,7,8,0,0,0,0,0,0,0,0,0,0,0,0,0,0,0,0,0,0,0,0,0,0,0,0,0,0,0,0,0,0,0,0,0,0,0,0,0,0,0,0,0,0,0,0,0,0,0,0,0,0,0,0,0,0,0,0,0,0,0,0,0,0
Brighton Town Police Department,2019-06-01,New York,36036,NY02750,breakdown offenses,normal return,normal return,normal return,normal return,normal return,breakdown offenses,breakdown offenses,breakdown offenses,0,0,0,0,0,0,0,0,0,0,0,0,0,20,0,0,1,0,19,6,0,6,0,56,2,2,0,0,84,0,1,1,64,65,0,0,0,0,0,0,0,0,0,0,14,0,0,1,0,13,0,0,0,0,3,0,0,0,0,17,0,1,1,3,4,0,0,0,0,0,0,0,0,0,0,2,0,0,0,0,2,0,0,0,0,0,0,0,0,0,2,0,0,0,0,0,0,0,0,0,0,0,0,0,0,0,0,0,0,0,0,0,0,0,0,0,0,0,0,0,0,0,0,0,0,0,0
Brighton Town Police Department,2019-06-01,New York,36036,NY02750,breakdown offenses,normal return,normal return,normal return,normal return,normal return,breakdown offenses,breakdown offenses,breakdown offenses,0,0,0,0,0,0,0,0,0,0,0,0,0,20,0,0,1,0,19,6,0,6,0,56,2,2,0,0,84,0,1,1,64,65,0,0,0,0,0,0,0,0,0,0,14,0,0,1,0,13,0,0,0,0,3,0,0,0,0,17,0,1,1,3,4,0,0,0,0,0,0,0,0,0,0,2,0,0,0,0,2,0,0,0,0,0,0,0,0,0,2,0,0,0,0,0,0,0,0,0,0,0,0,0,0,0,0,0,0,0,0,0,0,0,0,0,0,0,0,0,0,0,0,0,0,0,0
Brighton Town Police Department,2019-05-01,New York,36036,NY02750,breakdown offenses,normal return,normal return,normal return,normal return,normal return,breakdown offenses,breakdown offenses,breakdown offenses,0,0,0,0,0,0,0,0,0,0,0,0,0,21,0,2,0,0,19,5,0,5,0,44,4,4,0,0,74,0,2,2,53,55,0,0,0,0,0,0,0,0,0,0,16,0,2,0,0,14,2,0,2,0,3,1,1,0,0,22,0,2,2,6,8,0,0,0,0,0,0,0,0,0,0,1,0,0,0,0,1,0,0,0,0,0,0,0,0,0,1,0,0,0,0,0,0,0,0,0,0,0,0,0,0,0,0,0,0,0,0,0,0,0,0,0,0,0,0,0,0,0,0,0,0,0,0
Brighton Town Police Department,2019-05-01,New York,36036,NY02750,breakdown offenses,normal return,normal return,normal return,normal return,normal return,breakdown offenses,breakdown offenses,breakdown offenses,0,0,0,0,0,0,0,0,0,0,0,0,0,21,0,2,0,0,19,5,0,5,0,44,4,4,0,0,74,0,2,2,53,55,0,0,0,0,0,0,0,0,0,0,16,0,2,0,0,14,2,0,2,0,3,1,1,0,0,22,0,2,2,6,8,0,0,0,0,0,0,0,0,0,0,1,0,0,0,0,1,0,0,0,0,0,0,0,0,0,1,0,0,0,0,0,0,0,0,0,0,0,0,0,0,0,0,0,0,0,0,0,0,0,0,0,0,0,0,0,0,0,0,0,0,0,0
Brighton Town Police Department,2019-04-01,New York,36036,NY02750,breakdown offenses,normal return,normal return,normal return,normal return,normal return,breakdown offenses,breakdown offenses,breakdown offenses,0,0,0,0,0,0,0,0,0,0,0,0,0,24,2,1,0,0,21,13,0,13,0,55,0,0,0,0,92,0,3,3,68,71,0,0,0,0,0,0,0,0,0,0,19,2,1,0,0,16,1,0,1,0,7,0,0,0,0,27,0,3,3,8,11,0,0,0,0,0,0,0,0,0,0,4,0,1,0,0,3,0,0,0,0,0,0,0,0,0,4,0,1,1,0,1,0,0,0,0,0,0,0,0,0,0,0,0,0,0,0,0,0,0,0,0,0,0,0,0,0,0,0,0,0,0,0
Brighton Town Police Department,2019-04-01,New York,36036,NY02750,breakdown offenses,normal return,normal return,normal return,normal return,normal return,breakdown offenses,breakdown offenses,breakdown offenses,0,0,0,0,0,0,0,0,0,0,0,0,0,24,2,1,0,0,21,13,0,13,0,55,0,0,0,0,92,0,3,3,68,71,0,0,0,0,0,0,0,0,0,0,19,2,1,0,0,16,1,0,1,0,7,0,0,0,0,27,0,3,3,8,11,0,0,0,0,0,0,0,0,0,0,4,0,1,0,0,3,0,0,0,0,0,0,0,0,0,4,0,1,1,0,1,0,0,0,0,0,0,0,0,0,0,0,0,0,0,0,0,0,0,0,0,0,0,0,0,0,0,0,0,0,0,0
Brighton Town Police Department,2019-03-01,New York,36036,NY02750,breakdown offenses,normal return,normal return,normal return,normal return,normal return,breakdown offenses,breakdown offenses,breakdown offenses,0,0,0,0,0,1,1,0,0,0,0,0,0,16,0,1,0,0,15,2,0,2,0,37,1,1,0,0,57,0,1,2,40,42,0,0,1,1,0,0,0,0,0,0,10,0,1,0,0,9,0,0,0,0,11,1,1,0,0,23,0,1,2,12,14,0,0,1,1,0,0,0,0,0,0,0,0,0,0,0,0,0,0,0,0,0,0,0,0,0,1,0,0,1,0,1,0,0,0,0,0,0,0,0,0,0,0,0,0,0,0,0,0,0,0,0,0,0,0,0,0,0,0,0,0,0,0
Brighton Town Police Department,2019-03-01,New York,36036,NY02750,breakdown offenses,normal return,normal return,normal return,normal return,normal return,breakdown offenses,breakdown offenses,breakdown offenses,0,0,0,0,0,1,1,0,0,0,0,0,0,16,0,1,0,0,15,2,0,2,0,37,1,1,0,0,57,0,1,2,40,42,0,0,1,1,0,0,0,0,0,0,10,0,1,0,0,9,0,0,0,0,11,1,1,0,0,23,0,1,2,12,14,0,0,1,1,0,0,0,0,0,0,0,0,0,0,0,0,0,0,0,0,0,0,0,0,0,1,0,0,1,0,1,0,0,0,0,0,0,0,0,0,0,0,0,0,0,0,0,0,0,0,0,0,0,0,0,0,0,0,0,0,0,0
Brighton Town Police Department,2019-02-01,New York,36036,NY02750,breakdown offenses,normal return,normal return,normal return,normal return,normal return,breakdown offenses,breakdown offenses,breakdown offenses,0,0,0,0,0,0,0,0,0,0,0,0,0,2,0,0,0,0,2,2,0,2,0,17,0,0,0,0,21,0,0,0,19,19,0,0,0,0,0,0,0,0,0,0,2,0,0,0,0,2,0,0,0,0,4,0,0,0,0,6,0,0,0,4,4,0,0,0,0,0,0,0,0,0,0,0,0,0,0,0,0,0,0,0,0,0,0,0,0,0,0,0,0,0,0,0,0,0,0,0,0,0,0,0,0,0,0,0,0,0,0,0,0,0,0,0,0,0,0,0,0,0,0,0,0,0,0
Brighton Town Police Department,2019-02-01,New York,36036,NY02750,breakdown offenses,normal return,normal return,normal return,normal return,normal return,breakdown offenses,breakdown offenses,breakdown offenses,0,0,0,0,0,0,0,0,0,0,0,0,0,2,0,0,0,0,2,2,0,2,0,17,0,0,0,0,21,0,0,0,19,19,0,0,0,0,0,0,0,0,0,0,2,0,0,0,0,2,0,0,0,0,4,0,0,0,0,6,0,0,0,4,4,0,0,0,0,0,0,0,0,0,0,0,0,0,0,0,0,0,0,0,0,0,0,0,0,0,0,0,0,0,0,0,0,0,0,0,0,0,0,0,0,0,0,0,0,0,0,0,0,0,0,0,0,0,0,0,0,0,0,0,0,0,0
Brighton Town Police Department,2019-01-01,New York,36036,NY02750,breakdown offenses,normal return,normal return,normal return,normal return,normal return,breakdown offenses,breakdown offenses,breakdown offenses,0,0,0,0,0,0,0,0,1,1,0,0,0,1,0,0,0,0,1,4,0,4,0,10,0,0,0,0,16,0,0,1,14,15,0,0,0,0,0,0,0,0,0,0,1,0,0,0,0,1,0,0,0,0,5,0,0,0,0,6,0,0,0,5,5,0,0,0,0,0,0,0,0,0,0,1,0,0,0,0,1,0,0,0,0,0,0,0,0,0,1,0,0,0,0,0,0,0,0,0,0,0,0,0,0,0,0,0,0,0,0,0,0,0,0,0,0,0,0,0,0,0,0,0,0,0,0
Brighton Town Police Department,2019-01-01,New York,36036,NY02750,breakdown offenses,normal return,normal return,normal return,normal return,normal return,breakdown offenses,breakdown offenses,breakdown offenses,0,0,0,0,0,0,0,0,1,1,0,0,0,1,0,0,0,0,1,4,0,4,0,10,0,0,0,0,16,0,0,1,14,15,0,0,0,0,0,0,0,0,0,0,1,0,0,0,0,1,0,0,0,0,5,0,0,0,0,6,0,0,0,5,5,0,0,0,0,0,0,0,0,0,0,1,0,0,0,0,1,0,0,0,0,0,0,0,0,0,1,0,0,0,0,0,0,0,0,0,0,0,0,0,0,0,0,0,0,0,0,0,0,0,0,0,0,0,0,0,0,0,0,0,0,0,0
Brighton Town Police Department,2018-12-01,New York,36470,NY02750,breakdown offenses,normal return,normal return,normal return,normal return,normal return,breakdown offenses,breakdown offenses,breakdown offenses,0,0,0,0,0,1,1,0,1,1,0,0,0,15,0,0,1,0,14,8,0,8,0,47,3,3,0,0,75,0,1,3,58,61,0,0,0,0,0,0,0,0,0,0,13,0,0,1,0,12,2,0,2,0,10,0,0,0,0,25,0,1,1,12,13,0,0,0,0,0,0,0,0,0,0,2,0,0,0,0,2,0,0,0,0,2,0,0,0,0,4,0,0,0,2,2,0,0,0,0,0,0,0,0,0,0,0,0,0,0,0,0,0,0,0,0,0,0,0,0,0,0,0,0,0,0,0
Brighton Town Police Department,2018-12-01,New York,36470,NY02750,breakdown offenses,normal return,normal return,normal return,normal return,normal return,breakdown offenses,breakdown offenses,breakdown offenses,0,0,0,0,0,1,1,0,1,1,0,0,0,15,0,0,1,0,14,8,0,8,0,47,3,3,0,0,75,0,1,3,58,61,0,0,0,0,0,0,0,0,0,0,13,0,0,1,0,12,2,0,2,0,10,0,0,0,0,25,0,1,1,12,13,0,0,0,0,0,0,0,0,0,0,2,0,0,0,0,2,0,0,0,0,2,0,0,0,0,4,0,0,0,2,2,0,0,0,0,0,0,0,0,0,0,0,0,0,0,0,0,0,0,0,0,0,0,0,0,0,0,0,0,0,0,0
Brighton Town Police Department,2018-11-01,New York,36470,NY02750,breakdown offenses,normal return,normal return,normal return,normal return,normal return,breakdown offenses,breakdown offenses,breakdown offenses,0,0,0,0,0,0,0,0,1,0,0,0,1,19,2,1,1,0,15,9,0,9,0,46,1,1,0,0,76,0,4,5,56,61,0,0,0,0,0,0,0,0,0,0,15,2,0,1,0,12,3,0,3,0,8,1,1,0,0,27,0,3,3,12,15,0,0,0,0,0,0,0,0,0,0,0,0,0,0,0,0,0,0,0,0,0,0,0,0,0,0,0,0,0,0,0,0,0,0,0,0,0,0,0,0,0,0,0,0,0,0,0,0,0,0,0,0,0,0,0,0,0,0,0,0,0,0
Brighton Town Police Department,2018-11-01,New York,36470,NY02750,breakdown offenses,normal return,normal return,normal return,normal return,normal return,breakdown offenses,breakdown offenses,breakdown offenses,0,0,0,0,0,0,0,0,1,0,0,0,1,19,2,1,1,0,15,9,0,9,0,46,1,1,0,0,76,0,4,5,56,61,0,0,0,0,0,0,0,0,0,0,15,2,0,1,0,12,3,0,3,0,8,1,1,0,0,27,0,3,3,12,15,0,0,0,0,0,0,0,0,0,0,0,0,0,0,0,0,0,0,0,0,0,0,0,0,0,0,0,0,0,0,0,0,0,0,0,0,0,0,0,0,0,0,0,0,0,0,0,0,0,0,0,0,0,0,0,0,0,0,0,0,0,0
Brighton Town Police Department,2018-10-01,New York,36470,NY02750,breakdown offenses,normal return,normal return,normal return,normal return,normal return,breakdown offenses,breakdown offenses,breakdown offenses,0,0,0,0,0,0,0,0,1,0,0,0,1,11,0,0,0,0,11,5,0,5,0,61,0,0,0,0,78,0,0,1,66,67,0,0,0,0,0,0,0,0,0,0,10,0,0,0,0,10,0,0,0,0,8,0,0,0,0,18,0,0,0,8,8,0,0,0,0,0,0,0,0,0,0,2,0,0,0,0,2,0,0,0,0,0,0,0,0,0,2,0,0,0,0,0,0,0,0,0,0,0,0,0,0,0,0,0,0,0,0,0,0,0,0,0,0,0,0,0,0,0,0,0,0,0,0
Brighton Town Police Department,2018-10-01,New York,36470,NY02750,breakdown offenses,normal return,normal return,normal return,normal return,normal return,breakdown offenses,breakdown offenses,breakdown offenses,0,0,0,0,0,0,0,0,1,0,0,0,1,11,0,0,0,0,11,5,0,5,0,61,0,0,0,0,78,0,0,1,66,67,0,0,0,0,0,0,0,0,0,0,10,0,0,0,0,10,0,0,0,0,8,0,0,0,0,18,0,0,0,8,8,0,0,0,0,0,0,0,0,0,0,2,0,0,0,0,2,0,0,0,0,0,0,0,0,0,2,0,0,0,0,0,0,0,0,0,0,0,0,0,0,0,0,0,0,0,0,0,0,0,0,0,0,0,0,0,0,0,0,0,0,0,0
Brighton Town Police Department,2018-09-01,New York,36470,NY02750,breakdown offenses,normal return,normal return,normal return,normal return,normal return,breakdown offenses,breakdown offenses,breakdown offenses,0,0,0,0,0,2,2,0,2,2,0,0,0,21,0,0,0,0,21,4,0,4,0,52,0,0,0,0,81,0,0,4,56,60,0,0,2,2,0,1,1,0,0,0,20,0,0,0,0,20,0,0,0,0,12,0,0,0,0,35,0,0,3,12,15,0,0,0,0,0,0,0,0,0,0,5,0,0,0,0,5,0,0,0,0,1,0,0,0,0,6,0,0,0,1,1,0,0,0,0,0,0,0,0,0,0,0,0,0,0,0,0,0,0,0,0,0,0,0,0,0,0,0,0,0,0,0
Brighton Town Police Department,2018-09-01,New York,36470,NY02750,breakdown offenses,normal return,normal return,normal return,normal return,normal return,breakdown offenses,breakdown offenses,breakdown offenses,0,0,0,0,0,2,2,0,2,2,0,0,0,21,0,0,0,0,21,4,0,4,0,52,0,0,0,0,81,0,0,4,56,60,0,0,2,2,0,1,1,0,0,0,20,0,0,0,0,20,0,0,0,0,12,0,0,0,0,35,0,0,3,12,15,0,0,0,0,0,0,0,0,0,0,5,0,0,0,0,5,0,0,0,0,1,0,0,0,0,6,0,0,0,1,1,0,0,0,0,0,0,0,0,0,0,0,0,0,0,0,0,0,0,0,0,0,0,0,0,0,0,0,0,0,0,0
Brighton Town Police Department,2018-08-01,New York,36470,NY02750,breakdown offenses,normal return,normal return,normal return,normal return,normal return,breakdown offenses,breakdown offenses,breakdown offenses,0,0,0,0,0,1,1,0,3,0,0,1,2,18,0,0,1,0,17,7,0,7,0,49,1,1,0,0,79,0,1,5,57,62,0,0,1,1,0,2,0,0,0,2,14,0,0,1,0,13,2,0,2,0,6,0,0,0,0,25,0,1,4,8,12,0,0,0,0,0,1,0,0,0,1,1,0,0,0,0,1,0,0,0,0,0,0,0,0,0,2,0,0,1,0,1,0,0,0,0,0,0,0,0,0,0,0,0,0,0,0,0,0,0,0,0,0,0,0,0,0,0,0,0,0,0,0
Brighton Town Police Department,2018-08-01,New York,36470,NY02750,breakdown offenses,normal return,normal return,normal return,normal return,normal return,breakdown offenses,breakdown offenses,breakdown offenses,0,0,0,0,0,1,1,0,3,0,0,1,2,18,0,0,1,0,17,7,0,7,0,49,1,1,0,0,79,0,1,5,57,62,0,0,1,1,0,2,0,0,0,2,14,0,0,1,0,13,2,0,2,0,6,0,0,0,0,25,0,1,4,8,12,0,0,0,0,0,1,0,0,0,1,1,0,0,0,0,1,0,0,0,0,0,0,0,0,0,2,0,0,1,0,1,0,0,0,0,0,0,0,0,0,0,0,0,0,0,0,0,0,0,0,0,0,0,0,0,0,0,0,0,0,0,0
Brighton Town Police Department,2018-07-01,New York,36470,NY02750,breakdown offenses,normal return,normal return,normal return,normal return,normal return,breakdown offenses,breakdown offenses,breakdown offenses,0,0,0,0,0,1,1,0,2,1,0,0,1,18,0,0,0,0,18,3,0,3,0,41,4,4,0,0,69,0,0,3,48,51,0,0,0,0,0,1,0,0,0,1,14,0,0,0,0,14,0,0,0,0,8,0,0,0,0,23,0,0,1,8,9,0,0,0,0,0,0,0,0,0,0,2,0,0,0,0,2,0,0,0,0,0,0,0,0,0,2,0,0,0,0,0,0,0,0,0,0,0,0,0,0,0,0,0,0,0,0,0,0,0,0,0,0,0,0,0,0,0,0,0,0,0,0
Brighton Town Police Department,2018-07-01,New York,36470,NY02750,breakdown offenses,normal return,normal return,normal return,normal return,normal return,breakdown offenses,breakdown offenses,breakdown offenses,0,0,0,0,0,1,1,0,2,1,0,0,1,18,0,0,0,0,18,3,0,3,0,41,4,4,0,0,69,0,0,3,48,51,0,0,0,0,0,1,0,0,0,1,14,0,0,0,0,14,0,0,0,0,8,0,0,0,0,23,0,0,1,8,9,0,0,0,0,0,0,0,0,0,0,2,0,0,0,0,2,0,0,0,0,0,0,0,0,0,2,0,0,0,0,0,0,0,0,0,0,0,0,0,0,0,0,0,0,0,0,0,0,0,0,0,0,0,0,0,0,0,0,0,0,0,0
Brighton Town Police Department,2018-06-01,New York,36470,NY02750,breakdown offenses,normal return,normal return,normal return,normal return,normal return,breakdown offenses,breakdown offenses,breakdown offenses,0,0,0,0,0,0,0,0,2,2,0,0,0,13,0,0,0,0,13,4,0,4,0,45,3,3,0,0,67,0,0,2,52,54,0,0,0,0,0,1,1,0,0,0,7,0,0,0,0,7,2,0,2,0,11,2,2,0,0,23,0,0,1,15,16,0,0,0,0,0,0,0,0,0,0,1,0,0,0,0,1,0,0,0,0,1,1,1,0,0,3,0,0,0,2,2,0,0,0,0,0,0,0,0,0,0,0,0,0,0,0,0,0,0,0,0,0,0,0,0,0,0,0,0,0,0,0
Brighton Town Police Department,2018-06-01,New York,36470,NY02750,breakdown offenses,normal return,normal return,normal return,normal return,normal return,breakdown offenses,breakdown offenses,breakdown offenses,0,0,0,0,0,0,0,0,2,2,0,0,0,13,0,0,0,0,13,4,0,4,0,45,3,3,0,0,67,0,0,2,52,54,0,0,0,0,0,1,1,0,0,0,7,0,0,0,0,7,2,0,2,0,11,2,2,0,0,23,0,0,1,15,16,0,0,0,0,0,0,0,0,0,0,1,0,0,0,0,1,0,0,0,0,1,1,1,0,0,3,0,0,0,2,2,0,0,0,0,0,0,0,0,0,0,0,0,0,0,0,0,0,0,0,0,0,0,0,0,0,0,0,0,0,0,0
Brighton Town Police Department,2018-05-01,New York,36470,NY02750,breakdown offenses,normal return,normal return,normal return,normal return,normal return,breakdown offenses,breakdown offenses,breakdown offenses,0,0,0,0,0,0,0,0,1,1,0,0,0,18,0,0,0,0,18,3,0,3,0,40,1,1,0,0,63,0,0,1,44,45,0,0,0,0,0,1,1,0,0,0,16,0,0,0,0,16,0,0,0,0,6,1,1,0,0,24,0,0,1,7,8,0,0,0,0,0,0,0,0,0,0,1,0,0,0,0,1,0,0,0,0,0,0,0,0,0,1,0,0,0,0,0,0,0,0,0,0,0,0,0,0,0,0,0,0,0,0,0,0,0,0,0,0,0,0,0,0,0,0,0,0,0,0
Brighton Town Police Department,2018-05-01,New York,36470,NY02750,breakdown offenses,normal return,normal return,normal return,normal return,normal return,breakdown offenses,breakdown offenses,breakdown offenses,0,0,0,0,0,0,0,0,1,1,0,0,0,18,0,0,0,0,18,3,0,3,0,40,1,1,0,0,63,0,0,1,44,45,0,0,0,0,0,1,1,0,0,0,16,0,0,0,0,16,0,0,0,0,6,1,1,0,0,24,0,0,1,7,8,0,0,0,0,0,0,0,0,0,0,1,0,0,0,0,1,0,0,0,0,0,0,0,0,0,1,0,0,0,0,0,0,0,0,0,0,0,0,0,0,0,0,0,0,0,0,0,0,0,0,0,0,0,0,0,0,0,0,0,0,0,0
Brighton Town Police Department,2018-04-01,New York,36470,NY02750,breakdown offenses,normal return,normal return,normal return,normal return,normal return,breakdown offenses,breakdown offenses,breakdown offenses,0,0,0,0,0,1,1,0,0,0,0,0,0,9,0,0,0,1,8,5,0,5,0,37,1,1,0,0,53,0,1,2,43,45,0,0,0,0,0,0,0,0,0,0,7,0,0,0,1,6,1,0,1,0,8,0,0,0,0,16,0,1,1,9,10,0,0,0,0,0,0,0,0,0,0,0,0,0,0,0,0,0,0,0,0,0,0,0,0,0,0,0,0,0,0,0,0,0,0,0,0,0,0,0,0,0,0,0,0,0,0,0,0,0,0,0,0,0,0,0,0,0,0,0,0,0,0
Brighton Town Police Department,2018-04-01,New York,36470,NY02750,breakdown offenses,normal return,normal return,normal return,normal return,normal return,breakdown offenses,breakdown offenses,breakdown offenses,0,0,0,0,0,1,1,0,0,0,0,0,0,9,0,0,0,1,8,5,0,5,0,37,1,1,0,0,53,0,1,2,43,45,0,0,0,0,0,0,0,0,0,0,7,0,0,0,1,6,1,0,1,0,8,0,0,0,0,16,0,1,1,9,10,0,0,0,0,0,0,0,0,0,0,0,0,0,0,0,0,0,0,0,0,0,0,0,0,0,0,0,0,0,0,0,0,0,0,0,0,0,0,0,0,0,0,0,0,0,0,0,0,0,0,0,0,0,0,0,0,0,0,0,0,0,0
Brighton Town Police Department,2018-03-01,New York,36470,NY02750,breakdown offenses,normal return,normal return,normal return,normal return,normal return,breakdown offenses,breakdown offenses,breakdown offenses,0,0,0,0,0,2,2,0,0,0,0,0,0,16,0,0,0,0,16,0,0,0,0,37,0,0,0,0,55,0,0,2,37,39,0,0,0,0,0,0,0,0,0,0,10,0,0,0,0,10,0,0,0,0,14,0,0,0,0,24,0,0,0,14,14,0,0,0,0,0,0,0,0,0,0,1,0,0,0,0,1,0,0,0,0,1,0,0,0,0,2,0,0,0,1,1,0,0,0,0,0,0,0,0,0,0,0,0,0,0,0,0,0,0,0,0,0,0,0,0,0,0,0,0,0,0,0
Brighton Town Police Department,2018-03-01,New York,36470,NY02750,breakdown offenses,normal return,normal return,normal return,normal return,normal return,breakdown offenses,breakdown offenses,breakdown offenses,0,0,0,0,0,2,2,0,0,0,0,0,0,16,0,0,0,0,16,0,0,0,0,37,0,0,0,0,55,0,0,2,37,39,0,0,0,0,0,0,0,0,0,0,10,0,0,0,0,10,0,0,0,0,14,0,0,0,0,24,0,0,0,14,14,0,0,0,0,0,0,0,0,0,0,1,0,0,0,0,1,0,0,0,0,1,0,0,0,0,2,0,0,0,1,1,0,0,0,0,0,0,0,0,0,0,0,0,0,0,0,0,0,0,0,0,0,0,0,0,0,0,0,0,0,0,0
Brighton Town Police Department,2018-02-01,New York,36470,NY02750,breakdown offenses,normal return,normal return,normal return,normal return,normal return,breakdown offenses,breakdown offenses,breakdown offenses,0,0,0,0,0,0,0,0,1,1,0,0,0,10,0,0,0,0,10,8,1,7,0,46,0,0,0,0,65,0,0,1,54,55,0,0,0,0,0,0,0,0,0,0,9,0,0,0,0,9,1,0,1,0,7,0,0,0,0,17,0,0,0,8,8,0,0,0,0,0,0,0,0,0,0,1,0,0,0,0,1,0,0,0,0,0,0,0,0,0,1,0,0,0,0,0,0,0,0,0,0,0,0,0,0,0,0,0,0,0,0,0,0,0,0,0,0,0,0,0,0,0,0,0,0,0,0
Brighton Town Police Department,2018-02-01,New York,36470,NY02750,breakdown offenses,normal return,normal return,normal return,normal return,normal return,breakdown offenses,breakdown offenses,breakdown offenses,0,0,0,0,0,0,0,0,1,1,0,0,0,10,0,0,0,0,10,8,1,7,0,46,0,0,0,0,65,0,0,1,54,55,0,0,0,0,0,0,0,0,0,0,9,0,0,0,0,9,1,0,1,0,7,0,0,0,0,17,0,0,0,8,8,0,0,0,0,0,0,0,0,0,0,1,0,0,0,0,1,0,0,0,0,0,0,0,0,0,1,0,0,0,0,0,0,0,0,0,0,0,0,0,0,0,0,0,0,0,0,0,0,0,0,0,0,0,0,0,0,0,0,0,0,0,0
Brighton Town Police Department,2018-01-01,New York,36470,NY02750,breakdown offenses,normal return,normal return,normal return,normal return,normal return,breakdown offenses,breakdown offenses,breakdown offenses,0,0,0,0,0,1,1,0,1,1,0,0,0,13,0,0,1,0,12,6,0,6,0,36,0,0,0,0,57,0,1,3,42,45,0,0,0,0,0,0,0,0,0,0,13,0,0,1,0,12,2,0,2,0,9,0,0,0,0,24,0,1,1,11,12,0,0,0,0,0,0,0,0,0,0,1,0,0,0,0,1,0,0,0,0,0,0,0,0,0,1,0,0,0,0,0,0,0,0,0,0,0,0,0,0,0,0,0,0,0,0,0,0,0,0,0,0,0,0,0,0,0,0,0,0,0,0
Brighton Town Police Department,2018-01-01,New York,36470,NY02750,breakdown offenses,normal return,normal return,normal return,normal return,normal return,breakdown offenses,breakdown offenses,breakdown offenses,0,0,0,0,0,1,1,0,1,1,0,0,0,13,0,0,1,0,12,6,0,6,0,36,0,0,0,0,57,0,1,3,42,45,0,0,0,0,0,0,0,0,0,0,13,0,0,1,0,12,2,0,2,0,9,0,0,0,0,24,0,1,1,11,12,0,0,0,0,0,0,0,0,0,0,1,0,0,0,0,1,0,0,0,0,0,0,0,0,0,1,0,0,0,0,0,0,0,0,0,0,0,0,0,0,0,0,0,0,0,0,0,0,0,0,0,0,0,0,0,0,0,0,0,0,0,0
Brighton Town Police Department,2017-12-01,New York,36596,NY02750,breakdown offenses,normal return,normal return,normal return,normal return,normal return,breakdown offenses,breakdown offenses,breakdown offenses,0,0,0,0,0,1,1,0,1,0,0,0,1,13,0,1,0,0,12,4,0,4,0,38,1,1,0,0,58,0,1,3,43,46,0,0,0,0,0,1,0,0,0,1,9,0,1,0,0,8,0,0,0,0,9,0,0,0,0,19,0,1,2,9,11,0,0,0,0,0,0,0,0,0,0,1,0,0,0,0,1,0,0,0,0,2,0,0,0,0,3,0,0,0,2,2,0,0,0,0,0,0,0,0,0,0,0,0,0,0,0,0,0,0,0,0,0,0,0,0,0,0,0,0,0,0,0
Brighton Town Police Department,2017-11-01,New York,36596,NY02750,breakdown offenses,normal return,normal return,normal return,normal return,normal return,breakdown offenses,breakdown offenses,breakdown offenses,0,0,0,0,0,0,0,0,1,1,0,0,0,8,0,0,0,0,8,10,2,8,0,39,1,1,0,0,59,0,0,1,50,51,0,0,0,0,0,0,0,0,0,0,7,0,0,0,0,7,1,0,1,0,5,0,0,0,0,13,0,0,0,6,6,0,0,0,0,0,0,0,0,0,0,1,0,0,0,0,1,0,0,0,0,1,0,0,0,0,2,0,0,0,1,1,0,0,0,0,0,0,0,0,0,0,0,0,0,0,0,0,0,0,0,0,0,0,0,0,0,0,0,0,0,0,0
Brighton Town Police Department,2017-10-01,New York,36596,NY02750,breakdown offenses,normal return,normal return,normal return,normal return,normal return,breakdown offenses,breakdown offenses,breakdown offenses,0,0,0,0,0,0,0,0,0,0,0,0,0,18,0,1,0,0,17,7,2,5,0,54,0,0,0,0,79,0,1,1,61,62,0,0,0,0,0,0,0,0,0,0,16,0,1,0,0,15,1,0,1,0,6,0,0,0,0,23,0,1,1,7,8,0,0,0,0,0,0,0,0,0,0,1,0,0,0,0,1,0,0,0,0,1,0,0,0,0,2,0,0,0,1,1,0,0,0,0,0,0,0,0,0,0,0,0,0,0,0,0,0,0,0,0,0,0,0,0,0,0,0,0,0,0,0
Brighton Town Police Department,2017-09-01,New York,36596,NY02750,breakdown offenses,normal return,normal return,normal return,normal return,normal return,breakdown offenses,breakdown offenses,breakdown offenses,0,0,0,0,0,0,0,0,0,0,0,0,0,9,0,0,0,0,9,11,4,7,0,82,1,1,0,0,103,0,0,0,94,94,0,0,0,0,0,0,0,0,0,0,9,0,0,0,0,9,2,1,1,0,14,1,1,0,0,26,0,0,0,17,17,0,0,0,0,0,0,0,0,0,0,1,0,0,0,0,1,0,0,0,0,1,0,0,0,0,2,0,0,0,1,1,0,0,0,0,0,0,0,0,0,0,0,0,0,0,0,0,0,0,0,0,0,0,0,0,0,0,0,0,0,0,0
Brighton Town Police Department,2017-08-01,New York,36596,NY02750,breakdown offenses,normal return,normal return,normal return,normal return,normal return,breakdown offenses,breakdown offenses,breakdown offenses,0,0,0,0,0,0,0,0,0,0,0,0,0,12,0,0,0,0,12,5,2,3,0,106,4,4,0,0,127,0,0,0,115,115,0,0,0,0,0,0,0,0,0,0,9,0,0,0,0,9,1,0,1,0,7,0,0,0,0,17,0,0,0,8,8,0,0,0,0,0,0,0,0,0,0,1,0,0,0,0,1,0,0,0,0,0,0,0,0,0,1,0,0,0,0,0,0,0,0,0,0,0,0,0,0,0,0,0,0,0,0,0,0,0,0,0,0,0,0,0,0,0,0,0,0,0,0
Brighton Town Police Department,2017-07-01,New York,36596,NY02750,breakdown offenses,normal return,normal return,normal return,normal return,normal return,breakdown offenses,breakdown offenses,breakdown offenses,0,0,0,0,0,0,0,0,0,0,0,0,0,12,0,1,0,0,11,9,3,6,0,80,2,2,0,0,103,0,1,1,91,92,0,0,0,0,0,0,0,0,0,0,11,0,0,0,0,11,1,0,1,0,19,0,0,0,0,31,0,0,0,20,20,0,0,0,0,0,0,0,0,0,0,4,0,0,0,0,4,0,0,0,0,1,0,0,0,0,5,0,0,0,1,1,0,0,0,0,0,0,0,0,0,0,0,0,0,0,0,0,0,0,0,0,0,0,0,0,0,0,0,0,0,0,0
Brighton Town Police Department,2017-06-01,New York,36596,NY02750,breakdown offenses,normal return,normal return,normal return,normal return,normal return,breakdown offenses,breakdown offenses,breakdown offenses,0,0,0,0,0,0,0,0,1,0,0,0,1,15,0,0,0,0,15,7,1,6,0,67,3,2,0,1,93,0,0,1,77,78,0,0,0,0,0,1,0,0,0,1,11,0,0,0,0,11,2,0,2,0,14,0,0,0,0,28,0,0,1,16,17,0,0,0,0,0,0,0,0,0,0,3,0,0,0,0,3,1,0,1,0,0,0,0,0,0,4,0,0,0,1,1,0,0,0,0,0,0,0,0,0,0,0,0,0,0,0,0,0,0,0,0,0,0,0,0,0,0,0,0,0,0,0
Brighton Town Police Department,2017-05-01,New York,36596,NY02750,breakdown offenses,normal return,normal return,normal return,normal return,normal return,breakdown offenses,breakdown offenses,breakdown offenses,0,0,0,0,0,1,1,0,0,0,0,0,0,20,0,1,1,0,18,2,1,1,0,55,1,1,0,0,79,0,2,3,58,61,0,0,1,1,0,0,0,0,0,0,18,0,1,1,0,16,0,0,0,0,5,0,0,0,0,24,0,2,3,5,8,0,0,1,1,0,0,0,0,0,0,2,0,0,0,0,2,0,0,0,0,0,0,0,0,0,3,0,0,1,0,1,0,0,0,0,0,0,0,0,0,0,0,0,0,0,0,0,0,0,0,0,0,0,0,0,0,0,0,0,0,0,0
Brighton Town Police Department,2017-04-01,New York,36596,NY02750,breakdown offenses,normal return,normal return,normal return,normal return,normal return,breakdown offenses,breakdown offenses,breakdown offenses,0,0,0,0,0,2,2,0,2,0,0,0,2,22,0,0,0,0,22,8,2,6,0,44,1,1,0,0,79,0,0,4,53,57,0,0,2,2,0,1,0,0,0,1,18,0,0,0,0,18,2,0,2,0,8,0,0,0,0,31,0,0,3,10,13,0,0,0,0,0,0,0,0,0,0,1,0,0,0,0,1,0,0,0,0,0,0,0,0,0,1,0,0,0,0,0,0,0,0,0,0,0,0,0,0,0,0,0,0,0,0,0,0,0,0,0,0,0,0,0,0,0,0,0,0,0,0
Brighton Town Police Department,2017-03-01,New York,36596,NY02750,breakdown offenses,normal return,normal return,normal return,normal return,normal return,breakdown offenses,breakdown offenses,breakdown offenses,0,0,0,0,0,2,2,0,3,1,0,0,2,22,0,1,2,1,18,5,0,5,0,36,1,1,0,0,69,0,4,9,42,51,0,0,2,2,0,3,1,0,0,2,19,0,1,2,1,15,0,0,0,0,8,0,0,0,0,32,0,4,9,8,17,0,0,0,0,0,1,0,0,0,1,2,0,0,0,0,2,0,0,0,0,0,0,0,0,0,3,0,0,1,0,1,0,0,0,0,0,0,0,0,0,0,0,0,0,0,0,0,0,0,0,0,0,0,0,0,0,0,0,0,0,0,0
Brighton Town Police Department,2017-02-01,New York,36596,NY02750,breakdown offenses,normal return,normal return,normal return,normal return,normal return,breakdown offenses,breakdown offenses,breakdown offenses,0,0,0,0,0,0,0,0,0,0,0,0,0,10,0,0,0,0,10,3,0,3,0,42,1,1,0,0,56,0,0,0,46,46,0,0,0,0,0,0,0,0,0,0,10,0,0,0,0,10,1,0,1,0,14,1,1,0,0,26,0,0,0,16,16,0,0,0,0,0,0,0,0,0,0,1,0,0,0,0,1,0,0,0,0,0,0,0,0,0,1,0,0,0,0,0,0,0,0,0,0,0,0,0,0,0,0,0,0,0,0,0,0,0,0,0,0,0,0,0,0,0,0,0,0,0,0
Brighton Town Police Department,2017-01-01,New York,36596,NY02750,breakdown offenses,normal return,normal return,normal return,normal return,normal return,breakdown offenses,breakdown offenses,breakdown offenses,0,0,0,0,0,2,2,0,1,1,0,0,0,14,0,2,0,0,12,3,0,3,0,48,0,0,0,0,68,0,2,5,51,56,0,0,1,1,0,0,0,0,0,0,13,0,2,0,0,11,0,0,0,0,7,0,0,0,0,21,0,2,3,7,10,0,0,0,0,0,0,0,0,0,0,1,0,1,0,0,0,0,0,0,0,1,0,0,0,0,2,0,1,1,1,2,0,0,0,0,0,0,0,0,0,0,0,0,0,0,0,0,0,0,0,0,0,0,0,0,0,0,0,0,0,0,0
Brighton Town Police Department,2016-12-01,New York,36889,NY02750,breakdown offenses,adjustment,adjustment,adjustment,adjustment,adjustment,breakdown offenses,breakdown offenses,breakdown offenses,0,0,0,0,0,2,2,0,1,0,0,1,0,20,0,0,0,0,20,4,1,3,0,42,0,0,0,0,69,0,0,3,46,49,0,0,1,1,0,0,0,0,0,0,18,0,0,0,0,18,0,0,0,0,8,0,0,0,0,27,0,0,1,8,9,0,0,0,0,0,0,0,0,0,0,1,0,0,0,0,1,0,0,0,0,1,0,0,0,0,2,0,0,0,1,1,0,0,0,0,0,0,0,0,0,0,0,0,0,0,0,0,0,0,0,0,0,0,0,0,0,0,0,0,0,0,0
Brighton Town Police Department,2016-11-01,New York,36889,NY02750,breakdown offenses,adjustment,adjustment,adjustment,adjustment,adjustment,breakdown offenses,breakdown offenses,breakdown offenses,0,0,0,0,0,2,2,0,0,0,0,0,0,28,0,0,0,1,27,4,0,4,0,50,0,0,0,0,84,0,1,3,54,57,0,0,2,2,0,0,0,0,0,0,24,0,0,0,1,23,0,0,0,0,6,0,0,0,0,32,0,1,3,6,9,0,0,0,0,0,0,0,0,0,0,4,0,0,0,1,3,0,0,0,0,0,0,0,0,0,4,0,1,1,0,1,0,0,0,0,0,0,0,0,0,0,0,0,0,0,0,0,0,0,0,0,0,0,0,0,0,0,0,0,0,0,0
Brighton Town Police Department,2016-10-01,New York,36889,NY02750,breakdown offenses,adjustment,adjustment,adjustment,adjustment,adjustment,breakdown offenses,breakdown offenses,breakdown offenses,0,0,0,0,0,3,3,0,0,0,0,0,0,28,0,0,0,0,28,6,1,4,1,57,4,3,0,1,98,0,0,3,67,70,0,0,2,2,0,0,0,0,0,0,15,0,0,0,0,15,0,0,0,0,14,2,2,0,0,33,0,0,2,16,18,0,0,2,2,0,0,0,0,0,0,1,0,0,0,0,1,0,0,0,0,0,0,0,0,0,3,0,0,2,0,2,0,0,0,0,0,0,0,0,0,0,0,0,0,0,0,0,0,0,0,0,0,0,0,0,0,0,0,0,0,0,0
Brighton Town Police Department,2016-09-01,New York,36889,NY02750,breakdown offenses,adjustment,adjustment,adjustment,adjustment,adjustment,breakdown offenses,breakdown offenses,breakdown offenses,0,0,0,0,0,0,0,0,2,0,0,0,2,16,0,0,0,0,16,5,1,4,0,92,4,2,0,2,119,0,0,2,101,103,0,0,0,0,0,2,0,0,0,2,10,0,0,0,0,10,1,1,0,0,14,0,0,0,0,27,0,0,2,15,17,0,0,0,0,0,1,0,0,0,1,1,0,0,0,0,1,0,0,0,0,2,0,0,0,0,4,0,0,1,2,3,0,0,0,0,0,0,0,0,0,0,0,0,0,0,0,0,0,0,0,0,0,0,0,0,0,0,0,0,0,0,0
Brighton Town Police Department,2016-08-01,New York,36889,NY02750,breakdown offenses,adjustment,adjustment,adjustment,adjustment,adjustment,breakdown offenses,breakdown offenses,breakdown offenses,0,0,0,0,0,1,1,0,1,0,0,1,0,17,0,0,0,0,17,8,4,4,0,75,6,6,0,0,108,0,0,2,89,91,0,0,1,1,0,1,0,0,1,0,11,0,0,0,0,11,1,1,0,0,9,2,2,0,0,25,0,0,2,12,14,0,0,0,0,0,0,0,0,0,0,0,0,0,0,0,0,1,1,0,0,0,0,0,0,0,1,0,0,0,1,1,0,0,0,0,0,0,0,0,0,0,0,0,0,0,0,0,0,0,0,0,0,0,0,0,0,0,0,0,0,0,0
Brighton Town Police Department,2016-07-01,New York,36889,NY02750,breakdown offenses,adjustment,adjustment,adjustment,adjustment,adjustment,breakdown offenses,breakdown offenses,breakdown offenses,0,0,0,0,0,0,0,0,0,0,0,0,0,16,0,1,0,1,14,6,0,6,0,54,0,0,0,0,76,0,2,2,60,62,0,0,0,0,0,0,0,0,0,0,13,0,1,0,1,11,0,0,0,0,12,0,0,0,0,25,0,2,2,12,14,0,0,0,0,0,0,0,0,0,0,2,0,0,0,0,2,0,0,0,0,0,0,0,0,0,2,0,0,0,0,0,0,0,0,0,0,0,0,0,0,0,0,0,0,0,0,0,0,0,0,0,0,0,0,0,0,0,0,0,0,0,0
Brighton Town Police Department,2016-06-01,New York,36889,NY02750,breakdown offenses,adjustment,adjustment,adjustment,adjustment,adjustment,breakdown offenses,breakdown offenses,breakdown offenses,0,0,0,0,0,1,1,0,1,0,0,0,1,17,0,0,0,0,17,10,0,10,0,62,1,1,0,0,92,0,0,2,73,75,0,0,0,0,0,1,0,0,0,1,12,0,0,0,0,12,2,0,2,0,15,0,0,0,0,30,0,0,1,17,18,0,0,0,0,0,0,0,0,0,0,0,0,0,0,0,0,0,0,0,0,0,0,0,0,0,0,0,0,0,0,0,0,0,0,0,0,0,0,0,0,0,0,0,0,0,0,0,0,0,0,0,0,0,0,0,0,0,0,0,0,0,0
Brighton Town Police Department,2016-05-01,New York,36889,NY02750,breakdown offenses,adjustment,adjustment,adjustment,adjustment,adjustment,breakdown offenses,breakdown offenses,breakdown offenses,0,0,0,0,0,0,0,0,1,1,0,0,0,18,0,0,0,1,17,16,0,16,0,69,1,0,0,1,105,0,1,2,86,88,0,0,0,0,0,1,1,0,0,0,14,0,0,0,1,13,6,0,6,0,9,0,0,0,0,30,0,1,2,15,17,0,0,0,0,0,0,0,0,0,0,0,0,0,0,0,0,0,0,0,0,0,0,0,0,0,0,0,0,0,0,0,0,0,0,0,0,0,0,0,0,0,0,0,0,0,0,0,0,0,0,0,0,0,0,0,0,0,0,0,0,0,0
Brighton Town Police Department,2016-04-01,New York,36889,NY02750,breakdown offenses,adjustment,adjustment,adjustment,adjustment,adjustment,breakdown offenses,breakdown offenses,breakdown offenses,0,0,0,0,0,0,0,0,0,0,0,0,0,13,0,0,0,0,13,10,0,10,0,45,1,1,0,0,69,0,0,0,56,56,0,0,0,0,0,0,0,0,0,0,9,0,0,0,0,9,2,0,2,0,8,0,0,0,0,19,0,0,0,10,10,0,0,0,0,0,0,0,0,0,0,0,0,0,0,0,0,0,0,0,0,0,0,0,0,0,0,0,0,0,0,0,0,0,0,0,0,0,0,0,0,0,0,0,0,0,0,0,0,0,0,0,0,0,0,0,0,0,0,0,0,0,0
Brighton Town Police Department,2016-03-01,New York,36889,NY02750,breakdown offenses,adjustment,adjustment,adjustment,adjustment,adjustment,breakdown offenses,breakdown offenses,breakdown offenses,0,0,0,0,0,1,0,1,0,0,0,0,0,23,2,0,0,0,21,2,0,2,0,45,0,0,0,0,71,0,2,3,47,50,0,0,1,0,1,0,0,0,0,0,19,2,0,0,0,17,1,0,1,0,9,0,0,0,0,30,0,2,3,10,13,0,0,0,0,0,0,0,0,0,0,1,0,0,0,0,1,0,0,0,0,0,0,0,0,0,1,0,0,0,0,0,0,0,0,0,0,0,0,0,0,0,0,0,0,0,0,0,0,0,0,0,0,0,0,0,0,0,0,0,0,0,0
Brighton Town Police Department,2016-02-01,New York,36889,NY02750,breakdown offenses,adjustment,adjustment,adjustment,adjustment,adjustment,breakdown offenses,breakdown offenses,breakdown offenses,0,0,0,0,0,2,2,0,1,0,1,0,0,22,0,0,0,1,21,7,0,7,0,37,1,1,0,0,70,0,1,4,45,49,0,0,2,2,0,1,0,1,0,0,19,0,0,0,1,18,2,0,2,0,12,1,1,0,0,37,0,1,4,15,19,0,0,0,0,0,0,0,0,0,0,2,0,0,0,0,2,0,0,0,0,0,1,1,0,0,3,0,0,0,1,1,0,0,0,0,0,0,0,0,0,0,0,0,0,0,0,0,0,0,0,0,0,0,0,0,0,0,0,0,0,0,0
Brighton Town Police Department,2016-01-01,New York,36889,NY02750,breakdown offenses,adjustment,adjustment,adjustment,adjustment,adjustment,breakdown offenses,breakdown offenses,breakdown offenses,0,0,0,0,0,1,1,0,1,0,0,0,1,15,0,0,0,0,15,6,0,6,0,65,2,2,0,0,90,0,0,2,73,75,0,0,1,1,0,1,0,0,0,1,11,0,0,0,0,11,2,0,2,0,12,0,0,0,0,27,0,0,2,14,16,0,0,0,0,0,0,0,0,0,0,3,0,0,0,0,3,0,0,0,0,0,0,0,0,0,3,0,0,0,0,0,0,0,0,0,0,0,0,0,0,0,0,0,0,0,0,0,0,0,0,0,0,0,0,0,0,0,0,0,0,0,0
Brighton Town Police Department,2015-12-01,New York,37022,NY02750,breakdown offenses,adjustment,adjustment,adjustment,adjustment,adjustment,breakdown offenses,breakdown offenses,breakdown offenses,0,0,0,0,0,1,1,0,1,1,0,0,0,12,0,0,0,0,12,10,0,10,0,37,1,1,0,0,62,0,0,2,48,50,0,0,1,1,0,0,0,0,0,0,9,0,0,0,0,9,1,0,1,0,6,1,1,0,0,18,0,0,1,8,9,0,0,0,0,0,0,0,0,0,0,1,0,0,0,0,1,0,0,0,0,2,0,0,0,0,3,0,0,0,2,2,0,0,0,0,0,0,0,0,0,0,0,0,0,0,0,0,0,0,0,0,0,0,0,0,0,0,0,0,0,0,0
Brighton Town Police Department,2015-11-01,New York,37022,NY02750,breakdown offenses,adjustment,adjustment,adjustment,adjustment,adjustment,breakdown offenses,breakdown offenses,breakdown offenses,0,0,0,0,0,1,1,0,0,0,0,0,0,21,0,0,0,0,21,8,0,8,0,50,2,2,0,0,82,0,0,1,60,61,0,0,0,0,0,0,0,0,0,0,15,0,0,0,0,15,0,0,0,0,14,1,1,0,0,30,0,0,0,15,15,0,0,0,0,0,0,0,0,0,0,2,0,0,0,0,2,0,0,0,0,0,1,1,0,0,3,0,0,0,1,1,0,0,0,0,0,0,0,0,0,0,0,0,0,0,0,0,0,0,0,0,0,0,0,0,0,0,0,0,0,0,0
Brighton Town Police Department,2015-10-01,New York,37022,NY02750,breakdown offenses,adjustment,adjustment,adjustment,adjustment,adjustment,breakdown offenses,breakdown offenses,breakdown offenses,0,0,0,0,0,0,0,0,1,0,0,0,1,23,0,0,0,0,23,6,0,6,0,96,4,4,0,0,130,0,0,1,106,107,0,0,0,0,0,0,0,0,0,0,16,0,0,0,0,16,1,0,1,0,18,0,0,0,0,35,0,0,0,19,19,0,0,0,0,0,0,0,0,0,0,1,0,0,0,0,1,0,0,0,0,1,0,0,0,0,2,0,0,0,1,1,0,0,0,0,0,0,0,0,0,0,0,0,0,0,0,0,0,0,0,0,0,0,0,0,0,0,0,0,0,0,0
Brighton Town Police Department,2015-09-01,New York,37022,NY02750,breakdown offenses,adjustment,adjustment,adjustment,adjustment,adjustment,breakdown offenses,breakdown offenses,breakdown offenses,0,0,0,0,0,1,1,0,0,0,0,0,0,22,0,0,0,1,21,19,0,19,0,61,5,5,0,0,108,0,1,2,85,87,0,0,1,1,0,0,0,0,0,0,20,0,0,0,1,19,0,0,0,0,7,2,2,0,0,30,0,1,2,9,11,0,0,0,0,0,0,0,0,0,0,3,0,0,0,0,3,0,0,0,0,1,0,0,0,0,4,0,0,0,1,1,0,0,0,0,0,0,0,0,0,0,0,0,0,0,0,0,0,0,0,0,0,0,0,0,0,0,0,0,0,0,0
Brighton Town Police Department,2015-08-01,New York,37022,NY02750,breakdown offenses,adjustment,adjustment,adjustment,adjustment,adjustment,breakdown offenses,breakdown offenses,breakdown offenses,0,0,0,0,0,0,0,0,1,1,0,0,0,13,0,0,0,3,10,12,0,12,0,59,4,4,0,0,89,0,3,4,75,79,0,0,0,0,0,1,1,0,0,0,13,0,0,0,3,10,1,0,1,0,8,1,1,0,0,24,0,3,4,10,14,0,0,0,0,0,0,0,0,0,0,1,0,0,0,1,0,0,0,0,0,0,0,0,0,0,1,0,1,1,0,1,0,0,0,0,0,0,0,0,0,0,0,0,0,0,0,0,0,0,0,0,0,0,0,0,0,0,0,0,0,0,0
Brighton Town Police Department,2015-07-01,New York,37022,NY02750,breakdown offenses,adjustment,adjustment,adjustment,adjustment,adjustment,breakdown offenses,breakdown offenses,breakdown offenses,0,0,0,0,0,0,0,0,0,0,0,0,0,13,0,0,0,0,13,11,0,11,0,68,2,2,0,0,94,0,0,0,81,81,0,0,0,0,0,0,0,0,0,0,11,0,0,0,0,11,2,0,2,0,9,0,0,0,0,22,0,0,0,11,11,0,0,0,0,0,0,0,0,0,0,0,0,0,0,0,0,0,0,0,0,0,0,0,0,0,0,0,0,0,0,0,0,0,0,0,0,0,0,0,0,0,0,0,0,0,0,0,0,0,0,0,0,0,0,0,0,0,0,0,0,0,0
Brighton Town Police Department,2015-06-01,New York,37022,NY02750,breakdown offenses,adjustment,adjustment,adjustment,adjustment,adjustment,breakdown offenses,breakdown offenses,breakdown offenses,0,0,0,0,0,1,1,0,1,0,0,0,1,28,0,0,0,0,28,13,0,13,0,44,2,2,0,0,89,0,0,2,59,61,0,0,1,1,0,0,0,0,0,0,19,0,0,0,0,19,1,0,1,0,6,0,0,0,0,27,0,0,1,7,8,0,0,0,0,0,0,0,0,0,0,3,0,0,0,0,3,0,0,0,0,0,0,0,0,0,3,0,0,0,0,0,0,0,0,0,0,0,0,0,0,0,0,0,0,0,0,0,0,0,0,0,0,0,0,0,0,0,0,0,0,0,0
Brighton Town Police Department,2015-05-01,New York,37022,NY02750,breakdown offenses,adjustment,adjustment,adjustment,adjustment,adjustment,breakdown offenses,breakdown offenses,breakdown offenses,0,0,0,0,0,1,1,0,0,0,0,0,0,24,0,0,0,1,23,15,0,15,0,44,1,1,0,0,85,0,1,2,60,62,0,0,1,1,0,0,0,0,0,0,19,0,0,0,1,18,6,0,6,0,10,1,1,0,0,37,0,1,2,17,19,0,0,0,0,0,0,0,0,0,0,1,0,0,0,0,1,3,0,3,0,1,0,0,0,0,5,0,0,0,4,4,0,0,0,0,0,0,0,0,0,0,0,0,0,0,0,0,0,0,0,0,0,0,0,0,0,0,0,0,0,0,0
Brighton Town Police Department,2015-04-01,New York,37022,NY02750,breakdown offenses,adjustment,adjustment,adjustment,adjustment,adjustment,breakdown offenses,breakdown offenses,breakdown offenses,0,0,0,0,0,1,1,0,0,0,0,0,0,15,0,0,0,0,15,9,0,9,0,31,1,1,0,0,57,0,0,1,41,42,0,0,1,1,0,0,0,0,0,0,12,0,0,0,0,12,1,0,1,0,4,0,0,0,0,18,0,0,1,5,6,0,0,0,0,0,0,0,0,0,0,0,0,0,0,0,0,1,0,1,0,0,0,0,0,0,1,0,0,0,1,1,0,0,0,0,0,0,0,0,0,0,0,0,0,0,0,0,0,0,0,0,0,0,0,0,0,0,0,0,0,0,0
Brighton Town Police Department,2015-03-01,New York,37022,NY02750,breakdown offenses,adjustment,adjustment,adjustment,adjustment,adjustment,breakdown offenses,breakdown offenses,breakdown offenses,0,0,0,0,0,2,2,0,0,0,0,0,0,27,0,1,0,0,26,9,0,9,0,46,5,5,0,0,89,0,1,3,60,63,0,0,2,2,0,0,0,0,0,0,22,0,1,0,0,21,1,0,1,0,11,2,2,0,0,38,0,1,3,14,17,0,0,0,0,0,0,0,0,0,0,5,0,0,0,0,5,1,0,1,0,0,0,0,0,0,6,0,0,0,1,1,0,0,0,0,0,0,0,0,0,0,0,0,0,0,0,0,0,0,0,0,0,0,0,0,0,0,0,0,0,0,0
Brighton Town Police Department,2015-02-01,New York,37022,NY02750,breakdown offenses,adjustment,adjustment,adjustment,adjustment,adjustment,breakdown offenses,breakdown offenses,breakdown offenses,0,0,0,0,0,0,0,0,1,0,0,0,1,17,0,0,0,2,15,8,0,8,0,38,1,1,0,0,65,0,2,3,47,50,0,0,0,0,0,1,0,0,0,1,14,0,0,0,2,12,3,0,3,0,8,0,0,0,0,26,0,2,3,11,14,0,0,0,0,0,0,0,0,0,0,0,0,0,0,0,0,0,0,0,0,0,0,0,0,0,0,0,0,0,0,0,0,0,0,0,0,0,0,0,0,0,0,0,0,0,0,0,0,0,0,0,0,0,0,0,0,0,0,0,0,0,0
Brighton Town Police Department,2015-01-01,New York,37022,NY02750,breakdown offenses,adjustment,adjustment,adjustment,adjustment,adjustment,breakdown offenses,breakdown offenses,breakdown offenses,0,0,0,0,0,0,0,0,1,1,0,0,0,10,0,0,0,0,10,4,0,4,0,49,4,4,0,0,68,0,0,1,57,58,0,0,0,0,0,1,1,0,0,0,9,0,0,0,0,9,0,0,0,0,12,1,1,0,0,23,0,0,1,13,14,0,0,0,0,0,0,0,0,0,0,2,0,0,0,0,2,0,0,0,0,0,0,0,0,0,2,0,0,0,0,0,0,0,0,0,0,0,0,0,0,0,0,0,0,0,0,0,0,0,0,0,0,0,0,0,0,0,0,0,0,0,0
Brighton Town Police Department,2014-12-01,New York,36884,NY02750,breakdown offenses,adjustment,adjustment,adjustment,adjustment,adjustment,breakdown offenses,breakdown offenses,breakdown offenses,0,0,0,0,0,1,1,0,1,0,1,0,0,14,0,0,0,0,14,4,0,4,0,42,1,1,0,0,63,0,0,2,47,49,0,0,1,1,0,0,0,0,0,0,8,0,0,0,0,8,2,0,2,0,9,0,0,0,0,20,0,0,1,11,12,0,0,0,0,0,0,0,0,0,0,0,0,0,0,0,0,0,0,0,0,0,0,0,0,0,0,0,0,0,0,0,0,0,0,0,0,0,0,0,0,0,0,0,0,0,0,0,0,0,0,0,0,0,0,0,0,0,0,0,0,0,0
Brighton Town Police Department,2014-11-01,New York,36884,NY02750,breakdown offenses,adjustment,adjustment,adjustment,adjustment,adjustment,breakdown offenses,breakdown offenses,breakdown offenses,0,0,0,0,0,0,0,0,1,0,0,0,1,14,0,0,1,2,11,7,0,7,0,37,0,0,0,0,59,0,3,4,44,48,0,0,0,0,0,0,0,0,0,0,9,0,0,0,1,8,0,0,0,0,7,0,0,0,0,16,0,1,1,7,8,0,0,0,0,0,0,0,0,0,0,3,0,0,0,1,2,0,0,0,0,0,0,0,0,0,3,0,1,1,0,1,0,0,0,0,0,0,0,0,0,0,0,0,0,0,0,0,0,0,0,0,0,0,0,0,0,0,0,0,0,0,0
Brighton Town Police Department,2014-10-01,New York,36884,NY02750,breakdown offenses,adjustment,adjustment,adjustment,adjustment,adjustment,breakdown offenses,breakdown offenses,breakdown offenses,0,0,0,0,0,1,1,0,2,0,1,1,0,20,1,0,0,2,17,4,0,4,0,64,3,3,0,0,94,0,3,6,71,77,0,0,1,1,0,0,0,0,0,0,16,1,0,0,1,14,1,0,1,0,8,1,1,0,0,27,0,2,3,10,13,0,0,0,0,0,0,0,0,0,0,2,0,0,0,0,2,0,0,0,0,1,0,0,0,0,3,0,0,0,1,1,0,0,0,0,0,0,0,0,0,0,0,0,0,0,0,0,0,0,0,0,0,0,0,0,0,0,0,0,0,0,0
Brighton Town Police Department,2014-09-01,New York,36884,NY02750,breakdown offenses,adjustment,adjustment,adjustment,adjustment,adjustment,breakdown offenses,breakdown offenses,breakdown offenses,0,0,0,0,0,0,0,0,0,0,0,0,0,11,0,0,0,0,11,6,0,6,0,154,3,3,0,0,174,0,0,0,163,163,0,0,0,0,0,0,0,0,0,0,3,0,0,0,0,3,0,0,0,0,5,0,0,0,0,8,0,0,0,5,5,0,0,0,0,0,0,0,0,0,0,1,0,0,0,0,1,0,0,0,0,0,0,0,0,0,1,0,0,0,0,0,0,0,0,0,0,0,0,0,0,0,0,0,0,0,0,0,0,0,0,0,0,0,0,0,0,0,0,0,0,0,0
Brighton Town Police Department,2014-08-01,New York,36884,NY02750,breakdown offenses,adjustment,adjustment,adjustment,adjustment,adjustment,breakdown offenses,breakdown offenses,breakdown offenses,0,0,0,0,0,0,0,0,0,0,0,0,0,18,0,0,1,3,14,12,1,11,0,80,3,3,0,0,113,0,4,4,95,99,0,0,0,0,0,0,0,0,0,0,12,0,0,1,2,9,2,0,2,0,9,0,0,0,0,23,0,3,3,11,14,0,0,0,0,0,0,0,0,0,0,1,0,0,0,0,1,0,0,0,0,0,0,0,0,0,1,0,0,0,0,0,0,0,0,0,0,0,0,0,0,0,0,0,0,0,0,0,0,0,0,0,0,0,0,0,0,0,0,0,0,0,0
Brighton Town Police Department,2014-07-01,New York,36884,NY02750,breakdown offenses,adjustment,adjustment,adjustment,adjustment,adjustment,breakdown offenses,breakdown offenses,breakdown offenses,0,0,0,0,0,0,0,0,0,0,0,0,0,10,0,0,0,1,9,10,0,10,0,57,1,1,0,0,78,0,1,1,68,69,0,0,0,0,0,0,0,0,0,0,6,0,0,0,1,5,0,0,0,0,5,1,1,0,0,12,0,1,1,6,7,0,0,0,0,0,0,0,0,0,0,0,0,0,0,0,0,0,0,0,0,0,1,1,0,0,1,0,0,0,1,1,0,0,0,0,0,0,0,0,0,0,0,0,0,0,0,0,0,0,0,0,0,0,0,0,0,0,0,0,0,0,0
Brighton Town Police Department,2014-06-01,New York,36884,NY02750,breakdown offenses,adjustment,adjustment,adjustment,adjustment,adjustment,breakdown offenses,breakdown offenses,breakdown offenses,0,0,0,0,0,0,0,0,1,0,0,0,1,15,0,0,0,2,13,4,0,4,0,64,2,1,0,1,86,0,2,3,70,73,0,0,0,0,0,1,0,0,0,1,12,0,0,0,2,10,0,0,0,0,12,0,0,0,0,25,0,2,3,12,15,0,0,0,0,0,0,0,0,0,0,1,0,0,0,0,1,0,0,0,0,1,0,0,0,0,2,0,0,0,1,1,0,0,0,0,0,0,0,0,0,0,0,0,0,0,0,0,0,0,0,0,0,0,0,0,0,0,0,0,0,0,0
Brighton Town Police Department,2014-05-01,New York,36884,NY02750,breakdown offenses,adjustment,adjustment,adjustment,adjustment,adjustment,breakdown offenses,breakdown offenses,breakdown offenses,0,0,0,0,0,1,1,0,0,0,0,0,0,19,0,0,0,0,19,6,0,6,0,35,3,3,0,0,64,0,0,1,44,45,0,0,1,1,0,0,0,0,0,0,12,0,0,0,0,12,1,0,1,0,4,0,0,0,0,18,0,0,1,5,6,0,0,1,1,0,0,0,0,0,0,2,0,0,0,0,2,0,0,0,0,0,0,0,0,0,3,0,0,1,0,1,0,0,0,0,0,0,0,0,0,0,0,0,0,0,0,0,0,0,0,0,0,0,0,0,0,0,0,0,0,0,0
Brighton Town Police Department,2014-04-01,New York,36884,NY02750,breakdown offenses,adjustment,adjustment,adjustment,adjustment,adjustment,breakdown offenses,breakdown offenses,breakdown offenses,0,0,0,0,0,0,0,0,1,0,0,0,1,20,0,0,0,0,20,8,0,8,0,47,0,0,0,0,76,0,0,1,55,56,0,0,0,0,0,1,0,0,0,1,13,0,0,0,0,13,0,0,0,0,5,0,0,0,0,19,0,0,1,5,6,0,0,0,0,0,0,0,0,0,0,2,0,0,0,0,2,0,0,0,0,0,0,0,0,0,2,0,0,0,0,0,0,0,0,0,0,0,0,0,0,0,0,0,0,0,0,0,0,0,0,0,0,0,0,0,0,0,0,0,0,0,0
Brighton Town Police Department,2014-03-01,New York,36884,NY02750,breakdown offenses,adjustment,adjustment,adjustment,adjustment,adjustment,breakdown offenses,breakdown offenses,breakdown offenses,0,0,0,0,0,0,0,0,1,0,0,0,1,23,0,0,0,0,23,1,0,1,0,45,1,1,0,0,71,0,0,1,47,48,0,0,0,0,0,0,0,0,0,0,10,0,0,0,0,10,1,0,1,0,8,1,1,0,0,20,0,0,0,10,10,0,0,0,0,0,0,0,0,0,0,1,0,0,0,0,1,0,0,0,0,1,0,0,0,0,2,0,0,0,1,1,0,0,0,0,0,0,0,0,0,0,0,0,0,0,0,0,0,0,0,0,0,0,0,0,0,0,0,0,0,0,0
Brighton Town Police Department,2014-02-01,New York,36884,NY02750,breakdown offenses,adjustment,adjustment,adjustment,adjustment,adjustment,breakdown offenses,breakdown offenses,breakdown offenses,0,0,0,0,0,0,0,0,0,0,0,0,0,17,0,0,0,0,17,5,0,5,0,78,2,2,0,0,102,0,0,0,85,85,0,0,0,0,0,0,0,0,0,0,9,0,0,0,0,9,0,0,0,0,8,2,2,0,0,19,0,0,0,10,10,0,0,0,0,0,0,0,0,0,0,2,0,0,0,0,2,0,0,0,0,0,1,1,0,0,3,0,0,0,1,1,0,0,0,0,0,0,0,0,0,0,0,0,0,0,0,0,0,0,0,0,0,0,0,0,0,0,0,0,0,0,0
Brighton Town Police Department,2014-01-01,New York,36884,NY02750,breakdown offenses,adjustment,adjustment,adjustment,adjustment,adjustment,breakdown offenses,breakdown offenses,breakdown offenses,0,0,0,0,0,1,1,0,1,1,0,0,0,17,0,0,0,1,16,8,0,8,0,53,6,6,0,0,86,0,1,3,67,70,0,0,0,0,0,0,0,0,0,0,13,0,0,0,1,12,0,0,0,0,14,0,0,0,0,27,0,1,1,14,15,0,0,0,0,0,0,0,0,0,0,1,0,0,0,1,0,0,0,0,0,0,0,0,0,0,1,0,1,1,0,1,0,0,0,0,0,0,0,0,0,0,0,0,0,0,0,0,0,0,0,0,0,0,0,0,0,0,0,0,0,0,0
Brighton Town Police Department,2013-12-01,New York,36689,NY02750,breakdown offenses,adjustment,adjustment,adjustment,adjustment,adjustment,breakdown offenses,breakdown offenses,breakdown offenses,0,0,0,0,0,0,0,0,0,0,0,0,0,19,0,0,0,0,19,12,0,12,0,28,2,2,0,0,61,0,0,0,42,42,0,0,0,0,0,0,0,0,0,0,7,0,0,0,0,7,0,0,0,0,3,2,2,0,0,12,0,0,0,5,5,0,0,0,0,0,0,0,0,0,0,1,0,0,0,0,1,0,0,0,0,0,1,1,0,0,2,0,0,0,1,1,0,0,0,0,0,0,0,0,0,0,0,0,0,0,0,0,0,0,0,0,0,0,0,0,0,0,0,0,0,0,0
Brighton Town Police Department,2013-11-01,New York,36689,NY02750,breakdown offenses,adjustment,adjustment,adjustment,adjustment,adjustment,breakdown offenses,breakdown offenses,breakdown offenses,0,0,0,0,0,0,0,0,0,0,0,0,0,20,0,1,0,0,19,12,0,12,0,51,2,2,0,0,85,0,1,1,65,66,0,0,0,0,0,0,0,0,0,0,10,0,0,0,0,10,2,0,2,0,12,0,0,0,0,24,0,0,0,14,14,0,0,0,0,0,0,0,0,0,0,1,0,0,0,0,1,0,0,0,0,0,0,0,0,0,1,0,0,0,0,0,0,0,0,0,0,0,0,0,0,0,0,0,0,0,0,0,0,0,0,0,0,0,0,0,0,0,0,0,0,0,0
Brighton Town Police Department,2013-10-01,New York,36689,NY02750,breakdown offenses,adjustment,adjustment,adjustment,adjustment,adjustment,breakdown offenses,breakdown offenses,breakdown offenses,0,0,0,1,0,0,0,0,0,0,0,0,0,25,1,1,0,0,23,6,0,6,0,68,3,3,0,0,103,0,2,3,77,80,0,0,0,0,0,0,0,0,0,0,8,0,1,0,0,7,0,0,0,0,8,1,1,0,0,17,0,1,1,9,10,0,0,0,0,0,0,0,0,0,0,2,0,1,0,0,1,0,0,0,0,0,0,0,0,0,2,0,1,1,0,1,0,0,0,0,0,0,0,0,0,0,0,0,0,0,0,0,0,0,0,0,0,0,0,0,0,0,0,0,0,0,0
Brighton Town Police Department,2013-09-01,New York,36689,NY02750,breakdown offenses,adjustment,adjustment,adjustment,adjustment,adjustment,breakdown offenses,breakdown offenses,breakdown offenses,0,0,0,0,0,0,0,0,2,0,0,0,2,25,0,2,0,2,21,12,0,12,0,41,4,3,0,1,84,0,4,6,57,63,0,0,0,0,0,0,0,0,0,0,9,0,2,0,2,5,0,0,0,0,8,1,1,0,0,18,0,4,4,9,13,0,0,0,0,0,0,0,0,0,0,2,0,1,0,0,1,0,0,0,0,1,1,1,0,0,4,0,1,1,2,3,0,0,0,0,0,0,0,0,0,0,0,0,0,0,0,0,0,0,0,0,0,0,0,0,0,0,0,0,0,0,0
Brighton Town Police Department,2013-08-01,New York,36689,NY02750,breakdown offenses,adjustment,adjustment,adjustment,adjustment,adjustment,breakdown offenses,breakdown offenses,breakdown offenses,0,0,0,0,0,0,0,0,1,0,0,1,0,10,0,0,0,0,10,17,0,17,0,53,1,1,0,0,82,0,0,1,71,72,0,0,0,0,0,0,0,0,0,0,2,0,0,0,0,2,2,0,2,0,1,0,0,0,0,5,0,0,0,3,3,0,0,0,0,0,0,0,0,0,0,0,0,0,0,0,0,0,0,0,0,0,0,0,0,0,0,0,0,0,0,0,0,0,0,0,0,0,0,0,0,0,0,0,0,0,0,0,0,0,0,0,0,0,0,0,0,0,0,0,0,0,0
Brighton Town Police Department,2013-07-01,New York,36689,NY02750,breakdown offenses,adjustment,adjustment,adjustment,adjustment,adjustment,breakdown offenses,breakdown offenses,breakdown offenses,0,0,0,0,0,0,0,0,2,1,0,1,0,23,0,0,0,2,21,21,0,21,0,56,3,3,0,0,105,0,2,4,80,84,0,0,0,0,0,1,0,0,1,0,5,0,0,0,1,4,2,0,2,0,3,0,0,0,0,11,0,1,2,5,7,0,0,0,0,0,0,0,0,0,0,0,0,0,0,0,0,0,0,0,0,0,0,0,0,0,0,0,0,0,0,0,0,0,0,0,0,0,0,0,0,0,0,0,0,0,0,0,0,0,0,0,0,0,0,0,0,0,0,0,0,0,0
Brighton Town Police Department,2013-06-01,New York,36689,NY02750,breakdown offenses,adjustment,adjustment,adjustment,adjustment,adjustment,breakdown offenses,breakdown offenses,breakdown offenses,0,0,0,0,0,0,0,0,0,0,0,0,0,24,1,0,1,0,22,18,0,18,0,58,2,2,0,0,102,0,2,2,78,80,0,0,0,0,0,0,0,0,0,0,10,1,0,1,0,8,1,0,1,0,7,0,0,0,0,18,0,2,2,8,10,0,0,0,0,0,0,0,0,0,0,0,0,0,0,0,0,0,0,0,0,0,0,0,0,0,0,0,0,0,0,0,0,0,0,0,0,0,0,0,0,0,0,0,0,0,0,0,0,0,0,0,0,0,0,0,0,0,0,0,0,0,0
Brighton Town Police Department,2013-05-01,New York,36689,NY02750,breakdown offenses,adjustment,adjustment,adjustment,adjustment,adjustment,breakdown offenses,breakdown offenses,breakdown offenses,0,0,0,0,0,0,0,0,1,0,0,1,0,23,0,0,0,0,23,15,0,15,0,61,1,1,0,0,101,0,0,1,77,78,0,0,0,0,0,1,0,0,1,0,6,0,0,0,0,6,2,0,2,0,10,1,1,0,0,20,0,0,1,13,14,0,0,0,0,0,0,0,0,0,0,0,0,0,0,0,0,0,0,0,0,0,0,0,0,0,0,0,0,0,0,0,0,0,0,0,0,0,0,0,0,0,0,0,0,0,0,0,0,0,0,0,0,0,0,0,0,0,0,0,0,0,0
Brighton Town Police Department,2013-04-01,New York,36689,NY02750,breakdown offenses,adjustment,adjustment,adjustment,adjustment,adjustment,breakdown offenses,breakdown offenses,breakdown offenses,0,0,0,0,0,0,0,0,2,1,0,0,1,28,0,0,0,0,28,11,0,11,0,65,1,1,0,0,107,0,0,2,77,79,0,0,0,0,0,1,1,0,0,0,14,0,0,0,0,14,1,0,1,0,5,0,0,0,0,21,0,0,1,6,7,0,0,0,0,0,1,1,0,0,0,4,0,0,0,0,4,0,0,0,0,0,0,0,0,0,5,0,0,1,0,1,0,0,0,0,0,0,0,0,0,0,0,0,0,0,0,0,0,0,0,0,0,0,0,0,0,0,0,0,0,0,0
Brighton Town Police Department,2013-03-01,New York,36689,NY02750,breakdown offenses,adjustment,adjustment,adjustment,adjustment,adjustment,breakdown offenses,breakdown offenses,breakdown offenses,0,0,0,0,0,1,1,0,1,0,0,0,1,24,0,1,0,0,23,3,0,3,0,50,5,5,0,0,84,0,1,3,58,61,0,0,0,0,0,1,0,0,0,1,9,0,0,0,0,9,0,0,0,0,8,3,3,0,0,21,0,0,1,11,12,0,0,0,0,0,0,0,0,0,0,2,0,0,0,0,2,0,0,0,0,1,3,3,0,0,6,0,0,0,4,4,0,0,0,0,0,0,0,0,0,0,0,0,0,0,0,0,0,0,0,0,0,0,0,0,0,0,0,0,0,0,0
Brighton Town Police Department,2013-02-01,New York,36689,NY02750,breakdown offenses,adjustment,adjustment,adjustment,adjustment,adjustment,breakdown offenses,breakdown offenses,breakdown offenses,0,0,0,0,0,0,0,0,1,0,0,0,1,29,0,0,0,0,29,5,0,5,0,44,3,3,0,0,82,0,0,1,52,53,0,0,0,0,0,1,0,0,0,1,14,0,0,0,0,14,1,0,1,0,7,1,1,0,0,24,0,0,1,9,10,0,0,0,0,0,0,0,0,0,0,2,0,0,0,0,2,0,0,0,0,1,0,0,0,0,3,0,0,0,1,1,0,0,0,0,0,0,0,0,0,0,0,0,0,0,0,0,0,0,0,0,0,0,0,0,0,0,0,0,0,0,0
Brighton Town Police Department,2013-01-01,New York,36689,NY02750,breakdown offenses,adjustment,adjustment,adjustment,adjustment,adjustment,breakdown offenses,breakdown offenses,breakdown offenses,0,0,0,0,0,1,1,0,0,0,0,0,0,16,0,1,0,0,15,10,0,10,0,48,1,1,0,0,76,0,1,2,59,61,0,0,0,0,0,0,0,0,0,0,7,0,1,0,0,6,0,0,0,0,6,1,1,0,0,14,0,1,1,7,8,0,0,0,0,0,0,0,0,0,0,1,0,0,0,0,1,0,0,0,0,1,0,0,0,0,2,0,0,0,1,1,0,0,0,0,0,0,0,0,0,0,0,0,0,0,0,0,0,0,0,0,0,0,0,0,0,0,0,0,0,0,0
Brighton Town Police Department,2012-12-01,New York,36856,NY02750,breakdown offenses,adjustment,adjustment,adjustment,adjustment,adjustment,breakdown offenses,breakdown offenses,breakdown offenses,0,0,0,0,0,0,0,0,2,2,0,0,0,21,0,0,0,0,21,19,0,19,0,50,1,1,0,0,93,0,0,2,70,72,0,0,0,0,0,0,0,0,0,0,10,0,0,0,0,10,1,0,1,0,8,0,0,0,0,19,0,0,0,9,9,0,0,0,0,0,0,0,0,0,0,4,0,0,0,0,4,0,0,0,0,2,0,0,0,0,6,0,0,0,2,2,0,0,0,0,0,0,0,0,0,0,0,0,0,0,0,0,0,0,0,0,0,0,0,0,0,0,0,0,0,0,0
Brighton Town Police Department,2012-11-01,New York,36856,NY02750,breakdown offenses,adjustment,adjustment,adjustment,adjustment,adjustment,breakdown offenses,breakdown offenses,breakdown offenses,0,0,0,0,0,0,0,0,0,0,0,0,0,23,0,0,0,0,23,14,1,13,0,59,1,1,0,0,97,0,0,0,74,74,0,0,0,0,0,0,0,0,0,0,10,0,0,0,0,10,1,0,1,0,8,0,0,0,0,19,0,0,0,9,9,0,0,0,0,0,0,0,0,0,0,2,0,0,0,0,2,0,0,0,0,1,0,0,0,0,3,0,0,0,1,1,0,0,0,0,0,0,0,0,0,0,0,0,0,0,0,0,0,0,0,0,0,0,0,0,0,0,0,0,0,0,0
Brighton Town Police Department,2012-10-01,New York,36856,NY02750,breakdown offenses,adjustment,adjustment,adjustment,adjustment,adjustment,breakdown offenses,breakdown offenses,breakdown offenses,0,0,0,0,0,0,0,0,0,0,0,0,0,17,0,0,0,0,17,15,0,15,0,51,4,3,0,1,87,0,0,0,70,70,0,0,0,0,0,0,0,0,0,0,8,0,0,0,0,8,0,0,0,0,5,1,0,0,1,14,0,0,0,6,6,0,0,0,0,0,0,0,0,0,0,1,0,0,0,0,1,0,0,0,0,0,0,0,0,0,1,0,0,0,0,0,0,0,0,0,0,0,0,0,0,0,0,0,0,0,0,0,0,0,0,0,0,0,0,0,0,0,0,0,0,0,0
Brighton Town Police Department,2012-09-01,New York,36856,NY02750,breakdown offenses,adjustment,adjustment,adjustment,adjustment,adjustment,breakdown offenses,breakdown offenses,breakdown offenses,0,0,0,0,0,0,0,0,1,1,0,0,0,20,0,0,0,0,20,8,0,8,0,89,4,4,0,0,122,0,0,1,101,102,0,0,0,0,0,0,0,0,0,0,11,0,0,0,0,11,0,0,0,0,12,1,1,0,0,24,0,0,0,13,13,0,0,0,0,0,0,0,0,0,0,2,0,0,0,0,2,0,0,0,0,1,1,1,0,0,4,0,0,0,2,2,0,0,0,0,0,0,0,0,0,0,0,0,0,0,0,0,0,0,0,0,0,0,0,0,0,0,0,0,0,0,0
Brighton Town Police Department,2012-08-01,New York,36856,NY02750,breakdown offenses,adjustment,adjustment,adjustment,adjustment,adjustment,breakdown offenses,breakdown offenses,breakdown offenses,0,0,0,0,0,0,0,0,0,0,0,0,0,20,0,0,0,0,20,18,0,18,0,53,3,3,0,0,94,0,0,0,74,74,0,0,0,0,0,0,0,0,0,0,7,0,0,0,0,7,4,0,4,0,9,0,0,0,0,20,0,0,0,13,13,0,0,0,0,0,0,0,0,0,0,1,0,0,0,0,1,1,0,1,0,0,0,0,0,0,2,0,0,0,1,1,0,0,0,0,0,0,0,0,0,0,0,0,0,0,0,0,0,0,0,0,0,0,0,0,0,0,0,0,0,0,0
Brighton Town Police Department,2012-07-01,New York,36856,NY02750,breakdown offenses,adjustment,adjustment,adjustment,adjustment,adjustment,breakdown offenses,breakdown offenses,breakdown offenses,0,0,0,0,0,0,0,0,1,0,0,1,0,22,0,1,0,1,20,28,0,28,0,94,2,1,0,1,147,0,2,3,124,127,0,0,0,0,0,1,0,0,1,0,10,0,0,0,1,9,3,0,3,0,6,0,0,0,0,20,0,1,2,9,11,0,0,0,0,0,0,0,0,0,0,0,0,0,0,0,0,0,0,0,0,0,0,0,0,0,0,0,0,0,0,0,0,0,0,0,0,0,0,0,0,0,0,0,0,0,0,0,0,0,0,0,0,0,0,0,0,0,0,0,0,0,0
Brighton Town Police Department,2012-06-01,New York,36856,NY02750,breakdown offenses,adjustment,adjustment,adjustment,adjustment,adjustment,breakdown offenses,breakdown offenses,breakdown offenses,0,0,0,0,0,1,1,0,2,1,0,0,1,20,0,0,0,0,20,14,0,14,0,45,2,2,0,0,84,0,0,3,61,64,0,0,0,0,0,0,0,0,0,0,7,0,0,0,0,7,0,0,0,0,6,0,0,0,0,13,0,0,0,6,6,0,0,0,0,0,0,0,0,0,0,1,0,0,0,0,1,0,0,0,0,0,0,0,0,0,1,0,0,0,0,0,0,0,0,0,0,0,0,0,0,0,0,0,0,0,0,0,0,0,0,0,0,0,0,0,0,0,0,0,0,0,0
Brighton Town Police Department,2012-05-01,New York,36856,NY02750,breakdown offenses,adjustment,adjustment,adjustment,adjustment,adjustment,breakdown offenses,breakdown offenses,breakdown offenses,0,0,0,0,0,0,0,0,0,0,0,0,0,38,0,0,3,0,35,9,0,9,0,69,1,1,0,0,117,0,3,3,79,82,0,0,0,0,0,0,0,0,0,0,21,0,0,0,0,21,1,0,1,0,6,0,0,0,0,28,0,0,0,7,7,0,0,0,0,0,0,0,0,0,0,2,0,0,0,0,2,0,0,0,0,1,0,0,0,0,3,0,0,0,1,1,0,0,0,0,0,0,0,0,0,0,0,0,0,0,0,0,0,0,0,0,0,0,0,0,0,0,0,0,0,0,0
Brighton Town Police Department,2012-04-01,New York,36856,NY02750,breakdown offenses,adjustment,adjustment,adjustment,adjustment,adjustment,breakdown offenses,breakdown offenses,breakdown offenses,0,0,0,0,0,0,0,0,1,0,0,0,1,27,0,0,0,1,26,20,0,20,0,57,3,3,0,0,108,0,1,2,80,82,0,0,0,0,0,0,0,0,0,0,12,0,0,0,1,11,2,0,2,0,9,2,2,0,0,25,0,1,1,13,14,0,0,0,0,0,0,0,0,0,0,1,0,0,0,0,1,0,0,0,0,1,1,1,0,0,3,0,0,0,2,2,0,0,0,0,0,0,0,0,0,0,0,0,0,0,0,0,0,0,0,0,0,0,0,0,0,0,0,0,0,0,0
Brighton Town Police Department,2012-03-01,New York,36856,NY02750,breakdown offenses,adjustment,adjustment,adjustment,adjustment,adjustment,breakdown offenses,breakdown offenses,breakdown offenses,0,0,0,0,0,4,4,0,1,0,0,0,1,35,0,1,0,1,33,14,0,14,0,69,1,1,0,0,124,0,2,7,84,91,0,0,4,4,0,1,0,0,0,1,16,0,0,0,0,16,0,0,0,0,9,1,1,0,0,31,0,0,5,10,15,0,0,0,0,0,0,0,0,0,0,3,0,0,0,0,3,0,0,0,0,0,1,1,0,0,4,0,0,0,1,1,0,0,0,0,0,0,0,0,0,0,0,0,0,0,0,0,0,0,0,0,0,0,0,0,0,0,0,0,0,0,0
Brighton Town Police Department,2012-02-01,New York,36856,NY02750,breakdown offenses,adjustment,adjustment,adjustment,adjustment,adjustment,breakdown offenses,breakdown offenses,breakdown offenses,0,0,0,1,0,1,1,0,0,0,0,0,0,32,0,1,0,0,31,6,0,6,0,54,3,3,0,0,97,0,1,3,63,66,1,0,0,0,0,0,0,0,0,0,24,0,1,0,0,23,0,0,0,0,5,0,0,0,0,30,0,1,2,5,7,0,0,0,0,0,0,0,0,0,0,1,0,0,0,0,1,0,0,0,0,0,0,0,0,0,1,0,0,0,0,0,0,0,0,0,0,0,0,0,0,0,0,0,0,0,0,0,0,0,0,0,0,0,0,0,0,0,0,0,0,0,0
Brighton Town Police Department,2012-01-01,New York,36856,NY02750,breakdown offenses,adjustment,adjustment,adjustment,adjustment,adjustment,breakdown offenses,breakdown offenses,breakdown offenses,0,0,0,0,0,0,0,0,2,0,0,1,1,34,0,0,1,1,32,8,0,8,0,44,1,1,0,0,89,0,2,4,53,57,0,0,0,0,0,1,0,0,0,1,22,0,0,0,1,21,0,0,0,0,5,1,1,0,0,29,0,1,2,6,8,0,0,0,0,0,0,0,0,0,0,3,0,0,0,0,3,0,0,0,0,2,0,0,0,0,5,0,0,0,2,2,0,0,0,0,0,0,0,0,0,0,0,0,0,0,0,0,0,0,0,0,0,0,0,0,0,0,0,0,0,0,0
Brighton Town Police Department,2011-12-01,New York,36774,NY02750,breakdown offenses,adjustment,adjustment,adjustment,adjustment,adjustment,breakdown offenses,breakdown offenses,breakdown offenses,0,0,0,0,0,1,1,0,4,1,2,0,1,25,0,0,0,0,25,21,0,21,0,60,1,1,0,0,112,0,0,5,82,87,0,0,0,0,0,3,0,2,0,1,20,0,0,0,0,20,3,0,3,0,7,0,0,0,0,33,0,0,3,10,13,0,0,0,0,0,0,0,0,0,0,0,0,0,0,0,0,0,0,0,0,0,0,0,0,0,0,0,0,0,0,0,0,0,0,0,0,0,0,0,0,0,0,0,0,0,0,0,0,0,0,0,0,0,0,0,0,0,0,0,0,0,0
Brighton Town Police Department,2011-11-01,New York,36774,NY02750,breakdown offenses,adjustment,adjustment,adjustment,adjustment,adjustment,breakdown offenses,breakdown offenses,breakdown offenses,0,0,0,0,0,0,0,0,0,0,0,0,0,29,0,1,0,2,26,12,0,12,0,61,1,1,0,0,103,0,3,3,74,77,0,0,0,0,0,0,0,0,0,0,17,0,1,0,2,14,1,0,1,0,8,0,0,0,0,26,0,3,3,9,12,0,0,0,0,0,0,0,0,0,0,0,0,0,0,0,0,0,0,0,0,1,0,0,0,0,1,0,0,0,1,1,0,0,0,0,0,0,0,0,0,0,0,0,0,0,0,0,0,0,0,0,0,0,0,0,0,0,0,0,0,0,0
Brighton Town Police Department,2011-10-01,New York,36774,NY02750,breakdown offenses,adjustment,adjustment,adjustment,adjustment,adjustment,breakdown offenses,breakdown offenses,breakdown offenses,0,0,0,0,0,0,0,0,0,0,0,0,0,35,0,0,0,0,35,22,1,21,0,67,7,4,0,3,131,0,0,0,96,96,0,0,0,0,0,0,0,0,0,0,28,0,0,0,0,28,1,0,1,0,10,2,2,0,0,41,0,0,0,13,13,0,0,0,0,0,0,0,0,0,0,0,0,0,0,0,0,0,0,0,0,0,0,0,0,0,0,0,0,0,0,0,0,0,0,0,0,0,0,0,0,0,0,0,0,0,0,0,0,0,0,0,0,0,0,0,0,0,0,0,0,0,0
Brighton Town Police Department,2011-09-01,New York,36774,NY02750,breakdown offenses,adjustment,adjustment,adjustment,adjustment,adjustment,breakdown offenses,breakdown offenses,breakdown offenses,0,0,0,0,0,0,0,0,2,2,0,0,0,31,1,1,0,0,29,8,0,8,0,74,1,1,0,0,116,0,2,4,83,87,0,0,0,0,0,0,0,0,0,0,23,1,1,0,0,21,2,0,2,0,6,0,0,0,0,31,0,2,2,8,10,0,0,0,0,0,0,0,0,0,0,1,0,1,0,0,0,1,0,1,0,0,0,0,0,0,2,0,1,1,1,2,0,0,0,0,0,0,0,0,0,0,0,0,0,0,0,0,0,0,0,0,0,0,0,0,0,0,0,0,0,0,0
Brighton Town Police Department,2011-08-01,New York,36774,NY02750,breakdown offenses,adjustment,adjustment,adjustment,adjustment,adjustment,breakdown offenses,breakdown offenses,breakdown offenses,0,0,0,0,0,0,0,0,0,0,0,0,0,27,0,0,1,0,26,20,0,20,0,75,1,1,0,0,123,0,1,1,96,97,0,0,0,0,0,0,0,0,0,0,16,0,0,1,0,15,0,0,0,0,14,0,0,0,0,30,0,1,1,14,15,0,0,0,0,0,0,0,0,0,0,1,0,0,1,0,0,0,0,0,0,3,0,0,0,0,4,0,1,1,3,4,0,0,0,0,0,0,0,0,0,0,0,0,0,0,0,0,0,0,0,0,0,0,0,0,0,0,0,0,0,0,0
Brighton Town Police Department,2011-07-01,New York,36774,NY02750,breakdown offenses,adjustment,adjustment,adjustment,adjustment,adjustment,breakdown offenses,breakdown offenses,breakdown offenses,0,0,0,0,0,1,1,0,1,0,0,1,0,30,0,2,0,0,28,9,0,9,0,47,3,3,0,0,91,0,2,4,59,63,0,0,1,1,0,1,0,0,1,0,24,0,2,0,0,22,3,0,3,0,6,0,0,0,0,35,0,2,4,9,13,0,0,0,0,0,0,0,0,0,0,1,0,1,0,0,0,1,0,1,0,1,0,0,0,0,3,0,1,1,2,3,0,0,0,0,0,0,0,0,0,0,0,0,0,0,0,0,0,0,0,0,0,0,0,0,0,0,0,0,0,0,0
Brighton Town Police Department,2011-06-01,New York,36774,NY02750,breakdown offenses,adjustment,adjustment,adjustment,adjustment,adjustment,breakdown offenses,breakdown offenses,breakdown offenses,0,0,0,0,0,0,0,0,2,1,1,0,0,26,0,1,0,0,25,5,0,5,0,58,5,4,0,1,96,0,1,3,68,71,0,0,0,0,0,1,1,0,0,0,21,0,1,0,0,20,0,0,0,0,4,0,0,0,0,26,0,1,2,4,6,0,0,0,0,0,0,0,0,0,0,0,0,0,0,0,0,0,0,0,0,0,0,0,0,0,0,0,0,0,0,0,0,0,0,0,0,0,0,0,0,0,0,0,0,0,0,0,0,0,0,0,0,0,0,0,0,0,0,0,0,0,0
Brighton Town Police Department,2011-05-01,New York,36774,NY02750,breakdown offenses,adjustment,adjustment,adjustment,adjustment,adjustment,breakdown offenses,breakdown offenses,breakdown offenses,0,0,1,0,0,2,2,0,1,0,0,0,1,33,0,0,0,0,33,9,0,9,0,77,4,4,0,0,126,0,0,3,90,93,0,0,0,0,0,1,0,0,0,1,18,0,0,0,0,18,1,0,1,0,10,0,0,0,0,30,0,0,1,11,12,0,0,0,0,0,0,0,0,0,0,0,0,0,0,0,0,1,0,1,0,1,0,0,0,0,2,0,0,0,2,2,0,0,0,0,0,0,0,0,0,0,0,0,0,0,0,0,0,0,0,0,0,0,0,0,0,0,0,0,0,0,0
Brighton Town Police Department,2011-04-01,New York,36774,NY02750,breakdown offenses,adjustment,adjustment,adjustment,adjustment,adjustment,breakdown offenses,breakdown offenses,breakdown offenses,0,0,0,0,0,2,2,0,1,0,0,0,1,30,1,2,0,1,26,6,0,6,0,62,2,2,0,0,103,0,4,7,70,77,0,0,1,1,0,1,0,0,0,1,16,1,0,0,1,14,0,0,0,0,6,1,1,0,0,25,0,2,4,7,11,0,0,0,0,0,0,0,0,0,0,0,0,0,0,0,0,0,0,0,0,1,1,1,0,0,2,0,0,0,2,2,0,0,0,0,0,0,0,0,0,0,0,0,0,0,0,0,0,0,0,0,0,0,0,0,0,0,0,0,0,0,0
Brighton Town Police Department,2011-03-01,New York,36774,NY02750,breakdown offenses,adjustment,adjustment,adjustment,adjustment,adjustment,breakdown offenses,breakdown offenses,breakdown offenses,0,0,0,0,0,0,0,0,1,0,0,0,1,26,0,0,0,0,26,16,0,16,0,78,1,1,0,0,122,0,0,1,95,96,0,0,0,0,0,0,0,0,0,0,15,0,0,0,0,15,2,0,2,0,6,0,0,0,0,23,0,0,0,8,8,0,0,0,0,0,0,0,0,0,0,0,0,0,0,0,0,0,0,0,0,2,0,0,0,0,2,0,0,0,2,2,0,0,0,0,0,0,0,0,0,0,0,0,0,0,0,0,0,0,0,0,0,0,0,0,0,0,0,0,0,0,0
Brighton Town Police Department,2011-02-01,New York,36774,NY02750,breakdown offenses,adjustment,adjustment,adjustment,adjustment,adjustment,breakdown offenses,breakdown offenses,breakdown offenses,0,0,0,0,0,0,0,0,1,0,0,0,1,20,0,0,1,0,19,8,0,8,0,40,1,1,0,0,70,0,1,2,49,51,0,0,0,0,0,1,0,0,0,1,13,0,0,1,0,12,0,0,0,0,4,0,0,0,0,18,0,1,2,4,6,0,0,0,0,0,0,0,0,0,0,0,0,0,0,0,0,0,0,0,0,0,0,0,0,0,0,0,0,0,0,0,0,0,0,0,0,0,0,0,0,0,0,0,0,0,0,0,0,0,0,0,0,0,0,0,0,0,0,0,0,0,0
Brighton Town Police Department,2011-01-01,New York,36774,NY02750,breakdown offenses,adjustment,adjustment,adjustment,adjustment,adjustment,breakdown offenses,breakdown offenses,breakdown offenses,0,0,0,0,0,2,2,0,3,3,0,0,0,26,1,2,0,0,23,14,0,14,0,67,4,4,0,0,116,0,3,8,85,93,0,0,1,1,0,2,2,0,0,0,14,1,1,0,0,12,1,0,1,0,6,1,1,0,0,25,0,2,5,8,13,0,0,0,0,0,0,0,0,0,0,0,0,0,0,0,0,0,0,0,0,1,0,0,0,0,1,0,0,0,1,1,0,0,0,0,0,0,0,0,0,0,0,0,0,0,0,0,0,0,0,0,0,0,0,0,0,0,0,0,0,0,0
Brighton Town Police Department,2010-12-01,New York,36609,NY02750,breakdown offenses,adjustment,adjustment,adjustment,adjustment,adjustment,breakdown offenses,breakdown offenses,breakdown offenses,0,0,0,0,0,0,0,0,0,0,0,0,0,23,1,1,1,0,20,13,0,13,0,86,3,3,0,0,125,0,3,3,102,105,0,0,0,0,0,0,0,0,0,0,12,1,1,1,0,9,3,0,3,0,6,1,1,0,0,22,0,3,3,10,13,0,0,0,0,0,0,0,0,0,0,2,0,1,1,0,0,0,0,0,0,0,0,0,0,0,2,0,2,2,0,2,0,0,0,0,0,0,0,0,0,0,0,0,0,0,0,0,0,0,0,0,0,0,0,0,0,0,0,0,0,0,0
Brighton Town Police Department,2010-11-01,New York,36609,NY02750,breakdown offenses,adjustment,adjustment,adjustment,adjustment,adjustment,breakdown offenses,breakdown offenses,breakdown offenses,0,0,1,0,0,0,0,0,1,0,0,0,1,29,0,2,1,0,26,13,0,13,0,101,0,0,0,0,144,0,3,4,114,118,0,0,0,0,0,1,0,0,0,1,18,0,2,1,0,15,5,0,5,0,10,0,0,0,0,34,0,3,4,15,19,0,0,0,0,0,0,0,0,0,0,2,0,1,1,0,0,0,0,0,0,3,0,0,0,0,5,0,2,2,3,5,0,0,0,0,0,0,0,0,0,0,0,0,0,0,0,0,0,0,0,0,0,0,0,0,0,0,0,0,0,0,0
Brighton Town Police Department,2010-10-01,New York,36609,NY02750,breakdown offenses,adjustment,adjustment,adjustment,adjustment,adjustment,breakdown offenses,breakdown offenses,breakdown offenses,0,0,0,0,0,1,1,0,1,0,1,0,0,32,0,0,1,0,31,14,0,14,0,101,6,4,0,2,155,0,1,3,121,124,0,0,1,1,0,1,0,1,0,0,22,0,0,1,0,21,2,0,2,0,10,1,1,0,0,37,0,1,3,13,16,0,0,0,0,0,1,0,1,0,0,0,0,0,0,0,0,0,0,0,0,2,0,0,0,0,3,0,0,1,2,3,0,0,0,0,0,0,0,0,0,0,0,0,0,0,0,0,0,0,0,0,0,0,0,0,0,0,0,0,0,0,0
Brighton Town Police Department,2010-09-01,New York,36609,NY02750,breakdown offenses,adjustment,adjustment,adjustment,adjustment,adjustment,breakdown offenses,breakdown offenses,breakdown offenses,0,0,2,0,0,0,0,0,1,0,0,0,1,30,0,1,1,1,27,11,0,11,0,74,1,1,0,0,117,0,3,4,86,90,0,0,0,0,0,0,0,0,0,0,22,0,1,1,1,19,2,0,2,0,11,0,0,0,0,35,0,3,3,13,16,0,0,0,0,0,0,0,0,0,0,0,0,0,0,0,0,0,0,0,0,3,0,0,0,0,3,0,0,0,3,3,0,0,0,0,0,0,0,0,0,0,0,0,0,0,0,0,0,0,0,0,0,0,0,0,0,0,0,0,0,0,0
Brighton Town Police Department,2010-08-01,New York,36609,NY02750,breakdown offenses,adjustment,adjustment,adjustment,adjustment,adjustment,breakdown offenses,breakdown offenses,breakdown offenses,0,0,0,0,0,2,2,0,1,0,0,1,0,26,0,3,0,0,23,18,0,18,0,57,3,2,0,1,107,0,3,6,78,84,0,0,1,1,0,0,0,0,0,0,19,0,3,0,0,16,3,0,3,0,6,2,2,0,0,31,0,3,4,11,15,0,0,0,0,0,0,0,0,0,0,1,0,1,0,0,0,0,0,0,0,2,1,1,0,0,4,0,1,1,3,4,0,0,0,0,0,0,0,0,0,0,0,0,0,0,0,0,0,0,0,0,0,0,0,0,0,0,0,0,0,0,0
Brighton Town Police Department,2010-07-01,New York,36609,NY02750,breakdown offenses,adjustment,adjustment,adjustment,adjustment,adjustment,breakdown offenses,breakdown offenses,breakdown offenses,0,0,1,0,0,1,1,0,0,0,0,0,0,21,0,0,0,0,21,11,2,9,0,58,2,2,0,0,93,0,0,1,71,72,0,0,0,0,0,0,0,0,0,0,12,0,0,0,0,12,1,0,1,0,6,1,1,0,0,20,0,0,0,8,8,0,0,0,0,0,0,0,0,0,0,0,0,0,0,0,0,0,0,0,0,0,1,1,0,0,1,0,0,0,1,1,0,0,0,0,0,0,0,0,0,0,0,0,0,0,0,0,0,0,0,0,0,0,0,0,0,0,0,0,0,0,0
Brighton Town Police Department,2010-06-01,New York,36609,NY02750,breakdown offenses,adjustment,adjustment,adjustment,adjustment,adjustment,breakdown offenses,breakdown offenses,breakdown offenses,0,0,0,0,0,0,0,0,0,0,0,0,0,35,0,0,0,1,34,12,3,9,0,65,1,1,0,0,113,0,1,1,78,79,0,0,0,0,0,0,0,0,0,0,28,0,0,0,1,27,4,1,3,0,6,0,0,0,0,38,0,1,1,10,11,0,0,0,0,0,0,0,0,0,0,0,0,0,0,0,0,0,0,0,0,0,0,0,0,0,0,0,0,0,0,0,0,0,0,0,0,0,0,0,0,0,0,0,0,0,0,0,0,0,0,0,0,0,0,0,0,0,0,0,0,0,0
Brighton Town Police Department,2010-05-01,New York,36609,NY02750,breakdown offenses,adjustment,adjustment,adjustment,adjustment,adjustment,breakdown offenses,breakdown offenses,breakdown offenses,0,0,0,0,0,1,0,1,2,0,1,0,1,36,0,1,2,0,33,14,6,8,0,76,1,1,0,0,130,0,3,6,91,97,0,0,0,0,0,0,0,0,0,0,25,0,1,2,0,22,2,1,1,0,7,1,1,0,0,35,0,3,3,10,13,0,0,0,0,0,0,0,0,0,0,0,0,0,0,0,0,0,0,0,0,0,0,0,0,0,0,0,0,0,0,0,0,0,0,0,0,0,0,0,0,0,0,0,0,0,0,0,0,0,0,0,0,0,0,0,0,0,0,0,0,0,0
Brighton Town Police Department,2010-04-01,New York,36609,NY02750,breakdown offenses,adjustment,adjustment,adjustment,adjustment,adjustment,breakdown offenses,breakdown offenses,breakdown offenses,0,0,0,0,0,1,1,0,2,1,0,0,1,30,1,0,2,2,25,18,15,1,2,58,1,1,0,0,110,0,5,8,77,85,0,0,0,0,0,0,0,0,0,0,23,1,0,1,1,20,4,4,0,0,13,0,0,0,0,40,0,3,3,17,20,0,0,0,0,0,0,0,0,0,0,2,1,0,1,0,0,2,2,0,0,3,0,0,0,0,7,0,2,2,5,7,0,0,0,0,0,0,0,0,0,0,0,0,0,0,0,0,0,0,0,0,0,0,0,0,0,0,0,0,0,0,0
Brighton Town Police Department,2010-03-01,New York,36609,NY02750,breakdown offenses,adjustment,adjustment,adjustment,adjustment,adjustment,breakdown offenses,breakdown offenses,breakdown offenses,0,0,0,0,0,0,0,0,2,0,0,0,2,25,0,0,0,0,25,8,5,1,2,78,1,1,0,0,114,0,0,2,87,89,0,0,0,0,0,1,0,0,0,1,17,0,0,0,0,17,2,2,0,0,5,0,0,0,0,25,0,0,1,7,8,0,0,0,0,0,0,0,0,0,0,0,0,0,0,0,0,0,0,0,0,1,0,0,0,0,1,0,0,0,1,1,0,0,0,0,0,0,0,0,0,0,0,0,0,0,0,0,0,0,0,0,0,0,0,0,0,0,0,0,0,0,0
Brighton Town Police Department,2010-02-01,New York,36609,NY02750,breakdown offenses,adjustment,adjustment,adjustment,adjustment,adjustment,breakdown offenses,breakdown offenses,breakdown offenses,0,0,0,0,0,0,0,0,2,1,0,1,0,27,0,0,0,1,26,10,7,0,3,58,3,3,0,0,100,0,1,3,71,74,0,0,0,0,0,1,0,0,1,0,18,0,0,0,0,18,0,0,0,0,6,1,1,0,0,26,0,0,1,7,8,0,0,0,0,0,0,0,0,0,0,0,0,0,0,0,0,0,0,0,0,0,0,0,0,0,0,0,0,0,0,0,0,0,0,0,0,0,0,0,0,0,0,0,0,0,0,0,0,0,0,0,0,0,0,0,0,0,0,0,0,0,0
Brighton Town Police Department,2010-01-01,New York,36609,NY02750,breakdown offenses,adjustment,adjustment,adjustment,adjustment,adjustment,breakdown offenses,breakdown offenses,breakdown offenses,0,0,0,0,0,0,0,0,1,0,0,0,1,26,0,1,0,2,23,8,8,0,0,65,2,2,0,0,102,0,3,4,75,79,0,0,0,0,0,1,0,0,0,1,21,0,1,0,1,19,2,2,0,0,10,0,0,0,0,34,0,2,3,12,15,0,0,0,0,0,1,0,0,0,1,1,0,1,0,0,0,0,0,0,0,1,0,0,0,0,3,0,1,2,1,3,0,0,0,0,0,0,0,0,0,0,0,0,0,0,0,0,0,0,0,0,0,0,0,0,0,0,0,0,0,0,0
Brighton Town Police Department,2009-12-01,New York,34275,NY02750,breakdown offenses,adjustment,adjustment,adjustment,adjustment,adjustment,breakdown offenses,breakdown offenses,breakdown offenses,0,0,0,0,0,0,0,0,1,1,0,0,0,31,0,4,2,0,25,9,5,3,1,55,3,3,0,0,99,0,6,7,67,74,0,0,0,0,0,0,0,0,0,0,20,0,4,1,0,15,2,1,1,0,6,0,0,0,0,28,0,5,5,8,13,0,0,0,0,0,0,0,0,0,0,1,0,1,0,0,0,1,1,0,0,1,0,0,0,0,3,0,1,1,2,3,0,0,0,0,0,0,0,0,0,0,0,0,0,0,0,0,0,0,0,0,0,0,0,0,0,0,0,0,0,0,0
Brighton Town Police Department,2009-11-01,New York,34275,NY02750,breakdown offenses,adjustment,adjustment,adjustment,adjustment,adjustment,breakdown offenses,breakdown offenses,breakdown offenses,0,0,1,0,0,0,0,0,1,0,0,0,1,34,0,1,1,1,31,8,8,0,0,68,4,4,0,0,115,0,3,4,80,84,0,0,0,0,0,0,0,0,0,0,23,0,1,1,0,21,1,1,0,0,4,0,0,0,0,28,0,2,2,5,7,0,0,0,0,0,0,0,0,0,0,0,0,0,0,0,0,0,0,0,0,0,0,0,0,0,0,0,0,0,0,0,0,0,0,0,0,0,0,0,0,0,0,0,0,0,0,0,0,0,0,0,0,0,0,0,0,0,0,0,0,0,0
Brighton Town Police Department,2009-10-01,New York,34275,NY02750,breakdown offenses,adjustment,adjustment,adjustment,adjustment,adjustment,breakdown offenses,breakdown offenses,breakdown offenses,0,0,0,0,0,0,0,0,0,0,0,0,0,48,1,1,1,0,45,8,8,0,0,115,4,4,0,0,175,0,3,3,127,130,0,0,0,0,0,0,0,0,0,0,26,1,1,1,0,23,2,2,0,0,13,0,0,0,0,41,0,3,3,15,18,0,0,0,0,0,0,0,0,0,0,0,0,0,0,0,0,0,0,0,0,1,0,0,0,0,1,0,0,0,1,1,0,0,0,0,0,0,0,0,0,0,0,0,0,0,0,0,0,0,0,0,0,0,0,0,0,0,0,0,0,0,0
Brighton Town Police Department,2009-09-01,New York,34275,NY02750,breakdown offenses,adjustment,adjustment,adjustment,adjustment,adjustment,breakdown offenses,breakdown offenses,breakdown offenses,0,0,0,0,0,0,0,0,1,0,0,0,1,24,0,0,1,0,23,27,25,1,1,128,4,3,0,1,184,0,1,2,159,161,0,0,0,0,0,0,0,0,0,0,20,0,0,1,0,19,8,7,0,1,22,1,1,0,0,51,0,1,1,31,32,0,0,0,0,0,0,0,0,0,0,0,0,0,0,0,0,2,2,0,0,3,0,0,0,0,5,0,0,0,5,5,0,0,0,0,0,0,0,0,0,0,0,0,0,0,0,0,0,0,0,0,0,0,0,0,0,0,0,0,0,0,0
Brighton Town Police Department,2009-08-01,New York,34275,NY02750,breakdown offenses,adjustment,adjustment,adjustment,adjustment,adjustment,breakdown offenses,breakdown offenses,breakdown offenses,0,0,0,0,0,0,0,0,0,0,0,0,0,25,0,0,0,0,25,19,16,2,1,85,2,2,0,0,131,0,0,0,106,106,0,0,0,0,0,0,0,0,0,0,19,0,0,0,0,19,0,0,0,0,9,0,0,0,0,28,0,0,0,9,9,0,0,0,0,0,0,0,0,0,0,0,0,0,0,0,0,0,0,0,0,2,0,0,0,0,2,0,0,0,2,2,0,0,0,0,0,0,0,0,0,0,0,0,0,0,0,0,0,0,0,0,0,0,0,0,0,0,0,0,0,0,0
Brighton Town Police Department,2009-07-01,New York,34275,NY02750,breakdown offenses,adjustment,adjustment,adjustment,adjustment,adjustment,breakdown offenses,breakdown offenses,breakdown offenses,0,0,0,0,0,0,0,0,1,0,1,0,0,23,1,5,1,0,16,20,15,3,2,90,0,0,0,0,134,0,7,8,110,118,0,0,0,0,0,1,0,1,0,0,20,1,4,1,0,14,2,1,0,1,22,0,0,0,0,45,0,6,7,24,31,0,0,0,0,0,0,0,0,0,0,0,0,0,0,0,0,0,0,0,0,5,0,0,0,0,5,0,0,0,5,5,0,0,0,0,0,0,0,0,0,0,0,0,0,0,0,0,0,0,0,0,0,0,0,0,0,0,0,0,0,0,0
Brighton Town Police Department,2009-06-01,New York,34275,NY02750,breakdown offenses,adjustment,adjustment,adjustment,adjustment,adjustment,breakdown offenses,breakdown offenses,breakdown offenses,0,0,0,0,0,0,0,0,2,2,0,0,0,13,0,1,0,0,12,14,12,1,1,64,3,3,0,0,96,0,1,3,81,84,0,0,0,0,0,1,1,0,0,0,12,0,1,0,0,11,3,2,1,0,5,1,1,0,0,22,0,1,2,9,11,0,0,0,0,0,0,0,0,0,0,1,0,1,0,0,0,0,0,0,0,2,0,0,0,0,3,0,1,1,2,3,0,0,0,0,0,0,0,0,0,0,0,0,0,0,0,0,0,0,0,0,0,0,0,0,0,0,0,0,0,0,0
Brighton Town Police Department,2009-05-01,New York,34275,NY02750,breakdown offenses,adjustment,adjustment,adjustment,adjustment,adjustment,breakdown offenses,breakdown offenses,breakdown offenses,0,0,0,0,0,1,1,0,2,0,0,0,2,16,0,0,0,0,16,22,16,6,0,125,4,3,0,1,170,0,0,3,151,154,0,0,0,0,0,1,0,0,0,1,13,0,0,0,0,13,3,2,1,0,9,1,0,0,1,27,0,0,1,13,14,0,0,0,0,0,0,0,0,0,0,0,0,0,0,0,0,3,2,1,0,1,0,0,0,0,4,0,0,0,4,4,0,0,0,0,0,0,0,0,0,0,0,0,0,0,0,0,0,0,0,0,0,0,0,0,0,0,0,0,0,0,0
Brighton Town Police Department,2009-04-01,New York,34275,NY02750,breakdown offenses,adjustment,adjustment,adjustment,adjustment,adjustment,breakdown offenses,breakdown offenses,breakdown offenses,0,0,0,0,0,0,0,0,0,0,0,0,0,16,3,0,0,0,13,10,9,1,0,60,4,1,0,3,90,0,3,3,74,77,0,0,0,0,0,0,0,0,0,0,14,3,0,0,0,11,2,2,0,0,12,0,0,0,0,28,0,3,3,14,17,0,0,0,0,0,0,0,0,0,0,0,0,0,0,0,0,2,2,0,0,0,0,0,0,0,2,0,0,0,2,2,0,0,0,0,0,0,0,0,0,0,0,0,0,0,0,0,0,0,0,0,0,0,0,0,0,0,0,0,0,0,0
Brighton Town Police Department,2009-03-01,New York,34275,NY02750,breakdown offenses,adjustment,adjustment,adjustment,adjustment,adjustment,breakdown offenses,breakdown offenses,breakdown offenses,0,0,0,0,0,1,0,1,2,1,0,0,1,24,0,0,1,1,22,15,13,2,0,67,1,1,0,0,110,0,2,5,83,88,0,0,1,0,1,2,1,0,0,1,21,0,0,1,1,19,2,2,0,0,5,0,0,0,0,31,0,2,5,7,12,0,0,0,0,0,0,0,0,0,0,1,0,0,1,0,0,0,0,0,0,0,0,0,0,0,1,0,1,1,0,1,0,0,0,0,0,0,0,0,0,0,0,0,0,0,0,0,0,0,0,0,0,0,0,0,0,0,0,0,0,0,0
Brighton Town Police Department,2009-02-01,New York,34275,NY02750,breakdown offenses,adjustment,adjustment,adjustment,adjustment,adjustment,breakdown offenses,breakdown offenses,breakdown offenses,0,0,0,0,0,1,1,0,1,0,0,0,1,14,0,0,0,0,14,6,5,1,0,79,0,0,0,0,101,0,0,2,85,87,0,0,1,1,0,1,0,0,0,1,12,0,0,0,0,12,0,0,0,0,29,0,0,0,0,43,0,0,2,29,31,0,0,0,0,0,0,0,0,0,0,0,0,0,0,0,0,0,0,0,0,1,0,0,0,0,1,0,0,0,1,1,0,0,0,0,0,0,0,0,0,0,0,0,0,0,0,0,0,0,0,0,0,0,0,0,0,0,0,0,0,0,0
Brighton Town Police Department,2009-01-01,New York,34275,NY02750,breakdown offenses,adjustment,adjustment,adjustment,adjustment,adjustment,breakdown offenses,breakdown offenses,breakdown offenses,0,0,0,0,0,0,0,0,1,0,0,0,1,9,0,0,1,0,8,15,7,6,2,65,2,2,0,0,92,0,1,2,82,84,0,0,0,0,0,1,0,0,0,1,8,0,0,1,0,7,0,0,0,0,18,0,0,0,0,27,0,1,2,18,20,0,0,0,0,0,0,0,0,0,0,0,0,0,0,0,0,0,0,0,0,0,0,0,0,0,0,0,0,0,0,0,0,0,0,0,0,0,0,0,0,0,0,0,0,0,0,0,0,0,0,0,0,0,0,0,0,0,0,0,0,0,0
Brighton Town Police Department,2008-12-01,New York,34226,NY02750,breakdown offenses,adjustment,adjustment,adjustment,adjustment,adjustment,breakdown offenses,breakdown offenses,breakdown offenses,0,0,0,0,0,0,0,0,3,2,0,0,1,19,0,0,0,0,19,11,5,3,3,54,3,3,0,0,90,0,0,3,68,71,0,0,0,0,0,1,1,0,0,0,17,0,0,0,0,17,2,1,0,1,2,0,0,0,0,22,0,0,1,4,5,0,0,0,0,0,1,1,0,0,0,0,0,0,0,0,0,0,0,0,0,0,0,0,0,0,1,0,0,1,0,1,0,0,0,0,0,0,0,0,0,0,0,0,0,0,0,0,0,0,0,0,0,0,0,0,0,0,0,0,0,0,0
Brighton Town Police Department,2008-11-01,New York,34226,NY02750,breakdown offenses,adjustment,adjustment,adjustment,adjustment,adjustment,breakdown offenses,breakdown offenses,breakdown offenses,0,0,0,0,0,0,0,0,3,1,0,0,2,18,0,2,0,0,16,16,10,4,2,95,2,2,0,0,134,0,2,5,113,118,0,0,0,0,0,2,0,0,0,2,13,0,2,0,0,11,5,3,1,1,4,0,0,0,0,24,0,2,4,9,13,0,0,0,0,0,1,0,0,0,1,0,0,0,0,0,0,0,0,0,0,0,0,0,0,0,1,0,0,1,0,1,0,0,0,0,0,0,0,0,0,0,0,0,0,0,0,0,0,0,0,0,0,0,0,0,0,0,0,0,0,0,0
Brighton Town Police Department,2008-10-01,New York,34226,NY02750,breakdown offenses,adjustment,adjustment,adjustment,adjustment,adjustment,breakdown offenses,breakdown offenses,breakdown offenses,0,0,0,0,0,0,0,0,2,2,0,0,0,20,1,0,0,0,19,8,7,1,0,117,4,2,0,2,151,0,1,3,129,132,0,0,0,0,0,0,0,0,0,0,12,0,0,0,0,12,0,0,0,0,7,1,1,0,0,20,0,0,0,8,8,0,0,0,0,0,0,0,0,0,0,0,0,0,0,0,0,0,0,0,0,1,0,0,0,0,1,0,0,0,1,1,0,0,0,0,0,0,0,0,0,0,0,0,0,0,0,0,0,0,0,0,0,0,0,0,0,0,0,0,0,0,0
Brighton Town Police Department,2008-09-01,New York,34226,NY02750,breakdown offenses,adjustment,adjustment,adjustment,adjustment,adjustment,breakdown offenses,breakdown offenses,breakdown offenses,0,0,0,0,0,1,1,0,0,0,0,0,0,24,0,0,0,1,23,9,6,2,1,84,3,3,0,0,121,0,1,2,96,98,0,0,0,0,0,0,0,0,0,0,20,0,0,0,1,19,1,1,0,0,9,0,0,0,0,30,0,1,1,10,11,0,0,0,0,0,0,0,0,0,0,0,0,0,0,0,0,0,0,0,0,0,0,0,0,0,0,0,0,0,0,0,0,0,0,0,0,0,0,0,0,0,0,0,0,0,0,0,0,0,0,0,0,0,0,0,0,0,0,0,0,0,0
Brighton Town Police Department,2008-08-01,New York,34226,NY02750,breakdown offenses,adjustment,adjustment,adjustment,adjustment,adjustment,breakdown offenses,breakdown offenses,breakdown offenses,0,0,0,0,0,0,0,0,1,0,1,0,0,20,0,1,1,0,18,13,11,2,0,55,2,0,0,2,91,0,2,3,70,73,0,0,0,0,0,1,0,1,0,0,17,0,1,1,0,15,1,1,0,0,4,0,0,0,0,23,0,2,3,5,8,0,0,0,0,0,0,0,0,0,0,0,0,0,0,0,0,0,0,0,0,0,0,0,0,0,0,0,0,0,0,0,0,0,0,0,0,0,0,0,0,0,0,0,0,0,0,0,0,0,0,0,0,0,0,0,0,0,0,0,0,0,0
Brighton Town Police Department,2008-07-01,New York,34226,NY02750,breakdown offenses,adjustment,adjustment,adjustment,adjustment,adjustment,breakdown offenses,breakdown offenses,breakdown offenses,0,0,0,0,0,0,0,0,0,0,0,0,0,15,0,0,1,0,14,15,14,0,1,68,2,2,0,0,100,0,1,1,85,86,0,0,0,0,0,0,0,0,0,0,14,0,0,1,0,13,3,3,0,0,7,0,0,0,0,24,0,1,1,10,11,0,0,0,0,0,0,0,0,0,0,0,0,0,0,0,0,0,0,0,0,1,0,0,0,0,1,0,0,0,1,1,0,0,0,0,0,0,0,0,0,0,0,0,0,0,0,0,0,0,0,0,0,0,0,0,0,0,0,0,0,0,0
Brighton Town Police Department,2008-06-01,New York,34226,NY02750,breakdown offenses,adjustment,adjustment,adjustment,adjustment,adjustment,breakdown offenses,breakdown offenses,breakdown offenses,0,0,0,0,0,0,0,0,0,0,0,0,0,7,0,0,0,0,7,10,6,2,2,56,2,2,0,0,75,0,0,0,68,68,0,0,0,0,0,0,0,0,0,0,4,0,0,0,0,4,3,2,1,0,4,1,1,0,0,12,0,0,0,8,8,0,0,0,0,0,0,0,0,0,0,0,0,0,0,0,0,0,0,0,0,0,0,0,0,0,0,0,0,0,0,0,0,0,0,0,0,0,0,0,0,0,0,0,0,0,0,0,0,0,0,0,0,0,0,0,0,0,0,0,0,0,0
Brighton Town Police Department,2008-05-01,New York,34226,NY02750,breakdown offenses,adjustment,adjustment,adjustment,adjustment,adjustment,breakdown offenses,breakdown offenses,breakdown offenses,0,0,0,0,0,0,0,0,0,0,0,0,0,12,0,0,1,0,11,9,4,3,2,62,2,0,0,2,85,0,1,1,73,74,0,0,0,0,0,0,0,0,0,0,10,0,0,1,0,9,1,1,0,0,9,0,0,0,0,20,0,1,1,10,11,0,0,0,0,0,0,0,0,0,0,0,0,0,0,0,0,0,0,0,0,2,0,0,0,0,2,0,0,0,2,2,0,0,0,0,0,0,0,0,0,0,0,0,0,0,0,0,0,0,0,0,0,0,0,0,0,0,0,0,0,0,0
Brighton Town Police Department,2008-04-01,New York,34226,NY02750,breakdown offenses,adjustment,adjustment,adjustment,adjustment,adjustment,breakdown offenses,breakdown offenses,breakdown offenses,0,0,0,0,0,0,0,0,1,0,0,0,1,16,0,1,2,1,12,6,5,1,0,59,3,3,0,0,85,0,4,5,68,73,0,0,0,0,0,1,0,0,0,1,14,0,1,2,1,10,1,0,1,0,16,1,1,0,0,33,0,4,5,18,23,0,0,0,0,0,0,0,0,0,0,0,0,0,0,0,0,0,0,0,0,1,0,0,0,0,1,0,0,0,1,1,0,0,0,0,0,0,0,0,0,0,0,0,0,0,0,0,0,0,0,0,0,0,0,0,0,0,0,0,0,0,0
Brighton Town Police Department,2008-03-01,New York,34226,NY02750,breakdown offenses,adjustment,adjustment,adjustment,adjustment,adjustment,breakdown offenses,breakdown offenses,breakdown offenses,0,0,0,0,0,0,0,0,1,0,0,1,0,21,2,0,0,0,19,9,3,5,1,59,2,2,0,0,92,0,2,3,70,73,0,0,0,0,0,1,0,0,1,0,14,0,0,0,0,14,1,0,0,1,2,0,0,0,0,18,0,0,1,3,4,0,0,0,0,0,0,0,0,0,0,0,0,0,0,0,0,1,0,0,1,0,0,0,0,0,1,0,0,0,1,1,0,0,0,0,0,0,0,0,0,0,0,0,0,0,0,0,0,0,0,0,0,0,0,0,0,0,0,0,0,0,0
Brighton Town Police Department,2008-02-01,New York,34226,NY02750,breakdown offenses,adjustment,adjustment,adjustment,adjustment,adjustment,breakdown offenses,breakdown offenses,breakdown offenses,0,0,0,0,0,0,0,0,0,0,0,0,0,14,0,1,1,0,12,8,7,1,0,47,3,3,0,0,72,0,2,2,58,60,0,0,0,0,0,0,0,0,0,0,13,0,1,1,0,11,3,3,0,0,7,1,1,0,0,24,0,2,2,11,13,0,0,0,0,0,0,0,0,0,0,0,0,0,0,0,0,2,2,0,0,0,0,0,0,0,2,0,0,0,2,2,0,0,0,0,0,0,0,0,0,0,0,0,0,0,0,0,0,0,0,0,0,0,0,0,0,0,0,0,0,0,0
Brighton Town Police Department,2008-01-01,New York,34226,NY02750,breakdown offenses,adjustment,adjustment,adjustment,adjustment,adjustment,breakdown offenses,breakdown offenses,breakdown offenses,0,0,0,0,0,1,1,0,2,2,0,0,0,12,0,0,0,0,12,9,4,3,2,77,4,4,0,0,105,0,0,3,90,93,0,0,1,1,0,2,2,0,0,0,11,0,0,0,0,11,2,2,0,0,17,0,0,0,0,33,0,0,3,19,22,0,0,0,0,0,0,0,0,0,0,0,0,0,0,0,0,0,0,0,0,0,0,0,0,0,0,0,0,0,0,0,0,0,0,0,0,0,0,0,0,0,0,0,0,0,0,0,0,0,0,0,0,0,0,0,0,0,0,0,0,0,0
Brighton Town Police Department,2007-12-01,New York,34335,NY02750,breakdown offenses,adjustment,adjustment,adjustment,adjustment,adjustment,breakdown offenses,breakdown offenses,breakdown offenses,0,0,0,0,0,1,1,0,1,0,0,0,1,19,0,0,0,0,19,8,4,3,1,66,5,5,0,0,100,0,0,2,79,81,0,0,0,0,0,0,0,0,0,0,14,0,0,0,0,14,0,0,0,0,7,2,2,0,0,23,0,0,0,9,9,0,0,0,0,0,0,0,0,0,0,0,0,0,0,0,0,0,0,0,0,1,0,0,0,0,1,0,0,0,1,1,0,0,0,0,0,0,0,0,0,0,0,0,0,0,0,0,0,0,0,0,0,0,0,0,0,0,0,0,0,0,0
Brighton Town Police Department,2007-11-01,New York,34335,NY02750,breakdown offenses,adjustment,adjustment,adjustment,adjustment,adjustment,breakdown offenses,breakdown offenses,breakdown offenses,0,0,0,0,0,1,1,0,1,1,0,0,0,16,0,2,0,0,14,5,3,2,0,80,4,4,0,0,107,0,2,4,89,93,0,0,1,1,0,0,0,0,0,0,13,0,2,0,0,11,0,0,0,0,8,1,1,0,0,23,0,2,3,9,12,0,0,0,0,0,0,0,0,0,0,1,0,1,0,0,0,0,0,0,0,1,0,0,0,0,2,0,1,1,1,2,0,0,0,0,0,0,0,0,0,0,0,0,0,0,0,0,0,0,0,0,0,0,0,0,0,0,0,0,0,0,0
Brighton Town Police Department,2007-10-01,New York,34335,NY02750,breakdown offenses,adjustment,adjustment,adjustment,adjustment,adjustment,breakdown offenses,breakdown offenses,breakdown offenses,0,0,0,0,0,0,0,0,0,0,0,0,0,21,0,0,0,0,21,5,3,2,0,99,0,0,0,0,125,0,0,0,104,104,0,0,0,0,0,0,0,0,0,0,17,0,0,0,0,17,0,0,0,0,10,0,0,0,0,27,0,0,0,10,10,0,0,0,0,0,0,0,0,0,0,0,0,0,0,0,0,0,0,0,0,0,0,0,0,0,0,0,0,0,0,0,0,0,0,0,0,0,0,0,0,0,0,0,0,0,0,0,0,0,0,0,0,0,0,0,0,0,0,0,0,0,0
Brighton Town Police Department,2007-09-01,New York,34335,NY02750,breakdown offenses,adjustment,adjustment,adjustment,adjustment,adjustment,breakdown offenses,breakdown offenses,breakdown offenses,0,0,0,0,0,1,1,0,2,0,1,0,1,17,0,0,1,0,16,6,5,1,0,108,1,0,0,1,135,0,1,4,115,119,0,0,0,0,0,0,0,0,0,0,13,0,0,0,0,13,1,1,0,0,12,0,0,0,0,26,0,0,0,13,13,0,0,0,0,0,0,0,0,0,0,0,0,0,0,0,0,0,0,0,0,1,0,0,0,0,1,0,0,0,1,1,0,0,0,0,0,0,0,0,0,0,0,0,0,0,0,0,0,0,0,0,0,0,0,0,0,0,0,0,0,0,0
Brighton Town Police Department,2007-08-01,New York,34335,NY02750,breakdown offenses,adjustment,adjustment,adjustment,adjustment,adjustment,breakdown offenses,breakdown offenses,breakdown offenses,0,0,0,0,0,2,2,0,0,0,0,0,0,16,0,0,1,2,13,7,4,3,0,59,5,5,0,0,89,0,3,5,71,76,0,0,0,0,0,0,0,0,0,0,12,0,0,0,2,10,0,0,0,0,10,1,1,0,0,23,0,2,2,11,13,0,0,0,0,0,0,0,0,0,0,0,0,0,0,0,0,0,0,0,0,0,1,1,0,0,1,0,0,0,1,1,0,0,0,0,0,0,0,0,0,0,0,0,0,0,0,0,0,0,0,0,0,0,0,0,0,0,0,0,0,0,0
Brighton Town Police Department,2007-07-01,New York,34335,NY02750,breakdown offenses,adjustment,adjustment,adjustment,adjustment,adjustment,breakdown offenses,breakdown offenses,breakdown offenses,0,0,0,0,0,0,0,0,2,0,0,0,2,26,0,0,1,1,24,16,8,8,0,65,4,3,0,1,113,0,2,4,85,89,0,0,0,0,0,1,0,0,0,1,15,0,0,1,1,13,0,0,0,0,10,1,1,0,0,27,0,2,3,11,14,0,0,0,0,0,0,0,0,0,0,0,0,0,0,0,0,0,0,0,0,0,0,0,0,0,0,0,0,0,0,0,0,0,0,0,0,0,0,0,0,0,0,0,0,0,0,0,0,0,0,0,0,0,0,0,0,0,0,0,0,0,0
Brighton Town Police Department,2007-06-01,New York,34335,NY02750,breakdown offenses,adjustment,adjustment,adjustment,adjustment,adjustment,breakdown offenses,breakdown offenses,breakdown offenses,0,0,0,0,0,0,0,0,1,1,0,0,0,19,0,0,0,0,19,15,12,2,1,63,3,1,0,2,101,0,0,1,81,82,0,0,0,0,0,1,1,0,0,0,15,0,0,0,0,15,0,0,0,0,5,0,0,0,0,21,0,0,1,5,6,0,0,0,0,0,0,0,0,0,0,0,0,0,0,0,0,0,0,0,0,1,0,0,0,0,1,0,0,0,1,1,0,0,0,0,0,0,0,0,0,0,0,0,0,0,0,0,0,0,0,0,0,0,0,0,0,0,0,0,0,0,0
Brighton Town Police Department,2007-05-01,New York,34335,NY02750,breakdown offenses,adjustment,adjustment,adjustment,adjustment,adjustment,breakdown offenses,breakdown offenses,breakdown offenses,0,0,0,0,0,0,0,0,0,0,0,0,0,28,0,0,1,0,27,17,11,4,2,66,2,2,0,0,113,0,1,1,85,86,0,0,0,0,0,0,0,0,0,0,23,0,0,1,0,22,2,2,0,0,8,1,1,0,0,34,0,1,1,11,12,0,0,0,0,0,0,0,0,0,0,0,0,0,0,0,0,0,0,0,0,0,0,0,0,0,0,0,0,0,0,0,0,0,0,0,0,0,0,0,0,0,0,0,0,0,0,0,0,0,0,0,0,0,0,0,0,0,0,0,0,0,0
Brighton Town Police Department,2007-04-01,New York,34335,NY02750,breakdown offenses,adjustment,adjustment,adjustment,adjustment,adjustment,breakdown offenses,breakdown offenses,breakdown offenses,0,0,0,0,0,0,0,0,0,0,0,0,0,14,0,0,0,0,14,23,8,13,2,43,4,4,0,0,84,0,0,0,70,70,0,0,0,0,0,0,0,0,0,0,12,0,0,0,0,12,8,3,5,0,6,0,0,0,0,26,0,0,0,14,14,0,0,0,0,0,0,0,0,0,0,0,0,0,0,0,0,0,0,0,0,0,0,0,0,0,0,0,0,0,0,0,0,0,0,0,0,0,0,0,0,0,0,0,0,0,0,0,0,0,0,0,0,0,0,0,0,0,0,0,0,0,0
Brighton Town Police Department,2007-03-01,New York,34335,NY02750,breakdown offenses,adjustment,adjustment,adjustment,adjustment,adjustment,breakdown offenses,breakdown offenses,breakdown offenses,0,0,0,0,0,0,0,0,2,2,0,0,0,15,0,0,1,0,14,8,4,4,0,55,4,3,0,1,84,0,1,3,67,70,0,0,0,0,0,2,2,0,0,0,13,0,0,1,0,12,1,0,1,0,9,1,1,0,0,26,0,1,3,11,14,0,0,0,0,0,1,1,0,0,0,0,0,0,0,0,0,0,0,0,0,2,0,0,0,0,3,0,0,1,2,3,0,0,0,0,0,0,0,0,0,0,0,0,0,0,0,0,0,0,0,0,0,0,0,0,0,0,0,0,0,0,0
Brighton Town Police Department,2007-02-01,New York,34335,NY02750,breakdown offenses,adjustment,adjustment,adjustment,adjustment,adjustment,breakdown offenses,breakdown offenses,breakdown offenses,0,0,0,0,0,0,0,0,2,0,2,0,0,15,0,0,0,0,15,9,3,5,1,43,0,0,0,0,69,0,0,2,52,54,0,0,0,0,0,1,0,1,0,0,11,0,0,0,0,11,0,0,0,0,1,0,0,0,0,13,0,0,1,1,2,0,0,0,0,0,1,0,1,0,0,0,0,0,0,0,0,0,0,0,0,0,0,0,0,0,1,0,0,1,0,1,0,0,0,0,0,0,0,0,0,0,0,0,0,0,0,0,0,0,0,0,0,0,0,0,0,0,0,0,0,0,0
Brighton Town Police Department,2007-01-01,New York,34335,NY02750,breakdown offenses,adjustment,adjustment,adjustment,adjustment,adjustment,breakdown offenses,breakdown offenses,breakdown offenses,0,0,0,0,0,0,0,0,0,0,0,0,0,10,0,0,1,1,8,14,11,1,2,53,4,4,0,0,81,0,2,2,71,73,0,0,0,0,0,0,0,0,0,0,9,0,0,1,1,7,1,1,0,0,6,0,0,0,0,16,0,2,2,7,9,0,0,0,0,0,0,0,0,0,0,0,0,0,0,0,0,0,0,0,0,0,0,0,0,0,0,0,0,0,0,0,0,0,0,0,0,0,0,0,0,0,0,0,0,0,0,0,0,0,0,0,0,0,0,0,0,0,0,0,0,0,0
Brighton Town Police Department,2006-12-01,New York,34713,NY02750,breakdown offenses,adjustment,adjustment,adjustment,adjustment,adjustment,breakdown offenses,breakdown offenses,breakdown offenses,0,0,0,0,0,0,0,0,0,0,0,0,0,8,0,0,1,0,7,14,8,5,1,57,3,3,0,0,82,0,1,1,74,75,0,0,0,0,0,0,0,0,0,0,6,0,0,0,0,6,1,0,1,0,5,0,0,0,0,12,0,0,0,6,6,0,0,0,0,0,0,0,0,0,0,0,0,0,0,0,0,0,0,0,0,0,0,0,0,0,0,0,0,0,0,0,0,0,0,0,0,0,0,0,0,0,0,0,0,0,0,0,0,0,0,0,0,0,0,0,0,0,0,0,0,0,0
Brighton Town Police Department,2006-11-01,New York,34713,NY02750,breakdown offenses,adjustment,adjustment,adjustment,adjustment,adjustment,breakdown offenses,breakdown offenses,breakdown offenses,0,0,0,0,0,0,0,0,2,0,1,0,1,18,0,0,0,0,18,15,11,4,0,58,2,1,0,1,95,0,0,2,75,77,0,0,0,0,0,0,0,0,0,0,18,0,0,0,0,18,1,1,0,0,5,0,0,0,0,24,0,0,0,6,6,0,0,0,0,0,0,0,0,0,0,0,0,0,0,0,0,0,0,0,0,0,0,0,0,0,0,0,0,0,0,0,0,0,0,0,0,0,0,0,0,0,0,0,0,0,0,0,0,0,0,0,0,0,0,0,0,0,0,0,0,0,0
Brighton Town Police Department,2006-10-01,New York,34713,NY02750,breakdown offenses,adjustment,adjustment,adjustment,adjustment,adjustment,breakdown offenses,breakdown offenses,breakdown offenses,0,0,0,0,0,1,1,0,2,0,0,1,1,15,0,0,0,0,15,9,8,1,0,67,4,3,0,1,98,0,0,3,80,83,0,0,0,0,0,1,0,0,0,1,10,0,0,0,0,10,2,1,1,0,12,0,0,0,0,25,0,0,1,14,15,0,0,0,0,0,0,0,0,0,0,0,0,0,0,0,0,0,0,0,0,1,0,0,0,0,1,0,0,0,1,1,0,0,0,0,0,0,0,0,0,0,0,0,0,0,0,0,0,0,0,0,0,0,0,0,0,0,0,0,0,0,0
Brighton Town Police Department,2006-09-01,New York,34713,NY02750,breakdown offenses,adjustment,adjustment,adjustment,adjustment,adjustment,breakdown offenses,breakdown offenses,breakdown offenses,0,0,0,0,0,0,0,0,2,1,0,0,1,11,0,0,0,0,11,5,2,3,0,115,5,5,0,0,138,0,0,2,125,127,0,0,0,0,0,1,1,0,0,0,8,0,0,0,0,8,1,1,0,0,8,0,0,0,0,18,0,0,1,9,10,0,0,0,0,0,0,0,0,0,0,0,0,0,0,0,0,0,0,0,0,0,0,0,0,0,0,0,0,0,0,0,0,0,0,0,0,0,0,0,0,0,0,0,0,0,0,0,0,0,0,0,0,0,0,0,0,0,0,0,0,0,0
Brighton Town Police Department,2006-08-01,New York,34713,NY02750,breakdown offenses,adjustment,adjustment,adjustment,adjustment,adjustment,breakdown offenses,breakdown offenses,breakdown offenses,0,0,0,0,0,0,0,0,0,0,0,0,0,11,0,1,0,1,9,9,3,6,0,71,2,2,0,0,93,0,2,2,82,84,0,0,0,0,0,0,0,0,0,0,10,0,1,0,1,8,1,0,1,0,18,0,0,0,0,29,0,2,2,19,21,0,0,0,0,0,0,0,0,0,0,0,0,0,0,0,0,0,0,0,0,0,0,0,0,0,0,0,0,0,0,0,0,0,0,0,0,0,0,0,0,0,0,0,0,0,0,0,0,0,0,0,0,0,0,0,0,0,0,0,0,0,0
Brighton Town Police Department,2006-07-01,New York,34713,NY02750,breakdown offenses,adjustment,adjustment,adjustment,adjustment,adjustment,breakdown offenses,breakdown offenses,breakdown offenses,0,0,0,0,0,0,0,0,0,0,0,0,0,6,1,0,0,0,5,10,2,8,0,85,4,4,0,0,105,0,1,1,99,100,0,0,0,0,0,0,0,0,0,0,4,0,0,0,0,4,0,0,0,0,25,2,2,0,0,31,0,0,0,27,27,0,0,0,0,0,0,0,0,0,0,0,0,0,0,0,0,0,0,0,0,1,0,0,0,0,1,0,0,0,1,1,0,0,0,0,0,0,0,0,0,0,0,0,0,0,0,0,0,0,0,0,0,0,0,0,0,0,0,0,0,0,0
Brighton Town Police Department,2006-06-01,New York,34713,NY02750,breakdown offenses,adjustment,adjustment,adjustment,adjustment,adjustment,breakdown offenses,breakdown offenses,breakdown offenses,0,0,0,0,0,0,0,0,1,1,0,0,0,13,0,0,1,0,12,7,1,6,0,63,13,9,0,4,97,0,1,2,83,85,0,0,0,0,0,0,0,0,0,0,12,0,0,1,0,11,1,0,1,0,9,1,1,0,0,23,0,1,1,11,12,0,0,0,0,0,0,0,0,0,0,0,0,0,0,0,0,0,0,0,0,2,0,0,0,0,2,0,0,0,2,2,0,0,0,0,0,0,0,0,0,0,0,0,0,0,0,0,0,0,0,0,0,0,0,0,0,0,0,0,0,0,0
Brighton Town Police Department,2006-05-01,New York,34713,NY02750,breakdown offenses,adjustment,adjustment,adjustment,adjustment,adjustment,breakdown offenses,breakdown offenses,breakdown offenses,0,0,0,0,0,0,0,0,0,0,0,0,0,18,0,1,2,3,12,13,1,7,5,79,2,2,0,0,112,0,6,6,94,100,0,0,0,0,0,0,0,0,0,0,15,0,1,2,3,9,2,0,2,0,6,1,1,0,0,24,0,6,6,9,15,0,0,0,0,0,0,0,0,0,0,2,0,1,0,1,0,0,0,0,0,0,0,0,0,0,2,0,2,2,0,2,0,0,0,0,0,0,0,0,0,0,0,0,0,0,0,0,0,0,0,0,0,0,0,0,0,0,0,0,0,0,0
Brighton Town Police Department,2006-04-01,New York,34713,NY02750,breakdown offenses,adjustment,adjustment,adjustment,adjustment,adjustment,breakdown offenses,breakdown offenses,breakdown offenses,0,0,0,0,0,0,0,0,0,0,0,0,0,22,0,0,0,0,22,6,3,2,1,69,5,5,0,0,102,0,0,0,80,80,0,0,0,0,0,0,0,0,0,0,22,0,0,0,0,22,4,1,2,1,8,2,2,0,0,36,0,0,0,14,14,0,0,0,0,0,0,0,0,0,0,0,0,0,0,0,0,0,0,0,0,2,0,0,0,0,2,0,0,0,2,2,0,0,0,0,0,0,0,0,0,0,0,0,0,0,0,0,0,0,0,0,0,0,0,0,0,0,0,0,0,0,0
Brighton Town Police Department,2006-03-01,New York,34713,NY02750,breakdown offenses,adjustment,adjustment,adjustment,adjustment,adjustment,breakdown offenses,breakdown offenses,breakdown offenses,0,0,0,0,0,1,1,0,2,1,0,0,1,25,0,1,4,0,20,14,13,1,0,84,3,3,0,0,129,0,5,8,101,109,0,0,1,1,0,2,1,0,0,1,23,0,1,4,0,18,0,0,0,0,9,1,1,0,0,36,0,5,8,10,18,0,0,0,0,0,0,0,0,0,0,0,0,0,0,0,0,0,0,0,0,0,0,0,0,0,0,0,0,0,0,0,0,0,0,0,0,0,0,0,0,0,0,0,0,0,0,0,0,0,0,0,0,0,0,0,0,0,0,0,0,0,0
Brighton Town Police Department,2006-02-01,New York,34713,NY02750,breakdown offenses,adjustment,adjustment,adjustment,adjustment,adjustment,breakdown offenses,breakdown offenses,breakdown offenses,0,0,0,0,0,0,0,0,1,0,0,1,0,15,0,2,1,0,12,20,14,4,2,66,4,4,0,0,106,0,3,4,90,94,0,0,0,0,0,0,0,0,0,0,12,0,2,0,0,10,3,2,0,1,11,2,2,0,0,28,0,2,2,16,18,0,0,0,0,0,0,0,0,0,0,1,0,1,0,0,0,1,1,0,0,0,0,0,0,0,2,0,1,1,1,2,0,0,0,0,0,0,0,0,0,0,0,0,0,0,0,0,0,0,0,0,0,0,0,0,0,0,0,0,0,0,0
Brighton Town Police Department,2006-01-01,New York,34713,NY02750,breakdown offenses,adjustment,adjustment,adjustment,adjustment,adjustment,breakdown offenses,breakdown offenses,breakdown offenses,0,0,0,0,0,1,1,0,1,0,1,0,0,12,0,0,0,0,12,18,5,10,3,48,3,3,0,0,83,0,0,2,69,71,0,0,0,0,0,1,0,1,0,0,11,0,0,0,0,11,1,0,1,0,6,0,0,0,0,19,0,0,1,7,8,0,0,0,0,0,0,0,0,0,0,0,0,0,0,0,0,0,0,0,0,0,0,0,0,0,0,0,0,0,0,0,0,0,0,0,0,0,0,0,0,0,0,0,0,0,0,0,0,0,0,0,0,0,0,0,0,0,0,0,0,0,0
Brighton Town Police Department,2005-12-01,New York,34651,NY02750,breakdown offenses,adjustment,adjustment,adjustment,adjustment,adjustment,breakdown offenses,breakdown offenses,breakdown offenses,0,0,0,0,0,0,0,0,0,0,0,0,0,8,0,0,0,0,8,15,7,7,1,59,6,5,0,1,88,0,0,0,80,80,0,0,1,1,0,0,0,0,0,0,6,0,0,0,0,6,1,0,1,0,6,0,0,0,0,14,0,0,1,7,8,0,0,0,0,0,0,0,0,0,0,0,0,0,0,0,0,0,0,0,0,0,0,0,0,0,0,0,0,0,0,0,0,0,0,0,0,0,0,0,0,0,0,0,0,0,0,0,0,0,0,0,0,0,0,0,0,0,0,0,0,0,0
Brighton Town Police Department,2005-11-01,New York,34651,NY02750,breakdown offenses,adjustment,adjustment,adjustment,adjustment,adjustment,breakdown offenses,breakdown offenses,breakdown offenses,0,0,0,0,0,1,1,0,1,0,0,0,1,12,0,0,0,0,12,11,3,7,1,81,3,3,0,0,109,0,0,2,95,97,0,0,0,0,0,0,0,0,0,0,7,0,0,0,0,7,1,1,0,0,9,0,0,0,0,17,0,0,0,10,10,0,0,0,0,0,0,0,0,0,0,0,0,0,0,0,0,0,0,0,0,2,0,0,0,0,2,0,0,0,2,2,0,0,0,0,0,0,0,0,0,0,0,0,0,0,0,0,0,0,0,0,1,0,0,0,0,1,0,0,0,1,1
Brighton Town Police Department,2005-10-01,New York,34651,NY02750,breakdown offenses,adjustment,adjustment,adjustment,adjustment,adjustment,breakdown offenses,breakdown offenses,breakdown offenses,0,0,0,0,0,0,0,0,1,0,0,0,1,9,0,0,0,0,9,15,4,10,1,85,6,4,0,2,116,0,0,1,106,107,0,0,0,0,0,0,0,0,0,0,9,0,0,0,0,9,1,0,1,0,5,0,0,0,0,15,0,0,0,6,6,0,0,0,0,0,0,0,0,0,0,0,0,0,0,0,0,0,0,0,0,0,0,0,0,0,0,0,0,0,0,0,0,0,0,0,0,0,0,0,0,0,2,0,0,0,0,2,0,0,0,0,0,0,0,0,0,2,0,0,0,0,0
Brighton Town Police Department,2005-09-01,New York,34651,NY02750,breakdown offenses,adjustment,adjustment,adjustment,adjustment,adjustment,breakdown offenses,breakdown offenses,breakdown offenses,0,0,0,0,0,0,0,0,3,3,0,0,0,14,0,1,0,0,13,19,5,11,3,73,5,5,0,0,114,0,1,4,97,101,0,0,0,0,0,2,2,0,0,0,13,0,3,0,0,10,0,0,0,0,8,4,4,0,0,27,0,3,5,12,17,0,0,0,0,0,0,0,0,0,0,0,0,0,0,0,0,0,0,0,0,0,1,1,0,0,1,0,0,0,1,1,0,0,0,0,0,0,0,0,0,0,0,0,0,0,0,0,0,0,0,0,0,1,1,0,0,1,0,0,0,1,1
Brighton Town Police Department,2005-08-01,New York,34651,NY02750,breakdown offenses,adjustment,adjustment,adjustment,adjustment,adjustment,breakdown offenses,breakdown offenses,breakdown offenses,0,0,0,0,0,0,0,0,1,1,0,0,0,15,0,2,0,0,13,28,6,21,1,52,7,7,0,0,103,0,2,3,87,90,0,0,0,0,0,0,0,0,0,0,12,0,0,0,0,12,2,0,2,0,1,2,2,0,0,17,0,0,0,5,5,0,0,0,0,0,0,0,0,0,0,0,0,0,0,0,0,2,0,2,0,0,0,0,0,0,2,0,0,0,2,2,0,0,0,0,0,0,0,0,0,0,1,0,0,0,0,1,0,0,0,0,3,0,0,0,0,4,0,0,0,3,3
Brighton Town Police Department,2005-07-01,New York,34651,NY02750,breakdown offenses,adjustment,adjustment,adjustment,adjustment,adjustment,breakdown offenses,breakdown offenses,breakdown offenses,0,0,0,0,0,0,0,0,2,0,0,1,1,8,0,0,0,1,7,21,3,17,1,45,4,2,0,2,80,0,1,3,70,73,0,0,0,0,0,1,0,0,0,1,5,0,0,0,0,5,2,1,1,0,6,3,1,0,2,17,0,0,1,11,12,0,0,0,0,0,0,0,0,0,0,0,0,0,0,0,0,0,0,0,0,1,1,0,0,1,2,0,0,0,2,2,0,0,0,0,0,0,0,0,0,0,0,0,0,0,0,0,0,0,0,0,2,0,0,0,0,2,0,0,0,2,2
Brighton Town Police Department,2005-06-01,New York,34651,NY02750,breakdown offenses,adjustment,adjustment,adjustment,adjustment,adjustment,breakdown offenses,breakdown offenses,breakdown offenses,0,0,0,0,0,0,0,0,1,0,0,1,0,7,0,1,0,0,6,20,3,16,1,76,7,5,0,2,111,0,1,2,103,105,0,0,1,1,0,0,0,0,0,0,6,0,1,0,0,5,1,0,1,0,11,2,2,0,0,21,0,1,2,14,16,0,0,0,0,0,0,0,0,0,0,0,0,0,0,0,0,0,0,0,0,1,0,0,0,0,1,0,0,0,1,1,0,0,0,0,0,0,0,0,0,0,0,0,0,0,0,0,0,0,0,0,1,0,0,0,0,1,0,0,0,1,1
Brighton Town Police Department,2005-05-01,New York,34651,NY02750,breakdown offenses,adjustment,adjustment,adjustment,adjustment,adjustment,breakdown offenses,breakdown offenses,breakdown offenses,0,0,0,0,0,0,0,0,2,0,1,1,0,3,0,1,0,0,2,11,5,6,0,66,1,1,0,0,83,0,1,3,78,81,0,0,0,0,0,0,0,0,0,0,3,0,1,0,0,2,1,0,1,0,10,0,0,0,0,14,0,1,1,11,12,0,0,0,0,0,0,0,0,0,0,1,0,1,0,0,0,0,0,0,0,1,0,0,0,0,2,0,1,1,1,2,0,0,1,1,0,0,0,0,0,0,0,0,0,0,0,0,0,0,0,0,1,0,0,0,0,2,0,0,1,1,2
Brighton Town Police Department,2005-04-01,New York,34651,NY02750,breakdown offenses,adjustment,adjustment,adjustment,adjustment,adjustment,breakdown offenses,breakdown offenses,breakdown offenses,0,0,0,0,0,1,1,0,3,2,0,1,0,6,0,0,1,4,1,14,6,6,2,48,3,3,0,0,75,0,5,9,65,74,0,0,0,0,0,0,0,0,0,0,9,0,0,1,5,3,2,0,1,1,9,1,1,0,0,21,0,6,6,12,18,0,0,0,0,0,0,0,0,0,0,0,0,0,0,0,0,0,0,0,0,0,0,0,0,0,0,0,0,0,0,0,0,0,0,0,0,0,0,0,0,0,0,0,0,0,0,0,0,0,0,0,0,0,0,0,0,0,0,0,0,0,0
Brighton Town Police Department,2005-03-01,New York,34651,NY02750,breakdown offenses,adjustment,adjustment,adjustment,adjustment,adjustment,breakdown offenses,breakdown offenses,breakdown offenses,0,0,0,0,0,0,0,0,1,0,0,1,0,7,0,2,0,1,4,12,2,10,0,79,2,2,0,0,101,0,3,4,93,97,0,0,0,0,0,0,0,0,0,0,4,0,2,0,0,2,3,0,3,0,20,0,0,0,0,27,0,2,2,23,25,0,0,0,0,0,0,0,0,0,0,0,0,0,0,0,0,1,0,1,0,2,0,0,0,0,3,0,0,0,3,3,0,0,0,0,0,0,0,0,0,0,0,0,0,0,0,0,0,0,0,0,2,0,0,0,0,2,0,0,0,2,2
Brighton Town Police Department,2005-02-01,New York,34651,NY02750,breakdown offenses,adjustment,adjustment,adjustment,adjustment,adjustment,breakdown offenses,breakdown offenses,breakdown offenses,0,0,0,0,0,1,1,0,1,1,0,0,0,2,0,1,0,0,1,8,4,3,1,43,13,12,0,1,68,0,1,3,64,67,0,0,0,0,0,0,0,0,0,0,2,0,1,0,0,1,1,0,1,0,6,1,1,0,0,10,0,1,1,8,9,0,0,0,0,0,0,0,0,0,0,0,0,0,0,0,0,1,0,1,0,0,1,1,0,0,2,0,0,0,2,2,0,0,0,0,0,0,0,0,0,0,0,0,0,0,0,0,1,0,1,0,1,0,0,0,0,2,0,0,0,2,2
Brighton Town Police Department,2005-01-01,New York,34651,NY02750,breakdown offenses,adjustment,adjustment,adjustment,adjustment,adjustment,breakdown offenses,breakdown offenses,breakdown offenses,0,0,0,0,0,0,0,0,1,0,0,1,0,8,0,1,0,0,7,26,6,15,5,63,6,6,0,0,104,0,1,2,95,97,0,0,0,0,0,3,1,0,1,1,9,0,1,0,0,8,2,1,1,0,10,1,1,0,0,25,0,1,4,13,17,0,0,0,0,0,2,1,0,0,1,0,0,0,0,0,0,1,1,0,0,2,0,0,0,0,5,0,0,2,3,5,0,0,0,0,0,0,0,0,0,0,0,0,0,0,0,0,0,0,0,0,2,1,1,0,0,3,0,0,0,3,3
Brighton Town Police Department,2004-12-01,New York,35091,NY02750,breakdown offenses,adjustment,adjustment,adjustment,adjustment,adjustment,breakdown offenses,breakdown offenses,breakdown offenses,0,0,0,0,0,0,0,0,1,0,0,0,1,4,0,2,1,0,1,13,4,8,1,76,3,3,0,0,97,0,3,4,92,96,0,0,0,0,0,0,0,0,0,0,3,0,2,1,0,0,0,0,0,0,15,0,0,0,0,18,0,3,3,15,18,0,0,0,0,0,0,0,0,0,0,0,0,0,0,0,0,0,0,0,0,3,0,0,0,0,3,0,0,0,3,3,0,0,0,0,0,0,0,0,0,0,0,0,0,0,0,0,0,0,0,0,1,1,1,0,0,2,0,0,0,2,2
Brighton Town Police Department,2004-11-01,New York,35091,NY02750,breakdown offenses,adjustment,adjustment,adjustment,adjustment,adjustment,breakdown offenses,breakdown offenses,breakdown offenses,0,0,0,0,0,0,0,0,3,0,0,0,3,7,0,0,0,0,7,12,6,4,2,62,2,2,0,0,86,0,0,3,76,79,0,0,0,0,0,1,0,0,0,1,7,0,0,0,0,7,0,0,0,0,16,0,0,0,0,24,0,0,1,16,17,0,0,0,0,0,0,0,0,0,0,0,0,0,0,0,0,0,0,0,0,5,0,0,0,0,5,0,0,0,5,5,0,0,0,0,0,0,0,0,0,0,0,0,0,0,0,0,0,0,0,0,0,0,0,0,0,0,0,0,0,0,0
Brighton Town Police Department,2004-10-01,New York,35091,NY02750,breakdown offenses,adjustment,adjustment,adjustment,adjustment,adjustment,breakdown offenses,breakdown offenses,breakdown offenses,0,0,0,0,0,0,0,0,4,1,0,0,3,7,0,1,1,3,2,18,10,5,3,100,4,4,0,0,133,0,5,9,122,131,0,0,0,0,0,0,0,0,0,0,6,0,1,1,3,1,1,1,0,0,18,0,0,0,0,25,0,5,5,19,24,0,0,0,0,0,0,0,0,0,0,0,0,0,0,0,0,0,0,0,0,7,0,0,0,0,7,0,0,0,7,7,0,0,0,0,0,0,0,0,0,0,0,0,0,0,0,0,0,0,0,0,2,0,0,0,0,2,0,0,0,2,2
Brighton Town Police Department,2004-09-01,New York,35091,NY02750,breakdown offenses,adjustment,adjustment,adjustment,adjustment,adjustment,breakdown offenses,breakdown offenses,breakdown offenses,0,0,0,0,0,0,0,0,2,1,0,0,1,5,0,0,2,0,3,25,11,12,2,99,4,4,0,0,135,0,2,4,128,132,0,0,0,0,0,0,0,0,0,0,6,0,0,2,0,4,0,0,0,0,7,1,1,0,0,14,0,2,2,8,10,0,0,0,0,0,0,0,0,0,0,0,0,0,0,0,0,0,0,0,0,2,0,0,0,0,2,0,0,0,2,2,0,0,0,0,0,0,0,0,0,0,0,0,0,0,0,0,0,0,0,0,1,0,0,0,0,1,0,0,0,1,1
Brighton Town Police Department,2004-08-01,New York,35091,NY02750,breakdown offenses,adjustment,adjustment,adjustment,adjustment,adjustment,breakdown offenses,breakdown offenses,breakdown offenses,0,0,0,0,0,1,1,0,1,1,0,0,0,8,0,1,0,0,7,13,8,5,0,61,4,4,0,0,88,0,1,3,78,81,0,0,0,0,0,0,0,0,0,0,7,0,1,0,0,6,1,1,0,0,7,0,0,0,0,15,0,1,1,8,9,0,0,0,0,0,0,0,0,0,0,0,0,0,0,0,0,1,1,0,0,0,0,0,0,0,1,0,0,0,1,1,0,0,0,0,0,0,0,0,0,0,0,0,0,0,0,0,0,0,0,0,1,0,0,0,0,1,0,0,0,1,1
Brighton Town Police Department,2004-07-01,New York,35091,NY02750,breakdown offenses,adjustment,adjustment,adjustment,adjustment,adjustment,breakdown offenses,breakdown offenses,breakdown offenses,0,0,0,0,0,2,2,0,1,1,0,0,0,3,0,1,0,0,2,10,2,6,2,65,2,2,0,0,83,0,1,4,77,81,0,0,1,1,0,0,0,0,0,0,2,0,1,0,0,1,2,1,0,1,9,0,0,0,0,14,0,1,2,11,13,0,0,0,0,0,0,0,0,0,0,0,0,0,0,0,0,0,0,0,0,2,0,0,0,0,2,0,0,0,2,2,0,0,0,0,0,0,0,0,0,0,0,0,0,0,0,0,0,0,0,0,0,0,0,0,0,0,0,0,0,0,0
Brighton Town Police Department,2004-06-01,New York,35091,NY02750,breakdown offenses,adjustment,adjustment,adjustment,adjustment,adjustment,breakdown offenses,breakdown offenses,breakdown offenses,0,0,0,0,0,0,0,0,0,0,0,0,0,6,0,0,0,0,6,9,0,8,1,73,2,2,0,0,90,0,0,0,84,84,0,0,0,0,0,0,0,0,0,0,6,0,0,0,0,6,0,0,0,0,8,1,1,0,0,15,0,0,0,9,9,0,0,0,0,0,0,0,0,0,0,0,0,0,0,0,0,0,0,0,0,1,0,0,0,0,1,0,0,0,1,1,0,0,0,0,0,0,0,0,0,0,0,0,0,0,0,0,0,0,0,0,0,0,0,0,0,0,0,0,0,0,0
Brighton Town Police Department,2004-05-01,New York,35091,NY02750,breakdown offenses,adjustment,adjustment,adjustment,adjustment,adjustment,breakdown offenses,breakdown offenses,breakdown offenses,0,0,0,0,0,0,0,0,3,1,1,1,0,9,0,0,0,2,7,14,1,12,1,88,4,4,0,0,118,0,2,5,106,111,0,0,0,0,0,1,0,0,1,0,6,0,0,0,2,4,2,0,2,0,6,1,1,0,0,16,0,2,3,9,12,0,0,0,0,0,0,0,0,0,0,0,0,0,0,0,0,0,0,0,0,2,0,0,0,0,2,0,0,0,2,2,0,0,0,0,0,0,0,0,0,0,1,0,0,0,0,1,0,0,0,0,1,0,0,0,0,2,0,0,0,1,1
Brighton Town Police Department,2004-04-01,New York,35091,NY02750,breakdown offenses,adjustment,adjustment,adjustment,adjustment,adjustment,breakdown offenses,breakdown offenses,breakdown offenses,0,0,0,0,0,1,1,0,1,1,0,0,0,5,0,0,0,0,5,16,0,15,1,79,0,0,0,0,102,0,0,2,95,97,0,0,0,0,0,0,0,0,0,0,3,0,0,0,0,3,2,0,2,0,11,0,0,0,0,16,0,0,0,13,13,0,0,0,0,0,0,0,0,0,0,0,0,0,0,0,0,1,0,1,0,6,0,0,0,0,7,0,0,0,7,7,0,0,1,1,0,0,0,0,0,0,0,0,0,0,0,0,0,0,0,0,0,0,0,0,0,1,0,0,1,0,1
Brighton Town Police Department,2004-03-01,New York,35091,NY02750,breakdown offenses,adjustment,adjustment,adjustment,adjustment,adjustment,breakdown offenses,breakdown offenses,breakdown offenses,0,0,0,0,0,1,1,0,3,1,1,1,0,19,0,0,0,0,19,4,4,0,0,64,3,3,0,0,94,0,0,4,71,75,0,0,0,0,0,1,0,1,0,0,12,0,0,0,0,12,1,1,0,0,12,1,1,0,0,27,0,0,1,14,15,0,0,0,0,0,0,0,0,0,0,0,0,0,0,0,0,0,0,0,0,0,0,0,0,0,0,0,0,0,0,0,0,0,0,0,0,0,0,0,0,0,0,0,0,0,0,0,0,0,0,0,0,0,0,0,0,0,0,0,0,0,0
Brighton Town Police Department,2004-02-01,New York,35091,NY02750,breakdown offenses,adjustment,adjustment,adjustment,adjustment,adjustment,breakdown offenses,breakdown offenses,breakdown offenses,0,0,0,0,0,1,1,0,1,0,1,0,0,11,0,0,0,0,11,10,5,5,0,67,7,7,0,0,97,0,0,2,84,86,0,0,1,1,0,0,0,0,0,0,11,0,0,0,0,11,2,1,1,0,22,1,1,0,0,37,0,0,1,25,26,0,0,0,0,0,0,0,0,0,0,0,0,0,0,0,0,0,0,0,0,4,1,1,0,0,5,0,0,0,5,5,0,0,1,1,0,0,0,0,0,0,2,0,0,0,0,2,0,0,0,0,0,0,0,0,0,3,0,0,1,0,1
Brighton Town Police Department,2004-01-01,New York,35091,NY02750,breakdown offenses,adjustment,adjustment,adjustment,adjustment,adjustment,breakdown offenses,breakdown offenses,breakdown offenses,0,0,0,0,0,0,0,0,0,0,0,0,0,21,0,0,0,0,21,7,2,5,0,34,14,14,0,0,76,0,0,0,55,55,0,0,1,1,0,0,0,0,0,0,16,0,0,0,0,16,1,0,1,0,4,2,2,0,0,24,0,0,1,7,8,0,0,1,1,0,0,0,0,0,0,0,0,0,0,0,0,0,0,0,0,0,0,0,0,0,1,0,0,1,0,1,0,0,1,1,0,0,0,0,0,0,1,0,0,0,0,1,0,0,0,0,0,0,0,0,0,2,0,0,1,0,1
Brighton Town Police Department,2003-12-01,New York,35303,NY02750,breakdown offenses,adjustment,adjustment,adjustment,adjustment,adjustment,breakdown offenses,breakdown offenses,breakdown offenses,0,0,0,0,0,0,0,0,5,1,0,1,3,0,0,0,0,0,0,13,5,7,1,61,9,9,0,0,88,0,0,5,83,88,0,0,1,1,0,1,1,0,0,0,0,0,0,0,0,0,2,1,0,1,9,2,2,0,0,15,0,0,2,13,15,0,0,1,1,0,0,0,0,0,0,0,0,0,0,0,0,1,0,0,1,4,1,1,0,0,7,0,0,1,6,7,0,0,1,1,0,0,0,0,0,0,0,0,0,0,0,0,0,0,0,0,1,1,1,0,0,3,0,0,1,2,3
Brighton Town Police Department,2003-11-01,New York,35303,NY02750,breakdown offenses,adjustment,adjustment,adjustment,adjustment,adjustment,breakdown offenses,breakdown offenses,breakdown offenses,0,0,0,0,0,1,1,0,1,1,0,0,0,11,0,1,0,0,10,23,11,6,6,72,6,6,0,0,114,0,1,3,101,104,0,0,1,1,0,0,0,0,0,0,6,0,1,0,0,5,0,0,0,0,15,0,0,0,0,22,0,1,2,15,17,0,0,1,1,0,0,0,0,0,0,0,0,0,0,0,0,0,0,0,0,2,0,0,0,0,3,0,0,1,2,3,0,0,0,0,0,0,0,0,0,0,0,0,0,0,0,0,0,0,0,0,0,0,0,0,0,0,0,0,0,0,0
Brighton Town Police Department,2003-10-01,New York,35303,NY02750,breakdown offenses,adjustment,adjustment,adjustment,adjustment,adjustment,breakdown offenses,breakdown offenses,breakdown offenses,0,0,0,0,0,0,0,0,1,0,0,0,1,16,0,0,0,0,16,12,5,6,1,56,5,5,0,0,90,0,0,1,73,74,0,0,0,0,0,0,0,0,0,0,15,0,0,0,0,15,3,2,1,0,9,0,0,0,0,27,0,0,0,12,12,0,0,0,0,0,0,0,0,0,0,0,0,0,0,0,0,2,1,1,0,3,0,0,0,0,5,0,0,0,5,5,0,0,0,0,0,0,0,0,0,0,0,0,0,0,0,0,0,0,0,0,0,0,0,0,0,0,0,0,0,0,0
Brighton Town Police Department,2003-09-01,New York,35303,NY02750,breakdown offenses,adjustment,adjustment,adjustment,adjustment,adjustment,breakdown offenses,breakdown offenses,breakdown offenses,0,0,0,0,0,0,0,0,0,0,0,0,0,13,0,0,0,0,13,19,9,9,1,64,9,7,0,2,105,0,0,0,92,92,0,0,0,0,0,0,0,0,0,0,9,0,0,0,0,9,1,1,0,0,11,0,0,0,0,21,0,0,0,12,12,0,0,0,0,0,0,0,0,0,0,0,0,0,0,0,0,0,0,0,0,3,0,0,0,0,3,0,0,0,3,3,0,0,0,0,0,0,0,0,0,0,0,0,0,0,0,0,0,0,0,0,0,0,0,0,0,0,0,0,0,0,0
Brighton Town Police Department,2003-08-01,New York,35303,NY02750,breakdown offenses,adjustment,adjustment,adjustment,adjustment,adjustment,breakdown offenses,breakdown offenses,breakdown offenses,0,0,0,0,0,0,0,0,2,1,0,1,0,12,0,0,0,0,12,18,8,9,1,46,8,8,0,0,86,0,0,2,72,74,0,0,0,0,0,1,0,0,1,0,11,0,0,0,0,11,2,0,2,0,3,0,0,0,0,17,0,0,1,5,6,0,0,0,0,0,0,0,0,0,0,0,0,0,0,0,0,0,0,0,0,0,0,0,0,0,0,0,0,0,0,0,0,0,0,0,0,0,0,0,0,0,0,0,0,0,0,0,1,0,1,0,1,0,0,0,0,2,0,0,0,2,2
Brighton Town Police Department,2003-07-01,New York,35303,NY02750,breakdown offenses,adjustment,adjustment,adjustment,adjustment,adjustment,breakdown offenses,breakdown offenses,breakdown offenses,0,0,0,0,0,0,0,0,0,0,0,0,0,17,0,0,1,1,15,20,6,13,1,69,9,9,0,0,115,0,2,2,98,100,0,0,0,0,0,0,0,0,0,0,16,0,0,1,1,14,2,1,1,0,7,0,0,0,0,25,0,2,2,9,11,0,0,0,0,0,0,0,0,0,0,0,0,0,0,0,0,0,0,0,0,4,0,0,0,0,4,0,0,0,4,4,0,0,0,0,0,0,0,0,0,0,0,0,0,0,0,0,0,0,0,0,0,0,0,0,0,0,0,0,0,0,0
Brighton Town Police Department,2003-06-01,New York,35303,NY02750,breakdown offenses,adjustment,adjustment,adjustment,adjustment,adjustment,breakdown offenses,breakdown offenses,breakdown offenses,0,0,0,0,0,0,0,0,3,2,0,0,1,18,0,0,0,0,18,14,3,7,4,81,12,12,0,0,128,0,0,3,107,110,0,0,0,0,0,3,2,0,0,1,12,0,0,0,0,12,0,0,0,0,17,0,0,0,0,32,0,0,3,17,20,0,0,0,0,0,0,0,0,0,0,0,0,0,0,0,0,0,0,0,0,10,0,0,0,0,10,0,0,0,10,10,0,0,0,0,0,0,0,0,0,0,0,0,0,0,0,0,0,0,0,0,2,0,0,0,0,2,0,0,0,2,2
Brighton Town Police Department,2003-05-01,New York,35303,NY02750,breakdown offenses,adjustment,adjustment,adjustment,adjustment,adjustment,breakdown offenses,breakdown offenses,breakdown offenses,0,0,0,0,0,0,0,0,1,0,0,0,1,15,0,0,0,0,15,5,3,1,1,54,3,3,0,0,78,0,0,1,62,63,0,0,0,0,0,0,0,0,0,0,13,0,0,0,0,13,0,0,0,0,8,2,2,0,0,23,0,0,0,10,10,0,0,0,0,0,0,0,0,0,0,0,0,0,0,0,0,0,0,0,0,1,0,0,0,0,1,0,0,0,1,1,0,0,0,0,0,0,0,0,0,0,1,0,0,0,0,1,0,0,0,0,0,0,0,0,0,1,0,0,0,0,0
Brighton Town Police Department,2003-04-01,New York,35303,NY02750,breakdown offenses,adjustment,adjustment,adjustment,adjustment,adjustment,breakdown offenses,breakdown offenses,breakdown offenses,0,0,0,0,0,1,1,0,1,1,0,0,0,15,0,0,1,0,14,6,1,5,0,63,6,6,0,0,92,0,1,3,75,78,0,0,0,0,0,1,1,0,0,0,12,0,0,1,0,11,1,0,1,0,8,0,0,0,0,22,0,1,2,9,11,0,0,0,0,0,0,0,0,0,0,1,0,0,1,0,0,0,0,0,0,6,0,0,0,0,7,0,1,1,6,7,0,0,0,0,0,0,0,0,0,0,0,0,0,0,0,0,0,0,0,0,2,0,0,0,0,2,0,0,0,2,2
Brighton Town Police Department,2003-03-01,New York,35303,NY02750,breakdown offenses,adjustment,adjustment,adjustment,adjustment,adjustment,breakdown offenses,breakdown offenses,breakdown offenses,0,0,0,0,0,0,0,0,0,0,0,0,0,9,0,0,0,0,9,7,4,2,1,55,12,12,0,0,83,0,0,0,74,74,0,0,0,0,0,0,0,0,0,0,0,0,0,0,0,0,0,0,0,0,7,5,5,0,0,12,0,0,0,12,12,0,0,0,0,0,0,0,0,0,0,0,0,0,0,0,0,0,0,0,0,1,2,2,0,0,3,0,0,0,3,3,0,0,0,0,0,0,0,0,0,0,0,0,0,0,0,0,0,0,0,0,1,0,0,0,0,1,0,0,0,1,1
Brighton Town Police Department,2003-02-01,New York,35303,NY02750,breakdown offenses,adjustment,adjustment,adjustment,adjustment,adjustment,breakdown offenses,breakdown offenses,breakdown offenses,0,0,0,0,0,0,0,0,2,1,0,0,1,18,0,0,0,0,18,5,3,2,0,50,8,8,0,0,83,0,0,2,63,65,0,0,1,1,0,3,2,0,0,1,11,0,0,0,0,11,3,1,2,0,12,2,2,0,0,32,0,0,4,17,21,0,0,0,0,0,2,1,0,0,1,0,0,0,0,0,0,3,1,2,0,3,1,1,0,0,9,0,0,2,7,9,0,0,1,1,0,0,0,0,0,0,0,0,0,0,0,0,2,0,2,0,0,1,1,0,0,4,0,0,1,3,4
Brighton Town Police Department,2003-01-01,New York,35303,NY02750,breakdown offenses,adjustment,adjustment,adjustment,adjustment,adjustment,breakdown offenses,breakdown offenses,breakdown offenses,0,0,0,0,0,1,1,0,2,2,0,0,0,12,0,0,0,0,12,2,0,2,0,52,7,7,0,0,76,0,0,3,61,64,0,0,0,0,0,0,0,0,0,0,12,0,0,0,0,12,1,0,1,0,11,2,2,0,0,26,0,0,0,14,14,0,0,0,0,0,0,0,0,0,0,0,0,0,0,0,0,1,0,1,0,3,1,1,0,0,5,0,0,0,5,5,0,0,0,0,0,0,0,0,0,0,0,0,0,0,0,0,0,0,0,0,0,0,0,0,0,0,0,0,0,0,0
Brighton Town Police Department,2002-12-01,New York,35927,NY02750,breakdown offenses,adjustment,adjustment,adjustment,adjustment,adjustment,breakdown offenses,breakdown offenses,breakdown offenses,0,0,0,0,0,0,0,0,1,0,0,0,1,11,0,0,0,0,11,7,5,1,1,46,7,6,0,1,72,0,0,1,60,61,0,0,0,0,0,0,0,0,0,0,9,0,0,0,0,9,1,0,0,1,6,0,0,0,0,16,0,0,0,7,7,0,0,0,0,0,0,0,0,0,0,0,0,0,0,0,0,0,0,0,0,5,0,0,0,0,5,0,0,0,5,5,0,0,0,0,0,0,0,0,0,0,0,0,0,0,0,0,0,0,0,0,0,0,0,0,0,0,0,0,0,0,0
Brighton Town Police Department,2002-11-01,New York,35927,NY02750,breakdown offenses,adjustment,adjustment,adjustment,adjustment,adjustment,breakdown offenses,breakdown offenses,breakdown offenses,0,0,0,0,0,0,0,0,1,0,0,0,1,19,0,0,0,0,19,11,6,4,1,80,8,8,0,0,119,0,0,1,99,100,0,0,0,0,0,2,0,0,0,2,15,0,0,0,0,15,1,0,1,0,18,0,0,0,0,36,0,0,2,19,21,0,0,0,0,0,1,0,0,0,1,0,0,0,0,0,0,0,0,0,0,4,0,0,0,0,5,0,0,1,4,5,0,0,0,0,0,0,0,0,0,0,0,0,0,0,0,0,0,0,0,0,0,1,1,0,0,1,0,0,0,1,1
Brighton Town Police Department,2002-10-01,New York,35927,NY02750,breakdown offenses,adjustment,adjustment,adjustment,adjustment,adjustment,breakdown offenses,breakdown offenses,breakdown offenses,0,0,0,0,0,0,0,0,1,0,0,0,1,15,0,0,0,0,15,19,8,9,2,81,5,5,0,0,121,0,0,1,105,106,0,0,0,0,0,0,0,0,0,0,12,0,0,0,0,12,1,0,1,0,18,1,1,0,0,32,0,0,0,20,20,0,0,0,0,0,0,0,0,0,0,0,0,0,0,0,0,0,0,0,0,4,0,0,0,0,4,0,0,0,4,4,0,0,0,0,0,0,0,0,0,0,0,0,0,0,0,0,0,0,0,0,1,1,1,0,0,2,0,0,0,2,2
Brighton Town Police Department,2002-09-01,New York,35927,NY02750,breakdown offenses,adjustment,adjustment,adjustment,adjustment,adjustment,breakdown offenses,breakdown offenses,breakdown offenses,0,0,0,0,0,1,1,0,1,1,0,0,0,20,0,0,0,0,20,10,5,3,2,94,6,6,0,0,132,0,0,2,110,112,0,0,2,2,0,0,0,0,0,0,16,0,0,0,0,16,1,0,1,0,9,1,1,0,0,29,0,0,2,11,13,0,0,0,0,0,0,0,0,0,0,0,0,0,0,0,0,0,0,0,0,2,1,1,0,0,3,0,0,0,3,3,0,0,0,0,0,0,0,0,0,0,0,0,0,0,0,0,0,0,0,0,0,1,1,0,0,1,0,0,0,1,1
Brighton Town Police Department,2002-08-01,New York,35927,NY02750,breakdown offenses,adjustment,adjustment,adjustment,adjustment,adjustment,breakdown offenses,breakdown offenses,breakdown offenses,0,0,0,0,0,2,2,0,3,2,0,0,1,21,0,0,0,0,21,10,3,7,0,77,6,6,0,0,119,0,0,5,93,98,0,0,2,2,0,1,1,0,0,0,13,0,0,0,0,13,2,1,1,0,16,2,2,0,0,36,0,0,3,20,23,0,0,0,0,0,0,0,0,0,0,0,0,0,0,0,0,0,0,0,0,5,0,0,0,0,5,0,0,0,5,5,0,0,0,0,0,0,0,0,0,0,0,0,0,0,0,0,0,0,0,0,0,0,0,0,0,0,0,0,0,0,0
Brighton Town Police Department,2002-07-01,New York,35927,NY02750,breakdown offenses,adjustment,adjustment,adjustment,adjustment,adjustment,breakdown offenses,breakdown offenses,breakdown offenses,0,0,0,0,0,0,0,0,0,0,0,0,0,17,1,0,0,0,16,6,2,4,0,73,8,8,0,0,104,0,1,1,87,88,0,0,0,0,0,0,0,0,0,0,11,0,0,0,0,11,0,0,0,0,7,2,2,0,0,20,0,0,0,9,9,0,0,0,0,0,0,0,0,0,0,0,0,0,0,0,0,0,0,0,0,3,0,0,0,0,3,0,0,0,3,3,0,0,0,0,0,0,0,0,0,0,1,0,0,0,0,1,0,0,0,0,1,1,1,0,0,3,0,0,0,2,2
Brighton Town Police Department,2002-06-01,New York,35927,NY02750,breakdown offenses,adjustment,adjustment,adjustment,adjustment,adjustment,breakdown offenses,breakdown offenses,breakdown offenses,0,0,0,0,0,1,1,0,2,0,1,0,1,15,0,0,0,0,15,8,5,1,2,58,3,3,0,0,87,0,0,3,69,72,0,0,0,0,0,0,0,0,0,0,14,0,0,0,0,14,0,0,0,0,8,0,0,0,0,22,0,0,0,8,8,0,0,0,0,0,0,0,0,0,0,0,0,0,0,0,0,0,0,0,0,3,0,0,0,0,3,0,0,0,3,3,0,0,0,0,0,0,0,0,0,0,0,0,0,0,0,0,0,0,0,0,0,0,0,0,0,0,0,0,0,0,0
Brighton Town Police Department,2002-05-01,New York,35927,NY02750,breakdown offenses,adjustment,adjustment,adjustment,adjustment,adjustment,breakdown offenses,breakdown offenses,breakdown offenses,0,0,0,0,0,1,1,0,1,1,0,0,0,15,0,0,0,1,14,9,1,6,2,86,3,3,0,0,115,0,1,3,98,101,0,0,0,0,0,1,1,0,0,0,13,0,0,0,1,12,3,1,2,0,20,0,0,0,0,37,0,1,2,23,25,0,0,0,0,0,0,0,0,0,0,1,0,0,0,1,0,0,0,0,0,0,0,0,0,0,1,0,1,1,0,1,0,0,0,0,0,0,0,0,0,0,0,0,0,0,0,0,0,0,0,0,1,0,0,0,0,1,0,0,0,1,1
Brighton Town Police Department,2002-04-01,New York,35927,NY02750,breakdown offenses,adjustment,adjustment,adjustment,adjustment,adjustment,breakdown offenses,breakdown offenses,breakdown offenses,0,0,0,0,0,0,0,0,0,0,0,0,0,11,0,0,0,0,11,11,2,7,2,67,2,1,0,1,91,0,0,0,80,80,0,0,0,0,0,0,0,0,0,0,11,0,0,0,0,11,1,0,1,0,18,0,0,0,0,30,0,0,0,19,19,0,0,0,0,0,0,0,0,0,0,0,0,0,0,0,0,0,0,0,0,9,0,0,0,0,9,0,0,0,9,9,0,0,0,0,0,0,0,0,0,0,0,0,0,0,0,0,0,0,0,0,1,0,0,0,0,1,0,0,0,1,1
Brighton Town Police Department,2002-03-01,New York,35927,NY02750,breakdown offenses,adjustment,adjustment,adjustment,adjustment,adjustment,breakdown offenses,breakdown offenses,breakdown offenses,0,0,0,0,0,0,0,0,1,0,0,0,1,18,0,0,0,0,18,4,3,1,0,81,1,0,0,1,105,0,0,1,86,87,0,0,0,0,0,0,0,0,0,0,17,0,0,0,0,17,2,1,1,0,19,0,0,0,0,38,0,0,0,21,21,0,0,0,0,0,0,0,0,0,0,0,0,0,0,0,0,0,0,0,0,8,0,0,0,0,8,0,0,0,8,8,0,0,0,0,0,0,0,0,0,0,1,0,0,0,0,1,0,0,0,0,0,0,0,0,0,1,0,0,0,0,0
Brighton Town Police Department,2002-02-01,New York,35927,NY02750,breakdown offenses,adjustment,adjustment,adjustment,adjustment,adjustment,breakdown offenses,breakdown offenses,breakdown offenses,0,0,0,0,0,0,0,0,0,0,0,0,0,5,0,0,0,0,5,5,1,3,1,50,2,2,0,0,62,0,0,0,57,57,0,0,0,0,0,0,0,0,0,0,5,0,0,0,0,5,0,0,0,0,17,0,0,0,0,22,0,0,0,17,17,0,0,0,0,0,0,0,0,0,0,0,0,0,0,0,0,0,0,0,0,3,0,0,0,0,3,0,0,0,3,3,0,0,0,0,0,0,0,0,0,0,0,0,0,0,0,0,0,0,0,0,0,2,2,0,0,2,0,0,0,2,2
Brighton Town Police Department,2002-01-01,New York,35927,NY02750,breakdown offenses,adjustment,adjustment,adjustment,adjustment,adjustment,breakdown offenses,breakdown offenses,breakdown offenses,0,0,0,0,0,0,0,0,2,1,0,0,1,12,0,0,1,0,11,11,7,3,1,54,2,2,0,0,81,0,1,3,67,70,0,0,1,1,0,3,1,0,0,2,4,0,0,0,0,4,1,1,0,0,8,1,1,0,0,18,0,0,4,10,14,0,0,0,0,0,3,1,0,0,2,0,0,0,0,0,0,0,0,0,0,0,0,0,0,0,3,0,0,3,0,3,0,0,0,0,0,0,0,0,0,0,0,0,0,0,0,0,0,0,0,0,0,0,0,0,0,0,0,0,0,0,0
Brighton Town Police Department,2001-12-01,New York,35653,NY02750,breakdown offenses,adjustment,adjustment,adjustment,adjustment,adjustment,breakdown offenses,breakdown offenses,breakdown offenses,0,0,0,0,0,1,1,0,4,1,0,1,2,12,0,0,0,0,12,16,12,2,2,63,6,6,0,0,102,0,0,5,85,90,0,0,0,0,0,1,0,0,1,0,9,0,0,0,0,9,1,0,1,0,6,1,1,0,0,18,0,0,1,8,9,0,0,0,0,0,1,0,0,1,0,0,0,0,0,0,0,0,0,0,0,4,1,1,0,0,6,0,0,1,5,6,0,0,0,0,0,0,0,0,0,0,0,0,0,0,0,0,1,0,1,0,0,0,0,0,0,1,0,0,0,1,1
Brighton Town Police Department,2001-11-01,New York,35653,NY02750,breakdown offenses,adjustment,adjustment,adjustment,adjustment,adjustment,breakdown offenses,breakdown offenses,breakdown offenses,0,0,0,0,0,0,0,0,0,0,0,0,0,9,0,0,0,0,9,10,6,3,1,62,2,2,0,0,83,0,0,0,74,74,0,0,1,1,0,0,0,0,0,0,8,0,0,0,0,8,3,3,0,0,14,0,0,0,0,26,0,0,1,17,18,0,0,0,0,0,0,0,0,0,0,0,0,0,0,0,0,2,2,0,0,3,0,0,0,0,5,0,0,0,5,5,0,0,0,0,0,0,0,0,0,0,0,0,0,0,0,0,0,0,0,0,0,0,0,0,0,0,0,0,0,0,0
Brighton Town Police Department,2001-10-01,New York,35653,NY02750,breakdown offenses,adjustment,adjustment,adjustment,adjustment,adjustment,breakdown offenses,breakdown offenses,breakdown offenses,0,0,0,0,0,1,1,0,0,0,0,0,0,20,0,0,0,0,20,8,2,4,2,97,2,2,0,0,128,0,0,1,107,108,0,0,0,0,0,0,0,0,0,0,18,0,0,0,0,18,1,0,1,0,18,0,0,0,0,37,0,0,0,19,19,0,0,0,0,0,0,0,0,0,0,0,0,0,0,0,0,1,0,1,0,11,0,0,0,0,12,0,0,0,12,12,0,0,0,0,0,0,0,0,0,0,0,0,0,0,0,0,0,0,0,0,0,0,0,0,0,0,0,0,0,0,0
Brighton Town Police Department,2001-09-01,New York,35653,NY02750,breakdown offenses,adjustment,adjustment,adjustment,adjustment,adjustment,breakdown offenses,breakdown offenses,breakdown offenses,0,0,0,0,0,0,0,0,1,0,0,0,1,17,0,0,0,0,17,11,2,7,2,78,3,3,0,0,110,0,0,1,92,93,0,0,0,0,0,1,0,0,0,1,16,0,0,0,0,16,1,0,1,0,5,0,0,0,0,23,0,0,1,6,7,0,0,0,0,0,0,0,0,0,0,0,0,0,0,0,0,0,0,0,0,0,0,0,0,0,0,0,0,0,0,0,0,0,0,0,0,0,0,0,0,0,1,0,0,0,0,1,0,0,0,0,1,0,0,0,0,2,0,0,0,1,1
Brighton Town Police Department,2001-08-01,New York,35653,NY02750,breakdown offenses,adjustment,adjustment,adjustment,adjustment,adjustment,breakdown offenses,breakdown offenses,breakdown offenses,0,0,0,0,0,0,0,0,0,0,0,0,0,13,0,0,0,0,13,17,6,8,3,92,3,2,0,1,125,0,0,0,112,112,0,0,0,0,0,0,0,0,0,0,9,0,0,0,0,9,6,3,3,0,19,0,0,0,0,34,0,0,0,25,25,0,0,0,0,0,0,0,0,0,0,0,0,0,0,0,0,5,2,3,0,8,0,0,0,0,13,0,0,0,13,13,0,0,0,0,0,0,0,0,0,0,0,0,0,0,0,0,0,0,0,0,2,0,0,0,0,2,0,0,0,2,2
Brighton Town Police Department,2001-07-01,New York,35653,NY02750,breakdown offenses,adjustment,adjustment,adjustment,adjustment,adjustment,breakdown offenses,breakdown offenses,breakdown offenses,0,0,0,0,0,0,0,0,1,1,0,0,0,14,0,2,0,0,12,15,8,5,2,98,4,4,0,0,132,0,2,3,117,120,0,0,0,0,0,0,0,0,0,0,15,0,1,0,0,14,2,1,1,0,15,0,0,0,0,32,0,1,1,17,18,0,0,0,0,0,0,0,0,0,0,0,0,0,0,0,0,1,1,0,0,5,0,0,0,0,6,0,0,0,6,6,0,0,0,0,0,0,0,0,0,0,0,0,0,0,0,0,0,0,0,0,1,0,0,0,0,1,0,0,0,1,1
Brighton Town Police Department,2001-06-01,New York,35653,NY02750,breakdown offenses,adjustment,adjustment,adjustment,adjustment,adjustment,breakdown offenses,breakdown offenses,breakdown offenses,0,0,0,0,0,0,0,0,0,0,0,0,0,9,0,0,0,0,9,15,7,8,0,74,3,3,0,0,101,0,0,0,92,92,0,0,0,0,0,0,0,0,0,0,7,0,0,0,0,7,3,3,0,0,18,1,1,0,0,29,0,0,0,22,22,0,0,0,0,0,0,0,0,0,0,0,0,0,0,0,0,0,0,0,0,0,0,0,0,0,0,0,0,0,0,0,0,0,0,0,0,0,0,0,0,0,1,0,0,0,0,1,0,0,0,0,2,0,0,0,0,3,0,0,0,2,2
Brighton Town Police Department,2001-05-01,New York,35653,NY02750,breakdown offenses,adjustment,adjustment,adjustment,adjustment,adjustment,breakdown offenses,breakdown offenses,breakdown offenses,0,0,0,0,0,0,0,0,0,0,0,0,0,9,0,1,0,0,8,6,2,3,1,90,4,4,0,0,109,0,1,1,100,101,0,0,0,0,0,0,0,0,0,0,8,0,1,0,0,7,0,0,0,0,13,1,1,0,0,22,0,1,1,14,15,0,0,0,0,0,0,0,0,0,0,0,0,0,0,0,0,0,0,0,0,7,0,0,0,0,7,0,0,0,7,7,0,0,0,0,0,0,0,0,0,0,0,0,0,0,0,0,0,0,0,0,2,0,0,0,0,2,0,0,0,2,2
Brighton Town Police Department,2001-04-01,New York,35653,NY02750,breakdown offenses,adjustment,adjustment,adjustment,adjustment,adjustment,breakdown offenses,breakdown offenses,breakdown offenses,0,0,0,0,0,0,0,0,2,0,0,1,1,12,0,0,0,0,12,6,3,3,0,68,0,0,0,0,88,0,0,2,74,76,0,0,0,0,0,2,0,0,1,1,13,0,0,0,0,13,2,0,2,0,16,0,0,0,0,33,0,0,2,18,20,0,0,0,0,0,0,0,0,0,0,0,0,0,0,0,0,1,0,1,0,3,0,0,0,0,4,0,0,0,4,4,0,0,0,0,0,0,0,0,0,0,1,0,0,0,0,1,1,0,1,0,1,0,0,0,0,3,0,0,0,2,2
Brighton Town Police Department,2001-03-01,New York,35653,NY02750,breakdown offenses,adjustment,adjustment,adjustment,adjustment,adjustment,breakdown offenses,breakdown offenses,breakdown offenses,0,0,0,0,0,1,1,0,4,1,1,0,2,12,0,0,1,0,11,5,1,4,0,67,6,6,0,0,95,0,1,6,78,84,0,0,0,0,0,2,0,1,0,1,10,0,0,1,0,9,1,0,1,0,13,0,0,0,0,26,0,1,3,14,17,0,0,0,0,0,0,0,0,0,0,1,0,0,1,0,0,0,0,0,0,0,0,0,0,0,1,0,1,1,0,1,0,0,0,0,0,0,0,0,0,0,0,0,0,0,0,0,0,0,0,0,1,0,0,0,0,1,0,0,0,1,1
Brighton Town Police Department,2001-02-01,New York,35653,NY02750,breakdown offenses,adjustment,adjustment,adjustment,adjustment,adjustment,breakdown offenses,breakdown offenses,breakdown offenses,0,0,0,0,0,1,1,0,8,1,0,0,7,8,0,0,0,0,8,7,3,4,0,53,2,2,0,0,79,0,0,9,62,71,0,0,1,1,0,8,2,0,0,6,8,0,0,0,0,8,1,1,0,0,8,0,0,0,0,26,0,0,9,9,18,0,0,0,0,0,0,0,0,0,0,0,0,0,0,0,0,1,1,0,0,3,0,0,0,0,4,0,0,0,4,4,0,0,0,0,0,0,0,0,0,0,0,0,0,0,0,0,0,0,0,0,0,0,0,0,0,0,0,0,0,0,0
Brighton Town Police Department,2001-01-01,New York,35653,NY02750,breakdown offenses,adjustment,adjustment,adjustment,adjustment,adjustment,breakdown offenses,breakdown offenses,breakdown offenses,0,0,0,0,0,0,0,0,4,3,1,0,0,13,0,0,0,0,13,7,5,2,0,90,8,8,0,0,122,0,0,4,105,109,0,0,0,0,0,0,0,0,0,0,14,0,0,0,0,14,1,0,1,0,16,3,3,0,0,34,0,0,0,20,20,0,0,0,0,0,0,0,0,0,0,0,0,0,0,0,0,1,0,1,0,8,1,1,0,0,10,0,0,0,10,10,0,0,0,0,0,0,0,0,0,0,0,0,0,0,0,0,1,0,1,0,0,0,0,0,0,1,0,0,0,1,1
Brighton Town Police Department,2000-12-01,New York,35588,NY02750,totals only,adjustment,adjustment,adjustment,adjustment,adjustment,totals only,totals only,totals only,0,0,0,0,0,0,0,0,3,0,0,0,0,17,0,0,0,0,17,5,0,0,0,86,4,0,0,0,115,0,0,3,95,98,0,0,4,0,0,9,0,0,0,0,148,0,0,0,0,144,9,0,0,0,167,8,0,0,0,345,0,4,17,184,201,0,0,2,0,0,3,0,0,0,0,0,0,0,0,0,0,3,0,0,0,58,0,0,0,0,66,0,0,5,61,66,0,0,0,0,0,0,0,0,0,0,0,0,0,0,0,0,0,0,0,0,0,0,0,0,0,0,0,0,0,0,0
Brighton Town Police Department,2000-11-01,New York,35588,NY02750,totals only,adjustment,adjustment,not updated,not updated,adjustment,totals only,,,0,0,0,0,0,0,0,0,1,0,0,0,0,11,0,0,0,0,10,5,0,0,0,79,7,0,0,0,103,0,1,2,91,93,0,0,0,0,0,0,0,0,0,0,0,0,0,0,0,0,0,0,0,0,0,0,0,0,0,0,0,0,0,0,0,0,0,0,0,0,0,0,0,0,0,0,0,0,0,0,0,0,0,0,0,0,0,0,0,0,0,0,0,0,0,0,0,0,0,0,0,0,0,0,0,0,0,0,0,0,0,0,0,0,0,0,0,0,0,0,0,0,0,0,0,0,0
Brighton Town Police Department,2000-10-01,New York,35588,NY02750,totals only,adjustment,adjustment,not updated,not updated,adjustment,totals only,,,0,0,0,0,0,0,0,0,4,0,0,0,0,23,0,0,0,0,23,15,0,0,0,101,8,0,0,0,151,0,0,4,124,128,0,0,0,0,0,0,0,0,0,0,0,0,0,0,0,0,0,0,0,0,0,0,0,0,0,0,0,0,0,0,0,0,0,0,0,0,0,0,0,0,0,0,0,0,0,0,0,0,0,0,0,0,0,0,0,0,0,0,0,0,0,0,0,0,0,0,0,0,0,0,0,0,0,0,0,0,0,0,0,0,0,0,0,0,0,0,0,0,0,0,0,0,0
Brighton Town Police Department,2000-09-01,New York,35588,NY02750,totals only,adjustment,adjustment,not updated,not updated,adjustment,totals only,,,0,0,0,0,0,0,0,0,5,0,0,0,0,7,0,0,0,0,7,10,0,0,0,75,5,0,0,0,102,0,0,5,90,95,0,0,0,0,0,0,0,0,0,0,0,0,0,0,0,0,0,0,0,0,0,0,0,0,0,0,0,0,0,0,0,0,0,0,0,0,0,0,0,0,0,0,0,0,0,0,0,0,0,0,0,0,0,0,0,0,0,0,0,0,0,0,0,0,0,0,0,0,0,0,0,0,0,0,0,0,0,0,0,0,0,0,0,0,0,0,0,0,0,0,0,0,0
Brighton Town Police Department,2000-08-01,New York,35588,NY02750,totals only,adjustment,adjustment,not updated,not updated,adjustment,totals only,,,0,0,0,0,0,2,0,0,3,0,0,0,0,8,0,0,0,0,8,9,0,0,0,69,2,0,0,0,93,0,0,5,80,85,0,0,0,0,0,0,0,0,0,0,0,0,0,0,0,0,0,0,0,0,0,0,0,0,0,0,0,0,0,0,0,0,0,0,0,0,0,0,0,0,0,0,0,0,0,0,0,0,0,0,0,0,0,0,0,0,0,0,0,0,0,0,0,0,0,0,0,0,0,0,0,0,0,0,0,0,0,0,0,0,0,0,0,0,0,0,0,0,0,0,0,0,0
Brighton Town Police Department,2000-07-01,New York,35588,NY02750,totals only,adjustment,adjustment,not updated,not updated,adjustment,totals only,,,0,0,0,0,0,1,0,0,3,0,0,0,0,8,0,0,0,0,8,12,0,0,0,80,6,0,0,0,110,0,0,4,98,102,0,0,0,0,0,0,0,0,0,0,0,0,0,0,0,0,0,0,0,0,0,0,0,0,0,0,0,0,0,0,0,0,0,0,0,0,0,0,0,0,0,0,0,0,0,0,0,0,0,0,0,0,0,0,0,0,0,0,0,0,0,0,0,0,0,0,0,0,0,0,0,0,0,0,0,0,0,0,0,0,0,0,0,0,0,0,0,0,0,0,0,0,0
Brighton Town Police Department,2000-06-01,New York,35588,NY02750,totals only,adjustment,adjustment,not updated,not updated,adjustment,totals only,,,0,0,0,0,0,0,0,0,2,0,0,0,0,16,0,0,0,0,16,9,0,0,0,77,1,0,0,0,105,0,0,2,87,89,0,0,0,0,0,0,0,0,0,0,0,0,0,0,0,0,0,0,0,0,0,0,0,0,0,0,0,0,0,0,0,0,0,0,0,0,0,0,0,0,0,0,0,0,0,0,0,0,0,0,0,0,0,0,0,0,0,0,0,0,0,0,0,0,0,0,0,0,0,0,0,0,0,0,0,0,0,0,0,0,0,0,0,0,0,0,0,0,0,0,0,0,0
Brighton Town Police Department,2000-05-01,New York,35588,NY02750,totals only,adjustment,adjustment,not updated,not updated,adjustment,totals only,,,0,0,0,0,0,0,0,0,2,0,0,0,0,16,0,0,0,0,16,16,0,0,0,100,2,0,0,0,136,0,0,2,118,120,0,0,0,0,0,0,0,0,0,0,0,0,0,0,0,0,0,0,0,0,0,0,0,0,0,0,0,0,0,0,0,0,0,0,0,0,0,0,0,0,0,0,0,0,0,0,0,0,0,0,0,0,0,0,0,0,0,0,0,0,0,0,0,0,0,0,0,0,0,0,0,0,0,0,0,0,0,0,0,0,0,0,0,0,0,0,0,0,0,0,0,0,0
Brighton Town Police Department,2000-04-01,New York,35588,NY02750,totals only,adjustment,adjustment,not updated,not updated,adjustment,totals only,,,0,0,0,0,0,0,0,0,2,0,0,0,0,13,0,0,0,0,12,8,0,0,0,56,4,0,0,0,83,0,1,3,68,71,0,0,0,0,0,0,0,0,0,0,0,0,0,0,0,0,0,0,0,0,0,0,0,0,0,0,0,0,0,0,0,0,0,0,0,0,0,0,0,0,0,0,0,0,0,0,0,0,0,0,0,0,0,0,0,0,0,0,0,0,0,0,0,0,0,0,0,0,0,0,0,0,0,0,0,0,0,0,0,0,0,0,0,0,0,0,0,0,0,0,0,0,0
Brighton Town Police Department,2000-03-01,New York,35588,NY02750,totals only,adjustment,adjustment,not updated,not updated,adjustment,totals only,,,0,0,0,0,0,0,0,0,2,0,0,0,0,18,0,0,0,0,17,7,0,0,0,81,1,0,0,0,109,0,1,3,89,92,0,0,0,0,0,0,0,0,0,0,0,0,0,0,0,0,0,0,0,0,0,0,0,0,0,0,0,0,0,0,0,0,0,0,0,0,0,0,0,0,0,0,0,0,0,0,0,0,0,0,0,0,0,0,0,0,0,0,0,0,0,0,0,0,0,0,0,0,0,0,0,0,0,0,0,0,0,0,0,0,0,0,0,0,0,0,0,0,0,0,0,0,0
Brighton Town Police Department,2000-02-01,New York,35588,NY02750,totals only,adjustment,adjustment,not updated,not updated,adjustment,totals only,,,0,0,0,1,0,0,0,0,0,0,0,0,0,13,0,0,0,0,12,13,0,0,0,67,7,0,0,0,101,0,1,2,87,89,0,0,0,0,0,0,0,0,0,0,0,0,0,0,0,0,0,0,0,0,0,0,0,0,0,0,0,0,0,0,0,0,0,0,0,0,0,0,0,0,0,0,0,0,0,0,0,0,0,0,0,0,0,0,0,0,0,0,0,0,0,0,0,0,0,0,0,0,0,0,0,0,0,0,0,0,0,0,0,0,0,0,0,0,0,0,0,0,0,0,0,0,0
Brighton Town Police Department,2000-01-01,New York,35588,NY02750,totals only,adjustment,adjustment,not updated,not updated,adjustment,totals only,,,0,0,0,0,0,0,0,0,0,0,0,0,0,17,0,0,0,0,17,12,0,0,0,74,6,0,0,0,109,0,0,0,92,92,0,0,0,0,0,0,0,0,0,0,0,0,0,0,0,0,0,0,0,0,0,0,0,0,0,0,0,0,0,0,0,0,0,0,0,0,0,0,0,0,0,0,0,0,0,0,0,0,0,0,0,0,0,0,0,0,0,0,0,0,0,0,0,0,0,0,0,0,0,0,0,0,0,0,0,0,0,0,0,0,0,0,0,0,0,0,0,0,0,0,0,0,0
Brighton Town Police Department,1999-12-01,New York,,NY02750,,,,,,,,,,,,,,,,,,,,,,,,,,,,,,,,,,,,,,,,,,,,,,,,,,,,,,,,,,,,,,,,,,,,,,,,,,,,,,,,,,,,,,,,,,,,,,,,,,,,,,,,,,,,,,,,,,,,,,,,,,,,,,,,,,,,,,,,
Brighton Town Police Department,1999-11-01,New York,,NY02750,,,,,,,,,,,,,,,,,,,,,,,,,,,,,,,,,,,,,,,,,,,,,,,,,,,,,,,,,,,,,,,,,,,,,,,,,,,,,,,,,,,,,,,,,,,,,,,,,,,,,,,,,,,,,,,,,,,,,,,,,,,,,,,,,,,,,,,,
Brighton Town Police Department,1999-10-01,New York,,NY02750,,,,,,,,,,,,,,,,,,,,,,,,,,,,,,,,,,,,,,,,,,,,,,,,,,,,,,,,,,,,,,,,,,,,,,,,,,,,,,,,,,,,,,,,,,,,,,,,,,,,,,,,,,,,,,,,,,,,,,,,,,,,,,,,,,,,,,,,
Brighton Town Police Department,1999-09-01,New York,,NY02750,,,,,,,,,,,,,,,,,,,,,,,,,,,,,,,,,,,,,,,,,,,,,,,,,,,,,,,,,,,,,,,,,,,,,,,,,,,,,,,,,,,,,,,,,,,,,,,,,,,,,,,,,,,,,,,,,,,,,,,,,,,,,,,,,,,,,,,,
Brighton Town Police Department,1999-08-01,New York,,NY02750,,,,,,,,,,,,,,,,,,,,,,,,,,,,,,,,,,,,,,,,,,,,,,,,,,,,,,,,,,,,,,,,,,,,,,,,,,,,,,,,,,,,,,,,,,,,,,,,,,,,,,,,,,,,,,,,,,,,,,,,,,,,,,,,,,,,,,,,
Brighton Town Police Department,1999-07-01,New York,,NY02750,,,,,,,,,,,,,,,,,,,,,,,,,,,,,,,,,,,,,,,,,,,,,,,,,,,,,,,,,,,,,,,,,,,,,,,,,,,,,,,,,,,,,,,,,,,,,,,,,,,,,,,,,,,,,,,,,,,,,,,,,,,,,,,,,,,,,,,,
Brighton Town Police Department,1999-06-01,New York,,NY02750,,,,,,,,,,,,,,,,,,,,,,,,,,,,,,,,,,,,,,,,,,,,,,,,,,,,,,,,,,,,,,,,,,,,,,,,,,,,,,,,,,,,,,,,,,,,,,,,,,,,,,,,,,,,,,,,,,,,,,,,,,,,,,,,,,,,,,,,
Brighton Town Police Department,1999-05-01,New York,,NY02750,,,,,,,,,,,,,,,,,,,,,,,,,,,,,,,,,,,,,,,,,,,,,,,,,,,,,,,,,,,,,,,,,,,,,,,,,,,,,,,,,,,,,,,,,,,,,,,,,,,,,,,,,,,,,,,,,,,,,,,,,,,,,,,,,,,,,,,,
Brighton Town Police Department,1999-04-01,New York,,NY02750,,,,,,,,,,,,,,,,,,,,,,,,,,,,,,,,,,,,,,,,,,,,,,,,,,,,,,,,,,,,,,,,,,,,,,,,,,,,,,,,,,,,,,,,,,,,,,,,,,,,,,,,,,,,,,,,,,,,,,,,,,,,,,,,,,,,,,,,
Brighton Town Police Department,1999-03-01,New York,,NY02750,,,,,,,,,,,,,,,,,,,,,,,,,,,,,,,,,,,,,,,,,,,,,,,,,,,,,,,,,,,,,,,,,,,,,,,,,,,,,,,,,,,,,,,,,,,,,,,,,,,,,,,,,,,,,,,,,,,,,,,,,,,,,,,,,,,,,,,,
Brighton Town Police Department,1999-02-01,New York,,NY02750,,,,,,,,,,,,,,,,,,,,,,,,,,,,,,,,,,,,,,,,,,,,,,,,,,,,,,,,,,,,,,,,,,,,,,,,,,,,,,,,,,,,,,,,,,,,,,,,,,,,,,,,,,,,,,,,,,,,,,,,,,,,,,,,,,,,,,,,
Brighton Town Police Department,1999-01-01,New York,,NY02750,,,,,,,,,,,,,,,,,,,,,,,,,,,,,,,,,,,,,,,,,,,,,,,,,,,,,,,,,,,,,,,,,,,,,,,,,,,,,,,,,,,,,,,,,,,,,,,,,,,,,,,,,,,,,,,,,,,,,,,,,,,,,,,,,,,,,,,,
Brighton Town Police Department,1998-12-01,New York,33674,NY02750,breakdown offenses,adjustment,adjustment,adjustment,adjustment,adjustment,breakdown offenses,breakdown offenses,breakdown offenses,0,0,0,0,0,1,1,0,2,1,0,0,1,6,0,0,0,0,6,12,3,8,1,77,4,4,0,0,102,0,0,3,93,96,0,0,0,0,0,0,0,0,0,0,5,0,0,0,0,5,2,1,1,0,16,0,0,0,0,23,0,0,0,18,18,0,0,0,0,0,0,0,0,0,0,0,0,0,0,0,0,2,1,1,0,5,0,0,0,0,7,0,0,0,7,7,0,0,0,0,0,0,0,0,0,0,0,0,0,0,0,0,1,1,0,0,0,0,0,0,0,1,0,0,0,1,1
Brighton Town Police Department,1998-11-01,New York,33674,NY02750,breakdown offenses,adjustment,adjustment,adjustment,adjustment,adjustment,breakdown offenses,breakdown offenses,breakdown offenses,0,0,0,0,0,0,0,0,3,1,0,1,1,13,0,0,0,0,13,9,4,5,0,54,5,5,0,0,84,0,0,3,68,71,0,0,0,0,0,2,0,0,1,1,12,0,0,0,0,12,2,1,1,0,13,0,0,0,0,29,0,0,2,15,17,0,0,0,0,0,1,0,0,1,0,0,0,0,0,0,0,0,0,0,0,6,0,0,0,0,7,0,0,1,6,7,0,0,0,0,0,0,0,0,0,0,0,0,0,0,0,0,0,0,0,0,2,0,0,0,0,2,0,0,0,2,2
Brighton Town Police Department,1998-10-01,New York,33674,NY02750,breakdown offenses,adjustment,adjustment,adjustment,adjustment,adjustment,breakdown offenses,breakdown offenses,breakdown offenses,0,0,0,0,0,0,0,0,4,0,0,0,4,14,0,0,0,0,14,12,6,3,3,49,5,5,0,0,84,0,0,4,66,70,0,0,0,0,0,1,0,0,0,1,12,0,0,0,0,12,2,0,1,1,12,2,2,0,0,29,0,0,1,16,17,0,0,0,0,0,0,0,0,0,0,0,0,0,0,0,0,0,0,0,0,4,1,1,0,0,5,0,0,0,5,5,0,0,0,0,0,0,0,0,0,0,0,0,0,0,0,0,0,0,0,0,1,0,0,0,0,1,0,0,0,1,1
Brighton Town Police Department,1998-09-01,New York,33674,NY02750,breakdown offenses,adjustment,adjustment,adjustment,adjustment,adjustment,breakdown offenses,breakdown offenses,breakdown offenses,0,0,0,0,0,0,0,0,2,1,0,1,0,9,0,0,1,0,8,14,2,10,2,79,3,3,0,0,107,0,1,3,96,99,0,0,0,0,0,0,0,0,0,0,9,0,0,1,0,8,3,0,3,0,14,0,0,0,0,26,0,1,1,17,18,0,0,0,0,0,0,0,0,0,0,0,0,0,0,0,0,0,0,0,0,4,0,0,0,0,4,0,0,0,4,4,0,0,0,0,0,0,0,0,0,0,0,0,0,0,0,0,0,0,0,0,1,0,0,0,0,1,0,0,0,1,1
Brighton Town Police Department,1998-08-01,New York,33674,NY02750,breakdown offenses,adjustment,adjustment,adjustment,adjustment,adjustment,breakdown offenses,breakdown offenses,breakdown offenses,0,0,0,0,0,1,1,0,1,0,0,0,1,18,0,0,0,1,17,21,7,10,4,87,1,1,0,0,129,0,1,3,109,112,0,0,1,1,0,0,0,0,0,0,14,0,0,0,1,13,2,2,0,0,8,0,0,0,0,25,0,1,2,10,12,0,0,0,0,0,0,0,0,0,0,0,0,0,0,0,0,0,0,0,0,0,0,0,0,0,0,0,0,0,0,0,0,0,0,0,0,0,0,0,0,0,0,0,0,0,0,0,0,0,0,0,0,0,0,0,0,0,0,0,0,0,0
Brighton Town Police Department,1998-07-01,New York,33674,NY02750,breakdown offenses,adjustment,adjustment,adjustment,adjustment,adjustment,breakdown offenses,breakdown offenses,breakdown offenses,0,0,0,0,0,0,0,0,0,0,0,0,0,18,0,0,0,0,18,20,4,13,3,60,3,3,0,0,101,0,0,0,83,83,0,0,0,0,0,0,0,0,0,0,17,0,0,0,0,17,2,1,1,0,16,1,1,0,0,36,0,0,0,19,19,0,0,0,0,0,0,0,0,0,0,0,0,0,0,0,0,1,1,0,0,6,0,0,0,0,7,0,0,0,7,7,0,0,0,0,0,0,0,0,0,0,0,0,0,0,0,0,0,0,0,0,0,1,1,0,0,1,0,0,0,1,1
Brighton Town Police Department,1998-06-01,New York,33674,NY02750,breakdown offenses,adjustment,adjustment,adjustment,adjustment,adjustment,breakdown offenses,breakdown offenses,breakdown offenses,0,0,0,0,0,0,0,0,2,1,1,0,0,13,0,0,0,0,13,13,8,4,1,82,4,4,0,0,114,0,0,2,99,101,0,0,0,0,0,0,0,0,0,0,11,0,0,0,0,11,2,1,1,0,16,0,0,0,0,29,0,0,0,18,18,0,0,0,0,0,0,0,0,0,0,0,0,0,0,0,0,1,0,1,0,5,0,0,0,0,6,0,0,0,6,6,0,0,0,0,0,0,0,0,0,0,0,0,0,0,0,0,0,0,0,0,0,0,0,0,0,0,0,0,0,0,0
Brighton Town Police Department,1998-05-01,New York,33674,NY02750,breakdown offenses,adjustment,adjustment,adjustment,adjustment,adjustment,breakdown offenses,breakdown offenses,breakdown offenses,0,0,0,0,0,0,0,0,2,0,0,0,2,16,0,0,0,0,16,7,2,3,2,67,4,4,0,0,96,0,0,2,78,80,0,0,0,0,0,1,0,0,1,0,14,0,0,0,0,14,0,0,0,0,24,0,0,0,0,39,0,0,1,24,25,0,0,0,0,0,0,0,0,0,0,0,0,0,0,0,0,0,0,0,0,5,0,0,0,0,5,0,0,0,5,5,0,0,0,0,0,0,0,0,0,0,1,0,0,0,0,1,0,0,0,0,4,1,1,0,0,6,0,0,0,5,5
Brighton Town Police Department,1998-04-01,New York,33674,NY02750,breakdown offenses,adjustment,adjustment,adjustment,adjustment,adjustment,breakdown offenses,breakdown offenses,breakdown offenses,0,0,0,0,0,0,0,0,3,2,0,0,1,22,0,0,0,0,22,10,7,1,2,58,5,5,0,0,98,0,0,3,73,76,0,0,0,0,0,0,0,0,0,0,21,0,0,0,0,21,2,0,1,1,15,1,1,0,0,39,0,0,0,18,18,0,0,0,0,0,0,0,0,0,0,0,0,0,0,0,0,0,0,0,0,0,0,0,0,0,0,0,0,0,0,0,0,0,0,0,0,0,0,0,0,0,0,0,0,0,0,0,0,0,0,0,1,0,0,0,0,1,0,0,0,1,1
Brighton Town Police Department,1998-03-01,New York,33674,NY02750,breakdown offenses,adjustment,adjustment,adjustment,adjustment,adjustment,breakdown offenses,breakdown offenses,breakdown offenses,0,0,0,0,0,0,0,0,2,1,0,1,0,14,0,1,0,0,13,7,3,3,1,68,3,3,0,0,94,0,1,3,78,81,0,0,0,0,0,2,1,0,1,0,12,0,1,0,0,11,3,3,0,0,17,1,1,0,0,35,0,1,3,21,24,0,0,0,0,0,0,0,0,0,0,0,0,0,0,0,0,1,1,0,0,6,0,0,0,0,7,0,0,0,7,7,0,0,0,0,0,0,0,0,0,0,0,0,0,0,0,0,0,0,0,0,3,0,0,0,0,3,0,0,0,3,3
Brighton Town Police Department,1998-02-01,New York,33674,NY02750,breakdown offenses,adjustment,adjustment,adjustment,adjustment,adjustment,breakdown offenses,breakdown offenses,breakdown offenses,0,0,0,0,0,0,0,0,3,1,0,0,2,13,0,1,2,0,10,7,3,2,2,59,9,9,0,0,91,0,3,6,75,81,0,0,0,0,0,1,0,0,0,1,14,0,1,2,0,11,1,0,0,1,23,0,0,0,0,39,0,3,4,24,28,0,0,0,0,0,0,0,0,0,0,0,0,0,0,0,0,0,0,0,0,0,0,0,0,0,0,0,0,0,0,0,0,0,0,0,0,0,0,0,0,0,0,0,0,0,0,0,0,0,0,0,1,0,0,0,0,1,0,0,0,1,1
Brighton Town Police Department,1998-01-01,New York,33674,NY02750,breakdown offenses,adjustment,adjustment,adjustment,adjustment,adjustment,breakdown offenses,breakdown offenses,breakdown offenses,0,0,0,0,0,0,0,0,3,1,1,1,0,12,0,0,0,1,11,15,7,7,1,80,7,7,0,0,117,0,1,4,102,106,0,0,0,0,0,0,0,0,0,0,12,0,0,0,1,11,1,0,1,0,26,3,3,0,0,42,0,1,1,30,31,0,0,0,0,0,0,0,0,0,0,0,0,0,0,0,0,0,0,0,0,9,1,1,0,0,10,0,0,0,10,10,0,0,0,0,0,0,0,0,0,0,0,0,0,0,0,0,0,0,0,0,2,1,1,0,0,3,0,0,0,3,3
Brighton Town Police Department,1997-12-01,New York,34751,NY02750,breakdown offenses,adjustment,adjustment,adjustment,adjustment,adjustment,breakdown offenses,breakdown offenses,breakdown offenses,0,0,0,0,0,0,0,0,4,2,0,0,2,19,0,0,0,0,19,9,5,2,2,60,5,5,0,0,97,0,0,4,74,78,0,0,0,0,0,1,1,0,0,0,15,0,0,0,0,15,13,7,4,2,16,1,1,0,0,46,0,0,1,30,31,0,0,0,0,0,0,0,0,0,0,0,0,0,0,0,0,12,7,3,2,6,0,0,0,0,18,0,0,0,18,18,0,0,0,0,0,0,0,0,0,0,0,0,0,0,0,0,0,0,0,0,2,0,0,0,0,2,0,0,0,2,2
Brighton Town Police Department,1997-11-01,New York,34751,NY02750,breakdown offenses,adjustment,adjustment,adjustment,adjustment,adjustment,breakdown offenses,breakdown offenses,breakdown offenses,0,0,0,0,0,0,0,0,3,3,0,0,0,11,0,0,0,0,11,17,7,6,4,64,5,5,0,0,100,0,0,3,86,89,0,0,1,1,0,1,1,0,0,0,11,0,0,0,0,11,1,1,0,0,11,0,0,0,0,25,0,0,2,12,14,0,0,0,0,0,0,0,0,0,0,0,0,0,0,0,0,0,0,0,0,3,0,0,0,0,3,0,0,0,3,3,0,0,1,1,0,0,0,0,0,0,0,0,0,0,0,0,0,0,0,0,0,0,0,0,0,1,0,0,1,0,1
Brighton Town Police Department,1997-10-01,New York,34751,NY02750,breakdown offenses,adjustment,adjustment,adjustment,adjustment,adjustment,breakdown offenses,breakdown offenses,breakdown offenses,0,0,0,0,0,0,0,0,4,1,0,0,3,20,0,0,0,0,20,12,6,5,1,79,3,3,0,0,118,0,0,4,94,98,0,0,0,0,0,1,0,0,0,1,18,0,0,0,0,18,1,0,0,1,17,0,0,0,0,37,0,0,1,18,19,0,0,0,0,0,0,0,0,0,0,0,0,0,0,0,0,1,0,0,1,5,0,0,0,0,6,0,0,0,6,6,0,0,0,0,0,1,0,0,0,1,0,0,0,0,0,0,0,0,0,0,1,1,1,0,0,3,0,0,1,2,3
Brighton Town Police Department,1997-09-01,New York,34751,NY02750,breakdown offenses,adjustment,adjustment,adjustment,adjustment,adjustment,breakdown offenses,breakdown offenses,breakdown offenses,0,0,0,0,0,0,0,0,4,4,0,0,0,14,0,0,0,0,14,12,5,6,1,87,3,3,0,0,120,0,0,4,102,106,0,0,0,0,0,2,2,0,0,0,12,0,0,0,0,12,0,0,0,0,16,0,0,0,0,30,0,0,2,16,18,0,0,0,0,0,0,0,0,0,0,0,0,0,0,0,0,0,0,0,0,5,0,0,0,0,5,0,0,0,5,5,0,0,0,0,0,0,0,0,0,0,0,0,0,0,0,0,0,0,0,0,0,0,0,0,0,0,0,0,0,0,0
Brighton Town Police Department,1997-08-01,New York,34751,NY02750,breakdown offenses,adjustment,adjustment,adjustment,adjustment,adjustment,breakdown offenses,breakdown offenses,breakdown offenses,0,0,0,0,0,1,1,0,4,1,1,0,2,18,0,0,3,0,15,16,4,11,1,80,2,2,0,0,121,0,3,8,98,106,0,0,1,1,0,2,1,0,0,1,16,0,0,3,0,13,3,1,2,0,25,0,0,0,0,47,0,3,6,28,34,0,0,0,0,0,1,0,0,0,1,1,0,0,1,0,0,2,1,1,0,9,0,0,0,0,13,0,1,2,11,13,0,0,0,0,0,0,0,0,0,0,1,0,0,0,0,1,1,1,0,0,0,0,0,0,0,2,0,0,0,1,1
Brighton Town Police Department,1997-07-01,New York,34751,NY02750,breakdown offenses,adjustment,adjustment,adjustment,adjustment,adjustment,breakdown offenses,breakdown offenses,breakdown offenses,0,0,0,0,0,0,0,0,5,3,0,0,2,15,0,0,0,0,15,17,9,4,4,96,17,17,0,0,150,0,0,5,130,135,0,0,0,0,0,1,1,0,0,0,15,0,0,0,0,15,5,3,2,0,18,6,6,0,0,45,0,0,1,29,30,0,0,0,0,0,0,0,0,0,0,0,0,0,0,0,0,3,2,1,0,9,2,2,0,0,14,0,0,0,14,14,0,0,0,0,0,0,0,0,0,0,1,0,0,0,0,1,0,0,0,0,3,0,0,0,0,4,0,0,0,3,3
Brighton Town Police Department,1997-06-01,New York,34751,NY02750,breakdown offenses,adjustment,adjustment,adjustment,adjustment,adjustment,breakdown offenses,breakdown offenses,breakdown offenses,0,0,0,0,0,1,1,0,2,0,0,0,2,11,0,0,0,0,11,12,4,6,2,77,14,13,0,1,117,0,0,3,103,106,0,0,1,1,0,0,0,0,0,0,6,0,0,0,0,6,2,1,1,0,10,2,1,0,1,21,0,0,1,14,15,0,0,0,0,0,0,0,0,0,0,0,0,0,0,0,0,1,0,1,0,2,0,0,0,0,3,0,0,0,3,3,0,0,0,0,0,0,0,0,0,0,0,0,0,0,0,0,0,0,0,0,2,0,0,0,0,2,0,0,0,2,2
Brighton Town Police Department,1997-05-01,New York,34751,NY02750,breakdown offenses,adjustment,adjustment,adjustment,adjustment,adjustment,breakdown offenses,breakdown offenses,breakdown offenses,0,0,0,0,0,0,0,0,0,0,0,0,0,14,0,0,0,0,14,14,6,3,5,88,12,12,0,0,128,0,0,0,114,114,0,0,0,0,0,1,0,0,0,1,16,0,0,0,0,16,1,1,0,0,16,1,1,0,0,35,0,0,1,18,19,0,0,0,0,0,1,0,0,0,1,0,0,0,0,0,0,0,0,0,0,8,0,0,0,0,9,0,0,1,8,9,0,0,0,0,0,0,0,0,0,0,1,0,0,0,0,1,0,0,0,0,0,0,0,0,0,1,0,0,0,0,0
Brighton Town Police Department,1997-04-01,New York,34751,NY02750,breakdown offenses,adjustment,adjustment,adjustment,adjustment,adjustment,breakdown offenses,breakdown offenses,breakdown offenses,0,0,0,0,0,0,0,0,1,0,0,0,1,28,0,0,2,0,26,19,11,6,2,80,5,5,0,0,133,0,2,3,104,107,0,0,0,0,0,0,0,0,0,0,27,0,0,1,0,26,9,4,5,0,130,1,1,0,0,167,0,1,1,140,141,0,0,0,0,0,0,0,0,0,0,0,0,0,0,0,0,1,0,1,0,8,0,0,0,0,9,0,0,0,9,9,0,0,0,0,0,0,0,0,0,0,1,0,0,0,0,1,0,0,0,0,2,0,0,0,0,3,0,0,0,2,2
Brighton Town Police Department,1997-03-01,New York,34751,NY02750,breakdown offenses,adjustment,adjustment,adjustment,adjustment,adjustment,breakdown offenses,breakdown offenses,breakdown offenses,0,0,0,0,0,2,2,0,0,0,0,0,0,23,0,0,0,0,23,15,9,6,0,69,5,5,0,0,114,0,0,2,89,91,0,0,1,1,0,1,0,0,1,0,19,0,0,0,0,19,3,0,3,0,22,1,1,0,0,47,0,0,2,26,28,0,0,0,0,0,0,0,0,0,0,0,0,0,0,0,0,1,0,1,0,5,0,0,0,0,6,0,0,0,6,6,0,0,0,0,0,0,0,0,0,0,0,0,0,0,0,0,0,0,0,0,1,1,1,0,0,2,0,0,0,2,2
Brighton Town Police Department,1997-02-01,New York,34751,NY02750,breakdown offenses,adjustment,adjustment,adjustment,adjustment,adjustment,breakdown offenses,breakdown offenses,breakdown offenses,0,0,0,0,0,0,0,0,0,0,0,0,0,14,0,0,0,0,14,14,11,2,1,79,15,15,0,0,122,0,0,0,108,108,0,0,0,0,0,0,0,0,0,0,9,0,0,0,0,9,0,0,0,0,16,0,0,0,0,25,0,0,0,16,16,0,0,0,0,0,0,0,0,0,0,0,0,0,0,0,0,0,0,0,0,3,0,0,0,0,3,0,0,0,3,3,0,0,0,0,0,0,0,0,0,0,0,0,0,0,0,0,0,0,0,0,0,0,0,0,0,0,0,0,0,0,0
Brighton Town Police Department,1997-01-01,New York,34751,NY02750,breakdown offenses,adjustment,adjustment,adjustment,adjustment,adjustment,breakdown offenses,breakdown offenses,breakdown offenses,0,0,0,0,0,0,0,0,4,0,0,1,3,9,0,0,0,0,9,12,6,4,2,73,7,7,0,0,105,0,0,4,92,96,0,0,0,0,0,1,0,0,0,1,9,0,0,0,0,9,3,0,2,1,19,2,2,0,0,34,0,0,1,24,25,0,0,0,0,0,1,0,0,0,1,0,0,0,0,0,0,0,0,0,0,4,0,0,0,0,5,0,0,1,4,5,0,0,0,0,0,0,0,0,0,0,0,0,0,0,0,0,0,0,0,0,1,0,0,0,0,1,0,0,0,1,1
Brighton Town Police Department,1996-12-01,New York,34843,NY02750,breakdown offenses,adjustment,adjustment,adjustment,adjustment,adjustment,breakdown offenses,breakdown offenses,breakdown offenses,0,0,0,0,0,0,0,0,3,2,0,0,1,10,0,0,0,0,10,13,4,8,1,65,10,10,0,0,101,0,0,3,88,91,0,0,1,1,0,1,1,0,0,0,8,0,0,0,0,8,1,0,1,0,17,1,1,0,0,29,0,0,2,19,21,0,0,0,0,0,0,0,0,0,0,0,0,0,0,0,0,1,0,1,0,2,0,0,0,0,3,0,0,0,3,3,0,0,0,0,0,0,0,0,0,0,0,0,0,0,0,0,0,0,0,0,2,0,0,0,0,2,0,0,0,2,2
Brighton Town Police Department,1996-11-01,New York,34843,NY02750,breakdown offenses,adjustment,adjustment,adjustment,adjustment,adjustment,breakdown offenses,breakdown offenses,breakdown offenses,0,0,0,0,0,0,0,0,3,1,1,0,1,25,0,0,0,0,25,12,5,5,2,81,4,4,0,0,125,0,0,3,97,100,0,0,0,0,0,2,0,1,0,1,22,0,0,0,0,22,1,0,0,1,21,0,0,0,0,46,0,0,2,22,24,0,0,0,0,0,0,0,0,0,0,0,0,0,0,0,0,0,0,0,0,6,0,0,0,0,6,0,0,0,6,6,0,0,0,0,0,0,0,0,0,0,0,0,0,0,0,0,0,0,0,0,0,0,0,0,0,0,0,0,0,0,0
Brighton Town Police Department,1996-10-01,New York,34843,NY02750,breakdown offenses,adjustment,adjustment,adjustment,adjustment,adjustment,breakdown offenses,breakdown offenses,breakdown offenses,0,0,2,0,0,0,0,0,0,0,0,0,0,16,0,0,1,1,14,9,4,2,3,87,6,6,0,0,118,0,2,2,102,104,0,0,0,0,0,1,0,0,0,1,13,0,0,1,1,11,0,0,0,0,18,1,1,0,0,33,0,2,3,19,22,0,0,0,0,0,1,0,0,0,1,1,0,0,0,1,0,0,0,0,0,4,0,0,0,0,6,0,1,2,4,6,0,0,0,0,0,0,0,0,0,0,0,0,0,0,0,0,0,0,0,0,0,0,0,0,0,0,0,0,0,0,0
Brighton Town Police Department,1996-09-01,New York,34843,NY02750,breakdown offenses,adjustment,adjustment,adjustment,adjustment,adjustment,breakdown offenses,breakdown offenses,breakdown offenses,0,0,0,0,0,0,0,0,1,0,0,0,1,17,0,1,1,0,15,16,6,7,3,88,11,11,0,0,133,0,2,3,115,118,0,0,0,0,0,2,1,0,0,1,15,0,1,0,0,14,6,4,2,0,19,2,2,0,0,44,0,1,3,27,30,0,0,0,0,0,0,0,0,0,0,0,0,0,0,0,0,0,0,0,0,6,0,0,0,0,6,0,0,0,6,6,0,0,0,0,0,0,0,0,0,0,0,0,0,0,0,0,0,0,0,0,2,0,0,0,0,2,0,0,0,2,2
Brighton Town Police Department,1996-08-01,New York,34843,NY02750,breakdown offenses,adjustment,adjustment,adjustment,adjustment,adjustment,breakdown offenses,breakdown offenses,breakdown offenses,0,0,0,0,0,1,1,0,2,1,0,1,0,15,0,0,1,0,14,13,2,7,4,81,2,1,1,0,114,0,1,4,96,100,0,0,0,0,0,0,0,0,0,0,15,0,0,0,0,15,1,0,1,0,15,0,0,0,0,31,0,0,0,16,16,0,0,0,0,0,0,0,0,0,0,0,0,0,0,0,0,1,0,1,0,7,0,0,0,0,8,0,0,0,8,8,0,0,0,0,0,0,0,0,0,0,0,0,0,0,0,0,0,0,0,0,0,0,0,0,0,0,0,0,0,0,0
Brighton Town Police Department,1996-07-01,New York,34843,NY02750,breakdown offenses,adjustment,adjustment,adjustment,adjustment,adjustment,breakdown offenses,breakdown offenses,breakdown offenses,0,0,0,0,0,0,0,0,1,1,0,0,0,17,0,0,0,0,17,27,12,13,2,98,4,4,0,0,147,0,0,1,129,130,0,0,0,0,0,0,0,0,0,0,15,0,0,0,0,15,3,0,3,0,16,0,0,0,0,34,0,0,0,19,19,0,0,0,0,0,0,0,0,0,0,0,0,0,0,0,0,3,0,3,0,6,0,0,0,0,9,0,0,0,9,9,0,0,0,0,0,0,0,0,0,0,0,0,0,0,0,0,1,0,1,0,1,0,0,0,0,2,0,0,0,2,2
Brighton Town Police Department,1996-06-01,New York,34843,NY02750,breakdown offenses,adjustment,adjustment,adjustment,adjustment,adjustment,breakdown offenses,breakdown offenses,breakdown offenses,0,0,0,0,0,0,0,0,2,0,0,0,2,12,0,0,0,1,11,17,6,8,3,72,7,7,0,0,110,0,1,3,96,99,0,0,0,0,0,0,0,0,0,0,12,0,0,0,1,11,3,1,2,0,12,1,1,0,0,28,0,1,1,16,17,0,0,0,0,0,0,0,0,0,0,1,0,0,0,1,0,0,0,0,0,4,0,0,0,0,5,0,1,1,4,5,0,0,0,0,0,0,0,0,0,0,1,0,0,0,0,1,0,0,0,0,0,0,0,0,0,1,0,0,0,0,0
Brighton Town Police Department,1996-05-01,New York,34843,NY02750,breakdown offenses,adjustment,adjustment,adjustment,adjustment,adjustment,breakdown offenses,breakdown offenses,breakdown offenses,0,0,0,0,0,1,1,0,0,0,0,0,0,27,0,0,0,0,27,9,3,5,1,91,4,4,0,0,132,0,0,1,104,105,0,0,0,0,0,0,0,0,0,0,22,0,0,0,0,22,0,0,0,0,16,2,2,0,0,40,0,0,0,18,18,0,0,0,0,0,0,0,0,0,0,0,0,0,0,0,0,0,0,0,0,5,0,0,0,0,5,0,0,0,5,5,0,0,0,0,0,0,0,0,0,0,0,0,0,0,0,0,0,0,0,0,2,0,0,0,0,2,0,0,0,2,2
Brighton Town Police Department,1996-04-01,New York,34843,NY02750,breakdown offenses,adjustment,adjustment,adjustment,adjustment,adjustment,breakdown offenses,breakdown offenses,breakdown offenses,0,0,0,0,0,1,1,0,5,1,0,0,4,16,0,0,0,0,16,11,6,2,3,51,6,6,0,0,90,0,0,6,68,74,0,0,0,0,0,2,0,0,0,2,14,0,0,0,0,14,2,1,1,0,13,0,0,0,0,31,0,0,2,15,17,0,0,0,0,0,0,0,0,0,0,0,0,0,0,0,0,1,1,0,0,4,0,0,0,0,5,0,0,0,5,5,0,0,0,0,0,0,0,0,0,0,0,0,0,0,0,0,0,0,0,0,0,2,2,0,0,2,0,0,0,2,2
Brighton Town Police Department,1996-03-01,New York,34843,NY02750,breakdown offenses,adjustment,adjustment,adjustment,adjustment,adjustment,breakdown offenses,breakdown offenses,breakdown offenses,0,0,0,0,0,0,0,0,3,0,0,0,3,15,0,0,0,1,14,7,0,4,3,75,9,9,0,0,109,0,1,4,91,95,0,0,0,0,0,0,0,0,0,0,11,0,0,0,0,11,0,0,0,0,15,1,1,0,0,27,0,0,0,16,16,0,0,0,0,0,0,0,0,0,0,0,0,0,0,0,0,0,0,0,0,4,0,0,0,0,4,0,0,0,4,4,0,0,0,0,0,0,0,0,0,0,0,0,0,0,0,0,0,0,0,0,1,1,1,0,0,2,0,0,0,2,2
Brighton Town Police Department,1996-02-01,New York,34843,NY02750,breakdown offenses,adjustment,adjustment,adjustment,adjustment,adjustment,breakdown offenses,breakdown offenses,breakdown offenses,0,0,0,0,0,0,0,0,3,2,0,0,1,10,0,0,0,1,9,14,7,4,3,71,2,2,0,0,100,0,1,4,87,91,0,0,0,0,0,2,1,0,0,1,9,0,0,0,1,8,4,1,0,3,25,1,1,0,0,41,0,1,3,30,33,0,0,0,0,0,1,0,0,0,1,1,0,0,0,1,0,0,0,0,0,7,0,0,0,0,9,0,1,2,7,9,0,0,0,0,0,1,0,0,0,1,0,0,0,0,0,0,0,0,0,0,3,0,0,0,0,4,0,0,1,3,4
Brighton Town Police Department,1996-01-01,New York,34843,NY02750,breakdown offenses,adjustment,adjustment,adjustment,adjustment,adjustment,breakdown offenses,breakdown offenses,breakdown offenses,0,0,0,0,0,0,0,0,1,1,0,0,0,10,1,1,0,0,8,10,7,2,1,66,3,3,0,0,90,0,2,3,79,82,0,0,0,0,0,1,1,0,0,0,8,0,1,0,0,7,2,1,0,1,22,2,2,0,0,35,0,1,2,26,28,0,0,0,0,0,0,0,0,0,0,0,0,0,0,0,0,0,0,0,0,7,0,0,0,0,7,0,0,0,7,7,0,0,0,0,0,0,0,0,0,0,1,0,0,0,0,1,0,0,0,0,1,0,0,0,0,2,0,0,0,1,1
Brighton Town Police Department,1995-12-01,New York,34750,NY02750,breakdown offenses,adjustment,adjustment,adjustment,adjustment,adjustment,breakdown offenses,breakdown offenses,breakdown offenses,0,0,0,0,0,2,1,1,0,0,0,0,0,12,1,0,1,0,10,14,6,4,4,84,3,3,0,0,115,0,2,4,101,105,0,0,1,0,1,1,1,0,0,0,9,1,0,0,0,8,0,0,0,0,21,1,1,0,0,33,0,1,3,22,25,0,0,0,0,0,0,0,0,0,0,0,0,0,0,0,0,0,0,0,0,4,0,0,0,0,4,0,0,0,4,4,0,0,0,0,0,0,0,0,0,0,0,0,0,0,0,0,0,0,0,0,0,0,0,0,0,0,0,0,0,0,0
Brighton Town Police Department,1995-11-01,New York,34750,NY02750,breakdown offenses,adjustment,adjustment,adjustment,adjustment,adjustment,breakdown offenses,breakdown offenses,breakdown offenses,0,0,0,0,0,0,0,0,0,0,0,0,0,14,0,0,0,0,14,21,12,4,5,51,6,6,0,0,92,0,0,0,78,78,0,0,0,0,0,0,0,0,0,0,7,0,0,0,0,7,2,1,1,0,14,1,1,0,0,24,0,0,0,17,17,0,0,0,0,0,0,0,0,0,0,0,0,0,0,0,0,1,1,0,0,7,0,0,0,0,8,0,0,0,8,8,0,0,0,0,0,0,0,0,0,0,0,0,0,0,0,0,1,0,1,0,3,0,0,0,0,4,0,0,0,4,4
Brighton Town Police Department,1995-10-01,New York,34750,NY02750,breakdown offenses,adjustment,adjustment,adjustment,adjustment,adjustment,breakdown offenses,breakdown offenses,breakdown offenses,0,0,0,0,0,0,0,0,1,0,0,0,1,16,0,0,0,0,16,18,8,7,3,91,6,6,0,0,132,0,0,1,115,116,0,0,0,0,0,1,0,0,0,1,12,0,0,0,0,12,4,3,1,0,15,0,0,0,0,32,0,0,1,19,20,0,0,0,0,0,0,0,0,0,0,0,0,0,0,0,0,2,1,1,0,4,0,0,0,0,6,0,0,0,6,6,0,0,0,0,0,0,0,0,0,0,0,0,0,0,0,0,0,0,0,0,0,1,1,0,0,1,0,0,0,1,1
Brighton Town Police Department,1995-09-01,New York,34750,NY02750,breakdown offenses,normal return,normal return,normal return,normal return,normal return,breakdown offenses,breakdown offenses,breakdown offenses,0,0,0,0,0,0,0,0,2,1,0,0,1,6,0,0,0,0,6,15,6,3,6,95,4,4,0,0,122,0,0,2,114,116,0,0,0,0,0,0,0,0,0,0,11,0,0,0,0,11,2,1,1,0,26,2,2,0,0,41,0,0,0,30,30,0,0,0,0,0,0,0,0,0,0,0,0,0,0,0,0,2,1,1,0,6,1,1,0,0,9,0,0,0,9,9,0,0,0,0,0,0,0,0,0,0,2,0,0,0,0,2,0,0,0,0,0,1,1,0,0,3,0,0,0,1,1
Brighton Town Police Department,1995-08-01,New York,34750,NY02750,breakdown offenses,normal return,normal return,normal return,normal return,normal return,breakdown offenses,breakdown offenses,breakdown offenses,0,0,0,0,0,0,0,0,3,2,1,0,0,11,0,1,0,0,10,24,10,10,4,105,7,7,0,0,150,0,1,4,136,140,0,0,0,0,0,1,0,1,0,0,6,0,1,0,0,5,7,2,4,1,23,1,1,0,0,38,0,1,2,31,33,0,0,0,0,0,0,0,0,0,0,0,0,0,0,0,0,3,1,2,0,9,0,0,0,0,12,0,0,0,12,12,0,0,0,0,0,0,0,0,0,0,0,0,0,0,0,0,1,0,1,0,1,0,0,0,0,2,0,0,0,2,2
Brighton Town Police Department,1995-07-01,New York,34750,NY02750,breakdown offenses,normal return,normal return,normal return,normal return,normal return,breakdown offenses,breakdown offenses,breakdown offenses,0,0,0,0,0,1,1,0,3,1,0,0,2,8,0,1,1,0,6,21,15,4,2,108,6,6,0,0,147,0,2,6,135,141,0,0,0,0,0,0,0,0,0,0,4,0,0,0,0,4,3,3,0,0,18,1,1,0,0,26,0,0,0,22,22,0,0,0,0,0,0,0,0,0,0,0,0,0,0,0,0,1,1,0,0,3,0,0,0,0,4,0,0,0,4,4,0,0,0,0,0,0,0,0,0,0,0,0,0,0,0,0,0,0,0,0,0,1,1,0,0,1,0,0,0,1,1
Brighton Town Police Department,1995-06-01,New York,34750,NY02750,breakdown offenses,adjustment,adjustment,adjustment,adjustment,adjustment,breakdown offenses,breakdown offenses,breakdown offenses,0,0,0,0,0,0,0,0,3,1,1,1,0,8,0,1,0,0,7,16,11,3,2,69,4,4,0,0,100,0,1,4,89,93,0,0,0,0,0,0,0,0,0,0,7,0,1,0,0,6,4,1,3,0,15,1,1,0,0,27,0,1,1,20,21,0,0,0,0,0,0,0,0,0,0,0,0,0,0,0,0,1,0,1,0,9,1,1,0,0,11,0,0,0,11,11,0,0,0,0,0,0,0,0,0,0,0,0,0,0,0,0,1,0,1,0,2,1,1,0,0,4,0,0,0,4,4
Brighton Town Police Department,1995-05-01,New York,34750,NY02750,breakdown offenses,adjustment,adjustment,adjustment,adjustment,adjustment,breakdown offenses,breakdown offenses,breakdown offenses,0,0,0,0,0,1,1,0,3,0,2,0,1,17,0,0,1,1,15,14,3,8,3,107,7,7,0,0,149,0,2,6,128,134,0,0,1,1,0,1,0,0,0,1,18,0,0,1,1,16,0,0,0,0,30,0,0,0,0,50,0,2,4,30,34,0,0,0,0,0,0,0,0,0,0,1,0,0,1,0,0,0,0,0,0,13,0,0,0,0,14,0,1,1,13,14,0,0,0,0,0,0,0,0,0,0,0,0,0,0,0,0,0,0,0,0,5,1,1,0,0,6,0,0,0,6,6
Brighton Town Police Department,1995-04-01,New York,34750,NY02750,breakdown offenses,normal return,normal return,normal return,normal return,normal return,breakdown offenses,breakdown offenses,breakdown offenses,0,0,0,0,0,0,0,0,0,0,0,0,0,14,0,0,0,0,14,12,6,4,2,71,6,6,0,0,103,0,0,0,89,89,0,0,0,0,0,0,0,0,0,0,11,0,0,0,0,11,4,1,3,0,15,1,1,0,0,31,0,0,0,20,20,0,0,0,0,0,0,0,0,0,0,0,0,0,0,0,0,2,1,1,0,3,0,0,0,0,5,0,0,0,5,5,0,0,0,0,0,0,0,0,0,0,0,0,0,0,0,0,0,0,0,0,1,0,0,0,0,1,0,0,0,1,1
Brighton Town Police Department,1995-03-01,New York,34750,NY02750,breakdown offenses,normal return,normal return,normal return,normal return,normal return,breakdown offenses,breakdown offenses,breakdown offenses,0,0,0,0,0,0,0,0,2,1,0,0,1,15,0,0,0,1,14,8,3,3,2,61,6,6,0,0,92,0,1,3,75,78,0,0,0,0,0,0,0,0,0,0,14,0,0,0,1,13,3,2,1,0,12,1,1,0,0,30,0,1,1,16,17,0,0,0,0,0,0,0,0,0,0,1,0,0,0,1,0,1,0,1,0,3,0,0,0,0,5,0,1,1,4,5,0,0,0,0,0,0,0,0,0,0,0,0,0,0,0,0,0,0,0,0,0,0,0,0,0,0,0,0,0,0,0
Brighton Town Police Department,1995-02-01,New York,34750,NY02750,breakdown offenses,normal return,normal return,normal return,normal return,normal return,breakdown offenses,breakdown offenses,breakdown offenses,0,0,0,0,0,1,1,0,0,0,0,0,0,12,0,0,0,1,11,12,6,2,4,46,9,9,0,0,80,0,1,2,67,69,0,0,1,1,0,0,0,0,0,0,11,0,0,0,0,11,0,0,0,0,10,0,0,0,0,22,0,0,1,10,11,0,0,1,1,0,0,0,0,0,0,0,0,0,0,0,0,0,0,0,0,3,0,0,0,0,4,0,0,1,3,4,0,0,0,0,0,0,0,0,0,0,0,0,0,0,0,0,0,0,0,0,0,1,1,0,0,1,0,0,0,1,1
Brighton Town Police Department,1995-01-01,New York,34750,NY02750,breakdown offenses,normal return,normal return,normal return,normal return,normal return,breakdown offenses,breakdown offenses,breakdown offenses,0,0,0,0,0,0,0,0,1,0,0,1,0,9,0,1,1,1,6,11,0,3,8,58,4,4,0,0,83,0,3,4,73,77,0,0,0,0,0,3,0,0,1,2,12,0,1,2,1,8,0,0,0,0,11,2,2,0,0,28,0,4,7,13,20,0,0,0,0,0,0,0,0,0,0,1,0,0,1,0,0,0,0,0,0,2,0,0,0,0,3,0,1,1,2,3,0,0,0,0,0,0,0,0,0,0,0,0,0,0,0,0,0,0,0,0,0,0,0,0,0,0,0,0,0,0,0
Brighton Town Police Department,1994-12-01,New York,34814,NY02750,breakdown offenses,adjustment,adjustment,adjustment,adjustment,adjustment,breakdown offenses,breakdown offenses,breakdown offenses,0,0,0,0,0,0,0,0,1,0,0,0,1,14,0,0,0,0,14,14,1,5,8,74,10,10,0,0,113,0,0,1,98,99,0,0,0,0,0,1,0,0,0,1,12,0,0,0,0,12,1,0,1,0,16,0,0,0,0,30,0,0,1,17,18,0,0,0,0,0,1,0,0,0,1,0,0,0,0,0,0,0,0,0,0,3,0,0,0,0,4,0,0,1,3,4,0,0,0,0,0,0,0,0,0,0,1,0,0,0,0,1,0,0,0,0,1,0,0,0,0,2,0,0,0,1,1
Brighton Town Police Department,1994-11-01,New York,34814,NY02750,breakdown offenses,adjustment,adjustment,adjustment,adjustment,adjustment,breakdown offenses,breakdown offenses,breakdown offenses,0,0,0,0,0,0,0,0,0,0,0,0,0,14,1,0,0,0,13,14,7,5,2,92,8,7,0,1,128,0,1,1,114,115,0,0,0,0,0,0,0,0,0,0,12,0,0,0,0,12,1,0,1,0,21,1,1,0,0,35,0,0,0,23,23,0,0,0,0,0,0,0,0,0,0,0,0,0,0,0,0,0,0,0,0,5,0,0,0,0,5,0,0,0,5,5,0,0,0,0,0,0,0,0,0,0,0,0,0,0,0,0,0,0,0,0,0,0,0,0,0,0,0,0,0,0,0
Brighton Town Police Department,1994-10-01,New York,34814,NY02750,breakdown offenses,adjustment,adjustment,adjustment,adjustment,adjustment,breakdown offenses,breakdown offenses,breakdown offenses,0,0,0,0,0,0,0,0,0,0,0,0,0,15,0,0,1,0,14,11,7,3,1,106,7,7,0,0,139,0,1,1,124,125,0,0,0,0,0,0,0,0,0,0,14,0,0,1,0,13,0,0,0,0,19,1,1,0,0,34,0,1,1,20,21,0,0,0,0,0,0,0,0,0,0,0,0,0,0,0,0,0,0,0,0,5,0,0,0,0,5,0,0,0,5,5,0,0,0,0,0,0,0,0,0,0,0,0,0,0,0,0,0,0,0,0,1,2,2,0,0,3,0,0,0,3,3
Brighton Town Police Department,1994-09-01,New York,34814,NY02750,breakdown offenses,adjustment,adjustment,adjustment,adjustment,adjustment,breakdown offenses,breakdown offenses,breakdown offenses,0,0,0,0,0,0,0,0,0,0,0,0,0,8,0,0,0,0,8,9,2,5,2,66,2,1,0,1,85,0,0,0,77,77,0,0,0,0,0,1,1,0,0,0,9,0,0,0,0,9,5,2,3,0,19,1,1,0,0,35,0,0,1,25,26,0,0,0,0,0,1,1,0,0,0,0,0,0,0,0,0,1,1,0,0,4,0,0,0,0,6,0,0,1,5,6,0,0,0,0,0,0,0,0,0,0,0,0,0,0,0,0,0,0,0,0,1,2,2,0,0,3,0,0,0,3,3
Brighton Town Police Department,1994-08-01,New York,34814,NY02750,breakdown offenses,normal return,normal return,normal return,normal return,normal return,breakdown offenses,breakdown offenses,breakdown offenses,0,0,0,0,0,1,1,0,3,0,0,0,3,13,0,0,0,0,13,15,9,5,1,94,10,10,0,0,136,0,0,4,119,123,0,0,1,1,0,0,0,0,0,0,14,0,0,0,0,14,1,0,1,0,16,3,3,0,0,35,0,0,1,20,21,0,0,0,0,0,0,0,0,0,0,0,0,0,0,0,0,0,0,0,0,5,1,1,0,0,6,0,0,0,6,6,0,0,0,0,0,0,0,0,0,0,0,0,0,0,0,0,0,0,0,0,0,1,1,0,0,1,0,0,0,1,1
Brighton Town Police Department,1994-07-01,New York,34814,NY02750,breakdown offenses,normal return,normal return,normal return,normal return,normal return,breakdown offenses,breakdown offenses,breakdown offenses,0,0,0,0,0,0,0,0,6,3,0,0,3,14,0,0,0,0,14,11,4,4,3,117,6,6,0,0,154,0,0,6,134,140,0,0,0,0,0,0,0,0,0,0,11,0,0,0,0,11,1,0,1,0,19,1,1,0,0,32,0,0,0,21,21,0,0,0,0,0,0,0,0,0,0,0,0,0,0,0,0,0,0,0,0,4,0,0,0,0,4,0,0,0,4,4,0,0,0,0,0,0,0,0,0,0,0,0,0,0,0,0,0,0,0,0,0,2,2,0,0,2,0,0,0,2,2
Brighton Town Police Department,1994-06-01,New York,34814,NY02750,breakdown offenses,adjustment,adjustment,adjustment,adjustment,adjustment,breakdown offenses,breakdown offenses,breakdown offenses,0,0,0,0,0,0,0,0,2,1,0,0,1,12,0,0,0,0,12,14,5,7,2,110,4,3,0,1,142,0,0,2,128,130,0,0,0,0,0,1,1,0,0,0,10,0,0,0,0,10,1,0,1,0,23,0,0,0,0,35,0,0,1,24,25,0,0,0,0,0,0,0,0,0,0,0,0,0,0,0,0,0,0,0,0,4,0,0,0,0,4,0,0,0,4,4,0,0,0,0,0,0,0,0,0,0,0,0,0,0,0,0,0,0,0,0,0,0,0,0,0,0,0,0,0,0,0
Brighton Town Police Department,1994-05-01,New York,34814,NY02750,breakdown offenses,adjustment,adjustment,adjustment,adjustment,adjustment,breakdown offenses,breakdown offenses,breakdown offenses,0,0,0,0,0,0,0,0,0,0,0,0,0,12,0,0,0,0,12,10,1,7,2,73,4,4,0,0,99,0,0,0,87,87,0,0,0,0,0,0,0,0,0,0,11,0,0,0,0,11,3,0,3,0,22,0,0,0,0,36,0,0,0,25,25,0,0,0,0,0,0,0,0,0,0,0,0,0,0,0,0,1,0,1,0,6,0,0,0,0,7,0,0,0,7,7,0,0,0,0,0,0,0,0,0,0,0,0,0,0,0,0,0,0,0,0,0,1,1,0,0,1,0,0,0,1,1
Brighton Town Police Department,1994-04-01,New York,34814,NY02750,breakdown offenses,adjustment,adjustment,adjustment,adjustment,adjustment,breakdown offenses,breakdown offenses,breakdown offenses,0,0,0,0,0,0,0,0,4,2,0,0,2,0,0,0,0,0,0,8,4,4,0,71,3,3,0,0,86,0,0,4,82,86,0,0,0,0,0,1,1,0,0,0,0,0,0,0,0,0,2,0,2,0,18,0,0,0,0,21,0,0,1,20,21,0,0,0,0,0,0,0,0,0,0,0,0,0,0,0,0,0,0,0,0,2,0,0,0,0,2,0,0,0,2,2,0,0,0,0,0,0,0,0,0,0,0,0,0,0,0,0,0,0,0,0,0,0,0,0,0,0,0,0,0,0,0
Brighton Town Police Department,1994-03-01,New York,34814,NY02750,breakdown offenses,adjustment,adjustment,adjustment,adjustment,adjustment,breakdown offenses,breakdown offenses,breakdown offenses,0,0,0,0,0,0,0,0,1,0,1,0,0,10,0,0,0,0,10,8,3,2,3,66,7,7,0,0,92,0,0,1,81,82,0,0,0,0,0,0,0,0,0,0,8,0,0,0,0,8,1,0,0,1,21,1,1,0,0,31,0,0,0,23,23,0,0,0,0,0,0,0,0,0,0,0,0,0,0,0,0,1,0,0,1,6,1,1,0,0,8,0,0,0,8,8,0,0,0,0,0,0,0,0,0,0,0,0,0,0,0,0,1,0,0,1,1,0,0,0,0,2,0,0,0,2,2
Brighton Town Police Department,1994-02-01,New York,34814,NY02750,breakdown offenses,adjustment,adjustment,adjustment,adjustment,adjustment,breakdown offenses,breakdown offenses,breakdown offenses,0,0,0,0,0,0,0,0,1,1,0,0,0,5,0,0,0,0,5,2,2,0,0,35,4,4,0,0,47,0,0,1,41,42,0,0,0,0,0,0,0,0,0,0,5,0,0,0,0,5,0,0,0,0,15,1,1,0,0,21,0,0,0,16,16,0,0,0,0,0,0,0,0,0,0,0,0,0,0,0,0,0,0,0,0,1,1,1,0,0,2,0,0,0,2,2,0,0,0,0,0,0,0,0,0,0,0,0,0,0,0,0,0,0,0,0,0,0,0,0,0,0,0,0,0,0,0
Brighton Town Police Department,1994-01-01,New York,34814,NY02750,breakdown offenses,adjustment,adjustment,adjustment,adjustment,adjustment,breakdown offenses,breakdown offenses,breakdown offenses,0,0,0,0,0,0,0,0,2,2,0,0,0,8,0,0,0,0,8,2,1,1,0,40,1,1,0,0,53,0,0,2,43,45,0,0,0,0,0,1,1,0,0,0,8,0,0,0,0,8,0,0,0,0,16,0,0,0,0,25,0,0,1,16,17,0,0,0,0,0,0,0,0,0,0,0,0,0,0,0,0,0,0,0,0,2,0,0,0,0,2,0,0,0,2,2,0,0,0,0,0,0,0,0,0,0,0,0,0,0,0,0,0,0,0,0,0,0,0,0,0,0,0,0,0,0,0
Brighton Town Police Department,1993-12-01,New York,34868,NY02750,breakdown offenses,adjustment,adjustment,adjustment,adjustment,adjustment,breakdown offenses,breakdown offenses,breakdown offenses,0,0,0,0,0,0,0,0,3,2,0,0,1,8,0,0,0,0,8,28,22,5,1,48,3,3,0,0,90,0,0,3,79,82,0,0,0,0,0,0,0,0,0,0,6,0,0,0,0,6,7,5,1,1,13,1,1,0,0,27,0,0,0,21,21,0,0,0,0,0,0,0,0,0,0,0,0,0,0,0,0,0,0,0,0,3,0,0,0,0,3,0,0,0,3,3,0,0,0,0,0,0,0,0,0,0,0,0,0,0,0,0,0,0,0,0,0,0,0,0,0,0,0,0,0,0,0
Brighton Town Police Department,1993-11-01,New York,34868,NY02750,breakdown offenses,adjustment,adjustment,adjustment,adjustment,adjustment,breakdown offenses,breakdown offenses,breakdown offenses,0,0,0,0,0,0,0,0,1,0,1,0,0,14,0,0,0,0,14,18,15,2,1,65,7,7,0,0,105,0,0,1,90,91,0,0,0,0,0,0,0,0,0,0,11,0,0,0,0,11,1,1,0,0,11,0,0,0,0,23,0,0,0,12,12,0,0,0,0,0,0,0,0,0,0,0,0,0,0,0,0,1,1,0,0,3,0,0,0,0,4,0,0,0,4,4,0,0,0,0,0,0,0,0,0,0,0,0,0,0,0,0,0,0,0,0,0,1,1,0,0,1,0,0,0,1,1
Brighton Town Police Department,1993-10-01,New York,34868,NY02750,breakdown offenses,adjustment,adjustment,adjustment,adjustment,adjustment,breakdown offenses,breakdown offenses,breakdown offenses,0,0,0,1,0,0,0,0,2,1,0,1,0,17,0,0,0,0,17,21,11,6,4,75,2,2,0,0,118,0,0,3,98,101,1,0,0,0,0,1,1,0,0,0,15,0,0,0,0,15,4,2,2,0,24,0,0,0,0,45,0,0,2,28,30,1,0,0,0,0,0,0,0,0,0,0,0,0,0,0,0,1,0,1,0,9,0,0,0,0,11,0,0,1,10,11,0,0,0,0,0,0,0,0,0,0,0,0,0,0,0,0,0,0,0,0,0,0,0,0,0,0,0,0,0,0,0
Brighton Town Police Department,1993-09-01,New York,34868,NY02750,breakdown offenses,adjustment,adjustment,adjustment,adjustment,adjustment,breakdown offenses,breakdown offenses,breakdown offenses,0,0,0,0,0,0,0,0,2,1,0,0,1,10,0,0,0,0,10,12,6,6,0,80,5,5,0,0,109,0,0,2,97,99,0,0,0,0,0,1,0,0,0,1,5,0,0,0,0,5,3,2,1,0,22,3,3,0,0,34,0,0,1,28,29,0,0,0,0,0,0,0,0,0,0,0,0,0,0,0,0,0,0,0,0,3,0,0,0,0,3,0,0,0,3,3,0,0,0,0,0,0,0,0,0,0,0,0,0,0,0,0,0,0,0,0,1,0,0,0,0,1,0,0,0,1,1
Brighton Town Police Department,1993-08-01,New York,34868,NY02750,breakdown offenses,normal return,normal return,normal return,normal return,normal return,breakdown offenses,breakdown offenses,breakdown offenses,0,0,0,0,0,0,0,0,1,1,0,0,0,12,0,0,2,0,10,19,11,4,4,82,4,4,0,0,118,0,2,3,105,108,0,0,0,0,0,0,0,0,0,0,10,0,0,2,0,8,2,2,0,0,16,1,1,0,0,29,0,2,2,19,21,0,0,0,0,0,0,0,0,0,0,0,0,0,0,0,0,1,1,0,0,8,0,0,0,0,9,0,0,0,9,9,0,0,0,0,0,0,0,0,0,0,0,0,0,0,0,0,0,0,0,0,3,0,0,0,0,3,0,0,0,3,3
Brighton Town Police Department,1993-07-01,New York,34868,NY02750,breakdown offenses,normal return,normal return,normal return,normal return,normal return,breakdown offenses,breakdown offenses,breakdown offenses,0,0,0,0,0,0,0,0,2,0,0,0,2,14,0,0,0,0,14,11,3,6,2,89,5,5,0,0,121,0,0,2,105,107,0,0,0,0,0,2,0,0,0,2,15,0,0,0,0,15,2,0,2,0,17,0,0,0,0,36,0,0,2,19,21,0,0,0,0,0,2,0,0,0,2,0,0,0,0,0,0,1,0,1,0,8,0,0,0,0,11,0,0,2,9,11,0,0,0,0,0,0,0,0,0,0,1,0,0,0,0,1,0,0,0,0,2,0,0,0,0,3,0,0,0,2,2
Brighton Town Police Department,1993-06-01,New York,34868,NY02750,breakdown offenses,normal return,normal return,normal return,normal return,normal return,breakdown offenses,breakdown offenses,breakdown offenses,0,0,0,0,0,0,0,0,0,0,0,0,0,14,0,0,1,0,13,11,4,5,2,74,5,5,0,0,104,0,1,1,90,91,0,0,0,0,0,0,0,0,0,0,13,0,0,1,0,12,4,2,2,0,23,1,1,0,0,41,0,1,1,28,29,0,0,0,0,0,0,0,0,0,0,1,0,0,1,0,0,1,0,1,0,9,0,0,0,0,11,0,1,1,10,11,0,0,0,0,0,0,0,0,0,0,0,0,0,0,0,0,0,0,0,0,24,0,0,0,0,24,0,0,0,24,24
Brighton Town Police Department,1993-05-01,New York,34868,NY02750,breakdown offenses,normal return,normal return,normal return,normal return,normal return,breakdown offenses,breakdown offenses,breakdown offenses,0,0,0,0,0,0,0,0,0,0,0,0,0,12,0,0,0,0,12,18,6,10,2,59,9,9,0,0,98,0,0,0,86,86,0,0,0,0,0,0,0,0,0,0,12,0,0,0,0,12,1,0,1,0,11,0,0,0,0,24,0,0,0,12,12,0,0,0,0,0,0,0,0,0,0,0,0,0,0,0,0,1,0,1,0,1,0,0,0,0,2,0,0,0,2,2,0,0,0,0,0,0,0,0,0,0,0,0,0,0,0,0,0,0,0,0,0,0,0,0,0,0,0,0,0,0,0
Brighton Town Police Department,1993-04-01,New York,34868,NY02750,breakdown offenses,normal return,normal return,normal return,normal return,normal return,breakdown offenses,breakdown offenses,breakdown offenses,0,0,0,0,0,1,1,0,0,0,0,0,0,13,0,0,0,0,13,21,1,14,6,80,4,4,0,0,119,0,0,1,105,106,0,0,1,1,0,1,0,0,0,1,12,0,0,0,0,12,0,0,0,0,14,0,0,0,0,28,0,0,2,14,16,0,0,0,0,0,1,0,0,0,1,0,0,0,0,0,0,0,0,0,0,3,0,0,0,0,4,0,0,1,3,4,0,0,0,0,0,0,0,0,0,0,0,0,0,0,0,0,0,0,0,0,1,0,0,0,0,1,0,0,0,1,1
Brighton Town Police Department,1993-03-01,New York,34868,NY02750,breakdown offenses,normal return,normal return,normal return,normal return,normal return,breakdown offenses,breakdown offenses,breakdown offenses,0,0,0,0,0,0,0,0,2,0,0,0,2,7,0,1,0,1,5,4,0,1,3,58,2,2,0,0,73,0,2,4,64,68,0,0,0,0,0,0,0,0,0,0,6,0,1,0,1,4,0,0,0,0,28,0,0,0,0,34,0,2,2,28,30,0,0,0,0,0,0,0,0,0,0,1,0,0,0,1,0,0,0,0,0,16,0,0,0,0,17,0,1,1,16,17,0,0,0,0,0,0,0,0,0,0,0,0,0,0,0,0,0,0,0,0,3,0,0,0,0,3,0,0,0,3,3
Brighton Town Police Department,1993-02-01,New York,34868,NY02750,breakdown offenses,normal return,normal return,normal return,normal return,normal return,breakdown offenses,breakdown offenses,breakdown offenses,0,0,0,0,0,0,0,0,2,0,0,0,2,8,0,0,0,0,8,6,3,2,1,45,3,3,0,0,64,0,0,2,54,56,0,0,0,0,0,0,0,0,0,0,8,0,0,1,0,7,2,2,0,0,6,1,1,0,0,17,0,1,1,9,10,0,0,0,0,0,0,0,0,0,0,1,0,0,1,0,0,0,0,0,0,2,0,0,0,0,3,0,1,1,2,3,0,0,0,0,0,0,0,0,0,0,0,0,0,0,0,0,0,0,0,0,0,0,0,0,0,0,0,0,0,0,0
Brighton Town Police Department,1993-01-01,New York,34868,NY02750,breakdown offenses,normal return,normal return,normal return,normal return,normal return,breakdown offenses,breakdown offenses,breakdown offenses,0,0,0,0,0,0,0,0,1,1,0,0,0,5,0,1,1,1,2,13,8,1,4,72,4,4,0,0,95,0,3,4,89,93,0,0,0,0,0,1,1,0,0,0,3,0,0,1,1,1,7,5,1,1,15,1,1,0,0,27,0,2,3,23,26,0,0,0,0,0,0,0,0,0,0,0,0,0,0,0,0,1,1,0,0,8,1,1,0,0,10,0,0,0,10,10,0,0,0,0,0,0,0,0,0,0,0,0,0,0,0,0,0,0,0,0,0,0,0,0,0,0,0,0,0,0,0
Brighton Town Police Department,1992-12-01,New York,34700,NY02750,breakdown offenses,adjustment,adjustment,adjustment,adjustment,adjustment,breakdown offenses,breakdown offenses,breakdown offenses,0,0,0,0,0,0,0,0,3,1,0,0,2,14,0,0,1,0,13,29,20,6,3,95,4,4,0,0,145,0,1,4,128,132,0,0,0,0,0,0,0,0,0,0,9,0,0,0,0,9,2,2,0,0,32,0,0,0,0,43,0,0,0,34,34,0,0,0,0,0,0,0,0,0,0,0,0,0,0,0,0,1,1,0,0,7,0,0,0,0,8,0,0,0,8,8,0,0,0,0,0,0,0,0,0,0,0,0,0,0,0,0,1,1,0,0,1,0,0,0,0,2,0,0,0,2,2
Brighton Town Police Department,1992-11-01,New York,34700,NY02750,breakdown offenses,adjustment,adjustment,adjustment,adjustment,adjustment,breakdown offenses,breakdown offenses,breakdown offenses,0,0,0,0,0,0,0,0,0,0,0,0,0,14,0,0,1,0,13,13,8,3,2,63,18,18,0,0,108,0,1,1,94,95,0,0,0,0,0,0,0,0,0,0,15,0,0,1,0,14,2,1,1,0,9,2,2,0,0,28,0,1,1,13,14,0,0,0,0,0,0,0,0,0,0,0,0,0,0,0,0,2,1,1,0,2,0,0,0,0,4,0,0,0,4,4,0,0,0,0,0,0,0,0,0,0,0,0,0,0,0,0,0,0,0,0,1,0,0,0,0,1,0,0,0,1,1
Brighton Town Police Department,1992-10-01,New York,34700,NY02750,breakdown offenses,adjustment,adjustment,adjustment,adjustment,adjustment,breakdown offenses,breakdown offenses,breakdown offenses,0,0,0,0,0,1,1,0,0,0,0,0,0,8,0,0,0,0,8,8,5,1,2,66,7,7,0,0,90,0,0,1,81,82,0,0,1,1,0,0,0,0,0,0,8,0,0,0,0,8,1,1,0,0,12,2,2,0,0,24,0,0,1,15,16,0,0,0,0,0,0,0,0,0,0,0,0,0,0,0,0,1,1,0,0,2,0,0,0,0,3,0,0,0,3,3,0,0,0,0,0,0,0,0,0,0,0,0,0,0,0,0,0,0,0,0,0,0,0,0,0,0,0,0,0,0,0
Brighton Town Police Department,1992-09-01,New York,34700,NY02750,breakdown offenses,adjustment,adjustment,adjustment,adjustment,adjustment,breakdown offenses,breakdown offenses,breakdown offenses,0,0,0,0,0,1,0,1,1,0,1,0,0,8,0,0,0,0,8,21,7,10,4,87,5,5,0,0,123,0,0,2,113,115,0,0,0,0,0,1,0,1,0,0,5,0,0,0,0,5,7,2,5,0,22,1,1,0,0,36,0,0,1,30,31,0,0,0,0,0,0,0,0,0,0,0,0,0,0,0,0,5,1,4,0,5,1,1,0,0,11,0,0,0,11,11,0,0,0,0,0,0,0,0,0,0,0,0,0,0,0,0,0,0,0,0,0,0,0,0,0,0,0,0,0,0,0
Brighton Town Police Department,1992-08-01,New York,34700,NY02750,breakdown offenses,normal return,normal return,normal return,normal return,normal return,breakdown offenses,breakdown offenses,breakdown offenses,0,0,1,0,0,0,0,0,2,0,0,0,2,7,0,0,0,0,7,21,10,9,2,98,7,7,0,0,135,0,0,2,126,128,0,0,0,0,0,1,0,0,0,1,6,0,0,0,0,6,2,0,2,0,17,1,1,0,0,27,0,0,1,20,21,0,0,0,0,0,0,0,0,0,0,0,0,0,0,0,0,2,0,2,0,3,0,0,0,0,5,0,0,0,5,5,0,0,0,0,0,0,0,0,0,0,0,0,0,0,0,0,0,0,0,0,0,0,0,0,0,0,0,0,0,0,0
Brighton Town Police Department,1992-07-01,New York,34700,NY02750,breakdown offenses,normal return,normal return,normal return,normal return,normal return,breakdown offenses,breakdown offenses,breakdown offenses,0,0,0,0,0,1,1,0,1,0,1,0,0,7,0,0,0,0,7,13,7,5,1,110,4,4,0,0,136,0,0,2,127,129,0,0,1,1,0,1,0,1,0,0,6,0,0,0,0,6,3,2,0,1,31,1,1,0,0,43,0,0,2,35,37,0,0,0,0,0,0,0,0,0,0,0,0,0,0,0,0,2,2,0,0,8,0,0,0,0,10,0,0,0,10,10,0,0,0,0,0,0,0,0,0,0,0,0,0,0,0,0,0,0,0,0,2,0,0,0,0,2,0,0,0,2,2
Brighton Town Police Department,1992-06-01,New York,34700,NY02750,breakdown offenses,adjustment,adjustment,adjustment,adjustment,adjustment,breakdown offenses,breakdown offenses,breakdown offenses,0,0,0,0,0,0,0,0,1,1,0,0,0,7,0,0,0,0,7,8,2,6,0,80,6,6,0,0,102,0,0,1,94,95,0,0,0,0,0,0,0,0,0,0,5,0,0,0,0,5,1,0,1,0,16,0,0,0,0,22,0,0,0,17,17,0,0,0,0,0,0,0,0,0,0,0,0,0,0,0,0,0,0,0,0,5,0,0,0,0,5,0,0,0,5,5,0,0,0,0,0,0,0,0,0,0,0,0,0,0,0,0,0,0,0,0,2,1,1,0,0,3,0,0,0,3,3
Brighton Town Police Department,1992-05-01,New York,34700,NY02750,breakdown offenses,adjustment,adjustment,adjustment,adjustment,adjustment,breakdown offenses,breakdown offenses,breakdown offenses,0,0,0,0,0,0,0,0,0,0,0,0,0,10,0,0,0,0,10,14,8,5,1,70,3,3,0,0,97,0,0,0,87,87,0,0,0,0,0,0,0,0,0,0,10,0,0,0,0,10,2,1,1,0,21,0,0,0,0,33,0,0,0,23,23,0,0,0,0,0,0,0,0,0,0,0,0,0,0,0,0,1,0,1,0,7,0,0,0,0,8,0,0,0,8,8,0,0,0,0,0,0,0,0,0,0,0,0,0,0,0,0,0,0,0,0,0,0,0,0,0,0,0,0,0,0,0
Brighton Town Police Department,1992-04-01,New York,34700,NY02750,breakdown offenses,adjustment,adjustment,adjustment,adjustment,adjustment,breakdown offenses,breakdown offenses,breakdown offenses,0,0,0,0,0,0,0,0,2,1,0,0,1,14,0,1,1,0,12,9,4,3,2,59,4,3,0,1,88,0,2,4,72,76,0,0,0,0,0,1,1,0,0,0,11,0,1,0,0,10,1,0,1,0,8,1,1,0,0,22,0,1,2,10,12,0,0,0,0,0,0,0,0,0,0,0,0,0,0,0,0,1,0,1,0,2,0,0,0,0,3,0,0,0,3,3,0,0,0,0,0,0,0,0,0,0,0,0,0,0,0,0,0,0,0,0,1,0,0,0,0,1,0,0,0,1,1
Brighton Town Police Department,1992-03-01,New York,34700,NY02750,breakdown offenses,normal return,normal return,normal return,normal return,normal return,breakdown offenses,breakdown offenses,breakdown offenses,0,0,2,0,0,0,0,0,1,0,0,0,1,10,0,0,0,2,8,5,5,0,0,59,7,7,0,0,82,0,2,3,71,74,0,0,0,0,0,1,0,0,0,1,6,0,0,0,2,4,2,1,1,0,8,0,0,0,0,17,0,2,3,10,13,0,0,0,0,0,0,0,0,0,0,0,0,0,0,0,0,1,0,1,0,3,0,0,0,0,4,0,0,0,4,4,0,0,0,0,0,0,0,0,0,0,0,0,0,0,0,0,0,0,0,0,0,0,0,0,0,0,0,0,0,0,0
Brighton Town Police Department,1992-02-01,New York,34700,NY02750,breakdown offenses,normal return,normal return,normal return,normal return,normal return,breakdown offenses,breakdown offenses,breakdown offenses,0,0,0,0,0,1,0,1,2,2,0,0,0,9,0,0,0,0,9,6,3,2,1,57,1,1,0,0,76,0,0,3,64,67,0,0,1,0,1,0,0,0,0,0,8,0,0,0,0,8,0,0,0,0,19,0,0,0,0,28,0,0,1,19,20,0,0,0,0,0,0,0,0,0,0,0,0,0,0,0,0,0,0,0,0,7,0,0,0,0,7,0,0,0,7,7,0,0,0,0,0,0,0,0,0,0,0,0,0,0,0,0,0,0,0,0,0,1,1,0,0,1,0,0,0,1,1
Brighton Town Police Department,1992-01-01,New York,34700,NY02750,breakdown offenses,normal return,normal return,normal return,normal return,normal return,breakdown offenses,breakdown offenses,breakdown offenses,0,0,0,0,0,1,1,0,3,2,0,0,1,8,0,1,0,0,7,8,5,3,0,70,10,10,0,0,100,0,1,5,88,93,0,0,0,0,0,0,0,0,0,0,6,0,0,0,0,6,2,0,2,0,22,0,0,0,0,30,0,0,0,24,24,0,0,0,0,0,0,0,0,0,0,0,0,0,0,0,0,0,0,0,0,6,0,0,0,0,6,0,0,0,6,6,0,0,0,0,0,0,0,0,0,0,0,0,0,0,0,0,0,0,0,0,2,0,0,0,0,2,0,0,0,2,2
Brighton Town Police Department,1991-12-01,New York,34584,NY02750,breakdown offenses,adjustment,adjustment,adjustment,adjustment,adjustment,breakdown offenses,breakdown offenses,breakdown offenses,0,0,0,0,0,0,0,0,0,0,0,0,0,7,0,0,0,0,7,22,16,5,1,97,4,4,0,0,130,0,0,0,123,123,0,0,0,0,0,0,0,0,0,0,5,0,0,0,0,5,4,1,1,2,21,0,0,0,0,30,0,0,0,25,25,0,0,0,0,0,0,0,0,0,0,0,0,0,0,0,0,3,0,1,2,5,0,0,0,0,8,0,0,0,8,8,0,0,0,0,0,0,0,0,0,0,0,0,0,0,0,0,1,0,0,1,0,0,0,0,0,1,0,0,0,1,1
Brighton Town Police Department,1991-11-01,New York,34584,NY02750,breakdown offenses,normal return,normal return,normal return,normal return,normal return,breakdown offenses,breakdown offenses,breakdown offenses,0,0,0,0,0,0,0,0,1,0,0,0,1,8,1,0,0,0,7,12,5,6,1,77,9,9,0,0,107,0,1,2,98,100,0,0,0,0,0,0,0,0,0,0,8,0,0,0,0,8,3,2,1,0,19,2,2,0,0,32,0,0,0,24,24,0,0,0,0,0,0,0,0,0,0,0,0,0,0,0,0,1,1,0,0,2,0,0,0,0,3,0,0,0,3,3,0,0,0,0,0,0,0,0,0,0,0,0,0,0,0,0,0,0,0,0,0,0,0,0,0,0,0,0,0,0,0
Brighton Town Police Department,1991-10-01,New York,34584,NY02750,breakdown offenses,normal return,normal return,normal return,normal return,normal return,breakdown offenses,breakdown offenses,breakdown offenses,0,0,0,0,0,0,0,0,1,1,0,0,0,11,0,0,0,0,11,20,10,9,1,108,4,4,0,0,144,0,0,1,132,133,0,0,0,0,0,1,1,0,0,0,6,0,0,0,0,6,4,3,0,1,32,2,2,0,0,45,0,0,1,38,39,0,0,0,0,0,0,0,0,0,0,0,0,0,0,0,0,1,0,0,1,8,0,0,0,0,9,0,0,0,9,9,0,0,0,0,0,0,0,0,0,0,0,0,0,0,0,0,0,0,0,0,0,0,0,0,0,0,0,0,0,0,0
Brighton Town Police Department,1991-09-01,New York,34584,NY02750,breakdown offenses,normal return,normal return,normal return,normal return,normal return,breakdown offenses,breakdown offenses,breakdown offenses,0,0,0,0,0,0,0,0,0,0,0,0,0,7,0,0,0,0,7,10,5,2,3,87,8,8,0,0,112,0,0,0,105,105,0,0,0,0,0,0,0,0,0,0,5,0,0,0,0,5,3,2,1,0,22,3,3,0,0,33,0,0,0,28,28,0,0,0,0,0,0,0,0,0,0,0,0,0,0,0,0,1,0,1,0,4,0,0,0,0,5,0,0,0,5,5,0,0,0,0,0,0,0,0,0,0,0,0,0,0,0,0,0,0,0,0,0,0,0,0,0,0,0,0,0,0,0
Brighton Town Police Department,1991-08-01,New York,34584,NY02750,breakdown offenses,normal return,normal return,normal return,normal return,normal return,breakdown offenses,breakdown offenses,breakdown offenses,0,0,0,0,0,0,0,0,1,0,1,0,0,6,0,0,1,0,5,26,17,7,2,103,7,7,0,0,143,0,1,2,136,138,0,0,1,1,0,0,0,0,0,0,6,0,0,1,0,5,0,0,0,0,24,2,2,0,0,33,0,1,2,26,28,0,0,1,1,0,0,0,0,0,0,0,0,0,0,0,0,0,0,0,0,3,0,0,0,0,4,0,0,1,3,4,0,0,0,0,0,0,0,0,0,0,0,0,0,0,0,0,0,0,0,0,1,2,2,0,0,3,0,0,0,3,3
Brighton Town Police Department,1991-07-01,New York,34584,NY02750,breakdown offenses,normal return,normal return,normal return,normal return,normal return,breakdown offenses,breakdown offenses,breakdown offenses,0,0,0,0,0,0,0,0,2,0,0,0,2,10,0,0,0,0,10,13,4,9,0,100,4,4,0,0,129,0,0,2,117,119,0,0,0,0,0,1,0,0,0,1,10,0,0,0,0,10,0,0,0,0,16,0,0,0,0,27,0,0,1,16,17,0,0,0,0,0,0,0,0,0,0,0,0,0,0,0,0,0,0,0,0,6,0,0,0,0,6,0,0,0,6,6,0,0,0,0,0,0,0,0,0,0,0,0,0,0,0,0,0,0,0,0,0,1,1,0,0,1,0,0,0,1,1
Brighton Town Police Department,1991-06-01,New York,34584,NY02750,breakdown offenses,normal return,normal return,normal return,normal return,normal return,breakdown offenses,breakdown offenses,breakdown offenses,0,0,0,0,0,0,0,0,0,0,0,0,0,11,0,0,0,1,10,10,5,3,2,72,1,1,0,0,94,0,1,1,83,84,0,0,0,0,0,0,0,0,0,0,5,0,0,0,0,5,1,1,0,0,9,0,0,0,0,15,0,0,0,10,10,0,0,0,0,0,0,0,0,0,0,0,0,0,0,0,0,1,1,0,0,4,0,0,0,0,5,0,0,0,5,5,0,0,0,0,0,0,0,0,0,0,0,0,0,0,0,0,0,0,0,0,1,0,0,0,0,1,0,0,0,1,1
Brighton Town Police Department,1991-05-01,New York,34584,NY02750,breakdown offenses,adjustment,adjustment,adjustment,adjustment,adjustment,breakdown offenses,breakdown offenses,breakdown offenses,0,0,0,0,0,0,0,0,2,0,0,1,1,0,0,0,0,0,0,18,8,5,5,89,8,8,0,0,117,0,0,2,115,117,0,0,0,0,0,2,0,0,1,1,0,0,0,0,0,0,1,0,1,0,25,2,2,0,0,30,0,0,2,28,30,0,0,0,0,0,2,0,0,1,1,0,0,0,0,0,0,1,0,1,0,7,1,1,0,0,11,0,0,2,9,11,0,0,0,0,0,0,0,0,0,0,0,0,0,0,0,0,0,0,0,0,0,0,0,0,0,0,0,0,0,0,0
Brighton Town Police Department,1991-04-01,New York,34584,NY02750,breakdown offenses,adjustment,adjustment,adjustment,adjustment,adjustment,breakdown offenses,breakdown offenses,breakdown offenses,0,0,0,0,0,0,0,0,1,1,0,0,0,12,0,0,0,0,12,7,2,3,2,89,6,6,0,0,115,0,0,1,102,103,0,0,0,0,0,0,0,0,0,0,7,0,0,0,0,7,0,0,0,0,22,2,2,0,0,31,0,0,0,24,24,0,0,0,0,0,0,0,0,0,0,0,0,0,0,0,0,0,0,0,0,3,1,1,0,0,4,0,0,0,4,4,0,0,0,0,0,0,0,0,0,0,0,0,0,0,0,0,0,0,0,0,1,0,0,0,0,1,0,0,0,1,1
Brighton Town Police Department,1991-03-01,New York,34584,NY02750,breakdown offenses,normal return,normal return,normal return,normal return,normal return,breakdown offenses,breakdown offenses,breakdown offenses,0,0,0,0,0,0,0,0,3,1,0,1,1,12,0,0,0,0,12,19,13,5,1,82,7,6,0,1,123,0,0,3,108,111,0,0,0,0,0,3,2,0,0,1,9,0,0,0,0,9,28,7,21,0,28,0,0,0,0,68,0,0,3,56,59,0,0,0,0,0,1,0,0,0,1,0,0,0,0,0,0,0,0,0,0,11,0,0,0,0,12,0,0,1,11,12,0,0,0,0,0,0,0,0,0,0,0,0,0,0,0,0,0,0,0,0,6,0,0,0,0,6,0,0,0,6,6
Brighton Town Police Department,1991-02-01,New York,34584,NY02750,breakdown offenses,normal return,normal return,normal return,normal return,normal return,breakdown offenses,breakdown offenses,breakdown offenses,0,0,0,0,0,0,0,0,3,1,1,0,1,7,0,0,0,0,7,13,3,10,0,53,5,5,0,0,81,0,0,3,71,74,0,0,0,0,0,1,0,0,1,0,5,0,0,0,0,5,2,0,2,0,17,1,1,0,0,26,0,0,1,20,21,0,0,0,0,0,0,0,0,0,0,0,0,0,0,0,0,2,0,2,0,2,0,0,0,0,4,0,0,0,4,4,0,0,0,0,0,0,0,0,0,0,0,0,0,0,0,0,0,0,0,0,0,0,0,0,0,0,0,0,0,0,0
Brighton Town Police Department,1991-01-01,New York,34584,NY02750,breakdown offenses,normal return,normal return,normal return,normal return,normal return,breakdown offenses,breakdown offenses,breakdown offenses,0,0,0,0,0,0,0,0,1,0,0,1,0,6,0,0,0,0,6,22,8,12,2,72,5,5,0,0,106,0,0,1,99,100,0,0,0,0,0,0,0,0,0,0,5,0,0,0,0,5,1,1,0,0,19,3,3,0,0,28,0,0,0,23,23,0,0,0,0,0,0,0,0,0,0,0,0,0,0,0,0,0,0,0,0,13,2,2,0,0,15,0,0,0,15,15,0,0,0,0,0,0,0,0,0,0,0,0,0,0,0,0,0,0,0,0,0,0,0,0,0,0,0,0,0,0,0
Brighton Town Police Department,1990-12-01,New York,34455,NY02750,breakdown offenses,adjustment,adjustment,adjustment,adjustment,adjustment,breakdown offenses,breakdown offenses,breakdown offenses,0,0,0,0,0,0,0,0,0,0,0,0,0,7,0,0,1,0,6,20,9,9,2,67,6,6,0,0,100,0,1,1,93,94,0,0,0,0,0,0,0,0,0,0,4,0,0,1,0,3,3,2,1,0,25,2,2,0,0,34,0,1,1,30,31,0,0,0,0,0,0,0,0,0,0,0,0,0,0,0,0,1,1,0,0,3,0,0,0,0,4,0,0,0,4,4,0,0,0,0,0,0,0,0,0,0,0,0,0,0,0,0,0,0,0,0,1,0,0,0,0,1,0,0,0,1,1
Brighton Town Police Department,1990-11-01,New York,34455,NY02750,breakdown offenses,adjustment,adjustment,adjustment,adjustment,adjustment,breakdown offenses,breakdown offenses,breakdown offenses,0,0,0,0,0,0,0,0,1,1,0,0,0,6,0,0,0,0,6,18,7,9,2,74,7,7,0,0,106,0,0,1,99,100,0,0,0,0,0,0,0,0,0,0,5,0,0,0,0,5,1,0,1,0,16,3,3,0,0,25,0,0,0,20,20,0,0,0,0,0,0,0,0,0,0,0,0,0,0,0,0,0,0,0,0,6,1,1,0,0,7,0,0,0,7,7,0,0,0,0,0,0,0,0,0,0,0,0,0,0,0,0,0,0,0,0,0,0,0,0,0,0,0,0,0,0,0
Brighton Town Police Department,1990-10-01,New York,34455,NY02750,breakdown offenses,adjustment,adjustment,adjustment,adjustment,adjustment,breakdown offenses,breakdown offenses,breakdown offenses,0,0,0,0,0,0,0,0,0,0,0,0,0,13,0,0,1,0,12,8,3,5,0,72,3,3,0,0,96,0,1,1,83,84,0,0,0,0,0,0,0,0,0,0,11,0,0,1,0,10,0,0,0,0,16,1,1,0,0,28,0,1,1,17,18,0,0,0,0,0,0,0,0,0,0,0,0,0,0,0,0,0,0,0,0,2,0,0,0,0,2,0,0,0,2,2,0,0,0,0,0,0,0,0,0,0,0,0,0,0,0,0,0,0,0,0,3,0,0,0,0,3,0,0,0,3,3
Brighton Town Police Department,1990-09-01,New York,34455,NY02750,breakdown offenses,adjustment,adjustment,adjustment,adjustment,adjustment,breakdown offenses,breakdown offenses,breakdown offenses,0,0,0,0,0,0,0,0,0,0,0,0,0,12,0,0,0,0,12,9,5,4,0,80,3,2,0,1,104,0,0,0,92,92,0,0,0,0,0,1,0,0,0,1,8,0,0,0,0,8,0,0,0,0,19,0,0,0,0,28,0,0,1,19,20,0,0,0,0,0,0,0,0,0,0,0,0,0,0,0,0,0,0,0,0,6,0,0,0,0,6,0,0,0,6,6,0,0,0,0,0,0,0,0,0,0,0,0,0,0,0,0,0,0,0,0,0,0,0,0,0,0,0,0,0,0,0
Brighton Town Police Department,1990-08-01,New York,34455,NY02750,breakdown offenses,normal return,normal return,normal return,normal return,normal return,breakdown offenses,breakdown offenses,breakdown offenses,0,0,0,0,0,0,0,0,2,0,0,0,2,15,0,0,0,1,14,20,8,6,6,91,13,13,0,0,141,0,1,3,124,127,0,0,0,0,0,0,0,0,0,0,11,0,0,0,1,10,5,4,1,0,14,1,1,0,0,31,0,1,1,20,21,0,0,0,0,0,0,0,0,0,0,0,0,0,0,0,0,5,4,1,0,3,0,0,0,0,8,0,0,0,8,8,0,0,0,0,0,0,0,0,0,0,0,0,0,0,0,0,0,0,0,0,1,0,0,0,0,1,0,0,0,1,1
Brighton Town Police Department,1990-07-01,New York,34455,NY02750,breakdown offenses,normal return,normal return,normal return,normal return,normal return,breakdown offenses,breakdown offenses,breakdown offenses,0,0,0,0,0,0,0,0,0,0,0,0,0,8,0,0,0,0,8,21,11,8,2,51,9,9,0,0,89,0,0,0,81,81,0,0,0,0,0,0,0,0,0,0,4,0,0,0,0,4,2,0,2,0,11,1,1,0,0,18,0,0,0,14,14,0,0,0,0,0,0,0,0,0,0,0,0,0,0,0,0,2,0,2,0,3,0,0,0,0,5,0,0,0,5,5,0,0,0,0,0,0,0,0,0,0,0,0,0,0,0,0,1,0,1,0,0,0,0,0,0,1,0,0,0,1,1
Brighton Town Police Department,1990-06-01,New York,34455,NY02750,breakdown offenses,adjustment,adjustment,adjustment,adjustment,adjustment,breakdown offenses,breakdown offenses,breakdown offenses,0,0,0,0,0,0,0,0,2,2,0,0,0,7,0,0,0,1,6,12,3,4,5,75,2,1,0,1,98,0,1,3,89,92,0,0,0,0,0,0,0,0,0,0,7,0,0,0,1,6,1,0,0,1,14,0,0,0,0,22,0,1,1,15,16,0,0,0,0,0,0,0,0,0,0,0,0,0,0,0,0,0,0,0,0,5,0,0,0,0,5,0,0,0,5,5,0,0,0,0,0,0,0,0,0,0,0,0,0,0,0,0,1,1,0,0,0,1,1,0,0,2,0,0,0,2,2
Brighton Town Police Department,1990-05-01,New York,34455,NY02750,breakdown offenses,adjustment,adjustment,adjustment,adjustment,adjustment,breakdown offenses,breakdown offenses,breakdown offenses,0,0,0,0,0,0,0,0,3,2,0,0,1,4,0,0,0,0,4,26,3,17,6,81,2,2,0,0,116,0,0,3,109,112,0,0,0,0,0,2,1,0,0,1,3,0,0,0,0,3,10,0,9,1,26,0,0,0,0,41,0,0,2,36,38,0,0,0,0,0,0,0,0,0,0,0,0,0,0,0,0,1,0,1,0,6,0,0,0,0,7,0,0,0,7,7,0,0,0,0,0,0,0,0,0,0,0,0,0,0,0,0,0,0,0,0,0,0,0,0,0,0,0,0,0,0,0
Brighton Town Police Department,1990-04-01,New York,34455,NY02750,breakdown offenses,adjustment,adjustment,adjustment,adjustment,adjustment,breakdown offenses,breakdown offenses,breakdown offenses,0,0,0,0,0,0,0,0,2,1,1,0,0,10,0,1,0,0,9,15,2,3,10,76,2,2,0,0,105,0,1,3,93,96,0,0,0,0,0,1,0,1,0,0,8,0,1,0,0,7,3,0,1,2,13,1,1,0,0,26,0,1,2,17,19,0,0,0,0,0,0,0,0,0,0,0,0,0,0,0,0,0,0,0,0,3,0,0,0,0,3,0,0,0,3,3,0,0,0,0,0,0,0,0,0,0,0,0,0,0,0,0,0,0,0,0,2,0,0,0,0,2,0,0,0,2,2
Brighton Town Police Department,1990-03-01,New York,34455,NY02750,breakdown offenses,normal return,normal return,normal return,normal return,normal return,breakdown offenses,breakdown offenses,breakdown offenses,0,0,0,0,0,0,0,0,2,1,1,0,0,4,0,1,0,0,3,15,6,4,5,62,5,3,1,1,88,0,1,3,82,85,0,0,0,0,0,1,1,0,0,0,3,0,1,0,0,2,1,1,0,0,10,0,0,0,0,15,0,1,2,11,13,0,0,0,0,0,0,0,0,0,0,0,0,0,0,0,0,1,1,0,0,2,0,0,0,0,3,0,0,0,3,3,0,0,0,0,0,0,0,0,0,0,0,0,0,0,0,0,0,0,0,0,0,0,0,0,0,0,0,0,0,0,0
Brighton Town Police Department,1990-02-01,New York,34455,NY02750,breakdown offenses,normal return,normal return,normal return,normal return,normal return,breakdown offenses,breakdown offenses,breakdown offenses,0,0,0,0,0,0,0,0,2,0,0,0,2,8,0,0,0,0,8,9,7,1,1,46,1,1,0,0,66,0,0,2,56,58,0,0,0,0,0,1,0,0,0,1,9,0,0,0,0,9,0,0,0,0,18,3,3,0,0,31,0,0,1,21,22,0,0,0,0,0,0,0,0,0,0,0,0,0,0,0,0,0,0,0,0,7,1,1,0,0,8,0,0,0,8,8,0,0,0,0,0,0,0,0,0,0,2,0,0,0,0,2,0,0,0,0,2,1,1,0,0,5,0,0,0,3,3
Brighton Town Police Department,1990-01-01,New York,34455,NY02750,breakdown offenses,normal return,normal return,normal return,normal return,normal return,breakdown offenses,breakdown offenses,breakdown offenses,0,0,0,0,0,0,0,0,3,1,0,0,2,8,1,0,0,1,6,18,4,2,12,75,4,4,0,0,108,0,2,5,97,102,0,0,0,0,0,2,0,2,0,0,7,1,0,0,1,5,1,0,0,1,16,0,0,0,0,26,0,2,4,17,21,0,0,0,0,0,0,0,0,0,0,0,0,0,0,0,0,0,0,0,0,4,0,0,0,0,4,0,0,0,4,4,0,0,0,0,0,0,0,0,0,0,0,0,0,0,0,0,0,0,0,0,0,0,0,0,0,0,0,0,0,0,0
Brighton Town Police Department,1989-12-01,New York,34208,NY02750,breakdown offenses,adjustment,adjustment,adjustment,adjustment,adjustment,breakdown offenses,breakdown offenses,breakdown offenses,0,0,0,0,0,0,0,0,2,0,1,0,1,7,0,0,0,0,7,17,1,5,11,60,4,4,0,0,90,0,0,2,81,83,0,0,0,0,0,1,0,0,0,1,5,0,0,0,0,5,1,0,0,1,13,1,1,0,0,21,0,0,1,15,16,0,0,0,0,0,0,0,0,0,0,0,0,0,0,0,0,1,0,0,1,2,0,0,0,0,3,0,0,0,3,3,0,0,0,0,0,0,0,0,0,0,0,0,0,0,0,0,0,0,0,0,0,0,0,0,0,0,0,0,0,0,0
Brighton Town Police Department,1989-11-01,New York,34208,NY02750,breakdown offenses,adjustment,adjustment,adjustment,adjustment,adjustment,breakdown offenses,breakdown offenses,breakdown offenses,0,0,0,0,0,0,0,0,4,0,2,0,2,10,0,0,0,1,9,16,9,5,2,69,10,10,0,0,109,0,1,5,95,100,0,0,1,1,0,1,1,0,0,0,8,0,0,0,1,7,8,6,1,1,14,3,3,0,0,35,0,1,3,25,28,0,0,1,1,0,1,1,0,0,0,0,0,0,0,0,0,0,0,0,0,2,0,0,0,0,4,0,0,2,2,4,0,0,0,0,0,0,0,0,0,0,0,0,0,0,0,0,0,0,0,0,0,0,0,0,0,0,0,0,0,0,0
Brighton Town Police Department,1989-10-01,New York,34208,NY02750,breakdown offenses,adjustment,adjustment,adjustment,adjustment,adjustment,breakdown offenses,breakdown offenses,breakdown offenses,0,0,0,0,0,1,0,1,3,1,2,0,0,12,0,0,0,0,12,18,13,4,1,84,3,3,0,0,121,0,0,4,105,109,0,0,0,0,0,0,0,0,0,0,9,0,0,0,0,9,4,4,0,0,16,0,0,0,0,29,0,0,0,20,20,0,0,0,0,0,0,0,0,0,0,0,0,0,0,0,0,0,0,0,0,5,0,0,0,0,5,0,0,0,5,5,0,0,0,0,0,0,0,0,0,0,0,0,0,0,0,0,0,0,0,0,1,0,0,0,0,1,0,0,0,1,1
Brighton Town Police Department,1989-09-01,New York,34208,NY02750,breakdown offenses,normal return,normal return,normal return,normal return,normal return,breakdown offenses,breakdown offenses,breakdown offenses,0,0,0,0,0,1,1,0,0,0,0,0,0,12,0,1,0,0,11,16,7,7,2,68,0,0,0,0,97,0,1,2,84,86,0,0,1,1,0,0,0,0,0,0,8,0,0,0,0,8,2,2,0,0,20,0,0,0,0,31,0,0,1,22,23,0,0,0,0,0,0,0,0,0,0,0,0,0,0,0,0,0,0,0,0,5,0,0,0,0,5,0,0,0,5,5,0,0,0,0,0,0,0,0,0,0,0,0,0,0,0,0,0,0,0,0,1,0,0,0,0,1,0,0,0,1,1
Brighton Town Police Department,1989-08-01,New York,34208,NY02750,breakdown offenses,adjustment,adjustment,adjustment,adjustment,adjustment,breakdown offenses,breakdown offenses,breakdown offenses,0,0,0,1,0,0,0,0,1,1,0,0,0,9,0,1,1,0,7,13,5,6,2,75,1,1,0,0,100,0,2,4,89,93,0,0,0,0,0,0,0,0,0,0,6,0,1,1,0,4,1,0,1,0,15,0,0,0,0,22,0,2,2,16,18,0,0,0,0,0,0,0,0,0,0,0,0,0,0,0,0,1,0,1,0,4,0,0,0,0,5,0,0,0,5,5,0,0,0,0,0,0,0,0,0,0,0,0,0,0,0,0,0,0,0,0,1,0,0,0,0,1,0,0,0,1,1
Brighton Town Police Department,1989-07-01,New York,34208,NY02750,breakdown offenses,normal return,normal return,normal return,normal return,normal return,breakdown offenses,breakdown offenses,breakdown offenses,0,0,0,0,0,1,0,1,1,1,0,0,0,10,0,0,0,1,9,16,8,7,1,74,1,1,0,0,103,0,1,3,91,94,0,0,1,0,1,0,0,0,0,0,5,0,0,0,0,5,3,0,3,0,11,1,1,0,0,21,0,0,1,15,16,0,0,0,0,0,0,0,0,0,0,0,0,0,0,0,0,2,0,2,0,5,0,0,0,0,7,0,0,0,7,7,0,0,0,0,0,0,0,0,0,0,0,0,0,0,0,0,0,0,0,0,3,0,0,0,0,3,0,0,0,3,3
Brighton Town Police Department,1989-06-01,New York,34208,NY02750,breakdown offenses,normal return,normal return,normal return,normal return,normal return,breakdown offenses,breakdown offenses,breakdown offenses,0,0,0,0,0,1,0,1,1,1,0,0,0,4,0,0,0,0,4,24,15,7,2,71,2,2,0,0,103,0,0,2,97,99,0,0,1,0,1,0,0,0,0,0,6,0,0,0,0,6,2,0,1,1,18,1,1,0,0,28,0,0,1,21,22,0,0,1,0,1,0,0,0,0,0,0,0,0,0,0,0,2,0,1,1,9,0,0,0,0,12,0,0,1,11,12,0,0,0,0,0,0,0,0,0,0,0,0,0,0,0,0,0,0,0,0,1,1,1,0,0,2,0,0,0,2,2
Brighton Town Police Department,1989-05-01,New York,34208,NY02750,breakdown offenses,normal return,normal return,normal return,normal return,normal return,breakdown offenses,breakdown offenses,breakdown offenses,0,0,0,0,0,0,0,0,0,0,0,0,0,12,1,0,0,0,11,15,9,6,0,73,2,2,0,0,102,0,1,1,90,91,0,0,0,0,0,1,1,0,0,0,9,0,0,0,0,9,2,0,2,0,30,1,1,0,0,43,0,0,1,33,34,0,0,0,0,0,1,1,0,0,0,0,0,0,0,0,0,0,0,0,0,5,0,0,0,0,6,0,0,1,5,6,0,0,0,0,0,0,0,0,0,0,0,0,0,0,0,0,0,0,0,0,0,0,0,0,0,0,0,0,0,0,0
Brighton Town Police Department,1989-04-01,New York,34208,NY02750,breakdown offenses,normal return,normal return,normal return,normal return,normal return,breakdown offenses,breakdown offenses,breakdown offenses,0,0,0,0,0,0,0,0,3,2,0,0,1,3,0,0,0,0,3,8,0,7,1,63,5,5,0,0,82,0,0,3,76,79,0,0,0,0,0,1,0,0,0,1,4,0,0,0,0,4,3,0,2,1,16,2,2,0,0,26,0,0,1,21,22,0,0,0,0,0,0,0,0,0,0,0,0,0,0,0,0,2,0,1,1,4,1,1,0,0,7,0,0,0,7,7,0,0,0,0,0,0,0,0,0,0,0,0,0,0,0,0,0,0,0,0,0,0,0,0,0,0,0,0,0,0,0
Brighton Town Police Department,1989-03-01,New York,34208,NY02750,breakdown offenses,normal return,normal return,normal return,normal return,normal return,breakdown offenses,breakdown offenses,breakdown offenses,0,0,0,0,0,0,0,0,2,2,0,0,0,8,0,0,0,0,8,18,10,6,2,72,1,1,0,0,101,0,0,2,91,93,0,0,0,0,0,1,0,1,0,0,9,0,0,0,0,9,2,1,1,0,20,0,0,0,0,32,0,0,1,22,23,0,0,0,0,0,0,0,0,0,0,0,0,0,0,0,0,0,0,0,0,8,0,0,0,0,8,0,0,0,8,8,0,0,0,0,0,0,0,0,0,0,1,0,0,0,0,1,0,0,0,0,1,0,0,0,0,2,0,0,0,1,1
Brighton Town Police Department,1989-02-01,New York,34208,NY02750,breakdown offenses,normal return,normal return,normal return,normal return,normal return,breakdown offenses,breakdown offenses,breakdown offenses,0,0,1,0,0,0,0,0,3,1,0,0,2,7,1,0,0,0,6,16,8,6,2,46,0,0,0,0,72,0,1,4,62,66,0,0,0,0,0,0,0,0,0,0,5,0,0,0,0,5,5,3,2,0,8,0,0,0,0,18,0,0,0,13,13,0,0,0,0,0,0,0,0,0,0,0,0,0,0,0,0,2,0,2,0,2,0,0,0,0,4,0,0,0,4,4,0,0,0,0,0,0,0,0,0,0,0,0,0,0,0,0,0,0,0,0,0,0,0,0,0,0,0,0,0,0,0
Brighton Town Police Department,1989-01-01,New York,34208,NY02750,breakdown offenses,normal return,normal return,normal return,normal return,normal return,breakdown offenses,breakdown offenses,breakdown offenses,0,0,0,0,0,0,0,0,1,1,0,0,0,9,0,0,0,0,9,15,10,3,2,39,0,0,0,0,64,0,0,1,54,55,0,0,0,0,0,1,1,0,0,0,7,0,0,0,0,7,4,3,1,0,9,0,0,0,0,21,0,0,1,13,14,0,0,0,0,0,0,0,0,0,0,0,0,0,0,0,0,1,0,1,0,3,0,0,0,0,4,0,0,0,4,4,0,0,0,0,0,0,0,0,0,0,0,0,0,0,0,0,1,0,1,0,2,0,0,0,0,3,0,0,0,3,3
Brighton Town Police Department,1988-12-01,New York,34777,NY02750,breakdown offenses,adjustment,adjustment,adjustment,adjustment,adjustment,breakdown offenses,breakdown offenses,breakdown offenses,0,0,0,0,0,1,1,0,3,1,0,0,2,8,0,0,0,0,8,12,6,3,3,77,2,2,0,0,103,0,0,4,91,95,0,0,0,0,0,2,0,0,0,2,2,0,0,0,0,2,1,0,1,0,11,0,0,0,0,16,0,0,2,12,14,0,0,0,0,0,0,0,0,0,0,0,0,0,0,0,0,0,0,0,0,5,0,0,0,0,5,0,0,0,5,5,0,0,0,0,0,0,0,0,0,0,0,0,0,0,0,0,0,0,0,0,1,0,0,0,0,1,0,0,0,1,1
Brighton Town Police Department,1988-11-01,New York,34777,NY02750,breakdown offenses,adjustment,adjustment,adjustment,adjustment,adjustment,breakdown offenses,breakdown offenses,breakdown offenses,0,0,0,0,0,1,0,1,4,2,0,1,1,14,0,1,0,0,13,15,13,1,1,75,3,3,0,0,112,0,1,6,93,99,0,0,0,0,0,0,0,0,0,0,11,0,1,0,0,10,0,0,0,0,21,0,0,0,0,32,0,1,1,21,22,0,0,0,0,0,0,0,0,0,0,0,0,0,0,0,0,0,0,0,0,11,0,0,0,0,11,0,0,0,11,11,0,0,0,0,0,0,0,0,0,0,0,0,0,0,0,0,0,0,0,0,0,0,0,0,0,0,0,0,0,0,0
Brighton Town Police Department,1988-10-01,New York,34777,NY02750,breakdown offenses,adjustment,adjustment,adjustment,adjustment,adjustment,breakdown offenses,breakdown offenses,breakdown offenses,0,0,0,0,0,0,0,0,0,0,0,0,0,8,0,0,0,0,8,12,5,3,4,59,2,2,0,0,81,0,0,0,73,73,0,0,0,0,0,1,0,0,0,1,8,0,0,0,0,8,2,0,0,2,10,1,1,0,0,22,0,0,1,13,14,0,0,0,0,0,0,0,0,0,0,0,0,0,0,0,0,1,0,0,1,2,0,0,0,0,3,0,0,0,3,3,0,0,0,0,0,1,0,0,0,1,1,0,0,0,0,1,0,0,0,0,1,0,0,0,0,3,0,0,1,1,2
Brighton Town Police Department,1988-09-01,New York,34777,NY02750,breakdown offenses,adjustment,adjustment,adjustment,adjustment,adjustment,breakdown offenses,breakdown offenses,breakdown offenses,0,0,2,0,0,0,0,0,2,0,0,0,2,9,0,0,0,1,8,9,4,3,2,85,1,0,0,1,106,0,1,3,95,98,0,0,1,1,0,0,0,0,0,0,6,0,0,0,0,6,0,0,0,0,28,0,0,0,0,35,0,0,1,28,29,0,0,0,0,0,0,0,0,0,0,0,0,0,0,0,0,0,0,0,0,17,0,0,0,0,17,0,0,0,17,17,0,0,0,0,0,0,0,0,0,0,0,0,0,0,0,0,0,0,0,0,6,0,0,0,0,6,0,0,0,6,6
Brighton Town Police Department,1988-08-01,New York,34777,NY02750,breakdown offenses,normal return,normal return,normal return,normal return,normal return,breakdown offenses,breakdown offenses,breakdown offenses,0,0,0,0,0,1,1,0,0,0,0,0,0,8,0,0,0,0,8,20,15,1,4,79,4,3,0,1,112,0,0,1,103,104,0,0,1,1,0,0,0,0,0,0,7,0,0,0,0,7,4,4,0,0,23,0,0,0,0,35,0,0,1,27,28,0,0,0,0,0,0,0,0,0,0,0,0,0,0,0,0,0,0,0,0,3,0,0,0,0,3,0,0,0,3,3,0,0,0,0,0,0,0,0,0,0,0,0,0,0,0,0,0,0,0,0,0,0,0,0,0,0,0,0,0,0,0
Brighton Town Police Department,1988-07-01,New York,34777,NY02750,breakdown offenses,adjustment,adjustment,adjustment,adjustment,adjustment,breakdown offenses,breakdown offenses,breakdown offenses,0,0,2,0,0,0,0,0,1,0,0,0,1,18,0,0,0,1,17,17,12,4,1,84,4,4,0,0,124,0,1,2,105,107,0,0,0,0,0,1,0,0,0,1,16,0,0,0,1,15,3,2,0,1,10,2,2,0,0,32,0,1,2,15,17,0,0,0,0,0,0,0,0,0,0,0,0,0,0,0,0,0,0,0,0,4,0,0,0,0,4,0,0,0,4,4,0,0,0,0,0,0,0,0,0,0,0,0,0,0,0,0,0,0,0,0,2,0,0,0,0,2,0,0,0,2,2
Brighton Town Police Department,1988-06-01,New York,34777,NY02750,breakdown offenses,adjustment,adjustment,adjustment,adjustment,adjustment,breakdown offenses,breakdown offenses,breakdown offenses,0,0,0,0,0,2,2,0,0,0,0,0,0,13,1,0,0,0,12,8,1,6,1,123,4,3,0,1,150,0,1,3,135,138,0,0,1,1,0,0,0,0,0,0,10,0,0,0,0,10,2,1,1,0,20,1,1,0,0,34,0,0,1,23,24,0,0,0,0,0,0,0,0,0,0,0,0,0,0,0,0,2,1,1,0,11,0,0,0,0,13,0,0,0,13,13,0,0,0,0,0,0,0,0,0,0,0,0,0,0,0,0,1,1,0,0,1,0,0,0,0,2,0,0,0,2,2
Brighton Town Police Department,1988-05-01,New York,34777,NY02750,breakdown offenses,adjustment,adjustment,adjustment,adjustment,adjustment,breakdown offenses,breakdown offenses,breakdown offenses,0,0,0,0,0,1,1,0,2,1,0,0,1,7,0,0,0,0,7,8,4,3,1,87,1,0,0,1,106,0,0,3,96,99,0,0,0,0,0,0,0,0,0,0,7,0,0,0,0,7,0,0,0,0,15,1,0,0,1,23,0,0,0,16,16,0,0,0,0,0,0,0,0,0,0,0,0,0,0,0,0,0,0,0,0,6,0,0,0,0,6,0,0,0,6,6,0,0,0,0,0,0,0,0,0,0,1,0,0,0,0,1,0,0,0,0,0,1,1,0,0,2,0,0,0,1,1
Brighton Town Police Department,1988-04-01,New York,34777,NY02750,breakdown offenses,adjustment,adjustment,adjustment,adjustment,adjustment,breakdown offenses,breakdown offenses,breakdown offenses,0,0,0,0,0,0,0,0,2,0,0,0,2,7,0,0,0,0,7,8,5,2,1,58,3,3,0,0,78,0,0,2,69,71,0,0,1,1,0,1,0,0,0,1,4,0,0,0,0,4,2,1,0,1,14,1,1,0,0,23,0,0,2,17,19,0,0,0,0,0,0,0,0,0,0,0,0,0,0,0,0,1,1,0,0,1,0,0,0,0,2,0,0,0,2,2,0,0,0,0,0,0,0,0,0,0,0,0,0,0,0,0,0,0,0,0,0,0,0,0,0,0,0,0,0,0,0
Brighton Town Police Department,1988-03-01,New York,34777,NY02750,breakdown offenses,adjustment,adjustment,adjustment,adjustment,adjustment,breakdown offenses,breakdown offenses,breakdown offenses,0,0,0,0,0,0,0,0,0,0,0,0,0,5,0,0,1,0,4,8,4,3,1,52,3,3,0,0,68,0,1,1,63,64,0,0,0,0,0,0,0,0,0,0,5,0,0,1,0,4,1,0,1,0,12,1,1,0,0,19,0,1,1,14,15,0,0,0,0,0,0,0,0,0,0,0,0,0,0,0,0,0,0,0,0,7,0,0,0,0,7,0,0,0,7,7,0,0,0,0,0,0,0,0,0,0,1,0,0,0,0,1,0,0,0,0,2,0,0,0,0,3,0,0,0,2,2
Brighton Town Police Department,1988-02-01,New York,34777,NY02750,breakdown offenses,normal return,normal return,normal return,normal return,normal return,breakdown offenses,breakdown offenses,breakdown offenses,0,0,0,0,0,0,0,0,1,0,1,0,0,9,0,0,0,1,8,12,8,0,4,65,4,4,0,0,91,0,1,2,81,83,0,0,0,0,0,0,0,0,0,0,10,0,0,0,1,9,0,0,0,0,18,1,1,0,0,29,0,1,1,19,20,0,0,0,0,0,0,0,0,0,0,0,0,0,0,0,0,0,0,0,0,9,0,0,0,0,9,0,0,0,9,9,0,0,0,0,0,0,0,0,0,0,0,0,0,0,0,0,0,0,0,0,2,0,0,0,0,2,0,0,0,2,2
Brighton Town Police Department,1988-01-01,New York,34777,NY02750,breakdown offenses,normal return,normal return,normal return,normal return,normal return,breakdown offenses,breakdown offenses,breakdown offenses,0,0,0,0,0,0,0,0,1,0,1,0,0,6,0,0,0,0,6,22,15,5,2,53,1,1,0,0,83,0,0,1,76,77,0,0,1,1,0,0,0,0,0,0,4,0,0,0,0,4,4,3,1,0,19,2,2,0,0,30,0,0,1,25,26,0,0,0,0,0,0,0,0,0,0,0,0,0,0,0,0,2,1,1,0,3,1,1,0,0,6,0,0,0,6,6,0,0,1,1,0,0,0,0,0,0,0,0,0,0,0,0,0,0,0,0,1,1,1,0,0,3,0,0,1,2,3
Brighton Town Police Department,1987-12-01,New York,34894,NY02750,breakdown offenses,adjustment,adjustment,adjustment,adjustment,adjustment,breakdown offenses,breakdown offenses,breakdown offenses,0,0,2,0,0,3,3,0,3,0,0,0,3,11,0,0,1,1,9,22,16,3,3,64,3,2,0,1,106,0,2,8,89,97,0,0,3,3,0,0,0,0,0,0,10,0,0,1,1,8,8,7,1,0,11,0,0,0,0,32,0,2,5,19,24,0,0,0,0,0,0,0,0,0,0,0,0,0,0,0,0,7,6,1,0,3,0,0,0,0,10,0,0,0,10,10,0,0,0,0,0,0,0,0,0,0,0,0,0,0,0,0,0,0,0,0,2,0,0,0,0,2,0,0,0,2,2
Brighton Town Police Department,1987-11-01,New York,34894,NY02750,breakdown offenses,adjustment,adjustment,adjustment,adjustment,adjustment,breakdown offenses,breakdown offenses,breakdown offenses,0,0,0,0,0,0,0,0,3,1,0,0,2,14,0,0,0,0,14,23,8,11,4,62,1,1,0,0,103,0,0,3,86,89,0,0,0,0,0,0,0,0,0,0,10,0,0,0,0,10,8,0,7,1,7,1,1,0,0,26,0,0,0,16,16,0,0,0,0,0,0,0,0,0,0,0,0,0,0,0,0,8,0,7,1,2,1,1,0,0,11,0,0,0,11,11,0,0,0,0,0,0,0,0,0,0,0,0,0,0,0,0,0,0,0,0,0,1,1,0,0,1,0,0,0,1,1
Brighton Town Police Department,1987-10-01,New York,34894,NY02750,breakdown offenses,adjustment,adjustment,adjustment,adjustment,adjustment,breakdown offenses,breakdown offenses,breakdown offenses,0,0,0,0,0,0,0,0,7,3,0,0,4,10,0,1,0,1,8,15,10,3,2,65,3,2,0,1,100,0,2,9,83,92,0,0,0,0,0,0,0,0,0,0,10,0,0,0,2,8,0,0,0,0,15,1,1,0,0,26,0,2,2,16,18,0,0,0,0,0,0,0,0,0,0,0,0,0,0,0,0,0,0,0,0,1,0,0,0,0,1,0,0,0,1,1,0,0,0,0,0,0,0,0,0,0,0,0,0,0,0,0,0,0,0,0,0,0,0,0,0,0,0,0,0,0,0
Brighton Town Police Department,1987-09-01,New York,34894,NY02750,breakdown offenses,normal return,normal return,normal return,normal return,normal return,breakdown offenses,breakdown offenses,breakdown offenses,0,0,0,0,0,1,0,1,3,0,0,0,3,5,0,0,0,1,4,24,15,5,4,73,3,3,0,0,109,0,1,5,100,105,0,0,0,0,0,1,0,0,0,1,2,0,0,0,0,2,1,1,0,0,14,0,0,0,0,18,0,0,1,15,16,0,0,0,0,0,0,0,0,0,0,0,0,0,0,0,0,0,0,0,0,4,0,0,0,0,4,0,0,0,4,4,0,0,0,0,0,0,0,0,0,0,0,0,0,0,0,0,0,0,0,0,2,0,0,0,0,2,0,0,0,2,2
Brighton Town Police Department,1987-08-01,New York,34894,NY02750,breakdown offenses,normal return,normal return,normal return,normal return,normal return,breakdown offenses,breakdown offenses,breakdown offenses,0,0,0,0,0,0,0,0,1,0,0,0,1,7,0,0,0,0,7,29,19,8,2,82,3,3,0,0,122,0,0,1,114,115,0,0,0,0,0,1,0,0,0,1,7,0,0,0,0,7,4,3,1,0,20,0,0,0,0,32,0,0,1,24,25,0,0,0,0,0,0,0,0,0,0,0,0,0,0,0,0,1,1,0,0,6,0,0,0,0,7,0,0,0,7,7,0,0,0,0,0,0,0,0,0,0,1,0,0,0,0,1,0,0,0,0,2,1,0,0,1,4,0,0,0,3,3
Brighton Town Police Department,1987-07-01,New York,34894,NY02750,breakdown offenses,normal return,normal return,normal return,normal return,normal return,breakdown offenses,breakdown offenses,breakdown offenses,0,0,0,0,0,1,1,0,0,0,0,0,0,6,0,0,0,0,6,20,11,4,5,82,4,2,1,1,113,0,0,1,106,107,0,0,0,0,0,5,1,0,0,4,6,0,0,0,0,6,3,1,2,0,26,0,0,0,0,40,0,0,5,29,34,0,0,0,0,0,1,0,0,0,1,0,0,0,0,0,0,2,0,2,0,10,0,0,0,0,13,0,0,1,12,13,0,0,0,0,0,0,0,0,0,0,0,0,0,0,0,0,1,0,1,0,3,0,0,0,0,4,0,0,0,4,4
Brighton Town Police Department,1987-06-01,New York,34894,NY02750,breakdown offenses,adjustment,adjustment,adjustment,adjustment,adjustment,breakdown offenses,breakdown offenses,breakdown offenses,0,0,0,0,0,0,0,0,6,0,0,1,5,7,0,0,0,0,7,21,10,10,1,85,3,3,0,0,122,0,0,6,109,115,0,0,0,0,0,0,0,0,0,0,8,0,0,0,0,8,2,0,2,0,10,0,0,0,0,20,0,0,0,12,12,0,0,0,0,0,0,0,0,0,0,0,0,0,0,0,0,0,0,0,0,2,0,0,0,0,2,0,0,0,2,2,0,0,0,0,0,0,0,0,0,0,1,0,0,0,0,1,0,0,0,0,0,0,0,0,0,1,0,0,0,0,0
Brighton Town Police Department,1987-05-01,New York,34894,NY02750,breakdown offenses,adjustment,adjustment,adjustment,adjustment,adjustment,breakdown offenses,breakdown offenses,breakdown offenses,0,0,0,0,0,2,2,0,1,0,0,0,1,5,1,0,0,0,4,15,10,4,1,65,0,0,0,0,88,0,1,4,80,84,0,0,1,1,0,0,0,0,0,0,5,1,0,0,0,4,0,0,0,0,12,0,0,0,0,18,0,1,2,12,14,0,0,0,0,0,0,0,0,0,0,0,0,0,0,0,0,0,0,0,0,3,0,0,0,0,3,0,0,0,3,3,0,0,0,0,0,0,0,0,0,0,0,0,0,0,0,0,0,0,0,0,2,1,1,0,0,3,0,0,0,3,3
Brighton Town Police Department,1987-04-01,New York,34894,NY02750,breakdown offenses,adjustment,adjustment,adjustment,adjustment,adjustment,breakdown offenses,breakdown offenses,breakdown offenses,0,0,0,0,0,1,0,1,1,0,0,0,1,13,0,0,0,1,12,10,5,4,1,78,3,2,1,0,106,0,1,3,91,94,0,0,0,0,0,0,0,0,0,0,10,0,0,0,1,9,0,0,0,0,20,0,0,0,0,30,0,1,1,20,21,0,0,0,0,0,0,0,0,0,0,0,0,0,0,0,0,0,0,0,0,9,0,0,0,0,9,0,0,0,9,9,0,0,0,0,0,0,0,0,0,0,1,0,0,0,0,1,0,0,0,0,1,0,0,0,0,2,0,0,0,1,1
Brighton Town Police Department,1987-03-01,New York,34894,NY02750,breakdown offenses,adjustment,adjustment,adjustment,adjustment,adjustment,breakdown offenses,breakdown offenses,breakdown offenses,0,0,0,0,0,1,1,0,0,0,0,0,0,10,0,0,0,0,10,10,4,6,0,71,3,3,0,0,95,0,0,1,84,85,0,0,0,0,0,0,0,0,0,0,9,0,0,1,0,8,1,0,1,0,14,1,1,0,0,25,0,1,1,16,17,0,0,0,0,0,0,0,0,0,0,1,0,0,1,0,0,0,0,0,0,7,0,0,0,0,8,0,1,1,7,8,0,0,0,0,0,0,0,0,0,0,0,0,0,0,0,0,0,0,0,0,1,0,0,0,0,1,0,0,0,1,1
Brighton Town Police Department,1987-02-01,New York,34894,NY02750,breakdown offenses,adjustment,adjustment,adjustment,adjustment,adjustment,breakdown offenses,breakdown offenses,breakdown offenses,0,0,0,0,0,1,1,0,1,0,0,0,1,7,0,1,1,0,5,7,5,1,1,44,2,2,0,0,62,0,2,4,53,57,0,0,1,1,0,1,1,0,0,0,7,0,1,0,0,6,2,0,2,0,13,2,2,0,0,26,0,1,3,17,20,0,0,0,0,0,0,0,0,0,0,1,0,1,0,0,0,1,0,1,0,8,0,0,0,0,10,0,1,1,9,10,0,0,0,0,0,0,0,0,0,0,0,0,0,0,0,0,0,0,0,0,1,0,0,0,0,1,0,0,0,1,1
Brighton Town Police Department,1987-01-01,New York,34894,NY02750,breakdown offenses,adjustment,adjustment,adjustment,adjustment,adjustment,breakdown offenses,breakdown offenses,breakdown offenses,0,0,0,0,0,0,0,0,1,1,0,0,0,7,0,0,0,0,7,8,4,3,1,69,4,4,0,0,89,0,0,1,81,82,0,0,0,0,0,0,0,0,0,0,5,0,0,0,0,5,0,0,0,0,13,0,0,0,0,18,0,0,0,13,13,0,0,0,0,0,0,0,0,0,0,0,0,0,0,0,0,0,0,0,0,3,0,0,0,0,3,0,0,0,3,3,0,0,0,0,0,0,0,0,0,0,0,0,0,0,0,0,0,0,0,0,0,1,1,0,0,1,0,0,0,1,1
Brighton Town Police Department,1986-12-01,New York,,NY02750,,,,,,,,,,,,,,,,,,,,,,,,,,,,,,,,,,,,,,,,,,,,,,,,,,,,,,,,,,,,,,,,,,,,,,,,,,,,,,,,,,,,,,,,,,,,,,,,,,,,,,,,,,,,,,,,,,,,,,,,,,,,,,,,,,,,,,,,
Brighton Town Police Department,1986-11-01,New York,,NY02750,,,,,,,,,,,,,,,,,,,,,,,,,,,,,,,,,,,,,,,,,,,,,,,,,,,,,,,,,,,,,,,,,,,,,,,,,,,,,,,,,,,,,,,,,,,,,,,,,,,,,,,,,,,,,,,,,,,,,,,,,,,,,,,,,,,,,,,,
Brighton Town Police Department,1986-10-01,New York,,NY02750,,,,,,,,,,,,,,,,,,,,,,,,,,,,,,,,,,,,,,,,,,,,,,,,,,,,,,,,,,,,,,,,,,,,,,,,,,,,,,,,,,,,,,,,,,,,,,,,,,,,,,,,,,,,,,,,,,,,,,,,,,,,,,,,,,,,,,,,
Brighton Town Police Department,1986-09-01,New York,,NY02750,,,,,,,,,,,,,,,,,,,,,,,,,,,,,,,,,,,,,,,,,,,,,,,,,,,,,,,,,,,,,,,,,,,,,,,,,,,,,,,,,,,,,,,,,,,,,,,,,,,,,,,,,,,,,,,,,,,,,,,,,,,,,,,,,,,,,,,,
Brighton Town Police Department,1986-08-01,New York,,NY02750,,,,,,,,,,,,,,,,,,,,,,,,,,,,,,,,,,,,,,,,,,,,,,,,,,,,,,,,,,,,,,,,,,,,,,,,,,,,,,,,,,,,,,,,,,,,,,,,,,,,,,,,,,,,,,,,,,,,,,,,,,,,,,,,,,,,,,,,
Brighton Town Police Department,1986-07-01,New York,,NY02750,,,,,,,,,,,,,,,,,,,,,,,,,,,,,,,,,,,,,,,,,,,,,,,,,,,,,,,,,,,,,,,,,,,,,,,,,,,,,,,,,,,,,,,,,,,,,,,,,,,,,,,,,,,,,,,,,,,,,,,,,,,,,,,,,,,,,,,,
Brighton Town Police Department,1986-06-01,New York,,NY02750,,,,,,,,,,,,,,,,,,,,,,,,,,,,,,,,,,,,,,,,,,,,,,,,,,,,,,,,,,,,,,,,,,,,,,,,,,,,,,,,,,,,,,,,,,,,,,,,,,,,,,,,,,,,,,,,,,,,,,,,,,,,,,,,,,,,,,,,
Brighton Town Police Department,1986-05-01,New York,,NY02750,,,,,,,,,,,,,,,,,,,,,,,,,,,,,,,,,,,,,,,,,,,,,,,,,,,,,,,,,,,,,,,,,,,,,,,,,,,,,,,,,,,,,,,,,,,,,,,,,,,,,,,,,,,,,,,,,,,,,,,,,,,,,,,,,,,,,,,,
Brighton Town Police Department,1986-04-01,New York,,NY02750,,,,,,,,,,,,,,,,,,,,,,,,,,,,,,,,,,,,,,,,,,,,,,,,,,,,,,,,,,,,,,,,,,,,,,,,,,,,,,,,,,,,,,,,,,,,,,,,,,,,,,,,,,,,,,,,,,,,,,,,,,,,,,,,,,,,,,,,
Brighton Town Police Department,1986-03-01,New York,,NY02750,,,,,,,,,,,,,,,,,,,,,,,,,,,,,,,,,,,,,,,,,,,,,,,,,,,,,,,,,,,,,,,,,,,,,,,,,,,,,,,,,,,,,,,,,,,,,,,,,,,,,,,,,,,,,,,,,,,,,,,,,,,,,,,,,,,,,,,,
Brighton Town Police Department,1986-02-01,New York,,NY02750,,,,,,,,,,,,,,,,,,,,,,,,,,,,,,,,,,,,,,,,,,,,,,,,,,,,,,,,,,,,,,,,,,,,,,,,,,,,,,,,,,,,,,,,,,,,,,,,,,,,,,,,,,,,,,,,,,,,,,,,,,,,,,,,,,,,,,,,
Brighton Town Police Department,1986-01-01,New York,,NY02750,,,,,,,,,,,,,,,,,,,,,,,,,,,,,,,,,,,,,,,,,,,,,,,,,,,,,,,,,,,,,,,,,,,,,,,,,,,,,,,,,,,,,,,,,,,,,,,,,,,,,,,,,,,,,,,,,,,,,,,,,,,,,,,,,,,,,,,,
Brighton Town Police Department,1985-12-01,New York,35570,NY02750,breakdown offenses,adjustment,adjustment,adjustment,adjustment,adjustment,breakdown offenses,breakdown offenses,breakdown offenses,0,0,0,0,0,1,1,0,2,1,0,0,1,7,0,0,0,0,7,16,6,8,2,88,3,3,0,0,117,0,0,3,107,110,0,0,1,1,0,0,0,0,0,0,6,0,0,0,0,6,1,0,1,0,7,1,1,0,0,16,0,0,1,9,10,0,0,0,0,0,0,0,0,0,0,0,0,0,0,0,0,1,0,1,0,4,0,0,0,0,5,0,0,0,5,5,0,0,0,0,0,0,0,0,0,0,0,0,0,0,0,0,1,0,1,0,0,0,0,0,0,1,0,0,0,1,1
Brighton Town Police Department,1985-11-01,New York,35570,NY02750,breakdown offenses,adjustment,adjustment,adjustment,adjustment,adjustment,breakdown offenses,breakdown offenses,breakdown offenses,0,0,0,0,0,1,1,0,4,0,0,0,4,4,0,0,0,1,3,11,6,4,1,86,5,5,0,0,111,0,1,6,102,108,0,0,0,0,0,1,0,0,0,1,5,0,0,1,1,3,1,1,0,0,6,4,4,0,0,17,0,2,3,11,14,0,0,0,0,0,0,0,0,0,0,0,0,0,0,0,0,0,0,0,0,3,2,2,0,0,5,0,0,0,5,5,0,0,0,0,0,0,0,0,0,0,0,0,0,0,0,0,1,1,0,0,0,0,0,0,0,1,0,0,0,1,1
Brighton Town Police Department,1985-10-01,New York,35570,NY02750,breakdown offenses,adjustment,adjustment,adjustment,adjustment,adjustment,breakdown offenses,breakdown offenses,breakdown offenses,0,0,0,0,0,0,0,0,1,0,0,0,1,9,0,0,1,0,8,15,11,2,2,93,2,1,0,1,120,0,1,2,110,112,0,0,0,0,0,1,0,0,0,1,5,0,0,0,0,5,11,7,2,2,8,1,1,0,0,26,0,0,1,20,21,0,0,0,0,0,0,0,0,0,0,0,0,0,0,0,0,0,0,0,0,2,0,0,0,0,2,0,0,0,2,2,0,0,0,0,0,0,0,0,0,0,0,0,0,0,0,0,0,0,0,0,0,1,1,0,0,1,0,0,0,1,1
Brighton Town Police Department,1985-09-01,New York,35570,NY02750,breakdown offenses,normal return,normal return,normal return,normal return,normal return,breakdown offenses,breakdown offenses,breakdown offenses,0,0,0,0,0,1,1,0,0,0,0,0,0,6,0,0,0,0,6,12,5,4,3,101,3,3,0,0,123,0,0,1,116,117,0,0,0,0,0,2,1,0,0,1,6,0,0,0,0,6,3,2,1,0,13,0,0,0,0,24,0,0,2,16,18,0,0,0,0,0,0,0,0,0,0,0,0,0,0,0,0,3,2,1,0,6,0,0,0,0,9,0,0,0,9,9,0,0,0,0,0,0,0,0,0,0,0,0,0,0,0,0,0,0,0,0,1,0,0,0,0,1,0,0,0,1,1
Brighton Town Police Department,1985-08-01,New York,35570,NY02750,breakdown offenses,adjustment,adjustment,adjustment,adjustment,adjustment,breakdown offenses,breakdown offenses,breakdown offenses,0,0,0,0,0,0,0,0,3,0,0,0,3,10,0,0,1,1,8,18,14,4,0,112,3,3,0,0,146,0,2,5,133,138,0,0,0,0,0,2,1,0,0,1,8,0,0,0,1,7,10,6,4,0,17,1,1,0,0,38,0,1,3,28,31,0,0,0,0,0,0,0,0,0,0,0,0,0,0,0,0,7,5,2,0,10,1,1,0,0,18,0,0,0,18,18,0,0,0,0,0,0,0,0,0,0,0,0,0,0,0,0,1,0,1,0,0,1,1,0,0,2,0,0,0,2,2
Brighton Town Police Department,1985-07-01,New York,35570,NY02750,breakdown offenses,adjustment,adjustment,adjustment,adjustment,adjustment,breakdown offenses,breakdown offenses,breakdown offenses,0,0,0,0,0,0,0,0,1,1,0,0,0,3,0,0,0,0,3,20,11,6,3,120,6,6,0,0,150,0,0,1,146,147,0,0,0,0,0,0,0,0,0,0,2,0,0,0,0,2,1,0,1,0,14,0,0,0,0,17,0,0,0,15,15,0,0,0,0,0,0,0,0,0,0,0,0,0,0,0,0,1,0,1,0,7,0,0,0,0,8,0,0,0,8,8,0,0,0,0,0,0,0,0,0,0,0,0,0,0,0,0,0,0,0,0,0,0,0,0,0,0,0,0,0,0,0
Brighton Town Police Department,1985-06-01,New York,35570,NY02750,breakdown offenses,adjustment,adjustment,adjustment,adjustment,adjustment,breakdown offenses,breakdown offenses,breakdown offenses,0,0,0,0,0,1,1,0,1,0,0,0,1,7,0,0,0,0,7,17,11,4,2,105,8,8,0,0,139,0,0,2,130,132,0,0,1,1,0,0,0,0,0,0,5,0,0,0,0,5,4,3,0,1,13,3,3,0,0,26,0,0,1,20,21,0,0,1,1,0,0,0,0,0,0,0,0,0,0,0,0,2,2,0,0,6,1,1,0,0,10,0,0,1,9,10,0,0,0,0,0,0,0,0,0,0,0,0,0,0,0,0,0,0,0,0,2,1,1,0,0,3,0,0,0,3,3
Brighton Town Police Department,1985-05-01,New York,35570,NY02750,breakdown offenses,adjustment,adjustment,adjustment,adjustment,adjustment,breakdown offenses,breakdown offenses,breakdown offenses,0,0,0,0,0,0,0,0,1,1,0,0,0,11,0,0,0,0,11,28,21,5,2,111,7,7,0,0,158,0,0,1,146,147,0,0,2,2,0,0,0,0,0,0,8,0,0,0,0,8,2,1,1,0,10,1,1,0,0,23,0,0,2,13,15,0,0,0,0,0,0,0,0,0,0,0,0,0,0,0,0,1,0,1,0,2,0,0,0,0,3,0,0,0,3,3,0,0,0,0,0,0,0,0,0,0,0,0,0,0,0,0,0,0,0,0,2,0,0,0,0,2,0,0,0,2,2
Brighton Town Police Department,1985-04-01,New York,35570,NY02750,breakdown offenses,adjustment,adjustment,adjustment,adjustment,adjustment,breakdown offenses,breakdown offenses,breakdown offenses,0,0,0,0,0,0,0,0,0,0,0,0,0,8,0,0,0,0,8,24,15,5,4,94,10,10,0,0,136,0,0,0,128,128,0,0,0,0,0,0,0,0,0,0,4,0,0,0,0,4,8,5,0,3,11,2,2,0,0,25,0,0,0,21,21,0,0,0,0,0,0,0,0,0,0,0,0,0,0,0,0,2,1,0,1,3,0,0,0,0,5,0,0,0,5,5,0,0,0,0,0,0,0,0,0,0,0,0,0,0,0,0,1,0,0,1,2,0,0,0,0,3,0,0,0,3,3
Brighton Town Police Department,1985-03-01,New York,35570,NY02750,breakdown offenses,adjustment,adjustment,adjustment,adjustment,adjustment,breakdown offenses,breakdown offenses,breakdown offenses,0,0,0,0,0,2,2,0,0,0,0,0,0,8,0,0,0,0,8,15,8,5,2,77,6,5,0,1,108,0,0,2,98,100,0,0,1,1,0,0,0,0,0,0,7,0,0,0,0,7,6,4,2,0,14,1,1,0,0,29,0,0,1,21,22,0,0,0,0,0,0,0,0,0,0,0,0,0,0,0,0,3,1,2,0,7,1,1,0,0,11,0,0,0,11,11,0,0,0,0,0,0,0,0,0,0,1,0,0,0,0,1,0,0,0,0,2,0,0,0,0,3,0,0,0,2,2
Brighton Town Police Department,1985-02-01,New York,35570,NY02750,breakdown offenses,adjustment,adjustment,adjustment,adjustment,adjustment,breakdown offenses,breakdown offenses,breakdown offenses,0,0,0,0,0,0,0,0,0,0,0,0,0,7,0,0,0,0,7,20,13,2,5,77,5,5,0,0,109,0,0,0,102,102,0,0,0,0,0,0,0,0,0,0,7,0,0,0,0,7,2,2,0,0,20,0,0,0,0,29,0,0,0,22,22,0,0,0,0,0,0,0,0,0,0,0,0,0,0,0,0,1,1,0,0,12,0,0,0,0,13,0,0,0,13,13,0,0,0,0,0,0,0,0,0,0,0,0,0,0,0,0,0,0,0,0,1,0,0,0,0,1,0,0,0,1,1
Brighton Town Police Department,1985-01-01,New York,35570,NY02750,breakdown offenses,adjustment,adjustment,adjustment,adjustment,adjustment,breakdown offenses,breakdown offenses,breakdown offenses,0,0,0,0,0,0,0,0,1,1,0,0,0,5,0,0,0,0,5,15,10,3,2,67,1,1,0,0,89,0,0,1,83,84,0,0,0,0,0,0,0,0,0,0,9,0,0,0,0,9,3,2,1,0,18,1,1,0,0,31,0,0,0,22,22,0,0,0,0,0,0,0,0,0,0,0,0,0,0,0,0,0,0,0,0,0,0,0,0,0,0,0,0,0,0,0,0,0,0,0,0,0,0,0,0,0,1,0,0,0,0,1,0,0,0,0,1,2,2,0,0,4,0,0,0,3,3
Brighton Town Police Department,1984-12-01,New York,35475,NY02750,breakdown offenses,adjustment,adjustment,adjustment,adjustment,adjustment,breakdown offenses,breakdown offenses,breakdown offenses,0,0,1,0,0,0,0,0,1,0,0,0,1,7,0,0,0,0,7,12,8,2,2,75,1,1,0,0,96,0,0,1,88,89,0,0,7,5,2,0,0,0,0,0,2,0,0,0,0,2,0,0,0,0,11,0,0,0,0,20,0,0,7,11,18,0,0,0,0,0,0,0,0,0,0,0,0,0,0,0,0,0,0,0,0,1,0,0,0,0,1,0,0,0,1,1,0,0,0,0,0,0,0,0,0,0,0,0,0,0,0,0,1,0,1,0,0,1,1,0,0,2,0,0,0,2,2
Brighton Town Police Department,1984-11-01,New York,35475,NY02750,breakdown offenses,normal return,normal return,normal return,normal return,normal return,breakdown offenses,breakdown offenses,breakdown offenses,0,0,0,0,0,0,0,0,1,0,0,0,1,8,0,1,0,2,5,13,8,4,1,82,4,4,0,0,108,0,3,4,99,103,0,0,0,0,0,0,0,0,0,0,7,0,1,0,1,5,1,0,1,0,8,0,0,0,0,16,0,2,2,9,11,0,0,0,0,0,0,0,0,0,0,0,0,0,0,0,0,0,0,0,0,1,0,0,0,0,1,0,0,0,1,1,0,0,1,1,0,0,0,0,0,0,0,0,0,0,0,0,0,0,0,0,0,0,0,0,0,1,0,0,1,0,1
Brighton Town Police Department,1984-10-01,New York,35475,NY02750,breakdown offenses,adjustment,adjustment,adjustment,adjustment,adjustment,breakdown offenses,breakdown offenses,breakdown offenses,0,0,0,0,0,1,0,1,0,0,0,0,0,9,0,0,0,1,8,19,9,7,3,95,4,4,0,0,128,0,1,2,118,120,0,0,1,0,1,0,0,0,0,0,6,0,0,0,1,5,5,3,2,0,22,1,1,0,0,35,0,1,2,28,30,0,0,0,0,0,0,0,0,0,0,1,0,0,0,1,0,0,0,0,0,3,0,0,0,0,4,0,1,1,3,4,0,0,0,0,0,0,0,0,0,0,0,0,0,0,0,0,0,0,0,0,2,0,0,0,0,2,0,0,0,2,2
Brighton Town Police Department,1984-09-01,New York,35475,NY02750,breakdown offenses,adjustment,adjustment,adjustment,adjustment,adjustment,breakdown offenses,breakdown offenses,breakdown offenses,0,0,0,0,0,0,0,0,1,0,0,0,1,6,0,0,0,0,6,14,9,3,2,85,3,3,0,0,109,0,0,1,102,103,0,0,0,0,0,1,0,0,0,1,6,0,0,0,0,6,3,1,2,0,10,0,0,0,0,20,0,0,1,13,14,0,0,0,0,0,1,0,0,0,1,0,0,0,0,0,0,0,0,0,0,1,0,0,0,0,2,0,0,1,1,2,0,0,1,1,0,0,0,0,0,0,0,0,0,0,0,0,0,0,0,0,1,1,1,0,0,3,0,0,1,2,3
Brighton Town Police Department,1984-08-01,New York,35475,NY02750,breakdown offenses,normal return,normal return,normal return,normal return,normal return,breakdown offenses,breakdown offenses,breakdown offenses,0,0,0,0,0,1,1,0,3,1,0,0,2,5,0,0,0,0,5,20,11,3,6,89,9,9,0,0,127,0,0,4,118,122,0,0,0,0,0,2,1,0,0,1,4,0,0,0,0,4,15,8,5,2,31,6,6,0,0,58,0,0,2,52,54,0,0,0,0,0,1,1,0,0,0,0,0,0,0,0,0,4,2,2,0,2,1,1,0,0,8,0,0,1,7,8,0,0,0,0,0,1,0,0,0,1,0,0,0,0,0,0,0,0,0,0,2,0,0,0,0,3,0,0,1,2,3
Brighton Town Police Department,1984-07-01,New York,35475,NY02750,breakdown offenses,normal return,normal return,normal return,normal return,normal return,breakdown offenses,breakdown offenses,breakdown offenses,0,0,0,0,0,0,0,0,0,0,0,0,0,5,0,0,0,0,5,40,20,8,12,80,6,6,0,0,131,0,0,0,126,126,0,0,0,0,0,0,0,0,0,0,4,0,0,0,0,4,3,3,0,0,5,2,2,0,0,14,0,0,0,10,10,0,0,0,0,0,0,0,0,0,0,0,0,0,0,0,0,2,2,0,0,0,0,0,0,0,2,0,0,0,2,2,0,0,0,0,0,0,0,0,0,0,0,0,0,0,0,0,0,0,0,0,0,0,0,0,0,0,0,0,0,0,0
Brighton Town Police Department,1984-06-01,New York,35475,NY02750,breakdown offenses,adjustment,adjustment,adjustment,adjustment,adjustment,breakdown offenses,breakdown offenses,breakdown offenses,0,0,0,0,0,0,0,0,1,0,0,0,1,13,0,1,0,1,11,14,5,5,4,99,2,2,0,0,129,0,2,3,115,118,0,0,0,0,0,0,0,0,0,0,13,0,1,0,1,11,0,0,0,0,12,1,1,0,0,26,0,2,2,13,15,0,0,0,0,0,0,0,0,0,0,0,0,0,0,0,0,0,0,0,0,2,0,0,0,0,2,0,0,0,2,2,0,0,0,0,0,0,0,0,0,0,0,0,0,0,0,0,0,0,0,0,1,1,1,0,0,2,0,0,0,2,2
Brighton Town Police Department,1984-05-01,New York,35475,NY02750,breakdown offenses,adjustment,adjustment,adjustment,adjustment,adjustment,breakdown offenses,breakdown offenses,breakdown offenses,0,0,0,0,0,0,0,0,0,0,0,0,0,5,0,1,0,0,4,19,12,5,2,95,3,3,0,0,122,0,1,1,117,118,0,0,0,0,0,0,0,0,0,0,4,0,1,0,0,3,1,1,0,0,12,3,3,0,0,20,0,1,1,16,17,0,0,0,0,0,0,0,0,0,0,0,0,0,0,0,0,0,0,0,0,2,0,0,0,0,2,0,0,0,2,2,0,0,1,1,0,0,0,0,0,0,0,0,0,0,0,0,0,0,0,0,0,0,0,0,0,1,0,0,1,0,1
Brighton Town Police Department,1984-04-01,New York,35475,NY02750,breakdown offenses,adjustment,adjustment,adjustment,adjustment,adjustment,breakdown offenses,breakdown offenses,breakdown offenses,0,0,0,0,0,0,0,0,1,0,0,0,1,11,0,0,0,0,11,16,7,5,4,84,6,6,0,0,118,0,0,1,106,107,0,0,0,0,0,0,0,0,0,0,9,0,0,0,0,9,5,4,1,0,9,0,0,0,0,23,0,0,0,14,14,0,0,0,0,0,0,0,0,0,0,0,0,0,0,0,0,0,0,0,0,1,0,0,0,0,1,0,0,0,1,1,0,0,0,0,0,1,1,0,0,0,0,0,0,0,0,0,0,0,0,0,0,1,1,0,0,2,0,0,1,1,2
Brighton Town Police Department,1984-03-01,New York,35475,NY02750,breakdown offenses,normal return,normal return,normal return,normal return,normal return,breakdown offenses,breakdown offenses,breakdown offenses,0,0,0,0,0,0,0,0,2,1,0,0,1,10,0,0,0,0,10,9,6,3,0,95,2,2,0,0,118,0,0,2,106,108,0,0,0,0,0,2,1,0,0,1,8,0,0,0,0,8,0,0,0,0,13,1,1,0,0,24,0,0,2,14,16,0,0,0,0,0,1,1,0,0,0,0,0,0,0,0,0,0,0,0,0,1,0,0,0,0,2,0,0,1,1,2,0,0,0,0,0,0,0,0,0,0,0,0,0,0,0,0,0,0,0,0,1,0,0,0,0,1,0,0,0,1,1
Brighton Town Police Department,1984-02-01,New York,35475,NY02750,breakdown offenses,normal return,normal return,normal return,normal return,normal return,breakdown offenses,breakdown offenses,breakdown offenses,0,0,0,0,0,1,0,1,0,0,0,0,0,8,0,0,0,0,8,18,11,2,5,85,2,1,0,1,114,0,0,1,105,106,0,0,1,0,1,0,0,0,0,0,7,0,0,0,0,7,6,5,1,0,12,2,1,0,1,28,0,0,1,20,21,0,0,0,0,0,0,0,0,0,0,0,0,0,0,0,0,2,2,0,0,1,0,0,0,0,3,0,0,0,3,3,0,0,0,0,0,0,0,0,0,0,0,0,0,0,0,0,1,1,0,0,1,0,0,0,0,2,0,0,0,2,2
Brighton Town Police Department,1984-01-01,New York,35475,NY02750,breakdown offenses,normal return,normal return,normal return,normal return,normal return,breakdown offenses,breakdown offenses,breakdown offenses,0,0,0,0,0,0,0,0,0,0,0,0,0,8,0,0,0,1,7,14,9,1,4,83,3,3,0,0,108,0,1,1,100,101,0,0,0,0,0,0,0,0,0,0,7,0,0,0,1,6,5,4,1,0,10,2,2,0,0,24,0,1,1,17,18,0,0,0,0,0,0,0,0,0,0,0,0,0,0,0,0,1,0,1,0,1,1,1,0,0,3,0,0,0,3,3,0,0,0,0,0,0,0,0,0,0,0,0,0,0,0,0,0,0,0,0,1,0,0,0,0,1,0,0,0,1,1
Brighton Town Police Department,1983-12-01,New York,36076,NY02750,breakdown offenses,adjustment,adjustment,adjustment,adjustment,adjustment,breakdown offenses,breakdown offenses,breakdown offenses,0,0,0,0,0,0,0,0,1,1,0,0,0,9,0,0,0,3,6,10,7,1,2,73,2,2,0,0,95,0,3,4,85,89,0,0,0,0,0,0,0,0,0,0,8,0,0,0,2,6,1,1,0,0,8,0,0,0,0,17,0,2,2,9,11,0,0,0,0,0,0,0,0,0,0,0,0,0,0,0,0,0,0,0,0,0,0,0,0,0,0,0,0,0,0,0,0,0,1,1,0,0,0,0,0,0,0,0,0,0,0,0,1,1,0,0,3,0,0,0,0,5,0,0,1,4,5
Brighton Town Police Department,1983-11-01,New York,36076,NY02750,breakdown offenses,adjustment,adjustment,adjustment,adjustment,adjustment,breakdown offenses,breakdown offenses,breakdown offenses,0,0,0,0,0,0,0,0,1,0,1,0,0,6,0,0,0,0,6,10,6,3,1,90,2,2,0,0,109,0,0,1,102,103,0,0,0,0,0,1,0,1,0,0,2,0,0,0,0,2,1,1,0,0,11,0,0,0,0,15,0,0,1,12,13,0,0,0,0,0,0,0,0,0,0,0,0,0,0,0,0,0,0,0,0,1,0,0,0,0,1,0,0,0,1,1,0,0,0,0,0,0,0,0,0,0,0,0,0,0,0,0,1,0,1,0,0,1,1,0,0,2,0,0,0,2,2
Brighton Town Police Department,1983-10-01,New York,36076,NY02750,breakdown offenses,adjustment,adjustment,adjustment,adjustment,adjustment,breakdown offenses,breakdown offenses,breakdown offenses,0,0,0,0,0,2,1,1,1,0,0,0,1,8,0,0,0,0,8,11,7,3,1,122,5,5,0,0,149,0,0,3,138,141,0,0,0,0,0,0,0,0,0,0,3,0,0,0,0,3,23,22,1,0,13,0,0,0,0,39,0,0,0,36,36,0,0,0,0,0,0,0,0,0,0,0,0,0,0,0,0,0,0,0,0,1,0,0,0,0,1,0,0,0,1,1,0,0,0,0,0,0,0,0,0,0,0,0,0,0,0,0,0,0,0,0,1,0,0,0,0,1,0,0,0,1,1
Brighton Town Police Department,1983-09-01,New York,36076,NY02750,breakdown offenses,normal return,normal return,normal return,normal return,normal return,breakdown offenses,breakdown offenses,breakdown offenses,0,0,0,0,0,0,0,0,1,0,0,0,1,5,0,0,0,0,5,23,13,3,7,119,4,4,0,0,152,0,0,1,146,147,0,0,0,0,0,0,0,0,0,0,5,0,0,0,0,5,4,1,1,2,5,0,0,0,0,14,0,0,0,9,9,0,0,0,0,0,0,0,0,0,0,0,0,0,0,0,0,0,0,0,0,0,0,0,0,0,0,0,0,0,0,0,0,0,0,0,0,0,0,0,0,0,0,0,0,0,0,0,0,0,0,0,2,0,0,0,0,2,0,0,0,2,2
Brighton Town Police Department,1983-08-01,New York,36076,NY02750,breakdown offenses,normal return,normal return,normal return,normal return,normal return,breakdown offenses,breakdown offenses,breakdown offenses,0,0,0,0,0,2,0,2,5,1,1,0,3,10,0,0,0,0,10,11,6,3,2,114,8,8,0,0,150,0,0,7,133,140,0,0,1,0,1,2,1,0,0,1,10,0,0,0,0,10,4,4,0,0,7,1,1,0,0,25,0,0,3,12,15,0,0,0,0,0,0,0,0,0,0,0,0,0,0,0,0,0,0,0,0,1,0,0,0,0,1,0,0,0,1,1,0,0,1,1,0,1,0,0,0,1,0,0,0,0,0,0,0,0,0,0,1,1,1,0,0,4,0,0,2,2,4
Brighton Town Police Department,1983-07-01,New York,36076,NY02750,breakdown offenses,normal return,normal return,normal return,normal return,normal return,breakdown offenses,breakdown offenses,breakdown offenses,0,0,0,0,0,0,0,0,3,2,0,0,1,8,0,0,0,1,7,17,10,7,0,92,4,1,0,3,124,0,1,4,113,117,0,0,0,0,0,0,0,0,0,0,4,0,0,0,1,3,2,2,0,0,15,1,1,0,0,22,0,1,1,18,19,0,0,0,0,0,0,0,0,0,0,0,0,0,0,0,0,1,1,0,0,2,1,1,0,0,4,0,0,0,4,4,0,0,0,0,0,0,0,0,0,0,0,0,0,0,0,0,0,0,0,0,3,0,0,0,0,3,0,0,0,3,3
Brighton Town Police Department,1983-06-01,New York,36076,NY02750,breakdown offenses,adjustment,adjustment,adjustment,adjustment,adjustment,breakdown offenses,breakdown offenses,breakdown offenses,0,0,0,0,0,0,0,0,3,1,2,0,0,10,0,1,0,1,8,24,14,9,1,86,4,4,0,0,127,0,2,5,114,119,0,0,0,0,0,0,0,0,0,0,4,0,0,0,0,4,10,5,4,1,14,1,1,0,0,29,0,0,0,25,25,0,0,0,0,0,0,0,0,0,0,0,0,0,0,0,0,1,1,0,0,1,0,0,0,0,2,0,0,0,2,2,0,0,0,0,0,0,0,0,0,0,0,0,0,0,0,0,0,0,0,0,2,0,0,0,0,2,0,0,0,2,2
Brighton Town Police Department,1983-05-01,New York,36076,NY02750,breakdown offenses,normal return,normal return,normal return,normal return,normal return,breakdown offenses,breakdown offenses,breakdown offenses,0,0,0,0,0,0,0,0,3,1,0,0,2,3,0,0,0,0,3,21,12,5,4,107,4,4,0,0,138,0,0,3,132,135,0,0,0,0,0,1,1,0,0,0,3,0,0,0,0,3,1,0,0,1,8,3,2,0,1,16,0,0,1,12,13,0,0,0,0,0,0,0,0,0,0,0,0,0,0,0,0,1,0,0,1,0,0,0,0,0,1,0,0,0,1,1,0,0,0,0,0,0,0,0,0,0,0,0,0,0,0,0,1,1,0,0,3,0,0,0,0,4,0,0,0,4,4
Brighton Town Police Department,1983-04-01,New York,36076,NY02750,breakdown offenses,normal return,normal return,normal return,normal return,normal return,breakdown offenses,breakdown offenses,breakdown offenses,0,0,0,0,0,0,0,0,0,0,0,0,0,3,0,0,0,0,3,27,17,9,1,66,4,4,0,0,100,0,0,0,97,97,0,0,0,0,0,0,0,0,0,0,3,0,0,0,0,3,3,1,2,0,14,1,1,0,0,21,0,0,0,18,18,0,0,0,0,0,0,0,0,0,0,0,0,0,0,0,0,0,0,0,0,2,0,0,0,0,2,0,0,0,2,2,0,0,0,0,0,0,0,0,0,0,1,0,0,0,0,1,0,0,0,0,3,0,0,0,0,4,0,0,0,3,3
Brighton Town Police Department,1983-03-01,New York,36076,NY02750,breakdown offenses,normal return,normal return,normal return,normal return,normal return,breakdown offenses,breakdown offenses,breakdown offenses,0,0,0,0,0,0,0,0,2,0,0,2,0,8,0,0,0,1,7,27,19,4,4,98,6,4,1,1,141,0,1,3,131,134,0,0,0,0,0,2,0,0,2,0,4,0,0,0,1,3,1,1,0,0,13,0,0,0,0,20,0,1,3,14,17,0,0,0,0,0,0,0,0,0,0,0,0,0,0,0,0,1,1,0,0,1,0,0,0,0,2,0,0,0,2,2,0,0,0,0,0,0,0,0,0,0,0,0,0,0,0,0,0,0,0,0,2,0,0,0,0,2,0,0,0,2,2
Brighton Town Police Department,1983-02-01,New York,36076,NY02750,breakdown offenses,normal return,normal return,normal return,normal return,normal return,breakdown offenses,breakdown offenses,breakdown offenses,0,0,1,0,0,0,0,0,0,0,0,0,0,7,1,1,0,0,5,12,3,6,3,75,3,3,0,0,97,0,2,2,90,92,0,0,0,0,0,0,0,0,0,0,5,0,1,0,1,3,3,0,2,1,8,2,2,0,0,18,0,2,2,13,15,0,0,0,0,0,0,0,0,0,0,0,0,0,0,0,0,0,0,0,0,1,0,0,0,0,1,0,0,0,1,1,0,0,0,0,0,0,0,0,0,0,0,0,0,0,0,0,1,0,0,1,5,0,0,0,0,6,0,0,0,6,6
Brighton Town Police Department,1983-01-01,New York,36076,NY02750,breakdown offenses,normal return,normal return,normal return,normal return,normal return,breakdown offenses,breakdown offenses,breakdown offenses,0,0,0,0,0,1,0,1,2,1,0,0,1,5,0,0,0,2,3,21,16,2,3,67,0,0,0,0,96,0,2,5,88,93,0,0,0,0,0,0,0,0,0,0,2,0,0,0,0,2,2,0,1,1,10,1,1,0,0,15,0,0,0,13,13,0,0,0,0,0,0,0,0,0,0,0,0,0,0,0,0,0,0,0,0,1,0,0,0,0,1,0,0,0,1,1,0,0,0,0,0,0,0,0,0,0,0,0,0,0,0,0,1,1,0,0,3,0,0,0,0,4,0,0,0,4,4
Brighton Town Police Department,1982-12-01,New York,36060,NY02750,,not updated,adjustment,adjustment,adjustment,adjustment,breakdown offenses,breakdown offenses,breakdown offenses,0,0,2,0,0,0,0,0,0,0,0,0,0,5,0,0,0,1,4,32,23,7,2,105,3,3,0,0,145,0,1,1,140,141,0,0,0,0,0,1,0,0,0,1,4,0,0,0,2,2,1,0,1,0,16,1,1,0,0,23,0,2,3,18,21,0,0,0,0,0,0,0,0,0,0,1,0,0,0,1,0,0,0,0,0,2,0,0,0,0,3,0,1,1,2,3,0,0,0,0,0,0,0,0,0,0,0,0,0,0,0,0,0,0,0,0,0,0,0,0,0,0,0,0,0,0,0
Brighton Town Police Department,1982-11-01,New York,36060,NY02750,,not updated,normal return,normal return,normal return,normal return,breakdown offenses,breakdown offenses,breakdown offenses,0,0,0,0,0,0,0,0,1,1,0,0,0,6,0,1,0,0,5,29,20,2,7,116,3,3,0,0,155,0,1,2,148,150,1,0,0,0,0,0,0,0,0,0,1,0,1,0,0,0,0,0,0,0,19,1,1,0,0,22,0,1,2,20,22,0,0,0,0,0,0,0,0,0,0,0,0,0,0,0,0,0,0,0,0,2,0,0,0,0,2,0,0,0,2,2,0,0,0,0,0,0,0,0,0,0,0,0,0,0,0,0,0,0,0,0,0,0,0,0,0,0,0,0,0,0,0
Brighton Town Police Department,1982-10-01,New York,36060,NY02750,,not updated,normal return,normal return,normal return,normal return,breakdown offenses,breakdown offenses,breakdown offenses,0,0,2,1,0,0,0,0,7,0,0,0,7,5,0,0,0,2,3,15,7,4,4,102,13,13,0,0,143,0,2,10,130,140,0,0,0,0,0,0,0,0,0,0,2,0,0,0,1,1,0,0,0,0,11,5,5,0,0,18,0,1,1,16,17,0,0,0,0,0,0,0,0,0,0,0,0,0,0,0,0,0,0,0,0,1,1,1,0,0,2,0,0,0,2,2,0,0,0,0,0,0,0,0,0,0,0,0,0,0,0,0,0,0,0,0,0,0,0,0,0,0,0,0,0,0,0
Brighton Town Police Department,1982-09-01,New York,36060,NY02750,,not updated,normal return,normal return,normal return,normal return,breakdown offenses,breakdown offenses,breakdown offenses,0,0,0,0,0,0,0,0,5,1,1,0,3,3,0,0,0,0,3,26,15,6,5,89,3,3,0,0,126,0,0,5,118,123,0,0,0,0,0,1,1,0,0,0,2,0,0,0,0,2,13,11,1,1,13,0,0,0,0,29,0,0,1,26,27,0,0,0,0,0,0,0,0,0,0,0,0,0,0,0,0,1,1,0,0,0,0,0,0,0,1,0,0,0,1,1,0,0,0,0,0,0,0,0,0,0,0,0,0,0,0,0,0,0,0,0,0,0,0,0,0,0,0,0,0,0,0
Brighton Town Police Department,1982-08-01,New York,36060,NY02750,,not updated,normal return,normal return,normal return,normal return,breakdown offenses,breakdown offenses,breakdown offenses,0,0,0,0,0,0,0,0,1,0,0,0,1,6,0,0,0,0,6,35,18,10,7,111,4,3,0,1,157,0,0,1,150,151,0,0,0,0,0,0,0,0,0,0,3,0,0,0,0,3,3,3,0,0,8,0,0,0,0,14,0,0,0,11,11,0,0,0,0,0,0,0,0,0,0,0,0,0,0,0,0,2,2,0,0,1,0,0,0,0,3,0,0,0,3,3,0,0,0,0,0,0,0,0,0,0,0,0,0,0,0,0,0,0,0,0,0,0,0,0,0,0,0,0,0,0,0
Brighton Town Police Department,1982-07-01,New York,36060,NY02750,,not updated,normal return,normal return,normal return,normal return,breakdown offenses,breakdown offenses,breakdown offenses,0,0,0,0,0,1,1,0,3,1,1,0,1,7,0,0,0,0,7,23,18,4,1,98,6,3,0,3,138,0,0,4,127,131,0,0,0,0,0,1,0,0,0,1,3,0,0,0,0,3,4,3,0,1,15,1,1,0,0,24,0,0,1,20,21,0,0,0,0,0,0,0,0,0,0,0,0,0,0,0,0,2,2,0,0,0,0,0,0,0,2,0,0,0,2,2,0,0,0,0,0,0,0,0,0,0,0,0,0,0,0,0,0,0,0,0,0,0,0,0,0,0,0,0,0,0,0
Brighton Town Police Department,1982-06-01,New York,36060,NY02750,,not updated,normal return,normal return,normal return,normal return,breakdown offenses,breakdown offenses,breakdown offenses,0,0,0,0,0,0,0,0,3,1,0,1,1,5,0,0,0,0,5,26,13,10,3,102,5,4,0,1,141,0,0,3,133,136,0,0,0,0,0,0,0,0,0,0,5,0,0,0,0,5,2,2,0,0,11,1,0,0,1,19,0,0,0,14,14,0,0,0,0,0,0,0,0,0,0,0,0,0,0,0,0,1,1,0,0,0,0,0,0,0,1,0,0,0,1,1,0,0,0,0,0,0,0,0,0,0,0,0,0,0,0,0,0,0,0,0,0,0,0,0,0,0,0,0,0,0,0
Brighton Town Police Department,1982-05-01,New York,36060,NY02750,,not updated,normal return,normal return,normal return,normal return,breakdown offenses,breakdown offenses,breakdown offenses,0,0,0,0,0,0,0,0,2,1,1,0,0,2,0,0,0,0,2,26,11,6,9,104,5,4,0,1,139,0,0,2,135,137,0,0,0,0,0,1,0,1,0,0,1,0,0,0,0,1,3,1,1,1,9,1,1,0,0,15,0,0,1,13,14,0,0,0,0,0,0,0,0,0,0,0,0,0,0,0,0,0,0,0,0,3,0,0,0,0,3,0,0,0,3,3,0,0,0,0,0,0,0,0,0,0,0,0,0,0,0,0,0,0,0,0,0,0,0,0,0,0,0,0,0,0,0
Brighton Town Police Department,1982-04-01,New York,36060,NY02750,,not updated,normal return,normal return,normal return,normal return,breakdown offenses,breakdown offenses,breakdown offenses,0,0,0,0,0,0,0,0,0,0,0,0,0,2,0,0,0,0,2,25,16,4,5,65,1,1,0,0,93,0,0,0,91,91,0,0,0,0,0,0,0,0,0,0,3,0,0,0,0,3,21,6,14,1,5,0,0,0,0,29,0,0,0,26,26,0,0,0,0,0,0,0,0,0,0,0,0,0,0,0,0,15,1,13,1,0,0,0,0,0,15,0,0,0,15,15,0,0,0,0,0,0,0,0,0,0,0,0,0,0,0,0,0,0,0,0,0,0,0,0,0,0,0,0,0,0,0
Brighton Town Police Department,1982-03-01,New York,36060,NY02750,,not updated,normal return,normal return,normal return,normal return,breakdown offenses,breakdown offenses,breakdown offenses,0,0,0,0,0,2,2,0,1,0,0,0,1,9,0,0,0,1,8,31,17,6,8,138,0,0,0,0,181,0,1,4,169,173,0,0,1,1,0,1,0,0,0,1,5,0,0,0,0,5,18,16,1,1,18,0,0,0,0,43,0,0,2,36,38,0,0,0,0,0,0,0,0,0,0,0,0,0,0,0,0,4,3,1,0,3,0,0,0,0,7,0,0,0,7,7,0,0,0,0,0,0,0,0,0,0,0,0,0,0,0,0,0,0,0,0,0,0,0,0,0,0,0,0,0,0,0
Brighton Town Police Department,1982-02-01,New York,36060,NY02750,,not updated,normal return,normal return,normal return,normal return,breakdown offenses,breakdown offenses,breakdown offenses,0,0,0,1,0,1,0,1,1,0,0,0,1,2,0,0,0,0,2,17,14,2,1,61,4,4,0,0,87,0,0,3,82,85,0,0,1,0,1,0,0,0,0,0,1,0,0,0,0,1,0,0,0,0,10,0,0,0,0,12,0,0,1,10,11,0,0,0,0,0,0,0,0,0,0,0,0,0,0,0,0,0,0,0,0,2,0,0,0,0,2,0,0,0,2,2,0,0,0,0,0,0,0,0,0,0,0,0,0,0,0,0,0,0,0,0,0,0,0,0,0,0,0,0,0,0,0
Brighton Town Police Department,1982-01-01,New York,36060,NY02750,,not updated,normal return,normal return,normal return,normal return,breakdown offenses,breakdown offenses,breakdown offenses,0,0,0,0,0,0,0,0,2,0,1,1,0,2,0,0,0,0,2,11,8,2,1,35,2,2,0,0,52,0,0,2,48,50,0,0,0,0,0,0,0,0,0,0,3,0,0,0,0,3,2,1,0,1,11,2,2,0,0,18,0,0,0,15,15,0,0,0,0,0,0,0,0,0,0,0,0,0,0,0,0,0,0,0,0,0,0,0,0,0,0,0,0,0,0,0,0,0,0,0,0,0,0,0,0,0,0,0,0,0,0,0,0,0,0,0,0,0,0,0,0,0,0,0,0,0,0
Brighton Town Police Department,1981-12-01,New York,35927,NY02750,,not updated,normal return,normal return,normal return,normal return,breakdown offenses,breakdown offenses,breakdown offenses,0,0,0,0,0,0,0,0,0,0,0,0,0,2,0,0,0,0,2,31,17,5,9,87,2,2,0,0,122,0,0,0,120,120,0,0,0,0,0,0,0,0,0,0,3,0,0,0,0,3,30,18,6,6,15,0,0,0,0,48,0,0,0,45,45,0,0,0,0,0,0,0,0,0,0,0,0,0,0,0,0,0,0,0,0,0,0,0,0,0,0,0,0,0,0,0,0,0,0,0,0,0,0,0,0,0,0,0,0,0,0,0,0,0,0,0,0,0,0,0,0,0,0,0,0,0,0
Brighton Town Police Department,1981-11-01,New York,35927,NY02750,,not updated,normal return,normal return,normal return,normal return,breakdown offenses,breakdown offenses,breakdown offenses,0,0,0,0,0,0,0,0,1,0,0,0,1,5,0,0,0,1,4,12,8,3,1,68,1,0,0,1,87,0,1,2,81,83,0,0,0,0,0,1,0,0,0,1,2,0,0,0,1,1,2,0,2,0,5,0,0,0,0,10,0,1,2,7,9,0,0,0,0,0,0,0,0,0,0,0,0,0,0,0,0,0,0,0,0,0,0,0,0,0,0,0,0,0,0,0,0,0,0,0,0,0,0,0,0,0,0,0,0,0,0,0,0,0,0,0,0,0,0,0,0,0,0,0,0,0,0
Brighton Town Police Department,1981-10-01,New York,35927,NY02750,,not updated,normal return,normal return,normal return,normal return,breakdown offenses,breakdown offenses,breakdown offenses,0,0,1,0,0,2,0,2,1,0,1,0,0,5,0,0,0,1,4,31,13,14,4,93,1,1,0,0,133,0,1,4,125,129,0,0,1,0,1,0,0,0,0,0,4,0,0,0,1,3,2,2,0,0,12,0,0,0,0,19,0,1,2,14,16,0,0,0,0,0,0,0,0,0,0,0,0,0,0,0,0,0,0,0,0,3,0,0,0,0,3,0,0,0,3,3,0,0,0,0,0,0,0,0,0,0,0,0,0,0,0,0,0,0,0,0,0,0,0,0,0,0,0,0,0,0,0
Brighton Town Police Department,1981-09-01,New York,35927,NY02750,,not updated,normal return,normal return,normal return,normal return,breakdown offenses,breakdown offenses,breakdown offenses,0,0,0,0,0,1,1,0,3,0,0,0,3,6,0,0,1,1,4,32,16,10,6,95,9,5,0,4,146,0,2,6,136,142,0,0,0,0,0,0,0,0,0,0,4,0,0,0,1,3,2,0,2,0,9,2,1,0,1,17,0,1,1,13,14,0,0,0,0,0,0,0,0,0,0,0,0,0,0,0,0,0,0,0,0,2,0,0,0,0,2,0,0,0,2,2,0,0,0,0,0,0,0,0,0,0,0,0,0,0,0,0,0,0,0,0,0,0,0,0,0,0,0,0,0,0,0
Brighton Town Police Department,1981-08-01,New York,35927,NY02750,,not updated,normal return,normal return,normal return,normal return,breakdown offenses,breakdown offenses,breakdown offenses,0,0,0,0,0,1,1,0,2,1,0,0,1,2,0,0,0,0,2,30,6,10,14,105,8,3,1,4,148,0,0,3,143,146,0,0,0,0,0,0,0,0,0,0,2,0,0,1,0,1,0,0,0,0,8,2,2,0,0,12,0,1,1,10,11,0,0,0,0,0,0,0,0,0,0,0,0,0,0,0,0,0,0,0,0,1,0,0,0,0,1,0,0,0,1,1,0,0,0,0,0,0,0,0,0,0,0,0,0,0,0,0,0,0,0,0,0,0,0,0,0,0,0,0,0,0,0
Brighton Town Police Department,1981-07-01,New York,35927,NY02750,,not updated,normal return,normal return,normal return,normal return,breakdown offenses,breakdown offenses,breakdown offenses,0,0,0,0,0,1,1,0,1,1,0,0,0,1,0,0,0,0,1,34,12,14,8,93,3,1,0,2,133,0,0,2,130,132,0,0,1,1,0,1,1,0,0,0,1,0,0,0,0,1,7,2,2,3,15,0,0,0,0,25,0,0,2,22,24,0,0,0,0,0,0,0,0,0,0,0,0,0,0,0,0,6,2,1,3,4,0,0,0,0,10,0,0,0,10,10,0,0,0,0,0,0,0,0,0,0,0,0,0,0,0,0,0,0,0,0,0,0,0,0,0,0,0,0,0,0,0
Brighton Town Police Department,1981-06-01,New York,35927,NY02750,,not updated,normal return,normal return,normal return,normal return,breakdown offenses,breakdown offenses,breakdown offenses,0,0,0,0,0,0,0,0,1,1,0,0,0,3,0,0,0,0,3,27,12,6,9,145,2,0,0,2,178,0,0,1,174,175,0,0,0,0,0,0,0,0,0,0,1,0,0,0,0,1,3,3,0,0,27,0,0,0,0,31,0,0,0,30,30,0,0,0,0,0,0,0,0,0,0,0,0,0,0,0,0,0,0,0,0,8,0,0,0,0,8,0,0,0,8,8,0,0,0,0,0,0,0,0,0,0,0,0,0,0,0,0,0,0,0,0,0,0,0,0,0,0,0,0,0,0,0
Brighton Town Police Department,1981-05-01,New York,35927,NY02750,,not updated,normal return,normal return,normal return,normal return,breakdown offenses,breakdown offenses,breakdown offenses,0,0,1,0,0,0,0,0,0,0,0,0,0,4,0,0,0,1,3,20,14,2,4,121,5,4,0,1,150,0,1,1,146,147,0,0,0,0,0,0,0,0,0,0,3,0,0,0,1,2,4,3,1,0,16,4,2,0,2,27,0,1,1,24,25,0,0,0,0,0,0,0,0,0,0,0,0,0,0,0,0,0,0,0,0,8,1,1,0,0,9,0,0,0,9,9,0,0,0,0,0,0,0,0,0,0,0,0,0,0,0,0,0,0,0,0,0,0,0,0,0,0,0,0,0,0,0
Brighton Town Police Department,1981-04-01,New York,35927,NY02750,,not updated,normal return,normal return,normal return,normal return,breakdown offenses,breakdown offenses,breakdown offenses,0,0,0,0,0,0,0,0,3,2,0,0,1,5,0,0,1,0,4,27,13,6,8,97,2,1,0,1,134,0,1,4,126,130,0,0,0,0,0,0,0,0,0,0,4,0,0,1,0,3,7,3,2,2,11,0,0,0,0,22,0,1,1,18,19,0,0,0,0,0,0,0,0,0,0,0,0,0,0,0,0,6,3,2,1,7,0,0,0,0,13,0,0,0,13,13,0,0,0,0,0,0,0,0,0,0,0,0,0,0,0,0,0,0,0,0,0,0,0,0,0,0,0,0,0,0,0
Brighton Town Police Department,1981-03-01,New York,35927,NY02750,,not updated,normal return,normal return,normal return,normal return,breakdown offenses,breakdown offenses,breakdown offenses,0,0,0,0,0,0,0,0,2,0,0,0,2,1,0,0,0,0,1,36,23,4,9,107,5,3,1,1,151,0,0,2,148,150,0,0,0,0,0,1,0,0,0,1,0,0,0,0,0,0,4,3,0,1,4,0,0,0,0,9,0,0,1,8,9,0,0,0,0,0,0,0,0,0,0,0,0,0,0,0,0,1,1,0,0,1,0,0,0,0,2,0,0,0,2,2,0,0,0,0,0,0,0,0,0,0,0,0,0,0,0,0,0,0,0,0,0,0,0,0,0,0,0,0,0,0,0
Brighton Town Police Department,1981-02-01,New York,35927,NY02750,,not updated,normal return,normal return,normal return,normal return,breakdown offenses,breakdown offenses,breakdown offenses,0,0,0,0,0,1,1,0,0,0,0,0,0,4,0,0,0,0,4,31,19,9,3,84,1,0,1,0,121,0,0,1,116,117,0,0,0,0,0,0,0,0,0,0,3,0,0,0,0,3,53,32,17,4,14,0,0,0,0,70,0,0,0,67,67,0,0,0,0,0,0,0,0,0,0,0,0,0,0,0,0,1,0,1,0,4,0,0,0,0,5,0,0,0,5,5,0,0,0,0,0,0,0,0,0,0,0,0,0,0,0,0,0,0,0,0,0,0,0,0,0,0,0,0,0,0,0
Brighton Town Police Department,1981-01-01,New York,35927,NY02750,,not updated,normal return,normal return,normal return,normal return,breakdown offenses,breakdown offenses,breakdown offenses,0,0,0,1,0,1,1,0,2,1,0,0,1,3,0,0,0,0,3,22,12,8,2,79,1,1,0,0,109,0,0,4,102,106,1,0,1,1,0,0,0,0,0,0,2,0,0,0,0,2,2,0,2,0,19,0,0,0,0,25,0,0,2,21,23,0,0,0,0,0,0,0,0,0,0,0,0,0,0,0,0,0,0,0,0,0,0,0,0,0,0,0,0,0,0,0,0,0,0,0,0,0,0,0,0,0,0,0,0,0,0,0,0,0,0,0,0,0,0,0,0,0,0,0,0,0,0
Brighton Town Police Department,1980-12-01,New York,35749,NY02750,,not updated,normal return,normal return,normal return,normal return,breakdown offenses,breakdown offenses,breakdown offenses,0,0,0,0,0,1,0,1,1,1,0,0,0,5,0,0,0,1,4,43,21,17,5,85,2,1,1,0,137,0,1,3,130,133,0,0,0,0,0,1,1,0,0,0,7,0,0,0,1,6,3,2,1,0,15,1,1,0,0,27,0,1,2,19,21,0,0,0,0,0,0,0,0,0,0,1,0,0,0,1,0,1,1,0,0,5,0,0,0,0,7,0,1,1,6,7,0,0,0,0,0,0,0,0,0,0,0,0,0,0,0,0,0,0,0,0,0,0,0,0,0,0,0,0,0,0,0
Brighton Town Police Department,1980-11-01,New York,35749,NY02750,,not updated,normal return,normal return,normal return,normal return,breakdown offenses,breakdown offenses,breakdown offenses,0,0,0,0,0,0,0,0,0,0,0,0,0,6,0,0,0,1,5,27,15,9,3,111,7,5,1,1,151,0,1,1,145,146,0,0,0,0,0,0,0,0,0,0,5,0,0,0,0,5,1,1,0,0,11,2,2,0,0,19,0,0,0,14,14,0,0,0,0,0,0,0,0,0,0,0,0,0,0,0,0,0,0,0,0,1,0,0,0,0,1,0,0,0,1,1,0,0,0,0,0,0,0,0,0,0,0,0,0,0,0,0,0,0,0,0,0,0,0,0,0,0,0,0,0,0,0
Brighton Town Police Department,1980-10-01,New York,35749,NY02750,,not updated,normal return,normal return,normal return,normal return,breakdown offenses,breakdown offenses,breakdown offenses,0,0,0,0,0,0,0,0,0,0,0,0,0,6,0,0,0,0,6,22,9,10,3,103,8,3,0,5,139,0,0,0,133,133,0,0,0,0,0,0,0,0,0,0,6,0,0,0,0,6,1,0,1,0,15,0,0,0,0,22,0,0,0,16,16,0,0,0,0,0,0,0,0,0,0,0,0,0,0,0,0,0,0,0,0,3,0,0,0,0,3,0,0,0,3,3,0,0,0,0,0,0,0,0,0,0,0,0,0,0,0,0,0,0,0,0,0,0,0,0,0,0,0,0,0,0,0
Brighton Town Police Department,1980-09-01,New York,35749,NY02750,,not updated,normal return,normal return,normal return,normal return,breakdown offenses,breakdown offenses,breakdown offenses,0,0,0,0,0,0,0,0,1,1,0,0,0,3,0,0,0,0,3,18,12,4,2,147,0,0,0,0,169,0,0,1,165,166,0,0,0,0,0,0,0,0,0,0,5,0,0,0,0,5,1,0,0,1,22,0,0,0,0,28,0,0,0,23,23,0,0,0,0,0,0,0,0,0,0,0,0,0,0,0,0,0,0,0,0,2,0,0,0,0,2,0,0,0,2,2,0,0,0,0,0,0,0,0,0,0,0,0,0,0,0,0,0,0,0,0,0,0,0,0,0,0,0,0,0,0,0
Brighton Town Police Department,1980-08-01,New York,35749,NY02750,,not updated,normal return,normal return,normal return,normal return,breakdown offenses,breakdown offenses,breakdown offenses,0,0,0,0,0,1,1,0,1,0,0,1,0,4,0,0,0,0,4,27,13,10,4,116,5,2,0,3,154,0,0,2,148,150,0,0,3,3,0,0,0,0,0,0,3,0,0,0,0,3,3,2,1,0,11,2,0,0,2,22,0,0,3,16,19,0,0,0,0,0,0,0,0,0,0,0,0,0,0,0,0,2,2,0,0,3,1,0,0,1,6,0,0,0,6,6,0,0,0,0,0,0,0,0,0,0,0,0,0,0,0,0,0,0,0,0,0,0,0,0,0,0,0,0,0,0,0
Brighton Town Police Department,1980-07-01,New York,35749,NY02750,,not updated,normal return,normal return,normal return,normal return,breakdown offenses,breakdown offenses,breakdown offenses,0,0,0,0,0,1,0,1,1,0,1,0,0,1,0,0,0,0,1,28,18,8,2,126,5,4,1,0,162,0,0,2,159,161,0,0,0,0,0,0,0,0,0,0,1,0,0,0,0,1,3,3,0,0,12,0,0,0,0,16,0,0,0,15,15,0,0,0,0,0,0,0,0,0,0,0,0,0,0,0,0,1,1,0,0,1,0,0,0,0,2,0,0,0,2,2,0,0,0,0,0,0,0,0,0,0,0,0,0,0,0,0,0,0,0,0,0,0,0,0,0,0,0,0,0,0,0
Brighton Town Police Department,1980-06-01,New York,35749,NY02750,,not updated,normal return,normal return,normal return,normal return,breakdown offenses,breakdown offenses,breakdown offenses,0,0,0,0,0,1,0,1,1,0,0,0,1,4,1,0,0,0,3,29,15,7,7,104,9,7,0,2,148,0,1,3,142,145,0,0,0,0,0,0,0,0,0,0,3,0,0,0,0,3,18,10,5,3,7,3,3,0,0,31,0,0,0,28,28,0,0,0,0,0,0,0,0,0,0,0,0,0,0,0,0,15,9,3,3,4,0,0,0,0,19,0,0,0,19,19,0,0,0,0,0,0,0,0,0,0,0,0,0,0,0,0,0,0,0,0,0,0,0,0,0,0,0,0,0,0,0
Brighton Town Police Department,1980-05-01,New York,35749,NY02750,,not updated,normal return,normal return,normal return,normal return,breakdown offenses,breakdown offenses,breakdown offenses,0,0,0,0,0,0,0,0,0,0,0,0,0,5,0,0,0,0,5,28,16,7,5,129,9,8,1,0,171,0,0,0,166,166,0,0,0,0,0,0,0,0,0,0,5,0,0,0,0,5,1,0,1,0,11,2,2,0,0,19,0,0,0,14,14,0,0,0,0,0,0,0,0,0,0,0,0,0,0,0,0,1,0,1,0,5,1,1,0,0,7,0,0,0,7,7,0,0,0,0,0,0,0,0,0,0,0,0,0,0,0,0,0,0,0,0,0,0,0,0,0,0,0,0,0,0,0
Brighton Town Police Department,1980-04-01,New York,35749,NY02750,,not updated,normal return,normal return,normal return,normal return,breakdown offenses,breakdown offenses,breakdown offenses,0,0,0,0,0,0,0,0,0,0,0,0,0,5,0,0,0,0,5,20,12,6,2,101,3,0,1,2,129,0,0,0,124,124,0,0,0,0,0,0,0,0,0,0,4,0,0,0,0,4,5,3,2,0,15,0,0,0,0,24,0,0,0,20,20,0,0,0,0,0,0,0,0,0,0,0,0,0,0,0,0,4,2,2,0,2,0,0,0,0,6,0,0,0,6,6,0,0,0,0,0,0,0,0,0,0,0,0,0,0,0,0,0,0,0,0,0,0,0,0,0,0,0,0,0,0,0
Brighton Town Police Department,1980-03-01,New York,35749,NY02750,,not updated,normal return,normal return,normal return,normal return,breakdown offenses,breakdown offenses,breakdown offenses,0,0,0,0,0,1,1,0,0,0,0,0,0,3,0,0,0,0,3,23,12,7,4,98,6,3,1,2,131,0,0,1,127,128,0,0,0,0,0,0,0,0,0,0,3,0,0,0,0,3,5,3,1,1,14,2,1,0,1,24,0,0,0,21,21,0,0,0,0,0,0,0,0,0,0,0,0,0,0,0,0,1,1,0,0,2,0,0,0,0,3,0,0,0,3,3,0,0,0,0,0,0,0,0,0,0,0,0,0,0,0,0,0,0,0,0,0,0,0,0,0,0,0,0,0,0,0
Brighton Town Police Department,1980-02-01,New York,35749,NY02750,,not updated,normal return,normal return,normal return,normal return,breakdown offenses,breakdown offenses,breakdown offenses,0,0,0,2,0,0,0,0,0,0,0,0,0,8,1,0,0,1,6,35,24,5,6,98,3,2,0,1,146,0,2,4,136,140,2,0,0,0,0,1,0,0,0,1,4,0,0,0,1,3,28,25,1,2,8,0,0,0,0,43,0,1,4,36,40,0,0,0,0,0,0,0,0,0,0,0,0,0,0,0,0,0,0,0,0,2,0,0,0,0,2,0,0,0,2,2,0,0,0,0,0,0,0,0,0,0,0,0,0,0,0,0,0,0,0,0,0,0,0,0,0,0,0,0,0,0,0
Brighton Town Police Department,1980-01-01,New York,35749,NY02750,,not updated,normal return,normal return,normal return,normal return,breakdown offenses,breakdown offenses,breakdown offenses,0,0,0,0,0,1,0,1,0,0,0,0,0,6,0,0,2,0,4,47,30,7,10,79,7,6,1,0,140,0,2,3,133,136,0,0,0,0,0,0,0,0,0,0,6,0,0,2,0,4,3,1,0,2,14,3,3,0,0,26,0,2,2,20,22,0,0,0,0,0,0,0,0,0,0,0,0,0,0,0,0,0,0,0,0,7,0,0,0,0,7,0,0,0,7,7,0,0,0,0,0,0,0,0,0,0,0,0,0,0,0,0,0,0,0,0,0,0,0,0,0,0,0,0,0,0,0
Brighton Town Police Department,1979-12-01,New York,33701,NY02750,,not updated,adjustment,adjustment,adjustment,adjustment,breakdown offenses,breakdown offenses,breakdown offenses,0,0,0,0,0,1,1,0,1,0,1,0,0,3,0,0,0,0,3,28,19,7,2,72,0,0,0,0,105,0,0,2,100,102,0,0,0,0,0,0,0,0,0,0,3,0,0,0,0,3,7,4,1,2,7,0,0,0,0,17,0,0,0,14,14,0,0,0,0,0,0,0,0,0,0,0,0,0,0,0,0,5,2,1,2,1,0,0,0,0,6,0,0,0,6,6,0,0,0,0,0,0,0,0,0,0,0,0,0,0,0,0,0,0,0,0,0,0,0,0,0,0,0,0,0,0,0
Brighton Town Police Department,1979-11-01,New York,33701,NY02750,,not updated,normal return,normal return,normal return,normal return,breakdown offenses,breakdown offenses,breakdown offenses,0,0,0,0,0,0,0,0,2,0,0,0,2,3,0,0,0,0,3,44,27,5,12,93,2,1,0,1,144,0,0,2,139,141,0,0,0,0,0,0,0,0,0,0,0,0,0,0,0,0,0,0,0,0,15,0,0,0,0,15,0,0,0,15,15,0,0,0,0,0,0,0,0,0,0,0,0,0,0,0,0,0,0,0,0,3,0,0,0,0,3,0,0,0,3,3,0,0,0,0,0,0,0,0,0,0,0,0,0,0,0,0,0,0,0,0,0,0,0,0,0,0,0,0,0,0,0
Brighton Town Police Department,1979-10-01,New York,33701,NY02750,,not updated,adjustment,adjustment,adjustment,adjustment,breakdown offenses,breakdown offenses,breakdown offenses,0,0,0,0,0,0,0,0,1,1,0,0,0,6,0,0,0,0,6,33,21,6,6,119,5,5,0,0,164,0,0,1,157,158,0,0,0,0,0,1,1,0,0,0,3,0,0,0,0,3,4,2,1,1,14,2,2,0,0,24,0,0,1,20,21,0,0,0,0,0,1,1,0,0,0,0,0,0,0,0,0,4,2,1,1,6,0,0,0,0,11,0,0,1,10,11,0,0,0,0,0,0,0,0,0,0,0,0,0,0,0,0,0,0,0,0,0,0,0,0,0,0,0,0,0,0,0
Brighton Town Police Department,1979-09-01,New York,33701,NY02750,,not updated,adjustment,adjustment,adjustment,adjustment,breakdown offenses,breakdown offenses,breakdown offenses,0,0,0,0,0,1,1,0,0,0,0,0,0,3,0,0,0,2,1,32,13,9,10,120,2,2,0,0,158,0,2,3,154,157,0,0,0,0,0,0,0,0,0,0,3,0,0,0,2,1,8,3,3,2,11,0,0,0,0,22,0,2,2,19,21,0,0,0,0,0,0,0,0,0,0,0,0,0,0,0,0,4,3,1,0,2,0,0,0,0,6,0,0,0,6,6,0,0,0,0,0,0,0,0,0,0,0,0,0,0,0,0,0,0,0,0,0,0,0,0,0,0,0,0,0,0,0
Brighton Town Police Department,1979-08-01,New York,33701,NY02750,,not updated,adjustment,adjustment,adjustment,adjustment,breakdown offenses,breakdown offenses,breakdown offenses,0,0,0,0,0,2,1,1,2,0,2,0,0,4,0,0,0,0,4,47,27,12,8,134,4,4,0,0,193,0,0,4,185,189,0,0,1,0,1,1,0,1,0,0,5,0,0,0,0,5,2,2,0,0,10,0,0,0,0,19,0,0,2,12,14,0,0,0,0,0,0,0,0,0,0,0,0,0,0,0,0,1,1,0,0,1,0,0,0,0,2,0,0,0,2,2,0,0,0,0,0,0,0,0,0,0,0,0,0,0,0,0,0,0,0,0,0,0,0,0,0,0,0,0,0,0,0
Brighton Town Police Department,1979-07-01,New York,33701,NY02750,,not updated,adjustment,adjustment,adjustment,adjustment,breakdown offenses,breakdown offenses,breakdown offenses,0,0,0,0,0,0,0,0,0,0,0,0,0,8,0,0,0,0,8,34,11,19,4,142,11,6,2,3,195,0,0,0,187,187,0,0,0,0,0,0,0,0,0,0,8,0,0,0,0,8,3,1,2,0,13,2,1,1,0,26,0,0,0,18,18,0,0,0,0,0,0,0,0,0,0,0,0,0,0,0,0,1,0,1,0,3,0,0,0,0,4,0,0,0,4,4,0,0,0,0,0,0,0,0,0,0,0,0,0,0,0,0,0,0,0,0,0,0,0,0,0,0,0,0,0,0,0
Brighton Town Police Department,1979-06-01,New York,33701,NY02750,,not updated,adjustment,adjustment,adjustment,adjustment,breakdown offenses,breakdown offenses,breakdown offenses,0,0,0,0,0,0,0,0,2,0,0,0,2,6,0,0,0,0,6,22,6,8,8,163,10,6,3,1,203,0,0,2,195,197,0,0,0,0,0,2,0,0,0,2,6,0,0,0,0,6,1,1,0,0,9,0,0,0,0,18,0,0,2,10,12,0,0,0,0,0,2,0,0,0,2,0,0,0,0,0,0,0,0,0,0,4,0,0,0,0,6,0,0,2,4,6,0,0,0,0,0,0,0,0,0,0,0,0,0,0,0,0,0,0,0,0,0,0,0,0,0,0,0,0,0,0,0
Brighton Town Police Department,1979-05-01,New York,33701,NY02750,,not updated,adjustment,adjustment,adjustment,adjustment,breakdown offenses,breakdown offenses,breakdown offenses,0,0,0,0,0,1,0,1,2,2,0,0,0,5,0,0,0,0,5,20,7,7,6,144,5,5,0,0,177,0,0,3,169,172,0,0,0,0,0,0,0,0,0,0,4,0,0,0,0,4,10,3,6,1,12,0,0,0,0,26,0,0,0,22,22,0,0,0,0,0,0,0,0,0,0,0,0,0,0,0,0,10,3,6,1,4,0,0,0,0,14,0,0,0,14,14,0,0,0,0,0,0,0,0,0,0,0,0,0,0,0,0,0,0,0,0,0,0,0,0,0,0,0,0,0,0,0
Brighton Town Police Department,1979-04-01,New York,33701,NY02750,,not updated,adjustment,adjustment,adjustment,adjustment,breakdown offenses,breakdown offenses,breakdown offenses,0,0,0,0,0,0,0,0,2,2,0,0,0,4,0,0,0,0,4,15,5,2,8,123,6,4,0,2,150,0,0,2,144,146,0,0,0,0,0,0,0,0,0,0,3,0,0,0,0,3,1,0,1,0,11,4,2,0,2,19,0,0,0,16,16,0,0,0,0,0,0,0,0,0,0,0,0,0,0,0,0,0,0,0,0,6,2,0,0,2,8,0,0,0,8,8,0,0,0,0,0,0,0,0,0,0,0,0,0,0,0,0,0,0,0,0,0,0,0,0,0,0,0,0,0,0,0
Brighton Town Police Department,1979-03-01,New York,33701,NY02750,,not updated,adjustment,adjustment,adjustment,adjustment,breakdown offenses,breakdown offenses,breakdown offenses,0,0,0,0,0,0,0,0,1,1,0,0,0,4,0,1,0,0,3,13,11,2,0,102,6,6,0,0,126,0,1,2,121,123,0,0,0,0,0,0,0,0,0,0,3,0,1,0,0,2,1,1,0,0,19,2,2,0,0,25,0,1,1,22,23,0,0,0,0,0,0,0,0,0,0,0,0,0,0,0,0,0,0,0,0,4,2,2,0,0,6,0,0,0,6,6,0,0,0,0,0,0,0,0,0,0,0,0,0,0,0,0,0,0,0,0,0,0,0,0,0,0,0,0,0,0,0
Brighton Town Police Department,1979-02-01,New York,33701,NY02750,,not updated,adjustment,adjustment,adjustment,adjustment,breakdown offenses,breakdown offenses,breakdown offenses,0,0,0,0,0,0,0,0,0,0,0,0,0,5,0,0,0,0,5,11,4,4,3,50,1,1,0,0,67,0,0,0,62,62,0,0,0,0,0,0,0,0,0,0,4,0,0,0,0,4,4,1,2,1,9,0,0,0,0,17,0,0,0,13,13,0,0,0,0,0,0,0,0,0,0,0,0,0,0,0,0,4,1,2,1,3,0,0,0,0,7,0,0,0,7,7,0,0,0,0,0,0,0,0,0,0,0,0,0,0,0,0,0,0,0,0,0,0,0,0,0,0,0,0,0,0,0
Brighton Town Police Department,1979-01-01,New York,33701,NY02750,,not updated,adjustment,adjustment,adjustment,adjustment,breakdown offenses,breakdown offenses,breakdown offenses,0,0,0,0,0,0,0,0,3,1,0,0,2,4,0,0,0,0,4,6,3,0,3,80,3,3,0,0,96,0,0,3,89,92,0,0,0,0,0,1,0,0,0,1,1,0,0,0,0,1,13,6,3,4,13,2,2,0,0,30,0,0,1,28,29,0,0,0,0,0,0,0,0,0,0,0,0,0,0,0,0,13,6,3,4,6,0,0,0,0,19,0,0,0,19,19,0,0,0,0,0,0,0,0,0,0,0,0,0,0,0,0,0,0,0,0,0,0,0,0,0,0,0,0,0,0,0
Brighton Town Police Department,1978-12-01,New York,34020,NY02750,,not updated,normal return,normal return,normal return,normal return,breakdown offenses,breakdown offenses,breakdown offenses,0,0,2,0,0,0,0,0,1,1,0,0,0,5,0,1,0,0,4,12,6,3,3,79,5,4,1,0,102,0,1,2,96,98,0,0,0,0,0,0,0,0,0,0,6,0,1,0,0,5,1,0,1,0,7,1,1,0,0,15,0,1,1,9,10,0,0,0,0,0,0,0,0,0,0,0,0,0,0,0,0,0,0,0,0,0,1,1,0,0,1,0,0,0,1,1,0,0,0,0,0,0,0,0,0,0,0,0,0,0,0,0,0,0,0,0,0,0,0,0,0,0,0,0,0,0,0
Brighton Town Police Department,1978-11-01,New York,34020,NY02750,,not updated,normal return,normal return,normal return,normal return,breakdown offenses,breakdown offenses,breakdown offenses,0,0,0,0,0,0,0,0,2,0,1,0,1,4,0,0,0,1,3,23,10,9,4,76,6,6,0,0,111,0,1,3,105,108,0,0,0,0,0,1,0,1,0,0,4,0,0,0,1,3,11,3,3,5,33,1,1,0,0,50,0,1,2,45,47,0,0,0,0,0,1,0,1,0,0,0,0,0,0,0,0,0,0,0,0,9,0,0,0,0,10,0,0,1,9,10,0,0,0,0,0,0,0,0,0,0,0,0,0,0,0,0,0,0,0,0,0,0,0,0,0,0,0,0,0,0,0
Brighton Town Police Department,1978-10-01,New York,34020,NY02750,,not updated,normal return,normal return,normal return,normal return,breakdown offenses,breakdown offenses,breakdown offenses,0,0,0,0,0,0,0,0,2,0,0,0,2,5,0,0,0,0,5,16,6,4,6,95,3,1,2,0,121,0,0,2,114,116,0,0,0,0,0,0,0,0,0,0,6,0,0,0,0,6,9,2,7,0,25,0,0,0,0,40,0,0,0,34,34,0,0,0,0,0,0,0,0,0,0,0,0,0,0,0,0,2,0,2,0,6,0,0,0,0,8,0,0,0,8,8,0,0,0,0,0,0,0,0,0,0,0,0,0,0,0,0,0,0,0,0,0,0,0,0,0,0,0,0,0,0,0
Brighton Town Police Department,1978-09-01,New York,34020,NY02750,,not updated,normal return,normal return,normal return,normal return,breakdown offenses,breakdown offenses,breakdown offenses,0,0,1,0,0,1,1,0,1,0,0,0,1,6,0,0,1,2,3,43,19,13,11,96,7,6,0,1,154,0,3,5,146,151,0,0,0,0,0,0,0,0,0,0,6,0,0,1,2,3,5,2,3,0,16,2,2,0,0,29,0,3,3,23,26,0,0,0,0,0,0,0,0,0,0,1,0,0,0,1,0,1,1,0,0,3,1,1,0,0,6,0,1,1,5,6,0,0,0,0,0,0,0,0,0,0,0,0,0,0,0,0,0,0,0,0,0,0,0,0,0,0,0,0,0,0,0
Brighton Town Police Department,1978-08-01,New York,34020,NY02750,,not updated,normal return,normal return,normal return,normal return,breakdown offenses,breakdown offenses,breakdown offenses,0,0,0,0,0,0,0,0,1,1,0,0,0,5,0,0,1,1,3,27,12,8,7,146,6,6,0,0,185,0,2,3,179,182,0,0,0,0,0,1,0,1,0,0,3,0,0,1,1,1,2,1,1,0,19,0,0,0,0,25,0,2,3,21,24,0,0,0,0,0,0,0,0,0,0,0,0,0,0,0,0,2,1,1,0,6,0,0,0,0,8,0,0,0,8,8,0,0,0,0,0,0,0,0,0,0,0,0,0,0,0,0,0,0,0,0,0,0,0,0,0,0,0,0,0,0,0
Brighton Town Police Department,1978-07-01,New York,34020,NY02750,,not updated,normal return,normal return,normal return,normal return,breakdown offenses,breakdown offenses,breakdown offenses,0,0,1,0,0,0,0,0,2,1,0,0,1,3,0,1,0,0,2,20,14,4,2,119,4,4,0,0,148,0,1,3,143,146,0,0,0,0,0,1,1,0,0,0,2,0,1,0,0,1,10,9,1,0,12,1,1,0,0,26,0,1,2,23,25,0,0,0,0,0,0,0,0,0,0,0,0,0,0,0,0,2,2,0,0,5,0,0,0,0,7,0,0,0,7,7,0,0,0,0,0,0,0,0,0,0,0,0,0,0,0,0,0,0,0,0,0,0,0,0,0,0,0,0,0,0,0
Brighton Town Police Department,1978-06-01,New York,34020,NY02750,,not updated,normal return,normal return,normal return,normal return,breakdown offenses,breakdown offenses,breakdown offenses,0,0,0,0,0,1,1,0,2,1,1,0,0,3,0,0,2,0,1,28,13,9,6,147,5,2,0,3,186,0,2,5,180,185,0,0,1,1,0,0,0,0,0,0,3,0,0,2,0,1,4,3,0,1,19,0,0,0,0,27,0,2,3,23,26,0,0,0,0,0,0,0,0,0,0,0,0,0,0,0,0,2,1,0,1,10,0,0,0,0,12,0,0,0,12,12,0,0,0,0,0,0,0,0,0,0,0,0,0,0,0,0,0,0,0,0,0,0,0,0,0,0,0,0,0,0,0
Brighton Town Police Department,1978-05-01,New York,34020,NY02750,,not updated,normal return,normal return,normal return,normal return,breakdown offenses,breakdown offenses,breakdown offenses,0,0,0,0,0,0,0,0,1,0,1,0,0,4,0,0,0,0,4,20,9,8,3,118,14,10,2,2,157,0,0,1,152,153,0,0,0,0,0,0,0,0,0,0,3,0,0,0,0,3,0,0,0,0,14,0,0,0,0,17,0,0,0,14,14,0,0,0,0,0,0,0,0,0,0,0,0,0,0,0,0,0,0,0,0,5,0,0,0,0,5,0,0,0,5,5,0,0,0,0,0,0,0,0,0,0,0,0,0,0,0,0,0,0,0,0,0,0,0,0,0,0,0,0,0,0,0
Brighton Town Police Department,1978-04-01,New York,34020,NY02750,,not updated,normal return,normal return,normal return,normal return,breakdown offenses,breakdown offenses,breakdown offenses,0,0,0,0,0,2,1,1,0,0,0,0,0,3,0,0,0,0,3,19,10,7,2,125,6,5,0,1,155,0,0,2,150,152,0,0,0,0,0,0,0,0,0,0,2,0,0,0,0,2,2,1,1,0,26,0,0,0,0,30,0,0,0,28,28,0,0,0,0,0,0,0,0,0,0,0,0,0,0,0,0,1,0,1,0,9,0,0,0,0,10,0,0,0,10,10,0,0,0,0,0,0,0,0,0,0,0,0,0,0,0,0,0,0,0,0,0,0,0,0,0,0,0,0,0,0,0
Brighton Town Police Department,1978-03-01,New York,34020,NY02750,,not updated,normal return,normal return,normal return,normal return,breakdown offenses,breakdown offenses,breakdown offenses,0,0,0,0,0,0,0,0,0,0,0,0,0,5,0,1,0,0,4,11,8,2,1,67,3,1,1,1,86,0,1,1,81,82,0,0,0,0,0,0,0,0,0,0,3,0,1,0,0,2,2,1,1,0,8,0,0,0,0,13,0,1,1,10,11,0,0,0,0,0,0,0,0,0,0,0,0,0,0,0,0,1,0,1,0,1,0,0,0,0,2,0,0,0,2,2,0,0,0,0,0,0,0,0,0,0,0,0,0,0,0,0,0,0,0,0,0,0,0,0,0,0,0,0,0,0,0
Brighton Town Police Department,1978-02-01,New York,34020,NY02750,,not updated,normal return,normal return,normal return,normal return,breakdown offenses,breakdown offenses,breakdown offenses,0,0,0,0,0,0,0,0,0,0,0,0,0,3,0,0,0,1,2,21,11,8,2,39,5,4,1,0,68,0,1,1,65,66,0,0,0,0,0,0,0,0,0,0,3,0,0,0,1,2,10,6,4,0,5,0,0,0,0,18,0,1,1,15,16,0,0,0,0,0,0,0,0,0,0,0,0,0,0,0,0,2,1,1,0,0,0,0,0,0,2,0,0,0,2,2,0,0,0,0,0,0,0,0,0,0,0,0,0,0,0,0,0,0,0,0,0,0,0,0,0,0,0,0,0,0,0
Brighton Town Police Department,1978-01-01,New York,34020,NY02750,,not updated,normal return,normal return,normal return,normal return,breakdown offenses,breakdown offenses,breakdown offenses,0,0,0,0,0,1,1,0,1,1,0,0,0,1,0,0,0,1,0,18,14,3,1,44,2,2,0,0,67,0,1,3,64,67,0,0,0,0,0,1,1,0,0,0,1,0,0,0,1,0,2,2,0,0,4,1,1,0,0,9,0,1,2,7,9,0,0,0,0,0,0,0,0,0,0,0,0,0,0,0,0,1,1,0,0,0,0,0,0,0,1,0,0,0,1,1,0,0,0,0,0,0,0,0,0,0,0,0,0,0,0,0,0,0,0,0,0,0,0,0,0,0,0,0,0,0,0
Brighton Town Police Department,1977-12-01,New York,37390,NY02750,,not updated,adjustment,adjustment,adjustment,adjustment,breakdown offenses,breakdown offenses,breakdown offenses,0,0,0,0,0,1,1,0,1,0,0,0,1,4,0,0,0,4,0,19,14,3,2,62,4,4,0,0,91,0,4,6,85,91,0,0,0,0,0,0,0,0,0,0,2,0,0,0,2,0,3,2,1,0,11,1,1,0,0,17,0,2,2,15,17,0,0,0,0,0,0,0,0,0,0,0,0,0,0,0,0,1,1,0,0,3,0,0,0,0,4,0,0,0,4,4,0,0,0,0,0,0,0,0,0,0,0,0,0,0,0,0,0,0,0,0,0,0,0,0,0,0,0,0,0,0,0
Brighton Town Police Department,1977-11-01,New York,37390,NY02750,,not updated,adjustment,adjustment,adjustment,adjustment,breakdown offenses,breakdown offenses,breakdown offenses,0,0,0,0,0,1,1,0,3,0,0,0,3,8,0,0,1,7,0,24,11,10,3,81,6,5,1,0,123,0,8,12,111,123,0,0,0,0,0,0,0,0,0,0,7,0,0,1,6,0,6,6,0,0,8,0,0,0,0,21,0,7,7,14,21,0,0,0,0,0,0,0,0,0,0,0,0,0,0,0,0,3,3,0,0,2,0,0,0,0,5,0,0,0,5,5,0,0,0,0,0,0,0,0,0,0,0,0,0,0,0,0,0,0,0,0,0,0,0,0,0,0,0,0,0,0,0
Brighton Town Police Department,1977-10-01,New York,37390,NY02750,,not updated,adjustment,adjustment,adjustment,adjustment,breakdown offenses,breakdown offenses,breakdown offenses,0,0,0,0,0,0,0,0,1,0,0,0,1,7,0,1,1,2,3,28,13,7,8,101,8,5,0,3,145,0,4,5,137,142,0,0,0,0,0,0,0,0,0,0,7,0,1,1,2,3,2,1,0,1,5,1,1,0,0,15,0,4,4,8,12,0,0,0,0,0,0,0,0,0,0,0,0,0,0,0,0,1,1,0,0,1,0,0,0,0,2,0,0,0,2,2,0,0,0,0,0,0,0,0,0,0,0,0,0,0,0,0,0,0,0,0,0,0,0,0,0,0,0,0,0,0,0
Brighton Town Police Department,1977-09-01,New York,37390,NY02750,,not updated,adjustment,adjustment,adjustment,adjustment,breakdown offenses,breakdown offenses,breakdown offenses,0,0,2,0,0,0,0,0,0,0,0,0,0,3,0,0,1,2,0,29,13,7,9,92,13,6,2,5,137,0,3,3,134,137,0,0,0,0,0,0,0,0,0,0,2,0,0,1,1,0,2,1,1,0,3,3,3,0,0,10,0,2,2,8,10,0,0,0,0,0,0,0,0,0,0,1,0,0,1,0,0,2,1,1,0,2,0,0,0,0,5,0,1,1,4,5,0,0,0,0,0,0,0,0,0,0,0,0,0,0,0,0,0,0,0,0,0,0,0,0,0,0,0,0,0,0,0
Brighton Town Police Department,1977-08-01,New York,37390,NY02750,,not updated,adjustment,adjustment,adjustment,adjustment,breakdown offenses,breakdown offenses,breakdown offenses,0,0,0,0,0,0,0,0,3,0,0,0,3,0,0,0,0,0,0,30,20,5,5,108,9,7,1,1,150,0,0,3,147,150,0,0,0,0,0,0,0,0,0,0,0,0,0,0,0,0,4,2,1,1,8,1,1,0,0,13,0,0,0,13,13,0,0,0,0,0,0,0,0,0,0,0,0,0,0,0,0,4,2,1,1,3,0,0,0,0,7,0,0,0,7,7,0,0,0,0,0,0,0,0,0,0,0,0,0,0,0,0,0,0,0,0,0,0,0,0,0,0,0,0,0,0,0
Brighton Town Police Department,1977-07-01,New York,37390,NY02750,,not updated,adjustment,adjustment,adjustment,adjustment,breakdown offenses,breakdown offenses,breakdown offenses,0,0,1,0,0,0,0,0,2,0,0,0,2,6,0,0,0,6,0,24,15,4,5,136,8,5,0,3,176,0,6,8,168,176,0,0,1,1,0,0,0,0,0,0,3,0,0,0,3,0,6,5,1,0,10,1,0,0,1,21,0,3,4,17,21,0,0,1,1,0,0,0,0,0,0,0,0,0,0,0,0,2,1,1,0,6,1,0,0,1,10,0,0,1,9,10,0,0,0,0,0,0,0,0,0,0,0,0,0,0,0,0,0,0,0,0,0,0,0,0,0,0,0,0,0,0,0
Brighton Town Police Department,1977-06-01,New York,37390,NY02750,,not updated,adjustment,adjustment,adjustment,adjustment,breakdown offenses,breakdown offenses,breakdown offenses,0,0,2,0,0,0,0,0,0,0,0,0,0,2,0,0,0,0,2,20,16,1,3,171,11,10,0,1,204,0,0,0,202,202,0,0,0,0,0,0,0,0,0,0,2,0,0,0,0,2,3,3,0,0,19,2,2,0,0,26,0,0,0,24,24,0,0,0,0,0,0,0,0,0,0,0,0,0,0,0,0,1,1,0,0,3,1,1,0,0,5,0,0,0,5,5,0,0,0,0,0,0,0,0,0,0,0,0,0,0,0,0,0,0,0,0,0,0,0,0,0,0,0,0,0,0,0
Brighton Town Police Department,1977-05-01,New York,37390,NY02750,,not updated,adjustment,adjustment,adjustment,adjustment,breakdown offenses,breakdown offenses,breakdown offenses,0,0,0,0,0,0,0,0,1,0,0,0,1,8,0,1,0,0,7,14,7,1,6,116,2,2,0,0,141,0,1,2,132,134,0,0,0,0,0,0,0,0,0,0,7,0,1,0,0,6,12,11,1,0,21,1,1,0,0,41,0,1,1,34,35,0,0,0,0,0,0,0,0,0,0,0,0,0,0,0,0,1,1,0,0,3,0,0,0,0,4,0,0,0,4,4,0,0,0,0,0,0,0,0,0,0,0,0,0,0,0,0,0,0,0,0,0,0,0,0,0,0,0,0,0,0,0
Brighton Town Police Department,1977-04-01,New York,37390,NY02750,,not updated,adjustment,adjustment,adjustment,adjustment,breakdown offenses,breakdown offenses,breakdown offenses,0,0,0,0,0,0,0,0,2,1,0,0,1,7,0,0,0,1,6,18,14,2,2,117,8,8,0,0,152,0,1,3,143,146,0,0,0,0,0,2,1,0,0,1,5,0,0,0,1,4,4,3,1,0,15,1,1,0,0,27,0,1,3,20,23,0,0,0,0,0,0,0,0,0,0,0,0,0,0,0,0,0,0,0,0,5,1,1,0,0,6,0,0,0,6,6,0,0,0,0,0,0,0,0,0,0,0,0,0,0,0,0,0,0,0,0,0,0,0,0,0,0,0,0,0,0,0
Brighton Town Police Department,1977-03-01,New York,37390,NY02750,,not updated,adjustment,adjustment,adjustment,adjustment,breakdown offenses,breakdown offenses,breakdown offenses,0,0,0,0,0,0,0,0,3,0,0,3,0,10,0,0,1,0,9,38,35,1,2,112,8,8,0,0,171,0,1,4,158,162,0,0,0,0,0,1,0,0,1,0,7,0,0,0,0,7,4,4,0,0,6,0,0,0,0,18,0,0,1,10,11,0,0,0,0,0,0,0,0,0,0,0,0,0,0,0,0,1,1,0,0,1,0,0,0,0,2,0,0,0,2,2,0,0,0,0,0,0,0,0,0,0,0,0,0,0,0,0,0,0,0,0,0,0,0,0,0,0,0,0,0,0,0
Brighton Town Police Department,1977-02-01,New York,37390,NY02750,,not updated,adjustment,adjustment,adjustment,adjustment,breakdown offenses,breakdown offenses,breakdown offenses,0,0,0,0,0,0,0,0,3,2,0,0,1,4,0,0,1,0,3,32,25,5,2,79,7,7,0,0,125,0,1,4,118,122,0,0,0,0,0,1,1,0,0,0,2,0,0,0,0,2,2,2,0,0,4,0,0,0,0,9,0,0,1,6,7,0,0,0,0,0,0,0,0,0,0,0,0,0,0,0,0,1,1,0,0,0,0,0,0,0,1,0,0,0,1,1,0,0,0,0,0,0,0,0,0,0,0,0,0,0,0,0,0,0,0,0,0,0,0,0,0,0,0,0,0,0,0
Brighton Town Police Department,1977-01-01,New York,37390,NY02750,,not updated,adjustment,adjustment,adjustment,adjustment,breakdown offenses,breakdown offenses,breakdown offenses,0,0,0,0,0,1,1,0,1,1,0,0,0,5,0,0,1,0,4,28,23,0,5,70,10,9,1,0,115,0,1,3,108,111,0,0,0,0,0,1,1,0,0,0,4,0,0,1,0,3,6,4,0,2,3,0,0,0,0,14,0,1,2,9,11,0,0,0,0,0,0,0,0,0,0,0,0,0,0,0,0,0,0,0,0,0,0,0,0,0,0,0,0,0,0,0,0,0,0,0,0,0,0,0,0,0,0,0,0,0,0,0,0,0,0,0,0,0,0,0,0,0,0,0,0,0,0
Brighton Town Police Department,1976-12-01,New York,38000,NY02750,,not updated,normal return,normal return,normal return,normal return,breakdown offenses,breakdown offenses,breakdown offenses,0,0,0,0,0,0,0,0,4,2,1,0,1,5,0,1,0,0,4,26,24,0,2,69,11,10,1,0,115,0,1,5,106,111,0,0,0,0,0,1,0,1,0,0,3,0,1,0,0,2,3,3,0,0,9,2,1,1,0,18,0,1,2,14,16,0,0,0,0,0,0,0,0,0,0,0,0,0,0,0,0,1,1,0,0,5,0,0,0,0,6,0,0,0,6,6,0,0,0,0,0,0,0,0,0,0,0,0,0,0,0,0,0,0,0,0,0,0,0,0,0,0,0,0,0,0,0
Brighton Town Police Department,1976-11-01,New York,38000,NY02750,,not updated,normal return,normal return,normal return,normal return,breakdown offenses,breakdown offenses,breakdown offenses,0,0,0,0,1,1,1,0,1,1,0,0,0,5,1,0,0,0,4,14,13,0,1,73,8,8,0,0,103,0,1,3,95,98,0,1,0,0,0,0,0,0,0,0,1,0,0,0,0,1,2,2,0,0,5,1,1,0,0,10,0,0,0,8,8,0,0,0,0,0,0,0,0,0,0,0,0,0,0,0,0,1,1,0,0,0,1,1,0,0,2,0,0,0,2,2,0,0,0,0,0,0,0,0,0,0,0,0,0,0,0,0,0,0,0,0,0,0,0,0,0,0,0,0,0,0,0
Brighton Town Police Department,1976-10-01,New York,38000,NY02750,,not updated,normal return,normal return,normal return,normal return,breakdown offenses,breakdown offenses,breakdown offenses,0,0,0,0,0,0,0,0,0,0,0,0,0,5,0,0,0,0,5,21,16,0,5,100,9,9,0,0,135,0,0,0,130,130,0,0,0,0,0,0,0,0,0,0,1,0,0,0,0,1,1,0,0,1,13,2,2,0,0,17,0,0,0,16,16,0,0,0,0,0,0,0,0,0,0,0,0,0,0,0,0,0,0,0,0,3,2,2,0,0,5,0,0,0,5,5,0,0,0,0,0,0,0,0,0,0,0,0,0,0,0,0,0,0,0,0,0,0,0,0,0,0,0,0,0,0,0
Brighton Town Police Department,1976-09-01,New York,38000,NY02750,,not updated,normal return,normal return,normal return,normal return,breakdown offenses,breakdown offenses,breakdown offenses,0,0,0,0,0,0,0,0,2,2,0,0,0,6,0,0,0,2,4,15,10,0,5,60,2,2,0,0,85,0,2,4,77,81,0,0,0,0,0,1,1,0,0,0,5,0,0,0,2,3,6,3,0,3,6,1,1,0,0,19,0,2,3,13,16,0,0,0,0,0,0,0,0,0,0,0,0,0,0,0,0,1,1,0,0,2,0,0,0,0,3,0,0,0,3,3,0,0,0,0,0,0,0,0,0,0,0,0,0,0,0,0,0,0,0,0,0,0,0,0,0,0,0,0,0,0,0
Brighton Town Police Department,1976-08-01,New York,38000,NY02750,,not updated,normal return,normal return,normal return,normal return,breakdown offenses,breakdown offenses,breakdown offenses,0,0,0,0,0,0,0,0,1,0,0,0,1,5,0,0,0,0,5,31,25,0,6,125,6,6,0,0,168,0,0,1,162,163,0,0,0,0,0,0,0,0,0,0,3,0,0,0,0,3,5,5,0,0,12,2,2,0,0,22,0,0,0,19,19,0,0,0,0,0,0,0,0,0,0,0,0,0,0,0,0,2,2,0,0,2,0,0,0,0,4,0,0,0,4,4,0,0,0,0,0,0,0,0,0,0,0,0,0,0,0,0,0,0,0,0,0,0,0,0,0,0,0,0,0,0,0
Brighton Town Police Department,1976-07-01,New York,38000,NY02750,,not updated,normal return,normal return,normal return,normal return,breakdown offenses,breakdown offenses,breakdown offenses,0,0,0,0,0,0,0,0,3,0,0,1,2,4,0,0,0,1,3,28,19,0,9,122,1,1,0,0,158,0,1,4,151,155,0,0,0,0,0,1,0,0,1,0,3,0,0,0,1,2,1,1,0,0,17,0,0,0,0,22,0,1,2,18,20,0,0,0,0,0,0,0,0,0,0,0,0,0,0,0,0,1,1,0,0,5,0,0,0,0,6,0,0,0,6,6,0,0,0,0,0,0,0,0,0,0,0,0,0,0,0,0,0,0,0,0,0,0,0,0,0,0,0,0,0,0,0
Brighton Town Police Department,1976-06-01,New York,38000,NY02750,,not updated,normal return,normal return,normal return,normal return,breakdown offenses,breakdown offenses,breakdown offenses,0,0,0,0,0,0,0,0,3,1,0,2,0,9,0,0,0,0,9,17,15,0,2,127,6,6,0,0,162,0,0,3,150,153,0,0,0,0,0,0,0,0,0,0,5,0,0,0,0,5,6,6,0,0,13,3,3,0,0,27,0,0,0,22,22,0,0,0,0,0,0,0,0,0,0,2,0,0,0,0,2,5,5,0,0,4,0,0,0,0,11,0,0,0,9,9,0,0,0,0,0,0,0,0,0,0,0,0,0,0,0,0,0,0,0,0,0,0,0,0,0,0,0,0,0,0,0
Brighton Town Police Department,1976-05-01,New York,38000,NY02750,,not updated,normal return,normal return,normal return,normal return,breakdown offenses,breakdown offenses,breakdown offenses,0,0,0,0,0,1,0,1,1,0,1,0,0,3,0,0,0,1,2,17,12,0,5,102,9,9,0,0,133,0,1,3,128,131,1,0,0,0,0,0,0,0,0,0,0,0,0,0,0,0,1,1,0,0,10,3,3,0,0,15,0,0,1,14,15,0,0,0,0,0,0,0,0,0,0,0,0,0,0,0,0,0,0,0,0,1,0,0,0,0,1,0,0,0,1,1,0,0,0,0,0,0,0,0,0,0,0,0,0,0,0,0,0,0,0,0,0,0,0,0,0,0,0,0,0,0,0
Brighton Town Police Department,1976-04-01,New York,38000,NY02750,,not updated,normal return,normal return,normal return,normal return,breakdown offenses,breakdown offenses,breakdown offenses,0,0,0,1,0,0,0,0,2,1,0,0,1,5,0,0,1,0,4,28,24,0,4,105,8,8,0,0,149,0,1,4,141,145,0,0,0,0,0,0,0,0,0,0,3,0,0,1,0,2,0,0,0,0,7,0,0,0,0,10,0,1,1,7,8,0,0,0,0,0,0,0,0,0,0,0,0,0,0,0,0,0,0,0,0,0,0,0,0,0,0,0,0,0,0,0,0,0,0,0,0,0,0,0,0,0,0,0,0,0,0,0,0,0,0,0,0,0,0,0,0,0,0,0,0,0,0
Brighton Town Police Department,1976-03-01,New York,38000,NY02750,,not updated,adjustment,adjustment,adjustment,adjustment,breakdown offenses,breakdown offenses,breakdown offenses,0,0,0,0,0,0,0,0,2,2,0,0,0,3,0,0,0,0,3,23,19,0,4,77,3,3,0,0,108,0,0,2,103,105,0,0,0,0,0,1,1,0,0,0,0,0,0,0,0,0,1,1,0,0,9,2,2,0,0,13,0,0,1,12,13,0,0,0,0,0,0,0,0,0,0,0,0,0,0,0,0,0,0,0,0,0,0,0,0,0,0,0,0,0,0,0,0,0,0,0,0,0,0,0,0,0,0,0,0,0,0,0,0,0,0,0,0,0,0,0,0,0,0,0,0,0,0
Brighton Town Police Department,1976-02-01,New York,38000,NY02750,,not updated,normal return,normal return,normal return,normal return,breakdown offenses,breakdown offenses,breakdown offenses,0,0,0,0,0,0,0,0,2,2,0,0,0,7,0,1,0,0,6,21,16,0,5,56,2,2,0,0,88,0,1,3,79,82,0,0,0,0,0,0,0,0,0,0,4,0,1,0,0,3,2,1,0,1,10,0,0,0,0,16,0,1,1,12,13,0,0,0,0,0,0,0,0,0,0,0,0,0,0,0,0,1,0,0,1,4,0,0,0,0,5,0,0,0,5,5,0,0,0,0,0,0,0,0,0,0,0,0,0,0,0,0,0,0,0,0,0,0,0,0,0,0,0,0,0,0,0
Brighton Town Police Department,1976-01-01,New York,38000,NY02750,,not updated,adjustment,adjustment,adjustment,adjustment,breakdown offenses,breakdown offenses,breakdown offenses,0,0,0,0,0,0,0,0,0,0,0,0,0,0,0,0,0,0,0,5,5,0,0,7,0,0,0,0,12,0,0,0,12,12,0,0,0,0,0,0,0,0,0,0,0,0,0,0,0,0,0,0,0,0,0,0,0,0,0,0,0,0,0,0,0,0,0,0,0,0,0,0,0,0,0,0,0,0,0,0,0,0,0,0,0,0,0,0,0,0,0,0,0,0,0,0,0,0,0,0,0,0,0,0,0,0,0,0,0,0,0,0,0,0,0,0,0,0,0,0,0,0,0,0,0,0,0
Brighton Town Police Department,1975-12-01,New York,40000,NY02750,,not updated,normal return,normal return,normal return,normal return,breakdown offenses,breakdown offenses,breakdown offenses,0,0,0,1,0,1,0,1,2,1,0,0,1,5,0,0,0,0,5,32,24,0,8,49,4,3,0,1,94,0,0,4,85,89,1,0,0,0,0,0,0,0,0,0,3,0,0,0,0,3,3,2,0,1,12,1,1,0,0,20,0,0,1,16,17,1,0,0,0,0,0,0,0,0,0,1,0,0,0,0,1,0,0,0,0,3,0,0,0,0,5,0,0,1,3,4,0,0,0,0,0,0,0,0,0,0,0,0,0,0,0,0,0,0,0,0,0,0,0,0,0,0,0,0,0,0,0
Brighton Town Police Department,1975-11-01,New York,40000,NY02750,,not updated,normal return,normal return,normal return,normal return,breakdown offenses,breakdown offenses,breakdown offenses,0,0,0,0,0,1,1,0,2,1,0,0,1,12,0,0,1,0,11,29,26,0,3,77,8,8,0,0,129,0,1,4,114,118,0,0,0,0,0,2,1,0,0,1,6,0,0,0,0,6,1,1,0,0,11,0,0,0,0,20,0,0,2,12,14,0,0,0,0,0,0,0,0,0,0,0,0,0,0,0,0,1,1,0,0,2,0,0,0,0,3,0,0,0,3,3,0,0,0,0,0,0,0,0,0,0,0,0,0,0,0,0,0,0,0,0,0,0,0,0,0,0,0,0,0,0,0
Brighton Town Police Department,1975-10-01,New York,40000,NY02750,,not updated,normal return,normal return,normal return,normal return,breakdown offenses,breakdown offenses,breakdown offenses,0,0,0,0,0,1,0,1,0,0,0,0,0,5,0,0,0,0,5,38,30,0,8,89,6,6,0,0,139,0,0,1,133,134,0,0,1,0,1,0,0,0,0,0,2,0,0,0,0,2,5,4,0,1,18,3,3,0,0,29,0,0,1,26,27,0,0,0,0,0,0,0,0,0,0,0,0,0,0,0,0,0,0,0,0,4,0,0,0,0,4,0,0,0,4,4,0,0,0,0,0,0,0,0,0,0,0,0,0,0,0,0,0,0,0,0,0,0,0,0,0,0,0,0,0,0,0
Brighton Town Police Department,1975-09-01,New York,40000,NY02750,,not updated,normal return,normal return,normal return,normal return,breakdown offenses,breakdown offenses,breakdown offenses,0,0,0,0,1,0,0,0,1,0,0,0,1,2,0,0,0,0,2,30,23,0,7,97,1,1,0,0,132,0,0,1,128,129,0,1,0,0,0,0,0,0,0,0,1,0,0,0,0,1,0,0,0,0,13,0,0,0,0,15,0,0,0,13,13,0,0,0,0,0,0,0,0,0,0,0,0,0,0,0,0,0,0,0,0,3,0,0,0,0,3,0,0,0,3,3,0,0,0,0,0,0,0,0,0,0,0,0,0,0,0,0,0,0,0,0,0,0,0,0,0,0,0,0,0,0,0
Brighton Town Police Department,1975-08-01,New York,40000,NY02750,,not updated,normal return,normal return,normal return,normal return,breakdown offenses,breakdown offenses,breakdown offenses,0,0,0,0,0,0,0,0,1,0,0,0,1,1,0,0,0,0,1,30,26,0,4,132,2,2,0,0,166,0,0,1,164,165,0,0,0,0,0,1,0,0,0,1,0,0,0,0,0,0,5,3,0,2,9,0,0,0,0,15,0,0,1,14,15,0,0,0,0,0,1,0,0,0,1,0,0,0,0,0,0,1,1,0,0,0,0,0,0,0,2,0,0,1,1,2,0,0,0,0,0,0,0,0,0,0,0,0,0,0,0,0,0,0,0,0,0,0,0,0,0,0,0,0,0,0,0
Brighton Town Police Department,1975-07-01,New York,40000,NY02750,,not updated,not updated,not updated,not updated,not updated,missing,missing,missing,0,0,0,0,0,0,0,0,0,0,0,0,0,0,0,0,0,0,0,0,0,0,0,0,0,0,0,0,0,0,0,0,0,0,0,0,0,0,0,0,0,0,0,0,0,0,0,0,0,0,0,0,0,0,0,0,0,0,0,0,0,0,0,0,0,0,0,0,0,0,0,0,0,0,0,0,0,0,0,0,0,0,0,0,0,0,0,0,0,0,0,0,0,0,0,0,0,0,0,0,0,0,0,0,0,0,0,0,0,0,0,0,0,0,0,0,0,0,0,0,0,0,0,0,0,0,0
Brighton Town Police Department,1975-06-01,New York,40000,NY02750,,not updated,normal return,normal return,normal return,normal return,breakdown offenses,breakdown offenses,breakdown offenses,0,0,0,0,0,0,0,0,1,1,0,0,0,4,0,0,0,0,4,19,16,0,3,126,11,11,0,0,161,0,0,1,156,157,0,0,0,0,0,1,1,0,0,0,2,0,0,0,0,2,7,6,0,1,23,3,3,0,0,36,0,0,1,33,34,0,0,0,0,0,0,0,0,0,0,0,0,0,0,0,0,3,3,0,0,8,1,1,0,0,12,0,0,0,12,12,0,0,0,0,0,0,0,0,0,0,0,0,0,0,0,0,0,0,0,0,0,0,0,0,0,0,0,0,0,0,0
Brighton Town Police Department,1975-05-01,New York,40000,NY02750,,not updated,normal return,normal return,normal return,normal return,breakdown offenses,breakdown offenses,breakdown offenses,0,0,0,0,0,0,0,0,0,0,0,0,0,6,0,0,0,1,5,18,13,0,5,74,3,2,0,1,101,0,1,1,95,96,0,0,0,0,0,0,0,0,0,0,3,0,0,0,1,2,2,2,0,0,8,0,0,0,0,13,0,1,1,10,11,0,0,0,0,0,0,0,0,0,0,0,0,0,0,0,0,1,1,0,0,1,0,0,0,0,2,0,0,0,2,2,0,0,0,0,0,0,0,0,0,0,0,0,0,0,0,0,0,0,0,0,0,0,0,0,0,0,0,0,0,0,0
Brighton Town Police Department,1975-04-01,New York,40000,NY02750,,not updated,adjustment,adjustment,adjustment,adjustment,breakdown offenses,breakdown offenses,breakdown offenses,0,0,0,0,0,0,0,0,1,1,0,0,0,3,0,0,0,0,3,10,10,0,0,44,2,2,0,0,60,0,0,1,56,57,0,0,0,0,0,0,0,0,0,0,2,0,0,0,0,2,2,2,0,0,7,0,0,0,0,11,0,0,0,9,9,0,0,0,0,0,0,0,0,0,0,0,0,0,0,0,0,0,0,0,0,0,0,0,0,0,0,0,0,0,0,0,0,0,0,0,0,0,0,0,0,0,0,0,0,0,0,0,0,0,0,0,0,0,0,0,0,0,0,0,0,0,0
Brighton Town Police Department,1975-03-01,New York,40000,NY02750,,not updated,adjustment,adjustment,adjustment,adjustment,breakdown offenses,breakdown offenses,breakdown offenses,0,0,0,0,0,0,0,0,0,0,0,0,0,2,0,0,0,1,1,22,20,0,2,45,11,11,0,0,80,0,1,1,78,79,0,0,0,0,0,0,0,0,0,0,1,0,0,0,1,0,4,4,0,0,6,2,2,0,0,13,0,1,1,12,13,0,0,0,0,0,0,0,0,0,0,0,0,0,0,0,0,2,2,0,0,0,0,0,0,0,2,0,0,0,2,2,0,0,0,0,0,0,0,0,0,0,0,0,0,0,0,0,0,0,0,0,0,0,0,0,0,0,0,0,0,0,0
Brighton Town Police Department,1975-02-01,New York,40000,NY02750,,not updated,adjustment,adjustment,adjustment,adjustment,breakdown offenses,breakdown offenses,breakdown offenses,0,0,0,0,0,0,0,0,2,0,0,0,2,12,0,0,0,1,11,14,9,0,5,63,2,2,0,0,93,0,1,3,79,82,0,0,0,0,0,1,0,0,0,1,3,0,0,0,0,3,1,1,0,0,16,0,0,0,0,21,0,0,1,17,18,0,0,0,0,0,0,0,0,0,0,0,0,0,0,0,0,0,0,0,0,2,0,0,0,0,2,0,0,0,2,2,0,0,0,0,0,0,0,0,0,0,0,0,0,0,0,0,0,0,0,0,0,0,0,0,0,0,0,0,0,0,0
Brighton Town Police Department,1975-01-01,New York,40000,NY02750,,not updated,normal return,normal return,normal return,normal return,breakdown offenses,breakdown offenses,breakdown offenses,0,0,0,0,0,1,0,1,0,0,0,0,0,4,0,1,0,1,2,26,23,0,3,51,4,3,0,1,86,0,2,3,81,84,0,0,0,0,0,0,0,0,0,0,3,0,1,0,1,1,2,1,0,1,17,0,0,0,0,22,0,2,2,19,21,0,0,0,0,0,0,0,0,0,0,1,0,0,0,1,0,1,0,0,1,4,0,0,0,0,6,0,1,1,5,6,0,0,0,0,0,0,0,0,0,0,0,0,0,0,0,0,0,0,0,0,0,0,0,0,0,0,0,0,0,0,0
Brighton Town Police Department,1974-12-01,New York,37000,NY02750,,not updated,normal return,normal return,normal return,normal return,breakdown offenses,breakdown offenses,breakdown offenses,0,0,0,0,0,0,0,0,0,0,0,0,0,4,0,1,0,2,1,15,13,0,2,48,2,2,0,0,69,0,3,3,65,68,0,0,0,0,0,0,0,0,0,0,4,0,1,0,2,1,1,0,1,0,8,1,1,0,0,14,0,3,3,10,13,0,0,0,0,0,0,0,0,0,0,0,0,0,0,0,0,0,0,0,0,1,0,0,0,0,1,0,0,0,1,1,0,0,0,0,0,0,0,0,0,0,0,0,0,0,0,0,0,0,0,0,0,0,0,0,0,0,0,0,0,0,0
Brighton Town Police Department,1974-11-01,New York,37000,NY02750,,not updated,normal return,normal return,normal return,normal return,breakdown offenses,breakdown offenses,breakdown offenses,0,0,0,0,0,0,0,0,0,0,0,0,0,2,0,0,1,0,1,38,21,12,5,73,8,7,1,0,121,0,1,1,119,120,0,0,0,0,0,0,0,0,0,0,2,0,0,1,0,1,3,1,2,0,0,1,0,1,0,6,0,1,1,4,5,0,0,0,0,0,0,0,0,0,0,1,0,0,0,0,1,0,0,0,0,0,0,0,0,0,1,0,0,0,0,0,0,0,0,0,0,0,0,0,0,0,0,0,0,0,0,0,0,0,0,0,0,0,0,0,0,0,0,0,0,0,0
Brighton Town Police Department,1974-10-01,New York,37000,NY02750,,not updated,normal return,normal return,normal return,normal return,breakdown offenses,breakdown offenses,breakdown offenses,0,0,0,0,0,0,0,0,1,1,0,0,0,2,0,0,1,0,1,25,13,8,4,81,5,5,0,0,114,0,1,2,111,113,0,0,0,0,0,0,0,0,0,0,0,0,0,0,0,0,2,2,0,0,4,3,3,0,0,9,0,0,0,9,9,0,0,0,0,0,0,0,0,0,0,0,0,0,0,0,0,0,0,0,0,2,0,0,0,0,2,0,0,0,2,2,0,0,0,0,0,0,0,0,0,0,0,0,0,0,0,0,0,0,0,0,0,0,0,0,0,0,0,0,0,0,0
Brighton Town Police Department,1974-09-01,New York,37000,NY02750,,not updated,normal return,normal return,normal return,normal return,breakdown offenses,breakdown offenses,breakdown offenses,0,0,3,0,0,0,0,0,0,0,0,0,0,3,0,0,0,2,1,20,11,7,2,82,7,6,0,1,112,0,2,2,109,111,0,0,0,0,0,0,0,0,0,0,3,0,0,0,2,1,1,1,0,0,13,0,0,0,0,17,0,2,2,14,16,0,0,0,0,0,0,0,0,0,0,1,0,0,0,0,1,0,0,0,0,2,0,0,0,0,3,0,0,0,2,2,0,0,0,0,0,0,0,0,0,0,0,0,0,0,0,0,0,0,0,0,0,0,0,0,0,0,0,0,0,0,0
Brighton Town Police Department,1974-08-01,New York,37000,NY02750,,not updated,normal return,normal return,normal return,normal return,breakdown offenses,breakdown offenses,breakdown offenses,0,0,0,0,0,0,0,0,0,0,0,0,0,3,0,0,1,0,2,47,21,19,7,110,8,5,1,2,168,0,1,1,165,166,0,0,1,1,0,0,0,0,0,0,1,0,0,0,0,1,55,37,12,6,12,2,2,0,0,71,0,0,1,69,70,0,0,0,0,0,0,0,0,0,0,0,0,0,0,0,0,2,0,2,0,3,1,1,0,0,6,0,0,0,6,6,0,0,0,0,0,0,0,0,0,0,0,0,0,0,0,0,0,0,0,0,0,0,0,0,0,0,0,0,0,0,0
Brighton Town Police Department,1974-07-01,New York,37000,NY02750,,not updated,normal return,normal return,normal return,normal return,breakdown offenses,breakdown offenses,breakdown offenses,0,0,1,0,0,1,1,0,0,0,0,0,0,3,0,0,0,1,2,43,20,14,9,149,8,7,0,1,204,0,1,2,200,202,0,0,0,0,0,0,0,0,0,0,2,0,0,0,1,1,0,0,0,0,21,3,2,0,1,26,0,1,1,24,25,0,0,0,0,0,0,0,0,0,0,0,0,0,0,0,0,0,0,0,0,15,2,2,0,0,17,0,0,0,17,17,0,0,0,0,0,0,0,0,0,0,0,0,0,0,0,0,0,0,0,0,0,0,0,0,0,0,0,0,0,0,0
Brighton Town Police Department,1974-06-01,New York,37000,NY02750,,not updated,normal return,normal return,normal return,normal return,breakdown offenses,breakdown offenses,breakdown offenses,0,0,0,0,0,0,0,0,0,0,0,0,0,5,0,1,0,0,4,25,12,12,1,123,4,4,0,0,157,0,1,1,152,153,0,0,0,0,0,0,0,0,0,0,5,0,1,0,0,4,8,3,5,0,20,0,0,0,0,33,0,1,1,28,29,0,0,0,0,0,0,0,0,0,0,1,0,0,0,0,1,3,3,0,0,5,0,0,0,0,9,0,0,0,8,8,0,0,0,0,0,0,0,0,0,0,0,0,0,0,0,0,0,0,0,0,0,0,0,0,0,0,0,0,0,0,0
Brighton Town Police Department,1974-05-01,New York,37000,NY02750,,not updated,normal return,normal return,normal return,normal return,breakdown offenses,breakdown offenses,breakdown offenses,0,0,0,0,0,0,0,0,0,0,0,0,0,3,0,0,0,0,3,18,8,10,0,87,2,2,0,0,110,0,0,0,107,107,0,0,0,0,0,0,0,0,0,0,3,0,0,0,0,3,2,1,1,0,17,1,1,0,0,23,0,0,0,20,20,0,0,0,0,0,0,0,0,0,0,0,0,0,0,0,0,1,1,0,0,2,1,1,0,0,4,0,0,0,4,4,0,0,0,0,0,0,0,0,0,0,0,0,0,0,0,0,0,0,0,0,0,0,0,0,0,0,0,0,0,0,0
Brighton Town Police Department,1974-04-01,New York,37000,NY02750,,not updated,normal return,normal return,normal return,normal return,breakdown offenses,breakdown offenses,breakdown offenses,0,0,0,0,0,0,0,0,0,0,0,0,0,0,0,0,0,0,0,27,14,12,1,82,4,4,0,0,113,0,0,0,113,113,0,0,0,0,0,0,0,0,0,0,0,0,0,0,0,0,4,0,4,0,15,2,2,0,0,21,0,0,0,21,21,0,0,0,0,0,0,0,0,0,0,0,0,0,0,0,0,3,0,3,0,7,2,2,0,0,12,0,0,0,12,12,0,0,0,0,0,0,0,0,0,0,0,0,0,0,0,0,0,0,0,0,0,0,0,0,0,0,0,0,0,0,0
Brighton Town Police Department,1974-03-01,New York,37000,NY02750,,not updated,adjustment,adjustment,adjustment,adjustment,breakdown offenses,breakdown offenses,breakdown offenses,0,0,0,0,0,0,0,0,0,0,0,0,0,1,0,0,0,0,1,24,16,4,4,49,4,4,0,0,78,0,0,0,77,77,0,0,0,0,0,0,0,0,0,0,1,0,0,0,0,1,6,4,2,0,11,1,1,0,0,19,0,0,0,18,18,0,0,0,0,0,0,0,0,0,0,0,0,0,0,0,0,5,4,1,0,4,0,0,0,0,9,0,0,0,9,9,0,0,0,0,0,0,0,0,0,0,0,0,0,0,0,0,0,0,0,0,0,0,0,0,0,0,0,0,0,0,0
Brighton Town Police Department,1974-02-01,New York,37000,NY02750,,not updated,adjustment,adjustment,adjustment,adjustment,breakdown offenses,breakdown offenses,breakdown offenses,0,0,0,0,0,0,0,0,0,0,0,0,0,1,0,0,0,1,0,25,16,8,1,51,1,1,0,0,78,0,1,1,77,78,0,0,0,0,0,0,0,0,0,0,0,0,0,0,0,0,3,3,0,0,10,0,0,0,0,13,0,0,0,13,13,0,0,0,0,0,0,0,0,0,0,0,0,0,0,0,0,2,2,0,0,3,0,0,0,0,5,0,0,0,5,5,0,0,0,0,0,0,0,0,0,0,0,0,0,0,0,0,0,0,0,0,0,0,0,0,0,0,0,0,0,0,0
Brighton Town Police Department,1974-01-01,New York,37000,NY02750,,not updated,adjustment,adjustment,adjustment,adjustment,breakdown offenses,breakdown offenses,breakdown offenses,0,0,0,0,0,1,0,1,0,0,0,0,0,4,0,1,0,2,1,45,33,11,1,48,3,3,0,0,101,0,3,4,96,100,0,0,0,0,0,0,0,0,0,0,2,0,1,0,1,0,7,7,0,0,12,1,1,0,0,22,0,2,2,20,22,0,0,0,0,0,0,0,0,0,0,0,0,0,0,0,0,0,0,0,0,0,1,1,0,0,1,0,0,0,1,1,0,0,0,0,0,0,0,0,0,0,0,0,0,0,0,0,0,0,0,0,0,0,0,0,0,0,0,0,0,0,0
Brighton Town Police Department,1973-12-01,New York,37000,NY02750,,not updated,normal return,normal return,normal return,not updated,breakdown offenses,totals only,totals only,0,0,0,0,0,0,0,0,2,2,0,0,0,0,0,0,0,0,0,40,31,9,0,73,6,6,0,0,121,18,0,2,119,121,0,0,0,0,0,1,0,0,0,0,0,0,0,0,0,0,3,0,0,0,7,1,1,0,0,12,5,0,1,11,12,0,0,0,0,0,0,0,0,0,0,0,0,0,0,0,0,1,0,0,0,0,1,1,0,0,2,0,0,0,2,2,0,0,0,0,0,0,0,0,0,0,0,0,0,0,0,0,0,0,0,0,0,0,0,0,0,0,0,0,0,0,0
Brighton Town Police Department,1973-11-01,New York,37000,NY02750,,not updated,normal return,normal return,normal return,not updated,breakdown offenses,breakdown offenses,breakdown offenses,0,0,0,0,0,3,0,3,0,0,0,0,0,1,0,0,0,0,1,35,35,0,0,57,3,3,0,0,98,18,0,3,95,98,0,0,1,0,1,0,0,0,0,0,1,0,0,0,0,1,2,2,0,0,6,0,0,0,0,9,4,0,1,8,9,0,0,0,0,0,0,0,0,0,0,0,0,0,0,0,0,0,0,0,0,0,0,0,0,0,0,0,0,0,0,0,0,0,0,0,0,0,0,0,0,0,0,0,0,0,0,0,0,0,0,0,0,0,0,0,0,0,0,0,0,0,0
Brighton Town Police Department,1973-10-01,New York,37000,NY02750,,not updated,normal return,normal return,normal return,not updated,breakdown offenses,breakdown offenses,breakdown offenses,0,0,0,0,0,0,0,0,0,0,0,0,0,3,0,0,0,0,3,41,41,0,0,59,5,5,0,0,105,23,0,0,105,105,0,0,0,0,0,0,0,0,0,0,1,0,0,0,0,1,3,3,0,0,16,2,2,0,0,21,8,0,0,21,21,0,0,0,0,0,0,0,0,0,0,0,0,0,0,0,0,2,2,0,0,5,0,0,0,0,7,5,0,0,7,7,0,0,0,0,0,0,0,0,0,0,0,0,0,0,0,0,0,0,0,0,0,0,0,0,0,0,0,0,0,0,0
Brighton Town Police Department,1973-09-01,New York,37000,NY02750,,not updated,normal return,normal return,normal return,not updated,breakdown offenses,breakdown offenses,breakdown offenses,0,0,0,0,0,0,0,0,0,0,0,0,0,0,0,0,0,0,0,14,14,0,0,50,4,4,0,0,68,13,0,0,68,68,0,0,0,0,0,0,0,0,0,0,0,0,0,0,0,0,0,0,0,0,10,0,0,0,0,10,3,0,0,10,10,0,0,0,0,0,0,0,0,0,0,0,0,0,0,0,0,0,0,0,0,0,0,0,0,0,0,0,0,0,0,0,0,0,0,0,0,0,0,0,0,0,0,0,0,0,0,0,0,0,0,0,0,0,0,0,0,0,0,0,0,0,0
Brighton Town Police Department,1973-08-01,New York,37000,NY02750,,not updated,normal return,normal return,normal return,not updated,breakdown offenses,breakdown offenses,breakdown offenses,0,0,0,0,0,0,0,0,2,2,0,0,0,2,0,0,0,1,1,21,21,0,0,80,5,5,0,0,109,30,1,3,106,109,0,0,0,0,0,0,0,0,0,0,2,0,0,0,1,1,2,2,0,0,7,1,1,0,0,11,0,1,1,10,11,0,0,0,0,0,0,0,0,0,0,0,0,0,0,0,0,2,2,0,0,1,0,0,0,0,3,0,0,0,3,3,0,0,0,0,0,0,0,0,0,0,0,0,0,0,0,0,0,0,0,0,0,0,0,0,0,0,0,0,0,0,0
Brighton Town Police Department,1973-07-01,New York,37000,NY02750,,not updated,normal return,normal return,normal return,not updated,breakdown offenses,breakdown offenses,breakdown offenses,0,0,0,0,0,0,0,0,1,1,0,0,0,2,0,0,0,0,2,26,26,0,0,101,5,5,0,0,133,29,0,1,132,133,0,0,0,0,0,0,0,0,0,0,2,0,0,0,0,2,3,3,0,0,11,1,1,0,0,15,6,0,0,15,15,0,0,0,0,0,0,0,0,0,0,0,0,0,0,0,0,2,2,0,0,2,0,0,0,0,4,2,0,0,4,4,0,0,0,0,0,0,0,0,0,0,0,0,0,0,0,0,0,0,0,0,0,0,0,0,0,0,0,0,0,0,0
Brighton Town Police Department,1973-06-01,New York,37000,NY02750,,not updated,normal return,normal return,normal return,not updated,breakdown offenses,breakdown offenses,breakdown offenses,0,0,0,0,0,1,0,1,0,0,0,0,0,1,0,0,0,0,1,15,9,6,0,75,7,7,0,0,98,25,0,1,97,98,0,0,0,0,0,0,0,0,0,0,1,0,0,0,0,1,7,7,0,0,11,1,1,0,0,19,6,0,0,19,19,0,0,0,0,0,0,0,0,0,0,0,0,0,0,0,0,0,0,0,0,1,1,1,0,0,2,1,0,0,2,2,0,0,0,0,0,0,0,0,0,0,0,0,0,0,0,0,0,0,0,0,0,0,0,0,0,0,0,0,0,0,0
Brighton Town Police Department,1973-05-01,New York,37000,NY02750,,not updated,normal return,normal return,normal return,not updated,breakdown offenses,breakdown offenses,breakdown offenses,0,0,0,0,0,0,0,0,1,0,0,0,1,1,0,0,0,0,1,24,15,5,4,50,1,1,0,0,76,14,0,1,75,76,0,0,0,0,0,0,0,0,0,0,0,0,0,0,0,0,0,0,0,0,7,0,0,0,0,7,5,0,0,7,7,0,0,0,0,0,0,0,0,0,0,0,0,0,0,0,0,0,0,0,0,1,0,0,0,0,1,1,0,0,1,1,0,0,0,0,0,0,0,0,0,0,0,0,0,0,0,0,0,0,0,0,0,0,0,0,0,0,0,0,0,0,0
Brighton Town Police Department,1973-04-01,New York,37000,NY02750,,not updated,normal return,normal return,normal return,not updated,breakdown offenses,breakdown offenses,breakdown offenses,0,0,0,0,0,0,0,0,0,0,0,0,0,0,0,0,0,0,0,14,10,4,0,21,1,1,0,0,36,11,0,0,36,36,0,0,0,0,0,0,0,0,0,0,0,0,0,0,0,0,0,0,0,0,7,0,0,0,0,7,7,0,0,7,7,0,0,0,0,0,0,0,0,0,0,0,0,0,0,0,0,0,0,0,0,0,0,0,0,0,0,0,0,0,0,0,0,0,0,0,0,0,0,0,0,0,0,0,0,0,0,0,0,0,0,0,0,0,0,0,0,0,0,0,0,0,0
Brighton Town Police Department,1973-03-01,New York,37000,NY02750,,not updated,normal return,normal return,normal return,not updated,breakdown offenses,breakdown offenses,breakdown offenses,0,0,0,0,0,1,1,0,0,0,0,0,0,2,0,1,0,1,0,13,11,2,0,31,3,3,0,0,50,12,2,3,47,50,0,0,0,0,0,0,0,0,0,0,1,0,1,0,0,0,0,0,0,0,8,0,0,0,0,9,8,1,1,8,9,0,0,0,0,0,0,0,0,0,0,1,0,1,0,0,0,0,0,0,0,0,0,0,0,0,1,0,1,1,0,1,0,0,0,0,0,0,0,0,0,0,0,0,0,0,0,0,0,0,0,0,0,0,0,0,0,0,0,0,0,0,0
Brighton Town Police Department,1973-02-01,New York,37000,NY02750,,not updated,normal return,normal return,normal return,not updated,breakdown offenses,breakdown offenses,breakdown offenses,0,0,0,0,0,0,0,0,1,0,0,0,1,1,0,0,0,0,1,8,6,2,0,20,1,1,0,0,30,12,0,1,29,30,0,0,0,0,0,0,0,0,0,0,1,0,0,0,0,1,0,0,0,0,7,0,0,0,0,7,7,0,0,7,7,0,0,0,0,0,0,0,0,0,0,0,0,0,0,0,0,0,0,0,0,0,0,0,0,0,0,0,0,0,0,0,0,0,0,0,0,0,0,0,0,0,0,0,0,0,0,0,0,0,0,0,0,0,0,0,0,0,0,0,0,0,0
Brighton Town Police Department,1973-01-01,New York,37000,NY02750,,not updated,normal return,normal return,normal return,not updated,breakdown offenses,breakdown offenses,breakdown offenses,0,0,0,0,0,0,0,0,0,0,0,0,0,0,0,0,0,0,0,31,27,4,0,16,2,2,0,0,49,6,0,0,49,49,0,0,0,0,0,0,0,0,0,0,0,0,0,0,0,0,30,27,3,0,1,0,0,0,0,31,1,0,0,31,31,0,0,0,0,0,0,0,0,0,0,0,0,0,0,0,0,2,2,0,0,0,0,0,0,0,2,0,0,0,2,2,0,0,0,0,0,0,0,0,0,0,0,0,0,0,0,0,0,0,0,0,0,0,0,0,0,0,0,0,0,0,0
Brighton Town Police Department,1972-12-01,New York,36448,NY02750,,not updated,normal return,normal return,normal return,not updated,breakdown offenses,breakdown offenses,breakdown offenses,0,0,0,0,0,0,0,0,1,1,0,0,0,0,0,0,0,0,0,31,22,9,0,29,0,0,0,0,61,10,0,1,60,61,0,0,0,0,0,0,0,0,0,0,0,0,0,0,0,0,0,0,0,0,6,0,0,0,0,6,5,0,0,6,6,0,0,0,0,0,0,0,0,0,0,0,0,0,0,0,0,0,0,0,0,0,0,0,0,0,0,0,0,0,0,0,0,0,0,0,0,0,0,0,0,0,0,0,0,0,0,0,0,0,0,0,0,0,0,0,0,0,0,0,0,0,0
Brighton Town Police Department,1972-11-01,New York,36448,NY02750,,not updated,normal return,normal return,normal return,not updated,breakdown offenses,breakdown offenses,breakdown offenses,0,0,0,0,0,0,0,0,0,0,0,0,0,1,0,0,0,0,1,24,14,9,1,51,11,11,0,0,86,25,0,0,86,86,0,0,0,0,0,0,0,0,0,0,1,0,0,0,0,1,1,1,0,0,3,0,0,0,0,4,3,0,0,4,4,0,0,0,0,0,0,0,0,0,0,0,0,0,0,0,0,0,0,0,0,0,0,0,0,0,0,0,0,0,0,0,0,0,0,0,0,0,0,0,0,0,0,0,0,0,0,0,0,0,0,0,0,0,0,0,0,0,0,0,0,0,0
Brighton Town Police Department,1972-10-01,New York,36448,NY02750,,not updated,normal return,normal return,normal return,not updated,breakdown offenses,breakdown offenses,breakdown offenses,0,0,0,0,0,0,0,0,0,0,0,0,0,0,0,0,0,0,0,17,10,6,1,33,1,1,0,0,51,13,0,0,51,51,0,0,0,0,0,0,0,0,0,0,0,0,0,0,0,0,2,1,0,1,6,0,0,0,0,8,4,0,0,8,8,0,0,0,0,0,0,0,0,0,0,0,0,0,0,0,0,0,0,0,0,0,0,0,0,0,0,0,0,0,0,0,0,0,0,0,0,0,0,0,0,0,0,0,0,0,0,0,0,0,0,0,0,0,0,0,0,0,0,0,0,0,0
Brighton Town Police Department,1972-09-01,New York,36448,NY02750,,not updated,normal return,normal return,normal return,not updated,breakdown offenses,breakdown offenses,breakdown offenses,0,0,0,0,0,0,0,0,0,0,0,0,0,1,0,0,0,1,0,26,16,8,2,49,1,1,0,0,77,7,1,1,76,77,0,0,0,0,0,2,2,0,0,0,1,0,0,0,1,0,2,1,1,0,1,0,0,0,0,6,1,1,3,3,6,0,0,0,0,0,0,0,0,0,0,0,0,0,0,0,0,0,0,0,0,0,0,0,0,0,0,0,0,0,0,0,0,0,0,0,0,0,0,0,0,0,0,0,0,0,0,0,0,0,0,0,0,0,0,0,0,0,0,0,0,0,0
Brighton Town Police Department,1972-08-01,New York,36448,NY02750,,not updated,normal return,normal return,normal return,not updated,breakdown offenses,breakdown offenses,breakdown offenses,0,0,0,0,0,0,0,0,3,3,0,0,0,2,0,0,0,2,0,8,5,3,0,65,3,3,0,0,81,20,2,5,76,81,0,0,0,0,0,1,1,0,0,0,1,0,0,0,1,0,0,0,0,0,8,1,1,0,0,11,7,1,2,9,11,0,0,0,0,0,0,0,0,0,0,0,0,0,0,0,0,0,0,0,0,0,0,0,0,0,0,0,0,0,0,0,0,0,0,0,0,0,0,0,0,0,0,0,0,0,0,0,0,0,0,0,0,0,0,0,0,0,0,0,0,0,0
Brighton Town Police Department,1972-07-01,New York,36448,NY02750,,not updated,normal return,normal return,normal return,not updated,breakdown offenses,breakdown offenses,breakdown offenses,0,0,0,0,0,0,0,0,0,0,0,0,0,3,1,1,0,0,1,13,6,6,1,73,4,4,0,0,92,21,2,2,90,92,0,0,0,0,0,0,0,0,0,0,3,1,1,0,0,1,0,0,0,0,10,0,0,0,0,12,9,2,2,10,12,0,0,0,0,0,0,0,0,0,0,0,0,0,0,0,0,0,0,0,0,1,0,0,0,0,1,0,0,0,1,1,0,0,0,0,0,0,0,0,0,0,0,0,0,0,0,0,0,0,0,0,0,0,0,0,0,0,0,0,0,0,0
Brighton Town Police Department,1972-06-01,New York,36448,NY02750,,not updated,normal return,normal return,normal return,not updated,breakdown offenses,breakdown offenses,breakdown offenses,0,0,0,0,0,0,0,0,1,0,0,0,1,2,0,0,0,2,0,11,7,1,3,34,4,4,0,0,52,11,2,3,49,52,0,0,0,0,0,1,0,0,0,1,0,0,0,0,0,0,7,6,1,0,9,0,0,0,0,17,3,0,1,16,17,0,0,0,0,0,0,0,0,0,0,0,0,0,0,0,0,0,0,0,0,1,0,0,0,0,1,1,0,0,1,1,0,0,0,0,0,0,0,0,0,0,0,0,0,0,0,0,0,0,0,0,0,0,0,0,0,0,0,0,0,0,0
Brighton Town Police Department,1972-05-01,New York,36448,NY02750,,not updated,normal return,normal return,normal return,not updated,breakdown offenses,breakdown offenses,breakdown offenses,0,0,0,0,0,0,0,0,0,0,0,0,0,1,0,0,0,1,0,22,16,5,1,42,8,8,0,0,73,17,1,1,72,73,0,0,0,0,0,0,0,0,0,0,0,0,0,0,0,0,0,0,0,0,11,1,1,0,0,12,9,0,0,12,12,0,0,0,0,0,0,0,0,0,0,0,0,0,0,0,0,0,0,0,0,0,0,0,0,0,0,0,0,0,0,0,0,0,0,0,0,0,0,0,0,0,0,0,0,0,0,0,0,0,0,0,0,0,0,0,0,0,0,0,0,0,0
Brighton Town Police Department,1972-04-01,New York,36448,NY02750,,not updated,normal return,normal return,normal return,not updated,breakdown offenses,breakdown offenses,breakdown offenses,0,0,0,0,0,0,0,0,0,0,0,0,0,1,0,0,0,1,0,6,3,3,0,39,2,2,0,0,48,21,1,1,47,48,0,0,0,0,0,0,0,0,0,0,1,0,0,0,1,0,0,0,0,0,12,0,0,0,0,13,11,1,1,12,13,0,0,0,0,0,0,0,0,0,0,0,0,0,0,0,0,0,0,0,0,0,0,0,0,0,0,0,0,0,0,0,0,0,0,0,0,0,0,0,0,0,0,0,0,0,0,0,0,0,0,0,0,0,0,0,0,0,0,0,0,0,0
Brighton Town Police Department,1972-03-01,New York,36448,NY02750,,not updated,normal return,normal return,normal return,not updated,breakdown offenses,breakdown offenses,breakdown offenses,0,0,0,0,0,1,1,0,0,0,0,0,0,2,0,0,0,1,1,9,6,2,1,24,6,6,0,0,41,11,1,2,39,41,0,0,0,0,0,0,0,0,0,0,2,0,0,0,1,1,0,0,0,0,7,0,0,0,0,8,6,1,1,7,8,0,0,0,0,0,0,0,0,0,0,0,0,0,0,0,0,0,0,0,0,0,0,0,0,0,0,0,0,0,0,0,0,0,0,0,0,0,0,0,0,0,0,0,0,0,0,0,0,0,0,0,0,0,0,0,0,0,0,0,0,0,0
Brighton Town Police Department,1972-02-01,New York,36448,NY02750,,not updated,normal return,normal return,normal return,not updated,breakdown offenses,breakdown offenses,breakdown offenses,0,0,0,0,0,0,0,0,0,0,0,0,0,2,0,0,2,0,0,17,15,2,0,29,3,3,0,0,51,23,2,2,49,51,0,0,0,0,0,0,0,0,0,0,2,0,0,2,0,0,10,7,3,0,16,28,28,0,0,56,15,2,2,54,56,0,0,0,0,0,0,0,0,0,0,0,0,0,0,0,0,0,0,0,0,0,0,0,0,0,0,0,0,0,0,0,0,0,0,0,0,0,0,0,0,0,0,0,0,0,0,0,0,0,0,0,0,0,0,0,0,0,0,0,0,0,0
Brighton Town Police Department,1972-01-01,New York,36448,NY02750,,not updated,normal return,normal return,normal return,not updated,breakdown offenses,breakdown offenses,breakdown offenses,0,0,0,0,0,0,0,0,1,1,0,0,0,4,0,0,0,4,0,13,8,4,1,26,2,2,0,0,46,18,4,5,41,46,0,0,0,0,0,0,0,0,0,0,2,0,0,0,2,0,10,10,0,0,11,0,0,0,0,23,11,2,2,21,23,0,0,0,0,0,0,0,0,0,0,0,0,0,0,0,0,0,0,0,0,0,0,0,0,0,0,0,0,0,0,0,0,0,0,0,0,0,0,0,0,0,0,0,0,0,0,0,0,0,0,0,0,0,0,0,0,0,0,0,0,0,0
Brighton Town Police Department,1971-12-01,New York,36224,NY02750,,not updated,normal return,normal return,normal return,not updated,breakdown offenses,breakdown offenses,breakdown offenses,0,0,0,0,0,0,0,0,0,0,0,0,0,3,0,0,0,3,0,14,10,2,2,43,2,2,0,0,62,18,3,3,59,62,0,0,0,0,0,0,0,0,0,0,1,0,0,0,1,0,18,18,0,0,5,0,0,0,0,24,4,1,1,23,24,0,0,0,0,0,0,0,0,0,0,0,0,0,0,0,0,0,0,0,0,1,0,0,0,0,1,0,0,0,1,1,0,0,0,0,0,0,0,0,0,0,0,0,0,0,0,0,0,0,0,0,0,0,0,0,0,0,0,0,0,0,0
Brighton Town Police Department,1971-11-01,New York,36224,NY02750,,not updated,normal return,normal return,normal return,not updated,breakdown offenses,breakdown offenses,breakdown offenses,0,0,0,0,0,0,0,0,0,0,0,0,0,2,0,0,0,2,0,18,10,7,1,48,3,3,0,0,71,21,2,2,69,71,0,0,0,0,0,0,0,0,0,0,1,0,0,0,1,0,1,1,0,0,10,0,0,0,0,12,10,1,1,11,12,0,0,0,0,0,0,0,0,0,0,0,0,0,0,0,0,0,0,0,0,0,0,0,0,0,0,0,0,0,0,0,0,0,0,0,0,0,0,0,0,0,0,0,0,0,0,0,0,0,0,0,0,0,0,0,0,0,0,0,0,0,0
Brighton Town Police Department,1971-10-01,New York,36224,NY02750,,not updated,normal return,normal return,normal return,not updated,breakdown offenses,breakdown offenses,breakdown offenses,0,0,0,0,0,1,1,0,0,0,0,0,0,2,0,0,0,2,0,15,10,5,0,63,3,3,0,0,84,22,2,3,81,84,0,0,0,0,0,0,0,0,0,0,2,0,0,0,2,0,1,1,0,0,11,0,0,0,0,14,10,2,2,12,14,0,0,0,0,0,0,0,0,0,0,0,0,0,0,0,0,1,1,0,0,1,0,0,0,0,2,0,0,0,2,2,0,0,0,0,0,0,0,0,0,0,0,0,0,0,0,0,0,0,0,0,0,0,0,0,0,0,0,0,0,0,0
Brighton Town Police Department,1971-09-01,New York,36224,NY02750,,not updated,normal return,normal return,normal return,not updated,breakdown offenses,breakdown offenses,breakdown offenses,0,0,0,0,0,0,0,0,0,0,0,0,0,1,0,0,0,1,0,19,10,5,4,62,4,4,0,0,86,22,1,1,85,86,0,0,0,0,0,0,0,0,0,0,1,0,0,0,1,0,0,0,0,0,12,1,1,0,0,14,8,1,1,13,14,0,0,0,0,0,0,0,0,0,0,0,0,0,0,0,0,0,0,0,0,0,0,0,0,0,0,0,0,0,0,0,0,0,0,0,0,0,0,0,0,0,0,0,0,0,0,0,0,0,0,0,0,0,0,0,0,0,0,0,0,0,0
Brighton Town Police Department,1971-08-01,New York,36224,NY02750,,not updated,normal return,normal return,normal return,not updated,breakdown offenses,breakdown offenses,breakdown offenses,0,0,0,0,0,2,2,0,0,0,0,0,0,4,0,1,1,2,0,16,11,3,2,75,5,5,0,0,102,31,4,6,96,102,0,0,0,0,0,0,0,0,0,0,4,0,1,1,2,0,1,0,0,1,16,2,2,0,0,23,14,4,4,19,23,0,0,0,0,0,0,0,0,0,0,0,0,0,0,0,0,0,0,0,0,0,0,0,0,0,0,0,0,0,0,0,0,0,0,0,0,0,0,0,0,0,0,0,0,0,0,0,0,0,0,0,0,0,0,0,0,0,0,0,0,0,0
Brighton Town Police Department,1971-07-01,New York,36224,NY02750,,not updated,normal return,normal return,normal return,not updated,breakdown offenses,breakdown offenses,breakdown offenses,0,0,0,0,0,0,0,0,0,0,0,0,0,2,0,0,0,2,0,13,13,0,0,53,4,4,0,0,72,22,2,2,70,72,0,0,0,0,0,0,0,0,0,0,1,0,0,0,1,0,0,0,0,0,9,1,1,0,0,11,8,1,1,10,11,0,0,0,0,0,0,0,0,0,0,0,0,0,0,0,0,0,0,0,0,0,0,0,0,0,0,0,0,0,0,0,0,0,0,0,0,0,0,0,0,0,0,0,0,0,0,0,0,0,0,0,0,0,0,0,0,0,0,0,0,0,0
Brighton Town Police Department,1971-06-01,New York,36224,NY02750,,not updated,normal return,normal return,normal return,not updated,breakdown offenses,breakdown offenses,breakdown offenses,0,0,0,0,0,0,0,0,0,0,0,0,0,2,0,0,0,1,1,9,4,4,1,74,2,2,0,0,86,30,1,1,85,86,0,0,0,0,0,0,0,0,0,0,1,0,0,0,1,0,4,4,0,0,7,0,0,0,0,12,7,1,1,11,12,0,0,0,0,0,0,0,0,0,0,0,0,0,0,0,0,4,4,0,0,1,0,0,0,0,5,1,0,0,5,5,0,0,0,0,0,0,0,0,0,0,0,0,0,0,0,0,0,0,0,0,0,0,0,0,0,0,0,0,0,0,0
Brighton Town Police Department,1971-05-01,New York,36224,NY02750,,not updated,normal return,normal return,normal return,not updated,breakdown offenses,breakdown offenses,breakdown offenses,0,0,0,0,0,1,1,0,1,0,0,0,1,4,0,0,1,3,0,16,8,8,0,54,8,8,0,0,84,20,4,6,78,84,0,0,1,1,0,1,0,0,0,1,3,0,0,0,3,0,7,6,1,0,11,2,2,0,0,25,9,3,5,20,25,0,0,0,0,0,0,0,0,0,0,0,0,0,0,0,0,1,0,1,0,2,1,1,0,0,4,0,0,0,4,4,0,0,0,0,0,0,0,0,0,0,0,0,0,0,0,0,0,0,0,0,0,0,0,0,0,0,0,0,0,0,0
Brighton Town Police Department,1971-04-01,New York,36224,NY02750,,not updated,normal return,normal return,normal return,not updated,breakdown offenses,breakdown offenses,breakdown offenses,0,0,0,0,0,0,0,0,0,0,0,0,0,2,0,0,1,1,0,6,4,0,2,47,4,4,0,0,59,19,2,2,57,59,0,0,0,0,0,0,0,0,0,0,0,0,0,0,0,0,0,0,0,0,6,0,0,0,0,6,6,0,0,6,6,0,0,0,0,0,0,0,0,0,0,0,0,0,0,0,0,0,0,0,0,1,0,0,0,0,1,1,0,0,1,1,0,0,0,0,0,0,0,0,0,0,0,0,0,0,0,0,0,0,0,0,0,0,0,0,0,0,0,0,0,0,0
Brighton Town Police Department,1971-03-01,New York,36224,NY02750,,not updated,normal return,normal return,normal return,not updated,breakdown offenses,breakdown offenses,breakdown offenses,0,0,0,0,0,0,0,0,0,0,0,0,0,1,0,0,0,1,0,13,5,7,1,34,2,2,0,0,50,17,1,1,49,50,0,0,0,0,0,0,0,0,0,0,1,0,0,0,1,0,1,0,1,0,4,0,0,0,0,6,4,1,1,5,6,0,0,0,0,0,0,0,0,0,0,0,0,0,0,0,0,1,0,1,0,1,0,0,0,0,2,1,0,0,2,2,0,0,0,0,0,0,0,0,0,0,0,0,0,0,0,0,0,0,0,0,0,0,0,0,0,0,0,0,0,0,0
Brighton Town Police Department,1971-02-01,New York,36224,NY02750,,not updated,normal return,normal return,normal return,not updated,breakdown offenses,breakdown offenses,breakdown offenses,0,0,0,0,0,0,0,0,0,0,0,0,0,3,0,0,0,1,2,4,1,3,0,23,0,0,0,0,28,13,1,1,27,28,0,0,0,0,0,0,0,0,0,0,0,0,0,0,0,0,0,0,0,0,2,0,0,0,0,2,2,0,0,2,2,0,0,0,0,0,0,0,0,0,0,0,0,0,0,0,0,0,0,0,0,0,0,0,0,0,0,0,0,0,0,0,0,0,0,0,0,0,0,0,0,0,0,0,0,0,0,0,0,0,0,0,0,0,0,0,0,0,0,0,0,0,0
Brighton Town Police Department,1971-01-01,New York,36224,NY02750,,not updated,normal return,normal return,normal return,not updated,breakdown offenses,breakdown offenses,breakdown offenses,0,0,0,0,0,0,0,0,0,0,0,0,0,1,0,0,0,0,1,13,9,4,0,29,1,1,0,0,43,11,0,0,43,43,0,0,0,0,0,0,0,0,0,0,0,0,0,0,0,0,0,0,0,0,0,0,0,0,0,0,0,0,0,0,0,0,0,0,0,0,0,0,0,0,0,0,0,0,0,0,0,0,0,0,0,0,0,0,0,0,0,0,0,0,0,0,0,0,0,0,0,0,0,0,0,0,0,0,0,0,0,0,0,0,0,0,0,0,0,0,0,0,0,0,0,0,0
Brighton Town Police Department,1970-12-01,New York,35065,NY02750,,not updated,normal return,normal return,normal return,not updated,breakdown offenses,breakdown offenses,breakdown offenses,0,0,0,0,0,0,0,0,1,1,0,0,0,1,0,0,0,1,0,11,6,4,1,35,5,5,0,0,53,15,1,2,51,53,0,0,0,0,0,0,0,0,0,0,0,0,0,0,0,0,9,9,0,0,2,1,1,0,0,12,1,0,0,12,12,0,0,0,0,0,0,0,0,0,0,0,0,0,0,0,0,0,0,0,0,0,1,1,0,0,1,0,0,0,1,1,0,0,0,0,0,0,0,0,0,0,0,0,0,0,0,0,0,0,0,0,0,0,0,0,0,0,0,0,0,0,0
Brighton Town Police Department,1970-11-01,New York,35065,NY02750,,not updated,normal return,normal return,normal return,not updated,breakdown offenses,breakdown offenses,breakdown offenses,0,0,0,0,0,0,0,0,0,0,0,0,0,0,0,0,0,0,0,22,13,8,1,44,10,10,0,0,76,18,0,0,76,76,0,0,0,0,0,0,0,0,0,0,0,0,0,0,0,0,0,0,0,0,1,0,0,0,0,1,1,0,0,1,1,0,0,0,0,0,0,0,0,0,0,0,0,0,0,0,0,0,0,0,0,0,0,0,0,0,0,0,0,0,0,0,0,0,0,0,0,0,0,0,0,0,0,0,0,0,0,0,0,0,0,0,0,0,0,0,0,0,0,0,0,0,0
Brighton Town Police Department,1970-10-01,New York,35065,NY02750,,not updated,normal return,normal return,normal return,not updated,breakdown offenses,breakdown offenses,breakdown offenses,0,0,0,0,0,0,0,0,1,1,0,0,0,4,0,0,0,2,2,25,22,2,1,56,5,5,0,0,89,18,2,3,86,89,0,0,0,0,0,0,0,0,0,0,1,0,0,0,0,1,0,0,0,0,1,2,2,0,0,3,0,0,0,3,3,0,0,0,0,0,0,0,0,0,0,0,0,0,0,0,0,0,0,0,0,0,1,1,0,0,1,0,0,0,1,1,0,0,0,0,0,0,0,0,0,0,0,0,0,0,0,0,0,0,0,0,0,0,0,0,0,0,0,0,0,0,0
Brighton Town Police Department,1970-09-01,New York,35065,NY02750,,not updated,normal return,normal return,normal return,not updated,breakdown offenses,breakdown offenses,breakdown offenses,0,0,0,0,0,1,0,1,0,0,0,0,0,1,0,0,0,1,0,17,15,2,0,57,8,8,0,0,84,21,1,2,82,84,0,0,1,0,1,0,0,0,0,0,1,0,0,0,1,0,1,1,0,0,4,0,0,0,0,7,2,1,2,5,7,0,0,0,0,0,0,0,0,0,0,1,0,0,0,1,0,1,1,0,0,0,0,0,0,0,2,0,1,1,1,2,0,0,0,0,0,0,0,0,0,0,0,0,0,0,0,0,0,0,0,0,0,0,0,0,0,0,0,0,0,0,0
Brighton Town Police Department,1970-08-01,New York,35065,NY02750,,not updated,normal return,normal return,normal return,not updated,breakdown offenses,breakdown offenses,breakdown offenses,0,0,0,0,0,0,0,0,0,0,0,0,0,1,0,0,0,1,0,9,6,1,2,72,5,5,0,0,87,25,1,1,86,87,0,0,0,0,0,0,0,0,0,0,1,0,0,0,1,0,0,0,0,0,8,0,0,0,0,9,5,1,1,8,9,0,0,0,0,0,0,0,0,0,0,0,0,0,0,0,0,0,0,0,0,1,0,0,0,0,1,1,0,0,1,1,0,0,0,0,0,0,0,0,0,0,0,0,0,0,0,0,0,0,0,0,0,0,0,0,0,0,0,0,0,0,0
Brighton Town Police Department,1970-07-01,New York,35065,NY02750,,not updated,normal return,normal return,normal return,not updated,breakdown offenses,breakdown offenses,breakdown offenses,0,0,0,0,0,1,1,0,0,0,0,0,0,2,0,0,0,0,2,15,10,5,0,46,8,8,0,0,70,15,0,1,69,70,0,0,1,1,0,0,0,0,0,0,0,0,0,0,0,0,0,0,0,0,1,0,0,0,0,2,0,0,1,1,2,0,0,0,0,0,0,0,0,0,0,0,0,0,0,0,0,0,0,0,0,0,0,0,0,0,0,0,0,0,0,0,0,0,0,0,0,0,0,0,0,0,0,0,0,0,0,0,0,0,0,0,0,0,0,0,0,0,0,0,0,0,0
Brighton Town Police Department,1970-06-01,New York,35065,NY02750,,not updated,normal return,normal return,normal return,not updated,breakdown offenses,breakdown offenses,breakdown offenses,0,0,0,0,0,0,0,0,0,0,0,0,0,0,0,0,0,0,0,2,1,1,0,65,4,4,0,0,71,27,0,0,71,71,0,0,0,0,0,0,0,0,0,0,0,0,0,0,0,0,0,0,0,0,4,0,0,0,0,4,2,0,0,4,4,0,0,0,0,0,0,0,0,0,0,0,0,0,0,0,0,0,0,0,0,4,0,0,0,0,4,2,0,0,4,4,0,0,0,0,0,0,0,0,0,0,0,0,0,0,0,0,0,0,0,0,0,0,0,0,0,0,0,0,0,0,0
Brighton Town Police Department,1970-05-01,New York,35065,NY02750,,not updated,normal return,normal return,normal return,not updated,breakdown offenses,breakdown offenses,breakdown offenses,0,0,0,0,0,0,0,0,0,0,0,0,0,2,0,0,1,1,0,10,6,3,1,40,1,1,0,0,53,16,2,2,51,53,0,0,0,0,0,0,0,0,0,0,0,0,0,0,0,0,9,7,2,0,1,1,1,0,0,11,1,0,0,11,11,0,0,0,0,0,0,0,0,0,0,0,0,0,0,0,0,0,0,0,0,0,0,0,0,0,0,0,0,0,0,0,0,0,0,0,0,0,0,0,0,0,0,0,0,0,0,0,0,0,0,0,0,0,0,0,0,0,0,0,0,0,0
Brighton Town Police Department,1970-04-01,New York,35065,NY02750,,not updated,normal return,normal return,normal return,not updated,breakdown offenses,breakdown offenses,breakdown offenses,0,0,0,0,0,0,0,0,0,0,0,0,0,0,0,0,0,0,0,20,10,9,1,46,5,5,0,0,71,18,0,0,71,71,0,0,0,0,0,0,0,0,0,0,0,0,0,0,0,0,1,1,0,0,3,0,0,0,0,4,3,0,0,4,4,0,0,0,0,0,0,0,0,0,0,0,0,0,0,0,0,0,0,0,0,0,0,0,0,0,0,0,0,0,0,0,0,0,0,0,0,0,0,0,0,0,0,0,0,0,0,0,0,0,0,0,0,0,0,0,0,0,0,0,0,0,0
Brighton Town Police Department,1970-03-01,New York,35065,NY02750,,not updated,normal return,normal return,normal return,not updated,breakdown offenses,breakdown offenses,breakdown offenses,0,0,0,0,0,0,0,0,0,0,0,0,0,1,0,0,0,1,0,14,9,4,1,34,2,2,0,0,51,10,1,1,50,51,0,0,0,0,0,0,0,0,0,0,1,0,0,0,1,0,1,1,0,0,2,0,0,0,0,4,1,1,1,3,4,0,0,0,0,0,0,0,0,0,0,0,0,0,0,0,0,0,0,0,0,1,0,0,0,0,1,0,0,0,1,1,0,0,0,0,0,0,0,0,0,0,0,0,0,0,0,0,0,0,0,0,0,0,0,0,0,0,0,0,0,0,0
Brighton Town Police Department,1970-02-01,New York,35065,NY02750,,not updated,normal return,normal return,normal return,not updated,breakdown offenses,breakdown offenses,breakdown offenses,0,0,0,0,0,0,0,0,0,0,0,0,0,3,0,1,0,0,2,5,2,3,0,24,3,3,0,0,33,7,1,1,32,33,0,0,0,0,0,0,0,0,0,0,1,0,1,0,0,0,0,0,0,0,1,0,0,0,0,2,1,1,1,1,2,0,0,0,0,0,0,0,0,0,0,1,0,1,0,0,0,0,0,0,0,0,0,0,0,0,1,0,1,1,0,1,0,0,0,0,0,0,0,0,0,0,0,0,0,0,0,0,0,0,0,0,0,0,0,0,0,0,0,0,0,0,0
Brighton Town Police Department,1970-01-01,New York,35065,NY02750,,not updated,normal return,normal return,normal return,not updated,breakdown offenses,breakdown offenses,breakdown offenses,0,0,0,0,0,0,0,0,0,0,0,0,0,3,0,0,0,2,1,11,6,3,2,19,0,0,0,0,32,10,2,2,30,32,0,0,0,0,0,0,0,0,0,0,2,0,0,0,2,0,0,0,0,0,2,0,0,0,0,4,0,2,2,2,4,0,0,0,0,0,0,0,0,0,0,0,0,0,0,0,0,0,0,0,0,0,0,0,0,0,0,0,0,0,0,0,0,0,0,0,0,0,0,0,0,0,0,0,0,0,0,0,0,0,0,0,0,0,0,0,0,0,0,0,0,0,0
Brighton Town Police Department,1969-12-01,New York,33140,NY02750,,not updated,normal return,normal return,normal return,not updated,breakdown offenses,breakdown offenses,breakdown offenses,0,0,0,0,0,0,0,0,0,0,0,0,0,3,0,0,0,1,2,7,5,2,0,29,1,1,0,0,38,9,1,1,37,38,0,0,0,0,0,0,0,0,0,0,0,0,0,0,0,0,1,1,0,0,1,0,0,0,0,2,0,0,0,2,2,0,0,0,0,0,0,0,0,0,0,0,0,0,0,0,0,1,1,0,0,0,0,0,0,0,1,0,0,0,1,1,0,0,0,0,0,0,0,0,0,0,0,0,0,0,0,0,0,0,0,0,0,0,0,0,0,0,0,0,0,0,0
Brighton Town Police Department,1969-11-01,New York,33140,NY02750,,not updated,normal return,normal return,normal return,not updated,breakdown offenses,breakdown offenses,breakdown offenses,0,0,0,0,0,0,0,0,0,0,0,0,0,3,0,0,0,2,1,17,15,1,1,40,2,2,0,0,61,23,2,2,59,61,0,0,0,0,0,0,0,0,0,0,0,0,0,0,0,0,0,0,0,0,1,0,0,0,0,1,0,0,0,1,1,0,0,0,0,0,0,0,0,0,0,0,0,0,0,0,0,0,0,0,0,1,0,0,0,0,1,0,0,0,1,1,0,0,0,0,0,0,0,0,0,0,0,0,0,0,0,0,0,0,0,0,0,0,0,0,0,0,0,0,0,0,0
Brighton Town Police Department,1969-10-01,New York,33140,NY02750,,not updated,normal return,normal return,normal return,not updated,breakdown offenses,breakdown offenses,breakdown offenses,0,0,0,0,0,0,0,0,1,0,0,0,1,5,0,0,0,4,1,13,11,2,0,40,2,2,0,0,60,16,4,5,55,60,0,0,0,0,0,0,0,0,0,0,1,0,0,0,1,0,1,1,0,0,0,0,0,0,0,2,0,1,1,1,2,0,0,0,0,0,0,0,0,0,0,0,0,0,0,0,0,1,1,0,0,0,0,0,0,0,1,0,0,0,1,1,0,0,0,0,0,0,0,0,0,0,0,0,0,0,0,0,0,0,0,0,0,0,0,0,0,0,0,0,0,0,0
Brighton Town Police Department,1969-09-01,New York,33140,NY02750,,not updated,normal return,normal return,normal return,not updated,breakdown offenses,breakdown offenses,breakdown offenses,0,0,0,0,0,0,0,0,0,0,0,0,0,3,0,0,0,2,1,10,3,2,5,24,0,0,0,0,36,8,2,2,34,36,0,0,0,0,0,0,0,0,0,0,0,0,0,0,0,0,0,0,0,0,0,0,0,0,0,0,0,0,0,0,0,0,0,0,0,0,0,0,0,0,0,0,0,0,0,0,0,0,0,0,0,0,0,0,0,0,0,0,0,0,0,0,0,0,0,0,0,0,0,0,0,0,0,0,0,0,0,0,0,0,0,0,0,0,0,0,0,0,0,0,0,0,0
Brighton Town Police Department,1969-08-01,New York,33140,NY02750,,not updated,normal return,normal return,normal return,not updated,breakdown offenses,breakdown offenses,breakdown offenses,0,0,0,0,0,0,0,0,0,0,0,0,0,5,0,0,0,1,4,13,9,2,2,19,3,3,0,0,36,9,1,1,35,36,0,0,0,0,0,0,0,0,0,0,1,0,0,0,0,1,0,0,0,0,0,1,1,0,0,1,0,0,0,1,1,0,0,0,0,0,0,0,0,0,0,0,0,0,0,0,0,0,0,0,0,0,1,1,0,0,1,0,0,0,1,1,0,0,0,0,0,0,0,0,0,0,0,0,0,0,0,0,0,0,0,0,0,0,0,0,0,0,0,0,0,0,0
Brighton Town Police Department,1969-07-01,New York,33140,NY02750,,not updated,normal return,normal return,normal return,not updated,breakdown offenses,breakdown offenses,breakdown offenses,0,0,0,0,0,0,0,0,0,0,0,0,0,2,0,0,0,1,1,10,7,0,3,46,3,3,0,0,60,14,1,1,59,60,0,0,0,0,0,0,0,0,0,0,0,0,0,0,0,0,0,0,0,0,1,0,0,0,0,1,1,0,0,1,1,0,0,0,0,0,0,0,0,0,0,0,0,0,0,0,0,0,0,0,0,0,0,0,0,0,0,0,0,0,0,0,0,0,0,0,0,0,0,0,0,0,0,0,0,0,0,0,0,0,0,0,0,0,0,0,0,0,0,0,0,0,0
Brighton Town Police Department,1969-06-01,New York,33140,NY02750,,not updated,normal return,normal return,normal return,not updated,breakdown offenses,breakdown offenses,breakdown offenses,0,0,0,0,0,0,0,0,0,0,0,0,0,0,0,0,0,0,0,6,4,1,1,51,1,1,0,0,58,26,0,0,58,58,0,0,0,0,0,0,0,0,0,0,0,0,0,0,0,0,1,1,0,0,0,1,1,0,0,2,0,0,0,2,2,0,0,0,0,0,0,0,0,0,0,0,0,0,0,0,0,1,1,0,0,0,0,0,0,0,1,0,0,0,1,1,0,0,0,0,0,0,0,0,0,0,0,0,0,0,0,0,0,0,0,0,0,0,0,0,0,0,0,0,0,0,0
Brighton Town Police Department,1969-05-01,New York,33140,NY02750,,not updated,normal return,normal return,normal return,not updated,breakdown offenses,breakdown offenses,breakdown offenses,0,0,0,0,0,0,0,0,0,0,0,0,0,10,0,0,0,0,10,3,2,1,0,36,0,0,0,0,39,15,0,0,39,39,0,0,0,0,0,0,0,0,0,0,6,0,0,0,0,6,0,0,0,0,0,0,0,0,0,0,0,0,0,0,0,0,0,0,0,0,0,0,0,0,0,0,0,0,0,0,0,0,0,0,0,0,0,0,0,0,0,0,0,0,0,0,0,0,0,0,0,0,0,0,0,0,0,0,0,0,0,0,0,0,0,0,0,0,0,0,0,0,0,0,0,0,0
Brighton Town Police Department,1969-04-01,New York,33140,NY02750,,not updated,normal return,normal return,normal return,not updated,breakdown offenses,breakdown offenses,breakdown offenses,0,0,0,1,0,0,0,0,0,0,0,0,0,2,0,0,0,0,2,5,2,2,1,33,3,3,0,0,42,13,0,1,41,42,0,0,0,0,0,0,0,0,0,0,0,0,0,0,0,0,0,0,0,0,0,0,0,0,0,0,0,0,0,0,0,0,0,0,0,0,0,0,0,0,0,0,0,0,0,0,0,0,0,0,0,0,0,0,0,0,0,0,0,0,0,0,0,0,0,0,0,0,0,0,0,0,0,0,0,0,0,0,0,0,0,0,0,0,0,0,0,0,0,0,0,0,0
Brighton Town Police Department,1969-03-01,New York,33140,NY02750,,not updated,normal return,normal return,normal return,not updated,breakdown offenses,breakdown offenses,breakdown offenses,0,0,0,0,0,0,0,0,0,0,0,0,0,1,0,0,0,0,1,7,6,1,0,28,1,1,0,0,36,18,0,0,36,36,0,0,0,0,0,0,0,0,0,0,0,0,0,0,0,0,0,0,0,0,21,0,0,0,0,21,20,0,0,21,21,0,0,0,0,0,0,0,0,0,0,0,0,0,0,0,0,0,0,0,0,20,0,0,0,0,20,19,0,0,20,20,0,0,0,0,0,0,0,0,0,0,0,0,0,0,0,0,0,0,0,0,0,0,0,0,0,0,0,0,0,0,0
Brighton Town Police Department,1969-02-01,New York,33140,NY02750,,not updated,normal return,normal return,normal return,not updated,breakdown offenses,breakdown offenses,breakdown offenses,0,0,0,0,0,0,0,0,0,0,0,0,0,3,0,0,1,0,2,1,0,0,1,31,3,3,0,0,36,19,1,1,35,36,0,0,0,0,0,0,0,0,0,0,1,0,0,1,0,0,0,0,0,0,1,0,0,0,0,2,0,1,1,1,2,0,0,0,0,0,0,0,0,0,0,0,0,0,0,0,0,0,0,0,0,1,0,0,0,0,1,0,0,0,1,1,0,0,0,0,0,0,0,0,0,0,0,0,0,0,0,0,0,0,0,0,0,0,0,0,0,0,0,0,0,0,0
Brighton Town Police Department,1969-01-01,New York,33140,NY02750,,not updated,normal return,normal return,normal return,not updated,breakdown offenses,breakdown offenses,breakdown offenses,0,0,0,0,0,0,0,0,0,0,0,0,0,3,0,0,0,1,2,7,5,2,0,32,1,1,0,0,41,14,1,1,40,41,0,0,0,0,0,0,0,0,0,0,2,0,0,0,1,1,0,0,0,0,1,0,0,0,0,2,0,1,1,1,2,0,0,0,0,0,0,0,0,0,0,0,0,0,0,0,0,0,0,0,0,0,0,0,0,0,0,0,0,0,0,0,0,0,0,0,0,0,0,0,0,0,0,0,0,0,0,0,0,0,0,0,0,0,0,0,0,0,0,0,0,0,0
Brighton Town Police Department,1968-12-01,New York,31974,NY02750,,not updated,normal return,normal return,normal return,not updated,breakdown offenses,breakdown offenses,breakdown offenses,0,0,0,0,0,0,0,0,0,0,0,0,0,1,0,0,0,0,1,10,6,4,0,26,2,2,0,0,38,18,0,0,38,38,0,0,0,0,0,0,0,0,0,0,0,0,0,0,0,0,1,1,0,0,2,0,0,0,0,3,1,0,0,3,3,0,0,0,0,0,0,0,0,0,0,0,0,0,0,0,0,1,1,0,0,1,0,0,0,0,2,0,0,0,2,2,0,0,0,0,0,0,0,0,0,0,0,0,0,0,0,0,0,0,0,0,0,0,0,0,0,0,0,0,0,0,0
Brighton Town Police Department,1968-11-01,New York,31974,NY02750,,not updated,normal return,normal return,normal return,not updated,breakdown offenses,breakdown offenses,breakdown offenses,0,0,0,0,0,0,0,0,0,0,0,0,0,1,0,0,0,0,1,1,0,1,0,31,0,0,0,0,32,17,0,0,32,32,0,0,0,0,0,0,0,0,0,0,1,0,0,0,0,1,0,0,0,0,0,0,0,0,0,0,0,0,0,0,0,0,0,0,0,0,0,0,0,0,0,0,0,0,0,0,0,0,0,0,0,0,0,0,0,0,0,0,0,0,0,0,0,0,0,0,0,0,0,0,0,0,0,0,0,0,0,0,0,0,0,0,0,0,0,0,0,0,0,0,0,0,0
Brighton Town Police Department,1968-10-01,New York,31974,NY02750,,not updated,normal return,normal return,normal return,not updated,breakdown offenses,breakdown offenses,breakdown offenses,0,0,0,0,0,0,0,0,0,0,0,0,0,8,0,0,0,1,7,15,8,1,6,32,2,2,0,0,50,15,1,1,49,50,0,0,0,0,0,0,0,0,0,0,8,0,0,0,1,7,0,0,0,0,1,0,0,0,0,2,0,1,1,1,2,0,0,0,0,0,0,0,0,0,0,0,0,0,0,0,0,0,0,0,0,0,0,0,0,0,0,0,0,0,0,0,0,0,0,0,0,0,0,0,0,0,0,0,0,0,0,0,0,0,0,0,0,0,0,0,0,0,0,0,0,0,0
Brighton Town Police Department,1968-09-01,New York,31974,NY02750,,not updated,normal return,normal return,normal return,not updated,breakdown offenses,breakdown offenses,breakdown offenses,0,0,0,0,0,0,0,0,0,0,0,0,0,2,0,0,0,0,2,6,6,0,0,38,7,7,0,0,51,21,0,0,51,51,0,0,0,0,0,0,0,0,0,0,2,0,0,0,0,2,1,1,0,0,1,0,0,0,0,2,0,0,0,2,2,0,0,0,0,0,0,0,0,0,0,1,0,0,0,0,1,0,0,0,0,0,0,0,0,0,0,0,0,0,0,0,0,0,0,0,0,0,0,0,0,0,0,0,0,0,0,0,0,0,0,0,0,0,0,0,0,0,0,0,0,0,0
Brighton Town Police Department,1968-08-01,New York,31974,NY02750,,not updated,normal return,normal return,normal return,not updated,breakdown offenses,breakdown offenses,breakdown offenses,0,0,0,0,0,0,0,0,1,1,0,0,0,3,0,0,1,0,2,9,7,1,1,48,2,2,0,0,61,20,1,2,59,61,0,0,0,0,0,1,1,0,0,0,0,0,0,0,0,0,0,0,0,0,1,0,0,0,0,2,1,0,1,1,2,0,0,0,0,0,0,0,0,0,0,0,0,0,0,0,0,0,0,0,0,1,0,0,0,0,1,1,0,0,1,1,0,0,0,0,0,0,0,0,0,0,0,0,0,0,0,0,0,0,0,0,0,0,0,0,0,0,0,0,0,0,0
Brighton Town Police Department,1968-07-01,New York,31974,NY02750,,not updated,normal return,normal return,normal return,not updated,breakdown offenses,breakdown offenses,breakdown offenses,0,0,0,0,0,1,0,1,0,0,0,0,0,2,0,0,0,1,1,14,8,3,3,36,3,3,0,0,55,18,1,2,53,55,0,0,0,0,0,0,0,0,0,0,0,0,0,0,0,0,0,0,0,0,1,0,0,0,0,1,1,0,0,1,1,0,0,0,0,0,0,0,0,0,0,0,0,0,0,0,0,0,0,0,0,0,0,0,0,0,0,0,0,0,0,0,0,0,0,0,0,0,0,0,0,0,0,0,0,0,0,0,0,0,0,0,0,0,0,0,0,0,0,0,0,0,0
Brighton Town Police Department,1968-06-01,New York,31974,NY02750,,not updated,normal return,normal return,normal return,not updated,breakdown offenses,breakdown offenses,breakdown offenses,0,0,0,0,0,0,0,0,0,0,0,0,0,0,0,0,0,0,0,5,4,0,1,30,0,0,0,0,35,16,0,0,35,35,0,0,0,0,0,0,0,0,0,0,0,0,0,0,0,0,0,0,0,0,2,0,0,0,0,2,2,0,0,2,2,0,0,0,0,0,0,0,0,0,0,0,0,0,0,0,0,0,0,0,0,1,0,0,0,0,1,1,0,0,1,1,0,0,0,0,0,0,0,0,0,0,0,0,0,0,0,0,0,0,0,0,0,0,0,0,0,0,0,0,0,0,0
Brighton Town Police Department,1968-05-01,New York,31974,NY02750,,not updated,normal return,normal return,normal return,not updated,breakdown offenses,breakdown offenses,breakdown offenses,0,0,0,0,0,0,0,0,0,0,0,0,0,2,0,0,0,0,2,11,8,2,1,39,0,0,0,0,50,19,0,0,50,50,0,0,0,0,0,0,0,0,0,0,0,0,0,0,0,0,0,0,0,0,1,0,0,0,0,1,0,0,0,1,1,0,0,0,0,0,0,0,0,0,0,0,0,0,0,0,0,0,0,0,0,1,0,0,0,0,1,0,0,0,1,1,0,0,0,0,0,0,0,0,0,0,0,0,0,0,0,0,0,0,0,0,0,0,0,0,0,0,0,0,0,0,0
Brighton Town Police Department,1968-04-01,New York,31974,NY02750,,not updated,normal return,normal return,normal return,not updated,breakdown offenses,breakdown offenses,breakdown offenses,0,0,0,0,0,0,0,0,0,0,0,0,0,1,0,0,0,0,1,15,12,2,1,28,2,2,0,0,45,13,0,0,45,45,0,0,0,0,0,0,0,0,0,0,1,0,0,0,0,1,0,0,0,0,2,0,0,0,0,2,2,0,0,2,2,0,0,0,0,0,0,0,0,0,0,0,0,0,0,0,0,0,0,0,0,0,0,0,0,0,0,0,0,0,0,0,0,0,0,0,0,0,0,0,0,0,0,0,0,0,0,0,0,0,0,0,0,0,0,0,0,0,0,0,0,0,0
Brighton Town Police Department,1968-03-01,New York,31974,NY02750,,not updated,normal return,normal return,normal return,not updated,breakdown offenses,breakdown offenses,breakdown offenses,0,0,0,0,0,0,0,0,0,0,0,0,0,1,0,0,0,0,1,3,1,2,0,31,2,2,0,0,36,15,0,0,36,36,0,0,0,0,0,0,0,0,0,0,1,0,0,0,0,1,1,1,0,0,2,1,1,0,0,4,0,0,0,4,4,0,0,0,0,0,0,0,0,0,0,0,0,0,0,0,0,0,0,0,0,0,1,1,0,0,1,0,0,0,1,1,0,0,0,0,0,0,0,0,0,0,0,0,0,0,0,0,0,0,0,0,0,0,0,0,0,0,0,0,0,0,0
Brighton Town Police Department,1968-02-01,New York,31974,NY02750,,not updated,normal return,normal return,normal return,not updated,breakdown offenses,breakdown offenses,breakdown offenses,0,0,0,0,0,0,0,0,0,0,0,0,0,1,0,0,0,0,1,4,4,0,0,25,2,2,0,0,31,17,0,0,31,31,0,0,0,0,0,0,0,0,0,0,0,0,0,0,0,0,0,0,0,0,0,0,0,0,0,0,0,0,0,0,0,0,0,0,0,0,0,0,0,0,0,0,0,0,0,0,0,0,0,0,0,0,0,0,0,0,0,0,0,0,0,0,0,0,0,0,0,0,0,0,0,0,0,0,0,0,0,0,0,0,0,0,0,0,0,0,0,0,0,0,0,0,0
Brighton Town Police Department,1968-01-01,New York,31974,NY02750,,not updated,normal return,normal return,normal return,not updated,breakdown offenses,breakdown offenses,breakdown offenses,0,0,0,0,0,0,0,0,0,0,0,0,0,3,0,0,0,0,3,5,2,2,1,26,0,0,0,0,31,14,0,0,31,31,0,0,0,0,0,0,0,0,0,0,0,0,0,0,0,0,2,0,2,0,0,0,0,0,0,2,0,0,0,2,2,0,0,0,0,0,0,0,0,0,0,0,0,0,0,0,0,0,0,0,0,0,0,0,0,0,0,0,0,0,0,0,0,0,0,0,0,0,0,0,0,0,0,0,0,0,0,0,0,0,0,0,0,0,0,0,0,0,0,0,0,0,0
Brighton Town Police Department,1967-12-01,New York,31974,NY02750,,not updated,normal return,normal return,normal return,not updated,breakdown offenses,breakdown offenses,breakdown offenses,0,0,0,0,0,0,0,0,0,0,0,0,0,2,0,0,0,0,2,17,8,8,1,34,1,1,0,0,52,21,0,0,52,52,0,0,0,0,0,0,0,0,0,0,0,0,0,0,0,0,0,0,0,0,0,0,0,0,0,0,0,0,0,0,0,0,0,0,0,0,0,0,0,0,0,0,0,0,0,0,0,0,0,0,0,0,0,0,0,0,0,0,0,0,0,0,0,0,0,0,0,0,0,0,0,0,0,0,0,0,0,0,0,0,0,0,0,0,0,0,0,0,0,0,0,0,0
Brighton Town Police Department,1967-11-01,New York,31974,NY02750,,not updated,normal return,normal return,normal return,not updated,breakdown offenses,breakdown offenses,breakdown offenses,0,0,0,0,0,0,0,0,0,0,0,0,0,5,0,0,0,0,5,7,3,3,1,27,1,1,0,0,35,13,0,0,35,35,0,0,0,0,0,0,0,0,0,0,0,0,0,0,0,0,0,0,0,0,0,0,0,0,0,0,0,0,0,0,0,0,0,0,0,0,0,0,0,0,0,0,0,0,0,0,0,0,0,0,0,0,0,0,0,0,0,0,0,0,0,0,0,0,0,0,0,0,0,0,0,0,0,0,0,0,0,0,0,0,0,0,0,0,0,0,0,0,0,0,0,0,0
Brighton Town Police Department,1967-10-01,New York,31974,NY02750,,not updated,normal return,normal return,normal return,not updated,breakdown offenses,breakdown offenses,breakdown offenses,0,0,0,0,0,0,0,0,0,0,0,0,0,3,0,0,0,0,3,12,4,8,0,38,0,0,0,0,50,21,0,0,50,50,0,0,0,0,0,0,0,0,0,0,1,0,0,0,0,1,0,0,0,0,0,0,0,0,0,0,0,0,0,0,0,0,0,0,0,0,0,0,0,0,0,1,0,0,0,0,1,0,0,0,0,0,0,0,0,0,0,0,0,0,0,0,0,0,0,0,0,0,0,0,0,0,0,0,0,0,0,0,0,0,0,0,0,0,0,0,0,0,0,0,0,0,0
Brighton Town Police Department,1967-09-01,New York,31974,NY02750,,not updated,normal return,normal return,normal return,not updated,breakdown offenses,breakdown offenses,breakdown offenses,0,0,0,0,0,0,0,0,2,2,0,0,0,4,0,0,0,0,4,14,14,0,0,31,0,0,0,0,47,18,0,2,45,47,0,0,0,0,0,0,0,0,0,0,0,0,0,0,0,0,0,0,0,0,1,0,0,0,0,1,0,0,0,1,1,0,0,0,0,0,0,0,0,0,0,0,0,0,0,0,0,0,0,0,0,0,0,0,0,0,0,0,0,0,0,0,0,0,0,0,0,0,0,0,0,0,0,0,0,0,0,0,0,0,0,0,0,0,0,0,0,0,0,0,0,0,0
Brighton Town Police Department,1967-08-01,New York,31974,NY02750,,not updated,normal return,normal return,normal return,not updated,breakdown offenses,breakdown offenses,breakdown offenses,0,0,0,0,0,0,0,0,0,0,0,0,0,5,1,0,0,0,4,4,3,1,0,31,2,2,0,0,38,21,1,1,37,38,0,0,0,0,0,0,0,0,0,0,0,0,0,0,0,0,0,0,0,0,0,0,0,0,0,0,0,0,0,0,0,0,0,0,0,0,0,0,0,0,0,0,0,0,0,0,0,0,0,0,0,0,0,0,0,0,0,0,0,0,0,0,0,0,0,0,0,0,0,0,0,0,0,0,0,0,0,0,0,0,0,0,0,0,0,0,0,0,0,0,0,0,0
Brighton Town Police Department,1967-07-01,New York,31974,NY02750,,not updated,normal return,normal return,normal return,not updated,breakdown offenses,breakdown offenses,breakdown offenses,0,0,0,0,0,0,0,0,0,0,0,0,0,1,0,0,0,0,1,5,4,1,0,25,3,3,0,0,33,13,0,0,33,33,0,0,0,0,0,0,0,0,0,0,0,0,0,0,0,0,0,0,0,0,0,0,0,0,0,0,0,0,0,0,0,0,0,0,0,0,0,0,0,0,0,0,0,0,0,0,0,0,0,0,0,0,0,0,0,0,0,0,0,0,0,0,0,0,0,0,0,0,0,0,0,0,0,0,0,0,0,0,0,0,0,0,0,0,0,0,0,0,0,0,0,0,0
Brighton Town Police Department,1967-06-01,New York,31974,NY02750,,not updated,normal return,normal return,normal return,not updated,breakdown offenses,breakdown offenses,breakdown offenses,0,0,0,0,0,0,0,0,0,0,0,0,0,2,0,0,0,0,2,9,8,1,0,31,1,1,0,0,41,19,0,0,41,41,0,0,0,0,0,0,0,0,0,0,0,0,0,0,0,0,0,0,0,0,0,1,1,0,0,1,0,0,0,1,1,0,0,0,0,0,0,0,0,0,0,0,0,0,0,0,0,0,0,0,0,0,0,0,0,0,0,0,0,0,0,0,0,0,0,0,0,0,0,0,0,0,0,0,0,0,0,0,0,0,0,0,0,0,0,0,0,0,0,0,0,0,0
Brighton Town Police Department,1967-05-01,New York,31974,NY02750,,not updated,normal return,normal return,normal return,not updated,breakdown offenses,breakdown offenses,breakdown offenses,0,0,0,0,0,0,0,0,0,0,0,0,0,3,0,0,0,0,3,2,0,0,2,23,2,2,0,0,27,14,0,0,27,27,0,0,0,0,0,0,0,0,0,0,0,0,0,0,0,0,0,0,0,0,0,0,0,0,0,0,0,0,0,0,0,0,0,0,0,0,0,0,0,0,0,0,0,0,0,0,0,0,0,0,0,0,0,0,0,0,0,0,0,0,0,0,0,0,0,0,0,0,0,0,0,0,0,0,0,0,0,0,0,0,0,0,0,0,0,0,0,0,0,0,0,0,0
Brighton Town Police Department,1967-04-01,New York,31974,NY02750,,not updated,normal return,normal return,normal return,not updated,breakdown offenses,breakdown offenses,breakdown offenses,0,0,0,0,0,0,0,0,0,0,0,0,0,0,0,0,0,0,0,8,5,2,1,32,2,2,0,0,42,18,0,0,42,42,0,0,0,0,0,0,0,0,0,0,0,0,0,0,0,0,0,0,0,0,0,0,0,0,0,0,0,0,0,0,0,0,0,0,0,0,0,0,0,0,0,0,0,0,0,0,0,0,0,0,0,0,0,0,0,0,0,0,0,0,0,0,0,0,0,0,0,0,0,0,0,0,0,0,0,0,0,0,0,0,0,0,0,0,0,0,0,0,0,0,0,0,0
Brighton Town Police Department,1967-03-01,New York,31974,NY02750,,not updated,normal return,normal return,normal return,not updated,breakdown offenses,breakdown offenses,breakdown offenses,0,0,0,0,0,0,0,0,0,0,0,0,0,1,0,0,0,0,1,1,1,0,0,26,3,3,0,0,30,10,0,0,30,30,0,0,0,0,0,0,0,0,0,0,0,0,0,0,0,0,1,1,0,0,0,3,3,0,0,4,0,0,0,4,4,0,0,0,0,0,0,0,0,0,0,0,0,0,0,0,0,0,0,0,0,0,3,3,0,0,3,0,0,0,3,3,0,0,0,0,0,0,0,0,0,0,0,0,0,0,0,0,0,0,0,0,0,0,0,0,0,0,0,0,0,0,0
Brighton Town Police Department,1967-02-01,New York,31974,NY02750,,not updated,normal return,normal return,normal return,not updated,breakdown offenses,breakdown offenses,breakdown offenses,0,0,0,0,0,0,0,0,0,0,0,0,0,1,0,0,0,0,1,4,3,1,0,18,0,0,0,0,22,10,0,0,22,22,0,0,0,0,0,0,0,0,0,0,0,0,0,0,0,0,3,3,0,0,0,0,0,0,0,3,0,0,0,3,3,0,0,0,0,0,0,0,0,0,0,0,0,0,0,0,0,0,0,0,0,0,0,0,0,0,0,0,0,0,0,0,0,0,0,0,0,0,0,0,0,0,0,0,0,0,0,0,0,0,0,0,0,0,0,0,0,0,0,0,0,0,0
Brighton Town Police Department,1967-01-01,New York,31974,NY02750,,not updated,normal return,normal return,normal return,not updated,breakdown offenses,breakdown offenses,breakdown offenses,0,0,0,0,0,0,0,0,1,1,0,0,0,1,0,0,0,0,1,8,7,1,0,16,2,2,0,0,27,9,0,1,26,27,0,0,0,0,0,0,0,0,0,0,0,0,0,0,0,0,2,2,0,0,0,0,0,0,0,2,0,0,0,2,2,0,0,0,0,0,0,0,0,0,0,0,0,0,0,0,0,1,1,0,0,0,0,0,0,0,1,0,0,0,1,1,0,0,0,0,0,0,0,0,0,0,0,0,0,0,0,0,0,0,0,0,0,0,0,0,0,0,0,0,0,0,0
Brighton Town Police Department,1966-12-01,New York,29898,NY02750,,not updated,normal return,normal return,normal return,not updated,breakdown offenses,breakdown offenses,breakdown offenses,0,0,0,0,0,0,0,0,0,0,0,0,0,2,0,0,0,0,2,2,1,1,0,24,2,2,0,0,28,13,0,0,28,28,0,0,0,0,0,0,0,0,0,0,0,0,0,0,0,0,1,1,0,0,0,0,0,0,0,1,0,0,0,1,1,0,0,0,0,0,0,0,0,0,0,0,0,0,0,0,0,0,0,0,0,0,0,0,0,0,0,0,0,0,0,0,0,0,0,0,0,0,0,0,0,0,0,0,0,0,0,0,0,0,0,0,0,0,0,0,0,0,0,0,0,0,0
Brighton Town Police Department,1966-11-01,New York,29898,NY02750,,not updated,normal return,normal return,normal return,not updated,breakdown offenses,breakdown offenses,breakdown offenses,0,0,0,0,0,0,0,0,0,0,0,0,0,1,0,0,0,0,1,3,1,1,1,27,1,1,0,0,31,16,0,0,31,31,0,0,0,0,0,0,0,0,0,0,0,0,0,0,0,0,1,1,0,0,0,0,0,0,0,1,0,0,0,1,1,0,0,0,0,0,0,0,0,0,0,0,0,0,0,0,0,0,0,0,0,0,0,0,0,0,0,0,0,0,0,0,0,0,0,0,0,0,0,0,0,0,0,0,0,0,0,0,0,0,0,0,0,0,0,0,0,0,0,0,0,0,0
Brighton Town Police Department,1966-10-01,New York,29898,NY02750,,not updated,normal return,normal return,normal return,not updated,breakdown offenses,breakdown offenses,breakdown offenses,0,0,0,0,0,0,0,0,0,0,0,0,0,2,0,0,0,0,2,5,1,2,2,40,1,1,0,0,46,26,0,0,46,46,0,0,0,0,0,0,0,0,0,0,0,0,0,0,0,0,0,0,0,0,0,0,0,0,0,0,0,0,0,0,0,0,0,0,0,0,0,0,0,0,0,0,0,0,0,0,0,0,0,0,0,0,0,0,0,0,0,0,0,0,0,0,0,0,0,0,0,0,0,0,0,0,0,0,0,0,0,0,0,0,0,0,0,0,0,0,0,0,0,0,0,0,0
Brighton Town Police Department,1966-09-01,New York,29898,NY02750,,not updated,normal return,normal return,normal return,not updated,breakdown offenses,breakdown offenses,breakdown offenses,0,0,0,0,0,0,0,0,0,0,0,0,0,1,0,0,0,0,1,6,5,0,1,35,0,0,0,0,41,25,0,0,41,41,0,0,0,0,0,0,0,0,0,0,0,0,0,0,0,0,1,1,0,0,0,0,0,0,0,1,0,0,0,1,1,0,0,0,0,0,0,0,0,0,0,0,0,0,0,0,0,0,0,0,0,0,0,0,0,0,0,0,0,0,0,0,0,0,0,0,0,0,0,0,0,0,0,0,0,0,0,0,0,0,0,0,0,0,0,0,0,0,0,0,0,0,0
Brighton Town Police Department,1966-08-01,New York,29898,NY02750,,not updated,normal return,normal return,normal return,not updated,breakdown offenses,breakdown offenses,breakdown offenses,0,0,0,0,0,0,0,0,0,0,0,0,0,1,0,0,0,0,1,5,2,3,0,51,2,2,0,0,58,29,0,0,58,58,0,0,0,0,0,0,0,0,0,0,0,0,0,0,0,0,0,0,0,0,0,0,0,0,0,0,0,0,0,0,0,0,0,0,0,0,0,0,0,0,0,0,0,0,0,0,0,0,0,0,0,0,0,0,0,0,0,0,0,0,0,0,0,0,0,0,0,0,0,0,0,0,0,0,0,0,0,0,0,0,0,0,0,0,0,0,0,0,0,0,0,0,0
Brighton Town Police Department,1966-07-01,New York,29898,NY02750,,not updated,normal return,normal return,normal return,not updated,breakdown offenses,breakdown offenses,breakdown offenses,0,0,0,0,0,0,0,0,0,0,0,0,0,2,0,0,0,0,2,8,8,0,0,48,5,5,0,0,61,28,0,0,61,61,0,0,0,0,0,0,0,0,0,0,0,0,0,0,0,0,1,1,0,0,0,0,0,0,0,1,0,0,0,1,1,0,0,0,0,0,0,0,0,0,0,0,0,0,0,0,0,1,1,0,0,0,0,0,0,0,1,0,0,0,1,1,0,0,0,0,0,0,0,0,0,0,0,0,0,0,0,0,0,0,0,0,0,0,0,0,0,0,0,0,0,0,0
Brighton Town Police Department,1966-06-01,New York,29898,NY02750,,not updated,normal return,normal return,normal return,not updated,breakdown offenses,breakdown offenses,breakdown offenses,0,0,0,0,0,0,0,0,0,0,0,0,0,4,0,0,0,0,4,3,2,0,1,53,7,7,0,0,63,30,0,0,63,63,0,0,0,0,0,0,0,0,0,0,2,0,0,0,0,2,1,0,0,1,1,7,7,0,0,9,1,0,0,9,9,0,0,0,0,0,0,0,0,0,0,0,0,0,0,0,0,1,0,0,1,0,7,7,0,0,8,0,0,0,8,8,0,0,0,0,0,0,0,0,0,0,0,0,0,0,0,0,0,0,0,0,0,0,0,0,0,0,0,0,0,0,0
Brighton Town Police Department,1966-05-01,New York,29898,NY02750,,not updated,normal return,normal return,normal return,not updated,breakdown offenses,breakdown offenses,breakdown offenses,0,0,0,0,0,0,0,0,0,0,0,0,0,3,0,0,0,0,3,4,4,0,0,28,3,3,0,0,35,20,0,0,35,35,0,0,0,0,0,0,0,0,0,0,2,0,0,0,0,2,2,2,0,0,0,0,0,0,0,2,0,0,0,2,2,0,0,0,0,0,0,0,0,0,0,0,0,0,0,0,0,0,0,0,0,0,0,0,0,0,0,0,0,0,0,0,0,0,0,0,0,0,0,0,0,0,0,0,0,0,0,0,0,0,0,0,0,0,0,0,0,0,0,0,0,0,0
Brighton Town Police Department,1966-04-01,New York,29898,NY02750,,not updated,normal return,normal return,normal return,not updated,breakdown offenses,breakdown offenses,breakdown offenses,0,0,0,0,0,0,0,0,0,0,0,0,0,1,0,0,0,0,1,1,1,0,0,39,2,2,0,0,42,22,0,0,42,42,0,0,0,0,0,0,0,0,0,0,0,0,0,0,0,0,1,1,0,0,1,0,0,0,0,2,0,0,0,2,2,0,0,0,0,0,0,0,0,0,0,0,0,0,0,0,0,1,1,0,0,1,0,0,0,0,2,0,0,0,2,2,0,0,0,0,0,0,0,0,0,0,0,0,0,0,0,0,0,0,0,0,0,0,0,0,0,0,0,0,0,0,0
Brighton Town Police Department,1966-03-01,New York,29898,NY02750,,not updated,normal return,normal return,normal return,not updated,breakdown offenses,breakdown offenses,breakdown offenses,0,0,0,0,0,0,0,0,0,0,0,0,0,2,0,0,0,0,2,3,2,1,0,31,4,4,0,0,38,20,0,0,38,38,0,0,0,0,0,0,0,0,0,0,1,0,0,0,0,1,0,0,0,0,3,0,0,0,0,3,2,0,0,3,3,0,0,0,0,0,0,0,0,0,0,0,0,0,0,0,0,0,0,0,0,0,0,0,0,0,0,0,0,0,0,0,0,0,0,0,0,0,0,0,0,0,0,0,0,0,0,0,0,0,0,0,0,0,0,0,0,0,0,0,0,0,0
Brighton Town Police Department,1966-02-01,New York,29898,NY02750,,not updated,normal return,normal return,normal return,not updated,breakdown offenses,breakdown offenses,breakdown offenses,0,0,0,0,0,1,1,0,0,0,0,0,0,2,0,0,0,0,2,5,3,2,0,15,1,1,0,0,22,10,0,1,21,22,0,0,1,1,0,0,0,0,0,0,1,0,0,0,0,1,0,0,0,0,0,0,0,0,0,1,0,0,1,0,1,0,0,0,0,0,0,0,0,0,0,0,0,0,0,0,0,0,0,0,0,0,0,0,0,0,0,0,0,0,0,0,0,0,0,0,0,0,0,0,0,0,0,0,0,0,0,0,0,0,0,0,0,0,0,0,0,0,0,0,0,0,0
Brighton Town Police Department,1966-01-01,New York,29898,NY02750,,not updated,normal return,normal return,normal return,not updated,breakdown offenses,breakdown offenses,breakdown offenses,0,0,0,0,0,0,0,0,0,0,0,0,0,2,0,0,0,0,2,4,4,0,0,19,2,2,0,0,25,11,0,0,25,25,0,0,0,0,0,0,0,0,0,0,2,0,0,0,0,2,1,1,0,0,1,0,0,0,0,2,1,0,0,2,2,0,0,0,0,0,0,0,0,0,0,0,0,0,0,0,0,0,0,0,0,0,0,0,0,0,0,0,0,0,0,0,0,0,0,0,0,0,0,0,0,0,0,0,0,0,0,0,0,0,0,0,0,0,0,0,0,0,0,0,0,0,0
Brighton Town Police Department,1965-12-01,New York,30000,NY02750,,not updated,normal return,normal return,normal return,not updated,breakdown offenses,breakdown offenses,breakdown offenses,0,0,0,0,0,0,0,0,0,0,0,0,0,1,0,0,0,0,1,19,14,0,5,37,2,2,0,0,58,26,0,0,58,58,0,0,0,0,0,0,0,0,0,0,1,0,0,0,0,1,0,0,0,0,0,1,1,0,0,1,0,0,0,1,1,0,0,0,0,0,0,0,0,0,0,0,0,0,0,0,0,0,0,0,0,0,0,0,0,0,0,0,0,0,0,0,0,0,0,0,0,0,0,0,0,0,0,0,0,0,0,0,0,0,0,0,0,0,0,0,0,0,0,0,0,0,0
Brighton Town Police Department,1965-11-01,New York,30000,NY02750,,not updated,normal return,normal return,normal return,not updated,breakdown offenses,breakdown offenses,breakdown offenses,0,0,0,0,0,0,0,0,0,0,0,0,0,0,0,0,0,0,0,8,6,0,2,20,2,2,0,0,30,15,0,0,30,30,0,0,0,0,0,0,0,0,0,0,0,0,0,0,0,0,0,0,0,0,0,0,0,0,0,0,0,0,0,0,0,0,0,0,0,0,0,0,0,0,0,0,0,0,0,0,0,0,0,0,0,0,0,0,0,0,0,0,0,0,0,0,0,0,0,0,0,0,0,0,0,0,0,0,0,0,0,0,0,0,0,0,0,0,0,0,0,0,0,0,0,0,0
Brighton Town Police Department,1965-10-01,New York,30000,NY02750,,not updated,normal return,normal return,normal return,not updated,breakdown offenses,breakdown offenses,breakdown offenses,0,0,0,0,0,0,0,0,0,0,0,0,0,4,0,0,0,0,4,8,8,0,0,38,0,0,0,0,46,27,0,0,46,46,0,0,0,0,0,0,0,0,0,0,1,0,0,0,0,1,0,0,0,0,1,0,0,0,0,1,1,0,0,1,1,0,0,0,0,0,0,0,0,0,0,0,0,0,0,0,0,0,0,0,0,0,0,0,0,0,0,0,0,0,0,0,0,0,0,0,0,0,0,0,0,0,0,0,0,0,0,0,0,0,0,0,0,0,0,0,0,0,0,0,0,0,0
Brighton Town Police Department,1965-09-01,New York,30000,NY02750,,not updated,normal return,normal return,normal return,not updated,breakdown offenses,breakdown offenses,breakdown offenses,0,0,0,0,0,0,0,0,0,0,0,0,0,1,0,0,0,0,1,13,11,1,1,35,2,2,0,0,50,24,0,0,50,50,0,0,0,0,0,0,0,0,0,0,1,0,0,0,0,1,0,0,0,0,0,3,3,0,0,3,0,0,0,3,3,0,0,0,0,0,0,0,0,0,0,0,0,0,0,0,0,0,0,0,0,0,2,2,0,0,2,0,0,0,2,2,0,0,0,0,0,0,0,0,0,0,0,0,0,0,0,0,0,0,0,0,0,0,0,0,0,0,0,0,0,0,0
Brighton Town Police Department,1965-08-01,New York,30000,NY02750,,not updated,normal return,normal return,normal return,not updated,breakdown offenses,breakdown offenses,breakdown offenses,0,0,0,0,0,0,0,0,0,0,0,0,0,2,0,0,0,0,2,8,5,2,1,47,2,2,0,0,57,33,0,0,57,57,0,0,0,0,0,0,0,0,0,0,0,0,0,0,0,0,5,5,0,0,0,0,0,0,0,5,0,0,0,5,5,0,0,0,0,0,0,0,0,0,0,0,0,0,0,0,0,4,4,0,0,0,0,0,0,0,4,0,0,0,4,4,0,0,0,0,0,0,0,0,0,0,0,0,0,0,0,0,0,0,0,0,0,0,0,0,0,0,0,0,0,0,0
Brighton Town Police Department,1965-07-01,New York,30000,NY02750,,not updated,normal return,normal return,normal return,not updated,breakdown offenses,breakdown offenses,breakdown offenses,0,0,0,0,0,0,0,0,0,0,0,0,0,0,0,0,0,0,0,18,18,0,0,41,5,5,0,0,64,35,0,0,64,64,0,0,0,0,0,0,0,0,0,0,0,0,0,0,0,0,0,0,0,0,3,0,0,0,0,3,2,0,0,3,3,0,0,0,0,0,0,0,0,0,0,0,0,0,0,0,0,0,0,0,0,2,0,0,0,0,2,1,0,0,2,2,0,0,0,0,0,0,0,0,0,0,0,0,0,0,0,0,0,0,0,0,0,0,0,0,0,0,0,0,0,0,0
Brighton Town Police Department,1965-06-01,New York,30000,NY02750,,not updated,normal return,normal return,normal return,not updated,breakdown offenses,breakdown offenses,breakdown offenses,0,0,0,0,0,0,0,0,0,0,0,0,0,2,0,0,0,2,0,9,7,1,1,43,3,3,0,0,57,29,2,2,55,57,0,0,0,0,0,0,0,0,0,0,0,0,0,0,0,0,0,0,0,0,0,2,2,0,0,2,0,0,0,2,2,0,0,0,0,0,0,0,0,0,0,0,0,0,0,0,0,0,0,0,0,0,0,0,0,0,0,0,0,0,0,0,0,0,0,0,0,0,0,0,0,0,0,0,0,0,0,0,0,0,0,0,0,0,0,0,0,0,0,0,0,0,0
Brighton Town Police Department,1965-05-01,New York,30000,NY02750,,not updated,normal return,adjustment,normal return,not updated,breakdown offenses,breakdown offenses,breakdown offenses,0,0,0,0,0,0,0,0,0,0,0,0,0,1,0,0,0,0,1,4,3,1,0,28,0,0,0,0,32,19,0,0,32,32,0,0,0,0,0,0,0,0,0,0,0,0,0,0,0,0,0,0,0,0,5,1,1,0,0,6,3,0,0,6,6,0,0,0,0,0,0,0,0,0,0,0,0,0,0,0,0,0,0,0,0,4,2,2,0,0,6,2,0,0,6,6,0,0,0,0,0,0,0,0,0,0,0,0,0,0,0,0,0,0,0,0,0,0,0,0,0,0,0,0,0,0,0
Brighton Town Police Department,1965-04-01,New York,30000,NY02750,,not updated,normal return,normal return,normal return,not updated,breakdown offenses,breakdown offenses,breakdown offenses,0,0,0,0,0,0,0,0,0,0,0,0,0,4,0,0,0,0,4,6,5,1,0,29,0,0,0,0,35,20,0,0,35,35,0,0,0,0,0,0,0,0,0,0,3,0,0,0,0,3,1,1,0,0,0,0,0,0,0,1,0,0,0,1,1,0,0,0,0,0,0,0,0,0,0,2,0,0,0,0,2,1,1,0,0,0,0,0,0,0,1,0,0,0,1,1,0,0,0,0,0,0,0,0,0,0,0,0,0,0,0,0,0,0,0,0,0,0,0,0,0,0,0,0,0,0,0
Brighton Town Police Department,1965-03-01,New York,30000,NY02750,,not updated,normal return,normal return,normal return,not updated,breakdown offenses,breakdown offenses,breakdown offenses,0,0,0,0,0,0,0,0,0,0,0,0,0,0,0,0,0,0,0,2,2,0,0,26,1,1,0,0,29,17,0,0,29,29,0,0,0,0,0,0,0,0,0,0,0,0,0,0,0,0,1,1,0,0,0,0,0,0,0,1,0,0,0,1,1,0,0,0,0,0,0,0,0,0,0,0,0,0,0,0,0,1,1,0,0,0,0,0,0,0,1,0,0,0,1,1,0,0,0,0,0,0,0,0,0,0,0,0,0,0,0,0,0,0,0,0,0,0,0,0,0,0,0,0,0,0,0
Brighton Town Police Department,1965-02-01,New York,30000,NY02750,,not updated,normal return,normal return,normal return,not updated,breakdown offenses,breakdown offenses,breakdown offenses,0,0,0,0,0,0,0,0,0,0,0,0,0,0,0,0,0,0,0,17,15,2,0,16,2,2,0,0,35,7,0,0,35,35,0,0,0,0,0,0,0,0,0,0,0,0,0,0,0,0,2,2,0,0,0,0,0,0,0,2,0,0,0,2,2,0,0,0,0,0,0,0,0,0,0,0,0,0,0,0,0,0,0,0,0,0,0,0,0,0,0,0,0,0,0,0,0,0,0,0,0,0,0,0,0,0,0,0,0,0,0,0,0,0,0,0,0,0,0,0,0,0,0,0,0,0,0
Brighton Town Police Department,1965-01-01,New York,30000,NY02750,,not updated,normal return,normal return,normal return,not updated,breakdown offenses,breakdown offenses,breakdown offenses,0,0,0,0,0,0,0,0,1,1,0,0,0,4,0,1,0,0,3,11,7,3,1,17,2,2,0,0,32,9,1,2,30,32,0,0,0,0,0,1,1,0,0,0,1,0,1,0,0,0,0,0,0,0,0,0,0,0,0,2,0,1,2,0,2,0,0,0,0,0,1,1,0,0,0,1,0,1,0,0,0,0,0,0,0,0,0,0,0,0,2,0,1,2,0,2,0,0,0,0,0,0,0,0,0,0,0,0,0,0,0,0,0,0,0,0,0,0,0,0,0,0,0,0,0,0,0
Brighton Town Police Department,1964-12-01,New York,30780,NY02750,,not updated,normal return,not updated,not updated,not updated,breakdown offenses,breakdown offenses,breakdown offenses,0,0,0,0,0,0,0,0,0,0,0,0,0,1,0,0,0,0,1,13,13,0,0,87,0,0,0,0,100,64,0,0,100,100,0,0,0,0,0,0,0,0,0,0,0,0,0,0,0,0,0,0,0,0,0,0,0,0,0,0,0,0,0,0,0,0,0,0,0,0,0,0,0,0,0,0,0,0,0,0,0,0,0,0,0,0,0,0,0,0,0,0,0,0,0,0,0,0,0,0,0,0,0,0,0,0,0,0,0,0,0,0,0,0,0,0,0,0,0,0,0,0,0,0,0,0,0
Brighton Town Police Department,1964-11-01,New York,30780,NY02750,,not updated,normal return,not updated,not updated,not updated,breakdown offenses,breakdown offenses,breakdown offenses,0,0,0,0,0,0,0,0,0,0,0,0,0,3,0,0,0,0,3,13,12,1,0,29,0,0,0,0,42,20,0,0,42,42,0,0,0,0,0,0,0,0,0,0,0,0,0,0,0,0,0,0,0,0,0,0,0,0,0,0,0,0,0,0,0,0,0,0,0,0,0,0,0,0,0,0,0,0,0,0,0,0,0,0,0,0,0,0,0,0,0,0,0,0,0,0,0,0,0,0,0,0,0,0,0,0,0,0,0,0,0,0,0,0,0,0,0,0,0,0,0,0,0,0,0,0,0
Brighton Town Police Department,1964-10-01,New York,30780,NY02750,,not updated,normal return,normal return,normal return,not updated,breakdown offenses,breakdown offenses,breakdown offenses,0,0,0,0,0,0,0,0,0,0,0,0,0,1,0,0,0,1,0,5,5,0,0,31,1,1,0,0,38,26,1,1,37,38,0,0,0,0,0,0,0,0,0,0,1,0,0,0,1,0,4,4,0,0,1,0,0,0,0,6,1,1,1,5,6,0,0,0,0,0,0,0,0,0,0,0,0,0,0,0,0,0,0,0,0,0,0,0,0,0,0,0,0,0,0,0,0,0,0,0,0,0,0,0,0,0,0,0,0,0,0,0,0,0,0,0,0,0,0,0,0,0,0,0,0,0,0
Brighton Town Police Department,1964-09-01,New York,30780,NY02750,,not updated,normal return,normal return,normal return,not updated,breakdown offenses,breakdown offenses,breakdown offenses,0,0,0,0,0,0,0,0,0,0,0,0,0,2,0,0,0,0,2,20,17,1,2,31,1,1,0,0,52,25,0,0,52,52,0,0,0,0,0,0,0,0,0,0,2,0,0,0,0,2,0,0,0,0,4,1,1,0,0,5,4,0,0,5,5,0,0,0,0,0,0,0,0,0,0,0,0,0,0,0,0,0,0,0,0,0,0,0,0,0,0,0,0,0,0,0,0,0,0,0,0,0,0,0,0,0,0,0,0,0,0,0,0,0,0,0,0,0,0,0,0,0,0,0,0,0,0
Brighton Town Police Department,1964-08-01,New York,30780,NY02750,,not updated,normal return,normal return,not updated,not updated,breakdown offenses,breakdown offenses,breakdown offenses,0,0,0,0,0,0,0,0,0,0,0,0,0,5,2,0,0,3,0,5,2,0,3,31,1,1,0,0,42,24,5,5,37,42,0,0,0,0,0,0,0,0,0,0,3,2,0,0,1,0,0,0,0,0,0,0,0,0,0,3,0,3,3,0,3,0,0,0,0,0,0,0,0,0,0,0,0,0,0,0,0,0,0,0,0,0,0,0,0,0,0,0,0,0,0,0,0,0,0,0,0,0,0,0,0,0,0,0,0,0,0,0,0,0,0,0,0,0,0,0,0,0,0,0,0,0,0
Brighton Town Police Department,1964-07-01,New York,30780,NY02750,,not updated,normal return,normal return,not updated,not updated,breakdown offenses,breakdown offenses,breakdown offenses,0,0,0,0,0,0,0,0,0,0,0,0,0,2,0,0,0,0,2,4,2,2,0,30,1,1,0,0,35,14,0,0,35,35,0,0,0,0,0,0,0,0,0,0,2,0,0,0,0,2,0,0,0,0,6,1,1,0,0,7,6,0,0,7,7,0,0,0,0,0,0,0,0,0,0,0,0,0,0,0,0,0,0,0,0,0,0,0,0,0,0,0,0,0,0,0,0,0,0,0,0,0,0,0,0,0,0,0,0,0,0,0,0,0,0,0,0,0,0,0,0,0,0,0,0,0,0
Brighton Town Police Department,1964-06-01,New York,30780,NY02750,,not updated,normal return,normal return,not updated,not updated,breakdown offenses,breakdown offenses,breakdown offenses,0,0,0,0,0,0,0,0,0,0,0,0,0,0,0,0,0,0,0,3,3,0,0,26,3,3,0,0,32,14,0,0,32,32,0,0,0,0,0,0,0,0,0,0,0,0,0,0,0,0,0,0,0,0,7,2,2,0,0,9,5,0,0,9,9,0,0,0,0,0,0,0,0,0,0,0,0,0,0,0,0,0,0,0,0,0,0,0,0,0,0,0,0,0,0,0,0,0,0,0,0,0,0,0,0,0,0,0,0,0,0,0,0,0,0,0,0,0,0,0,0,0,0,0,0,0,0
Brighton Town Police Department,1964-05-01,New York,30780,NY02750,,not updated,not updated,not updated,not updated,not updated,missing,breakdown offenses,breakdown offenses,0,0,0,0,0,0,0,0,0,0,0,0,0,0,0,0,0,0,0,0,0,0,0,0,0,0,0,0,0,0,0,0,0,0,0,0,0,0,0,0,0,0,0,0,0,0,0,0,0,0,0,0,0,0,0,0,0,0,0,0,0,0,0,0,0,0,0,0,0,0,0,0,0,0,0,0,0,0,0,0,0,0,0,0,0,0,0,0,0,0,0,0,0,0,0,0,0,0,0,0,0,0,0,0,0,0,0,0,0,0,0,0,0,0,0,0,0,0,0,0,0,0,0,0,0,0,0
Brighton Town Police Department,1964-04-01,New York,30780,NY02750,,not updated,not updated,not updated,not updated,not updated,missing,breakdown offenses,breakdown offenses,0,0,0,0,0,0,0,0,0,0,0,0,0,0,0,0,0,0,0,0,0,0,0,0,0,0,0,0,0,0,0,0,0,0,0,0,0,0,0,0,0,0,0,0,0,0,0,0,0,0,0,0,0,0,0,0,0,0,0,0,0,0,0,0,0,0,0,0,0,0,0,0,0,0,0,0,0,0,0,0,0,0,0,0,0,0,0,0,0,0,0,0,0,0,0,0,0,0,0,0,0,0,0,0,0,0,0,0,0,0,0,0,0,0,0,0,0,0,0,0,0,0,0,0,0,0,0
Brighton Town Police Department,1964-03-01,New York,30780,NY02750,,not updated,not updated,not updated,not updated,not updated,missing,breakdown offenses,breakdown offenses,0,0,0,0,0,0,0,0,0,0,0,0,0,0,0,0,0,0,0,0,0,0,0,0,0,0,0,0,0,0,0,0,0,0,0,0,0,0,0,0,0,0,0,0,0,0,0,0,0,0,0,0,0,0,0,0,0,0,0,0,0,0,0,0,0,0,0,0,0,0,0,0,0,0,0,0,0,0,0,0,0,0,0,0,0,0,0,0,0,0,0,0,0,0,0,0,0,0,0,0,0,0,0,0,0,0,0,0,0,0,0,0,0,0,0,0,0,0,0,0,0,0,0,0,0,0,0
Brighton Town Police Department,1964-02-01,New York,30780,NY02750,,not updated,not updated,not updated,not updated,not updated,missing,breakdown offenses,breakdown offenses,0,0,0,0,0,0,0,0,0,0,0,0,0,0,0,0,0,0,0,0,0,0,0,0,0,0,0,0,0,0,0,0,0,0,0,0,0,0,0,0,0,0,0,0,0,0,0,0,0,0,0,0,0,0,0,0,0,0,0,0,0,0,0,0,0,0,0,0,0,0,0,0,0,0,0,0,0,0,0,0,0,0,0,0,0,0,0,0,0,0,0,0,0,0,0,0,0,0,0,0,0,0,0,0,0,0,0,0,0,0,0,0,0,0,0,0,0,0,0,0,0,0,0,0,0,0,0
Brighton Town Police Department,1964-01-01,New York,30780,NY02750,,not updated,not updated,not updated,not updated,not updated,missing,breakdown offenses,breakdown offenses,0,0,0,0,0,0,0,0,0,0,0,0,0,0,0,0,0,0,0,0,0,0,0,0,0,0,0,0,0,0,0,0,0,0,0,0,0,0,0,0,0,0,0,0,0,0,0,0,0,0,0,0,0,0,0,0,0,0,0,0,0,0,0,0,0,0,0,0,0,0,0,0,0,0,0,0,0,0,0,0,0,0,0,0,0,0,0,0,0,0,0,0,0,0,0,0,0,0,0,0,0,0,0,0,0,0,0,0,0,0,0,0,0,0,0,0,0,0,0,0,0,0,0,0,0,0,0
