agency,year,state,population,ORI,card_unfounded_pt,card_unfounded_type,card_actual_type,card_total_cleared_type,card_cleared_18_type,card_officers_type,card_actual_pt,card_total_cleared_pt,card_cleared_18_pt,officers_killed_by_felony,officers_killed_by_accident,officers_assaulted,actual_murder,actual_manslaughter,actual_rape_total,actual_rape_by_force,actual_rape_attempted,actual_robbery_total,actual_robbery_with_a_gun,actual_robbery_with_a_knife,actual_robbery_other_weapon,actual_robbery_unarmed,actual_assault_total,actual_assault_with_a_gun,actual_assault_with_a_knife,actual_assault_other_weapon,actual_assault_unarmed,actual_assault_simple,actual_burglary_total,actual_burglary_force_entry,actual_burglary_nonforce_entry,actual_burglary_attempted,actual_theft_total,actual_motor_vehicle_theft_total,actual_motor_vehicle_theft_car,actual_motor_vehicle_theft_truck,actual_motor_vehicle_theft_other,actual_all_crimes,actual_theft_under50_dollar,actual_assault_aggravated,actual_index_violent,actual_index_property,actual_index_total,total_cleared_murder,total_cleared_manslaughter,total_cleared_rape_total,total_cleared_rape_by_force,total_cleared_rape_attempted,total_cleared_robbery_total,total_cleared_robbery_with_a_gun,total_cleared_robbery_with_a_knife,total_cleared_robbery_other_weapon,total_cleared_robbery_unarmed,total_cleared_assault_total,total_cleared_assault_with_a_gun,total_cleared_assault_with_a_knife,total_cleared_assault_other_weapon,total_cleared_assault_unarmed,total_cleared_assault_simple,total_cleared_burglary_total,total_cleared_burglary_force_entry,total_cleared_burglary_nonforce_entry,total_cleared_burglary_attempted,total_cleared_theft_total,total_cleared_motor_vehicle_theft_total,total_cleared_motor_vehicle_theft_car,total_cleared_motor_vehicle_theft_truck,total_cleared_motor_vehicle_theft_other,total_cleared_all_crimes,total_cleared_theft_under50_dollar,total_cleared_assault_aggravated,total_cleared_index_violent,total_cleared_index_property,total_cleared_index_total,cleared_18_murder,cleared_18_manslaughter,cleared_18_rape_total,cleared_18_rape_by_force,cleared_18_rape_attempted,cleared_18_robbery_total,cleared_18_robbery_with_a_gun,cleared_18_robbery_with_a_knife,cleared_18_robbery_other_weapon,cleared_18_robbery_unarmed,cleared_18_assault_total,cleared_18_assault_with_a_gun,cleared_18_assault_with_a_knife,cleared_18_assault_other_weapon,cleared_18_assault_unarmed,cleared_18_assault_simple,cleared_18_burglary_total,cleared_18_burglary_force_entry,cleared_18_burglary_nonforce_entry,cleared_18_burglary_attempted,cleared_18_theft_total,cleared_18_motor_vehicle_theft_total,cleared_18_motor_vehicle_theft_car,cleared_18_motor_vehicle_theft_truck,cleared_18_motor_vehicle_theft_other,cleared_18_all_crimes,cleared_18_theft_under50_dollar,cleared_18_assault_aggravated,cleared_18_index_violent,cleared_18_index_property,cleared_18_index_total,unfounded_murder,unfounded_manslaughter,unfounded_rape_total,unfounded_rape_by_force,unfounded_rape_attempted,unfounded_robbery_total,unfounded_robbery_with_a_gun,unfounded_robbery_with_a_knife,unfounded_robbery_other_weapon,unfounded_robbery_unarmed,unfounded_assault_total,unfounded_assault_with_a_gun,unfounded_assault_with_a_knife,unfounded_assault_other_weapon,unfounded_assault_unarmed,unfounded_assault_simple,unfounded_burglary_total,unfounded_burglary_force_entry,unfounded_burglary_nonforce_entry,unfounded_burglary_attempted,unfounded_theft_total,unfounded_motor_vehicle_theft_total,unfounded_motor_vehicle_theft_car,unfounded_motor_vehicle_theft_truck,unfounded_motor_vehicle_theft_other,unfounded_all_crimes,unfounded_theft_under50_dollar,unfounded_assault_aggravated,unfounded_index_violent,unfounded_index_property,unfounded_index_total
Sayreville Police,2017-01-01,New Jersey,45460,NJ01219,breakdown offenses,normal return,normal return,normal return,normal return,normal return,breakdown offenses,breakdown offenses,breakdown offenses,0,0,0,0,0,0,0,0,1,1,0,0,0,21,0,0,3,2,16,6,3,1,2,15,1,1,0,0,44,0,5,6,22,28,0,0,0,0,0,2,2,0,0,0,10,0,0,3,2,5,0,0,0,0,1,0,0,0,0,13,0,5,7,1,8,0,0,0,0,0,0,0,0,0,0,0,0,0,0,0,0,0,0,0,0,0,0,0,0,0,0,0,0,0,0,0,0,0,0,0,0,0,0,0,0,0,0,0,0,0,0,0,0,0,0,0,0,0,0,0,0,0,0,0,0,0,0
Sayreville Police,2017-02-01,New Jersey,45460,NJ01219,breakdown offenses,normal return,normal return,normal return,normal return,normal return,breakdown offenses,breakdown offenses,breakdown offenses,0,0,0,0,0,0,0,0,0,0,0,0,0,21,0,1,0,0,20,1,1,0,0,16,1,0,0,1,39,0,1,1,18,19,0,0,0,0,0,0,0,0,0,0,5,0,0,0,0,5,0,0,0,0,0,0,0,0,0,5,0,0,0,0,0,0,0,0,0,0,0,0,0,0,0,0,0,0,0,0,0,0,0,0,0,0,0,0,0,0,0,0,0,0,0,0,0,0,0,0,0,0,0,0,0,0,0,0,0,0,0,0,0,0,0,0,0,0,0,0,0,0,0,0,0,0,0
Sayreville Police,2017-03-01,New Jersey,45460,NJ01219,breakdown offenses,normal return,normal return,normal return,normal return,normal return,breakdown offenses,breakdown offenses,breakdown offenses,0,0,0,0,0,3,3,0,1,1,0,0,0,13,0,0,0,0,13,3,3,0,0,14,1,1,0,0,35,0,0,4,18,22,0,0,1,1,0,1,1,0,0,0,3,0,0,0,0,3,0,0,0,0,2,0,0,0,0,7,0,0,2,2,4,0,0,0,0,0,0,0,0,0,0,0,0,0,0,0,0,0,0,0,0,0,0,0,0,0,0,0,0,0,0,0,0,0,0,0,0,0,0,0,0,0,0,0,0,0,0,0,0,0,0,0,0,0,0,0,0,0,0,0,0,0,0
Sayreville Police,2017-04-01,New Jersey,45460,NJ01219,breakdown offenses,normal return,normal return,normal return,normal return,normal return,breakdown offenses,breakdown offenses,breakdown offenses,0,0,0,0,0,0,0,0,0,0,0,0,0,19,0,0,0,1,18,1,0,1,0,19,2,2,0,0,41,0,1,1,22,23,0,0,0,0,0,0,0,0,0,0,11,0,0,0,1,10,1,0,1,0,2,0,0,0,0,14,0,1,1,3,4,0,0,0,0,0,0,0,0,0,0,0,0,0,0,0,0,1,0,1,0,0,0,0,0,0,1,0,0,0,1,1,0,0,0,0,0,0,0,0,0,0,0,0,0,0,0,0,0,0,0,0,0,0,0,0,0,0,0,0,0,0,0
Sayreville Police,2017-05-01,New Jersey,45460,NJ01219,breakdown offenses,normal return,normal return,normal return,normal return,normal return,breakdown offenses,breakdown offenses,breakdown offenses,0,0,0,0,0,0,0,0,1,0,0,0,1,10,0,0,1,0,9,5,2,3,0,51,6,0,4,2,73,0,1,2,62,64,0,0,0,0,0,0,0,0,0,0,4,0,0,0,0,4,0,0,0,0,1,0,0,0,0,5,0,0,0,1,1,0,0,0,0,0,0,0,0,0,0,1,0,0,0,0,1,0,0,0,0,0,0,0,0,0,1,0,0,0,0,0,0,0,0,0,0,0,0,0,0,0,0,0,0,0,0,0,0,0,0,0,0,0,0,0,0,0,0,0,0,0,0
Sayreville Police,2017-06-01,New Jersey,45460,NJ01219,breakdown offenses,normal return,normal return,normal return,normal return,normal return,breakdown offenses,breakdown offenses,breakdown offenses,0,0,0,0,0,0,0,0,0,0,0,0,0,24,0,0,0,1,23,5,2,1,2,24,3,1,0,2,56,0,1,1,32,33,0,0,0,0,0,0,0,0,0,0,8,0,0,0,1,7,0,0,0,0,0,0,0,0,0,8,0,1,1,0,1,0,0,0,0,0,0,0,0,0,0,0,0,0,0,0,0,0,0,0,0,0,0,0,0,0,0,0,0,0,0,0,0,0,0,0,0,0,0,0,0,0,0,0,0,0,0,0,0,0,0,0,0,0,0,0,0,0,0,0,0,0,0
Sayreville Police,2017-07-01,New Jersey,45460,NJ01219,breakdown offenses,normal return,normal return,normal return,normal return,normal return,breakdown offenses,breakdown offenses,breakdown offenses,0,0,0,0,0,0,0,0,1,0,1,0,0,24,0,0,0,1,23,0,0,0,0,33,6,5,1,0,64,0,1,2,39,41,0,0,0,0,0,1,0,1,0,0,7,0,0,0,0,7,0,0,0,0,2,0,0,0,0,10,0,0,1,2,3,0,0,0,0,0,0,0,0,0,0,0,0,0,0,0,0,0,0,0,0,0,0,0,0,0,0,0,0,0,0,0,0,0,0,0,0,0,0,0,0,0,0,0,0,0,0,0,0,0,0,0,0,0,0,0,0,0,0,0,0,0,0
Sayreville Police,2017-08-01,New Jersey,45460,NJ01219,breakdown offenses,normal return,normal return,normal return,normal return,normal return,breakdown offenses,breakdown offenses,breakdown offenses,0,0,0,0,0,0,0,0,0,0,0,0,0,23,1,1,2,0,19,3,2,1,0,34,2,2,0,0,62,0,4,4,39,43,0,0,0,0,0,0,0,0,0,0,5,0,1,0,0,4,0,0,0,0,2,1,1,0,0,8,0,1,1,3,4,0,0,0,0,0,0,0,0,0,0,1,0,0,0,0,1,0,0,0,0,0,0,0,0,0,1,0,0,0,0,0,0,0,0,0,0,0,0,0,0,0,0,0,0,0,0,0,0,0,0,0,0,0,0,0,0,0,0,0,0,0,0
Sayreville Police,2017-09-01,New Jersey,45460,NJ01219,breakdown offenses,normal return,normal return,normal return,normal return,normal return,breakdown offenses,breakdown offenses,breakdown offenses,0,0,0,0,0,0,0,0,3,2,0,0,1,22,0,0,1,1,20,3,2,0,1,38,3,3,0,0,69,0,2,5,44,49,0,0,1,1,0,0,0,0,0,0,2,0,0,0,0,2,0,0,0,0,0,0,0,0,0,3,0,0,1,0,1,0,0,1,1,0,0,0,0,0,0,0,0,0,0,0,0,0,0,0,0,0,0,0,0,0,1,0,0,1,0,1,0,0,0,0,0,0,0,0,0,0,0,0,0,0,0,0,0,0,0,0,0,0,0,0,0,0,0,0,0,0,0
Sayreville Police,2017-10-01,New Jersey,45460,NJ01219,breakdown offenses,normal return,normal return,normal return,normal return,normal return,breakdown offenses,breakdown offenses,breakdown offenses,0,0,0,0,0,0,0,0,0,0,0,0,0,18,0,0,0,1,17,5,3,0,2,25,6,6,0,0,54,0,1,1,36,37,0,0,0,0,0,0,0,0,0,0,5,0,0,0,1,4,0,0,0,0,1,0,0,0,0,6,0,1,1,1,2,0,0,0,0,0,0,0,0,0,0,0,0,0,0,0,0,0,0,0,0,0,0,0,0,0,0,0,0,0,0,0,0,0,0,0,0,0,0,0,0,0,0,0,0,0,0,0,0,0,0,0,0,0,0,0,0,0,0,0,0,0,0
Sayreville Police,2017-11-01,New Jersey,45460,NJ01219,breakdown offenses,normal return,normal return,normal return,normal return,normal return,breakdown offenses,breakdown offenses,breakdown offenses,0,0,0,0,0,0,0,0,0,0,0,0,0,19,0,1,0,0,18,4,2,2,0,19,3,0,0,3,45,0,1,1,26,27,0,0,0,0,0,0,0,0,0,0,4,0,0,0,0,4,1,1,0,0,1,0,0,0,0,6,0,0,0,2,2,0,0,0,0,0,0,0,0,0,0,0,0,0,0,0,0,0,0,0,0,0,0,0,0,0,0,0,0,0,0,0,0,0,0,0,0,0,0,0,0,0,0,0,0,0,0,0,0,0,0,0,0,0,0,0,0,0,0,0,0,0,0
Sayreville Police,2017-12-01,New Jersey,45460,NJ01219,breakdown offenses,normal return,normal return,normal return,normal return,normal return,breakdown offenses,breakdown offenses,breakdown offenses,0,0,0,0,0,0,0,0,1,1,0,0,0,18,0,0,0,0,18,5,1,2,2,23,6,5,0,1,53,0,0,1,34,35,0,0,0,0,0,0,0,0,0,0,3,0,0,0,0,3,1,0,1,0,0,0,0,0,0,4,0,0,0,1,1,0,0,0,0,0,0,0,0,0,0,0,0,0,0,0,0,0,0,0,0,0,0,0,0,0,0,0,0,0,0,0,0,0,0,0,0,0,0,0,0,0,0,0,0,0,0,0,0,0,0,0,0,0,0,0,0,0,0,0,0,0,0
Sayreville Police,2018-01-01,New Jersey,45062,NJ01219,breakdown offenses,normal return,normal return,normal return,normal return,normal return,breakdown offenses,breakdown offenses,breakdown offenses,0,0,0,0,0,0,0,0,0,0,0,0,0,18,1,0,0,2,15,1,1,0,0,25,5,5,0,0,49,0,3,3,31,34,0,0,0,0,0,0,0,0,0,0,4,0,0,0,1,3,1,1,0,0,0,0,0,0,0,5,0,1,1,1,2,0,0,0,0,0,0,0,0,0,0,0,0,0,0,0,0,0,0,0,0,0,0,0,0,0,0,0,0,0,0,0,0,0,0,0,0,0,0,0,0,0,0,0,0,0,0,0,0,0,0,0,0,0,0,0,0,0,0,0,0,0,0
Sayreville Police,2018-02-01,New Jersey,45062,NJ01219,breakdown offenses,normal return,normal return,normal return,normal return,normal return,breakdown offenses,breakdown offenses,breakdown offenses,0,0,0,0,0,0,0,0,1,0,1,0,0,20,0,0,1,2,17,5,2,2,1,22,0,0,0,0,48,0,3,4,27,31,0,0,0,0,0,0,0,0,0,0,9,0,0,0,2,7,0,0,0,0,0,0,0,0,0,9,0,2,2,0,2,0,0,0,0,0,0,0,0,0,0,0,0,0,0,0,0,0,0,0,0,0,0,0,0,0,0,0,0,0,0,0,0,0,0,0,0,0,0,0,0,0,0,0,0,0,0,0,0,0,0,0,0,0,0,0,0,0,0,0,0,0,0
Sayreville Police,2018-03-01,New Jersey,45062,NJ01219,breakdown offenses,normal return,normal return,normal return,normal return,normal return,breakdown offenses,breakdown offenses,breakdown offenses,0,0,0,0,0,0,0,0,1,0,1,0,0,19,0,0,1,1,17,2,2,0,0,14,3,3,0,0,39,0,2,3,19,22,0,0,0,0,0,1,0,1,0,0,4,0,0,0,0,4,0,0,0,0,1,0,0,0,0,6,0,0,1,1,2,0,0,0,0,0,0,0,0,0,0,0,0,0,0,0,0,0,0,0,0,0,0,0,0,0,0,0,0,0,0,0,0,0,0,0,0,0,0,0,0,0,0,0,0,0,0,0,0,0,0,0,0,0,0,0,0,0,0,0,0,0,0
Sayreville Police,2018-04-01,New Jersey,45062,NJ01219,breakdown offenses,normal return,normal return,normal return,normal return,normal return,breakdown offenses,breakdown offenses,breakdown offenses,0,0,0,0,0,0,0,0,0,0,0,0,0,26,0,0,1,2,23,0,0,0,0,15,4,3,0,1,45,0,3,3,19,22,0,0,0,0,0,0,0,0,0,0,9,0,0,1,2,6,0,0,0,0,0,0,0,0,0,9,0,3,3,0,3,0,0,0,0,0,0,0,0,0,0,0,0,0,0,0,0,0,0,0,0,0,0,0,0,0,0,0,0,0,0,0,0,0,0,0,0,0,0,0,0,0,0,0,0,0,0,0,0,0,0,0,0,0,0,0,0,0,0,0,0,0,0
Sayreville Police,2018-05-01,New Jersey,45062,NJ01219,breakdown offenses,normal return,normal return,normal return,normal return,normal return,breakdown offenses,breakdown offenses,breakdown offenses,0,0,0,0,0,1,1,0,0,0,0,0,0,32,0,2,0,1,29,1,1,0,0,31,5,2,2,1,70,0,3,4,37,41,0,0,0,0,0,0,0,0,0,0,8,0,0,0,0,8,0,0,0,0,0,0,0,0,0,8,0,0,0,0,0,0,0,0,0,0,0,0,0,0,0,0,0,0,0,0,0,0,0,0,0,0,0,0,0,0,0,0,0,0,0,0,0,0,0,0,0,0,0,0,0,0,0,0,0,0,0,0,0,0,0,0,0,0,0,0,0,0,0,0,0,0,0
Sayreville Police,2018-06-01,New Jersey,45062,NJ01219,breakdown offenses,normal return,normal return,normal return,normal return,normal return,breakdown offenses,breakdown offenses,breakdown offenses,0,0,0,0,0,0,0,0,1,0,0,1,0,16,0,1,0,2,13,2,0,1,1,18,3,2,0,1,40,0,3,4,23,27,0,0,0,0,0,0,0,0,0,0,9,0,1,0,0,8,0,0,0,0,2,0,0,0,0,11,0,1,1,2,3,0,0,0,0,0,0,0,0,0,0,1,0,0,0,0,1,0,0,0,0,0,0,0,0,0,1,0,0,0,0,0,0,0,0,0,0,0,0,0,0,0,0,0,0,0,0,0,0,0,0,0,0,0,0,0,0,0,0,0,0,0,0
Sayreville Police,2018-07-01,New Jersey,45062,NJ01219,breakdown offenses,normal return,normal return,normal return,normal return,normal return,breakdown offenses,breakdown offenses,breakdown offenses,0,0,0,0,0,1,1,0,1,0,0,1,0,21,1,0,0,4,16,4,1,1,2,19,1,0,0,1,47,0,5,7,24,31,0,0,0,0,0,0,0,0,0,0,9,0,0,0,5,4,0,0,0,0,2,0,0,0,0,11,0,5,5,2,7,0,0,0,0,0,0,0,0,0,0,0,0,0,0,0,0,0,0,0,0,0,0,0,0,0,0,0,0,0,0,0,0,0,0,0,0,0,0,0,0,0,0,0,0,0,0,0,0,0,0,0,0,0,0,0,0,0,0,0,0,0,0
Sayreville Police,2018-08-01,New Jersey,45062,NJ01219,breakdown offenses,normal return,normal return,normal return,normal return,normal return,breakdown offenses,breakdown offenses,breakdown offenses,0,0,0,0,0,1,1,0,1,0,1,0,0,19,0,1,1,2,15,3,2,1,0,20,1,1,0,0,45,0,4,6,24,30,0,0,0,0,0,0,0,0,0,0,6,0,1,0,1,4,0,0,0,0,3,0,0,0,0,9,0,2,2,3,5,0,0,0,0,0,0,0,0,0,0,0,0,0,0,0,0,0,0,0,0,0,0,0,0,0,0,0,0,0,0,0,0,0,0,0,0,0,0,0,0,0,0,0,0,0,0,0,0,0,0,0,0,0,0,0,0,0,0,0,0,0,0
Sayreville Police,2018-09-01,New Jersey,45062,NJ01219,breakdown offenses,normal return,normal return,normal return,normal return,normal return,breakdown offenses,breakdown offenses,breakdown offenses,0,0,0,0,0,0,0,0,0,0,0,0,0,8,0,0,1,2,5,3,2,0,1,22,1,1,0,0,34,0,3,3,26,29,0,0,0,0,0,0,0,0,0,0,5,0,0,1,2,2,0,0,0,0,0,0,0,0,0,5,0,3,3,0,3,0,0,0,0,0,0,0,0,0,0,0,0,0,0,0,0,0,0,0,0,0,0,0,0,0,0,0,0,0,0,0,0,0,0,0,0,0,0,0,0,0,0,0,0,0,0,0,0,0,0,0,0,0,0,0,0,0,0,0,0,0,0
Sayreville Police,2018-10-01,New Jersey,45062,NJ01219,breakdown offenses,normal return,normal return,normal return,normal return,normal return,breakdown offenses,breakdown offenses,breakdown offenses,0,0,0,0,0,0,0,0,0,0,0,0,0,21,0,1,0,1,19,4,2,2,0,19,5,0,5,0,49,0,2,2,28,30,0,0,0,0,0,0,0,0,0,0,3,0,0,0,0,3,1,1,0,0,2,0,0,0,0,6,0,0,0,3,3,0,0,0,0,0,0,0,0,0,0,0,0,0,0,0,0,0,0,0,0,1,0,0,0,0,1,0,0,0,1,1,0,0,0,0,0,0,0,0,0,0,0,0,0,0,0,0,0,0,0,0,0,0,0,0,0,0,0,0,0,0,0
Sayreville Police,2018-11-01,New Jersey,45062,NJ01219,breakdown offenses,normal return,normal return,normal return,normal return,normal return,breakdown offenses,breakdown offenses,breakdown offenses,0,0,0,0,0,0,0,0,1,0,0,0,1,24,0,0,0,1,23,3,2,1,0,8,4,3,1,0,40,0,1,2,15,17,0,0,0,0,0,0,0,0,0,0,4,0,0,0,0,4,0,0,0,0,0,0,0,0,0,4,0,0,0,0,0,0,0,0,0,0,0,0,0,0,0,0,0,0,0,0,0,0,0,0,0,0,0,0,0,0,0,0,0,0,0,0,0,0,0,0,0,0,0,0,0,0,0,0,0,0,0,0,0,0,0,0,0,0,0,0,0,0,0,0,0,0,0
Sayreville Police,2018-12-01,New Jersey,45062,NJ01219,breakdown offenses,normal return,normal return,normal return,normal return,normal return,breakdown offenses,breakdown offenses,breakdown offenses,0,0,0,0,0,0,0,0,0,0,0,0,0,25,0,1,2,0,22,3,2,0,1,23,2,2,0,0,53,0,3,3,28,31,0,0,0,0,0,0,0,0,0,0,8,0,0,1,0,7,0,0,0,0,0,0,0,0,0,8,0,1,1,0,1,0,0,0,0,0,0,0,0,0,0,0,0,0,0,0,0,0,0,0,0,0,0,0,0,0,0,0,0,0,0,0,0,0,0,0,0,0,0,0,0,0,0,0,0,0,0,0,0,0,0,0,0,0,0,0,0,0,0,0,0,0,0
Sayreville Police,2019-01-01,New Jersey,44581,NJ01219,breakdown offenses,normal return,normal return,normal return,normal return,normal return,breakdown offenses,breakdown offenses,breakdown offenses,0,0,0,0,0,0,0,0,1,0,1,0,0,20,0,0,0,0,20,4,4,0,0,22,1,1,0,0,48,0,0,1,27,28,0,0,0,0,0,0,0,0,0,0,9,0,0,0,1,8,0,0,0,0,1,0,0,0,0,10,0,1,1,1,2,0,0,0,0,0,0,0,0,0,0,0,0,0,0,0,0,0,0,0,0,0,0,0,0,0,0,0,0,0,0,0,0,0,0,0,0,0,0,0,0,0,0,0,0,0,0,0,0,0,0,0,0,0,0,0,0,0,0,0,0,0,0
Sayreville Police,2019-02-01,New Jersey,44581,NJ01219,breakdown offenses,normal return,normal return,normal return,normal return,normal return,breakdown offenses,breakdown offenses,breakdown offenses,0,0,1,0,0,0,0,0,0,0,0,0,0,13,0,0,0,1,12,1,1,0,0,10,3,3,0,0,27,0,1,1,14,15,0,0,0,0,0,0,0,0,0,0,4,0,0,0,1,3,0,0,0,0,3,0,0,0,0,7,0,1,1,3,4,0,0,0,0,0,0,0,0,0,0,1,0,0,0,0,1,0,0,0,0,0,0,0,0,0,1,0,0,0,0,0,0,0,0,0,0,0,0,0,0,0,0,0,0,0,0,0,0,0,0,0,0,0,0,0,0,0,0,0,0,0,0
Sayreville Police,2019-03-01,New Jersey,44581,NJ01219,breakdown offenses,normal return,normal return,normal return,normal return,normal return,breakdown offenses,breakdown offenses,breakdown offenses,0,0,0,0,0,0,0,0,1,1,0,0,0,23,0,1,1,0,21,0,0,0,0,18,2,2,0,0,44,0,2,3,20,23,0,0,0,0,0,0,0,0,0,0,8,0,1,0,0,7,0,0,0,0,0,0,0,0,0,8,0,1,1,0,1,0,0,0,0,0,0,0,0,0,0,0,0,0,0,0,0,0,0,0,0,0,0,0,0,0,0,0,0,0,0,0,0,0,0,0,0,0,0,0,0,0,0,0,0,0,0,0,0,0,0,0,0,0,0,0,0,0,0,0,0,0,0
Sayreville Police,2019-04-01,New Jersey,44581,NJ01219,breakdown offenses,normal return,normal return,normal return,normal return,normal return,breakdown offenses,breakdown offenses,breakdown offenses,0,0,0,0,0,0,0,0,0,0,0,0,0,27,2,0,1,0,24,4,4,0,0,15,2,2,0,0,48,0,3,3,21,24,0,0,0,0,0,0,0,0,0,0,11,2,0,1,0,8,2,2,0,0,1,0,0,0,0,14,0,3,3,3,6,0,0,0,0,0,0,0,0,0,0,1,1,0,0,0,0,0,0,0,0,0,0,0,0,0,1,0,1,1,0,1,0,0,0,0,0,0,0,0,0,0,0,0,0,0,0,0,0,0,0,0,0,0,0,0,0,0,0,0,0,0,0
Sayreville Police,2019-05-01,New Jersey,44581,NJ01219,breakdown offenses,normal return,normal return,normal return,normal return,normal return,breakdown offenses,breakdown offenses,breakdown offenses,0,0,0,0,0,0,0,0,2,1,0,0,1,17,0,3,0,0,14,5,4,1,0,21,3,2,1,0,48,0,3,5,29,34,0,0,0,0,0,1,1,0,0,0,6,0,1,0,0,5,0,0,0,0,1,0,0,0,0,8,0,1,2,1,3,0,0,0,0,0,1,1,0,0,0,1,0,0,0,0,1,0,0,0,0,0,0,0,0,0,2,0,0,1,0,1,0,0,0,0,0,0,0,0,0,0,0,0,0,0,0,0,0,0,0,0,0,0,0,0,0,0,0,0,0,0,0
Sayreville Police,2019-06-01,New Jersey,44581,NJ01219,breakdown offenses,normal return,normal return,normal return,normal return,normal return,breakdown offenses,breakdown offenses,breakdown offenses,0,0,0,0,0,0,0,0,0,0,0,0,0,27,1,0,1,1,24,2,2,0,0,28,9,7,2,0,66,0,3,3,39,42,0,0,0,0,0,1,0,0,0,1,12,1,0,1,1,9,0,0,0,0,5,0,0,0,0,18,0,3,4,5,9,0,0,0,0,0,0,0,0,0,0,0,0,0,0,0,0,0,0,0,0,1,0,0,0,0,1,0,0,0,1,1,0,0,0,0,0,0,0,0,0,0,0,0,0,0,0,0,0,0,0,0,0,0,0,0,0,0,0,0,0,0,0
Sayreville Police,2019-07-01,New Jersey,44581,NJ01219,breakdown offenses,normal return,normal return,normal return,normal return,normal return,breakdown offenses,breakdown offenses,breakdown offenses,0,0,0,0,0,0,0,0,0,0,0,0,0,17,0,0,1,1,15,8,2,4,2,17,5,3,0,2,47,0,2,2,30,32,0,0,0,0,0,0,0,0,0,0,6,0,0,1,1,4,2,0,2,0,0,0,0,0,0,8,0,2,2,2,4,0,0,0,0,0,0,0,0,0,0,0,0,0,0,0,0,0,0,0,0,0,0,0,0,0,0,0,0,0,0,0,0,0,0,0,0,0,0,0,0,0,0,0,0,0,0,0,0,0,0,0,0,0,0,0,0,0,0,0,0,0,0
Sayreville Police,2019-08-01,New Jersey,44581,NJ01219,breakdown offenses,normal return,normal return,normal return,normal return,normal return,breakdown offenses,breakdown offenses,breakdown offenses,0,0,0,0,0,0,0,0,0,0,0,0,0,20,0,0,0,3,17,1,1,0,0,24,1,1,0,0,46,0,3,3,26,29,0,0,0,0,0,0,0,0,0,0,9,0,0,0,2,7,0,0,0,0,2,0,0,0,0,11,0,2,2,2,4,0,0,0,0,0,0,0,0,0,0,0,0,0,0,0,0,0,0,0,0,1,0,0,0,0,1,0,0,0,1,1,0,0,0,0,0,0,0,0,0,0,0,0,0,0,0,0,0,0,0,0,0,0,0,0,0,0,0,0,0,0,0
Sayreville Police,2019-09-01,New Jersey,44581,NJ01219,breakdown offenses,normal return,normal return,normal return,normal return,normal return,breakdown offenses,breakdown offenses,breakdown offenses,0,0,0,0,0,0,0,0,1,1,0,0,0,24,0,1,2,0,21,5,2,3,0,12,2,2,0,0,44,0,3,4,19,23,0,0,0,0,0,0,0,0,0,0,7,0,1,0,0,6,0,0,0,0,0,0,0,0,0,7,0,1,1,0,1,0,0,0,0,0,0,0,0,0,0,0,0,0,0,0,0,0,0,0,0,0,0,0,0,0,0,0,0,0,0,0,0,0,0,0,0,0,0,0,0,0,0,0,0,0,0,0,0,0,0,0,0,0,0,0,0,0,0,0,0,0,0
Sayreville Police,2019-10-01,New Jersey,44581,NJ01219,breakdown offenses,normal return,normal return,normal return,normal return,normal return,breakdown offenses,breakdown offenses,breakdown offenses,0,0,0,0,0,0,0,0,2,0,0,0,2,21,0,0,1,1,19,1,1,0,0,24,4,2,2,0,52,0,2,4,29,33,0,0,0,0,0,2,0,0,0,2,8,0,0,0,1,7,1,1,0,0,1,0,0,0,0,12,0,1,3,2,5,0,0,0,0,0,0,0,0,0,0,0,0,0,0,0,0,0,0,0,0,0,0,0,0,0,0,0,0,0,0,0,0,0,0,0,0,0,0,0,0,0,0,0,0,0,0,0,0,0,0,0,0,0,0,0,0,0,0,0,0,0,0
Sayreville Police,2019-11-01,New Jersey,44581,NJ01219,breakdown offenses,normal return,normal return,normal return,normal return,normal return,breakdown offenses,breakdown offenses,breakdown offenses,0,0,0,0,0,0,0,0,1,0,0,0,1,18,0,0,0,1,17,5,2,2,1,25,3,2,1,0,52,0,1,2,33,35,0,0,0,0,0,0,0,0,0,0,6,0,0,0,1,5,1,0,1,0,0,0,0,0,0,7,0,1,1,1,2,0,0,0,0,0,0,0,0,0,0,0,0,0,0,0,0,0,0,0,0,0,0,0,0,0,0,0,0,0,0,0,0,0,0,0,0,0,0,0,0,0,0,0,0,0,0,0,0,0,0,0,0,0,0,0,0,0,0,0,0,0,0
Sayreville Police,2019-12-01,New Jersey,44581,NJ01219,breakdown offenses,normal return,normal return,normal return,normal return,normal return,breakdown offenses,breakdown offenses,breakdown offenses,0,0,0,0,0,0,0,0,0,0,0,0,0,21,0,0,2,1,18,6,4,2,0,15,2,2,0,0,44,0,3,3,23,26,0,0,0,0,0,0,0,0,0,0,5,0,0,1,1,3,0,0,0,0,0,0,0,0,0,5,0,2,2,0,2,0,0,0,0,0,0,0,0,0,0,0,0,0,0,0,0,0,0,0,0,0,0,0,0,0,0,0,0,0,0,0,0,0,0,0,0,0,0,0,0,0,0,0,0,0,0,0,0,0,0,0,0,0,0,0,0,0,0,0,0,0,0
Sayreville Police,2019-01-01,New Jersey,44581,NJ01219,breakdown offenses,normal return,normal return,normal return,normal return,normal return,breakdown offenses,breakdown offenses,breakdown offenses,0,0,0,0,0,0,0,0,1,0,1,0,0,20,0,0,0,0,20,4,4,0,0,22,1,1,0,0,48,0,0,1,27,28,0,0,0,0,0,0,0,0,0,0,9,0,0,0,1,8,0,0,0,0,1,0,0,0,0,10,0,1,1,1,2,0,0,0,0,0,0,0,0,0,0,0,0,0,0,0,0,0,0,0,0,0,0,0,0,0,0,0,0,0,0,0,0,0,0,0,0,0,0,0,0,0,0,0,0,0,0,0,0,0,0,0,0,0,0,0,0,0,0,0,0,0,0
Sayreville Police,2019-02-01,New Jersey,44581,NJ01219,breakdown offenses,normal return,normal return,normal return,normal return,normal return,breakdown offenses,breakdown offenses,breakdown offenses,0,0,1,0,0,0,0,0,0,0,0,0,0,13,0,0,0,1,12,1,1,0,0,10,3,3,0,0,27,0,1,1,14,15,0,0,0,0,0,0,0,0,0,0,4,0,0,0,1,3,0,0,0,0,3,0,0,0,0,7,0,1,1,3,4,0,0,0,0,0,0,0,0,0,0,1,0,0,0,0,1,0,0,0,0,0,0,0,0,0,1,0,0,0,0,0,0,0,0,0,0,0,0,0,0,0,0,0,0,0,0,0,0,0,0,0,0,0,0,0,0,0,0,0,0,0,0
Sayreville Police,2019-03-01,New Jersey,44581,NJ01219,breakdown offenses,normal return,normal return,normal return,normal return,normal return,breakdown offenses,breakdown offenses,breakdown offenses,0,0,0,0,0,0,0,0,1,1,0,0,0,23,0,1,1,0,21,0,0,0,0,18,2,2,0,0,44,0,2,3,20,23,0,0,0,0,0,0,0,0,0,0,8,0,1,0,0,7,0,0,0,0,0,0,0,0,0,8,0,1,1,0,1,0,0,0,0,0,0,0,0,0,0,0,0,0,0,0,0,0,0,0,0,0,0,0,0,0,0,0,0,0,0,0,0,0,0,0,0,0,0,0,0,0,0,0,0,0,0,0,0,0,0,0,0,0,0,0,0,0,0,0,0,0,0
Sayreville Police,2019-04-01,New Jersey,44581,NJ01219,breakdown offenses,normal return,normal return,normal return,normal return,normal return,breakdown offenses,breakdown offenses,breakdown offenses,0,0,0,0,0,0,0,0,0,0,0,0,0,27,2,0,1,0,24,4,4,0,0,15,2,2,0,0,48,0,3,3,21,24,0,0,0,0,0,0,0,0,0,0,11,2,0,1,0,8,2,2,0,0,1,0,0,0,0,14,0,3,3,3,6,0,0,0,0,0,0,0,0,0,0,1,1,0,0,0,0,0,0,0,0,0,0,0,0,0,1,0,1,1,0,1,0,0,0,0,0,0,0,0,0,0,0,0,0,0,0,0,0,0,0,0,0,0,0,0,0,0,0,0,0,0,0
Sayreville Police,2019-05-01,New Jersey,44581,NJ01219,breakdown offenses,normal return,normal return,normal return,normal return,normal return,breakdown offenses,breakdown offenses,breakdown offenses,0,0,0,0,0,0,0,0,2,1,0,0,1,17,0,3,0,0,14,5,4,1,0,21,3,2,1,0,48,0,3,5,29,34,0,0,0,0,0,1,1,0,0,0,6,0,1,0,0,5,0,0,0,0,1,0,0,0,0,8,0,1,2,1,3,0,0,0,0,0,1,1,0,0,0,1,0,0,0,0,1,0,0,0,0,0,0,0,0,0,2,0,0,1,0,1,0,0,0,0,0,0,0,0,0,0,0,0,0,0,0,0,0,0,0,0,0,0,0,0,0,0,0,0,0,0,0
Sayreville Police,2019-06-01,New Jersey,44581,NJ01219,breakdown offenses,normal return,normal return,normal return,normal return,normal return,breakdown offenses,breakdown offenses,breakdown offenses,0,0,0,0,0,0,0,0,0,0,0,0,0,27,1,0,1,1,24,2,2,0,0,28,9,7,2,0,66,0,3,3,39,42,0,0,0,0,0,1,0,0,0,1,12,1,0,1,1,9,0,0,0,0,5,0,0,0,0,18,0,3,4,5,9,0,0,0,0,0,0,0,0,0,0,0,0,0,0,0,0,0,0,0,0,1,0,0,0,0,1,0,0,0,1,1,0,0,0,0,0,0,0,0,0,0,0,0,0,0,0,0,0,0,0,0,0,0,0,0,0,0,0,0,0,0,0
Sayreville Police,2019-07-01,New Jersey,44581,NJ01219,breakdown offenses,normal return,normal return,normal return,normal return,normal return,breakdown offenses,breakdown offenses,breakdown offenses,0,0,0,0,0,0,0,0,0,0,0,0,0,17,0,0,1,1,15,8,2,4,2,17,5,3,0,2,47,0,2,2,30,32,0,0,0,0,0,0,0,0,0,0,6,0,0,1,1,4,2,0,2,0,0,0,0,0,0,8,0,2,2,2,4,0,0,0,0,0,0,0,0,0,0,0,0,0,0,0,0,0,0,0,0,0,0,0,0,0,0,0,0,0,0,0,0,0,0,0,0,0,0,0,0,0,0,0,0,0,0,0,0,0,0,0,0,0,0,0,0,0,0,0,0,0,0
Sayreville Police,2019-08-01,New Jersey,44581,NJ01219,breakdown offenses,normal return,normal return,normal return,normal return,normal return,breakdown offenses,breakdown offenses,breakdown offenses,0,0,0,0,0,0,0,0,0,0,0,0,0,20,0,0,0,3,17,1,1,0,0,24,1,1,0,0,46,0,3,3,26,29,0,0,0,0,0,0,0,0,0,0,9,0,0,0,2,7,0,0,0,0,2,0,0,0,0,11,0,2,2,2,4,0,0,0,0,0,0,0,0,0,0,0,0,0,0,0,0,0,0,0,0,1,0,0,0,0,1,0,0,0,1,1,0,0,0,0,0,0,0,0,0,0,0,0,0,0,0,0,0,0,0,0,0,0,0,0,0,0,0,0,0,0,0
Sayreville Police,2019-09-01,New Jersey,44581,NJ01219,breakdown offenses,normal return,normal return,normal return,normal return,normal return,breakdown offenses,breakdown offenses,breakdown offenses,0,0,0,0,0,0,0,0,1,1,0,0,0,24,0,1,2,0,21,5,2,3,0,12,2,2,0,0,44,0,3,4,19,23,0,0,0,0,0,0,0,0,0,0,7,0,1,0,0,6,0,0,0,0,0,0,0,0,0,7,0,1,1,0,1,0,0,0,0,0,0,0,0,0,0,0,0,0,0,0,0,0,0,0,0,0,0,0,0,0,0,0,0,0,0,0,0,0,0,0,0,0,0,0,0,0,0,0,0,0,0,0,0,0,0,0,0,0,0,0,0,0,0,0,0,0,0
Sayreville Police,2019-10-01,New Jersey,44581,NJ01219,breakdown offenses,normal return,normal return,normal return,normal return,normal return,breakdown offenses,breakdown offenses,breakdown offenses,0,0,0,0,0,0,0,0,2,0,0,0,2,21,0,0,1,1,19,1,1,0,0,24,4,2,2,0,52,0,2,4,29,33,0,0,0,0,0,2,0,0,0,2,8,0,0,0,1,7,1,1,0,0,1,0,0,0,0,12,0,1,3,2,5,0,0,0,0,0,0,0,0,0,0,0,0,0,0,0,0,0,0,0,0,0,0,0,0,0,0,0,0,0,0,0,0,0,0,0,0,0,0,0,0,0,0,0,0,0,0,0,0,0,0,0,0,0,0,0,0,0,0,0,0,0,0
Sayreville Police,2019-11-01,New Jersey,44581,NJ01219,breakdown offenses,normal return,normal return,normal return,normal return,normal return,breakdown offenses,breakdown offenses,breakdown offenses,0,0,0,0,0,0,0,0,1,0,0,0,1,18,0,0,0,1,17,5,2,2,1,25,3,2,1,0,52,0,1,2,33,35,0,0,0,0,0,0,0,0,0,0,6,0,0,0,1,5,1,0,1,0,0,0,0,0,0,7,0,1,1,1,2,0,0,0,0,0,0,0,0,0,0,0,0,0,0,0,0,0,0,0,0,0,0,0,0,0,0,0,0,0,0,0,0,0,0,0,0,0,0,0,0,0,0,0,0,0,0,0,0,0,0,0,0,0,0,0,0,0,0,0,0,0,0
Sayreville Police,2019-12-01,New Jersey,44581,NJ01219,breakdown offenses,normal return,normal return,normal return,normal return,normal return,breakdown offenses,breakdown offenses,breakdown offenses,0,0,0,0,0,0,0,0,0,0,0,0,0,21,0,0,2,1,18,6,4,2,0,15,2,2,0,0,44,0,3,3,23,26,0,0,0,0,0,0,0,0,0,0,5,0,0,1,1,3,0,0,0,0,0,0,0,0,0,5,0,2,2,0,2,0,0,0,0,0,0,0,0,0,0,0,0,0,0,0,0,0,0,0,0,0,0,0,0,0,0,0,0,0,0,0,0,0,0,0,0,0,0,0,0,0,0,0,0,0,0,0,0,0,0,0,0,0,0,0,0,0,0,0,0,0,0
Sayreville Police,2020-01-01,New Jersey,44282,NJ01219,breakdown offenses,normal return,normal return,normal return,normal return,normal return,breakdown offenses,breakdown offenses,breakdown offenses,0,0,0,0,0,0,0,0,1,0,0,0,1,26,0,0,2,2,22,1,1,0,0,16,4,3,0,1,48,0,4,5,21,26,0,0,0,0,0,0,0,0,0,0,9,0,0,2,1,6,0,0,0,0,4,0,0,0,0,13,0,3,3,4,7,0,0,0,0,0,0,0,0,0,0,0,0,0,0,0,0,0,0,0,0,2,0,0,0,0,2,0,0,0,2,2,0,0,0,0,0,0,0,0,0,0,0,0,0,0,0,0,0,0,0,0,0,0,0,0,0,0,0,0,0,0,0
Sayreville Police,2020-02-01,New Jersey,44282,NJ01219,breakdown offenses,normal return,normal return,normal return,normal return,normal return,breakdown offenses,breakdown offenses,breakdown offenses,0,0,0,0,0,0,0,0,0,0,0,0,0,20,1,0,0,1,18,3,0,0,3,17,4,2,1,1,44,0,2,2,24,26,0,0,0,0,0,0,0,0,0,0,4,1,0,0,0,3,0,0,0,0,1,0,0,0,0,5,0,1,1,1,2,0,0,0,0,0,0,0,0,0,0,0,0,0,0,0,0,0,0,0,0,0,0,0,0,0,0,0,0,0,0,0,0,0,0,0,0,0,0,0,0,0,0,0,0,0,0,0,0,0,0,0,0,0,0,0,0,0,0,0,0,0,0
Sayreville Police,2020-03-01,New Jersey,44282,NJ01219,breakdown offenses,normal return,normal return,normal return,normal return,normal return,breakdown offenses,breakdown offenses,breakdown offenses,0,0,0,0,0,0,0,0,2,1,0,0,1,17,0,0,0,1,16,6,2,4,0,8,1,1,0,0,34,0,1,3,15,18,0,0,0,0,0,0,0,0,0,0,5,0,0,0,0,5,1,1,0,0,2,0,0,0,0,8,0,0,0,3,3,0,0,0,0,0,0,0,0,0,0,0,0,0,0,0,0,0,0,0,0,1,0,0,0,0,1,0,0,0,1,1,0,0,0,0,0,0,0,0,0,0,0,0,0,0,0,0,0,0,0,0,0,0,0,0,0,0,0,0,0,0,0
Sayreville Police,2020-04-01,New Jersey,44282,NJ01219,breakdown offenses,normal return,normal return,normal return,normal return,normal return,breakdown offenses,breakdown offenses,breakdown offenses,0,0,0,0,0,0,0,0,0,0,0,0,0,13,0,0,2,1,10,3,1,1,1,8,2,1,0,1,26,0,3,3,13,16,0,0,0,0,0,0,0,0,0,0,4,0,0,0,1,3,0,0,0,0,0,0,0,0,0,4,0,1,1,0,1,0,0,0,0,0,0,0,0,0,0,0,0,0,0,0,0,0,0,0,0,0,0,0,0,0,0,0,0,0,0,0,0,0,0,0,0,0,0,0,0,0,0,0,0,0,0,0,0,0,0,0,0,0,0,0,0,0,0,0,0,0,0
Sayreville Police,2020-05-01,New Jersey,44282,NJ01219,breakdown offenses,normal return,normal return,normal return,normal return,normal return,breakdown offenses,breakdown offenses,breakdown offenses,0,0,0,0,0,0,0,0,1,0,0,1,0,21,0,1,1,1,18,5,4,0,1,26,3,1,1,1,56,0,3,4,34,38,0,0,0,0,0,0,0,0,0,0,9,0,1,1,0,7,1,1,0,0,0,0,0,0,0,10,0,2,2,1,3,0,0,0,0,0,0,0,0,0,0,0,0,0,0,0,0,0,0,0,0,0,0,0,0,0,0,0,0,0,0,0,0,0,0,0,0,0,0,0,0,0,0,0,0,0,0,0,0,0,0,0,0,0,0,0,0,0,0,0,0,0,0
Sayreville Police,2020-06-01,New Jersey,44282,NJ01219,breakdown offenses,normal return,normal return,normal return,normal return,normal return,breakdown offenses,breakdown offenses,breakdown offenses,0,0,0,0,0,0,0,0,3,0,0,0,3,21,0,1,1,1,18,1,1,0,0,28,5,4,1,0,58,0,3,6,34,40,0,0,0,0,0,0,0,0,0,0,10,0,1,1,1,7,0,0,0,0,3,0,0,0,0,13,0,3,3,3,6,0,0,0,0,0,0,0,0,0,0,0,0,0,0,0,0,0,0,0,0,3,0,0,0,0,3,0,0,0,3,3,0,0,0,0,0,0,0,0,0,0,0,0,0,0,0,0,0,0,0,0,0,0,0,0,0,0,0,0,0,0,0
Sayreville Police,2020-07-01,New Jersey,44282,NJ01219,breakdown offenses,normal return,normal return,normal return,normal return,normal return,breakdown offenses,breakdown offenses,breakdown offenses,0,0,0,0,0,0,0,0,0,0,0,0,0,36,0,1,1,0,34,1,0,1,0,22,2,2,0,0,61,0,2,2,25,27,0,0,0,0,0,0,0,0,0,0,8,0,1,1,0,6,0,0,0,0,2,0,0,0,0,10,0,2,2,2,4,0,0,0,0,0,0,0,0,0,0,0,0,0,0,0,0,0,0,0,0,0,0,0,0,0,0,0,0,0,0,0,0,0,0,0,0,0,0,0,0,0,0,0,0,0,0,0,0,0,0,0,0,0,0,0,0,0,0,0,0,0,0
Sayreville Police,2020-08-01,New Jersey,44282,NJ01219,breakdown offenses,normal return,normal return,normal return,normal return,normal return,breakdown offenses,breakdown offenses,breakdown offenses,0,0,2,0,0,0,0,0,3,1,0,0,2,26,1,0,1,4,20,4,2,1,1,8,1,1,0,0,42,0,6,9,13,22,0,0,0,0,0,0,0,0,0,0,7,0,0,0,0,7,0,0,0,0,0,0,0,0,0,7,0,0,0,0,0,0,0,0,0,0,0,0,0,0,0,0,0,0,0,0,0,0,0,0,0,0,0,0,0,0,0,0,0,0,0,0,0,0,0,0,0,0,0,0,0,0,0,0,0,0,0,0,0,0,0,0,0,0,0,0,0,0,0,0,0,0,0
Sayreville Police,2020-09-01,New Jersey,44282,NJ01219,breakdown offenses,normal return,normal return,normal return,normal return,normal return,breakdown offenses,breakdown offenses,breakdown offenses,0,0,0,0,0,0,0,0,1,0,0,0,1,20,1,0,0,3,16,2,1,0,1,22,4,0,3,1,49,0,4,5,28,33,0,0,0,0,0,0,0,0,0,0,10,1,0,0,2,7,0,0,0,0,0,0,0,0,0,10,0,3,3,0,3,0,0,0,0,0,0,0,0,0,0,0,0,0,0,0,0,0,0,0,0,0,0,0,0,0,0,0,0,0,0,0,0,0,0,0,0,0,0,0,0,0,0,0,0,0,0,0,0,0,0,0,0,0,0,0,0,0,0,0,0,0,0
Sayreville Police,2020-10-01,New Jersey,44282,NJ01219,breakdown offenses,normal return,normal return,normal return,normal return,normal return,breakdown offenses,breakdown offenses,breakdown offenses,0,0,0,0,0,1,1,0,0,0,0,0,0,27,0,1,1,4,21,3,2,0,1,22,3,2,0,1,56,0,6,7,28,35,0,0,1,1,0,0,0,0,0,0,8,0,0,1,2,5,0,0,0,0,0,0,0,0,0,9,0,3,4,0,4,0,0,0,0,0,0,0,0,0,0,0,0,0,0,0,0,0,0,0,0,0,0,0,0,0,0,0,0,0,0,0,0,0,0,0,0,0,0,0,0,0,0,0,0,0,0,0,0,0,0,0,0,0,0,0,0,0,0,0,0,0,0
Sayreville Police,2020-11-01,New Jersey,44282,NJ01219,breakdown offenses,normal return,normal return,normal return,normal return,normal return,breakdown offenses,breakdown offenses,breakdown offenses,0,0,0,0,0,1,1,0,0,0,0,0,0,22,0,0,1,1,20,1,1,0,0,7,4,4,0,0,35,0,2,3,12,15,0,0,1,1,0,0,0,0,0,0,8,0,0,0,1,7,1,1,0,0,0,1,1,0,0,11,0,1,2,2,4,0,0,0,0,0,0,0,0,0,0,0,0,0,0,0,0,0,0,0,0,0,0,0,0,0,0,0,0,0,0,0,0,0,0,0,0,0,0,0,0,0,0,0,0,0,0,0,0,0,0,0,1,0,0,0,0,1,0,0,0,1,1
Sayreville Police,2020-12-01,New Jersey,44282,NJ01219,breakdown offenses,normal return,normal return,normal return,normal return,normal return,breakdown offenses,breakdown offenses,breakdown offenses,0,0,0,0,0,0,0,0,0,0,0,0,0,24,0,2,1,3,18,2,0,2,0,8,3,0,2,1,37,0,6,6,13,19,0,0,0,0,0,0,0,0,0,0,9,0,2,1,1,5,1,0,1,0,0,0,0,0,0,10,0,4,4,1,5,0,0,0,0,0,0,0,0,0,0,0,0,0,0,0,0,0,0,0,0,0,0,0,0,0,0,0,0,0,0,0,0,0,0,0,0,0,0,0,0,0,0,0,0,0,0,0,0,0,0,0,0,0,0,0,0,0,0,0,0,0,0
Sayreville Police,2021-01-01,New Jersey,45821,NJ01219,breakdown offenses,,,,,,breakdown offenses,breakdown offenses,breakdown offenses,0,0,0,0,0,0,0,0,0,0,0,0,0,0,0,0,0,0,0,0,0,0,0,0,0,0,0,0,0,0,0,0,0,0,0,0,0,0,0,0,0,0,0,0,0,0,0,0,0,0,0,0,0,0,0,0,0,0,0,0,0,0,0,0,0,0,0,0,0,0,0,0,0,0,0,0,0,0,0,0,0,0,0,0,0,0,0,0,0,0,0,0,0,0,0,0,0,0,0,0,0,0,0,0,0,0,0,0,0,0,0,0,0,0,0,0,0,0,0,0,0,0,0,0,0,0,0
Sayreville Police,2021-02-01,New Jersey,45821,NJ01219,breakdown offenses,,,,,,breakdown offenses,breakdown offenses,breakdown offenses,0,0,0,0,0,0,0,0,0,0,0,0,0,0,0,0,0,0,0,0,0,0,0,0,0,0,0,0,0,0,0,0,0,0,0,0,0,0,0,0,0,0,0,0,0,0,0,0,0,0,0,0,0,0,0,0,0,0,0,0,0,0,0,0,0,0,0,0,0,0,0,0,0,0,0,0,0,0,0,0,0,0,0,0,0,0,0,0,0,0,0,0,0,0,0,0,0,0,0,0,0,0,0,0,0,0,0,0,0,0,0,0,0,0,0,0,0,0,0,0,0,0,0,0,0,0,0
Sayreville Police,2021-03-01,New Jersey,45821,NJ01219,breakdown offenses,normal return,normal return,normal return,normal return,normal return,breakdown offenses,breakdown offenses,breakdown offenses,0,0,0,0,0,0,0,0,1,1,0,0,0,21,0,0,0,1,20,1,0,0,1,24,1,0,0,1,48,0,1,2,26,28,0,0,0,0,0,0,0,0,0,0,5,0,0,0,0,5,0,0,0,0,1,0,0,0,0,6,0,0,0,1,1,0,0,0,0,0,0,0,0,0,0,0,0,0,0,0,0,0,0,0,0,0,0,0,0,0,0,0,0,0,0,0,0,0,0,0,0,0,0,0,0,0,0,0,0,0,0,0,0,0,0,0,0,0,0,0,0,0,0,0,0,0,0
Sayreville Police,2021-04-01,New Jersey,45821,NJ01219,breakdown offenses,normal return,normal return,normal return,normal return,normal return,breakdown offenses,breakdown offenses,breakdown offenses,0,0,0,0,0,0,0,0,0,0,0,0,0,22,0,0,0,1,21,3,2,1,0,28,3,2,0,1,56,0,1,1,34,35,0,0,0,0,0,0,0,0,0,0,7,0,0,0,1,6,1,1,0,0,0,0,0,0,0,8,0,1,1,1,2,0,0,0,0,0,0,0,0,0,0,0,0,0,0,0,0,0,0,0,0,0,0,0,0,0,0,0,0,0,0,0,0,0,0,0,0,0,0,0,0,0,0,0,0,0,0,0,0,0,0,0,0,0,0,0,0,0,0,0,0,0,0
Sayreville Police,2021-05-01,New Jersey,45821,NJ01219,breakdown offenses,normal return,normal return,normal return,normal return,normal return,breakdown offenses,breakdown offenses,breakdown offenses,0,0,0,0,0,0,0,0,2,0,1,0,1,38,1,1,0,7,29,5,2,2,1,19,5,4,0,1,69,0,9,11,29,40,0,0,0,0,0,1,0,0,0,1,9,0,1,0,3,5,0,0,0,0,0,0,0,0,0,10,0,4,5,0,5,0,0,0,0,0,0,0,0,0,0,0,0,0,0,0,0,0,0,0,0,0,0,0,0,0,0,0,0,0,0,0,0,0,0,0,0,0,0,0,0,0,0,0,0,0,0,0,0,0,0,0,0,0,0,0,0,0,0,0,0,0,0
Sayreville Police,2021-06-01,New Jersey,45821,NJ01219,breakdown offenses,normal return,normal return,normal return,normal return,normal return,breakdown offenses,breakdown offenses,breakdown offenses,0,0,0,0,0,0,0,0,0,0,0,0,0,25,0,1,1,3,20,3,2,1,0,24,4,4,0,0,56,0,5,5,31,36,0,0,0,0,0,0,0,0,0,0,9,0,1,1,3,4,0,0,0,0,0,0,0,0,0,9,0,5,5,0,5,0,0,0,0,0,0,0,0,0,0,0,0,0,0,0,0,0,0,0,0,0,0,0,0,0,0,0,0,0,0,0,0,0,0,0,0,0,0,0,0,0,0,0,0,0,0,0,0,0,0,0,0,0,0,0,0,0,0,0,0,0,0
Sayreville Police,2021-07-01,New Jersey,45821,NJ01219,breakdown offenses,normal return,normal return,normal return,normal return,normal return,breakdown offenses,breakdown offenses,breakdown offenses,0,0,0,0,0,1,1,0,0,0,0,0,0,28,0,0,1,1,26,4,3,1,0,12,6,6,0,0,51,0,2,3,22,25,0,0,1,1,0,0,0,0,0,0,11,0,0,1,1,9,0,0,0,0,1,0,0,0,0,13,0,2,3,1,4,0,0,1,1,0,0,0,0,0,0,0,0,0,0,0,0,0,0,0,0,0,0,0,0,0,1,0,0,1,0,1,0,0,0,0,0,0,0,0,0,0,0,0,0,0,0,0,0,0,0,0,0,0,0,0,0,0,0,0,0,0,0
Sayreville Police,2021-08-01,New Jersey,45821,NJ01219,breakdown offenses,normal return,normal return,normal return,normal return,normal return,breakdown offenses,breakdown offenses,breakdown offenses,0,0,0,0,0,0,0,0,0,0,0,0,0,22,0,0,1,1,20,7,3,4,0,25,5,5,0,0,59,0,2,2,37,39,1,0,0,0,0,0,0,0,0,0,8,0,0,1,1,6,0,0,0,0,2,0,0,0,0,11,0,2,3,2,5,0,0,0,0,0,0,0,0,0,0,0,0,0,0,0,0,0,0,0,0,0,0,0,0,0,0,0,0,0,0,0,0,0,0,0,0,0,0,0,0,0,0,0,0,0,0,0,0,0,0,0,0,0,0,0,0,0,0,0,0,0,0
Sayreville Police,2021-09-01,New Jersey,45821,NJ01219,breakdown offenses,normal return,normal return,normal return,normal return,normal return,breakdown offenses,breakdown offenses,breakdown offenses,0,0,0,0,0,0,0,0,2,0,0,0,2,22,0,0,0,2,20,4,2,0,2,23,2,2,0,0,53,0,2,4,29,33,0,0,0,0,0,0,0,0,0,0,8,0,0,0,2,6,0,0,0,0,0,0,0,0,0,8,0,2,2,0,2,0,0,0,0,0,0,0,0,0,0,0,0,0,0,0,0,0,0,0,0,0,0,0,0,0,0,0,0,0,0,0,0,0,0,0,0,0,0,0,0,0,0,0,0,0,0,0,0,0,0,0,0,0,0,0,0,0,0,0,0,0,0
Sayreville Police,2021-10-01,New Jersey,45821,NJ01219,breakdown offenses,normal return,normal return,normal return,normal return,normal return,breakdown offenses,breakdown offenses,breakdown offenses,0,0,0,0,0,0,0,0,0,0,0,0,0,18,1,1,0,0,16,5,4,1,0,25,8,7,0,1,56,0,2,2,38,40,0,0,0,0,0,0,0,0,0,0,1,0,0,0,0,1,0,0,0,0,0,0,0,0,0,1,0,0,0,0,0,0,0,0,0,0,0,0,0,0,0,0,0,0,0,0,0,0,0,0,0,0,0,0,0,0,0,0,0,0,0,0,0,0,0,0,0,0,0,0,0,0,0,0,0,0,0,0,0,0,0,0,0,0,0,0,0,0,0,0,0,0,0
Sayreville Police,2021-11-01,New Jersey,45821,NJ01219,breakdown offenses,normal return,normal return,normal return,normal return,normal return,breakdown offenses,breakdown offenses,breakdown offenses,0,0,0,0,0,0,0,0,1,1,0,0,0,17,0,0,0,0,17,6,3,1,2,14,4,4,0,0,42,0,0,1,24,25,0,0,0,0,0,0,0,0,0,0,3,0,0,0,0,3,0,0,0,0,1,0,0,0,0,4,0,0,0,1,1,0,0,0,0,0,0,0,0,0,0,0,0,0,0,0,0,0,0,0,0,0,0,0,0,0,0,0,0,0,0,0,0,0,0,0,0,0,0,0,0,0,0,0,0,0,0,0,0,0,0,0,0,0,0,0,0,0,0,0,0,0,0
Sayreville Police,2021-12-01,New Jersey,45821,NJ01219,breakdown offenses,normal return,normal return,normal return,normal return,normal return,breakdown offenses,breakdown offenses,breakdown offenses,0,0,0,0,0,1,1,0,1,0,1,0,0,26,0,1,1,1,23,4,3,0,1,19,4,3,0,1,55,0,3,5,27,32,0,0,1,1,0,1,0,1,0,0,9,0,0,0,1,8,0,0,0,0,2,0,0,0,0,13,0,1,3,2,5,0,0,0,0,0,1,0,1,0,0,0,0,0,0,0,0,0,0,0,0,2,0,0,0,0,3,0,0,1,2,3,0,0,0,0,0,0,0,0,0,0,0,0,0,0,0,0,0,0,0,0,0,0,0,0,0,0,0,0,0,0,0
Sayreville Police,2022-01-01,New Jersey,44981,NJ01219,breakdown offenses,normal return,normal return,normal return,normal return,normal return,breakdown offenses,breakdown offenses,breakdown offenses,0,0,0,0,0,0,0,0,0,0,0,0,0,21,0,0,0,3,18,1,1,0,0,14,3,3,0,0,39,0,3,3,18,21,0,0,0,0,0,0,0,0,0,0,9,0,0,0,2,7,0,0,0,0,2,0,0,0,0,11,0,2,2,2,4,0,0,0,0,0,0,0,0,0,0,0,0,0,0,0,0,0,0,0,0,0,0,0,0,0,0,0,0,0,0,0,0,0,0,0,0,0,0,0,0,0,0,0,0,0,0,0,0,0,0,0,0,0,0,0,0,0,0,0,0,0,0
Sayreville Police,2022-02-01,New Jersey,44981,NJ01219,breakdown offenses,normal return,normal return,normal return,normal return,normal return,breakdown offenses,breakdown offenses,breakdown offenses,0,0,0,0,0,0,0,0,0,0,0,0,0,13,0,0,0,3,10,3,2,1,0,11,3,3,0,0,30,0,3,3,17,20,0,0,0,0,0,0,0,0,0,0,4,0,0,0,3,1,2,2,0,0,2,0,0,0,0,8,0,3,3,4,7,0,0,0,0,0,0,0,0,0,0,0,0,0,0,0,0,0,0,0,0,0,0,0,0,0,0,0,0,0,0,0,0,0,0,0,0,0,0,0,0,0,0,0,0,0,0,0,0,0,0,0,0,0,0,0,0,0,0,0,0,0,0
Sayreville Police,2022-03-01,New Jersey,44981,NJ01219,breakdown offenses,normal return,normal return,normal return,normal return,normal return,breakdown offenses,breakdown offenses,breakdown offenses,0,0,0,0,0,0,0,0,0,0,0,0,0,27,1,0,1,3,22,2,0,1,1,20,8,6,2,0,57,0,5,5,30,35,0,0,0,0,0,0,0,0,0,0,8,0,0,1,3,4,0,0,0,0,0,0,0,0,0,8,0,4,4,0,4,0,0,0,0,0,0,0,0,0,0,0,0,0,0,0,0,0,0,0,0,0,0,0,0,0,0,0,0,0,0,0,0,0,0,0,0,0,0,0,0,0,0,0,0,0,0,0,0,0,0,0,0,0,0,0,0,0,0,0,0,0,0
Sayreville Police,2022-04-01,New Jersey,44981,NJ01219,breakdown offenses,normal return,normal return,normal return,normal return,normal return,breakdown offenses,breakdown offenses,breakdown offenses,0,0,0,0,0,0,0,0,2,1,0,0,1,18,0,0,0,1,17,4,3,0,1,18,2,1,0,1,44,0,1,3,24,27,0,0,0,0,0,1,0,0,0,1,3,0,0,0,1,2,0,0,0,0,1,0,0,0,0,5,0,1,2,1,3,0,0,0,0,0,0,0,0,0,0,0,0,0,0,0,0,0,0,0,0,0,0,0,0,0,0,0,0,0,0,0,0,0,0,0,0,0,0,0,0,0,0,0,0,0,0,0,0,0,0,0,0,0,0,0,0,0,0,0,0,0,0
Sayreville Police,2022-05-01,New Jersey,44981,NJ01219,breakdown offenses,normal return,normal return,normal return,normal return,normal return,breakdown offenses,breakdown offenses,breakdown offenses,0,0,0,1,0,0,0,0,1,0,0,0,1,27,0,0,2,1,24,3,1,1,1,31,1,0,0,1,64,0,3,5,35,40,1,0,0,0,0,1,0,0,0,1,11,0,0,2,1,8,0,0,0,0,1,0,0,0,0,14,0,3,5,1,6,0,0,0,0,0,0,0,0,0,0,0,0,0,0,0,0,0,0,0,0,0,0,0,0,0,0,0,0,0,0,0,0,0,0,0,0,0,0,0,0,0,0,0,0,0,0,0,0,0,0,0,0,0,0,0,0,0,0,0,0,0,0
Sayreville Police,2022-06-01,New Jersey,44981,NJ01219,breakdown offenses,normal return,normal return,normal return,normal return,normal return,breakdown offenses,breakdown offenses,breakdown offenses,0,0,0,0,0,0,0,0,0,0,0,0,0,19,0,0,2,0,17,7,5,1,1,24,5,3,1,1,55,0,2,2,36,38,0,0,0,0,0,0,0,0,0,0,7,0,0,0,0,7,0,0,0,0,0,0,0,0,0,7,0,0,0,0,0,0,0,0,0,0,0,0,0,0,0,0,0,0,0,0,0,0,0,0,0,0,0,0,0,0,0,0,0,0,0,0,0,0,0,0,0,0,0,0,0,0,0,0,0,0,0,0,0,0,0,0,0,0,0,0,0,0,0,0,0,0,0
Sayreville Police,2022-07-01,New Jersey,44981,NJ01219,breakdown offenses,normal return,normal return,normal return,normal return,normal return,breakdown offenses,breakdown offenses,breakdown offenses,0,0,0,0,0,0,0,0,1,1,0,0,0,30,0,0,0,3,27,2,1,0,1,39,10,6,1,3,82,0,3,4,51,55,0,0,0,0,0,0,0,0,0,0,5,0,0,0,1,4,0,0,0,0,7,0,0,0,0,12,0,1,1,7,8,0,0,0,0,0,0,0,0,0,0,0,0,0,0,0,0,0,0,0,0,0,0,0,0,0,0,0,0,0,0,0,0,0,0,0,0,0,0,0,0,0,0,0,0,0,0,0,0,0,0,0,0,0,0,0,0,0,0,0,0,0,0
Sayreville Police,2022-08-01,New Jersey,44981,NJ01219,breakdown offenses,normal return,normal return,normal return,normal return,normal return,breakdown offenses,breakdown offenses,breakdown offenses,0,0,0,0,0,0,0,0,0,0,0,0,0,30,0,1,1,3,25,2,1,1,0,38,1,1,0,0,71,0,5,5,41,46,0,0,0,0,0,1,0,0,0,1,12,0,1,0,3,8,0,0,0,0,1,0,0,0,0,14,0,4,5,1,6,0,0,0,0,0,0,0,0,0,0,0,0,0,0,0,0,0,0,0,0,0,0,0,0,0,0,0,0,0,0,0,0,0,0,0,0,0,0,0,0,0,0,0,0,0,0,0,0,0,0,0,0,0,0,0,0,0,0,0,0,0,0
Sayreville Police,2022-09-01,New Jersey,44981,NJ01219,breakdown offenses,normal return,normal return,normal return,normal return,normal return,breakdown offenses,breakdown offenses,breakdown offenses,0,0,0,0,0,0,0,0,1,0,0,0,1,16,0,0,1,1,14,3,1,1,1,35,8,7,0,1,63,0,2,3,46,49,0,0,0,0,0,0,0,0,0,0,5,0,0,1,0,4,2,1,0,1,1,0,0,0,0,8,0,1,1,3,4,0,0,0,0,0,0,0,0,0,0,0,0,0,0,0,0,0,0,0,0,0,0,0,0,0,0,0,0,0,0,0,0,0,0,0,0,0,0,0,0,0,0,0,0,0,0,0,0,0,0,0,0,0,0,0,0,0,0,0,0,0,0
Sayreville Police,2022-10-01,New Jersey,44981,NJ01219,breakdown offenses,normal return,normal return,normal return,normal return,normal return,breakdown offenses,breakdown offenses,breakdown offenses,0,0,0,0,0,1,1,0,1,0,0,0,1,17,0,0,0,0,17,7,2,4,1,28,7,4,1,2,61,0,0,2,42,44,0,0,1,1,0,1,0,0,0,1,5,0,0,0,1,4,0,0,0,0,1,0,0,0,0,8,0,1,3,1,4,0,0,1,1,0,0,0,0,0,0,0,0,0,0,0,0,0,0,0,0,0,0,0,0,0,1,0,0,1,0,1,0,0,0,0,0,0,0,0,0,0,0,0,0,0,0,0,0,0,0,0,0,0,0,0,0,0,0,0,0,0,0
Sayreville Police,2022-11-01,New Jersey,44981,NJ01219,breakdown offenses,normal return,normal return,normal return,normal return,normal return,breakdown offenses,breakdown offenses,breakdown offenses,0,0,0,0,0,0,0,0,0,0,0,0,0,18,0,0,2,0,16,8,2,3,3,29,5,3,1,1,60,0,2,2,42,44,0,0,0,0,0,0,0,0,0,0,9,0,0,1,0,8,2,2,0,0,0,0,0,0,0,11,0,1,1,2,3,0,0,0,0,0,0,0,0,0,0,0,0,0,0,0,0,0,0,0,0,0,0,0,0,0,0,0,0,0,0,0,0,0,0,0,0,0,0,0,0,0,0,0,0,0,0,0,0,0,0,0,0,0,0,0,0,0,0,0,0,0,0
Sayreville Police,2022-12-01,New Jersey,44981,NJ01219,breakdown offenses,normal return,normal return,normal return,normal return,normal return,breakdown offenses,breakdown offenses,breakdown offenses,0,0,0,0,0,0,0,0,0,0,0,0,0,19,0,0,1,1,17,4,3,1,0,41,3,3,0,0,67,0,2,2,48,50,0,0,0,0,0,0,0,0,0,0,9,0,0,2,1,6,0,0,0,0,0,0,0,0,0,9,0,3,3,0,3,0,0,0,0,0,0,0,0,0,0,1,0,0,1,0,0,0,0,0,0,0,0,0,0,0,1,0,1,1,0,1,0,0,0,0,0,0,0,0,0,0,0,0,0,0,0,0,0,0,0,0,0,0,0,0,0,0,0,0,0,0,0
Sayreville Police,2023-01-01,New Jersey,45233,NJ01219,breakdown offenses,normal return,normal return,normal return,normal return,normal return,breakdown offenses,breakdown offenses,breakdown offenses,0,0,0,0,0,0,0,0,0,0,0,0,0,21,0,2,1,0,18,6,5,1,0,35,7,6,1,0,69,0,3,3,48,51,0,0,0,0,0,0,0,0,0,0,8,0,5,1,0,2,2,2,0,0,4,0,0,0,0,14,0,6,6,6,12,0,0,0,0,0,0,0,0,0,0,0,0,0,0,0,0,0,0,0,0,0,0,0,0,0,0,0,0,0,0,0,0,0,0,0,0,0,0,0,0,0,0,0,0,0,0,0,0,0,0,0,0,0,0,0,0,0,0,0,0,0,0
Sayreville Police,2023-02-01,New Jersey,45233,NJ01219,breakdown offenses,normal return,normal return,normal return,normal return,normal return,breakdown offenses,breakdown offenses,breakdown offenses,0,0,0,1,0,0,0,0,0,0,0,0,0,15,0,0,1,0,14,7,5,2,0,26,3,2,1,0,52,0,1,2,36,38,0,0,0,0,0,0,0,0,0,0,7,0,0,3,1,3,3,0,3,0,1,0,0,0,0,11,0,4,4,4,8,0,0,0,0,0,0,0,0,0,0,0,0,0,0,0,0,1,0,1,0,0,0,0,0,0,1,0,0,0,1,1,0,0,0,0,0,0,0,0,0,0,0,0,0,0,0,0,0,0,0,0,0,0,0,0,0,0,0,0,0,0,0
Sayreville Police,2023-03-01,New Jersey,45233,NJ01219,breakdown offenses,normal return,normal return,normal return,normal return,normal return,breakdown offenses,breakdown offenses,breakdown offenses,0,0,0,0,0,0,0,0,1,1,0,0,0,26,0,0,2,0,24,6,4,2,0,35,1,1,0,0,69,0,2,3,42,45,0,0,0,0,0,0,0,0,0,0,11,0,0,1,0,10,2,2,0,0,0,0,0,0,0,13,0,1,1,2,3,0,0,0,0,0,0,0,0,0,0,0,0,0,0,0,0,0,0,0,0,0,0,0,0,0,0,0,0,0,0,0,0,0,0,0,0,0,0,0,0,0,0,0,0,0,0,0,0,0,0,0,0,0,0,0,0,0,0,0,0,0,0
Sayreville Police,2023-04-01,New Jersey,45233,NJ01219,breakdown offenses,normal return,normal return,normal return,normal return,normal return,breakdown offenses,breakdown offenses,breakdown offenses,0,0,0,0,0,0,0,0,0,0,0,0,0,18,0,0,1,3,14,1,1,0,0,46,0,0,0,0,65,0,4,4,47,51,0,0,0,0,0,0,0,0,0,0,9,0,0,0,1,8,1,1,0,0,3,0,0,0,0,13,0,1,1,4,5,0,0,0,0,0,0,0,0,0,0,0,0,0,0,0,0,0,0,0,0,0,0,0,0,0,0,0,0,0,0,0,0,0,0,0,0,0,0,0,0,0,0,0,0,0,0,0,0,0,0,0,0,0,0,0,0,0,0,0,0,0,0
Sayreville Police,2023-05-01,New Jersey,45233,NJ01219,breakdown offenses,normal return,normal return,normal return,normal return,normal return,breakdown offenses,breakdown offenses,breakdown offenses,0,0,0,0,0,0,0,0,0,0,0,0,0,15,0,0,1,1,13,4,1,1,2,38,4,3,0,1,61,0,2,2,46,48,0,0,0,0,0,0,0,0,0,0,5,0,0,1,1,3,0,0,0,0,3,0,0,0,0,8,0,2,2,3,5,0,0,0,0,0,0,0,0,0,0,0,0,0,0,0,0,0,0,0,0,0,0,0,0,0,0,0,0,0,0,0,0,0,0,0,0,0,0,0,0,0,0,0,0,0,0,0,0,0,0,0,0,0,0,0,0,0,0,0,0,0,0
Sayreville Police,2023-06-01,New Jersey,45233,NJ01219,breakdown offenses,normal return,normal return,normal return,normal return,normal return,breakdown offenses,breakdown offenses,breakdown offenses,0,0,0,0,0,0,0,0,0,0,0,0,0,17,1,0,0,1,15,2,2,0,0,37,9,7,1,1,65,0,2,2,48,50,0,0,0,0,0,0,0,0,0,0,6,1,0,0,1,4,0,0,0,0,0,0,0,0,0,6,0,2,2,0,2,0,0,0,0,0,0,0,0,0,0,0,0,0,0,0,0,0,0,0,0,0,0,0,0,0,0,0,0,0,0,0,0,0,0,0,0,0,0,0,0,0,0,0,0,0,0,0,0,0,0,0,0,0,0,0,0,0,0,0,0,0,0
Sayreville Police,2023-07-01,New Jersey,45233,NJ01219,breakdown offenses,normal return,normal return,normal return,normal return,normal return,breakdown offenses,breakdown offenses,breakdown offenses,0,0,0,0,0,0,0,0,0,0,0,0,0,21,1,1,0,3,16,4,2,2,0,39,3,3,0,0,67,0,5,5,46,51,0,0,0,0,0,0,0,0,0,0,10,1,1,0,3,5,3,2,1,0,3,0,0,0,0,16,0,5,5,6,11,0,0,0,0,0,0,0,0,0,0,2,0,1,0,1,0,0,0,0,0,1,0,0,0,0,3,0,2,2,1,3,0,0,0,0,0,0,0,0,0,0,0,0,0,0,0,0,0,0,0,0,0,0,0,0,0,0,0,0,0,0,0
Sayreville Police,2023-08-01,New Jersey,45233,NJ01219,breakdown offenses,normal return,normal return,normal return,normal return,normal return,breakdown offenses,breakdown offenses,breakdown offenses,0,0,0,0,0,0,0,0,1,0,1,0,0,14,0,0,1,0,13,0,0,0,0,38,5,3,1,1,58,0,1,2,43,45,0,0,0,0,0,0,0,0,0,0,8,0,0,2,0,6,0,0,0,0,1,0,0,0,0,9,0,2,2,1,3,0,0,0,0,0,0,0,0,0,0,2,0,0,1,0,1,0,0,0,0,1,0,0,0,0,3,0,1,1,1,2,0,0,0,0,0,0,0,0,0,0,0,0,0,0,0,0,0,0,0,0,0,0,0,0,0,0,0,0,0,0,0
Sayreville Police,2023-09-01,New Jersey,45233,NJ01219,breakdown offenses,normal return,normal return,normal return,normal return,normal return,breakdown offenses,breakdown offenses,breakdown offenses,0,0,0,0,0,0,0,0,1,1,0,0,0,21,0,1,0,1,19,8,4,1,3,43,1,1,0,0,74,0,2,3,52,55,0,0,0,0,0,0,0,0,0,0,8,0,1,0,0,7,0,0,0,0,3,0,0,0,0,11,0,1,1,3,4,0,0,0,0,0,0,0,0,0,0,0,0,0,0,0,0,0,0,0,0,0,0,0,0,0,0,0,0,0,0,0,0,0,0,0,0,0,0,0,0,0,0,0,0,0,0,0,0,0,0,0,0,0,0,0,0,0,0,0,0,0,0
Sayreville Police,2023-10-01,New Jersey,45233,NJ01219,breakdown offenses,normal return,normal return,normal return,normal return,normal return,breakdown offenses,breakdown offenses,breakdown offenses,0,0,0,0,0,0,0,0,2,0,0,0,2,15,0,0,0,0,15,9,4,2,3,40,3,3,0,0,69,0,0,2,52,54,0,0,0,0,0,0,0,0,0,0,6,0,0,0,0,6,0,0,0,0,2,0,0,0,0,8,0,0,0,2,2,0,0,0,0,0,0,0,0,0,0,0,0,0,0,0,0,0,0,0,0,0,0,0,0,0,0,0,0,0,0,0,0,0,0,0,0,0,0,0,0,0,0,0,0,0,0,0,0,0,0,0,0,0,0,0,0,0,0,0,0,0,0
Sayreville Police,2023-11-01,New Jersey,45233,NJ01219,breakdown offenses,normal return,normal return,normal return,normal return,normal return,breakdown offenses,breakdown offenses,breakdown offenses,0,0,0,0,0,1,1,0,0,0,0,0,0,23,0,0,0,3,20,9,6,3,0,40,5,3,1,1,78,0,3,4,54,58,0,0,0,0,0,0,0,0,0,0,7,0,0,0,2,5,2,2,0,0,2,0,0,0,0,11,0,2,2,4,6,0,0,0,0,0,0,0,0,0,0,0,0,0,0,0,0,0,0,0,0,0,0,0,0,0,0,0,0,0,0,0,0,0,0,0,0,0,0,0,0,0,0,0,0,0,0,0,0,0,0,0,0,0,0,0,0,0,0,0,0,0,0
Sayreville Police,2023-12-01,New Jersey,45233,NJ01219,breakdown offenses,normal return,normal return,normal return,normal return,normal return,breakdown offenses,breakdown offenses,breakdown offenses,0,0,0,0,0,1,0,1,1,1,0,0,0,22,1,0,1,1,19,3,2,1,0,43,5,3,2,0,75,0,3,5,51,56,0,0,0,0,0,0,0,0,0,0,8,1,0,1,1,5,2,0,2,0,1,0,0,0,0,11,0,3,3,3,6,0,0,0,0,0,0,0,0,0,0,0,0,0,0,0,0,1,0,1,0,0,0,0,0,0,1,0,0,0,1,1,0,0,0,0,0,0,0,0,0,0,0,0,0,0,0,0,0,0,0,0,0,0,0,0,0,0,0,0,0,0,0
Sayreville Police,2000-01-01,New Jersey,40377,NJ01219,breakdown offenses,normal return,normal return,normal return,normal return,normal return,breakdown offenses,breakdown offenses,breakdown offenses,0,0,2,0,0,1,1,0,3,1,0,0,2,42,2,4,1,3,32,9,5,2,2,43,13,10,1,2,111,0,10,14,65,79,0,0,0,0,0,0,0,0,0,0,11,1,2,1,2,5,2,2,0,0,3,4,4,0,0,20,0,6,6,9,15,0,0,0,0,0,0,0,0,0,0,2,0,0,0,1,1,0,0,0,0,0,1,1,0,0,3,0,1,1,1,2,0,0,0,0,0,0,0,0,0,0,0,0,0,0,0,0,0,0,0,0,0,0,0,0,0,0,0,0,0,0,0
Sayreville Police,2000-02-01,New Jersey,40377,NJ01219,breakdown offenses,adjustment,adjustment,adjustment,adjustment,adjustment,breakdown offenses,breakdown offenses,breakdown offenses,0,0,0,0,0,1,1,0,1,1,0,0,0,34,1,1,3,0,29,14,7,5,2,34,2,1,0,1,86,0,5,7,50,57,0,0,1,1,0,1,1,0,0,0,8,0,1,1,0,6,3,1,2,0,4,0,0,0,0,17,0,2,4,7,11,0,0,0,0,0,0,0,0,0,0,0,0,0,0,0,0,0,0,0,0,1,0,0,0,0,1,0,0,0,1,1,0,0,1,1,0,0,0,0,0,0,0,0,0,0,0,0,1,0,1,0,0,1,1,0,0,3,0,0,1,2,3
Sayreville Police,2000-03-01,New Jersey,40377,NJ01219,breakdown offenses,normal return,normal return,normal return,normal return,normal return,breakdown offenses,breakdown offenses,breakdown offenses,0,0,1,0,0,0,0,0,1,0,0,1,0,35,0,0,5,4,26,9,4,4,1,39,7,7,0,0,91,0,9,10,55,65,0,0,1,1,0,0,0,0,0,0,8,0,0,1,1,6,0,0,0,0,2,0,0,0,0,11,0,2,3,2,5,0,0,0,0,0,0,0,0,0,0,2,0,0,1,0,1,0,0,0,0,0,0,0,0,0,2,0,1,1,0,1,0,0,0,0,0,0,0,0,0,0,0,0,0,0,0,0,0,0,0,0,0,0,0,0,0,0,0,0,0,0,0
Sayreville Police,2000-04-01,New Jersey,40377,NJ01219,breakdown offenses,adjustment,adjustment,adjustment,adjustment,adjustment,breakdown offenses,breakdown offenses,breakdown offenses,0,0,0,0,0,0,0,0,0,0,0,0,0,31,0,0,2,3,26,8,4,3,1,44,5,4,1,0,88,0,5,5,57,62,0,0,0,0,0,0,0,0,0,0,11,0,0,0,2,9,2,1,1,0,6,0,0,0,0,19,0,2,2,8,10,0,0,0,0,0,0,0,0,0,0,0,0,0,0,0,0,0,0,0,0,0,0,0,0,0,0,0,0,0,0,0,0,0,1,1,0,0,0,0,0,0,0,0,0,0,0,0,0,0,0,0,0,1,1,0,0,2,0,0,1,1,2
Sayreville Police,2000-05-01,New Jersey,40377,NJ01219,breakdown offenses,normal return,normal return,normal return,normal return,normal return,breakdown offenses,breakdown offenses,breakdown offenses,0,0,1,0,0,2,2,0,0,0,0,0,0,44,0,2,1,4,37,12,3,5,4,55,6,5,1,0,119,0,7,9,73,82,0,0,0,0,0,0,0,0,0,0,10,0,0,2,2,6,2,1,1,0,1,0,0,0,0,13,0,4,4,3,7,0,0,0,0,0,0,0,0,0,0,0,0,0,0,0,0,0,0,0,0,0,0,0,0,0,0,0,0,0,0,0,0,0,0,0,0,0,0,0,0,0,0,0,0,0,0,0,0,0,0,0,0,0,0,0,0,0,0,0,0,0,0
Sayreville Police,2000-06-01,New Jersey,40377,NJ01219,breakdown offenses,normal return,normal return,normal return,normal return,normal return,breakdown offenses,breakdown offenses,breakdown offenses,0,0,0,0,0,0,0,0,3,1,0,0,2,34,0,1,1,2,30,12,4,3,5,50,7,6,1,0,106,0,4,7,69,76,0,0,0,0,0,0,0,0,0,0,7,0,1,0,1,5,1,1,0,0,8,0,0,0,0,16,0,2,2,9,11,0,0,0,0,0,0,0,0,0,0,0,0,0,0,0,0,1,1,0,0,0,0,0,0,0,1,0,0,0,1,1,0,0,0,0,0,0,0,0,0,0,1,0,0,0,0,1,1,1,0,0,0,0,0,0,0,2,0,0,0,1,1
Sayreville Police,2000-07-01,New Jersey,40377,NJ01219,breakdown offenses,normal return,normal return,normal return,normal return,normal return,breakdown offenses,breakdown offenses,breakdown offenses,0,0,0,0,0,1,1,0,0,0,0,0,0,29,0,2,3,2,22,16,12,1,3,49,5,3,2,0,100,0,7,8,70,78,0,0,1,1,0,1,0,0,0,1,14,0,0,0,3,11,0,0,0,0,5,0,0,0,0,21,0,3,5,5,10,0,0,0,0,0,0,0,0,0,0,1,0,0,0,0,1,0,0,0,0,2,0,0,0,0,3,0,0,0,2,2,0,0,0,0,0,0,0,0,0,0,0,0,0,0,0,0,0,0,0,0,0,2,2,0,0,2,0,0,0,2,2
Sayreville Police,2000-08-01,New Jersey,40377,NJ01219,breakdown offenses,normal return,normal return,normal return,normal return,normal return,breakdown offenses,breakdown offenses,breakdown offenses,0,0,1,0,0,2,2,0,2,1,0,0,1,26,0,1,2,2,21,21,16,5,0,48,6,1,2,3,105,0,5,9,75,84,0,0,1,1,0,0,0,0,0,0,7,0,1,1,1,4,2,2,0,0,5,0,0,0,0,15,0,3,4,7,11,0,0,0,0,0,0,0,0,0,0,0,0,0,0,0,0,0,0,0,0,1,0,0,0,0,1,0,0,0,1,1,0,0,0,0,0,0,0,0,0,0,0,0,0,0,0,0,2,0,1,1,1,0,0,0,0,3,0,0,0,3,3
Sayreville Police,2000-09-01,New Jersey,40377,NJ01219,breakdown offenses,adjustment,adjustment,adjustment,adjustment,adjustment,breakdown offenses,breakdown offenses,breakdown offenses,0,0,1,0,0,0,0,0,0,0,0,0,0,37,0,0,0,1,36,16,7,5,4,59,10,7,3,0,122,0,1,1,85,86,0,0,0,0,0,0,0,0,0,0,13,0,0,0,2,11,3,3,0,0,1,0,0,0,0,17,0,2,2,4,6,0,0,0,0,0,0,0,0,0,0,1,0,0,0,0,1,0,0,0,0,0,0,0,0,0,1,0,0,0,0,0,0,0,1,1,0,0,0,0,0,0,0,0,0,0,0,0,0,0,0,0,1,1,1,0,0,3,0,0,1,2,3
Sayreville Police,2000-10-01,New Jersey,40377,NJ01219,breakdown offenses,normal return,normal return,normal return,normal return,normal return,breakdown offenses,breakdown offenses,breakdown offenses,0,0,2,0,0,0,0,0,4,0,0,1,3,49,2,1,1,3,42,20,8,7,5,49,7,7,0,0,129,0,7,11,76,87,0,0,0,0,0,0,0,0,0,0,14,2,0,0,2,10,4,1,2,1,1,0,0,0,0,19,0,4,4,5,9,0,0,0,0,0,0,0,0,0,0,0,0,0,0,0,0,2,0,2,0,0,0,0,0,0,2,0,0,0,2,2,0,0,0,0,0,0,0,0,0,0,1,0,0,1,0,0,2,0,0,2,0,1,0,1,0,4,0,1,1,3,4
Sayreville Police,2000-11-01,New Jersey,40377,NJ01219,breakdown offenses,normal return,normal return,normal return,normal return,normal return,breakdown offenses,breakdown offenses,breakdown offenses,0,0,1,0,0,1,1,0,4,1,0,0,3,25,0,0,0,1,24,23,10,9,4,42,13,10,2,1,108,0,1,6,78,84,0,0,0,0,0,1,0,0,0,1,8,0,0,0,0,8,4,2,2,0,2,0,0,0,0,15,0,0,1,6,7,0,0,0,0,0,0,0,0,0,0,0,0,0,0,0,0,2,0,2,0,0,0,0,0,0,2,0,0,0,2,2,0,0,0,0,0,0,0,0,0,0,0,0,0,0,0,0,0,0,0,0,1,0,0,0,0,1,0,0,0,1,1
Sayreville Police,2000-12-01,New Jersey,40377,NJ01219,breakdown offenses,normal return,normal return,normal return,normal return,normal return,breakdown offenses,breakdown offenses,breakdown offenses,0,0,1,0,0,0,0,0,4,1,0,1,2,25,0,0,1,2,22,16,9,5,2,29,5,3,1,1,79,0,3,7,50,57,0,0,1,1,0,0,0,0,0,0,6,0,0,0,1,5,2,2,0,0,4,1,1,0,0,14,0,1,2,7,9,0,0,0,0,0,0,0,0,0,0,0,0,0,0,0,0,0,0,0,0,0,0,0,0,0,0,0,0,0,0,0,0,0,0,0,0,0,0,0,0,0,0,0,0,0,0,0,0,0,0,0,0,0,0,0,0,0,0,0,0,0,0
Sayreville Police,1960-01-01,New Jersey,22553,NJ01219,,not updated,normal return,not updated,not updated,not updated,breakdown offenses,breakdown offenses,breakdown offenses,0,0,0,0,1,0,0,0,0,0,0,0,0,0,0,0,0,0,0,7,0,0,0,10,4,4,0,0,22,7,0,0,21,21,0,0,0,0,0,0,0,0,0,0,0,0,0,0,0,0,0,0,0,0,0,0,0,0,0,0,0,0,0,0,0,0,0,0,0,0,0,0,0,0,0,0,0,0,0,0,0,0,0,0,0,0,0,0,0,0,0,0,0,0,0,0,0,0,0,0,0,0,0,0,0,0,0,0,0,0,0,0,0,0,0,0,0,0,0,0,0,0,0,0,0,0,0
Sayreville Police,1960-02-01,New Jersey,22553,NJ01219,,not updated,normal return,not updated,not updated,not updated,breakdown offenses,breakdown offenses,breakdown offenses,0,0,0,0,0,0,0,0,0,0,0,0,0,0,0,0,0,0,0,3,0,0,0,8,1,1,0,0,12,3,0,0,12,12,0,0,0,0,0,0,0,0,0,0,0,0,0,0,0,0,0,0,0,0,0,0,0,0,0,0,0,0,0,0,0,0,0,0,0,0,0,0,0,0,0,0,0,0,0,0,0,0,0,0,0,0,0,0,0,0,0,0,0,0,0,0,0,0,0,0,0,0,0,0,0,0,0,0,0,0,0,0,0,0,0,0,0,0,0,0,0,0,0,0,0,0,0
Sayreville Police,1960-03-01,New Jersey,22553,NJ01219,,not updated,normal return,not updated,not updated,not updated,breakdown offenses,breakdown offenses,breakdown offenses,0,0,0,0,0,0,0,0,0,0,0,0,0,0,0,0,0,0,0,4,0,0,0,7,1,1,0,0,12,4,0,0,12,12,0,0,0,0,0,0,0,0,0,0,0,0,0,0,0,0,0,0,0,0,0,0,0,0,0,0,0,0,0,0,0,0,0,0,0,0,0,0,0,0,0,0,0,0,0,0,0,0,0,0,0,0,0,0,0,0,0,0,0,0,0,0,0,0,0,0,0,0,0,0,0,0,0,0,0,0,0,0,0,0,0,0,0,0,0,0,0,0,0,0,0,0,0
Sayreville Police,1960-04-01,New Jersey,22553,NJ01219,,not updated,normal return,not updated,not updated,not updated,breakdown offenses,breakdown offenses,breakdown offenses,0,0,0,0,0,0,0,0,0,0,0,0,0,1,0,0,0,0,0,3,0,0,0,9,1,1,0,0,14,6,1,1,13,14,0,0,0,0,0,0,0,0,0,0,0,0,0,0,0,0,0,0,0,0,0,0,0,0,0,0,0,0,0,0,0,0,0,0,0,0,0,0,0,0,0,0,0,0,0,0,0,0,0,0,0,0,0,0,0,0,0,0,0,0,0,0,0,0,0,0,0,0,0,0,0,0,0,0,0,0,0,0,0,0,0,0,0,0,0,0,0,0,0,0,0,0,0
Sayreville Police,1960-05-01,New Jersey,22553,NJ01219,,not updated,normal return,not updated,not updated,not updated,breakdown offenses,breakdown offenses,breakdown offenses,0,0,0,1,1,0,0,0,0,0,0,0,0,0,0,0,0,0,0,3,0,0,0,7,1,1,0,0,13,5,0,1,11,12,0,0,0,0,0,0,0,0,0,0,0,0,0,0,0,0,0,0,0,0,0,0,0,0,0,0,0,0,0,0,0,0,0,0,0,0,0,0,0,0,0,0,0,0,0,0,0,0,0,0,0,0,0,0,0,0,0,0,0,0,0,0,0,0,0,0,0,0,0,0,0,0,0,0,0,0,0,0,0,0,0,0,0,0,0,0,0,0,0,0,0,0,0
Sayreville Police,1960-06-01,New Jersey,22553,NJ01219,,not updated,normal return,not updated,not updated,not updated,breakdown offenses,breakdown offenses,breakdown offenses,0,0,0,0,0,0,0,0,0,0,0,0,0,0,0,0,0,0,0,2,0,0,0,8,2,2,0,0,12,5,0,0,12,12,0,0,0,0,0,0,0,0,0,0,0,0,0,0,0,0,0,0,0,0,0,0,0,0,0,0,0,0,0,0,0,0,0,0,0,0,0,0,0,0,0,0,0,0,0,0,0,0,0,0,0,0,0,0,0,0,0,0,0,0,0,0,0,0,0,0,0,0,0,0,0,0,0,0,0,0,0,0,0,0,0,0,0,0,0,0,0,0,0,0,0,0,0
Sayreville Police,1960-07-01,New Jersey,22553,NJ01219,,not updated,normal return,not updated,not updated,not updated,breakdown offenses,breakdown offenses,breakdown offenses,0,0,0,0,0,1,0,0,0,0,0,0,0,1,0,0,0,0,0,4,0,0,0,6,2,2,0,0,14,4,1,2,12,14,0,0,0,0,0,0,0,0,0,0,0,0,0,0,0,0,0,0,0,0,0,0,0,0,0,0,0,0,0,0,0,0,0,0,0,0,0,0,0,0,0,0,0,0,0,0,0,0,0,0,0,0,0,0,0,0,0,0,0,0,0,0,0,0,0,0,0,0,0,0,0,0,0,0,0,0,0,0,0,0,0,0,0,0,0,0,0,0,0,0,0,0,0
Sayreville Police,1960-08-01,New Jersey,22553,NJ01219,,not updated,normal return,not updated,not updated,not updated,breakdown offenses,breakdown offenses,breakdown offenses,0,0,0,0,0,0,0,0,0,0,0,0,0,0,0,0,0,0,0,4,0,0,0,12,1,1,0,0,17,8,0,0,17,17,0,0,0,0,0,0,0,0,0,0,0,0,0,0,0,0,0,0,0,0,0,0,0,0,0,0,0,0,0,0,0,0,0,0,0,0,0,0,0,0,0,0,0,0,0,0,0,0,0,0,0,0,0,0,0,0,0,0,0,0,0,0,0,0,0,0,0,0,0,0,0,0,0,0,0,0,0,0,0,0,0,0,0,0,0,0,0,0,0,0,0,0,0
Sayreville Police,1960-09-01,New Jersey,22553,NJ01219,,not updated,normal return,not updated,not updated,not updated,breakdown offenses,breakdown offenses,breakdown offenses,0,0,0,0,0,0,0,0,0,0,0,0,0,0,0,0,0,0,0,3,0,0,0,6,0,0,0,0,9,4,0,0,9,9,0,0,0,0,0,0,0,0,0,0,0,0,0,0,0,0,0,0,0,0,0,0,0,0,0,0,0,0,0,0,0,0,0,0,0,0,0,0,0,0,0,0,0,0,0,0,0,0,0,0,0,0,0,0,0,0,0,0,0,0,0,0,0,0,0,0,0,0,0,0,0,0,0,0,0,0,0,0,0,0,0,0,0,0,0,0,0,0,0,0,0,0,0
Sayreville Police,1960-10-01,New Jersey,22553,NJ01219,,not updated,normal return,not updated,not updated,not updated,breakdown offenses,breakdown offenses,breakdown offenses,0,0,0,0,2,0,0,0,0,0,0,0,0,0,0,0,0,0,0,7,0,0,0,20,3,3,0,0,32,14,0,0,30,30,0,0,0,0,0,0,0,0,0,0,0,0,0,0,0,0,0,0,0,0,0,0,0,0,0,0,0,0,0,0,0,0,0,0,0,0,0,0,0,0,0,0,0,0,0,0,0,0,0,0,0,0,0,0,0,0,0,0,0,0,0,0,0,0,0,0,0,0,0,0,0,0,0,0,0,0,0,0,0,0,0,0,0,0,0,0,0,0,0,0,0,0,0
Sayreville Police,1960-11-01,New Jersey,22553,NJ01219,,not updated,normal return,not updated,not updated,not updated,breakdown offenses,breakdown offenses,breakdown offenses,0,0,0,0,0,0,0,0,0,0,0,0,0,0,0,0,0,0,0,4,0,0,0,8,1,1,0,0,13,3,0,0,13,13,0,0,0,0,0,0,0,0,0,0,0,0,0,0,0,0,0,0,0,0,0,0,0,0,0,0,0,0,0,0,0,0,0,0,0,0,0,0,0,0,0,0,0,0,0,0,0,0,0,0,0,0,0,0,0,0,0,0,0,0,0,0,0,0,0,0,0,0,0,0,0,0,0,0,0,0,0,0,0,0,0,0,0,0,0,0,0,0,0,0,0,0,0
Sayreville Police,1960-12-01,New Jersey,22553,NJ01219,,not updated,normal return,not updated,not updated,not updated,breakdown offenses,breakdown offenses,breakdown offenses,0,0,0,0,0,0,0,0,0,0,0,0,0,0,0,0,0,0,0,4,0,0,0,4,0,0,0,0,8,2,0,0,8,8,0,0,0,0,0,0,0,0,0,0,0,0,0,0,0,0,0,0,0,0,0,0,0,0,0,0,0,0,0,0,0,0,0,0,0,0,0,0,0,0,0,0,0,0,0,0,0,0,0,0,0,0,0,0,0,0,0,0,0,0,0,0,0,0,0,0,0,0,0,0,0,0,0,0,0,0,0,0,0,0,0,0,0,0,0,0,0,0,0,0,0,0,0
Sayreville Police,1961-01-01,New Jersey,22553,NJ01219,,not updated,normal return,not updated,not updated,not updated,breakdown offenses,breakdown offenses,breakdown offenses,0,0,0,0,0,0,0,0,0,0,0,0,0,0,0,0,0,0,0,4,0,0,0,4,0,0,0,0,8,2,0,0,8,8,0,0,0,0,0,0,0,0,0,0,0,0,0,0,0,0,0,0,0,0,0,0,0,0,0,0,0,0,0,0,0,0,0,0,0,0,0,0,0,0,0,0,0,0,0,0,0,0,0,0,0,0,0,0,0,0,0,0,0,0,0,0,0,0,0,0,0,0,0,0,0,0,0,0,0,0,0,0,0,0,0,0,0,0,0,0,0,0,0,0,0,0,0
Sayreville Police,1961-02-01,New Jersey,22553,NJ01219,,not updated,normal return,not updated,not updated,not updated,breakdown offenses,breakdown offenses,breakdown offenses,0,0,0,0,0,0,0,0,0,0,0,0,0,0,0,0,0,0,0,2,0,0,0,4,0,0,0,0,6,3,0,0,6,6,0,0,0,0,0,0,0,0,0,0,0,0,0,0,0,0,0,0,0,0,0,0,0,0,0,0,0,0,0,0,0,0,0,0,0,0,0,0,0,0,0,0,0,0,0,0,0,0,0,0,0,0,0,0,0,0,0,0,0,0,0,0,0,0,0,0,0,0,0,0,0,0,0,0,0,0,0,0,0,0,0,0,0,0,0,0,0,0,0,0,0,0,0
Sayreville Police,1961-03-01,New Jersey,22553,NJ01219,,not updated,normal return,not updated,not updated,not updated,breakdown offenses,breakdown offenses,breakdown offenses,0,0,0,0,0,0,0,0,2,0,0,0,0,1,0,0,0,0,0,4,0,0,0,10,2,2,0,0,19,5,1,3,16,19,0,0,0,0,0,0,0,0,0,0,0,0,0,0,0,0,0,0,0,0,0,0,0,0,0,0,0,0,0,0,0,0,0,0,0,0,0,0,0,0,0,0,0,0,0,0,0,0,0,0,0,0,0,0,0,0,0,0,0,0,0,0,0,0,0,0,0,0,0,0,0,0,0,0,0,0,0,0,0,0,0,0,0,0,0,0,0,0,0,0,0,0,0
Sayreville Police,1961-04-01,New Jersey,22553,NJ01219,,not updated,normal return,not updated,not updated,not updated,breakdown offenses,breakdown offenses,breakdown offenses,0,0,0,0,2,0,0,0,1,0,0,0,0,0,0,0,0,0,0,4,0,0,0,13,1,1,0,0,21,9,0,1,18,19,0,0,0,0,0,0,0,0,0,0,0,0,0,0,0,0,0,0,0,0,0,0,0,0,0,0,0,0,0,0,0,0,0,0,0,0,0,0,0,0,0,0,0,0,0,0,0,0,0,0,0,0,0,0,0,0,0,0,0,0,0,0,0,0,0,0,0,0,0,0,0,0,0,0,0,0,0,0,0,0,0,0,0,0,0,0,0,0,0,0,0,0,0
Sayreville Police,1961-05-01,New Jersey,22553,NJ01219,,not updated,normal return,not updated,not updated,not updated,breakdown offenses,breakdown offenses,breakdown offenses,0,0,0,0,0,0,0,0,0,0,0,0,0,0,0,0,0,0,0,1,0,0,0,6,2,2,0,0,9,3,0,0,9,9,0,0,0,0,0,0,0,0,0,0,0,0,0,0,0,0,0,0,0,0,0,0,0,0,0,0,0,0,0,0,0,0,0,0,0,0,0,0,0,0,0,0,0,0,0,0,0,0,0,0,0,0,0,0,0,0,0,0,0,0,0,0,0,0,0,0,0,0,0,0,0,0,0,0,0,0,0,0,0,0,0,0,0,0,0,0,0,0,0,0,0,0,0
Sayreville Police,1961-06-01,New Jersey,22553,NJ01219,,not updated,normal return,not updated,not updated,not updated,breakdown offenses,breakdown offenses,breakdown offenses,0,0,0,0,0,0,0,0,0,0,0,0,0,0,0,0,0,0,0,1,0,0,0,6,0,0,0,0,7,3,0,0,7,7,0,0,0,0,0,0,0,0,0,0,0,0,0,0,0,0,0,0,0,0,0,0,0,0,0,0,0,0,0,0,0,0,0,0,0,0,0,0,0,0,0,0,0,0,0,0,0,0,0,0,0,0,0,0,0,0,0,0,0,0,0,0,0,0,0,0,0,0,0,0,0,0,0,0,0,0,0,0,0,0,0,0,0,0,0,0,0,0,0,0,0,0,0
Sayreville Police,1961-07-01,New Jersey,22553,NJ01219,,not updated,normal return,not updated,not updated,not updated,breakdown offenses,breakdown offenses,breakdown offenses,0,0,0,0,0,0,0,0,0,0,0,0,0,0,0,0,0,0,0,1,0,0,0,13,0,0,0,0,14,10,0,0,14,14,0,0,0,0,0,0,0,0,0,0,0,0,0,0,0,0,0,0,0,0,0,0,0,0,0,0,0,0,0,0,0,0,0,0,0,0,0,0,0,0,0,0,0,0,0,0,0,0,0,0,0,0,0,0,0,0,0,0,0,0,0,0,0,0,0,0,0,0,0,0,0,0,0,0,0,0,0,0,0,0,0,0,0,0,0,0,0,0,0,0,0,0,0
Sayreville Police,1961-08-01,New Jersey,22553,NJ01219,,not updated,normal return,not updated,not updated,not updated,breakdown offenses,breakdown offenses,breakdown offenses,0,0,0,0,1,0,0,0,0,0,0,0,0,0,0,0,0,0,0,3,0,0,0,14,1,1,0,0,19,7,0,0,18,18,0,0,0,0,0,0,0,0,0,0,0,0,0,0,0,0,0,0,0,0,0,0,0,0,0,0,0,0,0,0,0,0,0,0,0,0,0,0,0,0,0,0,0,0,0,0,0,0,0,0,0,0,0,0,0,0,0,0,0,0,0,0,0,0,0,0,0,0,0,0,0,0,0,0,0,0,0,0,0,0,0,0,0,0,0,0,0,0,0,0,0,0,0
Sayreville Police,1961-09-01,New Jersey,22553,NJ01219,,not updated,normal return,not updated,not updated,not updated,breakdown offenses,breakdown offenses,breakdown offenses,0,0,0,0,0,0,0,0,1,0,0,0,0,0,0,0,0,0,0,3,0,0,0,6,2,2,0,0,12,4,0,1,11,12,0,0,0,0,0,0,0,0,0,0,0,0,0,0,0,0,0,0,0,0,0,0,0,0,0,0,0,0,0,0,0,0,0,0,0,0,0,0,0,0,0,0,0,0,0,0,0,0,0,0,0,0,0,0,0,0,0,0,0,0,0,0,0,0,0,0,0,0,0,0,0,0,0,0,0,0,0,0,0,0,0,0,0,0,0,0,0,0,0,0,0,0,0
Sayreville Police,1961-10-01,New Jersey,22553,NJ01219,,not updated,normal return,not updated,not updated,not updated,breakdown offenses,breakdown offenses,breakdown offenses,0,0,0,0,0,0,0,0,0,0,0,0,0,0,0,0,0,0,0,3,0,0,0,9,1,1,0,0,13,6,0,0,13,13,0,0,0,0,0,0,0,0,0,0,0,0,0,0,0,0,0,0,0,0,0,0,0,0,0,0,0,0,0,0,0,0,0,0,0,0,0,0,0,0,0,0,0,0,0,0,0,0,0,0,0,0,0,0,0,0,0,0,0,0,0,0,0,0,0,0,0,0,0,0,0,0,0,0,0,0,0,0,0,0,0,0,0,0,0,0,0,0,0,0,0,0,0
Sayreville Police,1961-11-01,New Jersey,22553,NJ01219,,not updated,normal return,not updated,not updated,not updated,breakdown offenses,breakdown offenses,breakdown offenses,0,0,0,0,3,0,0,0,0,0,0,0,0,0,0,0,0,0,0,0,0,0,0,14,0,0,0,0,17,4,0,0,14,14,0,0,0,0,0,0,0,0,0,0,0,0,0,0,0,0,0,0,0,0,0,0,0,0,0,0,0,0,0,0,0,0,0,0,0,0,0,0,0,0,0,0,0,0,0,0,0,0,0,0,0,0,0,0,0,0,0,0,0,0,0,0,0,0,0,0,0,0,0,0,0,0,0,0,0,0,0,0,0,0,0,0,0,0,0,0,0,0,0,0,0,0,0
Sayreville Police,1961-12-01,New Jersey,22553,NJ01219,,not updated,normal return,not updated,not updated,not updated,breakdown offenses,breakdown offenses,breakdown offenses,0,0,0,0,2,0,0,0,0,0,0,0,0,0,0,0,0,0,0,3,0,0,0,17,0,0,0,0,22,14,0,0,20,20,0,0,0,0,0,0,0,0,0,0,0,0,0,0,0,0,0,0,0,0,0,0,0,0,0,0,0,0,0,0,0,0,0,0,0,0,0,0,0,0,0,0,0,0,0,0,0,0,0,0,0,0,0,0,0,0,0,0,0,0,0,0,0,0,0,0,0,0,0,0,0,0,0,0,0,0,0,0,0,0,0,0,0,0,0,0,0,0,0,0,0,0,0
Sayreville Police,1962-01-01,New Jersey,24646,NJ01219,,not updated,normal return,not updated,not updated,not updated,breakdown offenses,breakdown offenses,breakdown offenses,0,0,0,0,1,1,0,0,0,0,0,0,0,0,0,0,0,0,0,2,0,0,0,7,1,1,0,0,12,3,0,1,10,11,0,0,0,0,0,0,0,0,0,0,0,0,0,0,0,0,0,0,0,0,0,0,0,0,0,0,0,0,0,0,0,0,0,0,0,0,0,0,0,0,0,0,0,0,0,0,0,0,0,0,0,0,0,0,0,0,0,0,0,0,0,0,0,0,0,0,0,0,0,0,0,0,0,0,0,0,0,0,0,0,0,0,0,0,0,0,0,0,0,0,0,0,0
Sayreville Police,1962-02-01,New Jersey,24646,NJ01219,,not updated,normal return,not updated,not updated,not updated,breakdown offenses,breakdown offenses,breakdown offenses,0,0,0,0,0,0,0,0,0,0,0,0,0,0,0,0,0,0,0,1,0,0,0,5,2,2,0,0,8,4,0,0,8,8,0,0,0,0,0,0,0,0,0,0,0,0,0,0,0,0,0,0,0,0,0,0,0,0,0,0,0,0,0,0,0,0,0,0,0,0,0,0,0,0,0,0,0,0,0,0,0,0,0,0,0,0,0,0,0,0,0,0,0,0,0,0,0,0,0,0,0,0,0,0,0,0,0,0,0,0,0,0,0,0,0,0,0,0,0,0,0,0,0,0,0,0,0
Sayreville Police,1962-03-01,New Jersey,24646,NJ01219,,not updated,normal return,not updated,not updated,not updated,breakdown offenses,breakdown offenses,breakdown offenses,0,0,0,0,0,0,0,0,0,0,0,0,0,0,0,0,0,0,0,6,0,0,0,5,1,1,0,0,12,3,0,0,12,12,0,0,0,0,0,0,0,0,0,0,0,0,0,0,0,0,0,0,0,0,0,0,0,0,0,0,0,0,0,0,0,0,0,0,0,0,0,0,0,0,0,0,0,0,0,0,0,0,0,0,0,0,0,0,0,0,0,0,0,0,0,0,0,0,0,0,0,0,0,0,0,0,0,0,0,0,0,0,0,0,0,0,0,0,0,0,0,0,0,0,0,0,0
Sayreville Police,1962-04-01,New Jersey,24646,NJ01219,,not updated,normal return,not updated,not updated,not updated,breakdown offenses,breakdown offenses,breakdown offenses,0,0,0,0,0,0,0,0,0,0,0,0,0,0,0,0,0,0,0,8,0,0,0,10,1,1,0,0,19,7,0,0,19,19,0,0,0,0,0,0,0,0,0,0,0,0,0,0,0,0,0,0,0,0,0,0,0,0,0,0,0,0,0,0,0,0,0,0,0,0,0,0,0,0,0,0,0,0,0,0,0,0,0,0,0,0,0,0,0,0,0,0,0,0,0,0,0,0,0,0,0,0,0,0,0,0,0,0,0,0,0,0,0,0,0,0,0,0,0,0,0,0,0,0,0,0,0
Sayreville Police,1962-05-01,New Jersey,24646,NJ01219,,not updated,normal return,not updated,not updated,not updated,breakdown offenses,breakdown offenses,breakdown offenses,0,0,0,0,1,0,0,0,0,0,0,0,0,0,0,0,0,0,0,2,0,0,0,8,4,4,0,0,15,5,0,0,14,14,0,0,0,0,0,0,0,0,0,0,0,0,0,0,0,0,0,0,0,0,0,0,0,0,0,0,0,0,0,0,0,0,0,0,0,0,0,0,0,0,0,0,0,0,0,0,0,0,0,0,0,0,0,0,0,0,0,0,0,0,0,0,0,0,0,0,0,0,0,0,0,0,0,0,0,0,0,0,0,0,0,0,0,0,0,0,0,0,0,0,0,0,0
Sayreville Police,1962-06-01,New Jersey,24646,NJ01219,,not updated,normal return,not updated,not updated,not updated,breakdown offenses,breakdown offenses,breakdown offenses,0,0,0,0,1,0,0,0,0,0,0,0,0,0,0,0,0,0,0,0,0,0,0,9,1,1,0,0,11,5,0,0,10,10,0,0,0,0,0,0,0,0,0,0,0,0,0,0,0,0,0,0,0,0,0,0,0,0,0,0,0,0,0,0,0,0,0,0,0,0,0,0,0,0,0,0,0,0,0,0,0,0,0,0,0,0,0,0,0,0,0,0,0,0,0,0,0,0,0,0,0,0,0,0,0,0,0,0,0,0,0,0,0,0,0,0,0,0,0,0,0,0,0,0,0,0,0
Sayreville Police,1962-07-01,New Jersey,24646,NJ01219,,not updated,normal return,not updated,not updated,not updated,breakdown offenses,breakdown offenses,breakdown offenses,0,0,0,0,0,0,0,0,0,0,0,0,0,0,0,0,0,0,0,6,0,0,0,14,3,3,0,0,23,9,0,0,23,23,0,0,0,0,0,0,0,0,0,0,0,0,0,0,0,0,0,0,0,0,0,0,0,0,0,0,0,0,0,0,0,0,0,0,0,0,0,0,0,0,0,0,0,0,0,0,0,0,0,0,0,0,0,0,0,0,0,0,0,0,0,0,0,0,0,0,0,0,0,0,0,0,0,0,0,0,0,0,0,0,0,0,0,0,0,0,0,0,0,0,0,0,0
Sayreville Police,1962-08-01,New Jersey,24646,NJ01219,,not updated,normal return,not updated,not updated,not updated,breakdown offenses,breakdown offenses,breakdown offenses,0,0,0,0,0,0,0,0,0,0,0,0,0,0,0,0,0,0,0,8,0,0,0,23,0,0,0,0,31,13,0,0,31,31,0,0,0,0,0,0,0,0,0,0,0,0,0,0,0,0,0,0,0,0,0,0,0,0,0,0,0,0,0,0,0,0,0,0,0,0,0,0,0,0,0,0,0,0,0,0,0,0,0,0,0,0,0,0,0,0,0,0,0,0,0,0,0,0,0,0,0,0,0,0,0,0,0,0,0,0,0,0,0,0,0,0,0,0,0,0,0,0,0,0,0,0,0
Sayreville Police,1962-09-01,New Jersey,24646,NJ01219,,not updated,normal return,not updated,not updated,not updated,breakdown offenses,breakdown offenses,breakdown offenses,0,0,0,0,3,0,0,0,0,0,0,0,0,0,0,0,0,0,0,7,0,0,0,9,0,0,0,0,19,6,0,0,16,16,0,0,0,0,0,0,0,0,0,0,0,0,0,0,0,0,0,0,0,0,0,0,0,0,0,0,0,0,0,0,0,0,0,0,0,0,0,0,0,0,0,0,0,0,0,0,0,0,0,0,0,0,0,0,0,0,0,0,0,0,0,0,0,0,0,0,0,0,0,0,0,0,0,0,0,0,0,0,0,0,0,0,0,0,0,0,0,0,0,0,0,0,0
Sayreville Police,1962-10-01,New Jersey,24646,NJ01219,,not updated,normal return,not updated,not updated,not updated,breakdown offenses,breakdown offenses,breakdown offenses,0,0,0,0,0,0,0,0,0,0,0,0,0,0,0,0,0,0,0,6,0,0,0,13,4,4,0,0,23,9,0,0,23,23,0,0,0,0,0,0,0,0,0,0,0,0,0,0,0,0,0,0,0,0,0,0,0,0,0,0,0,0,0,0,0,0,0,0,0,0,0,0,0,0,0,0,0,0,0,0,0,0,0,0,0,0,0,0,0,0,0,0,0,0,0,0,0,0,0,0,0,0,0,0,0,0,0,0,0,0,0,0,0,0,0,0,0,0,0,0,0,0,0,0,0,0,0
Sayreville Police,1962-11-01,New Jersey,24646,NJ01219,,not updated,normal return,not updated,not updated,not updated,breakdown offenses,breakdown offenses,breakdown offenses,0,0,0,0,1,0,0,0,0,0,0,0,0,0,0,0,0,0,0,6,0,0,0,9,3,3,0,0,19,4,0,0,18,18,0,0,0,0,0,0,0,0,0,0,0,0,0,0,0,0,0,0,0,0,0,0,0,0,0,0,0,0,0,0,0,0,0,0,0,0,0,0,0,0,0,0,0,0,0,0,0,0,0,0,0,0,0,0,0,0,0,0,0,0,0,0,0,0,0,0,0,0,0,0,0,0,0,0,0,0,0,0,0,0,0,0,0,0,0,0,0,0,0,0,0,0,0
Sayreville Police,1962-12-01,New Jersey,24646,NJ01219,,not updated,normal return,not updated,not updated,not updated,breakdown offenses,breakdown offenses,breakdown offenses,0,0,0,0,0,0,0,0,0,0,0,0,0,0,0,0,0,0,0,1,0,0,0,30,2,2,0,0,33,25,0,0,33,33,0,0,0,0,0,0,0,0,0,0,0,0,0,0,0,0,0,0,0,0,0,0,0,0,0,0,0,0,0,0,0,0,0,0,0,0,0,0,0,0,0,0,0,0,0,0,0,0,0,0,0,0,0,0,0,0,0,0,0,0,0,0,0,0,0,0,0,0,0,0,0,0,0,0,0,0,0,0,0,0,0,0,0,0,0,0,0,0,0,0,0,0,0
Sayreville Police,1963-01-01,New Jersey,25746,NJ01219,,not updated,normal return,not updated,not updated,not updated,breakdown offenses,breakdown offenses,breakdown offenses,0,0,0,0,0,0,0,0,1,0,0,0,0,0,0,0,0,0,0,9,0,0,0,9,1,1,0,0,20,6,0,1,19,20,0,0,0,0,0,0,0,0,0,0,0,0,0,0,0,0,0,0,0,0,0,0,0,0,0,0,0,0,0,0,0,0,0,0,0,0,0,0,0,0,0,0,0,0,0,0,0,0,0,0,0,0,0,0,0,0,0,0,0,0,0,0,0,0,0,0,0,0,0,0,0,0,0,0,0,0,0,0,0,0,0,0,0,0,0,0,0,0,0,0,0,0,0
Sayreville Police,1963-02-01,New Jersey,25746,NJ01219,,not updated,normal return,not updated,not updated,not updated,breakdown offenses,breakdown offenses,breakdown offenses,0,0,0,0,0,0,0,0,1,0,0,0,0,0,0,0,0,0,0,6,0,0,0,7,0,0,0,0,14,6,0,1,13,14,0,0,0,0,0,0,0,0,0,0,0,0,0,0,0,0,0,0,0,0,0,0,0,0,0,0,0,0,0,0,0,0,0,0,0,0,0,0,0,0,0,0,0,0,0,0,0,0,0,0,0,0,0,0,0,0,0,0,0,0,0,0,0,0,0,0,0,0,0,0,0,0,0,0,0,0,0,0,0,0,0,0,0,0,0,0,0,0,0,0,0,0,0
Sayreville Police,1963-03-01,New Jersey,25746,NJ01219,,not updated,normal return,not updated,not updated,not updated,breakdown offenses,breakdown offenses,breakdown offenses,0,0,0,0,0,0,0,0,0,0,0,0,0,0,0,0,0,0,0,6,0,0,0,11,3,3,0,0,20,8,0,0,20,20,0,0,0,0,0,0,0,0,0,0,0,0,0,0,0,0,0,0,0,0,0,0,0,0,0,0,0,0,0,0,0,0,0,0,0,0,0,0,0,0,0,0,0,0,0,0,0,0,0,0,0,0,0,0,0,0,0,0,0,0,0,0,0,0,0,0,0,0,0,0,0,0,0,0,0,0,0,0,0,0,0,0,0,0,0,0,0,0,0,0,0,0,0
Sayreville Police,1963-04-01,New Jersey,25746,NJ01219,,not updated,normal return,not updated,not updated,not updated,breakdown offenses,breakdown offenses,breakdown offenses,0,0,0,0,0,0,0,0,0,0,0,0,0,0,0,0,0,0,0,7,0,0,0,13,2,2,0,0,22,7,0,0,22,22,0,0,0,0,0,0,0,0,0,0,0,0,0,0,0,0,0,0,0,0,0,0,0,0,0,0,0,0,0,0,0,0,0,0,0,0,0,0,0,0,0,0,0,0,0,0,0,0,0,0,0,0,0,0,0,0,0,0,0,0,0,0,0,0,0,0,0,0,0,0,0,0,0,0,0,0,0,0,0,0,0,0,0,0,0,0,0,0,0,0,0,0,0
Sayreville Police,1963-05-01,New Jersey,25746,NJ01219,,not updated,normal return,not updated,not updated,not updated,breakdown offenses,breakdown offenses,breakdown offenses,0,0,0,0,0,0,0,0,0,0,0,0,0,0,0,0,0,0,0,3,0,0,0,7,2,2,0,0,12,4,0,0,12,12,0,0,0,0,0,0,0,0,0,0,0,0,0,0,0,0,0,0,0,0,0,0,0,0,0,0,0,0,0,0,0,0,0,0,0,0,0,0,0,0,0,0,0,0,0,0,0,0,0,0,0,0,0,0,0,0,0,0,0,0,0,0,0,0,0,0,0,0,0,0,0,0,0,0,0,0,0,0,0,0,0,0,0,0,0,0,0,0,0,0,0,0,0
Sayreville Police,1963-06-01,New Jersey,25746,NJ01219,,not updated,normal return,not updated,not updated,not updated,breakdown offenses,breakdown offenses,breakdown offenses,0,0,0,0,0,0,0,0,0,0,0,0,0,0,0,0,0,0,0,5,0,0,0,19,3,3,0,0,27,9,0,0,27,27,0,0,0,0,0,0,0,0,0,0,0,0,0,0,0,0,0,0,0,0,0,0,0,0,0,0,0,0,0,0,0,0,0,0,0,0,0,0,0,0,0,0,0,0,0,0,0,0,0,0,0,0,0,0,0,0,0,0,0,0,0,0,0,0,0,0,0,0,0,0,0,0,0,0,0,0,0,0,0,0,0,0,0,0,0,0,0,0,0,0,0,0,0
Sayreville Police,1963-07-01,New Jersey,25746,NJ01219,,not updated,normal return,not updated,not updated,not updated,breakdown offenses,breakdown offenses,breakdown offenses,0,0,0,0,1,0,0,0,1,0,0,0,0,0,0,0,0,0,0,4,0,0,0,15,3,3,0,0,24,12,0,1,22,23,0,0,0,0,0,0,0,0,0,0,0,0,0,0,0,0,0,0,0,0,0,0,0,0,0,0,0,0,0,0,0,0,0,0,0,0,0,0,0,0,0,0,0,0,0,0,0,0,0,0,0,0,0,0,0,0,0,0,0,0,0,0,0,0,0,0,0,0,0,0,0,0,0,0,0,0,0,0,0,0,0,0,0,0,0,0,0,0,0,0,0,0,0
Sayreville Police,1963-08-01,New Jersey,25746,NJ01219,,not updated,normal return,not updated,not updated,not updated,breakdown offenses,breakdown offenses,breakdown offenses,0,0,0,0,0,0,0,0,0,0,0,0,0,0,0,0,0,0,0,12,0,0,0,8,4,4,0,0,24,5,0,0,24,24,0,0,0,0,0,0,0,0,0,0,0,0,0,0,0,0,0,0,0,0,0,0,0,0,0,0,0,0,0,0,0,0,0,0,0,0,0,0,0,0,0,0,0,0,0,0,0,0,0,0,0,0,0,0,0,0,0,0,0,0,0,0,0,0,0,0,0,0,0,0,0,0,0,0,0,0,0,0,0,0,0,0,0,0,0,0,0,0,0,0,0,0,0
Sayreville Police,1963-09-01,New Jersey,25746,NJ01219,,not updated,normal return,not updated,not updated,not updated,breakdown offenses,breakdown offenses,breakdown offenses,0,0,0,0,1,0,0,0,0,0,0,0,0,0,0,0,0,0,0,5,0,0,0,11,1,1,0,0,18,7,0,0,17,17,0,0,0,0,0,0,0,0,0,0,0,0,0,0,0,0,0,0,0,0,0,0,0,0,0,0,0,0,0,0,0,0,0,0,0,0,0,0,0,0,0,0,0,0,0,0,0,0,0,0,0,0,0,0,0,0,0,0,0,0,0,0,0,0,0,0,0,0,0,0,0,0,0,0,0,0,0,0,0,0,0,0,0,0,0,0,0,0,0,0,0,0,0
Sayreville Police,1963-10-01,New Jersey,25746,NJ01219,,not updated,normal return,not updated,not updated,not updated,breakdown offenses,breakdown offenses,breakdown offenses,0,0,0,0,0,0,0,0,0,0,0,0,0,0,0,0,0,0,0,7,0,0,0,19,4,4,0,0,30,9,0,0,30,30,0,0,0,0,0,0,0,0,0,0,0,0,0,0,0,0,0,0,0,0,0,0,0,0,0,0,0,0,0,0,0,0,0,0,0,0,0,0,0,0,0,0,0,0,0,0,0,0,0,0,0,0,0,0,0,0,0,0,0,0,0,0,0,0,0,0,0,0,0,0,0,0,0,0,0,0,0,0,0,0,0,0,0,0,0,0,0,0,0,0,0,0,0
Sayreville Police,1963-11-01,New Jersey,25746,NJ01219,,not updated,normal return,not updated,not updated,not updated,breakdown offenses,breakdown offenses,breakdown offenses,0,0,0,0,0,0,0,0,0,0,0,0,0,0,0,0,0,0,0,3,0,0,0,18,5,5,0,0,26,13,0,0,26,26,0,0,0,0,0,0,0,0,0,0,0,0,0,0,0,0,0,0,0,0,0,0,0,0,0,0,0,0,0,0,0,0,0,0,0,0,0,0,0,0,0,0,0,0,0,0,0,0,0,0,0,0,0,0,0,0,0,0,0,0,0,0,0,0,0,0,0,0,0,0,0,0,0,0,0,0,0,0,0,0,0,0,0,0,0,0,0,0,0,0,0,0,0
Sayreville Police,1963-12-01,New Jersey,25746,NJ01219,,not updated,normal return,not updated,not updated,not updated,breakdown offenses,breakdown offenses,breakdown offenses,0,0,0,0,1,0,0,0,2,0,0,0,0,0,0,0,0,0,0,6,0,0,0,15,6,6,0,0,30,11,0,2,27,29,0,0,0,0,0,0,0,0,0,0,0,0,0,0,0,0,0,0,0,0,0,0,0,0,0,0,0,0,0,0,0,0,0,0,0,0,0,0,0,0,0,0,0,0,0,0,0,0,0,0,0,0,0,0,0,0,0,0,0,0,0,0,0,0,0,0,0,0,0,0,0,0,0,0,0,0,0,0,0,0,0,0,0,0,0,0,0,0,0,0,0,0,0
Sayreville Police,1964-01-01,New Jersey,25696,NJ01219,,not updated,adjustment,normal return,normal return,not updated,breakdown offenses,breakdown offenses,breakdown offenses,0,0,0,0,0,0,0,0,0,0,0,0,0,6,0,0,0,0,6,8,7,0,1,13,4,4,0,0,25,11,0,0,25,25,0,0,0,0,0,0,0,0,0,0,3,0,0,0,0,3,0,0,0,0,0,0,0,0,0,0,0,0,0,0,0,0,0,0,0,0,0,0,0,0,0,0,0,0,0,0,0,0,0,0,0,0,0,0,0,0,0,0,0,0,0,0,0,0,0,0,0,0,0,0,0,0,0,0,0,0,0,0,0,0,0,0,0,0,0,0,0,0,0,0,0,0,0
Sayreville Police,1964-02-01,New Jersey,25696,NJ01219,,not updated,adjustment,adjustment,normal return,not updated,breakdown offenses,breakdown offenses,breakdown offenses,0,0,0,0,0,0,0,0,0,0,0,0,0,1,0,0,0,0,1,2,2,0,0,11,8,8,0,0,21,3,0,0,21,21,0,0,0,0,0,0,0,0,0,0,1,0,0,0,0,1,0,0,0,0,1,0,0,0,0,1,0,0,0,1,1,0,0,0,0,0,0,0,0,0,0,0,0,0,0,0,0,0,0,0,0,0,0,0,0,0,0,0,0,0,0,0,0,0,0,0,0,0,0,0,0,0,0,0,0,0,0,0,0,0,0,0,0,0,0,0,0,0,0,0,0,0,0
Sayreville Police,1964-03-01,New Jersey,25696,NJ01219,,not updated,adjustment,adjustment,normal return,not updated,breakdown offenses,breakdown offenses,breakdown offenses,0,0,0,0,0,0,0,0,0,0,0,0,0,6,0,0,0,0,6,6,6,0,0,11,2,2,0,0,19,3,0,0,19,19,0,0,0,0,0,0,0,0,0,0,6,0,0,0,0,6,0,0,0,0,4,1,1,0,0,5,0,0,0,5,5,0,0,0,0,0,0,0,0,0,0,0,0,0,0,0,0,0,0,0,0,0,0,0,0,0,0,0,0,0,0,0,0,0,0,0,0,0,0,0,0,0,0,0,0,0,0,0,0,0,0,0,0,0,0,0,0,0,0,0,0,0,0
Sayreville Police,1964-04-01,New Jersey,25696,NJ01219,,not updated,normal return,normal return,normal return,not updated,breakdown offenses,breakdown offenses,breakdown offenses,0,0,0,0,0,0,0,0,0,0,0,0,0,1,0,0,0,0,1,5,1,4,0,13,1,1,0,0,19,10,0,0,19,19,0,0,0,0,0,0,0,0,0,0,1,0,0,0,0,1,0,0,0,0,0,1,1,0,0,1,0,0,0,1,1,0,0,0,0,0,0,0,0,0,0,0,0,0,0,0,0,0,0,0,0,0,0,0,0,0,0,0,0,0,0,0,0,0,0,0,0,0,0,0,0,0,0,0,0,0,0,0,0,0,0,0,0,0,0,0,0,0,0,0,0,0,0
Sayreville Police,1964-05-01,New Jersey,25696,NJ01219,,not updated,normal return,normal return,normal return,not updated,breakdown offenses,breakdown offenses,breakdown offenses,0,0,0,0,0,0,0,0,0,0,0,0,0,0,0,0,0,0,0,2,1,1,0,11,3,3,0,0,16,3,0,0,16,16,0,0,0,0,0,0,0,0,0,0,0,0,0,0,0,0,0,0,0,0,1,0,0,0,0,1,1,0,0,1,1,0,0,0,0,0,0,0,0,0,0,0,0,0,0,0,0,0,0,0,0,0,0,0,0,0,0,0,0,0,0,0,0,0,0,0,0,0,0,0,0,0,0,0,0,0,0,0,0,0,0,0,0,0,0,0,0,0,0,0,0,0,0
Sayreville Police,1964-06-01,New Jersey,25696,NJ01219,,not updated,adjustment,adjustment,normal return,not updated,breakdown offenses,breakdown offenses,breakdown offenses,0,0,0,0,4,0,0,0,0,0,0,0,0,2,0,0,0,0,2,4,2,0,2,16,3,3,0,0,27,5,0,0,23,23,0,1,0,0,0,0,0,0,0,0,2,0,0,0,0,2,2,0,0,2,0,0,0,0,0,3,0,0,0,2,2,0,0,0,0,0,0,0,0,0,0,0,0,0,0,0,0,0,0,0,0,0,0,0,0,0,0,0,0,0,0,0,0,0,0,0,0,0,0,0,0,0,0,0,0,0,0,0,0,0,0,0,0,0,0,0,0,0,0,0,0,0,0
Sayreville Police,1964-07-01,New Jersey,25696,NJ01219,,not updated,normal return,normal return,normal return,not updated,breakdown offenses,breakdown offenses,breakdown offenses,0,0,0,0,1,0,0,0,0,0,0,0,0,2,0,1,0,0,1,14,10,2,2,7,2,2,0,0,25,6,1,1,23,24,0,0,0,0,0,0,0,0,0,0,2,0,1,0,0,1,1,1,0,0,0,1,1,0,0,3,0,1,1,2,3,0,0,0,0,0,0,0,0,0,0,0,0,0,0,0,0,3,3,0,0,0,0,0,0,0,3,0,0,0,3,3,0,0,0,0,0,0,0,0,0,0,0,0,0,0,0,0,0,0,0,0,0,0,0,0,0,0,0,0,0,0,0
Sayreville Police,1964-08-01,New Jersey,25696,NJ01219,,not updated,normal return,normal return,normal return,not updated,breakdown offenses,breakdown offenses,breakdown offenses,0,0,0,0,2,0,0,0,0,0,0,0,0,0,0,0,0,0,0,11,11,0,0,14,4,4,0,0,31,8,0,0,29,29,0,0,0,0,0,0,0,0,0,0,0,0,0,0,0,0,3,3,0,0,0,0,0,0,0,3,0,0,0,3,3,0,0,0,0,0,0,0,0,0,0,0,0,0,0,0,0,0,0,0,0,0,0,0,0,0,0,0,0,0,0,0,0,0,0,0,0,0,0,0,0,0,0,0,0,0,0,0,0,0,0,0,0,0,0,0,0,0,0,0,0,0,0
Sayreville Police,1964-09-01,New Jersey,25696,NJ01219,,not updated,normal return,normal return,normal return,not updated,breakdown offenses,breakdown offenses,breakdown offenses,0,0,0,0,0,0,0,0,0,0,0,0,0,1,0,0,0,0,1,9,8,1,0,17,2,2,0,0,28,8,0,0,28,28,0,0,0,0,0,0,0,0,0,0,1,0,0,0,0,1,0,0,0,0,1,0,0,0,0,1,1,0,0,1,1,0,0,0,0,0,0,0,0,0,0,0,0,0,0,0,0,0,0,0,0,0,0,0,0,0,0,0,0,0,0,0,0,0,0,0,0,0,0,0,0,0,0,0,0,0,0,0,0,0,0,0,0,0,0,0,0,0,0,0,0,0,0
Sayreville Police,1964-10-01,New Jersey,25696,NJ01219,,not updated,normal return,normal return,normal return,not updated,breakdown offenses,breakdown offenses,breakdown offenses,0,0,0,0,1,0,0,0,0,0,0,0,0,2,0,0,0,0,2,6,6,0,0,12,4,4,0,0,23,8,0,0,22,22,0,0,0,0,0,0,0,0,0,0,1,0,0,0,0,1,0,0,0,0,0,1,1,0,0,1,0,0,0,1,1,0,0,0,0,0,0,0,0,0,0,0,0,0,0,0,0,0,0,0,0,0,1,1,0,0,1,0,0,0,1,1,0,0,0,0,0,0,0,0,0,0,0,0,0,0,0,0,0,0,0,0,0,0,0,0,0,0,0,0,0,0,0
Sayreville Police,1964-11-01,New Jersey,25696,NJ01219,,not updated,normal return,normal return,normal return,not updated,breakdown offenses,breakdown offenses,breakdown offenses,0,0,0,0,0,0,0,0,1,1,0,0,0,2,0,0,0,0,2,5,5,0,0,12,3,3,0,0,21,7,0,1,20,21,0,0,0,0,0,0,0,0,0,0,2,0,0,0,0,2,0,0,0,0,1,2,2,0,0,3,0,0,0,3,3,0,0,0,0,0,0,0,0,0,0,0,0,0,0,0,0,0,0,0,0,0,0,0,0,0,0,0,0,0,0,0,0,0,0,0,0,0,0,0,0,0,0,0,0,0,0,0,0,0,0,0,0,0,0,0,0,0,0,0,0,0,0
Sayreville Police,1964-12-01,New Jersey,25696,NJ01219,,not updated,normal return,normal return,normal return,not updated,breakdown offenses,breakdown offenses,breakdown offenses,0,0,0,0,1,0,0,0,1,0,0,0,1,7,0,0,0,0,7,4,4,0,0,35,3,3,0,0,44,29,0,1,42,43,0,0,0,0,0,2,0,0,0,2,7,0,0,0,0,7,0,0,0,0,0,0,0,0,0,2,0,0,2,0,2,0,0,0,0,0,0,0,0,0,0,0,0,0,0,0,0,0,0,0,0,0,0,0,0,0,0,0,0,0,0,0,0,0,0,0,0,0,0,0,0,0,0,0,0,0,0,0,0,0,0,0,0,0,0,0,0,0,0,0,0,0,0
Sayreville Police,1965-01-01,New Jersey,25000,NJ01219,,not updated,normal return,normal return,normal return,not updated,breakdown offenses,breakdown offenses,breakdown offenses,0,0,0,0,0,0,0,0,0,0,0,0,0,3,0,0,0,0,3,4,3,1,0,6,3,3,0,0,13,5,0,0,13,13,0,0,0,0,0,0,0,0,0,0,3,0,0,0,0,3,1,0,1,0,0,0,0,0,0,1,0,0,0,1,1,0,0,0,0,0,0,0,0,0,0,2,0,0,0,0,2,0,0,0,0,0,0,0,0,0,0,0,0,0,0,0,0,0,0,0,0,0,0,0,0,0,0,0,0,0,0,0,0,0,0,0,0,0,0,0,0,0,0,0,0,0,0
Sayreville Police,1965-02-01,New Jersey,25000,NJ01219,,not updated,normal return,normal return,normal return,not updated,breakdown offenses,breakdown offenses,breakdown offenses,0,0,0,0,2,0,0,0,0,0,0,0,0,2,0,0,0,0,2,4,4,0,0,20,3,3,0,0,29,15,0,0,27,27,0,2,0,0,0,0,0,0,0,0,2,0,0,0,0,2,0,0,0,0,0,0,0,0,0,2,0,0,0,0,0,0,0,0,0,0,0,0,0,0,0,0,0,0,0,0,0,0,0,0,0,0,0,0,0,0,0,0,0,0,0,0,0,0,0,0,0,0,0,0,0,0,0,0,0,0,0,0,0,0,0,0,0,0,0,0,0,0,0,0,0,0,0
Sayreville Police,1965-03-01,New Jersey,25000,NJ01219,,not updated,normal return,normal return,normal return,not updated,breakdown offenses,breakdown offenses,breakdown offenses,0,0,0,0,0,0,0,0,0,0,0,0,0,3,1,0,0,0,2,6,4,2,0,14,5,5,0,0,26,5,1,1,25,26,0,0,0,0,0,0,0,0,0,0,3,1,0,0,0,2,1,1,0,0,0,1,1,0,0,3,0,1,1,2,3,0,0,0,0,0,0,0,0,0,0,0,0,0,0,0,0,1,1,0,0,0,1,1,0,0,2,0,0,0,2,2,0,0,0,0,0,0,0,0,0,0,0,0,0,0,0,0,0,0,0,0,0,0,0,0,0,0,0,0,0,0,0
Sayreville Police,1965-04-01,New Jersey,25000,NJ01219,,not updated,normal return,normal return,normal return,not updated,breakdown offenses,breakdown offenses,breakdown offenses,0,0,0,0,0,0,0,0,0,0,0,0,0,2,0,0,0,0,2,15,15,0,0,13,3,3,0,0,31,9,0,0,31,31,0,0,0,0,0,0,0,0,0,0,2,0,0,0,0,2,2,2,0,0,0,0,0,0,0,2,0,0,0,2,2,0,0,0,0,0,0,0,0,0,0,0,0,0,0,0,0,1,1,0,0,0,0,0,0,0,1,0,0,0,1,1,0,0,0,0,0,0,0,0,0,0,0,0,0,0,0,0,0,0,0,0,0,0,0,0,0,0,0,0,0,0,0
Sayreville Police,1965-05-01,New Jersey,25000,NJ01219,,not updated,normal return,normal return,normal return,not updated,breakdown offenses,breakdown offenses,breakdown offenses,0,0,0,0,1,0,0,0,0,0,0,0,0,6,0,0,1,0,5,6,6,0,0,20,4,4,0,0,32,14,1,1,30,31,0,0,0,0,0,0,0,0,0,0,6,0,0,1,0,5,0,0,0,0,0,0,0,0,0,1,0,1,1,0,1,0,0,0,0,0,0,0,0,0,0,0,0,0,0,0,0,0,0,0,0,0,0,0,0,0,0,0,0,0,0,0,0,0,0,0,0,0,0,0,0,0,0,0,0,0,0,0,0,0,0,0,0,0,0,0,0,0,0,0,0,0,0
Sayreville Police,1965-06-01,New Jersey,25000,NJ01219,,not updated,normal return,normal return,normal return,not updated,breakdown offenses,breakdown offenses,breakdown offenses,0,0,0,0,0,0,0,0,0,0,0,0,0,0,0,0,0,0,0,11,11,0,0,24,1,1,0,0,36,20,0,0,36,36,0,0,0,0,0,0,0,0,0,0,0,0,0,0,0,0,3,3,0,0,0,0,0,0,0,3,0,0,0,3,3,0,0,0,0,0,0,0,0,0,0,0,0,0,0,0,0,2,2,0,0,0,0,0,0,0,2,0,0,0,2,2,0,0,0,0,0,0,0,0,0,0,0,0,0,0,0,0,0,0,0,0,0,0,0,0,0,0,0,0,0,0,0
Sayreville Police,1965-07-01,New Jersey,25000,NJ01219,,not updated,normal return,normal return,normal return,not updated,breakdown offenses,breakdown offenses,breakdown offenses,0,0,0,0,0,0,0,0,0,0,0,0,0,2,0,0,1,0,1,6,6,0,0,28,7,7,0,0,42,25,1,1,41,42,0,0,0,0,0,0,0,0,0,0,2,0,0,1,0,1,4,4,0,0,0,0,0,0,0,5,0,1,1,4,5,0,0,0,0,0,0,0,0,0,0,0,0,0,0,0,0,2,2,0,0,0,0,0,0,0,2,0,0,0,2,2,0,0,0,0,0,0,0,0,0,0,0,0,0,0,0,0,0,0,0,0,0,0,0,0,0,0,0,0,0,0,0
Sayreville Police,1965-08-01,New Jersey,25000,NJ01219,,not updated,normal return,normal return,normal return,not updated,breakdown offenses,breakdown offenses,breakdown offenses,0,0,0,0,1,0,0,0,2,1,0,0,1,2,0,1,0,0,1,23,18,3,2,22,3,3,0,0,52,13,1,3,48,51,0,1,0,0,0,0,0,0,0,0,2,0,1,0,0,1,0,0,0,0,0,0,0,0,0,2,0,1,1,0,1,0,0,0,0,0,0,0,0,0,0,0,0,0,0,0,0,0,0,0,0,0,0,0,0,0,0,0,0,0,0,0,0,0,0,0,0,0,0,0,0,0,0,0,0,0,0,0,0,0,0,0,0,0,0,0,0,0,0,0,0,0,0
Sayreville Police,1965-09-01,New Jersey,25000,NJ01219,,not updated,normal return,normal return,normal return,not updated,breakdown offenses,breakdown offenses,breakdown offenses,0,0,0,0,3,0,0,0,0,0,0,0,0,1,0,0,0,0,1,6,6,0,0,17,3,3,0,0,29,12,0,0,26,26,0,3,0,0,0,0,0,0,0,0,1,0,0,0,0,1,0,0,0,0,0,1,1,0,0,4,0,0,0,1,1,0,0,0,0,0,0,0,0,0,0,0,0,0,0,0,0,0,0,0,0,0,1,1,0,0,1,0,0,0,1,1,0,0,0,0,0,0,0,0,0,0,0,0,0,0,0,0,0,0,0,0,0,0,0,0,0,0,0,0,0,0,0
Sayreville Police,1965-10-01,New Jersey,25000,NJ01219,,not updated,normal return,normal return,normal return,not updated,breakdown offenses,breakdown offenses,breakdown offenses,0,0,0,0,0,0,0,0,0,0,0,0,0,5,0,0,0,0,5,12,12,0,0,18,4,4,0,0,34,8,0,0,34,34,0,0,0,0,0,0,0,0,0,0,5,0,0,0,0,5,0,0,0,0,1,0,0,0,0,1,1,0,0,1,1,0,0,0,0,0,0,0,0,0,0,0,0,0,0,0,0,0,0,0,0,1,0,0,0,0,1,1,0,0,1,1,0,0,0,0,0,0,0,0,0,0,0,0,0,0,0,0,0,0,0,0,0,0,0,0,0,0,0,0,0,0,0
Sayreville Police,1965-11-01,New Jersey,25000,NJ01219,,not updated,normal return,normal return,normal return,not updated,breakdown offenses,breakdown offenses,breakdown offenses,0,0,0,0,3,0,0,0,0,0,0,0,0,5,0,0,0,0,5,12,4,8,0,14,8,8,0,0,37,9,0,0,34,34,0,2,0,0,0,0,0,0,0,0,5,0,0,0,0,5,0,0,0,0,0,0,0,0,0,2,0,0,0,0,0,0,0,0,0,0,0,0,0,0,0,0,0,0,0,0,0,0,0,0,0,0,0,0,0,0,0,0,0,0,0,0,0,0,0,0,0,0,0,0,0,0,0,0,0,0,0,0,0,0,0,0,0,0,0,0,0,0,0,0,0,0,0
Sayreville Police,1965-12-01,New Jersey,25000,NJ01219,,not updated,normal return,normal return,normal return,not updated,breakdown offenses,breakdown offenses,breakdown offenses,0,0,0,0,0,0,0,0,1,1,0,0,0,3,0,0,0,0,3,9,7,0,2,34,3,3,0,0,47,28,0,1,46,47,0,0,0,0,0,1,1,0,0,0,3,0,0,0,0,3,2,2,0,0,1,0,0,0,0,4,0,0,1,3,4,0,0,0,0,0,0,0,0,0,0,0,0,0,0,0,0,0,0,0,0,1,0,0,0,0,1,0,0,0,1,1,0,0,0,0,0,0,0,0,0,0,0,0,0,0,0,0,0,0,0,0,0,0,0,0,0,0,0,0,0,0,0
Sayreville Police,1966-01-01,New Jersey,29100,NJ01219,,not updated,normal return,normal return,normal return,not updated,breakdown offenses,breakdown offenses,breakdown offenses,0,0,0,0,0,0,0,0,0,0,0,0,0,5,0,0,0,0,5,6,4,1,1,20,6,6,0,0,32,14,0,0,32,32,0,0,0,0,0,0,0,0,0,0,2,0,0,0,0,2,0,0,0,0,0,0,0,0,0,0,0,0,0,0,0,0,0,0,0,0,0,0,0,0,0,1,0,0,0,0,1,0,0,0,0,0,0,0,0,0,0,0,0,0,0,0,0,0,0,0,0,0,0,0,0,0,0,0,0,0,0,0,0,0,0,0,0,0,0,0,0,0,0,0,0,0,0
Sayreville Police,1966-02-01,New Jersey,29100,NJ01219,,not updated,normal return,normal return,normal return,not updated,breakdown offenses,breakdown offenses,breakdown offenses,0,0,0,0,0,0,0,0,0,0,0,0,0,2,0,0,1,0,1,5,4,1,0,16,4,4,0,0,26,9,1,1,25,26,0,0,0,0,0,0,0,0,0,0,2,0,0,1,0,1,0,0,0,0,0,4,4,0,0,5,0,1,1,4,5,0,0,0,0,0,0,0,0,0,0,0,0,0,0,0,0,0,0,0,0,0,4,4,0,0,4,0,0,0,4,4,0,0,0,0,0,0,0,0,0,0,0,0,0,0,0,0,0,0,0,0,0,0,0,0,0,0,0,0,0,0,0
Sayreville Police,1966-03-01,New Jersey,29100,NJ01219,,not updated,normal return,normal return,normal return,not updated,breakdown offenses,breakdown offenses,breakdown offenses,0,0,0,0,3,0,0,0,0,0,0,0,0,6,0,0,0,0,6,11,8,2,1,16,1,1,0,0,31,10,0,0,28,28,0,0,0,0,0,0,0,0,0,0,6,0,0,0,0,6,1,1,0,0,0,0,0,0,0,1,0,0,0,1,1,0,0,0,0,0,0,0,0,0,0,0,0,0,0,0,0,0,0,0,0,0,0,0,0,0,0,0,0,0,0,0,0,0,0,0,0,0,0,0,0,0,0,0,0,0,0,0,0,0,0,0,0,0,0,0,0,0,0,0,0,0,0
Sayreville Police,1966-04-01,New Jersey,29100,NJ01219,,not updated,normal return,normal return,normal return,not updated,breakdown offenses,breakdown offenses,breakdown offenses,0,0,0,0,0,0,0,0,0,0,0,0,0,4,0,0,0,0,4,9,9,0,0,18,2,2,0,0,29,10,0,0,29,29,0,0,0,0,0,0,0,0,0,0,4,0,0,0,0,4,0,0,0,0,0,0,0,0,0,0,0,0,0,0,0,0,0,0,0,0,0,0,0,0,0,0,0,0,0,0,0,0,0,0,0,0,0,0,0,0,0,0,0,0,0,0,0,0,0,0,0,0,0,0,0,0,0,0,0,0,0,0,0,0,0,0,0,0,0,0,0,0,0,0,0,0,0
Sayreville Police,1966-05-01,New Jersey,29100,NJ01219,,not updated,normal return,normal return,normal return,not updated,breakdown offenses,breakdown offenses,breakdown offenses,0,0,0,0,0,0,0,0,0,0,0,0,0,6,0,0,0,0,6,5,3,0,2,29,6,6,0,0,40,7,0,0,40,40,0,0,0,0,0,0,0,0,0,0,6,0,0,0,0,6,0,0,0,0,2,0,0,0,0,2,2,0,0,2,2,0,0,0,0,0,0,0,0,0,0,3,0,0,0,0,3,0,0,0,0,2,0,0,0,0,2,2,0,0,2,2,0,0,0,0,0,0,0,0,0,0,0,0,0,0,0,0,0,0,0,0,0,0,0,0,0,0,0,0,0,0,0
Sayreville Police,1966-06-01,New Jersey,29100,NJ01219,,not updated,normal return,normal return,normal return,not updated,breakdown offenses,breakdown offenses,breakdown offenses,0,0,0,0,0,0,0,0,0,0,0,0,0,9,0,0,0,0,9,18,10,5,3,15,1,1,0,0,34,5,0,0,34,34,0,0,0,0,0,0,0,0,0,0,9,0,0,0,0,9,0,0,0,0,0,0,0,0,0,0,0,0,0,0,0,0,0,0,0,0,0,0,0,0,0,0,0,0,0,0,0,0,0,0,0,0,0,0,0,0,0,0,0,0,0,0,0,0,0,0,0,0,0,0,0,0,0,0,0,0,0,0,0,0,0,0,0,0,0,0,0,0,0,0,0,0,0
Sayreville Police,1966-07-01,New Jersey,29100,NJ01219,,not updated,normal return,normal return,normal return,not updated,breakdown offenses,breakdown offenses,breakdown offenses,0,0,0,0,0,0,0,0,0,0,0,0,0,2,0,0,0,0,2,9,0,6,3,13,4,4,0,0,26,11,0,0,26,26,0,0,0,0,0,0,0,0,0,0,2,0,0,0,0,2,1,0,1,0,0,0,0,0,0,1,0,0,0,1,1,0,0,0,0,0,0,0,0,0,0,0,0,0,0,0,0,1,0,1,0,0,0,0,0,0,1,0,0,0,1,1,0,0,0,0,0,0,0,0,0,0,0,0,0,0,0,0,0,0,0,0,0,0,0,0,0,0,0,0,0,0,0
Sayreville Police,1966-08-01,New Jersey,29100,NJ01219,,not updated,normal return,normal return,normal return,not updated,breakdown offenses,breakdown offenses,breakdown offenses,0,0,0,0,0,0,0,0,0,0,0,0,0,5,0,1,0,0,4,7,4,3,0,34,2,2,0,0,44,25,1,1,43,44,0,0,0,0,0,0,0,0,0,0,5,0,1,0,0,4,0,0,0,0,2,2,2,0,0,5,2,1,1,4,5,0,0,0,0,0,0,0,0,0,0,0,0,0,0,0,0,0,0,0,0,2,2,2,0,0,4,2,0,0,4,4,0,0,0,0,0,0,0,0,0,0,0,0,0,0,0,0,0,0,0,0,0,0,0,0,0,0,0,0,0,0,0
Sayreville Police,1966-09-01,New Jersey,29100,NJ01219,,not updated,normal return,normal return,normal return,not updated,breakdown offenses,breakdown offenses,breakdown offenses,0,0,0,0,0,1,1,0,0,0,0,0,0,4,0,0,0,0,4,8,8,0,0,15,3,3,0,0,27,8,0,1,26,27,0,0,1,1,0,0,0,0,0,0,4,0,0,0,0,4,0,0,0,0,0,0,0,0,0,1,0,0,1,0,1,0,0,0,0,0,0,0,0,0,0,0,0,0,0,0,0,0,0,0,0,0,0,0,0,0,0,0,0,0,0,0,0,0,0,0,0,0,0,0,0,0,0,0,0,0,0,0,0,0,0,0,0,0,0,0,0,0,0,0,0,0,0
Sayreville Police,1966-10-01,New Jersey,29100,NJ01219,,not updated,normal return,normal return,normal return,not updated,breakdown offenses,breakdown offenses,breakdown offenses,0,0,0,0,2,0,0,0,1,1,0,0,0,4,0,0,0,0,4,15,2,13,0,29,4,4,0,0,51,18,0,1,48,49,0,2,0,0,0,0,0,0,0,0,4,0,0,0,0,4,2,2,0,0,2,3,3,0,0,9,0,0,0,7,7,0,0,0,0,0,0,0,0,0,0,0,0,0,0,0,0,2,2,0,0,2,2,2,0,0,6,0,0,0,6,6,0,0,0,0,0,0,0,0,0,0,0,0,0,0,0,0,0,0,0,0,0,0,0,0,0,0,0,0,0,0,0
Sayreville Police,1966-11-01,New Jersey,29100,NJ01219,,not updated,normal return,normal return,normal return,not updated,breakdown offenses,breakdown offenses,breakdown offenses,0,0,0,0,0,0,0,0,0,0,0,0,0,5,0,0,0,2,3,13,12,0,1,22,3,3,0,0,40,12,2,2,38,40,0,0,0,0,0,0,0,0,0,0,4,0,0,0,1,3,6,6,0,0,0,0,0,0,0,7,0,1,1,6,7,0,0,0,0,0,0,0,0,0,0,0,0,0,0,0,0,4,4,0,0,0,0,0,0,0,4,0,0,0,4,4,0,0,0,0,0,0,0,0,0,0,0,0,0,0,0,0,0,0,0,0,0,0,0,0,0,0,0,0,0,0,0
Sayreville Police,1966-12-01,New Jersey,29100,NJ01219,,not updated,normal return,normal return,normal return,not updated,breakdown offenses,breakdown offenses,breakdown offenses,0,0,0,0,0,0,0,0,0,0,0,0,0,3,0,0,0,0,3,18,15,0,3,45,5,5,0,0,68,40,0,0,68,68,0,0,0,0,0,0,0,0,0,0,3,0,0,0,0,3,3,3,0,0,2,1,1,0,0,6,2,0,0,6,6,0,0,0,0,0,0,0,0,0,0,0,0,0,0,0,0,0,0,0,0,2,0,0,0,0,2,2,0,0,2,2,0,0,0,0,0,0,0,0,0,0,0,0,0,0,0,0,0,0,0,0,0,0,0,0,0,0,0,0,0,0,0
Sayreville Police,1967-01-01,New Jersey,30040,NJ01219,,not updated,adjustment,adjustment,normal return,not updated,breakdown offenses,breakdown offenses,breakdown offenses,0,0,0,0,0,0,0,0,0,0,0,0,0,3,0,0,0,0,3,11,11,0,0,21,5,5,0,0,37,6,0,0,37,37,0,0,0,0,0,0,0,0,0,0,3,0,0,0,0,3,1,1,0,0,0,0,0,0,0,1,0,0,0,1,1,0,0,0,0,0,0,0,0,0,0,0,0,0,0,0,0,0,0,0,0,0,0,0,0,0,0,0,0,0,0,0,0,0,0,0,0,0,0,0,0,0,0,0,0,0,0,0,0,0,0,0,0,0,0,0,0,0,0,0,0,0,0
Sayreville Police,1967-02-01,New Jersey,30040,NJ01219,,not updated,normal return,normal return,not updated,not updated,breakdown offenses,breakdown offenses,breakdown offenses,0,0,0,0,0,1,0,1,2,2,0,0,0,1,0,0,0,0,1,15,15,0,0,19,2,2,0,0,39,11,0,3,36,39,0,0,1,0,1,0,0,0,0,0,1,0,0,0,0,1,0,0,0,0,0,1,1,0,0,2,0,0,1,1,2,0,0,0,0,0,0,0,0,0,0,0,0,0,0,0,0,0,0,0,0,0,0,0,0,0,0,0,0,0,0,0,0,0,0,0,0,0,0,0,0,0,0,0,0,0,0,0,0,0,0,0,0,0,0,0,0,0,0,0,0,0,0
Sayreville Police,1967-03-01,New Jersey,30040,NJ01219,,not updated,normal return,normal return,normal return,not updated,breakdown offenses,breakdown offenses,breakdown offenses,0,0,0,0,0,0,0,0,1,0,0,0,1,4,0,0,0,0,4,10,10,0,0,18,7,7,0,0,36,3,0,1,35,36,0,0,0,0,0,0,0,0,0,0,4,0,0,0,0,4,0,0,0,0,0,7,7,0,0,7,0,0,0,7,7,0,0,0,0,0,0,0,0,0,0,0,0,0,0,0,0,0,0,0,0,0,0,0,0,0,0,0,0,0,0,0,0,0,0,0,0,0,0,0,0,0,0,0,0,0,0,0,0,0,0,0,0,0,0,0,0,0,0,0,0,0,0
Sayreville Police,1967-04-01,New Jersey,30040,NJ01219,,not updated,adjustment,adjustment,normal return,not updated,breakdown offenses,breakdown offenses,breakdown offenses,0,0,0,0,0,0,0,0,0,0,0,0,0,5,0,0,0,1,4,13,13,0,0,19,4,4,0,0,37,10,1,1,36,37,0,0,0,0,0,0,0,0,0,0,5,0,0,0,1,4,0,0,0,0,0,0,0,0,0,1,0,1,1,0,1,0,0,0,0,0,0,0,0,0,0,0,0,0,0,0,0,0,0,0,0,0,0,0,0,0,0,0,0,0,0,0,0,0,0,0,0,0,0,0,0,0,0,0,0,0,0,0,0,0,0,0,0,0,0,0,0,0,0,0,0,0,0
Sayreville Police,1967-05-01,New Jersey,30040,NJ01219,,not updated,adjustment,adjustment,not updated,not updated,breakdown offenses,breakdown offenses,breakdown offenses,0,0,0,0,0,0,0,0,0,0,0,0,0,4,0,0,0,0,4,9,9,0,0,17,5,5,0,0,31,10,0,0,31,31,0,0,0,0,0,0,0,0,0,0,4,0,0,0,0,4,0,0,0,0,0,0,0,0,0,0,0,0,0,0,0,0,0,0,0,0,0,0,0,0,0,0,0,0,0,0,0,0,0,0,0,0,0,0,0,0,0,0,0,0,0,0,0,0,0,0,0,0,0,0,0,0,0,0,0,0,0,0,0,0,0,0,0,0,0,0,0,0,0,0,0,0,0
Sayreville Police,1967-06-01,New Jersey,30040,NJ01219,,not updated,adjustment,adjustment,adjustment,not updated,breakdown offenses,breakdown offenses,breakdown offenses,0,0,0,0,1,0,0,0,0,0,0,0,0,4,0,0,1,0,3,5,5,0,0,19,5,5,0,0,31,7,1,1,29,30,0,0,0,0,0,0,0,0,0,0,4,0,0,1,0,3,0,0,0,0,0,1,1,0,0,2,0,1,1,1,2,0,0,0,0,0,0,0,0,0,0,1,0,0,0,0,1,0,0,0,0,0,1,1,0,0,1,0,0,0,1,1,0,0,0,0,0,0,0,0,0,0,0,0,0,0,0,0,0,0,0,0,0,0,0,0,0,0,0,0,0,0,0
Sayreville Police,1967-07-01,New Jersey,30040,NJ01219,,not updated,adjustment,adjustment,normal return,not updated,breakdown offenses,breakdown offenses,breakdown offenses,0,0,0,0,1,0,0,0,1,0,0,0,1,7,0,0,0,0,7,13,13,0,0,46,3,3,0,0,64,28,0,1,62,63,0,1,0,0,0,0,0,0,0,0,7,0,0,0,0,7,0,0,0,0,1,1,1,0,0,3,1,0,0,2,2,0,0,0,0,0,0,0,0,0,0,0,0,0,0,0,0,0,0,0,0,0,1,1,0,0,1,0,0,0,1,1,0,0,0,0,0,0,0,0,0,0,0,0,0,0,0,0,0,0,0,0,0,0,0,0,0,0,0,0,0,0,0
Sayreville Police,1967-08-01,New Jersey,30040,NJ01219,,not updated,normal return,normal return,normal return,not updated,breakdown offenses,breakdown offenses,breakdown offenses,0,0,0,0,0,0,0,0,0,0,0,0,0,15,2,0,6,6,1,10,10,0,0,44,5,5,0,0,73,28,14,14,59,73,0,0,0,0,0,0,0,0,0,0,15,2,0,6,6,1,0,0,0,0,0,1,1,0,0,15,0,14,14,1,15,0,0,0,0,0,0,0,0,0,0,0,0,0,0,0,0,0,0,0,0,0,0,0,0,0,0,0,0,0,0,0,0,0,0,0,0,0,0,0,0,0,0,0,0,0,0,0,0,0,0,0,0,0,0,0,0,0,0,0,0,0,0
Sayreville Police,1967-09-01,New Jersey,30040,NJ01219,,not updated,normal return,normal return,normal return,not updated,breakdown offenses,breakdown offenses,breakdown offenses,0,0,0,0,0,0,0,0,0,0,0,0,0,2,0,0,0,0,2,8,7,1,0,13,9,9,0,0,30,5,0,0,30,30,0,0,0,0,0,0,0,0,0,0,2,0,0,0,0,2,0,0,0,0,0,2,2,0,0,2,0,0,0,2,2,0,0,0,0,0,0,0,0,0,0,0,0,0,0,0,0,0,0,0,0,0,0,0,0,0,0,0,0,0,0,0,0,0,0,0,0,0,0,0,0,0,0,0,0,0,0,0,0,0,0,0,0,0,0,0,0,0,0,0,0,0,0
Sayreville Police,1967-10-01,New Jersey,30040,NJ01219,,not updated,normal return,adjustment,normal return,not updated,breakdown offenses,breakdown offenses,breakdown offenses,0,0,0,0,1,0,0,0,0,0,0,0,0,3,0,0,0,0,3,8,8,0,0,26,5,5,0,0,40,14,0,0,39,39,0,1,0,0,0,0,0,0,0,0,3,0,0,0,0,3,0,0,0,0,0,0,0,0,0,1,0,0,0,0,0,0,0,0,0,0,0,0,0,0,0,0,0,0,0,0,0,0,0,0,0,0,0,0,0,0,0,0,0,0,0,0,0,0,0,0,0,0,0,0,0,0,0,0,0,0,0,0,0,0,0,0,0,0,0,0,0,0,0,0,0,0,0
Sayreville Police,1967-11-01,New Jersey,30040,NJ01219,,not updated,normal return,normal return,normal return,not updated,breakdown offenses,breakdown offenses,breakdown offenses,0,0,0,0,0,0,0,0,1,0,0,0,1,9,0,0,0,0,9,10,10,0,0,22,7,7,0,0,40,11,0,1,39,40,0,0,0,0,0,0,0,0,0,0,9,0,0,0,0,9,0,0,0,0,0,0,0,0,0,0,0,0,0,0,0,0,0,0,0,0,0,0,0,0,0,0,0,0,0,0,0,0,0,0,0,0,0,0,0,0,0,0,0,0,0,0,0,0,0,0,0,0,0,0,0,0,0,0,0,0,0,0,0,0,0,0,0,0,0,0,0,0,0,0,0,0,0
Sayreville Police,1967-12-01,New Jersey,30040,NJ01219,,not updated,adjustment,adjustment,normal return,not updated,breakdown offenses,breakdown offenses,breakdown offenses,0,0,0,0,1,1,1,0,4,3,0,0,1,2,0,1,0,0,1,18,18,0,0,24,7,7,0,0,56,13,1,6,49,55,0,1,1,1,0,0,0,0,0,0,2,0,1,0,0,1,0,0,0,0,0,0,0,0,0,3,0,1,2,0,2,0,0,0,0,0,0,0,0,0,0,0,0,0,0,0,0,0,0,0,0,0,0,0,0,0,0,0,0,0,0,0,0,0,0,0,0,0,0,0,0,0,0,0,0,0,0,0,0,0,0,0,0,0,0,0,0,0,0,0,0,0,0
Sayreville Police,1968-01-01,New Jersey,30705,NJ01219,,not updated,normal return,normal return,normal return,not updated,breakdown offenses,breakdown offenses,breakdown offenses,0,0,0,0,1,0,0,0,1,1,0,0,0,8,0,0,0,0,8,18,18,0,0,14,6,6,0,0,40,6,0,1,38,39,0,1,0,0,0,0,0,0,0,0,8,0,0,0,0,8,0,0,0,0,0,0,0,0,0,1,0,0,0,0,0,0,0,0,0,0,0,0,0,0,0,0,0,0,0,0,0,0,0,0,0,0,0,0,0,0,0,0,0,0,0,0,0,0,0,0,0,0,0,0,0,0,0,0,0,0,0,0,0,0,0,0,0,0,0,0,0,0,0,0,0,0,0
Sayreville Police,1968-02-01,New Jersey,30705,NJ01219,,not updated,normal return,normal return,normal return,not updated,breakdown offenses,breakdown offenses,breakdown offenses,0,0,0,0,0,0,0,0,1,1,0,0,0,3,0,0,1,0,2,25,25,0,0,13,7,7,0,0,47,9,1,2,45,47,0,0,0,0,0,0,0,0,0,0,3,0,0,1,0,2,0,0,0,0,0,0,0,0,0,1,0,1,1,0,1,0,0,0,0,0,0,0,0,0,0,0,0,0,0,0,0,0,0,0,0,0,0,0,0,0,0,0,0,0,0,0,0,0,0,0,0,0,0,0,0,0,0,0,0,0,0,0,0,0,0,0,0,0,0,0,0,0,0,0,0,0,0
Sayreville Police,1968-03-01,New Jersey,30705,NJ01219,,not updated,normal return,normal return,normal return,not updated,breakdown offenses,breakdown offenses,breakdown offenses,0,0,0,0,0,0,0,0,0,0,0,0,0,8,0,0,0,0,8,16,13,1,2,26,9,9,0,0,51,10,0,0,51,51,0,0,0,0,0,0,0,0,0,0,8,0,0,0,0,8,0,0,0,0,0,2,2,0,0,2,0,0,0,2,2,0,0,0,0,0,0,0,0,0,0,0,0,0,0,0,0,0,0,0,0,0,2,2,0,0,2,0,0,0,2,2,0,0,0,0,0,0,0,0,0,0,0,0,0,0,0,0,0,0,0,0,0,0,0,0,0,0,0,0,0,0,0
Sayreville Police,1968-04-01,New Jersey,30705,NJ01219,,not updated,normal return,normal return,normal return,not updated,breakdown offenses,breakdown offenses,breakdown offenses,0,0,0,0,0,0,0,0,2,1,0,0,1,20,0,0,0,1,19,15,15,0,0,29,3,3,0,0,50,17,1,3,47,50,0,0,0,0,0,0,0,0,0,0,20,0,0,0,1,19,2,2,0,0,1,0,0,0,0,4,1,1,1,3,4,0,0,0,0,0,0,0,0,0,0,0,0,0,0,0,0,0,0,0,0,1,0,0,0,0,1,1,0,0,1,1,0,0,0,0,0,0,0,0,0,0,0,0,0,0,0,0,0,0,0,0,0,0,0,0,0,0,0,0,0,0,0
Sayreville Police,1968-05-01,New Jersey,30705,NJ01219,,not updated,normal return,normal return,normal return,not updated,breakdown offenses,breakdown offenses,breakdown offenses,0,0,0,0,0,0,0,0,1,1,0,0,0,4,0,0,0,0,4,16,16,0,0,34,10,10,0,0,61,10,0,1,60,61,0,0,0,0,0,1,1,0,0,0,4,0,0,0,0,4,2,2,0,0,0,0,0,0,0,3,0,0,1,2,3,0,0,0,0,0,0,0,0,0,0,0,0,0,0,0,0,0,0,0,0,0,0,0,0,0,0,0,0,0,0,0,0,0,0,0,0,0,0,0,0,0,0,0,0,0,0,0,0,0,0,0,0,0,0,0,0,0,0,0,0,0,0
Sayreville Police,1968-06-01,New Jersey,30705,NJ01219,,not updated,normal return,normal return,normal return,not updated,breakdown offenses,breakdown offenses,breakdown offenses,0,0,0,0,0,0,0,0,2,2,0,0,0,3,0,0,0,1,2,27,20,3,4,40,6,6,0,0,76,23,1,3,73,76,0,0,0,0,0,0,0,0,0,0,3,0,0,0,1,2,0,0,0,0,0,0,0,0,0,1,0,1,1,0,1,0,0,0,0,0,0,0,0,0,0,0,0,0,0,0,0,0,0,0,0,0,0,0,0,0,0,0,0,0,0,0,0,0,0,0,0,0,0,0,0,0,0,0,0,0,0,0,0,0,0,0,0,0,0,0,0,0,0,0,0,0,0
Sayreville Police,1968-07-01,New Jersey,30705,NJ01219,,not updated,adjustment,normal return,normal return,not updated,breakdown offenses,breakdown offenses,breakdown offenses,0,0,0,0,0,1,0,1,2,2,0,0,0,3,0,0,0,0,3,27,27,0,0,43,2,2,0,0,75,19,0,3,72,75,0,0,1,0,1,0,0,0,0,0,3,0,0,0,0,3,0,0,0,0,1,0,0,0,0,2,0,0,1,1,2,0,0,0,0,0,0,0,0,0,0,0,0,0,0,0,0,0,0,0,0,0,0,0,0,0,0,0,0,0,0,0,0,0,0,0,0,0,0,0,0,0,0,0,0,0,0,0,0,0,0,0,0,0,0,0,0,0,0,0,0,0,0
Sayreville Police,1968-08-01,New Jersey,30705,NJ01219,,not updated,normal return,normal return,normal return,not updated,breakdown offenses,breakdown offenses,breakdown offenses,0,0,0,1,0,0,0,0,3,3,0,0,0,1,0,0,0,0,1,17,17,0,0,45,8,8,0,0,74,18,0,4,70,74,1,0,0,0,0,1,1,0,0,0,1,0,0,0,0,1,3,3,0,0,0,0,0,0,0,5,0,0,2,3,5,0,0,0,0,0,0,0,0,0,0,0,0,0,0,0,0,0,0,0,0,0,0,0,0,0,0,0,0,0,0,0,0,0,0,0,0,0,0,0,0,0,0,0,0,0,0,0,0,0,0,0,0,0,0,0,0,0,0,0,0,0,0
Sayreville Police,1968-09-01,New Jersey,30705,NJ01219,,not updated,normal return,normal return,normal return,not updated,breakdown offenses,breakdown offenses,breakdown offenses,0,0,0,0,0,1,1,0,1,1,0,0,0,2,0,1,0,0,1,8,8,0,0,54,7,7,0,0,72,20,1,3,69,72,0,0,1,1,0,0,0,0,0,0,2,0,1,0,0,1,0,0,0,0,0,0,0,0,0,2,0,1,2,0,2,0,0,0,0,0,0,0,0,0,0,0,0,0,0,0,0,0,0,0,0,0,0,0,0,0,0,0,0,0,0,0,0,0,0,0,0,0,0,0,0,0,0,0,0,0,0,0,0,0,0,0,0,0,0,0,0,0,0,0,0,0,0
Sayreville Police,1968-10-01,New Jersey,30705,NJ01219,,not updated,normal return,normal return,normal return,not updated,breakdown offenses,breakdown offenses,breakdown offenses,0,0,0,0,0,0,0,0,1,1,0,0,0,4,0,0,0,2,2,9,9,0,0,38,5,5,0,0,55,21,2,3,52,55,0,0,0,0,0,0,0,0,0,0,4,0,0,0,2,2,1,1,0,0,1,0,0,0,0,4,1,2,2,2,4,0,0,0,0,0,0,0,0,0,0,0,0,0,0,0,0,0,0,0,0,0,0,0,0,0,0,0,0,0,0,0,0,0,0,0,0,0,0,0,0,0,0,0,0,0,0,0,0,0,0,0,0,0,0,0,0,0,0,0,0,0,0
Sayreville Police,1968-11-01,New Jersey,30705,NJ01219,,not updated,normal return,normal return,normal return,not updated,breakdown offenses,breakdown offenses,breakdown offenses,0,0,0,0,1,0,0,0,2,1,0,0,1,3,0,0,0,0,3,17,17,0,0,26,3,3,0,0,49,7,0,2,46,48,0,1,0,0,0,0,0,0,0,0,3,0,0,0,0,3,1,1,0,0,0,0,0,0,0,2,0,0,0,1,1,0,0,0,0,0,0,0,0,0,0,0,0,0,0,0,0,0,0,0,0,0,0,0,0,0,0,0,0,0,0,0,0,0,0,0,0,0,0,0,0,0,0,0,0,0,0,0,0,0,0,0,0,0,0,0,0,0,0,0,0,0,0
Sayreville Police,1968-12-01,New Jersey,30705,NJ01219,,not updated,normal return,normal return,normal return,not updated,breakdown offenses,breakdown offenses,breakdown offenses,0,0,0,0,0,0,0,0,0,0,0,0,0,2,0,0,0,0,2,7,7,0,0,38,9,9,0,0,54,30,0,0,54,54,0,0,0,0,0,0,0,0,0,0,2,0,0,0,0,2,0,0,0,0,0,1,1,0,0,1,0,0,0,1,1,0,0,0,0,0,0,0,0,0,0,0,0,0,0,0,0,0,0,0,0,0,0,0,0,0,0,0,0,0,0,0,0,0,0,0,0,0,0,0,0,0,0,0,0,0,0,0,0,0,0,0,0,0,0,0,0,0,0,0,0,0,0
Sayreville Police,1969-01-01,New Jersey,31346,NJ01219,,not updated,normal return,normal return,normal return,not updated,breakdown offenses,breakdown offenses,breakdown offenses,0,0,0,0,0,0,0,0,2,2,0,0,0,3,0,0,0,0,3,5,5,0,0,17,7,7,0,0,31,10,0,2,29,31,0,0,0,0,0,1,1,0,0,0,3,0,0,0,0,3,0,0,0,0,0,1,1,0,0,2,0,0,1,1,2,0,0,0,0,0,0,0,0,0,0,0,0,0,0,0,0,0,0,0,0,0,0,0,0,0,0,0,0,0,0,0,0,0,0,0,0,0,0,0,0,0,0,0,0,0,0,0,0,0,0,0,0,0,0,0,0,0,0,0,0,0,0
Sayreville Police,1969-02-01,New Jersey,31346,NJ01219,,not updated,normal return,normal return,normal return,not updated,breakdown offenses,breakdown offenses,breakdown offenses,0,0,0,0,1,1,1,0,1,1,0,0,0,5,0,0,0,0,5,3,3,0,0,16,5,5,0,0,27,6,0,2,24,26,0,1,1,1,0,0,0,0,0,0,5,0,0,0,0,5,0,0,0,0,0,0,0,0,0,2,0,0,1,0,1,0,0,0,0,0,0,0,0,0,0,0,0,0,0,0,0,0,0,0,0,0,0,0,0,0,0,0,0,0,0,0,0,0,0,0,0,0,0,0,0,0,0,0,0,0,0,0,0,0,0,0,0,0,0,0,0,0,0,0,0,0,0
Sayreville Police,1969-03-01,New Jersey,31346,NJ01219,,not updated,normal return,normal return,normal return,not updated,breakdown offenses,breakdown offenses,breakdown offenses,0,0,0,0,0,1,1,0,0,0,0,0,0,3,0,0,0,0,3,5,5,0,0,25,6,6,0,0,37,12,0,1,36,37,0,0,1,1,0,0,0,0,0,0,3,0,0,0,0,3,0,0,0,0,0,1,1,0,0,2,0,0,1,1,2,0,0,0,0,0,0,0,0,0,0,0,0,0,0,0,0,0,0,0,0,0,0,0,0,0,0,0,0,0,0,0,0,0,0,0,0,0,0,0,0,0,0,0,0,0,0,0,0,0,0,0,0,0,0,0,0,0,0,0,0,0,0
Sayreville Police,1969-04-01,New Jersey,31346,NJ01219,,not updated,normal return,normal return,normal return,not updated,breakdown offenses,breakdown offenses,breakdown offenses,0,0,0,1,0,0,0,0,0,0,0,0,0,2,0,0,0,0,2,6,6,0,0,27,7,7,0,0,41,10,0,1,40,41,0,0,0,0,0,0,0,0,0,0,2,0,0,0,0,2,0,0,0,0,0,0,0,0,0,0,0,0,0,0,0,0,0,0,0,0,0,0,0,0,0,0,0,0,0,0,0,0,0,0,0,0,0,0,0,0,0,0,0,0,0,0,0,0,0,0,0,0,0,0,0,0,0,0,0,0,0,0,0,0,0,0,0,0,0,0,0,0,0,0,0,0,0
Sayreville Police,1969-05-01,New Jersey,31346,NJ01219,,not updated,normal return,normal return,normal return,not updated,breakdown offenses,breakdown offenses,breakdown offenses,0,0,0,0,1,1,1,0,1,0,0,0,1,5,0,0,0,0,5,3,3,0,0,35,7,7,0,0,48,16,0,2,45,47,0,1,1,1,0,0,0,0,0,0,0,0,0,0,0,0,0,0,0,0,1,0,0,0,0,3,0,0,1,1,2,0,1,0,0,0,0,0,0,0,0,0,0,0,0,0,0,0,0,0,0,0,0,0,0,0,1,0,0,0,0,0,0,0,0,0,0,0,0,0,0,0,0,0,0,0,0,0,0,0,0,0,0,0,0,0,0,0,0,0,0,0,0
Sayreville Police,1969-06-01,New Jersey,31346,NJ01219,,not updated,normal return,normal return,normal return,not updated,breakdown offenses,breakdown offenses,breakdown offenses,0,0,0,0,2,0,0,0,0,0,0,0,0,1,0,0,0,0,1,8,8,0,0,22,12,12,0,0,44,9,0,0,42,42,0,1,0,0,0,0,0,0,0,0,1,0,0,0,0,1,0,0,0,0,0,0,0,0,0,1,0,0,0,0,0,0,0,0,0,0,0,0,0,0,0,0,0,0,0,0,0,0,0,0,0,0,0,0,0,0,0,0,0,0,0,0,0,0,0,0,0,0,0,0,0,0,0,0,0,0,0,0,0,0,0,0,0,0,0,0,0,0,0,0,0,0,0
Sayreville Police,1969-07-01,New Jersey,31346,NJ01219,,not updated,normal return,normal return,normal return,not updated,breakdown offenses,breakdown offenses,breakdown offenses,0,0,0,0,0,0,0,0,0,0,0,0,0,3,0,0,0,0,3,9,9,0,0,31,3,3,0,0,43,14,0,0,43,43,0,1,0,0,0,0,0,0,0,0,3,0,0,0,0,3,0,0,0,0,0,0,0,0,0,1,0,0,0,0,0,0,0,0,0,0,0,0,0,0,0,0,0,0,0,0,0,0,0,0,0,0,0,0,0,0,0,0,0,0,0,0,0,0,0,0,0,0,0,0,0,0,0,0,0,0,0,0,0,0,0,0,0,0,0,0,0,0,0,0,0,0,0
Sayreville Police,1969-08-01,New Jersey,31346,NJ01219,,not updated,normal return,normal return,normal return,not updated,breakdown offenses,breakdown offenses,breakdown offenses,0,0,0,0,0,0,0,0,1,0,0,0,1,4,0,0,0,1,3,5,5,0,0,41,6,6,0,0,54,23,1,2,52,54,0,0,0,0,0,0,0,0,0,0,4,0,0,0,1,3,0,0,0,0,0,0,0,0,0,1,0,1,1,0,1,0,0,0,0,0,0,0,0,0,0,0,0,0,0,0,0,0,0,0,0,0,0,0,0,0,0,0,0,0,0,0,0,0,0,0,0,0,0,0,0,0,0,0,0,0,0,0,0,0,0,0,0,0,0,0,0,0,0,0,0,0,0
Sayreville Police,1969-09-01,New Jersey,31346,NJ01219,,not updated,normal return,normal return,normal return,not updated,breakdown offenses,breakdown offenses,breakdown offenses,0,0,0,0,2,1,1,0,0,0,0,0,0,2,0,0,0,0,2,9,9,0,0,28,4,4,0,0,44,9,0,1,41,42,0,0,0,0,0,0,0,0,0,0,2,0,0,0,0,2,0,0,0,0,3,0,0,0,0,3,0,0,0,3,3,0,0,0,0,0,0,0,0,0,0,0,0,0,0,0,0,0,0,0,0,0,0,0,0,0,0,0,0,0,0,0,0,0,0,0,0,0,0,0,0,0,0,0,0,0,0,0,0,0,0,0,0,0,0,0,0,0,0,0,0,0,0
Sayreville Police,1969-10-01,New Jersey,31346,NJ01219,,not updated,normal return,normal return,normal return,not updated,breakdown offenses,breakdown offenses,breakdown offenses,0,0,0,0,0,0,0,0,0,0,0,0,0,4,0,0,0,0,4,11,10,1,0,22,4,4,0,0,37,11,0,0,37,37,0,1,0,0,0,0,0,0,0,0,4,0,0,0,0,4,1,0,1,0,0,0,0,0,0,2,0,0,0,1,1,0,0,0,0,0,0,0,0,0,0,0,0,0,0,0,0,0,0,0,0,0,0,0,0,0,0,0,0,0,0,0,0,0,0,0,0,0,0,0,0,0,0,0,0,0,0,0,0,0,0,0,0,0,0,0,0,0,0,0,0,0,0
Sayreville Police,1969-11-01,New Jersey,31346,NJ01219,,not updated,normal return,normal return,normal return,not updated,breakdown offenses,breakdown offenses,breakdown offenses,0,0,0,0,0,0,0,0,0,0,0,0,0,5,0,0,0,2,3,8,8,0,0,23,8,8,0,0,41,13,2,2,39,41,0,1,0,0,0,0,0,0,0,0,5,0,0,0,2,3,2,2,0,0,0,0,0,0,0,5,0,2,2,2,4,0,0,0,0,0,0,0,0,0,0,0,0,0,0,0,0,0,0,0,0,0,0,0,0,0,0,0,0,0,0,0,0,0,0,0,0,0,0,0,0,0,0,0,0,0,0,0,0,0,0,0,0,0,0,0,0,0,0,0,0,0,0
Sayreville Police,1969-12-01,New Jersey,31346,NJ01219,,not updated,normal return,normal return,normal return,not updated,breakdown offenses,breakdown offenses,breakdown offenses,0,0,0,0,1,0,0,0,0,0,0,0,0,1,0,0,0,1,0,10,10,0,0,19,3,3,0,0,34,11,1,1,32,33,0,1,0,0,0,0,0,0,0,0,1,0,0,0,1,0,0,0,0,0,1,0,0,0,0,3,1,1,1,1,2,0,0,0,0,0,0,0,0,0,0,0,0,0,0,0,0,0,0,0,0,0,0,0,0,0,0,0,0,0,0,0,0,0,0,0,0,0,0,0,0,0,0,0,0,0,0,0,0,0,0,0,0,0,0,0,0,0,0,0,0,0,0
Sayreville Police,1970-01-01,New Jersey,32508,NJ01219,,not updated,normal return,normal return,normal return,not updated,breakdown offenses,breakdown offenses,breakdown offenses,0,0,0,0,1,0,0,0,0,0,0,0,0,1,0,0,1,0,0,8,8,0,0,13,2,2,0,0,25,5,1,1,23,24,0,1,0,0,0,0,0,0,0,0,1,0,0,1,0,0,1,1,0,0,0,0,0,0,0,3,0,1,1,1,2,0,0,0,0,0,0,0,0,0,0,0,0,0,0,0,0,0,0,0,0,0,0,0,0,0,0,0,0,0,0,0,0,0,0,0,0,0,0,0,0,0,0,0,0,0,0,0,0,0,0,0,0,0,0,0,0,0,0,0,0,0,0
Sayreville Police,1970-02-01,New Jersey,32508,NJ01219,,not updated,normal return,normal return,normal return,not updated,breakdown offenses,breakdown offenses,breakdown offenses,0,0,0,0,0,0,0,0,0,0,0,0,0,1,0,0,0,0,1,11,11,0,0,32,7,7,0,0,50,10,0,0,50,50,0,0,0,0,0,0,0,0,0,0,1,0,0,0,0,1,1,1,0,0,1,1,1,0,0,3,0,0,0,3,3,0,0,0,0,0,0,0,0,0,0,0,0,0,0,0,0,0,0,0,0,0,0,0,0,0,0,0,0,0,0,0,0,0,0,0,0,0,0,0,0,0,0,0,0,0,0,0,0,0,0,0,0,0,0,0,0,0,0,0,0,0,0
Sayreville Police,1970-03-01,New Jersey,32508,NJ01219,,not updated,normal return,normal return,normal return,not updated,breakdown offenses,breakdown offenses,breakdown offenses,0,0,0,0,0,0,0,0,0,0,0,0,0,3,0,0,1,0,2,10,10,0,0,29,4,4,0,0,44,8,1,1,43,44,0,0,0,0,0,0,0,0,0,0,3,0,0,1,0,2,0,0,0,0,0,1,1,0,0,2,0,1,1,1,2,0,0,0,0,0,0,0,0,0,0,0,0,0,0,0,0,0,0,0,0,0,0,0,0,0,0,0,0,0,0,0,0,0,0,0,0,0,0,0,0,0,0,0,0,0,0,0,0,0,0,0,0,0,0,0,0,0,0,0,0,0,0
Sayreville Police,1970-04-01,New Jersey,32508,NJ01219,,not updated,normal return,normal return,normal return,not updated,breakdown offenses,breakdown offenses,breakdown offenses,0,0,0,0,0,0,0,0,1,0,0,0,1,2,0,0,0,1,1,8,8,0,0,40,6,6,0,0,56,14,1,2,54,56,0,0,0,0,0,0,0,0,0,0,2,0,0,0,1,1,0,0,0,0,0,0,0,0,0,1,0,1,1,0,1,0,0,0,0,0,0,0,0,0,0,0,0,0,0,0,0,0,0,0,0,0,0,0,0,0,0,0,0,0,0,0,0,0,0,0,0,0,0,0,0,0,0,0,0,0,0,0,0,0,0,0,0,0,0,0,0,0,0,0,0,0,0
Sayreville Police,1970-05-01,New Jersey,32508,NJ01219,,not updated,normal return,normal return,normal return,not updated,breakdown offenses,breakdown offenses,breakdown offenses,0,0,0,0,0,0,0,0,2,0,0,0,2,10,0,0,0,4,6,5,5,0,0,48,9,9,0,0,68,16,4,6,62,68,0,0,0,0,0,0,0,0,0,0,10,0,0,0,4,6,0,0,0,0,0,0,0,0,0,4,0,4,4,0,4,0,0,0,0,0,0,0,0,0,0,0,0,0,0,0,0,0,0,0,0,0,0,0,0,0,0,0,0,0,0,0,0,0,0,0,0,0,0,0,0,0,0,0,0,0,0,0,0,0,0,0,0,0,0,0,0,0,0,0,0,0,0
Sayreville Police,1970-06-01,New Jersey,32508,NJ01219,,not updated,normal return,normal return,normal return,not updated,breakdown offenses,breakdown offenses,breakdown offenses,0,0,0,0,0,0,0,0,2,2,0,0,0,4,0,0,0,2,2,10,10,0,0,54,5,5,0,0,73,13,2,4,69,73,0,0,0,0,0,0,0,0,0,0,4,0,0,0,2,2,0,0,0,0,1,0,0,0,0,3,1,2,2,1,3,0,0,0,0,0,0,0,0,0,0,0,0,0,0,0,0,0,0,0,0,0,0,0,0,0,0,0,0,0,0,0,0,0,0,0,0,0,0,0,0,0,0,0,0,0,0,0,0,0,0,0,0,0,0,0,0,0,0,0,0,0,0
Sayreville Police,1970-07-01,New Jersey,32508,NJ01219,,not updated,normal return,normal return,normal return,not updated,breakdown offenses,breakdown offenses,breakdown offenses,0,0,0,0,0,0,0,0,0,0,0,0,0,5,0,0,0,0,5,14,14,0,0,52,5,5,0,0,71,17,0,0,71,71,0,0,0,0,0,0,0,0,0,0,5,0,0,0,0,5,0,0,0,0,1,0,0,0,0,1,1,0,0,1,1,0,0,0,0,0,0,0,0,0,0,0,0,0,0,0,0,0,0,0,0,0,0,0,0,0,0,0,0,0,0,0,0,0,0,0,0,0,0,0,0,0,0,0,0,0,0,0,0,0,0,0,0,0,0,0,0,0,0,0,0,0,0
Sayreville Police,1970-08-01,New Jersey,32508,NJ01219,,not updated,normal return,normal return,normal return,not updated,breakdown offenses,breakdown offenses,breakdown offenses,0,0,0,0,1,0,0,0,0,0,0,0,0,2,0,0,0,0,2,11,11,0,0,67,8,8,0,0,87,27,0,0,86,86,0,1,0,0,0,0,0,0,0,0,2,0,0,0,0,2,1,1,0,0,2,0,0,0,0,4,2,0,0,3,3,0,0,0,0,0,0,0,0,0,0,0,0,0,0,0,0,0,0,0,0,0,0,0,0,0,0,0,0,0,0,0,0,0,0,0,0,0,0,0,0,0,0,0,0,0,0,0,0,0,0,0,0,0,0,0,0,0,0,0,0,0,0
Sayreville Police,1970-09-01,New Jersey,32508,NJ01219,,not updated,normal return,normal return,normal return,not updated,breakdown offenses,breakdown offenses,breakdown offenses,0,0,0,0,0,0,0,0,0,0,0,0,0,1,0,0,0,1,0,9,9,0,0,36,6,6,0,0,52,11,1,1,51,52,0,0,0,0,0,0,0,0,0,0,1,0,0,0,1,0,1,1,0,0,2,0,0,0,0,4,1,1,1,3,4,0,0,0,0,0,0,0,0,0,0,0,0,0,0,0,0,0,0,0,0,0,0,0,0,0,0,0,0,0,0,0,0,0,0,0,0,0,0,0,0,0,0,0,0,0,0,0,0,0,0,0,0,0,0,0,0,0,0,0,0,0,0
Sayreville Police,1970-10-01,New Jersey,32508,NJ01219,,not updated,normal return,normal return,normal return,not updated,breakdown offenses,breakdown offenses,breakdown offenses,0,0,0,0,0,0,0,0,3,3,0,0,0,4,0,0,0,4,0,16,16,0,0,36,6,6,0,0,65,15,4,7,58,65,0,0,0,0,0,1,1,0,0,0,4,0,0,0,4,0,0,0,0,0,1,0,0,0,0,6,1,4,5,1,6,0,0,0,0,0,0,0,0,0,0,0,0,0,0,0,0,0,0,0,0,0,0,0,0,0,0,0,0,0,0,0,0,0,0,0,0,0,0,0,0,0,0,0,0,0,0,0,0,0,0,0,0,0,0,0,0,0,0,0,0,0,0
Sayreville Police,1970-11-01,New Jersey,32508,NJ01219,,not updated,normal return,normal return,normal return,not updated,breakdown offenses,breakdown offenses,breakdown offenses,0,0,0,0,0,0,0,0,2,2,0,0,0,1,0,0,0,0,1,9,8,1,0,35,4,4,0,0,50,12,0,2,48,50,0,0,0,0,0,2,2,0,0,0,1,0,0,0,0,1,1,0,1,0,0,1,1,0,0,4,0,0,2,2,4,0,0,0,0,0,0,0,0,0,0,0,0,0,0,0,0,0,0,0,0,0,0,0,0,0,0,0,0,0,0,0,0,0,0,0,0,0,0,0,0,0,0,0,0,0,0,0,0,0,0,0,0,0,0,0,0,0,0,0,0,0,0
Sayreville Police,1970-12-01,New Jersey,32508,NJ01219,,not updated,normal return,normal return,normal return,not updated,breakdown offenses,breakdown offenses,breakdown offenses,0,0,0,0,0,0,0,0,1,1,0,0,0,1,0,0,0,0,1,18,18,0,0,23,4,4,0,0,46,11,0,1,45,46,0,0,0,0,0,0,0,0,0,0,1,0,0,0,0,1,0,0,0,0,0,0,0,0,0,0,0,0,0,0,0,0,0,0,0,0,0,0,0,0,0,0,0,0,0,0,0,0,0,0,0,0,0,0,0,0,0,0,0,0,0,0,0,0,0,0,0,0,0,0,0,0,0,0,0,0,0,0,0,0,0,0,0,0,0,0,0,0,0,0,0,0,0
Sayreville Police,1971-01-01,New Jersey,32705,NJ01219,,not updated,normal return,normal return,normal return,not updated,breakdown offenses,breakdown offenses,breakdown offenses,0,0,0,0,0,0,0,0,0,0,0,0,0,6,0,0,0,0,6,12,12,0,0,25,8,8,0,0,45,9,0,0,45,45,0,0,0,0,0,0,0,0,0,0,6,0,0,0,0,6,2,2,0,0,0,1,1,0,0,3,0,0,0,3,3,0,0,0,0,0,0,0,0,0,0,0,0,0,0,0,0,0,0,0,0,0,1,1,0,0,1,0,0,0,1,1,0,0,0,0,0,0,0,0,0,0,0,0,0,0,0,0,0,0,0,0,0,0,0,0,0,0,0,0,0,0,0
Sayreville Police,1971-02-01,New Jersey,32705,NJ01219,,not updated,normal return,normal return,normal return,not updated,breakdown offenses,breakdown offenses,breakdown offenses,0,0,0,0,1,0,0,0,1,1,0,0,0,5,0,1,0,0,4,12,12,0,0,21,8,8,0,0,44,5,1,2,41,43,0,1,0,0,0,0,0,0,0,0,4,0,0,0,0,4,0,0,0,0,0,1,1,0,0,2,0,0,0,1,1,0,0,0,0,0,0,0,0,0,0,0,0,0,0,0,0,0,0,0,0,0,0,0,0,0,0,0,0,0,0,0,0,0,0,0,0,0,0,0,0,0,0,0,0,0,0,0,0,0,0,0,0,0,0,0,0,0,0,0,0,0,0
Sayreville Police,1971-03-01,New Jersey,32705,NJ01219,,not updated,normal return,normal return,normal return,not updated,breakdown offenses,breakdown offenses,breakdown offenses,0,0,0,0,0,0,0,0,0,0,0,0,0,3,0,0,0,0,3,5,5,0,0,28,10,10,0,0,43,6,0,0,43,43,0,0,0,0,0,0,0,0,0,0,3,0,0,0,0,3,3,3,0,0,1,0,0,0,0,4,0,0,0,4,4,0,0,0,0,0,0,0,0,0,0,0,0,0,0,0,0,3,3,0,0,1,0,0,0,0,4,0,0,0,4,4,0,0,0,0,0,0,0,0,0,0,0,0,0,0,0,0,0,0,0,0,0,0,0,0,0,0,0,0,0,0,0
Sayreville Police,1971-04-01,New Jersey,32705,NJ01219,,not updated,normal return,normal return,normal return,not updated,breakdown offenses,breakdown offenses,breakdown offenses,0,0,0,0,0,0,0,0,1,1,0,0,0,3,0,0,0,0,3,11,11,0,0,35,7,7,0,0,54,13,0,1,53,54,0,0,0,0,0,0,0,0,0,0,3,0,0,0,0,3,3,3,0,0,2,0,0,0,0,5,1,0,0,5,5,0,0,0,0,0,0,0,0,0,0,0,0,0,0,0,0,0,0,0,0,0,0,0,0,0,0,0,0,0,0,0,0,0,0,0,0,0,0,0,0,0,0,0,0,0,0,0,0,0,0,0,0,0,0,0,0,0,0,0,0,0,0
Sayreville Police,1971-05-01,New Jersey,32705,NJ01219,,not updated,normal return,normal return,normal return,not updated,breakdown offenses,breakdown offenses,breakdown offenses,0,0,0,0,0,0,0,0,2,2,0,0,0,4,0,0,0,0,4,12,11,1,0,39,8,8,0,0,61,13,0,2,59,61,0,0,0,0,0,0,0,0,0,0,4,0,0,0,0,4,9,9,0,0,5,1,1,0,0,15,0,0,0,15,15,0,0,0,0,0,0,0,0,0,0,0,0,0,0,0,0,0,0,0,0,0,0,0,0,0,0,0,0,0,0,0,0,0,0,0,0,0,0,0,0,0,0,0,0,0,0,0,0,0,0,0,0,0,0,0,0,0,0,0,0,0,0
Sayreville Police,1971-06-01,New Jersey,32705,NJ01219,,not updated,normal return,normal return,normal return,not updated,breakdown offenses,breakdown offenses,breakdown offenses,0,0,0,0,0,0,0,0,1,1,0,0,0,12,0,0,1,0,11,11,11,0,0,40,2,2,0,0,55,19,1,2,53,55,0,0,0,0,0,0,0,0,0,0,12,0,0,1,0,11,5,5,0,0,0,1,1,0,0,7,0,1,1,6,7,0,0,0,0,0,0,0,0,0,0,0,0,0,0,0,0,0,0,0,0,0,0,0,0,0,0,0,0,0,0,0,0,0,0,0,0,0,0,0,0,0,0,0,0,0,0,0,0,0,0,0,0,0,0,0,0,0,0,0,0,0,0
Sayreville Police,1971-07-01,New Jersey,32705,NJ01219,,not updated,normal return,normal return,normal return,not updated,breakdown offenses,breakdown offenses,breakdown offenses,0,0,0,0,0,0,0,0,0,0,0,0,0,1,0,0,0,0,1,40,40,0,0,48,10,10,0,0,98,18,0,0,98,98,0,0,0,0,0,0,0,0,0,0,1,0,0,0,0,1,4,4,0,0,0,0,0,0,0,4,0,0,0,4,4,0,0,0,0,0,0,0,0,0,0,0,0,0,0,0,0,0,0,0,0,0,0,0,0,0,0,0,0,0,0,0,0,0,0,0,0,0,0,0,0,0,0,0,0,0,0,0,0,0,0,0,0,0,0,0,0,0,0,0,0,0,0
Sayreville Police,1971-08-01,New Jersey,32705,NJ01219,,not updated,normal return,normal return,normal return,not updated,breakdown offenses,breakdown offenses,breakdown offenses,0,0,0,0,0,0,0,0,1,1,0,0,0,2,0,0,0,1,1,33,33,0,0,48,7,7,0,0,90,19,1,2,88,90,0,0,0,0,0,0,0,0,0,0,2,0,0,0,1,1,2,2,0,0,2,0,0,0,0,5,0,1,1,4,5,0,0,0,0,0,0,0,0,0,0,0,0,0,0,0,0,0,0,0,0,0,0,0,0,0,0,0,0,0,0,0,0,0,0,0,0,0,0,0,0,0,0,0,0,0,0,0,0,0,0,0,0,0,0,0,0,0,0,0,0,0,0
Sayreville Police,1971-09-01,New Jersey,32705,NJ01219,,not updated,normal return,normal return,normal return,not updated,breakdown offenses,breakdown offenses,breakdown offenses,0,0,0,0,0,0,0,0,0,0,0,0,0,5,0,1,0,0,4,21,21,0,0,35,6,6,0,0,63,13,1,1,62,63,0,0,0,0,0,0,0,0,0,0,5,0,1,0,0,4,3,3,0,0,3,0,0,0,0,7,0,1,1,6,7,0,0,0,0,0,0,0,0,0,0,0,0,0,0,0,0,0,0,0,0,0,0,0,0,0,0,0,0,0,0,0,0,0,0,0,0,0,0,0,0,0,0,0,0,0,0,0,0,0,0,0,0,0,0,0,0,0,0,0,0,0,0
Sayreville Police,1971-10-01,New Jersey,32705,NJ01219,,not updated,normal return,normal return,normal return,not updated,breakdown offenses,breakdown offenses,breakdown offenses,0,0,0,0,0,0,0,0,0,0,0,0,0,8,0,1,0,0,7,24,24,0,0,50,7,7,0,0,82,19,1,1,81,82,0,0,0,0,0,0,0,0,0,0,4,0,1,0,0,3,3,3,0,0,1,0,0,0,0,5,0,1,1,4,5,0,0,0,0,0,0,0,0,0,0,0,0,0,0,0,0,0,0,0,0,0,0,0,0,0,0,0,0,0,0,0,0,0,0,0,0,0,0,0,0,0,0,0,0,0,0,0,0,0,0,0,0,0,0,0,0,0,0,0,0,0,0
Sayreville Police,1971-11-01,New Jersey,32705,NJ01219,,not updated,normal return,normal return,normal return,not updated,breakdown offenses,breakdown offenses,breakdown offenses,0,0,0,0,0,0,0,0,0,0,0,0,0,9,0,0,0,0,9,25,25,0,0,33,4,4,0,0,62,11,0,0,62,62,0,0,0,0,0,0,0,0,0,0,0,0,0,0,0,0,3,3,0,0,2,0,0,0,0,5,0,0,0,5,5,0,0,0,0,0,0,0,0,0,0,0,0,0,0,0,0,0,0,0,0,0,0,0,0,0,0,0,0,0,0,0,0,0,0,0,0,0,0,0,0,0,0,0,0,0,0,0,0,0,0,0,0,0,0,0,0,0,0,0,0,0,0
Sayreville Police,1971-12-01,New Jersey,32705,NJ01219,,not updated,normal return,normal return,normal return,not updated,breakdown offenses,breakdown offenses,breakdown offenses,0,0,0,0,0,0,0,0,2,1,0,0,1,7,0,0,0,0,7,16,14,0,2,57,5,5,0,0,80,30,0,2,78,80,0,0,0,0,0,0,0,0,0,0,2,0,0,0,0,2,2,2,0,0,1,0,0,0,0,3,0,0,0,3,3,0,0,0,0,0,0,0,0,0,0,0,0,0,0,0,0,0,0,0,0,0,0,0,0,0,0,0,0,0,0,0,0,0,0,0,0,0,0,0,0,0,0,0,0,0,0,0,0,0,0,0,0,0,0,0,0,0,0,0,0,0,0
Sayreville Police,1972-01-01,New Jersey,33195,NJ01219,,not updated,normal return,normal return,normal return,not updated,breakdown offenses,breakdown offenses,breakdown offenses,0,0,0,0,0,0,0,0,1,1,0,0,0,11,0,0,0,2,9,10,9,0,1,29,3,3,0,0,45,7,2,3,42,45,1,0,0,0,0,0,0,0,0,0,9,0,1,0,2,6,1,1,0,0,0,1,1,0,0,6,0,3,4,2,6,0,0,0,0,0,0,0,0,0,0,5,0,1,0,0,4,0,0,0,0,0,1,1,0,0,2,0,1,1,1,2,0,0,0,0,0,0,0,0,0,0,0,0,0,0,0,0,0,0,0,0,0,0,0,0,0,0,0,0,0,0,0
Sayreville Police,1972-02-01,New Jersey,33195,NJ01219,,not updated,normal return,normal return,normal return,not updated,breakdown offenses,breakdown offenses,breakdown offenses,0,0,0,0,0,0,0,0,1,1,0,0,0,17,0,1,0,0,16,14,13,0,1,23,6,6,0,0,45,10,1,2,43,45,0,0,0,0,0,1,1,0,0,0,3,0,1,0,0,2,0,0,0,0,11,0,0,0,0,13,0,1,2,11,13,0,0,0,0,0,0,0,0,0,0,0,0,0,0,0,0,0,0,0,0,9,0,0,0,0,9,0,0,0,9,9,0,0,0,0,0,0,0,0,0,0,0,0,0,0,0,0,0,0,0,0,0,0,0,0,0,0,0,0,0,0,0
Sayreville Police,1972-03-01,New Jersey,33195,NJ01219,,not updated,normal return,normal return,normal return,not updated,breakdown offenses,breakdown offenses,breakdown offenses,0,0,0,0,0,0,0,0,1,1,0,0,0,29,0,1,0,0,28,17,16,0,1,34,7,7,0,0,60,14,1,2,58,60,0,0,0,0,0,0,0,0,0,0,11,0,1,0,0,10,1,1,0,0,4,3,3,0,0,9,0,1,1,8,9,0,0,0,0,0,0,0,0,0,0,4,0,0,0,0,4,1,1,0,0,1,2,2,0,0,4,0,0,0,4,4,0,0,0,0,0,0,0,0,0,0,0,0,0,0,0,0,0,0,0,0,0,0,0,0,0,0,0,0,0,0,0
Sayreville Police,1972-04-01,New Jersey,33195,NJ01219,,not updated,normal return,normal return,normal return,not updated,breakdown offenses,breakdown offenses,breakdown offenses,0,0,0,0,0,0,0,0,0,0,0,0,0,25,0,0,0,3,22,18,15,0,3,36,2,2,0,0,59,13,3,3,56,59,0,0,0,0,0,0,0,0,0,0,5,0,0,0,1,4,2,2,0,0,4,0,0,0,0,7,0,1,1,6,7,0,0,0,0,0,0,0,0,0,0,2,0,0,0,0,2,2,2,0,0,4,0,0,0,0,6,0,0,0,6,6,0,0,0,0,0,0,0,0,0,0,0,0,0,0,0,0,0,0,0,0,0,0,0,0,0,0,0,0,0,0,0
Sayreville Police,1972-05-01,New Jersey,33195,NJ01219,,not updated,normal return,normal return,normal return,not updated,breakdown offenses,breakdown offenses,breakdown offenses,0,0,0,0,0,0,0,0,1,0,0,0,1,16,0,0,2,0,14,30,17,8,5,44,5,5,0,0,82,19,2,3,79,82,0,0,0,0,0,0,0,0,0,0,16,0,0,2,0,14,2,2,0,0,4,0,0,0,0,8,0,2,2,6,8,0,0,0,0,0,0,0,0,0,0,3,0,0,0,0,3,0,0,0,0,1,0,0,0,0,1,0,0,0,1,1,0,0,0,0,0,0,0,0,0,0,0,0,0,0,0,0,0,0,0,0,0,0,0,0,0,0,0,0,0,0,0
Sayreville Police,1972-06-01,New Jersey,33195,NJ01219,,not updated,normal return,normal return,normal return,not updated,breakdown offenses,breakdown offenses,breakdown offenses,0,0,0,0,0,0,0,0,0,0,0,0,0,2,0,0,0,0,2,26,18,6,2,45,4,4,0,0,75,10,0,0,75,75,0,0,0,0,0,0,0,0,0,0,11,0,0,0,2,9,2,2,0,0,1,2,2,0,0,7,1,2,2,5,7,0,0,0,0,0,0,0,0,0,0,6,0,0,0,0,6,2,2,0,0,1,2,2,0,0,5,1,0,0,5,5,0,0,0,0,0,0,0,0,0,0,0,0,0,0,0,0,0,0,0,0,0,0,0,0,0,0,0,0,0,0,0
Sayreville Police,1972-07-01,New Jersey,33195,NJ01219,,not updated,normal return,normal return,normal return,not updated,breakdown offenses,breakdown offenses,breakdown offenses,0,0,0,0,0,0,0,0,1,0,0,0,1,19,5,1,0,6,7,29,19,2,8,46,8,8,0,0,96,15,12,13,83,96,0,0,0,0,0,0,0,0,0,0,21,3,1,0,4,13,10,7,1,2,4,0,0,0,0,22,2,8,8,14,22,0,0,0,0,0,0,0,0,0,0,0,0,0,0,0,0,6,4,1,1,3,0,0,0,0,9,1,0,0,9,9,0,0,0,0,0,0,0,0,0,0,0,0,0,0,0,0,0,0,0,0,0,0,0,0,0,0,0,0,0,0,0
Sayreville Police,1972-08-01,New Jersey,33195,NJ01219,,not updated,normal return,normal return,normal return,not updated,breakdown offenses,breakdown offenses,breakdown offenses,0,0,0,0,0,1,1,0,1,1,0,0,0,6,0,2,1,2,1,24,15,7,2,69,11,11,0,0,111,22,5,7,104,111,0,0,0,0,0,0,0,0,0,0,4,0,0,0,0,4,5,2,3,0,5,1,1,0,0,11,2,0,0,11,11,0,0,0,0,0,0,0,0,0,0,0,0,0,0,0,0,3,1,2,0,3,1,1,0,0,7,2,0,0,7,7,0,0,0,0,0,0,0,0,0,0,0,0,0,0,0,0,0,0,0,0,0,0,0,0,0,0,0,0,0,0,0
Sayreville Police,1972-09-01,New Jersey,33195,NJ01219,,not updated,normal return,normal return,normal return,not updated,breakdown offenses,breakdown offenses,breakdown offenses,0,0,0,0,0,0,0,0,6,6,0,0,0,11,0,3,2,2,4,24,15,5,4,37,10,10,0,0,84,12,7,13,71,84,0,0,0,0,0,1,1,0,0,0,10,0,3,0,1,6,0,0,0,0,0,2,2,0,0,7,0,4,5,2,7,0,0,0,0,0,0,0,0,0,0,1,0,0,0,1,0,0,0,0,0,0,1,1,0,0,2,0,1,1,1,2,0,0,0,0,0,0,0,0,0,0,0,0,0,0,0,0,0,0,0,0,0,0,0,0,0,0,0,0,0,0,0
Sayreville Police,1972-10-01,New Jersey,33195,NJ01219,,not updated,normal return,normal return,normal return,not updated,breakdown offenses,breakdown offenses,breakdown offenses,0,0,0,0,0,2,0,2,0,0,0,0,0,10,0,0,0,7,3,30,28,2,0,54,5,5,0,0,98,21,7,9,89,98,0,0,1,0,1,0,0,0,0,0,7,0,1,0,2,4,0,0,0,0,8,0,0,0,0,12,5,3,4,8,12,0,0,0,0,0,0,0,0,0,0,3,0,1,0,1,1,0,0,0,0,4,0,0,0,0,6,3,2,2,4,6,0,0,0,0,0,0,0,0,0,0,0,0,0,0,0,0,0,0,0,0,0,0,0,0,0,0,0,0,0,0,0
Sayreville Police,1972-11-01,New Jersey,33195,NJ01219,,not updated,normal return,normal return,normal return,not updated,breakdown offenses,breakdown offenses,breakdown offenses,0,0,0,0,0,0,0,0,0,0,0,0,0,9,1,0,1,4,3,29,23,2,4,29,8,8,0,0,72,14,6,6,66,72,0,0,0,0,0,0,0,0,0,0,7,0,1,0,1,5,3,3,0,0,1,1,1,0,0,7,1,2,2,5,7,0,0,0,0,0,0,0,0,0,0,2,0,0,0,1,1,2,2,0,0,1,1,1,0,0,5,1,1,1,4,5,0,0,0,0,0,0,0,0,0,0,0,0,0,0,0,0,0,0,0,0,0,0,0,0,0,0,0,0,0,0,0
Sayreville Police,1972-12-01,New Jersey,33195,NJ01219,,not updated,normal return,normal return,normal return,not updated,breakdown offenses,breakdown offenses,breakdown offenses,0,0,0,0,0,0,0,0,1,1,0,0,0,9,3,1,0,2,3,41,25,7,9,42,10,10,0,0,100,22,6,7,93,100,0,0,0,0,0,1,1,0,0,0,6,0,0,0,0,6,0,0,0,0,1,0,0,0,0,2,0,0,1,1,2,0,0,0,0,0,0,0,0,0,0,1,0,0,0,0,1,0,0,0,0,0,0,0,0,0,0,0,0,0,0,0,0,0,0,0,0,0,0,0,0,0,0,0,0,0,0,0,0,0,0,0,0,0,0,0,0,0,0,0,0,0,0
Sayreville Police,1973-01-01,New Jersey,33529,NJ01219,,not updated,normal return,normal return,normal return,not updated,breakdown offenses,breakdown offenses,breakdown offenses,0,0,0,0,0,0,0,0,2,2,0,0,0,4,0,1,2,0,1,9,8,1,0,51,11,11,0,0,76,25,3,5,71,76,0,0,0,0,0,0,0,0,0,0,4,1,0,0,1,2,2,2,0,0,7,4,4,0,0,15,3,2,2,13,15,0,0,0,0,0,0,0,0,0,0,1,0,0,0,1,0,2,2,0,0,4,3,3,0,0,10,1,1,1,9,10,0,0,0,0,0,0,0,0,0,0,0,0,0,0,0,0,0,0,0,0,0,0,0,0,0,0,0,0,0,0,0
Sayreville Police,1973-02-01,New Jersey,33529,NJ01219,,not updated,normal return,normal return,normal return,not updated,breakdown offenses,breakdown offenses,breakdown offenses,0,0,0,0,0,1,1,0,0,0,0,0,0,13,0,3,3,1,6,14,8,4,2,28,2,2,0,0,52,15,7,8,44,52,0,0,1,1,0,0,0,0,0,0,19,0,7,1,3,8,1,1,0,0,8,0,0,0,0,21,3,11,12,9,21,0,0,1,1,0,0,0,0,0,0,4,0,1,1,0,2,1,1,0,0,5,0,0,0,0,9,1,2,3,6,9,0,0,0,0,0,0,0,0,0,0,0,0,0,0,0,0,0,0,0,0,0,0,0,0,0,0,0,0,0,0,0
Sayreville Police,1973-03-01,New Jersey,33529,NJ01219,,not updated,normal return,normal return,normal return,not updated,breakdown offenses,breakdown offenses,breakdown offenses,0,0,0,0,0,0,0,0,0,0,0,0,0,15,2,0,2,1,10,19,13,5,1,33,8,8,0,0,65,14,5,5,60,65,0,0,0,0,0,0,0,0,0,0,3,1,0,0,1,1,1,0,1,0,4,0,0,0,0,7,2,2,2,5,7,0,0,0,0,0,0,0,0,0,0,0,0,0,0,0,0,0,0,0,0,3,0,0,0,0,3,1,0,0,3,3,0,0,0,0,0,0,0,0,0,0,0,0,0,0,0,0,0,0,0,0,0,0,0,0,0,0,0,0,0,0,0
Sayreville Police,1973-04-01,New Jersey,33529,NJ01219,,not updated,normal return,normal return,normal return,not updated,breakdown offenses,breakdown offenses,breakdown offenses,0,0,0,0,0,0,0,0,0,0,0,0,0,11,0,0,2,6,3,24,16,5,3,29,5,5,0,0,66,10,8,8,58,66,0,0,0,0,0,0,0,0,0,0,1,0,0,1,0,0,0,0,0,0,0,1,1,0,0,2,0,1,1,1,2,0,0,0,0,0,0,0,0,0,0,0,0,0,0,0,0,0,0,0,0,0,0,0,0,0,0,0,0,0,0,0,0,0,0,0,0,0,0,0,0,0,0,0,0,0,0,0,0,0,0,0,0,0,0,0,0,0,0,0,0,0,0
Sayreville Police,1973-05-01,New Jersey,33529,NJ01219,,not updated,normal return,normal return,normal return,not updated,breakdown offenses,breakdown offenses,breakdown offenses,0,0,0,0,0,2,2,0,1,0,0,0,1,8,0,2,2,3,1,25,18,5,2,51,12,12,0,0,98,21,7,10,88,98,0,0,1,1,0,0,0,0,0,0,3,0,1,0,0,2,0,0,0,0,0,0,0,0,0,2,0,1,2,0,2,0,0,0,0,0,0,0,0,0,0,1,0,0,0,0,1,0,0,0,0,0,0,0,0,0,0,0,0,0,0,0,0,0,0,0,0,0,0,0,0,0,0,0,0,0,0,0,0,0,0,0,0,0,0,0,0,0,0,0,0,0,0
Sayreville Police,1973-06-01,New Jersey,33529,NJ01219,,not updated,normal return,normal return,normal return,not updated,breakdown offenses,breakdown offenses,breakdown offenses,0,0,0,0,0,0,0,0,1,1,0,0,0,16,0,1,0,3,12,13,10,1,2,56,11,11,0,0,85,17,4,5,80,85,0,0,0,0,0,0,0,0,0,0,12,0,0,0,1,11,1,1,0,0,6,0,0,0,0,8,3,1,1,7,8,0,0,0,0,0,0,0,0,0,0,2,0,0,0,0,2,1,1,0,0,1,0,0,0,0,2,1,0,0,2,2,0,0,0,0,0,0,0,0,0,0,0,0,0,0,0,0,0,0,0,0,0,0,0,0,0,0,0,0,0,0,0
Sayreville Police,1973-07-01,New Jersey,33529,NJ01219,,not updated,normal return,normal return,normal return,not updated,breakdown offenses,breakdown offenses,breakdown offenses,0,0,0,0,0,0,0,0,2,1,0,0,1,15,1,2,3,6,3,31,22,5,4,35,11,11,0,0,91,8,12,14,77,91,0,0,0,0,0,0,0,0,0,0,5,0,0,0,2,3,4,4,0,0,5,0,0,0,0,11,1,2,2,9,11,0,0,0,0,0,0,0,0,0,0,2,0,0,0,0,2,3,3,0,0,3,0,0,0,0,6,1,0,0,6,6,0,0,0,0,0,0,0,0,0,0,0,0,0,0,0,0,0,0,0,0,0,0,0,0,0,0,0,0,0,0,0
Sayreville Police,1973-08-01,New Jersey,33529,NJ01219,,not updated,normal return,normal return,normal return,not updated,breakdown offenses,breakdown offenses,breakdown offenses,0,0,0,0,0,0,0,0,0,0,0,0,0,11,0,1,1,5,4,19,13,6,0,63,13,13,0,0,102,22,7,7,95,102,0,0,0,0,0,0,0,0,0,0,10,1,0,0,1,8,3,3,0,0,1,1,1,0,0,7,1,2,2,5,7,0,0,0,0,0,0,0,0,0,0,7,1,0,0,1,5,3,3,0,0,1,0,0,0,0,6,1,2,2,4,6,0,0,0,0,0,0,0,0,0,0,0,0,0,0,0,0,0,0,0,0,0,0,0,0,0,0,0,0,0,0,0
Sayreville Police,1973-09-01,New Jersey,33529,NJ01219,,not updated,normal return,normal return,normal return,not updated,breakdown offenses,breakdown offenses,breakdown offenses,0,0,0,0,0,0,0,0,2,1,0,0,1,17,1,2,4,2,8,17,11,3,3,45,11,11,0,0,84,13,9,11,73,84,0,0,0,0,0,0,0,0,0,0,8,0,2,0,0,6,3,3,0,0,7,1,1,0,0,13,1,2,2,11,13,0,0,0,0,0,0,0,0,0,0,2,0,0,0,0,2,1,1,0,0,4,1,1,0,0,6,0,0,0,6,6,0,0,0,0,0,0,0,0,0,0,0,0,0,0,0,0,0,0,0,0,0,0,0,0,0,0,0,0,0,0,0
Sayreville Police,1973-10-01,New Jersey,33529,NJ01219,,not updated,normal return,normal return,normal return,not updated,breakdown offenses,breakdown offenses,breakdown offenses,0,0,0,0,0,0,0,0,2,1,0,0,1,9,0,0,0,3,6,23,18,4,1,43,4,4,0,0,75,15,3,5,70,75,0,0,0,0,0,0,0,0,0,0,3,1,0,0,1,1,0,0,0,0,0,0,0,0,0,2,0,2,2,0,2,0,0,0,0,0,0,0,0,0,0,0,0,0,0,0,0,0,0,0,0,0,0,0,0,0,0,0,0,0,0,0,0,0,0,0,0,0,0,0,0,0,0,0,0,0,0,0,0,0,0,0,0,0,0,0,0,0,0,0,0,0,0
Sayreville Police,1973-11-01,New Jersey,33529,NJ01219,,not updated,normal return,normal return,normal return,not updated,breakdown offenses,breakdown offenses,breakdown offenses,0,0,0,0,0,0,0,0,0,0,0,0,0,3,0,0,0,1,2,17,12,2,3,26,4,4,0,0,48,4,1,1,47,48,0,0,0,0,0,0,0,0,0,0,3,0,0,1,0,2,1,1,0,0,2,0,0,0,0,4,0,1,1,3,4,0,0,0,0,0,0,0,0,0,0,2,0,0,1,0,1,1,1,0,0,1,0,0,0,0,3,0,1,1,2,3,0,0,0,0,0,0,0,0,0,0,0,0,0,0,0,0,0,0,0,0,0,0,0,0,0,0,0,0,0,0,0
Sayreville Police,1973-12-01,New Jersey,33529,NJ01219,,not updated,normal return,normal return,normal return,not updated,breakdown offenses,breakdown offenses,breakdown offenses,0,0,0,1,1,0,0,0,0,0,0,0,0,6,1,1,1,0,3,18,15,1,2,31,2,2,0,0,56,9,3,4,51,55,1,1,0,0,0,0,0,0,0,0,4,1,1,1,0,1,1,1,0,0,1,0,0,0,0,7,1,3,4,2,6,0,0,0,0,0,0,0,0,0,0,0,0,0,0,0,0,0,0,0,0,0,0,0,0,0,0,0,0,0,0,0,0,0,0,0,0,0,0,0,0,0,0,0,0,0,0,0,0,0,0,0,0,0,0,0,0,0,0,0,0,0,0
Sayreville Police,1974-01-01,New Jersey,33423,NJ01219,,not updated,normal return,normal return,normal return,not updated,breakdown offenses,breakdown offenses,breakdown offenses,0,0,0,0,0,4,4,0,2,1,0,0,1,1,0,0,0,0,1,23,20,1,2,34,16,15,1,0,80,0,0,6,73,79,0,0,4,4,0,0,0,0,0,0,0,0,0,0,0,0,0,0,0,0,2,1,1,0,0,7,0,0,4,3,7,0,0,0,0,0,0,0,0,0,0,0,0,0,0,0,0,0,0,0,0,0,1,1,0,0,1,0,0,0,1,1,0,0,0,0,0,0,0,0,0,0,0,0,0,0,0,0,0,0,0,0,0,0,0,0,0,0,0,0,0,0,0
Sayreville Police,1974-02-01,New Jersey,33423,NJ01219,,not updated,normal return,normal return,normal return,not updated,breakdown offenses,breakdown offenses,breakdown offenses,0,0,0,0,0,0,0,0,0,0,0,0,0,6,0,0,1,2,3,22,19,1,2,37,3,2,1,0,68,0,3,3,62,65,0,0,0,0,0,1,1,0,0,0,5,0,0,1,1,3,5,5,0,0,1,1,1,0,0,13,0,2,3,7,10,0,0,0,0,0,0,0,0,0,0,4,0,0,1,1,2,0,0,0,0,1,1,1,0,0,6,0,2,2,2,4,0,0,0,0,0,0,0,0,0,0,0,0,0,0,0,0,0,0,0,0,0,0,0,0,0,0,0,0,0,0,0
Sayreville Police,1974-03-01,New Jersey,33423,NJ01219,,not updated,normal return,normal return,normal return,not updated,breakdown offenses,breakdown offenses,breakdown offenses,0,0,0,0,0,0,0,0,1,0,0,0,1,2,0,0,0,0,2,47,35,6,6,43,6,6,0,0,99,0,0,1,96,97,0,0,0,0,0,1,0,0,0,1,3,0,0,0,0,3,4,4,0,0,1,2,2,0,0,11,0,0,1,7,8,0,0,0,0,0,1,0,0,0,1,2,0,0,0,0,2,2,2,0,0,1,2,2,0,0,8,0,0,1,5,6,0,0,0,0,0,0,0,0,0,0,0,0,0,0,0,0,0,0,0,0,0,0,0,0,0,0,0,0,0,0,0
Sayreville Police,1974-04-01,New Jersey,33423,NJ01219,,not updated,normal return,normal return,normal return,not updated,breakdown offenses,breakdown offenses,breakdown offenses,0,0,0,1,0,0,0,0,1,1,0,0,0,12,0,2,0,4,6,23,14,4,5,58,3,2,0,1,98,0,6,8,84,92,1,0,0,0,0,0,0,0,0,0,6,1,1,0,1,3,2,2,0,0,5,1,1,0,0,15,0,3,4,8,12,0,0,0,0,0,0,0,0,0,0,1,0,0,0,0,1,2,2,0,0,1,0,0,0,0,4,0,0,0,3,3,0,0,0,0,0,0,0,0,0,0,0,0,0,0,0,0,0,0,0,0,0,0,0,0,0,0,0,0,0,0,0
Sayreville Police,1974-05-01,New Jersey,33423,NJ01219,,not updated,normal return,normal return,normal return,not updated,breakdown offenses,breakdown offenses,breakdown offenses,0,0,0,0,0,0,0,0,2,2,0,0,0,8,0,0,3,2,3,25,19,4,2,43,5,3,1,1,83,0,5,7,73,80,0,0,0,0,0,0,0,0,0,0,6,0,1,0,0,5,2,2,0,0,1,0,0,0,0,9,0,1,1,3,4,0,0,0,0,0,0,0,0,0,0,5,0,1,0,0,4,2,2,0,0,1,0,0,0,0,8,0,1,1,3,4,0,0,0,0,0,0,0,0,0,0,0,0,0,0,0,0,0,0,0,0,0,0,0,0,0,0,0,0,0,0,0
Sayreville Police,1974-06-01,New Jersey,33423,NJ01219,,not updated,normal return,normal return,normal return,not updated,breakdown offenses,breakdown offenses,breakdown offenses,0,0,0,0,0,0,0,0,1,1,0,0,0,6,0,1,0,1,4,26,18,5,3,43,7,3,0,4,83,0,2,3,76,79,0,0,0,0,0,0,0,0,0,0,9,0,1,0,1,7,1,1,0,0,4,0,0,0,0,14,0,2,2,5,7,0,0,0,0,0,0,0,0,0,0,2,0,0,0,0,2,1,1,0,0,2,0,0,0,0,5,0,0,0,3,3,0,0,0,0,0,0,0,0,0,0,0,0,0,0,0,0,0,0,0,0,0,0,0,0,0,0,0,0,0,0,0
Sayreville Police,1974-07-01,New Jersey,33423,NJ01219,,not updated,adjustment,adjustment,adjustment,adjustment,breakdown offenses,breakdown offenses,breakdown offenses,0,0,2,0,0,1,1,0,2,2,0,0,0,9,0,1,1,2,5,33,24,5,4,61,11,11,0,0,117,0,4,7,105,112,0,0,0,0,0,0,0,0,0,0,10,0,1,1,1,7,0,0,0,0,3,0,0,0,0,13,0,3,3,3,6,0,0,0,0,0,0,0,0,0,0,1,0,0,0,0,1,0,0,0,0,2,0,0,0,0,3,0,0,0,2,2,0,0,0,0,0,0,0,0,0,0,0,0,0,0,0,0,0,0,0,0,0,0,0,0,0,0,0,0,0,0,0
Sayreville Police,1974-08-01,New Jersey,33423,NJ01219,,not updated,adjustment,adjustment,adjustment,adjustment,breakdown offenses,breakdown offenses,breakdown offenses,0,0,1,0,0,0,0,0,1,1,0,0,0,5,1,0,0,0,4,33,25,6,2,54,6,5,1,0,99,0,1,2,93,95,0,1,0,0,0,0,0,0,0,0,7,0,0,0,2,5,3,2,0,1,1,0,0,0,0,12,0,2,2,4,6,0,0,0,0,0,0,0,0,0,0,0,0,0,0,0,0,3,2,0,1,1,0,0,0,0,4,0,0,0,4,4,0,0,0,0,0,0,0,0,0,0,0,0,0,0,0,0,0,0,0,0,0,0,0,0,0,0,0,0,0,0,0
Sayreville Police,1974-09-01,New Jersey,33423,NJ01219,,not updated,normal return,normal return,normal return,normal return,breakdown offenses,breakdown offenses,breakdown offenses,0,0,0,0,0,0,0,0,1,1,0,0,0,5,0,1,0,0,4,23,20,0,3,52,11,9,1,1,92,0,1,2,86,88,0,0,0,0,0,0,0,0,0,0,3,0,0,0,0,3,7,7,0,0,0,1,1,0,0,11,0,0,0,8,8,0,0,0,0,0,0,0,0,0,0,1,0,0,0,0,1,7,7,0,0,0,1,1,0,0,9,0,0,0,8,8,0,0,0,0,0,0,0,0,0,0,0,0,0,0,0,0,0,0,0,0,0,0,0,0,0,0,0,0,0,0,0
Sayreville Police,1974-10-01,New Jersey,33423,NJ01219,,not updated,normal return,normal return,normal return,normal return,breakdown offenses,breakdown offenses,breakdown offenses,0,0,0,0,0,0,0,0,0,0,0,0,0,10,2,0,0,1,7,24,16,6,2,48,9,7,0,2,91,0,3,3,81,84,0,0,0,0,0,0,0,0,0,0,0,0,0,0,0,0,3,3,0,0,2,2,2,0,0,7,0,0,0,7,7,0,0,0,0,0,0,0,0,0,0,0,0,0,0,0,0,3,3,0,0,2,2,2,0,0,7,0,0,0,7,7,0,0,0,0,0,0,0,0,0,0,0,0,0,0,0,0,0,0,0,0,0,0,0,0,0,0,0,0,0,0,0
Sayreville Police,1974-11-01,New Jersey,33423,NJ01219,,not updated,normal return,normal return,normal return,normal return,breakdown offenses,breakdown offenses,breakdown offenses,0,0,0,0,0,0,0,0,0,0,0,0,0,4,0,0,0,1,3,37,25,9,3,47,3,1,0,2,91,0,1,1,87,88,0,0,0,0,0,0,0,0,0,0,0,0,0,0,0,0,2,2,0,0,1,1,1,0,0,4,0,0,0,4,4,0,0,0,0,0,0,0,0,0,0,0,0,0,0,0,0,1,1,0,0,1,0,0,0,0,2,0,0,0,2,2,0,0,0,0,0,0,0,0,0,0,0,0,0,0,0,0,0,0,0,0,0,0,0,0,0,0,0,0,0,0,0
Sayreville Police,1974-12-01,New Jersey,33423,NJ01219,,not updated,normal return,normal return,normal return,normal return,breakdown offenses,breakdown offenses,breakdown offenses,0,0,0,2,0,1,1,0,4,2,2,0,0,5,1,0,0,0,4,31,27,3,1,52,6,6,0,0,101,0,1,8,89,97,0,0,1,1,0,4,3,1,0,0,5,1,0,0,0,4,7,7,0,0,3,0,0,0,0,20,0,1,6,10,16,0,0,0,0,0,1,0,1,0,0,4,1,0,0,0,3,7,7,0,0,1,0,0,0,0,13,0,1,2,8,10,0,0,0,0,0,0,0,0,0,0,0,0,0,0,0,0,0,0,0,0,0,0,0,0,0,0,0,0,0,0,0
Sayreville Police,1975-01-01,New Jersey,33372,NJ01219,,not updated,normal return,normal return,normal return,normal return,breakdown offenses,breakdown offenses,breakdown offenses,0,0,0,0,0,0,0,0,1,1,0,0,0,12,0,0,2,0,10,35,28,2,5,43,8,6,1,1,99,0,2,3,86,89,0,0,0,0,0,0,0,0,0,0,5,0,0,1,1,3,5,4,0,1,1,1,1,0,0,12,0,2,2,7,9,0,0,0,0,0,0,0,0,0,0,2,0,0,0,0,2,4,3,0,1,1,1,1,0,0,8,0,0,0,6,6,0,0,0,0,0,0,0,0,0,0,0,0,0,0,0,0,0,0,0,0,0,0,0,0,0,0,0,0,0,0,0
Sayreville Police,1975-02-01,New Jersey,33372,NJ01219,,not updated,normal return,normal return,normal return,normal return,breakdown offenses,breakdown offenses,breakdown offenses,0,0,0,0,0,0,0,0,0,0,0,0,0,5,0,2,0,2,1,37,28,3,6,54,4,3,0,1,100,0,4,4,95,99,0,0,0,0,0,0,0,0,0,0,10,1,1,0,6,2,11,11,0,0,3,1,1,0,0,25,0,8,8,15,23,0,0,0,0,0,0,0,0,0,0,1,1,0,0,0,0,10,10,0,0,2,1,1,0,0,14,0,1,1,13,14,0,0,0,0,0,0,0,0,0,0,0,0,0,0,0,0,0,0,0,0,0,0,0,0,0,0,0,0,0,0,0
Sayreville Police,1975-03-01,New Jersey,33372,NJ01219,,not updated,normal return,normal return,normal return,normal return,breakdown offenses,breakdown offenses,breakdown offenses,0,0,0,0,0,0,0,0,1,1,0,0,0,6,0,0,1,2,3,40,27,5,8,60,4,3,0,1,111,0,3,4,104,108,0,0,0,0,0,0,0,0,0,0,6,1,0,0,1,4,4,4,0,0,2,0,0,0,0,12,0,2,2,6,8,0,0,0,0,0,0,0,0,0,0,3,1,0,0,0,2,4,4,0,0,2,0,0,0,0,9,0,1,1,6,7,0,0,0,0,0,0,0,0,0,0,0,0,0,0,0,0,0,0,0,0,0,0,0,0,0,0,0,0,0,0,0
Sayreville Police,1975-04-01,New Jersey,33372,NJ01219,,not updated,normal return,normal return,normal return,normal return,breakdown offenses,breakdown offenses,breakdown offenses,0,0,0,0,0,0,0,0,1,0,1,0,0,5,0,0,0,1,4,23,19,1,3,54,2,1,0,1,85,0,1,2,79,81,0,0,0,0,0,0,0,0,0,0,6,2,0,0,1,3,3,2,1,0,1,0,0,0,0,10,0,3,3,4,7,0,0,0,0,0,0,0,0,0,0,3,0,0,0,0,3,2,1,1,0,0,0,0,0,0,5,0,0,0,2,2,0,0,0,0,0,0,0,0,0,0,0,0,0,0,0,0,0,0,0,0,0,0,0,0,0,0,0,0,0,0,0
Sayreville Police,1975-05-01,New Jersey,33372,NJ01219,,not updated,adjustment,adjustment,adjustment,adjustment,breakdown offenses,breakdown offenses,breakdown offenses,0,0,0,0,0,0,0,0,2,0,2,0,0,2,0,0,0,1,1,21,17,1,3,80,4,0,3,1,109,0,1,3,105,108,0,0,0,0,0,2,0,2,0,0,3,0,0,0,0,3,2,2,0,0,2,3,3,0,0,12,0,0,2,7,9,0,0,0,0,0,1,0,1,0,0,1,0,0,0,0,1,0,0,0,0,2,1,1,0,0,5,0,0,1,3,4,0,0,0,0,0,0,0,0,0,0,0,0,0,0,0,0,0,0,0,0,0,0,0,0,0,0,0,0,0,0,0
Sayreville Police,1975-06-01,New Jersey,33372,NJ01219,,not updated,normal return,normal return,normal return,normal return,breakdown offenses,breakdown offenses,breakdown offenses,0,0,0,0,0,0,0,0,0,0,0,0,0,8,0,0,3,0,5,31,25,2,4,56,5,4,0,1,100,0,3,3,92,95,1,0,0,0,0,0,0,0,0,0,6,0,0,0,1,5,3,3,0,0,5,0,0,0,0,15,0,1,2,8,10,0,0,0,0,0,0,0,0,0,0,4,0,0,0,0,4,3,3,0,0,3,0,0,0,0,10,0,0,0,6,6,0,0,0,0,0,0,0,0,0,0,0,0,0,0,0,0,0,0,0,0,0,0,0,0,0,0,0,0,0,0,0
Sayreville Police,1975-07-01,New Jersey,33372,NJ01219,,not updated,normal return,normal return,normal return,normal return,breakdown offenses,breakdown offenses,breakdown offenses,0,0,1,0,0,0,0,0,0,0,0,0,0,4,0,0,1,0,3,28,20,2,6,59,6,5,0,1,97,0,1,1,93,94,0,0,0,0,0,0,0,0,0,0,3,0,0,1,1,1,4,3,1,0,2,0,0,0,0,9,0,2,2,6,8,0,0,0,0,0,0,0,0,0,0,2,0,0,1,0,1,4,3,1,0,2,0,0,0,0,8,0,1,1,6,7,0,0,0,0,0,0,0,0,0,0,0,0,0,0,0,0,0,0,0,0,0,0,0,0,0,0,0,0,0,0,0
Sayreville Police,1975-08-01,New Jersey,33372,NJ01219,,not updated,normal return,normal return,normal return,normal return,breakdown offenses,breakdown offenses,breakdown offenses,0,0,0,0,0,0,0,0,0,0,0,0,0,8,0,0,0,3,5,25,18,3,4,76,6,6,0,0,115,0,3,3,107,110,0,0,0,0,0,0,0,0,0,0,1,0,0,0,1,0,2,2,0,0,6,0,0,0,0,9,0,1,1,8,9,0,0,0,0,0,0,0,0,0,0,1,0,0,0,1,0,2,2,0,0,4,0,0,0,0,7,0,1,1,6,7,0,0,0,0,0,0,0,0,0,0,0,0,0,0,0,0,0,0,0,0,0,0,0,0,0,0,0,0,0,0,0
Sayreville Police,1975-09-01,New Jersey,33372,NJ01219,,not updated,normal return,normal return,normal return,normal return,breakdown offenses,breakdown offenses,breakdown offenses,0,0,0,0,0,0,0,0,0,0,0,0,0,7,0,0,1,1,5,15,14,0,1,57,6,3,0,3,85,0,2,2,78,80,0,0,0,0,0,0,0,0,0,0,1,0,1,0,0,0,0,0,0,0,4,1,1,0,0,6,0,1,1,5,6,0,0,0,0,0,0,0,0,0,0,0,0,0,0,0,0,0,0,0,0,4,1,1,0,0,5,0,0,0,5,5,0,0,0,0,0,0,0,0,0,0,0,0,0,0,0,0,0,0,0,0,0,0,0,0,0,0,0,0,0,0,0
Sayreville Police,1975-10-01,New Jersey,33372,NJ01219,,not updated,normal return,normal return,normal return,normal return,breakdown offenses,breakdown offenses,breakdown offenses,0,0,0,1,0,0,0,0,0,0,0,0,0,4,0,1,1,1,1,25,20,1,4,49,9,7,0,2,88,0,3,4,83,87,0,0,0,0,0,0,0,0,0,0,3,0,1,0,0,2,2,2,0,0,2,0,0,0,0,7,0,1,1,4,5,0,0,0,0,0,0,0,0,0,0,3,0,1,0,0,2,2,2,0,0,1,0,0,0,0,6,0,1,1,3,4,0,0,0,0,0,0,0,0,0,0,0,0,0,0,0,0,0,0,0,0,0,0,0,0,0,0,0,0,0,0,0
Sayreville Police,1975-11-01,New Jersey,33372,NJ01219,,not updated,normal return,normal return,normal return,normal return,breakdown offenses,breakdown offenses,breakdown offenses,0,0,0,0,0,0,0,0,1,0,0,0,1,4,0,0,0,1,3,24,17,4,3,51,4,3,0,1,84,0,1,2,79,81,1,0,0,0,0,0,0,0,0,0,2,1,0,0,0,1,1,1,0,0,6,2,2,0,0,12,0,1,2,9,11,1,0,0,0,0,0,0,0,0,0,1,0,0,0,0,1,0,0,0,0,5,2,2,0,0,9,0,0,1,7,8,0,0,0,0,0,0,0,0,0,0,0,0,0,0,0,0,0,0,0,0,0,0,0,0,0,0,0,0,0,0,0
Sayreville Police,1975-12-01,New Jersey,33372,NJ01219,,not updated,normal return,normal return,normal return,normal return,breakdown offenses,breakdown offenses,breakdown offenses,0,0,0,0,0,0,0,0,1,1,0,0,0,1,0,1,0,0,0,24,21,2,1,36,6,5,1,0,68,0,1,2,66,68,0,0,0,0,0,0,0,0,0,0,1,0,1,0,0,0,4,4,0,0,2,0,0,0,0,7,0,1,1,6,7,0,0,0,0,0,0,0,0,0,0,0,0,0,0,0,0,1,1,0,0,2,0,0,0,0,3,0,0,0,3,3,0,0,0,0,0,0,0,0,0,0,0,0,0,0,0,0,0,0,0,0,0,0,0,0,0,0,0,0,0,0,0
Sayreville Police,1976-01-01,New Jersey,33472,NJ01219,,not updated,normal return,normal return,normal return,normal return,breakdown offenses,breakdown offenses,breakdown offenses,0,0,0,0,0,0,0,0,0,0,0,0,0,5,0,0,0,0,5,22,19,2,1,45,3,3,0,0,75,0,0,0,70,70,0,0,0,0,0,0,0,0,0,0,4,0,0,0,0,4,6,6,0,0,1,0,0,0,0,11,0,0,0,7,7,0,0,0,0,0,0,0,0,0,0,0,0,0,0,0,0,1,1,0,0,1,0,0,0,0,2,0,0,0,2,2,0,0,0,0,0,0,0,0,0,0,0,0,0,0,0,0,0,0,0,0,0,0,0,0,0,0,0,0,0,0,0
Sayreville Police,1976-02-01,New Jersey,33472,NJ01219,,not updated,normal return,normal return,normal return,normal return,breakdown offenses,breakdown offenses,breakdown offenses,0,0,3,0,0,0,0,0,1,1,0,0,0,12,0,2,2,2,6,16,15,1,0,73,10,10,0,0,112,0,6,7,99,106,0,0,0,0,0,1,1,0,0,0,12,0,2,2,2,6,5,5,0,0,7,0,0,0,0,25,0,6,7,12,19,0,0,0,0,0,0,0,0,0,0,2,0,0,0,0,2,2,2,0,0,2,0,0,0,0,6,0,0,0,4,4,0,0,0,0,0,0,0,0,0,0,0,0,0,0,0,0,0,0,0,0,0,0,0,0,0,0,0,0,0,0,0
Sayreville Police,1976-03-01,New Jersey,33472,NJ01219,,not updated,normal return,normal return,normal return,normal return,breakdown offenses,breakdown offenses,breakdown offenses,0,0,0,0,0,0,0,0,1,0,1,0,0,4,1,0,1,1,1,21,15,4,2,58,7,5,2,0,91,0,3,4,86,90,0,0,0,0,0,1,0,1,0,0,4,1,0,1,1,1,3,3,0,0,1,0,0,0,0,9,0,3,4,4,8,0,0,0,0,0,0,0,0,0,0,0,0,0,0,0,0,1,1,0,0,1,0,0,0,0,2,0,0,0,2,2,0,0,0,0,0,0,0,0,0,0,0,0,0,0,0,0,0,0,0,0,0,0,0,0,0,0,0,0,0,0,0
Sayreville Police,1976-04-01,New Jersey,33472,NJ01219,,not updated,adjustment,adjustment,adjustment,adjustment,breakdown offenses,breakdown offenses,breakdown offenses,0,0,0,0,0,0,0,0,1,0,0,1,0,8,1,1,2,1,3,23,19,1,3,60,8,7,-1,2,100,0,5,6,91,97,0,0,0,0,0,0,0,0,0,0,8,1,1,2,1,3,5,4,0,1,1,0,0,0,0,14,0,5,5,6,11,0,0,0,0,0,0,0,0,0,0,2,0,1,1,0,0,3,2,0,1,1,0,0,0,0,6,0,2,2,4,6,0,0,0,0,0,0,0,0,0,0,0,0,0,0,0,0,0,0,0,0,0,0,0,0,0,0,0,0,0,0,0
Sayreville Police,1976-05-01,New Jersey,33472,NJ01219,,not updated,normal return,normal return,normal return,normal return,breakdown offenses,breakdown offenses,breakdown offenses,0,0,0,0,0,0,0,0,0,0,0,0,0,14,0,2,2,1,9,9,8,0,1,63,4,4,0,0,90,0,5,5,76,81,0,0,0,0,0,0,0,0,0,0,14,0,2,2,1,9,2,2,0,0,2,1,1,0,0,19,0,5,5,5,10,0,0,0,0,0,0,0,0,0,0,2,0,0,0,0,2,2,2,0,0,0,1,1,0,0,5,0,0,0,3,3,0,0,0,0,0,0,0,0,0,0,0,0,0,0,0,0,0,0,0,0,0,0,0,0,0,0,0,0,0,0,0
Sayreville Police,1976-06-01,New Jersey,33472,NJ01219,,not updated,normal return,normal return,normal return,normal return,breakdown offenses,breakdown offenses,breakdown offenses,0,0,0,0,0,0,0,0,0,0,0,0,0,9,0,0,0,2,7,36,28,3,5,52,13,11,0,2,110,0,2,2,101,103,0,0,0,0,0,0,0,0,0,0,9,0,0,0,2,7,3,3,0,0,2,0,0,0,0,14,0,2,2,5,7,0,0,0,0,0,0,0,0,0,0,5,0,0,0,1,4,2,2,0,0,1,0,0,0,0,8,0,1,1,3,4,0,0,0,0,0,0,0,0,0,0,0,0,0,0,0,0,0,0,0,0,0,0,0,0,0,0,0,0,0,0,0
Sayreville Police,1976-07-01,New Jersey,33472,NJ01219,,not updated,normal return,normal return,normal return,normal return,breakdown offenses,breakdown offenses,breakdown offenses,0,0,0,0,1,0,0,0,2,0,1,0,1,13,0,0,0,1,12,28,23,3,2,79,7,4,1,2,130,0,1,3,114,117,0,1,0,0,0,0,0,0,0,0,2,0,0,0,1,1,3,3,0,0,2,1,1,0,0,9,0,1,1,6,7,0,0,0,0,0,0,0,0,0,0,1,0,0,0,0,1,2,2,0,0,0,1,1,0,0,4,0,0,0,3,3,0,0,0,0,0,0,0,0,0,0,0,0,0,0,0,0,0,0,0,0,0,0,0,0,0,0,0,0,0,0,0
Sayreville Police,1976-08-01,New Jersey,33472,NJ01219,,not updated,normal return,normal return,normal return,normal return,breakdown offenses,breakdown offenses,breakdown offenses,0,0,1,0,0,0,0,0,0,0,0,0,0,9,2,0,0,1,6,20,18,0,2,69,12,7,1,4,110,0,3,3,101,104,0,0,0,0,0,0,0,0,0,0,9,2,0,0,1,6,6,5,0,1,5,0,0,0,0,20,0,3,3,11,14,0,0,0,0,0,0,0,0,0,0,3,0,0,0,0,3,4,3,0,1,4,0,0,0,0,11,0,0,0,8,8,0,0,0,0,0,0,0,0,0,0,0,0,0,0,0,0,0,0,0,0,0,0,0,0,0,0,0,0,0,0,0
Sayreville Police,1976-09-01,New Jersey,33472,NJ01219,,not updated,normal return,normal return,normal return,normal return,breakdown offenses,breakdown offenses,breakdown offenses,0,0,0,0,0,0,0,0,2,1,1,0,0,9,1,0,0,1,7,16,13,2,1,69,12,10,1,1,108,0,2,4,97,101,0,0,0,0,0,0,0,0,0,0,8,0,0,0,1,7,4,4,0,0,3,1,1,0,0,16,0,1,1,8,9,0,0,0,0,0,0,0,0,0,0,4,0,0,0,0,4,3,3,0,0,2,1,1,0,0,10,0,0,0,6,6,0,0,0,0,0,0,0,0,0,0,0,0,0,0,0,0,0,0,0,0,0,0,0,0,0,0,0,0,0,0,0
Sayreville Police,1976-10-01,New Jersey,33472,NJ01219,,not updated,adjustment,adjustment,adjustment,adjustment,breakdown offenses,breakdown offenses,breakdown offenses,0,0,0,0,1,0,0,0,3,2,0,0,1,4,1,0,0,0,3,29,24,1,4,50,14,12,1,1,101,0,1,4,93,97,0,1,0,0,0,2,2,0,0,0,4,1,0,0,0,3,4,4,0,0,1,1,1,0,0,13,0,1,3,6,9,0,0,0,0,0,0,0,0,0,0,2,0,0,0,0,2,3,3,0,0,1,0,0,0,0,6,0,0,0,4,4,0,0,0,0,0,0,0,0,0,0,0,0,0,0,0,0,0,0,0,0,0,0,0,0,0,0,0,0,0,0,0
Sayreville Police,1976-11-01,New Jersey,33472,NJ01219,,not updated,normal return,normal return,normal return,normal return,breakdown offenses,breakdown offenses,breakdown offenses,0,0,0,0,6,0,0,0,1,1,0,0,0,5,1,1,0,0,3,24,21,3,0,45,4,2,1,1,85,0,2,3,73,76,0,6,0,0,0,1,1,0,0,0,5,0,1,0,0,4,2,2,0,0,3,0,0,0,0,17,0,1,2,5,7,0,0,0,0,0,0,0,0,0,0,3,0,0,0,0,3,2,2,0,0,3,0,0,0,0,8,0,0,0,5,5,0,0,0,0,0,0,0,0,0,0,0,0,0,0,0,0,0,0,0,0,0,0,0,0,0,0,0,0,0,0,0
Sayreville Police,1976-12-01,New Jersey,33472,NJ01219,,not updated,normal return,normal return,normal return,normal return,breakdown offenses,breakdown offenses,breakdown offenses,0,0,1,0,0,0,0,0,1,1,0,0,0,7,0,0,3,1,3,32,29,0,3,58,9,7,1,1,107,0,4,5,99,104,0,0,0,0,0,0,0,0,0,0,7,0,0,3,1,3,20,20,0,0,8,1,1,0,0,36,0,4,4,29,33,0,0,0,0,0,0,0,0,0,0,1,0,0,0,0,1,19,19,0,0,8,0,0,0,0,28,0,0,0,27,27,0,0,0,0,0,0,0,0,0,0,0,0,0,0,0,0,0,0,0,0,0,0,0,0,0,0,0,0,0,0,0
Sayreville Police,1977-01-01,New Jersey,32728,NJ01219,,not updated,normal return,normal return,normal return,normal return,breakdown offenses,breakdown offenses,breakdown offenses,0,0,0,0,0,1,1,0,3,3,0,0,0,8,0,0,5,0,3,16,15,0,1,28,1,1,0,0,57,0,5,9,45,54,0,0,1,1,0,0,0,0,0,0,9,0,0,6,0,3,5,5,0,0,0,1,1,0,0,16,0,6,7,6,13,0,0,0,0,0,0,0,0,0,0,1,0,0,0,0,1,4,4,0,0,0,1,1,0,0,6,0,0,0,5,5,0,0,0,0,0,0,0,0,0,0,0,0,0,0,0,0,0,0,0,0,0,0,0,0,0,0,0,0,0,0,0
Sayreville Police,1977-02-01,New Jersey,32728,NJ01219,,not updated,normal return,normal return,normal return,normal return,breakdown offenses,breakdown offenses,breakdown offenses,0,0,1,0,0,0,0,0,4,3,0,0,1,7,0,2,1,2,2,22,20,1,1,29,3,3,0,0,65,0,5,9,54,63,1,0,0,0,0,3,2,0,0,1,8,0,2,1,2,3,4,4,0,0,5,0,0,0,0,21,0,5,9,9,18,0,0,0,0,0,0,0,0,0,0,2,0,0,0,0,2,0,0,0,0,2,0,0,0,0,4,0,0,0,2,2,0,0,0,0,0,0,0,0,0,0,0,0,0,0,0,0,0,0,0,0,0,0,0,0,0,0,0,0,0,0,0
Sayreville Police,1977-03-01,New Jersey,32728,NJ01219,,not updated,normal return,normal return,normal return,normal return,breakdown offenses,breakdown offenses,breakdown offenses,0,0,0,0,0,0,0,0,2,2,0,0,0,6,0,2,0,2,2,17,14,1,2,50,6,6,0,0,81,0,4,6,73,79,0,0,0,0,0,0,0,0,0,0,6,0,2,0,2,2,10,10,0,0,6,2,2,0,0,24,0,4,4,18,22,0,0,0,0,0,0,0,0,0,0,3,0,1,0,0,2,9,9,0,0,4,2,2,0,0,18,0,1,1,15,16,0,0,0,0,0,0,0,0,0,0,0,0,0,0,0,0,0,0,0,0,0,0,0,0,0,0,0,0,0,0,0
Sayreville Police,1977-04-01,New Jersey,32728,NJ01219,,not updated,normal return,normal return,normal return,normal return,breakdown offenses,breakdown offenses,breakdown offenses,0,0,0,0,0,1,1,0,0,0,0,0,0,6,1,1,1,1,2,14,12,1,1,39,7,5,1,1,67,0,4,5,60,65,0,0,1,1,0,0,0,0,0,0,4,0,0,1,1,2,3,2,1,0,1,0,0,0,0,9,0,2,3,4,7,0,0,0,0,0,0,0,0,0,0,2,0,0,1,0,1,0,0,0,0,1,0,0,0,0,3,0,1,1,1,2,0,0,0,0,0,0,0,0,0,0,0,0,0,0,0,0,0,0,0,0,0,0,0,0,0,0,0,0,0,0,0
Sayreville Police,1977-05-01,New Jersey,32728,NJ01219,,not updated,normal return,normal return,normal return,normal return,breakdown offenses,breakdown offenses,breakdown offenses,0,0,0,0,0,0,0,0,1,1,0,0,0,15,1,1,5,1,7,18,14,3,1,56,9,6,1,2,99,0,8,9,83,92,0,0,0,0,0,0,0,0,0,0,15,1,1,5,1,7,1,1,0,0,2,2,2,0,0,20,0,8,8,5,13,0,0,0,0,0,0,0,0,0,0,3,0,0,0,0,3,1,1,0,0,2,2,2,0,0,8,0,0,0,5,5,0,0,0,0,0,0,0,0,0,0,0,0,0,0,0,0,0,0,0,0,0,0,0,0,0,0,0,0,0,0,0
Sayreville Police,1977-06-01,New Jersey,32728,NJ01219,,not updated,normal return,normal return,normal return,normal return,breakdown offenses,breakdown offenses,breakdown offenses,0,0,1,0,0,0,0,0,1,0,0,0,1,4,0,0,0,0,4,19,16,2,1,48,7,7,0,0,79,0,0,1,74,75,0,0,0,0,0,0,0,0,0,0,4,0,0,0,0,4,1,1,0,0,1,1,1,0,0,7,0,0,0,3,3,0,0,0,0,0,0,0,0,0,0,3,0,0,0,0,3,0,0,0,0,1,1,1,0,0,5,0,0,0,2,2,0,0,0,0,0,0,0,0,0,0,0,0,0,0,0,0,0,0,0,0,0,0,0,0,0,0,0,0,0,0,0
Sayreville Police,1977-07-01,New Jersey,32728,NJ01219,,not updated,normal return,normal return,normal return,normal return,breakdown offenses,breakdown offenses,breakdown offenses,0,0,0,0,0,0,0,0,1,1,0,0,0,3,0,0,0,1,2,21,21,0,0,49,11,7,2,2,85,0,1,2,81,83,0,0,0,0,0,0,0,0,0,0,2,0,0,0,1,1,3,3,0,0,1,0,0,0,0,6,0,1,1,4,5,0,0,0,0,0,0,0,0,0,0,0,0,0,0,0,0,3,3,0,0,1,0,0,0,0,4,0,0,0,4,4,0,0,0,0,0,0,0,0,0,0,0,0,0,0,0,0,0,0,0,0,0,0,0,0,0,0,0,0,0,0,0
Sayreville Police,1977-08-01,New Jersey,32728,NJ01219,,not updated,normal return,normal return,normal return,normal return,breakdown offenses,breakdown offenses,breakdown offenses,0,0,1,1,0,1,1,0,2,1,1,0,0,5,2,0,0,0,3,25,22,1,2,49,9,8,1,0,92,0,2,6,83,89,0,0,1,1,0,0,0,0,0,0,4,1,0,0,0,3,3,3,0,0,3,1,1,0,0,12,0,1,2,7,9,0,0,0,0,0,0,0,0,0,0,4,1,0,0,0,3,3,3,0,0,3,1,1,0,0,11,0,1,1,7,8,0,0,0,0,0,0,0,0,0,0,0,0,0,0,0,0,0,0,0,0,0,0,0,0,0,0,0,0,0,0,0
Sayreville Police,1977-09-01,New Jersey,32728,NJ01219,,not updated,normal return,normal return,normal return,normal return,breakdown offenses,breakdown offenses,breakdown offenses,0,0,0,0,0,0,0,0,3,1,2,0,0,8,1,1,0,0,6,29,24,1,4,49,14,10,2,2,103,0,2,5,92,97,0,0,0,0,0,0,0,0,0,0,10,1,1,0,0,8,4,4,0,0,0,0,0,0,0,14,0,2,2,4,6,0,0,0,0,0,0,0,0,0,0,6,1,1,0,0,4,1,1,0,0,0,0,0,0,0,7,0,2,2,1,3,0,0,0,0,0,0,0,0,0,0,0,0,0,0,0,0,0,0,0,0,0,0,0,0,0,0,0,0,0,0,0
Sayreville Police,1977-10-01,New Jersey,32728,NJ01219,,not updated,normal return,normal return,normal return,normal return,breakdown offenses,breakdown offenses,breakdown offenses,0,0,1,0,0,1,0,1,2,2,0,0,0,10,1,0,2,0,7,30,28,2,0,53,7,6,1,0,103,0,3,6,90,96,0,0,1,0,1,0,0,0,0,0,5,1,0,0,0,4,4,2,2,0,6,1,1,0,0,17,0,1,2,11,13,0,0,0,0,0,0,0,0,0,0,4,0,0,0,0,4,2,1,1,0,1,1,1,0,0,8,0,0,0,4,4,0,0,0,0,0,0,0,0,0,0,0,0,0,0,0,0,0,0,0,0,0,0,0,0,0,0,0,0,0,0,0
Sayreville Police,1977-11-01,New Jersey,32728,NJ01219,,not updated,normal return,normal return,normal return,normal return,breakdown offenses,breakdown offenses,breakdown offenses,0,0,0,0,0,0,0,0,0,0,0,0,0,2,0,0,0,0,2,36,28,6,2,50,7,6,0,1,95,0,0,0,93,93,0,0,0,0,0,0,0,0,0,0,2,0,0,0,0,2,6,6,0,0,3,1,1,0,0,12,0,0,0,10,10,0,0,0,0,0,0,0,0,0,0,1,0,0,0,0,1,5,5,0,0,2,0,0,0,0,8,0,0,0,7,7,0,0,0,0,0,0,0,0,0,0,0,0,0,0,0,0,0,0,0,0,0,0,0,0,0,0,0,0,0,0,0
Sayreville Police,1977-12-01,New Jersey,32728,NJ01219,,not updated,normal return,normal return,normal return,normal return,breakdown offenses,breakdown offenses,breakdown offenses,0,0,0,0,0,0,0,0,2,1,0,0,1,5,0,0,1,2,2,29,22,2,5,40,1,1,0,0,77,0,3,5,70,75,0,0,0,0,0,0,0,0,0,0,5,0,0,1,2,2,3,3,0,0,4,0,0,0,0,12,0,3,3,7,10,0,0,0,0,0,0,0,0,0,0,1,0,0,0,0,1,3,3,0,0,3,0,0,0,0,7,0,0,0,6,6,0,0,0,0,0,0,0,0,0,0,0,0,0,0,0,0,0,0,0,0,0,0,0,0,0,0,0,0,0,0,0
Sayreville Police,1978-01-01,New Jersey,32380,NJ01219,,not updated,normal return,normal return,normal return,normal return,breakdown offenses,breakdown offenses,breakdown offenses,0,0,1,0,0,0,0,0,2,1,0,0,1,6,1,0,0,2,3,25,19,1,5,21,7,7,0,0,61,0,3,5,53,58,0,0,0,0,0,0,0,0,0,0,4,1,0,0,2,1,5,5,0,0,4,0,0,0,0,13,0,3,3,9,12,0,0,0,0,0,0,0,0,0,0,0,0,0,0,0,0,3,3,0,0,3,0,0,0,0,6,0,0,0,6,6,0,0,0,0,0,0,0,0,0,0,0,0,0,0,0,0,0,0,0,0,0,0,0,0,0,0,0,0,0,0,0
Sayreville Police,1978-02-01,New Jersey,32380,NJ01219,,not updated,normal return,normal return,normal return,normal return,breakdown offenses,breakdown offenses,breakdown offenses,0,0,0,0,0,0,0,0,1,1,0,0,0,5,0,0,0,0,5,18,13,4,1,28,4,4,0,0,56,0,0,1,50,51,0,0,0,0,0,0,0,0,0,0,1,0,0,0,0,1,2,2,0,0,2,1,1,0,0,6,0,0,0,5,5,0,0,0,0,0,0,0,0,0,0,0,0,0,0,0,0,0,0,0,0,2,0,0,0,0,2,0,0,0,2,2,0,0,0,0,0,0,0,0,0,0,0,0,0,0,0,0,0,0,0,0,0,0,0,0,0,0,0,0,0,0,0
Sayreville Police,1978-03-01,New Jersey,32380,NJ01219,,not updated,normal return,normal return,normal return,normal return,breakdown offenses,breakdown offenses,breakdown offenses,0,0,1,0,0,0,0,0,1,0,0,0,1,6,1,0,0,0,5,22,19,2,1,49,12,10,1,1,90,0,1,2,83,85,0,0,0,0,0,0,0,0,0,0,6,1,0,0,0,5,2,2,0,0,0,2,2,0,0,10,0,1,1,4,5,0,0,0,0,0,0,0,0,0,0,2,0,0,0,0,2,0,0,0,0,0,2,2,0,0,4,0,0,0,2,2,0,0,0,0,0,0,0,0,0,0,0,0,0,0,0,0,0,0,0,0,0,0,0,0,0,0,0,0,0,0,0
Sayreville Police,1978-04-01,New Jersey,32380,NJ01219,,not updated,adjustment,adjustment,adjustment,adjustment,breakdown offenses,breakdown offenses,breakdown offenses,0,0,0,0,0,2,2,0,1,0,0,0,1,10,0,0,0,3,7,25,17,4,4,61,9,7,1,1,108,0,3,6,95,101,0,0,1,1,0,0,0,0,0,0,7,0,0,0,3,4,0,0,0,0,2,0,0,0,0,10,0,3,4,2,6,0,0,0,0,0,0,0,0,0,0,3,0,0,0,0,3,0,0,0,0,2,0,0,0,0,5,0,0,0,2,2,0,0,0,0,0,0,0,0,0,0,0,0,0,0,0,0,0,0,0,0,0,0,0,0,0,0,0,0,0,0,0
Sayreville Police,1978-05-01,New Jersey,32380,NJ01219,,not updated,normal return,normal return,normal return,normal return,breakdown offenses,breakdown offenses,breakdown offenses,0,0,0,0,0,1,0,1,3,1,1,1,0,4,1,0,0,0,3,29,20,4,5,59,7,4,1,2,103,0,1,5,95,100,0,0,1,0,1,0,0,0,0,0,3,1,0,0,0,2,4,4,0,0,3,0,0,0,0,11,0,1,2,7,9,0,0,0,0,0,0,0,0,0,0,1,0,0,0,0,1,4,4,0,0,2,0,0,0,0,7,0,0,0,6,6,0,0,0,0,0,0,0,0,0,0,0,0,0,0,0,0,0,0,0,0,0,0,0,0,0,0,0,0,0,0,0
Sayreville Police,1978-06-01,New Jersey,32380,NJ01219,,not updated,normal return,normal return,normal return,normal return,breakdown offenses,breakdown offenses,breakdown offenses,0,0,0,0,0,0,0,0,0,0,0,0,0,4,0,0,1,1,2,13,10,3,0,43,9,8,1,0,69,0,2,2,65,67,0,0,0,0,0,0,0,0,0,0,4,0,0,1,1,2,2,1,1,0,8,2,2,0,0,16,0,2,2,12,14,0,0,0,0,0,0,0,0,0,0,0,0,0,0,0,0,2,1,1,0,3,2,2,0,0,7,0,0,0,7,7,0,0,0,0,0,0,0,0,0,0,0,0,0,0,0,0,0,0,0,0,0,0,0,0,0,0,0,0,0,0,0
Sayreville Police,1978-07-01,New Jersey,32380,NJ01219,,not updated,normal return,normal return,normal return,normal return,breakdown offenses,breakdown offenses,breakdown offenses,0,0,1,0,0,0,0,0,0,0,0,0,0,6,0,0,1,2,3,16,15,0,1,74,7,6,1,0,103,0,3,3,97,100,0,0,0,0,0,0,0,0,0,0,6,0,0,1,2,3,3,3,0,0,5,2,2,0,0,16,0,3,3,10,13,0,0,0,0,0,0,0,0,0,0,3,0,0,0,0,3,1,1,0,0,4,0,0,0,0,8,0,0,0,5,5,0,0,0,0,0,0,0,0,0,0,0,0,0,0,0,0,0,0,0,0,0,0,0,0,0,0,0,0,0,0,0
Sayreville Police,1978-08-01,New Jersey,32380,NJ01219,,not updated,normal return,normal return,normal return,normal return,breakdown offenses,breakdown offenses,breakdown offenses,0,0,0,0,0,0,0,0,4,2,1,0,1,6,0,2,1,2,1,21,12,4,5,60,7,5,1,1,98,0,5,9,88,97,0,0,0,0,0,0,0,0,0,0,5,0,0,1,2,2,0,0,0,0,2,0,0,0,0,7,0,3,3,2,5,0,0,0,0,0,0,0,0,0,0,1,0,0,0,0,1,0,0,0,0,1,0,0,0,0,2,0,0,0,1,1,0,0,0,0,0,0,0,0,0,0,0,0,0,0,0,0,0,0,0,0,0,0,0,0,0,0,0,0,0,0,0
Sayreville Police,1978-09-01,New Jersey,32380,NJ01219,,not updated,normal return,normal return,normal return,normal return,breakdown offenses,breakdown offenses,breakdown offenses,0,0,0,0,0,0,0,0,1,0,0,0,1,15,0,5,0,3,7,15,13,0,2,45,2,1,0,1,78,0,8,9,62,71,0,0,0,0,0,0,0,0,0,0,13,0,2,0,4,7,3,1,0,2,0,1,1,0,0,17,0,6,6,4,10,0,0,0,0,0,0,0,0,0,0,3,0,0,0,2,1,0,0,0,0,0,1,1,0,0,4,0,2,2,1,3,0,0,0,0,0,0,0,0,0,0,0,0,0,0,0,0,0,0,0,0,0,0,0,0,0,0,0,0,0,0,0
Sayreville Police,1978-10-01,New Jersey,32380,NJ01219,,not updated,normal return,normal return,normal return,normal return,breakdown offenses,breakdown offenses,breakdown offenses,0,0,1,0,0,0,0,0,2,0,1,0,1,8,0,2,0,3,3,26,24,1,1,66,7,5,1,1,109,0,5,7,99,106,0,0,0,0,0,0,0,0,0,0,9,0,2,0,1,6,5,5,0,0,2,0,0,0,0,16,0,3,3,7,10,0,0,0,0,0,0,0,0,0,0,6,0,2,0,0,4,2,2,0,0,1,0,0,0,0,9,0,2,2,3,5,0,0,0,0,0,0,0,0,0,0,0,0,0,0,0,0,0,0,0,0,0,0,0,0,0,0,0,0,0,0,0
Sayreville Police,1978-11-01,New Jersey,32380,NJ01219,,not updated,normal return,normal return,normal return,normal return,breakdown offenses,breakdown offenses,breakdown offenses,0,0,0,0,0,0,0,0,1,0,0,0,1,14,1,0,1,3,9,23,20,0,3,55,2,1,1,0,95,0,5,6,80,86,0,0,0,0,0,0,0,0,0,0,7,1,0,0,1,5,4,3,0,1,1,0,0,0,0,12,0,2,2,5,7,0,0,0,0,0,0,0,0,0,0,7,1,0,0,1,5,3,3,0,0,1,0,0,0,0,11,0,2,2,4,6,0,0,0,0,0,0,0,0,0,0,0,0,0,0,0,0,0,0,0,0,0,0,0,0,0,0,0,0,0,0,0
Sayreville Police,1978-12-01,New Jersey,32380,NJ01219,,not updated,normal return,normal return,normal return,normal return,breakdown offenses,breakdown offenses,breakdown offenses,0,0,0,0,0,0,0,0,3,1,1,1,0,11,1,0,0,2,8,33,26,3,4,62,6,5,1,0,115,0,3,6,101,107,0,0,0,0,0,2,0,1,1,0,5,0,0,0,0,5,5,4,1,0,0,0,0,0,0,12,0,0,2,5,7,0,0,0,0,0,2,0,1,1,0,3,0,0,0,0,3,4,4,0,0,0,0,0,0,0,9,0,0,2,4,6,0,0,0,0,0,0,0,0,0,0,0,0,0,0,0,0,0,0,0,0,0,0,0,0,0,0,0,0,0,0,0
Sayreville Police,1979-01-01,New Jersey,31766,NJ01219,,not updated,normal return,normal return,normal return,normal return,breakdown offenses,breakdown offenses,breakdown offenses,0,0,0,0,0,1,1,0,3,1,1,0,1,4,0,0,0,3,1,21,16,3,2,38,6,5,0,1,73,0,3,7,65,72,0,0,0,0,0,0,0,0,0,0,6,0,0,0,4,2,14,14,0,0,14,0,0,0,0,34,0,4,4,28,32,0,0,0,0,0,0,0,0,0,0,2,0,0,0,0,2,10,10,0,0,11,0,0,0,0,23,0,0,0,21,21,0,0,0,0,0,0,0,0,0,0,0,0,0,0,0,0,0,0,0,0,0,0,0,0,0,0,0,0,0,0,0
Sayreville Police,1979-02-01,New Jersey,31766,NJ01219,,not updated,normal return,normal return,normal return,normal return,breakdown offenses,breakdown offenses,breakdown offenses,0,0,1,0,0,0,0,0,1,0,1,0,0,9,0,0,1,4,4,14,13,0,1,34,8,8,0,0,66,0,5,6,56,62,0,0,1,1,0,0,0,0,0,0,6,0,0,1,3,2,7,7,0,0,2,0,0,0,0,16,0,4,5,9,14,0,0,0,0,0,0,0,0,0,0,1,0,0,0,0,1,6,6,0,0,1,0,0,0,0,8,0,0,0,7,7,0,0,0,0,0,0,0,0,0,0,0,0,0,0,0,0,0,0,0,0,0,0,0,0,0,0,0,0,0,0,0
Sayreville Police,1979-03-01,New Jersey,31766,NJ01219,,not updated,normal return,normal return,normal return,normal return,breakdown offenses,breakdown offenses,breakdown offenses,0,0,0,0,0,0,0,0,0,0,0,0,0,9,0,1,1,0,7,18,14,2,2,44,7,6,1,0,78,0,2,2,69,71,0,0,0,0,0,0,0,0,0,0,7,0,1,1,1,4,2,2,0,0,4,0,0,0,0,13,0,3,3,6,9,0,0,0,0,0,0,0,0,0,0,3,0,0,1,0,2,2,2,0,0,3,0,0,0,0,8,0,1,1,5,6,0,0,0,0,0,0,0,0,0,0,0,0,0,0,0,0,0,0,0,0,0,0,0,0,0,0,0,0,0,0,0
Sayreville Police,1979-04-01,New Jersey,31766,NJ01219,,not updated,normal return,normal return,normal return,normal return,breakdown offenses,breakdown offenses,breakdown offenses,0,0,0,1,0,0,0,0,3,3,0,0,0,7,0,2,0,1,4,16,14,0,2,45,8,8,0,0,80,0,3,7,69,76,0,0,0,0,0,0,0,0,0,0,5,0,1,0,1,3,1,1,0,0,3,1,1,0,0,10,0,2,2,5,7,0,0,0,0,0,0,0,0,0,0,2,0,0,0,0,2,1,1,0,0,0,1,1,0,0,4,0,0,0,2,2,0,0,0,0,0,0,0,0,0,0,0,0,0,0,0,0,0,0,0,0,0,0,0,0,0,0,0,0,0,0,0
Sayreville Police,1979-05-01,New Jersey,31766,NJ01219,,not updated,normal return,normal return,normal return,normal return,breakdown offenses,breakdown offenses,breakdown offenses,0,0,0,0,0,0,0,0,2,1,0,1,0,11,0,1,3,1,6,29,22,1,6,48,9,8,0,1,99,0,5,7,86,93,1,0,0,0,0,2,1,0,1,0,9,0,1,3,1,4,5,5,0,0,2,0,0,0,0,19,0,5,8,7,15,0,0,0,0,0,0,0,0,0,0,3,0,0,0,0,3,4,4,0,0,2,0,0,0,0,9,0,0,0,6,6,0,0,0,0,0,0,0,0,0,0,0,0,0,0,0,0,0,0,0,0,0,0,0,0,0,0,0,0,0,0,0
Sayreville Police,1979-06-01,New Jersey,31766,NJ01219,,not updated,normal return,normal return,normal return,normal return,breakdown offenses,breakdown offenses,breakdown offenses,0,0,5,0,0,0,0,0,0,0,0,0,0,10,1,0,1,0,8,22,15,1,6,70,7,7,0,0,109,0,2,2,99,101,0,0,0,0,0,0,0,0,0,0,13,1,0,2,0,10,4,4,0,0,7,0,0,0,0,24,0,3,3,11,14,0,0,0,0,0,0,0,0,0,0,7,1,0,1,0,5,1,1,0,0,3,0,0,0,0,11,0,2,2,4,6,0,0,0,0,0,0,0,0,0,0,0,0,0,0,0,0,0,0,0,0,0,0,0,0,0,0,0,0,0,0,0
Sayreville Police,1979-07-01,New Jersey,31766,NJ01219,,not updated,normal return,normal return,normal return,normal return,breakdown offenses,breakdown offenses,breakdown offenses,0,0,1,0,0,1,0,1,0,0,0,0,0,13,0,1,0,3,9,26,22,1,3,57,5,5,0,0,102,0,4,5,88,93,0,0,0,0,0,0,0,0,0,0,4,0,0,0,1,3,3,3,0,0,8,3,3,0,0,18,0,1,1,14,15,0,0,0,0,0,0,0,0,0,0,2,0,0,0,0,2,3,3,0,0,5,2,2,0,0,12,0,0,0,10,10,0,0,0,0,0,0,0,0,0,0,0,0,0,0,0,0,0,0,0,0,0,0,0,0,0,0,0,0,0,0,0
Sayreville Police,1979-08-01,New Jersey,31766,NJ01219,,not updated,normal return,normal return,normal return,normal return,breakdown offenses,breakdown offenses,breakdown offenses,0,0,2,0,0,2,1,1,0,0,0,0,0,8,0,0,1,0,7,20,12,2,6,54,8,8,0,0,92,0,1,3,82,85,0,0,0,0,0,0,0,0,0,0,4,0,0,0,0,4,7,7,0,0,6,0,0,0,0,17,0,0,0,13,13,0,0,0,0,0,0,0,0,0,0,1,0,0,0,0,1,4,4,0,0,2,0,0,0,0,7,0,0,0,6,6,0,0,0,0,0,0,0,0,0,0,0,0,0,0,0,0,0,0,0,0,0,0,0,0,0,0,0,0,0,0,0
Sayreville Police,1979-09-01,New Jersey,31766,NJ01219,,not updated,normal return,normal return,normal return,normal return,breakdown offenses,breakdown offenses,breakdown offenses,0,0,0,0,0,0,0,0,3,2,0,1,0,9,0,0,0,0,9,19,16,2,1,45,8,4,3,1,84,0,0,3,72,75,0,0,0,0,0,1,0,0,1,0,6,0,0,0,0,6,6,5,1,0,5,0,0,0,0,18,0,0,1,11,12,0,0,0,0,0,1,0,0,1,0,4,0,0,0,0,4,3,2,1,0,2,0,0,0,0,10,0,0,1,5,6,0,0,0,0,0,0,0,0,0,0,0,0,0,0,0,0,0,0,0,0,0,0,0,0,0,0,0,0,0,0,0
Sayreville Police,1979-10-01,New Jersey,31766,NJ01219,,not updated,normal return,normal return,normal return,normal return,breakdown offenses,breakdown offenses,breakdown offenses,0,0,0,0,0,1,1,0,2,0,0,1,1,11,0,2,0,2,7,35,29,2,4,86,13,11,1,1,148,0,4,7,134,141,0,0,0,0,0,1,0,0,1,0,3,0,0,0,0,3,1,1,0,0,6,0,0,0,0,11,0,0,1,7,8,0,0,0,0,0,0,0,0,0,0,1,0,0,0,0,1,0,0,0,0,6,0,0,0,0,7,0,0,0,6,6,0,0,0,0,0,0,0,0,0,0,0,0,0,0,0,0,0,0,0,0,0,0,0,0,0,0,0,0,0,0,0
Sayreville Police,1979-11-01,New Jersey,31766,NJ01219,,not updated,normal return,normal return,normal return,normal return,breakdown offenses,breakdown offenses,breakdown offenses,0,0,1,0,0,1,1,0,1,1,0,0,0,12,0,1,0,3,8,20,14,3,3,62,15,11,2,2,111,0,4,6,97,103,0,0,2,2,0,0,0,0,0,0,3,0,0,0,1,2,4,2,2,0,4,0,0,0,0,13,0,1,3,8,11,0,0,0,0,0,0,0,0,0,0,2,0,0,0,1,1,2,2,0,0,0,0,0,0,0,4,0,1,1,2,3,0,0,0,0,0,0,0,0,0,0,0,0,0,0,0,0,0,0,0,0,0,0,0,0,0,0,0,0,0,0,0
Sayreville Police,1979-12-01,New Jersey,31766,NJ01219,,not updated,normal return,normal return,normal return,normal return,breakdown offenses,breakdown offenses,breakdown offenses,0,0,0,0,0,0,0,0,2,0,0,0,2,9,0,1,1,2,5,13,11,0,2,58,9,7,1,1,91,0,4,6,80,86,0,0,0,0,0,1,0,0,0,1,4,0,0,0,1,3,0,0,0,0,2,0,0,0,0,7,0,1,2,2,4,0,0,0,0,0,0,0,0,0,0,2,0,0,0,0,2,0,0,0,0,1,0,0,0,0,3,0,0,0,1,1,0,0,0,0,0,0,0,0,0,0,0,0,0,0,0,0,0,0,0,0,0,0,0,0,0,0,0,0,0,0,0
Sayreville Police,1980-01-01,New Jersey,29749,NJ01219,,not updated,normal return,normal return,normal return,normal return,breakdown offenses,breakdown offenses,breakdown offenses,0,0,0,0,0,0,0,0,2,1,0,1,0,6,0,0,0,1,5,15,12,2,1,57,16,14,2,0,96,0,1,3,88,91,0,0,0,0,0,1,1,0,0,0,3,0,0,0,1,2,3,2,1,0,4,0,0,0,0,11,0,1,2,7,9,0,0,0,0,0,0,0,0,0,0,2,0,0,0,0,2,1,1,0,0,3,0,0,0,0,6,0,0,0,4,4,0,0,0,0,0,0,0,0,0,0,0,0,0,0,0,0,0,0,0,0,0,0,0,0,0,0,0,0,0,0,0
Sayreville Police,1980-02-01,New Jersey,29749,NJ01219,,not updated,normal return,normal return,normal return,normal return,breakdown offenses,breakdown offenses,breakdown offenses,0,0,0,0,0,0,0,0,4,3,0,0,1,17,1,0,1,2,13,20,16,2,2,60,10,10,0,0,111,0,4,8,90,98,0,0,0,0,0,1,1,0,0,0,7,0,0,1,1,5,5,5,0,0,5,0,0,0,0,18,0,2,3,10,13,0,0,0,0,0,0,0,0,0,0,5,0,0,0,0,5,1,1,0,0,1,0,0,0,0,7,0,0,0,2,2,0,0,0,0,0,0,0,0,0,0,0,0,0,0,0,0,0,0,0,0,0,0,0,0,0,0,0,0,0,0,0
Sayreville Police,1980-03-01,New Jersey,29749,NJ01219,,not updated,normal return,normal return,normal return,normal return,breakdown offenses,breakdown offenses,breakdown offenses,0,0,0,0,0,1,1,0,0,0,0,0,0,15,2,4,0,3,6,26,23,1,2,52,15,11,1,3,109,0,9,10,93,103,0,0,0,0,0,1,1,0,0,0,9,2,2,0,2,3,4,4,0,0,3,0,0,0,0,17,0,6,7,7,14,0,0,0,0,0,0,0,0,0,0,4,0,1,0,1,2,4,4,0,0,2,0,0,0,0,10,0,2,2,6,8,0,0,0,0,0,0,0,0,0,0,0,0,0,0,0,0,0,0,0,0,0,0,0,0,0,0,0,0,0,0,0
Sayreville Police,1980-04-01,New Jersey,29749,NJ01219,,not updated,normal return,normal return,normal return,normal return,breakdown offenses,breakdown offenses,breakdown offenses,0,0,2,0,0,0,0,0,3,1,1,0,1,14,2,2,1,0,9,22,19,1,2,53,10,10,0,0,102,0,5,8,85,93,0,0,0,0,0,0,0,0,0,0,6,2,0,1,0,3,1,1,0,0,3,0,0,0,0,10,0,3,3,4,7,0,0,0,0,0,0,0,0,0,0,3,0,0,1,0,2,1,1,0,0,0,0,0,0,0,4,0,1,1,1,2,0,0,0,0,0,0,0,0,0,0,0,0,0,0,0,0,0,0,0,0,0,0,0,0,0,0,0,0,0,0,0
Sayreville Police,1980-05-01,New Jersey,29749,NJ01219,,not updated,normal return,normal return,normal return,normal return,breakdown offenses,breakdown offenses,breakdown offenses,0,0,3,0,0,2,2,0,2,0,1,0,1,13,0,0,0,4,9,27,22,3,2,70,7,6,0,1,121,0,4,8,104,112,0,0,1,1,0,0,0,0,0,0,14,0,0,0,5,9,4,4,0,0,3,4,4,0,0,26,0,5,6,11,17,0,0,0,0,0,0,0,0,0,0,5,0,0,0,0,5,0,0,0,0,2,0,0,0,0,7,0,0,0,2,2,0,0,0,0,0,0,0,0,0,0,0,0,0,0,0,0,0,0,0,0,0,0,0,0,0,0,0,0,0,0,0
Sayreville Police,1980-06-01,New Jersey,29749,NJ01219,,not updated,adjustment,adjustment,adjustment,adjustment,breakdown offenses,breakdown offenses,breakdown offenses,0,0,1,0,0,0,0,0,2,0,1,0,1,15,2,2,1,0,10,27,21,0,6,77,15,14,1,0,136,0,5,7,119,126,0,0,0,0,0,0,0,0,0,0,8,1,1,0,0,6,5,5,0,0,2,4,3,1,0,19,0,2,2,11,13,0,0,0,0,0,0,0,0,0,0,5,0,0,0,0,5,5,5,0,0,0,4,3,1,0,14,0,0,0,9,9,0,0,0,0,0,0,0,0,0,0,0,0,0,0,0,0,0,0,0,0,0,0,0,0,0,0,0,0,0,0,0
Sayreville Police,1980-07-01,New Jersey,29749,NJ01219,,not updated,normal return,normal return,normal return,normal return,breakdown offenses,breakdown offenses,breakdown offenses,0,0,2,0,0,0,0,0,2,0,1,1,0,13,0,0,2,2,9,32,21,3,8,90,13,8,1,4,150,0,4,6,135,141,0,0,0,0,0,1,0,1,0,0,8,0,1,1,2,4,7,2,0,5,11,2,2,0,0,29,0,4,5,20,25,0,0,0,0,0,0,0,0,0,0,4,0,0,0,0,4,0,0,0,0,4,2,2,0,0,10,0,0,0,6,6,0,0,0,0,0,0,0,0,0,0,0,0,0,0,0,0,0,0,0,0,0,0,0,0,0,0,0,0,0,0,0
Sayreville Police,1980-08-01,New Jersey,29749,NJ01219,,not updated,normal return,normal return,normal return,normal return,breakdown offenses,breakdown offenses,breakdown offenses,0,0,0,0,0,0,0,0,3,2,1,0,0,16,1,0,1,1,13,35,22,4,9,77,18,17,0,1,149,0,3,6,130,136,0,0,0,0,0,3,2,1,0,0,8,1,0,1,1,5,3,3,0,0,4,1,1,0,0,19,0,3,6,8,14,0,0,0,0,0,0,0,0,0,0,0,0,0,0,0,0,2,2,0,0,2,0,0,0,0,4,0,0,0,4,4,0,0,0,0,0,0,0,0,0,0,0,0,0,0,0,0,0,0,0,0,0,0,0,0,0,0,0,0,0,0,0
Sayreville Police,1980-09-01,New Jersey,29749,NJ01219,,not updated,normal return,normal return,normal return,normal return,breakdown offenses,breakdown offenses,breakdown offenses,0,0,0,0,0,0,0,0,3,0,0,0,3,16,2,1,1,4,8,20,16,1,3,63,12,10,0,2,114,0,8,11,95,106,0,0,0,0,0,2,0,0,0,2,10,1,1,1,4,3,6,5,0,1,5,3,3,0,0,26,0,7,9,14,23,0,0,0,0,0,0,0,0,0,0,4,0,0,0,2,2,3,3,0,0,4,3,3,0,0,14,0,2,2,10,12,0,0,0,0,0,0,0,0,0,0,0,0,0,0,0,0,0,0,0,0,0,0,0,0,0,0,0,0,0,0,0
Sayreville Police,1980-10-01,New Jersey,29749,NJ01219,,not updated,normal return,normal return,normal return,normal return,breakdown offenses,breakdown offenses,breakdown offenses,0,0,2,0,0,0,0,0,1,0,1,0,0,11,1,1,0,3,6,23,17,0,6,65,12,11,1,0,112,0,5,6,100,106,0,0,0,0,0,0,0,0,0,0,8,0,1,0,2,5,3,2,0,1,5,0,0,0,0,16,0,3,3,8,11,0,0,0,0,0,0,0,0,0,0,3,0,1,0,0,2,1,1,0,0,1,0,0,0,0,5,0,1,1,2,3,0,0,0,0,0,0,0,0,0,0,0,0,0,0,0,0,0,0,0,0,0,0,0,0,0,0,0,0,0,0,0
Sayreville Police,1980-11-01,New Jersey,29749,NJ01219,,not updated,normal return,normal return,normal return,normal return,breakdown offenses,breakdown offenses,breakdown offenses,0,0,0,0,0,1,1,0,7,7,0,0,0,9,0,0,0,2,7,29,21,4,4,59,13,9,1,3,118,0,2,10,101,111,0,0,0,0,0,0,0,0,0,0,3,0,0,0,0,3,0,0,0,0,7,1,1,0,0,11,0,0,0,8,8,0,0,0,0,0,0,0,0,0,0,2,0,0,0,0,2,0,0,0,0,2,1,1,0,0,5,0,0,0,3,3,0,0,0,0,0,0,0,0,0,0,0,0,0,0,0,0,0,0,0,0,0,0,0,0,0,0,0,0,0,0,0
Sayreville Police,1980-12-01,New Jersey,29749,NJ01219,,not updated,normal return,normal return,normal return,normal return,breakdown offenses,breakdown offenses,breakdown offenses,0,0,3,0,0,0,0,0,13,9,0,0,4,16,0,1,3,0,12,27,22,3,2,49,13,11,1,1,118,0,4,17,89,106,0,0,1,1,0,2,0,0,0,2,9,0,1,2,0,6,1,1,0,0,8,0,0,0,0,21,0,3,6,9,15,0,0,0,0,0,1,0,0,0,1,2,0,0,0,0,2,0,0,0,0,3,0,0,0,0,6,0,0,1,3,4,0,0,0,0,0,0,0,0,0,0,0,0,0,0,0,0,0,0,0,0,0,0,0,0,0,0,0,0,0,0,0
Sayreville Police,1981-01-01,New Jersey,29987,NJ01219,,not updated,normal return,normal return,normal return,normal return,breakdown offenses,breakdown offenses,breakdown offenses,0,0,2,0,0,0,0,0,1,0,1,0,0,9,2,0,0,1,6,25,17,1,7,42,11,10,0,1,88,0,3,4,78,82,0,0,0,0,0,2,0,1,0,1,8,2,0,0,1,5,3,3,0,0,9,1,1,0,0,23,0,3,5,13,18,0,0,0,0,0,0,0,0,0,0,5,1,0,0,1,3,0,0,0,0,1,0,0,0,0,6,0,2,2,1,3,0,0,0,0,0,0,0,0,0,0,0,0,0,0,0,0,0,0,0,0,0,0,0,0,0,0,0,0,0,0,0
Sayreville Police,1981-02-01,New Jersey,29987,NJ01219,,not updated,normal return,normal return,normal return,normal return,breakdown offenses,breakdown offenses,breakdown offenses,0,0,2,0,0,0,0,0,3,1,0,0,2,16,0,1,0,2,13,26,20,2,4,71,12,9,0,3,128,0,3,6,109,115,0,0,0,0,0,0,0,0,0,0,11,0,0,0,0,11,9,8,1,0,9,1,1,0,0,30,0,0,0,19,19,0,0,0,0,0,0,0,0,0,0,4,0,0,0,0,4,8,7,1,0,6,0,0,0,0,18,0,0,0,14,14,0,0,0,0,0,0,0,0,0,0,0,0,0,0,0,0,0,0,0,0,0,0,0,0,0,0,0,0,0,0,0
Sayreville Police,1981-03-01,New Jersey,29987,NJ01219,,not updated,normal return,normal return,normal return,normal return,breakdown offenses,breakdown offenses,breakdown offenses,0,0,1,0,0,0,0,0,2,0,1,0,1,15,1,0,0,2,12,24,16,1,7,94,13,12,0,1,148,0,3,5,131,136,0,0,0,0,0,2,0,1,0,1,6,1,0,0,2,3,7,6,1,0,13,0,0,0,0,28,0,3,5,20,25,0,0,0,0,0,0,0,0,0,0,3,0,0,0,1,2,7,6,1,0,3,0,0,0,0,13,0,1,1,10,11,0,0,0,0,0,0,0,0,0,0,0,0,0,0,0,0,0,0,0,0,0,0,0,0,0,0,0,0,0,0,0
Sayreville Police,1981-04-01,New Jersey,29987,NJ01219,,not updated,normal return,normal return,normal return,normal return,breakdown offenses,breakdown offenses,breakdown offenses,0,0,0,0,0,2,1,1,4,1,0,1,2,14,0,1,1,1,11,30,22,3,5,71,9,8,1,0,130,0,3,9,110,119,0,0,1,0,1,2,1,0,1,0,7,0,0,0,1,6,2,2,0,0,5,0,0,0,0,17,0,1,4,7,11,0,0,0,0,0,0,0,0,0,0,4,0,0,0,0,4,1,1,0,0,1,0,0,0,0,6,0,0,0,2,2,0,0,0,0,0,0,0,0,0,0,0,0,0,0,0,0,0,0,0,0,0,0,0,0,0,0,0,0,0,0,0
Sayreville Police,1981-05-01,New Jersey,29987,NJ01219,,not updated,normal return,normal return,normal return,normal return,breakdown offenses,breakdown offenses,breakdown offenses,0,0,0,0,0,1,1,0,1,1,0,0,0,17,0,2,1,3,11,28,19,6,3,79,10,9,1,0,136,0,6,8,117,125,0,0,0,0,0,0,0,0,0,0,8,0,0,0,1,7,1,1,0,0,7,0,0,0,0,16,0,1,1,8,9,0,0,0,0,0,0,0,0,0,0,7,0,0,0,1,6,0,0,0,0,2,0,0,0,0,9,0,1,1,2,3,0,0,0,0,0,0,0,0,0,0,0,0,0,0,0,0,0,0,0,0,0,0,0,0,0,0,0,0,0,0,0
Sayreville Police,1981-06-01,New Jersey,29987,NJ01219,,not updated,normal return,normal return,normal return,normal return,breakdown offenses,breakdown offenses,breakdown offenses,0,0,2,0,0,0,0,0,1,0,0,0,1,15,0,1,0,3,11,31,22,1,8,100,12,11,0,1,159,0,4,5,143,148,0,0,0,0,0,0,0,0,0,0,12,0,1,0,3,8,5,5,0,0,10,1,1,0,0,28,0,4,4,16,20,0,0,0,0,0,0,0,0,0,0,8,0,0,0,2,6,4,4,0,0,3,1,1,0,0,16,0,2,2,8,10,0,0,0,0,0,0,0,0,0,0,0,0,0,0,0,0,0,0,0,0,0,0,0,0,0,0,0,0,0,0,0
Sayreville Police,1981-07-01,New Jersey,29987,NJ01219,,not updated,normal return,normal return,normal return,normal return,breakdown offenses,breakdown offenses,breakdown offenses,0,0,2,0,0,0,0,0,2,1,1,0,0,28,1,2,3,7,15,27,25,1,1,111,16,13,1,2,184,0,13,15,154,169,0,0,0,0,0,0,0,0,0,0,9,0,0,1,3,5,3,3,0,0,8,1,1,0,0,21,0,4,4,12,16,0,0,0,0,0,0,0,0,0,0,5,0,0,0,1,4,0,0,0,0,5,1,1,0,0,11,0,1,1,6,7,0,0,0,0,0,0,0,0,0,0,0,0,0,0,0,0,0,0,0,0,0,0,0,0,0,0,0,0,0,0,0
Sayreville Police,1981-08-01,New Jersey,29987,NJ01219,,not updated,normal return,normal return,normal return,normal return,breakdown offenses,breakdown offenses,breakdown offenses,0,0,0,0,0,1,1,0,1,1,0,0,0,23,0,1,5,3,14,28,16,3,9,106,13,10,3,0,172,0,9,11,147,158,0,0,0,0,0,1,1,0,0,0,3,0,0,0,1,2,5,5,0,0,9,0,0,0,0,18,0,1,2,14,16,0,0,0,0,0,0,0,0,0,0,1,0,0,0,0,1,1,1,0,0,4,0,0,0,0,6,0,0,0,5,5,0,0,0,0,0,0,0,0,0,0,0,0,0,0,0,0,0,0,0,0,0,0,0,0,0,0,0,0,0,0,0
Sayreville Police,1981-09-01,New Jersey,29987,NJ01219,,not updated,normal return,normal return,normal return,normal return,breakdown offenses,breakdown offenses,breakdown offenses,0,0,1,0,0,1,0,1,4,3,1,0,0,10,0,0,3,1,6,19,7,5,7,81,17,10,4,3,132,0,4,9,117,126,0,0,0,0,0,2,2,0,0,0,9,0,0,2,1,6,1,1,0,0,9,2,1,1,0,23,0,3,5,12,17,0,0,0,0,0,0,0,0,0,0,6,0,0,0,0,6,1,1,0,0,3,0,0,0,0,10,0,0,0,4,4,0,0,0,0,0,0,0,0,0,0,0,0,0,0,0,0,0,0,0,0,0,0,0,0,0,0,0,0,0,0,0
Sayreville Police,1981-10-01,New Jersey,29987,NJ01219,,not updated,normal return,normal return,normal return,normal return,breakdown offenses,breakdown offenses,breakdown offenses,0,0,2,0,0,1,0,1,2,0,0,0,2,22,0,1,3,4,14,32,27,1,4,82,19,10,3,6,158,0,8,11,133,144,0,0,0,0,0,0,0,0,0,0,6,0,1,2,1,2,0,0,0,0,7,0,0,0,0,13,0,4,4,7,11,0,0,0,0,0,0,0,0,0,0,0,0,0,0,0,0,0,0,0,0,7,0,0,0,0,7,0,0,0,7,7,0,0,0,0,0,0,0,0,0,0,0,0,0,0,0,0,0,0,0,0,0,0,0,0,0,0,0,0,0,0,0
Sayreville Police,1981-11-01,New Jersey,29987,NJ01219,,not updated,normal return,normal return,normal return,normal return,breakdown offenses,breakdown offenses,breakdown offenses,0,0,1,0,0,0,0,0,2,0,0,0,2,13,0,2,1,4,6,27,22,3,2,62,16,12,3,1,120,0,7,9,105,114,0,0,0,0,0,2,0,0,0,2,7,0,0,1,0,6,4,4,0,0,8,1,1,0,0,22,0,1,3,13,16,0,0,0,0,0,2,0,0,0,2,6,0,0,0,0,6,3,3,0,0,6,0,0,0,0,17,0,0,2,9,11,0,0,0,0,0,0,0,0,0,0,0,0,0,0,0,0,0,0,0,0,0,0,0,0,0,0,0,0,0,0,0
Sayreville Police,1981-12-01,New Jersey,29987,NJ01219,,not updated,normal return,normal return,normal return,normal return,breakdown offenses,breakdown offenses,breakdown offenses,0,0,0,0,0,1,1,0,9,3,3,0,3,9,0,0,1,4,4,30,20,5,5,57,8,7,0,1,114,0,5,15,95,110,0,0,0,0,0,2,0,1,0,1,2,0,0,1,0,1,1,1,0,0,6,1,1,0,0,12,0,1,3,8,11,0,0,0,0,0,2,0,1,0,1,1,0,0,0,0,1,0,0,0,0,2,1,1,0,0,6,0,0,2,3,5,0,0,0,0,0,0,0,0,0,0,0,0,0,0,0,0,0,0,0,0,0,0,0,0,0,0,0,0,0,0,0
Sayreville Police,1982-01-01,New Jersey,30137,NJ01219,,not updated,normal return,normal return,normal return,normal return,breakdown offenses,breakdown offenses,breakdown offenses,0,0,1,0,0,0,0,0,4,0,3,0,1,10,0,2,2,0,6,15,12,1,2,51,8,5,1,2,88,0,4,8,74,82,0,0,0,0,0,0,0,0,0,0,1,0,1,0,0,0,0,0,0,0,4,1,0,0,1,6,0,1,1,5,6,0,0,0,0,0,0,0,0,0,0,1,0,1,0,0,0,0,0,0,0,0,0,0,0,0,1,0,1,1,0,1,0,0,0,0,0,0,0,0,0,0,0,0,0,0,0,0,0,0,0,0,0,0,0,0,0,0,0,0,0,0,0
Sayreville Police,1982-02-01,New Jersey,30137,NJ01219,,not updated,normal return,normal return,normal return,normal return,breakdown offenses,breakdown offenses,breakdown offenses,0,0,2,0,0,0,0,0,3,1,0,1,1,21,2,2,4,7,6,14,11,1,2,52,14,12,1,1,104,0,15,18,80,98,0,0,0,0,0,0,0,0,0,0,8,1,1,1,2,3,3,3,0,0,4,1,1,0,0,16,0,5,5,8,13,0,0,0,0,0,0,0,0,0,0,4,0,1,0,0,3,0,0,0,0,1,0,0,0,0,5,0,1,1,1,2,0,0,0,0,0,0,0,0,0,0,0,0,0,0,0,0,0,0,0,0,0,0,0,0,0,0,0,0,0,0,0
Sayreville Police,1982-03-01,New Jersey,30137,NJ01219,,not updated,normal return,normal return,normal return,normal return,breakdown offenses,breakdown offenses,breakdown offenses,0,0,5,0,0,0,0,0,5,5,0,0,0,16,1,0,4,6,5,21,15,2,4,79,13,9,4,0,134,0,11,16,113,129,0,0,0,0,0,1,1,0,0,0,10,1,0,3,3,3,1,1,0,0,5,0,0,0,0,17,0,7,8,6,14,0,0,0,0,0,0,0,0,0,0,5,0,0,0,2,3,0,0,0,0,3,0,0,0,0,8,0,2,2,3,5,0,0,0,0,0,0,0,0,0,0,0,0,0,0,0,0,0,0,0,0,0,0,0,0,0,0,0,0,0,0,0
Sayreville Police,1982-04-01,New Jersey,30137,NJ01219,,not updated,normal return,normal return,normal return,normal return,breakdown offenses,breakdown offenses,breakdown offenses,0,0,3,0,0,0,0,0,2,2,0,0,0,30,3,2,7,9,9,39,30,3,6,56,13,10,2,1,140,0,21,23,108,131,0,0,0,0,0,0,0,0,0,0,15,0,0,5,5,5,11,9,2,0,6,3,2,0,1,35,0,10,10,20,30,0,0,0,0,0,0,0,0,0,0,4,0,0,0,1,3,7,5,2,0,3,0,0,0,0,14,0,1,1,10,11,0,0,0,0,0,0,0,0,0,0,0,0,0,0,0,0,0,0,0,0,0,0,0,0,0,0,0,0,0,0,0
Sayreville Police,1982-05-01,New Jersey,30137,NJ01219,,not updated,normal return,normal return,normal return,normal return,breakdown offenses,breakdown offenses,breakdown offenses,0,0,1,0,0,0,0,0,1,0,0,0,1,29,2,1,2,7,17,21,12,5,4,85,17,13,3,1,153,0,12,13,123,136,0,0,0,0,0,0,0,0,0,0,5,2,1,0,1,1,7,5,2,0,2,0,0,0,0,14,0,4,4,9,13,0,0,0,0,0,0,0,0,0,0,1,0,0,0,1,0,2,2,0,0,0,0,0,0,0,3,0,1,1,2,3,0,0,0,0,0,0,0,0,0,0,0,0,0,0,0,0,0,0,0,0,0,0,0,0,0,0,0,0,0,0,0
Sayreville Police,1982-06-01,New Jersey,30137,NJ01219,,not updated,normal return,normal return,normal return,normal return,breakdown offenses,breakdown offenses,breakdown offenses,0,0,0,0,0,0,0,0,0,0,0,0,0,29,0,1,5,3,20,30,26,3,1,93,14,9,2,3,166,0,9,9,137,146,0,0,0,0,0,0,0,0,0,0,6,0,0,1,1,4,2,2,0,0,11,0,0,0,0,19,0,2,2,13,15,0,0,0,0,0,0,0,0,0,0,2,0,0,1,0,1,2,2,0,0,7,0,0,0,0,11,0,1,1,9,10,0,0,0,0,0,0,0,0,0,0,0,0,0,0,0,0,0,0,0,0,0,0,0,0,0,0,0,0,0,0,0
Sayreville Police,1982-07-01,New Jersey,30137,NJ01219,,not updated,normal return,normal return,normal return,normal return,breakdown offenses,breakdown offenses,breakdown offenses,0,0,0,0,0,0,0,0,1,0,0,1,0,16,2,0,1,4,9,34,22,6,6,79,12,10,0,2,142,0,7,8,125,133,0,0,0,0,0,2,0,0,2,0,7,2,0,1,3,1,3,2,1,0,6,1,1,0,0,19,0,6,8,10,18,0,0,0,0,0,2,0,0,2,0,1,0,0,0,0,1,1,1,0,0,2,0,0,0,0,6,0,0,2,3,5,0,0,0,0,0,0,0,0,0,0,0,0,0,0,0,0,0,0,0,0,0,0,0,0,0,0,0,0,0,0,0
Sayreville Police,1982-08-01,New Jersey,30137,NJ01219,,not updated,normal return,normal return,normal return,normal return,breakdown offenses,breakdown offenses,breakdown offenses,0,0,1,0,0,1,0,1,2,1,0,0,1,10,1,0,3,2,4,21,16,4,1,60,11,7,3,1,105,0,6,9,92,101,0,0,2,1,1,0,0,0,0,0,5,0,0,3,0,2,4,3,1,0,10,1,1,0,0,22,0,3,5,15,20,0,0,0,0,0,0,0,0,0,0,2,0,0,0,0,2,2,2,0,0,3,0,0,0,0,7,0,0,0,5,5,0,0,0,0,0,0,0,0,0,0,0,0,0,0,0,0,0,0,0,0,0,0,0,0,0,0,0,0,0,0,0
Sayreville Police,1982-09-01,New Jersey,30137,NJ01219,,not updated,normal return,normal return,normal return,normal return,breakdown offenses,breakdown offenses,breakdown offenses,0,0,2,0,0,0,0,0,0,0,0,0,0,21,1,1,3,2,14,12,11,1,0,78,9,6,1,2,120,0,7,7,99,106,0,0,0,0,0,0,0,0,0,0,11,0,1,2,2,6,0,0,0,0,6,1,1,0,0,18,0,5,5,7,12,0,0,0,0,0,0,0,0,0,0,1,0,0,0,0,1,0,0,0,0,4,0,0,0,0,5,0,0,0,4,4,0,0,0,0,0,0,0,0,0,0,0,0,0,0,0,0,0,0,0,0,0,0,0,0,0,0,0,0,0,0,0
Sayreville Police,1982-10-01,New Jersey,30137,NJ01219,,not updated,normal return,normal return,normal return,normal return,breakdown offenses,breakdown offenses,breakdown offenses,0,0,0,0,0,2,2,0,1,0,0,0,1,18,0,2,1,3,12,11,11,0,0,57,17,16,1,0,106,0,6,9,85,94,0,0,1,1,0,1,0,0,0,1,1,0,0,0,0,1,3,3,0,0,13,0,0,0,0,19,0,0,2,16,18,0,0,0,0,0,0,0,0,0,0,1,0,0,0,0,1,2,2,0,0,1,0,0,0,0,4,0,0,0,3,3,0,0,0,0,0,0,0,0,0,0,0,0,0,0,0,0,0,0,0,0,0,0,0,0,0,0,0,0,0,0,0
Sayreville Police,1982-11-01,New Jersey,30137,NJ01219,,not updated,normal return,normal return,normal return,normal return,breakdown offenses,breakdown offenses,breakdown offenses,0,0,2,0,0,1,1,0,2,0,1,0,1,15,0,1,2,0,12,20,16,0,4,45,15,9,5,1,98,0,3,6,80,86,0,0,1,1,0,0,0,0,0,0,4,0,0,0,0,4,2,2,0,0,5,0,0,0,0,12,0,0,1,7,8,0,0,0,0,0,0,0,0,0,0,1,0,0,0,0,1,1,1,0,0,0,0,0,0,0,2,0,0,0,1,1,0,0,0,0,0,0,0,0,0,0,0,0,0,0,0,0,0,0,0,0,0,0,0,0,0,0,0,0,0,0,0
Sayreville Police,1982-12-01,New Jersey,30137,NJ01219,,not updated,normal return,normal return,normal return,normal return,breakdown offenses,breakdown offenses,breakdown offenses,0,0,0,0,0,0,0,0,1,1,0,0,0,17,1,1,1,6,8,31,19,3,9,60,12,7,3,2,121,0,9,10,103,113,0,0,0,0,0,0,0,0,0,0,4,0,0,0,2,2,3,2,1,0,8,0,0,0,0,15,0,2,2,11,13,0,0,0,0,0,0,0,0,0,0,2,0,0,0,0,2,0,0,0,0,4,0,0,0,0,6,0,0,0,4,4,0,0,0,0,0,0,0,0,0,0,0,0,0,0,0,0,0,0,0,0,0,0,0,0,0,0,0,0,0,0,0
Sayreville Police,1983-01-01,New Jersey,30258,NJ01219,breakdown offenses,normal return,normal return,normal return,normal return,normal return,breakdown offenses,breakdown offenses,breakdown offenses,0,0,0,0,0,0,0,0,4,3,0,0,1,28,1,0,1,6,20,27,21,1,5,53,6,5,1,0,118,0,8,12,86,98,0,0,0,0,0,0,0,0,0,0,7,0,0,1,4,2,2,2,0,0,13,0,0,0,0,22,0,5,5,15,20,0,0,0,0,0,0,0,0,0,0,1,0,0,0,1,0,1,1,0,0,5,0,0,0,0,7,0,1,1,6,7,0,0,0,0,0,1,0,1,0,0,0,0,0,0,0,0,0,0,0,0,0,0,0,0,0,1,0,0,1,0,1
Sayreville Police,1983-02-01,New Jersey,30258,NJ01219,breakdown offenses,normal return,normal return,normal return,normal return,normal return,breakdown offenses,breakdown offenses,breakdown offenses,0,0,4,0,0,0,0,0,1,1,0,0,0,20,1,0,2,2,15,22,18,0,4,31,6,2,4,0,80,0,5,6,59,65,0,0,0,0,0,1,1,0,0,0,8,0,0,2,1,5,1,1,0,0,6,2,2,0,0,18,0,3,4,9,13,0,0,0,0,0,0,0,0,0,0,0,0,0,0,0,0,0,0,0,0,1,2,2,0,0,3,0,0,0,3,3,0,0,0,0,0,0,0,0,0,0,0,0,0,0,0,0,0,0,0,0,0,0,0,0,0,0,0,0,0,0,0
Sayreville Police,1983-03-01,New Jersey,30258,NJ01219,breakdown offenses,normal return,normal return,normal return,normal return,normal return,breakdown offenses,breakdown offenses,breakdown offenses,0,0,3,0,0,1,1,0,1,1,0,0,0,22,0,1,2,2,17,15,9,1,5,46,14,8,3,3,99,0,5,7,75,82,0,0,1,1,0,1,1,0,0,0,7,0,1,1,1,4,1,1,0,0,4,1,1,0,0,15,0,3,5,6,11,0,0,0,0,0,0,0,0,0,0,0,0,0,0,0,0,0,0,0,0,1,1,1,0,0,2,0,0,0,2,2,0,0,0,0,0,0,0,0,0,0,0,0,0,0,0,0,2,1,0,1,5,1,0,1,0,8,0,0,0,8,8
Sayreville Police,1983-04-01,New Jersey,30258,NJ01219,breakdown offenses,normal return,normal return,normal return,normal return,normal return,breakdown offenses,breakdown offenses,breakdown offenses,0,0,1,0,0,0,0,0,2,1,0,0,1,17,0,1,5,2,9,29,22,5,2,51,13,9,3,1,112,0,8,10,93,103,0,0,0,0,0,0,0,0,0,0,9,0,0,3,1,5,6,6,0,0,7,0,0,0,0,22,0,4,4,13,17,0,0,0,0,0,0,0,0,0,0,1,0,0,0,0,1,2,2,0,0,2,0,0,0,0,5,0,0,0,4,4,0,0,0,0,0,0,0,0,0,0,0,0,0,0,0,0,0,0,0,0,1,0,0,0,0,1,0,0,0,1,1
Sayreville Police,1983-05-01,New Jersey,30258,NJ01219,breakdown offenses,normal return,normal return,normal return,normal return,normal return,breakdown offenses,breakdown offenses,breakdown offenses,0,0,0,0,0,0,0,0,3,1,0,0,2,14,0,0,1,4,9,12,9,1,2,43,9,5,2,2,81,0,5,8,64,72,0,0,0,0,0,0,0,0,0,0,3,0,1,1,1,0,2,2,0,0,4,1,1,0,0,10,0,3,3,7,10,0,0,0,0,0,0,0,0,0,0,0,0,0,0,0,0,2,2,0,0,1,0,0,0,0,3,0,0,0,3,3,0,0,0,0,0,0,0,0,0,0,1,0,0,1,0,0,0,0,0,0,2,0,0,0,0,3,0,1,1,2,3
Sayreville Police,1983-06-01,New Jersey,30258,NJ01219,breakdown offenses,normal return,normal return,normal return,normal return,normal return,breakdown offenses,breakdown offenses,breakdown offenses,0,0,0,0,0,1,1,0,0,0,0,0,0,9,0,1,0,1,7,15,9,3,3,42,6,4,1,1,73,0,2,3,63,66,0,0,0,0,0,0,0,0,0,0,2,0,1,0,1,0,2,2,0,0,8,0,0,0,0,12,0,2,2,10,12,0,0,0,0,0,0,0,0,0,0,2,0,1,0,1,0,1,1,0,0,6,0,0,0,0,9,0,2,2,7,9,0,0,0,0,0,0,0,0,0,0,0,0,0,0,0,0,0,0,0,0,1,0,0,0,0,1,0,0,0,1,1
Sayreville Police,1983-07-01,New Jersey,30258,NJ01219,breakdown offenses,adjustment,adjustment,adjustment,adjustment,adjustment,breakdown offenses,breakdown offenses,breakdown offenses,0,0,0,0,0,0,0,0,2,0,1,0,1,23,2,0,4,1,16,16,11,1,4,73,13,10,3,0,127,0,7,9,102,111,0,0,0,0,0,0,0,0,0,0,1,1,0,0,0,0,1,1,0,0,8,2,2,0,0,12,0,1,1,11,12,0,0,0,0,0,0,0,0,0,0,0,0,0,0,0,0,0,0,0,0,5,0,0,0,0,5,0,0,0,5,5,0,0,0,0,0,0,0,0,0,0,0,0,0,0,0,0,0,0,0,0,0,1,1,0,0,1,0,0,0,1,1
Sayreville Police,1983-08-01,New Jersey,30258,NJ01219,breakdown offenses,normal return,normal return,normal return,normal return,normal return,breakdown offenses,breakdown offenses,breakdown offenses,0,0,1,0,0,0,0,0,1,0,0,0,1,26,1,0,2,6,17,18,12,3,3,44,6,6,0,0,95,0,9,10,68,78,0,0,0,0,0,0,0,0,0,0,11,0,0,0,4,7,0,0,0,0,4,0,0,0,0,15,0,4,4,4,8,0,0,0,0,0,0,0,0,0,0,1,0,0,0,1,0,0,0,0,0,1,0,0,0,0,2,0,1,1,1,2,0,0,0,0,0,0,0,0,0,0,0,0,0,0,0,0,0,0,0,0,0,0,0,0,0,0,0,0,0,0,0
Sayreville Police,1983-09-01,New Jersey,30258,NJ01219,breakdown offenses,normal return,normal return,normal return,normal return,normal return,breakdown offenses,breakdown offenses,breakdown offenses,0,0,2,0,0,0,0,0,0,0,0,0,0,17,0,0,3,2,12,22,14,7,1,74,5,3,0,2,118,0,5,5,101,106,0,0,0,0,0,0,0,0,0,0,9,0,0,3,0,6,2,2,0,0,5,0,0,0,0,16,0,3,3,7,10,0,0,0,0,0,0,0,0,0,0,0,0,0,0,0,0,1,1,0,0,1,0,0,0,0,2,0,0,0,2,2,0,0,0,0,0,0,0,0,0,0,0,0,0,0,0,0,0,0,0,0,2,0,0,0,0,2,0,0,0,2,2
Sayreville Police,1983-10-01,New Jersey,30258,NJ01219,breakdown offenses,normal return,normal return,normal return,normal return,normal return,breakdown offenses,breakdown offenses,breakdown offenses,0,0,0,0,0,0,0,0,2,1,1,0,0,23,0,1,2,2,18,15,12,0,3,52,6,6,0,0,98,0,5,7,73,80,0,0,0,0,0,0,0,0,0,0,4,0,0,1,1,2,0,0,0,0,4,1,1,0,0,9,0,2,2,5,7,0,0,0,0,0,0,0,0,0,0,0,0,0,0,0,0,0,0,0,0,0,0,0,0,0,0,0,0,0,0,0,0,0,0,0,0,0,0,0,0,0,0,0,0,0,0,0,0,0,0,0,0,0,0,0,0,0,0,0,0,0,0
Sayreville Police,1983-11-01,New Jersey,30258,NJ01219,breakdown offenses,normal return,normal return,normal return,normal return,normal return,breakdown offenses,breakdown offenses,breakdown offenses,0,0,0,0,0,0,0,0,0,0,0,0,0,17,0,1,0,1,15,22,11,3,8,54,3,3,0,0,96,0,2,2,79,81,0,0,0,0,0,0,0,0,0,0,6,0,1,0,1,4,1,1,0,0,3,0,0,0,0,10,0,2,2,4,6,0,0,0,0,0,0,0,0,0,0,3,0,0,0,0,3,1,1,0,0,1,0,0,0,0,5,0,0,0,2,2,0,0,0,0,0,0,0,0,0,0,0,0,0,0,0,0,0,0,0,0,2,0,0,0,0,2,0,0,0,2,2
Sayreville Police,1983-12-01,New Jersey,30258,NJ01219,breakdown offenses,normal return,normal return,normal return,normal return,normal return,breakdown offenses,breakdown offenses,breakdown offenses,0,0,0,0,0,0,0,0,3,1,1,0,1,16,1,1,2,3,9,10,8,0,2,47,7,6,1,0,83,0,7,10,64,74,0,0,0,0,0,1,0,0,0,1,3,0,0,1,1,1,1,1,0,0,3,0,0,0,0,8,0,2,3,4,7,0,0,0,0,0,0,0,0,0,0,0,0,0,0,0,0,1,1,0,0,0,0,0,0,0,1,0,0,0,1,1,0,0,0,0,0,0,0,0,0,0,0,0,0,0,0,0,2,1,0,1,2,1,1,0,0,5,0,0,0,5,5
Sayreville Police,1984-01-01,New Jersey,30446,NJ01219,breakdown offenses,normal return,normal return,normal return,normal return,normal return,breakdown offenses,breakdown offenses,breakdown offenses,0,0,1,0,0,2,1,1,1,0,0,0,1,7,1,0,1,2,3,13,11,1,1,34,7,6,1,0,64,0,4,7,54,61,0,0,0,0,0,0,0,0,0,0,4,1,0,1,1,1,2,2,0,0,1,0,0,0,0,7,0,3,3,3,6,0,0,0,0,0,0,0,0,0,0,1,0,0,0,0,1,0,0,0,0,0,0,0,0,0,1,0,0,0,0,0,0,0,0,0,0,0,0,0,0,0,0,0,0,0,0,0,0,0,0,0,5,1,1,0,0,6,0,0,0,6,6
Sayreville Police,1984-02-01,New Jersey,30446,NJ01219,breakdown offenses,normal return,normal return,normal return,normal return,normal return,breakdown offenses,breakdown offenses,breakdown offenses,0,0,0,0,0,1,0,1,1,0,0,0,1,15,1,0,1,3,10,13,8,3,2,44,12,11,1,0,86,0,5,7,69,76,0,0,0,0,0,0,0,0,0,0,10,1,0,0,0,9,1,1,0,0,2,0,0,0,0,13,0,1,1,3,4,0,0,0,0,0,0,0,0,0,0,8,0,0,0,0,8,0,0,0,0,2,0,0,0,0,10,0,0,0,2,2,0,0,0,0,0,0,0,0,0,0,0,0,0,0,0,0,0,0,0,0,2,0,0,0,0,2,0,0,0,2,2
Sayreville Police,1984-03-01,New Jersey,30446,NJ01219,breakdown offenses,normal return,normal return,normal return,normal return,normal return,breakdown offenses,breakdown offenses,breakdown offenses,0,0,2,0,0,1,1,0,2,0,1,0,1,11,2,0,1,1,7,18,10,6,2,37,5,3,1,1,74,0,4,7,60,67,0,0,2,1,1,0,0,0,0,0,5,0,0,0,1,4,1,1,0,0,3,1,1,0,0,12,0,1,3,5,8,0,0,0,0,0,0,0,0,0,0,2,0,0,0,0,2,0,0,0,0,0,0,0,0,0,2,0,0,0,0,0,0,0,0,0,0,0,0,0,0,0,0,0,0,0,0,0,1,0,1,0,1,0,0,0,0,2,0,0,0,2,2
Sayreville Police,1984-04-01,New Jersey,30446,NJ01219,breakdown offenses,normal return,normal return,normal return,normal return,normal return,breakdown offenses,breakdown offenses,breakdown offenses,0,0,0,0,0,0,0,0,1,1,0,0,0,11,1,0,0,1,9,33,14,13,6,48,9,6,1,2,102,0,2,3,90,93,0,0,0,0,0,0,0,0,0,0,5,0,0,0,2,3,11,0,11,0,1,0,0,0,0,17,0,2,2,12,14,0,0,0,0,0,0,0,0,0,0,2,0,0,0,0,2,10,0,10,0,0,0,0,0,0,12,0,0,0,10,10,0,0,0,0,0,0,0,0,0,0,0,0,0,0,0,0,0,0,0,0,0,0,0,0,0,0,0,0,0,0,0
Sayreville Police,1984-05-01,New Jersey,30446,NJ01219,breakdown offenses,normal return,normal return,normal return,normal return,normal return,breakdown offenses,breakdown offenses,breakdown offenses,0,0,3,0,0,0,0,0,2,1,0,0,1,18,0,1,5,5,7,26,15,6,5,33,9,7,1,1,88,0,11,13,68,81,0,0,0,0,0,0,0,0,0,0,7,0,0,0,5,2,0,0,0,0,2,0,0,0,0,9,0,5,5,2,7,0,0,0,0,0,0,0,0,0,0,0,0,0,0,0,0,0,0,0,0,0,0,0,0,0,0,0,0,0,0,0,0,0,0,0,0,0,0,0,0,0,0,0,0,0,0,0,1,1,0,0,0,1,1,0,0,2,0,0,0,2,2
Sayreville Police,1984-06-01,New Jersey,30446,NJ01219,breakdown offenses,normal return,normal return,normal return,normal return,normal return,breakdown offenses,breakdown offenses,breakdown offenses,0,0,3,0,0,0,0,0,1,1,0,0,0,16,3,0,1,4,8,7,4,1,2,46,15,11,1,3,85,0,8,9,68,77,0,0,0,0,0,0,0,0,0,0,8,1,0,1,4,2,4,4,0,0,7,0,0,0,0,19,0,6,6,11,17,0,0,0,0,0,0,0,0,0,0,1,0,0,0,1,0,3,3,0,0,1,0,0,0,0,5,0,1,1,4,5,0,0,0,0,0,0,0,0,0,0,0,0,0,0,0,0,0,0,0,0,2,2,0,0,2,4,0,0,0,4,4
Sayreville Police,1984-07-01,New Jersey,30446,NJ01219,breakdown offenses,normal return,normal return,normal return,normal return,normal return,breakdown offenses,breakdown offenses,breakdown offenses,0,0,0,0,0,0,0,0,0,0,0,0,0,15,1,0,1,0,13,23,14,4,5,34,12,8,3,1,84,0,2,2,69,71,0,0,0,0,0,0,0,0,0,0,7,1,0,1,1,4,0,0,0,0,2,0,0,0,0,9,0,3,3,2,5,0,0,0,0,0,0,0,0,0,0,0,0,0,0,0,0,0,0,0,0,1,0,0,0,0,1,0,0,0,1,1,0,0,0,0,0,0,0,0,0,0,0,0,0,0,0,0,0,0,0,0,0,1,0,1,0,1,0,0,0,1,1
Sayreville Police,1984-08-01,New Jersey,30446,NJ01219,breakdown offenses,normal return,normal return,normal return,normal return,normal return,breakdown offenses,breakdown offenses,breakdown offenses,0,0,3,0,0,0,0,0,2,0,1,1,0,18,0,0,1,6,11,21,12,6,3,46,11,9,2,0,98,0,7,9,78,87,0,0,0,0,0,0,0,0,0,0,11,0,0,0,5,6,0,0,0,0,0,1,1,0,0,12,0,5,5,1,6,0,0,0,0,0,0,0,0,0,0,4,0,0,0,2,2,0,0,0,0,0,0,0,0,0,4,0,2,2,0,2,0,0,0,0,0,0,0,0,0,0,0,0,0,0,0,0,1,0,1,0,0,0,0,0,0,1,0,0,0,1,1
Sayreville Police,1984-09-01,New Jersey,30446,NJ01219,breakdown offenses,normal return,normal return,normal return,normal return,normal return,breakdown offenses,breakdown offenses,breakdown offenses,0,0,0,1,0,1,1,0,2,0,1,0,1,15,0,1,2,1,11,19,10,6,3,42,12,11,0,1,92,0,4,8,73,81,1,0,0,0,0,2,0,1,0,1,5,0,1,1,1,2,2,2,0,0,6,1,1,0,0,17,0,3,6,9,15,0,0,0,0,0,1,0,0,0,1,1,0,0,0,0,1,0,0,0,0,1,0,0,0,0,3,0,0,1,1,2,0,0,0,0,0,0,0,0,0,0,1,1,0,0,0,0,2,0,0,2,3,0,0,0,0,6,0,1,1,5,6
Sayreville Police,1984-10-01,New Jersey,30446,NJ01219,breakdown offenses,normal return,normal return,normal return,normal return,normal return,breakdown offenses,breakdown offenses,breakdown offenses,0,0,4,0,0,0,0,0,3,0,1,1,1,22,0,2,1,5,14,23,14,7,2,36,15,14,1,0,99,0,8,11,74,85,0,0,0,0,0,0,0,0,0,0,5,0,1,0,3,1,0,0,0,0,1,0,0,0,0,6,0,4,4,1,5,0,0,0,0,0,0,0,0,0,0,1,0,0,0,0,1,0,0,0,0,0,0,0,0,0,1,0,0,0,0,0,0,0,0,0,0,0,0,0,0,0,0,0,0,0,0,0,0,0,0,0,1,3,3,0,0,4,0,0,0,4,4
Sayreville Police,1984-11-01,New Jersey,30446,NJ01219,breakdown offenses,normal return,normal return,normal return,normal return,normal return,breakdown offenses,breakdown offenses,breakdown offenses,0,0,2,0,0,0,0,0,1,0,1,0,0,14,0,1,0,1,12,9,2,1,6,53,6,5,1,0,83,0,2,3,68,71,0,0,0,0,0,0,0,0,0,0,3,0,0,0,1,2,0,0,0,0,2,2,1,1,0,7,0,1,1,4,5,0,0,0,0,0,0,0,0,0,0,1,0,0,0,0,1,0,0,0,0,1,1,1,0,0,3,0,0,0,2,2,0,0,0,0,0,0,0,0,0,0,0,0,0,0,0,0,2,0,0,2,1,1,1,0,0,4,0,0,0,4,4
Sayreville Police,1984-12-01,New Jersey,30446,NJ01219,breakdown offenses,adjustment,adjustment,adjustment,adjustment,adjustment,breakdown offenses,breakdown offenses,breakdown offenses,0,0,2,0,0,0,0,0,2,0,2,0,0,21,1,1,1,5,13,15,8,2,5,62,7,7,0,0,107,0,8,10,84,94,0,0,0,0,0,0,0,0,0,0,5,0,1,0,3,1,0,0,0,0,2,0,0,0,0,7,0,4,4,2,6,0,0,0,0,0,0,0,0,0,0,1,0,0,0,1,0,0,0,0,0,1,0,0,0,0,2,0,1,1,1,2,0,0,0,0,0,0,0,0,0,0,0,0,0,0,0,0,2,0,0,2,2,0,0,0,0,4,0,0,0,4,4
Sayreville Police,1985-01-01,New Jersey,31022,NJ01219,breakdown offenses,normal return,normal return,normal return,normal return,normal return,breakdown offenses,breakdown offenses,breakdown offenses,0,0,0,0,0,1,1,0,0,0,0,0,0,19,0,1,3,3,12,16,11,0,5,34,5,5,0,0,75,0,7,8,55,63,0,0,0,0,0,0,0,0,0,0,7,0,1,2,1,3,1,1,0,0,3,0,0,0,0,11,0,4,4,4,8,0,0,0,0,0,0,0,0,0,0,2,0,0,0,0,2,0,0,0,0,0,0,0,0,0,2,0,0,0,0,0,0,0,0,0,0,0,0,0,0,0,1,0,0,0,1,0,0,0,0,0,2,2,2,0,0,5,0,1,1,4,5
Sayreville Police,1985-02-01,New Jersey,31022,NJ01219,breakdown offenses,adjustment,adjustment,adjustment,adjustment,adjustment,breakdown offenses,breakdown offenses,breakdown offenses,0,0,0,1,0,0,0,0,0,0,0,0,0,6,0,1,1,0,4,16,10,1,5,42,6,6,0,0,71,0,2,3,64,67,1,0,1,1,0,1,0,1,0,0,4,0,1,0,0,3,2,1,1,0,4,0,0,0,0,13,0,1,4,6,10,0,0,1,1,0,0,0,0,0,0,2,0,0,0,0,2,0,0,0,0,3,0,0,0,0,6,0,0,1,3,4,0,0,0,0,0,0,0,0,0,0,0,0,0,0,0,0,0,0,0,0,2,0,0,0,0,2,0,0,0,2,2
Sayreville Police,1985-03-01,New Jersey,31022,NJ01219,breakdown offenses,normal return,normal return,normal return,normal return,normal return,breakdown offenses,breakdown offenses,breakdown offenses,0,0,0,0,0,0,0,0,1,0,1,0,0,23,0,0,4,3,16,12,6,1,5,65,9,8,1,0,110,0,7,8,86,94,0,0,0,0,0,1,0,1,0,0,10,0,0,5,4,1,0,0,0,0,1,1,1,0,0,13,0,9,10,2,12,0,0,0,0,0,0,0,0,0,0,1,0,0,0,1,0,0,0,0,0,0,1,1,0,0,2,0,1,1,1,2,0,0,0,0,0,0,0,0,0,0,0,0,0,0,0,0,1,1,0,0,3,0,0,0,0,4,0,0,0,4,4
Sayreville Police,1985-04-01,New Jersey,31022,NJ01219,breakdown offenses,adjustment,adjustment,adjustment,adjustment,adjustment,breakdown offenses,breakdown offenses,breakdown offenses,0,0,0,0,0,0,0,0,0,0,0,0,0,21,0,2,0,3,16,23,20,1,2,42,7,7,0,0,93,0,5,5,72,77,0,0,0,0,0,0,0,0,0,0,20,0,2,0,7,11,2,2,0,0,4,2,2,0,0,28,0,9,9,8,17,0,0,0,0,0,0,0,0,0,0,3,0,0,0,2,1,0,0,0,0,0,1,1,0,0,4,0,2,2,1,3,0,0,0,0,0,1,0,0,1,0,0,0,0,0,0,0,1,1,0,0,3,2,2,0,0,7,0,0,1,6,7
Sayreville Police,1985-05-01,New Jersey,31022,NJ01219,breakdown offenses,normal return,normal return,normal return,normal return,normal return,breakdown offenses,breakdown offenses,breakdown offenses,0,0,1,0,0,0,0,0,0,0,0,0,0,22,0,3,1,5,13,17,8,8,1,45,9,8,0,1,93,0,9,9,71,80,0,0,0,0,0,0,0,0,0,0,27,0,1,5,9,12,4,3,1,0,7,0,0,0,0,38,0,15,15,11,26,0,0,0,0,0,0,0,0,0,0,2,0,0,0,0,2,1,1,0,0,2,0,0,0,0,5,0,0,0,3,3,0,0,0,0,0,0,0,0,0,0,0,0,0,0,0,0,0,0,0,0,4,0,0,0,0,4,0,0,0,4,4
Sayreville Police,1985-06-01,New Jersey,31022,NJ01219,breakdown offenses,normal return,normal return,normal return,normal return,normal return,breakdown offenses,breakdown offenses,breakdown offenses,0,0,0,0,0,2,1,1,0,0,0,0,0,18,1,0,0,0,17,18,9,5,4,41,7,7,0,0,86,0,1,3,66,69,0,0,2,1,1,0,0,0,0,0,3,0,0,0,0,3,2,2,0,0,6,1,1,0,0,14,0,0,2,9,11,0,0,0,0,0,0,0,0,0,0,1,0,0,0,0,1,2,2,0,0,4,0,0,0,0,7,0,0,0,6,6,0,0,0,0,0,0,0,0,0,0,0,0,0,0,0,0,0,0,0,0,7,3,3,0,0,10,0,0,0,10,10
Sayreville Police,1985-07-01,New Jersey,31022,NJ01219,breakdown offenses,normal return,normal return,normal return,normal return,normal return,breakdown offenses,breakdown offenses,breakdown offenses,0,0,1,0,0,0,0,0,3,1,0,0,2,18,0,0,1,1,16,13,6,6,1,58,13,12,1,0,105,0,2,5,84,89,0,0,0,0,0,0,0,0,0,0,4,0,0,0,1,3,0,0,0,0,4,2,2,0,0,10,0,1,1,6,7,0,0,0,0,0,0,0,0,0,0,2,0,0,0,0,2,0,0,0,0,1,0,0,0,0,3,0,0,0,1,1,0,0,0,0,0,1,0,0,0,1,1,0,0,0,0,1,1,0,0,1,2,0,0,0,0,5,0,0,1,3,4
Sayreville Police,1985-08-01,New Jersey,31022,NJ01219,breakdown offenses,normal return,normal return,normal return,normal return,normal return,breakdown offenses,breakdown offenses,breakdown offenses,0,0,2,0,0,0,0,0,3,1,0,2,0,23,0,1,4,4,14,24,15,5,4,56,9,8,1,0,115,0,9,12,89,101,0,0,0,0,0,2,2,0,0,0,8,0,0,3,2,3,1,1,0,0,3,0,0,0,0,14,0,5,7,4,11,0,0,0,0,0,0,0,0,0,0,0,0,0,0,0,0,0,0,0,0,1,0,0,0,0,1,0,0,0,1,1,0,0,0,0,0,0,0,0,0,0,0,0,0,0,0,0,1,1,0,0,2,2,2,0,0,5,0,0,0,5,5
Sayreville Police,1985-09-01,New Jersey,31022,NJ01219,breakdown offenses,normal return,normal return,normal return,normal return,normal return,breakdown offenses,breakdown offenses,breakdown offenses,0,0,0,0,0,1,1,0,2,1,0,0,1,24,0,3,2,1,18,19,13,1,5,44,6,6,0,0,96,0,6,9,69,78,0,0,1,1,0,0,0,0,0,0,7,0,1,0,0,6,1,1,0,0,5,2,2,0,0,16,0,1,2,8,10,0,0,0,0,0,0,0,0,0,0,3,0,0,0,0,3,0,0,0,0,2,1,1,0,0,6,0,0,0,3,3,0,0,0,0,0,0,0,0,0,0,1,0,0,1,0,0,0,0,0,0,3,1,1,0,0,5,0,1,1,4,5
Sayreville Police,1985-10-01,New Jersey,31022,NJ01219,breakdown offenses,normal return,normal return,normal return,normal return,normal return,breakdown offenses,breakdown offenses,breakdown offenses,0,0,0,0,0,0,0,0,1,1,0,0,0,23,1,1,2,0,19,29,22,3,4,48,10,10,0,0,111,0,4,5,87,92,0,0,0,0,0,0,0,0,0,0,4,1,0,0,0,3,6,6,0,0,2,0,0,0,0,12,0,1,1,8,9,0,0,0,0,0,0,0,0,0,0,2,0,0,0,0,2,5,5,0,0,0,0,0,0,0,7,0,0,0,5,5,0,0,0,0,0,0,0,0,0,0,0,0,0,0,0,0,1,1,0,0,5,1,1,0,0,7,0,0,0,7,7
Sayreville Police,1985-11-01,New Jersey,31022,NJ01219,breakdown offenses,normal return,normal return,normal return,normal return,normal return,breakdown offenses,breakdown offenses,breakdown offenses,0,0,0,0,0,0,0,0,1,1,0,0,0,20,0,1,4,4,11,21,17,0,4,51,10,9,1,0,103,0,9,10,82,92,0,0,0,0,0,0,0,0,0,0,6,0,1,2,0,3,5,4,0,1,4,0,0,0,0,15,0,3,3,9,12,0,0,0,0,0,0,0,0,0,0,2,0,0,0,0,2,0,0,0,0,1,0,0,0,0,3,0,0,0,1,1,0,0,0,0,0,0,0,0,0,0,0,0,0,0,0,0,0,0,0,0,0,0,0,0,0,0,0,0,0,0,0
Sayreville Police,1985-12-01,New Jersey,31022,NJ01219,breakdown offenses,normal return,normal return,normal return,normal return,normal return,breakdown offenses,breakdown offenses,breakdown offenses,0,0,0,1,0,0,0,0,1,0,0,0,1,24,1,3,2,5,13,14,9,4,1,35,8,8,0,0,83,0,11,13,57,70,1,0,0,0,0,0,0,0,0,0,8,0,1,0,2,5,9,9,0,0,2,0,0,0,0,20,0,3,4,11,15,0,0,0,0,0,0,0,0,0,0,2,0,0,0,1,1,1,1,0,0,2,0,0,0,0,5,0,1,1,3,4,0,0,0,0,0,0,0,0,0,0,0,0,0,0,0,0,1,1,0,0,2,1,1,0,0,4,0,0,0,4,4
Sayreville Police,1986-01-01,New Jersey,31303,NJ01219,breakdown offenses,normal return,normal return,normal return,normal return,normal return,breakdown offenses,breakdown offenses,breakdown offenses,0,0,1,0,0,0,0,0,1,0,0,0,1,17,0,1,1,2,13,20,15,4,1,39,8,8,0,0,85,0,4,5,67,72,0,0,0,0,0,0,0,0,0,0,10,1,0,0,3,6,2,1,1,0,2,0,0,0,0,14,0,4,4,4,8,0,0,0,0,0,0,0,0,0,0,3,0,0,0,1,2,0,0,0,0,0,0,0,0,0,3,0,1,1,0,1,0,0,0,0,0,0,0,0,0,0,1,0,0,0,0,1,0,0,0,0,3,0,0,0,0,4,0,0,0,3,3
Sayreville Police,1986-02-01,New Jersey,31303,NJ01219,breakdown offenses,normal return,normal return,normal return,normal return,normal return,breakdown offenses,breakdown offenses,breakdown offenses,0,0,4,0,0,0,0,0,1,0,1,0,0,18,0,0,1,5,12,11,5,5,1,40,10,10,0,0,80,0,6,7,61,68,0,0,0,0,0,0,0,0,0,0,6,0,0,0,4,2,0,0,0,0,1,1,1,0,0,8,0,4,4,2,6,0,0,0,0,0,0,0,0,0,0,0,0,0,0,0,0,0,0,0,0,0,1,1,0,0,1,0,0,0,1,1,0,0,0,0,0,0,0,0,0,0,0,0,0,0,0,0,0,0,0,0,3,0,0,0,0,3,0,0,0,3,3
Sayreville Police,1986-03-01,New Jersey,31303,NJ01219,breakdown offenses,normal return,normal return,normal return,normal return,normal return,breakdown offenses,breakdown offenses,breakdown offenses,0,0,2,0,0,0,0,0,2,1,0,0,1,35,1,1,4,5,24,14,11,1,2,65,10,9,1,0,126,0,11,13,89,102,0,0,0,0,0,0,0,0,0,0,15,0,0,1,4,10,7,7,0,0,5,0,0,0,0,27,0,5,5,12,17,0,0,0,0,0,0,0,0,0,0,6,0,0,0,2,4,7,7,0,0,2,0,0,0,0,15,0,2,2,9,11,0,0,0,0,0,0,0,0,0,0,1,0,0,0,1,0,1,1,0,0,2,0,0,0,0,4,0,1,1,3,4
Sayreville Police,1986-04-01,New Jersey,31303,NJ01219,breakdown offenses,normal return,normal return,normal return,normal return,normal return,breakdown offenses,breakdown offenses,breakdown offenses,0,0,0,0,0,3,3,0,1,0,0,1,0,16,2,1,0,3,10,5,1,3,1,49,10,8,2,0,84,0,6,10,64,74,0,0,2,2,0,0,0,0,0,0,12,2,0,0,6,4,1,0,1,0,2,2,2,0,0,19,0,8,10,5,15,0,0,1,1,0,0,0,0,0,0,2,0,0,0,2,0,0,0,0,0,0,0,0,0,0,3,0,2,3,0,3,0,0,0,0,0,0,0,0,0,0,1,0,0,1,0,0,1,0,0,1,2,0,0,0,0,4,0,1,1,3,4
Sayreville Police,1986-05-01,New Jersey,31303,NJ01219,breakdown offenses,normal return,normal return,normal return,normal return,normal return,breakdown offenses,breakdown offenses,breakdown offenses,0,0,0,0,0,0,0,0,0,0,0,0,0,19,1,0,0,3,15,7,5,2,0,61,7,7,0,0,94,0,4,4,75,79,0,0,0,0,0,0,0,0,0,0,10,1,0,1,2,6,1,1,0,0,7,0,0,0,0,18,0,4,4,8,12,0,0,0,0,0,0,0,0,0,0,5,0,0,0,2,3,1,1,0,0,5,0,0,0,0,11,0,2,2,6,8,0,0,0,0,0,0,0,0,0,0,1,0,0,1,0,0,0,0,0,0,1,1,1,0,0,3,0,1,1,2,3
Sayreville Police,1986-06-01,New Jersey,31303,NJ01219,breakdown offenses,normal return,normal return,normal return,normal return,normal return,breakdown offenses,breakdown offenses,breakdown offenses,0,0,3,0,0,0,0,0,0,0,0,0,0,39,0,1,4,9,25,11,7,2,2,59,9,8,1,0,118,0,14,14,79,93,0,0,0,0,0,0,0,0,0,0,16,0,0,2,7,7,1,1,0,0,3,1,1,0,0,21,0,9,9,5,14,0,0,0,0,0,0,0,0,0,0,7,0,0,0,4,3,1,1,0,0,1,1,1,0,0,10,0,4,4,3,7,0,0,0,0,0,0,0,0,0,0,0,0,0,0,0,0,1,0,0,1,0,1,1,0,0,2,0,0,0,2,2
Sayreville Police,1986-07-01,New Jersey,31303,NJ01219,breakdown offenses,normal return,normal return,normal return,normal return,normal return,breakdown offenses,breakdown offenses,breakdown offenses,0,0,0,0,0,1,0,1,0,0,0,0,0,21,1,2,0,3,15,14,9,1,4,68,10,9,1,0,114,0,6,7,92,99,0,0,1,0,1,0,0,0,0,0,7,0,1,0,3,3,1,1,0,0,3,1,0,1,0,13,0,4,5,5,10,0,0,0,0,0,0,0,0,0,0,1,0,0,0,1,0,0,0,0,0,1,0,0,0,0,2,0,1,1,1,2,0,0,0,0,0,0,0,0,0,0,0,0,0,0,0,0,0,0,0,0,2,2,2,0,0,4,0,0,0,4,4
Sayreville Police,1986-08-01,New Jersey,31303,NJ01219,breakdown offenses,normal return,normal return,normal return,normal return,normal return,breakdown offenses,breakdown offenses,breakdown offenses,0,0,0,0,0,0,0,0,1,0,0,1,0,16,0,0,1,6,9,15,6,3,6,51,16,14,2,0,99,0,7,8,82,90,0,0,0,0,0,0,0,0,0,0,5,0,0,0,4,1,1,1,0,0,7,0,0,0,0,13,0,4,4,8,12,0,0,0,0,0,0,0,0,0,0,1,0,0,0,0,1,1,1,0,0,0,0,0,0,0,2,0,0,0,1,1,0,0,0,0,0,0,0,0,0,0,2,0,0,0,0,2,0,0,0,0,5,0,0,0,0,7,0,0,0,5,5
Sayreville Police,1986-09-01,New Jersey,31303,NJ01219,breakdown offenses,adjustment,adjustment,adjustment,adjustment,adjustment,breakdown offenses,breakdown offenses,breakdown offenses,0,0,1,0,0,2,2,0,0,0,0,0,0,28,0,0,1,5,22,14,10,2,2,59,10,8,1,1,113,0,6,8,83,91,0,0,0,0,0,0,0,0,0,0,8,0,0,1,3,4,8,7,1,0,4,0,0,0,0,20,0,4,4,12,16,0,0,0,0,0,0,0,0,0,0,1,0,0,0,0,1,5,5,0,0,1,0,0,0,0,7,0,0,0,6,6,0,0,0,0,0,0,0,0,0,0,0,0,0,0,0,0,0,0,0,0,4,0,0,0,0,4,0,0,0,4,4
Sayreville Police,1986-10-01,New Jersey,31303,NJ01219,breakdown offenses,adjustment,adjustment,adjustment,adjustment,adjustment,breakdown offenses,breakdown offenses,breakdown offenses,0,0,2,0,0,0,0,0,0,0,0,0,0,42,0,0,3,13,26,13,10,1,2,62,9,8,1,0,126,0,16,16,84,100,0,0,0,0,0,0,0,0,0,0,12,0,0,0,6,6,1,1,0,0,5,1,1,0,0,19,0,6,6,7,13,0,0,0,0,0,0,0,0,0,0,6,0,0,0,4,2,0,0,0,0,5,0,0,0,0,11,0,4,4,5,9,0,0,0,0,0,0,0,0,0,0,0,0,0,0,0,0,0,0,0,0,3,1,1,0,0,4,0,0,0,4,4
Sayreville Police,1986-11-01,New Jersey,31303,NJ01219,breakdown offenses,normal return,normal return,normal return,normal return,normal return,breakdown offenses,breakdown offenses,breakdown offenses,0,0,4,0,0,1,0,1,2,0,1,0,1,27,4,1,2,3,17,9,7,1,1,53,10,8,2,0,102,0,10,13,72,85,0,0,0,0,0,0,0,0,0,0,13,1,0,1,2,9,2,1,0,1,4,0,0,0,0,19,0,4,4,6,10,0,0,0,0,0,0,0,0,0,0,3,0,0,0,0,3,0,0,0,0,2,0,0,0,0,5,0,0,0,2,2,0,0,0,0,0,0,0,0,0,0,0,0,0,0,0,0,0,0,0,0,4,0,0,0,0,4,0,0,0,4,4
Sayreville Police,1986-12-01,New Jersey,31303,NJ01219,breakdown offenses,normal return,normal return,normal return,normal return,normal return,breakdown offenses,breakdown offenses,breakdown offenses,0,0,0,0,0,0,0,0,1,0,0,0,1,17,0,1,0,4,12,15,13,0,2,56,11,10,1,0,100,0,5,6,82,88,0,0,0,0,0,0,0,0,0,0,3,0,0,0,3,0,0,0,0,0,3,0,0,0,0,6,0,3,3,3,6,0,0,0,0,0,0,0,0,0,0,2,0,0,0,2,0,0,0,0,0,0,0,0,0,0,2,0,2,2,0,2,0,0,0,0,0,0,0,0,0,0,0,0,0,0,0,0,0,0,0,0,1,0,0,0,0,1,0,0,0,1,1
Sayreville Police,1987-01-01,New Jersey,34544,NJ01219,breakdown offenses,normal return,normal return,normal return,normal return,normal return,breakdown offenses,breakdown offenses,breakdown offenses,0,0,0,0,0,0,0,0,2,1,0,0,1,31,1,1,0,3,26,13,8,2,3,40,17,17,0,0,103,0,5,7,70,77,0,0,0,0,0,1,0,0,0,1,6,1,0,0,0,5,11,9,1,1,4,1,1,0,0,23,0,1,2,16,18,0,0,0,0,0,0,0,0,0,0,1,0,0,0,0,1,3,3,0,0,1,1,1,0,0,6,0,0,0,5,5,0,0,0,0,0,0,0,0,0,0,0,0,0,0,0,0,0,0,0,0,3,0,0,0,0,3,0,0,0,3,3
Sayreville Police,1987-02-01,New Jersey,34544,NJ01219,breakdown offenses,normal return,normal return,normal return,normal return,normal return,breakdown offenses,breakdown offenses,breakdown offenses,0,0,1,1,0,3,2,1,0,0,0,0,0,32,1,1,5,2,23,11,7,1,3,50,13,11,2,0,110,0,9,13,74,87,1,0,2,2,0,0,0,0,0,0,16,0,0,3,6,7,3,3,0,0,3,0,0,0,0,25,0,9,12,6,18,1,0,0,0,0,0,0,0,0,0,7,0,0,0,3,4,3,3,0,0,2,0,0,0,0,13,0,3,4,5,9,0,0,0,0,0,0,0,0,0,0,1,0,0,0,1,0,0,0,0,0,2,2,2,0,0,5,0,1,1,4,5
Sayreville Police,1987-03-01,New Jersey,34544,NJ01219,breakdown offenses,normal return,normal return,normal return,normal return,normal return,breakdown offenses,breakdown offenses,breakdown offenses,0,0,1,0,0,0,0,0,0,0,0,0,0,39,1,0,1,8,29,9,9,0,0,49,25,21,4,0,122,0,10,10,83,93,0,0,0,0,0,0,0,0,0,0,13,1,0,0,6,6,1,1,0,0,1,5,5,0,0,20,0,7,7,7,14,0,0,0,0,0,0,0,0,0,0,4,0,0,0,2,2,0,0,0,0,0,2,2,0,0,6,0,2,2,2,4,0,0,0,0,0,0,0,0,0,0,3,0,0,0,0,3,1,1,0,0,7,6,6,0,0,17,0,0,0,14,14
Sayreville Police,1987-04-01,New Jersey,34544,NJ01219,breakdown offenses,normal return,normal return,normal return,normal return,normal return,breakdown offenses,breakdown offenses,breakdown offenses,0,0,1,0,0,0,0,0,1,1,0,0,0,29,0,0,2,1,26,13,10,1,2,45,10,9,1,0,98,0,3,4,68,72,0,0,0,0,0,0,0,0,0,0,9,0,1,1,0,7,0,0,0,0,2,0,0,0,0,11,0,2,2,2,4,0,0,0,0,0,0,0,0,0,0,5,0,0,0,0,5,0,0,0,0,0,0,0,0,0,5,0,0,0,0,0,0,0,0,0,0,0,0,0,0,0,0,0,0,0,0,0,1,1,0,0,5,1,1,0,0,7,0,0,0,7,7
Sayreville Police,1987-05-01,New Jersey,34544,NJ01219,breakdown offenses,normal return,normal return,normal return,normal return,normal return,breakdown offenses,breakdown offenses,breakdown offenses,0,0,0,0,0,1,1,0,1,0,1,0,0,31,1,1,3,1,25,14,9,4,1,55,9,8,0,1,111,0,6,8,78,86,0,0,0,0,0,1,0,1,0,0,13,1,1,1,1,9,0,0,0,0,0,1,1,0,0,15,0,4,5,1,6,0,0,0,0,0,0,0,0,0,0,4,0,0,0,1,3,0,0,0,0,0,0,0,0,0,4,0,1,1,0,1,0,0,0,0,0,0,0,0,0,0,0,0,0,0,0,0,2,2,0,0,6,1,1,0,0,9,0,0,0,9,9
Sayreville Police,1987-06-01,New Jersey,34544,NJ01219,breakdown offenses,normal return,normal return,normal return,normal return,normal return,breakdown offenses,breakdown offenses,breakdown offenses,0,0,0,0,0,1,1,0,0,0,0,0,0,24,0,0,5,1,18,16,6,4,6,45,7,5,2,0,93,0,6,7,68,75,0,0,0,0,0,0,0,0,0,0,5,0,0,1,1,3,1,0,0,1,5,2,1,1,0,13,0,2,2,8,10,0,0,0,0,0,0,0,0,0,0,2,0,0,0,0,2,0,0,0,0,3,0,0,0,0,5,0,0,0,3,3,0,0,0,0,0,0,0,0,0,0,0,0,0,0,0,0,0,0,0,0,0,1,1,0,0,1,0,0,0,1,1
Sayreville Police,1987-07-01,New Jersey,34544,NJ01219,breakdown offenses,normal return,normal return,normal return,normal return,normal return,breakdown offenses,breakdown offenses,breakdown offenses,0,0,4,0,0,0,0,0,0,0,0,0,0,39,0,2,3,6,28,13,9,4,0,54,15,13,0,2,121,0,11,11,82,93,0,0,0,0,0,0,0,0,0,0,10,0,1,1,4,4,4,4,0,0,3,2,2,0,0,19,0,6,6,9,15,0,0,0,0,0,0,0,0,0,0,0,0,0,0,0,0,1,1,0,0,0,1,1,0,0,2,0,0,0,2,2,0,0,0,0,0,0,0,0,0,0,0,0,0,0,0,0,3,1,1,1,5,1,1,0,0,9,0,0,0,9,9
Sayreville Police,1987-08-01,New Jersey,34544,NJ01219,breakdown offenses,normal return,normal return,normal return,normal return,normal return,breakdown offenses,breakdown offenses,breakdown offenses,0,0,1,0,0,1,1,0,2,1,0,0,1,28,0,0,2,4,22,14,9,3,2,46,21,18,1,2,112,0,6,9,81,90,0,0,1,1,0,0,0,0,0,0,9,0,0,2,2,5,5,4,1,0,6,0,0,0,0,21,0,4,5,11,16,0,0,0,0,0,0,0,0,0,0,1,0,0,0,0,1,4,4,0,0,4,0,0,0,0,9,0,0,0,8,8,0,0,1,1,0,0,0,0,0,0,4,0,0,0,0,4,1,0,0,1,6,3,3,0,0,15,0,0,1,10,11
Sayreville Police,1987-09-01,New Jersey,34544,NJ01219,breakdown offenses,normal return,normal return,normal return,normal return,normal return,breakdown offenses,breakdown offenses,breakdown offenses,0,0,6,0,0,1,0,1,1,0,1,0,0,20,0,0,1,7,12,13,10,2,1,48,10,7,3,0,93,0,8,10,71,81,0,0,1,0,1,1,0,1,0,0,10,0,0,0,6,4,0,0,0,0,4,0,0,0,0,16,0,6,8,4,12,0,0,0,0,0,0,0,0,0,0,7,0,0,0,5,2,0,0,0,0,0,0,0,0,0,7,0,5,5,0,5,0,0,0,0,0,0,0,0,0,0,0,0,0,0,0,0,1,0,0,1,4,0,0,0,0,5,0,0,0,5,5
Sayreville Police,1987-10-01,New Jersey,34544,NJ01219,breakdown offenses,normal return,normal return,normal return,normal return,normal return,breakdown offenses,breakdown offenses,breakdown offenses,0,0,3,0,0,0,0,0,0,0,0,0,0,35,1,2,5,7,20,16,13,3,0,43,13,11,1,1,107,0,15,15,72,87,0,0,0,0,0,0,0,0,0,0,19,1,1,1,7,9,0,0,0,0,7,1,1,0,0,27,0,10,10,8,18,0,0,0,0,0,0,0,0,0,0,7,0,0,0,1,6,0,0,0,0,1,0,0,0,0,8,0,1,1,1,2,0,0,0,0,0,0,0,0,0,0,2,0,1,0,0,1,0,0,0,0,3,3,3,0,0,8,0,1,1,6,7
Sayreville Police,1987-11-01,New Jersey,34544,NJ01219,breakdown offenses,normal return,normal return,normal return,normal return,normal return,breakdown offenses,breakdown offenses,breakdown offenses,0,0,0,0,0,0,0,0,1,1,0,0,0,23,0,1,2,2,18,31,19,8,4,50,17,15,2,0,122,0,5,6,98,104,0,0,0,0,0,0,0,0,0,0,14,0,0,0,3,11,4,4,0,0,1,1,1,0,0,20,0,3,3,6,9,0,0,0,0,0,0,0,0,0,0,5,0,0,0,2,3,2,2,0,0,0,1,1,0,0,8,0,2,2,3,5,0,0,0,0,0,0,0,0,0,0,1,0,0,0,0,1,0,0,0,0,1,0,0,0,0,2,0,0,0,1,1
Sayreville Police,1987-12-01,New Jersey,34544,NJ01219,breakdown offenses,normal return,normal return,normal return,normal return,normal return,breakdown offenses,breakdown offenses,breakdown offenses,0,0,2,0,0,1,1,0,2,1,0,1,0,24,0,0,1,3,20,18,12,3,3,43,19,18,0,1,107,0,4,7,80,87,0,0,1,1,0,1,1,0,0,0,13,0,1,1,2,9,3,2,1,0,4,9,9,0,0,31,0,4,6,16,22,0,0,0,0,0,0,0,0,0,0,2,0,0,0,0,2,2,2,0,0,0,8,8,0,0,12,0,0,0,10,10,0,0,0,0,0,0,0,0,0,0,1,0,0,0,0,1,2,1,0,1,1,1,0,1,0,5,0,0,0,4,4
Sayreville Police,1988-01-01,New Jersey,34927,NJ01219,breakdown offenses,normal return,normal return,normal return,normal return,normal return,breakdown offenses,breakdown offenses,breakdown offenses,0,0,1,0,0,0,0,0,2,2,0,0,0,25,1,0,2,1,21,14,8,2,4,50,13,12,0,1,104,0,4,6,77,83,0,0,0,0,0,1,1,0,0,0,7,1,0,0,2,4,5,5,0,0,4,0,0,0,0,17,0,3,4,9,13,0,0,0,0,0,0,0,0,0,0,2,0,0,0,2,0,3,3,0,0,3,0,0,0,0,8,0,2,2,6,8,0,0,0,0,0,0,0,0,0,0,0,0,0,0,0,0,0,0,0,0,1,1,1,0,0,2,0,0,0,2,2
Sayreville Police,1988-02-01,New Jersey,34927,NJ01219,breakdown offenses,normal return,normal return,normal return,normal return,normal return,breakdown offenses,breakdown offenses,breakdown offenses,0,0,1,0,0,2,2,0,1,1,0,0,0,16,0,1,2,2,11,11,6,4,1,50,15,14,1,0,95,0,5,8,76,84,0,0,2,2,0,1,1,0,0,0,4,0,1,0,1,2,0,0,0,0,1,2,2,0,0,10,0,2,5,3,8,0,0,0,0,0,0,0,0,0,0,0,0,0,0,0,0,0,0,0,0,0,1,1,0,0,1,0,0,0,1,1,0,0,0,0,0,0,0,0,0,0,0,0,0,0,0,0,1,0,0,1,4,0,0,0,0,5,0,0,0,5,5
Sayreville Police,1988-03-01,New Jersey,34927,NJ01219,breakdown offenses,normal return,normal return,normal return,normal return,normal return,breakdown offenses,breakdown offenses,breakdown offenses,0,0,4,0,0,0,0,0,1,0,0,0,1,26,1,0,4,7,14,12,8,1,3,44,14,14,0,0,97,0,12,13,70,83,0,0,0,0,0,1,0,0,0,1,12,1,0,2,5,4,0,0,0,0,3,0,0,0,0,16,0,8,9,3,12,0,0,0,0,0,0,0,0,0,0,2,0,0,0,1,1,0,0,0,0,1,0,0,0,0,3,0,1,1,1,2,0,0,0,0,0,0,0,0,0,0,1,0,0,0,0,1,1,1,0,0,3,1,1,0,0,6,0,0,0,5,5
Sayreville Police,1988-04-01,New Jersey,34927,NJ01219,breakdown offenses,normal return,normal return,normal return,normal return,normal return,breakdown offenses,breakdown offenses,breakdown offenses,0,0,0,0,0,2,2,0,1,0,0,0,1,28,1,0,1,2,24,14,12,1,1,67,13,13,0,0,125,0,4,7,94,101,0,0,1,1,0,0,0,0,0,0,13,1,0,1,1,10,1,1,0,0,1,0,0,0,0,16,0,3,4,2,6,0,0,0,0,0,0,0,0,0,0,1,0,0,0,1,0,0,0,0,0,0,0,0,0,0,1,0,1,1,0,1,0,0,0,0,0,0,0,0,0,0,1,0,0,0,0,1,0,0,0,0,6,1,1,0,0,8,0,0,0,7,7
Sayreville Police,1988-05-01,New Jersey,34927,NJ01219,breakdown offenses,normal return,normal return,normal return,normal return,normal return,breakdown offenses,breakdown offenses,breakdown offenses,0,0,0,0,0,0,0,0,1,0,0,0,1,34,0,2,2,0,30,13,7,2,4,61,20,14,6,0,129,0,4,5,94,99,0,0,0,0,0,1,0,0,0,1,11,0,2,0,0,9,2,2,0,0,3,1,1,0,0,18,0,2,3,6,9,0,0,0,0,0,0,0,0,0,0,1,0,1,0,0,0,1,1,0,0,3,0,0,0,0,5,0,1,1,4,5,0,0,0,0,0,0,0,0,0,0,0,0,0,0,0,0,0,0,0,0,0,1,1,0,0,1,0,0,0,1,1
Sayreville Police,1988-06-01,New Jersey,34927,NJ01219,breakdown offenses,normal return,normal return,normal return,normal return,normal return,breakdown offenses,breakdown offenses,breakdown offenses,0,0,0,0,0,0,0,0,1,0,0,0,1,28,1,0,4,1,22,11,8,3,0,57,12,8,3,1,109,0,6,7,80,87,0,0,0,0,0,0,0,0,0,0,12,0,0,1,1,10,2,1,1,0,7,0,0,0,0,21,0,2,2,9,11,0,0,0,0,0,0,0,0,0,0,4,0,0,0,0,4,2,1,1,0,0,0,0,0,0,6,0,0,0,2,2,0,0,0,0,0,0,0,0,0,0,0,0,0,0,0,0,2,2,0,0,7,0,0,0,0,9,0,0,0,9,9
Sayreville Police,1988-07-01,New Jersey,34927,NJ01219,breakdown offenses,normal return,normal return,normal return,normal return,normal return,breakdown offenses,breakdown offenses,breakdown offenses,0,0,0,0,0,3,2,1,0,0,0,0,0,33,0,1,2,2,28,20,11,3,6,58,23,22,0,1,137,0,5,8,101,109,0,0,1,1,0,0,0,0,0,0,15,0,0,2,2,11,7,5,0,2,5,3,3,0,0,31,0,4,5,15,20,0,0,0,0,0,0,0,0,0,0,0,0,0,0,0,0,1,1,0,0,2,0,0,0,0,3,0,0,0,3,3,0,0,0,0,0,0,0,0,0,0,0,0,0,0,0,0,0,0,0,0,1,1,1,0,0,2,0,0,0,2,2
Sayreville Police,1988-08-01,New Jersey,34927,NJ01219,breakdown offenses,normal return,normal return,normal return,normal return,normal return,breakdown offenses,breakdown offenses,breakdown offenses,0,0,0,0,0,1,1,0,2,2,0,0,0,20,0,0,1,2,17,26,16,6,4,67,18,16,2,0,134,0,3,6,111,117,0,0,0,0,0,1,1,0,0,0,17,0,0,0,2,15,1,0,1,0,10,0,0,0,0,29,0,2,3,11,14,0,0,0,0,0,1,1,0,0,0,2,0,0,0,0,2,0,0,0,0,0,0,0,0,0,3,0,0,1,0,1,0,0,1,1,0,0,0,0,0,0,0,0,0,0,0,0,2,1,0,1,2,1,1,0,0,6,0,0,1,5,6
Sayreville Police,1988-09-01,New Jersey,34927,NJ01219,breakdown offenses,normal return,normal return,normal return,normal return,normal return,breakdown offenses,breakdown offenses,breakdown offenses,0,0,1,0,0,1,1,0,2,1,1,0,0,27,2,0,1,1,23,23,17,3,3,67,27,25,2,0,147,0,4,7,117,124,0,0,2,2,0,0,0,0,0,0,13,0,0,1,2,10,3,1,2,0,12,0,0,0,0,30,0,3,5,15,20,0,0,0,0,0,0,0,0,0,0,1,0,0,0,1,0,0,0,0,0,4,0,0,0,0,5,0,1,1,4,5,0,0,0,0,0,0,0,0,0,0,0,0,0,0,0,0,1,1,0,0,1,1,0,0,1,3,0,0,0,3,3
Sayreville Police,1988-10-01,New Jersey,34927,NJ01219,breakdown offenses,normal return,normal return,normal return,normal return,normal return,breakdown offenses,breakdown offenses,breakdown offenses,0,0,0,0,0,1,1,0,0,0,0,0,0,26,0,2,0,0,24,10,10,0,0,34,13,12,1,0,84,0,2,3,57,60,0,0,1,1,0,1,0,1,0,0,11,0,4,0,0,7,1,1,0,0,10,0,0,0,0,24,0,4,6,11,17,0,0,0,0,0,0,0,0,0,0,3,0,2,0,0,1,1,1,0,0,2,0,0,0,0,6,0,2,2,3,5,0,0,0,0,0,0,0,0,0,0,0,0,0,0,0,0,2,1,0,1,2,3,3,0,0,7,0,0,0,7,7
Sayreville Police,1988-11-01,New Jersey,34927,NJ01219,breakdown offenses,adjustment,adjustment,adjustment,adjustment,adjustment,breakdown offenses,breakdown offenses,breakdown offenses,0,0,1,0,0,0,0,0,1,0,0,0,1,28,2,1,2,3,20,15,13,0,2,51,17,15,1,1,112,0,8,9,83,92,0,0,0,0,0,0,0,0,0,0,8,0,1,0,2,5,2,1,0,1,17,1,1,0,0,28,0,3,3,20,23,0,0,0,0,0,0,0,0,0,0,0,0,0,0,0,0,0,0,0,0,6,1,1,0,0,7,0,0,0,7,7,0,0,0,0,0,0,0,0,0,0,0,0,0,0,0,0,0,0,0,0,1,0,0,0,0,1,0,0,0,1,1
Sayreville Police,1988-12-01,New Jersey,34927,NJ01219,breakdown offenses,adjustment,adjustment,adjustment,adjustment,adjustment,breakdown offenses,breakdown offenses,breakdown offenses,0,0,1,0,0,1,1,0,0,0,0,0,0,21,1,0,0,2,18,10,8,0,2,39,16,14,1,1,87,0,3,4,65,69,0,0,1,1,0,0,0,0,0,0,13,0,1,0,4,8,1,1,0,0,4,1,0,0,1,20,0,5,6,6,12,0,0,0,0,0,0,0,0,0,0,2,0,0,0,0,2,0,0,0,0,0,0,0,0,0,2,0,0,0,0,0,0,0,0,0,0,0,0,0,0,0,0,0,0,0,0,0,1,1,0,0,5,0,0,0,0,6,0,0,0,6,6
Sayreville Police,1989-01-01,New Jersey,35869,NJ01219,breakdown offenses,normal return,normal return,normal return,normal return,normal return,breakdown offenses,breakdown offenses,breakdown offenses,0,0,4,0,0,0,0,0,1,0,0,0,1,27,0,1,1,6,19,9,7,1,1,36,13,11,2,0,86,0,8,9,58,67,0,0,0,0,0,0,0,0,0,0,9,0,0,0,5,4,4,4,0,0,8,3,3,0,0,24,0,5,5,15,20,0,0,0,0,0,0,0,0,0,0,0,0,0,0,0,0,2,2,0,0,1,1,1,0,0,4,0,0,0,4,4,0,0,0,0,0,0,0,0,0,0,1,0,0,0,0,1,3,2,1,0,3,2,2,0,0,9,0,0,0,8,8
Sayreville Police,1989-02-01,New Jersey,35869,NJ01219,breakdown offenses,normal return,normal return,normal return,normal return,normal return,breakdown offenses,breakdown offenses,breakdown offenses,0,0,0,0,0,0,0,0,3,0,2,0,1,25,0,0,1,2,22,6,4,1,1,34,17,16,1,0,85,0,3,6,57,63,0,0,0,0,0,1,0,1,0,0,10,0,1,1,1,7,4,2,2,0,9,0,0,0,0,24,0,3,4,13,17,0,0,0,0,0,0,0,0,0,0,1,0,0,0,0,1,1,1,0,0,1,0,0,0,0,3,0,0,0,2,2,0,0,0,0,0,0,0,0,0,0,0,0,0,0,0,0,1,1,0,0,7,1,1,0,0,9,0,0,0,9,9
Sayreville Police,1989-03-01,New Jersey,35869,NJ01219,breakdown offenses,normal return,normal return,normal return,normal return,normal return,breakdown offenses,breakdown offenses,breakdown offenses,0,0,2,0,0,2,2,0,1,1,0,0,0,28,0,0,2,1,25,11,7,0,4,48,9,7,2,0,99,0,3,6,68,74,0,0,1,1,0,0,0,0,0,0,17,0,0,3,0,14,4,3,0,1,4,2,2,0,0,28,0,3,4,10,14,0,0,0,0,0,0,0,0,0,0,2,0,0,0,0,2,0,0,0,0,0,1,1,0,0,3,0,0,0,1,1,0,0,0,0,0,1,0,0,0,1,0,0,0,0,0,0,0,0,0,0,4,3,3,0,0,8,0,0,1,7,8
Sayreville Police,1989-04-01,New Jersey,35869,NJ01219,breakdown offenses,normal return,normal return,normal return,normal return,normal return,breakdown offenses,breakdown offenses,breakdown offenses,0,0,0,0,0,0,0,0,0,0,0,0,0,24,0,0,0,0,24,10,8,0,2,54,16,15,1,0,104,0,0,0,80,80,0,0,0,0,0,0,0,0,0,0,10,0,0,0,0,10,2,2,0,0,9,0,0,0,0,21,0,0,0,11,11,0,0,0,0,0,0,0,0,0,0,0,0,0,0,0,0,0,0,0,0,1,0,0,0,0,1,0,0,0,1,1,0,0,1,1,0,1,0,1,0,0,1,0,0,0,1,0,0,0,0,0,1,1,1,0,0,5,0,1,3,2,5
Sayreville Police,1989-05-01,New Jersey,35869,NJ01219,breakdown offenses,normal return,normal return,normal return,normal return,normal return,breakdown offenses,breakdown offenses,breakdown offenses,0,0,1,0,0,1,1,0,0,0,0,0,0,30,0,0,2,0,28,9,7,0,2,33,17,15,1,1,90,0,2,3,59,62,0,0,0,0,0,0,0,0,0,0,10,0,0,1,0,9,5,5,0,0,6,0,0,0,0,21,0,1,1,11,12,0,0,0,0,0,0,0,0,0,0,4,0,0,0,0,4,4,4,0,0,2,0,0,0,0,10,0,0,0,6,6,0,0,0,0,0,0,0,0,0,0,0,0,0,0,0,0,1,0,0,1,4,1,0,1,0,6,0,0,0,6,6
Sayreville Police,1989-06-01,New Jersey,35869,NJ01219,breakdown offenses,normal return,normal return,normal return,normal return,normal return,breakdown offenses,breakdown offenses,breakdown offenses,0,0,3,0,0,0,0,0,4,0,1,1,2,32,2,0,0,2,28,10,7,1,2,60,16,16,0,0,122,0,4,8,86,94,0,0,0,0,0,1,0,1,0,0,14,2,0,0,1,11,2,2,0,0,9,1,1,0,0,27,0,3,4,12,16,0,0,0,0,0,0,0,0,0,0,2,0,0,0,0,2,0,0,0,0,2,0,0,0,0,4,0,0,0,2,2,0,0,0,0,0,0,0,0,0,0,1,0,0,1,0,0,1,0,0,1,5,0,0,0,0,7,0,1,1,6,7
Sayreville Police,1989-07-01,New Jersey,35869,NJ01219,breakdown offenses,normal return,normal return,normal return,normal return,normal return,breakdown offenses,breakdown offenses,breakdown offenses,0,0,8,0,0,0,0,0,0,0,0,0,0,40,1,1,3,6,29,18,15,2,1,41,18,18,0,0,117,0,11,11,77,88,0,0,0,0,0,1,0,0,0,1,25,1,1,3,7,13,3,3,0,0,6,0,0,0,0,35,0,12,13,9,22,0,0,0,0,0,1,0,0,0,1,3,0,0,0,0,3,1,1,0,0,2,0,0,0,0,7,0,0,1,3,4,0,0,0,0,0,1,0,0,0,1,0,0,0,0,0,0,5,3,0,2,5,3,3,0,0,14,0,0,1,13,14
Sayreville Police,1989-08-01,New Jersey,35869,NJ01219,breakdown offenses,normal return,normal return,normal return,normal return,normal return,breakdown offenses,breakdown offenses,breakdown offenses,0,0,1,0,0,1,1,0,0,0,0,0,0,27,0,0,3,3,21,12,7,4,1,74,11,10,1,0,125,0,6,7,97,104,0,0,1,1,0,0,0,0,0,0,15,1,0,1,3,10,4,4,0,0,13,1,1,0,0,34,0,5,6,18,24,0,0,0,0,0,0,0,0,0,0,1,0,0,0,1,0,3,3,0,0,2,0,0,0,0,6,0,1,1,5,6,0,0,0,0,0,0,0,0,0,0,0,0,0,0,0,0,1,1,0,0,1,2,2,0,0,4,0,0,0,4,4
Sayreville Police,1989-09-01,New Jersey,35869,NJ01219,breakdown offenses,normal return,normal return,normal return,normal return,normal return,breakdown offenses,breakdown offenses,breakdown offenses,0,0,0,0,0,0,0,0,1,0,0,1,0,29,0,3,0,2,24,11,7,4,0,32,9,9,0,0,82,0,5,6,52,58,0,0,0,0,0,0,0,0,0,0,17,0,2,0,3,12,6,4,2,0,8,0,0,0,0,31,0,5,5,14,19,0,0,0,0,0,0,0,0,0,0,2,0,0,0,0,2,1,1,0,0,1,0,0,0,0,4,0,0,0,2,2,0,0,0,0,0,0,0,0,0,0,1,1,0,0,0,0,0,0,0,0,5,1,1,0,0,7,0,1,1,6,7
Sayreville Police,1989-10-01,New Jersey,35869,NJ01219,breakdown offenses,normal return,normal return,normal return,normal return,normal return,breakdown offenses,breakdown offenses,breakdown offenses,0,0,0,0,0,1,1,0,2,1,0,0,1,36,1,0,0,1,34,12,11,0,1,58,18,15,2,1,127,0,2,5,88,93,0,0,1,1,0,0,0,0,0,0,21,0,0,0,1,20,3,3,0,0,12,1,1,0,0,38,0,1,2,16,18,0,0,0,0,0,0,0,0,0,0,2,0,0,0,0,2,1,1,0,0,5,0,0,0,0,8,0,0,0,6,6,0,0,0,0,0,0,0,0,0,0,0,0,0,0,0,0,0,0,0,0,3,3,3,0,0,6,0,0,0,6,6
Sayreville Police,1989-11-01,New Jersey,35869,NJ01219,breakdown offenses,normal return,normal return,normal return,normal return,normal return,breakdown offenses,breakdown offenses,breakdown offenses,0,0,3,0,0,0,0,0,1,1,0,0,0,42,0,2,2,7,31,18,14,2,2,41,17,15,1,1,119,0,11,12,76,88,0,0,0,0,0,1,1,0,0,0,20,0,0,2,5,13,3,3,0,0,6,2,1,0,1,32,0,7,8,11,19,0,0,0,0,0,0,0,0,0,0,0,0,0,0,0,0,0,0,0,0,0,1,1,0,0,1,0,0,0,1,1,0,0,0,0,0,0,0,0,0,0,0,0,0,0,0,0,0,0,0,0,2,1,0,1,0,3,0,0,0,3,3
Sayreville Police,1989-12-01,New Jersey,35869,NJ01219,breakdown offenses,normal return,normal return,normal return,normal return,normal return,breakdown offenses,breakdown offenses,breakdown offenses,0,0,0,0,0,1,1,0,0,0,0,0,0,23,1,1,1,1,19,17,14,2,1,41,16,16,0,0,98,0,4,5,74,79,0,0,1,1,0,0,0,0,0,0,13,1,1,0,2,9,4,4,0,0,8,0,0,0,0,26,0,4,5,12,17,0,0,0,0,0,0,0,0,0,0,1,0,0,0,1,0,1,1,0,0,1,0,0,0,0,3,0,1,1,2,3,0,0,0,0,0,0,0,0,0,0,0,0,0,0,0,0,2,0,0,2,5,0,0,0,0,7,0,0,0,7,7
Sayreville Police,1998-01-01,New Jersey,37946,NJ01219,breakdown offenses,normal return,normal return,normal return,normal return,normal return,breakdown offenses,breakdown offenses,breakdown offenses,0,0,0,0,0,1,1,0,2,0,1,0,1,21,1,2,0,2,16,12,8,3,1,34,9,5,3,1,79,0,5,8,55,63,0,0,0,0,0,0,0,0,0,0,10,0,2,0,2,6,6,4,2,0,18,1,1,0,0,35,0,4,4,25,29,0,0,0,0,0,0,0,0,0,0,1,0,0,0,0,1,0,0,0,0,3,0,0,0,0,4,0,0,0,3,3,0,0,0,0,0,0,0,0,0,0,0,0,0,0,0,0,0,0,0,0,0,0,0,0,0,0,0,0,0,0,0
Sayreville Police,1998-02-01,New Jersey,37946,NJ01219,breakdown offenses,normal return,normal return,normal return,normal return,normal return,breakdown offenses,breakdown offenses,breakdown offenses,0,0,1,0,0,1,1,0,3,1,1,0,1,21,0,1,1,1,18,14,6,2,6,41,7,5,1,1,87,0,3,7,62,69,0,0,1,1,0,0,0,0,0,0,13,0,1,0,3,9,4,2,1,1,3,0,0,0,0,21,0,4,5,7,12,0,0,0,0,0,0,0,0,0,0,1,0,0,0,1,0,0,0,0,0,0,0,0,0,0,1,0,1,1,0,1,0,0,0,0,0,0,0,0,0,0,0,0,0,0,0,0,1,1,0,0,0,1,1,0,0,2,0,0,0,2,2
Sayreville Police,1998-03-01,New Jersey,37946,NJ01219,breakdown offenses,normal return,normal return,normal return,normal return,normal return,breakdown offenses,breakdown offenses,breakdown offenses,0,0,0,0,0,0,0,0,2,0,0,0,2,38,0,2,0,3,33,20,10,6,4,44,8,7,1,0,112,0,5,7,72,79,0,0,0,0,0,1,0,0,0,1,18,0,0,0,2,16,2,2,0,0,3,0,0,0,0,24,0,2,3,5,8,0,0,0,0,0,0,0,0,0,0,1,0,0,0,1,0,1,1,0,0,0,0,0,0,0,2,0,1,1,1,2,0,0,0,0,0,0,0,0,0,0,0,0,0,0,0,0,1,1,0,0,2,0,0,0,0,3,0,0,0,3,3
Sayreville Police,1998-04-01,New Jersey,37946,NJ01219,breakdown offenses,normal return,normal return,normal return,normal return,normal return,breakdown offenses,breakdown offenses,breakdown offenses,0,0,2,0,0,3,2,1,0,0,0,0,0,31,0,0,1,4,26,17,8,6,3,50,7,5,2,0,108,0,5,8,74,82,0,0,2,2,0,0,0,0,0,0,18,0,1,1,4,12,0,0,0,0,3,1,1,0,0,24,0,6,8,4,12,0,0,0,0,0,0,0,0,0,0,3,0,1,0,0,2,0,0,0,0,0,0,0,0,0,3,0,1,1,0,1,0,0,0,0,0,0,0,0,0,0,0,0,0,0,0,0,0,0,0,0,3,2,1,1,0,5,0,0,0,5,5
Sayreville Police,1998-05-01,New Jersey,37946,NJ01219,breakdown offenses,normal return,normal return,normal return,normal return,normal return,breakdown offenses,breakdown offenses,breakdown offenses,0,0,0,0,0,0,0,0,0,0,0,0,0,34,0,1,0,3,30,25,19,5,1,61,5,5,0,0,125,0,4,4,91,95,0,0,0,0,0,0,0,0,0,0,8,0,0,0,0,8,10,9,1,0,9,2,1,1,0,29,0,0,0,21,21,0,0,0,0,0,0,0,0,0,0,2,0,0,0,0,2,6,6,0,0,6,0,0,0,0,14,0,0,0,12,12,0,0,0,0,0,0,0,0,0,0,0,0,0,0,0,0,2,0,0,2,0,2,1,1,0,4,0,0,0,4,4
Sayreville Police,1998-06-01,New Jersey,37946,NJ01219,breakdown offenses,normal return,normal return,normal return,normal return,normal return,breakdown offenses,breakdown offenses,breakdown offenses,0,0,2,0,0,1,1,0,2,0,1,0,1,10,0,0,1,4,5,15,10,2,3,43,7,6,0,1,78,0,5,8,65,73,0,0,1,1,0,1,0,0,0,1,9,0,0,1,3,5,3,3,0,0,6,2,2,0,0,22,0,4,6,11,17,0,0,0,0,0,0,0,0,0,0,2,0,0,0,2,0,1,1,0,0,1,1,1,0,0,5,0,2,2,3,5,0,0,0,0,0,0,0,0,0,0,0,0,0,0,0,0,0,0,0,0,1,0,0,0,0,1,0,0,0,1,1
Sayreville Police,1998-07-01,New Jersey,37946,NJ01219,breakdown offenses,normal return,normal return,normal return,normal return,normal return,breakdown offenses,breakdown offenses,breakdown offenses,0,0,0,0,0,1,1,0,5,0,0,0,5,29,0,0,0,6,23,21,9,9,3,51,6,5,1,0,113,0,6,12,78,90,0,0,0,0,0,1,0,0,0,1,10,0,0,0,4,6,4,0,4,0,5,2,2,0,0,22,0,4,5,11,16,0,0,0,0,0,0,0,0,0,0,0,0,0,0,0,0,3,0,3,0,1,0,0,0,0,4,0,0,0,4,4,0,0,0,0,0,0,0,0,0,0,1,0,0,0,0,1,0,0,0,0,1,2,2,0,0,4,0,0,0,3,3
Sayreville Police,1998-08-01,New Jersey,37946,NJ01219,breakdown offenses,normal return,normal return,normal return,normal return,normal return,breakdown offenses,breakdown offenses,breakdown offenses,0,0,1,1,0,0,0,0,0,0,0,0,0,31,0,1,1,6,23,32,12,10,10,62,15,8,5,2,141,0,8,9,109,118,1,0,0,0,0,0,0,0,0,0,11,0,0,1,3,7,31,12,9,10,3,0,0,0,0,46,0,4,5,34,39,0,0,0,0,0,0,0,0,0,0,1,0,0,0,0,1,0,0,0,0,0,0,0,0,0,1,0,0,0,0,0,0,0,0,0,0,0,0,0,0,0,0,0,0,0,0,0,0,0,0,0,3,1,0,1,0,4,0,0,0,4,4
Sayreville Police,1998-09-01,New Jersey,37946,NJ01219,breakdown offenses,normal return,normal return,normal return,normal return,normal return,breakdown offenses,breakdown offenses,breakdown offenses,0,0,0,1,0,1,1,0,4,2,0,1,1,31,0,0,0,0,31,10,4,3,3,55,9,6,2,1,111,0,0,6,74,80,1,0,0,0,0,3,1,0,1,1,10,0,0,0,0,10,0,0,0,0,3,0,0,0,0,17,0,0,4,3,7,0,0,0,0,0,2,1,0,0,1,0,0,0,0,0,0,0,0,0,0,0,0,0,0,0,2,0,0,2,0,2,0,0,0,0,0,0,0,0,0,0,0,0,0,0,0,0,1,1,0,0,0,1,1,0,0,2,0,0,0,2,2
Sayreville Police,1998-10-01,New Jersey,37946,NJ01219,breakdown offenses,normal return,normal return,normal return,normal return,normal return,breakdown offenses,breakdown offenses,breakdown offenses,0,0,3,0,0,1,1,0,2,1,1,0,0,34,0,0,3,4,27,23,17,3,3,72,8,6,1,1,140,0,7,10,103,113,0,0,0,0,0,2,0,1,0,1,7,0,0,0,2,5,1,1,0,0,7,1,1,0,0,18,0,2,4,9,13,0,0,0,0,0,1,0,0,0,1,1,0,0,0,0,1,0,0,0,0,1,0,0,0,0,3,0,0,1,1,2,0,0,0,0,0,0,0,0,0,0,0,0,0,0,0,0,1,0,0,1,1,1,0,1,0,3,0,0,0,3,3
Sayreville Police,1998-11-01,New Jersey,37946,NJ01219,breakdown offenses,normal return,normal return,normal return,normal return,normal return,breakdown offenses,breakdown offenses,breakdown offenses,0,0,0,0,0,1,1,0,1,0,0,1,0,23,0,0,1,1,21,19,8,4,7,36,8,4,1,3,88,0,2,4,63,67,0,0,0,0,0,2,1,1,0,0,10,0,0,2,1,7,3,2,1,0,3,3,3,0,0,21,0,3,5,9,14,0,0,0,0,0,1,1,0,0,0,1,0,0,0,0,1,0,0,0,0,0,0,0,0,0,2,0,0,1,0,1,0,0,0,0,0,0,0,0,0,0,0,0,0,0,0,0,3,1,1,1,1,1,1,0,0,5,0,0,0,5,5
Sayreville Police,1998-12-01,New Jersey,37946,NJ01219,breakdown offenses,normal return,normal return,normal return,normal return,normal return,breakdown offenses,breakdown offenses,breakdown offenses,0,0,0,1,0,0,0,0,0,0,0,0,0,27,0,0,2,2,23,26,16,6,4,56,10,9,0,1,120,0,4,5,92,97,1,0,1,1,0,0,0,0,0,0,12,0,0,1,1,10,5,1,3,1,8,0,0,0,0,27,0,2,4,13,17,0,0,0,0,0,0,0,0,0,0,0,0,0,0,0,0,0,0,0,0,0,0,0,0,0,0,0,0,0,0,0,0,0,0,0,0,0,0,0,0,0,0,0,0,0,0,0,1,0,0,1,3,1,1,0,0,5,0,0,0,5,5
Sayreville Police,1999-01-01,New Jersey,38175,NJ01219,breakdown offenses,normal return,normal return,normal return,normal return,normal return,breakdown offenses,breakdown offenses,breakdown offenses,0,0,0,1,0,0,0,0,0,0,0,0,0,31,0,0,1,2,28,27,18,4,5,32,9,8,1,0,100,0,3,4,68,72,0,0,0,0,0,1,0,0,0,1,8,0,0,0,0,8,6,4,2,0,2,2,2,0,0,19,0,0,1,10,11,0,0,0,0,0,0,0,0,0,0,1,0,0,0,0,1,0,0,0,0,0,0,0,0,0,1,0,0,0,0,0,0,0,0,0,0,0,0,0,0,0,0,0,0,0,0,0,0,0,0,0,0,0,0,0,0,0,0,0,0,0,0
Sayreville Police,1999-02-01,New Jersey,38175,NJ01219,breakdown offenses,normal return,normal return,normal return,normal return,normal return,breakdown offenses,breakdown offenses,breakdown offenses,0,0,0,0,0,0,0,0,2,0,0,0,2,29,0,0,3,3,23,10,4,3,3,45,6,6,0,0,92,0,6,8,61,69,0,0,0,0,0,0,0,0,0,0,8,0,0,0,0,8,2,2,0,0,1,0,0,0,0,11,0,0,0,3,3,0,0,0,0,0,0,0,0,0,0,0,0,0,0,0,0,0,0,0,0,0,0,0,0,0,0,0,0,0,0,0,0,0,0,0,0,0,0,0,0,0,0,0,0,0,0,0,1,1,0,0,0,1,1,0,0,2,0,0,0,2,2
Sayreville Police,1999-03-01,New Jersey,38175,NJ01219,breakdown offenses,normal return,normal return,normal return,normal return,normal return,breakdown offenses,breakdown offenses,breakdown offenses,0,0,0,0,0,0,0,0,1,0,0,0,1,28,1,1,2,0,24,13,7,3,3,41,7,4,1,2,90,0,4,5,61,66,0,0,0,0,0,0,0,0,0,0,8,1,0,1,0,6,2,1,0,1,5,1,1,0,0,16,0,2,2,8,10,0,0,0,0,0,0,0,0,0,0,0,0,0,0,0,0,0,0,0,0,0,0,0,0,0,0,0,0,0,0,0,0,0,0,0,0,0,0,0,0,0,0,0,0,0,0,0,1,0,1,0,0,0,0,0,0,1,0,0,0,1,1
Sayreville Police,1999-04-01,New Jersey,38175,NJ01219,breakdown offenses,normal return,normal return,normal return,normal return,normal return,breakdown offenses,breakdown offenses,breakdown offenses,0,0,0,0,0,0,0,0,1,0,0,0,1,30,1,0,0,3,26,17,6,4,7,26,8,5,2,1,82,0,4,5,51,56,0,0,0,0,0,0,0,0,0,0,11,0,0,0,2,9,2,1,1,0,7,0,0,0,0,20,0,2,2,9,11,0,0,0,0,0,0,0,0,0,0,0,0,0,0,0,0,0,0,0,0,3,0,0,0,0,3,0,0,0,3,3,0,0,0,0,0,0,0,0,0,0,0,0,0,0,0,0,1,1,0,0,1,1,1,0,0,3,0,0,0,3,3
Sayreville Police,1999-05-01,New Jersey,38175,NJ01219,breakdown offenses,normal return,normal return,normal return,normal return,normal return,breakdown offenses,breakdown offenses,breakdown offenses,0,0,0,0,0,0,0,0,1,0,0,0,1,25,0,1,1,2,21,8,2,5,1,45,4,2,2,0,83,0,4,5,57,62,0,0,0,0,0,0,0,0,0,0,12,0,0,0,3,9,0,0,0,0,2,1,1,0,0,15,0,3,3,3,6,0,0,0,0,0,0,0,0,0,0,0,0,0,0,0,0,0,0,0,0,0,0,0,0,0,0,0,0,0,0,0,0,0,0,0,0,0,0,0,0,0,0,0,0,0,0,0,1,0,0,1,2,1,1,0,0,4,0,0,0,4,4
Sayreville Police,1999-06-01,New Jersey,38175,NJ01219,breakdown offenses,normal return,normal return,normal return,normal return,normal return,breakdown offenses,breakdown offenses,breakdown offenses,0,0,0,0,0,2,2,0,4,0,1,1,2,28,0,1,0,3,24,11,4,3,4,49,6,3,1,2,100,0,4,10,66,76,0,0,2,2,0,2,0,0,1,1,10,0,1,0,2,7,2,1,1,0,6,0,0,0,0,22,0,3,7,8,15,0,0,0,0,0,2,0,0,1,1,0,0,0,0,0,0,0,0,0,0,0,0,0,0,0,2,0,0,2,0,2,0,0,0,0,0,0,0,0,0,0,0,0,0,0,0,0,0,0,0,0,0,0,0,0,0,0,0,0,0,0,0
Sayreville Police,1999-07-01,New Jersey,38175,NJ01219,breakdown offenses,adjustment,adjustment,adjustment,adjustment,adjustment,breakdown offenses,breakdown offenses,breakdown offenses,0,0,0,0,0,1,1,0,1,0,0,1,0,36,0,0,0,1,35,16,8,5,3,53,4,3,1,0,111,0,1,3,73,76,0,0,1,1,0,0,0,0,0,0,13,0,0,0,0,13,5,1,3,1,7,1,1,0,0,27,0,0,1,13,14,0,0,1,1,0,0,0,0,0,0,1,0,0,0,0,1,2,0,2,0,1,0,0,0,0,5,0,0,1,3,4,0,0,0,0,0,0,0,0,0,0,1,0,0,0,1,0,0,0,0,0,4,1,0,0,1,6,0,1,1,5,6
Sayreville Police,1999-08-01,New Jersey,38175,NJ01219,breakdown offenses,normal return,normal return,normal return,normal return,normal return,breakdown offenses,breakdown offenses,breakdown offenses,0,0,2,0,0,2,2,0,3,1,0,0,2,41,1,1,1,4,34,18,7,5,6,41,11,6,1,4,116,0,7,12,70,82,0,0,1,1,0,1,0,0,0,1,18,0,0,1,5,12,1,1,0,0,2,0,0,0,0,23,0,6,8,3,11,0,0,0,0,0,0,0,0,0,0,1,0,0,0,1,0,0,0,0,0,0,0,0,0,0,1,0,1,1,0,1,0,0,0,0,0,0,0,0,0,0,0,0,0,0,0,0,0,0,0,0,0,0,0,0,0,0,0,0,0,0,0
Sayreville Police,1999-09-01,New Jersey,38175,NJ01219,breakdown offenses,normal return,normal return,normal return,normal return,normal return,breakdown offenses,breakdown offenses,breakdown offenses,0,0,0,0,0,0,0,0,0,0,0,0,0,33,0,1,1,1,30,16,7,4,5,50,7,3,2,2,106,0,3,3,73,76,0,0,0,0,0,1,1,0,0,0,18,0,1,1,1,15,0,0,0,0,6,0,0,0,0,25,0,3,4,6,10,0,0,0,0,0,0,0,0,0,0,2,0,0,1,0,1,0,0,0,0,4,0,0,0,0,6,0,1,1,4,5,0,0,0,0,0,0,0,0,0,0,0,0,0,0,0,0,1,1,0,0,0,0,0,0,0,1,0,0,0,1,1
Sayreville Police,1999-10-01,New Jersey,38175,NJ01219,breakdown offenses,normal return,normal return,normal return,normal return,normal return,breakdown offenses,breakdown offenses,breakdown offenses,0,0,0,0,0,1,0,1,4,1,0,0,3,35,0,3,2,1,29,22,14,8,0,55,5,3,0,2,122,0,6,11,82,93,0,0,1,0,1,2,0,0,0,2,16,0,2,2,1,11,6,1,2,3,6,3,0,2,1,34,0,5,8,15,23,0,0,0,0,0,1,0,0,0,1,1,0,0,0,0,1,3,0,1,2,1,0,0,0,0,6,0,0,1,4,5,0,0,0,0,0,0,0,0,0,0,0,0,0,0,0,0,0,0,0,0,0,1,1,0,0,1,0,0,0,1,1
Sayreville Police,1999-11-01,New Jersey,38175,NJ01219,breakdown offenses,normal return,normal return,normal return,normal return,normal return,breakdown offenses,breakdown offenses,breakdown offenses,0,0,0,0,0,1,0,1,0,0,0,0,0,28,0,2,1,1,24,22,10,3,9,38,6,5,0,1,95,0,4,5,66,71,0,0,0,0,0,1,1,0,0,0,10,0,1,0,1,8,0,0,0,0,6,0,0,0,0,17,0,2,3,6,9,0,0,0,0,0,0,0,0,0,0,0,0,0,0,0,0,0,0,0,0,0,0,0,0,0,0,0,0,0,0,0,0,0,0,0,0,0,0,0,0,0,0,0,0,0,0,0,0,0,0,0,2,1,0,1,0,3,0,0,0,3,3
Sayreville Police,1999-12-01,New Jersey,38175,NJ01219,breakdown offenses,normal return,normal return,normal return,normal return,normal return,breakdown offenses,breakdown offenses,breakdown offenses,0,0,1,0,0,1,0,1,1,0,0,0,1,29,0,0,0,1,28,14,8,4,2,42,16,7,8,1,103,0,1,3,72,75,0,0,0,0,0,0,0,0,0,0,6,0,0,0,1,5,1,0,1,0,0,1,0,1,0,8,0,1,1,2,3,0,0,0,0,0,0,0,0,0,0,0,0,0,0,0,0,0,0,0,0,0,0,0,0,0,0,0,0,0,0,0,0,0,0,0,0,0,0,0,0,0,0,0,0,0,0,0,0,0,0,0,0,0,0,0,0,0,0,0,0,0,0
Sayreville Police,1990-01-01,New Jersey,34986,NJ01219,breakdown offenses,adjustment,adjustment,adjustment,adjustment,adjustment,breakdown offenses,breakdown offenses,breakdown offenses,0,0,2,0,0,0,0,0,1,1,0,0,0,33,0,2,1,4,26,18,15,1,2,50,14,12,1,1,116,0,7,8,82,90,0,0,0,0,0,0,0,0,0,0,18,0,2,0,2,14,4,3,1,0,11,2,1,0,1,35,0,4,4,17,21,0,0,0,0,0,0,0,0,0,0,3,0,0,0,0,3,1,1,0,0,4,0,0,0,0,8,0,0,0,5,5,0,0,0,0,0,0,0,0,0,0,0,0,0,0,0,0,1,1,0,0,1,1,1,0,0,3,0,0,0,3,3
Sayreville Police,1990-02-01,New Jersey,34986,NJ01219,breakdown offenses,normal return,normal return,normal return,normal return,normal return,breakdown offenses,breakdown offenses,breakdown offenses,0,0,2,0,0,2,2,0,1,1,0,0,0,27,0,0,1,2,24,11,9,1,1,47,16,13,2,1,104,0,3,6,74,80,0,0,1,1,0,1,1,0,0,0,8,0,0,2,1,5,3,3,0,0,3,0,0,0,0,16,0,3,5,6,11,0,0,0,0,0,0,0,0,0,0,0,0,0,0,0,0,2,2,0,0,2,0,0,0,0,4,0,0,0,4,4,0,0,0,0,0,0,0,0,0,0,0,0,0,0,0,0,1,1,0,0,2,0,0,0,0,3,0,0,0,3,3
Sayreville Police,1990-03-01,New Jersey,34986,NJ01219,breakdown offenses,normal return,normal return,normal return,normal return,normal return,breakdown offenses,breakdown offenses,breakdown offenses,0,0,5,0,0,1,1,0,2,0,0,0,2,37,0,1,4,2,30,14,9,3,2,55,24,22,2,0,133,0,7,10,93,103,0,0,1,1,0,0,0,0,0,0,10,0,1,2,2,5,9,9,0,0,10,1,1,0,0,31,0,5,6,20,26,0,0,0,0,0,0,0,0,0,0,0,0,0,0,0,0,2,2,0,0,6,1,1,0,0,9,0,0,0,9,9,0,0,0,0,0,0,0,0,0,0,0,0,0,0,0,0,0,0,0,0,2,1,1,0,0,3,0,0,0,3,3
Sayreville Police,1990-04-01,New Jersey,34986,NJ01219,breakdown offenses,normal return,normal return,normal return,normal return,normal return,breakdown offenses,breakdown offenses,breakdown offenses,0,0,1,0,0,0,0,0,1,0,0,0,1,34,0,1,1,4,28,23,15,2,6,44,18,16,0,2,120,0,6,7,85,92,0,0,0,0,0,0,0,0,0,0,23,0,1,1,2,19,8,8,0,0,10,0,0,0,0,41,0,4,4,18,22,0,0,0,0,0,0,0,0,0,0,1,0,0,0,0,1,4,4,0,0,0,0,0,0,0,5,0,0,0,4,4,0,0,0,0,0,0,0,0,0,0,0,0,0,0,0,0,1,0,0,1,1,1,1,0,0,3,0,0,0,3,3
Sayreville Police,1990-05-01,New Jersey,34986,NJ01219,breakdown offenses,normal return,normal return,normal return,normal return,normal return,breakdown offenses,breakdown offenses,breakdown offenses,0,0,2,0,0,2,2,0,2,1,0,0,1,34,0,1,1,1,31,18,10,5,3,37,13,12,1,0,106,0,3,7,68,75,0,0,2,2,0,2,1,0,0,1,16,0,0,0,1,15,2,2,0,0,8,1,1,0,0,31,0,1,5,11,16,0,0,0,0,0,0,0,0,0,0,1,0,0,0,0,1,1,1,0,0,2,1,1,0,0,5,0,0,0,4,4,0,0,0,0,0,0,0,0,0,0,0,0,0,0,0,0,0,0,0,0,1,0,0,0,0,1,0,0,0,1,1
Sayreville Police,1990-06-01,New Jersey,34986,NJ01219,breakdown offenses,normal return,normal return,normal return,normal return,normal return,breakdown offenses,breakdown offenses,breakdown offenses,0,0,0,0,0,0,0,0,1,0,0,0,1,27,1,1,1,1,23,26,13,10,3,58,16,15,0,1,128,0,4,5,100,105,0,0,0,0,0,0,0,0,0,0,11,0,1,0,1,9,0,0,0,0,8,1,1,0,0,20,0,2,2,9,11,0,0,0,0,0,0,0,0,0,0,2,0,0,0,0,2,0,0,0,0,1,0,0,0,0,3,0,0,0,1,1,0,0,1,1,0,0,0,0,0,0,0,0,0,0,0,0,2,0,0,2,4,0,0,0,0,7,0,0,1,6,7
Sayreville Police,1990-07-01,New Jersey,34986,NJ01219,breakdown offenses,normal return,normal return,normal return,normal return,normal return,breakdown offenses,breakdown offenses,breakdown offenses,0,0,3,0,0,0,0,0,0,0,0,0,0,36,0,2,4,3,27,20,11,7,2,59,12,11,1,0,127,0,9,9,91,100,0,0,0,0,0,0,0,0,0,0,13,0,1,0,1,11,1,1,0,0,6,2,2,0,0,22,0,2,2,9,11,0,0,0,0,0,0,0,0,0,0,1,0,0,0,1,0,0,0,0,0,1,1,1,0,0,3,0,1,1,2,3,0,0,0,0,0,1,0,1,0,0,0,0,0,0,0,0,0,0,0,0,0,0,0,0,0,1,0,0,1,0,1
Sayreville Police,1990-08-01,New Jersey,34986,NJ01219,breakdown offenses,normal return,normal return,normal return,normal return,normal return,breakdown offenses,breakdown offenses,breakdown offenses,0,0,3,0,0,2,2,0,3,0,0,0,3,23,1,0,1,3,18,22,15,3,4,59,14,14,0,0,123,0,5,10,95,105,0,0,2,2,0,1,0,0,0,1,11,1,0,0,4,6,4,3,1,0,4,0,0,0,0,22,0,5,8,8,16,0,0,0,0,0,0,0,0,0,0,2,0,0,0,1,1,0,0,0,0,0,0,0,0,0,2,0,1,1,0,1,0,0,0,0,0,0,0,0,0,0,0,0,0,0,0,0,0,0,0,0,1,1,1,0,0,2,0,0,0,2,2
Sayreville Police,1990-09-01,New Jersey,34986,NJ01219,breakdown offenses,normal return,normal return,normal return,normal return,normal return,breakdown offenses,breakdown offenses,breakdown offenses,0,0,0,0,0,0,0,0,1,0,0,0,1,29,0,3,2,2,22,7,6,0,1,43,13,12,0,1,93,0,7,8,63,71,0,0,0,0,0,0,0,0,0,0,9,0,1,2,2,4,0,0,0,0,3,1,1,0,0,13,0,5,5,4,9,0,0,0,0,0,0,0,0,0,0,2,0,0,0,1,1,0,0,0,0,1,0,0,0,0,3,0,1,1,1,2,0,0,0,0,0,1,0,0,0,1,0,0,0,0,0,0,0,0,0,0,0,2,0,1,1,3,0,0,1,2,3
Sayreville Police,1990-10-01,New Jersey,34986,NJ01219,breakdown offenses,normal return,normal return,normal return,normal return,normal return,breakdown offenses,breakdown offenses,breakdown offenses,0,0,2,0,0,0,0,0,1,0,0,0,1,35,0,2,2,3,28,19,15,3,1,67,11,10,1,0,133,0,7,8,97,105,0,0,0,0,0,0,0,0,0,0,26,0,2,2,3,19,4,4,0,0,5,0,0,0,0,35,0,7,7,9,16,0,0,0,0,0,0,0,0,0,0,5,0,0,0,0,5,2,2,0,0,2,0,0,0,0,9,0,0,0,4,4,0,0,0,0,0,0,0,0,0,0,0,0,0,0,0,0,2,1,0,1,6,1,1,0,0,9,0,0,0,9,9
Sayreville Police,1990-11-01,New Jersey,34986,NJ01219,breakdown offenses,normal return,normal return,normal return,normal return,normal return,breakdown offenses,breakdown offenses,breakdown offenses,0,0,1,0,0,1,1,0,2,1,0,0,1,22,0,0,2,2,18,10,7,2,1,55,13,10,3,0,103,0,4,7,78,85,0,0,1,1,0,0,0,0,0,0,12,0,0,0,3,9,7,7,0,0,10,0,0,0,0,30,0,3,4,17,21,0,0,0,0,0,0,0,0,0,0,6,0,0,0,1,5,5,5,0,0,2,0,0,0,0,13,0,1,1,7,8,0,0,0,0,0,0,0,0,0,0,0,0,0,0,0,0,0,0,0,0,1,0,0,0,0,1,0,0,0,1,1
Sayreville Police,1990-12-01,New Jersey,34986,NJ01219,breakdown offenses,normal return,normal return,normal return,normal return,normal return,breakdown offenses,breakdown offenses,breakdown offenses,0,0,1,0,0,0,0,0,0,0,0,0,0,31,2,0,2,0,27,19,12,4,3,47,13,13,0,0,110,0,4,4,79,83,0,0,0,0,0,0,0,0,0,0,15,2,0,1,1,11,1,0,0,1,4,0,0,0,0,20,0,4,4,5,9,0,0,0,0,0,0,0,0,0,0,2,0,0,0,1,1,0,0,0,0,1,0,0,0,0,3,0,1,1,1,2,0,0,0,0,0,0,0,0,0,0,1,1,0,0,0,0,1,0,0,1,3,0,0,0,0,5,0,1,1,4,5
Sayreville Police,1991-01-01,New Jersey,35121,NJ01219,breakdown offenses,normal return,normal return,normal return,normal return,normal return,breakdown offenses,breakdown offenses,breakdown offenses,0,0,2,0,0,1,0,1,1,0,0,0,1,34,0,2,1,4,27,12,8,2,2,54,11,11,0,0,113,0,7,9,77,86,0,0,0,0,0,1,0,0,0,1,14,0,1,0,6,7,1,1,0,0,6,0,0,0,0,22,0,7,8,7,15,0,0,0,0,0,0,0,0,0,0,3,0,0,0,2,1,0,0,0,0,3,0,0,0,0,6,0,2,2,3,5,0,0,0,0,0,0,0,0,0,0,0,0,0,0,0,0,0,0,0,0,5,2,1,0,1,7,0,0,0,7,7
Sayreville Police,1991-02-01,New Jersey,35121,NJ01219,breakdown offenses,normal return,normal return,normal return,normal return,normal return,breakdown offenses,breakdown offenses,breakdown offenses,0,0,0,0,0,1,1,0,0,0,0,0,0,25,1,1,0,3,20,16,13,0,3,71,22,21,0,1,135,0,5,6,109,115,0,0,0,0,0,0,0,0,0,0,9,0,0,0,1,8,2,2,0,0,3,1,1,0,0,15,0,1,1,6,7,0,0,0,0,0,0,0,0,0,0,0,0,0,0,0,0,0,0,0,0,0,0,0,0,0,0,0,0,0,0,0,0,0,0,0,0,0,0,0,0,0,0,0,0,0,0,0,0,0,0,0,5,0,0,0,0,5,0,0,0,5,5
Sayreville Police,1991-03-01,New Jersey,35121,NJ01219,breakdown offenses,normal return,normal return,normal return,normal return,normal return,breakdown offenses,breakdown offenses,breakdown offenses,0,0,6,0,0,1,1,0,1,0,0,0,1,37,1,3,1,7,25,13,10,2,1,74,17,15,1,1,143,0,12,14,104,118,0,0,2,2,0,0,0,0,0,0,28,1,2,0,8,17,0,0,0,0,5,1,0,0,1,36,0,11,13,6,19,0,0,1,1,0,0,0,0,0,0,4,0,0,0,0,4,0,0,0,0,1,1,0,0,1,7,0,0,1,2,3,0,0,0,0,0,0,0,0,0,0,0,0,0,0,0,0,1,1,0,0,2,1,1,0,0,4,0,0,0,4,4
Sayreville Police,1991-04-01,New Jersey,35121,NJ01219,breakdown offenses,normal return,normal return,normal return,normal return,normal return,breakdown offenses,breakdown offenses,breakdown offenses,0,0,0,0,0,0,0,0,0,0,0,0,0,31,0,1,1,1,28,41,26,4,11,52,12,12,0,0,136,0,3,3,105,108,0,0,0,0,0,0,0,0,0,0,9,0,1,0,1,7,1,1,0,0,10,1,1,0,0,21,0,2,2,12,14,0,0,0,0,0,0,0,0,0,0,3,0,0,0,0,3,0,0,0,0,6,1,1,0,0,10,0,0,0,7,7,0,0,0,0,0,0,0,0,0,0,0,0,0,0,0,0,0,0,0,0,2,2,1,1,0,4,0,0,0,4,4
Sayreville Police,1991-05-01,New Jersey,35121,NJ01219,breakdown offenses,normal return,normal return,normal return,normal return,normal return,breakdown offenses,breakdown offenses,breakdown offenses,0,0,1,0,0,0,0,0,1,0,0,0,1,34,1,3,2,0,28,29,24,1,4,73,18,15,1,2,155,0,6,7,120,127,0,0,0,0,0,0,0,0,0,0,10,1,1,1,0,7,37,37,0,0,9,1,1,0,0,57,0,3,3,47,50,0,0,0,0,0,0,0,0,0,0,1,0,0,0,0,1,0,0,0,0,1,0,0,0,0,2,0,0,0,1,1,0,0,0,0,0,0,0,0,0,0,0,0,0,0,0,0,0,0,0,0,0,0,0,0,0,0,0,0,0,0,0
Sayreville Police,1991-06-01,New Jersey,35121,NJ01219,breakdown offenses,normal return,normal return,normal return,normal return,normal return,breakdown offenses,breakdown offenses,breakdown offenses,0,0,0,0,0,0,0,0,2,0,1,0,1,37,0,2,0,2,33,22,14,1,7,95,12,12,0,0,168,0,4,6,129,135,0,0,0,0,0,1,0,0,0,1,7,0,1,0,0,6,3,2,1,0,5,0,0,0,0,16,0,1,2,8,10,0,0,0,0,0,0,0,0,0,0,2,0,0,0,0,2,0,0,0,0,3,0,0,0,0,5,0,0,0,3,3,0,0,0,0,0,0,0,0,0,0,0,0,0,0,0,0,0,0,0,0,2,2,2,0,0,4,0,0,0,4,4
Sayreville Police,1991-07-01,New Jersey,35121,NJ01219,breakdown offenses,adjustment,adjustment,adjustment,adjustment,adjustment,breakdown offenses,breakdown offenses,breakdown offenses,0,0,1,0,0,0,0,0,4,1,0,0,3,32,1,0,0,4,27,18,14,1,3,59,16,13,2,1,129,0,5,9,93,102,0,0,0,0,0,1,0,0,0,1,13,0,0,1,3,9,3,3,0,0,6,1,1,0,0,24,0,4,5,10,15,0,0,0,0,0,0,0,0,0,0,2,0,0,0,1,1,0,0,0,0,0,0,0,0,0,2,0,1,1,0,1,0,0,0,0,0,0,0,0,0,0,0,0,0,0,0,0,1,1,0,0,1,1,1,0,0,3,0,0,0,3,3
Sayreville Police,1991-08-01,New Jersey,35121,NJ01219,breakdown offenses,normal return,normal return,normal return,normal return,normal return,breakdown offenses,breakdown offenses,breakdown offenses,0,0,1,0,0,1,1,0,1,0,0,0,1,25,0,1,1,3,20,19,17,2,0,74,10,9,1,0,130,0,5,7,103,110,0,0,0,0,0,1,0,0,0,1,9,0,0,1,3,5,4,4,0,0,7,0,0,0,0,21,0,4,5,11,16,0,0,0,0,0,0,0,0,0,0,1,0,0,0,0,1,1,1,0,0,1,0,0,0,0,3,0,0,0,2,2,0,0,0,0,0,0,0,0,0,0,0,0,0,0,0,0,1,0,0,1,1,2,2,0,0,4,0,0,0,4,4
Sayreville Police,1991-09-01,New Jersey,35121,NJ01219,breakdown offenses,normal return,normal return,normal return,normal return,normal return,breakdown offenses,breakdown offenses,breakdown offenses,0,0,0,1,0,1,1,0,0,0,0,0,0,37,1,1,0,1,34,16,14,0,2,51,13,9,1,3,119,0,3,5,80,85,1,0,0,0,0,0,0,0,0,0,17,0,2,0,2,13,2,2,0,0,4,0,0,0,0,24,0,4,5,6,11,1,0,0,0,0,0,0,0,0,0,0,0,0,0,0,0,0,0,0,0,4,0,0,0,0,5,0,0,1,4,5,0,0,0,0,0,0,0,0,0,0,0,0,0,0,0,0,0,0,0,0,1,1,1,0,0,2,0,0,0,2,2
Sayreville Police,1991-10-01,New Jersey,35121,NJ01219,breakdown offenses,normal return,normal return,normal return,normal return,normal return,breakdown offenses,breakdown offenses,breakdown offenses,0,0,1,0,0,0,0,0,3,0,0,0,3,33,2,0,3,5,23,25,20,1,4,67,11,10,1,0,139,0,10,13,103,116,0,0,1,1,0,1,0,0,0,1,8,0,0,1,3,4,4,3,1,0,8,2,2,0,0,24,0,4,6,14,20,0,0,0,0,0,0,0,0,0,0,1,0,0,0,1,0,2,2,0,0,4,1,1,0,0,8,0,1,1,7,8,0,0,0,0,0,0,0,0,0,0,0,0,0,0,0,0,2,1,0,1,0,2,2,0,0,4,0,0,0,4,4
Sayreville Police,1991-11-01,New Jersey,35121,NJ01219,breakdown offenses,normal return,normal return,normal return,normal return,normal return,breakdown offenses,breakdown offenses,breakdown offenses,0,0,0,0,0,1,1,0,1,0,0,0,1,29,0,0,0,3,26,12,7,2,3,50,18,16,1,1,111,0,3,5,80,85,0,0,1,1,0,0,0,0,0,0,10,0,0,0,0,10,3,3,0,0,5,0,0,0,0,19,0,0,1,8,9,0,0,0,0,0,0,0,0,0,0,2,0,0,0,0,2,0,0,0,0,3,0,0,0,0,5,0,0,0,3,3,0,0,0,0,0,0,0,0,0,0,0,0,0,0,0,0,1,0,0,1,0,0,0,0,0,1,0,0,0,1,1
Sayreville Police,1991-12-01,New Jersey,35121,NJ01219,breakdown offenses,normal return,normal return,normal return,normal return,normal return,breakdown offenses,breakdown offenses,breakdown offenses,0,0,1,0,0,0,0,0,3,0,0,0,3,38,1,0,1,4,32,18,15,0,3,79,24,23,1,0,162,0,6,9,121,130,0,0,0,0,0,1,0,0,0,1,11,1,0,1,2,7,4,4,0,0,2,0,0,0,0,18,0,4,5,6,11,0,0,0,0,0,0,0,0,0,0,1,0,0,0,0,1,0,0,0,0,0,0,0,0,0,1,0,0,0,0,0,0,0,0,0,0,0,0,0,0,0,0,0,0,0,0,0,0,0,0,0,0,0,0,0,0,0,0,0,0,0,0
Sayreville Police,1992-01-01,New Jersey,35252,NJ01219,breakdown offenses,adjustment,adjustment,adjustment,adjustment,adjustment,breakdown offenses,breakdown offenses,breakdown offenses,0,0,0,0,0,0,0,0,3,2,1,0,0,19,0,1,0,0,18,17,14,1,2,64,11,8,1,2,114,0,1,4,92,96,0,0,0,0,0,0,0,0,0,0,9,0,0,0,1,8,0,0,0,0,9,2,2,0,0,20,0,1,1,11,12,0,0,0,0,0,0,0,0,0,0,2,0,0,0,1,1,0,0,0,0,5,2,2,0,0,9,0,1,1,7,8,0,0,1,1,0,0,0,0,0,0,0,0,0,0,0,0,0,0,0,0,1,0,0,0,0,2,0,0,1,1,2
Sayreville Police,1992-02-01,New Jersey,35252,NJ01219,breakdown offenses,adjustment,adjustment,adjustment,adjustment,adjustment,breakdown offenses,breakdown offenses,breakdown offenses,0,0,2,0,0,1,1,0,1,1,0,0,0,36,4,0,4,2,26,13,11,0,2,80,9,5,0,4,140,0,10,12,102,114,0,0,0,0,0,0,0,0,0,0,18,4,0,3,2,9,1,1,0,0,7,0,0,0,0,26,0,9,9,8,17,0,0,0,0,0,0,0,0,0,0,1,0,0,0,0,1,0,0,0,0,5,0,0,0,0,6,0,0,0,5,5,0,0,0,0,0,0,0,0,0,0,0,0,0,0,0,0,0,0,0,0,2,0,0,0,0,2,0,0,0,2,2
Sayreville Police,1992-03-01,New Jersey,35252,NJ01219,breakdown offenses,adjustment,adjustment,adjustment,adjustment,adjustment,breakdown offenses,breakdown offenses,breakdown offenses,0,0,1,0,0,1,1,0,0,0,0,0,0,29,0,0,1,1,27,17,13,1,3,69,17,16,0,1,133,0,2,3,103,106,0,0,1,1,0,0,0,0,0,0,12,0,0,1,1,10,4,4,0,0,5,2,2,0,0,24,0,2,3,11,14,0,0,0,0,0,0,0,0,0,0,0,0,0,0,0,0,2,2,0,0,2,0,0,0,0,4,0,0,0,4,4,0,0,0,0,0,0,0,0,0,0,0,0,0,0,0,0,1,1,0,0,1,0,0,0,0,2,0,0,0,2,2
Sayreville Police,1992-04-01,New Jersey,35252,NJ01219,breakdown offenses,adjustment,adjustment,adjustment,adjustment,adjustment,breakdown offenses,breakdown offenses,breakdown offenses,0,0,0,0,0,0,0,0,2,1,0,0,1,21,5,1,0,0,15,14,11,0,3,59,14,13,0,1,110,0,6,8,87,95,0,0,0,0,0,0,0,0,0,0,10,0,2,0,0,8,2,2,0,0,2,2,2,0,0,16,0,2,2,6,8,0,0,0,0,0,0,0,0,0,0,2,0,1,0,0,1,0,0,0,0,0,0,0,0,0,2,0,1,1,0,1,0,0,0,0,0,0,0,0,0,0,0,0,0,0,0,0,0,0,0,0,1,2,2,0,0,3,0,0,0,3,3
Sayreville Police,1992-05-01,New Jersey,35252,NJ01219,breakdown offenses,normal return,normal return,normal return,normal return,normal return,breakdown offenses,breakdown offenses,breakdown offenses,0,0,0,0,0,1,1,0,2,0,0,0,2,29,1,1,5,3,19,20,14,1,5,63,13,12,0,1,128,0,10,13,96,109,0,0,1,1,0,1,1,0,0,0,18,1,1,4,4,8,4,4,0,0,6,0,0,0,0,30,0,10,12,10,22,0,0,0,0,0,0,0,0,0,0,5,0,0,0,1,4,0,0,0,0,2,0,0,0,0,7,0,1,1,2,3,0,0,0,0,0,0,0,0,0,0,1,0,0,0,0,1,1,0,0,1,1,3,3,0,0,6,0,0,0,5,5
Sayreville Police,1992-06-01,New Jersey,35252,NJ01219,breakdown offenses,normal return,normal return,normal return,normal return,normal return,breakdown offenses,breakdown offenses,breakdown offenses,0,0,2,0,0,2,2,0,0,0,0,0,0,35,1,0,0,3,31,11,9,1,1,66,5,5,0,0,119,0,4,6,82,88,0,0,1,1,0,0,0,0,0,0,11,0,0,0,2,9,1,1,0,0,7,1,1,0,0,21,0,2,3,9,12,0,0,0,0,0,0,0,0,0,0,0,0,0,0,0,0,0,0,0,0,3,0,0,0,0,3,0,0,0,3,3,0,0,0,0,0,0,0,0,0,0,1,0,0,0,0,1,0,0,0,0,3,0,0,0,0,4,0,0,0,3,3
Sayreville Police,1992-07-01,New Jersey,35252,NJ01219,breakdown offenses,normal return,normal return,normal return,normal return,normal return,breakdown offenses,breakdown offenses,breakdown offenses,0,0,1,0,0,2,1,1,0,0,0,0,0,20,1,0,0,1,18,25,21,0,4,53,10,10,0,0,110,0,2,4,88,92,0,0,1,1,0,0,0,0,0,0,12,0,0,0,1,11,6,6,0,0,6,1,1,0,0,26,0,1,2,13,15,0,0,0,0,0,0,0,0,0,0,3,0,0,0,0,3,3,3,0,0,1,0,0,0,0,7,0,0,0,4,4,0,0,0,0,0,0,0,0,0,0,0,0,0,0,0,0,0,0,0,0,3,1,1,0,0,4,0,0,0,4,4
Sayreville Police,1992-08-01,New Jersey,35252,NJ01219,breakdown offenses,normal return,normal return,normal return,normal return,normal return,breakdown offenses,breakdown offenses,breakdown offenses,0,0,2,0,0,4,3,1,0,0,0,0,0,36,0,0,1,2,33,23,21,0,2,78,9,9,0,0,150,0,3,7,110,117,0,0,2,1,1,0,0,0,0,0,10,0,0,0,2,8,5,5,0,0,6,1,1,0,0,24,0,2,4,12,16,0,0,0,0,0,0,0,0,0,0,0,0,0,0,0,0,3,3,0,0,0,0,0,0,0,3,0,0,0,3,3,0,0,0,0,0,0,0,0,0,0,0,0,0,0,0,0,2,2,0,0,2,0,0,0,0,4,0,0,0,4,4
Sayreville Police,1992-09-01,New Jersey,35252,NJ01219,breakdown offenses,normal return,normal return,normal return,normal return,normal return,breakdown offenses,breakdown offenses,breakdown offenses,0,0,0,0,0,0,0,0,1,0,1,0,0,35,2,3,4,1,25,25,22,0,3,36,8,7,0,1,105,0,10,11,69,80,0,0,0,0,0,1,0,1,0,0,10,1,2,0,0,7,5,5,0,0,2,0,0,0,0,18,0,3,4,7,11,0,0,0,0,0,0,0,0,0,0,0,0,0,0,0,0,1,1,0,0,1,0,0,0,0,2,0,0,0,2,2,0,0,0,0,0,0,0,0,0,0,0,0,0,0,0,0,1,0,0,1,2,1,1,0,0,4,0,0,0,4,4
Sayreville Police,1992-10-01,New Jersey,35252,NJ01219,breakdown offenses,normal return,normal return,normal return,normal return,normal return,breakdown offenses,breakdown offenses,breakdown offenses,0,0,2,0,0,1,1,0,1,0,0,0,1,39,4,1,1,2,31,13,12,0,1,51,18,15,0,3,123,0,8,10,82,92,0,0,0,0,0,0,0,0,0,0,10,2,0,1,2,5,1,1,0,0,6,0,0,0,0,17,0,5,5,7,12,0,0,0,0,0,0,0,0,0,0,2,0,0,0,1,1,1,1,0,0,0,0,0,0,0,3,0,1,1,1,2,0,0,0,0,0,1,0,0,0,1,0,0,0,0,0,0,2,1,0,1,1,0,0,0,0,4,0,0,1,3,4
Sayreville Police,1992-11-01,New Jersey,35252,NJ01219,breakdown offenses,normal return,normal return,normal return,normal return,normal return,breakdown offenses,breakdown offenses,breakdown offenses,0,0,0,0,0,0,0,0,4,1,0,0,3,28,0,2,2,2,22,17,9,2,6,28,15,14,1,0,92,0,6,10,60,70,0,0,0,0,0,2,1,0,0,1,12,0,2,0,0,10,0,0,0,0,7,1,1,0,0,22,0,2,4,8,12,0,0,0,0,0,1,0,0,0,1,3,0,0,0,0,3,0,0,0,0,1,0,0,0,0,5,0,0,1,1,2,0,0,0,0,0,0,0,0,0,0,0,0,0,0,0,0,0,0,0,0,1,1,1,0,0,2,0,0,0,2,2
Sayreville Police,1992-12-01,New Jersey,35252,NJ01219,breakdown offenses,normal return,normal return,normal return,normal return,normal return,breakdown offenses,breakdown offenses,breakdown offenses,0,0,2,0,0,1,1,0,0,0,0,0,0,28,1,1,1,4,21,8,8,0,0,59,7,7,0,0,103,0,7,8,74,82,0,0,1,1,0,0,0,0,0,0,4,0,0,0,3,1,3,3,0,0,5,0,0,0,0,13,0,3,4,8,12,0,0,0,0,0,0,0,0,0,0,0,0,0,0,0,0,0,0,0,0,3,0,0,0,0,3,0,0,0,3,3,0,0,0,0,0,0,0,0,0,0,0,0,0,0,0,0,2,1,0,1,5,0,0,0,0,7,0,0,0,7,7
Sayreville Police,1993-01-01,New Jersey,35781,NJ01219,breakdown offenses,normal return,normal return,normal return,normal return,normal return,breakdown offenses,breakdown offenses,breakdown offenses,0,0,1,0,0,1,1,0,3,0,0,0,3,32,0,1,0,4,27,10,7,0,3,54,11,10,0,1,111,0,5,9,75,84,0,0,1,1,0,0,0,0,0,0,18,0,1,0,3,14,1,1,0,0,14,0,0,0,0,34,0,4,5,15,20,0,0,0,0,0,0,0,0,0,0,3,0,0,0,1,2,0,0,0,0,3,0,0,0,0,6,0,1,1,3,4,0,0,0,0,0,0,0,0,0,0,0,0,0,0,0,0,2,1,0,1,5,0,0,0,0,7,0,0,0,7,7
Sayreville Police,1993-02-01,New Jersey,35781,NJ01219,breakdown offenses,normal return,normal return,normal return,normal return,normal return,breakdown offenses,breakdown offenses,breakdown offenses,0,0,1,0,0,0,0,0,0,0,0,0,0,28,1,0,5,0,22,10,8,1,1,25,3,3,0,0,66,0,6,6,38,44,0,0,0,0,0,0,0,0,0,0,17,1,0,4,0,12,4,4,0,0,2,0,0,0,0,23,0,5,5,6,11,0,0,0,0,0,0,0,0,0,0,3,0,0,1,0,2,3,3,0,0,1,0,0,0,0,7,0,1,1,4,5,0,0,0,0,0,0,0,0,0,0,0,0,0,0,0,0,1,1,0,0,2,1,1,0,0,4,0,0,0,4,4
Sayreville Police,1993-03-01,New Jersey,35781,NJ01219,breakdown offenses,normal return,normal return,normal return,normal return,normal return,breakdown offenses,breakdown offenses,breakdown offenses,0,0,2,0,0,0,0,0,1,1,0,0,0,24,1,0,0,3,20,12,9,0,3,49,4,3,1,0,90,0,4,5,65,70,0,0,0,0,0,0,0,0,0,0,22,1,0,0,3,18,0,0,0,0,6,0,0,0,0,28,0,4,4,6,10,0,0,0,0,0,0,0,0,0,0,3,0,0,0,0,3,0,0,0,0,2,0,0,0,0,5,0,0,0,2,2,0,0,0,0,0,0,0,0,0,0,0,0,0,0,0,0,0,0,0,0,5,0,0,0,0,5,0,0,0,5,5
Sayreville Police,1993-04-01,New Jersey,35781,NJ01219,breakdown offenses,normal return,normal return,normal return,normal return,normal return,breakdown offenses,breakdown offenses,breakdown offenses,0,0,0,0,0,0,0,0,2,0,0,0,2,38,0,2,2,2,32,24,18,0,6,60,10,9,0,1,134,0,6,8,94,102,0,0,0,0,0,0,0,0,0,0,13,0,0,1,0,12,2,2,0,0,7,0,0,0,0,22,0,1,1,9,10,0,0,0,0,0,0,0,0,0,0,2,0,0,0,0,2,2,2,0,0,1,0,0,0,0,5,0,0,0,3,3,0,0,0,0,0,0,0,0,0,0,2,0,0,0,0,2,3,1,0,2,5,0,0,0,0,10,0,0,0,8,8
Sayreville Police,1993-05-01,New Jersey,35781,NJ01219,breakdown offenses,normal return,normal return,normal return,normal return,normal return,breakdown offenses,breakdown offenses,breakdown offenses,0,0,1,0,0,1,1,0,0,0,0,0,0,34,0,1,1,2,30,16,10,1,5,77,9,9,0,0,137,0,4,5,102,107,0,0,1,1,0,0,0,0,0,0,21,0,1,1,3,16,3,3,0,0,13,0,0,0,0,38,0,5,6,16,22,0,0,0,0,0,0,0,0,0,0,4,0,0,0,1,3,1,1,0,0,1,0,0,0,0,6,0,1,1,2,3,0,0,0,0,0,0,0,0,0,0,0,0,0,0,0,0,6,2,0,4,1,0,0,0,0,7,0,0,0,7,7
Sayreville Police,1993-06-01,New Jersey,35781,NJ01219,breakdown offenses,adjustment,adjustment,adjustment,adjustment,adjustment,breakdown offenses,breakdown offenses,breakdown offenses,0,0,0,0,0,0,0,0,2,1,0,0,1,44,0,5,4,1,34,23,18,2,3,80,9,9,0,0,158,0,10,12,112,124,0,0,0,0,0,0,0,0,0,0,23,0,2,1,1,19,6,6,0,0,11,1,1,0,0,41,0,4,4,18,22,0,0,0,0,0,0,0,0,0,0,3,0,0,0,1,2,3,3,0,0,4,1,1,0,0,11,0,1,1,8,9,0,0,0,0,0,0,0,0,0,0,0,0,0,0,0,0,3,1,0,2,3,0,0,0,0,6,0,0,0,6,6
Sayreville Police,1993-07-01,New Jersey,35781,NJ01219,breakdown offenses,normal return,normal return,normal return,normal return,normal return,breakdown offenses,breakdown offenses,breakdown offenses,0,0,0,0,0,1,1,0,2,1,0,0,1,51,1,6,0,4,40,16,14,0,2,85,13,13,0,0,168,0,11,14,114,128,0,0,1,1,0,0,0,0,0,0,16,0,3,0,3,10,2,2,0,0,12,3,3,0,0,34,0,6,7,17,24,0,0,0,0,0,0,0,0,0,0,2,0,0,0,0,2,2,2,0,0,3,2,2,0,0,9,0,0,0,7,7,0,0,0,0,0,0,0,0,0,0,0,0,0,0,0,0,1,0,0,1,5,0,0,0,0,6,0,0,0,6,6
Sayreville Police,1993-08-01,New Jersey,35781,NJ01219,breakdown offenses,normal return,normal return,normal return,normal return,normal return,breakdown offenses,breakdown offenses,breakdown offenses,0,0,0,0,0,1,1,0,3,1,0,1,1,30,1,1,2,1,25,28,21,0,7,59,11,10,1,0,132,0,5,9,98,107,0,0,1,1,0,1,0,0,0,1,16,0,0,0,1,15,3,3,0,0,8,0,0,0,0,29,0,1,3,11,14,0,0,0,0,0,1,0,0,0,1,3,0,0,0,0,3,2,2,0,0,1,0,0,0,0,7,0,0,1,3,4,0,0,0,0,0,0,0,0,0,0,0,0,0,0,0,0,1,1,0,0,3,2,2,0,0,6,0,0,0,6,6
Sayreville Police,1993-09-01,New Jersey,35781,NJ01219,breakdown offenses,normal return,normal return,normal return,normal return,normal return,breakdown offenses,breakdown offenses,breakdown offenses,0,0,2,0,0,0,0,0,1,1,0,0,0,51,1,2,7,1,40,21,17,0,4,64,9,7,1,1,146,0,11,12,94,106,0,0,0,0,0,0,0,0,0,0,20,0,1,1,1,17,1,1,0,0,8,0,0,0,0,29,0,3,3,9,12,0,0,0,0,0,0,0,0,0,0,3,0,0,0,1,2,0,0,0,0,0,0,0,0,0,3,0,1,1,0,1,0,0,0,0,0,0,0,0,0,0,0,0,0,0,0,0,1,1,0,0,0,0,0,0,0,1,0,0,0,1,1
Sayreville Police,1993-10-01,New Jersey,35781,NJ01219,breakdown offenses,normal return,normal return,normal return,normal return,normal return,breakdown offenses,breakdown offenses,breakdown offenses,0,0,2,0,0,1,1,0,3,1,2,0,0,40,0,0,2,4,34,23,21,0,2,69,4,2,1,1,140,0,6,10,96,106,0,0,0,0,0,1,0,1,0,0,18,0,0,0,4,14,1,1,0,0,5,0,0,0,0,25,0,4,5,6,11,0,0,0,0,0,0,0,0,0,0,3,0,0,0,1,2,0,0,0,0,0,0,0,0,0,3,0,1,1,0,1,0,0,0,0,0,0,0,0,0,0,1,0,0,0,0,1,2,0,0,2,2,2,2,0,0,7,0,0,0,6,6
Sayreville Police,1993-11-01,New Jersey,35781,NJ01219,breakdown offenses,adjustment,adjustment,adjustment,adjustment,adjustment,breakdown offenses,breakdown offenses,breakdown offenses,0,0,0,0,0,0,0,0,4,1,1,1,1,38,0,0,0,6,32,10,10,0,0,46,13,13,0,0,111,0,6,10,69,79,0,0,0,0,0,1,0,0,0,1,16,0,0,0,3,13,0,0,0,0,7,1,1,0,0,25,0,3,4,8,12,0,0,0,0,0,0,0,0,0,0,2,0,0,0,0,2,0,0,0,0,1,0,0,0,0,3,0,0,0,1,1,0,0,0,0,0,0,0,0,0,0,1,0,0,0,0,1,2,1,0,1,2,1,1,0,0,6,0,0,0,5,5
Sayreville Police,1993-12-01,New Jersey,35781,NJ01219,breakdown offenses,normal return,normal return,normal return,normal return,normal return,breakdown offenses,breakdown offenses,breakdown offenses,0,0,0,0,0,0,0,0,3,1,0,0,2,32,0,0,0,1,31,15,11,0,4,45,12,12,0,0,107,0,1,4,72,76,0,0,0,0,0,5,4,1,0,0,14,0,0,0,1,13,0,0,0,0,6,1,1,0,0,26,0,1,6,7,13,0,0,0,0,0,0,0,0,0,0,2,0,0,0,0,2,0,0,0,0,1,0,0,0,0,3,0,0,0,1,1,0,0,0,0,0,0,0,0,0,0,0,0,0,0,0,0,2,0,1,1,2,1,1,0,0,5,0,0,0,5,5
Sayreville Police,1994-01-01,New Jersey,35894,NJ01219,breakdown offenses,normal return,normal return,normal return,normal return,normal return,breakdown offenses,breakdown offenses,breakdown offenses,0,0,0,0,0,0,0,0,3,2,0,0,1,38,0,2,6,1,29,15,12,0,3,26,21,20,1,0,103,0,9,12,62,74,0,0,0,0,0,1,0,0,0,1,18,0,2,4,1,11,3,3,0,0,5,1,1,0,0,28,0,7,8,9,17,0,0,0,0,0,0,0,0,0,0,1,0,0,0,1,0,0,0,0,0,1,0,0,0,0,2,0,1,1,1,2,0,0,0,0,0,1,0,0,0,1,0,0,0,0,0,0,0,0,0,0,3,2,2,0,0,6,0,0,1,5,6
Sayreville Police,1994-02-01,New Jersey,35894,NJ01219,breakdown offenses,normal return,normal return,normal return,normal return,normal return,breakdown offenses,breakdown offenses,breakdown offenses,0,0,0,0,0,0,0,0,1,1,0,0,0,32,1,1,1,1,28,13,12,0,1,46,6,6,0,0,98,0,4,5,65,70,0,0,0,0,0,0,0,0,0,0,20,0,1,1,2,16,3,3,0,0,7,1,1,0,0,31,0,4,4,11,15,0,0,0,0,0,0,0,0,0,0,6,0,0,0,0,6,0,0,0,0,0,0,0,0,0,6,0,0,0,0,0,0,0,0,0,0,0,0,0,0,0,0,0,0,0,0,0,1,1,0,0,1,2,2,0,0,4,0,0,0,4,4
Sayreville Police,1994-03-01,New Jersey,35894,NJ01219,breakdown offenses,normal return,normal return,normal return,normal return,normal return,breakdown offenses,breakdown offenses,breakdown offenses,0,0,0,0,0,2,2,0,2,1,1,0,0,34,3,2,1,3,25,11,8,0,3,34,11,11,0,0,94,0,9,13,56,69,0,0,0,0,0,2,1,1,0,0,15,2,3,0,1,9,2,2,0,0,16,1,1,0,0,36,0,6,8,19,27,0,0,0,0,0,0,0,0,0,0,2,0,0,0,0,2,0,0,0,0,3,0,0,0,0,5,0,0,0,3,3,0,0,0,0,0,1,0,0,0,1,1,0,1,0,0,0,2,1,0,1,1,0,0,0,0,5,0,1,2,3,5
Sayreville Police,1994-04-01,New Jersey,35894,NJ01219,breakdown offenses,normal return,normal return,normal return,normal return,normal return,breakdown offenses,breakdown offenses,breakdown offenses,0,0,0,0,0,1,1,0,5,0,0,0,5,31,0,2,2,1,26,10,8,0,2,63,11,10,0,1,121,0,5,11,84,95,0,0,1,1,0,3,0,0,1,2,23,0,3,2,0,18,0,0,0,0,3,0,0,0,0,30,0,5,9,3,12,0,0,0,0,0,0,0,0,0,0,3,0,1,0,0,2,0,0,0,0,0,0,0,0,0,3,0,1,1,0,1,0,0,0,0,0,0,0,0,0,0,0,0,0,0,0,0,1,1,0,0,0,0,0,0,0,1,0,0,0,1,1
Sayreville Police,1994-05-01,New Jersey,35894,NJ01219,breakdown offenses,normal return,normal return,normal return,normal return,normal return,breakdown offenses,breakdown offenses,breakdown offenses,0,0,0,0,0,0,0,0,2,1,0,0,1,37,1,2,3,1,30,18,13,1,4,52,4,4,0,0,113,0,7,9,74,83,0,0,0,0,0,0,0,0,0,0,23,1,0,2,2,18,1,1,0,0,7,0,0,0,0,31,0,5,5,8,13,0,0,0,0,0,0,0,0,0,0,2,0,0,0,1,1,0,0,0,0,2,0,0,0,0,4,0,1,1,2,3,0,0,0,0,0,0,0,0,0,0,0,0,0,0,0,0,0,0,0,0,2,1,1,0,0,3,0,0,0,3,3
Sayreville Police,1994-06-01,New Jersey,35894,NJ01219,breakdown offenses,normal return,normal return,normal return,normal return,normal return,breakdown offenses,breakdown offenses,breakdown offenses,0,0,0,0,0,0,0,0,3,1,2,0,0,31,0,0,2,1,28,25,25,0,0,40,9,9,0,0,108,0,3,6,74,80,0,0,0,0,0,2,1,1,0,0,12,0,0,1,0,11,4,4,0,0,4,2,2,0,0,24,0,1,3,10,13,0,0,0,0,0,1,0,1,0,0,1,0,0,0,0,1,0,0,0,0,1,1,1,0,0,4,0,0,1,2,3,0,0,0,0,0,0,0,0,0,0,0,0,0,0,0,0,1,1,0,0,0,1,1,0,0,2,0,0,0,2,2
Sayreville Police,1994-07-01,New Jersey,35894,NJ01219,breakdown offenses,normal return,normal return,normal return,normal return,normal return,breakdown offenses,breakdown offenses,breakdown offenses,0,0,3,0,0,1,1,0,1,0,0,0,1,30,0,2,0,1,27,22,18,1,3,55,10,10,0,0,119,0,3,5,87,92,0,0,0,0,0,0,0,0,0,0,14,0,1,0,1,12,5,5,0,0,5,0,0,0,0,24,0,2,2,10,12,0,0,0,0,0,0,0,0,0,0,0,0,0,0,0,0,0,0,0,0,2,0,0,0,0,2,0,0,0,2,2,0,0,0,0,0,0,0,0,0,0,0,0,0,0,0,0,2,1,0,1,0,0,0,0,0,2,0,0,0,2,2
Sayreville Police,1994-08-01,New Jersey,35894,NJ01219,breakdown offenses,normal return,normal return,normal return,normal return,normal return,breakdown offenses,breakdown offenses,breakdown offenses,0,0,0,0,0,0,0,0,2,1,0,0,1,34,0,0,1,2,31,16,15,0,1,56,8,8,0,0,116,0,3,5,80,85,0,0,0,0,0,0,0,0,0,0,11,0,0,0,1,10,6,6,0,0,4,0,0,0,0,21,0,1,1,10,11,0,0,0,0,0,0,0,0,0,0,2,0,0,0,0,2,2,2,0,0,1,0,0,0,0,5,0,0,0,3,3,0,0,0,0,0,0,0,0,0,0,0,0,0,0,0,0,0,0,0,0,1,1,1,0,0,2,0,0,0,2,2
Sayreville Police,1994-09-01,New Jersey,35894,NJ01219,breakdown offenses,normal return,normal return,normal return,normal return,normal return,breakdown offenses,breakdown offenses,breakdown offenses,0,0,3,1,0,1,1,0,3,3,0,0,0,43,3,2,1,6,31,29,24,1,4,47,7,7,0,0,131,0,12,17,83,100,1,0,0,0,0,0,0,0,0,0,25,1,2,0,6,16,3,2,0,1,5,1,1,0,0,35,0,9,10,9,19,0,0,0,0,0,0,0,0,0,0,4,1,1,0,0,2,1,1,0,0,1,0,0,0,0,6,0,2,2,2,4,0,0,0,0,0,0,0,0,0,0,0,0,0,0,0,0,0,0,0,0,2,0,0,0,0,2,0,0,0,2,2
Sayreville Police,1994-10-01,New Jersey,35894,NJ01219,breakdown offenses,normal return,normal return,normal return,normal return,normal return,breakdown offenses,breakdown offenses,breakdown offenses,0,0,0,0,0,1,1,0,0,0,0,0,0,37,0,1,0,3,33,11,10,0,1,68,14,13,1,0,131,0,4,5,93,98,0,0,0,0,0,1,0,0,1,0,12,0,0,0,1,11,3,3,0,0,2,1,1,0,0,19,0,1,2,6,8,0,0,0,0,0,0,0,0,0,0,3,0,0,0,0,3,2,2,0,0,1,1,1,0,0,7,0,0,0,4,4,0,0,0,0,0,0,0,0,0,0,0,0,0,0,0,0,0,0,0,0,2,1,1,0,0,3,0,0,0,3,3
Sayreville Police,1994-11-01,New Jersey,35894,NJ01219,breakdown offenses,normal return,normal return,normal return,normal return,normal return,breakdown offenses,breakdown offenses,breakdown offenses,0,0,0,0,0,0,0,0,1,0,0,1,0,32,0,4,1,3,24,7,4,1,2,33,5,4,1,0,78,0,8,9,45,54,0,0,0,0,0,1,1,0,0,0,20,0,1,0,4,15,0,0,0,0,1,2,2,0,0,24,0,5,6,3,9,0,0,0,0,0,0,0,0,0,0,2,0,0,0,0,2,0,0,0,0,0,1,1,0,0,3,0,0,0,1,1,0,0,0,0,0,0,0,0,0,0,0,0,0,0,0,0,0,0,0,0,4,0,0,0,0,4,0,0,0,4,4
Sayreville Police,1994-12-01,New Jersey,35894,NJ01219,breakdown offenses,normal return,normal return,normal return,normal return,normal return,breakdown offenses,breakdown offenses,breakdown offenses,0,0,1,0,0,0,0,0,6,1,0,0,5,28,1,1,3,1,22,20,14,1,5,42,16,15,0,1,112,0,6,12,78,90,0,0,0,0,0,2,2,0,0,0,16,1,0,2,3,10,2,2,0,0,4,0,0,0,0,24,0,6,8,6,14,0,0,0,0,0,1,1,0,0,0,8,1,0,1,0,6,0,0,0,0,2,0,0,0,0,11,0,2,3,2,5,0,0,0,0,0,0,0,0,0,0,0,0,0,0,0,0,0,0,0,0,2,0,0,0,0,2,0,0,0,2,2
Sayreville Police,1995-01-01,New Jersey,36593,NJ01219,breakdown offenses,normal return,normal return,normal return,normal return,normal return,breakdown offenses,breakdown offenses,breakdown offenses,0,0,0,0,0,1,1,0,0,0,0,0,0,27,0,1,0,1,25,11,9,0,2,56,7,7,0,0,102,0,2,3,74,77,0,0,1,1,0,0,0,0,0,0,24,0,1,0,2,21,1,1,0,0,6,1,1,0,0,33,0,3,4,8,12,0,0,0,0,0,0,0,0,0,0,6,0,0,0,0,6,1,1,0,0,0,0,0,0,0,7,0,0,0,1,1,0,0,0,0,0,0,0,0,0,0,1,0,0,0,0,1,1,1,0,0,3,0,0,0,0,5,0,0,0,4,4
Sayreville Police,1995-02-01,New Jersey,36593,NJ01219,breakdown offenses,normal return,normal return,normal return,normal return,normal return,breakdown offenses,breakdown offenses,breakdown offenses,0,0,0,0,0,0,0,0,3,2,0,0,1,27,0,0,0,0,27,14,11,1,2,37,4,4,0,0,85,0,0,3,55,58,0,0,0,0,0,1,0,0,0,1,15,0,0,0,1,14,3,3,0,0,4,0,0,0,0,23,0,1,2,7,9,0,0,0,0,0,0,0,0,0,0,3,0,0,0,0,3,2,2,0,0,0,0,0,0,0,5,0,0,0,2,2,0,0,0,0,0,0,0,0,0,0,0,0,0,0,0,0,1,1,0,0,1,0,0,0,0,2,0,0,0,2,2
Sayreville Police,1995-03-01,New Jersey,36593,NJ01219,breakdown offenses,normal return,normal return,normal return,normal return,normal return,breakdown offenses,breakdown offenses,breakdown offenses,0,0,0,0,0,1,1,0,2,0,0,0,2,37,0,2,2,2,31,22,18,1,3,34,6,6,0,0,102,0,6,9,62,71,0,0,1,1,0,2,0,0,0,2,25,0,1,0,0,24,2,2,0,0,8,4,4,0,0,42,0,1,4,14,18,0,0,0,0,0,0,0,0,0,0,7,0,0,0,0,7,0,0,0,0,2,0,0,0,0,9,0,0,0,2,2,0,0,0,0,0,0,0,0,0,0,0,0,0,0,0,0,1,1,0,0,0,1,1,0,0,2,0,0,0,2,2
Sayreville Police,1995-04-01,New Jersey,36593,NJ01219,breakdown offenses,normal return,normal return,normal return,normal return,normal return,breakdown offenses,breakdown offenses,breakdown offenses,0,0,0,0,0,1,0,1,1,0,1,0,0,59,0,0,3,6,50,11,10,1,0,50,7,6,0,1,129,0,9,11,68,79,0,0,1,0,1,0,0,0,0,0,23,0,0,2,1,20,2,1,1,0,5,0,0,0,0,31,0,3,4,7,11,0,0,0,0,0,0,0,0,0,0,3,0,0,0,0,3,1,0,1,0,1,0,0,0,0,5,0,0,0,2,2,0,0,0,0,0,0,0,0,0,0,0,0,0,0,0,0,0,0,0,0,3,0,0,0,0,3,0,0,0,3,3
Sayreville Police,1995-05-01,New Jersey,36593,NJ01219,breakdown offenses,normal return,normal return,normal return,normal return,normal return,breakdown offenses,breakdown offenses,breakdown offenses,0,0,3,0,0,1,1,0,0,0,0,0,0,34,0,1,1,3,29,21,14,7,0,53,2,1,0,1,111,0,5,6,76,82,0,0,0,0,0,0,0,0,0,0,17,0,0,1,3,13,1,1,0,0,8,0,0,0,0,26,0,4,4,9,13,0,0,0,0,0,0,0,0,0,0,4,0,0,0,0,4,1,1,0,0,2,0,0,0,0,7,0,0,0,3,3,0,0,0,0,0,0,0,0,0,0,1,0,0,0,0,1,1,1,0,0,1,1,1,0,0,4,0,0,0,3,3
Sayreville Police,1995-06-01,New Jersey,36593,NJ01219,breakdown offenses,normal return,normal return,normal return,normal return,normal return,breakdown offenses,breakdown offenses,breakdown offenses,0,0,0,0,0,0,0,0,0,0,0,0,0,27,1,1,0,2,23,20,15,5,0,56,3,3,0,0,106,0,4,4,79,83,0,0,0,0,0,0,0,0,0,0,14,0,1,0,2,11,2,2,0,0,8,0,0,0,0,24,0,3,3,10,13,0,0,0,0,0,0,0,0,0,0,2,0,0,0,0,2,0,0,0,0,1,0,0,0,0,3,0,0,0,1,1,0,0,0,0,0,0,0,0,0,0,2,0,0,0,0,2,1,0,1,0,3,0,0,0,0,6,0,0,0,4,4
Sayreville Police,1995-07-01,New Jersey,36593,NJ01219,breakdown offenses,adjustment,adjustment,adjustment,adjustment,adjustment,breakdown offenses,breakdown offenses,breakdown offenses,0,0,0,0,0,0,0,0,1,0,0,0,1,33,0,0,0,0,33,21,9,12,0,41,11,7,2,2,107,0,0,1,73,74,0,0,0,0,0,0,0,0,0,0,4,0,0,0,0,4,4,2,2,0,7,0,0,0,0,15,0,0,0,11,11,0,0,0,0,0,0,0,0,0,0,1,0,0,0,0,1,0,0,0,0,1,0,0,0,0,2,0,0,0,1,1,0,0,0,0,0,0,0,0,0,0,0,0,0,0,0,0,0,0,0,0,3,0,0,0,0,3,0,0,0,3,3
Sayreville Police,1995-08-01,New Jersey,36593,NJ01219,breakdown offenses,normal return,normal return,normal return,normal return,normal return,breakdown offenses,breakdown offenses,breakdown offenses,0,0,0,0,0,3,1,2,3,2,1,0,0,34,0,0,5,1,28,18,8,8,2,59,6,5,1,0,123,0,6,12,83,95,0,0,1,0,1,2,0,2,0,0,19,0,0,4,1,14,6,0,6,0,6,0,0,0,0,34,0,5,8,12,20,0,0,0,0,0,2,0,2,0,0,0,0,0,0,0,0,0,0,0,0,1,0,0,0,0,3,0,0,2,1,3,0,0,0,0,0,0,0,0,0,0,0,0,0,0,0,0,1,0,1,0,2,1,1,0,0,4,0,0,0,4,4
Sayreville Police,1995-09-01,New Jersey,36593,NJ01219,breakdown offenses,normal return,normal return,normal return,normal return,normal return,breakdown offenses,breakdown offenses,breakdown offenses,0,0,0,0,0,0,0,0,5,2,0,1,2,29,0,1,0,0,28,9,3,2,4,55,6,4,2,0,104,0,1,6,70,76,0,0,0,0,0,1,0,0,0,1,14,0,1,0,0,13,5,5,0,0,2,0,0,0,0,22,0,1,2,7,9,0,0,0,0,0,0,0,0,0,0,7,0,0,0,0,7,0,0,0,0,1,0,0,0,0,8,0,0,0,1,1,0,0,0,0,0,0,0,0,0,0,1,0,0,0,0,1,0,0,0,0,3,0,0,0,0,4,0,0,0,3,3
Sayreville Police,1995-10-01,New Jersey,36593,NJ01219,breakdown offenses,normal return,normal return,normal return,normal return,normal return,breakdown offenses,breakdown offenses,breakdown offenses,0,0,2,0,0,1,0,1,2,0,0,0,2,40,0,1,2,4,33,6,3,2,1,54,9,5,2,2,112,0,7,10,69,79,0,0,1,0,1,1,0,0,0,1,13,0,0,0,2,11,0,0,0,0,10,2,2,0,0,27,0,2,4,12,16,0,0,0,0,0,1,0,0,0,1,4,0,0,0,2,2,0,0,0,0,0,0,0,0,0,5,0,2,3,0,3,0,0,0,0,0,0,0,0,0,0,0,0,0,0,0,0,0,0,0,0,0,0,0,0,0,0,0,0,0,0,0
Sayreville Police,1995-11-01,New Jersey,36593,NJ01219,breakdown offenses,normal return,normal return,normal return,normal return,normal return,breakdown offenses,breakdown offenses,breakdown offenses,0,0,0,1,0,0,0,0,1,0,0,0,1,28,0,1,1,5,21,11,6,2,3,42,6,3,1,2,89,0,7,9,59,68,1,0,0,0,0,0,0,0,0,0,10,0,0,0,4,6,1,1,0,0,7,0,0,0,0,19,0,4,5,8,13,0,0,0,0,0,0,0,0,0,0,0,0,0,0,0,0,0,0,0,0,0,0,0,0,0,0,0,0,0,0,0,0,0,0,0,0,0,0,0,0,0,0,0,0,0,0,0,1,0,0,1,4,0,0,0,0,5,0,0,0,5,5
Sayreville Police,1995-12-01,New Jersey,36593,NJ01219,breakdown offenses,normal return,normal return,normal return,normal return,normal return,breakdown offenses,breakdown offenses,breakdown offenses,0,0,0,0,0,0,0,0,0,0,0,0,0,18,0,0,1,0,17,3,2,0,1,41,4,3,1,0,66,0,1,1,48,49,0,0,0,0,0,0,0,0,0,0,12,0,0,1,0,11,1,0,0,1,12,0,0,0,0,25,0,1,1,13,14,0,0,0,0,0,0,0,0,0,0,3,0,0,1,0,2,0,0,0,0,2,0,0,0,0,5,0,1,1,2,3,0,0,0,0,0,0,0,0,0,0,0,0,0,0,0,0,0,0,0,0,0,0,0,0,0,0,0,0,0,0,0
Sayreville Police,1996-01-01,New Jersey,36790,NJ01219,breakdown offenses,normal return,normal return,normal return,normal return,normal return,breakdown offenses,breakdown offenses,breakdown offenses,0,0,1,0,0,0,0,0,1,1,0,0,0,30,0,2,9,1,18,18,12,4,2,32,6,3,1,2,87,0,12,13,56,69,0,0,0,0,0,0,0,0,0,0,8,0,0,2,1,5,2,2,0,0,7,1,0,1,0,18,0,3,3,10,13,0,0,0,0,0,0,0,0,0,0,0,0,0,0,0,0,0,0,0,0,2,0,0,0,0,2,0,0,0,2,2,0,0,0,0,0,0,0,0,0,0,0,0,0,0,0,0,0,0,0,0,6,0,0,0,0,6,0,0,0,6,6
Sayreville Police,1996-02-01,New Jersey,36790,NJ01219,breakdown offenses,normal return,normal return,normal return,normal return,normal return,breakdown offenses,breakdown offenses,breakdown offenses,0,0,1,0,0,0,0,0,3,1,1,0,1,34,0,0,3,3,28,36,25,6,5,33,8,6,2,0,114,0,6,9,77,86,0,0,0,0,0,1,1,0,0,0,23,0,0,3,4,16,25,23,1,1,10,1,1,0,0,60,0,7,8,36,44,0,0,0,0,0,0,0,0,0,0,6,0,0,0,3,3,5,4,1,0,1,1,1,0,0,13,0,3,3,7,10,0,0,0,0,0,0,0,0,0,0,0,0,0,0,0,0,0,0,0,0,1,0,0,0,0,1,0,0,0,1,1
Sayreville Police,1996-03-01,New Jersey,36790,NJ01219,breakdown offenses,normal return,normal return,normal return,normal return,normal return,breakdown offenses,breakdown offenses,breakdown offenses,0,0,0,0,0,0,0,0,3,1,0,0,2,24,1,0,3,2,18,10,5,1,4,35,10,5,1,4,82,0,6,9,55,64,0,0,0,0,0,1,1,0,0,0,12,1,0,1,2,8,3,2,0,1,4,1,0,1,0,21,0,4,5,8,13,0,0,0,0,0,0,0,0,0,0,1,0,0,0,0,1,0,0,0,0,1,0,0,0,0,2,0,0,0,1,1,0,0,0,0,0,0,0,0,0,0,0,0,0,0,0,0,0,0,0,0,0,0,0,0,0,0,0,0,0,0,0
Sayreville Police,1996-04-01,New Jersey,36790,NJ01219,breakdown offenses,normal return,normal return,normal return,normal return,normal return,breakdown offenses,breakdown offenses,breakdown offenses,0,0,0,0,0,2,2,0,3,3,0,0,0,37,0,0,2,0,35,13,10,1,2,49,4,3,1,0,108,0,2,7,66,73,0,0,0,0,0,1,1,0,0,0,10,0,0,2,0,8,1,0,0,1,5,1,1,0,0,18,0,2,3,7,10,0,0,0,0,0,0,0,0,0,0,0,0,0,0,0,0,0,0,0,0,1,1,1,0,0,2,0,0,0,2,2,0,0,0,0,0,0,0,0,0,0,0,0,0,0,0,0,0,0,0,0,0,1,1,0,0,1,0,0,0,1,1
Sayreville Police,1996-05-01,New Jersey,36790,NJ01219,breakdown offenses,normal return,normal return,normal return,normal return,normal return,breakdown offenses,breakdown offenses,breakdown offenses,0,0,1,0,0,1,1,0,2,0,0,0,2,42,0,2,2,1,37,11,6,4,1,48,8,7,0,1,112,0,5,8,67,75,0,0,0,0,0,3,3,0,0,0,16,0,1,0,2,13,5,0,5,0,2,0,0,0,0,26,0,3,6,7,13,0,0,0,0,0,0,0,0,0,0,2,0,0,0,1,1,2,0,2,0,1,0,0,0,0,5,0,1,1,3,4,0,0,0,0,0,0,0,0,0,0,0,0,0,0,0,0,1,0,0,1,1,1,1,0,0,3,0,0,0,3,3
Sayreville Police,1996-06-01,New Jersey,36790,NJ01219,breakdown offenses,normal return,normal return,normal return,normal return,normal return,breakdown offenses,breakdown offenses,breakdown offenses,0,0,0,0,0,0,0,0,4,0,1,0,3,32,0,1,1,1,29,3,3,0,0,43,9,7,1,1,91,0,3,7,55,62,0,0,0,0,0,0,0,0,0,0,12,0,0,0,1,11,0,0,0,0,7,0,0,0,0,19,0,1,1,7,8,0,0,0,0,0,0,0,0,0,0,2,0,0,0,1,1,0,0,0,0,2,0,0,0,0,4,0,1,1,2,3,0,0,0,0,0,0,0,0,0,0,0,0,0,0,0,0,0,0,0,0,0,1,1,0,0,1,0,0,0,1,1
Sayreville Police,1996-07-01,New Jersey,36790,NJ01219,breakdown offenses,normal return,normal return,normal return,normal return,normal return,breakdown offenses,breakdown offenses,breakdown offenses,0,0,0,0,0,0,0,0,3,0,0,0,3,46,0,1,3,1,41,20,13,4,3,56,8,6,2,0,133,0,5,8,84,92,0,0,0,0,0,3,0,0,0,3,4,0,1,1,0,2,2,1,0,1,5,1,0,1,0,15,0,2,5,8,13,0,0,0,0,0,2,0,0,0,2,0,0,0,0,0,0,1,0,0,1,1,0,0,0,0,4,0,0,2,2,4,0,0,0,0,0,0,0,0,0,0,0,0,0,0,0,0,1,0,0,1,5,0,0,0,0,6,0,0,0,6,6
Sayreville Police,1996-08-01,New Jersey,36790,NJ01219,breakdown offenses,normal return,normal return,normal return,normal return,normal return,breakdown offenses,breakdown offenses,breakdown offenses,0,0,0,0,0,0,0,0,2,0,1,0,1,37,0,1,2,2,32,20,11,8,1,51,6,3,2,1,116,0,5,7,77,84,0,0,0,0,0,0,0,0,0,0,19,0,1,1,1,16,1,0,1,0,7,0,0,0,0,27,0,3,3,8,11,0,0,0,0,0,0,0,0,0,0,4,0,1,0,0,3,0,0,0,0,3,0,0,0,0,7,0,1,1,3,4,0,0,0,0,0,1,0,0,0,1,0,0,0,0,0,0,0,0,0,0,6,0,0,0,0,7,0,0,1,6,7
Sayreville Police,1996-09-01,New Jersey,36790,NJ01219,breakdown offenses,normal return,normal return,normal return,normal return,normal return,breakdown offenses,breakdown offenses,breakdown offenses,0,0,0,0,0,0,0,0,3,0,1,0,2,33,1,2,3,3,24,23,14,5,4,53,12,8,1,3,124,0,9,12,88,100,0,0,0,0,0,0,0,0,0,0,16,0,1,2,4,9,4,1,2,1,4,0,0,0,0,24,0,7,7,8,15,0,0,0,0,0,0,0,0,0,0,3,0,1,0,2,0,1,0,1,0,0,0,0,0,0,4,0,3,3,1,4,0,0,0,0,0,0,0,0,0,0,1,0,0,0,0,1,0,0,0,0,1,1,0,0,1,3,0,0,0,2,2
Sayreville Police,1996-10-01,New Jersey,36790,NJ01219,breakdown offenses,normal return,normal return,normal return,normal return,normal return,breakdown offenses,breakdown offenses,breakdown offenses,0,0,0,0,0,1,1,0,4,0,1,0,3,33,0,0,3,1,29,13,7,3,3,56,7,6,1,0,114,0,4,9,76,85,0,0,0,0,0,1,0,0,0,1,6,0,0,1,0,5,6,2,4,0,11,2,2,0,0,26,0,1,2,19,21,0,0,0,0,0,0,0,0,0,0,0,0,0,0,0,0,4,0,4,0,2,0,0,0,0,6,0,0,0,6,6,0,0,0,0,0,0,0,0,0,0,1,0,0,0,0,1,2,0,1,1,6,1,1,0,0,10,0,0,0,9,9
Sayreville Police,1996-11-01,New Jersey,36790,NJ01219,breakdown offenses,normal return,normal return,normal return,normal return,normal return,breakdown offenses,breakdown offenses,breakdown offenses,0,0,2,0,0,0,0,0,4,2,0,0,2,25,0,0,1,2,22,13,7,4,2,49,12,7,3,2,103,0,3,7,74,81,0,0,0,0,0,1,0,0,0,1,10,0,0,0,1,9,3,0,2,1,2,2,0,1,1,18,0,1,2,7,9,0,0,0,0,0,0,0,0,0,0,1,0,0,0,1,0,1,0,0,1,0,0,0,0,0,2,0,1,1,1,2,0,0,0,0,0,1,1,0,0,0,0,0,0,0,0,0,0,0,0,0,3,1,0,1,0,5,0,0,1,4,5
Sayreville Police,1996-12-01,New Jersey,36790,NJ01219,breakdown offenses,normal return,normal return,normal return,normal return,normal return,breakdown offenses,breakdown offenses,breakdown offenses,0,0,0,0,0,0,0,0,1,0,0,0,1,24,0,1,1,2,20,17,15,1,1,41,7,5,2,0,90,0,4,5,65,70,0,0,0,0,0,2,0,0,0,2,14,0,1,1,2,10,4,4,0,0,4,1,1,0,0,25,0,4,6,9,15,0,0,0,0,0,1,0,0,0,1,0,0,0,0,0,0,0,0,0,0,0,0,0,0,0,1,0,0,1,0,1,0,0,0,0,0,0,0,0,0,0,0,0,0,0,0,0,0,0,0,0,1,0,0,0,0,1,0,0,0,1,1
Sayreville Police,2018-01-01,New Jersey,45062,NJ01219,breakdown offenses,normal return,normal return,normal return,normal return,normal return,breakdown offenses,breakdown offenses,breakdown offenses,0,0,0,0,0,0,0,0,0,0,0,0,0,18,1,0,0,2,15,1,1,0,0,25,5,5,0,0,49,0,3,3,31,34,0,0,0,0,0,0,0,0,0,0,4,0,0,0,1,3,1,1,0,0,0,0,0,0,0,5,0,1,1,1,2,0,0,0,0,0,0,0,0,0,0,0,0,0,0,0,0,0,0,0,0,0,0,0,0,0,0,0,0,0,0,0,0,0,0,0,0,0,0,0,0,0,0,0,0,0,0,0,0,0,0,0,0,0,0,0,0,0,0,0,0,0,0
Sayreville Police,2018-02-01,New Jersey,45062,NJ01219,breakdown offenses,normal return,normal return,normal return,normal return,normal return,breakdown offenses,breakdown offenses,breakdown offenses,0,0,0,0,0,0,0,0,1,0,1,0,0,20,0,0,1,2,17,5,2,2,1,22,0,0,0,0,48,0,3,4,27,31,0,0,0,0,0,0,0,0,0,0,9,0,0,0,2,7,0,0,0,0,0,0,0,0,0,9,0,2,2,0,2,0,0,0,0,0,0,0,0,0,0,0,0,0,0,0,0,0,0,0,0,0,0,0,0,0,0,0,0,0,0,0,0,0,0,0,0,0,0,0,0,0,0,0,0,0,0,0,0,0,0,0,0,0,0,0,0,0,0,0,0,0,0
Sayreville Police,2018-03-01,New Jersey,45062,NJ01219,breakdown offenses,normal return,normal return,normal return,normal return,normal return,breakdown offenses,breakdown offenses,breakdown offenses,0,0,0,0,0,0,0,0,1,0,1,0,0,19,0,0,1,1,17,2,2,0,0,14,3,3,0,0,39,0,2,3,19,22,0,0,0,0,0,1,0,1,0,0,4,0,0,0,0,4,0,0,0,0,1,0,0,0,0,6,0,0,1,1,2,0,0,0,0,0,0,0,0,0,0,0,0,0,0,0,0,0,0,0,0,0,0,0,0,0,0,0,0,0,0,0,0,0,0,0,0,0,0,0,0,0,0,0,0,0,0,0,0,0,0,0,0,0,0,0,0,0,0,0,0,0,0
Sayreville Police,2018-04-01,New Jersey,45062,NJ01219,breakdown offenses,normal return,normal return,normal return,normal return,normal return,breakdown offenses,breakdown offenses,breakdown offenses,0,0,0,0,0,0,0,0,0,0,0,0,0,26,0,0,1,2,23,0,0,0,0,15,4,3,0,1,45,0,3,3,19,22,0,0,0,0,0,0,0,0,0,0,9,0,0,1,2,6,0,0,0,0,0,0,0,0,0,9,0,3,3,0,3,0,0,0,0,0,0,0,0,0,0,0,0,0,0,0,0,0,0,0,0,0,0,0,0,0,0,0,0,0,0,0,0,0,0,0,0,0,0,0,0,0,0,0,0,0,0,0,0,0,0,0,0,0,0,0,0,0,0,0,0,0,0
Sayreville Police,2018-05-01,New Jersey,45062,NJ01219,breakdown offenses,normal return,normal return,normal return,normal return,normal return,breakdown offenses,breakdown offenses,breakdown offenses,0,0,0,0,0,1,1,0,0,0,0,0,0,32,0,2,0,1,29,1,1,0,0,31,5,2,2,1,70,0,3,4,37,41,0,0,0,0,0,0,0,0,0,0,8,0,0,0,0,8,0,0,0,0,0,0,0,0,0,8,0,0,0,0,0,0,0,0,0,0,0,0,0,0,0,0,0,0,0,0,0,0,0,0,0,0,0,0,0,0,0,0,0,0,0,0,0,0,0,0,0,0,0,0,0,0,0,0,0,0,0,0,0,0,0,0,0,0,0,0,0,0,0,0,0,0,0
Sayreville Police,2018-06-01,New Jersey,45062,NJ01219,breakdown offenses,normal return,normal return,normal return,normal return,normal return,breakdown offenses,breakdown offenses,breakdown offenses,0,0,0,0,0,0,0,0,1,0,0,1,0,16,0,1,0,2,13,2,0,1,1,18,3,2,0,1,40,0,3,4,23,27,0,0,0,0,0,0,0,0,0,0,9,0,1,0,0,8,0,0,0,0,2,0,0,0,0,11,0,1,1,2,3,0,0,0,0,0,0,0,0,0,0,1,0,0,0,0,1,0,0,0,0,0,0,0,0,0,1,0,0,0,0,0,0,0,0,0,0,0,0,0,0,0,0,0,0,0,0,0,0,0,0,0,0,0,0,0,0,0,0,0,0,0,0
Sayreville Police,2018-07-01,New Jersey,45062,NJ01219,breakdown offenses,normal return,normal return,normal return,normal return,normal return,breakdown offenses,breakdown offenses,breakdown offenses,0,0,0,0,0,1,1,0,1,0,0,1,0,21,1,0,0,4,16,4,1,1,2,19,1,0,0,1,47,0,5,7,24,31,0,0,0,0,0,0,0,0,0,0,9,0,0,0,5,4,0,0,0,0,2,0,0,0,0,11,0,5,5,2,7,0,0,0,0,0,0,0,0,0,0,0,0,0,0,0,0,0,0,0,0,0,0,0,0,0,0,0,0,0,0,0,0,0,0,0,0,0,0,0,0,0,0,0,0,0,0,0,0,0,0,0,0,0,0,0,0,0,0,0,0,0,0
Sayreville Police,2018-08-01,New Jersey,45062,NJ01219,breakdown offenses,normal return,normal return,normal return,normal return,normal return,breakdown offenses,breakdown offenses,breakdown offenses,0,0,0,0,0,1,1,0,1,0,1,0,0,19,0,1,1,2,15,3,2,1,0,20,1,1,0,0,45,0,4,6,24,30,0,0,0,0,0,0,0,0,0,0,6,0,1,0,1,4,0,0,0,0,3,0,0,0,0,9,0,2,2,3,5,0,0,0,0,0,0,0,0,0,0,0,0,0,0,0,0,0,0,0,0,0,0,0,0,0,0,0,0,0,0,0,0,0,0,0,0,0,0,0,0,0,0,0,0,0,0,0,0,0,0,0,0,0,0,0,0,0,0,0,0,0,0
Sayreville Police,2018-09-01,New Jersey,45062,NJ01219,breakdown offenses,normal return,normal return,normal return,normal return,normal return,breakdown offenses,breakdown offenses,breakdown offenses,0,0,0,0,0,0,0,0,0,0,0,0,0,8,0,0,1,2,5,3,2,0,1,22,1,1,0,0,34,0,3,3,26,29,0,0,0,0,0,0,0,0,0,0,5,0,0,1,2,2,0,0,0,0,0,0,0,0,0,5,0,3,3,0,3,0,0,0,0,0,0,0,0,0,0,0,0,0,0,0,0,0,0,0,0,0,0,0,0,0,0,0,0,0,0,0,0,0,0,0,0,0,0,0,0,0,0,0,0,0,0,0,0,0,0,0,0,0,0,0,0,0,0,0,0,0,0
Sayreville Police,2018-10-01,New Jersey,45062,NJ01219,breakdown offenses,normal return,normal return,normal return,normal return,normal return,breakdown offenses,breakdown offenses,breakdown offenses,0,0,0,0,0,0,0,0,0,0,0,0,0,21,0,1,0,1,19,4,2,2,0,19,5,0,5,0,49,0,2,2,28,30,0,0,0,0,0,0,0,0,0,0,3,0,0,0,0,3,1,1,0,0,2,0,0,0,0,6,0,0,0,3,3,0,0,0,0,0,0,0,0,0,0,0,0,0,0,0,0,0,0,0,0,1,0,0,0,0,1,0,0,0,1,1,0,0,0,0,0,0,0,0,0,0,0,0,0,0,0,0,0,0,0,0,0,0,0,0,0,0,0,0,0,0,0
Sayreville Police,2018-11-01,New Jersey,45062,NJ01219,breakdown offenses,normal return,normal return,normal return,normal return,normal return,breakdown offenses,breakdown offenses,breakdown offenses,0,0,0,0,0,0,0,0,1,0,0,0,1,24,0,0,0,1,23,3,2,1,0,8,4,3,1,0,40,0,1,2,15,17,0,0,0,0,0,0,0,0,0,0,4,0,0,0,0,4,0,0,0,0,0,0,0,0,0,4,0,0,0,0,0,0,0,0,0,0,0,0,0,0,0,0,0,0,0,0,0,0,0,0,0,0,0,0,0,0,0,0,0,0,0,0,0,0,0,0,0,0,0,0,0,0,0,0,0,0,0,0,0,0,0,0,0,0,0,0,0,0,0,0,0,0,0
Sayreville Police,2018-12-01,New Jersey,45062,NJ01219,breakdown offenses,normal return,normal return,normal return,normal return,normal return,breakdown offenses,breakdown offenses,breakdown offenses,0,0,0,0,0,0,0,0,0,0,0,0,0,25,0,1,2,0,22,3,2,0,1,23,2,2,0,0,53,0,3,3,28,31,0,0,0,0,0,0,0,0,0,0,8,0,0,1,0,7,0,0,0,0,0,0,0,0,0,8,0,1,1,0,1,0,0,0,0,0,0,0,0,0,0,0,0,0,0,0,0,0,0,0,0,0,0,0,0,0,0,0,0,0,0,0,0,0,0,0,0,0,0,0,0,0,0,0,0,0,0,0,0,0,0,0,0,0,0,0,0,0,0,0,0,0,0
Sayreville Police,2015-01-01,New Jersey,45840,NJ01219,breakdown offenses,adjustment,adjustment,adjustment,adjustment,adjustment,breakdown offenses,breakdown offenses,breakdown offenses,0,0,0,0,0,0,0,0,0,0,0,0,0,23,0,0,1,0,22,10,6,2,2,19,0,0,0,0,52,0,1,1,29,30,0,0,0,0,0,0,0,0,0,0,8,0,0,0,0,8,3,2,1,0,1,0,0,0,0,12,0,0,0,4,4,0,0,0,0,0,0,0,0,0,0,1,0,0,0,0,1,0,0,0,0,0,0,0,0,0,1,0,0,0,0,0,0,0,0,0,0,0,0,0,0,0,0,0,0,0,0,0,0,0,0,0,0,0,0,0,0,0,0,0,0,0,0
Sayreville Police,2015-02-01,New Jersey,45840,NJ01219,breakdown offenses,adjustment,adjustment,adjustment,adjustment,adjustment,breakdown offenses,breakdown offenses,breakdown offenses,0,0,0,0,0,0,0,0,0,0,0,0,0,19,0,0,0,1,18,1,1,0,0,14,3,3,0,0,37,0,1,1,18,19,0,0,0,0,0,0,0,0,0,0,2,0,0,0,0,2,2,1,1,0,3,0,0,0,0,7,0,0,0,5,5,0,0,0,0,0,0,0,0,0,0,0,0,0,0,0,0,0,0,0,0,0,0,0,0,0,0,0,0,0,0,0,0,0,0,0,0,0,0,0,0,0,0,0,0,0,0,0,0,0,0,0,0,0,0,0,0,0,0,0,0,0,0
Sayreville Police,2015-03-01,New Jersey,45840,NJ01219,breakdown offenses,adjustment,adjustment,adjustment,adjustment,adjustment,breakdown offenses,breakdown offenses,breakdown offenses,0,0,0,0,0,1,1,0,2,1,0,0,1,18,0,0,1,2,15,6,5,1,0,38,5,5,0,0,70,0,3,6,49,55,0,0,0,0,0,0,0,0,0,0,10,0,0,0,2,8,0,0,0,0,2,0,0,0,0,12,0,2,2,2,4,0,0,0,0,0,0,0,0,0,0,1,0,0,0,0,1,0,0,0,0,0,0,0,0,0,1,0,0,0,0,0,0,0,0,0,0,0,0,0,0,0,0,0,0,0,0,0,0,0,0,0,0,0,0,0,0,0,0,0,0,0,0
Sayreville Police,2015-04-01,New Jersey,45840,NJ01219,breakdown offenses,normal return,normal return,normal return,normal return,normal return,breakdown offenses,breakdown offenses,breakdown offenses,0,0,0,0,0,0,0,0,0,0,0,0,0,24,0,0,0,1,23,5,3,1,1,24,3,3,0,0,56,0,1,1,32,33,0,0,0,0,0,0,0,0,0,0,10,0,0,0,1,9,0,0,0,0,3,0,0,0,0,13,0,1,1,3,4,0,0,0,0,0,0,0,0,0,0,1,0,0,0,1,0,0,0,0,0,0,0,0,0,0,1,0,1,1,0,1,0,0,0,0,0,0,0,0,0,0,0,0,0,0,0,0,0,0,0,0,0,0,0,0,0,0,0,0,0,0,0
Sayreville Police,2015-05-01,New Jersey,45840,NJ01219,breakdown offenses,normal return,normal return,normal return,normal return,normal return,breakdown offenses,breakdown offenses,breakdown offenses,0,0,0,0,0,1,1,0,1,0,0,0,1,18,0,0,1,1,16,11,7,2,2,34,3,3,0,0,68,0,2,4,48,52,0,0,0,0,0,1,0,0,0,1,7,0,0,0,1,6,0,0,0,0,0,1,1,0,0,9,0,1,2,1,3,0,0,0,0,0,0,0,0,0,0,0,0,0,0,0,0,0,0,0,0,0,0,0,0,0,0,0,0,0,0,0,0,0,0,0,0,0,0,0,0,0,0,0,0,0,0,0,0,0,0,0,0,0,0,0,0,0,0,0,0,0,0
Sayreville Police,2015-06-01,New Jersey,45840,NJ01219,breakdown offenses,normal return,normal return,normal return,normal return,normal return,breakdown offenses,breakdown offenses,breakdown offenses,0,0,0,0,0,0,0,0,1,1,0,0,0,27,0,2,1,0,24,8,7,0,1,38,2,1,0,1,76,0,3,4,48,52,0,0,0,0,0,0,0,0,0,0,7,0,0,0,2,5,0,0,0,0,0,0,0,0,0,7,0,2,2,0,2,0,0,0,0,0,0,0,0,0,0,1,0,0,0,1,0,0,0,0,0,0,0,0,0,0,1,0,1,1,0,1,0,0,0,0,0,0,0,0,0,0,0,0,0,0,0,0,0,0,0,0,0,0,0,0,0,0,0,0,0,0,0
Sayreville Police,2015-07-01,New Jersey,45840,NJ01219,breakdown offenses,normal return,normal return,normal return,normal return,normal return,breakdown offenses,breakdown offenses,breakdown offenses,0,0,0,0,0,0,0,0,0,0,0,0,0,12,0,0,1,1,10,14,11,2,1,31,5,3,0,2,62,0,2,2,50,52,0,0,0,0,0,0,0,0,0,0,7,0,1,0,0,6,5,5,0,0,4,0,0,0,0,16,0,1,1,9,10,0,0,0,0,0,0,0,0,0,0,0,0,0,0,0,0,0,0,0,0,0,0,0,0,0,0,0,0,0,0,0,0,0,0,0,0,0,0,0,0,0,0,0,0,0,0,0,0,0,0,0,0,0,0,0,0,0,0,0,0,0,0
Sayreville Police,2015-08-01,New Jersey,45840,NJ01219,breakdown offenses,normal return,normal return,normal return,normal return,normal return,breakdown offenses,breakdown offenses,breakdown offenses,0,0,0,0,0,0,0,0,0,0,0,0,0,18,0,1,0,1,16,3,2,0,1,29,7,4,0,3,57,0,2,2,39,41,0,0,0,0,0,1,0,0,0,1,3,0,0,0,1,2,1,0,1,0,2,0,0,0,0,7,0,1,2,3,5,0,0,0,0,0,0,0,0,0,0,0,0,0,0,0,0,1,0,1,0,0,0,0,0,0,1,0,0,0,1,1,0,0,0,0,0,0,0,0,0,0,0,0,0,0,0,0,0,0,0,0,0,0,0,0,0,0,0,0,0,0,0
Sayreville Police,2015-09-01,New Jersey,45840,NJ01219,breakdown offenses,normal return,normal return,normal return,normal return,normal return,breakdown offenses,breakdown offenses,breakdown offenses,0,0,0,0,0,0,0,0,1,1,0,0,0,21,0,2,0,2,17,5,2,2,1,31,3,1,0,2,61,0,4,5,39,44,0,0,0,0,0,0,0,0,0,0,7,0,0,0,0,7,1,0,1,0,3,0,0,0,0,11,0,0,0,4,4,0,0,0,0,0,0,0,0,0,0,0,0,0,0,0,0,0,0,0,0,1,0,0,0,0,1,0,0,0,1,1,0,0,0,0,0,0,0,0,0,0,0,0,0,0,0,0,0,0,0,0,0,0,0,0,0,0,0,0,0,0,0
Sayreville Police,2015-10-01,New Jersey,45840,NJ01219,breakdown offenses,normal return,normal return,normal return,normal return,normal return,breakdown offenses,breakdown offenses,breakdown offenses,0,0,0,0,0,0,0,0,0,0,0,0,0,17,0,1,0,0,16,5,2,1,2,30,5,4,1,0,57,0,1,1,40,41,0,0,0,0,0,0,0,0,0,0,7,0,0,1,0,6,0,0,0,0,1,0,0,0,0,8,0,1,1,1,2,0,0,0,0,0,0,0,0,0,0,0,0,0,0,0,0,0,0,0,0,0,0,0,0,0,0,0,0,0,0,0,0,0,0,0,0,0,0,0,0,0,0,0,0,0,0,0,0,0,0,0,0,0,0,0,0,0,0,0,0,0,0
Sayreville Police,2015-11-01,New Jersey,45840,NJ01219,breakdown offenses,normal return,normal return,normal return,normal return,normal return,breakdown offenses,breakdown offenses,breakdown offenses,0,0,0,0,0,0,0,0,2,0,0,0,2,27,0,0,0,4,23,5,3,1,1,26,6,5,1,0,66,0,4,6,37,43,0,0,0,0,0,1,0,0,0,1,12,0,0,0,5,7,1,1,0,0,0,0,0,0,0,14,0,5,6,1,7,0,0,0,0,0,0,0,0,0,0,2,0,0,0,2,0,0,0,0,0,0,0,0,0,0,2,0,2,2,0,2,0,0,0,0,0,0,0,0,0,0,0,0,0,0,0,0,0,0,0,0,0,0,0,0,0,0,0,0,0,0,0
Sayreville Police,2015-12-01,New Jersey,45840,NJ01219,breakdown offenses,normal return,normal return,normal return,normal return,normal return,breakdown offenses,breakdown offenses,breakdown offenses,0,0,0,0,0,0,0,0,3,1,1,0,1,17,0,1,0,1,15,4,2,2,0,17,6,4,0,2,47,0,2,5,27,32,0,0,0,0,0,1,1,0,0,0,9,0,0,0,1,8,0,0,0,0,3,0,0,0,0,13,0,1,2,3,5,0,0,0,0,0,0,0,0,0,0,0,0,0,0,0,0,0,0,0,0,2,0,0,0,0,2,0,0,0,2,2,0,0,0,0,0,0,0,0,0,0,0,0,0,0,0,0,0,0,0,0,0,0,0,0,0,0,0,0,0,0,0
Sayreville Police,2001-01-01,New Jersey,40713,NJ01219,breakdown offenses,normal return,normal return,normal return,normal return,normal return,breakdown offenses,breakdown offenses,breakdown offenses,0,0,1,0,0,0,0,0,0,0,0,0,0,44,0,0,2,2,40,11,6,3,2,31,5,5,0,0,91,0,4,4,47,51,0,0,0,0,0,0,0,0,0,0,3,0,0,0,2,1,1,0,0,1,4,0,0,0,0,8,0,2,2,5,7,0,0,0,0,0,0,0,0,0,0,1,0,0,0,1,0,0,0,0,0,1,0,0,0,0,2,0,1,1,1,2,0,0,0,0,0,0,0,0,0,0,0,0,0,0,0,0,1,0,0,1,0,0,0,0,0,1,0,0,0,1,1
Sayreville Police,2001-02-01,New Jersey,40713,NJ01219,breakdown offenses,normal return,normal return,normal return,normal return,normal return,breakdown offenses,breakdown offenses,breakdown offenses,0,0,0,0,0,0,0,0,1,0,0,0,1,19,0,0,0,2,17,13,11,1,1,26,7,6,1,0,66,0,2,3,46,49,0,0,0,0,0,0,0,0,0,0,7,0,0,0,1,6,1,0,0,1,3,1,1,0,0,12,0,1,1,5,6,0,0,0,0,0,0,0,0,0,0,0,0,0,0,0,0,0,0,0,0,0,0,0,0,0,0,0,0,0,0,0,0,0,0,0,0,0,0,0,0,0,0,0,0,0,0,0,1,0,0,1,1,2,1,1,0,4,0,0,0,4,4
Sayreville Police,2001-03-01,New Jersey,40713,NJ01219,breakdown offenses,normal return,normal return,normal return,normal return,normal return,breakdown offenses,breakdown offenses,breakdown offenses,0,0,0,0,0,0,0,0,2,0,0,0,2,29,0,3,2,1,23,12,8,3,1,18,6,4,0,2,67,0,6,8,36,44,0,0,0,0,0,0,0,0,0,0,10,0,0,2,0,8,1,1,0,0,4,0,0,0,0,15,0,2,2,5,7,0,0,0,0,0,0,0,0,0,0,1,0,0,0,0,1,1,1,0,0,1,0,0,0,0,3,0,0,0,2,2,0,0,0,0,0,0,0,0,0,0,0,0,0,0,0,0,0,0,0,0,2,1,1,0,0,3,0,0,0,3,3
Sayreville Police,2001-04-01,New Jersey,40713,NJ01219,breakdown offenses,normal return,normal return,normal return,normal return,normal return,breakdown offenses,breakdown offenses,breakdown offenses,0,0,0,0,0,2,2,0,2,1,1,0,0,36,0,2,1,1,32,9,7,2,0,33,5,3,2,0,87,0,4,8,47,55,0,0,2,2,0,0,0,0,0,0,12,0,2,0,0,10,0,0,0,0,2,0,0,0,0,16,0,2,4,2,6,0,0,0,0,0,0,0,0,0,0,0,0,0,0,0,0,0,0,0,0,0,0,0,0,0,0,0,0,0,0,0,0,0,0,0,0,0,0,0,0,0,0,0,0,0,0,0,0,0,0,0,1,1,1,0,0,2,0,0,0,2,2
Sayreville Police,2001-05-01,New Jersey,40713,NJ01219,breakdown offenses,adjustment,adjustment,adjustment,adjustment,adjustment,breakdown offenses,breakdown offenses,breakdown offenses,0,0,0,0,0,2,2,0,1,0,1,0,0,40,1,0,2,2,35,14,8,4,2,42,7,4,3,0,106,0,5,8,63,71,0,0,1,1,0,0,0,0,0,0,14,1,0,1,1,11,0,0,0,0,3,0,0,0,0,18,0,3,4,3,7,0,0,0,0,0,0,0,0,0,0,1,0,0,0,0,1,0,0,0,0,1,0,0,0,0,2,0,0,0,1,1,0,0,0,0,0,0,0,0,0,0,0,0,0,0,0,0,0,0,0,0,0,0,0,0,0,0,0,0,0,0,0
Sayreville Police,2001-06-01,New Jersey,40713,NJ01219,breakdown offenses,normal return,normal return,normal return,normal return,normal return,breakdown offenses,breakdown offenses,breakdown offenses,0,0,0,0,0,0,0,0,0,0,0,0,0,29,0,1,1,2,25,25,17,5,3,46,7,6,1,0,107,0,4,4,78,82,0,0,0,0,0,0,0,0,0,0,6,0,1,0,1,4,4,3,1,0,6,0,0,0,0,16,0,2,2,10,12,0,0,0,0,0,0,0,0,0,0,2,0,0,0,1,1,1,0,1,0,2,0,0,0,0,5,0,1,1,3,4,0,0,0,0,0,0,0,0,0,0,0,0,0,0,0,0,3,1,1,1,0,0,0,0,0,3,0,0,0,3,3
Sayreville Police,2001-07-01,New Jersey,40713,NJ01219,breakdown offenses,normal return,normal return,normal return,normal return,normal return,breakdown offenses,breakdown offenses,breakdown offenses,0,0,1,0,0,2,2,0,1,0,0,0,1,28,0,1,0,2,25,10,7,1,2,46,10,6,3,1,97,0,3,6,66,72,0,0,2,2,0,1,0,0,0,1,13,0,1,0,1,11,5,5,0,0,3,1,1,0,0,25,0,2,5,9,14,0,0,0,0,0,0,0,0,0,0,0,0,0,0,0,0,3,3,0,0,1,0,0,0,0,4,0,0,0,4,4,0,0,0,0,0,0,0,0,0,0,0,0,0,0,0,0,0,0,0,0,1,0,0,0,0,1,0,0,0,1,1
Sayreville Police,2001-08-01,New Jersey,40713,NJ01219,breakdown offenses,normal return,normal return,normal return,normal return,normal return,breakdown offenses,breakdown offenses,breakdown offenses,0,0,2,0,0,1,1,0,1,1,0,0,0,35,0,1,1,2,31,11,6,3,2,42,7,2,1,4,97,0,4,6,60,66,0,0,1,1,0,0,0,0,0,0,12,0,0,0,2,10,2,1,1,0,2,0,0,0,0,17,0,2,3,4,7,0,0,0,0,0,0,0,0,0,0,0,0,0,0,0,0,0,0,0,0,0,0,0,0,0,0,0,0,0,0,0,0,0,0,0,0,0,0,0,0,0,0,0,0,0,0,0,2,0,2,0,0,0,0,0,0,2,0,0,0,2,2
Sayreville Police,2001-09-01,New Jersey,40713,NJ01219,breakdown offenses,normal return,normal return,normal return,normal return,normal return,breakdown offenses,breakdown offenses,breakdown offenses,0,0,0,0,0,0,0,0,1,0,0,1,0,33,1,3,1,2,26,17,14,2,1,41,9,4,1,4,101,0,7,8,67,75,0,0,0,0,0,0,0,0,0,0,17,1,3,1,1,11,0,0,0,0,5,0,0,0,0,22,0,6,6,5,11,0,0,0,0,0,0,0,0,0,0,1,0,0,0,0,1,0,0,0,0,0,0,0,0,0,1,0,0,0,0,0,0,0,0,0,0,0,0,0,0,0,0,0,0,0,0,0,0,0,0,0,2,0,0,0,0,2,0,0,0,2,2
Sayreville Police,2001-10-01,New Jersey,40713,NJ01219,breakdown offenses,normal return,normal return,normal return,normal return,normal return,breakdown offenses,breakdown offenses,breakdown offenses,0,0,0,0,0,1,1,0,1,1,0,0,0,31,0,4,1,2,24,12,7,3,2,45,10,8,0,2,100,0,7,9,67,76,0,0,1,1,0,1,0,0,1,0,12,0,2,1,1,8,1,1,0,0,4,0,0,0,0,19,0,4,6,5,11,0,0,0,0,0,0,0,0,0,0,0,0,0,0,0,0,0,0,0,0,0,0,0,0,0,0,0,0,0,0,0,0,0,0,0,0,0,0,0,0,0,0,0,0,0,0,0,0,0,0,0,2,1,1,0,0,3,0,0,0,3,3
Sayreville Police,2001-11-01,New Jersey,40713,NJ01219,breakdown offenses,normal return,normal return,normal return,normal return,normal return,breakdown offenses,breakdown offenses,breakdown offenses,0,0,0,0,0,1,1,0,3,0,0,0,3,23,0,4,0,0,19,14,10,3,1,25,8,3,2,3,74,0,4,8,47,55,0,0,0,0,0,1,1,0,0,0,3,0,1,0,0,2,3,3,0,0,2,0,0,0,0,9,0,1,2,5,7,0,0,0,0,0,0,0,0,0,0,0,0,0,0,0,0,2,2,0,0,0,0,0,0,0,2,0,0,0,2,2,0,0,0,0,0,0,0,0,0,0,0,0,0,0,0,0,0,0,0,0,0,0,0,0,0,0,0,0,0,0,0
Sayreville Police,2001-12-01,New Jersey,40713,NJ01219,breakdown offenses,normal return,normal return,normal return,normal return,normal return,breakdown offenses,breakdown offenses,breakdown offenses,0,0,0,0,0,1,1,0,0,0,0,0,0,28,1,0,0,0,27,21,12,6,3,28,7,5,1,1,85,0,1,2,56,58,0,0,1,1,0,1,1,0,0,0,8,0,0,0,0,8,0,0,0,0,2,0,0,0,0,12,0,0,2,2,4,0,0,0,0,0,0,0,0,0,0,0,0,0,0,0,0,0,0,0,0,0,0,0,0,0,0,0,0,0,0,0,0,0,0,0,0,0,0,0,0,0,0,0,0,0,0,0,0,0,0,0,1,0,0,0,0,1,0,0,0,1,1
Sayreville Police,2002-01-01,New Jersey,41221,NJ01219,breakdown offenses,normal return,normal return,normal return,normal return,normal return,breakdown offenses,breakdown offenses,breakdown offenses,0,0,0,0,0,2,2,0,2,0,0,0,2,22,0,1,0,1,20,16,4,8,4,52,10,10,0,0,104,0,2,6,78,84,0,0,0,0,0,1,0,0,0,1,9,0,1,0,0,8,2,1,1,0,3,0,0,0,0,15,0,1,2,5,7,0,0,0,0,0,0,0,0,0,0,0,0,0,0,0,0,0,0,0,0,0,0,0,0,0,0,0,0,0,0,0,0,0,0,0,0,0,0,0,0,0,0,0,0,0,0,0,0,0,0,0,1,0,0,0,0,1,0,0,0,1,1
Sayreville Police,2002-02-01,New Jersey,41221,NJ01219,breakdown offenses,normal return,normal return,normal return,normal return,normal return,breakdown offenses,breakdown offenses,breakdown offenses,0,0,2,0,0,1,1,0,1,0,0,0,1,25,0,0,0,3,22,12,10,0,2,29,4,3,1,0,72,0,3,5,45,50,0,0,0,0,0,0,0,0,0,0,8,0,0,1,1,6,3,2,1,0,6,1,1,0,0,18,0,2,2,10,12,0,0,0,0,0,0,0,0,0,0,0,0,0,0,0,0,0,0,0,0,0,0,0,0,0,0,0,0,0,0,0,0,0,0,0,0,0,0,0,0,0,0,0,0,0,0,0,0,0,0,0,0,0,0,0,0,0,0,0,0,0,0
Sayreville Police,2002-03-01,New Jersey,41221,NJ01219,breakdown offenses,normal return,normal return,normal return,normal return,normal return,breakdown offenses,breakdown offenses,breakdown offenses,0,0,1,0,0,0,0,0,0,0,0,0,0,29,1,2,1,1,24,10,3,3,4,33,5,3,2,0,77,0,5,5,48,53,0,0,0,0,0,0,0,0,0,0,8,1,1,0,2,4,4,3,0,1,5,0,0,0,0,17,0,4,4,9,13,0,0,0,0,0,0,0,0,0,0,0,0,0,0,0,0,0,0,0,0,0,0,0,0,0,0,0,0,0,0,0,0,0,0,0,0,0,0,0,0,0,0,0,0,0,0,0,0,0,0,0,1,2,1,1,0,3,0,0,0,3,3
Sayreville Police,2002-04-01,New Jersey,41221,NJ01219,breakdown offenses,normal return,normal return,normal return,normal return,normal return,breakdown offenses,breakdown offenses,breakdown offenses,0,0,1,0,0,1,1,0,3,0,1,0,2,29,0,1,2,1,25,15,7,5,3,40,5,4,0,1,93,0,4,8,60,68,0,0,1,1,0,0,0,0,0,0,7,0,0,1,1,5,1,1,0,0,4,0,0,0,0,13,0,2,3,5,8,0,0,0,0,0,0,0,0,0,0,0,0,0,0,0,0,0,0,0,0,0,0,0,0,0,0,0,0,0,0,0,0,0,0,0,0,0,0,0,0,0,0,0,0,0,0,0,1,1,0,0,3,0,0,0,0,4,0,0,0,4,4
Sayreville Police,2002-05-01,New Jersey,41221,NJ01219,breakdown offenses,normal return,normal return,normal return,normal return,normal return,breakdown offenses,breakdown offenses,breakdown offenses,0,0,1,0,0,0,0,0,1,0,0,0,1,31,0,0,1,1,29,16,9,4,3,38,7,5,1,1,93,0,2,3,61,64,0,0,0,0,0,0,0,0,0,0,6,0,0,0,1,5,1,1,0,0,7,0,0,0,0,14,0,1,1,8,9,0,0,0,0,0,0,0,0,0,0,0,0,0,0,0,0,0,0,0,0,2,0,0,0,0,2,0,0,0,2,2,0,0,0,0,0,0,0,0,0,0,0,0,0,0,0,0,0,0,0,0,1,0,0,0,0,1,0,0,0,1,1
Sayreville Police,2002-06-01,New Jersey,41221,NJ01219,breakdown offenses,normal return,normal return,normal return,normal return,normal return,breakdown offenses,breakdown offenses,breakdown offenses,0,0,2,0,0,3,3,0,1,0,0,0,1,36,1,1,0,3,31,13,7,1,5,35,8,4,1,3,96,0,5,9,56,65,0,0,1,1,0,1,1,0,0,0,11,0,0,0,4,7,3,3,0,0,6,0,0,0,0,22,0,4,6,9,15,0,0,0,0,0,0,0,0,0,0,0,0,0,0,0,0,1,1,0,0,0,0,0,0,0,1,0,0,0,1,1,0,0,0,0,0,0,0,0,0,0,0,0,0,0,0,0,0,0,0,0,1,1,1,0,0,2,0,0,0,2,2
Sayreville Police,2002-07-01,New Jersey,41221,NJ01219,breakdown offenses,normal return,normal return,normal return,normal return,normal return,breakdown offenses,breakdown offenses,breakdown offenses,0,0,0,0,0,0,0,0,1,0,0,0,1,21,0,0,2,0,19,12,6,5,1,35,28,23,4,1,97,0,2,3,75,78,0,0,0,0,0,0,0,0,0,0,7,0,0,1,0,6,1,1,0,0,3,2,2,0,0,13,0,1,1,6,7,0,0,0,0,0,0,0,0,0,0,0,0,0,0,0,0,0,0,0,0,0,0,0,0,0,0,0,0,0,0,0,0,0,0,0,0,0,0,0,0,0,0,0,0,0,0,0,0,0,0,0,1,0,0,0,0,1,0,0,0,1,1
Sayreville Police,2002-08-01,New Jersey,41221,NJ01219,breakdown offenses,normal return,normal return,normal return,normal return,normal return,breakdown offenses,breakdown offenses,breakdown offenses,0,0,3,0,0,0,0,0,3,0,0,0,3,32,0,3,2,2,25,21,8,8,5,52,13,11,0,2,121,0,7,10,86,96,0,0,0,0,0,2,0,0,0,2,13,0,2,1,2,8,0,0,0,0,3,1,1,0,0,19,0,5,7,4,11,0,0,0,0,0,0,0,0,0,0,0,0,0,0,0,0,0,0,0,0,0,0,0,0,0,0,0,0,0,0,0,0,0,0,0,0,0,0,0,0,0,0,0,0,0,0,0,0,0,0,0,1,2,1,1,0,3,0,0,0,3,3
Sayreville Police,2002-09-01,New Jersey,41221,NJ01219,breakdown offenses,normal return,normal return,normal return,normal return,normal return,breakdown offenses,breakdown offenses,breakdown offenses,0,0,0,0,0,1,1,0,2,1,0,0,1,33,0,2,0,2,29,17,11,5,1,54,5,4,0,1,112,0,4,7,76,83,0,0,1,1,0,0,0,0,0,0,13,1,2,0,1,9,1,1,0,0,5,0,0,0,0,20,0,4,5,6,11,0,0,0,0,0,0,0,0,0,0,1,0,0,0,0,1,0,0,0,0,0,0,0,0,0,1,0,0,0,0,0,0,0,0,0,0,0,0,0,0,0,0,0,0,0,0,0,0,0,0,0,3,0,0,0,0,3,0,0,0,3,3
Sayreville Police,2002-10-01,New Jersey,41221,NJ01219,breakdown offenses,normal return,normal return,normal return,normal return,normal return,breakdown offenses,breakdown offenses,breakdown offenses,0,0,1,0,0,2,2,0,3,1,1,0,1,31,0,0,1,5,25,11,3,4,4,46,3,2,1,0,96,0,6,11,60,71,0,0,1,1,0,1,0,0,0,1,10,0,0,1,2,7,1,0,1,0,4,0,0,0,0,17,0,3,5,5,10,0,0,0,0,0,0,0,0,0,0,2,0,0,0,1,1,0,0,0,0,0,0,0,0,0,2,0,1,1,0,1,0,0,0,0,0,0,0,0,0,0,0,0,0,0,0,0,0,0,0,0,0,0,0,0,0,0,0,0,0,0,0
Sayreville Police,2002-11-01,New Jersey,41221,NJ01219,breakdown offenses,normal return,normal return,normal return,normal return,normal return,breakdown offenses,breakdown offenses,breakdown offenses,0,0,1,0,0,1,1,0,2,0,1,0,1,37,1,1,3,1,31,12,6,5,1,42,2,2,0,0,96,0,6,9,56,65,0,0,1,1,0,1,0,1,0,0,9,1,0,1,1,6,8,2,5,1,4,0,0,0,0,23,0,3,5,12,17,0,0,0,0,0,0,0,0,0,0,0,0,0,0,0,0,0,0,0,0,0,0,0,0,0,0,0,0,0,0,0,0,0,0,0,0,0,0,0,0,0,0,0,0,0,0,0,0,0,0,0,1,1,1,0,0,2,0,0,0,2,2
Sayreville Police,2002-12-01,New Jersey,41221,NJ01219,breakdown offenses,normal return,normal return,normal return,normal return,normal return,breakdown offenses,breakdown offenses,breakdown offenses,0,0,0,0,0,0,0,0,0,0,0,0,0,33,0,1,0,1,31,13,7,4,2,37,6,3,2,1,89,0,2,2,56,58,0,0,0,0,0,0,0,0,0,0,13,0,0,0,1,12,2,1,1,0,4,0,0,0,0,19,0,1,1,6,7,0,0,0,0,0,0,0,0,0,0,0,0,0,0,0,0,0,0,0,0,0,0,0,0,0,0,0,0,0,0,0,0,0,0,0,0,0,0,0,0,0,0,0,0,0,0,0,0,0,0,0,2,0,0,0,0,2,0,0,0,2,2
Sayreville Police,2003-01-01,New Jersey,42002,NJ01219,breakdown offenses,normal return,normal return,normal return,normal return,normal return,breakdown offenses,breakdown offenses,breakdown offenses,0,0,0,0,0,1,1,0,3,1,1,0,1,21,0,1,0,0,20,17,8,4,5,28,8,7,1,0,78,0,1,5,53,58,0,0,1,1,0,0,0,0,0,0,4,0,1,2,0,1,1,0,1,0,2,0,0,0,0,8,0,3,4,3,7,0,0,0,0,0,0,0,0,0,0,0,0,0,0,0,0,0,0,0,0,0,0,0,0,0,0,0,0,0,0,0,0,0,0,0,0,0,0,0,0,0,0,0,0,0,0,0,0,0,0,0,1,0,0,0,0,1,0,0,0,1,1
Sayreville Police,2003-02-01,New Jersey,42002,NJ01219,breakdown offenses,normal return,normal return,normal return,normal return,normal return,breakdown offenses,breakdown offenses,breakdown offenses,0,0,2,0,0,0,0,0,1,1,0,0,0,28,0,0,0,2,26,5,4,0,1,33,5,3,1,1,72,0,2,3,43,46,0,0,0,0,0,0,0,0,0,0,8,0,0,0,2,6,1,1,0,0,4,0,0,0,0,13,0,2,2,5,7,0,0,0,0,0,0,0,0,0,0,0,0,0,0,0,0,0,0,0,0,0,0,0,0,0,0,0,0,0,0,0,0,0,0,0,0,0,0,0,0,0,0,0,0,0,0,0,0,0,0,0,2,3,0,3,0,5,0,0,0,5,5
Sayreville Police,2003-03-01,New Jersey,42002,NJ01219,breakdown offenses,normal return,normal return,normal return,normal return,normal return,breakdown offenses,breakdown offenses,breakdown offenses,0,0,1,0,0,0,0,0,0,0,0,0,0,27,0,1,0,3,23,11,5,4,2,42,7,5,0,2,87,0,4,4,60,64,0,0,0,0,0,0,0,0,0,0,6,0,0,0,1,5,1,1,0,0,6,1,0,0,1,14,0,1,1,8,9,0,0,0,0,0,0,0,0,0,0,0,0,0,0,0,0,0,0,0,0,0,0,0,0,0,0,0,0,0,0,0,0,0,0,0,0,0,0,0,0,0,0,0,0,0,0,0,0,0,0,0,3,0,0,0,0,3,0,0,0,3,3
Sayreville Police,2003-04-01,New Jersey,42002,NJ01219,breakdown offenses,normal return,normal return,normal return,normal return,normal return,breakdown offenses,breakdown offenses,breakdown offenses,0,0,1,0,0,0,0,0,0,0,0,0,0,38,1,1,4,1,31,10,7,3,0,26,12,6,0,6,86,0,7,7,48,55,0,0,0,0,0,0,0,0,0,0,9,1,1,2,1,4,0,0,0,0,6,1,1,0,0,16,0,5,5,7,12,0,0,0,0,0,0,0,0,0,0,1,0,0,1,0,0,0,0,0,0,0,0,0,0,0,1,0,1,1,0,1,0,0,0,0,0,0,0,0,0,0,0,0,0,0,0,0,0,0,0,0,0,0,0,0,0,0,0,0,0,0,0
Sayreville Police,2003-05-01,New Jersey,42002,NJ01219,breakdown offenses,normal return,normal return,normal return,normal return,normal return,breakdown offenses,breakdown offenses,breakdown offenses,0,0,0,0,0,0,0,0,0,0,0,0,0,36,0,1,2,1,32,15,7,4,4,34,13,9,0,4,98,0,4,4,62,66,0,0,0,0,0,0,0,0,0,0,16,0,0,2,3,11,4,3,1,0,5,2,2,0,0,27,0,5,5,11,16,0,0,0,0,0,0,0,0,0,0,6,0,0,0,3,3,0,0,0,0,1,0,0,0,0,7,0,3,3,1,4,0,0,0,0,0,0,0,0,0,0,0,0,0,0,0,0,0,0,0,0,2,0,0,0,0,2,0,0,0,2,2
Sayreville Police,2003-06-01,New Jersey,42002,NJ01219,breakdown offenses,normal return,normal return,normal return,normal return,normal return,breakdown offenses,breakdown offenses,breakdown offenses,0,0,2,0,0,0,0,0,2,2,0,0,0,39,0,2,4,3,30,9,4,3,2,46,5,2,0,3,101,0,9,11,60,71,0,0,0,0,0,0,0,0,0,0,7,0,1,0,2,4,0,0,0,0,2,0,0,0,0,9,0,3,3,2,5,0,0,0,0,0,0,0,0,0,0,0,0,0,0,0,0,0,0,0,0,0,0,0,0,0,0,0,0,0,0,0,0,0,0,0,0,0,0,0,0,0,0,0,0,0,0,0,0,0,0,0,1,0,0,0,0,1,0,0,0,1,1
Sayreville Police,2003-07-01,New Jersey,42002,NJ01219,breakdown offenses,normal return,normal return,normal return,normal return,normal return,breakdown offenses,breakdown offenses,breakdown offenses,0,0,2,0,0,0,0,0,4,1,0,0,3,26,0,0,2,2,22,15,9,6,0,47,5,5,0,0,97,0,4,8,67,75,0,0,0,0,0,2,2,0,0,0,8,0,0,0,0,8,1,0,1,0,5,1,1,0,0,17,0,0,2,7,9,0,0,0,0,0,0,0,0,0,0,1,0,0,0,0,1,0,0,0,0,1,0,0,0,0,2,0,0,0,1,1,0,0,0,0,0,0,0,0,0,0,0,0,0,0,0,0,0,0,0,0,1,1,1,0,0,2,0,0,0,2,2
Sayreville Police,2003-08-01,New Jersey,42002,NJ01219,breakdown offenses,normal return,normal return,normal return,normal return,normal return,breakdown offenses,breakdown offenses,breakdown offenses,0,0,2,0,0,2,2,0,0,0,0,0,0,45,0,1,2,3,39,20,10,5,5,41,17,14,0,3,125,0,6,8,78,86,0,0,1,1,0,0,0,0,0,0,10,0,1,1,2,6,1,1,0,0,2,0,0,0,0,14,0,4,5,3,8,0,0,0,0,0,0,0,0,0,0,0,0,0,0,0,0,1,1,0,0,0,0,0,0,0,1,0,0,0,1,1,0,0,0,0,0,0,0,0,0,0,0,0,0,0,0,0,0,0,0,0,0,0,0,0,0,0,0,0,0,0,0
Sayreville Police,2003-09-01,New Jersey,42002,NJ01219,breakdown offenses,normal return,normal return,normal return,normal return,normal return,breakdown offenses,breakdown offenses,breakdown offenses,0,0,0,0,0,1,1,0,2,0,0,1,1,28,0,0,1,2,25,12,8,3,1,48,9,9,0,0,100,0,3,6,69,75,0,0,1,1,0,2,0,0,1,1,5,0,0,0,1,4,0,0,0,0,1,1,1,0,0,10,0,1,4,2,6,0,0,0,0,0,0,0,0,0,0,0,0,0,0,0,0,0,0,0,0,0,0,0,0,0,0,0,0,0,0,0,0,0,0,0,0,0,0,0,0,0,0,0,0,0,0,0,0,0,0,0,1,0,0,0,0,1,0,0,0,1,1
Sayreville Police,2003-10-01,New Jersey,42002,NJ01219,breakdown offenses,normal return,normal return,normal return,normal return,normal return,breakdown offenses,breakdown offenses,breakdown offenses,0,0,0,0,0,3,3,0,1,0,0,0,1,28,0,0,1,2,25,35,13,13,9,55,5,5,0,0,127,0,3,7,95,102,0,0,3,3,0,0,0,0,0,0,5,0,0,0,0,5,15,9,3,3,3,0,0,0,0,26,0,0,3,18,21,0,0,0,0,0,0,0,0,0,0,1,0,0,0,0,1,1,1,0,0,0,0,0,0,0,2,0,0,0,1,1,0,0,0,0,0,0,0,0,0,0,0,0,0,0,0,0,0,0,0,0,0,2,2,0,0,2,0,0,0,2,2
Sayreville Police,2003-11-01,New Jersey,42002,NJ01219,breakdown offenses,normal return,normal return,normal return,normal return,normal return,breakdown offenses,breakdown offenses,breakdown offenses,0,0,0,0,0,1,1,0,0,0,0,0,0,43,1,2,2,1,37,15,5,8,2,48,4,4,0,0,111,0,6,7,67,74,0,0,0,0,0,0,0,0,0,0,13,0,1,2,1,9,3,0,3,0,3,0,0,0,0,19,0,4,4,6,10,0,0,0,0,0,0,0,0,0,0,0,0,0,0,0,0,1,0,1,0,0,0,0,0,0,1,0,0,0,1,1,0,0,0,0,0,0,0,0,0,0,0,0,0,0,0,0,0,0,0,0,0,1,1,0,0,1,0,0,0,1,1
Sayreville Police,2003-12-01,New Jersey,42002,NJ01219,breakdown offenses,normal return,normal return,normal return,normal return,normal return,breakdown offenses,breakdown offenses,breakdown offenses,0,0,1,0,0,1,1,0,3,1,1,0,1,20,0,0,1,3,16,9,7,1,1,36,8,6,0,2,77,0,4,8,53,61,0,0,1,1,0,0,0,0,0,0,9,0,0,1,4,4,2,2,0,0,5,0,0,0,0,17,0,5,6,7,13,0,0,0,0,0,0,0,0,0,0,0,0,0,0,0,0,0,0,0,0,0,0,0,0,0,0,0,0,0,0,0,0,0,0,0,0,0,0,0,0,0,0,0,0,0,0,0,1,0,1,0,1,0,0,0,0,2,0,0,0,2,2
Sayreville Police,2004-01-01,New Jersey,42359,NJ01219,breakdown offenses,normal return,normal return,normal return,normal return,normal return,breakdown offenses,breakdown offenses,breakdown offenses,0,0,0,0,0,2,2,0,0,0,0,0,0,37,0,2,1,0,34,15,5,7,3,33,8,5,1,2,95,0,3,5,56,61,0,0,0,0,0,0,0,0,0,0,12,0,0,0,0,12,1,0,0,1,5,1,1,0,0,19,0,0,0,7,7,0,0,0,0,0,0,0,0,0,0,1,0,0,0,0,1,0,0,0,0,2,0,0,0,0,3,0,0,0,2,2,0,0,0,0,0,0,0,0,0,0,0,0,0,0,0,0,0,0,0,0,1,2,1,1,0,3,0,0,0,3,3
Sayreville Police,2004-02-01,New Jersey,42359,NJ01219,breakdown offenses,normal return,normal return,normal return,normal return,normal return,breakdown offenses,breakdown offenses,breakdown offenses,0,0,0,0,0,1,1,0,2,1,0,0,1,40,1,0,5,2,32,8,3,2,3,45,8,5,3,0,104,0,8,11,61,72,0,0,0,0,0,0,0,0,0,0,5,0,0,1,1,3,1,1,0,0,1,0,0,0,0,7,0,2,2,2,4,0,0,0,0,0,0,0,0,0,0,0,0,0,0,0,0,0,0,0,0,0,0,0,0,0,0,0,0,0,0,0,0,0,0,0,0,0,0,0,0,0,0,0,0,0,0,0,0,0,0,0,1,0,0,0,0,1,0,0,0,1,1
Sayreville Police,2004-03-01,New Jersey,42359,NJ01219,breakdown offenses,normal return,normal return,normal return,normal return,normal return,breakdown offenses,breakdown offenses,breakdown offenses,0,0,0,0,0,0,0,0,2,0,1,0,1,29,0,0,1,2,26,12,3,7,2,52,4,1,3,0,99,0,3,5,68,73,0,0,0,0,0,1,1,0,0,0,15,0,0,1,2,12,0,0,0,0,8,1,1,0,0,25,0,3,4,9,13,0,0,0,0,0,0,0,0,0,0,2,0,0,0,1,1,0,0,0,0,1,0,0,0,0,3,0,1,1,1,2,0,0,0,0,0,0,0,0,0,0,0,0,0,0,0,0,0,0,0,0,2,2,2,0,0,4,0,0,0,4,4
Sayreville Police,2004-04-01,New Jersey,42359,NJ01219,breakdown offenses,normal return,normal return,normal return,normal return,normal return,breakdown offenses,breakdown offenses,breakdown offenses,0,0,0,0,0,1,1,0,1,0,0,0,1,27,0,2,4,1,20,21,11,7,3,43,3,1,2,0,96,0,7,9,67,76,0,0,1,1,0,1,0,0,0,1,16,0,1,1,4,10,4,4,0,0,1,0,0,0,0,23,0,6,8,5,13,0,0,0,0,0,0,0,0,0,0,2,0,0,0,1,1,4,4,0,0,0,0,0,0,0,6,0,1,1,4,5,0,0,0,0,0,0,0,0,0,0,1,0,0,0,0,1,0,0,0,0,0,0,0,0,0,1,0,0,0,0,0
Sayreville Police,2004-05-01,New Jersey,42359,NJ01219,breakdown offenses,normal return,normal return,normal return,normal return,normal return,breakdown offenses,breakdown offenses,breakdown offenses,0,0,1,0,0,3,3,0,2,0,2,0,0,32,1,2,1,2,26,12,6,3,3,40,6,5,0,1,95,0,6,11,58,69,0,0,0,0,0,0,0,0,0,0,15,1,0,0,4,10,1,0,1,0,4,0,0,0,0,20,0,5,5,5,10,0,0,0,0,0,0,0,0,0,0,3,0,0,0,2,1,0,0,0,0,0,0,0,0,0,3,0,2,2,0,2,0,0,0,0,0,0,0,0,0,0,0,0,0,0,0,0,0,0,0,0,3,0,0,0,0,3,0,0,0,3,3
Sayreville Police,2004-06-01,New Jersey,42359,NJ01219,breakdown offenses,normal return,normal return,normal return,normal return,normal return,breakdown offenses,breakdown offenses,breakdown offenses,0,0,0,0,0,3,3,0,2,2,0,0,0,32,1,4,1,1,25,9,5,3,1,43,1,1,0,0,90,0,7,12,53,65,0,0,1,1,0,1,1,0,0,0,11,0,3,2,0,6,1,1,0,0,0,1,1,0,0,15,0,5,7,2,9,0,0,0,0,0,0,0,0,0,0,0,0,0,0,0,0,0,0,0,0,0,0,0,0,0,0,0,0,0,0,0,0,0,0,0,0,0,0,0,0,0,0,0,0,0,0,0,0,0,0,0,1,0,0,0,0,1,0,0,0,1,1
Sayreville Police,2004-07-01,New Jersey,42359,NJ01219,breakdown offenses,normal return,normal return,normal return,normal return,normal return,breakdown offenses,breakdown offenses,breakdown offenses,0,0,0,0,0,0,0,0,0,0,0,0,0,35,0,0,3,2,30,12,6,4,2,42,5,3,1,1,94,0,5,5,59,64,0,0,1,1,0,2,2,0,0,0,11,0,0,3,1,7,0,0,0,0,6,0,0,0,0,20,0,4,7,6,13,0,0,0,0,0,0,0,0,0,0,0,0,0,0,0,0,0,0,0,0,0,0,0,0,0,0,0,0,0,0,0,0,0,0,0,0,0,0,0,0,0,0,0,0,0,0,0,1,0,1,0,0,0,0,0,0,1,0,0,0,1,1
Sayreville Police,2004-08-01,New Jersey,42359,NJ01219,breakdown offenses,normal return,normal return,normal return,normal return,normal return,breakdown offenses,breakdown offenses,breakdown offenses,0,0,0,1,0,1,1,0,2,1,0,0,1,30,0,1,1,4,24,9,3,5,1,53,6,4,1,1,102,0,6,10,68,78,1,0,0,0,0,0,0,0,0,0,16,0,0,0,6,10,4,3,1,0,3,0,0,0,0,24,0,6,7,7,14,1,0,0,0,0,0,0,0,0,0,7,0,0,0,4,3,2,1,1,0,0,0,0,0,0,10,0,4,5,2,7,0,0,0,0,0,0,0,0,0,0,0,0,0,0,0,0,0,0,0,0,1,0,0,0,0,1,0,0,0,1,1
Sayreville Police,2004-09-01,New Jersey,42359,NJ01219,breakdown offenses,normal return,normal return,normal return,normal return,normal return,breakdown offenses,breakdown offenses,breakdown offenses,0,0,0,0,0,1,1,0,0,0,0,0,0,29,0,0,2,1,26,14,7,7,0,40,5,4,0,1,89,0,3,4,59,63,0,0,2,2,0,0,0,0,0,0,13,0,0,2,1,10,1,1,0,0,6,0,0,0,0,22,0,3,5,7,12,0,0,0,0,0,0,0,0,0,0,0,0,0,0,0,0,1,1,0,0,0,0,0,0,0,1,0,0,0,1,1,0,0,0,0,0,0,0,0,0,0,0,0,0,0,0,0,0,0,0,0,1,0,0,0,0,1,0,0,0,1,1
Sayreville Police,2004-10-01,New Jersey,42359,NJ01219,breakdown offenses,normal return,normal return,normal return,normal return,normal return,breakdown offenses,breakdown offenses,breakdown offenses,0,0,0,0,0,0,0,0,1,0,1,0,0,39,1,0,1,1,36,13,8,1,4,46,7,3,1,3,106,0,3,4,66,70,0,0,0,0,0,1,0,1,0,0,7,0,0,1,0,6,5,1,4,0,3,0,0,0,0,16,0,1,2,8,10,0,0,0,0,0,1,0,1,0,0,0,0,0,0,0,0,1,0,1,0,0,0,0,0,0,2,0,0,1,1,2,0,0,0,0,0,0,0,0,0,0,0,0,0,0,0,0,0,0,0,0,0,0,0,0,0,0,0,0,0,0,0
Sayreville Police,2004-11-01,New Jersey,42359,NJ01219,breakdown offenses,normal return,normal return,normal return,normal return,normal return,breakdown offenses,breakdown offenses,breakdown offenses,0,0,0,0,0,1,1,0,1,1,0,0,0,19,0,0,1,2,16,16,7,8,1,32,4,3,1,0,73,0,3,5,52,57,0,0,1,1,0,0,0,0,0,0,12,0,0,0,2,10,2,1,1,0,1,1,1,0,0,17,0,2,3,4,7,0,0,0,0,0,0,0,0,0,0,3,0,0,0,1,2,0,0,0,0,0,0,0,0,0,3,0,1,1,0,1,0,0,0,0,0,0,0,0,0,0,0,0,0,0,0,0,0,0,0,0,0,0,0,0,0,0,0,0,0,0,0
Sayreville Police,2004-12-01,New Jersey,42359,NJ01219,breakdown offenses,normal return,normal return,normal return,normal return,normal return,breakdown offenses,breakdown offenses,breakdown offenses,0,0,0,0,0,0,0,0,0,0,0,0,0,32,0,0,2,1,29,5,4,1,0,44,11,8,0,3,92,0,3,3,60,63,0,0,0,0,0,0,0,0,0,0,6,0,0,1,1,4,1,0,1,0,5,0,0,0,0,12,0,2,2,6,8,0,0,0,0,0,0,0,0,0,0,0,0,0,0,0,0,1,0,1,0,0,0,0,0,0,1,0,0,0,1,1,0,0,0,0,0,0,0,0,0,0,0,0,0,0,0,0,0,0,0,0,0,0,0,0,0,0,0,0,0,0,0
Sayreville Police,2005-01-01,New Jersey,42756,NJ01219,breakdown offenses,adjustment,adjustment,adjustment,adjustment,adjustment,breakdown offenses,breakdown offenses,breakdown offenses,0,0,1,0,0,1,1,0,3,3,0,0,0,18,0,0,2,1,15,9,2,2,5,35,5,5,0,0,71,0,3,7,49,56,0,0,0,0,0,0,0,0,0,0,2,0,0,1,0,1,1,0,1,0,3,1,1,0,0,7,0,1,1,5,6,0,0,0,0,0,0,0,0,0,0,0,0,0,0,0,0,1,0,1,0,0,0,0,0,0,1,0,0,0,1,1,0,0,0,0,0,0,0,0,0,0,0,0,0,0,0,0,0,0,0,0,2,1,1,0,0,3,0,0,0,3,3
Sayreville Police,2005-02-01,New Jersey,42756,NJ01219,breakdown offenses,adjustment,adjustment,adjustment,adjustment,adjustment,breakdown offenses,breakdown offenses,breakdown offenses,0,0,1,0,0,1,1,0,1,0,0,0,1,31,0,0,0,0,31,9,6,2,1,31,3,2,0,1,76,0,0,2,43,45,0,0,0,0,0,0,0,0,0,0,9,0,0,1,0,8,1,1,0,0,3,0,0,0,0,13,0,1,1,4,5,0,0,0,0,0,0,0,0,0,0,0,0,0,0,0,0,0,0,0,0,1,0,0,0,0,1,0,0,0,1,1,0,0,0,0,0,0,0,0,0,0,0,0,0,0,0,0,0,0,0,0,0,1,1,0,0,1,0,0,0,1,1
Sayreville Police,2005-03-01,New Jersey,42756,NJ01219,breakdown offenses,normal return,normal return,normal return,normal return,normal return,breakdown offenses,breakdown offenses,breakdown offenses,0,0,0,0,0,1,1,0,2,0,0,0,2,32,0,2,1,1,28,4,2,1,1,46,5,4,1,0,90,0,4,7,55,62,0,0,0,0,0,0,0,0,0,0,6,0,0,0,0,6,2,0,2,0,5,0,0,0,0,13,0,0,0,7,7,0,0,0,0,0,0,0,0,0,0,0,0,0,0,0,0,1,0,1,0,1,0,0,0,0,2,0,0,0,2,2,0,0,0,0,0,0,0,0,0,0,0,0,0,0,0,0,0,0,0,0,1,0,0,0,0,1,0,0,0,1,1
Sayreville Police,2005-04-01,New Jersey,42756,NJ01219,breakdown offenses,normal return,normal return,normal return,normal return,normal return,breakdown offenses,breakdown offenses,breakdown offenses,0,0,0,0,0,0,0,0,0,0,0,0,0,23,0,0,0,0,23,8,6,1,1,43,7,5,0,2,81,0,0,0,58,58,0,0,0,0,0,0,0,0,0,0,5,0,0,0,1,4,2,1,1,0,6,1,1,0,0,14,0,1,1,9,10,0,0,0,0,0,0,0,0,0,0,1,0,0,0,1,0,1,1,0,0,1,0,0,0,0,3,0,1,1,2,3,0,0,0,0,0,0,0,0,0,0,0,0,0,0,0,0,0,0,0,0,1,0,0,0,0,1,0,0,0,1,1
Sayreville Police,2005-05-01,New Jersey,42756,NJ01219,breakdown offenses,adjustment,adjustment,adjustment,adjustment,adjustment,breakdown offenses,breakdown offenses,breakdown offenses,0,0,2,0,0,1,1,0,2,0,0,0,2,25,0,2,1,0,22,14,7,4,3,45,5,4,0,1,92,0,3,6,64,70,0,0,2,2,0,0,0,0,0,0,14,0,1,1,1,11,4,1,2,1,3,1,1,0,0,24,0,3,5,8,13,0,0,0,0,0,0,0,0,0,0,1,0,0,0,1,0,2,1,0,1,0,0,0,0,0,3,0,1,1,2,3,0,0,0,0,0,0,0,0,0,0,0,0,0,0,0,0,0,0,0,0,0,0,0,0,0,0,0,0,0,0,0
Sayreville Police,2005-06-01,New Jersey,42756,NJ01219,breakdown offenses,normal return,normal return,normal return,normal return,normal return,breakdown offenses,breakdown offenses,breakdown offenses,0,0,0,0,0,1,1,0,1,0,0,0,1,24,0,0,1,2,21,10,5,2,3,51,8,3,1,4,95,0,3,5,69,74,0,0,0,0,0,0,0,0,0,0,3,0,0,1,2,0,3,1,1,1,4,1,1,0,0,11,0,3,3,8,11,0,0,0,0,0,0,0,0,0,0,1,0,0,0,1,0,0,0,0,0,0,0,0,0,0,1,0,1,1,0,1,0,0,0,0,0,0,0,0,0,0,2,0,0,0,0,2,1,0,1,0,0,0,0,0,0,3,0,0,0,1,1
Sayreville Police,2005-07-01,New Jersey,42756,NJ01219,breakdown offenses,adjustment,adjustment,adjustment,adjustment,adjustment,breakdown offenses,breakdown offenses,breakdown offenses,0,0,1,0,0,0,0,0,1,0,0,0,1,28,0,0,2,1,25,15,6,3,6,49,4,4,0,0,97,0,3,4,68,72,0,0,1,1,0,1,0,0,0,1,12,0,0,0,1,11,1,0,0,1,1,0,0,0,0,16,0,1,3,2,5,0,0,0,0,0,0,0,0,0,0,0,0,0,0,0,0,0,0,0,0,0,0,0,0,0,0,0,0,0,0,0,0,0,0,0,0,0,0,0,0,0,0,0,0,0,0,0,0,0,0,0,0,2,2,0,0,2,0,0,0,2,2
Sayreville Police,2005-08-01,New Jersey,42756,NJ01219,breakdown offenses,adjustment,adjustment,adjustment,adjustment,adjustment,breakdown offenses,breakdown offenses,breakdown offenses,0,0,1,0,0,1,1,0,4,0,2,0,2,22,0,1,1,0,20,5,3,1,1,70,10,6,4,0,112,0,2,7,85,92,0,0,1,1,0,2,0,1,0,1,7,0,0,0,0,7,0,0,0,0,2,0,0,0,0,12,0,0,3,2,5,0,0,0,0,0,0,0,0,0,0,2,0,0,0,0,2,0,0,0,0,0,0,0,0,0,2,0,0,0,0,0,0,0,0,0,0,0,0,0,0,0,0,0,0,0,0,0,0,0,0,0,0,0,0,0,0,0,0,0,0,0,0
Sayreville Police,2005-09-01,New Jersey,42756,NJ01219,breakdown offenses,adjustment,adjustment,adjustment,adjustment,adjustment,breakdown offenses,breakdown offenses,breakdown offenses,0,0,1,0,0,1,1,0,1,1,0,0,0,25,0,2,1,0,22,6,4,1,1,53,1,1,0,0,87,0,3,5,60,65,0,0,0,0,0,2,0,0,2,0,7,0,2,0,0,5,0,0,0,0,2,1,1,0,0,12,0,2,4,3,7,0,0,0,0,0,0,0,0,0,0,1,0,0,0,0,1,0,0,0,0,1,0,0,0,0,2,0,0,0,1,1,0,0,0,0,0,0,0,0,0,0,0,0,0,0,0,0,0,0,0,0,0,0,0,0,0,0,0,0,0,0,0
Sayreville Police,2005-10-01,New Jersey,42756,NJ01219,breakdown offenses,normal return,normal return,normal return,normal return,normal return,breakdown offenses,breakdown offenses,breakdown offenses,0,0,1,1,0,0,0,0,2,1,0,0,1,29,0,2,2,1,24,12,6,4,2,35,7,4,0,3,86,0,5,8,54,62,0,0,0,0,0,0,0,0,0,0,8,0,0,1,1,6,1,0,1,0,2,0,0,0,0,11,0,2,2,3,5,0,0,0,0,0,0,0,0,0,0,0,0,0,0,0,0,0,0,0,0,0,0,0,0,0,0,0,0,0,0,0,0,0,0,0,0,0,0,0,0,0,0,0,0,0,0,0,0,0,0,0,0,0,0,0,0,0,0,0,0,0,0
Sayreville Police,2005-11-01,New Jersey,42756,NJ01219,breakdown offenses,normal return,normal return,normal return,normal return,normal return,breakdown offenses,breakdown offenses,breakdown offenses,0,0,1,0,0,0,0,0,0,0,0,0,0,26,0,0,2,2,22,5,3,2,0,29,8,3,1,4,68,0,4,4,42,46,0,0,0,0,0,1,1,0,0,0,11,0,0,2,1,8,1,0,1,0,4,1,1,0,0,18,0,3,4,6,10,0,0,0,0,0,0,0,0,0,0,0,0,0,0,0,0,0,0,0,0,0,0,0,0,0,0,0,0,0,0,0,0,0,0,0,0,0,0,0,0,0,0,0,0,0,0,0,0,0,0,0,0,0,0,0,0,0,0,0,0,0,0
Sayreville Police,2005-12-01,New Jersey,42756,NJ01219,breakdown offenses,normal return,normal return,normal return,normal return,normal return,breakdown offenses,breakdown offenses,breakdown offenses,0,0,0,0,0,0,0,0,1,1,0,0,0,13,0,0,1,0,12,6,4,1,1,32,3,3,0,0,55,0,1,2,41,43,0,0,0,0,0,0,0,0,0,0,3,0,0,0,0,3,1,0,1,0,0,0,0,0,0,4,0,0,0,1,1,0,0,0,0,0,0,0,0,0,0,0,0,0,0,0,0,0,0,0,0,0,0,0,0,0,0,0,0,0,0,0,0,0,0,0,0,0,0,0,0,0,0,0,0,0,0,0,0,0,0,0,0,0,0,0,0,0,0,0,0,0,0
Sayreville Police,2006-01-01,New Jersey,43050,NJ01219,breakdown offenses,normal return,normal return,normal return,normal return,normal return,breakdown offenses,breakdown offenses,breakdown offenses,0,0,0,0,0,0,0,0,0,0,0,0,0,18,0,2,1,0,15,8,4,0,4,64,5,4,1,0,95,0,3,3,77,80,0,0,0,0,0,0,0,0,0,0,8,0,2,1,0,5,0,0,0,0,4,0,0,0,0,12,0,3,3,4,7,0,0,0,0,0,0,0,0,0,0,0,0,0,0,0,0,0,0,0,0,1,0,0,0,0,1,0,0,0,1,1,0,0,0,0,0,0,0,0,0,0,0,0,0,0,0,0,0,0,0,0,0,0,0,0,0,0,0,0,0,0,0
Sayreville Police,2006-02-01,New Jersey,43050,NJ01219,breakdown offenses,normal return,normal return,normal return,normal return,normal return,breakdown offenses,breakdown offenses,breakdown offenses,0,0,0,0,0,1,1,0,0,0,0,0,0,24,0,0,2,0,22,11,4,1,6,39,3,2,1,0,78,0,2,3,53,56,0,0,0,0,0,0,0,0,0,0,9,0,0,1,0,8,1,1,0,0,2,0,0,0,0,12,0,1,1,3,4,0,0,0,0,0,0,0,0,0,0,0,0,0,0,0,0,0,0,0,0,1,0,0,0,0,1,0,0,0,1,1,0,0,0,0,0,0,0,0,0,0,0,0,0,0,0,0,0,0,0,0,0,0,0,0,0,0,0,0,0,0,0
Sayreville Police,2006-03-01,New Jersey,43050,NJ01219,breakdown offenses,normal return,normal return,normal return,normal return,normal return,breakdown offenses,breakdown offenses,breakdown offenses,0,0,0,0,0,1,1,0,0,0,0,0,0,33,1,0,1,0,31,8,2,2,4,65,9,8,1,0,116,0,2,3,82,85,0,0,1,1,0,0,0,0,0,0,11,1,0,2,0,8,0,0,0,0,4,0,0,0,0,16,0,3,4,4,8,0,0,0,0,0,0,0,0,0,0,1,0,0,0,0,1,0,0,0,0,1,0,0,0,0,2,0,0,0,1,1,0,0,0,0,0,0,0,0,0,0,0,0,0,0,0,0,0,0,0,0,0,0,0,0,0,0,0,0,0,0,0
Sayreville Police,2006-04-01,New Jersey,43050,NJ01219,breakdown offenses,normal return,normal return,normal return,normal return,normal return,breakdown offenses,breakdown offenses,breakdown offenses,0,0,1,0,0,1,1,0,2,2,0,0,0,27,0,1,0,1,25,10,5,5,0,24,3,2,1,0,67,0,2,5,37,42,0,0,0,0,0,2,2,0,0,0,9,0,0,0,2,7,3,2,1,0,2,0,0,0,0,16,0,2,4,5,9,0,0,0,0,0,0,0,0,0,0,1,0,0,0,1,0,1,0,1,0,2,0,0,0,0,4,0,1,1,3,4,0,0,0,0,0,0,0,0,0,0,0,0,0,0,0,0,0,0,0,0,0,0,0,0,0,0,0,0,0,0,0
Sayreville Police,2006-05-01,New Jersey,43050,NJ01219,breakdown offenses,adjustment,adjustment,adjustment,adjustment,adjustment,breakdown offenses,breakdown offenses,breakdown offenses,0,0,0,0,0,0,0,0,4,1,1,0,2,37,1,0,3,1,32,10,7,3,0,37,4,3,0,1,92,0,5,9,51,60,0,0,0,0,0,1,1,0,0,0,5,0,0,1,1,3,2,0,2,0,2,0,0,0,0,10,0,2,3,4,7,0,0,0,0,0,0,0,0,0,0,0,0,0,0,0,0,0,0,0,0,1,0,0,0,0,1,0,0,0,1,1,0,0,0,0,0,0,0,0,0,0,0,0,0,0,0,0,0,0,0,0,0,0,0,0,0,0,0,0,0,0,0
Sayreville Police,2006-06-01,New Jersey,43050,NJ01219,breakdown offenses,normal return,normal return,normal return,normal return,normal return,breakdown offenses,breakdown offenses,breakdown offenses,0,0,0,0,0,1,1,0,1,0,0,0,1,24,0,2,1,0,21,18,12,4,2,54,5,3,2,0,103,0,3,5,77,82,0,0,0,0,0,0,0,0,0,0,7,0,2,0,0,5,6,3,3,0,6,0,0,0,0,19,0,2,2,12,14,0,0,0,0,0,0,0,0,0,0,0,0,0,0,0,0,0,0,0,0,1,0,0,0,0,1,0,0,0,1,1,0,0,0,0,0,0,0,0,0,0,0,0,0,0,0,0,0,0,0,0,0,0,0,0,0,0,0,0,0,0,0
Sayreville Police,2006-07-01,New Jersey,43050,NJ01219,breakdown offenses,adjustment,adjustment,adjustment,adjustment,adjustment,breakdown offenses,breakdown offenses,breakdown offenses,0,0,0,0,0,0,0,0,1,0,0,0,1,29,0,2,1,1,25,15,6,6,3,66,15,11,1,3,126,0,4,5,96,101,0,0,0,0,0,0,0,0,0,0,9,0,1,1,3,4,2,2,0,0,2,0,0,0,0,13,0,5,5,4,9,0,0,0,0,0,0,0,0,0,0,0,0,0,0,0,0,1,1,0,0,0,0,0,0,0,1,0,0,0,1,1,0,0,0,0,0,0,0,0,0,0,0,0,0,0,0,0,0,0,0,0,0,0,0,0,0,0,0,0,0,0,0
Sayreville Police,2006-08-01,New Jersey,43050,NJ01219,breakdown offenses,adjustment,adjustment,adjustment,adjustment,adjustment,breakdown offenses,breakdown offenses,breakdown offenses,0,0,0,0,0,0,0,0,0,0,0,0,0,44,1,1,4,4,34,11,7,2,2,60,6,3,2,1,121,0,10,10,77,87,0,0,0,0,0,0,0,0,0,0,14,0,0,1,3,10,1,0,1,0,6,0,0,0,0,21,0,4,4,7,11,0,0,0,0,0,0,0,0,0,0,0,0,0,0,0,0,1,0,1,0,0,0,0,0,0,1,0,0,0,1,1,0,0,0,0,0,0,0,0,0,0,0,0,0,0,0,0,0,0,0,0,1,0,0,0,0,1,0,0,0,1,1
Sayreville Police,2006-09-01,New Jersey,43050,NJ01219,breakdown offenses,adjustment,adjustment,adjustment,adjustment,adjustment,breakdown offenses,breakdown offenses,breakdown offenses,0,0,0,0,0,0,0,0,3,1,0,1,1,32,0,0,1,2,29,13,7,4,2,43,11,8,1,2,102,0,3,6,67,73,0,0,0,0,0,1,1,0,0,0,7,0,0,0,3,4,0,0,0,0,2,0,0,0,0,10,0,3,4,2,6,0,0,0,0,0,0,0,0,0,0,1,0,0,0,1,0,0,0,0,0,0,0,0,0,0,1,0,1,1,0,1,0,0,0,0,0,0,0,0,0,0,0,0,0,0,0,0,0,0,0,0,0,0,0,0,0,0,0,0,0,0,0
Sayreville Police,2006-10-01,New Jersey,43050,NJ01219,breakdown offenses,normal return,normal return,normal return,normal return,normal return,breakdown offenses,breakdown offenses,breakdown offenses,0,0,0,0,0,0,0,0,1,0,0,0,1,29,0,2,1,1,25,10,4,5,1,36,2,2,0,0,78,0,4,5,48,53,0,0,0,0,0,1,0,0,0,1,7,0,0,0,1,6,0,0,0,0,2,0,0,0,0,10,0,1,2,2,4,0,0,0,0,0,1,0,0,0,1,2,0,0,0,1,1,0,0,0,0,1,0,0,0,0,4,0,1,2,1,3,0,0,0,0,0,0,0,0,0,0,0,0,0,0,0,0,0,0,0,0,0,0,0,0,0,0,0,0,0,0,0
Sayreville Police,2006-11-01,New Jersey,43050,NJ01219,breakdown offenses,normal return,normal return,normal return,normal return,normal return,breakdown offenses,breakdown offenses,breakdown offenses,0,0,0,0,0,1,1,0,1,0,0,0,1,29,1,0,2,5,21,7,2,5,0,42,11,8,1,2,91,0,8,10,60,70,0,0,0,0,0,0,0,0,0,0,11,0,0,0,6,5,2,0,2,0,8,0,0,0,0,21,0,6,6,10,16,0,0,0,0,0,0,0,0,0,0,1,0,0,0,1,0,0,0,0,0,0,0,0,0,0,1,0,1,1,0,1,0,0,0,0,0,0,0,0,0,0,0,0,0,0,0,0,0,0,0,0,0,0,0,0,0,0,0,0,0,0,0
Sayreville Police,2006-12-01,New Jersey,43050,NJ01219,breakdown offenses,normal return,normal return,normal return,normal return,normal return,breakdown offenses,breakdown offenses,breakdown offenses,0,0,1,0,0,0,0,0,0,0,0,0,0,27,0,0,3,2,22,8,5,3,0,36,8,5,2,1,79,0,5,5,52,57,0,0,0,0,0,0,0,0,0,0,10,0,0,2,2,6,1,0,1,0,3,0,0,0,0,14,0,4,4,4,8,0,0,0,0,0,0,0,0,0,0,0,0,0,0,0,0,0,0,0,0,0,0,0,0,0,0,0,0,0,0,0,0,0,0,0,0,0,0,0,0,0,0,0,0,0,0,0,0,0,0,0,0,0,0,0,0,0,0,0,0,0,0
Sayreville Police,2007-01-01,New Jersey,42372,NJ01219,breakdown offenses,normal return,normal return,normal return,normal return,normal return,breakdown offenses,breakdown offenses,breakdown offenses,0,0,0,0,0,1,1,0,0,0,0,0,0,25,0,0,1,2,22,23,11,6,6,24,9,7,0,2,82,0,3,4,56,60,0,0,0,0,0,0,0,0,0,0,8,0,0,1,2,5,1,1,0,0,1,0,0,0,0,10,0,3,3,2,5,0,0,0,0,0,0,0,0,0,0,0,0,0,0,0,0,0,0,0,0,0,0,0,0,0,0,0,0,0,0,0,0,0,0,0,0,0,0,0,0,0,0,0,0,0,0,0,0,0,0,0,0,0,0,0,0,0,0,0,0,0,0
Sayreville Police,2007-02-01,New Jersey,42372,NJ01219,breakdown offenses,normal return,normal return,normal return,normal return,normal return,breakdown offenses,breakdown offenses,breakdown offenses,0,0,0,0,0,0,0,0,1,1,0,0,0,14,0,0,3,0,11,10,6,3,1,25,6,4,2,0,56,0,3,4,41,45,0,0,0,0,0,0,0,0,0,0,9,0,0,1,2,6,16,10,5,1,1,0,0,0,0,26,0,3,3,17,20,0,0,0,0,0,0,0,0,0,0,3,0,0,0,1,2,0,0,0,0,1,0,0,0,0,4,0,1,1,1,2,0,0,0,0,0,0,0,0,0,0,0,0,0,0,0,0,0,0,0,0,0,0,0,0,0,0,0,0,0,0,0
Sayreville Police,2007-03-01,New Jersey,42372,NJ01219,breakdown offenses,normal return,normal return,normal return,normal return,normal return,breakdown offenses,breakdown offenses,breakdown offenses,0,0,0,0,0,1,1,0,1,0,0,0,1,17,0,0,1,3,13,10,4,5,1,25,6,6,0,0,60,0,4,6,41,47,0,0,0,0,0,0,0,0,0,0,5,0,0,0,2,3,1,0,1,0,2,0,0,0,0,8,0,2,2,3,5,0,0,0,0,0,0,0,0,0,0,0,0,0,0,0,0,0,0,0,0,0,0,0,0,0,0,0,0,0,0,0,0,0,0,0,0,0,0,0,0,0,0,0,0,0,0,0,0,0,0,0,0,0,0,0,0,0,0,0,0,0,0
Sayreville Police,2007-04-01,New Jersey,42372,NJ01219,breakdown offenses,normal return,normal return,normal return,normal return,normal return,breakdown offenses,breakdown offenses,breakdown offenses,0,0,0,0,0,0,0,0,1,1,0,0,0,21,0,0,0,0,21,15,3,8,4,46,3,2,0,1,86,0,0,1,64,65,0,0,0,0,0,0,0,0,0,0,2,0,0,0,0,2,1,0,1,0,0,0,0,0,0,3,0,0,0,1,1,0,0,0,0,0,0,0,0,0,0,0,0,0,0,0,0,0,0,0,0,0,0,0,0,0,0,0,0,0,0,0,0,0,0,0,0,0,0,0,0,0,0,0,0,0,0,0,0,0,0,0,0,0,0,0,0,0,0,0,0,0,0
Sayreville Police,2007-05-01,New Jersey,42372,NJ01219,breakdown offenses,normal return,normal return,normal return,normal return,normal return,breakdown offenses,breakdown offenses,breakdown offenses,0,0,0,0,0,0,0,0,2,1,0,0,1,35,0,1,0,0,34,11,8,2,1,36,5,1,1,3,89,0,1,3,52,55,0,0,0,0,0,0,0,0,0,0,4,0,0,0,0,4,0,0,0,0,3,0,0,0,0,7,0,0,0,3,3,0,0,0,0,0,0,0,0,0,0,0,0,0,0,0,0,0,0,0,0,1,0,0,0,0,1,0,0,0,1,1,0,0,0,0,0,0,0,0,0,0,0,0,0,0,0,0,0,0,0,0,0,1,1,0,0,1,0,0,0,1,1
Sayreville Police,2007-06-01,New Jersey,42372,NJ01219,breakdown offenses,normal return,normal return,normal return,normal return,normal return,breakdown offenses,breakdown offenses,breakdown offenses,0,0,0,1,0,1,1,0,1,0,0,0,1,22,0,0,1,0,21,17,6,8,3,31,5,2,3,0,78,0,1,4,53,57,0,0,0,0,0,0,0,0,0,0,4,0,0,0,1,3,1,0,1,0,2,0,0,0,0,7,0,1,1,3,4,0,0,0,0,0,0,0,0,0,0,1,0,0,0,1,0,0,0,0,0,0,0,0,0,0,1,0,1,1,0,1,0,0,0,0,0,0,0,0,0,0,0,0,0,0,0,0,0,0,0,0,1,0,0,0,0,1,0,0,0,1,1
Sayreville Police,2007-07-01,New Jersey,42372,NJ01219,breakdown offenses,normal return,normal return,normal return,normal return,normal return,breakdown offenses,breakdown offenses,breakdown offenses,0,0,0,0,0,1,1,0,2,0,0,1,1,35,0,1,4,0,30,14,4,4,6,69,7,5,2,0,128,0,5,8,90,98,0,0,1,1,0,0,0,0,0,0,15,0,1,3,0,11,1,0,1,0,1,0,0,0,0,18,0,4,5,2,7,0,0,0,0,0,0,0,0,0,0,1,0,0,1,0,0,0,0,0,0,0,0,0,0,0,1,0,1,1,0,1,0,0,0,0,0,0,0,0,0,0,0,0,0,0,0,0,0,0,0,0,0,0,0,0,0,0,0,0,0,0,0
Sayreville Police,2007-08-01,New Jersey,42372,NJ01219,breakdown offenses,normal return,normal return,normal return,normal return,normal return,breakdown offenses,breakdown offenses,breakdown offenses,0,0,0,0,0,1,0,1,2,0,0,0,2,21,0,1,2,0,18,9,5,4,0,48,0,0,0,0,81,0,3,6,57,63,0,0,0,0,0,0,0,0,0,0,9,0,1,0,0,8,0,0,0,0,12,1,1,0,0,22,0,1,1,13,14,0,0,0,0,0,0,0,0,0,0,0,0,0,0,0,0,0,0,0,0,0,0,0,0,0,0,0,0,0,0,0,0,0,0,0,0,0,0,0,0,0,0,0,0,0,0,0,0,0,0,0,2,0,0,0,0,2,0,0,0,2,2
Sayreville Police,2007-09-01,New Jersey,42372,NJ01219,breakdown offenses,normal return,normal return,normal return,normal return,normal return,breakdown offenses,breakdown offenses,breakdown offenses,0,0,0,0,0,0,0,0,1,0,1,0,0,28,0,0,2,3,23,11,3,6,2,57,4,3,0,1,101,0,5,6,72,78,0,0,0,0,0,3,0,1,0,2,10,0,0,2,1,7,1,0,1,0,13,0,0,0,0,27,0,3,6,14,20,0,0,0,0,0,1,0,0,0,1,0,0,0,0,0,0,0,0,0,0,0,0,0,0,0,1,0,0,1,0,1,0,0,0,0,0,0,0,0,0,0,0,0,0,0,0,0,0,0,0,0,0,0,0,0,0,0,0,0,0,0,0
Sayreville Police,2007-10-01,New Jersey,42372,NJ01219,breakdown offenses,normal return,normal return,normal return,normal return,normal return,breakdown offenses,breakdown offenses,breakdown offenses,0,0,0,0,0,0,0,0,1,0,0,0,1,26,0,2,1,0,23,18,10,4,4,52,5,5,0,0,102,0,3,4,75,79,0,0,0,0,0,0,0,0,0,0,7,0,2,0,0,5,0,0,0,0,3,0,0,0,0,10,0,2,2,3,5,0,0,0,0,0,0,0,0,0,0,0,0,0,0,0,0,0,0,0,0,1,0,0,0,0,1,0,0,0,1,1,0,0,0,0,0,0,0,0,0,0,0,0,0,0,0,0,0,0,0,0,0,1,0,0,1,1,0,0,0,1,1
Sayreville Police,2007-11-01,New Jersey,42372,NJ01219,breakdown offenses,normal return,normal return,normal return,normal return,normal return,breakdown offenses,breakdown offenses,breakdown offenses,0,0,0,0,0,0,0,0,2,0,1,1,0,27,0,0,2,2,23,18,7,2,9,35,4,2,1,1,86,0,4,6,57,63,0,0,0,0,0,0,0,0,0,0,12,0,0,2,2,8,1,1,0,0,3,1,1,0,0,17,0,4,4,5,9,0,0,0,0,0,0,0,0,0,0,2,0,0,1,1,0,1,1,0,0,0,0,0,0,0,3,0,2,2,1,3,0,0,0,0,0,0,0,0,0,0,0,0,0,0,0,0,0,0,0,0,0,0,0,0,0,0,0,0,0,0,0
Sayreville Police,2007-12-01,New Jersey,42372,NJ01219,breakdown offenses,normal return,normal return,normal return,normal return,normal return,breakdown offenses,breakdown offenses,breakdown offenses,0,0,0,0,0,0,0,0,5,3,0,0,2,28,0,1,0,1,26,9,5,4,0,26,0,0,0,0,68,0,2,7,35,42,0,0,0,0,0,1,0,0,0,1,4,0,1,0,0,3,1,0,1,0,1,0,0,0,0,7,0,1,2,2,4,0,0,0,0,0,0,0,0,0,0,0,0,0,0,0,0,0,0,0,0,0,0,0,0,0,0,0,0,0,0,0,0,0,0,0,0,0,0,0,0,0,0,0,0,0,0,0,0,0,0,0,0,0,0,0,0,0,0,0,0,0,0
Sayreville Police,2008-01-01,New Jersey,42408,NJ01219,breakdown offenses,adjustment,adjustment,adjustment,adjustment,adjustment,breakdown offenses,breakdown offenses,breakdown offenses,0,0,0,0,0,1,1,0,2,0,0,0,2,31,1,0,2,1,27,13,7,5,1,31,2,1,1,0,80,0,4,7,46,53,0,0,0,0,0,1,0,0,0,1,11,0,0,0,2,9,1,0,1,0,2,0,0,0,0,15,0,2,3,3,6,0,0,0,0,0,0,0,0,0,0,1,0,0,0,0,1,0,0,0,0,0,0,0,0,0,1,0,0,0,0,0,0,0,0,0,0,0,0,0,0,0,0,0,0,0,0,0,1,0,0,1,0,0,0,0,0,1,0,0,0,1,1
Sayreville Police,2008-02-01,New Jersey,42408,NJ01219,breakdown offenses,adjustment,adjustment,adjustment,adjustment,adjustment,breakdown offenses,breakdown offenses,breakdown offenses,0,0,0,0,0,1,1,0,0,0,0,0,0,24,0,2,3,2,17,11,5,5,1,25,3,2,1,0,64,0,7,8,39,47,0,0,0,0,0,0,0,0,0,0,8,0,1,3,1,3,1,0,1,0,1,0,0,0,0,10,0,5,5,2,7,0,0,0,0,0,0,0,0,0,0,1,0,0,0,1,0,1,0,1,0,0,0,0,0,0,2,0,1,1,1,2,0,0,0,0,0,0,0,0,0,0,0,0,0,0,0,0,0,0,0,0,0,0,0,0,0,0,0,0,0,0,0
Sayreville Police,2008-03-01,New Jersey,42408,NJ01219,breakdown offenses,adjustment,adjustment,adjustment,adjustment,adjustment,breakdown offenses,breakdown offenses,breakdown offenses,0,0,0,0,0,2,2,0,0,0,0,0,0,31,0,1,2,0,28,14,6,5,3,54,5,3,2,0,106,0,3,5,73,78,0,0,0,0,0,1,0,0,0,1,11,0,1,1,1,8,4,2,1,1,12,0,0,0,0,28,0,3,4,16,20,0,0,0,0,0,0,0,0,0,0,1,0,0,0,1,0,1,1,0,0,0,0,0,0,0,2,0,1,1,1,2,0,0,0,0,0,0,0,0,0,0,0,0,0,0,0,0,0,0,0,0,0,0,0,0,0,0,0,0,0,0,0
Sayreville Police,2008-04-01,New Jersey,42408,NJ01219,breakdown offenses,adjustment,adjustment,adjustment,adjustment,adjustment,breakdown offenses,breakdown offenses,breakdown offenses,0,0,0,0,0,0,0,0,2,1,0,0,1,29,0,0,1,1,27,6,3,3,0,58,2,2,0,0,97,0,2,4,66,70,0,0,0,0,0,0,0,0,0,0,8,0,0,0,1,7,0,0,0,0,8,0,0,0,0,16,0,1,1,8,9,0,0,0,0,0,0,0,0,0,0,1,0,0,0,0,1,0,0,0,0,1,0,0,0,0,2,0,0,0,1,1,0,0,0,0,0,0,0,0,0,0,0,0,0,0,0,0,0,0,0,0,0,0,0,0,0,0,0,0,0,0,0
Sayreville Police,2008-05-01,New Jersey,42408,NJ01219,breakdown offenses,adjustment,adjustment,adjustment,adjustment,adjustment,breakdown offenses,breakdown offenses,breakdown offenses,0,0,0,0,0,0,0,0,0,0,0,0,0,39,0,1,1,0,37,6,4,2,0,56,7,5,0,2,108,0,2,2,69,71,0,0,0,0,0,1,1,0,0,0,10,0,1,0,0,9,2,1,1,0,5,0,0,0,0,18,0,1,2,7,9,0,0,0,0,0,0,0,0,0,0,2,0,0,0,0,2,1,0,1,0,0,0,0,0,0,3,0,0,0,1,1,0,0,0,0,0,0,0,0,0,0,0,0,0,0,0,0,0,0,0,0,0,0,0,0,0,0,0,0,0,0,0
Sayreville Police,2008-06-01,New Jersey,42408,NJ01219,breakdown offenses,adjustment,adjustment,adjustment,adjustment,adjustment,breakdown offenses,breakdown offenses,breakdown offenses,0,0,0,0,0,0,0,0,2,0,0,0,2,34,0,3,2,2,27,13,3,5,5,39,7,5,0,2,95,0,7,9,59,68,0,0,0,0,0,1,0,0,0,1,16,0,3,2,2,9,0,0,0,0,4,0,0,0,0,21,0,7,8,4,12,0,0,0,0,0,0,0,0,0,0,2,0,0,0,1,1,0,0,0,0,1,0,0,0,0,3,0,1,1,1,2,0,0,0,0,0,0,0,0,0,0,0,0,0,0,0,0,0,0,0,0,0,0,0,0,0,0,0,0,0,0,0
Sayreville Police,2008-07-01,New Jersey,42408,NJ01219,breakdown offenses,adjustment,adjustment,adjustment,adjustment,adjustment,breakdown offenses,breakdown offenses,breakdown offenses,0,0,0,0,0,1,1,0,4,1,0,1,2,34,0,0,1,1,32,14,9,4,1,57,7,1,5,1,117,0,2,7,78,85,0,0,0,0,0,0,0,0,0,0,7,0,0,1,1,5,0,0,0,0,1,0,0,0,0,8,0,2,2,1,3,0,0,0,0,0,0,0,0,0,0,0,0,0,0,0,0,0,0,0,0,1,0,0,0,0,1,0,0,0,1,1,0,0,0,0,0,0,0,0,0,0,0,0,0,0,0,0,0,0,0,0,0,0,0,0,0,0,0,0,0,0,0
Sayreville Police,2008-08-01,New Jersey,42408,NJ01219,breakdown offenses,adjustment,adjustment,adjustment,adjustment,adjustment,breakdown offenses,breakdown offenses,breakdown offenses,0,0,0,0,0,1,1,0,7,3,1,0,3,28,0,1,2,3,22,12,8,3,1,42,4,4,0,0,94,0,6,14,58,72,0,0,0,0,0,2,1,1,0,0,7,0,1,0,0,6,1,1,0,0,1,0,0,0,0,11,0,1,3,2,5,0,0,0,0,0,0,0,0,0,0,0,0,0,0,0,0,0,0,0,0,0,0,0,0,0,0,0,0,0,0,0,0,0,0,0,0,0,0,0,0,0,0,0,0,0,0,0,0,0,0,0,0,0,0,0,0,0,0,0,0,0,0
Sayreville Police,2008-09-01,New Jersey,42408,NJ01219,breakdown offenses,adjustment,adjustment,adjustment,adjustment,adjustment,breakdown offenses,breakdown offenses,breakdown offenses,0,0,0,0,0,0,0,0,3,3,0,0,0,24,0,1,1,0,22,15,11,3,1,49,6,3,1,2,97,0,2,5,70,75,0,0,0,0,0,1,1,0,0,0,7,0,1,1,0,5,1,0,1,0,2,0,0,0,0,11,0,2,3,3,6,0,0,0,0,0,0,0,0,0,0,0,0,0,0,0,0,0,0,0,0,1,0,0,0,0,1,0,0,0,1,1,0,0,0,0,0,0,0,0,0,0,0,0,0,0,0,0,0,0,0,0,0,0,0,0,0,0,0,0,0,0,0
Sayreville Police,2008-10-01,New Jersey,42408,NJ01219,breakdown offenses,adjustment,adjustment,adjustment,adjustment,adjustment,breakdown offenses,breakdown offenses,breakdown offenses,0,0,0,0,0,0,0,0,4,0,0,0,4,27,1,0,3,0,23,16,12,2,2,44,6,3,1,2,97,0,4,8,66,74,0,0,0,0,0,0,0,0,0,0,13,5,0,1,0,7,1,1,0,0,0,1,1,0,0,15,0,6,6,2,8,0,0,0,0,0,0,0,0,0,0,4,4,0,0,0,0,0,0,0,0,0,0,0,0,0,4,0,4,4,0,4,0,0,0,0,0,0,0,0,0,0,0,0,0,0,0,0,0,0,0,0,0,0,0,0,0,0,0,0,0,0,0
Sayreville Police,2008-11-01,New Jersey,42408,NJ01219,breakdown offenses,adjustment,adjustment,adjustment,adjustment,adjustment,breakdown offenses,breakdown offenses,breakdown offenses,0,0,0,0,0,0,0,0,2,2,0,0,0,36,1,0,1,1,33,14,8,3,3,34,2,2,0,0,88,0,3,5,50,55,0,0,0,0,0,0,0,0,0,0,9,0,0,1,1,7,1,0,1,0,3,1,1,0,0,14,0,2,2,5,7,0,0,0,0,0,0,0,0,0,0,0,0,0,0,0,0,0,0,0,0,1,0,0,0,0,1,0,0,0,1,1,0,0,0,0,0,0,0,0,0,0,0,0,0,0,0,0,0,0,0,0,0,0,0,0,0,0,0,0,0,0,0
Sayreville Police,2008-12-01,New Jersey,42408,NJ01219,breakdown offenses,adjustment,adjustment,adjustment,adjustment,adjustment,breakdown offenses,breakdown offenses,breakdown offenses,0,0,0,0,0,0,0,0,4,2,0,0,2,22,0,0,1,2,19,13,9,1,3,33,0,0,0,0,72,0,3,7,46,53,0,0,0,0,0,1,1,0,0,0,5,0,0,0,1,4,2,2,0,0,2,0,0,0,0,10,0,1,2,4,6,0,0,0,0,0,0,0,0,0,0,0,0,0,0,0,0,1,1,0,0,0,0,0,0,0,1,0,0,0,1,1,0,0,0,0,0,0,0,0,0,0,0,0,0,0,0,0,0,0,0,0,0,0,0,0,0,0,0,0,0,0,0
Sayreville Police,2009-01-01,New Jersey,42401,NJ01219,breakdown offenses,adjustment,adjustment,adjustment,adjustment,adjustment,breakdown offenses,breakdown offenses,breakdown offenses,0,0,0,0,0,0,0,0,1,0,0,0,1,30,0,0,1,4,25,8,3,2,3,31,4,3,1,0,74,0,5,6,43,49,0,0,0,0,0,1,0,0,0,1,14,0,0,0,6,8,3,0,3,0,1,0,0,0,0,19,0,6,7,4,11,0,0,0,0,0,0,0,0,0,0,4,0,0,0,4,0,0,0,0,0,0,0,0,0,0,4,0,4,4,0,4,0,0,0,0,0,0,0,0,0,0,0,0,0,0,0,0,0,0,0,0,0,0,0,0,0,0,0,0,0,0,0
Sayreville Police,2009-02-01,New Jersey,42401,NJ01219,breakdown offenses,adjustment,adjustment,adjustment,adjustment,adjustment,breakdown offenses,breakdown offenses,breakdown offenses,0,0,0,0,0,0,0,0,1,0,0,0,1,26,0,1,2,3,20,8,3,3,2,44,3,1,0,2,82,0,6,7,55,62,0,0,0,0,0,1,0,0,0,1,8,0,1,0,1,6,0,0,0,0,1,0,0,0,0,10,0,2,3,1,4,0,0,0,0,0,1,0,0,0,1,0,0,0,0,0,0,0,0,0,0,1,0,0,0,0,2,0,0,1,1,2,0,0,0,0,0,0,0,0,0,0,0,0,0,0,0,0,0,0,0,0,0,0,0,0,0,0,0,0,0,0,0
Sayreville Police,2009-03-01,New Jersey,42401,NJ01219,breakdown offenses,adjustment,adjustment,adjustment,adjustment,adjustment,breakdown offenses,breakdown offenses,breakdown offenses,0,0,0,0,0,0,0,0,4,0,0,0,4,29,0,0,0,2,27,9,3,3,3,41,2,1,1,0,85,0,2,6,52,58,0,0,0,0,0,2,0,0,0,2,8,0,0,0,2,6,1,0,1,0,1,0,0,0,0,12,0,2,4,2,6,0,0,0,0,0,0,0,0,0,0,0,0,0,0,0,0,0,0,0,0,0,0,0,0,0,0,0,0,0,0,0,0,0,0,0,0,0,0,0,0,0,0,0,0,0,0,0,0,0,0,0,0,0,0,0,0,0,0,0,0,0,0
Sayreville Police,2009-04-01,New Jersey,42401,NJ01219,breakdown offenses,adjustment,adjustment,adjustment,adjustment,adjustment,breakdown offenses,breakdown offenses,breakdown offenses,0,0,0,0,0,1,1,0,3,2,0,0,1,32,0,3,2,3,24,10,7,2,1,36,4,3,1,0,86,0,8,12,50,62,0,0,0,0,0,1,1,0,0,0,9,0,2,1,1,5,0,0,0,0,4,0,0,0,0,14,0,4,5,4,9,0,0,0,0,0,0,0,0,0,0,0,0,0,0,0,0,0,0,0,0,0,0,0,0,0,0,0,0,0,0,0,0,0,0,0,0,0,0,0,0,0,0,0,0,0,0,0,0,0,0,0,0,0,0,0,0,0,0,0,0,0,0
Sayreville Police,2009-05-01,New Jersey,42401,NJ01219,breakdown offenses,adjustment,adjustment,adjustment,adjustment,adjustment,breakdown offenses,breakdown offenses,breakdown offenses,0,0,0,0,0,0,0,0,1,0,0,0,1,28,2,1,0,0,25,8,4,3,1,54,5,4,0,1,96,0,3,4,67,71,0,0,0,0,0,0,0,0,0,0,12,1,1,0,0,10,1,1,0,0,3,0,0,0,0,16,0,2,2,4,6,0,0,0,0,0,0,0,0,0,0,0,0,0,0,0,0,0,0,0,0,0,0,0,0,0,0,0,0,0,0,0,0,0,0,0,0,0,0,0,0,0,0,0,0,0,0,0,0,0,0,0,0,0,0,0,0,0,0,0,0,0,0
Sayreville Police,2009-06-01,New Jersey,42401,NJ01219,breakdown offenses,adjustment,adjustment,adjustment,adjustment,adjustment,breakdown offenses,breakdown offenses,breakdown offenses,0,0,0,0,0,0,0,0,0,0,0,0,0,25,0,0,3,0,22,7,4,2,1,37,1,1,0,0,70,0,3,3,45,48,0,0,0,0,0,0,0,0,0,0,11,0,0,1,1,9,2,0,2,0,3,0,0,0,0,16,0,2,2,5,7,0,0,0,0,0,0,0,0,0,0,0,0,0,0,0,0,0,0,0,0,1,0,0,0,0,1,0,0,0,1,1,0,0,0,0,0,0,0,0,0,0,0,0,0,0,0,0,0,0,0,0,0,0,0,0,0,0,0,0,0,0,0
Sayreville Police,2009-07-01,New Jersey,42401,NJ01219,breakdown offenses,adjustment,adjustment,adjustment,adjustment,adjustment,breakdown offenses,breakdown offenses,breakdown offenses,0,0,0,1,0,0,0,0,2,0,0,0,2,33,0,0,5,4,24,9,4,3,2,73,2,2,0,0,120,0,9,12,84,96,0,0,0,0,0,0,0,0,0,0,5,0,0,1,0,4,0,0,0,0,5,1,1,0,0,11,0,1,1,6,7,0,0,0,0,0,0,0,0,0,0,0,0,0,0,0,0,0,0,0,0,3,0,0,0,0,3,0,0,0,3,3,0,0,0,0,0,0,0,0,0,0,0,0,0,0,0,0,0,0,0,0,0,0,0,0,0,0,0,0,0,0,0
Sayreville Police,2009-08-01,New Jersey,42401,NJ01219,breakdown offenses,adjustment,adjustment,adjustment,adjustment,adjustment,breakdown offenses,breakdown offenses,breakdown offenses,0,0,0,0,0,0,0,0,0,0,0,0,0,22,0,2,2,2,16,6,2,4,0,35,4,3,0,1,67,0,6,6,45,51,0,0,0,0,0,0,0,0,0,0,6,0,0,1,0,5,0,0,0,0,1,0,0,0,0,7,0,1,1,1,2,0,0,0,0,0,0,0,0,0,0,2,0,0,0,0,2,0,0,0,0,0,0,0,0,0,2,0,0,0,0,0,0,0,0,0,0,0,0,0,0,0,0,0,0,0,0,0,0,0,0,0,0,0,0,0,0,0,0,0,0,0,0
Sayreville Police,2009-09-01,New Jersey,42401,NJ01219,breakdown offenses,adjustment,adjustment,adjustment,adjustment,adjustment,breakdown offenses,breakdown offenses,breakdown offenses,0,0,0,0,0,1,1,0,3,1,0,1,1,12,0,0,0,0,12,12,9,1,2,39,4,3,1,0,71,0,0,4,55,59,0,0,0,0,0,1,0,0,1,0,5,1,0,0,0,4,4,0,1,3,1,0,0,0,0,11,0,1,2,5,7,0,0,0,0,0,0,0,0,0,0,0,0,0,0,0,0,0,0,0,0,0,0,0,0,0,0,0,0,0,0,0,0,0,0,0,0,0,0,0,0,0,0,0,0,0,0,0,0,0,0,0,0,0,0,0,0,0,0,0,0,0,0
Sayreville Police,2009-10-01,New Jersey,42401,NJ01219,breakdown offenses,adjustment,adjustment,adjustment,adjustment,adjustment,breakdown offenses,breakdown offenses,breakdown offenses,0,0,0,0,0,0,0,0,1,0,1,0,0,24,0,0,3,1,20,9,5,2,2,51,4,3,0,1,89,0,4,5,64,69,0,0,0,0,0,2,1,1,0,0,8,0,0,2,1,5,1,1,0,0,1,0,0,0,0,12,0,3,5,2,7,0,0,0,0,0,0,0,0,0,0,0,0,0,0,0,0,0,0,0,0,0,0,0,0,0,0,0,0,0,0,0,0,0,0,0,0,0,0,0,0,0,0,0,0,0,0,0,0,0,0,0,0,1,1,0,0,1,0,0,0,1,1
Sayreville Police,2009-11-01,New Jersey,42401,NJ01219,breakdown offenses,adjustment,adjustment,adjustment,adjustment,adjustment,breakdown offenses,breakdown offenses,breakdown offenses,0,0,0,0,0,0,0,0,5,2,0,0,3,32,0,0,0,1,31,13,9,3,1,37,6,3,1,2,93,0,1,6,56,62,0,0,0,0,0,0,0,0,0,0,4,0,0,0,0,4,3,0,3,0,2,0,0,0,0,9,0,0,0,5,5,0,0,0,0,0,0,0,0,0,0,0,0,0,0,0,0,1,0,1,0,0,0,0,0,0,1,0,0,0,1,1,0,0,0,0,0,0,0,0,0,0,0,0,0,0,0,0,0,0,0,0,0,0,0,0,0,0,0,0,0,0,0
Sayreville Police,2009-12-01,New Jersey,42401,NJ01219,breakdown offenses,adjustment,adjustment,adjustment,adjustment,adjustment,breakdown offenses,breakdown offenses,breakdown offenses,0,0,0,0,0,0,0,0,0,0,0,0,0,25,0,1,1,2,21,7,5,1,1,26,3,3,0,0,61,0,4,4,36,40,0,0,0,0,0,1,1,0,0,0,10,0,1,1,2,6,2,0,2,0,1,0,0,0,0,14,0,4,5,3,8,0,0,0,0,0,0,0,0,0,0,1,0,0,0,1,0,1,0,1,0,0,0,0,0,0,2,0,1,1,1,2,0,0,0,0,0,0,0,0,0,0,0,0,0,0,0,0,0,0,0,0,0,0,0,0,0,0,0,0,0,0,0
Sayreville Police,2010-01-01,New Jersey,42704,NJ01219,breakdown offenses,adjustment,adjustment,adjustment,adjustment,adjustment,breakdown offenses,breakdown offenses,breakdown offenses,0,0,0,0,0,1,1,0,0,0,0,0,0,27,0,1,1,0,25,13,9,2,2,25,7,4,1,2,73,0,2,3,45,48,0,0,0,0,0,0,0,0,0,0,4,0,1,0,0,3,0,0,0,0,1,0,0,0,0,5,0,1,1,1,2,0,0,0,0,0,0,0,0,0,0,0,0,0,0,0,0,0,0,0,0,1,0,0,0,0,1,0,0,0,1,1,0,0,0,0,0,0,0,0,0,0,0,0,0,0,0,0,0,0,0,0,0,0,0,0,0,0,0,0,0,0,0
Sayreville Police,2010-02-01,New Jersey,42704,NJ01219,breakdown offenses,adjustment,adjustment,adjustment,adjustment,adjustment,breakdown offenses,breakdown offenses,breakdown offenses,0,0,0,0,0,0,0,0,0,0,0,0,0,31,0,4,1,1,25,6,3,2,1,26,0,0,0,0,63,0,6,6,32,38,0,0,0,0,0,1,1,0,0,0,13,0,3,1,1,8,0,0,0,0,4,0,0,0,0,18,0,5,6,4,10,0,0,0,0,0,0,0,0,0,0,0,0,0,0,0,0,0,0,0,0,0,0,0,0,0,0,0,0,0,0,0,0,0,0,0,0,0,0,0,0,0,0,0,0,0,0,0,0,0,0,0,0,0,0,0,0,0,0,0,0,0,0
Sayreville Police,2010-03-01,New Jersey,42704,NJ01219,breakdown offenses,adjustment,adjustment,adjustment,adjustment,adjustment,breakdown offenses,breakdown offenses,breakdown offenses,0,0,0,0,0,0,0,0,1,0,0,0,1,29,0,1,1,0,27,4,1,2,1,62,4,4,0,0,100,0,2,3,70,73,1,0,0,0,0,0,0,0,0,0,8,0,0,1,0,7,0,0,0,0,0,0,0,0,0,9,0,1,2,0,2,0,0,0,0,0,0,0,0,0,0,0,0,0,0,0,0,0,0,0,0,0,0,0,0,0,0,0,0,0,0,0,0,0,0,0,0,0,0,0,0,0,0,0,0,0,0,0,0,0,0,0,0,0,0,0,0,0,0,0,0,0,0
Sayreville Police,2010-04-01,New Jersey,42704,NJ01219,breakdown offenses,adjustment,adjustment,adjustment,adjustment,adjustment,breakdown offenses,breakdown offenses,breakdown offenses,0,0,0,0,0,0,0,0,0,0,0,0,0,25,0,0,0,0,25,8,4,3,1,34,1,1,0,0,68,0,0,0,43,43,0,0,0,0,0,0,0,0,0,0,7,0,0,0,0,7,0,0,0,0,1,0,0,0,0,8,0,0,0,1,1,0,0,0,0,0,0,0,0,0,0,0,0,0,0,0,0,0,0,0,0,0,0,0,0,0,0,0,0,0,0,0,0,0,0,0,0,0,0,0,0,0,0,0,0,0,0,0,0,0,0,0,0,0,0,0,0,0,0,0,0,0,0
Sayreville Police,2010-05-01,New Jersey,42704,NJ01219,breakdown offenses,adjustment,adjustment,adjustment,adjustment,adjustment,breakdown offenses,breakdown offenses,breakdown offenses,0,0,0,0,0,0,0,0,1,0,0,0,1,18,0,1,1,0,16,11,4,4,3,50,5,2,2,1,85,0,2,3,66,69,0,0,0,0,0,0,0,0,0,0,7,0,0,0,0,7,1,0,1,0,4,0,0,0,0,12,0,0,0,5,5,0,0,0,0,0,0,0,0,0,0,0,0,0,0,0,0,0,0,0,0,0,0,0,0,0,0,0,0,0,0,0,0,0,0,0,0,0,0,0,0,0,0,0,0,0,0,0,0,0,0,0,0,0,0,0,0,0,0,0,0,0,0
Sayreville Police,2010-06-01,New Jersey,42704,NJ01219,breakdown offenses,adjustment,adjustment,adjustment,adjustment,adjustment,breakdown offenses,breakdown offenses,breakdown offenses,0,0,0,0,0,0,0,0,1,0,0,0,1,30,0,0,0,2,28,8,2,2,4,36,2,2,0,0,77,0,2,3,46,49,0,0,0,0,0,0,0,0,0,0,9,0,0,0,2,7,1,0,1,0,4,0,0,0,0,14,0,2,2,5,7,0,0,0,0,0,0,0,0,0,0,1,0,0,0,1,0,1,0,1,0,0,0,0,0,0,2,0,1,1,1,2,0,0,0,0,0,0,0,0,0,0,0,0,0,0,0,0,0,0,0,0,1,0,0,0,0,1,0,0,0,1,1
Sayreville Police,2010-07-01,New Jersey,42704,NJ01219,breakdown offenses,adjustment,adjustment,adjustment,adjustment,adjustment,breakdown offenses,breakdown offenses,breakdown offenses,0,0,0,0,0,0,0,0,0,0,0,0,0,22,0,0,0,0,22,13,6,7,0,42,7,3,1,3,84,0,0,0,62,62,0,0,0,0,0,1,0,0,0,1,8,0,0,0,1,7,2,1,1,0,2,0,0,0,0,13,0,1,2,4,6,0,0,0,0,0,0,0,0,0,0,0,0,0,0,0,0,0,0,0,0,0,0,0,0,0,0,0,0,0,0,0,0,0,0,0,0,0,0,0,0,0,0,0,0,0,0,0,0,0,0,0,0,0,0,0,0,0,0,0,0,0,0
Sayreville Police,2010-08-01,New Jersey,42704,NJ01219,breakdown offenses,adjustment,adjustment,adjustment,adjustment,adjustment,breakdown offenses,breakdown offenses,breakdown offenses,0,0,0,0,0,1,1,0,0,0,0,0,0,34,0,1,0,1,32,18,10,6,2,40,4,4,0,0,97,0,2,3,62,65,0,0,0,0,0,0,0,0,0,0,7,0,1,0,0,6,0,0,0,0,1,0,0,0,0,8,0,1,1,1,2,0,0,0,0,0,0,0,0,0,0,0,0,0,0,0,0,0,0,0,0,0,0,0,0,0,0,0,0,0,0,0,0,0,0,0,0,0,0,0,0,0,0,0,0,0,0,0,0,0,0,0,0,0,0,0,0,0,0,0,0,0,0
Sayreville Police,2010-09-01,New Jersey,42704,NJ01219,breakdown offenses,adjustment,adjustment,adjustment,adjustment,adjustment,breakdown offenses,breakdown offenses,breakdown offenses,0,0,0,0,0,0,0,0,3,0,0,0,3,24,0,1,2,1,20,10,7,1,2,38,9,5,0,4,84,0,4,7,57,64,0,0,0,0,0,1,0,0,0,1,7,0,1,0,1,5,2,0,2,0,2,0,0,0,0,12,0,2,3,4,7,0,0,0,0,0,0,0,0,0,0,0,0,0,0,0,0,1,0,1,0,0,0,0,0,0,1,0,0,0,1,1,0,0,0,0,0,0,0,0,0,0,0,0,0,0,0,0,0,0,0,0,0,0,0,0,0,0,0,0,0,0,0
Sayreville Police,2010-10-01,New Jersey,42704,NJ01219,breakdown offenses,adjustment,adjustment,adjustment,adjustment,adjustment,breakdown offenses,breakdown offenses,breakdown offenses,0,0,0,0,0,0,0,0,2,0,0,0,2,18,0,0,0,2,16,12,5,5,2,43,9,4,1,4,84,0,2,4,64,68,0,0,0,0,0,1,0,0,0,1,4,0,0,0,1,3,4,2,2,0,0,0,0,0,0,9,0,1,2,4,6,0,0,0,0,0,0,0,0,0,0,0,0,0,0,0,0,0,0,0,0,0,0,0,0,0,0,0,0,0,0,0,0,0,0,0,0,0,0,0,0,0,0,0,0,0,0,0,0,0,0,0,0,0,0,0,0,0,0,0,0,0,0
Sayreville Police,2010-11-01,New Jersey,42704,NJ01219,breakdown offenses,adjustment,adjustment,adjustment,adjustment,adjustment,breakdown offenses,breakdown offenses,breakdown offenses,0,0,0,0,0,1,1,0,1,0,0,0,1,29,1,1,1,0,26,9,3,3,3,36,2,2,0,0,78,0,3,5,47,52,0,0,0,0,0,1,0,0,0,1,10,0,1,1,0,8,1,0,1,0,2,0,0,0,0,14,0,2,3,3,6,0,0,0,0,0,1,0,0,0,1,0,0,0,0,0,0,0,0,0,0,0,0,0,0,0,1,0,0,1,0,1,0,0,0,0,0,0,0,0,0,0,0,0,0,0,0,0,0,0,0,0,0,0,0,0,0,0,0,0,0,0,0
Sayreville Police,2010-12-01,New Jersey,42704,NJ01219,breakdown offenses,adjustment,adjustment,adjustment,adjustment,adjustment,breakdown offenses,breakdown offenses,breakdown offenses,0,0,0,0,0,0,0,0,2,0,0,0,2,30,0,3,0,0,27,14,7,6,1,25,2,0,1,1,73,0,3,5,41,46,0,0,0,0,0,0,0,0,0,0,2,0,2,0,0,0,0,0,0,0,1,1,1,0,0,4,0,2,2,2,4,0,0,0,0,0,0,0,0,0,0,0,0,0,0,0,0,0,0,0,0,0,0,0,0,0,0,0,0,0,0,0,0,0,0,0,0,0,0,0,0,0,0,0,0,0,0,0,0,0,0,0,0,0,0,0,0,0,0,0,0,0,0
Sayreville Police,2011-01-01,New Jersey,42846,NJ01219,breakdown offenses,adjustment,adjustment,adjustment,adjustment,adjustment,breakdown offenses,breakdown offenses,breakdown offenses,0,0,0,0,0,1,1,0,1,0,0,0,1,20,0,1,1,2,16,12,9,3,0,21,3,2,1,0,58,0,4,6,36,42,0,0,1,1,0,0,0,0,0,0,5,0,1,0,0,4,2,1,1,0,1,0,0,0,0,9,0,1,2,3,5,0,0,0,0,0,0,0,0,0,0,0,0,0,0,0,0,0,0,0,0,0,0,0,0,0,0,0,0,0,0,0,0,0,0,0,0,0,0,0,0,0,0,0,0,0,0,0,0,0,0,0,0,0,0,0,0,0,0,0,0,0,0
Sayreville Police,2011-02-01,New Jersey,42846,NJ01219,breakdown offenses,adjustment,adjustment,adjustment,adjustment,adjustment,breakdown offenses,breakdown offenses,breakdown offenses,0,0,0,0,0,0,0,0,0,0,0,0,0,17,0,2,3,0,12,7,2,3,2,27,4,2,2,0,55,0,5,5,38,43,0,0,0,0,0,0,0,0,0,0,10,0,2,3,0,5,2,1,1,0,4,0,0,0,0,16,0,5,5,6,11,0,0,0,0,0,0,0,0,0,0,0,0,0,0,0,0,0,0,0,0,2,0,0,0,0,2,0,0,0,2,2,0,0,0,0,0,0,0,0,0,0,0,0,0,0,0,0,0,0,0,0,0,0,0,0,0,0,0,0,0,0,0
Sayreville Police,2011-03-01,New Jersey,42846,NJ01219,breakdown offenses,adjustment,adjustment,adjustment,adjustment,adjustment,breakdown offenses,breakdown offenses,breakdown offenses,0,0,0,0,0,0,0,0,0,0,0,0,0,15,1,1,0,0,13,9,5,3,1,35,7,6,1,0,66,0,2,2,51,53,0,0,0,0,0,0,0,0,0,0,4,0,1,0,0,3,2,0,2,0,2,0,0,0,0,8,0,1,1,4,5,0,0,0,0,0,0,0,0,0,0,0,0,0,0,0,0,0,0,0,0,0,0,0,0,0,0,0,0,0,0,0,0,0,0,0,0,0,0,0,0,0,0,0,0,0,0,0,0,0,0,0,0,0,0,0,0,0,0,0,0,0,0
Sayreville Police,2011-04-01,New Jersey,42846,NJ01219,breakdown offenses,adjustment,adjustment,adjustment,adjustment,adjustment,breakdown offenses,breakdown offenses,breakdown offenses,0,0,0,0,0,0,0,0,1,0,0,0,1,20,0,0,1,3,16,11,6,3,2,25,2,1,0,1,59,0,4,5,38,43,0,0,0,0,0,0,0,0,0,0,7,0,0,1,3,3,1,0,1,0,0,0,0,0,0,8,0,4,4,1,5,0,0,0,0,0,0,0,0,0,0,1,0,0,0,1,0,0,0,0,0,0,0,0,0,0,1,0,1,1,0,1,0,0,0,0,0,0,0,0,0,0,0,0,0,0,0,0,0,0,0,0,0,0,0,0,0,0,0,0,0,0,0
Sayreville Police,2011-05-01,New Jersey,42846,NJ01219,breakdown offenses,adjustment,adjustment,adjustment,adjustment,adjustment,breakdown offenses,breakdown offenses,breakdown offenses,0,0,0,0,0,0,0,0,1,0,0,0,1,30,1,0,1,3,25,11,6,2,3,28,6,3,1,2,76,0,5,6,45,51,0,0,0,0,0,0,0,0,0,0,11,0,0,1,2,8,0,0,0,0,2,0,0,0,0,13,0,3,3,2,5,0,0,0,0,0,0,0,0,0,0,0,0,0,0,0,0,0,0,0,0,0,0,0,0,0,0,0,0,0,0,0,0,0,0,0,0,0,0,0,0,0,0,0,0,0,0,0,0,0,0,0,0,0,0,0,0,0,0,0,0,0,0
Sayreville Police,2011-06-01,New Jersey,42846,NJ01219,breakdown offenses,adjustment,adjustment,adjustment,adjustment,adjustment,breakdown offenses,breakdown offenses,breakdown offenses,0,0,0,0,0,0,0,0,0,0,0,0,0,25,0,0,1,1,23,14,8,5,1,44,3,3,0,0,86,0,2,2,61,63,0,0,0,0,0,0,0,0,0,0,9,0,0,1,1,7,0,0,0,0,1,0,0,0,0,10,0,2,2,1,3,0,0,0,0,0,0,0,0,0,0,0,0,0,0,0,0,0,0,0,0,0,0,0,0,0,0,0,0,0,0,0,0,0,0,0,0,0,0,0,0,0,0,0,0,0,0,0,0,0,0,0,0,0,0,0,0,0,0,0,0,0,0
Sayreville Police,2011-07-01,New Jersey,42846,NJ01219,breakdown offenses,adjustment,adjustment,adjustment,adjustment,adjustment,breakdown offenses,breakdown offenses,breakdown offenses,0,0,0,0,0,1,1,0,3,2,0,0,1,28,0,0,0,3,25,19,13,4,2,55,4,3,1,0,110,0,3,7,78,85,0,0,1,1,0,0,0,0,0,0,11,0,0,0,3,8,0,0,0,0,0,0,0,0,0,12,0,3,4,0,4,0,0,0,0,0,0,0,0,0,0,0,0,0,0,0,0,0,0,0,0,0,0,0,0,0,0,0,0,0,0,0,0,0,0,0,0,0,0,0,0,0,0,0,0,0,0,0,0,0,0,0,0,0,0,0,0,0,0,0,0,0,0
Sayreville Police,2011-08-01,New Jersey,42846,NJ01219,breakdown offenses,adjustment,adjustment,adjustment,adjustment,adjustment,breakdown offenses,breakdown offenses,breakdown offenses,0,0,0,0,0,0,0,0,1,0,0,0,1,16,0,0,0,3,13,14,8,5,1,36,4,4,0,0,71,0,3,4,54,58,0,0,0,0,0,0,0,0,0,0,5,0,0,0,3,2,1,0,1,0,4,1,1,0,0,11,0,3,3,6,9,0,0,0,0,0,0,0,0,0,0,0,0,0,0,0,0,0,0,0,0,0,0,0,0,0,0,0,0,0,0,0,0,0,0,0,0,0,0,0,0,0,0,0,0,0,0,0,0,0,0,0,0,0,0,0,0,0,0,0,0,0,0
Sayreville Police,2011-09-01,New Jersey,42846,NJ01219,breakdown offenses,adjustment,adjustment,adjustment,adjustment,adjustment,breakdown offenses,breakdown offenses,breakdown offenses,0,0,0,0,0,0,0,0,0,0,0,0,0,32,0,0,1,1,30,12,5,6,1,29,3,2,0,1,76,0,2,2,44,46,0,0,0,0,0,0,0,0,0,0,7,0,0,0,0,7,0,0,0,0,1,0,0,0,0,8,0,0,0,1,1,0,0,0,0,0,0,0,0,0,0,0,0,0,0,0,0,0,0,0,0,0,0,0,0,0,0,0,0,0,0,0,0,0,0,0,0,0,0,0,0,0,0,0,0,0,0,0,0,0,0,0,0,0,0,0,0,0,0,0,0,0,0
Sayreville Police,2011-10-01,New Jersey,42846,NJ01219,breakdown offenses,adjustment,adjustment,adjustment,adjustment,adjustment,breakdown offenses,breakdown offenses,breakdown offenses,0,0,0,0,0,0,0,0,3,0,0,0,3,19,0,0,0,0,19,15,10,3,2,40,5,4,0,1,82,0,0,3,60,63,0,0,0,0,0,0,0,0,0,0,3,0,0,0,0,3,0,0,0,0,2,1,1,0,0,6,0,0,0,3,3,0,0,0,0,0,0,0,0,0,0,0,0,0,0,0,0,0,0,0,0,0,0,0,0,0,0,0,0,0,0,0,0,0,0,0,0,0,0,0,0,0,0,0,0,0,0,0,0,0,0,0,0,0,0,0,0,0,0,0,0,0,0
Sayreville Police,2011-11-01,New Jersey,42846,NJ01219,breakdown offenses,adjustment,adjustment,adjustment,adjustment,adjustment,breakdown offenses,breakdown offenses,breakdown offenses,0,0,0,1,0,0,0,0,1,0,0,0,1,17,0,0,0,0,17,12,7,2,3,32,2,2,0,0,65,0,0,2,46,48,1,0,0,0,0,0,0,0,0,0,6,0,0,0,0,6,0,0,0,0,1,0,0,0,0,8,0,0,1,1,2,0,0,0,0,0,0,0,0,0,0,0,0,0,0,0,0,0,0,0,0,0,0,0,0,0,0,0,0,0,0,0,0,0,0,0,0,0,0,0,0,0,0,0,0,0,0,0,0,0,0,0,0,0,0,0,0,0,0,0,0,0,0
Sayreville Police,2011-12-01,New Jersey,42846,NJ01219,breakdown offenses,adjustment,adjustment,adjustment,adjustment,adjustment,breakdown offenses,breakdown offenses,breakdown offenses,0,0,0,0,0,0,0,0,5,3,0,0,2,28,0,0,0,1,27,23,19,3,1,34,1,1,0,0,91,0,1,6,58,64,0,0,0,0,0,0,0,0,0,0,11,0,0,0,1,10,1,1,0,0,3,0,0,0,0,15,0,1,1,4,5,0,0,0,0,0,0,0,0,0,0,0,0,0,0,0,0,0,0,0,0,0,0,0,0,0,0,0,0,0,0,0,0,0,0,0,0,0,0,0,0,0,0,0,0,0,0,0,0,0,0,0,1,0,0,0,0,1,0,0,0,1,1
Sayreville Police,2012-01-01,New Jersey,43151,NJ01219,breakdown offenses,adjustment,adjustment,adjustment,adjustment,adjustment,breakdown offenses,breakdown offenses,breakdown offenses,0,0,0,0,0,0,0,0,1,0,0,0,1,27,0,0,0,0,27,16,11,5,0,41,0,0,0,0,85,0,0,1,57,58,0,0,0,0,0,0,0,0,0,0,6,0,0,0,0,6,1,0,1,0,3,0,0,0,0,10,0,0,0,4,4,0,0,0,0,0,0,0,0,0,0,0,0,0,0,0,0,0,0,0,0,0,0,0,0,0,0,0,0,0,0,0,0,0,0,0,0,0,0,0,0,0,0,0,0,0,0,0,0,0,0,0,0,0,0,0,0,0,0,0,0,0,0
Sayreville Police,2012-02-01,New Jersey,43151,NJ01219,breakdown offenses,adjustment,adjustment,adjustment,adjustment,adjustment,breakdown offenses,breakdown offenses,breakdown offenses,0,0,0,0,0,1,1,0,0,0,0,0,0,17,0,0,0,1,16,20,12,4,4,35,4,4,0,0,77,0,1,2,59,61,0,0,0,0,0,0,0,0,0,0,8,0,0,0,1,7,2,1,1,0,1,0,0,0,0,11,0,1,1,3,4,0,0,0,0,0,0,0,0,0,0,0,0,0,0,0,0,0,0,0,0,0,0,0,0,0,0,0,0,0,0,0,0,0,0,0,0,0,0,0,0,0,0,0,0,0,0,0,0,0,0,0,0,0,0,0,0,0,0,0,0,0,0
Sayreville Police,2012-03-01,New Jersey,43151,NJ01219,breakdown offenses,adjustment,adjustment,adjustment,adjustment,adjustment,breakdown offenses,breakdown offenses,breakdown offenses,0,0,0,0,0,0,0,0,4,2,2,0,0,14,0,0,0,2,12,7,4,0,3,29,4,3,0,1,58,0,2,6,40,46,0,0,0,0,0,0,0,0,0,0,5,0,0,0,2,3,0,0,0,0,2,0,0,0,0,7,0,2,2,2,4,0,0,0,0,0,0,0,0,0,0,1,0,0,0,1,0,0,0,0,0,0,0,0,0,0,1,0,1,1,0,1,0,0,0,0,0,0,0,0,0,0,0,0,0,0,0,0,0,0,0,0,0,0,0,0,0,0,0,0,0,0,0
Sayreville Police,2012-04-01,New Jersey,43151,NJ01219,breakdown offenses,adjustment,adjustment,adjustment,adjustment,adjustment,breakdown offenses,breakdown offenses,breakdown offenses,0,0,0,0,0,0,0,0,1,0,0,0,1,25,0,0,2,0,23,8,5,1,2,39,4,1,3,0,77,0,2,3,51,54,0,0,0,0,0,0,0,0,0,0,8,0,0,1,1,6,1,1,0,0,4,0,0,0,0,13,0,2,2,5,7,0,0,0,0,0,0,0,0,0,0,1,0,0,0,0,1,0,0,0,0,1,0,0,0,0,2,0,0,0,1,1,0,0,0,0,0,0,0,0,0,0,0,0,0,0,0,0,0,0,0,0,0,0,0,0,0,0,0,0,0,0,0
Sayreville Police,2012-05-01,New Jersey,43151,NJ01219,breakdown offenses,adjustment,adjustment,adjustment,adjustment,adjustment,breakdown offenses,breakdown offenses,breakdown offenses,0,0,0,0,0,0,0,0,1,1,0,0,0,26,0,0,0,0,26,5,4,0,1,38,1,0,1,0,71,0,0,1,44,45,0,0,0,0,0,0,0,0,0,0,3,0,0,0,0,3,2,2,0,0,4,0,0,0,0,9,0,0,0,6,6,0,0,0,0,0,0,0,0,0,0,1,0,0,0,0,1,2,2,0,0,1,0,0,0,0,4,0,0,0,3,3,0,0,0,0,0,0,0,0,0,0,0,0,0,0,0,0,0,0,0,0,0,0,0,0,0,0,0,0,0,0,0
Sayreville Police,2012-06-01,New Jersey,43151,NJ01219,breakdown offenses,adjustment,adjustment,adjustment,adjustment,adjustment,breakdown offenses,breakdown offenses,breakdown offenses,0,0,0,0,0,0,0,0,0,0,0,0,0,18,0,2,1,0,15,3,1,1,1,43,0,0,0,0,64,0,3,3,46,49,0,0,0,0,0,1,0,0,0,1,9,0,2,1,0,6,2,0,2,0,4,0,0,0,0,16,0,3,4,6,10,0,0,0,0,0,1,0,0,0,1,1,0,1,0,0,0,1,0,1,0,3,0,0,0,0,6,0,1,2,4,6,0,0,0,0,0,0,0,0,0,0,0,0,0,0,0,0,0,0,0,0,0,0,0,0,0,0,0,0,0,0,0
Sayreville Police,2012-07-01,New Jersey,43151,NJ01219,breakdown offenses,adjustment,adjustment,adjustment,adjustment,adjustment,breakdown offenses,breakdown offenses,breakdown offenses,0,0,1,1,0,0,0,0,0,0,0,0,0,32,0,3,0,4,25,19,8,6,5,38,2,1,1,0,92,0,7,8,59,67,0,0,0,0,0,0,0,0,0,0,12,0,3,0,4,5,0,0,0,0,0,0,0,0,0,12,0,7,7,0,7,0,0,0,0,0,0,0,0,0,0,0,0,0,0,0,0,0,0,0,0,0,0,0,0,0,0,0,0,0,0,0,0,0,0,0,0,0,0,0,0,0,0,0,0,0,0,0,0,0,0,0,0,0,0,0,0,0,0,0,0,0,0
Sayreville Police,2012-08-01,New Jersey,43151,NJ01219,breakdown offenses,adjustment,adjustment,adjustment,adjustment,adjustment,breakdown offenses,breakdown offenses,breakdown offenses,0,0,0,0,0,0,0,0,1,0,0,0,1,26,0,0,1,0,25,13,7,2,4,41,3,2,1,0,84,0,1,2,57,59,1,0,0,0,0,0,0,0,0,0,12,0,0,0,1,11,1,1,0,0,3,0,0,0,0,17,0,1,2,4,6,0,0,0,0,0,0,0,0,0,0,0,0,0,0,0,0,0,0,0,0,0,0,0,0,0,0,0,0,0,0,0,0,0,0,0,0,0,0,0,0,0,0,0,0,0,0,0,0,0,0,0,0,0,0,0,0,0,0,0,0,0,0
Sayreville Police,2012-09-01,New Jersey,43151,NJ01219,breakdown offenses,adjustment,adjustment,adjustment,adjustment,adjustment,breakdown offenses,breakdown offenses,breakdown offenses,0,0,0,0,0,0,0,0,1,0,0,0,1,26,0,2,2,1,21,13,6,3,4,38,3,3,0,0,81,0,5,6,54,60,0,0,0,0,0,0,0,0,0,0,10,0,1,2,1,6,2,1,1,0,2,0,0,0,0,14,0,4,4,4,8,0,0,0,0,0,0,0,0,0,0,1,0,0,0,1,0,0,0,0,0,0,0,0,0,0,1,0,1,1,0,1,0,0,0,0,0,0,0,0,0,0,0,0,0,0,0,0,0,0,0,0,0,0,0,0,0,0,0,0,0,0,0
Sayreville Police,2012-10-01,New Jersey,43151,NJ01219,breakdown offenses,adjustment,adjustment,adjustment,adjustment,adjustment,breakdown offenses,breakdown offenses,breakdown offenses,0,0,1,0,0,0,0,0,0,0,0,0,0,22,0,0,0,2,20,8,6,0,2,22,6,4,1,1,58,0,2,2,36,38,0,0,0,0,0,0,0,0,0,0,6,0,0,0,2,4,0,0,0,0,1,0,0,0,0,7,0,2,2,1,3,0,0,0,0,0,0,0,0,0,0,1,0,0,0,1,0,0,0,0,0,0,0,0,0,0,1,0,1,1,0,1,0,0,0,0,0,0,0,0,0,0,0,0,0,0,0,0,0,0,0,0,0,0,0,0,0,0,0,0,0,0,0
Sayreville Police,2012-11-01,New Jersey,43151,NJ01219,breakdown offenses,adjustment,adjustment,adjustment,adjustment,adjustment,breakdown offenses,breakdown offenses,breakdown offenses,0,0,0,0,0,0,0,0,1,0,1,0,0,19,0,0,0,0,19,11,6,2,3,31,1,1,0,0,63,0,0,1,43,44,0,0,0,0,0,1,0,1,0,0,5,0,0,0,0,5,1,1,0,0,2,0,0,0,0,9,0,0,1,3,4,0,0,0,0,0,1,0,1,0,0,0,0,0,0,0,0,0,0,0,0,0,0,0,0,0,1,0,0,1,0,1,0,0,0,0,0,0,0,0,0,0,0,0,0,0,0,0,0,0,0,0,0,0,0,0,0,0,0,0,0,0,0
Sayreville Police,2012-12-01,New Jersey,43151,NJ01219,breakdown offenses,adjustment,adjustment,adjustment,adjustment,adjustment,breakdown offenses,breakdown offenses,breakdown offenses,0,0,0,0,0,0,0,0,2,1,0,0,1,22,0,0,0,1,21,5,3,1,1,28,0,0,0,0,57,0,1,3,33,36,0,0,0,0,0,1,0,0,0,1,8,0,0,0,1,7,0,0,0,0,2,0,0,0,0,11,0,1,2,2,4,0,0,0,0,0,1,0,0,0,1,0,0,0,0,0,0,0,0,0,0,0,0,0,0,0,1,0,0,1,0,1,0,0,0,0,0,0,0,0,0,0,0,0,0,0,0,0,0,0,0,0,0,0,0,0,0,0,0,0,0,0,0
Sayreville Police,2014-01-01,New Jersey,44915,NJ01219,breakdown offenses,adjustment,adjustment,adjustment,adjustment,adjustment,breakdown offenses,breakdown offenses,breakdown offenses,0,0,0,0,0,0,0,0,0,0,0,0,0,29,0,1,0,2,26,10,6,3,1,16,5,4,1,0,60,0,3,3,31,34,0,0,0,0,0,3,3,0,0,0,14,0,1,0,2,11,0,0,0,0,1,0,0,0,0,18,0,3,6,1,7,0,0,0,0,0,0,0,0,0,0,1,0,0,0,1,0,0,0,0,0,0,0,0,0,0,1,0,1,1,0,1,0,0,0,0,0,0,0,0,0,0,0,0,0,0,0,0,0,0,0,0,0,0,0,0,0,0,0,0,0,0,0
Sayreville Police,2014-02-01,New Jersey,44915,NJ01219,breakdown offenses,adjustment,adjustment,adjustment,adjustment,adjustment,breakdown offenses,breakdown offenses,breakdown offenses,0,0,1,0,0,0,0,0,1,1,0,0,0,19,1,0,0,2,16,5,4,1,0,17,0,0,0,0,42,0,3,4,22,26,0,0,0,0,0,0,0,0,0,0,6,0,0,0,2,4,0,0,0,0,0,0,0,0,0,6,0,2,2,0,2,0,0,0,0,0,0,0,0,0,0,0,0,0,0,0,0,0,0,0,0,0,0,0,0,0,0,0,0,0,0,0,0,0,0,0,0,0,0,0,0,0,0,0,0,0,0,0,0,0,0,0,0,0,0,0,0,0,0,0,0,0,0
Sayreville Police,2014-03-01,New Jersey,44915,NJ01219,breakdown offenses,adjustment,adjustment,adjustment,adjustment,adjustment,breakdown offenses,breakdown offenses,breakdown offenses,0,0,0,0,0,0,0,0,1,1,0,0,0,19,0,0,3,0,16,13,10,1,2,29,4,2,2,0,66,0,3,4,46,50,0,0,0,0,0,0,0,0,0,0,10,0,0,0,0,10,3,3,0,0,2,0,0,0,0,15,0,0,0,5,5,0,0,0,0,0,0,0,0,0,0,0,0,0,0,0,0,0,0,0,0,0,0,0,0,0,0,0,0,0,0,0,0,0,0,0,0,0,0,0,0,0,0,0,0,0,0,0,0,0,0,0,0,0,0,0,0,0,0,0,0,0,0
Sayreville Police,2014-04-01,New Jersey,44915,NJ01219,breakdown offenses,normal return,normal return,normal return,normal return,normal return,breakdown offenses,breakdown offenses,breakdown offenses,0,0,0,0,0,0,0,0,0,0,0,0,0,12,1,0,1,0,10,10,5,3,2,23,3,2,1,0,48,0,2,2,36,38,0,0,0,0,0,0,0,0,0,0,4,1,0,1,0,2,2,2,0,0,0,0,0,0,0,6,0,2,2,2,4,0,0,0,0,0,0,0,0,0,0,0,0,0,0,0,0,0,0,0,0,0,0,0,0,0,0,0,0,0,0,0,0,0,0,0,0,0,0,0,0,0,0,0,0,0,0,0,0,0,0,0,0,0,0,0,0,0,0,0,0,0,0
Sayreville Police,2014-05-01,New Jersey,44915,NJ01219,breakdown offenses,normal return,normal return,normal return,normal return,normal return,breakdown offenses,breakdown offenses,breakdown offenses,0,0,0,0,0,0,0,0,0,0,0,0,0,21,0,2,0,1,18,4,2,0,2,28,2,1,1,0,55,0,3,3,34,37,0,0,0,0,0,1,0,1,0,0,5,0,2,0,1,2,1,1,0,0,1,0,0,0,0,8,0,3,4,2,6,0,0,0,0,0,1,0,1,0,0,0,0,0,0,0,0,0,0,0,0,0,0,0,0,0,1,0,0,1,0,1,0,0,0,0,0,0,0,0,0,0,0,0,0,0,0,0,0,0,0,0,0,0,0,0,0,0,0,0,0,0,0
Sayreville Police,2014-06-01,New Jersey,44915,NJ01219,breakdown offenses,adjustment,adjustment,adjustment,adjustment,adjustment,breakdown offenses,breakdown offenses,breakdown offenses,0,0,0,0,0,0,0,0,1,0,0,0,1,10,0,0,1,1,8,5,3,1,1,25,2,2,0,0,43,0,2,3,32,35,0,0,0,0,0,1,0,1,0,0,5,0,0,1,1,3,0,0,0,0,4,0,0,0,0,10,0,2,3,4,7,0,0,0,0,0,1,0,1,0,0,0,0,0,0,0,0,0,0,0,0,0,0,0,0,0,1,0,0,1,0,1,0,0,0,0,0,0,0,0,0,0,0,0,0,0,0,0,0,0,0,0,0,0,0,0,0,0,0,0,0,0,0
Sayreville Police,2014-07-01,New Jersey,44915,NJ01219,breakdown offenses,normal return,normal return,normal return,normal return,normal return,breakdown offenses,breakdown offenses,breakdown offenses,0,0,0,0,0,0,0,0,0,0,0,0,0,13,0,0,0,0,13,2,1,1,0,40,1,1,0,0,56,0,0,0,43,43,0,0,0,0,0,0,0,0,0,0,3,0,0,0,0,3,1,1,0,0,3,0,0,0,0,7,0,0,0,4,4,0,0,0,0,0,0,0,0,0,0,0,0,0,0,0,0,0,0,0,0,1,0,0,0,0,1,0,0,0,1,1,0,0,0,0,0,0,0,0,0,0,0,0,0,0,0,0,0,0,0,0,0,0,0,0,0,0,0,0,0,0,0
Sayreville Police,2014-08-01,New Jersey,44915,NJ01219,breakdown offenses,normal return,normal return,normal return,normal return,normal return,breakdown offenses,breakdown offenses,breakdown offenses,0,0,0,0,0,0,0,0,2,1,0,0,1,25,0,1,0,1,23,9,1,7,1,26,3,3,0,0,65,0,2,4,38,42,0,0,0,0,0,0,0,0,0,0,4,0,0,0,1,3,0,0,0,0,1,0,0,0,0,5,0,1,1,1,2,0,0,0,0,0,0,0,0,0,0,0,0,0,0,0,0,0,0,0,0,0,0,0,0,0,0,0,0,0,0,0,0,0,0,0,0,0,0,0,0,0,0,0,0,0,0,0,0,0,0,0,0,0,0,0,0,0,0,0,0,0,0
Sayreville Police,2014-09-01,New Jersey,44915,NJ01219,breakdown offenses,normal return,normal return,normal return,normal return,normal return,breakdown offenses,breakdown offenses,breakdown offenses,0,0,0,0,0,0,0,0,2,0,0,0,2,13,0,0,1,0,12,17,9,5,3,44,1,1,0,0,77,0,1,3,62,65,1,0,0,0,0,0,0,0,0,0,3,0,0,1,0,2,3,3,0,0,1,0,0,0,0,8,0,1,2,4,6,0,0,0,0,0,0,0,0,0,0,0,0,0,0,0,0,0,0,0,0,0,0,0,0,0,0,0,0,0,0,0,0,0,0,0,0,0,0,0,0,0,0,0,0,0,0,0,0,0,0,0,0,0,0,0,0,0,0,0,0,0,0
Sayreville Police,2014-10-01,New Jersey,44915,NJ01219,breakdown offenses,normal return,normal return,normal return,normal return,normal return,breakdown offenses,breakdown offenses,breakdown offenses,0,0,0,0,0,0,0,0,1,0,0,0,1,36,0,1,0,2,33,4,3,1,0,24,3,1,1,1,68,0,3,4,31,35,0,0,0,0,0,0,0,0,0,0,5,0,0,0,1,4,2,2,0,0,1,0,0,0,0,8,0,1,1,3,4,0,0,0,0,0,0,0,0,0,0,1,0,0,0,1,0,0,0,0,0,0,0,0,0,0,1,0,1,1,0,1,0,0,0,0,0,0,0,0,0,0,0,0,0,0,0,0,0,0,0,0,0,0,0,0,0,0,0,0,0,0,0
Sayreville Police,2014-11-01,New Jersey,44915,NJ01219,breakdown offenses,adjustment,adjustment,adjustment,adjustment,adjustment,breakdown offenses,breakdown offenses,breakdown offenses,0,0,0,0,0,0,0,0,1,0,0,0,1,19,0,0,0,1,18,9,4,2,3,29,2,2,0,0,60,0,1,2,40,42,0,0,0,0,0,1,0,0,0,1,6,0,0,0,0,6,0,0,0,0,0,0,0,0,0,7,0,0,1,0,1,0,0,0,0,0,0,0,0,0,0,0,0,0,0,0,0,0,0,0,0,0,0,0,0,0,0,0,0,0,0,0,0,0,0,0,0,0,0,0,0,0,0,0,0,0,0,0,0,0,0,0,0,0,0,0,0,0,0,0,0,0,0
Sayreville Police,2014-12-01,New Jersey,44915,NJ01219,breakdown offenses,adjustment,adjustment,adjustment,adjustment,adjustment,breakdown offenses,breakdown offenses,breakdown offenses,0,0,0,0,0,0,0,0,3,0,0,0,3,31,0,1,0,0,30,7,2,2,3,38,5,5,0,0,84,0,1,4,50,54,0,0,0,0,0,0,0,0,0,0,6,0,1,0,0,5,0,0,0,0,0,0,0,0,0,6,0,1,1,0,1,0,0,0,0,0,0,0,0,0,0,0,0,0,0,0,0,0,0,0,0,0,0,0,0,0,0,0,0,0,0,0,0,0,0,0,0,0,0,0,0,0,0,0,0,0,0,0,0,0,0,0,0,0,0,0,0,0,0,0,0,0,0
Sayreville Police,2016-01-01,New Jersey,45141,NJ01219,breakdown offenses,normal return,normal return,normal return,normal return,normal return,breakdown offenses,breakdown offenses,breakdown offenses,0,0,0,0,0,0,0,0,1,1,0,0,0,19,0,1,0,3,15,11,8,1,2,20,3,2,0,1,54,0,4,5,34,39,0,0,0,0,0,0,0,0,0,0,8,0,0,0,2,6,0,0,0,0,2,0,0,0,0,10,0,2,2,2,4,0,0,0,0,0,0,0,0,0,0,0,0,0,0,0,0,0,0,0,0,1,0,0,0,0,1,0,0,0,1,1,0,0,0,0,0,0,0,0,0,0,0,0,0,0,0,0,0,0,0,0,0,0,0,0,0,0,0,0,0,0,0
Sayreville Police,2016-02-01,New Jersey,45141,NJ01219,breakdown offenses,normal return,normal return,normal return,normal return,normal return,breakdown offenses,breakdown offenses,breakdown offenses,0,0,0,0,0,0,0,0,0,0,0,0,0,18,0,0,0,3,15,3,2,0,1,14,5,0,3,2,40,0,3,3,22,25,0,0,0,0,0,0,0,0,0,0,9,0,0,0,3,6,0,0,0,0,1,0,0,0,0,10,0,3,3,1,4,0,0,0,0,0,0,0,0,0,0,2,0,0,0,1,1,0,0,0,0,0,0,0,0,0,2,0,1,1,0,1,0,0,0,0,0,0,0,0,0,0,0,0,0,0,0,0,0,0,0,0,0,0,0,0,0,0,0,0,0,0,0
Sayreville Police,2016-03-01,New Jersey,45141,NJ01219,breakdown offenses,normal return,normal return,normal return,normal return,normal return,breakdown offenses,breakdown offenses,breakdown offenses,0,0,0,0,0,1,1,0,2,0,1,0,1,18,1,0,0,2,15,3,2,0,1,24,3,0,2,1,51,0,3,6,30,36,0,0,1,1,0,0,0,0,0,0,9,1,0,1,0,7,0,0,0,0,0,0,0,0,0,10,0,2,3,0,3,0,0,0,0,0,0,0,0,0,0,0,0,0,0,0,0,0,0,0,0,0,0,0,0,0,0,0,0,0,0,0,0,0,0,0,0,0,0,0,0,0,0,0,0,0,0,0,0,0,0,0,0,0,0,0,0,0,0,0,0,0,0
Sayreville Police,2016-04-01,New Jersey,45141,NJ01219,breakdown offenses,normal return,normal return,normal return,normal return,normal return,breakdown offenses,breakdown offenses,breakdown offenses,0,0,0,0,0,0,0,0,1,1,0,0,0,6,0,0,0,0,6,4,1,3,0,30,1,1,0,0,42,0,0,1,35,36,0,0,0,0,0,0,0,0,0,0,2,0,0,0,0,2,0,0,0,0,1,0,0,0,0,3,0,0,0,1,1,0,0,0,0,0,0,0,0,0,0,1,0,0,0,0,1,0,0,0,0,0,0,0,0,0,1,0,0,0,0,0,0,0,0,0,0,0,0,0,0,0,0,0,0,0,0,0,0,0,0,0,0,0,0,0,0,0,0,0,0,0,0
Sayreville Police,2016-05-01,New Jersey,45141,NJ01219,breakdown offenses,normal return,normal return,normal return,normal return,normal return,breakdown offenses,breakdown offenses,breakdown offenses,0,0,0,0,0,0,0,0,0,0,0,0,0,22,0,0,1,1,20,6,5,1,0,21,3,2,0,1,52,0,2,2,30,32,0,0,0,0,0,0,0,0,0,0,9,0,0,1,1,7,0,0,0,0,1,0,0,0,0,10,0,2,2,1,3,0,0,0,0,0,0,0,0,0,0,0,0,0,0,0,0,0,0,0,0,0,0,0,0,0,0,0,0,0,0,0,0,0,0,0,0,0,0,0,0,0,0,0,0,0,0,0,0,0,0,0,0,0,0,0,0,0,0,0,0,0,0
Sayreville Police,2016-06-01,New Jersey,45141,NJ01219,breakdown offenses,normal return,normal return,normal return,normal return,normal return,breakdown offenses,breakdown offenses,breakdown offenses,0,0,0,1,0,0,0,0,1,1,0,0,0,18,0,1,0,0,17,2,1,0,1,24,3,1,1,1,49,0,1,3,29,32,1,0,0,0,0,0,0,0,0,0,0,0,0,0,0,0,2,1,0,1,1,0,0,0,0,4,0,0,1,3,4,0,0,0,0,0,0,0,0,0,0,0,0,0,0,0,0,0,0,0,0,1,0,0,0,0,1,0,0,0,1,1,0,0,0,0,0,0,0,0,0,0,0,0,0,0,0,0,0,0,0,0,0,0,0,0,0,0,0,0,0,0,0
Sayreville Police,2016-07-01,New Jersey,45141,NJ01219,breakdown offenses,normal return,normal return,normal return,normal return,normal return,breakdown offenses,breakdown offenses,breakdown offenses,0,0,0,0,0,0,0,0,0,0,0,0,0,16,0,0,1,1,14,1,0,0,1,31,4,3,0,1,52,0,2,2,36,38,0,0,0,0,0,0,0,0,0,0,3,0,0,0,0,3,0,0,0,0,1,0,0,0,0,4,0,0,0,1,1,0,0,0,0,0,0,0,0,0,0,0,0,0,0,0,0,0,0,0,0,0,0,0,0,0,0,0,0,0,0,0,0,0,0,0,0,0,0,0,0,0,0,0,0,0,0,0,0,0,0,0,0,0,0,0,0,0,0,0,0,0,0
Sayreville Police,2016-08-01,New Jersey,45141,NJ01219,breakdown offenses,normal return,normal return,normal return,normal return,normal return,breakdown offenses,breakdown offenses,breakdown offenses,0,0,0,0,0,1,1,0,0,0,0,0,0,22,0,0,0,1,21,2,1,1,0,24,3,2,0,1,52,0,1,2,29,31,0,0,1,1,0,0,0,0,0,0,8,0,1,0,2,5,1,0,1,0,6,0,0,0,0,16,0,3,4,7,11,0,0,0,0,0,0,0,0,0,0,1,0,0,0,0,1,0,0,0,0,0,0,0,0,0,1,0,0,0,0,0,0,0,0,0,0,0,0,0,0,0,0,0,0,0,0,0,0,0,0,0,0,0,0,0,0,0,0,0,0,0,0
Sayreville Police,2016-09-01,New Jersey,45141,NJ01219,breakdown offenses,normal return,normal return,normal return,normal return,normal return,breakdown offenses,breakdown offenses,breakdown offenses,0,0,0,0,0,0,0,0,0,0,0,0,0,18,0,0,0,0,18,8,2,6,0,19,4,3,1,0,49,0,0,0,31,31,0,0,0,0,0,0,0,0,0,0,5,0,0,0,0,5,3,2,1,0,2,0,0,0,0,10,0,0,0,5,5,0,0,0,0,0,0,0,0,0,0,1,0,0,0,0,1,1,1,0,0,0,0,0,0,0,2,0,0,0,1,1,0,0,0,0,0,0,0,0,0,0,0,0,0,0,0,0,0,0,0,0,0,0,0,0,0,0,0,0,0,0,0
Sayreville Police,2016-10-01,New Jersey,45141,NJ01219,breakdown offenses,normal return,normal return,normal return,normal return,normal return,breakdown offenses,breakdown offenses,breakdown offenses,0,0,0,0,0,1,1,0,1,1,0,0,0,22,0,0,0,1,21,2,1,1,0,34,2,0,0,2,62,0,1,3,38,41,0,0,0,0,0,0,0,0,0,0,5,0,0,0,1,4,0,0,0,0,1,0,0,0,0,6,0,1,1,1,2,0,0,0,0,0,0,0,0,0,0,0,0,0,0,0,0,0,0,0,0,0,0,0,0,0,0,0,0,0,0,0,0,0,0,0,0,0,0,0,0,0,0,0,0,0,0,0,0,0,0,0,0,0,0,0,0,0,0,0,0,0,0
Sayreville Police,2016-11-01,New Jersey,45141,NJ01219,breakdown offenses,normal return,normal return,normal return,normal return,normal return,breakdown offenses,breakdown offenses,breakdown offenses,0,0,0,0,0,0,0,0,0,0,0,0,0,18,0,0,1,0,17,5,3,2,0,18,0,0,0,0,41,0,1,1,23,24,0,0,0,0,0,0,0,0,0,0,3,0,0,1,0,2,1,0,1,0,0,0,0,0,0,4,0,1,1,1,2,0,0,0,0,0,0,0,0,0,0,0,0,0,0,0,0,0,0,0,0,0,0,0,0,0,0,0,0,0,0,0,0,0,0,0,0,0,0,0,0,0,0,0,0,0,0,0,0,0,0,0,0,0,0,0,0,0,0,0,0,0,0
Sayreville Police,2016-12-01,New Jersey,45141,NJ01219,breakdown offenses,normal return,normal return,normal return,normal return,normal return,breakdown offenses,breakdown offenses,breakdown offenses,0,0,0,0,0,1,1,0,1,1,0,0,0,21,0,0,0,0,21,1,0,0,1,33,2,2,0,0,59,0,0,2,36,38,0,0,0,0,0,0,0,0,0,0,10,0,0,0,0,10,0,0,0,0,0,0,0,0,0,10,0,0,0,0,0,0,0,0,0,0,0,0,0,0,0,0,0,0,0,0,0,0,0,0,0,0,0,0,0,0,0,0,0,0,0,0,0,0,0,0,0,0,0,0,0,0,0,0,0,0,0,0,0,0,0,0,0,0,0,0,0,0,0,0,0,0,0
Sayreville Police,1997-01-01,New Jersey,37089,NJ01219,breakdown offenses,normal return,normal return,normal return,normal return,normal return,breakdown offenses,breakdown offenses,breakdown offenses,0,0,1,0,0,1,1,0,2,1,0,1,0,18,0,0,1,1,16,10,9,0,1,37,7,7,0,0,75,0,2,5,54,59,0,0,1,1,0,2,0,0,1,1,9,0,0,1,1,7,1,1,0,0,6,0,0,0,0,19,0,2,5,7,12,0,0,0,0,0,1,0,0,0,1,0,0,0,0,0,0,0,0,0,0,0,0,0,0,0,1,0,0,1,0,1,0,0,0,0,0,0,0,0,0,0,0,0,0,0,0,0,3,0,2,1,2,3,1,1,1,8,0,0,0,8,8
Sayreville Police,1997-02-01,New Jersey,37089,NJ01219,breakdown offenses,normal return,normal return,normal return,normal return,normal return,breakdown offenses,breakdown offenses,breakdown offenses,0,0,0,0,0,1,1,0,3,0,0,0,3,34,1,1,4,1,27,19,9,8,2,41,9,5,1,3,107,0,7,11,69,80,0,0,0,0,0,1,0,0,0,1,17,0,1,1,1,14,3,0,3,0,9,0,0,0,0,30,0,3,4,12,16,0,0,0,0,0,0,0,0,0,0,0,0,0,0,0,0,0,0,0,0,2,0,0,0,0,2,0,0,0,2,2,0,0,0,0,0,0,0,0,0,0,0,0,0,0,0,0,1,0,0,1,3,0,0,0,0,4,0,0,0,4,4
Sayreville Police,1997-03-01,New Jersey,37089,NJ01219,breakdown offenses,normal return,normal return,normal return,normal return,normal return,breakdown offenses,breakdown offenses,breakdown offenses,0,0,1,0,0,1,1,0,1,0,0,0,1,32,1,1,1,2,27,16,10,4,2,58,10,6,0,4,118,0,5,7,84,91,0,0,0,0,0,0,0,0,0,0,18,0,1,0,2,15,1,1,0,0,2,0,0,0,0,21,0,3,3,3,6,0,0,0,0,0,0,0,0,0,0,2,0,0,0,1,1,0,0,0,0,0,0,0,0,0,2,0,1,1,0,1,0,0,0,0,0,0,0,0,0,0,0,0,0,0,0,0,0,0,0,0,2,1,0,0,1,3,0,0,0,3,3
Sayreville Police,1997-04-01,New Jersey,37089,NJ01219,breakdown offenses,normal return,normal return,normal return,normal return,normal return,breakdown offenses,breakdown offenses,breakdown offenses,0,0,0,0,0,1,1,0,0,0,0,0,0,38,1,1,3,2,31,9,5,3,1,50,7,5,1,1,105,0,7,8,66,74,0,0,0,0,0,0,0,0,0,0,19,2,1,1,0,15,2,2,0,0,3,0,0,0,0,24,0,4,4,5,9,0,0,0,0,0,0,0,0,0,0,2,0,0,1,0,1,0,0,0,0,0,0,0,0,0,2,0,1,1,0,1,0,0,0,0,0,0,0,0,0,0,0,0,0,0,0,0,1,0,1,0,1,1,0,0,1,3,0,0,0,3,3
Sayreville Police,1997-05-01,New Jersey,37089,NJ01219,breakdown offenses,normal return,normal return,normal return,normal return,normal return,breakdown offenses,breakdown offenses,breakdown offenses,0,0,0,0,0,0,0,0,2,1,0,1,0,39,1,0,5,1,32,9,4,3,2,36,8,6,0,2,94,0,7,9,53,62,0,0,2,2,0,2,0,0,2,0,17,1,0,1,2,13,0,0,0,0,3,4,4,0,0,28,0,4,8,7,15,0,0,1,1,0,1,0,0,1,0,3,0,0,0,0,3,0,0,0,0,0,0,0,0,0,5,0,0,2,0,2,0,0,0,0,0,0,0,0,0,0,0,0,0,0,0,0,0,0,0,0,1,1,0,1,0,2,0,0,0,2,2
Sayreville Police,1997-06-01,New Jersey,37089,NJ01219,breakdown offenses,normal return,normal return,normal return,normal return,normal return,breakdown offenses,breakdown offenses,breakdown offenses,0,0,2,0,0,0,0,0,3,1,0,0,2,24,1,0,1,3,19,22,11,5,6,48,7,6,1,0,104,0,5,8,77,85,0,0,0,0,0,0,0,0,0,0,10,0,0,0,3,7,2,1,0,1,8,1,1,0,0,21,0,3,3,11,14,0,0,0,0,0,0,0,0,0,0,0,0,0,0,0,0,1,1,0,0,2,0,0,0,0,3,0,0,0,3,3,0,0,0,0,0,0,0,0,0,0,0,0,0,0,0,0,0,0,0,0,2,1,1,0,0,3,0,0,0,3,3
Sayreville Police,1997-07-01,New Jersey,37089,NJ01219,breakdown offenses,normal return,normal return,normal return,normal return,normal return,breakdown offenses,breakdown offenses,breakdown offenses,0,0,0,0,0,1,1,0,1,0,0,0,1,25,0,1,1,2,21,21,15,5,1,51,7,5,1,1,106,0,4,6,79,85,0,0,0,0,0,0,0,0,0,0,9,0,0,0,2,7,1,1,0,0,4,0,0,0,0,14,0,2,2,5,7,0,0,0,0,0,0,0,0,0,0,0,0,0,0,0,0,0,0,0,0,1,0,0,0,0,1,0,0,0,1,1,0,0,0,0,0,0,0,0,0,0,0,0,0,0,0,0,1,0,1,0,3,1,1,0,0,5,0,0,0,5,5
Sayreville Police,1997-08-01,New Jersey,37089,NJ01219,breakdown offenses,normal return,normal return,normal return,normal return,normal return,breakdown offenses,breakdown offenses,breakdown offenses,0,0,0,0,0,0,0,0,1,0,0,0,1,22,1,0,0,1,20,12,4,3,5,75,3,1,0,2,113,0,2,3,90,93,0,0,0,0,0,0,0,0,0,0,13,1,0,0,1,11,2,2,0,0,4,0,0,0,0,19,0,2,2,6,8,0,0,0,0,0,0,0,0,0,0,1,0,0,0,0,1,1,1,0,0,0,0,0,0,0,2,0,0,0,1,1,0,0,0,0,0,0,0,0,0,0,0,0,0,0,0,0,1,1,0,0,3,0,0,0,0,4,0,0,0,4,4
Sayreville Police,1997-09-01,New Jersey,37089,NJ01219,breakdown offenses,normal return,normal return,normal return,normal return,normal return,breakdown offenses,breakdown offenses,breakdown offenses,0,0,0,0,0,0,0,0,4,3,0,0,1,24,0,1,2,1,20,22,11,8,3,36,12,6,2,4,98,0,4,8,70,78,0,0,0,0,0,1,1,0,0,0,11,0,1,0,0,10,4,0,4,0,2,0,0,0,0,18,0,1,2,6,8,0,0,0,0,0,0,0,0,0,0,0,0,0,0,0,0,2,0,2,0,0,0,0,0,0,2,0,0,0,2,2,0,0,0,0,0,0,0,0,0,0,0,0,0,0,0,0,1,0,0,1,2,1,0,1,0,4,0,0,0,4,4
Sayreville Police,1997-10-01,New Jersey,37089,NJ01219,breakdown offenses,normal return,normal return,normal return,normal return,normal return,breakdown offenses,breakdown offenses,breakdown offenses,0,0,1,0,0,1,1,0,1,0,0,0,1,44,3,0,0,2,39,11,6,2,3,80,7,7,0,0,144,0,5,7,98,105,0,0,1,1,0,0,0,0,0,0,15,0,0,0,1,14,0,0,0,0,11,0,0,0,0,27,0,1,2,11,13,0,0,0,0,0,0,0,0,0,0,1,0,0,0,0,1,0,0,0,0,2,0,0,0,0,3,0,0,0,2,2,0,0,0,0,0,0,0,0,0,0,0,0,0,0,0,0,2,0,1,1,5,1,1,0,0,8,0,0,0,8,8
Sayreville Police,1997-11-01,New Jersey,37089,NJ01219,breakdown offenses,normal return,normal return,normal return,normal return,normal return,breakdown offenses,breakdown offenses,breakdown offenses,0,0,0,0,0,1,1,0,3,0,1,0,2,30,2,1,0,0,27,16,11,4,1,40,13,11,2,0,103,0,3,7,69,76,0,0,0,0,0,1,0,0,0,1,14,0,1,1,0,12,5,5,0,0,7,0,0,0,0,27,0,2,3,12,15,0,0,0,0,0,0,0,0,0,0,0,0,0,0,0,0,2,2,0,0,2,0,0,0,0,4,0,0,0,4,4,0,0,0,0,0,0,0,0,0,0,0,0,0,0,0,0,1,0,1,0,2,3,2,0,1,6,0,0,0,6,6
Sayreville Police,1997-12-01,New Jersey,37089,NJ01219,breakdown offenses,normal return,normal return,normal return,normal return,normal return,breakdown offenses,breakdown offenses,breakdown offenses,0,0,0,0,0,0,0,0,2,2,0,0,0,20,1,1,1,2,15,19,9,7,3,31,6,4,0,2,78,0,5,7,56,63,0,0,1,1,0,0,0,0,0,0,9,0,1,0,2,6,2,1,1,0,5,0,0,0,0,17,0,3,4,7,11,0,0,0,0,0,0,0,0,0,0,0,0,0,0,0,0,1,1,0,0,2,0,0,0,0,3,0,0,0,3,3,0,0,0,0,0,0,0,0,0,0,0,0,0,0,0,0,1,1,0,0,2,1,1,0,0,4,0,0,0,4,4
Sayreville Police,2013-01-01,New Jersey,44174,NJ01219,breakdown offenses,adjustment,adjustment,adjustment,adjustment,adjustment,breakdown offenses,breakdown offenses,breakdown offenses,0,0,0,0,0,0,0,0,3,1,1,0,1,21,0,0,2,1,18,9,7,0,2,23,4,3,1,0,60,0,3,6,36,42,0,0,0,0,0,1,0,1,0,0,9,0,0,1,2,6,1,1,0,0,1,0,0,0,0,12,0,3,4,2,6,0,0,0,0,0,0,0,0,0,0,0,0,0,0,0,0,0,0,0,0,0,0,0,0,0,0,0,0,0,0,0,0,0,0,0,0,0,0,0,0,0,0,0,0,0,0,0,0,0,0,0,0,0,0,0,0,0,0,0,0,0,0
Sayreville Police,2013-02-01,New Jersey,44174,NJ01219,breakdown offenses,adjustment,adjustment,adjustment,adjustment,adjustment,breakdown offenses,breakdown offenses,breakdown offenses,0,0,0,0,0,1,1,0,0,0,0,0,0,13,0,0,0,0,13,11,8,2,1,17,2,1,1,0,44,0,0,1,30,31,0,0,1,1,0,0,0,0,0,0,4,0,0,0,0,4,1,1,0,0,0,0,0,0,0,6,0,0,1,1,2,0,0,0,0,0,0,0,0,0,0,0,0,0,0,0,0,0,0,0,0,0,0,0,0,0,0,0,0,0,0,0,0,0,0,0,0,0,0,0,0,0,0,0,0,0,0,0,0,0,0,0,0,0,0,0,0,0,0,0,0,0,0
Sayreville Police,2013-03-01,New Jersey,44174,NJ01219,breakdown offenses,adjustment,adjustment,adjustment,adjustment,adjustment,breakdown offenses,breakdown offenses,breakdown offenses,0,0,0,1,0,0,0,0,0,0,0,0,0,24,0,0,0,0,24,7,5,1,1,32,1,0,0,1,65,0,0,1,40,41,1,0,0,0,0,0,0,0,0,0,6,0,0,0,0,6,0,0,0,0,0,0,0,0,0,7,0,0,1,0,1,0,0,0,0,0,0,0,0,0,0,2,0,0,0,0,2,0,0,0,0,0,0,0,0,0,2,0,0,0,0,0,0,0,0,0,0,0,0,0,0,0,0,0,0,0,0,0,0,0,0,0,0,0,0,0,0,0,0,0,0,0,0
Sayreville Police,2013-04-01,New Jersey,44174,NJ01219,breakdown offenses,adjustment,adjustment,adjustment,adjustment,adjustment,breakdown offenses,breakdown offenses,breakdown offenses,0,0,0,0,0,0,0,0,1,0,1,0,0,31,2,0,0,1,28,11,7,1,3,35,2,1,0,1,80,0,3,4,48,52,0,0,0,0,0,0,0,0,0,0,14,0,0,0,1,13,0,0,0,0,2,0,0,0,0,16,0,1,1,2,3,0,0,0,0,0,0,0,0,0,0,0,0,0,0,0,0,0,0,0,0,0,0,0,0,0,0,0,0,0,0,0,0,0,0,0,0,0,0,0,0,0,0,0,0,0,0,0,0,0,0,0,0,0,0,0,0,0,0,0,0,0,0
Sayreville Police,2013-05-01,New Jersey,44174,NJ01219,breakdown offenses,adjustment,adjustment,adjustment,adjustment,adjustment,breakdown offenses,breakdown offenses,breakdown offenses,0,0,0,0,0,0,0,0,0,0,0,0,0,23,0,0,0,0,23,13,5,7,1,43,0,0,0,0,79,0,0,0,56,56,0,0,0,0,0,0,0,0,0,0,7,0,0,0,0,7,2,1,1,0,0,0,0,0,0,9,0,0,0,2,2,0,0,0,0,0,0,0,0,0,0,0,0,0,0,0,0,0,0,0,0,0,0,0,0,0,0,0,0,0,0,0,0,0,0,0,0,0,0,0,0,0,0,0,0,0,0,0,0,0,0,0,0,0,0,0,0,0,0,0,0,0,0
Sayreville Police,2013-06-01,New Jersey,44174,NJ01219,breakdown offenses,adjustment,adjustment,adjustment,adjustment,adjustment,breakdown offenses,breakdown offenses,breakdown offenses,0,0,0,0,0,0,0,0,3,0,2,0,1,26,1,1,1,0,23,7,4,0,3,54,4,1,0,3,94,0,3,6,65,71,0,0,0,0,0,1,0,0,0,1,11,0,0,1,0,10,1,1,0,0,3,0,0,0,0,16,0,1,2,4,6,0,0,0,0,0,0,0,0,0,0,3,0,0,0,0,3,0,0,0,0,0,0,0,0,0,3,0,0,0,0,0,0,0,0,0,0,0,0,0,0,0,0,0,0,0,0,0,0,0,0,0,0,0,0,0,0,0,0,0,0,0,0
Sayreville Police,2013-07-01,New Jersey,44174,NJ01219,breakdown offenses,adjustment,adjustment,adjustment,adjustment,adjustment,breakdown offenses,breakdown offenses,breakdown offenses,0,0,0,0,0,0,0,0,3,2,0,0,1,12,0,0,1,1,10,14,8,3,3,34,6,0,4,2,69,0,2,5,54,59,0,0,0,0,0,0,0,0,0,0,5,0,0,1,2,2,0,0,0,0,0,0,0,0,0,5,0,3,3,0,3,0,0,0,0,0,0,0,0,0,0,0,0,0,0,0,0,0,0,0,0,0,0,0,0,0,0,0,0,0,0,0,0,0,0,0,0,0,0,0,0,0,0,0,0,0,0,0,0,0,0,0,0,0,0,0,0,0,0,0,0,0,0
Sayreville Police,2013-08-01,New Jersey,44174,NJ01219,breakdown offenses,adjustment,adjustment,adjustment,adjustment,adjustment,breakdown offenses,breakdown offenses,breakdown offenses,0,0,0,0,0,0,0,0,2,0,0,1,1,29,1,1,0,1,26,13,10,0,3,30,2,1,1,0,76,0,3,5,45,50,0,0,0,0,0,0,0,0,0,0,12,1,1,0,0,10,1,1,0,0,2,0,0,0,0,15,0,2,2,3,5,0,0,0,0,0,0,0,0,0,0,0,0,0,0,0,0,0,0,0,0,0,0,0,0,0,0,0,0,0,0,0,0,0,0,0,0,0,0,0,0,0,0,0,0,0,0,0,0,0,0,0,0,0,0,0,0,0,0,0,0,0,0
Sayreville Police,2013-09-01,New Jersey,44174,NJ01219,breakdown offenses,adjustment,adjustment,adjustment,adjustment,adjustment,breakdown offenses,breakdown offenses,breakdown offenses,0,0,0,0,0,0,0,0,1,0,0,0,1,25,0,0,1,0,24,9,6,3,0,26,1,0,1,0,62,0,1,2,36,38,0,0,0,0,0,0,0,0,0,0,5,0,0,0,0,5,0,0,0,0,2,0,0,0,0,7,0,0,0,2,2,0,0,0,0,0,0,0,0,0,0,0,0,0,0,0,0,0,0,0,0,1,0,0,0,0,1,0,0,0,1,1,0,0,0,0,0,0,0,0,0,0,0,0,0,0,0,0,0,0,0,0,0,0,0,0,0,0,0,0,0,0,0
Sayreville Police,2013-10-01,New Jersey,44174,NJ01219,breakdown offenses,adjustment,adjustment,adjustment,adjustment,adjustment,breakdown offenses,breakdown offenses,breakdown offenses,0,0,0,0,0,0,0,0,1,0,0,0,1,12,0,0,0,0,12,9,4,3,2,15,1,1,0,0,38,0,0,1,25,26,0,0,0,0,0,0,0,0,0,0,6,0,0,1,0,5,0,0,0,0,0,0,0,0,0,6,0,1,1,0,1,0,0,0,0,0,0,0,0,0,0,0,0,0,0,0,0,0,0,0,0,0,0,0,0,0,0,0,0,0,0,0,0,0,0,0,0,0,0,0,0,0,0,0,0,0,0,0,0,0,0,0,0,0,0,0,0,0,0,0,0,0,0
Sayreville Police,2013-11-01,New Jersey,44174,NJ01219,breakdown offenses,adjustment,adjustment,adjustment,adjustment,adjustment,breakdown offenses,breakdown offenses,breakdown offenses,0,0,0,0,0,0,0,0,0,0,0,0,0,16,0,0,1,1,14,12,8,4,0,40,3,1,0,2,71,0,2,2,55,57,0,0,0,0,0,0,0,0,0,0,9,0,0,0,1,8,0,0,0,0,1,0,0,0,0,10,0,1,1,1,2,0,0,0,0,0,0,0,0,0,0,0,0,0,0,0,0,0,0,0,0,0,0,0,0,0,0,0,0,0,0,0,0,0,0,0,0,0,0,0,0,0,0,0,0,0,0,0,0,0,0,0,0,0,0,0,0,0,0,0,0,0,0
Sayreville Police,2013-12-01,New Jersey,44174,NJ01219,breakdown offenses,adjustment,adjustment,adjustment,adjustment,adjustment,breakdown offenses,breakdown offenses,breakdown offenses,0,0,0,0,0,0,0,0,0,0,0,0,0,22,0,1,1,3,17,6,5,1,0,37,2,2,0,0,67,0,5,5,45,50,0,0,0,0,0,0,0,0,0,0,10,0,0,2,2,6,0,0,0,0,0,0,0,0,0,10,0,4,4,0,4,0,0,0,0,0,0,0,0,0,0,0,0,0,0,0,0,0,0,0,0,0,0,0,0,0,0,0,0,0,0,0,0,0,0,0,0,0,0,0,0,0,0,0,0,0,0,0,0,0,0,0,0,0,0,0,0,0,0,0,0,0,0
