agency,year,state,population,ORI,card_unfounded_pt,card_unfounded_type,card_actual_type,card_total_cleared_type,card_cleared_18_type,card_officers_type,card_actual_pt,card_total_cleared_pt,card_cleared_18_pt,officers_killed_by_felony,officers_killed_by_accident,officers_assaulted,actual_murder,actual_manslaughter,actual_rape_total,actual_rape_by_force,actual_rape_attempted,actual_robbery_total,actual_robbery_with_a_gun,actual_robbery_with_a_knife,actual_robbery_other_weapon,actual_robbery_unarmed,actual_assault_total,actual_assault_with_a_gun,actual_assault_with_a_knife,actual_assault_other_weapon,actual_assault_unarmed,actual_assault_simple,actual_burglary_total,actual_burglary_force_entry,actual_burglary_nonforce_entry,actual_burglary_attempted,actual_theft_total,actual_motor_vehicle_theft_total,actual_motor_vehicle_theft_car,actual_motor_vehicle_theft_truck,actual_motor_vehicle_theft_other,actual_all_crimes,actual_theft_under50_dollar,actual_assault_aggravated,actual_index_violent,actual_index_property,actual_index_total,total_cleared_murder,total_cleared_manslaughter,total_cleared_rape_total,total_cleared_rape_by_force,total_cleared_rape_attempted,total_cleared_robbery_total,total_cleared_robbery_with_a_gun,total_cleared_robbery_with_a_knife,total_cleared_robbery_other_weapon,total_cleared_robbery_unarmed,total_cleared_assault_total,total_cleared_assault_with_a_gun,total_cleared_assault_with_a_knife,total_cleared_assault_other_weapon,total_cleared_assault_unarmed,total_cleared_assault_simple,total_cleared_burglary_total,total_cleared_burglary_force_entry,total_cleared_burglary_nonforce_entry,total_cleared_burglary_attempted,total_cleared_theft_total,total_cleared_motor_vehicle_theft_total,total_cleared_motor_vehicle_theft_car,total_cleared_motor_vehicle_theft_truck,total_cleared_motor_vehicle_theft_other,total_cleared_all_crimes,total_cleared_theft_under50_dollar,total_cleared_assault_aggravated,total_cleared_index_violent,total_cleared_index_property,total_cleared_index_total,cleared_18_murder,cleared_18_manslaughter,cleared_18_rape_total,cleared_18_rape_by_force,cleared_18_rape_attempted,cleared_18_robbery_total,cleared_18_robbery_with_a_gun,cleared_18_robbery_with_a_knife,cleared_18_robbery_other_weapon,cleared_18_robbery_unarmed,cleared_18_assault_total,cleared_18_assault_with_a_gun,cleared_18_assault_with_a_knife,cleared_18_assault_other_weapon,cleared_18_assault_unarmed,cleared_18_assault_simple,cleared_18_burglary_total,cleared_18_burglary_force_entry,cleared_18_burglary_nonforce_entry,cleared_18_burglary_attempted,cleared_18_theft_total,cleared_18_motor_vehicle_theft_total,cleared_18_motor_vehicle_theft_car,cleared_18_motor_vehicle_theft_truck,cleared_18_motor_vehicle_theft_other,cleared_18_all_crimes,cleared_18_theft_under50_dollar,cleared_18_assault_aggravated,cleared_18_index_violent,cleared_18_index_property,cleared_18_index_total,unfounded_murder,unfounded_manslaughter,unfounded_rape_total,unfounded_rape_by_force,unfounded_rape_attempted,unfounded_robbery_total,unfounded_robbery_with_a_gun,unfounded_robbery_with_a_knife,unfounded_robbery_other_weapon,unfounded_robbery_unarmed,unfounded_assault_total,unfounded_assault_with_a_gun,unfounded_assault_with_a_knife,unfounded_assault_other_weapon,unfounded_assault_unarmed,unfounded_assault_simple,unfounded_burglary_total,unfounded_burglary_force_entry,unfounded_burglary_nonforce_entry,unfounded_burglary_attempted,unfounded_theft_total,unfounded_motor_vehicle_theft_total,unfounded_motor_vehicle_theft_car,unfounded_motor_vehicle_theft_truck,unfounded_motor_vehicle_theft_other,unfounded_all_crimes,unfounded_theft_under50_dollar,unfounded_assault_aggravated,unfounded_index_violent,unfounded_index_property,unfounded_index_total
Robeson County Sheriff's Office,2023-12-01,North Carolina,84695,NC07800,breakdown offenses,normal return,normal return,normal return,normal return,normal return,breakdown offenses,breakdown offenses,breakdown offenses,0,0,0,1,1,1,1,0,6,6,0,0,0,121,71,9,8,1,32,44,32,10,2,87,35,31,1,3,296,0,89,97,166,263,1,1,0,0,0,0,0,0,0,0,22,5,4,0,2,11,0,0,0,0,1,3,2,0,1,28,0,11,12,4,16,0,0,0,0,0,0,0,0,0,0,4,3,0,0,0,1,0,0,0,0,0,0,0,0,0,4,0,3,3,0,3,0,0,0,0,0,0,0,0,0,0,0,0,0,0,0,0,0,0,0,0,0,0,0,0,0,0,0,0,0,0,0
Robeson County Sheriff's Office,2023-11-01,North Carolina,84695,NC07800,breakdown offenses,normal return,normal return,normal return,normal return,normal return,breakdown offenses,breakdown offenses,breakdown offenses,0,0,0,4,0,1,1,0,8,6,1,1,0,95,63,5,4,3,20,74,64,9,1,96,17,14,1,2,295,0,75,88,187,275,1,0,0,0,0,0,0,0,0,0,14,9,2,0,0,3,2,1,1,0,1,1,0,0,1,19,0,11,12,4,16,0,0,0,0,0,0,0,0,0,0,0,0,0,0,0,0,0,0,0,0,0,0,0,0,0,0,0,0,0,0,0,0,0,0,0,0,0,0,0,0,0,0,0,0,0,0,0,0,0,0,0,0,0,0,0,0,0,0,0,0,0,0
Robeson County Sheriff's Office,2023-10-01,North Carolina,84695,NC07800,breakdown offenses,normal return,normal return,normal return,normal return,normal return,breakdown offenses,breakdown offenses,breakdown offenses,0,0,0,3,0,0,0,0,8,7,0,0,1,134,81,4,10,3,36,71,57,13,1,98,20,19,0,1,334,0,98,109,189,298,2,0,0,0,0,2,2,0,0,0,12,6,1,0,0,5,6,2,4,0,1,1,1,0,0,24,0,7,11,8,19,1,0,0,0,0,0,0,0,0,0,0,0,0,0,0,0,0,0,0,0,0,0,0,0,0,1,0,0,1,0,1,0,0,0,0,0,0,0,0,0,0,0,0,0,0,0,0,0,0,0,0,0,0,0,0,0,0,0,0,0,0,0
Robeson County Sheriff's Office,2023-09-01,North Carolina,84695,NC07800,breakdown offenses,normal return,normal return,normal return,normal return,normal return,breakdown offenses,breakdown offenses,breakdown offenses,0,0,0,4,1,0,0,0,7,6,0,1,0,110,55,6,4,8,37,40,30,9,1,118,21,19,1,1,301,0,73,84,179,263,6,0,0,0,0,1,0,0,1,0,27,8,1,2,1,15,2,2,0,0,5,0,0,0,0,41,0,12,19,7,26,0,0,0,0,0,0,0,0,0,0,4,0,0,0,0,4,0,0,0,0,2,0,0,0,0,6,0,0,0,2,2,0,0,0,0,0,0,0,0,0,0,0,0,0,0,0,0,0,0,0,0,0,0,0,0,0,0,0,0,0,0,0
Robeson County Sheriff's Office,2023-08-01,North Carolina,84695,NC07800,breakdown offenses,normal return,normal return,normal return,normal return,normal return,breakdown offenses,breakdown offenses,breakdown offenses,0,0,0,5,0,0,0,0,5,5,0,0,0,158,99,6,18,3,32,59,46,12,1,122,28,23,1,4,377,0,126,136,209,345,5,0,0,0,0,1,1,0,0,0,18,5,0,2,0,11,9,9,0,0,4,1,0,0,1,38,0,7,13,14,27,0,0,0,0,0,0,0,0,0,0,0,0,0,0,0,0,3,3,0,0,1,1,0,0,1,5,0,0,0,5,5,0,0,0,0,0,0,0,0,0,0,0,0,0,0,0,0,0,0,0,0,0,0,0,0,0,0,0,0,0,0,0
Robeson County Sheriff's Office,2023-07-01,North Carolina,84695,NC07800,breakdown offenses,normal return,normal return,normal return,normal return,normal return,breakdown offenses,breakdown offenses,breakdown offenses,1,0,0,8,0,1,1,0,12,10,1,0,1,123,69,0,10,2,42,83,54,24,5,98,29,28,0,1,354,0,81,102,210,312,5,0,0,0,0,0,0,0,0,0,16,3,0,2,0,11,2,1,1,0,5,0,0,0,0,28,0,5,10,7,17,0,0,0,0,0,0,0,0,0,0,3,0,0,0,0,3,1,0,1,0,0,0,0,0,0,4,0,0,0,1,1,0,0,0,0,0,0,0,0,0,0,0,0,0,0,0,0,0,0,0,0,0,0,0,0,0,0,0,0,0,0,0
Robeson County Sheriff's Office,2023-06-01,North Carolina,84695,NC07800,breakdown offenses,normal return,normal return,normal return,normal return,normal return,breakdown offenses,breakdown offenses,breakdown offenses,0,0,0,5,0,1,1,0,6,4,0,1,1,127,75,3,15,6,28,45,32,12,1,96,41,37,3,1,321,0,99,111,182,293,0,0,0,0,0,1,1,0,0,0,27,10,1,2,2,12,3,2,1,0,2,0,0,0,0,33,0,15,16,5,21,0,0,0,0,0,0,0,0,0,0,6,4,0,0,0,2,0,0,0,0,0,0,0,0,0,6,0,4,4,0,4,0,0,0,0,0,0,0,0,0,0,0,0,0,0,0,0,0,0,0,0,0,0,0,0,0,0,0,0,0,0,0
Robeson County Sheriff's Office,2023-05-01,North Carolina,84695,NC07800,breakdown offenses,normal return,normal return,normal return,normal return,normal return,breakdown offenses,breakdown offenses,breakdown offenses,0,0,0,3,0,2,2,0,6,5,0,0,1,130,67,4,5,9,45,69,51,16,2,110,27,27,0,0,347,0,85,96,206,302,1,0,0,0,0,1,1,0,0,0,16,8,0,1,0,7,2,0,2,0,4,1,1,0,0,25,0,9,11,7,18,0,0,0,0,0,0,0,0,0,0,4,1,0,1,0,2,1,0,1,0,0,0,0,0,0,5,0,2,2,1,3,0,0,0,0,0,0,0,0,0,0,0,0,0,0,0,0,0,0,0,0,0,0,0,0,0,0,0,0,0,0,0
Robeson County Sheriff's Office,2023-04-01,North Carolina,84695,NC07800,breakdown offenses,normal return,normal return,normal return,normal return,normal return,breakdown offenses,breakdown offenses,breakdown offenses,0,0,0,2,0,2,2,0,7,6,1,0,0,124,69,3,11,8,33,34,25,8,1,86,26,24,0,2,281,0,91,102,146,248,1,0,0,0,0,0,0,0,0,0,11,3,2,0,0,6,5,4,1,0,9,3,3,0,0,29,0,5,6,17,23,0,0,0,0,0,0,0,0,0,0,2,1,0,0,0,1,0,0,0,0,0,1,1,0,0,3,0,1,1,1,2,0,0,0,0,0,0,0,0,0,0,0,0,0,0,0,0,0,0,0,0,0,0,0,0,0,0,0,0,0,0,0
Robeson County Sheriff's Office,2023-03-01,North Carolina,84695,NC07800,breakdown offenses,normal return,normal return,normal return,normal return,normal return,breakdown offenses,breakdown offenses,breakdown offenses,0,0,0,6,0,0,0,0,4,3,0,0,1,131,66,6,14,11,34,46,27,17,2,102,19,16,0,3,308,0,97,107,167,274,1,0,0,0,0,0,0,0,0,0,23,6,0,3,2,12,3,1,2,0,6,2,2,0,0,35,0,11,12,11,23,0,0,0,0,0,0,0,0,0,0,5,1,0,1,0,3,0,0,0,0,1,0,0,0,0,6,0,2,2,1,3,0,0,0,0,0,0,0,0,0,0,0,0,0,0,0,0,0,0,0,0,0,0,0,0,0,0,0,0,0,0,0
Robeson County Sheriff's Office,2023-02-01,North Carolina,84695,NC07800,breakdown offenses,normal return,normal return,normal return,normal return,normal return,breakdown offenses,breakdown offenses,breakdown offenses,0,0,0,2,0,4,4,0,1,0,1,0,0,79,29,5,6,6,33,41,28,11,2,83,21,19,2,0,231,0,46,53,145,198,0,0,1,1,0,0,0,0,0,0,14,2,1,1,2,8,2,2,0,0,3,0,0,0,0,20,0,6,7,5,12,0,0,0,0,0,0,0,0,0,0,5,1,0,0,1,3,0,0,0,0,0,0,0,0,0,5,0,2,2,0,2,0,0,0,0,0,0,0,0,0,0,0,0,0,0,0,0,0,0,0,0,0,0,0,0,0,0,0,0,0,0,0
Robeson County Sheriff's Office,2023-01-01,North Carolina,84695,NC07800,breakdown offenses,normal return,normal return,normal return,normal return,normal return,breakdown offenses,breakdown offenses,breakdown offenses,0,0,0,3,0,0,0,0,4,4,0,0,0,112,53,2,11,1,45,70,47,23,0,86,38,26,1,11,313,0,67,74,194,268,4,0,0,0,0,1,1,0,0,0,13,3,1,2,1,6,2,2,0,0,3,3,3,0,0,26,0,7,12,8,20,0,0,0,0,0,0,0,0,0,0,5,1,0,1,1,2,0,0,0,0,0,0,0,0,0,5,0,3,3,0,3,0,0,0,0,0,0,0,0,0,0,0,0,0,0,0,0,0,0,0,0,0,0,0,0,0,0,0,0,0,0,0
Robeson County Sheriff's Office,2022-12-01,North Carolina,84874,NC07800,breakdown offenses,normal return,normal return,normal return,normal return,normal return,breakdown offenses,breakdown offenses,breakdown offenses,0,0,0,1,0,1,1,0,6,6,0,0,0,102,54,1,16,5,26,72,47,24,1,84,37,32,2,3,303,0,76,84,193,277,0,0,0,0,0,0,0,0,0,0,10,3,1,0,0,6,2,2,0,0,0,3,3,0,0,15,0,4,4,5,9,0,0,0,0,0,0,0,0,0,0,1,0,0,0,0,1,0,0,0,0,0,0,0,0,0,1,0,0,0,0,0,0,0,0,0,0,0,0,0,0,0,0,0,0,0,0,0,0,0,0,0,0,0,0,0,0,0,0,0,0,0,0
Robeson County Sheriff's Office,2022-11-01,North Carolina,84874,NC07800,breakdown offenses,normal return,normal return,normal return,normal return,normal return,breakdown offenses,breakdown offenses,breakdown offenses,0,0,0,2,0,1,1,0,5,4,0,1,0,85,33,5,12,7,28,65,44,19,2,95,19,18,0,1,272,0,57,65,179,244,0,0,0,0,0,0,0,0,0,0,11,6,0,1,0,4,11,5,6,0,4,0,0,0,0,26,0,7,7,15,22,0,0,0,0,0,0,0,0,0,0,3,0,0,0,0,3,0,0,0,0,3,0,0,0,0,6,0,0,0,3,3,0,0,0,0,0,0,0,0,0,0,0,0,0,0,0,0,0,0,0,0,0,0,0,0,0,0,0,0,0,0,0
Robeson County Sheriff's Office,2022-10-01,North Carolina,84874,NC07800,breakdown offenses,normal return,normal return,normal return,normal return,normal return,breakdown offenses,breakdown offenses,breakdown offenses,0,0,0,1,0,1,1,0,2,2,0,0,0,98,34,2,5,3,54,77,41,34,2,88,25,24,0,1,292,0,44,48,190,238,0,0,0,0,0,0,0,0,0,0,2,0,1,0,1,0,7,5,2,0,1,1,1,0,0,11,0,2,2,9,11,0,0,0,0,0,0,0,0,0,0,0,0,0,0,0,0,1,1,0,0,0,0,0,0,0,1,0,0,0,1,1,0,0,0,0,0,0,0,0,0,0,0,0,0,0,0,0,0,0,0,0,0,0,0,0,0,0,0,0,0,0,0
Robeson County Sheriff's Office,2022-09-01,North Carolina,84874,NC07800,breakdown offenses,normal return,normal return,normal return,normal return,normal return,breakdown offenses,breakdown offenses,breakdown offenses,0,0,0,3,0,0,0,0,3,3,0,0,0,108,43,0,8,4,53,69,49,18,2,106,29,25,1,3,318,0,55,61,204,265,0,0,0,0,0,0,0,0,0,0,17,8,0,2,0,7,4,4,0,0,5,2,2,0,0,28,0,10,10,11,21,0,0,0,0,0,0,0,0,0,0,10,5,0,0,0,5,0,0,0,0,0,0,0,0,0,10,0,5,5,0,5,0,0,0,0,0,0,0,0,0,0,0,0,0,0,0,0,0,0,0,0,0,0,0,0,0,0,0,0,0,0,0
Robeson County Sheriff's Office,2022-08-01,North Carolina,84874,NC07800,breakdown offenses,normal return,normal return,normal return,normal return,normal return,breakdown offenses,breakdown offenses,breakdown offenses,0,0,0,2,0,3,2,1,7,4,0,0,3,104,54,5,9,5,31,105,76,24,5,117,28,28,0,0,366,0,73,85,250,335,0,0,0,0,0,0,0,0,0,0,13,12,0,1,0,0,4,3,1,0,1,6,4,1,1,24,0,13,13,11,24,0,0,0,0,0,0,0,0,0,0,2,2,0,0,0,0,0,0,0,0,0,0,0,0,0,2,0,2,2,0,2,0,0,0,0,0,0,0,0,0,0,0,0,0,0,0,0,0,0,0,0,0,0,0,0,0,0,0,0,0,0,0
Robeson County Sheriff's Office,2022-07-01,North Carolina,84874,NC07800,breakdown offenses,normal return,normal return,normal return,normal return,normal return,breakdown offenses,breakdown offenses,breakdown offenses,0,0,0,1,0,0,0,0,6,5,0,0,1,115,86,3,3,6,17,83,65,16,2,113,26,22,1,3,344,0,98,105,222,327,0,0,0,0,0,0,0,0,0,0,15,10,0,0,2,3,1,1,0,0,2,0,0,0,0,18,0,12,12,3,15,0,0,0,0,0,0,0,0,0,0,0,0,0,0,0,0,0,0,0,0,0,0,0,0,0,0,0,0,0,0,0,0,0,0,0,0,0,0,0,0,0,0,0,0,0,0,0,0,0,0,0,0,0,0,0,0,0,0,0,0,0,0
Robeson County Sheriff's Office,2022-06-01,North Carolina,84874,NC07800,breakdown offenses,normal return,normal return,normal return,normal return,normal return,breakdown offenses,breakdown offenses,breakdown offenses,0,0,0,5,0,2,2,0,7,5,0,1,1,106,54,1,10,3,38,64,42,20,2,96,29,24,2,3,309,0,68,82,189,271,0,0,0,0,0,2,1,0,1,0,13,6,1,1,0,5,2,1,1,0,1,2,2,0,0,20,0,8,10,5,15,0,0,0,0,0,0,0,0,0,0,0,0,0,0,0,0,0,0,0,0,0,1,1,0,0,1,0,0,0,1,1,0,0,0,0,0,0,0,0,0,0,0,0,0,0,0,0,0,0,0,0,0,0,0,0,0,0,0,0,0,0,0
Robeson County Sheriff's Office,2022-05-01,North Carolina,84874,NC07800,breakdown offenses,normal return,normal return,normal return,normal return,normal return,breakdown offenses,breakdown offenses,breakdown offenses,0,0,0,2,0,2,2,0,5,3,0,0,2,141,74,3,9,10,45,70,54,14,2,103,26,24,1,1,349,0,96,105,199,304,0,0,1,1,0,0,0,0,0,0,25,10,2,0,0,13,1,1,0,0,4,6,3,3,0,37,0,12,13,11,24,0,0,1,1,0,0,0,0,0,0,4,2,0,0,0,2,0,0,0,0,2,0,0,0,0,7,0,2,3,2,5,0,0,0,0,0,0,0,0,0,0,0,0,0,0,0,0,0,0,0,0,0,0,0,0,0,0,0,0,0,0,0
Robeson County Sheriff's Office,2022-04-01,North Carolina,84874,NC07800,breakdown offenses,normal return,normal return,normal return,normal return,normal return,breakdown offenses,breakdown offenses,breakdown offenses,0,0,0,3,0,1,1,0,9,6,0,0,3,117,55,6,23,6,27,62,49,13,0,97,30,25,5,0,319,0,90,103,189,292,1,0,0,0,0,0,0,0,0,0,13,3,2,5,2,1,4,4,0,0,2,1,0,0,1,21,0,12,13,7,20,0,0,0,0,0,0,0,0,0,0,1,0,0,1,0,0,0,0,0,0,0,0,0,0,0,1,0,1,1,0,1,0,0,0,0,0,0,0,0,0,0,0,0,0,0,0,0,0,0,0,0,0,0,0,0,0,0,0,0,0,0,0
Robeson County Sheriff's Office,2022-03-01,North Carolina,84874,NC07800,breakdown offenses,normal return,normal return,normal return,normal return,normal return,breakdown offenses,breakdown offenses,breakdown offenses,0,0,0,3,0,1,1,0,2,1,1,0,0,110,48,4,10,4,44,77,54,20,3,96,36,31,4,1,325,0,66,72,209,281,0,0,0,0,0,1,1,0,0,0,21,9,1,3,1,7,4,2,2,0,3,2,2,0,0,31,0,14,15,9,24,0,0,0,0,0,0,0,0,0,0,9,2,0,3,0,4,0,0,0,0,0,0,0,0,0,9,0,5,5,0,5,0,0,0,0,0,0,0,0,0,0,0,0,0,0,0,0,0,0,0,0,0,0,0,0,0,0,0,0,0,0,0
Robeson County Sheriff's Office,2022-02-01,North Carolina,84874,NC07800,breakdown offenses,normal return,normal return,normal return,normal return,normal return,breakdown offenses,breakdown offenses,breakdown offenses,0,0,0,0,0,1,1,0,7,4,0,1,2,123,71,2,8,2,40,65,46,15,4,89,22,21,0,1,307,0,83,91,176,267,0,0,0,0,0,1,0,0,0,1,12,5,0,1,1,5,3,3,0,0,3,0,0,0,0,19,0,7,8,6,14,0,0,0,0,0,0,0,0,0,0,5,4,0,0,0,1,0,0,0,0,0,0,0,0,0,5,0,4,4,0,4,0,0,0,0,0,0,0,0,0,0,0,0,0,0,0,0,0,0,0,0,0,0,0,0,0,0,0,0,0,0,0
Robeson County Sheriff's Office,2022-01-01,North Carolina,84874,NC07800,breakdown offenses,normal return,normal return,normal return,normal return,normal return,breakdown offenses,breakdown offenses,breakdown offenses,0,0,0,1,0,2,2,0,4,4,0,0,0,116,54,4,5,5,48,72,45,27,0,88,23,22,0,1,306,0,68,75,183,258,0,0,0,0,0,0,0,0,0,0,13,10,2,0,0,1,1,0,1,0,0,1,1,0,0,15,0,12,12,2,14,0,0,0,0,0,0,0,0,0,0,0,0,0,0,0,0,0,0,0,0,0,0,0,0,0,0,0,0,0,0,0,0,0,0,0,0,0,0,0,0,0,0,0,0,0,0,0,0,0,0,0,0,0,0,0,0,0,0,0,0,0,0
Robeson County Sheriff's Office,2021-12-01,North Carolina,92933,NC07800,breakdown offenses,normal return,normal return,normal return,normal return,normal return,breakdown offenses,breakdown offenses,breakdown offenses,0,0,0,1,0,1,1,0,5,4,0,1,0,138,81,2,11,4,40,102,72,30,0,105,37,30,3,4,389,0,98,105,244,349,1,0,1,1,0,1,0,0,1,0,11,3,0,0,3,5,3,2,1,0,2,3,2,1,0,22,0,6,9,8,17,0,0,0,0,0,0,0,0,0,0,1,0,0,0,0,1,1,1,0,0,0,1,1,0,0,3,0,0,0,2,2,0,0,0,0,0,0,0,0,0,0,0,0,0,0,0,0,0,0,0,0,0,0,0,0,0,0,0,0,0,0,0
Robeson County Sheriff's Office,2021-11-01,North Carolina,92933,NC07800,breakdown offenses,normal return,normal return,normal return,normal return,normal return,breakdown offenses,breakdown offenses,breakdown offenses,0,0,0,4,0,2,2,0,7,6,1,0,0,144,70,1,12,3,58,77,54,23,0,110,34,31,2,1,378,0,86,99,221,320,3,0,0,0,0,0,0,0,0,0,13,5,0,1,0,7,2,1,1,0,4,1,1,0,0,23,0,6,9,7,16,0,0,0,0,0,0,0,0,0,0,0,0,0,0,0,0,0,0,0,0,1,0,0,0,0,1,0,0,0,1,1,0,0,0,0,0,0,0,0,0,0,0,0,0,0,0,0,0,0,0,0,0,0,0,0,0,0,0,0,0,0,0
Robeson County Sheriff's Office,2021-10-01,North Carolina,92933,NC07800,breakdown offenses,normal return,normal return,normal return,normal return,normal return,breakdown offenses,breakdown offenses,breakdown offenses,0,0,0,0,0,1,1,0,2,1,0,0,1,113,68,7,9,2,27,61,42,16,3,110,18,16,1,1,305,0,86,89,189,278,1,0,0,0,0,0,0,0,0,0,15,6,3,1,0,5,3,2,1,0,2,1,1,0,0,22,0,10,11,6,17,0,0,0,0,0,0,0,0,0,0,4,1,1,0,0,2,0,0,0,0,0,0,0,0,0,4,0,2,2,0,2,0,0,0,0,0,0,0,0,0,0,0,0,0,0,0,0,0,0,0,0,0,0,0,0,0,0,0,0,0,0,0
Robeson County Sheriff's Office,2021-09-01,North Carolina,92933,NC07800,breakdown offenses,normal return,normal return,normal return,normal return,normal return,breakdown offenses,breakdown offenses,breakdown offenses,0,0,0,6,0,1,1,0,9,6,0,0,3,105,49,1,17,2,36,57,38,16,3,105,31,28,1,2,314,0,69,85,193,278,2,0,0,0,0,1,1,0,0,0,11,6,0,0,0,5,2,0,1,1,4,0,0,0,0,20,0,6,9,6,15,0,0,0,0,0,1,1,0,0,0,2,1,0,0,0,1,1,0,1,0,2,0,0,0,0,6,0,1,2,3,5,0,0,0,0,0,0,0,0,0,0,0,0,0,0,0,0,0,0,0,0,0,0,0,0,0,0,0,0,0,0,0
Robeson County Sheriff's Office,2021-08-01,North Carolina,92933,NC07800,breakdown offenses,normal return,normal return,normal return,normal return,normal return,breakdown offenses,breakdown offenses,breakdown offenses,0,0,0,5,0,2,2,0,7,4,1,2,0,107,62,6,8,5,26,71,45,25,1,125,21,21,0,0,338,0,81,95,217,312,0,0,0,0,0,0,0,0,0,0,15,6,2,2,1,4,3,1,2,0,3,1,0,1,0,22,0,11,11,7,18,0,0,0,0,0,0,0,0,0,0,1,0,0,1,0,0,0,0,0,0,0,0,0,0,0,1,0,1,1,0,1,0,0,0,0,0,0,0,0,0,0,0,0,0,0,0,0,0,0,0,0,0,0,0,0,0,0,0,0,0,0,0
Robeson County Sheriff's Office,2021-07-01,North Carolina,92933,NC07800,breakdown offenses,normal return,normal return,normal return,normal return,normal return,breakdown offenses,breakdown offenses,breakdown offenses,0,0,0,1,0,2,2,0,7,6,0,1,0,118,75,5,9,6,23,74,55,18,1,122,28,25,1,2,352,0,95,105,224,329,0,0,0,0,0,2,2,0,0,0,12,8,0,2,1,1,2,1,1,0,3,1,1,0,0,20,0,11,13,6,19,0,0,0,0,0,0,0,0,0,0,0,0,0,0,0,0,0,0,0,0,0,0,0,0,0,0,0,0,0,0,0,0,0,0,0,0,0,0,0,0,0,0,0,0,0,0,0,0,0,0,0,0,0,0,0,0,0,0,0,0,0,0
Robeson County Sheriff's Office,2021-06-01,North Carolina,92933,NC07800,breakdown offenses,normal return,normal return,normal return,normal return,normal return,breakdown offenses,breakdown offenses,breakdown offenses,0,0,0,2,0,1,1,0,4,3,0,1,0,105,67,1,11,4,22,69,44,23,2,107,33,28,2,3,321,0,83,90,209,299,1,0,0,0,0,0,0,0,0,0,16,10,0,0,0,6,2,1,1,0,2,0,0,0,0,21,0,10,11,4,15,0,0,0,0,0,0,0,0,0,0,3,0,0,0,0,3,1,1,0,0,0,0,0,0,0,4,0,0,0,1,1,0,0,0,0,0,0,0,0,0,0,0,0,0,0,0,0,0,0,0,0,0,0,0,0,0,0,0,0,0,0,0
Robeson County Sheriff's Office,2021-05-01,North Carolina,92933,NC07800,breakdown offenses,normal return,normal return,normal return,normal return,normal return,breakdown offenses,breakdown offenses,breakdown offenses,0,0,0,0,0,3,3,0,10,8,0,0,2,121,55,7,13,3,43,78,61,14,3,102,23,23,0,0,337,0,78,91,203,294,0,0,0,0,0,1,0,0,0,1,20,8,1,4,0,7,3,2,1,0,3,1,1,0,0,28,0,13,14,7,21,0,0,0,0,0,1,0,0,0,1,3,0,0,0,0,3,0,0,0,0,0,0,0,0,0,4,0,0,1,0,1,0,0,0,0,0,0,0,0,0,0,0,0,0,0,0,0,0,0,0,0,0,0,0,0,0,0,0,0,0,0,0
Robeson County Sheriff's Office,2021-04-01,North Carolina,92933,NC07800,breakdown offenses,normal return,normal return,normal return,normal return,normal return,breakdown offenses,breakdown offenses,breakdown offenses,0,0,0,1,0,2,2,0,4,3,1,0,0,90,51,4,1,3,31,59,41,16,2,72,17,16,0,1,245,0,59,66,148,214,3,0,0,0,0,1,1,0,0,0,19,14,0,0,1,4,1,1,0,0,3,1,1,0,0,28,0,15,19,5,24,0,0,0,0,0,0,0,0,0,0,1,0,0,0,0,1,0,0,0,0,0,0,0,0,0,1,0,0,0,0,0,0,0,0,0,0,0,0,0,0,0,0,0,0,0,0,0,0,0,0,0,0,0,0,0,0,0,0,0,0,0,0
Robeson County Sheriff's Office,2021-03-01,North Carolina,92933,NC07800,breakdown offenses,normal return,normal return,normal return,normal return,normal return,breakdown offenses,breakdown offenses,breakdown offenses,0,0,0,3,0,2,2,0,7,4,1,0,2,108,61,3,9,4,31,48,39,9,0,85,19,19,0,0,272,0,77,89,152,241,1,0,0,0,0,0,0,0,0,0,16,13,0,0,1,2,1,1,0,0,2,1,1,0,0,21,0,14,15,4,19,0,0,0,0,0,0,0,0,0,0,0,0,0,0,0,0,0,0,0,0,0,0,0,0,0,0,0,0,0,0,0,0,0,0,0,0,0,0,0,0,0,0,0,0,0,0,0,0,0,0,0,0,0,0,0,0,0,0,0,0,0,0
Robeson County Sheriff's Office,2021-02-01,North Carolina,92933,NC07800,breakdown offenses,normal return,normal return,normal return,normal return,normal return,breakdown offenses,breakdown offenses,breakdown offenses,0,0,0,0,0,1,1,0,6,3,0,2,1,71,30,3,8,6,24,57,42,13,2,65,13,13,0,0,213,0,47,54,135,189,0,0,0,0,0,3,2,0,1,0,7,2,0,0,0,5,1,1,0,0,2,3,3,0,0,16,0,2,5,6,11,0,0,0,0,0,1,0,0,1,0,0,0,0,0,0,0,0,0,0,0,0,1,1,0,0,2,0,0,1,1,2,0,0,0,0,0,0,0,0,0,0,0,0,0,0,0,0,0,0,0,0,0,0,0,0,0,0,0,0,0,0,0
Robeson County Sheriff's Office,2021-01-01,North Carolina,92933,NC07800,breakdown offenses,normal return,normal return,normal return,normal return,normal return,breakdown offenses,breakdown offenses,breakdown offenses,0,0,0,1,0,1,1,0,8,6,0,0,2,103,55,2,5,6,35,71,52,19,0,110,26,24,1,1,320,0,68,78,207,285,1,0,0,0,0,1,1,0,0,0,6,1,0,1,0,4,1,1,0,0,4,3,3,0,0,16,0,2,4,8,12,0,0,0,0,0,0,0,0,0,0,1,0,0,1,0,0,0,0,0,0,1,1,1,0,0,3,0,1,1,2,3,0,0,0,0,0,0,0,0,0,0,0,0,0,0,0,0,0,0,0,0,0,0,0,0,0,0,0,0,0,0,0
Robeson County Sheriff's Office,2020-12-01,North Carolina,95176,NC07800,breakdown offenses,normal return,normal return,normal return,normal return,normal return,breakdown offenses,breakdown offenses,breakdown offenses,0,0,0,6,0,0,0,0,6,5,0,1,0,97,47,4,3,2,41,81,65,12,4,96,20,19,0,1,306,0,56,68,197,265,4,0,0,0,0,0,0,0,0,0,16,5,2,2,2,5,4,3,1,0,4,1,1,0,0,29,0,11,15,9,24,0,0,0,0,0,0,0,0,0,0,0,0,0,0,0,0,0,0,0,0,0,0,0,0,0,0,0,0,0,0,0,0,0,0,0,0,0,0,0,0,0,0,0,0,0,0,0,0,0,0,0,0,0,0,0,0,0,0,0,0,0,0
Robeson County Sheriff's Office,2020-11-01,North Carolina,95176,NC07800,breakdown offenses,normal return,normal return,normal return,normal return,normal return,breakdown offenses,breakdown offenses,breakdown offenses,0,0,0,0,0,0,0,0,7,6,1,0,0,114,65,2,5,0,42,69,52,15,2,109,22,22,0,0,321,0,72,79,200,279,0,0,0,0,0,2,1,0,1,0,4,0,0,1,0,3,2,1,1,0,5,1,1,0,0,14,0,1,3,8,11,0,0,0,0,0,0,0,0,0,0,0,0,0,0,0,0,0,0,0,0,0,1,1,0,0,1,0,0,0,1,1,0,0,0,0,0,0,0,0,0,0,0,0,0,0,0,0,0,0,0,0,0,0,0,0,0,0,0,0,0,0,0
Robeson County Sheriff's Office,2020-10-01,North Carolina,95176,NC07800,breakdown offenses,normal return,normal return,normal return,normal return,normal return,breakdown offenses,breakdown offenses,breakdown offenses,0,0,0,4,0,2,2,0,8,5,0,3,0,120,48,8,8,4,52,78,60,18,0,123,17,16,0,1,352,0,68,82,218,300,3,0,1,1,0,1,1,0,0,0,12,1,2,2,0,7,4,1,3,0,2,0,0,0,0,23,0,5,10,6,16,0,0,0,0,0,0,0,0,0,0,0,0,0,0,0,0,0,0,0,0,0,0,0,0,0,0,0,0,0,0,0,0,0,0,0,0,0,0,0,0,0,0,0,0,0,0,0,0,0,0,0,0,0,0,0,0,0,0,0,0,0,0
Robeson County Sheriff's Office,2020-09-01,North Carolina,95176,NC07800,breakdown offenses,normal return,normal return,normal return,normal return,normal return,breakdown offenses,breakdown offenses,breakdown offenses,0,0,0,2,0,2,2,0,6,5,0,0,1,127,81,4,13,2,27,82,55,23,4,98,22,22,0,0,339,0,100,110,202,312,1,0,0,0,0,0,0,0,0,0,10,3,0,3,0,4,9,4,4,1,5,1,1,0,0,26,0,6,7,15,22,0,0,0,0,0,0,0,0,0,0,0,0,0,0,0,0,3,1,1,1,2,0,0,0,0,5,0,0,0,5,5,0,0,0,0,0,0,0,0,0,0,0,0,0,0,0,0,0,0,0,0,0,0,0,0,0,0,0,0,0,0,0
Robeson County Sheriff's Office,2020-08-01,North Carolina,95176,NC07800,breakdown offenses,normal return,normal return,normal return,normal return,normal return,breakdown offenses,breakdown offenses,breakdown offenses,0,0,0,4,0,2,2,0,10,8,1,0,1,92,45,4,7,0,36,103,79,20,4,105,26,24,1,1,342,0,56,72,234,306,2,0,0,0,0,0,0,0,0,0,14,7,0,1,0,6,8,3,5,0,3,0,0,0,0,27,0,8,10,11,21,0,0,0,0,0,0,0,0,0,0,0,0,0,0,0,0,1,0,1,0,0,0,0,0,0,1,0,0,0,1,1,0,0,0,0,0,0,0,0,0,0,0,0,0,0,0,0,0,0,0,0,0,0,0,0,0,0,0,0,0,0,0
Robeson County Sheriff's Office,2020-07-01,North Carolina,95176,NC07800,breakdown offenses,normal return,normal return,normal return,normal return,normal return,breakdown offenses,breakdown offenses,breakdown offenses,0,0,0,2,0,2,2,0,4,3,1,0,0,125,75,4,5,1,40,94,72,21,1,102,19,17,0,2,348,0,85,93,215,308,0,0,0,0,0,0,0,0,0,0,25,15,2,2,0,6,5,2,3,0,1,1,1,0,0,32,0,19,19,7,26,0,0,0,0,0,0,0,0,0,0,0,0,0,0,0,0,0,0,0,0,0,0,0,0,0,0,0,0,0,0,0,0,0,0,0,0,0,0,0,0,0,0,0,0,0,0,0,0,0,0,0,0,0,0,0,0,0,0,0,0,0,0
Robeson County Sheriff's Office,2020-06-01,North Carolina,95176,NC07800,breakdown offenses,normal return,normal return,normal return,normal return,normal return,breakdown offenses,breakdown offenses,breakdown offenses,0,0,0,12,0,3,3,0,6,4,0,1,1,130,53,0,5,4,68,78,44,31,3,117,22,20,0,2,368,0,62,83,217,300,3,0,0,0,0,2,1,0,0,1,17,7,0,1,0,9,3,3,0,0,5,3,3,0,0,33,0,8,13,11,24,0,0,0,0,0,1,1,0,0,0,0,0,0,0,0,0,0,0,0,0,1,2,2,0,0,4,0,0,1,3,4,0,0,0,0,0,0,0,0,0,0,0,0,0,0,0,0,0,0,0,0,0,0,0,0,0,0,0,0,0,0,0
Robeson County Sheriff's Office,2020-05-01,North Carolina,95176,NC07800,breakdown offenses,normal return,normal return,normal return,normal return,normal return,breakdown offenses,breakdown offenses,breakdown offenses,0,0,0,0,0,1,1,0,5,1,1,2,1,159,91,4,20,0,44,42,27,13,2,89,17,15,0,2,313,0,115,121,148,269,0,0,0,0,0,0,0,0,0,0,11,5,0,0,0,6,3,2,1,0,3,1,1,0,0,18,0,5,5,7,12,0,0,0,0,0,0,0,0,0,0,0,0,0,0,0,0,0,0,0,0,0,0,0,0,0,0,0,0,0,0,0,0,0,0,0,0,0,0,0,0,0,0,0,0,0,0,0,0,0,0,0,0,0,0,0,0,0,0,0,0,0,0
Robeson County Sheriff's Office,2020-04-01,North Carolina,95176,NC07800,breakdown offenses,normal return,normal return,normal return,normal return,normal return,breakdown offenses,breakdown offenses,breakdown offenses,0,0,0,2,1,0,0,0,7,4,1,0,2,104,51,3,9,4,37,99,67,30,2,112,14,14,0,0,339,0,67,76,225,301,2,1,0,0,0,1,0,1,0,0,13,3,1,4,2,3,11,7,4,0,6,1,1,0,0,35,0,10,13,18,31,1,0,0,0,0,0,0,0,0,0,1,1,0,0,0,0,0,0,0,0,0,0,0,0,0,2,0,1,2,0,2,0,0,0,0,0,0,0,0,0,0,0,0,0,0,0,0,0,0,0,0,0,0,0,0,0,0,0,0,0,0,0
Robeson County Sheriff's Office,2020-03-01,North Carolina,95176,NC07800,breakdown offenses,normal return,normal return,normal return,normal return,normal return,breakdown offenses,breakdown offenses,breakdown offenses,0,0,0,2,0,2,2,0,6,3,0,2,1,105,54,4,9,6,32,90,65,20,5,78,17,17,0,0,300,0,73,83,185,268,1,0,1,1,0,0,0,0,0,0,10,7,1,1,0,1,6,5,1,0,4,2,2,0,0,24,0,9,11,12,23,0,0,0,0,0,0,0,0,0,0,1,0,0,0,0,1,1,1,0,0,0,2,2,0,0,4,0,0,0,3,3,0,0,0,0,0,0,0,0,0,0,0,0,0,0,0,0,0,0,0,0,0,0,0,0,0,0,0,0,0,0,0
Robeson County Sheriff's Office,2020-02-01,North Carolina,95176,NC07800,breakdown offenses,normal return,normal return,normal return,normal return,normal return,breakdown offenses,breakdown offenses,breakdown offenses,0,0,0,1,0,1,1,0,9,5,2,1,1,93,58,2,12,1,20,80,58,19,3,83,15,14,0,1,282,0,73,84,178,262,0,0,0,0,0,2,2,0,0,0,7,4,1,1,0,1,7,5,2,0,3,0,0,0,0,19,0,6,8,10,18,0,0,0,0,0,1,1,0,0,0,0,0,0,0,0,0,0,0,0,0,2,0,0,0,0,3,0,0,1,2,3,0,0,0,0,0,0,0,0,0,0,0,0,0,0,0,0,0,0,0,0,0,0,0,0,0,0,0,0,0,0,0
Robeson County Sheriff's Office,2020-01-01,North Carolina,95176,NC07800,breakdown offenses,normal return,normal return,normal return,normal return,normal return,breakdown offenses,breakdown offenses,breakdown offenses,0,0,0,0,0,3,3,0,7,5,1,1,0,103,65,4,4,3,27,95,75,19,1,95,11,11,0,0,314,0,76,86,201,287,0,0,1,1,0,2,1,1,0,0,17,8,2,1,0,6,1,1,0,0,4,2,2,0,0,27,0,11,14,7,21,0,0,0,0,0,1,1,0,0,0,1,0,0,0,0,1,0,0,0,0,1,0,0,0,0,3,0,0,1,1,2,0,0,0,0,0,0,0,0,0,0,0,0,0,0,0,0,0,0,0,0,0,0,0,0,0,0,0,0,0,0,0
Robeson County Sheriff's Office,2019-12-01,North Carolina,95824,NC07800,breakdown offenses,normal return,normal return,normal return,normal return,normal return,breakdown offenses,breakdown offenses,breakdown offenses,0,0,0,3,0,1,1,0,9,7,1,0,1,94,56,4,8,1,25,93,70,19,4,92,12,12,0,0,304,0,69,82,197,279,2,0,0,0,0,0,0,0,0,0,2,1,0,0,0,1,3,3,0,0,3,1,1,0,0,11,0,1,3,7,10,0,0,0,0,0,0,0,0,0,0,0,0,0,0,0,0,0,0,0,0,0,0,0,0,0,0,0,0,0,0,0,0,0,0,0,0,0,0,0,0,0,0,0,0,0,0,0,0,0,0,0,0,0,0,0,0,0,0,0,0,0,0
Robeson County Sheriff's Office,2019-12-01,North Carolina,95824,NC07800,breakdown offenses,normal return,normal return,normal return,normal return,normal return,breakdown offenses,breakdown offenses,breakdown offenses,0,0,0,2,0,1,1,0,9,7,1,0,1,93,56,4,8,1,24,92,69,19,4,90,12,12,0,0,299,0,69,81,194,275,2,0,0,0,0,0,0,0,0,0,2,1,0,0,0,1,3,3,0,0,3,1,1,0,0,11,0,1,3,7,10,0,0,0,0,0,0,0,0,0,0,0,0,0,0,0,0,0,0,0,0,0,0,0,0,0,0,0,0,0,0,0,0,0,0,0,0,0,0,0,0,0,0,0,0,0,0,0,0,0,0,0,0,0,0,0,0,0,0,0,0,0,0
Robeson County Sheriff's Office,2019-11-01,North Carolina,95824,NC07800,breakdown offenses,normal return,normal return,normal return,normal return,normal return,breakdown offenses,breakdown offenses,breakdown offenses,0,0,0,1,0,1,1,0,8,7,0,0,1,69,22,1,7,3,36,117,98,17,2,74,20,20,0,0,290,0,33,43,211,254,1,0,0,0,0,0,0,0,0,0,3,1,0,0,0,2,1,1,0,0,3,0,0,0,0,8,0,1,2,4,6,1,0,0,0,0,0,0,0,0,0,1,0,0,0,0,1,0,0,0,0,0,0,0,0,0,2,0,0,1,0,1,0,0,0,0,0,0,0,0,0,0,0,0,0,0,0,0,0,0,0,0,0,0,0,0,0,0,0,0,0,0,0
Robeson County Sheriff's Office,2019-11-01,North Carolina,95824,NC07800,breakdown offenses,normal return,normal return,normal return,normal return,normal return,breakdown offenses,breakdown offenses,breakdown offenses,0,0,0,1,0,1,1,0,8,7,0,0,1,68,22,1,6,3,36,117,98,17,2,72,19,19,0,0,286,0,32,42,208,250,1,0,0,0,0,0,0,0,0,0,3,1,0,0,0,2,1,1,0,0,3,0,0,0,0,8,0,1,2,4,6,1,0,0,0,0,0,0,0,0,0,1,0,0,0,0,1,0,0,0,0,0,0,0,0,0,2,0,0,1,0,1,0,0,0,0,0,0,0,0,0,0,0,0,0,0,0,0,0,0,0,0,0,0,0,0,0,0,0,0,0,0,0
Robeson County Sheriff's Office,2019-10-01,North Carolina,95824,NC07800,breakdown offenses,normal return,normal return,normal return,normal return,normal return,breakdown offenses,breakdown offenses,breakdown offenses,0,0,0,2,0,2,2,0,5,5,0,0,0,87,26,2,9,2,48,136,123,10,3,99,9,8,1,0,340,0,39,48,244,292,2,0,0,0,0,2,1,0,1,0,7,0,2,0,0,5,4,1,2,1,2,0,0,0,0,17,0,2,6,6,12,0,0,0,0,0,0,0,0,0,0,1,0,0,0,0,1,0,0,0,0,0,0,0,0,0,1,0,0,0,0,0,0,0,0,0,0,0,0,0,0,0,0,0,0,0,0,0,0,0,0,0,0,0,0,0,0,0,0,0,0,0,0
Robeson County Sheriff's Office,2019-10-01,North Carolina,95824,NC07800,breakdown offenses,normal return,normal return,normal return,normal return,normal return,breakdown offenses,breakdown offenses,breakdown offenses,0,0,0,2,0,2,2,0,5,5,0,0,0,83,22,2,9,2,48,136,123,10,3,96,9,8,1,0,333,0,35,44,241,285,2,0,0,0,0,2,1,0,1,0,7,0,2,0,0,5,3,0,2,1,2,0,0,0,0,16,0,2,6,5,11,0,0,0,0,0,0,0,0,0,0,1,0,0,0,0,1,0,0,0,0,0,0,0,0,0,1,0,0,0,0,0,0,0,0,0,0,0,0,0,0,0,0,0,0,0,0,0,0,0,0,0,0,0,0,0,0,0,0,0,0,0,0
Robeson County Sheriff's Office,2019-09-01,North Carolina,95824,NC07800,breakdown offenses,normal return,normal return,normal return,normal return,normal return,breakdown offenses,breakdown offenses,breakdown offenses,0,0,0,1,0,2,2,0,11,9,0,1,1,78,27,9,8,1,33,136,110,21,5,90,10,7,0,3,328,0,45,59,236,295,0,0,0,0,0,2,1,0,1,0,13,5,1,1,0,6,4,4,0,0,1,1,1,0,0,21,0,7,9,6,15,0,0,0,0,0,0,0,0,0,0,5,1,0,1,0,3,0,0,0,0,0,0,0,0,0,5,0,2,2,0,2,0,0,0,0,0,0,0,0,0,0,0,0,0,0,0,0,0,0,0,0,0,0,0,0,0,0,0,0,0,0,0
Robeson County Sheriff's Office,2019-09-01,North Carolina,95824,NC07800,breakdown offenses,normal return,normal return,normal return,normal return,normal return,breakdown offenses,breakdown offenses,breakdown offenses,0,0,0,1,0,2,2,0,11,9,0,1,1,78,27,9,8,1,33,136,110,21,5,89,10,7,0,3,327,0,45,59,235,294,0,0,0,0,0,2,1,0,1,0,13,5,1,1,0,6,4,4,0,0,1,1,1,0,0,21,0,7,9,6,15,0,0,0,0,0,0,0,0,0,0,5,1,0,1,0,3,0,0,0,0,0,0,0,0,0,5,0,2,2,0,2,0,0,0,0,0,0,0,0,0,0,0,0,0,0,0,0,0,0,0,0,0,0,0,0,0,0,0,0,0,0,0
Robeson County Sheriff's Office,2019-08-01,North Carolina,95824,NC07800,breakdown offenses,normal return,normal return,normal return,normal return,normal return,breakdown offenses,breakdown offenses,breakdown offenses,0,0,0,0,0,1,1,0,9,7,0,1,1,66,21,2,7,9,27,124,99,24,1,123,22,22,0,0,345,0,39,49,269,318,0,0,0,0,0,1,1,0,0,0,11,5,0,0,1,5,6,5,1,0,6,1,1,0,0,25,0,6,7,13,20,0,0,0,0,0,0,0,0,0,0,0,0,0,0,0,0,2,2,0,0,0,0,0,0,0,2,0,0,0,2,2,0,0,0,0,0,0,0,0,0,0,0,0,0,0,0,0,0,0,0,0,0,0,0,0,0,0,0,0,0,0,0
Robeson County Sheriff's Office,2019-08-01,North Carolina,95824,NC07800,breakdown offenses,normal return,normal return,normal return,normal return,normal return,breakdown offenses,breakdown offenses,breakdown offenses,0,0,0,0,0,1,1,0,9,7,0,1,1,66,21,2,7,9,27,124,99,24,1,118,21,21,0,0,339,0,39,49,263,312,0,0,0,0,0,1,1,0,0,0,8,2,0,0,1,5,6,5,1,0,6,1,1,0,0,22,0,3,4,13,17,0,0,0,0,0,0,0,0,0,0,0,0,0,0,0,0,2,2,0,0,0,0,0,0,0,2,0,0,0,2,2,0,0,0,0,0,0,0,0,0,0,0,0,0,0,0,0,0,0,0,0,0,0,0,0,0,0,0,0,0,0,0
Robeson County Sheriff's Office,2019-07-01,North Carolina,95824,NC07800,breakdown offenses,normal return,normal return,normal return,normal return,normal return,breakdown offenses,breakdown offenses,breakdown offenses,0,0,0,3,0,0,0,0,4,3,0,0,1,118,45,6,22,2,43,102,79,21,2,106,23,20,0,3,356,0,75,82,231,313,2,0,0,0,0,0,0,0,0,0,7,3,1,1,0,2,5,4,1,0,2,0,0,0,0,16,0,5,7,7,14,0,0,0,0,0,0,0,0,0,0,4,3,1,0,0,0,1,1,0,0,0,0,0,0,0,5,0,4,4,1,5,0,0,0,0,0,0,0,0,0,0,0,0,0,0,0,0,0,0,0,0,0,0,0,0,0,0,0,0,0,0,0
Robeson County Sheriff's Office,2019-07-01,North Carolina,95824,NC07800,breakdown offenses,normal return,normal return,normal return,normal return,normal return,breakdown offenses,breakdown offenses,breakdown offenses,0,0,0,3,0,0,0,0,4,3,0,0,1,118,45,6,22,2,43,100,77,21,2,104,22,19,0,3,351,0,75,82,226,308,2,0,0,0,0,0,0,0,0,0,7,3,1,1,0,2,5,4,1,0,2,0,0,0,0,16,0,5,7,7,14,0,0,0,0,0,0,0,0,0,0,4,3,1,0,0,0,1,1,0,0,0,0,0,0,0,5,0,4,4,1,5,0,0,0,0,0,0,0,0,0,0,0,0,0,0,0,0,0,0,0,0,0,0,0,0,0,0,0,0,0,0,0
Robeson County Sheriff's Office,2019-06-01,North Carolina,95824,NC07800,breakdown offenses,normal return,normal return,normal return,normal return,normal return,breakdown offenses,breakdown offenses,breakdown offenses,0,0,0,4,0,0,0,0,5,4,0,0,1,87,24,5,7,3,48,94,69,22,3,99,16,12,1,3,305,0,39,48,209,257,2,0,0,0,0,1,1,0,0,0,35,12,2,7,0,14,3,1,1,1,5,1,1,0,0,47,0,21,24,9,33,0,0,0,0,0,0,0,0,0,0,5,3,0,0,0,2,0,0,0,0,0,1,1,0,0,6,0,3,3,1,4,0,0,0,0,0,0,0,0,0,0,0,0,0,0,0,0,0,0,0,0,0,0,0,0,0,0,0,0,0,0,0
Robeson County Sheriff's Office,2019-06-01,North Carolina,95824,NC07800,breakdown offenses,normal return,normal return,normal return,normal return,normal return,breakdown offenses,breakdown offenses,breakdown offenses,0,0,0,4,0,0,0,0,5,4,0,0,1,87,24,5,7,3,48,94,69,22,3,99,16,12,1,3,305,0,39,48,209,257,2,0,0,0,0,1,1,0,0,0,29,12,2,1,0,14,3,1,1,1,5,1,1,0,0,41,0,15,18,9,27,0,0,0,0,0,0,0,0,0,0,5,3,0,0,0,2,0,0,0,0,0,1,1,0,0,6,0,3,3,1,4,0,0,0,0,0,0,0,0,0,0,0,0,0,0,0,0,0,0,0,0,0,0,0,0,0,0,0,0,0,0,0
Robeson County Sheriff's Office,2019-05-01,North Carolina,95824,NC07800,breakdown offenses,normal return,normal return,normal return,normal return,normal return,breakdown offenses,breakdown offenses,breakdown offenses,0,0,0,4,0,1,1,0,11,7,1,0,3,98,35,7,14,3,39,88,60,23,5,100,14,13,0,1,316,0,59,75,202,277,3,0,0,0,0,0,0,0,0,0,26,2,4,1,0,19,7,5,2,0,3,2,2,0,0,41,0,7,10,12,22,0,0,0,0,0,0,0,0,0,0,6,0,0,0,0,6,1,1,0,0,1,0,0,0,0,8,0,0,0,2,2,0,0,0,0,0,0,0,0,0,0,0,0,0,0,0,0,0,0,0,0,0,0,0,0,0,0,0,0,0,0,0
Robeson County Sheriff's Office,2019-05-01,North Carolina,95824,NC07800,breakdown offenses,normal return,normal return,normal return,normal return,normal return,breakdown offenses,breakdown offenses,breakdown offenses,0,0,0,4,0,1,1,0,11,7,1,0,3,98,35,7,14,3,39,88,60,23,5,96,13,12,0,1,311,0,59,75,197,272,3,0,0,0,0,0,0,0,0,0,26,2,4,1,0,19,7,5,2,0,3,2,2,0,0,41,0,7,10,12,22,0,0,0,0,0,0,0,0,0,0,6,0,0,0,0,6,1,1,0,0,1,0,0,0,0,8,0,0,0,2,2,0,0,0,0,0,0,0,0,0,0,0,0,0,0,0,0,0,0,0,0,0,0,0,0,0,0,0,0,0,0,0
Robeson County Sheriff's Office,2019-04-01,North Carolina,95824,NC07800,breakdown offenses,normal return,normal return,normal return,normal return,normal return,breakdown offenses,breakdown offenses,breakdown offenses,0,0,0,3,0,0,0,0,4,3,0,0,1,116,52,4,17,3,40,81,65,16,0,97,19,17,0,2,320,0,76,83,197,280,2,0,0,0,0,0,0,0,0,0,20,5,2,1,2,10,1,1,0,0,2,3,3,0,0,28,0,10,12,6,18,0,0,0,0,0,0,0,0,0,0,5,0,1,1,0,3,0,0,0,0,1,0,0,0,0,6,0,2,2,1,3,0,0,0,0,0,0,0,0,0,0,0,0,0,0,0,0,0,0,0,0,0,0,0,0,0,0,0,0,0,0,0
Robeson County Sheriff's Office,2019-04-01,North Carolina,95824,NC07800,breakdown offenses,normal return,normal return,normal return,normal return,normal return,breakdown offenses,breakdown offenses,breakdown offenses,0,0,0,3,0,0,0,0,4,3,0,0,1,116,52,4,17,3,40,79,63,16,0,95,19,17,0,2,316,0,76,83,193,276,2,0,0,0,0,0,0,0,0,0,20,5,2,1,2,10,1,1,0,0,2,3,3,0,0,28,0,10,12,6,18,0,0,0,0,0,0,0,0,0,0,5,0,1,1,0,3,0,0,0,0,1,0,0,0,0,6,0,2,2,1,3,0,0,0,0,0,0,0,0,0,0,0,0,0,0,0,0,0,0,0,0,0,0,0,0,0,0,0,0,0,0,0
Robeson County Sheriff's Office,2019-03-01,North Carolina,95824,NC07800,breakdown offenses,normal return,normal return,normal return,normal return,normal return,breakdown offenses,breakdown offenses,breakdown offenses,0,0,0,0,0,1,1,0,5,3,0,1,1,72,23,10,5,1,33,85,72,11,2,75,9,9,0,0,247,0,39,45,169,214,0,0,0,0,0,0,0,0,0,0,20,1,3,0,0,16,4,3,1,0,4,1,1,0,0,29,0,4,4,9,13,0,0,0,0,0,0,0,0,0,0,5,0,0,0,0,5,0,0,0,0,2,0,0,0,0,7,0,0,0,2,2,0,0,0,0,0,0,0,0,0,0,0,0,0,0,0,0,0,0,0,0,0,0,0,0,0,0,0,0,0,0,0
Robeson County Sheriff's Office,2019-03-01,North Carolina,95824,NC07800,breakdown offenses,normal return,normal return,normal return,normal return,normal return,breakdown offenses,breakdown offenses,breakdown offenses,0,0,0,0,0,1,1,0,5,3,0,1,1,68,20,10,5,1,32,85,72,11,2,74,9,9,0,0,242,0,36,42,168,210,0,0,0,0,0,0,0,0,0,0,20,1,3,0,0,16,4,3,1,0,4,1,1,0,0,29,0,4,4,9,13,0,0,0,0,0,0,0,0,0,0,5,0,0,0,0,5,0,0,0,0,2,0,0,0,0,7,0,0,0,2,2,0,0,0,0,0,0,0,0,0,0,0,0,0,0,0,0,0,0,0,0,0,0,0,0,0,0,0,0,0,0,0
Robeson County Sheriff's Office,2019-02-01,North Carolina,95824,NC07800,breakdown offenses,normal return,normal return,normal return,normal return,normal return,breakdown offenses,breakdown offenses,breakdown offenses,0,0,0,0,0,0,0,0,6,5,0,1,0,69,43,1,3,3,19,84,68,13,3,88,15,10,1,4,262,0,50,56,187,243,0,0,0,0,0,0,0,0,0,0,30,15,0,2,1,12,2,2,0,0,1,1,1,0,0,34,0,18,18,4,22,0,0,0,0,0,0,0,0,0,0,2,0,0,0,0,2,0,0,0,0,0,0,0,0,0,2,0,0,0,0,0,0,0,0,0,0,0,0,0,0,0,0,0,0,0,0,0,0,0,0,0,0,0,0,0,0,0,0,0,0,0,0
Robeson County Sheriff's Office,2019-02-01,North Carolina,95824,NC07800,breakdown offenses,normal return,normal return,normal return,normal return,normal return,breakdown offenses,breakdown offenses,breakdown offenses,0,0,0,0,0,0,0,0,6,5,0,1,0,69,43,1,3,3,19,82,67,12,3,84,15,10,1,4,256,0,50,56,181,237,0,0,0,0,0,0,0,0,0,0,30,15,0,2,1,12,2,2,0,0,1,1,1,0,0,34,0,18,18,4,22,0,0,0,0,0,0,0,0,0,0,2,0,0,0,0,2,0,0,0,0,0,0,0,0,0,2,0,0,0,0,0,0,0,0,0,0,0,0,0,0,0,0,0,0,0,0,0,0,0,0,0,0,0,0,0,0,0,0,0,0,0,0
Robeson County Sheriff's Office,2019-01-01,North Carolina,95824,NC07800,breakdown offenses,normal return,normal return,normal return,normal return,normal return,breakdown offenses,breakdown offenses,breakdown offenses,0,0,0,2,0,3,3,0,13,9,1,3,0,92,31,3,4,5,49,112,88,17,7,106,17,17,0,0,345,0,43,61,235,296,1,0,0,0,0,0,0,0,0,0,31,2,1,0,4,24,7,5,1,1,6,1,1,0,0,46,0,7,8,14,22,0,0,0,0,0,0,0,0,0,0,8,0,1,0,1,6,0,0,0,0,1,0,0,0,0,9,0,2,2,1,3,0,0,0,0,0,0,0,0,0,0,0,0,0,0,0,0,0,0,0,0,0,0,0,0,0,0,0,0,0,0,0
Robeson County Sheriff's Office,2019-01-01,North Carolina,95824,NC07800,breakdown offenses,normal return,normal return,normal return,normal return,normal return,breakdown offenses,breakdown offenses,breakdown offenses,0,0,0,2,0,3,3,0,13,9,1,3,0,87,27,3,3,5,49,105,83,15,7,93,12,12,0,0,315,0,38,56,210,266,1,0,0,0,0,0,0,0,0,0,31,2,1,0,4,24,7,5,1,1,4,1,1,0,0,44,0,7,8,12,20,0,0,0,0,0,0,0,0,0,0,8,0,1,0,1,6,0,0,0,0,1,0,0,0,0,9,0,2,2,1,3,0,0,0,0,0,0,0,0,0,0,0,0,0,0,0,0,0,0,0,0,0,0,0,0,0,0,0,0,0,0,0
Robeson County Sheriff's Office,2018-12-01,North Carolina,96418,NC07800,breakdown offenses,normal return,normal return,normal return,normal return,normal return,breakdown offenses,breakdown offenses,breakdown offenses,0,0,1,1,0,1,1,0,5,2,0,0,3,103,39,2,13,3,46,115,109,0,6,91,14,14,0,0,330,0,57,64,220,284,3,0,0,0,0,0,0,0,0,0,43,11,3,4,1,24,11,11,0,0,8,1,1,0,0,66,0,19,22,20,42,0,0,0,0,0,0,0,0,0,0,7,0,0,3,0,4,0,0,0,0,0,0,0,0,0,7,0,3,3,0,3,0,0,0,0,0,0,0,0,0,0,10,0,0,0,0,10,1,1,0,0,1,0,0,0,0,12,0,0,0,2,2
Robeson County Sheriff's Office,2018-12-01,North Carolina,96418,NC07800,breakdown offenses,normal return,normal return,normal return,normal return,normal return,breakdown offenses,breakdown offenses,breakdown offenses,0,0,1,1,0,1,1,0,5,2,0,0,3,103,39,2,13,3,46,115,109,0,6,91,14,14,0,0,330,0,57,64,220,284,3,0,0,0,0,0,0,0,0,0,43,11,3,4,1,24,11,11,0,0,8,1,1,0,0,66,0,19,22,20,42,0,0,0,0,0,0,0,0,0,0,7,0,0,3,0,4,0,0,0,0,0,0,0,0,0,7,0,3,3,0,3,0,0,0,0,0,0,0,0,0,0,10,0,0,0,0,10,1,1,0,0,1,0,0,0,0,12,0,0,0,2,2
Robeson County Sheriff's Office,2018-11-01,North Carolina,96418,NC07800,breakdown offenses,normal return,normal return,normal return,normal return,normal return,breakdown offenses,breakdown offenses,breakdown offenses,0,0,0,1,0,2,2,0,6,3,1,1,1,110,29,3,7,10,61,88,83,0,5,93,12,12,0,0,312,0,49,58,193,251,1,0,2,2,0,4,2,0,0,2,21,4,2,2,2,11,6,5,0,1,9,0,0,0,0,43,0,10,17,15,32,0,0,0,0,0,0,0,0,0,0,8,1,0,0,1,6,0,0,0,0,0,0,0,0,0,8,0,2,2,0,2,0,0,0,0,0,0,0,0,0,0,2,0,0,0,0,2,1,1,0,0,10,2,2,0,0,15,0,0,0,13,13
Robeson County Sheriff's Office,2018-11-01,North Carolina,96418,NC07800,breakdown offenses,normal return,normal return,normal return,normal return,normal return,breakdown offenses,breakdown offenses,breakdown offenses,0,0,0,1,0,2,2,0,6,3,1,1,1,110,29,3,7,10,61,88,83,0,5,93,12,12,0,0,312,0,49,58,193,251,1,0,2,2,0,4,2,0,0,2,21,4,2,2,2,11,6,5,0,1,9,0,0,0,0,43,0,10,17,15,32,0,0,0,0,0,0,0,0,0,0,8,1,0,0,1,6,0,0,0,0,0,0,0,0,0,8,0,2,2,0,2,0,0,0,0,0,0,0,0,0,0,2,0,0,0,0,2,1,1,0,0,10,2,2,0,0,15,0,0,0,13,13
Robeson County Sheriff's Office,2018-10-01,North Carolina,96418,NC07800,breakdown offenses,,,,,,breakdown offenses,breakdown offenses,breakdown offenses,0,0,0,0,0,0,0,0,0,0,0,0,0,0,0,0,0,0,0,0,0,0,0,0,0,0,0,0,0,0,0,0,0,0,0,0,0,0,0,0,0,0,0,0,0,0,0,0,0,0,0,0,0,0,0,0,0,0,0,0,0,0,0,0,0,0,0,0,0,0,0,0,0,0,0,0,0,0,0,0,0,0,0,0,0,0,0,0,0,0,0,0,0,0,0,0,0,0,0,0,0,0,0,0,0,0,0,0,0,0,0,0,0,0,0,0,0,0,0,0,0,0,0,0,0,0,0
Robeson County Sheriff's Office,2018-10-01,North Carolina,96418,NC07800,breakdown offenses,normal return,normal return,normal return,normal return,normal return,breakdown offenses,breakdown offenses,breakdown offenses,0,0,0,0,0,0,0,0,0,0,0,0,0,0,0,0,0,0,0,0,0,0,0,0,0,0,0,0,0,0,0,0,0,0,0,0,0,0,0,0,0,0,0,0,0,0,0,0,0,0,0,0,0,0,0,0,0,0,0,0,0,0,0,0,0,0,0,0,0,0,0,0,0,0,0,0,0,0,0,0,0,0,0,0,0,0,0,0,0,0,0,0,0,0,0,0,0,0,0,0,0,0,0,0,0,0,0,0,0,0,0,0,0,0,0,0,0,0,0,0,0,0,0,0,0,0,0
Robeson County Sheriff's Office,2018-09-01,North Carolina,96418,NC07800,breakdown offenses,normal return,normal return,normal return,normal return,normal return,breakdown offenses,breakdown offenses,breakdown offenses,0,0,0,1,0,2,2,0,5,1,0,0,4,77,6,3,5,12,51,152,149,0,3,115,14,14,0,0,366,0,26,34,281,315,0,0,0,0,0,0,0,0,0,0,14,3,1,0,1,9,8,8,0,0,5,2,2,0,0,29,0,5,5,15,20,0,0,0,0,0,0,0,0,0,0,5,0,1,0,0,4,0,0,0,0,0,0,0,0,0,5,0,1,1,0,1,0,0,0,0,0,0,0,0,0,0,13,4,1,0,1,7,6,6,0,0,5,2,2,0,0,26,0,6,6,13,19
Robeson County Sheriff's Office,2018-09-01,North Carolina,96418,NC07800,breakdown offenses,normal return,normal return,normal return,normal return,normal return,breakdown offenses,breakdown offenses,breakdown offenses,0,0,0,1,0,2,2,0,5,1,0,0,4,77,6,3,5,12,51,152,149,0,3,115,14,14,0,0,366,0,26,34,281,315,0,0,0,0,0,0,0,0,0,0,14,3,1,0,1,9,8,8,0,0,5,2,2,0,0,29,0,5,5,15,20,0,0,0,0,0,0,0,0,0,0,5,0,1,0,0,4,0,0,0,0,0,0,0,0,0,5,0,1,1,0,1,0,0,0,0,0,0,0,0,0,0,13,4,1,0,1,7,6,6,0,0,5,2,2,0,0,26,0,6,6,13,19
Robeson County Sheriff's Office,2018-08-01,North Carolina,96418,NC07800,breakdown offenses,normal return,normal return,normal return,normal return,normal return,breakdown offenses,breakdown offenses,breakdown offenses,0,0,0,1,0,1,1,0,10,8,0,1,1,114,19,2,5,12,76,90,87,1,2,127,16,16,0,0,359,0,38,50,233,283,1,0,1,1,0,4,3,0,1,0,53,9,3,1,5,35,10,10,0,0,16,6,6,0,0,91,0,18,24,32,56,0,0,0,0,0,0,0,0,0,0,11,3,1,0,0,7,0,0,0,0,3,0,0,0,0,14,0,4,4,3,7,0,0,0,0,0,0,0,0,0,0,19,2,0,1,1,15,7,7,0,0,11,1,1,0,0,38,0,4,4,19,23
Robeson County Sheriff's Office,2018-08-01,North Carolina,96418,NC07800,breakdown offenses,normal return,normal return,normal return,normal return,normal return,breakdown offenses,breakdown offenses,breakdown offenses,0,0,0,1,0,1,1,0,10,8,0,1,1,114,19,2,5,12,76,90,87,1,2,127,16,16,0,0,359,0,38,50,233,283,1,0,1,1,0,4,3,0,1,0,53,9,3,1,5,35,10,10,0,0,16,6,6,0,0,91,0,18,24,32,56,0,0,0,0,0,0,0,0,0,0,11,3,1,0,0,7,0,0,0,0,3,0,0,0,0,14,0,4,4,3,7,0,0,0,0,0,0,0,0,0,0,19,2,0,1,1,15,7,7,0,0,11,1,1,0,0,38,0,4,4,19,23
Robeson County Sheriff's Office,2018-07-01,North Carolina,96418,NC07800,breakdown offenses,normal return,normal return,normal return,normal return,normal return,breakdown offenses,breakdown offenses,breakdown offenses,0,0,0,3,0,4,3,1,6,4,1,0,1,111,47,5,10,9,40,101,94,1,6,110,20,18,1,1,355,0,71,84,231,315,2,0,1,1,0,0,0,0,0,0,34,4,3,4,5,18,17,17,0,0,6,4,4,0,0,64,0,16,19,27,46,0,0,0,0,0,0,0,0,0,0,6,0,0,0,0,6,2,2,0,0,0,0,0,0,0,8,0,0,0,2,2,0,0,0,0,0,0,0,0,0,0,12,0,1,2,0,9,14,14,0,0,7,2,2,0,0,35,0,3,3,23,26
Robeson County Sheriff's Office,2018-07-01,North Carolina,96418,NC07800,breakdown offenses,normal return,normal return,normal return,normal return,normal return,breakdown offenses,breakdown offenses,breakdown offenses,0,0,0,3,0,4,3,1,6,4,1,0,1,111,47,5,10,9,40,101,94,1,6,110,20,18,1,1,355,0,71,84,231,315,2,0,1,1,0,0,0,0,0,0,34,4,3,4,5,18,17,17,0,0,6,4,4,0,0,64,0,16,19,27,46,0,0,0,0,0,0,0,0,0,0,6,0,0,0,0,6,2,2,0,0,0,0,0,0,0,8,0,0,0,2,2,0,0,0,0,0,0,0,0,0,0,12,0,1,2,0,9,14,14,0,0,7,2,2,0,0,35,0,3,3,23,26
Robeson County Sheriff's Office,2018-06-01,North Carolina,96418,NC07800,breakdown offenses,normal return,normal return,normal return,normal return,normal return,breakdown offenses,breakdown offenses,breakdown offenses,0,0,0,1,0,1,1,0,3,2,0,0,1,121,27,3,4,19,68,86,85,0,1,111,19,19,0,0,342,0,53,58,216,274,0,0,1,0,1,1,1,0,0,0,28,4,0,1,1,22,14,14,0,0,13,4,4,0,0,61,0,6,8,31,39,0,0,0,0,0,0,0,0,0,0,2,0,0,0,0,2,0,0,0,0,0,0,0,0,0,2,0,0,0,0,0,0,0,0,0,0,0,0,0,0,0,13,2,0,1,0,10,6,6,0,0,16,2,1,0,1,37,0,3,3,24,27
Robeson County Sheriff's Office,2018-06-01,North Carolina,96418,NC07800,breakdown offenses,normal return,normal return,normal return,normal return,normal return,breakdown offenses,breakdown offenses,breakdown offenses,0,0,0,1,0,1,1,0,3,2,0,0,1,121,27,3,4,19,68,86,85,0,1,111,19,19,0,0,342,0,53,58,216,274,0,0,1,0,1,1,1,0,0,0,28,4,0,1,1,22,14,14,0,0,13,4,4,0,0,61,0,6,8,31,39,0,0,0,0,0,0,0,0,0,0,2,0,0,0,0,2,0,0,0,0,0,0,0,0,0,2,0,0,0,0,0,0,0,0,0,0,0,0,0,0,0,13,2,0,1,0,10,6,6,0,0,16,2,1,0,1,37,0,3,3,24,27
Robeson County Sheriff's Office,2018-05-01,North Carolina,96418,NC07800,breakdown offenses,normal return,normal return,normal return,normal return,normal return,breakdown offenses,breakdown offenses,breakdown offenses,0,0,0,1,0,1,1,0,4,4,0,0,0,126,35,3,5,16,67,88,87,0,1,134,18,18,0,0,372,0,59,65,240,305,1,0,1,1,0,2,2,0,0,0,42,7,0,1,8,26,13,13,0,0,11,9,9,0,0,79,0,16,20,33,53,0,0,0,0,0,0,0,0,0,0,4,0,0,0,0,4,0,0,0,0,0,1,1,0,0,5,0,0,0,1,1,0,0,0,0,0,1,1,0,0,0,29,4,1,2,0,22,20,20,0,0,13,2,2,0,0,65,0,7,8,35,43
Robeson County Sheriff's Office,2018-05-01,North Carolina,96418,NC07800,breakdown offenses,normal return,normal return,normal return,normal return,normal return,breakdown offenses,breakdown offenses,breakdown offenses,0,0,0,1,0,1,1,0,4,4,0,0,0,126,35,3,5,16,67,88,87,0,1,134,18,18,0,0,372,0,59,65,240,305,1,0,1,1,0,2,2,0,0,0,42,7,0,1,8,26,13,13,0,0,11,9,9,0,0,79,0,16,20,33,53,0,0,0,0,0,0,0,0,0,0,4,0,0,0,0,4,0,0,0,0,0,1,1,0,0,5,0,0,0,1,1,0,0,0,0,0,1,1,0,0,0,29,4,1,2,0,22,20,20,0,0,13,2,2,0,0,65,0,7,8,35,43
Robeson County Sheriff's Office,2018-04-01,North Carolina,96418,NC07800,breakdown offenses,normal return,normal return,normal return,normal return,normal return,breakdown offenses,breakdown offenses,breakdown offenses,0,0,0,2,0,2,1,1,5,1,1,0,3,123,31,5,6,9,72,109,104,0,5,98,19,18,0,1,358,0,51,60,226,286,2,0,1,1,0,3,1,1,0,1,30,11,3,1,0,15,14,14,0,0,6,5,4,1,0,61,0,15,21,25,46,0,0,0,0,0,0,0,0,0,0,2,0,0,0,0,2,0,0,0,0,0,0,0,0,0,2,0,0,0,0,0,0,0,0,0,0,1,0,0,1,0,15,1,0,2,0,12,11,11,0,0,13,3,3,0,0,43,0,3,4,27,31
Robeson County Sheriff's Office,2018-04-01,North Carolina,96418,NC07800,breakdown offenses,normal return,normal return,normal return,normal return,normal return,breakdown offenses,breakdown offenses,breakdown offenses,0,0,0,2,0,2,1,1,5,1,1,0,3,123,31,5,6,9,72,109,104,0,5,98,19,18,0,1,358,0,51,60,226,286,2,0,1,1,0,3,1,1,0,1,30,11,3,1,0,15,14,14,0,0,6,5,4,1,0,61,0,15,21,25,46,0,0,0,0,0,0,0,0,0,0,2,0,0,0,0,2,0,0,0,0,0,0,0,0,0,2,0,0,0,0,0,0,0,0,0,0,1,0,0,1,0,15,1,0,2,0,12,11,11,0,0,13,3,3,0,0,43,0,3,4,27,31
Robeson County Sheriff's Office,2018-03-01,North Carolina,96418,NC07800,breakdown offenses,normal return,normal return,normal return,normal return,normal return,breakdown offenses,breakdown offenses,breakdown offenses,0,0,0,1,0,1,1,0,6,5,0,1,0,89,15,6,6,8,54,112,109,0,3,113,18,17,1,0,340,0,35,43,243,286,0,0,0,0,0,1,0,0,1,0,24,2,4,2,3,13,8,7,0,1,10,5,5,0,0,48,0,11,12,23,35,0,0,0,0,0,0,0,0,0,0,2,0,0,0,0,2,0,0,0,0,1,0,0,0,0,3,0,0,0,1,1,0,0,0,0,0,0,0,0,0,0,17,1,0,3,5,8,10,9,0,1,2,2,2,0,0,31,0,9,9,14,23
Robeson County Sheriff's Office,2018-03-01,North Carolina,96418,NC07800,breakdown offenses,normal return,normal return,normal return,normal return,normal return,breakdown offenses,breakdown offenses,breakdown offenses,0,0,0,1,0,1,1,0,6,5,0,1,0,89,15,6,6,8,54,112,109,0,3,113,18,17,1,0,340,0,35,43,243,286,0,0,0,0,0,1,0,0,1,0,24,2,4,2,3,13,8,7,0,1,10,5,5,0,0,48,0,11,12,23,35,0,0,0,0,0,0,0,0,0,0,2,0,0,0,0,2,0,0,0,0,1,0,0,0,0,3,0,0,0,1,1,0,0,0,0,0,0,0,0,0,0,17,1,0,3,5,8,10,9,0,1,2,2,2,0,0,31,0,9,9,14,23
Robeson County Sheriff's Office,2018-02-01,North Carolina,96418,NC07800,breakdown offenses,normal return,normal return,normal return,normal return,normal return,breakdown offenses,breakdown offenses,breakdown offenses,0,0,0,0,0,1,1,0,5,2,0,2,1,81,27,0,2,12,40,108,104,1,3,78,19,19,0,0,292,0,41,47,205,252,0,0,0,0,0,5,3,0,1,1,25,3,0,0,6,16,16,14,0,2,10,2,2,0,0,58,0,9,14,28,42,0,0,0,0,0,0,0,0,0,0,2,0,0,0,0,2,1,1,0,0,4,0,0,0,0,7,0,0,0,5,5,0,0,0,0,0,0,0,0,0,0,19,0,0,0,1,18,7,6,0,1,13,3,3,0,0,42,0,1,1,23,24
Robeson County Sheriff's Office,2018-02-01,North Carolina,96418,NC07800,breakdown offenses,normal return,normal return,normal return,normal return,normal return,breakdown offenses,breakdown offenses,breakdown offenses,0,0,0,0,0,1,1,0,5,2,0,2,1,81,27,0,2,12,40,108,104,1,3,78,19,19,0,0,292,0,41,47,205,252,0,0,0,0,0,5,3,0,1,1,25,3,0,0,6,16,16,14,0,2,10,2,2,0,0,58,0,9,14,28,42,0,0,0,0,0,0,0,0,0,0,2,0,0,0,0,2,1,1,0,0,4,0,0,0,0,7,0,0,0,5,5,0,0,0,0,0,0,0,0,0,0,19,0,0,0,1,18,7,6,0,1,13,3,3,0,0,42,0,1,1,23,24
Robeson County Sheriff's Office,2018-01-01,North Carolina,96418,NC07800,breakdown offenses,normal return,normal return,normal return,normal return,normal return,breakdown offenses,breakdown offenses,breakdown offenses,0,0,0,2,0,3,3,0,6,4,0,1,1,67,6,4,6,7,44,135,128,0,7,90,14,14,0,0,317,0,23,34,239,273,4,0,2,2,0,3,1,0,0,2,30,3,5,2,1,19,18,17,1,0,10,2,2,0,0,69,0,11,20,30,50,0,0,0,0,0,0,0,0,0,0,4,0,2,1,0,1,1,1,0,0,0,1,1,0,0,6,0,3,3,2,5,0,0,0,0,0,0,0,0,0,0,14,1,0,1,4,8,4,4,0,0,7,1,1,0,0,26,0,6,6,12,18
Robeson County Sheriff's Office,2018-01-01,North Carolina,96418,NC07800,breakdown offenses,normal return,normal return,normal return,normal return,normal return,breakdown offenses,breakdown offenses,breakdown offenses,0,0,0,2,0,3,3,0,6,4,0,1,1,67,6,4,6,7,44,135,128,0,7,90,14,14,0,0,317,0,23,34,239,273,4,0,2,2,0,3,1,0,0,2,30,3,5,2,1,19,18,17,1,0,10,2,2,0,0,69,0,11,20,30,50,0,0,0,0,0,0,0,0,0,0,4,0,2,1,0,1,1,1,0,0,0,1,1,0,0,6,0,3,3,2,5,0,0,0,0,0,0,0,0,0,0,14,1,0,1,4,8,4,4,0,0,7,1,1,0,0,26,0,6,6,12,18
Robeson County Sheriff's Office,2017-12-01,North Carolina,,NC07800,,,,,,,,,,,,,,,,,,,,,,,,,,,,,,,,,,,,,,,,,,,,,,,,,,,,,,,,,,,,,,,,,,,,,,,,,,,,,,,,,,,,,,,,,,,,,,,,,,,,,,,,,,,,,,,,,,,,,,,,,,,,,,,,,,,,,,,,
Robeson County Sheriff's Office,2017-11-01,North Carolina,,NC07800,,,,,,,,,,,,,,,,,,,,,,,,,,,,,,,,,,,,,,,,,,,,,,,,,,,,,,,,,,,,,,,,,,,,,,,,,,,,,,,,,,,,,,,,,,,,,,,,,,,,,,,,,,,,,,,,,,,,,,,,,,,,,,,,,,,,,,,,
Robeson County Sheriff's Office,2017-10-01,North Carolina,,NC07800,,,,,,,,,,,,,,,,,,,,,,,,,,,,,,,,,,,,,,,,,,,,,,,,,,,,,,,,,,,,,,,,,,,,,,,,,,,,,,,,,,,,,,,,,,,,,,,,,,,,,,,,,,,,,,,,,,,,,,,,,,,,,,,,,,,,,,,,
Robeson County Sheriff's Office,2017-09-01,North Carolina,,NC07800,,,,,,,,,,,,,,,,,,,,,,,,,,,,,,,,,,,,,,,,,,,,,,,,,,,,,,,,,,,,,,,,,,,,,,,,,,,,,,,,,,,,,,,,,,,,,,,,,,,,,,,,,,,,,,,,,,,,,,,,,,,,,,,,,,,,,,,,
Robeson County Sheriff's Office,2017-08-01,North Carolina,,NC07800,,,,,,,,,,,,,,,,,,,,,,,,,,,,,,,,,,,,,,,,,,,,,,,,,,,,,,,,,,,,,,,,,,,,,,,,,,,,,,,,,,,,,,,,,,,,,,,,,,,,,,,,,,,,,,,,,,,,,,,,,,,,,,,,,,,,,,,,
Robeson County Sheriff's Office,2017-07-01,North Carolina,,NC07800,,,,,,,,,,,,,,,,,,,,,,,,,,,,,,,,,,,,,,,,,,,,,,,,,,,,,,,,,,,,,,,,,,,,,,,,,,,,,,,,,,,,,,,,,,,,,,,,,,,,,,,,,,,,,,,,,,,,,,,,,,,,,,,,,,,,,,,,
Robeson County Sheriff's Office,2017-06-01,North Carolina,,NC07800,,,,,,,,,,,,,,,,,,,,,,,,,,,,,,,,,,,,,,,,,,,,,,,,,,,,,,,,,,,,,,,,,,,,,,,,,,,,,,,,,,,,,,,,,,,,,,,,,,,,,,,,,,,,,,,,,,,,,,,,,,,,,,,,,,,,,,,,
Robeson County Sheriff's Office,2017-05-01,North Carolina,,NC07800,,,,,,,,,,,,,,,,,,,,,,,,,,,,,,,,,,,,,,,,,,,,,,,,,,,,,,,,,,,,,,,,,,,,,,,,,,,,,,,,,,,,,,,,,,,,,,,,,,,,,,,,,,,,,,,,,,,,,,,,,,,,,,,,,,,,,,,,
Robeson County Sheriff's Office,2017-04-01,North Carolina,,NC07800,,,,,,,,,,,,,,,,,,,,,,,,,,,,,,,,,,,,,,,,,,,,,,,,,,,,,,,,,,,,,,,,,,,,,,,,,,,,,,,,,,,,,,,,,,,,,,,,,,,,,,,,,,,,,,,,,,,,,,,,,,,,,,,,,,,,,,,,
Robeson County Sheriff's Office,2017-03-01,North Carolina,,NC07800,,,,,,,,,,,,,,,,,,,,,,,,,,,,,,,,,,,,,,,,,,,,,,,,,,,,,,,,,,,,,,,,,,,,,,,,,,,,,,,,,,,,,,,,,,,,,,,,,,,,,,,,,,,,,,,,,,,,,,,,,,,,,,,,,,,,,,,,
Robeson County Sheriff's Office,2017-02-01,North Carolina,,NC07800,,,,,,,,,,,,,,,,,,,,,,,,,,,,,,,,,,,,,,,,,,,,,,,,,,,,,,,,,,,,,,,,,,,,,,,,,,,,,,,,,,,,,,,,,,,,,,,,,,,,,,,,,,,,,,,,,,,,,,,,,,,,,,,,,,,,,,,,
Robeson County Sheriff's Office,2017-01-01,North Carolina,,NC07800,,,,,,,,,,,,,,,,,,,,,,,,,,,,,,,,,,,,,,,,,,,,,,,,,,,,,,,,,,,,,,,,,,,,,,,,,,,,,,,,,,,,,,,,,,,,,,,,,,,,,,,,,,,,,,,,,,,,,,,,,,,,,,,,,,,,,,,,
Robeson County Sheriff's Office,2016-12-01,North Carolina,97164,NC07800,breakdown offenses,adjustment,adjustment,adjustment,adjustment,adjustment,breakdown offenses,breakdown offenses,breakdown offenses,0,0,0,0,0,0,0,0,0,0,0,0,0,0,0,0,0,0,0,0,0,0,0,0,0,0,0,0,0,0,0,0,0,0,1,0,0,0,0,0,0,0,0,0,5,0,0,0,0,5,1,1,0,0,0,0,0,0,0,7,0,0,1,1,2,0,0,0,0,0,0,0,0,0,0,0,0,0,0,0,0,0,0,0,0,0,0,0,0,0,0,0,0,0,0,0,0,0,0,0,0,0,0,0,0,0,0,0,0,0,0,0,0,0,0,0,0,0,0,0,0,0,0,0,0,0,0
Robeson County Sheriff's Office,2016-11-01,North Carolina,97164,NC07800,breakdown offenses,adjustment,adjustment,adjustment,adjustment,adjustment,breakdown offenses,breakdown offenses,breakdown offenses,0,0,0,0,0,0,0,0,0,0,0,0,0,0,0,0,0,0,0,0,0,0,0,0,0,0,0,0,0,0,0,0,0,0,0,0,0,0,0,1,0,0,0,1,0,0,0,0,0,0,0,0,0,0,0,0,0,0,0,1,0,0,1,0,1,0,0,0,0,0,0,0,0,0,0,0,0,0,0,0,0,0,0,0,0,0,0,0,0,0,0,0,0,0,0,0,0,0,0,0,0,0,0,0,0,0,0,0,0,0,0,0,0,0,0,0,0,0,0,0,0,0,0,0,0,0,0
Robeson County Sheriff's Office,2016-10-01,North Carolina,97164,NC07800,breakdown offenses,adjustment,adjustment,adjustment,adjustment,adjustment,breakdown offenses,breakdown offenses,breakdown offenses,0,0,0,0,0,0,0,0,0,0,0,0,0,0,0,0,0,0,0,1,1,0,0,0,0,0,0,0,1,0,0,0,1,1,0,0,0,0,0,0,0,0,0,0,0,0,0,0,0,0,0,0,0,0,0,0,0,0,0,0,0,0,0,0,0,0,0,0,0,0,0,0,0,0,0,0,0,0,0,0,0,0,0,0,0,0,0,0,0,0,0,0,0,0,0,0,0,0,0,0,0,0,0,0,0,0,0,0,0,0,0,0,0,0,0,0,0,0,0,0,0,0,0,0,0,0,0
Robeson County Sheriff's Office,2016-09-01,North Carolina,97164,NC07800,breakdown offenses,adjustment,adjustment,adjustment,adjustment,adjustment,breakdown offenses,breakdown offenses,breakdown offenses,0,0,0,0,0,0,0,0,0,0,0,0,0,0,0,0,0,0,0,0,0,0,0,1,1,1,0,0,2,0,0,0,2,2,0,0,0,0,0,0,0,0,0,0,3,0,0,0,0,3,1,1,0,0,0,0,0,0,0,4,0,0,0,1,1,0,0,0,0,0,0,0,0,0,0,0,0,0,0,0,0,0,0,0,0,0,0,0,0,0,0,0,0,0,0,0,0,0,0,0,0,0,0,0,0,0,0,0,0,0,0,0,0,0,0,0,0,0,0,0,0,0,0,0,0,0,0
Robeson County Sheriff's Office,2016-08-01,North Carolina,97164,NC07800,breakdown offenses,adjustment,adjustment,adjustment,adjustment,adjustment,breakdown offenses,breakdown offenses,breakdown offenses,0,0,0,0,0,0,0,0,0,0,0,0,0,0,0,0,0,0,0,0,0,0,0,4,0,0,0,0,4,0,0,0,4,4,0,0,0,0,0,1,1,0,0,0,0,0,0,0,0,0,0,0,0,0,0,0,0,0,0,1,0,0,1,0,1,0,0,0,0,0,0,0,0,0,0,0,0,0,0,0,0,0,0,0,0,0,0,0,0,0,0,0,0,0,0,0,0,0,0,0,0,0,0,0,0,0,0,0,0,0,0,0,0,0,0,0,0,0,0,0,0,0,0,0,0,0,0
Robeson County Sheriff's Office,2016-07-01,North Carolina,97164,NC07800,breakdown offenses,adjustment,adjustment,adjustment,adjustment,adjustment,breakdown offenses,breakdown offenses,breakdown offenses,0,0,0,0,0,0,0,0,0,0,0,0,0,0,0,0,0,0,0,0,0,0,0,2,0,0,0,0,2,0,0,0,2,2,0,0,0,0,0,0,0,0,0,0,7,0,0,2,0,5,2,2,0,0,1,0,0,0,0,10,0,2,2,3,5,0,0,0,0,0,0,0,0,0,0,1,0,0,0,0,1,0,0,0,0,0,0,0,0,0,1,0,0,0,0,0,0,0,0,0,0,0,0,0,0,0,0,0,0,0,0,0,0,0,0,0,0,0,0,0,0,0,0,0,0,0,0
Robeson County Sheriff's Office,2016-06-01,North Carolina,97164,NC07800,breakdown offenses,adjustment,adjustment,adjustment,adjustment,adjustment,breakdown offenses,breakdown offenses,breakdown offenses,0,0,0,0,0,0,0,0,0,0,0,0,0,1,0,0,0,0,1,1,1,0,0,2,0,0,0,0,4,0,0,0,3,3,0,0,0,0,0,0,0,0,0,0,4,0,0,1,0,3,0,0,0,0,3,0,0,0,0,7,0,1,1,3,4,0,0,0,0,0,0,0,0,0,0,3,0,0,1,0,2,0,0,0,0,2,0,0,0,0,5,0,1,1,2,3,0,0,0,0,0,0,0,0,0,0,0,0,0,0,0,0,0,0,0,0,0,0,0,0,0,0,0,0,0,0,0
Robeson County Sheriff's Office,2016-05-01,North Carolina,97164,NC07800,breakdown offenses,adjustment,adjustment,adjustment,adjustment,adjustment,breakdown offenses,breakdown offenses,breakdown offenses,0,0,0,0,0,0,0,0,0,0,0,0,0,0,0,0,0,0,0,1,1,0,0,7,2,2,0,0,10,0,0,0,10,10,0,0,1,1,0,1,1,0,0,0,5,0,0,1,0,4,5,5,0,0,0,1,1,0,0,13,0,1,3,6,9,0,0,0,0,0,0,0,0,0,0,1,0,0,1,0,0,0,0,0,0,0,0,0,0,0,1,0,1,1,0,1,0,0,0,0,0,0,0,0,0,0,0,0,0,0,0,0,0,0,0,0,0,0,0,0,0,0,0,0,0,0,0
Robeson County Sheriff's Office,2016-04-01,North Carolina,97164,NC07800,breakdown offenses,adjustment,adjustment,adjustment,adjustment,adjustment,breakdown offenses,breakdown offenses,breakdown offenses,0,0,0,0,0,0,0,0,1,1,0,0,0,1,0,0,0,0,1,7,7,0,0,11,0,0,0,0,20,0,0,1,18,19,0,0,0,0,0,0,0,0,0,0,23,2,0,0,3,18,11,11,0,0,3,0,0,0,0,37,0,5,5,14,19,0,0,0,0,0,0,0,0,0,0,0,0,0,0,0,0,0,0,0,0,0,0,0,0,0,0,0,0,0,0,0,0,0,0,0,0,0,0,0,0,0,1,0,0,0,0,1,0,0,0,0,1,0,0,0,0,2,0,0,0,1,1
Robeson County Sheriff's Office,2016-03-01,North Carolina,97164,NC07800,breakdown offenses,adjustment,adjustment,adjustment,adjustment,adjustment,breakdown offenses,breakdown offenses,breakdown offenses,0,0,0,1,0,2,2,0,2,2,0,0,0,112,26,1,11,12,62,106,103,0,3,123,14,14,0,0,360,0,50,55,243,298,3,0,0,0,0,1,1,0,0,0,57,4,1,4,1,47,9,9,0,0,13,3,3,0,0,86,0,10,14,25,39,0,0,0,0,0,0,0,0,0,0,7,1,0,0,0,6,1,1,0,0,2,0,0,0,0,10,0,1,1,3,4,0,0,0,0,0,2,0,2,0,0,17,0,0,0,0,17,2,2,0,0,4,0,0,0,0,25,0,0,2,6,8
Robeson County Sheriff's Office,2016-02-01,North Carolina,97164,NC07800,breakdown offenses,adjustment,adjustment,adjustment,adjustment,adjustment,breakdown offenses,breakdown offenses,breakdown offenses,0,0,0,2,0,1,1,0,3,3,0,0,0,99,20,3,10,4,62,108,105,0,3,87,7,7,0,0,307,0,37,43,202,245,1,0,0,0,0,1,0,0,0,1,36,3,2,1,3,27,11,11,0,0,8,3,3,0,0,60,0,9,11,22,33,0,0,0,0,0,0,0,0,0,0,8,0,1,0,0,7,2,2,0,0,1,1,1,0,0,12,0,1,1,4,5,0,0,0,0,0,1,1,0,0,0,26,2,1,1,0,22,4,4,0,0,9,0,0,0,0,40,0,4,5,13,18
Robeson County Sheriff's Office,2016-01-01,North Carolina,97164,NC07800,breakdown offenses,adjustment,adjustment,adjustment,adjustment,adjustment,breakdown offenses,breakdown offenses,breakdown offenses,0,0,1,4,0,1,1,0,5,2,1,1,1,107,22,0,13,12,60,145,138,1,6,98,13,11,0,2,373,0,47,57,256,313,2,0,1,1,0,2,0,1,0,1,58,3,0,5,5,45,8,8,0,0,10,4,4,0,0,85,0,13,18,22,40,0,0,0,0,0,0,0,0,0,0,15,0,0,0,0,15,0,0,0,0,2,0,0,0,0,17,0,0,0,2,2,0,0,0,0,0,1,1,0,0,0,12,4,0,0,0,8,8,8,0,0,9,0,0,0,0,30,0,4,5,17,22
Robeson County Sheriff's Office,2015-12-01,North Carolina,97690,NC07800,breakdown offenses,normal return,normal return,normal return,normal return,normal return,breakdown offenses,breakdown offenses,breakdown offenses,0,0,0,0,0,0,0,0,0,0,0,0,0,0,0,0,0,0,0,0,0,0,0,1,0,0,0,0,1,0,0,0,1,1,0,0,0,0,0,1,0,1,0,0,11,0,0,0,0,11,0,0,0,0,1,0,0,0,0,13,0,0,1,1,2,0,0,0,0,0,0,0,0,0,0,0,0,0,0,0,0,0,0,0,0,1,0,0,0,0,1,0,0,0,1,1,0,0,0,0,0,0,0,0,0,0,1,0,0,0,0,1,0,0,0,0,0,0,0,0,0,1,0,0,0,0,0
Robeson County Sheriff's Office,2015-11-01,North Carolina,97690,NC07800,breakdown offenses,normal return,normal return,normal return,normal return,normal return,breakdown offenses,breakdown offenses,breakdown offenses,0,0,0,0,0,0,0,0,0,0,0,0,0,0,0,0,0,0,0,0,0,0,0,1,0,0,0,0,1,0,0,0,1,1,0,0,0,0,0,0,0,0,0,0,11,3,0,0,1,7,12,11,1,0,8,0,0,0,0,31,0,4,4,20,24,0,0,0,0,0,0,0,0,0,0,1,0,0,0,0,1,0,0,0,0,0,0,0,0,0,1,0,0,0,0,0,0,0,0,0,0,0,0,0,0,0,0,0,0,0,0,0,0,0,0,0,0,0,0,0,0,0,0,0,0,0,0
Robeson County Sheriff's Office,2015-10-01,North Carolina,97690,NC07800,breakdown offenses,normal return,normal return,normal return,normal return,normal return,breakdown offenses,breakdown offenses,breakdown offenses,0,0,0,0,0,0,0,0,0,0,0,0,0,0,0,0,0,0,0,0,0,0,0,1,0,0,0,0,1,0,0,0,1,1,0,0,0,0,0,1,1,0,0,0,8,0,0,0,2,6,11,11,0,0,17,1,1,0,0,38,0,2,3,29,32,0,0,0,0,0,0,0,0,0,0,0,0,0,0,0,0,0,0,0,0,0,0,0,0,0,0,0,0,0,0,0,0,0,0,0,0,0,0,0,0,0,0,0,0,0,0,0,0,0,0,0,0,0,0,0,0,0,0,0,0,0,0
Robeson County Sheriff's Office,2015-09-01,North Carolina,97690,NC07800,breakdown offenses,normal return,normal return,normal return,normal return,normal return,breakdown offenses,breakdown offenses,breakdown offenses,0,0,0,0,0,0,0,0,0,0,0,0,0,0,0,0,0,0,0,1,1,0,0,0,0,0,0,0,1,0,0,0,1,1,0,0,0,0,0,0,0,0,0,0,19,14,0,0,0,5,0,0,0,0,2,0,0,0,0,21,0,14,14,2,16,0,0,0,0,0,0,0,0,0,0,1,1,0,0,0,0,0,0,0,0,0,0,0,0,0,1,0,1,1,0,1,0,0,0,0,0,0,0,0,0,0,0,0,0,0,0,0,0,0,0,0,0,0,0,0,0,0,0,0,0,0,0
Robeson County Sheriff's Office,2015-08-01,North Carolina,97690,NC07800,breakdown offenses,normal return,normal return,normal return,normal return,normal return,breakdown offenses,breakdown offenses,breakdown offenses,0,0,0,0,0,0,0,0,0,0,0,0,0,3,0,0,0,3,0,1,1,0,0,2,1,1,0,0,7,0,3,3,4,7,0,0,0,0,0,0,0,0,0,0,11,0,0,0,4,7,1,1,0,0,0,1,1,0,0,13,0,4,4,2,6,0,0,0,0,0,0,0,0,0,0,0,0,0,0,0,0,0,0,0,0,0,0,0,0,0,0,0,0,0,0,0,0,0,0,0,0,0,0,0,0,0,0,0,0,0,0,0,0,0,0,0,1,0,0,0,0,1,0,0,0,1,1
Robeson County Sheriff's Office,2015-07-01,North Carolina,97690,NC07800,breakdown offenses,normal return,normal return,normal return,normal return,normal return,breakdown offenses,breakdown offenses,breakdown offenses,0,0,0,0,0,0,0,0,0,0,0,0,0,0,0,0,0,0,0,0,0,0,0,2,0,0,0,0,2,0,0,0,2,2,0,0,0,0,0,0,0,0,0,0,6,3,0,1,0,2,3,3,0,0,5,0,0,0,0,14,0,4,4,8,12,0,0,0,0,0,0,0,0,0,0,1,0,0,0,0,1,1,1,0,0,1,0,0,0,0,3,0,0,0,2,2,0,0,0,0,0,0,0,0,0,0,0,0,0,0,0,0,0,0,0,0,0,0,0,0,0,0,0,0,0,0,0
Robeson County Sheriff's Office,2015-06-01,North Carolina,97690,NC07800,breakdown offenses,normal return,normal return,normal return,normal return,normal return,breakdown offenses,breakdown offenses,breakdown offenses,0,0,0,0,0,0,0,0,0,0,0,0,0,0,0,0,0,0,0,1,1,0,0,0,0,0,0,0,1,0,0,0,1,1,0,0,0,0,0,1,0,0,0,1,8,1,1,1,0,5,1,1,0,0,2,0,0,0,0,12,0,3,4,3,7,0,0,0,0,0,0,0,0,0,0,4,0,0,0,0,4,0,0,0,0,0,0,0,0,0,4,0,0,0,0,0,0,0,0,0,0,0,0,0,0,0,0,0,0,0,0,0,0,0,0,0,1,0,0,0,0,1,0,0,0,1,1
Robeson County Sheriff's Office,2015-05-01,North Carolina,97690,NC07800,breakdown offenses,normal return,normal return,normal return,normal return,normal return,breakdown offenses,breakdown offenses,breakdown offenses,0,0,0,0,0,0,0,0,0,0,0,0,0,4,3,0,0,0,1,3,3,0,0,5,0,0,0,0,12,0,3,3,8,11,0,0,0,0,0,0,0,0,0,0,3,0,0,0,1,2,1,1,0,0,1,0,0,0,0,5,0,1,1,2,3,0,0,0,0,0,0,0,0,0,0,1,0,0,0,0,1,0,0,0,0,0,0,0,0,0,1,0,0,0,0,0,0,0,0,0,0,0,0,0,0,0,0,0,0,0,0,0,0,0,0,0,0,0,0,0,0,0,0,0,0,0,0
Robeson County Sheriff's Office,2015-04-01,North Carolina,97690,NC07800,breakdown offenses,normal return,normal return,normal return,normal return,normal return,breakdown offenses,breakdown offenses,breakdown offenses,0,0,0,0,0,0,0,0,0,0,0,0,0,0,0,0,0,0,0,0,0,0,0,3,0,0,0,0,3,0,0,0,3,3,0,0,0,0,0,1,0,0,0,1,5,4,1,0,0,0,1,1,0,0,2,0,0,0,0,9,0,5,6,3,9,0,0,0,0,0,0,0,0,0,0,0,0,0,0,0,0,0,0,0,0,0,0,0,0,0,0,0,0,0,0,0,0,0,0,0,0,0,0,0,0,0,0,0,0,0,0,0,0,0,0,0,0,0,0,0,0,0,0,0,0,0,0
Robeson County Sheriff's Office,2015-03-01,North Carolina,97690,NC07800,breakdown offenses,normal return,normal return,normal return,normal return,normal return,breakdown offenses,breakdown offenses,breakdown offenses,0,0,0,0,0,0,0,0,0,0,0,0,0,0,0,0,0,0,0,1,1,0,0,6,0,0,0,0,7,0,0,0,7,7,6,0,0,0,0,0,0,0,0,0,2,2,0,0,0,0,4,4,0,0,4,1,1,0,0,17,0,2,8,9,17,0,0,0,0,0,0,0,0,0,0,0,0,0,0,0,0,0,0,0,0,0,0,0,0,0,0,0,0,0,0,0,0,0,0,0,0,0,0,0,0,0,0,0,0,0,0,0,0,0,0,0,0,0,0,0,0,0,0,0,0,0,0
Robeson County Sheriff's Office,2015-02-01,North Carolina,97690,NC07800,breakdown offenses,normal return,normal return,normal return,normal return,normal return,breakdown offenses,breakdown offenses,breakdown offenses,0,0,1,0,0,0,0,0,0,0,0,0,0,2,0,0,0,0,2,1,1,0,0,6,0,0,0,0,9,0,0,0,7,7,0,0,0,0,0,0,0,0,0,0,6,0,0,0,3,3,0,0,0,0,4,0,0,0,0,10,0,3,3,4,7,0,0,0,0,0,0,0,0,0,0,1,0,0,0,0,1,0,0,0,0,0,0,0,0,0,1,0,0,0,0,0,0,0,0,0,0,0,0,0,0,0,0,0,0,0,0,0,0,0,0,0,0,0,0,0,0,0,0,0,0,0,0
Robeson County Sheriff's Office,2015-01-01,North Carolina,97690,NC07800,breakdown offenses,normal return,normal return,normal return,normal return,normal return,breakdown offenses,breakdown offenses,breakdown offenses,0,0,0,1,0,0,0,0,0,0,0,0,0,4,1,0,0,1,2,12,12,0,0,12,2,2,0,0,31,0,2,3,26,29,1,0,0,0,0,3,3,0,0,0,31,10,1,0,6,14,11,10,0,1,11,1,1,0,0,58,0,17,21,23,44,0,0,0,0,0,1,1,0,0,0,7,0,0,0,0,7,0,0,0,0,1,0,0,0,0,9,0,0,1,1,2,0,0,0,0,0,0,0,0,0,0,3,0,0,0,0,3,2,2,0,0,0,1,1,0,0,6,0,0,0,3,3
Robeson County Sheriff's Office,2014-12-01,North Carolina,97904,NC07800,breakdown offenses,adjustment,adjustment,adjustment,adjustment,adjustment,breakdown offenses,breakdown offenses,breakdown offenses,0,0,0,0,0,0,0,0,0,0,0,0,0,1,0,0,0,0,1,0,0,0,0,1,0,0,0,0,2,0,0,0,1,1,0,0,0,0,0,0,0,0,0,0,0,0,0,0,0,0,0,0,0,0,1,0,0,0,0,1,0,0,0,1,1,0,0,0,0,0,0,0,0,0,0,0,0,0,0,0,0,0,0,0,0,0,0,0,0,0,0,0,0,0,0,0,0,0,0,0,0,0,0,0,0,0,0,0,0,0,0,0,0,0,0,0,0,0,0,0,0,0,0,0,0,0,0
Robeson County Sheriff's Office,2014-11-01,North Carolina,97904,NC07800,breakdown offenses,adjustment,adjustment,adjustment,adjustment,adjustment,breakdown offenses,breakdown offenses,breakdown offenses,0,0,0,0,0,0,0,0,0,0,0,0,0,0,0,0,0,0,0,0,0,0,0,0,0,0,0,0,0,0,0,0,0,0,0,0,0,0,0,1,1,0,0,0,2,0,0,0,0,2,0,0,0,0,0,0,0,0,0,3,0,0,1,0,1,0,0,0,0,0,0,0,0,0,0,0,0,0,0,0,0,0,0,0,0,0,0,0,0,0,0,0,0,0,0,0,0,0,0,0,0,0,0,0,0,0,0,0,0,0,0,0,0,0,0,0,0,0,0,0,0,0,0,0,0,0,0
Robeson County Sheriff's Office,2014-10-01,North Carolina,97904,NC07800,breakdown offenses,adjustment,adjustment,adjustment,adjustment,adjustment,breakdown offenses,breakdown offenses,breakdown offenses,0,0,0,0,0,0,0,0,0,0,0,0,0,0,0,0,0,0,0,1,1,0,0,2,0,0,0,0,3,0,0,0,3,3,8,0,0,0,0,1,0,0,0,1,5,5,0,0,0,0,1,1,0,0,2,0,0,0,0,17,0,5,14,3,17,0,0,0,0,0,0,0,0,0,0,0,0,0,0,0,0,0,0,0,0,0,0,0,0,0,0,0,0,0,0,0,0,0,0,0,0,0,0,0,0,0,0,0,0,0,0,0,0,0,0,0,0,0,0,0,0,0,0,0,0,0,0
Robeson County Sheriff's Office,2014-09-01,North Carolina,97904,NC07800,breakdown offenses,adjustment,adjustment,adjustment,adjustment,adjustment,breakdown offenses,breakdown offenses,breakdown offenses,0,0,0,0,0,0,0,0,0,0,0,0,0,0,0,0,0,0,0,0,0,0,0,2,0,0,0,0,2,0,0,0,2,2,0,0,0,0,0,0,0,0,0,0,5,5,0,0,0,0,2,2,0,0,1,0,0,0,0,8,0,5,5,3,8,0,0,0,0,0,0,0,0,0,0,0,0,0,0,0,0,0,0,0,0,0,0,0,0,0,0,0,0,0,0,0,0,0,0,0,0,0,0,0,0,0,0,0,0,0,0,0,0,0,0,0,0,0,0,0,0,0,0,0,0,0,0
Robeson County Sheriff's Office,2014-08-01,North Carolina,97904,NC07800,breakdown offenses,adjustment,adjustment,adjustment,adjustment,adjustment,breakdown offenses,breakdown offenses,breakdown offenses,0,0,0,0,0,0,0,0,0,0,0,0,0,2,0,0,0,0,2,1,1,0,0,3,1,1,0,0,7,0,0,0,5,5,0,0,0,0,0,0,0,0,0,0,4,0,0,0,0,4,1,1,0,0,0,0,0,0,0,5,0,0,0,1,1,0,0,0,0,0,0,0,0,0,0,0,0,0,0,0,0,0,0,0,0,0,0,0,0,0,0,0,0,0,0,0,0,0,0,0,0,0,0,0,0,0,0,0,0,0,0,0,0,0,0,0,0,0,0,0,0,0,0,0,0,0,0
Robeson County Sheriff's Office,2014-07-01,North Carolina,97904,NC07800,breakdown offenses,adjustment,adjustment,adjustment,adjustment,adjustment,breakdown offenses,breakdown offenses,breakdown offenses,0,0,0,0,0,0,0,0,1,1,0,0,0,0,0,0,0,0,0,0,0,0,0,2,0,0,0,0,3,0,0,1,2,3,0,0,2,2,0,1,0,0,0,1,9,2,0,0,1,6,0,0,0,0,1,0,0,0,0,13,0,3,6,1,7,0,0,0,0,0,0,0,0,0,0,0,0,0,0,0,0,0,0,0,0,0,0,0,0,0,0,0,0,0,0,0,0,0,0,0,0,0,0,0,0,0,0,0,0,0,0,0,0,0,0,0,0,0,0,0,0,0,0,0,0,0,0
Robeson County Sheriff's Office,2014-06-01,North Carolina,97904,NC07800,breakdown offenses,adjustment,adjustment,adjustment,adjustment,adjustment,breakdown offenses,breakdown offenses,breakdown offenses,0,0,0,0,0,0,0,0,0,0,0,0,0,0,0,0,0,0,0,1,1,0,0,2,0,0,0,0,3,0,0,0,3,3,0,0,0,0,0,2,1,0,1,0,4,1,1,0,0,2,16,16,0,0,10,0,0,0,0,32,0,2,4,26,30,0,0,0,0,0,0,0,0,0,0,1,1,0,0,0,0,1,1,0,0,0,0,0,0,0,2,0,1,1,1,2,0,0,0,0,0,0,0,0,0,0,0,0,0,0,0,0,0,0,0,0,0,0,0,0,0,0,0,0,0,0,0
Robeson County Sheriff's Office,2014-05-01,North Carolina,97904,NC07800,breakdown offenses,adjustment,adjustment,adjustment,adjustment,adjustment,breakdown offenses,breakdown offenses,breakdown offenses,0,0,0,0,0,0,0,0,0,0,0,0,0,0,0,0,0,0,0,1,1,0,0,3,0,0,0,0,4,0,0,0,4,4,0,0,1,1,0,0,0,0,0,0,5,1,0,0,0,4,2,2,0,0,5,2,2,0,0,15,0,1,2,9,11,0,0,0,0,0,0,0,0,0,0,0,0,0,0,0,0,0,0,0,0,1,0,0,0,0,1,0,0,0,1,1,0,0,0,0,0,0,0,0,0,0,0,0,0,0,0,0,1,1,0,0,1,0,0,0,0,2,0,0,0,2,2
Robeson County Sheriff's Office,2014-04-01,North Carolina,97904,NC07800,breakdown offenses,adjustment,adjustment,adjustment,adjustment,adjustment,breakdown offenses,breakdown offenses,breakdown offenses,0,0,0,0,0,0,0,0,0,0,0,0,0,4,0,1,0,0,3,9,9,0,0,15,6,5,1,0,34,0,1,1,30,31,1,0,0,0,0,1,1,0,0,0,7,1,0,2,0,4,2,2,0,0,4,1,1,0,0,16,0,3,5,7,12,0,0,0,0,0,0,0,0,0,0,0,0,0,0,0,0,1,1,0,0,0,0,0,0,0,1,0,0,0,1,1,0,0,0,0,0,0,0,0,0,0,0,0,0,0,0,0,0,0,0,0,0,0,0,0,0,0,0,0,0,0,0
Robeson County Sheriff's Office,2014-03-01,North Carolina,97904,NC07800,breakdown offenses,adjustment,adjustment,adjustment,adjustment,adjustment,breakdown offenses,breakdown offenses,breakdown offenses,0,0,0,4,0,0,0,0,9,4,2,0,3,131,26,3,6,9,87,126,124,1,1,118,11,10,0,1,399,0,44,57,255,312,1,0,0,0,0,5,2,2,0,1,61,12,0,1,3,45,13,13,0,0,16,2,2,0,0,98,0,16,22,31,53,0,0,0,0,0,0,0,0,0,0,20,2,0,0,0,18,0,0,0,0,0,0,0,0,0,20,0,2,2,0,2,0,0,0,0,0,0,0,0,0,0,31,2,1,0,1,27,2,1,0,1,3,0,0,0,0,36,0,4,4,5,9
Robeson County Sheriff's Office,2014-02-01,North Carolina,97904,NC07800,breakdown offenses,adjustment,adjustment,adjustment,adjustment,adjustment,breakdown offenses,breakdown offenses,breakdown offenses,0,0,0,1,0,1,1,0,6,5,0,0,1,91,21,2,3,3,62,87,86,0,1,107,8,8,0,0,301,0,29,37,202,239,0,0,0,0,0,1,1,0,0,0,42,1,0,1,0,40,11,10,0,1,8,1,1,0,0,63,0,2,3,20,23,0,0,0,0,0,0,0,0,0,0,1,0,0,0,0,1,0,0,0,0,0,0,0,0,0,1,0,0,0,0,0,0,0,0,0,0,0,0,0,0,0,25,0,1,0,1,23,3,3,0,0,1,2,2,0,0,31,0,2,2,6,8
Robeson County Sheriff's Office,2014-01-01,North Carolina,97904,NC07800,breakdown offenses,adjustment,adjustment,adjustment,adjustment,adjustment,breakdown offenses,breakdown offenses,breakdown offenses,0,0,0,1,0,2,2,0,13,4,0,2,7,113,35,5,6,6,61,141,135,0,6,136,16,16,0,0,422,0,52,68,293,361,0,0,0,0,0,1,0,0,0,1,38,3,2,2,1,30,18,15,0,3,8,2,2,0,0,67,0,8,9,28,37,0,0,0,0,0,0,0,0,0,0,6,0,0,0,0,6,4,3,0,1,0,0,0,0,0,10,0,0,0,4,4,0,0,0,0,0,0,0,0,0,0,23,0,0,0,0,23,2,2,0,0,8,2,2,0,0,35,0,0,0,12,12
Robeson County Sheriff's Office,2013-12-01,North Carolina,99019,NC07800,breakdown offenses,adjustment,adjustment,adjustment,adjustment,adjustment,breakdown offenses,breakdown offenses,breakdown offenses,0,0,0,0,0,3,3,0,9,6,0,1,2,117,16,3,8,22,68,165,159,1,5,143,16,15,0,1,453,0,49,61,324,385,0,0,2,2,0,1,1,0,0,0,44,0,1,1,2,40,7,7,0,0,11,1,1,0,0,66,0,4,7,19,26,0,0,0,0,0,0,0,0,0,0,8,0,0,0,0,8,1,1,0,0,2,0,0,0,0,11,0,0,0,3,3,0,0,0,0,0,1,0,0,0,1,18,0,0,0,3,15,2,2,0,0,4,1,1,0,0,26,0,3,4,7,11
Robeson County Sheriff's Office,2013-11-01,North Carolina,99019,NC07800,breakdown offenses,adjustment,adjustment,adjustment,adjustment,adjustment,breakdown offenses,breakdown offenses,breakdown offenses,0,0,1,0,0,1,1,0,7,5,1,0,1,96,11,2,2,11,70,152,145,1,6,113,17,17,0,0,386,0,26,34,282,316,0,0,0,0,0,1,1,0,0,0,39,1,1,0,2,35,8,8,0,0,15,3,3,0,0,66,0,4,5,26,31,0,0,0,0,0,0,0,0,0,0,5,0,0,0,0,5,1,1,0,0,0,0,0,0,0,6,0,0,0,1,1,0,0,0,0,0,0,0,0,0,0,18,0,0,0,0,18,0,0,0,0,2,0,0,0,0,20,0,0,0,2,2
Robeson County Sheriff's Office,2013-10-01,North Carolina,99019,NC07800,breakdown offenses,adjustment,adjustment,adjustment,adjustment,adjustment,breakdown offenses,breakdown offenses,breakdown offenses,0,0,0,1,0,0,0,0,11,9,0,0,2,97,9,4,5,5,74,140,134,0,6,125,13,13,0,0,387,0,23,35,278,313,1,0,0,0,0,0,0,0,0,0,47,4,3,1,1,38,10,10,0,0,6,2,2,0,0,66,0,9,10,18,28,0,0,0,0,0,0,0,0,0,0,14,0,0,0,0,14,3,3,0,0,1,0,0,0,0,18,0,0,0,4,4,0,0,0,0,0,0,0,0,0,0,38,1,0,0,0,37,1,1,0,0,3,0,0,0,0,42,0,1,1,4,5
Robeson County Sheriff's Office,2013-09-01,North Carolina,99019,NC07800,breakdown offenses,adjustment,adjustment,adjustment,adjustment,adjustment,breakdown offenses,breakdown offenses,breakdown offenses,0,0,0,0,0,0,0,0,0,0,0,0,0,2,0,0,0,0,2,6,6,0,0,1,0,0,0,0,9,0,0,0,7,7,0,0,0,0,0,0,0,0,0,0,0,0,0,0,0,0,0,0,0,0,0,0,0,0,0,0,0,0,0,0,0,0,0,0,0,0,0,0,0,0,0,0,0,0,0,0,0,0,0,0,0,0,0,0,0,0,0,0,0,0,0,0,0,0,0,0,0,0,0,0,0,0,2,0,0,1,0,1,0,0,0,0,0,0,0,0,0,2,0,1,1,0,1
Robeson County Sheriff's Office,2013-08-01,North Carolina,99019,NC07800,breakdown offenses,adjustment,adjustment,adjustment,adjustment,adjustment,breakdown offenses,breakdown offenses,breakdown offenses,0,0,0,0,0,0,0,0,0,0,0,0,0,1,0,0,0,0,1,11,11,0,0,11,5,5,0,0,28,0,0,0,27,27,0,0,0,0,0,0,0,0,0,0,16,0,0,0,1,15,6,5,0,1,2,0,0,0,0,24,0,1,1,8,9,0,0,0,0,0,0,0,0,0,0,2,0,0,0,0,2,2,2,0,0,1,0,0,0,0,5,0,0,0,3,3,0,0,0,0,0,0,0,0,0,0,1,0,0,0,0,1,0,0,0,0,0,0,0,0,0,1,0,0,0,0,0
Robeson County Sheriff's Office,2013-07-01,North Carolina,99019,NC07800,breakdown offenses,adjustment,adjustment,adjustment,adjustment,adjustment,breakdown offenses,breakdown offenses,breakdown offenses,0,0,0,0,0,2,2,0,13,11,0,0,2,79,13,4,5,7,50,158,152,2,4,140,18,17,0,1,410,0,29,44,316,360,0,0,1,1,0,2,2,0,0,0,34,6,1,4,4,19,16,16,0,0,12,2,2,0,0,67,0,15,18,30,48,0,0,0,0,0,0,0,0,0,0,3,0,0,0,0,3,3,3,0,0,0,0,0,0,0,6,0,0,0,3,3,0,0,0,0,0,0,0,0,0,0,18,1,0,0,0,17,0,0,0,0,7,1,1,0,0,26,0,1,1,8,9
Robeson County Sheriff's Office,2013-06-01,North Carolina,99019,NC07800,breakdown offenses,adjustment,adjustment,adjustment,adjustment,adjustment,breakdown offenses,breakdown offenses,breakdown offenses,0,0,0,0,0,1,1,0,22,16,0,0,6,63,17,1,15,8,22,139,132,0,7,132,14,14,0,0,371,0,41,64,285,349,0,0,1,1,0,2,2,0,0,0,25,2,0,5,0,18,11,11,0,0,19,2,2,0,0,60,0,7,10,32,42,0,0,0,0,0,0,0,0,0,0,1,0,0,0,0,1,2,2,0,0,1,0,0,0,0,4,0,0,0,3,3,0,0,0,0,0,0,0,0,0,0,21,2,0,1,0,18,0,0,0,0,9,0,0,0,0,30,0,3,3,9,12
Robeson County Sheriff's Office,2013-05-01,North Carolina,99019,NC07800,breakdown offenses,adjustment,adjustment,adjustment,adjustment,adjustment,breakdown offenses,breakdown offenses,breakdown offenses,0,0,0,0,0,2,2,0,9,7,0,1,1,103,29,7,8,15,44,176,176,0,0,143,14,14,0,0,447,0,59,70,333,403,0,0,0,0,0,1,1,0,0,0,21,1,0,0,1,19,21,21,0,0,11,2,2,0,0,56,0,2,3,34,37,0,0,0,0,0,0,0,0,0,0,2,0,0,0,0,2,3,3,0,0,1,0,0,0,0,6,0,0,0,4,4,0,0,0,0,0,0,0,0,0,0,28,0,2,0,1,25,1,1,0,0,2,2,2,0,0,33,0,3,3,5,8
Robeson County Sheriff's Office,2013-04-01,North Carolina,99019,NC07800,breakdown offenses,adjustment,adjustment,adjustment,adjustment,adjustment,breakdown offenses,breakdown offenses,breakdown offenses,0,0,2,0,0,3,3,0,6,2,2,0,2,83,19,3,2,9,50,134,132,0,2,133,17,16,0,1,376,0,33,42,284,326,0,0,0,0,0,2,1,0,0,1,44,7,1,3,2,31,21,21,0,0,35,1,1,0,0,103,0,13,15,57,72,0,0,0,0,0,0,0,0,0,0,16,1,0,0,0,15,3,3,0,0,3,0,0,0,0,22,0,1,1,6,7,0,0,0,0,0,0,0,0,0,0,18,0,0,0,0,18,3,2,0,1,5,0,0,0,0,26,0,0,0,8,8
Robeson County Sheriff's Office,2013-03-01,North Carolina,99019,NC07800,breakdown offenses,adjustment,adjustment,adjustment,adjustment,adjustment,breakdown offenses,breakdown offenses,breakdown offenses,0,0,1,0,0,2,1,1,8,3,1,2,2,62,7,2,11,2,40,132,127,2,3,108,26,26,0,0,338,0,22,32,266,298,0,0,0,0,0,3,0,1,0,2,26,5,5,4,0,12,17,17,0,0,18,2,2,0,0,66,0,14,17,37,54,0,0,0,0,0,0,0,0,0,0,3,0,0,0,0,3,0,0,0,0,2,0,0,0,0,5,0,0,0,2,2,0,0,0,0,0,0,0,0,0,0,18,0,0,0,0,18,1,0,0,1,13,0,0,0,0,32,0,0,0,14,14
Robeson County Sheriff's Office,2013-02-01,North Carolina,99019,NC07800,breakdown offenses,adjustment,adjustment,adjustment,adjustment,adjustment,breakdown offenses,breakdown offenses,breakdown offenses,0,0,0,0,0,1,1,0,4,3,0,0,1,73,14,5,4,11,39,111,107,0,4,110,16,15,0,1,315,0,34,39,237,276,0,0,1,1,0,2,0,0,1,1,59,12,3,2,2,40,7,6,0,1,13,6,6,0,0,88,0,19,22,26,48,0,0,0,0,0,0,0,0,0,0,10,0,0,1,0,9,1,1,0,0,2,1,1,0,0,14,0,1,1,4,5,0,0,0,0,0,0,0,0,0,0,19,0,0,2,0,17,0,0,0,0,1,0,0,0,0,20,0,2,2,1,3
Robeson County Sheriff's Office,2013-01-01,North Carolina,99019,NC07800,breakdown offenses,adjustment,adjustment,adjustment,adjustment,adjustment,breakdown offenses,breakdown offenses,breakdown offenses,0,0,0,1,0,0,0,0,6,3,0,0,3,93,23,3,1,11,55,131,127,0,4,113,8,8,0,0,352,0,38,45,252,297,1,0,0,0,0,3,3,0,0,0,43,7,1,0,7,28,17,17,0,0,16,1,1,0,0,81,0,15,19,34,53,0,0,0,0,0,0,0,0,0,0,10,0,0,0,1,9,0,0,0,0,1,0,0,0,0,11,0,1,1,1,2,0,0,0,0,0,1,0,0,0,1,31,1,0,2,0,28,4,4,0,0,9,1,1,0,0,46,0,3,4,14,18
Robeson County Sheriff's Office,2012-12-01,North Carolina,99791,NC07800,breakdown offenses,adjustment,adjustment,adjustment,adjustment,adjustment,breakdown offenses,breakdown offenses,breakdown offenses,0,0,0,0,0,0,0,0,10,9,0,0,1,62,15,4,2,6,35,163,157,0,6,136,14,14,0,0,385,0,27,37,313,350,0,0,0,0,0,1,1,0,0,0,26,0,2,0,2,22,13,13,0,0,15,0,0,0,0,55,0,4,5,28,33,0,0,0,0,0,0,0,0,0,0,7,0,0,0,0,7,0,0,0,0,1,0,0,0,0,8,0,0,0,1,1,0,0,0,0,0,0,0,0,0,0,19,1,0,0,0,18,1,1,0,0,4,1,1,0,0,25,0,1,1,6,7
Robeson County Sheriff's Office,2012-11-01,North Carolina,99791,NC07800,breakdown offenses,adjustment,adjustment,adjustment,adjustment,adjustment,breakdown offenses,breakdown offenses,breakdown offenses,0,0,0,0,0,2,2,0,10,9,1,0,0,86,30,2,1,8,45,137,134,0,3,122,13,13,0,0,370,0,41,53,272,325,0,0,1,1,0,3,3,0,0,0,28,7,2,0,3,16,11,11,0,0,22,2,2,0,0,67,0,12,16,35,51,0,0,0,0,0,0,0,0,0,0,2,0,0,0,0,2,4,4,0,0,1,0,0,0,0,7,0,0,0,5,5,0,0,0,0,0,0,0,0,0,0,19,3,1,0,3,12,1,1,0,0,3,2,2,0,0,25,0,7,7,6,13
Robeson County Sheriff's Office,2012-10-01,North Carolina,99791,NC07800,breakdown offenses,adjustment,adjustment,adjustment,adjustment,adjustment,breakdown offenses,breakdown offenses,breakdown offenses,0,0,0,0,0,2,2,0,8,4,0,1,3,78,14,3,4,6,51,172,169,0,3,136,14,13,1,0,410,0,27,37,322,359,0,0,0,0,0,3,2,0,0,1,45,6,1,3,3,32,13,13,0,0,16,0,0,0,0,77,0,13,16,29,45,0,0,0,0,0,0,0,0,0,0,10,0,0,0,0,10,2,2,0,0,0,0,0,0,0,12,0,0,0,2,2,0,0,1,1,0,0,0,0,0,0,19,0,2,0,0,17,3,3,0,0,11,2,2,0,0,36,0,2,3,16,19
Robeson County Sheriff's Office,2012-09-01,North Carolina,99791,NC07800,breakdown offenses,adjustment,adjustment,adjustment,adjustment,adjustment,breakdown offenses,breakdown offenses,breakdown offenses,0,0,0,1,0,0,0,0,9,6,0,0,3,98,12,3,3,4,76,133,124,0,9,140,12,12,0,0,393,0,22,32,285,317,0,0,2,2,0,0,0,0,0,0,57,6,0,1,7,43,26,24,0,2,14,3,3,0,0,102,0,14,16,43,59,0,0,0,0,0,0,0,0,0,0,14,1,0,1,0,12,7,6,0,1,2,2,2,0,0,25,0,2,2,11,13,0,0,0,0,0,0,0,0,0,0,27,0,0,0,1,26,4,4,0,0,2,0,0,0,0,33,0,1,1,6,7
Robeson County Sheriff's Office,2012-08-01,North Carolina,99791,NC07800,breakdown offenses,adjustment,adjustment,adjustment,adjustment,adjustment,breakdown offenses,breakdown offenses,breakdown offenses,0,0,0,0,0,3,3,0,6,3,1,2,0,108,16,5,5,4,78,142,137,0,5,165,17,17,0,0,441,0,30,39,324,363,1,0,1,1,0,0,0,0,0,0,45,2,2,1,4,36,13,12,0,1,29,2,2,0,0,91,0,9,11,44,55,0,0,0,0,0,0,0,0,0,0,7,0,0,1,2,4,1,1,0,0,1,0,0,0,0,9,0,3,3,2,5,0,0,0,0,0,1,1,0,0,0,27,1,0,5,1,20,6,6,0,0,9,0,0,0,0,43,0,7,8,15,23
Robeson County Sheriff's Office,2012-07-01,North Carolina,99791,NC07800,breakdown offenses,adjustment,adjustment,adjustment,adjustment,adjustment,breakdown offenses,breakdown offenses,breakdown offenses,0,0,0,0,0,4,4,0,9,5,1,0,3,112,14,8,14,13,63,140,133,1,6,121,11,11,0,0,397,0,49,62,272,334,0,0,1,1,0,1,1,0,0,0,45,6,4,3,6,26,14,13,1,0,11,4,4,0,0,76,0,19,21,29,50,0,0,0,0,0,0,0,0,0,0,3,0,0,2,0,1,1,1,0,0,2,0,0,0,0,6,0,2,2,3,5,0,0,0,0,0,0,0,0,0,0,30,2,0,0,1,27,8,8,0,0,14,1,1,0,0,53,0,3,3,23,26
Robeson County Sheriff's Office,2012-06-01,North Carolina,99791,NC07800,breakdown offenses,adjustment,adjustment,adjustment,adjustment,adjustment,breakdown offenses,breakdown offenses,breakdown offenses,0,0,0,1,0,2,2,0,7,4,0,2,1,86,31,6,2,9,38,167,161,0,6,116,25,24,1,0,404,0,48,58,308,366,1,0,0,0,0,1,1,0,0,0,48,6,5,0,6,31,12,12,0,0,15,4,4,0,0,81,0,17,19,31,50,0,0,0,0,0,0,0,0,0,0,8,0,0,0,0,8,2,2,0,0,2,1,1,0,0,13,0,0,0,5,5,0,0,0,0,0,0,0,0,0,0,17,0,0,0,0,17,8,7,0,1,6,0,0,0,0,31,0,0,0,14,14
Robeson County Sheriff's Office,2012-05-01,North Carolina,99791,NC07800,breakdown offenses,adjustment,adjustment,adjustment,adjustment,adjustment,breakdown offenses,breakdown offenses,breakdown offenses,0,0,0,0,0,1,1,0,11,8,0,1,2,120,33,5,1,7,74,161,156,0,5,146,13,10,3,0,452,0,46,58,320,378,0,0,0,0,0,1,0,1,0,0,62,9,1,0,9,43,36,35,0,1,11,1,1,0,0,111,0,19,20,48,68,0,0,0,0,0,0,0,0,0,0,23,6,1,0,1,15,4,3,0,1,2,0,0,0,0,29,0,8,8,6,14,0,0,0,0,0,0,0,0,0,0,29,4,0,0,3,22,3,3,0,0,7,2,2,0,0,41,0,7,7,12,19
Robeson County Sheriff's Office,2012-04-01,North Carolina,99791,NC07800,breakdown offenses,adjustment,adjustment,adjustment,adjustment,adjustment,breakdown offenses,breakdown offenses,breakdown offenses,0,0,0,2,0,0,0,0,10,6,1,0,3,110,15,2,7,11,75,162,153,0,9,158,18,17,0,1,460,0,35,47,338,385,2,0,1,1,0,6,6,0,0,0,44,14,1,2,2,25,7,7,0,0,17,2,2,0,0,79,0,19,28,26,54,0,0,1,1,0,2,2,0,0,0,6,0,0,0,0,6,1,1,0,0,3,1,1,0,0,14,0,0,3,5,8,0,0,0,0,0,0,0,0,0,0,16,0,2,0,1,13,6,5,0,1,8,2,2,0,0,32,0,3,3,16,19
Robeson County Sheriff's Office,2012-03-01,North Carolina,99791,NC07800,breakdown offenses,adjustment,adjustment,adjustment,adjustment,adjustment,breakdown offenses,breakdown offenses,breakdown offenses,0,0,0,0,0,1,1,0,7,4,1,1,1,99,17,8,6,4,64,127,118,0,9,130,20,20,0,0,384,0,35,43,277,320,0,0,0,0,0,5,5,0,0,0,25,2,1,3,1,18,23,22,0,1,19,2,2,0,0,74,0,7,12,44,56,0,0,0,0,0,0,0,0,0,0,8,0,1,0,0,7,3,2,0,1,1,0,0,0,0,12,0,1,1,4,5,0,0,0,0,0,1,0,0,1,0,24,0,0,0,2,22,7,5,0,2,4,1,0,0,1,37,0,2,3,12,15
Robeson County Sheriff's Office,2012-02-01,North Carolina,99791,NC07800,breakdown offenses,adjustment,adjustment,adjustment,adjustment,adjustment,breakdown offenses,breakdown offenses,breakdown offenses,0,0,0,1,0,0,0,0,5,4,0,0,1,86,13,4,0,2,67,111,106,0,5,98,9,9,0,0,310,0,19,25,218,243,1,0,0,0,0,0,0,0,0,0,40,6,2,0,1,31,10,10,0,0,16,2,2,0,0,69,0,9,10,28,38,0,0,0,0,0,0,0,0,0,0,14,0,0,0,0,14,0,0,0,0,1,0,0,0,0,15,0,0,0,1,1,0,0,0,0,0,0,0,0,0,0,23,0,0,0,0,23,4,4,0,0,8,1,1,0,0,36,0,0,0,13,13
Robeson County Sheriff's Office,2012-01-01,North Carolina,99791,NC07800,breakdown offenses,adjustment,adjustment,adjustment,adjustment,adjustment,breakdown offenses,breakdown offenses,breakdown offenses,0,0,0,0,0,3,3,0,6,5,0,0,1,82,17,4,3,6,52,171,165,0,6,148,12,12,0,0,422,0,30,39,331,370,0,0,1,1,0,1,1,0,0,0,38,9,1,0,3,25,26,25,0,1,13,2,2,0,0,81,0,13,15,41,56,0,0,0,0,0,0,0,0,0,0,5,0,0,0,1,4,4,4,0,0,1,0,0,0,0,10,0,1,1,5,6,0,0,0,0,0,0,0,0,0,0,27,1,0,1,1,24,5,5,0,0,17,1,1,0,0,50,0,3,3,23,26
Robeson County Sheriff's Office,2011-12-01,North Carolina,99063,NC07800,breakdown offenses,adjustment,adjustment,adjustment,adjustment,adjustment,breakdown offenses,breakdown offenses,breakdown offenses,0,0,2,0,0,0,0,0,9,6,1,0,2,111,12,3,4,13,79,210,205,0,5,133,17,17,0,0,480,0,32,41,360,401,0,1,1,1,0,3,2,0,0,1,60,3,0,0,5,52,11,10,0,1,15,0,0,0,0,91,0,8,12,26,38,0,0,0,0,0,0,0,0,0,0,12,0,0,0,0,12,0,0,0,0,1,0,0,0,0,13,0,0,0,1,1,0,0,0,0,0,0,0,0,0,0,41,0,0,0,3,38,3,3,0,0,8,1,1,0,0,53,0,3,3,12,15
Robeson County Sheriff's Office,2011-11-01,North Carolina,99063,NC07800,breakdown offenses,adjustment,adjustment,adjustment,adjustment,adjustment,breakdown offenses,breakdown offenses,breakdown offenses,0,0,0,1,1,1,1,0,9,5,0,0,4,97,24,1,4,15,53,195,184,1,10,126,25,23,0,2,455,0,44,55,346,401,1,0,2,2,0,3,2,0,0,1,26,3,1,2,3,17,16,15,0,1,6,4,4,0,0,58,0,9,15,26,41,0,0,0,0,0,0,0,0,0,0,3,0,0,2,0,1,2,2,0,0,0,2,2,0,0,7,0,2,2,4,6,0,0,0,0,0,0,0,0,0,0,26,0,0,0,0,26,2,1,0,1,13,2,2,0,0,43,0,0,0,17,17
Robeson County Sheriff's Office,2011-10-01,North Carolina,99063,NC07800,breakdown offenses,adjustment,adjustment,adjustment,adjustment,adjustment,breakdown offenses,breakdown offenses,breakdown offenses,0,0,0,0,0,4,4,0,13,9,1,0,3,71,16,2,2,5,46,167,163,1,3,146,29,27,2,0,430,0,25,42,342,384,0,0,0,0,0,2,2,0,0,0,31,7,1,0,0,23,22,22,0,0,11,2,2,0,0,68,0,8,10,35,45,0,0,0,0,0,0,0,0,0,0,5,0,0,0,0,5,1,1,0,0,1,0,0,0,0,7,0,0,0,2,2,0,0,0,0,0,0,0,0,0,0,19,0,0,0,1,18,3,3,0,0,8,2,2,0,0,32,0,1,1,13,14
Robeson County Sheriff's Office,2011-09-01,North Carolina,99063,NC07800,breakdown offenses,adjustment,adjustment,adjustment,adjustment,adjustment,breakdown offenses,breakdown offenses,breakdown offenses,0,0,0,0,0,1,1,0,7,5,0,1,1,67,19,0,3,4,41,206,199,1,6,149,18,18,0,0,448,0,26,34,373,407,0,0,0,0,0,3,2,0,0,1,30,6,0,2,1,21,22,21,1,0,12,4,4,0,0,71,0,9,12,38,50,0,0,0,0,0,0,0,0,0,0,4,0,0,0,0,4,0,0,0,0,3,0,0,0,0,7,0,0,0,3,3,0,0,0,0,0,0,0,0,0,0,18,0,0,0,1,17,6,5,0,1,4,3,2,1,0,31,0,1,1,13,14
Robeson County Sheriff's Office,2011-08-01,North Carolina,99063,NC07800,breakdown offenses,adjustment,adjustment,adjustment,adjustment,adjustment,breakdown offenses,breakdown offenses,breakdown offenses,0,0,0,0,0,2,2,0,13,7,1,1,4,97,19,6,7,12,53,217,209,0,8,176,22,22,0,0,527,0,44,59,415,474,0,0,1,1,0,3,2,0,0,1,48,12,6,4,8,18,19,19,0,0,20,4,4,0,0,95,0,30,34,43,77,0,0,0,0,0,0,0,0,0,0,5,3,0,0,0,2,3,3,0,0,0,0,0,0,0,8,0,3,3,3,6,0,0,0,0,0,1,1,0,0,0,24,0,1,0,0,23,8,8,0,0,11,3,3,0,0,47,0,1,2,22,24
Robeson County Sheriff's Office,2011-07-01,North Carolina,99063,NC07800,breakdown offenses,adjustment,adjustment,adjustment,adjustment,adjustment,breakdown offenses,breakdown offenses,breakdown offenses,0,0,0,0,1,1,1,0,16,11,0,1,4,78,14,2,7,7,48,220,213,0,7,163,34,31,1,2,513,0,30,47,417,464,0,0,1,1,0,6,4,0,1,1,27,1,2,2,1,21,29,26,1,2,10,5,5,0,0,78,0,6,13,44,57,0,0,0,0,0,0,0,0,0,0,3,0,1,0,1,1,4,4,0,0,1,0,0,0,0,8,0,2,2,5,7,0,0,0,0,0,0,0,0,0,0,11,0,0,0,1,10,1,0,0,1,7,2,2,0,0,21,0,1,1,10,11
Robeson County Sheriff's Office,2011-06-01,North Carolina,99063,NC07800,breakdown offenses,adjustment,adjustment,adjustment,adjustment,adjustment,breakdown offenses,breakdown offenses,breakdown offenses,0,0,0,1,0,1,1,0,13,7,1,0,5,93,13,6,2,8,64,185,180,1,4,136,18,16,1,1,447,0,29,44,339,383,0,0,0,0,0,3,1,0,0,2,44,7,2,2,0,33,24,23,0,1,14,3,3,0,0,88,0,11,14,41,55,0,0,0,0,0,0,0,0,0,0,12,0,0,0,0,12,4,4,0,0,2,2,2,0,0,20,0,0,0,8,8,0,0,0,0,0,0,0,0,0,0,30,5,0,1,2,22,13,12,0,1,12,1,1,0,0,56,0,8,8,26,34
Robeson County Sheriff's Office,2011-05-01,North Carolina,99063,NC07800,breakdown offenses,adjustment,adjustment,adjustment,adjustment,adjustment,breakdown offenses,breakdown offenses,breakdown offenses,0,0,0,0,0,2,2,0,12,8,1,0,3,103,10,6,5,4,78,175,173,0,2,151,19,19,0,0,462,0,25,39,345,384,0,0,2,2,0,3,2,1,0,0,61,9,6,1,0,45,10,10,0,0,11,1,1,0,0,88,0,16,21,22,43,0,0,0,0,0,0,0,0,0,0,12,2,0,0,0,10,1,1,0,0,2,0,0,0,0,15,0,2,2,3,5,0,0,0,0,0,3,3,0,0,0,30,3,0,0,1,26,11,10,1,0,14,3,3,0,0,61,0,4,7,28,35
Robeson County Sheriff's Office,2011-04-01,North Carolina,99063,NC07800,breakdown offenses,adjustment,adjustment,adjustment,adjustment,adjustment,breakdown offenses,breakdown offenses,breakdown offenses,0,0,0,0,0,2,2,0,10,8,0,0,2,91,24,4,4,4,55,149,144,0,5,173,18,17,0,1,443,0,36,48,340,388,0,0,1,1,0,2,0,0,1,1,55,23,5,1,3,23,26,26,0,0,14,5,5,0,0,103,0,32,35,45,80,0,0,0,0,0,0,0,0,0,0,13,8,0,0,0,5,6,6,0,0,2,0,0,0,0,21,0,8,8,8,16,0,0,0,0,0,2,1,1,0,0,20,2,0,0,1,17,13,12,0,1,11,2,2,0,0,48,0,3,5,26,31
Robeson County Sheriff's Office,2011-03-01,North Carolina,99063,NC07800,breakdown offenses,adjustment,adjustment,adjustment,adjustment,adjustment,breakdown offenses,breakdown offenses,breakdown offenses,0,0,1,0,0,0,0,0,8,4,2,1,1,96,29,4,3,3,57,180,172,1,7,113,16,14,1,1,413,0,39,47,309,356,0,0,0,0,0,1,0,1,0,0,42,2,4,1,2,33,24,24,0,0,25,3,3,0,0,95,0,9,10,52,62,0,0,0,0,0,0,0,0,0,0,8,0,0,1,0,7,1,1,0,0,3,0,0,0,0,12,0,1,1,4,5,0,0,0,0,0,0,0,0,0,0,25,1,1,1,0,22,11,9,0,2,13,0,0,0,0,49,0,3,3,24,27
Robeson County Sheriff's Office,2011-02-01,North Carolina,99063,NC07800,breakdown offenses,adjustment,adjustment,adjustment,adjustment,adjustment,breakdown offenses,breakdown offenses,breakdown offenses,0,0,0,0,0,0,0,0,5,2,1,1,1,73,17,3,9,6,38,142,136,1,5,104,14,14,0,0,338,0,35,40,260,300,0,0,0,0,0,1,0,0,0,1,42,12,2,1,1,26,14,14,0,0,8,6,5,1,0,71,0,16,17,28,45,0,0,0,0,0,0,0,0,0,0,12,2,0,1,0,9,0,0,0,0,1,0,0,0,0,13,0,3,3,1,4,0,0,0,0,0,0,0,0,0,0,19,0,3,2,0,14,6,5,0,1,9,2,2,0,0,36,0,5,5,17,22
Robeson County Sheriff's Office,2011-01-01,North Carolina,99063,NC07800,breakdown offenses,adjustment,adjustment,adjustment,adjustment,adjustment,breakdown offenses,breakdown offenses,breakdown offenses,0,0,0,0,0,0,0,0,10,7,0,1,2,84,8,4,3,6,63,134,129,1,4,108,22,22,0,0,358,0,21,31,264,295,0,0,0,0,0,1,0,0,0,1,32,3,0,1,7,21,26,26,0,0,12,1,1,0,0,72,0,11,12,39,51,0,0,0,0,0,0,0,0,0,0,5,0,0,0,0,5,2,2,0,0,1,0,0,0,0,8,0,0,0,3,3,0,0,0,0,0,0,0,0,0,0,14,2,0,0,0,12,6,5,0,1,10,1,1,0,0,31,0,2,2,17,19
Robeson County Sheriff's Office,2010-12-01,North Carolina,97824,NC07800,breakdown offenses,adjustment,adjustment,adjustment,adjustment,adjustment,breakdown offenses,breakdown offenses,breakdown offenses,0,0,3,0,0,1,1,0,11,10,0,0,1,56,12,4,1,3,36,174,172,0,2,119,16,14,1,1,377,0,20,32,309,341,0,0,2,2,0,0,0,0,0,0,40,14,4,6,3,13,23,23,0,0,10,3,3,0,0,78,0,27,29,36,65,0,0,0,0,0,0,0,0,0,0,13,7,0,3,0,3,4,4,0,0,1,0,0,0,0,18,0,10,10,5,15,0,0,0,0,0,0,0,0,0,0,7,1,1,1,0,4,12,10,0,2,16,0,0,0,0,35,0,3,3,28,31
Robeson County Sheriff's Office,2010-11-01,North Carolina,97824,NC07800,breakdown offenses,adjustment,adjustment,adjustment,adjustment,adjustment,breakdown offenses,breakdown offenses,breakdown offenses,0,0,3,0,0,3,3,0,11,5,1,1,4,96,11,8,10,7,60,164,156,1,7,130,23,20,1,2,427,0,36,50,317,367,1,0,1,1,0,4,2,0,0,2,51,4,1,0,1,45,19,18,0,1,30,5,5,0,0,111,0,6,12,54,66,0,0,0,0,0,0,0,0,0,0,9,0,0,0,0,9,3,3,0,0,1,0,0,0,0,13,0,0,0,4,4,0,0,0,0,0,0,0,0,0,0,20,1,1,0,1,17,11,11,0,0,16,4,4,0,0,51,0,3,3,31,34
Robeson County Sheriff's Office,2010-10-01,North Carolina,97824,NC07800,breakdown offenses,adjustment,adjustment,adjustment,adjustment,adjustment,breakdown offenses,breakdown offenses,breakdown offenses,0,0,0,1,0,2,2,0,9,4,1,2,2,115,26,2,4,11,72,219,213,0,6,127,29,26,3,0,502,0,43,55,375,430,0,0,0,0,0,2,2,0,0,0,47,4,1,0,4,38,15,15,0,0,16,1,0,0,1,81,0,9,11,32,43,0,0,0,0,0,1,1,0,0,0,10,2,0,0,1,7,3,3,0,0,6,0,0,0,0,20,0,3,4,9,13,0,0,0,0,0,0,0,0,0,0,36,3,1,0,0,32,6,5,0,1,20,1,0,1,0,63,0,4,4,27,31
Robeson County Sheriff's Office,2010-09-01,North Carolina,97824,NC07800,breakdown offenses,adjustment,adjustment,adjustment,adjustment,adjustment,breakdown offenses,breakdown offenses,breakdown offenses,0,0,0,0,0,0,0,0,7,3,0,2,2,101,27,2,6,3,63,199,193,0,6,177,28,22,3,3,512,0,38,45,404,449,0,0,1,1,0,4,2,0,1,1,43,9,1,0,3,30,16,16,0,0,15,4,3,1,0,83,0,13,18,35,53,0,0,1,1,0,1,0,0,1,0,7,0,0,0,1,6,0,0,0,0,3,0,0,0,0,12,0,1,3,3,6,0,0,0,0,0,1,0,0,0,1,15,0,0,3,0,12,14,12,0,2,15,2,2,0,0,47,0,3,4,31,35
Robeson County Sheriff's Office,2010-08-01,North Carolina,97824,NC07800,breakdown offenses,adjustment,adjustment,adjustment,adjustment,adjustment,breakdown offenses,breakdown offenses,breakdown offenses,0,0,1,2,0,2,2,0,16,11,2,0,3,107,22,3,8,8,66,184,180,0,4,171,24,16,0,8,506,0,41,61,379,440,0,0,0,0,0,3,2,1,0,0,45,16,1,1,2,25,15,15,0,0,12,2,2,0,0,77,0,20,23,29,52,0,0,0,0,0,1,1,0,0,0,4,0,0,0,0,4,2,2,0,0,1,0,0,0,0,8,0,0,1,3,4,0,0,0,0,0,0,0,0,0,0,24,3,1,2,1,17,13,9,0,4,22,1,0,1,0,60,0,7,7,36,43
Robeson County Sheriff's Office,2010-07-01,North Carolina,97824,NC07800,breakdown offenses,adjustment,adjustment,adjustment,adjustment,adjustment,breakdown offenses,breakdown offenses,breakdown offenses,0,0,0,1,0,1,1,0,12,7,0,2,3,105,28,8,10,1,58,221,216,1,4,174,27,27,0,0,541,0,47,61,422,483,1,0,0,0,0,2,2,0,0,0,27,3,4,2,1,17,12,12,0,0,7,3,1,0,2,52,0,10,13,22,35,0,0,0,0,0,0,0,0,0,0,4,1,1,1,0,1,3,3,0,0,2,0,0,0,0,9,0,3,3,5,8,0,0,0,0,0,0,0,0,0,0,21,1,1,5,1,13,9,9,0,0,12,4,4,0,0,46,0,8,8,25,33
Robeson County Sheriff's Office,2010-06-01,North Carolina,97824,NC07800,breakdown offenses,adjustment,adjustment,adjustment,adjustment,adjustment,breakdown offenses,breakdown offenses,breakdown offenses,0,0,0,0,0,1,1,0,7,3,0,1,3,105,20,5,4,7,69,231,224,0,7,209,24,18,3,3,577,0,36,44,464,508,0,0,2,2,0,3,1,0,1,1,48,7,3,1,4,33,33,33,0,0,14,2,2,0,0,102,0,15,20,49,69,0,0,0,0,0,0,0,0,0,0,6,0,0,1,0,5,2,2,0,0,4,0,0,0,0,12,0,1,1,6,7,0,0,0,0,0,1,0,0,0,1,9,0,0,0,0,9,14,13,0,1,25,2,1,1,0,51,0,0,1,41,42
Robeson County Sheriff's Office,2010-05-01,North Carolina,97824,NC07800,breakdown offenses,adjustment,adjustment,adjustment,adjustment,adjustment,breakdown offenses,breakdown offenses,breakdown offenses,0,0,1,0,0,1,1,0,4,3,0,0,1,119,20,5,11,10,73,203,198,1,4,198,20,12,6,2,545,0,46,51,421,472,0,0,1,1,0,4,2,0,0,2,58,14,1,3,9,31,25,25,0,0,14,1,1,0,0,103,0,27,32,40,72,0,0,0,0,0,0,0,0,0,0,13,2,0,0,0,11,2,2,0,0,5,1,1,0,0,21,0,2,2,8,10,0,0,0,0,0,0,0,0,0,0,15,2,0,0,1,12,16,14,0,2,23,4,4,0,0,58,0,3,3,43,46
Robeson County Sheriff's Office,2010-04-01,North Carolina,97824,NC07800,breakdown offenses,adjustment,adjustment,adjustment,adjustment,adjustment,breakdown offenses,breakdown offenses,breakdown offenses,0,0,0,1,0,0,0,0,11,9,0,0,2,96,17,4,7,3,65,177,170,0,7,158,10,8,0,2,453,0,31,43,345,388,0,0,0,0,0,3,3,0,0,0,36,4,3,5,1,23,9,9,0,0,17,2,2,0,0,67,0,13,16,28,44,0,0,0,0,0,0,0,0,0,0,5,0,0,0,0,5,0,0,0,0,3,0,0,0,0,8,0,0,0,3,3,0,0,0,0,0,0,0,0,0,0,26,0,1,0,0,25,16,14,0,2,18,3,2,1,0,63,0,1,1,37,38
Robeson County Sheriff's Office,2010-03-01,North Carolina,97824,NC07800,breakdown offenses,adjustment,adjustment,adjustment,adjustment,adjustment,breakdown offenses,breakdown offenses,breakdown offenses,0,0,0,0,0,2,2,0,11,9,1,0,1,123,26,3,3,2,89,197,195,0,2,151,17,16,1,0,501,0,34,47,365,412,1,0,2,2,0,4,2,0,0,2,43,3,2,1,2,35,21,20,0,1,15,2,2,0,0,88,0,8,15,38,53,0,0,0,0,0,0,0,0,0,0,8,0,0,0,0,8,3,3,0,0,2,0,0,0,0,13,0,0,0,5,5,0,0,0,0,0,0,0,0,0,0,28,3,0,3,1,21,6,6,0,0,15,0,0,0,0,49,0,7,7,21,28
Robeson County Sheriff's Office,2010-02-01,North Carolina,97824,NC07800,breakdown offenses,adjustment,adjustment,adjustment,adjustment,adjustment,breakdown offenses,breakdown offenses,breakdown offenses,0,0,0,0,0,2,2,0,5,3,0,0,2,80,7,4,6,12,51,144,141,0,3,108,11,10,0,1,350,0,29,36,263,299,0,0,0,0,0,2,1,0,0,1,40,0,2,3,2,33,22,22,0,0,10,4,4,0,0,78,0,7,9,36,45,0,0,0,0,0,0,0,0,0,0,6,0,0,1,0,5,4,4,0,0,4,0,0,0,0,14,0,1,1,8,9,0,0,0,0,0,0,0,0,0,0,26,3,3,0,0,20,12,12,0,0,13,0,0,0,0,51,0,6,6,25,31
Robeson County Sheriff's Office,2010-01-01,North Carolina,97824,NC07800,breakdown offenses,adjustment,adjustment,adjustment,adjustment,adjustment,breakdown offenses,breakdown offenses,breakdown offenses,0,0,0,1,0,2,2,0,11,4,0,2,5,128,31,2,5,12,78,174,171,0,3,120,22,22,0,0,458,0,50,64,316,380,0,0,2,2,0,3,0,0,0,3,64,8,3,4,13,36,27,26,0,1,15,5,5,0,0,116,0,28,33,47,80,0,0,0,0,0,0,0,0,0,0,8,0,2,0,0,6,2,2,0,0,2,0,0,0,0,12,0,2,2,4,6,0,0,0,0,0,1,0,0,0,1,16,0,0,0,0,16,16,15,0,1,16,1,1,0,0,50,0,0,1,33,34
Robeson County Sheriff's Office,2009-12-01,North Carolina,92712,NC07800,breakdown offenses,adjustment,adjustment,adjustment,adjustment,adjustment,breakdown offenses,breakdown offenses,breakdown offenses,0,0,0,1,0,1,1,0,7,3,0,2,2,76,17,1,3,9,46,198,194,0,4,139,22,21,0,1,444,0,30,39,359,398,0,0,0,0,0,2,1,0,0,1,49,8,0,0,8,33,32,31,0,1,18,3,3,0,0,104,0,16,18,53,71,0,0,0,0,0,0,0,0,0,0,5,0,0,0,1,4,3,3,0,0,5,0,0,0,0,13,0,1,1,8,9,0,0,0,0,0,0,0,0,0,0,12,1,0,0,1,10,4,4,0,0,6,1,1,0,0,23,0,2,2,11,13
Robeson County Sheriff's Office,2009-11-01,North Carolina,92712,NC07800,breakdown offenses,adjustment,adjustment,adjustment,adjustment,adjustment,breakdown offenses,breakdown offenses,breakdown offenses,0,0,0,0,0,1,1,0,3,1,0,1,1,115,9,1,5,41,59,225,219,0,6,123,28,27,0,1,495,0,56,60,376,436,0,0,1,1,0,3,1,0,0,2,26,6,0,6,1,13,26,26,0,0,10,6,6,0,0,72,0,13,17,42,59,0,0,0,0,0,0,0,0,0,0,2,0,0,0,0,2,3,3,0,0,0,0,0,0,0,5,0,0,0,3,3,0,0,0,0,0,0,0,0,0,0,5,0,0,0,0,5,2,2,0,0,1,1,1,0,0,9,0,0,0,4,4
Robeson County Sheriff's Office,2009-10-01,North Carolina,92712,NC07800,breakdown offenses,adjustment,adjustment,adjustment,adjustment,adjustment,breakdown offenses,breakdown offenses,breakdown offenses,0,0,0,0,0,2,2,0,11,4,0,0,7,105,32,0,16,7,50,235,233,0,2,130,30,29,0,1,513,0,55,68,395,463,0,0,0,0,0,2,2,0,0,0,39,2,0,3,0,34,27,27,0,0,13,1,1,0,0,82,0,5,7,41,48,0,0,0,0,0,0,0,0,0,0,7,0,0,1,0,6,3,3,0,0,1,0,0,0,0,11,0,1,1,4,5,0,0,0,0,0,0,0,0,0,0,15,1,0,4,0,10,3,3,0,0,8,2,2,0,0,28,0,5,5,13,18
Robeson County Sheriff's Office,2009-09-01,North Carolina,92712,NC07800,breakdown offenses,adjustment,adjustment,adjustment,adjustment,adjustment,breakdown offenses,breakdown offenses,breakdown offenses,0,0,0,0,0,2,2,0,14,5,0,4,5,105,21,1,8,10,65,224,221,0,3,115,32,32,0,0,492,0,40,56,371,427,0,0,1,1,0,2,1,0,1,0,49,10,1,0,7,31,24,24,0,0,6,5,5,0,0,87,0,18,21,35,56,0,0,1,1,0,0,0,0,0,0,11,3,1,0,1,6,4,4,0,0,1,0,0,0,0,17,0,5,6,5,11,0,0,0,0,0,0,0,0,0,0,14,0,0,3,0,11,6,6,0,0,15,2,2,0,0,37,0,3,3,23,26
Robeson County Sheriff's Office,2009-08-01,North Carolina,92712,NC07800,breakdown offenses,adjustment,adjustment,adjustment,adjustment,adjustment,breakdown offenses,breakdown offenses,breakdown offenses,0,0,1,0,0,2,2,0,11,6,0,2,3,140,36,1,13,18,72,240,239,0,1,151,48,48,0,0,592,0,68,81,439,520,0,0,2,2,0,3,2,0,0,1,35,6,0,1,2,26,19,19,0,0,4,5,5,0,0,68,0,9,14,28,42,0,0,0,0,0,1,0,0,0,1,7,0,0,0,0,7,8,8,0,0,2,0,0,0,0,18,0,0,1,10,11,0,0,0,0,0,0,0,0,0,0,17,1,0,0,0,16,5,5,0,0,1,0,0,0,0,23,0,1,1,6,7
Robeson County Sheriff's Office,2009-07-01,North Carolina,92712,NC07800,breakdown offenses,adjustment,adjustment,adjustment,adjustment,adjustment,breakdown offenses,breakdown offenses,breakdown offenses,0,0,0,0,0,0,0,0,13,6,0,0,7,120,23,4,2,17,74,212,210,0,2,139,23,23,0,0,507,0,46,59,374,433,0,0,1,1,0,6,5,0,0,1,72,5,4,3,3,57,19,19,0,0,15,0,0,0,0,113,0,15,22,34,56,0,0,0,0,0,0,0,0,0,0,12,0,0,1,0,11,3,3,0,0,4,0,0,0,0,19,0,1,1,7,8,0,0,0,0,0,1,0,0,0,1,20,4,0,0,0,16,13,13,0,0,20,2,2,0,0,56,0,4,5,35,40
Robeson County Sheriff's Office,2009-06-01,North Carolina,92712,NC07800,breakdown offenses,adjustment,adjustment,adjustment,adjustment,adjustment,breakdown offenses,breakdown offenses,breakdown offenses,0,0,0,0,0,3,3,0,11,4,0,2,5,134,27,1,9,20,77,199,197,0,2,106,28,28,0,0,481,0,57,71,333,404,0,0,0,0,0,3,1,0,0,2,50,0,1,1,2,46,41,40,0,1,18,4,4,0,0,116,0,4,7,63,70,0,0,0,0,0,0,0,0,0,0,7,0,0,0,0,7,4,3,0,1,3,1,1,0,0,15,0,0,0,8,8,0,0,0,0,0,0,0,0,0,0,38,0,0,2,1,35,12,11,0,1,23,3,3,0,0,76,0,3,3,38,41
Robeson County Sheriff's Office,2009-05-01,North Carolina,92712,NC07800,breakdown offenses,adjustment,adjustment,adjustment,adjustment,adjustment,breakdown offenses,breakdown offenses,breakdown offenses,0,0,0,0,0,1,1,0,20,14,0,1,5,114,10,2,11,10,81,247,245,0,2,138,19,19,0,0,539,0,33,54,404,458,0,0,0,0,0,4,1,1,1,1,65,6,1,2,8,48,26,23,1,2,19,2,2,0,0,116,0,17,21,47,68,0,0,0,0,0,0,0,0,0,0,20,1,0,0,0,19,5,4,0,1,3,0,0,0,0,28,0,1,1,8,9,0,0,1,0,1,2,1,0,1,0,29,2,1,3,2,21,10,10,0,0,23,2,2,0,0,67,0,8,11,35,46
Robeson County Sheriff's Office,2009-04-01,North Carolina,92712,NC07800,breakdown offenses,adjustment,adjustment,adjustment,adjustment,adjustment,breakdown offenses,breakdown offenses,breakdown offenses,0,0,0,0,0,1,1,0,13,6,2,1,4,98,14,7,5,12,60,200,195,1,4,124,28,27,0,1,464,0,38,52,352,404,0,0,2,2,0,7,3,0,1,3,43,4,2,1,3,33,21,21,0,0,21,3,3,0,0,97,0,10,19,45,64,0,0,0,0,0,0,0,0,0,0,9,0,0,1,0,8,3,3,0,0,5,0,0,0,0,17,0,1,1,8,9,0,0,0,0,0,1,1,0,0,0,44,3,1,3,7,30,11,11,0,0,33,6,6,0,0,95,0,14,15,50,65
Robeson County Sheriff's Office,2009-03-01,North Carolina,92712,NC07800,breakdown offenses,adjustment,adjustment,adjustment,adjustment,adjustment,breakdown offenses,breakdown offenses,breakdown offenses,0,0,0,0,0,4,3,1,15,5,3,1,6,103,27,3,2,7,64,173,169,0,4,100,27,27,0,0,422,0,39,58,300,358,0,0,1,0,1,2,1,0,0,1,32,1,2,2,2,25,19,19,0,0,14,3,3,0,0,71,0,7,10,36,46,0,0,0,0,0,0,0,0,0,0,10,0,0,0,0,10,0,0,0,0,3,1,1,0,0,14,0,0,0,4,4,0,0,2,0,2,0,0,0,0,0,30,1,2,0,2,25,17,15,0,2,12,4,4,0,0,65,0,5,7,33,40
Robeson County Sheriff's Office,2009-02-01,North Carolina,92712,NC07800,breakdown offenses,adjustment,adjustment,adjustment,adjustment,adjustment,breakdown offenses,breakdown offenses,breakdown offenses,0,0,0,0,0,1,1,0,9,6,0,1,2,67,3,0,3,7,54,126,122,0,4,95,24,24,0,0,322,0,13,23,245,268,0,0,2,2,0,5,1,0,0,4,34,2,0,3,4,25,25,25,0,0,20,3,3,0,0,89,0,9,16,48,64,0,0,0,0,0,0,0,0,0,0,6,1,0,0,0,5,5,5,0,0,2,0,0,0,0,13,0,1,1,7,8,0,0,0,0,0,0,0,0,0,0,22,4,0,0,0,18,12,12,0,0,25,2,2,0,0,61,0,4,4,39,43
Robeson County Sheriff's Office,2009-01-01,North Carolina,92712,NC07800,breakdown offenses,adjustment,adjustment,adjustment,adjustment,adjustment,breakdown offenses,breakdown offenses,breakdown offenses,0,0,0,1,0,0,0,0,12,4,1,2,5,103,18,7,5,14,59,135,133,0,2,110,34,33,0,1,395,0,44,57,279,336,1,0,0,0,0,4,2,0,0,2,49,1,1,4,3,40,21,21,0,0,20,6,5,0,1,101,0,9,14,47,61,0,0,0,0,0,1,0,0,0,1,12,0,0,0,0,12,2,2,0,0,4,0,0,0,0,19,0,0,1,6,7,0,0,0,0,0,0,0,0,0,0,5,0,0,0,0,5,4,4,0,0,12,2,2,0,0,23,0,0,0,18,18
Robeson County Sheriff's Office,2008-12-01,North Carolina,92184,NC07800,totals only,adjustment,adjustment,not updated,not updated,adjustment,totals only,,,0,0,0,0,0,0,0,0,19,0,0,0,0,95,0,0,0,0,36,168,0,0,0,78,27,0,0,0,387,0,59,78,273,351,0,0,0,0,0,0,0,0,0,0,0,0,0,0,0,0,0,0,0,0,0,0,0,0,0,0,0,0,0,0,0,0,0,0,0,0,0,0,0,0,0,0,0,0,0,0,0,0,0,0,0,0,0,0,0,0,0,0,0,0,0,0,0,0,0,0,0,0,0,0,0,0,0,0,0,0,0,0,0,0,0,0,0,0,0,0,0,0,0,0,0,0,0
Robeson County Sheriff's Office,2008-11-01,North Carolina,92184,NC07800,breakdown offenses,adjustment,adjustment,adjustment,adjustment,adjustment,breakdown offenses,breakdown offenses,breakdown offenses,0,0,0,0,0,1,1,0,15,0,0,2,13,96,0,0,31,26,39,198,193,0,5,103,42,42,0,0,455,0,57,73,343,416,0,0,1,1,0,2,0,0,0,2,32,0,0,9,2,21,19,18,0,1,7,2,2,0,0,63,0,11,14,28,42,0,0,0,0,0,0,0,0,0,0,8,0,0,1,0,7,4,4,0,0,3,0,0,0,0,15,0,1,1,7,8,0,0,0,0,0,0,0,0,0,0,28,0,0,1,3,24,7,5,0,2,8,5,5,0,0,48,0,4,4,20,24
Robeson County Sheriff's Office,2008-10-01,North Carolina,92184,NC07800,breakdown offenses,adjustment,adjustment,adjustment,adjustment,adjustment,breakdown offenses,breakdown offenses,breakdown offenses,0,0,0,1,0,3,3,0,11,1,0,5,5,66,0,0,11,7,48,206,197,0,9,146,29,29,0,0,462,0,18,33,381,414,1,0,1,1,0,4,0,0,2,2,52,0,0,4,9,39,24,23,0,1,14,6,6,0,0,102,0,13,19,44,63,0,0,0,0,0,0,0,0,0,0,15,0,0,0,2,13,5,4,0,1,3,0,0,0,0,23,0,2,2,8,10,0,0,0,0,0,0,0,0,0,0,42,0,0,5,5,32,9,7,0,2,17,5,5,0,0,73,0,10,10,31,41
Robeson County Sheriff's Office,2008-09-01,North Carolina,92184,NC07800,breakdown offenses,adjustment,adjustment,adjustment,adjustment,adjustment,breakdown offenses,breakdown offenses,breakdown offenses,0,0,0,2,0,1,1,0,10,0,0,5,5,76,0,0,19,11,46,148,147,0,1,108,28,28,0,0,373,0,30,43,284,327,0,0,1,1,0,1,0,0,0,1,46,0,0,12,2,32,19,18,0,1,17,2,2,0,0,86,0,14,16,38,54,0,0,0,0,0,0,0,0,0,0,9,0,0,0,0,9,2,2,0,0,3,1,1,0,0,15,0,0,0,6,6,0,0,0,0,0,2,0,0,1,1,43,0,0,3,12,28,5,5,0,0,15,2,2,0,0,67,0,15,17,22,39
Robeson County Sheriff's Office,2008-08-01,North Carolina,92184,NC07800,breakdown offenses,adjustment,adjustment,adjustment,adjustment,adjustment,breakdown offenses,breakdown offenses,breakdown offenses,0,0,0,0,0,2,2,0,12,0,0,3,9,100,0,0,22,13,65,167,165,0,2,110,46,46,0,0,437,0,35,49,323,372,2,0,1,1,0,3,0,0,2,1,55,0,0,5,5,45,15,15,0,0,17,1,1,0,0,94,0,10,16,33,49,0,0,0,0,0,0,0,0,0,0,15,0,0,0,0,15,3,3,0,0,1,0,0,0,0,19,0,0,0,4,4,0,0,0,0,0,0,0,0,0,0,40,0,0,3,5,32,3,3,0,0,14,1,1,0,0,58,0,8,8,18,26
Robeson County Sheriff's Office,2008-07-01,North Carolina,92184,NC07800,breakdown offenses,adjustment,adjustment,adjustment,adjustment,adjustment,breakdown offenses,breakdown offenses,breakdown offenses,0,0,0,1,0,3,3,0,10,0,0,3,7,120,2,0,24,19,75,138,136,0,2,142,39,37,0,2,453,0,45,59,319,378,0,0,1,1,0,2,0,0,1,1,59,0,1,10,2,46,18,17,0,1,15,6,5,0,1,101,0,13,16,39,55,0,0,0,0,0,0,0,0,0,0,9,0,1,0,0,8,2,2,0,0,2,0,0,0,0,13,0,1,1,4,5,0,0,1,0,1,0,0,0,0,0,44,0,0,0,7,37,9,7,0,2,31,3,3,0,0,88,0,7,8,43,51
Robeson County Sheriff's Office,2008-06-01,North Carolina,92184,NC07800,breakdown offenses,adjustment,adjustment,adjustment,adjustment,adjustment,breakdown offenses,breakdown offenses,breakdown offenses,0,0,0,2,0,5,5,0,15,0,0,6,9,96,0,0,30,16,50,179,171,0,8,124,32,32,0,0,453,0,46,68,335,403,3,0,0,0,0,4,0,0,2,2,30,0,0,6,5,19,28,28,0,0,17,7,7,0,0,89,0,11,18,52,70,0,0,0,0,0,0,0,0,0,0,5,0,0,1,0,4,9,9,0,0,3,0,0,0,0,17,0,1,1,12,13,0,0,0,0,0,0,0,0,0,0,36,0,0,1,1,34,10,9,0,1,10,2,2,0,0,58,0,2,2,22,24
Robeson County Sheriff's Office,2008-05-01,North Carolina,92184,NC07800,breakdown offenses,adjustment,adjustment,adjustment,adjustment,adjustment,breakdown offenses,breakdown offenses,breakdown offenses,0,0,0,0,0,2,1,1,6,0,0,4,2,93,0,0,27,13,53,197,191,0,6,157,29,28,0,1,484,0,40,48,383,431,1,0,2,1,1,3,0,0,1,2,37,0,0,0,7,30,22,21,0,1,15,5,3,0,2,85,0,7,13,42,55,0,0,0,0,0,0,0,0,0,0,10,0,0,0,0,10,3,2,0,1,6,0,0,0,0,19,0,0,0,9,9,0,0,0,0,0,0,0,0,0,0,38,0,0,3,2,33,16,14,0,2,26,6,5,0,1,86,0,5,5,48,53
Robeson County Sheriff's Office,2008-04-01,North Carolina,92184,NC07800,breakdown offenses,adjustment,adjustment,adjustment,adjustment,adjustment,breakdown offenses,breakdown offenses,breakdown offenses,0,0,0,4,1,1,1,0,12,1,0,2,9,99,1,1,15,19,63,195,190,0,5,171,43,35,0,8,526,0,36,53,409,462,0,1,0,0,0,1,0,0,1,0,49,2,0,7,7,33,25,25,0,0,30,4,4,0,0,110,0,16,17,59,76,0,0,0,0,0,0,0,0,0,0,17,0,0,4,1,12,4,4,0,0,4,0,0,0,0,25,0,5,5,8,13,0,0,0,0,0,1,0,0,0,1,54,0,0,3,1,50,3,3,0,0,19,4,4,0,0,81,0,4,5,26,31
Robeson County Sheriff's Office,2008-03-01,North Carolina,92184,NC07800,breakdown offenses,adjustment,adjustment,adjustment,adjustment,adjustment,breakdown offenses,breakdown offenses,breakdown offenses,0,0,0,4,0,0,0,0,10,0,0,5,5,88,1,0,15,15,57,188,179,0,9,160,36,32,0,4,486,0,31,45,384,429,2,0,0,0,0,2,0,0,1,1,34,0,0,2,4,28,21,20,0,1,13,7,7,0,0,79,0,6,10,41,51,0,0,0,0,0,0,0,0,0,0,15,0,0,0,2,13,3,3,0,0,1,0,0,0,0,19,0,2,2,4,6,0,0,0,0,0,0,0,0,0,0,46,0,0,5,4,37,9,8,0,1,23,4,4,0,0,82,0,9,9,36,45
Robeson County Sheriff's Office,2008-02-01,North Carolina,92184,NC07800,breakdown offenses,adjustment,adjustment,adjustment,adjustment,adjustment,breakdown offenses,breakdown offenses,breakdown offenses,0,0,0,2,0,0,0,0,8,0,0,7,1,79,0,0,20,10,49,170,167,0,3,110,30,30,0,0,399,0,30,40,310,350,0,0,0,0,0,2,0,0,2,0,40,0,1,6,4,29,18,16,0,2,10,6,6,0,0,76,0,11,13,34,47,0,0,0,0,0,0,0,0,0,0,11,0,1,0,1,9,1,0,0,1,1,0,0,0,0,13,0,2,2,2,4,1,0,0,0,0,0,0,0,0,0,34,0,0,3,2,29,14,13,0,1,18,5,5,0,0,72,0,5,6,37,43
Robeson County Sheriff's Office,2008-01-01,North Carolina,92184,NC07800,breakdown offenses,adjustment,adjustment,adjustment,adjustment,adjustment,breakdown offenses,breakdown offenses,breakdown offenses,0,0,0,1,0,0,0,0,11,0,0,7,4,113,0,1,17,9,86,183,181,0,2,115,43,43,0,0,466,0,27,39,341,380,2,0,0,0,0,2,0,0,2,0,45,0,0,9,2,34,33,33,0,0,4,7,7,0,0,93,0,11,15,44,59,0,0,0,0,0,1,0,0,1,0,5,0,0,0,0,5,1,1,0,0,1,0,0,0,0,8,0,0,1,2,3,0,0,1,1,0,0,0,0,0,0,46,0,0,0,4,42,9,9,0,0,18,4,4,0,0,78,0,4,5,31,36
Robeson County Sheriff's Office,2007-12-01,North Carolina,94089,NC07800,breakdown offenses,adjustment,adjustment,adjustment,adjustment,adjustment,breakdown offenses,breakdown offenses,breakdown offenses,0,0,0,0,0,1,1,0,10,0,0,5,5,92,0,0,23,15,54,205,203,0,2,104,33,33,0,0,445,0,38,49,342,391,0,0,0,0,0,2,0,0,2,0,27,0,0,3,1,23,34,33,0,1,14,7,7,0,0,84,0,4,6,55,61,0,0,0,0,0,0,0,0,0,0,2,0,0,0,1,1,4,4,0,0,1,1,1,0,0,8,0,1,1,6,7,0,0,0,0,0,0,0,0,0,0,26,0,0,2,2,22,14,12,0,2,12,3,3,0,0,55,0,4,4,29,33
Robeson County Sheriff's Office,2007-11-01,North Carolina,94089,NC07800,breakdown offenses,adjustment,adjustment,adjustment,adjustment,adjustment,breakdown offenses,breakdown offenses,breakdown offenses,0,0,0,1,0,1,1,0,8,0,0,4,4,79,0,0,12,7,60,225,221,0,4,109,36,36,0,0,459,0,19,29,370,399,0,0,1,1,0,2,0,0,2,0,46,0,0,4,7,35,23,23,0,0,12,6,6,0,0,90,0,11,14,41,55,0,0,0,0,0,0,0,0,0,0,12,0,0,0,0,12,4,4,0,0,5,0,0,0,0,21,0,0,0,9,9,0,0,0,0,0,0,0,0,0,0,39,0,0,1,1,37,7,6,0,1,15,3,3,0,0,64,0,2,2,25,27
Robeson County Sheriff's Office,2007-10-01,North Carolina,94089,NC07800,breakdown offenses,adjustment,adjustment,adjustment,adjustment,adjustment,breakdown offenses,breakdown offenses,breakdown offenses,0,0,0,0,0,0,0,0,4,0,0,2,2,98,0,1,21,13,63,201,195,0,6,147,35,35,0,0,485,0,35,39,383,422,0,0,3,2,1,2,0,0,1,1,49,0,1,5,9,34,25,25,0,0,14,5,5,0,0,98,0,15,20,44,64,0,0,0,0,0,1,0,0,0,1,10,0,1,1,0,8,4,4,0,0,2,0,0,0,0,17,0,2,3,6,9,0,0,1,1,0,1,0,0,1,0,36,0,0,6,1,29,15,14,0,1,26,8,8,0,0,87,0,7,9,49,58
Robeson County Sheriff's Office,2007-09-01,North Carolina,94089,NC07800,breakdown offenses,adjustment,adjustment,adjustment,adjustment,adjustment,breakdown offenses,breakdown offenses,breakdown offenses,0,0,0,0,0,7,7,0,14,0,0,9,5,97,0,0,13,17,67,184,181,0,3,146,47,47,0,0,495,0,30,51,377,428,0,0,4,4,0,0,0,0,0,0,34,0,0,5,2,27,22,22,0,0,13,3,3,0,0,76,0,7,11,38,49,0,0,2,2,0,0,0,0,0,0,10,0,0,2,0,8,4,4,0,0,1,2,2,0,0,19,0,2,4,7,11,0,0,0,0,0,0,0,0,0,0,44,0,0,3,7,34,11,8,0,3,19,5,5,0,0,79,0,10,10,35,45
Robeson County Sheriff's Office,2007-08-01,North Carolina,94089,NC07800,breakdown offenses,adjustment,adjustment,adjustment,adjustment,adjustment,breakdown offenses,breakdown offenses,breakdown offenses,0,0,0,0,0,1,1,0,7,0,0,3,4,104,0,0,23,20,61,211,208,0,3,128,46,46,0,0,497,0,43,51,385,436,0,0,2,2,0,1,0,0,0,1,52,0,0,15,3,34,24,24,0,0,16,3,3,0,0,98,0,18,21,43,64,0,0,0,0,0,0,0,0,0,0,9,0,0,0,0,9,2,2,0,0,1,1,1,0,0,13,0,0,0,4,4,0,0,0,0,0,2,0,0,2,0,53,0,0,0,1,52,12,12,0,0,18,1,1,0,0,86,0,1,3,31,34
Robeson County Sheriff's Office,2007-07-01,North Carolina,94089,NC07800,breakdown offenses,adjustment,adjustment,adjustment,adjustment,adjustment,breakdown offenses,breakdown offenses,breakdown offenses,0,0,0,0,0,2,2,0,9,0,0,4,5,95,0,0,24,8,63,210,203,0,7,158,36,36,0,0,510,0,32,43,404,447,0,0,0,0,0,6,0,0,2,4,46,0,0,2,4,40,15,14,0,1,16,3,3,0,0,86,0,6,12,34,46,0,0,0,0,0,0,0,0,0,0,12,0,0,0,0,12,5,5,0,0,3,0,0,0,0,20,0,0,0,8,8,0,0,0,0,0,0,0,0,0,0,39,0,1,1,3,34,7,6,0,1,28,3,3,0,0,77,0,5,5,38,43
Robeson County Sheriff's Office,2007-06-01,North Carolina,94089,NC07800,breakdown offenses,adjustment,adjustment,adjustment,adjustment,adjustment,breakdown offenses,breakdown offenses,breakdown offenses,0,0,0,1,0,2,2,0,4,0,0,2,2,90,0,0,13,6,71,168,167,0,1,172,30,30,0,0,467,0,19,26,370,396,1,0,2,2,0,2,0,0,2,0,65,0,0,3,8,54,9,9,0,0,18,5,5,0,0,102,0,11,16,32,48,0,0,1,1,0,1,0,0,1,0,9,0,0,0,0,9,1,1,0,0,5,2,2,0,0,19,0,0,2,8,10,0,0,1,1,0,0,0,0,0,0,46,0,0,6,2,38,9,9,0,0,25,10,10,0,0,91,0,8,9,44,53
Robeson County Sheriff's Office,2007-05-01,North Carolina,94089,NC07800,breakdown offenses,adjustment,adjustment,adjustment,adjustment,adjustment,breakdown offenses,breakdown offenses,breakdown offenses,0,0,0,0,0,2,1,1,9,0,0,4,5,116,0,0,15,24,77,219,215,0,4,167,40,40,0,0,553,0,39,50,426,476,1,0,3,3,0,3,0,0,0,3,65,0,0,9,4,52,30,30,0,0,14,6,6,0,0,122,0,13,20,50,70,0,0,0,0,0,0,0,0,0,0,17,0,0,3,0,14,5,5,0,0,3,1,1,0,0,26,0,3,3,9,12,0,0,0,0,0,1,0,0,1,0,32,0,0,3,2,27,13,9,0,4,28,4,4,0,0,78,0,5,6,45,51
Robeson County Sheriff's Office,2007-04-01,North Carolina,94089,NC07800,breakdown offenses,adjustment,adjustment,adjustment,adjustment,adjustment,breakdown offenses,breakdown offenses,breakdown offenses,0,0,0,0,0,3,3,0,7,0,0,3,4,138,0,0,36,12,90,174,170,0,4,158,53,53,0,0,533,0,48,58,385,443,0,0,2,2,0,1,0,0,0,1,63,0,0,11,0,52,18,18,0,0,14,10,10,0,0,108,0,11,14,42,56,0,0,0,0,0,0,0,0,0,0,5,0,0,0,0,5,0,0,0,0,5,0,0,0,0,10,0,0,0,5,5,0,0,0,0,0,0,0,0,0,0,30,0,0,1,1,28,10,10,0,0,20,6,6,0,0,66,0,2,2,36,38
Robeson County Sheriff's Office,2007-03-01,North Carolina,94089,NC07800,breakdown offenses,adjustment,adjustment,adjustment,adjustment,adjustment,breakdown offenses,breakdown offenses,breakdown offenses,0,0,0,0,0,1,0,1,8,0,0,4,4,104,0,0,19,5,80,137,135,0,2,142,30,30,0,0,422,0,24,33,309,342,0,0,0,0,0,2,0,0,1,1,60,0,0,13,0,47,28,27,0,1,22,4,4,0,0,116,0,13,15,54,69,0,0,0,0,0,0,0,0,0,0,11,0,0,0,0,11,2,2,0,0,1,0,0,0,0,14,0,0,0,3,3,0,0,1,1,0,0,0,0,0,0,43,0,0,2,1,40,29,28,0,1,24,10,10,0,0,107,0,3,4,63,67
Robeson County Sheriff's Office,2007-02-01,North Carolina,94089,NC07800,breakdown offenses,adjustment,adjustment,adjustment,adjustment,adjustment,breakdown offenses,breakdown offenses,breakdown offenses,0,0,0,0,0,2,2,0,6,0,0,3,3,76,0,0,19,4,53,134,133,0,1,87,28,28,0,0,333,0,23,31,249,280,0,0,0,0,0,4,0,0,2,2,38,0,0,10,0,28,21,21,0,0,21,4,4,0,0,88,0,10,14,46,60,0,0,0,0,0,0,0,0,0,0,9,0,0,1,0,8,2,2,0,0,3,0,0,0,0,14,0,1,1,5,6,0,0,2,1,1,1,0,0,0,1,28,0,0,5,1,22,21,21,0,0,15,7,7,0,0,74,0,6,9,43,52
Robeson County Sheriff's Office,2007-01-01,North Carolina,94089,NC07800,breakdown offenses,adjustment,adjustment,adjustment,adjustment,adjustment,breakdown offenses,breakdown offenses,breakdown offenses,0,0,0,0,0,2,2,0,4,0,0,3,1,106,2,0,35,4,65,135,131,0,4,113,30,30,0,0,390,0,41,47,278,325,0,0,0,0,0,5,0,0,3,2,81,2,2,7,4,66,29,28,0,1,12,7,7,0,0,134,0,15,20,48,68,0,0,0,0,0,0,0,0,0,0,17,2,2,0,1,12,7,7,0,0,2,0,0,0,0,26,0,5,5,9,14,0,0,1,1,0,1,0,0,0,1,15,0,0,0,1,14,18,18,0,0,41,7,7,0,0,83,0,1,3,66,69
Robeson County Sheriff's Office,2006-12-01,North Carolina,92733,NC07800,breakdown offenses,adjustment,adjustment,adjustment,adjustment,adjustment,breakdown offenses,breakdown offenses,breakdown offenses,0,0,0,2,0,0,0,0,12,0,0,3,9,95,0,0,19,19,57,144,141,0,3,111,35,35,0,0,399,0,38,52,290,342,1,0,0,0,0,1,0,0,0,1,45,0,3,0,1,41,4,4,0,0,11,1,1,0,0,63,0,4,6,16,22,0,0,0,0,0,0,0,0,0,0,13,0,3,0,0,10,2,2,0,0,4,0,0,0,0,19,0,3,3,6,9,0,0,0,0,0,1,0,0,1,0,23,0,0,0,0,23,19,18,0,1,21,14,14,0,0,78,0,0,1,54,55
Robeson County Sheriff's Office,2006-11-01,North Carolina,92733,NC07800,breakdown offenses,adjustment,adjustment,adjustment,adjustment,adjustment,breakdown offenses,breakdown offenses,breakdown offenses,0,0,0,0,0,0,0,0,7,0,0,4,3,82,0,5,6,10,61,152,147,0,5,123,43,43,0,0,407,0,21,28,318,346,0,0,0,0,0,0,0,0,0,0,40,0,0,0,4,36,4,4,0,0,4,2,2,0,0,50,0,4,4,10,14,0,0,0,0,0,0,0,0,0,0,11,0,0,0,1,10,1,1,0,0,2,0,0,0,0,14,0,1,1,3,4,0,0,1,1,0,0,0,0,0,0,26,0,0,0,6,20,30,27,0,3,22,7,7,0,0,86,0,6,7,59,66
Robeson County Sheriff's Office,2006-10-01,North Carolina,92733,NC07800,breakdown offenses,adjustment,adjustment,adjustment,adjustment,adjustment,breakdown offenses,breakdown offenses,breakdown offenses,0,0,0,0,0,0,0,0,10,0,0,8,2,88,0,0,20,11,57,173,171,0,2,114,41,40,1,0,426,0,31,41,328,369,0,0,2,2,0,0,0,0,0,0,37,0,0,7,1,29,14,14,0,0,16,6,6,0,0,75,0,8,10,36,46,0,0,0,0,0,0,0,0,0,0,6,0,0,0,0,6,1,1,0,0,6,0,0,0,0,13,0,0,0,7,7,0,0,0,0,0,3,0,0,1,2,30,0,0,1,2,27,14,14,0,0,19,11,11,0,0,77,0,3,6,44,50
Robeson County Sheriff's Office,2006-09-01,North Carolina,92733,NC07800,breakdown offenses,adjustment,adjustment,adjustment,adjustment,adjustment,breakdown offenses,breakdown offenses,breakdown offenses,0,0,0,1,0,1,1,0,4,0,0,4,0,109,0,0,20,15,74,147,147,0,0,136,40,40,0,0,438,0,35,41,323,364,1,0,1,1,0,2,0,0,2,0,43,0,0,0,2,41,15,14,0,1,16,3,3,0,0,81,0,2,6,34,40,0,0,0,0,0,0,0,0,0,0,6,0,0,0,1,5,3,3,0,0,3,0,0,0,0,12,0,1,1,6,7,0,0,0,0,0,1,0,0,0,1,27,0,0,9,1,17,18,16,0,2,22,8,8,0,0,76,0,10,11,48,59
Robeson County Sheriff's Office,2006-08-01,North Carolina,92733,NC07800,breakdown offenses,adjustment,adjustment,adjustment,adjustment,adjustment,breakdown offenses,breakdown offenses,breakdown offenses,0,0,0,0,0,4,4,0,7,0,0,6,1,94,0,0,18,10,66,170,169,0,1,154,29,29,0,0,458,0,28,39,353,392,0,0,4,4,0,1,0,0,0,1,76,3,0,8,2,63,18,18,0,0,13,5,5,0,0,117,0,13,18,36,54,0,0,0,0,0,0,0,0,0,0,9,0,0,4,0,5,3,3,0,0,2,0,0,0,0,14,0,4,4,5,9,0,0,1,1,0,1,0,0,0,1,22,0,0,1,0,21,24,22,0,2,21,6,6,0,0,75,0,1,3,51,54
Robeson County Sheriff's Office,2006-07-01,North Carolina,92733,NC07800,breakdown offenses,adjustment,adjustment,adjustment,adjustment,adjustment,breakdown offenses,breakdown offenses,breakdown offenses,0,0,0,4,0,2,2,0,8,0,0,4,4,112,4,0,24,13,71,145,137,0,8,110,34,34,0,0,415,0,41,55,289,344,2,0,1,1,0,0,0,0,0,0,28,0,0,1,8,19,7,7,0,0,4,6,6,0,0,48,0,9,12,17,29,0,0,0,0,0,0,0,0,0,0,6,0,0,0,0,6,2,2,0,0,0,0,0,0,0,8,0,0,0,2,2,1,0,2,1,1,0,0,0,0,0,19,0,0,4,0,15,12,12,0,0,25,6,6,0,0,65,0,4,7,43,50
Robeson County Sheriff's Office,2006-06-01,North Carolina,92733,NC07800,breakdown offenses,adjustment,adjustment,adjustment,adjustment,adjustment,breakdown offenses,breakdown offenses,breakdown offenses,0,0,0,1,0,1,0,1,4,0,0,3,1,66,0,0,16,7,43,152,149,0,3,129,28,28,0,0,381,0,23,29,309,338,0,0,1,0,1,0,0,0,0,0,28,0,0,4,1,23,9,9,0,0,6,6,6,0,0,50,0,5,6,21,27,0,0,0,0,0,0,0,0,0,0,5,0,0,0,0,5,1,1,0,0,0,0,0,0,0,6,0,0,0,1,1,0,0,0,0,0,1,0,0,1,0,17,0,0,0,0,17,19,16,0,3,30,5,5,0,0,72,0,0,1,54,55
Robeson County Sheriff's Office,2006-05-01,North Carolina,92733,NC07800,breakdown offenses,adjustment,adjustment,adjustment,adjustment,adjustment,breakdown offenses,breakdown offenses,breakdown offenses,0,0,0,1,0,2,2,0,7,0,0,2,5,96,0,0,31,4,61,169,164,0,5,151,43,43,0,0,469,0,35,45,363,408,1,0,3,3,0,0,0,0,0,0,62,0,0,12,0,50,10,10,0,0,10,0,0,0,0,86,0,12,16,20,36,0,0,1,1,0,0,0,0,0,0,14,0,0,4,0,10,1,1,0,0,5,0,0,0,0,21,0,4,5,6,11,0,0,0,0,0,1,0,0,1,0,12,1,0,2,0,9,11,11,0,0,8,2,2,0,0,34,0,3,4,21,25
Robeson County Sheriff's Office,2006-04-01,North Carolina,92733,NC07800,breakdown offenses,adjustment,adjustment,adjustment,adjustment,adjustment,breakdown offenses,breakdown offenses,breakdown offenses,0,0,0,0,0,3,3,0,9,0,0,4,5,77,0,0,18,10,49,143,137,0,6,133,35,35,0,0,400,0,28,40,311,351,0,0,0,0,0,3,0,0,1,2,29,0,0,4,3,22,5,5,0,0,1,1,1,0,0,39,0,7,10,7,17,0,0,0,0,0,0,0,0,0,0,5,0,0,0,0,5,1,1,0,0,1,0,0,0,0,7,0,0,0,2,2,0,0,0,0,0,1,0,0,1,0,19,0,0,2,0,17,5,5,0,0,16,1,1,0,0,42,0,2,3,22,25
Robeson County Sheriff's Office,2006-03-01,North Carolina,92733,NC07800,breakdown offenses,adjustment,adjustment,adjustment,adjustment,adjustment,breakdown offenses,breakdown offenses,breakdown offenses,0,0,0,2,0,2,2,0,11,0,0,8,3,81,0,0,14,4,63,171,167,0,4,121,38,38,0,0,426,0,18,33,330,363,0,0,0,0,0,1,0,0,0,1,45,0,0,4,2,39,25,25,0,0,7,4,4,0,0,82,0,6,7,36,43,0,0,0,0,0,0,0,0,0,0,7,0,0,0,0,7,5,5,0,0,4,0,0,0,0,16,0,0,0,9,9,0,0,0,0,0,1,0,0,1,0,21,0,0,5,1,15,6,5,0,1,10,3,3,0,0,41,0,6,7,19,26
Robeson County Sheriff's Office,2006-02-01,North Carolina,92733,NC07800,breakdown offenses,adjustment,adjustment,adjustment,adjustment,adjustment,breakdown offenses,breakdown offenses,breakdown offenses,0,0,0,3,0,2,2,0,6,0,0,3,3,79,3,0,18,10,48,149,146,0,3,86,26,26,0,0,351,0,31,42,261,303,4,0,0,0,0,1,0,0,1,0,33,0,0,5,0,28,15,15,0,0,7,5,5,0,0,65,0,5,10,27,37,0,0,0,0,0,0,0,0,0,0,12,0,0,2,0,10,1,1,0,0,2,0,0,0,0,15,0,2,2,3,5,0,0,0,0,0,0,0,0,0,0,7,0,0,0,0,7,10,10,0,0,10,2,2,0,0,29,0,0,0,22,22
Robeson County Sheriff's Office,2006-01-01,North Carolina,92733,NC07800,breakdown offenses,adjustment,adjustment,adjustment,adjustment,adjustment,breakdown offenses,breakdown offenses,breakdown offenses,0,0,0,8,0,3,2,1,11,0,0,4,7,86,0,0,21,15,50,167,165,0,2,101,24,24,0,0,400,0,36,58,292,350,2,0,1,1,0,2,0,0,0,2,42,0,0,11,5,26,15,14,0,1,9,3,3,0,0,74,0,16,21,27,48,0,0,0,0,0,1,0,0,0,1,11,0,0,5,0,6,5,4,0,1,1,0,0,0,0,18,0,5,6,6,12,0,0,0,0,0,1,0,0,0,1,6,0,0,2,0,4,10,8,0,2,11,10,10,0,0,38,0,2,3,31,34
Robeson County Sheriff's Office,2005-12-01,North Carolina,91670,NC07800,breakdown offenses,adjustment,adjustment,adjustment,adjustment,adjustment,breakdown offenses,breakdown offenses,breakdown offenses,0,0,0,0,0,1,1,0,12,0,0,8,4,73,1,0,34,6,32,165,160,0,5,101,22,22,0,0,374,0,41,54,288,342,0,0,0,0,0,1,0,0,1,0,40,0,0,9,0,31,7,7,0,0,4,2,2,0,0,54,0,9,10,13,23,0,0,0,0,0,0,0,0,0,0,9,0,0,0,0,9,0,0,0,0,0,0,0,0,0,9,0,0,0,0,0,0,0,0,0,0,0,0,0,0,0,5,0,0,0,0,5,5,5,0,0,5,0,0,0,0,15,0,0,0,10,10
Robeson County Sheriff's Office,2005-11-01,North Carolina,91670,NC07800,breakdown offenses,adjustment,adjustment,adjustment,adjustment,adjustment,breakdown offenses,breakdown offenses,breakdown offenses,0,0,0,1,0,1,1,0,8,0,0,5,3,66,0,0,3,12,51,190,183,0,7,115,39,39,0,0,420,0,15,25,344,369,3,0,1,1,0,1,0,0,1,0,39,0,0,1,2,36,16,15,0,1,5,7,7,0,0,72,0,3,8,28,36,0,0,0,0,0,0,0,0,0,0,11,0,0,0,0,11,0,0,0,0,2,1,1,0,0,14,0,0,0,3,3,0,0,0,0,0,0,0,0,0,0,13,0,0,5,1,7,5,4,0,1,8,1,1,0,0,27,0,6,6,14,20
Robeson County Sheriff's Office,2005-10-01,North Carolina,91670,NC07800,breakdown offenses,adjustment,adjustment,adjustment,adjustment,adjustment,breakdown offenses,breakdown offenses,breakdown offenses,0,0,0,4,0,0,0,0,8,0,0,2,6,81,0,0,19,13,49,207,201,0,6,112,59,59,0,0,471,0,32,44,378,422,2,0,0,0,0,3,0,0,2,1,30,0,0,8,3,19,10,9,0,1,13,4,4,0,0,62,0,11,16,27,43,0,0,0,0,0,0,0,0,0,0,7,0,0,0,0,7,0,0,0,0,3,0,0,0,0,10,0,0,0,3,3,0,0,0,0,0,1,0,0,1,0,18,0,0,1,1,16,7,7,0,0,4,3,3,0,0,33,0,2,3,14,17
Robeson County Sheriff's Office,2005-09-01,North Carolina,91670,NC07800,breakdown offenses,adjustment,adjustment,adjustment,adjustment,adjustment,breakdown offenses,breakdown offenses,breakdown offenses,0,0,0,0,0,2,2,0,11,0,0,5,6,99,0,0,38,12,49,185,180,0,5,118,27,27,0,0,442,0,50,63,330,393,0,0,0,0,0,2,0,0,1,1,41,0,0,12,0,29,17,17,0,0,8,1,1,0,0,69,0,12,14,26,40,0,0,0,0,0,0,0,0,0,0,14,0,0,3,0,11,5,5,0,0,0,1,1,0,0,20,0,3,3,6,9,0,0,0,0,0,0,0,0,0,0,17,0,0,2,4,11,11,10,0,1,9,2,2,0,0,39,0,6,6,22,28
Robeson County Sheriff's Office,2005-08-01,North Carolina,91670,NC07800,breakdown offenses,adjustment,adjustment,adjustment,adjustment,adjustment,breakdown offenses,breakdown offenses,breakdown offenses,0,0,0,2,0,3,3,0,8,0,0,2,6,80,0,1,33,3,43,172,171,0,1,125,24,24,0,0,414,0,37,50,321,371,1,0,3,3,0,0,0,0,0,0,23,0,1,3,0,19,13,13,0,0,8,8,8,0,0,56,0,4,8,29,37,0,0,0,0,0,0,0,0,0,0,8,0,1,0,0,7,5,5,0,0,2,1,1,0,0,16,0,1,1,8,9,0,0,0,0,0,0,0,0,0,0,16,0,0,0,1,15,11,11,0,0,10,2,2,0,0,39,0,1,1,23,24
Robeson County Sheriff's Office,2005-07-01,North Carolina,91670,NC07800,breakdown offenses,adjustment,adjustment,adjustment,adjustment,adjustment,breakdown offenses,breakdown offenses,breakdown offenses,0,0,0,1,0,6,6,0,9,1,1,0,7,74,0,0,19,6,49,129,128,0,1,122,38,38,0,0,379,0,25,41,289,330,0,0,1,1,0,1,0,0,0,1,20,0,0,2,2,16,14,14,0,0,11,3,3,0,0,50,0,4,6,28,34,0,0,0,0,0,0,0,0,0,0,3,0,0,0,0,3,0,0,0,0,1,0,0,0,0,4,0,0,0,1,1,0,0,1,1,0,0,0,0,0,0,24,0,0,2,2,20,8,7,0,1,22,4,4,0,0,59,0,4,5,34,39
Robeson County Sheriff's Office,2005-06-01,North Carolina,91670,NC07800,breakdown offenses,adjustment,adjustment,adjustment,adjustment,adjustment,breakdown offenses,breakdown offenses,breakdown offenses,0,0,0,2,0,2,2,0,12,1,0,6,5,74,0,1,16,12,45,183,178,0,5,115,38,38,0,0,426,0,29,45,336,381,1,0,0,0,0,2,1,0,0,1,43,0,1,5,8,29,20,20,0,0,16,10,10,0,0,92,0,14,17,46,63,0,0,0,0,0,1,0,0,0,1,10,0,0,1,2,7,1,1,0,0,1,2,2,0,0,15,0,3,4,4,8,0,0,0,0,0,0,0,0,0,0,17,0,0,1,0,16,14,13,0,1,26,4,4,0,0,61,0,1,1,44,45
Robeson County Sheriff's Office,2005-05-01,North Carolina,91670,NC07800,breakdown offenses,adjustment,adjustment,adjustment,adjustment,adjustment,breakdown offenses,breakdown offenses,breakdown offenses,0,0,0,3,1,2,2,0,7,0,0,1,6,62,0,1,19,9,33,184,178,0,6,109,31,31,0,0,399,0,29,41,324,365,0,0,2,2,0,0,0,0,0,0,31,0,1,4,5,21,13,12,0,1,8,6,6,0,0,60,0,10,12,27,39,0,0,0,0,0,0,0,0,0,0,7,0,0,1,0,6,0,0,0,0,1,0,0,0,0,8,0,1,1,1,2,0,0,0,0,0,0,0,0,0,0,25,0,0,0,0,25,7,7,0,0,22,8,8,0,0,62,0,0,0,37,37
Robeson County Sheriff's Office,2005-04-01,North Carolina,91670,NC07800,breakdown offenses,adjustment,adjustment,adjustment,adjustment,adjustment,breakdown offenses,breakdown offenses,breakdown offenses,0,0,0,1,0,1,1,0,5,0,0,4,1,74,0,0,31,6,37,155,148,0,7,83,33,33,0,0,352,0,37,44,271,315,1,0,2,2,0,0,0,0,0,0,31,0,0,6,3,22,6,6,0,0,8,1,1,0,0,49,0,9,12,15,27,1,0,0,0,0,0,0,0,0,0,12,0,0,3,0,9,0,0,0,0,1,0,0,0,0,14,0,3,4,1,5,0,0,0,0,0,1,0,0,0,1,25,0,0,7,0,18,27,26,0,1,25,6,6,0,0,84,0,7,8,58,66
Robeson County Sheriff's Office,2005-03-01,North Carolina,91670,NC07800,breakdown offenses,adjustment,adjustment,adjustment,adjustment,adjustment,breakdown offenses,breakdown offenses,breakdown offenses,0,0,0,1,0,4,4,0,16,0,0,7,9,61,0,0,12,17,32,150,148,0,2,88,26,26,0,0,346,0,29,50,264,314,1,0,1,1,0,0,0,0,0,0,20,0,0,3,1,16,7,7,0,0,5,2,2,0,0,36,0,4,6,14,20,0,0,0,0,0,0,0,0,0,0,1,0,0,0,0,1,1,1,0,0,3,1,1,0,0,6,0,0,0,5,5,0,0,0,0,0,0,0,0,0,0,25,0,0,1,4,20,21,21,0,0,14,8,8,0,0,68,0,5,5,43,48
Robeson County Sheriff's Office,2005-02-01,North Carolina,91670,NC07800,breakdown offenses,adjustment,adjustment,adjustment,adjustment,adjustment,breakdown offenses,breakdown offenses,breakdown offenses,0,0,0,2,0,1,1,0,5,0,0,2,3,46,2,0,7,7,30,107,106,0,1,73,26,26,0,0,260,0,16,24,206,230,0,0,0,0,0,1,0,0,1,0,20,1,0,1,0,18,11,11,0,0,2,2,2,0,0,36,0,2,3,15,18,0,0,0,0,0,1,0,0,1,0,7,1,0,0,0,6,0,0,0,0,0,0,0,0,0,8,0,1,2,0,2,0,0,1,1,0,0,0,0,0,0,30,0,0,2,1,27,13,12,0,1,12,3,3,0,0,59,0,3,4,28,32
Robeson County Sheriff's Office,2005-01-01,North Carolina,91670,NC07800,breakdown offenses,adjustment,adjustment,adjustment,adjustment,adjustment,breakdown offenses,breakdown offenses,breakdown offenses,0,0,0,0,0,1,1,0,7,4,0,1,2,61,13,3,2,1,42,128,126,0,2,102,37,37,0,0,336,0,19,27,267,294,0,0,1,1,0,0,0,0,0,0,26,4,2,0,0,20,15,15,0,0,9,1,1,0,0,52,0,6,7,25,32,0,0,0,0,0,0,0,0,0,0,8,0,2,0,0,6,1,1,0,0,1,1,1,0,0,11,0,2,2,3,5,0,0,0,0,0,3,2,0,1,0,12,1,2,1,1,7,24,23,0,1,26,7,7,0,0,72,0,5,8,57,65
Robeson County Sheriff's Office,2004-12-01,North Carolina,91204,NC07800,breakdown offenses,adjustment,adjustment,adjustment,adjustment,adjustment,breakdown offenses,breakdown offenses,breakdown offenses,0,0,0,0,0,1,1,0,5,2,0,0,3,54,21,2,2,13,16,145,145,0,0,92,33,33,0,0,330,0,38,44,270,314,0,0,0,0,0,4,1,0,0,3,27,7,4,1,3,12,16,16,0,0,14,8,8,0,0,69,0,15,19,38,57,0,0,0,0,0,0,0,0,0,0,9,0,2,0,0,7,1,1,0,0,3,0,0,0,0,13,0,2,2,4,6,0,0,0,0,0,1,1,0,0,0,5,0,0,0,0,5,17,14,0,3,24,2,2,0,0,49,0,0,1,43,44
Robeson County Sheriff's Office,2004-11-01,North Carolina,91204,NC07800,breakdown offenses,adjustment,adjustment,adjustment,adjustment,adjustment,breakdown offenses,breakdown offenses,breakdown offenses,0,0,0,1,0,1,1,0,9,3,1,1,4,73,25,6,2,4,36,173,167,0,6,101,18,18,0,0,376,0,37,48,292,340,0,0,0,0,0,0,0,0,0,0,25,0,3,3,2,17,5,5,0,0,6,2,2,0,0,38,0,8,8,13,21,0,0,0,0,0,0,0,0,0,0,14,0,2,0,1,11,1,1,0,0,2,0,0,0,0,17,0,3,3,3,6,0,0,0,0,0,4,1,1,1,1,21,2,0,0,0,19,28,28,0,0,30,7,7,0,0,90,0,2,6,65,71
Robeson County Sheriff's Office,2004-10-01,North Carolina,91204,NC07800,breakdown offenses,adjustment,adjustment,adjustment,adjustment,adjustment,breakdown offenses,breakdown offenses,breakdown offenses,0,0,0,3,0,1,1,0,10,6,2,0,2,67,20,4,0,10,33,198,195,0,3,118,22,22,0,0,419,0,34,48,338,386,4,0,1,1,0,2,0,2,0,0,18,4,1,0,2,11,19,19,0,0,6,5,5,0,0,55,0,7,14,30,44,0,0,0,0,0,0,0,0,0,0,8,0,0,0,2,6,1,1,0,0,0,0,0,0,0,9,0,2,2,1,3,0,0,0,0,0,0,0,0,0,0,10,0,0,0,0,10,23,23,0,0,22,4,4,0,0,59,0,0,0,49,49
Robeson County Sheriff's Office,2004-09-01,North Carolina,91204,NC07800,breakdown offenses,adjustment,adjustment,adjustment,adjustment,adjustment,breakdown offenses,breakdown offenses,breakdown offenses,0,0,0,1,0,2,2,0,12,8,2,1,1,48,11,2,1,6,28,179,178,0,1,112,27,27,0,0,381,0,20,35,318,353,1,0,1,1,0,0,0,0,0,0,14,3,1,0,0,10,13,13,0,0,13,6,6,0,0,48,0,4,6,32,38,0,0,0,0,0,0,0,0,0,0,3,0,0,0,0,3,0,0,0,0,2,0,0,0,0,5,0,0,0,2,2,0,0,0,0,0,0,0,0,0,0,11,0,1,0,0,10,22,22,0,0,26,3,3,0,0,62,0,1,1,51,52
Robeson County Sheriff's Office,2004-08-01,North Carolina,91204,NC07800,breakdown offenses,adjustment,adjustment,adjustment,adjustment,adjustment,breakdown offenses,breakdown offenses,breakdown offenses,0,0,1,1,0,4,3,1,12,4,1,1,6,47,11,3,1,5,27,137,135,1,1,78,30,30,0,0,309,0,20,37,245,282,2,0,1,1,0,7,5,2,0,0,26,4,1,3,3,15,24,24,0,0,9,3,3,0,0,72,0,11,21,36,57,0,0,0,0,0,0,0,0,0,0,5,2,0,0,0,3,3,3,0,0,0,0,0,0,0,8,0,2,2,3,5,0,0,0,0,0,0,0,0,0,0,12,3,1,0,0,8,7,7,0,0,11,3,2,0,1,33,0,4,4,21,25
Robeson County Sheriff's Office,2004-07-01,North Carolina,91204,NC07800,breakdown offenses,adjustment,adjustment,adjustment,adjustment,adjustment,breakdown offenses,breakdown offenses,breakdown offenses,0,0,0,2,0,7,4,3,12,6,0,1,5,41,16,1,3,8,13,151,148,0,3,84,36,35,0,1,333,0,28,49,271,320,0,0,1,0,1,3,0,0,2,1,19,2,1,1,1,14,6,6,0,0,7,4,4,0,0,40,0,5,9,17,26,0,0,0,0,0,0,0,0,0,0,1,0,0,0,0,1,1,1,0,0,0,0,0,0,0,2,0,0,0,1,1,0,0,1,1,0,0,0,0,0,0,9,0,0,0,0,9,3,3,0,0,3,4,4,0,0,20,0,0,1,10,11
Robeson County Sheriff's Office,2004-06-01,North Carolina,91204,NC07800,breakdown offenses,adjustment,adjustment,adjustment,adjustment,adjustment,breakdown offenses,breakdown offenses,breakdown offenses,0,0,0,0,0,1,1,0,7,4,1,1,1,53,19,10,2,2,20,148,144,1,3,84,32,30,0,2,325,0,33,41,264,305,0,0,1,1,0,1,0,0,0,1,15,5,0,0,0,10,13,12,0,1,9,4,4,0,0,43,0,5,7,26,33,0,0,0,0,0,0,0,0,0,0,5,0,0,0,0,5,2,2,0,0,0,1,1,0,0,8,0,0,0,3,3,0,0,2,2,0,1,0,1,0,0,15,4,0,0,0,11,4,4,0,0,4,1,1,0,0,27,0,4,7,9,16
Robeson County Sheriff's Office,2004-05-01,North Carolina,91204,NC07800,breakdown offenses,adjustment,adjustment,adjustment,adjustment,adjustment,breakdown offenses,breakdown offenses,breakdown offenses,0,0,0,1,0,4,4,0,15,9,0,0,6,53,12,2,2,10,27,159,156,0,3,138,29,28,0,1,399,0,26,46,326,372,0,0,2,2,0,4,4,0,0,0,26,3,2,0,2,19,12,10,0,2,14,3,3,0,0,61,0,7,13,29,42,0,0,0,0,0,0,0,0,0,0,5,0,0,0,0,5,2,2,0,0,1,0,0,0,0,8,0,0,0,3,3,0,0,1,0,1,0,0,0,0,0,9,0,0,0,0,9,5,5,0,0,10,5,5,0,0,30,0,0,1,20,21
Robeson County Sheriff's Office,2004-04-01,North Carolina,91204,NC07800,breakdown offenses,adjustment,adjustment,adjustment,adjustment,adjustment,breakdown offenses,breakdown offenses,breakdown offenses,0,0,0,1,0,4,4,0,9,6,2,0,1,47,14,4,1,1,27,133,130,0,3,90,29,29,0,0,313,0,20,34,252,286,1,0,2,1,1,1,0,0,0,1,19,0,2,1,0,16,22,21,0,1,10,3,3,0,0,58,0,3,7,35,42,0,0,0,0,0,0,0,0,0,0,11,0,0,0,0,11,1,0,0,1,0,0,0,0,0,12,0,0,0,1,1,0,0,0,0,0,0,0,0,0,0,12,0,0,0,0,12,10,10,0,0,3,3,3,0,0,28,0,0,0,16,16
Robeson County Sheriff's Office,2004-03-01,North Carolina,91204,NC07800,breakdown offenses,adjustment,adjustment,adjustment,adjustment,adjustment,breakdown offenses,breakdown offenses,breakdown offenses,0,0,0,0,0,4,3,1,9,7,0,0,2,54,17,7,1,0,29,121,120,0,1,106,28,27,0,1,322,0,25,38,255,293,0,0,0,0,0,2,1,0,0,1,14,0,3,0,0,11,6,6,0,0,8,2,2,0,0,32,0,3,5,16,21,0,0,0,0,0,0,0,0,0,0,7,0,0,0,0,7,1,1,0,0,1,0,0,0,0,9,0,0,0,2,2,0,0,1,1,0,1,0,0,0,1,14,1,0,0,1,12,7,7,0,0,3,5,5,0,0,31,0,2,4,15,19
Robeson County Sheriff's Office,2004-02-01,North Carolina,91204,NC07800,breakdown offenses,adjustment,adjustment,adjustment,adjustment,adjustment,breakdown offenses,breakdown offenses,breakdown offenses,0,0,0,1,0,0,0,0,18,13,0,1,4,30,7,1,4,4,14,98,96,0,2,99,24,24,0,0,270,0,16,35,221,256,1,0,1,1,0,0,0,0,0,0,20,6,0,2,0,12,8,8,0,0,12,5,5,0,0,47,0,8,10,25,35,0,0,0,0,0,0,0,0,0,0,5,0,0,0,0,5,3,3,0,0,0,0,0,0,0,8,0,0,0,3,3,0,0,1,1,0,0,0,0,0,0,12,0,0,0,0,12,11,11,0,0,7,0,0,0,0,31,0,0,1,18,19
Robeson County Sheriff's Office,2004-01-01,North Carolina,91204,NC07800,breakdown offenses,adjustment,adjustment,adjustment,adjustment,adjustment,breakdown offenses,breakdown offenses,breakdown offenses,0,0,0,5,0,2,1,1,8,3,4,0,1,50,21,3,8,1,17,125,121,0,4,108,34,33,0,1,332,0,33,48,267,315,3,0,1,0,1,3,1,0,0,2,23,6,0,5,0,12,14,13,0,1,7,10,10,0,0,61,0,11,18,31,49,0,0,0,0,0,0,0,0,0,0,6,0,0,0,0,6,2,2,0,0,2,0,0,0,0,10,0,0,0,4,4,0,0,0,0,0,0,0,0,0,0,11,0,0,0,0,11,7,7,0,0,16,2,2,0,0,36,0,0,0,25,25
Robeson County Sheriff's Office,2003-12-01,North Carolina,,NC07800,,,,,,,,,,,,,,,,,,,,,,,,,,,,,,,,,,,,,,,,,,,,,,,,,,,,,,,,,,,,,,,,,,,,,,,,,,,,,,,,,,,,,,,,,,,,,,,,,,,,,,,,,,,,,,,,,,,,,,,,,,,,,,,,,,,,,,,,
Robeson County Sheriff's Office,2003-11-01,North Carolina,,NC07800,,,,,,,,,,,,,,,,,,,,,,,,,,,,,,,,,,,,,,,,,,,,,,,,,,,,,,,,,,,,,,,,,,,,,,,,,,,,,,,,,,,,,,,,,,,,,,,,,,,,,,,,,,,,,,,,,,,,,,,,,,,,,,,,,,,,,,,,
Robeson County Sheriff's Office,2003-10-01,North Carolina,,NC07800,,,,,,,,,,,,,,,,,,,,,,,,,,,,,,,,,,,,,,,,,,,,,,,,,,,,,,,,,,,,,,,,,,,,,,,,,,,,,,,,,,,,,,,,,,,,,,,,,,,,,,,,,,,,,,,,,,,,,,,,,,,,,,,,,,,,,,,,
Robeson County Sheriff's Office,2003-09-01,North Carolina,,NC07800,,,,,,,,,,,,,,,,,,,,,,,,,,,,,,,,,,,,,,,,,,,,,,,,,,,,,,,,,,,,,,,,,,,,,,,,,,,,,,,,,,,,,,,,,,,,,,,,,,,,,,,,,,,,,,,,,,,,,,,,,,,,,,,,,,,,,,,,
Robeson County Sheriff's Office,2003-08-01,North Carolina,,NC07800,,,,,,,,,,,,,,,,,,,,,,,,,,,,,,,,,,,,,,,,,,,,,,,,,,,,,,,,,,,,,,,,,,,,,,,,,,,,,,,,,,,,,,,,,,,,,,,,,,,,,,,,,,,,,,,,,,,,,,,,,,,,,,,,,,,,,,,,
Robeson County Sheriff's Office,2003-07-01,North Carolina,,NC07800,,,,,,,,,,,,,,,,,,,,,,,,,,,,,,,,,,,,,,,,,,,,,,,,,,,,,,,,,,,,,,,,,,,,,,,,,,,,,,,,,,,,,,,,,,,,,,,,,,,,,,,,,,,,,,,,,,,,,,,,,,,,,,,,,,,,,,,,
Robeson County Sheriff's Office,2003-06-01,North Carolina,,NC07800,,,,,,,,,,,,,,,,,,,,,,,,,,,,,,,,,,,,,,,,,,,,,,,,,,,,,,,,,,,,,,,,,,,,,,,,,,,,,,,,,,,,,,,,,,,,,,,,,,,,,,,,,,,,,,,,,,,,,,,,,,,,,,,,,,,,,,,,
Robeson County Sheriff's Office,2003-05-01,North Carolina,,NC07800,,,,,,,,,,,,,,,,,,,,,,,,,,,,,,,,,,,,,,,,,,,,,,,,,,,,,,,,,,,,,,,,,,,,,,,,,,,,,,,,,,,,,,,,,,,,,,,,,,,,,,,,,,,,,,,,,,,,,,,,,,,,,,,,,,,,,,,,
Robeson County Sheriff's Office,2003-04-01,North Carolina,,NC07800,,,,,,,,,,,,,,,,,,,,,,,,,,,,,,,,,,,,,,,,,,,,,,,,,,,,,,,,,,,,,,,,,,,,,,,,,,,,,,,,,,,,,,,,,,,,,,,,,,,,,,,,,,,,,,,,,,,,,,,,,,,,,,,,,,,,,,,,
Robeson County Sheriff's Office,2003-03-01,North Carolina,,NC07800,,,,,,,,,,,,,,,,,,,,,,,,,,,,,,,,,,,,,,,,,,,,,,,,,,,,,,,,,,,,,,,,,,,,,,,,,,,,,,,,,,,,,,,,,,,,,,,,,,,,,,,,,,,,,,,,,,,,,,,,,,,,,,,,,,,,,,,,
Robeson County Sheriff's Office,2003-02-01,North Carolina,,NC07800,,,,,,,,,,,,,,,,,,,,,,,,,,,,,,,,,,,,,,,,,,,,,,,,,,,,,,,,,,,,,,,,,,,,,,,,,,,,,,,,,,,,,,,,,,,,,,,,,,,,,,,,,,,,,,,,,,,,,,,,,,,,,,,,,,,,,,,,
Robeson County Sheriff's Office,2003-01-01,North Carolina,,NC07800,,,,,,,,,,,,,,,,,,,,,,,,,,,,,,,,,,,,,,,,,,,,,,,,,,,,,,,,,,,,,,,,,,,,,,,,,,,,,,,,,,,,,,,,,,,,,,,,,,,,,,,,,,,,,,,,,,,,,,,,,,,,,,,,,,,,,,,,
Robeson County Sheriff's Office,2002-12-01,North Carolina,90942,NC07800,breakdown offenses,adjustment,adjustment,adjustment,adjustment,adjustment,breakdown offenses,breakdown offenses,breakdown offenses,0,0,0,2,0,1,1,0,8,4,2,0,2,17,9,0,8,0,0,66,65,1,0,33,27,12,7,8,154,0,17,28,126,154,0,0,1,1,0,1,0,1,0,0,3,2,0,1,0,0,11,11,0,0,2,2,2,0,0,20,0,3,5,15,20,0,0,0,0,0,0,0,0,0,0,0,0,0,0,0,0,0,0,0,0,0,0,0,0,0,0,0,0,0,0,0,0,0,0,0,0,0,0,0,0,0,1,0,1,0,0,0,0,0,0,0,0,1,1,0,0,2,0,1,1,1,2
Robeson County Sheriff's Office,2002-11-01,North Carolina,90942,NC07800,breakdown offenses,adjustment,adjustment,adjustment,adjustment,adjustment,breakdown offenses,breakdown offenses,breakdown offenses,0,0,0,1,0,2,2,0,9,5,2,1,1,13,13,0,0,0,0,78,77,1,0,23,12,9,3,0,138,0,13,25,113,138,0,0,0,0,0,2,1,0,1,0,2,1,0,1,0,0,10,9,1,0,4,3,2,1,0,21,0,2,4,17,21,0,0,0,0,0,0,0,0,0,0,0,0,0,0,0,0,1,1,0,0,0,0,0,0,0,1,0,0,0,1,1,0,0,0,0,0,0,0,0,0,0,0,0,0,0,0,0,3,3,0,0,3,0,0,0,0,6,0,0,0,6,6
Robeson County Sheriff's Office,2002-10-01,North Carolina,90942,NC07800,breakdown offenses,adjustment,adjustment,adjustment,adjustment,adjustment,breakdown offenses,breakdown offenses,breakdown offenses,0,0,0,0,0,1,0,1,7,2,3,0,2,25,10,1,1,4,9,90,85,4,1,38,33,23,5,5,194,0,16,24,161,185,0,0,1,0,1,2,0,2,0,0,10,4,1,0,3,2,26,26,0,0,8,5,5,0,0,52,0,8,11,39,50,0,0,0,0,0,0,0,0,0,0,0,0,0,0,0,0,4,4,0,0,1,2,2,0,0,7,0,0,0,7,7,0,0,0,0,0,0,0,0,0,0,0,0,0,0,0,0,1,1,0,0,2,4,2,1,1,7,0,0,0,7,7
Robeson County Sheriff's Office,2002-09-01,North Carolina,90942,NC07800,breakdown offenses,adjustment,adjustment,adjustment,adjustment,adjustment,breakdown offenses,breakdown offenses,breakdown offenses,0,0,0,2,0,0,0,0,8,6,0,0,2,39,21,6,5,1,6,88,87,1,0,55,32,19,9,4,224,0,33,43,175,218,0,0,0,0,0,2,1,0,0,1,13,6,3,3,0,1,15,15,0,0,8,7,6,0,1,45,0,12,14,30,44,0,0,0,0,0,0,0,0,0,0,0,0,0,0,0,0,0,0,0,0,0,0,0,0,0,0,0,0,0,0,0,0,0,0,0,0,1,1,0,0,0,0,0,0,0,0,0,8,7,1,0,3,2,1,1,0,14,0,0,1,13,14
Robeson County Sheriff's Office,2002-08-01,North Carolina,90942,NC07800,breakdown offenses,adjustment,adjustment,adjustment,adjustment,adjustment,breakdown offenses,breakdown offenses,breakdown offenses,0,0,0,1,0,1,1,0,11,9,1,0,1,39,30,3,3,1,2,109,105,1,3,71,35,16,11,8,267,0,37,50,215,265,2,0,0,0,0,5,3,0,1,1,10,6,2,1,0,1,15,13,1,1,11,8,4,3,1,51,0,9,16,34,50,0,0,0,0,0,0,0,0,0,0,1,1,0,0,0,0,0,0,0,0,2,1,0,0,1,4,0,1,1,3,4,0,0,1,1,0,0,0,0,0,0,1,1,0,0,0,0,4,4,0,0,6,3,2,1,0,15,0,1,2,13,15
Robeson County Sheriff's Office,2002-07-01,North Carolina,90942,NC07800,breakdown offenses,adjustment,adjustment,adjustment,adjustment,adjustment,breakdown offenses,breakdown offenses,breakdown offenses,0,0,0,5,0,1,1,0,14,10,1,0,3,23,15,1,0,3,4,108,102,5,1,62,19,15,3,1,232,0,19,39,189,228,5,0,1,1,0,4,2,2,0,0,13,10,1,0,1,1,23,21,1,1,5,6,4,2,0,57,0,12,22,34,56,1,0,0,0,0,0,0,0,0,0,0,0,0,0,0,0,0,0,0,0,0,0,0,0,0,1,0,0,1,0,1,0,0,0,0,0,4,2,0,0,2,1,1,0,0,0,0,1,1,0,0,5,2,2,0,0,13,0,1,5,8,13
Robeson County Sheriff's Office,2002-06-01,North Carolina,90942,NC07800,breakdown offenses,adjustment,adjustment,adjustment,adjustment,adjustment,breakdown offenses,breakdown offenses,breakdown offenses,0,0,0,0,0,2,2,0,10,5,2,2,1,55,40,3,5,4,3,94,92,2,0,60,33,20,7,6,254,0,52,64,187,251,1,0,1,1,0,3,1,1,1,0,16,14,1,0,0,1,20,19,1,0,6,4,3,0,1,51,0,15,20,30,50,0,0,0,0,0,0,0,0,0,0,0,0,0,0,0,0,0,0,0,0,0,1,1,0,0,1,0,0,0,1,1,0,0,0,0,0,0,0,0,0,0,0,0,0,0,0,0,1,1,0,0,5,1,0,1,0,7,0,0,0,7,7
Robeson County Sheriff's Office,2002-05-01,North Carolina,90942,NC07800,breakdown offenses,adjustment,adjustment,adjustment,adjustment,adjustment,breakdown offenses,breakdown offenses,breakdown offenses,0,0,0,2,0,0,0,0,7,5,1,1,0,37,32,0,1,2,2,114,113,1,0,64,29,15,10,4,253,0,35,44,207,251,1,0,0,0,0,4,1,2,0,1,6,5,1,0,0,0,20,19,0,1,6,6,3,2,1,43,0,6,11,32,43,0,0,0,0,0,0,0,0,0,0,2,2,0,0,0,0,2,2,0,0,1,1,1,0,0,6,0,2,2,4,6,0,0,0,0,0,0,0,0,0,0,0,0,0,0,0,0,7,7,0,0,4,2,1,1,0,13,0,0,0,13,13
Robeson County Sheriff's Office,2002-04-01,North Carolina,90942,NC07800,breakdown offenses,adjustment,adjustment,adjustment,adjustment,adjustment,breakdown offenses,breakdown offenses,breakdown offenses,0,0,1,3,0,0,0,0,6,1,2,0,3,36,22,4,4,2,4,94,90,3,1,72,33,24,6,3,244,0,32,41,199,240,1,0,0,0,0,0,0,0,0,0,12,7,0,3,1,1,11,10,0,1,13,6,5,0,1,43,0,11,12,30,42,0,0,0,0,0,0,0,0,0,0,0,0,0,0,0,0,0,0,0,0,0,1,1,0,0,1,0,0,0,1,1,0,0,0,0,0,2,2,0,0,0,4,3,0,1,0,0,5,4,1,0,4,1,1,0,0,16,0,4,6,10,16
Robeson County Sheriff's Office,2002-03-01,North Carolina,90942,NC07800,breakdown offenses,adjustment,adjustment,adjustment,adjustment,adjustment,breakdown offenses,breakdown offenses,breakdown offenses,0,0,0,8,0,0,0,0,5,2,1,0,2,30,16,2,2,7,3,123,118,1,4,82,29,21,6,2,277,0,27,40,234,274,0,0,0,0,0,0,0,0,0,0,8,3,0,1,3,1,16,16,0,0,4,6,6,0,0,34,0,7,7,26,33,0,0,0,0,0,0,0,0,0,0,0,0,0,0,0,0,0,0,0,0,0,0,0,0,0,0,0,0,0,0,0,0,0,0,0,0,0,0,0,0,0,0,0,0,0,0,0,4,4,0,0,1,3,1,2,0,8,0,0,0,8,8
Robeson County Sheriff's Office,2002-02-01,North Carolina,90942,NC07800,breakdown offenses,adjustment,adjustment,adjustment,adjustment,adjustment,breakdown offenses,breakdown offenses,breakdown offenses,0,0,0,1,0,0,0,0,1,1,0,0,0,24,15,1,2,1,5,123,122,1,0,63,28,21,5,2,240,0,19,21,214,235,0,0,0,0,0,1,1,0,0,0,7,5,1,1,0,0,12,12,0,0,4,8,7,0,1,32,0,7,8,24,32,0,0,0,0,0,0,0,0,0,0,0,0,0,0,0,0,0,0,0,0,0,0,0,0,0,0,0,0,0,0,0,0,0,0,0,0,0,0,0,0,0,1,1,0,0,0,0,1,1,0,0,2,6,3,1,2,10,0,1,1,9,10
Robeson County Sheriff's Office,2002-01-01,North Carolina,90942,NC07800,breakdown offenses,adjustment,adjustment,adjustment,adjustment,adjustment,breakdown offenses,breakdown offenses,breakdown offenses,0,0,0,0,0,1,1,0,9,8,0,0,1,20,15,1,2,0,2,100,98,1,1,56,40,26,6,8,226,0,18,28,196,224,3,0,0,0,0,2,1,0,0,1,7,3,3,0,0,1,13,13,0,0,11,6,5,0,1,42,0,6,11,30,41,0,0,0,0,0,0,0,0,0,0,0,0,0,0,0,0,0,0,0,0,1,0,0,0,0,1,0,0,0,1,1,0,0,0,0,0,0,0,0,0,0,1,0,0,0,0,1,5,5,0,0,3,5,3,1,1,14,0,0,0,13,13
Robeson County Sheriff's Office,2001-12-01,North Carolina,89480,NC07800,breakdown offenses,adjustment,adjustment,adjustment,adjustment,adjustment,breakdown offenses,breakdown offenses,breakdown offenses,0,0,1,4,0,1,1,0,8,2,3,0,3,34,17,7,4,0,6,101,101,0,0,59,30,18,4,8,237,0,28,41,190,231,1,0,0,0,0,3,1,2,0,0,10,2,3,1,0,4,15,15,0,0,8,6,5,1,0,43,0,6,10,29,39,0,0,0,0,0,0,0,0,0,0,0,0,0,0,0,0,2,2,0,0,0,1,0,1,0,3,0,0,0,3,3,0,0,0,0,0,0,0,0,0,0,2,2,0,0,0,0,7,7,0,0,4,2,2,0,0,15,0,2,2,13,15
Robeson County Sheriff's Office,2001-11-01,North Carolina,89480,NC07800,breakdown offenses,adjustment,adjustment,adjustment,adjustment,adjustment,breakdown offenses,breakdown offenses,breakdown offenses,0,0,0,0,0,0,0,0,2,1,0,0,1,28,15,6,0,1,6,126,126,0,0,83,24,12,6,6,263,0,22,24,233,257,0,0,0,0,0,0,0,0,0,0,16,5,5,2,1,3,16,16,0,0,9,5,3,0,2,46,0,13,13,30,43,0,0,0,0,0,0,0,0,0,0,0,0,0,0,0,0,0,0,0,0,0,1,1,0,0,1,0,0,0,1,1,0,0,0,0,0,0,0,0,0,0,0,0,0,0,0,0,11,11,0,0,11,4,2,1,1,26,0,0,0,26,26
Robeson County Sheriff's Office,2001-10-01,North Carolina,89480,NC07800,breakdown offenses,adjustment,adjustment,adjustment,adjustment,adjustment,breakdown offenses,breakdown offenses,breakdown offenses,0,0,0,2,0,0,0,0,10,5,2,2,1,32,18,2,2,1,9,143,138,2,3,82,43,26,10,7,312,0,23,35,268,303,2,0,0,0,0,3,2,1,0,0,6,3,0,0,1,2,14,14,0,0,11,4,3,0,1,40,0,4,9,29,38,0,0,0,0,0,0,0,0,0,0,0,0,0,0,0,0,0,0,0,0,1,0,0,0,0,1,0,0,0,1,1,0,0,0,0,0,0,0,0,0,0,2,1,0,0,1,0,4,4,0,0,2,1,1,0,0,9,0,2,2,7,9
Robeson County Sheriff's Office,2001-09-01,North Carolina,89480,NC07800,breakdown offenses,adjustment,adjustment,adjustment,adjustment,adjustment,breakdown offenses,breakdown offenses,breakdown offenses,0,0,0,2,0,6,6,0,5,1,3,1,0,30,23,0,0,1,6,157,148,3,6,77,34,24,6,4,311,0,24,37,268,305,0,0,1,1,0,1,0,1,0,0,4,3,0,0,1,0,18,17,0,1,2,4,2,2,0,30,0,4,6,24,30,0,0,0,0,0,0,0,0,0,0,0,0,0,0,0,0,0,0,0,0,0,0,0,0,0,0,0,0,0,0,0,0,0,0,0,0,1,1,0,0,0,1,0,0,1,0,0,7,7,0,0,2,3,2,1,0,14,0,1,2,12,14
Robeson County Sheriff's Office,2001-08-01,North Carolina,89480,NC07800,breakdown offenses,adjustment,adjustment,adjustment,adjustment,adjustment,breakdown offenses,breakdown offenses,breakdown offenses,0,0,3,3,0,4,4,0,8,5,1,0,2,38,17,3,5,3,10,145,141,1,3,128,41,32,4,5,367,0,28,43,314,357,10,0,1,1,0,1,0,0,0,1,16,9,2,3,1,1,14,12,0,2,12,7,5,0,2,61,0,15,27,33,60,0,0,0,0,0,0,0,0,0,0,0,0,0,0,0,0,2,2,0,0,0,1,1,0,0,3,0,0,0,3,3,0,0,0,0,0,1,1,0,0,0,0,0,0,0,0,0,8,5,2,1,5,6,5,0,1,20,0,0,1,19,20
Robeson County Sheriff's Office,2001-07-01,North Carolina,89480,NC07800,breakdown offenses,adjustment,adjustment,adjustment,adjustment,adjustment,breakdown offenses,breakdown offenses,breakdown offenses,0,0,0,2,0,1,1,0,5,2,0,3,0,29,11,1,2,4,11,172,153,4,15,134,49,34,7,8,392,0,18,26,355,381,0,0,0,0,0,0,0,0,0,0,12,6,1,0,0,5,14,14,0,0,8,5,2,0,3,39,0,7,7,27,34,0,0,0,0,0,0,0,0,0,0,0,0,0,0,0,0,1,1,0,0,0,0,0,0,0,1,0,0,0,1,1,0,0,0,0,0,0,0,0,0,0,1,1,0,0,0,0,12,12,0,0,5,2,2,0,0,20,0,1,1,19,20
Robeson County Sheriff's Office,2001-06-01,North Carolina,89480,NC07800,breakdown offenses,adjustment,adjustment,adjustment,adjustment,adjustment,breakdown offenses,breakdown offenses,breakdown offenses,0,0,0,2,0,3,2,1,5,3,1,0,1,32,8,3,3,3,15,137,115,2,20,134,31,21,3,7,344,0,17,27,302,329,1,0,2,2,0,4,1,1,1,1,6,3,0,2,1,0,15,12,0,3,9,9,4,3,2,46,0,6,13,33,46,0,0,0,0,0,1,0,1,0,0,0,0,0,0,0,0,0,0,0,0,1,0,0,0,0,2,0,0,1,1,2,0,0,0,0,0,0,0,0,0,0,0,0,0,0,0,0,11,8,0,3,4,5,3,1,1,20,0,0,0,20,20
Robeson County Sheriff's Office,2001-05-01,North Carolina,89480,NC07800,breakdown offenses,adjustment,adjustment,adjustment,adjustment,adjustment,breakdown offenses,breakdown offenses,breakdown offenses,0,0,1,1,0,3,3,0,4,2,0,0,2,59,33,1,8,2,15,143,139,0,4,136,38,18,12,8,384,0,44,52,317,369,0,0,0,0,0,3,2,0,0,1,14,10,1,0,0,3,18,18,0,0,6,10,4,4,2,51,0,11,14,34,48,0,0,0,0,0,0,0,0,0,0,1,1,0,0,0,0,1,1,0,0,0,1,0,0,1,3,0,1,1,2,3,0,0,0,0,0,2,1,1,0,0,2,1,1,0,0,0,10,9,0,1,7,4,2,1,1,25,0,2,4,21,25
Robeson County Sheriff's Office,2001-04-01,North Carolina,89480,NC07800,breakdown offenses,adjustment,adjustment,adjustment,adjustment,adjustment,breakdown offenses,breakdown offenses,breakdown offenses,0,0,1,1,0,1,0,1,9,5,1,1,2,46,20,3,2,1,20,136,126,4,6,139,37,26,5,6,369,0,26,37,312,349,0,0,1,0,1,0,0,0,0,0,6,2,0,1,1,2,27,27,0,0,8,7,2,4,1,49,0,4,5,42,47,0,0,0,0,0,0,0,0,0,0,0,0,0,0,0,0,1,1,0,0,1,0,0,0,0,2,0,0,0,2,2,0,0,0,0,0,0,0,0,0,0,5,4,0,0,0,1,8,8,0,0,7,5,4,1,0,25,0,4,4,20,24
Robeson County Sheriff's Office,2001-03-01,North Carolina,89480,NC07800,breakdown offenses,adjustment,adjustment,adjustment,adjustment,adjustment,breakdown offenses,breakdown offenses,breakdown offenses,0,0,0,5,0,1,1,0,8,7,0,0,1,46,17,3,3,2,21,159,150,0,9,109,47,34,7,6,375,0,25,39,315,354,1,0,1,1,0,2,2,0,0,0,21,12,3,1,2,3,13,12,0,1,10,2,2,0,0,50,0,18,22,25,47,0,0,0,0,0,0,0,0,0,0,5,4,0,0,0,1,1,1,0,0,0,0,0,0,0,6,0,4,4,1,5,0,0,0,0,0,0,0,0,0,0,0,0,0,0,0,0,9,8,0,1,3,3,2,0,1,15,0,0,0,15,15
Robeson County Sheriff's Office,2001-02-01,North Carolina,89480,NC07800,breakdown offenses,adjustment,adjustment,adjustment,adjustment,adjustment,breakdown offenses,breakdown offenses,breakdown offenses,0,0,0,1,0,2,2,0,6,2,1,1,2,41,13,7,3,2,16,122,117,1,4,115,37,29,8,0,324,0,25,34,274,308,1,0,0,0,0,0,0,0,0,0,8,4,0,0,0,4,16,16,0,0,8,7,6,1,0,40,0,4,5,31,36,0,0,0,0,0,0,0,0,0,0,0,0,0,0,0,0,1,1,0,0,0,3,3,0,0,4,0,0,0,4,4,0,0,1,1,0,1,1,0,0,0,0,0,0,0,0,0,6,6,0,0,6,4,4,0,0,18,0,0,2,16,18
Robeson County Sheriff's Office,2001-01-01,North Carolina,89480,NC07800,breakdown offenses,adjustment,adjustment,adjustment,adjustment,adjustment,breakdown offenses,breakdown offenses,breakdown offenses,0,0,0,0,0,3,3,0,6,6,0,0,0,23,6,4,1,0,12,173,169,0,4,133,51,35,14,2,389,0,11,20,357,377,2,0,2,2,0,2,1,0,0,1,6,1,2,1,0,2,20,19,0,1,10,13,10,3,0,55,0,4,10,43,53,0,0,0,0,0,0,0,0,0,0,0,0,0,0,0,0,1,1,0,0,1,0,0,0,0,2,0,0,0,2,2,0,0,0,0,0,0,0,0,0,0,0,0,0,0,0,0,3,3,0,0,8,6,3,3,0,17,0,0,0,17,17
Robeson County Sheriff's Office,2000-12-01,North Carolina,87981,NC07800,breakdown offenses,adjustment,adjustment,adjustment,adjustment,adjustment,breakdown offenses,breakdown offenses,breakdown offenses,0,0,0,1,0,1,1,0,9,4,1,1,3,35,14,3,4,1,13,159,152,3,4,117,49,33,8,8,371,0,22,33,325,358,0,0,0,0,0,6,2,1,0,3,7,4,0,0,2,1,22,21,0,1,11,7,4,3,0,53,0,6,12,40,52,0,0,0,0,0,0,0,0,0,0,1,1,0,0,0,0,2,1,0,1,1,0,0,0,0,4,0,1,1,3,4,0,0,0,0,0,1,0,1,0,0,0,0,0,0,0,0,5,4,0,1,9,4,4,0,0,19,0,0,1,18,19
Robeson County Sheriff's Office,2000-11-01,North Carolina,87981,NC07800,breakdown offenses,adjustment,adjustment,adjustment,adjustment,adjustment,breakdown offenses,breakdown offenses,breakdown offenses,0,0,2,2,0,0,0,0,10,2,0,1,7,36,6,3,1,4,22,159,152,3,4,109,42,23,14,5,358,0,14,26,310,336,2,0,3,3,0,3,1,0,0,2,14,3,1,1,1,8,15,15,0,0,15,7,4,2,1,59,0,6,14,37,51,0,0,0,0,0,0,0,0,0,0,0,0,0,0,0,0,1,1,0,0,3,1,0,1,0,5,0,0,0,5,5,0,0,0,0,0,0,0,0,0,0,1,0,0,0,0,1,6,5,1,0,8,2,1,0,1,17,0,0,0,16,16
Robeson County Sheriff's Office,2000-10-01,North Carolina,87981,NC07800,breakdown offenses,adjustment,adjustment,adjustment,adjustment,adjustment,breakdown offenses,breakdown offenses,breakdown offenses,0,0,0,2,0,3,3,0,12,6,1,1,4,34,5,5,7,1,16,157,152,1,4,167,25,13,7,5,400,0,18,35,349,384,0,0,0,0,0,1,1,0,0,0,3,1,2,0,0,0,17,17,0,0,12,2,1,0,1,35,0,3,4,31,35,0,0,0,0,0,1,1,0,0,0,0,0,0,0,0,0,2,2,0,0,3,0,0,0,0,6,0,0,1,5,6,0,0,1,1,0,0,0,0,0,0,3,0,0,0,0,3,8,8,0,0,11,8,7,1,0,31,0,0,1,27,28
Robeson County Sheriff's Office,2000-09-01,North Carolina,87981,NC07800,breakdown offenses,adjustment,adjustment,adjustment,adjustment,adjustment,breakdown offenses,breakdown offenses,breakdown offenses,0,0,0,1,0,2,2,0,8,6,0,1,1,41,10,5,0,2,24,161,153,3,5,135,35,19,7,9,383,0,17,28,331,359,0,0,0,0,0,6,6,0,0,0,8,1,3,1,1,2,19,19,0,0,14,3,2,0,1,50,0,6,12,36,48,0,0,0,0,0,0,0,0,0,0,0,0,0,0,0,0,2,2,0,0,0,0,0,0,0,2,0,0,0,2,2,0,0,0,0,0,1,1,0,0,0,0,0,0,0,0,0,6,4,1,1,8,4,3,1,0,19,0,0,1,18,19
Robeson County Sheriff's Office,2000-08-01,North Carolina,87981,NC07800,breakdown offenses,adjustment,adjustment,adjustment,adjustment,adjustment,breakdown offenses,breakdown offenses,breakdown offenses,0,0,0,4,0,3,2,1,9,8,0,0,1,50,13,3,5,2,27,135,128,3,4,145,44,27,11,6,390,0,23,39,324,363,2,0,1,1,0,2,2,0,0,0,18,8,2,2,0,6,8,8,0,0,12,8,4,3,1,51,0,12,17,28,45,0,0,0,0,0,0,0,0,0,0,3,0,0,2,0,1,0,0,0,0,2,0,0,0,0,5,0,2,2,2,4,0,0,0,0,0,0,0,0,0,0,2,0,1,1,0,0,6,6,0,0,6,6,5,0,1,20,0,2,2,18,20
Robeson County Sheriff's Office,2000-07-01,North Carolina,87981,NC07800,breakdown offenses,adjustment,adjustment,adjustment,adjustment,adjustment,breakdown offenses,breakdown offenses,breakdown offenses,0,0,0,1,0,1,1,0,5,3,0,0,2,38,6,7,9,3,13,175,168,1,6,140,51,34,13,4,411,0,25,32,366,398,0,0,0,0,0,0,0,0,0,0,10,3,3,1,0,3,22,13,1,8,8,13,7,2,4,53,0,7,7,43,50,0,0,0,0,0,0,0,0,0,0,1,1,0,0,0,0,3,2,0,1,2,0,0,0,0,6,0,1,1,5,6,0,0,0,0,0,0,0,0,0,0,1,0,0,0,0,1,13,13,0,0,7,4,3,1,0,25,0,0,0,24,24
Robeson County Sheriff's Office,2000-06-01,North Carolina,87981,NC07800,breakdown offenses,adjustment,adjustment,adjustment,adjustment,adjustment,breakdown offenses,breakdown offenses,breakdown offenses,0,0,0,0,0,4,2,2,4,1,1,0,2,40,12,6,6,4,12,174,107,5,62,110,69,49,8,12,401,0,28,36,353,389,1,0,3,2,1,1,0,1,0,0,8,2,2,0,1,3,18,15,0,3,9,9,6,1,2,49,0,5,10,36,46,0,0,0,0,0,0,0,0,0,0,0,0,0,0,0,0,0,0,0,0,0,1,0,0,1,1,0,0,0,1,1,0,0,0,0,0,1,1,0,0,0,1,0,0,0,0,1,12,7,1,4,6,3,2,1,0,23,0,0,1,21,22
Robeson County Sheriff's Office,2000-05-01,North Carolina,87981,NC07800,breakdown offenses,adjustment,adjustment,adjustment,adjustment,adjustment,breakdown offenses,breakdown offenses,breakdown offenses,0,0,1,4,0,2,2,0,9,5,1,1,2,39,17,3,3,2,14,152,138,2,12,141,48,31,9,8,395,0,25,40,341,381,4,0,2,2,0,2,1,0,0,1,9,8,1,0,0,0,14,12,0,2,3,8,6,1,1,42,0,9,17,25,42,0,0,0,0,0,0,0,0,0,0,0,0,0,0,0,0,0,0,0,0,0,0,0,0,0,0,0,0,0,0,0,0,0,0,0,0,1,1,0,0,0,0,0,0,0,0,0,9,7,1,1,9,2,1,1,0,21,0,0,1,20,21
Robeson County Sheriff's Office,2000-04-01,North Carolina,87981,NC07800,breakdown offenses,adjustment,adjustment,adjustment,adjustment,adjustment,breakdown offenses,breakdown offenses,breakdown offenses,0,0,2,2,0,4,3,1,4,3,1,0,0,37,11,1,5,3,17,120,118,2,0,121,35,27,6,2,323,0,20,30,276,306,1,0,2,2,0,1,0,1,0,0,4,0,0,2,0,2,10,10,0,0,9,5,5,0,0,32,0,2,6,24,30,0,0,0,0,0,0,0,0,0,0,0,0,0,0,0,0,0,0,0,0,0,0,0,0,0,0,0,0,0,0,0,0,0,0,0,0,0,0,0,0,0,0,0,0,0,0,0,10,10,0,0,6,4,3,0,1,20,0,0,0,20,20
Robeson County Sheriff's Office,2000-03-01,North Carolina,87981,NC07800,breakdown offenses,adjustment,adjustment,adjustment,adjustment,adjustment,breakdown offenses,breakdown offenses,breakdown offenses,0,0,2,1,0,1,0,1,8,6,0,1,1,45,14,8,5,1,17,160,151,4,5,140,49,28,13,8,404,0,28,38,349,387,0,0,1,0,1,0,0,0,0,0,7,3,2,0,0,2,14,13,1,0,5,7,4,3,0,34,0,5,6,26,32,0,0,0,0,0,0,0,0,0,0,0,0,0,0,0,0,0,0,0,0,1,0,0,0,0,1,0,0,0,1,1,0,0,0,0,0,0,0,0,0,0,1,1,0,0,0,0,16,15,0,1,2,5,4,1,0,24,0,1,1,23,24
Robeson County Sheriff's Office,2000-02-01,North Carolina,87981,NC07800,breakdown offenses,adjustment,adjustment,adjustment,adjustment,adjustment,breakdown offenses,breakdown offenses,breakdown offenses,0,0,0,3,0,4,4,0,3,2,0,1,0,18,7,1,1,0,9,135,128,0,7,90,44,33,9,2,297,0,9,19,269,288,2,0,0,0,0,1,0,0,1,0,7,0,1,4,0,2,10,9,0,1,7,4,3,1,0,31,0,5,8,21,29,0,0,0,0,0,0,0,0,0,0,1,0,1,0,0,0,0,0,0,0,1,1,1,0,0,3,0,1,1,2,3,0,0,0,0,0,0,0,0,0,0,0,0,0,0,0,0,5,5,0,0,6,3,3,0,0,14,0,0,0,14,14
Robeson County Sheriff's Office,2000-01-01,North Carolina,87981,NC07800,breakdown offenses,adjustment,adjustment,adjustment,adjustment,adjustment,breakdown offenses,breakdown offenses,breakdown offenses,0,0,0,1,0,5,3,2,11,5,1,1,4,33,14,4,4,2,9,182,165,7,10,110,44,36,4,4,386,0,24,41,336,377,0,0,2,1,1,2,0,0,0,2,7,1,0,0,1,5,10,8,2,0,5,4,3,1,0,30,0,2,6,19,25,0,0,0,0,0,1,0,0,0,1,0,0,0,0,0,0,1,1,0,0,1,0,0,0,0,3,0,0,1,2,3,0,0,1,0,1,0,0,0,0,0,0,0,0,0,0,0,5,5,0,0,1,5,5,0,0,12,0,0,1,11,12
Robeson County Sheriff's Office,1999-12-01,North Carolina,83218,NC07800,breakdown offenses,adjustment,adjustment,adjustment,adjustment,adjustment,breakdown offenses,breakdown offenses,breakdown offenses,0,0,0,2,0,3,3,0,10,6,3,0,1,28,12,2,5,8,1,221,219,0,2,74,47,26,8,13,385,0,27,42,342,384,0,0,0,0,0,6,3,2,0,1,28,6,2,5,8,7,118,118,0,0,36,23,13,4,6,211,0,21,27,177,204,0,0,0,0,0,0,0,0,0,0,6,0,0,0,0,6,4,4,0,0,1,0,0,0,0,11,0,0,0,5,5,0,0,0,0,0,0,0,0,0,0,0,0,0,0,0,0,0,0,0,0,0,0,0,0,0,0,0,0,0,0,0
Robeson County Sheriff's Office,1999-11-01,North Carolina,83218,NC07800,breakdown offenses,adjustment,adjustment,adjustment,adjustment,adjustment,breakdown offenses,breakdown offenses,breakdown offenses,0,0,0,3,0,2,1,1,4,2,2,0,0,36,9,6,4,17,0,201,198,0,3,93,43,28,8,7,382,0,36,45,337,382,3,0,0,0,0,2,0,2,0,0,40,3,3,2,17,15,95,95,0,0,48,20,14,3,3,208,0,25,30,163,193,0,0,0,0,0,0,0,0,0,0,15,0,0,0,0,15,5,5,0,0,3,0,0,0,0,23,0,0,0,8,8,0,0,0,0,0,0,0,0,0,0,0,0,0,0,0,0,0,0,0,0,0,0,0,0,0,0,0,0,0,0,0
Robeson County Sheriff's Office,1999-10-01,North Carolina,83218,NC07800,breakdown offenses,adjustment,adjustment,adjustment,adjustment,adjustment,breakdown offenses,breakdown offenses,breakdown offenses,0,0,0,0,0,1,1,0,10,6,2,0,2,28,5,5,9,5,4,199,196,0,3,81,41,24,10,7,360,0,24,35,321,356,0,0,0,0,0,6,2,2,0,2,24,2,2,3,2,15,81,81,0,0,45,20,12,5,3,176,0,9,15,146,161,0,0,0,0,0,0,0,0,0,0,13,0,0,0,0,13,0,0,0,0,5,0,0,0,0,18,0,0,0,5,5,0,0,0,0,0,0,0,0,0,0,0,0,0,0,0,0,0,0,0,0,0,0,0,0,0,0,0,0,0,0,0
Robeson County Sheriff's Office,1999-09-01,North Carolina,83218,NC07800,breakdown offenses,adjustment,adjustment,adjustment,adjustment,adjustment,breakdown offenses,breakdown offenses,breakdown offenses,0,0,0,3,0,0,0,0,11,6,0,1,4,35,10,0,0,15,10,112,112,0,0,70,40,21,5,14,271,0,25,39,222,261,3,0,0,0,0,8,3,0,1,4,31,5,0,0,11,15,52,52,0,0,43,22,13,2,7,159,0,16,27,117,144,1,0,0,0,0,0,0,0,0,0,12,0,0,0,2,10,3,3,0,0,5,0,0,0,0,21,0,2,3,8,11,0,0,0,0,0,0,0,0,0,0,0,0,0,0,0,0,0,0,0,0,0,0,0,0,0,0,0,0,0,0,0
Robeson County Sheriff's Office,1999-08-01,North Carolina,83218,NC07800,breakdown offenses,adjustment,adjustment,adjustment,adjustment,adjustment,breakdown offenses,breakdown offenses,breakdown offenses,0,0,0,0,0,6,5,1,7,7,0,0,0,36,8,6,6,16,0,163,163,0,0,94,52,34,8,10,358,0,36,49,309,358,0,0,3,3,0,1,1,0,0,0,29,8,2,2,4,13,94,94,0,0,48,22,15,2,5,197,0,16,20,164,184,0,0,0,0,0,0,0,0,0,0,13,0,0,0,0,13,4,4,0,0,1,0,0,0,0,18,0,0,0,5,5,0,0,0,0,0,0,0,0,0,0,0,0,0,0,0,0,0,0,0,0,0,0,0,0,0,0,0,0,0,0,0
Robeson County Sheriff's Office,1999-07-01,North Carolina,83218,NC07800,breakdown offenses,adjustment,adjustment,adjustment,adjustment,adjustment,breakdown offenses,breakdown offenses,breakdown offenses,0,0,0,2,0,4,4,0,8,6,0,0,2,50,11,6,0,12,21,150,150,0,0,107,40,19,14,7,361,0,29,43,297,340,2,0,3,3,0,4,2,0,0,2,30,7,2,0,6,15,70,70,0,0,52,20,12,6,2,181,0,15,24,142,166,0,0,0,0,0,0,0,0,0,0,2,0,0,0,0,2,0,0,0,0,1,0,0,0,0,3,0,0,0,1,1,0,0,0,0,0,0,0,0,0,0,0,0,0,0,0,0,0,0,0,0,0,0,0,0,0,0,0,0,0,0,0
Robeson County Sheriff's Office,1999-06-01,North Carolina,83218,NC07800,breakdown offenses,adjustment,adjustment,adjustment,adjustment,adjustment,breakdown offenses,breakdown offenses,breakdown offenses,0,0,0,2,0,0,0,0,4,4,0,0,0,13,3,3,1,6,0,99,99,0,0,80,21,12,5,4,219,0,13,19,200,219,2,0,0,0,0,2,2,0,0,0,9,1,1,1,6,0,45,45,0,0,43,8,6,2,0,109,0,9,13,96,109,0,0,0,0,0,1,1,0,0,0,2,0,0,0,2,0,3,3,0,0,0,0,0,0,0,6,0,2,3,3,6,0,0,0,0,0,0,0,0,0,0,0,0,0,0,0,0,0,0,0,0,0,0,0,0,0,0,0,0,0,0,0
Robeson County Sheriff's Office,1999-05-01,North Carolina,83218,NC07800,breakdown offenses,adjustment,adjustment,adjustment,adjustment,adjustment,breakdown offenses,breakdown offenses,breakdown offenses,0,0,0,5,0,0,0,0,7,4,2,1,0,20,9,2,7,0,2,98,86,7,5,76,29,10,7,12,235,0,18,30,203,233,3,0,0,0,0,3,1,1,1,0,12,5,2,3,0,2,42,42,0,0,35,8,5,3,0,103,0,10,16,85,101,0,0,0,0,0,0,0,0,0,0,0,0,0,0,0,0,5,5,0,0,0,0,0,0,0,5,0,0,0,5,5,0,0,0,0,0,0,0,0,0,0,0,0,0,0,0,0,0,0,0,0,0,0,0,0,0,0,0,0,0,0,0
Robeson County Sheriff's Office,1999-04-01,North Carolina,83218,NC07800,breakdown offenses,adjustment,adjustment,adjustment,adjustment,adjustment,breakdown offenses,breakdown offenses,breakdown offenses,0,0,0,5,0,0,0,0,6,5,1,0,0,15,7,5,0,0,3,94,94,0,0,62,9,6,0,3,191,0,12,23,165,188,5,0,0,0,0,3,3,0,0,0,8,3,2,0,0,3,50,50,0,0,40,5,3,0,2,111,0,5,13,95,108,0,0,0,0,0,0,0,0,0,0,0,0,0,0,0,0,13,13,0,0,1,0,0,0,0,14,0,0,0,14,14,0,0,0,0,0,0,0,0,0,0,0,0,0,0,0,0,0,0,0,0,0,0,0,0,0,0,0,0,0,0,0
Robeson County Sheriff's Office,1999-03-01,North Carolina,83218,NC07800,breakdown offenses,adjustment,adjustment,adjustment,adjustment,adjustment,breakdown offenses,breakdown offenses,breakdown offenses,0,0,0,0,0,0,0,0,2,2,0,0,0,3,0,0,0,3,0,42,42,0,0,18,10,6,4,0,75,0,3,5,70,75,0,0,0,0,0,0,0,0,0,0,2,0,0,0,2,0,21,21,0,0,9,5,3,2,0,37,0,2,2,35,37,0,0,0,0,0,0,0,0,0,0,1,0,0,0,1,0,0,0,0,0,2,0,0,0,0,3,0,1,1,2,3,0,0,0,0,0,0,0,0,0,0,0,0,0,0,0,0,0,0,0,0,0,0,0,0,0,0,0,0,0,0,0
Robeson County Sheriff's Office,1999-02-01,North Carolina,83218,NC07800,breakdown offenses,adjustment,adjustment,adjustment,adjustment,adjustment,breakdown offenses,breakdown offenses,breakdown offenses,0,0,0,1,0,4,4,0,1,1,0,0,0,23,10,4,0,9,0,65,65,0,0,12,15,15,0,0,121,0,23,29,92,121,1,0,3,3,0,1,1,0,0,0,18,7,2,0,9,0,34,34,0,0,6,5,5,0,0,68,0,18,23,45,68,0,0,0,0,0,1,1,0,0,0,0,0,0,0,0,0,9,9,0,0,0,0,0,0,0,10,0,0,1,9,10,0,0,0,0,0,0,0,0,0,0,0,0,0,0,0,0,0,0,0,0,0,0,0,0,0,0,0,0,0,0,0
Robeson County Sheriff's Office,1999-01-01,North Carolina,83218,NC07800,breakdown offenses,adjustment,adjustment,adjustment,adjustment,adjustment,breakdown offenses,breakdown offenses,breakdown offenses,0,0,0,4,0,1,1,0,3,3,0,0,0,18,5,4,0,0,9,73,73,0,0,19,23,15,3,5,141,0,9,17,115,132,3,0,1,1,0,3,3,0,0,0,10,2,2,0,0,6,40,40,0,0,10,11,7,1,3,78,0,4,11,61,72,0,0,0,0,0,0,0,0,0,0,1,0,0,0,0,1,1,1,0,0,0,1,1,0,0,3,0,0,0,2,2,0,0,0,0,0,0,0,0,0,0,0,0,0,0,0,0,0,0,0,0,0,0,0,0,0,0,0,0,0,0,0
Robeson County Sheriff's Office,1998-12-01,North Carolina,81497,NC07800,breakdown offenses,adjustment,adjustment,adjustment,adjustment,adjustment,breakdown offenses,breakdown offenses,breakdown offenses,0,0,0,3,0,0,0,0,0,0,0,0,0,13,2,5,1,5,0,74,74,0,0,52,9,5,4,0,151,0,13,16,135,151,5,0,0,0,0,0,0,0,0,0,8,2,2,2,2,0,38,38,0,0,23,4,2,2,0,78,0,8,13,65,78,0,0,0,0,0,0,0,0,0,0,1,1,0,0,0,0,0,0,0,0,2,0,0,0,0,3,0,1,1,2,3,0,0,0,0,0,0,0,0,0,0,0,0,0,0,0,0,0,0,0,0,0,0,0,0,0,0,0,0,0,0,0
Robeson County Sheriff's Office,1998-11-01,North Carolina,81497,NC07800,breakdown offenses,adjustment,adjustment,adjustment,adjustment,adjustment,breakdown offenses,breakdown offenses,breakdown offenses,0,0,0,1,0,0,0,0,1,1,0,0,0,19,8,2,1,3,5,72,72,0,0,43,5,2,2,1,141,0,14,16,120,136,1,0,0,0,0,1,1,0,0,0,14,6,1,1,2,4,30,30,0,0,23,3,1,1,1,72,0,10,12,56,68,0,0,0,0,0,0,0,0,0,0,1,0,1,0,0,0,0,0,0,0,0,0,0,0,0,1,0,1,1,0,1,0,0,0,0,0,0,0,0,0,0,0,0,0,0,0,0,0,0,0,0,0,0,0,0,0,0,0,0,0,0,0
Robeson County Sheriff's Office,1998-10-01,North Carolina,81497,NC07800,breakdown offenses,adjustment,adjustment,adjustment,adjustment,adjustment,breakdown offenses,breakdown offenses,breakdown offenses,0,0,0,4,0,1,1,0,1,1,0,0,0,20,8,2,2,3,5,72,72,0,0,48,5,2,1,2,151,0,15,21,125,146,6,0,1,1,0,1,1,0,0,0,13,6,2,2,1,2,35,35,0,0,23,3,1,1,1,82,0,11,19,61,80,0,0,0,0,0,0,0,0,0,0,1,0,1,0,0,0,0,0,0,0,8,0,0,0,0,9,0,1,1,8,9,0,0,0,0,0,0,0,0,0,0,0,0,0,0,0,0,0,0,0,0,0,0,0,0,0,0,0,0,0,0,0
Robeson County Sheriff's Office,1998-09-01,North Carolina,81497,NC07800,breakdown offenses,adjustment,adjustment,adjustment,adjustment,adjustment,breakdown offenses,breakdown offenses,breakdown offenses,0,0,2,1,0,0,0,0,0,0,0,0,0,18,6,5,2,2,3,78,78,0,0,51,7,4,2,1,155,0,15,16,136,152,0,0,0,0,0,0,0,0,0,0,15,4,4,2,2,3,38,38,0,0,21,4,2,1,1,78,0,12,12,63,75,0,0,0,0,0,0,0,0,0,0,5,2,0,0,0,3,0,0,0,0,0,0,0,0,0,5,0,2,2,0,2,0,0,0,0,0,0,0,0,0,0,0,0,0,0,0,0,0,0,0,0,0,0,0,0,0,0,0,0,0,0,0
Robeson County Sheriff's Office,1998-08-01,North Carolina,81497,NC07800,breakdown offenses,adjustment,adjustment,adjustment,adjustment,adjustment,breakdown offenses,breakdown offenses,breakdown offenses,0,0,0,2,0,1,1,0,2,1,0,0,1,25,8,6,6,4,1,78,78,0,0,55,6,2,2,2,169,0,24,29,139,168,2,0,1,1,0,2,1,0,0,1,15,5,4,4,1,1,37,37,0,0,23,3,1,1,1,83,0,14,19,63,82,1,0,0,0,0,0,0,0,0,0,1,0,0,0,0,1,3,3,0,0,2,0,0,0,0,7,0,0,1,5,6,0,0,0,0,0,0,0,0,0,0,0,0,0,0,0,0,0,0,0,0,0,0,0,0,0,0,0,0,0,0,0
Robeson County Sheriff's Office,1998-07-01,North Carolina,81497,NC07800,breakdown offenses,adjustment,adjustment,adjustment,adjustment,adjustment,breakdown offenses,breakdown offenses,breakdown offenses,0,0,0,0,0,0,0,0,2,1,0,0,1,25,8,6,3,5,3,79,79,0,0,60,8,2,4,2,174,0,22,24,147,171,0,0,0,0,0,2,1,0,0,1,15,5,3,2,3,2,40,40,0,0,30,4,2,1,1,91,0,13,15,74,89,0,0,0,0,0,0,0,0,0,0,1,0,0,0,0,1,7,7,0,0,1,0,0,0,0,9,0,0,0,8,8,0,0,0,0,0,0,0,0,0,0,0,0,0,0,0,0,0,0,0,0,0,0,0,0,0,0,0,0,0,0,0
Robeson County Sheriff's Office,1998-06-01,North Carolina,81497,NC07800,breakdown offenses,adjustment,adjustment,adjustment,adjustment,adjustment,breakdown offenses,breakdown offenses,breakdown offenses,0,0,0,0,0,1,1,0,1,0,0,0,1,20,6,5,5,2,2,74,74,0,0,57,5,1,2,2,158,0,18,20,136,156,0,0,0,0,0,1,0,0,0,1,15,5,2,5,1,2,38,38,0,0,26,3,1,1,1,83,0,13,14,67,81,0,0,0,0,0,0,0,0,0,0,0,0,0,0,0,0,0,0,0,0,0,0,0,0,0,0,0,0,0,0,0,0,0,0,0,0,0,0,0,0,0,0,0,0,0,0,0,0,0,0,0,0,0,0,0,0,0,0,0,0,0,0
Robeson County Sheriff's Office,1998-05-01,North Carolina,81497,NC07800,breakdown offenses,adjustment,adjustment,adjustment,adjustment,adjustment,breakdown offenses,breakdown offenses,breakdown offenses,0,0,0,1,0,1,1,0,0,0,0,0,0,17,6,4,3,2,2,74,74,0,0,48,8,2,2,4,149,0,15,17,130,147,1,0,1,1,0,0,0,0,0,0,14,5,3,2,2,2,34,34,0,0,23,3,1,0,2,76,0,12,14,60,74,0,0,0,0,0,0,0,0,0,0,0,0,0,0,0,0,0,0,0,0,0,0,0,0,0,0,0,0,0,0,0,0,0,0,0,0,0,0,0,0,0,0,0,0,0,0,0,0,0,0,0,0,0,0,0,0,0,0,0,0,0,0
Robeson County Sheriff's Office,1998-04-01,North Carolina,81497,NC07800,breakdown offenses,adjustment,adjustment,adjustment,adjustment,adjustment,breakdown offenses,breakdown offenses,breakdown offenses,0,0,1,4,0,2,1,1,2,2,0,0,0,19,8,2,1,3,5,72,72,0,0,49,5,2,1,2,153,0,14,22,126,148,4,0,1,1,0,1,1,0,0,0,15,8,1,0,2,4,34,34,0,0,23,3,1,1,1,81,0,11,17,60,77,0,0,0,0,0,0,0,0,0,0,0,0,0,0,0,0,0,0,0,0,0,0,0,0,0,0,0,0,0,0,0,0,0,0,0,0,0,0,0,0,0,0,0,0,0,0,0,0,0,0,0,0,0,0,0,0,0,0,0,0,0,0
Robeson County Sheriff's Office,1998-03-01,North Carolina,81497,NC07800,breakdown offenses,adjustment,adjustment,adjustment,adjustment,adjustment,breakdown offenses,breakdown offenses,breakdown offenses,0,0,0,2,0,0,0,0,2,1,0,0,1,22,6,6,6,4,0,70,70,0,0,48,8,2,2,4,152,0,22,26,126,152,0,0,0,0,0,1,0,0,0,1,18,6,4,4,4,0,32,32,0,0,23,4,1,1,2,78,0,18,19,59,78,0,0,0,0,0,0,0,0,0,0,0,0,0,0,0,0,0,0,0,0,0,0,0,0,0,0,0,0,0,0,0,0,0,0,0,0,0,0,0,0,0,0,0,0,0,0,0,0,0,0,0,0,0,0,0,0,0,0,0,0,0,0
Robeson County Sheriff's Office,1998-02-01,North Carolina,81497,NC07800,breakdown offenses,adjustment,adjustment,adjustment,adjustment,adjustment,breakdown offenses,breakdown offenses,breakdown offenses,0,0,0,2,0,1,1,0,1,0,1,0,0,18,6,4,5,2,1,78,78,0,0,51,7,2,1,4,158,0,17,21,136,157,1,0,1,1,0,1,0,1,0,0,15,5,4,3,2,1,36,36,0,0,21,4,1,1,2,79,0,14,17,61,78,0,0,0,0,0,0,0,0,0,0,0,0,0,0,0,0,0,0,0,0,0,0,0,0,0,0,0,0,0,0,0,0,0,0,0,0,0,0,0,0,0,0,0,0,0,0,0,0,0,0,0,0,0,0,0,0,0,0,0,0,0,0
Robeson County Sheriff's Office,1998-01-01,North Carolina,81497,NC07800,breakdown offenses,adjustment,adjustment,adjustment,adjustment,adjustment,breakdown offenses,breakdown offenses,breakdown offenses,0,0,0,2,0,1,0,1,1,1,0,0,0,17,4,6,2,4,1,72,72,0,0,51,8,3,2,3,152,0,16,20,131,151,1,0,0,0,0,0,0,0,0,0,10,4,3,2,0,1,31,31,0,0,23,3,1,1,1,68,0,9,10,57,67,0,0,0,0,0,0,0,0,0,0,0,0,0,0,0,0,0,0,0,0,0,0,0,0,0,0,0,0,0,0,0,0,0,0,0,0,0,0,0,0,0,0,0,0,0,0,0,0,0,0,0,0,0,0,0,0,0,0,0,0,0,0
Robeson County Sheriff's Office,1997-12-01,North Carolina,79857,NC07800,breakdown offenses,adjustment,adjustment,adjustment,adjustment,adjustment,breakdown offenses,breakdown offenses,breakdown offenses,0,0,0,1,0,2,2,0,1,1,0,0,0,18,5,4,5,2,2,68,68,0,0,55,6,2,2,2,151,0,16,20,129,149,1,0,1,1,0,0,0,0,0,0,14,4,2,5,1,2,32,32,0,0,23,3,0,1,2,74,0,12,14,58,72,0,0,0,0,0,0,0,0,0,0,0,0,0,0,0,0,2,2,0,0,0,0,0,0,0,2,0,0,0,2,2,0,0,0,0,0,0,0,0,0,0,0,0,0,0,0,0,0,0,0,0,0,0,0,0,0,0,0,0,0,0,0
Robeson County Sheriff's Office,1997-11-01,North Carolina,79857,NC07800,breakdown offenses,adjustment,adjustment,adjustment,adjustment,adjustment,breakdown offenses,breakdown offenses,breakdown offenses,0,0,1,2,0,1,0,1,0,0,0,0,0,16,6,4,2,2,2,72,72,0,0,48,9,2,2,5,148,0,14,17,129,146,2,0,1,0,1,0,0,0,0,0,13,5,2,2,2,2,33,33,0,0,22,4,1,1,2,75,0,11,14,59,73,0,0,0,0,0,0,0,0,0,0,0,0,0,0,0,0,0,0,0,0,0,0,0,0,0,0,0,0,0,0,0,0,0,0,0,0,0,0,0,0,0,0,0,0,0,0,0,0,0,0,0,0,0,0,0,0,0,0,0,0,0,0
Robeson County Sheriff's Office,1997-10-01,North Carolina,79857,NC07800,breakdown offenses,adjustment,adjustment,adjustment,adjustment,adjustment,breakdown offenses,breakdown offenses,breakdown offenses,0,0,0,1,0,0,0,0,1,1,0,0,0,19,8,2,1,3,5,66,66,0,0,47,4,2,0,2,138,0,14,16,117,133,1,0,1,1,0,0,0,0,0,0,15,8,1,0,2,4,30,30,0,0,23,2,1,0,1,72,0,11,13,55,68,0,0,0,0,0,0,0,0,0,0,0,0,0,0,0,0,0,0,0,0,0,0,0,0,0,0,0,0,0,0,0,0,0,0,0,0,0,0,0,0,0,0,0,0,0,0,0,0,0,0,0,0,0,0,0,0,0,0,0,0,0,0
Robeson County Sheriff's Office,1997-09-01,North Carolina,79857,NC07800,breakdown offenses,adjustment,adjustment,adjustment,adjustment,adjustment,breakdown offenses,breakdown offenses,breakdown offenses,0,0,0,2,0,2,1,1,2,1,1,0,0,21,7,5,5,4,0,65,65,0,0,46,7,2,2,3,145,0,21,27,118,145,2,0,1,1,0,1,1,0,0,0,17,7,3,4,3,0,31,31,0,0,22,3,0,1,2,77,0,17,21,56,77,0,0,0,0,0,0,0,0,0,0,0,0,0,0,0,0,0,0,0,0,0,0,0,0,0,0,0,0,0,0,0,0,0,0,0,0,0,0,0,0,0,0,0,0,0,0,0,0,0,0,0,0,0,0,0,0,0,0,0,0,0,0
Robeson County Sheriff's Office,1997-08-01,North Carolina,79857,NC07800,breakdown offenses,adjustment,adjustment,adjustment,adjustment,adjustment,breakdown offenses,breakdown offenses,breakdown offenses,0,0,0,3,0,1,1,0,2,2,0,0,0,16,5,4,4,2,1,71,71,0,0,49,6,2,1,3,148,0,15,21,126,147,2,0,1,1,0,1,1,0,0,0,14,4,4,3,2,1,34,34,0,0,22,3,2,1,0,77,0,13,17,59,76,0,0,0,0,0,0,0,0,0,0,0,0,0,0,0,0,0,0,0,0,0,0,0,0,0,0,0,0,0,0,0,0,0,0,0,0,0,0,0,0,0,0,0,0,0,0,0,0,0,0,0,0,0,0,0,0,0,0,0,0,0,0
Robeson County Sheriff's Office,1997-07-01,North Carolina,79857,NC07800,breakdown offenses,adjustment,adjustment,adjustment,adjustment,adjustment,breakdown offenses,breakdown offenses,breakdown offenses,0,0,1,2,0,1,1,0,2,2,0,0,0,15,3,5,2,4,1,66,66,0,0,49,5,3,1,1,140,0,14,19,120,139,1,0,1,1,0,1,1,0,0,0,9,3,3,2,0,1,29,29,0,0,25,3,2,1,0,69,0,8,11,57,68,0,0,0,0,0,0,0,0,0,0,0,0,0,0,0,0,0,0,0,0,0,0,0,0,0,0,0,0,0,0,0,0,0,0,0,0,0,0,0,0,0,0,0,0,0,0,0,0,0,0,0,0,0,0,0,0,0,0,0,0,0,0
Robeson County Sheriff's Office,1997-06-01,North Carolina,79857,NC07800,breakdown offenses,adjustment,adjustment,adjustment,adjustment,adjustment,breakdown offenses,breakdown offenses,breakdown offenses,0,0,0,2,0,0,0,0,2,1,0,0,1,16,4,4,4,2,2,66,66,0,0,53,7,2,2,3,146,0,14,18,126,144,2,0,0,0,0,1,1,0,0,0,14,3,4,3,2,2,31,31,0,0,24,4,1,1,2,76,0,12,15,59,74,0,0,0,0,0,0,0,0,0,0,0,0,0,0,0,0,0,0,0,0,0,0,0,0,0,0,0,0,0,0,0,0,0,0,0,0,0,0,0,0,0,0,0,0,0,0,0,0,0,0,0,0,0,0,0,0,0,0,0,0,0,0
Robeson County Sheriff's Office,1997-05-01,North Carolina,79857,NC07800,breakdown offenses,adjustment,adjustment,adjustment,adjustment,adjustment,breakdown offenses,breakdown offenses,breakdown offenses,0,0,1,3,0,1,1,0,0,0,0,0,0,14,6,3,1,2,2,70,70,0,0,46,8,2,2,4,142,0,12,16,124,140,3,0,0,0,0,0,0,0,0,0,12,5,2,1,2,2,34,34,0,0,21,3,1,0,2,73,0,10,13,58,71,0,0,0,0,0,0,0,0,0,0,0,0,0,0,0,0,0,0,0,0,0,0,0,0,0,0,0,0,0,0,0,0,0,0,0,0,0,0,0,0,0,0,0,0,0,0,0,0,0,0,0,0,0,0,0,0,0,0,0,0,0,0
Robeson County Sheriff's Office,1997-04-01,North Carolina,79857,NC07800,breakdown offenses,adjustment,adjustment,adjustment,adjustment,adjustment,breakdown offenses,breakdown offenses,breakdown offenses,0,0,0,1,0,1,1,0,1,1,0,0,0,17,8,2,1,2,4,64,64,0,0,45,4,2,1,1,133,0,13,16,113,129,1,0,1,1,0,0,0,0,0,0,14,8,1,0,1,4,31,31,0,0,22,2,1,0,1,71,0,10,12,55,67,0,0,0,0,0,0,0,0,0,0,0,0,0,0,0,0,0,0,0,0,0,1,0,0,1,1,0,0,0,1,1,0,0,0,0,0,0,0,0,0,0,0,0,0,0,0,0,0,0,0,0,0,0,0,0,0,0,0,0,0,0,0
Robeson County Sheriff's Office,1997-03-01,North Carolina,79857,NC07800,breakdown offenses,adjustment,adjustment,adjustment,adjustment,adjustment,breakdown offenses,breakdown offenses,breakdown offenses,0,0,0,4,0,0,0,0,2,2,0,0,0,19,7,5,5,2,0,62,62,0,0,43,6,2,2,2,136,0,19,25,111,136,3,0,0,0,0,1,1,0,0,0,16,7,2,5,2,0,30,30,0,0,24,3,0,1,2,77,0,16,20,57,77,0,0,0,0,0,0,0,0,0,0,0,0,0,0,0,0,0,0,0,0,0,0,0,0,0,0,0,0,0,0,0,0,0,0,0,0,0,0,0,0,0,0,0,0,0,0,0,0,0,0,0,0,0,0,0,0,0,0,0,0,0,0
Robeson County Sheriff's Office,1997-02-01,North Carolina,79857,NC07800,breakdown offenses,adjustment,adjustment,adjustment,adjustment,adjustment,breakdown offenses,breakdown offenses,breakdown offenses,0,0,0,0,0,1,0,1,1,1,0,0,0,15,5,5,3,2,0,68,68,0,0,47,6,1,2,3,138,0,15,17,121,138,0,0,1,0,1,0,0,0,0,0,13,4,4,3,2,0,33,33,0,0,23,3,0,1,2,73,0,13,14,59,73,0,0,0,0,0,0,0,0,0,0,0,0,0,0,0,0,0,0,0,0,0,0,0,0,0,0,0,0,0,0,0,0,0,0,0,0,0,0,0,0,0,0,0,0,0,0,0,0,0,0,0,0,0,0,0,0,0,0,0,0,0,0
Robeson County Sheriff's Office,1997-01-01,North Carolina,79857,NC07800,breakdown offenses,adjustment,adjustment,adjustment,adjustment,adjustment,breakdown offenses,breakdown offenses,breakdown offenses,0,0,0,0,0,0,0,0,2,2,0,0,0,14,3,5,2,4,0,65,65,0,0,47,5,2,2,1,133,0,14,16,117,133,0,0,0,0,0,1,1,0,0,0,9,3,3,2,1,0,30,30,0,0,24,3,1,1,1,67,0,9,10,57,67,0,0,0,0,0,0,0,0,0,0,0,0,0,0,0,0,0,0,0,0,0,0,0,0,0,0,0,0,0,0,0,0,0,0,0,0,0,0,0,0,0,0,0,0,0,0,0,0,0,0,0,0,0,0,0,0,0,0,0,0,0,0
Robeson County Sheriff's Office,1996-12-01,North Carolina,78760,NC07800,breakdown offenses,adjustment,adjustment,adjustment,adjustment,adjustment,breakdown offenses,breakdown offenses,breakdown offenses,0,0,0,4,0,0,0,0,1,0,0,0,1,18,4,4,2,5,3,61,61,0,0,49,7,4,2,1,140,0,15,20,117,137,1,0,0,0,0,1,0,0,0,1,15,3,4,2,4,2,29,29,0,0,26,3,2,0,1,75,0,13,15,58,73,0,0,0,0,0,0,0,0,0,0,0,0,0,0,0,0,0,0,0,0,0,0,0,0,0,0,0,0,0,0,0,0,0,0,0,0,0,0,0,0,0,0,0,0,0,0,0,0,0,0,0,0,0,0,0,0,0,0,0,0,0,0
Robeson County Sheriff's Office,1996-11-01,North Carolina,78760,NC07800,breakdown offenses,adjustment,adjustment,adjustment,adjustment,adjustment,breakdown offenses,breakdown offenses,breakdown offenses,0,0,0,0,0,2,2,0,2,2,0,0,0,17,6,4,3,2,2,66,66,0,0,46,8,2,3,3,141,0,15,19,120,139,0,0,1,1,0,1,1,0,0,0,13,4,3,3,1,2,31,31,0,0,23,4,2,1,1,73,0,11,13,58,71,0,0,0,0,0,0,0,0,0,0,0,0,0,0,0,0,3,3,0,0,2,0,0,0,0,5,0,0,0,5,5,0,0,0,0,0,0,0,0,0,0,0,0,0,0,0,0,0,0,0,0,0,0,0,0,0,0,0,0,0,0,0
Robeson County Sheriff's Office,1996-10-01,North Carolina,78760,NC07800,breakdown offenses,adjustment,adjustment,adjustment,adjustment,adjustment,breakdown offenses,breakdown offenses,breakdown offenses,0,0,1,1,0,0,0,0,1,1,0,0,0,20,8,4,0,5,3,64,64,0,0,46,7,3,2,2,139,0,17,19,117,136,1,0,0,0,0,1,1,0,0,0,16,5,3,0,5,3,31,31,0,0,23,3,1,0,2,75,0,13,15,57,72,0,0,0,0,0,0,0,0,0,0,0,0,0,0,0,0,0,0,0,0,0,0,0,0,0,0,0,0,0,0,0,0,0,0,0,0,0,0,0,0,0,0,0,0,0,0,0,0,0,0,0,0,0,0,0,0,0,0,0,0,0,0
Robeson County Sheriff's Office,1996-09-01,North Carolina,78760,NC07800,breakdown offenses,adjustment,adjustment,adjustment,adjustment,adjustment,breakdown offenses,breakdown offenses,breakdown offenses,0,0,1,1,0,1,1,0,2,1,0,1,0,19,6,6,4,3,0,62,62,0,0,45,6,2,2,2,136,0,19,23,113,136,0,0,1,1,0,1,0,0,1,0,15,4,6,2,3,0,30,30,0,0,23,4,2,1,1,74,0,15,17,57,74,0,0,0,0,0,0,0,0,0,0,0,0,0,0,0,0,0,0,0,0,0,0,0,0,0,0,0,0,0,0,0,0,0,0,0,0,0,0,0,0,0,0,0,0,0,0,0,0,0,0,0,0,0,0,0,0,0,0,0,0,0,0
Robeson County Sheriff's Office,1996-08-01,North Carolina,78760,NC07800,breakdown offenses,adjustment,adjustment,adjustment,adjustment,adjustment,breakdown offenses,breakdown offenses,breakdown offenses,0,0,0,1,0,1,0,1,1,1,0,0,0,17,5,5,5,2,0,69,69,0,0,50,5,3,1,1,144,0,17,20,124,144,0,0,1,0,1,0,0,0,0,0,12,4,2,5,1,0,31,31,0,0,24,2,2,0,0,70,0,12,13,57,70,0,0,0,0,0,0,0,0,0,0,0,0,0,0,0,0,0,0,0,0,0,0,0,0,0,0,0,0,0,0,0,0,0,0,0,0,0,0,0,0,0,0,0,0,0,0,0,0,0,0,0,0,0,0,0,0,0,0,0,0,0,0
Robeson County Sheriff's Office,1996-07-01,North Carolina,78760,NC07800,breakdown offenses,adjustment,adjustment,adjustment,adjustment,adjustment,breakdown offenses,breakdown offenses,breakdown offenses,0,0,0,3,0,0,0,0,2,1,1,0,0,15,5,4,4,2,0,68,68,0,0,49,6,3,2,1,143,0,15,20,123,143,3,0,0,0,0,1,1,0,0,0,13,4,3,4,2,0,32,32,0,0,25,4,2,1,1,78,0,13,17,61,78,1,0,0,0,0,0,0,0,0,0,0,0,0,0,0,0,0,0,0,0,0,0,0,0,0,1,0,0,1,0,1,0,0,0,0,0,0,0,0,0,0,0,0,0,0,0,0,0,0,0,0,0,0,0,0,0,0,0,0,0,0,0
Robeson County Sheriff's Office,1996-06-01,North Carolina,78760,NC07800,breakdown offenses,adjustment,adjustment,adjustment,adjustment,adjustment,breakdown offenses,breakdown offenses,breakdown offenses,0,0,0,1,0,1,1,0,1,1,0,0,0,17,5,4,3,4,1,62,62,0,0,51,8,5,1,2,141,0,16,19,121,140,1,0,1,1,0,1,1,0,0,0,13,4,2,2,4,1,30,30,0,0,24,5,3,1,1,75,0,12,15,59,74,0,0,0,0,0,0,0,0,0,0,0,0,0,0,0,0,0,0,0,0,3,1,0,0,1,4,0,0,0,4,4,0,0,0,0,0,0,0,0,0,0,0,0,0,0,0,0,0,0,0,0,0,0,0,0,0,0,0,0,0,0,0
Robeson County Sheriff's Office,1996-05-01,North Carolina,78760,NC07800,breakdown offenses,adjustment,adjustment,adjustment,adjustment,adjustment,breakdown offenses,breakdown offenses,breakdown offenses,0,0,0,0,0,0,0,0,1,0,1,0,0,15,7,3,0,4,1,65,65,0,0,44,7,3,1,3,132,0,14,15,116,131,0,0,0,0,0,0,0,0,0,0,11,6,2,0,2,1,31,31,0,0,19,4,2,0,2,65,0,10,10,54,64,0,0,0,0,0,0,0,0,0,0,0,0,0,0,0,0,2,2,0,0,1,0,0,0,0,3,0,0,0,3,3,0,0,0,0,0,0,0,0,0,0,0,0,0,0,0,0,0,0,0,0,0,0,0,0,0,0,0,0,0,0,0
Robeson County Sheriff's Office,1996-04-01,North Carolina,78760,NC07800,breakdown offenses,adjustment,adjustment,adjustment,adjustment,adjustment,breakdown offenses,breakdown offenses,breakdown offenses,0,0,0,2,0,1,1,0,1,1,0,0,0,18,9,2,1,2,4,62,62,0,0,44,5,2,2,1,133,0,14,18,111,129,2,0,1,1,0,0,0,0,0,0,14,8,1,0,1,4,30,30,0,0,25,2,0,1,1,74,0,10,13,57,70,0,0,0,0,0,0,0,0,0,0,0,0,0,0,0,0,0,0,0,0,0,0,0,0,0,0,0,0,0,0,0,0,0,0,0,0,0,0,0,0,0,0,0,0,0,0,0,0,0,0,0,0,0,0,0,0,0,0,0,0,0,0
Robeson County Sheriff's Office,1996-03-01,North Carolina,78760,NC07800,breakdown offenses,adjustment,adjustment,adjustment,adjustment,adjustment,breakdown offenses,breakdown offenses,breakdown offenses,0,0,1,0,0,0,0,0,2,2,0,0,0,18,7,5,4,2,0,62,62,0,0,43,7,4,1,2,132,0,18,20,112,132,0,0,0,0,0,1,1,0,0,0,15,7,2,4,2,0,29,29,0,0,23,3,2,0,1,71,0,15,16,55,71,0,0,0,0,0,0,0,0,0,0,0,0,0,0,0,0,0,0,0,0,0,0,0,0,0,0,0,0,0,0,0,0,0,0,0,0,0,0,0,0,0,0,0,0,0,0,0,0,0,0,0,0,0,0,0,0,0,0,0,0,0,0
Robeson County Sheriff's Office,1996-02-01,North Carolina,78760,NC07800,breakdown offenses,adjustment,adjustment,adjustment,adjustment,adjustment,breakdown offenses,breakdown offenses,breakdown offenses,0,0,0,0,0,1,1,0,1,1,0,0,0,14,7,3,2,2,0,68,68,0,0,47,6,2,2,2,137,0,14,16,121,137,0,0,1,1,0,1,1,0,0,0,10,6,3,1,0,0,31,31,0,0,22,4,2,1,1,69,0,10,12,57,69,0,0,0,0,0,0,0,0,0,0,0,0,0,0,0,0,0,0,0,0,0,0,0,0,0,0,0,0,0,0,0,0,0,0,0,0,0,0,0,0,0,0,0,0,0,0,0,0,0,0,0,0,0,0,0,0,0,0,0,0,0,0
Robeson County Sheriff's Office,1996-01-01,North Carolina,78760,NC07800,breakdown offenses,adjustment,adjustment,adjustment,adjustment,adjustment,breakdown offenses,breakdown offenses,breakdown offenses,0,0,0,2,0,1,1,0,2,2,0,0,0,14,4,4,3,3,0,65,65,0,0,47,6,4,1,1,137,0,14,19,118,137,2,0,0,0,0,1,1,0,0,0,11,4,3,1,3,0,31,31,0,0,24,3,2,1,0,72,0,11,14,58,72,0,0,0,0,0,0,0,0,0,0,0,0,0,0,0,0,0,0,0,0,0,0,0,0,0,0,0,0,0,0,0,0,0,0,0,0,0,0,0,0,0,0,0,0,0,0,0,0,0,0,0,0,0,0,0,0,0,0,0,0,0,0
Robeson County Sheriff's Office,1995-12-01,North Carolina,77384,NC07800,breakdown offenses,adjustment,adjustment,adjustment,adjustment,adjustment,breakdown offenses,breakdown offenses,breakdown offenses,0,0,0,3,0,0,0,0,2,2,0,0,0,18,7,5,4,2,0,67,67,0,0,43,6,2,2,2,139,0,18,23,116,139,1,0,0,0,0,1,1,0,0,0,14,5,3,4,2,0,29,29,0,0,19,4,1,2,1,68,0,14,16,52,68,0,0,0,0,0,0,0,0,0,0,0,0,0,0,0,0,0,0,0,0,0,0,0,0,0,0,0,0,0,0,0,0,0,0,0,0,0,0,0,0,0,0,0,0,0,0,0,0,0,0,0,0,0,0,0,0,0,0,0,0,0,0
Robeson County Sheriff's Office,1995-11-01,North Carolina,77384,NC07800,breakdown offenses,adjustment,adjustment,adjustment,adjustment,adjustment,breakdown offenses,breakdown offenses,breakdown offenses,0,0,0,0,0,1,1,0,1,1,0,0,0,14,5,6,1,2,0,65,65,0,0,42,7,4,2,1,130,0,14,16,114,130,0,0,1,1,0,1,1,0,0,0,11,4,4,1,2,0,32,32,0,0,20,3,1,1,1,68,0,11,13,55,68,0,0,0,0,0,0,0,0,0,0,0,0,0,0,0,0,0,0,0,0,0,0,0,0,0,0,0,0,0,0,0,0,0,0,0,0,0,0,0,0,0,0,0,0,0,0,0,0,0,0,0,0,0,0,0,0,0,0,0,0,0,0
Robeson County Sheriff's Office,1995-10-01,North Carolina,77384,NC07800,breakdown offenses,adjustment,adjustment,adjustment,adjustment,adjustment,breakdown offenses,breakdown offenses,breakdown offenses,0,0,1,1,0,1,1,0,1,0,0,0,1,18,5,5,5,2,1,64,64,0,0,40,6,3,2,1,131,0,17,20,110,130,1,0,1,1,0,0,0,0,0,0,12,3,3,3,2,1,28,28,0,0,22,4,2,2,0,68,0,11,13,54,67,0,0,0,0,0,0,0,0,0,0,0,0,0,0,0,0,0,0,0,0,0,0,0,0,0,0,0,0,0,0,0,0,0,0,0,0,0,0,0,0,0,0,0,0,0,0,0,0,0,0,0,0,0,0,0,0,0,0,0,0,0,0
Robeson County Sheriff's Office,1995-09-01,North Carolina,77384,NC07800,breakdown offenses,adjustment,adjustment,adjustment,adjustment,adjustment,breakdown offenses,breakdown offenses,breakdown offenses,0,0,0,2,0,1,1,0,2,1,1,0,0,17,7,4,4,2,0,63,63,0,0,42,6,3,2,1,133,0,17,22,111,133,2,0,1,1,0,1,0,1,0,0,14,5,3,4,2,0,29,29,0,0,21,3,1,1,1,71,0,14,18,53,71,0,0,0,0,0,0,0,0,0,0,0,0,0,0,0,0,0,0,0,0,0,0,0,0,0,0,0,0,0,0,0,0,0,0,0,0,0,0,0,0,0,0,0,0,0,0,0,0,0,0,0,0,0,0,0,0,0,0,0,0,0,0
Robeson County Sheriff's Office,1995-08-01,North Carolina,77384,NC07800,breakdown offenses,adjustment,adjustment,adjustment,adjustment,adjustment,breakdown offenses,breakdown offenses,breakdown offenses,0,0,0,0,0,2,2,0,1,1,0,0,0,15,6,4,5,0,0,67,67,0,0,46,6,3,1,2,137,0,15,18,119,137,0,0,1,1,0,1,1,0,0,0,12,5,2,5,0,0,31,31,0,0,22,5,2,1,2,72,0,12,14,58,72,0,0,0,0,0,0,0,0,0,0,0,0,0,0,0,0,0,0,0,0,0,0,0,0,0,0,0,0,0,0,0,0,0,0,0,0,0,0,0,0,0,0,0,0,0,0,0,0,0,0,0,0,0,0,0,0,0,0,0,0,0,0
Robeson County Sheriff's Office,1995-07-01,North Carolina,77384,NC07800,breakdown offenses,adjustment,adjustment,adjustment,adjustment,adjustment,breakdown offenses,breakdown offenses,breakdown offenses,0,0,0,3,0,0,0,0,1,1,0,0,0,14,4,4,3,3,0,65,65,0,0,46,5,4,1,0,134,0,14,18,116,134,2,0,0,0,0,1,1,0,0,0,10,3,3,1,3,0,32,32,0,0,21,4,3,1,0,70,0,10,13,57,70,0,0,0,0,0,0,0,0,0,0,0,0,0,0,0,0,0,0,0,0,0,0,0,0,0,0,0,0,0,0,0,0,0,0,0,0,0,0,0,0,0,0,0,0,0,0,0,0,0,0,0,0,0,0,0,0,0,0,0,0,0,0
Robeson County Sheriff's Office,1995-06-01,North Carolina,77384,NC07800,breakdown offenses,adjustment,adjustment,adjustment,adjustment,adjustment,breakdown offenses,breakdown offenses,breakdown offenses,0,0,0,0,0,1,1,0,1,1,0,0,0,18,6,4,4,4,0,57,57,0,0,48,6,2,1,3,131,0,18,20,111,131,0,0,1,1,0,0,0,0,0,0,12,5,3,2,2,0,30,30,0,0,20,3,2,1,0,66,0,12,13,53,66,0,0,0,0,0,0,0,0,0,0,0,0,0,0,0,0,0,0,0,0,0,0,0,0,0,0,0,0,0,0,0,0,0,0,0,0,0,0,0,0,0,0,0,0,0,0,0,0,0,0,0,0,0,0,0,0,0,0,0,0,0,0
Robeson County Sheriff's Office,1995-05-01,North Carolina,77384,NC07800,breakdown offenses,adjustment,adjustment,adjustment,adjustment,adjustment,breakdown offenses,breakdown offenses,breakdown offenses,0,0,0,1,0,0,0,0,1,0,1,0,0,12,4,5,1,2,0,66,66,0,0,41,6,2,1,3,127,0,12,14,113,127,1,0,0,0,0,1,0,1,0,0,10,3,4,1,2,0,31,31,0,0,21,3,2,0,1,67,0,10,12,55,67,0,0,0,0,0,0,0,0,0,0,0,0,0,0,0,0,0,0,0,0,0,0,0,0,0,0,0,0,0,0,0,0,0,0,0,0,0,0,0,0,0,0,0,0,0,0,0,0,0,0,0,0,0,0,0,0,0,0,0,0,0,0
Robeson County Sheriff's Office,1995-04-01,North Carolina,77384,NC07800,breakdown offenses,adjustment,adjustment,adjustment,adjustment,adjustment,breakdown offenses,breakdown offenses,breakdown offenses,0,0,0,1,0,1,1,0,1,1,0,0,0,17,5,5,4,2,1,59,59,0,0,40,6,4,2,0,125,0,16,19,105,124,1,0,0,0,0,0,0,0,0,0,13,3,4,3,2,1,29,29,0,0,21,3,1,2,0,67,0,12,13,53,66,0,0,0,0,0,0,0,0,0,0,0,0,0,0,0,0,0,0,0,0,0,0,0,0,0,0,0,0,0,0,0,0,0,0,0,0,0,0,0,0,0,0,0,0,0,0,0,0,0,0,0,0,0,0,0,0,0,0,0,0,0,0
Robeson County Sheriff's Office,1995-03-01,North Carolina,77384,NC07800,breakdown offenses,adjustment,adjustment,adjustment,adjustment,adjustment,breakdown offenses,breakdown offenses,breakdown offenses,0,0,0,3,0,0,0,0,2,1,1,0,0,16,6,4,4,2,0,59,59,0,0,40,6,2,3,1,126,0,16,21,105,126,3,0,0,0,0,1,0,1,0,0,14,4,4,4,2,0,27,27,0,0,20,4,2,1,1,69,0,14,18,51,69,0,0,0,0,0,0,0,0,0,0,0,0,0,0,0,0,0,0,0,0,0,0,0,0,0,0,0,0,0,0,0,0,0,0,0,0,0,0,0,0,0,0,0,0,0,0,0,0,0,0,0,0,0,0,0,0,0,0,0,0,0,0
Robeson County Sheriff's Office,1995-02-01,North Carolina,77384,NC07800,breakdown offenses,adjustment,adjustment,adjustment,adjustment,adjustment,breakdown offenses,breakdown offenses,breakdown offenses,0,0,0,0,0,1,1,0,1,1,0,0,0,11,3,5,1,2,0,66,66,0,0,41,6,3,2,1,126,0,11,13,113,126,0,0,1,1,0,0,0,0,0,0,9,3,3,1,2,0,28,28,0,0,19,4,2,1,1,61,0,9,10,51,61,0,0,0,0,0,0,0,0,0,0,0,0,0,0,0,0,0,0,0,0,0,0,0,0,0,0,0,0,0,0,0,0,0,0,0,0,0,0,0,0,0,0,0,0,0,0,0,0,0,0,0,0,0,0,0,0,0,0,0,0,0,0
Robeson County Sheriff's Office,1995-01-01,North Carolina,77384,NC07800,breakdown offenses,adjustment,adjustment,adjustment,adjustment,adjustment,breakdown offenses,breakdown offenses,breakdown offenses,0,0,0,2,0,0,0,0,1,1,0,0,0,13,3,4,3,3,0,63,63,0,0,46,6,3,2,1,131,0,13,16,115,131,2,0,0,0,0,1,1,0,0,0,10,3,3,1,3,0,30,30,0,0,23,3,2,1,0,69,0,10,13,56,69,0,0,0,0,0,0,0,0,0,0,0,0,0,0,0,0,0,0,0,0,0,0,0,0,0,0,0,0,0,0,0,0,0,0,0,0,0,0,0,0,0,0,0,0,0,0,0,0,0,0,0,0,0,0,0,0,0,0,0,0,0,0
Robeson County Sheriff's Office,1994-12-01,North Carolina,76604,NC07800,breakdown offenses,adjustment,adjustment,adjustment,adjustment,adjustment,breakdown offenses,breakdown offenses,breakdown offenses,0,0,0,0,0,1,1,0,1,0,0,1,0,12,0,0,9,0,3,64,64,0,0,41,4,2,1,1,123,0,9,11,109,120,0,0,1,1,0,0,0,0,0,0,10,0,0,7,0,3,30,30,0,0,20,2,1,0,1,63,0,7,8,52,60,0,0,0,0,0,0,0,0,0,0,0,0,0,0,0,0,0,0,0,0,0,0,0,0,0,0,0,0,0,0,0,0,0,0,0,0,0,0,0,0,0,0,0,0,0,0,0,0,0,0,0,0,0,0,0,0,0,0,0,0,0,0
Robeson County Sheriff's Office,1994-11-01,North Carolina,76604,NC07800,breakdown offenses,adjustment,adjustment,adjustment,adjustment,adjustment,breakdown offenses,breakdown offenses,breakdown offenses,0,0,0,0,0,0,0,0,0,0,0,0,0,15,6,2,5,2,0,65,65,0,0,29,5,3,1,1,114,0,15,15,99,114,0,0,0,0,0,0,0,0,0,0,14,6,2,4,2,0,30,30,0,0,16,4,3,0,1,64,0,14,14,50,64,0,0,0,0,0,0,0,0,0,0,0,0,0,0,0,0,0,0,0,0,0,0,0,0,0,0,0,0,0,0,0,0,0,0,0,0,0,0,0,0,0,0,0,0,0,0,0,0,0,0,0,0,0,0,0,0,0,0,0,0,0,0
Robeson County Sheriff's Office,1994-10-01,North Carolina,76604,NC07800,breakdown offenses,adjustment,adjustment,adjustment,adjustment,adjustment,breakdown offenses,breakdown offenses,breakdown offenses,0,0,0,1,0,1,1,0,1,1,0,0,0,17,5,5,4,3,0,59,59,0,0,51,6,2,3,1,136,0,17,20,116,136,1,0,1,1,0,1,1,0,0,0,12,4,5,1,2,0,25,25,0,0,25,4,2,1,1,69,0,12,15,54,69,0,0,0,0,0,0,0,0,0,0,0,0,0,0,0,0,0,0,0,0,0,0,0,0,0,0,0,0,0,0,0,0,0,0,0,0,0,0,0,0,0,0,0,0,0,0,0,0,0,0,0,0,0,0,0,0,0,0,0,0,0,0
Robeson County Sheriff's Office,1994-09-01,North Carolina,76604,NC07800,breakdown offenses,adjustment,adjustment,adjustment,adjustment,adjustment,breakdown offenses,breakdown offenses,breakdown offenses,0,0,0,0,0,0,0,0,1,1,0,0,0,14,5,3,3,3,0,55,55,0,0,48,7,4,2,1,125,0,14,15,110,125,0,0,0,0,0,0,0,0,0,0,10,3,2,2,3,0,23,23,0,0,20,5,3,2,0,58,0,10,10,48,58,0,0,0,0,0,0,0,0,0,0,0,0,0,0,0,0,0,0,0,0,0,0,0,0,0,0,0,0,0,0,0,0,0,0,0,0,0,0,0,0,0,0,0,0,0,0,0,0,0,0,0,0,0,0,0,0,0,0,0,0,0,0
Robeson County Sheriff's Office,1994-08-01,North Carolina,76604,NC07800,breakdown offenses,adjustment,adjustment,adjustment,adjustment,adjustment,breakdown offenses,breakdown offenses,breakdown offenses,0,0,0,1,0,0,0,0,1,1,0,0,0,10,4,3,1,2,0,66,66,0,0,41,9,4,2,3,128,0,10,12,116,128,1,0,0,0,0,1,1,0,0,0,9,4,2,1,2,0,29,29,0,0,19,6,3,2,1,65,0,9,11,54,65,0,0,0,0,0,0,0,0,0,0,0,0,0,0,0,0,0,0,0,0,0,0,0,0,0,0,0,0,0,0,0,0,0,0,0,0,0,0,0,0,0,0,0,0,0,0,0,0,0,0,0,0,0,0,0,0,0,0,0,0,0,0
Robeson County Sheriff's Office,1994-07-01,North Carolina,76604,NC07800,breakdown offenses,adjustment,adjustment,adjustment,adjustment,adjustment,breakdown offenses,breakdown offenses,breakdown offenses,0,0,0,0,1,1,1,0,2,1,1,0,0,16,5,5,4,2,0,59,59,0,0,40,6,3,3,0,125,0,16,19,105,124,0,1,1,1,0,2,1,1,0,0,13,4,4,3,2,0,26,26,0,0,20,3,2,1,0,66,0,13,16,49,65,0,0,0,0,0,0,0,0,0,0,0,0,0,0,0,0,0,0,0,0,0,0,0,0,0,0,0,0,0,0,0,0,0,0,0,0,0,0,0,0,0,0,0,0,0,0,0,0,0,0,0,0,0,0,0,0,0,0,0,0,0,0
Robeson County Sheriff's Office,1994-06-01,North Carolina,76604,NC07800,breakdown offenses,adjustment,adjustment,adjustment,adjustment,adjustment,breakdown offenses,breakdown offenses,breakdown offenses,0,0,0,3,0,0,0,0,1,1,0,0,0,12,4,3,2,3,0,48,48,0,0,41,7,4,2,1,112,0,12,16,96,112,3,0,0,0,0,0,0,0,0,0,10,3,2,2,3,0,23,23,0,0,18,5,3,2,0,59,0,10,13,46,59,0,0,0,0,0,0,0,0,0,0,0,0,0,0,0,0,0,0,0,0,0,0,0,0,0,0,0,0,0,0,0,0,0,0,0,0,0,0,0,0,0,0,0,0,0,0,0,0,0,0,0,0,0,0,0,0,0,0,0,0,0,0
Robeson County Sheriff's Office,1994-05-01,North Carolina,76604,NC07800,breakdown offenses,adjustment,adjustment,adjustment,adjustment,adjustment,breakdown offenses,breakdown offenses,breakdown offenses,0,0,0,1,0,1,1,0,1,0,0,0,1,10,3,4,1,2,0,66,66,0,0,41,9,4,2,3,129,0,10,13,116,129,1,0,1,1,0,1,0,0,0,1,9,3,3,1,2,0,29,29,0,0,18,6,3,2,1,65,0,9,12,53,65,0,0,0,0,0,0,0,0,0,0,0,0,0,0,0,0,0,0,0,0,0,0,0,0,0,0,0,0,0,0,0,0,0,0,0,0,0,0,0,0,0,0,0,0,0,0,0,0,0,0,0,0,0,0,0,0,0,0,0,0,0,0
Robeson County Sheriff's Office,1994-04-01,North Carolina,76604,NC07800,breakdown offenses,adjustment,adjustment,adjustment,adjustment,adjustment,breakdown offenses,breakdown offenses,breakdown offenses,0,0,0,2,0,0,0,0,0,0,0,0,0,15,6,5,2,2,0,65,65,0,0,29,5,2,2,1,116,0,15,17,99,116,2,0,0,0,0,0,0,0,0,0,13,5,4,2,2,0,29,29,0,0,16,3,1,1,1,63,0,13,15,48,63,0,0,0,0,0,0,0,0,0,0,0,0,0,0,0,0,0,0,0,0,0,0,0,0,0,0,0,0,0,0,0,0,0,0,0,0,0,0,0,0,0,0,0,0,0,0,0,0,0,0,0,0,0,0,0,0,0,0,0,0,0,0
Robeson County Sheriff's Office,1994-03-01,North Carolina,76604,NC07800,breakdown offenses,adjustment,adjustment,adjustment,adjustment,adjustment,breakdown offenses,breakdown offenses,breakdown offenses,0,0,0,2,0,1,1,0,2,1,1,0,0,18,8,4,2,4,0,54,54,0,0,33,9,5,3,1,119,0,18,23,96,119,2,0,1,1,0,1,1,0,0,0,16,6,4,2,4,0,26,26,0,0,15,4,2,1,1,65,0,16,20,45,65,0,0,0,0,0,0,0,0,0,0,0,0,0,0,0,0,0,0,0,0,0,0,0,0,0,0,0,0,0,0,0,0,0,0,0,0,0,0,0,0,0,0,0,0,0,0,0,0,0,0,0,0,0,0,0,0,0,0,0,0,0,0
Robeson County Sheriff's Office,1994-02-01,North Carolina,76604,NC07800,breakdown offenses,adjustment,adjustment,adjustment,adjustment,adjustment,breakdown offenses,breakdown offenses,breakdown offenses,0,0,0,2,0,1,1,0,1,0,0,1,0,12,0,0,9,0,3,63,63,0,0,41,4,2,1,1,124,0,9,13,108,121,2,0,1,1,0,0,0,0,0,0,10,0,0,7,0,3,31,31,0,0,20,2,1,0,1,66,0,7,10,53,63,0,0,0,0,0,0,0,0,0,0,0,0,0,0,0,0,0,0,0,0,0,0,0,0,0,0,0,0,0,0,0,0,0,0,0,0,0,0,0,0,0,0,0,0,0,0,0,0,0,0,0,0,0,0,0,0,0,0,0,0,0,0
Robeson County Sheriff's Office,1994-01-01,North Carolina,76604,NC07800,breakdown offenses,adjustment,adjustment,adjustment,adjustment,adjustment,breakdown offenses,breakdown offenses,breakdown offenses,0,0,0,3,0,1,1,0,2,0,0,2,0,16,5,5,3,3,0,59,59,0,0,40,6,3,2,1,127,0,16,22,105,127,3,0,1,1,0,1,0,0,1,0,14,4,4,3,3,0,26,26,0,0,19,3,1,1,1,67,0,14,19,48,67,0,0,0,0,0,0,0,0,0,0,0,0,0,0,0,0,0,0,0,0,0,0,0,0,0,0,0,0,0,0,0,0,0,0,0,0,0,0,0,0,0,0,0,0,0,0,0,0,0,0,0,0,0,0,0,0,0,0,0,0,0,0
Robeson County Sheriff's Office,1993-12-01,North Carolina,75250,NC07800,breakdown offenses,adjustment,adjustment,adjustment,adjustment,adjustment,breakdown offenses,breakdown offenses,breakdown offenses,0,0,0,2,1,1,1,0,0,0,0,0,0,10,6,2,2,0,0,55,55,0,0,37,5,2,1,2,111,0,10,13,97,110,2,1,1,1,0,0,0,0,0,0,8,6,1,1,0,0,28,28,0,0,18,3,2,1,0,61,0,8,11,49,60,0,1,0,0,0,0,0,0,0,0,0,0,0,0,0,0,0,0,0,0,0,0,0,0,0,1,0,0,0,0,0,0,0,0,0,0,0,0,0,0,0,0,0,0,0,0,0,0,0,0,0,0,0,0,0,0,0,0,0,0,0,0
Robeson County Sheriff's Office,1993-11-01,North Carolina,75250,NC07800,breakdown offenses,adjustment,adjustment,adjustment,adjustment,adjustment,breakdown offenses,breakdown offenses,breakdown offenses,0,0,0,0,0,1,1,0,3,3,0,0,0,8,4,2,1,1,0,56,56,0,0,38,9,3,1,5,115,0,8,12,103,115,0,0,0,0,0,2,2,0,0,0,8,4,2,1,1,0,32,32,0,0,20,6,3,1,2,68,0,8,10,58,68,0,0,0,0,0,0,0,0,0,0,0,0,0,0,0,0,0,0,0,0,0,0,0,0,0,0,0,0,0,0,0,0,0,0,0,0,0,0,0,0,0,0,0,0,0,0,0,0,0,0,0,0,0,0,0,0,0,0,0,0,0,0
Robeson County Sheriff's Office,1993-10-01,North Carolina,75250,NC07800,breakdown offenses,adjustment,adjustment,adjustment,adjustment,adjustment,breakdown offenses,breakdown offenses,breakdown offenses,0,1,0,1,1,1,1,0,1,1,0,0,0,18,5,5,0,8,0,42,42,0,0,42,7,2,2,3,113,0,18,21,91,112,1,1,1,1,0,1,1,0,0,0,14,5,5,0,4,0,20,20,0,0,22,5,2,2,1,65,0,14,17,47,64,0,0,0,0,0,0,0,0,0,0,0,0,0,0,0,0,0,0,0,0,0,0,0,0,0,0,0,0,0,0,0,0,0,0,0,0,0,0,0,0,0,0,0,0,0,0,0,0,0,0,0,0,0,0,0,0,0,0,0,0,0,0
Robeson County Sheriff's Office,1993-09-01,North Carolina,75250,NC07800,breakdown offenses,adjustment,adjustment,adjustment,adjustment,adjustment,breakdown offenses,breakdown offenses,breakdown offenses,0,0,0,0,0,0,0,0,2,1,0,0,1,14,5,5,1,3,0,50,50,0,0,33,7,2,2,3,106,0,14,16,90,106,0,0,0,0,0,0,0,0,0,0,12,5,4,1,2,0,26,26,0,0,14,3,1,1,1,55,0,12,12,43,55,0,0,0,0,0,0,0,0,0,0,0,0,0,0,0,0,0,0,0,0,0,0,0,0,0,0,0,0,0,0,0,0,0,0,0,0,0,0,0,0,0,0,0,0,0,0,0,0,0,0,0,0,0,0,0,0,0,0,0,0,0,0
Robeson County Sheriff's Office,1993-08-01,North Carolina,75250,NC07800,breakdown offenses,adjustment,adjustment,adjustment,adjustment,adjustment,breakdown offenses,breakdown offenses,breakdown offenses,0,0,1,1,0,1,1,0,0,0,0,0,0,10,3,2,2,3,0,46,46,0,0,23,9,5,0,4,90,0,10,12,78,90,2,0,1,1,0,0,0,0,0,0,10,3,2,2,3,0,19,19,0,0,10,4,2,0,2,46,0,10,13,33,46,0,0,0,0,0,0,0,0,0,0,0,0,0,0,0,0,2,2,0,0,0,1,1,0,0,3,0,0,0,3,3,0,0,0,0,0,0,0,0,0,0,0,0,0,0,0,0,0,0,0,0,0,0,0,0,0,0,0,0,0,0,0
Robeson County Sheriff's Office,1993-07-01,North Carolina,75250,NC07800,breakdown offenses,adjustment,adjustment,adjustment,adjustment,adjustment,breakdown offenses,breakdown offenses,breakdown offenses,0,0,0,4,0,1,1,0,1,0,0,0,1,13,5,6,1,1,0,36,36,0,0,38,10,2,2,6,103,0,13,19,84,103,3,0,1,1,0,0,0,0,0,0,10,3,6,0,1,0,19,19,0,0,20,6,1,1,4,59,0,10,14,45,59,0,0,0,0,0,0,0,0,0,0,0,0,0,0,0,0,0,0,0,0,0,0,0,0,0,0,0,0,0,0,0,0,0,0,0,0,0,0,0,0,0,0,0,0,0,0,0,0,0,0,0,0,0,0,0,0,0,0,0,0,0,0
Robeson County Sheriff's Office,1993-06-01,North Carolina,75250,NC07800,breakdown offenses,adjustment,adjustment,adjustment,adjustment,adjustment,breakdown offenses,breakdown offenses,breakdown offenses,0,0,0,3,0,0,0,0,0,0,0,0,0,8,2,2,3,1,0,57,57,0,0,26,5,2,2,1,99,0,8,11,88,99,3,0,0,0,0,0,0,0,0,0,8,2,2,3,1,0,32,32,0,0,15,3,2,0,1,61,0,8,11,50,61,0,0,0,0,0,0,0,0,0,0,0,0,0,0,0,0,5,5,0,0,0,0,0,0,0,5,0,0,0,5,5,0,0,0,0,0,0,0,0,0,0,0,0,0,0,0,0,0,0,0,0,0,0,0,0,0,0,0,0,0,0,0
Robeson County Sheriff's Office,1993-05-01,North Carolina,75250,NC07800,breakdown offenses,adjustment,adjustment,adjustment,adjustment,adjustment,breakdown offenses,breakdown offenses,breakdown offenses,0,0,0,2,0,1,1,0,1,0,0,0,1,13,5,6,1,1,0,36,36,0,0,38,10,2,2,6,101,0,13,17,84,101,1,0,1,1,0,0,0,0,0,0,10,3,6,0,1,0,19,19,0,0,20,6,1,1,4,57,0,10,12,45,57,0,0,0,0,0,0,0,0,0,0,0,0,0,0,0,0,0,0,0,0,0,0,0,0,0,0,0,0,0,0,0,0,0,0,0,0,0,0,0,0,0,0,0,0,0,0,0,0,0,0,0,0,0,0,0,0,0,0,0,0,0,0
Robeson County Sheriff's Office,1993-04-01,North Carolina,75250,NC07800,breakdown offenses,adjustment,adjustment,adjustment,adjustment,adjustment,breakdown offenses,breakdown offenses,breakdown offenses,0,0,0,2,0,1,1,0,1,1,0,0,0,11,1,1,4,5,0,54,54,0,0,22,9,5,2,2,100,0,11,15,85,100,1,0,0,0,0,0,0,0,0,0,9,0,1,3,5,0,32,32,0,0,15,5,3,1,1,62,0,9,10,52,62,0,0,0,0,0,0,0,0,0,0,0,0,0,0,0,0,0,0,0,0,3,1,1,0,0,4,0,0,0,4,4,0,0,0,0,0,0,0,0,0,0,0,0,0,0,0,0,0,0,0,0,0,0,0,0,0,0,0,0,0,0,0
Robeson County Sheriff's Office,1993-03-01,North Carolina,75250,NC07800,breakdown offenses,adjustment,adjustment,adjustment,adjustment,adjustment,breakdown offenses,breakdown offenses,breakdown offenses,0,0,0,0,0,0,0,0,2,2,0,0,0,11,0,3,1,7,0,52,50,2,0,32,10,4,3,3,107,0,11,13,94,107,0,0,0,0,0,1,1,0,0,0,10,0,3,1,6,0,26,26,0,0,18,6,2,2,2,61,0,10,11,50,61,0,0,0,0,0,0,0,0,0,0,0,0,0,0,0,0,0,0,0,0,0,0,0,0,0,0,0,0,0,0,0,0,0,0,0,0,0,0,0,0,0,0,0,0,0,0,0,0,0,0,0,0,0,0,0,0,0,0,0,0,0,0
Robeson County Sheriff's Office,1993-02-01,North Carolina,75250,NC07800,breakdown offenses,adjustment,adjustment,adjustment,adjustment,adjustment,breakdown offenses,breakdown offenses,breakdown offenses,0,0,0,1,0,0,0,0,0,0,0,0,0,14,6,6,0,1,1,52,52,0,0,23,10,5,1,4,100,0,13,14,85,99,1,0,0,0,0,0,0,0,0,0,12,5,5,0,1,1,29,29,0,0,19,6,2,1,3,67,0,11,12,54,66,1,0,0,0,0,0,0,0,0,0,0,0,0,0,0,0,0,0,0,0,0,0,0,0,0,1,0,0,1,0,1,0,0,0,0,0,0,0,0,0,0,0,0,0,0,0,0,0,0,0,0,0,0,0,0,0,0,0,0,0,0,0
Robeson County Sheriff's Office,1993-01-01,North Carolina,75250,NC07800,breakdown offenses,adjustment,adjustment,adjustment,adjustment,adjustment,breakdown offenses,breakdown offenses,breakdown offenses,0,0,0,3,0,0,0,0,2,2,0,0,0,13,3,5,0,5,0,47,47,0,0,27,6,2,2,2,98,0,13,18,80,98,1,0,0,0,0,1,1,0,0,0,11,3,4,0,4,0,24,24,0,0,14,4,2,1,1,55,0,11,13,42,55,1,0,0,0,0,0,0,0,0,0,0,0,0,0,0,0,0,0,0,0,0,0,0,0,0,1,0,0,1,0,1,0,0,0,0,0,0,0,0,0,0,0,0,0,0,0,0,0,0,0,0,0,0,0,0,0,0,0,0,0,0,0
Robeson County Sheriff's Office,1992-12-01,North Carolina,74890,NC07800,breakdown offenses,adjustment,adjustment,adjustment,adjustment,adjustment,breakdown offenses,breakdown offenses,breakdown offenses,0,0,0,4,0,2,2,0,0,0,0,0,0,8,2,2,3,1,0,57,57,0,0,26,5,2,2,1,102,0,8,14,88,102,1,0,2,2,0,0,0,0,0,0,8,2,2,3,1,0,32,32,0,0,15,3,2,0,1,61,0,8,11,50,61,0,0,1,1,0,0,0,0,0,0,0,0,0,0,0,0,5,5,0,0,0,0,0,0,0,6,0,0,1,5,6,0,0,0,0,0,0,0,0,0,0,0,0,0,0,0,0,0,0,0,0,0,0,0,0,0,0,0,0,0,0,0
Robeson County Sheriff's Office,1992-11-01,North Carolina,74890,NC07800,breakdown offenses,adjustment,adjustment,adjustment,adjustment,adjustment,breakdown offenses,breakdown offenses,breakdown offenses,0,0,0,1,0,1,1,0,3,3,0,0,0,16,6,5,0,5,0,57,57,0,0,23,7,1,4,2,108,0,16,21,87,108,0,0,1,1,0,0,0,0,0,0,13,4,5,0,4,0,29,29,0,0,13,3,1,1,1,59,0,13,14,45,59,0,0,0,0,0,0,0,0,0,0,0,0,0,0,0,0,0,0,0,0,0,0,0,0,0,0,0,0,0,0,0,0,0,0,0,0,0,0,0,0,0,0,0,0,0,0,0,0,0,0,0,0,0,0,0,0,0,0,0,0,0,0
Robeson County Sheriff's Office,1992-10-01,North Carolina,74890,NC07800,breakdown offenses,adjustment,adjustment,adjustment,adjustment,adjustment,breakdown offenses,breakdown offenses,breakdown offenses,0,0,0,2,0,1,1,0,1,1,0,0,0,11,1,1,4,5,0,54,54,0,0,22,9,5,2,2,100,0,11,15,85,100,1,0,0,0,0,0,0,0,0,0,9,0,1,3,5,0,32,32,0,0,15,5,3,1,1,62,0,9,10,52,62,0,0,0,0,0,0,0,0,0,0,0,0,0,0,0,0,0,0,0,0,0,0,0,0,0,0,0,0,0,0,0,0,0,0,0,0,0,0,0,0,0,0,0,0,0,0,0,0,0,0,0,0,0,0,0,0,0,0,0,0,0,0
Robeson County Sheriff's Office,1992-09-01,North Carolina,74890,NC07800,breakdown offenses,normal return,normal return,normal return,normal return,normal return,breakdown offenses,breakdown offenses,breakdown offenses,0,0,0,3,0,0,0,0,2,2,0,0,0,11,0,3,2,6,0,52,52,0,0,32,10,4,3,3,110,0,11,16,94,110,3,0,0,0,0,0,0,0,0,0,10,0,3,1,6,0,26,26,0,0,18,6,2,2,2,63,0,10,13,50,63,0,0,0,0,0,0,0,0,0,0,0,0,0,0,0,0,0,0,0,0,0,0,0,0,0,0,0,0,0,0,0,0,0,0,0,0,0,0,0,0,0,0,0,0,0,0,0,0,0,0,0,0,0,0,0,0,0,0,0,0,0,0
Robeson County Sheriff's Office,1992-08-01,North Carolina,74890,NC07800,breakdown offenses,normal return,normal return,normal return,normal return,normal return,breakdown offenses,breakdown offenses,breakdown offenses,0,0,0,1,0,0,0,0,0,0,0,0,0,14,6,6,0,1,1,52,52,0,0,23,10,5,1,4,100,0,13,14,85,99,1,0,0,0,0,0,0,0,0,0,12,5,5,0,1,1,29,29,0,0,18,6,2,1,3,66,0,11,12,53,65,0,0,0,0,0,0,0,0,0,0,0,0,0,0,0,0,0,0,0,0,0,0,0,0,0,0,0,0,0,0,0,0,0,0,0,0,0,0,0,0,0,0,0,0,0,0,0,0,0,0,0,0,0,0,0,0,0,0,0,0,0,0
Robeson County Sheriff's Office,1992-07-01,North Carolina,74890,NC07800,breakdown offenses,normal return,normal return,normal return,normal return,normal return,breakdown offenses,breakdown offenses,breakdown offenses,0,0,0,1,0,1,1,0,1,0,0,0,1,13,5,6,1,1,0,36,36,0,0,38,10,2,2,6,100,0,13,16,84,100,1,0,1,1,0,0,0,0,0,0,10,3,6,0,1,0,19,19,0,0,20,6,1,1,4,57,0,10,12,45,57,0,0,0,0,0,0,0,0,0,0,0,0,0,0,0,0,0,0,0,0,0,0,0,0,0,0,0,0,0,0,0,0,0,0,0,0,0,0,0,0,0,0,0,0,0,0,0,0,0,0,0,0,0,0,0,0,0,0,0,0,0,0
Robeson County Sheriff's Office,1992-06-01,North Carolina,74890,NC07800,breakdown offenses,adjustment,adjustment,adjustment,adjustment,adjustment,breakdown offenses,breakdown offenses,breakdown offenses,0,0,1,0,0,1,1,0,0,0,0,0,0,10,3,2,2,2,1,46,46,0,0,23,9,5,0,4,89,0,9,10,78,88,0,0,1,1,0,0,0,0,0,0,10,3,2,2,2,1,19,19,0,0,10,4,2,0,2,44,0,9,10,33,43,0,0,0,0,0,0,0,0,0,0,0,0,0,0,0,0,2,2,0,0,0,1,1,0,0,3,0,0,0,3,3,0,0,0,0,0,0,0,0,0,0,0,0,0,0,0,0,0,0,0,0,0,0,0,0,0,0,0,0,0,0,0
Robeson County Sheriff's Office,1992-05-01,North Carolina,74890,NC07800,breakdown offenses,adjustment,adjustment,adjustment,adjustment,adjustment,breakdown offenses,breakdown offenses,breakdown offenses,0,0,0,0,0,0,0,0,2,1,0,0,1,14,5,5,1,3,0,50,50,0,0,33,7,2,2,3,106,0,14,16,90,106,0,0,0,0,0,0,0,0,0,0,12,5,4,1,2,0,26,26,0,0,14,3,1,1,1,55,0,12,12,43,55,0,0,0,0,0,0,0,0,0,0,0,0,0,0,0,0,0,0,0,0,0,0,0,0,0,0,0,0,0,0,0,0,0,0,0,0,0,0,0,0,0,0,0,0,0,0,0,0,0,0,0,0,0,0,0,0,0,0,0,0,0,0
Robeson County Sheriff's Office,1992-04-01,North Carolina,74890,NC07800,breakdown offenses,adjustment,adjustment,adjustment,adjustment,adjustment,breakdown offenses,breakdown offenses,breakdown offenses,0,0,0,1,0,1,1,0,1,0,0,0,1,13,4,5,0,4,0,42,42,0,0,42,7,2,2,3,107,0,13,16,91,107,1,0,0,0,0,1,0,0,0,1,11,4,4,0,3,0,20,20,0,0,22,5,2,2,1,60,0,11,13,47,60,0,0,0,0,0,0,0,0,0,0,0,0,0,0,0,0,0,0,0,0,0,0,0,0,0,0,0,0,0,0,0,0,0,0,0,0,0,0,0,0,0,0,0,0,0,0,0,0,0,0,0,0,0,0,0,0,0,0,0,0,0,0
Robeson County Sheriff's Office,1992-03-01,North Carolina,74890,NC07800,breakdown offenses,adjustment,adjustment,adjustment,adjustment,adjustment,breakdown offenses,breakdown offenses,breakdown offenses,0,0,0,1,0,1,1,0,2,1,0,0,1,15,1,3,6,5,0,56,56,0,0,39,8,6,1,1,122,0,15,19,103,122,1,0,0,0,0,0,0,0,0,0,14,1,3,6,4,0,24,24,0,0,17,2,1,0,1,58,0,14,15,43,58,0,0,0,0,0,0,0,0,0,0,0,0,0,0,0,0,0,0,0,0,0,0,0,0,0,0,0,0,0,0,0,0,0,0,0,0,0,0,0,0,0,0,0,0,0,0,0,0,0,0,0,0,0,0,0,0,0,0,0,0,0,0
Robeson County Sheriff's Office,1992-02-01,North Carolina,74890,NC07800,breakdown offenses,normal return,normal return,normal return,normal return,normal return,breakdown offenses,breakdown offenses,breakdown offenses,0,0,0,2,0,1,1,0,3,3,0,0,0,8,2,3,2,1,0,56,56,0,0,38,9,4,0,5,117,0,8,14,103,117,2,0,1,1,0,0,0,0,0,0,8,2,3,2,1,0,31,31,0,0,19,5,2,0,3,66,0,8,11,55,66,0,0,1,1,0,0,0,0,0,0,0,0,0,0,0,0,0,0,0,0,0,0,0,0,0,1,0,0,1,0,1,0,0,0,0,0,0,0,0,0,0,0,0,0,0,0,0,0,0,0,0,0,0,0,0,0,0,0,0,0,0,0
Robeson County Sheriff's Office,1992-01-01,North Carolina,74890,NC07800,breakdown offenses,normal return,normal return,normal return,normal return,normal return,breakdown offenses,breakdown offenses,breakdown offenses,0,0,0,4,0,1,1,0,0,0,0,0,0,7,2,2,3,0,0,55,55,0,0,37,5,2,1,2,109,0,7,12,97,109,3,0,1,1,0,0,0,0,0,0,6,1,2,3,0,0,26,26,0,0,17,3,2,1,0,56,0,6,10,46,56,0,0,0,0,0,0,0,0,0,0,0,0,0,0,0,0,0,0,0,0,0,0,0,0,0,0,0,0,0,0,0,0,0,0,0,0,0,0,0,0,0,0,0,0,0,0,0,0,0,0,0,0,0,0,0,0,0,0,0,0,0,0
Robeson County Sheriff's Office,1991-12-01,North Carolina,73731,NC07800,breakdown offenses,adjustment,adjustment,adjustment,adjustment,adjustment,breakdown offenses,breakdown offenses,breakdown offenses,0,0,0,0,0,1,1,0,2,0,0,1,1,8,2,2,3,1,0,62,62,0,0,33,9,0,3,6,115,0,8,11,104,115,0,0,1,1,0,1,0,0,0,1,8,2,2,3,1,0,32,32,0,0,16,6,0,3,3,64,0,8,10,54,64,0,0,0,0,0,0,0,0,0,0,0,0,0,0,0,0,0,0,0,0,0,0,0,0,0,0,0,0,0,0,0,0,0,0,0,0,0,0,0,0,0,0,0,0,0,0,0,0,0,0,0,0,0,0,0,0,0,0,0,0,0,0
Robeson County Sheriff's Office,1991-11-01,North Carolina,73731,NC07800,breakdown offenses,adjustment,adjustment,adjustment,adjustment,adjustment,breakdown offenses,breakdown offenses,breakdown offenses,0,0,0,2,0,3,3,0,2,0,0,0,2,10,5,3,2,0,0,54,54,0,0,27,10,5,5,0,108,0,10,17,91,108,1,0,3,3,0,0,0,0,0,0,10,5,3,2,0,0,24,24,0,0,15,5,3,2,0,58,0,10,14,44,58,0,0,0,0,0,0,0,0,0,0,0,0,0,0,0,0,0,0,0,0,0,0,0,0,0,0,0,0,0,0,0,0,0,0,0,0,0,0,0,0,0,0,0,0,0,0,0,0,0,0,0,0,0,0,0,0,0,0,0,0,0,0
Robeson County Sheriff's Office,1991-10-01,North Carolina,73731,NC07800,breakdown offenses,adjustment,adjustment,adjustment,adjustment,adjustment,breakdown offenses,breakdown offenses,breakdown offenses,0,0,0,1,0,4,4,0,1,0,1,0,0,7,3,3,1,0,0,53,53,0,0,27,9,7,2,0,102,0,7,13,89,102,1,0,2,2,0,0,0,0,0,0,7,3,3,1,0,0,25,25,0,0,15,5,4,1,0,55,0,7,10,45,55,0,0,0,0,0,0,0,0,0,0,0,0,0,0,0,0,0,0,0,0,0,0,0,0,0,0,0,0,0,0,0,0,0,0,0,0,0,0,0,0,0,0,0,0,0,0,0,0,0,0,0,0,0,0,0,0,0,0,0,0,0,0
Robeson County Sheriff's Office,1991-09-01,North Carolina,73731,NC07800,breakdown offenses,adjustment,adjustment,adjustment,adjustment,adjustment,breakdown offenses,breakdown offenses,breakdown offenses,0,0,0,2,0,0,0,0,1,0,0,0,1,4,1,3,0,0,0,48,40,8,0,25,7,0,4,3,87,0,4,7,80,87,2,0,0,0,0,0,0,0,0,0,4,1,3,0,0,0,18,15,3,0,15,4,0,2,2,43,0,4,6,37,43,0,0,0,0,0,0,0,0,0,0,0,0,0,0,0,0,0,0,0,0,0,0,0,0,0,0,0,0,0,0,0,0,0,0,0,0,0,0,0,0,0,0,0,0,0,0,0,0,0,0,0,0,0,0,0,0,0,0,0,0,0,0
Robeson County Sheriff's Office,1991-08-01,North Carolina,73731,NC07800,breakdown offenses,adjustment,adjustment,adjustment,adjustment,adjustment,breakdown offenses,breakdown offenses,breakdown offenses,0,0,0,0,0,1,1,0,0,0,0,0,0,5,3,2,0,0,0,40,40,0,0,30,9,2,5,2,85,0,5,6,79,85,0,0,2,2,0,0,0,0,0,0,4,2,2,0,0,0,19,19,0,0,14,4,1,1,2,43,0,4,6,37,43,0,0,0,0,0,0,0,0,0,0,0,0,0,0,0,0,0,0,0,0,0,0,0,0,0,0,0,0,0,0,0,0,0,0,0,0,0,0,0,0,0,0,0,0,0,0,0,0,0,0,0,0,0,0,0,0,0,0,0,0,0,0
Robeson County Sheriff's Office,1991-07-01,North Carolina,73731,NC07800,breakdown offenses,adjustment,adjustment,adjustment,adjustment,adjustment,breakdown offenses,breakdown offenses,breakdown offenses,0,0,1,0,0,2,2,0,2,1,0,0,1,11,6,3,1,0,1,39,30,9,0,25,7,6,1,0,86,0,10,14,71,85,0,0,1,1,0,2,1,0,0,1,10,6,2,1,0,1,18,12,6,0,15,4,3,1,0,50,0,9,12,37,49,0,0,0,0,0,0,0,0,0,0,0,0,0,0,0,0,0,0,0,0,0,0,0,0,0,0,0,0,0,0,0,0,0,0,0,0,0,0,0,0,0,0,0,0,0,0,0,0,0,0,0,0,0,0,0,0,0,0,0,0,0,0
Robeson County Sheriff's Office,1991-06-01,North Carolina,73731,NC07800,breakdown offenses,adjustment,adjustment,adjustment,adjustment,adjustment,breakdown offenses,breakdown offenses,breakdown offenses,0,0,0,2,0,0,0,0,1,0,0,1,0,2,1,0,0,0,1,24,24,0,0,33,8,4,4,0,70,0,1,4,65,69,2,0,0,0,0,0,0,0,0,0,2,1,0,0,0,1,15,15,0,0,17,2,2,0,0,38,0,1,3,34,37,0,0,0,0,0,0,0,0,0,0,0,0,0,0,0,0,0,0,0,0,0,0,0,0,0,0,0,0,0,0,0,0,0,0,0,0,0,0,0,0,0,0,0,0,0,0,0,0,0,0,0,0,0,0,0,0,0,0,0,0,0,0
Robeson County Sheriff's Office,1991-05-01,North Carolina,73731,NC07800,breakdown offenses,adjustment,adjustment,adjustment,adjustment,adjustment,breakdown offenses,breakdown offenses,breakdown offenses,0,0,0,1,0,1,1,0,1,0,0,0,1,4,1,1,0,2,0,38,38,0,0,24,8,5,1,2,77,0,4,7,70,77,1,0,1,1,0,0,0,0,0,0,4,1,1,0,2,0,21,21,0,0,16,5,3,1,1,48,0,4,6,42,48,0,0,0,0,0,0,0,0,0,0,1,0,1,0,0,0,0,0,0,0,0,0,0,0,0,1,0,1,1,0,1,0,0,0,0,0,0,0,0,0,0,0,0,0,0,0,0,0,0,0,0,0,0,0,0,0,0,0,0,0,0,0
Robeson County Sheriff's Office,1991-04-01,North Carolina,73731,NC07800,breakdown offenses,adjustment,adjustment,adjustment,adjustment,adjustment,breakdown offenses,breakdown offenses,breakdown offenses,0,0,0,1,0,1,1,0,1,0,0,0,1,2,0,1,0,1,0,55,55,0,0,35,6,4,1,1,101,0,2,5,96,101,1,0,1,1,0,0,0,0,0,0,2,0,1,0,1,0,18,18,0,0,12,1,1,0,0,35,0,2,4,31,35,0,0,0,0,0,0,0,0,0,0,0,0,0,0,0,0,7,7,0,0,6,0,0,0,0,13,0,0,0,13,13,0,0,0,0,0,0,0,0,0,0,0,0,0,0,0,0,0,0,0,0,0,0,0,0,0,0,0,0,0,0,0
Robeson County Sheriff's Office,1991-03-01,North Carolina,73731,NC07800,breakdown offenses,adjustment,adjustment,adjustment,adjustment,adjustment,breakdown offenses,breakdown offenses,breakdown offenses,0,0,0,1,0,0,0,0,0,0,0,0,0,1,0,0,1,0,0,35,35,0,0,40,9,7,1,1,86,0,1,2,84,86,1,0,0,0,0,0,0,0,0,0,1,0,0,1,0,0,6,6,0,0,6,4,3,1,0,18,0,1,2,16,18,0,0,0,0,0,0,0,0,0,0,0,0,0,0,0,0,0,0,0,0,0,0,0,0,0,0,0,0,0,0,0,0,0,0,0,0,0,0,0,0,0,0,0,0,0,0,0,0,0,0,0,0,0,0,0,0,0,0,0,0,0,0
Robeson County Sheriff's Office,1991-02-01,North Carolina,73731,NC07800,breakdown offenses,adjustment,adjustment,adjustment,adjustment,adjustment,breakdown offenses,breakdown offenses,breakdown offenses,0,0,1,2,0,1,1,0,0,0,0,0,0,8,4,2,1,1,0,54,48,6,0,42,5,4,1,0,112,0,8,11,101,112,2,0,1,1,0,0,0,0,0,0,5,4,0,0,1,0,16,10,6,0,10,3,2,1,0,37,0,5,8,29,37,1,0,0,0,0,0,0,0,0,0,2,1,0,0,1,0,5,3,2,0,4,0,0,0,0,12,0,2,3,9,12,0,0,0,0,0,0,0,0,0,0,0,0,0,0,0,0,0,0,0,0,0,0,0,0,0,0,0,0,0,0,0
Robeson County Sheriff's Office,1991-01-01,North Carolina,73731,NC07800,breakdown offenses,adjustment,adjustment,adjustment,adjustment,adjustment,breakdown offenses,breakdown offenses,breakdown offenses,0,0,0,0,0,0,0,0,0,0,0,0,0,2,2,0,0,0,0,73,45,28,0,46,7,3,0,4,128,0,2,2,126,128,0,0,0,0,0,0,0,0,0,0,2,2,0,0,0,0,40,31,9,0,26,4,1,0,3,72,0,2,2,70,72,0,0,0,0,0,0,0,0,0,0,0,0,0,0,0,0,0,0,0,0,0,0,0,0,0,0,0,0,0,0,0,0,0,0,0,0,0,0,0,0,0,0,0,0,0,0,0,0,0,0,0,0,0,0,0,0,0,0,0,0,0,0
Robeson County Sheriff's Office,1990-12-01,North Carolina,74918,NC07800,breakdown offenses,adjustment,adjustment,adjustment,adjustment,adjustment,breakdown offenses,breakdown offenses,breakdown offenses,0,0,1,0,0,0,0,0,0,0,0,0,0,1,0,0,1,0,0,56,8,31,17,42,5,3,1,1,104,0,1,1,103,104,0,0,0,0,0,0,0,0,0,0,1,0,0,1,0,0,0,0,0,0,0,0,0,0,0,1,0,1,1,0,1,0,0,0,0,0,0,0,0,0,0,0,0,0,0,0,0,0,0,0,0,0,0,0,0,0,0,0,0,0,0,0,0,0,0,0,0,0,0,0,0,0,0,0,0,0,0,0,0,0,0,0,0,0,0,0,0,0,0,0,0,0,0
Robeson County Sheriff's Office,1990-11-01,North Carolina,74918,NC07800,breakdown offenses,adjustment,adjustment,adjustment,adjustment,adjustment,breakdown offenses,breakdown offenses,breakdown offenses,0,0,0,1,0,1,1,0,0,0,0,0,0,2,1,0,0,1,0,64,57,7,0,27,6,3,2,1,101,0,2,4,97,101,1,0,1,1,0,0,0,0,0,0,2,1,0,0,1,0,0,0,0,0,0,3,2,0,1,7,0,2,4,3,7,0,0,0,0,0,0,0,0,0,0,0,0,0,0,0,0,0,0,0,0,0,0,0,0,0,0,0,0,0,0,0,0,0,0,0,0,0,0,0,0,0,0,0,0,0,0,0,0,0,0,0,0,0,0,0,0,0,0,0,0,0,0
Robeson County Sheriff's Office,1990-10-01,North Carolina,74918,NC07800,breakdown offenses,adjustment,adjustment,adjustment,adjustment,adjustment,breakdown offenses,breakdown offenses,breakdown offenses,0,0,0,0,0,0,0,0,0,0,0,0,0,1,1,0,0,0,0,47,38,9,0,29,7,3,2,2,84,0,1,1,83,84,0,0,0,0,0,0,0,0,0,0,1,1,0,0,0,0,0,0,0,0,0,3,2,0,1,4,0,1,1,3,4,0,0,0,0,0,0,0,0,0,0,0,0,0,0,0,0,0,0,0,0,0,0,0,0,0,0,0,0,0,0,0,0,0,0,0,0,0,0,0,0,0,0,0,0,0,0,0,0,0,0,0,0,0,0,0,0,0,0,0,0,0,0
Robeson County Sheriff's Office,1990-09-01,North Carolina,74918,NC07800,breakdown offenses,adjustment,adjustment,adjustment,adjustment,adjustment,breakdown offenses,breakdown offenses,breakdown offenses,0,0,2,1,0,0,0,0,0,0,0,0,0,3,1,0,2,0,0,47,36,11,0,33,9,4,3,2,93,0,3,4,89,93,0,0,0,0,0,0,0,0,0,0,3,1,0,2,0,0,18,18,0,0,10,4,2,2,0,35,0,3,3,32,35,0,0,0,0,0,0,0,0,0,0,1,0,0,1,0,0,9,9,0,0,8,0,0,0,0,18,0,1,1,17,18,0,0,0,0,0,0,0,0,0,0,0,0,0,0,0,0,0,0,0,0,0,0,0,0,0,0,0,0,0,0,0
Robeson County Sheriff's Office,1990-08-01,North Carolina,74918,NC07800,breakdown offenses,adjustment,adjustment,adjustment,adjustment,adjustment,breakdown offenses,breakdown offenses,breakdown offenses,0,0,0,0,0,1,1,0,0,0,0,0,0,4,3,1,0,0,0,55,34,21,0,56,8,4,2,2,124,0,4,5,119,124,0,0,0,0,0,0,0,0,0,0,4,3,1,0,0,0,29,21,8,0,22,6,4,1,1,61,0,4,4,57,61,0,0,0,0,0,0,0,0,0,0,0,0,0,0,0,0,0,0,0,0,0,0,0,0,0,0,0,0,0,0,0,0,0,0,0,0,0,0,0,0,0,0,0,0,0,0,0,0,0,0,0,0,0,0,0,0,0,0,0,0,0,0
Robeson County Sheriff's Office,1990-07-01,North Carolina,74918,NC07800,breakdown offenses,adjustment,adjustment,adjustment,adjustment,adjustment,breakdown offenses,breakdown offenses,breakdown offenses,0,0,0,1,0,0,0,0,0,0,0,0,0,6,3,2,0,1,0,36,0,36,0,28,10,6,1,3,81,0,6,7,74,81,1,0,0,0,0,0,0,0,0,0,5,2,2,0,1,0,0,0,0,0,0,4,3,1,0,10,0,5,6,4,10,0,0,0,0,0,0,0,0,0,0,0,0,0,0,0,0,0,0,0,0,0,0,0,0,0,0,0,0,0,0,0,0,0,0,0,0,0,0,0,0,0,0,0,0,0,0,0,0,0,0,0,0,0,0,0,0,0,0,0,0,0,0
Robeson County Sheriff's Office,1990-06-01,North Carolina,74918,NC07800,breakdown offenses,adjustment,adjustment,adjustment,adjustment,adjustment,breakdown offenses,breakdown offenses,breakdown offenses,0,0,0,2,0,1,1,0,0,0,0,0,0,25,4,6,3,12,0,37,37,0,0,21,11,4,2,5,97,0,25,28,69,97,2,0,1,1,0,0,0,0,0,0,13,4,2,1,6,0,12,12,0,0,10,6,3,1,2,44,0,13,16,28,44,0,0,0,0,0,0,0,0,0,0,0,0,0,0,0,0,0,0,0,0,0,0,0,0,0,0,0,0,0,0,0,0,0,0,0,0,0,0,0,0,0,0,0,0,0,0,0,0,0,0,0,0,0,0,0,0,0,0,0,0,0,0
Robeson County Sheriff's Office,1990-05-01,North Carolina,74918,NC07800,breakdown offenses,adjustment,adjustment,adjustment,adjustment,adjustment,breakdown offenses,breakdown offenses,breakdown offenses,0,0,0,1,0,0,0,0,0,0,0,0,0,20,3,6,2,9,0,32,30,2,0,12,3,2,0,1,68,0,20,21,47,68,1,0,0,0,0,0,0,0,0,0,18,3,4,2,9,0,8,8,0,0,3,4,2,0,2,34,0,18,19,15,34,0,0,0,0,0,0,0,0,0,0,0,0,0,0,0,0,0,0,0,0,0,0,0,0,0,0,0,0,0,0,0,0,0,0,0,0,0,0,0,0,0,3,0,0,0,3,0,0,0,0,0,0,0,0,0,0,3,0,3,3,0,3
Robeson County Sheriff's Office,1990-04-01,North Carolina,74918,NC07800,breakdown offenses,adjustment,adjustment,adjustment,adjustment,adjustment,breakdown offenses,breakdown offenses,breakdown offenses,0,0,0,1,0,2,2,0,0,0,0,0,0,24,5,7,4,8,0,23,20,3,0,23,6,2,1,3,79,0,24,27,52,79,1,0,0,0,0,0,0,0,0,0,20,3,5,4,8,0,9,8,1,0,9,5,2,1,2,44,0,20,21,23,44,0,0,0,0,0,0,0,0,0,0,0,0,0,0,0,0,0,0,0,0,0,0,0,0,0,0,0,0,0,0,0,0,0,0,0,0,0,0,0,0,0,0,0,0,0,0,0,0,0,0,0,0,0,0,0,0,0,0,0,0,0,0
Robeson County Sheriff's Office,1990-03-01,North Carolina,74918,NC07800,breakdown offenses,adjustment,adjustment,adjustment,adjustment,adjustment,breakdown offenses,breakdown offenses,breakdown offenses,0,0,0,1,0,0,0,0,0,0,0,0,0,21,1,6,2,12,0,36,36,0,0,19,3,0,1,2,80,0,21,22,58,80,1,0,0,0,0,0,0,0,0,0,20,1,5,2,12,0,10,10,0,0,9,2,0,1,1,42,0,20,21,21,42,0,0,0,0,0,0,0,0,0,0,0,0,0,0,0,0,0,0,0,0,0,0,0,0,0,0,0,0,0,0,0,0,0,0,0,0,0,0,0,0,0,0,0,0,0,0,0,0,0,0,0,0,0,0,0,0,0,0,0,0,0,0
Robeson County Sheriff's Office,1990-02-01,North Carolina,74918,NC07800,breakdown offenses,adjustment,adjustment,adjustment,adjustment,adjustment,breakdown offenses,breakdown offenses,breakdown offenses,0,0,0,1,0,0,0,0,0,0,0,0,0,36,4,12,4,16,0,32,30,2,0,10,8,1,3,4,87,0,36,37,50,87,1,0,0,0,0,0,0,0,0,0,34,4,10,4,16,0,12,12,0,0,3,1,0,1,0,51,0,34,35,16,51,0,0,0,0,0,0,0,0,0,0,0,0,0,0,0,0,0,0,0,0,0,0,0,0,0,0,0,0,0,0,0,0,0,0,0,0,0,0,0,0,0,0,0,0,0,0,0,0,0,0,0,0,0,0,0,0,0,0,0,0,0,0
Robeson County Sheriff's Office,1990-01-01,North Carolina,74918,NC07800,breakdown offenses,adjustment,adjustment,adjustment,adjustment,adjustment,breakdown offenses,breakdown offenses,breakdown offenses,0,0,0,0,0,0,0,0,0,0,0,0,0,24,0,2,6,4,12,53,52,0,1,10,6,2,0,4,93,0,12,12,69,81,0,0,0,0,0,0,0,0,0,0,20,0,1,4,3,12,22,22,0,0,6,3,1,0,2,51,0,8,8,31,39,0,0,0,0,0,0,0,0,0,0,0,0,0,0,0,0,0,0,0,0,0,0,0,0,0,0,0,0,0,0,0,0,0,0,0,0,0,0,0,0,0,0,0,0,0,0,0,0,0,0,0,0,0,0,0,0,0,0,0,0,0,0
Robeson County Sheriff's Office,1989-12-01,North Carolina,76718,NC07800,breakdown offenses,adjustment,adjustment,adjustment,adjustment,adjustment,breakdown offenses,breakdown offenses,breakdown offenses,0,0,0,2,0,0,0,0,0,0,0,0,0,20,3,7,1,9,0,41,39,2,0,15,6,2,0,4,84,0,20,22,62,84,1,0,0,0,0,0,0,0,0,0,20,3,7,1,9,0,15,14,1,0,8,3,2,0,1,47,0,20,21,26,47,0,0,0,0,0,0,0,0,0,0,0,0,0,0,0,0,0,0,0,0,0,0,0,0,0,0,0,0,0,0,0,0,0,0,0,0,0,0,0,0,0,0,0,0,0,0,0,0,0,0,0,0,0,0,0,0,0,0,0,0,0,0
Robeson County Sheriff's Office,1989-11-01,North Carolina,76718,NC07800,breakdown offenses,adjustment,adjustment,adjustment,adjustment,adjustment,breakdown offenses,breakdown offenses,breakdown offenses,0,0,0,1,0,0,0,0,1,0,1,0,0,17,3,2,4,8,0,43,40,3,0,10,6,2,0,4,78,0,17,19,59,78,1,0,0,0,0,1,0,1,0,0,15,2,1,4,8,0,11,10,1,0,4,2,1,0,1,34,0,15,17,17,34,0,0,0,0,0,0,0,0,0,0,0,0,0,0,0,0,0,0,0,0,0,0,0,0,0,0,0,0,0,0,0,0,0,0,0,0,0,0,0,0,0,0,0,0,0,0,0,0,0,0,0,0,0,0,0,0,0,0,0,0,0,0
Robeson County Sheriff's Office,1989-10-01,North Carolina,76718,NC07800,breakdown offenses,adjustment,adjustment,adjustment,adjustment,adjustment,breakdown offenses,breakdown offenses,breakdown offenses,0,0,1,0,0,1,1,0,0,0,0,0,0,12,1,3,1,2,5,49,40,9,0,10,5,1,0,4,77,0,7,8,64,72,0,0,0,0,0,0,0,0,0,0,12,1,4,0,2,5,10,10,0,0,6,3,2,0,1,31,0,7,7,19,26,0,0,0,0,0,0,0,0,0,0,0,0,0,0,0,0,0,0,0,0,0,0,0,0,0,0,0,0,0,0,0,0,0,0,0,0,0,0,0,0,0,0,0,0,0,0,0,0,0,0,0,0,0,0,0,0,0,0,0,0,0,0
Robeson County Sheriff's Office,1989-09-01,North Carolina,76718,NC07800,breakdown offenses,normal return,normal return,normal return,normal return,normal return,breakdown offenses,breakdown offenses,breakdown offenses,0,0,0,2,0,1,1,0,0,0,0,0,0,21,3,6,0,12,0,31,31,0,0,10,7,4,1,2,72,0,21,24,48,72,2,0,1,1,0,0,0,0,0,0,20,3,5,0,12,0,10,10,0,0,6,5,3,0,2,44,0,20,23,21,44,0,0,1,1,0,0,0,0,0,0,0,0,0,0,0,0,0,0,0,0,0,0,0,0,0,1,0,0,1,0,1,0,0,0,0,0,0,0,0,0,0,0,0,0,0,0,0,0,0,0,0,0,0,0,0,0,0,0,0,0,0,0
Robeson County Sheriff's Office,1989-08-01,North Carolina,76718,NC07800,breakdown offenses,normal return,normal return,normal return,normal return,normal return,breakdown offenses,breakdown offenses,breakdown offenses,0,0,0,0,0,2,2,0,1,1,0,0,0,19,3,6,2,8,0,30,30,0,0,15,7,2,1,4,74,0,19,22,52,74,0,0,2,2,0,1,1,0,0,0,19,3,6,2,8,0,14,14,0,0,8,4,2,0,2,48,0,19,22,26,48,0,0,0,0,0,0,0,0,0,0,0,0,0,0,0,0,0,0,0,0,0,0,0,0,0,0,0,0,0,0,0,0,0,0,0,0,0,0,0,0,0,4,0,0,0,4,0,0,0,0,0,0,0,0,0,0,4,0,4,4,0,4
Robeson County Sheriff's Office,1989-07-01,North Carolina,76718,NC07800,breakdown offenses,normal return,normal return,normal return,normal return,normal return,breakdown offenses,breakdown offenses,breakdown offenses,0,0,0,0,0,0,0,0,0,0,0,0,0,22,4,6,0,12,0,23,20,3,0,10,2,1,0,1,57,0,22,22,35,57,0,0,0,0,0,0,0,0,0,0,19,4,3,0,12,0,9,6,3,0,4,2,1,0,1,34,0,19,19,15,34,0,0,0,0,0,0,0,0,0,0,0,0,0,0,0,0,0,0,0,0,0,0,0,0,0,0,0,0,0,0,0,0,0,0,0,0,0,0,0,0,0,0,0,0,0,0,0,0,0,0,0,0,0,0,0,0,0,0,0,0,0,0
Robeson County Sheriff's Office,1989-06-01,North Carolina,76718,NC07800,breakdown offenses,adjustment,adjustment,adjustment,adjustment,adjustment,breakdown offenses,breakdown offenses,breakdown offenses,0,0,0,0,0,0,0,0,0,0,0,0,0,19,3,4,2,10,0,51,51,0,0,27,6,2,1,3,103,0,19,19,84,103,0,0,0,0,0,0,0,0,0,0,17,2,4,1,10,0,24,24,0,0,9,5,2,1,2,55,0,17,17,38,55,0,0,0,0,0,0,0,0,0,0,0,0,0,0,0,0,6,6,0,0,3,0,0,0,0,9,0,0,0,9,9,0,0,0,0,0,0,0,0,0,0,0,0,0,0,0,0,0,0,0,0,0,0,0,0,0,0,0,0,0,0,0
Robeson County Sheriff's Office,1989-05-01,North Carolina,76718,NC07800,breakdown offenses,adjustment,adjustment,adjustment,adjustment,adjustment,breakdown offenses,breakdown offenses,breakdown offenses,0,0,0,0,0,2,2,0,0,0,0,0,0,6,1,2,0,3,0,40,40,0,0,22,8,3,2,3,78,0,6,8,70,78,0,0,2,2,0,0,0,0,0,0,6,1,2,0,3,0,8,8,0,0,8,3,2,0,1,27,0,6,8,19,27,0,0,1,1,0,0,0,0,0,0,1,0,1,0,0,0,0,0,0,0,0,0,0,0,0,2,0,1,2,0,2,0,0,0,0,0,0,0,0,0,0,0,0,0,0,0,0,0,0,0,0,0,0,0,0,0,0,0,0,0,0,0
Robeson County Sheriff's Office,1989-04-01,North Carolina,76718,NC07800,breakdown offenses,adjustment,adjustment,adjustment,adjustment,adjustment,breakdown offenses,breakdown offenses,breakdown offenses,0,0,0,2,0,1,1,0,0,0,0,0,0,13,3,2,0,8,0,37,37,0,0,14,6,1,1,4,73,0,13,16,57,73,2,0,1,1,0,0,0,0,0,0,13,3,2,0,8,0,16,16,0,0,6,5,1,1,3,43,0,13,16,27,43,1,0,0,0,0,0,0,0,0,0,0,0,0,0,0,0,0,0,0,0,0,0,0,0,0,1,0,0,1,0,1,0,0,0,0,0,0,0,0,0,0,0,0,0,0,0,0,0,0,0,0,0,0,0,0,0,0,0,0,0,0,0
Robeson County Sheriff's Office,1989-03-01,North Carolina,76718,NC07800,breakdown offenses,adjustment,adjustment,adjustment,adjustment,adjustment,breakdown offenses,breakdown offenses,breakdown offenses,0,0,0,2,0,3,3,0,0,0,0,0,0,13,2,4,0,3,4,68,64,4,0,23,7,2,2,3,116,0,9,14,98,112,2,0,3,3,0,0,0,0,0,0,12,1,4,0,3,4,28,24,4,0,8,7,2,2,3,60,0,8,13,43,56,0,0,0,0,0,0,0,0,0,0,0,0,0,0,0,0,2,2,0,0,3,0,0,0,0,5,0,0,0,5,5,0,0,0,0,0,0,0,0,0,0,0,0,0,0,0,0,0,0,0,0,0,0,0,0,0,0,0,0,0,0,0
Robeson County Sheriff's Office,1989-02-01,North Carolina,76718,NC07800,breakdown offenses,adjustment,adjustment,adjustment,adjustment,adjustment,breakdown offenses,breakdown offenses,breakdown offenses,0,0,0,1,0,0,0,0,0,0,0,0,0,16,3,5,0,8,0,52,50,2,0,11,3,2,0,1,83,0,16,17,66,83,1,0,0,0,0,0,0,0,0,0,16,3,5,0,8,0,11,11,0,0,4,3,2,0,1,35,0,16,17,18,35,0,0,0,0,0,0,0,0,0,0,0,0,0,0,0,0,0,0,0,0,0,0,0,0,0,0,0,0,0,0,0,0,0,0,0,0,0,0,0,0,0,0,0,0,0,0,0,0,0,0,0,0,0,0,0,0,0,0,0,0,0,0
Robeson County Sheriff's Office,1989-01-01,North Carolina,76718,NC07800,breakdown offenses,adjustment,adjustment,adjustment,adjustment,adjustment,breakdown offenses,breakdown offenses,breakdown offenses,0,0,0,4,0,0,0,0,2,1,0,0,1,5,4,1,0,0,0,50,50,0,0,28,15,4,3,8,104,0,5,11,93,104,4,0,0,0,0,0,0,0,0,0,5,4,1,0,0,0,8,8,0,0,6,7,3,1,3,30,0,5,9,21,30,0,0,0,0,0,0,0,0,0,0,0,0,0,0,0,0,0,0,0,0,0,0,0,0,0,0,0,0,0,0,0,0,0,0,0,0,0,0,0,0,0,0,0,0,0,0,0,0,0,0,0,0,0,0,0,0,0,0,0,0,0,0
Robeson County Sheriff's Office,1988-12-01,North Carolina,76334,NC07800,breakdown offenses,adjustment,adjustment,adjustment,adjustment,adjustment,breakdown offenses,breakdown offenses,breakdown offenses,0,0,0,0,0,1,1,0,1,1,0,0,0,12,1,3,2,6,0,38,31,7,0,11,7,1,2,4,70,0,12,14,56,70,0,0,0,0,0,1,1,0,0,0,12,2,2,2,6,0,13,12,1,0,3,7,2,2,3,36,0,12,13,23,36,0,0,0,0,0,1,1,0,0,0,0,0,0,0,0,0,0,0,0,0,0,0,0,0,0,1,0,0,1,0,1,0,0,0,0,0,0,0,0,0,0,0,0,0,0,0,0,0,0,0,0,0,0,0,0,0,0,0,0,0,0,0
Robeson County Sheriff's Office,1988-11-01,North Carolina,76334,NC07800,breakdown offenses,adjustment,adjustment,adjustment,adjustment,adjustment,breakdown offenses,breakdown offenses,breakdown offenses,0,0,0,0,0,0,0,0,0,0,0,0,0,19,9,3,0,7,0,58,58,0,0,27,12,6,2,4,116,0,19,19,97,116,0,0,0,0,0,0,0,0,0,0,15,6,2,0,7,0,13,13,0,0,6,10,5,3,2,44,0,15,15,29,44,0,0,0,0,0,0,0,0,0,0,0,0,0,0,0,0,3,3,0,0,0,0,0,0,0,3,0,0,0,3,3,0,0,0,0,0,0,0,0,0,0,0,0,0,0,0,0,0,0,0,0,0,0,0,0,0,0,0,0,0,0,0
Robeson County Sheriff's Office,1988-10-01,North Carolina,76334,NC07800,breakdown offenses,adjustment,adjustment,adjustment,adjustment,adjustment,breakdown offenses,breakdown offenses,breakdown offenses,0,0,0,0,0,1,1,0,1,1,0,0,0,15,7,4,2,2,0,57,57,0,0,39,14,6,3,5,127,0,15,17,110,127,0,0,1,1,0,0,0,0,0,0,10,3,4,2,1,0,10,10,0,0,7,9,6,1,2,37,0,10,11,26,37,0,0,0,0,0,0,0,0,0,0,0,0,0,0,0,0,0,0,0,0,0,1,0,0,1,1,0,0,0,1,1,0,0,2,2,0,0,0,0,0,0,0,0,0,0,0,0,2,2,0,0,1,0,0,0,0,5,0,0,2,3,5
Robeson County Sheriff's Office,1988-09-01,North Carolina,76334,NC07800,breakdown offenses,normal return,normal return,normal return,normal return,normal return,breakdown offenses,breakdown offenses,breakdown offenses,0,0,0,0,0,3,3,0,2,0,0,0,2,13,4,4,2,3,0,76,76,0,0,50,13,7,2,4,157,0,13,18,139,157,0,0,3,3,0,0,0,0,0,0,6,2,2,1,1,0,3,2,1,0,5,4,3,0,1,21,0,6,9,12,21,0,0,0,0,0,0,0,0,0,0,0,0,0,0,0,0,2,2,0,0,1,1,1,0,0,4,0,0,0,4,4,0,0,1,1,0,0,0,0,0,0,0,0,0,0,0,0,0,0,0,0,0,2,1,1,0,3,0,0,1,2,3
Robeson County Sheriff's Office,1988-08-01,North Carolina,76334,NC07800,breakdown offenses,adjustment,adjustment,adjustment,adjustment,adjustment,breakdown offenses,breakdown offenses,breakdown offenses,0,0,0,1,0,0,0,0,0,0,0,0,0,6,3,1,2,0,0,68,36,19,13,46,13,7,3,3,134,0,6,7,127,134,1,0,0,0,0,0,0,0,0,0,6,3,1,2,0,0,18,11,7,0,15,7,4,2,1,47,0,6,7,40,47,0,0,0,0,0,0,0,0,0,0,0,0,0,0,0,0,0,0,0,0,0,0,0,0,0,0,0,0,0,0,0,0,0,0,0,0,0,0,0,0,0,0,0,0,0,0,0,0,0,0,0,0,0,0,0,0,0,0,0,0,0,0
Robeson County Sheriff's Office,1988-07-01,North Carolina,76334,NC07800,breakdown offenses,adjustment,adjustment,adjustment,adjustment,adjustment,breakdown offenses,breakdown offenses,breakdown offenses,0,0,0,2,0,0,0,0,0,0,0,0,0,9,3,4,0,2,0,47,37,10,0,43,12,5,4,3,113,0,9,11,102,113,2,0,0,0,0,0,0,0,0,0,9,3,4,0,2,0,13,10,3,0,16,7,3,2,2,47,0,9,11,36,47,0,0,0,0,0,0,0,0,0,0,0,0,0,0,0,0,0,0,0,0,0,0,0,0,0,0,0,0,0,0,0,0,0,0,0,0,0,0,0,0,0,0,0,0,0,0,0,0,0,0,0,0,0,0,0,0,0,0,0,0,0,0
Robeson County Sheriff's Office,1988-06-01,North Carolina,76334,NC07800,breakdown offenses,adjustment,adjustment,adjustment,adjustment,adjustment,breakdown offenses,breakdown offenses,breakdown offenses,0,0,2,0,0,0,0,0,1,0,0,0,1,5,0,2,1,2,0,56,36,20,0,44,11,9,0,2,117,0,5,6,111,117,0,0,0,0,0,1,0,0,0,1,4,0,1,1,2,0,13,7,6,0,16,5,4,0,1,39,0,4,5,34,39,0,0,0,0,0,0,0,0,0,0,2,0,1,1,0,0,0,0,0,0,0,0,0,0,0,2,0,2,2,0,2,0,0,0,0,0,0,0,0,0,0,0,0,0,0,0,0,0,0,0,0,0,0,0,0,0,0,0,0,0,0,0
Robeson County Sheriff's Office,1988-05-01,North Carolina,76334,NC07800,breakdown offenses,adjustment,adjustment,adjustment,adjustment,adjustment,breakdown offenses,breakdown offenses,breakdown offenses,0,0,0,1,0,0,0,0,2,1,0,0,1,8,4,0,0,2,2,60,35,15,10,34,14,8,1,5,119,0,6,9,108,117,1,0,0,0,0,0,0,0,0,0,8,4,0,0,2,2,11,7,4,0,8,6,4,1,1,34,0,6,7,25,32,0,0,0,0,0,0,0,0,0,0,0,0,0,0,0,0,2,0,2,0,0,0,0,0,0,2,0,0,0,2,2,0,0,0,0,0,0,0,0,0,0,0,0,0,0,0,0,0,0,0,0,0,0,0,0,0,0,0,0,0,0,0
Robeson County Sheriff's Office,1988-04-01,North Carolina,76334,NC07800,breakdown offenses,adjustment,adjustment,adjustment,adjustment,adjustment,breakdown offenses,breakdown offenses,breakdown offenses,0,0,0,2,0,1,1,0,1,1,0,0,0,5,3,1,1,0,0,57,34,15,8,41,11,5,2,4,118,0,5,9,109,118,2,0,0,0,0,0,0,0,0,0,5,3,1,1,0,0,19,9,2,8,14,3,1,1,1,43,0,5,7,36,43,0,0,0,0,0,0,0,0,0,0,0,0,0,0,0,0,0,0,0,0,0,0,0,0,0,0,0,0,0,0,0,0,0,0,0,0,0,0,0,0,0,0,0,0,0,0,0,0,0,0,0,0,0,0,0,0,0,0,0,0,0,0
Robeson County Sheriff's Office,1988-03-01,North Carolina,76334,NC07800,breakdown offenses,adjustment,adjustment,adjustment,adjustment,adjustment,breakdown offenses,breakdown offenses,breakdown offenses,0,0,0,3,0,0,0,0,2,2,0,0,0,8,2,1,4,1,0,66,48,15,3,59,12,5,2,5,150,0,8,13,137,150,3,0,0,0,0,0,0,0,0,0,6,2,1,3,0,0,8,8,0,0,8,8,4,1,3,33,0,6,9,24,33,0,0,0,0,0,0,0,0,0,0,0,0,0,0,0,0,1,1,0,0,0,0,0,0,0,1,0,0,0,1,1,0,0,0,0,0,0,0,0,0,0,0,0,0,0,0,0,0,0,0,0,0,0,0,0,0,0,0,0,0,0,0
Robeson County Sheriff's Office,1988-02-01,North Carolina,76334,NC07800,breakdown offenses,adjustment,adjustment,adjustment,adjustment,adjustment,breakdown offenses,breakdown offenses,breakdown offenses,0,0,0,0,0,0,0,0,4,1,1,0,2,6,1,2,1,2,0,109,72,27,10,48,13,11,0,2,180,0,6,10,170,180,0,0,0,0,0,1,1,0,0,0,3,1,2,0,0,0,0,0,0,0,1,1,1,0,0,6,0,3,4,2,6,0,0,0,0,0,0,0,0,0,0,0,0,0,0,0,0,0,0,0,0,0,0,0,0,0,0,0,0,0,0,0,0,0,0,0,0,0,0,0,0,0,0,0,0,0,0,0,0,0,0,0,0,0,0,0,0,0,0,0,0,0,0
Robeson County Sheriff's Office,1988-01-01,North Carolina,76334,NC07800,breakdown offenses,adjustment,adjustment,adjustment,adjustment,adjustment,breakdown offenses,breakdown offenses,breakdown offenses,0,0,0,1,0,0,0,0,3,0,3,0,0,5,4,1,0,0,0,109,84,17,8,42,12,7,0,5,172,0,5,9,163,172,1,0,0,0,0,1,0,1,0,0,3,2,1,0,0,0,13,5,7,1,5,1,0,0,1,24,0,3,5,19,24,0,0,0,0,0,0,0,0,0,0,0,0,0,0,0,0,0,0,0,0,0,0,0,0,0,0,0,0,0,0,0,0,0,0,0,0,0,0,0,0,0,0,0,0,0,0,0,0,0,0,0,0,0,0,0,0,0,0,0,0,0,0
Robeson County Sheriff's Office,1987-12-01,North Carolina,75115,NC07800,breakdown offenses,adjustment,adjustment,adjustment,adjustment,adjustment,breakdown offenses,breakdown offenses,breakdown offenses,0,0,0,0,0,1,1,0,0,0,0,0,0,8,2,2,1,3,0,49,49,0,0,25,6,3,3,0,89,0,8,9,80,89,0,0,0,0,0,0,0,0,0,0,11,3,3,2,3,0,14,14,0,0,4,0,0,0,0,29,0,11,11,18,29,0,0,0,0,0,0,0,0,0,0,0,0,0,0,0,0,4,4,0,0,0,0,0,0,0,4,0,0,0,4,4,0,0,0,0,0,0,0,0,0,0,0,0,0,0,0,0,0,0,0,0,0,0,0,0,0,0,0,0,0,0,0
Robeson County Sheriff's Office,1987-11-01,North Carolina,75115,NC07800,breakdown offenses,adjustment,adjustment,adjustment,adjustment,adjustment,breakdown offenses,breakdown offenses,breakdown offenses,0,0,0,1,0,3,3,0,0,0,0,0,0,45,3,2,1,1,38,42,42,0,0,23,3,1,2,0,117,0,7,11,68,79,1,0,0,0,0,0,0,0,0,0,45,3,2,1,1,38,6,6,0,0,4,1,1,0,0,57,0,7,8,11,19,0,0,0,0,0,0,0,0,0,0,2,0,0,0,0,2,3,3,0,0,1,0,0,0,0,6,0,0,0,4,4,0,0,0,0,0,0,0,0,0,0,0,0,0,0,0,0,0,0,0,0,0,0,0,0,0,0,0,0,0,0,0
Robeson County Sheriff's Office,1987-10-01,North Carolina,75115,NC07800,breakdown offenses,adjustment,adjustment,adjustment,adjustment,adjustment,breakdown offenses,breakdown offenses,breakdown offenses,0,0,0,1,0,3,1,2,2,1,0,0,1,15,2,3,2,1,7,20,20,0,0,31,8,7,1,0,80,0,8,14,59,73,1,0,2,1,1,2,1,0,0,1,15,2,3,2,1,7,17,17,0,0,8,1,1,0,0,46,0,8,13,26,39,0,0,0,0,0,1,0,0,0,1,7,0,0,0,0,7,5,5,0,0,1,0,0,0,0,14,0,0,1,6,7,0,0,0,0,0,0,0,0,0,0,0,0,0,0,0,0,0,0,0,0,0,0,0,0,0,0,0,0,0,0,0
Robeson County Sheriff's Office,1987-09-01,North Carolina,75115,NC07800,breakdown offenses,normal return,normal return,normal return,normal return,normal return,breakdown offenses,breakdown offenses,breakdown offenses,0,0,0,1,0,0,0,0,2,2,0,0,0,56,5,0,2,0,49,17,17,0,0,32,9,6,3,0,117,0,7,10,58,68,1,0,0,0,0,1,1,0,0,0,54,4,0,1,0,49,12,12,0,0,7,0,0,0,0,75,0,5,7,19,26,0,0,0,0,0,0,0,0,0,0,1,0,0,0,0,1,4,4,0,0,1,0,0,0,0,6,0,0,0,5,5,0,0,0,0,0,0,0,0,0,0,0,0,0,0,0,0,0,0,0,0,0,0,0,0,0,0,0,0,0,0,0
Robeson County Sheriff's Office,1987-08-01,North Carolina,75115,NC07800,breakdown offenses,normal return,normal return,normal return,normal return,normal return,breakdown offenses,breakdown offenses,breakdown offenses,0,0,0,0,0,1,1,0,3,2,0,0,1,29,1,1,0,1,26,29,29,0,0,28,16,10,6,0,106,0,3,7,73,80,0,0,1,1,0,0,0,0,0,0,29,1,1,0,1,26,8,8,0,0,7,0,0,0,0,45,0,3,4,15,19,0,0,0,0,0,0,0,0,0,0,2,0,0,0,0,2,2,2,0,0,2,0,0,0,0,6,0,0,0,4,4,0,0,0,0,0,0,0,0,0,0,0,0,0,0,0,0,0,0,0,0,0,0,0,0,0,0,0,0,0,0,0
Robeson County Sheriff's Office,1987-07-01,North Carolina,75115,NC07800,breakdown offenses,normal return,normal return,normal return,normal return,normal return,breakdown offenses,breakdown offenses,breakdown offenses,0,0,0,0,0,0,0,0,3,1,0,0,2,54,1,4,1,1,47,33,33,0,0,23,9,7,2,0,122,0,7,10,65,75,0,0,0,0,0,3,1,0,0,2,55,1,4,2,1,47,12,12,0,0,14,0,0,0,0,84,0,8,11,26,37,0,0,0,0,0,1,0,0,0,1,1,0,0,0,0,1,1,1,0,0,2,0,0,0,0,5,0,0,1,3,4,0,0,0,0,0,0,0,0,0,0,0,0,0,0,0,0,0,0,0,0,0,0,0,0,0,0,0,0,0,0,0
Robeson County Sheriff's Office,1987-06-01,North Carolina,75115,NC07800,breakdown offenses,adjustment,adjustment,adjustment,adjustment,adjustment,breakdown offenses,breakdown offenses,breakdown offenses,0,0,0,1,0,1,1,0,0,0,0,0,0,49,1,5,3,1,39,22,22,0,0,33,7,6,1,0,113,0,10,12,62,74,1,0,0,0,0,0,0,0,0,0,49,1,5,3,1,39,22,22,0,0,10,0,0,0,0,82,0,10,11,32,43,0,0,0,0,0,0,0,0,0,0,4,0,0,0,0,4,10,10,0,0,3,0,0,0,0,17,0,0,0,13,13,0,0,0,0,0,0,0,0,0,0,0,0,0,0,0,0,0,0,0,0,0,0,0,0,0,0,0,0,0,0,0
Robeson County Sheriff's Office,1987-05-01,North Carolina,75115,NC07800,breakdown offenses,normal return,normal return,normal return,normal return,normal return,breakdown offenses,breakdown offenses,breakdown offenses,0,0,0,1,0,0,0,0,1,0,0,0,1,47,3,2,2,2,38,34,34,0,0,37,3,1,2,0,123,0,9,11,74,85,0,0,0,0,0,1,0,0,0,1,46,3,2,2,1,38,5,5,0,0,4,0,0,0,0,56,0,8,9,9,18,0,0,0,0,0,0,0,0,0,0,0,0,0,0,0,0,0,0,0,0,1,0,0,0,0,1,0,0,0,1,1,0,0,0,0,0,0,0,0,0,0,0,0,0,0,0,0,0,0,0,0,0,0,0,0,0,0,0,0,0,0,0
Robeson County Sheriff's Office,1987-04-01,North Carolina,75115,NC07800,breakdown offenses,normal return,normal return,normal return,normal return,normal return,breakdown offenses,breakdown offenses,breakdown offenses,0,0,0,0,0,3,3,0,1,0,0,1,0,32,0,2,2,0,28,30,30,0,0,32,5,4,1,0,103,0,4,8,67,75,0,0,2,2,0,0,0,0,0,0,33,1,2,2,0,28,19,19,0,0,6,0,0,0,0,60,0,5,7,25,32,0,0,1,1,0,0,0,0,0,0,0,0,0,0,0,0,6,6,0,0,2,0,0,0,0,9,0,0,1,8,9,0,0,0,0,0,0,0,0,0,0,0,0,0,0,0,0,0,0,0,0,0,0,0,0,0,0,0,0,0,0,0
Robeson County Sheriff's Office,1987-03-01,North Carolina,75115,NC07800,breakdown offenses,normal return,normal return,normal return,normal return,normal return,breakdown offenses,breakdown offenses,breakdown offenses,0,0,0,0,0,1,1,0,0,0,0,0,0,36,1,1,0,2,32,26,26,0,0,27,10,8,2,0,100,0,4,5,63,68,0,0,1,1,0,0,0,0,0,0,36,1,1,0,2,32,17,17,0,0,8,2,2,0,0,64,0,4,5,27,32,0,0,0,0,0,0,0,0,0,0,2,0,0,0,0,2,4,4,0,0,4,0,0,0,0,10,0,0,0,8,8,0,0,0,0,0,0,0,0,0,0,0,0,0,0,0,0,0,0,0,0,0,0,0,0,0,0,0,0,0,0,0
Robeson County Sheriff's Office,1987-02-01,North Carolina,75115,NC07800,breakdown offenses,normal return,normal return,normal return,normal return,normal return,breakdown offenses,breakdown offenses,breakdown offenses,0,0,0,0,0,1,1,0,1,1,0,0,0,20,0,2,1,3,14,38,38,0,0,30,7,3,2,2,97,0,6,8,75,83,0,0,1,1,0,0,0,0,0,0,20,0,2,1,3,14,10,10,0,0,3,0,0,0,0,34,0,6,7,13,20,0,0,0,0,0,0,0,0,0,0,1,0,0,0,0,1,2,2,0,0,1,0,0,0,0,4,0,0,0,3,3,0,0,0,0,0,0,0,0,0,0,0,0,0,0,0,0,0,0,0,0,0,0,0,0,0,0,0,0,0,0,0
Robeson County Sheriff's Office,1987-01-01,North Carolina,75115,NC07800,breakdown offenses,normal return,normal return,normal return,normal return,normal return,breakdown offenses,breakdown offenses,breakdown offenses,0,0,0,1,0,3,3,0,1,0,0,1,0,40,1,1,0,0,38,38,38,0,0,27,11,8,2,1,121,0,2,7,76,83,1,0,2,2,0,0,0,0,0,0,42,2,2,0,0,38,23,23,0,0,9,2,2,0,0,79,0,4,7,34,41,0,0,0,0,0,0,0,0,0,0,1,0,0,0,0,1,3,3,0,0,1,0,0,0,0,5,0,0,0,4,4,0,0,0,0,0,0,0,0,0,0,0,0,0,0,0,0,0,0,0,0,0,0,0,0,0,0,0,0,0,0,0
Robeson County Sheriff's Office,1986-12-01,North Carolina,75815,NC07800,breakdown offenses,adjustment,adjustment,adjustment,adjustment,adjustment,breakdown offenses,breakdown offenses,breakdown offenses,0,0,0,1,0,0,0,0,0,0,0,0,0,25,2,1,2,0,20,32,32,0,0,18,12,7,5,0,88,0,5,6,62,68,1,0,0,0,0,0,0,0,0,0,36,7,1,8,0,20,9,9,0,0,7,0,0,0,0,53,0,16,17,16,33,0,0,0,0,0,0,0,0,0,0,7,2,0,4,0,1,0,0,0,0,2,0,0,0,0,9,0,6,6,2,8,0,0,0,0,0,0,0,0,0,0,0,0,0,0,0,0,0,0,0,0,0,0,0,0,0,0,0,0,0,0,0
Robeson County Sheriff's Office,1986-11-01,North Carolina,75815,NC07800,breakdown offenses,adjustment,adjustment,adjustment,adjustment,adjustment,breakdown offenses,breakdown offenses,breakdown offenses,0,0,0,3,0,0,0,0,0,0,0,0,0,33,0,1,0,1,31,46,46,0,0,25,9,5,4,0,116,0,2,5,80,85,2,0,0,0,0,0,0,0,0,0,35,2,1,0,1,31,6,6,0,0,5,1,1,0,0,49,0,4,6,12,18,0,0,0,0,0,0,0,0,0,0,1,0,0,0,0,1,0,0,0,0,0,0,0,0,0,1,0,0,0,0,0,0,0,0,0,0,0,0,0,0,0,0,0,0,0,0,0,0,0,0,0,0,0,0,0,0,0,0,0,0,0,0
Robeson County Sheriff's Office,1986-10-01,North Carolina,75815,NC07800,breakdown offenses,adjustment,adjustment,adjustment,adjustment,adjustment,breakdown offenses,breakdown offenses,breakdown offenses,0,0,0,1,0,1,1,0,1,1,0,0,0,33,3,3,2,0,25,28,28,0,0,28,12,10,1,1,104,0,8,11,68,79,1,0,1,1,0,0,0,0,0,0,40,5,5,5,0,25,7,7,0,0,9,2,2,0,0,60,0,15,17,18,35,0,0,0,0,0,0,0,0,0,0,0,0,0,0,0,0,4,4,0,0,2,1,1,0,0,7,0,0,0,7,7,0,0,0,0,0,0,0,0,0,0,0,0,0,0,0,0,0,0,0,0,0,0,0,0,0,0,0,0,0,0,0
Robeson County Sheriff's Office,1986-09-01,North Carolina,75815,NC07800,breakdown offenses,adjustment,adjustment,adjustment,adjustment,adjustment,breakdown offenses,breakdown offenses,breakdown offenses,0,0,0,0,0,0,0,0,0,0,0,0,0,17,2,0,0,1,14,22,22,0,0,37,10,6,3,1,86,0,3,3,69,72,0,0,0,0,0,0,0,0,0,0,21,6,0,0,1,14,12,12,0,0,5,0,0,0,0,38,0,7,7,17,24,0,0,0,0,0,0,0,0,0,0,0,0,0,0,0,0,2,2,0,0,0,0,0,0,0,2,0,0,0,2,2,0,0,0,0,0,0,0,0,0,0,0,0,0,0,0,0,0,0,0,0,0,0,0,0,0,0,0,0,0,0,0
Robeson County Sheriff's Office,1986-08-01,North Carolina,75815,NC07800,breakdown offenses,normal return,normal return,normal return,normal return,normal return,breakdown offenses,breakdown offenses,breakdown offenses,0,0,0,2,0,3,3,0,0,0,0,0,0,31,3,1,0,0,27,24,24,0,0,46,9,7,1,1,115,0,4,9,79,88,2,0,3,3,0,0,0,0,0,0,39,12,0,0,0,27,2,2,0,0,2,0,0,0,0,48,0,12,17,4,21,0,0,0,0,0,0,0,0,0,0,1,0,0,0,0,1,0,0,0,0,0,0,0,0,0,1,0,0,0,0,0,0,0,0,0,0,0,0,0,0,0,0,0,0,0,0,0,0,0,0,0,0,0,0,0,0,0,0,0,0,0,0
Robeson County Sheriff's Office,1986-07-01,North Carolina,75815,NC07800,breakdown offenses,normal return,normal return,normal return,normal return,normal return,breakdown offenses,breakdown offenses,breakdown offenses,0,0,0,3,0,8,7,1,0,0,0,0,0,50,1,2,1,1,45,20,20,0,0,36,12,3,4,5,129,0,5,16,68,84,3,0,4,4,0,0,0,0,0,0,50,1,2,1,1,45,15,15,0,0,7,2,1,0,1,81,0,5,12,24,36,1,0,0,0,0,0,0,0,0,0,3,0,0,0,0,3,3,3,0,0,1,1,1,0,0,9,0,0,1,5,6,0,0,0,0,0,0,0,0,0,0,0,0,0,0,0,0,0,0,0,0,0,0,0,0,0,0,0,0,0,0,0
Robeson County Sheriff's Office,1986-06-01,North Carolina,75815,NC07800,breakdown offenses,adjustment,adjustment,adjustment,adjustment,adjustment,breakdown offenses,breakdown offenses,breakdown offenses,0,0,0,0,0,1,1,0,1,1,0,0,0,39,2,3,3,0,31,29,29,0,0,44,7,3,2,2,121,0,8,10,80,90,0,0,0,0,0,1,1,0,0,0,37,1,3,2,0,31,12,12,0,0,10,2,2,0,0,62,0,6,7,24,31,0,0,0,0,0,0,0,0,0,0,0,0,0,0,0,0,4,4,0,0,2,0,0,0,0,6,0,0,0,6,6,0,0,0,0,0,0,0,0,0,0,0,0,0,0,0,0,0,0,0,0,0,0,0,0,0,0,0,0,0,0,0
Robeson County Sheriff's Office,1986-05-01,North Carolina,75815,NC07800,breakdown offenses,normal return,normal return,normal return,normal return,normal return,breakdown offenses,breakdown offenses,breakdown offenses,0,0,0,1,0,1,1,0,0,0,0,0,0,24,0,1,0,0,23,24,24,0,0,27,2,1,1,0,79,0,1,3,53,56,1,0,1,1,0,0,0,0,0,0,24,0,1,0,0,23,9,9,0,0,6,1,1,0,0,42,0,1,3,16,19,0,0,0,0,0,0,0,0,0,0,0,0,0,0,0,0,1,1,0,0,1,0,0,0,0,2,0,0,0,2,2,0,0,0,0,0,0,0,0,0,0,0,0,0,0,0,0,0,0,0,0,0,0,0,0,0,0,0,0,0,0,0
Robeson County Sheriff's Office,1986-04-01,North Carolina,75815,NC07800,breakdown offenses,normal return,normal return,normal return,normal return,normal return,breakdown offenses,breakdown offenses,breakdown offenses,0,0,0,1,0,0,0,0,1,1,0,0,0,38,1,0,0,1,36,28,28,0,0,20,6,4,0,2,94,0,2,4,54,58,1,0,0,0,0,0,0,0,0,0,40,3,0,0,1,36,13,13,0,0,5,1,1,0,0,60,0,4,5,19,24,0,0,0,0,0,0,0,0,0,0,3,1,0,0,0,2,4,4,0,0,0,0,0,0,0,7,0,1,1,4,5,0,0,0,0,0,0,0,0,0,0,0,0,0,0,0,0,0,0,0,0,0,0,0,0,0,0,0,0,0,0,0
Robeson County Sheriff's Office,1986-03-01,North Carolina,75815,NC07800,breakdown offenses,normal return,normal return,normal return,normal return,normal return,breakdown offenses,breakdown offenses,breakdown offenses,0,0,0,2,0,2,2,0,2,0,0,0,2,39,2,3,0,0,34,27,27,0,0,30,4,1,3,0,106,0,5,11,61,72,2,0,0,0,0,0,0,0,0,0,43,4,5,0,0,34,20,20,0,0,10,1,1,0,0,76,0,9,11,31,42,0,0,0,0,0,0,0,0,0,0,2,0,0,0,0,2,7,7,0,0,0,0,0,0,0,9,0,0,0,7,7,0,0,0,0,0,0,0,0,0,0,0,0,0,0,0,0,0,0,0,0,0,0,0,0,0,0,0,0,0,0,0
Robeson County Sheriff's Office,1986-02-01,North Carolina,75815,NC07800,breakdown offenses,normal return,normal return,normal return,normal return,normal return,breakdown offenses,breakdown offenses,breakdown offenses,0,0,0,1,0,0,0,0,1,0,0,0,1,31,2,0,0,0,29,36,36,0,0,32,6,4,1,1,107,0,2,4,74,78,1,0,0,0,0,0,0,0,0,0,33,4,0,0,0,29,18,18,0,0,6,1,1,0,0,59,0,4,5,25,30,0,0,0,0,0,0,0,0,0,0,1,0,0,0,0,1,9,9,0,0,1,0,0,0,0,11,0,0,0,10,10,0,0,0,0,0,0,0,0,0,0,0,0,0,0,0,0,0,0,0,0,0,0,0,0,0,0,0,0,0,0,0
Robeson County Sheriff's Office,1986-01-01,North Carolina,75815,NC07800,breakdown offenses,normal return,normal return,normal return,normal return,normal return,breakdown offenses,breakdown offenses,breakdown offenses,0,0,0,1,0,0,0,0,2,2,0,0,0,28,1,0,1,0,26,27,27,0,0,39,13,9,4,0,110,0,2,5,79,84,1,0,0,0,0,2,2,0,0,0,27,1,0,0,0,26,33,33,0,0,19,2,2,0,0,84,0,1,4,54,58,0,0,0,0,0,0,0,0,0,0,0,0,0,0,0,0,5,5,0,0,3,2,2,0,0,10,0,0,0,10,10,0,0,0,0,0,0,0,0,0,0,0,0,0,0,0,0,0,0,0,0,0,0,0,0,0,0,0,0,0,0,0
Robeson County Sheriff's Office,1985-12-01,North Carolina,74850,NC07800,breakdown offenses,adjustment,adjustment,adjustment,adjustment,adjustment,breakdown offenses,breakdown offenses,breakdown offenses,0,0,0,2,0,1,1,0,3,2,0,0,1,19,1,2,0,0,16,47,47,0,0,31,8,6,2,0,111,0,3,9,86,95,4,0,0,0,0,2,0,0,0,2,26,8,2,0,0,16,20,20,0,0,10,1,1,0,0,63,0,10,16,31,47,0,0,0,0,0,0,0,0,0,0,1,1,0,0,0,0,6,6,0,0,4,0,0,0,0,11,0,1,1,10,11,0,0,0,0,0,0,0,0,0,0,0,0,0,0,0,0,0,0,0,0,0,0,0,0,0,0,0,0,0,0,0
Robeson County Sheriff's Office,1985-11-01,North Carolina,74850,NC07800,breakdown offenses,adjustment,adjustment,adjustment,adjustment,adjustment,breakdown offenses,breakdown offenses,breakdown offenses,0,0,0,0,0,3,3,0,2,1,0,0,1,22,0,0,1,0,21,22,22,0,0,29,10,6,1,3,88,0,1,6,61,67,0,0,1,1,0,0,0,0,0,0,25,0,0,4,0,21,4,4,0,0,5,2,2,0,0,37,0,4,5,11,16,0,0,0,0,0,0,0,0,0,0,1,0,0,1,0,0,3,3,0,0,0,0,0,0,0,4,0,1,1,3,4,0,0,0,0,0,0,0,0,0,0,0,0,0,0,0,0,0,0,0,0,0,0,0,0,0,0,0,0,0,0,0
Robeson County Sheriff's Office,1985-10-01,North Carolina,74850,NC07800,breakdown offenses,adjustment,adjustment,adjustment,adjustment,adjustment,breakdown offenses,breakdown offenses,breakdown offenses,0,0,0,6,0,0,0,0,1,0,0,0,1,27,2,0,0,0,25,26,26,0,0,31,11,5,5,1,102,0,2,9,68,77,2,0,0,0,0,0,0,0,0,0,28,3,0,0,0,25,11,11,0,0,4,2,2,0,0,47,0,3,5,17,22,0,0,0,0,0,0,0,0,0,0,3,0,0,0,0,3,4,4,0,0,0,1,1,0,0,8,0,0,0,5,5,0,0,0,0,0,0,0,0,0,0,0,0,0,0,0,0,0,0,0,0,0,0,0,0,0,0,0,0,0,0,0
Robeson County Sheriff's Office,1985-09-01,North Carolina,74850,NC07800,breakdown offenses,normal return,normal return,normal return,normal return,normal return,breakdown offenses,breakdown offenses,breakdown offenses,0,0,0,0,0,0,0,0,1,1,0,0,0,28,4,1,1,1,21,25,25,0,0,32,11,9,1,1,97,0,7,8,68,76,0,0,0,0,0,0,0,0,0,0,29,5,1,1,1,21,11,11,0,0,0,0,0,0,0,40,0,8,8,11,19,0,0,0,0,0,0,0,0,0,0,2,0,0,0,1,1,6,6,0,0,0,0,0,0,0,8,0,1,1,6,7,0,0,0,0,0,0,0,0,0,0,0,0,0,0,0,0,0,0,0,0,0,0,0,0,0,0,0,0,0,0,0
Robeson County Sheriff's Office,1985-08-01,North Carolina,74850,NC07800,breakdown offenses,normal return,normal return,normal return,normal return,normal return,breakdown offenses,breakdown offenses,breakdown offenses,0,0,0,2,0,2,2,0,1,1,0,0,0,32,1,2,1,0,28,24,24,0,0,51,4,2,2,0,116,0,4,9,79,88,1,0,2,2,0,1,1,0,0,0,33,2,2,1,0,28,6,6,0,0,7,4,2,2,0,54,0,5,9,17,26,1,0,0,0,0,0,0,0,0,0,1,1,0,0,0,0,1,1,0,0,0,1,1,0,0,4,0,1,2,2,4,0,0,1,1,0,0,0,0,0,0,0,0,0,0,0,0,0,0,0,0,0,0,0,0,0,1,0,0,1,0,1
Robeson County Sheriff's Office,1985-07-01,North Carolina,74850,NC07800,breakdown offenses,adjustment,adjustment,adjustment,adjustment,adjustment,breakdown offenses,breakdown offenses,breakdown offenses,0,0,0,2,0,3,3,0,2,2,0,0,0,36,2,3,0,2,29,28,28,0,0,31,10,6,4,0,112,0,7,14,69,83,2,0,1,1,0,1,1,0,0,0,50,2,3,0,16,29,5,5,0,0,8,0,0,0,0,67,0,21,25,13,38,0,0,0,0,0,0,0,0,0,0,1,0,0,0,0,1,1,1,0,0,4,0,0,0,0,6,0,0,0,5,5,0,0,0,0,0,0,0,0,0,0,0,0,0,0,0,0,0,0,0,0,0,0,0,0,0,0,0,0,0,0,0
Robeson County Sheriff's Office,1985-06-01,North Carolina,74850,NC07800,breakdown offenses,adjustment,adjustment,adjustment,adjustment,adjustment,breakdown offenses,breakdown offenses,breakdown offenses,0,0,0,1,0,1,1,0,3,0,0,0,3,41,0,5,0,3,33,27,27,0,0,47,9,7,1,1,129,0,8,13,83,96,1,0,1,1,0,3,0,0,0,3,41,0,5,0,3,33,11,11,0,0,8,2,2,0,0,67,0,8,13,21,34,0,0,0,0,0,0,0,0,0,0,1,0,0,0,0,1,6,6,0,0,2,1,1,0,0,10,0,0,0,9,9,0,0,0,0,0,0,0,0,0,0,0,0,0,0,0,0,0,0,0,0,0,0,0,0,0,0,0,0,0,0,0
Robeson County Sheriff's Office,1985-05-01,North Carolina,74850,NC07800,breakdown offenses,adjustment,adjustment,adjustment,adjustment,adjustment,breakdown offenses,breakdown offenses,breakdown offenses,0,0,0,0,0,0,0,0,0,0,0,0,0,36,3,3,2,0,28,39,39,0,0,43,10,8,1,1,128,0,8,8,92,100,0,0,0,0,0,2,1,0,0,1,35,3,2,2,0,28,14,14,0,0,4,2,2,0,0,57,0,7,9,20,29,0,0,0,0,0,0,0,0,0,0,2,0,1,1,0,0,2,2,0,0,1,0,0,0,0,5,0,2,2,3,5,0,0,1,1,0,0,0,0,0,0,0,0,0,0,0,0,0,0,0,0,0,0,0,0,0,1,0,0,1,0,1
Robeson County Sheriff's Office,1985-04-01,North Carolina,74850,NC07800,breakdown offenses,adjustment,adjustment,adjustment,adjustment,adjustment,breakdown offenses,breakdown offenses,breakdown offenses,0,0,0,1,0,1,1,0,0,0,0,0,0,6,1,1,0,0,4,12,12,0,0,39,6,6,0,0,65,0,2,4,57,61,0,0,1,1,0,0,0,0,0,0,5,1,0,0,0,4,16,16,0,0,6,2,2,0,0,30,0,1,2,24,26,0,0,0,0,0,0,0,0,0,0,0,0,0,0,0,0,6,6,0,0,1,1,1,0,0,8,0,0,0,8,8,0,0,0,0,0,0,0,0,0,0,0,0,0,0,0,0,0,0,0,0,0,0,0,0,0,0,0,0,0,0,0
Robeson County Sheriff's Office,1985-03-01,North Carolina,74850,NC07800,breakdown offenses,normal return,normal return,normal return,normal return,normal return,breakdown offenses,breakdown offenses,breakdown offenses,0,0,0,0,0,1,1,0,3,1,1,1,0,10,2,1,0,0,7,26,26,0,0,27,5,3,2,0,72,0,3,7,58,65,0,0,1,1,0,1,1,0,0,0,8,1,0,0,0,7,12,12,0,0,5,4,2,2,0,31,0,1,3,21,24,0,0,0,0,0,0,0,0,0,0,0,0,0,0,0,0,1,1,0,0,1,0,0,0,0,2,0,0,0,2,2,0,0,0,0,0,0,0,0,0,0,0,0,0,0,0,0,0,0,0,0,0,0,0,0,0,0,0,0,0,0,0
Robeson County Sheriff's Office,1985-02-01,North Carolina,74850,NC07800,breakdown offenses,normal return,normal return,normal return,normal return,normal return,breakdown offenses,breakdown offenses,breakdown offenses,0,0,0,0,0,1,1,0,1,1,0,0,0,7,1,0,1,0,5,32,32,0,0,40,9,5,2,2,90,0,2,4,81,85,0,0,1,1,0,1,1,0,0,0,7,1,0,1,0,5,16,16,0,0,6,4,2,1,1,35,0,2,4,26,30,0,0,0,0,0,0,0,0,0,0,1,0,0,0,0,1,3,3,0,0,1,4,2,1,1,9,0,0,0,8,8,0,0,0,0,0,0,0,0,0,0,0,0,0,0,0,0,0,0,0,0,0,0,0,0,0,0,0,0,0,0,0
Robeson County Sheriff's Office,1985-01-01,North Carolina,74850,NC07800,breakdown offenses,normal return,normal return,normal return,normal return,normal return,breakdown offenses,breakdown offenses,breakdown offenses,0,0,0,2,0,0,0,0,2,2,0,0,0,34,4,1,0,0,29,39,39,0,0,28,13,10,2,1,118,0,5,9,80,89,3,0,0,0,0,0,0,0,0,0,34,4,1,0,0,29,21,21,0,0,4,0,0,0,0,62,0,5,8,25,33,0,0,0,0,0,0,0,0,0,0,0,0,0,0,0,0,3,3,0,0,0,0,0,0,0,3,0,0,0,3,3,0,0,0,0,0,0,0,0,0,0,0,0,0,0,0,0,0,0,0,0,0,0,0,0,0,0,0,0,0,0,0
Robeson County Sheriff's Office,1984-12-01,North Carolina,71372,NC07800,breakdown offenses,adjustment,adjustment,adjustment,adjustment,adjustment,breakdown offenses,breakdown offenses,breakdown offenses,0,0,0,1,0,1,1,0,2,1,0,0,1,10,1,0,1,0,8,26,26,0,0,29,6,4,0,2,75,0,2,6,61,67,1,0,0,0,0,1,0,0,0,1,8,0,0,0,0,8,11,11,0,0,5,0,0,0,0,26,0,0,2,16,18,0,0,0,0,0,0,0,0,0,0,0,0,0,0,0,0,1,1,0,0,0,0,0,0,0,1,0,0,0,1,1,0,0,1,1,0,0,0,0,0,0,0,0,0,0,0,0,0,0,0,0,0,0,0,0,0,1,0,0,1,0,1
Robeson County Sheriff's Office,1984-11-01,North Carolina,71372,NC07800,breakdown offenses,adjustment,adjustment,adjustment,adjustment,adjustment,breakdown offenses,breakdown offenses,breakdown offenses,0,0,0,0,0,0,0,0,2,1,0,0,1,15,2,1,1,4,7,25,25,0,0,34,4,3,1,0,80,0,8,10,63,73,0,0,0,0,0,0,0,0,0,0,15,2,1,1,4,7,6,6,0,0,5,7,6,1,0,33,0,8,8,18,26,0,0,0,0,0,0,0,0,0,0,7,0,0,0,0,7,2,2,0,0,2,4,3,1,0,15,0,0,0,8,8,0,0,0,0,0,0,0,0,0,0,0,0,0,0,0,0,0,0,0,0,0,0,0,0,0,0,0,0,0,0,0
Robeson County Sheriff's Office,1984-10-01,North Carolina,71372,NC07800,breakdown offenses,adjustment,adjustment,adjustment,adjustment,adjustment,breakdown offenses,breakdown offenses,breakdown offenses,0,0,0,2,0,0,0,0,2,2,0,0,0,19,0,0,1,3,15,25,25,0,0,30,5,2,1,2,83,0,4,8,60,68,1,0,0,0,0,0,0,0,0,0,19,0,0,1,3,15,13,13,0,0,4,2,2,0,0,39,0,4,5,19,24,0,0,0,0,0,0,0,0,0,0,1,0,0,0,0,1,3,3,0,0,3,1,1,0,0,8,0,0,0,7,7,0,0,0,0,0,0,0,0,0,0,0,0,0,0,0,0,0,0,0,0,0,0,0,0,0,0,0,0,0,0,0
Robeson County Sheriff's Office,1984-09-01,North Carolina,71372,NC07800,breakdown offenses,normal return,normal return,normal return,normal return,normal return,breakdown offenses,breakdown offenses,breakdown offenses,0,0,0,0,0,1,1,0,0,0,0,0,0,21,2,2,0,0,17,28,28,0,0,36,6,4,1,1,92,0,4,5,70,75,0,0,0,0,0,0,0,0,0,0,21,2,2,0,0,17,14,14,0,0,3,0,0,0,0,38,0,4,4,17,21,0,0,0,0,0,0,0,0,0,0,1,0,0,0,0,1,3,3,0,0,0,0,0,0,0,4,0,0,0,3,3,0,0,0,0,0,0,0,0,0,0,0,0,0,0,0,0,0,0,0,0,0,0,0,0,0,0,0,0,0,0,0
Robeson County Sheriff's Office,1984-08-01,North Carolina,71372,NC07800,breakdown offenses,normal return,normal return,normal return,normal return,normal return,breakdown offenses,breakdown offenses,breakdown offenses,0,0,0,0,0,1,1,0,1,0,0,1,0,21,3,2,1,0,15,41,41,0,0,47,9,7,1,1,120,0,6,8,97,105,0,0,0,0,0,0,0,0,0,0,23,6,2,0,0,15,10,10,0,0,9,3,3,0,0,45,0,8,8,22,30,0,0,0,0,0,0,0,0,0,0,1,1,0,0,0,0,0,0,0,0,3,0,0,0,0,4,0,1,1,3,4,0,0,0,0,0,0,0,0,0,0,0,0,0,0,0,0,0,0,0,0,0,0,0,0,0,0,0,0,0,0,0
Robeson County Sheriff's Office,1984-07-01,North Carolina,71372,NC07800,breakdown offenses,normal return,normal return,normal return,normal return,normal return,breakdown offenses,breakdown offenses,breakdown offenses,0,0,0,1,0,1,1,0,1,0,0,0,1,34,1,1,0,0,32,35,35,0,0,40,4,3,1,0,116,0,2,5,79,84,1,0,0,0,0,0,0,0,0,0,35,3,0,0,0,32,6,6,0,0,6,1,1,0,0,49,0,3,4,13,17,0,0,0,0,0,0,0,0,0,0,3,0,0,0,0,3,0,0,0,0,0,0,0,0,0,3,0,0,0,0,0,0,0,1,1,0,0,0,0,0,0,0,0,0,0,0,0,0,0,0,0,0,0,0,0,0,1,0,0,1,0,1
Robeson County Sheriff's Office,1984-06-01,North Carolina,71372,NC07800,breakdown offenses,adjustment,adjustment,adjustment,adjustment,adjustment,breakdown offenses,breakdown offenses,breakdown offenses,0,0,0,0,0,1,1,0,0,0,0,0,0,36,2,2,1,1,30,22,22,0,0,48,7,5,2,0,114,0,6,7,77,84,0,0,1,1,0,0,0,0,0,0,35,2,2,1,1,29,6,6,0,0,5,0,0,0,0,47,0,6,7,11,18,0,0,0,0,0,0,0,0,0,0,2,0,0,0,0,2,2,2,0,0,0,0,0,0,0,4,0,0,0,2,2,0,0,0,0,0,0,0,0,0,0,0,0,0,0,0,0,0,0,0,0,0,0,0,0,0,0,0,0,0,0,0
Robeson County Sheriff's Office,1984-05-01,North Carolina,71372,NC07800,breakdown offenses,normal return,normal return,normal return,normal return,normal return,breakdown offenses,breakdown offenses,breakdown offenses,0,0,0,0,0,0,0,0,1,1,0,0,0,23,3,1,0,1,18,25,25,0,0,40,10,7,2,1,99,0,5,6,75,81,0,0,0,0,0,0,0,0,0,0,20,2,0,0,0,18,7,7,0,0,6,1,1,0,0,34,0,2,2,14,16,0,0,0,0,0,0,0,0,0,0,1,0,0,0,0,1,3,3,0,0,0,0,0,0,0,4,0,0,0,3,3,0,0,0,0,0,0,0,0,0,0,0,0,0,0,0,0,0,0,0,0,0,0,0,0,0,0,0,0,0,0,0
Robeson County Sheriff's Office,1984-04-01,North Carolina,71372,NC07800,breakdown offenses,normal return,normal return,normal return,normal return,normal return,breakdown offenses,breakdown offenses,breakdown offenses,0,0,0,0,0,1,1,0,1,0,0,0,1,27,0,2,1,0,24,22,22,0,0,28,6,5,1,0,85,0,3,5,56,61,0,0,0,0,0,0,0,0,0,0,24,0,0,0,0,24,5,5,0,0,4,2,2,0,0,35,0,0,0,11,11,0,0,0,0,0,0,0,0,0,0,1,0,0,0,0,1,4,4,0,0,0,0,0,0,0,5,0,0,0,4,4,0,0,0,0,0,0,0,0,0,0,0,0,0,0,0,0,0,0,0,0,0,0,0,0,0,0,0,0,0,0,0
Robeson County Sheriff's Office,1984-03-01,North Carolina,71372,NC07800,breakdown offenses,normal return,normal return,normal return,normal return,normal return,breakdown offenses,breakdown offenses,breakdown offenses,0,0,0,2,0,2,2,0,1,0,0,0,1,21,0,1,0,0,20,20,20,0,0,31,5,5,0,0,82,0,1,6,56,62,1,0,1,1,0,1,0,0,0,1,24,0,4,0,0,20,15,15,0,0,4,1,1,0,0,47,0,4,7,20,27,0,0,0,0,0,0,0,0,0,0,1,0,1,0,0,0,2,2,0,0,2,0,0,0,0,5,0,1,1,4,5,0,0,0,0,0,0,0,0,0,0,0,0,0,0,0,0,0,0,0,0,0,0,0,0,0,0,0,0,0,0,0
Robeson County Sheriff's Office,1984-02-01,North Carolina,71372,NC07800,breakdown offenses,normal return,normal return,normal return,normal return,normal return,breakdown offenses,breakdown offenses,breakdown offenses,0,0,0,2,0,0,0,0,2,1,0,1,0,32,3,0,2,0,27,32,32,0,0,28,5,4,0,1,101,0,5,9,65,74,1,0,0,0,0,0,0,0,0,0,30,2,0,1,0,27,16,16,0,0,11,3,3,0,0,61,0,3,4,30,34,0,0,0,0,0,0,0,0,0,0,2,0,0,0,0,2,7,7,0,0,3,0,0,0,0,12,0,0,0,10,10,0,0,0,0,0,0,0,0,0,0,0,0,0,0,0,0,0,0,0,0,0,0,0,0,0,0,0,0,0,0,0
Robeson County Sheriff's Office,1984-01-01,North Carolina,71372,NC07800,breakdown offenses,normal return,normal return,normal return,normal return,normal return,breakdown offenses,breakdown offenses,breakdown offenses,0,0,0,0,0,0,0,0,1,1,0,0,0,24,2,2,1,0,19,40,40,0,0,31,10,9,0,1,106,0,5,6,81,87,0,0,0,0,0,0,0,0,0,0,24,2,2,1,0,19,15,15,0,0,5,0,0,0,0,44,0,5,5,20,25,0,0,0,0,0,0,0,0,0,0,5,0,0,0,0,5,5,5,0,0,0,0,0,0,0,10,0,0,0,5,5,0,0,0,0,0,0,0,0,0,0,0,0,0,0,0,0,0,0,0,0,0,0,0,0,0,0,0,0,0,0,0
Robeson County Sheriff's Office,1983-12-01,North Carolina,71060,NC07800,breakdown offenses,adjustment,adjustment,adjustment,adjustment,adjustment,breakdown offenses,breakdown offenses,breakdown offenses,0,0,0,0,0,0,0,0,1,0,0,0,1,29,4,2,1,0,22,54,54,0,0,36,4,4,0,0,124,0,7,8,94,102,0,0,0,0,0,0,0,0,0,0,25,1,2,0,0,22,13,13,0,0,6,1,1,0,0,45,0,3,3,20,23,0,0,0,0,0,0,0,0,0,0,1,0,0,0,0,1,4,4,0,0,1,0,0,0,0,6,0,0,0,5,5,0,0,0,0,0,0,0,0,0,0,0,0,0,0,0,0,0,0,0,0,0,0,0,0,0,0,0,0,0,0,0
Robeson County Sheriff's Office,1983-11-01,North Carolina,71060,NC07800,breakdown offenses,normal return,normal return,normal return,normal return,normal return,breakdown offenses,breakdown offenses,breakdown offenses,0,0,0,2,0,0,0,0,1,1,0,0,0,10,0,4,0,0,6,37,37,0,0,39,1,1,0,0,90,0,4,7,77,84,2,0,0,0,0,1,1,0,0,0,7,0,1,0,0,6,11,11,0,0,5,0,0,0,0,26,0,1,4,16,20,0,0,0,0,0,0,0,0,0,0,2,0,0,0,0,2,2,2,0,0,2,0,0,0,0,6,0,0,0,4,4,0,0,0,0,0,0,0,0,0,0,0,0,0,0,0,0,0,0,0,0,0,0,0,0,0,0,0,0,0,0,0
Robeson County Sheriff's Office,1983-10-01,North Carolina,71060,NC07800,breakdown offenses,normal return,normal return,normal return,normal return,normal return,breakdown offenses,breakdown offenses,breakdown offenses,0,0,0,1,0,2,2,0,2,1,0,0,1,24,1,2,0,2,19,53,53,0,0,56,6,3,3,0,144,0,5,10,115,125,1,0,2,2,0,1,1,0,0,0,25,2,2,0,2,19,15,15,0,0,3,2,1,1,0,49,0,6,10,20,30,0,0,0,0,0,0,0,0,0,0,3,0,0,0,0,3,5,5,0,0,0,0,0,0,0,8,0,0,0,5,5,0,0,0,0,0,0,0,0,0,0,0,0,0,0,0,0,0,0,0,0,0,0,0,0,0,0,0,0,0,0,0
Robeson County Sheriff's Office,1983-09-01,North Carolina,71060,NC07800,breakdown offenses,normal return,normal return,normal return,normal return,normal return,breakdown offenses,breakdown offenses,breakdown offenses,0,0,0,1,0,0,0,0,0,0,0,0,0,37,5,7,2,0,23,32,32,0,0,48,8,5,2,1,126,0,14,15,88,103,1,0,0,0,0,0,0,0,0,0,38,5,8,2,0,23,8,8,0,0,5,3,3,0,0,55,0,15,16,16,32,0,0,0,0,0,0,0,0,0,0,2,0,0,0,0,2,3,3,0,0,4,3,3,0,0,12,0,0,0,10,10,0,0,0,0,0,0,0,0,0,0,0,0,0,0,0,0,0,0,0,0,0,0,0,0,0,0,0,0,0,0,0
Robeson County Sheriff's Office,1983-08-01,North Carolina,71060,NC07800,breakdown offenses,normal return,normal return,normal return,normal return,normal return,breakdown offenses,breakdown offenses,breakdown offenses,0,0,0,0,0,2,2,0,5,0,2,0,3,43,4,8,3,0,28,25,25,0,0,42,5,3,1,1,122,0,15,22,72,94,0,0,2,2,0,3,0,1,0,2,43,4,8,3,0,28,4,4,0,0,4,1,1,0,0,57,0,15,20,9,29,0,0,0,0,0,0,0,0,0,0,2,0,0,0,0,2,3,3,0,0,1,0,0,0,0,6,0,0,0,4,4,0,0,0,0,0,0,0,0,0,0,0,0,0,0,0,0,0,0,0,0,0,0,0,0,0,0,0,0,0,0,0
Robeson County Sheriff's Office,1983-07-01,North Carolina,71060,NC07800,breakdown offenses,adjustment,adjustment,adjustment,adjustment,adjustment,breakdown offenses,breakdown offenses,breakdown offenses,0,0,0,3,0,1,1,0,0,0,0,0,0,28,3,3,0,0,22,33,33,0,0,45,5,5,0,0,115,0,6,10,83,93,3,0,0,0,0,0,0,0,0,0,26,2,2,0,0,22,8,8,0,0,1,1,1,0,0,39,0,4,7,10,17,0,0,0,0,0,0,0,0,0,0,1,0,0,0,0,1,1,1,0,0,0,0,0,0,0,2,0,0,0,1,1,0,0,0,0,0,0,0,0,0,0,0,0,0,0,0,0,0,0,0,0,0,0,0,0,0,0,0,0,0,0,0
Robeson County Sheriff's Office,1983-06-01,North Carolina,71060,NC07800,breakdown offenses,adjustment,adjustment,adjustment,adjustment,adjustment,breakdown offenses,breakdown offenses,breakdown offenses,0,0,0,1,0,2,2,0,1,1,0,0,0,30,3,1,0,3,23,30,30,0,0,56,10,8,1,1,130,0,7,11,96,107,1,0,2,2,0,0,0,0,0,0,38,9,3,0,3,23,12,12,0,0,5,0,0,0,0,58,0,15,18,17,35,0,0,0,0,0,0,0,0,0,0,2,0,0,0,0,2,2,2,0,0,1,0,0,0,0,5,0,0,0,3,3,0,0,1,1,0,0,0,0,0,0,0,0,0,0,0,0,0,0,0,0,0,0,0,0,0,1,0,0,1,0,1
Robeson County Sheriff's Office,1983-05-01,North Carolina,71060,NC07800,breakdown offenses,normal return,normal return,normal return,normal return,normal return,breakdown offenses,breakdown offenses,breakdown offenses,0,0,0,0,0,1,0,1,0,0,0,0,0,28,1,1,2,1,23,25,25,0,0,48,8,4,4,0,110,0,5,6,81,87,0,0,1,0,1,0,0,0,0,0,41,1,1,2,14,23,10,10,0,0,3,0,0,0,0,55,0,18,19,13,32,0,0,0,0,0,0,0,0,0,0,1,0,0,0,0,1,2,2,0,0,2,0,0,0,0,5,0,0,0,4,4,0,0,0,0,0,0,0,0,0,0,0,0,0,0,0,0,0,0,0,0,0,0,0,0,0,0,0,0,0,0,0
Robeson County Sheriff's Office,1983-04-01,North Carolina,71060,NC07800,breakdown offenses,normal return,normal return,normal return,normal return,normal return,breakdown offenses,breakdown offenses,breakdown offenses,0,0,0,1,0,2,1,1,3,0,1,0,2,28,3,4,0,0,21,20,20,0,0,56,4,3,1,0,114,0,7,13,80,93,1,0,1,0,1,1,0,1,0,0,24,0,3,0,0,21,9,9,0,0,2,1,1,0,0,39,0,3,6,12,18,0,0,0,0,0,0,0,0,0,0,1,0,0,0,0,1,3,3,0,0,0,0,0,0,0,4,0,0,0,3,3,0,0,0,0,0,0,0,0,0,0,0,0,0,0,0,0,0,0,0,0,0,0,0,0,0,0,0,0,0,0,0
Robeson County Sheriff's Office,1983-03-01,North Carolina,71060,NC07800,breakdown offenses,normal return,normal return,normal return,normal return,normal return,breakdown offenses,breakdown offenses,breakdown offenses,0,0,0,1,0,0,0,0,2,1,0,0,1,28,2,3,0,0,23,31,31,0,0,48,4,3,0,1,114,0,5,8,83,91,1,0,0,0,0,0,0,0,0,0,27,1,3,0,0,23,16,16,0,0,11,0,0,0,0,55,0,4,5,27,32,0,0,0,0,0,0,0,0,0,0,1,0,0,0,0,1,4,4,0,0,2,0,0,0,0,7,0,0,0,6,6,0,0,0,0,0,0,0,0,0,0,0,0,0,0,0,0,0,0,0,0,0,0,0,0,0,0,0,0,0,0,0
Robeson County Sheriff's Office,1983-02-01,North Carolina,71060,NC07800,breakdown offenses,normal return,normal return,normal return,normal return,normal return,breakdown offenses,breakdown offenses,breakdown offenses,0,0,0,3,0,3,3,0,0,0,0,0,0,23,1,2,0,0,20,41,41,0,0,36,8,6,1,1,114,0,3,9,85,94,2,0,3,3,0,0,0,0,0,0,27,3,4,0,0,20,28,28,0,0,10,1,1,0,0,71,0,7,12,39,51,0,0,0,0,0,0,0,0,0,0,1,0,0,0,0,1,5,5,0,0,2,0,0,0,0,8,0,0,0,7,7,0,0,0,0,0,0,0,0,0,0,0,0,0,0,0,0,0,0,0,0,0,0,0,0,0,0,0,0,0,0,0
Robeson County Sheriff's Office,1983-01-01,North Carolina,71060,NC07800,breakdown offenses,normal return,normal return,normal return,normal return,normal return,breakdown offenses,breakdown offenses,breakdown offenses,0,0,0,0,0,1,1,0,1,1,0,0,0,32,0,2,0,3,27,66,66,0,0,60,8,6,1,1,168,0,5,7,134,141,0,0,1,1,0,0,0,0,0,0,31,0,2,0,3,26,19,19,0,0,11,5,4,1,0,67,0,5,6,35,41,0,0,0,0,0,0,0,0,0,0,1,0,0,0,0,1,7,7,0,0,0,1,1,0,0,9,0,0,0,8,8,0,0,0,0,0,0,0,0,0,0,0,0,0,0,0,0,0,0,0,0,0,0,0,0,0,0,0,0,0,0,0
Robeson County Sheriff's Office,1982-12-01,North Carolina,70324,NC07800,,not updated,adjustment,adjustment,adjustment,adjustment,breakdown offenses,breakdown offenses,breakdown offenses,0,0,0,2,0,1,1,0,3,2,0,1,0,25,2,3,1,1,18,33,33,0,0,47,6,4,1,1,117,0,7,13,86,99,1,0,1,1,0,0,0,0,0,0,25,2,3,1,1,18,25,25,0,0,4,0,0,0,0,56,0,7,9,29,38,0,0,0,0,0,0,0,0,0,0,0,0,0,0,0,0,7,7,0,0,0,0,0,0,0,7,0,0,0,7,7,0,0,0,0,0,0,0,0,0,0,0,0,0,0,0,0,0,0,0,0,0,0,0,0,0,0,0,0,0,0,0
Robeson County Sheriff's Office,1982-11-01,North Carolina,70324,NC07800,,not updated,adjustment,adjustment,adjustment,adjustment,breakdown offenses,breakdown offenses,breakdown offenses,0,0,0,1,0,0,0,0,1,0,0,0,1,41,2,1,1,1,36,38,38,0,0,43,15,12,1,2,139,0,5,7,96,103,1,0,0,0,0,0,0,0,0,0,44,2,2,1,3,36,24,24,0,0,3,3,0,1,2,75,0,8,9,30,39,0,0,0,0,0,0,0,0,0,0,0,0,0,0,0,0,9,9,0,0,0,0,0,0,0,9,0,0,0,9,9,0,0,0,0,0,0,0,0,0,0,0,0,0,0,0,0,0,0,0,0,0,0,0,0,0,0,0,0,0,0,0
Robeson County Sheriff's Office,1982-10-01,North Carolina,70324,NC07800,,not updated,normal return,normal return,normal return,normal return,breakdown offenses,breakdown offenses,breakdown offenses,0,0,0,2,0,1,1,0,1,0,0,0,1,41,1,1,0,0,39,32,32,0,0,64,6,4,2,0,147,0,2,6,102,108,2,0,0,0,0,0,0,0,0,0,39,0,0,0,0,39,31,31,0,0,12,1,1,0,0,85,0,0,2,44,46,0,0,0,0,0,0,0,0,0,0,2,0,0,0,0,2,13,13,0,0,1,1,1,0,0,17,0,0,0,15,15,0,0,0,0,0,0,0,0,0,0,0,0,0,0,0,0,0,0,0,0,0,0,0,0,0,0,0,0,0,0,0
Robeson County Sheriff's Office,1982-09-01,North Carolina,70324,NC07800,,not updated,normal return,normal return,normal return,normal return,breakdown offenses,breakdown offenses,breakdown offenses,0,0,0,0,0,1,1,0,2,2,0,0,0,31,2,0,3,1,25,49,49,0,0,72,13,10,3,0,168,0,6,9,134,143,0,0,0,0,0,2,2,0,0,0,29,2,0,3,1,23,27,27,0,0,13,2,2,0,0,73,0,6,8,42,50,0,0,0,0,0,2,2,0,0,0,4,0,0,2,0,2,10,10,0,0,8,1,1,0,0,25,0,2,4,19,23,0,0,0,0,0,0,0,0,0,0,0,0,0,0,0,0,0,0,0,0,0,0,0,0,0,0,0,0,0,0,0
Robeson County Sheriff's Office,1982-08-01,North Carolina,70324,NC07800,,not updated,normal return,normal return,normal return,normal return,breakdown offenses,breakdown offenses,breakdown offenses,0,0,0,2,0,0,0,0,0,0,0,0,0,32,0,1,1,1,29,46,46,0,0,47,10,8,2,0,137,0,3,5,103,108,1,0,0,0,0,0,0,0,0,0,29,0,0,1,0,28,13,13,0,0,5,5,4,1,0,53,0,1,2,23,25,1,0,0,0,0,0,0,0,0,0,1,0,0,0,0,1,6,6,0,0,1,2,2,0,0,11,0,0,1,9,10,0,0,0,0,0,0,0,0,0,0,0,0,0,0,0,0,0,0,0,0,0,0,0,0,0,0,0,0,0,0,0
Robeson County Sheriff's Office,1982-07-01,North Carolina,70324,NC07800,,not updated,normal return,normal return,normal return,normal return,breakdown offenses,breakdown offenses,breakdown offenses,0,0,0,1,0,0,0,0,1,0,0,0,1,41,8,3,1,0,29,37,37,0,0,62,7,5,2,0,149,0,12,14,106,120,1,0,0,0,0,0,0,0,0,0,39,7,2,1,0,29,25,25,0,0,4,1,1,0,0,70,0,10,11,30,41,0,0,0,0,0,0,0,0,0,0,2,0,0,0,0,2,2,2,0,0,1,1,1,0,0,6,0,0,0,4,4,0,0,0,0,0,0,0,0,0,0,0,0,0,0,0,0,0,0,0,0,0,0,0,0,0,0,0,0,0,0,0
Robeson County Sheriff's Office,1982-06-01,North Carolina,70324,NC07800,,not updated,normal return,normal return,normal return,normal return,breakdown offenses,breakdown offenses,breakdown offenses,0,0,0,0,0,3,1,2,0,0,0,0,0,42,5,4,1,0,32,48,48,0,0,64,6,4,2,0,163,0,10,13,118,131,0,0,2,1,1,0,0,0,0,0,38,4,3,1,0,30,7,7,0,0,0,6,4,2,0,53,0,8,10,13,23,0,0,0,0,0,0,0,0,0,0,2,0,0,0,0,2,2,2,0,0,0,2,2,0,0,6,0,0,0,4,4,0,0,0,0,0,0,0,0,0,0,0,0,0,0,0,0,0,0,0,0,0,0,0,0,0,0,0,0,0,0,0
Robeson County Sheriff's Office,1982-05-01,North Carolina,70324,NC07800,,not updated,normal return,normal return,normal return,normal return,breakdown offenses,breakdown offenses,breakdown offenses,0,0,0,1,0,2,2,0,0,0,0,0,0,17,4,3,0,1,9,39,39,0,0,59,4,3,1,0,122,0,8,11,102,113,2,0,1,1,0,0,0,0,0,0,19,5,5,0,0,9,12,12,0,0,13,0,0,0,0,47,0,10,13,25,38,0,0,0,0,0,0,0,0,0,0,0,0,0,0,0,0,4,4,0,0,5,0,0,0,0,9,0,0,0,9,9,0,0,0,0,0,0,0,0,0,0,0,0,0,0,0,0,0,0,0,0,0,0,0,0,0,0,0,0,0,0,0
Robeson County Sheriff's Office,1982-04-01,North Carolina,70324,NC07800,,not updated,normal return,normal return,normal return,normal return,breakdown offenses,breakdown offenses,breakdown offenses,0,0,0,0,0,2,2,0,0,0,0,0,0,21,1,3,0,0,17,43,43,0,0,66,11,10,1,0,143,0,4,6,120,126,0,0,2,2,0,0,0,0,0,0,17,0,0,0,0,17,4,4,0,0,13,0,0,0,0,36,0,0,2,17,19,0,0,0,0,0,0,0,0,0,0,1,0,0,0,0,1,0,0,0,0,3,0,0,0,0,4,0,0,0,3,3,0,0,0,0,0,0,0,0,0,0,0,0,0,0,0,0,0,0,0,0,0,0,0,0,0,0,0,0,0,0,0
Robeson County Sheriff's Office,1982-03-01,North Carolina,70324,NC07800,,not updated,normal return,normal return,normal return,normal return,breakdown offenses,breakdown offenses,breakdown offenses,0,0,0,1,0,0,0,0,1,0,0,0,1,28,1,1,1,1,24,50,50,0,0,60,15,10,5,0,155,0,4,6,125,131,1,0,0,0,0,1,0,0,0,1,30,0,0,6,0,24,13,13,0,0,7,12,11,1,0,64,0,6,8,32,40,0,0,0,0,0,0,0,0,0,0,3,0,0,0,0,3,1,1,0,0,0,1,1,0,0,5,0,0,0,2,2,0,0,0,0,0,0,0,0,0,0,0,0,0,0,0,0,0,0,0,0,0,0,0,0,0,0,0,0,0,0,0
Robeson County Sheriff's Office,1982-02-01,North Carolina,70324,NC07800,,not updated,normal return,normal return,normal return,normal return,breakdown offenses,breakdown offenses,breakdown offenses,0,0,0,0,0,2,1,1,5,1,1,0,3,21,0,1,2,6,12,84,84,0,0,66,9,8,1,0,187,0,9,16,159,175,0,0,0,0,0,1,0,0,0,1,12,0,0,0,0,12,17,17,0,0,10,1,1,0,0,41,0,0,1,28,29,0,0,0,0,0,0,0,0,0,0,0,0,0,0,0,0,9,9,0,0,6,0,0,0,0,15,0,0,0,15,15,0,0,0,0,0,0,0,0,0,0,0,0,0,0,0,0,0,0,0,0,0,0,0,0,0,0,0,0,0,0,0
Robeson County Sheriff's Office,1982-01-01,North Carolina,70324,NC07800,,not updated,normal return,normal return,normal return,normal return,breakdown offenses,breakdown offenses,breakdown offenses,0,0,0,0,0,1,0,1,2,1,0,0,1,28,6,6,1,2,13,123,123,0,0,78,9,6,3,0,241,0,15,18,210,228,0,0,2,0,2,0,0,0,0,0,15,2,0,0,0,13,8,8,0,0,7,1,1,0,0,33,0,2,4,16,20,0,0,2,0,2,0,0,0,0,0,0,0,0,0,0,0,4,4,0,0,1,0,0,0,0,7,0,0,2,5,7,0,0,0,0,0,0,0,0,0,0,0,0,0,0,0,0,0,0,0,0,0,0,0,0,0,0,0,0,0,0,0
Robeson County Sheriff's Office,1981-12-01,North Carolina,69530,NC07800,,not updated,normal return,normal return,normal return,normal return,breakdown offenses,breakdown offenses,breakdown offenses,0,0,0,4,0,1,1,0,1,0,0,0,1,43,13,6,6,1,17,90,90,0,0,61,7,4,3,0,207,0,26,32,158,190,3,0,1,1,0,1,0,0,0,1,20,4,1,0,0,15,12,12,0,0,8,1,0,1,0,46,0,5,10,21,31,0,0,0,0,0,0,0,0,0,0,2,0,0,0,0,2,1,1,0,0,2,0,0,0,0,5,0,0,0,3,3,0,0,0,0,0,0,0,0,0,0,0,0,0,0,0,0,0,0,0,0,0,0,0,0,0,0,0,0,0,0,0
Robeson County Sheriff's Office,1981-11-01,North Carolina,69530,NC07800,,not updated,normal return,normal return,normal return,normal return,breakdown offenses,breakdown offenses,breakdown offenses,0,0,0,1,0,1,1,0,2,0,0,0,2,28,8,3,0,3,14,85,85,0,0,82,6,2,4,0,205,0,14,18,173,191,0,0,1,1,0,0,0,0,0,0,17,2,1,0,0,14,12,12,0,0,12,5,2,3,0,47,0,3,4,29,33,0,0,0,0,0,0,0,0,0,0,2,2,0,0,0,0,8,8,0,0,11,0,0,0,0,21,0,2,2,19,21,0,0,0,0,0,0,0,0,0,0,0,0,0,0,0,0,0,0,0,0,0,0,0,0,0,0,0,0,0,0,0
Robeson County Sheriff's Office,1981-10-01,North Carolina,69530,NC07800,,not updated,normal return,normal return,normal return,normal return,breakdown offenses,breakdown offenses,breakdown offenses,0,0,0,1,0,2,2,0,1,0,0,0,1,42,9,3,6,4,20,85,85,0,0,82,3,2,1,0,216,0,22,26,170,196,1,0,2,2,0,0,0,0,0,0,26,3,2,3,3,15,10,10,0,0,7,0,0,0,0,46,0,11,14,17,31,0,0,0,0,0,0,0,0,0,0,5,0,0,0,0,5,5,5,0,0,2,0,0,0,0,12,0,0,0,7,7,0,0,0,0,0,0,0,0,0,0,0,0,0,0,0,0,0,0,0,0,0,0,0,0,0,0,0,0,0,0,0
Robeson County Sheriff's Office,1981-09-01,North Carolina,69530,NC07800,,not updated,normal return,normal return,normal return,normal return,breakdown offenses,breakdown offenses,breakdown offenses,0,0,0,0,0,1,1,0,0,0,0,0,0,40,10,3,1,7,19,85,85,0,0,69,13,11,2,0,208,0,21,22,167,189,0,0,1,1,0,0,0,0,0,0,20,1,0,0,0,19,4,4,0,0,10,0,0,0,0,35,0,1,2,14,16,0,0,0,0,0,0,0,0,0,0,0,0,0,0,0,0,0,0,0,0,2,0,0,0,0,2,0,0,0,2,2,0,0,0,0,0,0,0,0,0,0,0,0,0,0,0,0,0,0,0,0,0,0,0,0,0,0,0,0,0,0,0
Robeson County Sheriff's Office,1981-08-01,North Carolina,69530,NC07800,,not updated,normal return,normal return,normal return,normal return,breakdown offenses,breakdown offenses,breakdown offenses,0,0,0,1,0,1,1,0,3,1,0,1,1,32,9,4,1,4,14,88,88,0,0,68,4,3,0,1,197,0,18,23,160,183,1,0,1,1,0,1,1,0,0,0,13,0,0,0,0,13,8,8,0,0,6,0,0,0,0,30,0,0,3,14,17,0,0,0,0,0,0,0,0,0,0,1,0,0,0,0,1,6,6,0,0,0,0,0,0,0,7,0,0,0,6,6,0,0,0,0,0,0,0,0,0,0,0,0,0,0,0,0,0,0,0,0,0,0,0,0,0,0,0,0,0,0,0
Robeson County Sheriff's Office,1981-07-01,North Carolina,69530,NC07800,,not updated,normal return,normal return,normal return,normal return,breakdown offenses,breakdown offenses,breakdown offenses,0,0,0,1,0,3,1,2,1,0,1,0,0,37,2,1,1,6,27,79,79,0,0,65,10,7,2,1,196,0,10,15,154,169,1,0,1,1,0,0,0,0,0,0,27,0,0,0,0,27,11,11,0,0,4,0,0,0,0,44,0,0,2,15,17,0,0,0,0,0,0,0,0,0,0,1,0,0,0,0,1,8,8,0,0,4,0,0,0,0,13,0,0,0,12,12,0,0,0,0,0,0,0,0,0,0,0,0,0,0,0,0,0,0,0,0,0,0,0,0,0,0,0,0,0,0,0
Robeson County Sheriff's Office,1981-06-01,North Carolina,69530,NC07800,,not updated,normal return,normal return,normal return,normal return,breakdown offenses,breakdown offenses,breakdown offenses,0,0,0,1,0,3,2,1,1,1,0,0,0,47,9,6,0,5,27,93,93,0,0,73,16,8,6,2,234,0,20,25,182,207,0,0,1,1,0,0,0,0,0,0,27,0,0,0,0,27,9,9,0,0,5,0,0,0,0,42,0,0,1,14,15,0,0,0,0,0,0,0,0,0,0,0,0,0,0,0,0,8,8,0,0,4,0,0,0,0,12,0,0,0,12,12,0,0,0,0,0,0,0,0,0,0,0,0,0,0,0,0,0,0,0,0,0,0,0,0,0,0,0,0,0,0,0
Robeson County Sheriff's Office,1981-05-01,North Carolina,69530,NC07800,,not updated,normal return,normal return,normal return,normal return,breakdown offenses,breakdown offenses,breakdown offenses,0,0,0,0,0,1,0,1,0,0,0,0,0,23,4,2,4,5,8,54,54,0,0,59,7,3,2,2,144,0,15,16,120,136,0,0,1,0,1,0,0,0,0,0,8,0,0,1,0,7,10,10,0,0,12,0,0,0,0,31,0,1,2,22,24,0,0,0,0,0,0,0,0,0,0,1,0,0,1,0,0,2,2,0,0,1,0,0,0,0,4,0,1,1,3,4,0,0,0,0,0,0,0,0,0,0,0,0,0,0,0,0,0,0,0,0,0,0,0,0,0,0,0,0,0,0,0
Robeson County Sheriff's Office,1981-04-01,North Carolina,69530,NC07800,,not updated,normal return,normal return,normal return,normal return,breakdown offenses,breakdown offenses,breakdown offenses,0,0,0,0,0,1,0,1,0,0,0,0,0,26,4,4,1,2,15,62,62,0,0,65,5,4,1,0,159,0,11,12,132,144,0,0,0,0,0,0,0,0,0,0,16,3,0,0,0,13,6,6,0,0,6,0,0,0,0,28,0,3,3,12,15,0,0,0,0,0,0,0,0,0,0,2,0,0,0,0,2,3,3,0,0,1,0,0,0,0,6,0,0,0,4,4,0,0,0,0,0,0,0,0,0,0,0,0,0,0,0,0,0,0,0,0,0,0,0,0,0,0,0,0,0,0,0
Robeson County Sheriff's Office,1981-03-01,North Carolina,69530,NC07800,,not updated,normal return,normal return,normal return,normal return,breakdown offenses,breakdown offenses,breakdown offenses,0,0,0,0,0,1,0,1,0,0,0,0,0,42,10,2,1,2,27,72,72,0,0,66,12,10,1,1,193,0,15,16,150,166,0,0,0,0,0,0,0,0,0,0,29,2,0,0,0,27,15,15,0,0,3,0,0,0,0,47,0,2,2,18,20,0,0,0,0,0,0,0,0,0,0,1,0,0,0,0,1,9,9,0,0,1,0,0,0,0,11,0,0,0,10,10,0,0,0,0,0,0,0,0,0,0,0,0,0,0,0,0,0,0,0,0,0,0,0,0,0,0,0,0,0,0,0
Robeson County Sheriff's Office,1981-02-01,North Carolina,69530,NC07800,,not updated,normal return,normal return,normal return,normal return,breakdown offenses,breakdown offenses,breakdown offenses,0,0,0,0,0,0,0,0,3,1,1,0,1,38,6,6,1,4,21,91,91,0,0,73,10,8,1,1,215,0,17,20,174,194,0,0,0,0,0,0,0,0,0,0,22,1,0,0,0,21,4,4,0,0,1,2,1,0,1,29,0,1,1,7,8,0,0,0,0,0,0,0,0,0,0,0,0,0,0,0,0,0,0,0,0,1,0,0,0,0,1,0,0,0,1,1,0,0,0,0,0,0,0,0,0,0,0,0,0,0,0,0,0,0,0,0,0,0,0,0,0,0,0,0,0,0,0
Robeson County Sheriff's Office,1981-01-01,North Carolina,69530,NC07800,,not updated,normal return,normal return,normal return,normal return,breakdown offenses,breakdown offenses,breakdown offenses,0,0,0,2,0,6,6,0,2,2,0,0,0,33,8,1,0,2,22,99,99,0,0,90,10,9,1,0,242,0,11,21,199,220,2,0,3,3,0,1,1,0,0,0,23,2,0,0,0,21,2,2,0,0,3,0,0,0,0,34,0,2,8,5,13,1,0,0,0,0,0,0,0,0,0,1,0,0,0,0,1,1,1,0,0,0,0,0,0,0,3,0,0,1,1,2,0,0,0,0,0,0,0,0,0,0,0,0,0,0,0,0,0,0,0,0,0,0,0,0,0,0,0,0,0,0,0
Robeson County Sheriff's Office,1980-12-01,North Carolina,68276,NC07800,,not updated,normal return,normal return,normal return,normal return,breakdown offenses,breakdown offenses,breakdown offenses,0,0,0,0,0,1,1,0,1,0,0,0,1,32,3,1,0,2,26,83,83,0,0,76,3,3,0,0,196,0,6,8,162,170,0,0,0,0,0,0,0,0,0,0,25,0,0,0,0,25,4,4,0,0,1,0,0,0,0,30,0,0,0,5,5,0,0,0,0,0,0,0,0,0,0,1,0,0,0,0,1,0,0,0,0,0,0,0,0,0,1,0,0,0,0,0,0,0,0,0,0,0,0,0,0,0,0,0,0,0,0,0,0,0,0,0,0,0,0,0,0,0,0,0,0,0,0
Robeson County Sheriff's Office,1980-11-01,North Carolina,68276,NC07800,,not updated,normal return,normal return,normal return,normal return,breakdown offenses,breakdown offenses,breakdown offenses,0,0,0,0,0,3,3,0,4,3,0,0,1,54,3,3,0,0,48,96,96,0,0,87,7,3,4,0,251,0,6,13,190,203,0,0,2,2,0,2,2,0,0,0,51,2,1,0,0,48,12,12,0,0,3,0,0,0,0,70,0,3,7,15,22,0,0,1,1,0,0,0,0,0,0,1,0,1,0,0,0,5,5,0,0,1,0,0,0,0,8,0,1,2,6,8,0,0,0,0,0,0,0,0,0,0,0,0,0,0,0,0,0,0,0,0,0,0,0,0,0,0,0,0,0,0,0
Robeson County Sheriff's Office,1980-10-01,North Carolina,68276,NC07800,,not updated,normal return,normal return,normal return,normal return,breakdown offenses,breakdown offenses,breakdown offenses,0,0,0,1,0,0,0,0,1,1,0,0,0,35,1,4,0,0,30,44,44,0,0,71,9,6,3,0,161,0,5,7,124,131,1,0,0,0,0,0,0,0,0,0,32,0,2,0,0,30,5,5,0,0,0,0,0,0,0,38,0,2,3,5,8,0,0,0,0,0,0,0,0,0,0,0,0,0,0,0,0,2,2,0,0,0,0,0,0,0,2,0,0,0,2,2,0,0,0,0,0,0,0,0,0,0,0,0,0,0,0,0,0,0,0,0,0,0,0,0,0,0,0,0,0,0,0
Robeson County Sheriff's Office,1980-09-01,North Carolina,68276,NC07800,,not updated,normal return,normal return,normal return,normal return,breakdown offenses,breakdown offenses,breakdown offenses,0,0,0,2,0,1,1,0,3,3,0,0,0,10,2,3,0,1,4,73,73,0,0,70,9,6,1,2,168,0,6,12,152,164,2,0,1,1,0,0,0,0,0,0,4,0,0,0,0,4,5,5,0,0,2,1,1,0,0,15,0,0,3,8,11,0,0,0,0,0,0,0,0,0,0,0,0,0,0,0,0,0,0,0,0,1,0,0,0,0,1,0,0,0,1,1,0,0,0,0,0,0,0,0,0,0,0,0,0,0,0,0,0,0,0,0,0,0,0,0,0,0,0,0,0,0,0
Robeson County Sheriff's Office,1980-08-01,North Carolina,68276,NC07800,,not updated,normal return,normal return,normal return,normal return,breakdown offenses,breakdown offenses,breakdown offenses,0,0,0,1,0,1,1,0,1,1,0,0,0,38,7,0,0,0,31,73,73,0,0,71,11,10,0,1,196,0,7,10,155,165,1,0,1,1,0,0,0,0,0,0,31,0,0,0,0,31,18,0,0,18,6,2,2,0,0,59,0,0,2,26,28,0,0,0,0,0,0,0,0,0,0,1,0,0,0,0,1,7,0,0,7,4,2,2,0,0,14,0,0,0,13,13,0,0,0,0,0,0,0,0,0,0,0,0,0,0,0,0,0,0,0,0,0,0,0,0,0,0,0,0,0,0,0
Robeson County Sheriff's Office,1980-07-01,North Carolina,68276,NC07800,,not updated,normal return,normal return,normal return,normal return,breakdown offenses,breakdown offenses,breakdown offenses,0,0,0,4,0,0,0,0,0,0,0,0,0,49,3,2,1,1,42,97,97,0,0,74,10,5,4,1,234,0,7,11,181,192,4,0,0,0,0,0,0,0,0,0,43,1,0,0,0,42,9,9,0,0,5,1,1,0,0,62,0,1,5,15,20,0,0,0,0,0,0,0,0,0,0,4,0,0,0,0,4,4,4,0,0,2,0,0,0,0,10,0,0,0,6,6,0,0,0,0,0,0,0,0,0,0,0,0,0,0,0,0,0,0,0,0,0,0,0,0,0,0,0,0,0,0,0
Robeson County Sheriff's Office,1980-06-01,North Carolina,68276,NC07800,,not updated,normal return,normal return,normal return,normal return,breakdown offenses,breakdown offenses,breakdown offenses,0,0,0,2,0,0,0,0,0,0,0,0,0,63,9,5,12,0,37,85,85,0,0,78,9,8,1,0,237,0,26,28,172,200,2,0,0,0,0,0,0,0,0,0,55,4,2,12,0,37,7,7,0,0,14,4,4,0,0,82,0,18,20,25,45,0,0,0,0,0,0,0,0,0,0,3,0,0,0,0,3,5,5,0,0,3,3,3,0,0,14,0,0,0,11,11,0,0,0,0,0,0,0,0,0,0,0,0,0,0,0,0,0,0,0,0,0,0,0,0,0,0,0,0,0,0,0
Robeson County Sheriff's Office,1980-05-01,North Carolina,68276,NC07800,,not updated,normal return,normal return,normal return,normal return,breakdown offenses,breakdown offenses,breakdown offenses,0,0,0,1,0,0,0,0,1,1,0,0,0,45,3,1,0,0,41,76,76,0,0,53,8,6,2,0,184,0,4,6,137,143,1,0,0,0,0,1,1,0,0,0,42,1,0,0,0,41,10,10,0,0,7,0,0,0,0,61,0,1,3,17,20,0,0,0,0,0,0,0,0,0,0,1,0,0,0,0,1,10,10,0,0,1,0,0,0,0,12,0,0,0,11,11,0,0,0,0,0,0,0,0,0,0,0,0,0,0,0,0,0,0,0,0,0,0,0,0,0,0,0,0,0,0,0
Robeson County Sheriff's Office,1980-04-01,North Carolina,68276,NC07800,,not updated,normal return,normal return,normal return,normal return,breakdown offenses,breakdown offenses,breakdown offenses,0,0,0,1,0,2,2,0,0,0,0,0,0,33,3,0,0,0,30,55,55,0,0,63,7,6,1,0,161,0,3,6,125,131,1,0,1,1,0,0,0,0,0,0,31,1,0,0,0,30,16,16,0,0,19,4,4,0,0,72,0,1,3,39,42,0,0,1,1,0,0,0,0,0,0,0,0,0,0,0,0,8,8,0,0,3,1,1,0,0,13,0,0,1,12,13,0,0,0,0,0,0,0,0,0,0,0,0,0,0,0,0,0,0,0,0,0,0,0,0,0,0,0,0,0,0,0
Robeson County Sheriff's Office,1980-03-01,North Carolina,68276,NC07800,,not updated,normal return,normal return,normal return,normal return,breakdown offenses,breakdown offenses,breakdown offenses,0,0,0,2,0,1,1,0,0,0,0,0,0,24,2,2,0,2,18,74,68,4,2,74,7,6,1,0,182,0,6,9,155,164,2,0,0,0,0,0,0,0,0,0,20,1,0,0,1,18,31,30,1,0,22,1,1,0,0,76,0,2,4,54,58,0,0,0,0,0,0,0,0,0,0,0,0,0,0,0,0,14,14,0,0,2,0,0,0,0,16,0,0,0,16,16,0,0,0,0,0,0,0,0,0,0,0,0,0,0,0,0,0,0,0,0,0,0,0,0,0,0,0,0,0,0,0
Robeson County Sheriff's Office,1980-02-01,North Carolina,68276,NC07800,,not updated,normal return,normal return,normal return,normal return,breakdown offenses,breakdown offenses,breakdown offenses,0,0,0,0,0,0,0,0,0,0,0,0,0,8,4,2,1,0,1,68,58,10,0,54,6,4,1,1,136,0,7,7,128,135,0,0,0,0,0,0,0,0,0,0,0,0,0,0,0,0,6,5,1,0,2,0,0,0,0,8,0,0,0,8,8,0,0,0,0,0,0,0,0,0,0,0,0,0,0,0,0,2,1,1,0,1,0,0,0,0,3,0,0,0,3,3,0,0,0,0,0,0,0,0,0,0,0,0,0,0,0,0,0,0,0,0,0,0,0,0,0,0,0,0,0,0,0
Robeson County Sheriff's Office,1980-01-01,North Carolina,68276,NC07800,,not updated,normal return,normal return,normal return,normal return,breakdown offenses,breakdown offenses,breakdown offenses,0,0,0,3,0,2,1,1,2,2,0,0,0,39,6,4,1,1,27,82,82,0,0,55,5,5,0,0,188,0,12,19,142,161,2,0,2,1,1,0,0,0,0,0,31,3,1,0,0,27,13,13,0,0,10,0,0,0,0,58,0,4,8,23,31,0,0,2,1,1,0,0,0,0,0,2,0,0,0,0,2,6,6,0,0,0,0,0,0,0,10,0,0,2,6,8,0,0,0,0,0,0,0,0,0,0,0,0,0,0,0,0,0,0,0,0,0,0,0,0,0,0,0,0,0,0,0
Robeson County Sheriff's Office,1979-12-01,North Carolina,62753,NC07800,,not updated,normal return,normal return,normal return,normal return,breakdown offenses,breakdown offenses,breakdown offenses,0,0,0,0,0,2,2,0,2,2,0,0,0,23,2,4,0,0,17,75,75,0,0,52,6,6,0,0,160,0,6,10,133,143,0,0,1,1,0,1,1,0,0,0,18,0,1,0,0,17,9,9,0,0,3,0,0,0,0,32,0,1,3,12,15,0,0,0,0,0,0,0,0,0,0,0,0,0,0,0,0,6,6,0,0,1,0,0,0,0,7,0,0,0,7,7,0,0,0,0,0,0,0,0,0,0,0,0,0,0,0,0,0,0,0,0,0,0,0,0,0,0,0,0,0,0,0
Robeson County Sheriff's Office,1979-11-01,North Carolina,62753,NC07800,,not updated,adjustment,adjustment,adjustment,adjustment,breakdown offenses,breakdown offenses,breakdown offenses,0,0,0,0,0,0,0,0,2,2,0,0,0,23,2,0,0,0,21,107,107,0,0,68,10,5,4,1,210,0,2,4,185,189,0,0,0,0,0,1,1,0,0,0,23,2,0,0,0,21,16,16,0,0,10,1,0,0,1,51,0,2,3,27,30,0,0,0,0,0,0,0,0,0,0,0,0,0,0,0,0,2,2,0,0,6,1,0,0,1,9,0,0,0,9,9,0,0,0,0,0,0,0,0,0,0,0,0,0,0,0,0,0,0,0,0,0,0,0,0,0,0,0,0,0,0,0
Robeson County Sheriff's Office,1979-10-01,North Carolina,62753,NC07800,,not updated,adjustment,adjustment,adjustment,adjustment,breakdown offenses,breakdown offenses,breakdown offenses,0,0,0,0,0,0,0,0,2,1,1,0,0,30,3,1,0,0,26,97,97,0,0,73,14,9,3,2,216,0,4,6,184,190,0,0,0,0,0,2,1,1,0,0,27,1,0,0,0,26,6,6,0,0,5,2,0,2,0,42,0,1,3,13,16,0,0,0,0,0,0,0,0,0,0,1,0,0,0,0,1,2,2,0,0,0,0,0,0,0,3,0,0,0,2,2,0,0,0,0,0,0,0,0,0,0,0,0,0,0,0,0,0,0,0,0,0,0,0,0,0,0,0,0,0,0,0
Robeson County Sheriff's Office,1979-09-01,North Carolina,62753,NC07800,,not updated,adjustment,adjustment,adjustment,adjustment,breakdown offenses,breakdown offenses,breakdown offenses,0,0,0,0,0,0,0,0,2,0,1,0,1,56,4,3,0,2,47,75,75,0,0,69,15,6,5,4,217,0,9,11,159,170,0,0,0,0,0,0,0,0,0,0,53,3,3,0,2,45,11,11,0,0,10,2,0,2,0,76,0,8,8,23,31,0,0,0,0,0,0,0,0,0,0,4,0,1,0,0,3,7,7,0,0,0,0,0,0,0,11,0,1,1,7,8,0,0,0,0,0,0,0,0,0,0,0,0,0,0,0,0,0,0,0,0,0,0,0,0,0,0,0,0,0,0,0
Robeson County Sheriff's Office,1979-08-01,North Carolina,62753,NC07800,,not updated,adjustment,adjustment,adjustment,adjustment,breakdown offenses,breakdown offenses,breakdown offenses,0,0,0,3,0,1,0,1,2,0,0,0,2,68,5,3,2,8,50,73,73,0,0,67,5,5,0,0,219,0,18,24,145,169,3,0,1,0,1,2,0,0,0,2,64,3,2,1,8,50,11,11,0,0,9,2,2,0,0,92,0,14,20,22,42,0,0,0,0,0,0,0,0,0,0,3,1,0,0,0,2,1,1,0,0,1,1,1,0,0,6,0,1,1,3,4,0,0,0,0,0,0,0,0,0,0,0,0,0,0,0,0,0,0,0,0,0,0,0,0,0,0,0,0,0,0,0
Robeson County Sheriff's Office,1979-07-01,North Carolina,62753,NC07800,,not updated,adjustment,adjustment,adjustment,adjustment,breakdown offenses,breakdown offenses,breakdown offenses,0,0,0,2,0,2,2,0,0,0,0,0,0,69,7,2,3,1,56,68,68,0,0,59,12,7,2,3,212,0,13,17,139,156,2,0,1,1,0,0,0,0,0,0,66,4,2,3,1,56,12,12,0,0,8,2,2,0,0,91,0,10,13,22,35,0,0,1,1,0,0,0,0,0,0,0,0,0,0,0,0,2,2,0,0,2,0,0,0,0,5,0,0,1,4,5,0,0,0,0,0,0,0,0,0,0,0,0,0,0,0,0,0,0,0,0,0,0,0,0,0,0,0,0,0,0,0
Robeson County Sheriff's Office,1979-06-01,North Carolina,62753,NC07800,,not updated,adjustment,adjustment,adjustment,adjustment,breakdown offenses,breakdown offenses,breakdown offenses,0,0,0,0,0,1,1,0,0,0,0,0,0,58,8,2,0,2,46,50,48,0,2,36,6,5,0,1,151,0,12,13,92,105,0,0,1,1,0,0,0,0,0,0,58,8,2,0,2,46,3,3,0,0,5,1,1,0,0,68,0,12,13,9,22,0,0,0,0,0,0,0,0,0,0,3,0,0,0,0,3,3,3,0,0,2,0,0,0,0,8,0,0,0,5,5,0,0,0,0,0,0,0,0,0,0,0,0,0,0,0,0,0,0,0,0,0,0,0,0,0,0,0,0,0,0,0
Robeson County Sheriff's Office,1979-05-01,North Carolina,62753,NC07800,,not updated,adjustment,adjustment,adjustment,adjustment,breakdown offenses,breakdown offenses,breakdown offenses,0,0,0,0,0,0,0,0,1,1,0,0,0,51,5,2,0,2,42,75,75,0,0,36,6,4,0,2,169,0,9,10,117,127,0,0,0,0,0,0,0,0,0,0,54,5,2,0,2,45,6,6,0,0,17,1,1,0,0,78,0,9,9,24,33,0,0,0,0,0,0,0,0,0,0,3,0,0,0,0,3,4,4,0,0,9,1,1,0,0,17,0,0,0,14,14,0,0,0,0,0,0,0,0,0,0,0,0,0,0,0,0,0,0,0,0,0,0,0,0,0,0,0,0,0,0,0
Robeson County Sheriff's Office,1979-04-01,North Carolina,62753,NC07800,,not updated,adjustment,adjustment,adjustment,adjustment,breakdown offenses,breakdown offenses,breakdown offenses,0,0,0,1,0,1,1,0,2,0,0,0,2,73,1,2,20,20,30,38,25,10,3,54,4,3,0,1,173,0,43,47,96,143,1,0,0,0,0,0,0,0,0,0,66,1,1,20,14,30,8,4,4,0,5,4,3,0,1,84,0,36,37,17,54,0,0,0,0,0,0,0,0,0,0,5,0,0,0,0,5,4,2,2,0,1,1,1,0,0,11,0,0,0,6,6,0,0,0,0,0,0,0,0,0,0,0,0,0,0,0,0,0,0,0,0,0,0,0,0,0,0,0,0,0,0,0
Robeson County Sheriff's Office,1979-03-01,North Carolina,62753,NC07800,,not updated,adjustment,adjustment,adjustment,adjustment,breakdown offenses,breakdown offenses,breakdown offenses,0,0,0,1,0,1,1,0,0,0,0,0,0,45,10,10,5,10,10,44,30,14,0,51,4,1,0,3,146,0,35,37,99,136,2,0,1,1,0,1,1,0,0,0,41,10,10,1,10,10,11,7,4,0,9,0,0,0,0,65,0,31,35,20,55,0,0,0,0,0,0,0,0,0,0,0,0,0,0,0,0,3,3,0,0,1,0,0,0,0,4,0,0,0,4,4,0,0,0,0,0,0,0,0,0,0,0,0,0,0,0,0,0,0,0,0,0,0,0,0,0,0,0,0,0,0,0
Robeson County Sheriff's Office,1979-02-01,North Carolina,62753,NC07800,,not updated,adjustment,adjustment,adjustment,adjustment,breakdown offenses,breakdown offenses,breakdown offenses,0,0,0,0,0,2,2,0,3,3,0,0,0,33,1,3,2,0,27,61,61,0,0,61,7,6,0,1,167,0,6,11,129,140,0,0,2,2,0,2,2,0,0,0,33,1,3,2,0,27,13,13,0,0,9,2,2,0,0,61,0,6,10,24,34,0,0,0,0,0,2,2,0,0,0,0,0,0,0,0,0,2,2,0,0,1,0,0,0,0,5,0,0,2,3,5,0,0,0,0,0,0,0,0,0,0,0,0,0,0,0,0,0,0,0,0,0,0,0,0,0,0,0,0,0,0,0
Robeson County Sheriff's Office,1979-01-01,North Carolina,62753,NC07800,,not updated,adjustment,adjustment,adjustment,adjustment,breakdown offenses,breakdown offenses,breakdown offenses,0,0,0,0,0,1,1,0,3,3,0,0,0,44,0,15,5,15,9,63,40,13,10,52,10,6,2,2,173,0,35,39,125,164,0,0,6,6,0,2,1,1,0,0,39,0,12,5,15,7,15,10,5,0,7,3,3,0,0,72,0,32,40,25,65,0,0,0,0,0,1,0,1,0,0,0,0,0,0,0,0,5,5,0,0,3,0,0,0,0,9,0,0,1,8,9,0,0,0,0,0,0,0,0,0,0,0,0,0,0,0,0,0,0,0,0,0,0,0,0,0,0,0,0,0,0,0
Robeson County Sheriff's Office,1978-12-01,North Carolina,59180,NC07800,,not updated,adjustment,adjustment,adjustment,adjustment,breakdown offenses,breakdown offenses,breakdown offenses,0,0,0,0,0,1,1,0,3,2,0,0,1,54,3,3,4,4,40,81,51,20,10,69,14,4,4,6,222,0,14,18,164,182,0,0,0,0,0,2,1,0,0,1,47,3,3,0,0,41,23,10,9,4,9,4,4,0,0,85,0,6,8,36,44,0,0,0,0,0,0,0,0,0,0,0,0,0,0,0,0,3,3,0,0,8,0,0,0,0,11,0,0,0,11,11,0,0,0,0,0,0,0,0,0,0,0,0,0,0,0,0,0,0,0,0,0,0,0,0,0,0,0,0,0,0,0
Robeson County Sheriff's Office,1978-11-01,North Carolina,59180,NC07800,,not updated,normal return,normal return,normal return,normal return,breakdown offenses,breakdown offenses,breakdown offenses,0,0,0,0,0,1,1,0,3,2,0,0,1,57,20,10,0,20,7,91,51,40,0,51,6,6,0,0,209,0,50,54,148,202,0,0,1,1,0,0,0,0,0,0,52,15,10,0,20,7,33,13,20,0,2,2,2,0,0,90,0,45,46,37,83,0,0,1,1,0,0,0,0,0,0,1,0,0,0,0,1,8,5,3,0,0,1,1,0,0,11,0,0,1,9,10,0,0,0,0,0,0,0,0,0,0,0,0,0,0,0,0,0,0,0,0,0,0,0,0,0,0,0,0,0,0,0
Robeson County Sheriff's Office,1978-10-01,North Carolina,59180,NC07800,,not updated,normal return,normal return,normal return,normal return,breakdown offenses,breakdown offenses,breakdown offenses,0,0,0,0,0,0,0,0,3,2,0,0,1,54,0,6,1,10,37,69,40,20,9,66,6,5,1,0,198,0,17,20,141,161,0,0,0,0,0,0,0,0,0,0,37,0,3,1,3,30,12,6,5,1,37,1,1,0,0,87,0,7,7,50,57,0,0,0,0,0,0,0,0,0,0,0,0,0,0,0,0,1,1,0,0,0,1,1,0,0,2,0,0,0,2,2,0,0,0,0,0,0,0,0,0,0,0,0,0,0,0,0,0,0,0,0,0,0,0,0,0,0,0,0,0,0,0
Robeson County Sheriff's Office,1978-09-01,North Carolina,59180,NC07800,,not updated,normal return,normal return,normal return,normal return,breakdown offenses,breakdown offenses,breakdown offenses,0,0,0,0,0,1,0,1,2,2,0,0,0,5,4,0,1,0,0,47,22,15,10,65,2,1,1,0,122,0,5,8,114,122,0,0,0,0,0,0,0,0,0,0,46,15,10,5,1,15,16,9,4,3,13,1,0,1,0,76,0,31,31,30,61,0,0,0,0,0,0,0,0,0,0,1,0,0,0,1,0,3,3,0,0,5,0,0,0,0,9,0,1,1,8,9,0,0,0,0,0,0,0,0,0,0,0,0,0,0,0,0,0,0,0,0,0,0,0,0,0,0,0,0,0,0,0
Robeson County Sheriff's Office,1978-08-01,North Carolina,59180,NC07800,,not updated,normal return,normal return,normal return,normal return,breakdown offenses,breakdown offenses,breakdown offenses,0,0,0,1,0,2,2,0,2,2,0,0,0,67,20,10,24,13,0,33,25,8,0,37,4,3,0,1,146,0,67,72,74,146,1,0,2,2,0,1,1,0,0,0,62,10,10,20,22,0,7,4,3,0,9,0,0,0,0,82,0,62,66,16,82,0,0,0,0,0,0,0,0,0,0,1,1,0,0,0,0,3,3,0,0,0,0,0,0,0,4,0,1,1,3,4,0,0,0,0,0,0,0,0,0,0,0,0,0,0,0,0,0,0,0,0,0,0,0,0,0,0,0,0,0,0,0
Robeson County Sheriff's Office,1978-07-01,North Carolina,59180,NC07800,,not updated,adjustment,adjustment,adjustment,adjustment,breakdown offenses,breakdown offenses,breakdown offenses,0,0,0,0,0,2,2,0,1,1,0,0,0,8,1,3,2,1,1,42,20,20,2,61,10,3,2,5,124,0,7,10,113,123,0,0,1,1,0,0,0,0,0,0,18,4,4,4,4,2,9,4,4,1,3,0,0,0,0,31,0,16,17,12,29,0,0,1,1,0,0,0,0,0,0,1,1,0,0,0,0,3,2,1,0,0,0,0,0,0,5,0,1,2,3,5,0,0,0,0,0,0,0,0,0,0,0,0,0,0,0,0,0,0,0,0,0,0,0,0,0,0,0,0,0,0,0
Robeson County Sheriff's Office,1978-06-01,North Carolina,59180,NC07800,,not updated,normal return,normal return,normal return,normal return,breakdown offenses,breakdown offenses,breakdown offenses,0,0,0,0,0,3,2,1,1,0,1,0,0,13,3,6,2,1,1,38,20,15,3,42,3,2,1,0,100,0,12,16,83,99,0,0,1,1,0,1,0,1,0,0,23,8,9,3,2,1,6,4,2,0,9,0,0,0,0,40,0,22,24,15,39,0,0,0,0,0,0,0,0,0,0,1,1,0,0,0,0,0,0,0,0,0,0,0,0,0,1,0,1,1,0,1,0,0,0,0,0,0,0,0,0,0,0,0,0,0,0,0,0,0,0,0,0,0,0,0,0,0,0,0,0,0,0
Robeson County Sheriff's Office,1978-05-01,North Carolina,59180,NC07800,,not updated,normal return,normal return,normal return,normal return,breakdown offenses,breakdown offenses,breakdown offenses,0,0,0,0,0,0,0,0,1,1,0,0,0,7,3,1,3,0,0,21,10,10,1,33,6,2,2,2,68,0,7,8,60,68,0,0,0,0,0,2,2,0,0,0,8,8,0,0,0,0,10,5,5,0,7,1,1,0,0,28,0,8,10,18,28,0,0,0,0,0,0,0,0,0,0,2,2,0,0,0,0,1,1,0,0,0,0,0,0,0,3,0,2,2,1,3,0,0,0,0,0,0,0,0,0,0,0,0,0,0,0,0,0,0,0,0,0,0,0,0,0,0,0,0,0,0,0
Robeson County Sheriff's Office,1978-04-01,North Carolina,59180,NC07800,,not updated,normal return,normal return,normal return,normal return,breakdown offenses,breakdown offenses,breakdown offenses,0,0,0,1,0,0,0,0,0,0,0,0,0,18,3,5,3,2,5,31,15,13,3,51,3,3,0,0,104,0,13,14,85,99,1,0,0,0,0,0,0,0,0,0,5,1,1,1,1,1,11,5,4,2,16,2,2,0,0,35,0,4,5,29,34,1,0,0,0,0,0,0,0,0,0,0,0,0,0,0,0,5,3,1,1,2,0,0,0,0,8,0,0,1,7,8,0,0,0,0,0,0,0,0,0,0,0,0,0,0,0,0,0,0,0,0,0,0,0,0,0,0,0,0,0,0,0
Robeson County Sheriff's Office,1978-03-01,North Carolina,59180,NC07800,,not updated,normal return,normal return,normal return,normal return,breakdown offenses,breakdown offenses,breakdown offenses,0,0,0,0,0,1,1,0,1,1,0,0,0,13,4,5,4,0,0,23,13,7,3,52,9,4,0,5,99,0,13,15,84,99,0,0,1,1,0,1,1,0,0,0,8,3,3,2,0,0,12,8,4,0,11,7,3,0,4,40,0,8,10,30,40,0,0,0,0,0,0,0,0,0,0,1,0,0,1,0,0,4,0,4,0,0,1,0,0,1,6,0,1,1,5,6,0,0,0,0,0,0,0,0,0,0,0,0,0,0,0,0,0,0,0,0,0,0,0,0,0,0,0,0,0,0,0
Robeson County Sheriff's Office,1978-02-01,North Carolina,59180,NC07800,,not updated,normal return,normal return,normal return,normal return,breakdown offenses,breakdown offenses,breakdown offenses,0,0,0,0,0,0,0,0,4,4,0,0,0,12,6,4,2,0,0,28,17,5,6,42,4,4,0,0,90,0,12,16,74,90,0,0,0,0,0,1,1,0,0,0,9,3,3,2,1,0,25,15,7,3,9,1,1,0,0,45,0,9,10,35,45,0,0,0,0,0,0,0,0,0,0,0,0,0,0,0,0,2,2,0,0,1,0,0,0,0,3,0,0,0,3,3,0,0,0,0,0,0,0,0,0,0,0,0,0,0,0,0,0,0,0,0,0,0,0,0,0,0,0,0,0,0,0
Robeson County Sheriff's Office,1978-01-01,North Carolina,59180,NC07800,,not updated,normal return,normal return,normal return,normal return,breakdown offenses,breakdown offenses,breakdown offenses,0,0,0,1,0,1,1,0,1,1,0,0,0,25,10,5,5,3,2,18,6,6,6,58,7,4,1,2,111,0,23,26,83,109,1,0,0,0,0,1,1,0,0,0,12,6,4,2,0,0,13,6,6,1,9,0,0,0,0,36,0,12,14,22,36,1,0,0,0,0,1,1,0,0,0,1,1,0,0,0,0,3,3,0,0,5,0,0,0,0,11,0,1,3,8,11,0,0,0,0,0,0,0,0,0,0,0,0,0,0,0,0,0,0,0,0,0,0,0,0,0,0,0,0,0,0,0
Robeson County Sheriff's Office,1977-12-01,North Carolina,59175,NC07800,,not updated,adjustment,adjustment,adjustment,adjustment,breakdown offenses,breakdown offenses,breakdown offenses,0,0,0,2,0,0,0,0,2,2,0,0,0,10,6,2,2,0,0,84,66,7,11,47,8,3,3,2,153,0,10,14,139,153,2,0,0,0,0,5,2,1,1,1,20,8,6,3,3,0,13,6,5,2,14,3,1,1,1,57,0,20,27,30,57,0,0,0,0,0,3,1,1,0,1,4,1,1,1,1,0,1,1,0,0,0,0,0,0,0,8,0,4,7,1,8,0,0,0,0,0,0,0,0,0,0,0,0,0,0,0,0,0,0,0,0,0,0,0,0,0,0,0,0,0,0,0
Robeson County Sheriff's Office,1977-11-01,North Carolina,59175,NC07800,,not updated,adjustment,adjustment,adjustment,adjustment,breakdown offenses,breakdown offenses,breakdown offenses,0,0,0,1,0,2,2,0,0,0,0,0,0,39,10,5,3,3,18,39,29,8,2,35,2,1,0,1,118,0,21,24,76,100,1,0,2,2,0,0,0,0,0,0,30,8,3,1,1,17,13,7,4,2,8,1,1,0,0,55,0,13,16,22,38,0,0,0,0,0,0,0,0,0,0,1,0,0,0,0,1,8,4,4,0,0,0,0,0,0,9,0,0,0,8,8,0,0,0,0,0,0,0,0,0,0,0,0,0,0,0,0,0,0,0,0,0,0,0,0,0,0,0,0,0,0,0
Robeson County Sheriff's Office,1977-10-01,North Carolina,59175,NC07800,,not updated,normal return,normal return,normal return,normal return,breakdown offenses,breakdown offenses,breakdown offenses,0,0,0,1,0,0,0,0,1,1,0,0,0,7,4,1,1,1,0,54,28,17,9,46,1,0,0,1,110,0,7,9,101,110,1,0,0,0,0,1,1,0,0,0,7,2,3,1,1,0,9,5,3,1,6,0,0,0,0,24,0,7,9,15,24,0,0,0,0,0,0,0,0,0,0,1,0,0,0,1,0,2,2,0,0,1,0,0,0,0,4,0,1,1,3,4,0,0,0,0,0,0,0,0,0,0,0,0,0,0,0,0,0,0,0,0,0,0,0,0,0,0,0,0,0,0,0
Robeson County Sheriff's Office,1977-09-01,North Carolina,59175,NC07800,,not updated,normal return,normal return,normal return,normal return,breakdown offenses,breakdown offenses,breakdown offenses,0,0,0,1,0,0,0,0,1,0,0,0,1,13,6,4,1,2,0,50,35,15,0,45,5,5,0,0,115,0,13,15,100,115,1,0,0,0,0,0,0,0,0,0,12,4,4,2,2,0,6,4,2,0,16,0,0,0,0,35,0,12,13,22,35,0,0,0,0,0,0,0,0,0,0,2,0,0,1,1,0,4,2,2,0,2,0,0,0,0,8,0,2,2,6,8,0,0,0,0,0,0,0,0,0,0,0,0,0,0,0,0,0,0,0,0,0,0,0,0,0,0,0,0,0,0,0
Robeson County Sheriff's Office,1977-08-01,North Carolina,59175,NC07800,,not updated,adjustment,adjustment,adjustment,adjustment,breakdown offenses,breakdown offenses,breakdown offenses,0,0,0,1,0,0,0,0,1,1,0,0,0,3,2,1,0,0,0,29,25,4,0,34,2,2,0,0,70,0,3,5,65,70,1,0,0,0,0,4,3,1,0,0,18,6,3,4,5,0,12,6,6,0,5,5,4,0,1,45,0,18,23,22,45,0,0,0,0,0,0,0,0,0,0,1,1,0,0,0,0,3,3,0,0,0,0,0,0,0,4,0,1,1,3,4,0,0,0,0,0,0,0,0,0,0,0,0,0,0,0,0,0,0,0,0,0,0,0,0,0,0,0,0,0,0,0
Robeson County Sheriff's Office,1977-07-01,North Carolina,59175,NC07800,,not updated,adjustment,adjustment,adjustment,adjustment,breakdown offenses,breakdown offenses,breakdown offenses,0,0,0,1,0,3,3,0,1,1,0,0,0,57,10,8,5,30,4,33,30,3,0,48,7,4,1,2,150,0,53,58,88,146,1,0,2,2,0,3,3,0,0,0,46,8,6,4,25,3,2,2,0,0,3,5,4,0,1,62,0,43,49,10,59,0,0,1,1,0,1,1,0,0,0,0,0,0,0,0,0,1,1,0,0,0,0,0,0,0,3,0,0,2,1,3,0,0,0,0,0,0,0,0,0,0,0,0,0,0,0,0,0,0,0,0,0,0,0,0,0,0,0,0,0,0,0
Robeson County Sheriff's Office,1977-06-01,North Carolina,59175,NC07800,,not updated,normal return,normal return,normal return,normal return,breakdown offenses,breakdown offenses,breakdown offenses,0,0,0,0,0,0,0,0,2,2,0,0,0,30,8,4,5,4,9,22,20,2,0,40,3,3,0,0,97,0,21,23,65,88,0,0,0,0,0,0,0,0,0,0,22,6,2,2,4,8,5,4,1,0,9,2,2,0,0,38,0,14,14,16,30,0,0,0,0,0,0,0,0,0,0,3,1,2,0,0,0,2,1,1,0,0,0,0,0,0,5,0,3,3,2,5,0,0,0,0,0,0,0,0,0,0,0,0,0,0,0,0,0,0,0,0,0,0,0,0,0,0,0,0,0,0,0
Robeson County Sheriff's Office,1977-05-01,North Carolina,59175,NC07800,,not updated,normal return,normal return,normal return,normal return,breakdown offenses,breakdown offenses,breakdown offenses,0,0,0,1,0,0,0,0,1,1,0,0,0,50,4,3,7,10,26,15,11,4,0,25,2,1,0,1,94,0,24,26,42,68,1,0,0,0,0,0,0,0,0,0,19,4,2,3,1,9,12,8,4,0,7,1,1,0,0,40,0,10,11,20,31,1,0,0,0,0,0,0,0,0,0,1,1,0,0,0,0,3,3,0,0,0,0,0,0,0,5,0,1,2,3,5,0,0,0,0,0,0,0,0,0,0,0,0,0,0,0,0,0,0,0,0,0,0,0,0,0,0,0,0,0,0,0
Robeson County Sheriff's Office,1977-04-01,North Carolina,59175,NC07800,,not updated,adjustment,adjustment,adjustment,adjustment,breakdown offenses,breakdown offenses,breakdown offenses,0,0,0,0,0,0,0,0,0,0,0,0,0,41,3,5,3,10,20,48,40,8,0,28,3,2,1,0,120,0,21,21,79,100,0,0,0,0,0,0,0,0,0,0,36,2,4,1,4,25,11,8,3,0,12,2,2,0,0,61,0,11,11,25,36,0,0,0,0,0,0,0,0,0,0,1,1,0,0,0,0,0,0,0,0,0,0,0,0,0,1,0,1,1,0,1,0,0,0,0,0,0,0,0,0,0,0,0,0,0,0,0,0,0,0,0,0,0,0,0,0,0,0,0,0,0,0
Robeson County Sheriff's Office,1977-03-01,North Carolina,59175,NC07800,,not updated,normal return,normal return,normal return,normal return,breakdown offenses,breakdown offenses,breakdown offenses,0,0,0,0,0,0,0,0,2,1,1,0,0,30,10,3,1,8,8,35,33,2,0,34,1,1,0,0,102,0,22,24,70,94,0,0,0,0,0,0,0,0,0,0,13,4,1,0,4,4,5,4,1,0,20,1,1,0,0,39,0,9,9,26,35,0,0,0,0,0,0,0,0,0,0,2,1,0,0,1,0,0,0,0,0,0,0,0,0,0,2,0,2,2,0,2,0,0,0,0,0,0,0,0,0,0,0,0,0,0,0,0,0,0,0,0,0,0,0,0,0,0,0,0,0,0,0
Robeson County Sheriff's Office,1977-02-01,North Carolina,59175,NC07800,,not updated,normal return,normal return,normal return,normal return,breakdown offenses,breakdown offenses,breakdown offenses,0,0,0,1,0,3,3,0,3,2,0,0,1,35,5,7,0,10,13,27,20,7,0,23,5,5,0,0,97,0,22,29,55,84,3,0,5,5,0,1,1,0,0,0,30,3,4,0,8,15,6,4,2,0,9,3,3,0,0,57,0,15,24,18,42,0,0,0,0,0,0,0,0,0,0,0,0,0,0,0,0,1,1,0,0,0,0,0,0,0,1,0,0,0,1,1,0,0,0,0,0,0,0,0,0,0,0,0,0,0,0,0,0,0,0,0,0,0,0,0,0,0,0,0,0,0,0
Robeson County Sheriff's Office,1977-01-01,North Carolina,59175,NC07800,,not updated,normal return,normal return,normal return,normal return,breakdown offenses,breakdown offenses,breakdown offenses,0,0,0,2,0,1,1,0,0,0,0,0,0,41,6,10,2,12,11,57,40,15,2,54,5,5,0,0,160,0,30,33,116,149,1,0,1,1,0,0,0,0,0,0,30,6,8,2,6,8,22,12,9,1,13,3,3,0,0,70,0,22,24,38,62,0,0,0,0,0,0,0,0,0,0,3,0,0,0,0,3,7,6,1,0,4,0,0,0,0,14,0,0,0,11,11,0,0,0,0,0,0,0,0,0,0,0,0,0,0,0,0,0,0,0,0,0,0,0,0,0,0,0,0,0,0,0
Robeson County Sheriff's Office,1976-12-01,North Carolina,57623,NC07800,,not updated,normal return,normal return,normal return,normal return,breakdown offenses,breakdown offenses,breakdown offenses,0,0,0,2,0,1,0,1,2,2,0,0,0,35,5,7,2,10,11,32,20,12,0,45,5,5,0,0,122,0,24,29,82,111,2,0,1,0,1,1,1,0,0,0,30,3,4,2,8,13,17,12,5,0,15,4,4,0,0,70,0,17,21,36,57,1,0,0,0,0,0,0,0,0,0,5,1,1,0,1,2,5,2,3,0,1,1,1,0,0,13,0,3,4,7,11,0,0,0,0,0,0,0,0,0,0,0,0,0,0,0,0,0,0,0,0,0,0,0,0,0,0,0,0,0,0,0
Robeson County Sheriff's Office,1976-11-01,North Carolina,57623,NC07800,,not updated,normal return,normal return,normal return,normal return,breakdown offenses,breakdown offenses,breakdown offenses,0,0,0,2,0,1,1,0,1,1,0,0,0,30,4,3,0,0,23,44,41,3,0,49,9,8,1,0,136,0,7,11,102,113,2,0,1,1,0,0,0,0,0,0,12,1,1,0,0,10,13,12,1,0,10,7,6,1,0,45,0,2,5,30,35,0,0,1,1,0,0,0,0,0,0,3,1,0,0,0,2,0,0,0,0,3,2,2,0,0,9,0,1,2,5,7,0,0,0,0,0,0,0,0,0,0,0,0,0,0,0,0,0,0,0,0,0,0,0,0,0,0,0,0,0,0,0
Robeson County Sheriff's Office,1976-10-01,North Carolina,57623,NC07800,,not updated,normal return,normal return,normal return,normal return,breakdown offenses,breakdown offenses,breakdown offenses,0,0,0,0,0,1,1,0,1,0,0,0,1,30,4,7,1,1,17,44,36,8,0,59,12,8,0,4,147,0,13,15,115,130,0,0,1,1,0,0,0,0,0,0,20,1,3,1,1,14,16,10,6,0,20,10,8,0,2,67,0,6,7,46,53,0,0,0,0,0,0,0,0,0,0,1,1,0,0,0,0,8,6,2,0,6,5,4,0,1,20,0,1,1,19,20,0,0,0,0,0,0,0,0,0,0,0,0,0,0,0,0,0,0,0,0,0,0,0,0,0,0,0,0,0,0,0
Robeson County Sheriff's Office,1976-09-01,North Carolina,57623,NC07800,,not updated,normal return,normal return,normal return,normal return,breakdown offenses,breakdown offenses,breakdown offenses,0,0,0,2,0,0,0,0,3,2,0,0,1,45,8,11,4,3,19,31,15,13,3,46,11,9,0,2,138,0,26,31,88,119,2,0,0,0,0,0,0,0,0,0,40,5,10,4,2,19,10,6,4,0,13,8,6,0,2,73,0,21,23,31,54,0,0,0,0,0,0,0,0,0,0,3,0,2,0,0,1,2,1,1,0,3,0,0,0,0,8,0,2,2,5,7,0,0,0,0,0,0,0,0,0,0,0,0,0,0,0,0,0,0,0,0,0,0,0,0,0,0,0,0,0,0,0
Robeson County Sheriff's Office,1976-08-01,North Carolina,57623,NC07800,,not updated,normal return,normal return,normal return,normal return,breakdown offenses,breakdown offenses,breakdown offenses,0,0,0,0,0,2,2,0,3,2,0,1,0,37,15,10,5,4,3,35,20,15,0,58,7,5,2,0,142,0,34,39,100,139,1,1,3,3,0,1,1,0,0,0,25,10,5,4,4,2,2,2,0,0,11,1,1,0,0,45,0,23,28,14,42,0,0,0,0,0,0,0,0,0,0,0,0,0,0,0,0,0,0,0,0,0,0,0,0,0,0,0,0,0,0,0,0,0,0,0,0,0,0,0,0,0,0,0,0,0,0,0,0,0,0,0,0,0,0,0,0,0,0,0,0,0,0
Robeson County Sheriff's Office,1976-07-01,North Carolina,57623,NC07800,,not updated,normal return,normal return,normal return,normal return,breakdown offenses,breakdown offenses,breakdown offenses,0,0,0,0,0,1,1,0,1,0,0,0,1,75,13,10,3,8,41,32,22,8,2,32,6,5,1,0,147,0,34,36,70,106,0,0,1,1,0,0,0,0,0,0,58,9,5,1,3,40,8,4,4,0,9,2,2,0,0,78,0,18,19,19,38,0,0,0,0,0,0,0,0,0,0,3,0,0,0,0,3,0,0,0,0,0,0,0,0,0,3,0,0,0,0,0,0,0,0,0,0,0,0,0,0,0,0,0,0,0,0,0,0,0,0,0,0,0,0,0,0,0,0,0,0,0,0
Robeson County Sheriff's Office,1976-06-01,North Carolina,57623,NC07800,,not updated,normal return,normal return,normal return,normal return,breakdown offenses,breakdown offenses,breakdown offenses,0,0,0,0,0,0,0,0,0,0,0,0,0,67,14,9,4,30,10,33,23,10,0,34,8,5,3,0,142,0,57,57,75,132,0,0,0,0,0,0,0,0,0,0,51,7,11,3,24,6,9,6,3,0,4,5,3,2,0,69,0,45,45,18,63,0,0,0,0,0,0,0,0,0,0,3,0,0,0,0,3,2,2,0,0,0,0,0,0,0,5,0,0,0,2,2,0,0,0,0,0,0,0,0,0,0,0,0,0,0,0,0,0,0,0,0,0,0,0,0,0,0,0,0,0,0,0
Robeson County Sheriff's Office,1976-05-01,North Carolina,57623,NC07800,,not updated,normal return,normal return,normal return,normal return,breakdown offenses,breakdown offenses,breakdown offenses,0,0,0,1,0,0,0,0,0,0,0,0,0,8,4,2,1,1,0,37,35,2,0,45,8,6,0,2,99,0,8,9,90,99,1,0,0,0,0,0,0,0,0,0,15,9,4,1,1,0,10,10,0,0,7,1,1,0,0,34,0,15,16,18,34,0,0,0,0,0,0,0,0,0,0,0,0,0,0,0,0,0,0,0,0,0,0,0,0,0,0,0,0,0,0,0,0,0,0,0,0,0,0,0,0,0,0,0,0,0,0,0,0,0,0,0,0,0,0,0,0,0,0,0,0,0,0
Robeson County Sheriff's Office,1976-04-01,North Carolina,57623,NC07800,,not updated,normal return,normal return,normal return,normal return,breakdown offenses,breakdown offenses,breakdown offenses,0,0,0,2,0,1,1,0,0,0,0,0,0,72,21,12,5,4,30,35,25,10,0,44,4,3,1,0,158,0,42,45,83,128,0,0,1,1,0,0,0,0,0,0,38,8,3,0,2,25,10,4,6,0,8,0,0,0,0,57,0,13,14,18,32,0,0,0,0,0,0,0,0,0,0,3,2,1,0,0,0,1,0,1,0,0,0,0,0,0,4,0,3,3,1,4,0,0,0,0,0,0,0,0,0,0,0,0,0,0,0,0,0,0,0,0,0,0,0,0,0,0,0,0,0,0,0
Robeson County Sheriff's Office,1976-03-01,North Carolina,57623,NC07800,,not updated,normal return,normal return,normal return,normal return,breakdown offenses,breakdown offenses,breakdown offenses,0,0,0,1,0,3,3,0,2,2,0,0,0,55,20,10,3,12,10,36,30,6,0,61,5,3,2,0,163,0,45,51,102,153,0,0,2,2,0,0,0,0,0,0,41,15,6,2,10,8,12,10,2,0,24,4,3,1,0,83,0,33,35,40,75,0,0,0,0,0,0,0,0,0,0,3,3,0,0,0,0,0,0,0,0,0,0,0,0,0,3,0,3,3,0,3,0,0,0,0,0,0,0,0,0,0,0,0,0,0,0,0,0,0,0,0,0,0,0,0,0,0,0,0,0,0,0
Robeson County Sheriff's Office,1976-02-01,North Carolina,57623,NC07800,,not updated,normal return,normal return,normal return,normal return,breakdown offenses,breakdown offenses,breakdown offenses,0,0,1,1,0,0,0,0,0,0,0,0,0,25,10,4,1,10,0,42,35,7,0,50,10,7,1,2,128,0,25,26,102,128,1,0,0,0,0,0,0,0,0,0,21,8,2,1,10,0,2,2,0,0,10,8,6,2,0,42,0,21,22,20,42,0,0,0,0,0,0,0,0,0,0,0,0,0,0,0,0,0,0,0,0,0,0,0,0,0,0,0,0,0,0,0,0,0,0,0,0,0,0,0,0,0,0,0,0,0,0,0,0,0,0,0,0,0,0,0,0,0,0,0,0,0,0
Robeson County Sheriff's Office,1976-01-01,North Carolina,57623,NC07800,,not updated,normal return,normal return,normal return,normal return,breakdown offenses,breakdown offenses,breakdown offenses,0,0,0,1,0,0,0,0,0,0,0,0,0,34,16,5,1,12,0,44,42,2,0,55,6,3,2,1,140,0,34,35,105,140,2,0,0,0,0,2,2,0,0,0,29,11,6,2,10,0,12,8,4,0,12,5,5,0,0,62,0,29,33,29,62,0,0,0,0,0,0,0,0,0,0,0,0,0,0,0,0,0,0,0,0,0,1,1,0,0,1,0,0,0,1,1,0,0,0,0,0,0,0,0,0,0,0,0,0,0,0,0,0,0,0,0,0,0,0,0,0,0,0,0,0,0,0
Robeson County Sheriff's Office,1975-12-01,North Carolina,57865,NC07800,,not updated,normal return,normal return,normal return,normal return,breakdown offenses,breakdown offenses,breakdown offenses,0,0,0,5,0,0,0,0,3,2,1,0,0,15,7,7,1,0,0,46,42,4,0,41,11,6,2,3,121,0,15,23,98,121,2,0,0,0,0,6,2,3,0,1,9,5,4,0,0,0,4,3,1,0,2,1,1,0,0,24,0,9,17,7,24,0,0,0,0,0,0,0,0,0,0,0,0,0,0,0,0,0,0,0,0,0,0,0,0,0,0,0,0,0,0,0,0,0,0,0,0,0,0,0,0,0,0,0,0,0,0,0,0,0,0,0,0,0,0,0,0,0,0,0,0,0,0
Robeson County Sheriff's Office,1975-11-01,North Carolina,57865,NC07800,,not updated,normal return,normal return,normal return,normal return,breakdown offenses,breakdown offenses,breakdown offenses,0,0,0,0,0,1,1,0,3,1,1,1,0,31,11,11,2,6,1,52,47,4,1,49,13,7,2,4,149,0,30,34,114,148,0,0,1,1,0,0,0,0,0,0,12,5,5,1,1,0,9,3,6,0,8,3,2,0,1,33,0,12,13,20,33,0,0,1,1,0,0,0,0,0,0,1,1,0,0,0,0,1,1,0,0,1,0,0,0,0,4,0,1,2,2,4,0,0,0,0,0,0,0,0,0,0,0,0,0,0,0,0,0,0,0,0,0,0,0,0,0,0,0,0,0,0,0
Robeson County Sheriff's Office,1975-10-01,North Carolina,57865,NC07800,,not updated,normal return,normal return,normal return,normal return,breakdown offenses,breakdown offenses,breakdown offenses,0,0,2,1,0,1,1,0,1,0,0,0,1,25,8,3,5,9,0,36,31,5,0,45,12,8,1,3,121,0,25,28,93,121,0,0,0,0,0,0,0,0,0,0,19,4,2,5,8,0,18,15,3,0,10,3,3,0,0,50,0,19,19,31,50,0,0,0,0,0,0,0,0,0,0,0,0,0,0,0,0,0,0,0,0,0,0,0,0,0,0,0,0,0,0,0,0,0,0,0,0,0,0,0,0,0,0,0,0,0,0,0,0,0,0,0,0,0,0,0,0,0,0,0,0,0,0
Robeson County Sheriff's Office,1975-09-01,North Carolina,57865,NC07800,,not updated,normal return,normal return,normal return,normal return,breakdown offenses,breakdown offenses,breakdown offenses,0,0,0,2,0,0,0,0,0,0,0,0,0,67,18,6,3,19,21,44,25,19,0,112,16,10,3,3,241,0,46,48,172,220,0,0,0,0,0,0,0,0,0,0,51,12,4,1,13,21,3,0,3,0,12,0,0,0,0,66,0,30,30,15,45,0,0,0,0,0,0,0,0,0,0,0,0,0,0,0,0,0,0,0,0,1,0,0,0,0,1,0,0,0,1,1,0,0,0,0,0,0,0,0,0,0,0,0,0,0,0,0,0,0,0,0,0,0,0,0,0,0,0,0,0,0,0
Robeson County Sheriff's Office,1975-08-01,North Carolina,57865,NC07800,,not updated,normal return,normal return,normal return,normal return,breakdown offenses,breakdown offenses,breakdown offenses,0,0,0,0,0,0,0,0,2,1,0,1,0,44,14,7,0,0,23,32,26,6,0,43,9,5,0,4,130,0,21,23,84,107,0,0,0,0,0,3,1,0,2,0,26,4,0,0,0,22,7,7,0,0,4,6,2,0,4,46,0,4,7,17,24,0,0,0,0,0,0,0,0,0,0,1,0,0,0,0,1,0,0,0,0,1,1,1,0,0,3,0,0,0,2,2,0,0,0,0,0,0,0,0,0,0,0,0,0,0,0,0,0,0,0,0,0,0,0,0,0,0,0,0,0,0,0
Robeson County Sheriff's Office,1975-07-01,North Carolina,57865,NC07800,,not updated,normal return,normal return,normal return,normal return,breakdown offenses,breakdown offenses,breakdown offenses,0,0,0,0,0,0,0,0,1,1,0,0,0,55,8,0,5,0,42,28,24,0,4,34,3,1,0,2,121,0,13,14,65,79,0,0,0,0,0,1,1,0,0,0,55,8,0,5,0,42,7,7,0,0,16,4,2,0,2,83,0,13,14,27,41,0,0,0,0,0,0,0,0,0,0,1,0,0,0,0,1,1,1,0,0,7,1,1,0,0,10,0,0,0,9,9,0,0,0,0,0,0,0,0,0,0,0,0,0,0,0,0,0,0,0,0,0,0,0,0,0,0,0,0,0,0,0
Robeson County Sheriff's Office,1975-06-01,North Carolina,57865,NC07800,,not updated,normal return,normal return,normal return,normal return,breakdown offenses,breakdown offenses,breakdown offenses,0,0,0,1,0,0,0,0,2,0,0,2,0,53,5,5,4,0,39,30,30,0,0,50,4,0,3,1,140,0,14,17,84,101,0,0,0,0,0,2,0,0,2,0,53,5,5,4,0,39,7,7,0,0,15,1,0,1,0,78,0,14,16,23,39,0,0,0,0,0,0,0,0,0,0,1,1,0,0,0,0,1,1,0,0,2,0,0,0,0,4,0,1,1,3,4,0,0,0,0,0,0,0,0,0,0,0,0,0,0,0,0,0,0,0,0,0,0,0,0,0,0,0,0,0,0,0
Robeson County Sheriff's Office,1975-05-01,North Carolina,57865,NC07800,,not updated,normal return,normal return,normal return,normal return,breakdown offenses,breakdown offenses,breakdown offenses,0,0,0,0,0,0,0,0,2,2,0,0,0,42,9,4,1,0,28,18,18,0,0,37,5,3,0,2,104,0,14,16,60,76,0,0,0,0,0,2,2,0,0,0,34,6,0,0,0,28,1,1,0,0,4,3,3,0,0,44,0,6,8,8,16,0,0,0,0,0,1,1,0,0,0,2,1,0,0,0,1,0,0,0,0,0,1,1,0,0,4,0,1,2,1,3,0,0,0,0,0,0,0,0,0,0,0,0,0,0,0,0,0,0,0,0,0,0,0,0,0,0,0,0,0,0,0
Robeson County Sheriff's Office,1975-04-01,North Carolina,57865,NC07800,,not updated,normal return,normal return,normal return,normal return,breakdown offenses,breakdown offenses,breakdown offenses,0,0,0,4,0,1,1,0,1,0,0,0,1,55,8,0,10,0,37,38,37,0,1,53,2,2,0,0,154,0,18,24,93,117,4,0,1,1,0,1,0,0,0,1,55,8,0,10,0,37,10,10,0,0,8,2,2,0,0,81,0,18,24,20,44,0,0,0,0,0,0,0,0,0,0,2,0,0,1,0,1,6,6,0,0,2,2,2,0,0,12,0,1,1,10,11,0,0,0,0,0,0,0,0,0,0,0,0,0,0,0,0,0,0,0,0,0,0,0,0,0,0,0,0,0,0,0
Robeson County Sheriff's Office,1975-03-01,North Carolina,57865,NC07800,,not updated,normal return,normal return,normal return,normal return,breakdown offenses,breakdown offenses,breakdown offenses,0,0,0,3,0,1,1,0,1,0,0,0,1,50,12,0,6,0,32,38,34,0,4,54,6,6,0,0,153,0,18,23,98,121,3,0,1,1,0,0,0,0,0,0,50,12,0,6,0,32,27,27,0,0,8,2,2,0,0,91,0,18,22,37,59,0,0,0,0,0,0,0,0,0,0,1,1,0,0,0,0,4,4,0,0,1,0,0,0,0,6,0,1,1,5,6,0,0,0,0,0,0,0,0,0,0,0,0,0,0,0,0,0,0,0,0,0,0,0,0,0,0,0,0,0,0,0
Robeson County Sheriff's Office,1975-02-01,North Carolina,57865,NC07800,,not updated,normal return,normal return,normal return,normal return,breakdown offenses,breakdown offenses,breakdown offenses,0,0,0,1,0,0,0,0,0,0,0,0,0,31,9,2,7,0,13,60,50,0,10,49,3,3,0,0,144,0,18,19,112,131,1,0,2,2,0,0,0,0,0,0,31,9,2,7,0,13,23,23,0,0,5,1,1,0,0,63,0,18,21,29,50,0,0,0,0,0,0,0,0,0,0,6,3,0,0,0,3,5,5,0,0,1,1,1,0,0,13,0,3,3,7,10,0,0,0,0,0,0,0,0,0,0,0,0,0,0,0,0,0,0,0,0,0,0,0,0,0,0,0,0,0,0,0
Robeson County Sheriff's Office,1975-01-01,North Carolina,57865,NC07800,,not updated,normal return,normal return,normal return,normal return,breakdown offenses,breakdown offenses,breakdown offenses,0,0,0,2,0,2,2,0,1,1,0,0,0,25,5,0,4,0,16,54,54,0,0,30,4,4,0,0,118,0,9,14,88,102,2,0,0,0,0,1,1,0,0,0,25,5,0,4,0,16,23,23,0,0,5,4,4,0,0,60,0,9,12,32,44,0,0,0,0,0,0,0,0,0,0,2,0,0,0,0,2,14,14,0,0,2,1,1,0,0,19,0,0,0,17,17,0,0,0,0,0,0,0,0,0,0,0,0,0,0,0,0,0,0,0,0,0,0,0,0,0,0,0,0,0,0,0
Robeson County Sheriff's Office,1974-12-01,North Carolina,,NC07800,,,,,,,,,,,,,,,,,,,,,,,,,,,,,,,,,,,,,,,,,,,,,,,,,,,,,,,,,,,,,,,,,,,,,,,,,,,,,,,,,,,,,,,,,,,,,,,,,,,,,,,,,,,,,,,,,,,,,,,,,,,,,,,,,,,,,,,,
Robeson County Sheriff's Office,1974-11-01,North Carolina,,NC07800,,,,,,,,,,,,,,,,,,,,,,,,,,,,,,,,,,,,,,,,,,,,,,,,,,,,,,,,,,,,,,,,,,,,,,,,,,,,,,,,,,,,,,,,,,,,,,,,,,,,,,,,,,,,,,,,,,,,,,,,,,,,,,,,,,,,,,,,
Robeson County Sheriff's Office,1974-10-01,North Carolina,,NC07800,,,,,,,,,,,,,,,,,,,,,,,,,,,,,,,,,,,,,,,,,,,,,,,,,,,,,,,,,,,,,,,,,,,,,,,,,,,,,,,,,,,,,,,,,,,,,,,,,,,,,,,,,,,,,,,,,,,,,,,,,,,,,,,,,,,,,,,,
Robeson County Sheriff's Office,1974-09-01,North Carolina,,NC07800,,,,,,,,,,,,,,,,,,,,,,,,,,,,,,,,,,,,,,,,,,,,,,,,,,,,,,,,,,,,,,,,,,,,,,,,,,,,,,,,,,,,,,,,,,,,,,,,,,,,,,,,,,,,,,,,,,,,,,,,,,,,,,,,,,,,,,,,
Robeson County Sheriff's Office,1974-08-01,North Carolina,,NC07800,,,,,,,,,,,,,,,,,,,,,,,,,,,,,,,,,,,,,,,,,,,,,,,,,,,,,,,,,,,,,,,,,,,,,,,,,,,,,,,,,,,,,,,,,,,,,,,,,,,,,,,,,,,,,,,,,,,,,,,,,,,,,,,,,,,,,,,,
Robeson County Sheriff's Office,1974-07-01,North Carolina,,NC07800,,,,,,,,,,,,,,,,,,,,,,,,,,,,,,,,,,,,,,,,,,,,,,,,,,,,,,,,,,,,,,,,,,,,,,,,,,,,,,,,,,,,,,,,,,,,,,,,,,,,,,,,,,,,,,,,,,,,,,,,,,,,,,,,,,,,,,,,
Robeson County Sheriff's Office,1974-06-01,North Carolina,,NC07800,,,,,,,,,,,,,,,,,,,,,,,,,,,,,,,,,,,,,,,,,,,,,,,,,,,,,,,,,,,,,,,,,,,,,,,,,,,,,,,,,,,,,,,,,,,,,,,,,,,,,,,,,,,,,,,,,,,,,,,,,,,,,,,,,,,,,,,,
Robeson County Sheriff's Office,1974-05-01,North Carolina,,NC07800,,,,,,,,,,,,,,,,,,,,,,,,,,,,,,,,,,,,,,,,,,,,,,,,,,,,,,,,,,,,,,,,,,,,,,,,,,,,,,,,,,,,,,,,,,,,,,,,,,,,,,,,,,,,,,,,,,,,,,,,,,,,,,,,,,,,,,,,
Robeson County Sheriff's Office,1974-04-01,North Carolina,,NC07800,,,,,,,,,,,,,,,,,,,,,,,,,,,,,,,,,,,,,,,,,,,,,,,,,,,,,,,,,,,,,,,,,,,,,,,,,,,,,,,,,,,,,,,,,,,,,,,,,,,,,,,,,,,,,,,,,,,,,,,,,,,,,,,,,,,,,,,,
Robeson County Sheriff's Office,1974-03-01,North Carolina,,NC07800,,,,,,,,,,,,,,,,,,,,,,,,,,,,,,,,,,,,,,,,,,,,,,,,,,,,,,,,,,,,,,,,,,,,,,,,,,,,,,,,,,,,,,,,,,,,,,,,,,,,,,,,,,,,,,,,,,,,,,,,,,,,,,,,,,,,,,,,
Robeson County Sheriff's Office,1974-02-01,North Carolina,,NC07800,,,,,,,,,,,,,,,,,,,,,,,,,,,,,,,,,,,,,,,,,,,,,,,,,,,,,,,,,,,,,,,,,,,,,,,,,,,,,,,,,,,,,,,,,,,,,,,,,,,,,,,,,,,,,,,,,,,,,,,,,,,,,,,,,,,,,,,,
Robeson County Sheriff's Office,1974-01-01,North Carolina,,NC07800,,,,,,,,,,,,,,,,,,,,,,,,,,,,,,,,,,,,,,,,,,,,,,,,,,,,,,,,,,,,,,,,,,,,,,,,,,,,,,,,,,,,,,,,,,,,,,,,,,,,,,,,,,,,,,,,,,,,,,,,,,,,,,,,,,,,,,,,
Robeson County Sheriff's Office,1973-12-01,North Carolina,,NC07800,,,,,,,,,,,,,,,,,,,,,,,,,,,,,,,,,,,,,,,,,,,,,,,,,,,,,,,,,,,,,,,,,,,,,,,,,,,,,,,,,,,,,,,,,,,,,,,,,,,,,,,,,,,,,,,,,,,,,,,,,,,,,,,,,,,,,,,,
Robeson County Sheriff's Office,1973-11-01,North Carolina,,NC07800,,,,,,,,,,,,,,,,,,,,,,,,,,,,,,,,,,,,,,,,,,,,,,,,,,,,,,,,,,,,,,,,,,,,,,,,,,,,,,,,,,,,,,,,,,,,,,,,,,,,,,,,,,,,,,,,,,,,,,,,,,,,,,,,,,,,,,,,
Robeson County Sheriff's Office,1973-10-01,North Carolina,,NC07800,,,,,,,,,,,,,,,,,,,,,,,,,,,,,,,,,,,,,,,,,,,,,,,,,,,,,,,,,,,,,,,,,,,,,,,,,,,,,,,,,,,,,,,,,,,,,,,,,,,,,,,,,,,,,,,,,,,,,,,,,,,,,,,,,,,,,,,,
Robeson County Sheriff's Office,1973-09-01,North Carolina,,NC07800,,,,,,,,,,,,,,,,,,,,,,,,,,,,,,,,,,,,,,,,,,,,,,,,,,,,,,,,,,,,,,,,,,,,,,,,,,,,,,,,,,,,,,,,,,,,,,,,,,,,,,,,,,,,,,,,,,,,,,,,,,,,,,,,,,,,,,,,
Robeson County Sheriff's Office,1973-08-01,North Carolina,,NC07800,,,,,,,,,,,,,,,,,,,,,,,,,,,,,,,,,,,,,,,,,,,,,,,,,,,,,,,,,,,,,,,,,,,,,,,,,,,,,,,,,,,,,,,,,,,,,,,,,,,,,,,,,,,,,,,,,,,,,,,,,,,,,,,,,,,,,,,,
Robeson County Sheriff's Office,1973-07-01,North Carolina,,NC07800,,,,,,,,,,,,,,,,,,,,,,,,,,,,,,,,,,,,,,,,,,,,,,,,,,,,,,,,,,,,,,,,,,,,,,,,,,,,,,,,,,,,,,,,,,,,,,,,,,,,,,,,,,,,,,,,,,,,,,,,,,,,,,,,,,,,,,,,
Robeson County Sheriff's Office,1973-06-01,North Carolina,,NC07800,,,,,,,,,,,,,,,,,,,,,,,,,,,,,,,,,,,,,,,,,,,,,,,,,,,,,,,,,,,,,,,,,,,,,,,,,,,,,,,,,,,,,,,,,,,,,,,,,,,,,,,,,,,,,,,,,,,,,,,,,,,,,,,,,,,,,,,,
Robeson County Sheriff's Office,1973-05-01,North Carolina,,NC07800,,,,,,,,,,,,,,,,,,,,,,,,,,,,,,,,,,,,,,,,,,,,,,,,,,,,,,,,,,,,,,,,,,,,,,,,,,,,,,,,,,,,,,,,,,,,,,,,,,,,,,,,,,,,,,,,,,,,,,,,,,,,,,,,,,,,,,,,
Robeson County Sheriff's Office,1973-04-01,North Carolina,,NC07800,,,,,,,,,,,,,,,,,,,,,,,,,,,,,,,,,,,,,,,,,,,,,,,,,,,,,,,,,,,,,,,,,,,,,,,,,,,,,,,,,,,,,,,,,,,,,,,,,,,,,,,,,,,,,,,,,,,,,,,,,,,,,,,,,,,,,,,,
Robeson County Sheriff's Office,1973-03-01,North Carolina,,NC07800,,,,,,,,,,,,,,,,,,,,,,,,,,,,,,,,,,,,,,,,,,,,,,,,,,,,,,,,,,,,,,,,,,,,,,,,,,,,,,,,,,,,,,,,,,,,,,,,,,,,,,,,,,,,,,,,,,,,,,,,,,,,,,,,,,,,,,,,
Robeson County Sheriff's Office,1973-02-01,North Carolina,,NC07800,,,,,,,,,,,,,,,,,,,,,,,,,,,,,,,,,,,,,,,,,,,,,,,,,,,,,,,,,,,,,,,,,,,,,,,,,,,,,,,,,,,,,,,,,,,,,,,,,,,,,,,,,,,,,,,,,,,,,,,,,,,,,,,,,,,,,,,,
Robeson County Sheriff's Office,1973-01-01,North Carolina,,NC07800,,,,,,,,,,,,,,,,,,,,,,,,,,,,,,,,,,,,,,,,,,,,,,,,,,,,,,,,,,,,,,,,,,,,,,,,,,,,,,,,,,,,,,,,,,,,,,,,,,,,,,,,,,,,,,,,,,,,,,,,,,,,,,,,,,,,,,,,
Robeson County Sheriff's Office,1972-12-01,North Carolina,,NC07800,,,,,,,,,,,,,,,,,,,,,,,,,,,,,,,,,,,,,,,,,,,,,,,,,,,,,,,,,,,,,,,,,,,,,,,,,,,,,,,,,,,,,,,,,,,,,,,,,,,,,,,,,,,,,,,,,,,,,,,,,,,,,,,,,,,,,,,,
Robeson County Sheriff's Office,1972-11-01,North Carolina,,NC07800,,,,,,,,,,,,,,,,,,,,,,,,,,,,,,,,,,,,,,,,,,,,,,,,,,,,,,,,,,,,,,,,,,,,,,,,,,,,,,,,,,,,,,,,,,,,,,,,,,,,,,,,,,,,,,,,,,,,,,,,,,,,,,,,,,,,,,,,
Robeson County Sheriff's Office,1972-10-01,North Carolina,,NC07800,,,,,,,,,,,,,,,,,,,,,,,,,,,,,,,,,,,,,,,,,,,,,,,,,,,,,,,,,,,,,,,,,,,,,,,,,,,,,,,,,,,,,,,,,,,,,,,,,,,,,,,,,,,,,,,,,,,,,,,,,,,,,,,,,,,,,,,,
Robeson County Sheriff's Office,1972-09-01,North Carolina,,NC07800,,,,,,,,,,,,,,,,,,,,,,,,,,,,,,,,,,,,,,,,,,,,,,,,,,,,,,,,,,,,,,,,,,,,,,,,,,,,,,,,,,,,,,,,,,,,,,,,,,,,,,,,,,,,,,,,,,,,,,,,,,,,,,,,,,,,,,,,
Robeson County Sheriff's Office,1972-08-01,North Carolina,,NC07800,,,,,,,,,,,,,,,,,,,,,,,,,,,,,,,,,,,,,,,,,,,,,,,,,,,,,,,,,,,,,,,,,,,,,,,,,,,,,,,,,,,,,,,,,,,,,,,,,,,,,,,,,,,,,,,,,,,,,,,,,,,,,,,,,,,,,,,,
Robeson County Sheriff's Office,1972-07-01,North Carolina,,NC07800,,,,,,,,,,,,,,,,,,,,,,,,,,,,,,,,,,,,,,,,,,,,,,,,,,,,,,,,,,,,,,,,,,,,,,,,,,,,,,,,,,,,,,,,,,,,,,,,,,,,,,,,,,,,,,,,,,,,,,,,,,,,,,,,,,,,,,,,
Robeson County Sheriff's Office,1972-06-01,North Carolina,,NC07800,,,,,,,,,,,,,,,,,,,,,,,,,,,,,,,,,,,,,,,,,,,,,,,,,,,,,,,,,,,,,,,,,,,,,,,,,,,,,,,,,,,,,,,,,,,,,,,,,,,,,,,,,,,,,,,,,,,,,,,,,,,,,,,,,,,,,,,,
Robeson County Sheriff's Office,1972-05-01,North Carolina,,NC07800,,,,,,,,,,,,,,,,,,,,,,,,,,,,,,,,,,,,,,,,,,,,,,,,,,,,,,,,,,,,,,,,,,,,,,,,,,,,,,,,,,,,,,,,,,,,,,,,,,,,,,,,,,,,,,,,,,,,,,,,,,,,,,,,,,,,,,,,
Robeson County Sheriff's Office,1972-04-01,North Carolina,,NC07800,,,,,,,,,,,,,,,,,,,,,,,,,,,,,,,,,,,,,,,,,,,,,,,,,,,,,,,,,,,,,,,,,,,,,,,,,,,,,,,,,,,,,,,,,,,,,,,,,,,,,,,,,,,,,,,,,,,,,,,,,,,,,,,,,,,,,,,,
Robeson County Sheriff's Office,1972-03-01,North Carolina,,NC07800,,,,,,,,,,,,,,,,,,,,,,,,,,,,,,,,,,,,,,,,,,,,,,,,,,,,,,,,,,,,,,,,,,,,,,,,,,,,,,,,,,,,,,,,,,,,,,,,,,,,,,,,,,,,,,,,,,,,,,,,,,,,,,,,,,,,,,,,
Robeson County Sheriff's Office,1972-02-01,North Carolina,,NC07800,,,,,,,,,,,,,,,,,,,,,,,,,,,,,,,,,,,,,,,,,,,,,,,,,,,,,,,,,,,,,,,,,,,,,,,,,,,,,,,,,,,,,,,,,,,,,,,,,,,,,,,,,,,,,,,,,,,,,,,,,,,,,,,,,,,,,,,,
Robeson County Sheriff's Office,1972-01-01,North Carolina,,NC07800,,,,,,,,,,,,,,,,,,,,,,,,,,,,,,,,,,,,,,,,,,,,,,,,,,,,,,,,,,,,,,,,,,,,,,,,,,,,,,,,,,,,,,,,,,,,,,,,,,,,,,,,,,,,,,,,,,,,,,,,,,,,,,,,,,,,,,,,
Robeson County Sheriff's Office,1971-12-01,North Carolina,,NC07800,,,,,,,,,,,,,,,,,,,,,,,,,,,,,,,,,,,,,,,,,,,,,,,,,,,,,,,,,,,,,,,,,,,,,,,,,,,,,,,,,,,,,,,,,,,,,,,,,,,,,,,,,,,,,,,,,,,,,,,,,,,,,,,,,,,,,,,,
Robeson County Sheriff's Office,1971-11-01,North Carolina,,NC07800,,,,,,,,,,,,,,,,,,,,,,,,,,,,,,,,,,,,,,,,,,,,,,,,,,,,,,,,,,,,,,,,,,,,,,,,,,,,,,,,,,,,,,,,,,,,,,,,,,,,,,,,,,,,,,,,,,,,,,,,,,,,,,,,,,,,,,,,
Robeson County Sheriff's Office,1971-10-01,North Carolina,,NC07800,,,,,,,,,,,,,,,,,,,,,,,,,,,,,,,,,,,,,,,,,,,,,,,,,,,,,,,,,,,,,,,,,,,,,,,,,,,,,,,,,,,,,,,,,,,,,,,,,,,,,,,,,,,,,,,,,,,,,,,,,,,,,,,,,,,,,,,,
Robeson County Sheriff's Office,1971-09-01,North Carolina,,NC07800,,,,,,,,,,,,,,,,,,,,,,,,,,,,,,,,,,,,,,,,,,,,,,,,,,,,,,,,,,,,,,,,,,,,,,,,,,,,,,,,,,,,,,,,,,,,,,,,,,,,,,,,,,,,,,,,,,,,,,,,,,,,,,,,,,,,,,,,
Robeson County Sheriff's Office,1971-08-01,North Carolina,,NC07800,,,,,,,,,,,,,,,,,,,,,,,,,,,,,,,,,,,,,,,,,,,,,,,,,,,,,,,,,,,,,,,,,,,,,,,,,,,,,,,,,,,,,,,,,,,,,,,,,,,,,,,,,,,,,,,,,,,,,,,,,,,,,,,,,,,,,,,,
Robeson County Sheriff's Office,1971-07-01,North Carolina,,NC07800,,,,,,,,,,,,,,,,,,,,,,,,,,,,,,,,,,,,,,,,,,,,,,,,,,,,,,,,,,,,,,,,,,,,,,,,,,,,,,,,,,,,,,,,,,,,,,,,,,,,,,,,,,,,,,,,,,,,,,,,,,,,,,,,,,,,,,,,
Robeson County Sheriff's Office,1971-06-01,North Carolina,,NC07800,,,,,,,,,,,,,,,,,,,,,,,,,,,,,,,,,,,,,,,,,,,,,,,,,,,,,,,,,,,,,,,,,,,,,,,,,,,,,,,,,,,,,,,,,,,,,,,,,,,,,,,,,,,,,,,,,,,,,,,,,,,,,,,,,,,,,,,,
Robeson County Sheriff's Office,1971-05-01,North Carolina,,NC07800,,,,,,,,,,,,,,,,,,,,,,,,,,,,,,,,,,,,,,,,,,,,,,,,,,,,,,,,,,,,,,,,,,,,,,,,,,,,,,,,,,,,,,,,,,,,,,,,,,,,,,,,,,,,,,,,,,,,,,,,,,,,,,,,,,,,,,,,
Robeson County Sheriff's Office,1971-04-01,North Carolina,,NC07800,,,,,,,,,,,,,,,,,,,,,,,,,,,,,,,,,,,,,,,,,,,,,,,,,,,,,,,,,,,,,,,,,,,,,,,,,,,,,,,,,,,,,,,,,,,,,,,,,,,,,,,,,,,,,,,,,,,,,,,,,,,,,,,,,,,,,,,,
Robeson County Sheriff's Office,1971-03-01,North Carolina,,NC07800,,,,,,,,,,,,,,,,,,,,,,,,,,,,,,,,,,,,,,,,,,,,,,,,,,,,,,,,,,,,,,,,,,,,,,,,,,,,,,,,,,,,,,,,,,,,,,,,,,,,,,,,,,,,,,,,,,,,,,,,,,,,,,,,,,,,,,,,
Robeson County Sheriff's Office,1971-02-01,North Carolina,,NC07800,,,,,,,,,,,,,,,,,,,,,,,,,,,,,,,,,,,,,,,,,,,,,,,,,,,,,,,,,,,,,,,,,,,,,,,,,,,,,,,,,,,,,,,,,,,,,,,,,,,,,,,,,,,,,,,,,,,,,,,,,,,,,,,,,,,,,,,,
Robeson County Sheriff's Office,1971-01-01,North Carolina,,NC07800,,,,,,,,,,,,,,,,,,,,,,,,,,,,,,,,,,,,,,,,,,,,,,,,,,,,,,,,,,,,,,,,,,,,,,,,,,,,,,,,,,,,,,,,,,,,,,,,,,,,,,,,,,,,,,,,,,,,,,,,,,,,,,,,,,,,,,,,
Robeson County Sheriff's Office,1970-12-01,North Carolina,,NC07800,,,,,,,,,,,,,,,,,,,,,,,,,,,,,,,,,,,,,,,,,,,,,,,,,,,,,,,,,,,,,,,,,,,,,,,,,,,,,,,,,,,,,,,,,,,,,,,,,,,,,,,,,,,,,,,,,,,,,,,,,,,,,,,,,,,,,,,,
Robeson County Sheriff's Office,1970-11-01,North Carolina,,NC07800,,,,,,,,,,,,,,,,,,,,,,,,,,,,,,,,,,,,,,,,,,,,,,,,,,,,,,,,,,,,,,,,,,,,,,,,,,,,,,,,,,,,,,,,,,,,,,,,,,,,,,,,,,,,,,,,,,,,,,,,,,,,,,,,,,,,,,,,
Robeson County Sheriff's Office,1970-10-01,North Carolina,,NC07800,,,,,,,,,,,,,,,,,,,,,,,,,,,,,,,,,,,,,,,,,,,,,,,,,,,,,,,,,,,,,,,,,,,,,,,,,,,,,,,,,,,,,,,,,,,,,,,,,,,,,,,,,,,,,,,,,,,,,,,,,,,,,,,,,,,,,,,,
Robeson County Sheriff's Office,1970-09-01,North Carolina,,NC07800,,,,,,,,,,,,,,,,,,,,,,,,,,,,,,,,,,,,,,,,,,,,,,,,,,,,,,,,,,,,,,,,,,,,,,,,,,,,,,,,,,,,,,,,,,,,,,,,,,,,,,,,,,,,,,,,,,,,,,,,,,,,,,,,,,,,,,,,
Robeson County Sheriff's Office,1970-08-01,North Carolina,,NC07800,,,,,,,,,,,,,,,,,,,,,,,,,,,,,,,,,,,,,,,,,,,,,,,,,,,,,,,,,,,,,,,,,,,,,,,,,,,,,,,,,,,,,,,,,,,,,,,,,,,,,,,,,,,,,,,,,,,,,,,,,,,,,,,,,,,,,,,,
Robeson County Sheriff's Office,1970-07-01,North Carolina,,NC07800,,,,,,,,,,,,,,,,,,,,,,,,,,,,,,,,,,,,,,,,,,,,,,,,,,,,,,,,,,,,,,,,,,,,,,,,,,,,,,,,,,,,,,,,,,,,,,,,,,,,,,,,,,,,,,,,,,,,,,,,,,,,,,,,,,,,,,,,
Robeson County Sheriff's Office,1970-06-01,North Carolina,,NC07800,,,,,,,,,,,,,,,,,,,,,,,,,,,,,,,,,,,,,,,,,,,,,,,,,,,,,,,,,,,,,,,,,,,,,,,,,,,,,,,,,,,,,,,,,,,,,,,,,,,,,,,,,,,,,,,,,,,,,,,,,,,,,,,,,,,,,,,,
Robeson County Sheriff's Office,1970-05-01,North Carolina,,NC07800,,,,,,,,,,,,,,,,,,,,,,,,,,,,,,,,,,,,,,,,,,,,,,,,,,,,,,,,,,,,,,,,,,,,,,,,,,,,,,,,,,,,,,,,,,,,,,,,,,,,,,,,,,,,,,,,,,,,,,,,,,,,,,,,,,,,,,,,
Robeson County Sheriff's Office,1970-04-01,North Carolina,,NC07800,,,,,,,,,,,,,,,,,,,,,,,,,,,,,,,,,,,,,,,,,,,,,,,,,,,,,,,,,,,,,,,,,,,,,,,,,,,,,,,,,,,,,,,,,,,,,,,,,,,,,,,,,,,,,,,,,,,,,,,,,,,,,,,,,,,,,,,,
Robeson County Sheriff's Office,1970-03-01,North Carolina,,NC07800,,,,,,,,,,,,,,,,,,,,,,,,,,,,,,,,,,,,,,,,,,,,,,,,,,,,,,,,,,,,,,,,,,,,,,,,,,,,,,,,,,,,,,,,,,,,,,,,,,,,,,,,,,,,,,,,,,,,,,,,,,,,,,,,,,,,,,,,
Robeson County Sheriff's Office,1970-02-01,North Carolina,,NC07800,,,,,,,,,,,,,,,,,,,,,,,,,,,,,,,,,,,,,,,,,,,,,,,,,,,,,,,,,,,,,,,,,,,,,,,,,,,,,,,,,,,,,,,,,,,,,,,,,,,,,,,,,,,,,,,,,,,,,,,,,,,,,,,,,,,,,,,,
Robeson County Sheriff's Office,1970-01-01,North Carolina,,NC07800,,,,,,,,,,,,,,,,,,,,,,,,,,,,,,,,,,,,,,,,,,,,,,,,,,,,,,,,,,,,,,,,,,,,,,,,,,,,,,,,,,,,,,,,,,,,,,,,,,,,,,,,,,,,,,,,,,,,,,,,,,,,,,,,,,,,,,,,
Robeson County Sheriff's Office,1969-12-01,North Carolina,69117,NC07800,,not updated,normal return,normal return,normal return,not updated,breakdown offenses,breakdown offenses,breakdown offenses,0,0,0,0,0,6,3,3,2,0,0,0,2,32,14,0,0,2,16,12,0,12,0,9,3,3,0,0,48,5,16,24,24,48,0,0,3,2,1,2,0,0,0,2,31,14,0,0,2,15,8,0,8,0,9,3,3,0,0,41,5,16,21,20,41,0,0,3,2,1,0,0,0,0,0,1,0,0,0,0,1,4,0,4,0,0,0,0,0,0,7,0,0,3,4,7,0,0,0,0,0,0,0,0,0,0,0,0,0,0,0,0,0,0,0,0,0,0,0,0,0,0,0,0,0,0,0
Robeson County Sheriff's Office,1969-11-01,North Carolina,69117,NC07800,,not updated,normal return,not updated,not updated,not updated,breakdown offenses,breakdown offenses,breakdown offenses,0,0,0,1,0,2,1,1,0,0,0,0,0,36,11,4,0,0,21,1,0,1,0,5,0,0,0,0,24,4,15,18,6,24,0,0,0,0,0,0,0,0,0,0,0,0,0,0,0,0,0,0,0,0,0,0,0,0,0,0,0,0,0,0,0,0,0,0,0,0,0,0,0,0,0,0,0,0,0,0,0,0,0,0,0,0,0,0,0,0,0,0,0,0,0,0,0,0,0,0,0,0,0,0,0,0,0,0,0,0,0,0,0,0,0,0,0,0,0,0,0,0,0,0,0,0,0
Robeson County Sheriff's Office,1969-10-01,North Carolina,69117,NC07800,,not updated,normal return,normal return,normal return,not updated,breakdown offenses,breakdown offenses,breakdown offenses,0,0,0,1,0,0,0,0,0,0,0,0,0,29,7,0,0,0,22,5,1,4,0,12,0,0,0,0,25,10,7,8,17,25,1,0,0,0,0,0,0,0,0,0,27,6,0,0,0,21,5,1,4,0,10,0,0,0,0,22,9,6,7,15,22,0,0,0,0,0,0,0,0,0,0,2,1,0,0,0,1,0,0,0,0,2,0,0,0,0,3,1,1,1,2,3,0,0,0,0,0,0,0,0,0,0,0,0,0,0,0,0,0,0,0,0,0,0,0,0,0,0,0,0,0,0,0
Robeson County Sheriff's Office,1969-09-01,North Carolina,69117,NC07800,,not updated,normal return,normal return,normal return,not updated,breakdown offenses,breakdown offenses,breakdown offenses,0,0,0,1,0,1,1,0,0,0,0,0,0,24,3,0,0,0,21,1,0,1,0,8,2,2,0,0,16,4,3,5,11,16,1,0,1,1,0,0,0,0,0,0,24,3,0,0,0,21,1,0,1,0,7,2,2,0,0,15,4,3,5,10,15,0,0,1,1,0,0,0,0,0,0,0,0,0,0,0,0,0,0,0,0,1,0,0,0,0,2,0,0,1,1,2,0,0,0,0,0,0,0,0,0,0,0,0,0,0,0,0,0,0,0,0,0,0,0,0,0,0,0,0,0,0,0
Robeson County Sheriff's Office,1969-08-01,North Carolina,69117,NC07800,,not updated,normal return,normal return,normal return,not updated,breakdown offenses,breakdown offenses,breakdown offenses,0,0,0,1,0,1,0,1,0,0,0,0,0,35,13,0,0,0,22,2,0,2,0,6,3,3,0,0,26,2,13,15,11,26,1,0,1,0,1,0,0,0,0,0,34,13,0,0,0,21,2,0,2,0,6,3,3,0,0,26,2,13,15,11,26,0,0,0,0,0,0,0,0,0,0,1,0,0,0,0,1,0,0,0,0,0,0,0,0,0,0,0,0,0,0,0,0,0,0,0,0,0,0,0,0,0,0,0,0,0,0,0,0,0,0,0,0,0,0,0,0,0,0,0,0,0,0
Robeson County Sheriff's Office,1969-07-01,North Carolina,69117,NC07800,,not updated,normal return,normal return,normal return,not updated,breakdown offenses,breakdown offenses,breakdown offenses,0,0,0,4,1,0,0,0,0,0,0,0,0,38,16,0,0,2,20,10,0,10,0,7,2,2,0,0,42,6,18,22,19,41,3,1,0,0,0,0,0,0,0,0,36,15,0,0,2,19,5,0,5,0,6,1,1,0,0,33,5,17,20,12,32,1,0,0,0,0,0,0,0,0,0,2,1,0,0,0,1,5,0,5,0,1,1,1,0,0,9,1,1,2,7,9,0,0,0,0,0,0,0,0,0,0,0,0,0,0,0,0,0,0,0,0,0,0,0,0,0,0,0,0,0,0,0
Robeson County Sheriff's Office,1969-06-01,North Carolina,69117,NC07800,,not updated,normal return,normal return,normal return,not updated,breakdown offenses,breakdown offenses,breakdown offenses,0,0,0,0,0,2,0,2,0,0,0,0,0,70,28,0,0,0,42,8,0,8,0,6,0,0,0,0,44,6,28,30,14,44,0,0,2,0,2,0,0,0,0,0,68,28,0,0,0,40,6,0,6,0,6,0,0,0,0,42,6,28,30,12,42,0,0,0,0,0,0,0,0,0,0,2,0,0,0,0,2,2,0,2,0,0,0,0,0,0,2,0,0,0,2,2,0,0,0,0,0,0,0,0,0,0,0,0,0,0,0,0,0,0,0,0,0,0,0,0,0,0,0,0,0,0,0
Robeson County Sheriff's Office,1969-05-01,North Carolina,69117,NC07800,,not updated,normal return,normal return,normal return,not updated,breakdown offenses,breakdown offenses,breakdown offenses,0,0,0,1,0,1,1,0,0,0,0,0,0,25,7,0,0,4,14,14,0,14,0,5,1,1,0,0,33,3,11,13,20,33,1,0,1,1,0,0,0,0,0,0,24,7,0,0,3,14,11,0,11,0,4,1,1,0,0,28,2,10,12,16,28,0,0,1,1,0,0,0,0,0,0,1,0,0,0,1,0,3,0,3,0,1,0,0,0,0,6,1,1,2,4,6,0,0,0,0,0,0,0,0,0,0,0,0,0,0,0,0,0,0,0,0,0,0,0,0,0,0,0,0,0,0,0
Robeson County Sheriff's Office,1969-04-01,North Carolina,69117,NC07800,,not updated,normal return,normal return,normal return,not updated,breakdown offenses,breakdown offenses,breakdown offenses,0,0,0,1,0,0,0,0,0,0,0,0,0,42,10,3,0,1,28,3,0,2,1,4,0,0,0,0,22,4,14,15,7,22,1,0,0,0,0,0,0,0,0,0,41,10,3,0,1,27,2,0,2,0,4,0,0,0,0,21,4,14,15,6,21,0,0,0,0,0,0,0,0,0,0,1,0,0,0,0,1,2,0,2,0,0,0,0,0,0,2,0,0,0,2,2,0,0,0,0,0,0,0,0,0,0,0,0,0,0,0,0,0,0,0,0,0,0,0,0,0,0,0,0,0,0,0
Robeson County Sheriff's Office,1969-03-01,North Carolina,69117,NC07800,,not updated,normal return,normal return,normal return,not updated,breakdown offenses,breakdown offenses,breakdown offenses,0,0,0,0,0,1,0,1,2,2,0,0,0,30,5,1,0,0,24,4,0,4,0,4,4,4,0,0,21,3,6,9,12,21,0,0,1,0,1,2,2,0,0,0,29,5,1,0,0,23,3,0,3,0,4,2,2,0,0,18,3,6,9,9,18,0,0,0,0,0,0,0,0,0,0,1,0,0,0,0,1,3,0,3,0,0,2,2,0,0,5,0,0,0,5,5,0,0,0,0,0,0,0,0,0,0,0,0,0,0,0,0,0,0,0,0,0,0,0,0,0,0,0,0,0,0,0
Robeson County Sheriff's Office,1969-02-01,North Carolina,69117,NC07800,,not updated,normal return,normal return,normal return,not updated,breakdown offenses,breakdown offenses,breakdown offenses,0,0,0,1,1,1,0,1,2,2,0,0,0,37,11,5,0,2,19,10,0,10,0,15,5,5,0,0,53,3,18,22,30,52,1,1,1,0,1,2,2,0,0,0,32,7,5,0,2,18,5,0,5,0,15,5,5,0,0,44,3,14,18,25,43,0,0,0,0,0,0,0,0,0,0,5,4,0,0,0,1,5,0,5,0,0,0,0,0,0,9,0,4,4,5,9,0,0,0,0,0,0,0,0,0,0,0,0,0,0,0,0,0,0,0,0,0,0,0,0,0,0,0,0,0,0,0
Robeson County Sheriff's Office,1969-01-01,North Carolina,69117,NC07800,,not updated,normal return,normal return,normal return,not updated,breakdown offenses,breakdown offenses,breakdown offenses,0,0,0,2,0,5,5,0,3,3,0,0,0,26,10,0,0,0,16,9,0,9,0,1,2,2,0,0,32,1,10,20,12,32,2,0,5,5,0,1,1,0,0,0,26,10,0,0,0,16,8,0,8,0,1,2,2,0,0,29,1,10,18,11,29,0,0,0,0,0,2,2,0,0,0,0,0,0,0,0,0,1,0,1,0,0,2,2,0,0,5,0,0,2,3,5,0,0,0,0,0,0,0,0,0,0,0,0,0,0,0,0,0,0,0,0,0,0,0,0,0,0,0,0,0,0,0
Robeson County Sheriff's Office,1968-12-01,North Carolina,68729,NC07800,,not updated,normal return,normal return,normal return,not updated,breakdown offenses,breakdown offenses,breakdown offenses,0,0,0,0,0,2,2,0,1,1,0,0,0,24,13,0,0,0,11,10,0,10,0,2,2,2,0,0,30,2,13,16,14,30,0,0,2,2,0,1,1,0,0,0,24,13,0,0,0,11,10,0,10,0,1,2,2,0,0,29,1,13,16,13,29,0,0,0,0,0,0,0,0,0,0,0,0,0,0,0,0,0,0,0,0,1,0,0,0,0,1,1,0,0,1,1,0,0,0,0,0,0,0,0,0,0,0,0,0,0,0,0,0,0,0,0,0,0,0,0,0,0,0,0,0,0,0
Robeson County Sheriff's Office,1968-11-01,North Carolina,68729,NC07800,,not updated,normal return,normal return,normal return,not updated,breakdown offenses,breakdown offenses,breakdown offenses,0,0,0,2,0,1,1,0,0,0,0,0,0,30,3,2,0,0,25,11,0,11,0,3,2,2,0,0,24,2,5,8,16,24,2,0,1,1,0,0,0,0,0,0,27,3,0,0,0,24,6,0,6,0,3,2,2,0,0,17,2,3,6,11,17,0,0,1,1,0,0,0,0,0,0,3,2,0,0,0,1,6,0,6,0,1,0,0,0,0,10,0,2,3,7,10,0,0,0,0,0,0,0,0,0,0,0,0,0,0,0,0,0,0,0,0,0,0,0,0,0,0,0,0,0,0,0
Robeson County Sheriff's Office,1968-10-01,North Carolina,68729,NC07800,,not updated,adjustment,adjustment,normal return,not updated,breakdown offenses,breakdown offenses,breakdown offenses,0,0,0,0,0,3,2,1,0,0,0,0,0,29,12,1,0,0,16,8,1,7,0,8,3,3,0,0,35,6,13,16,19,35,0,0,2,1,1,0,0,0,0,0,28,11,1,0,0,16,5,1,4,0,7,3,3,0,0,29,5,12,14,15,29,0,0,1,1,0,0,0,0,0,0,1,1,0,0,0,0,3,0,3,0,1,0,0,0,0,6,1,1,2,4,6,0,0,0,0,0,0,0,0,0,0,0,0,0,0,0,0,0,0,0,0,0,0,0,0,0,0,0,0,0,0,0
Robeson County Sheriff's Office,1968-09-01,North Carolina,68729,NC07800,,not updated,normal return,normal return,normal return,not updated,breakdown offenses,breakdown offenses,breakdown offenses,0,0,0,1,0,1,1,0,0,0,0,0,0,45,24,0,0,0,21,6,0,6,0,5,0,0,0,0,37,3,24,26,11,37,1,0,1,1,0,0,0,0,0,0,42,22,0,0,0,20,3,0,3,0,5,0,0,0,0,32,3,22,24,8,32,0,0,0,0,0,0,0,0,0,0,3,2,0,0,0,1,3,0,3,0,0,0,0,0,0,5,0,2,2,3,5,0,0,0,0,0,0,0,0,0,0,0,0,0,0,0,0,0,0,0,0,0,0,0,0,0,0,0,0,0,0,0
Robeson County Sheriff's Office,1968-08-01,North Carolina,68729,NC07800,,not updated,normal return,normal return,normal return,not updated,breakdown offenses,breakdown offenses,breakdown offenses,0,0,0,2,0,1,1,0,0,0,0,0,0,46,8,1,0,8,29,0,0,0,0,7,1,1,0,0,28,5,17,20,8,28,2,0,1,1,0,0,0,0,0,0,43,7,1,0,8,27,0,0,0,0,6,1,1,0,0,26,5,16,19,7,26,0,0,0,0,0,0,0,0,0,0,3,1,0,0,0,2,0,0,0,0,1,0,0,0,0,2,0,1,1,1,2,0,0,0,0,0,0,0,0,0,0,0,0,0,0,0,0,0,0,0,0,0,0,0,0,0,0,0,0,0,0,0
Robeson County Sheriff's Office,1968-07-01,North Carolina,68729,NC07800,,not updated,normal return,normal return,normal return,not updated,breakdown offenses,breakdown offenses,breakdown offenses,0,0,0,1,0,0,0,0,0,0,0,0,0,54,21,0,0,0,33,10,5,5,0,7,2,2,0,0,41,7,21,22,19,41,1,0,0,0,0,0,0,0,0,0,54,21,0,0,0,33,9,5,4,0,5,1,1,0,0,37,5,21,22,15,37,0,0,0,0,0,0,0,0,0,0,0,0,0,0,0,0,1,0,1,0,2,1,1,0,0,4,2,0,0,4,4,0,0,0,0,0,0,0,0,0,0,0,0,0,0,0,0,0,0,0,0,0,0,0,0,0,0,0,0,0,0,0
Robeson County Sheriff's Office,1968-06-01,North Carolina,68729,NC07800,,not updated,normal return,normal return,normal return,not updated,breakdown offenses,breakdown offenses,breakdown offenses,0,0,0,1,0,1,1,0,0,0,0,0,0,23,4,0,0,0,19,9,5,4,0,1,1,1,0,0,17,1,4,6,11,17,1,0,1,1,0,0,0,0,0,0,22,4,0,0,0,18,8,4,4,0,1,1,1,0,0,16,1,4,6,10,16,0,0,0,0,0,0,0,0,0,0,1,0,0,0,0,1,1,1,0,0,0,0,0,0,0,1,0,0,0,1,1,0,0,0,0,0,0,0,0,0,0,0,0,0,0,0,0,0,0,0,0,0,0,0,0,0,0,0,0,0,0,0
Robeson County Sheriff's Office,1968-05-01,North Carolina,68729,NC07800,,not updated,normal return,not updated,not updated,not updated,breakdown offenses,breakdown offenses,breakdown offenses,0,0,0,4,0,0,0,0,3,3,0,0,0,31,11,0,0,0,20,2,0,2,0,9,5,5,0,0,34,6,11,18,16,34,0,0,0,0,0,0,0,0,0,0,0,0,0,0,0,0,0,0,0,0,0,0,0,0,0,0,0,0,0,0,0,0,0,0,0,0,0,0,0,0,0,0,0,0,0,0,0,0,0,0,0,0,0,0,0,0,0,0,0,0,0,0,0,0,0,0,0,0,0,0,0,0,0,0,0,0,0,0,0,0,0,0,0,0,0,0,0,0,0,0,0,0,0
Robeson County Sheriff's Office,1968-04-01,North Carolina,68729,NC07800,,not updated,normal return,normal return,normal return,not updated,breakdown offenses,breakdown offenses,breakdown offenses,0,0,0,1,0,3,2,1,1,1,0,0,0,39,11,5,0,0,23,6,1,5,0,4,2,2,0,0,33,3,16,21,12,33,1,0,3,2,1,1,1,0,0,0,37,10,5,0,0,22,4,1,3,0,4,2,2,0,0,30,3,15,20,10,30,0,0,0,0,0,0,0,0,0,0,2,1,0,0,0,1,2,0,2,0,0,0,0,0,0,3,0,1,1,2,3,0,0,0,0,0,0,0,0,0,0,0,0,0,0,0,0,0,0,0,0,0,0,0,0,0,0,0,0,0,0,0
Robeson County Sheriff's Office,1968-03-01,North Carolina,68729,NC07800,,not updated,normal return,normal return,normal return,not updated,breakdown offenses,breakdown offenses,breakdown offenses,0,0,0,1,0,2,2,0,1,1,0,0,0,26,11,0,1,0,14,3,1,2,0,7,1,1,0,0,27,6,12,16,11,27,1,0,1,1,0,1,1,0,0,0,24,10,0,1,0,13,3,1,2,0,5,1,1,0,0,23,5,11,14,9,23,0,0,1,1,0,0,0,0,0,0,2,1,0,0,0,1,0,0,0,0,2,0,0,0,0,4,1,1,2,2,4,0,0,0,0,0,0,0,0,0,0,0,0,0,0,0,0,0,0,0,0,0,0,0,0,0,0,0,0,0,0,0
Robeson County Sheriff's Office,1968-02-01,North Carolina,68729,NC07800,,not updated,normal return,normal return,normal return,not updated,breakdown offenses,breakdown offenses,breakdown offenses,0,0,0,0,0,1,0,1,0,0,0,0,0,30,18,0,0,0,12,1,0,1,0,4,3,3,0,0,27,3,18,19,8,27,0,0,1,0,1,0,0,0,0,0,29,18,0,0,0,11,1,0,1,0,4,3,3,0,0,27,3,18,19,8,27,0,0,1,0,1,0,0,0,0,0,1,0,0,0,0,1,0,0,0,0,0,0,0,0,0,1,0,0,1,0,1,0,0,0,0,0,0,0,0,0,0,0,0,0,0,0,0,0,0,0,0,0,0,0,0,0,0,0,0,0,0,0
Robeson County Sheriff's Office,1968-01-01,North Carolina,68729,NC07800,,not updated,normal return,normal return,normal return,not updated,breakdown offenses,breakdown offenses,breakdown offenses,0,0,0,3,0,0,0,0,5,2,0,0,3,38,11,0,0,0,27,0,0,0,0,8,0,0,0,0,27,4,11,19,8,27,3,0,0,0,0,5,2,0,0,3,31,9,0,0,0,22,0,0,0,0,7,0,0,0,0,24,4,9,17,7,24,2,0,0,0,0,0,0,0,0,0,7,2,0,0,0,5,0,0,0,0,1,0,0,0,0,5,0,2,4,1,5,0,0,0,0,0,0,0,0,0,0,0,0,0,0,0,0,0,0,0,0,0,0,0,0,0,0,0,0,0,0,0
Robeson County Sheriff's Office,1967-12-01,North Carolina,69237,NC07800,,not updated,normal return,normal return,normal return,not updated,breakdown offenses,breakdown offenses,breakdown offenses,0,0,0,1,0,1,0,1,9,9,0,0,0,74,23,0,1,0,50,18,18,0,0,23,4,4,0,0,80,14,24,35,45,80,1,0,1,0,1,9,9,0,0,0,74,23,0,1,0,50,5,5,0,0,22,0,0,0,0,62,13,24,35,27,62,0,0,0,0,0,0,0,0,0,0,0,0,0,0,0,0,13,13,0,0,1,4,4,0,0,18,1,0,0,18,18,0,0,0,0,0,0,0,0,0,0,0,0,0,0,0,0,0,0,0,0,0,0,0,0,0,0,0,0,0,0,0
Robeson County Sheriff's Office,1967-11-01,North Carolina,69237,NC07800,,not updated,not updated,not updated,not updated,not updated,missing,breakdown offenses,breakdown offenses,0,0,0,0,0,0,0,0,0,0,0,0,0,0,0,0,0,0,0,0,0,0,0,0,0,0,0,0,0,0,0,0,0,0,0,0,0,0,0,0,0,0,0,0,0,0,0,0,0,0,0,0,0,0,0,0,0,0,0,0,0,0,0,0,0,0,0,0,0,0,0,0,0,0,0,0,0,0,0,0,0,0,0,0,0,0,0,0,0,0,0,0,0,0,0,0,0,0,0,0,0,0,0,0,0,0,0,0,0,0,0,0,0,0,0,0,0,0,0,0,0,0,0,0,0,0,0
Robeson County Sheriff's Office,1967-10-01,North Carolina,69237,NC07800,,not updated,normal return,not updated,not updated,not updated,breakdown offenses,breakdown offenses,breakdown offenses,0,0,0,1,0,1,1,0,0,0,0,0,0,43,15,12,0,2,14,14,0,14,0,4,2,2,0,0,51,3,29,31,20,51,0,0,0,0,0,0,0,0,0,0,0,0,0,0,0,0,0,0,0,0,0,0,0,0,0,0,0,0,0,0,0,0,0,0,0,0,0,0,0,0,0,0,0,0,0,0,0,0,0,0,0,0,0,0,0,0,0,0,0,0,0,0,0,0,0,0,0,0,0,0,0,0,0,0,0,0,0,0,0,0,0,0,0,0,0,0,0,0,0,0,0,0,0
Robeson County Sheriff's Office,1967-09-01,North Carolina,69237,NC07800,,not updated,normal return,not updated,not updated,not updated,breakdown offenses,breakdown offenses,breakdown offenses,0,0,0,0,0,0,0,0,0,0,0,0,0,32,10,0,0,22,0,5,0,5,0,11,0,0,0,0,48,10,32,32,16,48,0,0,0,0,0,0,0,0,0,0,0,0,0,0,0,0,0,0,0,0,0,0,0,0,0,0,0,0,0,0,0,0,0,0,0,0,0,0,0,0,0,0,0,0,0,0,0,0,0,0,0,0,0,0,0,0,0,0,0,0,0,0,0,0,0,0,0,0,0,0,0,0,0,0,0,0,0,0,0,0,0,0,0,0,0,0,0,0,0,0,0,0,0
Robeson County Sheriff's Office,1967-08-01,North Carolina,69237,NC07800,,not updated,normal return,normal return,normal return,not updated,breakdown offenses,breakdown offenses,breakdown offenses,0,0,0,0,0,0,0,0,0,0,0,0,0,38,10,0,0,27,1,0,0,0,0,5,1,1,0,0,43,4,37,37,6,43,0,0,0,0,0,0,0,0,0,0,37,10,0,0,26,1,0,0,0,0,4,1,1,0,0,41,3,36,36,5,41,0,0,0,0,0,0,0,0,0,0,1,0,0,0,1,0,0,0,0,0,1,0,0,0,0,2,1,1,1,1,2,0,0,0,0,0,0,0,0,0,0,0,0,0,0,0,0,0,0,0,0,0,0,0,0,0,0,0,0,0,0,0
Robeson County Sheriff's Office,1967-07-01,North Carolina,69237,NC07800,,not updated,normal return,not updated,not updated,not updated,breakdown offenses,breakdown offenses,breakdown offenses,0,0,0,0,0,1,1,0,1,1,0,0,0,47,16,1,0,30,0,7,4,3,0,8,4,4,0,0,68,3,47,49,19,68,0,0,0,0,0,0,0,0,0,0,0,0,0,0,0,0,0,0,0,0,0,0,0,0,0,0,0,0,0,0,0,0,0,0,0,0,0,0,0,0,0,0,0,0,0,0,0,0,0,0,0,0,0,0,0,0,0,0,0,0,0,0,0,0,0,0,0,0,0,0,0,0,0,0,0,0,0,0,0,0,0,0,0,0,0,0,0,0,0,0,0,0,0
Robeson County Sheriff's Office,1967-06-01,North Carolina,69237,NC07800,,not updated,normal return,normal return,normal return,not updated,breakdown offenses,breakdown offenses,breakdown offenses,0,0,0,1,0,2,1,1,0,0,0,0,0,31,6,1,0,24,0,0,0,0,0,18,3,3,0,0,55,6,31,34,21,55,1,0,2,1,1,0,0,0,0,0,31,6,1,0,24,0,0,0,0,0,18,3,3,0,0,55,6,31,34,21,55,0,0,0,0,0,0,0,0,0,0,1,0,0,0,1,0,0,0,0,0,2,0,0,0,0,3,1,1,1,2,3,0,0,0,0,0,0,0,0,0,0,0,0,0,0,0,0,0,0,0,0,0,0,0,0,0,0,0,0,0,0,0
Robeson County Sheriff's Office,1967-05-01,North Carolina,69237,NC07800,,not updated,normal return,not updated,not updated,not updated,breakdown offenses,breakdown offenses,breakdown offenses,0,0,0,1,0,0,0,0,0,0,0,0,0,39,14,1,0,23,1,6,6,0,0,3,1,1,0,0,49,2,38,39,10,49,0,0,0,0,0,0,0,0,0,0,0,0,0,0,0,0,0,0,0,0,0,0,0,0,0,0,0,0,0,0,0,0,0,0,0,0,0,0,0,0,0,0,0,0,0,0,0,0,0,0,0,0,0,0,0,0,0,0,0,0,0,0,0,0,0,0,0,0,0,0,0,0,0,0,0,0,0,0,0,0,0,0,0,0,0,0,0,0,0,0,0,0,0
Robeson County Sheriff's Office,1967-04-01,North Carolina,69237,NC07800,,not updated,normal return,not updated,not updated,not updated,breakdown offenses,breakdown offenses,breakdown offenses,0,0,0,2,0,2,1,1,0,0,0,0,0,23,7,0,0,14,2,0,0,0,0,20,1,1,0,0,46,0,21,25,21,46,0,0,0,0,0,0,0,0,0,0,0,0,0,0,0,0,0,0,0,0,0,0,0,0,0,0,0,0,0,0,0,0,0,0,0,0,0,0,0,0,0,0,0,0,0,0,0,0,0,0,0,0,0,0,0,0,0,0,0,0,0,0,0,0,0,0,0,0,0,0,0,0,0,0,0,0,0,0,0,0,0,0,0,0,0,0,0,0,0,0,0,0,0
Robeson County Sheriff's Office,1967-03-01,North Carolina,69237,NC07800,,not updated,normal return,not updated,not updated,not updated,breakdown offenses,breakdown offenses,breakdown offenses,0,0,0,0,0,2,2,0,1,1,0,0,0,23,10,0,0,12,1,5,0,5,0,3,0,0,0,0,33,1,22,25,8,33,0,0,0,0,0,0,0,0,0,0,0,0,0,0,0,0,0,0,0,0,0,0,0,0,0,0,0,0,0,0,0,0,0,0,0,0,0,0,0,0,0,0,0,0,0,0,0,0,0,0,0,0,0,0,0,0,0,0,0,0,0,0,0,0,0,0,0,0,0,0,0,0,0,0,0,0,0,0,0,0,0,0,0,0,0,0,0,0,0,0,0,0,0
Robeson County Sheriff's Office,1967-02-01,North Carolina,69237,NC07800,,not updated,normal return,not updated,not updated,not updated,breakdown offenses,breakdown offenses,breakdown offenses,0,0,0,1,0,0,0,0,1,1,0,0,0,32,10,0,0,21,1,4,0,4,0,5,1,1,0,0,43,3,31,33,10,43,0,0,0,0,0,0,0,0,0,0,0,0,0,0,0,0,0,0,0,0,0,0,0,0,0,0,0,0,0,0,0,0,0,0,0,0,0,0,0,0,0,0,0,0,0,0,0,0,0,0,0,0,0,0,0,0,0,0,0,0,0,0,0,0,0,0,0,0,0,0,0,0,0,0,0,0,0,0,0,0,0,0,0,0,0,0,0,0,0,0,0,0,0
Robeson County Sheriff's Office,1967-01-01,North Carolina,69237,NC07800,,not updated,normal return,normal return,not updated,not updated,breakdown offenses,breakdown offenses,breakdown offenses,0,0,0,0,0,0,0,0,1,1,0,0,0,11,1,0,0,10,0,6,0,6,0,17,5,5,0,0,40,14,11,12,28,40,0,0,0,0,0,1,1,0,0,0,11,1,0,0,10,0,6,0,6,0,0,5,5,0,0,23,0,11,12,11,23,0,0,0,0,0,0,0,0,0,0,0,0,0,0,0,0,0,0,0,0,0,0,0,0,0,0,0,0,0,0,0,0,0,0,0,0,0,0,0,0,0,0,0,0,0,0,0,0,0,0,0,0,0,0,0,0,0,0,0,0,0,0
