agency,year,state,population,ORI,card_unfounded_pt,card_unfounded_type,card_actual_type,card_total_cleared_type,card_cleared_18_type,card_officers_type,card_actual_pt,card_total_cleared_pt,card_cleared_18_pt,officers_killed_by_felony,officers_killed_by_accident,officers_assaulted,actual_murder,actual_manslaughter,actual_rape_total,actual_rape_by_force,actual_rape_attempted,actual_robbery_total,actual_robbery_with_a_gun,actual_robbery_with_a_knife,actual_robbery_other_weapon,actual_robbery_unarmed,actual_assault_total,actual_assault_with_a_gun,actual_assault_with_a_knife,actual_assault_other_weapon,actual_assault_unarmed,actual_assault_simple,actual_burglary_total,actual_burglary_force_entry,actual_burglary_nonforce_entry,actual_burglary_attempted,actual_theft_total,actual_motor_vehicle_theft_total,actual_motor_vehicle_theft_car,actual_motor_vehicle_theft_truck,actual_motor_vehicle_theft_other,actual_all_crimes,actual_theft_under50_dollar,actual_assault_aggravated,actual_index_violent,actual_index_property,actual_index_total,total_cleared_murder,total_cleared_manslaughter,total_cleared_rape_total,total_cleared_rape_by_force,total_cleared_rape_attempted,total_cleared_robbery_total,total_cleared_robbery_with_a_gun,total_cleared_robbery_with_a_knife,total_cleared_robbery_other_weapon,total_cleared_robbery_unarmed,total_cleared_assault_total,total_cleared_assault_with_a_gun,total_cleared_assault_with_a_knife,total_cleared_assault_other_weapon,total_cleared_assault_unarmed,total_cleared_assault_simple,total_cleared_burglary_total,total_cleared_burglary_force_entry,total_cleared_burglary_nonforce_entry,total_cleared_burglary_attempted,total_cleared_theft_total,total_cleared_motor_vehicle_theft_total,total_cleared_motor_vehicle_theft_car,total_cleared_motor_vehicle_theft_truck,total_cleared_motor_vehicle_theft_other,total_cleared_all_crimes,total_cleared_theft_under50_dollar,total_cleared_assault_aggravated,total_cleared_index_violent,total_cleared_index_property,total_cleared_index_total,cleared_18_murder,cleared_18_manslaughter,cleared_18_rape_total,cleared_18_rape_by_force,cleared_18_rape_attempted,cleared_18_robbery_total,cleared_18_robbery_with_a_gun,cleared_18_robbery_with_a_knife,cleared_18_robbery_other_weapon,cleared_18_robbery_unarmed,cleared_18_assault_total,cleared_18_assault_with_a_gun,cleared_18_assault_with_a_knife,cleared_18_assault_other_weapon,cleared_18_assault_unarmed,cleared_18_assault_simple,cleared_18_burglary_total,cleared_18_burglary_force_entry,cleared_18_burglary_nonforce_entry,cleared_18_burglary_attempted,cleared_18_theft_total,cleared_18_motor_vehicle_theft_total,cleared_18_motor_vehicle_theft_car,cleared_18_motor_vehicle_theft_truck,cleared_18_motor_vehicle_theft_other,cleared_18_all_crimes,cleared_18_theft_under50_dollar,cleared_18_assault_aggravated,cleared_18_index_violent,cleared_18_index_property,cleared_18_index_total,unfounded_murder,unfounded_manslaughter,unfounded_rape_total,unfounded_rape_by_force,unfounded_rape_attempted,unfounded_robbery_total,unfounded_robbery_with_a_gun,unfounded_robbery_with_a_knife,unfounded_robbery_other_weapon,unfounded_robbery_unarmed,unfounded_assault_total,unfounded_assault_with_a_gun,unfounded_assault_with_a_knife,unfounded_assault_other_weapon,unfounded_assault_unarmed,unfounded_assault_simple,unfounded_burglary_total,unfounded_burglary_force_entry,unfounded_burglary_nonforce_entry,unfounded_burglary_attempted,unfounded_theft_total,unfounded_motor_vehicle_theft_total,unfounded_motor_vehicle_theft_car,unfounded_motor_vehicle_theft_truck,unfounded_motor_vehicle_theft_other,unfounded_all_crimes,unfounded_theft_under50_dollar,unfounded_assault_aggravated,unfounded_index_violent,unfounded_index_property,unfounded_index_total
Greensburg Police Department,2023-12-01,Pennsylvania,14602,PA06502,breakdown offenses,normal return,normal return,normal return,normal return,normal return,breakdown offenses,breakdown offenses,breakdown offenses,0,0,0,0,0,0,0,0,0,0,0,0,0,5,0,0,0,1,4,2,1,0,1,7,1,1,0,0,15,0,1,1,10,11,0,0,0,0,0,0,0,0,0,0,5,0,0,0,1,4,2,1,0,1,3,0,0,0,0,10,0,1,1,5,6,0,0,0,0,0,0,0,0,0,0,1,0,0,0,1,0,0,0,0,0,0,0,0,0,0,1,0,1,1,0,1,0,0,1,1,0,0,0,0,0,0,0,0,0,0,0,0,0,0,0,0,0,0,0,0,0,1,0,0,1,0,1
Greensburg Police Department,2023-11-01,Pennsylvania,14602,PA06502,breakdown offenses,normal return,normal return,normal return,normal return,normal return,breakdown offenses,breakdown offenses,breakdown offenses,0,0,0,0,0,0,0,0,0,0,0,0,0,7,0,0,0,2,5,0,0,0,0,8,0,0,0,0,15,0,2,2,8,10,0,0,0,0,0,0,0,0,0,0,5,0,0,0,1,4,0,0,0,0,0,0,0,0,0,5,0,1,1,0,1,0,0,0,0,0,0,0,0,0,0,1,0,0,0,0,1,0,0,0,0,0,0,0,0,0,1,0,0,0,0,0,0,0,0,0,0,0,0,0,0,0,0,0,0,0,0,0,0,0,0,0,1,0,0,0,0,1,0,0,0,1,1
Greensburg Police Department,2023-10-01,Pennsylvania,14602,PA06502,breakdown offenses,normal return,normal return,normal return,normal return,normal return,breakdown offenses,breakdown offenses,breakdown offenses,0,0,0,0,0,0,0,0,0,0,0,0,0,3,0,0,0,1,2,0,0,0,0,7,0,0,0,0,10,0,1,1,7,8,0,0,0,0,0,0,0,0,0,0,3,0,0,0,1,2,0,0,0,0,4,0,0,0,0,7,0,1,1,4,5,0,0,0,0,0,0,0,0,0,0,0,0,0,0,0,0,0,0,0,0,0,0,0,0,0,0,0,0,0,0,0,0,0,0,0,0,0,0,0,0,0,0,0,0,0,0,0,0,0,0,0,2,0,0,0,0,2,0,0,0,2,2
Greensburg Police Department,2023-09-01,Pennsylvania,14602,PA06502,breakdown offenses,normal return,normal return,normal return,normal return,normal return,breakdown offenses,breakdown offenses,breakdown offenses,0,0,0,0,0,0,0,0,2,0,0,0,2,2,0,0,0,1,1,0,0,0,0,2,0,0,0,0,6,0,1,3,2,5,0,0,0,0,0,2,0,0,0,2,2,0,0,0,1,1,0,0,0,0,3,0,0,0,0,7,0,1,3,3,6,0,0,0,0,0,0,0,0,0,0,1,0,0,0,0,1,0,0,0,0,0,0,0,0,0,1,0,0,0,0,0,0,0,0,0,0,0,0,0,0,0,0,0,0,0,0,0,0,0,0,0,5,1,1,0,0,6,0,0,0,6,6
Greensburg Police Department,2023-08-01,Pennsylvania,14602,PA06502,breakdown offenses,normal return,normal return,normal return,normal return,normal return,breakdown offenses,breakdown offenses,breakdown offenses,0,0,0,0,0,1,0,1,0,0,0,0,0,9,0,1,3,3,2,0,0,0,0,13,0,0,0,0,23,0,7,8,13,21,0,0,0,0,0,0,0,0,0,0,7,0,1,2,2,2,0,0,0,0,5,0,0,0,0,12,0,5,5,5,10,0,0,0,0,0,0,0,0,0,0,0,0,0,0,0,0,0,0,0,0,0,0,0,0,0,0,0,0,0,0,0,0,0,0,0,0,0,0,0,0,0,0,0,0,0,0,0,0,0,0,0,0,0,0,0,0,0,0,0,0,0,0
Greensburg Police Department,2023-07-01,Pennsylvania,14602,PA06502,breakdown offenses,normal return,normal return,normal return,normal return,normal return,breakdown offenses,breakdown offenses,breakdown offenses,0,0,0,0,0,0,0,0,0,0,0,0,0,1,0,0,0,0,1,3,2,1,0,15,1,1,0,0,20,0,0,0,19,19,0,0,0,0,0,0,0,0,0,0,1,0,0,0,0,1,1,1,0,0,8,0,0,0,0,10,0,0,0,9,9,0,0,0,0,0,0,0,0,0,0,1,0,0,0,0,1,0,0,0,0,2,0,0,0,0,3,0,0,0,2,2,0,0,0,0,0,0,0,0,0,0,0,0,0,0,0,0,0,0,0,0,0,0,0,0,0,0,0,0,0,0,0
Greensburg Police Department,2023-06-01,Pennsylvania,14602,PA06502,breakdown offenses,normal return,normal return,normal return,normal return,normal return,breakdown offenses,breakdown offenses,breakdown offenses,0,0,0,0,0,0,0,0,0,0,0,0,0,5,0,0,0,0,5,2,2,0,0,13,0,0,0,0,20,0,0,0,15,15,0,0,0,0,0,0,0,0,0,0,2,0,0,0,0,2,2,2,0,0,3,0,0,0,0,7,0,0,0,5,5,0,0,0,0,0,0,0,0,0,0,0,0,0,0,0,0,0,0,0,0,1,0,0,0,0,1,0,0,0,1,1,0,0,0,0,0,0,0,0,0,0,1,0,0,0,0,1,0,0,0,0,0,0,0,0,0,1,0,0,0,0,0
Greensburg Police Department,2023-05-01,Pennsylvania,14602,PA06502,breakdown offenses,normal return,normal return,normal return,normal return,normal return,breakdown offenses,breakdown offenses,breakdown offenses,0,0,0,0,0,0,0,0,0,0,0,0,0,2,0,0,0,0,2,0,0,0,0,22,0,0,0,0,24,0,0,0,22,22,0,0,0,0,0,0,0,0,0,0,4,0,0,0,0,4,0,0,0,0,14,0,0,0,0,18,0,0,0,14,14,0,0,0,0,0,0,0,0,0,0,2,0,0,0,0,2,0,0,0,0,0,0,0,0,0,2,0,0,0,0,0,0,0,0,0,0,0,0,0,0,0,0,0,0,0,0,0,0,0,0,0,0,0,0,0,0,0,0,0,0,0,0
Greensburg Police Department,2023-04-01,Pennsylvania,14602,PA06502,breakdown offenses,normal return,normal return,normal return,normal return,normal return,breakdown offenses,breakdown offenses,breakdown offenses,0,0,0,0,0,0,0,0,2,1,0,0,1,5,0,0,0,0,5,2,1,1,0,18,0,0,0,0,27,0,0,2,20,22,0,0,0,0,0,0,0,0,0,0,5,0,0,0,0,5,1,0,1,0,0,0,0,0,0,6,0,0,0,1,1,0,0,0,0,0,0,0,0,0,0,0,0,0,0,0,0,0,0,0,0,0,0,0,0,0,0,0,0,0,0,0,0,0,0,0,0,0,0,0,0,0,0,0,0,0,0,0,0,0,0,0,0,0,0,0,0,0,0,0,0,0,0
Greensburg Police Department,2023-03-01,Pennsylvania,14602,PA06502,breakdown offenses,normal return,normal return,normal return,normal return,normal return,breakdown offenses,breakdown offenses,breakdown offenses,0,0,0,0,0,0,0,0,0,0,0,0,0,7,0,0,1,0,6,0,0,0,0,11,0,0,0,0,18,0,1,1,11,12,0,0,0,0,0,0,0,0,0,0,5,0,0,1,0,4,0,0,0,0,4,0,0,0,0,9,0,1,1,4,5,0,0,0,0,0,0,0,0,0,0,0,0,0,0,0,0,0,0,0,0,1,0,0,0,0,1,0,0,0,1,1,0,0,0,0,0,0,0,0,0,0,0,0,0,0,0,0,0,0,0,0,0,0,0,0,0,0,0,0,0,0,0
Greensburg Police Department,2023-02-01,Pennsylvania,14602,PA06502,breakdown offenses,normal return,normal return,normal return,normal return,normal return,breakdown offenses,breakdown offenses,breakdown offenses,0,0,0,0,0,1,1,0,0,0,0,0,0,2,0,0,0,1,1,0,0,0,0,12,0,0,0,0,15,0,1,2,12,14,0,0,0,0,0,0,0,0,0,0,1,0,0,0,1,0,0,0,0,0,1,0,0,0,0,2,0,1,1,1,2,0,0,0,0,0,0,0,0,0,0,0,0,0,0,0,0,0,0,0,0,0,0,0,0,0,0,0,0,0,0,0,0,0,0,0,0,0,0,0,0,0,0,0,0,0,0,0,0,0,0,0,0,0,0,0,0,0,0,0,0,0,0
Greensburg Police Department,2023-01-01,Pennsylvania,14602,PA06502,breakdown offenses,normal return,normal return,normal return,normal return,normal return,breakdown offenses,breakdown offenses,breakdown offenses,0,0,0,0,0,0,0,0,0,0,0,0,0,3,0,1,0,1,1,3,3,0,0,14,0,0,0,0,20,0,2,2,17,19,0,0,0,0,0,0,0,0,0,0,1,0,1,0,0,0,2,2,0,0,5,0,0,0,0,8,0,1,1,7,8,0,0,0,0,0,0,0,0,0,0,0,0,0,0,0,0,0,0,0,0,0,0,0,0,0,0,0,0,0,0,0,0,0,0,0,0,0,0,0,0,0,0,0,0,0,0,0,0,0,0,0,0,0,0,0,0,0,0,0,0,0,0
Greensburg Police Department,2022-12-01,Pennsylvania,14856,PA06502,breakdown offenses,normal return,normal return,normal return,normal return,normal return,breakdown offenses,breakdown offenses,breakdown offenses,0,0,0,0,0,0,0,0,1,0,0,0,1,4,0,0,0,3,1,3,2,0,1,7,0,0,0,0,15,0,3,4,10,14,0,0,0,0,0,1,0,0,0,1,2,0,0,0,2,0,2,1,0,1,1,0,0,0,0,6,0,2,3,3,6,0,0,0,0,0,0,0,0,0,0,1,0,0,0,1,0,0,0,0,0,0,0,0,0,0,1,0,1,1,0,1,0,0,0,0,0,0,0,0,0,0,0,0,0,0,0,0,0,0,0,0,1,0,0,0,0,1,0,0,0,1,1
Greensburg Police Department,2022-11-01,Pennsylvania,14856,PA06502,breakdown offenses,normal return,normal return,normal return,normal return,normal return,breakdown offenses,breakdown offenses,breakdown offenses,0,0,0,0,0,0,0,0,1,0,0,0,1,4,0,0,0,0,4,0,0,0,0,20,0,0,0,0,25,0,0,1,20,21,0,0,0,0,0,1,0,0,0,1,3,0,0,0,0,3,0,0,0,0,6,0,0,0,0,10,0,0,1,6,7,0,0,0,0,0,1,0,0,0,1,0,0,0,0,0,0,0,0,0,0,1,0,0,0,0,2,0,0,1,1,2,0,0,0,0,0,0,0,0,0,0,0,0,0,0,0,0,0,0,0,0,0,0,0,0,0,0,0,0,0,0,0
Greensburg Police Department,2022-10-01,Pennsylvania,14856,PA06502,breakdown offenses,normal return,normal return,normal return,normal return,normal return,breakdown offenses,breakdown offenses,breakdown offenses,0,0,0,0,0,0,0,0,1,1,0,0,0,12,0,0,0,5,7,2,2,0,0,25,1,1,0,0,41,0,5,6,28,34,0,0,0,0,0,1,1,0,0,0,12,0,0,0,5,7,0,0,0,0,9,0,0,0,0,22,0,5,6,9,15,0,0,0,0,0,1,1,0,0,0,4,0,0,0,0,4,0,0,0,0,1,0,0,0,0,6,0,0,1,1,2,0,0,0,0,0,0,0,0,0,0,0,0,0,0,0,0,0,0,0,0,0,0,0,0,0,0,0,0,0,0,0
Greensburg Police Department,2022-09-01,Pennsylvania,14856,PA06502,breakdown offenses,normal return,normal return,normal return,normal return,normal return,breakdown offenses,breakdown offenses,breakdown offenses,0,0,0,0,0,0,0,0,0,0,0,0,0,3,0,0,0,0,3,3,1,2,0,14,0,0,0,0,20,0,0,0,17,17,0,0,0,0,0,0,0,0,0,0,3,0,0,0,0,3,1,0,1,0,6,0,0,0,0,10,0,0,0,7,7,0,0,0,0,0,0,0,0,0,0,1,0,0,0,0,1,0,0,0,0,0,0,0,0,0,1,0,0,0,0,0,0,0,0,0,0,0,0,0,0,0,0,0,0,0,0,0,0,0,0,0,0,0,0,0,0,0,0,0,0,0,0
Greensburg Police Department,2022-08-01,Pennsylvania,14856,PA06502,breakdown offenses,normal return,normal return,normal return,normal return,normal return,breakdown offenses,breakdown offenses,breakdown offenses,0,0,0,0,0,0,0,0,1,1,0,0,0,1,0,0,0,0,1,4,2,0,2,19,1,0,0,1,26,0,0,1,24,25,0,0,0,0,0,1,1,0,0,0,0,0,0,0,0,0,3,1,0,2,6,0,0,0,0,10,0,0,1,9,10,0,0,0,0,0,0,0,0,0,0,0,0,0,0,0,0,3,1,0,2,0,0,0,0,0,3,0,0,0,3,3,0,0,0,0,0,0,0,0,0,0,0,0,0,0,0,0,0,0,0,0,0,0,0,0,0,0,0,0,0,0,0
Greensburg Police Department,2022-07-01,Pennsylvania,14856,PA06502,breakdown offenses,normal return,normal return,normal return,normal return,normal return,breakdown offenses,breakdown offenses,breakdown offenses,0,0,0,0,0,0,0,0,1,1,0,0,0,7,0,0,1,0,6,2,0,0,2,14,0,0,0,0,24,0,1,2,16,18,0,0,0,0,0,1,1,0,0,0,7,0,0,1,0,6,1,0,0,1,5,0,0,0,0,14,0,1,2,6,8,0,0,0,0,0,0,0,0,0,0,0,0,0,0,0,0,0,0,0,0,0,0,0,0,0,0,0,0,0,0,0,0,0,0,0,0,0,0,0,0,0,0,0,0,0,0,0,0,0,0,0,0,0,0,0,0,0,0,0,0,0,0
Greensburg Police Department,2022-06-01,Pennsylvania,14856,PA06502,breakdown offenses,normal return,normal return,normal return,normal return,normal return,breakdown offenses,breakdown offenses,breakdown offenses,0,0,0,0,0,1,0,1,2,1,0,0,1,5,0,0,0,3,2,2,2,0,0,20,0,0,0,0,30,0,3,6,22,28,0,0,1,0,1,2,1,0,0,1,4,0,0,0,1,3,0,0,0,0,2,0,0,0,0,9,0,1,4,2,6,0,0,0,0,0,0,0,0,0,0,0,0,0,0,0,0,0,0,0,0,0,0,0,0,0,0,0,0,0,0,0,0,0,0,0,0,0,0,0,0,0,0,0,0,0,0,0,0,0,0,0,0,0,0,0,0,0,0,0,0,0,0
Greensburg Police Department,2022-05-01,Pennsylvania,14856,PA06502,breakdown offenses,normal return,normal return,normal return,normal return,normal return,breakdown offenses,breakdown offenses,breakdown offenses,0,0,0,0,0,0,0,0,0,0,0,0,0,13,2,1,0,1,9,1,1,0,0,12,0,0,0,0,26,0,4,4,13,17,0,0,0,0,0,0,0,0,0,0,8,2,0,0,1,5,0,0,0,0,5,0,0,0,0,13,0,3,3,5,8,0,0,0,0,0,0,0,0,0,0,1,0,0,0,1,0,0,0,0,0,0,0,0,0,0,1,0,1,1,0,1,0,0,0,0,0,0,0,0,0,0,0,0,0,0,0,0,0,0,0,0,0,0,0,0,0,0,0,0,0,0,0
Greensburg Police Department,2022-04-01,Pennsylvania,14856,PA06502,breakdown offenses,normal return,normal return,normal return,normal return,normal return,breakdown offenses,breakdown offenses,breakdown offenses,0,0,0,0,0,0,0,0,0,0,0,0,0,5,0,0,1,2,2,0,0,0,0,16,1,1,0,0,22,0,3,3,17,20,0,0,0,0,0,0,0,0,0,0,5,0,0,1,2,2,0,0,0,0,5,1,1,0,0,11,0,3,3,6,9,0,0,0,0,0,0,0,0,0,0,0,0,0,0,0,0,0,0,0,0,1,0,0,0,0,1,0,0,0,1,1,0,0,0,0,0,0,0,0,0,0,0,0,0,0,0,0,0,0,0,0,0,0,0,0,0,0,0,0,0,0,0
Greensburg Police Department,2022-03-01,Pennsylvania,14856,PA06502,breakdown offenses,,,,,,breakdown offenses,breakdown offenses,breakdown offenses,0,0,0,0,0,0,0,0,0,0,0,0,0,0,0,0,0,0,0,0,0,0,0,0,0,0,0,0,0,0,0,0,0,0,0,0,0,0,0,0,0,0,0,0,0,0,0,0,0,0,0,0,0,0,0,0,0,0,0,0,0,0,0,0,0,0,0,0,0,0,0,0,0,0,0,0,0,0,0,0,0,0,0,0,0,0,0,0,0,0,0,0,0,0,0,0,0,0,0,0,0,0,0,0,0,0,0,0,0,0,0,0,0,0,0,0,0,0,0,0,0,0,0,0,0,0,0
Greensburg Police Department,2022-02-01,Pennsylvania,14856,PA06502,breakdown offenses,,,,,,breakdown offenses,breakdown offenses,breakdown offenses,0,0,0,0,0,0,0,0,0,0,0,0,0,0,0,0,0,0,0,0,0,0,0,0,0,0,0,0,0,0,0,0,0,0,0,0,0,0,0,0,0,0,0,0,0,0,0,0,0,0,0,0,0,0,0,0,0,0,0,0,0,0,0,0,0,0,0,0,0,0,0,0,0,0,0,0,0,0,0,0,0,0,0,0,0,0,0,0,0,0,0,0,0,0,0,0,0,0,0,0,0,0,0,0,0,0,0,0,0,0,0,0,0,0,0,0,0,0,0,0,0,0,0,0,0,0,0
Greensburg Police Department,2022-01-01,Pennsylvania,14856,PA06502,breakdown offenses,normal return,normal return,normal return,normal return,normal return,breakdown offenses,breakdown offenses,breakdown offenses,0,0,0,0,0,0,0,0,1,0,0,1,0,5,0,0,2,0,3,0,0,0,0,20,0,0,0,0,26,0,2,3,20,23,0,0,0,0,0,1,0,0,1,0,3,0,0,0,0,3,0,0,0,0,7,0,0,0,0,11,0,0,1,7,8,0,0,0,0,0,0,0,0,0,0,0,0,0,0,0,0,0,0,0,0,0,0,0,0,0,0,0,0,0,0,0,0,0,0,0,0,0,0,0,0,0,0,0,0,0,0,0,0,0,0,0,0,0,0,0,0,0,0,0,0,0,0
Greensburg Police Department,2021-12-01,Pennsylvania,,PA06502,,,,,,,,,,,,,,,,,,,,,,,,,,,,,,,,,,,,,,,,,,,,,,,,,,,,,,,,,,,,,,,,,,,,,,,,,,,,,,,,,,,,,,,,,,,,,,,,,,,,,,,,,,,,,,,,,,,,,,,,,,,,,,,,,,,,,,,,
Greensburg Police Department,2021-11-01,Pennsylvania,,PA06502,,,,,,,,,,,,,,,,,,,,,,,,,,,,,,,,,,,,,,,,,,,,,,,,,,,,,,,,,,,,,,,,,,,,,,,,,,,,,,,,,,,,,,,,,,,,,,,,,,,,,,,,,,,,,,,,,,,,,,,,,,,,,,,,,,,,,,,,
Greensburg Police Department,2021-10-01,Pennsylvania,,PA06502,,,,,,,,,,,,,,,,,,,,,,,,,,,,,,,,,,,,,,,,,,,,,,,,,,,,,,,,,,,,,,,,,,,,,,,,,,,,,,,,,,,,,,,,,,,,,,,,,,,,,,,,,,,,,,,,,,,,,,,,,,,,,,,,,,,,,,,,
Greensburg Police Department,2021-09-01,Pennsylvania,,PA06502,,,,,,,,,,,,,,,,,,,,,,,,,,,,,,,,,,,,,,,,,,,,,,,,,,,,,,,,,,,,,,,,,,,,,,,,,,,,,,,,,,,,,,,,,,,,,,,,,,,,,,,,,,,,,,,,,,,,,,,,,,,,,,,,,,,,,,,,
Greensburg Police Department,2021-08-01,Pennsylvania,,PA06502,,,,,,,,,,,,,,,,,,,,,,,,,,,,,,,,,,,,,,,,,,,,,,,,,,,,,,,,,,,,,,,,,,,,,,,,,,,,,,,,,,,,,,,,,,,,,,,,,,,,,,,,,,,,,,,,,,,,,,,,,,,,,,,,,,,,,,,,
Greensburg Police Department,2021-07-01,Pennsylvania,,PA06502,,,,,,,,,,,,,,,,,,,,,,,,,,,,,,,,,,,,,,,,,,,,,,,,,,,,,,,,,,,,,,,,,,,,,,,,,,,,,,,,,,,,,,,,,,,,,,,,,,,,,,,,,,,,,,,,,,,,,,,,,,,,,,,,,,,,,,,,
Greensburg Police Department,2021-06-01,Pennsylvania,,PA06502,,,,,,,,,,,,,,,,,,,,,,,,,,,,,,,,,,,,,,,,,,,,,,,,,,,,,,,,,,,,,,,,,,,,,,,,,,,,,,,,,,,,,,,,,,,,,,,,,,,,,,,,,,,,,,,,,,,,,,,,,,,,,,,,,,,,,,,,
Greensburg Police Department,2021-05-01,Pennsylvania,,PA06502,,,,,,,,,,,,,,,,,,,,,,,,,,,,,,,,,,,,,,,,,,,,,,,,,,,,,,,,,,,,,,,,,,,,,,,,,,,,,,,,,,,,,,,,,,,,,,,,,,,,,,,,,,,,,,,,,,,,,,,,,,,,,,,,,,,,,,,,
Greensburg Police Department,2021-04-01,Pennsylvania,,PA06502,,,,,,,,,,,,,,,,,,,,,,,,,,,,,,,,,,,,,,,,,,,,,,,,,,,,,,,,,,,,,,,,,,,,,,,,,,,,,,,,,,,,,,,,,,,,,,,,,,,,,,,,,,,,,,,,,,,,,,,,,,,,,,,,,,,,,,,,
Greensburg Police Department,2021-03-01,Pennsylvania,,PA06502,,,,,,,,,,,,,,,,,,,,,,,,,,,,,,,,,,,,,,,,,,,,,,,,,,,,,,,,,,,,,,,,,,,,,,,,,,,,,,,,,,,,,,,,,,,,,,,,,,,,,,,,,,,,,,,,,,,,,,,,,,,,,,,,,,,,,,,,
Greensburg Police Department,2021-02-01,Pennsylvania,,PA06502,,,,,,,,,,,,,,,,,,,,,,,,,,,,,,,,,,,,,,,,,,,,,,,,,,,,,,,,,,,,,,,,,,,,,,,,,,,,,,,,,,,,,,,,,,,,,,,,,,,,,,,,,,,,,,,,,,,,,,,,,,,,,,,,,,,,,,,,
Greensburg Police Department,2021-01-01,Pennsylvania,,PA06502,,,,,,,,,,,,,,,,,,,,,,,,,,,,,,,,,,,,,,,,,,,,,,,,,,,,,,,,,,,,,,,,,,,,,,,,,,,,,,,,,,,,,,,,,,,,,,,,,,,,,,,,,,,,,,,,,,,,,,,,,,,,,,,,,,,,,,,,
Greensburg Police Department,2020-12-01,Pennsylvania,14030,PA06502,breakdown offenses,normal return,normal return,normal return,normal return,normal return,breakdown offenses,breakdown offenses,breakdown offenses,0,0,0,0,0,0,0,0,0,0,0,0,0,5,0,0,0,2,3,2,1,0,1,14,0,0,0,0,21,0,2,2,16,18,0,0,0,0,0,0,0,0,0,0,6,0,0,0,2,4,1,0,0,1,5,0,0,0,0,12,0,2,2,6,8,0,0,0,0,0,0,0,0,0,0,0,0,0,0,0,0,0,0,0,0,0,0,0,0,0,0,0,0,0,0,0,0,0,0,0,0,0,0,0,0,0,0,0,0,0,0,0,0,0,0,0,2,0,0,0,0,2,0,0,0,2,2
Greensburg Police Department,2020-11-01,Pennsylvania,14030,PA06502,breakdown offenses,normal return,normal return,normal return,normal return,normal return,breakdown offenses,breakdown offenses,breakdown offenses,0,0,0,0,0,1,1,0,0,0,0,0,0,6,0,0,0,0,6,0,0,0,0,13,0,0,0,0,20,0,0,1,13,14,0,0,0,0,0,0,0,0,0,0,6,0,0,0,0,6,0,0,0,0,3,0,0,0,0,9,0,0,0,3,3,0,0,0,0,0,0,0,0,0,0,0,0,0,0,0,0,0,0,0,0,1,0,0,0,0,1,0,0,0,1,1,0,0,0,0,0,0,0,0,0,0,0,0,0,0,0,0,0,0,0,0,1,0,0,0,0,1,0,0,0,1,1
Greensburg Police Department,2020-10-01,Pennsylvania,14030,PA06502,breakdown offenses,normal return,normal return,normal return,normal return,normal return,breakdown offenses,breakdown offenses,breakdown offenses,0,0,0,0,0,0,0,0,0,0,0,0,0,3,0,0,0,0,3,3,3,0,0,20,0,0,0,0,26,0,0,0,23,23,0,0,0,0,0,0,0,0,0,0,1,0,0,0,1,0,2,2,0,0,5,0,0,0,0,8,0,1,1,7,8,0,0,0,0,0,0,0,0,0,0,0,0,0,0,0,0,0,0,0,0,0,0,0,0,0,0,0,0,0,0,0,0,0,0,0,0,0,0,0,0,0,0,0,0,0,0,0,0,0,0,0,0,0,0,0,0,0,0,0,0,0,0
Greensburg Police Department,2020-09-01,Pennsylvania,14030,PA06502,breakdown offenses,normal return,normal return,normal return,normal return,normal return,breakdown offenses,breakdown offenses,breakdown offenses,0,0,0,0,0,0,0,0,0,0,0,0,0,4,0,0,0,2,2,0,0,0,0,23,0,0,0,0,27,0,2,2,23,25,0,0,0,0,0,0,0,0,0,0,4,0,0,0,2,2,0,0,0,0,7,0,0,0,0,11,0,2,2,7,9,0,0,0,0,0,0,0,0,0,0,0,0,0,0,0,0,0,0,0,0,0,0,0,0,0,0,0,0,0,0,0,0,0,0,0,0,0,0,0,0,0,0,0,0,0,0,0,0,0,0,0,0,0,0,0,0,0,0,0,0,0,0
Greensburg Police Department,2020-08-01,Pennsylvania,14030,PA06502,breakdown offenses,normal return,normal return,normal return,normal return,normal return,breakdown offenses,breakdown offenses,breakdown offenses,0,0,0,0,0,0,0,0,0,0,0,0,0,6,0,0,0,2,4,3,3,0,0,17,0,0,0,0,26,0,2,2,20,22,0,0,0,0,0,0,0,0,0,0,5,0,0,0,2,3,0,0,0,0,2,0,0,0,0,7,0,2,2,2,4,0,0,0,0,0,0,0,0,0,0,0,0,0,0,0,0,0,0,0,0,0,0,0,0,0,0,0,0,0,0,0,0,0,0,0,0,0,0,0,0,0,0,0,0,0,0,0,0,0,0,0,1,0,0,0,0,1,0,0,0,1,1
Greensburg Police Department,2020-07-01,Pennsylvania,14030,PA06502,breakdown offenses,normal return,normal return,normal return,normal return,normal return,breakdown offenses,breakdown offenses,breakdown offenses,0,0,0,0,0,0,0,0,0,0,0,0,0,7,0,0,0,2,5,0,0,0,0,21,1,1,0,0,29,0,2,2,22,24,0,0,0,0,0,0,0,0,0,0,6,0,0,0,1,5,0,0,0,0,4,0,0,0,0,10,0,1,1,4,5,0,0,0,0,0,0,0,0,0,0,0,0,0,0,0,0,0,0,0,0,0,0,0,0,0,0,0,0,0,0,0,0,0,0,0,0,0,0,0,0,0,0,0,0,0,0,0,0,0,0,0,0,0,0,0,0,0,0,0,0,0,0
Greensburg Police Department,2020-06-01,Pennsylvania,14030,PA06502,breakdown offenses,normal return,normal return,normal return,normal return,normal return,breakdown offenses,breakdown offenses,breakdown offenses,0,0,0,0,0,1,1,0,0,0,0,0,0,9,0,2,0,0,7,1,0,0,1,23,0,0,0,0,34,0,2,3,24,27,0,0,1,1,0,0,0,0,0,0,9,0,2,0,1,6,0,0,0,0,6,0,0,0,0,16,0,3,4,6,10,0,0,0,0,0,0,0,0,0,0,1,0,0,0,0,1,0,0,0,0,0,0,0,0,0,1,0,0,0,0,0,0,0,0,0,0,0,0,0,0,0,0,0,0,0,0,0,0,0,0,0,0,0,0,0,0,0,0,0,0,0,0
Greensburg Police Department,2020-05-01,Pennsylvania,14030,PA06502,breakdown offenses,normal return,normal return,normal return,normal return,normal return,breakdown offenses,breakdown offenses,breakdown offenses,0,0,0,0,0,0,0,0,0,0,0,0,0,6,0,0,0,3,3,2,1,1,0,16,0,0,0,0,24,0,3,3,18,21,0,0,0,0,0,0,0,0,0,0,4,0,0,0,3,1,0,0,0,0,1,0,0,0,0,5,0,3,3,1,4,0,0,0,0,0,0,0,0,0,0,0,0,0,0,0,0,0,0,0,0,0,0,0,0,0,0,0,0,0,0,0,0,0,0,0,0,0,0,0,0,0,0,0,0,0,0,0,0,0,0,0,0,0,0,0,0,0,0,0,0,0,0
Greensburg Police Department,2020-04-01,Pennsylvania,14030,PA06502,breakdown offenses,normal return,normal return,normal return,normal return,normal return,breakdown offenses,breakdown offenses,breakdown offenses,0,0,0,0,0,0,0,0,1,0,0,1,0,7,0,1,0,0,6,1,1,0,0,18,0,0,0,0,27,0,1,2,19,21,0,0,0,0,0,1,0,0,1,0,7,0,1,0,0,6,1,1,0,0,2,0,0,0,0,11,0,1,2,3,5,0,0,0,0,0,0,0,0,0,0,0,0,0,0,0,0,0,0,0,0,0,0,0,0,0,0,0,0,0,0,0,0,0,0,0,0,0,0,0,0,0,0,0,0,0,0,0,0,0,0,0,0,0,0,0,0,0,0,0,0,0,0
Greensburg Police Department,2020-03-01,Pennsylvania,14030,PA06502,breakdown offenses,normal return,normal return,normal return,normal return,normal return,breakdown offenses,breakdown offenses,breakdown offenses,0,0,0,0,0,0,0,0,0,0,0,0,0,4,0,0,0,0,4,5,4,1,0,17,0,0,0,0,26,0,0,0,22,22,0,0,0,0,0,0,0,0,0,0,4,0,0,0,1,3,5,3,2,0,5,0,0,0,0,14,0,1,1,10,11,0,0,0,0,0,0,0,0,0,0,0,0,0,0,0,0,0,0,0,0,0,0,0,0,0,0,0,0,0,0,0,0,0,0,0,0,0,0,0,0,0,0,0,0,0,0,0,0,0,0,0,0,0,0,0,0,0,0,0,0,0,0
Greensburg Police Department,2020-02-01,Pennsylvania,14030,PA06502,breakdown offenses,normal return,normal return,normal return,normal return,normal return,breakdown offenses,breakdown offenses,breakdown offenses,0,0,0,0,0,1,1,0,0,0,0,0,0,3,0,0,0,0,3,3,1,2,0,18,1,0,1,0,26,0,0,1,22,23,0,0,0,0,0,0,0,0,0,0,3,0,0,0,0,3,0,0,0,0,7,1,0,1,0,11,0,0,0,8,8,0,0,0,0,0,0,0,0,0,0,0,0,0,0,0,0,0,0,0,0,0,0,0,0,0,0,0,0,0,0,0,0,0,0,0,0,0,0,0,0,0,0,0,0,0,0,0,0,0,0,0,0,0,0,0,0,0,0,0,0,0,0
Greensburg Police Department,2020-01-01,Pennsylvania,14030,PA06502,breakdown offenses,normal return,normal return,normal return,normal return,normal return,breakdown offenses,breakdown offenses,breakdown offenses,0,0,0,0,0,0,0,0,2,2,0,0,0,7,0,0,0,3,4,8,7,0,1,6,0,0,0,0,23,0,3,5,14,19,0,0,0,0,0,1,1,0,0,0,6,0,0,0,3,3,1,1,0,0,5,0,0,0,0,13,0,3,4,6,10,0,0,0,0,0,0,0,0,0,0,1,0,0,0,1,0,0,0,0,0,1,0,0,0,0,2,0,1,1,1,2,0,0,0,0,0,0,0,0,0,0,0,0,0,0,0,0,0,0,0,0,1,0,0,0,0,1,0,0,0,1,1
Greensburg Police Department,2019-12-01,Pennsylvania,14108,PA06502,breakdown offenses,normal return,normal return,normal return,normal return,normal return,breakdown offenses,breakdown offenses,breakdown offenses,0,0,0,0,0,0,0,0,0,0,0,0,0,2,0,0,0,0,2,4,2,1,1,20,1,1,0,0,27,0,0,0,25,25,0,0,0,0,0,0,0,0,0,0,4,0,0,0,0,4,1,1,0,0,7,0,0,0,0,12,0,0,0,8,8,0,0,0,0,0,0,0,0,0,0,0,0,0,0,0,0,0,0,0,0,1,0,0,0,0,1,0,0,0,1,1,0,0,0,0,0,0,0,0,0,0,0,0,0,0,0,0,0,0,0,0,1,0,0,0,0,1,0,0,0,1,1
Greensburg Police Department,2019-12-01,Pennsylvania,14108,PA06502,breakdown offenses,normal return,normal return,normal return,normal return,normal return,breakdown offenses,breakdown offenses,breakdown offenses,0,0,0,0,0,0,0,0,0,0,0,0,0,2,0,0,0,0,2,4,2,1,1,20,1,1,0,0,27,0,0,0,25,25,0,0,0,0,0,0,0,0,0,0,4,0,0,0,0,4,1,1,0,0,7,0,0,0,0,12,0,0,0,8,8,0,0,0,0,0,0,0,0,0,0,0,0,0,0,0,0,0,0,0,0,1,0,0,0,0,1,0,0,0,1,1,0,0,0,0,0,0,0,0,0,0,0,0,0,0,0,0,0,0,0,0,1,0,0,0,0,1,0,0,0,1,1
Greensburg Police Department,2019-11-01,Pennsylvania,14108,PA06502,breakdown offenses,normal return,normal return,normal return,normal return,normal return,breakdown offenses,breakdown offenses,breakdown offenses,0,0,0,0,0,0,0,0,0,0,0,0,0,6,0,0,0,0,6,3,2,0,1,10,0,0,0,0,19,0,0,0,13,13,0,0,0,0,0,0,0,0,0,0,3,0,0,0,0,3,2,1,0,1,2,0,0,0,0,7,0,0,0,4,4,0,0,0,0,0,0,0,0,0,0,0,0,0,0,0,0,0,0,0,0,0,0,0,0,0,0,0,0,0,0,0,0,0,0,0,0,1,0,0,0,1,0,0,0,0,0,0,0,0,0,0,0,0,0,0,0,1,0,0,1,0,1
Greensburg Police Department,2019-11-01,Pennsylvania,14108,PA06502,breakdown offenses,normal return,normal return,normal return,normal return,normal return,breakdown offenses,breakdown offenses,breakdown offenses,0,0,0,0,0,0,0,0,0,0,0,0,0,6,0,0,0,0,6,3,2,0,1,10,0,0,0,0,19,0,0,0,13,13,0,0,0,0,0,0,0,0,0,0,3,0,0,0,0,3,2,1,0,1,2,0,0,0,0,7,0,0,0,4,4,0,0,0,0,0,0,0,0,0,0,0,0,0,0,0,0,0,0,0,0,0,0,0,0,0,0,0,0,0,0,0,0,0,0,0,0,1,0,0,0,1,0,0,0,0,0,0,0,0,0,0,0,0,0,0,0,1,0,0,1,0,1
Greensburg Police Department,2019-10-01,Pennsylvania,14108,PA06502,breakdown offenses,normal return,normal return,normal return,normal return,normal return,breakdown offenses,breakdown offenses,breakdown offenses,0,0,0,0,0,0,0,0,0,0,0,0,0,2,0,0,0,0,2,5,5,0,0,21,0,0,0,0,28,0,0,0,26,26,0,0,1,1,0,0,0,0,0,0,2,0,0,0,0,2,1,1,0,0,5,0,0,0,0,9,0,0,1,6,7,0,0,0,0,0,0,0,0,0,0,0,0,0,0,0,0,0,0,0,0,0,0,0,0,0,0,0,0,0,0,0,0,0,0,0,0,0,0,0,0,0,0,0,0,0,0,0,0,0,0,0,0,0,0,0,0,0,0,0,0,0,0
Greensburg Police Department,2019-10-01,Pennsylvania,14108,PA06502,breakdown offenses,normal return,normal return,normal return,normal return,normal return,breakdown offenses,breakdown offenses,breakdown offenses,0,0,0,0,0,0,0,0,0,0,0,0,0,2,0,0,0,0,2,5,5,0,0,21,0,0,0,0,28,0,0,0,26,26,0,0,1,1,0,0,0,0,0,0,2,0,0,0,0,2,1,1,0,0,5,0,0,0,0,9,0,0,1,6,7,0,0,0,0,0,0,0,0,0,0,0,0,0,0,0,0,0,0,0,0,0,0,0,0,0,0,0,0,0,0,0,0,0,0,0,0,0,0,0,0,0,0,0,0,0,0,0,0,0,0,0,0,0,0,0,0,0,0,0,0,0,0
Greensburg Police Department,2019-09-01,Pennsylvania,14108,PA06502,breakdown offenses,normal return,normal return,normal return,normal return,normal return,breakdown offenses,breakdown offenses,breakdown offenses,0,0,0,0,0,2,2,0,0,0,0,0,0,14,0,0,1,5,8,2,1,1,0,25,0,0,0,0,43,0,6,8,27,35,0,0,0,0,0,0,0,0,0,0,12,0,0,1,5,6,1,1,0,0,6,0,0,0,0,19,0,6,6,7,13,0,0,0,0,0,0,0,0,0,0,0,0,0,0,0,0,1,1,0,0,1,0,0,0,0,2,0,0,0,2,2,0,0,0,0,0,0,0,0,0,0,1,0,0,0,0,1,0,0,0,0,0,0,0,0,0,1,0,0,0,0,0
Greensburg Police Department,2019-09-01,Pennsylvania,14108,PA06502,breakdown offenses,normal return,normal return,normal return,normal return,normal return,breakdown offenses,breakdown offenses,breakdown offenses,0,0,0,0,0,2,2,0,0,0,0,0,0,14,0,0,1,5,8,2,1,1,0,25,0,0,0,0,43,0,6,8,27,35,0,0,0,0,0,0,0,0,0,0,12,0,0,1,5,6,1,1,0,0,6,0,0,0,0,19,0,6,6,7,13,0,0,0,0,0,0,0,0,0,0,0,0,0,0,0,0,1,1,0,0,1,0,0,0,0,2,0,0,0,2,2,0,0,0,0,0,0,0,0,0,0,1,0,0,0,0,1,0,0,0,0,0,0,0,0,0,1,0,0,0,0,0
Greensburg Police Department,2019-08-01,Pennsylvania,14108,PA06502,breakdown offenses,normal return,normal return,normal return,normal return,normal return,breakdown offenses,breakdown offenses,breakdown offenses,0,0,0,0,0,1,1,0,0,0,0,0,0,6,0,0,0,2,4,3,3,0,0,25,1,0,0,1,36,0,2,3,29,32,0,0,1,1,0,0,0,0,0,0,5,0,0,0,2,3,3,3,0,0,10,1,0,0,1,20,0,2,3,14,17,0,0,0,0,0,0,0,0,0,0,0,0,0,0,0,0,0,0,0,0,0,1,0,0,1,1,0,0,0,1,1,0,0,0,0,0,0,0,0,0,0,0,0,0,0,0,0,0,0,0,0,0,0,0,0,0,0,0,0,0,0,0
Greensburg Police Department,2019-08-01,Pennsylvania,14108,PA06502,breakdown offenses,normal return,normal return,normal return,normal return,normal return,breakdown offenses,breakdown offenses,breakdown offenses,0,0,0,0,0,1,1,0,0,0,0,0,0,6,0,0,0,2,4,3,3,0,0,25,1,0,0,1,36,0,2,3,29,32,0,0,1,1,0,0,0,0,0,0,5,0,0,0,2,3,3,3,0,0,10,1,0,0,1,20,0,2,3,14,17,0,0,0,0,0,0,0,0,0,0,0,0,0,0,0,0,0,0,0,0,0,1,0,0,1,1,0,0,0,1,1,0,0,0,0,0,0,0,0,0,0,0,0,0,0,0,0,0,0,0,0,0,0,0,0,0,0,0,0,0,0,0
Greensburg Police Department,2019-07-01,Pennsylvania,14108,PA06502,breakdown offenses,,,,,,breakdown offenses,breakdown offenses,breakdown offenses,0,0,0,0,0,0,0,0,0,0,0,0,0,0,0,0,0,0,0,0,0,0,0,0,0,0,0,0,0,0,0,0,0,0,0,0,0,0,0,0,0,0,0,0,0,0,0,0,0,0,0,0,0,0,0,0,0,0,0,0,0,0,0,0,0,0,0,0,0,0,0,0,0,0,0,0,0,0,0,0,0,0,0,0,0,0,0,0,0,0,0,0,0,0,0,0,0,0,0,0,0,0,0,0,0,0,0,0,0,0,0,0,0,0,0,0,0,0,0,0,0,0,0,0,0,0,0
Greensburg Police Department,2019-07-01,Pennsylvania,14108,PA06502,breakdown offenses,,,,,,breakdown offenses,breakdown offenses,breakdown offenses,0,0,0,0,0,0,0,0,0,0,0,0,0,0,0,0,0,0,0,0,0,0,0,0,0,0,0,0,0,0,0,0,0,0,0,0,0,0,0,0,0,0,0,0,0,0,0,0,0,0,0,0,0,0,0,0,0,0,0,0,0,0,0,0,0,0,0,0,0,0,0,0,0,0,0,0,0,0,0,0,0,0,0,0,0,0,0,0,0,0,0,0,0,0,0,0,0,0,0,0,0,0,0,0,0,0,0,0,0,0,0,0,0,0,0,0,0,0,0,0,0,0,0,0,0,0,0
Greensburg Police Department,2019-06-01,Pennsylvania,14108,PA06502,breakdown offenses,normal return,normal return,normal return,normal return,normal return,breakdown offenses,breakdown offenses,breakdown offenses,0,0,0,0,0,0,0,0,1,1,0,0,0,6,0,0,0,0,6,3,2,1,0,24,1,1,0,0,35,0,0,1,28,29,0,0,1,1,0,1,1,0,0,0,6,0,0,0,0,6,1,0,1,0,11,1,1,0,0,21,0,0,2,13,15,0,0,1,1,0,0,0,0,0,0,2,0,0,0,0,2,0,0,0,0,1,0,0,0,0,4,0,0,1,1,2,0,0,0,0,0,0,0,0,0,0,0,0,0,0,0,0,0,0,0,0,0,0,0,0,0,0,0,0,0,0,0
Greensburg Police Department,2019-06-01,Pennsylvania,14108,PA06502,breakdown offenses,normal return,normal return,normal return,normal return,normal return,breakdown offenses,breakdown offenses,breakdown offenses,0,0,0,0,0,0,0,0,1,1,0,0,0,6,0,0,0,0,6,3,2,1,0,24,1,1,0,0,35,0,0,1,28,29,0,0,1,1,0,1,1,0,0,0,6,0,0,0,0,6,1,0,1,0,11,1,1,0,0,21,0,0,2,13,15,0,0,1,1,0,0,0,0,0,0,2,0,0,0,0,2,0,0,0,0,1,0,0,0,0,4,0,0,1,1,2,0,0,0,0,0,0,0,0,0,0,0,0,0,0,0,0,0,0,0,0,0,0,0,0,0,0,0,0,0,0,0
Greensburg Police Department,2019-05-01,Pennsylvania,14108,PA06502,breakdown offenses,normal return,normal return,normal return,normal return,normal return,breakdown offenses,breakdown offenses,breakdown offenses,0,0,0,0,0,1,1,0,0,0,0,0,0,5,1,0,0,0,4,2,1,1,0,14,0,0,0,0,22,0,1,2,16,18,0,0,0,0,0,2,1,1,0,0,3,0,0,0,0,3,0,0,0,0,5,0,0,0,0,10,0,0,2,5,7,0,0,0,0,0,0,0,0,0,0,0,0,0,0,0,0,0,0,0,0,0,0,0,0,0,0,0,0,0,0,0,0,0,0,0,0,0,0,0,0,0,0,0,0,0,0,0,0,0,0,0,1,0,0,0,0,1,0,0,0,1,1
Greensburg Police Department,2019-05-01,Pennsylvania,14108,PA06502,breakdown offenses,normal return,normal return,normal return,normal return,normal return,breakdown offenses,breakdown offenses,breakdown offenses,0,0,0,0,0,1,1,0,0,0,0,0,0,5,1,0,0,0,4,2,1,1,0,14,0,0,0,0,22,0,1,2,16,18,0,0,0,0,0,2,1,1,0,0,3,0,0,0,0,3,0,0,0,0,5,0,0,0,0,10,0,0,2,5,7,0,0,0,0,0,0,0,0,0,0,0,0,0,0,0,0,0,0,0,0,0,0,0,0,0,0,0,0,0,0,0,0,0,0,0,0,0,0,0,0,0,0,0,0,0,0,0,0,0,0,0,1,0,0,0,0,1,0,0,0,1,1
Greensburg Police Department,2019-04-01,Pennsylvania,14108,PA06502,breakdown offenses,normal return,normal return,normal return,normal return,normal return,breakdown offenses,breakdown offenses,breakdown offenses,0,0,0,0,0,0,0,0,4,2,0,0,2,2,0,0,0,0,2,4,1,2,1,21,0,0,0,0,31,0,0,4,25,29,0,0,0,0,0,3,2,0,0,1,3,0,0,0,0,3,0,0,0,0,6,0,0,0,0,12,0,0,3,6,9,0,0,0,0,0,1,1,0,0,0,1,0,0,0,0,1,0,0,0,0,1,0,0,0,0,3,0,0,1,1,2,0,0,0,0,0,0,0,0,0,0,0,0,0,0,0,0,0,0,0,0,0,0,0,0,0,0,0,0,0,0,0
Greensburg Police Department,2019-04-01,Pennsylvania,14108,PA06502,breakdown offenses,normal return,normal return,normal return,normal return,normal return,breakdown offenses,breakdown offenses,breakdown offenses,0,0,0,0,0,0,0,0,4,2,0,0,2,2,0,0,0,0,2,4,1,2,1,21,0,0,0,0,31,0,0,4,25,29,0,0,0,0,0,3,2,0,0,1,3,0,0,0,0,3,0,0,0,0,6,0,0,0,0,12,0,0,3,6,9,0,0,0,0,0,1,1,0,0,0,1,0,0,0,0,1,0,0,0,0,1,0,0,0,0,3,0,0,1,1,2,0,0,0,0,0,0,0,0,0,0,0,0,0,0,0,0,0,0,0,0,0,0,0,0,0,0,0,0,0,0,0
Greensburg Police Department,2019-03-01,Pennsylvania,14108,PA06502,breakdown offenses,normal return,normal return,normal return,normal return,normal return,breakdown offenses,breakdown offenses,breakdown offenses,0,0,0,0,0,0,0,0,0,0,0,0,0,2,0,0,0,0,2,2,1,1,0,19,0,0,0,0,23,0,0,0,21,21,0,0,0,0,0,0,0,0,0,0,2,0,0,0,0,2,0,0,0,0,9,0,0,0,0,11,0,0,0,9,9,0,0,0,0,0,0,0,0,0,0,0,0,0,0,0,0,0,0,0,0,1,0,0,0,0,1,0,0,0,1,1,0,0,0,0,0,0,0,0,0,0,0,0,0,0,0,0,0,0,0,0,0,0,0,0,0,0,0,0,0,0,0
Greensburg Police Department,2019-03-01,Pennsylvania,14108,PA06502,breakdown offenses,normal return,normal return,normal return,normal return,normal return,breakdown offenses,breakdown offenses,breakdown offenses,0,0,0,0,0,0,0,0,0,0,0,0,0,2,0,0,0,0,2,2,1,1,0,19,0,0,0,0,23,0,0,0,21,21,0,0,0,0,0,0,0,0,0,0,2,0,0,0,0,2,0,0,0,0,9,0,0,0,0,11,0,0,0,9,9,0,0,0,0,0,0,0,0,0,0,0,0,0,0,0,0,0,0,0,0,1,0,0,0,0,1,0,0,0,1,1,0,0,0,0,0,0,0,0,0,0,0,0,0,0,0,0,0,0,0,0,0,0,0,0,0,0,0,0,0,0,0
Greensburg Police Department,2019-02-01,Pennsylvania,14108,PA06502,breakdown offenses,normal return,normal return,normal return,normal return,normal return,breakdown offenses,breakdown offenses,breakdown offenses,0,0,0,0,0,0,0,0,0,0,0,0,0,4,0,0,0,0,4,4,1,2,1,15,0,0,0,0,23,0,0,0,19,19,0,0,0,0,0,0,0,0,0,0,3,0,0,0,0,3,1,0,1,0,5,0,0,0,0,9,0,0,0,6,6,0,0,0,0,0,0,0,0,0,0,0,0,0,0,0,0,0,0,0,0,1,0,0,0,0,1,0,0,0,1,1,0,0,0,0,0,0,0,0,0,0,0,0,0,0,0,0,0,0,0,0,0,0,0,0,0,0,0,0,0,0,0
Greensburg Police Department,2019-02-01,Pennsylvania,14108,PA06502,breakdown offenses,normal return,normal return,normal return,normal return,normal return,breakdown offenses,breakdown offenses,breakdown offenses,0,0,0,0,0,0,0,0,0,0,0,0,0,4,0,0,0,0,4,4,1,2,1,15,0,0,0,0,23,0,0,0,19,19,0,0,0,0,0,0,0,0,0,0,3,0,0,0,0,3,1,0,1,0,5,0,0,0,0,9,0,0,0,6,6,0,0,0,0,0,0,0,0,0,0,0,0,0,0,0,0,0,0,0,0,1,0,0,0,0,1,0,0,0,1,1,0,0,0,0,0,0,0,0,0,0,0,0,0,0,0,0,0,0,0,0,0,0,0,0,0,0,0,0,0,0,0
Greensburg Police Department,2019-01-01,Pennsylvania,14108,PA06502,breakdown offenses,normal return,normal return,normal return,normal return,normal return,breakdown offenses,breakdown offenses,breakdown offenses,0,0,0,0,0,1,1,0,0,0,0,0,0,5,0,0,0,1,4,2,2,0,0,24,0,0,0,0,32,0,1,2,26,28,0,0,0,0,0,0,0,0,0,0,2,0,0,0,1,1,1,1,0,0,5,0,0,0,0,8,0,1,1,6,7,0,0,0,0,0,0,0,0,0,0,1,0,0,0,0,1,0,0,0,0,0,0,0,0,0,1,0,0,0,0,0,0,0,0,0,0,0,0,0,0,0,0,0,0,0,0,0,0,0,0,0,0,0,0,0,0,0,0,0,0,0,0
Greensburg Police Department,2019-01-01,Pennsylvania,14108,PA06502,breakdown offenses,normal return,normal return,normal return,normal return,normal return,breakdown offenses,breakdown offenses,breakdown offenses,0,0,0,0,0,1,1,0,0,0,0,0,0,5,0,0,0,1,4,2,2,0,0,24,0,0,0,0,32,0,1,2,26,28,0,0,0,0,0,0,0,0,0,0,2,0,0,0,1,1,1,1,0,0,5,0,0,0,0,8,0,1,1,6,7,0,0,0,0,0,0,0,0,0,0,1,0,0,0,0,1,0,0,0,0,0,0,0,0,0,1,0,0,0,0,0,0,0,0,0,0,0,0,0,0,0,0,0,0,0,0,0,0,0,0,0,0,0,0,0,0,0,0,0,0,0,0
Greensburg Police Department,2018-12-01,Pennsylvania,14217,PA06502,breakdown offenses,normal return,normal return,normal return,normal return,normal return,breakdown offenses,breakdown offenses,breakdown offenses,0,0,0,0,0,0,0,0,0,0,0,0,0,8,0,1,2,3,2,2,0,1,1,17,0,0,0,0,27,0,6,6,19,25,0,0,0,0,0,0,0,0,0,0,8,0,1,2,3,2,1,0,0,1,3,0,0,0,0,12,0,6,6,4,10,0,0,0,0,0,0,0,0,0,0,0,0,0,0,0,0,0,0,0,0,0,0,0,0,0,0,0,0,0,0,0,0,0,0,0,0,0,0,0,0,0,0,0,0,0,0,0,0,0,0,0,0,0,0,0,0,0,0,0,0,0,0
Greensburg Police Department,2018-12-01,Pennsylvania,14217,PA06502,breakdown offenses,normal return,normal return,normal return,normal return,normal return,breakdown offenses,breakdown offenses,breakdown offenses,0,0,0,0,0,0,0,0,0,0,0,0,0,8,0,1,2,3,2,2,0,1,1,17,0,0,0,0,27,0,6,6,19,25,0,0,0,0,0,0,0,0,0,0,8,0,1,2,3,2,1,0,0,1,3,0,0,0,0,12,0,6,6,4,10,0,0,0,0,0,0,0,0,0,0,0,0,0,0,0,0,0,0,0,0,0,0,0,0,0,0,0,0,0,0,0,0,0,0,0,0,0,0,0,0,0,0,0,0,0,0,0,0,0,0,0,0,0,0,0,0,0,0,0,0,0,0
Greensburg Police Department,2018-11-01,Pennsylvania,14217,PA06502,breakdown offenses,normal return,normal return,normal return,normal return,normal return,breakdown offenses,breakdown offenses,breakdown offenses,0,0,0,0,0,0,0,0,0,0,0,0,0,10,1,0,0,5,4,2,1,0,1,24,0,0,0,0,36,0,6,6,26,32,0,0,0,0,0,0,0,0,0,0,8,1,0,0,4,3,0,0,0,0,9,0,0,0,0,17,0,5,5,9,14,0,0,0,0,0,0,0,0,0,0,0,0,0,0,0,0,0,0,0,0,0,0,0,0,0,0,0,0,0,0,0,0,0,0,0,0,0,0,0,0,0,0,0,0,0,0,0,0,0,0,0,0,0,0,0,0,0,0,0,0,0,0
Greensburg Police Department,2018-11-01,Pennsylvania,14217,PA06502,breakdown offenses,normal return,normal return,normal return,normal return,normal return,breakdown offenses,breakdown offenses,breakdown offenses,0,0,0,0,0,0,0,0,0,0,0,0,0,10,1,0,0,5,4,2,1,0,1,24,0,0,0,0,36,0,6,6,26,32,0,0,0,0,0,0,0,0,0,0,8,1,0,0,4,3,0,0,0,0,9,0,0,0,0,17,0,5,5,9,14,0,0,0,0,0,0,0,0,0,0,0,0,0,0,0,0,0,0,0,0,0,0,0,0,0,0,0,0,0,0,0,0,0,0,0,0,0,0,0,0,0,0,0,0,0,0,0,0,0,0,0,0,0,0,0,0,0,0,0,0,0,0
Greensburg Police Department,2018-10-01,Pennsylvania,14217,PA06502,breakdown offenses,normal return,normal return,normal return,normal return,normal return,breakdown offenses,breakdown offenses,breakdown offenses,0,0,0,0,0,0,0,0,0,0,0,0,0,13,0,1,4,4,4,3,3,0,0,17,0,0,0,0,33,0,9,9,20,29,0,0,0,0,0,0,0,0,0,0,13,0,1,4,4,4,1,1,0,0,1,0,0,0,0,15,0,9,9,2,11,0,0,0,0,0,0,0,0,0,0,1,0,0,0,0,1,0,0,0,0,0,0,0,0,0,1,0,0,0,0,0,0,0,0,0,0,0,0,0,0,0,0,0,0,0,0,0,0,0,0,0,0,0,0,0,0,0,0,0,0,0,0
Greensburg Police Department,2018-10-01,Pennsylvania,14217,PA06502,breakdown offenses,normal return,normal return,normal return,normal return,normal return,breakdown offenses,breakdown offenses,breakdown offenses,0,0,0,0,0,0,0,0,0,0,0,0,0,13,0,1,4,4,4,3,3,0,0,17,0,0,0,0,33,0,9,9,20,29,0,0,0,0,0,0,0,0,0,0,13,0,1,4,4,4,1,1,0,0,1,0,0,0,0,15,0,9,9,2,11,0,0,0,0,0,0,0,0,0,0,1,0,0,0,0,1,0,0,0,0,0,0,0,0,0,1,0,0,0,0,0,0,0,0,0,0,0,0,0,0,0,0,0,0,0,0,0,0,0,0,0,0,0,0,0,0,0,0,0,0,0,0
Greensburg Police Department,2018-09-01,Pennsylvania,14217,PA06502,breakdown offenses,normal return,normal return,normal return,normal return,normal return,breakdown offenses,breakdown offenses,breakdown offenses,0,0,0,0,0,0,0,0,0,0,0,0,0,12,0,0,0,0,12,2,2,0,0,21,1,1,0,0,36,0,0,0,24,24,0,0,0,0,0,1,0,0,0,1,6,0,0,0,0,6,1,1,0,0,3,0,0,0,0,11,0,0,1,4,5,0,0,0,0,0,0,0,0,0,0,0,0,0,0,0,0,0,0,0,0,0,0,0,0,0,0,0,0,0,0,0,0,0,0,0,0,0,0,0,0,0,0,0,0,0,0,0,0,0,0,0,0,0,0,0,0,0,0,0,0,0,0
Greensburg Police Department,2018-09-01,Pennsylvania,14217,PA06502,breakdown offenses,normal return,normal return,normal return,normal return,normal return,breakdown offenses,breakdown offenses,breakdown offenses,0,0,0,0,0,0,0,0,0,0,0,0,0,12,0,0,0,0,12,2,2,0,0,21,1,1,0,0,36,0,0,0,24,24,0,0,0,0,0,1,0,0,0,1,6,0,0,0,0,6,1,1,0,0,3,0,0,0,0,11,0,0,1,4,5,0,0,0,0,0,0,0,0,0,0,0,0,0,0,0,0,0,0,0,0,0,0,0,0,0,0,0,0,0,0,0,0,0,0,0,0,0,0,0,0,0,0,0,0,0,0,0,0,0,0,0,0,0,0,0,0,0,0,0,0,0,0
Greensburg Police Department,2018-08-01,Pennsylvania,14217,PA06502,breakdown offenses,normal return,normal return,normal return,normal return,normal return,breakdown offenses,breakdown offenses,breakdown offenses,0,0,0,0,0,1,1,0,1,0,0,0,1,14,0,0,0,2,12,3,0,2,1,19,0,0,0,0,38,0,2,4,22,26,0,0,1,1,0,0,0,0,0,0,12,0,0,0,2,10,1,0,1,0,5,0,0,0,0,19,0,2,3,6,9,0,0,0,0,0,0,0,0,0,0,0,0,0,0,0,0,0,0,0,0,0,0,0,0,0,0,0,0,0,0,0,0,0,0,0,0,0,0,0,0,0,0,0,0,0,0,0,0,0,0,0,1,0,0,0,0,1,0,0,0,1,1
Greensburg Police Department,2018-08-01,Pennsylvania,14217,PA06502,breakdown offenses,normal return,normal return,normal return,normal return,normal return,breakdown offenses,breakdown offenses,breakdown offenses,0,0,0,0,0,1,1,0,1,0,0,0,1,14,0,0,0,2,12,3,0,2,1,19,0,0,0,0,38,0,2,4,22,26,0,0,1,1,0,0,0,0,0,0,12,0,0,0,2,10,1,0,1,0,5,0,0,0,0,19,0,2,3,6,9,0,0,0,0,0,0,0,0,0,0,0,0,0,0,0,0,0,0,0,0,0,0,0,0,0,0,0,0,0,0,0,0,0,0,0,0,0,0,0,0,0,0,0,0,0,0,0,0,0,0,0,1,0,0,0,0,1,0,0,0,1,1
Greensburg Police Department,2018-07-01,Pennsylvania,14217,PA06502,breakdown offenses,normal return,normal return,normal return,normal return,normal return,breakdown offenses,breakdown offenses,breakdown offenses,0,0,0,0,0,0,0,0,0,0,0,0,0,12,0,1,0,5,6,6,3,3,0,17,1,1,0,0,36,0,6,6,24,30,0,0,0,0,0,0,0,0,0,0,11,0,1,0,5,5,4,3,1,0,6,1,1,0,0,22,0,6,6,11,17,0,0,0,0,0,0,0,0,0,0,0,0,0,0,0,0,0,0,0,0,0,0,0,0,0,0,0,0,0,0,0,0,0,0,0,0,0,0,0,0,0,0,0,0,0,0,0,0,0,0,0,0,0,0,0,0,0,0,0,0,0,0
Greensburg Police Department,2018-07-01,Pennsylvania,14217,PA06502,breakdown offenses,normal return,normal return,normal return,normal return,normal return,breakdown offenses,breakdown offenses,breakdown offenses,0,0,0,0,0,0,0,0,0,0,0,0,0,12,0,1,0,5,6,6,3,3,0,17,1,1,0,0,36,0,6,6,24,30,0,0,0,0,0,0,0,0,0,0,11,0,1,0,5,5,4,3,1,0,6,1,1,0,0,22,0,6,6,11,17,0,0,0,0,0,0,0,0,0,0,0,0,0,0,0,0,0,0,0,0,0,0,0,0,0,0,0,0,0,0,0,0,0,0,0,0,0,0,0,0,0,0,0,0,0,0,0,0,0,0,0,0,0,0,0,0,0,0,0,0,0,0
Greensburg Police Department,2018-06-01,Pennsylvania,14217,PA06502,breakdown offenses,normal return,normal return,normal return,normal return,normal return,breakdown offenses,breakdown offenses,breakdown offenses,0,0,0,0,0,0,0,0,0,0,0,0,0,5,0,1,0,0,4,7,5,2,0,24,0,0,0,0,36,0,1,1,31,32,0,0,0,0,0,0,0,0,0,0,4,0,1,0,0,3,4,2,2,0,3,0,0,0,0,11,0,1,1,7,8,0,0,0,0,0,0,0,0,0,0,0,0,0,0,0,0,1,0,1,0,0,0,0,0,0,1,0,0,0,1,1,0,0,0,0,0,0,0,0,0,0,0,0,0,0,0,0,0,0,0,0,0,0,0,0,0,0,0,0,0,0,0
Greensburg Police Department,2018-06-01,Pennsylvania,14217,PA06502,breakdown offenses,normal return,normal return,normal return,normal return,normal return,breakdown offenses,breakdown offenses,breakdown offenses,0,0,0,0,0,0,0,0,0,0,0,0,0,5,0,1,0,0,4,7,5,2,0,24,0,0,0,0,36,0,1,1,31,32,0,0,0,0,0,0,0,0,0,0,4,0,1,0,0,3,4,2,2,0,3,0,0,0,0,11,0,1,1,7,8,0,0,0,0,0,0,0,0,0,0,0,0,0,0,0,0,1,0,1,0,0,0,0,0,0,1,0,0,0,1,1,0,0,0,0,0,0,0,0,0,0,0,0,0,0,0,0,0,0,0,0,0,0,0,0,0,0,0,0,0,0,0
Greensburg Police Department,2018-05-01,Pennsylvania,14217,PA06502,breakdown offenses,normal return,normal return,normal return,normal return,normal return,breakdown offenses,breakdown offenses,breakdown offenses,0,0,0,0,0,1,1,0,0,0,0,0,0,3,0,0,0,0,3,8,5,2,1,25,0,0,0,0,37,0,0,1,33,34,0,0,1,1,0,0,0,0,0,0,3,0,0,0,0,3,3,1,1,1,8,0,0,0,0,15,0,0,1,11,12,0,0,0,0,0,0,0,0,0,0,1,0,0,0,0,1,0,0,0,0,1,0,0,0,0,2,0,0,0,1,1,0,0,0,0,0,0,0,0,0,0,0,0,0,0,0,0,0,0,0,0,0,0,0,0,0,0,0,0,0,0,0
Greensburg Police Department,2018-05-01,Pennsylvania,14217,PA06502,breakdown offenses,normal return,normal return,normal return,normal return,normal return,breakdown offenses,breakdown offenses,breakdown offenses,0,0,0,0,0,1,1,0,0,0,0,0,0,3,0,0,0,0,3,8,5,2,1,25,0,0,0,0,37,0,0,1,33,34,0,0,1,1,0,0,0,0,0,0,3,0,0,0,0,3,3,1,1,1,8,0,0,0,0,15,0,0,1,11,12,0,0,0,0,0,0,0,0,0,0,1,0,0,0,0,1,0,0,0,0,1,0,0,0,0,2,0,0,0,1,1,0,0,0,0,0,0,0,0,0,0,0,0,0,0,0,0,0,0,0,0,0,0,0,0,0,0,0,0,0,0,0
Greensburg Police Department,2018-04-01,Pennsylvania,14217,PA06502,breakdown offenses,normal return,normal return,normal return,normal return,normal return,breakdown offenses,breakdown offenses,breakdown offenses,0,0,0,0,0,2,2,0,0,0,0,0,0,4,0,0,0,1,3,4,3,1,0,22,0,0,0,0,32,0,1,3,26,29,0,0,2,2,0,0,0,0,0,0,3,0,0,0,1,2,2,1,1,0,10,0,0,0,0,17,0,1,3,12,15,0,0,0,0,0,0,0,0,0,0,0,0,0,0,0,0,0,0,0,0,2,0,0,0,0,2,0,0,0,2,2,0,0,0,0,0,0,0,0,0,0,0,0,0,0,0,0,0,0,0,0,0,0,0,0,0,0,0,0,0,0,0
Greensburg Police Department,2018-04-01,Pennsylvania,14217,PA06502,breakdown offenses,normal return,normal return,normal return,normal return,normal return,breakdown offenses,breakdown offenses,breakdown offenses,0,0,0,0,0,2,2,0,0,0,0,0,0,4,0,0,0,1,3,4,3,1,0,22,0,0,0,0,32,0,1,3,26,29,0,0,2,2,0,0,0,0,0,0,3,0,0,0,1,2,2,1,1,0,10,0,0,0,0,17,0,1,3,12,15,0,0,0,0,0,0,0,0,0,0,0,0,0,0,0,0,0,0,0,0,2,0,0,0,0,2,0,0,0,2,2,0,0,0,0,0,0,0,0,0,0,0,0,0,0,0,0,0,0,0,0,0,0,0,0,0,0,0,0,0,0,0
Greensburg Police Department,2018-03-01,Pennsylvania,14217,PA06502,breakdown offenses,normal return,normal return,normal return,normal return,normal return,breakdown offenses,breakdown offenses,breakdown offenses,0,0,0,0,0,0,0,0,1,1,0,0,0,9,0,1,0,4,4,4,2,0,2,25,2,1,0,1,41,0,5,6,31,37,0,0,0,0,0,1,1,0,0,0,7,0,0,0,3,4,2,1,0,1,9,2,1,0,1,21,0,3,4,13,17,0,0,0,0,0,0,0,0,0,0,0,0,0,0,0,0,0,0,0,0,0,0,0,0,0,0,0,0,0,0,0,0,0,0,0,0,0,0,0,0,0,0,0,0,0,0,0,0,0,0,0,0,0,0,0,0,0,0,0,0,0,0
Greensburg Police Department,2018-03-01,Pennsylvania,14217,PA06502,breakdown offenses,normal return,normal return,normal return,normal return,normal return,breakdown offenses,breakdown offenses,breakdown offenses,0,0,0,0,0,0,0,0,1,1,0,0,0,9,0,1,0,4,4,4,2,0,2,25,2,1,0,1,41,0,5,6,31,37,0,0,0,0,0,1,1,0,0,0,7,0,0,0,3,4,2,1,0,1,9,2,1,0,1,21,0,3,4,13,17,0,0,0,0,0,0,0,0,0,0,0,0,0,0,0,0,0,0,0,0,0,0,0,0,0,0,0,0,0,0,0,0,0,0,0,0,0,0,0,0,0,0,0,0,0,0,0,0,0,0,0,0,0,0,0,0,0,0,0,0,0,0
Greensburg Police Department,2018-02-01,Pennsylvania,14217,PA06502,breakdown offenses,normal return,normal return,normal return,normal return,normal return,breakdown offenses,breakdown offenses,breakdown offenses,0,0,0,0,0,0,0,0,0,0,0,0,0,7,0,0,0,4,3,2,0,1,1,17,0,0,0,0,26,0,4,4,19,23,0,0,2,2,0,0,0,0,0,0,5,0,0,0,3,2,0,0,0,0,6,0,0,0,0,13,0,3,5,6,11,0,0,0,0,0,0,0,0,0,0,0,0,0,0,0,0,0,0,0,0,0,0,0,0,0,0,0,0,0,0,0,0,0,0,0,0,0,0,0,0,0,0,0,0,0,0,0,0,0,0,0,0,0,0,0,0,0,0,0,0,0,0
Greensburg Police Department,2018-02-01,Pennsylvania,14217,PA06502,breakdown offenses,normal return,normal return,normal return,normal return,normal return,breakdown offenses,breakdown offenses,breakdown offenses,0,0,0,0,0,0,0,0,0,0,0,0,0,7,0,0,0,4,3,2,0,1,1,17,0,0,0,0,26,0,4,4,19,23,0,0,2,2,0,0,0,0,0,0,5,0,0,0,3,2,0,0,0,0,6,0,0,0,0,13,0,3,5,6,11,0,0,0,0,0,0,0,0,0,0,0,0,0,0,0,0,0,0,0,0,0,0,0,0,0,0,0,0,0,0,0,0,0,0,0,0,0,0,0,0,0,0,0,0,0,0,0,0,0,0,0,0,0,0,0,0,0,0,0,0,0,0
Greensburg Police Department,2018-01-01,Pennsylvania,14217,PA06502,breakdown offenses,normal return,normal return,normal return,normal return,normal return,breakdown offenses,breakdown offenses,breakdown offenses,0,0,0,0,0,0,0,0,0,0,0,0,0,15,0,1,4,7,3,3,0,2,1,14,0,0,0,0,32,0,12,12,17,29,0,0,0,0,0,0,0,0,0,0,13,0,1,4,7,1,0,0,0,0,3,0,0,0,0,16,0,12,12,3,15,0,0,0,0,0,0,0,0,0,0,1,0,1,0,0,0,0,0,0,0,0,0,0,0,0,1,0,1,1,0,1,0,0,0,0,0,0,0,0,0,0,0,0,0,0,0,0,0,0,0,0,0,0,0,0,0,0,0,0,0,0,0
Greensburg Police Department,2018-01-01,Pennsylvania,14217,PA06502,breakdown offenses,normal return,normal return,normal return,normal return,normal return,breakdown offenses,breakdown offenses,breakdown offenses,0,0,0,0,0,0,0,0,0,0,0,0,0,15,0,1,4,7,3,3,0,2,1,14,0,0,0,0,32,0,12,12,17,29,0,0,0,0,0,0,0,0,0,0,13,0,1,4,7,1,0,0,0,0,3,0,0,0,0,16,0,12,12,3,15,0,0,0,0,0,0,0,0,0,0,1,0,1,0,0,0,0,0,0,0,0,0,0,0,0,1,0,1,1,0,1,0,0,0,0,0,0,0,0,0,0,0,0,0,0,0,0,0,0,0,0,0,0,0,0,0,0,0,0,0,0,0
Greensburg Police Department,2017-12-01,Pennsylvania,14356,PA06502,breakdown offenses,normal return,normal return,normal return,normal return,normal return,breakdown offenses,breakdown offenses,breakdown offenses,0,0,0,0,0,1,1,0,0,0,0,0,0,7,0,1,0,0,6,2,2,0,0,14,1,0,0,1,25,0,1,2,17,19,0,0,0,0,0,0,0,0,0,0,5,0,1,0,0,4,1,1,0,0,7,0,0,0,0,13,0,1,1,8,9,0,0,0,0,0,0,0,0,0,0,0,0,0,0,0,0,0,0,0,0,1,0,0,0,0,1,0,0,0,1,1,0,0,0,0,0,0,0,0,0,0,0,0,0,0,0,0,0,0,0,0,0,0,0,0,0,0,0,0,0,0,0
Greensburg Police Department,2017-11-01,Pennsylvania,14356,PA06502,breakdown offenses,normal return,normal return,normal return,normal return,normal return,breakdown offenses,breakdown offenses,breakdown offenses,0,0,0,0,0,0,0,0,0,0,0,0,0,6,0,0,0,2,4,0,0,0,0,17,0,0,0,0,23,0,2,2,17,19,0,0,2,2,0,1,1,0,0,0,3,0,0,0,2,1,0,0,0,0,4,0,0,0,0,10,0,2,5,4,9,0,0,0,0,0,1,1,0,0,0,0,0,0,0,0,0,0,0,0,0,1,0,0,0,0,2,0,0,1,1,2,0,0,0,0,0,0,0,0,0,0,0,0,0,0,0,0,0,0,0,0,1,0,0,0,0,1,0,0,0,1,1
Greensburg Police Department,2017-10-01,Pennsylvania,14356,PA06502,breakdown offenses,normal return,normal return,normal return,normal return,normal return,breakdown offenses,breakdown offenses,breakdown offenses,0,0,0,0,0,2,2,0,4,2,0,0,2,4,0,0,1,0,3,3,3,0,0,18,1,1,0,0,32,0,1,7,22,29,0,0,0,0,0,3,1,0,0,2,4,0,0,1,0,3,0,0,0,0,3,0,0,0,0,10,0,1,4,3,7,0,0,0,0,0,1,0,0,0,1,1,0,0,1,0,0,0,0,0,0,0,0,0,0,0,2,0,1,2,0,2,0,0,0,0,0,0,0,0,0,0,0,0,0,0,0,0,0,0,0,0,1,0,0,0,0,1,0,0,0,1,1
Greensburg Police Department,2017-09-01,Pennsylvania,14356,PA06502,breakdown offenses,normal return,normal return,normal return,normal return,normal return,breakdown offenses,breakdown offenses,breakdown offenses,0,0,1,0,0,0,0,0,2,1,0,0,1,9,0,0,1,4,4,1,1,0,0,16,0,0,0,0,28,0,5,7,17,24,0,0,0,0,0,1,0,0,0,1,9,0,0,1,4,4,0,0,0,0,6,0,0,0,0,16,0,5,6,6,12,0,0,0,0,0,0,0,0,0,0,0,0,0,0,0,0,0,0,0,0,0,0,0,0,0,0,0,0,0,0,0,0,0,0,0,0,0,0,0,0,0,0,0,0,0,0,0,0,0,0,0,0,0,0,0,0,0,0,0,0,0,0
Greensburg Police Department,2017-08-01,Pennsylvania,14356,PA06502,breakdown offenses,normal return,normal return,normal return,normal return,normal return,breakdown offenses,breakdown offenses,breakdown offenses,0,0,2,0,0,0,0,0,1,0,0,0,1,10,0,0,0,2,8,3,1,1,1,23,0,0,0,0,37,0,2,3,26,29,0,0,0,0,0,1,0,0,0,1,9,0,0,0,2,7,0,0,0,0,3,0,0,0,0,13,0,2,3,3,6,0,0,0,0,0,0,0,0,0,0,0,0,0,0,0,0,0,0,0,0,0,0,0,0,0,0,0,0,0,0,0,0,0,0,0,0,0,0,0,0,0,0,0,0,0,0,0,0,0,0,0,0,0,0,0,0,0,0,0,0,0,0
Greensburg Police Department,2017-07-01,Pennsylvania,14356,PA06502,breakdown offenses,normal return,normal return,normal return,normal return,normal return,breakdown offenses,breakdown offenses,breakdown offenses,0,0,0,0,0,0,0,0,1,1,0,0,0,7,1,0,0,1,5,1,1,0,0,26,0,0,0,0,35,0,2,3,27,30,0,0,0,0,0,1,1,0,0,0,4,0,0,0,1,3,0,0,0,0,8,0,0,0,0,13,0,1,2,8,10,0,0,0,0,0,0,0,0,0,0,0,0,0,0,0,0,0,0,0,0,0,0,0,0,0,0,0,0,0,0,0,0,0,0,0,0,0,0,0,0,0,0,0,0,0,0,0,0,0,0,0,0,0,0,0,0,0,0,0,0,0,0
Greensburg Police Department,2017-06-01,Pennsylvania,14356,PA06502,breakdown offenses,normal return,normal return,normal return,normal return,normal return,breakdown offenses,breakdown offenses,breakdown offenses,0,0,1,0,0,0,0,0,1,0,0,0,1,4,0,0,1,1,2,7,4,2,1,26,0,0,0,0,38,0,2,3,33,36,0,0,0,0,0,1,0,0,0,1,3,0,0,0,1,2,1,1,0,0,6,0,0,0,0,11,0,1,2,7,9,0,0,0,0,0,0,0,0,0,0,0,0,0,0,0,0,0,0,0,0,1,0,0,0,0,1,0,0,0,1,1,0,0,0,0,0,0,0,0,0,0,0,0,0,0,0,0,0,0,0,0,1,0,0,0,0,1,0,0,0,1,1
Greensburg Police Department,2017-05-01,Pennsylvania,14356,PA06502,breakdown offenses,normal return,normal return,normal return,normal return,normal return,breakdown offenses,breakdown offenses,breakdown offenses,0,0,0,0,0,0,0,0,0,0,0,0,0,4,0,0,0,0,4,0,0,0,0,26,0,0,0,0,30,0,0,0,26,26,0,0,0,0,0,0,0,0,0,0,4,0,0,0,0,4,0,0,0,0,12,0,0,0,0,16,0,0,0,12,12,0,0,0,0,0,0,0,0,0,0,1,0,0,0,0,1,0,0,0,0,0,0,0,0,0,1,0,0,0,0,0,0,0,0,0,0,0,0,0,0,0,0,0,0,0,0,0,0,0,0,0,0,0,0,0,0,0,0,0,0,0,0
Greensburg Police Department,2017-04-01,Pennsylvania,14356,PA06502,breakdown offenses,normal return,normal return,normal return,normal return,normal return,breakdown offenses,breakdown offenses,breakdown offenses,0,0,0,0,0,0,0,0,0,0,0,0,0,6,0,0,0,1,5,1,0,1,0,24,1,1,0,0,32,0,1,1,26,27,0,0,1,1,0,0,0,0,0,0,6,0,0,0,1,5,0,0,0,0,4,0,0,0,0,11,0,1,2,4,6,0,0,0,0,0,0,0,0,0,0,1,0,0,0,0,1,0,0,0,0,0,0,0,0,0,1,0,0,0,0,0,0,0,0,0,0,0,0,0,0,0,0,0,0,0,0,0,0,0,0,0,0,0,0,0,0,0,0,0,0,0,0
Greensburg Police Department,2017-03-01,Pennsylvania,14356,PA06502,breakdown offenses,normal return,normal return,normal return,normal return,normal return,breakdown offenses,breakdown offenses,breakdown offenses,0,0,0,0,0,1,1,0,2,0,1,0,1,8,0,0,0,3,5,1,0,1,0,30,0,0,0,0,42,0,3,6,31,37,0,0,0,0,0,1,0,0,0,1,9,0,0,0,3,6,0,0,0,0,16,0,0,0,0,26,0,3,4,16,20,0,0,0,0,0,0,0,0,0,0,0,0,0,0,0,0,0,0,0,0,0,0,0,0,0,0,0,0,0,0,0,0,0,0,0,0,0,0,0,0,0,0,0,0,0,0,0,0,0,0,0,0,0,0,0,0,0,0,0,0,0,0
Greensburg Police Department,2017-02-01,Pennsylvania,14356,PA06502,breakdown offenses,normal return,normal return,normal return,normal return,normal return,breakdown offenses,breakdown offenses,breakdown offenses,0,0,1,0,0,0,0,0,1,0,0,0,1,11,0,4,1,1,5,2,1,1,0,14,0,0,0,0,28,0,6,7,16,23,0,0,0,0,0,1,0,0,0,1,8,0,3,1,0,4,0,0,0,0,7,0,0,0,0,16,0,4,5,7,12,0,0,0,0,0,0,0,0,0,0,0,0,0,0,0,0,0,0,0,0,0,0,0,0,0,0,0,0,0,0,0,0,0,0,0,0,0,0,0,0,0,0,0,0,0,0,0,0,0,0,0,0,0,0,0,0,0,0,0,0,0,0
Greensburg Police Department,2017-01-01,Pennsylvania,14356,PA06502,breakdown offenses,normal return,normal return,normal return,normal return,normal return,breakdown offenses,breakdown offenses,breakdown offenses,0,0,0,0,0,0,0,0,1,1,0,0,0,8,0,0,0,1,7,2,2,0,0,36,1,0,0,1,48,0,1,2,39,41,0,0,1,1,0,1,1,0,0,0,6,0,0,0,1,5,0,0,0,0,15,0,0,0,0,23,0,1,3,15,18,0,0,1,1,0,0,0,0,0,0,0,0,0,0,0,0,0,0,0,0,0,0,0,0,0,1,0,0,1,0,1,0,0,0,0,0,0,0,0,0,0,0,0,0,0,0,0,0,0,0,0,0,0,0,0,0,0,0,0,0,0,0
Greensburg Police Department,2016-12-01,Pennsylvania,14419,PA06502,breakdown offenses,normal return,normal return,normal return,normal return,normal return,breakdown offenses,breakdown offenses,breakdown offenses,0,0,0,0,0,2,2,0,0,0,0,0,0,9,0,0,0,4,5,0,0,0,0,20,1,1,0,0,32,0,4,6,21,27,0,0,1,1,0,0,0,0,0,0,9,0,0,0,4,5,1,1,0,0,6,1,1,0,0,18,0,4,5,8,13,0,0,0,0,0,0,0,0,0,0,0,0,0,0,0,0,0,0,0,0,0,0,0,0,0,0,0,0,0,0,0,0,0,0,0,0,0,0,0,0,0,0,0,0,0,0,0,0,0,0,0,0,0,0,0,0,0,0,0,0,0,0
Greensburg Police Department,2016-11-01,Pennsylvania,14419,PA06502,breakdown offenses,normal return,normal return,normal return,normal return,normal return,breakdown offenses,breakdown offenses,breakdown offenses,0,0,0,0,0,1,1,0,1,1,0,0,0,8,0,0,1,0,7,1,1,0,0,17,0,0,0,0,28,0,1,3,18,21,0,0,1,1,0,0,0,0,0,0,3,0,0,0,0,3,1,1,0,0,6,0,0,0,0,11,0,0,1,7,8,0,0,0,0,0,0,0,0,0,0,0,0,0,0,0,0,0,0,0,0,0,0,0,0,0,0,0,0,0,0,0,0,0,0,0,0,0,0,0,0,0,0,0,0,0,0,0,0,0,0,0,0,0,0,0,0,0,0,0,0,0,0
Greensburg Police Department,2016-10-01,Pennsylvania,14419,PA06502,breakdown offenses,normal return,normal return,normal return,normal return,normal return,breakdown offenses,breakdown offenses,breakdown offenses,0,0,0,0,0,1,1,0,1,0,0,0,1,21,0,0,1,3,17,6,5,1,0,17,1,0,0,1,47,0,4,6,24,30,0,0,1,1,0,2,1,0,0,1,17,0,0,0,3,14,1,1,0,0,4,0,0,0,0,25,0,3,6,5,11,0,0,0,0,0,0,0,0,0,0,4,0,0,0,2,2,1,1,0,0,0,0,0,0,0,5,0,2,2,1,3,0,0,0,0,0,0,0,0,0,0,0,0,0,0,0,0,0,0,0,0,0,0,0,0,0,0,0,0,0,0,0
Greensburg Police Department,2016-09-01,Pennsylvania,14419,PA06502,breakdown offenses,normal return,normal return,normal return,normal return,normal return,breakdown offenses,breakdown offenses,breakdown offenses,0,0,0,0,0,0,0,0,1,1,0,0,0,6,0,0,1,0,5,5,4,0,1,37,0,0,0,0,49,0,1,2,42,44,0,0,0,0,0,0,0,0,0,0,5,0,0,0,0,5,3,2,0,1,5,0,0,0,0,13,0,0,0,8,8,0,0,0,0,0,0,0,0,0,0,2,0,0,0,0,2,0,0,0,0,0,0,0,0,0,2,0,0,0,0,0,0,0,0,0,0,0,0,0,0,0,0,0,0,0,0,0,0,0,0,0,0,0,0,0,0,0,0,0,0,0,0
Greensburg Police Department,2016-08-01,Pennsylvania,14419,PA06502,breakdown offenses,normal return,normal return,normal return,normal return,normal return,breakdown offenses,breakdown offenses,breakdown offenses,0,0,0,0,0,1,0,1,0,0,0,0,0,9,1,1,1,0,6,7,6,0,1,31,1,1,0,0,49,0,3,4,39,43,0,0,0,0,0,0,0,0,0,0,5,0,1,1,0,3,3,3,0,0,6,1,1,0,0,15,0,2,2,10,12,0,0,0,0,0,0,0,0,0,0,1,0,0,1,0,0,2,2,0,0,0,0,0,0,0,3,0,1,1,2,3,0,0,0,0,0,0,0,0,0,0,0,0,0,0,0,0,0,0,0,0,0,0,0,0,0,0,0,0,0,0,0
Greensburg Police Department,2016-07-01,Pennsylvania,14419,PA06502,breakdown offenses,normal return,normal return,normal return,normal return,normal return,breakdown offenses,breakdown offenses,breakdown offenses,0,0,0,0,0,0,0,0,0,0,0,0,0,5,0,0,0,1,4,7,5,2,0,26,0,0,0,0,38,0,1,1,33,34,0,0,0,0,0,0,0,0,0,0,3,0,0,0,0,3,2,1,1,0,7,0,0,0,0,12,0,0,0,9,9,0,0,0,0,0,0,0,0,0,0,0,0,0,0,0,0,0,0,0,0,0,0,0,0,0,0,0,0,0,0,0,0,0,0,0,0,0,0,0,0,0,0,0,0,0,0,0,0,0,0,0,0,0,0,0,0,0,0,0,0,0,0
Greensburg Police Department,2016-06-01,Pennsylvania,14419,PA06502,breakdown offenses,normal return,normal return,normal return,normal return,normal return,breakdown offenses,breakdown offenses,breakdown offenses,0,0,0,0,0,1,1,0,0,0,0,0,0,2,0,0,0,0,2,0,0,0,0,25,2,2,0,0,30,0,0,1,27,28,0,0,0,0,0,0,0,0,0,0,3,0,0,0,0,3,1,0,0,1,6,0,0,0,0,10,0,0,0,7,7,0,0,0,0,0,0,0,0,0,0,0,0,0,0,0,0,0,0,0,0,0,0,0,0,0,0,0,0,0,0,0,0,0,0,0,0,0,0,0,0,0,0,0,0,0,0,0,0,0,0,0,0,0,0,0,0,0,0,0,0,0,0
Greensburg Police Department,2016-05-01,Pennsylvania,14419,PA06502,breakdown offenses,normal return,normal return,normal return,normal return,normal return,breakdown offenses,breakdown offenses,breakdown offenses,0,0,0,0,0,1,1,0,2,1,0,0,1,7,0,0,1,2,4,8,4,3,1,21,1,1,0,0,40,0,3,6,30,36,0,0,0,0,0,2,1,0,0,1,6,0,0,1,2,3,1,0,1,0,4,0,0,0,0,13,0,3,5,5,10,0,0,0,0,0,0,0,0,0,0,0,0,0,0,0,0,1,0,1,0,0,0,0,0,0,1,0,0,0,1,1,0,0,0,0,0,0,0,0,0,0,0,0,0,0,0,0,0,0,0,0,0,0,0,0,0,0,0,0,0,0,0
Greensburg Police Department,2016-04-01,Pennsylvania,14419,PA06502,breakdown offenses,normal return,normal return,normal return,normal return,normal return,breakdown offenses,breakdown offenses,breakdown offenses,0,0,0,0,0,0,0,0,0,0,0,0,0,10,0,0,2,1,7,4,2,1,1,20,1,1,0,0,35,0,3,3,25,28,0,0,0,0,0,0,0,0,0,0,11,0,0,2,1,8,3,2,1,0,6,0,0,0,0,20,0,3,3,9,12,0,0,0,0,0,0,0,0,0,0,0,0,0,0,0,0,0,0,0,0,0,0,0,0,0,0,0,0,0,0,0,0,0,0,0,0,0,0,0,0,0,0,0,0,0,0,0,0,0,0,0,1,0,0,0,0,1,0,0,0,1,1
Greensburg Police Department,2016-03-01,Pennsylvania,14419,PA06502,breakdown offenses,normal return,normal return,normal return,normal return,normal return,breakdown offenses,breakdown offenses,breakdown offenses,0,0,0,0,0,0,0,0,2,0,0,0,2,9,1,0,3,0,5,2,0,2,0,38,0,0,0,0,51,0,4,6,40,46,0,0,0,0,0,1,0,0,0,1,5,0,0,2,0,3,0,0,0,0,10,0,0,0,0,16,0,2,3,10,13,0,0,0,0,0,0,0,0,0,0,0,0,0,0,0,0,0,0,0,0,1,0,0,0,0,1,0,0,0,1,1,0,0,0,0,0,0,0,0,0,0,0,0,0,0,0,0,0,0,0,0,0,0,0,0,0,0,0,0,0,0,0
Greensburg Police Department,2016-02-01,Pennsylvania,14419,PA06502,breakdown offenses,normal return,normal return,normal return,normal return,normal return,breakdown offenses,breakdown offenses,breakdown offenses,0,0,0,0,0,1,1,0,1,1,0,0,0,12,0,0,0,3,9,2,2,0,0,20,1,0,0,1,37,0,3,5,23,28,0,0,0,0,0,0,0,0,0,0,12,0,0,0,4,8,0,0,0,0,5,0,0,0,0,17,0,4,4,5,9,0,0,0,0,0,0,0,0,0,0,1,0,0,0,0,1,0,0,0,0,0,0,0,0,0,1,0,0,0,0,0,0,0,0,0,0,0,0,0,0,0,0,0,0,0,0,0,0,0,0,0,0,0,0,0,0,0,0,0,0,0,0
Greensburg Police Department,2016-01-01,Pennsylvania,14419,PA06502,breakdown offenses,normal return,normal return,normal return,normal return,normal return,breakdown offenses,breakdown offenses,breakdown offenses,0,0,0,0,0,0,0,0,2,0,1,0,1,4,0,0,0,2,2,5,2,2,1,28,0,0,0,0,39,0,2,4,33,37,0,0,0,0,0,2,0,1,0,1,3,0,0,0,1,2,3,2,1,0,9,0,0,0,0,17,0,1,3,12,15,0,0,0,0,0,0,0,0,0,0,0,0,0,0,0,0,0,0,0,0,1,0,0,0,0,1,0,0,0,1,1,0,0,0,0,0,0,0,0,0,0,0,0,0,0,0,0,0,0,0,0,1,0,0,0,0,1,0,0,0,1,1
Greensburg Police Department,2015-12-01,Pennsylvania,14495,PA06502,breakdown offenses,normal return,normal return,normal return,normal return,normal return,breakdown offenses,breakdown offenses,breakdown offenses,0,0,0,0,0,0,0,0,0,0,0,0,0,8,0,0,4,2,2,5,3,2,0,29,1,1,0,0,43,0,6,6,35,41,0,0,0,0,0,0,0,0,0,0,6,0,0,4,1,1,0,0,0,0,8,0,0,0,0,14,0,5,5,8,13,0,0,0,0,0,0,0,0,0,0,0,0,0,0,0,0,0,0,0,0,0,0,0,0,0,0,0,0,0,0,0,0,0,0,0,0,0,0,0,0,0,0,0,0,0,0,0,0,0,0,0,0,0,0,0,0,0,0,0,0,0,0
Greensburg Police Department,2015-11-01,Pennsylvania,14495,PA06502,breakdown offenses,normal return,normal return,normal return,normal return,normal return,breakdown offenses,breakdown offenses,breakdown offenses,0,0,0,0,0,0,0,0,1,0,1,0,0,5,0,0,0,1,4,7,5,2,0,34,0,0,0,0,47,0,1,2,41,43,0,0,0,0,0,0,0,0,0,0,4,0,0,0,0,4,1,1,0,0,12,0,0,0,0,17,0,0,0,13,13,0,0,0,0,0,0,0,0,0,0,1,0,0,0,0,1,0,0,0,0,1,0,0,0,0,2,0,0,0,1,1,0,0,0,0,0,0,0,0,0,0,0,0,0,0,0,0,0,0,0,0,0,0,0,0,0,0,0,0,0,0,0
Greensburg Police Department,2015-10-01,Pennsylvania,14495,PA06502,breakdown offenses,normal return,normal return,normal return,normal return,normal return,breakdown offenses,breakdown offenses,breakdown offenses,0,0,0,0,0,1,1,0,1,0,0,0,1,5,0,3,0,0,2,5,4,1,0,20,2,1,0,1,34,0,3,5,27,32,0,0,0,0,0,1,0,0,0,1,1,0,0,0,0,1,2,2,0,0,3,0,0,0,0,7,0,0,1,5,6,0,0,0,0,0,0,0,0,0,0,0,0,0,0,0,0,0,0,0,0,0,0,0,0,0,0,0,0,0,0,0,0,0,0,0,0,0,0,0,0,0,0,0,0,0,0,0,0,0,0,0,0,0,0,0,0,0,0,0,0,0,0
Greensburg Police Department,2015-09-01,Pennsylvania,14495,PA06502,breakdown offenses,normal return,normal return,normal return,normal return,normal return,breakdown offenses,breakdown offenses,breakdown offenses,0,0,0,0,0,0,0,0,0,0,0,0,0,3,0,0,1,0,2,2,2,0,0,36,0,0,0,0,41,0,1,1,38,39,0,0,0,0,0,0,0,0,0,0,3,0,0,1,0,2,1,1,0,0,6,0,0,0,0,10,0,1,1,7,8,0,0,0,0,0,0,0,0,0,0,0,0,0,0,0,0,0,0,0,0,0,0,0,0,0,0,0,0,0,0,0,0,0,0,0,0,0,0,0,0,0,0,0,0,0,0,0,0,0,0,0,0,0,0,0,0,0,0,0,0,0,0
Greensburg Police Department,2015-08-01,Pennsylvania,14495,PA06502,breakdown offenses,normal return,normal return,normal return,normal return,normal return,breakdown offenses,breakdown offenses,breakdown offenses,0,0,0,0,0,0,0,0,0,0,0,0,0,3,0,0,0,1,2,8,5,1,2,52,0,0,0,0,63,0,1,1,60,61,0,0,0,0,0,0,0,0,0,0,3,0,0,0,1,2,2,1,0,1,6,0,0,0,0,11,0,1,1,8,9,0,0,0,0,0,0,0,0,0,0,0,0,0,0,0,0,0,0,0,0,0,0,0,0,0,0,0,0,0,0,0,0,0,0,0,0,0,0,0,0,0,0,0,0,0,0,0,0,0,0,0,0,0,0,0,0,0,0,0,0,0,0
Greensburg Police Department,2015-07-01,Pennsylvania,14495,PA06502,breakdown offenses,normal return,normal return,normal return,normal return,normal return,breakdown offenses,breakdown offenses,breakdown offenses,0,0,0,0,0,0,0,0,2,0,0,0,2,6,0,0,0,0,6,7,5,1,1,22,1,1,0,0,38,0,0,2,30,32,0,0,0,0,0,2,0,0,0,2,3,0,0,0,0,3,1,1,0,0,3,0,0,0,0,9,0,0,2,4,6,0,0,0,0,0,0,0,0,0,0,0,0,0,0,0,0,0,0,0,0,0,0,0,0,0,0,0,0,0,0,0,0,0,0,0,0,0,0,0,0,0,0,0,0,0,0,0,0,0,0,0,1,0,0,0,0,1,0,0,0,1,1
Greensburg Police Department,2015-06-01,Pennsylvania,14495,PA06502,breakdown offenses,normal return,normal return,normal return,normal return,normal return,breakdown offenses,breakdown offenses,breakdown offenses,0,0,0,0,0,0,0,0,1,0,0,0,1,5,0,1,0,0,4,7,1,4,2,18,2,1,0,1,33,0,1,2,27,29,0,0,0,0,0,2,1,0,0,1,5,0,1,0,0,4,1,0,0,1,2,0,0,0,0,10,0,1,3,3,6,0,0,0,0,0,0,0,0,0,0,0,0,0,0,0,0,0,0,0,0,0,0,0,0,0,0,0,0,0,0,0,0,0,0,0,0,0,0,0,0,0,0,0,0,0,0,0,0,0,0,0,0,0,0,0,0,0,0,0,0,0,0
Greensburg Police Department,2015-05-01,Pennsylvania,14495,PA06502,breakdown offenses,normal return,normal return,normal return,normal return,normal return,breakdown offenses,breakdown offenses,breakdown offenses,0,0,1,0,0,0,0,0,1,0,0,0,1,12,0,0,0,2,10,9,3,4,2,12,2,1,1,0,36,0,2,3,23,26,0,0,0,0,0,0,0,0,0,0,10,0,0,0,2,8,2,1,1,0,4,0,0,0,0,16,0,2,2,6,8,0,0,0,0,0,0,0,0,0,0,0,0,0,0,0,0,0,0,0,0,0,0,0,0,0,0,0,0,0,0,0,0,0,0,0,0,0,0,0,0,0,0,0,0,0,0,0,0,0,0,0,1,0,0,0,0,1,0,0,0,1,1
Greensburg Police Department,2015-04-01,Pennsylvania,14495,PA06502,breakdown offenses,normal return,normal return,normal return,normal return,normal return,breakdown offenses,breakdown offenses,breakdown offenses,0,0,0,0,0,0,0,0,2,0,0,0,2,4,0,0,0,1,3,5,2,2,1,14,0,0,0,0,25,0,1,3,19,22,0,0,0,0,0,1,0,0,0,1,1,0,0,0,1,0,2,1,1,0,3,0,0,0,0,7,0,1,2,5,7,0,0,0,0,0,0,0,0,0,0,0,0,0,0,0,0,0,0,0,0,0,0,0,0,0,0,0,0,0,0,0,0,0,0,0,0,0,0,0,0,0,0,0,0,0,0,0,0,0,0,0,0,0,0,0,0,0,0,0,0,0,0
Greensburg Police Department,2015-03-01,Pennsylvania,14495,PA06502,breakdown offenses,normal return,normal return,normal return,normal return,normal return,breakdown offenses,breakdown offenses,breakdown offenses,0,0,0,0,0,0,0,0,0,0,0,0,0,5,0,0,0,1,4,3,2,1,0,25,0,0,0,0,33,0,1,1,28,29,0,0,0,0,0,0,0,0,0,0,5,0,0,0,1,4,2,2,0,0,5,0,0,0,0,12,0,1,1,7,8,0,0,0,0,0,0,0,0,0,0,0,0,0,0,0,0,1,1,0,0,0,0,0,0,0,1,0,0,0,1,1,0,0,0,0,0,0,0,0,0,0,0,0,0,0,0,0,0,0,0,0,0,0,0,0,0,0,0,0,0,0,0
Greensburg Police Department,2015-02-01,Pennsylvania,14495,PA06502,breakdown offenses,normal return,normal return,normal return,normal return,normal return,breakdown offenses,breakdown offenses,breakdown offenses,0,0,0,0,0,0,0,0,0,0,0,0,0,4,0,0,0,0,4,5,1,1,3,15,0,0,0,0,24,0,0,0,20,20,0,0,0,0,0,0,0,0,0,0,3,0,0,0,0,3,2,1,0,1,2,0,0,0,0,7,0,0,0,4,4,0,0,0,0,0,0,0,0,0,0,0,0,0,0,0,0,0,0,0,0,0,0,0,0,0,0,0,0,0,0,0,0,0,0,0,0,0,0,0,0,0,0,0,0,0,0,0,0,0,0,0,0,0,0,0,0,0,0,0,0,0,0
Greensburg Police Department,2015-01-01,Pennsylvania,14495,PA06502,breakdown offenses,normal return,normal return,normal return,normal return,normal return,breakdown offenses,breakdown offenses,breakdown offenses,0,0,1,0,0,0,0,0,1,0,1,0,0,4,0,0,0,1,3,0,0,0,0,17,1,0,0,1,23,0,1,2,18,20,0,0,0,0,0,0,0,0,0,0,5,0,0,0,1,4,0,0,0,0,5,0,0,0,0,10,0,1,1,5,6,0,0,0,0,0,0,0,0,0,0,0,0,0,0,0,0,0,0,0,0,0,0,0,0,0,0,0,0,0,0,0,0,0,0,0,0,0,0,0,0,0,0,0,0,0,0,0,0,0,0,0,1,0,0,0,0,1,0,0,0,1,1
Greensburg Police Department,2014-12-01,Pennsylvania,14606,PA06502,breakdown offenses,normal return,normal return,normal return,normal return,normal return,breakdown offenses,breakdown offenses,breakdown offenses,0,0,1,0,0,0,0,0,0,0,0,0,0,9,1,1,0,1,6,11,6,4,1,33,1,1,0,0,54,0,3,3,45,48,0,0,0,0,0,0,0,0,0,0,8,1,1,0,1,5,2,2,0,0,3,1,1,0,0,14,0,3,3,6,9,0,0,0,0,0,0,0,0,0,0,0,0,0,0,0,0,0,0,0,0,0,0,0,0,0,0,0,0,0,0,0,0,0,0,0,0,0,0,0,0,0,0,0,0,0,0,0,0,0,0,0,1,0,0,0,0,1,0,0,0,1,1
Greensburg Police Department,2014-11-01,Pennsylvania,14606,PA06502,breakdown offenses,normal return,normal return,normal return,normal return,normal return,breakdown offenses,breakdown offenses,breakdown offenses,0,0,0,0,0,1,1,0,0,0,0,0,0,4,0,0,0,0,4,8,6,2,0,14,0,0,0,0,27,0,0,1,22,23,0,0,0,0,0,0,0,0,0,0,3,0,0,0,0,3,4,3,1,0,4,0,0,0,0,11,0,0,0,8,8,0,0,0,0,0,0,0,0,0,0,0,0,0,0,0,0,0,0,0,0,0,0,0,0,0,0,0,0,0,0,0,0,0,0,0,0,0,0,0,0,0,0,0,0,0,0,0,0,0,0,0,0,0,0,0,0,0,0,0,0,0,0
Greensburg Police Department,2014-10-01,Pennsylvania,14606,PA06502,breakdown offenses,normal return,normal return,normal return,normal return,normal return,breakdown offenses,breakdown offenses,breakdown offenses,0,0,0,0,0,2,2,0,1,1,0,0,0,0,0,0,0,0,0,2,1,1,0,17,2,1,0,1,24,0,0,3,21,24,0,0,1,1,0,1,1,0,0,0,0,0,0,0,0,0,0,0,0,0,2,0,0,0,0,4,0,0,2,2,4,0,0,0,0,0,0,0,0,0,0,0,0,0,0,0,0,0,0,0,0,0,0,0,0,0,0,0,0,0,0,0,0,0,0,0,0,0,0,0,0,0,0,0,0,0,0,0,0,0,0,0,0,0,0,0,0,0,0,0,0,0,0
Greensburg Police Department,2014-09-01,Pennsylvania,14606,PA06502,breakdown offenses,normal return,normal return,normal return,normal return,normal return,breakdown offenses,breakdown offenses,breakdown offenses,0,0,1,0,0,0,0,0,0,0,0,0,0,8,0,3,0,4,1,2,2,0,0,29,0,0,0,0,39,0,7,7,31,38,0,0,0,0,0,0,0,0,0,0,8,0,3,0,4,1,2,2,0,0,6,0,0,0,0,16,0,7,7,8,15,0,0,0,0,0,0,0,0,0,0,0,0,0,0,0,0,0,0,0,0,1,0,0,0,0,1,0,0,0,1,1,0,0,0,0,0,0,0,0,0,0,0,0,0,0,0,0,0,0,0,0,0,0,0,0,0,0,0,0,0,0,0
Greensburg Police Department,2014-08-01,Pennsylvania,14606,PA06502,breakdown offenses,normal return,normal return,normal return,normal return,normal return,breakdown offenses,breakdown offenses,breakdown offenses,0,0,0,0,0,0,0,0,0,0,0,0,0,9,0,0,0,1,8,7,2,3,2,41,1,0,1,0,58,0,1,1,49,50,0,0,0,0,0,0,0,0,0,0,8,0,0,0,1,7,0,0,0,0,4,1,0,1,0,13,0,1,1,5,6,0,0,0,0,0,0,0,0,0,0,0,0,0,0,0,0,0,0,0,0,0,0,0,0,0,0,0,0,0,0,0,0,0,0,0,0,0,0,0,0,0,0,0,0,0,0,0,0,0,0,0,1,0,0,0,0,1,0,0,0,1,1
Greensburg Police Department,2014-07-01,Pennsylvania,14606,PA06502,breakdown offenses,normal return,normal return,normal return,normal return,normal return,breakdown offenses,breakdown offenses,breakdown offenses,0,0,0,0,0,0,0,0,0,0,0,0,0,5,0,1,0,4,0,1,1,0,0,34,1,1,0,0,41,0,5,5,36,41,0,0,0,0,0,0,0,0,0,0,5,0,1,0,4,0,0,0,0,0,8,1,1,0,0,14,0,5,5,9,14,0,0,0,0,0,0,0,0,0,0,0,0,0,0,0,0,0,0,0,0,0,0,0,0,0,0,0,0,0,0,0,0,0,0,0,0,0,0,0,0,0,0,0,0,0,0,0,0,0,0,0,0,0,0,0,0,0,0,0,0,0,0
Greensburg Police Department,2014-06-01,Pennsylvania,14606,PA06502,breakdown offenses,normal return,normal return,normal return,normal return,normal return,breakdown offenses,breakdown offenses,breakdown offenses,0,0,0,0,0,0,0,0,0,0,0,0,0,8,0,0,0,1,7,5,3,1,1,34,1,1,0,0,48,0,1,1,40,41,0,0,0,0,0,1,1,0,0,0,7,0,0,0,1,6,0,0,0,0,9,0,0,0,0,17,0,1,2,9,11,0,0,0,0,0,0,0,0,0,0,0,0,0,0,0,0,0,0,0,0,0,0,0,0,0,0,0,0,0,0,0,0,0,0,0,0,0,0,0,0,0,0,0,0,0,0,0,0,0,0,0,0,0,0,0,0,0,0,0,0,0,0
Greensburg Police Department,2014-05-01,Pennsylvania,14606,PA06502,breakdown offenses,adjustment,adjustment,adjustment,adjustment,adjustment,breakdown offenses,breakdown offenses,breakdown offenses,0,0,2,0,0,0,0,0,0,0,0,0,0,9,0,4,0,3,2,3,2,1,0,27,0,0,0,0,39,0,7,7,30,37,0,0,0,0,0,0,0,0,0,0,6,0,3,0,2,1,1,1,0,0,10,0,0,0,0,17,0,5,5,11,16,0,0,0,0,0,0,0,0,0,0,0,0,0,0,0,0,0,0,0,0,0,0,0,0,0,0,0,0,0,0,0,0,0,0,0,0,0,0,0,0,0,0,0,0,0,0,0,0,0,0,0,0,0,0,0,0,0,0,0,0,0,0
Greensburg Police Department,2014-04-01,Pennsylvania,14606,PA06502,breakdown offenses,adjustment,adjustment,adjustment,adjustment,adjustment,breakdown offenses,breakdown offenses,breakdown offenses,0,0,0,0,0,0,0,0,1,0,1,0,0,12,0,0,0,8,4,4,4,0,0,27,0,0,0,0,44,0,8,9,31,40,0,0,0,0,0,0,0,0,0,0,12,0,0,0,7,5,2,2,0,0,8,0,0,0,0,22,0,7,7,10,17,0,0,0,0,0,0,0,0,0,0,0,0,0,0,0,0,0,0,0,0,2,0,0,0,0,2,0,0,0,2,2,0,0,0,0,0,0,0,0,0,0,0,0,0,0,0,0,0,0,0,0,0,0,0,0,0,0,0,0,0,0,0
Greensburg Police Department,2014-03-01,Pennsylvania,14606,PA06502,breakdown offenses,adjustment,adjustment,adjustment,adjustment,adjustment,breakdown offenses,breakdown offenses,breakdown offenses,0,0,0,0,0,0,0,0,0,0,0,0,0,7,0,0,1,3,3,2,2,0,0,31,0,0,0,0,40,0,4,4,33,37,0,0,0,0,0,2,2,0,0,0,2,0,0,1,1,0,1,1,0,0,13,0,0,0,0,18,0,2,4,14,18,0,0,0,0,0,0,0,0,0,0,1,0,0,0,1,0,0,0,0,0,1,0,0,0,0,2,0,1,1,1,2,0,0,0,0,0,0,0,0,0,0,0,0,0,0,0,0,0,0,0,0,0,0,0,0,0,0,0,0,0,0,0
Greensburg Police Department,2014-02-01,Pennsylvania,14606,PA06502,breakdown offenses,adjustment,adjustment,adjustment,adjustment,adjustment,breakdown offenses,breakdown offenses,breakdown offenses,0,0,0,0,0,0,0,0,1,0,0,0,1,2,0,0,0,2,0,1,0,1,0,11,0,0,0,0,15,0,2,3,12,15,0,0,0,0,0,1,0,0,0,1,1,0,0,0,1,0,3,1,1,1,2,0,0,0,0,7,0,1,2,5,7,0,0,0,0,0,0,0,0,0,0,0,0,0,0,0,0,0,0,0,0,0,0,0,0,0,0,0,0,0,0,0,0,0,0,0,0,0,0,0,0,0,0,0,0,0,0,0,0,0,0,0,0,0,0,0,0,0,0,0,0,0,0
Greensburg Police Department,2014-01-01,Pennsylvania,14606,PA06502,breakdown offenses,adjustment,adjustment,adjustment,adjustment,adjustment,breakdown offenses,breakdown offenses,breakdown offenses,0,0,0,0,0,0,0,0,1,1,0,0,0,9,0,0,1,3,5,7,4,1,2,27,0,0,0,0,44,0,4,5,34,39,0,0,0,0,0,0,0,0,0,0,7,0,0,1,2,4,2,1,0,1,6,0,0,0,0,15,0,3,3,8,11,0,0,0,0,0,0,0,0,0,0,0,0,0,0,0,0,0,0,0,0,0,0,0,0,0,0,0,0,0,0,0,0,0,0,0,0,0,0,0,0,0,0,0,0,0,0,0,0,0,0,0,0,0,0,0,0,0,0,0,0,0,0
Greensburg Police Department,2013-12-01,Pennsylvania,14689,PA06502,breakdown offenses,adjustment,adjustment,adjustment,adjustment,adjustment,breakdown offenses,breakdown offenses,breakdown offenses,0,0,0,0,0,1,1,0,1,1,0,0,0,4,0,0,0,0,4,4,2,1,1,23,0,0,0,0,33,0,0,2,27,29,0,0,1,1,0,0,0,0,0,0,3,0,0,0,0,3,0,0,0,0,11,0,0,0,0,15,0,0,1,11,12,0,0,0,0,0,0,0,0,0,0,0,0,0,0,0,0,0,0,0,0,0,0,0,0,0,0,0,0,0,0,0,0,0,0,0,0,0,0,0,0,0,0,0,0,0,0,0,0,0,0,0,0,0,0,0,0,0,0,0,0,0,0
Greensburg Police Department,2013-11-01,Pennsylvania,14689,PA06502,breakdown offenses,adjustment,adjustment,adjustment,adjustment,adjustment,breakdown offenses,breakdown offenses,breakdown offenses,0,0,0,0,0,0,0,0,1,1,0,0,0,8,1,0,0,0,7,4,3,1,0,22,0,0,0,0,35,0,1,2,26,28,0,0,0,0,0,0,0,0,0,0,5,1,0,0,0,4,0,0,0,0,6,0,0,0,0,11,0,1,1,6,7,0,0,0,0,0,0,0,0,0,0,0,0,0,0,0,0,0,0,0,0,1,0,0,0,0,1,0,0,0,1,1,0,0,0,0,0,0,0,0,0,0,0,0,0,0,0,0,0,0,0,0,0,0,0,0,0,0,0,0,0,0,0
Greensburg Police Department,2013-10-01,Pennsylvania,14689,PA06502,breakdown offenses,adjustment,adjustment,adjustment,adjustment,adjustment,breakdown offenses,breakdown offenses,breakdown offenses,0,0,0,0,0,0,0,0,0,0,0,0,0,5,0,0,0,1,4,3,1,1,1,23,1,1,0,0,32,0,1,1,27,28,0,0,0,0,0,0,0,0,0,0,3,0,0,0,1,2,0,0,0,0,6,0,0,0,0,9,0,1,1,6,7,0,0,0,0,0,0,0,0,0,0,0,0,0,0,0,0,0,0,0,0,0,0,0,0,0,0,0,0,0,0,0,0,0,0,0,0,0,0,0,0,0,0,0,0,0,0,0,0,0,0,0,0,0,0,0,0,0,0,0,0,0,0
Greensburg Police Department,2013-09-01,Pennsylvania,14689,PA06502,breakdown offenses,adjustment,adjustment,adjustment,adjustment,adjustment,breakdown offenses,breakdown offenses,breakdown offenses,0,0,0,0,0,1,1,0,0,0,0,0,0,4,0,0,0,0,4,6,4,2,0,34,0,0,0,0,45,0,0,1,40,41,0,0,1,1,0,0,0,0,0,0,4,0,0,0,0,4,4,3,1,0,5,0,0,0,0,14,0,0,1,9,10,0,0,0,0,0,0,0,0,0,0,1,0,0,0,0,1,0,0,0,0,0,0,0,0,0,1,0,0,0,0,0,0,0,0,0,0,0,0,0,0,0,0,0,0,0,0,0,0,0,0,0,0,0,0,0,0,0,0,0,0,0,0
Greensburg Police Department,2013-08-01,Pennsylvania,14689,PA06502,breakdown offenses,adjustment,adjustment,adjustment,adjustment,adjustment,breakdown offenses,breakdown offenses,breakdown offenses,0,0,0,0,0,1,0,1,1,0,0,0,1,9,0,0,0,0,9,6,6,0,0,23,0,0,0,0,40,0,0,2,29,31,0,0,1,0,1,0,0,0,0,0,9,0,0,0,0,9,1,1,0,0,8,0,0,0,0,19,0,0,1,9,10,0,0,0,0,0,0,0,0,0,0,1,0,0,0,0,1,0,0,0,0,0,0,0,0,0,1,0,0,0,0,0,0,0,0,0,0,0,0,0,0,0,0,0,0,0,0,0,0,0,0,0,0,0,0,0,0,0,0,0,0,0,0
Greensburg Police Department,2013-07-01,Pennsylvania,14689,PA06502,breakdown offenses,adjustment,adjustment,adjustment,adjustment,adjustment,breakdown offenses,breakdown offenses,breakdown offenses,0,0,0,0,0,0,0,0,0,0,0,0,0,16,0,0,0,2,14,6,3,2,1,22,0,0,0,0,44,0,2,2,28,30,0,0,0,0,0,0,0,0,0,0,10,0,0,0,0,10,0,0,0,0,7,0,0,0,0,17,0,0,0,7,7,0,0,0,0,0,0,0,0,0,0,1,0,0,0,0,1,0,0,0,0,0,0,0,0,0,1,0,0,0,0,0,0,0,0,0,0,0,0,0,0,0,0,0,0,0,0,0,1,0,0,1,0,0,0,0,0,1,0,0,0,1,1
Greensburg Police Department,2013-06-01,Pennsylvania,14689,PA06502,breakdown offenses,adjustment,adjustment,adjustment,adjustment,adjustment,breakdown offenses,breakdown offenses,breakdown offenses,0,0,0,0,0,0,0,0,1,0,0,0,1,7,0,0,0,2,5,2,2,0,0,38,0,0,0,0,48,0,2,3,40,43,0,0,0,0,0,0,0,0,0,0,7,0,0,0,1,6,0,0,0,0,5,0,0,0,0,12,0,1,1,5,6,0,0,0,0,0,0,0,0,0,0,1,0,0,0,0,1,0,0,0,0,0,0,0,0,0,1,0,0,0,0,0,0,0,0,0,0,0,0,0,0,0,0,0,0,0,0,0,1,1,0,0,1,1,0,0,1,3,0,0,0,3,3
Greensburg Police Department,2013-05-01,Pennsylvania,14689,PA06502,breakdown offenses,adjustment,adjustment,adjustment,adjustment,adjustment,breakdown offenses,breakdown offenses,breakdown offenses,0,0,0,0,0,0,0,0,0,0,0,0,0,4,0,0,0,1,3,3,2,1,0,29,0,0,0,0,36,0,1,1,32,33,0,0,0,0,0,0,0,0,0,0,2,0,2,0,0,0,0,0,0,0,4,0,0,0,0,6,0,2,2,4,6,0,0,0,0,0,0,0,0,0,0,0,0,0,0,0,0,0,0,0,0,0,0,0,0,0,0,0,0,0,0,0,0,0,0,0,0,0,0,0,0,0,0,0,0,0,0,0,0,0,0,0,0,0,0,0,0,0,0,0,0,0,0
Greensburg Police Department,2013-04-01,Pennsylvania,14689,PA06502,breakdown offenses,adjustment,adjustment,adjustment,adjustment,adjustment,breakdown offenses,breakdown offenses,breakdown offenses,0,0,0,0,0,0,0,0,0,0,0,0,0,5,0,3,0,0,2,3,2,0,1,20,0,0,0,0,28,0,3,3,23,26,0,0,0,0,0,0,0,0,0,0,5,0,1,0,1,3,1,0,0,1,7,0,0,0,0,13,0,2,2,8,10,0,0,0,0,0,0,0,0,0,0,1,0,1,0,0,0,0,0,0,0,0,0,0,0,0,1,0,1,1,0,1,0,0,0,0,0,0,0,0,0,0,0,0,0,0,0,0,0,0,0,0,0,0,0,0,0,0,0,0,0,0,0
Greensburg Police Department,2013-03-01,Pennsylvania,14689,PA06502,breakdown offenses,adjustment,adjustment,adjustment,adjustment,adjustment,breakdown offenses,breakdown offenses,breakdown offenses,0,0,0,0,0,0,0,0,0,0,0,0,0,8,0,0,0,1,7,1,1,0,0,15,1,1,0,0,25,0,1,1,17,18,0,0,0,0,0,0,0,0,0,0,5,0,0,0,0,5,0,0,0,0,6,1,1,0,0,12,0,0,0,7,7,0,0,0,0,0,0,0,0,0,0,0,0,0,0,0,0,0,0,0,0,0,0,0,0,0,0,0,0,0,0,0,0,0,0,0,0,0,0,0,0,0,0,0,0,0,0,0,0,0,0,0,0,0,0,0,0,0,0,0,0,0,0
Greensburg Police Department,2013-02-01,Pennsylvania,14689,PA06502,breakdown offenses,adjustment,adjustment,adjustment,adjustment,adjustment,breakdown offenses,breakdown offenses,breakdown offenses,0,0,1,0,0,0,0,0,0,0,0,0,0,8,1,1,0,2,4,6,2,3,1,11,0,0,0,0,25,0,4,4,17,21,0,0,0,0,0,0,0,0,0,0,9,1,1,1,2,4,2,1,0,1,3,0,0,0,0,14,0,5,5,5,10,0,0,0,0,0,0,0,0,0,0,0,0,0,0,0,0,0,0,0,0,0,0,0,0,0,0,0,0,0,0,0,0,0,0,0,0,0,0,0,0,0,0,0,0,0,0,0,0,0,0,0,0,0,0,0,0,0,0,0,0,0,0
Greensburg Police Department,2013-01-01,Pennsylvania,14689,PA06502,breakdown offenses,adjustment,adjustment,adjustment,adjustment,adjustment,breakdown offenses,breakdown offenses,breakdown offenses,0,0,2,0,0,1,1,0,0,0,0,0,0,9,0,0,1,2,6,6,4,2,0,22,0,0,0,0,38,0,3,4,28,32,0,0,0,0,0,0,0,0,0,0,8,0,0,0,2,6,2,2,0,0,6,1,1,0,0,17,0,2,2,9,11,0,0,0,0,0,0,0,0,0,0,0,0,0,0,0,0,0,0,0,0,1,0,0,0,0,1,0,0,0,1,1,0,0,0,0,0,0,0,0,0,0,0,0,0,0,0,0,0,0,0,0,0,0,0,0,0,0,0,0,0,0,0
Greensburg Police Department,2012-12-01,Pennsylvania,14889,PA06502,breakdown offenses,adjustment,adjustment,adjustment,adjustment,adjustment,breakdown offenses,breakdown offenses,breakdown offenses,0,0,0,0,0,0,0,0,0,0,0,0,0,4,0,0,1,2,1,2,0,2,0,21,1,1,0,0,28,0,3,3,24,27,0,0,0,0,0,0,0,0,0,0,2,0,0,1,0,1,0,0,0,0,2,0,0,0,0,4,0,1,1,2,3,0,0,0,0,0,0,0,0,0,0,0,0,0,0,0,0,0,0,0,0,0,0,0,0,0,0,0,0,0,0,0,0,0,0,0,0,0,0,0,0,0,0,0,0,0,0,0,0,0,0,0,0,0,0,0,0,0,0,0,0,0,0
Greensburg Police Department,2012-11-01,Pennsylvania,14889,PA06502,breakdown offenses,adjustment,adjustment,adjustment,adjustment,adjustment,breakdown offenses,breakdown offenses,breakdown offenses,0,0,0,0,0,0,0,0,0,0,0,0,0,2,0,0,0,0,2,1,0,1,0,24,1,1,0,0,28,0,0,0,26,26,0,0,0,0,0,0,0,0,0,0,2,0,0,0,1,1,0,0,0,0,5,0,0,0,0,7,0,1,1,5,6,0,0,0,0,0,0,0,0,0,0,0,0,0,0,0,0,0,0,0,0,1,0,0,0,0,1,0,0,0,1,1,0,0,0,0,0,0,0,0,0,0,0,0,0,0,0,0,0,0,0,0,0,0,0,0,0,0,0,0,0,0,0
Greensburg Police Department,2012-10-01,Pennsylvania,14889,PA06502,breakdown offenses,adjustment,adjustment,adjustment,adjustment,adjustment,breakdown offenses,breakdown offenses,breakdown offenses,0,0,1,0,0,0,0,0,0,0,0,0,0,3,0,0,0,3,0,3,2,0,1,21,0,0,0,0,27,0,3,3,24,27,0,0,0,0,0,0,0,0,0,0,4,0,0,0,3,1,1,1,0,0,4,0,0,0,0,9,0,3,3,5,8,0,0,0,0,0,0,0,0,0,0,0,0,0,0,0,0,1,1,0,0,0,0,0,0,0,1,0,0,0,1,1,0,0,0,0,0,0,0,0,0,0,0,0,0,0,0,0,0,0,0,0,0,0,0,0,0,0,0,0,0,0,0
Greensburg Police Department,2012-09-01,Pennsylvania,14889,PA06502,breakdown offenses,adjustment,adjustment,adjustment,adjustment,adjustment,breakdown offenses,breakdown offenses,breakdown offenses,0,0,0,0,0,0,0,0,0,0,0,0,0,9,0,3,0,1,5,1,0,0,1,38,0,0,0,0,48,0,4,4,39,43,0,0,0,0,0,0,0,0,0,0,8,0,2,0,0,6,0,0,0,0,5,0,0,0,0,13,0,2,2,5,7,0,0,0,0,0,0,0,0,0,0,1,0,0,0,0,1,0,0,0,0,0,0,0,0,0,1,0,0,0,0,0,0,0,0,0,0,0,0,0,0,0,0,0,0,0,0,0,0,0,0,0,0,0,0,0,0,0,0,0,0,0,0
Greensburg Police Department,2012-08-01,Pennsylvania,14889,PA06502,breakdown offenses,adjustment,adjustment,adjustment,adjustment,adjustment,breakdown offenses,breakdown offenses,breakdown offenses,0,0,0,0,0,0,0,0,1,0,0,0,1,10,0,0,0,0,10,4,2,2,0,32,2,1,0,1,49,0,0,1,38,39,0,0,0,0,0,1,0,0,0,1,3,0,0,0,0,3,0,0,0,0,7,0,0,0,0,11,0,0,1,7,8,0,0,0,0,0,0,0,0,0,0,0,0,0,0,0,0,0,0,0,0,0,0,0,0,0,0,0,0,0,0,0,0,0,0,0,0,0,0,0,0,0,0,0,0,0,0,0,0,0,0,0,0,0,0,0,0,0,0,0,0,0,0
Greensburg Police Department,2012-07-01,Pennsylvania,14889,PA06502,breakdown offenses,adjustment,adjustment,adjustment,adjustment,adjustment,breakdown offenses,breakdown offenses,breakdown offenses,0,0,0,0,0,0,0,0,3,2,0,0,1,10,0,0,0,1,9,1,1,0,0,26,0,0,0,0,40,0,1,4,27,31,0,0,0,0,0,1,1,0,0,0,10,0,0,0,1,9,1,1,0,0,6,1,1,0,0,19,0,1,2,8,10,0,0,0,0,0,0,0,0,0,0,1,0,0,0,0,1,0,0,0,0,1,0,0,0,0,2,0,0,0,1,1,0,0,0,0,0,0,0,0,0,0,0,0,0,0,0,0,0,0,0,0,0,0,0,0,0,0,0,0,0,0,0
Greensburg Police Department,2012-06-01,Pennsylvania,14889,PA06502,breakdown offenses,adjustment,adjustment,adjustment,adjustment,adjustment,breakdown offenses,breakdown offenses,breakdown offenses,0,0,0,0,0,0,0,0,3,2,0,0,1,4,0,0,0,1,3,9,7,1,1,33,0,0,0,0,49,0,1,4,42,46,0,0,0,0,0,1,0,0,0,1,4,0,0,0,1,3,3,3,0,0,6,0,0,0,0,14,0,1,2,9,11,0,0,0,0,0,0,0,0,0,0,0,0,0,0,0,0,0,0,0,0,1,0,0,0,0,1,0,0,0,1,1,0,0,0,0,0,0,0,0,0,0,0,0,0,0,0,0,0,0,0,0,0,0,0,0,0,0,0,0,0,0,0
Greensburg Police Department,2012-05-01,Pennsylvania,14889,PA06502,breakdown offenses,adjustment,adjustment,adjustment,adjustment,adjustment,breakdown offenses,breakdown offenses,breakdown offenses,0,0,0,0,0,0,0,0,0,0,0,0,0,4,0,0,0,0,4,3,2,1,0,27,1,0,0,1,35,0,0,0,31,31,0,0,0,0,0,0,0,0,0,0,5,0,0,0,0,5,0,0,0,0,8,1,0,0,1,14,0,0,0,9,9,0,0,0,0,0,0,0,0,0,0,1,0,0,0,0,1,0,0,0,0,0,0,0,0,0,1,0,0,0,0,0,0,0,0,0,0,0,0,0,0,0,0,0,0,0,0,0,0,0,0,0,0,0,0,0,0,0,0,0,0,0,0
Greensburg Police Department,2012-04-01,Pennsylvania,14889,PA06502,breakdown offenses,adjustment,adjustment,adjustment,adjustment,adjustment,breakdown offenses,breakdown offenses,breakdown offenses,0,0,0,0,0,0,0,0,0,0,0,0,0,9,0,1,0,0,8,2,0,2,0,18,2,1,0,1,31,0,1,1,22,23,0,0,0,0,0,0,0,0,0,0,9,0,1,0,0,8,0,0,0,0,8,0,0,0,0,17,0,1,1,8,9,0,0,0,0,0,0,0,0,0,0,0,0,0,0,0,0,0,0,0,0,0,0,0,0,0,0,0,0,0,0,0,0,0,0,0,0,0,0,0,0,0,0,0,0,0,0,0,0,0,0,0,0,0,0,0,0,0,0,0,0,0,0
Greensburg Police Department,2012-03-01,Pennsylvania,14889,PA06502,breakdown offenses,adjustment,adjustment,adjustment,adjustment,adjustment,breakdown offenses,breakdown offenses,breakdown offenses,0,0,0,0,0,0,0,0,0,0,0,0,0,9,0,0,0,4,5,5,2,3,0,28,0,0,0,0,42,0,4,4,33,37,0,0,0,0,0,0,0,0,0,0,8,0,0,0,4,4,0,0,0,0,6,0,0,0,0,14,0,4,4,6,10,0,0,0,0,0,0,0,0,0,0,0,0,0,0,0,0,0,0,0,0,0,0,0,0,0,0,0,0,0,0,0,0,0,0,0,0,0,0,0,0,0,0,0,0,0,0,0,0,0,0,0,0,0,0,0,0,0,0,0,0,0,0
Greensburg Police Department,2012-02-01,Pennsylvania,14889,PA06502,breakdown offenses,adjustment,adjustment,adjustment,adjustment,adjustment,breakdown offenses,breakdown offenses,breakdown offenses,0,0,0,0,0,1,1,0,0,0,0,0,0,8,0,0,0,0,8,5,2,3,0,24,0,0,0,0,38,0,0,1,29,30,0,0,1,1,0,0,0,0,0,0,8,0,0,0,0,8,0,0,0,0,12,0,0,0,0,21,0,0,1,12,13,0,0,0,0,0,0,0,0,0,0,0,0,0,0,0,0,0,0,0,0,2,0,0,0,0,2,0,0,0,2,2,0,0,0,0,0,0,0,0,0,0,0,0,0,0,0,0,0,0,0,0,0,0,0,0,0,0,0,0,0,0,0
Greensburg Police Department,2012-01-01,Pennsylvania,14889,PA06502,breakdown offenses,adjustment,adjustment,adjustment,adjustment,adjustment,breakdown offenses,breakdown offenses,breakdown offenses,0,0,0,0,0,0,0,0,1,0,0,0,1,6,0,0,0,0,6,5,1,2,2,17,0,0,0,0,29,0,0,1,22,23,0,0,0,0,0,0,0,0,0,0,6,0,0,0,0,6,4,1,3,0,7,0,0,0,0,17,0,0,0,11,11,0,0,0,0,0,0,0,0,0,0,0,0,0,0,0,0,0,0,0,0,0,0,0,0,0,0,0,0,0,0,0,0,0,0,0,0,0,0,0,0,0,0,0,0,0,0,0,0,0,0,0,0,0,0,0,0,0,0,0,0,0,0
Greensburg Police Department,2011-12-01,Pennsylvania,14939,PA06502,breakdown offenses,adjustment,adjustment,adjustment,adjustment,adjustment,breakdown offenses,breakdown offenses,breakdown offenses,0,0,0,0,0,0,0,0,2,2,0,0,0,5,0,0,0,2,3,6,2,4,0,33,0,0,0,0,46,0,2,4,39,43,0,0,0,0,0,2,2,0,0,0,4,0,0,0,2,2,1,1,0,0,5,0,0,0,0,12,0,2,4,6,10,0,0,0,0,0,0,0,0,0,0,0,0,0,0,0,0,0,0,0,0,0,0,0,0,0,0,0,0,0,0,0,0,0,0,0,0,0,0,0,0,0,0,0,0,0,0,0,0,0,0,0,0,0,0,0,0,0,0,0,0,0,0
Greensburg Police Department,2011-11-01,Pennsylvania,14939,PA06502,breakdown offenses,adjustment,adjustment,adjustment,adjustment,adjustment,breakdown offenses,breakdown offenses,breakdown offenses,0,0,0,0,0,0,0,0,0,0,0,0,0,9,0,0,0,1,8,4,3,1,0,21,0,0,0,0,34,0,1,1,25,26,0,0,0,0,0,0,0,0,0,0,11,0,0,0,1,10,1,1,0,0,5,0,0,0,0,17,0,1,1,6,7,0,0,0,0,0,0,0,0,0,0,1,0,0,0,0,1,0,0,0,0,0,0,0,0,0,1,0,0,0,0,0,0,0,0,0,0,0,0,0,0,0,0,0,0,0,0,0,0,0,0,0,0,0,0,0,0,0,0,0,0,0,0
Greensburg Police Department,2011-10-01,Pennsylvania,14939,PA06502,breakdown offenses,adjustment,adjustment,adjustment,adjustment,adjustment,breakdown offenses,breakdown offenses,breakdown offenses,0,0,0,0,0,0,0,0,0,0,0,0,0,9,0,0,0,1,8,7,2,4,1,29,0,0,0,0,45,0,1,1,36,37,0,0,0,0,0,0,0,0,0,0,7,0,0,0,1,6,1,1,0,0,7,0,0,0,0,15,0,1,1,8,9,0,0,0,0,0,0,0,0,0,0,0,0,0,0,0,0,0,0,0,0,1,0,0,0,0,1,0,0,0,1,1,0,0,0,0,0,0,0,0,0,0,0,0,0,0,0,0,0,0,0,0,0,0,0,0,0,0,0,0,0,0,0
Greensburg Police Department,2011-09-01,Pennsylvania,14939,PA06502,breakdown offenses,adjustment,adjustment,adjustment,adjustment,adjustment,breakdown offenses,breakdown offenses,breakdown offenses,0,0,1,0,0,2,2,0,0,0,0,0,0,10,0,0,2,3,5,2,1,1,0,35,0,0,0,0,49,0,5,7,37,44,0,0,1,1,0,1,0,0,0,1,10,0,0,2,3,5,1,0,1,0,8,0,0,0,0,21,0,5,7,9,16,0,0,0,0,0,0,0,0,0,0,0,0,0,0,0,0,0,0,0,0,0,0,0,0,0,0,0,0,0,0,0,0,0,0,0,0,0,0,0,0,0,0,0,0,0,0,0,0,0,0,0,0,0,0,0,0,0,0,0,0,0,0
Greensburg Police Department,2011-08-01,Pennsylvania,14939,PA06502,breakdown offenses,adjustment,adjustment,adjustment,adjustment,adjustment,breakdown offenses,breakdown offenses,breakdown offenses,0,0,0,0,0,1,1,0,0,0,0,0,0,9,0,0,0,3,6,4,2,2,0,29,3,1,0,2,46,0,3,4,36,40,0,0,1,1,0,0,0,0,0,0,8,0,0,0,2,6,1,1,0,0,9,2,1,0,1,21,0,2,3,12,15,0,0,0,0,0,0,0,0,0,0,0,0,0,0,0,0,0,0,0,0,0,0,0,0,0,0,0,0,0,0,0,0,0,0,0,0,0,0,0,0,0,0,0,0,0,0,0,0,0,0,0,0,0,0,0,0,0,0,0,0,0,0
Greensburg Police Department,2011-07-01,Pennsylvania,14939,PA06502,breakdown offenses,adjustment,adjustment,adjustment,adjustment,adjustment,breakdown offenses,breakdown offenses,breakdown offenses,0,0,0,0,0,1,1,0,1,0,0,0,1,8,0,1,0,0,7,5,4,0,1,21,2,0,1,1,38,0,1,3,28,31,0,0,1,1,0,0,0,0,0,0,7,0,1,0,0,6,0,0,0,0,8,0,0,0,0,16,0,1,2,8,10,0,0,0,0,0,0,0,0,0,0,0,0,0,0,0,0,0,0,0,0,0,0,0,0,0,0,0,0,0,0,0,0,0,0,0,0,0,0,0,0,0,0,0,0,0,0,0,0,0,0,0,0,0,0,0,0,0,0,0,0,0,0
Greensburg Police Department,2011-06-01,Pennsylvania,14939,PA06502,breakdown offenses,adjustment,adjustment,adjustment,adjustment,adjustment,breakdown offenses,breakdown offenses,breakdown offenses,0,0,0,0,0,0,0,0,2,0,0,0,2,8,0,0,1,1,6,4,2,2,0,26,0,0,0,0,40,0,2,4,30,34,0,0,0,0,0,2,0,0,0,2,4,0,0,0,1,3,0,0,0,0,7,0,0,0,0,13,0,1,3,7,10,0,0,0,0,0,0,0,0,0,0,2,0,0,0,0,2,0,0,0,0,0,0,0,0,0,2,0,0,0,0,0,0,0,0,0,0,0,0,0,0,0,0,0,0,0,0,0,0,0,0,0,0,0,0,0,0,0,0,0,0,0,0
Greensburg Police Department,2011-05-01,Pennsylvania,14939,PA06502,breakdown offenses,adjustment,adjustment,adjustment,adjustment,adjustment,breakdown offenses,breakdown offenses,breakdown offenses,0,0,1,0,0,0,0,0,0,0,0,0,0,9,0,0,1,3,5,9,4,5,0,28,2,1,0,1,48,0,4,4,39,43,0,0,0,0,0,0,0,0,0,0,9,0,0,1,3,5,1,1,0,0,9,0,0,0,0,19,0,4,4,10,14,0,0,0,0,0,0,0,0,0,0,0,0,0,0,0,0,0,0,0,0,0,0,0,0,0,0,0,0,0,0,0,0,0,0,0,0,0,0,0,0,0,0,0,0,0,0,0,0,0,0,0,0,0,0,0,0,0,0,0,0,0,0
Greensburg Police Department,2011-04-01,Pennsylvania,14939,PA06502,breakdown offenses,adjustment,adjustment,adjustment,adjustment,adjustment,breakdown offenses,breakdown offenses,breakdown offenses,0,0,0,0,0,0,0,0,2,0,0,0,2,6,0,0,0,2,4,2,1,0,1,20,0,0,0,0,30,0,2,4,22,26,0,0,0,0,0,2,0,0,0,2,7,0,0,0,2,5,1,1,0,0,10,0,0,0,0,20,0,2,4,11,15,0,0,0,0,0,0,0,0,0,0,0,0,0,0,0,0,0,0,0,0,0,0,0,0,0,0,0,0,0,0,0,0,0,0,0,0,0,0,0,0,0,0,0,0,0,0,0,0,0,0,0,0,0,0,0,0,0,0,0,0,0,0
Greensburg Police Department,2011-03-01,Pennsylvania,14939,PA06502,breakdown offenses,adjustment,adjustment,adjustment,adjustment,adjustment,breakdown offenses,breakdown offenses,breakdown offenses,0,0,0,0,0,0,0,0,0,0,0,0,0,6,0,0,0,0,6,3,1,2,0,27,1,1,0,0,37,0,0,0,31,31,0,0,0,0,0,1,1,0,0,0,6,0,0,0,0,6,0,0,0,0,9,1,1,0,0,17,0,0,1,10,11,0,0,0,0,0,0,0,0,0,0,1,0,0,0,0,1,0,0,0,0,0,0,0,0,0,1,0,0,0,0,0,0,0,0,0,0,0,0,0,0,0,0,0,0,0,0,0,0,0,0,0,0,0,0,0,0,0,0,0,0,0,0
Greensburg Police Department,2011-02-01,Pennsylvania,14939,PA06502,breakdown offenses,adjustment,adjustment,adjustment,adjustment,adjustment,breakdown offenses,breakdown offenses,breakdown offenses,0,0,1,0,0,0,0,0,0,0,0,0,0,5,0,0,0,1,4,4,4,0,0,29,3,3,0,0,41,0,1,1,36,37,0,0,0,0,0,0,0,0,0,0,4,0,0,0,1,3,0,0,0,0,10,0,0,0,0,14,0,1,1,10,11,0,0,0,0,0,0,0,0,0,0,0,0,0,0,0,0,0,0,0,0,1,0,0,0,0,1,0,0,0,1,1,0,0,0,0,0,0,0,0,0,0,0,0,0,0,0,0,0,0,0,0,0,0,0,0,0,0,0,0,0,0,0
Greensburg Police Department,2011-01-01,Pennsylvania,14939,PA06502,breakdown offenses,adjustment,adjustment,adjustment,adjustment,adjustment,breakdown offenses,breakdown offenses,breakdown offenses,0,0,0,0,0,0,0,0,0,0,0,0,0,6,1,0,1,1,3,7,3,3,1,19,0,0,0,0,32,0,3,3,26,29,0,0,0,0,0,1,1,0,0,0,8,1,1,1,1,4,0,0,0,0,3,0,0,0,0,12,0,4,5,3,8,0,0,0,0,0,0,0,0,0,0,0,0,0,0,0,0,0,0,0,0,0,0,0,0,0,0,0,0,0,0,0,0,0,0,0,0,0,0,0,0,0,0,0,0,0,0,0,0,0,0,0,0,0,0,0,0,0,0,0,0,0,0
Greensburg Police Department,2010-12-01,Pennsylvania,14892,PA06502,breakdown offenses,adjustment,adjustment,adjustment,adjustment,adjustment,breakdown offenses,breakdown offenses,breakdown offenses,0,0,1,0,0,0,0,0,0,0,0,0,0,9,0,0,1,2,6,3,3,0,0,22,0,0,0,0,34,0,3,3,25,28,0,0,0,0,0,0,0,0,0,0,9,0,0,1,3,5,0,0,0,0,5,0,0,0,0,14,0,4,4,5,9,0,0,0,0,0,0,0,0,0,0,1,0,0,0,0,1,0,0,0,0,0,0,0,0,0,1,0,0,0,0,0,0,0,0,0,0,0,0,0,0,0,0,0,0,0,0,0,0,0,0,0,1,0,0,0,0,1,0,0,0,1,1
Greensburg Police Department,2010-11-01,Pennsylvania,14892,PA06502,breakdown offenses,adjustment,adjustment,adjustment,adjustment,adjustment,breakdown offenses,breakdown offenses,breakdown offenses,0,0,0,0,0,0,0,0,1,0,0,0,1,11,0,2,2,2,5,1,1,0,0,26,1,0,0,1,40,0,6,7,28,35,0,0,0,0,0,1,0,0,0,1,9,0,2,2,1,4,0,0,0,0,7,0,0,0,0,17,0,5,6,7,13,0,0,0,0,0,0,0,0,0,0,0,0,0,0,0,0,0,0,0,0,0,0,0,0,0,0,0,0,0,0,0,0,0,0,0,0,0,0,0,0,0,0,0,0,0,0,0,0,0,0,0,0,0,0,0,0,0,0,0,0,0,0
Greensburg Police Department,2010-10-01,Pennsylvania,14892,PA06502,breakdown offenses,adjustment,adjustment,adjustment,adjustment,adjustment,breakdown offenses,breakdown offenses,breakdown offenses,0,0,0,0,0,0,0,0,0,0,0,0,0,11,0,0,0,3,8,3,1,0,2,29,3,3,0,0,46,0,3,3,35,38,0,0,0,0,0,0,0,0,0,0,8,0,0,0,1,7,1,1,0,0,5,0,0,0,0,14,0,1,1,6,7,0,0,0,0,0,0,0,0,0,0,0,0,0,0,0,0,0,0,0,0,0,0,0,0,0,0,0,0,0,0,0,0,0,0,0,0,0,0,0,0,0,0,0,0,0,0,0,0,0,0,0,0,0,0,0,0,0,0,0,0,0,0
Greensburg Police Department,2010-09-01,Pennsylvania,14892,PA06502,breakdown offenses,adjustment,adjustment,adjustment,adjustment,adjustment,breakdown offenses,breakdown offenses,breakdown offenses,0,0,1,0,0,0,0,0,1,0,0,0,1,7,0,0,1,2,4,6,3,3,0,34,1,0,0,1,49,0,3,4,41,45,0,0,0,0,0,1,0,0,0,1,9,0,0,1,2,6,3,2,1,0,6,0,0,0,0,19,0,3,4,9,13,0,0,0,0,0,0,0,0,0,0,0,0,0,0,0,0,0,0,0,0,0,0,0,0,0,0,0,0,0,0,0,0,0,0,0,0,0,0,0,0,0,0,0,0,0,0,0,0,0,0,0,0,0,0,0,0,0,0,0,0,0,0
Greensburg Police Department,2010-08-01,Pennsylvania,14892,PA06502,breakdown offenses,adjustment,adjustment,adjustment,adjustment,adjustment,breakdown offenses,breakdown offenses,breakdown offenses,0,0,0,0,0,0,0,0,1,1,0,0,0,5,0,0,0,2,3,18,12,3,3,24,0,0,0,0,48,0,2,3,42,45,0,0,0,0,0,0,0,0,0,0,3,0,0,0,0,3,14,12,0,2,7,0,0,0,0,24,0,0,0,21,21,0,0,0,0,0,0,0,0,0,0,0,0,0,0,0,0,0,0,0,0,0,0,0,0,0,0,0,0,0,0,0,0,0,0,0,0,0,0,0,0,0,0,0,0,0,0,0,0,0,0,0,0,0,0,0,0,0,0,0,0,0,0
Greensburg Police Department,2010-07-01,Pennsylvania,14892,PA06502,breakdown offenses,adjustment,adjustment,adjustment,adjustment,adjustment,breakdown offenses,breakdown offenses,breakdown offenses,0,0,0,0,0,0,0,0,0,0,0,0,0,6,1,0,0,0,5,9,8,1,0,32,1,0,1,0,48,0,1,1,42,43,0,0,0,0,0,0,0,0,0,0,5,1,0,0,0,4,2,2,0,0,8,0,0,0,0,15,0,1,1,10,11,0,0,0,0,0,0,0,0,0,0,0,0,0,0,0,0,0,0,0,0,0,0,0,0,0,0,0,0,0,0,0,0,0,0,0,0,0,0,0,0,0,0,0,0,0,0,0,0,0,0,0,0,0,0,0,0,0,0,0,0,0,0
Greensburg Police Department,2010-06-01,Pennsylvania,14892,PA06502,breakdown offenses,adjustment,adjustment,adjustment,adjustment,adjustment,breakdown offenses,breakdown offenses,breakdown offenses,0,0,0,0,0,0,0,0,0,0,0,0,0,11,0,1,0,0,10,5,5,0,0,44,0,0,0,0,60,0,1,1,49,50,0,0,0,0,0,0,0,0,0,0,7,0,0,0,0,7,0,0,0,0,11,0,0,0,0,18,0,0,0,11,11,0,0,0,0,0,0,0,0,0,0,2,0,0,0,0,2,0,0,0,0,0,0,0,0,0,2,0,0,0,0,0,0,0,0,0,0,0,0,0,0,0,0,0,0,0,0,0,0,0,0,0,0,0,0,0,0,0,0,0,0,0,0
Greensburg Police Department,2010-05-01,Pennsylvania,14892,PA06502,breakdown offenses,adjustment,adjustment,adjustment,adjustment,adjustment,breakdown offenses,breakdown offenses,breakdown offenses,0,0,0,0,0,0,0,0,0,0,0,0,0,10,0,0,0,1,9,8,5,3,0,35,1,1,0,0,54,0,1,1,44,45,0,0,0,0,0,0,0,0,0,0,8,0,0,0,0,8,4,4,0,0,7,0,0,0,0,19,0,0,0,11,11,0,0,0,0,0,0,0,0,0,0,0,0,0,0,0,0,0,0,0,0,0,0,0,0,0,0,0,0,0,0,0,0,0,0,0,0,0,0,0,0,0,0,0,0,0,0,0,0,0,0,0,0,0,0,0,0,0,0,0,0,0,0
Greensburg Police Department,2010-04-01,Pennsylvania,14892,PA06502,breakdown offenses,adjustment,adjustment,adjustment,adjustment,adjustment,breakdown offenses,breakdown offenses,breakdown offenses,0,0,0,0,0,0,0,0,2,1,0,0,1,0,0,0,0,0,0,1,1,0,0,29,0,0,0,0,32,0,0,2,30,32,0,0,0,0,0,1,0,0,0,1,0,0,0,0,0,0,1,1,0,0,7,0,0,0,0,9,0,0,1,8,9,0,0,0,0,0,0,0,0,0,0,0,0,0,0,0,0,0,0,0,0,0,0,0,0,0,0,0,0,0,0,0,0,0,0,0,0,0,0,0,0,0,0,0,0,0,0,0,0,0,0,0,0,0,0,0,0,0,0,0,0,0,0
Greensburg Police Department,2010-03-01,Pennsylvania,14892,PA06502,breakdown offenses,adjustment,adjustment,adjustment,adjustment,adjustment,breakdown offenses,breakdown offenses,breakdown offenses,0,0,0,0,0,1,1,0,0,0,0,0,0,5,0,0,0,0,5,5,4,0,1,38,0,0,0,0,49,0,0,1,43,44,0,0,1,1,0,0,0,0,0,0,7,0,0,0,0,7,0,0,0,0,7,0,0,0,0,15,0,0,1,7,8,0,0,0,0,0,0,0,0,0,0,1,0,0,0,0,1,0,0,0,0,0,0,0,0,0,1,0,0,0,0,0,0,0,0,0,0,0,0,0,0,0,0,0,0,0,0,0,0,0,0,0,0,0,0,0,0,0,0,0,0,0,0
Greensburg Police Department,2010-02-01,Pennsylvania,14892,PA06502,breakdown offenses,adjustment,adjustment,adjustment,adjustment,adjustment,breakdown offenses,breakdown offenses,breakdown offenses,0,0,1,1,0,0,0,0,0,0,0,0,0,6,0,1,1,1,3,5,2,1,2,21,0,0,0,0,33,0,3,4,26,30,1,0,0,0,0,0,0,0,0,0,8,0,1,1,1,5,0,0,0,0,12,0,0,0,0,21,0,3,4,12,16,0,0,0,0,0,0,0,0,0,0,0,0,0,0,0,0,0,0,0,0,0,0,0,0,0,0,0,0,0,0,0,0,0,0,0,0,0,0,0,0,0,0,0,0,0,0,0,0,0,0,0,0,0,0,0,0,0,0,0,0,0,0
Greensburg Police Department,2010-01-01,Pennsylvania,14892,PA06502,breakdown offenses,adjustment,adjustment,adjustment,adjustment,adjustment,breakdown offenses,breakdown offenses,breakdown offenses,0,0,0,0,0,0,0,0,0,0,0,0,0,14,0,1,0,4,9,8,7,0,1,31,0,0,0,0,53,0,5,5,39,44,0,0,0,0,0,0,0,0,0,0,12,0,1,0,3,8,2,2,0,0,11,0,0,0,0,25,0,4,4,13,17,0,0,0,0,0,0,0,0,0,0,0,0,0,0,0,0,1,1,0,0,1,0,0,0,0,2,0,0,0,2,2,0,0,0,0,0,0,0,0,0,0,0,0,0,0,0,0,0,0,0,0,0,0,0,0,0,0,0,0,0,0,0
Greensburg Police Department,2009-12-01,Pennsylvania,15183,PA06502,breakdown offenses,adjustment,adjustment,adjustment,adjustment,adjustment,breakdown offenses,breakdown offenses,breakdown offenses,0,0,0,0,0,0,0,0,0,0,0,0,0,9,0,1,0,2,6,6,6,0,0,23,1,1,0,0,39,0,3,3,30,33,0,0,0,0,0,0,0,0,0,0,8,0,1,0,2,5,1,1,0,0,7,0,0,0,0,16,0,3,3,8,11,0,0,0,0,0,0,0,0,0,0,1,0,0,0,1,0,0,0,0,0,0,0,0,0,0,1,0,1,1,0,1,0,0,0,0,0,0,0,0,0,0,0,0,0,0,0,0,0,0,0,0,0,0,0,0,0,0,0,0,0,0,0
Greensburg Police Department,2009-11-01,Pennsylvania,15183,PA06502,breakdown offenses,adjustment,adjustment,adjustment,adjustment,adjustment,breakdown offenses,breakdown offenses,breakdown offenses,0,0,0,0,0,0,0,0,0,0,0,0,0,8,0,0,0,0,8,6,3,2,1,18,1,0,0,1,33,0,0,0,25,25,0,0,0,0,0,0,0,0,0,0,7,0,0,0,0,7,0,0,0,0,7,0,0,0,0,14,0,0,0,7,7,0,0,0,0,0,0,0,0,0,0,1,0,0,0,0,1,0,0,0,0,0,0,0,0,0,1,0,0,0,0,0,0,0,0,0,0,0,0,0,0,0,0,0,0,0,0,0,0,0,0,0,0,0,0,0,0,0,0,0,0,0,0
Greensburg Police Department,2009-10-01,Pennsylvania,15183,PA06502,breakdown offenses,adjustment,adjustment,adjustment,adjustment,adjustment,breakdown offenses,breakdown offenses,breakdown offenses,0,0,0,0,0,0,0,0,1,0,0,0,1,3,1,1,0,0,1,6,4,2,0,29,0,0,0,0,39,0,2,3,35,38,0,1,0,0,0,1,0,0,0,1,2,0,1,0,0,1,0,0,0,0,5,0,0,0,0,9,0,1,2,5,7,0,0,0,0,0,0,0,0,0,0,0,0,0,0,0,0,0,0,0,0,0,0,0,0,0,0,0,0,0,0,0,0,0,0,0,0,0,0,0,0,0,0,0,0,0,0,0,0,0,0,0,0,0,0,0,0,0,0,0,0,0,0
Greensburg Police Department,2009-09-01,Pennsylvania,15183,PA06502,breakdown offenses,adjustment,adjustment,adjustment,adjustment,adjustment,breakdown offenses,breakdown offenses,breakdown offenses,0,0,0,0,0,0,0,0,0,0,0,0,0,12,0,0,0,2,10,7,4,2,1,20,0,0,0,0,39,0,2,2,27,29,0,0,0,0,0,0,0,0,0,0,11,0,0,0,2,9,3,1,2,0,6,0,0,0,0,20,0,2,2,9,11,0,0,0,0,0,0,0,0,0,0,0,0,0,0,0,0,0,0,0,0,0,0,0,0,0,0,0,0,0,0,0,0,0,0,0,0,0,0,0,0,0,0,0,0,0,0,0,0,0,0,0,0,0,0,0,0,0,0,0,0,0,0
Greensburg Police Department,2009-08-01,Pennsylvania,15183,PA06502,breakdown offenses,adjustment,adjustment,adjustment,adjustment,adjustment,breakdown offenses,breakdown offenses,breakdown offenses,0,0,0,0,0,0,0,0,1,0,0,0,1,9,0,0,0,3,6,8,5,3,0,41,1,1,0,0,60,0,3,4,50,54,0,0,0,0,0,0,0,0,0,0,9,0,0,0,3,6,1,1,0,0,6,0,0,0,0,16,0,3,3,7,10,0,0,0,0,0,0,0,0,0,0,0,0,0,0,0,0,0,0,0,0,0,0,0,0,0,0,0,0,0,0,0,0,0,0,0,0,0,0,0,0,0,0,0,0,0,0,0,0,0,0,0,0,0,0,0,0,0,0,0,0,0,0
Greensburg Police Department,2009-07-01,Pennsylvania,15183,PA06502,breakdown offenses,adjustment,adjustment,adjustment,adjustment,adjustment,breakdown offenses,breakdown offenses,breakdown offenses,0,0,0,0,0,1,0,1,0,0,0,0,0,8,1,0,0,0,7,7,2,4,1,40,0,0,0,0,56,0,1,2,47,49,0,0,1,0,1,0,0,0,0,0,7,1,0,1,0,5,0,0,0,0,11,0,0,0,0,19,0,2,3,11,14,0,0,0,0,0,0,0,0,0,0,0,0,0,0,0,0,0,0,0,0,2,0,0,0,0,2,0,0,0,2,2,0,0,0,0,0,0,0,0,0,0,0,0,0,0,0,0,0,0,0,0,0,0,0,0,0,0,0,0,0,0,0
Greensburg Police Department,2009-06-01,Pennsylvania,15183,PA06502,breakdown offenses,adjustment,adjustment,adjustment,adjustment,adjustment,breakdown offenses,breakdown offenses,breakdown offenses,0,0,1,0,0,1,1,0,1,0,0,0,1,6,0,0,0,1,5,1,1,0,0,40,0,0,0,0,49,0,1,3,41,44,0,0,1,1,0,0,0,0,0,0,5,0,0,0,1,4,2,2,0,0,7,0,0,0,0,15,0,1,2,9,11,0,0,0,0,0,0,0,0,0,0,1,0,0,0,0,1,1,1,0,0,0,0,0,0,0,2,0,0,0,1,1,0,0,0,0,0,0,0,0,0,0,0,0,0,0,0,0,0,0,0,0,0,0,0,0,0,0,0,0,0,0,0
Greensburg Police Department,2009-05-01,Pennsylvania,15183,PA06502,breakdown offenses,adjustment,adjustment,adjustment,adjustment,adjustment,breakdown offenses,breakdown offenses,breakdown offenses,0,0,0,0,0,0,0,0,2,2,0,0,0,6,0,0,0,0,6,5,5,0,0,36,1,0,0,1,50,0,0,2,42,44,0,0,0,0,0,1,1,0,0,0,7,0,0,0,0,7,0,0,0,0,11,0,0,0,0,19,0,0,1,11,12,0,0,0,0,0,0,0,0,0,0,0,0,0,0,0,0,0,0,0,0,1,0,0,0,0,1,0,0,0,1,1,0,0,0,0,0,0,0,0,0,0,0,0,0,0,0,0,0,0,0,0,0,0,0,0,0,0,0,0,0,0,0
Greensburg Police Department,2009-04-01,Pennsylvania,15183,PA06502,breakdown offenses,adjustment,adjustment,adjustment,adjustment,adjustment,breakdown offenses,breakdown offenses,breakdown offenses,0,0,0,0,0,0,0,0,0,0,0,0,0,5,0,0,0,1,4,3,1,2,0,24,1,1,0,0,33,0,1,1,28,29,0,0,0,0,0,0,0,0,0,0,5,0,0,0,1,4,0,0,0,0,5,1,1,0,0,11,0,1,1,6,7,0,0,0,0,0,0,0,0,0,0,1,0,0,0,0,1,0,0,0,0,1,0,0,0,0,2,0,0,0,1,1,0,0,0,0,0,0,0,0,0,0,0,0,0,0,0,0,0,0,0,0,0,0,0,0,0,0,0,0,0,0,0
Greensburg Police Department,2009-03-01,Pennsylvania,15183,PA06502,breakdown offenses,adjustment,adjustment,adjustment,adjustment,adjustment,breakdown offenses,breakdown offenses,breakdown offenses,0,0,0,0,0,0,0,0,1,1,0,0,0,5,0,1,0,2,2,4,1,3,0,30,1,0,1,0,41,0,3,4,35,39,0,0,0,0,0,0,0,0,0,0,5,0,1,0,1,3,2,1,1,0,13,0,0,0,0,20,0,2,2,15,17,0,0,0,0,0,0,0,0,0,0,0,0,0,0,0,0,0,0,0,0,2,0,0,0,0,2,0,0,0,2,2,0,0,0,0,0,0,0,0,0,0,0,0,0,0,0,0,0,0,0,0,0,0,0,0,0,0,0,0,0,0,0
Greensburg Police Department,2009-02-01,Pennsylvania,15183,PA06502,breakdown offenses,adjustment,adjustment,adjustment,adjustment,adjustment,breakdown offenses,breakdown offenses,breakdown offenses,0,0,0,0,0,0,0,0,1,1,0,0,0,15,0,0,5,0,10,7,4,3,0,22,2,2,0,0,47,0,5,6,31,37,0,0,0,0,0,1,1,0,0,0,13,0,0,5,0,8,2,0,2,0,5,0,0,0,0,21,0,5,6,7,13,0,0,0,0,0,0,0,0,0,0,0,0,0,0,0,0,0,0,0,0,0,0,0,0,0,0,0,0,0,0,0,0,0,0,0,0,0,0,0,0,0,0,0,0,0,0,0,0,0,0,0,0,0,0,0,0,0,0,0,0,0,0
Greensburg Police Department,2009-01-01,Pennsylvania,15183,PA06502,breakdown offenses,adjustment,adjustment,adjustment,adjustment,adjustment,breakdown offenses,breakdown offenses,breakdown offenses,0,0,2,0,0,0,0,0,1,0,0,0,1,11,0,0,0,1,10,4,3,1,0,23,1,1,0,0,40,0,1,2,28,30,0,0,0,0,0,1,0,0,0,1,10,0,0,0,1,9,4,3,1,0,10,0,0,0,0,25,0,1,2,14,16,0,0,0,0,0,1,0,0,0,1,2,0,0,0,0,2,0,0,0,0,1,0,0,0,0,4,0,0,1,1,2,0,0,0,0,0,0,0,0,0,0,0,0,0,0,0,0,0,0,0,0,0,0,0,0,0,0,0,0,0,0,0
Greensburg Police Department,2008-12-01,Pennsylvania,15283,PA06502,breakdown offenses,adjustment,adjustment,adjustment,adjustment,adjustment,breakdown offenses,breakdown offenses,breakdown offenses,0,0,0,0,0,0,0,0,0,0,0,0,0,5,0,0,1,1,3,8,7,1,0,31,0,0,0,0,44,0,2,2,39,41,0,0,0,0,0,0,0,0,0,0,5,0,0,1,1,3,2,2,0,0,11,0,0,0,0,18,0,2,2,13,15,0,0,0,0,0,0,0,0,0,0,2,0,0,0,1,1,0,0,0,0,3,0,0,0,0,5,0,1,1,3,4,0,0,0,0,0,0,0,0,0,0,0,0,0,0,0,0,0,0,0,0,0,0,0,0,0,0,0,0,0,0,0
Greensburg Police Department,2008-11-01,Pennsylvania,15283,PA06502,breakdown offenses,adjustment,adjustment,adjustment,adjustment,adjustment,breakdown offenses,breakdown offenses,breakdown offenses,0,0,0,0,0,0,0,0,1,1,0,0,0,5,0,0,0,1,4,6,4,2,0,31,2,2,0,0,45,0,1,2,39,41,0,0,0,0,0,0,0,0,0,0,5,0,0,0,1,4,2,2,0,0,9,0,0,0,0,16,0,1,1,11,12,0,0,0,0,0,0,0,0,0,0,0,0,0,0,0,0,0,0,0,0,1,0,0,0,0,1,0,0,0,1,1,0,0,0,0,0,0,0,0,0,0,0,0,0,0,0,0,0,0,0,0,0,0,0,0,0,0,0,0,0,0,0
Greensburg Police Department,2008-10-01,Pennsylvania,15283,PA06502,breakdown offenses,adjustment,adjustment,adjustment,adjustment,adjustment,breakdown offenses,breakdown offenses,breakdown offenses,0,0,0,0,0,0,0,0,0,0,0,0,0,6,0,1,0,0,5,3,2,1,0,28,2,2,0,0,39,0,1,1,33,34,0,0,0,0,0,1,0,0,0,1,3,0,1,0,0,2,0,0,0,0,11,0,0,0,0,15,0,1,2,11,13,0,0,0,0,0,0,0,0,0,0,0,0,0,0,0,0,0,0,0,0,0,0,0,0,0,0,0,0,0,0,0,0,0,0,0,0,0,0,0,0,0,0,0,0,0,0,0,0,0,0,0,1,0,0,0,0,1,0,0,0,1,1
Greensburg Police Department,2008-09-01,Pennsylvania,15283,PA06502,breakdown offenses,adjustment,adjustment,adjustment,adjustment,adjustment,breakdown offenses,breakdown offenses,breakdown offenses,0,0,1,0,0,0,0,0,0,0,0,0,0,8,0,0,0,4,4,3,2,1,0,36,0,0,0,0,47,0,4,4,39,43,0,0,1,0,1,2,0,0,0,2,11,0,0,1,4,6,1,1,0,0,11,0,0,0,0,26,0,5,8,12,20,0,0,0,0,0,0,0,0,0,0,0,0,0,0,0,0,0,0,0,0,2,0,0,0,0,2,0,0,0,2,2,0,0,0,0,0,0,0,0,0,0,0,0,0,0,0,0,0,0,0,0,0,0,0,0,0,0,0,0,0,0,0
Greensburg Police Department,2008-08-01,Pennsylvania,15283,PA06502,breakdown offenses,adjustment,adjustment,adjustment,adjustment,adjustment,breakdown offenses,breakdown offenses,breakdown offenses,0,0,0,0,0,2,0,2,0,0,0,0,0,10,0,0,3,1,6,2,2,0,0,41,1,1,0,0,56,0,4,6,44,50,0,0,0,0,0,1,0,0,0,1,10,0,0,2,1,7,0,0,0,0,14,0,0,0,0,25,0,3,4,14,18,0,0,0,0,0,0,0,0,0,0,1,0,0,0,0,1,0,0,0,0,0,0,0,0,0,1,0,0,0,0,0,0,0,0,0,0,0,0,0,0,0,0,0,0,0,0,0,0,0,0,0,0,0,0,0,0,0,0,0,0,0,0
Greensburg Police Department,2008-07-01,Pennsylvania,15283,PA06502,breakdown offenses,adjustment,adjustment,adjustment,adjustment,adjustment,breakdown offenses,breakdown offenses,breakdown offenses,0,0,0,0,0,1,1,0,1,0,0,0,1,8,1,1,0,0,6,3,1,0,2,61,1,1,0,0,75,0,2,4,65,69,0,0,0,0,0,0,0,0,0,0,8,1,1,0,0,6,0,0,0,0,18,0,0,0,0,26,0,2,2,18,20,0,0,0,0,0,0,0,0,0,0,2,0,0,0,0,2,0,0,0,0,1,0,0,0,0,3,0,0,0,1,1,0,0,0,0,0,0,0,0,0,0,0,0,0,0,0,0,0,0,0,0,0,0,0,0,0,0,0,0,0,0,0
Greensburg Police Department,2008-06-01,Pennsylvania,15283,PA06502,breakdown offenses,adjustment,adjustment,adjustment,adjustment,adjustment,breakdown offenses,breakdown offenses,breakdown offenses,0,0,0,0,0,0,0,0,3,3,0,0,0,10,0,1,0,2,7,3,0,3,0,39,2,1,0,1,57,0,3,6,44,50,0,0,0,0,0,0,0,0,0,0,12,0,1,0,2,9,0,0,0,0,15,0,0,0,0,27,0,3,3,15,18,0,0,0,0,0,0,0,0,0,0,0,0,0,0,0,0,0,0,0,0,1,0,0,0,0,1,0,0,0,1,1,0,0,0,0,0,0,0,0,0,0,0,0,0,0,0,0,0,0,0,0,0,0,0,0,0,0,0,0,0,0,0
Greensburg Police Department,2008-05-01,Pennsylvania,15283,PA06502,breakdown offenses,adjustment,adjustment,adjustment,adjustment,adjustment,breakdown offenses,breakdown offenses,breakdown offenses,0,0,0,0,0,0,0,0,0,0,0,0,0,12,0,0,0,2,10,4,2,2,0,38,2,1,0,1,56,0,2,2,44,46,0,0,0,0,0,0,0,0,0,0,12,0,0,0,2,10,0,0,0,0,17,0,0,0,0,29,0,2,2,17,19,0,0,0,0,0,0,0,0,0,0,1,0,0,0,0,1,0,0,0,0,2,0,0,0,0,3,0,0,0,2,2,0,0,0,0,0,0,0,0,0,0,0,0,0,0,0,0,0,0,0,0,0,0,0,0,0,0,0,0,0,0,0
Greensburg Police Department,2008-04-01,Pennsylvania,15283,PA06502,breakdown offenses,adjustment,adjustment,adjustment,adjustment,adjustment,breakdown offenses,breakdown offenses,breakdown offenses,0,0,2,0,0,0,0,0,0,0,0,0,0,10,0,0,0,1,9,2,1,1,0,55,1,1,0,0,68,0,1,1,58,59,0,0,0,0,0,0,0,0,0,0,8,0,0,0,0,8,1,0,1,0,13,0,0,0,0,22,0,0,0,14,14,0,0,0,0,0,0,0,0,0,0,2,0,0,0,0,2,0,0,0,0,1,0,0,0,0,3,0,0,0,1,1,0,0,0,0,0,0,0,0,0,0,0,0,0,0,0,0,0,0,0,0,0,0,0,0,0,0,0,0,0,0,0
Greensburg Police Department,2008-03-01,Pennsylvania,15283,PA06502,breakdown offenses,adjustment,adjustment,adjustment,adjustment,adjustment,breakdown offenses,breakdown offenses,breakdown offenses,0,0,1,0,0,1,1,0,1,0,0,0,1,10,0,0,2,1,7,8,4,4,0,43,3,2,1,0,66,0,3,5,54,59,0,0,1,1,0,1,0,0,0,1,10,0,0,2,1,7,3,2,1,0,11,1,0,1,0,27,0,3,5,15,20,0,0,0,0,0,0,0,0,0,0,0,0,0,0,0,0,0,0,0,0,1,0,0,0,0,1,0,0,0,1,1,0,0,0,0,0,0,0,0,0,0,0,0,0,0,0,0,0,0,0,0,0,0,0,0,0,0,0,0,0,0,0
Greensburg Police Department,2008-02-01,Pennsylvania,15283,PA06502,breakdown offenses,adjustment,adjustment,adjustment,adjustment,adjustment,breakdown offenses,breakdown offenses,breakdown offenses,0,0,0,0,0,0,0,0,1,0,0,0,1,10,0,0,1,3,6,5,1,4,0,33,1,1,0,0,50,0,4,5,39,44,0,0,0,0,0,0,0,0,0,0,10,0,0,1,3,6,1,0,1,0,8,1,1,0,0,20,0,4,4,10,14,0,0,0,0,0,0,0,0,0,0,1,0,0,0,1,0,0,0,0,0,0,0,0,0,0,1,0,1,1,0,1,0,0,0,0,0,0,0,0,0,0,0,0,0,0,0,0,0,0,0,0,0,0,0,0,0,0,0,0,0,0,0
Greensburg Police Department,2008-01-01,Pennsylvania,15283,PA06502,breakdown offenses,normal return,normal return,normal return,normal return,normal return,breakdown offenses,breakdown offenses,breakdown offenses,0,0,0,0,0,0,0,0,1,0,0,0,1,8,0,0,1,0,7,4,1,2,1,26,0,0,0,0,39,0,1,2,30,32,0,0,0,0,0,0,0,0,0,0,13,0,0,2,0,11,1,0,1,0,12,0,0,0,0,26,0,2,2,13,15,0,0,0,0,0,0,0,0,0,0,1,0,0,0,0,1,0,0,0,0,2,0,0,0,0,3,0,0,0,2,2,0,0,0,0,0,0,0,0,0,0,0,0,0,0,0,0,0,0,0,0,0,0,0,0,0,0,0,0,0,0,0
Greensburg Police Department,2007-12-01,Pennsylvania,15567,PA06502,breakdown offenses,adjustment,adjustment,adjustment,adjustment,adjustment,breakdown offenses,breakdown offenses,breakdown offenses,0,0,1,0,0,0,0,0,0,0,0,0,0,12,0,0,1,0,11,8,4,4,0,35,2,2,0,0,57,0,1,1,45,46,0,0,0,0,0,0,0,0,0,0,8,0,0,1,0,7,3,2,1,0,8,1,1,0,0,20,0,1,1,12,13,0,0,0,0,0,0,0,0,0,0,0,0,0,0,0,0,0,0,0,0,1,0,0,0,0,1,0,0,0,1,1,0,0,0,0,0,0,0,0,0,0,0,0,0,0,0,0,0,0,0,0,1,0,0,0,0,1,0,0,0,1,1
Greensburg Police Department,2007-11-01,Pennsylvania,15567,PA06502,breakdown offenses,adjustment,adjustment,adjustment,adjustment,adjustment,breakdown offenses,breakdown offenses,breakdown offenses,0,0,0,0,0,0,0,0,0,0,0,0,0,3,0,0,0,0,3,4,3,1,0,30,0,0,0,0,37,0,0,0,34,34,0,0,0,0,0,0,0,0,0,0,4,0,0,0,0,4,0,0,0,0,15,0,0,0,0,19,0,0,0,15,15,0,0,0,0,0,0,0,0,0,0,0,0,0,0,0,0,0,0,0,0,3,0,0,0,0,3,0,0,0,3,3,0,0,0,0,0,0,0,0,0,0,0,0,0,0,0,0,0,0,0,0,0,0,0,0,0,0,0,0,0,0,0
Greensburg Police Department,2007-10-01,Pennsylvania,15567,PA06502,breakdown offenses,adjustment,adjustment,adjustment,adjustment,adjustment,breakdown offenses,breakdown offenses,breakdown offenses,0,0,0,0,0,0,0,0,1,1,0,0,0,5,0,0,0,0,5,5,3,2,0,39,1,0,0,1,51,0,0,1,45,46,0,0,0,0,0,0,0,0,0,0,3,0,0,0,1,2,1,0,1,0,14,0,0,0,0,18,0,1,1,15,16,0,0,0,0,0,0,0,0,0,0,0,0,0,0,0,0,0,0,0,0,1,0,0,0,0,1,0,0,0,1,1,0,0,0,0,0,0,0,0,0,0,0,0,0,0,0,0,0,0,0,0,0,0,0,0,0,0,0,0,0,0,0
Greensburg Police Department,2007-09-01,Pennsylvania,15567,PA06502,breakdown offenses,adjustment,adjustment,adjustment,adjustment,adjustment,breakdown offenses,breakdown offenses,breakdown offenses,0,0,0,0,0,1,1,0,0,0,0,0,0,13,0,1,0,2,10,4,2,2,0,40,1,1,0,0,59,0,3,4,45,49,1,0,1,1,0,0,0,0,0,0,11,0,0,0,1,10,0,0,0,0,14,0,0,0,0,27,0,1,3,14,17,0,0,0,0,0,0,0,0,0,0,7,0,0,0,0,7,0,0,0,0,3,0,0,0,0,10,0,0,0,3,3,0,0,0,0,0,0,0,0,0,0,0,0,0,0,0,0,0,0,0,0,0,0,0,0,0,0,0,0,0,0,0
Greensburg Police Department,2007-08-01,Pennsylvania,15567,PA06502,breakdown offenses,adjustment,adjustment,adjustment,adjustment,adjustment,breakdown offenses,breakdown offenses,breakdown offenses,0,0,0,0,0,1,1,0,1,0,0,0,1,8,0,0,0,1,7,9,8,1,0,60,5,3,1,1,84,0,1,3,74,77,0,0,0,0,0,1,0,0,0,1,8,0,0,0,1,7,4,2,2,0,18,3,2,0,1,34,0,1,2,25,27,0,0,0,0,0,1,0,0,0,1,1,0,0,0,0,1,0,0,0,0,2,0,0,0,0,4,0,0,1,2,3,0,0,0,0,0,0,0,0,0,0,0,0,0,0,0,0,0,0,0,0,0,0,0,0,0,0,0,0,0,0,0
Greensburg Police Department,2007-07-01,Pennsylvania,15567,PA06502,breakdown offenses,adjustment,adjustment,adjustment,adjustment,adjustment,breakdown offenses,breakdown offenses,breakdown offenses,0,0,1,0,0,0,0,0,1,1,0,0,0,6,0,0,0,1,5,2,2,0,0,50,2,1,0,1,61,0,1,2,54,56,0,0,0,0,0,0,0,0,0,0,7,0,0,0,1,6,0,0,0,0,19,0,0,0,0,26,0,1,1,19,20,0,0,0,0,0,0,0,0,0,0,1,0,0,0,0,1,0,0,0,0,0,0,0,0,0,1,0,0,0,0,0,0,0,0,0,0,0,0,0,0,0,0,0,0,0,0,0,0,0,0,0,0,0,0,0,0,0,0,0,0,0,0
Greensburg Police Department,2007-06-01,Pennsylvania,15567,PA06502,breakdown offenses,adjustment,adjustment,adjustment,adjustment,adjustment,breakdown offenses,breakdown offenses,breakdown offenses,0,0,0,0,0,2,2,0,1,0,0,0,1,7,0,1,0,2,4,4,4,0,0,54,1,0,0,1,69,0,3,6,59,65,0,0,2,2,0,1,0,0,0,1,4,0,0,0,1,3,2,2,0,0,23,0,0,0,0,32,0,1,4,25,29,0,0,0,0,0,0,0,0,0,0,0,0,0,0,0,0,1,1,0,0,6,0,0,0,0,7,0,0,0,7,7,0,0,0,0,0,0,0,0,0,0,0,0,0,0,0,0,0,0,0,0,0,0,0,0,0,0,0,0,0,0,0
Greensburg Police Department,2007-05-01,Pennsylvania,15567,PA06502,breakdown offenses,adjustment,adjustment,adjustment,adjustment,adjustment,breakdown offenses,breakdown offenses,breakdown offenses,0,0,3,0,0,0,0,0,0,0,0,0,0,6,0,0,0,2,4,8,2,5,1,44,1,1,0,0,59,0,2,2,53,55,0,0,0,0,0,0,0,0,0,0,6,0,0,0,2,4,2,2,0,0,19,1,0,0,1,28,0,2,2,22,24,0,0,0,0,0,0,0,0,0,0,0,0,0,0,0,0,0,0,0,0,0,0,0,0,0,0,0,0,0,0,0,0,0,0,0,0,0,0,0,0,0,0,0,0,0,0,0,0,0,0,0,0,0,0,0,0,0,0,0,0,0,0
Greensburg Police Department,2007-04-01,Pennsylvania,15567,PA06502,breakdown offenses,adjustment,adjustment,adjustment,adjustment,adjustment,breakdown offenses,breakdown offenses,breakdown offenses,0,0,0,0,0,0,0,0,0,0,0,0,0,8,0,3,0,0,5,4,1,3,0,39,5,1,0,4,56,0,3,3,48,51,0,0,0,0,0,0,0,0,0,0,8,0,3,0,0,5,1,0,1,0,13,1,1,0,0,23,0,3,3,15,18,0,0,0,0,0,0,0,0,0,0,0,0,0,0,0,0,0,0,0,0,0,0,0,0,0,0,0,0,0,0,0,0,0,0,0,0,0,0,0,0,0,0,0,0,0,0,0,0,0,0,0,0,0,0,0,0,0,0,0,0,0,0
Greensburg Police Department,2007-03-01,Pennsylvania,15567,PA06502,breakdown offenses,adjustment,adjustment,adjustment,adjustment,adjustment,breakdown offenses,breakdown offenses,breakdown offenses,0,0,0,0,0,0,0,0,0,0,0,0,0,9,1,0,0,1,7,7,2,4,1,18,1,1,0,0,35,0,2,2,26,28,0,0,1,1,0,0,0,0,0,0,11,1,0,0,1,9,1,0,1,0,7,0,0,0,0,20,0,2,3,8,11,0,0,0,0,0,0,0,0,0,0,2,1,0,0,1,0,0,0,0,0,0,0,0,0,0,2,0,2,2,0,2,0,0,0,0,0,0,0,0,0,0,0,0,0,0,0,0,0,0,0,0,0,0,0,0,0,0,0,0,0,0,0
Greensburg Police Department,2007-02-01,Pennsylvania,15567,PA06502,breakdown offenses,adjustment,adjustment,adjustment,adjustment,adjustment,breakdown offenses,breakdown offenses,breakdown offenses,0,0,0,0,0,1,1,0,0,0,0,0,0,6,0,0,0,0,6,5,4,1,0,20,1,1,0,0,33,0,0,1,26,27,1,0,0,0,0,0,0,0,0,0,5,0,0,0,0,5,1,1,0,0,7,0,0,0,0,14,0,0,1,8,9,0,0,0,0,0,0,0,0,0,0,0,0,0,0,0,0,0,0,0,0,0,0,0,0,0,0,0,0,0,0,0,0,0,0,0,0,0,0,0,0,0,0,0,0,0,0,0,0,0,0,0,0,0,0,0,0,0,0,0,0,0,0
Greensburg Police Department,2007-01-01,Pennsylvania,15567,PA06502,breakdown offenses,adjustment,adjustment,adjustment,adjustment,adjustment,breakdown offenses,breakdown offenses,breakdown offenses,0,0,1,0,0,1,1,0,0,0,0,0,0,6,0,0,0,0,6,4,2,2,0,34,0,0,0,0,45,0,0,1,38,39,0,0,0,0,0,1,1,0,0,0,5,0,0,0,0,5,0,0,0,0,7,0,0,0,0,13,0,0,1,7,8,0,0,0,0,0,0,0,0,0,0,1,0,0,0,0,1,0,0,0,0,0,0,0,0,0,1,0,0,0,0,0,0,0,0,0,0,0,0,0,0,0,0,0,0,0,0,0,0,0,0,0,0,0,0,0,0,0,0,0,0,0,0
Greensburg Police Department,2006-12-01,Pennsylvania,15583,PA06502,breakdown offenses,adjustment,adjustment,adjustment,adjustment,adjustment,breakdown offenses,breakdown offenses,breakdown offenses,0,0,0,0,0,0,0,0,0,0,0,0,0,13,0,1,0,0,12,8,6,2,0,37,2,2,0,0,60,0,1,1,47,48,0,0,1,1,0,1,1,0,0,0,11,0,0,0,0,11,0,0,0,0,4,0,0,0,0,17,0,0,2,4,6,0,0,0,0,0,0,0,0,0,0,1,0,0,0,0,1,0,0,0,0,0,0,0,0,0,1,0,0,0,0,0,0,0,0,0,0,0,0,0,0,0,0,0,0,0,0,0,0,0,0,0,0,0,0,0,0,0,0,0,0,0,0
Greensburg Police Department,2006-11-01,Pennsylvania,15583,PA06502,breakdown offenses,adjustment,adjustment,adjustment,adjustment,adjustment,breakdown offenses,breakdown offenses,breakdown offenses,0,0,0,0,0,2,2,0,0,0,0,0,0,6,0,1,0,0,5,7,3,2,2,27,0,0,0,0,42,0,1,3,34,37,0,0,0,0,0,0,0,0,0,0,4,0,1,0,0,3,1,1,0,0,7,1,1,0,0,13,0,1,1,9,10,0,0,0,0,0,0,0,0,0,0,0,0,0,0,0,0,0,0,0,0,0,0,0,0,0,0,0,0,0,0,0,0,0,0,0,0,0,0,0,0,0,0,0,0,0,0,0,0,0,0,0,0,0,0,0,0,0,0,0,0,0,0
Greensburg Police Department,2006-10-01,Pennsylvania,15583,PA06502,breakdown offenses,adjustment,adjustment,adjustment,adjustment,adjustment,breakdown offenses,breakdown offenses,breakdown offenses,0,0,1,0,0,0,0,0,0,0,0,0,0,11,0,1,0,5,5,4,2,2,0,25,1,1,0,0,41,0,6,6,30,36,0,0,0,0,0,1,0,0,0,1,9,0,0,0,5,4,2,1,1,0,8,0,0,0,0,20,0,5,6,10,16,0,0,0,0,0,0,0,0,0,0,3,0,0,0,2,1,0,0,0,0,0,0,0,0,0,3,0,2,2,0,2,0,0,0,0,0,0,0,0,0,0,0,0,0,0,0,0,0,0,0,0,0,0,0,0,0,0,0,0,0,0,0
Greensburg Police Department,2006-09-01,Pennsylvania,15583,PA06502,breakdown offenses,adjustment,adjustment,adjustment,adjustment,adjustment,breakdown offenses,breakdown offenses,breakdown offenses,0,0,0,0,0,0,0,0,3,1,1,0,1,6,0,0,0,0,6,7,4,3,0,44,3,3,0,0,63,0,0,3,54,57,0,0,0,0,0,3,2,1,0,0,6,0,0,0,0,6,5,3,2,0,11,0,0,0,0,25,0,0,3,16,19,0,0,0,0,0,0,0,0,0,0,1,0,0,0,0,1,0,0,0,0,0,0,0,0,0,1,0,0,0,0,0,0,0,0,0,0,0,0,0,0,0,0,0,0,0,0,0,0,0,0,0,0,0,0,0,0,0,0,0,0,0,0
Greensburg Police Department,2006-08-01,Pennsylvania,15583,PA06502,breakdown offenses,adjustment,adjustment,adjustment,adjustment,adjustment,breakdown offenses,breakdown offenses,breakdown offenses,0,0,2,0,0,0,0,0,2,1,0,0,1,12,0,0,0,2,10,8,2,5,1,34,0,0,0,0,56,0,2,4,42,46,0,0,0,0,0,0,0,0,0,0,13,0,0,0,2,11,3,0,2,1,9,0,0,0,0,25,0,2,2,12,14,0,0,0,0,0,0,0,0,0,0,0,0,0,0,0,0,0,0,0,0,1,0,0,0,0,1,0,0,0,1,1,0,0,0,0,0,0,0,0,0,0,0,0,0,0,0,0,0,0,0,0,0,0,0,0,0,0,0,0,0,0,0
Greensburg Police Department,2006-07-01,Pennsylvania,15583,PA06502,breakdown offenses,adjustment,adjustment,adjustment,adjustment,adjustment,breakdown offenses,breakdown offenses,breakdown offenses,0,0,3,0,0,0,0,0,1,0,0,0,1,14,0,0,0,2,12,2,2,0,0,33,2,0,0,2,52,0,2,3,37,40,0,0,0,0,0,0,0,0,0,0,13,0,0,0,2,11,0,0,0,0,8,0,0,0,0,21,0,2,2,8,10,0,0,0,0,0,0,0,0,0,0,1,0,0,0,0,1,0,0,0,0,1,0,0,0,0,2,0,0,0,1,1,0,0,0,0,0,0,0,0,0,0,0,0,0,0,0,0,0,0,0,0,0,0,0,0,0,0,0,0,0,0,0
Greensburg Police Department,2006-06-01,Pennsylvania,15583,PA06502,breakdown offenses,adjustment,adjustment,adjustment,adjustment,adjustment,breakdown offenses,breakdown offenses,breakdown offenses,0,0,0,0,0,0,0,0,0,0,0,0,0,8,0,0,0,2,6,10,6,2,2,34,1,0,0,1,53,0,2,2,45,47,0,0,0,0,0,0,0,0,0,0,9,0,0,0,2,7,0,0,0,0,15,1,1,0,0,25,0,2,2,16,18,0,0,0,0,0,0,0,0,0,0,1,0,0,0,0,1,0,0,0,0,0,0,0,0,0,1,0,0,0,0,0,0,0,0,0,0,0,0,0,0,0,0,0,0,0,0,0,0,0,0,0,0,0,0,0,0,0,0,0,0,0,0
Greensburg Police Department,2006-05-01,Pennsylvania,15583,PA06502,breakdown offenses,adjustment,adjustment,adjustment,adjustment,adjustment,breakdown offenses,breakdown offenses,breakdown offenses,0,0,0,1,0,2,2,0,0,0,0,0,0,13,0,2,0,0,11,5,4,1,0,36,1,1,0,0,58,0,2,5,42,47,0,0,1,1,0,0,0,0,0,0,13,0,2,0,0,11,4,3,1,0,8,1,1,0,0,27,0,2,3,13,16,0,0,0,0,0,0,0,0,0,0,1,0,0,0,0,1,0,0,0,0,0,0,0,0,0,1,0,0,0,0,0,0,0,0,0,0,0,0,0,0,0,0,0,0,0,0,0,0,0,0,0,0,0,0,0,0,0,0,0,0,0,0
Greensburg Police Department,2006-04-01,Pennsylvania,15583,PA06502,breakdown offenses,adjustment,adjustment,adjustment,adjustment,adjustment,breakdown offenses,breakdown offenses,breakdown offenses,0,0,0,0,0,0,0,0,2,1,0,0,1,12,0,1,0,1,10,6,5,0,1,25,1,1,0,0,46,0,2,4,32,36,0,0,0,0,0,1,1,0,0,0,9,0,1,0,1,7,0,0,0,0,5,0,0,0,0,15,0,2,3,5,8,0,0,0,0,0,0,0,0,0,0,3,0,0,0,0,3,0,0,0,0,1,0,0,0,0,4,0,0,0,1,1,0,0,0,0,0,0,0,0,0,0,0,0,0,0,0,0,0,0,0,0,0,0,0,0,0,0,0,0,0,0,0
Greensburg Police Department,2006-03-01,Pennsylvania,15583,PA06502,breakdown offenses,adjustment,adjustment,adjustment,adjustment,adjustment,breakdown offenses,breakdown offenses,breakdown offenses,0,0,1,0,0,0,0,0,0,0,0,0,0,12,0,0,0,2,10,1,0,1,0,23,1,1,0,0,37,0,2,2,25,27,0,0,0,0,0,0,0,0,0,0,12,0,0,0,2,10,1,1,0,0,6,0,0,0,0,19,0,2,2,7,9,0,0,0,0,0,0,0,0,0,0,6,0,0,0,1,5,0,0,0,0,0,0,0,0,0,6,0,1,1,0,1,0,0,0,0,0,0,0,0,0,0,0,0,0,0,0,0,0,0,0,0,0,0,0,0,0,0,0,0,0,0,0
Greensburg Police Department,2006-02-01,Pennsylvania,15583,PA06502,breakdown offenses,adjustment,adjustment,adjustment,adjustment,adjustment,breakdown offenses,breakdown offenses,breakdown offenses,0,0,2,0,0,0,0,0,0,0,0,0,0,7,0,0,0,2,5,1,0,1,0,24,1,1,0,0,33,0,2,2,26,28,0,0,0,0,0,0,0,0,0,0,8,0,0,0,2,6,0,0,0,0,4,0,0,0,0,12,0,2,2,4,6,0,0,0,0,0,0,0,0,0,0,1,0,0,0,0,1,0,0,0,0,0,0,0,0,0,1,0,0,0,0,0,0,0,0,0,0,0,0,0,0,0,1,0,0,0,0,1,0,0,0,0,0,0,0,0,0,1,0,0,0,0,0
Greensburg Police Department,2006-01-01,Pennsylvania,15583,PA06502,breakdown offenses,adjustment,adjustment,adjustment,adjustment,adjustment,breakdown offenses,breakdown offenses,breakdown offenses,0,0,0,0,0,0,0,0,0,0,0,0,0,8,0,2,0,2,4,4,3,1,0,30,0,0,0,0,42,0,4,4,34,38,0,0,0,0,0,0,0,0,0,0,5,0,2,0,2,1,2,2,0,0,7,0,0,0,0,14,0,4,4,9,13,0,0,0,0,0,0,0,0,0,0,0,0,0,0,0,0,0,0,0,0,1,0,0,0,0,1,0,0,0,1,1,0,0,0,0,0,0,0,0,0,0,0,0,0,0,0,0,0,0,0,0,0,0,0,0,0,0,0,0,0,0,0
Greensburg Police Department,2005-12-01,Pennsylvania,15608,PA06502,breakdown offenses,adjustment,adjustment,adjustment,not updated,adjustment,breakdown offenses,breakdown offenses,,0,0,0,0,0,0,0,0,0,0,0,0,0,4,0,0,1,0,3,5,2,2,1,28,0,0,0,0,37,0,1,1,33,34,0,0,0,0,0,0,0,0,0,0,4,0,0,1,0,3,4,3,1,0,4,1,0,0,1,13,0,1,1,9,10,0,0,0,0,0,0,0,0,0,0,0,0,0,0,0,0,0,0,0,0,0,0,0,0,0,0,0,0,0,0,0,0,0,0,0,0,0,0,0,0,0,0,0,0,0,0,0,0,0,0,0,1,0,0,0,0,1,0,0,0,1,1
Greensburg Police Department,2005-11-01,Pennsylvania,15608,PA06502,breakdown offenses,adjustment,adjustment,adjustment,not updated,adjustment,breakdown offenses,breakdown offenses,,0,0,1,0,0,0,0,0,0,0,0,0,0,10,0,1,0,2,7,6,5,0,1,36,5,3,1,1,57,0,3,3,47,50,0,0,0,0,0,0,0,0,0,0,10,0,0,0,2,8,1,1,0,0,7,1,0,1,0,19,0,2,2,9,11,0,0,0,0,0,0,0,0,0,0,0,0,0,0,0,0,0,0,0,0,0,0,0,0,0,0,0,0,0,0,0,0,0,0,0,0,0,0,0,0,0,0,0,0,0,0,0,0,0,0,0,1,0,0,0,0,1,0,0,0,1,1
Greensburg Police Department,2005-10-01,Pennsylvania,15608,PA06502,breakdown offenses,adjustment,adjustment,adjustment,not updated,adjustment,breakdown offenses,breakdown offenses,,0,0,0,0,0,0,0,0,2,1,0,0,1,8,0,2,0,1,5,5,2,3,0,33,3,3,0,0,51,0,3,5,41,46,0,0,0,0,0,0,0,0,0,0,9,0,3,0,1,5,0,0,0,0,10,1,1,0,0,20,0,4,4,11,15,0,0,0,0,0,0,0,0,0,0,0,0,0,0,0,0,0,0,0,0,0,0,0,0,0,0,0,0,0,0,0,0,0,0,0,0,0,0,0,0,0,0,0,0,0,0,0,0,0,0,0,0,0,0,0,0,0,0,0,0,0,0
Greensburg Police Department,2005-09-01,Pennsylvania,15608,PA06502,breakdown offenses,adjustment,adjustment,adjustment,not updated,adjustment,breakdown offenses,breakdown offenses,,0,0,0,0,0,1,1,0,0,0,0,0,0,4,0,0,0,0,4,12,9,3,0,45,2,0,0,2,64,0,0,1,59,60,0,0,0,0,0,0,0,0,0,0,3,0,0,1,0,2,7,5,2,0,8,1,1,0,0,19,0,1,1,16,17,0,0,0,0,0,0,0,0,0,0,0,0,0,0,0,0,0,0,0,0,0,0,0,0,0,0,0,0,0,0,0,0,0,0,0,0,0,0,0,0,0,0,0,0,0,0,0,0,0,0,0,0,0,0,0,0,0,0,0,0,0,0
Greensburg Police Department,2005-08-01,Pennsylvania,15608,PA06502,breakdown offenses,adjustment,adjustment,adjustment,not updated,adjustment,breakdown offenses,breakdown offenses,,0,0,0,0,0,0,0,0,0,0,0,0,0,7,0,0,2,1,4,7,3,3,1,47,4,3,0,1,65,0,3,3,58,61,0,0,0,0,0,2,1,0,0,1,7,0,1,1,1,4,0,0,0,0,10,0,0,0,0,19,0,3,5,10,15,0,0,0,0,0,0,0,0,0,0,0,0,0,0,0,0,0,0,0,0,0,0,0,0,0,0,0,0,0,0,0,0,0,0,0,0,0,0,0,0,0,0,0,0,0,0,0,0,0,0,0,0,0,0,0,0,0,0,0,0,0,0
Greensburg Police Department,2005-07-01,Pennsylvania,15608,PA06502,breakdown offenses,adjustment,adjustment,adjustment,not updated,adjustment,breakdown offenses,breakdown offenses,,0,0,0,0,0,1,1,0,1,0,0,0,1,9,0,1,0,0,8,9,7,1,1,52,1,1,0,0,73,0,1,3,62,65,0,0,1,1,0,1,0,0,0,1,10,0,0,0,0,10,0,0,0,0,10,1,1,0,0,23,0,0,2,11,13,0,0,0,0,0,0,0,0,0,0,0,0,0,0,0,0,0,0,0,0,0,0,0,0,0,0,0,0,0,0,0,0,0,0,0,0,0,0,0,0,0,0,0,0,0,0,0,0,0,0,0,0,0,0,0,0,0,0,0,0,0,0
Greensburg Police Department,2005-06-01,Pennsylvania,15608,PA06502,breakdown offenses,adjustment,adjustment,adjustment,not updated,adjustment,breakdown offenses,breakdown offenses,,0,0,0,0,0,1,1,0,0,0,0,0,0,9,0,0,0,0,9,6,4,1,1,49,3,1,0,2,68,0,0,1,58,59,0,0,0,0,0,1,1,0,0,0,10,0,0,0,1,9,1,0,1,0,12,1,0,0,1,25,0,1,2,14,16,0,0,0,0,0,0,0,0,0,0,0,0,0,0,0,0,0,0,0,0,0,0,0,0,0,0,0,0,0,0,0,0,0,0,0,0,0,0,0,0,0,0,0,0,0,0,0,0,0,0,0,0,0,0,0,0,0,0,0,0,0,0
Greensburg Police Department,2005-05-01,Pennsylvania,15608,PA06502,breakdown offenses,adjustment,adjustment,adjustment,not updated,adjustment,breakdown offenses,breakdown offenses,,0,0,1,0,0,1,1,0,1,1,0,0,0,7,0,1,0,1,5,6,3,2,1,40,1,1,0,0,56,0,2,4,47,51,0,0,0,0,0,1,1,0,0,0,8,0,1,0,1,6,1,0,0,1,7,1,1,0,0,18,0,2,3,9,12,0,0,0,0,0,0,0,0,0,0,0,0,0,0,0,0,0,0,0,0,0,0,0,0,0,0,0,0,0,0,0,0,0,0,0,0,0,0,0,0,0,0,0,0,0,0,0,0,0,0,0,0,0,0,0,0,0,0,0,0,0,0
Greensburg Police Department,2005-04-01,Pennsylvania,15608,PA06502,breakdown offenses,adjustment,adjustment,adjustment,adjustment,adjustment,breakdown offenses,breakdown offenses,breakdown offenses,0,0,0,0,0,0,0,0,0,0,0,0,0,9,0,0,0,2,7,4,1,2,1,31,1,1,0,0,45,0,2,2,36,38,0,0,0,0,0,0,0,0,0,0,7,0,0,0,1,6,0,0,0,0,10,0,0,0,0,17,0,1,1,10,11,0,0,0,0,0,0,0,0,0,0,2,0,0,0,0,2,0,0,0,0,0,0,0,0,0,2,0,0,0,0,0,0,0,0,0,0,0,0,0,0,0,0,0,0,0,0,0,0,0,0,0,1,0,0,0,0,1,0,0,0,1,1
Greensburg Police Department,2005-03-01,Pennsylvania,15608,PA06502,breakdown offenses,adjustment,adjustment,adjustment,adjustment,adjustment,breakdown offenses,breakdown offenses,breakdown offenses,0,0,0,0,0,0,0,0,2,1,0,0,1,18,0,1,0,4,13,7,6,0,1,35,7,5,0,2,69,0,5,7,49,56,0,0,0,0,0,1,0,0,0,1,15,0,2,0,3,10,1,1,0,0,10,2,1,0,1,29,0,5,6,13,19,0,0,0,0,0,0,0,0,0,0,1,0,0,0,1,0,0,0,0,0,0,0,0,0,0,1,0,1,1,0,1,0,0,0,0,0,0,0,0,0,0,0,0,0,0,0,0,0,0,0,0,0,0,0,0,0,0,0,0,0,0,0
Greensburg Police Department,2005-02-01,Pennsylvania,15608,PA06502,breakdown offenses,adjustment,adjustment,adjustment,not updated,adjustment,breakdown offenses,breakdown offenses,,0,0,0,0,0,0,0,0,2,0,0,0,2,9,0,0,0,0,9,3,1,1,1,28,1,0,0,1,43,0,0,2,32,34,0,0,0,0,0,1,0,0,0,1,10,0,0,0,0,10,1,0,1,0,10,1,0,0,1,23,0,0,1,12,13,0,0,0,0,0,0,0,0,0,0,0,0,0,0,0,0,0,0,0,0,0,0,0,0,0,0,0,0,0,0,0,0,0,0,0,0,0,0,0,0,0,0,0,0,0,0,0,0,0,0,0,0,0,0,0,0,0,0,0,0,0,0
Greensburg Police Department,2005-01-01,Pennsylvania,15608,PA06502,breakdown offenses,adjustment,adjustment,adjustment,not updated,adjustment,breakdown offenses,breakdown offenses,,0,0,0,0,0,0,0,0,1,0,0,0,1,14,0,1,0,1,12,13,11,1,1,23,1,1,0,0,52,0,2,3,37,40,0,0,1,1,0,0,0,0,0,0,14,0,1,0,1,12,1,1,0,0,9,1,1,0,0,26,0,2,3,11,14,0,0,0,0,0,0,0,0,0,0,0,0,0,0,0,0,0,0,0,0,0,0,0,0,0,0,0,0,0,0,0,0,0,0,0,0,0,0,0,0,0,0,0,0,0,0,0,0,0,0,0,0,0,0,0,0,0,0,0,0,0,0
Greensburg Police Department,2004-12-01,Pennsylvania,15576,PA06502,breakdown offenses,adjustment,adjustment,adjustment,not updated,adjustment,breakdown offenses,breakdown offenses,,0,0,0,0,0,0,0,0,1,1,0,0,0,4,0,0,0,1,3,9,5,3,1,34,3,2,1,0,51,0,1,2,46,48,0,0,0,0,0,0,0,0,0,0,7,0,0,0,2,5,0,0,0,0,6,2,1,1,0,15,0,2,2,8,10,0,0,0,0,0,0,0,0,0,0,0,0,0,0,0,0,0,0,0,0,0,0,0,0,0,0,0,0,0,0,0,0,0,0,0,0,0,0,0,0,0,0,0,0,0,0,0,0,0,0,0,1,0,0,0,0,1,0,0,0,1,1
Greensburg Police Department,2004-11-01,Pennsylvania,15576,PA06502,breakdown offenses,adjustment,adjustment,adjustment,not updated,adjustment,breakdown offenses,breakdown offenses,,0,0,0,0,0,0,0,0,1,0,1,0,0,10,0,0,0,4,6,5,3,1,1,28,4,3,0,1,48,0,4,5,37,42,0,0,0,0,0,0,0,0,0,0,8,0,0,0,3,5,1,1,0,0,12,1,1,0,0,22,0,3,3,14,17,0,0,0,0,0,0,0,0,0,0,0,0,0,0,0,0,0,0,0,0,0,0,0,0,0,0,0,0,0,0,0,0,0,0,0,0,0,0,0,0,0,0,0,0,0,0,0,0,0,0,0,0,0,0,0,0,0,0,0,0,0,0
Greensburg Police Department,2004-10-01,Pennsylvania,15576,PA06502,breakdown offenses,adjustment,adjustment,adjustment,not updated,adjustment,breakdown offenses,breakdown offenses,,0,0,1,0,0,0,0,0,0,0,0,0,0,5,0,0,1,1,3,6,3,0,3,41,1,1,0,0,53,0,2,2,48,50,0,0,0,0,0,0,0,0,0,0,4,0,0,1,1,2,1,0,0,1,8,0,0,0,0,13,0,2,2,9,11,0,0,0,0,0,0,0,0,0,0,0,0,0,0,0,0,0,0,0,0,0,0,0,0,0,0,0,0,0,0,0,0,0,0,0,0,0,0,0,0,0,0,0,0,0,0,0,0,0,0,0,0,0,0,0,0,0,0,0,0,0,0
Greensburg Police Department,2004-09-01,Pennsylvania,15576,PA06502,breakdown offenses,adjustment,adjustment,adjustment,not updated,adjustment,breakdown offenses,breakdown offenses,,0,0,1,0,0,0,0,0,0,0,0,0,0,7,0,0,0,0,7,6,6,0,0,42,5,5,0,0,60,0,0,0,53,53,0,0,0,0,0,0,0,0,0,0,11,4,0,0,0,7,2,2,0,0,18,2,0,0,2,33,0,4,4,22,26,0,0,0,0,0,0,0,0,0,0,0,0,0,0,0,0,0,0,0,0,0,0,0,0,0,0,0,0,0,0,0,0,0,1,1,0,0,0,0,0,0,0,0,0,0,0,0,0,0,0,0,0,0,0,0,0,1,0,0,1,0,1
Greensburg Police Department,2004-08-01,Pennsylvania,15576,PA06502,breakdown offenses,adjustment,adjustment,adjustment,not updated,adjustment,breakdown offenses,breakdown offenses,,0,0,3,0,0,1,1,0,0,0,0,0,0,18,0,2,1,4,11,5,2,2,1,30,1,0,0,1,55,0,7,8,36,44,0,0,0,0,0,0,0,0,0,0,16,0,2,1,0,13,0,0,0,0,10,0,0,0,0,26,0,3,3,10,13,0,0,0,0,0,0,0,0,0,0,0,0,0,0,0,0,0,0,0,0,0,0,0,0,0,0,0,0,0,0,0,0,0,0,0,0,0,0,0,0,0,0,0,0,0,0,0,0,0,0,0,2,0,0,0,0,2,0,0,0,2,2
Greensburg Police Department,2004-07-01,Pennsylvania,15576,PA06502,breakdown offenses,adjustment,adjustment,adjustment,not updated,adjustment,breakdown offenses,breakdown offenses,,0,0,4,0,0,0,0,0,2,0,0,0,2,13,0,0,2,1,10,11,6,4,1,33,0,0,0,0,59,0,3,5,44,49,0,0,0,0,0,1,0,0,0,1,13,0,0,2,1,10,1,0,1,0,11,0,0,0,0,26,0,3,4,12,16,0,0,0,0,0,0,0,0,0,0,0,0,0,0,0,0,0,0,0,0,0,0,0,0,0,0,0,0,0,0,0,0,0,0,0,0,0,0,0,0,0,0,0,0,0,0,0,0,0,0,0,0,0,0,0,0,0,0,0,0,0,0
Greensburg Police Department,2004-06-01,Pennsylvania,15576,PA06502,breakdown offenses,adjustment,adjustment,adjustment,not updated,adjustment,breakdown offenses,breakdown offenses,,0,0,1,0,0,0,0,0,0,0,0,0,0,8,0,0,0,2,6,7,6,1,0,40,0,0,0,0,55,0,2,2,47,49,0,0,0,0,0,0,0,0,0,0,7,0,0,0,2,5,1,1,0,0,12,1,0,0,1,21,0,2,2,14,16,0,0,0,0,0,0,0,0,0,0,0,0,0,0,0,0,0,0,0,0,0,0,0,0,0,0,0,0,0,0,0,0,0,0,0,0,0,0,0,0,0,0,0,0,0,0,0,0,0,0,0,1,0,0,0,0,1,0,0,0,1,1
Greensburg Police Department,2004-05-01,Pennsylvania,15576,PA06502,breakdown offenses,adjustment,adjustment,adjustment,not updated,adjustment,breakdown offenses,breakdown offenses,,0,0,2,1,0,1,1,0,1,0,0,0,1,12,0,0,2,5,5,4,0,3,1,32,3,2,0,1,54,0,7,10,39,49,0,0,1,1,0,1,0,0,0,1,10,0,1,2,5,2,4,2,2,0,10,2,2,0,0,28,0,8,10,16,26,0,0,0,0,0,0,0,0,0,0,0,0,0,0,0,0,0,0,0,0,0,0,0,0,0,0,0,0,0,0,0,0,0,0,0,0,0,0,0,0,0,0,0,0,0,0,0,0,0,0,0,0,0,0,0,0,0,0,0,0,0,0
Greensburg Police Department,2004-04-01,Pennsylvania,15576,PA06502,breakdown offenses,adjustment,adjustment,adjustment,not updated,adjustment,breakdown offenses,breakdown offenses,,0,0,0,0,0,0,0,0,0,0,0,0,0,7,0,1,0,0,6,6,5,1,0,35,6,3,0,3,54,0,1,1,47,48,0,0,0,0,0,0,0,0,0,0,6,0,0,0,0,6,2,2,0,0,6,2,2,0,0,16,0,0,0,10,10,0,0,0,0,0,0,0,0,0,0,0,0,0,0,0,0,0,0,0,0,0,0,0,0,0,0,0,0,0,0,0,0,0,0,0,0,0,0,0,0,0,0,0,0,0,0,0,0,0,0,0,0,0,0,0,0,0,0,0,0,0,0
Greensburg Police Department,2004-03-01,Pennsylvania,15576,PA06502,breakdown offenses,adjustment,adjustment,adjustment,not updated,adjustment,breakdown offenses,breakdown offenses,,0,0,0,1,0,1,1,0,1,1,0,0,0,13,0,0,1,1,11,2,2,0,0,30,2,2,0,0,50,0,2,5,34,39,0,0,0,0,0,1,1,0,0,0,15,0,0,2,2,11,1,1,0,0,4,1,1,0,0,22,0,4,5,6,11,0,0,0,0,0,0,0,0,0,0,0,0,0,0,0,0,0,0,0,0,0,0,0,0,0,0,0,0,0,0,0,0,0,0,0,0,0,0,0,0,0,0,0,0,0,0,0,0,0,0,0,0,0,0,0,0,0,0,0,0,0,0
Greensburg Police Department,2004-02-01,Pennsylvania,15576,PA06502,breakdown offenses,adjustment,adjustment,adjustment,not updated,adjustment,breakdown offenses,breakdown offenses,,0,0,0,1,0,0,0,0,0,0,0,0,0,8,0,1,1,1,5,1,1,0,0,32,1,1,0,0,43,0,3,4,34,38,1,0,0,0,0,0,0,0,0,0,6,0,1,1,1,3,1,1,0,0,11,1,1,0,0,20,0,3,4,13,17,0,0,0,0,0,0,0,0,0,0,0,0,0,0,0,0,0,0,0,0,0,0,0,0,0,0,0,0,0,0,0,0,0,0,0,0,0,0,0,0,0,0,0,0,0,0,0,1,0,1,0,1,0,0,0,0,2,0,0,0,2,2
Greensburg Police Department,2004-01-01,Pennsylvania,15576,PA06502,breakdown offenses,adjustment,adjustment,adjustment,not updated,adjustment,breakdown offenses,breakdown offenses,,0,0,0,0,0,1,1,0,0,0,0,0,0,7,0,0,0,2,5,4,4,0,0,26,1,1,0,0,39,0,2,3,31,34,0,0,1,1,0,0,0,0,0,0,7,0,0,0,2,5,0,0,0,0,9,0,0,0,0,17,0,2,3,9,12,0,0,0,0,0,0,0,0,0,0,0,0,0,0,0,0,0,0,0,0,0,0,0,0,0,0,0,0,0,0,0,0,0,0,0,0,0,0,0,0,0,0,0,0,0,0,0,0,0,0,0,1,0,0,0,0,1,0,0,0,1,1
Greensburg Police Department,2003-12-01,Pennsylvania,15655,PA06502,breakdown offenses,adjustment,adjustment,adjustment,adjustment,adjustment,breakdown offenses,breakdown offenses,breakdown offenses,0,0,2,0,0,0,0,0,3,0,1,0,2,13,0,1,0,2,10,10,9,0,1,26,3,3,0,0,55,0,3,6,39,45,0,0,1,1,0,2,0,1,0,1,13,0,2,0,2,9,1,1,0,0,11,0,0,0,0,28,0,4,7,12,19,0,0,0,0,0,0,0,0,0,0,1,0,0,0,1,0,0,0,0,0,0,0,0,0,0,1,0,1,1,0,1,0,0,0,0,0,0,0,0,0,0,0,0,0,0,0,0,0,0,0,0,0,0,0,0,0,0,0,0,0,0,0
Greensburg Police Department,2003-11-01,Pennsylvania,15655,PA06502,breakdown offenses,adjustment,adjustment,adjustment,adjustment,adjustment,breakdown offenses,breakdown offenses,breakdown offenses,0,0,1,0,0,1,1,0,0,0,0,0,0,5,0,0,0,1,4,6,6,0,0,23,2,2,0,0,37,0,1,2,31,33,0,0,0,0,0,0,0,0,0,0,5,0,0,0,2,3,2,2,0,0,7,1,1,0,0,15,0,2,2,10,12,0,0,0,0,0,0,0,0,0,0,0,0,0,0,0,0,0,0,0,0,1,0,0,0,0,1,0,0,0,1,1,0,0,0,0,0,0,0,0,0,0,0,0,0,0,0,0,0,0,0,0,0,0,0,0,0,0,0,0,0,0,0
Greensburg Police Department,2003-10-01,Pennsylvania,15655,PA06502,breakdown offenses,adjustment,adjustment,adjustment,adjustment,adjustment,breakdown offenses,breakdown offenses,breakdown offenses,0,0,0,1,0,0,0,0,1,0,0,0,1,13,0,1,0,1,11,7,5,1,1,40,3,2,0,1,65,0,2,4,50,54,1,0,0,0,0,1,0,0,0,1,9,0,0,0,1,8,1,1,0,0,12,1,1,0,0,25,0,1,3,14,17,0,0,0,0,0,0,0,0,0,0,0,0,0,0,0,0,0,0,0,0,1,0,0,0,0,1,0,0,0,1,1,0,0,0,0,0,0,0,0,0,0,0,0,0,0,0,0,0,0,0,0,0,0,0,0,0,0,0,0,0,0,0
Greensburg Police Department,2003-09-01,Pennsylvania,15655,PA06502,breakdown offenses,adjustment,adjustment,adjustment,adjustment,adjustment,breakdown offenses,breakdown offenses,breakdown offenses,0,0,0,0,0,0,0,0,1,0,0,0,1,10,1,0,0,3,6,1,1,0,0,30,1,1,0,0,43,0,4,5,32,37,0,0,0,0,0,1,0,0,0,1,12,0,0,0,3,9,0,0,0,0,4,0,0,0,0,17,0,3,4,4,8,0,0,0,0,0,0,0,0,0,0,1,0,0,0,0,1,0,0,0,0,0,0,0,0,0,1,0,0,0,0,0,0,0,0,0,0,0,0,0,0,0,0,0,0,0,0,0,0,0,0,0,0,0,0,0,0,0,0,0,0,0,0
Greensburg Police Department,2003-08-01,Pennsylvania,15655,PA06502,breakdown offenses,adjustment,adjustment,adjustment,adjustment,adjustment,breakdown offenses,breakdown offenses,breakdown offenses,0,0,0,0,0,1,1,0,1,1,0,0,0,10,0,1,0,0,9,4,2,2,0,52,0,0,0,0,68,0,1,3,56,59,0,0,1,1,0,0,0,0,0,0,8,0,1,0,0,7,1,0,1,0,4,0,0,0,0,14,0,1,2,5,7,0,0,0,0,0,0,0,0,0,0,2,0,0,0,0,2,0,0,0,0,0,0,0,0,0,2,0,0,0,0,0,0,0,0,0,0,0,0,0,0,0,0,0,0,0,0,0,1,0,1,0,0,0,0,0,0,1,0,0,0,1,1
Greensburg Police Department,2003-07-01,Pennsylvania,15655,PA06502,breakdown offenses,adjustment,adjustment,adjustment,adjustment,adjustment,breakdown offenses,breakdown offenses,breakdown offenses,0,0,0,0,0,1,1,0,0,0,0,0,0,15,0,0,0,1,14,14,8,1,5,41,2,0,0,2,73,0,1,2,57,59,0,0,0,0,0,0,0,0,0,0,13,0,0,0,1,12,1,0,1,0,3,1,0,0,1,18,0,1,1,5,6,0,0,0,0,0,0,0,0,0,0,1,0,0,0,0,1,1,0,1,0,0,1,0,0,1,3,0,0,0,2,2,0,0,0,0,0,1,0,0,0,1,0,0,0,0,0,0,0,0,0,0,1,0,0,0,0,2,0,0,1,1,2
Greensburg Police Department,2003-06-01,Pennsylvania,15655,PA06502,breakdown offenses,adjustment,adjustment,adjustment,adjustment,adjustment,breakdown offenses,breakdown offenses,breakdown offenses,0,0,2,0,0,0,0,0,0,0,0,0,0,11,0,0,1,0,10,12,10,2,0,29,2,2,0,0,54,0,1,1,43,44,0,0,0,0,0,0,0,0,0,0,9,0,0,1,1,7,2,1,1,0,7,0,0,0,0,18,0,2,2,9,11,0,0,0,0,0,0,0,0,0,0,1,0,0,0,0,1,0,0,0,0,1,0,0,0,0,2,0,0,0,1,1,0,0,0,0,0,0,0,0,0,0,0,0,0,0,0,0,0,0,0,0,1,0,0,0,0,1,0,0,0,1,1
Greensburg Police Department,2003-05-01,Pennsylvania,15655,PA06502,breakdown offenses,adjustment,adjustment,adjustment,adjustment,adjustment,breakdown offenses,breakdown offenses,breakdown offenses,0,0,0,0,0,0,0,0,0,0,0,0,0,11,0,0,1,2,8,7,5,1,1,31,2,1,1,0,51,0,3,3,40,43,0,0,0,0,0,0,0,0,0,0,10,0,0,1,1,8,0,0,0,0,4,1,1,0,0,15,0,2,2,5,7,0,0,0,0,0,0,0,0,0,0,1,0,0,0,0,1,0,0,0,0,0,0,0,0,0,1,0,0,0,0,0,0,0,0,0,0,0,0,0,0,0,0,0,0,0,0,0,0,0,0,0,0,0,0,0,0,0,0,0,0,0,0
Greensburg Police Department,2003-04-01,Pennsylvania,15655,PA06502,breakdown offenses,adjustment,adjustment,adjustment,adjustment,adjustment,breakdown offenses,breakdown offenses,breakdown offenses,0,0,0,0,0,0,0,0,0,0,0,0,0,8,1,0,0,1,6,5,2,2,1,31,5,3,0,2,49,0,2,2,41,43,0,0,0,0,0,0,0,0,0,0,23,16,0,0,2,5,1,1,0,0,6,0,0,0,0,30,0,18,18,7,25,0,0,0,0,0,0,0,0,0,0,1,0,0,0,1,0,1,1,0,0,1,0,0,0,0,3,0,1,1,2,3,0,0,0,0,0,0,0,0,0,0,0,0,0,0,0,0,0,0,0,0,0,0,0,0,0,0,0,0,0,0,0
Greensburg Police Department,2003-03-01,Pennsylvania,15655,PA06502,breakdown offenses,adjustment,adjustment,adjustment,adjustment,adjustment,breakdown offenses,breakdown offenses,breakdown offenses,0,0,0,0,0,0,0,0,0,0,0,0,0,5,0,0,0,4,1,7,5,1,1,21,0,0,0,0,33,0,4,4,28,32,0,0,0,0,0,2,2,0,0,0,9,0,0,0,4,5,0,0,0,0,7,0,0,0,0,18,0,4,6,7,13,0,0,0,0,0,0,0,0,0,0,1,0,0,0,1,0,0,0,0,0,2,0,0,0,0,3,0,1,1,2,3,0,0,0,0,0,0,0,0,0,0,0,0,0,0,0,0,0,0,0,0,0,0,0,0,0,0,0,0,0,0,0
Greensburg Police Department,2003-02-01,Pennsylvania,15655,PA06502,breakdown offenses,adjustment,adjustment,adjustment,adjustment,adjustment,breakdown offenses,breakdown offenses,breakdown offenses,0,0,1,0,0,0,0,0,0,0,0,0,0,8,0,0,1,3,4,8,4,4,0,26,4,4,0,0,46,0,4,4,38,42,0,0,0,0,0,0,0,0,0,0,10,0,0,1,3,6,0,0,0,0,6,1,1,0,0,17,0,4,4,7,11,0,0,0,0,0,0,0,0,0,0,3,0,0,0,0,3,0,0,0,0,1,0,0,0,0,4,0,0,0,1,1,0,0,0,0,0,0,0,0,0,0,0,0,0,0,0,0,0,0,0,0,0,0,0,0,0,0,0,0,0,0,0
Greensburg Police Department,2003-01-01,Pennsylvania,15655,PA06502,breakdown offenses,adjustment,adjustment,adjustment,adjustment,adjustment,breakdown offenses,breakdown offenses,breakdown offenses,0,0,0,0,0,0,0,0,0,0,0,0,0,6,0,0,0,1,5,5,2,1,2,41,3,2,0,1,55,0,1,1,49,50,0,0,0,0,0,0,0,0,0,0,5,0,0,0,0,5,0,0,0,0,8,1,0,0,1,14,0,0,0,9,9,0,0,0,0,0,0,0,0,0,0,0,0,0,0,0,0,0,0,0,0,0,0,0,0,0,0,0,0,0,0,0,0,0,0,0,0,0,0,0,0,0,0,0,0,0,0,0,0,0,0,0,0,0,0,0,0,0,0,0,0,0,0
Greensburg Police Department,2002-12-01,Pennsylvania,15959,PA06502,breakdown offenses,adjustment,adjustment,adjustment,adjustment,adjustment,breakdown offenses,breakdown offenses,breakdown offenses,0,0,0,0,0,0,0,0,0,0,0,0,0,12,0,0,0,2,10,2,1,1,0,22,1,1,0,0,37,0,2,2,25,27,0,0,0,0,0,0,0,0,0,0,9,0,0,0,2,7,1,0,1,0,2,0,0,0,0,12,0,2,2,3,5,0,0,0,0,0,0,0,0,0,0,2,0,0,0,0,2,0,0,0,0,0,0,0,0,0,2,0,0,0,0,0,0,0,0,0,0,0,0,0,0,0,0,0,0,0,0,0,0,0,0,0,1,0,0,0,0,1,0,0,0,1,1
Greensburg Police Department,2002-11-01,Pennsylvania,15959,PA06502,breakdown offenses,adjustment,adjustment,adjustment,adjustment,adjustment,breakdown offenses,breakdown offenses,breakdown offenses,0,0,0,0,0,0,0,0,1,0,0,0,1,9,0,0,1,0,8,3,1,2,0,22,0,0,0,0,35,0,1,2,25,27,0,0,0,0,0,1,0,0,0,1,9,0,0,1,2,6,1,1,0,0,4,0,0,0,0,15,0,3,4,5,9,0,0,0,0,0,0,0,0,0,0,0,0,0,0,0,0,0,0,0,0,0,0,0,0,0,0,0,0,0,0,0,0,0,0,0,0,0,0,0,0,0,0,0,0,0,0,0,0,0,0,0,1,0,0,0,0,1,0,0,0,1,1
Greensburg Police Department,2002-10-01,Pennsylvania,15959,PA06502,breakdown offenses,adjustment,adjustment,adjustment,adjustment,adjustment,breakdown offenses,breakdown offenses,breakdown offenses,0,0,0,0,0,0,0,0,1,0,0,0,1,13,0,0,1,3,9,4,4,0,0,35,1,0,0,1,54,0,4,5,40,45,0,0,0,0,0,0,0,0,0,0,12,0,0,1,2,9,0,0,0,0,4,0,0,0,0,16,0,3,3,4,7,0,0,0,0,0,0,0,0,0,0,1,0,0,1,0,0,0,0,0,0,0,0,0,0,0,1,0,1,1,0,1,0,0,0,0,0,0,0,0,0,0,0,0,0,0,0,0,0,0,0,0,1,0,0,0,0,1,0,0,0,1,1
Greensburg Police Department,2002-09-01,Pennsylvania,15959,PA06502,breakdown offenses,adjustment,adjustment,adjustment,adjustment,adjustment,breakdown offenses,breakdown offenses,breakdown offenses,0,0,0,0,0,0,0,0,1,0,0,0,1,8,0,0,0,3,5,7,4,1,2,40,6,6,0,0,62,0,3,4,53,57,0,0,1,1,0,1,0,0,0,1,6,0,0,0,2,4,1,0,1,0,7,0,0,0,0,16,0,2,4,8,12,0,0,1,1,0,0,0,0,0,0,3,0,0,0,0,3,0,0,0,0,1,0,0,0,0,5,0,0,1,1,2,0,0,0,0,0,0,0,0,0,0,3,0,0,0,0,3,1,1,0,0,4,0,0,0,0,8,0,0,0,5,5
Greensburg Police Department,2002-08-01,Pennsylvania,15959,PA06502,breakdown offenses,adjustment,adjustment,adjustment,adjustment,adjustment,breakdown offenses,breakdown offenses,breakdown offenses,0,0,0,0,0,0,0,0,0,0,0,0,0,6,0,0,0,1,5,7,5,2,0,51,5,5,0,0,69,0,1,1,63,64,0,0,0,0,0,0,0,0,0,0,6,0,0,0,1,5,1,1,0,0,2,0,0,0,0,9,0,1,1,3,4,0,0,0,0,0,0,0,0,0,0,2,0,0,0,0,2,0,0,0,0,0,0,0,0,0,2,0,0,0,0,0,0,0,0,0,0,0,0,0,0,0,0,0,0,0,0,0,0,0,0,0,0,1,0,1,0,1,0,0,0,1,1
Greensburg Police Department,2002-07-01,Pennsylvania,15959,PA06502,breakdown offenses,adjustment,adjustment,adjustment,adjustment,adjustment,breakdown offenses,breakdown offenses,breakdown offenses,0,0,0,0,0,0,0,0,0,0,0,0,0,10,0,0,0,2,8,5,3,2,0,40,1,1,0,0,56,0,2,2,46,48,0,0,0,0,0,0,0,0,0,0,10,0,0,0,3,7,0,0,0,0,4,0,0,0,0,14,0,3,3,4,7,0,0,0,0,0,0,0,0,0,0,0,0,0,0,0,0,0,0,0,0,1,0,0,0,0,1,0,0,0,1,1,0,0,0,0,0,0,0,0,0,0,0,0,0,0,0,0,0,0,0,0,1,0,0,0,0,1,0,0,0,1,1
Greensburg Police Department,2002-06-01,Pennsylvania,15959,PA06502,breakdown offenses,adjustment,adjustment,adjustment,adjustment,adjustment,breakdown offenses,breakdown offenses,breakdown offenses,0,0,0,0,0,0,0,0,0,0,0,0,0,11,0,0,1,2,8,3,2,1,0,39,2,1,0,1,55,0,3,3,44,47,0,0,0,0,0,0,0,0,0,0,12,0,0,1,1,10,2,2,0,0,5,0,0,0,0,19,0,2,2,7,9,0,0,0,0,0,0,0,0,0,0,1,0,0,0,1,0,0,0,0,0,0,0,0,0,0,1,0,1,1,0,1,0,0,0,0,0,0,0,0,0,0,0,0,0,0,0,0,0,0,0,0,0,0,0,0,0,0,0,0,0,0,0
Greensburg Police Department,2002-05-01,Pennsylvania,15959,PA06502,breakdown offenses,adjustment,adjustment,adjustment,adjustment,adjustment,breakdown offenses,breakdown offenses,breakdown offenses,0,0,0,0,0,1,1,0,0,0,0,0,0,10,1,0,0,2,7,9,7,0,2,19,3,2,0,1,42,0,3,4,31,35,0,0,0,0,0,0,0,0,0,0,8,1,0,0,2,5,3,2,1,0,6,2,2,0,0,19,0,3,3,11,14,0,0,0,0,0,0,0,0,0,0,3,0,0,0,1,2,0,0,0,0,1,0,0,0,0,4,0,1,1,1,2,0,0,0,0,0,0,0,0,0,0,0,0,0,0,0,0,0,0,0,0,1,0,0,0,0,1,0,0,0,1,1
Greensburg Police Department,2002-04-01,Pennsylvania,15959,PA06502,breakdown offenses,adjustment,adjustment,adjustment,adjustment,adjustment,breakdown offenses,breakdown offenses,breakdown offenses,0,0,0,0,0,0,0,0,1,0,1,0,0,9,0,0,0,2,7,4,2,1,1,30,0,0,0,0,44,0,2,3,34,37,0,0,0,0,0,1,0,1,0,0,7,0,0,1,2,4,1,1,0,0,8,0,0,0,0,17,0,3,4,9,13,0,0,0,0,0,0,0,0,0,0,0,0,0,0,0,0,0,0,0,0,1,0,0,0,0,1,0,0,0,1,1,0,0,0,0,0,0,0,0,0,0,0,0,0,0,0,0,0,0,0,0,0,1,0,1,0,1,0,0,0,1,1
Greensburg Police Department,2002-03-01,Pennsylvania,15959,PA06502,breakdown offenses,adjustment,adjustment,adjustment,adjustment,adjustment,breakdown offenses,breakdown offenses,breakdown offenses,0,0,0,0,0,0,0,0,1,0,0,0,1,6,0,0,0,0,6,6,5,1,0,36,2,2,0,0,51,0,0,1,44,45,0,0,0,0,0,1,0,0,0,1,5,0,0,0,0,5,0,0,0,0,6,1,1,0,0,13,0,0,1,7,8,0,0,0,0,0,0,0,0,0,0,0,0,0,0,0,0,0,0,0,0,1,0,0,0,0,1,0,0,0,1,1,0,0,0,0,0,0,0,0,0,0,0,0,0,0,0,0,0,0,0,0,0,0,0,0,0,0,0,0,0,0,0
Greensburg Police Department,2002-02-01,Pennsylvania,15959,PA06502,breakdown offenses,adjustment,adjustment,adjustment,adjustment,adjustment,breakdown offenses,breakdown offenses,breakdown offenses,0,0,0,0,0,0,0,0,1,1,0,0,0,5,0,0,0,1,4,2,2,0,0,23,3,3,0,0,34,0,1,2,28,30,0,0,0,0,0,0,0,0,0,0,3,0,0,0,1,2,0,0,0,0,5,0,0,0,0,8,0,1,1,5,6,0,0,0,0,0,0,0,0,0,0,0,0,0,0,0,0,0,0,0,0,1,0,0,0,0,1,0,0,0,1,1,0,0,0,0,0,0,0,0,0,0,0,0,0,0,0,0,0,0,0,0,0,0,0,0,0,0,0,0,0,0,0
Greensburg Police Department,2002-01-01,Pennsylvania,15959,PA06502,breakdown offenses,adjustment,adjustment,adjustment,adjustment,adjustment,breakdown offenses,breakdown offenses,breakdown offenses,0,0,0,0,0,1,1,0,1,0,0,0,1,9,0,1,1,1,6,6,2,2,2,35,8,8,0,0,60,0,3,5,49,54,0,0,0,0,0,1,0,0,0,1,8,0,1,1,1,5,0,0,0,0,16,2,2,0,0,27,0,3,4,18,22,0,0,0,0,0,0,0,0,0,0,0,0,0,0,0,0,0,0,0,0,0,0,0,0,0,0,0,0,0,0,0,0,0,0,0,0,0,0,0,0,0,0,0,0,0,0,0,0,0,0,0,0,0,0,0,0,0,0,0,0,0,0
Greensburg Police Department,2001-12-01,Pennsylvania,15897,PA06502,breakdown offenses,adjustment,adjustment,adjustment,not updated,adjustment,breakdown offenses,breakdown offenses,,0,0,0,0,0,2,2,0,0,0,0,0,0,5,0,0,0,5,0,8,5,1,2,22,3,2,0,1,40,0,5,7,33,40,0,0,1,1,0,0,0,0,0,0,2,0,0,0,2,0,1,0,1,0,4,1,0,0,1,9,0,2,3,6,9,0,0,0,0,0,0,0,0,0,0,0,0,0,0,0,0,0,0,0,0,0,0,0,0,0,0,0,0,0,0,0,0,0,0,0,0,0,0,0,0,0,0,0,0,0,0,0,0,0,0,0,0,0,0,0,0,0,0,0,0,0,0
Greensburg Police Department,2001-11-01,Pennsylvania,15897,PA06502,breakdown offenses,adjustment,adjustment,adjustment,not updated,adjustment,breakdown offenses,breakdown offenses,,0,0,0,0,0,0,0,0,1,1,0,0,0,15,1,0,3,6,5,11,7,2,2,22,1,0,0,1,50,0,10,11,34,45,0,0,0,0,0,0,0,0,0,0,15,0,0,3,7,5,1,0,1,0,5,0,0,0,0,21,0,10,10,6,16,0,0,0,0,0,0,0,0,0,0,0,0,0,0,0,0,0,0,0,0,0,0,0,0,0,0,0,0,0,0,0,0,0,0,0,0,0,0,0,0,0,0,0,0,0,0,0,0,0,0,0,0,0,0,0,0,0,0,0,0,0,0
Greensburg Police Department,2001-10-01,Pennsylvania,15897,PA06502,breakdown offenses,adjustment,adjustment,adjustment,not updated,adjustment,breakdown offenses,breakdown offenses,,0,0,0,0,0,1,1,0,5,5,0,0,0,14,0,0,0,6,8,19,13,4,2,25,3,3,0,0,67,0,6,12,47,59,0,0,0,0,0,0,0,0,0,0,12,0,0,0,5,7,1,1,0,0,4,0,0,0,0,17,0,5,5,5,10,0,0,0,0,0,0,0,0,0,0,0,0,0,0,0,0,0,0,0,0,0,0,0,0,0,0,0,0,0,0,0,0,0,0,0,0,0,0,0,0,0,1,0,0,0,0,1,1,0,1,0,0,0,0,0,0,2,0,0,0,1,1
Greensburg Police Department,2001-09-01,Pennsylvania,15897,PA06502,breakdown offenses,adjustment,adjustment,adjustment,not updated,adjustment,breakdown offenses,breakdown offenses,,0,0,0,0,0,0,0,0,0,0,0,0,0,9,0,2,0,2,5,22,16,4,2,18,4,3,0,1,53,0,4,4,44,48,0,1,0,0,0,0,0,0,0,0,4,0,0,0,1,3,2,2,0,0,1,0,0,0,0,8,0,1,1,3,4,0,0,0,0,0,0,0,0,0,0,0,0,0,0,0,0,0,0,0,0,0,0,0,0,0,0,0,0,0,0,0,0,0,0,0,0,0,0,0,0,0,0,0,0,0,0,0,0,0,0,0,0,0,0,0,0,0,0,0,0,0,0
Greensburg Police Department,2001-08-01,Pennsylvania,15897,PA06502,breakdown offenses,adjustment,adjustment,adjustment,not updated,adjustment,breakdown offenses,breakdown offenses,,0,0,2,1,0,0,0,0,2,1,0,0,1,10,0,1,1,5,3,15,5,9,1,46,3,3,0,0,77,0,7,10,64,74,0,0,0,0,0,0,0,0,0,0,4,0,0,1,1,2,0,0,0,0,9,0,0,0,0,13,0,2,2,9,11,0,0,0,0,0,0,0,0,0,0,0,0,0,0,0,0,0,0,0,0,0,0,0,0,0,0,0,0,0,0,0,0,0,0,0,0,0,0,0,0,0,0,0,0,0,0,0,0,0,0,0,0,0,0,0,0,0,0,0,0,0,0
Greensburg Police Department,2001-07-01,Pennsylvania,15897,PA06502,breakdown offenses,adjustment,adjustment,adjustment,not updated,adjustment,breakdown offenses,breakdown offenses,,0,0,0,0,0,0,0,0,3,2,0,0,1,6,0,0,0,0,6,9,5,3,1,31,0,0,0,0,49,0,0,3,40,43,0,0,1,1,0,1,0,0,0,1,6,0,0,0,0,6,0,0,0,0,1,0,0,0,0,9,0,0,2,1,3,0,0,0,0,0,0,0,0,0,0,0,0,0,0,0,0,0,0,0,0,0,0,0,0,0,0,0,0,0,0,0,0,0,0,0,0,0,0,0,0,0,0,0,0,0,0,0,0,0,0,0,1,0,0,0,0,1,0,0,0,1,1
Greensburg Police Department,2001-06-01,Pennsylvania,15897,PA06502,breakdown offenses,adjustment,adjustment,adjustment,not updated,adjustment,breakdown offenses,breakdown offenses,,0,0,0,0,0,0,0,0,2,2,0,0,0,18,1,1,1,6,9,3,3,0,0,37,0,0,0,0,60,0,9,11,40,51,0,0,0,0,0,1,1,0,0,0,11,0,1,0,1,9,2,2,0,0,8,0,0,0,0,22,0,2,3,10,13,0,0,0,0,0,0,0,0,0,0,0,0,0,0,0,0,0,0,0,0,0,0,0,0,0,0,0,0,0,0,0,0,0,0,0,0,0,0,0,0,0,0,0,0,0,0,0,0,0,0,0,1,0,0,0,0,1,0,0,0,1,1
Greensburg Police Department,2001-05-01,Pennsylvania,15897,PA06502,breakdown offenses,adjustment,adjustment,adjustment,not updated,adjustment,breakdown offenses,breakdown offenses,,0,0,0,0,0,0,0,0,0,0,0,0,0,13,0,0,1,4,8,5,4,1,0,29,2,2,0,0,49,0,5,5,36,41,0,0,0,0,0,0,0,0,0,0,12,0,0,1,2,9,0,0,0,0,3,0,0,0,0,15,0,3,3,3,6,0,0,0,0,0,0,0,0,0,0,0,0,0,0,0,0,0,0,0,0,0,0,0,0,0,0,0,0,0,0,0,0,0,0,0,0,0,0,0,0,0,0,0,0,0,0,0,0,0,0,0,1,0,0,0,0,1,0,0,0,1,1
Greensburg Police Department,2001-04-01,Pennsylvania,15897,PA06502,breakdown offenses,adjustment,adjustment,adjustment,not updated,adjustment,breakdown offenses,breakdown offenses,,0,0,0,0,0,0,0,0,1,0,1,0,0,10,0,1,0,4,5,3,1,1,1,31,1,1,0,0,46,0,5,6,35,41,0,0,1,1,0,0,0,0,0,0,9,0,1,0,2,6,1,1,0,0,2,0,0,0,0,13,0,3,4,3,7,0,0,0,0,0,0,0,0,0,0,0,0,0,0,0,0,0,0,0,0,0,0,0,0,0,0,0,0,0,0,0,0,0,0,0,0,0,0,0,0,0,0,0,0,0,0,0,0,0,0,0,3,0,0,0,0,3,0,0,0,3,3
Greensburg Police Department,2001-03-01,Pennsylvania,15897,PA06502,breakdown offenses,adjustment,adjustment,adjustment,not updated,adjustment,breakdown offenses,breakdown offenses,,0,0,0,0,0,1,1,0,0,0,0,0,0,6,0,0,0,1,5,1,0,1,0,26,0,0,0,0,34,0,1,2,27,29,0,0,0,0,0,0,0,0,0,0,5,0,0,0,1,4,0,0,0,0,13,0,0,0,0,18,0,1,1,13,14,0,0,0,0,0,0,0,0,0,0,0,0,0,0,0,0,0,0,0,0,0,0,0,0,0,0,0,0,0,0,0,0,0,0,0,0,0,0,0,0,0,0,0,0,0,0,0,0,0,0,0,0,0,0,0,0,0,0,0,0,0,0
Greensburg Police Department,2001-02-01,Pennsylvania,15897,PA06502,breakdown offenses,adjustment,adjustment,adjustment,not updated,adjustment,breakdown offenses,breakdown offenses,,0,0,0,0,0,0,0,0,0,0,0,0,0,8,0,0,0,2,6,1,0,1,0,36,3,2,0,1,48,0,2,2,40,42,0,0,0,0,0,0,0,0,0,0,7,0,0,0,2,5,0,0,0,0,6,1,1,0,0,14,0,2,2,7,9,0,0,0,0,0,0,0,0,0,0,0,0,0,0,0,0,0,0,0,0,0,0,0,0,0,0,0,0,0,0,0,0,0,0,0,0,0,0,0,0,0,0,0,0,0,0,0,0,0,0,0,0,0,0,0,0,0,0,0,0,0,0
Greensburg Police Department,2001-01-01,Pennsylvania,15897,PA06502,breakdown offenses,adjustment,adjustment,adjustment,not updated,adjustment,breakdown offenses,breakdown offenses,,0,0,0,0,0,0,0,0,1,0,0,0,1,13,0,0,0,0,13,1,0,1,0,38,2,2,0,0,55,0,0,1,41,42,0,0,0,0,0,1,0,0,0,1,11,0,0,0,0,11,1,0,1,0,5,0,0,0,0,18,0,0,1,6,7,0,0,0,0,0,0,0,0,0,0,0,0,0,0,0,0,0,0,0,0,0,0,0,0,0,0,0,0,0,0,0,0,0,0,0,0,0,0,0,0,0,0,0,0,0,0,0,0,0,0,0,0,0,0,0,0,0,0,0,0,0,0
Greensburg Police Department,2000-12-01,Pennsylvania,15889,PA06502,breakdown offenses,adjustment,adjustment,adjustment,adjustment,adjustment,breakdown offenses,breakdown offenses,breakdown offenses,0,0,0,0,0,0,0,0,0,0,0,0,0,10,0,0,1,3,6,4,3,1,0,40,3,3,0,0,57,0,4,4,47,51,0,0,0,0,0,0,0,0,0,0,9,0,0,1,3,5,2,1,1,0,3,1,1,0,0,15,0,4,4,6,10,0,0,0,0,0,0,0,0,0,0,0,0,0,0,0,0,0,0,0,0,0,0,0,0,0,0,0,0,0,0,0,0,0,0,0,0,0,0,0,0,0,0,0,0,0,0,0,0,0,0,0,0,0,0,0,0,0,0,0,0,0,0
Greensburg Police Department,2000-11-01,Pennsylvania,15889,PA06502,breakdown offenses,adjustment,adjustment,adjustment,adjustment,adjustment,breakdown offenses,breakdown offenses,breakdown offenses,0,0,0,0,0,0,0,0,0,0,0,0,0,8,0,0,0,1,7,3,1,2,0,30,1,1,0,0,42,0,1,1,34,35,0,0,0,0,0,0,0,0,0,0,8,0,0,0,1,7,1,0,1,0,4,0,0,0,0,13,0,1,1,5,6,0,0,0,0,0,0,0,0,0,0,0,0,0,0,0,0,0,0,0,0,0,0,0,0,0,0,0,0,0,0,0,0,0,0,0,0,0,0,0,0,0,0,0,0,0,0,0,0,0,0,0,0,0,0,0,0,0,0,0,0,0,0
Greensburg Police Department,2000-10-01,Pennsylvania,15889,PA06502,breakdown offenses,adjustment,adjustment,adjustment,adjustment,adjustment,breakdown offenses,breakdown offenses,breakdown offenses,0,0,0,0,0,1,1,0,0,0,0,0,0,10,0,0,0,1,9,8,3,4,1,33,3,2,0,1,55,0,1,2,44,46,0,0,0,0,0,0,0,0,0,0,9,0,0,0,0,9,0,0,0,0,5,2,2,0,0,16,0,0,0,7,7,0,0,0,0,0,0,0,0,0,0,0,0,0,0,0,0,0,0,0,0,0,0,0,0,0,0,0,0,0,0,0,0,0,0,0,0,0,0,0,0,0,0,0,0,0,0,0,0,0,0,0,0,0,0,0,0,0,0,0,0,0,0
Greensburg Police Department,2000-09-01,Pennsylvania,15889,PA06502,breakdown offenses,adjustment,adjustment,adjustment,adjustment,adjustment,breakdown offenses,breakdown offenses,breakdown offenses,0,0,0,0,0,0,0,0,0,0,0,0,0,4,0,0,0,0,4,2,1,1,0,38,0,0,0,0,44,0,0,0,40,40,0,0,0,0,0,0,0,0,0,0,3,0,0,0,0,3,1,1,0,0,5,0,0,0,0,9,0,0,0,6,6,0,0,0,0,0,0,0,0,0,0,0,0,0,0,0,0,0,0,0,0,0,0,0,0,0,0,0,0,0,0,0,0,0,0,0,0,0,0,0,0,0,0,0,0,0,0,0,0,0,0,0,0,0,0,0,0,0,0,0,0,0,0
Greensburg Police Department,2000-08-01,Pennsylvania,15889,PA06502,breakdown offenses,adjustment,adjustment,adjustment,adjustment,adjustment,breakdown offenses,breakdown offenses,breakdown offenses,0,0,0,0,0,1,1,0,1,0,0,0,1,8,1,0,0,6,1,6,5,1,0,53,3,2,0,1,72,0,7,9,62,71,0,0,1,1,0,0,0,0,0,0,5,0,0,0,4,1,1,1,0,0,9,0,0,0,0,16,0,4,5,10,15,0,0,0,0,0,0,0,0,0,0,0,0,0,0,0,0,0,0,0,0,0,0,0,0,0,0,0,0,0,0,0,0,0,0,0,0,0,0,0,0,0,0,0,0,0,0,0,1,1,0,0,1,0,0,0,0,2,0,0,0,2,2
Greensburg Police Department,2000-07-01,Pennsylvania,15889,PA06502,breakdown offenses,adjustment,adjustment,adjustment,adjustment,adjustment,breakdown offenses,breakdown offenses,breakdown offenses,0,0,0,0,0,0,0,0,1,0,0,0,1,8,1,0,0,3,4,3,2,1,0,37,1,0,1,0,50,0,4,5,41,46,0,0,0,0,0,1,0,0,0,1,2,0,0,0,0,2,0,0,0,0,3,0,0,0,0,6,0,0,1,3,4,0,0,0,0,0,0,0,0,0,0,0,0,0,0,0,0,0,0,0,0,0,0,0,0,0,0,0,0,0,0,0,0,0,0,0,0,0,0,0,0,0,0,0,0,0,0,0,1,1,0,0,2,0,0,0,0,3,0,0,0,3,3
Greensburg Police Department,2000-06-01,Pennsylvania,15889,PA06502,breakdown offenses,adjustment,adjustment,adjustment,adjustment,adjustment,breakdown offenses,breakdown offenses,breakdown offenses,0,0,0,0,0,1,1,0,0,0,0,0,0,6,0,0,0,0,6,6,4,2,0,47,4,4,0,0,64,0,0,1,57,58,0,0,0,0,0,0,0,0,0,0,3,0,0,0,0,3,0,0,0,0,4,0,0,0,0,7,0,0,0,4,4,0,0,0,0,0,0,0,0,0,0,0,0,0,0,0,0,0,0,0,0,0,0,0,0,0,0,0,0,0,0,0,0,0,0,0,0,0,0,0,0,0,0,0,0,0,0,0,0,0,0,0,1,0,0,0,0,1,0,0,0,1,1
Greensburg Police Department,2000-05-01,Pennsylvania,15889,PA06502,breakdown offenses,adjustment,adjustment,adjustment,adjustment,adjustment,breakdown offenses,breakdown offenses,breakdown offenses,0,0,0,1,0,1,1,0,0,0,0,0,0,15,0,0,1,5,9,6,2,3,1,25,3,3,0,0,51,0,6,8,34,42,1,0,0,0,0,0,0,0,0,0,9,0,0,0,3,6,1,1,0,0,1,1,1,0,0,13,0,3,4,3,7,0,0,0,0,0,0,0,0,0,0,0,0,0,0,0,0,0,0,0,0,0,0,0,0,0,0,0,0,0,0,0,0,0,0,0,0,0,0,0,0,0,0,0,0,0,0,0,0,0,0,0,0,0,0,0,0,0,0,0,0,0,0
Greensburg Police Department,2000-04-01,Pennsylvania,15889,PA06502,breakdown offenses,adjustment,adjustment,adjustment,adjustment,adjustment,breakdown offenses,breakdown offenses,breakdown offenses,0,0,0,0,0,0,0,0,0,0,0,0,0,13,0,0,0,2,11,6,3,1,2,21,0,0,0,0,40,0,2,2,27,29,0,0,0,0,0,0,0,0,0,0,6,0,0,0,1,5,0,0,0,0,4,0,0,0,0,10,0,1,1,4,5,0,0,0,0,0,0,0,0,0,0,0,0,0,0,0,0,0,0,0,0,0,0,0,0,0,0,0,0,0,0,0,0,0,0,0,0,0,0,0,0,0,0,0,0,0,0,0,0,0,0,0,1,0,0,0,0,1,0,0,0,1,1
Greensburg Police Department,2000-03-01,Pennsylvania,15889,PA06502,breakdown offenses,adjustment,adjustment,adjustment,adjustment,adjustment,breakdown offenses,breakdown offenses,breakdown offenses,0,0,0,0,0,0,0,0,1,0,0,0,1,7,1,0,0,3,3,5,1,3,1,27,0,0,0,0,40,0,4,5,32,37,0,0,0,0,0,0,0,0,0,0,5,0,0,0,3,2,0,0,0,0,5,0,0,0,0,10,0,3,3,5,8,0,0,0,0,0,0,0,0,0,0,0,0,0,0,0,0,0,0,0,0,0,0,0,0,0,0,0,0,0,0,0,0,0,0,0,0,0,0,0,0,0,0,0,0,0,0,0,0,0,0,0,2,0,0,0,0,2,0,0,0,2,2
Greensburg Police Department,2000-02-01,Pennsylvania,15889,PA06502,breakdown offenses,adjustment,adjustment,adjustment,adjustment,adjustment,breakdown offenses,breakdown offenses,breakdown offenses,0,0,0,0,0,0,0,0,0,0,0,0,0,9,0,0,1,1,7,5,4,0,1,20,1,1,0,0,35,0,2,2,26,28,0,0,0,0,0,0,0,0,0,0,9,0,0,1,1,7,0,0,0,0,3,0,0,0,0,12,0,2,2,3,5,0,0,0,0,0,0,0,0,0,0,0,0,0,0,0,0,0,0,0,0,0,0,0,0,0,0,0,0,0,0,0,0,0,0,0,0,0,0,0,0,0,0,0,0,0,0,0,0,0,0,0,0,0,0,0,0,0,0,0,0,0,0
Greensburg Police Department,2000-01-01,Pennsylvania,15889,PA06502,breakdown offenses,adjustment,adjustment,adjustment,adjustment,adjustment,breakdown offenses,breakdown offenses,breakdown offenses,0,0,0,0,0,0,0,0,1,1,0,0,0,5,0,0,0,0,5,4,1,1,2,26,0,0,0,0,36,0,0,1,30,31,0,0,0,0,0,0,0,0,0,0,2,0,0,0,0,2,0,0,0,0,0,0,0,0,0,2,0,0,0,0,0,0,0,0,0,0,0,0,0,0,0,0,0,0,0,0,0,0,0,0,0,0,0,0,0,0,0,0,0,0,0,0,0,0,0,0,0,0,0,0,0,0,0,0,0,0,0,0,0,0,0,0,0,0,0,0,0,0,0,0,0,0,0
Greensburg Police Department,1999-12-01,Pennsylvania,15521,PA06502,breakdown offenses,adjustment,adjustment,adjustment,not updated,adjustment,breakdown offenses,breakdown offenses,,0,0,0,0,0,0,0,0,0,0,0,0,0,7,0,0,1,1,5,4,3,1,0,19,0,0,0,0,30,0,2,2,23,25,0,0,0,0,0,3,0,1,0,2,66,0,4,2,20,40,9,6,2,1,25,2,2,0,0,105,0,26,29,36,65,0,0,0,0,0,0,0,0,0,0,0,0,0,0,0,0,0,0,0,0,0,0,0,0,0,0,0,0,0,0,0,0,0,0,0,0,0,0,0,0,0,0,0,0,0,0,0,0,0,0,0,0,0,0,0,0,0,0,0,0,0,0
Greensburg Police Department,1999-11-01,Pennsylvania,15521,PA06502,breakdown offenses,adjustment,adjustment,not updated,not updated,adjustment,breakdown offenses,,,0,0,0,0,0,0,0,0,1,0,0,0,1,11,0,0,1,4,6,18,10,0,8,31,1,1,0,0,62,0,5,6,50,56,0,0,0,0,0,0,0,0,0,0,0,0,0,0,0,0,0,0,0,0,0,0,0,0,0,0,0,0,0,0,0,0,0,0,0,0,0,0,0,0,0,0,0,0,0,0,0,0,0,0,0,0,0,0,0,0,0,0,0,0,0,0,0,0,0,0,0,0,0,0,0,0,0,0,0,0,0,0,0,0,0,0,0,0,0,0,0,0,0,0,0,0,0
Greensburg Police Department,1999-10-01,Pennsylvania,15521,PA06502,breakdown offenses,adjustment,adjustment,not updated,not updated,adjustment,breakdown offenses,,,0,0,0,0,0,0,0,0,1,0,0,0,1,8,0,1,1,2,4,2,2,0,0,32,1,1,0,0,44,0,4,5,35,40,0,0,0,0,0,0,0,0,0,0,0,0,0,0,0,0,0,0,0,0,0,0,0,0,0,0,0,0,0,0,0,0,0,0,0,0,0,0,0,0,0,0,0,0,0,0,0,0,0,0,0,0,0,0,0,0,0,0,0,0,0,0,0,0,0,0,0,0,0,0,0,0,0,0,0,0,0,0,1,0,1,0,2,0,0,0,0,3,0,0,0,3,3
Greensburg Police Department,1999-09-01,Pennsylvania,15521,PA06502,breakdown offenses,adjustment,adjustment,not updated,not updated,adjustment,breakdown offenses,,,0,0,0,0,0,0,0,0,0,0,0,0,0,12,1,0,0,4,7,2,0,2,0,19,3,3,0,0,36,0,5,5,24,29,0,0,0,0,0,0,0,0,0,0,0,0,0,0,0,0,0,0,0,0,0,0,0,0,0,0,0,0,0,0,0,0,0,0,0,0,0,0,0,0,0,0,0,0,0,0,0,0,0,0,0,0,0,0,0,0,0,0,0,0,0,0,0,0,0,0,0,0,0,0,0,0,0,0,0,0,0,0,0,0,0,0,0,0,0,0,0,0,0,0,0,0,0
Greensburg Police Department,1999-08-01,Pennsylvania,15521,PA06502,breakdown offenses,adjustment,adjustment,not updated,not updated,adjustment,breakdown offenses,,,0,0,0,0,0,2,2,0,0,0,0,0,0,6,0,0,1,2,3,5,3,1,1,29,1,1,0,0,43,0,3,5,35,40,0,0,0,0,0,0,0,0,0,0,0,0,0,0,0,0,0,0,0,0,0,0,0,0,0,0,0,0,0,0,0,0,0,0,0,0,0,0,0,0,0,0,0,0,0,0,0,0,0,0,0,0,0,0,0,0,0,0,0,0,0,0,0,0,0,0,0,0,0,0,0,0,0,0,0,0,0,0,0,0,0,0,0,0,0,0,0,0,0,0,0,0,0
Greensburg Police Department,1999-07-01,Pennsylvania,15521,PA06502,breakdown offenses,adjustment,adjustment,not updated,not updated,adjustment,breakdown offenses,,,0,0,0,0,0,1,0,1,0,0,0,0,0,14,0,2,1,4,7,7,3,3,1,38,2,2,0,0,62,0,7,8,47,55,0,0,0,0,0,0,0,0,0,0,0,0,0,0,0,0,0,0,0,0,0,0,0,0,0,0,0,0,0,0,0,0,0,0,0,0,0,0,0,0,0,0,0,0,0,0,0,0,0,0,0,0,0,0,0,0,0,0,0,0,0,0,0,0,0,0,0,0,0,0,0,0,0,0,0,0,0,0,0,0,0,0,0,0,0,0,0,0,0,0,0,0,0
Greensburg Police Department,1999-06-01,Pennsylvania,15521,PA06502,breakdown offenses,adjustment,adjustment,not updated,not updated,adjustment,breakdown offenses,,,0,0,0,0,0,0,0,0,1,0,0,0,1,5,0,0,1,3,1,6,3,3,0,24,1,0,1,0,37,0,4,5,31,36,0,0,0,0,0,0,0,0,0,0,0,0,0,0,0,0,0,0,0,0,0,0,0,0,0,0,0,0,0,0,0,0,0,0,0,0,0,0,0,0,0,0,0,0,0,0,0,0,0,0,0,0,0,0,0,0,0,0,0,0,0,0,0,0,0,0,0,0,0,0,0,0,0,0,0,0,0,0,0,0,0,0,0,0,0,0,0,0,0,0,0,0,0
Greensburg Police Department,1999-05-01,Pennsylvania,15521,PA06502,breakdown offenses,adjustment,adjustment,not updated,not updated,adjustment,breakdown offenses,,,0,0,0,0,0,0,0,0,1,1,0,0,0,7,0,0,0,3,4,2,1,1,0,29,0,0,0,0,39,0,3,4,31,35,0,0,0,0,0,0,0,0,0,0,0,0,0,0,0,0,0,0,0,0,0,0,0,0,0,0,0,0,0,0,0,0,0,0,0,0,0,0,0,0,0,0,0,0,0,0,0,0,0,0,0,0,0,0,0,0,0,0,0,0,0,0,0,0,0,0,0,0,0,0,0,0,0,0,0,0,0,0,0,0,0,0,0,0,0,0,0,0,0,0,0,0,0
Greensburg Police Department,1999-04-01,Pennsylvania,15521,PA06502,breakdown offenses,adjustment,adjustment,not updated,not updated,adjustment,breakdown offenses,,,0,0,0,0,0,0,0,0,0,0,0,0,0,10,0,1,0,4,5,3,2,1,0,10,2,2,0,0,25,0,5,5,15,20,0,0,0,0,0,0,0,0,0,0,0,0,0,0,0,0,0,0,0,0,0,0,0,0,0,0,0,0,0,0,0,0,0,0,0,0,0,0,0,0,0,0,0,0,0,0,0,0,0,0,0,0,0,0,0,0,0,0,0,0,0,0,0,0,0,0,0,0,0,0,0,0,0,0,0,0,0,0,0,0,0,0,0,0,0,0,0,0,0,0,0,0,0
Greensburg Police Department,1999-03-01,Pennsylvania,15521,PA06502,breakdown offenses,adjustment,adjustment,not updated,not updated,adjustment,breakdown offenses,,,0,0,0,0,0,0,0,0,0,0,0,0,0,10,1,0,0,1,8,3,2,1,0,13,2,2,0,0,28,0,2,2,18,20,0,0,0,0,0,0,0,0,0,0,0,0,0,0,0,0,0,0,0,0,0,0,0,0,0,0,0,0,0,0,0,0,0,0,0,0,0,0,0,0,0,0,0,0,0,0,0,0,0,0,0,0,0,0,0,0,0,0,0,0,0,0,0,0,0,0,0,0,0,0,0,0,0,0,0,0,0,0,0,0,0,0,0,0,0,0,0,0,0,0,0,0,0
Greensburg Police Department,1999-02-01,Pennsylvania,15521,PA06502,breakdown offenses,adjustment,adjustment,not updated,not updated,adjustment,breakdown offenses,,,0,0,0,0,0,0,0,0,1,0,1,0,0,10,0,2,0,3,5,7,3,4,0,18,1,1,0,0,37,0,5,6,26,32,0,0,0,0,0,0,0,0,0,0,0,0,0,0,0,0,0,0,0,0,0,0,0,0,0,0,0,0,0,0,0,0,0,0,0,0,0,0,0,0,0,0,0,0,0,0,0,0,0,0,0,0,0,0,0,0,0,0,0,0,0,0,0,0,0,0,0,0,0,0,0,0,0,0,0,0,0,0,0,0,0,0,0,0,0,0,0,0,0,0,0,0,0
Greensburg Police Department,1999-01-01,Pennsylvania,15521,PA06502,breakdown offenses,adjustment,adjustment,not updated,not updated,adjustment,breakdown offenses,,,0,0,0,0,0,0,0,0,1,1,0,0,0,11,0,3,0,2,6,2,0,2,0,14,2,2,0,0,30,0,5,6,18,24,0,0,0,0,0,0,0,0,0,0,0,0,0,0,0,0,0,0,0,0,0,0,0,0,0,0,0,0,0,0,0,0,0,0,0,0,0,0,0,0,0,0,0,0,0,0,0,0,0,0,0,0,0,0,0,0,0,0,0,0,0,0,0,0,0,0,0,0,0,0,0,0,0,0,0,0,0,0,0,0,0,0,0,0,0,0,0,0,0,0,0,0,0
Greensburg Police Department,1998-12-01,Pennsylvania,15882,PA06502,breakdown offenses,adjustment,adjustment,adjustment,adjustment,adjustment,breakdown offenses,breakdown offenses,breakdown offenses,0,0,0,0,0,1,1,0,1,1,0,0,0,3,1,0,0,0,2,4,2,1,1,6,1,1,0,0,16,0,1,3,11,14,0,0,0,0,0,0,0,0,0,0,1,0,0,0,0,1,0,0,0,0,1,0,0,0,0,2,0,0,0,1,1,0,0,0,0,0,0,0,0,0,0,0,0,0,0,0,0,0,0,0,0,0,0,0,0,0,0,0,0,0,0,0,0,0,0,0,0,0,0,0,0,0,0,0,0,0,0,0,0,0,0,0,0,0,0,0,0,0,0,0,0,0,0
Greensburg Police Department,1998-11-01,Pennsylvania,15882,PA06502,breakdown offenses,adjustment,adjustment,adjustment,adjustment,adjustment,breakdown offenses,breakdown offenses,breakdown offenses,0,0,0,0,0,0,0,0,1,1,0,0,0,5,0,1,0,0,4,10,6,3,1,34,0,0,0,0,50,0,1,2,44,46,0,0,0,0,0,0,0,0,0,0,3,0,0,0,0,3,0,0,0,0,1,0,0,0,0,4,0,0,0,1,1,0,0,0,0,0,0,0,0,0,0,0,0,0,0,0,0,0,0,0,0,0,0,0,0,0,0,0,0,0,0,0,0,0,0,0,0,0,0,0,0,0,0,0,0,0,0,0,0,0,0,0,0,0,0,0,0,0,0,0,0,0,0
Greensburg Police Department,1998-10-01,Pennsylvania,15882,PA06502,breakdown offenses,adjustment,adjustment,adjustment,adjustment,adjustment,breakdown offenses,breakdown offenses,breakdown offenses,0,0,0,0,0,0,0,0,1,1,0,0,0,7,0,0,0,2,5,4,3,1,0,24,3,3,0,0,39,0,2,3,31,34,0,0,0,0,0,0,0,0,0,0,4,0,0,0,2,2,1,1,0,0,1,0,0,0,0,6,0,2,2,2,4,0,0,0,0,0,0,0,0,0,0,0,0,0,0,0,0,0,0,0,0,0,0,0,0,0,0,0,0,0,0,0,0,0,0,0,0,0,0,0,0,0,0,0,0,0,0,0,0,0,0,0,0,0,0,0,0,0,0,0,0,0,0
Greensburg Police Department,1998-09-01,Pennsylvania,15882,PA06502,breakdown offenses,adjustment,adjustment,adjustment,adjustment,adjustment,breakdown offenses,breakdown offenses,breakdown offenses,0,0,0,0,0,0,0,0,1,0,0,0,1,13,0,0,2,7,4,4,2,2,0,7,6,6,0,0,31,0,9,10,17,27,0,0,0,0,0,1,0,0,0,1,5,0,0,1,2,2,0,0,0,0,2,0,0,0,0,8,0,3,4,2,6,0,0,0,0,0,0,0,0,0,0,0,0,0,0,0,0,0,0,0,0,0,0,0,0,0,0,0,0,0,0,0,0,0,0,0,0,0,0,0,0,0,0,0,0,0,0,0,0,0,0,0,0,0,0,0,0,0,0,0,0,0,0
Greensburg Police Department,1998-08-01,Pennsylvania,15882,PA06502,breakdown offenses,adjustment,adjustment,adjustment,adjustment,adjustment,breakdown offenses,breakdown offenses,breakdown offenses,0,0,0,0,0,0,0,0,0,0,0,0,0,6,1,0,0,0,5,3,2,0,1,6,1,1,0,0,16,0,1,1,10,11,0,0,0,0,0,0,0,0,0,0,2,0,0,0,0,2,0,0,0,0,1,0,0,0,0,3,0,0,0,1,1,0,0,0,0,0,0,0,0,0,0,0,0,0,0,0,0,0,0,0,0,0,0,0,0,0,0,0,0,0,0,0,0,0,0,0,0,0,0,0,0,0,0,0,0,0,0,0,0,0,0,0,0,0,0,0,0,0,0,0,0,0,0
Greensburg Police Department,1998-07-01,Pennsylvania,15882,PA06502,breakdown offenses,adjustment,adjustment,adjustment,adjustment,adjustment,breakdown offenses,breakdown offenses,breakdown offenses,0,0,0,0,0,0,0,0,0,0,0,0,0,14,1,1,1,2,9,1,0,1,0,25,1,1,0,0,41,0,5,5,27,32,0,0,0,0,0,0,0,0,0,0,7,1,0,1,2,3,0,0,0,0,2,0,0,0,0,9,0,4,4,2,6,0,0,0,0,0,0,0,0,0,0,0,0,0,0,0,0,0,0,0,0,0,0,0,0,0,0,0,0,0,0,0,0,0,0,0,0,0,0,0,0,0,0,0,0,0,0,0,0,0,0,0,0,0,0,0,0,0,0,0,0,0,0
Greensburg Police Department,1998-06-01,Pennsylvania,15882,PA06502,breakdown offenses,adjustment,adjustment,adjustment,adjustment,adjustment,breakdown offenses,breakdown offenses,breakdown offenses,0,0,1,0,0,0,0,0,0,0,0,0,0,6,0,0,0,0,6,3,0,3,0,21,2,2,0,0,32,0,0,0,26,26,0,0,0,0,0,0,0,0,0,0,3,0,0,0,0,3,0,0,0,0,2,0,0,0,0,5,0,0,0,2,2,0,0,0,0,0,0,0,0,0,0,0,0,0,0,0,0,0,0,0,0,0,0,0,0,0,0,0,0,0,0,0,0,0,0,0,0,0,0,0,0,0,0,0,0,0,0,0,0,0,0,0,0,0,0,0,0,0,0,0,0,0,0
Greensburg Police Department,1998-05-01,Pennsylvania,15882,PA06502,breakdown offenses,adjustment,adjustment,adjustment,adjustment,adjustment,breakdown offenses,breakdown offenses,breakdown offenses,0,0,0,0,0,0,0,0,0,0,0,0,0,7,0,0,0,3,4,3,3,0,0,15,1,0,0,1,26,0,3,3,19,22,0,0,0,0,0,0,0,0,0,0,6,0,0,0,2,4,0,0,0,0,3,0,0,0,0,9,0,2,2,3,5,0,0,0,0,0,0,0,0,0,0,0,0,0,0,0,0,0,0,0,0,0,0,0,0,0,0,0,0,0,0,0,0,0,0,0,0,0,0,0,0,0,0,0,0,0,0,0,0,0,0,0,1,0,0,0,0,1,0,0,0,1,1
Greensburg Police Department,1998-04-01,Pennsylvania,15882,PA06502,breakdown offenses,adjustment,adjustment,adjustment,adjustment,adjustment,breakdown offenses,breakdown offenses,breakdown offenses,0,0,0,0,0,0,0,0,1,0,1,0,0,10,0,1,2,2,5,4,1,3,0,22,1,0,0,1,38,0,5,6,27,33,0,0,0,0,0,1,0,1,0,0,7,0,1,2,1,3,0,0,0,0,1,0,0,0,0,9,0,4,5,1,6,0,0,0,0,0,0,0,0,0,0,0,0,0,0,0,0,0,0,0,0,0,0,0,0,0,0,0,0,0,0,0,0,0,0,0,0,0,0,0,0,0,0,0,0,0,0,0,0,0,0,0,0,0,0,0,0,0,0,0,0,0,0
Greensburg Police Department,1998-03-01,Pennsylvania,15882,PA06502,breakdown offenses,adjustment,adjustment,adjustment,adjustment,adjustment,breakdown offenses,breakdown offenses,breakdown offenses,0,0,0,0,0,0,0,0,1,0,0,0,1,11,1,0,4,2,4,1,1,0,0,14,0,0,0,0,27,0,7,8,15,23,0,0,0,0,0,0,0,0,0,0,7,0,0,3,2,2,1,1,0,0,2,0,0,0,0,10,0,5,5,3,8,0,0,0,0,0,0,0,0,0,0,0,0,0,0,0,0,0,0,0,0,0,0,0,0,0,0,0,0,0,0,0,0,0,0,0,0,0,0,0,0,0,0,0,0,0,0,0,0,0,0,0,0,0,0,0,0,0,0,0,0,0,0
Greensburg Police Department,1998-02-01,Pennsylvania,15882,PA06502,breakdown offenses,adjustment,adjustment,adjustment,adjustment,adjustment,breakdown offenses,breakdown offenses,breakdown offenses,0,0,0,0,0,0,0,0,0,0,0,0,0,4,0,1,0,1,2,1,1,0,0,19,3,3,0,0,27,0,2,2,23,25,0,0,0,0,0,0,0,0,0,0,1,0,0,0,0,1,0,0,0,0,1,0,0,0,0,2,0,0,0,1,1,0,0,0,0,0,0,0,0,0,0,0,0,0,0,0,0,0,0,0,0,0,0,0,0,0,0,0,0,0,0,0,0,0,0,0,0,0,0,0,0,0,0,0,0,0,0,0,0,0,0,0,0,0,0,0,0,0,0,0,0,0,0
Greensburg Police Department,1998-01-01,Pennsylvania,15882,PA06502,breakdown offenses,adjustment,adjustment,adjustment,adjustment,adjustment,breakdown offenses,breakdown offenses,breakdown offenses,0,0,0,0,0,0,0,0,1,0,0,0,1,5,0,1,0,0,4,6,1,3,2,25,1,1,0,0,38,0,1,2,32,34,0,0,0,0,0,0,0,0,0,0,3,0,1,0,0,2,0,0,0,0,1,0,0,0,0,4,0,1,1,1,2,0,0,0,0,0,0,0,0,0,0,0,0,0,0,0,0,0,0,0,0,0,0,0,0,0,0,0,0,0,0,0,0,0,0,0,0,0,0,0,0,0,0,0,0,0,0,0,1,0,1,0,0,0,0,0,0,1,0,0,0,1,1
Greensburg Police Department,1997-12-01,Pennsylvania,,PA06502,,,,,,,,,,,,,,,,,,,,,,,,,,,,,,,,,,,,,,,,,,,,,,,,,,,,,,,,,,,,,,,,,,,,,,,,,,,,,,,,,,,,,,,,,,,,,,,,,,,,,,,,,,,,,,,,,,,,,,,,,,,,,,,,,,,,,,,,
Greensburg Police Department,1997-11-01,Pennsylvania,,PA06502,,,,,,,,,,,,,,,,,,,,,,,,,,,,,,,,,,,,,,,,,,,,,,,,,,,,,,,,,,,,,,,,,,,,,,,,,,,,,,,,,,,,,,,,,,,,,,,,,,,,,,,,,,,,,,,,,,,,,,,,,,,,,,,,,,,,,,,,
Greensburg Police Department,1997-10-01,Pennsylvania,,PA06502,,,,,,,,,,,,,,,,,,,,,,,,,,,,,,,,,,,,,,,,,,,,,,,,,,,,,,,,,,,,,,,,,,,,,,,,,,,,,,,,,,,,,,,,,,,,,,,,,,,,,,,,,,,,,,,,,,,,,,,,,,,,,,,,,,,,,,,,
Greensburg Police Department,1997-09-01,Pennsylvania,,PA06502,,,,,,,,,,,,,,,,,,,,,,,,,,,,,,,,,,,,,,,,,,,,,,,,,,,,,,,,,,,,,,,,,,,,,,,,,,,,,,,,,,,,,,,,,,,,,,,,,,,,,,,,,,,,,,,,,,,,,,,,,,,,,,,,,,,,,,,,
Greensburg Police Department,1997-08-01,Pennsylvania,,PA06502,,,,,,,,,,,,,,,,,,,,,,,,,,,,,,,,,,,,,,,,,,,,,,,,,,,,,,,,,,,,,,,,,,,,,,,,,,,,,,,,,,,,,,,,,,,,,,,,,,,,,,,,,,,,,,,,,,,,,,,,,,,,,,,,,,,,,,,,
Greensburg Police Department,1997-07-01,Pennsylvania,,PA06502,,,,,,,,,,,,,,,,,,,,,,,,,,,,,,,,,,,,,,,,,,,,,,,,,,,,,,,,,,,,,,,,,,,,,,,,,,,,,,,,,,,,,,,,,,,,,,,,,,,,,,,,,,,,,,,,,,,,,,,,,,,,,,,,,,,,,,,,
Greensburg Police Department,1997-06-01,Pennsylvania,,PA06502,,,,,,,,,,,,,,,,,,,,,,,,,,,,,,,,,,,,,,,,,,,,,,,,,,,,,,,,,,,,,,,,,,,,,,,,,,,,,,,,,,,,,,,,,,,,,,,,,,,,,,,,,,,,,,,,,,,,,,,,,,,,,,,,,,,,,,,,
Greensburg Police Department,1997-05-01,Pennsylvania,,PA06502,,,,,,,,,,,,,,,,,,,,,,,,,,,,,,,,,,,,,,,,,,,,,,,,,,,,,,,,,,,,,,,,,,,,,,,,,,,,,,,,,,,,,,,,,,,,,,,,,,,,,,,,,,,,,,,,,,,,,,,,,,,,,,,,,,,,,,,,
Greensburg Police Department,1997-04-01,Pennsylvania,,PA06502,,,,,,,,,,,,,,,,,,,,,,,,,,,,,,,,,,,,,,,,,,,,,,,,,,,,,,,,,,,,,,,,,,,,,,,,,,,,,,,,,,,,,,,,,,,,,,,,,,,,,,,,,,,,,,,,,,,,,,,,,,,,,,,,,,,,,,,,
Greensburg Police Department,1997-03-01,Pennsylvania,,PA06502,,,,,,,,,,,,,,,,,,,,,,,,,,,,,,,,,,,,,,,,,,,,,,,,,,,,,,,,,,,,,,,,,,,,,,,,,,,,,,,,,,,,,,,,,,,,,,,,,,,,,,,,,,,,,,,,,,,,,,,,,,,,,,,,,,,,,,,,
Greensburg Police Department,1997-02-01,Pennsylvania,,PA06502,,,,,,,,,,,,,,,,,,,,,,,,,,,,,,,,,,,,,,,,,,,,,,,,,,,,,,,,,,,,,,,,,,,,,,,,,,,,,,,,,,,,,,,,,,,,,,,,,,,,,,,,,,,,,,,,,,,,,,,,,,,,,,,,,,,,,,,,
Greensburg Police Department,1997-01-01,Pennsylvania,,PA06502,,,,,,,,,,,,,,,,,,,,,,,,,,,,,,,,,,,,,,,,,,,,,,,,,,,,,,,,,,,,,,,,,,,,,,,,,,,,,,,,,,,,,,,,,,,,,,,,,,,,,,,,,,,,,,,,,,,,,,,,,,,,,,,,,,,,,,,,
Greensburg Police Department,1996-12-01,Pennsylvania,16650,PA06502,breakdown offenses,adjustment,adjustment,adjustment,adjustment,adjustment,breakdown offenses,breakdown offenses,breakdown offenses,0,0,0,0,0,0,0,0,1,1,0,0,0,5,2,0,2,1,0,0,0,0,0,26,1,1,0,0,33,0,5,6,27,33,0,0,0,0,0,0,0,0,0,0,2,0,0,1,1,0,1,1,0,0,2,0,0,0,0,5,0,2,2,3,5,0,0,0,0,0,0,0,0,0,0,0,0,0,0,0,0,0,0,0,0,0,0,0,0,0,0,0,0,0,0,0,0,0,0,0,0,0,0,0,0,0,0,0,0,0,0,0,0,0,0,0,0,0,0,0,0,0,0,0,0,0,0
Greensburg Police Department,1996-11-01,Pennsylvania,16650,PA06502,breakdown offenses,adjustment,adjustment,adjustment,adjustment,adjustment,breakdown offenses,breakdown offenses,breakdown offenses,0,0,0,0,0,0,0,0,0,0,0,0,0,16,0,0,6,9,1,0,0,0,0,26,5,4,1,0,47,0,15,15,31,46,0,0,0,0,0,0,0,0,0,0,11,0,0,5,5,1,0,0,0,0,3,1,1,0,0,15,0,10,10,4,14,0,0,0,0,0,0,0,0,0,0,0,0,0,0,0,0,0,0,0,0,0,0,0,0,0,0,0,0,0,0,0,0,0,0,0,0,0,0,0,0,0,0,0,0,0,0,0,0,0,0,0,0,0,0,0,0,0,0,0,0,0,0
Greensburg Police Department,1996-10-01,Pennsylvania,16650,PA06502,breakdown offenses,adjustment,adjustment,adjustment,adjustment,adjustment,breakdown offenses,breakdown offenses,breakdown offenses,0,0,0,0,0,0,0,0,0,0,0,0,0,4,0,0,1,2,1,1,0,1,0,33,3,3,0,0,41,0,3,3,37,40,0,0,0,0,0,0,0,0,0,0,4,0,0,1,2,1,0,0,0,0,1,0,0,0,0,5,0,3,3,1,4,0,0,0,0,0,0,0,0,0,0,0,0,0,0,0,0,0,0,0,0,0,0,0,0,0,0,0,0,0,0,0,0,0,0,0,0,0,0,0,0,0,0,0,0,0,0,0,0,0,0,0,4,0,0,0,0,4,0,0,0,4,4
Greensburg Police Department,1996-09-01,Pennsylvania,16650,PA06502,breakdown offenses,adjustment,adjustment,adjustment,adjustment,adjustment,breakdown offenses,breakdown offenses,breakdown offenses,0,0,0,0,0,1,1,0,0,0,0,0,0,5,1,0,1,2,1,0,0,0,0,29,5,5,0,0,40,0,4,5,34,39,0,0,0,0,0,0,0,0,0,0,3,1,0,1,1,0,0,0,0,0,3,1,1,0,0,7,0,3,3,4,7,0,0,0,0,0,0,0,0,0,0,0,0,0,0,0,0,0,0,0,0,0,0,0,0,0,0,0,0,0,0,0,0,0,0,0,0,0,0,0,0,0,0,0,0,0,0,0,0,0,0,0,1,0,0,0,0,1,0,0,0,1,1
Greensburg Police Department,1996-08-01,Pennsylvania,16650,PA06502,breakdown offenses,adjustment,adjustment,adjustment,adjustment,adjustment,breakdown offenses,breakdown offenses,breakdown offenses,0,0,0,0,0,0,0,0,0,0,0,0,0,9,0,1,0,6,2,0,0,0,0,52,3,3,0,0,64,0,7,7,55,62,0,0,0,0,0,0,0,0,0,0,6,0,1,0,3,2,0,0,0,0,1,0,0,0,0,7,0,4,4,1,5,0,0,0,0,0,0,0,0,0,0,0,0,0,0,0,0,0,0,0,0,0,0,0,0,0,0,0,0,0,0,0,0,0,0,0,0,0,0,0,0,0,0,0,0,0,0,0,0,0,0,0,1,0,0,0,0,1,0,0,0,1,1
Greensburg Police Department,1996-07-01,Pennsylvania,16650,PA06502,breakdown offenses,adjustment,adjustment,adjustment,adjustment,adjustment,breakdown offenses,breakdown offenses,breakdown offenses,0,0,0,0,0,0,0,0,0,0,0,0,0,6,1,0,1,4,0,0,0,0,0,24,1,1,0,0,31,0,6,6,25,31,0,0,0,0,0,0,0,0,0,0,6,1,0,1,4,0,0,0,0,0,3,0,0,0,0,9,0,6,6,3,9,0,0,0,0,0,0,0,0,0,0,0,0,0,0,0,0,0,0,0,0,0,0,0,0,0,0,0,0,0,0,0,0,0,0,0,0,0,0,0,0,0,0,0,0,0,0,0,0,0,0,0,1,0,0,0,0,1,0,0,0,1,1
Greensburg Police Department,1996-06-01,Pennsylvania,16650,PA06502,breakdown offenses,adjustment,adjustment,adjustment,adjustment,adjustment,breakdown offenses,breakdown offenses,breakdown offenses,0,0,0,0,0,0,0,0,0,0,0,0,0,8,0,0,1,7,0,0,0,0,0,31,2,1,1,0,41,0,8,8,33,41,0,0,0,0,0,0,0,0,0,0,4,0,0,0,4,0,0,0,0,0,7,0,0,0,0,11,0,4,4,7,11,0,0,0,0,0,0,0,0,0,0,0,0,0,0,0,0,0,0,0,0,0,0,0,0,0,0,0,0,0,0,0,0,0,0,0,0,0,0,0,0,0,0,0,0,0,0,0,0,0,0,0,2,0,0,0,0,2,0,0,0,2,2
Greensburg Police Department,1996-05-01,Pennsylvania,16650,PA06502,breakdown offenses,adjustment,adjustment,adjustment,adjustment,adjustment,breakdown offenses,breakdown offenses,breakdown offenses,0,0,0,0,0,1,1,0,0,0,0,0,0,9,0,1,0,7,1,4,2,2,0,37,1,1,0,0,52,0,8,9,42,51,0,0,0,0,0,0,0,0,0,0,8,0,0,0,8,0,0,0,0,0,9,2,2,0,0,19,0,8,8,11,19,0,0,0,0,0,0,0,0,0,0,0,0,0,0,0,0,0,0,0,0,0,0,0,0,0,0,0,0,0,0,0,0,0,0,0,0,0,0,0,0,0,0,0,0,0,0,0,0,0,0,0,0,0,0,0,0,0,0,0,0,0,0
Greensburg Police Department,1996-04-01,Pennsylvania,16650,PA06502,breakdown offenses,adjustment,adjustment,adjustment,adjustment,adjustment,breakdown offenses,breakdown offenses,breakdown offenses,0,0,0,0,0,0,0,0,0,0,0,0,0,3,0,0,0,3,0,7,6,1,0,19,0,0,0,0,29,0,3,3,26,29,0,0,0,0,0,0,0,0,0,0,3,0,0,0,3,0,3,3,0,0,2,1,1,0,0,9,0,3,3,6,9,0,0,0,0,0,0,0,0,0,0,0,0,0,0,0,0,0,0,0,0,0,0,0,0,0,0,0,0,0,0,0,0,0,0,0,0,0,0,0,0,0,0,0,0,0,0,0,0,0,0,0,0,0,0,0,0,0,0,0,0,0,0
Greensburg Police Department,1996-03-01,Pennsylvania,16650,PA06502,breakdown offenses,adjustment,adjustment,adjustment,adjustment,adjustment,breakdown offenses,breakdown offenses,breakdown offenses,0,0,0,0,0,0,0,0,0,0,0,0,0,4,0,0,1,3,0,2,0,2,0,32,2,2,0,0,40,0,4,4,36,40,0,0,0,0,0,0,0,0,0,0,5,0,0,2,3,0,0,0,0,0,4,0,0,0,0,9,0,5,5,4,9,0,0,0,0,0,0,0,0,0,0,0,0,0,0,0,0,0,0,0,0,0,0,0,0,0,0,0,0,0,0,0,0,0,0,0,0,0,0,0,0,0,0,0,0,0,0,0,0,0,0,0,0,0,0,0,0,0,0,0,0,0,0
Greensburg Police Department,1996-02-01,Pennsylvania,16650,PA06502,breakdown offenses,adjustment,adjustment,adjustment,adjustment,adjustment,breakdown offenses,breakdown offenses,breakdown offenses,0,0,0,0,0,0,0,0,0,0,0,0,0,11,0,0,0,11,0,6,3,3,0,31,1,1,0,0,49,0,11,11,38,49,0,0,0,0,0,0,0,0,0,0,5,0,0,0,5,0,0,0,0,0,4,0,0,0,0,9,0,5,5,4,9,0,0,0,0,0,0,0,0,0,0,0,0,0,0,0,0,0,0,0,0,0,0,0,0,0,0,0,0,0,0,0,0,0,0,0,0,0,0,0,0,0,0,0,0,0,0,0,0,0,0,0,0,0,0,0,0,0,0,0,0,0,0
Greensburg Police Department,1996-01-01,Pennsylvania,16650,PA06502,breakdown offenses,adjustment,adjustment,adjustment,adjustment,adjustment,breakdown offenses,breakdown offenses,breakdown offenses,0,0,0,0,0,0,0,0,0,0,0,0,0,13,2,0,0,11,0,10,2,8,0,36,0,0,0,0,59,0,13,13,46,59,0,0,0,0,0,0,0,0,0,0,10,0,0,0,10,0,0,0,0,0,18,5,3,1,1,33,0,10,10,23,33,0,0,0,0,0,0,0,0,0,0,0,0,0,0,0,0,0,0,0,0,0,0,0,0,0,0,0,0,0,0,0,0,0,0,0,0,0,0,0,0,0,0,0,0,0,0,0,0,0,0,0,0,0,0,0,0,0,0,0,0,0,0
Greensburg Police Department,1995-12-01,Pennsylvania,16673,PA06502,breakdown offenses,adjustment,adjustment,adjustment,adjustment,adjustment,breakdown offenses,breakdown offenses,breakdown offenses,0,0,0,0,0,0,0,0,0,0,0,0,0,11,0,0,0,11,0,1,0,0,1,40,1,1,0,0,53,0,11,11,42,53,0,0,0,0,0,0,0,0,0,0,5,0,0,0,5,0,0,0,0,0,6,0,0,0,0,11,0,5,5,6,11,0,0,0,0,0,0,0,0,0,0,0,0,0,0,0,0,0,0,0,0,0,0,0,0,0,0,0,0,0,0,0,0,0,0,0,0,0,0,0,0,0,0,0,0,0,0,0,0,0,0,0,0,0,0,0,0,0,0,0,0,0,0
Greensburg Police Department,1995-11-01,Pennsylvania,16673,PA06502,missing,not updated,not updated,not updated,not updated,not updated,missing,missing,missing,0,0,0,0,0,0,0,0,0,0,0,0,0,0,0,0,0,0,0,0,0,0,0,0,0,0,0,0,0,0,0,0,0,0,0,0,0,0,0,0,0,0,0,0,0,0,0,0,0,0,0,0,0,0,0,0,0,0,0,0,0,0,0,0,0,0,0,0,0,0,0,0,0,0,0,0,0,0,0,0,0,0,0,0,0,0,0,0,0,0,0,0,0,0,0,0,0,0,0,0,0,0,0,0,0,0,0,0,0,0,0,0,0,0,0,0,0,0,0,0,0,0,0,0,0,0,0
Greensburg Police Department,1995-10-01,Pennsylvania,16673,PA06502,breakdown offenses,adjustment,adjustment,adjustment,adjustment,adjustment,breakdown offenses,breakdown offenses,breakdown offenses,0,0,0,0,0,0,0,0,3,0,0,0,3,7,0,1,0,6,0,0,0,0,0,33,3,3,0,0,46,0,7,10,36,46,0,0,0,0,0,1,0,0,0,1,2,0,0,0,2,0,0,0,0,0,2,1,1,0,0,6,0,2,3,3,6,0,0,0,0,0,0,0,0,0,0,0,0,0,0,0,0,0,0,0,0,0,0,0,0,0,0,0,0,0,0,0,0,0,0,0,0,0,0,0,0,0,0,0,0,0,0,0,0,0,0,0,0,0,0,0,0,0,0,0,0,0,0
Greensburg Police Department,1995-09-01,Pennsylvania,16673,PA06502,missing,not updated,not updated,not updated,not updated,not updated,missing,missing,missing,0,0,0,0,0,0,0,0,0,0,0,0,0,0,0,0,0,0,0,0,0,0,0,0,0,0,0,0,0,0,0,0,0,0,0,0,0,0,0,0,0,0,0,0,0,0,0,0,0,0,0,0,0,0,0,0,0,0,0,0,0,0,0,0,0,0,0,0,0,0,0,0,0,0,0,0,0,0,0,0,0,0,0,0,0,0,0,0,0,0,0,0,0,0,0,0,0,0,0,0,0,0,0,0,0,0,0,0,0,0,0,0,0,0,0,0,0,0,0,0,0,0,0,0,0,0,0
Greensburg Police Department,1995-08-01,Pennsylvania,16673,PA06502,breakdown offenses,adjustment,adjustment,adjustment,adjustment,adjustment,breakdown offenses,breakdown offenses,breakdown offenses,0,0,0,0,0,0,0,0,0,0,0,0,0,8,0,1,0,7,0,12,7,3,2,41,1,1,0,0,62,0,8,8,54,62,0,0,0,0,0,1,0,0,0,1,7,0,1,0,6,0,2,2,0,0,8,0,0,0,0,18,0,7,8,10,18,0,0,0,0,0,0,0,0,0,0,0,0,0,0,0,0,0,0,0,0,0,0,0,0,0,0,0,0,0,0,0,0,0,0,0,0,0,0,0,0,0,0,0,0,0,0,0,0,0,0,0,0,0,0,0,0,0,0,0,0,0,0
Greensburg Police Department,1995-07-01,Pennsylvania,16673,PA06502,breakdown offenses,adjustment,adjustment,adjustment,adjustment,adjustment,breakdown offenses,breakdown offenses,breakdown offenses,0,0,0,0,0,0,0,0,1,0,0,0,1,16,0,0,3,12,1,8,4,4,0,59,5,4,1,0,89,0,15,16,72,88,0,0,0,0,0,1,0,0,0,1,12,0,0,2,10,0,1,1,0,0,6,4,3,1,0,24,0,12,13,11,24,0,0,0,0,0,0,0,0,0,0,0,0,0,0,0,0,0,0,0,0,0,0,0,0,0,0,0,0,0,0,0,0,0,0,0,0,0,0,0,0,0,0,0,0,0,0,0,0,0,0,0,0,0,0,0,0,0,0,0,0,0,0
Greensburg Police Department,1995-06-01,Pennsylvania,16673,PA06502,breakdown offenses,adjustment,adjustment,adjustment,adjustment,adjustment,breakdown offenses,breakdown offenses,breakdown offenses,0,0,0,0,0,1,1,0,0,0,0,0,0,13,0,0,2,11,0,11,6,4,1,28,1,1,0,0,54,0,13,14,40,54,0,0,1,1,0,0,0,0,0,0,10,0,0,2,8,0,0,0,0,0,5,1,1,0,0,17,0,10,11,6,17,0,0,0,0,0,0,0,0,0,0,0,0,0,0,0,0,0,0,0,0,0,0,0,0,0,0,0,0,0,0,0,0,0,0,0,0,0,0,0,0,0,0,0,0,0,0,0,0,0,0,0,0,0,0,0,0,0,0,0,0,0,0
Greensburg Police Department,1995-05-01,Pennsylvania,16673,PA06502,missing,not updated,not updated,not updated,not updated,not updated,missing,missing,missing,0,0,0,0,0,0,0,0,0,0,0,0,0,0,0,0,0,0,0,0,0,0,0,0,0,0,0,0,0,0,0,0,0,0,0,0,0,0,0,0,0,0,0,0,0,0,0,0,0,0,0,0,0,0,0,0,0,0,0,0,0,0,0,0,0,0,0,0,0,0,0,0,0,0,0,0,0,0,0,0,0,0,0,0,0,0,0,0,0,0,0,0,0,0,0,0,0,0,0,0,0,0,0,0,0,0,0,0,0,0,0,0,0,0,0,0,0,0,0,0,0,0,0,0,0,0,0
Greensburg Police Department,1995-04-01,Pennsylvania,16673,PA06502,breakdown offenses,adjustment,adjustment,adjustment,adjustment,adjustment,breakdown offenses,breakdown offenses,breakdown offenses,0,0,1,0,0,0,0,0,0,0,0,0,0,14,0,3,1,9,1,2,1,1,0,25,2,2,0,0,43,0,13,13,29,42,0,0,0,0,0,0,0,0,0,0,11,0,3,0,8,0,0,0,0,0,8,1,1,0,0,20,0,11,11,9,20,0,0,0,0,0,0,0,0,0,0,0,0,0,0,0,0,0,0,0,0,1,0,0,0,0,1,0,0,0,1,1,0,0,0,0,0,0,0,0,0,0,0,0,0,0,0,0,0,0,0,0,0,0,0,0,0,0,0,0,0,0,0
Greensburg Police Department,1995-03-01,Pennsylvania,16673,PA06502,missing,not updated,not updated,not updated,not updated,not updated,missing,missing,missing,0,0,0,0,0,0,0,0,0,0,0,0,0,0,0,0,0,0,0,0,0,0,0,0,0,0,0,0,0,0,0,0,0,0,0,0,0,0,0,0,0,0,0,0,0,0,0,0,0,0,0,0,0,0,0,0,0,0,0,0,0,0,0,0,0,0,0,0,0,0,0,0,0,0,0,0,0,0,0,0,0,0,0,0,0,0,0,0,0,0,0,0,0,0,0,0,0,0,0,0,0,0,0,0,0,0,0,0,0,0,0,0,0,0,0,0,0,0,0,0,0,0,0,0,0,0,0
Greensburg Police Department,1995-02-01,Pennsylvania,16673,PA06502,breakdown offenses,adjustment,adjustment,adjustment,adjustment,adjustment,breakdown offenses,breakdown offenses,breakdown offenses,0,0,0,0,0,1,1,0,0,0,0,0,0,1,0,0,0,1,0,8,8,0,0,28,2,1,1,0,40,0,1,2,38,40,0,0,0,0,0,0,0,0,0,0,0,0,0,0,0,0,0,0,0,0,5,2,2,0,0,7,0,0,0,7,7,0,0,0,0,0,0,0,0,0,0,0,0,0,0,0,0,0,0,0,0,0,0,0,0,0,0,0,0,0,0,0,0,0,0,0,0,0,0,0,0,0,0,0,0,0,0,0,0,0,0,0,0,0,0,0,0,0,0,0,0,0,0
Greensburg Police Department,1995-01-01,Pennsylvania,16673,PA06502,breakdown offenses,adjustment,adjustment,adjustment,adjustment,adjustment,breakdown offenses,breakdown offenses,breakdown offenses,0,0,0,0,0,0,0,0,1,1,0,0,0,3,0,0,1,2,0,6,3,3,0,32,1,1,0,0,43,0,3,4,39,43,0,0,0,0,0,0,0,0,0,0,2,0,0,1,1,0,1,1,0,0,3,0,0,0,0,6,0,2,2,4,6,0,0,0,0,0,0,0,0,0,0,0,0,0,0,0,0,0,0,0,0,0,0,0,0,0,0,0,0,0,0,0,0,0,0,0,0,0,0,0,0,0,0,0,0,0,0,0,0,0,0,0,0,0,0,0,0,0,0,0,0,0,0
Greensburg Police Department,1994-12-01,Pennsylvania,16684,PA06502,breakdown offenses,adjustment,adjustment,adjustment,adjustment,adjustment,breakdown offenses,breakdown offenses,breakdown offenses,0,0,0,0,0,1,1,0,0,0,0,0,0,11,0,0,1,10,0,3,1,1,1,46,1,1,0,0,62,0,11,12,50,62,0,0,1,1,0,1,1,0,0,0,11,0,0,2,9,0,0,0,0,0,12,0,0,0,0,25,0,11,13,12,25,0,0,0,0,0,0,0,0,0,0,0,0,0,0,0,0,0,0,0,0,0,0,0,0,0,0,0,0,0,0,0,0,0,0,0,0,0,0,0,0,0,0,0,0,0,0,0,0,0,0,0,0,0,0,0,0,0,0,0,0,0,0
Greensburg Police Department,1994-11-01,Pennsylvania,16684,PA06502,missing,not updated,not updated,not updated,not updated,not updated,missing,missing,missing,0,0,0,0,0,0,0,0,0,0,0,0,0,0,0,0,0,0,0,0,0,0,0,0,0,0,0,0,0,0,0,0,0,0,0,0,0,0,0,0,0,0,0,0,0,0,0,0,0,0,0,0,0,0,0,0,0,0,0,0,0,0,0,0,0,0,0,0,0,0,0,0,0,0,0,0,0,0,0,0,0,0,0,0,0,0,0,0,0,0,0,0,0,0,0,0,0,0,0,0,0,0,0,0,0,0,0,0,0,0,0,0,0,0,0,0,0,0,0,0,0,0,0,0,0,0,0
Greensburg Police Department,1994-10-01,Pennsylvania,16684,PA06502,missing,not updated,not updated,not updated,not updated,not updated,missing,missing,missing,0,0,0,0,0,0,0,0,0,0,0,0,0,0,0,0,0,0,0,0,0,0,0,0,0,0,0,0,0,0,0,0,0,0,0,0,0,0,0,0,0,0,0,0,0,0,0,0,0,0,0,0,0,0,0,0,0,0,0,0,0,0,0,0,0,0,0,0,0,0,0,0,0,0,0,0,0,0,0,0,0,0,0,0,0,0,0,0,0,0,0,0,0,0,0,0,0,0,0,0,0,0,0,0,0,0,0,0,0,0,0,0,0,0,0,0,0,0,0,0,0,0,0,0,0,0,0
Greensburg Police Department,1994-09-01,Pennsylvania,16684,PA06502,missing,not updated,not updated,not updated,not updated,not updated,missing,missing,missing,0,0,0,0,0,0,0,0,0,0,0,0,0,0,0,0,0,0,0,0,0,0,0,0,0,0,0,0,0,0,0,0,0,0,0,0,0,0,0,0,0,0,0,0,0,0,0,0,0,0,0,0,0,0,0,0,0,0,0,0,0,0,0,0,0,0,0,0,0,0,0,0,0,0,0,0,0,0,0,0,0,0,0,0,0,0,0,0,0,0,0,0,0,0,0,0,0,0,0,0,0,0,0,0,0,0,0,0,0,0,0,0,0,0,0,0,0,0,0,0,0,0,0,0,0,0,0
Greensburg Police Department,1994-08-01,Pennsylvania,16684,PA06502,missing,not updated,not updated,not updated,not updated,not updated,missing,missing,missing,0,0,0,0,0,0,0,0,0,0,0,0,0,0,0,0,0,0,0,0,0,0,0,0,0,0,0,0,0,0,0,0,0,0,0,0,0,0,0,0,0,0,0,0,0,0,0,0,0,0,0,0,0,0,0,0,0,0,0,0,0,0,0,0,0,0,0,0,0,0,0,0,0,0,0,0,0,0,0,0,0,0,0,0,0,0,0,0,0,0,0,0,0,0,0,0,0,0,0,0,0,0,0,0,0,0,0,0,0,0,0,0,0,0,0,0,0,0,0,0,0,0,0,0,0,0,0
Greensburg Police Department,1994-07-01,Pennsylvania,16684,PA06502,breakdown offenses,adjustment,adjustment,adjustment,adjustment,adjustment,breakdown offenses,breakdown offenses,breakdown offenses,0,0,0,0,0,0,0,0,0,0,0,0,0,8,0,0,0,0,8,3,2,0,1,25,1,1,0,0,37,0,0,0,29,29,0,0,0,0,0,0,0,0,0,0,8,0,0,0,0,8,0,0,0,0,9,1,1,0,0,18,0,0,0,10,10,0,0,0,0,0,0,0,0,0,0,0,0,0,0,0,0,0,0,0,0,0,0,0,0,0,0,0,0,0,0,0,0,0,0,0,0,0,0,0,0,0,0,0,0,0,0,0,0,0,0,0,0,0,0,0,0,0,0,0,0,0,0
Greensburg Police Department,1994-06-01,Pennsylvania,16684,PA06502,breakdown offenses,adjustment,adjustment,adjustment,adjustment,adjustment,breakdown offenses,breakdown offenses,breakdown offenses,0,0,0,0,0,2,1,1,0,0,0,0,0,6,0,0,0,1,5,2,1,0,1,38,1,1,0,0,49,0,1,3,41,44,0,0,1,0,1,0,0,0,0,0,8,0,0,0,1,7,2,2,0,0,9,1,1,0,0,21,0,1,2,12,14,0,0,0,0,0,0,0,0,0,0,0,0,0,0,0,0,0,0,0,0,0,0,0,0,0,0,0,0,0,0,0,0,0,0,0,0,0,0,0,0,0,0,0,0,0,0,0,0,0,0,0,0,0,0,0,0,0,0,0,0,0,0
Greensburg Police Department,1994-05-01,Pennsylvania,16684,PA06502,breakdown offenses,adjustment,adjustment,adjustment,adjustment,adjustment,breakdown offenses,breakdown offenses,breakdown offenses,0,0,0,0,0,0,0,0,0,0,0,0,0,10,0,0,0,6,4,6,4,1,1,23,1,1,0,0,40,0,6,6,30,36,0,0,0,0,0,0,0,0,0,0,7,0,0,0,4,3,2,2,0,0,5,1,1,0,0,15,0,4,4,8,12,0,0,0,0,0,0,0,0,0,0,0,0,0,0,0,0,0,0,0,0,0,0,0,0,0,0,0,0,0,0,0,0,0,0,0,0,0,0,0,0,0,0,0,0,0,0,0,0,0,0,0,0,0,0,0,0,0,0,0,0,0,0
Greensburg Police Department,1994-04-01,Pennsylvania,16684,PA06502,breakdown offenses,adjustment,adjustment,adjustment,adjustment,adjustment,breakdown offenses,breakdown offenses,breakdown offenses,0,0,0,0,0,0,0,0,0,0,0,0,0,3,0,0,0,1,2,2,2,0,0,35,0,0,0,0,40,0,1,1,37,38,0,0,0,0,0,0,0,0,0,0,4,0,0,0,1,3,0,0,0,0,13,0,0,0,0,17,0,1,1,13,14,0,0,0,0,0,0,0,0,0,0,0,0,0,0,0,0,0,0,0,0,0,0,0,0,0,0,0,0,0,0,0,0,0,0,0,0,0,0,0,0,0,0,0,0,0,0,0,0,0,0,0,0,0,0,0,0,0,0,0,0,0,0
Greensburg Police Department,1994-03-01,Pennsylvania,16684,PA06502,breakdown offenses,adjustment,adjustment,adjustment,adjustment,adjustment,breakdown offenses,breakdown offenses,breakdown offenses,0,0,1,0,0,0,0,0,0,0,0,0,0,7,0,0,1,3,3,3,2,1,0,32,4,4,0,0,46,0,4,4,39,43,0,0,1,0,1,1,1,0,0,0,7,0,0,1,3,3,0,0,0,0,9,4,4,0,0,22,0,4,6,13,19,0,0,0,0,0,0,0,0,0,0,0,0,0,0,0,0,0,0,0,0,1,0,0,0,0,1,0,0,0,1,1,0,0,0,0,0,0,0,0,0,0,0,0,0,0,0,0,0,0,0,0,0,0,0,0,0,0,0,0,0,0,0
Greensburg Police Department,1994-02-01,Pennsylvania,16684,PA06502,breakdown offenses,adjustment,adjustment,adjustment,adjustment,adjustment,breakdown offenses,breakdown offenses,breakdown offenses,0,0,0,0,0,1,1,0,1,0,0,0,1,3,0,1,0,0,2,3,1,2,0,35,3,3,0,0,46,0,1,3,41,44,0,0,0,0,0,1,0,0,0,1,2,0,0,0,0,2,1,0,0,1,0,3,3,0,0,7,0,0,1,4,5,0,0,0,0,0,1,0,0,0,1,0,0,0,0,0,0,0,0,0,0,0,0,0,0,0,1,0,0,1,0,1,0,0,0,0,0,0,0,0,0,0,0,0,0,0,0,0,0,0,0,0,0,0,0,0,0,0,0,0,0,0,0
Greensburg Police Department,1994-01-01,Pennsylvania,16684,PA06502,breakdown offenses,adjustment,adjustment,adjustment,adjustment,adjustment,breakdown offenses,breakdown offenses,breakdown offenses,0,0,0,0,0,0,0,0,0,0,0,0,0,6,0,1,0,0,5,4,2,2,0,12,1,1,0,0,23,0,1,1,17,18,0,0,0,0,0,0,0,0,0,0,6,0,1,0,0,5,0,0,0,0,3,1,1,0,0,10,0,1,1,4,5,0,0,0,0,0,0,0,0,0,0,0,0,0,0,0,0,0,0,0,0,0,0,0,0,0,0,0,0,0,0,0,0,0,0,0,0,0,0,0,0,0,0,0,0,0,0,0,0,0,0,0,0,0,0,0,0,0,0,0,0,0,0
Greensburg Police Department,1993-12-01,Pennsylvania,16679,PA06502,breakdown offenses,adjustment,adjustment,adjustment,adjustment,adjustment,breakdown offenses,breakdown offenses,breakdown offenses,0,0,0,0,0,1,1,0,0,0,0,0,0,8,0,0,0,4,4,7,6,0,1,30,0,0,0,0,46,0,4,5,37,42,0,0,1,1,0,0,0,0,0,0,4,0,0,0,2,2,0,0,0,0,10,0,0,0,0,15,0,2,3,10,13,0,0,0,0,0,0,0,0,0,0,0,0,0,0,0,0,0,0,0,0,0,0,0,0,0,0,0,0,0,0,0,0,0,0,0,0,0,0,0,0,0,0,0,0,0,0,0,0,0,0,0,0,0,0,0,0,0,0,0,0,0,0
Greensburg Police Department,1993-11-01,Pennsylvania,16679,PA06502,missing,not updated,not updated,not updated,not updated,not updated,missing,missing,missing,0,0,0,0,0,0,0,0,0,0,0,0,0,0,0,0,0,0,0,0,0,0,0,0,0,0,0,0,0,0,0,0,0,0,0,0,0,0,0,0,0,0,0,0,0,0,0,0,0,0,0,0,0,0,0,0,0,0,0,0,0,0,0,0,0,0,0,0,0,0,0,0,0,0,0,0,0,0,0,0,0,0,0,0,0,0,0,0,0,0,0,0,0,0,0,0,0,0,0,0,0,0,0,0,0,0,0,0,0,0,0,0,0,0,0,0,0,0,0,0,0,0,0,0,0,0,0
Greensburg Police Department,1993-10-01,Pennsylvania,16679,PA06502,breakdown offenses,adjustment,adjustment,adjustment,adjustment,adjustment,breakdown offenses,breakdown offenses,breakdown offenses,0,0,0,0,0,0,0,0,0,0,0,0,0,7,0,0,1,4,2,8,5,2,1,32,4,3,1,0,51,0,5,5,44,49,0,0,0,0,0,0,0,0,0,0,7,0,0,1,1,5,2,2,0,0,15,4,3,1,0,28,0,2,2,21,23,0,0,0,0,0,0,0,0,0,0,0,0,0,0,0,0,0,0,0,0,0,0,0,0,0,0,0,0,0,0,0,0,0,0,0,0,0,0,0,0,0,0,0,0,0,0,0,0,0,0,0,0,0,0,0,0,0,0,0,0,0,0
Greensburg Police Department,1993-09-01,Pennsylvania,16679,PA06502,breakdown offenses,adjustment,adjustment,adjustment,adjustment,adjustment,breakdown offenses,breakdown offenses,breakdown offenses,0,0,0,0,0,0,0,0,1,0,0,0,1,12,0,1,0,2,9,4,2,1,1,39,1,0,0,1,57,0,3,4,44,48,0,0,0,0,0,1,0,0,0,1,11,0,1,0,2,8,2,1,0,1,6,1,0,0,1,21,0,3,4,9,13,0,0,0,0,0,0,0,0,0,0,0,0,0,0,0,0,0,0,0,0,0,0,0,0,0,0,0,0,0,0,0,0,0,0,0,0,0,0,0,0,0,0,0,0,0,0,0,0,0,0,0,0,0,0,0,0,0,0,0,0,0,0
Greensburg Police Department,1993-08-01,Pennsylvania,16679,PA06502,breakdown offenses,adjustment,adjustment,adjustment,adjustment,adjustment,breakdown offenses,breakdown offenses,breakdown offenses,0,0,0,0,0,0,0,0,1,1,0,0,0,7,1,0,0,1,5,9,3,4,2,30,3,2,1,0,50,0,2,3,42,45,0,0,0,0,0,0,0,0,0,0,6,0,0,0,1,5,1,1,0,0,7,1,1,0,0,15,0,1,1,9,10,0,0,0,0,0,0,0,0,0,0,0,0,0,0,0,0,0,0,0,0,0,0,0,0,0,0,0,0,0,0,0,0,0,0,0,0,0,0,0,0,0,0,0,0,0,0,0,0,0,0,0,0,0,0,0,0,0,0,0,0,0,0
Greensburg Police Department,1993-07-01,Pennsylvania,16679,PA06502,breakdown offenses,adjustment,adjustment,adjustment,adjustment,adjustment,breakdown offenses,breakdown offenses,breakdown offenses,0,0,0,0,0,0,0,0,0,0,0,0,0,4,1,0,0,0,3,8,3,2,3,33,3,2,1,0,48,0,1,1,44,45,0,0,0,0,0,0,0,0,0,0,5,1,0,0,0,4,0,0,0,0,3,3,2,1,0,11,0,1,1,6,7,0,0,0,0,0,0,0,0,0,0,0,0,0,0,0,0,0,0,0,0,0,0,0,0,0,0,0,0,0,0,0,0,0,0,0,0,0,0,0,0,0,0,0,0,0,0,0,0,0,0,0,0,0,0,0,0,0,0,0,0,0,0
Greensburg Police Department,1993-06-01,Pennsylvania,16679,PA06502,breakdown offenses,adjustment,adjustment,adjustment,adjustment,adjustment,breakdown offenses,breakdown offenses,breakdown offenses,0,0,0,0,0,0,0,0,0,0,0,0,0,7,0,1,0,1,5,6,6,0,0,33,6,6,0,0,52,0,2,2,45,47,0,0,0,0,0,0,0,0,0,0,5,0,1,0,2,2,0,0,0,0,8,2,2,0,0,15,0,3,3,10,13,0,0,0,0,0,0,0,0,0,0,1,0,0,0,0,1,0,0,0,0,0,0,0,0,0,1,0,0,0,0,0,0,0,0,0,0,0,0,0,0,0,0,0,0,0,0,0,0,0,0,0,0,0,0,0,0,0,0,0,0,0,0
Greensburg Police Department,1993-05-01,Pennsylvania,16679,PA06502,breakdown offenses,normal return,normal return,normal return,normal return,normal return,breakdown offenses,breakdown offenses,breakdown offenses,0,0,0,0,0,0,0,0,1,0,0,0,1,4,0,0,0,2,2,7,2,4,1,43,5,4,1,0,60,0,2,3,55,58,0,0,0,0,0,1,0,0,0,1,5,0,0,0,3,2,0,0,0,0,12,1,0,1,0,19,0,3,4,13,17,0,0,0,0,0,0,0,0,0,0,2,0,0,0,0,2,0,0,0,0,3,0,0,0,0,5,0,0,0,3,3,0,0,0,0,0,0,0,0,0,0,0,0,0,0,0,0,0,0,0,0,0,0,0,0,0,0,0,0,0,0,0
Greensburg Police Department,1993-04-01,Pennsylvania,16679,PA06502,breakdown offenses,adjustment,adjustment,adjustment,adjustment,adjustment,breakdown offenses,breakdown offenses,breakdown offenses,0,0,0,0,0,0,0,0,0,0,0,0,0,5,0,0,0,0,5,4,2,1,1,38,2,1,1,0,49,0,0,0,44,44,0,0,0,0,0,0,0,0,0,0,4,0,0,0,1,3,1,1,0,0,10,2,2,0,0,17,0,1,1,13,14,0,0,0,0,0,0,0,0,0,0,0,0,0,0,0,0,0,0,0,0,3,0,0,0,0,3,0,0,0,3,3,0,0,0,0,0,0,0,0,0,0,0,0,0,0,0,0,0,0,0,0,0,0,0,0,0,0,0,0,0,0,0
Greensburg Police Department,1993-03-01,Pennsylvania,16679,PA06502,breakdown offenses,adjustment,adjustment,adjustment,adjustment,adjustment,breakdown offenses,breakdown offenses,breakdown offenses,0,0,0,0,0,1,1,0,1,0,1,0,0,4,0,0,0,1,3,5,4,1,0,29,3,3,0,0,43,0,1,3,37,40,0,0,1,1,0,0,0,0,0,0,6,0,0,0,2,4,0,0,0,0,8,2,2,0,0,17,0,2,3,10,13,0,0,0,0,0,0,0,0,0,0,0,0,0,0,0,0,0,0,0,0,3,0,0,0,0,3,0,0,0,3,3,0,0,0,0,0,0,0,0,0,0,0,0,0,0,0,0,0,0,0,0,0,0,0,0,0,0,0,0,0,0,0
Greensburg Police Department,1993-02-01,Pennsylvania,16679,PA06502,breakdown offenses,adjustment,adjustment,adjustment,adjustment,adjustment,breakdown offenses,breakdown offenses,breakdown offenses,0,0,1,0,0,0,0,0,1,0,0,0,1,10,0,0,1,3,6,11,7,3,1,53,3,1,1,1,78,0,4,5,67,72,0,0,0,0,0,0,0,0,0,0,9,0,0,1,2,6,3,2,1,0,9,0,0,0,0,21,0,3,3,12,15,0,0,0,0,0,0,0,0,0,0,0,0,0,0,0,0,1,1,0,0,1,0,0,0,0,2,0,0,0,2,2,0,0,0,0,0,0,0,0,0,0,0,0,0,0,0,0,0,0,0,0,0,0,0,0,0,0,0,0,0,0,0
Greensburg Police Department,1993-01-01,Pennsylvania,16679,PA06502,breakdown offenses,adjustment,adjustment,adjustment,adjustment,adjustment,breakdown offenses,breakdown offenses,breakdown offenses,0,0,0,0,0,0,0,0,0,0,0,0,0,11,1,0,1,2,7,0,0,0,0,32,2,2,0,0,45,0,4,4,34,38,0,0,0,0,0,0,0,0,0,0,11,1,0,1,2,7,0,0,0,0,6,1,1,0,0,18,0,4,4,7,11,0,0,0,0,0,0,0,0,0,0,5,0,0,0,0,5,0,0,0,0,0,0,0,0,0,5,0,0,0,0,0,0,0,0,0,0,0,0,0,0,0,0,0,0,0,0,0,0,0,0,0,0,0,0,0,0,0,0,0,0,0,0
Greensburg Police Department,1992-12-01,Pennsylvania,16492,PA06502,breakdown offenses,adjustment,adjustment,adjustment,adjustment,adjustment,breakdown offenses,breakdown offenses,breakdown offenses,0,0,0,0,0,0,0,0,1,1,0,0,0,7,0,1,1,2,3,9,7,2,0,31,1,1,0,0,49,0,4,5,41,46,0,0,0,0,0,0,0,0,0,0,6,0,1,1,1,3,0,0,0,0,3,0,0,0,0,9,0,3,3,3,6,0,0,0,0,0,0,0,0,0,0,1,0,0,1,0,0,0,0,0,0,2,0,0,0,0,3,0,1,1,2,3,0,0,0,0,0,0,0,0,0,0,0,0,0,0,0,0,0,0,0,0,0,0,0,0,0,0,0,0,0,0,0
Greensburg Police Department,1992-11-01,Pennsylvania,16492,PA06502,breakdown offenses,adjustment,adjustment,adjustment,adjustment,adjustment,breakdown offenses,breakdown offenses,breakdown offenses,0,0,0,0,0,0,0,0,0,0,0,0,0,12,0,1,0,8,3,14,6,3,5,32,2,2,0,0,60,0,9,9,48,57,0,0,0,0,0,0,0,0,0,0,8,0,1,0,6,1,1,0,0,1,3,2,2,0,0,14,0,7,7,6,13,0,0,0,0,0,0,0,0,0,0,2,0,0,0,2,0,0,0,0,0,3,1,1,0,0,6,0,2,2,4,6,0,0,0,0,0,0,0,0,0,0,0,0,0,0,0,0,0,0,0,0,0,0,0,0,0,0,0,0,0,0,0
Greensburg Police Department,1992-10-01,Pennsylvania,16492,PA06502,breakdown offenses,adjustment,adjustment,adjustment,adjustment,adjustment,breakdown offenses,breakdown offenses,breakdown offenses,0,0,0,0,0,0,0,0,1,0,0,0,1,7,0,0,0,5,2,12,7,4,1,31,1,1,0,0,52,0,5,6,44,50,0,0,0,0,0,0,0,0,0,0,4,0,0,0,2,2,3,0,1,2,6,0,0,0,0,13,0,2,2,9,11,0,0,0,0,0,0,0,0,0,0,1,0,0,0,1,0,0,0,0,0,2,0,0,0,0,3,0,1,1,2,3,0,0,0,0,0,0,0,0,0,0,0,0,0,0,0,0,0,0,0,0,0,0,0,0,0,0,0,0,0,0,0
Greensburg Police Department,1992-09-01,Pennsylvania,16492,PA06502,breakdown offenses,adjustment,adjustment,adjustment,adjustment,adjustment,breakdown offenses,breakdown offenses,breakdown offenses,0,0,0,0,0,0,0,0,0,0,0,0,0,7,0,0,0,0,7,13,8,1,4,26,3,2,0,1,49,0,0,0,42,42,0,0,0,0,0,1,0,0,0,1,4,0,0,0,1,3,2,2,0,0,2,2,1,0,1,11,0,1,2,6,8,0,0,0,0,0,0,0,0,0,0,0,0,0,0,0,0,1,1,0,0,0,0,0,0,0,1,0,0,0,1,1,0,0,0,0,0,0,0,0,0,0,0,0,0,0,0,0,0,0,0,0,0,0,0,0,0,0,0,0,0,0,0
Greensburg Police Department,1992-08-01,Pennsylvania,16492,PA06502,breakdown offenses,adjustment,adjustment,adjustment,adjustment,adjustment,breakdown offenses,breakdown offenses,breakdown offenses,0,0,0,0,0,0,0,0,0,0,0,0,0,11,0,0,0,5,6,13,6,2,5,37,6,6,0,0,67,0,5,5,56,61,0,0,0,0,0,0,0,0,0,0,9,0,0,0,4,5,1,0,0,1,5,4,4,0,0,19,0,4,4,10,14,0,0,0,0,0,0,0,0,0,0,0,0,0,0,0,0,0,0,0,0,1,0,0,0,0,1,0,0,0,1,1,0,0,0,0,0,0,0,0,0,0,0,0,0,0,0,0,0,0,0,0,0,0,0,0,0,0,0,0,0,0,0
Greensburg Police Department,1992-07-01,Pennsylvania,16492,PA06502,breakdown offenses,adjustment,adjustment,adjustment,adjustment,adjustment,breakdown offenses,breakdown offenses,breakdown offenses,0,0,0,0,0,0,0,0,4,1,0,1,2,8,0,1,0,0,7,18,6,7,5,48,1,1,0,0,79,0,1,5,67,72,0,0,0,0,0,1,0,0,0,1,8,0,1,0,0,7,2,2,0,0,6,0,0,0,0,17,0,1,2,8,10,0,0,0,0,0,1,0,0,0,1,0,0,0,0,0,0,0,0,0,0,2,0,0,0,0,3,0,0,1,2,3,0,0,0,0,0,0,0,0,0,0,0,0,0,0,0,0,0,0,0,0,0,0,0,0,0,0,0,0,0,0,0
Greensburg Police Department,1992-06-01,Pennsylvania,16492,PA06502,breakdown offenses,adjustment,adjustment,adjustment,adjustment,adjustment,breakdown offenses,breakdown offenses,breakdown offenses,0,0,0,0,0,0,0,0,0,0,0,0,0,21,0,3,0,7,11,14,10,3,1,45,3,2,1,0,83,0,10,10,62,72,0,0,0,0,0,0,0,0,0,0,12,0,2,0,4,6,0,0,0,0,9,3,2,1,0,24,0,6,6,12,18,0,0,0,0,0,0,0,0,0,0,1,0,1,0,0,0,0,0,0,0,2,0,0,0,0,3,0,1,1,2,3,0,0,0,0,0,0,0,0,0,0,0,0,0,0,0,0,0,0,0,0,0,0,0,0,0,0,0,0,0,0,0
Greensburg Police Department,1992-05-01,Pennsylvania,16492,PA06502,breakdown offenses,adjustment,adjustment,adjustment,adjustment,adjustment,breakdown offenses,breakdown offenses,breakdown offenses,0,0,0,0,0,0,0,0,1,0,0,0,1,12,0,0,0,3,9,13,9,2,2,38,4,3,1,0,68,0,3,4,55,59,0,0,0,0,0,0,0,0,0,0,4,0,0,0,1,3,0,0,0,0,5,1,1,0,0,10,0,1,1,6,7,0,0,0,0,0,0,0,0,0,0,1,0,0,0,0,1,0,0,0,0,2,0,0,0,0,3,0,0,0,2,2,0,0,0,0,0,0,0,0,0,0,0,0,0,0,0,0,0,0,0,0,0,0,0,0,0,0,0,0,0,0,0
Greensburg Police Department,1992-04-01,Pennsylvania,16492,PA06502,breakdown offenses,adjustment,adjustment,adjustment,adjustment,adjustment,breakdown offenses,breakdown offenses,breakdown offenses,0,0,0,0,0,0,0,0,0,0,0,0,0,7,0,1,0,1,5,14,9,2,3,27,3,2,1,0,51,0,2,2,44,46,0,0,0,0,0,0,0,0,0,0,7,0,1,1,1,4,4,3,0,1,6,3,3,0,0,20,0,3,3,13,16,0,0,0,0,0,0,0,0,0,0,0,0,0,0,0,0,0,0,0,0,3,1,1,0,0,4,0,0,0,4,4,0,0,0,0,0,0,0,0,0,0,0,0,0,0,0,0,0,0,0,0,0,0,0,0,0,0,0,0,0,0,0
Greensburg Police Department,1992-03-01,Pennsylvania,16492,PA06502,breakdown offenses,normal return,normal return,normal return,normal return,normal return,breakdown offenses,breakdown offenses,breakdown offenses,0,0,0,0,0,1,1,0,3,1,0,0,2,14,0,0,1,3,10,12,8,1,3,44,3,3,0,0,77,0,4,8,59,67,0,0,0,0,0,0,0,0,0,0,8,0,0,0,1,7,0,0,0,0,5,1,1,0,0,14,0,1,1,6,7,0,0,0,0,0,0,0,0,0,0,2,0,0,0,1,1,0,0,0,0,1,0,0,0,0,3,0,1,1,1,2,0,0,0,0,0,0,0,0,0,0,0,0,0,0,0,0,0,0,0,0,0,0,0,0,0,0,0,0,0,0,0
Greensburg Police Department,1992-02-01,Pennsylvania,16492,PA06502,breakdown offenses,normal return,normal return,normal return,normal return,normal return,breakdown offenses,breakdown offenses,breakdown offenses,0,0,0,0,0,1,1,0,2,1,1,0,0,7,0,0,0,0,7,13,10,0,3,30,1,1,0,0,54,0,0,3,44,47,0,0,1,1,0,0,0,0,0,0,4,0,0,1,0,3,2,0,1,1,7,4,4,0,0,18,0,1,2,13,15,0,0,0,0,0,0,0,0,0,0,0,0,0,0,0,0,1,0,1,0,3,0,0,0,0,4,0,0,0,4,4,0,0,0,0,0,0,0,0,0,0,0,0,0,0,0,0,0,0,0,0,0,0,0,0,0,0,0,0,0,0,0
Greensburg Police Department,1992-01-01,Pennsylvania,16492,PA06502,breakdown offenses,normal return,normal return,normal return,normal return,normal return,breakdown offenses,breakdown offenses,breakdown offenses,0,0,0,0,0,0,0,0,2,0,1,0,1,10,0,0,0,2,8,12,10,2,0,23,1,1,0,0,48,0,2,4,36,40,0,0,0,0,0,2,0,0,0,2,9,0,0,0,3,6,1,0,1,0,2,3,3,0,0,17,0,3,5,6,11,0,0,0,0,0,0,0,0,0,0,0,0,0,0,0,0,1,0,1,0,1,0,0,0,0,2,0,0,0,2,2,0,0,0,0,0,0,0,0,0,0,0,0,0,0,0,0,0,0,0,0,0,0,0,0,0,0,0,0,0,0,0
Greensburg Police Department,1991-12-01,Pennsylvania,16427,PA06502,breakdown offenses,adjustment,adjustment,adjustment,adjustment,adjustment,breakdown offenses,breakdown offenses,breakdown offenses,0,0,1,0,0,1,1,0,2,1,0,0,1,6,0,0,0,3,3,22,15,4,3,28,2,2,0,0,61,0,3,6,52,58,0,0,1,1,0,1,0,0,0,1,6,0,0,0,2,4,2,2,0,0,6,3,3,0,0,19,0,2,4,11,15,0,0,0,0,0,1,0,0,0,1,1,0,0,0,1,0,0,0,0,0,2,3,3,0,0,7,0,1,2,5,7,0,0,0,0,0,0,0,0,0,0,0,0,0,0,0,0,0,0,0,0,0,0,0,0,0,0,0,0,0,0,0
Greensburg Police Department,1991-11-01,Pennsylvania,16427,PA06502,breakdown offenses,adjustment,adjustment,adjustment,adjustment,adjustment,breakdown offenses,breakdown offenses,breakdown offenses,0,0,0,0,0,0,0,0,2,0,1,0,1,16,0,1,0,4,11,12,7,4,1,35,4,4,0,0,69,0,5,7,51,58,0,0,0,0,0,0,0,0,0,0,9,0,0,0,4,5,1,0,1,0,8,1,1,0,0,19,0,4,4,10,14,0,0,0,0,0,0,0,0,0,0,1,0,0,0,0,1,1,0,1,0,0,0,0,0,0,2,0,0,0,1,1,0,0,0,0,0,0,0,0,0,0,0,0,0,0,0,0,0,0,0,0,0,0,0,0,0,0,0,0,0,0,0
Greensburg Police Department,1991-10-01,Pennsylvania,16427,PA06502,breakdown offenses,adjustment,adjustment,adjustment,adjustment,adjustment,breakdown offenses,breakdown offenses,breakdown offenses,0,0,0,0,0,1,1,0,4,1,1,0,2,14,0,0,1,7,6,21,10,9,2,33,6,5,1,0,79,0,8,13,60,73,0,0,0,0,0,0,0,0,0,0,9,0,0,1,7,1,1,1,0,0,10,2,2,0,0,22,0,8,8,13,21,0,0,0,0,0,0,0,0,0,0,1,0,0,0,1,0,0,0,0,0,2,0,0,0,0,3,0,1,1,2,3,0,0,0,0,0,0,0,0,0,0,0,0,0,0,0,0,0,0,0,0,0,0,0,0,0,0,0,0,0,0,0
Greensburg Police Department,1991-09-01,Pennsylvania,16427,PA06502,breakdown offenses,adjustment,adjustment,adjustment,adjustment,adjustment,breakdown offenses,breakdown offenses,breakdown offenses,0,0,0,0,0,0,0,0,1,0,0,0,1,9,0,1,0,8,0,7,5,1,1,29,3,1,1,1,49,0,9,10,39,49,0,0,0,0,0,0,0,0,0,0,6,0,0,0,5,1,1,0,1,0,8,1,1,0,0,16,0,5,5,10,15,0,0,0,0,0,0,0,0,0,0,1,0,0,0,1,0,0,0,0,0,2,0,0,0,0,3,0,1,1,2,3,0,0,0,0,0,0,0,0,0,0,0,0,0,0,0,0,0,0,0,0,0,0,0,0,0,0,0,0,0,0,0
Greensburg Police Department,1991-08-01,Pennsylvania,16427,PA06502,breakdown offenses,normal return,normal return,normal return,normal return,normal return,breakdown offenses,breakdown offenses,breakdown offenses,0,0,0,0,0,0,0,0,3,0,0,2,1,11,0,1,0,3,7,13,3,8,2,37,4,3,0,1,68,0,4,7,54,61,0,0,0,0,0,0,0,0,0,0,11,0,1,0,3,7,1,0,1,0,11,1,0,0,1,24,0,4,4,13,17,0,0,0,0,0,0,0,0,0,0,0,0,0,0,0,0,0,0,0,0,1,0,0,0,0,1,0,0,0,1,1,0,0,0,0,0,0,0,0,0,0,0,0,0,0,0,0,0,0,0,0,0,0,0,0,0,0,0,0,0,0,0
Greensburg Police Department,1991-07-01,Pennsylvania,16427,PA06502,breakdown offenses,normal return,normal return,normal return,normal return,normal return,breakdown offenses,breakdown offenses,breakdown offenses,0,0,0,0,0,0,0,0,2,2,0,0,0,9,1,0,0,1,7,5,3,0,2,36,4,3,0,1,56,0,2,4,45,49,0,0,0,0,0,0,0,0,0,0,6,2,0,0,1,3,0,0,0,0,9,4,3,1,0,19,0,3,3,13,16,0,0,0,0,0,0,0,0,0,0,0,0,0,0,0,0,0,0,0,0,1,0,0,0,0,1,0,0,0,1,1,0,0,0,0,0,0,0,0,0,0,0,0,0,0,0,0,0,0,0,0,0,0,0,0,0,0,0,0,0,0,0
Greensburg Police Department,1991-06-01,Pennsylvania,16427,PA06502,breakdown offenses,adjustment,adjustment,adjustment,adjustment,adjustment,breakdown offenses,breakdown offenses,breakdown offenses,0,0,1,0,0,0,0,0,0,0,0,0,0,8,1,0,0,4,3,14,11,3,0,37,3,1,1,1,62,0,5,5,54,59,0,0,0,0,0,0,0,0,0,0,5,1,0,0,3,1,1,1,0,0,10,3,1,1,1,19,0,4,4,14,18,0,0,0,0,0,0,0,0,0,0,1,0,0,0,0,1,0,0,0,0,2,1,0,0,1,4,0,0,0,3,3,0,0,0,0,0,0,0,0,0,0,0,0,0,0,0,0,0,0,0,0,0,0,0,0,0,0,0,0,0,0,0
Greensburg Police Department,1991-05-01,Pennsylvania,16427,PA06502,breakdown offenses,adjustment,adjustment,adjustment,adjustment,adjustment,breakdown offenses,breakdown offenses,breakdown offenses,0,0,0,0,0,0,0,0,0,0,0,0,0,5,0,0,0,2,3,8,5,2,1,38,3,2,1,0,54,0,2,2,49,51,0,0,0,0,0,0,0,0,0,0,4,0,0,0,2,2,2,1,0,1,10,1,1,0,0,17,0,2,2,13,15,0,0,0,0,0,0,0,0,0,0,2,0,0,0,1,1,0,0,0,0,2,1,1,0,0,5,0,1,1,3,4,0,0,0,0,0,0,0,0,0,0,0,0,0,0,0,0,0,0,0,0,0,0,0,0,0,0,0,0,0,0,0
Greensburg Police Department,1991-04-01,Pennsylvania,16427,PA06502,breakdown offenses,normal return,normal return,normal return,normal return,normal return,breakdown offenses,breakdown offenses,breakdown offenses,0,0,0,0,0,0,0,0,3,0,1,1,1,8,0,2,0,4,2,12,6,4,2,31,4,3,0,1,58,0,6,9,47,56,0,0,0,0,0,2,0,2,0,0,6,0,1,0,3,2,0,0,0,0,8,0,0,0,0,16,0,4,6,8,14,0,0,0,0,0,0,0,0,0,0,0,0,0,0,0,0,0,0,0,0,0,0,0,0,0,0,0,0,0,0,0,0,0,0,0,0,0,0,0,0,0,0,0,0,0,0,0,0,0,0,0,0,0,0,0,0,0,0,0,0,0,0
Greensburg Police Department,1991-03-01,Pennsylvania,16427,PA06502,breakdown offenses,normal return,normal return,normal return,normal return,normal return,breakdown offenses,breakdown offenses,breakdown offenses,0,0,0,0,0,0,0,0,1,1,0,0,0,11,0,0,0,1,10,17,8,7,2,26,7,5,1,1,62,0,1,2,50,52,0,0,1,1,0,0,0,0,0,0,6,0,0,0,1,5,2,1,0,1,8,3,3,0,0,20,0,1,2,13,15,0,0,0,0,0,0,0,0,0,0,2,0,0,0,1,1,0,0,0,0,2,0,0,0,0,4,0,1,1,2,3,0,0,0,0,0,0,0,0,0,0,0,0,0,0,0,0,0,0,0,0,0,0,0,0,0,0,0,0,0,0,0
Greensburg Police Department,1991-02-01,Pennsylvania,16427,PA06502,breakdown offenses,normal return,normal return,normal return,normal return,normal return,breakdown offenses,breakdown offenses,breakdown offenses,0,0,0,0,0,1,1,0,0,0,0,0,0,7,0,0,0,2,5,16,12,2,2,37,3,2,1,0,64,0,2,3,56,59,0,0,0,0,0,0,0,0,0,0,9,0,0,1,3,5,0,0,0,0,9,2,2,0,0,20,0,4,4,11,15,0,0,0,0,0,0,0,0,0,0,0,0,0,0,0,0,0,0,0,0,0,0,0,0,0,0,0,0,0,0,0,0,0,0,0,0,0,0,0,0,0,0,0,0,0,0,0,0,0,0,0,0,0,0,0,0,0,0,0,0,0,0
Greensburg Police Department,1991-01-01,Pennsylvania,16427,PA06502,breakdown offenses,normal return,normal return,normal return,normal return,normal return,breakdown offenses,breakdown offenses,breakdown offenses,0,0,0,0,0,1,1,0,1,1,0,0,0,10,1,1,1,3,4,5,4,1,0,29,1,1,0,0,47,0,6,8,35,43,0,0,2,2,0,0,0,0,0,0,7,0,1,2,0,4,0,0,0,0,6,1,1,0,0,16,0,3,5,7,12,0,0,0,0,0,0,0,0,0,0,1,0,1,0,0,0,0,0,0,0,0,0,0,0,0,1,0,1,1,0,1,0,0,0,0,0,0,0,0,0,0,0,0,0,0,0,0,0,0,0,0,1,1,1,0,0,2,0,0,0,2,2
Greensburg Police Department,1990-12-01,Pennsylvania,16318,PA06502,breakdown offenses,adjustment,adjustment,adjustment,adjustment,adjustment,breakdown offenses,breakdown offenses,breakdown offenses,0,0,0,0,0,1,0,1,0,0,0,0,0,8,0,0,2,0,6,15,13,2,0,50,3,2,0,1,77,0,2,3,68,71,0,0,1,0,1,0,0,0,0,0,5,0,0,1,0,4,0,0,0,0,12,1,1,0,0,19,0,1,2,13,15,0,0,0,0,0,0,0,0,0,0,0,0,0,0,0,0,0,0,0,0,0,0,0,0,0,0,0,0,0,0,0,0,0,0,0,0,0,0,0,0,0,0,0,0,0,0,0,0,0,0,0,0,0,0,0,0,0,0,0,0,0,0
Greensburg Police Department,1990-11-01,Pennsylvania,16318,PA06502,breakdown offenses,adjustment,adjustment,adjustment,adjustment,adjustment,breakdown offenses,breakdown offenses,breakdown offenses,0,0,0,0,0,1,0,1,3,0,0,0,3,11,0,1,2,2,6,8,7,0,1,40,4,3,0,1,67,0,5,9,52,61,0,0,1,0,1,1,0,0,0,1,9,0,1,1,1,6,0,0,0,0,4,2,2,0,0,17,0,3,5,6,11,0,0,0,0,0,0,0,0,0,0,0,0,0,0,0,0,0,0,0,0,0,0,0,0,0,0,0,0,0,0,0,0,0,0,0,0,0,0,0,0,0,0,0,0,0,0,0,0,0,0,0,0,1,1,0,0,1,0,0,0,1,1
Greensburg Police Department,1990-10-01,Pennsylvania,16318,PA06502,breakdown offenses,normal return,normal return,normal return,normal return,normal return,breakdown offenses,breakdown offenses,breakdown offenses,0,0,0,0,0,1,1,0,0,0,0,0,0,1,0,0,0,0,1,2,2,0,0,13,4,3,1,0,21,0,0,1,19,20,0,0,0,0,0,0,0,0,0,0,1,0,0,0,0,1,0,0,0,0,3,1,1,0,0,5,0,0,0,4,4,0,0,0,0,0,0,0,0,0,0,0,0,0,0,0,0,0,0,0,0,0,0,0,0,0,0,0,0,0,0,0,0,0,0,0,0,0,0,0,0,0,0,0,0,0,0,0,0,0,0,0,1,0,0,0,0,1,0,0,0,1,1
Greensburg Police Department,1990-09-01,Pennsylvania,16318,PA06502,breakdown offenses,adjustment,adjustment,adjustment,adjustment,adjustment,breakdown offenses,breakdown offenses,breakdown offenses,0,0,1,0,0,1,1,0,3,1,0,0,2,7,0,1,1,0,5,19,9,7,3,26,5,5,0,0,61,0,2,6,50,56,0,0,0,0,0,1,1,0,0,0,5,0,1,1,0,3,5,4,1,0,5,0,0,0,0,16,0,2,3,10,13,0,0,0,0,0,0,0,0,0,0,1,0,0,0,0,1,0,0,0,0,0,0,0,0,0,1,0,0,0,0,0,0,0,0,0,0,0,0,0,0,0,0,0,0,0,0,0,0,0,0,0,0,0,0,0,0,0,0,0,0,0,0
Greensburg Police Department,1990-08-01,Pennsylvania,16318,PA06502,breakdown offenses,adjustment,adjustment,adjustment,adjustment,adjustment,breakdown offenses,breakdown offenses,breakdown offenses,0,0,0,0,0,1,1,0,0,0,0,0,0,4,0,0,0,1,3,15,8,4,3,34,4,3,1,0,58,0,1,2,53,55,0,0,0,0,0,0,0,0,0,0,1,0,0,0,0,1,0,0,0,0,5,2,2,0,0,8,0,0,0,7,7,0,0,0,0,0,0,0,0,0,0,0,0,0,0,0,0,0,0,0,0,0,0,0,0,0,0,0,0,0,0,0,0,0,0,0,0,0,0,0,0,0,0,0,0,0,0,0,0,0,0,0,0,0,0,0,0,0,0,0,0,0,0
Greensburg Police Department,1990-07-01,Pennsylvania,16318,PA06502,breakdown offenses,adjustment,adjustment,adjustment,adjustment,adjustment,breakdown offenses,breakdown offenses,breakdown offenses,0,0,0,0,0,1,1,0,0,0,0,0,0,23,0,5,3,9,6,15,5,4,6,27,1,1,0,0,67,0,17,18,43,61,0,0,1,1,0,0,0,0,0,0,18,0,4,2,9,3,1,1,0,0,7,0,0,0,0,27,0,15,16,8,24,0,0,1,1,0,0,0,0,0,0,1,0,0,0,0,1,0,0,0,0,1,0,0,0,0,3,0,0,1,1,2,0,0,0,0,0,0,0,0,0,0,0,0,0,0,0,0,0,0,0,0,0,0,0,0,0,0,0,0,0,0,0
Greensburg Police Department,1990-06-01,Pennsylvania,16318,PA06502,breakdown offenses,adjustment,adjustment,adjustment,adjustment,adjustment,breakdown offenses,breakdown offenses,breakdown offenses,0,0,0,0,0,0,0,0,1,0,0,0,1,6,0,0,0,2,4,8,5,3,0,27,6,6,0,0,48,0,2,3,41,44,0,0,0,0,0,0,0,0,0,0,7,0,0,1,1,5,2,1,1,0,2,2,2,0,0,13,0,2,2,6,8,0,0,0,0,0,0,0,0,0,0,0,0,0,0,0,0,0,0,0,0,0,1,1,0,0,1,0,0,0,1,1,0,0,0,0,0,0,0,0,0,0,0,0,0,0,0,0,1,0,0,1,1,0,0,0,0,2,0,0,0,2,2
Greensburg Police Department,1990-05-01,Pennsylvania,16318,PA06502,breakdown offenses,adjustment,adjustment,adjustment,adjustment,adjustment,breakdown offenses,breakdown offenses,breakdown offenses,0,0,0,0,0,0,0,0,0,0,0,0,0,13,0,0,1,5,7,5,3,2,0,45,4,4,0,0,67,0,6,6,54,60,0,0,0,0,0,1,0,0,0,1,8,0,0,1,2,5,1,1,0,0,16,3,3,0,0,29,0,3,4,20,24,0,0,0,0,0,0,0,0,0,0,0,0,0,0,0,0,0,0,0,0,0,0,0,0,0,0,0,0,0,0,0,0,0,0,0,0,0,0,0,0,0,0,0,0,0,0,0,0,0,0,0,0,0,0,0,0,0,0,0,0,0,0
Greensburg Police Department,1990-04-01,Pennsylvania,16318,PA06502,breakdown offenses,normal return,normal return,normal return,normal return,normal return,breakdown offenses,breakdown offenses,breakdown offenses,0,0,0,0,0,1,1,0,0,0,0,0,0,8,0,1,0,1,6,7,6,1,0,26,1,1,0,0,43,0,2,3,34,37,0,0,1,1,0,0,0,0,0,0,3,0,0,0,0,3,0,0,0,0,8,2,2,0,0,14,0,0,1,10,11,0,0,0,0,0,0,0,0,0,0,2,0,0,0,0,2,0,0,0,0,6,0,0,0,0,8,0,0,0,6,6,0,0,0,0,0,0,0,0,0,0,0,0,0,0,0,0,0,0,0,0,0,0,0,0,0,0,0,0,0,0,0
Greensburg Police Department,1990-03-01,Pennsylvania,16318,PA06502,breakdown offenses,normal return,normal return,normal return,normal return,normal return,breakdown offenses,breakdown offenses,breakdown offenses,0,0,0,0,0,0,0,0,1,0,0,1,0,5,0,0,1,0,4,11,8,2,1,32,7,4,3,0,56,0,1,2,50,52,0,0,0,0,0,1,0,0,1,0,3,0,0,0,0,3,2,2,0,0,9,4,3,1,0,19,0,0,1,15,16,0,0,0,0,0,0,0,0,0,0,1,0,0,0,0,1,0,0,0,0,1,0,0,0,0,2,0,0,0,1,1,0,0,0,0,0,0,0,0,0,0,0,0,0,0,0,0,0,0,0,0,0,0,0,0,0,0,0,0,0,0,0
Greensburg Police Department,1990-02-01,Pennsylvania,16318,PA06502,breakdown offenses,normal return,normal return,normal return,normal return,normal return,breakdown offenses,breakdown offenses,breakdown offenses,0,0,0,0,0,0,0,0,0,0,0,0,0,9,0,0,1,2,6,10,6,4,0,30,3,2,1,0,52,0,3,3,43,46,0,0,0,0,0,0,0,0,0,0,6,0,0,1,2,3,0,0,0,0,9,4,3,1,0,19,0,3,3,13,16,0,0,0,0,0,0,0,0,0,0,1,0,0,1,0,0,0,0,0,0,0,1,0,1,0,2,0,1,1,1,2,0,0,0,0,0,0,0,0,0,0,0,0,0,0,0,0,0,0,0,0,0,0,0,0,0,0,0,0,0,0,0
Greensburg Police Department,1990-01-01,Pennsylvania,16318,PA06502,breakdown offenses,normal return,normal return,normal return,normal return,normal return,breakdown offenses,breakdown offenses,breakdown offenses,0,0,2,0,0,0,0,0,0,0,0,0,0,11,0,0,2,2,7,10,9,0,1,34,6,5,1,0,61,0,4,4,50,54,0,0,0,0,0,0,0,0,0,0,6,0,0,2,0,4,1,1,0,0,2,2,2,0,0,11,0,2,2,5,7,0,0,0,0,0,0,0,0,0,0,0,0,0,0,0,0,0,0,0,0,1,1,1,0,0,2,0,0,0,2,2,0,0,0,0,0,0,0,0,0,0,0,0,0,0,0,0,0,0,0,0,0,0,0,0,0,0,0,0,0,0,0
Greensburg Police Department,1989-12-01,Pennsylvania,16993,PA06502,breakdown offenses,adjustment,adjustment,adjustment,adjustment,adjustment,breakdown offenses,breakdown offenses,breakdown offenses,0,0,0,0,0,1,1,0,0,0,0,0,0,6,0,0,1,0,5,11,8,2,1,27,4,3,1,0,49,0,1,2,42,44,0,0,0,0,0,0,0,0,0,0,3,0,0,0,0,3,2,2,0,0,6,0,0,0,0,11,0,0,0,8,8,0,0,0,0,0,0,0,0,0,0,2,0,0,0,0,2,0,0,0,0,0,0,0,0,0,2,0,0,0,0,0,0,0,0,0,0,0,0,0,0,0,0,0,0,0,0,0,0,0,0,0,0,0,0,0,0,0,0,0,0,0,0
Greensburg Police Department,1989-11-01,Pennsylvania,16993,PA06502,breakdown offenses,adjustment,adjustment,adjustment,adjustment,adjustment,breakdown offenses,breakdown offenses,breakdown offenses,0,0,0,0,0,2,2,0,0,0,0,0,0,17,0,4,1,12,0,12,7,4,1,42,0,0,0,0,73,0,17,19,54,73,0,0,1,1,0,1,1,0,0,0,10,0,3,2,5,0,1,1,0,0,11,0,0,0,0,24,0,10,12,12,24,0,0,0,0,0,0,0,0,0,0,1,0,0,0,1,0,0,0,0,0,0,0,0,0,0,1,0,1,1,0,1,0,0,0,0,0,0,0,0,0,0,0,0,0,0,0,0,1,0,1,0,0,0,0,0,0,1,0,0,0,1,1
Greensburg Police Department,1989-10-01,Pennsylvania,16993,PA06502,breakdown offenses,adjustment,adjustment,adjustment,adjustment,adjustment,breakdown offenses,breakdown offenses,breakdown offenses,0,0,0,0,0,0,0,0,1,1,0,0,0,10,0,1,0,9,0,30,19,5,6,52,3,1,2,0,96,0,10,11,85,96,0,0,1,1,0,0,0,0,0,0,7,0,1,0,6,0,1,1,0,0,12,0,0,0,0,21,0,7,8,13,21,0,0,0,0,0,0,0,0,0,0,1,0,0,0,1,0,0,0,0,0,11,0,0,0,0,12,0,1,1,11,12,0,0,0,0,0,0,0,0,0,0,2,0,0,2,0,0,1,0,0,1,0,0,0,0,0,3,0,2,2,1,3
Greensburg Police Department,1989-09-01,Pennsylvania,16993,PA06502,breakdown offenses,adjustment,adjustment,adjustment,adjustment,adjustment,breakdown offenses,breakdown offenses,breakdown offenses,0,0,0,0,0,0,0,0,1,0,0,0,1,9,0,1,0,2,6,15,7,5,3,41,3,2,1,0,69,0,3,4,59,63,0,0,1,1,0,0,0,0,0,0,8,0,0,0,3,5,2,1,1,0,4,2,1,1,0,17,0,3,4,8,12,0,0,0,0,0,0,0,0,0,0,1,0,0,0,1,0,0,0,0,0,0,0,0,0,0,1,0,1,1,0,1,0,0,0,0,0,0,0,0,0,0,0,0,0,0,0,0,0,0,0,0,0,0,0,0,0,0,0,0,0,0,0
Greensburg Police Department,1989-08-01,Pennsylvania,16993,PA06502,breakdown offenses,adjustment,adjustment,adjustment,adjustment,adjustment,breakdown offenses,breakdown offenses,breakdown offenses,0,0,0,0,0,2,2,0,0,0,0,0,0,9,0,0,0,2,7,16,9,4,3,54,5,3,0,2,86,0,2,4,75,79,0,0,1,1,0,0,0,0,0,0,5,0,0,0,1,4,0,0,0,0,8,4,3,0,1,18,0,1,2,12,14,0,0,0,0,0,0,0,0,0,0,1,0,0,0,0,1,0,0,0,0,1,0,0,0,0,2,0,0,0,1,1,0,0,0,0,0,0,0,0,0,0,0,0,0,0,0,0,0,0,0,0,1,0,0,0,0,1,0,0,0,1,1
Greensburg Police Department,1989-07-01,Pennsylvania,16993,PA06502,breakdown offenses,adjustment,adjustment,adjustment,adjustment,adjustment,breakdown offenses,breakdown offenses,breakdown offenses,0,0,0,0,0,0,0,0,1,0,0,0,1,7,0,0,2,1,4,15,11,4,0,42,5,4,0,1,70,0,3,4,62,66,0,0,0,0,0,0,0,0,0,0,5,0,0,1,0,4,1,1,0,0,9,4,3,0,1,19,0,1,1,14,15,0,0,0,0,0,0,0,0,0,0,0,0,0,0,0,0,1,1,0,0,2,0,0,0,0,3,0,0,0,3,3,0,0,0,0,0,0,0,0,0,0,0,0,0,0,0,0,0,0,0,0,0,0,0,0,0,0,0,0,0,0,0
Greensburg Police Department,1989-06-01,Pennsylvania,16993,PA06502,breakdown offenses,adjustment,adjustment,adjustment,adjustment,adjustment,breakdown offenses,breakdown offenses,breakdown offenses,0,0,1,0,0,0,0,0,0,0,0,0,0,12,0,1,1,4,6,16,6,6,4,41,4,4,0,0,73,0,6,6,61,67,0,0,0,0,0,0,0,0,0,0,8,0,1,1,3,3,3,1,1,1,16,3,3,0,0,30,0,5,5,22,27,0,0,0,0,0,0,0,0,0,0,0,0,0,0,0,0,0,0,0,0,11,0,0,0,0,11,0,0,0,11,11,0,0,0,0,0,0,0,0,0,0,0,0,0,0,0,0,0,0,0,0,0,0,0,0,0,0,0,0,0,0,0
Greensburg Police Department,1989-05-01,Pennsylvania,16993,PA06502,breakdown offenses,adjustment,adjustment,adjustment,adjustment,adjustment,breakdown offenses,breakdown offenses,breakdown offenses,0,0,0,0,0,0,0,0,0,0,0,0,0,14,0,2,7,0,5,16,11,4,1,48,3,3,0,0,81,0,9,9,67,76,0,0,0,0,0,0,0,0,0,0,9,0,1,7,0,1,0,0,0,0,13,1,1,0,0,23,0,8,8,14,22,0,0,0,0,0,0,0,0,0,0,1,0,0,0,0,1,0,0,0,0,0,0,0,0,0,1,0,0,0,0,0,0,0,0,0,0,0,0,0,0,0,0,0,0,0,0,0,0,0,0,0,0,0,0,0,0,0,0,0,0,0,0
Greensburg Police Department,1989-04-01,Pennsylvania,16993,PA06502,breakdown offenses,adjustment,adjustment,adjustment,adjustment,adjustment,breakdown offenses,breakdown offenses,breakdown offenses,0,0,0,0,0,0,0,0,1,0,0,0,1,3,0,0,0,0,3,11,4,5,2,54,5,4,1,0,74,0,0,1,70,71,0,0,0,0,0,1,0,0,0,1,4,0,0,0,1,3,0,0,0,0,6,3,2,1,0,14,0,1,2,9,11,0,0,0,0,0,0,0,0,0,0,0,0,0,0,0,0,0,0,0,0,4,2,2,0,0,6,0,0,0,6,6,0,0,0,0,0,0,0,0,0,0,0,0,0,0,0,0,0,0,0,0,0,0,0,0,0,0,0,0,0,0,0
Greensburg Police Department,1989-03-01,Pennsylvania,16993,PA06502,breakdown offenses,adjustment,adjustment,adjustment,adjustment,adjustment,breakdown offenses,breakdown offenses,breakdown offenses,0,0,0,0,0,1,1,0,1,0,0,0,1,7,0,1,0,6,0,7,4,2,1,33,8,6,2,0,57,0,7,9,48,57,0,0,0,0,0,0,0,0,0,0,3,0,1,0,2,0,1,1,0,0,8,6,5,1,0,18,0,3,3,15,18,0,0,0,0,0,0,0,0,0,0,1,0,0,0,1,0,0,0,0,0,0,0,0,0,0,1,0,1,1,0,1,0,0,0,0,0,0,0,0,0,0,0,0,0,0,0,0,0,0,0,0,0,0,0,0,0,0,0,0,0,0,0
Greensburg Police Department,1989-02-01,Pennsylvania,16993,PA06502,breakdown offenses,adjustment,adjustment,adjustment,adjustment,adjustment,breakdown offenses,breakdown offenses,breakdown offenses,0,0,0,0,0,1,1,0,0,0,0,0,0,8,0,1,1,6,0,16,13,1,2,29,6,5,1,0,60,0,8,9,51,60,0,0,0,0,0,0,0,0,0,0,8,0,1,1,6,0,2,2,0,0,7,4,4,0,0,21,0,8,8,13,21,0,0,0,0,0,0,0,0,0,0,1,0,0,0,1,0,0,0,0,0,0,1,1,0,0,2,0,1,1,1,2,0,0,0,0,0,0,0,0,0,0,0,0,0,0,0,0,0,0,0,0,0,1,1,0,0,1,0,0,0,1,1
Greensburg Police Department,1989-01-01,Pennsylvania,16993,PA06502,breakdown offenses,adjustment,adjustment,adjustment,adjustment,adjustment,breakdown offenses,breakdown offenses,breakdown offenses,0,0,1,0,0,1,1,0,1,0,1,0,0,10,0,0,2,4,4,15,10,4,1,26,4,2,1,1,57,0,6,8,45,53,0,0,1,1,0,1,0,1,0,0,11,0,0,2,6,3,1,1,0,0,2,3,1,1,1,19,0,8,10,6,16,0,0,0,0,0,0,0,0,0,0,0,0,0,0,0,0,0,0,0,0,0,0,0,0,0,0,0,0,0,0,0,0,0,0,0,0,0,0,0,0,0,0,0,0,0,0,0,0,0,0,0,0,0,0,0,0,0,0,0,0,0,0
Greensburg Police Department,1988-12-01,Pennsylvania,16892,PA06502,breakdown offenses,adjustment,adjustment,adjustment,adjustment,adjustment,breakdown offenses,breakdown offenses,breakdown offenses,0,0,0,0,0,0,0,0,0,0,0,0,0,4,0,0,0,3,1,9,7,1,1,23,3,3,0,0,39,0,3,3,35,38,0,0,0,0,0,0,0,0,0,0,4,0,0,0,3,1,1,1,0,0,2,1,1,0,0,8,0,3,3,4,7,0,0,0,0,0,0,0,0,0,0,1,0,0,0,1,0,0,0,0,0,1,0,0,0,0,2,0,1,1,1,2,0,0,0,0,0,0,0,0,0,0,0,0,0,0,0,0,0,0,0,0,0,0,0,0,0,0,0,0,0,0,0
Greensburg Police Department,1988-11-01,Pennsylvania,16892,PA06502,breakdown offenses,normal return,normal return,normal return,normal return,normal return,breakdown offenses,breakdown offenses,breakdown offenses,0,0,0,0,0,0,0,0,0,0,0,0,0,7,0,0,0,7,0,16,9,4,3,15,9,6,3,0,47,0,7,7,40,47,0,0,0,0,0,0,0,0,0,0,3,0,0,0,3,0,1,1,0,0,2,6,5,1,0,12,0,3,3,9,12,0,0,0,0,0,0,0,0,0,0,0,0,0,0,0,0,0,0,0,0,0,0,0,0,0,0,0,0,0,0,0,0,0,0,0,0,0,0,0,0,0,0,0,0,0,0,0,0,0,0,0,0,1,1,0,0,1,0,0,0,1,1
Greensburg Police Department,1988-10-01,Pennsylvania,16892,PA06502,breakdown offenses,normal return,normal return,normal return,normal return,normal return,breakdown offenses,breakdown offenses,breakdown offenses,0,0,1,1,0,2,0,2,0,0,0,0,0,4,0,0,1,3,0,4,2,0,2,22,0,0,0,0,33,0,4,7,26,33,1,0,3,1,2,1,0,0,0,1,3,0,0,0,3,0,0,0,0,0,13,1,1,0,0,22,0,3,8,14,22,0,0,0,0,0,0,0,0,0,0,1,0,0,0,1,0,0,0,0,0,0,0,0,0,0,1,0,1,1,0,1,0,0,0,0,0,0,0,0,0,0,0,0,0,0,0,0,0,0,0,0,1,0,0,0,0,1,0,0,0,1,1
Greensburg Police Department,1988-09-01,Pennsylvania,16892,PA06502,breakdown offenses,normal return,normal return,normal return,normal return,normal return,breakdown offenses,breakdown offenses,breakdown offenses,0,0,0,0,0,2,2,0,0,0,0,0,0,5,0,0,0,2,3,7,2,3,2,20,4,4,0,0,38,0,2,4,31,35,0,0,0,0,0,0,0,0,0,0,2,0,0,0,2,0,0,0,0,0,4,2,2,0,0,8,0,2,2,6,8,0,0,0,0,0,0,0,0,0,0,0,0,0,0,0,0,0,0,0,0,2,0,0,0,0,2,0,0,0,2,2,0,0,0,0,0,0,0,0,0,0,0,0,0,0,0,0,1,0,1,0,0,0,0,0,0,1,0,0,0,1,1
Greensburg Police Department,1988-08-01,Pennsylvania,16892,PA06502,breakdown offenses,normal return,normal return,normal return,normal return,normal return,breakdown offenses,breakdown offenses,breakdown offenses,0,0,0,0,0,0,0,0,1,0,0,0,1,9,0,0,0,4,5,7,7,0,0,28,6,5,1,0,51,0,4,5,41,46,0,0,0,0,0,1,0,0,0,1,6,0,1,0,3,2,1,1,0,0,6,4,4,0,0,18,0,4,5,11,16,0,0,0,0,0,0,0,0,0,0,0,0,0,0,0,0,0,0,0,0,0,0,0,0,0,0,0,0,0,0,0,0,0,0,0,0,0,0,0,0,0,0,0,0,0,0,0,0,0,0,0,0,0,0,0,0,0,0,0,0,0,0
Greensburg Police Department,1988-07-01,Pennsylvania,16892,PA06502,breakdown offenses,normal return,normal return,normal return,normal return,normal return,breakdown offenses,breakdown offenses,breakdown offenses,0,0,1,0,0,1,1,0,0,0,0,0,0,9,0,0,0,5,4,7,5,1,1,24,0,0,0,0,41,0,5,6,31,37,0,0,0,0,0,0,0,0,0,0,6,0,0,0,3,3,3,2,1,0,8,1,1,0,0,18,0,3,3,12,15,0,0,0,0,0,0,0,0,0,0,0,0,0,0,0,0,1,1,0,0,0,0,0,0,0,1,0,0,0,1,1,0,0,0,0,0,0,0,0,0,0,0,0,0,0,0,0,0,0,0,0,0,0,0,0,0,0,0,0,0,0,0
Greensburg Police Department,1988-06-01,Pennsylvania,16892,PA06502,breakdown offenses,adjustment,adjustment,adjustment,adjustment,adjustment,breakdown offenses,breakdown offenses,breakdown offenses,0,0,0,0,0,0,0,0,0,0,0,0,0,9,0,3,1,3,2,17,9,4,4,27,4,3,1,0,57,0,7,7,48,55,0,0,0,0,0,0,0,0,0,0,6,0,2,1,2,1,1,0,0,1,3,1,0,1,0,11,0,5,5,5,10,0,0,0,0,0,0,0,0,0,0,0,0,0,0,0,0,0,0,0,0,0,0,0,0,0,0,0,0,0,0,0,0,0,0,0,0,0,0,0,0,0,0,0,0,0,0,0,0,0,0,0,0,0,0,0,0,0,0,0,0,0,0
Greensburg Police Department,1988-05-01,Pennsylvania,16892,PA06502,breakdown offenses,adjustment,adjustment,adjustment,adjustment,adjustment,breakdown offenses,breakdown offenses,breakdown offenses,0,0,0,0,0,0,0,0,1,0,0,0,1,10,0,1,0,3,6,17,12,4,1,23,1,0,0,1,52,0,4,5,41,46,0,0,0,0,0,0,0,0,0,0,3,0,0,1,1,1,1,0,1,0,4,0,0,0,0,8,0,2,2,5,7,0,0,0,0,0,0,0,0,0,0,1,0,0,0,1,0,1,0,1,0,0,0,0,0,0,2,0,1,1,1,2,0,0,0,0,0,0,0,0,0,0,1,0,0,0,1,0,0,0,0,0,0,0,0,0,0,1,0,1,1,0,1
Greensburg Police Department,1988-04-01,Pennsylvania,16892,PA06502,breakdown offenses,adjustment,adjustment,adjustment,adjustment,adjustment,breakdown offenses,breakdown offenses,breakdown offenses,0,0,0,0,0,0,0,0,0,0,0,0,0,9,0,0,1,2,6,9,2,7,0,30,4,4,0,0,52,0,3,3,43,46,0,0,0,0,0,0,0,0,0,0,7,0,0,0,2,5,3,1,2,0,6,3,3,0,0,19,0,2,2,12,14,0,0,0,0,0,0,0,0,0,0,0,0,0,0,0,0,0,0,0,0,0,0,0,0,0,0,0,0,0,0,0,0,0,0,0,0,0,0,0,0,0,0,0,0,0,0,0,0,0,0,0,0,0,0,0,0,0,0,0,0,0,0
Greensburg Police Department,1988-03-01,Pennsylvania,16892,PA06502,breakdown offenses,adjustment,adjustment,adjustment,adjustment,adjustment,breakdown offenses,breakdown offenses,breakdown offenses,0,0,0,0,0,0,0,0,1,0,0,0,1,11,0,0,2,4,5,8,0,5,3,29,4,4,0,0,53,0,6,7,41,48,0,0,0,0,0,1,0,0,0,1,5,0,0,1,4,0,1,0,1,0,2,1,1,0,0,10,0,5,6,4,10,0,0,0,0,0,0,0,0,0,0,2,0,0,0,2,0,0,0,0,0,0,0,0,0,0,2,0,2,2,0,2,0,0,1,1,0,0,0,0,0,0,0,0,0,0,0,0,0,0,0,0,0,2,2,0,0,3,0,0,1,2,3
Greensburg Police Department,1988-02-01,Pennsylvania,16892,PA06502,breakdown offenses,adjustment,adjustment,adjustment,adjustment,adjustment,breakdown offenses,breakdown offenses,breakdown offenses,0,0,0,0,0,0,0,0,1,0,0,0,1,5,0,0,0,2,3,7,3,1,3,16,5,4,0,1,34,0,2,3,28,31,0,0,0,0,0,0,0,0,0,0,5,0,0,0,2,3,0,0,0,0,6,3,3,0,0,14,0,2,2,9,11,0,0,0,0,0,0,0,0,0,0,0,0,0,0,0,0,0,0,0,0,1,0,0,0,0,1,0,0,0,1,1,0,0,0,0,0,0,0,0,0,0,0,0,0,0,0,0,0,0,0,0,0,0,0,0,0,0,0,0,0,0,0
Greensburg Police Department,1988-01-01,Pennsylvania,16892,PA06502,breakdown offenses,normal return,normal return,normal return,normal return,normal return,breakdown offenses,breakdown offenses,breakdown offenses,0,0,0,0,0,0,0,0,0,0,0,0,0,4,0,0,0,4,0,7,4,3,0,19,2,1,0,1,32,0,4,4,28,32,0,0,0,0,0,0,0,0,0,0,5,0,0,1,4,0,2,1,1,0,7,0,0,0,0,14,0,5,5,9,14,0,0,0,0,0,0,0,0,0,0,0,0,0,0,0,0,0,0,0,0,2,0,0,0,0,2,0,0,0,2,2,0,0,0,0,0,0,0,0,0,0,0,0,0,0,0,0,0,0,0,0,0,0,0,0,0,0,0,0,0,0,0
Greensburg Police Department,1987-12-01,Pennsylvania,16906,PA06502,breakdown offenses,adjustment,adjustment,adjustment,adjustment,adjustment,breakdown offenses,breakdown offenses,breakdown offenses,0,0,0,0,0,0,0,0,1,0,0,0,1,8,0,1,1,2,4,15,8,3,4,29,1,0,1,0,54,0,4,5,45,50,0,0,0,0,0,1,0,0,0,1,1,0,0,0,1,0,5,3,1,1,1,0,0,0,0,8,0,1,2,6,8,0,0,0,0,0,1,0,0,0,1,0,0,0,0,0,0,2,2,0,0,0,0,0,0,0,3,0,0,1,2,3,0,0,0,0,0,0,0,0,0,0,0,0,0,0,0,0,0,0,0,0,0,0,0,0,0,0,0,0,0,0,0
Greensburg Police Department,1987-11-01,Pennsylvania,16906,PA06502,breakdown offenses,adjustment,adjustment,adjustment,adjustment,adjustment,breakdown offenses,breakdown offenses,breakdown offenses,0,0,0,0,0,1,0,1,1,0,0,0,1,9,2,0,0,4,3,16,7,6,3,27,2,2,0,0,56,0,6,8,45,53,0,0,0,0,0,0,0,0,0,0,5,2,0,0,1,2,1,1,0,0,5,1,1,0,0,12,0,3,3,7,10,0,0,0,0,0,0,0,0,0,0,0,0,0,0,0,0,0,0,0,0,0,0,0,0,0,0,0,0,0,0,0,0,0,0,0,0,0,0,0,0,0,0,0,0,0,0,0,0,0,0,0,0,0,0,0,0,0,0,0,0,0,0
Greensburg Police Department,1987-10-01,Pennsylvania,16906,PA06502,missing,not updated,not updated,not updated,not updated,not updated,missing,missing,missing,0,0,0,0,0,0,0,0,0,0,0,0,0,0,0,0,0,0,0,0,0,0,0,0,0,0,0,0,0,0,0,0,0,0,0,0,0,0,0,0,0,0,0,0,0,0,0,0,0,0,0,0,0,0,0,0,0,0,0,0,0,0,0,0,0,0,0,0,0,0,0,0,0,0,0,0,0,0,0,0,0,0,0,0,0,0,0,0,0,0,0,0,0,0,0,0,0,0,0,0,0,0,0,0,0,0,0,0,0,0,0,0,0,0,0,0,0,0,0,0,0,0,0,0,0,0,0
Greensburg Police Department,1987-09-01,Pennsylvania,16906,PA06502,breakdown offenses,adjustment,adjustment,adjustment,adjustment,adjustment,breakdown offenses,breakdown offenses,breakdown offenses,0,0,0,0,0,1,1,0,1,0,0,1,0,8,0,0,2,2,4,13,7,6,0,33,5,3,2,0,61,0,4,6,51,57,0,0,0,0,0,0,0,0,0,0,6,0,0,2,1,3,1,1,0,0,5,4,3,1,0,16,0,3,3,10,13,0,0,0,0,0,0,0,0,0,0,0,0,0,0,0,0,0,0,0,0,0,1,0,1,0,1,0,0,0,1,1,0,0,0,0,0,0,0,0,0,0,0,0,0,0,0,0,0,0,0,0,0,0,0,0,0,0,0,0,0,0,0
Greensburg Police Department,1987-08-01,Pennsylvania,16906,PA06502,breakdown offenses,normal return,normal return,normal return,normal return,normal return,breakdown offenses,breakdown offenses,breakdown offenses,0,0,1,0,0,1,1,0,2,1,0,0,1,13,0,0,1,12,0,6,5,1,0,34,2,1,1,0,58,0,13,16,42,58,0,0,1,1,0,1,0,0,0,1,10,0,0,1,9,0,1,1,0,0,5,1,0,1,0,19,0,10,12,7,19,0,0,0,0,0,1,0,0,0,1,1,0,0,0,1,0,0,0,0,0,0,1,0,1,0,3,0,1,2,1,3,0,0,0,0,0,0,0,0,0,0,0,0,0,0,0,0,0,0,0,0,0,0,0,0,0,0,0,0,0,0,0
Greensburg Police Department,1987-07-01,Pennsylvania,16906,PA06502,breakdown offenses,normal return,normal return,normal return,normal return,normal return,breakdown offenses,breakdown offenses,breakdown offenses,0,0,0,0,0,0,0,0,0,0,0,0,0,11,0,1,0,10,0,13,9,4,0,36,2,2,0,0,62,0,11,11,51,62,0,0,0,0,0,0,0,0,0,0,9,0,1,0,8,0,2,2,0,0,11,1,1,0,0,23,0,9,9,14,23,0,0,0,0,0,0,0,0,0,0,0,0,0,0,0,0,0,0,0,0,0,0,0,0,0,0,0,0,0,0,0,0,0,0,0,0,0,0,0,0,0,0,0,0,0,0,0,0,0,0,0,0,0,0,0,0,0,0,0,0,0,0
Greensburg Police Department,1987-06-01,Pennsylvania,16906,PA06502,breakdown offenses,adjustment,adjustment,adjustment,adjustment,adjustment,breakdown offenses,breakdown offenses,breakdown offenses,0,0,0,0,0,1,1,0,0,0,0,0,0,11,0,1,1,9,0,19,14,4,1,42,0,0,0,0,73,0,11,12,61,73,0,0,0,0,0,0,0,0,0,0,9,0,1,0,8,0,2,1,0,1,3,0,0,0,0,14,0,9,9,5,14,0,0,0,0,0,0,0,0,0,0,0,0,0,0,0,0,0,0,0,0,1,0,0,0,0,1,0,0,0,1,1,0,0,0,0,0,0,0,0,0,0,0,0,0,0,0,0,1,1,0,0,0,0,0,0,0,1,0,0,0,1,1
Greensburg Police Department,1987-05-01,Pennsylvania,16906,PA06502,breakdown offenses,normal return,normal return,normal return,normal return,normal return,breakdown offenses,breakdown offenses,breakdown offenses,0,0,0,0,0,0,0,0,0,0,0,0,0,9,0,0,0,9,0,11,9,1,1,31,2,1,0,1,53,0,9,9,44,53,0,0,0,0,0,0,0,0,0,0,6,0,0,0,6,0,1,0,0,1,8,2,2,0,0,17,0,6,6,11,17,0,0,0,0,0,0,0,0,0,0,0,0,0,0,0,0,0,0,0,0,1,0,0,0,0,1,0,0,0,1,1,0,0,0,0,0,0,0,0,0,0,0,0,0,0,0,0,0,0,0,0,0,0,0,0,0,0,0,0,0,0,0
Greensburg Police Department,1987-04-01,Pennsylvania,16906,PA06502,breakdown offenses,normal return,normal return,normal return,normal return,normal return,breakdown offenses,breakdown offenses,breakdown offenses,0,0,0,0,0,0,0,0,0,0,0,0,0,5,0,0,1,2,2,13,7,5,1,30,1,1,0,0,49,0,3,3,44,47,0,0,0,0,0,0,0,0,0,0,5,0,0,1,2,2,0,0,0,0,1,1,1,0,0,7,0,3,3,2,5,0,0,0,0,0,0,0,0,0,0,0,0,0,0,0,0,0,0,0,0,0,0,0,0,0,0,0,0,0,0,0,0,0,0,0,0,0,0,0,0,0,0,0,0,0,0,0,0,0,0,0,0,0,0,0,0,0,0,0,0,0,0
Greensburg Police Department,1987-03-01,Pennsylvania,16906,PA06502,breakdown offenses,adjustment,adjustment,adjustment,adjustment,adjustment,breakdown offenses,breakdown offenses,breakdown offenses,0,0,0,0,0,0,0,0,0,0,0,0,0,3,0,0,0,1,2,7,2,3,2,26,2,2,0,0,38,0,1,1,35,36,0,0,0,0,0,0,0,0,0,0,3,0,0,0,1,2,1,1,0,0,4,2,2,0,0,10,0,1,1,7,8,0,0,0,0,0,0,0,0,0,0,0,0,0,0,0,0,0,0,0,0,0,0,0,0,0,0,0,0,0,0,0,0,0,0,0,0,0,0,0,0,0,0,0,0,0,0,0,0,0,0,0,0,0,0,0,0,0,0,0,0,0,0
Greensburg Police Department,1987-02-01,Pennsylvania,16906,PA06502,breakdown offenses,adjustment,adjustment,adjustment,adjustment,adjustment,breakdown offenses,breakdown offenses,breakdown offenses,0,0,0,0,0,0,0,0,0,0,0,0,0,9,0,1,0,0,8,6,1,2,3,15,4,2,2,0,34,0,1,1,25,26,0,0,1,1,0,0,0,0,0,0,6,0,1,0,0,5,0,0,0,0,3,3,2,1,0,13,0,1,2,6,8,0,0,0,0,0,0,0,0,0,0,2,0,0,0,0,2,0,0,0,0,0,0,0,0,0,2,0,0,0,0,0,0,0,0,0,0,0,0,0,0,0,0,0,0,0,0,0,0,0,0,0,0,0,0,0,0,0,0,0,0,0,0
Greensburg Police Department,1987-01-01,Pennsylvania,16906,PA06502,breakdown offenses,adjustment,adjustment,adjustment,adjustment,adjustment,breakdown offenses,breakdown offenses,breakdown offenses,0,0,1,0,0,0,0,0,0,0,0,0,0,5,0,2,0,1,2,7,3,4,0,21,6,6,0,0,39,0,3,3,34,37,0,0,0,0,0,0,0,0,0,0,4,0,2,0,1,1,1,1,0,0,4,4,4,0,0,13,0,3,3,9,12,0,0,0,0,0,0,0,0,0,0,0,0,0,0,0,0,0,0,0,0,0,1,1,0,0,1,0,0,0,1,1,0,0,0,0,0,0,0,0,0,0,0,0,0,0,0,0,0,0,0,0,0,0,0,0,0,0,0,0,0,0,0
Greensburg Police Department,1986-12-01,Pennsylvania,17058,PA06502,breakdown offenses,adjustment,adjustment,adjustment,adjustment,adjustment,breakdown offenses,breakdown offenses,breakdown offenses,0,0,0,0,0,0,0,0,0,0,0,0,0,6,1,0,1,2,2,7,3,1,3,33,3,2,1,0,49,0,4,4,43,47,0,0,0,0,0,0,0,0,0,0,2,0,0,0,1,1,0,0,0,0,4,3,2,1,0,9,0,1,1,7,8,0,0,0,0,0,0,0,0,0,0,1,0,0,0,1,0,0,0,0,0,0,1,0,1,0,2,0,1,1,1,2,0,0,0,0,0,0,0,0,0,0,0,0,0,0,0,0,0,0,0,0,0,0,0,0,0,0,0,0,0,0,0
Greensburg Police Department,1986-11-01,Pennsylvania,17058,PA06502,breakdown offenses,adjustment,adjustment,adjustment,adjustment,adjustment,breakdown offenses,breakdown offenses,breakdown offenses,0,0,0,0,0,0,0,0,0,0,0,0,0,7,0,0,0,7,0,14,7,7,0,31,4,1,2,1,56,0,7,7,49,56,0,0,0,0,0,1,0,1,0,0,4,0,0,0,4,0,2,0,2,0,2,1,0,1,0,10,0,4,5,5,10,0,0,0,0,0,0,0,0,0,0,0,0,0,0,0,0,1,0,1,0,1,0,0,0,0,2,0,0,0,2,2,0,0,0,0,0,0,0,0,0,0,0,0,0,0,0,0,1,1,0,0,1,1,1,0,0,3,0,0,0,3,3
Greensburg Police Department,1986-10-01,Pennsylvania,17058,PA06502,breakdown offenses,normal return,normal return,normal return,normal return,normal return,breakdown offenses,breakdown offenses,breakdown offenses,0,0,0,0,0,0,0,0,1,0,1,0,0,6,0,1,0,2,3,4,3,1,0,24,4,4,0,0,39,0,3,4,32,36,0,0,1,1,0,0,0,0,0,0,6,0,1,0,1,4,0,0,0,0,7,4,4,0,0,18,0,2,3,11,14,0,0,0,0,0,0,0,0,0,0,1,0,0,0,1,0,0,0,0,0,0,0,0,0,0,1,0,1,1,0,1,0,0,0,0,0,0,0,0,0,0,0,0,0,0,0,0,0,0,0,0,0,0,0,0,0,0,0,0,0,0,0
Greensburg Police Department,1986-09-01,Pennsylvania,17058,PA06502,breakdown offenses,adjustment,adjustment,adjustment,adjustment,adjustment,breakdown offenses,breakdown offenses,breakdown offenses,0,0,0,0,0,1,1,0,0,0,0,0,0,8,0,0,1,5,2,10,3,4,3,31,2,2,0,0,52,0,6,7,43,50,0,0,0,0,0,0,0,0,0,0,4,0,0,1,1,2,2,1,1,0,8,1,1,0,0,15,0,2,2,11,13,0,0,0,0,0,0,0,0,0,0,2,0,0,0,0,2,0,0,0,0,1,0,0,0,0,3,0,0,0,1,1,0,0,0,0,0,0,0,0,0,0,0,0,0,0,0,0,0,0,0,0,0,0,0,0,0,0,0,0,0,0,0
Greensburg Police Department,1986-08-01,Pennsylvania,17058,PA06502,breakdown offenses,adjustment,adjustment,adjustment,adjustment,adjustment,breakdown offenses,breakdown offenses,breakdown offenses,0,0,1,0,0,0,0,0,0,0,0,0,0,7,0,1,2,2,2,10,6,3,1,29,1,1,0,0,47,0,5,5,40,45,0,0,0,0,0,1,0,0,0,1,6,0,0,2,2,2,1,1,0,0,4,1,1,0,0,13,0,4,5,6,11,0,0,0,0,0,0,0,0,0,0,0,0,0,0,0,0,1,1,0,0,0,0,0,0,0,1,0,0,0,1,1,0,0,0,0,0,0,0,0,0,0,0,0,0,0,0,0,1,0,1,0,0,0,0,0,0,1,0,0,0,1,1
Greensburg Police Department,1986-07-01,Pennsylvania,17058,PA06502,breakdown offenses,adjustment,adjustment,adjustment,adjustment,adjustment,breakdown offenses,breakdown offenses,breakdown offenses,0,0,0,0,0,0,0,0,0,0,0,0,0,9,0,1,0,1,7,18,9,9,0,29,5,5,0,0,61,0,2,2,52,54,0,0,0,0,0,0,0,0,0,0,8,0,1,0,0,7,2,0,2,0,4,3,3,0,0,17,0,1,1,9,10,0,0,0,0,0,0,0,0,0,0,3,0,0,0,0,3,0,0,0,0,1,0,0,0,0,4,0,0,0,1,1,0,0,0,0,0,0,0,0,0,0,0,0,0,0,0,0,0,0,0,0,0,0,0,0,0,0,0,0,0,0,0
Greensburg Police Department,1986-06-01,Pennsylvania,17058,PA06502,breakdown offenses,adjustment,adjustment,adjustment,adjustment,adjustment,breakdown offenses,breakdown offenses,breakdown offenses,0,0,0,1,0,0,0,0,1,0,0,0,1,5,0,0,1,0,4,7,6,0,1,20,3,2,0,1,37,0,1,3,30,33,0,0,0,0,0,0,0,0,0,0,4,0,0,0,0,4,0,0,0,0,2,0,0,0,0,6,0,0,0,2,2,0,0,0,0,0,0,0,0,0,0,0,0,0,0,0,0,0,0,0,0,0,0,0,0,0,0,0,0,0,0,0,0,0,0,0,0,0,0,0,0,0,1,0,0,0,0,1,0,0,0,0,0,0,0,0,0,1,0,0,0,0,0
Greensburg Police Department,1986-05-01,Pennsylvania,17058,PA06502,breakdown offenses,normal return,normal return,normal return,normal return,normal return,breakdown offenses,breakdown offenses,breakdown offenses,0,0,0,0,0,0,0,0,0,0,0,0,0,5,0,0,0,0,5,6,5,1,0,18,5,5,0,0,34,0,0,0,29,29,0,0,0,0,0,0,0,0,0,0,5,0,0,0,1,4,0,0,0,0,0,0,0,0,0,5,0,1,1,0,1,0,0,0,0,0,0,0,0,0,0,0,0,0,0,0,0,0,0,0,0,0,0,0,0,0,0,0,0,0,0,0,0,0,0,0,0,0,0,0,0,0,0,0,0,0,0,0,0,0,0,0,0,0,0,0,0,0,0,0,0,0,0
Greensburg Police Department,1986-04-01,Pennsylvania,17058,PA06502,breakdown offenses,normal return,normal return,normal return,normal return,normal return,breakdown offenses,breakdown offenses,breakdown offenses,0,0,0,0,0,0,0,0,2,1,0,0,1,4,0,0,0,1,3,5,3,2,0,18,2,2,0,0,31,0,1,3,25,28,0,0,0,0,0,1,0,0,0,1,3,0,0,0,0,3,2,2,0,0,6,0,0,0,0,12,0,0,1,8,9,0,0,0,0,0,0,0,0,0,0,1,0,0,0,0,1,0,0,0,0,1,0,0,0,0,2,0,0,0,1,1,0,0,0,0,0,0,0,0,0,0,0,0,0,0,0,0,0,0,0,0,0,0,0,0,0,0,0,0,0,0,0
Greensburg Police Department,1986-03-01,Pennsylvania,17058,PA06502,breakdown offenses,normal return,normal return,normal return,normal return,normal return,breakdown offenses,breakdown offenses,breakdown offenses,0,0,0,0,0,0,0,0,2,0,0,0,2,2,0,0,0,1,1,11,8,3,0,18,1,1,0,0,34,0,1,3,30,33,0,0,0,0,0,3,0,0,1,2,2,0,0,0,1,1,2,0,2,0,1,0,0,0,0,8,0,1,4,3,7,0,0,0,0,0,0,0,0,0,0,2,0,0,0,1,1,1,0,1,0,0,0,0,0,0,3,0,1,1,1,2,0,0,0,0,0,0,0,0,0,0,0,0,0,0,0,0,0,0,0,0,0,0,0,0,0,0,0,0,0,0,0
Greensburg Police Department,1986-02-01,Pennsylvania,17058,PA06502,breakdown offenses,normal return,normal return,normal return,normal return,normal return,breakdown offenses,breakdown offenses,breakdown offenses,0,0,0,0,0,0,0,0,0,0,0,0,0,0,0,0,0,0,0,10,4,6,0,14,1,0,1,0,25,0,0,0,25,25,0,0,0,0,0,0,0,0,0,0,0,0,0,0,0,0,1,1,0,0,1,0,0,0,0,2,0,0,0,2,2,0,0,0,0,0,0,0,0,0,0,0,0,0,0,0,0,0,0,0,0,1,0,0,0,0,1,0,0,0,1,1,0,0,0,0,0,0,0,0,0,0,0,0,0,0,0,0,0,0,0,0,0,0,0,0,0,0,0,0,0,0,0
Greensburg Police Department,1986-01-01,Pennsylvania,17058,PA06502,breakdown offenses,normal return,normal return,normal return,normal return,normal return,breakdown offenses,breakdown offenses,breakdown offenses,0,0,0,0,0,1,1,0,1,0,0,0,1,1,0,1,0,0,0,9,6,3,0,10,3,3,0,0,25,0,1,3,22,25,0,0,1,1,0,1,0,0,0,1,1,0,1,0,0,0,9,6,3,0,4,1,1,0,0,17,0,1,3,14,17,0,0,1,1,0,0,0,0,0,0,0,0,0,0,0,0,0,0,0,0,1,0,0,0,0,2,0,0,1,1,2,0,0,0,0,0,0,0,0,0,0,0,0,0,0,0,0,0,0,0,0,0,0,0,0,0,0,0,0,0,0,0
Greensburg Police Department,1985-12-01,Pennsylvania,17393,PA06502,breakdown offenses,adjustment,adjustment,adjustment,adjustment,adjustment,breakdown offenses,breakdown offenses,breakdown offenses,0,0,0,0,0,0,0,0,0,0,0,0,0,2,1,0,0,0,1,13,9,4,0,17,0,0,0,0,32,0,1,1,30,31,0,0,0,0,0,0,0,0,0,0,2,1,0,0,0,1,0,0,0,0,2,0,0,0,0,4,0,1,1,2,3,0,0,0,0,0,0,0,0,0,0,0,0,0,0,0,0,0,0,0,0,0,0,0,0,0,0,0,0,0,0,0,0,0,0,0,0,0,0,0,0,0,0,0,0,0,0,0,0,0,0,0,0,0,0,0,0,0,0,0,0,0,0
Greensburg Police Department,1985-11-01,Pennsylvania,17393,PA06502,breakdown offenses,normal return,normal return,normal return,normal return,normal return,breakdown offenses,breakdown offenses,breakdown offenses,0,0,0,0,0,0,0,0,0,0,0,0,0,6,0,0,0,3,3,7,7,0,0,14,5,4,1,0,32,0,3,3,26,29,0,0,0,0,0,0,0,0,0,0,6,0,0,0,3,3,0,0,0,0,3,2,2,0,0,11,0,3,3,5,8,0,0,0,0,0,0,0,0,0,0,0,0,0,0,0,0,0,0,0,0,2,0,0,0,0,2,0,0,0,2,2,0,0,0,0,0,0,0,0,0,0,0,0,0,0,0,0,0,0,0,0,0,0,0,0,0,0,0,0,0,0,0
Greensburg Police Department,1985-10-01,Pennsylvania,17393,PA06502,breakdown offenses,normal return,normal return,normal return,normal return,normal return,breakdown offenses,breakdown offenses,breakdown offenses,0,0,0,0,0,0,0,0,0,0,0,0,0,2,0,0,0,0,2,6,4,2,0,15,3,3,0,0,26,0,0,0,24,24,0,0,0,0,0,0,0,0,0,0,1,0,0,0,0,1,0,0,0,0,3,0,0,0,0,4,0,0,0,3,3,0,0,0,0,0,0,0,0,0,0,0,0,0,0,0,0,0,0,0,0,0,0,0,0,0,0,0,0,0,0,0,0,0,0,0,0,0,0,0,0,0,0,0,0,0,0,0,0,0,0,0,0,0,0,0,0,0,0,0,0,0,0
Greensburg Police Department,1985-09-01,Pennsylvania,17393,PA06502,breakdown offenses,normal return,normal return,normal return,normal return,normal return,breakdown offenses,breakdown offenses,breakdown offenses,0,0,0,0,0,0,0,0,0,0,0,0,0,2,0,0,0,0,2,4,4,0,0,19,1,1,0,0,26,0,0,0,24,24,0,0,0,0,0,0,0,0,0,0,1,0,0,0,0,1,2,2,0,0,3,0,0,0,0,6,0,0,0,5,5,0,0,0,0,0,0,0,0,0,0,0,0,0,0,0,0,1,1,0,0,0,0,0,0,0,1,0,0,0,1,1,0,0,0,0,0,0,0,0,0,0,0,0,0,0,0,0,0,0,0,0,0,0,0,0,0,0,0,0,0,0,0
Greensburg Police Department,1985-08-01,Pennsylvania,17393,PA06502,breakdown offenses,normal return,normal return,normal return,normal return,normal return,breakdown offenses,breakdown offenses,breakdown offenses,0,0,0,0,0,0,0,0,0,0,0,0,0,2,0,0,0,0,2,11,5,3,3,28,3,3,0,0,44,0,0,0,42,42,0,0,0,0,0,0,0,0,0,0,2,0,0,0,0,2,0,0,0,0,4,0,0,0,0,6,0,0,0,4,4,0,0,0,0,0,0,0,0,0,0,0,0,0,0,0,0,0,0,0,0,1,0,0,0,0,1,0,0,0,1,1,0,0,0,0,0,0,0,0,0,0,0,0,0,0,0,0,0,0,0,0,0,0,0,0,0,0,0,0,0,0,0
Greensburg Police Department,1985-07-01,Pennsylvania,17393,PA06502,breakdown offenses,normal return,normal return,normal return,normal return,normal return,breakdown offenses,breakdown offenses,breakdown offenses,0,0,1,0,0,0,0,0,1,0,0,1,0,9,1,1,1,0,6,6,3,3,0,28,3,2,1,0,47,0,3,4,37,41,0,0,0,0,0,1,0,0,1,0,9,1,1,1,0,6,3,1,2,0,2,0,0,0,0,15,0,3,4,5,9,0,0,0,0,0,0,0,0,0,0,2,0,0,0,0,2,0,0,0,0,0,0,0,0,0,2,0,0,0,0,0,0,0,0,0,0,0,0,0,0,0,0,0,0,0,0,0,0,0,0,0,0,0,0,0,0,0,0,0,0,0,0
Greensburg Police Department,1985-06-01,Pennsylvania,17393,PA06502,breakdown offenses,adjustment,adjustment,adjustment,adjustment,adjustment,breakdown offenses,breakdown offenses,breakdown offenses,0,0,0,0,0,0,0,0,0,0,0,0,0,0,0,0,0,0,0,13,5,4,4,19,2,2,0,0,34,0,0,0,34,34,0,0,0,0,0,0,0,0,0,0,0,0,0,0,0,0,2,2,0,0,6,0,0,0,0,8,0,0,0,8,8,0,0,0,0,0,0,0,0,0,0,0,0,0,0,0,0,0,0,0,0,3,0,0,0,0,3,0,0,0,3,3,0,0,0,0,0,0,0,0,0,0,0,0,0,0,0,0,0,0,0,0,0,0,0,0,0,0,0,0,0,0,0
Greensburg Police Department,1985-05-01,Pennsylvania,17393,PA06502,breakdown offenses,normal return,normal return,normal return,normal return,normal return,breakdown offenses,breakdown offenses,breakdown offenses,0,0,0,0,0,1,1,0,0,0,0,0,0,1,0,0,0,0,1,12,10,2,0,29,3,1,1,1,46,0,0,1,44,45,0,0,1,1,0,0,0,0,0,0,1,0,0,0,0,1,8,7,0,1,8,1,1,0,0,19,0,0,1,17,18,0,0,0,0,0,0,0,0,0,0,1,0,0,0,0,1,0,0,0,0,1,1,1,0,0,3,0,0,0,2,2,0,0,0,0,0,0,0,0,0,0,0,0,0,0,0,0,0,0,0,0,0,0,0,0,0,0,0,0,0,0,0
Greensburg Police Department,1985-04-01,Pennsylvania,17393,PA06502,breakdown offenses,adjustment,adjustment,adjustment,adjustment,adjustment,breakdown offenses,breakdown offenses,breakdown offenses,0,0,2,0,0,0,0,0,1,1,0,0,0,4,0,0,1,2,1,17,9,5,3,24,0,0,0,0,46,0,3,4,41,45,0,0,0,0,0,1,1,0,0,0,4,0,0,1,2,1,2,2,0,0,1,0,0,0,0,8,0,3,4,3,7,0,0,0,0,0,0,0,0,0,0,0,0,0,0,0,0,0,0,0,0,0,0,0,0,0,0,0,0,0,0,0,0,0,0,0,0,0,0,0,0,0,0,0,0,0,0,0,0,0,0,0,0,0,0,0,0,0,0,0,0,0,0
Greensburg Police Department,1985-03-01,Pennsylvania,17393,PA06502,breakdown offenses,adjustment,adjustment,adjustment,adjustment,adjustment,breakdown offenses,breakdown offenses,breakdown offenses,0,0,0,0,0,0,0,0,2,0,0,1,1,2,0,0,0,2,0,11,6,3,2,23,0,0,0,0,38,0,2,4,34,38,0,0,0,0,0,2,0,0,1,1,2,0,0,0,2,0,0,0,0,0,5,0,0,0,0,9,0,2,4,5,9,0,0,0,0,0,0,0,0,0,0,0,0,0,0,0,0,0,0,0,0,3,0,0,0,0,3,0,0,0,3,3,0,0,0,0,0,0,0,0,0,0,0,0,0,0,0,0,0,0,0,0,0,0,0,0,0,0,0,0,0,0,0
Greensburg Police Department,1985-02-01,Pennsylvania,17393,PA06502,breakdown offenses,adjustment,adjustment,adjustment,adjustment,adjustment,breakdown offenses,breakdown offenses,breakdown offenses,0,0,0,0,0,0,0,0,0,0,0,0,0,3,0,0,0,0,3,16,14,2,0,16,4,4,0,0,39,0,0,0,36,36,0,0,0,0,0,0,0,0,0,0,1,0,0,0,0,1,1,1,0,0,3,1,1,0,0,6,0,0,0,5,5,0,0,0,0,0,0,0,0,0,0,0,0,0,0,0,0,0,0,0,0,1,0,0,0,0,1,0,0,0,1,1,0,0,0,0,0,0,0,0,0,0,0,0,0,0,0,0,0,0,0,0,0,0,0,0,0,0,0,0,0,0,0
Greensburg Police Department,1985-01-01,Pennsylvania,17393,PA06502,breakdown offenses,adjustment,adjustment,adjustment,adjustment,adjustment,breakdown offenses,breakdown offenses,breakdown offenses,0,0,0,0,0,0,0,0,0,0,0,0,0,2,0,0,0,2,0,15,12,3,0,15,3,1,2,0,35,0,2,2,33,35,0,0,0,0,0,0,0,0,0,0,2,0,0,0,2,0,2,2,0,0,2,0,0,0,0,6,0,2,2,4,6,0,0,0,0,0,0,0,0,0,0,0,0,0,0,0,0,0,0,0,0,0,0,0,0,0,0,0,0,0,0,0,0,0,0,0,0,0,0,0,0,0,0,0,0,0,0,0,0,0,0,0,0,0,0,0,0,0,0,0,0,0,0
Greensburg Police Department,1984-12-01,Pennsylvania,17463,PA06502,breakdown offenses,adjustment,adjustment,adjustment,adjustment,adjustment,breakdown offenses,breakdown offenses,breakdown offenses,0,0,0,0,0,0,0,0,0,0,0,0,0,4,0,0,0,2,2,10,6,4,0,12,2,1,1,0,28,0,2,2,24,26,0,0,0,0,0,0,0,0,0,0,4,0,0,0,2,2,4,3,1,0,2,0,0,0,0,10,0,2,2,6,8,0,0,0,0,0,0,0,0,0,0,0,0,0,0,0,0,1,1,0,0,0,0,0,0,0,1,0,0,0,1,1,0,0,0,0,0,0,0,0,0,0,0,0,0,0,0,0,0,0,0,0,0,0,0,0,0,0,0,0,0,0,0
Greensburg Police Department,1984-11-01,Pennsylvania,17463,PA06502,breakdown offenses,normal return,normal return,normal return,normal return,normal return,breakdown offenses,breakdown offenses,breakdown offenses,0,0,0,0,0,0,0,0,0,0,0,0,0,4,0,0,0,0,4,10,4,6,0,12,4,4,0,0,30,0,0,0,26,26,0,0,0,0,0,0,0,0,0,0,4,0,0,0,0,4,1,1,0,0,1,1,1,0,0,7,0,0,0,3,3,0,0,0,0,0,0,0,0,0,0,0,0,0,0,0,0,0,0,0,0,0,0,0,0,0,0,0,0,0,0,0,0,0,0,0,0,0,0,0,0,0,0,0,0,0,0,0,0,0,0,0,0,0,0,0,0,0,0,0,0,0,0
Greensburg Police Department,1984-10-01,Pennsylvania,17463,PA06502,breakdown offenses,normal return,normal return,normal return,normal return,normal return,breakdown offenses,breakdown offenses,breakdown offenses,0,0,0,0,0,0,0,0,1,1,0,0,0,2,0,0,1,0,1,9,6,3,0,33,3,2,1,0,48,0,1,2,45,47,0,0,0,0,0,1,1,0,0,0,3,0,0,1,1,1,3,3,0,0,16,1,1,0,0,24,0,2,3,20,23,0,0,0,0,0,0,0,0,0,0,0,0,0,0,0,0,0,0,0,0,2,0,0,0,0,2,0,0,0,2,2,0,0,0,0,0,0,0,0,0,0,0,0,0,0,0,0,0,0,0,0,0,0,0,0,0,0,0,0,0,0,0
Greensburg Police Department,1984-09-01,Pennsylvania,17463,PA06502,breakdown offenses,normal return,normal return,normal return,normal return,normal return,breakdown offenses,breakdown offenses,breakdown offenses,0,0,0,0,0,0,0,0,0,0,0,0,0,4,0,0,1,2,1,16,10,6,0,13,4,4,0,0,37,0,3,3,33,36,0,0,0,0,0,0,0,0,0,0,2,0,0,0,1,1,1,1,0,0,2,0,0,0,0,5,0,1,1,3,4,0,0,0,0,0,0,0,0,0,0,0,0,0,0,0,0,0,0,0,0,1,0,0,0,0,1,0,0,0,1,1,0,0,1,1,0,0,0,0,0,0,0,0,0,0,0,0,0,0,0,0,0,0,0,0,0,1,0,0,1,0,1
Greensburg Police Department,1984-08-01,Pennsylvania,17463,PA06502,breakdown offenses,normal return,normal return,normal return,normal return,normal return,breakdown offenses,breakdown offenses,breakdown offenses,0,0,0,0,0,0,0,0,0,0,0,0,0,2,1,0,1,0,0,6,2,2,2,22,3,2,1,0,33,0,2,2,31,33,0,0,0,0,0,0,0,0,0,0,2,1,0,1,0,0,1,1,0,0,4,0,0,0,0,7,0,2,2,5,7,0,0,0,0,0,0,0,0,0,0,0,0,0,0,0,0,0,0,0,0,1,0,0,0,0,1,0,0,0,1,1,0,0,0,0,0,0,0,0,0,0,0,0,0,0,0,0,0,0,0,0,0,0,0,0,0,0,0,0,0,0,0
Greensburg Police Department,1984-07-01,Pennsylvania,17463,PA06502,breakdown offenses,normal return,normal return,normal return,normal return,normal return,breakdown offenses,breakdown offenses,breakdown offenses,0,0,0,0,0,1,0,1,5,0,1,0,4,2,0,0,0,0,2,7,3,2,2,28,1,1,0,0,44,0,0,6,36,42,0,0,0,0,0,3,0,0,0,3,1,0,0,0,0,1,1,1,0,0,8,0,0,0,0,13,0,0,3,9,12,0,0,0,0,0,1,0,0,0,1,0,0,0,0,0,0,1,1,0,0,3,0,0,0,0,5,0,0,1,4,5,0,0,0,0,0,0,0,0,0,0,0,0,0,0,0,0,0,0,0,0,0,0,0,0,0,0,0,0,0,0,0
Greensburg Police Department,1984-06-01,Pennsylvania,17463,PA06502,breakdown offenses,adjustment,adjustment,adjustment,adjustment,adjustment,breakdown offenses,breakdown offenses,breakdown offenses,0,0,1,0,0,0,0,0,0,0,0,0,0,2,0,0,0,1,1,7,2,5,0,30,6,2,2,2,45,0,1,1,43,44,0,0,0,0,0,0,0,0,0,0,2,0,0,0,1,1,2,2,0,0,3,0,0,0,0,7,0,1,1,5,6,0,0,0,0,0,0,0,0,0,0,0,0,0,0,0,0,0,0,0,0,1,0,0,0,0,1,0,0,0,1,1,0,0,0,0,0,0,0,0,0,0,0,0,0,0,0,0,0,0,0,0,0,0,0,0,0,0,0,0,0,0,0
Greensburg Police Department,1984-05-01,Pennsylvania,17463,PA06502,breakdown offenses,adjustment,adjustment,adjustment,adjustment,adjustment,breakdown offenses,breakdown offenses,breakdown offenses,0,0,0,0,0,0,0,0,1,0,0,0,1,3,0,1,0,1,1,7,4,3,0,22,2,1,1,0,35,0,2,3,31,34,0,0,0,0,0,0,0,0,0,0,2,0,0,0,1,1,3,2,1,0,7,0,0,0,0,12,0,1,1,10,11,0,0,0,0,0,0,0,0,0,0,0,0,0,0,0,0,0,0,0,0,1,0,0,0,0,1,0,0,0,1,1,0,0,0,0,0,0,0,0,0,0,0,0,0,0,0,0,0,0,0,0,0,0,0,0,0,0,0,0,0,0,0
Greensburg Police Department,1984-04-01,Pennsylvania,17463,PA06502,breakdown offenses,normal return,normal return,normal return,normal return,normal return,breakdown offenses,breakdown offenses,breakdown offenses,0,0,0,0,0,1,1,0,2,1,0,0,1,3,0,0,1,1,1,15,11,3,1,18,3,1,2,0,42,0,2,5,36,41,0,0,0,0,0,0,0,0,0,0,3,0,0,1,1,1,1,1,0,0,10,0,0,0,0,14,0,2,2,11,13,0,0,0,0,0,0,0,0,0,0,1,0,0,1,0,0,0,0,0,0,4,0,0,0,0,5,0,1,1,4,5,0,0,0,0,0,1,0,0,0,1,0,0,0,0,0,0,0,0,0,0,0,0,0,0,0,1,0,0,1,0,1
Greensburg Police Department,1984-03-01,Pennsylvania,17463,PA06502,breakdown offenses,adjustment,adjustment,adjustment,adjustment,adjustment,breakdown offenses,breakdown offenses,breakdown offenses,0,0,0,0,0,0,0,0,2,0,0,0,2,1,1,0,0,0,0,8,7,1,0,20,1,0,1,0,32,0,1,3,29,32,0,0,1,1,0,2,0,0,0,2,1,1,0,0,0,0,0,0,0,0,2,0,0,0,0,6,0,1,4,2,6,0,0,0,0,0,0,0,0,0,0,0,0,0,0,0,0,0,0,0,0,0,0,0,0,0,0,0,0,0,0,0,0,0,0,0,0,0,0,0,0,0,0,0,0,0,0,0,0,0,0,0,0,0,0,0,0,0,0,0,0,0,0
Greensburg Police Department,1984-02-01,Pennsylvania,17463,PA06502,breakdown offenses,normal return,normal return,normal return,normal return,normal return,breakdown offenses,breakdown offenses,breakdown offenses,0,0,0,0,0,1,1,0,1,1,0,0,0,0,0,0,0,0,0,6,5,1,0,20,2,1,0,1,30,0,0,2,28,30,0,0,0,0,0,0,0,0,0,0,0,0,0,0,0,0,1,1,0,0,0,0,0,0,0,1,0,0,0,1,1,0,0,0,0,0,0,0,0,0,0,0,0,0,0,0,0,0,0,0,0,0,0,0,0,0,0,0,0,0,0,0,0,0,0,0,0,0,0,0,0,0,0,0,0,0,0,0,0,0,0,0,0,0,0,0,0,0,0,0,0,0,0
Greensburg Police Department,1984-01-01,Pennsylvania,17463,PA06502,breakdown offenses,normal return,normal return,normal return,normal return,normal return,breakdown offenses,breakdown offenses,breakdown offenses,0,0,0,0,0,0,0,0,2,0,0,1,1,0,0,0,0,0,0,9,5,4,0,19,3,1,2,0,33,0,0,2,31,33,0,0,0,0,0,1,0,0,0,1,0,0,0,0,0,0,0,0,0,0,2,0,0,0,0,3,0,0,1,2,3,0,0,0,0,0,0,0,0,0,0,0,0,0,0,0,0,0,0,0,0,1,0,0,0,0,1,0,0,0,1,1,0,0,0,0,0,0,0,0,0,0,0,0,0,0,0,0,0,0,0,0,0,0,0,0,0,0,0,0,0,0,0
Greensburg Police Department,1983-12-01,Pennsylvania,17648,PA06502,breakdown offenses,adjustment,adjustment,adjustment,adjustment,adjustment,breakdown offenses,breakdown offenses,breakdown offenses,0,0,1,0,0,0,0,0,2,0,1,0,1,2,0,0,0,1,1,6,4,2,0,11,2,1,1,0,23,0,1,3,19,22,0,0,0,0,0,0,0,0,0,0,2,0,0,0,1,1,1,1,0,0,11,1,1,0,0,15,0,1,1,13,14,0,0,0,0,0,0,0,0,0,0,0,0,0,0,0,0,0,0,0,0,0,0,0,0,0,0,0,0,0,0,0,0,0,0,0,0,0,0,0,0,0,0,0,0,0,0,0,0,0,0,0,0,0,0,0,0,0,0,0,0,0,0
Greensburg Police Department,1983-11-01,Pennsylvania,17648,PA06502,breakdown offenses,adjustment,adjustment,adjustment,adjustment,adjustment,breakdown offenses,breakdown offenses,breakdown offenses,0,0,0,0,0,1,1,0,4,4,0,0,0,0,0,0,0,0,0,16,8,6,2,29,8,5,2,1,58,0,0,5,53,58,0,0,1,1,0,1,1,0,0,0,0,0,0,0,0,0,4,4,0,0,8,0,0,0,0,14,0,0,2,12,14,0,0,0,0,0,0,0,0,0,0,0,0,0,0,0,0,0,0,0,0,1,0,0,0,0,1,0,0,0,1,1,0,0,0,0,0,0,0,0,0,0,0,0,0,0,0,0,0,0,0,0,0,0,0,0,0,0,0,0,0,0,0
Greensburg Police Department,1983-10-01,Pennsylvania,17648,PA06502,breakdown offenses,adjustment,adjustment,adjustment,adjustment,adjustment,breakdown offenses,breakdown offenses,breakdown offenses,0,0,0,0,0,0,0,0,1,1,0,0,0,1,0,0,0,0,1,16,8,6,2,23,4,0,3,1,45,0,0,1,43,44,0,0,0,0,0,1,1,0,0,0,1,0,0,0,0,1,5,5,0,0,7,1,1,0,0,15,0,0,1,13,14,0,0,0,0,0,0,0,0,0,0,0,0,0,0,0,0,0,0,0,0,1,1,1,0,0,2,0,0,0,2,2,0,0,0,0,0,0,0,0,0,0,0,0,0,0,0,0,0,0,0,0,0,0,0,0,0,0,0,0,0,0,0
Greensburg Police Department,1983-09-01,Pennsylvania,17648,PA06502,breakdown offenses,adjustment,adjustment,adjustment,adjustment,adjustment,breakdown offenses,breakdown offenses,breakdown offenses,0,0,0,0,0,0,0,0,1,0,0,0,1,0,0,0,0,0,0,17,9,5,3,20,3,1,2,0,41,0,0,1,40,41,0,0,0,0,0,1,0,0,0,1,0,0,0,0,0,0,1,1,0,0,3,0,0,0,0,5,0,0,1,4,5,0,0,0,0,0,1,0,0,0,1,0,0,0,0,0,0,0,0,0,0,2,0,0,0,0,3,0,0,1,2,3,0,0,0,0,0,0,0,0,0,0,0,0,0,0,0,0,0,0,0,0,0,0,0,0,0,0,0,0,0,0,0
Greensburg Police Department,1983-08-01,Pennsylvania,17648,PA06502,breakdown offenses,adjustment,adjustment,adjustment,adjustment,adjustment,breakdown offenses,breakdown offenses,breakdown offenses,0,0,0,0,0,1,1,0,1,1,0,0,0,0,0,0,0,0,0,18,15,2,1,30,4,1,2,1,54,0,0,2,52,54,0,0,1,1,0,0,0,0,0,0,0,0,0,0,0,0,4,4,0,0,9,1,1,0,0,15,0,0,1,14,15,0,0,0,0,0,0,0,0,0,0,0,0,0,0,0,0,2,2,0,0,4,0,0,0,0,6,0,0,0,6,6,0,0,0,0,0,0,0,0,0,0,0,0,0,0,0,0,0,0,0,0,0,0,0,0,0,0,0,0,0,0,0
Greensburg Police Department,1983-07-01,Pennsylvania,17648,PA06502,breakdown offenses,adjustment,adjustment,adjustment,adjustment,adjustment,breakdown offenses,breakdown offenses,breakdown offenses,0,0,0,0,0,0,0,0,0,0,0,0,0,1,0,0,0,0,1,15,11,4,0,17,3,1,1,1,36,0,0,0,35,35,0,0,0,0,0,0,0,0,0,0,0,0,0,0,0,0,4,4,0,0,0,0,0,0,0,4,0,0,0,4,4,0,0,0,0,0,0,0,0,0,0,0,0,0,0,0,0,1,1,0,0,0,0,0,0,0,1,0,0,0,1,1,0,0,0,0,0,0,0,0,0,0,0,0,0,0,0,0,0,0,0,0,0,0,0,0,0,0,0,0,0,0,0
Greensburg Police Department,1983-06-01,Pennsylvania,17648,PA06502,breakdown offenses,adjustment,adjustment,adjustment,adjustment,adjustment,breakdown offenses,breakdown offenses,breakdown offenses,0,0,0,0,0,0,0,0,0,0,0,0,0,0,0,0,0,0,0,20,12,5,3,24,6,3,0,3,50,0,0,0,50,50,0,0,0,0,0,0,0,0,0,0,0,0,0,0,0,0,2,2,0,0,6,0,0,0,0,8,0,0,0,8,8,0,0,0,0,0,0,0,0,0,0,0,0,0,0,0,0,0,0,0,0,2,0,0,0,0,2,0,0,0,2,2,0,0,0,0,0,0,0,0,0,0,0,0,0,0,0,0,0,0,0,0,0,0,0,0,0,0,0,0,0,0,0
Greensburg Police Department,1983-05-01,Pennsylvania,17648,PA06502,breakdown offenses,adjustment,adjustment,adjustment,adjustment,adjustment,breakdown offenses,breakdown offenses,breakdown offenses,0,0,0,0,0,0,0,0,0,0,0,0,0,2,0,0,0,1,1,12,7,4,1,20,0,0,0,0,34,0,1,1,32,33,0,0,0,0,0,0,0,0,0,0,1,0,0,0,0,1,6,1,5,0,5,0,0,0,0,12,0,0,0,11,11,0,0,0,0,0,0,0,0,0,0,0,0,0,0,0,0,0,0,0,0,3,0,0,0,0,3,0,0,0,3,3,0,0,0,0,0,0,0,0,0,0,0,0,0,0,0,0,0,0,0,0,0,0,0,0,0,0,0,0,0,0,0
Greensburg Police Department,1983-04-01,Pennsylvania,17648,PA06502,breakdown offenses,adjustment,adjustment,adjustment,adjustment,adjustment,breakdown offenses,breakdown offenses,breakdown offenses,0,0,0,0,0,0,0,0,2,1,1,0,0,1,0,0,0,0,1,8,5,3,0,28,1,1,0,0,40,0,0,2,37,39,0,0,0,0,0,0,0,0,0,0,1,0,0,0,0,1,2,2,0,0,0,0,0,0,0,3,0,0,0,2,2,0,0,0,0,0,0,0,0,0,0,1,0,0,0,0,1,0,0,0,0,0,0,0,0,0,1,0,0,0,0,0,0,0,0,0,0,0,0,0,0,0,0,0,0,0,0,0,0,0,0,0,0,0,0,0,0,0,0,0,0,0,0
Greensburg Police Department,1983-03-01,Pennsylvania,17648,PA06502,breakdown offenses,adjustment,adjustment,adjustment,adjustment,adjustment,breakdown offenses,breakdown offenses,breakdown offenses,0,0,0,0,0,0,0,0,1,0,0,0,1,1,0,0,0,1,0,11,10,1,0,23,2,2,0,0,38,0,1,2,36,38,0,0,0,0,0,1,0,0,0,1,1,0,0,0,1,0,2,2,0,0,4,0,0,0,0,8,0,1,2,6,8,0,0,0,0,0,1,0,0,0,1,0,0,0,0,0,0,0,0,0,0,0,0,0,0,0,1,0,0,1,0,1,0,0,0,0,0,0,0,0,0,0,0,0,0,0,0,0,0,0,0,0,0,0,0,0,0,0,0,0,0,0,0
Greensburg Police Department,1983-02-01,Pennsylvania,17648,PA06502,breakdown offenses,adjustment,adjustment,adjustment,adjustment,adjustment,breakdown offenses,breakdown offenses,breakdown offenses,0,0,0,0,0,0,0,0,1,0,0,0,1,2,0,0,1,1,0,15,9,4,2,18,2,2,0,0,38,0,2,3,35,38,0,0,0,0,0,1,0,0,0,1,0,0,0,0,0,0,2,2,0,0,1,1,1,0,0,5,0,0,1,4,5,0,0,0,0,0,0,0,0,0,0,0,0,0,0,0,0,0,0,0,0,0,0,0,0,0,0,0,0,0,0,0,0,0,0,0,0,0,0,0,0,0,0,0,0,0,0,0,0,0,0,0,0,0,0,0,0,0,0,0,0,0,0
Greensburg Police Department,1983-01-01,Pennsylvania,17648,PA06502,breakdown offenses,adjustment,adjustment,adjustment,adjustment,adjustment,breakdown offenses,breakdown offenses,breakdown offenses,0,0,0,0,0,0,0,0,3,1,0,0,2,1,0,0,1,0,0,17,10,6,1,16,4,4,0,0,41,0,1,4,37,41,0,0,0,0,0,0,0,0,0,0,1,0,0,1,0,0,5,5,0,0,2,2,1,0,1,10,0,1,1,9,10,0,0,0,0,0,0,0,0,0,0,0,0,0,0,0,0,1,1,0,0,0,1,0,0,1,2,0,0,0,2,2,0,0,0,0,0,0,0,0,0,0,0,0,0,0,0,0,0,0,0,0,0,0,0,0,0,0,0,0,0,0,0
Greensburg Police Department,1982-12-01,Pennsylvania,17604,PA06502,,not updated,adjustment,adjustment,adjustment,adjustment,breakdown offenses,breakdown offenses,breakdown offenses,0,0,0,0,0,0,0,0,2,1,0,0,1,1,0,0,0,0,1,20,14,5,1,29,8,4,3,1,60,0,0,2,57,59,0,0,0,0,0,1,1,0,0,0,1,0,0,0,0,1,1,1,0,0,6,0,0,0,0,9,0,0,1,7,8,0,0,0,0,0,1,1,0,0,0,0,0,0,0,0,0,0,0,0,0,1,0,0,0,0,2,0,0,1,1,2,0,0,0,0,0,0,0,0,0,0,0,0,0,0,0,0,0,0,0,0,0,0,0,0,0,0,0,0,0,0,0
Greensburg Police Department,1982-11-01,Pennsylvania,17604,PA06502,,not updated,adjustment,adjustment,adjustment,adjustment,breakdown offenses,breakdown offenses,breakdown offenses,0,0,0,0,0,0,0,0,0,0,0,0,0,1,0,0,0,1,0,19,12,7,0,33,3,2,1,0,56,0,1,1,55,56,0,0,0,0,0,0,0,0,0,0,1,0,0,0,1,0,2,2,0,0,5,1,1,0,0,9,0,1,1,8,9,0,0,0,0,0,0,0,0,0,0,1,0,0,0,1,0,0,0,0,0,0,0,0,0,0,1,0,1,1,0,1,0,0,0,0,0,0,0,0,0,0,0,0,0,0,0,0,0,0,0,0,0,0,0,0,0,0,0,0,0,0,0
Greensburg Police Department,1982-10-01,Pennsylvania,17604,PA06502,,not updated,normal return,normal return,normal return,normal return,breakdown offenses,breakdown offenses,breakdown offenses,0,0,0,0,0,0,0,0,0,0,0,0,0,2,0,0,0,2,0,12,8,4,0,27,6,2,1,3,47,0,2,2,45,47,0,0,0,0,0,0,0,0,0,0,2,0,0,0,2,0,1,1,0,0,3,1,0,0,1,7,0,2,2,5,7,0,0,0,0,0,0,0,0,0,0,0,0,0,0,0,0,0,0,0,0,1,0,0,0,0,1,0,0,0,1,1,0,0,0,0,0,0,0,0,0,0,0,0,0,0,0,0,0,0,0,0,0,0,0,0,0,0,0,0,0,0,0
Greensburg Police Department,1982-09-01,Pennsylvania,17604,PA06502,,not updated,adjustment,adjustment,adjustment,adjustment,breakdown offenses,breakdown offenses,breakdown offenses,0,0,0,0,0,0,0,0,1,1,0,0,0,1,0,1,0,0,0,12,9,3,0,30,4,4,0,0,48,0,1,2,46,48,0,0,0,0,0,1,1,0,0,0,1,0,1,0,0,0,7,7,0,0,3,0,0,0,0,12,0,1,2,10,12,0,0,0,0,0,0,0,0,0,0,0,0,0,0,0,0,4,4,0,0,1,0,0,0,0,5,0,0,0,5,5,0,0,0,0,0,0,0,0,0,0,0,0,0,0,0,0,0,0,0,0,0,0,0,0,0,0,0,0,0,0,0
Greensburg Police Department,1982-08-01,Pennsylvania,17604,PA06502,,not updated,adjustment,adjustment,adjustment,adjustment,breakdown offenses,breakdown offenses,breakdown offenses,0,0,0,0,0,1,1,0,1,1,0,0,0,0,0,0,0,0,0,12,9,2,1,31,3,2,1,0,48,0,0,2,46,48,0,0,1,1,0,0,0,0,0,0,0,0,0,0,0,0,1,1,0,0,3,0,0,0,0,5,0,0,1,4,5,0,0,0,0,0,0,0,0,0,0,0,0,0,0,0,0,0,0,0,0,0,0,0,0,0,0,0,0,0,0,0,0,0,0,0,0,0,0,0,0,0,0,0,0,0,0,0,0,0,0,0,0,0,0,0,0,0,0,0,0,0,0
Greensburg Police Department,1982-07-01,Pennsylvania,17604,PA06502,,not updated,adjustment,adjustment,adjustment,adjustment,breakdown offenses,breakdown offenses,breakdown offenses,0,0,0,0,0,0,0,0,1,0,0,0,1,0,0,0,0,0,0,10,8,2,0,25,2,1,1,0,38,0,0,1,37,38,0,0,0,0,0,0,0,0,0,0,0,0,0,0,0,0,3,3,0,0,1,0,0,0,0,4,0,0,0,4,4,0,0,0,0,0,0,0,0,0,0,0,0,0,0,0,0,0,0,0,0,1,0,0,0,0,1,0,0,0,1,1,0,0,0,0,0,0,0,0,0,0,0,0,0,0,0,0,0,0,0,0,0,0,0,0,0,0,0,0,0,0,0
Greensburg Police Department,1982-06-01,Pennsylvania,17604,PA06502,,not updated,adjustment,adjustment,adjustment,adjustment,breakdown offenses,breakdown offenses,breakdown offenses,0,0,1,0,0,0,0,0,0,0,0,0,0,2,0,1,0,1,0,20,11,9,0,18,4,0,2,2,44,0,2,2,42,44,0,0,0,0,0,0,0,0,0,0,1,0,0,0,1,0,0,0,0,0,2,1,0,0,1,4,0,1,1,3,4,0,0,0,0,0,0,0,0,0,0,0,0,0,0,0,0,0,0,0,0,0,0,0,0,0,0,0,0,0,0,0,0,0,0,0,0,0,0,0,0,0,0,0,0,0,0,0,0,0,0,0,0,0,0,0,0,0,0,0,0,0,0
Greensburg Police Department,1982-05-01,Pennsylvania,17604,PA06502,,not updated,adjustment,adjustment,adjustment,adjustment,breakdown offenses,breakdown offenses,breakdown offenses,0,0,0,0,0,1,1,0,0,0,0,0,0,0,0,0,0,0,0,12,8,4,0,28,3,1,1,1,44,0,0,1,43,44,0,0,0,0,0,0,0,0,0,0,0,0,0,0,0,0,1,1,0,0,3,2,1,1,0,6,0,0,0,6,6,0,0,0,0,0,0,0,0,0,0,0,0,0,0,0,0,1,1,0,0,3,0,0,0,0,4,0,0,0,4,4,0,0,0,0,0,0,0,0,0,0,0,0,0,0,0,0,0,0,0,0,0,0,0,0,0,0,0,0,0,0,0
Greensburg Police Department,1982-04-01,Pennsylvania,17604,PA06502,,not updated,adjustment,adjustment,adjustment,adjustment,breakdown offenses,breakdown offenses,breakdown offenses,0,0,1,0,0,0,0,0,0,0,0,0,0,1,0,0,0,1,0,13,9,4,0,27,6,1,4,1,47,0,1,1,46,47,0,0,0,0,0,0,0,0,0,0,1,0,0,0,1,0,4,4,0,0,4,1,1,0,0,10,0,1,1,9,10,0,0,0,0,0,0,0,0,0,0,0,0,0,0,0,0,0,0,0,0,0,1,1,0,0,1,0,0,0,1,1,0,0,0,0,0,0,0,0,0,0,0,0,0,0,0,0,0,0,0,0,0,0,0,0,0,0,0,0,0,0,0
Greensburg Police Department,1982-03-01,Pennsylvania,17604,PA06502,,not updated,adjustment,adjustment,adjustment,adjustment,breakdown offenses,breakdown offenses,breakdown offenses,0,0,0,0,0,0,0,0,4,1,1,0,2,1,0,0,1,0,0,16,10,5,1,23,1,0,1,0,45,0,1,5,40,45,0,0,0,0,0,3,1,1,0,1,1,0,0,1,0,0,6,6,0,0,6,0,0,0,0,16,0,1,4,12,16,0,0,0,0,0,0,0,0,0,0,0,0,0,0,0,0,2,2,0,0,2,0,0,0,0,4,0,0,0,4,4,0,0,0,0,0,0,0,0,0,0,0,0,0,0,0,0,0,0,0,0,0,0,0,0,0,0,0,0,0,0,0
Greensburg Police Department,1982-02-01,Pennsylvania,17604,PA06502,,not updated,adjustment,adjustment,adjustment,adjustment,breakdown offenses,breakdown offenses,breakdown offenses,0,0,0,0,0,0,0,0,1,1,0,0,0,1,0,0,0,1,0,18,16,2,0,17,1,1,0,0,38,0,1,2,36,38,0,0,0,0,0,0,0,0,0,0,1,0,0,0,1,0,3,3,0,0,9,1,1,0,0,14,0,1,1,13,14,0,0,0,0,0,0,0,0,0,0,0,0,0,0,0,0,2,2,0,0,5,0,0,0,0,7,0,0,0,7,7,0,0,0,0,0,0,0,0,0,0,0,0,0,0,0,0,0,0,0,0,0,0,0,0,0,0,0,0,0,0,0
Greensburg Police Department,1982-01-01,Pennsylvania,17604,PA06502,,not updated,adjustment,adjustment,adjustment,adjustment,breakdown offenses,breakdown offenses,breakdown offenses,0,0,0,0,0,0,0,0,0,0,0,0,0,1,0,0,0,0,1,14,12,2,0,15,8,6,2,0,38,0,0,0,37,37,0,0,0,0,0,0,0,0,0,0,1,0,0,0,0,1,5,5,0,0,2,2,2,0,0,10,0,0,0,9,9,0,0,0,0,0,0,0,0,0,0,1,0,0,0,0,1,3,3,0,0,2,1,1,0,0,7,0,0,0,6,6,0,0,0,0,0,0,0,0,0,0,0,0,0,0,0,0,0,0,0,0,0,0,0,0,0,0,0,0,0,0,0
Greensburg Police Department,1981-12-01,Pennsylvania,17604,PA06502,,not updated,adjustment,adjustment,adjustment,adjustment,breakdown offenses,breakdown offenses,breakdown offenses,0,0,1,0,0,2,2,0,2,0,1,0,1,4,0,0,0,2,2,15,15,0,0,11,2,2,0,0,36,0,2,6,28,34,0,0,0,0,0,0,0,0,0,0,4,0,0,0,2,2,3,3,0,0,1,0,0,0,0,8,0,2,2,4,6,0,0,0,0,0,0,0,0,0,0,0,0,0,0,0,0,2,2,0,0,1,0,0,0,0,3,0,0,0,3,3,0,0,0,0,0,0,0,0,0,0,0,0,0,0,0,0,0,0,0,0,0,0,0,0,0,0,0,0,0,0,0
Greensburg Police Department,1981-11-01,Pennsylvania,17604,PA06502,,not updated,adjustment,adjustment,adjustment,adjustment,breakdown offenses,breakdown offenses,breakdown offenses,0,0,1,0,0,0,0,0,0,0,0,0,0,2,0,0,0,1,1,21,12,8,1,19,3,2,1,0,45,0,1,1,43,44,0,0,0,0,0,0,0,0,0,0,2,0,0,0,1,1,2,1,1,0,4,0,0,0,0,8,0,1,1,6,7,0,0,0,0,0,0,0,0,0,0,1,0,0,0,0,1,0,0,0,0,2,0,0,0,0,3,0,0,0,2,2,0,0,0,0,0,0,0,0,0,0,0,0,0,0,0,0,0,0,0,0,0,0,0,0,0,0,0,0,0,0,0
Greensburg Police Department,1981-10-01,Pennsylvania,17604,PA06502,,not updated,adjustment,adjustment,adjustment,adjustment,breakdown offenses,breakdown offenses,breakdown offenses,0,0,1,0,0,0,0,0,1,0,1,0,0,3,0,0,1,1,1,12,7,5,0,17,3,1,1,1,36,0,2,3,32,35,0,0,0,0,0,0,0,0,0,0,3,0,0,1,1,1,1,1,0,0,1,0,0,0,0,5,0,2,2,2,4,0,0,0,0,0,0,0,0,0,0,2,0,0,1,1,0,0,0,0,0,0,0,0,0,0,2,0,2,2,0,2,0,0,0,0,0,0,0,0,0,0,0,0,0,0,0,0,0,0,0,0,0,0,0,0,0,0,0,0,0,0,0
Greensburg Police Department,1981-09-01,Pennsylvania,17604,PA06502,,not updated,adjustment,adjustment,adjustment,adjustment,breakdown offenses,breakdown offenses,breakdown offenses,0,0,0,0,0,2,1,1,1,0,0,0,1,1,0,0,0,0,1,16,12,4,0,22,6,4,0,2,48,0,0,3,44,47,0,0,1,0,1,1,0,0,0,1,1,0,0,0,0,1,1,1,0,0,3,0,0,0,0,7,0,0,2,4,6,0,0,0,0,0,1,0,0,0,1,0,0,0,0,0,0,1,1,0,0,1,0,0,0,0,3,0,0,1,2,3,0,0,0,0,0,0,0,0,0,0,0,0,0,0,0,0,0,0,0,0,0,0,0,0,0,0,0,0,0,0,0
Greensburg Police Department,1981-08-01,Pennsylvania,17604,PA06502,,not updated,adjustment,adjustment,adjustment,adjustment,breakdown offenses,breakdown offenses,breakdown offenses,0,0,0,0,0,0,0,0,0,0,0,0,0,1,0,0,0,0,1,7,4,3,0,31,0,0,0,0,39,0,0,0,38,38,0,0,0,0,0,0,0,0,0,0,1,0,0,0,0,1,4,4,0,0,0,0,0,0,0,5,0,0,0,4,4,0,0,0,0,0,0,0,0,0,0,1,0,0,0,0,1,4,4,0,0,0,0,0,0,0,5,0,0,0,4,4,0,0,0,0,0,0,0,0,0,0,0,0,0,0,0,0,0,0,0,0,0,0,0,0,0,0,0,0,0,0,0
Greensburg Police Department,1981-07-01,Pennsylvania,17604,PA06502,,not updated,adjustment,adjustment,adjustment,adjustment,breakdown offenses,breakdown offenses,breakdown offenses,0,0,0,0,0,0,0,0,0,0,0,0,0,0,0,0,0,0,0,8,5,3,0,25,3,3,0,0,36,0,0,0,36,36,0,0,0,0,0,0,0,0,0,0,0,0,0,0,0,0,3,3,0,0,1,0,0,0,0,4,0,0,0,4,4,0,0,0,0,0,0,0,0,0,0,0,0,0,0,0,0,2,2,0,0,1,0,0,0,0,3,0,0,0,3,3,0,0,0,0,0,0,0,0,0,0,0,0,0,0,0,0,0,0,0,0,0,0,0,0,0,0,0,0,0,0,0
Greensburg Police Department,1981-06-01,Pennsylvania,17604,PA06502,,not updated,adjustment,adjustment,adjustment,adjustment,breakdown offenses,breakdown offenses,breakdown offenses,0,0,0,0,0,0,0,0,3,0,0,0,3,2,0,0,1,1,0,12,11,0,1,25,1,0,1,0,43,0,2,5,38,43,0,0,0,0,0,2,0,0,0,2,2,0,0,1,1,0,5,5,0,0,4,1,0,1,0,14,0,2,4,10,14,0,0,0,0,0,1,0,0,0,1,1,0,0,0,1,0,4,4,0,0,1,0,0,0,0,7,0,1,2,5,7,0,0,0,0,0,0,0,0,0,0,0,0,0,0,0,0,0,0,0,0,0,0,0,0,0,0,0,0,0,0,0
Greensburg Police Department,1981-05-01,Pennsylvania,17604,PA06502,,not updated,adjustment,adjustment,adjustment,adjustment,breakdown offenses,breakdown offenses,breakdown offenses,0,0,0,0,0,0,0,0,0,0,0,0,0,1,0,0,1,0,0,9,7,2,0,22,5,1,3,1,37,0,1,1,36,37,0,0,0,0,0,0,0,0,0,0,1,0,0,1,0,0,3,3,0,0,3,0,0,0,0,7,0,1,1,6,7,0,0,0,0,0,0,0,0,0,0,1,0,0,1,0,0,3,3,0,0,1,0,0,0,0,5,0,1,1,4,5,0,0,0,0,0,0,0,0,0,0,0,0,0,0,0,0,0,0,0,0,0,0,0,0,0,0,0,0,0,0,0
Greensburg Police Department,1981-04-01,Pennsylvania,17604,PA06502,,not updated,adjustment,adjustment,adjustment,adjustment,breakdown offenses,breakdown offenses,breakdown offenses,0,0,0,0,0,0,0,0,5,4,0,0,1,0,0,0,0,0,0,9,1,5,3,20,2,2,0,0,36,0,0,5,31,36,0,0,0,0,0,0,0,0,0,0,0,0,0,0,0,0,3,2,1,0,6,0,0,0,0,9,0,0,0,9,9,0,0,0,0,0,0,0,0,0,0,0,0,0,0,0,0,1,0,1,0,0,0,0,0,0,1,0,0,0,1,1,0,0,0,0,0,0,0,0,0,0,0,0,0,0,0,0,0,0,0,0,0,0,0,0,0,0,0,0,0,0,0
Greensburg Police Department,1981-03-01,Pennsylvania,17604,PA06502,,not updated,adjustment,adjustment,adjustment,adjustment,breakdown offenses,breakdown offenses,breakdown offenses,0,0,0,0,0,0,0,0,2,1,1,0,0,0,0,0,0,0,0,11,9,2,0,18,3,2,1,0,34,0,0,2,32,34,0,0,0,0,0,1,1,0,0,0,0,0,0,0,0,0,1,1,0,0,3,0,0,0,0,5,0,0,1,4,5,0,0,0,0,0,0,0,0,0,0,0,0,0,0,0,0,0,0,0,0,2,0,0,0,0,2,0,0,0,2,2,0,0,0,0,0,0,0,0,0,0,0,0,0,0,0,0,0,0,0,0,0,0,0,0,0,0,0,0,0,0,0
Greensburg Police Department,1981-02-01,Pennsylvania,17604,PA06502,,not updated,adjustment,adjustment,adjustment,adjustment,breakdown offenses,breakdown offenses,breakdown offenses,0,0,0,0,0,1,1,0,2,1,1,0,0,1,0,1,0,0,0,10,8,2,0,23,2,0,1,1,39,0,1,4,35,39,0,0,0,0,0,0,0,0,0,0,1,0,1,0,0,0,1,1,0,0,7,0,0,0,0,9,0,1,1,8,9,0,0,0,0,0,0,0,0,0,0,0,0,0,0,0,0,0,0,0,0,0,0,0,0,0,0,0,0,0,0,0,0,0,0,0,0,0,0,0,0,0,0,0,0,0,0,0,0,0,0,0,0,0,0,0,0,0,0,0,0,0,0
Greensburg Police Department,1981-01-01,Pennsylvania,17604,PA06502,,not updated,adjustment,adjustment,adjustment,adjustment,breakdown offenses,breakdown offenses,breakdown offenses,0,0,0,0,0,0,0,0,0,0,0,0,0,0,0,0,0,0,0,19,15,3,1,18,2,2,0,0,39,0,0,0,39,39,0,0,0,0,0,0,0,0,0,0,0,0,0,0,0,0,6,6,0,0,3,1,1,0,0,10,0,0,0,10,10,0,0,0,0,0,0,0,0,0,0,0,0,0,0,0,0,0,0,0,0,1,1,1,0,0,2,0,0,0,2,2,0,0,0,0,0,0,0,0,0,0,0,0,0,0,0,0,0,0,0,0,0,0,0,0,0,0,0,0,0,0,0
Greensburg Police Department,1980-12-01,Pennsylvania,17545,PA06502,,not updated,adjustment,adjustment,adjustment,adjustment,breakdown offenses,breakdown offenses,breakdown offenses,0,0,0,0,0,0,0,0,2,1,0,0,1,0,0,0,0,0,0,15,9,5,1,19,3,3,0,0,39,0,0,2,37,39,0,0,0,0,0,2,2,0,0,0,0,0,0,0,0,0,10,10,0,0,2,0,0,0,0,14,0,0,2,12,14,0,0,0,0,0,0,0,0,0,0,0,0,0,0,0,0,0,0,0,0,0,0,0,0,0,0,0,0,0,0,0,0,0,0,0,0,0,0,0,0,0,0,0,0,0,0,0,0,0,0,0,0,0,0,0,0,0,0,0,0,0,0
Greensburg Police Department,1980-11-01,Pennsylvania,17545,PA06502,,not updated,normal return,normal return,normal return,normal return,breakdown offenses,breakdown offenses,breakdown offenses,0,0,1,0,0,0,0,0,2,2,0,0,0,1,0,0,0,1,0,17,10,6,1,16,3,1,2,0,39,0,1,3,36,39,0,0,0,0,0,0,0,0,0,0,1,0,0,0,1,0,0,0,0,0,1,0,0,0,0,2,0,1,1,1,2,0,0,0,0,0,0,0,0,0,0,0,0,0,0,0,0,0,0,0,0,0,0,0,0,0,0,0,0,0,0,0,0,0,0,0,0,0,0,0,0,0,0,0,0,0,0,0,0,0,0,0,0,0,0,0,0,0,0,0,0,0,0
Greensburg Police Department,1980-10-01,Pennsylvania,17545,PA06502,,not updated,normal return,normal return,normal return,normal return,breakdown offenses,breakdown offenses,breakdown offenses,0,0,0,0,0,0,0,0,1,0,0,0,1,0,0,0,0,0,0,9,4,4,1,23,4,1,1,2,37,0,0,1,36,37,0,0,0,0,0,1,0,0,0,1,0,0,0,0,0,0,0,0,0,0,3,0,0,0,0,4,0,0,1,3,4,0,0,0,0,0,1,0,0,0,1,0,0,0,0,0,0,0,0,0,0,2,0,0,0,0,3,0,0,1,2,3,0,0,0,0,0,0,0,0,0,0,0,0,0,0,0,0,0,0,0,0,0,0,0,0,0,0,0,0,0,0,0
Greensburg Police Department,1980-09-01,Pennsylvania,17545,PA06502,,not updated,normal return,normal return,normal return,normal return,breakdown offenses,breakdown offenses,breakdown offenses,0,0,0,0,0,0,0,0,0,0,0,0,0,2,1,0,0,0,1,9,5,4,0,25,5,3,1,1,41,0,1,1,39,40,0,0,0,0,0,0,0,0,0,0,2,1,0,0,0,1,1,1,0,0,2,0,0,0,0,5,0,1,1,3,4,0,0,0,0,0,0,0,0,0,0,0,0,0,0,0,0,0,0,0,0,2,0,0,0,0,2,0,0,0,2,2,0,0,0,0,0,0,0,0,0,0,0,0,0,0,0,0,0,0,0,0,0,0,0,0,0,0,0,0,0,0,0
Greensburg Police Department,1980-08-01,Pennsylvania,17545,PA06502,,not updated,normal return,normal return,normal return,normal return,breakdown offenses,breakdown offenses,breakdown offenses,0,0,1,0,0,0,0,0,0,0,0,0,0,1,0,0,0,1,0,9,3,6,0,32,4,1,2,1,46,0,1,1,45,46,0,0,0,0,0,0,0,0,0,0,1,0,0,0,1,0,3,1,2,0,7,0,0,0,0,11,0,1,1,10,11,0,0,0,0,0,0,0,0,0,0,1,0,0,0,1,0,2,0,2,0,2,0,0,0,0,5,0,1,1,4,5,0,0,0,0,0,0,0,0,0,0,0,0,0,0,0,0,0,0,0,0,0,0,0,0,0,0,0,0,0,0,0
Greensburg Police Department,1980-07-01,Pennsylvania,17545,PA06502,,not updated,normal return,normal return,normal return,normal return,breakdown offenses,breakdown offenses,breakdown offenses,0,0,0,1,0,1,1,0,0,0,0,0,0,1,0,0,0,1,0,17,9,6,2,27,3,2,0,1,50,0,1,3,47,50,1,0,0,0,0,0,0,0,0,0,2,0,0,0,2,0,3,3,0,0,7,0,0,0,0,13,0,2,3,10,13,0,0,0,0,0,0,0,0,0,0,0,0,0,0,0,0,2,2,0,0,3,0,0,0,0,5,0,0,0,5,5,0,0,0,0,0,0,0,0,0,0,0,0,0,0,0,0,0,0,0,0,0,0,0,0,0,0,0,0,0,0,0
Greensburg Police Department,1980-06-01,Pennsylvania,17545,PA06502,,not updated,adjustment,adjustment,adjustment,adjustment,breakdown offenses,breakdown offenses,breakdown offenses,0,0,0,0,0,0,0,0,1,0,1,0,0,0,0,0,0,0,0,6,2,4,0,38,0,0,0,0,45,0,0,1,44,45,0,0,0,0,0,0,0,0,0,0,0,0,0,0,0,0,1,1,0,0,4,0,0,0,0,5,0,0,0,5,5,0,0,0,0,0,0,0,0,0,0,0,0,0,0,0,0,1,1,0,0,0,0,0,0,0,1,0,0,0,1,1,0,0,0,0,0,0,0,0,0,0,0,0,0,0,0,0,0,0,0,0,0,0,0,0,0,0,0,0,0,0,0
Greensburg Police Department,1980-05-01,Pennsylvania,17545,PA06502,,not updated,normal return,normal return,normal return,normal return,breakdown offenses,breakdown offenses,breakdown offenses,0,0,0,0,0,0,0,0,1,0,0,0,1,1,0,0,0,0,1,8,5,3,0,24,0,0,0,0,34,0,0,1,32,33,0,0,0,0,0,1,0,0,0,1,1,0,0,0,0,1,1,1,0,0,4,0,0,0,0,7,0,0,1,5,6,0,0,0,0,0,0,0,0,0,0,0,0,0,0,0,0,0,0,0,0,1,0,0,0,0,1,0,0,0,1,1,0,0,0,0,0,0,0,0,0,0,0,0,0,0,0,0,0,0,0,0,0,0,0,0,0,0,0,0,0,0,0
Greensburg Police Department,1980-04-01,Pennsylvania,17545,PA06502,,not updated,normal return,normal return,normal return,normal return,breakdown offenses,breakdown offenses,breakdown offenses,0,0,0,0,0,0,0,0,2,0,0,0,2,0,0,0,0,0,0,10,7,2,1,20,4,4,0,0,36,0,0,2,34,36,0,0,0,0,0,1,0,0,0,1,0,0,0,0,0,0,0,0,0,0,1,1,1,0,0,3,0,0,1,2,3,0,0,0,0,0,1,0,0,0,1,0,0,0,0,0,0,0,0,0,0,0,0,0,0,0,1,0,0,1,0,1,0,0,0,0,0,0,0,0,0,0,0,0,0,0,0,0,0,0,0,0,0,0,0,0,0,0,0,0,0,0,0
Greensburg Police Department,1980-03-01,Pennsylvania,17545,PA06502,,not updated,normal return,normal return,normal return,normal return,breakdown offenses,breakdown offenses,breakdown offenses,0,0,0,0,0,0,0,0,0,0,0,0,0,1,0,0,0,0,1,16,12,3,1,25,6,4,1,1,48,0,0,0,47,47,0,0,0,0,0,0,0,0,0,0,0,0,0,0,0,0,9,9,0,0,4,1,1,0,0,14,0,0,0,14,14,0,0,0,0,0,0,0,0,0,0,0,0,0,0,0,0,0,0,0,0,2,0,0,0,0,2,0,0,0,2,2,0,0,0,0,0,0,0,0,0,0,0,0,0,0,0,0,0,0,0,0,0,0,0,0,0,0,0,0,0,0,0
Greensburg Police Department,1980-02-01,Pennsylvania,17545,PA06502,,not updated,normal return,normal return,normal return,normal return,breakdown offenses,breakdown offenses,breakdown offenses,0,0,0,0,0,0,0,0,1,1,0,0,0,2,0,1,1,0,0,17,15,0,2,14,4,4,0,0,38,0,2,3,35,38,0,0,0,0,0,0,0,0,0,0,2,0,1,1,0,0,0,0,0,0,3,1,1,0,0,6,0,2,2,4,6,0,0,0,0,0,0,0,0,0,0,0,0,0,0,0,0,0,0,0,0,0,1,1,0,0,1,0,0,0,1,1,0,0,0,0,0,0,0,0,0,0,0,0,0,0,0,0,0,0,0,0,0,0,0,0,0,0,0,0,0,0,0
Greensburg Police Department,1980-01-01,Pennsylvania,17545,PA06502,,not updated,normal return,normal return,normal return,normal return,breakdown offenses,breakdown offenses,breakdown offenses,0,0,0,0,0,0,0,0,1,0,0,0,1,3,1,0,1,1,0,19,8,3,8,22,2,1,0,1,47,0,3,4,43,47,0,0,0,0,0,0,0,0,0,0,2,1,0,0,1,0,2,1,0,1,3,1,1,0,0,8,0,2,2,6,8,0,0,0,0,0,0,0,0,0,0,0,0,0,0,0,0,0,0,0,0,1,0,0,0,0,1,0,0,0,1,1,0,0,0,0,0,0,0,0,0,0,0,0,0,0,0,0,0,0,0,0,0,0,0,0,0,0,0,0,0,0,0
Greensburg Police Department,1979-12-01,Pennsylvania,18436,PA06502,,not updated,adjustment,adjustment,adjustment,adjustment,breakdown offenses,breakdown offenses,breakdown offenses,0,0,0,0,0,0,0,0,1,0,0,0,1,2,0,0,0,2,0,27,15,10,2,23,2,2,0,0,55,0,2,3,52,55,0,0,0,0,0,0,0,0,0,0,1,0,0,0,1,0,1,0,1,0,8,0,0,0,0,10,0,1,1,9,10,0,0,0,0,0,0,0,0,0,0,0,0,0,0,0,0,1,0,1,0,4,0,0,0,0,5,0,0,0,5,5,0,0,0,0,0,0,0,0,0,0,0,0,0,0,0,0,0,0,0,0,0,0,0,0,0,0,0,0,0,0,0
Greensburg Police Department,1979-11-01,Pennsylvania,18436,PA06502,,not updated,normal return,normal return,normal return,normal return,breakdown offenses,breakdown offenses,breakdown offenses,0,0,0,0,0,0,0,0,2,1,0,0,1,4,1,1,1,0,1,21,14,3,4,37,2,2,0,0,66,0,3,5,60,65,0,0,0,0,0,1,0,0,0,1,3,1,1,0,0,1,0,0,0,0,7,0,0,0,0,11,0,2,3,7,10,0,0,0,0,0,1,0,0,0,1,0,0,0,0,0,0,0,0,0,0,1,0,0,0,0,2,0,0,1,1,2,0,0,0,0,0,0,0,0,0,0,0,0,0,0,0,0,0,0,0,0,0,0,0,0,0,0,0,0,0,0,0
Greensburg Police Department,1979-10-01,Pennsylvania,18436,PA06502,,not updated,normal return,normal return,normal return,normal return,breakdown offenses,breakdown offenses,breakdown offenses,0,0,2,0,0,1,1,0,0,0,0,0,0,6,1,0,1,4,0,21,9,4,8,27,4,1,2,1,59,0,6,7,52,59,0,0,0,0,0,1,0,0,0,1,3,0,0,0,3,0,0,0,0,0,0,1,1,0,0,5,0,3,4,1,5,0,0,0,0,0,0,0,0,0,0,0,0,0,0,0,0,0,0,0,0,0,0,0,0,0,0,0,0,0,0,0,0,0,0,0,0,0,0,0,0,0,0,0,0,0,0,0,0,0,0,0,0,0,0,0,0,0,0,0,0,0,0
Greensburg Police Department,1979-09-01,Pennsylvania,18436,PA06502,,not updated,adjustment,adjustment,adjustment,adjustment,breakdown offenses,breakdown offenses,breakdown offenses,0,0,0,0,0,2,2,0,3,1,0,0,2,0,0,0,0,0,0,16,8,2,6,26,7,5,1,1,54,0,0,5,49,54,0,0,1,1,0,0,0,0,0,0,1,0,0,0,0,1,1,0,0,1,2,0,0,0,0,5,0,0,1,3,4,0,0,0,0,0,0,0,0,0,0,0,0,0,0,0,0,0,0,0,0,1,0,0,0,0,1,0,0,0,1,1,0,0,0,0,0,0,0,0,0,0,0,0,0,0,0,0,0,0,0,0,0,0,0,0,0,0,0,0,0,0,0
Greensburg Police Department,1979-08-01,Pennsylvania,18436,PA06502,,not updated,normal return,normal return,normal return,normal return,breakdown offenses,breakdown offenses,breakdown offenses,0,0,1,0,0,0,0,0,0,0,0,0,0,3,0,0,1,1,1,31,16,3,12,39,2,1,1,0,75,0,2,2,72,74,0,0,0,0,0,0,0,0,0,0,3,0,0,1,1,1,1,1,0,0,3,0,0,0,0,7,0,2,2,4,6,0,0,0,0,0,0,0,0,0,0,0,0,0,0,0,0,1,1,0,0,1,0,0,0,0,2,0,0,0,2,2,0,0,0,0,0,0,0,0,0,0,0,0,0,0,0,0,0,0,0,0,0,0,0,0,0,0,0,0,0,0,0
Greensburg Police Department,1979-07-01,Pennsylvania,18436,PA06502,,not updated,adjustment,adjustment,adjustment,adjustment,breakdown offenses,breakdown offenses,breakdown offenses,0,0,0,0,0,3,1,2,0,0,0,0,0,1,0,0,0,0,1,54,19,3,32,53,4,4,0,0,115,0,0,3,111,114,0,0,0,0,0,0,0,0,0,0,1,0,0,0,0,1,1,1,0,0,1,1,1,0,0,4,0,0,0,3,3,0,0,0,0,0,0,0,0,0,0,0,0,0,0,0,0,1,1,0,0,1,0,0,0,0,2,0,0,0,2,2,0,0,0,0,0,0,0,0,0,0,0,0,0,0,0,0,0,0,0,0,0,0,0,0,0,0,0,0,0,0,0
Greensburg Police Department,1979-06-01,Pennsylvania,18436,PA06502,,not updated,adjustment,adjustment,adjustment,adjustment,breakdown offenses,breakdown offenses,breakdown offenses,0,0,0,0,0,0,0,0,3,0,0,0,3,0,0,0,0,0,0,36,24,3,9,50,3,2,1,0,92,0,0,3,89,92,0,0,0,0,0,2,0,0,0,2,0,0,0,0,0,0,0,0,0,0,2,0,0,0,0,4,0,0,2,2,4,0,0,0,0,0,0,0,0,0,0,0,0,0,0,0,0,0,0,0,0,0,0,0,0,0,0,0,0,0,0,0,0,0,0,0,0,0,0,0,0,0,0,0,0,0,0,0,0,0,0,0,0,0,0,0,0,0,0,0,0,0,0
Greensburg Police Department,1979-05-01,Pennsylvania,18436,PA06502,,not updated,normal return,normal return,normal return,normal return,breakdown offenses,breakdown offenses,breakdown offenses,0,0,0,0,0,1,1,0,0,0,0,0,0,0,0,0,0,0,0,19,9,3,7,37,5,3,0,2,62,0,0,1,61,62,0,0,0,0,0,0,0,0,0,0,0,0,0,0,0,0,0,0,0,0,5,0,0,0,0,5,0,0,0,5,5,0,0,0,0,0,0,0,0,0,0,0,0,0,0,0,0,0,0,0,0,0,0,0,0,0,0,0,0,0,0,0,0,0,0,0,0,0,0,0,0,0,0,0,0,0,0,0,0,0,0,0,0,0,0,0,0,0,0,0,0,0,0
Greensburg Police Department,1979-04-01,Pennsylvania,18436,PA06502,,not updated,normal return,normal return,normal return,normal return,breakdown offenses,breakdown offenses,breakdown offenses,0,0,0,0,0,1,1,0,1,1,0,0,0,3,0,0,0,3,0,18,16,2,0,30,7,4,1,2,60,0,3,5,55,60,0,0,0,0,0,0,0,0,0,0,1,0,0,0,1,0,1,1,0,0,7,0,0,0,0,9,0,1,1,8,9,0,0,0,0,0,0,0,0,0,0,0,0,0,0,0,0,0,0,0,0,4,0,0,0,0,4,0,0,0,4,4,0,0,0,0,0,0,0,0,0,0,0,0,0,0,0,0,0,0,0,0,0,0,0,0,0,0,0,0,0,0,0
Greensburg Police Department,1979-03-01,Pennsylvania,18436,PA06502,,not updated,normal return,normal return,normal return,normal return,breakdown offenses,breakdown offenses,breakdown offenses,0,0,0,0,0,0,0,0,5,2,0,0,3,6,0,0,0,5,1,10,9,1,0,22,3,1,0,2,46,0,5,10,35,45,0,0,0,0,0,1,0,0,0,1,3,0,0,0,2,1,0,0,0,0,4,0,0,0,0,8,0,2,3,4,7,0,0,0,0,0,0,0,0,0,0,1,0,0,0,0,1,0,0,0,0,3,0,0,0,0,4,0,0,0,3,3,0,0,0,0,0,0,0,0,0,0,0,0,0,0,0,0,0,0,0,0,0,0,0,0,0,0,0,0,0,0,0
Greensburg Police Department,1979-02-01,Pennsylvania,18436,PA06502,,not updated,adjustment,adjustment,adjustment,adjustment,breakdown offenses,breakdown offenses,breakdown offenses,0,0,0,0,0,0,0,0,0,0,0,0,0,2,0,0,0,1,1,10,5,1,4,15,6,4,1,1,33,0,1,1,31,32,0,0,0,0,0,1,0,0,0,1,2,0,0,0,1,1,1,1,0,0,1,2,1,1,0,7,0,1,2,4,6,0,0,0,0,0,0,0,0,0,0,1,0,0,0,0,1,1,1,0,0,0,1,1,0,0,3,0,0,0,2,2,0,0,0,0,0,0,0,0,0,0,0,0,0,0,0,0,0,0,0,0,0,0,0,0,0,0,0,0,0,0,0
Greensburg Police Department,1979-01-01,Pennsylvania,18436,PA06502,,not updated,adjustment,adjustment,adjustment,adjustment,breakdown offenses,breakdown offenses,breakdown offenses,0,0,0,0,0,1,1,0,2,0,0,0,2,4,0,0,2,0,2,14,13,0,1,16,5,2,3,0,42,0,2,5,35,40,0,0,0,0,0,1,0,0,0,1,3,0,0,2,0,1,1,1,0,0,5,1,1,0,0,11,0,2,3,7,10,0,0,0,0,0,1,0,0,0,1,0,0,0,0,0,0,1,1,0,0,1,1,1,0,0,4,0,0,1,3,4,0,0,0,0,0,0,0,0,0,0,0,0,0,0,0,0,0,0,0,0,0,0,0,0,0,0,0,0,0,0,0
Greensburg Police Department,1978-12-01,Pennsylvania,14476,PA06502,,not updated,adjustment,adjustment,adjustment,adjustment,breakdown offenses,breakdown offenses,breakdown offenses,0,0,1,0,0,0,0,0,0,0,0,0,0,4,0,0,1,1,2,19,18,1,0,24,13,10,3,0,60,0,2,2,56,58,0,0,0,0,0,0,0,0,0,0,3,0,0,1,1,1,2,2,0,0,9,2,1,1,0,16,0,2,2,13,15,0,0,0,0,0,0,0,0,0,0,0,0,0,0,0,0,2,2,0,0,3,1,1,0,0,6,0,0,0,6,6,0,0,0,0,0,0,0,0,0,0,0,0,0,0,0,0,0,0,0,0,0,0,0,0,0,0,0,0,0,0,0
Greensburg Police Department,1978-11-01,Pennsylvania,14476,PA06502,,not updated,normal return,normal return,normal return,normal return,breakdown offenses,breakdown offenses,breakdown offenses,0,0,0,0,0,0,0,0,1,0,0,0,1,6,0,0,2,2,2,17,16,1,0,21,0,0,0,0,45,0,4,5,38,43,0,0,0,0,0,0,0,0,0,0,6,0,0,2,2,2,2,2,0,0,8,0,0,0,0,16,0,4,4,10,14,0,0,0,0,0,0,0,0,0,0,0,0,0,0,0,0,0,0,0,0,2,0,0,0,0,2,0,0,0,2,2,0,0,0,0,0,0,0,0,0,0,0,0,0,0,0,0,0,0,0,0,0,0,0,0,0,0,0,0,0,0,0
Greensburg Police Department,1978-10-01,Pennsylvania,14476,PA06502,,not updated,adjustment,adjustment,adjustment,adjustment,breakdown offenses,breakdown offenses,breakdown offenses,0,0,0,0,0,0,0,0,0,0,0,0,0,2,0,0,0,1,1,11,11,0,0,32,9,6,3,0,54,0,1,1,52,53,0,0,0,0,0,0,0,0,0,0,1,0,0,0,1,0,3,3,0,0,1,3,3,0,0,8,0,1,1,7,8,0,0,0,0,0,0,0,0,0,0,0,0,0,0,0,0,0,0,0,0,0,0,0,0,0,0,0,0,0,0,0,0,0,0,0,0,0,0,0,0,0,0,0,0,0,0,0,0,0,0,0,0,0,0,0,0,0,0,0,0,0,0
Greensburg Police Department,1978-09-01,Pennsylvania,14476,PA06502,,not updated,normal return,normal return,normal return,normal return,breakdown offenses,breakdown offenses,breakdown offenses,0,0,0,0,0,0,0,0,3,3,0,0,0,3,0,0,0,0,3,14,12,0,2,21,5,1,2,2,46,0,0,3,40,43,0,0,0,0,0,0,0,0,0,0,3,0,0,0,0,3,4,4,0,0,0,1,1,0,0,8,0,0,0,5,5,0,0,0,0,0,0,0,0,0,0,1,0,0,0,0,1,2,2,0,0,0,1,1,0,0,4,0,0,0,3,3,0,0,0,0,0,0,0,0,0,0,0,0,0,0,0,0,0,0,0,0,0,0,0,0,0,0,0,0,0,0,0
Greensburg Police Department,1978-08-01,Pennsylvania,14476,PA06502,,not updated,normal return,normal return,normal return,adjustment,breakdown offenses,breakdown offenses,breakdown offenses,0,0,2,0,0,0,0,0,1,1,0,0,0,6,1,0,0,2,3,27,20,1,6,39,3,2,0,1,76,0,3,4,69,73,0,0,0,0,0,1,1,0,0,0,4,1,0,0,1,2,6,3,1,2,5,0,0,0,0,16,0,2,3,11,14,0,0,0,0,0,1,1,0,0,0,1,0,0,0,1,0,0,0,0,0,2,0,0,0,0,4,0,1,2,2,4,0,0,0,0,0,0,0,0,0,0,0,0,0,0,0,0,0,0,0,0,0,0,0,0,0,0,0,0,0,0,0
Greensburg Police Department,1978-07-01,Pennsylvania,14476,PA06502,,not updated,adjustment,adjustment,adjustment,adjustment,breakdown offenses,breakdown offenses,breakdown offenses,0,0,0,0,0,0,0,0,2,1,0,0,1,2,0,0,0,1,1,31,27,1,3,33,4,3,1,0,72,0,1,3,68,71,0,0,0,0,0,0,0,0,0,0,2,0,0,0,1,1,3,2,1,0,5,0,0,0,0,10,0,1,1,8,9,0,0,0,0,0,0,0,0,0,0,0,0,0,0,0,0,0,0,0,0,5,0,0,0,0,5,0,0,0,5,5,0,0,0,0,0,0,0,0,0,0,0,0,0,0,0,0,0,0,0,0,0,0,0,0,0,0,0,0,0,0,0
Greensburg Police Department,1978-06-01,Pennsylvania,14476,PA06502,,not updated,normal return,normal return,normal return,normal return,breakdown offenses,breakdown offenses,breakdown offenses,0,0,0,0,0,0,0,0,4,2,0,1,1,7,0,0,0,4,3,13,13,0,0,42,5,3,1,1,71,0,4,8,60,68,0,0,0,0,0,0,0,0,0,0,3,0,0,0,3,0,2,2,0,0,6,0,0,0,0,11,0,3,3,8,11,0,0,0,0,0,0,0,0,0,0,1,0,0,0,1,0,1,1,0,0,2,0,0,0,0,4,0,1,1,3,4,0,0,0,0,0,0,0,0,0,0,0,0,0,0,0,0,0,0,0,0,0,0,0,0,0,0,0,0,0,0,0
Greensburg Police Department,1978-05-01,Pennsylvania,14476,PA06502,,not updated,normal return,normal return,normal return,normal return,breakdown offenses,breakdown offenses,breakdown offenses,0,0,0,0,0,1,1,0,2,1,0,0,1,3,0,0,0,1,2,9,8,0,1,29,5,3,0,2,49,0,1,4,43,47,0,0,1,1,0,0,0,0,0,0,2,0,0,0,2,0,1,1,0,0,8,0,0,0,0,12,0,2,3,9,12,0,0,0,0,0,0,0,0,0,0,0,0,0,0,0,0,0,0,0,0,1,0,0,0,0,1,0,0,0,1,1,0,0,0,0,0,0,0,0,0,0,0,0,0,0,0,0,0,0,0,0,0,0,0,0,0,0,0,0,0,0,0
Greensburg Police Department,1978-04-01,Pennsylvania,14476,PA06502,,not updated,adjustment,adjustment,adjustment,adjustment,breakdown offenses,breakdown offenses,breakdown offenses,0,0,1,0,0,0,0,0,2,0,0,1,1,3,0,0,0,1,2,22,17,1,4,28,5,4,1,0,60,0,1,3,55,58,0,0,0,0,0,1,0,0,0,1,3,0,0,0,1,2,4,2,1,1,9,1,1,0,0,18,0,1,2,14,16,0,0,0,0,0,0,0,0,0,0,0,0,0,0,0,0,2,1,1,0,4,0,0,0,0,6,0,0,0,6,6,0,0,0,0,0,0,0,0,0,0,0,0,0,0,0,0,0,0,0,0,0,0,0,0,0,0,0,0,0,0,0
Greensburg Police Department,1978-03-01,Pennsylvania,14476,PA06502,,not updated,adjustment,adjustment,adjustment,adjustment,breakdown offenses,breakdown offenses,breakdown offenses,0,0,0,0,0,0,0,0,0,0,0,0,0,2,0,1,1,0,0,21,20,0,1,37,3,3,0,0,63,0,2,2,61,63,0,0,0,0,0,0,0,0,0,0,0,0,0,0,0,0,0,0,0,0,5,1,1,0,0,6,0,0,0,6,6,0,0,0,0,0,0,0,0,0,0,0,0,0,0,0,0,0,0,0,0,4,1,1,0,0,5,0,0,0,5,5,0,0,0,0,0,0,0,0,0,0,0,0,0,0,0,0,0,0,0,0,0,0,0,0,0,0,0,0,0,0,0
Greensburg Police Department,1978-02-01,Pennsylvania,14476,PA06502,,not updated,adjustment,adjustment,adjustment,adjustment,breakdown offenses,breakdown offenses,breakdown offenses,0,0,0,0,0,2,2,0,1,0,0,0,1,1,0,0,0,0,1,13,11,0,2,18,6,4,2,0,41,0,0,3,37,40,0,0,0,0,0,0,0,0,0,0,0,0,0,0,0,0,1,1,0,0,6,1,1,0,0,8,0,0,0,8,8,0,0,0,0,0,0,0,0,0,0,0,0,0,0,0,0,1,1,0,0,3,1,1,0,0,5,0,0,0,5,5,0,0,0,0,0,0,0,0,0,0,0,0,0,0,0,0,0,0,0,0,0,0,0,0,0,0,0,0,0,0,0
Greensburg Police Department,1978-01-01,Pennsylvania,14476,PA06502,,not updated,adjustment,adjustment,adjustment,adjustment,breakdown offenses,breakdown offenses,breakdown offenses,0,0,1,0,0,0,0,0,2,1,0,0,1,3,0,0,0,1,2,16,14,0,2,18,1,1,0,0,40,0,1,3,35,38,0,0,0,0,0,0,0,0,0,0,1,0,0,0,1,0,3,3,0,0,4,1,1,0,0,9,0,1,1,8,9,0,0,0,0,0,0,0,0,0,0,0,0,0,0,0,0,0,0,0,0,4,0,0,0,0,4,0,0,0,4,4,0,0,0,0,0,0,0,0,0,0,0,0,0,0,0,0,0,0,0,0,0,0,0,0,0,0,0,0,0,0,0
Greensburg Police Department,1977-12-01,Pennsylvania,14515,PA06502,,not updated,adjustment,adjustment,adjustment,adjustment,breakdown offenses,breakdown offenses,breakdown offenses,0,0,0,0,0,0,0,0,2,1,0,0,1,1,0,0,1,0,0,10,9,0,1,17,1,0,0,1,31,0,1,3,28,31,0,0,0,0,0,0,0,0,0,0,1,0,0,1,0,0,3,3,0,0,5,0,0,0,0,9,0,1,1,8,9,0,0,0,0,0,0,0,0,0,0,0,0,0,0,0,0,0,0,0,0,1,0,0,0,0,1,0,0,0,1,1,0,0,0,0,0,0,0,0,0,0,0,0,0,0,0,0,0,0,0,0,0,0,0,0,0,0,0,0,0,0,0
Greensburg Police Department,1977-11-01,Pennsylvania,14515,PA06502,,not updated,adjustment,adjustment,adjustment,adjustment,breakdown offenses,breakdown offenses,breakdown offenses,0,0,0,0,0,0,0,0,2,1,1,0,0,0,0,0,0,0,0,14,13,0,1,23,5,4,0,1,44,0,0,2,42,44,0,0,0,0,0,0,0,0,0,0,0,0,0,0,0,0,1,1,0,0,8,2,2,0,0,11,0,0,0,11,11,0,0,0,0,0,0,0,0,0,0,0,0,0,0,0,0,0,0,0,0,3,1,1,0,0,4,0,0,0,4,4,0,0,0,0,0,0,0,0,0,0,0,0,0,0,0,0,0,0,0,0,0,0,0,0,0,0,0,0,0,0,0
Greensburg Police Department,1977-10-01,Pennsylvania,14515,PA06502,,not updated,adjustment,adjustment,adjustment,adjustment,breakdown offenses,breakdown offenses,breakdown offenses,0,0,0,0,0,0,0,0,0,0,0,0,0,2,0,0,0,0,2,15,14,0,1,27,8,7,1,0,52,0,0,0,50,50,0,0,0,0,0,0,0,0,0,0,2,0,0,0,0,2,5,5,0,0,4,0,0,0,0,11,0,0,0,9,9,0,0,0,0,0,0,0,0,0,0,1,0,0,0,0,1,1,1,0,0,3,0,0,0,0,5,0,0,0,4,4,0,0,0,0,0,0,0,0,0,0,0,0,0,0,0,0,0,0,0,0,0,0,0,0,0,0,0,0,0,0,0
Greensburg Police Department,1977-09-01,Pennsylvania,14515,PA06502,,not updated,adjustment,adjustment,adjustment,adjustment,breakdown offenses,breakdown offenses,breakdown offenses,0,0,0,0,0,0,0,0,0,0,0,0,0,6,0,1,0,2,3,8,8,0,0,30,4,2,1,1,48,0,3,3,42,45,0,0,0,0,0,0,0,0,0,0,2,0,0,0,0,2,0,0,0,0,1,0,0,0,0,3,0,0,0,1,1,0,0,0,0,0,0,0,0,0,0,2,0,0,0,0,2,0,0,0,0,1,0,0,0,0,3,0,0,0,1,1,0,0,0,0,0,0,0,0,0,0,0,0,0,0,0,0,0,0,0,0,0,0,0,0,0,0,0,0,0,0,0
Greensburg Police Department,1977-08-01,Pennsylvania,14515,PA06502,,not updated,normal return,normal return,normal return,normal return,breakdown offenses,breakdown offenses,breakdown offenses,0,0,0,1,0,0,0,0,3,1,2,0,0,2,1,0,0,1,0,29,28,0,1,27,7,6,1,0,69,0,2,6,63,69,1,0,0,0,0,1,0,1,0,0,1,1,0,0,0,0,2,2,0,0,5,1,1,0,0,11,0,1,3,8,11,0,0,0,0,0,1,0,1,0,0,0,0,0,0,0,0,0,0,0,0,2,0,0,0,0,3,0,0,1,2,3,0,0,0,0,0,0,0,0,0,0,0,0,0,0,0,0,0,0,0,0,0,0,0,0,0,0,0,0,0,0,0
Greensburg Police Department,1977-07-01,Pennsylvania,14515,PA06502,,not updated,adjustment,adjustment,adjustment,adjustment,breakdown offenses,breakdown offenses,breakdown offenses,0,0,0,1,0,0,0,0,0,0,0,0,0,1,1,0,0,0,0,18,18,0,0,20,8,6,0,2,48,0,1,2,46,48,1,0,0,0,0,0,0,0,0,0,1,1,0,0,0,0,0,0,0,0,2,0,0,0,0,4,0,1,2,2,4,0,0,0,0,0,0,0,0,0,0,0,0,0,0,0,0,0,0,0,0,1,0,0,0,0,1,0,0,0,1,1,0,0,0,0,0,0,0,0,0,0,0,0,0,0,0,0,0,0,0,0,0,0,0,0,0,0,0,0,0,0,0
Greensburg Police Department,1977-06-01,Pennsylvania,14515,PA06502,,not updated,normal return,normal return,normal return,normal return,breakdown offenses,breakdown offenses,breakdown offenses,0,0,0,0,0,0,0,0,1,0,0,0,1,2,0,0,0,1,1,16,13,0,3,27,3,3,0,0,49,0,1,2,46,48,0,0,0,0,0,0,0,0,0,0,1,0,0,0,1,0,1,1,0,0,4,0,0,0,0,6,0,1,1,5,6,0,0,0,0,0,0,0,0,0,0,0,0,0,0,0,0,0,0,0,0,3,0,0,0,0,3,0,0,0,3,3,0,0,0,0,0,0,0,0,0,0,0,0,0,0,0,0,0,0,0,0,0,0,0,0,0,0,0,0,0,0,0
Greensburg Police Department,1977-05-01,Pennsylvania,14515,PA06502,,not updated,adjustment,adjustment,adjustment,adjustment,breakdown offenses,breakdown offenses,breakdown offenses,0,0,1,0,0,0,0,0,1,1,0,0,0,3,0,0,0,2,1,23,18,0,5,23,2,2,0,0,52,0,2,3,48,51,0,0,0,0,0,0,0,0,0,0,3,0,0,0,2,1,0,0,0,0,3,0,0,0,0,6,0,2,2,3,5,0,0,0,0,0,0,0,0,0,0,0,0,0,0,0,0,0,0,0,0,1,0,0,0,0,1,0,0,0,1,1,0,0,0,0,0,0,0,0,0,0,0,0,0,0,0,0,0,0,0,0,0,0,0,0,0,0,0,0,0,0,0
Greensburg Police Department,1977-04-01,Pennsylvania,14515,PA06502,,not updated,adjustment,adjustment,adjustment,adjustment,breakdown offenses,breakdown offenses,breakdown offenses,0,0,0,1,0,0,0,0,2,2,0,0,0,3,0,0,0,1,2,15,13,0,2,27,5,5,0,0,53,0,1,4,47,51,1,0,0,0,0,0,0,0,0,0,4,0,0,0,2,2,0,0,0,0,2,0,0,0,0,7,0,2,3,2,5,0,0,0,0,0,0,0,0,0,0,0,0,0,0,0,0,0,0,0,0,0,0,0,0,0,0,0,0,0,0,0,0,0,0,0,0,0,0,0,0,0,0,0,0,0,0,0,0,0,0,0,0,0,0,0,0,0,0,0,0,0,0
Greensburg Police Department,1977-03-01,Pennsylvania,14515,PA06502,,not updated,adjustment,adjustment,adjustment,adjustment,breakdown offenses,breakdown offenses,breakdown offenses,0,0,0,0,0,0,0,0,3,0,2,0,1,2,0,0,0,0,2,23,20,0,3,34,5,3,0,2,67,0,0,3,62,65,0,0,0,0,0,1,0,0,0,1,1,0,0,0,0,1,4,4,0,0,5,1,1,0,0,12,0,0,1,10,11,0,0,0,0,0,1,0,0,0,1,0,0,0,0,0,0,1,1,0,0,0,1,1,0,0,3,0,0,1,2,3,0,0,0,0,0,0,0,0,0,0,0,0,0,0,0,0,0,0,0,0,0,0,0,0,0,0,0,0,0,0,0
Greensburg Police Department,1977-02-01,Pennsylvania,14515,PA06502,,not updated,adjustment,adjustment,adjustment,adjustment,breakdown offenses,breakdown offenses,breakdown offenses,0,0,0,0,0,0,0,0,0,0,0,0,0,3,0,0,0,2,1,15,13,0,2,22,4,4,0,0,44,0,2,2,41,43,0,0,0,0,0,0,0,0,0,0,3,0,0,0,2,1,0,0,0,0,5,0,0,0,0,8,0,2,2,5,7,0,0,0,0,0,0,0,0,0,0,0,0,0,0,0,0,0,0,0,0,2,0,0,0,0,2,0,0,0,2,2,0,0,0,0,0,0,0,0,0,0,0,0,0,0,0,0,0,0,0,0,0,0,0,0,0,0,0,0,0,0,0
Greensburg Police Department,1977-01-01,Pennsylvania,14515,PA06502,,not updated,normal return,normal return,normal return,normal return,breakdown offenses,breakdown offenses,breakdown offenses,0,0,0,0,0,0,0,0,0,0,0,0,0,0,0,0,0,0,0,22,20,0,2,31,4,4,0,0,57,0,0,0,57,57,0,0,0,0,0,0,0,0,0,0,0,0,0,0,0,0,1,1,0,0,3,0,0,0,0,4,0,0,0,4,4,0,0,0,0,0,0,0,0,0,0,0,0,0,0,0,0,0,0,0,0,0,0,0,0,0,0,0,0,0,0,0,0,0,0,0,0,0,0,0,0,0,0,0,0,0,0,0,0,0,0,0,0,0,0,0,0,0,0,0,0,0,0
Greensburg Police Department,1976-12-01,Pennsylvania,14604,PA06502,,not updated,normal return,normal return,normal return,normal return,breakdown offenses,breakdown offenses,breakdown offenses,0,0,0,0,0,0,0,0,1,1,0,0,0,2,0,0,0,0,2,8,7,0,1,23,1,1,0,0,35,0,0,1,32,33,0,0,0,0,0,1,1,0,0,0,1,0,0,0,0,1,0,0,0,0,3,0,0,0,0,5,0,0,1,3,4,0,0,0,0,0,0,0,0,0,0,0,0,0,0,0,0,0,0,0,0,1,0,0,0,0,1,0,0,0,1,1,0,0,0,0,0,0,0,0,0,0,0,0,0,0,0,0,0,0,0,0,0,0,0,0,0,0,0,0,0,0,0
Greensburg Police Department,1976-11-01,Pennsylvania,14604,PA06502,,not updated,normal return,normal return,normal return,normal return,breakdown offenses,breakdown offenses,breakdown offenses,0,0,0,0,0,0,0,0,1,0,0,0,1,3,0,0,0,1,2,25,23,0,2,30,3,2,0,1,62,0,1,2,58,60,0,0,0,0,0,0,0,0,0,0,3,0,0,0,1,2,15,15,0,0,4,1,1,0,0,23,0,1,1,20,21,0,0,0,0,0,0,0,0,0,0,0,0,0,0,0,0,14,14,0,0,2,0,0,0,0,16,0,0,0,16,16,0,0,0,0,0,0,0,0,0,0,0,0,0,0,0,0,0,0,0,0,0,0,0,0,0,0,0,0,0,0,0
Greensburg Police Department,1976-10-01,Pennsylvania,14604,PA06502,,not updated,normal return,normal return,normal return,adjustment,breakdown offenses,breakdown offenses,breakdown offenses,0,0,2,0,0,0,0,0,4,1,0,0,3,4,0,0,0,3,1,18,18,0,0,48,5,3,2,0,79,0,3,7,71,78,0,0,0,0,0,2,0,0,0,2,4,0,0,0,3,1,0,0,0,0,5,2,1,1,0,13,0,3,5,7,12,0,0,0,0,0,1,0,0,0,1,2,0,0,0,2,0,0,0,0,0,1,2,1,1,0,6,0,2,3,3,6,0,0,0,0,0,0,0,0,0,0,0,0,0,0,0,0,0,0,0,0,0,0,0,0,0,0,0,0,0,0,0
Greensburg Police Department,1976-09-01,Pennsylvania,14604,PA06502,,not updated,adjustment,adjustment,adjustment,adjustment,breakdown offenses,breakdown offenses,breakdown offenses,0,0,0,0,0,0,0,0,0,0,0,0,0,2,1,0,0,0,1,28,25,0,3,32,1,1,0,0,63,0,1,1,61,62,0,0,0,0,0,1,0,0,0,1,2,1,0,0,0,1,1,0,0,1,6,0,0,0,0,10,0,1,2,7,9,0,0,0,0,0,1,0,0,0,1,1,0,0,0,0,1,0,0,0,0,3,0,0,0,0,5,0,0,1,3,4,0,0,0,0,0,0,0,0,0,0,0,0,0,0,0,0,0,0,0,0,0,0,0,0,0,0,0,0,0,0,0
Greensburg Police Department,1976-08-01,Pennsylvania,14604,PA06502,,not updated,normal return,normal return,normal return,normal return,breakdown offenses,breakdown offenses,breakdown offenses,0,0,0,0,0,0,0,0,1,0,0,0,1,0,0,0,0,0,0,27,24,0,3,33,0,0,0,0,61,0,0,1,60,61,0,0,0,0,0,1,0,0,0,1,0,0,0,0,0,0,1,1,0,0,8,0,0,0,0,10,0,0,1,9,10,0,0,0,0,0,1,0,0,0,1,0,0,0,0,0,0,0,0,0,0,1,0,0,0,0,2,0,0,1,1,2,0,0,0,0,0,0,0,0,0,0,0,0,0,0,0,0,0,0,0,0,0,0,0,0,0,0,0,0,0,0,0
Greensburg Police Department,1976-07-01,Pennsylvania,14604,PA06502,,not updated,normal return,normal return,normal return,normal return,breakdown offenses,breakdown offenses,breakdown offenses,0,0,1,0,0,0,0,0,1,0,0,0,1,4,1,0,0,2,1,19,18,0,1,29,6,6,0,0,59,0,3,4,54,58,0,0,0,0,0,0,0,0,0,0,3,1,0,0,2,0,5,5,0,0,2,0,0,0,0,10,0,3,3,7,10,0,0,0,0,0,0,0,0,0,0,0,0,0,0,0,0,5,5,0,0,0,0,0,0,0,5,0,0,0,5,5,0,0,0,0,0,0,0,0,0,0,0,0,0,0,0,0,0,0,0,0,0,0,0,0,0,0,0,0,0,0,0
Greensburg Police Department,1976-06-01,Pennsylvania,14604,PA06502,,not updated,normal return,normal return,normal return,normal return,breakdown offenses,breakdown offenses,breakdown offenses,0,0,1,0,0,0,0,0,3,1,1,0,1,2,0,0,0,0,2,25,24,0,1,49,6,6,0,0,85,0,0,3,80,83,0,0,0,0,0,2,1,1,0,0,2,0,0,0,0,2,7,6,0,1,0,1,1,0,0,12,0,0,2,8,10,0,0,0,0,0,1,0,1,0,0,0,0,0,0,0,0,3,3,0,0,0,0,0,0,0,4,0,0,1,3,4,0,0,0,0,0,0,0,0,0,0,0,0,0,0,0,0,0,0,0,0,0,0,0,0,0,0,0,0,0,0,0
Greensburg Police Department,1976-05-01,Pennsylvania,14604,PA06502,,not updated,normal return,normal return,normal return,normal return,breakdown offenses,breakdown offenses,breakdown offenses,0,0,0,0,0,1,1,0,1,1,0,0,0,1,0,0,0,0,1,17,16,0,1,44,8,7,0,1,72,0,0,2,69,71,0,0,0,0,0,1,1,0,0,0,0,0,0,0,0,0,0,0,0,0,3,2,1,0,1,6,0,0,1,5,6,0,0,0,0,0,1,1,0,0,0,0,0,0,0,0,0,0,0,0,0,2,1,0,0,1,4,0,0,1,3,4,0,0,0,0,0,0,0,0,0,0,0,0,0,0,0,0,0,0,0,0,0,0,0,0,0,0,0,0,0,0,0
Greensburg Police Department,1976-04-01,Pennsylvania,14604,PA06502,,not updated,adjustment,adjustment,adjustment,adjustment,breakdown offenses,breakdown offenses,breakdown offenses,0,0,0,1,0,0,0,0,2,0,0,0,2,1,0,0,0,1,0,19,17,0,2,40,12,9,2,1,75,0,1,4,71,75,0,0,0,0,0,0,0,0,0,0,1,0,0,0,1,0,0,0,0,0,7,0,0,0,0,8,0,1,1,7,8,0,0,0,0,0,0,0,0,0,0,1,0,0,0,1,0,0,0,0,0,2,0,0,0,0,3,0,1,1,2,3,0,0,0,0,0,0,0,0,0,0,0,0,0,0,0,0,0,0,0,0,0,0,0,0,0,0,0,0,0,0,0
Greensburg Police Department,1976-03-01,Pennsylvania,14604,PA06502,,not updated,adjustment,adjustment,adjustment,adjustment,breakdown offenses,breakdown offenses,breakdown offenses,0,0,0,1,0,1,1,0,1,0,0,0,1,1,0,0,0,1,0,21,19,0,2,48,3,2,0,1,76,0,1,4,72,76,1,0,0,0,0,0,0,0,0,0,1,0,0,0,1,0,1,1,0,0,5,0,0,0,0,8,0,1,2,6,8,0,0,0,0,0,0,0,0,0,0,1,0,0,0,1,0,0,0,0,0,3,0,0,0,0,4,0,1,1,3,4,0,0,0,0,0,0,0,0,0,0,0,0,0,0,0,0,0,0,0,0,0,0,0,0,0,0,0,0,0,0,0
Greensburg Police Department,1976-02-01,Pennsylvania,14604,PA06502,,not updated,adjustment,adjustment,adjustment,adjustment,breakdown offenses,breakdown offenses,breakdown offenses,0,0,0,0,0,2,2,0,2,0,1,0,1,2,1,0,0,0,1,16,14,1,1,36,4,3,1,0,62,0,1,5,56,61,0,0,1,1,0,1,0,0,0,1,1,1,0,0,0,0,1,0,1,0,2,0,0,0,0,6,0,1,3,3,6,0,0,0,0,0,0,0,0,0,0,0,0,0,0,0,0,1,0,1,0,0,0,0,0,0,1,0,0,0,1,1,0,0,0,0,0,0,0,0,0,0,0,0,0,0,0,0,0,0,0,0,0,0,0,0,0,0,0,0,0,0,0
Greensburg Police Department,1976-01-01,Pennsylvania,14604,PA06502,,not updated,normal return,normal return,normal return,normal return,breakdown offenses,breakdown offenses,breakdown offenses,0,0,0,0,0,0,0,0,2,2,0,0,0,1,0,0,0,0,1,13,9,1,3,28,2,2,0,0,46,0,0,2,43,45,0,0,0,0,0,1,1,0,0,0,1,0,0,0,0,1,1,0,0,1,9,0,0,0,0,12,0,0,1,10,11,0,0,0,0,0,0,0,0,0,0,1,0,0,0,0,1,0,0,0,0,2,0,0,0,0,3,0,0,0,2,2,0,0,0,0,0,0,0,0,0,0,0,0,0,0,0,0,0,0,0,0,0,0,0,0,0,0,0,0,0,0,0
Greensburg Police Department,1975-12-01,Pennsylvania,14631,PA06502,,not updated,normal return,not updated,not updated,normal return,totals only,,,0,0,0,0,0,0,0,0,2,0,0,0,0,1,0,0,0,1,0,19,0,0,0,45,1,0,0,0,68,0,1,3,65,68,0,0,0,0,0,0,0,0,0,0,0,0,0,0,0,0,0,0,0,0,0,0,0,0,0,0,0,0,0,0,0,0,0,0,0,0,0,0,0,0,0,0,0,0,0,0,0,0,0,0,0,0,0,0,0,0,0,0,0,0,0,0,0,0,0,0,0,0,0,0,0,0,0,0,0,0,0,0,0,0,0,0,0,0,0,0,0,0,0,0,0,0,0
Greensburg Police Department,1975-11-01,Pennsylvania,14631,PA06502,,not updated,normal return,normal return,normal return,normal return,breakdown offenses,breakdown offenses,breakdown offenses,0,0,0,0,0,0,0,0,2,1,0,0,1,0,0,0,0,0,0,10,8,1,1,35,8,5,1,2,55,0,0,2,53,55,0,0,0,0,0,0,0,0,0,0,0,0,0,0,0,0,4,3,1,0,3,3,2,1,0,10,0,0,0,10,10,0,0,0,0,0,0,0,0,0,0,0,0,0,0,0,0,3,2,1,0,0,0,0,0,0,3,0,0,0,3,3,0,0,0,0,0,0,0,0,0,0,0,0,0,0,0,0,0,0,0,0,0,0,0,0,0,0,0,0,0,0,0
Greensburg Police Department,1975-10-01,Pennsylvania,14631,PA06502,,not updated,normal return,normal return,normal return,normal return,breakdown offenses,breakdown offenses,breakdown offenses,0,0,0,0,0,0,0,0,2,0,0,0,2,2,0,1,0,0,1,9,9,0,0,48,3,0,3,0,64,0,1,3,60,63,0,0,0,0,0,0,0,0,0,0,1,0,1,0,0,0,2,2,0,0,3,2,1,1,0,8,0,1,1,7,8,0,0,0,0,0,0,0,0,0,0,0,0,0,0,0,0,1,1,0,0,0,1,1,0,0,2,0,0,0,2,2,0,0,0,0,0,0,0,0,0,0,0,0,0,0,0,0,0,0,0,0,0,0,0,0,0,0,0,0,0,0,0
Greensburg Police Department,1975-09-01,Pennsylvania,14631,PA06502,,not updated,normal return,normal return,normal return,normal return,breakdown offenses,breakdown offenses,breakdown offenses,0,0,0,0,0,1,1,0,2,1,0,0,1,1,0,1,0,0,0,12,12,0,0,15,2,2,0,0,33,0,1,4,29,33,0,0,1,1,0,0,0,0,0,0,0,0,0,0,0,0,3,3,0,0,3,0,0,0,0,7,0,0,1,6,7,0,0,0,0,0,0,0,0,0,0,0,0,0,0,0,0,0,0,0,0,0,0,0,0,0,0,0,0,0,0,0,0,0,0,0,0,0,0,0,0,0,0,0,0,0,0,0,0,0,0,0,0,0,0,0,0,0,0,0,0,0,0
Greensburg Police Department,1975-08-01,Pennsylvania,14631,PA06502,,not updated,normal return,normal return,normal return,normal return,breakdown offenses,breakdown offenses,breakdown offenses,0,0,0,0,0,0,0,0,2,0,0,0,2,1,0,0,0,1,0,10,10,0,0,24,4,4,0,0,41,0,1,3,38,41,0,0,0,0,0,0,0,0,0,0,1,0,0,0,1,0,0,0,0,0,1,0,0,0,0,2,0,1,1,1,2,0,0,0,0,0,0,0,0,0,0,0,0,0,0,0,0,0,0,0,0,0,0,0,0,0,0,0,0,0,0,0,0,0,0,0,0,0,0,0,0,0,0,0,0,0,0,0,0,0,0,0,0,0,0,0,0,0,0,0,0,0,0
Greensburg Police Department,1975-07-01,Pennsylvania,14631,PA06502,,not updated,normal return,normal return,normal return,normal return,breakdown offenses,breakdown offenses,breakdown offenses,0,0,0,0,0,0,0,0,0,0,0,0,0,0,0,0,0,0,0,13,13,0,0,27,7,5,2,0,47,0,0,0,47,47,0,0,0,0,0,0,0,0,0,0,0,0,0,0,0,0,2,2,0,0,2,0,0,0,0,4,0,0,0,4,4,0,0,0,0,0,0,0,0,0,0,0,0,0,0,0,0,2,2,0,0,2,0,0,0,0,4,0,0,0,4,4,0,0,0,0,0,0,0,0,0,0,0,0,0,0,0,0,0,0,0,0,0,0,0,0,0,0,0,0,0,0,0
Greensburg Police Department,1975-06-01,Pennsylvania,14631,PA06502,,not updated,normal return,normal return,normal return,normal return,breakdown offenses,breakdown offenses,breakdown offenses,0,0,0,0,0,0,0,0,0,0,0,0,0,1,0,0,0,1,0,9,9,0,0,33,2,2,0,0,45,0,1,1,44,45,0,0,0,0,0,0,0,0,0,0,0,0,0,0,0,0,2,2,0,0,3,0,0,0,0,5,0,0,0,5,5,0,0,0,0,0,0,0,0,0,0,0,0,0,0,0,0,2,2,0,0,1,0,0,0,0,3,0,0,0,3,3,0,0,0,0,0,0,0,0,0,0,0,0,0,0,0,0,0,0,0,0,0,0,0,0,0,0,0,0,0,0,0
Greensburg Police Department,1975-05-01,Pennsylvania,14631,PA06502,,not updated,normal return,normal return,normal return,normal return,breakdown offenses,breakdown offenses,breakdown offenses,0,0,0,0,0,0,0,0,0,0,0,0,0,2,1,0,0,0,1,9,9,0,0,26,2,0,0,2,39,0,1,1,37,38,0,0,0,0,0,0,0,0,0,0,2,1,0,0,0,1,1,1,0,0,4,0,0,0,0,7,0,1,1,5,6,0,0,0,0,0,0,0,0,0,0,0,0,0,0,0,0,1,1,0,0,1,0,0,0,0,2,0,0,0,2,2,0,0,0,0,0,0,0,0,0,0,0,0,0,0,0,0,0,0,0,0,0,0,0,0,0,0,0,0,0,0,0
Greensburg Police Department,1975-04-01,Pennsylvania,14631,PA06502,,not updated,normal return,normal return,normal return,normal return,breakdown offenses,breakdown offenses,breakdown offenses,0,0,0,0,0,0,0,0,3,3,0,0,0,0,0,0,0,0,0,8,6,2,0,15,3,2,0,1,29,0,0,3,26,29,0,0,0,0,0,2,2,0,0,0,0,0,0,0,0,0,1,1,0,0,2,1,1,0,0,6,0,0,2,4,6,0,0,0,0,0,0,0,0,0,0,0,0,0,0,0,0,0,0,0,0,2,0,0,0,0,2,0,0,0,2,2,0,0,0,0,0,0,0,0,0,0,0,0,0,0,0,0,0,0,0,0,0,0,0,0,0,0,0,0,0,0,0
Greensburg Police Department,1975-03-01,Pennsylvania,14631,PA06502,,not updated,normal return,normal return,normal return,normal return,breakdown offenses,breakdown offenses,breakdown offenses,0,0,0,0,0,0,0,0,0,0,0,0,0,0,0,0,0,0,0,10,10,0,0,14,2,2,0,0,26,0,0,0,26,26,0,0,0,0,0,0,0,0,0,0,0,0,0,0,0,0,0,0,0,0,1,1,1,0,0,2,0,0,0,2,2,0,0,0,0,0,0,0,0,0,0,0,0,0,0,0,0,0,0,0,0,1,1,1,0,0,2,0,0,0,2,2,0,0,0,0,0,0,0,0,0,0,0,0,0,0,0,0,0,0,0,0,0,0,0,0,0,0,0,0,0,0,0
Greensburg Police Department,1975-02-01,Pennsylvania,14631,PA06502,,not updated,normal return,normal return,normal return,normal return,breakdown offenses,breakdown offenses,breakdown offenses,0,0,0,0,0,0,0,0,0,0,0,0,0,3,0,0,1,0,2,14,13,1,0,11,3,3,0,0,31,0,1,1,28,29,0,0,0,0,0,0,0,0,0,0,2,0,0,0,0,2,4,3,1,0,2,0,0,0,0,8,0,0,0,6,6,0,0,0,0,0,0,0,0,0,0,0,0,0,0,0,0,4,3,1,0,1,0,0,0,0,5,0,0,0,5,5,0,0,0,0,0,0,0,0,0,0,0,0,0,0,0,0,0,0,0,0,0,0,0,0,0,0,0,0,0,0,0
Greensburg Police Department,1975-01-01,Pennsylvania,14631,PA06502,,not updated,normal return,normal return,normal return,normal return,breakdown offenses,breakdown offenses,breakdown offenses,0,0,0,0,0,0,0,0,2,1,0,0,1,1,0,0,0,0,1,28,25,2,1,25,4,4,0,0,60,0,0,2,57,59,0,0,0,0,0,1,1,0,0,0,1,0,0,0,0,1,6,6,0,0,6,2,2,0,0,16,0,0,1,14,15,0,0,0,0,0,0,0,0,0,0,0,0,0,0,0,0,1,1,0,0,5,1,1,0,0,7,0,0,0,7,7,0,0,0,0,0,0,0,0,0,0,0,0,0,0,0,0,0,0,0,0,0,0,0,0,0,0,0,0,0,0,0
Greensburg Police Department,1974-12-01,Pennsylvania,15299,PA06502,,not updated,normal return,normal return,normal return,normal return,breakdown offenses,breakdown offenses,breakdown offenses,0,0,0,0,0,1,1,0,4,2,0,0,2,0,0,0,0,0,0,17,17,0,0,20,6,4,2,0,48,0,0,5,43,48,0,0,0,0,0,2,0,0,0,2,0,0,0,0,0,0,1,1,0,0,5,0,0,0,0,8,0,0,2,6,8,0,0,0,0,0,2,0,0,0,2,0,0,0,0,0,0,0,0,0,0,0,0,0,0,0,2,0,0,2,0,2,0,0,0,0,0,0,0,0,0,0,0,0,0,0,0,0,0,0,0,0,0,0,0,0,0,0,0,0,0,0,0
Greensburg Police Department,1974-11-01,Pennsylvania,15299,PA06502,,not updated,normal return,normal return,normal return,normal return,breakdown offenses,breakdown offenses,breakdown offenses,0,0,0,0,0,0,0,0,0,0,0,0,0,5,0,0,2,1,2,13,13,0,0,16,8,5,2,1,42,0,3,3,37,40,0,0,0,0,0,0,0,0,0,0,1,0,0,0,0,1,0,0,0,0,4,0,0,0,0,5,0,0,0,4,4,0,0,0,0,0,0,0,0,0,0,0,0,0,0,0,0,0,0,0,0,1,0,0,0,0,1,0,0,0,1,1,0,0,0,0,0,0,0,0,0,0,0,0,0,0,0,0,0,0,0,0,0,0,0,0,0,0,0,0,0,0,0
Greensburg Police Department,1974-10-01,Pennsylvania,15299,PA06502,,not updated,normal return,normal return,normal return,normal return,breakdown offenses,breakdown offenses,breakdown offenses,0,0,0,0,0,0,0,0,1,0,0,0,1,0,0,0,0,0,0,12,11,1,0,11,3,2,0,1,27,0,0,1,26,27,0,0,0,0,0,0,0,0,0,0,0,0,0,0,0,0,0,0,0,0,4,0,0,0,0,4,0,0,0,4,4,0,0,0,0,0,0,0,0,0,0,0,0,0,0,0,0,0,0,0,0,1,0,0,0,0,1,0,0,0,1,1,0,0,0,0,0,0,0,0,0,0,0,0,0,0,0,0,0,0,0,0,0,0,0,0,0,0,0,0,0,0,0
Greensburg Police Department,1974-09-01,Pennsylvania,15299,PA06502,,not updated,normal return,normal return,normal return,normal return,breakdown offenses,breakdown offenses,breakdown offenses,0,0,1,0,0,0,0,0,0,0,0,0,0,1,0,0,0,1,0,8,8,0,0,20,3,2,1,0,32,0,1,1,31,32,0,0,0,0,0,0,0,0,0,0,1,0,0,0,1,0,0,0,0,0,0,2,2,0,0,3,0,1,1,2,3,0,0,0,0,0,0,0,0,0,0,0,0,0,0,0,0,0,0,0,0,0,0,0,0,0,0,0,0,0,0,0,0,0,0,0,0,0,0,0,0,0,0,0,0,0,0,0,0,0,0,0,0,0,0,0,0,0,0,0,0,0,0
Greensburg Police Department,1974-08-01,Pennsylvania,15299,PA06502,,not updated,normal return,normal return,normal return,normal return,breakdown offenses,breakdown offenses,breakdown offenses,0,0,1,0,0,0,0,0,0,0,0,0,0,3,0,0,0,3,0,16,12,2,2,18,1,1,0,0,38,0,3,3,35,38,0,0,0,0,0,0,0,0,0,0,1,0,0,0,1,0,1,1,0,0,2,0,0,0,0,4,0,1,1,3,4,0,0,0,0,0,0,0,0,0,0,0,0,0,0,0,0,1,1,0,0,0,0,0,0,0,1,0,0,0,1,1,0,0,0,0,0,0,0,0,0,0,0,0,0,0,0,0,0,0,0,0,0,0,0,0,0,0,0,0,0,0,0
Greensburg Police Department,1974-07-01,Pennsylvania,15299,PA06502,,not updated,normal return,normal return,normal return,normal return,breakdown offenses,breakdown offenses,breakdown offenses,0,0,3,0,0,0,0,0,0,0,0,0,0,3,0,0,0,3,0,12,11,0,1,17,6,4,1,1,38,0,3,3,35,38,0,0,0,0,0,0,0,0,0,0,3,0,0,0,3,0,2,1,0,1,1,0,0,0,0,6,0,3,3,3,6,0,0,0,0,0,0,0,0,0,0,0,0,0,0,0,0,0,0,0,0,0,0,0,0,0,0,0,0,0,0,0,0,0,0,0,0,0,0,0,0,0,0,0,0,0,0,0,0,0,0,0,0,0,0,0,0,0,0,0,0,0,0
Greensburg Police Department,1974-06-01,Pennsylvania,15299,PA06502,,not updated,normal return,normal return,normal return,normal return,breakdown offenses,breakdown offenses,breakdown offenses,0,0,1,0,0,0,0,0,0,0,0,0,0,1,0,0,0,1,0,5,5,0,0,12,4,4,0,0,22,0,1,1,21,22,0,0,0,0,0,0,0,0,0,0,1,0,0,0,1,0,1,1,0,0,0,2,2,0,0,4,0,1,1,3,4,0,0,0,0,0,0,0,0,0,0,0,0,0,0,0,0,1,1,0,0,0,1,1,0,0,2,0,0,0,2,2,0,0,0,0,0,0,0,0,0,0,0,0,0,0,0,0,0,0,0,0,0,0,0,0,0,0,0,0,0,0,0
Greensburg Police Department,1974-05-01,Pennsylvania,15299,PA06502,,not updated,normal return,normal return,normal return,normal return,breakdown offenses,breakdown offenses,breakdown offenses,0,0,0,0,0,0,0,0,0,0,0,0,0,2,0,0,0,0,2,7,7,0,0,12,3,3,0,0,24,0,0,0,22,22,0,0,0,0,0,0,0,0,0,0,2,0,0,0,0,2,1,1,0,0,2,1,1,0,0,6,0,0,0,4,4,0,0,0,0,0,0,0,0,0,0,0,0,0,0,0,0,1,1,0,0,1,0,0,0,0,2,0,0,0,2,2,0,0,0,0,0,0,0,0,0,0,0,0,0,0,0,0,0,0,0,0,0,0,0,0,0,0,0,0,0,0,0
Greensburg Police Department,1974-04-01,Pennsylvania,15299,PA06502,,not updated,normal return,normal return,normal return,normal return,breakdown offenses,breakdown offenses,breakdown offenses,0,0,0,0,0,0,0,0,0,0,0,0,0,7,0,0,0,3,4,4,4,0,0,6,5,3,0,2,22,0,3,3,15,18,0,0,0,0,0,0,0,0,0,0,7,0,0,0,3,4,0,0,0,0,2,1,1,0,0,10,0,3,3,3,6,0,0,0,0,0,0,0,0,0,0,4,0,0,0,0,4,0,0,0,0,1,1,1,0,0,6,0,0,0,2,2,0,0,0,0,0,0,0,0,0,0,0,0,0,0,0,0,0,0,0,0,0,0,0,0,0,0,0,0,0,0,0
Greensburg Police Department,1974-03-01,Pennsylvania,15299,PA06502,,not updated,normal return,normal return,normal return,normal return,breakdown offenses,breakdown offenses,breakdown offenses,0,0,0,0,0,0,0,0,2,0,0,0,2,0,0,0,0,0,0,8,7,1,0,22,2,2,0,0,34,0,0,2,32,34,0,0,0,0,0,1,0,0,0,1,0,0,0,0,0,0,0,0,0,0,6,0,0,0,0,7,0,0,1,6,7,0,0,0,0,0,1,0,0,0,1,0,0,0,0,0,0,0,0,0,0,3,0,0,0,0,4,0,0,1,3,4,0,0,0,0,0,0,0,0,0,0,0,0,0,0,0,0,0,0,0,0,0,0,0,0,0,0,0,0,0,0,0
Greensburg Police Department,1974-02-01,Pennsylvania,15299,PA06502,,not updated,normal return,normal return,normal return,normal return,breakdown offenses,breakdown offenses,breakdown offenses,0,0,0,0,0,0,0,0,1,0,0,0,1,2,1,0,0,0,1,10,9,0,1,16,5,2,2,1,34,0,1,2,31,33,0,0,0,0,0,1,0,0,0,1,2,1,0,0,0,1,1,1,0,0,7,1,1,0,0,12,0,1,2,9,11,0,0,0,0,0,0,0,0,0,0,1,0,0,0,0,1,0,0,0,0,5,0,0,0,0,6,0,0,0,5,5,0,0,0,0,0,0,0,0,0,0,0,0,0,0,0,0,0,0,0,0,0,0,0,0,0,0,0,0,0,0,0
Greensburg Police Department,1974-01-01,Pennsylvania,15299,PA06502,,not updated,normal return,normal return,normal return,normal return,breakdown offenses,breakdown offenses,breakdown offenses,0,0,0,0,0,0,0,0,0,0,0,0,0,1,0,0,0,1,0,13,11,2,0,19,3,2,1,0,36,0,1,1,35,36,0,0,0,0,0,0,0,0,0,0,1,0,0,0,1,0,15,15,0,0,1,0,0,0,0,17,0,1,1,16,17,0,0,0,0,0,0,0,0,0,0,0,0,0,0,0,0,5,5,0,0,1,0,0,0,0,6,0,0,0,6,6,0,0,0,0,0,0,0,0,0,0,0,0,0,0,0,0,0,0,0,0,0,0,0,0,0,0,0,0,0,0,0
Greensburg Police Department,1973-12-01,Pennsylvania,15442,PA06502,,not updated,normal return,normal return,normal return,not updated,breakdown offenses,breakdown offenses,breakdown offenses,0,0,0,0,0,0,0,0,1,1,0,0,0,3,0,0,0,3,0,16,16,0,0,11,2,2,0,0,33,6,3,4,29,33,0,0,0,0,0,0,0,0,0,0,3,0,0,0,3,0,2,2,0,0,3,2,2,0,0,10,2,3,3,7,10,0,0,0,0,0,0,0,0,0,0,0,0,0,0,0,0,1,1,0,0,2,2,2,0,0,5,2,0,0,5,5,0,0,0,0,0,0,0,0,0,0,0,0,0,0,0,0,0,0,0,0,0,0,0,0,0,0,0,0,0,0,0
Greensburg Police Department,1973-11-01,Pennsylvania,15442,PA06502,,not updated,normal return,normal return,normal return,not updated,breakdown offenses,breakdown offenses,breakdown offenses,0,0,0,0,0,0,0,0,1,1,0,0,0,3,0,0,0,0,3,16,11,3,2,13,5,5,0,0,35,6,0,1,34,35,0,0,0,0,0,0,0,0,0,0,3,0,0,0,0,3,0,0,0,0,3,0,0,0,0,3,2,0,0,3,3,0,0,0,0,0,0,0,0,0,0,0,0,0,0,0,0,0,0,0,0,2,0,0,0,0,2,2,0,0,2,2,0,0,0,0,0,0,0,0,0,0,0,0,0,0,0,0,0,0,0,0,0,0,0,0,0,0,0,0,0,0,0
Greensburg Police Department,1973-10-01,Pennsylvania,15442,PA06502,,not updated,normal return,normal return,normal return,not updated,breakdown offenses,breakdown offenses,breakdown offenses,0,0,0,0,0,0,0,0,0,0,0,0,0,2,1,0,0,0,1,14,11,3,0,16,3,3,0,0,34,3,1,1,33,34,0,0,0,0,0,0,0,0,0,0,2,1,0,0,0,1,1,1,0,0,1,0,0,0,0,3,1,1,1,2,3,0,0,0,0,0,0,0,0,0,0,1,0,0,0,0,1,1,1,0,0,1,0,0,0,0,2,1,0,0,2,2,0,0,0,0,0,0,0,0,0,0,0,0,0,0,0,0,0,0,0,0,0,0,0,0,0,0,0,0,0,0,0
Greensburg Police Department,1973-09-01,Pennsylvania,15442,PA06502,,not updated,normal return,normal return,normal return,not updated,breakdown offenses,breakdown offenses,breakdown offenses,0,0,0,0,0,1,0,1,2,1,0,0,1,3,0,0,0,0,3,14,8,0,6,26,1,1,0,0,44,10,0,3,41,44,0,0,1,0,1,0,0,0,0,0,3,0,0,0,0,3,6,1,0,5,5,0,0,0,0,12,4,0,1,11,12,0,0,0,0,0,0,0,0,0,0,0,0,0,0,0,0,0,0,0,0,0,0,0,0,0,0,0,0,0,0,0,0,0,0,0,0,0,0,0,0,0,0,0,0,0,0,0,0,0,0,0,0,0,0,0,0,0,0,0,0,0,0
Greensburg Police Department,1973-08-01,Pennsylvania,15442,PA06502,,not updated,normal return,normal return,normal return,not updated,breakdown offenses,breakdown offenses,breakdown offenses,0,0,0,0,0,0,0,0,1,1,0,0,0,2,0,0,0,0,2,7,5,1,1,11,6,6,0,0,25,4,0,1,24,25,0,0,0,0,0,1,1,0,0,0,2,0,0,0,0,2,1,1,0,0,4,1,1,0,0,7,3,0,1,6,7,0,0,0,0,0,0,0,0,0,0,1,0,0,0,0,1,1,1,0,0,3,0,0,0,0,4,2,0,0,4,4,0,0,0,0,0,0,0,0,0,0,0,0,0,0,0,0,0,0,0,0,0,0,0,0,0,0,0,0,0,0,0
Greensburg Police Department,1973-07-01,Pennsylvania,15442,PA06502,,not updated,normal return,normal return,normal return,not updated,breakdown offenses,breakdown offenses,breakdown offenses,0,0,0,0,0,0,0,0,0,0,0,0,0,3,0,0,0,0,3,21,20,0,1,20,3,3,0,0,44,6,0,0,44,44,0,0,0,0,0,0,0,0,0,0,2,0,0,0,0,2,2,2,0,0,0,1,1,0,0,3,0,0,0,3,3,0,0,0,0,0,0,0,0,0,0,0,0,0,0,0,0,0,0,0,0,0,0,0,0,0,0,0,0,0,0,0,0,0,0,0,0,0,0,0,0,0,0,0,0,0,0,0,0,0,0,0,0,0,0,0,0,0,0,0,0,0,0
Greensburg Police Department,1973-06-01,Pennsylvania,15442,PA06502,,not updated,normal return,normal return,normal return,not updated,breakdown offenses,breakdown offenses,breakdown offenses,0,0,0,0,0,0,0,0,0,0,0,0,0,3,1,0,1,1,0,27,20,5,2,26,1,1,0,0,57,13,3,3,54,57,0,0,0,0,0,0,0,0,0,0,3,1,0,1,1,0,2,1,1,0,4,0,0,0,0,9,4,3,3,6,9,0,0,0,0,0,0,0,0,0,0,0,0,0,0,0,0,0,0,0,0,3,0,0,0,0,3,3,0,0,3,3,0,0,0,0,0,0,0,0,0,0,0,0,0,0,0,0,0,0,0,0,0,0,0,0,0,0,0,0,0,0,0
Greensburg Police Department,1973-05-01,Pennsylvania,15442,PA06502,,not updated,normal return,normal return,normal return,not updated,breakdown offenses,breakdown offenses,breakdown offenses,0,0,0,0,0,0,0,0,0,0,0,0,0,0,0,0,0,0,0,7,6,0,1,19,0,0,0,0,26,9,0,0,26,26,0,0,0,0,0,0,0,0,0,0,0,0,0,0,0,0,1,1,0,0,4,0,0,0,0,5,3,0,0,5,5,0,0,0,0,0,0,0,0,0,0,0,0,0,0,0,0,1,1,0,0,1,0,0,0,0,2,0,0,0,2,2,0,0,0,0,0,0,0,0,0,0,0,0,0,0,0,0,0,0,0,0,0,0,0,0,0,0,0,0,0,0,0
Greensburg Police Department,1973-04-01,Pennsylvania,15442,PA06502,,not updated,normal return,normal return,normal return,not updated,breakdown offenses,breakdown offenses,breakdown offenses,0,0,0,0,0,0,0,0,0,0,0,0,0,3,0,0,0,0,3,6,6,0,0,13,7,7,0,0,26,5,0,0,26,26,0,0,0,0,0,0,0,0,0,0,3,0,0,0,0,3,1,1,0,0,2,2,2,0,0,5,2,0,0,5,5,0,0,0,0,0,0,0,0,0,0,0,0,0,0,0,0,0,0,0,0,1,1,1,0,0,2,1,0,0,2,2,0,0,0,0,0,0,0,0,0,0,0,0,0,0,0,0,0,0,0,0,0,0,0,0,0,0,0,0,0,0,0
Greensburg Police Department,1973-03-01,Pennsylvania,15442,PA06502,,not updated,normal return,normal return,normal return,not updated,breakdown offenses,breakdown offenses,breakdown offenses,0,0,0,0,0,0,0,0,0,0,0,0,0,1,1,0,0,0,0,3,3,0,0,12,1,1,0,0,17,4,1,1,16,17,0,0,0,0,0,0,0,0,0,0,1,1,0,0,0,0,1,1,0,0,4,0,0,0,0,6,3,1,1,5,6,0,0,0,0,0,0,0,0,0,0,0,0,0,0,0,0,1,1,0,0,2,0,0,0,0,3,2,0,0,3,3,0,0,0,0,0,0,0,0,0,0,0,0,0,0,0,0,0,0,0,0,0,0,0,0,0,0,0,0,0,0,0
Greensburg Police Department,1973-02-01,Pennsylvania,15442,PA06502,,not updated,adjustment,adjustment,adjustment,not updated,breakdown offenses,breakdown offenses,breakdown offenses,0,0,0,0,0,0,0,0,0,0,0,0,0,1,0,0,0,0,1,7,1,5,1,7,0,0,0,0,14,3,0,0,14,14,0,0,0,0,0,0,0,0,0,0,1,0,0,0,0,1,1,0,1,0,3,0,0,0,0,4,3,0,0,4,4,0,0,0,0,0,0,0,0,0,0,0,0,0,0,0,0,1,0,1,0,0,0,0,0,0,1,0,0,0,1,1,0,0,0,0,0,0,0,0,0,0,0,0,0,0,0,0,0,0,0,0,0,0,0,0,0,0,0,0,0,0,0
Greensburg Police Department,1973-01-01,Pennsylvania,15442,PA06502,,not updated,adjustment,adjustment,adjustment,not updated,breakdown offenses,breakdown offenses,breakdown offenses,0,0,0,0,0,0,0,0,2,0,0,0,2,8,1,0,1,0,6,19,14,4,1,14,0,0,0,0,37,9,2,4,33,37,0,0,0,0,0,0,0,0,0,0,3,1,0,0,0,2,7,6,1,0,3,0,0,0,0,11,1,1,1,10,11,0,0,0,0,0,0,0,0,0,0,0,0,0,0,0,0,0,0,0,0,0,0,0,0,0,0,0,0,0,0,0,0,0,0,0,0,0,0,0,0,0,0,0,0,0,0,0,0,0,0,0,0,0,0,0,0,0,0,0,0,0,0
Greensburg Police Department,1972-12-01,Pennsylvania,,PA06502,,,,,,,,,,,,,,,,,,,,,,,,,,,,,,,,,,,,,,,,,,,,,,,,,,,,,,,,,,,,,,,,,,,,,,,,,,,,,,,,,,,,,,,,,,,,,,,,,,,,,,,,,,,,,,,,,,,,,,,,,,,,,,,,,,,,,,,,
Greensburg Police Department,1972-11-01,Pennsylvania,,PA06502,,,,,,,,,,,,,,,,,,,,,,,,,,,,,,,,,,,,,,,,,,,,,,,,,,,,,,,,,,,,,,,,,,,,,,,,,,,,,,,,,,,,,,,,,,,,,,,,,,,,,,,,,,,,,,,,,,,,,,,,,,,,,,,,,,,,,,,,
Greensburg Police Department,1972-10-01,Pennsylvania,,PA06502,,,,,,,,,,,,,,,,,,,,,,,,,,,,,,,,,,,,,,,,,,,,,,,,,,,,,,,,,,,,,,,,,,,,,,,,,,,,,,,,,,,,,,,,,,,,,,,,,,,,,,,,,,,,,,,,,,,,,,,,,,,,,,,,,,,,,,,,
Greensburg Police Department,1972-09-01,Pennsylvania,,PA06502,,,,,,,,,,,,,,,,,,,,,,,,,,,,,,,,,,,,,,,,,,,,,,,,,,,,,,,,,,,,,,,,,,,,,,,,,,,,,,,,,,,,,,,,,,,,,,,,,,,,,,,,,,,,,,,,,,,,,,,,,,,,,,,,,,,,,,,,
Greensburg Police Department,1972-08-01,Pennsylvania,,PA06502,,,,,,,,,,,,,,,,,,,,,,,,,,,,,,,,,,,,,,,,,,,,,,,,,,,,,,,,,,,,,,,,,,,,,,,,,,,,,,,,,,,,,,,,,,,,,,,,,,,,,,,,,,,,,,,,,,,,,,,,,,,,,,,,,,,,,,,,
Greensburg Police Department,1972-07-01,Pennsylvania,,PA06502,,,,,,,,,,,,,,,,,,,,,,,,,,,,,,,,,,,,,,,,,,,,,,,,,,,,,,,,,,,,,,,,,,,,,,,,,,,,,,,,,,,,,,,,,,,,,,,,,,,,,,,,,,,,,,,,,,,,,,,,,,,,,,,,,,,,,,,,
Greensburg Police Department,1972-06-01,Pennsylvania,,PA06502,,,,,,,,,,,,,,,,,,,,,,,,,,,,,,,,,,,,,,,,,,,,,,,,,,,,,,,,,,,,,,,,,,,,,,,,,,,,,,,,,,,,,,,,,,,,,,,,,,,,,,,,,,,,,,,,,,,,,,,,,,,,,,,,,,,,,,,,
Greensburg Police Department,1972-05-01,Pennsylvania,,PA06502,,,,,,,,,,,,,,,,,,,,,,,,,,,,,,,,,,,,,,,,,,,,,,,,,,,,,,,,,,,,,,,,,,,,,,,,,,,,,,,,,,,,,,,,,,,,,,,,,,,,,,,,,,,,,,,,,,,,,,,,,,,,,,,,,,,,,,,,
Greensburg Police Department,1972-04-01,Pennsylvania,,PA06502,,,,,,,,,,,,,,,,,,,,,,,,,,,,,,,,,,,,,,,,,,,,,,,,,,,,,,,,,,,,,,,,,,,,,,,,,,,,,,,,,,,,,,,,,,,,,,,,,,,,,,,,,,,,,,,,,,,,,,,,,,,,,,,,,,,,,,,,
Greensburg Police Department,1972-03-01,Pennsylvania,,PA06502,,,,,,,,,,,,,,,,,,,,,,,,,,,,,,,,,,,,,,,,,,,,,,,,,,,,,,,,,,,,,,,,,,,,,,,,,,,,,,,,,,,,,,,,,,,,,,,,,,,,,,,,,,,,,,,,,,,,,,,,,,,,,,,,,,,,,,,,
Greensburg Police Department,1972-02-01,Pennsylvania,,PA06502,,,,,,,,,,,,,,,,,,,,,,,,,,,,,,,,,,,,,,,,,,,,,,,,,,,,,,,,,,,,,,,,,,,,,,,,,,,,,,,,,,,,,,,,,,,,,,,,,,,,,,,,,,,,,,,,,,,,,,,,,,,,,,,,,,,,,,,,
Greensburg Police Department,1972-01-01,Pennsylvania,,PA06502,,,,,,,,,,,,,,,,,,,,,,,,,,,,,,,,,,,,,,,,,,,,,,,,,,,,,,,,,,,,,,,,,,,,,,,,,,,,,,,,,,,,,,,,,,,,,,,,,,,,,,,,,,,,,,,,,,,,,,,,,,,,,,,,,,,,,,,,
Greensburg Police Department,1971-12-01,Pennsylvania,15852,PA06502,,not updated,normal return,normal return,normal return,not updated,breakdown offenses,breakdown offenses,breakdown offenses,0,0,0,0,0,0,0,0,0,0,0,0,0,3,0,0,1,2,0,8,8,0,0,16,2,2,0,0,29,8,3,3,26,29,0,0,0,0,0,0,0,0,0,0,3,0,0,1,2,0,1,1,0,0,7,1,1,0,0,12,7,3,3,9,12,0,0,0,0,0,0,0,0,0,0,0,0,0,0,0,0,0,0,0,0,7,0,0,0,0,7,7,0,0,7,7,0,0,0,0,0,0,0,0,0,0,0,0,0,0,0,0,0,0,0,0,0,0,0,0,0,0,0,0,0,0,0
Greensburg Police Department,1971-11-01,Pennsylvania,15852,PA06502,,not updated,normal return,normal return,normal return,not updated,breakdown offenses,breakdown offenses,breakdown offenses,0,0,0,0,0,0,0,0,0,0,0,0,0,0,0,0,0,0,0,3,3,0,0,8,2,2,0,0,13,4,0,0,13,13,0,0,0,0,0,0,0,0,0,0,0,0,0,0,0,0,1,1,0,0,1,0,0,0,0,2,1,0,0,2,2,0,0,0,0,0,0,0,0,0,0,0,0,0,0,0,0,0,0,0,0,1,0,0,0,0,1,1,0,0,1,1,0,0,0,0,0,0,0,0,0,0,0,0,0,0,0,0,0,0,0,0,0,0,0,0,0,0,0,0,0,0,0
Greensburg Police Department,1971-10-01,Pennsylvania,15852,PA06502,,not updated,normal return,normal return,normal return,not updated,breakdown offenses,breakdown offenses,breakdown offenses,0,0,0,0,0,0,0,0,0,0,0,0,0,2,0,1,1,0,0,4,4,0,0,13,2,2,0,0,21,7,2,2,19,21,0,0,0,0,0,0,0,0,0,0,2,0,1,1,0,0,2,2,0,0,0,4,4,0,0,8,0,2,2,6,8,0,0,0,0,0,0,0,0,0,0,0,0,0,0,0,0,0,0,0,0,0,3,3,0,0,3,0,0,0,3,3,0,0,0,0,0,0,0,0,0,0,0,0,0,0,0,0,0,0,0,0,0,0,0,0,0,0,0,0,0,0,0
Greensburg Police Department,1971-09-01,Pennsylvania,15852,PA06502,,not updated,normal return,normal return,normal return,not updated,breakdown offenses,breakdown offenses,breakdown offenses,0,0,0,0,0,0,0,0,1,1,0,0,0,0,0,0,0,0,0,6,4,2,0,19,2,2,0,0,28,6,0,1,27,28,0,0,0,0,0,0,0,0,0,0,0,0,0,0,0,0,2,1,1,0,2,0,0,0,0,4,0,0,0,4,4,0,0,0,0,0,0,0,0,0,0,0,0,0,0,0,0,0,0,0,0,0,0,0,0,0,0,0,0,0,0,0,0,0,0,0,0,0,0,0,0,0,0,0,0,0,0,0,0,0,0,0,0,0,0,0,0,0,0,0,0,0,0
Greensburg Police Department,1971-08-01,Pennsylvania,15852,PA06502,,not updated,normal return,normal return,normal return,not updated,breakdown offenses,breakdown offenses,breakdown offenses,0,0,0,0,0,0,0,0,0,0,0,0,0,3,0,1,1,1,0,4,3,1,0,19,1,1,0,0,27,6,3,3,24,27,0,0,0,0,0,0,0,0,0,0,3,0,1,1,1,0,3,0,3,0,2,1,1,0,0,9,1,3,3,6,9,0,0,0,0,0,0,0,0,0,0,0,0,0,0,0,0,3,0,3,0,0,0,0,0,0,3,0,0,0,3,3,0,0,0,0,0,0,0,0,0,0,0,0,0,0,0,0,0,0,0,0,0,0,0,0,0,0,0,0,0,0,0
Greensburg Police Department,1971-07-01,Pennsylvania,15852,PA06502,,not updated,normal return,normal return,normal return,not updated,breakdown offenses,breakdown offenses,breakdown offenses,0,0,0,0,0,0,0,0,4,1,0,0,3,0,0,0,0,0,0,1,0,1,0,0,0,0,0,0,5,0,0,4,1,5,0,0,0,0,0,3,1,0,0,2,0,0,0,0,0,0,1,0,1,0,0,0,0,0,0,4,0,0,3,1,4,0,0,0,0,0,1,0,0,0,1,0,0,0,0,0,0,0,0,0,0,0,0,0,0,0,1,0,0,1,0,1,0,0,0,0,0,0,0,0,0,0,0,0,0,0,0,0,0,0,0,0,0,0,0,0,0,0,0,0,0,0,0
Greensburg Police Department,1971-06-01,Pennsylvania,15852,PA06502,,not updated,normal return,normal return,normal return,not updated,breakdown offenses,breakdown offenses,breakdown offenses,0,0,0,0,0,0,0,0,1,1,0,0,0,1,0,0,0,1,0,3,3,0,0,16,1,1,0,0,22,6,1,2,20,22,0,0,0,0,0,0,0,0,0,0,1,0,0,0,1,0,0,0,0,0,1,0,0,0,0,2,1,1,1,1,2,0,0,0,0,0,0,0,0,0,0,0,0,0,0,0,0,0,0,0,0,1,0,0,0,0,1,1,0,0,1,1,0,0,0,0,0,0,0,0,0,0,0,0,0,0,0,0,0,0,0,0,0,0,0,0,0,0,0,0,0,0,0
Greensburg Police Department,1971-05-01,Pennsylvania,15852,PA06502,,not updated,normal return,normal return,normal return,not updated,breakdown offenses,breakdown offenses,breakdown offenses,0,0,0,0,0,0,0,0,0,0,0,0,0,1,0,0,0,1,0,7,5,2,0,14,2,2,0,0,24,5,1,1,23,24,0,0,0,0,0,0,0,0,0,0,1,0,0,0,1,0,4,2,2,0,0,0,0,0,0,5,0,1,1,4,5,0,0,0,0,0,0,0,0,0,0,0,0,0,0,0,0,3,1,2,0,0,0,0,0,0,3,0,0,0,3,3,0,0,0,0,0,0,0,0,0,0,0,0,0,0,0,0,0,0,0,0,0,0,0,0,0,0,0,0,0,0,0
Greensburg Police Department,1971-04-01,Pennsylvania,15852,PA06502,,not updated,normal return,normal return,normal return,not updated,breakdown offenses,breakdown offenses,breakdown offenses,0,0,0,0,0,0,0,0,0,0,0,0,0,1,0,0,0,1,0,7,5,2,0,0,0,0,0,0,8,0,1,1,7,8,0,0,0,0,0,0,0,0,0,0,1,0,0,0,1,0,17,13,4,0,0,0,0,0,0,18,0,1,1,17,18,0,0,0,0,0,0,0,0,0,0,0,0,0,0,0,0,16,13,3,0,0,0,0,0,0,16,0,0,0,16,16,0,0,0,0,0,0,0,0,0,0,0,0,0,0,0,0,0,0,0,0,0,0,0,0,0,0,0,0,0,0,0
Greensburg Police Department,1971-03-01,Pennsylvania,15852,PA06502,,not updated,normal return,normal return,normal return,not updated,breakdown offenses,breakdown offenses,breakdown offenses,0,0,0,0,0,0,0,0,0,0,0,0,0,2,0,0,1,1,0,10,10,0,0,10,1,1,0,0,23,4,2,2,21,23,0,0,0,0,0,0,0,0,0,0,2,0,0,1,1,0,7,7,0,0,1,0,0,0,0,10,0,2,2,8,10,0,0,0,0,0,0,0,0,0,0,0,0,0,0,0,0,0,0,0,0,0,0,0,0,0,0,0,0,0,0,0,0,0,0,0,0,0,0,0,0,0,0,0,0,0,0,0,0,0,0,0,0,0,0,0,0,0,0,0,0,0,0
Greensburg Police Department,1971-02-01,Pennsylvania,15852,PA06502,,not updated,normal return,normal return,normal return,not updated,breakdown offenses,breakdown offenses,breakdown offenses,0,0,0,0,0,2,0,2,0,0,0,0,0,6,0,0,0,2,4,9,7,2,0,8,3,3,0,0,24,3,2,4,20,24,0,0,1,0,1,0,0,0,0,0,5,0,0,0,2,3,2,1,1,0,0,0,0,0,0,5,0,2,3,2,5,0,0,1,0,1,0,0,0,0,0,1,0,0,0,0,1,0,0,0,0,0,0,0,0,0,1,0,0,1,0,1,0,0,0,0,0,0,0,0,0,0,0,0,0,0,0,0,0,0,0,0,0,0,0,0,0,0,0,0,0,0,0
Greensburg Police Department,1971-01-01,Pennsylvania,15852,PA06502,,not updated,normal return,normal return,normal return,not updated,breakdown offenses,breakdown offenses,breakdown offenses,0,0,0,0,0,0,0,0,1,1,0,0,0,3,0,0,0,0,3,17,14,3,0,8,2,2,0,0,28,1,0,1,27,28,0,0,0,0,0,0,0,0,0,0,3,0,0,0,0,3,13,13,0,0,4,0,0,0,0,17,3,0,0,17,17,0,0,0,0,0,0,0,0,0,0,0,0,0,0,0,0,7,7,0,0,4,0,0,0,0,11,3,0,0,11,11,0,0,0,0,0,0,0,0,0,0,0,0,0,0,0,0,0,0,0,0,0,0,0,0,0,0,0,0,0,0,0
Greensburg Police Department,1970-12-01,Pennsylvania,15870,PA06502,,not updated,normal return,normal return,normal return,not updated,breakdown offenses,breakdown offenses,breakdown offenses,0,0,0,0,0,0,0,0,0,0,0,0,0,0,0,0,0,0,0,13,11,2,0,17,2,2,0,0,32,7,0,0,32,32,0,0,0,0,0,0,0,0,0,0,0,0,0,0,0,0,4,4,0,0,4,0,0,0,0,8,0,0,0,8,8,0,0,0,0,0,0,0,0,0,0,0,0,0,0,0,0,2,2,0,0,2,0,0,0,0,4,0,0,0,4,4,0,0,0,0,0,0,0,0,0,0,0,0,0,0,0,0,0,0,0,0,0,0,0,0,0,0,0,0,0,0,0
Greensburg Police Department,1970-11-01,Pennsylvania,15870,PA06502,,not updated,normal return,normal return,normal return,not updated,breakdown offenses,breakdown offenses,breakdown offenses,0,0,0,0,0,0,0,0,0,0,0,0,0,0,0,0,0,0,0,5,5,0,0,9,3,3,0,0,17,3,0,0,17,17,0,0,0,0,0,0,0,0,0,0,0,0,0,0,0,0,0,0,0,0,0,0,0,0,0,0,0,0,0,0,0,0,0,0,0,0,0,0,0,0,0,0,0,0,0,0,0,0,0,0,0,0,0,0,0,0,0,0,0,0,0,0,0,0,0,0,0,0,0,0,0,0,0,0,0,0,0,0,0,0,0,0,0,0,0,0,0,0,0,0,0,0,0
Greensburg Police Department,1970-10-01,Pennsylvania,15870,PA06502,,not updated,normal return,normal return,normal return,not updated,breakdown offenses,breakdown offenses,breakdown offenses,0,0,0,0,0,0,0,0,0,0,0,0,0,0,0,0,0,0,0,11,9,2,0,13,2,2,0,0,26,4,0,0,26,26,0,0,0,0,0,0,0,0,0,0,0,0,0,0,0,0,0,0,0,0,0,0,0,0,0,0,0,0,0,0,0,0,0,0,0,0,0,0,0,0,0,0,0,0,0,0,0,0,0,0,0,0,0,0,0,0,0,0,0,0,0,0,0,0,0,0,0,0,0,0,0,0,0,0,0,0,0,0,0,0,0,0,0,0,0,0,0,0,0,0,0,0,0
Greensburg Police Department,1970-09-01,Pennsylvania,15870,PA06502,,not updated,not updated,not updated,not updated,not updated,,,,0,0,0,0,0,0,0,0,0,0,0,0,0,0,0,0,0,0,0,0,0,0,0,0,0,0,0,0,0,0,0,0,0,0,0,0,0,0,0,0,0,0,0,0,0,0,0,0,0,0,0,0,0,0,0,0,0,0,0,0,0,0,0,0,0,0,0,0,0,0,0,0,0,0,0,0,0,0,0,0,0,0,0,0,0,0,0,0,0,0,0,0,0,0,0,0,0,0,0,0,0,0,0,0,0,0,0,0,0,0,0,0,0,0,0,0,0,0,0,0,0,0,0,0,0,0,0
Greensburg Police Department,1970-08-01,Pennsylvania,15870,PA06502,,not updated,not updated,not updated,not updated,not updated,,,,0,0,0,0,0,0,0,0,0,0,0,0,0,0,0,0,0,0,0,0,0,0,0,0,0,0,0,0,0,0,0,0,0,0,0,0,0,0,0,0,0,0,0,0,0,0,0,0,0,0,0,0,0,0,0,0,0,0,0,0,0,0,0,0,0,0,0,0,0,0,0,0,0,0,0,0,0,0,0,0,0,0,0,0,0,0,0,0,0,0,0,0,0,0,0,0,0,0,0,0,0,0,0,0,0,0,0,0,0,0,0,0,0,0,0,0,0,0,0,0,0,0,0,0,0,0,0
Greensburg Police Department,1970-07-01,Pennsylvania,15870,PA06502,,not updated,not updated,not updated,not updated,not updated,,,,0,0,0,0,0,0,0,0,0,0,0,0,0,0,0,0,0,0,0,0,0,0,0,0,0,0,0,0,0,0,0,0,0,0,0,0,0,0,0,0,0,0,0,0,0,0,0,0,0,0,0,0,0,0,0,0,0,0,0,0,0,0,0,0,0,0,0,0,0,0,0,0,0,0,0,0,0,0,0,0,0,0,0,0,0,0,0,0,0,0,0,0,0,0,0,0,0,0,0,0,0,0,0,0,0,0,0,0,0,0,0,0,0,0,0,0,0,0,0,0,0,0,0,0,0,0,0
Greensburg Police Department,1970-06-01,Pennsylvania,15870,PA06502,,not updated,not updated,not updated,not updated,not updated,,,,0,0,0,0,0,0,0,0,0,0,0,0,0,0,0,0,0,0,0,0,0,0,0,0,0,0,0,0,0,0,0,0,0,0,0,0,0,0,0,0,0,0,0,0,0,0,0,0,0,0,0,0,0,0,0,0,0,0,0,0,0,0,0,0,0,0,0,0,0,0,0,0,0,0,0,0,0,0,0,0,0,0,0,0,0,0,0,0,0,0,0,0,0,0,0,0,0,0,0,0,0,0,0,0,0,0,0,0,0,0,0,0,0,0,0,0,0,0,0,0,0,0,0,0,0,0,0
Greensburg Police Department,1970-05-01,Pennsylvania,15870,PA06502,,not updated,not updated,not updated,not updated,not updated,,,,0,0,0,0,0,0,0,0,0,0,0,0,0,0,0,0,0,0,0,0,0,0,0,0,0,0,0,0,0,0,0,0,0,0,0,0,0,0,0,0,0,0,0,0,0,0,0,0,0,0,0,0,0,0,0,0,0,0,0,0,0,0,0,0,0,0,0,0,0,0,0,0,0,0,0,0,0,0,0,0,0,0,0,0,0,0,0,0,0,0,0,0,0,0,0,0,0,0,0,0,0,0,0,0,0,0,0,0,0,0,0,0,0,0,0,0,0,0,0,0,0,0,0,0,0,0,0
Greensburg Police Department,1970-04-01,Pennsylvania,15870,PA06502,,not updated,not updated,not updated,not updated,not updated,,,,0,0,0,0,0,0,0,0,0,0,0,0,0,0,0,0,0,0,0,0,0,0,0,0,0,0,0,0,0,0,0,0,0,0,0,0,0,0,0,0,0,0,0,0,0,0,0,0,0,0,0,0,0,0,0,0,0,0,0,0,0,0,0,0,0,0,0,0,0,0,0,0,0,0,0,0,0,0,0,0,0,0,0,0,0,0,0,0,0,0,0,0,0,0,0,0,0,0,0,0,0,0,0,0,0,0,0,0,0,0,0,0,0,0,0,0,0,0,0,0,0,0,0,0,0,0,0
Greensburg Police Department,1970-03-01,Pennsylvania,15870,PA06502,,not updated,not updated,not updated,not updated,not updated,,,,0,0,0,0,0,0,0,0,0,0,0,0,0,0,0,0,0,0,0,0,0,0,0,0,0,0,0,0,0,0,0,0,0,0,0,0,0,0,0,0,0,0,0,0,0,0,0,0,0,0,0,0,0,0,0,0,0,0,0,0,0,0,0,0,0,0,0,0,0,0,0,0,0,0,0,0,0,0,0,0,0,0,0,0,0,0,0,0,0,0,0,0,0,0,0,0,0,0,0,0,0,0,0,0,0,0,0,0,0,0,0,0,0,0,0,0,0,0,0,0,0,0,0,0,0,0,0
Greensburg Police Department,1970-02-01,Pennsylvania,15870,PA06502,,not updated,not updated,not updated,not updated,not updated,,,,0,0,0,0,0,0,0,0,0,0,0,0,0,0,0,0,0,0,0,0,0,0,0,0,0,0,0,0,0,0,0,0,0,0,0,0,0,0,0,0,0,0,0,0,0,0,0,0,0,0,0,0,0,0,0,0,0,0,0,0,0,0,0,0,0,0,0,0,0,0,0,0,0,0,0,0,0,0,0,0,0,0,0,0,0,0,0,0,0,0,0,0,0,0,0,0,0,0,0,0,0,0,0,0,0,0,0,0,0,0,0,0,0,0,0,0,0,0,0,0,0,0,0,0,0,0,0
Greensburg Police Department,1970-01-01,Pennsylvania,15870,PA06502,,not updated,not updated,not updated,not updated,not updated,,,,0,0,0,0,0,0,0,0,0,0,0,0,0,0,0,0,0,0,0,0,0,0,0,0,0,0,0,0,0,0,0,0,0,0,0,0,0,0,0,0,0,0,0,0,0,0,0,0,0,0,0,0,0,0,0,0,0,0,0,0,0,0,0,0,0,0,0,0,0,0,0,0,0,0,0,0,0,0,0,0,0,0,0,0,0,0,0,0,0,0,0,0,0,0,0,0,0,0,0,0,0,0,0,0,0,0,0,0,0,0,0,0,0,0,0,0,0,0,0,0,0,0,0,0,0,0,0
Greensburg Police Department,1969-12-01,Pennsylvania,,PA06502,,,,,,,,,,,,,,,,,,,,,,,,,,,,,,,,,,,,,,,,,,,,,,,,,,,,,,,,,,,,,,,,,,,,,,,,,,,,,,,,,,,,,,,,,,,,,,,,,,,,,,,,,,,,,,,,,,,,,,,,,,,,,,,,,,,,,,,,
Greensburg Police Department,1969-11-01,Pennsylvania,,PA06502,,,,,,,,,,,,,,,,,,,,,,,,,,,,,,,,,,,,,,,,,,,,,,,,,,,,,,,,,,,,,,,,,,,,,,,,,,,,,,,,,,,,,,,,,,,,,,,,,,,,,,,,,,,,,,,,,,,,,,,,,,,,,,,,,,,,,,,,
Greensburg Police Department,1969-10-01,Pennsylvania,,PA06502,,,,,,,,,,,,,,,,,,,,,,,,,,,,,,,,,,,,,,,,,,,,,,,,,,,,,,,,,,,,,,,,,,,,,,,,,,,,,,,,,,,,,,,,,,,,,,,,,,,,,,,,,,,,,,,,,,,,,,,,,,,,,,,,,,,,,,,,
Greensburg Police Department,1969-09-01,Pennsylvania,,PA06502,,,,,,,,,,,,,,,,,,,,,,,,,,,,,,,,,,,,,,,,,,,,,,,,,,,,,,,,,,,,,,,,,,,,,,,,,,,,,,,,,,,,,,,,,,,,,,,,,,,,,,,,,,,,,,,,,,,,,,,,,,,,,,,,,,,,,,,,
Greensburg Police Department,1969-08-01,Pennsylvania,,PA06502,,,,,,,,,,,,,,,,,,,,,,,,,,,,,,,,,,,,,,,,,,,,,,,,,,,,,,,,,,,,,,,,,,,,,,,,,,,,,,,,,,,,,,,,,,,,,,,,,,,,,,,,,,,,,,,,,,,,,,,,,,,,,,,,,,,,,,,,
Greensburg Police Department,1969-07-01,Pennsylvania,,PA06502,,,,,,,,,,,,,,,,,,,,,,,,,,,,,,,,,,,,,,,,,,,,,,,,,,,,,,,,,,,,,,,,,,,,,,,,,,,,,,,,,,,,,,,,,,,,,,,,,,,,,,,,,,,,,,,,,,,,,,,,,,,,,,,,,,,,,,,,
Greensburg Police Department,1969-06-01,Pennsylvania,,PA06502,,,,,,,,,,,,,,,,,,,,,,,,,,,,,,,,,,,,,,,,,,,,,,,,,,,,,,,,,,,,,,,,,,,,,,,,,,,,,,,,,,,,,,,,,,,,,,,,,,,,,,,,,,,,,,,,,,,,,,,,,,,,,,,,,,,,,,,,
Greensburg Police Department,1969-05-01,Pennsylvania,,PA06502,,,,,,,,,,,,,,,,,,,,,,,,,,,,,,,,,,,,,,,,,,,,,,,,,,,,,,,,,,,,,,,,,,,,,,,,,,,,,,,,,,,,,,,,,,,,,,,,,,,,,,,,,,,,,,,,,,,,,,,,,,,,,,,,,,,,,,,,
Greensburg Police Department,1969-04-01,Pennsylvania,,PA06502,,,,,,,,,,,,,,,,,,,,,,,,,,,,,,,,,,,,,,,,,,,,,,,,,,,,,,,,,,,,,,,,,,,,,,,,,,,,,,,,,,,,,,,,,,,,,,,,,,,,,,,,,,,,,,,,,,,,,,,,,,,,,,,,,,,,,,,,
Greensburg Police Department,1969-03-01,Pennsylvania,,PA06502,,,,,,,,,,,,,,,,,,,,,,,,,,,,,,,,,,,,,,,,,,,,,,,,,,,,,,,,,,,,,,,,,,,,,,,,,,,,,,,,,,,,,,,,,,,,,,,,,,,,,,,,,,,,,,,,,,,,,,,,,,,,,,,,,,,,,,,,
Greensburg Police Department,1969-02-01,Pennsylvania,,PA06502,,,,,,,,,,,,,,,,,,,,,,,,,,,,,,,,,,,,,,,,,,,,,,,,,,,,,,,,,,,,,,,,,,,,,,,,,,,,,,,,,,,,,,,,,,,,,,,,,,,,,,,,,,,,,,,,,,,,,,,,,,,,,,,,,,,,,,,,
Greensburg Police Department,1969-01-01,Pennsylvania,,PA06502,,,,,,,,,,,,,,,,,,,,,,,,,,,,,,,,,,,,,,,,,,,,,,,,,,,,,,,,,,,,,,,,,,,,,,,,,,,,,,,,,,,,,,,,,,,,,,,,,,,,,,,,,,,,,,,,,,,,,,,,,,,,,,,,,,,,,,,,
Greensburg Police Department,1968-12-01,Pennsylvania,,PA06502,,,,,,,,,,,,,,,,,,,,,,,,,,,,,,,,,,,,,,,,,,,,,,,,,,,,,,,,,,,,,,,,,,,,,,,,,,,,,,,,,,,,,,,,,,,,,,,,,,,,,,,,,,,,,,,,,,,,,,,,,,,,,,,,,,,,,,,,
Greensburg Police Department,1968-11-01,Pennsylvania,,PA06502,,,,,,,,,,,,,,,,,,,,,,,,,,,,,,,,,,,,,,,,,,,,,,,,,,,,,,,,,,,,,,,,,,,,,,,,,,,,,,,,,,,,,,,,,,,,,,,,,,,,,,,,,,,,,,,,,,,,,,,,,,,,,,,,,,,,,,,,
Greensburg Police Department,1968-10-01,Pennsylvania,,PA06502,,,,,,,,,,,,,,,,,,,,,,,,,,,,,,,,,,,,,,,,,,,,,,,,,,,,,,,,,,,,,,,,,,,,,,,,,,,,,,,,,,,,,,,,,,,,,,,,,,,,,,,,,,,,,,,,,,,,,,,,,,,,,,,,,,,,,,,,
Greensburg Police Department,1968-09-01,Pennsylvania,,PA06502,,,,,,,,,,,,,,,,,,,,,,,,,,,,,,,,,,,,,,,,,,,,,,,,,,,,,,,,,,,,,,,,,,,,,,,,,,,,,,,,,,,,,,,,,,,,,,,,,,,,,,,,,,,,,,,,,,,,,,,,,,,,,,,,,,,,,,,,
Greensburg Police Department,1968-08-01,Pennsylvania,,PA06502,,,,,,,,,,,,,,,,,,,,,,,,,,,,,,,,,,,,,,,,,,,,,,,,,,,,,,,,,,,,,,,,,,,,,,,,,,,,,,,,,,,,,,,,,,,,,,,,,,,,,,,,,,,,,,,,,,,,,,,,,,,,,,,,,,,,,,,,
Greensburg Police Department,1968-07-01,Pennsylvania,,PA06502,,,,,,,,,,,,,,,,,,,,,,,,,,,,,,,,,,,,,,,,,,,,,,,,,,,,,,,,,,,,,,,,,,,,,,,,,,,,,,,,,,,,,,,,,,,,,,,,,,,,,,,,,,,,,,,,,,,,,,,,,,,,,,,,,,,,,,,,
Greensburg Police Department,1968-06-01,Pennsylvania,,PA06502,,,,,,,,,,,,,,,,,,,,,,,,,,,,,,,,,,,,,,,,,,,,,,,,,,,,,,,,,,,,,,,,,,,,,,,,,,,,,,,,,,,,,,,,,,,,,,,,,,,,,,,,,,,,,,,,,,,,,,,,,,,,,,,,,,,,,,,,
Greensburg Police Department,1968-05-01,Pennsylvania,,PA06502,,,,,,,,,,,,,,,,,,,,,,,,,,,,,,,,,,,,,,,,,,,,,,,,,,,,,,,,,,,,,,,,,,,,,,,,,,,,,,,,,,,,,,,,,,,,,,,,,,,,,,,,,,,,,,,,,,,,,,,,,,,,,,,,,,,,,,,,
Greensburg Police Department,1968-04-01,Pennsylvania,,PA06502,,,,,,,,,,,,,,,,,,,,,,,,,,,,,,,,,,,,,,,,,,,,,,,,,,,,,,,,,,,,,,,,,,,,,,,,,,,,,,,,,,,,,,,,,,,,,,,,,,,,,,,,,,,,,,,,,,,,,,,,,,,,,,,,,,,,,,,,
Greensburg Police Department,1968-03-01,Pennsylvania,,PA06502,,,,,,,,,,,,,,,,,,,,,,,,,,,,,,,,,,,,,,,,,,,,,,,,,,,,,,,,,,,,,,,,,,,,,,,,,,,,,,,,,,,,,,,,,,,,,,,,,,,,,,,,,,,,,,,,,,,,,,,,,,,,,,,,,,,,,,,,
Greensburg Police Department,1968-02-01,Pennsylvania,,PA06502,,,,,,,,,,,,,,,,,,,,,,,,,,,,,,,,,,,,,,,,,,,,,,,,,,,,,,,,,,,,,,,,,,,,,,,,,,,,,,,,,,,,,,,,,,,,,,,,,,,,,,,,,,,,,,,,,,,,,,,,,,,,,,,,,,,,,,,,
Greensburg Police Department,1968-01-01,Pennsylvania,,PA06502,,,,,,,,,,,,,,,,,,,,,,,,,,,,,,,,,,,,,,,,,,,,,,,,,,,,,,,,,,,,,,,,,,,,,,,,,,,,,,,,,,,,,,,,,,,,,,,,,,,,,,,,,,,,,,,,,,,,,,,,,,,,,,,,,,,,,,,,
Greensburg Police Department,1967-12-01,Pennsylvania,,PA06502,,,,,,,,,,,,,,,,,,,,,,,,,,,,,,,,,,,,,,,,,,,,,,,,,,,,,,,,,,,,,,,,,,,,,,,,,,,,,,,,,,,,,,,,,,,,,,,,,,,,,,,,,,,,,,,,,,,,,,,,,,,,,,,,,,,,,,,,
Greensburg Police Department,1967-11-01,Pennsylvania,,PA06502,,,,,,,,,,,,,,,,,,,,,,,,,,,,,,,,,,,,,,,,,,,,,,,,,,,,,,,,,,,,,,,,,,,,,,,,,,,,,,,,,,,,,,,,,,,,,,,,,,,,,,,,,,,,,,,,,,,,,,,,,,,,,,,,,,,,,,,,
Greensburg Police Department,1967-10-01,Pennsylvania,,PA06502,,,,,,,,,,,,,,,,,,,,,,,,,,,,,,,,,,,,,,,,,,,,,,,,,,,,,,,,,,,,,,,,,,,,,,,,,,,,,,,,,,,,,,,,,,,,,,,,,,,,,,,,,,,,,,,,,,,,,,,,,,,,,,,,,,,,,,,,
Greensburg Police Department,1967-09-01,Pennsylvania,,PA06502,,,,,,,,,,,,,,,,,,,,,,,,,,,,,,,,,,,,,,,,,,,,,,,,,,,,,,,,,,,,,,,,,,,,,,,,,,,,,,,,,,,,,,,,,,,,,,,,,,,,,,,,,,,,,,,,,,,,,,,,,,,,,,,,,,,,,,,,
Greensburg Police Department,1967-08-01,Pennsylvania,,PA06502,,,,,,,,,,,,,,,,,,,,,,,,,,,,,,,,,,,,,,,,,,,,,,,,,,,,,,,,,,,,,,,,,,,,,,,,,,,,,,,,,,,,,,,,,,,,,,,,,,,,,,,,,,,,,,,,,,,,,,,,,,,,,,,,,,,,,,,,
Greensburg Police Department,1967-07-01,Pennsylvania,,PA06502,,,,,,,,,,,,,,,,,,,,,,,,,,,,,,,,,,,,,,,,,,,,,,,,,,,,,,,,,,,,,,,,,,,,,,,,,,,,,,,,,,,,,,,,,,,,,,,,,,,,,,,,,,,,,,,,,,,,,,,,,,,,,,,,,,,,,,,,
Greensburg Police Department,1967-06-01,Pennsylvania,,PA06502,,,,,,,,,,,,,,,,,,,,,,,,,,,,,,,,,,,,,,,,,,,,,,,,,,,,,,,,,,,,,,,,,,,,,,,,,,,,,,,,,,,,,,,,,,,,,,,,,,,,,,,,,,,,,,,,,,,,,,,,,,,,,,,,,,,,,,,,
Greensburg Police Department,1967-05-01,Pennsylvania,,PA06502,,,,,,,,,,,,,,,,,,,,,,,,,,,,,,,,,,,,,,,,,,,,,,,,,,,,,,,,,,,,,,,,,,,,,,,,,,,,,,,,,,,,,,,,,,,,,,,,,,,,,,,,,,,,,,,,,,,,,,,,,,,,,,,,,,,,,,,,
Greensburg Police Department,1967-04-01,Pennsylvania,,PA06502,,,,,,,,,,,,,,,,,,,,,,,,,,,,,,,,,,,,,,,,,,,,,,,,,,,,,,,,,,,,,,,,,,,,,,,,,,,,,,,,,,,,,,,,,,,,,,,,,,,,,,,,,,,,,,,,,,,,,,,,,,,,,,,,,,,,,,,,
Greensburg Police Department,1967-03-01,Pennsylvania,,PA06502,,,,,,,,,,,,,,,,,,,,,,,,,,,,,,,,,,,,,,,,,,,,,,,,,,,,,,,,,,,,,,,,,,,,,,,,,,,,,,,,,,,,,,,,,,,,,,,,,,,,,,,,,,,,,,,,,,,,,,,,,,,,,,,,,,,,,,,,
Greensburg Police Department,1967-02-01,Pennsylvania,,PA06502,,,,,,,,,,,,,,,,,,,,,,,,,,,,,,,,,,,,,,,,,,,,,,,,,,,,,,,,,,,,,,,,,,,,,,,,,,,,,,,,,,,,,,,,,,,,,,,,,,,,,,,,,,,,,,,,,,,,,,,,,,,,,,,,,,,,,,,,
Greensburg Police Department,1967-01-01,Pennsylvania,,PA06502,,,,,,,,,,,,,,,,,,,,,,,,,,,,,,,,,,,,,,,,,,,,,,,,,,,,,,,,,,,,,,,,,,,,,,,,,,,,,,,,,,,,,,,,,,,,,,,,,,,,,,,,,,,,,,,,,,,,,,,,,,,,,,,,,,,,,,,,
Greensburg Police Department,1966-12-01,Pennsylvania,16800,PA06502,,not updated,normal return,normal return,normal return,not updated,breakdown offenses,breakdown offenses,breakdown offenses,0,0,0,0,0,0,0,0,0,0,0,0,0,0,0,0,0,0,0,1,1,0,0,11,0,0,0,0,12,5,0,0,12,12,0,0,0,0,0,0,0,0,0,0,0,0,0,0,0,0,0,0,0,0,0,0,0,0,0,0,0,0,0,0,0,0,0,0,0,0,0,0,0,0,0,0,0,0,0,0,0,0,0,0,0,0,0,0,0,0,0,0,0,0,0,0,0,0,0,0,0,0,0,0,0,0,0,0,0,0,0,0,0,0,0,0,0,0,0,0,0,0,0,0,0,0,0
Greensburg Police Department,1966-11-01,Pennsylvania,16800,PA06502,,not updated,normal return,normal return,normal return,not updated,breakdown offenses,breakdown offenses,breakdown offenses,0,0,0,0,0,0,0,0,0,0,0,0,0,0,0,0,0,0,0,4,3,1,0,7,0,0,0,0,11,2,0,0,11,11,0,0,0,0,0,0,0,0,0,0,0,0,0,0,0,0,2,2,0,0,0,0,0,0,0,2,0,0,0,2,2,0,0,0,0,0,0,0,0,0,0,0,0,0,0,0,0,2,2,0,0,0,0,0,0,0,2,0,0,0,2,2,0,0,0,0,0,0,0,0,0,0,0,0,0,0,0,0,0,0,0,0,0,0,0,0,0,0,0,0,0,0,0
Greensburg Police Department,1966-10-01,Pennsylvania,16800,PA06502,,not updated,normal return,normal return,normal return,not updated,breakdown offenses,breakdown offenses,breakdown offenses,0,0,0,0,0,0,0,0,1,1,0,0,0,0,0,0,0,0,0,5,3,2,0,12,0,0,0,0,18,6,0,1,17,18,0,0,0,0,0,0,0,0,0,0,0,0,0,0,0,0,0,0,0,0,0,0,0,0,0,0,0,0,0,0,0,0,0,0,0,0,0,0,0,0,0,0,0,0,0,0,0,0,0,0,0,0,0,0,0,0,0,0,0,0,0,0,0,0,0,0,0,0,0,0,0,0,0,0,0,0,0,0,0,0,0,0,0,0,0,0,0,0,0,0,0,0,0
Greensburg Police Department,1966-09-01,Pennsylvania,16800,PA06502,,not updated,normal return,normal return,normal return,not updated,breakdown offenses,breakdown offenses,breakdown offenses,0,0,0,0,0,0,0,0,0,0,0,0,0,0,0,0,0,0,0,1,0,1,0,14,2,2,0,0,17,7,0,0,17,17,0,0,0,0,0,0,0,0,0,0,0,0,0,0,0,0,0,0,0,0,2,1,1,0,0,3,0,0,0,3,3,0,0,0,0,0,0,0,0,0,0,0,0,0,0,0,0,0,0,0,0,2,0,0,0,0,2,0,0,0,2,2,0,0,0,0,0,0,0,0,0,0,0,0,0,0,0,0,0,0,0,0,0,0,0,0,0,0,0,0,0,0,0
Greensburg Police Department,1966-08-01,Pennsylvania,16800,PA06502,,not updated,normal return,normal return,normal return,not updated,breakdown offenses,breakdown offenses,breakdown offenses,0,0,0,0,0,0,0,0,0,0,0,0,0,0,0,0,0,0,0,1,0,1,0,8,1,1,0,0,10,6,0,0,10,10,0,0,0,0,0,0,0,0,0,0,0,0,0,0,0,0,0,0,0,0,0,0,0,0,0,0,0,0,0,0,0,0,0,0,0,0,0,0,0,0,0,0,0,0,0,0,0,0,0,0,0,0,0,0,0,0,0,0,0,0,0,0,0,0,0,0,0,0,0,0,0,0,0,0,0,0,0,0,0,0,0,0,0,0,0,0,0,0,0,0,0,0,0
Greensburg Police Department,1966-07-01,Pennsylvania,16800,PA06502,,not updated,normal return,normal return,normal return,not updated,breakdown offenses,breakdown offenses,breakdown offenses,0,0,0,0,0,0,0,0,0,0,0,0,0,0,0,0,0,0,0,5,5,0,0,21,0,0,0,0,26,12,0,0,26,26,0,0,0,0,0,0,0,0,0,0,0,0,0,0,0,0,3,3,0,0,5,0,0,0,0,8,3,0,0,8,8,0,0,0,0,0,0,0,0,0,0,0,0,0,0,0,0,2,2,0,0,3,0,0,0,0,5,2,0,0,5,5,0,0,0,0,0,0,0,0,0,0,0,0,0,0,0,0,0,0,0,0,0,0,0,0,0,0,0,0,0,0,0
Greensburg Police Department,1966-06-01,Pennsylvania,16800,PA06502,,not updated,normal return,normal return,normal return,not updated,breakdown offenses,breakdown offenses,breakdown offenses,0,0,0,0,0,0,0,0,0,0,0,0,0,0,0,0,0,0,0,3,3,0,0,21,4,4,0,0,28,11,0,0,28,28,0,0,0,0,0,0,0,0,0,0,0,0,0,0,0,0,2,2,0,0,2,1,1,0,0,5,1,0,0,5,5,0,0,0,0,0,0,0,0,0,0,0,0,0,0,0,0,0,0,0,0,2,0,0,0,0,2,1,0,0,2,2,0,0,0,0,0,0,0,0,0,0,0,0,0,0,0,0,0,0,0,0,0,0,0,0,0,0,0,0,0,0,0
Greensburg Police Department,1966-05-01,Pennsylvania,16800,PA06502,,not updated,normal return,normal return,normal return,not updated,breakdown offenses,breakdown offenses,breakdown offenses,0,0,0,0,0,0,0,0,1,0,0,0,1,0,0,0,0,0,0,0,0,0,0,12,3,3,0,0,16,6,0,1,15,16,0,0,0,0,0,0,0,0,0,0,0,0,0,0,0,0,0,0,0,0,1,0,0,0,0,1,0,0,0,1,1,0,0,0,0,0,0,0,0,0,0,0,0,0,0,0,0,0,0,0,0,0,0,0,0,0,0,0,0,0,0,0,0,0,0,0,0,0,0,0,0,0,0,0,0,0,0,0,0,0,0,0,0,0,0,0,0,0,0,0,0,0,0
Greensburg Police Department,1966-04-01,Pennsylvania,16800,PA06502,,not updated,normal return,normal return,normal return,not updated,breakdown offenses,breakdown offenses,breakdown offenses,0,0,0,0,0,0,0,0,0,0,0,0,0,0,0,0,0,0,0,1,1,0,0,10,2,2,0,0,13,7,0,0,13,13,0,0,0,0,0,0,0,0,0,0,0,0,0,0,0,0,0,0,0,0,0,0,0,0,0,0,0,0,0,0,0,0,0,0,0,0,0,0,0,0,0,0,0,0,0,0,0,0,0,0,0,0,0,0,0,0,0,0,0,0,0,0,0,0,0,0,0,0,0,0,0,0,0,0,0,0,0,0,0,0,0,0,0,0,0,0,0,0,0,0,0,0,0
Greensburg Police Department,1966-03-01,Pennsylvania,16800,PA06502,,not updated,normal return,normal return,normal return,not updated,breakdown offenses,breakdown offenses,breakdown offenses,0,0,0,0,0,0,0,0,0,0,0,0,0,0,0,0,0,0,0,3,2,1,0,13,1,1,0,0,17,8,0,0,17,17,0,0,0,0,0,0,0,0,0,0,0,0,0,0,0,0,5,0,5,0,0,0,0,0,0,5,0,0,0,5,5,0,0,0,0,0,0,0,0,0,0,0,0,0,0,0,0,4,0,4,0,0,0,0,0,0,4,0,0,0,4,4,0,0,0,0,0,0,0,0,0,0,0,0,0,0,0,0,0,0,0,0,0,0,0,0,0,0,0,0,0,0,0
Greensburg Police Department,1966-02-01,Pennsylvania,16800,PA06502,,not updated,normal return,normal return,normal return,not updated,breakdown offenses,breakdown offenses,breakdown offenses,0,0,0,0,0,0,0,0,0,0,0,0,0,0,0,0,0,0,0,3,2,1,0,13,1,1,0,0,17,9,0,0,17,17,0,0,0,0,0,0,0,0,0,0,0,0,0,0,0,0,0,0,0,0,0,0,0,0,0,0,0,0,0,0,0,0,0,0,0,0,0,0,0,0,0,0,0,0,0,0,0,0,0,0,0,0,0,0,0,0,0,0,0,0,0,0,0,0,0,0,0,0,0,0,0,0,0,0,0,0,0,0,0,0,0,0,0,0,0,0,0,0,0,0,0,0,0
Greensburg Police Department,1966-01-01,Pennsylvania,16800,PA06502,,not updated,normal return,normal return,normal return,not updated,breakdown offenses,breakdown offenses,breakdown offenses,0,0,0,0,0,0,0,0,0,0,0,0,0,0,0,0,0,0,0,4,3,1,0,14,2,2,0,0,20,8,0,0,20,20,0,0,0,0,0,0,0,0,0,0,0,0,0,0,0,0,0,0,0,0,0,0,0,0,0,0,0,0,0,0,0,0,0,0,0,0,0,0,0,0,0,0,0,0,0,0,0,0,0,0,0,0,0,0,0,0,0,0,0,0,0,0,0,0,0,0,0,0,0,0,0,0,0,0,0,0,0,0,0,0,0,0,0,0,0,0,0,0,0,0,0,0,0
Greensburg Police Department,1965-12-01,Pennsylvania,16900,PA06502,,not updated,normal return,normal return,normal return,not updated,breakdown offenses,breakdown offenses,breakdown offenses,0,0,0,0,0,0,0,0,0,0,0,0,0,0,0,0,0,0,0,2,2,0,0,15,1,1,0,0,18,7,0,0,18,18,0,0,0,0,0,0,0,0,0,0,0,0,0,0,0,0,0,0,0,0,2,0,0,0,0,2,0,0,0,2,2,0,0,0,0,0,0,0,0,0,0,0,0,0,0,0,0,0,0,0,0,2,0,0,0,0,2,0,0,0,2,2,0,0,0,0,0,0,0,0,0,0,0,0,0,0,0,0,0,0,0,0,0,0,0,0,0,0,0,0,0,0,0
Greensburg Police Department,1965-11-01,Pennsylvania,16900,PA06502,,not updated,normal return,not updated,not updated,not updated,breakdown offenses,breakdown offenses,breakdown offenses,0,0,0,0,0,0,0,0,0,0,0,0,0,0,0,0,0,0,0,5,2,1,2,10,2,2,0,0,17,7,0,0,17,17,0,0,0,0,0,0,0,0,0,0,0,0,0,0,0,0,0,0,0,0,0,0,0,0,0,0,0,0,0,0,0,0,0,0,0,0,0,0,0,0,0,0,0,0,0,0,0,0,0,0,0,0,0,0,0,0,0,0,0,0,0,0,0,0,0,0,0,0,0,0,0,0,0,0,0,0,0,0,0,0,0,0,0,0,0,0,0,0,0,0,0,0,0
Greensburg Police Department,1965-10-01,Pennsylvania,16900,PA06502,,not updated,normal return,not updated,not updated,not updated,breakdown offenses,breakdown offenses,breakdown offenses,0,0,0,0,0,0,0,0,0,0,0,0,0,0,0,0,0,0,0,0,0,0,0,10,3,3,0,0,13,8,0,0,13,13,0,0,0,0,0,0,0,0,0,0,0,0,0,0,0,0,0,0,0,0,0,0,0,0,0,0,0,0,0,0,0,0,0,0,0,0,0,0,0,0,0,0,0,0,0,0,0,0,0,0,0,0,0,0,0,0,0,0,0,0,0,0,0,0,0,0,0,0,0,0,0,0,0,0,0,0,0,0,0,0,0,0,0,0,0,0,0,0,0,0,0,0,0
Greensburg Police Department,1965-09-01,Pennsylvania,16900,PA06502,,not updated,normal return,adjustment,normal return,not updated,breakdown offenses,breakdown offenses,breakdown offenses,0,0,0,0,0,0,0,0,0,0,0,0,0,2,0,0,0,0,2,2,0,2,0,9,3,3,0,0,14,5,0,0,14,14,0,0,0,0,0,0,0,0,0,0,0,0,0,0,0,0,0,0,0,0,0,3,3,0,0,3,0,0,0,3,3,0,0,0,0,0,0,0,0,0,0,0,0,0,0,0,0,0,0,0,0,0,2,2,0,0,2,0,0,0,2,2,0,0,0,0,0,0,0,0,0,0,0,0,0,0,0,0,0,0,0,0,0,0,0,0,0,0,0,0,0,0,0
Greensburg Police Department,1965-08-01,Pennsylvania,16900,PA06502,,not updated,normal return,normal return,normal return,not updated,breakdown offenses,breakdown offenses,breakdown offenses,0,0,0,0,0,0,0,0,0,0,0,0,0,3,0,0,0,3,0,0,0,0,0,6,4,4,0,0,13,6,3,3,10,13,0,0,0,0,0,0,0,0,0,0,1,0,0,0,1,0,0,0,0,0,2,0,0,0,0,3,2,1,1,2,3,0,0,0,0,0,0,0,0,0,0,0,0,0,0,0,0,0,0,0,0,2,0,0,0,0,2,2,0,0,2,2,0,0,0,0,0,0,0,0,0,0,0,0,0,0,0,0,0,0,0,0,0,0,0,0,0,0,0,0,0,0,0
Greensburg Police Department,1965-07-01,Pennsylvania,16900,PA06502,,not updated,normal return,normal return,normal return,not updated,breakdown offenses,breakdown offenses,breakdown offenses,0,0,0,0,0,0,0,0,0,0,0,0,0,0,0,0,0,0,0,6,6,0,0,21,2,2,0,0,29,13,0,0,29,29,0,0,0,0,0,0,0,0,0,0,0,0,0,0,0,0,1,1,0,0,5,2,2,0,0,8,3,0,0,8,8,0,0,0,0,0,0,0,0,0,0,0,0,0,0,0,0,1,1,0,0,3,2,2,0,0,6,2,0,0,6,6,0,0,0,0,0,0,0,0,0,0,0,0,0,0,0,0,0,0,0,0,0,0,0,0,0,0,0,0,0,0,0
Greensburg Police Department,1965-06-01,Pennsylvania,16900,PA06502,,not updated,normal return,normal return,normal return,not updated,breakdown offenses,breakdown offenses,breakdown offenses,0,0,0,0,0,0,0,0,0,0,0,0,0,2,0,0,0,0,2,7,4,3,0,16,0,0,0,0,23,9,0,0,23,23,0,0,0,0,0,0,0,0,0,0,0,0,0,0,0,0,0,0,0,0,0,0,0,0,0,0,0,0,0,0,0,0,0,0,0,0,0,0,0,0,0,0,0,0,0,0,0,0,0,0,0,0,0,0,0,0,0,0,0,0,0,0,0,0,0,0,0,0,0,0,0,0,0,0,0,0,0,0,0,0,0,0,0,0,0,0,0,0,0,0,0,0,0
Greensburg Police Department,1965-05-01,Pennsylvania,16900,PA06502,,not updated,normal return,normal return,normal return,not updated,breakdown offenses,breakdown offenses,breakdown offenses,0,0,0,0,0,0,0,0,0,0,0,0,0,0,0,0,0,0,0,2,1,1,0,20,1,1,0,0,23,13,0,0,23,23,0,0,0,0,0,0,0,0,0,0,0,0,0,0,0,0,0,0,0,0,1,1,1,0,0,2,1,0,0,2,2,0,0,0,0,0,0,0,0,0,0,0,0,0,0,0,0,0,0,0,0,1,1,1,0,0,2,1,0,0,2,2,0,0,0,0,0,0,0,0,0,0,0,0,0,0,0,0,0,0,0,0,0,0,0,0,0,0,0,0,0,0,0
Greensburg Police Department,1965-04-01,Pennsylvania,16900,PA06502,,not updated,normal return,normal return,normal return,not updated,breakdown offenses,breakdown offenses,breakdown offenses,0,0,0,0,0,0,0,0,0,0,0,0,0,0,0,0,0,0,0,3,3,0,0,9,1,1,0,0,13,4,0,0,13,13,0,0,0,0,0,0,0,0,0,0,0,0,0,0,0,0,0,0,0,0,0,0,0,0,0,0,0,0,0,0,0,0,0,0,0,0,0,0,0,0,0,0,0,0,0,0,0,0,0,0,0,0,0,0,0,0,0,0,0,0,0,0,0,0,0,0,0,0,0,0,0,0,0,0,0,0,0,0,0,0,0,0,0,0,0,0,0,0,0,0,0,0,0
Greensburg Police Department,1965-03-01,Pennsylvania,16900,PA06502,,not updated,normal return,normal return,normal return,not updated,breakdown offenses,breakdown offenses,breakdown offenses,0,0,0,0,0,0,0,0,0,0,0,0,0,0,0,0,0,0,0,2,2,0,0,11,3,3,0,0,16,4,0,0,16,16,0,0,0,0,0,0,0,0,0,0,0,0,0,0,0,0,0,0,0,0,0,0,0,0,0,0,0,0,0,0,0,0,0,0,0,0,0,0,0,0,0,0,0,0,0,0,0,0,0,0,0,0,0,0,0,0,0,0,0,0,0,0,0,0,0,0,0,0,0,0,0,0,0,0,0,0,0,0,0,0,0,0,0,0,0,0,0,0,0,0,0,0,0
Greensburg Police Department,1965-02-01,Pennsylvania,16900,PA06502,,not updated,normal return,normal return,normal return,not updated,breakdown offenses,breakdown offenses,breakdown offenses,0,0,0,0,0,0,0,0,0,0,0,0,0,2,0,0,0,2,0,4,3,1,0,20,2,2,0,0,28,14,2,2,26,28,0,0,0,0,0,0,0,0,0,0,1,0,0,0,1,0,0,0,0,0,0,2,2,0,0,3,0,1,1,2,3,0,0,0,0,0,0,0,0,0,0,1,0,0,0,1,0,0,0,0,0,0,0,0,0,0,1,0,1,1,0,1,0,0,0,0,0,0,0,0,0,0,0,0,0,0,0,0,0,0,0,0,0,0,0,0,0,0,0,0,0,0,0
Greensburg Police Department,1965-01-01,Pennsylvania,16900,PA06502,,not updated,normal return,normal return,normal return,not updated,breakdown offenses,breakdown offenses,breakdown offenses,0,0,0,0,0,0,0,0,0,0,0,0,0,0,0,0,0,0,0,4,3,1,0,8,0,0,0,0,12,2,0,0,12,12,0,0,0,0,0,0,0,0,0,0,0,0,0,0,0,0,4,4,0,0,0,0,0,0,0,4,0,0,0,4,4,0,0,0,0,0,0,0,0,0,0,0,0,0,0,0,0,0,0,0,0,0,0,0,0,0,0,0,0,0,0,0,0,0,0,0,0,0,0,0,0,0,0,0,0,0,0,0,0,0,0,0,0,0,0,0,0,0,0,0,0,0,0
Greensburg Police Department,1964-12-01,Pennsylvania,16516,PA06502,,not updated,normal return,normal return,normal return,not updated,breakdown offenses,breakdown offenses,breakdown offenses,0,0,0,0,0,0,0,0,1,1,0,0,0,0,0,0,0,0,0,5,3,2,0,16,1,1,0,0,23,6,0,1,22,23,0,0,0,0,0,0,0,0,0,0,0,0,0,0,0,0,0,0,0,0,0,0,0,0,0,0,0,0,0,0,0,0,0,0,0,0,0,0,0,0,0,0,0,0,0,0,0,0,0,0,0,0,0,0,0,0,0,0,0,0,0,0,0,0,0,0,0,0,0,0,0,0,0,0,0,0,0,0,0,0,0,0,0,0,0,0,0,0,0,0,0,0,0
Greensburg Police Department,1964-11-01,Pennsylvania,16516,PA06502,,not updated,normal return,normal return,normal return,not updated,breakdown offenses,breakdown offenses,breakdown offenses,0,0,0,0,0,0,0,0,0,0,0,0,0,1,0,0,0,1,0,3,3,0,0,15,4,4,0,0,23,13,1,1,22,23,0,0,0,0,0,0,0,0,0,0,0,0,0,0,0,0,0,0,0,0,0,0,0,0,0,0,0,0,0,0,0,0,0,0,0,0,0,0,0,0,0,0,0,0,0,0,0,0,0,0,0,0,0,0,0,0,0,0,0,0,0,0,0,0,0,0,0,0,0,0,0,0,0,0,0,0,0,0,0,0,0,0,0,0,0,0,0,0,0,0,0,0,0
Greensburg Police Department,1964-10-01,Pennsylvania,16516,PA06502,,not updated,normal return,normal return,normal return,not updated,breakdown offenses,breakdown offenses,breakdown offenses,0,0,0,0,0,0,0,0,0,0,0,0,0,0,0,0,0,0,0,2,0,1,1,11,0,0,0,0,13,7,0,0,13,13,0,0,0,0,0,0,0,0,0,0,0,0,0,0,0,0,0,0,0,0,0,0,0,0,0,0,0,0,0,0,0,0,0,0,0,0,0,0,0,0,0,0,0,0,0,0,0,0,0,0,0,0,0,0,0,0,0,0,0,0,0,0,0,0,0,0,0,0,0,0,0,0,0,0,0,0,0,0,0,0,0,0,0,0,0,0,0,0,0,0,0,0,0
Greensburg Police Department,1964-09-01,Pennsylvania,16516,PA06502,,not updated,normal return,normal return,normal return,not updated,breakdown offenses,breakdown offenses,breakdown offenses,0,0,0,0,0,0,0,0,0,0,0,0,0,0,0,0,0,0,0,1,0,1,0,9,4,4,0,0,14,4,0,0,14,14,0,0,0,0,0,0,0,0,0,0,0,0,0,0,0,0,0,0,0,0,3,3,3,0,0,6,0,0,0,6,6,0,0,0,0,0,0,0,0,0,0,0,0,0,0,0,0,0,0,0,0,2,2,2,0,0,4,0,0,0,4,4,0,0,0,0,0,0,0,0,0,0,0,0,0,0,0,0,0,0,0,0,0,0,0,0,0,0,0,0,0,0,0
Greensburg Police Department,1964-08-01,Pennsylvania,16516,PA06502,,not updated,normal return,normal return,normal return,not updated,breakdown offenses,breakdown offenses,breakdown offenses,0,0,0,0,0,0,0,0,0,0,0,0,0,0,0,0,0,0,0,1,0,1,0,15,2,2,0,0,18,6,0,0,18,18,0,0,0,0,0,0,0,0,0,0,0,0,0,0,0,0,0,0,0,0,0,3,3,0,0,3,0,0,0,3,3,0,0,0,0,0,0,0,0,0,0,0,0,0,0,0,0,0,0,0,0,0,2,2,0,0,2,0,0,0,2,2,0,0,0,0,0,0,0,0,0,0,0,0,0,0,0,0,0,0,0,0,0,0,0,0,0,0,0,0,0,0,0
Greensburg Police Department,1964-07-01,Pennsylvania,16516,PA06502,,not updated,normal return,normal return,normal return,not updated,breakdown offenses,breakdown offenses,breakdown offenses,0,0,0,0,0,0,0,0,1,0,0,0,1,0,0,0,0,0,0,1,1,0,0,9,1,1,0,0,12,6,0,1,11,12,0,0,0,0,0,5,0,0,0,5,0,0,0,0,0,0,0,0,0,0,0,0,0,0,0,5,0,0,5,0,5,0,0,0,0,0,4,0,0,0,4,0,0,0,0,0,0,0,0,0,0,0,0,0,0,0,4,0,0,4,0,4,0,0,0,0,0,0,0,0,0,0,0,0,0,0,0,0,0,0,0,0,0,0,0,0,0,0,0,0,0,0,0
Greensburg Police Department,1964-06-01,Pennsylvania,16516,PA06502,,not updated,normal return,normal return,normal return,not updated,breakdown offenses,breakdown offenses,breakdown offenses,0,0,0,0,0,0,0,0,0,0,0,0,0,0,0,0,0,0,0,3,3,0,0,21,2,2,0,0,26,11,0,0,26,26,0,0,0,0,0,0,0,0,0,0,0,0,0,0,0,0,3,3,0,0,6,1,1,0,0,10,3,0,0,10,10,0,0,0,0,0,0,0,0,0,0,0,0,0,0,0,0,1,1,0,0,2,1,1,0,0,4,0,0,0,4,4,0,0,0,0,0,0,0,0,0,0,0,0,0,0,0,0,0,0,0,0,0,0,0,0,0,0,0,0,0,0,0
Greensburg Police Department,1964-05-01,Pennsylvania,16516,PA06502,,not updated,normal return,normal return,normal return,not updated,breakdown offenses,breakdown offenses,breakdown offenses,0,0,0,0,0,0,0,0,0,0,0,0,0,0,0,0,0,0,0,4,4,0,0,13,2,2,0,0,19,8,0,0,19,19,0,0,0,0,0,0,0,0,0,0,0,0,0,0,0,0,2,2,0,0,0,2,2,0,0,4,0,0,0,4,4,0,0,0,0,0,0,0,0,0,0,0,0,0,0,0,0,1,1,0,0,0,1,1,0,0,2,0,0,0,2,2,0,0,0,0,0,0,0,0,0,0,0,0,0,0,0,0,0,0,0,0,0,0,0,0,0,0,0,0,0,0,0
Greensburg Police Department,1964-04-01,Pennsylvania,16516,PA06502,,not updated,normal return,normal return,normal return,not updated,breakdown offenses,breakdown offenses,breakdown offenses,0,0,0,0,0,0,0,0,0,0,0,0,0,0,0,0,0,0,0,3,1,2,0,8,3,3,0,0,14,7,0,0,14,14,0,0,0,0,0,0,0,0,0,0,0,0,0,0,0,0,0,0,0,0,3,0,0,0,0,3,3,0,0,3,3,0,0,0,0,0,0,0,0,0,0,0,0,0,0,0,0,0,0,0,0,0,0,0,0,0,0,0,0,0,0,0,0,0,0,0,0,0,0,0,0,0,0,0,0,0,0,0,0,0,0,0,0,0,0,0,0,0,0,0,0,0,0
Greensburg Police Department,1964-03-01,Pennsylvania,16516,PA06502,,not updated,normal return,normal return,normal return,not updated,breakdown offenses,breakdown offenses,breakdown offenses,0,0,0,0,0,0,0,0,0,0,0,0,0,0,0,0,0,0,0,3,1,1,1,12,1,1,0,0,16,9,0,0,16,16,0,0,0,0,0,0,0,0,0,0,0,0,0,0,0,0,3,3,0,0,0,1,1,0,0,4,0,0,0,4,4,0,0,0,0,0,0,0,0,0,0,0,0,0,0,0,0,2,2,0,0,0,0,0,0,0,2,0,0,0,2,2,0,0,0,0,0,0,0,0,0,0,0,0,0,0,0,0,0,0,0,0,0,0,0,0,0,0,0,0,0,0,0
Greensburg Police Department,1964-02-01,Pennsylvania,16516,PA06502,,not updated,normal return,normal return,normal return,not updated,breakdown offenses,breakdown offenses,breakdown offenses,0,0,0,0,0,0,0,0,0,0,0,0,0,3,0,0,0,3,0,2,2,0,0,11,0,0,0,0,16,7,3,3,13,16,0,0,0,0,0,0,0,0,0,0,3,0,0,0,3,0,0,0,0,0,1,0,0,0,0,4,0,3,3,1,4,0,0,0,0,0,0,0,0,0,0,0,0,0,0,0,0,0,0,0,0,0,0,0,0,0,0,0,0,0,0,0,0,0,0,0,0,0,0,0,0,0,0,0,0,0,0,0,0,0,0,0,0,0,0,0,0,0,0,0,0,0,0
Greensburg Police Department,1964-01-01,Pennsylvania,16516,PA06502,,not updated,normal return,normal return,normal return,not updated,breakdown offenses,breakdown offenses,breakdown offenses,0,0,0,0,0,0,0,0,0,0,0,0,0,1,0,0,0,0,1,3,2,1,0,13,3,3,0,0,19,8,0,0,19,19,0,0,0,0,0,0,0,0,0,0,1,0,0,0,0,1,0,0,0,0,1,3,3,0,0,4,0,0,0,4,4,0,0,0,0,0,0,0,0,0,0,0,0,0,0,0,0,0,0,0,0,1,1,1,0,0,2,0,0,0,2,2,0,0,0,0,0,0,0,0,0,0,0,0,0,0,0,0,0,0,0,0,0,0,0,0,0,0,0,0,0,0,0
Greensburg Police Department,1963-12-01,Pennsylvania,17021,PA06502,,not updated,normal return,not updated,not updated,not updated,breakdown offenses,breakdown offenses,breakdown offenses,0,0,0,0,0,0,0,0,0,0,0,0,0,0,0,0,0,0,0,2,0,0,0,4,1,1,0,0,7,3,0,0,7,7,0,0,0,0,0,0,0,0,0,0,0,0,0,0,0,0,0,0,0,0,0,0,0,0,0,0,0,0,0,0,0,0,0,0,0,0,0,0,0,0,0,0,0,0,0,0,0,0,0,0,0,0,0,0,0,0,0,0,0,0,0,0,0,0,0,0,0,0,0,0,0,0,0,0,0,0,0,0,0,0,0,0,0,0,0,0,0,0,0,0,0,0,0
Greensburg Police Department,1963-11-01,Pennsylvania,17021,PA06502,,not updated,normal return,not updated,not updated,not updated,breakdown offenses,breakdown offenses,breakdown offenses,0,0,0,0,0,0,0,0,1,0,0,0,0,0,0,0,0,0,0,3,0,0,0,5,2,2,0,0,11,1,0,1,10,11,0,0,0,0,0,0,0,0,0,0,0,0,0,0,0,0,0,0,0,0,0,0,0,0,0,0,0,0,0,0,0,0,0,0,0,0,0,0,0,0,0,0,0,0,0,0,0,0,0,0,0,0,0,0,0,0,0,0,0,0,0,0,0,0,0,0,0,0,0,0,0,0,0,0,0,0,0,0,0,0,0,0,0,0,0,0,0,0,0,0,0,0,0
Greensburg Police Department,1963-10-01,Pennsylvania,17021,PA06502,,not updated,normal return,not updated,not updated,not updated,breakdown offenses,breakdown offenses,breakdown offenses,0,0,0,0,0,0,0,0,0,0,0,0,0,0,0,0,0,0,0,2,0,0,0,8,5,5,0,0,15,4,0,0,15,15,0,0,0,0,0,0,0,0,0,0,0,0,0,0,0,0,0,0,0,0,0,0,0,0,0,0,0,0,0,0,0,0,0,0,0,0,0,0,0,0,0,0,0,0,0,0,0,0,0,0,0,0,0,0,0,0,0,0,0,0,0,0,0,0,0,0,0,0,0,0,0,0,0,0,0,0,0,0,0,0,0,0,0,0,0,0,0,0,0,0,0,0,0
Greensburg Police Department,1963-09-01,Pennsylvania,17021,PA06502,,not updated,normal return,not updated,not updated,not updated,breakdown offenses,breakdown offenses,breakdown offenses,0,0,0,0,0,0,0,0,0,0,0,0,0,0,0,0,0,0,0,1,0,0,0,9,3,3,0,0,13,2,0,0,13,13,0,0,0,0,0,0,0,0,0,0,0,0,0,0,0,0,0,0,0,0,0,0,0,0,0,0,0,0,0,0,0,0,0,0,0,0,0,0,0,0,0,0,0,0,0,0,0,0,0,0,0,0,0,0,0,0,0,0,0,0,0,0,0,0,0,0,0,0,0,0,0,0,0,0,0,0,0,0,0,0,0,0,0,0,0,0,0,0,0,0,0,0,0
Greensburg Police Department,1963-08-01,Pennsylvania,17021,PA06502,,not updated,normal return,not updated,not updated,not updated,breakdown offenses,breakdown offenses,breakdown offenses,0,0,0,0,0,0,0,0,0,0,0,0,0,0,0,0,0,0,0,1,0,0,0,10,2,2,0,0,13,5,0,0,13,13,0,0,0,0,0,0,0,0,0,0,0,0,0,0,0,0,0,0,0,0,0,0,0,0,0,0,0,0,0,0,0,0,0,0,0,0,0,0,0,0,0,0,0,0,0,0,0,0,0,0,0,0,0,0,0,0,0,0,0,0,0,0,0,0,0,0,0,0,0,0,0,0,0,0,0,0,0,0,0,0,0,0,0,0,0,0,0,0,0,0,0,0,0
Greensburg Police Department,1963-07-01,Pennsylvania,17021,PA06502,,not updated,normal return,not updated,not updated,not updated,breakdown offenses,breakdown offenses,breakdown offenses,0,0,0,0,0,0,0,0,0,0,0,0,0,0,0,0,0,0,0,3,0,0,0,13,2,2,0,0,18,8,0,0,18,18,0,0,0,0,0,0,0,0,0,0,0,0,0,0,0,0,0,0,0,0,0,0,0,0,0,0,0,0,0,0,0,0,0,0,0,0,0,0,0,0,0,0,0,0,0,0,0,0,0,0,0,0,0,0,0,0,0,0,0,0,0,0,0,0,0,0,0,0,0,0,0,0,0,0,0,0,0,0,0,0,0,0,0,0,0,0,0,0,0,0,0,0,0
Greensburg Police Department,1963-06-01,Pennsylvania,17021,PA06502,,not updated,normal return,not updated,not updated,not updated,breakdown offenses,breakdown offenses,breakdown offenses,0,0,0,0,0,0,0,0,0,0,0,0,0,0,0,0,0,0,0,2,0,0,0,19,0,0,0,0,21,16,0,0,21,21,0,0,0,0,0,0,0,0,0,0,0,0,0,0,0,0,0,0,0,0,0,0,0,0,0,0,0,0,0,0,0,0,0,0,0,0,0,0,0,0,0,0,0,0,0,0,0,0,0,0,0,0,0,0,0,0,0,0,0,0,0,0,0,0,0,0,0,0,0,0,0,0,0,0,0,0,0,0,0,0,0,0,0,0,0,0,0,0,0,0,0,0,0
Greensburg Police Department,1963-05-01,Pennsylvania,17021,PA06502,,not updated,normal return,not updated,not updated,not updated,breakdown offenses,breakdown offenses,breakdown offenses,0,0,0,0,0,0,0,0,0,0,0,0,0,0,0,0,0,0,0,0,0,0,0,13,1,1,0,0,14,10,0,0,14,14,0,0,0,0,0,0,0,0,0,0,0,0,0,0,0,0,0,0,0,0,0,0,0,0,0,0,0,0,0,0,0,0,0,0,0,0,0,0,0,0,0,0,0,0,0,0,0,0,0,0,0,0,0,0,0,0,0,0,0,0,0,0,0,0,0,0,0,0,0,0,0,0,0,0,0,0,0,0,0,0,0,0,0,0,0,0,0,0,0,0,0,0,0
Greensburg Police Department,1963-04-01,Pennsylvania,17021,PA06502,,not updated,normal return,not updated,not updated,not updated,breakdown offenses,breakdown offenses,breakdown offenses,0,0,0,0,0,0,0,0,0,0,0,0,0,0,0,0,0,0,0,2,0,0,0,17,1,1,0,0,20,15,0,0,20,20,0,0,0,0,0,0,0,0,0,0,0,0,0,0,0,0,0,0,0,0,0,0,0,0,0,0,0,0,0,0,0,0,0,0,0,0,0,0,0,0,0,0,0,0,0,0,0,0,0,0,0,0,0,0,0,0,0,0,0,0,0,0,0,0,0,0,0,0,0,0,0,0,0,0,0,0,0,0,0,0,0,0,0,0,0,0,0,0,0,0,0,0,0
Greensburg Police Department,1963-03-01,Pennsylvania,17021,PA06502,,not updated,normal return,not updated,not updated,not updated,breakdown offenses,breakdown offenses,breakdown offenses,0,0,0,0,0,0,0,0,0,0,0,0,0,0,0,0,0,0,0,0,0,0,0,10,1,1,0,0,11,8,0,0,11,11,0,0,0,0,0,0,0,0,0,0,0,0,0,0,0,0,0,0,0,0,0,0,0,0,0,0,0,0,0,0,0,0,0,0,0,0,0,0,0,0,0,0,0,0,0,0,0,0,0,0,0,0,0,0,0,0,0,0,0,0,0,0,0,0,0,0,0,0,0,0,0,0,0,0,0,0,0,0,0,0,0,0,0,0,0,0,0,0,0,0,0,0,0
Greensburg Police Department,1963-02-01,Pennsylvania,17021,PA06502,,not updated,normal return,not updated,not updated,not updated,breakdown offenses,breakdown offenses,breakdown offenses,0,0,0,0,0,0,0,0,0,0,0,0,0,0,0,0,0,0,0,5,0,0,0,7,0,0,0,0,12,5,0,0,12,12,0,0,0,0,0,0,0,0,0,0,0,0,0,0,0,0,0,0,0,0,0,0,0,0,0,0,0,0,0,0,0,0,0,0,0,0,0,0,0,0,0,0,0,0,0,0,0,0,0,0,0,0,0,0,0,0,0,0,0,0,0,0,0,0,0,0,0,0,0,0,0,0,0,0,0,0,0,0,0,0,0,0,0,0,0,0,0,0,0,0,0,0,0
Greensburg Police Department,1963-01-01,Pennsylvania,17021,PA06502,,not updated,normal return,not updated,not updated,not updated,breakdown offenses,breakdown offenses,breakdown offenses,0,0,0,0,0,0,0,0,0,0,0,0,0,0,0,0,0,0,0,6,0,0,0,6,0,0,0,0,12,4,0,0,12,12,0,0,0,0,0,0,0,0,0,0,0,0,0,0,0,0,0,0,0,0,0,0,0,0,0,0,0,0,0,0,0,0,0,0,0,0,0,0,0,0,0,0,0,0,0,0,0,0,0,0,0,0,0,0,0,0,0,0,0,0,0,0,0,0,0,0,0,0,0,0,0,0,0,0,0,0,0,0,0,0,0,0,0,0,0,0,0,0,0,0,0,0,0
Greensburg Police Department,1962-12-01,Pennsylvania,17095,PA06502,,not updated,normal return,not updated,not updated,not updated,breakdown offenses,breakdown offenses,breakdown offenses,0,0,0,0,0,0,0,0,0,0,0,0,0,0,0,0,0,0,0,2,0,0,0,9,2,2,0,0,13,7,0,0,13,13,0,0,0,0,0,0,0,0,0,0,0,0,0,0,0,0,0,0,0,0,0,0,0,0,0,0,0,0,0,0,0,0,0,0,0,0,0,0,0,0,0,0,0,0,0,0,0,0,0,0,0,0,0,0,0,0,0,0,0,0,0,0,0,0,0,0,0,0,0,0,0,0,0,0,0,0,0,0,0,0,0,0,0,0,0,0,0,0,0,0,0,0,0
Greensburg Police Department,1962-11-01,Pennsylvania,17095,PA06502,,not updated,normal return,not updated,not updated,not updated,breakdown offenses,breakdown offenses,breakdown offenses,0,0,0,0,0,0,0,0,0,0,0,0,0,0,0,0,0,0,0,9,0,0,0,5,1,1,0,0,15,3,0,0,15,15,0,0,0,0,0,0,0,0,0,0,0,0,0,0,0,0,0,0,0,0,0,0,0,0,0,0,0,0,0,0,0,0,0,0,0,0,0,0,0,0,0,0,0,0,0,0,0,0,0,0,0,0,0,0,0,0,0,0,0,0,0,0,0,0,0,0,0,0,0,0,0,0,0,0,0,0,0,0,0,0,0,0,0,0,0,0,0,0,0,0,0,0,0
Greensburg Police Department,1962-10-01,Pennsylvania,17095,PA06502,,not updated,normal return,not updated,not updated,not updated,breakdown offenses,breakdown offenses,breakdown offenses,0,0,0,0,0,0,0,0,0,0,0,0,0,0,0,0,0,0,0,6,0,0,0,5,3,3,0,0,14,2,0,0,14,14,0,0,0,0,0,0,0,0,0,0,0,0,0,0,0,0,0,0,0,0,0,0,0,0,0,0,0,0,0,0,0,0,0,0,0,0,0,0,0,0,0,0,0,0,0,0,0,0,0,0,0,0,0,0,0,0,0,0,0,0,0,0,0,0,0,0,0,0,0,0,0,0,0,0,0,0,0,0,0,0,0,0,0,0,0,0,0,0,0,0,0,0,0
Greensburg Police Department,1962-09-01,Pennsylvania,17095,PA06502,,not updated,normal return,not updated,not updated,not updated,breakdown offenses,breakdown offenses,breakdown offenses,0,0,0,0,0,0,0,0,0,0,0,0,0,0,0,0,0,0,0,3,0,0,0,6,2,2,0,0,11,3,0,0,11,11,0,0,0,0,0,0,0,0,0,0,0,0,0,0,0,0,0,0,0,0,0,0,0,0,0,0,0,0,0,0,0,0,0,0,0,0,0,0,0,0,0,0,0,0,0,0,0,0,0,0,0,0,0,0,0,0,0,0,0,0,0,0,0,0,0,0,0,0,0,0,0,0,0,0,0,0,0,0,0,0,0,0,0,0,0,0,0,0,0,0,0,0,0
Greensburg Police Department,1962-08-01,Pennsylvania,17095,PA06502,,not updated,normal return,not updated,not updated,not updated,breakdown offenses,breakdown offenses,breakdown offenses,0,0,0,0,0,0,0,0,0,0,0,0,0,1,0,0,0,0,0,2,0,0,0,10,1,1,0,0,14,7,1,1,13,14,0,0,0,0,0,0,0,0,0,0,0,0,0,0,0,0,0,0,0,0,0,0,0,0,0,0,0,0,0,0,0,0,0,0,0,0,0,0,0,0,0,0,0,0,0,0,0,0,0,0,0,0,0,0,0,0,0,0,0,0,0,0,0,0,0,0,0,0,0,0,0,0,0,0,0,0,0,0,0,0,0,0,0,0,0,0,0,0,0,0,0,0,0
Greensburg Police Department,1962-07-01,Pennsylvania,17095,PA06502,,not updated,normal return,not updated,not updated,not updated,breakdown offenses,breakdown offenses,breakdown offenses,0,0,0,0,0,0,0,0,0,0,0,0,0,0,0,0,0,0,0,1,0,0,0,13,1,1,0,0,15,9,0,0,15,15,0,0,0,0,0,0,0,0,0,0,0,0,0,0,0,0,0,0,0,0,0,0,0,0,0,0,0,0,0,0,0,0,0,0,0,0,0,0,0,0,0,0,0,0,0,0,0,0,0,0,0,0,0,0,0,0,0,0,0,0,0,0,0,0,0,0,0,0,0,0,0,0,0,0,0,0,0,0,0,0,0,0,0,0,0,0,0,0,0,0,0,0,0
Greensburg Police Department,1962-06-01,Pennsylvania,17095,PA06502,,not updated,normal return,not updated,not updated,not updated,breakdown offenses,breakdown offenses,breakdown offenses,0,0,0,0,0,0,0,0,0,0,0,0,0,0,0,0,0,0,0,2,0,0,0,10,9,9,0,0,21,7,0,0,21,21,0,0,0,0,0,0,0,0,0,0,0,0,0,0,0,0,0,0,0,0,0,0,0,0,0,0,0,0,0,0,0,0,0,0,0,0,0,0,0,0,0,0,0,0,0,0,0,0,0,0,0,0,0,0,0,0,0,0,0,0,0,0,0,0,0,0,0,0,0,0,0,0,0,0,0,0,0,0,0,0,0,0,0,0,0,0,0,0,0,0,0,0,0
Greensburg Police Department,1962-05-01,Pennsylvania,17095,PA06502,,not updated,normal return,not updated,not updated,not updated,breakdown offenses,breakdown offenses,breakdown offenses,0,0,0,1,0,0,0,0,0,0,0,0,0,0,0,0,0,0,0,0,0,0,0,7,0,0,0,0,8,5,0,1,7,8,0,0,0,0,0,0,0,0,0,0,0,0,0,0,0,0,0,0,0,0,0,0,0,0,0,0,0,0,0,0,0,0,0,0,0,0,0,0,0,0,0,0,0,0,0,0,0,0,0,0,0,0,0,0,0,0,0,0,0,0,0,0,0,0,0,0,0,0,0,0,0,0,0,0,0,0,0,0,0,0,0,0,0,0,0,0,0,0,0,0,0,0,0
Greensburg Police Department,1962-04-01,Pennsylvania,17095,PA06502,,not updated,normal return,not updated,not updated,not updated,breakdown offenses,breakdown offenses,breakdown offenses,0,0,0,0,0,0,0,0,0,0,0,0,0,0,0,0,0,0,0,1,0,0,0,5,2,2,0,0,8,5,0,0,8,8,0,0,0,0,0,0,0,0,0,0,0,0,0,0,0,0,0,0,0,0,0,0,0,0,0,0,0,0,0,0,0,0,0,0,0,0,0,0,0,0,0,0,0,0,0,0,0,0,0,0,0,0,0,0,0,0,0,0,0,0,0,0,0,0,0,0,0,0,0,0,0,0,0,0,0,0,0,0,0,0,0,0,0,0,0,0,0,0,0,0,0,0,0
Greensburg Police Department,1962-03-01,Pennsylvania,17095,PA06502,,not updated,normal return,not updated,not updated,not updated,breakdown offenses,breakdown offenses,breakdown offenses,0,0,0,0,0,0,0,0,0,0,0,0,0,0,0,0,0,0,0,5,0,0,0,6,1,1,0,0,12,2,0,0,12,12,0,0,0,0,0,0,0,0,0,0,0,0,0,0,0,0,0,0,0,0,0,0,0,0,0,0,0,0,0,0,0,0,0,0,0,0,0,0,0,0,0,0,0,0,0,0,0,0,0,0,0,0,0,0,0,0,0,0,0,0,0,0,0,0,0,0,0,0,0,0,0,0,0,0,0,0,0,0,0,0,0,0,0,0,0,0,0,0,0,0,0,0,0
Greensburg Police Department,1962-02-01,Pennsylvania,17095,PA06502,,not updated,normal return,not updated,not updated,not updated,breakdown offenses,breakdown offenses,breakdown offenses,0,0,0,0,0,0,0,0,0,0,0,0,0,0,0,0,0,0,0,6,0,0,0,2,1,1,0,0,9,1,0,0,9,9,0,0,0,0,0,0,0,0,0,0,0,0,0,0,0,0,0,0,0,0,0,0,0,0,0,0,0,0,0,0,0,0,0,0,0,0,0,0,0,0,0,0,0,0,0,0,0,0,0,0,0,0,0,0,0,0,0,0,0,0,0,0,0,0,0,0,0,0,0,0,0,0,0,0,0,0,0,0,0,0,0,0,0,0,0,0,0,0,0,0,0,0,0
Greensburg Police Department,1962-01-01,Pennsylvania,17095,PA06502,,not updated,normal return,not updated,not updated,not updated,breakdown offenses,breakdown offenses,breakdown offenses,0,0,0,0,0,0,0,0,0,0,0,0,0,0,0,0,0,0,0,2,0,0,0,6,4,4,0,0,12,2,0,0,12,12,0,0,0,0,0,0,0,0,0,0,0,0,0,0,0,0,0,0,0,0,0,0,0,0,0,0,0,0,0,0,0,0,0,0,0,0,0,0,0,0,0,0,0,0,0,0,0,0,0,0,0,0,0,0,0,0,0,0,0,0,0,0,0,0,0,0,0,0,0,0,0,0,0,0,0,0,0,0,0,0,0,0,0,0,0,0,0,0,0,0,0,0,0
Greensburg Police Department,1961-12-01,Pennsylvania,17383,PA06502,,not updated,normal return,not updated,not updated,not updated,breakdown offenses,breakdown offenses,breakdown offenses,0,0,0,0,0,0,0,0,0,0,0,0,0,2,0,0,0,0,0,15,0,0,0,7,0,0,0,0,24,5,2,2,22,24,0,0,0,0,0,0,0,0,0,0,0,0,0,0,0,0,0,0,0,0,0,0,0,0,0,0,0,0,0,0,0,0,0,0,0,0,0,0,0,0,0,0,0,0,0,0,0,0,0,0,0,0,0,0,0,0,0,0,0,0,0,0,0,0,0,0,0,0,0,0,0,0,0,0,0,0,0,0,0,0,0,0,0,0,0,0,0,0,0,0,0,0,0
Greensburg Police Department,1961-11-01,Pennsylvania,17383,PA06502,,not updated,normal return,not updated,not updated,not updated,breakdown offenses,breakdown offenses,breakdown offenses,0,0,0,0,0,0,0,0,0,0,0,0,0,0,0,0,0,0,0,2,0,0,0,4,1,1,0,0,7,1,0,0,7,7,0,0,0,0,0,0,0,0,0,0,0,0,0,0,0,0,0,0,0,0,0,0,0,0,0,0,0,0,0,0,0,0,0,0,0,0,0,0,0,0,0,0,0,0,0,0,0,0,0,0,0,0,0,0,0,0,0,0,0,0,0,0,0,0,0,0,0,0,0,0,0,0,0,0,0,0,0,0,0,0,0,0,0,0,0,0,0,0,0,0,0,0,0
Greensburg Police Department,1961-10-01,Pennsylvania,17383,PA06502,,not updated,normal return,not updated,not updated,not updated,breakdown offenses,breakdown offenses,breakdown offenses,0,0,0,0,0,0,0,0,0,0,0,0,0,0,0,0,0,0,0,2,0,0,0,7,3,3,0,0,12,5,0,0,12,12,0,0,0,0,0,0,0,0,0,0,0,0,0,0,0,0,0,0,0,0,0,0,0,0,0,0,0,0,0,0,0,0,0,0,0,0,0,0,0,0,0,0,0,0,0,0,0,0,0,0,0,0,0,0,0,0,0,0,0,0,0,0,0,0,0,0,0,0,0,0,0,0,0,0,0,0,0,0,0,0,0,0,0,0,0,0,0,0,0,0,0,0,0
Greensburg Police Department,1961-09-01,Pennsylvania,17383,PA06502,,not updated,normal return,not updated,not updated,not updated,breakdown offenses,breakdown offenses,breakdown offenses,0,0,0,0,0,0,0,0,0,0,0,0,0,0,0,0,0,0,0,1,0,0,0,8,1,1,0,0,10,7,0,0,10,10,0,0,0,0,0,0,0,0,0,0,0,0,0,0,0,0,0,0,0,0,0,0,0,0,0,0,0,0,0,0,0,0,0,0,0,0,0,0,0,0,0,0,0,0,0,0,0,0,0,0,0,0,0,0,0,0,0,0,0,0,0,0,0,0,0,0,0,0,0,0,0,0,0,0,0,0,0,0,0,0,0,0,0,0,0,0,0,0,0,0,0,0,0
Greensburg Police Department,1961-08-01,Pennsylvania,17383,PA06502,,not updated,normal return,not updated,not updated,not updated,breakdown offenses,breakdown offenses,breakdown offenses,0,0,0,0,0,0,0,0,0,0,0,0,0,3,0,0,0,0,0,2,0,0,0,8,2,2,0,0,15,6,3,3,12,15,0,0,0,0,0,0,0,0,0,0,0,0,0,0,0,0,0,0,0,0,0,0,0,0,0,0,0,0,0,0,0,0,0,0,0,0,0,0,0,0,0,0,0,0,0,0,0,0,0,0,0,0,0,0,0,0,0,0,0,0,0,0,0,0,0,0,0,0,0,0,0,0,0,0,0,0,0,0,0,0,0,0,0,0,0,0,0,0,0,0,0,0,0
Greensburg Police Department,1961-07-01,Pennsylvania,17383,PA06502,,not updated,normal return,not updated,not updated,not updated,breakdown offenses,breakdown offenses,breakdown offenses,0,0,0,0,0,0,0,0,0,0,0,0,0,3,0,0,0,0,0,0,0,0,0,8,2,2,0,0,13,5,3,3,10,13,0,0,0,0,0,0,0,0,0,0,0,0,0,0,0,0,0,0,0,0,0,0,0,0,0,0,0,0,0,0,0,0,0,0,0,0,0,0,0,0,0,0,0,0,0,0,0,0,0,0,0,0,0,0,0,0,0,0,0,0,0,0,0,0,0,0,0,0,0,0,0,0,0,0,0,0,0,0,0,0,0,0,0,0,0,0,0,0,0,0,0,0,0
Greensburg Police Department,1961-06-01,Pennsylvania,17383,PA06502,,not updated,normal return,not updated,not updated,not updated,breakdown offenses,breakdown offenses,breakdown offenses,0,0,0,0,0,0,0,0,1,0,0,0,0,0,0,0,0,0,0,3,0,0,0,6,1,1,0,0,11,6,0,1,10,11,0,0,0,0,0,0,0,0,0,0,0,0,0,0,0,0,0,0,0,0,0,0,0,0,0,0,0,0,0,0,0,0,0,0,0,0,0,0,0,0,0,0,0,0,0,0,0,0,0,0,0,0,0,0,0,0,0,0,0,0,0,0,0,0,0,0,0,0,0,0,0,0,0,0,0,0,0,0,0,0,0,0,0,0,0,0,0,0,0,0,0,0,0
Greensburg Police Department,1961-05-01,Pennsylvania,17383,PA06502,,not updated,normal return,not updated,not updated,not updated,breakdown offenses,breakdown offenses,breakdown offenses,0,0,0,0,0,0,0,0,0,0,0,0,0,0,0,0,0,0,0,2,0,0,0,13,0,0,0,0,15,8,0,0,15,15,0,0,0,0,0,0,0,0,0,0,0,0,0,0,0,0,0,0,0,0,0,0,0,0,0,0,0,0,0,0,0,0,0,0,0,0,0,0,0,0,0,0,0,0,0,0,0,0,0,0,0,0,0,0,0,0,0,0,0,0,0,0,0,0,0,0,0,0,0,0,0,0,0,0,0,0,0,0,0,0,0,0,0,0,0,0,0,0,0,0,0,0,0
Greensburg Police Department,1961-04-01,Pennsylvania,17383,PA06502,,not updated,normal return,not updated,not updated,not updated,breakdown offenses,breakdown offenses,breakdown offenses,0,0,0,0,0,0,0,0,0,0,0,0,0,0,0,0,0,0,0,3,0,0,0,9,1,1,0,0,13,5,0,0,13,13,0,0,0,0,0,0,0,0,0,0,0,0,0,0,0,0,0,0,0,0,0,0,0,0,0,0,0,0,0,0,0,0,0,0,0,0,0,0,0,0,0,0,0,0,0,0,0,0,0,0,0,0,0,0,0,0,0,0,0,0,0,0,0,0,0,0,0,0,0,0,0,0,0,0,0,0,0,0,0,0,0,0,0,0,0,0,0,0,0,0,0,0,0
Greensburg Police Department,1961-03-01,Pennsylvania,17383,PA06502,,not updated,normal return,not updated,not updated,not updated,breakdown offenses,breakdown offenses,breakdown offenses,0,0,0,0,0,0,0,0,0,0,0,0,0,1,0,0,0,0,0,2,0,0,0,8,0,0,0,0,11,4,1,1,10,11,0,0,0,0,0,0,0,0,0,0,0,0,0,0,0,0,0,0,0,0,0,0,0,0,0,0,0,0,0,0,0,0,0,0,0,0,0,0,0,0,0,0,0,0,0,0,0,0,0,0,0,0,0,0,0,0,0,0,0,0,0,0,0,0,0,0,0,0,0,0,0,0,0,0,0,0,0,0,0,0,0,0,0,0,0,0,0,0,0,0,0,0,0
Greensburg Police Department,1961-02-01,Pennsylvania,17383,PA06502,,not updated,normal return,not updated,not updated,not updated,breakdown offenses,breakdown offenses,breakdown offenses,0,0,0,0,0,0,0,0,0,0,0,0,0,1,0,0,0,0,0,3,0,0,0,9,4,4,0,0,17,9,1,1,16,17,0,0,0,0,0,0,0,0,0,0,0,0,0,0,0,0,0,0,0,0,0,0,0,0,0,0,0,0,0,0,0,0,0,0,0,0,0,0,0,0,0,0,0,0,0,0,0,0,0,0,0,0,0,0,0,0,0,0,0,0,0,0,0,0,0,0,0,0,0,0,0,0,0,0,0,0,0,0,0,0,0,0,0,0,0,0,0,0,0,0,0,0,0
Greensburg Police Department,1961-01-01,Pennsylvania,17383,PA06502,,not updated,normal return,not updated,not updated,not updated,breakdown offenses,breakdown offenses,breakdown offenses,0,0,0,0,0,0,0,0,0,0,0,0,0,0,0,0,0,0,0,3,0,0,0,21,1,1,0,0,25,18,0,0,25,25,0,0,0,0,0,0,0,0,0,0,0,0,0,0,0,0,0,0,0,0,0,0,0,0,0,0,0,0,0,0,0,0,0,0,0,0,0,0,0,0,0,0,0,0,0,0,0,0,0,0,0,0,0,0,0,0,0,0,0,0,0,0,0,0,0,0,0,0,0,0,0,0,0,0,0,0,0,0,0,0,0,0,0,0,0,0,0,0,0,0,0,0,0
Greensburg Police Department,1960-12-01,Pennsylvania,17383,PA06502,,not updated,normal return,not updated,not updated,not updated,breakdown offenses,breakdown offenses,breakdown offenses,0,0,0,0,0,0,0,0,0,0,0,0,0,3,0,0,0,0,0,3,0,0,0,11,2,2,0,0,19,7,3,3,16,19,0,0,0,0,0,0,0,0,0,0,0,0,0,0,0,0,0,0,0,0,0,0,0,0,0,0,0,0,0,0,0,0,0,0,0,0,0,0,0,0,0,0,0,0,0,0,0,0,0,0,0,0,0,0,0,0,0,0,0,0,0,0,0,0,0,0,0,0,0,0,0,0,0,0,0,0,0,0,0,0,0,0,0,0,0,0,0,0,0,0,0,0,0
Greensburg Police Department,1960-11-01,Pennsylvania,17383,PA06502,,not updated,normal return,not updated,not updated,not updated,breakdown offenses,breakdown offenses,breakdown offenses,0,0,0,0,0,0,0,0,0,0,0,0,0,0,0,0,0,0,0,0,0,0,0,11,2,2,0,0,13,9,0,0,13,13,0,0,0,0,0,0,0,0,0,0,0,0,0,0,0,0,0,0,0,0,0,0,0,0,0,0,0,0,0,0,0,0,0,0,0,0,0,0,0,0,0,0,0,0,0,0,0,0,0,0,0,0,0,0,0,0,0,0,0,0,0,0,0,0,0,0,0,0,0,0,0,0,0,0,0,0,0,0,0,0,0,0,0,0,0,0,0,0,0,0,0,0,0
Greensburg Police Department,1960-10-01,Pennsylvania,17383,PA06502,,not updated,normal return,not updated,not updated,not updated,breakdown offenses,breakdown offenses,breakdown offenses,0,0,0,0,0,0,0,0,0,0,0,0,0,1,0,0,0,0,0,4,0,0,0,10,6,6,0,0,21,6,1,1,20,21,0,0,0,0,0,0,0,0,0,0,0,0,0,0,0,0,0,0,0,0,0,0,0,0,0,0,0,0,0,0,0,0,0,0,0,0,0,0,0,0,0,0,0,0,0,0,0,0,0,0,0,0,0,0,0,0,0,0,0,0,0,0,0,0,0,0,0,0,0,0,0,0,0,0,0,0,0,0,0,0,0,0,0,0,0,0,0,0,0,0,0,0,0
Greensburg Police Department,1960-09-01,Pennsylvania,17383,PA06502,,not updated,normal return,not updated,not updated,not updated,breakdown offenses,breakdown offenses,breakdown offenses,0,0,0,0,0,0,0,0,0,0,0,0,0,2,0,0,0,0,0,1,0,0,0,7,0,0,0,0,10,6,2,2,8,10,0,0,0,0,0,0,0,0,0,0,0,0,0,0,0,0,0,0,0,0,0,0,0,0,0,0,0,0,0,0,0,0,0,0,0,0,0,0,0,0,0,0,0,0,0,0,0,0,0,0,0,0,0,0,0,0,0,0,0,0,0,0,0,0,0,0,0,0,0,0,0,0,0,0,0,0,0,0,0,0,0,0,0,0,0,0,0,0,0,0,0,0,0
Greensburg Police Department,1960-08-01,Pennsylvania,17383,PA06502,,not updated,normal return,not updated,not updated,not updated,breakdown offenses,breakdown offenses,breakdown offenses,0,0,0,0,0,0,0,0,0,0,0,0,0,2,0,0,0,0,0,2,0,0,0,10,0,0,0,0,14,9,2,2,12,14,0,0,0,0,0,0,0,0,0,0,0,0,0,0,0,0,0,0,0,0,0,0,0,0,0,0,0,0,0,0,0,0,0,0,0,0,0,0,0,0,0,0,0,0,0,0,0,0,0,0,0,0,0,0,0,0,0,0,0,0,0,0,0,0,0,0,0,0,0,0,0,0,0,0,0,0,0,0,0,0,0,0,0,0,0,0,0,0,0,0,0,0,0
Greensburg Police Department,1960-07-01,Pennsylvania,17383,PA06502,,not updated,normal return,not updated,not updated,not updated,breakdown offenses,breakdown offenses,breakdown offenses,0,0,0,0,0,0,0,0,0,0,0,0,0,2,0,0,0,0,0,0,0,0,0,7,1,1,0,0,10,3,2,2,8,10,0,0,0,0,0,0,0,0,0,0,0,0,0,0,0,0,0,0,0,0,0,0,0,0,0,0,0,0,0,0,0,0,0,0,0,0,0,0,0,0,0,0,0,0,0,0,0,0,0,0,0,0,0,0,0,0,0,0,0,0,0,0,0,0,0,0,0,0,0,0,0,0,0,0,0,0,0,0,0,0,0,0,0,0,0,0,0,0,0,0,0,0,0
Greensburg Police Department,1960-06-01,Pennsylvania,17383,PA06502,,not updated,normal return,not updated,not updated,not updated,breakdown offenses,breakdown offenses,breakdown offenses,0,0,0,0,0,0,0,0,0,0,0,0,0,1,0,0,0,0,0,1,0,0,0,8,0,0,0,0,10,6,1,1,9,10,0,0,0,0,0,0,0,0,0,0,0,0,0,0,0,0,0,0,0,0,0,0,0,0,0,0,0,0,0,0,0,0,0,0,0,0,0,0,0,0,0,0,0,0,0,0,0,0,0,0,0,0,0,0,0,0,0,0,0,0,0,0,0,0,0,0,0,0,0,0,0,0,0,0,0,0,0,0,0,0,0,0,0,0,0,0,0,0,0,0,0,0,0
Greensburg Police Department,1960-05-01,Pennsylvania,17383,PA06502,,not updated,normal return,not updated,not updated,not updated,breakdown offenses,breakdown offenses,breakdown offenses,0,0,0,0,0,0,0,0,0,0,0,0,0,2,0,0,0,0,0,2,0,0,0,6,3,3,0,0,13,6,2,2,11,13,0,0,0,0,0,0,0,0,0,0,0,0,0,0,0,0,0,0,0,0,0,0,0,0,0,0,0,0,0,0,0,0,0,0,0,0,0,0,0,0,0,0,0,0,0,0,0,0,0,0,0,0,0,0,0,0,0,0,0,0,0,0,0,0,0,0,0,0,0,0,0,0,0,0,0,0,0,0,0,0,0,0,0,0,0,0,0,0,0,0,0,0,0
Greensburg Police Department,1960-04-01,Pennsylvania,17383,PA06502,,not updated,normal return,not updated,not updated,not updated,breakdown offenses,breakdown offenses,breakdown offenses,0,0,0,0,0,0,0,0,0,0,0,0,0,1,0,0,0,0,0,0,0,0,0,6,4,4,0,0,11,2,1,1,10,11,0,0,0,0,0,0,0,0,0,0,0,0,0,0,0,0,0,0,0,0,0,0,0,0,0,0,0,0,0,0,0,0,0,0,0,0,0,0,0,0,0,0,0,0,0,0,0,0,0,0,0,0,0,0,0,0,0,0,0,0,0,0,0,0,0,0,0,0,0,0,0,0,0,0,0,0,0,0,0,0,0,0,0,0,0,0,0,0,0,0,0,0,0
Greensburg Police Department,1960-03-01,Pennsylvania,17383,PA06502,,not updated,normal return,not updated,not updated,not updated,breakdown offenses,breakdown offenses,breakdown offenses,0,0,0,0,0,0,0,0,0,0,0,0,0,1,0,0,0,0,0,0,0,0,0,7,3,3,0,0,11,7,1,1,10,11,0,0,0,0,0,0,0,0,0,0,0,0,0,0,0,0,0,0,0,0,0,0,0,0,0,0,0,0,0,0,0,0,0,0,0,0,0,0,0,0,0,0,0,0,0,0,0,0,0,0,0,0,0,0,0,0,0,0,0,0,0,0,0,0,0,0,0,0,0,0,0,0,0,0,0,0,0,0,0,0,0,0,0,0,0,0,0,0,0,0,0,0,0
Greensburg Police Department,1960-02-01,Pennsylvania,17383,PA06502,,not updated,normal return,not updated,not updated,not updated,breakdown offenses,breakdown offenses,breakdown offenses,0,0,0,0,0,0,0,0,1,0,0,0,0,0,0,0,0,0,0,1,0,0,0,4,0,0,0,0,6,4,0,1,5,6,0,0,0,0,0,0,0,0,0,0,0,0,0,0,0,0,0,0,0,0,0,0,0,0,0,0,0,0,0,0,0,0,0,0,0,0,0,0,0,0,0,0,0,0,0,0,0,0,0,0,0,0,0,0,0,0,0,0,0,0,0,0,0,0,0,0,0,0,0,0,0,0,0,0,0,0,0,0,0,0,0,0,0,0,0,0,0,0,0,0,0,0,0
Greensburg Police Department,1960-01-01,Pennsylvania,17383,PA06502,,not updated,normal return,not updated,not updated,not updated,breakdown offenses,breakdown offenses,breakdown offenses,0,0,0,0,0,0,0,0,0,0,0,0,0,0,0,0,0,0,0,2,0,0,0,15,0,0,0,0,17,14,0,0,17,17,0,0,0,0,0,0,0,0,0,0,0,0,0,0,0,0,0,0,0,0,0,0,0,0,0,0,0,0,0,0,0,0,0,0,0,0,0,0,0,0,0,0,0,0,0,0,0,0,0,0,0,0,0,0,0,0,0,0,0,0,0,0,0,0,0,0,0,0,0,0,0,0,0,0,0,0,0,0,0,0,0,0,0,0,0,0,0,0,0,0,0,0,0
