agency,year,state,population,ORI,officers_killed_by_felony,officers_killed_by_accident,officers_assaulted,actual_murder,actual_manslaughter,actual_rape_total,actual_rape_by_force,actual_rape_attempted,actual_robbery_total,actual_robbery_with_a_gun,actual_robbery_with_a_knife,actual_robbery_other_weapon,actual_robbery_unarmed,actual_assault_total,actual_assault_with_a_gun,actual_assault_with_a_knife,actual_assault_other_weapon,actual_assault_unarmed,actual_assault_simple,actual_burg_total,actual_burg_force_entry,actual_burg_nonforce_entry,actual_burg_attempted,actual_theft_total,actual_mtr_veh_theft_total,actual_mtr_veh_theft_car,actual_mtr_veh_theft_truck,actual_mtr_veh_theft_other,actual_all_crimes,actual_assault_aggravated,actual_index_violent,actual_index_property,actual_index_total,tot_clr_murder,tot_clr_manslaughter,tot_clr_rape_total,tot_clr_rape_by_force,tot_clr_rape_attempted,tot_clr_robbery_total,tot_clr_robbery_with_a_gun,tot_clr_robbery_with_a_knife,tot_clr_robbery_other_weapon,tot_clr_robbery_unarmed,tot_clr_assault_total,tot_clr_assault_with_a_gun,tot_clr_assault_with_a_knife,tot_clr_assault_other_weapon,tot_clr_assault_unarmed,tot_clr_assault_simple,tot_clr_burg_total,tot_clr_burg_force_entry,tot_clr_burg_nonforce_entry,tot_clr_burg_attempted,tot_clr_theft_total,tot_clr_mtr_veh_theft_total,tot_clr_mtr_veh_theft_car,tot_clr_mtr_veh_theft_truck,tot_clr_mtr_veh_theft_other,tot_clr_all_crimes,tot_clr_assault_aggravated,tot_clr_index_violent,tot_clr_index_property,tot_clr_index_total,clr_18_murder,clr_18_manslaughter,clr_18_rape_total,clr_18_rape_by_force,clr_18_rape_attempted,clr_18_robbery_total,clr_18_robbery_with_a_gun,clr_18_robbery_with_a_knife,clr_18_robbery_other_weapon,clr_18_robbery_unarmed,clr_18_assault_total,clr_18_assault_with_a_gun,clr_18_assault_with_a_knife,clr_18_assault_other_weapon,clr_18_assault_unarmed,clr_18_assault_simple,clr_18_burg_total,clr_18_burg_force_entry,clr_18_burg_nonforce_entry,clr_18_burg_attempted,clr_18_theft_total,clr_18_mtr_veh_theft_total,clr_18_mtr_veh_theft_car,clr_18_mtr_veh_theft_truck,clr_18_mtr_veh_theft_other,clr_18_all_crimes,clr_18_assault_aggravated,clr_18_index_violent,clr_18_index_property,clr_18_index_total,unfound_murder,unfound_manslaughter,unfound_rape_total,unfound_rape_by_force,unfound_rape_attempted,unfound_robbery_total,unfound_robbery_with_a_gun,unfound_robbery_with_a_knife,unfound_robbery_other_weapon,unfound_robbery_unarmed,unfound_assault_total,unfound_assault_with_a_gun,unfound_assault_with_a_knife,unfound_assault_other_weapon,unfound_assault_unarmed,unfound_assault_simple,unfound_burg_total,unfound_burg_force_entry,unfound_burg_nonforce_entry,unfound_burg_attempted,unfound_theft_total,unfound_mtr_veh_theft_total,unfound_mtr_veh_theft_car,unfound_mtr_veh_theft_truck,unfound_mtr_veh_theft_other,unfound_all_crimes,unfound_assault_aggravated,unfound_index_violent,unfound_index_property,unfound_index_total,actual_arson_single_occupancy,actual_arson_other_residential,actual_arson_storage,actual_arson_industrial,actual_arson_other_commercial,actual_arson_community_public,actual_arson_all_oth_structures,actual_arson_total_structures,actual_arson_motor_vehicles,actual_arson_other_mobile,actual_arson_total_mobile,actual_arson_all_other,actual_arson_grand_total,tot_clr_arson_single_occupancy,tot_clr_arson_other_residential,tot_clr_arson_storage,tot_clr_arson_industrial,tot_clr_arson_other_commercial,tot_clr_arson_community_public,tot_clr_arson_all_oth_structures,tot_clr_arson_total_structures,tot_clr_arson_motor_vehicles,tot_clr_arson_other_mobile,tot_clr_arson_total_mobile,tot_clr_arson_all_other,tot_clr_arson_grand_total,clr_18_arson_single_occupancy,clr_18_arson_other_residential,clr_18_arson_storage,clr_18_arson_industrial,clr_18_arson_other_commercial,clr_18_arson_community_public,clr_18_arson_all_oth_structures,clr_18_arson_total_structures,clr_18_arson_motor_vehicles,clr_18_arson_other_mobile,clr_18_arson_total_mobile,clr_18_arson_all_other,clr_18_arson_grand_total,unfound_arson_single_occupancy,unfound_arson_other_residential,unfound_arson_storage,unfound_arson_industrial,unfound_arson_other_commercial,unfound_arson_community_public,unfound_arson_all_oth_structures,unfound_arson_total_structures,unfound_arson_motor_vehicles,unfound_arson_other_mobile,unfound_arson_total_mobile,unfound_arson_all_other,unfound_arson_grand_total
midvale police department,2010-12-01,utah,27964,UT01801,0,0,0,0,0,3,2,1,4,1,0,1,2,38,0,1,0,0,37,39,26,12,1,72,12,11,0,1,168,1,8,123,131,0,0,0,0,0,2,0,0,1,1,19,0,3,0,0,16,0,0,0,0,10,1,1,0,0,32,3,5,11,16,0,0,0,0,0,0,0,0,0,0,1,0,0,0,0,1,0,0,0,0,2,0,0,0,0,3,0,0,2,2,0,0,0,0,0,0,0,0,0,0,0,0,0,0,0,0,0,0,0,0,0,0,0,0,0,0,0,0,0,0,0,0,0,0,0,0,0,0,0,0,0,0,0,0,0,0,0,0,0,0,0,0,0,0,0,0,0,0,0,0,0,0,0,0,0,0,0,0,0,0,0,0,0,0,0,0,0,0,0,0,0,0
midvale police department,2010-11-01,utah,27964,UT01801,0,0,0,0,0,1,1,0,1,0,0,0,1,68,0,0,1,0,67,26,15,10,1,99,11,9,0,2,206,1,3,136,139,0,0,0,0,0,0,0,0,0,0,33,0,0,1,0,32,2,2,0,0,21,0,0,0,0,56,1,1,23,24,0,0,0,0,0,0,0,0,0,0,5,0,0,0,0,5,1,1,0,0,3,0,0,0,0,9,0,0,4,4,0,0,0,0,0,0,0,0,0,0,0,0,0,0,0,0,0,0,0,0,0,0,0,0,0,0,0,0,0,0,0,0,0,0,0,0,0,0,0,0,0,0,0,0,0,0,0,0,0,0,0,0,0,0,0,0,0,0,0,0,0,0,0,0,0,0,0,0,0,0,0,0,0,0,0,0,0,0,0,0,0,0
midvale police department,2010-10-01,utah,27964,UT01801,0,0,0,0,0,3,2,1,4,1,0,0,3,84,1,2,1,3,77,26,19,5,2,88,15,11,2,2,220,7,14,129,143,0,0,0,0,0,0,0,0,0,0,44,1,1,0,4,38,1,1,0,0,22,3,3,0,0,70,6,6,26,32,0,0,0,0,0,0,0,0,0,0,3,0,0,0,0,3,0,0,0,0,0,0,0,0,0,3,0,0,0,0,0,0,0,0,0,0,0,0,0,0,0,0,0,0,0,0,0,0,0,0,0,0,0,0,0,0,0,0,0,0,0,0,0,0,0,0,0,0,0,0,0,0,0,0,0,0,0,0,0,0,0,0,0,0,0,0,0,0,0,0,0,0,0,0,0,0,0,0,0,0,0,0,0,0,0,0,0,0,0,0,0,0
midvale police department,2010-09-01,utah,27964,UT01801,0,0,0,0,0,3,3,0,2,0,0,1,1,62,1,3,1,7,50,41,24,17,0,74,12,12,0,0,194,12,17,127,144,0,0,1,1,0,0,0,0,0,0,45,2,2,0,4,37,3,2,1,0,12,0,0,0,0,61,8,9,15,24,0,0,0,0,0,0,0,0,0,0,6,0,0,0,0,6,0,0,0,0,1,0,0,0,0,7,0,0,1,1,0,0,0,0,0,0,0,0,0,0,0,0,0,0,0,0,0,0,0,0,0,0,0,0,0,0,0,0,0,0,0,0,0,0,0,0,0,0,0,0,0,0,0,0,0,0,0,0,0,0,0,0,0,0,0,0,0,0,0,0,0,0,0,0,0,0,0,0,0,0,0,0,0,0,0,0,0,0,0,0,0,0
midvale police department,2010-08-01,utah,27964,UT01801,0,0,0,0,0,2,2,0,2,1,0,0,1,63,1,3,1,2,56,34,17,16,1,117,15,11,0,4,233,7,11,166,177,0,0,0,0,0,0,0,0,0,0,33,0,1,1,0,31,2,2,0,0,16,1,1,0,0,52,2,2,19,21,0,0,0,0,0,0,0,0,0,0,0,0,0,0,0,0,0,0,0,0,3,0,0,0,0,3,0,0,3,3,0,0,0,0,0,0,0,0,0,0,0,0,0,0,0,0,0,0,0,0,0,0,0,0,0,0,0,0,0,0,0,0,0,0,0,0,0,0,0,0,0,0,0,0,0,0,0,0,0,0,0,0,0,0,0,0,0,0,0,0,0,0,0,0,0,0,0,0,0,0,0,0,0,0,0,0,0,0,0,0,0,0
midvale police department,2010-07-01,utah,27964,UT01801,0,0,0,0,0,0,0,0,1,0,0,0,1,54,0,0,3,3,48,40,13,27,0,97,16,13,0,3,208,6,7,153,160,0,0,0,0,0,0,0,0,0,0,24,0,0,1,1,22,3,1,2,0,13,1,0,0,1,41,2,2,17,19,0,0,0,0,0,0,0,0,0,0,1,0,0,0,0,1,0,0,0,0,1,0,0,0,0,2,0,0,1,1,0,0,0,0,0,0,0,0,0,0,0,0,0,0,0,0,0,0,0,0,0,0,0,0,0,0,0,0,0,0,0,0,0,0,0,0,0,0,0,0,0,0,0,0,0,0,0,0,0,0,0,0,0,0,0,0,0,0,0,0,0,0,0,0,0,0,0,0,0,0,0,0,0,0,0,0,0,0,0,0,0,0
midvale police department,2010-06-01,utah,27964,UT01801,0,0,0,0,0,6,6,0,1,0,0,0,1,49,0,3,1,1,44,30,15,15,0,99,7,4,2,1,192,5,12,136,148,0,0,1,1,0,0,0,0,0,0,26,0,3,0,1,22,1,0,1,0,14,1,1,0,0,43,4,5,16,21,0,0,0,0,0,0,0,0,0,0,4,0,2,0,1,1,0,0,0,0,1,0,0,0,0,5,3,3,1,4,0,0,0,0,0,0,0,0,0,0,0,0,0,0,0,0,0,0,0,0,0,0,0,0,0,0,0,0,0,0,0,0,0,0,0,0,0,0,0,0,0,0,0,0,0,0,0,0,0,0,0,0,0,0,0,0,0,0,0,0,0,0,0,0,0,0,0,0,0,0,0,0,0,0,0,0,0,0,0,0,0,0
midvale police department,2010-05-01,utah,27964,UT01801,0,0,0,3,0,2,2,0,5,1,0,1,3,68,1,3,0,3,61,27,16,11,0,92,7,7,0,0,204,7,17,126,143,3,0,0,0,0,2,1,0,0,1,36,0,1,0,1,34,0,0,0,0,19,0,0,0,0,60,2,7,19,26,0,0,0,0,0,0,0,0,0,0,4,0,0,0,0,4,0,0,0,0,2,0,0,0,0,6,0,0,2,2,0,0,0,0,0,0,0,0,0,0,0,0,0,0,0,0,0,0,0,0,0,0,0,0,0,0,0,0,0,0,0,0,0,0,0,0,0,0,0,0,0,0,0,0,0,0,0,0,0,0,0,0,0,0,0,0,0,0,0,0,0,0,0,0,0,0,0,0,0,0,0,0,0,0,0,0,0,0,0,0,0,0
midvale police department,2010-04-01,utah,27964,UT01801,0,0,0,0,0,2,1,1,1,0,1,0,0,69,0,4,3,0,62,32,21,11,0,117,12,9,0,3,233,7,10,161,171,0,0,0,0,0,0,0,0,0,0,57,0,2,3,0,52,1,1,0,0,27,3,3,0,0,88,5,5,31,36,0,0,0,0,0,0,0,0,0,0,6,0,0,0,0,6,0,0,0,0,3,0,0,0,0,9,0,0,3,3,0,0,0,0,0,0,0,0,0,0,0,0,0,0,0,0,0,0,0,0,0,0,0,0,0,0,0,0,0,0,0,0,0,0,0,0,0,0,0,0,0,0,0,0,0,0,0,0,0,0,0,0,0,0,0,0,0,0,0,0,0,0,0,0,0,0,0,0,0,0,0,0,0,0,0,0,0,0,0,0,0,0
midvale police department,2010-03-01,utah,27964,UT01801,0,0,0,0,0,4,4,0,3,1,0,0,2,86,5,3,0,2,76,31,21,10,0,120,7,6,0,1,251,10,17,158,175,0,0,1,1,0,0,0,0,0,0,57,0,3,0,0,54,3,1,2,0,25,0,0,0,0,86,3,4,28,32,0,0,0,0,0,0,0,0,0,0,6,0,0,0,0,6,1,0,1,0,4,0,0,0,0,11,0,0,5,5,0,0,0,0,0,0,0,0,0,0,0,0,0,0,0,0,0,0,0,0,0,0,0,0,0,0,0,0,0,0,0,0,0,0,0,0,0,0,0,0,0,0,0,0,0,0,0,0,0,0,0,0,0,0,0,0,0,0,0,0,0,0,0,0,0,0,0,0,0,0,0,0,0,0,0,0,0,0,0,0,0,0
midvale police department,2010-02-01,utah,27964,UT01801,0,0,0,0,0,1,1,0,3,0,0,0,3,54,0,6,1,2,45,22,11,8,3,114,15,14,0,1,210,9,13,152,165,0,0,1,1,0,0,0,0,0,0,34,0,4,0,2,28,1,1,0,0,20,2,2,0,0,59,6,7,24,31,0,0,0,0,0,0,0,0,0,0,3,0,0,0,0,3,0,0,0,0,3,1,1,0,0,7,0,0,4,4,0,0,0,0,0,0,0,0,0,0,0,0,0,0,0,0,0,0,0,0,0,0,0,0,0,0,0,0,0,0,0,0,0,0,0,0,0,0,0,0,0,1,1,0,0,0,0,0,0,0,0,0,0,0,1,1,0,0,0,0,0,0,0,0,0,0,0,0,0,0,0,0,0,0,0,0,0,0,0,0,0,0
midvale police department,2010-01-01,utah,27964,UT01801,0,0,0,0,0,3,3,0,2,0,0,0,2,73,0,3,1,2,67,23,14,9,0,107,15,13,1,1,224,6,11,146,157,0,0,0,0,0,2,0,1,0,1,24,0,2,0,2,20,1,1,0,0,29,3,3,0,0,59,4,6,33,39,0,0,0,0,0,0,0,0,0,0,7,0,0,0,0,7,0,0,0,0,7,1,1,0,0,15,0,0,8,8,0,0,0,0,0,0,0,0,0,0,0,0,0,0,0,0,0,0,0,0,0,0,0,0,0,0,0,0,0,0,0,0,0,0,1,0,0,1,0,0,0,0,1,0,0,0,0,0,0,0,0,0,0,0,0,0,0,0,0,0,0,0,0,0,0,0,0,0,0,0,0,0,0,0,0,0,0,0,0,0,0,0
midvale police department,2009-12-01,utah,28099,UT01801,0,0,0,0,0,0,0,0,0,0,0,0,0,58,0,3,0,0,55,30,23,5,2,87,14,12,1,1,190,3,3,132,135,0,0,0,0,0,0,0,0,0,0,29,0,1,0,0,28,1,0,1,0,23,0,0,0,0,53,1,1,24,25,0,0,0,0,0,0,0,0,0,0,8,0,0,0,0,8,0,0,0,0,6,0,0,0,0,14,0,0,6,6,0,0,0,0,0,0,0,0,0,0,0,0,0,0,0,0,0,0,0,0,0,0,0,0,0,0,0,0,0,0,0,0,0,0,0,0,0,0,1,0,1,0,1,0,0,0,0,0,0,0,0,0,0,0,0,0,0,0,0,0,0,0,0,0,0,0,0,0,0,0,0,0,0,0,0,0,0,0,0,0,0,0
midvale police department,2009-11-01,utah,28099,UT01801,0,0,0,0,0,2,1,1,2,1,1,0,0,33,2,2,0,2,27,30,18,12,0,99,16,14,2,0,183,6,10,146,156,0,0,0,0,0,0,0,0,0,0,19,2,1,0,0,16,0,0,0,0,28,1,1,0,0,48,3,3,29,32,0,0,0,0,0,0,0,0,0,0,6,0,0,0,0,6,0,0,0,0,3,0,0,0,0,9,0,0,3,3,0,0,0,0,0,0,0,0,0,0,0,0,0,0,0,0,0,0,0,0,0,0,0,0,0,0,0,0,0,0,0,0,0,0,0,0,0,0,0,0,0,1,1,0,0,0,0,0,0,0,0,0,0,0,0,0,0,0,0,0,0,0,0,0,0,0,0,0,0,0,0,0,0,0,0,0,0,0,0,0,0,0
midvale police department,2009-10-01,utah,28099,UT01801,0,0,0,0,0,1,1,0,2,1,1,0,0,45,1,2,0,0,42,25,13,11,1,101,18,16,1,1,192,3,6,144,150,0,0,0,0,0,0,0,0,0,0,17,2,1,0,0,14,0,0,0,0,26,1,1,0,0,44,3,3,27,30,0,0,0,0,0,0,0,0,0,0,1,0,0,0,0,1,0,0,0,0,4,0,0,0,0,5,0,0,4,4,0,0,0,0,0,0,0,0,0,0,0,0,0,0,0,0,0,0,0,0,0,0,0,0,0,0,0,0,0,0,0,0,0,0,0,0,0,0,0,0,0,0,0,0,0,0,0,0,0,0,0,0,0,0,0,0,0,0,0,0,0,0,0,0,0,0,0,0,0,0,0,0,0,0,0,0,0,0,0,0,0,0
midvale police department,2009-09-01,utah,28099,UT01801,0,0,0,0,0,2,2,0,2,1,1,0,0,50,3,5,3,1,38,32,15,16,1,108,16,16,0,0,211,12,16,157,173,0,0,0,0,0,0,0,0,0,0,23,1,2,4,1,15,2,1,1,0,19,2,2,0,0,46,8,8,23,31,0,0,0,0,0,0,0,0,0,0,1,0,0,0,0,1,0,0,0,0,3,0,0,0,0,4,0,0,3,3,0,0,0,0,0,0,0,0,0,0,0,0,0,0,0,0,0,0,0,0,0,0,0,0,0,0,0,0,0,0,0,0,0,0,0,0,1,1,0,0,0,0,1,0,0,0,0,0,0,0,0,0,0,0,0,0,0,0,0,0,0,0,0,0,0,0,0,0,0,0,0,0,0,0,0,0,0,0,0,0,0,0
midvale police department,2009-08-01,utah,28099,UT01801,0,0,0,0,0,2,2,0,3,0,0,0,3,51,0,2,1,1,47,42,11,31,0,130,52,48,1,3,280,4,9,224,233,0,0,1,1,0,0,0,0,0,0,27,0,3,0,1,23,1,1,0,0,26,1,0,0,1,56,4,5,28,33,0,0,0,0,0,0,0,0,0,0,7,0,0,0,0,7,1,1,0,0,0,0,0,0,0,8,0,0,1,1,0,0,0,0,0,0,0,0,0,0,0,0,0,0,0,0,0,0,0,0,0,0,0,0,0,0,0,0,0,0,0,0,0,0,0,0,0,0,0,0,0,0,0,0,0,0,0,0,0,0,0,0,0,0,0,0,0,0,0,0,0,0,0,0,0,0,0,0,0,0,0,0,0,0,0,0,0,0,0,0,0,0
midvale police department,2009-07-01,utah,28099,UT01801,0,0,0,0,0,2,2,0,3,2,0,0,1,55,1,1,3,1,49,33,16,17,0,123,16,14,0,2,233,6,11,173,184,0,0,1,1,0,0,0,0,0,0,23,0,0,3,1,19,4,3,1,0,16,0,0,0,0,44,4,5,20,25,0,0,0,0,0,0,0,0,0,0,2,0,0,0,0,2,1,1,0,0,1,0,0,0,0,4,0,0,2,2,0,0,0,0,0,0,0,0,0,0,0,0,0,0,0,0,0,0,0,0,0,0,0,0,0,0,0,0,0,0,0,1,0,0,0,0,0,1,0,0,0,0,1,0,0,0,0,0,0,0,0,0,0,0,0,0,0,0,0,0,0,0,0,0,0,0,0,0,0,0,0,0,0,0,0,0,0,0,0,0,0,0
midvale police department,2009-06-01,utah,28099,UT01801,0,0,0,0,0,1,1,0,2,2,0,0,0,39,3,2,2,0,32,36,19,17,0,135,26,24,0,2,239,7,10,197,207,0,0,0,0,0,1,1,0,0,0,14,3,0,1,1,9,0,0,0,0,10,0,0,0,0,26,5,6,11,17,0,0,0,0,0,0,0,0,0,0,0,0,0,0,0,0,0,0,0,0,2,0,0,0,0,2,0,0,2,2,0,0,0,0,0,0,0,0,0,0,0,0,0,0,0,0,0,0,0,0,0,0,0,0,0,0,0,0,0,0,0,0,0,0,0,0,0,0,0,0,0,0,0,0,0,0,0,0,0,0,0,1,0,1,0,1,0,0,0,0,0,0,0,0,0,0,0,0,0,0,0,0,0,0,0,0,0,0,0,0,0,0
midvale police department,2009-05-01,utah,28099,UT01801,0,0,0,0,0,3,3,0,0,0,0,0,0,24,0,3,2,0,19,31,24,7,0,61,11,9,0,2,132,5,8,105,113,0,0,0,0,0,0,0,0,0,0,9,0,1,0,2,6,0,0,0,0,6,0,0,0,0,15,3,3,6,9,0,0,0,0,0,0,0,0,0,0,0,0,0,0,0,0,0,0,0,0,1,0,0,0,0,1,0,0,1,1,0,0,0,0,0,0,0,0,0,0,0,0,0,0,0,0,0,0,0,0,0,0,0,0,0,0,0,0,0,0,0,0,0,0,0,0,0,0,1,0,1,1,2,0,0,0,0,0,0,0,0,0,0,0,0,0,0,0,0,0,0,0,0,0,0,0,0,0,0,0,0,0,0,0,0,0,0,0,0,0,0,0
midvale police department,2009-04-01,utah,28099,UT01801,0,0,0,0,0,1,1,0,1,0,0,1,0,31,2,0,1,3,25,19,12,7,0,84,10,7,0,3,147,6,8,114,122,0,0,0,0,0,0,0,0,0,0,8,0,0,1,1,6,1,1,0,0,17,0,0,0,0,26,2,2,18,20,0,0,0,0,0,0,0,0,0,0,0,0,0,0,0,0,0,0,0,0,6,0,0,0,0,6,0,0,6,6,0,0,0,0,0,0,0,0,0,0,0,0,0,0,0,0,0,0,0,0,0,0,0,0,0,0,0,0,0,0,0,0,0,0,1,0,0,1,0,0,0,0,1,0,0,0,0,0,0,0,0,0,0,0,0,0,0,0,0,0,0,0,0,0,0,0,0,0,0,0,0,0,0,0,0,0,0,0,0,0,0,0
midvale police department,2009-03-01,utah,28099,UT01801,0,0,0,0,0,0,0,0,1,1,0,0,0,42,0,3,3,3,33,31,18,12,1,67,9,8,1,0,150,9,10,107,117,0,0,0,0,0,0,0,0,0,0,17,0,0,5,1,11,1,1,0,0,8,0,0,0,0,26,6,6,9,15,0,0,0,0,0,0,0,0,0,0,1,0,0,0,0,1,0,0,0,0,1,0,0,0,0,2,0,0,1,1,0,0,0,0,0,0,0,0,0,0,0,0,0,0,0,0,0,0,0,0,0,0,0,0,0,0,0,0,0,0,0,0,0,0,0,0,0,0,0,0,0,0,0,0,0,0,0,0,0,0,0,0,0,0,0,0,0,0,0,0,0,0,0,0,0,0,0,0,0,0,0,0,0,0,0,0,0,0,0,0,0,0
midvale police department,2009-02-01,utah,28099,UT01801,0,0,0,0,0,1,1,0,4,0,2,1,1,36,0,0,5,0,31,23,16,7,0,68,11,9,1,1,143,5,10,102,112,0,0,0,0,0,1,0,1,0,0,8,1,0,0,0,7,1,1,0,0,0,1,1,0,0,11,1,2,2,4,0,0,0,0,0,0,0,0,0,0,1,0,0,0,0,1,0,0,0,0,0,0,0,0,0,1,0,0,0,0,0,0,0,0,0,0,0,0,0,0,0,0,0,0,0,0,0,0,0,0,0,0,0,0,0,0,0,0,0,0,0,0,0,0,0,0,0,0,0,0,0,0,0,0,0,0,0,0,0,0,0,0,0,0,0,0,0,0,0,0,0,0,0,0,0,0,0,0,0,0,0,0,0,0,0,0,0,0,0,0,0,0
midvale police department,2009-01-01,utah,28099,UT01801,0,0,0,1,0,0,0,0,3,1,1,0,1,46,1,1,3,0,41,35,27,8,0,94,14,14,0,0,193,5,9,143,152,0,0,0,0,0,0,0,0,0,0,23,0,0,1,0,22,1,1,0,0,8,0,0,0,0,32,1,1,9,10,0,0,0,0,0,0,0,0,0,0,7,0,0,0,0,7,0,0,0,0,3,0,0,0,0,10,0,0,3,3,0,0,0,0,0,0,0,0,0,0,0,0,0,0,0,0,0,0,0,0,0,0,0,0,0,0,0,0,0,0,0,0,0,0,0,0,0,0,0,0,0,0,0,0,0,0,0,0,0,0,0,0,0,0,0,0,0,0,0,0,0,0,0,0,0,0,0,0,0,0,0,0,0,0,0,0,0,0,0,0,0,0
midvale police department,2008-12-01,utah,27875,UT01801,0,0,0,0,0,2,2,0,2,2,0,0,0,16,0,1,1,1,13,20,15,5,0,73,16,12,2,2,129,3,7,109,116,0,0,0,0,0,0,0,0,0,0,3,0,0,0,0,3,0,0,0,0,2,0,0,0,0,5,0,0,2,2,0,0,0,0,0,0,0,0,0,0,0,0,0,0,0,0,0,0,0,0,0,0,0,0,0,0,0,0,0,0,0,0,0,0,0,0,0,0,0,0,0,0,0,0,0,0,0,0,0,0,0,0,0,0,0,0,0,0,0,0,0,0,0,0,0,0,0,0,0,0,0,0,0,0,0,0,0,0,0,0,0,0,0,0,0,0,0,0,0,0,0,0,0,0,0,0,0,0,0,0,0,0,0,0,0,0,0,0,0,0,0,0
midvale police department,2008-11-01,utah,27875,UT01801,0,0,0,0,0,0,0,0,0,0,0,0,0,27,0,0,0,0,27,37,17,20,0,86,9,7,0,2,159,0,0,132,132,0,0,0,0,0,0,0,0,0,0,6,0,0,0,0,6,0,0,0,0,3,0,0,0,0,9,0,0,3,3,0,0,0,0,0,0,0,0,0,0,1,0,0,0,0,1,0,0,0,0,1,0,0,0,0,2,0,0,1,1,0,0,0,0,0,0,0,0,0,0,0,0,0,0,0,0,0,0,0,0,0,0,0,0,0,0,0,0,0,0,0,0,0,0,0,0,0,0,0,0,0,0,0,0,0,0,0,0,0,0,0,0,0,0,0,0,0,0,0,0,0,0,0,0,0,0,0,0,0,0,0,0,0,0,0,0,0,0,0,0,0,0
midvale police department,2008-10-01,utah,27875,UT01801,0,0,0,0,0,1,1,0,0,0,0,0,0,31,1,0,2,1,27,36,18,18,0,114,37,37,0,0,219,4,5,187,192,0,0,0,0,0,0,0,0,0,0,1,0,0,0,0,1,1,1,0,0,3,0,0,0,0,5,0,0,4,4,0,0,0,0,0,0,0,0,0,0,0,0,0,0,0,0,0,0,0,0,2,0,0,0,0,2,0,0,2,2,0,0,0,0,0,0,0,0,0,0,0,0,0,0,0,0,0,0,0,0,0,0,0,0,0,0,0,0,0,0,0,0,0,0,0,0,0,0,0,0,0,0,0,0,0,0,0,0,0,0,0,0,0,0,0,0,0,0,0,0,0,0,0,0,0,0,0,0,0,0,0,0,0,0,0,0,0,0,0,0,0,0
midvale police department,2008-09-01,utah,27875,UT01801,0,0,0,0,0,1,1,0,1,0,0,1,0,55,0,4,4,2,45,29,17,11,1,118,41,36,2,3,245,10,12,188,200,0,0,0,0,0,0,0,0,0,0,2,0,0,0,0,2,0,0,0,0,2,0,0,0,0,4,0,0,2,2,0,0,0,0,0,0,0,0,0,0,2,0,0,0,0,2,0,0,0,0,0,0,0,0,0,2,0,0,0,0,0,0,0,0,0,0,0,0,0,0,0,0,0,0,0,0,0,0,0,0,0,0,0,0,0,0,0,0,0,0,0,0,0,0,0,0,0,0,0,0,0,0,0,0,0,0,0,0,0,0,0,0,0,0,0,0,0,0,0,0,0,0,0,0,0,0,0,0,0,0,0,0,0,0,0,0,0,0,0,0,0,0
midvale police department,2008-08-01,utah,27875,UT01801,0,0,0,0,0,2,1,1,2,0,0,0,2,53,3,1,3,0,46,40,22,17,1,94,24,20,1,3,215,7,11,158,169,0,0,1,0,1,0,0,0,0,0,2,0,0,0,0,2,0,0,0,0,3,0,0,0,0,6,0,1,3,4,0,0,0,0,0,0,0,0,0,0,0,0,0,0,0,0,0,0,0,0,0,0,0,0,0,0,0,0,0,0,0,0,0,0,0,0,0,0,0,0,0,0,0,0,0,0,0,0,0,0,0,0,0,0,0,0,0,0,0,0,0,0,0,0,0,0,0,0,0,0,0,0,0,0,0,0,0,0,0,0,0,0,0,0,0,0,0,0,0,0,0,0,0,0,0,0,0,0,0,0,0,0,0,0,0,0,0,0,0,0,0,0
midvale police department,2008-07-01,utah,27875,UT01801,0,0,0,0,0,1,1,0,1,0,0,0,1,65,0,1,3,1,60,42,19,22,1,77,19,15,1,3,205,5,7,138,145,0,0,0,0,0,0,0,0,0,0,2,0,0,0,1,1,0,0,0,0,2,0,0,0,0,4,1,1,2,3,0,0,0,0,0,0,0,0,0,0,0,0,0,0,0,0,0,0,0,0,0,0,0,0,0,0,0,0,0,0,0,0,0,0,0,0,0,0,0,0,0,0,0,0,0,0,0,0,0,0,0,0,0,0,0,0,0,0,0,0,0,0,0,0,0,0,0,0,0,0,0,0,0,0,0,0,0,0,0,0,0,0,0,0,0,0,0,0,0,0,0,0,0,0,0,0,0,0,0,0,0,0,0,0,0,0,0,0,0,0,0,0
midvale police department,2008-06-01,utah,27875,UT01801,0,0,0,0,0,3,3,0,2,1,0,0,1,66,1,3,1,0,61,36,21,14,1,60,12,11,0,1,179,5,10,108,118,0,0,0,0,0,0,0,0,0,0,1,0,0,0,0,1,0,0,0,0,1,0,0,0,0,2,0,0,1,1,0,0,0,0,0,0,0,0,0,0,0,0,0,0,0,0,0,0,0,0,1,0,0,0,0,1,0,0,1,1,0,0,0,0,0,0,0,0,0,0,0,0,0,0,0,0,0,0,0,0,0,0,0,0,0,0,0,0,0,0,0,0,0,0,0,0,0,0,0,0,0,0,0,0,0,0,0,0,0,0,0,0,0,0,0,0,0,0,0,0,0,0,0,0,0,0,0,0,0,0,0,0,0,0,0,0,0,0,0,0,0,0
midvale police department,2008-05-01,utah,27875,UT01801,0,0,0,0,0,1,1,0,1,1,0,0,0,29,0,0,2,0,27,33,17,16,0,63,6,5,0,1,133,2,4,102,106,0,0,0,0,0,0,0,0,0,0,4,0,0,0,0,4,0,0,0,0,2,0,0,0,0,6,0,0,2,2,0,0,0,0,0,0,0,0,0,0,1,0,0,0,0,1,0,0,0,0,1,0,0,0,0,2,0,0,1,1,0,0,0,0,0,0,0,0,0,0,0,0,0,0,0,0,0,0,0,0,0,0,0,0,0,0,0,0,0,0,0,0,0,0,0,0,0,0,0,0,0,0,0,0,0,0,0,0,0,0,0,0,0,0,0,0,0,0,0,0,0,0,0,0,0,0,0,0,0,0,0,0,0,0,0,0,0,0,0,0,0,0
midvale police department,2008-04-01,utah,27875,UT01801,0,0,0,0,0,3,3,0,1,0,1,0,0,26,0,0,0,0,26,28,21,7,0,65,22,19,1,2,145,0,4,115,119,0,0,0,0,0,0,0,0,0,0,0,0,0,0,0,0,0,0,0,0,0,0,0,0,0,0,0,0,0,0,0,0,0,0,0,0,0,0,0,0,0,0,0,0,0,0,0,0,0,0,0,0,0,0,0,0,0,0,0,0,0,0,0,0,0,0,0,0,0,0,0,0,0,0,0,0,0,0,0,0,0,0,0,0,0,0,0,0,0,0,0,0,0,0,0,0,0,0,0,0,0,0,0,0,0,0,0,0,0,0,0,0,0,0,0,0,0,0,0,0,0,0,0,0,0,0,0,0,0,0,0,0,0,0,0,0,0,0,0,0,0,0
midvale police department,2008-03-01,utah,27875,UT01801,0,0,0,0,0,2,2,0,1,0,0,1,0,43,0,2,0,0,41,30,16,13,1,73,8,6,0,2,157,2,5,111,116,0,0,0,0,0,0,0,0,0,0,3,0,0,0,0,3,0,0,0,0,3,0,0,0,0,6,0,0,3,3,0,0,0,0,0,0,0,0,0,0,0,0,0,0,0,0,0,0,0,0,1,0,0,0,0,1,0,0,1,1,0,0,0,0,0,0,0,0,0,0,0,0,0,0,0,0,0,0,0,0,0,0,0,0,0,0,0,0,0,0,0,0,0,0,0,0,0,0,0,0,0,0,0,0,0,0,0,0,0,0,0,0,0,0,0,0,0,0,0,0,0,0,0,0,0,0,0,0,0,0,0,0,0,0,0,0,0,0,0,0,0,0
midvale police department,2008-02-01,utah,27875,UT01801,0,0,0,0,0,2,2,0,1,0,0,0,1,41,1,0,5,0,35,15,6,9,0,64,9,8,0,1,132,6,9,88,97,0,0,0,0,0,0,0,0,0,0,9,1,0,1,0,7,1,1,0,0,14,0,0,0,0,24,2,2,15,17,0,0,0,0,0,0,0,0,0,0,7,1,0,0,0,6,0,0,0,0,2,0,0,0,0,9,1,1,2,3,0,0,0,0,0,0,0,0,0,0,0,0,0,0,0,0,0,0,0,0,0,0,0,0,0,0,0,0,0,0,0,0,0,0,0,0,0,0,0,0,0,0,0,0,0,0,0,0,0,0,0,0,0,0,0,0,0,0,0,0,0,0,0,0,0,0,0,0,0,0,0,0,0,0,0,0,0,0,0,0,0,0
midvale police department,2008-01-01,utah,27875,UT01801,0,0,0,0,0,3,1,2,0,0,0,0,0,59,2,2,1,1,53,26,17,6,3,91,8,7,0,1,187,6,9,125,134,0,0,0,0,0,0,0,0,0,0,17,0,0,0,0,17,1,0,1,0,8,0,0,0,0,26,0,0,9,9,0,0,0,0,0,0,0,0,0,0,8,0,0,0,0,8,0,0,0,0,0,0,0,0,0,8,0,0,0,0,0,0,0,0,0,0,0,0,0,0,0,0,0,0,0,0,0,0,0,0,0,0,0,0,0,0,0,0,0,0,0,0,0,0,0,0,0,0,0,0,0,0,0,0,0,0,0,0,0,0,0,0,0,0,0,0,0,0,0,0,0,0,0,0,0,0,0,0,0,0,0,0,0,0,0,0,0,0,0,0,0,0
midvale police department,2007-12-01,utah,27275,UT01801,0,0,0,0,0,3,2,1,4,1,0,1,2,53,0,3,3,0,47,16,14,2,0,108,21,18,1,2,207,6,13,147,160,0,0,0,0,0,0,0,0,0,0,9,0,0,1,0,8,0,0,0,0,3,0,0,0,0,12,1,1,3,4,0,0,0,0,0,0,0,0,0,0,3,0,0,0,0,3,0,0,0,0,0,0,0,0,0,3,0,0,0,0,0,0,0,0,0,0,0,0,0,0,0,0,0,0,0,0,0,0,0,0,0,0,0,0,0,0,0,0,0,0,0,1,0,0,0,0,0,1,0,0,0,1,2,0,0,0,0,0,0,0,0,0,0,0,0,0,0,0,0,0,0,0,0,0,0,0,0,0,0,0,0,0,0,0,0,0,0,0,0,0,0,0
midvale police department,2007-11-01,utah,27275,UT01801,0,0,0,0,0,2,2,0,3,0,1,0,2,60,3,3,5,1,48,32,19,12,1,107,23,17,0,6,228,12,17,163,180,0,0,0,0,0,0,0,0,0,0,16,0,3,0,0,13,0,0,0,0,8,0,0,0,0,24,3,3,8,11,0,0,0,0,0,0,0,0,0,0,5,0,0,0,0,5,0,0,0,0,1,0,0,0,0,6,0,0,1,1,0,0,0,0,0,0,0,0,0,0,0,0,0,0,0,0,0,0,0,0,0,0,0,0,0,0,0,0,0,0,0,0,0,0,0,0,1,1,0,0,0,0,1,0,0,0,0,0,0,0,0,0,0,0,0,0,0,0,0,0,0,0,0,0,0,0,0,0,0,0,0,0,0,0,0,0,0,0,0,0,0,0
midvale police department,2007-10-01,utah,27275,UT01801,0,0,0,0,0,2,2,0,2,0,0,1,1,37,1,2,2,0,32,24,9,15,0,103,25,22,0,3,194,5,9,153,162,0,0,0,0,0,0,0,0,0,0,3,0,0,0,0,3,0,0,0,0,5,0,0,0,0,8,0,0,5,5,0,0,0,0,0,0,0,0,0,0,2,0,0,0,0,2,0,0,0,0,2,0,0,0,0,4,0,0,2,2,0,0,0,0,0,0,0,0,0,0,0,0,0,0,0,0,0,0,0,0,0,0,0,0,0,0,0,0,0,0,0,0,0,0,0,0,0,0,0,0,0,1,1,0,0,0,0,0,0,0,0,0,0,0,0,0,0,0,0,0,0,0,0,0,0,0,0,0,0,0,0,0,0,0,0,0,0,0,0,0,0,0
midvale police department,2007-09-01,utah,27275,UT01801,0,0,0,0,0,1,1,0,2,1,0,0,1,43,5,2,1,2,33,15,9,6,0,81,30,26,0,4,172,10,13,126,139,0,0,0,0,0,0,0,0,0,0,5,0,0,0,0,5,0,0,0,0,2,0,0,0,0,7,0,0,2,2,0,0,0,0,0,0,0,0,0,0,0,0,0,0,0,0,0,0,0,0,1,0,0,0,0,1,0,0,1,1,0,0,0,0,0,0,0,0,0,0,0,0,0,0,0,0,0,0,0,0,0,0,0,0,0,0,0,0,0,0,0,0,0,0,0,0,0,0,0,0,0,0,0,0,0,0,0,0,0,0,0,0,0,0,0,0,0,0,0,0,0,0,0,0,0,0,0,0,0,0,0,0,0,0,0,0,0,0,0,0,0,0
midvale police department,2007-08-01,utah,27275,UT01801,0,0,0,0,0,0,0,0,3,1,0,1,1,48,4,0,2,0,42,16,6,10,0,103,44,42,1,1,215,6,9,164,173,0,0,0,0,0,0,0,0,0,0,2,0,0,0,0,2,0,0,0,0,3,0,0,0,0,5,0,0,3,3,0,0,0,0,0,0,0,0,0,0,0,0,0,0,0,0,0,0,0,0,0,0,0,0,0,0,0,0,0,0,0,0,0,0,0,0,0,0,0,0,0,0,0,0,0,0,0,0,0,0,0,0,0,0,0,0,0,0,0,0,0,0,0,0,0,0,0,0,0,0,0,1,1,0,0,0,0,0,0,0,0,0,0,0,0,0,0,0,0,0,0,0,0,0,0,0,0,0,0,0,0,0,0,0,0,0,0,0,0,0,0,0
midvale police department,2007-07-01,utah,27275,UT01801,0,0,0,0,0,1,1,0,4,1,0,0,3,43,2,1,0,0,40,24,15,8,1,86,24,20,1,3,182,3,8,134,142,0,0,0,0,0,0,0,0,0,0,5,0,0,0,0,5,0,0,0,0,2,0,0,0,0,7,0,0,2,2,0,0,0,0,0,0,0,0,0,0,0,0,0,0,0,0,0,0,0,0,1,0,0,0,0,1,0,0,1,1,0,0,0,0,0,0,0,0,0,0,0,0,0,0,0,0,0,0,0,0,0,0,0,0,0,0,0,0,0,0,0,0,0,0,0,0,0,0,0,0,0,0,0,0,0,0,0,0,0,0,0,0,0,0,0,0,0,0,0,0,0,0,0,0,0,0,0,0,0,0,0,0,0,0,0,0,0,0,0,0,0,0
midvale police department,2007-06-01,utah,27275,UT01801,0,0,0,0,0,3,3,0,2,2,0,0,0,40,2,4,2,0,32,28,14,14,0,88,29,26,1,2,191,8,13,146,159,0,0,0,0,0,0,0,0,0,0,4,0,2,0,0,2,0,0,0,0,1,0,0,0,0,5,2,2,1,3,0,0,0,0,0,0,0,0,0,0,0,0,0,0,0,0,0,0,0,0,0,0,0,0,0,0,0,0,0,0,0,0,0,0,0,0,0,0,0,0,0,0,0,0,0,0,0,0,0,0,0,0,0,0,0,0,0,0,0,0,0,0,0,0,0,0,0,0,0,0,0,1,1,0,0,0,0,0,0,0,0,0,0,0,0,0,0,0,0,0,0,0,0,0,0,0,0,0,0,0,0,0,0,0,0,0,0,0,0,0,0,0
midvale police department,2007-05-01,utah,27275,UT01801,0,0,0,0,0,0,0,0,3,0,0,1,2,48,1,1,2,0,44,16,7,9,0,111,32,28,2,2,210,4,7,159,166,0,0,0,0,0,0,0,0,0,0,7,1,0,0,0,6,0,0,0,0,3,0,0,0,0,10,1,1,3,4,0,0,0,0,0,0,0,0,0,0,3,0,0,0,0,3,0,0,0,0,2,0,0,0,0,5,0,0,2,2,0,0,0,0,0,0,0,0,0,0,0,0,0,0,0,0,0,0,0,0,0,0,0,0,0,0,0,0,0,0,0,0,0,0,0,0,0,0,0,0,0,0,0,0,0,0,0,0,0,0,0,0,0,0,0,0,0,0,0,0,0,0,0,0,0,0,0,0,0,0,0,0,0,0,0,0,0,0,0,0,0,0
midvale police department,2007-04-01,utah,27275,UT01801,0,0,0,0,0,3,3,0,1,0,0,0,1,50,3,4,2,0,41,19,9,10,0,66,31,30,1,0,170,9,13,116,129,0,0,0,0,0,0,0,0,0,0,6,0,0,0,0,6,0,0,0,0,3,0,0,0,0,9,0,0,3,3,0,0,0,0,0,0,0,0,0,0,1,0,0,0,0,1,0,0,0,0,0,0,0,0,0,1,0,0,0,0,0,0,0,0,0,0,0,0,0,0,0,0,0,0,0,0,0,0,0,0,0,0,0,0,0,0,0,0,0,0,0,0,0,0,0,0,0,0,0,0,0,0,0,0,0,0,0,0,0,0,0,0,0,0,0,0,0,0,0,0,0,0,0,0,0,0,0,0,0,0,0,0,0,0,0,0,0,0,0,0,0,0
midvale police department,2007-03-01,utah,27275,UT01801,0,0,0,0,0,4,4,0,1,0,0,1,0,44,0,1,2,1,40,14,4,10,0,89,29,29,0,0,181,4,9,132,141,0,0,0,0,0,0,0,0,0,0,17,0,0,0,1,16,0,0,0,0,9,1,1,0,0,27,1,1,10,11,0,0,0,0,0,0,0,0,0,0,3,0,0,0,0,3,0,0,0,0,0,0,0,0,0,3,0,0,0,0,0,0,0,0,0,0,0,0,0,0,0,0,0,0,0,0,0,0,0,0,0,0,0,0,0,0,0,0,0,0,0,0,0,0,0,0,0,0,0,0,0,0,0,0,0,0,0,0,0,0,0,0,0,0,0,0,0,0,0,0,0,0,0,0,0,0,0,0,0,0,0,0,0,0,0,0,0,0,0,0,0,0
midvale police department,2007-02-01,utah,27275,UT01801,0,0,0,0,0,1,1,0,2,0,0,0,2,41,0,0,0,1,40,12,5,7,0,92,33,29,1,3,181,1,4,137,141,0,0,0,0,0,0,0,0,0,0,16,0,0,0,0,16,1,0,1,0,9,0,0,0,0,26,0,0,10,10,0,0,0,0,0,0,0,0,0,0,6,0,0,0,0,6,0,0,0,0,2,0,0,0,0,8,0,0,2,2,0,0,0,0,0,0,0,0,0,0,0,0,0,0,0,0,0,0,0,0,0,0,0,0,0,0,0,0,0,0,0,0,0,0,0,0,0,0,0,0,0,0,0,0,0,0,0,0,0,0,0,0,0,0,0,0,0,0,0,0,0,0,0,0,0,0,0,0,0,0,0,0,0,0,0,0,0,0,0,0,0,0
midvale police department,2007-01-01,utah,27275,UT01801,0,0,0,0,0,0,0,0,0,0,0,0,0,43,0,1,1,0,41,21,10,10,1,90,11,10,0,1,165,2,2,122,124,0,0,0,0,0,0,0,0,0,0,18,0,0,0,0,18,1,0,1,0,7,3,3,0,0,29,0,0,11,11,0,0,0,0,0,0,0,0,0,0,5,0,0,0,0,5,0,0,0,0,2,0,0,0,0,7,0,0,2,2,0,0,0,0,0,0,0,0,0,0,0,0,0,0,0,0,0,0,0,0,0,0,0,0,0,0,0,0,0,0,0,0,0,0,0,0,0,0,0,0,0,0,0,0,0,0,0,0,0,0,0,0,0,0,0,0,0,0,0,0,0,0,0,0,0,0,0,0,0,0,0,0,0,0,0,0,0,0,0,0,0,0
midvale police department,2006-12-01,utah,28055,UT01801,0,0,0,0,0,1,1,0,5,0,2,0,3,46,2,1,1,0,42,14,11,3,0,89,39,36,3,0,194,4,10,142,152,0,0,0,0,0,1,0,0,0,1,16,0,0,0,0,16,0,0,0,0,1,1,1,0,0,19,0,1,2,3,0,0,0,0,0,1,0,0,0,1,5,0,0,0,0,5,0,0,0,0,0,0,0,0,0,6,0,1,0,1,0,0,0,0,0,0,0,0,0,0,0,0,0,0,0,0,0,0,0,0,0,0,0,0,0,0,0,0,0,0,0,0,0,0,0,0,0,0,0,0,0,0,0,0,0,0,0,0,0,0,0,0,0,0,0,0,0,0,0,0,0,0,0,0,0,0,0,0,0,0,0,0,0,0,0,0,0,0,0,0,0,0
midvale police department,2006-11-01,utah,28055,UT01801,0,0,0,0,0,2,1,1,1,1,0,0,0,41,0,1,2,1,37,9,5,4,0,71,20,20,0,0,144,4,7,100,107,0,0,0,0,0,0,0,0,0,0,14,0,1,0,0,13,0,0,0,0,7,0,0,0,0,21,1,1,7,8,0,0,0,0,0,0,0,0,0,0,2,0,0,0,0,2,0,0,0,0,3,0,0,0,0,5,0,0,3,3,0,0,0,0,0,0,0,0,0,0,0,0,0,0,0,0,0,0,0,0,0,0,0,0,0,0,0,0,0,0,0,0,0,0,0,0,0,0,0,0,0,0,0,0,0,0,0,0,0,0,0,0,0,0,0,0,0,0,0,0,0,0,0,0,0,0,0,0,0,0,0,0,0,0,0,0,0,0,0,0,0,0
midvale police department,2006-10-01,utah,28055,UT01801,0,0,0,0,0,2,2,0,1,1,0,0,0,40,3,3,0,0,34,19,7,10,2,96,18,17,1,0,177,6,9,134,143,0,0,0,0,0,0,0,0,0,0,14,3,0,0,0,11,1,0,1,0,6,0,0,0,0,21,3,3,7,10,0,0,0,0,0,0,0,0,0,0,5,0,0,0,0,5,0,0,0,0,2,0,0,0,0,7,0,0,2,2,0,0,0,0,0,0,0,0,0,0,0,0,0,0,0,0,0,0,0,0,0,0,0,0,0,0,0,0,0,0,0,1,0,0,0,0,0,1,0,0,0,0,1,0,0,0,0,0,0,0,0,0,0,0,0,0,0,0,0,0,0,0,0,0,0,0,0,0,0,0,0,0,0,0,0,0,0,0,0,0,0,0
midvale police department,2006-09-01,utah,28055,UT01801,0,0,0,0,0,2,2,0,3,2,1,0,0,35,0,1,1,0,33,25,10,14,1,101,14,13,1,0,181,2,7,141,148,0,0,0,0,0,0,0,0,0,0,7,0,1,0,0,6,0,0,0,0,6,1,1,0,0,14,1,1,7,8,0,0,0,0,0,0,0,0,0,0,4,0,0,0,0,4,0,0,0,0,1,0,0,0,0,5,0,0,1,1,0,0,0,0,0,0,0,0,0,0,0,0,0,0,0,0,0,0,0,0,0,0,0,0,0,0,0,0,0,0,0,0,0,0,1,0,0,1,0,0,0,0,1,0,0,0,0,0,0,0,0,0,0,0,0,0,0,0,0,0,0,0,0,0,0,0,0,0,0,0,0,0,0,0,0,0,0,0,0,0,0,0
midvale police department,2006-08-01,utah,28055,UT01801,0,0,0,0,0,1,1,0,5,2,3,0,0,34,0,1,4,4,25,13,9,4,0,107,13,12,0,1,173,9,15,133,148,0,0,0,0,0,1,1,0,0,0,9,0,1,4,0,4,0,0,0,0,6,0,0,0,0,16,5,6,6,12,0,0,0,0,0,0,0,0,0,0,0,0,0,0,0,0,0,0,0,0,0,0,0,0,0,0,0,0,0,0,0,0,0,0,0,0,0,0,0,0,0,0,0,0,0,0,0,0,0,0,0,0,0,0,0,0,0,0,0,0,0,0,0,0,0,0,0,0,0,0,0,0,0,0,0,0,0,0,0,0,0,0,0,0,0,0,0,0,0,0,0,0,0,0,0,0,0,0,0,0,0,0,0,0,0,0,0,0,0,0,0,0
midvale police department,2006-07-01,utah,28055,UT01801,0,0,0,0,0,1,1,0,1,1,0,0,0,30,0,1,0,0,29,17,6,10,1,95,13,12,0,1,157,1,3,125,128,0,0,0,0,0,0,0,0,0,0,8,0,0,0,0,8,2,1,1,0,5,0,0,0,0,15,0,0,7,7,0,0,0,0,0,0,0,0,0,0,1,0,0,0,0,1,0,0,0,0,0,0,0,0,0,1,0,0,0,0,0,0,0,0,0,0,0,0,0,0,0,0,0,0,0,0,0,0,0,0,0,0,0,0,0,0,0,0,0,0,0,0,0,0,0,0,0,0,0,0,0,0,0,0,0,0,0,0,0,0,0,0,0,0,0,0,0,0,0,0,0,0,0,0,0,0,0,0,0,0,0,0,0,0,0,0,0,0,0,0,0,0
midvale police department,2006-06-01,utah,28055,UT01801,0,0,0,0,0,1,1,0,2,0,0,0,2,41,3,0,0,0,38,13,9,3,1,94,12,10,1,1,163,3,6,119,125,0,0,0,0,0,0,0,0,0,0,14,3,0,0,0,11,0,0,0,0,5,1,1,0,0,20,3,3,6,9,0,0,0,0,0,0,0,0,0,0,5,0,0,0,0,5,0,0,0,0,2,0,0,0,0,7,0,0,2,2,0,0,0,0,0,0,0,0,0,0,0,0,0,0,0,0,0,0,0,0,0,0,0,0,0,0,0,0,0,0,0,0,0,0,0,0,0,0,0,0,0,0,0,0,0,0,0,0,0,0,0,0,0,0,0,0,0,0,0,0,0,0,0,0,0,0,0,0,0,0,0,0,0,0,0,0,0,0,0,0,0,0
midvale police department,2006-05-01,utah,28055,UT01801,0,0,0,0,0,2,2,0,1,0,0,0,1,37,0,1,5,0,31,24,13,11,0,122,19,17,0,2,205,6,9,165,174,0,0,0,0,0,0,0,0,0,0,4,0,0,0,0,4,1,0,1,0,5,2,2,0,0,12,0,0,8,8,0,0,0,0,0,0,0,0,0,0,2,0,0,0,0,2,0,0,0,0,2,0,0,0,0,4,0,0,2,2,0,0,0,0,0,0,0,0,0,0,0,0,0,0,0,0,0,0,0,0,0,0,0,0,0,0,0,0,0,0,0,0,0,0,0,0,0,0,0,0,0,0,0,0,0,0,0,0,0,0,0,0,0,0,0,0,0,0,0,0,0,0,0,0,0,0,0,0,0,0,0,0,0,0,0,0,0,0,0,0,0,0
midvale police department,2006-04-01,utah,28055,UT01801,0,0,0,0,0,0,0,0,4,3,0,1,0,56,0,1,1,0,54,16,10,6,0,138,29,27,1,1,243,2,6,183,189,0,0,0,0,0,1,0,0,1,0,8,0,1,0,0,7,0,0,0,0,6,0,0,0,0,15,1,2,6,8,0,0,0,0,0,0,0,0,0,0,3,0,0,0,0,3,0,0,0,0,1,0,0,0,0,4,0,0,1,1,0,0,0,0,0,0,0,0,0,0,0,0,0,0,0,0,0,0,0,0,0,0,0,0,0,0,0,0,0,0,0,0,0,0,0,0,0,0,0,0,0,0,0,0,0,0,0,0,0,0,0,0,0,0,0,0,0,0,0,0,0,0,0,0,0,0,0,0,0,0,0,0,0,0,0,0,0,0,0,0,0,0
midvale police department,2006-03-01,utah,28055,UT01801,0,0,0,0,0,2,2,0,1,1,0,0,0,42,1,1,0,0,40,19,6,11,2,96,12,11,0,1,172,2,5,127,132,0,0,0,0,0,0,0,0,0,0,8,1,0,0,0,7,0,0,0,0,5,0,0,0,0,13,1,1,5,6,0,0,0,0,0,0,0,0,0,0,0,0,0,0,0,0,0,0,0,0,1,0,0,0,0,1,0,0,1,1,0,0,0,0,0,0,0,0,0,0,0,0,0,0,0,0,0,0,0,0,0,0,0,0,0,0,0,0,0,0,0,0,0,0,0,0,0,0,0,0,0,0,0,0,0,0,0,0,0,0,0,0,0,0,0,0,0,0,0,0,0,0,0,0,0,0,0,0,0,0,0,0,0,0,0,0,0,0,0,0,0,0
midvale police department,2006-02-01,utah,28055,UT01801,0,0,0,0,0,4,4,0,1,0,0,1,0,37,0,0,1,1,35,18,7,11,0,88,22,20,1,1,170,2,7,128,135,1,0,0,0,0,0,0,0,0,0,6,0,0,0,0,6,0,0,0,0,6,1,1,0,0,14,0,1,7,8,0,0,0,0,0,0,0,0,0,0,4,0,0,0,0,4,0,0,0,0,4,0,0,0,0,8,0,0,4,4,0,0,0,0,0,0,0,0,0,0,0,0,0,0,0,0,0,0,0,0,0,0,0,0,0,0,0,0,0,0,0,0,0,0,0,0,0,0,0,0,0,0,0,0,0,0,0,0,0,0,0,0,0,0,0,0,0,0,0,0,0,0,0,0,0,0,0,0,0,0,0,0,0,0,0,0,0,0,0,0,0,0
midvale police department,2006-01-01,utah,28055,UT01801,0,0,0,1,0,2,2,0,0,0,0,0,0,35,1,1,1,0,32,21,16,5,0,84,25,25,0,0,169,3,6,131,137,0,0,0,0,0,0,0,0,0,0,3,1,0,0,0,2,0,0,0,0,5,0,0,0,0,8,1,1,5,6,0,0,0,0,0,0,0,0,0,0,1,0,0,0,0,1,0,0,0,0,1,0,0,0,0,2,0,0,1,1,0,0,0,0,0,0,0,0,0,0,0,0,0,0,0,0,0,0,0,0,0,0,0,0,0,0,0,0,0,0,0,0,0,0,0,0,0,0,0,0,0,1,1,0,0,0,0,0,0,0,0,0,0,0,0,0,0,0,0,0,0,0,0,0,0,0,0,0,0,0,0,0,0,0,0,0,0,0,0,0,0,0
midvale police department,2005-12-01,utah,27930,UT01801,0,0,0,0,0,1,1,0,1,0,0,0,1,52,0,1,2,1,48,10,6,4,0,99,23,22,1,0,186,4,6,132,138,0,0,0,0,0,0,0,0,0,0,15,0,1,0,0,14,0,0,0,0,8,1,1,0,0,24,1,1,9,10,0,0,0,0,0,0,0,0,0,0,3,0,0,0,0,3,0,0,0,0,1,0,0,0,0,4,0,0,1,1,0,0,0,0,0,0,0,0,0,0,0,0,0,0,0,0,0,0,0,0,0,0,0,0,0,0,0,0,0,0,0,0,0,0,0,0,0,0,0,0,0,0,0,0,0,0,0,0,0,0,0,0,0,0,0,0,0,0,0,0,0,0,0,0,0,0,0,0,0,0,0,0,0,0,0,0,0,0,0,0,0,0
midvale police department,2005-11-01,utah,27930,UT01801,0,0,0,0,0,3,3,0,2,2,0,0,0,33,0,0,0,2,31,12,7,5,0,91,25,24,0,1,166,2,7,128,135,0,0,0,0,0,0,0,0,0,0,12,0,0,0,2,10,1,0,1,0,11,0,0,0,0,24,2,2,12,14,0,0,0,0,0,0,0,0,0,0,5,0,0,0,0,5,0,0,0,0,1,0,0,0,0,6,0,0,1,1,0,0,0,0,0,0,0,0,0,0,0,0,0,0,0,0,0,0,0,0,0,0,0,0,0,0,0,0,0,0,0,0,0,0,0,0,0,0,0,0,0,0,0,0,0,0,0,0,0,0,0,0,0,0,0,0,0,0,0,0,0,0,0,0,0,0,0,0,0,0,0,0,0,0,0,0,0,0,0,0,0,0
midvale police department,2005-10-01,utah,27930,UT01801,0,0,0,0,0,1,1,0,1,1,0,0,0,47,4,1,6,0,36,19,12,7,0,97,9,9,0,0,174,11,13,125,138,0,0,0,0,0,0,0,0,0,0,14,4,0,2,0,8,4,2,2,0,17,0,0,0,0,35,6,6,21,27,0,0,0,0,0,0,0,0,0,0,2,0,0,1,0,1,0,0,0,0,6,0,0,0,0,8,1,1,6,7,0,0,0,0,0,0,0,0,0,0,0,0,0,0,0,0,0,0,0,0,0,0,0,0,0,0,0,0,0,0,0,0,0,0,0,0,0,0,0,0,0,0,0,0,0,0,0,0,0,0,0,0,0,0,0,0,0,0,0,0,0,0,0,0,0,0,0,0,0,0,0,0,0,0,0,0,0,0,0,0,0,0
midvale police department,2005-09-01,utah,27930,UT01801,0,0,0,0,0,3,3,0,0,0,0,0,0,31,1,1,4,0,25,17,6,10,1,104,16,14,0,2,171,6,9,137,146,0,0,0,0,0,0,0,0,0,0,13,0,1,2,0,10,2,1,1,0,19,1,1,0,0,35,3,3,22,25,0,0,0,0,0,0,0,0,0,0,2,0,0,0,0,2,0,0,0,0,5,0,0,0,0,7,0,0,5,5,0,0,0,0,0,0,0,0,0,0,0,0,0,0,0,0,0,0,0,0,0,0,0,0,0,0,0,0,0,0,0,0,0,0,0,0,0,0,0,0,0,0,0,0,0,0,0,0,0,0,0,0,0,0,0,0,0,0,0,0,0,0,0,0,0,0,0,0,0,0,0,0,0,0,0,0,0,0,0,0,0,0
midvale police department,2005-08-01,utah,27930,UT01801,0,0,0,0,0,4,3,1,1,1,0,0,0,57,3,0,0,1,53,14,11,2,1,124,13,9,1,3,213,4,9,151,160,0,0,1,1,0,1,1,0,0,0,32,2,0,1,2,27,2,2,0,0,16,4,4,0,0,56,5,7,22,29,0,0,0,0,0,0,0,0,0,0,2,0,0,0,0,2,0,0,0,0,2,0,0,0,0,4,0,0,2,2,0,0,0,0,0,0,0,0,0,0,0,0,0,0,0,0,0,0,0,0,0,0,0,0,0,0,0,0,0,0,0,0,0,0,0,0,0,0,0,0,0,0,0,0,0,0,0,0,0,0,0,0,0,0,0,0,0,0,0,0,0,0,0,0,0,0,0,0,0,0,0,0,0,0,0,0,0,0,0,0,0,0
midvale police department,2005-07-01,utah,27930,UT01801,0,0,0,0,0,2,2,0,3,1,1,0,1,70,4,1,3,6,56,13,10,2,1,73,14,12,0,2,175,14,19,100,119,0,0,0,0,0,1,1,0,0,0,49,4,2,3,5,35,4,4,0,0,11,1,1,0,0,66,14,15,16,31,0,0,0,0,0,0,0,0,0,0,4,0,0,0,0,4,1,1,0,0,2,0,0,0,0,7,0,0,3,3,0,0,0,0,0,0,0,0,0,0,0,0,0,0,0,0,0,0,0,0,0,0,0,0,0,0,0,0,0,0,0,0,0,0,0,0,0,0,0,0,0,0,0,0,0,0,0,0,0,0,0,0,0,0,0,0,0,0,0,0,0,0,0,0,0,0,0,0,0,0,0,0,0,0,0,0,0,0,0,0,0,0
midvale police department,2005-06-01,utah,27930,UT01801,0,0,0,0,0,3,3,0,0,0,0,0,0,69,0,2,1,2,64,12,7,3,2,120,15,13,1,1,220,5,8,148,156,0,0,1,1,0,0,0,0,0,0,42,0,1,0,0,41,2,1,1,0,14,2,2,0,0,61,1,2,18,20,0,0,0,0,0,0,0,0,0,0,7,0,1,0,0,6,0,0,0,0,3,0,0,0,0,10,1,1,3,4,0,0,0,0,0,0,0,0,0,0,0,0,0,0,0,0,0,0,0,0,0,0,0,0,0,0,0,0,0,0,0,1,0,0,0,0,0,1,0,0,0,0,1,0,0,0,0,0,0,0,0,0,0,0,0,0,0,0,0,0,0,0,0,0,0,0,0,0,0,0,0,0,0,0,0,0,0,0,0,0,0,0
midvale police department,2005-05-01,utah,27930,UT01801,0,0,0,0,0,2,2,0,1,1,0,0,0,49,0,2,1,1,45,13,9,3,1,99,20,20,0,0,184,4,7,132,139,0,0,0,0,0,0,0,0,0,0,24,0,0,0,1,23,1,0,0,1,19,0,0,0,0,44,1,1,20,21,0,0,0,0,0,0,0,0,0,0,7,0,0,0,0,7,0,0,0,0,3,0,0,0,0,10,0,0,3,3,0,0,0,0,0,0,0,0,0,0,0,0,0,0,0,0,0,0,0,0,0,0,0,0,0,0,0,0,0,0,0,0,0,0,0,0,0,0,0,0,0,0,0,0,0,0,0,0,0,0,0,0,0,0,0,0,0,0,0,0,0,0,0,0,0,0,0,0,0,0,0,0,0,0,0,0,0,0,0,0,0,0
midvale police department,2005-04-01,utah,27930,UT01801,0,0,0,0,0,0,0,0,2,2,0,0,0,55,0,1,0,2,52,12,5,5,2,106,15,10,1,4,190,3,5,133,138,0,0,2,2,0,0,0,0,0,0,24,0,0,0,2,22,1,1,0,0,11,0,0,0,0,38,2,4,12,16,0,0,2,2,0,0,0,0,0,0,4,0,0,0,0,4,0,0,0,0,3,0,0,0,0,9,0,2,3,5,0,0,0,0,0,0,0,0,0,0,0,0,0,0,0,0,0,0,0,0,0,0,0,0,0,0,0,0,0,0,0,0,0,0,0,0,0,0,0,0,0,0,0,0,0,0,0,0,0,0,0,0,0,0,0,0,0,0,0,0,0,0,0,0,0,0,0,0,0,0,0,0,0,0,0,0,0,0,0,0,0,0
midvale police department,2005-03-01,utah,27930,UT01801,0,0,0,0,0,6,5,1,2,0,0,0,2,52,1,0,1,2,48,16,10,6,0,108,13,13,0,0,197,4,12,137,149,0,0,0,0,0,0,0,0,0,0,22,0,0,0,1,21,0,0,0,0,15,2,2,0,0,39,1,1,17,18,0,0,0,0,0,0,0,0,0,0,7,0,0,0,0,7,0,0,0,0,3,1,1,0,0,11,0,0,4,4,0,0,0,0,0,0,0,0,0,0,0,0,0,0,0,0,0,0,0,0,0,0,0,0,0,0,0,0,0,0,0,0,0,0,0,0,0,0,0,0,0,0,0,0,0,0,0,0,0,0,0,0,0,0,0,0,0,0,0,0,0,0,0,0,0,0,0,0,0,0,0,0,0,0,0,0,0,0,0,0,0,0
midvale police department,2005-02-01,utah,27930,UT01801,0,0,0,0,0,1,0,1,1,1,0,0,0,50,0,0,0,2,48,21,12,7,2,84,8,8,0,0,165,2,4,113,117,0,0,0,0,0,0,0,0,0,0,18,0,0,0,0,18,0,0,0,0,16,0,0,0,0,34,0,0,16,16,0,0,0,0,0,0,0,0,0,0,1,0,0,0,0,1,0,0,0,0,2,0,0,0,0,3,0,0,2,2,0,0,0,0,0,0,0,0,0,0,0,0,0,0,0,0,0,0,0,0,0,0,0,0,0,0,0,0,0,0,0,0,0,0,0,0,0,0,0,0,0,0,0,0,0,0,0,0,0,0,0,0,0,0,0,0,0,0,0,0,0,0,0,0,0,0,0,0,0,0,0,0,0,0,0,0,0,0,0,0,0,0
midvale police department,2005-01-01,utah,27930,UT01801,0,0,0,0,0,2,2,0,3,3,0,0,0,58,0,0,3,4,51,19,12,6,1,127,24,22,0,2,233,7,12,170,182,0,0,0,0,0,0,0,0,0,0,24,0,0,0,2,22,1,1,0,0,22,1,1,0,0,48,2,2,24,26,0,0,0,0,0,0,0,0,0,0,6,0,0,0,0,6,0,0,0,0,3,0,0,0,0,9,0,0,3,3,0,0,0,0,0,0,0,0,0,0,0,0,0,0,0,0,0,0,0,0,0,0,0,0,0,0,0,0,0,0,0,0,0,0,0,0,0,0,0,0,0,0,0,0,0,0,0,0,0,0,0,0,0,0,0,0,0,0,0,0,0,0,0,0,0,0,0,0,0,0,0,0,0,0,0,0,0,0,0,0,0,0
midvale police department,2004-12-01,utah,27600,UT01801,0,0,0,0,0,0,0,0,2,1,0,0,1,48,1,0,0,2,45,8,4,2,2,132,14,13,0,1,204,3,5,154,159,0,0,0,0,0,1,0,0,0,1,11,1,0,0,0,10,1,0,1,0,22,0,0,0,0,35,1,2,23,25,0,0,0,0,0,0,0,0,0,0,2,0,0,0,0,2,0,0,0,0,4,0,0,0,0,6,0,0,4,4,0,0,0,0,0,0,0,0,0,0,0,0,0,0,0,0,0,0,0,0,0,0,0,0,0,0,0,0,0,0,0,0,0,0,0,0,0,0,0,0,0,0,0,0,0,0,0,0,0,0,0,0,0,0,0,0,0,0,0,0,0,0,0,0,0,0,0,0,0,0,0,0,0,0,0,0,0,0,0,0,0,0
midvale police department,2004-11-01,utah,27600,UT01801,0,0,0,0,0,5,5,0,0,0,0,0,0,50,3,3,0,1,43,20,10,8,2,159,10,10,0,0,244,7,12,189,201,0,0,0,0,0,1,0,1,0,0,21,0,2,0,0,19,3,0,2,1,25,1,1,0,0,51,2,3,29,32,0,0,0,0,0,0,0,0,0,0,4,0,0,0,0,4,0,0,0,0,9,0,0,0,0,13,0,0,9,9,0,0,0,0,0,0,0,0,0,0,0,0,0,0,0,0,0,0,0,0,0,0,0,0,0,0,0,0,0,0,0,0,0,0,0,0,0,0,0,0,0,0,0,0,0,0,0,0,0,0,0,0,0,0,0,0,0,0,0,0,0,0,0,0,0,0,0,0,0,0,0,0,0,0,0,0,0,0,0,0,0,0
midvale police department,2004-10-01,utah,27600,UT01801,0,0,0,0,0,2,1,1,1,0,1,0,0,58,0,1,2,1,54,13,8,5,0,130,13,13,0,0,218,4,7,157,164,0,0,0,0,0,0,0,0,0,0,41,0,0,1,1,39,0,0,0,0,22,4,4,0,0,67,2,2,26,28,0,0,0,0,0,0,0,0,0,0,8,0,0,0,0,8,0,0,0,0,1,0,0,0,0,9,0,0,1,1,0,0,0,0,0,0,0,0,0,0,0,0,0,0,0,0,0,0,0,0,0,0,0,0,0,0,0,0,0,0,0,0,0,0,0,0,0,0,0,0,0,1,1,0,0,0,0,0,0,0,0,0,0,0,0,0,0,0,0,0,0,0,0,0,0,0,0,0,0,0,0,0,0,0,0,0,0,0,0,0,0,0
midvale police department,2004-09-01,utah,27600,UT01801,0,0,0,0,0,1,1,0,1,0,0,0,1,51,0,1,0,0,50,19,9,10,0,105,16,15,0,1,194,1,3,141,144,0,0,0,0,0,0,0,0,0,0,30,0,1,0,0,29,4,1,3,0,26,3,3,0,0,63,1,1,33,34,0,0,0,0,0,0,0,0,0,0,6,0,0,0,0,6,0,0,0,0,6,0,0,0,0,12,0,0,6,6,0,0,0,0,0,0,0,0,0,0,0,0,0,0,0,0,0,0,0,0,0,0,0,0,0,0,0,0,0,0,0,0,0,0,0,0,0,0,0,0,0,1,1,0,0,0,0,0,0,0,0,0,0,0,0,0,0,0,0,0,0,0,0,0,0,0,0,0,0,0,0,0,0,0,0,0,0,0,0,0,0,0
midvale police department,2004-08-01,utah,27600,UT01801,0,0,0,1,0,4,3,1,3,0,0,1,2,78,3,1,1,0,73,18,7,9,2,126,21,21,0,0,252,5,13,166,179,0,0,0,0,0,1,0,0,1,0,47,2,0,1,0,44,2,0,2,0,31,4,4,0,0,85,3,4,37,41,0,0,0,0,0,0,0,0,0,0,9,0,0,0,0,9,0,0,0,0,5,0,0,0,0,14,0,0,5,5,0,0,0,0,0,0,0,0,0,0,0,0,0,0,0,0,0,0,0,0,0,0,0,0,0,0,0,0,0,0,0,0,0,0,0,0,0,0,0,0,0,0,1,0,0,0,0,0,0,0,0,0,0,0,0,0,0,0,0,0,0,0,0,0,0,0,0,0,0,0,0,0,0,0,0,0,0,0,0,0,0,0
midvale police department,2004-07-01,utah,27600,UT01801,0,0,0,0,0,1,1,0,3,1,0,0,2,60,0,0,3,1,56,17,7,9,1,133,12,12,0,0,226,4,8,162,170,0,0,0,0,0,0,0,0,0,0,26,0,0,2,0,24,2,1,0,1,25,3,3,0,0,56,2,2,30,32,0,0,0,0,0,0,0,0,0,0,2,0,0,0,0,2,0,0,0,0,5,2,2,0,0,9,0,0,7,7,0,0,0,0,0,0,0,0,0,0,0,0,0,0,0,0,0,0,0,0,0,0,0,0,0,0,0,0,0,0,0,0,0,0,0,0,0,0,0,0,0,0,0,0,0,0,0,0,0,0,0,0,0,0,0,0,0,0,0,0,0,0,0,0,0,0,0,0,0,0,0,0,0,0,0,0,0,0,0,0,0,0
midvale police department,2004-06-01,utah,27600,UT01801,0,0,0,0,0,1,1,0,0,0,0,0,0,69,0,3,1,1,64,12,8,2,2,119,16,12,0,4,217,5,6,147,153,0,0,0,0,0,0,0,0,0,0,31,0,2,0,1,28,4,2,1,1,18,3,3,0,0,56,3,3,25,28,0,0,0,0,0,0,0,0,0,0,9,0,0,0,0,9,0,0,0,0,0,0,0,0,0,9,0,0,0,0,0,0,0,0,0,0,0,0,0,0,0,0,0,0,0,0,0,0,0,0,0,0,0,0,0,0,0,0,0,0,0,0,0,0,0,0,0,0,0,0,0,0,0,0,0,0,0,0,0,0,0,0,0,0,0,0,0,0,0,0,0,0,0,0,0,0,0,0,0,0,0,0,0,0,0,0,0,0,0,0,0,0
midvale police department,2004-05-01,utah,27600,UT01801,0,0,0,0,0,0,0,0,2,0,0,0,2,60,0,1,0,0,59,12,6,5,1,97,17,13,0,4,189,1,3,127,130,0,0,0,0,0,0,0,0,0,0,37,0,0,2,0,35,0,0,0,0,29,0,0,0,0,66,2,2,29,31,0,0,0,0,0,0,0,0,0,0,12,0,0,2,0,10,0,0,0,0,6,0,0,0,0,18,2,2,6,8,0,0,0,0,0,0,0,0,0,0,0,0,0,0,0,0,0,0,0,0,0,0,0,0,0,0,0,0,0,0,0,0,0,0,0,0,0,0,0,0,0,1,1,0,0,0,0,0,0,0,0,0,0,0,0,0,0,0,0,0,0,0,0,0,0,0,0,0,0,0,0,0,0,0,0,0,0,0,0,0,0,0
midvale police department,2004-04-01,utah,27600,UT01801,0,0,0,0,0,2,2,0,0,0,0,0,0,49,0,0,2,2,45,18,9,8,1,125,21,19,0,2,215,4,6,164,170,0,0,1,1,0,0,0,0,0,0,28,0,0,0,0,28,2,0,2,0,25,3,2,0,1,59,0,1,30,31,0,0,0,0,0,0,0,0,0,0,14,0,0,0,0,14,0,0,0,0,7,0,0,0,0,21,0,0,7,7,0,0,0,0,0,0,0,0,0,0,0,0,0,0,0,0,0,0,0,0,0,0,0,0,0,0,0,0,0,0,0,0,0,0,0,0,0,0,0,0,0,0,0,0,0,0,0,0,0,0,0,0,0,0,0,0,0,0,0,0,0,0,0,0,0,0,0,0,0,0,0,0,0,0,0,0,0,0,0,0,0,0
midvale police department,2004-03-01,utah,27600,UT01801,0,0,0,1,0,1,1,0,2,1,0,0,1,67,0,0,1,0,66,16,7,8,1,110,18,15,1,2,215,1,5,144,149,1,0,0,0,0,2,2,0,0,0,40,0,1,1,2,36,0,0,0,0,25,2,2,0,0,70,4,7,27,34,0,0,0,0,0,0,0,0,0,0,20,0,1,0,0,19,0,0,0,0,5,1,1,0,0,26,1,1,6,7,0,0,0,0,0,0,0,0,0,0,0,0,0,0,0,0,0,0,0,0,0,0,0,0,0,0,0,0,0,0,0,0,0,0,0,0,0,0,0,0,0,0,0,0,0,0,0,0,0,0,0,0,0,0,0,0,0,0,0,0,0,0,0,0,0,0,0,0,0,0,0,0,0,0,0,0,0,0,0,0,0,0
midvale police department,2004-02-01,utah,27600,UT01801,0,0,0,0,0,0,0,0,2,2,0,0,0,60,0,1,2,7,50,8,7,1,0,94,15,14,0,1,179,10,12,117,129,0,0,1,1,0,0,0,0,0,0,25,0,0,0,4,21,0,0,0,0,19,1,1,0,0,46,4,5,20,25,0,0,0,0,0,0,0,0,0,0,2,0,0,0,0,2,0,0,0,0,2,1,1,0,0,5,0,0,3,3,0,0,0,0,0,0,0,0,0,0,0,0,0,0,0,0,0,0,0,0,0,0,0,0,0,0,0,0,0,0,0,0,0,0,0,0,0,0,0,0,0,0,0,0,0,0,0,0,0,0,0,0,0,0,0,0,0,0,0,0,0,0,0,0,0,0,0,0,0,0,0,0,0,0,0,0,0,0,0,0,0,0
midvale police department,2004-01-01,utah,27600,UT01801,0,0,0,0,0,2,2,0,1,0,0,0,1,48,0,0,0,1,47,10,2,8,0,57,8,7,1,0,126,1,4,75,79,0,0,1,1,0,1,0,0,0,1,21,0,0,0,0,21,0,0,0,0,17,1,1,0,0,41,0,2,18,20,0,0,0,0,0,1,0,0,0,1,6,0,0,0,0,6,0,0,0,0,4,0,0,0,0,11,0,1,4,5,0,0,0,0,0,0,0,0,0,0,0,0,0,0,0,0,0,0,0,0,0,0,0,0,0,0,0,0,0,0,0,0,0,0,0,0,0,0,0,0,0,0,0,0,0,0,0,0,0,0,0,0,0,0,0,0,0,0,0,0,0,0,0,0,0,0,0,0,0,0,0,0,0,0,0,0,0,0,0,0,0,0
midvale police department,2003-12-01,utah,27733,UT01801,0,0,0,0,0,3,2,1,2,0,0,0,2,58,1,0,1,1,55,10,4,4,2,71,10,8,0,2,154,3,8,91,99,0,0,0,0,0,0,0,0,0,0,18,0,0,1,0,17,0,0,0,0,14,3,3,0,0,35,1,1,17,18,0,0,0,0,0,0,0,0,0,0,2,0,0,0,0,2,0,0,0,0,3,1,1,0,0,6,0,0,4,4,0,0,0,0,0,0,0,0,0,0,0,0,0,0,0,0,0,0,0,0,0,0,0,0,0,0,0,0,0,0,0,0,0,0,0,0,0,0,0,0,0,0,0,0,0,0,0,0,0,0,0,0,0,0,0,0,0,0,0,0,0,0,0,0,0,0,0,0,0,0,0,0,0,0,0,0,0,0,0,0,0,0
midvale police department,2003-11-01,utah,27733,UT01801,0,0,0,0,0,0,0,0,2,0,0,0,2,62,1,1,0,1,59,16,6,10,0,101,19,17,0,2,200,3,5,136,141,0,0,0,0,0,0,0,0,0,0,26,1,0,0,0,25,0,0,0,0,19,2,2,0,0,47,1,1,21,22,0,0,0,0,0,0,0,0,0,0,15,0,0,0,0,15,0,0,0,0,4,1,1,0,0,20,0,0,5,5,0,0,0,0,0,0,0,0,0,0,0,0,0,0,0,0,0,0,0,0,0,0,0,0,0,0,0,0,0,0,0,0,0,0,0,0,0,0,0,0,0,0,0,0,0,0,0,0,0,0,0,0,0,0,0,0,0,0,0,0,0,0,0,0,0,0,0,0,0,0,0,0,0,0,0,0,0,0,0,0,0,0
midvale police department,2003-10-01,utah,27733,UT01801,0,0,0,0,0,0,0,0,1,1,0,0,0,60,3,0,1,2,54,17,8,6,3,108,15,11,2,2,201,6,7,140,147,0,0,0,0,0,0,0,0,0,0,27,3,0,0,0,24,1,0,0,1,14,2,2,0,0,44,3,3,17,20,0,0,0,0,0,0,0,0,0,0,4,0,0,0,0,4,0,0,0,0,4,0,0,0,0,8,0,0,4,4,0,0,0,0,0,0,0,0,0,0,0,0,0,0,0,0,0,0,0,0,0,0,0,0,0,0,0,0,0,0,0,0,0,0,0,0,0,0,0,0,0,0,0,0,0,0,0,0,0,0,0,0,0,0,0,0,0,0,0,0,0,0,0,0,0,0,0,0,0,0,0,0,0,0,0,0,0,0,0,0,0,0
midvale police department,2003-09-01,utah,27733,UT01801,0,0,0,0,0,0,0,0,3,0,0,0,3,62,0,0,4,0,58,15,11,4,0,150,16,15,1,0,246,4,7,181,188,0,0,0,0,0,0,0,0,0,0,29,0,0,1,0,28,4,3,1,0,16,0,0,0,0,49,1,1,20,21,0,0,0,0,0,0,0,0,0,0,7,0,0,0,0,7,0,0,0,0,4,0,0,0,0,11,0,0,4,4,0,0,0,0,0,0,0,0,0,0,0,0,0,0,0,0,0,0,0,0,0,0,0,0,0,0,0,0,0,0,0,0,0,0,0,0,0,0,0,0,0,0,0,0,0,0,0,0,0,0,0,0,0,0,0,0,0,0,0,0,0,0,0,0,0,0,0,0,0,0,0,0,0,0,0,0,0,0,0,0,0,0
midvale police department,2003-08-01,utah,27733,UT01801,0,0,0,0,0,1,1,0,1,1,0,0,0,66,1,0,1,1,63,28,22,5,1,184,34,28,1,5,314,3,5,246,251,0,0,0,0,0,0,0,0,0,0,21,0,1,0,0,20,5,5,0,0,15,2,2,0,0,43,1,1,22,23,0,0,0,0,0,0,0,0,0,0,3,0,0,0,0,3,0,0,0,0,4,0,0,0,0,7,0,0,4,4,0,0,0,0,0,0,0,0,0,0,0,0,0,0,0,0,0,0,0,0,0,0,0,0,0,0,0,0,0,0,0,0,0,0,0,0,0,0,0,0,0,0,0,0,0,0,0,0,0,0,0,0,0,0,0,0,0,0,0,0,0,0,0,0,0,0,0,0,0,0,0,0,0,0,0,0,0,0,0,0,0,0
midvale police department,2003-07-01,utah,27733,UT01801,0,0,0,0,0,2,1,1,6,3,1,0,2,53,1,1,3,2,46,21,14,7,0,113,17,15,1,1,212,7,15,151,166,0,0,0,0,0,0,0,0,0,0,33,0,2,0,1,30,4,3,1,0,16,0,0,0,0,53,3,3,20,23,0,0,0,0,0,0,0,0,0,0,4,0,0,0,0,4,0,0,0,0,2,0,0,0,0,6,0,0,2,2,0,0,0,0,0,0,0,0,0,0,0,0,0,0,0,0,0,0,0,0,0,0,0,0,0,0,0,0,0,0,0,0,0,0,0,0,0,0,0,0,0,0,0,0,0,0,0,0,0,0,0,0,0,0,0,0,0,0,0,0,0,0,0,0,0,0,0,0,0,0,0,0,0,0,0,0,0,0,0,0,0,0
midvale police department,2003-06-01,utah,27733,UT01801,0,0,0,0,0,0,0,0,1,0,0,0,1,53,0,2,0,1,50,18,9,8,1,86,20,16,2,2,178,3,4,124,128,0,0,0,0,0,0,0,0,0,0,22,0,1,0,0,21,3,3,0,0,13,1,1,0,0,39,1,1,17,18,0,0,0,0,0,0,0,0,0,0,11,0,0,0,0,11,0,0,0,0,6,0,0,0,0,17,0,0,6,6,0,0,0,0,0,0,0,0,0,0,0,0,0,0,0,0,0,0,0,0,0,0,0,0,0,0,0,0,0,0,0,0,0,0,0,0,0,0,0,0,0,0,0,0,0,0,0,0,0,0,0,0,0,0,0,0,0,0,0,0,0,0,0,0,0,0,0,0,0,0,0,0,0,0,0,0,0,0,0,0,0,0
midvale police department,2003-05-01,utah,27733,UT01801,0,0,0,0,0,2,0,2,4,2,0,0,2,49,0,2,1,3,43,20,15,4,1,143,16,14,1,1,234,6,12,179,191,0,0,0,0,0,0,0,0,0,0,17,0,0,0,2,15,0,0,0,0,24,0,0,0,0,41,2,2,24,26,0,0,0,0,0,0,0,0,0,0,2,0,0,0,0,2,0,0,0,0,4,0,0,0,0,6,0,0,4,4,0,0,0,0,0,0,0,0,0,0,0,0,0,0,0,0,0,0,0,0,0,0,0,0,0,0,0,0,0,0,0,0,0,0,0,0,0,0,0,0,0,0,0,0,0,0,0,0,0,0,0,0,0,0,0,0,0,0,0,0,0,0,0,0,0,0,0,0,0,0,0,0,0,0,0,0,0,0,0,0,0,0
midvale police department,2003-04-01,utah,27733,UT01801,0,0,0,0,0,1,1,0,1,0,1,0,0,50,0,0,1,0,49,11,7,3,1,122,8,8,0,0,194,1,3,142,145,0,0,1,1,0,0,0,0,0,0,26,0,0,0,0,26,0,0,0,0,15,0,0,0,0,42,0,1,15,16,0,0,0,0,0,0,0,0,0,0,12,0,0,0,0,12,0,0,0,0,4,0,0,0,0,16,0,0,4,4,0,0,0,0,0,0,0,0,0,0,0,0,0,0,0,0,0,0,0,0,0,0,0,0,0,0,0,0,0,0,0,0,0,0,0,0,0,0,0,0,0,1,1,0,0,0,0,0,0,0,0,0,0,0,0,0,0,0,0,0,0,0,0,0,0,0,0,0,0,0,0,0,0,0,0,0,0,0,0,0,0,0
midvale police department,2003-03-01,utah,27733,UT01801,0,0,0,0,0,1,1,0,4,2,0,0,2,57,0,1,6,0,50,18,11,4,3,114,6,6,0,0,200,7,12,138,150,0,0,0,0,0,0,0,0,0,0,32,0,0,3,0,29,0,0,0,0,18,0,0,0,0,50,3,3,18,21,0,0,0,0,0,0,0,0,0,0,12,0,0,1,0,11,0,0,0,0,1,0,0,0,0,13,1,1,1,2,0,0,0,0,0,0,0,0,0,0,0,0,0,0,0,0,0,0,0,0,0,0,0,0,0,0,0,0,0,0,0,0,0,0,0,0,0,0,0,0,0,0,0,0,0,0,0,0,0,0,0,0,0,0,0,0,0,0,0,0,0,0,0,0,0,0,0,0,0,0,0,0,0,0,0,0,0,0,0,0,0,0
midvale police department,2003-02-01,utah,27733,UT01801,0,0,0,0,0,2,2,0,2,1,0,0,1,45,0,2,0,0,43,16,8,6,2,103,19,18,0,1,188,2,6,139,145,0,0,0,0,0,0,0,0,0,0,15,0,0,0,0,15,2,1,1,0,13,0,0,0,0,31,0,0,16,16,0,0,0,0,0,0,0,0,0,0,4,0,0,0,0,4,0,0,0,0,1,0,0,0,0,5,0,0,1,1,0,0,0,0,0,0,0,0,0,0,0,0,0,0,0,0,0,0,0,0,0,0,0,0,0,0,0,0,0,0,0,0,0,0,0,0,0,0,0,0,0,1,1,0,0,0,0,0,0,0,0,0,0,0,1,1,0,0,0,0,0,0,0,0,0,0,0,0,0,0,0,0,0,0,0,0,0,0,0,0,0,0
midvale police department,2003-01-01,utah,27733,UT01801,0,0,0,0,0,1,1,0,1,0,0,1,0,63,0,1,2,0,60,16,9,7,0,169,14,12,0,2,264,3,5,199,204,0,0,0,0,0,1,0,0,1,0,30,0,1,1,0,28,1,0,1,0,30,0,0,0,0,62,2,3,31,34,0,0,0,0,0,0,0,0,0,0,11,0,0,1,0,10,0,0,0,0,7,0,0,0,0,18,1,1,7,8,0,0,0,0,0,0,0,0,0,0,0,0,0,0,0,0,0,0,0,0,0,0,0,0,0,0,0,0,0,0,0,0,0,0,0,0,0,0,0,0,0,0,0,0,0,0,0,0,0,0,0,0,0,0,0,0,0,0,0,0,0,0,0,0,0,0,0,0,0,0,0,0,0,0,0,0,0,0,0,0,0,0
midvale police department,2002-12-01,utah,28034,UT01801,0,0,0,0,0,1,1,0,1,0,1,0,0,55,0,1,1,0,53,13,9,3,1,76,15,14,1,0,161,2,4,104,108,0,0,0,0,0,0,0,0,0,0,34,0,1,1,1,31,4,3,1,0,20,1,1,0,0,59,3,3,25,28,0,0,0,0,0,0,0,0,0,0,12,0,0,1,1,10,1,1,0,0,6,1,1,0,0,20,2,2,8,10,0,0,0,0,0,0,0,0,0,0,0,0,0,0,0,0,0,0,0,0,0,0,0,0,0,0,0,0,0,0,0,0,0,0,0,0,0,0,0,0,0,0,0,0,0,0,0,0,0,0,0,0,0,0,0,0,0,0,0,0,0,0,0,0,0,0,0,0,0,0,0,0,0,0,0,0,0,0,0,0,0,0
midvale police department,2002-11-01,utah,28034,UT01801,0,0,0,0,0,2,1,1,1,0,0,0,1,63,0,1,1,1,60,12,9,2,1,55,17,16,0,1,150,3,6,84,90,0,0,0,0,0,0,0,0,0,0,35,0,1,0,0,34,2,0,1,1,24,1,1,0,0,62,1,1,27,28,0,0,0,0,0,0,0,0,0,0,12,0,0,0,0,12,1,0,1,0,6,1,1,0,0,20,0,0,8,8,0,0,0,0,0,0,0,0,0,0,0,0,0,0,0,0,0,0,0,0,0,0,0,0,0,0,0,0,0,0,0,0,0,0,0,0,0,0,0,0,0,0,0,0,0,0,0,0,0,0,0,0,0,0,0,0,0,0,0,0,0,0,0,0,0,0,0,0,0,0,0,0,0,0,0,0,0,0,0,0,0,0
midvale police department,2002-10-01,utah,28034,UT01801,0,0,0,0,0,2,2,0,0,0,0,0,0,65,4,1,0,3,57,19,9,10,0,114,21,20,0,1,221,8,10,154,164,0,0,0,0,0,0,0,0,0,0,37,1,0,1,3,32,1,0,1,0,27,2,2,0,0,67,5,5,30,35,0,0,0,0,0,0,0,0,0,0,18,0,0,0,1,17,0,0,0,0,8,0,0,0,0,26,1,1,8,9,0,0,0,0,0,0,0,0,0,0,0,0,0,0,0,0,0,0,0,0,0,0,0,0,0,0,0,0,0,0,0,0,0,0,0,0,0,0,0,0,0,0,0,0,0,0,0,0,0,0,0,0,0,0,0,0,0,0,0,0,0,0,0,0,0,0,0,0,0,0,0,0,0,0,0,0,0,0,0,0,0,0
midvale police department,2002-09-01,utah,28034,UT01801,0,0,0,0,0,2,1,1,2,1,1,0,0,48,1,1,2,1,43,7,2,4,1,74,15,11,2,2,148,5,9,96,105,0,0,0,0,0,1,1,0,0,0,34,1,0,0,1,32,3,0,2,1,21,2,0,1,1,61,2,3,26,29,0,0,0,0,0,0,0,0,0,0,11,0,0,0,0,11,0,0,0,0,5,0,0,0,0,16,0,0,5,5,0,0,0,0,0,0,0,0,0,0,0,0,0,0,0,0,0,0,0,0,0,0,0,0,0,0,0,0,0,0,0,0,0,0,0,0,0,0,0,0,0,0,0,0,0,0,0,0,0,0,0,0,0,0,0,0,0,0,0,0,0,0,0,0,0,0,0,0,0,0,0,0,0,0,0,0,0,0,0,0,0,0
midvale police department,2002-08-01,utah,28034,UT01801,0,0,0,0,0,2,2,0,1,0,0,0,1,42,1,0,1,0,40,11,6,5,0,64,20,18,0,2,140,2,5,95,100,0,0,0,0,0,1,0,0,0,1,19,0,0,0,1,18,1,0,1,0,15,1,1,0,0,37,1,2,17,19,0,0,0,0,0,0,0,0,0,0,1,0,0,0,0,1,0,0,0,0,5,0,0,0,0,6,0,0,5,5,0,0,0,0,0,0,0,0,0,0,0,0,0,0,0,0,0,0,0,0,0,0,0,0,0,0,0,0,0,0,0,0,0,0,0,0,0,0,0,0,0,0,0,0,0,0,0,0,0,0,0,0,0,0,0,0,0,0,0,0,0,0,0,0,0,0,0,0,0,0,0,0,0,0,0,0,0,0,0,0,0,0
midvale police department,2002-07-01,utah,28034,UT01801,0,0,0,0,0,3,3,0,1,0,0,1,0,80,3,2,5,2,68,24,16,5,3,132,15,13,1,1,255,12,16,171,187,0,0,1,1,0,0,0,0,0,0,40,3,0,1,0,36,3,2,1,0,27,0,0,0,0,71,4,5,30,35,0,0,0,0,0,0,0,0,0,0,8,0,0,0,0,8,0,0,0,0,4,0,0,0,0,12,0,0,4,4,0,0,0,0,0,0,0,0,0,0,0,0,0,0,0,0,0,0,0,0,0,0,0,0,0,0,0,0,0,0,0,0,0,0,0,0,0,0,0,0,0,0,0,0,0,0,0,0,0,0,0,0,0,0,0,0,0,0,0,0,0,0,0,0,0,0,0,0,0,0,0,0,0,0,0,0,0,0,0,0,0,0
midvale police department,2002-06-01,utah,28034,UT01801,0,0,0,0,0,1,1,0,2,0,0,0,2,81,10,2,4,1,64,20,7,8,5,111,9,8,0,1,225,17,20,141,161,0,0,1,1,0,0,0,0,0,0,32,2,1,0,1,28,6,4,1,1,26,0,0,0,0,65,4,5,32,37,0,0,0,0,0,0,0,0,0,0,5,0,1,0,0,4,2,1,0,1,9,0,0,0,0,16,1,1,11,12,0,0,0,0,0,0,0,0,0,0,0,0,0,0,0,0,0,0,0,0,0,0,0,0,0,0,0,0,0,0,0,0,0,0,0,0,0,0,0,0,0,1,1,0,0,0,0,0,0,0,0,0,0,0,0,0,0,0,0,0,0,0,0,0,0,0,0,0,0,0,0,0,0,0,0,0,0,0,0,0,0,0
midvale police department,2002-05-01,utah,28034,UT01801,0,0,0,0,0,3,3,0,3,1,0,1,1,60,4,1,3,2,50,22,10,11,1,138,18,14,1,3,244,10,16,178,194,0,0,1,1,0,0,0,0,0,0,34,0,0,2,0,32,2,0,1,1,28,2,2,0,0,67,2,3,32,35,0,0,1,1,0,0,0,0,0,0,12,0,0,0,0,12,1,0,0,1,12,0,0,0,0,26,0,1,13,14,0,0,0,0,0,0,0,0,0,0,0,0,0,0,0,0,0,0,0,0,0,0,0,0,0,0,0,0,0,0,0,0,0,0,0,0,0,0,0,0,0,0,0,0,0,0,0,0,0,0,0,0,0,0,0,0,0,0,0,0,0,0,0,0,0,0,0,0,0,0,0,0,0,0,0,0,0,0,0,0,0,0
midvale police department,2002-04-01,utah,28034,UT01801,0,0,0,0,1,1,1,0,2,2,0,0,0,58,0,1,1,3,53,29,21,5,3,139,18,14,3,1,248,5,8,186,194,0,0,0,0,0,0,0,0,0,0,32,0,0,1,0,31,0,0,0,0,31,3,2,0,1,66,1,1,34,35,0,0,0,0,0,0,0,0,0,0,5,0,0,1,0,4,0,0,0,0,13,2,1,0,1,20,1,1,15,16,0,0,0,0,0,0,0,0,0,0,0,0,0,0,0,0,0,0,0,0,0,0,0,0,0,0,0,0,0,0,0,0,0,0,0,0,0,0,0,0,0,0,0,0,0,0,0,0,0,0,0,0,0,0,0,0,0,0,0,0,0,0,0,0,0,0,0,0,0,0,0,0,0,0,0,0,0,0,0,0,0,0
midvale police department,2002-03-01,utah,28034,UT01801,0,0,0,0,0,1,1,0,5,3,0,1,1,62,4,0,1,1,56,27,19,8,0,90,15,12,2,1,201,6,12,133,145,0,0,0,0,0,1,0,0,1,0,31,0,0,0,0,31,0,0,0,0,17,2,1,0,1,51,0,1,19,20,0,0,0,0,0,0,0,0,0,0,13,0,0,0,0,13,0,0,0,0,9,1,1,0,0,23,0,0,10,10,0,0,0,0,0,0,0,0,0,0,0,0,0,0,0,0,0,0,0,0,0,0,0,0,0,0,0,0,0,0,0,0,0,0,0,0,0,0,0,0,0,1,1,0,0,0,0,0,0,0,0,0,0,0,0,0,0,0,0,0,0,0,0,0,0,0,0,0,0,0,0,0,0,0,0,0,0,0,0,0,0,0
midvale police department,2002-02-01,utah,28034,UT01801,0,0,0,0,0,2,2,0,0,0,0,0,0,60,0,2,1,0,57,24,16,7,1,94,17,15,1,1,197,3,5,135,140,0,0,0,0,0,0,0,0,0,0,32,0,2,0,0,30,1,1,0,0,15,2,2,0,0,50,2,2,18,20,0,0,0,0,0,0,0,0,0,0,9,0,0,0,0,9,0,0,0,0,5,0,0,0,0,14,0,0,5,5,0,0,0,0,0,0,0,0,0,0,0,0,0,0,0,0,0,0,0,0,0,0,0,0,0,0,0,0,0,0,0,0,0,0,0,0,0,0,0,0,0,0,0,0,0,0,0,0,0,0,0,0,0,0,0,0,0,0,0,0,0,0,0,0,0,0,0,0,0,0,0,0,0,0,0,0,0,0,0,0,0,0
midvale police department,2002-01-01,utah,28034,UT01801,0,0,0,0,0,6,6,0,3,2,0,0,1,69,0,0,0,3,66,13,9,3,1,96,9,8,1,0,196,3,12,118,130,0,0,0,0,0,0,0,0,0,0,28,0,0,0,1,27,0,0,0,0,11,0,0,0,0,39,1,1,11,12,0,0,0,0,0,0,0,0,0,0,10,0,0,0,1,9,0,0,0,0,5,0,0,0,0,15,1,1,5,6,0,0,0,0,0,0,0,0,0,0,0,0,0,0,0,0,0,0,0,0,0,0,0,0,0,0,0,0,0,0,0,0,0,0,0,0,0,0,0,0,0,0,0,0,0,0,0,0,0,0,0,0,0,0,0,0,0,0,0,0,0,0,0,0,0,0,0,0,0,0,0,0,0,0,0,0,0,0,0,0,0,0
midvale police department,2001-12-01,utah,27472,UT01801,0,0,0,0,0,1,1,0,3,2,0,1,0,75,0,0,0,0,75,21,17,3,1,122,20,19,0,1,242,0,4,163,167,0,0,0,0,0,1,0,0,1,0,27,0,0,0,0,27,0,0,0,0,16,0,0,0,0,44,0,1,16,17,0,0,0,0,0,0,0,0,0,0,13,0,0,0,0,13,0,0,0,0,3,0,0,0,0,16,0,0,3,3,0,0,0,0,0,0,0,0,0,0,0,0,0,0,0,0,0,0,0,0,0,0,0,0,0,0,0,0,0,0,0,0,0,0,0,0,0,0,0,0,0,0,0,0,0,0,0,0,0,0,0,0,0,0,0,0,0,0,0,0,0,0,0,0,0,0,0,0,0,0,0,0,0,0,0,0,0,0,0,0,0,0
midvale police department,2001-11-01,utah,27472,UT01801,0,0,0,0,0,2,2,0,1,0,0,0,1,66,1,1,0,1,63,23,15,7,1,113,7,7,0,0,212,3,6,143,149,0,0,0,0,0,0,0,0,0,0,20,1,0,0,0,19,1,1,0,0,17,0,0,0,0,38,1,1,18,19,0,0,0,0,0,0,0,0,0,0,2,0,0,0,0,2,0,0,0,0,7,0,0,0,0,9,0,0,7,7,0,0,0,0,0,0,0,0,0,0,0,0,0,0,0,0,0,0,0,0,0,0,0,0,0,0,0,0,0,0,0,0,0,0,0,0,0,0,0,0,0,0,0,0,0,0,0,0,0,0,0,0,0,0,0,0,0,0,0,0,0,0,0,0,0,0,0,0,0,0,0,0,0,0,0,0,0,0,0,0,0,0
midvale police department,2001-10-01,utah,27472,UT01801,0,0,0,0,0,1,1,0,4,3,1,0,0,75,7,0,1,1,66,32,20,10,2,147,14,13,0,1,274,9,14,194,208,0,0,0,0,0,2,1,1,0,0,34,4,0,0,0,30,2,2,0,0,25,0,0,0,0,63,4,6,27,33,0,0,0,0,0,0,0,0,0,0,11,3,0,0,0,8,0,0,0,0,12,0,0,0,0,23,3,3,12,15,0,0,0,0,0,0,0,0,0,0,0,0,0,0,0,0,0,0,0,0,0,0,0,0,0,0,0,0,0,0,0,0,0,0,0,0,0,0,0,0,0,1,1,0,0,0,0,0,0,0,0,0,0,0,0,0,0,0,0,0,0,0,0,0,0,0,0,0,0,0,0,0,0,0,0,0,0,0,0,0,0,0
midvale police department,2001-09-01,utah,27472,UT01801,0,0,0,0,0,2,2,0,3,2,0,1,0,41,0,1,0,2,38,18,14,3,1,118,9,9,0,0,191,3,8,145,153,0,0,0,0,0,2,1,0,1,0,14,0,0,0,0,14,0,0,0,0,16,1,1,0,0,33,0,2,17,19,0,0,0,0,0,0,0,0,0,0,5,0,0,0,0,5,0,0,0,0,2,0,0,0,0,7,0,0,2,2,0,0,0,0,0,0,0,0,0,0,0,0,0,0,0,0,0,0,0,0,0,0,0,0,0,0,0,0,0,0,0,0,0,0,0,0,0,0,0,0,0,0,0,0,0,0,0,0,0,0,0,0,0,0,0,0,0,0,0,0,0,0,0,0,0,0,0,0,0,0,0,0,0,0,0,0,0,0,0,0,0,0
midvale police department,2001-08-01,utah,27472,UT01801,0,0,0,0,0,4,4,0,5,2,2,1,0,69,1,1,2,1,64,31,21,10,0,104,22,13,0,9,238,5,14,160,174,0,0,0,0,0,1,0,1,0,0,28,0,1,1,0,26,2,2,0,0,10,0,0,0,0,41,2,3,12,15,0,0,0,0,0,0,0,0,0,0,2,0,0,0,0,2,0,0,0,0,4,0,0,0,0,6,0,0,4,4,0,0,0,0,0,0,0,0,0,0,0,0,0,0,0,0,0,0,0,0,0,0,0,0,0,0,0,0,0,0,1,0,1,0,0,0,0,2,1,0,1,0,3,0,0,0,0,0,0,0,0,0,0,0,0,0,0,0,0,0,0,0,0,0,0,0,0,0,0,0,0,0,0,0,0,0,0,0,0,0,0,0
midvale police department,2001-07-01,utah,27472,UT01801,0,0,0,0,0,1,1,0,7,1,2,1,3,90,4,3,2,0,81,31,21,9,1,118,10,9,0,1,258,9,17,160,177,0,0,0,0,0,2,1,0,1,0,42,0,1,2,0,39,0,0,0,0,17,1,1,0,0,62,3,5,18,23,0,0,0,0,0,1,1,0,0,0,14,0,0,0,0,14,0,0,0,0,3,1,1,0,0,19,0,1,4,5,0,0,0,0,0,0,0,0,0,0,0,0,0,0,0,0,0,0,0,0,0,0,0,0,0,0,0,0,0,0,0,0,0,0,0,0,0,0,0,0,0,1,1,0,0,0,0,0,0,0,0,0,0,0,0,0,0,0,0,0,0,0,0,0,0,0,0,0,0,0,0,0,0,0,0,0,0,0,0,0,0,0
midvale police department,2001-06-01,utah,27472,UT01801,0,0,0,0,0,3,3,0,4,2,1,0,1,76,2,2,3,1,68,27,20,7,0,110,12,11,0,1,233,8,15,150,165,0,0,0,0,0,0,0,0,0,0,47,6,2,2,0,37,3,3,0,0,17,1,1,0,0,69,10,10,22,32,0,0,0,0,0,0,0,0,0,0,6,0,1,1,0,4,0,0,0,0,5,0,0,0,0,12,2,2,6,8,0,0,0,0,0,0,0,0,0,0,0,0,0,0,0,0,0,0,0,0,0,0,0,0,0,0,0,0,0,0,0,0,0,0,0,0,0,0,0,0,0,1,1,0,0,0,0,0,0,0,0,0,0,0,1,1,0,0,0,0,0,0,0,0,0,0,0,1,1,0,0,0,0,0,0,0,0,0,0,0,0,0
midvale police department,2001-05-01,utah,27472,UT01801,0,0,0,0,0,4,3,1,3,1,2,0,0,88,0,1,4,0,83,35,22,13,0,111,8,7,0,1,249,5,12,154,166,0,0,0,0,0,2,1,0,0,1,61,6,0,2,0,53,2,1,1,0,25,0,0,0,0,90,8,10,27,37,0,0,0,0,0,0,0,0,0,0,10,0,0,0,0,10,0,0,0,0,8,0,0,0,0,18,0,0,8,8,0,0,0,0,0,0,0,0,0,0,0,0,0,0,0,0,0,0,0,0,0,0,0,0,0,0,0,0,0,0,0,0,0,0,0,0,0,0,0,0,0,0,0,0,0,0,0,0,0,0,0,0,0,0,0,0,0,0,0,0,0,0,0,0,0,0,0,0,0,0,0,0,0,0,0,0,0,0,0,0,0,0
midvale police department,2001-04-01,utah,27472,UT01801,0,0,0,0,0,2,2,0,2,1,0,0,1,104,10,3,0,2,89,16,11,5,0,103,22,19,1,2,249,15,19,141,160,0,0,0,0,0,0,0,0,0,0,59,0,1,0,2,56,3,2,1,0,21,2,2,0,0,85,3,3,26,29,0,0,0,0,0,0,0,0,0,0,17,0,1,0,2,14,0,0,0,0,6,0,0,0,0,23,3,3,6,9,0,0,0,0,0,0,0,0,0,0,0,0,0,0,0,0,0,0,0,0,0,0,0,0,0,0,0,0,0,0,0,0,0,0,0,0,0,0,0,0,0,0,0,0,0,0,0,0,0,0,0,0,0,0,0,0,0,0,0,0,0,0,0,0,0,0,0,0,0,0,0,0,0,0,0,0,0,0,0,0,0,0
midvale police department,2001-03-01,utah,27472,UT01801,0,0,0,0,0,0,0,0,0,0,0,0,0,76,4,0,2,1,69,11,9,1,1,103,16,14,1,1,207,7,7,131,138,0,0,0,0,0,0,0,0,0,0,19,0,0,0,0,19,0,0,0,0,22,2,2,0,0,43,0,0,24,24,0,0,0,0,0,0,0,0,0,0,5,0,0,0,0,5,0,0,0,0,7,0,0,0,0,12,0,0,7,7,0,0,0,0,0,0,0,0,0,0,0,0,0,0,0,0,0,0,0,0,0,0,0,0,0,0,0,0,0,0,0,0,0,0,0,0,0,0,0,0,0,1,1,0,0,0,0,0,0,0,0,0,0,0,0,0,0,0,0,0,0,0,0,0,0,0,0,0,0,0,0,0,0,0,0,0,0,0,0,0,0,0
midvale police department,2001-02-01,utah,27472,UT01801,0,0,0,0,0,2,2,0,7,1,1,0,5,76,1,1,0,0,74,5,5,0,0,68,11,11,0,0,171,2,11,86,97,0,0,0,0,0,2,0,0,0,2,39,0,0,0,0,39,1,1,0,0,20,1,1,0,0,64,0,2,23,25,0,0,0,0,0,0,0,0,0,0,18,0,0,0,0,18,0,0,0,0,5,0,0,0,0,24,0,0,6,6,0,0,0,0,0,0,0,0,0,0,0,0,0,0,0,0,0,0,0,0,0,0,0,0,0,0,0,0,0,0,0,0,0,0,0,0,0,0,0,0,0,2,2,0,0,0,0,0,0,0,0,0,0,0,1,1,0,0,0,0,0,0,0,0,0,0,0,1,1,0,0,0,0,0,0,0,0,0,0,0,0,0
midvale police department,2001-01-01,utah,27472,UT01801,0,0,0,0,0,3,3,0,3,0,0,0,3,64,0,2,2,0,60,21,15,6,0,104,10,9,1,0,205,4,10,135,145,0,0,0,0,0,0,0,0,0,0,40,0,2,0,0,38,1,1,0,0,29,0,0,0,0,70,2,2,30,32,0,0,0,0,0,0,0,0,0,0,15,0,2,0,0,13,0,0,0,0,8,0,0,0,0,23,2,2,8,10,0,0,0,0,0,0,0,0,0,0,0,0,0,0,0,0,0,0,0,0,0,0,0,0,0,0,0,0,0,0,0,0,0,0,0,0,0,0,0,0,0,0,0,0,0,0,0,0,0,0,0,0,0,0,0,0,0,0,0,0,0,0,0,0,0,0,0,0,0,0,0,0,0,0,0,0,0,0,0,0,0,0
midvale police department,2000-12-01,utah,27029,UT01801,0,0,0,0,0,1,1,0,3,2,0,0,1,62,0,3,0,0,59,15,12,3,0,95,4,4,0,0,180,3,7,114,121,0,0,0,0,0,2,1,0,0,1,30,0,1,0,0,29,2,2,0,0,20,0,0,0,0,54,1,3,22,25,0,0,0,0,0,0,0,0,0,0,4,0,0,0,0,4,0,0,0,0,9,0,0,0,0,13,0,0,9,9,0,0,0,0,0,0,0,0,0,0,0,0,0,0,0,0,0,0,0,0,0,0,0,0,0,0,0,0,0,0,0,0,0,0,0,0,0,0,0,0,0,0,0,0,0,0,0,0,0,0,0,0,0,0,0,0,0,0,0,0,0,0,0,0,0,0,0,0,0,0,0,0,0,0,0,0,0,0,0,0,0,0
midvale police department,2000-11-01,utah,27029,UT01801,0,0,0,0,0,1,1,0,2,2,0,0,0,53,1,1,0,1,50,19,12,7,0,94,9,9,0,0,178,3,6,122,128,0,1,0,0,0,1,1,0,0,0,22,0,0,0,0,22,1,1,0,0,18,0,0,0,0,43,0,1,19,20,0,0,0,0,0,0,0,0,0,0,3,0,0,0,0,3,0,0,0,0,9,0,0,0,0,12,0,0,9,9,0,0,0,0,0,0,0,0,0,0,0,0,0,0,0,0,0,0,0,0,0,0,0,0,0,0,0,0,0,0,0,0,0,0,0,0,0,0,0,0,0,0,0,0,0,0,0,0,0,0,0,0,0,0,0,0,0,0,0,0,0,0,0,0,0,0,0,0,0,0,0,0,0,0,0,0,0,0,0,0,0,0
midvale police department,2000-10-01,utah,27029,UT01801,0,0,0,0,0,0,0,0,1,0,0,1,0,49,0,2,0,1,46,16,9,6,1,88,8,8,0,0,162,3,4,112,116,0,1,0,0,0,0,0,0,0,0,31,0,1,0,0,30,4,4,0,0,14,2,2,0,0,52,1,1,20,21,0,0,0,0,0,0,0,0,0,0,5,0,0,0,0,5,0,0,0,0,3,0,0,0,0,8,0,0,3,3,0,0,0,0,0,0,0,0,0,0,0,0,0,0,0,0,0,0,0,0,0,0,0,0,0,0,0,0,0,0,0,0,0,0,0,0,0,0,0,0,0,0,0,0,0,0,0,0,0,0,0,0,0,0,0,0,0,0,0,0,0,0,0,0,0,0,0,0,0,0,0,0,0,0,0,0,0,0,0,0,0,0
midvale police department,2000-09-01,utah,27029,UT01801,0,0,0,0,1,1,0,1,2,1,0,1,0,62,0,0,0,0,62,21,21,0,0,118,14,11,0,3,219,0,3,153,156,0,0,1,1,0,0,0,0,0,0,52,0,0,0,1,51,2,2,0,0,25,2,1,0,1,82,1,2,29,31,0,0,0,0,0,0,0,0,0,0,8,0,0,0,0,8,1,1,0,0,4,0,0,0,0,13,0,0,5,5,0,0,0,0,0,0,0,0,0,0,0,0,0,0,0,0,0,0,0,0,0,0,0,0,0,0,0,0,0,0,0,0,0,0,0,0,0,0,0,0,0,0,0,0,0,0,0,0,0,0,0,0,0,0,0,0,0,0,0,0,0,0,0,0,0,0,0,0,0,0,0,0,0,0,0,0,0,0,0,0,0,0
midvale police department,2000-08-01,utah,27029,UT01801,0,0,0,0,0,3,3,0,2,1,1,0,0,74,1,3,1,1,68,28,28,0,0,115,13,10,1,2,235,6,11,156,167,0,0,1,1,0,1,1,0,0,0,60,0,3,1,1,55,3,3,0,0,28,3,1,1,1,96,5,7,34,41,0,0,0,0,0,0,0,0,0,0,8,0,0,0,0,8,1,1,0,0,4,0,0,0,0,13,0,0,5,5,0,0,0,0,0,0,0,0,0,0,0,0,0,0,0,0,0,0,0,0,0,0,0,0,0,0,0,0,0,0,0,0,0,0,0,0,0,0,0,0,0,0,0,0,0,0,0,0,0,0,0,0,0,0,0,0,0,0,0,0,0,0,0,0,0,0,0,0,0,0,0,0,0,0,0,0,0,0,0,0,0,0
midvale police department,2000-07-01,utah,27029,UT01801,0,0,0,0,0,2,2,0,0,0,0,0,0,75,1,2,0,2,70,20,19,1,0,132,13,11,1,1,242,5,7,165,172,0,0,1,1,0,0,0,0,0,0,57,0,0,0,2,55,3,3,0,0,26,3,3,0,0,90,2,3,32,35,0,0,0,0,0,0,0,0,0,0,8,0,0,0,0,8,0,0,0,0,6,1,1,0,0,15,0,0,7,7,0,0,0,0,0,0,0,0,0,0,0,0,0,0,0,0,0,0,0,0,0,0,0,0,0,0,0,0,0,0,0,0,0,0,0,0,0,0,0,0,0,0,0,0,0,0,0,0,0,0,0,0,0,0,0,0,0,0,0,0,0,0,0,0,0,0,0,0,0,0,0,0,0,0,0,0,0,0,0,0,0,0
midvale police department,2000-06-01,utah,27029,UT01801,0,0,0,0,0,1,0,1,3,1,1,0,1,96,0,0,0,4,92,15,14,0,1,119,16,14,1,1,250,4,8,150,158,0,0,2,1,1,1,1,0,0,0,81,0,0,0,5,76,3,3,0,0,16,5,5,0,0,108,5,8,24,32,0,0,0,0,0,0,0,0,0,0,16,0,0,0,2,14,0,0,0,0,4,2,2,0,0,22,2,2,6,8,0,0,0,0,0,0,0,0,0,0,0,0,0,0,0,0,0,0,0,0,0,0,0,0,0,0,0,0,0,0,0,0,0,0,0,0,0,0,0,0,0,0,0,0,0,0,0,0,0,0,0,0,0,0,0,0,0,0,0,0,0,0,0,0,0,0,0,0,0,0,0,0,0,0,0,0,0,0,0,0,0,0
midvale police department,2000-05-01,utah,27029,UT01801,0,0,0,0,0,4,4,0,2,2,0,0,0,89,0,2,0,4,83,15,13,2,0,107,9,8,0,1,226,6,12,131,143,0,0,4,4,0,1,1,0,0,0,67,0,1,0,4,62,3,2,1,0,28,2,2,0,0,105,5,10,33,43,0,0,2,2,0,0,0,0,0,0,20,0,0,0,0,20,0,0,0,0,11,0,0,0,0,33,0,2,11,13,0,0,0,0,0,0,0,0,0,0,0,0,0,0,0,0,0,0,0,0,0,0,0,0,0,0,0,0,0,0,0,0,0,0,0,0,0,0,0,0,0,0,0,0,0,0,0,0,0,0,0,0,0,0,0,0,0,0,0,0,0,0,0,0,0,0,0,0,0,0,0,0,0,0,0,0,0,0,0,0,0,0
midvale police department,2000-04-01,utah,27029,UT01801,0,0,0,0,0,2,2,0,2,1,0,0,1,65,1,1,1,4,58,18,16,1,1,107,6,5,0,1,200,7,11,131,142,0,0,2,2,0,1,0,0,0,1,57,1,2,1,1,52,1,1,0,0,21,0,0,0,0,82,5,8,22,30,0,0,0,0,0,0,0,0,0,0,8,0,0,0,0,8,0,0,0,0,3,0,0,0,0,11,0,0,3,3,0,0,0,0,0,0,0,0,0,0,0,0,0,0,0,0,0,0,0,0,0,0,0,0,0,0,0,0,0,0,0,0,0,0,0,0,0,0,0,0,0,0,0,0,0,0,0,0,0,0,0,0,0,0,0,0,0,0,0,0,0,0,0,0,0,0,0,0,0,0,0,0,0,0,0,0,0,0,0,0,0,0
midvale police department,2000-03-01,utah,27029,UT01801,0,0,0,0,0,2,2,0,2,2,0,0,0,83,0,5,0,4,74,21,21,0,0,126,18,16,2,0,252,9,13,165,178,0,0,2,2,0,0,0,0,0,0,50,0,2,0,4,44,0,0,0,0,36,3,2,1,0,91,6,8,39,47,0,0,0,0,0,0,0,0,0,0,10,0,2,0,0,8,0,0,0,0,9,0,0,0,0,19,2,2,9,11,0,0,0,0,0,0,0,0,0,0,0,0,0,0,0,0,0,0,0,0,0,0,0,0,0,0,0,0,0,0,0,0,0,0,0,0,0,0,0,0,0,0,0,0,0,0,0,0,0,0,0,0,0,0,0,0,0,0,0,0,0,0,0,0,0,0,0,0,0,0,0,0,0,0,0,0,0,0,0,0,0,0
midvale police department,2000-02-01,utah,27029,UT01801,0,0,0,0,1,2,2,0,1,1,0,0,0,75,1,2,1,0,71,13,13,0,0,111,11,10,1,0,214,4,7,135,142,0,0,1,1,0,1,0,0,0,1,53,1,0,1,1,50,2,2,0,0,21,1,1,0,0,79,3,5,24,29,0,0,0,0,0,0,0,0,0,0,16,0,0,0,0,16,0,0,0,0,3,0,0,0,0,19,0,0,3,3,0,0,0,0,0,0,0,0,0,0,0,0,0,0,0,0,0,0,0,0,0,0,0,0,0,0,0,0,0,0,0,0,0,0,0,0,0,0,0,0,0,0,0,0,0,0,0,0,0,0,0,0,0,0,0,0,0,0,0,0,0,0,0,0,0,0,0,0,0,0,0,0,0,0,0,0,0,0,0,0,0,0
midvale police department,2000-01-01,utah,27029,UT01801,0,0,0,0,0,1,1,0,5,2,0,1,2,89,0,3,1,7,78,19,18,1,0,118,11,10,0,1,243,11,17,148,165,0,0,0,0,0,0,0,0,0,0,54,0,3,1,2,48,3,3,0,0,28,1,1,0,0,86,6,6,32,38,0,0,0,0,0,0,0,0,0,0,11,0,3,0,0,8,0,0,0,0,11,1,1,0,0,23,3,3,12,15,0,0,0,0,0,0,0,0,0,0,0,0,0,0,0,0,0,0,0,0,0,0,0,0,0,0,0,0,0,0,0,0,0,0,0,0,0,0,0,0,0,0,0,0,0,0,0,0,0,0,0,0,0,0,0,0,0,0,0,0,0,0,0,0,0,0,0,0,0,0,0,0,0,0,0,0,0,0,0,0,0,0
midvale police department,1999-12-01,utah,29890,UT01801,0,0,0,0,0,2,2,0,5,1,0,2,2,59,4,3,0,0,52,20,18,2,0,137,17,14,1,2,240,7,14,174,188,0,0,1,1,0,2,0,0,0,2,51,1,2,1,0,47,3,3,0,0,44,4,3,1,0,105,4,7,51,58,0,0,0,0,0,1,0,0,0,1,10,1,1,0,0,8,0,0,0,0,6,0,0,0,0,17,2,3,6,9,0,0,0,0,0,0,0,0,0,0,0,0,0,0,0,0,0,0,0,0,0,0,0,0,0,0,0,0,0,0,0,0,0,0,0,0,0,0,0,0,0,0,0,0,0,0,0,0,0,0,0,0,0,0,0,0,0,0,0,0,0,0,0,0,0,0,0,0,0,0,0,0,0,0,0,0,0,0,0,0,0,0
midvale police department,1999-11-01,utah,29890,UT01801,0,0,0,0,0,2,1,1,1,0,0,0,1,63,0,1,1,0,61,26,23,3,0,126,18,16,0,2,236,2,5,170,175,0,0,1,0,1,1,0,1,0,0,53,1,1,1,0,50,7,6,1,0,34,3,3,0,0,99,3,5,44,49,0,0,0,0,0,0,0,0,0,0,6,0,0,0,0,6,0,0,0,0,7,1,1,0,0,14,0,0,8,8,0,0,0,0,0,0,0,0,0,0,0,0,0,0,0,0,0,0,0,0,0,0,0,0,0,0,0,0,0,0,0,0,0,0,0,0,0,0,0,0,0,0,0,0,0,0,0,0,0,0,0,0,0,0,0,0,0,0,0,0,0,0,0,0,0,0,0,0,0,0,0,0,0,0,0,0,0,0,0,0,0,0
midvale police department,1999-10-01,utah,29890,UT01801,0,0,0,0,0,0,0,0,2,0,1,0,1,91,2,2,1,1,85,19,16,1,2,120,22,19,0,3,254,6,8,161,169,0,0,0,0,0,2,1,0,0,1,62,2,2,1,2,55,6,6,0,0,38,5,4,0,1,113,7,9,49,58,0,0,0,0,0,0,0,0,0,0,6,0,0,0,1,5,2,2,0,0,5,0,0,0,0,13,1,1,7,8,0,0,0,0,0,0,0,0,0,0,0,0,0,0,0,0,0,0,0,0,0,0,0,0,0,0,0,0,0,0,0,0,0,0,0,0,0,0,0,0,0,0,0,0,0,0,0,0,0,0,0,0,0,0,0,0,0,0,0,0,0,0,0,0,0,0,0,0,0,0,0,0,0,0,0,0,0,0,0,0,0,0
midvale police department,1999-09-01,utah,29890,UT01801,0,0,0,0,0,1,1,0,1,0,0,0,1,79,4,0,1,5,69,21,18,1,2,141,23,19,1,3,266,10,12,185,197,0,0,0,0,0,1,0,0,0,1,65,1,0,0,6,58,4,4,0,0,30,6,6,0,0,106,7,8,40,48,0,0,0,0,0,0,0,0,0,0,8,0,0,0,0,8,0,0,0,0,9,0,0,0,0,17,0,0,9,9,0,0,0,0,0,0,0,0,0,0,0,0,0,0,0,0,0,0,0,0,0,0,0,0,0,0,0,0,0,0,0,0,0,0,0,0,0,0,0,0,0,0,0,0,0,0,0,0,0,0,0,0,0,0,0,0,0,0,0,0,0,0,0,0,0,0,0,0,0,0,0,0,0,0,0,0,0,0,0,0,0,0
midvale police department,1999-08-01,utah,29890,UT01801,0,0,0,0,0,2,1,1,2,0,0,1,1,87,4,0,3,2,78,26,25,1,0,123,15,12,1,2,256,9,13,165,178,0,0,1,1,0,0,0,0,0,0,72,4,2,1,1,64,4,4,0,0,23,4,4,0,0,104,8,9,31,40,0,0,1,1,0,0,0,0,0,0,7,0,0,1,0,6,1,1,0,0,3,1,1,0,0,13,1,2,5,7,0,0,0,0,0,0,0,0,0,0,0,0,0,0,0,0,0,0,0,0,0,0,0,0,0,0,0,0,0,0,0,0,0,0,1,0,0,1,0,0,0,0,1,0,0,0,0,0,0,0,0,0,0,0,0,0,0,0,0,0,0,0,0,0,0,0,0,0,0,0,0,0,0,0,0,0,0,0,0,0,0,0
midvale police department,1999-07-01,utah,29890,UT01801,0,0,0,0,0,1,1,0,2,1,0,0,1,84,0,4,0,4,76,26,21,3,2,116,20,16,2,2,250,8,11,163,174,0,0,1,1,0,1,0,0,0,1,62,0,3,0,1,58,2,0,1,1,28,1,1,0,0,95,4,6,31,37,0,0,0,0,0,0,0,0,0,0,9,0,0,0,0,9,0,0,0,0,4,0,0,0,0,13,0,0,4,4,0,0,0,0,0,0,0,0,0,0,0,0,0,0,0,0,0,0,0,0,0,0,0,0,0,0,0,0,0,0,0,0,0,0,0,0,0,0,0,0,0,1,1,0,0,0,0,0,0,0,0,0,0,0,0,0,0,0,0,0,0,0,0,0,0,0,0,0,0,0,0,0,0,0,0,0,0,0,0,0,0,0
midvale police department,1999-06-01,utah,29890,UT01801,0,0,0,0,0,2,2,0,3,0,0,0,3,76,1,0,0,9,66,23,16,6,1,126,9,9,0,0,239,10,15,158,173,0,0,1,1,0,0,0,0,0,0,39,0,0,0,6,33,2,2,0,0,27,4,4,0,0,73,6,7,33,40,0,0,1,1,0,0,0,0,0,0,4,0,0,0,0,4,0,0,0,0,8,0,0,0,0,13,0,1,8,9,0,0,0,0,0,0,0,0,0,0,0,0,0,0,0,0,0,0,0,0,0,0,0,0,0,0,0,0,0,0,0,0,0,0,0,0,0,0,0,0,0,0,0,0,0,0,0,0,0,0,0,0,0,0,0,0,0,0,0,0,0,0,0,0,0,0,0,0,0,0,0,0,0,0,0,0,0,0,0,0,0,0
midvale police department,1999-05-01,utah,29890,UT01801,0,0,0,0,0,1,1,0,3,0,1,0,2,84,8,1,1,2,72,19,16,3,0,147,12,9,1,2,266,12,16,178,194,0,0,0,0,0,1,0,1,0,0,64,0,0,1,2,61,2,2,0,0,35,6,4,2,0,108,3,4,43,47,0,0,0,0,0,0,0,0,0,0,8,0,0,0,0,8,0,0,0,0,5,0,0,0,0,13,0,0,5,5,0,0,0,0,0,0,0,0,0,0,0,0,0,0,0,0,0,0,0,0,0,0,0,0,0,0,0,0,0,0,0,0,0,0,0,0,0,0,0,0,0,0,0,0,0,0,0,0,0,0,0,0,0,0,0,0,0,0,0,0,0,0,0,0,0,0,0,0,0,0,0,0,0,0,0,0,0,0,0,0,0,0
midvale police department,1999-04-01,utah,29890,UT01801,0,0,0,0,0,0,0,0,1,1,0,0,0,101,3,2,1,2,93,22,19,1,2,122,13,11,1,1,260,8,9,158,167,0,0,2,2,0,1,1,0,0,0,65,2,2,0,2,59,3,3,0,0,30,2,2,0,0,103,6,9,35,44,0,0,0,0,0,0,0,0,0,0,6,0,0,0,0,6,1,1,0,0,1,1,1,0,0,9,0,0,3,3,0,0,0,0,0,0,0,0,0,0,0,0,0,0,0,0,0,0,0,0,0,0,0,0,0,0,0,0,0,0,0,0,0,0,0,0,0,0,1,0,1,0,1,0,0,0,0,0,0,0,0,0,0,0,0,0,0,0,0,0,0,0,0,0,0,0,0,0,0,0,0,0,0,0,0,0,0,0,0,0,0,0
midvale police department,1999-03-01,utah,29890,UT01801,0,0,0,0,0,5,5,0,4,0,0,0,4,86,0,0,0,1,85,19,15,4,0,114,16,16,0,0,246,1,10,151,161,0,0,1,1,0,1,0,0,0,1,78,0,0,0,1,77,8,6,2,0,21,3,3,0,0,112,1,3,32,35,0,0,0,0,0,0,0,0,0,0,11,0,0,0,0,11,0,0,0,0,8,1,1,0,0,20,0,0,9,9,0,0,0,0,0,0,0,0,0,0,0,0,0,0,0,0,0,0,0,0,0,0,0,0,0,0,0,0,0,0,0,0,0,0,0,0,0,0,2,0,2,0,2,0,0,0,0,0,0,0,0,0,0,0,0,0,0,0,0,0,0,0,0,0,0,0,0,0,0,0,0,0,0,0,0,0,0,0,0,0,0,0
midvale police department,1999-02-01,utah,29890,UT01801,0,0,0,0,0,0,0,0,1,1,0,0,0,74,6,3,2,0,63,13,8,4,1,109,13,12,0,1,211,11,12,136,148,0,0,0,0,0,1,1,0,0,0,55,4,3,0,0,48,1,1,0,0,13,0,0,0,0,70,7,8,14,22,0,0,0,0,0,0,0,0,0,0,11,0,0,0,0,11,0,0,0,0,2,0,0,0,0,13,0,0,2,2,0,0,0,0,0,0,0,0,0,0,0,0,0,0,0,0,0,0,0,0,0,0,0,0,0,0,0,0,0,0,0,0,0,0,0,0,0,0,0,0,0,1,1,0,0,0,0,0,0,0,0,0,0,0,0,0,0,0,0,0,0,0,0,0,0,0,0,0,0,0,0,0,0,0,0,0,0,0,0,0,0,0
midvale police department,1999-01-01,utah,29890,UT01801,0,0,0,0,0,2,2,0,4,1,0,0,3,113,4,1,0,1,107,19,18,1,0,115,13,13,0,0,267,6,12,148,160,0,0,0,0,0,0,0,0,0,0,72,1,1,0,0,70,4,4,0,0,16,0,0,0,0,92,2,2,20,22,0,0,0,0,0,0,0,0,0,0,9,0,1,0,0,8,0,0,0,0,6,0,0,0,0,15,1,1,6,7,0,0,0,0,0,0,0,0,0,0,0,0,0,0,0,0,0,0,0,0,0,0,0,0,0,0,0,0,0,0,0,1,0,0,0,0,0,1,0,0,0,0,1,0,0,0,0,0,0,0,0,0,0,0,0,0,0,0,0,0,0,0,0,0,0,0,0,0,0,0,0,0,0,0,0,0,0,0,0,0,0,0
midvale police department,1998-12-01,utah,12290,UT01801,0,0,0,1,0,2,2,0,6,4,0,1,1,73,2,0,9,2,60,19,15,3,1,126,18,15,1,2,245,13,22,163,185,1,0,0,0,0,4,3,1,0,0,59,1,0,7,1,50,4,4,0,0,32,1,0,1,0,101,9,14,37,51,0,0,0,0,0,0,0,0,0,0,3,0,0,0,0,3,0,0,0,0,6,0,0,0,0,9,0,0,6,6,0,0,0,0,0,0,0,0,0,0,0,0,0,0,0,0,0,0,0,0,0,0,0,0,0,0,0,0,0,0,0,0,0,0,0,0,0,0,0,0,0,0,0,0,0,0,0,0,0,0,0,0,0,0,0,0,0,0,0,0,0,0,0,0,0,0,0,0,0,0,0,0,0,0,0,0,0,0,0,0,0,0
midvale police department,1998-11-01,utah,12290,UT01801,0,0,0,0,0,0,0,0,5,1,1,1,2,84,1,1,2,3,77,17,14,2,1,99,9,7,2,0,214,7,12,125,137,0,0,0,0,0,0,0,0,0,0,66,0,2,1,5,58,4,3,1,0,21,0,0,0,0,91,8,8,25,33,0,0,0,0,0,0,0,0,0,0,4,0,0,0,0,4,1,0,1,0,1,0,0,0,0,6,0,0,2,2,0,0,0,0,0,0,0,0,0,0,0,0,0,0,0,0,0,0,0,0,0,0,0,0,0,0,0,0,0,0,0,0,0,0,0,0,0,0,0,0,0,0,0,0,0,0,0,0,0,0,0,0,0,0,0,0,0,0,0,0,0,0,0,0,0,0,0,0,0,0,0,0,0,0,0,0,0,0,0,0,0,0
midvale police department,1998-10-01,utah,12290,UT01801,0,0,0,0,0,1,1,0,3,1,0,0,2,80,3,2,5,2,68,17,12,5,0,117,22,21,0,1,241,12,16,157,173,0,0,0,0,0,1,1,0,0,0,47,0,4,0,0,43,2,2,0,0,26,2,2,0,0,78,4,5,30,35,0,0,0,0,0,0,0,0,0,0,5,0,2,0,0,3,0,0,0,0,9,0,0,0,0,14,2,2,9,11,0,0,0,0,0,0,0,0,0,0,0,0,0,0,0,0,0,0,0,0,0,0,0,0,0,0,0,0,0,0,0,0,1,0,0,0,0,1,0,0,0,0,1,0,0,0,0,0,0,0,0,0,0,0,0,0,0,0,0,0,0,0,0,0,0,0,0,0,0,0,0,0,0,0,0,0,0,0,0,0,0,0
midvale police department,1998-09-01,utah,12290,UT01801,0,0,0,0,0,1,0,1,0,0,0,0,0,72,1,4,1,4,62,24,18,5,1,163,11,9,1,1,271,10,11,198,209,0,0,1,1,0,1,0,1,0,0,61,0,2,0,5,54,1,1,0,0,52,0,0,0,0,116,7,9,53,62,0,0,0,0,0,1,0,1,0,0,11,0,0,0,0,11,0,0,0,0,11,0,0,0,0,23,0,1,11,12,0,0,0,0,0,0,0,0,0,0,0,0,0,0,0,0,0,0,0,0,0,0,0,0,0,0,0,0,0,0,0,0,0,0,0,0,0,0,0,0,0,0,0,0,0,0,0,0,0,0,0,0,0,0,0,0,0,0,0,0,0,0,0,0,0,0,0,0,0,0,0,0,0,0,0,0,0,0,0,0,0,0
midvale police department,1998-08-01,utah,12290,UT01801,0,0,0,0,0,2,2,0,2,1,1,0,0,88,0,4,3,5,76,25,18,7,0,129,10,8,1,1,257,12,16,165,181,0,0,1,1,0,2,1,0,0,1,58,0,5,2,2,49,2,2,0,0,38,1,0,1,0,102,9,12,41,53,0,0,0,0,0,0,0,0,0,0,7,0,0,0,1,6,0,0,0,0,9,1,0,1,0,17,1,1,10,11,0,0,0,0,0,0,0,0,0,0,0,0,0,0,0,0,0,0,0,0,0,0,0,0,0,0,0,0,0,0,0,0,0,0,0,0,0,0,0,0,0,1,1,0,0,0,0,0,0,0,0,0,0,0,0,0,0,0,0,0,0,0,0,0,0,0,0,0,0,0,0,0,0,0,0,0,0,0,0,0,0,0
midvale police department,1998-07-01,utah,12290,UT01801,0,0,0,1,0,2,2,0,6,2,0,1,3,69,3,4,1,0,61,15,8,7,0,153,9,6,2,1,255,8,17,177,194,0,0,2,2,0,3,0,0,0,3,67,5,1,1,0,60,1,1,0,0,61,4,4,0,0,138,7,12,66,78,0,0,0,0,0,1,0,0,0,1,3,0,0,0,0,3,0,0,0,0,15,1,1,0,0,20,0,1,16,17,0,0,0,0,0,0,0,0,0,0,0,0,0,0,0,0,0,0,0,0,0,0,0,0,0,0,0,0,0,0,0,0,0,0,0,0,0,0,0,0,0,0,0,0,0,0,0,0,0,0,0,0,0,0,0,0,0,0,0,0,0,0,0,0,0,0,0,0,0,0,0,0,0,0,0,0,0,0,0,0,0,0
midvale police department,1998-06-01,utah,12290,UT01801,0,0,0,0,0,2,2,0,6,3,1,0,2,97,1,4,4,0,88,24,11,13,0,138,13,12,0,1,282,9,17,177,194,0,0,1,1,0,1,1,0,0,0,61,0,1,1,1,58,3,1,2,0,29,0,0,0,0,95,3,5,32,37,0,0,0,0,0,0,0,0,0,0,13,0,1,0,0,12,0,0,0,0,9,0,0,0,0,22,1,1,9,10,0,0,0,0,0,0,0,0,0,0,0,0,0,0,0,0,0,0,0,0,0,0,0,0,0,0,0,0,0,0,0,0,1,0,0,0,0,1,1,0,1,0,2,0,0,0,0,0,0,0,0,0,0,0,0,0,0,0,0,0,0,0,0,0,0,0,0,0,0,0,0,0,0,0,0,0,0,0,0,0,0,0
midvale police department,1998-05-01,utah,12290,UT01801,0,0,0,1,0,0,0,0,7,2,3,1,1,71,2,1,9,2,57,15,12,2,1,147,11,9,1,1,253,14,22,174,196,1,0,0,0,0,2,1,1,0,0,49,0,0,8,1,40,2,2,0,0,30,1,0,0,1,85,9,12,33,45,0,0,0,0,0,0,0,0,0,0,15,0,0,0,0,15,1,1,0,0,11,0,0,0,0,27,0,0,12,12,0,0,0,0,0,0,0,0,0,0,0,0,0,0,0,0,0,0,0,0,0,0,0,0,0,0,0,0,0,0,0,1,0,0,0,0,0,1,0,0,0,0,1,0,0,0,0,0,0,0,0,0,0,0,0,0,0,0,0,0,0,0,0,0,0,0,0,0,0,0,0,0,0,0,0,0,0,0,0,0,0,0
midvale police department,1998-04-01,utah,12290,UT01801,0,0,0,0,0,1,1,0,0,0,0,0,0,78,9,2,1,1,65,25,7,14,4,109,16,15,0,1,230,13,14,151,165,0,0,0,0,0,0,0,0,0,0,37,2,1,0,0,34,0,0,0,0,28,3,3,0,0,68,3,3,31,34,0,0,0,0,0,0,0,0,0,0,13,0,0,0,0,13,0,0,0,0,11,1,1,0,0,25,0,0,12,12,0,0,0,0,0,0,0,0,0,0,0,0,0,0,0,0,0,0,0,0,0,0,0,0,0,0,0,0,0,0,0,0,0,0,0,0,0,0,0,0,0,1,1,0,0,0,0,0,0,0,0,0,0,0,0,0,0,0,0,0,0,0,0,0,0,0,0,0,0,0,0,0,0,0,0,0,0,0,0,0,0,0
midvale police department,1998-03-01,utah,12290,UT01801,0,0,0,0,0,1,0,1,4,2,0,0,2,88,2,1,0,3,82,23,8,15,0,133,12,12,0,0,263,6,11,170,181,0,0,0,0,0,0,0,0,0,0,62,2,1,0,3,56,1,1,0,0,18,0,0,0,0,82,6,6,20,26,0,0,0,0,0,0,0,0,0,0,12,0,0,0,0,12,0,0,0,0,3,0,0,0,0,16,0,0,4,4,0,0,0,0,0,0,0,0,0,0,0,0,0,0,0,0,0,0,0,0,0,0,0,0,0,0,0,0,0,0,1,0,0,0,0,0,0,1,0,0,0,1,2,0,0,0,0,0,0,0,0,0,0,0,1,1,0,0,0,0,0,0,0,0,0,0,0,1,1,0,0,0,0,0,0,0,0,0,0,0,0,0
midvale police department,1998-02-01,utah,12290,UT01801,0,0,0,0,0,2,2,0,3,2,1,0,0,80,2,3,0,2,73,16,11,4,1,125,6,5,1,0,233,7,12,148,160,0,0,0,0,0,1,0,1,0,0,51,1,2,0,2,46,0,0,0,0,27,1,1,0,0,80,5,6,28,34,0,0,0,0,0,1,0,1,0,0,12,0,0,0,0,12,0,0,0,0,11,1,1,0,0,25,0,1,12,13,0,0,0,0,0,0,0,0,0,0,0,0,0,0,0,0,0,0,0,0,0,0,0,0,0,0,0,0,0,0,0,0,0,0,0,0,0,0,0,0,0,1,1,0,0,0,0,0,0,0,0,0,0,0,0,0,0,0,0,0,0,0,0,0,0,0,0,0,0,0,0,0,0,0,0,0,0,0,0,0,0,0
midvale police department,1998-01-01,utah,12290,UT01801,0,0,0,0,0,0,0,0,5,2,1,0,2,95,0,2,2,1,90,32,13,17,2,125,17,15,2,0,274,5,10,174,184,0,0,0,0,0,1,0,0,0,1,48,0,1,1,0,46,2,1,1,0,27,0,0,0,0,78,2,3,29,32,0,0,0,0,0,0,0,0,0,0,11,0,0,1,0,10,1,0,1,0,10,0,0,0,0,22,1,1,11,12,0,0,0,0,0,0,0,0,0,0,0,0,0,0,0,0,0,0,0,0,0,0,0,0,0,0,0,0,0,0,0,0,0,0,0,0,0,0,0,0,0,0,0,0,0,0,0,0,0,0,0,0,0,0,0,0,0,0,0,0,0,0,0,0,0,0,0,0,0,0,0,0,0,0,0,0,0,0,0,0,0,0
midvale police department,1997-12-01,utah,13038,UT01801,0,0,0,0,0,1,1,0,1,1,0,0,0,49,0,2,0,0,47,14,10,4,0,70,9,7,1,1,145,2,4,94,98,0,0,1,1,0,1,1,0,0,0,38,0,1,0,0,37,3,1,2,0,11,0,0,0,0,54,1,3,14,17,0,0,0,0,0,0,0,0,0,0,2,0,0,0,0,2,0,0,0,0,4,0,0,0,0,6,0,0,4,4,0,0,0,0,0,0,0,0,0,0,0,0,0,0,0,0,0,0,0,0,0,0,0,0,0,0,0,0,0,0,0,1,0,0,0,0,0,1,0,0,0,0,1,0,0,0,0,0,0,0,0,0,0,0,0,0,0,0,0,0,0,0,0,0,0,0,0,0,0,0,0,0,0,0,0,0,0,0,0,0,0,0
midvale police department,1997-11-01,utah,13038,UT01801,0,0,0,0,0,2,2,0,1,0,0,0,1,45,1,1,1,0,42,13,6,6,1,70,8,6,2,0,140,3,6,92,98,0,0,0,0,0,0,0,0,0,0,17,0,1,0,0,16,0,0,0,0,6,0,0,0,0,23,1,1,6,7,0,0,0,0,0,0,0,0,0,0,2,0,0,0,0,2,0,0,0,0,4,0,0,0,0,6,0,0,4,4,0,0,0,0,0,0,0,0,0,0,0,0,0,0,0,0,0,0,0,0,0,0,0,0,0,0,0,0,0,0,0,0,0,0,0,0,0,0,0,0,0,1,1,0,0,0,0,0,0,0,0,0,0,0,0,0,0,0,0,0,0,0,0,0,0,0,0,0,0,0,0,0,0,0,0,0,0,0,0,0,0,0
midvale police department,1997-10-01,utah,13038,UT01801,0,0,0,0,0,0,0,0,1,1,0,0,0,58,0,2,2,0,54,25,16,9,0,96,13,13,0,0,194,4,5,135,140,0,0,0,0,0,0,0,0,0,0,32,0,1,1,0,30,3,1,2,0,10,1,1,0,0,46,2,2,14,16,0,0,0,0,0,0,0,0,0,0,6,0,0,0,0,6,1,0,1,0,6,0,0,0,0,13,0,0,7,7,0,0,0,0,0,0,0,0,0,0,0,0,0,0,0,0,0,0,0,0,0,0,0,0,0,0,0,0,0,0,0,0,0,0,0,0,0,0,0,0,0,1,1,0,0,0,0,0,0,0,0,0,0,0,0,0,0,0,0,0,0,0,0,0,0,0,0,0,0,0,0,0,0,0,0,0,0,0,0,0,0,0
midvale police department,1997-09-01,utah,13038,UT01801,0,0,0,0,0,1,1,0,3,0,0,0,3,44,2,2,1,0,39,9,5,2,2,80,10,9,0,1,147,5,9,99,108,0,0,0,0,0,1,0,0,0,1,25,0,2,0,0,23,1,0,1,0,12,0,0,0,0,39,2,3,13,16,0,0,0,0,0,1,0,0,0,1,4,0,0,0,0,4,0,0,0,0,6,0,0,0,0,11,0,1,6,7,0,0,0,0,0,0,0,0,0,0,0,0,0,0,0,0,0,0,0,0,0,0,0,0,0,0,0,0,0,0,0,0,0,0,0,0,0,0,0,0,0,0,0,0,0,0,0,0,0,0,0,0,0,0,0,0,0,0,0,0,0,0,0,0,0,0,0,0,0,0,0,0,0,0,0,0,0,0,0,0,0,0
midvale police department,1997-08-01,utah,13038,UT01801,0,0,0,0,0,0,0,0,1,0,0,0,1,74,0,4,0,3,67,26,16,8,2,89,14,13,1,0,206,7,8,131,139,0,0,0,0,0,1,0,0,0,1,31,0,0,0,0,31,2,1,1,0,7,1,1,0,0,43,0,1,11,12,0,0,0,0,0,0,0,0,0,0,3,0,0,0,0,3,1,0,1,0,2,0,0,0,0,7,0,0,4,4,0,0,0,0,0,0,0,0,0,0,0,0,0,0,0,0,0,0,0,0,0,0,0,0,0,0,0,0,0,0,0,0,0,0,0,0,1,1,0,0,0,1,2,0,0,0,0,0,0,1,1,0,0,0,0,1,0,0,0,0,0,0,1,1,0,0,0,0,1,0,0,0,0,0,0,0,0,0,0,0,0,0
midvale police department,1997-07-01,utah,13038,UT01801,0,0,0,0,0,4,3,1,0,0,0,0,0,38,2,0,2,1,33,12,7,5,0,66,5,5,0,0,126,5,9,84,93,0,0,0,0,0,0,0,0,0,0,22,0,0,2,0,20,1,1,0,0,6,1,1,0,0,30,2,2,8,10,0,0,0,0,0,0,0,0,0,0,2,0,0,1,0,1,0,0,0,0,2,0,0,0,0,4,1,1,2,3,0,0,0,0,0,0,0,0,0,0,0,0,0,0,0,0,0,0,0,0,0,0,0,0,0,0,0,0,0,0,0,0,0,0,0,0,1,1,0,0,0,0,1,0,0,0,0,0,0,0,0,0,0,0,0,0,0,0,0,0,0,0,0,0,0,0,0,0,0,0,0,0,0,0,0,0,0,0,0,0,0,0
midvale police department,1997-06-01,utah,13038,UT01801,0,0,0,0,0,2,2,0,1,0,0,0,1,49,2,1,2,3,41,9,6,2,1,92,12,9,0,3,166,8,11,114,125,0,0,0,0,0,0,0,0,0,0,33,1,1,1,2,28,2,1,1,0,12,3,3,0,0,50,5,5,17,22,0,0,0,0,0,0,0,0,0,0,6,0,0,1,0,5,0,0,0,0,3,1,1,0,0,10,1,1,4,5,0,0,0,0,0,0,0,0,0,0,0,0,0,0,0,0,0,0,0,0,0,0,0,0,0,0,0,0,0,0,0,0,0,0,0,0,0,0,0,0,0,1,1,0,0,0,0,0,0,0,0,0,0,0,0,0,0,0,0,0,0,0,0,0,0,0,0,0,0,0,0,0,0,0,0,0,0,0,0,0,0,0
midvale police department,1997-05-01,utah,13038,UT01801,0,0,0,0,0,2,2,0,3,1,0,0,2,52,1,0,2,0,49,16,9,5,2,60,14,11,2,1,147,3,8,90,98,0,0,1,1,0,0,0,0,0,0,26,0,0,2,0,24,0,0,0,0,5,1,1,0,0,33,2,3,6,9,0,0,0,0,0,0,0,0,0,0,5,0,0,1,0,4,0,0,0,0,1,0,0,0,0,6,1,1,1,2,0,0,0,0,0,0,0,0,0,0,0,0,0,0,0,0,0,0,0,0,0,0,0,0,0,0,0,0,0,0,0,0,0,0,0,0,0,0,0,0,0,0,0,0,0,0,0,0,0,0,0,0,0,0,0,0,0,0,0,0,0,0,0,0,0,0,0,0,0,0,0,0,0,0,0,0,0,0,0,0,0,0
midvale police department,1997-04-01,utah,13038,UT01801,0,0,0,0,0,1,1,0,2,1,0,0,1,40,0,0,0,1,39,12,8,4,0,68,8,8,0,0,131,1,4,88,92,0,0,0,0,0,0,0,0,0,0,1,0,0,0,0,1,1,1,0,0,1,0,0,0,0,3,0,0,2,2,0,0,0,0,0,0,0,0,0,0,0,0,0,0,0,0,0,0,0,0,0,0,0,0,0,0,0,0,0,0,0,0,0,0,0,0,0,0,0,0,0,0,0,0,0,0,0,0,0,0,0,0,0,0,0,0,0,0,0,0,0,0,0,0,0,0,0,0,0,0,0,0,0,0,0,0,0,0,0,0,0,0,0,0,0,0,0,0,0,0,0,0,0,0,0,0,0,0,0,0,0,0,0,0,0,0,0,0,0,0,0,0
midvale police department,1997-03-01,utah,13038,UT01801,0,0,0,0,0,2,2,0,2,1,0,0,1,35,0,0,0,0,35,24,18,6,0,66,8,8,0,0,137,0,4,98,102,0,0,0,0,0,0,0,0,0,0,1,0,0,0,0,1,0,0,0,0,0,0,0,0,0,1,0,0,0,0,0,0,0,0,0,0,0,0,0,0,1,0,0,0,0,1,0,0,0,0,0,0,0,0,0,1,0,0,0,0,0,0,0,0,0,0,0,0,0,0,0,0,0,0,0,0,0,0,0,0,0,0,0,0,0,0,0,0,0,0,0,0,0,0,0,0,0,0,0,0,0,0,0,0,0,0,0,0,0,0,0,0,0,0,0,0,0,0,0,0,0,0,0,0,0,0,0,0,0,0,0,0,0,0,0,0,0,0,0,0,0,0
midvale police department,1997-02-01,utah,13038,UT01801,0,0,0,0,0,0,0,0,1,1,0,0,0,45,0,1,1,0,43,13,13,0,0,42,10,10,0,0,111,2,3,65,68,0,0,0,0,0,1,1,0,0,0,1,0,1,0,0,0,0,0,0,0,1,0,0,0,0,3,1,2,1,3,0,0,0,0,0,0,0,0,0,0,0,0,0,0,0,0,0,0,0,0,0,0,0,0,0,0,0,0,0,0,0,0,0,0,0,0,0,0,0,0,0,0,0,0,0,0,0,0,0,0,0,0,0,0,0,0,0,0,0,0,0,0,0,0,0,0,0,0,0,0,0,0,0,0,0,0,0,0,0,0,0,0,0,0,0,0,0,0,0,0,0,0,0,0,0,0,0,0,0,0,0,0,0,0,0,0,0,0,0,0,0,0
midvale police department,1997-01-01,utah,13038,UT01801,0,0,0,0,0,0,0,0,1,0,0,1,0,6,0,1,0,0,5,2,1,1,0,12,1,1,0,0,23,1,2,16,18,0,0,0,0,0,0,0,0,0,0,0,0,0,0,0,0,0,0,0,0,0,0,0,0,0,0,0,0,0,0,0,0,0,0,0,0,0,0,0,0,0,0,0,0,0,0,0,0,0,0,0,0,0,0,0,0,0,0,0,0,0,0,0,0,0,0,0,0,0,0,0,0,0,0,0,0,0,0,0,0,0,0,0,0,0,0,0,0,0,0,0,0,0,0,0,0,0,0,0,0,0,1,1,0,0,0,0,0,0,0,0,0,0,0,0,0,0,0,0,0,0,0,0,0,0,0,0,0,0,0,0,0,0,0,0,0,0,0,0,0,0,0
midvale police department,1996-12-01,utah,12665,UT01801,0,0,0,0,0,0,0,0,1,1,0,0,0,60,2,1,1,0,56,10,5,4,1,56,11,11,0,0,138,4,5,77,82,0,0,0,0,0,0,0,0,0,0,0,0,0,0,0,0,1,0,1,0,0,0,0,0,0,1,0,0,1,1,0,0,0,0,0,0,0,0,0,0,0,0,0,0,0,0,0,0,0,0,0,0,0,0,0,0,0,0,0,0,0,0,0,0,0,0,0,0,0,0,0,0,0,0,0,0,0,0,0,0,0,0,0,0,0,0,0,0,0,0,0,0,0,0,0,0,0,0,0,0,0,0,0,0,0,0,0,0,0,0,0,0,0,0,0,0,0,0,0,0,0,0,0,0,0,0,0,0,0,0,0,0,0,0,0,0,0,0,0,0,0,0
midvale police department,1996-11-01,utah,12665,UT01801,0,0,1,0,0,1,1,0,0,0,0,0,0,49,0,1,1,3,44,12,8,4,0,69,10,10,0,0,141,5,6,91,97,0,0,0,0,0,0,0,0,0,0,3,0,0,0,0,3,0,0,0,0,1,0,0,0,0,4,0,0,1,1,0,0,0,0,0,0,0,0,0,0,0,0,0,0,0,0,0,0,0,0,0,0,0,0,0,0,0,0,0,0,0,0,0,0,0,0,0,0,0,0,0,0,0,0,0,0,0,0,0,0,0,0,0,0,0,0,0,0,0,0,0,0,0,0,0,0,0,0,0,0,0,0,0,0,0,0,0,0,0,0,0,0,0,0,0,0,0,0,0,0,0,0,0,0,0,0,0,0,0,0,0,0,0,0,0,0,0,0,0,0,0,0
midvale police department,1996-10-01,utah,12665,UT01801,0,0,0,0,0,1,1,0,0,0,0,0,0,48,0,0,1,2,45,20,15,4,1,56,10,10,0,0,135,3,4,86,90,0,0,0,0,0,0,0,0,0,0,4,0,0,0,0,4,1,0,1,0,1,0,0,0,0,6,0,0,2,2,0,0,0,0,0,0,0,0,0,0,3,0,0,0,0,3,1,0,1,0,0,0,0,0,0,4,0,0,1,1,0,0,0,0,0,0,0,0,0,0,0,0,0,0,0,0,0,0,0,0,0,0,0,0,0,0,0,0,0,0,0,0,0,0,0,0,0,0,0,0,0,0,0,0,0,0,0,0,0,0,0,0,0,0,0,0,0,0,0,0,0,0,0,0,0,0,0,0,0,0,0,0,0,0,0,0,0,0,0,0,0,0
midvale police department,1996-09-01,utah,12665,UT01801,0,0,1,0,0,0,0,0,0,0,0,0,0,49,1,2,1,1,44,18,7,8,3,54,13,13,0,0,135,5,5,86,91,0,0,0,0,0,0,0,0,0,0,2,0,0,0,0,2,1,1,0,0,2,1,1,0,0,6,0,0,4,4,0,0,0,0,0,0,0,0,0,0,0,0,0,0,0,0,1,1,0,0,0,0,0,0,0,1,0,0,1,1,0,0,0,0,0,0,0,0,0,0,0,0,0,0,0,0,0,0,0,0,0,0,0,0,0,0,0,0,0,0,0,0,0,0,0,0,0,0,0,0,0,1,1,0,0,0,0,0,0,0,0,0,0,0,0,0,0,0,0,0,0,0,0,0,0,0,0,0,0,0,0,0,0,0,0,0,0,0,0,0,0,0
midvale police department,1996-08-01,utah,12665,UT01801,0,0,1,1,0,1,1,0,1,0,1,0,0,60,1,0,0,2,57,10,6,2,2,92,8,8,0,0,174,3,6,111,117,0,0,0,0,0,0,0,0,0,0,3,0,0,0,0,3,0,0,0,0,0,1,1,0,0,4,0,0,1,1,0,0,0,0,0,0,0,0,0,0,1,0,0,0,0,1,0,0,0,0,0,0,0,0,0,1,0,0,0,0,0,0,0,0,0,0,0,0,0,0,0,0,0,0,0,0,0,0,0,0,0,0,0,0,0,0,0,0,0,0,0,0,1,0,0,0,0,1,0,0,0,0,1,0,0,0,0,0,0,0,0,0,0,0,0,0,0,0,0,0,0,0,0,0,0,0,0,0,0,0,0,0,0,0,0,0,0,0,0,0,0,0
midvale police department,1996-07-01,utah,12665,UT01801,0,0,1,0,0,1,1,0,0,0,0,0,0,53,0,1,2,0,50,11,4,6,1,78,2,2,0,0,148,3,4,94,98,0,0,0,0,0,0,0,0,0,0,1,0,0,0,0,1,0,0,0,0,2,0,0,0,0,3,0,0,2,2,0,0,0,0,0,0,0,0,0,0,0,0,0,0,0,0,0,0,0,0,0,0,0,0,0,0,0,0,0,0,0,0,0,0,0,0,0,0,0,0,0,0,0,0,0,0,0,0,0,0,0,0,0,0,0,0,0,0,0,0,0,0,0,0,1,0,0,1,1,0,1,1,3,0,0,0,0,0,0,0,0,0,0,0,0,0,0,0,0,0,0,0,0,0,0,0,0,0,0,0,0,0,0,0,0,0,0,0,0,0,0,0
midvale police department,1996-06-01,utah,12665,UT01801,0,0,3,1,0,3,3,0,3,2,0,0,1,39,0,3,3,2,31,10,5,3,2,66,4,4,0,0,126,8,15,80,95,0,0,0,0,0,0,0,0,0,0,3,0,0,0,0,3,2,2,0,0,1,0,0,0,0,6,0,0,3,3,0,0,0,0,0,0,0,0,0,0,0,0,0,0,0,0,0,0,0,0,0,0,0,0,0,0,0,0,0,0,0,0,0,0,0,0,0,0,0,0,0,0,0,0,0,0,0,0,0,0,0,0,0,0,0,0,0,0,0,0,0,0,0,0,0,0,0,0,0,0,0,0,0,0,0,0,0,0,0,0,0,0,0,0,0,0,0,0,0,0,0,0,0,0,0,0,0,0,0,0,0,0,0,0,0,0,0,0,0,0,0,0
midvale police department,1996-05-01,utah,12665,UT01801,0,0,0,0,0,1,1,0,1,1,0,0,0,33,1,2,0,1,29,7,3,4,0,80,8,8,0,0,131,4,6,96,102,0,0,1,1,0,0,0,0,0,0,3,0,0,0,1,2,0,0,0,0,0,0,0,0,0,4,1,2,0,2,0,0,0,0,0,0,0,0,0,0,0,0,0,0,0,0,0,0,0,0,0,0,0,0,0,0,0,0,0,0,0,0,0,0,0,0,0,0,0,0,0,0,0,0,0,0,0,0,0,0,0,0,0,0,0,0,0,0,0,0,0,0,0,0,0,0,0,0,0,0,0,1,1,0,0,0,0,0,0,0,0,0,0,0,0,0,0,0,0,0,0,0,0,0,0,0,0,0,0,0,0,0,0,0,0,0,0,0,0,0,0,0
midvale police department,1996-04-01,utah,12665,UT01801,0,0,1,0,0,0,0,0,0,0,0,0,0,41,1,1,1,1,37,7,3,4,0,75,5,5,0,0,128,4,4,87,91,0,0,0,0,0,0,0,0,0,0,3,0,0,0,0,3,0,0,0,0,3,0,0,0,0,6,0,0,3,3,0,0,0,0,0,0,0,0,0,0,1,0,0,0,0,1,0,0,0,0,1,0,0,0,0,2,0,0,1,1,0,0,0,0,0,0,0,0,0,0,0,0,0,0,0,0,0,0,0,0,0,0,0,0,0,0,0,0,0,0,0,0,0,0,0,0,0,0,0,0,0,0,0,0,0,0,0,0,0,0,0,0,0,0,0,0,0,0,0,0,0,0,0,0,0,0,0,0,0,0,0,0,0,0,0,0,0,0,0,0,0,0
midvale police department,1996-03-01,utah,12665,UT01801,0,0,0,0,0,1,1,0,2,2,0,0,0,28,0,0,1,2,25,21,15,4,2,69,4,4,0,0,125,3,6,94,100,0,0,0,0,0,0,0,0,0,0,0,0,0,0,0,0,0,0,0,0,5,0,0,0,0,5,0,0,5,5,0,0,0,0,0,0,0,0,0,0,0,0,0,0,0,0,0,0,0,0,0,0,0,0,0,0,0,0,0,0,0,0,0,0,0,0,0,0,0,0,0,0,0,0,0,0,0,0,0,0,0,0,0,0,0,0,0,0,0,0,0,0,0,0,0,0,0,0,0,0,0,0,0,0,0,0,0,0,0,0,0,0,0,0,0,0,0,0,0,0,0,0,0,0,0,0,0,0,0,0,0,0,0,0,0,0,0,0,0,0,0,0
midvale police department,1996-02-01,utah,12665,UT01801,0,0,0,1,0,0,0,0,0,0,0,0,0,43,0,3,0,2,38,13,8,4,1,76,7,7,0,0,141,5,6,97,103,0,0,0,0,0,0,0,0,0,0,0,0,0,0,0,0,0,0,0,0,0,1,1,0,0,1,0,0,1,1,0,0,0,0,0,0,0,0,0,0,0,0,0,0,0,0,0,0,0,0,0,0,0,0,0,0,0,0,0,0,0,0,0,0,0,0,0,0,0,0,0,0,0,0,0,0,0,0,0,0,0,0,0,0,0,0,0,0,0,0,0,0,0,0,0,0,0,0,1,0,1,0,1,0,0,0,0,0,0,0,0,0,0,0,0,0,0,0,0,0,0,0,0,0,0,0,0,0,0,0,0,0,0,0,0,0,0,0,0,0,0,0
midvale police department,1996-01-01,utah,12665,UT01801,0,0,0,0,0,1,1,0,1,0,0,0,1,39,0,3,0,6,30,14,10,4,0,60,15,15,0,0,130,9,11,89,100,0,0,0,0,0,0,0,0,0,0,0,0,0,0,0,0,0,0,0,0,0,0,0,0,0,0,0,0,0,0,0,0,0,0,0,0,0,0,0,0,0,0,0,0,0,0,0,0,0,0,0,0,0,0,0,0,0,0,0,0,0,0,0,0,0,0,0,0,0,0,0,0,0,0,0,0,0,0,0,0,0,0,0,0,0,0,0,0,0,0,0,0,0,0,0,0,0,0,0,0,0,0,0,0,0,0,0,0,0,0,0,0,0,0,0,0,0,0,0,0,0,0,0,0,0,0,0,0,0,0,0,0,0,0,0,0,0,0,0,0,0,0
midvale police department,1995-12-01,utah,12355,UT01801,0,0,0,0,0,0,0,0,0,0,0,0,0,38,0,0,0,2,36,11,5,5,1,72,7,7,0,0,129,2,2,91,93,0,0,0,0,0,0,0,0,0,0,1,0,0,0,0,1,0,0,0,0,1,1,1,0,0,3,0,0,2,2,0,0,0,0,0,0,0,0,0,0,0,0,0,0,0,0,0,0,0,0,0,0,0,0,0,0,0,0,0,0,0,0,0,0,0,0,0,0,0,0,0,0,0,0,0,0,0,0,0,0,0,0,0,0,0,0,0,0,0,0,0,0,0,0,0,0,0,0,0,0,0,0,1,0,0,0,0,0,0,0,0,0,0,0,0,0,0,0,0,0,0,0,0,0,0,0,0,0,0,0,0,0,0,0,0,0,0,0,0,0,0,0
midvale police department,1995-11-01,utah,12355,UT01801,0,0,0,1,0,0,0,0,1,1,0,0,0,52,1,2,0,1,48,9,5,4,0,83,9,9,0,0,155,4,6,101,107,0,0,0,0,0,0,0,0,0,0,3,0,1,0,0,2,0,0,0,0,3,1,1,0,0,7,1,1,4,5,0,0,0,0,0,0,0,0,0,0,0,0,0,0,0,0,0,0,0,0,0,0,0,0,0,0,0,0,0,0,0,0,0,0,0,0,0,0,0,0,0,0,0,0,0,0,0,0,0,0,0,0,0,0,0,0,0,0,0,0,0,0,0,0,0,0,0,0,0,0,0,0,0,0,0,0,0,0,0,0,0,0,0,0,0,0,0,0,0,0,0,0,0,0,0,0,0,0,0,0,0,0,0,0,0,0,0,0,0,0,0,0
midvale police department,1995-10-01,utah,12355,UT01801,0,0,0,0,0,0,0,0,2,0,0,2,0,48,0,0,0,0,48,12,5,7,0,91,9,9,0,0,162,0,2,112,114,0,0,0,0,0,0,0,0,0,0,8,0,0,0,0,8,0,0,0,0,6,0,0,0,0,14,0,0,6,6,0,0,0,0,0,0,0,0,0,0,0,0,0,0,0,0,0,0,0,0,0,0,0,0,0,0,0,0,0,0,0,0,0,0,0,0,0,0,0,0,0,0,0,0,0,0,0,0,0,0,0,0,0,0,0,0,0,0,0,0,0,0,0,0,0,0,0,0,0,0,0,0,0,0,0,0,0,0,0,0,0,0,0,0,0,0,0,0,0,0,0,0,0,0,0,0,0,0,0,0,0,0,0,0,0,0,0,0,0,0,0,0
midvale police department,1995-09-01,utah,12355,UT01801,0,0,0,1,0,0,0,0,2,1,0,0,1,50,0,6,0,1,43,14,4,10,0,131,14,14,0,0,213,7,10,160,170,0,0,0,0,0,0,0,0,0,0,3,0,0,0,0,3,0,0,0,0,1,0,0,0,0,4,0,0,1,1,0,0,0,0,0,0,0,0,0,0,0,0,0,0,0,0,0,0,0,0,0,0,0,0,0,0,0,0,0,0,0,0,0,0,0,0,0,0,0,0,0,0,0,0,0,0,0,0,0,0,0,0,0,0,0,0,0,0,0,0,0,0,0,0,0,0,0,0,0,0,0,1,1,0,0,0,0,0,0,0,0,0,0,0,0,0,0,0,0,0,0,0,0,0,0,0,0,0,0,0,0,0,0,0,0,0,0,0,0,0,0,0
midvale police department,1995-08-01,utah,12355,UT01801,0,0,0,0,0,0,0,0,1,0,1,0,0,46,0,3,0,1,42,18,10,6,2,92,15,15,0,0,172,4,5,125,130,0,0,0,0,0,0,0,0,0,0,2,0,0,0,0,2,0,0,0,0,0,0,0,0,0,2,0,0,0,0,0,0,0,0,0,0,0,0,0,0,0,0,0,0,0,0,0,0,0,0,0,0,0,0,0,0,0,0,0,0,0,0,0,0,0,0,0,0,0,0,0,0,0,0,0,0,0,0,0,0,0,0,0,0,0,0,0,0,0,0,0,0,0,0,0,0,0,0,0,0,0,0,0,0,0,0,0,0,0,0,0,0,0,0,0,0,0,0,0,0,0,0,0,0,0,0,0,0,0,0,0,0,0,0,0,0,0,0,0,0,0,0
midvale police department,1995-07-01,utah,12355,UT01801,0,0,0,0,0,0,0,0,0,0,0,0,0,44,6,3,1,0,34,9,6,2,1,78,11,11,0,0,143,10,10,99,109,0,0,0,0,0,0,0,0,0,0,3,0,0,0,0,3,0,0,0,0,0,1,1,0,0,4,0,0,1,1,0,0,0,0,0,0,0,0,0,0,2,0,0,0,0,2,0,0,0,0,0,0,0,0,0,2,0,0,0,0,0,0,0,0,0,0,0,0,0,0,0,0,0,0,0,0,0,0,0,0,0,0,0,0,0,0,0,0,0,0,0,0,0,0,1,0,0,1,0,0,0,0,1,0,0,0,0,0,0,0,0,0,0,0,0,0,0,0,0,0,0,0,0,0,0,0,0,0,0,0,0,0,0,0,0,0,0,0,0,0,0,0
midvale police department,1995-06-01,utah,12355,UT01801,0,0,0,1,0,0,0,0,3,0,1,0,2,41,5,1,1,1,33,12,6,5,1,88,13,13,0,0,159,8,12,114,126,0,0,0,0,0,0,0,0,0,0,7,0,0,1,1,5,0,0,0,0,5,0,0,0,0,12,2,2,5,7,0,0,0,0,0,0,0,0,0,0,0,0,0,0,0,0,0,0,0,0,0,0,0,0,0,0,0,0,0,0,0,0,0,0,0,0,0,0,0,0,0,0,0,0,0,0,0,0,0,0,0,0,0,0,0,0,0,0,0,0,0,1,0,0,0,0,0,1,0,0,0,0,1,0,0,0,0,0,0,0,0,0,0,0,0,0,0,0,0,0,0,0,0,0,0,0,0,0,0,0,0,0,0,0,0,0,0,0,0,0,0,0
midvale police department,1995-05-01,utah,12355,UT01801,0,0,0,0,0,1,1,0,1,1,0,0,0,47,1,3,6,1,36,15,11,3,1,84,4,4,0,0,152,11,13,103,116,0,0,1,1,0,0,0,0,0,0,4,0,1,0,0,3,0,0,0,0,1,0,0,0,0,6,1,2,1,3,0,0,0,0,0,0,0,0,0,0,1,0,0,0,0,1,0,0,0,0,0,0,0,0,0,1,0,0,0,0,0,0,0,0,0,0,0,0,0,0,0,0,0,0,0,0,0,0,0,0,0,0,0,0,0,0,0,0,0,0,0,0,0,0,0,0,0,0,0,0,0,0,0,0,0,0,0,0,0,0,0,0,0,0,0,0,0,0,0,0,0,0,0,0,0,0,0,0,0,0,0,0,0,0,0,0,0,0,0,0,0,0
midvale police department,1995-04-01,utah,12355,UT01801,0,0,0,0,0,0,0,0,2,0,0,0,2,63,1,1,2,0,59,23,19,4,0,79,7,7,0,0,174,4,6,109,115,0,0,0,0,0,1,0,0,0,1,7,0,0,0,0,7,0,0,0,0,6,0,0,0,0,14,0,1,6,7,0,0,0,0,0,0,0,0,0,0,1,0,0,0,0,1,0,0,0,0,3,0,0,0,0,4,0,0,3,3,0,0,0,0,0,0,0,0,0,0,0,0,0,0,0,0,0,0,0,0,0,0,0,0,0,0,0,0,0,0,0,0,0,0,0,0,0,0,0,0,0,0,0,0,0,0,0,0,0,0,0,0,0,0,0,0,0,0,0,0,0,0,0,0,0,0,0,0,0,0,0,0,0,0,0,0,0,0,0,0,0,0
midvale police department,1995-03-01,utah,12355,UT01801,0,0,0,0,0,1,1,0,3,0,1,1,1,36,0,0,2,2,32,5,3,2,0,72,8,8,0,0,125,4,8,85,93,0,0,1,1,0,2,0,1,0,1,2,0,0,0,1,1,0,0,0,0,7,2,2,0,0,14,1,4,9,13,0,0,0,0,0,2,0,1,0,1,0,0,0,0,0,0,0,0,0,0,2,1,1,0,0,5,0,2,3,5,0,0,0,0,0,0,0,0,0,0,0,0,0,0,0,0,0,0,0,0,0,0,0,0,0,0,0,0,0,0,0,0,0,0,0,0,0,0,0,0,0,0,0,0,0,0,0,0,0,0,0,0,0,0,0,0,0,0,0,0,0,0,0,0,0,0,0,0,0,0,0,0,0,0,0,0,0,0,0,0,0,0
midvale police department,1995-02-01,utah,12355,UT01801,0,0,0,1,0,1,0,1,1,0,0,0,1,34,3,1,3,1,26,7,3,3,1,56,39,39,0,0,140,8,11,103,114,0,0,0,0,0,0,0,0,0,0,23,0,0,3,0,20,0,0,0,0,5,2,2,0,0,31,3,3,8,11,0,0,0,0,0,0,0,0,0,0,6,0,0,3,0,3,0,0,0,0,1,0,0,0,0,8,3,3,2,5,0,0,0,0,0,0,0,0,0,0,0,0,0,0,0,0,0,0,0,0,0,0,0,0,0,0,0,0,0,0,0,0,0,0,0,1,0,1,0,0,0,0,1,0,0,0,0,0,1,0,1,0,0,0,0,1,0,0,0,0,0,1,0,1,0,0,0,0,1,0,0,0,0,0,0,0,0,0,0,0,0,0
midvale police department,1995-01-01,utah,12355,UT01801,0,0,0,0,0,0,0,0,2,1,1,0,0,49,0,2,0,2,45,13,7,5,1,95,9,9,0,0,172,4,6,121,127,0,0,0,0,0,0,0,0,0,0,20,0,1,0,2,17,0,0,0,0,6,0,0,0,0,28,3,3,8,11,0,0,0,0,0,0,0,0,0,0,5,0,1,0,1,3,0,0,0,0,2,0,0,0,0,9,2,2,4,6,0,0,0,0,0,0,0,0,0,0,0,0,0,0,0,0,0,0,0,0,0,0,0,0,0,0,0,0,0,0,0,0,0,0,1,0,0,1,0,0,0,3,4,0,0,0,0,0,0,0,0,0,0,0,2,2,0,0,0,0,0,0,0,0,0,0,0,2,2,0,0,0,0,0,0,0,0,0,0,0,0,0
midvale police department,1994-12-01,utah,12787,UT01801,0,0,0,0,0,0,0,0,1,1,0,0,0,33,1,0,0,1,31,14,10,3,1,80,0,0,0,0,128,2,3,94,97,0,0,0,0,0,1,1,0,0,0,14,0,0,0,1,13,2,2,0,0,8,0,0,0,0,25,1,2,10,12,0,0,0,0,0,0,0,0,0,0,2,0,0,0,0,2,1,1,0,0,2,0,0,0,0,5,0,0,3,3,0,0,0,0,0,0,0,0,0,0,0,0,0,0,0,0,0,0,0,0,0,0,0,0,0,0,0,0,0,0,0,0,0,0,0,0,0,0,0,0,0,0,0,0,0,0,0,0,0,0,0,0,0,0,0,0,0,0,0,0,0,0,0,0,0,0,0,0,0,0,0,0,0,0,0,0,0,0,0,0,0,0
midvale police department,1994-11-01,utah,12787,UT01801,0,0,0,0,0,0,0,0,2,1,0,0,1,20,0,0,0,0,20,21,16,3,2,77,0,0,0,0,120,0,2,98,100,0,0,0,0,0,1,0,0,0,1,16,0,0,0,0,16,0,0,0,0,15,0,0,0,0,32,0,1,15,16,0,0,0,0,0,1,0,0,0,1,4,0,0,0,0,4,0,0,0,0,3,0,0,0,0,8,0,1,3,4,0,0,0,0,0,0,0,0,0,0,0,0,0,0,0,0,0,0,0,0,0,0,0,0,0,0,0,0,0,0,0,0,0,0,0,0,0,0,0,0,0,0,0,0,0,0,0,0,0,0,0,0,0,0,0,0,0,0,0,0,0,0,0,0,0,0,0,0,0,0,0,0,0,0,0,0,0,0,0,0,0,0
midvale police department,1994-10-01,utah,12787,UT01801,0,0,0,0,0,0,0,0,3,2,0,0,1,46,0,0,0,0,46,12,9,3,0,0,0,0,0,0,61,0,3,12,15,0,0,0,0,0,0,0,0,0,0,29,0,0,0,0,29,1,1,0,0,0,0,0,0,0,30,0,0,1,1,0,0,0,0,0,0,0,0,0,0,4,0,0,0,0,4,1,1,0,0,0,0,0,0,0,5,0,0,1,1,0,0,0,0,0,0,0,0,0,0,0,0,0,0,0,0,0,0,0,0,0,0,0,0,0,0,0,0,0,0,0,0,0,0,0,0,0,0,0,0,0,0,0,0,0,0,0,0,0,0,0,0,0,0,0,0,0,0,0,0,0,0,0,0,0,0,0,0,0,0,0,0,0,0,0,0,0,0,0,0,0,0
midvale police department,1994-09-01,utah,12787,UT01801,0,0,0,0,0,0,0,0,0,0,0,0,0,50,0,0,0,0,50,8,8,0,0,6,0,0,0,0,64,0,0,14,14,0,0,0,0,0,0,0,0,0,0,0,0,0,0,0,0,0,0,0,0,0,0,0,0,0,0,0,0,0,0,0,0,0,0,0,0,0,0,0,0,0,0,0,0,0,0,0,0,0,0,0,0,0,0,0,0,0,0,0,0,0,0,0,0,0,0,0,0,0,0,0,0,0,0,0,0,0,0,0,0,0,0,0,0,0,0,0,0,0,0,0,0,0,0,0,0,0,0,0,0,0,0,0,0,0,0,0,0,0,0,0,0,0,0,0,0,0,0,0,0,0,0,0,0,0,0,0,0,0,0,0,0,0,0,0,0,0,0,0,0,0,0
midvale police department,1994-08-01,utah,12787,UT01801,0,0,0,0,0,0,0,0,0,0,0,0,0,0,0,0,0,0,0,0,0,0,0,0,0,0,0,0,0,0,0,0,0,0,0,0,0,0,0,0,0,0,0,0,0,0,0,0,0,0,0,0,0,0,0,0,0,0,0,0,0,0,0,0,0,0,0,0,0,0,0,0,0,0,0,0,0,0,0,0,0,0,0,0,0,0,0,0,0,0,0,0,0,0,0,0,0,0,0,0,0,0,0,0,0,0,0,0,0,0,0,0,0,0,0,0,0,0,0,0,0,0,0,0,0,0,0,0,0,0,0,0,0,0,0,0,0,0,0,0,0,0,0,0,0,0,0,0,0,0,0,0,0,0,0,0,0,0,0,0,0,0,0,0,0,0,0,0,0,0,0,0,0,0,0
midvale police department,1994-07-01,utah,12787,UT01801,0,0,0,0,0,0,0,0,0,0,0,0,0,0,0,0,0,0,0,0,0,0,0,0,0,0,0,0,0,0,0,0,0,0,0,0,0,0,0,0,0,0,0,0,0,0,0,0,0,0,0,0,0,0,0,0,0,0,0,0,0,0,0,0,0,0,0,0,0,0,0,0,0,0,0,0,0,0,0,0,0,0,0,0,0,0,0,0,0,0,0,0,0,0,0,0,0,0,0,0,0,0,0,0,0,0,0,0,0,0,0,0,0,0,0,0,0,0,0,0,0,0,0,0,0,0,0,0,0,0,0,0,0,0,0,0,0,0,0,0,0,0,0,0,0,0,0,0,0,0,0,0,0,0,0,0,0,0,0,0,0,0,0,0,0,0,0,0,0,0,0,0,0,0,0
midvale police department,1994-06-01,utah,12787,UT01801,0,0,0,0,0,1,1,0,1,0,1,0,0,66,0,0,1,1,64,8,5,2,1,81,4,4,0,0,161,2,4,93,97,0,0,1,1,0,0,0,0,0,0,19,0,0,1,0,18,0,0,0,0,12,0,0,0,0,32,1,2,12,14,0,0,1,1,0,0,0,0,0,0,8,0,0,0,0,8,0,0,0,0,3,0,0,0,0,12,0,1,3,4,0,0,0,0,0,0,0,0,0,0,0,0,0,0,0,0,0,0,0,0,0,0,0,0,0,0,0,0,0,0,0,0,0,0,0,0,0,0,0,0,0,0,0,0,0,0,0,0,0,0,0,0,0,0,0,0,0,0,0,0,0,0,0,0,0,0,0,0,0,0,0,0,0,0,0,0,0,0,0,0,0,0
midvale police department,1994-05-01,utah,12787,UT01801,0,0,0,0,0,0,0,0,0,0,0,0,0,39,1,2,1,0,35,11,8,2,1,81,5,5,0,0,136,4,4,97,101,0,0,0,0,0,0,0,0,0,0,22,0,0,0,0,22,0,0,0,0,19,2,2,0,0,43,0,0,21,21,0,0,0,0,0,0,0,0,0,0,3,0,0,0,0,3,0,0,0,0,3,2,2,0,0,8,0,0,5,5,0,0,0,0,0,0,0,0,0,0,0,0,0,0,0,0,0,0,0,0,0,0,0,0,0,0,0,0,0,0,0,0,0,0,0,0,0,0,0,0,0,0,0,0,0,0,0,0,0,0,0,0,0,0,0,0,0,0,0,0,0,0,0,0,0,0,0,0,0,0,0,0,0,0,0,0,0,0,0,0,0,0
midvale police department,1994-04-01,utah,12787,UT01801,0,0,0,0,0,0,0,0,0,0,0,0,0,6,0,0,0,0,6,0,0,0,0,3,0,0,0,0,9,0,0,3,3,0,0,0,0,0,0,0,0,0,0,5,0,0,0,0,5,1,0,0,1,3,0,0,0,0,9,0,0,4,4,0,0,0,0,0,0,0,0,0,0,0,0,0,0,0,0,0,0,0,0,0,0,0,0,0,0,0,0,0,0,0,0,0,0,0,0,0,0,0,0,0,0,0,0,0,0,0,0,0,0,0,0,0,0,0,0,0,0,0,0,0,0,0,0,0,0,0,0,0,0,0,0,0,0,0,0,0,0,0,0,0,0,0,0,0,0,0,0,0,0,0,0,0,0,0,0,0,0,0,0,0,0,0,0,0,0,0,0,0,0,0,0
midvale police department,1994-03-01,utah,12787,UT01801,0,0,0,0,0,1,1,0,1,1,0,0,0,46,0,0,7,0,39,14,7,3,4,75,15,15,0,0,152,7,9,104,113,0,0,0,0,0,0,0,0,0,0,29,0,0,6,0,23,0,0,0,0,19,0,0,0,0,48,6,6,19,25,0,0,0,0,0,0,0,0,0,0,4,0,0,1,0,3,0,0,0,0,5,0,0,0,0,9,1,1,5,6,0,0,0,0,0,0,0,0,0,0,0,0,0,0,0,0,0,0,0,0,0,0,0,0,0,0,0,0,0,0,0,0,0,0,0,0,0,0,0,0,0,0,0,0,0,0,0,0,0,0,0,0,0,0,0,0,0,0,0,0,0,0,0,0,0,0,0,0,0,0,0,0,0,0,0,0,0,0,0,0,0,0
midvale police department,1994-02-01,utah,12787,UT01801,0,0,0,0,0,0,0,0,0,0,0,0,0,29,0,0,0,0,29,12,5,7,0,89,21,21,0,0,152,0,0,123,123,0,0,0,0,0,0,0,0,0,0,15,0,0,0,0,15,0,0,0,0,17,3,3,0,0,35,0,0,20,20,0,0,0,0,0,0,0,0,0,0,3,0,0,0,0,3,0,0,0,0,2,0,0,0,0,5,0,0,2,2,0,0,0,0,0,0,0,0,0,0,0,0,0,0,0,0,0,0,0,0,0,0,0,0,0,0,0,0,0,0,0,0,0,0,0,0,0,0,0,0,0,1,1,0,0,0,0,0,0,0,0,0,0,0,0,0,0,0,0,0,0,0,0,0,0,0,0,0,0,0,0,0,0,0,0,0,0,0,0,0,0,0
midvale police department,1994-01-01,utah,12787,UT01801,0,0,0,0,0,2,2,0,1,1,0,0,0,52,0,0,4,0,48,11,6,5,0,60,25,14,7,4,151,4,7,96,103,0,0,2,2,0,0,0,0,0,0,30,0,0,2,0,28,0,0,0,0,10,4,0,0,4,46,2,4,14,18,0,0,0,0,0,0,0,0,0,0,7,0,0,1,0,6,0,0,0,0,2,4,0,0,4,13,1,1,6,7,0,0,0,0,0,0,0,0,0,0,0,0,0,0,0,0,0,0,0,0,0,0,0,0,0,0,0,0,0,0,0,0,0,0,0,0,0,0,0,0,0,0,0,0,0,0,0,0,0,0,0,0,0,0,0,0,0,0,0,0,0,0,0,0,0,0,0,0,0,0,0,0,0,0,0,0,0,0,0,0,0,0
midvale police department,1993-12-01,utah,12466,UT01801,0,0,0,0,0,0,0,0,3,0,0,2,1,28,2,0,0,0,26,19,11,6,2,74,7,6,1,0,131,2,5,100,105,0,0,0,0,0,1,1,0,0,0,15,0,0,0,0,15,1,0,1,0,20,0,0,0,0,37,0,1,21,22,0,0,0,0,0,0,0,0,0,0,6,0,0,0,0,6,0,0,0,0,10,0,0,0,0,16,0,0,10,10,0,0,0,0,0,0,0,0,0,0,0,0,0,0,0,0,0,0,0,0,0,0,0,0,0,0,0,0,0,0,0,0,0,0,0,0,0,0,0,0,0,0,0,0,0,0,0,0,0,0,0,0,0,0,0,0,0,0,0,0,0,0,0,0,0,0,0,0,0,0,0,0,0,0,0,0,0,0,0,0,0,0
midvale police department,1993-11-01,utah,12466,UT01801,0,0,0,0,0,0,0,0,1,0,0,0,1,22,0,0,0,0,22,18,11,6,1,86,3,3,0,0,130,0,1,107,108,0,0,0,0,0,0,0,0,0,0,25,1,2,0,1,21,9,8,1,0,28,5,5,0,0,67,4,4,42,46,0,0,0,0,0,0,0,0,0,0,3,0,0,0,0,3,2,1,1,0,4,0,0,0,0,9,0,0,6,6,0,0,0,0,0,0,0,0,0,0,0,0,0,0,0,0,0,0,0,0,2,1,0,0,1,3,0,0,3,3,0,0,0,0,0,0,0,0,0,0,0,0,0,0,0,0,0,0,0,0,0,0,0,0,0,0,0,0,0,0,0,0,0,0,0,0,0,0,0,0,0,0,0,0,0,0,0,0,0,0,0,0
midvale police department,1993-10-01,utah,12466,UT01801,0,0,0,0,0,2,1,1,2,2,0,0,0,38,3,0,0,0,35,12,7,5,0,90,3,3,0,0,147,3,7,105,112,0,0,0,0,0,0,0,0,0,0,22,1,0,0,0,21,6,5,1,0,29,0,0,0,0,57,1,1,35,36,0,0,0,0,0,0,0,0,0,0,2,1,0,0,0,1,2,1,1,0,8,0,0,0,0,12,1,1,10,11,0,0,0,0,0,0,0,0,0,0,0,0,0,0,0,0,0,0,0,0,0,0,0,0,0,0,0,0,0,0,0,0,0,0,0,0,0,0,0,0,0,0,0,0,0,0,0,0,0,0,0,0,0,0,0,0,0,0,0,0,0,0,0,0,0,0,0,0,0,0,0,0,0,0,0,0,0,0,0,0,0,0
midvale police department,1993-09-01,utah,12466,UT01801,0,0,0,0,0,0,0,0,0,0,0,0,0,42,0,3,3,0,36,21,12,8,1,78,2,1,1,0,143,6,6,101,107,0,0,0,0,0,0,0,0,0,0,17,0,1,0,0,16,1,1,0,0,9,0,0,0,0,27,1,1,10,11,0,0,0,0,0,0,0,0,0,0,5,0,1,0,0,4,1,1,0,0,4,0,0,0,0,10,1,1,5,6,0,0,0,0,0,0,0,0,0,0,0,0,0,0,0,0,0,0,0,0,0,0,0,0,0,0,0,0,0,0,0,0,0,0,0,0,0,0,0,0,0,0,0,0,0,0,0,0,0,0,0,0,0,0,0,0,0,0,0,0,0,0,0,0,0,0,0,0,0,0,0,0,0,0,0,0,0,0,0,0,0,0
midvale police department,1993-08-01,utah,12466,UT01801,0,0,0,0,0,1,0,1,0,0,0,0,0,42,0,3,1,4,34,19,7,12,0,101,11,11,0,0,174,8,9,131,140,0,0,0,0,0,0,0,0,0,0,21,1,1,1,0,18,1,0,1,0,5,0,0,0,0,27,3,3,6,9,0,0,0,0,0,0,0,0,0,0,6,1,1,0,0,4,1,0,1,0,2,0,0,0,0,9,2,2,3,5,0,0,0,0,0,0,0,0,0,0,0,0,0,0,0,0,0,0,0,0,1,0,0,0,0,1,0,0,1,1,0,0,0,0,0,0,0,0,0,0,0,0,0,0,0,0,0,0,0,0,0,0,0,0,0,0,0,0,0,0,0,0,0,0,0,0,0,0,0,0,0,0,0,0,0,0,0,0,0,0,0,0
midvale police department,1993-07-01,utah,12466,UT01801,0,0,0,0,0,1,1,0,2,0,0,0,2,44,0,0,0,1,43,17,12,5,0,78,5,4,1,0,150,1,4,103,107,0,0,0,0,0,0,0,0,0,0,24,0,0,0,0,24,0,0,0,0,22,0,0,0,0,46,0,0,22,22,0,0,0,0,0,0,0,0,0,0,2,0,0,0,0,2,0,0,0,0,10,0,0,0,0,12,0,0,10,10,0,0,0,0,0,0,0,0,0,0,0,0,0,0,0,0,1,1,0,0,2,0,0,0,0,3,0,0,3,3,0,0,0,0,0,0,0,0,1,0,1,2,3,0,0,0,0,0,0,0,0,0,0,0,0,0,0,0,0,0,0,0,0,0,0,0,0,0,0,0,0,0,0,0,0,0,0,0,0,0,0,0
midvale police department,1993-06-01,utah,12466,UT01801,0,0,0,0,0,0,0,0,4,1,0,1,2,35,0,1,3,1,30,13,2,11,0,59,3,2,0,1,114,5,9,75,84,0,0,0,0,0,0,0,0,0,0,22,0,0,2,20,0,1,0,1,0,11,0,0,0,0,34,22,22,12,34,0,0,0,0,0,0,0,0,0,0,4,0,0,1,3,0,0,0,0,0,5,0,0,0,0,9,4,4,5,9,0,0,0,0,0,0,0,0,0,0,0,0,0,0,0,0,0,0,0,0,1,0,0,0,0,1,0,0,1,1,0,0,0,0,0,0,0,0,0,0,0,0,0,0,0,0,0,0,0,0,0,0,0,0,0,0,0,0,0,0,0,0,0,0,0,0,0,0,0,0,0,0,0,0,0,0,0,0,0,0,0,0
midvale police department,1993-05-01,utah,12466,UT01801,0,0,0,0,0,2,2,0,2,0,0,0,2,36,0,1,0,1,34,20,11,7,2,63,3,3,0,0,126,2,6,86,92,0,0,1,1,0,0,0,0,0,0,31,0,0,0,1,30,2,1,1,0,12,0,0,0,0,46,1,2,14,16,0,0,1,1,0,0,0,0,0,0,12,0,0,0,1,11,0,0,0,0,2,0,0,0,0,15,1,2,2,4,0,0,0,0,0,0,0,0,0,0,0,0,0,0,0,0,0,0,0,0,0,0,0,0,0,0,0,0,0,0,0,0,0,0,0,0,0,0,0,0,0,0,0,0,0,0,0,0,0,0,0,0,0,0,0,0,0,0,0,0,0,0,0,0,0,0,0,0,0,0,0,0,0,0,0,0,0,0,0,0,0,0
midvale police department,1993-04-01,utah,12466,UT01801,0,0,0,0,0,0,0,0,0,0,0,0,0,39,1,1,0,0,37,13,9,2,2,91,0,0,0,0,143,2,2,104,106,0,0,0,0,0,0,0,0,0,0,27,0,0,0,0,27,1,1,0,0,28,0,0,0,0,56,0,0,29,29,0,0,0,0,0,0,0,0,0,0,9,0,0,0,0,9,1,1,0,0,9,0,0,0,0,19,0,0,10,10,0,0,0,0,0,0,0,0,0,0,0,0,0,0,0,0,0,0,0,0,0,0,0,0,0,0,0,0,0,0,0,0,0,0,0,0,0,0,0,0,0,0,0,0,0,0,0,0,0,0,0,0,0,0,0,0,0,0,0,0,0,0,0,0,0,0,0,0,0,0,0,0,0,0,0,0,0,0,0,0,0,0
midvale police department,1993-03-01,utah,12466,UT01801,0,0,0,0,0,1,0,1,1,0,0,0,1,30,0,1,1,1,27,8,3,5,0,85,7,4,2,1,132,3,5,100,105,0,0,0,0,0,0,0,0,0,0,16,0,0,1,0,15,2,1,1,0,17,2,1,1,0,37,1,1,21,22,0,0,0,0,0,0,0,0,0,0,4,0,0,0,0,4,1,0,1,0,13,1,0,1,0,19,0,0,15,15,0,0,0,0,0,0,0,0,0,0,0,0,0,0,0,0,0,0,0,0,0,1,1,0,0,1,0,0,1,1,0,0,0,0,0,0,0,0,0,0,0,0,0,0,0,0,0,0,0,0,0,0,0,0,0,0,0,0,0,0,0,0,0,0,0,0,0,0,0,0,0,0,0,0,0,0,0,0,0,0,0,0
midvale police department,1993-02-01,utah,12466,UT01801,0,0,0,0,0,0,0,0,0,0,0,0,0,37,0,0,2,1,34,10,5,5,0,63,4,2,2,0,114,3,3,77,80,0,0,0,0,0,0,0,0,0,0,34,0,0,1,1,32,2,0,2,0,15,3,2,1,0,54,2,2,20,22,0,0,0,0,0,0,0,0,0,0,5,0,0,1,0,4,1,0,1,0,6,0,0,0,0,12,1,1,7,8,0,0,0,0,0,0,0,0,0,0,0,0,0,0,0,0,0,0,0,0,1,1,1,0,0,2,0,0,2,2,0,0,0,0,0,0,0,0,0,0,0,0,0,0,0,0,0,0,0,0,0,0,0,0,0,0,0,0,0,0,0,0,0,0,0,0,0,0,0,0,0,0,0,0,0,0,0,0,0,0,0,0
midvale police department,1993-01-01,utah,12466,UT01801,0,0,0,0,0,1,1,0,1,0,0,0,1,23,0,2,0,0,21,12,7,4,1,44,3,3,0,0,86,2,4,61,65,0,0,0,0,0,0,0,0,0,0,21,0,2,0,0,19,0,0,0,0,7,0,0,0,0,28,2,2,7,9,0,0,0,0,0,0,0,0,0,0,2,0,0,0,0,2,0,0,0,0,4,0,0,0,0,6,0,0,4,4,0,0,0,0,0,0,0,0,0,0,0,0,0,0,0,0,1,0,1,0,2,0,0,0,0,3,0,0,3,3,0,0,1,0,1,0,0,2,0,0,0,0,2,0,0,0,0,0,0,0,0,0,0,0,0,0,0,0,0,0,0,0,0,0,0,0,0,0,0,0,0,0,0,0,0,0,0,0,0,0,0,0
midvale police department,1992-12-01,utah,12507,UT01801,0,0,0,0,0,0,0,0,3,1,0,0,2,31,1,1,0,0,29,10,7,3,0,42,5,4,1,0,91,2,5,57,62,0,0,0,0,0,0,0,0,0,0,17,2,0,0,0,15,4,1,2,1,14,2,2,0,0,37,2,2,20,22,0,0,0,0,0,0,0,0,0,0,4,0,0,0,0,4,0,0,0,0,3,1,1,0,0,8,0,0,4,4,0,0,0,0,0,0,0,0,0,0,0,0,0,0,0,0,0,0,0,0,0,1,1,0,0,1,0,0,1,1,0,0,0,0,0,0,0,0,0,0,0,0,0,0,0,0,0,0,0,0,0,0,0,0,0,0,0,0,0,0,0,0,0,0,0,0,0,0,0,0,0,0,0,0,0,0,0,0,0,0,0,0
midvale police department,1992-11-01,utah,12507,UT01801,0,0,0,0,0,0,0,0,0,0,0,0,0,35,1,1,2,1,30,18,9,9,0,60,7,6,1,0,120,5,5,85,90,0,0,0,0,0,0,0,0,0,0,29,0,1,1,1,26,4,3,1,0,14,7,5,2,0,54,3,3,25,28,0,0,0,0,0,0,0,0,0,0,8,0,1,1,0,6,1,1,0,0,7,2,0,2,0,18,2,2,10,12,0,0,0,0,0,0,0,0,0,0,0,0,0,0,0,0,1,1,0,0,1,1,1,0,0,3,0,0,3,3,0,0,0,0,0,0,0,0,0,0,0,0,0,0,0,0,0,0,0,0,0,0,0,0,0,0,0,0,0,0,0,0,0,0,0,0,0,0,0,0,0,0,0,0,0,0,0,0,0,0,0,0
midvale police department,1992-10-01,utah,12507,UT01801,0,0,0,0,0,1,0,1,1,1,0,0,0,38,2,2,1,1,32,30,24,3,3,55,4,3,1,0,129,6,8,89,97,0,0,0,0,0,0,0,0,0,0,25,0,1,1,0,23,0,0,0,0,19,2,2,0,0,46,2,2,21,23,0,0,0,0,0,0,0,0,0,0,9,0,1,0,0,8,0,0,0,0,6,0,0,0,0,15,1,1,6,7,0,0,0,0,0,0,0,0,0,0,0,0,0,0,0,0,0,0,0,0,1,1,1,0,0,2,0,0,2,2,0,0,0,0,0,0,0,0,0,0,0,0,0,0,0,0,0,0,0,0,0,0,0,0,0,0,0,0,0,0,0,0,0,0,0,0,0,0,0,0,0,0,0,0,0,0,0,0,0,0,0,0
midvale police department,1992-09-01,utah,12507,UT01801,0,0,0,0,0,1,1,0,0,0,0,0,0,31,1,0,1,0,29,22,18,3,1,62,4,1,3,0,120,2,3,88,91,0,0,0,0,0,0,0,0,0,0,13,0,0,0,0,13,3,2,1,0,7,0,0,0,0,23,0,0,10,10,0,0,0,0,0,0,0,0,0,0,4,0,0,0,0,4,3,2,1,0,3,0,0,0,0,10,0,0,6,6,0,0,0,0,0,0,0,0,0,0,0,0,0,0,0,0,0,0,0,0,1,0,0,0,0,1,0,0,1,1,0,0,0,0,0,0,0,0,0,0,0,0,0,0,0,0,0,0,0,0,0,0,0,0,0,0,0,0,0,0,0,0,0,0,0,0,0,0,0,0,0,0,0,0,0,0,0,0,0,0,0,0
midvale police department,1992-08-01,utah,12507,UT01801,0,0,1,0,0,1,1,0,3,0,0,1,2,44,1,3,0,2,38,18,11,5,2,100,8,8,0,0,174,6,10,126,136,0,0,0,0,0,1,0,0,0,1,21,0,2,0,0,19,2,1,1,0,19,4,4,0,0,47,2,3,25,28,0,0,0,0,0,0,0,0,0,0,3,0,0,0,0,3,1,1,0,0,6,1,1,0,0,11,0,0,8,8,0,0,0,0,0,0,0,0,0,0,0,0,0,0,0,0,0,0,0,0,0,2,2,0,0,2,0,0,2,2,0,0,0,0,0,0,0,0,0,0,0,0,0,0,0,0,0,0,0,0,0,0,0,0,0,0,0,0,0,0,0,0,0,0,0,0,0,0,0,0,0,0,0,0,0,0,0,0,0,0,0,0
midvale police department,1992-07-01,utah,12507,UT01801,0,0,0,0,0,1,1,0,0,0,-1,0,1,44,2,3,2,2,35,19,7,12,0,71,7,5,1,1,142,9,10,97,107,0,0,0,0,0,0,0,0,0,0,4,2,1,1,0,0,3,0,3,0,18,2,2,0,0,27,4,4,23,27,0,0,0,0,0,0,0,0,0,0,3,1,1,1,0,0,0,0,0,0,8,1,1,0,0,12,3,3,9,12,0,0,0,0,0,0,0,0,0,0,0,0,0,0,0,0,1,0,1,0,1,0,0,0,0,2,0,0,2,2,0,0,0,0,0,0,0,0,0,0,0,0,0,0,0,0,0,0,0,0,0,0,0,0,0,0,0,0,0,0,0,0,0,0,0,0,0,0,0,0,0,0,0,0,0,0,0,0,0,0,0,0
midvale police department,1992-06-01,utah,12507,UT01801,0,0,1,0,0,2,2,0,2,0,1,1,0,38,0,2,1,0,35,25,18,7,0,71,7,4,1,2,145,3,7,103,110,0,0,0,0,0,0,0,0,0,0,22,0,2,1,0,19,2,2,0,0,20,5,3,0,2,49,3,3,27,30,0,0,0,0,0,0,0,0,0,0,6,0,1,0,0,5,1,1,0,0,8,3,2,0,1,18,1,1,12,13,0,0,0,0,0,0,0,0,0,0,0,0,0,0,0,0,0,0,0,0,1,0,0,0,0,1,0,0,1,1,0,0,0,0,0,0,0,0,0,0,0,0,0,0,0,0,0,0,0,0,0,0,0,0,0,0,0,0,0,0,0,0,0,0,0,0,0,0,0,0,0,0,0,0,0,0,0,0,0,0,0,0
midvale police department,1992-05-01,utah,12507,UT01801,0,0,0,0,0,1,0,1,0,0,0,0,0,48,0,1,1,0,46,23,13,8,2,75,7,5,1,1,154,2,3,105,108,0,0,0,0,0,0,0,0,0,0,32,0,1,1,0,30,0,0,0,0,26,4,1,1,2,62,2,2,30,32,0,0,0,0,0,0,0,0,0,0,5,0,0,0,0,5,0,0,0,0,5,2,1,0,1,12,0,0,7,7,0,0,0,0,0,0,0,0,0,0,0,0,0,0,0,0,0,0,0,0,0,1,0,0,1,1,0,0,1,1,0,0,0,0,0,0,0,0,0,0,0,0,0,0,0,0,0,0,0,0,0,0,0,0,0,0,0,0,0,0,0,0,0,0,0,0,0,0,0,0,0,0,0,0,0,0,0,0,0,0,0,0
midvale police department,1992-04-01,utah,12507,UT01801,0,0,0,0,0,3,2,1,2,0,1,0,1,35,1,0,0,2,32,29,13,15,1,71,4,3,0,1,144,3,8,104,112,0,0,0,0,0,1,0,0,0,1,21,0,0,0,1,20,8,4,4,0,2,1,1,0,0,33,1,2,11,13,0,0,0,0,0,1,0,0,0,1,8,0,0,0,0,8,5,3,2,0,1,1,1,0,0,16,0,1,7,8,0,0,0,0,0,0,0,0,0,0,1,0,0,0,0,1,0,0,0,0,1,0,0,0,0,2,0,0,1,1,0,0,0,0,0,0,0,0,0,0,0,0,0,0,0,0,0,0,0,0,0,0,0,0,0,0,0,0,0,0,0,0,0,0,0,0,0,0,0,0,0,0,0,0,0,0,0,0,0,0,0,0
midvale police department,1992-03-01,utah,12507,UT01801,0,0,0,0,0,0,0,0,1,0,0,0,1,37,1,1,2,0,33,10,7,3,0,93,3,3,0,0,144,4,5,106,111,0,0,0,0,0,1,0,0,0,1,26,0,1,2,1,22,0,0,0,0,29,0,0,0,0,56,4,5,29,34,0,0,0,0,0,1,0,0,0,1,10,0,1,2,0,7,0,0,0,0,11,0,0,0,0,22,3,4,11,15,0,0,0,0,0,0,0,0,0,0,0,0,0,0,0,0,0,0,0,0,1,0,0,0,0,1,0,0,1,1,0,0,0,0,0,0,0,0,0,0,0,0,0,0,0,0,0,0,0,0,0,0,0,0,0,0,0,0,0,0,0,0,0,0,0,0,0,0,0,0,0,0,0,0,0,0,0,0,0,0,0,0
midvale police department,1992-02-01,utah,12507,UT01801,0,0,1,0,0,0,0,0,1,0,0,0,1,42,0,1,4,1,36,11,6,4,1,83,3,2,1,0,141,6,7,98,105,0,0,0,0,0,0,0,0,0,0,31,0,1,3,1,26,1,1,0,0,13,3,3,0,0,48,5,5,17,22,0,0,0,0,0,0,0,0,0,0,13,0,0,3,0,10,0,0,0,0,5,0,0,0,0,18,3,3,5,8,0,0,0,0,0,0,0,0,0,0,1,0,0,0,0,1,0,0,0,0,0,0,0,0,0,1,0,0,0,0,0,0,0,0,0,0,0,0,1,0,1,0,1,0,0,0,0,0,0,0,0,0,0,0,0,0,0,0,0,0,0,0,0,0,0,0,0,0,0,0,0,0,0,0,0,0,0,0,0,0,0,0
midvale police department,1992-01-01,utah,12507,UT01801,0,0,0,0,0,0,0,0,0,0,0,0,0,28,1,3,0,0,24,20,15,4,1,78,4,3,0,1,130,4,4,102,106,0,0,0,0,0,0,0,0,0,0,21,3,0,0,0,18,1,1,0,0,11,3,2,0,1,36,3,3,15,18,0,0,0,0,0,0,0,0,0,0,13,1,0,0,0,12,1,1,0,0,2,2,1,0,1,18,1,1,5,6,0,0,0,0,0,0,0,0,0,0,0,0,0,0,0,0,0,0,0,0,3,0,0,0,0,3,0,0,3,3,0,0,0,0,0,0,0,0,0,0,0,0,0,0,0,0,0,0,0,0,0,0,0,0,0,0,0,0,0,0,0,0,0,0,0,0,0,0,0,0,0,0,0,0,0,0,0,0,0,0,0,0
midvale police department,1991-12-01,utah,12211,UT01801,0,0,0,0,0,0,0,0,0,0,0,0,0,27,0,2,0,2,23,15,12,1,2,71,3,3,0,0,116,4,4,89,93,0,0,0,0,0,0,0,0,0,0,26,0,1,0,2,23,3,1,1,1,8,2,2,0,0,39,3,3,13,16,0,0,0,0,0,0,0,0,0,0,4,0,1,0,0,3,2,0,1,1,2,1,1,0,0,9,1,1,5,6,0,0,0,0,0,0,0,0,0,0,0,0,0,0,0,0,0,0,0,0,1,0,0,0,0,1,0,0,1,1,0,0,0,0,0,0,0,0,0,0,0,0,0,0,0,0,0,0,0,0,0,0,0,0,0,0,0,0,0,0,0,0,0,0,0,0,0,0,0,0,0,0,0,0,0,0,0,0,0,0,0,0
midvale police department,1991-11-01,utah,12211,UT01801,0,0,0,0,0,0,0,0,1,0,0,0,1,23,0,1,0,0,22,10,5,4,1,64,6,6,0,0,104,1,2,80,82,0,0,0,0,0,0,0,0,0,0,14,0,1,0,0,13,3,2,1,0,15,3,3,0,0,35,1,1,21,22,0,0,0,0,0,0,0,0,0,0,2,0,0,0,0,2,3,2,1,0,8,3,3,0,0,16,0,0,14,14,0,0,0,0,0,0,0,0,0,0,0,0,0,0,0,0,0,0,0,0,0,2,2,0,0,2,0,0,2,2,0,0,0,0,0,0,0,0,0,0,0,0,0,0,0,0,0,0,0,0,0,0,0,0,0,0,0,0,0,0,0,0,0,0,0,0,0,0,0,0,0,0,0,0,0,0,0,0,0,0,0,0
midvale police department,1991-10-01,utah,12211,UT01801,0,0,0,0,0,0,0,0,0,0,0,0,0,28,0,0,0,0,28,13,10,2,1,96,7,7,0,0,144,0,0,116,116,0,0,0,0,0,0,0,0,0,0,26,0,0,0,0,26,1,1,0,0,15,2,2,0,0,44,0,0,18,18,0,0,0,0,0,0,0,0,0,0,4,0,0,0,0,4,1,1,0,0,7,2,2,0,0,14,0,0,10,10,0,0,0,0,0,0,0,0,0,0,0,0,0,0,0,0,0,0,0,0,0,0,0,0,0,0,0,0,0,0,0,0,0,0,0,0,0,0,0,0,0,0,0,0,0,0,0,0,0,0,0,0,0,0,0,0,0,0,0,0,0,0,0,0,0,0,0,0,0,0,0,0,0,0,0,0,0,0,0,0,0,0
midvale police department,1991-09-01,utah,12211,UT01801,0,0,0,0,0,2,1,1,0,0,0,0,0,26,0,1,1,0,24,13,4,9,0,65,3,1,0,2,109,2,4,81,85,0,0,0,0,0,0,0,0,0,0,24,1,0,1,2,20,1,1,0,0,14,3,2,0,1,42,4,4,18,22,0,0,0,0,0,0,0,0,0,0,10,0,0,0,0,10,0,0,0,0,5,1,0,0,1,16,0,0,6,6,0,0,0,0,0,0,0,0,0,0,0,0,0,0,0,0,0,0,0,0,0,0,0,0,0,0,0,0,0,0,0,0,0,0,0,0,0,0,0,0,0,0,0,0,0,0,0,0,0,0,0,0,0,0,0,0,0,0,0,0,0,0,0,0,0,0,0,0,0,0,0,0,0,0,0,0,0,0,0,0,0,0
midvale police department,1991-08-01,utah,12211,UT01801,0,0,0,0,0,0,0,0,1,0,0,0,1,24,1,0,1,4,18,23,11,10,2,77,9,7,1,1,134,6,7,109,116,0,0,0,0,0,0,0,0,0,0,14,0,0,1,1,12,6,3,1,2,17,1,0,0,1,38,2,2,24,26,0,0,0,0,0,0,0,0,0,0,5,0,0,0,1,4,1,0,0,1,3,1,0,0,1,10,1,1,5,6,0,0,0,0,0,0,0,0,0,0,0,0,0,0,0,0,0,0,0,0,0,0,0,0,0,0,0,0,0,0,0,0,0,0,0,0,0,0,0,0,0,0,0,0,0,0,0,0,0,0,0,0,0,0,0,0,0,0,0,0,0,0,0,0,0,0,0,0,0,0,0,0,0,0,0,0,0,0,0,0,0,0
midvale police department,1991-07-01,utah,12211,UT01801,0,0,0,0,0,0,0,0,0,0,0,0,0,20,0,0,1,0,19,24,14,7,3,80,3,2,1,0,127,1,1,107,108,0,0,0,0,0,0,0,0,0,0,23,1,0,1,0,21,5,3,2,0,26,0,0,0,0,54,2,2,31,33,0,0,0,0,0,0,0,0,0,0,5,0,0,0,0,5,2,2,0,0,9,0,0,0,0,16,0,0,11,11,0,0,0,0,0,0,0,0,0,0,0,0,0,0,0,0,0,0,0,0,0,0,0,0,0,0,0,0,0,0,0,0,0,0,0,0,0,0,0,0,0,0,0,0,0,0,0,0,0,0,0,0,0,0,0,0,0,0,0,0,0,0,0,0,0,0,0,0,0,0,0,0,0,0,0,0,0,0,0,0,0,0
midvale police department,1991-06-01,utah,12211,UT01801,0,0,0,0,0,0,0,0,0,0,0,0,0,17,1,0,1,0,15,10,5,4,1,62,7,5,1,1,96,2,2,79,81,0,0,0,0,0,0,0,0,0,0,5,0,0,0,0,5,0,0,0,0,12,0,0,0,0,17,0,0,12,12,0,0,0,0,0,0,0,0,0,0,4,0,0,0,0,4,0,0,0,0,4,0,0,0,0,8,0,0,4,4,0,0,0,0,0,0,0,0,0,0,0,0,0,0,0,0,0,0,0,0,0,0,0,0,0,0,0,0,0,0,0,0,0,0,0,0,0,0,0,0,0,0,0,0,0,0,0,0,0,0,0,0,0,0,0,0,0,0,0,0,0,0,0,0,0,0,0,0,0,0,0,0,0,0,0,0,0,0,0,0,0,0
midvale police department,1991-05-01,utah,12211,UT01801,0,0,0,0,0,0,0,0,4,3,1,0,0,20,1,0,0,0,19,7,3,3,1,73,5,5,0,0,109,1,5,85,90,0,0,0,0,0,0,0,0,0,0,8,1,1,1,0,5,2,1,1,0,7,0,0,0,0,17,3,3,9,12,0,0,0,0,0,0,0,0,0,0,4,1,0,0,0,3,0,0,0,0,2,0,0,0,0,6,1,1,2,3,0,0,0,0,0,0,0,0,0,0,0,0,0,0,0,0,0,0,0,0,0,0,0,0,0,0,0,0,0,0,0,0,0,0,0,0,0,0,0,0,0,0,0,0,0,0,0,0,0,0,0,0,0,0,0,0,0,0,0,0,0,0,0,0,0,0,0,0,0,0,0,0,0,0,0,0,0,0,0,0,0,0
midvale police department,1991-04-01,utah,12211,UT01801,0,0,0,0,0,0,0,0,0,0,0,0,0,20,0,1,3,1,15,14,5,6,3,76,1,1,0,0,111,5,5,91,96,0,0,0,0,0,0,0,0,0,0,11,0,1,1,1,8,1,0,1,0,21,1,1,0,0,34,3,3,23,26,0,0,0,0,0,0,0,0,0,0,2,0,0,0,0,2,0,0,0,0,8,0,0,0,0,10,0,0,8,8,0,0,0,0,0,0,0,0,0,0,0,0,0,0,0,0,0,0,0,0,0,0,0,0,0,0,0,0,0,0,0,0,0,0,0,0,0,0,0,0,0,0,0,0,0,0,0,0,0,0,0,0,0,0,0,0,0,0,0,0,0,0,0,0,0,0,0,0,0,0,0,0,0,0,0,0,0,0,0,0,0,0
midvale police department,1991-03-01,utah,12211,UT01801,0,0,0,0,0,1,1,0,2,0,0,0,2,21,0,1,1,1,18,11,6,4,1,81,2,1,1,0,118,3,6,94,100,0,0,0,0,0,0,0,0,0,0,10,0,1,0,1,8,8,5,3,0,15,1,0,1,0,34,2,2,24,26,0,0,0,0,0,0,0,0,0,0,7,0,1,0,0,6,3,1,2,0,2,0,0,0,0,12,1,1,5,6,0,0,0,0,0,0,0,0,0,0,0,0,0,0,0,0,0,0,0,0,0,0,0,0,0,0,0,0,0,0,0,0,0,0,0,0,0,0,0,0,0,0,0,0,0,0,0,0,0,0,0,0,0,0,0,0,0,0,0,0,0,0,0,0,0,0,0,0,0,0,0,0,0,0,0,0,0,0,0,0,0,0
midvale police department,1991-02-01,utah,12211,UT01801,0,0,0,0,0,0,0,0,0,0,0,0,0,17,0,1,1,1,14,10,4,6,0,64,6,6,0,0,97,3,3,80,83,0,0,0,0,0,0,0,0,0,0,6,0,0,1,0,5,0,0,0,0,11,0,0,0,0,17,1,1,11,12,0,0,0,0,0,0,0,0,0,0,2,0,0,0,0,2,0,0,0,0,4,0,0,0,0,6,0,0,4,4,0,0,0,0,0,0,0,0,0,0,0,0,0,0,0,0,0,0,0,0,0,0,0,0,0,0,0,0,0,0,0,0,0,0,0,0,0,0,0,0,0,0,0,0,0,0,0,0,0,0,0,0,0,0,0,0,0,0,0,0,0,0,0,0,0,0,0,0,0,0,0,0,0,0,0,0,0,0,0,0,0,0
midvale police department,1991-01-01,utah,12211,UT01801,0,0,0,0,0,0,0,0,1,1,0,0,0,11,0,0,0,0,11,9,5,4,0,58,3,3,0,0,82,0,1,70,71,0,0,0,0,0,1,1,0,0,0,9,1,0,0,0,8,5,2,3,0,16,1,1,0,0,32,1,2,22,24,0,0,0,0,0,0,0,0,0,0,3,0,0,0,0,3,2,2,0,0,6,1,1,0,0,12,0,0,9,9,0,0,0,0,0,0,0,0,0,0,0,0,0,0,0,0,0,0,0,0,0,0,0,0,0,0,0,0,0,0,0,0,0,0,0,0,0,0,0,0,0,0,0,0,0,0,0,0,0,0,0,0,0,0,0,0,0,0,0,0,0,0,0,0,0,0,0,0,0,0,0,0,0,0,0,0,0,0,0,0,0,0
midvale police department,1990-12-01,utah,11886,UT01801,0,0,0,0,0,0,0,0,1,0,1,0,0,9,0,1,0,1,7,15,10,5,0,67,4,4,0,0,96,2,3,86,89,0,0,0,0,0,0,0,0,0,0,9,0,0,0,1,8,3,2,1,0,10,0,0,0,0,22,1,1,13,14,0,0,0,0,0,0,0,0,0,0,2,0,0,0,0,2,1,1,0,0,1,0,0,0,0,4,0,0,2,2,0,0,0,0,0,0,0,0,0,0,0,0,0,0,0,0,0,0,0,0,0,0,0,0,0,0,0,0,0,0,0,0,0,0,0,0,0,0,0,0,0,0,0,0,0,0,0,0,0,0,0,0,0,0,0,0,0,0,0,0,0,0,0,0,0,0,0,0,0,0,0,0,0,0,0,0,0,0,0,0,0,0
midvale police department,1990-11-01,utah,11886,UT01801,0,0,0,0,0,0,0,0,1,1,0,0,0,10,0,0,0,1,9,21,14,3,4,87,5,5,0,0,124,1,2,113,115,0,0,0,0,0,1,1,0,0,0,9,0,0,0,3,6,7,5,2,0,18,1,1,0,0,36,3,4,26,30,0,0,0,0,0,0,0,0,0,0,1,0,0,0,0,1,4,3,1,0,8,1,1,0,0,14,0,0,13,13,0,0,0,0,0,0,0,0,0,0,0,0,0,0,0,0,0,0,0,0,0,0,0,0,0,0,0,0,0,0,0,0,0,0,0,0,0,0,0,0,0,0,0,0,0,0,0,0,0,0,0,0,0,0,0,0,0,0,0,0,0,0,0,0,0,0,0,0,0,0,0,0,0,0,0,0,0,0,0,0,0,0
midvale police department,1990-10-01,utah,11886,UT01801,0,0,0,0,0,1,1,0,0,0,0,0,0,17,1,0,0,1,15,17,14,3,0,59,2,2,0,0,96,2,3,78,81,0,0,1,1,0,0,0,0,0,0,8,1,1,0,1,5,2,1,1,0,10,1,1,0,0,22,3,4,13,17,0,0,0,0,0,0,0,0,0,0,1,1,0,0,0,0,0,0,0,0,8,0,0,0,0,9,1,1,8,9,0,0,0,0,0,0,0,0,0,0,0,0,0,0,0,0,0,0,0,0,0,0,0,0,0,0,0,0,0,0,0,0,0,0,0,0,0,0,0,0,0,0,0,0,0,0,0,0,0,0,0,0,0,0,0,0,0,0,0,0,0,0,0,0,0,0,0,0,0,0,0,0,0,0,0,0,0,0,0,0,0,0
midvale police department,1990-09-01,utah,11886,UT01801,0,0,0,0,0,2,2,0,3,1,0,2,0,20,0,0,1,1,18,25,12,9,4,70,4,4,0,0,124,2,7,99,106,0,0,0,0,0,0,0,0,0,0,12,1,0,1,0,10,0,0,0,0,11,1,1,0,0,24,2,2,12,14,0,0,0,0,0,0,0,0,0,0,3,0,0,0,0,3,0,0,0,0,5,0,0,0,0,8,0,0,5,5,0,0,0,0,0,0,0,0,0,0,0,0,0,0,0,0,0,0,0,0,0,0,0,0,0,0,0,0,0,0,0,0,0,0,0,0,0,0,0,0,0,0,0,0,0,0,0,0,0,0,0,0,0,0,0,0,0,0,0,0,0,0,0,0,0,0,0,0,0,0,0,0,0,0,0,0,0,0,0,0,0,0
midvale police department,1990-08-01,utah,11886,UT01801,0,0,0,0,0,1,0,1,0,0,0,0,0,20,1,1,0,1,17,15,6,8,1,74,7,5,1,1,117,3,4,96,100,0,0,0,0,0,0,0,0,0,0,6,0,0,0,0,6,4,1,3,0,8,0,0,0,0,18,0,0,12,12,0,0,0,0,0,0,0,0,0,0,2,0,0,0,0,2,1,1,0,0,2,0,0,0,0,5,0,0,3,3,0,0,0,0,0,0,0,0,0,0,0,0,0,0,0,0,0,0,0,0,0,0,0,0,0,0,0,0,0,0,0,0,0,0,0,0,0,0,0,0,0,0,0,0,0,0,0,0,0,0,0,0,0,0,0,0,0,0,0,0,0,0,0,0,0,0,0,0,0,0,0,0,0,0,0,0,0,0,0,0,0,0
midvale police department,1990-07-01,utah,11886,UT01801,0,0,0,0,0,0,0,0,0,0,0,0,0,22,0,0,0,0,22,20,16,4,0,75,5,5,0,0,124,0,0,102,102,0,0,0,0,0,0,0,0,0,0,15,0,0,0,0,15,2,2,0,0,18,0,0,0,0,36,0,0,21,21,0,0,0,0,0,0,0,0,0,0,0,0,0,0,0,0,0,0,0,0,7,0,0,0,0,8,0,0,8,8,0,0,0,0,0,0,0,0,0,0,0,0,0,0,0,0,1,1,0,0,1,0,0,0,0,2,0,0,2,2,0,0,0,0,0,0,1,1,0,1,1,0,2,0,0,0,0,0,0,1,1,0,0,0,0,1,0,0,0,0,0,0,1,1,0,0,0,0,1,0,0,0,0,0,0,0,0,0,0,0,0,0
midvale police department,1990-06-01,utah,11886,UT01801,0,0,0,0,0,1,1,0,2,1,0,0,1,26,0,2,1,1,22,14,9,5,0,96,8,8,0,0,149,4,7,120,127,0,0,0,0,0,1,0,0,0,1,10,0,2,0,1,7,3,3,0,0,20,1,1,0,0,36,3,4,25,29,0,0,0,0,0,0,0,0,0,0,2,0,1,0,0,1,1,1,0,0,7,1,1,0,0,11,1,1,9,10,0,0,0,0,0,0,0,0,0,0,0,0,0,0,0,0,0,0,0,0,0,1,0,1,0,1,0,0,1,1,1,0,0,0,0,1,0,2,0,0,0,0,2,1,0,0,0,0,0,0,1,0,0,0,0,1,0,0,0,0,0,0,0,0,0,0,0,0,0,0,0,0,0,0,0,0,0,0,0,0,0,0
midvale police department,1990-05-01,utah,11886,UT01801,0,0,0,0,0,0,0,0,1,1,0,0,0,19,1,1,0,0,17,14,9,5,0,84,4,4,0,0,122,2,3,102,105,0,0,0,0,0,0,0,0,0,0,14,1,0,0,0,13,0,0,0,0,9,1,1,0,0,24,1,1,10,11,0,0,0,0,0,0,0,0,0,0,5,1,0,0,0,4,0,0,0,0,3,0,0,0,0,8,1,1,3,4,0,0,1,1,0,0,0,0,0,0,0,0,0,0,0,0,0,0,0,0,1,0,0,0,0,2,0,1,1,2,0,0,0,0,0,0,0,0,0,0,0,0,0,0,0,0,0,0,0,0,0,0,0,0,0,0,0,0,0,0,0,0,0,0,0,0,0,0,0,0,0,0,0,0,0,0,0,0,0,0,0,0
midvale police department,1990-04-01,utah,11886,UT01801,0,0,0,0,0,1,1,0,0,0,0,0,0,20,0,1,0,0,19,15,8,7,0,51,6,6,0,0,93,1,2,72,74,0,0,1,1,0,0,0,0,0,0,9,0,1,0,0,8,3,1,2,0,4,1,1,0,0,18,1,2,8,10,0,0,0,0,0,0,0,0,0,0,5,0,0,0,0,5,1,1,0,0,3,0,0,0,0,9,0,0,4,4,0,0,0,0,0,0,0,0,0,0,0,0,0,0,0,0,1,1,0,0,1,0,0,0,0,2,0,0,2,2,0,0,0,0,0,0,0,0,0,0,0,0,0,0,0,0,0,0,0,0,0,0,0,0,0,0,0,0,0,0,0,0,0,0,0,0,0,0,0,0,0,0,0,0,0,0,0,0,0,0,0,0
midvale police department,1990-03-01,utah,11886,UT01801,0,0,0,0,0,0,0,0,0,0,0,0,0,23,1,1,1,1,19,22,8,13,1,59,4,4,0,0,108,4,4,85,89,0,0,0,0,0,0,0,0,0,0,15,0,1,1,0,13,2,0,1,1,0,1,1,0,0,18,2,2,3,5,0,0,0,0,0,0,0,0,0,0,5,0,1,1,0,3,0,0,0,0,0,1,1,0,0,6,2,2,1,3,0,0,0,0,0,0,0,0,0,0,1,0,0,0,0,1,0,0,0,0,1,0,0,0,0,2,0,0,1,1,0,0,0,0,0,0,0,0,0,0,0,0,0,0,0,0,0,0,0,0,0,0,0,0,0,0,0,0,0,0,0,0,0,0,0,0,0,0,0,0,0,0,0,0,0,0,0,0,0,0,0,0
midvale police department,1990-02-01,utah,11886,UT01801,0,0,0,0,0,0,0,0,1,1,0,0,0,17,1,1,0,1,14,17,10,7,0,56,4,3,1,0,95,3,4,77,81,0,0,0,0,0,0,0,0,0,0,12,0,1,1,0,10,3,0,2,1,12,0,0,0,0,27,2,2,15,17,0,0,0,0,0,0,0,0,0,0,5,0,1,1,0,3,0,0,0,0,6,0,0,0,0,11,2,2,6,8,0,0,0,0,0,0,0,0,0,0,0,0,0,0,0,0,0,0,0,0,0,0,0,0,0,0,0,0,0,0,0,0,0,0,0,0,0,0,0,0,0,0,0,0,0,0,0,0,0,0,0,0,0,0,0,0,0,0,0,0,0,0,0,0,0,0,0,0,0,0,0,0,0,0,0,0,0,0,0,0,0,0
midvale police department,1990-01-01,utah,11886,UT01801,0,0,0,0,0,0,0,0,3,2,0,1,0,15,0,1,0,1,13,18,14,3,1,96,8,8,0,0,140,2,5,122,127,0,0,0,0,0,0,0,0,0,0,5,0,0,0,1,4,0,0,0,0,13,1,1,0,0,19,1,1,14,15,0,0,0,0,0,0,0,0,0,0,1,0,0,0,0,1,0,0,0,0,2,0,0,0,0,3,0,0,2,2,0,0,0,0,0,0,0,0,0,0,0,0,0,0,0,0,0,0,0,0,0,0,0,0,0,0,0,0,0,0,0,0,0,0,0,0,0,0,0,0,0,0,0,0,0,0,0,0,0,0,0,0,0,0,0,0,0,0,0,0,0,0,0,0,0,0,0,0,0,0,0,0,0,0,0,0,0,0,0,0,0,0
midvale police department,1989-12-01,utah,11436,UT01801,0,0,0,0,0,0,0,0,0,0,0,0,0,11,0,0,0,0,11,14,12,2,0,104,6,4,1,1,135,0,0,124,124,0,0,1,1,0,0,0,0,0,0,4,0,0,0,0,4,4,4,0,0,41,2,2,0,0,52,0,1,47,48,0,0,0,0,0,0,0,0,0,0,1,0,0,0,0,1,2,2,0,0,7,1,1,0,0,11,0,0,10,10,0,0,0,0,0,0,0,0,0,0,0,0,0,0,0,0,0,0,0,0,0,1,1,0,0,1,0,0,1,1,0,0,0,0,0,0,0,0,0,0,0,0,0,0,0,0,0,0,0,0,0,0,0,0,0,0,0,0,0,0,0,0,0,0,0,0,0,0,0,0,0,0,0,0,0,0,0,0,0,0,0,0
midvale police department,1989-11-01,utah,11436,UT01801,0,0,0,0,0,0,0,0,2,2,0,0,0,11,0,0,0,0,11,16,8,3,5,69,3,2,1,0,101,0,2,88,90,0,0,0,0,0,0,0,0,0,0,5,0,0,0,0,5,0,0,0,0,20,0,0,0,0,25,0,0,20,20,0,0,0,0,0,0,0,0,0,0,1,0,0,0,0,1,0,0,0,0,4,0,0,0,0,5,0,0,4,4,0,0,0,0,0,0,0,0,0,0,0,0,0,0,0,0,0,0,0,0,0,0,0,0,0,0,0,0,0,0,0,0,0,0,0,0,0,0,0,0,0,0,0,0,0,0,0,0,0,0,0,0,0,0,0,0,0,0,0,0,0,0,0,0,0,0,0,0,0,0,0,0,0,0,0,0,0,0,0,0,0,0
midvale police department,1989-10-01,utah,11436,UT01801,0,0,0,0,0,0,0,0,0,0,0,0,0,15,0,0,0,1,14,14,12,1,1,92,2,1,1,0,123,1,1,108,109,0,0,0,0,0,0,0,0,0,0,10,0,0,0,1,9,2,1,1,0,23,0,0,0,0,35,1,1,25,26,0,0,0,0,0,0,0,0,0,0,2,0,0,0,0,2,1,1,0,0,5,0,0,0,0,8,0,0,6,6,0,0,0,0,0,0,0,0,0,0,0,0,0,0,0,0,1,0,1,0,1,0,0,0,0,2,0,0,2,2,0,0,0,0,0,0,0,0,0,0,0,0,0,0,0,0,0,0,0,0,0,0,0,0,0,0,0,0,0,0,0,0,0,0,0,0,0,0,0,0,0,0,0,0,0,0,0,0,0,0,0,0
midvale police department,1989-09-01,utah,11436,UT01801,0,0,0,0,0,1,1,0,1,1,0,0,0,19,0,0,0,1,18,22,13,9,0,87,2,1,1,0,132,1,3,111,114,0,0,1,1,0,0,0,0,0,0,21,0,0,2,1,18,11,8,3,0,27,3,2,1,0,63,3,4,41,45,0,0,0,0,0,0,0,0,0,0,1,0,0,0,0,1,1,1,0,0,9,2,2,0,0,13,0,0,12,12,0,0,0,0,0,0,0,0,0,0,1,0,0,0,0,1,0,0,0,0,2,3,2,1,0,6,0,0,5,5,0,0,0,0,0,0,0,0,0,0,0,0,0,0,0,0,0,0,0,0,0,0,0,0,0,0,0,0,0,0,0,0,0,0,0,0,0,0,0,0,0,0,0,0,0,0,0,0,0,0,0,0
midvale police department,1989-08-01,utah,11436,UT01801,0,0,0,0,0,1,1,0,0,0,0,0,0,23,0,2,1,1,19,16,7,9,0,87,2,2,0,0,129,4,5,105,110,0,0,0,0,0,0,0,0,0,0,2,0,1,0,0,1,0,0,0,0,3,0,0,0,0,5,1,1,3,4,0,0,0,0,0,0,0,0,0,0,0,0,0,0,0,0,0,0,0,0,0,0,0,0,0,0,0,0,0,0,0,0,0,0,0,0,0,0,0,0,0,0,0,0,0,0,0,0,0,0,0,0,0,0,0,0,0,0,0,0,0,0,0,0,0,0,0,0,0,0,0,0,0,0,0,0,0,0,0,0,0,0,0,0,0,0,0,0,0,0,0,0,0,0,0,0,0,0,0,0,0,0,0,0,0,0,0,0,0,0,0,0
midvale police department,1989-07-01,utah,11436,UT01801,0,0,0,0,0,0,0,0,0,0,0,0,0,18,0,0,1,1,16,23,15,7,1,56,4,4,0,0,101,2,2,83,85,0,0,0,0,0,0,0,0,0,0,12,0,0,0,2,10,1,1,0,0,0,1,1,0,0,14,2,2,2,4,0,0,0,0,0,0,0,0,0,0,0,0,0,0,0,0,1,1,0,0,0,1,1,0,0,2,0,0,2,2,0,0,0,0,0,0,0,0,0,0,0,0,0,0,0,0,0,0,0,0,1,1,1,0,0,2,0,0,2,2,0,0,0,0,0,0,0,0,0,0,0,0,0,0,0,0,0,0,0,0,0,0,0,0,0,0,0,0,0,0,0,0,0,0,0,0,0,0,0,0,0,0,0,0,0,0,0,0,0,0,0,0
midvale police department,1989-06-01,utah,11436,UT01801,0,0,0,1,0,0,0,0,0,0,0,0,0,12,0,0,1,1,10,14,9,4,1,76,3,3,0,0,106,2,3,93,96,1,0,0,0,0,0,0,0,0,0,3,0,0,0,0,3,0,0,0,0,2,0,0,0,0,6,0,1,2,3,0,0,0,0,0,0,0,0,0,0,0,0,0,0,0,0,0,0,0,0,2,0,0,0,0,2,0,0,2,2,0,0,0,0,0,0,0,0,0,0,0,0,0,0,0,0,0,0,0,0,0,0,0,0,0,0,0,0,0,0,0,0,0,0,0,0,0,0,0,0,0,0,0,0,0,0,0,0,0,0,0,0,0,0,0,0,0,0,0,0,0,0,0,0,0,0,0,0,0,0,0,0,0,0,0,0,0,0,0,0,0,0
midvale police department,1989-05-01,utah,11436,UT01801,0,0,0,0,0,1,1,0,0,0,0,0,0,16,0,0,1,2,13,15,9,5,1,87,4,4,0,0,123,3,4,106,110,0,0,0,0,0,0,0,0,0,0,8,0,0,0,2,6,6,4,2,0,11,4,3,1,0,29,2,2,21,23,0,0,0,0,0,0,0,0,0,0,2,0,0,0,2,0,2,2,0,0,1,1,1,0,0,6,2,2,4,6,0,0,0,0,0,0,0,0,0,0,0,0,0,0,0,0,1,1,0,0,1,0,0,0,0,2,0,0,2,2,0,0,0,0,0,0,0,0,0,0,0,0,0,0,0,0,0,0,0,0,0,0,0,0,0,0,0,0,0,0,0,0,0,0,0,0,0,0,0,0,0,0,0,0,0,0,0,0,0,0,0,0
midvale police department,1989-04-01,utah,11436,UT01801,0,0,0,0,0,0,0,0,3,0,0,1,2,12,0,2,0,0,10,17,12,2,3,88,9,6,2,1,129,2,5,114,119,0,0,0,0,0,0,0,0,0,0,10,0,0,0,1,9,2,0,0,2,0,0,0,0,0,12,1,1,2,3,0,0,0,0,0,0,0,0,0,0,1,0,0,0,0,1,1,0,0,1,0,0,0,0,0,2,0,0,1,1,0,0,0,0,0,0,0,0,0,0,0,0,0,0,0,0,0,0,0,0,0,0,0,0,0,0,0,0,0,0,0,0,0,0,0,0,0,0,0,0,0,0,0,0,0,0,0,0,0,0,0,0,0,0,0,0,0,0,0,0,0,0,0,0,0,0,0,0,0,0,0,0,0,0,0,0,0,0,0,0,0,0
midvale police department,1989-03-01,utah,11436,UT01801,0,0,0,0,0,0,0,0,0,0,0,0,0,11,0,0,0,0,11,16,12,3,1,88,8,6,0,2,123,0,0,112,112,0,0,0,0,0,0,0,0,0,0,4,0,0,1,0,3,5,4,1,0,25,1,0,0,1,35,1,1,31,32,0,0,0,0,0,0,0,0,0,0,0,0,0,0,0,0,3,3,0,0,4,0,0,0,0,7,0,0,7,7,0,0,0,0,0,0,0,0,0,0,0,0,0,0,0,0,2,1,1,0,0,0,0,0,0,2,0,0,2,2,0,0,0,0,0,0,0,0,0,0,0,0,0,0,0,0,0,0,0,0,0,0,0,0,0,0,0,0,0,0,0,0,0,0,0,0,0,0,0,0,0,0,0,0,0,0,0,0,0,0,0,0
midvale police department,1989-02-01,utah,11436,UT01801,0,0,0,0,0,0,0,0,0,0,0,0,0,7,0,0,0,0,7,15,9,6,0,72,3,2,1,0,97,0,0,90,90,0,0,0,0,0,0,0,0,0,0,5,0,0,0,0,5,2,2,0,0,29,1,1,0,0,37,0,0,32,32,0,0,0,0,0,0,0,0,0,0,1,0,0,0,0,1,0,0,0,0,5,0,0,0,0,6,0,0,5,5,0,0,0,0,0,0,0,0,0,0,0,0,0,0,0,0,0,0,0,0,0,0,0,0,0,0,0,0,0,0,0,0,0,0,0,0,0,0,0,0,0,0,0,0,0,0,0,0,0,0,0,0,0,0,0,0,0,0,0,0,0,0,0,0,0,0,0,0,0,0,0,0,0,0,0,0,0,0,0,0,0,0
midvale police department,1989-01-01,utah,11436,UT01801,0,0,0,0,0,0,0,0,1,0,0,0,1,8,0,0,1,0,7,20,9,10,1,99,1,0,0,1,129,1,2,120,122,0,0,0,0,0,0,0,0,0,0,11,0,0,1,0,10,4,2,2,0,61,3,2,0,1,79,1,1,68,69,0,0,0,0,0,0,0,0,0,0,1,0,0,1,0,0,0,0,0,0,5,1,0,0,1,7,1,1,6,7,0,0,0,0,0,0,0,0,0,0,0,0,0,0,0,0,0,0,0,0,1,0,0,0,0,1,0,0,1,1,0,0,0,0,0,0,0,0,0,0,0,0,0,0,0,0,0,0,0,0,0,0,0,0,0,0,0,0,0,0,0,0,0,0,0,0,0,0,0,0,0,0,0,0,0,0,0,0,0,0,0,0
midvale police department,1988-12-01,utah,11647,UT01801,0,0,0,1,0,1,1,0,1,0,0,0,1,10,0,0,1,0,9,20,14,5,1,94,10,6,3,1,137,1,4,124,128,1,0,0,0,0,0,0,0,0,0,15,0,1,0,1,13,3,1,1,1,29,2,2,0,0,50,2,3,34,37,0,0,0,0,0,0,0,0,0,0,1,0,0,0,0,1,0,0,0,0,7,1,1,0,0,9,0,0,8,8,0,0,0,0,0,0,0,0,0,0,1,0,0,0,0,1,0,0,0,0,0,0,0,0,0,1,0,0,0,0,0,0,0,0,0,0,0,0,0,0,0,0,0,0,0,0,0,0,0,0,0,0,0,0,0,0,0,0,0,0,0,0,0,0,0,0,0,0,0,0,0,0,0,0,0,0,0,0,0,0,0,0
midvale police department,1988-11-01,utah,11647,UT01801,0,0,0,0,0,1,1,0,1,1,0,0,0,13,0,1,1,0,11,24,12,12,0,84,5,4,0,1,128,2,4,113,117,0,0,0,0,0,0,0,0,0,0,11,0,0,0,1,10,1,0,1,0,14,1,0,0,1,27,1,1,16,17,0,0,0,0,0,0,0,0,0,0,4,0,0,0,0,4,0,0,0,0,2,1,0,0,1,7,0,0,3,3,0,0,0,0,0,0,0,0,0,0,0,0,0,0,0,0,0,0,0,0,0,0,0,0,0,0,0,0,0,0,0,0,0,0,0,0,0,0,0,0,0,0,0,0,0,0,0,0,0,0,0,0,0,0,0,0,0,0,0,0,0,0,0,0,0,0,0,0,0,0,0,0,0,0,0,0,0,0,0,0,0,0
midvale police department,1988-10-01,utah,11647,UT01801,0,0,0,0,0,0,0,0,0,0,0,0,0,25,0,0,1,1,23,13,4,8,1,69,3,2,0,1,110,2,2,85,87,0,0,0,0,0,0,0,0,0,0,11,0,0,0,1,10,6,3,2,1,19,1,1,0,0,37,1,1,26,27,0,0,0,0,0,0,0,0,0,0,4,0,0,0,0,4,2,0,2,0,5,0,0,0,0,11,0,0,7,7,0,0,0,0,0,0,0,0,0,0,0,0,0,0,0,0,0,0,0,0,0,1,1,0,0,1,0,0,1,1,0,0,0,0,0,0,0,0,0,0,0,0,0,0,0,0,0,0,0,0,0,0,0,0,0,0,0,0,0,0,0,0,0,0,0,0,0,0,0,0,0,0,0,0,0,0,0,0,0,0,0,0
midvale police department,1988-09-01,utah,11647,UT01801,0,0,0,0,0,0,0,0,0,0,0,0,0,19,1,1,1,1,15,12,5,4,3,63,4,2,1,1,98,4,4,79,83,0,0,0,0,0,0,0,0,0,0,10,0,1,0,0,9,0,0,0,0,10,0,0,0,0,20,1,1,10,11,0,0,0,0,0,0,0,0,0,0,2,0,0,0,0,2,0,0,0,0,2,0,0,0,0,4,0,0,2,2,0,0,0,0,0,0,0,0,0,0,0,0,0,0,0,0,0,0,0,0,0,0,0,0,0,0,0,0,0,0,0,0,0,0,0,0,0,0,0,0,0,0,0,0,0,0,0,0,0,0,0,0,0,0,0,0,0,0,0,0,0,0,0,0,0,0,0,0,0,0,0,0,0,0,0,0,0,0,0,0,0,0
midvale police department,1988-08-01,utah,11647,UT01801,0,0,0,0,0,0,0,0,0,0,0,0,0,18,0,1,2,1,14,21,17,0,4,66,4,2,1,1,109,4,4,91,95,0,0,0,0,0,0,0,0,0,0,12,0,1,4,0,7,5,4,1,0,15,1,1,0,0,33,5,5,21,26,0,0,0,0,0,0,0,0,0,0,3,0,0,1,0,2,1,1,0,0,8,0,0,0,0,12,1,1,9,10,0,0,0,0,0,0,0,0,0,0,0,0,0,0,0,0,1,0,1,0,0,0,0,0,0,1,0,0,1,1,0,0,0,0,0,0,0,0,0,0,0,0,0,0,0,0,0,0,0,0,0,0,0,0,0,0,0,0,0,0,0,0,0,0,0,0,0,0,0,0,0,0,0,0,0,0,0,0,0,0,0,0
midvale police department,1988-07-01,utah,11647,UT01801,0,0,0,0,0,1,1,0,2,0,0,0,2,12,0,1,2,1,8,17,7,9,1,75,2,1,0,1,109,4,7,94,101,0,0,0,0,0,3,0,0,0,3,6,0,1,0,0,5,7,4,3,0,19,3,3,0,0,38,1,4,29,33,0,0,0,0,0,1,0,0,0,1,0,0,0,0,0,0,1,1,0,0,5,0,0,0,0,7,0,1,6,7,0,0,0,0,0,0,0,0,0,0,0,0,0,0,0,0,0,0,0,0,0,0,0,0,0,0,0,0,0,0,0,0,0,0,0,0,0,0,0,0,0,0,0,0,0,0,0,0,0,0,0,0,0,0,0,0,0,0,0,0,0,0,0,0,0,0,0,0,0,0,0,0,0,0,0,0,0,0,0,0,0,0
midvale police department,1988-06-01,utah,11647,UT01801,0,0,0,0,0,0,0,0,1,1,0,0,0,14,0,0,0,0,14,23,11,6,6,74,9,9,0,0,121,0,1,106,107,0,0,0,0,0,0,0,0,0,0,0,0,0,0,0,0,0,0,0,0,0,0,0,0,0,0,0,0,0,0,0,0,0,0,0,0,0,0,0,0,0,0,0,0,0,0,0,0,0,0,0,0,0,0,0,0,0,0,0,0,0,0,0,0,0,0,0,0,0,0,0,0,0,0,0,0,0,0,0,0,0,0,0,0,0,0,0,0,0,0,0,0,0,0,0,0,0,0,0,0,0,0,0,0,0,0,0,0,0,0,0,0,0,0,0,0,0,0,0,0,0,0,0,0,0,0,0,0,0,0,0,0,0,0,0,0,0,0,0,0,0,0
midvale police department,1988-05-01,utah,11647,UT01801,0,0,0,0,0,0,0,0,0,0,0,0,0,12,2,1,0,0,9,6,3,3,0,79,1,1,0,0,98,3,3,86,89,0,0,0,0,0,0,0,0,0,0,0,0,0,0,0,0,0,0,0,0,28,0,0,0,0,28,0,0,28,28,0,0,0,0,0,0,0,0,0,0,0,0,0,0,0,0,0,0,0,0,4,0,0,0,0,4,0,0,4,4,0,0,0,0,0,0,0,0,0,0,0,0,0,0,0,0,0,0,0,0,0,0,0,0,0,0,0,0,0,0,0,0,0,0,0,0,0,0,0,0,0,0,0,0,0,0,0,0,0,0,0,0,0,0,0,0,0,0,0,0,0,0,0,0,0,0,0,0,0,0,0,0,0,0,0,0,0,0,0,0,0,0
midvale police department,1988-04-01,utah,11647,UT01801,0,0,1,0,0,0,0,0,0,0,0,0,0,8,1,0,0,0,7,9,4,4,1,77,1,1,0,0,95,1,1,87,88,0,0,0,0,0,0,0,0,0,0,4,0,0,0,0,4,0,0,0,0,36,1,1,0,0,41,0,0,37,37,0,0,0,0,0,0,0,0,0,0,1,0,0,0,0,1,0,0,0,0,10,0,0,0,0,11,0,0,10,10,0,0,0,0,0,0,0,0,0,0,0,0,0,0,0,0,0,0,0,0,0,0,0,0,0,0,0,0,0,0,0,0,0,0,0,0,0,0,0,0,0,0,0,0,0,0,0,0,0,0,0,0,0,0,0,0,0,0,0,0,0,0,0,0,0,0,0,0,0,0,0,0,0,0,0,0,0,0,0,0,0,0
midvale police department,1988-03-01,utah,11647,UT01801,0,0,0,0,0,1,0,1,0,0,0,0,0,8,0,1,0,0,7,11,6,3,2,86,5,4,1,0,111,1,2,102,104,0,0,0,0,0,0,0,0,0,0,6,0,0,0,0,6,0,0,0,0,29,2,1,1,0,37,0,0,31,31,0,0,0,0,0,0,0,0,0,0,2,0,0,0,0,2,0,0,0,0,11,0,0,0,0,13,0,0,11,11,0,0,0,0,0,0,0,0,0,0,0,0,0,0,0,0,0,0,0,0,0,0,0,0,0,0,0,0,0,0,0,0,0,0,0,0,0,0,0,0,0,0,0,0,0,0,0,0,0,0,0,0,0,0,0,0,0,0,0,0,0,0,0,0,0,0,0,0,0,0,0,0,0,0,0,0,0,0,0,0,0,0
midvale police department,1988-02-01,utah,11647,UT01801,0,0,0,0,0,0,0,0,1,0,0,1,0,8,0,0,0,0,8,17,8,6,3,72,3,1,1,1,101,0,1,92,93,0,0,0,0,0,2,2,0,0,0,3,0,0,0,0,3,1,1,0,0,8,1,0,0,1,15,0,2,10,12,0,0,0,0,0,0,0,0,0,0,0,0,0,0,0,0,0,0,0,0,1,0,0,0,0,1,0,0,1,1,0,0,0,0,0,0,0,0,0,0,0,0,0,0,0,0,0,0,0,0,0,0,0,0,0,0,0,0,0,0,0,0,0,0,0,0,0,0,0,0,0,0,0,0,0,0,0,0,0,0,0,0,0,0,0,0,0,0,0,0,0,0,0,0,0,0,0,0,0,0,0,0,0,0,0,0,0,0,0,0,0,0
midvale police department,1988-01-01,utah,11647,UT01801,0,0,0,0,0,1,1,0,1,0,0,1,0,9,0,0,0,2,7,10,8,1,1,41,1,0,0,1,63,2,4,52,56,0,0,0,0,0,0,0,0,0,0,11,0,0,0,7,4,0,0,0,0,11,1,0,0,1,23,7,7,12,19,0,0,0,0,0,0,0,0,0,0,0,0,0,0,0,0,0,0,0,0,3,0,0,0,0,3,0,0,3,3,0,0,0,0,0,0,0,0,0,0,1,0,0,0,0,1,0,0,0,0,1,0,0,0,0,2,0,0,1,1,0,0,0,0,0,0,0,0,0,0,0,0,0,0,0,0,0,0,0,0,0,0,0,0,0,0,0,0,0,0,0,0,0,0,0,0,0,0,0,0,0,0,0,0,0,0,0,0,0,0,0,0
midvale police department,1987-12-01,utah,11491,UT01801,0,0,0,0,0,0,0,0,2,0,0,0,2,3,0,0,0,0,3,12,9,1,2,55,6,5,1,0,78,0,2,73,75,0,0,0,0,0,1,0,0,0,1,3,0,0,0,0,3,1,1,0,0,18,4,3,1,0,27,0,1,23,24,0,0,0,0,0,0,0,0,0,0,0,0,0,0,0,0,1,1,0,0,8,1,1,0,0,10,0,0,10,10,0,0,0,0,0,0,0,0,0,0,0,0,0,0,0,0,0,0,0,0,1,0,0,0,0,1,0,0,1,1,0,0,0,0,0,0,0,0,0,0,0,0,0,0,0,0,0,0,0,0,0,0,0,0,0,0,0,0,0,0,0,0,0,0,0,0,0,0,0,0,0,0,0,0,0,0,0,0,0,0,0,0
midvale police department,1987-11-01,utah,11491,UT01801,0,0,1,1,0,0,0,0,4,3,0,0,1,9,0,0,0,0,9,22,18,1,3,69,11,7,3,1,116,0,5,102,107,0,0,0,0,0,0,0,0,0,0,3,0,0,0,0,3,0,0,0,0,9,1,1,0,0,13,0,0,10,10,0,0,0,0,0,0,0,0,0,0,0,0,0,0,0,0,0,0,0,0,1,0,0,0,0,1,0,0,1,1,0,0,0,0,0,0,0,0,0,0,0,0,0,0,0,0,0,0,0,0,0,0,0,0,0,0,0,0,0,0,0,0,0,0,0,0,0,0,0,0,0,0,0,0,0,0,0,0,0,0,0,0,0,0,0,0,0,0,0,0,0,0,0,0,0,0,0,0,0,0,0,0,0,0,0,0,0,0,0,0,0,0
midvale police department,1987-10-01,utah,11491,UT01801,0,0,1,0,0,0,0,0,3,2,0,0,1,12,0,1,0,1,10,16,13,2,1,70,7,5,2,0,109,2,5,94,99,0,0,0,0,0,0,0,0,0,0,0,0,0,0,0,0,0,0,0,0,0,0,0,0,0,1,0,0,1,1,0,0,0,0,0,0,0,0,0,0,0,0,0,0,0,0,0,0,0,0,0,0,0,0,0,0,0,0,0,0,0,0,0,0,0,0,0,0,0,0,0,0,0,0,0,0,0,0,0,0,0,0,0,0,0,0,0,0,0,0,0,0,0,0,0,0,0,0,1,0,1,0,1,0,0,0,0,0,0,0,0,1,0,1,0,1,0,0,0,0,0,0,0,0,0,0,0,0,0,0,0,0,0,0,0,0,0,0,0,0,0,0
midvale police department,1987-09-01,utah,11491,UT01801,0,0,0,0,0,0,0,0,1,1,0,0,0,5,0,0,0,0,5,19,17,1,1,78,2,2,0,0,105,0,1,99,100,0,0,0,0,0,1,1,0,0,0,3,0,0,0,0,3,1,1,0,0,21,0,0,0,0,26,0,1,22,23,0,0,0,0,0,0,0,0,0,0,0,0,0,0,0,0,0,0,0,0,10,0,0,0,0,10,0,0,10,10,0,0,0,0,0,0,0,0,0,0,0,0,0,0,0,0,0,0,0,0,2,0,0,0,0,2,0,0,2,2,0,0,0,0,0,0,0,0,0,0,0,0,0,0,0,0,0,0,0,0,0,0,0,0,0,0,0,0,0,0,0,0,0,0,0,0,0,0,0,0,0,0,0,0,0,0,0,0,0,0,0,0
midvale police department,1987-08-01,utah,11491,UT01801,0,0,1,0,0,1,1,0,0,0,0,0,0,13,0,0,0,2,11,30,26,2,2,97,5,5,0,0,146,2,3,132,135,0,0,0,0,0,0,0,0,0,0,9,0,0,0,1,8,18,14,4,0,24,5,4,0,1,56,1,1,47,48,0,0,0,0,0,0,0,0,0,0,1,0,0,0,0,1,1,1,0,0,3,2,2,0,0,7,0,0,6,6,0,0,0,0,0,0,0,0,0,0,0,0,0,0,0,0,0,0,0,0,0,0,0,0,0,0,0,0,0,0,0,0,0,0,0,0,0,0,0,0,0,0,0,0,0,0,0,0,0,0,0,0,0,0,0,0,0,0,0,0,0,0,0,0,0,0,0,0,0,0,0,0,0,0,0,0,0,0,0,0,0,0
midvale police department,1987-07-01,utah,11491,UT01801,0,0,1,0,0,1,1,0,1,0,0,0,1,12,1,0,0,1,10,14,14,0,0,89,5,2,3,0,122,2,4,108,112,0,0,1,1,0,0,0,0,0,0,9,1,0,1,1,6,0,0,0,0,16,0,0,0,0,26,3,4,16,20,0,0,0,0,0,0,0,0,0,0,0,0,0,0,0,0,0,0,0,0,5,0,0,0,0,5,0,0,5,5,0,0,0,0,0,0,0,0,0,0,0,0,0,0,0,0,0,0,0,0,1,0,0,0,0,1,0,0,1,1,0,0,0,0,0,0,0,0,0,0,0,0,0,0,0,0,0,0,0,0,0,0,0,0,0,0,0,0,0,0,0,0,0,0,0,0,0,0,0,0,0,0,0,0,0,0,0,0,0,0,0,0
midvale police department,1987-06-01,utah,11491,UT01801,0,0,1,0,0,0,0,0,2,1,1,0,0,14,0,1,0,0,13,14,8,6,0,70,7,3,1,3,107,1,3,91,94,0,0,0,0,0,0,0,0,0,0,3,0,1,0,0,2,4,2,2,0,16,2,1,0,1,25,1,1,22,23,0,0,0,0,0,0,0,0,0,0,3,0,1,0,0,2,3,1,2,0,3,0,0,0,0,9,1,1,6,7,0,0,0,0,0,0,0,0,0,0,0,0,0,0,0,0,0,0,0,0,0,0,0,0,0,0,0,0,0,0,0,0,0,0,0,0,0,0,0,0,0,0,0,0,0,0,0,0,0,0,0,0,0,0,0,0,0,0,0,0,0,0,0,0,0,0,0,0,0,0,0,0,0,0,0,0,0,0,0,0,0,0
midvale police department,1987-05-01,utah,11491,UT01801,0,0,0,0,0,0,0,0,1,0,1,0,0,13,0,1,0,1,11,12,7,3,2,58,1,0,1,0,85,2,3,71,74,0,0,0,0,0,0,0,0,0,0,9,0,1,0,0,8,1,1,0,0,3,1,0,1,0,14,1,1,5,6,0,0,0,0,0,0,0,0,0,0,3,0,1,0,0,2,1,1,0,0,1,0,0,0,0,5,1,1,2,3,0,0,0,0,0,0,0,0,0,0,0,0,0,0,0,0,0,0,0,0,0,0,0,0,0,0,0,0,0,0,0,0,0,0,0,0,0,0,0,0,0,0,0,0,0,0,0,0,0,0,0,0,0,0,0,0,0,0,0,0,0,0,0,0,0,0,0,0,0,0,0,0,0,0,0,0,0,0,0,0,0,0
midvale police department,1987-04-01,utah,11491,UT01801,0,0,0,1,0,2,2,0,0,0,0,0,0,9,0,1,0,0,8,16,10,6,0,77,4,4,0,0,109,1,4,97,101,1,0,0,0,0,0,0,0,0,0,8,1,1,0,0,6,8,4,4,0,14,2,2,0,0,33,2,3,24,27,1,0,0,0,0,0,0,0,0,0,2,0,0,0,0,2,0,0,0,0,2,0,0,0,0,5,0,1,2,3,0,0,0,0,0,0,0,0,0,0,2,0,0,0,0,2,0,0,0,0,0,0,0,0,0,2,0,0,0,0,0,0,0,0,0,0,0,0,0,0,0,0,0,0,0,0,0,0,0,0,0,0,0,0,0,0,0,0,0,0,0,0,0,0,0,0,0,0,0,0,0,0,0,0,0,0,0,0,0,0,0,0
midvale police department,1987-03-01,utah,11491,UT01801,0,0,0,0,0,0,0,0,1,1,0,0,0,22,0,1,1,1,19,12,6,6,0,81,3,2,0,1,119,3,4,96,100,0,0,0,0,0,1,1,0,0,0,14,0,0,0,1,13,4,2,2,0,22,2,1,0,1,43,1,2,28,30,0,0,0,0,0,0,0,0,0,0,0,0,0,0,0,0,2,2,0,0,7,1,1,0,0,10,0,0,10,10,0,0,0,0,0,0,0,0,0,0,0,0,0,0,0,0,0,0,0,0,0,0,0,0,0,0,0,0,0,0,0,0,0,0,0,0,0,0,0,0,0,0,0,0,0,0,0,0,0,0,0,0,0,0,0,0,0,0,0,0,0,0,0,0,0,0,0,0,0,0,0,0,0,0,0,0,0,0,0,0,0,0
midvale police department,1987-02-01,utah,11491,UT01801,0,0,0,0,0,0,0,0,2,2,0,0,0,14,0,3,0,0,11,19,14,1,4,50,1,1,0,0,86,3,5,70,75,0,0,0,0,0,0,0,0,0,0,14,0,1,0,0,13,2,2,0,0,19,0,0,0,0,35,1,1,21,22,0,0,0,0,0,0,0,0,0,0,0,0,0,0,0,0,1,1,0,0,1,0,0,0,0,2,0,0,2,2,0,0,1,1,0,0,0,0,0,0,0,0,0,0,0,0,0,0,0,0,1,0,0,0,0,2,0,1,1,2,0,0,0,0,0,0,0,0,0,0,0,0,0,0,0,0,0,0,0,0,0,0,0,0,0,0,0,0,0,0,0,0,0,0,0,0,0,0,0,0,0,0,0,0,0,0,0,0,0,0,0,0
midvale police department,1987-01-01,utah,11491,UT01801,0,0,0,0,0,2,2,0,0,0,0,0,0,11,0,0,0,0,11,14,12,2,0,56,6,6,0,0,89,0,2,76,78,0,0,1,1,0,0,0,0,0,0,10,0,0,0,0,10,0,0,0,0,20,1,1,0,0,32,0,1,21,22,0,0,0,0,0,0,0,0,0,0,1,0,0,0,0,1,0,0,0,0,3,0,0,0,0,4,0,0,3,3,0,0,0,0,0,0,0,0,0,0,0,0,0,0,0,0,0,0,0,0,1,0,0,0,0,1,0,0,1,1,0,0,0,0,0,0,0,0,0,0,0,0,0,0,0,0,0,0,0,0,0,0,0,0,0,0,0,0,0,0,0,0,0,0,0,0,0,0,0,0,0,0,0,0,0,0,0,0,0,0,0,0
midvale police department,1986-12-01,utah,11743,UT01801,0,0,0,0,0,0,0,0,0,0,0,0,0,14,1,3,2,0,8,13,12,1,0,71,8,6,2,0,106,6,6,92,98,0,0,0,0,0,0,0,0,0,0,9,0,2,1,0,6,2,1,1,0,12,1,1,0,0,24,3,3,15,18,0,0,0,0,0,0,0,0,0,0,0,0,0,0,0,0,0,0,0,0,3,1,1,0,0,4,0,0,4,4,0,0,0,0,0,0,0,0,0,0,1,0,0,0,0,1,0,0,0,0,0,0,0,0,0,1,0,0,0,0,0,0,0,0,0,0,0,0,0,0,0,0,0,0,0,0,0,0,0,0,0,0,0,0,0,0,0,0,0,0,0,0,0,0,0,0,0,0,0,0,0,0,0,0,0,0,0,0,0,0,0,0
midvale police department,1986-11-01,utah,11743,UT01801,0,0,0,0,0,1,1,0,0,0,0,0,0,11,0,0,2,0,9,18,12,4,2,58,8,5,1,2,96,2,3,84,87,0,0,0,0,0,0,0,0,0,0,6,0,0,2,0,4,1,1,0,0,16,2,1,0,1,25,2,2,19,21,0,0,0,0,0,0,0,0,0,0,2,0,0,1,0,1,0,0,0,0,3,0,0,0,0,5,1,1,3,4,0,0,0,0,0,0,0,0,0,0,0,0,0,0,0,0,0,0,0,0,0,0,0,0,0,0,0,0,0,0,0,0,0,0,0,0,0,0,0,0,0,0,0,0,0,0,0,0,0,0,0,0,0,0,0,0,0,0,0,0,0,0,0,0,0,0,0,0,0,0,0,0,0,0,0,0,0,0,0,0,0,0
midvale police department,1986-10-01,utah,11743,UT01801,0,0,0,0,0,1,1,0,1,1,0,0,0,10,0,1,3,6,0,12,8,3,1,54,6,5,1,0,84,10,12,72,84,0,0,1,1,0,0,0,0,0,0,6,0,1,2,0,3,3,0,0,3,13,1,1,0,0,24,3,4,17,21,0,0,1,1,0,0,0,0,0,0,2,0,0,1,0,1,0,0,0,0,9,0,0,0,0,12,1,2,9,11,0,0,0,0,0,0,0,0,0,0,0,0,0,0,0,0,0,0,0,0,0,0,0,0,0,0,0,0,0,0,0,0,0,0,0,0,0,0,0,0,0,0,0,0,0,0,0,0,0,0,0,0,0,0,0,0,0,0,0,0,0,0,0,0,0,0,0,0,0,0,0,0,0,0,0,0,0,0,0,0,0,0
midvale police department,1986-09-01,utah,11743,UT01801,0,0,0,0,0,0,0,0,2,0,0,0,2,10,0,0,0,0,10,9,7,1,1,52,4,4,0,0,77,0,2,65,67,0,0,0,0,0,0,0,0,0,0,9,1,0,0,0,8,5,4,0,1,21,5,5,0,0,40,1,1,31,32,0,0,0,0,0,0,0,0,0,0,2,0,0,0,0,2,1,0,0,1,2,0,0,0,0,5,0,0,3,3,0,0,0,0,0,0,0,0,0,0,0,0,0,0,0,0,0,0,0,0,1,0,0,0,0,1,0,0,1,1,0,0,0,0,0,0,0,0,0,0,0,0,0,0,0,0,0,0,0,0,0,0,0,0,0,0,0,0,0,0,0,0,0,0,0,0,0,0,0,0,0,0,0,0,0,0,0,0,0,0,0,0
midvale police department,1986-08-01,utah,11743,UT01801,0,0,0,0,0,0,0,0,2,2,0,0,0,17,1,0,2,1,13,19,15,2,2,67,2,1,0,1,107,4,6,88,94,0,0,0,0,0,2,1,0,0,1,15,0,0,1,1,13,5,1,2,2,25,6,4,2,0,53,2,4,36,40,0,0,0,0,0,1,0,0,0,1,1,0,0,1,0,0,2,1,1,0,4,0,0,0,0,8,1,2,6,8,0,0,0,0,0,0,0,0,0,0,0,0,0,0,0,0,1,0,1,0,1,2,1,1,0,4,0,0,4,4,0,0,0,0,0,0,0,0,0,0,0,0,0,0,0,0,0,0,0,0,0,0,0,0,0,0,0,0,0,0,0,0,0,0,0,0,0,0,0,0,0,0,0,0,0,0,0,0,0,0,0,0
midvale police department,1986-07-01,utah,11743,UT01801,0,0,0,0,0,1,1,0,2,2,0,0,0,21,0,2,3,0,16,13,3,6,4,56,8,5,2,1,101,5,8,77,85,0,0,1,1,0,0,0,0,0,0,17,0,2,3,0,12,1,1,0,0,10,2,1,1,0,31,5,6,13,19,0,0,1,1,0,0,0,0,0,0,3,0,0,0,0,3,0,0,0,0,4,0,0,0,0,8,0,1,4,5,0,0,0,0,0,0,0,0,0,0,0,0,0,0,0,0,0,0,0,0,0,1,1,0,0,1,0,0,1,1,0,0,0,0,0,0,0,0,0,0,0,0,0,0,0,0,0,0,0,0,0,0,0,0,0,0,0,0,0,0,0,0,0,0,0,0,0,0,0,0,0,0,0,0,0,0,0,0,0,0,0,0
midvale police department,1986-06-01,utah,11743,UT01801,0,0,0,1,0,1,1,0,0,0,0,0,0,17,0,0,1,1,15,11,6,2,3,57,4,2,2,0,91,2,4,72,76,1,0,0,0,0,0,0,0,0,0,10,0,0,0,0,10,2,1,0,1,11,2,2,0,0,26,0,1,15,16,1,0,0,0,0,0,0,0,0,0,0,0,0,0,0,0,0,0,0,0,4,0,0,0,0,5,0,1,4,5,0,0,0,0,0,0,0,0,0,0,0,0,0,0,0,0,0,0,0,0,0,0,0,0,0,0,0,0,0,0,0,0,0,0,0,0,0,0,0,0,0,0,0,0,0,0,0,0,0,0,0,0,0,0,0,0,0,0,0,0,0,0,0,0,0,0,0,0,0,0,0,0,0,0,0,0,0,0,0,0,0,0
midvale police department,1986-05-01,utah,11743,UT01801,0,0,0,0,0,2,2,0,0,0,0,0,0,18,0,3,0,0,15,9,9,0,0,79,2,2,0,0,110,3,5,90,95,0,0,0,0,0,0,0,0,0,0,1,0,0,0,0,1,1,1,0,0,18,2,2,0,0,22,0,0,21,21,0,0,0,0,0,0,0,0,0,0,1,0,0,0,0,1,0,0,0,0,6,1,1,0,0,8,0,0,7,7,0,0,0,0,0,0,0,0,0,0,0,0,0,0,0,0,0,0,0,0,0,0,0,0,0,0,0,0,0,0,0,0,0,0,0,0,0,0,0,0,0,0,0,0,0,0,0,0,0,0,0,0,0,0,0,0,0,0,0,0,0,0,0,0,0,0,0,0,0,0,0,0,0,0,0,0,0,0,0,0,0,0
midvale police department,1986-04-01,utah,11743,UT01801,0,0,0,0,0,0,0,0,1,0,0,0,1,9,0,0,0,1,8,13,8,3,2,73,2,2,0,0,98,1,2,88,90,0,0,0,0,0,1,0,0,0,1,9,2,0,0,2,5,4,3,1,0,19,0,0,0,0,33,4,5,23,28,0,0,0,0,0,0,0,0,0,0,3,0,0,0,0,3,0,0,0,0,8,0,0,0,0,11,0,0,8,8,0,0,0,0,0,0,0,0,0,0,0,0,0,0,0,0,0,0,0,0,0,0,0,0,0,0,0,0,0,0,0,0,0,0,0,0,0,0,0,0,0,0,0,0,0,0,0,0,0,0,0,0,0,0,0,0,0,0,0,0,0,0,0,0,0,0,0,0,0,0,0,0,0,0,0,0,0,0,0,0,0,0
midvale police department,1986-03-01,utah,11743,UT01801,0,0,1,0,0,1,0,1,1,0,0,0,1,12,1,0,1,2,8,17,10,5,2,64,2,2,0,0,97,4,6,83,89,0,0,0,0,0,0,0,0,0,0,12,2,0,1,2,7,1,1,0,0,20,2,2,0,0,35,5,5,23,28,0,0,0,0,0,0,0,0,0,0,1,0,0,1,0,0,1,1,0,0,3,0,0,0,0,5,1,1,4,5,0,0,0,0,0,0,0,0,0,0,0,0,0,0,0,0,0,0,0,0,0,1,1,0,0,1,0,0,1,1,0,0,0,0,0,0,0,0,0,0,0,0,0,0,0,0,0,0,0,0,0,0,0,0,0,0,0,0,0,0,0,0,0,0,0,0,0,0,0,0,0,0,0,0,0,0,0,0,0,0,0,0
midvale police department,1986-02-01,utah,11743,UT01801,0,0,0,0,0,0,0,0,0,0,0,0,0,13,1,0,0,2,10,14,2,11,1,52,-1,-1,0,0,78,3,3,65,68,0,0,0,0,0,0,0,0,0,0,10,0,0,0,1,9,7,5,2,0,19,3,3,0,0,39,1,1,29,30,0,0,0,0,0,0,0,0,0,0,2,0,0,0,0,2,2,2,0,0,6,0,0,0,0,10,0,0,8,8,0,0,0,0,0,0,0,0,0,0,1,0,0,0,0,1,0,0,0,0,0,2,2,0,0,3,0,0,2,2,0,0,0,0,0,0,0,0,0,0,0,0,0,0,0,0,0,0,0,0,0,0,0,0,0,0,0,0,0,0,0,0,0,0,0,0,0,0,0,0,0,0,0,0,0,0,0,0,0,0,0,0
midvale police department,1986-01-01,utah,11743,UT01801,0,0,0,0,0,0,0,0,1,1,0,0,0,7,1,1,1,1,3,15,9,5,1,63,5,4,1,0,91,4,5,83,88,0,0,0,0,0,1,1,0,0,0,4,0,1,1,1,1,6,3,3,0,18,0,0,0,0,29,3,4,24,28,0,0,0,0,0,0,0,0,0,0,1,0,1,0,0,0,2,1,1,0,8,0,0,0,0,11,1,1,10,11,0,0,0,0,0,0,0,0,0,0,0,0,0,0,0,0,0,0,0,0,0,0,0,0,0,0,0,0,0,0,0,0,0,0,0,0,0,0,0,0,0,0,0,0,0,0,0,0,0,0,0,0,0,0,0,0,0,0,0,0,0,0,0,0,0,0,0,0,0,0,0,0,0,0,0,0,0,0,0,0,0,0
midvale police department,1985-12-01,utah,11492,UT01801,0,0,1,0,0,0,0,0,0,0,0,0,0,13,1,1,1,3,7,22,10,11,1,66,4,4,0,0,106,6,6,93,99,1,0,0,0,0,0,0,0,0,0,9,1,1,1,2,4,2,1,0,1,25,1,0,1,0,38,5,6,28,34,0,0,0,0,0,0,0,0,0,0,2,1,1,0,0,0,1,0,0,1,10,0,0,0,0,13,2,2,11,13,0,0,0,0,0,1,1,0,0,0,0,0,0,0,0,0,0,0,0,0,0,0,0,0,0,1,0,1,0,1,0,0,1,0,0,0,0,1,0,0,0,0,1,0,0,0,0,0,0,0,0,0,0,0,0,0,0,0,0,0,0,0,0,0,0,0,0,0,0,0,0,0,0,0,0,0,0,0,0,0,0,0
midvale police department,1985-11-01,utah,11492,UT01801,0,0,0,0,0,0,0,0,3,3,0,0,0,13,0,1,1,1,10,10,8,2,0,53,4,3,1,0,83,3,6,67,73,0,0,0,0,0,0,0,0,0,0,13,0,1,2,1,9,5,3,2,0,25,1,1,0,0,44,4,4,31,35,0,0,0,0,0,0,0,0,0,0,5,0,1,1,1,2,1,0,1,0,3,0,0,0,0,9,3,3,4,7,0,0,0,0,0,0,0,0,0,0,0,0,0,0,0,0,0,0,0,0,0,0,0,0,0,0,0,0,0,0,0,0,0,0,0,0,0,0,0,0,0,0,0,0,0,0,0,0,0,0,0,0,0,0,0,0,0,0,0,0,0,0,0,0,0,0,0,0,0,0,0,0,0,0,0,0,0,0,0,0,0,0
midvale police department,1985-10-01,utah,11492,UT01801,0,0,1,1,0,0,0,0,1,1,0,0,0,15,1,1,3,1,9,23,16,7,0,89,3,2,1,0,133,6,8,116,124,0,0,0,0,0,1,1,0,0,0,13,1,1,3,1,7,2,2,0,0,27,1,1,0,0,44,6,7,30,37,0,0,0,0,0,0,0,0,0,0,2,0,0,1,0,1,1,1,0,0,12,0,0,0,0,15,1,1,13,14,0,0,0,0,0,0,0,0,0,0,0,0,0,0,0,0,0,0,0,0,2,0,0,0,0,2,0,0,2,2,0,0,0,0,0,0,0,0,1,0,1,0,1,0,0,0,0,0,0,0,0,0,0,0,0,0,0,0,0,0,0,0,0,0,0,0,0,0,0,0,0,0,0,0,0,0,0,0,0,0,0,0
midvale police department,1985-09-01,utah,11492,UT01801,0,0,0,0,0,0,0,0,0,0,0,0,0,19,0,1,2,1,15,19,7,11,1,62,4,1,2,1,104,4,4,85,89,0,0,0,0,0,0,0,0,0,0,3,1,1,0,0,1,3,2,1,0,14,5,4,1,0,25,2,2,22,24,0,0,0,0,0,0,0,0,0,0,1,0,1,0,0,0,0,0,0,0,5,0,0,0,0,6,1,1,5,6,0,0,0,0,0,0,0,0,0,0,1,0,0,0,0,1,0,0,0,0,0,1,1,0,0,2,0,0,1,1,0,0,0,0,0,0,0,0,0,0,0,0,0,0,0,0,0,0,0,0,0,0,0,0,0,0,0,0,0,0,0,0,0,0,0,0,0,0,0,0,0,0,0,0,0,0,0,0,0,0,0,0
midvale police department,1985-08-01,utah,11492,UT01801,0,0,0,0,0,0,0,0,0,0,0,0,0,24,1,5,3,5,10,25,12,12,1,75,4,3,0,1,128,14,14,104,118,0,0,0,0,0,0,0,0,0,0,19,0,5,3,6,5,6,4,2,0,10,3,3,0,0,38,14,14,19,33,0,0,0,0,0,0,0,0,0,0,2,0,0,0,0,2,2,0,2,0,7,0,0,0,0,11,0,0,9,9,0,0,0,0,0,0,0,0,0,0,0,0,0,0,0,0,1,1,0,0,6,1,1,0,0,8,0,0,8,8,0,0,0,0,0,0,0,0,0,0,0,0,0,0,0,0,0,0,0,0,0,0,0,0,0,0,0,0,0,0,0,0,0,0,0,0,0,0,0,0,0,0,0,0,0,0,0,0,0,0,0,0
midvale police department,1985-07-01,utah,11492,UT01801,0,0,0,0,0,0,0,0,0,0,0,0,0,21,0,2,3,8,8,26,9,14,3,78,2,3,0,-1,127,13,13,106,119,0,0,0,0,0,0,0,0,0,0,17,0,2,3,7,5,16,11,4,1,26,5,1,2,2,64,12,12,47,59,0,0,0,0,0,0,0,0,0,0,1,0,0,0,0,1,5,4,0,1,6,0,0,0,0,12,0,0,11,11,0,0,0,0,0,0,0,0,0,0,0,0,0,0,0,0,1,1,0,0,3,2,0,1,1,6,0,0,6,6,0,0,0,0,0,0,0,0,0,0,0,0,0,0,0,0,0,0,0,0,0,0,0,0,0,0,0,0,0,0,0,0,0,0,0,0,0,0,0,0,0,0,0,0,0,0,0,0,0,0,0,0
midvale police department,1985-06-01,utah,11492,UT01801,0,0,0,0,0,2,2,0,2,2,0,0,0,9,-1,2,1,4,3,20,10,9,1,64,5,2,1,2,102,6,10,89,99,0,0,2,2,0,0,0,0,0,0,10,1,2,1,4,2,7,5,2,0,9,4,1,1,2,32,8,10,20,30,0,0,1,1,0,0,0,0,0,0,0,0,0,0,0,0,1,1,0,0,2,1,0,0,1,5,0,1,4,5,0,0,0,0,0,0,0,0,0,0,1,1,0,0,0,0,1,1,0,0,0,0,0,0,0,2,1,1,1,2,0,0,0,0,0,0,0,0,0,0,0,0,0,0,0,0,0,0,0,0,0,0,0,0,0,0,0,0,0,0,0,0,0,0,0,0,0,0,0,0,0,0,0,0,0,0,0,0,0,0,0,0
midvale police department,1985-05-01,utah,11492,UT01801,0,0,1,0,0,2,2,0,1,1,0,0,0,23,3,1,1,6,12,26,14,8,4,56,2,1,1,0,114,11,14,88,102,0,0,0,0,0,0,0,0,0,0,14,1,2,0,4,7,4,3,1,0,6,2,1,1,0,30,7,7,16,23,0,0,0,0,0,0,0,0,0,0,4,1,0,0,0,3,1,0,1,0,5,1,0,1,0,15,1,1,11,12,0,0,0,0,0,0,0,0,0,0,0,0,0,0,0,0,0,0,0,0,1,1,0,0,1,2,0,0,2,2,0,1,3,0,0,0,0,4,0,0,0,0,4,0,1,3,0,0,0,0,4,0,0,0,0,4,0,1,3,0,0,0,0,4,0,0,0,0,4,0,0,0,0,0,0,0,0,0,0,0,0,0
midvale police department,1985-04-01,utah,11492,UT01801,0,0,0,0,0,0,0,0,0,0,0,0,0,12,1,1,1,2,7,17,12,3,2,57,5,4,0,1,93,5,5,81,86,0,0,0,0,0,0,0,0,0,0,8,0,1,0,2,5,3,1,0,2,6,4,3,0,1,22,3,3,14,17,0,0,0,0,0,0,0,0,0,0,6,0,0,0,1,5,2,1,0,1,3,1,1,0,0,13,1,1,7,8,0,0,0,0,0,0,0,0,0,0,0,0,0,0,0,0,0,0,0,0,0,2,2,0,0,2,0,0,2,2,1,0,0,0,0,0,0,1,1,0,1,0,2,1,0,0,0,0,0,0,1,0,0,0,0,1,1,0,0,0,0,0,0,1,0,0,0,0,1,0,0,0,0,0,0,0,0,0,0,0,0,0
midvale police department,1985-03-01,utah,11492,UT01801,0,0,0,0,0,0,0,0,2,2,0,0,0,16,0,4,1,6,5,10,6,4,0,38,7,6,0,1,73,11,13,55,68,0,0,0,0,0,0,0,0,0,0,13,1,3,0,5,4,4,4,0,0,16,2,2,0,0,35,9,9,22,31,0,0,0,0,0,0,0,0,0,0,2,0,1,0,0,1,0,0,0,0,4,1,1,0,0,7,1,1,5,6,0,0,0,0,0,0,0,0,0,0,0,0,0,0,0,0,0,0,0,0,1,0,0,0,0,1,0,0,1,1,0,0,0,0,0,0,0,0,0,0,0,0,0,0,0,0,0,0,0,0,0,0,0,0,0,0,0,0,0,0,0,0,0,0,0,0,0,0,0,0,0,0,0,0,0,0,0,0,0,0,0,0
midvale police department,1985-02-01,utah,11492,UT01801,0,0,0,0,0,1,1,0,3,1,0,0,2,20,2,4,2,5,7,17,12,5,0,30,3,2,1,0,74,13,17,50,67,0,0,1,1,0,1,0,0,0,1,16,0,4,3,5,4,2,1,1,0,14,2,2,0,0,36,12,14,18,32,0,0,0,0,0,1,0,0,0,1,3,0,1,1,0,1,0,0,0,0,4,0,0,0,0,8,2,3,4,7,0,0,0,0,0,0,0,0,0,0,0,0,0,0,0,0,0,0,0,0,0,1,1,0,0,1,0,0,1,1,0,0,0,0,0,0,0,0,0,0,0,0,0,0,0,0,0,0,0,0,0,0,0,0,0,0,0,0,0,0,0,0,0,0,0,0,0,0,0,0,0,0,0,0,0,0,0,0,0,0,0,0
midvale police department,1985-01-01,utah,11492,UT01801,0,0,0,0,1,1,1,0,0,0,0,0,0,10,0,0,1,0,9,16,10,6,0,31,2,2,0,0,62,1,2,50,52,0,0,0,0,0,0,0,0,0,0,8,0,0,3,0,5,13,9,4,0,13,1,1,0,0,35,3,3,27,30,0,0,0,0,0,0,0,0,0,0,1,0,0,0,0,1,3,3,0,0,3,0,0,0,0,7,0,0,6,6,0,0,0,0,0,0,0,0,0,0,0,0,0,0,0,0,3,2,1,0,1,0,0,0,0,4,0,0,4,4,0,0,0,0,0,0,0,0,0,0,0,1,1,0,0,0,0,0,0,0,0,0,0,0,0,0,0,0,0,0,0,0,0,0,0,0,0,0,0,0,0,0,0,0,0,0,0,0,0,0,0,0
midvale police department,1984-12-01,utah,11536,UT01801,0,0,0,0,0,0,0,0,4,2,0,0,2,16,0,3,2,1,10,12,10,2,0,48,0,0,0,0,80,6,10,60,70,0,0,0,0,0,2,1,1,0,0,12,0,2,4,2,4,0,0,0,0,10,4,4,0,0,28,8,10,14,24,0,0,0,0,0,0,0,0,0,0,5,0,1,0,0,4,0,0,0,0,6,0,0,0,0,11,1,1,6,7,0,0,0,0,0,0,0,0,0,0,0,0,0,0,0,0,0,0,0,0,0,0,0,0,0,0,0,0,0,0,0,0,0,0,0,0,0,0,0,0,0,0,0,0,0,0,0,0,0,0,0,0,0,0,0,0,0,0,0,0,0,0,0,0,0,0,0,0,0,0,0,0,0,0,0,0,0,0,0,0,0,0
midvale police department,1984-11-01,utah,11536,UT01801,0,0,0,0,0,0,0,0,2,2,0,0,0,14,2,1,0,2,9,16,9,5,2,42,3,3,0,0,77,5,7,61,68,0,0,0,0,0,0,0,0,0,0,4,2,0,0,0,2,3,1,2,0,8,0,0,0,0,15,2,2,11,13,0,0,0,0,0,0,0,0,0,0,0,0,0,0,0,0,0,0,0,0,7,0,0,0,0,7,0,0,7,7,0,0,0,0,0,0,0,0,0,0,0,0,0,0,0,0,0,0,0,0,0,2,2,0,0,2,0,0,2,2,0,0,0,0,0,0,0,0,0,0,0,0,0,0,0,0,0,0,0,0,0,0,0,0,0,0,0,0,0,0,0,0,0,0,0,0,0,0,0,0,0,0,0,0,0,0,0,0,0,0,0,0
midvale police department,1984-10-01,utah,11536,UT01801,0,0,1,0,0,0,0,0,1,1,0,0,0,15,0,0,2,4,9,19,16,3,0,43,7,6,1,0,85,6,7,69,76,0,0,0,0,0,0,0,0,0,0,8,0,0,0,3,5,9,7,2,0,7,1,1,0,0,25,3,3,17,20,0,0,0,0,0,0,0,0,0,0,1,0,0,0,0,1,5,4,1,0,3,0,0,0,0,9,0,0,8,8,0,0,0,0,0,0,0,0,0,0,0,0,0,0,0,0,1,1,0,0,0,0,0,0,0,1,0,0,1,1,0,0,0,0,0,0,0,0,0,0,0,0,0,0,0,0,0,0,0,0,0,0,0,0,0,0,0,0,0,0,0,0,0,0,0,0,0,0,0,0,0,0,0,0,0,0,0,0,0,0,0,0
midvale police department,1984-09-01,utah,11536,UT01801,0,0,1,0,0,0,0,0,0,0,0,0,0,8,0,0,1,2,5,15,8,6,1,41,7,4,2,1,72,3,3,64,67,0,0,0,0,0,0,0,0,0,0,7,0,1,0,2,4,0,0,0,0,11,5,3,2,0,23,3,3,16,19,0,0,0,0,0,0,0,0,0,0,0,0,0,0,0,0,0,0,0,0,1,0,0,0,0,1,0,0,1,1,0,0,0,0,0,0,0,0,0,0,0,0,0,0,0,0,0,0,0,0,0,0,0,0,0,0,0,0,0,0,0,0,1,0,0,0,0,1,0,0,0,0,1,0,0,0,0,0,0,0,0,0,0,0,0,0,0,0,0,0,0,0,0,0,0,0,0,0,0,0,0,0,0,0,0,0,0,0,0,0,0,0
midvale police department,1984-08-01,utah,11536,UT01801,0,0,0,0,0,0,0,0,0,0,0,0,0,16,0,1,1,1,13,14,12,2,0,23,5,2,1,2,58,3,3,42,45,0,0,0,0,0,0,0,0,0,0,10,1,1,0,3,5,8,6,2,0,16,4,1,0,3,38,5,5,28,33,0,0,0,0,0,0,0,0,0,0,2,0,0,0,0,2,1,0,1,0,1,0,0,0,0,4,0,0,2,2,0,0,0,0,0,0,0,0,0,0,0,0,0,0,0,0,0,0,0,0,1,1,1,0,0,2,0,0,2,2,0,0,0,0,0,0,0,0,0,0,0,0,0,0,0,0,0,0,0,0,0,0,0,0,0,0,0,0,0,0,0,0,0,0,0,0,0,0,0,0,0,0,0,0,0,0,0,0,0,0,0,0
midvale police department,1984-07-01,utah,11536,UT01801,0,0,0,0,0,0,0,0,0,0,0,0,0,7,0,2,1,0,4,10,8,2,0,47,4,2,0,2,68,3,3,61,64,0,0,0,0,0,0,0,0,0,0,7,0,0,2,2,3,5,5,0,0,10,2,1,0,1,24,4,4,17,21,0,0,0,0,0,0,0,0,0,0,3,0,0,1,1,1,0,0,0,0,0,1,0,0,1,4,2,2,1,3,0,0,0,0,0,0,0,0,0,0,0,0,0,0,0,0,0,0,0,0,0,0,0,0,0,0,0,0,0,0,0,0,0,0,0,0,0,0,0,0,0,0,0,0,0,0,0,0,0,0,0,0,0,0,0,0,0,0,0,0,0,0,0,0,0,0,0,0,0,0,0,0,0,0,0,0,0,0,0,0,0,0
midvale police department,1984-06-01,utah,11536,UT01801,0,0,1,0,0,0,0,0,0,0,0,0,0,12,2,1,1,4,4,11,7,3,1,32,1,1,0,0,56,8,8,44,52,0,0,0,0,0,0,0,0,0,0,8,1,0,2,1,4,5,1,1,3,20,3,2,0,1,36,4,4,28,32,0,0,0,0,0,0,0,0,0,0,1,0,0,0,0,1,1,0,1,0,6,1,1,0,0,9,0,0,8,8,0,0,0,0,0,0,0,0,0,0,0,0,0,0,0,0,0,0,0,0,0,0,0,0,0,0,0,0,0,0,0,0,0,0,0,0,0,0,0,0,0,0,0,0,0,0,0,0,0,0,0,0,0,0,0,0,0,0,0,0,0,0,0,0,0,0,0,0,0,0,0,0,0,0,0,0,0,0,0,0,0,0
midvale police department,1984-05-01,utah,11536,UT01801,0,0,0,0,0,0,0,0,0,0,0,0,0,10,0,2,1,1,6,11,9,2,0,40,8,4,1,3,69,4,4,59,63,0,0,0,0,0,0,0,0,0,0,6,0,1,1,2,2,1,0,1,0,0,1,1,0,0,8,4,4,2,6,0,0,0,0,0,0,0,0,0,0,0,0,0,0,0,0,1,0,1,0,0,0,0,0,0,1,0,0,1,1,0,0,0,0,0,0,0,0,0,0,0,0,0,0,0,0,0,0,0,0,0,0,0,0,0,0,0,0,0,0,0,0,0,0,0,0,0,0,0,0,0,0,0,0,0,0,0,0,0,0,0,0,0,0,0,0,0,0,0,0,0,0,0,0,0,0,0,0,0,0,0,0,0,0,0,0,0,0,0,0,0,0
midvale police department,1984-04-01,utah,11536,UT01801,0,0,1,0,0,0,0,0,1,1,0,0,0,4,0,0,1,1,2,13,8,5,0,28,5,2,3,0,51,2,3,46,49,0,0,0,0,0,0,0,0,0,0,4,0,0,2,0,2,4,2,2,0,9,4,2,2,0,21,2,2,17,19,0,0,0,0,0,0,0,0,0,0,0,0,0,0,0,0,3,1,2,0,0,0,0,0,0,3,0,0,3,3,0,0,0,0,0,0,0,0,0,0,0,0,0,0,0,0,0,0,0,0,1,0,0,0,0,1,0,0,1,1,0,0,0,0,0,0,0,0,0,0,0,0,0,0,0,0,0,0,0,0,0,0,0,0,0,0,0,0,0,0,0,0,0,0,0,0,0,0,0,0,0,0,0,0,0,0,0,0,0,0,0,0
midvale police department,1984-03-01,utah,11536,UT01801,0,0,0,1,0,0,0,0,1,0,0,0,1,2,0,0,0,0,2,11,3,5,3,33,3,2,1,0,51,0,2,47,49,1,0,0,0,0,0,0,0,0,0,4,0,0,0,0,4,1,0,1,0,7,2,1,1,0,15,0,1,10,11,1,0,0,0,0,0,0,0,0,0,1,0,0,0,0,1,0,0,0,0,3,0,0,0,0,5,0,1,3,4,0,0,0,0,0,0,0,0,0,0,0,0,0,0,0,0,0,0,0,0,0,0,0,0,0,0,0,0,0,0,0,0,0,0,0,0,0,0,0,0,0,0,0,0,0,0,0,0,0,0,0,0,0,0,0,0,0,0,0,0,0,0,0,0,0,0,0,0,0,0,0,0,0,0,0,0,0,0,0,0,0,0
midvale police department,1984-02-01,utah,11536,UT01801,0,0,0,0,0,1,1,0,0,0,0,0,0,7,1,0,0,2,4,4,1,3,0,26,1,1,0,0,39,3,4,31,35,0,0,1,1,0,3,2,0,0,1,3,0,0,0,0,3,4,2,2,0,9,5,5,0,0,25,0,4,18,22,0,0,0,0,0,0,0,0,0,0,2,0,0,0,0,2,0,0,0,0,2,0,0,0,0,4,0,0,2,2,0,0,0,0,0,0,0,0,0,0,0,0,0,0,0,0,0,0,0,0,0,1,1,0,0,1,0,0,1,1,0,0,0,0,0,0,0,0,0,0,0,0,0,0,0,0,0,0,0,0,0,0,0,0,0,0,0,0,0,0,0,0,0,0,0,0,0,0,0,0,0,0,0,0,0,0,0,0,0,0,0,0
midvale police department,1984-01-01,utah,11536,UT01801,0,0,3,0,0,0,0,0,3,2,0,0,1,4,0,0,1,1,2,12,7,5,0,31,3,3,0,0,54,2,5,47,52,0,0,0,0,0,0,0,0,0,0,0,0,0,0,0,0,0,0,0,0,0,0,0,0,0,0,0,0,0,0,0,0,0,0,0,0,0,0,0,0,0,0,0,0,0,0,0,0,0,0,0,0,0,0,0,0,0,0,0,0,0,0,0,0,0,0,0,0,0,0,0,0,0,0,0,0,0,0,0,0,0,0,0,0,0,0,0,0,0,0,0,0,0,0,0,0,0,0,1,0,1,0,1,0,0,0,0,0,0,0,0,0,0,0,0,0,0,0,0,0,0,0,0,0,0,0,0,0,0,0,0,0,0,0,0,0,0,0,0,0,0,0
midvale police department,1983-12-01,utah,11365,UT01801,0,0,0,0,0,0,0,0,1,1,0,0,0,8,1,0,0,0,7,10,7,3,0,34,6,6,0,0,59,1,2,50,52,0,0,0,0,0,0,0,0,0,0,5,2,1,0,0,2,1,0,1,0,15,2,2,0,0,23,3,3,18,21,0,0,0,0,0,0,0,0,0,0,0,0,0,0,0,0,0,0,0,0,1,0,0,0,0,1,0,0,1,1,0,0,0,0,0,0,0,0,0,0,0,0,0,0,0,0,0,0,0,0,0,0,0,0,0,0,0,0,0,0,0,0,0,0,0,0,0,0,0,0,0,0,0,0,0,0,0,0,0,0,0,0,0,0,0,0,0,0,0,0,0,0,0,0,0,0,0,0,0,0,0,0,0,0,0,0,0,0,0,0,0,0
midvale police department,1983-11-01,utah,11365,UT01801,0,0,0,0,0,0,0,0,1,0,0,0,1,5,1,1,0,2,1,6,4,2,0,36,5,1,2,2,54,4,5,48,53,0,0,0,0,0,2,0,1,0,1,8,2,1,0,1,4,1,1,0,0,20,1,0,1,0,33,4,6,23,29,0,0,0,0,0,0,0,0,0,0,0,0,0,0,0,0,0,0,0,0,5,1,0,1,0,6,0,0,6,6,0,0,0,0,0,0,0,0,0,0,0,0,0,0,0,0,0,0,0,0,0,0,0,0,0,0,0,0,0,0,0,0,0,0,0,0,0,0,1,0,1,0,1,0,0,0,0,0,0,0,0,1,0,1,0,1,0,0,0,0,0,0,0,0,0,0,0,0,0,0,0,0,0,0,0,0,0,0,0,0,0,0
midvale police department,1983-10-01,utah,11365,UT01801,0,0,0,0,0,0,0,0,3,1,1,0,1,4,0,1,0,2,1,15,7,6,2,34,5,3,1,1,61,3,6,54,60,0,0,0,0,0,1,1,0,0,0,4,0,0,1,1,2,0,0,0,0,5,0,0,0,0,10,2,3,5,8,0,0,0,0,0,0,0,0,0,0,0,0,0,0,0,0,0,0,0,0,2,0,0,0,0,2,0,0,2,2,0,0,0,0,0,0,0,0,0,0,0,0,0,0,0,0,0,0,0,0,0,0,0,0,0,0,0,0,0,0,0,0,0,0,0,0,0,0,0,0,0,0,0,0,0,0,0,0,0,0,0,0,0,0,0,0,0,0,0,0,0,0,0,0,0,0,0,0,0,0,0,0,0,0,0,0,0,0,0,0,0,0
midvale police department,1983-09-01,utah,11365,UT01801,0,0,0,0,0,0,0,0,0,0,0,0,0,10,0,2,2,3,3,6,3,3,0,38,2,1,1,0,57,7,7,47,54,0,0,0,0,0,0,0,0,0,0,6,0,2,1,1,2,4,4,0,0,14,1,1,0,0,25,4,4,19,23,0,0,0,0,0,0,0,0,0,0,0,0,0,0,0,0,1,1,0,0,2,0,0,0,0,3,0,0,3,3,1,0,0,0,0,0,0,0,0,0,0,0,0,0,0,0,0,0,0,0,0,0,0,0,0,1,0,1,0,1,0,0,1,0,0,0,0,1,0,0,0,0,1,0,0,0,0,0,0,0,0,0,0,0,0,0,0,0,0,0,0,0,0,0,0,0,0,0,0,0,0,0,0,0,0,0,0,0,0,0,0,0
midvale police department,1983-08-01,utah,11365,UT01801,0,0,1,0,0,0,0,0,0,0,0,0,0,8,0,1,0,2,5,11,7,4,0,39,1,1,0,0,59,3,3,51,54,0,0,0,0,0,0,0,0,0,0,4,0,0,0,0,4,3,1,2,0,18,0,0,0,0,25,0,0,21,21,0,0,0,0,0,0,0,0,0,0,0,0,0,0,0,0,1,0,1,0,6,0,0,0,0,7,0,0,7,7,0,0,0,0,0,0,0,0,0,0,0,0,0,0,0,0,0,0,0,0,0,1,1,0,0,1,0,0,1,1,0,0,0,0,0,0,0,0,0,0,0,0,0,0,0,0,0,0,0,0,0,0,0,0,0,0,0,0,0,0,0,0,0,0,0,0,0,0,0,0,0,0,0,0,0,0,0,0,0,0,0,0
midvale police department,1983-07-01,utah,11365,UT01801,0,0,0,0,0,0,0,0,0,0,0,0,0,6,0,0,1,0,5,13,6,7,0,47,1,1,0,0,67,1,1,61,62,0,0,0,0,0,0,0,0,0,0,4,0,0,0,0,4,1,1,0,0,11,0,0,0,0,16,0,0,12,12,0,0,0,0,0,0,0,0,0,0,0,0,0,0,0,0,0,0,0,0,5,0,0,0,0,5,0,0,5,5,0,0,0,0,0,0,0,0,0,0,0,0,0,0,0,0,0,0,0,0,0,0,0,0,0,0,0,0,0,0,0,0,0,0,0,0,0,0,0,0,0,0,0,0,0,0,0,0,0,0,0,0,0,0,0,0,0,0,0,0,0,0,0,0,0,0,0,0,0,0,0,0,0,0,0,0,0,0,0,0,0,0
midvale police department,1983-06-01,utah,11365,UT01801,0,0,0,0,0,1,1,0,0,0,0,0,0,8,1,1,0,1,5,21,12,8,1,50,2,2,0,0,82,3,4,73,77,0,0,0,0,0,0,0,0,0,0,4,0,0,0,1,3,5,3,2,0,11,0,0,0,0,20,1,1,16,17,0,0,0,0,0,0,0,0,0,0,0,0,0,0,0,0,1,1,0,0,2,0,0,0,0,3,0,0,3,3,0,0,0,0,0,0,0,0,0,0,0,0,0,0,0,0,0,0,0,0,0,0,0,0,0,0,0,0,0,0,0,0,0,0,0,0,0,0,0,0,0,0,0,0,0,0,0,0,0,0,0,0,0,0,0,0,0,0,0,0,0,0,0,0,0,0,0,0,0,0,0,0,0,0,0,0,0,0,0,0,0,0
midvale police department,1983-05-01,utah,11365,UT01801,0,0,0,0,0,0,0,0,0,0,0,0,0,2,0,0,0,0,2,14,10,4,0,41,2,0,1,1,59,0,0,57,57,0,0,0,0,0,0,0,0,0,0,0,0,0,0,0,0,2,1,1,0,9,0,0,0,0,11,0,0,11,11,0,0,0,0,0,0,0,0,0,0,0,0,0,0,0,0,1,1,0,0,4,0,0,0,0,5,0,0,5,5,0,0,0,0,0,0,0,0,0,0,0,0,0,0,0,0,0,0,0,0,0,0,0,0,0,0,0,0,0,0,0,0,0,0,0,0,0,0,0,0,0,0,0,0,0,0,0,0,0,0,0,0,0,0,0,0,0,0,0,0,0,0,0,0,0,0,0,0,0,0,0,0,0,0,0,0,0,0,0,0,0,0
midvale police department,1983-04-01,utah,11365,UT01801,0,0,1,0,0,0,0,0,0,0,0,0,0,6,0,0,0,1,5,13,11,1,1,42,3,1,1,1,65,1,1,59,60,0,0,0,0,0,0,0,0,0,0,4,0,0,0,0,4,0,0,0,0,14,0,0,0,0,19,0,0,15,15,0,0,0,0,0,0,0,0,0,0,1,0,0,0,0,1,0,0,0,0,5,0,0,0,0,6,0,0,5,5,0,0,0,0,0,0,0,0,0,0,0,0,0,0,0,0,0,0,0,0,0,0,0,0,0,0,0,0,0,0,1,0,0,0,0,0,0,1,0,0,0,0,1,1,0,0,0,0,0,0,1,0,0,0,0,1,0,0,0,0,0,0,0,0,0,0,0,0,0,0,0,0,0,0,0,0,0,0,0,0,0,0
midvale police department,1983-03-01,utah,11365,UT01801,0,0,0,0,0,0,0,0,1,1,0,0,0,5,0,2,0,1,2,14,10,3,1,47,0,0,0,0,67,3,4,61,65,0,0,0,0,0,0,0,0,0,0,8,0,3,0,0,5,5,4,1,0,26,0,0,0,0,39,3,3,31,34,0,0,0,0,0,0,0,0,0,0,4,0,2,0,0,2,5,4,1,0,10,0,0,0,0,19,2,2,15,17,0,0,0,0,0,0,0,0,0,0,0,0,0,0,0,0,1,1,0,0,0,0,0,0,0,1,0,0,1,1,0,0,0,0,0,0,0,0,0,0,0,0,0,0,0,0,0,0,0,0,0,0,0,0,0,0,0,0,0,0,0,0,0,0,0,0,0,0,0,0,0,0,0,0,0,0,0,0,0,0,0,0
midvale police department,1983-02-01,utah,11365,UT01801,0,0,0,0,0,0,0,0,0,0,0,0,0,9,1,2,0,4,2,11,7,3,1,25,3,2,0,1,48,7,7,39,46,0,0,0,0,0,1,1,0,0,0,3,1,0,0,1,1,4,3,1,0,8,2,0,1,1,18,2,3,14,17,0,0,0,0,0,0,0,0,0,0,0,0,0,0,0,0,1,1,0,0,1,0,0,0,0,2,0,0,2,2,0,0,0,0,0,0,0,0,0,0,0,0,0,0,0,0,0,0,0,0,0,0,0,0,0,0,0,0,0,0,0,0,0,0,0,0,0,0,0,0,0,0,0,0,0,0,0,0,0,0,0,0,0,0,0,0,0,0,0,0,0,0,0,0,0,0,0,0,0,0,0,0,0,0,0,0,0,0,0,0,0,0
midvale police department,1983-01-01,utah,11365,UT01801,0,0,0,0,0,0,0,0,0,0,0,0,0,1,0,0,0,0,1,16,12,2,2,37,4,1,2,1,58,0,0,57,57,0,0,0,0,0,1,1,0,0,0,0,0,0,0,0,0,8,6,2,0,8,0,0,0,0,17,0,1,16,17,0,0,0,0,0,0,0,0,0,0,0,0,0,0,0,0,5,5,0,0,1,0,0,0,0,6,0,0,6,6,0,0,0,0,0,0,0,0,0,0,0,0,0,0,0,0,0,0,0,0,0,0,0,0,0,0,0,0,0,0,0,0,0,0,0,0,0,0,0,0,0,0,0,0,0,0,0,0,0,0,0,0,0,0,0,0,0,0,0,0,0,0,0,0,0,0,0,0,0,0,0,0,0,0,0,0,0,0,0,0,0,0
midvale police department,1982-12-01,utah,10909,UT01801,0,0,0,0,0,0,0,0,0,0,0,0,0,5,0,1,0,3,1,15,8,7,0,38,2,2,0,0,60,4,4,55,59,0,0,0,0,0,0,0,0,0,0,5,1,0,2,0,2,5,2,3,0,9,5,5,0,0,24,3,3,19,22,0,0,0,0,0,0,0,0,0,0,0,0,0,0,0,0,2,1,1,0,3,0,0,0,0,5,0,0,5,5,0,0,0,0,0,0,0,0,0,0,0,0,0,0,0,0,0,0,0,0,0,0,0,0,0,0,0,0,0,0,0,0,0,0,0,0,0,0,0,0,0,0,0,0,0,0,0,0,0,0,0,0,0,0,0,0,0,0,0,0,0,0,0,0,0,0,0,0,0,0,0,0,0,0,0,0,0,0,0,0,0,0
midvale police department,1982-11-01,utah,10909,UT01801,0,0,0,0,0,0,0,0,0,0,0,0,0,2,0,0,0,2,0,11,8,3,0,47,3,3,0,0,63,2,2,61,63,0,0,0,0,0,0,0,0,0,0,0,0,0,0,0,0,4,0,4,0,6,0,0,0,0,10,0,0,10,10,0,0,0,0,0,0,0,0,0,0,0,0,0,0,0,0,0,0,0,0,4,0,0,0,0,4,0,0,4,4,0,0,0,0,0,0,0,0,0,0,0,0,0,0,0,0,0,0,0,0,0,0,0,0,0,0,0,0,0,0,0,0,0,0,0,0,0,0,0,0,0,0,0,0,0,0,0,0,0,0,0,0,0,0,0,0,0,0,0,0,0,0,0,0,0,0,0,0,0,0,0,0,0,0,0,0,0,0,0,0,0,0
midvale police department,1982-10-01,utah,10909,UT01801,0,0,0,0,0,0,0,0,2,1,0,0,1,5,0,0,2,0,3,18,7,8,3,46,1,1,0,0,72,2,4,65,69,0,0,0,0,0,1,0,0,0,1,5,0,0,1,2,2,2,0,1,1,5,1,1,0,0,14,3,4,8,12,0,0,0,0,0,0,0,0,0,0,0,0,0,0,0,0,0,0,0,0,0,0,0,0,0,0,0,0,0,0,0,0,0,0,0,0,0,0,0,0,0,0,0,0,0,0,0,0,0,0,0,0,0,0,0,0,0,0,0,0,0,0,0,0,0,0,0,0,0,0,0,0,0,0,0,0,0,0,0,0,0,0,0,0,0,0,0,0,0,0,0,0,0,0,0,0,0,0,0,0,0,0,0,0,0,0,0,0,0,0,0,0
midvale police department,1982-09-01,utah,10909,UT01801,0,0,0,0,0,1,1,0,1,1,0,0,0,6,0,0,0,2,4,13,8,4,1,45,8,3,4,1,74,2,4,66,70,0,0,0,0,0,4,3,0,0,1,3,0,0,0,1,2,0,0,0,0,4,1,0,0,1,12,1,5,5,10,0,0,0,0,0,1,0,0,0,1,1,0,0,0,0,1,0,0,0,0,0,1,0,0,1,3,0,1,1,2,0,0,0,0,0,0,0,0,0,0,0,0,0,0,0,0,0,0,0,0,0,0,0,0,0,0,0,0,0,0,0,0,0,0,0,0,0,0,0,0,0,0,0,0,0,0,0,0,0,0,0,0,0,0,0,0,0,0,0,0,0,0,0,0,0,0,0,0,0,0,0,0,0,0,0,0,0,0,0,0,0,0
midvale police department,1982-08-01,utah,10909,UT01801,0,0,1,1,0,0,0,0,4,1,1,0,2,12,2,1,0,6,3,12,5,6,1,39,3,3,0,0,71,9,14,54,68,1,0,0,0,0,0,0,0,0,0,10,1,2,1,3,3,0,0,0,0,2,0,0,0,0,13,7,8,2,10,0,0,0,0,0,0,0,0,0,0,2,0,1,0,0,1,0,0,0,0,0,0,0,0,0,2,1,1,0,1,0,0,0,0,0,0,0,0,0,0,0,0,0,0,0,0,0,0,0,0,0,0,0,0,0,0,0,0,0,0,0,0,0,0,0,0,0,0,0,0,0,0,0,0,0,0,0,0,0,0,0,0,0,0,0,0,0,0,0,0,0,0,0,0,0,0,0,0,0,0,0,0,0,0,0,0,0,0,0,0,0,0
midvale police department,1982-07-01,utah,10909,UT01801,0,0,0,0,0,0,0,0,1,1,0,0,0,7,0,1,1,0,5,8,5,3,0,51,5,1,4,0,72,2,3,64,67,0,0,0,0,0,0,0,0,0,0,3,0,0,0,0,3,0,0,0,0,12,0,0,0,0,15,0,0,12,12,0,0,0,0,0,0,0,0,0,0,0,0,0,0,0,0,0,0,0,0,3,0,0,0,0,3,0,0,3,3,0,0,0,0,0,0,0,0,0,0,0,0,0,0,0,0,0,0,0,0,0,0,0,0,0,0,0,0,0,0,0,0,0,0,0,0,0,0,0,0,0,0,0,0,0,0,0,0,0,0,0,0,0,0,0,0,0,0,0,0,0,0,0,0,0,0,0,0,0,0,0,0,0,0,0,0,0,0,0,0,0,0
midvale police department,1982-06-01,utah,10909,UT01801,0,0,0,0,0,0,0,0,0,0,0,0,0,5,1,2,0,2,0,10,4,6,0,41,5,2,3,0,62,5,5,57,62,0,0,0,0,0,0,0,0,0,0,5,2,1,0,1,1,3,3,0,0,1,2,0,2,0,11,4,4,6,10,0,0,0,0,0,0,0,0,0,0,2,2,0,0,0,0,0,0,0,0,1,0,0,0,0,3,2,2,1,3,0,0,0,0,0,0,0,0,0,0,0,0,0,0,0,0,0,0,0,0,0,0,0,0,0,0,0,0,0,0,0,0,1,0,0,0,0,1,0,0,0,0,1,0,0,0,0,0,0,0,0,0,0,0,0,0,0,0,0,0,0,0,0,0,0,0,0,0,0,0,0,0,0,0,0,0,0,0,0,0,0,0
midvale police department,1982-05-01,utah,10909,UT01801,0,0,0,0,0,0,0,0,0,0,0,0,0,7,1,1,1,4,0,16,13,3,0,46,4,4,0,0,73,7,7,66,73,0,0,0,0,0,0,0,0,0,0,6,0,1,0,5,0,13,13,0,0,16,1,1,0,0,36,6,6,30,36,0,0,0,0,0,0,0,0,0,0,0,0,0,0,0,0,3,3,0,0,6,1,1,0,0,10,0,0,10,10,0,0,0,0,0,0,0,0,0,0,0,0,0,0,0,0,0,0,0,0,0,0,0,0,0,0,0,0,0,0,0,0,0,0,0,0,0,0,0,0,0,0,0,0,0,0,0,0,0,0,0,0,0,0,0,0,0,0,0,0,0,0,0,0,0,0,0,0,0,0,0,0,0,0,0,0,0,0,0,0,0,0
midvale police department,1982-04-01,utah,10909,UT01801,0,0,0,0,0,0,0,0,1,1,0,0,0,11,0,1,0,9,1,22,13,7,2,44,3,2,1,0,81,10,11,69,80,0,0,0,0,0,0,0,0,0,0,7,0,1,0,5,1,1,1,0,0,13,3,2,1,0,24,6,6,17,23,0,0,0,0,0,0,0,0,0,0,0,0,0,0,0,0,1,1,0,0,2,2,1,1,0,5,0,0,5,5,0,0,0,0,0,0,0,0,0,0,0,0,0,0,0,0,0,0,0,0,0,0,0,0,0,0,0,0,0,0,0,0,0,0,0,0,0,0,0,0,0,0,0,0,0,0,0,0,0,0,0,0,0,0,0,0,0,0,0,0,0,0,0,0,0,0,0,0,0,0,0,0,0,0,0,0,0,0,0,0,0,0
midvale police department,1982-03-01,utah,10909,UT01801,0,0,1,0,0,1,1,0,1,0,0,0,1,6,0,1,0,5,0,23,12,9,2,53,3,1,1,1,90,6,8,82,90,0,0,1,1,0,2,1,0,0,1,7,0,0,0,6,1,13,7,4,2,30,3,1,1,1,59,6,9,49,58,0,0,0,0,0,0,0,0,0,0,1,0,0,0,0,1,0,0,0,0,3,1,0,0,1,5,0,0,4,4,0,0,0,0,0,0,0,0,0,0,0,0,0,0,0,0,0,0,0,0,0,0,0,0,0,0,0,0,0,0,0,0,0,0,0,0,0,0,3,0,3,0,3,0,0,0,0,0,0,0,0,3,0,3,0,3,0,0,0,0,0,0,0,0,0,0,0,0,0,0,0,0,0,0,0,0,0,0,0,0,0,0
midvale police department,1982-02-01,utah,10909,UT01801,0,0,0,0,0,0,0,0,3,1,1,0,1,8,1,2,0,2,3,21,16,4,1,45,4,1,3,0,81,5,8,70,78,0,0,0,0,0,0,0,0,0,0,5,1,0,0,2,2,7,3,3,1,7,3,1,2,0,22,3,3,17,20,0,0,0,0,0,0,0,0,0,0,0,0,0,0,0,0,1,0,1,0,1,0,0,0,0,2,0,0,2,2,0,0,0,0,0,0,0,0,0,0,0,0,0,0,0,0,0,0,0,0,0,0,0,0,0,0,0,0,0,0,0,0,0,0,0,0,0,0,0,0,0,0,0,0,0,0,0,0,0,0,0,0,0,0,0,0,0,0,0,0,0,0,0,0,0,0,0,0,0,0,0,0,0,0,0,0,0,0,0,0,0,0
midvale police department,1982-01-01,utah,10909,UT01801,0,0,0,0,0,0,0,0,4,4,0,0,0,2,0,0,0,2,0,9,6,3,0,30,1,0,1,0,46,2,6,40,46,0,0,0,0,0,1,1,0,0,0,2,0,0,0,2,0,4,3,1,0,14,1,0,1,0,22,2,3,19,22,0,0,0,0,0,0,0,0,0,0,0,0,0,0,0,0,0,0,0,0,5,1,0,1,0,6,0,0,6,6,0,0,0,0,0,0,0,0,0,0,0,0,0,0,0,0,0,0,0,0,0,0,0,0,0,0,0,0,0,0,0,0,0,0,0,0,0,0,0,0,0,0,0,0,0,0,0,0,0,0,0,0,0,0,0,0,0,0,0,0,0,0,0,0,0,0,0,0,0,0,0,0,0,0,0,0,0,0,0,0,0,0
midvale police department,1981-12-01,utah,10642,UT01801,0,0,0,0,0,0,0,0,3,1,1,0,1,7,2,1,0,2,2,22,12,9,1,61,3,3,0,0,97,5,8,87,95,0,0,0,0,0,1,0,1,0,0,10,2,1,1,3,3,7,4,3,0,20,2,2,0,0,40,7,8,29,37,0,0,0,0,0,0,0,0,0,0,1,0,1,0,0,0,0,0,0,0,0,0,0,0,0,1,1,1,0,1,0,0,0,0,0,0,0,0,0,0,0,0,0,0,0,0,0,0,0,0,0,0,0,0,0,0,0,0,0,0,0,0,0,0,0,0,0,0,1,0,1,0,1,0,0,0,0,0,0,0,0,0,0,0,0,0,0,0,0,0,0,0,0,0,0,0,0,0,0,0,0,0,0,0,0,0,0,0,0,0,0,0
midvale police department,1981-11-01,utah,10642,UT01801,0,0,0,0,0,1,1,0,1,1,0,0,0,8,1,0,1,4,2,13,10,3,0,43,6,4,2,0,72,6,8,62,70,0,0,1,1,0,1,1,0,0,0,6,0,0,1,3,2,23,18,4,1,14,2,2,0,0,47,4,6,39,45,0,0,0,0,0,0,0,0,0,0,1,0,0,0,0,1,7,5,2,0,1,0,0,0,0,9,0,0,8,8,0,0,0,0,0,0,0,0,0,0,0,0,0,0,0,0,0,0,0,0,0,0,0,0,0,0,0,0,0,0,0,0,0,0,0,0,0,0,0,0,0,0,0,0,0,0,0,0,0,0,0,0,0,0,0,0,0,0,0,0,0,0,0,0,0,0,0,0,0,0,0,0,0,0,0,0,0,0,0,0,0,0
midvale police department,1981-10-01,utah,10642,UT01801,0,0,0,0,0,0,0,0,2,2,0,0,0,5,0,0,1,2,2,12,8,3,1,42,4,2,2,0,65,3,5,58,63,0,0,0,0,0,3,2,0,0,1,6,0,0,1,3,2,7,5,2,0,16,4,2,2,0,36,4,7,27,34,0,0,0,0,0,1,0,0,0,1,1,0,0,0,0,1,1,1,0,0,1,0,0,0,0,4,0,1,2,3,0,0,0,0,0,0,0,0,0,0,0,0,0,0,0,0,0,0,0,0,0,0,0,0,0,0,0,0,0,0,0,0,0,0,0,0,0,0,0,0,0,0,0,0,0,0,0,0,0,0,0,0,0,0,0,0,0,0,0,0,0,0,0,0,0,0,0,0,0,0,0,0,0,0,0,0,0,0,0,0,0,0
midvale police department,1981-09-01,utah,10642,UT01801,0,0,0,0,0,0,0,0,1,0,0,0,1,12,1,1,1,6,3,24,15,7,2,43,5,4,1,0,86,9,10,73,83,0,0,0,0,0,0,0,0,0,0,10,0,1,1,6,2,15,10,5,0,16,3,2,1,0,44,8,8,34,42,0,0,0,0,0,0,0,0,0,0,2,0,0,0,0,2,6,4,2,0,5,0,0,0,0,13,0,0,11,11,0,0,0,0,0,0,0,0,0,0,0,0,0,0,0,0,0,0,0,0,0,0,0,0,0,0,0,0,0,0,0,0,1,0,0,0,0,1,0,0,0,0,1,0,0,0,0,0,0,0,0,0,0,0,0,0,0,0,0,0,0,0,0,0,0,0,0,0,0,0,0,0,0,0,0,0,0,0,0,0,0,0
midvale police department,1981-08-01,utah,10642,UT01801,0,0,0,0,0,0,0,0,2,2,0,0,0,8,2,0,2,2,2,17,10,5,2,72,8,8,0,0,107,6,8,97,105,0,0,0,0,0,0,0,0,0,0,8,2,0,2,2,2,7,5,2,0,26,6,6,0,0,47,6,6,39,45,0,0,0,0,0,0,0,0,0,0,0,0,0,0,0,0,0,0,0,0,5,0,0,0,0,5,0,0,5,5,0,0,0,0,0,0,0,0,0,0,0,0,0,0,0,0,0,0,0,0,0,0,0,0,0,0,0,0,0,0,0,0,0,0,0,0,0,0,0,0,0,0,0,0,0,0,0,0,0,0,0,0,0,0,0,0,0,0,0,0,0,0,0,0,0,0,0,0,0,0,0,0,0,0,0,0,0,0,0,0,0,0
midvale police department,1981-07-01,utah,10642,UT01801,0,0,0,0,0,0,0,0,1,1,0,0,0,6,0,0,3,2,1,18,12,6,0,72,3,3,0,0,101,5,6,94,100,0,0,0,0,0,0,0,0,0,0,6,0,0,3,2,1,4,3,1,0,20,3,3,0,0,34,5,5,28,33,0,0,0,0,0,0,0,0,0,0,0,0,0,0,0,0,0,0,0,0,6,0,0,0,0,6,0,0,6,6,0,0,0,0,0,0,0,0,0,0,0,0,0,0,0,0,0,0,0,0,0,0,0,0,0,0,0,0,0,0,1,0,0,0,0,0,0,1,0,0,0,0,1,1,0,0,0,0,0,0,1,0,0,0,0,1,0,0,0,0,0,0,0,0,0,0,0,0,0,0,0,0,0,0,0,0,0,0,0,0,0,0
midvale police department,1981-06-01,utah,10642,UT01801,0,0,0,0,0,0,0,0,3,2,0,1,0,10,0,1,0,9,0,23,16,7,0,58,8,3,0,5,102,10,13,89,102,0,0,0,0,0,0,0,0,0,0,9,0,0,0,9,0,9,7,2,0,20,6,2,1,3,44,9,9,35,44,0,0,0,0,0,0,0,0,0,0,0,0,0,0,0,0,0,0,0,0,3,0,0,0,0,3,0,0,3,3,0,0,0,0,0,0,0,0,0,0,0,0,0,0,0,0,0,0,0,0,0,0,0,0,0,0,0,0,0,0,0,0,0,0,0,0,0,0,0,0,0,0,0,0,0,0,0,0,0,0,0,0,0,0,0,0,0,0,0,0,0,0,0,0,0,0,0,0,0,0,0,0,0,0,0,0,0,0,0,0,0,0
midvale police department,1981-05-01,utah,10642,UT01801,0,0,0,1,0,0,0,0,0,0,0,0,0,15,1,2,2,2,8,22,14,8,0,62,4,1,2,1,105,7,8,89,97,1,0,0,0,0,0,0,0,0,0,15,1,2,2,2,8,5,3,2,0,21,3,1,1,1,46,7,8,30,38,0,0,0,0,0,0,0,0,0,0,2,0,0,0,0,2,1,1,0,0,0,0,0,0,0,3,0,0,1,1,0,0,0,0,0,0,0,0,0,0,0,0,0,0,0,0,0,0,0,0,0,0,0,0,0,0,0,0,0,0,0,0,0,0,1,0,0,1,0,0,0,0,1,0,0,0,0,1,0,0,1,0,0,0,0,1,0,0,0,0,0,0,0,0,0,0,0,0,0,0,0,0,0,0,0,0,0,0,0,0,0,0
midvale police department,1981-04-01,utah,10642,UT01801,0,0,1,0,0,2,2,0,0,0,0,0,0,9,0,0,1,5,3,29,20,7,2,74,4,3,0,1,118,6,8,107,115,0,0,2,2,0,0,0,0,0,0,7,0,0,1,4,2,4,2,2,0,23,2,2,0,0,38,5,7,29,36,0,0,0,0,0,0,0,0,0,0,1,0,0,0,1,0,0,0,0,0,1,0,0,0,0,2,1,1,1,2,0,0,0,0,0,0,0,0,0,0,0,0,0,0,0,0,0,0,0,0,0,0,0,0,0,0,0,0,0,0,0,0,0,0,0,0,0,0,0,0,0,0,0,0,0,0,0,0,0,0,0,0,0,0,0,0,0,0,0,0,0,0,0,0,0,0,0,0,0,0,0,0,0,0,0,0,0,0,0,0,0,0
midvale police department,1981-03-01,utah,10642,UT01801,0,0,0,0,0,1,1,0,4,3,0,0,1,15,3,0,3,6,3,19,15,4,0,79,4,3,0,1,123,12,17,103,120,0,0,1,1,0,3,2,0,0,1,15,3,0,3,6,3,2,1,1,0,31,3,3,0,0,55,12,16,36,52,0,0,0,0,0,0,0,0,0,0,0,0,0,0,0,0,0,0,0,0,5,0,0,0,0,5,0,0,5,5,0,0,0,0,0,0,0,0,0,0,0,0,0,0,0,0,0,0,0,0,0,0,0,0,0,0,0,0,0,0,0,0,0,0,1,0,0,1,0,0,0,0,1,0,0,0,0,0,0,0,0,0,0,0,0,0,0,0,0,0,0,0,0,0,0,0,0,0,0,0,0,0,0,0,0,0,0,0,0,0,0,0
midvale police department,1981-02-01,utah,10642,UT01801,0,0,0,0,0,0,0,0,1,0,0,0,1,8,0,1,1,5,1,22,14,8,0,84,8,6,1,1,123,7,8,114,122,0,0,0,0,0,0,0,0,0,0,8,0,1,1,5,1,8,6,2,0,38,8,6,1,1,62,7,7,54,61,0,0,0,0,0,0,0,0,0,0,0,0,0,0,0,0,3,3,0,0,15,0,0,0,0,18,0,0,18,18,0,0,0,0,0,0,0,0,0,0,0,0,0,0,0,0,0,0,0,0,0,0,0,0,0,0,0,0,0,0,0,0,0,0,0,0,0,0,0,0,0,0,0,0,0,0,0,0,0,0,0,0,0,0,0,0,0,0,0,0,0,0,0,0,0,0,0,0,0,0,0,0,0,0,0,0,0,0,0,0,0,0
midvale police department,1981-01-01,utah,10642,UT01801,0,0,0,0,0,1,1,0,2,2,0,0,0,7,1,0,2,3,1,29,18,10,1,69,3,2,1,0,111,6,9,101,110,0,0,1,1,0,0,0,0,0,0,6,1,0,2,3,0,4,1,3,0,16,2,1,1,0,29,6,7,22,29,0,0,0,0,0,0,0,0,0,0,0,0,0,0,0,0,2,1,1,0,3,0,0,0,0,5,0,0,5,5,0,0,0,0,0,0,0,0,0,0,0,0,0,0,0,0,0,0,0,0,0,0,0,0,0,0,0,0,0,0,0,0,0,0,0,0,0,0,0,0,0,0,0,0,0,0,0,0,0,0,0,0,0,0,0,0,0,0,0,0,0,0,0,0,0,0,0,0,0,0,0,0,0,0,0,0,0,0,0,0,0,0
midvale police department,1980-12-01,utah,10240,UT01801,0,0,0,0,0,0,0,0,1,1,0,0,0,5,1,0,0,2,2,32,23,8,1,75,4,3,0,1,117,3,4,111,115,0,0,0,0,0,0,0,0,0,0,5,1,0,0,2,2,4,3,1,0,14,4,3,1,0,27,3,3,22,25,0,0,0,0,0,0,0,0,0,0,0,0,0,0,0,0,1,0,1,0,4,0,0,0,0,5,0,0,5,5,0,0,0,0,0,0,0,0,0,0,0,0,0,0,0,0,0,0,0,0,0,0,0,0,0,0,0,0,0,0,0,0,0,0,0,0,0,0,0,0,0,0,0,0,0,0,0,0,0,0,0,0,0,0,0,0,0,0,0,0,0,0,0,0,0,0,0,0,0,0,0,0,0,0,0,0,0,0,0,0,0,0
midvale police department,1980-11-01,utah,10240,UT01801,0,0,0,0,0,0,0,0,1,1,0,0,0,6,1,0,1,1,3,16,11,5,0,44,8,7,0,1,75,3,4,68,72,0,0,0,0,0,1,1,0,0,0,6,1,0,1,1,3,2,1,1,0,15,9,9,0,0,33,3,4,26,30,0,0,0,0,0,0,0,0,0,0,0,0,0,0,0,0,1,1,0,0,7,1,1,0,0,9,0,0,9,9,0,0,0,0,0,0,0,0,0,0,0,0,0,0,0,0,0,0,0,0,0,0,0,0,0,0,0,0,0,0,0,0,0,0,0,0,0,0,0,0,0,0,0,0,0,0,0,0,0,0,0,0,0,0,0,0,0,0,0,0,0,0,0,0,0,0,0,0,0,0,0,0,0,0,0,0,0,0,0,0,0,0
midvale police department,1980-10-01,utah,10240,UT01801,0,0,0,0,0,0,0,0,1,1,0,0,0,9,1,1,1,2,4,26,16,9,1,56,3,1,1,1,95,5,6,85,91,0,0,0,0,0,0,0,0,0,0,8,1,1,1,1,4,1,0,1,0,7,2,1,1,0,18,4,4,10,14,0,0,0,0,0,0,0,0,0,0,1,0,0,0,1,0,0,0,0,0,1,0,0,0,0,2,1,1,1,2,0,0,0,0,0,0,0,0,0,0,0,0,0,0,0,0,0,0,0,0,0,0,0,0,0,0,0,0,0,0,0,0,0,0,0,0,0,0,0,0,0,0,0,0,0,0,0,0,0,0,0,0,0,0,0,0,0,0,0,0,0,0,0,0,0,0,0,0,0,0,0,0,0,0,0,0,0,0,0,0,0,0
midvale police department,1980-09-01,utah,10240,UT01801,0,0,1,0,0,0,0,0,0,0,0,0,0,5,0,1,0,3,1,20,13,7,0,46,8,7,1,0,81,4,4,76,80,0,0,0,0,0,0,0,0,0,0,3,0,0,0,3,0,4,3,1,0,10,5,5,0,0,22,3,3,19,22,0,0,0,0,0,0,0,0,0,0,0,0,0,0,0,0,2,2,0,0,2,0,0,0,0,4,0,0,4,4,0,0,0,0,0,0,0,0,0,0,0,0,0,0,0,0,0,0,0,0,0,0,0,0,0,0,0,0,0,0,0,2,0,0,0,0,0,2,0,0,0,0,2,0,0,0,0,0,0,0,0,0,0,0,0,0,0,0,0,0,0,0,0,0,0,0,0,0,0,0,0,0,0,0,0,0,0,0,0,0,0,0
midvale police department,1980-08-01,utah,10240,UT01801,0,0,0,0,0,0,0,0,1,1,0,0,0,8,1,0,1,2,4,28,16,11,1,77,9,4,3,2,124,4,5,115,120,0,0,0,0,0,0,0,0,0,0,8,1,0,1,2,4,3,2,1,0,22,6,3,3,0,39,4,4,31,35,0,0,0,0,0,0,0,0,0,0,1,0,0,0,0,1,0,0,0,0,7,0,0,0,0,8,0,0,7,7,0,0,0,0,0,0,0,0,0,0,0,0,0,0,0,0,0,0,0,0,0,0,0,0,0,0,0,0,0,0,0,0,0,0,0,0,0,0,0,0,0,1,1,0,0,0,0,0,0,0,0,0,0,0,0,0,0,0,0,0,0,0,0,0,0,0,0,0,0,0,0,0,0,0,0,0,0,0,0,0,0,0
midvale police department,1980-07-01,utah,10240,UT01801,0,0,0,0,0,0,0,0,0,0,0,0,0,17,0,4,3,1,9,20,12,8,0,70,6,4,2,0,114,8,8,97,105,0,0,0,0,0,0,0,0,0,0,10,0,2,1,0,7,5,3,2,0,17,5,3,2,0,38,3,3,28,31,0,0,0,0,0,0,0,0,0,0,0,0,0,0,0,0,3,2,1,0,4,1,1,0,0,9,0,0,9,9,0,0,0,0,0,0,0,0,0,0,0,0,0,0,0,0,0,0,0,0,0,0,0,0,0,0,0,0,0,0,0,0,0,0,0,0,0,0,0,0,0,1,1,0,0,0,0,0,0,0,0,0,0,0,1,1,0,0,0,0,0,0,0,0,0,0,0,1,1,0,0,0,0,0,0,0,0,0,0,0,0,0
midvale police department,1980-06-01,utah,10240,UT01801,0,0,0,0,0,0,0,0,2,2,0,0,0,6,0,0,1,5,0,14,5,9,0,66,8,5,1,2,96,6,8,88,96,0,0,0,0,0,1,1,0,0,0,5,0,0,1,4,0,1,0,1,0,22,5,3,1,1,34,5,6,28,34,0,0,0,0,0,0,0,0,0,0,0,0,0,0,0,0,1,0,1,0,9,0,0,0,0,10,0,0,10,10,0,0,0,0,0,0,0,0,0,0,0,0,0,0,0,0,0,0,0,0,0,0,0,0,0,0,0,0,0,0,0,0,0,0,0,0,0,0,0,0,0,0,0,0,0,0,0,0,0,0,0,0,0,0,0,0,0,0,0,0,0,0,0,0,0,0,0,0,0,0,0,0,0,0,0,0,0,0,0,0,0,0
midvale police department,1980-05-01,utah,10240,UT01801,0,0,0,0,0,0,0,0,2,2,0,0,0,6,0,0,2,1,3,22,14,7,1,58,4,2,0,2,92,3,5,84,89,0,0,0,0,0,0,0,0,0,0,5,0,0,1,1,3,2,1,1,0,13,2,1,0,1,22,2,2,17,19,0,0,0,0,0,0,0,0,0,0,0,0,0,0,0,0,1,0,1,0,6,1,1,0,0,8,0,0,8,8,0,0,0,0,0,0,0,0,0,0,0,0,0,0,0,0,0,0,0,0,0,0,0,0,0,0,0,0,0,0,0,0,0,0,0,0,0,0,0,0,0,0,0,0,0,0,0,0,0,0,0,0,0,0,0,0,0,0,0,0,0,0,0,0,0,0,0,0,0,0,0,0,0,0,0,0,0,0,0,0,0,0
midvale police department,1980-04-01,utah,10240,UT01801,0,0,0,0,0,0,0,0,5,4,0,1,0,18,0,1,4,4,9,14,7,5,2,72,6,5,0,1,117,9,14,94,108,0,0,0,0,0,3,2,0,1,0,16,0,1,3,3,9,4,2,2,0,25,4,4,0,0,54,7,10,35,45,0,0,0,0,0,1,1,0,0,0,1,0,0,1,0,0,1,1,0,0,6,0,0,0,0,11,1,2,9,11,0,0,0,0,0,0,0,0,0,0,0,0,0,0,0,0,0,0,0,0,0,0,0,0,0,0,0,0,0,0,2,0,0,0,0,0,0,2,0,0,0,0,2,2,0,0,0,0,0,0,2,0,0,0,0,2,2,0,0,0,0,0,0,2,0,0,0,0,2,0,0,0,0,0,0,0,0,0,0,0,0,0
midvale police department,1980-03-01,utah,10240,UT01801,0,0,0,0,0,0,0,0,1,1,0,0,0,7,1,0,0,2,4,23,14,7,2,65,4,1,2,1,100,3,4,92,96,0,0,0,0,0,0,0,0,0,0,6,1,0,0,2,3,7,4,3,0,20,3,2,1,0,36,3,3,30,33,0,0,0,0,0,0,0,0,0,0,0,0,0,0,0,0,2,1,1,0,6,1,0,1,0,9,0,0,9,9,0,0,0,0,0,0,0,0,0,0,0,0,0,0,0,0,0,0,0,0,0,0,0,0,0,0,0,0,0,0,0,0,0,0,0,0,0,0,0,0,0,0,0,0,0,0,0,0,0,0,0,0,0,0,0,0,0,0,0,0,0,0,0,0,0,0,0,0,0,0,0,0,0,0,0,0,0,0,0,0,0,0
midvale police department,1980-02-01,utah,10240,UT01801,0,0,0,0,0,0,0,0,1,1,0,0,0,6,2,0,0,1,3,17,7,9,1,58,3,0,3,0,85,3,4,78,82,0,0,0,0,0,0,0,0,0,0,4,0,0,0,1,3,0,0,0,0,11,1,0,1,0,16,1,1,12,13,0,0,0,0,0,0,0,0,0,0,0,0,0,0,0,0,0,0,0,0,4,0,0,0,0,4,0,0,4,4,0,0,0,0,0,0,0,0,0,0,0,0,0,0,0,0,0,0,0,0,0,0,0,0,0,0,0,0,0,0,0,0,0,0,0,0,0,0,0,0,0,0,0,0,0,0,0,0,0,0,0,0,0,0,0,0,0,0,0,0,0,0,0,0,0,0,0,0,0,0,0,0,0,0,0,0,0,0,0,0,0,0
midvale police department,1980-01-01,utah,10240,UT01801,0,0,0,0,0,0,0,0,2,2,0,0,0,10,1,0,0,1,8,13,8,4,1,69,6,6,0,0,100,2,4,88,92,0,0,0,0,0,0,0,0,0,0,6,1,0,0,1,4,2,1,1,0,16,4,4,0,0,28,2,2,22,24,0,0,0,0,0,0,0,0,0,0,0,0,0,0,0,0,0,0,0,0,4,1,1,0,0,5,0,0,5,5,0,0,0,0,0,0,0,0,0,0,0,0,0,0,0,0,0,0,0,0,0,0,0,0,0,0,0,0,0,0,0,0,0,0,0,0,0,0,0,0,0,0,0,0,0,0,0,0,0,0,0,0,0,0,0,0,0,0,0,0,0,0,0,0,0,0,0,0,0,0,0,0,0,0,0,0,0,0,0,0,0,0
midvale police department,1979-12-01,utah,9170,UT01801,0,0,0,0,0,0,0,0,0,0,0,0,0,10,3,0,1,1,5,25,19,4,2,60,4,2,1,1,99,5,5,89,94,0,0,0,0,0,0,0,0,0,0,1,0,0,1,0,0,3,2,1,0,15,2,1,1,0,21,1,1,20,21,0,0,0,0,0,0,0,0,0,0,0,0,0,0,0,0,0,0,0,0,6,1,1,0,0,7,0,0,7,7,0,0,0,0,0,0,0,0,0,0,0,0,0,0,0,0,0,0,0,0,0,0,0,0,0,0,0,0,0,0,0,0,0,0,0,0,0,0,0,0,0,0,0,0,0,0,0,0,0,0,0,0,0,0,0,0,0,0,0,0,0,0,0,0,0,0,0,0,0,0,0,0,0,0,0,0,0,0,0,0,0,0
midvale police department,1979-11-01,utah,9170,UT01801,0,0,0,0,0,2,2,0,0,0,0,0,0,0,0,0,0,0,0,11,7,3,1,72,7,4,3,0,92,0,2,90,92,0,0,2,2,0,0,0,0,0,0,0,0,0,0,0,0,1,1,0,0,21,7,4,3,0,31,0,2,29,31,0,0,0,0,0,0,0,0,0,0,0,0,0,0,0,0,0,0,0,0,9,2,1,1,0,11,0,0,11,11,0,0,0,0,0,0,0,0,0,0,0,0,0,0,0,0,0,0,0,0,0,0,0,0,0,0,0,0,0,0,0,0,0,0,0,0,0,0,0,0,0,0,0,0,0,0,0,0,0,0,0,0,0,0,0,0,0,0,0,0,0,0,0,0,0,0,0,0,0,0,0,0,0,0,0,0,0,0,0,0,0,0
midvale police department,1979-10-01,utah,9170,UT01801,0,0,0,0,0,1,0,1,0,0,0,0,0,7,0,0,1,0,6,17,7,7,3,67,5,3,1,1,98,1,2,90,92,0,0,1,0,1,0,0,0,0,0,4,0,0,0,0,4,5,4,1,0,17,4,3,1,0,32,0,1,27,28,0,0,1,0,1,0,0,0,0,0,1,0,0,0,0,1,4,3,1,0,6,1,1,0,0,14,0,1,12,13,0,0,0,0,0,0,0,0,0,0,0,0,0,0,0,0,0,0,0,0,0,0,0,0,0,0,0,0,0,0,0,1,0,0,0,0,0,1,0,0,0,0,1,0,1,0,0,0,0,0,1,0,0,0,0,1,0,1,0,0,0,0,0,1,0,0,0,0,1,0,0,0,0,0,0,0,0,0,0,0,0,0
midvale police department,1979-09-01,utah,9170,UT01801,0,0,0,0,0,0,0,0,1,0,0,0,1,12,0,0,2,1,9,7,4,2,1,75,8,4,1,3,103,3,4,90,94,0,0,0,0,0,0,0,0,0,0,10,0,0,1,0,9,0,0,0,0,15,7,3,1,3,32,1,1,22,23,0,0,0,0,0,0,0,0,0,0,2,0,0,1,0,1,0,0,0,0,5,1,0,0,1,8,1,1,6,7,0,0,0,0,0,0,0,0,0,0,0,0,0,0,0,0,0,0,0,0,0,0,0,0,0,0,0,0,0,0,0,0,0,0,0,0,0,0,0,0,0,0,0,0,0,0,0,0,0,0,0,0,0,0,0,0,0,0,0,0,0,0,0,0,0,0,0,0,0,0,0,0,0,0,0,0,0,0,0,0,0,0
midvale police department,1979-08-01,utah,9170,UT01801,0,0,0,0,0,0,0,0,0,0,0,0,0,5,0,2,0,1,2,21,12,4,5,68,8,7,1,0,102,3,3,97,100,0,0,0,0,0,0,0,0,0,0,2,0,0,0,0,2,3,1,1,1,11,7,7,0,0,23,0,0,21,21,0,0,0,0,0,0,0,0,0,0,0,0,0,0,0,0,2,1,0,1,9,0,0,0,0,11,0,0,11,11,0,0,0,0,0,0,0,0,0,0,0,0,0,0,0,0,0,0,0,0,0,0,0,0,0,0,0,0,0,0,0,0,0,0,0,0,0,0,0,0,0,0,0,0,0,0,0,0,0,0,0,0,0,0,0,0,0,0,0,0,0,0,0,0,0,0,0,0,0,0,0,0,0,0,0,0,0,0,0,0,0,0
midvale police department,1979-07-01,utah,9170,UT01801,0,0,1,0,0,0,0,0,1,1,0,0,0,10,0,2,2,2,4,19,12,5,2,64,7,2,2,3,101,6,7,90,97,0,0,0,0,0,0,0,0,0,0,9,0,2,2,2,3,1,0,0,1,21,4,0,1,3,35,6,6,26,32,0,0,0,0,0,0,0,0,0,0,1,0,0,0,0,1,0,0,0,0,6,2,0,0,2,9,0,0,8,8,0,0,0,0,0,0,0,0,0,0,0,0,0,0,0,0,0,0,0,0,0,0,0,0,0,0,0,0,0,0,0,0,0,0,0,0,0,0,0,0,0,0,0,0,0,0,0,0,0,0,0,0,0,0,0,0,0,0,0,0,0,0,0,0,0,0,0,0,0,0,0,0,0,0,0,0,0,0,0,0,0,0
midvale police department,1979-06-01,utah,9170,UT01801,0,0,1,0,0,1,1,0,0,0,0,0,0,2,0,0,0,1,1,21,10,7,4,57,2,1,0,1,83,1,2,80,82,0,0,0,0,0,0,0,0,0,0,1,0,0,0,1,0,2,1,1,0,8,2,1,0,1,13,1,1,12,13,0,0,0,0,0,0,0,0,0,0,1,0,0,0,1,0,0,0,0,0,2,0,0,0,0,3,1,1,2,3,0,0,0,0,0,0,0,0,0,0,0,0,0,0,0,0,0,0,0,0,0,0,0,0,0,0,0,0,0,0,0,0,0,0,0,0,0,0,0,0,0,0,0,0,0,0,0,0,0,0,0,0,0,0,0,0,0,0,0,0,0,0,0,0,0,0,0,0,0,0,0,0,0,0,0,0,0,0,0,0,0,0
midvale police department,1979-05-01,utah,9170,UT01801,0,0,0,0,0,0,0,0,0,0,0,0,0,6,1,0,0,0,5,19,12,7,0,43,5,3,1,1,73,1,1,67,68,0,0,0,0,0,0,0,0,0,0,3,0,0,0,0,3,2,2,0,0,15,5,3,1,1,25,0,0,22,22,0,0,0,0,0,0,0,0,0,0,0,0,0,0,0,0,0,0,0,0,7,1,0,1,0,8,0,0,8,8,0,0,0,0,0,0,0,0,0,0,0,0,0,0,0,0,0,0,0,0,0,0,0,0,0,0,0,0,0,0,0,0,0,0,0,0,0,0,0,0,0,0,0,0,0,0,0,0,0,0,0,0,0,0,0,0,0,0,0,0,0,0,0,0,0,0,0,0,0,0,0,0,0,0,0,0,0,0,0,0,0,0
midvale police department,1979-04-01,utah,9170,UT01801,0,0,2,0,0,1,1,0,3,1,0,0,2,10,1,0,1,0,8,12,9,3,0,37,2,0,0,2,65,2,6,51,57,0,0,0,0,0,1,0,0,0,1,6,0,0,1,0,5,0,0,0,0,5,1,0,0,1,13,1,2,6,8,0,0,0,0,0,0,0,0,0,0,0,0,0,0,0,0,0,0,0,0,3,1,0,0,1,4,0,0,4,4,0,0,0,0,0,0,0,0,0,0,0,0,0,0,0,0,0,0,0,0,0,0,0,0,0,0,0,0,0,0,0,0,0,0,0,0,0,0,0,0,0,0,0,0,0,0,0,0,0,0,0,0,0,0,0,0,0,0,0,0,0,0,0,0,0,0,0,0,0,0,0,0,0,0,0,0,0,0,0,0,0,0
midvale police department,1979-03-01,utah,9170,UT01801,0,0,0,1,0,0,0,0,2,1,1,0,0,6,1,1,2,0,2,16,7,8,1,46,5,4,1,0,78,4,7,69,76,1,0,0,0,0,0,0,0,0,0,4,0,1,1,0,2,1,1,0,0,13,4,4,0,0,24,2,3,19,22,1,0,0,0,0,0,0,0,0,0,0,0,0,0,0,0,0,0,0,0,2,0,0,0,0,4,0,1,3,4,0,0,0,0,0,0,0,0,0,0,0,0,0,0,0,0,0,0,0,0,0,0,0,0,0,0,0,0,0,0,0,1,1,0,0,0,0,2,0,0,0,0,2,0,1,0,0,0,0,0,1,0,0,0,0,1,0,1,0,0,0,0,0,1,0,0,0,0,1,0,0,0,0,0,0,0,0,0,0,0,0,0
midvale police department,1979-02-01,utah,9170,UT01801,0,0,0,0,0,0,0,0,0,0,0,0,0,1,0,0,0,0,1,12,9,2,1,40,4,2,2,0,58,0,0,57,57,0,0,0,0,0,0,0,0,0,0,0,0,0,0,0,0,5,4,1,0,6,4,2,2,0,15,0,0,15,15,0,0,0,0,0,0,0,0,0,0,0,0,0,0,0,0,2,1,1,0,0,0,0,0,0,2,0,0,2,2,0,0,0,0,0,0,0,0,0,0,0,0,0,0,0,0,0,0,0,0,0,0,0,0,0,0,0,0,0,0,0,0,0,0,1,0,0,1,0,0,0,0,1,0,0,0,0,0,0,0,0,0,0,0,0,0,0,0,0,0,0,0,0,0,0,0,0,0,0,0,0,0,0,0,0,0,0,0,0,0,0,0
midvale police department,1979-01-01,utah,9170,UT01801,0,0,0,0,0,0,0,0,1,1,0,0,0,2,0,0,0,1,1,22,18,3,1,32,2,2,0,0,59,1,2,56,58,0,0,0,0,0,0,0,0,0,0,0,0,0,0,0,0,12,11,0,1,3,1,1,0,0,16,0,0,16,16,0,0,0,0,0,0,0,0,0,0,0,0,0,0,0,0,12,11,0,1,0,0,0,0,0,12,0,0,12,12,0,0,0,0,0,0,0,0,0,0,0,0,0,0,0,0,0,0,0,0,0,0,0,0,0,0,0,0,0,0,0,0,0,0,0,0,0,0,0,0,0,0,0,0,0,0,0,0,0,0,0,0,0,0,0,0,0,0,0,0,0,0,0,0,0,0,0,0,0,0,0,0,0,0,0,0,0,0,0,0,0,0
midvale police department,1978-12-01,utah,10500,UT01801,0,0,0,0,0,0,0,0,0,0,0,0,0,4,0,0,1,3,0,9,2,5,2,40,1,1,0,0,54,4,4,50,54,0,0,0,0,0,0,0,0,0,0,4,0,0,1,3,0,1,0,1,0,10,1,1,0,0,16,4,4,12,16,0,0,0,0,0,0,0,0,0,0,0,0,0,0,0,0,1,0,1,0,1,0,0,0,0,2,0,0,2,2,0,0,0,0,0,0,0,0,0,0,0,0,0,0,0,0,0,0,0,0,0,0,0,0,0,0,0,0,0,0,,,,,,,,,,,,,,,,,,,,,,,,,,,,,,,,,,,,,,,,,,,,,,,,,,,,
midvale police department,1978-11-01,utah,10500,UT01801,0,0,2,0,0,0,0,0,2,1,0,0,1,7,1,1,0,4,1,13,6,5,2,27,3,1,1,1,52,6,8,43,51,0,0,0,0,0,0,0,0,0,0,7,1,1,0,4,1,6,4,2,0,5,4,1,2,1,22,6,6,15,21,0,0,0,0,0,0,0,0,0,0,1,1,0,0,0,0,6,4,2,0,2,0,0,0,0,9,1,1,8,9,0,0,0,0,0,0,0,0,0,0,0,0,0,0,0,0,0,0,0,0,0,0,0,0,0,0,0,0,0,0,,,,,,,,,,,,,,,,,,,,,,,,,,,,,,,,,,,,,,,,,,,,,,,,,,,,
midvale police department,1978-10-01,utah,10500,UT01801,0,0,0,0,0,1,1,0,1,1,0,0,0,5,1,0,0,4,0,21,11,9,1,66,7,2,4,1,101,5,7,94,101,0,0,0,0,0,1,1,0,0,0,5,1,0,0,4,0,2,1,0,1,13,4,2,1,1,25,5,6,19,25,0,0,0,0,0,0,0,0,0,0,1,0,0,0,1,0,1,1,0,0,9,0,0,0,0,11,1,1,10,11,0,0,0,0,0,0,0,0,0,0,0,0,0,0,0,0,0,0,0,0,0,0,0,0,0,0,0,0,0,0,,,,,,,,,,,,,,,,,,,,,,,,,,,,,,,,,,,,,,,,,,,,,,,,,,,,
midvale police department,1978-09-01,utah,10500,UT01801,0,0,0,0,0,0,0,0,1,1,0,0,0,4,0,0,0,4,0,39,20,9,10,22,1,0,0,1,67,4,5,62,67,0,0,0,0,0,0,0,0,0,0,4,0,0,0,4,0,3,1,2,0,6,1,0,0,1,14,4,4,10,14,0,0,0,0,0,0,0,0,0,0,1,0,0,0,1,0,2,0,2,0,3,0,0,0,0,6,1,1,5,6,0,0,0,0,0,0,0,0,0,0,0,0,0,0,0,0,0,0,0,0,0,0,0,0,0,0,0,0,0,0,,,,,,,,,,,,,,,,,,,,,,,,,,,,,,,,,,,,,,,,,,,,,,,,,,,,
midvale police department,1978-08-01,utah,10500,UT01801,0,0,0,0,0,0,0,0,1,0,1,0,0,9,0,0,0,8,1,25,13,10,2,32,5,5,0,0,72,8,9,62,71,0,0,0,0,0,0,0,0,0,0,5,0,0,0,5,0,7,3,3,1,6,5,5,0,0,23,5,5,18,23,0,0,0,0,0,0,0,0,0,0,0,0,0,0,0,0,5,3,2,0,3,1,1,0,0,9,0,0,9,9,0,0,0,0,0,0,0,0,0,0,0,0,0,0,0,0,0,0,0,0,0,0,0,0,0,0,0,0,0,0,,,,,,,,,,,,,,,,,,,,,,,,,,,,,,,,,,,,,,,,,,,,,,,,,,,,
midvale police department,1978-07-01,utah,10500,UT01801,0,0,0,0,0,0,0,0,0,0,0,0,0,3,0,0,1,2,0,41,18,19,4,30,4,2,2,0,78,3,3,75,78,0,0,0,0,0,0,0,0,0,0,1,0,0,0,1,0,9,4,5,0,8,4,2,2,0,22,1,1,21,22,0,0,0,0,0,0,0,0,0,0,0,0,0,0,0,0,3,2,1,0,4,0,0,0,0,7,0,0,7,7,0,0,0,0,0,0,0,0,0,0,0,0,0,0,0,0,0,0,0,0,0,0,0,0,0,0,0,0,0,0,,,,,,,,,,,,,,,,,,,,,,,,,,,,,,,,,,,,,,,,,,,,,,,,,,,,
midvale police department,1978-06-01,utah,10500,UT01801,0,0,0,0,0,0,0,0,1,0,0,0,1,4,0,0,2,1,1,21,15,6,0,24,2,0,2,0,52,3,4,47,51,0,0,0,0,0,0,0,0,0,0,1,0,0,1,0,0,1,0,1,0,10,1,0,1,0,13,1,1,12,13,0,0,0,0,0,0,0,0,0,0,0,0,0,0,0,0,0,0,0,0,2,0,0,0,0,2,0,0,2,2,0,0,0,0,0,0,0,0,0,0,0,0,0,0,0,0,0,0,0,0,0,0,0,0,0,0,0,0,0,0,,,,,,,,,,,,,,,,,,,,,,,,,,,,,,,,,,,,,,,,,,,,,,,,,,,,
midvale police department,1978-05-01,utah,10500,UT01801,0,0,0,0,0,0,0,0,0,0,0,0,0,7,0,2,1,3,1,22,7,13,2,24,0,0,0,0,53,6,6,46,52,0,0,0,0,0,0,0,0,0,0,0,0,0,0,0,0,3,1,2,0,10,0,0,0,0,13,0,0,13,13,0,0,0,0,0,0,0,0,0,0,0,0,0,0,0,0,3,1,2,0,5,0,0,0,0,8,0,0,8,8,0,0,0,0,0,0,0,0,0,0,0,0,0,0,0,0,0,0,0,0,0,0,0,0,0,0,0,0,0,0,,,,,,,,,,,,,,,,,,,,,,,,,,,,,,,,,,,,,,,,,,,,,,,,,,,,
midvale police department,1978-04-01,utah,10500,UT01801,0,0,0,0,0,0,0,0,1,1,0,0,0,10,1,0,0,6,3,21,15,4,2,19,3,1,0,2,54,7,8,43,51,0,0,0,0,0,1,1,0,0,0,1,1,0,0,0,0,2,1,1,0,2,3,1,0,2,9,1,2,7,9,0,0,0,0,0,0,0,0,0,0,0,0,0,0,0,0,2,1,1,0,2,0,0,0,0,4,0,0,4,4,0,0,0,0,0,0,0,0,0,0,0,0,0,0,0,0,0,0,0,0,0,0,0,0,0,0,0,0,0,0,,,,,,,,,,,,,,,,,,,,,,,,,,,,,,,,,,,,,,,,,,,,,,,,,,,,
midvale police department,1978-03-01,utah,10500,UT01801,0,0,0,0,0,0,0,0,1,1,0,0,0,3,0,0,0,2,1,12,5,7,0,35,2,1,0,1,53,2,3,49,52,0,0,0,0,0,1,1,0,0,0,1,0,0,0,0,1,3,3,0,0,8,2,1,0,1,15,0,1,13,14,0,0,0,0,0,0,0,0,0,0,0,0,0,0,0,0,0,0,0,0,2,0,0,0,0,2,0,0,2,2,0,0,0,0,0,0,0,0,0,0,0,0,0,0,0,0,0,0,0,0,0,0,0,0,0,0,0,0,0,0,,,,,,,,,,,,,,,,,,,,,,,,,,,,,,,,,,,,,,,,,,,,,,,,,,,,
midvale police department,1978-02-01,utah,10500,UT01801,0,0,0,0,0,0,0,0,2,2,0,0,0,7,0,1,0,4,2,13,5,4,4,27,1,1,0,0,50,5,7,41,48,0,0,0,0,0,0,0,0,0,0,0,0,0,0,0,0,0,0,0,0,0,0,0,0,0,0,0,0,0,0,0,0,0,0,0,0,0,0,0,0,0,0,0,0,0,0,0,0,0,0,0,0,0,0,0,0,0,0,0,0,0,0,0,0,0,0,0,0,0,0,0,0,0,0,0,0,0,0,0,0,0,0,0,0,0,0,0,0,0,0,,,,,,,,,,,,,,,,,,,,,,,,,,,,,,,,,,,,,,,,,,,,,,,,,,,,
midvale police department,1978-01-01,utah,10500,UT01801,0,0,0,0,0,0,0,0,0,0,0,0,0,9,0,0,0,3,6,13,8,4,1,28,4,4,0,0,54,3,3,45,48,0,0,0,0,0,0,0,0,0,0,9,0,0,0,3,6,2,0,2,0,7,4,4,0,0,22,3,3,13,16,0,0,0,0,0,0,0,0,0,0,2,0,0,0,1,1,2,0,2,0,1,1,1,0,0,6,1,1,4,5,0,0,0,0,0,0,0,0,0,0,0,0,0,0,0,0,0,0,0,0,0,0,0,0,0,0,0,0,0,0,,,,,,,,,,,,,,,,,,,,,,,,,,,,,,,,,,,,,,,,,,,,,,,,,,,,
midvale police department,1977-12-01,utah,,UT01801,,,,,,,,,,,,,,,,,,,,,,,,,,,,,,,,,,,,,,,,,,,,,,,,,,,,,,,,,,,,,,,,,,,,,,,,,,,,,,,,,,,,,,,,,,,,,,,,,,,,,,,,,,,,,,,,,,,,,,,,,,,,,,,,,,,,,,,,,,,,,,,,,,,,,,,,,,,,,,,,,,,,,,,,,,,,,,,
midvale police department,1977-11-01,utah,,UT01801,,,,,,,,,,,,,,,,,,,,,,,,,,,,,,,,,,,,,,,,,,,,,,,,,,,,,,,,,,,,,,,,,,,,,,,,,,,,,,,,,,,,,,,,,,,,,,,,,,,,,,,,,,,,,,,,,,,,,,,,,,,,,,,,,,,,,,,,,,,,,,,,,,,,,,,,,,,,,,,,,,,,,,,,,,,,,,,
midvale police department,1977-10-01,utah,,UT01801,,,,,,,,,,,,,,,,,,,,,,,,,,,,,,,,,,,,,,,,,,,,,,,,,,,,,,,,,,,,,,,,,,,,,,,,,,,,,,,,,,,,,,,,,,,,,,,,,,,,,,,,,,,,,,,,,,,,,,,,,,,,,,,,,,,,,,,,,,,,,,,,,,,,,,,,,,,,,,,,,,,,,,,,,,,,,,,
midvale police department,1977-09-01,utah,,UT01801,,,,,,,,,,,,,,,,,,,,,,,,,,,,,,,,,,,,,,,,,,,,,,,,,,,,,,,,,,,,,,,,,,,,,,,,,,,,,,,,,,,,,,,,,,,,,,,,,,,,,,,,,,,,,,,,,,,,,,,,,,,,,,,,,,,,,,,,,,,,,,,,,,,,,,,,,,,,,,,,,,,,,,,,,,,,,,,
midvale police department,1977-08-01,utah,,UT01801,,,,,,,,,,,,,,,,,,,,,,,,,,,,,,,,,,,,,,,,,,,,,,,,,,,,,,,,,,,,,,,,,,,,,,,,,,,,,,,,,,,,,,,,,,,,,,,,,,,,,,,,,,,,,,,,,,,,,,,,,,,,,,,,,,,,,,,,,,,,,,,,,,,,,,,,,,,,,,,,,,,,,,,,,,,,,,,
midvale police department,1977-07-01,utah,,UT01801,,,,,,,,,,,,,,,,,,,,,,,,,,,,,,,,,,,,,,,,,,,,,,,,,,,,,,,,,,,,,,,,,,,,,,,,,,,,,,,,,,,,,,,,,,,,,,,,,,,,,,,,,,,,,,,,,,,,,,,,,,,,,,,,,,,,,,,,,,,,,,,,,,,,,,,,,,,,,,,,,,,,,,,,,,,,,,,
midvale police department,1977-06-01,utah,,UT01801,,,,,,,,,,,,,,,,,,,,,,,,,,,,,,,,,,,,,,,,,,,,,,,,,,,,,,,,,,,,,,,,,,,,,,,,,,,,,,,,,,,,,,,,,,,,,,,,,,,,,,,,,,,,,,,,,,,,,,,,,,,,,,,,,,,,,,,,,,,,,,,,,,,,,,,,,,,,,,,,,,,,,,,,,,,,,,,
midvale police department,1977-05-01,utah,,UT01801,,,,,,,,,,,,,,,,,,,,,,,,,,,,,,,,,,,,,,,,,,,,,,,,,,,,,,,,,,,,,,,,,,,,,,,,,,,,,,,,,,,,,,,,,,,,,,,,,,,,,,,,,,,,,,,,,,,,,,,,,,,,,,,,,,,,,,,,,,,,,,,,,,,,,,,,,,,,,,,,,,,,,,,,,,,,,,,
midvale police department,1977-04-01,utah,,UT01801,,,,,,,,,,,,,,,,,,,,,,,,,,,,,,,,,,,,,,,,,,,,,,,,,,,,,,,,,,,,,,,,,,,,,,,,,,,,,,,,,,,,,,,,,,,,,,,,,,,,,,,,,,,,,,,,,,,,,,,,,,,,,,,,,,,,,,,,,,,,,,,,,,,,,,,,,,,,,,,,,,,,,,,,,,,,,,,
midvale police department,1977-03-01,utah,,UT01801,,,,,,,,,,,,,,,,,,,,,,,,,,,,,,,,,,,,,,,,,,,,,,,,,,,,,,,,,,,,,,,,,,,,,,,,,,,,,,,,,,,,,,,,,,,,,,,,,,,,,,,,,,,,,,,,,,,,,,,,,,,,,,,,,,,,,,,,,,,,,,,,,,,,,,,,,,,,,,,,,,,,,,,,,,,,,,,
midvale police department,1977-02-01,utah,,UT01801,,,,,,,,,,,,,,,,,,,,,,,,,,,,,,,,,,,,,,,,,,,,,,,,,,,,,,,,,,,,,,,,,,,,,,,,,,,,,,,,,,,,,,,,,,,,,,,,,,,,,,,,,,,,,,,,,,,,,,,,,,,,,,,,,,,,,,,,,,,,,,,,,,,,,,,,,,,,,,,,,,,,,,,,,,,,,,,
midvale police department,1977-01-01,utah,,UT01801,,,,,,,,,,,,,,,,,,,,,,,,,,,,,,,,,,,,,,,,,,,,,,,,,,,,,,,,,,,,,,,,,,,,,,,,,,,,,,,,,,,,,,,,,,,,,,,,,,,,,,,,,,,,,,,,,,,,,,,,,,,,,,,,,,,,,,,,,,,,,,,,,,,,,,,,,,,,,,,,,,,,,,,,,,,,,,,
midvale police department,1976-12-01,utah,8500,UT01801,0,0,0,0,0,0,0,0,0,0,0,0,0,0,0,0,0,0,0,11,9,2,0,28,5,5,0,0,44,0,0,44,44,0,0,0,0,0,0,0,0,0,0,0,0,0,0,0,0,0,0,0,0,14,7,7,0,0,21,0,0,21,21,0,0,0,0,0,0,0,0,0,0,0,0,0,0,0,0,0,0,0,0,0,0,0,0,0,0,0,0,0,0,0,0,0,0,0,0,0,0,0,0,0,0,0,0,0,0,0,0,0,0,0,0,0,0,0,0,0,0,0,0,,,,,,,,,,,,,,,,,,,,,,,,,,,,,,,,,,,,,,,,,,,,,,,,,,,,
midvale police department,1976-11-01,utah,8500,UT01801,0,0,0,0,0,0,0,0,2,2,0,0,0,0,0,0,0,0,0,12,12,0,0,24,5,2,3,0,43,0,2,41,43,0,0,0,0,0,1,1,0,0,0,0,0,0,0,0,0,0,0,0,0,3,2,2,0,0,6,0,1,5,6,0,0,0,0,0,0,0,0,0,0,0,0,0,0,0,0,0,0,0,0,0,0,0,0,0,0,0,0,0,0,0,0,0,0,0,0,0,0,0,0,0,0,0,0,0,0,0,0,0,0,0,0,0,0,0,0,0,0,0,0,,,,,,,,,,,,,,,,,,,,,,,,,,,,,,,,,,,,,,,,,,,,,,,,,,,,
midvale police department,1976-10-01,utah,8500,UT01801,0,0,0,0,0,0,0,0,0,0,0,0,0,0,0,0,0,0,0,7,7,0,0,32,5,4,1,0,44,0,0,44,44,0,0,0,0,0,0,0,0,0,0,0,0,0,0,0,0,1,1,0,0,6,4,4,0,0,11,0,0,11,11,0,0,0,0,0,0,0,0,0,0,0,0,0,0,0,0,0,0,0,0,0,0,0,0,0,0,0,0,0,0,0,0,0,0,0,0,0,0,0,0,0,0,0,0,0,0,0,0,0,0,0,0,0,0,0,0,0,0,0,0,,,,,,,,,,,,,,,,,,,,,,,,,,,,,,,,,,,,,,,,,,,,,,,,,,,,
midvale police department,1976-09-01,utah,8500,UT01801,0,0,0,0,0,1,1,0,2,0,1,0,1,0,0,0,0,0,0,10,9,1,0,27,3,3,0,0,43,0,3,40,43,0,0,0,0,0,1,0,1,0,0,0,0,0,0,0,0,0,0,0,0,5,3,3,0,0,9,0,1,8,9,0,0,0,0,0,0,0,0,0,0,0,0,0,0,0,0,0,0,0,0,0,0,0,0,0,0,0,0,0,0,0,0,0,0,0,0,0,0,0,0,0,0,0,0,0,0,0,0,0,0,0,0,0,0,0,0,0,0,0,0,,,,,,,,,,,,,,,,,,,,,,,,,,,,,,,,,,,,,,,,,,,,,,,,,,,,
midvale police department,1976-08-01,utah,8500,UT01801,0,0,0,0,0,0,0,0,1,1,0,0,0,0,0,0,0,0,0,24,18,6,0,30,4,3,1,0,59,0,1,58,59,0,0,0,0,0,1,1,0,0,0,0,0,0,0,0,0,11,10,1,0,5,4,3,1,0,21,0,1,20,21,0,0,0,0,0,0,0,0,0,0,0,0,0,0,0,0,0,0,0,0,0,0,0,0,0,0,0,0,0,0,0,0,0,0,0,0,0,0,0,0,0,0,0,0,0,0,0,0,0,0,0,0,0,0,0,0,0,0,0,0,,,,,,,,,,,,,,,,,,,,,,,,,,,,,,,,,,,,,,,,,,,,,,,,,,,,
midvale police department,1976-07-01,utah,8500,UT01801,0,0,0,0,0,0,0,0,1,1,0,0,0,4,0,0,1,0,3,6,6,0,0,34,0,0,0,0,45,1,2,40,42,0,0,0,0,0,1,1,0,0,0,4,0,0,1,0,3,0,0,0,0,9,0,0,0,0,14,1,2,9,11,0,0,0,0,0,0,0,0,0,0,0,0,0,0,0,0,0,0,0,0,0,0,0,0,0,0,0,0,0,0,0,0,0,0,0,0,0,0,0,0,0,0,0,0,0,0,0,0,0,0,0,0,0,0,0,0,0,0,0,0,,,,,,,,,,,,,,,,,,,,,,,,,,,,,,,,,,,,,,,,,,,,,,,,,,,,
midvale police department,1976-06-01,utah,8500,UT01801,0,0,0,0,0,0,0,0,0,0,0,0,0,0,0,0,0,0,0,9,9,0,0,29,1,1,0,0,39,0,0,39,39,0,0,0,0,0,0,0,0,0,0,0,0,0,0,0,0,0,0,0,0,4,1,1,0,0,5,0,0,5,5,0,0,0,0,0,0,0,0,0,0,0,0,0,0,0,0,0,0,0,0,0,0,0,0,0,0,0,0,0,0,0,0,0,0,0,0,0,0,0,0,0,0,0,0,0,0,0,0,0,0,0,0,0,0,0,0,0,0,0,0,,,,,,,,,,,,,,,,,,,,,,,,,,,,,,,,,,,,,,,,,,,,,,,,,,,,
midvale police department,1976-05-01,utah,8500,UT01801,0,0,0,0,0,1,1,0,0,0,0,0,0,0,0,0,0,0,0,10,3,5,2,32,2,2,0,0,45,0,1,44,45,0,0,1,1,0,0,0,0,0,0,0,0,0,0,0,0,1,1,0,0,7,2,2,0,0,11,0,1,10,11,0,0,0,0,0,0,0,0,0,0,0,0,0,0,0,0,0,0,0,0,0,0,0,0,0,0,0,0,0,0,0,0,0,0,0,0,0,0,0,0,0,0,0,0,0,0,0,0,0,0,0,0,0,0,0,0,0,0,0,0,,,,,,,,,,,,,,,,,,,,,,,,,,,,,,,,,,,,,,,,,,,,,,,,,,,,
midvale police department,1976-04-01,utah,8500,UT01801,0,0,0,0,0,0,0,0,0,0,0,0,0,1,0,0,1,0,0,7,7,0,0,35,6,6,0,0,49,1,1,48,49,0,0,0,0,0,0,0,0,0,0,1,0,0,1,0,0,0,0,0,0,4,5,5,0,0,10,1,1,9,10,0,0,0,0,0,0,0,0,0,0,0,0,0,0,0,0,0,0,0,0,0,0,0,0,0,0,0,0,0,0,0,0,0,0,0,0,0,0,0,0,0,0,0,0,0,0,0,0,0,0,0,0,0,0,0,0,0,0,0,0,,,,,,,,,,,,,,,,,,,,,,,,,,,,,,,,,,,,,,,,,,,,,,,,,,,,
midvale police department,1976-03-01,utah,8500,UT01801,0,0,0,0,0,0,0,0,0,0,0,0,0,1,1,0,0,0,0,8,5,3,0,36,0,0,0,0,45,1,1,44,45,0,0,0,0,0,0,0,0,0,0,1,1,0,0,0,0,0,0,0,0,4,0,0,0,0,5,1,1,4,5,0,0,0,0,0,0,0,0,0,0,0,0,0,0,0,0,0,0,0,0,0,0,0,0,0,0,0,0,0,0,0,0,0,0,0,0,0,0,0,0,0,0,0,0,0,0,0,0,0,0,0,0,0,0,0,0,0,0,0,0,,,,,,,,,,,,,,,,,,,,,,,,,,,,,,,,,,,,,,,,,,,,,,,,,,,,
midvale police department,1976-02-01,utah,8500,UT01801,0,0,0,0,0,1,1,0,2,1,0,0,1,0,0,0,0,0,0,11,11,0,0,36,4,4,0,0,54,0,3,51,54,0,0,1,1,0,0,0,0,0,0,0,0,0,0,0,0,0,0,0,0,3,2,2,0,0,6,0,1,5,6,0,0,0,0,0,0,0,0,0,0,0,0,0,0,0,0,0,0,0,0,0,0,0,0,0,0,0,0,0,0,0,0,0,0,0,0,0,0,0,0,0,0,0,0,0,0,0,0,0,0,0,0,0,0,0,0,0,0,0,0,,,,,,,,,,,,,,,,,,,,,,,,,,,,,,,,,,,,,,,,,,,,,,,,,,,,
midvale police department,1976-01-01,utah,8500,UT01801,0,0,0,0,0,0,0,0,2,1,1,0,0,0,0,0,0,0,0,7,4,3,0,26,0,0,0,0,35,0,2,33,35,0,0,0,0,0,0,0,0,0,0,0,0,0,0,0,0,5,5,0,0,2,0,0,0,0,7,0,0,7,7,0,0,0,0,0,0,0,0,0,0,0,0,0,0,0,0,0,0,0,0,0,0,0,0,0,0,0,0,0,0,0,0,0,0,0,0,0,0,0,0,0,0,0,0,0,0,0,0,0,0,0,0,0,0,0,0,0,0,0,0,,,,,,,,,,,,,,,,,,,,,,,,,,,,,,,,,,,,,,,,,,,,,,,,,,,,
midvale police department,1975-12-01,utah,8702,UT01801,0,0,0,0,0,0,0,0,0,0,0,0,0,0,0,0,0,0,0,7,7,0,0,39,3,3,0,0,49,0,0,49,49,0,0,0,0,0,0,0,0,0,0,0,0,0,0,0,0,2,2,0,0,3,3,3,0,0,8,0,0,8,8,0,0,0,0,0,0,0,0,0,0,0,0,0,0,0,0,0,0,0,0,0,0,0,0,0,0,0,0,0,0,0,0,0,0,0,0,0,0,0,0,0,0,0,0,0,0,0,0,0,0,0,0,0,0,0,0,0,0,0,0,,,,,,,,,,,,,,,,,,,,,,,,,,,,,,,,,,,,,,,,,,,,,,,,,,,,
midvale police department,1975-11-01,utah,8702,UT01801,0,0,0,0,0,0,0,0,0,0,0,0,0,0,0,0,0,0,0,4,4,0,0,19,0,0,0,0,23,0,0,23,23,0,0,0,0,0,0,0,0,0,0,0,0,0,0,0,0,0,0,0,0,0,0,0,0,0,0,0,0,0,0,0,0,0,0,0,0,0,0,0,0,0,0,0,0,0,0,0,0,0,0,0,0,0,0,0,0,0,0,0,0,0,0,0,0,0,0,0,0,0,0,0,0,0,0,0,0,0,0,0,0,0,0,0,0,0,0,0,0,0,0,,,,,,,,,,,,,,,,,,,,,,,,,,,,,,,,,,,,,,,,,,,,,,,,,,,,
midvale police department,1975-10-01,utah,8702,UT01801,0,0,0,0,0,0,0,0,0,0,0,0,0,0,0,0,0,0,0,3,3,0,0,27,1,1,0,0,31,0,0,31,31,0,0,0,0,0,0,0,0,0,0,0,0,0,0,0,0,0,0,0,0,2,0,0,0,0,2,0,0,2,2,0,0,0,0,0,0,0,0,0,0,0,0,0,0,0,0,0,0,0,0,2,0,0,0,0,2,0,0,2,2,0,0,0,0,0,0,0,0,0,0,0,0,0,0,0,0,0,0,0,0,0,0,0,0,0,0,0,0,0,0,,,,,,,,,,,,,,,,,,,,,,,,,,,,,,,,,,,,,,,,,,,,,,,,,,,,
midvale police department,1975-09-01,utah,8702,UT01801,0,0,0,0,0,0,0,0,0,0,0,0,0,0,0,0,0,0,0,19,19,0,0,27,3,3,0,0,49,0,0,49,49,0,0,0,0,0,0,0,0,0,0,0,0,0,0,0,0,2,2,0,0,7,3,3,0,0,12,0,0,12,12,0,0,0,0,0,0,0,0,0,0,0,0,0,0,0,0,0,0,0,0,0,0,0,0,0,0,0,0,0,0,0,0,0,0,0,0,0,0,0,0,0,0,0,0,0,0,0,0,0,0,0,0,0,0,0,0,0,0,0,0,,,,,,,,,,,,,,,,,,,,,,,,,,,,,,,,,,,,,,,,,,,,,,,,,,,,
midvale police department,1975-08-01,utah,8702,UT01801,0,0,0,0,0,0,0,0,0,0,0,0,0,0,0,0,0,0,0,11,11,0,0,48,3,3,0,0,62,0,0,62,62,0,0,0,0,0,0,0,0,0,0,0,0,0,0,0,0,2,2,0,0,6,3,3,0,0,11,0,0,11,11,0,0,0,0,0,0,0,0,0,0,0,0,0,0,0,0,0,0,0,0,0,0,0,0,0,0,0,0,0,0,0,0,0,0,0,0,0,0,0,0,0,0,0,0,0,0,0,0,0,0,0,0,0,0,0,0,0,0,0,0,,,,,,,,,,,,,,,,,,,,,,,,,,,,,,,,,,,,,,,,,,,,,,,,,,,,
midvale police department,1975-07-01,utah,8702,UT01801,0,0,0,0,0,0,0,0,0,0,0,0,0,0,0,0,0,0,0,7,7,0,0,37,3,1,1,1,47,0,0,47,47,0,0,0,0,0,0,0,0,0,0,0,0,0,0,0,0,0,0,0,0,4,1,0,1,0,5,0,0,5,5,0,0,0,0,0,0,0,0,0,0,0,0,0,0,0,0,0,0,0,0,0,0,0,0,0,0,0,0,0,0,0,0,0,0,0,0,0,0,0,0,0,0,0,0,0,0,0,0,0,0,0,0,0,0,0,0,0,0,0,0,,,,,,,,,,,,,,,,,,,,,,,,,,,,,,,,,,,,,,,,,,,,,,,,,,,,
midvale police department,1975-06-01,utah,8702,UT01801,0,0,0,0,0,0,0,0,0,0,0,0,0,0,0,0,0,0,0,3,2,1,0,29,2,2,0,0,34,0,0,34,34,0,0,0,0,0,0,0,0,0,0,0,0,0,0,0,0,0,0,0,0,2,2,2,0,0,4,0,0,4,4,0,0,0,0,0,0,0,0,0,0,0,0,0,0,0,0,0,0,0,0,2,2,2,0,0,4,0,0,4,4,0,0,0,0,0,0,0,0,0,0,0,0,0,0,0,0,0,0,0,0,0,0,0,0,0,0,0,0,0,0,,,,,,,,,,,,,,,,,,,,,,,,,,,,,,,,,,,,,,,,,,,,,,,,,,,,
midvale police department,1975-05-01,utah,8702,UT01801,0,0,0,0,0,0,0,0,0,0,0,0,0,0,0,0,0,0,0,14,8,6,0,23,2,1,0,1,39,0,0,39,39,0,0,0,0,0,0,0,0,0,0,0,0,0,0,0,0,0,0,0,0,0,2,1,0,1,2,0,0,2,2,0,0,0,0,0,0,0,0,0,0,0,0,0,0,0,0,0,0,0,0,0,0,0,0,0,0,0,0,0,0,0,0,0,0,0,0,0,0,0,0,0,0,0,0,0,0,0,0,0,0,0,0,0,0,0,0,0,0,0,0,,,,,,,,,,,,,,,,,,,,,,,,,,,,,,,,,,,,,,,,,,,,,,,,,,,,
midvale police department,1975-04-01,utah,8702,UT01801,0,0,0,0,0,0,0,0,0,0,0,0,0,0,0,0,0,0,0,9,8,1,0,25,4,4,0,0,38,0,0,38,38,0,0,0,0,0,0,0,0,0,0,0,0,0,0,0,0,0,0,0,0,3,3,3,0,0,6,0,0,6,6,0,0,0,0,0,0,0,0,0,0,0,0,0,0,0,0,0,0,0,0,0,0,0,0,0,0,0,0,0,0,0,0,0,0,0,0,0,0,0,0,0,0,0,0,0,0,0,0,0,0,0,0,0,0,0,0,0,0,0,0,,,,,,,,,,,,,,,,,,,,,,,,,,,,,,,,,,,,,,,,,,,,,,,,,,,,
midvale police department,1975-03-01,utah,8702,UT01801,0,0,0,0,0,0,0,0,0,0,0,0,0,2,1,0,0,1,0,14,0,0,0,11,1,0,0,0,28,2,2,26,28,0,0,0,0,0,0,0,0,0,0,2,1,0,0,1,0,4,0,0,0,1,1,0,0,0,8,2,2,6,8,0,0,0,0,0,0,0,0,0,0,0,0,0,0,0,0,0,0,0,0,0,0,0,0,0,0,0,0,0,0,0,0,0,0,0,0,0,0,0,0,0,0,0,0,0,0,0,0,0,0,0,0,0,0,0,0,0,0,0,0,,,,,,,,,,,,,,,,,,,,,,,,,,,,,,,,,,,,,,,,,,,,,,,,,,,,
midvale police department,1975-02-01,utah,8702,UT01801,0,0,0,0,0,0,0,0,0,0,0,0,0,0,0,0,0,0,0,11,9,2,0,23,0,0,0,0,34,0,0,34,34,0,0,0,0,0,0,0,0,0,0,0,0,0,0,0,0,1,1,0,0,4,0,0,0,0,5,0,0,5,5,0,0,0,0,0,0,0,0,0,0,0,0,0,0,0,0,0,0,0,0,0,0,0,0,0,0,0,0,0,0,0,0,0,0,0,0,0,0,0,0,0,0,0,0,0,0,0,0,0,0,0,0,0,0,0,0,0,0,0,0,,,,,,,,,,,,,,,,,,,,,,,,,,,,,,,,,,,,,,,,,,,,,,,,,,,,
midvale police department,1975-01-01,utah,8702,UT01801,0,0,0,0,0,0,0,0,0,0,0,0,0,0,0,0,0,0,0,4,4,0,0,20,3,3,0,0,27,0,0,27,27,0,0,0,0,0,0,0,0,0,0,0,0,0,0,0,0,0,0,0,0,3,2,2,0,0,5,0,0,5,5,0,0,0,0,0,0,0,0,0,0,0,0,0,0,0,0,0,0,0,0,0,0,0,0,0,0,0,0,0,0,0,0,0,0,0,0,0,0,0,0,0,0,0,0,0,0,0,0,0,0,0,0,0,0,0,0,0,0,0,0,,,,,,,,,,,,,,,,,,,,,,,,,,,,,,,,,,,,,,,,,,,,,,,,,,,,
midvale police department,1974-12-01,utah,8500,UT01801,0,0,0,0,0,0,0,0,1,1,0,0,0,0,0,0,0,0,0,5,5,0,0,22,0,0,0,0,28,0,1,27,28,0,0,0,0,0,0,0,0,0,0,0,0,0,0,0,0,0,0,0,0,5,0,0,0,0,5,0,0,5,5,0,0,0,0,0,0,0,0,0,0,0,0,0,0,0,0,0,0,0,0,0,0,0,0,0,0,0,0,0,0,0,0,0,0,0,0,0,0,0,0,0,0,0,0,0,0,0,0,0,0,0,0,0,0,0,0,0,0,0,0,,,,,,,,,,,,,,,,,,,,,,,,,,,,,,,,,,,,,,,,,,,,,,,,,,,,
midvale police department,1974-11-01,utah,8500,UT01801,0,0,0,0,1,0,0,0,0,0,0,0,0,0,0,0,0,0,0,10,10,0,0,14,0,0,0,0,25,0,0,24,24,0,0,0,0,0,0,0,0,0,0,0,0,0,0,0,0,0,0,0,0,0,0,0,0,0,0,0,0,0,0,0,0,0,0,0,0,0,0,0,0,0,0,0,0,0,0,0,0,0,0,0,0,0,0,0,0,0,0,0,0,0,0,0,0,0,0,0,0,0,0,0,0,0,0,0,0,0,0,0,0,0,0,0,0,0,0,0,0,0,0,,,,,,,,,,,,,,,,,,,,,,,,,,,,,,,,,,,,,,,,,,,,,,,,,,,,
midvale police department,1974-10-01,utah,8500,UT01801,0,0,0,1,0,0,0,0,0,0,0,0,0,0,0,0,0,0,0,7,6,1,0,17,6,5,1,0,31,0,1,30,31,0,0,0,0,0,0,0,0,0,0,0,0,0,0,0,0,1,1,0,0,4,4,3,1,0,9,0,0,9,9,0,0,0,0,0,0,0,0,0,0,0,0,0,0,0,0,0,0,0,0,0,0,0,0,0,0,0,0,0,0,0,0,0,0,0,0,0,0,0,0,0,0,0,0,0,0,0,0,0,0,0,0,0,0,0,0,0,0,0,0,,,,,,,,,,,,,,,,,,,,,,,,,,,,,,,,,,,,,,,,,,,,,,,,,,,,
midvale police department,1974-09-01,utah,8500,UT01801,0,0,0,0,0,0,0,0,0,0,0,0,0,0,0,0,0,0,0,5,3,2,0,10,3,3,0,0,18,0,0,18,18,0,0,0,0,0,0,0,0,0,0,0,0,0,0,0,0,0,0,0,0,0,0,0,0,0,0,0,0,0,0,0,0,0,0,0,0,0,0,0,0,0,0,0,0,0,0,0,0,0,0,0,0,0,0,0,0,0,0,0,0,0,0,0,0,0,0,0,0,0,0,0,0,0,0,0,0,0,0,0,0,0,0,0,0,0,0,0,0,0,0,,,,,,,,,,,,,,,,,,,,,,,,,,,,,,,,,,,,,,,,,,,,,,,,,,,,
midvale police department,1974-08-01,utah,8500,UT01801,0,0,0,0,0,0,0,0,0,0,0,0,0,0,0,0,0,0,0,2,1,1,0,17,4,4,0,0,23,0,0,23,23,0,0,0,0,0,0,0,0,0,0,0,0,0,0,0,0,0,0,0,0,0,0,0,0,0,0,0,0,0,0,0,0,0,0,0,0,0,0,0,0,0,0,0,0,0,0,0,0,0,0,0,0,0,0,0,0,0,0,0,0,0,0,0,0,0,0,0,0,0,0,0,0,0,0,0,0,0,0,0,0,0,0,0,0,0,0,0,0,0,0,,,,,,,,,,,,,,,,,,,,,,,,,,,,,,,,,,,,,,,,,,,,,,,,,,,,
midvale police department,1974-07-01,utah,8500,UT01801,0,0,0,0,0,0,0,0,1,0,1,0,0,0,0,0,0,0,0,2,2,0,0,15,5,5,0,0,23,0,1,22,23,0,0,0,0,0,1,0,1,0,0,0,0,0,0,0,0,0,0,0,0,2,5,5,0,0,8,0,1,7,8,0,0,0,0,0,0,0,0,0,0,0,0,0,0,0,0,0,0,0,0,0,0,0,0,0,0,0,0,0,0,0,0,0,0,0,0,0,0,0,0,0,0,0,0,0,0,0,0,0,0,0,0,0,0,0,0,0,0,0,0,,,,,,,,,,,,,,,,,,,,,,,,,,,,,,,,,,,,,,,,,,,,,,,,,,,,
midvale police department,1974-06-01,utah,8500,UT01801,0,0,0,0,0,0,0,0,0,0,0,0,0,0,0,0,0,0,0,1,0,0,0,0,7,0,0,0,8,0,0,8,8,0,0,0,0,0,0,0,0,0,0,0,0,0,0,0,0,0,0,0,0,0,6,0,0,0,6,0,0,6,6,0,0,0,0,0,0,0,0,0,0,0,0,0,0,0,0,0,0,0,0,0,0,0,0,0,0,0,0,0,0,0,0,0,0,0,0,0,0,0,0,0,0,0,0,0,0,0,0,0,0,0,0,0,0,0,0,0,0,0,0,,,,,,,,,,,,,,,,,,,,,,,,,,,,,,,,,,,,,,,,,,,,,,,,,,,,
midvale police department,1974-05-01,utah,8500,UT01801,0,0,0,0,0,0,0,0,0,0,0,0,0,0,0,0,0,0,0,4,4,0,0,12,4,4,0,0,20,0,0,20,20,0,0,0,0,0,0,0,0,0,0,0,0,0,0,0,0,0,0,0,0,3,3,3,0,0,6,0,0,6,6,0,0,0,0,0,0,0,0,0,0,0,0,0,0,0,0,0,0,0,0,0,0,0,0,0,0,0,0,0,0,0,0,0,0,0,0,0,0,0,0,0,0,0,0,0,0,0,0,0,0,0,0,0,0,0,0,0,0,0,0,,,,,,,,,,,,,,,,,,,,,,,,,,,,,,,,,,,,,,,,,,,,,,,,,,,,
midvale police department,1974-04-01,utah,8500,UT01801,0,0,0,0,0,0,0,0,1,1,0,0,0,0,0,0,0,0,0,2,2,0,0,11,2,2,0,0,16,0,1,15,16,0,0,0,0,0,0,0,0,0,0,0,0,0,0,0,0,0,0,0,0,0,2,2,0,0,2,0,0,2,2,0,0,0,0,0,0,0,0,0,0,0,0,0,0,0,0,0,0,0,0,0,0,0,0,0,0,0,0,0,0,0,0,0,0,0,0,0,0,0,0,0,0,0,0,0,0,0,0,0,0,0,0,0,0,0,0,0,0,0,0,,,,,,,,,,,,,,,,,,,,,,,,,,,,,,,,,,,,,,,,,,,,,,,,,,,,
midvale police department,1974-03-01,utah,8500,UT01801,0,0,0,0,0,0,0,0,0,0,0,0,0,0,0,0,0,0,0,3,2,1,0,17,4,3,1,0,24,0,0,24,24,0,0,0,0,0,0,0,0,0,0,0,0,0,0,0,0,1,0,1,0,1,3,2,1,0,5,0,0,5,5,0,0,0,0,0,0,0,0,0,0,0,0,0,0,0,0,0,0,0,0,0,0,0,0,0,0,0,0,0,0,0,0,0,0,0,0,0,0,0,0,0,0,0,0,0,0,0,0,0,0,0,0,0,0,0,0,0,0,0,0,,,,,,,,,,,,,,,,,,,,,,,,,,,,,,,,,,,,,,,,,,,,,,,,,,,,
midvale police department,1974-02-01,utah,8500,UT01801,0,0,0,0,0,0,0,0,0,0,0,0,0,0,0,0,0,0,0,2,2,0,0,14,0,0,0,0,16,0,0,16,16,0,0,0,0,0,0,0,0,0,0,0,0,0,0,0,0,1,1,0,0,0,0,0,0,0,1,0,0,1,1,0,0,0,0,0,0,0,0,0,0,0,0,0,0,0,0,0,0,0,0,0,0,0,0,0,0,0,0,0,0,0,0,0,0,0,0,0,0,0,0,0,0,0,0,0,0,0,0,0,0,0,0,0,0,0,0,0,0,0,0,,,,,,,,,,,,,,,,,,,,,,,,,,,,,,,,,,,,,,,,,,,,,,,,,,,,
midvale police department,1974-01-01,utah,8500,UT01801,0,0,1,0,0,0,0,0,1,1,0,0,0,1,0,0,0,1,0,1,1,0,0,10,7,7,0,0,20,1,2,18,20,0,0,0,0,0,0,0,0,0,0,1,0,0,0,1,0,0,0,0,0,2,5,5,0,0,8,1,1,7,8,0,0,0,0,0,0,0,0,0,0,0,0,0,0,0,0,0,0,0,0,0,0,0,0,0,0,0,0,0,0,0,0,0,0,0,0,0,0,0,0,0,0,0,0,0,0,0,0,0,0,0,0,0,0,0,0,0,0,0,0,,,,,,,,,,,,,,,,,,,,,,,,,,,,,,,,,,,,,,,,,,,,,,,,,,,,
midvale police department,1973-12-01,utah,8663,UT01801,0,0,0,0,0,0,0,0,1,1,0,0,0,2,1,0,0,1,0,3,1,2,0,8,2,2,0,0,16,2,3,13,16,0,0,1,0,1,0,0,0,0,0,2,1,0,0,1,0,0,0,0,0,1,2,2,0,0,6,2,3,3,6,0,0,0,0,0,0,0,0,0,0,1,1,0,0,0,0,0,0,0,0,0,0,0,0,0,1,1,1,0,1,0,0,0,0,0,0,0,0,0,0,0,0,0,0,0,0,0,0,0,0,0,0,0,0,0,0,0,0,0,0,,,,,,,,,,,,,,,,,,,,,,,,,,,,,,,,,,,,,,,,,,,,,,,,,,,,
midvale police department,1973-11-01,utah,8663,UT01801,0,0,0,0,0,0,0,0,0,0,0,0,0,1,1,0,0,0,0,3,3,0,0,10,0,0,0,0,14,1,1,13,14,0,0,0,0,0,0,0,0,0,0,1,1,0,0,0,0,0,0,0,0,7,0,0,0,0,8,1,1,7,8,0,0,0,0,0,0,0,0,0,0,0,0,0,0,0,0,0,0,0,0,0,0,0,0,0,0,0,0,0,0,0,0,0,0,0,0,0,0,0,0,0,0,0,0,0,0,0,0,0,0,0,0,0,0,0,0,0,0,0,0,,,,,,,,,,,,,,,,,,,,,,,,,,,,,,,,,,,,,,,,,,,,,,,,,,,,
midvale police department,1973-10-01,utah,8663,UT01801,0,0,0,0,0,1,1,0,0,0,0,0,0,2,0,0,0,0,2,7,7,0,0,11,0,0,0,0,19,0,1,18,19,0,0,1,1,0,0,0,0,0,0,2,0,0,0,0,2,4,4,0,0,6,0,0,0,0,11,0,1,10,11,0,0,0,0,0,0,0,0,0,0,1,0,0,0,0,1,4,4,0,0,2,0,0,0,0,6,0,0,6,6,0,0,0,0,0,0,0,0,0,0,0,0,0,0,0,0,0,0,0,0,0,0,0,0,0,0,0,0,0,0,,,,,,,,,,,,,,,,,,,,,,,,,,,,,,,,,,,,,,,,,,,,,,,,,,,,
midvale police department,1973-09-01,utah,8663,UT01801,0,0,0,0,0,0,0,0,0,0,0,0,0,1,0,0,0,0,1,9,9,0,0,21,6,6,0,0,36,0,0,36,36,0,0,0,0,0,0,0,0,0,0,2,1,0,0,0,1,2,2,0,0,7,0,0,0,0,10,1,1,9,10,0,0,0,0,0,0,0,0,0,0,1,0,0,0,0,1,2,2,0,0,2,0,0,0,0,4,0,0,4,4,0,0,0,0,0,0,0,0,0,0,0,0,0,0,0,0,0,0,0,0,0,0,0,0,0,0,0,0,0,0,,,,,,,,,,,,,,,,,,,,,,,,,,,,,,,,,,,,,,,,,,,,,,,,,,,,
midvale police department,1973-08-01,utah,8663,UT01801,0,0,0,0,0,1,0,1,1,1,0,0,0,5,2,0,0,0,3,3,3,0,0,46,1,1,0,0,54,2,4,50,54,0,0,0,0,0,0,0,0,0,0,4,1,0,0,0,3,1,1,0,0,23,1,1,0,0,26,1,1,25,26,0,0,0,0,0,0,0,0,0,0,0,0,0,0,0,0,1,1,0,0,11,0,0,0,0,12,0,0,12,12,0,0,0,0,0,0,0,0,0,0,0,0,0,0,0,0,0,0,0,0,0,0,0,0,0,0,0,0,0,0,,,,,,,,,,,,,,,,,,,,,,,,,,,,,,,,,,,,,,,,,,,,,,,,,,,,
midvale police department,1973-07-01,utah,8663,UT01801,0,0,0,0,0,0,0,0,0,0,0,0,0,6,0,0,0,6,0,5,3,2,0,16,0,0,0,0,27,6,6,21,27,0,0,0,0,0,0,0,0,0,0,5,0,0,0,5,0,3,2,1,0,10,1,1,0,0,19,5,5,14,19,0,0,0,0,0,0,0,0,0,0,2,0,0,0,2,0,2,2,0,0,6,0,0,0,0,10,2,2,8,10,0,0,0,0,0,0,0,0,0,0,0,0,0,0,0,0,0,0,0,0,0,0,0,0,0,0,0,0,0,0,,,,,,,,,,,,,,,,,,,,,,,,,,,,,,,,,,,,,,,,,,,,,,,,,,,,
midvale police department,1973-06-01,utah,8663,UT01801,0,0,0,0,0,0,0,0,0,0,0,0,0,0,0,0,0,0,0,6,4,2,0,32,2,2,0,0,40,0,0,40,40,0,0,0,0,0,0,0,0,0,0,0,0,0,0,0,0,3,2,1,0,14,2,2,0,0,19,0,0,19,19,0,0,0,0,0,0,0,0,0,0,0,0,0,0,0,0,0,0,0,0,12,0,0,0,0,12,0,0,12,12,0,0,0,0,0,0,0,0,0,0,0,0,0,0,0,0,0,0,0,0,0,0,0,0,0,0,0,0,0,0,,,,,,,,,,,,,,,,,,,,,,,,,,,,,,,,,,,,,,,,,,,,,,,,,,,,
midvale police department,1973-05-01,utah,8663,UT01801,0,0,0,0,0,0,0,0,0,0,0,0,0,1,0,0,0,1,0,8,8,0,0,29,1,1,0,0,39,1,1,38,39,0,0,0,0,0,0,0,0,0,0,1,0,0,0,1,0,7,7,0,0,7,0,0,0,0,15,1,1,14,15,0,0,0,0,0,0,0,0,0,0,0,0,0,0,0,0,7,7,0,0,5,0,0,0,0,12,0,0,12,12,0,0,0,0,0,0,0,0,0,0,0,0,0,0,0,0,0,0,0,0,0,0,0,0,0,0,0,0,0,0,,,,,,,,,,,,,,,,,,,,,,,,,,,,,,,,,,,,,,,,,,,,,,,,,,,,
midvale police department,1973-04-01,utah,8663,UT01801,0,0,0,0,0,0,0,0,0,0,0,0,0,0,0,0,0,0,0,3,3,0,0,23,4,4,0,0,30,0,0,30,30,0,0,0,0,0,0,0,0,0,0,0,0,0,0,0,0,2,2,0,0,10,1,1,0,0,13,0,0,13,13,0,0,0,0,0,0,0,0,0,0,0,0,0,0,0,0,2,2,0,0,7,1,1,0,0,10,0,0,10,10,0,0,0,0,0,0,0,0,0,0,0,0,0,0,0,0,0,0,0,0,0,0,0,0,0,0,0,0,0,0,,,,,,,,,,,,,,,,,,,,,,,,,,,,,,,,,,,,,,,,,,,,,,,,,,,,
midvale police department,1973-03-01,utah,8663,UT01801,0,0,0,0,0,0,0,0,1,0,0,0,1,2,0,2,0,0,0,5,3,2,0,26,2,2,0,0,36,2,3,33,36,0,0,0,0,0,0,0,0,0,0,2,0,2,0,0,0,1,0,1,0,13,2,2,0,0,18,2,2,16,18,0,0,0,0,0,0,0,0,0,0,0,0,0,0,0,0,0,0,0,0,10,0,0,0,0,10,0,0,10,10,0,0,0,0,0,0,0,0,0,0,0,0,0,0,0,0,0,0,0,0,0,0,0,0,0,0,0,0,0,0,,,,,,,,,,,,,,,,,,,,,,,,,,,,,,,,,,,,,,,,,,,,,,,,,,,,
midvale police department,1973-02-01,utah,8663,UT01801,0,0,0,0,0,0,0,0,1,1,0,0,0,1,0,1,0,0,0,2,2,0,0,26,0,0,0,0,30,1,2,28,30,0,0,0,0,0,1,1,0,0,0,1,0,1,0,0,0,1,1,0,0,8,3,3,0,0,14,1,2,12,14,0,0,0,0,0,0,0,0,0,0,0,0,0,0,0,0,0,0,0,0,7,0,0,0,0,7,0,0,7,7,0,0,0,0,0,0,0,0,0,0,0,0,0,0,0,0,0,0,0,0,0,0,0,0,0,0,0,0,0,0,,,,,,,,,,,,,,,,,,,,,,,,,,,,,,,,,,,,,,,,,,,,,,,,,,,,
midvale police department,1973-01-01,utah,8663,UT01801,0,0,0,0,0,1,0,1,0,0,0,0,0,0,0,0,0,0,0,1,1,0,0,18,1,1,0,0,21,0,1,20,21,0,0,0,0,0,0,0,0,0,0,0,0,0,0,0,0,0,0,0,0,11,0,0,0,0,11,0,0,11,11,0,0,0,0,0,0,0,0,0,0,0,0,0,0,0,0,0,0,0,0,10,0,0,0,0,10,0,0,10,10,0,0,0,0,0,0,0,0,0,0,0,0,0,0,0,0,0,0,0,0,0,0,0,0,0,0,0,0,0,0,,,,,,,,,,,,,,,,,,,,,,,,,,,,,,,,,,,,,,,,,,,,,,,,,,,,
midvale police department,1972-12-01,utah,7951,UT01801,0,0,0,0,0,0,0,0,1,0,0,0,1,0,0,0,0,0,0,1,1,0,0,10,3,3,0,0,15,0,1,14,15,0,0,0,0,0,0,0,0,0,0,0,0,0,0,0,0,0,0,0,0,0,0,0,0,0,0,0,0,0,0,0,0,0,0,0,0,0,0,0,0,0,0,0,0,0,0,0,0,0,0,0,0,0,0,0,0,0,0,0,0,0,0,0,0,0,0,0,0,0,0,0,0,0,0,0,0,0,0,0,0,0,0,0,0,0,0,0,0,0,0,,,,,,,,,,,,,,,,,,,,,,,,,,,,,,,,,,,,,,,,,,,,,,,,,,,,
midvale police department,1972-11-01,utah,7951,UT01801,0,0,0,0,0,0,0,0,1,1,0,0,0,0,0,0,0,0,0,9,8,0,1,14,1,1,0,0,25,0,1,24,25,0,0,0,0,0,0,0,0,0,0,0,0,0,0,0,0,0,0,0,0,0,0,0,0,0,0,0,0,0,0,0,0,0,0,0,0,0,0,0,0,0,0,0,0,0,0,0,0,0,0,0,0,0,0,0,0,0,0,0,0,0,0,0,0,0,0,0,0,0,0,0,0,0,0,0,0,0,0,0,0,0,0,0,0,0,0,0,0,0,0,,,,,,,,,,,,,,,,,,,,,,,,,,,,,,,,,,,,,,,,,,,,,,,,,,,,
midvale police department,1972-10-01,utah,7951,UT01801,0,0,0,0,0,0,0,0,0,0,0,0,0,0,0,0,0,0,0,6,6,0,0,21,0,0,0,0,27,0,0,27,27,0,0,0,0,0,0,0,0,0,0,0,0,0,0,0,0,2,2,0,0,4,0,0,0,0,6,0,0,6,6,0,0,0,0,0,0,0,0,0,0,0,0,0,0,0,0,2,2,0,0,4,0,0,0,0,6,0,0,6,6,0,0,0,0,0,0,0,0,0,0,0,0,0,0,0,0,0,0,0,0,0,0,0,0,0,0,0,0,0,0,,,,,,,,,,,,,,,,,,,,,,,,,,,,,,,,,,,,,,,,,,,,,,,,,,,,
midvale police department,1972-09-01,utah,7951,UT01801,0,0,0,0,0,0,0,0,0,0,0,0,0,2,0,0,1,1,0,10,10,0,0,27,4,4,0,0,43,2,2,41,43,0,0,0,0,0,0,0,0,0,0,2,0,0,1,1,0,2,2,0,0,7,2,2,0,0,13,2,2,11,13,0,0,0,0,0,0,0,0,0,0,2,0,0,1,1,0,0,0,0,0,7,2,2,0,0,11,2,2,9,11,0,0,0,0,0,0,0,0,0,0,0,0,0,0,0,0,0,0,0,0,0,0,0,0,0,0,0,0,0,0,,,,,,,,,,,,,,,,,,,,,,,,,,,,,,,,,,,,,,,,,,,,,,,,,,,,
midvale police department,1972-08-01,utah,7951,UT01801,0,0,0,0,0,0,0,0,0,0,0,0,0,0,0,0,0,0,0,4,4,0,0,31,5,5,0,0,40,0,0,40,40,0,0,0,0,0,0,0,0,0,0,0,0,0,0,0,0,0,0,0,0,19,5,5,0,0,24,0,0,24,24,0,0,0,0,0,0,0,0,0,0,0,0,0,0,0,0,0,0,0,0,14,0,0,0,0,14,0,0,14,14,0,0,0,0,0,0,0,0,0,0,0,0,0,0,0,0,0,0,0,0,0,0,0,0,0,0,0,0,0,0,,,,,,,,,,,,,,,,,,,,,,,,,,,,,,,,,,,,,,,,,,,,,,,,,,,,
midvale police department,1972-07-01,utah,7951,UT01801,0,0,0,0,0,0,0,0,0,0,0,0,0,0,0,0,0,0,0,6,6,0,0,15,0,0,0,0,21,0,0,21,21,0,0,0,0,0,0,0,0,0,0,0,0,0,0,0,0,0,0,0,0,0,0,0,0,0,0,0,0,0,0,0,0,0,0,0,0,0,0,0,0,0,0,0,0,0,0,0,0,0,0,0,0,0,0,0,0,0,0,0,0,0,0,0,0,0,0,0,0,0,0,0,0,0,0,0,0,0,0,0,0,0,0,0,0,0,0,0,0,0,0,,,,,,,,,,,,,,,,,,,,,,,,,,,,,,,,,,,,,,,,,,,,,,,,,,,,
midvale police department,1972-06-01,utah,7951,UT01801,0,0,0,0,0,1,0,1,2,2,0,0,0,0,0,0,0,0,0,2,2,0,0,42,6,6,0,0,53,0,3,50,53,0,0,0,0,0,0,0,0,0,0,0,0,0,0,0,0,0,0,0,0,17,6,6,0,0,23,0,0,23,23,0,0,0,0,0,0,0,0,0,0,0,0,0,0,0,0,0,0,0,0,14,1,1,0,0,15,0,0,15,15,0,0,0,0,0,0,0,0,0,0,0,0,0,0,0,0,0,0,0,0,0,0,0,0,0,0,0,0,0,0,,,,,,,,,,,,,,,,,,,,,,,,,,,,,,,,,,,,,,,,,,,,,,,,,,,,
midvale police department,1972-05-01,utah,7951,UT01801,0,0,0,0,0,1,0,1,0,0,0,0,0,0,0,0,0,0,0,4,4,0,0,34,7,7,0,0,46,0,1,45,46,0,0,0,0,0,0,0,0,0,0,0,0,0,0,0,0,1,1,0,0,8,1,1,0,0,10,0,0,10,10,0,0,0,0,0,0,0,0,0,0,0,0,0,0,0,0,0,0,0,0,4,0,0,0,0,4,0,0,4,4,0,0,0,0,0,0,0,0,0,0,0,0,0,0,0,0,0,0,0,0,0,0,0,0,0,0,0,0,0,0,,,,,,,,,,,,,,,,,,,,,,,,,,,,,,,,,,,,,,,,,,,,,,,,,,,,
midvale police department,1972-04-01,utah,7951,UT01801,0,0,0,0,0,0,0,0,0,0,0,0,0,0,0,0,0,0,0,3,3,0,0,22,15,15,0,0,40,0,0,40,40,0,0,0,0,0,0,0,0,0,0,0,0,0,0,0,0,1,1,0,0,7,19,19,0,0,27,0,0,27,27,0,0,0,0,0,0,0,0,0,0,0,0,0,0,0,0,0,0,0,0,0,2,2,0,0,2,0,0,2,2,0,0,0,0,0,0,0,0,0,0,0,0,0,0,0,0,0,0,0,0,0,0,0,0,0,0,0,0,0,0,,,,,,,,,,,,,,,,,,,,,,,,,,,,,,,,,,,,,,,,,,,,,,,,,,,,
midvale police department,1972-03-01,utah,7951,UT01801,0,0,0,0,0,1,1,0,0,0,0,0,0,0,0,0,0,0,0,4,4,0,0,42,6,6,0,0,53,0,1,52,53,0,0,1,1,0,0,0,0,0,0,0,0,0,0,0,0,0,0,0,0,14,6,6,0,0,21,0,1,20,21,0,0,0,0,0,0,0,0,0,0,0,0,0,0,0,0,0,0,0,0,13,6,6,0,0,19,0,0,19,19,0,0,0,0,0,0,0,0,0,0,0,0,0,0,0,0,0,0,0,0,0,0,0,0,0,0,0,0,0,0,,,,,,,,,,,,,,,,,,,,,,,,,,,,,,,,,,,,,,,,,,,,,,,,,,,,
midvale police department,1972-02-01,utah,7951,UT01801,0,0,0,0,0,0,0,0,0,0,0,0,0,0,0,0,0,0,0,4,4,0,0,13,6,6,0,0,23,0,0,23,23,0,0,0,0,0,0,0,0,0,0,0,0,0,0,0,0,1,1,0,0,5,0,0,0,0,6,0,0,6,6,0,0,0,0,0,0,0,0,0,0,0,0,0,0,0,0,0,0,0,0,0,0,0,0,0,0,0,0,0,0,0,0,0,0,0,0,0,0,0,0,0,0,0,0,0,0,0,0,0,0,0,0,0,0,0,0,0,0,0,0,,,,,,,,,,,,,,,,,,,,,,,,,,,,,,,,,,,,,,,,,,,,,,,,,,,,
midvale police department,1972-01-01,utah,7951,UT01801,0,0,0,0,0,0,0,0,0,0,0,0,0,0,0,0,0,0,0,0,0,0,0,13,3,3,0,0,16,0,0,16,16,0,0,0,0,0,0,0,0,0,0,0,0,0,0,0,0,0,0,0,0,1,2,2,0,0,3,0,0,3,3,0,0,0,0,0,0,0,0,0,0,0,0,0,0,0,0,0,0,0,0,0,0,0,0,0,0,0,0,0,0,0,0,0,0,0,0,0,0,0,0,0,0,0,0,0,0,0,0,0,0,0,0,0,0,0,0,0,0,0,0,,,,,,,,,,,,,,,,,,,,,,,,,,,,,,,,,,,,,,,,,,,,,,,,,,,,
midvale police department,1971-12-01,utah,,UT01801,,,,,,,,,,,,,,,,,,,,,,,,,,,,,,,,,,,,,,,,,,,,,,,,,,,,,,,,,,,,,,,,,,,,,,,,,,,,,,,,,,,,,,,,,,,,,,,,,,,,,,,,,,,,,,,,,,,,,,,,,,,,,,,,,,,,,,,,,,,,,,,,,,,,,,,,,,,,,,,,,,,,,,,,,,,,,,,
midvale police department,1971-11-01,utah,,UT01801,,,,,,,,,,,,,,,,,,,,,,,,,,,,,,,,,,,,,,,,,,,,,,,,,,,,,,,,,,,,,,,,,,,,,,,,,,,,,,,,,,,,,,,,,,,,,,,,,,,,,,,,,,,,,,,,,,,,,,,,,,,,,,,,,,,,,,,,,,,,,,,,,,,,,,,,,,,,,,,,,,,,,,,,,,,,,,,
midvale police department,1971-10-01,utah,,UT01801,,,,,,,,,,,,,,,,,,,,,,,,,,,,,,,,,,,,,,,,,,,,,,,,,,,,,,,,,,,,,,,,,,,,,,,,,,,,,,,,,,,,,,,,,,,,,,,,,,,,,,,,,,,,,,,,,,,,,,,,,,,,,,,,,,,,,,,,,,,,,,,,,,,,,,,,,,,,,,,,,,,,,,,,,,,,,,,
midvale police department,1971-09-01,utah,,UT01801,,,,,,,,,,,,,,,,,,,,,,,,,,,,,,,,,,,,,,,,,,,,,,,,,,,,,,,,,,,,,,,,,,,,,,,,,,,,,,,,,,,,,,,,,,,,,,,,,,,,,,,,,,,,,,,,,,,,,,,,,,,,,,,,,,,,,,,,,,,,,,,,,,,,,,,,,,,,,,,,,,,,,,,,,,,,,,,
midvale police department,1971-08-01,utah,,UT01801,,,,,,,,,,,,,,,,,,,,,,,,,,,,,,,,,,,,,,,,,,,,,,,,,,,,,,,,,,,,,,,,,,,,,,,,,,,,,,,,,,,,,,,,,,,,,,,,,,,,,,,,,,,,,,,,,,,,,,,,,,,,,,,,,,,,,,,,,,,,,,,,,,,,,,,,,,,,,,,,,,,,,,,,,,,,,,,
midvale police department,1971-07-01,utah,,UT01801,,,,,,,,,,,,,,,,,,,,,,,,,,,,,,,,,,,,,,,,,,,,,,,,,,,,,,,,,,,,,,,,,,,,,,,,,,,,,,,,,,,,,,,,,,,,,,,,,,,,,,,,,,,,,,,,,,,,,,,,,,,,,,,,,,,,,,,,,,,,,,,,,,,,,,,,,,,,,,,,,,,,,,,,,,,,,,,
midvale police department,1971-06-01,utah,,UT01801,,,,,,,,,,,,,,,,,,,,,,,,,,,,,,,,,,,,,,,,,,,,,,,,,,,,,,,,,,,,,,,,,,,,,,,,,,,,,,,,,,,,,,,,,,,,,,,,,,,,,,,,,,,,,,,,,,,,,,,,,,,,,,,,,,,,,,,,,,,,,,,,,,,,,,,,,,,,,,,,,,,,,,,,,,,,,,,
midvale police department,1971-05-01,utah,,UT01801,,,,,,,,,,,,,,,,,,,,,,,,,,,,,,,,,,,,,,,,,,,,,,,,,,,,,,,,,,,,,,,,,,,,,,,,,,,,,,,,,,,,,,,,,,,,,,,,,,,,,,,,,,,,,,,,,,,,,,,,,,,,,,,,,,,,,,,,,,,,,,,,,,,,,,,,,,,,,,,,,,,,,,,,,,,,,,,
midvale police department,1971-04-01,utah,,UT01801,,,,,,,,,,,,,,,,,,,,,,,,,,,,,,,,,,,,,,,,,,,,,,,,,,,,,,,,,,,,,,,,,,,,,,,,,,,,,,,,,,,,,,,,,,,,,,,,,,,,,,,,,,,,,,,,,,,,,,,,,,,,,,,,,,,,,,,,,,,,,,,,,,,,,,,,,,,,,,,,,,,,,,,,,,,,,,,
midvale police department,1971-03-01,utah,,UT01801,,,,,,,,,,,,,,,,,,,,,,,,,,,,,,,,,,,,,,,,,,,,,,,,,,,,,,,,,,,,,,,,,,,,,,,,,,,,,,,,,,,,,,,,,,,,,,,,,,,,,,,,,,,,,,,,,,,,,,,,,,,,,,,,,,,,,,,,,,,,,,,,,,,,,,,,,,,,,,,,,,,,,,,,,,,,,,,
midvale police department,1971-02-01,utah,,UT01801,,,,,,,,,,,,,,,,,,,,,,,,,,,,,,,,,,,,,,,,,,,,,,,,,,,,,,,,,,,,,,,,,,,,,,,,,,,,,,,,,,,,,,,,,,,,,,,,,,,,,,,,,,,,,,,,,,,,,,,,,,,,,,,,,,,,,,,,,,,,,,,,,,,,,,,,,,,,,,,,,,,,,,,,,,,,,,,
midvale police department,1971-01-01,utah,,UT01801,,,,,,,,,,,,,,,,,,,,,,,,,,,,,,,,,,,,,,,,,,,,,,,,,,,,,,,,,,,,,,,,,,,,,,,,,,,,,,,,,,,,,,,,,,,,,,,,,,,,,,,,,,,,,,,,,,,,,,,,,,,,,,,,,,,,,,,,,,,,,,,,,,,,,,,,,,,,,,,,,,,,,,,,,,,,,,,
midvale police department,1970-12-01,utah,7840,UT01801,0,0,0,0,0,0,0,0,0,0,0,0,0,0,0,0,0,0,0,6,0,6,0,17,2,2,0,0,25,0,0,25,25,0,0,0,0,0,0,0,0,0,0,0,0,0,0,0,0,0,0,0,0,10,2,2,0,0,12,0,0,12,12,0,0,0,0,0,0,0,0,0,0,0,0,0,0,0,0,0,0,0,0,0,0,0,0,0,0,0,0,0,0,0,0,0,0,0,0,0,0,0,0,0,0,0,0,0,0,0,0,0,0,0,0,0,0,0,0,0,0,0,0,,,,,,,,,,,,,,,,,,,,,,,,,,,,,,,,,,,,,,,,,,,,,,,,,,,,
midvale police department,1970-11-01,utah,7840,UT01801,0,0,0,0,0,0,0,0,0,0,0,0,0,0,0,0,0,0,0,1,0,1,0,15,2,2,0,0,18,0,0,18,18,0,0,0,0,0,0,0,0,0,0,0,0,0,0,0,0,1,0,1,0,7,2,2,0,0,10,0,0,10,10,0,0,0,0,0,0,0,0,0,0,0,0,0,0,0,0,0,0,0,0,0,0,0,0,0,0,0,0,0,0,0,0,0,0,0,0,0,0,0,0,0,0,0,0,0,0,0,0,0,0,0,0,0,0,0,0,0,0,0,0,,,,,,,,,,,,,,,,,,,,,,,,,,,,,,,,,,,,,,,,,,,,,,,,,,,,
midvale police department,1970-10-01,utah,7840,UT01801,0,0,0,0,0,0,0,0,0,0,0,0,0,0,0,0,0,0,0,1,0,1,0,14,3,3,0,0,18,0,0,18,18,0,0,0,0,0,0,0,0,0,0,0,0,0,0,0,0,1,0,1,0,11,3,3,0,0,15,0,0,15,15,0,0,0,0,0,0,0,0,0,0,0,0,0,0,0,0,0,0,0,0,0,0,0,0,0,0,0,0,0,0,0,0,0,0,0,0,0,0,0,0,0,0,0,0,0,0,0,0,0,0,0,0,0,0,0,0,0,0,0,0,,,,,,,,,,,,,,,,,,,,,,,,,,,,,,,,,,,,,,,,,,,,,,,,,,,,
midvale police department,1970-09-01,utah,7840,UT01801,0,0,0,0,0,0,0,0,0,0,0,0,0,0,0,0,0,0,0,3,0,3,0,14,0,0,0,0,17,0,0,17,17,0,0,0,0,0,0,0,0,0,0,0,0,0,0,0,0,1,0,1,0,12,0,0,0,0,13,0,0,13,13,0,0,0,0,0,0,0,0,0,0,0,0,0,0,0,0,0,0,0,0,0,0,0,0,0,0,0,0,0,0,0,0,0,0,0,0,0,0,0,0,0,0,0,0,0,0,0,0,0,0,0,0,0,0,0,0,0,0,0,0,,,,,,,,,,,,,,,,,,,,,,,,,,,,,,,,,,,,,,,,,,,,,,,,,,,,
midvale police department,1970-08-01,utah,7840,UT01801,0,0,0,0,0,0,0,0,0,0,0,0,0,0,0,0,0,0,0,3,0,3,0,17,0,0,0,0,20,0,0,20,20,0,0,0,0,0,0,0,0,0,0,0,0,0,0,0,0,1,0,1,0,13,0,0,0,0,14,0,0,14,14,0,0,0,0,0,0,0,0,0,0,0,0,0,0,0,0,0,0,0,0,0,0,0,0,0,0,0,0,0,0,0,0,0,0,0,0,0,0,0,0,0,0,0,0,0,0,0,0,0,0,0,0,0,0,0,0,0,0,0,0,,,,,,,,,,,,,,,,,,,,,,,,,,,,,,,,,,,,,,,,,,,,,,,,,,,,
midvale police department,1970-07-01,utah,7840,UT01801,0,0,0,0,0,0,0,0,0,0,0,0,0,0,0,0,0,0,0,6,0,6,0,13,0,0,0,0,19,0,0,19,19,0,0,0,0,0,0,0,0,0,0,0,0,0,0,0,0,0,0,0,0,6,0,0,0,0,6,0,0,6,6,0,0,0,0,0,0,0,0,0,0,0,0,0,0,0,0,0,0,0,0,0,0,0,0,0,0,0,0,0,0,0,0,0,0,0,0,0,0,0,0,0,0,0,0,0,0,0,0,0,0,0,0,0,0,0,0,0,0,0,0,,,,,,,,,,,,,,,,,,,,,,,,,,,,,,,,,,,,,,,,,,,,,,,,,,,,
midvale police department,1970-06-01,utah,7840,UT01801,0,0,0,0,0,0,0,0,0,0,0,0,0,0,0,0,0,0,0,2,0,2,0,14,2,2,0,0,18,0,0,18,18,0,0,0,0,0,0,0,0,0,0,0,0,0,0,0,0,1,0,1,0,11,2,2,0,0,14,0,0,14,14,0,0,0,0,0,0,0,0,0,0,0,0,0,0,0,0,0,0,0,0,0,0,0,0,0,0,0,0,0,0,0,0,0,0,0,0,0,0,0,0,0,0,0,0,0,0,0,0,0,0,0,0,0,0,0,0,0,0,0,0,,,,,,,,,,,,,,,,,,,,,,,,,,,,,,,,,,,,,,,,,,,,,,,,,,,,
midvale police department,1970-05-01,utah,7840,UT01801,0,0,0,0,0,0,0,0,0,0,0,0,0,0,0,0,0,0,0,2,0,2,0,10,0,0,0,0,12,0,0,12,12,0,0,0,0,0,0,0,0,0,0,0,0,0,0,0,0,1,0,1,0,6,0,0,0,0,7,0,0,7,7,0,0,0,0,0,0,0,0,0,0,0,0,0,0,0,0,0,0,0,0,0,0,0,0,0,0,0,0,0,0,0,0,0,0,0,0,0,0,0,0,0,0,0,0,0,0,0,0,0,0,0,0,0,0,0,0,0,0,0,0,,,,,,,,,,,,,,,,,,,,,,,,,,,,,,,,,,,,,,,,,,,,,,,,,,,,
midvale police department,1970-04-01,utah,7840,UT01801,0,0,0,0,0,0,0,0,0,0,0,0,0,0,0,0,0,0,0,5,0,5,0,11,1,1,0,0,17,0,0,17,17,0,0,0,0,0,0,0,0,0,0,0,0,0,0,0,0,3,0,3,0,13,1,1,0,0,17,0,0,17,17,0,0,0,0,0,0,0,0,0,0,0,0,0,0,0,0,0,0,0,0,0,0,0,0,0,0,0,0,0,0,0,0,0,0,0,0,0,0,0,0,0,0,0,0,0,0,0,0,0,0,0,0,0,0,0,0,0,0,0,0,,,,,,,,,,,,,,,,,,,,,,,,,,,,,,,,,,,,,,,,,,,,,,,,,,,,
midvale police department,1970-03-01,utah,7840,UT01801,0,0,0,0,0,0,0,0,0,0,0,0,0,0,0,0,0,0,0,1,0,1,0,17,2,2,0,0,20,0,0,20,20,0,0,0,0,0,0,0,0,0,0,0,0,0,0,0,0,2,0,2,0,9,2,2,0,0,13,0,0,13,13,0,0,0,0,0,0,0,0,0,0,0,0,0,0,0,0,0,0,0,0,0,0,0,0,0,0,0,0,0,0,0,0,0,0,0,0,0,0,0,0,0,0,0,0,0,0,0,0,0,0,0,0,0,0,0,0,0,0,0,0,,,,,,,,,,,,,,,,,,,,,,,,,,,,,,,,,,,,,,,,,,,,,,,,,,,,
midvale police department,1970-02-01,utah,7840,UT01801,0,0,0,0,0,0,0,0,0,0,0,0,0,0,0,0,0,0,0,0,0,0,0,8,0,0,0,0,8,0,0,8,8,0,0,0,0,0,0,0,0,0,0,0,0,0,0,0,0,5,0,5,0,9,0,0,0,0,14,0,0,14,14,0,0,0,0,0,0,0,0,0,0,0,0,0,0,0,0,0,0,0,0,0,0,0,0,0,0,0,0,0,0,0,0,0,0,0,0,0,0,0,0,0,0,0,0,0,0,0,0,0,0,0,0,0,0,0,0,0,0,0,0,,,,,,,,,,,,,,,,,,,,,,,,,,,,,,,,,,,,,,,,,,,,,,,,,,,,
midvale police department,1970-01-01,utah,7840,UT01801,0,0,0,0,0,0,0,0,0,0,0,0,0,0,0,0,0,0,0,2,0,2,0,15,1,1,0,0,18,0,0,18,18,0,0,0,0,0,0,0,0,0,0,0,0,0,0,0,0,0,0,0,0,8,1,1,0,0,9,0,0,9,9,0,0,0,0,0,0,0,0,0,0,0,0,0,0,0,0,0,0,0,0,0,0,0,0,0,0,0,0,0,0,0,0,0,0,0,0,0,0,0,0,0,0,0,0,0,0,0,0,0,0,0,0,0,0,0,0,0,0,0,0,,,,,,,,,,,,,,,,,,,,,,,,,,,,,,,,,,,,,,,,,,,,,,,,,,,,
midvale police department,1969-12-01,utah,7376,UT01801,0,0,0,0,0,0,0,0,1,1,0,0,0,0,0,0,0,0,0,6,0,6,0,24,1,1,0,0,32,0,1,31,32,0,0,0,0,0,0,0,0,0,0,0,0,0,0,0,0,0,0,0,0,0,0,0,0,0,0,0,0,0,0,0,0,0,0,0,0,0,0,0,0,0,0,0,0,0,0,0,0,0,0,0,0,0,0,0,0,0,0,0,0,0,0,0,0,0,0,0,0,0,0,0,0,0,0,0,0,0,0,0,0,0,0,0,0,0,0,0,0,0,0,,,,,,,,,,,,,,,,,,,,,,,,,,,,,,,,,,,,,,,,,,,,,,,,,,,,
midvale police department,1969-11-01,utah,7376,UT01801,0,0,0,0,0,0,0,0,0,0,0,0,0,0,0,0,0,0,0,5,0,5,0,10,3,3,0,0,18,0,0,18,18,0,0,0,0,0,0,0,0,0,0,0,0,0,0,0,0,1,0,1,0,7,3,3,0,0,11,0,0,11,11,0,0,0,0,0,0,0,0,0,0,0,0,0,0,0,0,0,0,0,0,0,0,0,0,0,0,0,0,0,0,0,0,0,0,0,0,0,0,0,0,0,0,0,0,0,0,0,0,0,0,0,0,0,0,0,0,0,0,0,0,,,,,,,,,,,,,,,,,,,,,,,,,,,,,,,,,,,,,,,,,,,,,,,,,,,,
midvale police department,1969-10-01,utah,7376,UT01801,0,0,0,0,0,0,0,0,0,0,0,0,0,0,0,0,0,0,0,2,0,2,0,18,0,0,0,0,20,0,0,20,20,0,0,0,0,0,0,0,0,0,0,0,0,0,0,0,0,0,0,0,0,12,0,0,0,0,12,0,0,12,12,0,0,0,0,0,0,0,0,0,0,0,0,0,0,0,0,0,0,0,0,0,0,0,0,0,0,0,0,0,0,0,0,0,0,0,0,0,0,0,0,0,0,0,0,0,0,0,0,0,0,0,0,0,0,0,0,0,0,0,0,,,,,,,,,,,,,,,,,,,,,,,,,,,,,,,,,,,,,,,,,,,,,,,,,,,,
midvale police department,1969-09-01,utah,7376,UT01801,0,0,0,0,0,0,0,0,0,0,0,0,0,0,0,0,0,0,0,2,0,2,0,12,0,0,0,0,14,0,0,14,14,0,0,0,0,0,0,0,0,0,0,0,0,0,0,0,0,0,0,0,0,16,0,0,0,0,16,0,0,16,16,0,0,0,0,0,0,0,0,0,0,0,0,0,0,0,0,0,0,0,0,0,0,0,0,0,0,0,0,0,0,0,0,0,0,0,0,0,0,0,0,0,0,0,0,0,0,0,0,0,0,0,0,0,0,0,0,0,0,0,0,,,,,,,,,,,,,,,,,,,,,,,,,,,,,,,,,,,,,,,,,,,,,,,,,,,,
midvale police department,1969-08-01,utah,7376,UT01801,0,0,0,0,0,0,0,0,0,0,0,0,0,0,0,0,0,0,0,0,0,0,0,20,0,0,0,0,20,0,0,20,20,0,0,0,0,0,0,0,0,0,0,0,0,0,0,0,0,0,0,0,0,10,0,0,0,0,10,0,0,10,10,0,0,0,0,0,0,0,0,0,0,0,0,0,0,0,0,0,0,0,0,0,0,0,0,0,0,0,0,0,0,0,0,0,0,0,0,0,0,0,0,0,0,0,0,0,0,0,0,0,0,0,0,0,0,0,0,0,0,0,0,,,,,,,,,,,,,,,,,,,,,,,,,,,,,,,,,,,,,,,,,,,,,,,,,,,,
midvale police department,1969-07-01,utah,7376,UT01801,0,0,0,0,0,0,0,0,0,0,0,0,0,0,0,0,0,0,0,7,0,7,0,14,0,0,0,0,21,0,0,21,21,0,0,0,0,0,0,0,0,0,0,0,0,0,0,0,0,6,0,6,0,10,0,0,0,0,16,0,0,16,16,0,0,0,0,0,0,0,0,0,0,0,0,0,0,0,0,0,0,0,0,0,0,0,0,0,0,0,0,0,0,0,0,0,0,0,0,0,0,0,0,0,0,0,0,0,0,0,0,0,0,0,0,0,0,0,0,0,0,0,0,,,,,,,,,,,,,,,,,,,,,,,,,,,,,,,,,,,,,,,,,,,,,,,,,,,,
midvale police department,1969-06-01,utah,7376,UT01801,0,0,0,0,0,0,0,0,0,0,0,0,0,0,0,0,0,0,0,5,0,5,0,17,0,0,0,0,22,0,0,22,22,0,0,0,0,0,0,0,0,0,0,0,0,0,0,0,0,0,0,0,0,11,0,0,0,0,11,0,0,11,11,0,0,0,0,0,0,0,0,0,0,0,0,0,0,0,0,0,0,0,0,0,0,0,0,0,0,0,0,0,0,0,0,0,0,0,0,0,0,0,0,0,0,0,0,0,0,0,0,0,0,0,0,0,0,0,0,0,0,0,0,,,,,,,,,,,,,,,,,,,,,,,,,,,,,,,,,,,,,,,,,,,,,,,,,,,,
midvale police department,1969-05-01,utah,7376,UT01801,0,0,0,0,0,0,0,0,0,0,0,0,0,0,0,0,0,0,0,1,0,1,0,18,1,1,0,0,20,0,0,20,20,0,0,0,0,0,0,0,0,0,0,0,0,0,0,0,0,3,0,3,0,11,1,1,0,0,15,0,0,15,15,0,0,0,0,0,0,0,0,0,0,0,0,0,0,0,0,0,0,0,0,0,0,0,0,0,0,0,0,0,0,0,0,0,0,0,0,0,0,0,0,0,0,0,0,0,0,0,0,0,0,0,0,0,0,0,0,0,0,0,0,,,,,,,,,,,,,,,,,,,,,,,,,,,,,,,,,,,,,,,,,,,,,,,,,,,,
midvale police department,1969-04-01,utah,7376,UT01801,0,0,0,0,0,1,1,0,0,0,0,0,0,0,0,0,0,0,0,2,0,2,0,11,1,1,0,0,15,0,1,14,15,0,0,1,1,0,0,0,0,0,0,0,0,0,0,0,0,3,0,3,0,17,3,3,0,0,24,0,1,23,24,0,0,0,0,0,0,0,0,0,0,0,0,0,0,0,0,0,0,0,0,0,0,0,0,0,0,0,0,0,0,0,0,0,0,0,0,0,0,0,0,0,0,0,0,0,0,0,0,0,0,0,0,0,0,0,0,0,0,0,0,,,,,,,,,,,,,,,,,,,,,,,,,,,,,,,,,,,,,,,,,,,,,,,,,,,,
midvale police department,1969-03-01,utah,7376,UT01801,0,0,0,0,0,1,1,0,0,0,0,0,0,0,0,0,0,0,0,2,0,2,0,9,2,2,0,0,14,0,1,13,14,0,0,1,1,0,0,0,0,0,0,0,0,0,0,0,0,2,0,2,0,3,1,1,0,0,7,0,1,6,7,0,0,0,0,0,0,0,0,0,0,0,0,0,0,0,0,0,0,0,0,0,0,0,0,0,0,0,0,0,0,0,0,0,0,0,0,0,0,0,0,0,0,0,0,0,0,0,0,0,0,0,0,0,0,0,0,0,0,0,0,,,,,,,,,,,,,,,,,,,,,,,,,,,,,,,,,,,,,,,,,,,,,,,,,,,,
midvale police department,1969-02-01,utah,7376,UT01801,0,0,0,0,0,0,0,0,0,0,0,0,0,0,0,0,0,0,0,1,0,1,0,8,0,0,0,0,9,0,0,9,9,0,0,0,0,0,0,0,0,0,0,0,0,0,0,0,0,0,0,0,0,4,2,2,0,0,6,0,0,6,6,0,0,0,0,0,0,0,0,0,0,0,0,0,0,0,0,0,0,0,0,0,0,0,0,0,0,0,0,0,0,0,0,0,0,0,0,0,0,0,0,0,0,0,0,0,0,0,0,0,0,0,0,0,0,0,0,0,0,0,0,,,,,,,,,,,,,,,,,,,,,,,,,,,,,,,,,,,,,,,,,,,,,,,,,,,,
midvale police department,1969-01-01,utah,7376,UT01801,0,0,0,0,0,0,0,0,0,0,0,0,0,0,0,0,0,0,0,3,0,3,0,6,3,3,0,0,12,0,0,12,12,0,0,0,0,0,0,0,0,0,0,0,0,0,0,0,0,1,0,1,0,6,3,3,0,0,10,0,0,10,10,0,0,0,0,0,0,0,0,0,0,0,0,0,0,0,0,0,0,0,0,0,0,0,0,0,0,0,0,0,0,0,0,0,0,0,0,0,0,0,0,0,0,0,0,0,0,0,0,0,0,0,0,0,0,0,0,0,0,0,0,,,,,,,,,,,,,,,,,,,,,,,,,,,,,,,,,,,,,,,,,,,,,,,,,,,,
midvale police department,1968-12-01,utah,7183,UT01801,0,0,0,0,0,0,0,0,0,0,0,0,0,0,0,0,0,0,0,1,0,1,0,7,2,2,0,0,10,0,0,10,10,0,0,0,0,0,0,0,0,0,0,0,0,0,0,0,0,0,0,0,0,5,2,2,0,0,7,0,0,7,7,0,0,0,0,0,0,0,0,0,0,0,0,0,0,0,0,0,0,0,0,0,0,0,0,0,0,0,0,0,0,0,0,0,0,0,0,0,0,0,0,0,0,0,0,0,0,0,0,0,0,0,0,0,0,0,0,0,0,0,0,,,,,,,,,,,,,,,,,,,,,,,,,,,,,,,,,,,,,,,,,,,,,,,,,,,,
midvale police department,1968-11-01,utah,7183,UT01801,0,0,0,0,0,0,0,0,0,0,0,0,0,0,0,0,0,0,0,4,0,4,0,12,2,2,0,0,18,0,0,18,18,0,0,0,0,0,0,0,0,0,0,0,0,0,0,0,0,3,0,3,0,17,2,2,0,0,22,0,0,22,22,0,0,0,0,0,0,0,0,0,0,0,0,0,0,0,0,0,0,0,0,0,0,0,0,0,0,0,0,0,0,0,0,0,0,0,0,0,0,0,0,0,0,0,0,0,0,0,0,0,0,0,0,0,0,0,0,0,0,0,0,,,,,,,,,,,,,,,,,,,,,,,,,,,,,,,,,,,,,,,,,,,,,,,,,,,,
midvale police department,1968-10-01,utah,7183,UT01801,0,0,0,0,0,0,0,0,0,0,0,0,0,0,0,0,0,0,0,0,0,0,0,13,4,4,0,0,17,0,0,17,17,0,0,0,0,0,0,0,0,0,0,0,0,0,0,0,0,0,0,0,0,5,4,4,0,0,9,0,0,9,9,0,0,0,0,0,0,0,0,0,0,0,0,0,0,0,0,0,0,0,0,0,0,0,0,0,0,0,0,0,0,0,0,0,0,0,0,0,0,0,0,0,0,0,0,0,0,0,0,0,0,0,0,0,0,0,0,0,0,0,0,,,,,,,,,,,,,,,,,,,,,,,,,,,,,,,,,,,,,,,,,,,,,,,,,,,,
midvale police department,1968-09-01,utah,7183,UT01801,0,0,0,0,0,0,0,0,0,0,0,0,0,0,0,0,0,0,0,1,0,1,0,7,0,0,0,0,8,0,0,8,8,0,0,0,0,0,0,0,0,0,0,0,0,0,0,0,0,2,0,2,0,4,0,0,0,0,6,0,0,6,6,0,0,0,0,0,0,0,0,0,0,0,0,0,0,0,0,0,0,0,0,0,0,0,0,0,0,0,0,0,0,0,0,0,0,0,0,0,0,0,0,0,0,0,0,0,0,0,0,0,0,0,0,0,0,0,0,0,0,0,0,,,,,,,,,,,,,,,,,,,,,,,,,,,,,,,,,,,,,,,,,,,,,,,,,,,,
midvale police department,1968-08-01,utah,7183,UT01801,0,0,0,0,0,0,0,0,0,0,0,0,0,0,0,0,0,0,0,2,0,2,0,11,0,0,0,0,13,0,0,13,13,0,0,0,0,0,0,0,0,0,0,0,0,0,0,0,0,2,0,2,0,6,0,0,0,0,8,0,0,8,8,0,0,0,0,0,0,0,0,0,0,0,0,0,0,0,0,0,0,0,0,0,0,0,0,0,0,0,0,0,0,0,0,0,0,0,0,0,0,0,0,0,0,0,0,0,0,0,0,0,0,0,0,0,0,0,0,0,0,0,0,,,,,,,,,,,,,,,,,,,,,,,,,,,,,,,,,,,,,,,,,,,,,,,,,,,,
midvale police department,1968-07-01,utah,7183,UT01801,0,0,0,0,0,0,0,0,0,0,0,0,0,0,0,0,0,0,0,4,0,4,0,14,0,0,0,0,18,0,0,18,18,0,0,0,0,0,1,1,0,0,0,0,0,0,0,0,0,5,0,5,0,8,0,0,0,0,14,0,1,13,14,0,0,0,0,0,0,0,0,0,0,0,0,0,0,0,0,0,0,0,0,0,0,0,0,0,0,0,0,0,0,0,0,0,0,0,0,0,0,0,0,0,0,0,0,0,0,0,0,0,0,0,0,0,0,0,0,0,0,0,0,,,,,,,,,,,,,,,,,,,,,,,,,,,,,,,,,,,,,,,,,,,,,,,,,,,,
midvale police department,1968-06-01,utah,7183,UT01801,0,0,0,0,0,0,0,0,0,0,0,0,0,0,0,0,0,0,0,3,0,3,0,13,0,0,0,0,16,0,0,16,16,0,0,0,0,0,0,0,0,0,0,0,0,0,0,0,0,1,0,1,0,7,0,0,0,0,8,0,0,8,8,0,0,0,0,0,0,0,0,0,0,0,0,0,0,0,0,0,0,0,0,0,0,0,0,0,0,0,0,0,0,0,0,0,0,0,0,0,0,0,0,0,0,0,0,0,0,0,0,0,0,0,0,0,0,0,0,0,0,0,0,,,,,,,,,,,,,,,,,,,,,,,,,,,,,,,,,,,,,,,,,,,,,,,,,,,,
midvale police department,1968-05-01,utah,7183,UT01801,0,0,0,0,0,0,0,0,0,0,0,0,0,0,0,0,0,0,0,0,0,0,0,11,0,0,0,0,11,0,0,11,11,0,0,0,0,0,0,0,0,0,0,0,0,0,0,0,0,0,0,0,0,8,0,0,0,0,8,0,0,8,8,0,0,0,0,0,0,0,0,0,0,0,0,0,0,0,0,0,0,0,0,0,0,0,0,0,0,0,0,0,0,0,0,0,0,0,0,0,0,0,0,0,0,0,0,0,0,0,0,0,0,0,0,0,0,0,0,0,0,0,0,,,,,,,,,,,,,,,,,,,,,,,,,,,,,,,,,,,,,,,,,,,,,,,,,,,,
midvale police department,1968-04-01,utah,7183,UT01801,0,0,0,0,0,0,0,0,0,0,0,0,0,0,0,0,0,0,0,3,0,3,0,8,1,1,0,0,12,0,0,12,12,0,0,0,0,0,0,0,0,0,0,0,0,0,0,0,0,2,0,2,0,5,2,2,0,0,9,0,0,9,9,0,0,0,0,0,0,0,0,0,0,0,0,0,0,0,0,0,0,0,0,0,0,0,0,0,0,0,0,0,0,0,0,0,0,0,0,0,0,0,0,0,0,0,0,0,0,0,0,0,0,0,0,0,0,0,0,0,0,0,0,,,,,,,,,,,,,,,,,,,,,,,,,,,,,,,,,,,,,,,,,,,,,,,,,,,,
midvale police department,1968-03-01,utah,7183,UT01801,0,0,0,0,0,0,0,0,0,0,0,0,0,0,0,0,0,0,0,6,0,6,0,11,1,1,0,0,18,0,0,18,18,0,0,0,0,0,0,0,0,0,0,0,0,0,0,0,0,1,0,1,0,9,1,1,0,0,11,0,0,11,11,0,0,0,0,0,0,0,0,0,0,0,0,0,0,0,0,0,0,0,0,0,0,0,0,0,0,0,0,0,0,0,0,0,0,0,0,0,0,0,0,0,0,0,0,0,0,0,0,0,0,0,0,0,0,0,0,0,0,0,0,,,,,,,,,,,,,,,,,,,,,,,,,,,,,,,,,,,,,,,,,,,,,,,,,,,,
midvale police department,1968-02-01,utah,7183,UT01801,0,0,0,0,0,0,0,0,0,0,0,0,0,0,0,0,0,0,0,2,0,0,2,10,1,1,0,0,13,0,0,13,13,0,0,0,0,0,0,0,0,0,0,0,0,0,0,0,0,2,0,0,2,5,1,1,0,0,8,0,0,8,8,0,0,0,0,0,0,0,0,0,0,0,0,0,0,0,0,0,0,0,0,0,0,0,0,0,0,0,0,0,0,0,0,0,0,0,0,0,0,0,0,0,0,0,0,0,0,0,0,0,0,0,0,0,0,0,0,0,0,0,0,,,,,,,,,,,,,,,,,,,,,,,,,,,,,,,,,,,,,,,,,,,,,,,,,,,,
midvale police department,1968-01-01,utah,7183,UT01801,0,0,0,0,0,0,0,0,0,0,0,0,0,0,0,0,0,0,0,0,0,0,0,8,0,0,0,0,8,0,0,8,8,0,0,0,0,0,0,0,0,0,0,0,0,0,0,0,0,3,0,3,0,34,0,0,0,0,37,0,0,37,37,0,0,0,0,0,0,0,0,0,0,0,0,0,0,0,0,0,0,0,0,0,0,0,0,0,0,0,0,0,0,0,0,0,0,0,0,0,0,0,0,0,0,0,0,0,0,0,0,0,0,0,0,0,0,0,0,0,0,0,0,,,,,,,,,,,,,,,,,,,,,,,,,,,,,,,,,,,,,,,,,,,,,,,,,,,,
midvale police department,1967-12-01,utah,6710,UT01801,0,0,0,0,0,0,0,0,0,0,0,0,0,0,0,0,0,0,0,4,0,4,0,7,1,1,0,0,12,0,0,12,12,0,0,0,0,0,0,0,0,0,0,0,0,0,0,0,0,0,0,0,0,2,1,1,0,0,3,0,0,3,3,0,0,0,0,0,0,0,0,0,0,0,0,0,0,0,0,0,0,0,0,2,0,0,0,0,2,0,0,2,2,0,0,0,0,0,0,0,0,0,0,0,0,0,0,0,0,0,0,0,0,0,0,0,0,0,0,0,0,0,0,,,,,,,,,,,,,,,,,,,,,,,,,,,,,,,,,,,,,,,,,,,,,,,,,,,,
midvale police department,1967-11-01,utah,6710,UT01801,0,0,0,0,0,0,0,0,0,0,0,0,0,0,0,0,0,0,0,3,0,3,0,6,0,0,0,0,9,0,0,9,9,0,0,0,0,0,0,0,0,0,0,0,0,0,0,0,0,0,0,0,0,6,0,0,0,0,6,0,0,6,6,0,0,0,0,0,0,0,0,0,0,0,0,0,0,0,0,0,0,0,0,0,0,0,0,0,0,0,0,0,0,0,0,0,0,0,0,0,0,0,0,0,0,0,0,0,0,0,0,0,0,0,0,0,0,0,0,0,0,0,0,,,,,,,,,,,,,,,,,,,,,,,,,,,,,,,,,,,,,,,,,,,,,,,,,,,,
midvale police department,1967-10-01,utah,6710,UT01801,0,0,0,0,0,0,0,0,0,0,0,0,0,0,0,0,0,0,0,0,0,0,0,9,1,1,0,0,10,0,0,10,10,0,0,0,0,0,0,0,0,0,0,0,0,0,0,0,0,0,0,0,0,4,1,1,0,0,5,0,0,5,5,0,0,0,0,0,0,0,0,0,0,0,0,0,0,0,0,0,0,0,0,0,0,0,0,0,0,0,0,0,0,0,0,0,0,0,0,0,0,0,0,0,0,0,0,0,0,0,0,0,0,0,0,0,0,0,0,0,0,0,0,,,,,,,,,,,,,,,,,,,,,,,,,,,,,,,,,,,,,,,,,,,,,,,,,,,,
midvale police department,1967-09-01,utah,6710,UT01801,0,0,0,0,0,0,0,0,1,1,0,0,0,0,0,0,0,0,0,3,0,3,0,14,4,4,0,0,22,0,1,21,22,0,0,0,0,0,0,0,0,0,0,0,0,0,0,0,0,0,0,0,0,8,4,4,0,0,12,0,0,12,12,0,0,0,0,0,0,0,0,0,0,0,0,0,0,0,0,0,0,0,0,0,0,0,0,0,0,0,0,0,0,0,0,0,0,0,0,0,0,0,0,0,0,0,0,0,0,0,0,0,0,0,0,0,0,0,0,0,0,0,0,,,,,,,,,,,,,,,,,,,,,,,,,,,,,,,,,,,,,,,,,,,,,,,,,,,,
midvale police department,1967-08-01,utah,6710,UT01801,0,0,0,0,0,0,0,0,0,0,0,0,0,0,0,0,0,0,0,3,0,3,0,6,1,1,0,0,10,0,0,10,10,0,0,0,0,0,0,0,0,0,0,0,0,0,0,0,0,2,0,2,0,4,1,1,0,0,7,0,0,7,7,0,0,0,0,0,0,0,0,0,0,0,0,0,0,0,0,0,0,0,0,0,0,0,0,0,0,0,0,0,0,0,0,0,0,0,0,0,0,0,0,0,0,0,0,0,0,0,0,0,0,0,0,0,0,0,0,0,0,0,0,,,,,,,,,,,,,,,,,,,,,,,,,,,,,,,,,,,,,,,,,,,,,,,,,,,,
midvale police department,1967-07-01,utah,6710,UT01801,0,0,0,0,0,0,0,0,0,0,0,0,0,0,0,0,0,0,0,4,0,4,0,12,1,1,0,0,17,0,0,17,17,0,0,0,0,0,0,0,0,0,0,0,0,0,0,0,0,0,0,0,0,7,1,1,0,0,8,0,0,8,8,0,0,0,0,0,0,0,0,0,0,0,0,0,0,0,0,0,0,0,0,0,0,0,0,0,0,0,0,0,0,0,0,0,0,0,0,0,0,0,0,0,0,0,0,0,0,0,0,0,0,0,0,0,0,0,0,0,0,0,0,,,,,,,,,,,,,,,,,,,,,,,,,,,,,,,,,,,,,,,,,,,,,,,,,,,,
midvale police department,1967-06-01,utah,6710,UT01801,0,0,0,0,0,0,0,0,0,0,0,0,0,0,0,0,0,0,0,1,0,1,0,10,3,3,0,0,14,0,0,14,14,0,0,0,0,0,0,0,0,0,0,0,0,0,0,0,0,0,0,0,0,8,3,3,0,0,11,0,0,11,11,0,0,0,0,0,0,0,0,0,0,0,0,0,0,0,0,0,0,0,0,0,0,0,0,0,0,0,0,0,0,0,0,0,0,0,0,0,0,0,0,0,0,0,0,0,0,0,0,0,0,0,0,0,0,0,0,0,0,0,0,,,,,,,,,,,,,,,,,,,,,,,,,,,,,,,,,,,,,,,,,,,,,,,,,,,,
midvale police department,1967-05-01,utah,6710,UT01801,0,0,0,0,0,0,0,0,0,0,0,0,0,0,0,0,0,0,0,0,0,0,0,10,3,3,0,0,13,0,0,13,13,0,0,0,0,0,0,0,0,0,0,0,0,0,0,0,0,0,0,0,0,5,3,3,0,0,8,0,0,8,8,0,0,0,0,0,0,0,0,0,0,0,0,0,0,0,0,0,0,0,0,0,0,0,0,0,0,0,0,0,0,0,0,0,0,0,0,0,0,0,0,0,0,0,0,0,0,0,0,0,0,0,0,0,0,0,0,0,0,0,0,,,,,,,,,,,,,,,,,,,,,,,,,,,,,,,,,,,,,,,,,,,,,,,,,,,,
midvale police department,1967-04-01,utah,6710,UT01801,0,0,0,0,0,0,0,0,0,0,0,0,0,0,0,0,0,0,0,1,0,1,0,12,0,0,0,0,13,0,0,13,13,0,0,0,0,0,0,0,0,0,0,0,0,0,0,0,0,1,0,1,0,5,0,0,0,0,6,0,0,6,6,0,0,0,0,0,0,0,0,0,0,0,0,0,0,0,0,0,0,0,0,0,0,0,0,0,0,0,0,0,0,0,0,0,0,0,0,0,0,0,0,0,0,0,0,0,0,0,0,0,0,0,0,0,0,0,0,0,0,0,0,,,,,,,,,,,,,,,,,,,,,,,,,,,,,,,,,,,,,,,,,,,,,,,,,,,,
midvale police department,1967-03-01,utah,6710,UT01801,0,0,0,0,0,0,0,0,0,0,0,0,0,0,0,0,0,0,0,2,0,2,0,10,0,0,0,0,12,0,0,12,12,0,0,0,0,0,0,0,0,0,0,0,0,0,0,0,0,2,0,2,0,4,0,0,0,0,6,0,0,6,6,0,0,0,0,0,0,0,0,0,0,0,0,0,0,0,0,0,0,0,0,0,0,0,0,0,0,0,0,0,0,0,0,0,0,0,0,0,0,0,0,0,0,0,0,0,0,0,0,0,0,0,0,0,0,0,0,0,0,0,0,,,,,,,,,,,,,,,,,,,,,,,,,,,,,,,,,,,,,,,,,,,,,,,,,,,,
midvale police department,1967-02-01,utah,6710,UT01801,0,0,0,0,0,0,0,0,0,0,0,0,0,0,0,0,0,0,0,4,0,4,0,12,0,0,0,0,16,0,0,16,16,0,0,0,0,0,0,0,0,0,0,0,0,0,0,0,0,0,0,0,0,9,0,0,0,0,9,0,0,9,9,0,0,0,0,0,0,0,0,0,0,0,0,0,0,0,0,0,0,0,0,0,0,0,0,0,0,0,0,0,0,0,0,0,0,0,0,0,0,0,0,0,0,0,0,0,0,0,0,0,0,0,0,0,0,0,0,0,0,0,0,,,,,,,,,,,,,,,,,,,,,,,,,,,,,,,,,,,,,,,,,,,,,,,,,,,,
midvale police department,1967-01-01,utah,6710,UT01801,0,0,0,0,0,0,0,0,0,0,0,0,0,0,0,0,0,0,0,4,0,4,0,2,0,0,0,0,6,0,0,6,6,0,0,0,0,0,0,0,0,0,0,0,0,0,0,0,0,1,0,1,0,5,0,0,0,0,6,0,0,6,6,0,0,0,0,0,0,0,0,0,0,0,0,0,0,0,0,0,0,0,0,0,0,0,0,0,0,0,0,0,0,0,0,0,0,0,0,0,0,0,0,0,0,0,0,0,0,0,0,0,0,0,0,0,0,0,0,0,0,0,0,,,,,,,,,,,,,,,,,,,,,,,,,,,,,,,,,,,,,,,,,,,,,,,,,,,,
midvale police department,1966-12-01,utah,6795,UT01801,0,0,0,0,0,0,0,0,0,0,0,0,0,0,0,0,0,0,0,3,0,3,0,11,2,2,0,0,16,0,0,16,16,0,0,0,0,0,0,0,0,0,0,0,0,0,0,0,0,1,0,1,0,8,2,2,0,0,11,0,0,11,11,0,0,0,0,0,0,0,0,0,0,0,0,0,0,0,0,0,0,0,0,0,0,0,0,0,0,0,0,0,0,0,0,0,0,0,0,0,0,0,0,0,0,0,0,0,0,0,0,0,0,0,0,0,0,0,0,0,0,0,0,,,,,,,,,,,,,,,,,,,,,,,,,,,,,,,,,,,,,,,,,,,,,,,,,,,,
midvale police department,1966-11-01,utah,6795,UT01801,0,0,0,0,0,0,0,0,0,0,0,0,0,0,0,0,0,0,0,2,0,2,0,7,0,0,0,0,9,0,0,9,9,0,0,0,0,0,0,0,0,0,0,0,0,0,0,0,0,1,0,1,0,3,0,0,0,0,4,0,0,4,4,0,0,0,0,0,0,0,0,0,0,0,0,0,0,0,0,0,0,0,0,0,0,0,0,0,0,0,0,0,0,0,0,0,0,0,0,0,0,0,0,0,0,0,0,0,0,0,0,0,0,0,0,0,0,0,0,0,0,0,0,,,,,,,,,,,,,,,,,,,,,,,,,,,,,,,,,,,,,,,,,,,,,,,,,,,,
midvale police department,1966-10-01,utah,6795,UT01801,0,0,0,0,0,0,0,0,0,0,0,0,0,0,0,0,0,0,0,2,0,2,0,3,0,0,0,0,5,0,0,5,5,0,0,0,0,0,0,0,0,0,0,0,0,0,0,0,0,2,0,2,0,5,0,0,0,0,7,0,0,7,7,0,0,0,0,0,0,0,0,0,0,0,0,0,0,0,0,0,0,0,0,0,0,0,0,0,0,0,0,0,0,0,0,0,0,0,0,0,0,0,0,0,0,0,0,0,0,0,0,0,0,0,0,0,0,0,0,0,0,0,0,,,,,,,,,,,,,,,,,,,,,,,,,,,,,,,,,,,,,,,,,,,,,,,,,,,,
midvale police department,1966-09-01,utah,6795,UT01801,0,0,0,0,0,0,0,0,0,0,0,0,0,0,0,0,0,0,0,5,0,5,0,17,1,1,0,0,23,0,0,23,23,0,0,0,0,0,0,0,0,0,0,0,0,0,0,0,0,3,0,3,0,8,1,1,0,0,12,0,0,12,12,0,0,0,0,0,0,0,0,0,0,0,0,0,0,0,0,0,0,0,0,0,0,0,0,0,0,0,0,0,0,0,0,0,0,0,0,0,0,0,0,0,0,0,0,0,0,0,0,0,0,0,0,0,0,0,0,0,0,0,0,,,,,,,,,,,,,,,,,,,,,,,,,,,,,,,,,,,,,,,,,,,,,,,,,,,,
midvale police department,1966-08-01,utah,6795,UT01801,0,0,0,0,0,0,0,0,0,0,0,0,0,0,0,0,0,0,0,0,0,0,0,16,0,0,0,0,16,0,0,16,16,0,0,0,0,0,0,0,0,0,0,0,0,0,0,0,0,0,0,0,0,8,0,0,0,0,8,0,0,8,8,0,0,0,0,0,0,0,0,0,0,0,0,0,0,0,0,0,0,0,0,0,0,0,0,0,0,0,0,0,0,0,0,0,0,0,0,0,0,0,0,0,0,0,0,0,0,0,0,0,0,0,0,0,0,0,0,0,0,0,0,,,,,,,,,,,,,,,,,,,,,,,,,,,,,,,,,,,,,,,,,,,,,,,,,,,,
midvale police department,1966-07-01,utah,6795,UT01801,0,0,0,0,0,0,0,0,0,0,0,0,0,0,0,0,0,0,0,0,0,0,0,5,0,0,0,0,5,0,0,5,5,0,0,0,0,0,0,0,0,0,0,0,0,0,0,0,0,0,0,0,0,0,0,0,0,0,0,0,0,0,0,0,0,0,0,0,0,0,0,0,0,0,0,0,0,0,0,0,0,0,0,0,0,0,0,0,0,0,0,0,0,0,0,0,0,0,0,0,0,0,0,0,0,0,0,0,0,0,0,0,0,0,0,0,0,0,0,0,0,0,0,,,,,,,,,,,,,,,,,,,,,,,,,,,,,,,,,,,,,,,,,,,,,,,,,,,,
midvale police department,1966-06-01,utah,6795,UT01801,0,0,0,0,0,0,0,0,0,0,0,0,0,0,0,0,0,0,0,2,0,2,0,21,2,2,0,0,25,0,0,25,25,0,0,0,0,0,0,0,0,0,0,0,0,0,0,0,0,2,0,2,0,18,2,2,0,0,22,0,0,22,22,0,0,0,0,0,0,0,0,0,0,0,0,0,0,0,0,0,0,0,0,0,0,0,0,0,0,0,0,0,0,0,0,0,0,0,0,0,0,0,0,0,0,0,0,0,0,0,0,0,0,0,0,0,0,0,0,0,0,0,0,,,,,,,,,,,,,,,,,,,,,,,,,,,,,,,,,,,,,,,,,,,,,,,,,,,,
midvale police department,1966-05-01,utah,6795,UT01801,0,0,0,0,0,0,0,0,0,0,0,0,0,0,0,0,0,0,0,1,0,1,0,14,2,2,0,0,17,0,0,17,17,0,0,0,0,0,0,0,0,0,0,0,0,0,0,0,0,1,0,1,0,9,2,2,0,0,12,0,0,12,12,0,0,0,0,0,0,0,0,0,0,0,0,0,0,0,0,0,0,0,0,0,0,0,0,0,0,0,0,0,0,0,0,0,0,0,0,0,0,0,0,0,0,0,0,0,0,0,0,0,0,0,0,0,0,0,0,0,0,0,0,,,,,,,,,,,,,,,,,,,,,,,,,,,,,,,,,,,,,,,,,,,,,,,,,,,,
midvale police department,1966-04-01,utah,6795,UT01801,0,0,0,0,0,0,0,0,0,0,0,0,0,0,0,0,0,0,0,1,0,1,0,6,0,0,0,0,7,0,0,7,7,0,0,0,0,0,0,0,0,0,0,0,0,0,0,0,0,0,0,0,0,0,0,0,0,0,0,0,0,0,0,0,0,0,0,0,0,0,0,0,0,0,0,0,0,0,0,0,0,0,0,0,0,0,0,0,0,0,0,0,0,0,0,0,0,0,0,0,0,0,0,0,0,0,0,0,0,0,0,0,0,0,0,0,0,0,0,0,0,0,0,,,,,,,,,,,,,,,,,,,,,,,,,,,,,,,,,,,,,,,,,,,,,,,,,,,,
midvale police department,1966-03-01,utah,6795,UT01801,0,0,0,0,0,0,0,0,0,0,0,0,0,0,0,0,0,0,0,5,0,5,0,13,2,2,0,0,20,0,0,20,20,0,0,0,0,0,0,0,0,0,0,0,0,0,0,0,0,0,0,0,0,7,2,2,0,0,9,0,0,9,9,0,0,0,0,0,0,0,0,0,0,0,0,0,0,0,0,0,0,0,0,0,0,0,0,0,0,0,0,0,0,0,0,0,0,0,0,0,0,0,0,0,0,0,0,0,0,0,0,0,0,0,0,0,0,0,0,0,0,0,0,,,,,,,,,,,,,,,,,,,,,,,,,,,,,,,,,,,,,,,,,,,,,,,,,,,,
midvale police department,1966-02-01,utah,6795,UT01801,0,0,0,0,0,0,0,0,0,0,0,0,0,0,0,0,0,0,0,2,0,2,0,9,0,0,0,0,11,0,0,11,11,0,0,0,0,0,0,0,0,0,0,0,0,0,0,0,0,0,0,0,0,5,0,0,0,0,5,0,0,5,5,0,0,0,0,0,0,0,0,0,0,0,0,0,0,0,0,0,0,0,0,0,0,0,0,0,0,0,0,0,0,0,0,0,0,0,0,0,0,0,0,0,0,0,0,0,0,0,0,0,0,0,0,0,0,0,0,0,0,0,0,,,,,,,,,,,,,,,,,,,,,,,,,,,,,,,,,,,,,,,,,,,,,,,,,,,,
midvale police department,1966-01-01,utah,6795,UT01801,0,0,0,0,0,0,0,0,0,0,0,0,0,1,0,0,1,0,0,2,0,2,0,5,0,0,0,0,8,1,1,7,8,0,0,0,0,0,0,0,0,0,0,1,0,0,1,0,0,0,0,0,0,8,0,0,0,0,9,1,1,8,9,0,0,0,0,0,0,0,0,0,0,1,0,0,1,0,0,0,0,0,0,8,0,0,0,0,9,1,1,8,9,0,0,0,0,0,0,0,0,0,0,0,0,0,0,0,0,0,0,0,0,0,0,0,0,0,0,0,0,0,0,,,,,,,,,,,,,,,,,,,,,,,,,,,,,,,,,,,,,,,,,,,,,,,,,,,,
midvale police department,1965-12-01,utah,7717,UT01801,0,0,0,0,0,0,0,0,0,0,0,0,0,0,0,0,0,0,0,7,0,7,0,15,0,0,0,0,22,0,0,22,22,0,0,0,0,0,0,0,0,0,0,0,0,0,0,0,0,3,0,3,0,14,0,0,0,0,17,0,0,17,17,0,0,0,0,0,0,0,0,0,0,0,0,0,0,0,0,0,0,0,0,0,0,0,0,0,0,0,0,0,0,0,0,0,0,0,0,0,0,0,0,0,0,0,0,0,0,0,0,0,0,0,0,0,0,0,0,0,0,0,0,,,,,,,,,,,,,,,,,,,,,,,,,,,,,,,,,,,,,,,,,,,,,,,,,,,,
midvale police department,1965-11-01,utah,7717,UT01801,0,0,0,0,0,0,0,0,0,0,0,0,0,0,0,0,0,0,0,2,0,2,0,12,2,2,0,0,16,0,0,16,16,0,0,0,0,0,0,0,0,0,0,0,0,0,0,0,0,1,0,1,0,10,2,2,0,0,13,0,0,13,13,0,0,0,0,0,0,0,0,0,0,0,0,0,0,0,0,0,0,0,0,0,0,0,0,0,0,0,0,0,0,0,0,0,0,0,0,0,0,0,0,0,0,0,0,0,0,0,0,0,0,0,0,0,0,0,0,0,0,0,0,,,,,,,,,,,,,,,,,,,,,,,,,,,,,,,,,,,,,,,,,,,,,,,,,,,,
midvale police department,1965-10-01,utah,7717,UT01801,0,0,0,0,0,0,0,0,0,0,0,0,0,0,0,0,0,0,0,1,0,1,0,19,1,1,0,0,21,0,0,21,21,0,0,0,0,0,0,0,0,0,0,0,0,0,0,0,0,1,0,1,0,11,1,1,0,0,13,0,0,13,13,0,0,0,0,0,0,0,0,0,0,0,0,0,0,0,0,0,0,0,0,0,0,0,0,0,0,0,0,0,0,0,0,0,0,0,0,0,0,0,0,0,0,0,0,0,0,0,0,0,0,0,0,0,0,0,0,0,0,0,0,,,,,,,,,,,,,,,,,,,,,,,,,,,,,,,,,,,,,,,,,,,,,,,,,,,,
midvale police department,1965-09-01,utah,7717,UT01801,0,0,0,0,0,0,0,0,0,0,0,0,0,0,0,0,0,0,0,0,0,0,0,12,0,0,0,0,12,0,0,12,12,0,0,0,0,0,0,0,0,0,0,0,0,0,0,0,0,0,0,0,0,0,0,0,0,0,0,0,0,0,0,0,0,0,0,0,0,0,0,0,0,0,0,0,0,0,0,0,0,0,0,0,0,0,0,0,0,0,0,0,0,0,0,0,0,0,0,0,0,0,0,0,0,0,0,0,0,0,0,0,0,0,0,0,0,0,0,0,0,0,0,,,,,,,,,,,,,,,,,,,,,,,,,,,,,,,,,,,,,,,,,,,,,,,,,,,,
midvale police department,1965-08-01,utah,7717,UT01801,0,0,0,0,0,0,0,0,0,0,0,0,0,0,0,0,0,0,0,4,0,4,0,6,2,2,0,0,12,0,0,12,12,0,0,0,0,0,0,0,0,0,0,0,0,0,0,0,0,2,0,2,0,3,2,2,0,0,7,0,0,7,7,0,0,0,0,0,0,0,0,0,0,0,0,0,0,0,0,0,0,0,0,0,0,0,0,0,0,0,0,0,0,0,0,0,0,0,0,0,0,0,0,0,0,0,0,0,0,0,0,0,0,0,0,0,0,0,0,0,0,0,0,,,,,,,,,,,,,,,,,,,,,,,,,,,,,,,,,,,,,,,,,,,,,,,,,,,,
midvale police department,1965-07-01,utah,7717,UT01801,0,0,0,0,0,0,0,0,0,0,0,0,0,0,0,0,0,0,0,1,0,1,0,12,0,0,0,0,13,0,0,13,13,0,0,0,0,0,0,0,0,0,0,0,0,0,0,0,0,0,0,0,0,9,0,0,0,0,9,0,0,9,9,0,0,0,0,0,0,0,0,0,0,0,0,0,0,0,0,0,0,0,0,0,0,0,0,0,0,0,0,0,0,0,0,0,0,0,0,0,0,0,0,0,0,0,0,0,0,0,0,0,0,0,0,0,0,0,0,0,0,0,0,,,,,,,,,,,,,,,,,,,,,,,,,,,,,,,,,,,,,,,,,,,,,,,,,,,,
midvale police department,1965-06-01,utah,7717,UT01801,0,0,0,0,0,0,0,0,0,0,0,0,0,0,0,0,0,0,0,0,0,0,0,7,0,0,0,0,7,0,0,7,7,0,0,0,0,0,0,0,0,0,0,0,0,0,0,0,0,2,0,2,0,10,0,0,0,0,12,0,0,12,12,0,0,0,0,0,0,0,0,0,0,0,0,0,0,0,0,0,0,0,0,0,0,0,0,0,0,0,0,0,0,0,0,0,0,0,0,0,0,0,0,0,0,0,0,0,0,0,0,0,0,0,0,0,0,0,0,0,0,0,0,,,,,,,,,,,,,,,,,,,,,,,,,,,,,,,,,,,,,,,,,,,,,,,,,,,,
midvale police department,1965-05-01,utah,7717,UT01801,0,0,0,0,0,0,0,0,0,0,0,0,0,0,0,0,0,0,0,1,0,1,0,11,0,0,0,0,12,0,0,12,12,0,0,0,0,0,0,0,0,0,0,0,0,0,0,0,0,0,0,0,0,8,0,0,0,0,8,0,0,8,8,0,0,0,0,0,0,0,0,0,0,0,0,0,0,0,0,0,0,0,0,0,0,0,0,0,0,0,0,0,0,0,0,0,0,0,0,0,0,0,0,0,0,0,0,0,0,0,0,0,0,0,0,0,0,0,0,0,0,0,0,,,,,,,,,,,,,,,,,,,,,,,,,,,,,,,,,,,,,,,,,,,,,,,,,,,,
midvale police department,1965-04-01,utah,7717,UT01801,0,0,0,0,0,0,0,0,0,0,0,0,0,0,0,0,0,0,0,1,0,1,0,5,1,1,0,0,7,0,0,7,7,0,0,0,0,0,0,0,0,0,0,0,0,0,0,0,0,0,0,0,0,4,1,1,0,0,5,0,0,5,5,0,0,0,0,0,0,0,0,0,0,0,0,0,0,0,0,0,0,0,0,0,0,0,0,0,0,0,0,0,0,0,0,0,0,0,0,0,0,0,0,0,0,0,0,0,0,0,0,0,0,0,0,0,0,0,0,0,0,0,0,,,,,,,,,,,,,,,,,,,,,,,,,,,,,,,,,,,,,,,,,,,,,,,,,,,,
midvale police department,1965-03-01,utah,7717,UT01801,0,0,0,0,0,0,0,0,1,0,0,0,1,0,0,0,0,0,0,0,0,0,0,10,0,0,0,0,11,0,1,10,11,0,0,0,0,0,0,0,0,0,0,0,0,0,0,0,0,0,0,0,0,5,0,0,0,0,5,0,0,5,5,0,0,0,0,0,0,0,0,0,0,0,0,0,0,0,0,0,0,0,0,0,0,0,0,0,0,0,0,0,0,0,0,0,0,0,0,0,0,0,0,0,0,0,0,0,0,0,0,0,0,0,0,0,0,0,0,0,0,0,0,,,,,,,,,,,,,,,,,,,,,,,,,,,,,,,,,,,,,,,,,,,,,,,,,,,,
midvale police department,1965-02-01,utah,7717,UT01801,0,0,0,0,0,0,0,0,0,0,0,0,0,0,0,0,0,0,0,1,0,1,0,5,0,0,0,0,6,0,0,6,6,0,0,0,0,0,0,0,0,0,0,0,0,0,0,0,0,1,0,1,0,3,0,0,0,0,4,0,0,4,4,0,0,0,0,0,0,0,0,0,0,0,0,0,0,0,0,0,0,0,0,0,0,0,0,0,0,0,0,0,0,0,0,0,0,0,0,0,0,0,0,0,0,0,0,0,0,0,0,0,0,0,0,0,0,0,0,0,0,0,0,,,,,,,,,,,,,,,,,,,,,,,,,,,,,,,,,,,,,,,,,,,,,,,,,,,,
midvale police department,1965-01-01,utah,7717,UT01801,0,0,0,0,0,0,0,0,0,0,0,0,0,0,0,0,0,0,0,1,0,1,0,5,0,0,0,0,6,0,0,6,6,0,0,0,0,0,0,0,0,0,0,0,0,0,0,0,0,0,0,0,0,0,0,0,0,0,0,0,0,0,0,0,0,0,0,0,0,0,0,0,0,0,0,0,0,0,0,0,0,0,0,0,0,0,0,0,0,0,0,0,0,0,0,0,0,0,0,0,0,0,0,0,0,0,0,0,0,0,0,0,0,0,0,0,0,0,0,0,0,0,0,,,,,,,,,,,,,,,,,,,,,,,,,,,,,,,,,,,,,,,,,,,,,,,,,,,,
midvale police department,1964-12-01,utah,7319,UT01801,0,0,0,0,0,0,0,0,0,0,0,0,0,0,0,0,0,0,0,1,0,1,0,9,1,1,0,0,11,0,0,11,11,0,0,0,0,0,0,0,0,0,0,0,0,0,0,0,0,2,0,2,0,5,1,1,0,0,8,0,0,8,8,0,0,0,0,0,0,0,0,0,0,0,0,0,0,0,0,0,0,0,0,0,0,0,0,0,0,0,0,0,0,0,0,0,0,0,0,0,0,0,0,0,0,0,0,0,0,0,0,0,0,0,0,0,0,0,0,0,0,0,0,,,,,,,,,,,,,,,,,,,,,,,,,,,,,,,,,,,,,,,,,,,,,,,,,,,,
midvale police department,1964-11-01,utah,7319,UT01801,0,0,0,0,0,0,0,0,0,0,0,0,0,0,0,0,0,0,0,1,0,1,0,9,1,1,0,0,11,0,0,11,11,0,0,0,0,0,0,0,0,0,0,0,0,0,0,0,0,1,0,1,0,4,1,1,0,0,6,0,0,6,6,0,0,0,0,0,0,0,0,0,0,0,0,0,0,0,0,0,0,0,0,0,0,0,0,0,0,0,0,0,0,0,0,0,0,0,0,0,0,0,0,0,0,0,0,0,0,0,0,0,0,0,0,0,0,0,0,0,0,0,0,,,,,,,,,,,,,,,,,,,,,,,,,,,,,,,,,,,,,,,,,,,,,,,,,,,,
midvale police department,1964-10-01,utah,7319,UT01801,0,0,0,0,0,0,0,0,0,0,0,0,0,0,0,0,0,0,0,2,0,2,0,7,1,1,0,0,10,0,0,10,10,0,0,0,0,0,0,0,0,0,0,0,0,0,0,0,0,0,0,0,0,5,1,1,0,0,6,0,0,6,6,0,0,0,0,0,0,0,0,0,0,0,0,0,0,0,0,0,0,0,0,0,0,0,0,0,0,0,0,0,0,0,0,0,0,0,0,0,0,0,0,0,0,0,0,0,0,0,0,0,0,0,0,0,0,0,0,0,0,0,0,,,,,,,,,,,,,,,,,,,,,,,,,,,,,,,,,,,,,,,,,,,,,,,,,,,,
midvale police department,1964-09-01,utah,7319,UT01801,0,0,0,0,0,0,0,0,0,0,0,0,0,0,0,0,0,0,0,0,0,0,0,7,0,0,0,0,7,0,0,7,7,0,0,0,0,0,0,0,0,0,0,0,0,0,0,0,0,0,0,0,0,4,0,0,0,0,4,0,0,4,4,0,0,0,0,0,0,0,0,0,0,0,0,0,0,0,0,0,0,0,0,0,0,0,0,0,0,0,0,0,0,0,0,0,0,0,0,0,0,0,0,0,0,0,0,0,0,0,0,0,0,0,0,0,0,0,0,0,0,0,0,,,,,,,,,,,,,,,,,,,,,,,,,,,,,,,,,,,,,,,,,,,,,,,,,,,,
midvale police department,1964-08-01,utah,7319,UT01801,0,0,0,0,0,0,0,0,0,0,0,0,0,0,0,0,0,0,0,3,0,3,0,4,0,0,0,0,7,0,0,7,7,0,0,0,0,0,0,0,0,0,0,0,0,0,0,0,0,0,0,0,0,2,0,0,0,0,2,0,0,2,2,0,0,0,0,0,0,0,0,0,0,0,0,0,0,0,0,0,0,0,0,0,0,0,0,0,0,0,0,0,0,0,0,0,0,0,0,0,0,0,0,0,0,0,0,0,0,0,0,0,0,0,0,0,0,0,0,0,0,0,0,,,,,,,,,,,,,,,,,,,,,,,,,,,,,,,,,,,,,,,,,,,,,,,,,,,,
midvale police department,1964-07-01,utah,7319,UT01801,0,0,0,0,0,0,0,0,0,0,0,0,0,0,0,0,0,0,0,2,0,2,0,15,0,0,0,0,17,0,0,17,17,0,0,0,0,0,0,0,0,0,0,0,0,0,0,0,0,0,0,0,0,10,0,0,0,0,10,0,0,10,10,0,0,0,0,0,0,0,0,0,0,0,0,0,0,0,0,0,0,0,0,0,0,0,0,0,0,0,0,0,0,0,0,0,0,0,0,0,0,0,0,0,0,0,0,0,0,0,0,0,0,0,0,0,0,0,0,0,0,0,0,,,,,,,,,,,,,,,,,,,,,,,,,,,,,,,,,,,,,,,,,,,,,,,,,,,,
midvale police department,1964-06-01,utah,7319,UT01801,0,0,0,0,0,0,0,0,0,0,0,0,0,0,0,0,0,0,0,1,0,1,0,8,0,0,0,0,9,0,0,9,9,0,0,0,0,0,0,0,0,0,0,0,0,0,0,0,0,1,0,1,0,6,0,0,0,0,7,0,0,7,7,0,0,0,0,0,0,0,0,0,0,0,0,0,0,0,0,0,0,0,0,0,0,0,0,0,0,0,0,0,0,0,0,0,0,0,0,0,0,0,0,0,0,0,0,0,0,0,0,0,0,0,0,0,0,0,0,0,0,0,0,,,,,,,,,,,,,,,,,,,,,,,,,,,,,,,,,,,,,,,,,,,,,,,,,,,,
midvale police department,1964-05-01,utah,7319,UT01801,0,0,0,0,0,0,0,0,0,0,0,0,0,0,0,0,0,0,0,1,1,0,0,11,0,0,0,0,12,0,0,12,12,0,0,0,0,0,0,0,0,0,0,0,0,0,0,0,0,0,0,0,0,11,0,0,0,0,11,0,0,11,11,0,0,0,0,0,0,0,0,0,0,0,0,0,0,0,0,0,0,0,0,1,0,0,0,0,1,0,0,1,1,0,0,0,0,0,0,0,0,0,0,0,0,0,0,0,0,0,0,0,0,0,0,0,0,0,0,0,0,0,0,,,,,,,,,,,,,,,,,,,,,,,,,,,,,,,,,,,,,,,,,,,,,,,,,,,,
midvale police department,1964-04-01,utah,7319,UT01801,0,0,0,0,0,0,0,0,0,0,0,0,0,0,0,0,0,0,0,0,0,0,0,9,0,0,0,0,9,0,0,9,9,0,0,0,0,0,0,0,0,0,0,0,0,0,0,0,0,0,0,0,0,9,0,0,0,0,9,0,0,9,9,0,0,0,0,0,0,0,0,0,0,0,0,0,0,0,0,0,0,0,0,0,0,0,0,0,0,0,0,0,0,0,0,0,0,0,0,0,0,0,0,0,0,0,0,0,0,0,0,0,0,0,0,0,0,0,0,0,0,0,0,,,,,,,,,,,,,,,,,,,,,,,,,,,,,,,,,,,,,,,,,,,,,,,,,,,,
midvale police department,1964-03-01,utah,7319,UT01801,0,0,0,0,0,0,0,0,0,0,0,0,0,0,0,0,0,0,0,2,2,0,0,11,0,0,0,0,13,0,0,13,13,0,0,0,0,0,0,0,0,0,0,0,0,0,0,0,0,6,6,0,0,2,0,0,0,0,8,0,0,8,8,0,0,0,0,0,0,0,0,0,0,0,0,0,0,0,0,0,0,0,0,0,0,0,0,0,0,0,0,0,0,0,0,0,0,0,0,0,0,0,0,0,0,0,0,0,0,0,0,0,0,0,0,0,0,0,0,0,0,0,0,,,,,,,,,,,,,,,,,,,,,,,,,,,,,,,,,,,,,,,,,,,,,,,,,,,,
midvale police department,1964-02-01,utah,7319,UT01801,0,0,0,0,0,0,0,0,0,0,0,0,0,0,0,0,0,0,0,2,2,0,0,4,0,0,0,0,6,0,0,6,6,0,0,0,0,0,0,0,0,0,0,0,0,0,0,0,0,1,1,0,0,2,0,0,0,0,3,0,0,3,3,0,0,0,0,0,0,0,0,0,0,0,0,0,0,0,0,1,1,0,0,2,0,0,0,0,3,0,0,3,3,0,0,0,0,0,0,0,0,0,0,0,0,0,0,0,0,0,0,0,0,0,0,0,0,0,0,0,0,0,0,,,,,,,,,,,,,,,,,,,,,,,,,,,,,,,,,,,,,,,,,,,,,,,,,,,,
midvale police department,1964-01-01,utah,7319,UT01801,0,0,0,0,0,0,0,0,0,0,0,0,0,0,0,0,0,0,0,0,0,0,0,10,0,0,0,0,10,0,0,10,10,0,0,0,0,0,0,0,0,0,0,0,0,0,0,0,0,1,0,1,0,5,0,0,0,0,6,0,0,6,6,0,0,0,0,0,0,0,0,0,0,0,0,0,0,0,0,0,0,0,0,0,0,0,0,0,0,0,0,0,0,0,0,0,0,0,0,0,0,0,0,0,0,0,0,0,0,0,0,0,0,0,0,0,0,0,0,0,0,0,0,,,,,,,,,,,,,,,,,,,,,,,,,,,,,,,,,,,,,,,,,,,,,,,,,,,,
midvale police department,1963-12-01,utah,7094,UT01801,0,0,0,0,0,0,0,0,0,0,0,0,0,0,0,0,0,0,0,1,0,0,0,15,1,1,0,0,17,0,0,17,17,0,0,0,0,0,0,0,0,0,0,0,0,0,0,0,0,0,0,0,0,0,0,0,0,0,0,0,0,0,0,0,0,0,0,0,0,0,0,0,0,0,0,0,0,0,0,0,0,0,0,0,0,0,0,0,0,0,0,0,0,0,0,0,0,0,0,0,0,0,0,0,0,0,0,0,0,0,0,0,0,0,0,0,0,0,0,0,0,0,0,,,,,,,,,,,,,,,,,,,,,,,,,,,,,,,,,,,,,,,,,,,,,,,,,,,,
midvale police department,1963-11-01,utah,7094,UT01801,0,0,0,0,0,0,0,0,0,0,0,0,0,0,0,0,0,0,0,0,0,0,0,6,0,0,0,0,6,0,0,6,6,0,0,0,0,0,0,0,0,0,0,0,0,0,0,0,0,0,0,0,0,0,0,0,0,0,0,0,0,0,0,0,0,0,0,0,0,0,0,0,0,0,0,0,0,0,0,0,0,0,0,0,0,0,0,0,0,0,0,0,0,0,0,0,0,0,0,0,0,0,0,0,0,0,0,0,0,0,0,0,0,0,0,0,0,0,0,0,0,0,0,,,,,,,,,,,,,,,,,,,,,,,,,,,,,,,,,,,,,,,,,,,,,,,,,,,,
midvale police department,1963-10-01,utah,7094,UT01801,0,0,0,0,0,0,0,0,0,0,0,0,0,0,0,0,0,0,0,0,0,0,0,6,0,0,0,0,6,0,0,6,6,0,0,0,0,0,0,0,0,0,0,0,0,0,0,0,0,0,0,0,0,0,0,0,0,0,0,0,0,0,0,0,0,0,0,0,0,0,0,0,0,0,0,0,0,0,0,0,0,0,0,0,0,0,0,0,0,0,0,0,0,0,0,0,0,0,0,0,0,0,0,0,0,0,0,0,0,0,0,0,0,0,0,0,0,0,0,0,0,0,0,,,,,,,,,,,,,,,,,,,,,,,,,,,,,,,,,,,,,,,,,,,,,,,,,,,,
midvale police department,1963-09-01,utah,7094,UT01801,0,0,0,0,0,0,0,0,0,0,0,0,0,0,0,0,0,0,0,2,0,0,0,9,2,2,0,0,13,0,0,13,13,0,0,0,0,0,0,0,0,0,0,0,0,0,0,0,0,0,0,0,0,0,0,0,0,0,0,0,0,0,0,0,0,0,0,0,0,0,0,0,0,0,0,0,0,0,0,0,0,0,0,0,0,0,0,0,0,0,0,0,0,0,0,0,0,0,0,0,0,0,0,0,0,0,0,0,0,0,0,0,0,0,0,0,0,0,0,0,0,0,0,,,,,,,,,,,,,,,,,,,,,,,,,,,,,,,,,,,,,,,,,,,,,,,,,,,,
midvale police department,1963-08-01,utah,7094,UT01801,0,0,0,0,0,0,0,0,0,0,0,0,0,0,0,0,0,0,0,1,0,0,0,4,1,1,0,0,6,0,0,6,6,0,0,0,0,0,0,0,0,0,0,0,0,0,0,0,0,0,0,0,0,0,0,0,0,0,0,0,0,0,0,0,0,0,0,0,0,0,0,0,0,0,0,0,0,0,0,0,0,0,0,0,0,0,0,0,0,0,0,0,0,0,0,0,0,0,0,0,0,0,0,0,0,0,0,0,0,0,0,0,0,0,0,0,0,0,0,0,0,0,0,,,,,,,,,,,,,,,,,,,,,,,,,,,,,,,,,,,,,,,,,,,,,,,,,,,,
midvale police department,1963-07-01,utah,7094,UT01801,0,0,0,0,0,0,0,0,0,0,0,0,0,0,0,0,0,0,0,1,0,0,0,13,1,1,0,0,15,0,0,15,15,0,0,0,0,0,0,0,0,0,0,0,0,0,0,0,0,0,0,0,0,0,0,0,0,0,0,0,0,0,0,0,0,0,0,0,0,0,0,0,0,0,0,0,0,0,0,0,0,0,0,0,0,0,0,0,0,0,0,0,0,0,0,0,0,0,0,0,0,0,0,0,0,0,0,0,0,0,0,0,0,0,0,0,0,0,0,0,0,0,0,,,,,,,,,,,,,,,,,,,,,,,,,,,,,,,,,,,,,,,,,,,,,,,,,,,,
midvale police department,1963-06-01,utah,7094,UT01801,0,0,0,0,0,0,0,0,0,0,0,0,0,0,0,0,0,0,0,2,0,0,0,15,1,1,0,0,18,0,0,18,18,0,0,0,0,0,0,0,0,0,0,0,0,0,0,0,0,0,0,0,0,0,0,0,0,0,0,0,0,0,0,0,0,0,0,0,0,0,0,0,0,0,0,0,0,0,0,0,0,0,0,0,0,0,0,0,0,0,0,0,0,0,0,0,0,0,0,0,0,0,0,0,0,0,0,0,0,0,0,0,0,0,0,0,0,0,0,0,0,0,0,,,,,,,,,,,,,,,,,,,,,,,,,,,,,,,,,,,,,,,,,,,,,,,,,,,,
midvale police department,1963-05-01,utah,7094,UT01801,0,0,0,0,0,0,0,0,0,0,0,0,0,1,0,0,0,0,0,3,0,0,0,2,2,2,0,0,8,1,1,7,8,0,0,0,0,0,0,0,0,0,0,0,0,0,0,0,0,0,0,0,0,0,0,0,0,0,0,0,0,0,0,0,0,0,0,0,0,0,0,0,0,0,0,0,0,0,0,0,0,0,0,0,0,0,0,0,0,0,0,0,0,0,0,0,0,0,0,0,0,0,0,0,0,0,0,0,0,0,0,0,0,0,0,0,0,0,0,0,0,0,0,,,,,,,,,,,,,,,,,,,,,,,,,,,,,,,,,,,,,,,,,,,,,,,,,,,,
midvale police department,1963-04-01,utah,7094,UT01801,0,0,0,0,0,0,0,0,0,0,0,0,0,0,0,0,0,0,0,3,0,0,0,10,2,2,0,0,15,0,0,15,15,0,0,0,0,0,0,0,0,0,0,0,0,0,0,0,0,0,0,0,0,0,0,0,0,0,0,0,0,0,0,0,0,0,0,0,0,0,0,0,0,0,0,0,0,0,0,0,0,0,0,0,0,0,0,0,0,0,0,0,0,0,0,0,0,0,0,0,0,0,0,0,0,0,0,0,0,0,0,0,0,0,0,0,0,0,0,0,0,0,0,,,,,,,,,,,,,,,,,,,,,,,,,,,,,,,,,,,,,,,,,,,,,,,,,,,,
midvale police department,1963-03-01,utah,7094,UT01801,0,0,0,0,0,0,0,0,0,0,0,0,0,0,0,0,0,0,0,2,0,0,0,9,1,1,0,0,12,0,0,12,12,0,0,0,0,0,0,0,0,0,0,0,0,0,0,0,0,0,0,0,0,0,0,0,0,0,0,0,0,0,0,0,0,0,0,0,0,0,0,0,0,0,0,0,0,0,0,0,0,0,0,0,0,0,0,0,0,0,0,0,0,0,0,0,0,0,0,0,0,0,0,0,0,0,0,0,0,0,0,0,0,0,0,0,0,0,0,0,0,0,0,,,,,,,,,,,,,,,,,,,,,,,,,,,,,,,,,,,,,,,,,,,,,,,,,,,,
midvale police department,1963-02-01,utah,7094,UT01801,0,0,0,0,0,0,0,0,0,0,0,0,0,0,0,0,0,0,0,0,0,0,0,8,0,0,0,0,8,0,0,8,8,0,0,0,0,0,0,0,0,0,0,0,0,0,0,0,0,0,0,0,0,0,0,0,0,0,0,0,0,0,0,0,0,0,0,0,0,0,0,0,0,0,0,0,0,0,0,0,0,0,0,0,0,0,0,0,0,0,0,0,0,0,0,0,0,0,0,0,0,0,0,0,0,0,0,0,0,0,0,0,0,0,0,0,0,0,0,0,0,0,0,,,,,,,,,,,,,,,,,,,,,,,,,,,,,,,,,,,,,,,,,,,,,,,,,,,,
midvale police department,1963-01-01,utah,7094,UT01801,0,0,0,0,0,0,0,0,0,0,0,0,0,0,0,0,0,0,0,4,0,0,0,7,0,0,0,0,11,0,0,11,11,0,0,0,0,0,0,0,0,0,0,0,0,0,0,0,0,0,0,0,0,0,0,0,0,0,0,0,0,0,0,0,0,0,0,0,0,0,0,0,0,0,0,0,0,0,0,0,0,0,0,0,0,0,0,0,0,0,0,0,0,0,0,0,0,0,0,0,0,0,0,0,0,0,0,0,0,0,0,0,0,0,0,0,0,0,0,0,0,0,0,,,,,,,,,,,,,,,,,,,,,,,,,,,,,,,,,,,,,,,,,,,,,,,,,,,,
midvale police department,1962-12-01,utah,,UT01801,,,,,,,,,,,,,,,,,,,,,,,,,,,,,,,,,,,,,,,,,,,,,,,,,,,,,,,,,,,,,,,,,,,,,,,,,,,,,,,,,,,,,,,,,,,,,,,,,,,,,,,,,,,,,,,,,,,,,,,,,,,,,,,,,,,,,,,,,,,,,,,,,,,,,,,,,,,,,,,,,,,,,,,,,,,,,,,
midvale police department,1962-11-01,utah,,UT01801,,,,,,,,,,,,,,,,,,,,,,,,,,,,,,,,,,,,,,,,,,,,,,,,,,,,,,,,,,,,,,,,,,,,,,,,,,,,,,,,,,,,,,,,,,,,,,,,,,,,,,,,,,,,,,,,,,,,,,,,,,,,,,,,,,,,,,,,,,,,,,,,,,,,,,,,,,,,,,,,,,,,,,,,,,,,,,,
midvale police department,1962-10-01,utah,,UT01801,,,,,,,,,,,,,,,,,,,,,,,,,,,,,,,,,,,,,,,,,,,,,,,,,,,,,,,,,,,,,,,,,,,,,,,,,,,,,,,,,,,,,,,,,,,,,,,,,,,,,,,,,,,,,,,,,,,,,,,,,,,,,,,,,,,,,,,,,,,,,,,,,,,,,,,,,,,,,,,,,,,,,,,,,,,,,,,
midvale police department,1962-09-01,utah,,UT01801,,,,,,,,,,,,,,,,,,,,,,,,,,,,,,,,,,,,,,,,,,,,,,,,,,,,,,,,,,,,,,,,,,,,,,,,,,,,,,,,,,,,,,,,,,,,,,,,,,,,,,,,,,,,,,,,,,,,,,,,,,,,,,,,,,,,,,,,,,,,,,,,,,,,,,,,,,,,,,,,,,,,,,,,,,,,,,,
midvale police department,1962-08-01,utah,,UT01801,,,,,,,,,,,,,,,,,,,,,,,,,,,,,,,,,,,,,,,,,,,,,,,,,,,,,,,,,,,,,,,,,,,,,,,,,,,,,,,,,,,,,,,,,,,,,,,,,,,,,,,,,,,,,,,,,,,,,,,,,,,,,,,,,,,,,,,,,,,,,,,,,,,,,,,,,,,,,,,,,,,,,,,,,,,,,,,
midvale police department,1962-07-01,utah,,UT01801,,,,,,,,,,,,,,,,,,,,,,,,,,,,,,,,,,,,,,,,,,,,,,,,,,,,,,,,,,,,,,,,,,,,,,,,,,,,,,,,,,,,,,,,,,,,,,,,,,,,,,,,,,,,,,,,,,,,,,,,,,,,,,,,,,,,,,,,,,,,,,,,,,,,,,,,,,,,,,,,,,,,,,,,,,,,,,,
midvale police department,1962-06-01,utah,,UT01801,,,,,,,,,,,,,,,,,,,,,,,,,,,,,,,,,,,,,,,,,,,,,,,,,,,,,,,,,,,,,,,,,,,,,,,,,,,,,,,,,,,,,,,,,,,,,,,,,,,,,,,,,,,,,,,,,,,,,,,,,,,,,,,,,,,,,,,,,,,,,,,,,,,,,,,,,,,,,,,,,,,,,,,,,,,,,,,
midvale police department,1962-05-01,utah,,UT01801,,,,,,,,,,,,,,,,,,,,,,,,,,,,,,,,,,,,,,,,,,,,,,,,,,,,,,,,,,,,,,,,,,,,,,,,,,,,,,,,,,,,,,,,,,,,,,,,,,,,,,,,,,,,,,,,,,,,,,,,,,,,,,,,,,,,,,,,,,,,,,,,,,,,,,,,,,,,,,,,,,,,,,,,,,,,,,,
midvale police department,1962-04-01,utah,,UT01801,,,,,,,,,,,,,,,,,,,,,,,,,,,,,,,,,,,,,,,,,,,,,,,,,,,,,,,,,,,,,,,,,,,,,,,,,,,,,,,,,,,,,,,,,,,,,,,,,,,,,,,,,,,,,,,,,,,,,,,,,,,,,,,,,,,,,,,,,,,,,,,,,,,,,,,,,,,,,,,,,,,,,,,,,,,,,,,
midvale police department,1962-03-01,utah,,UT01801,,,,,,,,,,,,,,,,,,,,,,,,,,,,,,,,,,,,,,,,,,,,,,,,,,,,,,,,,,,,,,,,,,,,,,,,,,,,,,,,,,,,,,,,,,,,,,,,,,,,,,,,,,,,,,,,,,,,,,,,,,,,,,,,,,,,,,,,,,,,,,,,,,,,,,,,,,,,,,,,,,,,,,,,,,,,,,,
midvale police department,1962-02-01,utah,,UT01801,,,,,,,,,,,,,,,,,,,,,,,,,,,,,,,,,,,,,,,,,,,,,,,,,,,,,,,,,,,,,,,,,,,,,,,,,,,,,,,,,,,,,,,,,,,,,,,,,,,,,,,,,,,,,,,,,,,,,,,,,,,,,,,,,,,,,,,,,,,,,,,,,,,,,,,,,,,,,,,,,,,,,,,,,,,,,,,
midvale police department,1962-01-01,utah,,UT01801,,,,,,,,,,,,,,,,,,,,,,,,,,,,,,,,,,,,,,,,,,,,,,,,,,,,,,,,,,,,,,,,,,,,,,,,,,,,,,,,,,,,,,,,,,,,,,,,,,,,,,,,,,,,,,,,,,,,,,,,,,,,,,,,,,,,,,,,,,,,,,,,,,,,,,,,,,,,,,,,,,,,,,,,,,,,,,,
midvale police department,1961-12-01,utah,5802,UT01801,0,0,0,0,0,0,0,0,0,0,0,0,0,0,0,0,0,0,0,1,0,0,0,7,0,0,0,0,8,0,0,8,8,0,0,0,0,0,0,0,0,0,0,0,0,0,0,0,0,0,0,0,0,0,0,0,0,0,0,0,0,0,0,0,0,0,0,0,0,0,0,0,0,0,0,0,0,0,0,0,0,0,0,0,0,0,0,0,0,0,0,0,0,0,0,0,0,0,0,0,0,0,0,0,0,0,0,0,0,0,0,0,0,0,0,0,0,0,0,0,0,0,0,,,,,,,,,,,,,,,,,,,,,,,,,,,,,,,,,,,,,,,,,,,,,,,,,,,,
midvale police department,1961-11-01,utah,5802,UT01801,0,0,0,0,0,0,0,0,0,0,0,0,0,0,0,0,0,0,0,0,0,0,0,7,0,0,0,0,7,0,0,7,7,0,0,0,0,0,0,0,0,0,0,0,0,0,0,0,0,0,0,0,0,0,0,0,0,0,0,0,0,0,0,0,0,0,0,0,0,0,0,0,0,0,0,0,0,0,0,0,0,0,0,0,0,0,0,0,0,0,0,0,0,0,0,0,0,0,0,0,0,0,0,0,0,0,0,0,0,0,0,0,0,0,0,0,0,0,0,0,0,0,0,,,,,,,,,,,,,,,,,,,,,,,,,,,,,,,,,,,,,,,,,,,,,,,,,,,,
midvale police department,1961-10-01,utah,5802,UT01801,0,0,0,0,0,0,0,0,0,0,0,0,0,0,0,0,0,0,0,0,0,0,0,2,1,1,0,0,3,0,0,3,3,0,0,0,0,0,0,0,0,0,0,0,0,0,0,0,0,0,0,0,0,0,0,0,0,0,0,0,0,0,0,0,0,0,0,0,0,0,0,0,0,0,0,0,0,0,0,0,0,0,0,0,0,0,0,0,0,0,0,0,0,0,0,0,0,0,0,0,0,0,0,0,0,0,0,0,0,0,0,0,0,0,0,0,0,0,0,0,0,0,0,,,,,,,,,,,,,,,,,,,,,,,,,,,,,,,,,,,,,,,,,,,,,,,,,,,,
midvale police department,1961-09-01,utah,5802,UT01801,0,0,0,0,0,0,0,0,0,0,0,0,0,0,0,0,0,0,0,0,0,0,0,8,1,1,0,0,9,0,0,9,9,0,0,0,0,0,0,0,0,0,0,0,0,0,0,0,0,0,0,0,0,0,0,0,0,0,0,0,0,0,0,0,0,0,0,0,0,0,0,0,0,0,0,0,0,0,0,0,0,0,0,0,0,0,0,0,0,0,0,0,0,0,0,0,0,0,0,0,0,0,0,0,0,0,0,0,0,0,0,0,0,0,0,0,0,0,0,0,0,0,0,,,,,,,,,,,,,,,,,,,,,,,,,,,,,,,,,,,,,,,,,,,,,,,,,,,,
midvale police department,1961-08-01,utah,5802,UT01801,0,0,0,0,0,0,0,0,0,0,0,0,0,0,0,0,0,0,0,0,0,0,0,5,0,0,0,0,5,0,0,5,5,0,0,0,0,0,0,0,0,0,0,0,0,0,0,0,0,0,0,0,0,0,0,0,0,0,0,0,0,0,0,0,0,0,0,0,0,0,0,0,0,0,0,0,0,0,0,0,0,0,0,0,0,0,0,0,0,0,0,0,0,0,0,0,0,0,0,0,0,0,0,0,0,0,0,0,0,0,0,0,0,0,0,0,0,0,0,0,0,0,0,,,,,,,,,,,,,,,,,,,,,,,,,,,,,,,,,,,,,,,,,,,,,,,,,,,,
midvale police department,1961-07-01,utah,5802,UT01801,0,0,0,0,0,0,0,0,0,0,0,0,0,0,0,0,0,0,0,0,0,0,0,10,2,2,0,0,12,0,0,12,12,0,0,0,0,0,0,0,0,0,0,0,0,0,0,0,0,0,0,0,0,0,0,0,0,0,0,0,0,0,0,0,0,0,0,0,0,0,0,0,0,0,0,0,0,0,0,0,0,0,0,0,0,0,0,0,0,0,0,0,0,0,0,0,0,0,0,0,0,0,0,0,0,0,0,0,0,0,0,0,0,0,0,0,0,0,0,0,0,0,0,,,,,,,,,,,,,,,,,,,,,,,,,,,,,,,,,,,,,,,,,,,,,,,,,,,,
midvale police department,1961-06-01,utah,5802,UT01801,0,0,0,0,0,0,0,0,0,0,0,0,0,0,0,0,0,0,0,0,0,0,0,5,0,0,0,0,5,0,0,5,5,0,0,0,0,0,0,0,0,0,0,0,0,0,0,0,0,0,0,0,0,0,0,0,0,0,0,0,0,0,0,0,0,0,0,0,0,0,0,0,0,0,0,0,0,0,0,0,0,0,0,0,0,0,0,0,0,0,0,0,0,0,0,0,0,0,0,0,0,0,0,0,0,0,0,0,0,0,0,0,0,0,0,0,0,0,0,0,0,0,0,,,,,,,,,,,,,,,,,,,,,,,,,,,,,,,,,,,,,,,,,,,,,,,,,,,,
midvale police department,1961-05-01,utah,5802,UT01801,0,0,0,0,0,0,0,0,0,0,0,0,0,0,0,0,0,0,0,0,0,0,0,5,1,1,0,0,6,0,0,6,6,0,0,0,0,0,0,0,0,0,0,0,0,0,0,0,0,0,0,0,0,0,0,0,0,0,0,0,0,0,0,0,0,0,0,0,0,0,0,0,0,0,0,0,0,0,0,0,0,0,0,0,0,0,0,0,0,0,0,0,0,0,0,0,0,0,0,0,0,0,0,0,0,0,0,0,0,0,0,0,0,0,0,0,0,0,0,0,0,0,0,,,,,,,,,,,,,,,,,,,,,,,,,,,,,,,,,,,,,,,,,,,,,,,,,,,,
midvale police department,1961-04-01,utah,5802,UT01801,0,0,0,0,0,0,0,0,0,0,0,0,0,0,0,0,0,0,0,1,0,0,0,3,0,0,0,0,4,0,0,4,4,0,0,0,0,0,0,0,0,0,0,0,0,0,0,0,0,0,0,0,0,0,0,0,0,0,0,0,0,0,0,0,0,0,0,0,0,0,0,0,0,0,0,0,0,0,0,0,0,0,0,0,0,0,0,0,0,0,0,0,0,0,0,0,0,0,0,0,0,0,0,0,0,0,0,0,0,0,0,0,0,0,0,0,0,0,0,0,0,0,0,,,,,,,,,,,,,,,,,,,,,,,,,,,,,,,,,,,,,,,,,,,,,,,,,,,,
midvale police department,1961-03-01,utah,5802,UT01801,0,0,0,0,0,0,0,0,0,0,0,0,0,0,0,0,0,0,0,0,0,0,0,5,0,0,0,0,5,0,0,5,5,0,0,0,0,0,0,0,0,0,0,0,0,0,0,0,0,0,0,0,0,0,0,0,0,0,0,0,0,0,0,0,0,0,0,0,0,0,0,0,0,0,0,0,0,0,0,0,0,0,0,0,0,0,0,0,0,0,0,0,0,0,0,0,0,0,0,0,0,0,0,0,0,0,0,0,0,0,0,0,0,0,0,0,0,0,0,0,0,0,0,,,,,,,,,,,,,,,,,,,,,,,,,,,,,,,,,,,,,,,,,,,,,,,,,,,,
midvale police department,1961-02-01,utah,5802,UT01801,0,0,0,0,0,0,0,0,0,0,0,0,0,0,0,0,0,0,0,1,0,0,0,4,0,0,0,0,5,0,0,5,5,0,0,0,0,0,0,0,0,0,0,0,0,0,0,0,0,0,0,0,0,0,0,0,0,0,0,0,0,0,0,0,0,0,0,0,0,0,0,0,0,0,0,0,0,0,0,0,0,0,0,0,0,0,0,0,0,0,0,0,0,0,0,0,0,0,0,0,0,0,0,0,0,0,0,0,0,0,0,0,0,0,0,0,0,0,0,0,0,0,0,,,,,,,,,,,,,,,,,,,,,,,,,,,,,,,,,,,,,,,,,,,,,,,,,,,,
midvale police department,1961-01-01,utah,5802,UT01801,0,0,0,0,0,0,0,0,0,0,0,0,0,0,0,0,0,0,0,1,0,0,0,6,0,0,0,0,7,0,0,7,7,0,0,0,0,0,0,0,0,0,0,0,0,0,0,0,0,0,0,0,0,0,0,0,0,0,0,0,0,0,0,0,0,0,0,0,0,0,0,0,0,0,0,0,0,0,0,0,0,0,0,0,0,0,0,0,0,0,0,0,0,0,0,0,0,0,0,0,0,0,0,0,0,0,0,0,0,0,0,0,0,0,0,0,0,0,0,0,0,0,0,,,,,,,,,,,,,,,,,,,,,,,,,,,,,,,,,,,,,,,,,,,,,,,,,,,,
midvale police department,1960-12-01,utah,5802,UT01801,0,0,0,0,0,0,0,0,0,0,0,0,0,0,0,0,0,0,0,2,0,0,0,5,0,0,0,0,7,0,0,7,7,0,0,0,0,0,0,0,0,0,0,0,0,0,0,0,0,0,0,0,0,0,0,0,0,0,0,0,0,0,0,0,0,0,0,0,0,0,0,0,0,0,0,0,0,0,0,0,0,0,0,0,0,0,0,0,0,0,0,0,0,0,0,0,0,0,0,0,0,0,0,0,0,0,0,0,0,0,0,0,0,0,0,0,0,0,0,0,0,0,0,,,,,,,,,,,,,,,,,,,,,,,,,,,,,,,,,,,,,,,,,,,,,,,,,,,,
midvale police department,1960-11-01,utah,5802,UT01801,0,0,0,0,0,0,0,0,0,0,0,0,0,1,0,0,0,0,0,1,0,0,0,6,1,1,0,0,9,1,1,8,9,0,0,0,0,0,0,0,0,0,0,0,0,0,0,0,0,0,0,0,0,0,0,0,0,0,0,0,0,0,0,0,0,0,0,0,0,0,0,0,0,0,0,0,0,0,0,0,0,0,0,0,0,0,0,0,0,0,0,0,0,0,0,0,0,0,0,0,0,0,0,0,0,0,0,0,0,0,0,0,0,0,0,0,0,0,0,0,0,0,0,,,,,,,,,,,,,,,,,,,,,,,,,,,,,,,,,,,,,,,,,,,,,,,,,,,,
midvale police department,1960-10-01,utah,5802,UT01801,0,0,0,0,0,0,0,0,0,0,0,0,0,0,0,0,0,0,0,0,0,0,0,4,0,0,0,0,4,0,0,4,4,0,0,0,0,0,0,0,0,0,0,0,0,0,0,0,0,0,0,0,0,0,0,0,0,0,0,0,0,0,0,0,0,0,0,0,0,0,0,0,0,0,0,0,0,0,0,0,0,0,0,0,0,0,0,0,0,0,0,0,0,0,0,0,0,0,0,0,0,0,0,0,0,0,0,0,0,0,0,0,0,0,0,0,0,0,0,0,0,0,0,,,,,,,,,,,,,,,,,,,,,,,,,,,,,,,,,,,,,,,,,,,,,,,,,,,,
midvale police department,1960-09-01,utah,5802,UT01801,0,0,0,0,0,0,0,0,0,0,0,0,0,0,0,0,0,0,0,2,0,0,0,9,0,0,0,0,11,0,0,11,11,0,0,0,0,0,0,0,0,0,0,0,0,0,0,0,0,0,0,0,0,0,0,0,0,0,0,0,0,0,0,0,0,0,0,0,0,0,0,0,0,0,0,0,0,0,0,0,0,0,0,0,0,0,0,0,0,0,0,0,0,0,0,0,0,0,0,0,0,0,0,0,0,0,0,0,0,0,0,0,0,0,0,0,0,0,0,0,0,0,0,,,,,,,,,,,,,,,,,,,,,,,,,,,,,,,,,,,,,,,,,,,,,,,,,,,,
midvale police department,1960-08-01,utah,5802,UT01801,0,0,0,0,0,0,0,0,0,0,0,0,0,0,0,0,0,0,0,3,0,0,0,6,0,0,0,0,9,0,0,9,9,0,0,0,0,0,0,0,0,0,0,0,0,0,0,0,0,0,0,0,0,0,0,0,0,0,0,0,0,0,0,0,0,0,0,0,0,0,0,0,0,0,0,0,0,0,0,0,0,0,0,0,0,0,0,0,0,0,0,0,0,0,0,0,0,0,0,0,0,0,0,0,0,0,0,0,0,0,0,0,0,0,0,0,0,0,0,0,0,0,0,,,,,,,,,,,,,,,,,,,,,,,,,,,,,,,,,,,,,,,,,,,,,,,,,,,,
midvale police department,1960-07-01,utah,5802,UT01801,0,0,0,0,0,0,0,0,0,0,0,0,0,0,0,0,0,0,0,0,0,0,0,8,1,1,0,0,9,0,0,9,9,0,0,0,0,0,0,0,0,0,0,0,0,0,0,0,0,0,0,0,0,0,0,0,0,0,0,0,0,0,0,0,0,0,0,0,0,0,0,0,0,0,0,0,0,0,0,0,0,0,0,0,0,0,0,0,0,0,0,0,0,0,0,0,0,0,0,0,0,0,0,0,0,0,0,0,0,0,0,0,0,0,0,0,0,0,0,0,0,0,0,,,,,,,,,,,,,,,,,,,,,,,,,,,,,,,,,,,,,,,,,,,,,,,,,,,,
midvale police department,1960-06-01,utah,5802,UT01801,0,0,0,0,0,0,0,0,0,0,0,0,0,1,0,0,0,0,0,1,0,0,0,6,0,0,0,0,8,1,1,7,8,0,0,0,0,0,0,0,0,0,0,0,0,0,0,0,0,0,0,0,0,0,0,0,0,0,0,0,0,0,0,0,0,0,0,0,0,0,0,0,0,0,0,0,0,0,0,0,0,0,0,0,0,0,0,0,0,0,0,0,0,0,0,0,0,0,0,0,0,0,0,0,0,0,0,0,0,0,0,0,0,0,0,0,0,0,0,0,0,0,0,,,,,,,,,,,,,,,,,,,,,,,,,,,,,,,,,,,,,,,,,,,,,,,,,,,,
midvale police department,1960-05-01,utah,5802,UT01801,0,0,0,0,0,0,0,0,0,0,0,0,0,0,0,0,0,0,0,2,0,0,0,11,0,0,0,0,13,0,0,13,13,0,0,0,0,0,0,0,0,0,0,0,0,0,0,0,0,0,0,0,0,0,0,0,0,0,0,0,0,0,0,0,0,0,0,0,0,0,0,0,0,0,0,0,0,0,0,0,0,0,0,0,0,0,0,0,0,0,0,0,0,0,0,0,0,0,0,0,0,0,0,0,0,0,0,0,0,0,0,0,0,0,0,0,0,0,0,0,0,0,0,,,,,,,,,,,,,,,,,,,,,,,,,,,,,,,,,,,,,,,,,,,,,,,,,,,,
midvale police department,1960-04-01,utah,5802,UT01801,0,0,0,0,0,0,0,0,0,0,0,0,0,0,0,0,0,0,0,1,0,0,0,10,1,1,0,0,12,0,0,12,12,0,0,0,0,0,0,0,0,0,0,0,0,0,0,0,0,0,0,0,0,0,0,0,0,0,0,0,0,0,0,0,0,0,0,0,0,0,0,0,0,0,0,0,0,0,0,0,0,0,0,0,0,0,0,0,0,0,0,0,0,0,0,0,0,0,0,0,0,0,0,0,0,0,0,0,0,0,0,0,0,0,0,0,0,0,0,0,0,0,0,,,,,,,,,,,,,,,,,,,,,,,,,,,,,,,,,,,,,,,,,,,,,,,,,,,,
midvale police department,1960-03-01,utah,5802,UT01801,0,0,0,0,0,0,0,0,0,0,0,0,0,0,0,0,0,0,0,3,0,0,0,3,0,0,0,0,6,0,0,6,6,0,0,0,0,0,0,0,0,0,0,0,0,0,0,0,0,0,0,0,0,0,0,0,0,0,0,0,0,0,0,0,0,0,0,0,0,0,0,0,0,0,0,0,0,0,0,0,0,0,0,0,0,0,0,0,0,0,0,0,0,0,0,0,0,0,0,0,0,0,0,0,0,0,0,0,0,0,0,0,0,0,0,0,0,0,0,0,0,0,0,,,,,,,,,,,,,,,,,,,,,,,,,,,,,,,,,,,,,,,,,,,,,,,,,,,,
midvale police department,1960-02-01,utah,5802,UT01801,0,0,0,0,0,0,0,0,0,0,0,0,0,0,0,0,0,0,0,1,0,0,0,3,0,0,0,0,4,0,0,4,4,0,0,0,0,0,0,0,0,0,0,0,0,0,0,0,0,0,0,0,0,0,0,0,0,0,0,0,0,0,0,0,0,0,0,0,0,0,0,0,0,0,0,0,0,0,0,0,0,0,0,0,0,0,0,0,0,0,0,0,0,0,0,0,0,0,0,0,0,0,0,0,0,0,0,0,0,0,0,0,0,0,0,0,0,0,0,0,0,0,0,,,,,,,,,,,,,,,,,,,,,,,,,,,,,,,,,,,,,,,,,,,,,,,,,,,,
midvale police department,1960-01-01,utah,5802,UT01801,0,0,0,0,0,0,0,0,0,0,0,0,0,0,0,0,0,0,0,1,0,0,0,5,1,1,0,0,7,0,0,7,7,0,0,0,0,0,0,0,0,0,0,0,0,0,0,0,0,0,0,0,0,0,0,0,0,0,0,0,0,0,0,0,0,0,0,0,0,0,0,0,0,0,0,0,0,0,0,0,0,0,0,0,0,0,0,0,0,0,0,0,0,0,0,0,0,0,0,0,0,0,0,0,0,0,0,0,0,0,0,0,0,0,0,0,0,0,0,0,0,0,0,,,,,,,,,,,,,,,,,,,,,,,,,,,,,,,,,,,,,,,,,,,,,,,,,,,,
